58
Gfas_gfas1.m1.14743.m1                                  0.0000000 6.1626294 6.4542154 8.0575097 9.0000000 7.9911406 5.6666908 1.3151284 0.5664839 0.0000010 0.5208190 0.9583008 1.8535735 1.7536056 0.0000010 4.3769462 3.2542221 3.4115320 3.7494241 3.1959395 4.3971087 2.0708082 2.8611423 2.7155821 0.6685264 2.7509925 2.7509925 2.3983369 1.4641142 1.4695360 1.5558033 2.4135678 2.0937441 2.2727778 1.9273446 2.7803531 2.7602750 3.2048837 3.5467062 3.5223033 3.1134366 3.6285247 3.5694913 2.9992741 3.3353266 2.3634637 0.0000010 3.0582951 3.2448209 5.5652648 4.3400882 4.3558676 4.0861003 3.5705027 4.2872907 4.3935569 7.5346203 5.7195764 
Drygla_Dgla_sb296117                                    6.1626294 0.0000000 4.8154251 5.1593783 5.4910443 5.6135256 4.2993349 3.9290942 4.1151378 4.3719217 4.1012684 4.6028356 4.4639013 4.5094809 3.4938957 5.1965416 4.4732251 4.6891054 4.1457481 4.3814693 4.9507149 3.8413862 3.4492670 4.9824948 4.8464068 5.2864808 5.2864808 5.3964786 4.8675593 3.9235964 4.5746953 3.9517901 4.9446426 4.2788447 4.3569218 5.0060649 5.3217543 4.5491722 6.2427853 6.0933259 5.6963837 5.1956584 5.2448692 5.3089424 5.3320090 4.2631030 4.7707190 4.0606599 3.8912934 4.4859720 4.3950922 5.6882766 4.9062634 6.1569518 4.4067192 3.2486904 2.8441011 2.6409397 
Lcom_lcpid74539                                         6.4542154 4.8154251 0.0000000 1.0982486 1.0636954 1.1486150 1.8488942 2.9425725 2.7414194 2.7240629 3.2059108 3.2305150 3.0868427 3.0430320 3.8531018 3.0506587 3.0283126 2.9962659 3.5122511 3.8115600 3.7050622 3.0956661 2.7745787 3.1629907 2.6696188 3.3296220 3.3296220 3.2788686 2.8221115 2.6935498 3.2964177 3.0972912 3.4701283 3.2529115 3.2700252 2.9751882 3.3289638 2.6624824 3.5297696 3.5293572 3.8711467 3.3214152 3.2723917 2.9791213 3.2281551 2.8865530 3.2120614 3.1313863 3.4348499 3.5487205 4.1810399 3.4782663 4.1777615 3.8443314 3.5837364 4.9079648 5.2164592 4.4470449 
Gracom_Gcom_scaffold18102_01                            8.0575097 5.1593783 1.0982486 0.0000000 0.4778521 0.5902442 1.7489819 3.1988564 2.8067565 3.1385165 3.1300661 3.2722051 3.4132459 3.3353542 3.1980541 3.4907283 3.2975917 3.4695413 3.8959589 3.9055996 3.5725160 3.6788752 3.3382253 3.1369001 2.5924392 3.2984336 3.2688241 3.2084363 2.6640836 3.0253092 3.5581953 3.2257909 3.8205484 3.3800712 3.6277906 3.2450171 3.6350925 3.2824826 3.7707303 3.7507731 4.0666309 3.5079792 3.5111756 3.2953855 3.5624575 3.6073101 3.8960235 3.6955646 3.9579667 4.3241533 4.3532220 4.0261058 4.0080553 4.2217663 3.7057366 4.6417024 5.6355807 4.1260315 
Scil_scict020947.1                                      9.0000000 5.4910443 1.0636954 0.4778521 0.0000000 0.5272718 1.9686458 3.2742449 2.8901973 2.9677139 3.3111975 3.4868716 3.7538588 3.7247877 3.7756306 3.4437707 3.3731154 3.4604901 4.0947274 3.5396303 3.3881387 3.7506987 3.3490065 2.9039153 2.5574717 2.9988787 2.9758166 3.2163063 2.6812929 2.6082198 3.4854088 3.1323348 3.4702841 3.5516232 3.5757833 3.1407838 3.7872366 2.8621859 3.6031791 3.5799891 3.8925130 3.2864708 3.2772227 3.2107632 3.3326787 3.5762155 3.8287183 3.5795175 3.8815713 3.6659965 4.3297557 3.7245639 4.0067061 3.9045273 3.7630120 4.0949514 5.6666276 4.2443495 
Leuniv_Lniv_scaffold22888_01                            7.9911406 5.6135256 1.1486150 0.5902442 0.5272718 0.0000000 2.0173062 3.2396167 2.7748254 3.1786583 3.3069095 3.2114694 3.7353647 3.5150371 4.5057293 3.4721419 3.4263645 3.3821271 3.9765843 3.6458593 3.2682120 3.5245474 3.2012068 3.1085767 2.6871597 3.2931117 3.2630528 3.4713232 2.9423938 3.1245053 3.5641329 3.1116689 3.3603828 3.2273250 3.5625251 2.9154320 3.7523113 3.1621489 3.4809795 3.4059846 3.7712053 3.4939270 3.4711727 3.3463795 3.3900394 3.2927385 3.3052133 3.2680438 4.2268410 3.7935264 3.7849491 3.5521929 3.8892946 3.5779845 3.6091902 4.5797795 5.7702809 3.9065410 
Clacor_Ccor_scaffold10076_01                            5.6666908 4.2993349 1.8488942 1.7489819 1.9686458 2.0173062 0.0000000 2.6912697 2.0736118 2.1168567 2.3517103 2.6942071 2.9359088 2.7802236 2.5606670 2.8482466 2.7354615 2.6600698 2.7316709 2.4506792 2.4640795 2.6939472 2.5005305 2.5062957 1.8229690 2.6057472 2.6057472 2.7339721 2.1414438 2.3462520 2.7211176 2.5102901 2.7952819 3.0345161 2.7985391 2.9394254 3.4490179 2.2424595 3.0436924 2.8021522 3.4211445 2.5781123 2.5984771 2.3922738 2.6808966 2.5305405 2.1002312 2.6263704 2.5189922 3.0929026 3.0307129 2.5866702 3.2003784 3.1770296 2.4219104 4.2098569 5.3274578 4.7157794 
Fspp_ffun1.m4.7693.m1                                   1.3151284 3.9290942 2.9425725 3.1988564 3.2742449 3.2396167 2.6912697 0.0000000 0.2648315 0.5224959 0.4886606 0.5590155 0.5797280 0.5686420 1.0874950 1.7993637 1.8203137 1.5450467 1.6614517 1.9582277 1.6173287 1.1207954 1.0428071 1.6043366 1.3278102 1.6061685 1.6066000 1.6039628 1.2394803 1.2256230 1.3654997 1.5619587 1.4599312 1.2105787 1.2984164 1.4236017 1.7747066 1.5165130 1.6995325 1.6756092 1.8113509 1.6973285 1.6925227 1.5763119 1.7849296 1.7388438 1.6985702 1.8574083 2.1557553 2.2113225 2.5044885 1.9054337 2.1032677 2.6150978 1.4357448 3.0387744 4.1552177 4.1809491 
Gasp_gasp1.m3.29620.m1                                  0.5664839 4.1151378 2.7414194 2.8067565 2.8901973 2.7748254 2.0736118 0.2648315 0.0000000 0.6098315 0.4859181 0.5164991 0.4388266 0.4257892 0.9367654 1.5247078 1.6765058 1.3729323 1.3110101 1.6787524 1.3815782 0.9772725 0.9033123 1.3246243 1.3543041 1.3308635 1.3310345 1.3246955 1.0630620 1.0552028 1.2133345 1.3691784 1.3410785 0.9781812 1.1378018 1.1514004 1.1771090 1.3456621 1.3276412 1.4322235 1.5577802 1.3504173 1.3288604 1.4011650 1.4011650 1.7466646 1.8016171 1.5979111 1.9190416 2.1076357 2.2282864 1.6007241 1.9648005 2.4753530 1.6676207 2.8836222 3.8244907 3.9848880 
Gfas_gfas1.m1.19385.m1                                  0.0000010 4.3719217 2.7240629 3.1385165 2.9677139 3.1786583 2.1168567 0.5224959 0.6098315 0.0000000 0.2654260 0.2937665 0.5597880 0.6303552 0.9214878 2.1865138 2.0831705 1.4251843 1.4762653 2.0230214 1.6472301 1.1762033 1.0138178 1.5289979 1.3788038 1.6788660 1.6662384 1.6669350 1.3221750 1.5840465 1.6969274 1.7801840 1.6261358 1.2693416 1.4835838 1.2492373 1.8153064 1.4454521 1.6302513 1.7269318 1.6896601 1.7163235 1.6785049 1.9029370 1.9029370 2.1592298 1.6103337 1.9664777 2.1907052 2.3997866 2.3141926 1.5961997 1.9347562 3.0888799 1.6567012 3.3781416 4.4865827 5.6157762 
Adig_XM_015902931.1                                     0.5208190 4.1012684 3.2059108 3.1300661 3.3111975 3.3069095 2.3517103 0.4886606 0.4859181 0.2654260 0.0000000 0.0366169 0.6998859 0.6588808 1.2013707 1.8009744 1.8274347 1.5867534 1.5865017 1.8453765 1.6266073 1.2001324 1.0672260 1.5460295 1.2494396 1.5276696 1.5143599 1.3729933 1.1842002 1.2034812 1.3840364 1.4669252 1.5036315 1.1928149 1.2806805 1.3873264 1.6628425 1.4364106 1.4346538 1.5688967 1.6685634 1.6580742 1.6529818 1.7503953 1.8322164 1.6640462 1.6249157 1.7343158 1.9793774 2.1408740 2.3043547 1.8017977 2.0457946 2.6873929 1.7115985 3.4677859 4.2958286 4.5140135 
Amil_Amillepora24516-RA                                 0.9583008 4.6028356 3.2305150 3.2722051 3.4868716 3.2114694 2.6942071 0.5590155 0.5164991 0.2937665 0.0366169 0.0000000 0.7681219 0.7268992 1.1405022 2.1566118 2.1501477 1.8633929 1.9042861 2.1494668 1.8302973 1.2681116 1.1365132 1.7330907 1.2798191 1.7645362 1.7473627 1.5656015 1.2327393 1.2444012 1.5555223 1.6735568 1.6503458 1.2580354 1.4422687 1.6731073 2.2296567 1.5598172 1.7644679 1.8585701 1.9151242 1.8740311 1.8674570 1.9767584 2.0918861 1.8736998 1.6750107 1.9953006 2.2249675 2.4455342 2.5517456 2.1765362 2.2360168 2.8683332 1.7587517 3.6798749 4.8385084 5.2058369 
Spis_XP_022793485_1                                     1.8535735 4.4639013 3.0868427 3.4132459 3.7538588 3.7353647 2.9359088 0.5797280 0.4388266 0.5597880 0.6998859 0.7681219 0.0000000 0.2537675 1.1179757 1.9183300 1.8938015 1.6548740 1.6615435 1.9269443 1.7489250 1.3515270 1.2104640 1.9123785 1.4180014 1.8046086 1.8161302 1.7691795 1.3315967 1.2630980 1.5374872 1.6636291 1.6639630 1.4377980 1.5611237 1.6689920 1.9183216 1.6129363 1.8771550 1.8973094 1.8766514 1.8674053 1.8202504 1.7500820 1.9263783 1.9422531 2.0056658 1.8987940 2.2503322 2.3704458 2.4872801 1.8999914 2.1747287 3.2058673 1.4434276 3.3853953 4.6200156 4.7081313 
Pocdam_XM_027190642.1                                   1.7536056 4.5094809 3.0430320 3.3353542 3.7247877 3.5150371 2.7802236 0.5686420 0.4257892 0.6303552 0.6588808 0.7268992 0.2537675 0.0000000 1.1877264 1.8804179 1.8583455 1.7076772 1.7810660 1.8992167 1.8132289 1.1869140 1.1368856 1.8861530 1.4498686 1.8474963 1.8592361 1.7482546 1.3275915 1.3880912 1.5105613 1.5834379 1.7210915 1.4118606 1.5057959 1.6783055 1.9322549 1.7107008 1.8520651 1.9022295 1.9283014 1.8844262 1.8409342 1.7450596 1.9195426 1.9777794 2.0875874 1.8786529 2.3213877 2.4560078 2.5523213 1.9371111 2.0835584 3.0350871 1.6186493 3.4437572 4.5823178 4.4734908 
Aaur_scaffold6504.g1.t1                                 0.0000010 3.4938957 3.8531018 3.1980541 3.7756306 4.5057293 2.5606670 1.0874950 0.9367654 0.9214878 1.2013707 1.1405022 1.1179757 1.1877264 0.0000000 0.4339060 0.4658827 0.4656891 0.6775173 0.6599292 1.0650173 1.2203444 1.1399113 1.5200910 1.3301721 1.6419289 1.6419289 1.5492013 1.5492013 1.9942338 2.2149762 1.8918712 1.7686063 0.9847109 1.3349868 1.0522473 1.0522473 1.5486616 1.6837447 1.7522818 1.8275490 1.7802877 1.7802877 1.7719067 1.7719067 2.1948939 0.0000010 2.5875538 2.0257100 3.1267862 3.3776887 1.6319333 1.9760317 3.0463087 3.1853464 4.1292394 3.8472210 4.8864803 
Nemnom_g4519.t1                                         4.3769462 5.1965416 3.0506587 3.4907283 3.4437707 3.4721419 2.8482466 1.7993637 1.5247078 2.1865138 1.8009744 2.1566118 1.9183300 1.8804179 0.4339060 0.0000000 0.3919482 0.8795405 1.2273982 1.5849116 1.5555526 1.7054276 1.8265317 2.0960758 1.7016666 2.1837906 2.1900233 2.0204703 1.4559990 1.8421952 1.8388339 2.0136085 1.9795427 1.4899467 1.6238667 1.5295321 1.6909780 1.7492004 1.9032545 1.9622552 1.9952967 1.7603899 1.7229503 1.7166056 1.7659322 2.2299815 2.4613456 2.3028464 2.0880523 2.5282522 2.7818559 2.1007250 2.0916590 3.2432105 2.0484813 3.6323415 5.4572451 3.8774119 
Rhoesc_Res_009802-T1                                    3.2542221 4.4732251 3.0283126 3.2975917 3.3731154 3.4263645 2.7354615 1.8203137 1.6765058 2.0831705 1.8274347 2.1501477 1.8938015 1.8583455 0.4658827 0.3919482 0.0000000 0.9259029 1.2808245 1.5058343 1.5613833 1.7195016 1.7584667 2.0907692 1.6405005 2.1941207 2.2003777 1.9816747 1.4710701 1.8665108 1.8347235 1.9701989 1.9728194 1.4467142 1.6179092 1.5099567 1.6647466 1.6382882 1.9555726 1.9587660 1.9413185 1.8195601 1.7985699 1.8147649 1.8248516 2.1492234 2.3135459 2.2826776 2.1597611 2.4274822 2.7363164 2.2047192 2.2006244 3.1929656 2.1108324 4.1272912 5.2921570 3.8691207 
Sanmal_Sma_020771-T1                                    3.4115320 4.6891054 2.9962659 3.4695413 3.4604901 3.3821271 2.6600698 1.5450467 1.3729323 1.4251843 1.5867534 1.8633929 1.6548740 1.7076772 0.4656891 0.8795405 0.9259029 0.0000000 1.2630713 1.4100638 1.3981329 1.6893214 1.6201182 1.9637237 1.5692138 2.0990136 2.1048992 2.0185111 1.3893459 1.8224306 1.8061924 1.9809410 1.8687644 1.3154181 1.5251589 1.5071831 1.7147809 1.7241997 1.9192791 2.0923636 1.8077994 1.8600452 1.8753563 1.8582289 1.8891321 2.1358641 2.2494506 2.1197560 2.0526158 2.3277818 2.7461642 1.9015847 1.9682376 3.6208174 2.0717052 3.5331374 4.8181897 4.5630057 
Chem_TCONS_00016314                                     3.7494241 4.1457481 3.5122511 3.8959589 4.0947274 3.9765843 2.7316709 1.6614517 1.3110101 1.4762653 1.5865017 1.9042861 1.6615435 1.7810660 0.6775173 1.2273982 1.2808245 1.2630713 0.0000000 1.0571154 1.7202446 1.8808023 1.6208611 1.8707080 1.5156099 1.9854641 1.9854641 1.8205686 1.5569878 1.7809059 1.8333209 1.9531276 1.8281716 1.6486305 1.6772535 1.5927418 1.7845183 1.6792582 2.1345139 2.0251640 2.0137756 1.7706639 1.7649591 1.5769068 1.6625634 2.2876462 2.1745588 2.3678141 2.3293244 2.4183594 3.0404864 2.2407736 2.4056057 3.2941338 2.0511589 3.5830329 4.3902958 4.3858067 
Hvul_g31927_1                                           3.1959395 4.3814693 3.8115600 3.9055996 3.5396303 3.6458593 2.4506792 1.9582277 1.6787524 2.0230214 1.8453765 2.1494668 1.9269443 1.8992167 0.6599292 1.5849116 1.5058343 1.4100638 1.0571154 0.0000000 1.6005089 1.6229149 1.8596923 2.0211422 1.7034882 1.9655937 1.9707769 1.8966867 1.5026489 1.7868043 1.8934109 2.1651108 1.8808840 1.7067702 2.0011014 1.9587413 2.0727696 2.1087741 1.9735358 2.0374100 2.1946743 2.1154907 2.0923751 2.0830920 2.0482019 2.1223070 2.8623177 2.4128844 2.2735266 2.5096859 2.8190835 2.1233180 2.3409443 3.0104562 2.4986799 3.6226140 4.7104290 4.6333016 
Morvir_scaffold16.g24.t1                                4.3971087 4.9507149 3.7050622 3.5725160 3.3881387 3.2682120 2.4640795 1.6173287 1.3815782 1.6472301 1.6266073 1.8302973 1.7489250 1.8132289 1.0650173 1.5555526 1.5613833 1.3981329 1.7202446 1.6005089 0.0000000 1.7894187 1.7121590 1.8063045 1.5302453 2.0305996 2.0315028 2.1306367 1.5641949 1.7379772 1.8875078 1.8640420 1.7924197 1.5603731 1.5616631 1.6355780 1.9877716 1.7350711 1.8392640 1.9354391 2.1392449 1.8893463 1.8584672 1.9238477 1.9981401 2.0329418 1.6906314 2.1536673 2.1099397 2.2445111 2.6356055 1.8439834 2.2844595 3.1996606 1.9556145 3.6743900 4.5594715 4.5170329 
Exapal_XM_021042767.2                                   2.0708082 3.8413862 3.0956661 3.6788752 3.7506987 3.5245474 2.6939472 1.1207954 0.9772725 1.1762033 1.2001324 1.2681116 1.3515270 1.1869140 1.2203444 1.7054276 1.7195016 1.6893214 1.8808023 1.6229149 1.7894187 0.0000000 0.7866808 2.0201648 1.6401140 2.0539783 2.0595430 1.8246051 1.5155982 1.7510006 1.7163377 1.8531495 1.7499924 1.5016314 1.4465565 1.7466775 2.0774050 1.6673680 1.7197071 1.8315532 2.0589953 1.8782692 1.8380025 1.7144869 1.7981098 2.0448570 2.1410219 2.0490259 2.3032882 2.3663964 2.5136291 1.9881943 2.1055050 3.2497124 1.5956268 3.6154294 4.4885785 4.2318923 
Nvec_v1g100982                                          2.8611423 3.4492670 2.7745787 3.3382253 3.3490065 3.2012068 2.5005305 1.0428071 0.9033123 1.0138178 1.0672260 1.1365132 1.2104640 1.1368856 1.1399113 1.8265317 1.7584667 1.6201182 1.6208611 1.8596923 1.7121590 0.7866808 0.0000000 1.6518364 1.4293749 1.7567920 1.7613196 1.6439175 1.2285678 1.4024540 1.5636318 1.6383599 1.7958410 1.3743640 1.5865505 1.5564926 1.8295668 1.4341364 1.6130584 1.7586705 1.9533640 1.6803000 1.6807279 1.6508122 1.7309543 1.8269821 1.8244289 1.7632023 1.9814705 2.3252810 2.4782976 1.9961031 2.2743872 2.8242346 1.7971624 3.3681378 4.2815458 3.7256017 
HoiH23_PlH23_009488-RA                                  2.7155821 4.9824948 3.1629907 3.1369001 2.9039153 3.1085767 2.5062957 1.6043366 1.3246243 1.5289979 1.5460295 1.7330907 1.9123785 1.8861530 1.5200910 2.0960758 2.0907692 1.9637237 1.8707080 2.0211422 1.8063045 2.0201648 1.6518364 0.0000000 0.1573500 0.2981155 0.2937187 0.6449582 0.4240965 1.1403154 1.8869633 1.7542276 1.8035141 1.6690289 1.8616022 1.7206250 1.7186621 1.8205273 1.8116423 1.9080746 2.0750063 1.8501336 1.8005157 1.6685447 1.8405617 2.0778913 2.7281461 2.0827197 2.3347788 2.4223587 2.5826290 2.0121389 2.3425298 3.2254208 2.0893807 3.2807957 4.7415443 3.6922637 
HoiH06_mRNA219                                          0.6685264 4.8464068 2.6696188 2.5924392 2.5574717 2.6871597 1.8229690 1.3278102 1.3543041 1.3788038 1.2494396 1.2798191 1.4180014 1.4498686 1.3301721 1.7016666 1.6405005 1.5692138 1.5156099 1.7034882 1.5302453 1.6401140 1.4293749 0.1573500 0.0000000 0.3638778 0.3589809 0.5746873 0.4106409 1.0426047 1.5477564 1.4961613 1.5465174 1.3673877 1.6539070 1.4725213 1.4156267 1.4739744 1.3537376 1.5764593 1.7749696 1.4384452 1.3908514 1.4235484 1.4235484 1.7177682 2.6729701 1.7864383 2.0668208 2.0834289 2.2576246 1.7121541 2.0861177 2.8689764 1.9837848 3.2857859 4.7295823 4.0290665 
Hhon_g00321.t1                                          2.7509925 5.2864808 3.3296220 3.2984336 2.9988787 3.2931117 2.6057472 1.6061685 1.3308635 1.6788660 1.5276696 1.7645362 1.8046086 1.8474963 1.6419289 2.1837906 2.1941207 2.0990136 1.9854641 1.9655937 2.0305996 2.0539783 1.7567920 0.2981155 0.3638778 0.0000000 0.0030426 0.6523997 0.4100869 1.1776158 1.8330199 1.7322489 1.7721892 1.6986774 1.8633057 1.7718330 1.7688006 1.7776888 1.7074110 1.8023473 2.2249198 1.7608132 1.7311547 1.6441314 1.7872054 2.0548817 2.8002026 2.1203270 2.3528371 2.6805182 2.7449207 2.0035276 2.4131479 3.3364140 2.1236207 3.5291250 4.8067118 3.5029336 
HoiH04_mRNA9978                                         2.7509925 5.2864808 3.3296220 3.2688241 2.9758166 3.2630528 2.6057472 1.6066000 1.3310345 1.6662384 1.5143599 1.7473627 1.8161302 1.8592361 1.6419289 2.1900233 2.2003777 2.1048992 1.9854641 1.9707769 2.0315028 2.0595430 1.7613196 0.2937187 0.3589809 0.0030426 0.0000000 0.6523997 0.4100869 1.1776158 1.8336991 1.7450513 1.7580810 1.6986774 1.8702106 1.7724700 1.7688006 1.7776888 1.7074110 1.8144131 2.2060987 1.7608132 1.7311547 1.6441314 1.7872054 2.0604513 2.8045591 2.1213919 2.3541203 2.6722519 2.7631043 2.0193243 2.4131479 3.3390883 2.1369039 3.5291250 4.8473065 3.5029336 
TrH2_TrispH2_009604-RA                                  2.3983369 5.3964786 3.2788686 3.2084363 3.2163063 3.4713232 2.7339721 1.6039628 1.3246955 1.6669350 1.3729933 1.5656015 1.7691795 1.7482546 1.5492013 2.0204703 1.9816747 2.0185111 1.8205686 1.8966867 2.1306367 1.8246051 1.6439175 0.6449582 0.5746873 0.6523997 0.6523997 0.0000000 0.0000010 1.0372771 1.6905662 1.7219506 1.7371797 1.5127969 1.8103492 1.7300824 1.7183569 1.7208411 1.6089199 1.6428182 1.9829010 1.7800962 1.7668790 1.6098736 1.7452658 2.0400805 2.2290197 1.9754095 2.3455004 2.3700964 2.4335182 2.2412729 2.4706614 2.8351047 2.0491812 3.4886379 5.0965624 3.9357534 
Tadh_TriadT15952                                        1.4641142 4.8675593 2.8221115 2.6640836 2.6812929 2.9423938 2.1414438 1.2394803 1.0630620 1.3221750 1.1842002 1.2327393 1.3315967 1.3275915 1.5492013 1.4559990 1.4710701 1.3893459 1.5569878 1.5026489 1.5641949 1.5155982 1.2285678 0.4240965 0.4106409 0.4100869 0.4100869 0.0000010 0.0000000 1.0434738 1.3942677 1.3584377 1.2481688 1.2158856 1.3139706 1.4598015 1.4490187 1.3265711 1.2468030 1.2510523 1.6198253 1.3456798 1.3414719 1.3169852 1.3169852 1.5954058 1.7878748 1.5489355 1.7741256 1.8031183 1.9365124 1.8430614 2.1118854 2.2034285 1.6494314 3.4389852 4.5024919 4.1409792 
Skow_XM_002731098.2                                     1.4695360 3.9235964 2.6935498 3.0253092 2.6082198 3.1245053 2.3462520 1.2256230 1.0552028 1.5840465 1.2034812 1.2444012 1.2630980 1.3880912 1.9942338 1.8421952 1.8665108 1.8224306 1.7809059 1.7868043 1.7379772 1.7510006 1.4024540 1.1403154 1.0426047 1.1776158 1.1776158 1.0372771 1.0434738 0.0000000 0.9857522 1.0849976 0.9739554 1.3400775 1.4122796 1.4457095 1.2979264 1.4219100 1.4487935 1.4174279 1.9704111 1.6513129 1.6514083 1.7232308 1.7232308 1.3160326 3.6582444 1.5265637 1.6654830 1.7220310 1.9403831 1.9857274 2.3613434 1.9958846 4.4722185 2.8628915 4.0019103 4.3137243 
Spur_XM_030986533.1                                     1.5558033 4.5746953 3.2964177 3.5581953 3.4854088 3.5641329 2.7211176 1.3654997 1.2133345 1.6969274 1.3840364 1.5555223 1.5374872 1.5105613 2.2149762 1.8388339 1.8347235 1.8061924 1.8333209 1.8934109 1.8875078 1.7163377 1.5636318 1.8869633 1.5477564 1.8330199 1.8336991 1.6905662 1.3942677 0.9857522 0.0000000 1.3035129 1.2313548 1.5186331 1.7543687 1.6650239 1.9016573 1.5880377 1.8686287 1.9490302 1.8967297 1.8327276 1.7972611 1.6150492 1.7802770 1.6441704 1.2086529 1.4985506 1.7100995 2.2539666 2.0084760 2.1420188 2.4399326 2.8141660 1.9578264 3.4014082 4.8370453 5.2122340 
Bralan_BLAG11000151_1                                   2.4135678 3.9517901 3.0972912 3.2257909 3.1323348 3.1116689 2.5102901 1.5619587 1.3691784 1.7801840 1.4669252 1.6735568 1.6636291 1.5834379 1.8918712 2.0136085 1.9701989 1.9809410 1.9531276 2.1651108 1.8640420 1.8531495 1.6383599 1.7542276 1.4961613 1.7322489 1.7450513 1.7219506 1.3584377 1.0849976 1.3035129 0.0000000 1.1536676 1.6787364 1.8035842 1.6587028 1.9612432 1.5852283 1.4788699 1.7059432 1.8497330 1.6791722 1.6584197 1.5915315 1.7104145 1.7247754 1.5813447 1.7666157 2.0335700 2.1690042 2.0159649 1.7750657 2.0308858 2.4634700 2.4578192 3.0889497 4.1881000 3.7743487 
Hsap_ENST00000495075                                    2.0937441 4.9446426 3.4701283 3.8205484 3.4702841 3.3603828 2.7952819 1.4599312 1.3410785 1.6261358 1.5036315 1.6503458 1.6639630 1.7210915 1.7686063 1.9795427 1.9728194 1.8687644 1.8281716 1.8808840 1.7924197 1.7499924 1.7958410 1.8035141 1.5465174 1.7721892 1.7580810 1.7371797 1.2481688 0.9739554 1.2313548 1.1536676 0.0000000 1.5609232 1.6377102 1.4801093 1.6683943 1.4515423 1.4021938 1.5307548 1.8483255 1.7227126 1.7251713 1.6065378 1.6909168 1.6403633 1.6900053 1.5733722 1.8360265 1.9140142 2.1573568 1.9256511 2.1974675 2.8390203 2.0602297 3.5130820 4.5083372 4.1409520 
Xesp_012678-T1                                          2.2727778 4.2788447 3.2529115 3.3800712 3.5516232 3.2273250 3.0345161 1.2105787 0.9781812 1.2693416 1.1928149 1.2580354 1.4377980 1.4118606 0.9847109 1.4899467 1.4467142 1.3154181 1.6486305 1.7067702 1.5603731 1.5016314 1.3743640 1.6690289 1.3673877 1.6986774 1.6986774 1.5127969 1.2158856 1.3400775 1.5186331 1.6787364 1.5609232 0.0000000 0.5216441 1.6001707 1.6994329 1.7048368 1.8013164 1.8037016 1.9754527 2.0427673 2.0361192 1.9057792 1.9736448 1.9089062 1.8629354 1.9277404 2.1206858 2.2976577 2.5935325 2.1287216 2.1246828 2.8361543 1.9237676 3.2292514 4.7650049 3.5264122 
Dgig_XM_028538480.1                                     1.9273446 4.3569218 3.2700252 3.6277906 3.5757833 3.5625251 2.7985391 1.2984164 1.1378018 1.4835838 1.2806805 1.4422687 1.5611237 1.5057959 1.3349868 1.6238667 1.6179092 1.5251589 1.6772535 2.0011014 1.5616631 1.4465565 1.5865505 1.8616022 1.6539070 1.8633057 1.8702106 1.8103492 1.3139706 1.4122796 1.7543687 1.8035842 1.6377102 0.5216441 0.0000000 1.5769565 1.7635623 1.5813611 1.7642969 1.8192563 1.9848003 1.9806324 1.9707402 1.8985846 1.9744742 1.8656802 1.9546940 1.9624605 2.3094019 2.2132452 2.5711020 2.0250194 2.2849050 3.1360056 1.8675255 3.6367606 4.6665289 3.5662200 
Opea_EP00118_Oscarella_pearsei_P006177                  2.7803531 5.0060649 2.9751882 3.2450171 3.1407838 2.9154320 2.9394254 1.4236017 1.1514004 1.2492373 1.3873264 1.6731073 1.6689920 1.6783055 1.0522473 1.5295321 1.5099567 1.5071831 1.5927418 1.9587413 1.6355780 1.7466775 1.5564926 1.7206250 1.4725213 1.7718330 1.7724700 1.7300824 1.4598015 1.4457095 1.6650239 1.6587028 1.4801093 1.6001707 1.5769565 0.0000000 0.0719406 1.0743420 1.5334433 1.5013447 1.6569129 1.4779765 1.4950943 1.2592873 1.3998348 2.0422139 1.3884880 1.6261316 1.8811546 2.1280150 2.0348315 1.8916861 1.8899703 2.8440272 1.4584143 3.8886799 5.0959541 4.1465090 
Opea_EP00118_Oscarella_pearsei_P006178                  2.7602750 5.3217543 3.3289638 3.6350925 3.7872366 3.7523113 3.4490179 1.7747066 1.1771090 1.8153064 1.6628425 2.2296567 1.9183216 1.9322549 1.0522473 1.6909780 1.6647466 1.7147809 1.7845183 2.0727696 1.9877716 2.0774050 1.8295668 1.7186621 1.4156267 1.7688006 1.7688006 1.7183569 1.4490187 1.2979264 1.9016573 1.9612432 1.6683943 1.6994329 1.7635623 0.0719406 0.0000000 1.1917040 1.6018887 1.7246753 1.8394510 1.8635824 1.8556814 1.4305283 1.6412450 2.2738515 6.2306728 1.7076697 2.2695106 2.2720896 2.6585124 1.9984692 2.1887387 2.8527849 3.8145674 4.5183508 6.3816479 4.5812302 
Plajan_Pjan_C550393_01                                  3.2048837 4.5491722 2.6624824 3.2824826 2.8621859 3.1621489 2.2424595 1.5165130 1.3456621 1.4454521 1.4364106 1.5598172 1.6129363 1.7107008 1.5486616 1.7492004 1.6382882 1.7241997 1.6792582 2.1087741 1.7350711 1.6673680 1.4341364 1.8205273 1.4739744 1.7776888 1.7776888 1.7208411 1.3265711 1.4219100 1.5880377 1.5852283 1.4515423 1.7048368 1.5813611 1.0743420 1.1917040 0.0000000 1.4897865 1.5694558 1.7110938 1.6310836 1.6261393 1.4367663 1.5955109 1.9926365 1.7324550 1.7599079 1.9451664 2.0261205 2.3038602 1.5864691 2.0169152 2.7815045 1.6747798 3.6297176 5.1167447 5.2771350 
Stycar_maker-SC_scaffold146935-snap-gene-0.25-mRNA-1    3.5467062 6.2427853 3.5297696 3.7707303 3.6031791 3.4809795 3.0436924 1.6995325 1.3276412 1.6302513 1.4346538 1.7644679 1.8771550 1.8520651 1.6837447 1.9032545 1.9555726 1.9192791 2.1345139 1.9735358 1.8392640 1.7197071 1.6130584 1.8116423 1.3537376 1.7074110 1.7074110 1.6089199 1.2468030 1.4487935 1.8686287 1.4788699 1.4021938 1.8013164 1.7642969 1.5334433 1.6018887 1.4897865 0.0000000 0.0264461 1.0853455 1.1134912 1.1101749 0.9972300 1.1561837 1.9232376 2.1875215 1.7686298 2.2760512 2.1947860 2.5236817 1.6582215 2.0107086 2.7163493 1.4384132 3.7309951 5.5051792 4.7992070 
Stycar_maker-SC_scaffold124389-snap-gene-0.6-mRNA-1     3.5223033 6.0933259 3.5293572 3.7507731 3.5799891 3.4059846 2.8021522 1.6756092 1.4322235 1.7269318 1.5688967 1.8585701 1.8973094 1.9022295 1.7522818 1.9622552 1.9587660 2.0923636 2.0251640 2.0374100 1.9354391 1.8315532 1.7586705 1.9080746 1.5764593 1.8023473 1.8144131 1.6428182 1.2510523 1.4174279 1.9490302 1.7059432 1.5307548 1.8037016 1.8192563 1.5013447 1.7246753 1.5694558 0.0264461 0.0000000 1.1060950 1.1954000 1.1782187 1.0730526 1.1989852 2.0524694 2.0843254 1.8782016 2.3067305 2.3245100 2.6800167 1.6025293 2.0405859 3.0950226 1.4413023 3.6730667 5.8048592 4.7921360 
Tetwil_g8481.t1                                         3.1134366 5.6963837 3.8711467 4.0666309 3.8925130 3.7712053 3.4211445 1.8113509 1.5577802 1.6896601 1.6685634 1.9151242 1.8766514 1.9283014 1.8275490 1.9952967 1.9413185 1.8077994 2.0137756 2.1946743 2.1392449 2.0589953 1.9533640 2.0750063 1.7749696 2.2249198 2.2060987 1.9829010 1.6198253 1.9704111 1.8967297 1.8497330 1.8483255 1.9754527 1.9848003 1.6569129 1.8394510 1.7110938 1.0853455 1.1060950 0.0000000 1.4161652 1.3636095 1.3870945 1.3756887 2.2732529 2.1524741 1.8845625 2.2168898 2.2990456 2.2627322 1.5742850 1.5687917 3.2821321 1.5125068 3.7357837 4.6625323 4.8576186 
Emue_Em0013g290a.t1                                     3.6285247 5.1956584 3.3214152 3.5079792 3.2864708 3.4939270 2.5781123 1.6973285 1.3504173 1.7163235 1.6580742 1.8740311 1.8674053 1.8844262 1.7802877 1.7603899 1.8195601 1.8600452 1.7706639 2.1154907 1.8893463 1.8782692 1.6803000 1.8501336 1.4384452 1.7608132 1.7608132 1.7800962 1.3456798 1.6513129 1.8327276 1.6791722 1.7227126 2.0427673 1.9806324 1.4779765 1.8635824 1.6310836 1.1134912 1.1954000 1.4161652 0.0000000 0.0235836 0.2297874 0.2153869 2.1448322 2.0009126 2.0488484 2.3528210 2.5626861 2.4187915 1.6690477 1.9936767 2.7645812 1.4943297 3.9916647 4.9769637 3.8633530 
Emue_Em0013g304a.t1                                     3.5694913 5.2448692 3.2723917 3.5111756 3.2772227 3.4711727 2.5984771 1.6925227 1.3288604 1.6785049 1.6529818 1.8674570 1.8202504 1.8409342 1.7802877 1.7229503 1.7985699 1.8753563 1.7649591 2.0923751 1.8584672 1.8380025 1.6807279 1.8005157 1.3908514 1.7311547 1.7311547 1.7668790 1.3414719 1.6514083 1.7972611 1.6584197 1.7251713 2.0361192 1.9707402 1.4950943 1.8556814 1.6261393 1.1101749 1.1782187 1.3636095 0.0235836 0.0000000 0.2043274 0.1925710 2.1474356 2.0777110 2.0577106 2.3598525 2.4886325 2.3915251 1.5996502 1.9217874 2.7383955 1.4690993 4.0229863 4.8523419 3.8815530 
Spolac_c102578_g1_i1_m.30033c102578-g1                  2.9992741 5.3089424 2.9791213 3.2953855 3.2107632 3.3463795 2.3922738 1.5763119 1.4011650 1.9029370 1.7503953 1.9767584 1.7500820 1.7450596 1.7719067 1.7166056 1.8147649 1.8582289 1.5769068 2.0830920 1.9238477 1.7144869 1.6508122 1.6685447 1.4235484 1.6441314 1.6441314 1.6098736 1.3169852 1.7232308 1.6150492 1.5915315 1.6065378 1.9057792 1.8985846 1.2592873 1.4305283 1.4367663 0.9972300 1.0730526 1.3870945 0.2297874 0.2043274 0.0000000 0.0182987 2.0834414 2.3477954 1.9904342 2.1569245 2.3745927 2.2169735 1.4886748 1.8034680 2.7068273 1.5552667 3.7132271 4.9832244 3.9115355 
Spolac_c102578_g1_i2_m.30034c102578-g1                  3.3353266 5.3320090 3.2281551 3.5624575 3.3326787 3.3900394 2.6808966 1.7849296 1.4011650 1.9029370 1.8322164 2.0918861 1.9263783 1.9195426 1.7719067 1.7659322 1.8248516 1.8891321 1.6625634 2.0482019 1.9981401 1.7981098 1.7309543 1.8405617 1.4235484 1.7872054 1.7872054 1.7452658 1.3169852 1.7232308 1.7802770 1.7104145 1.6909168 1.9736448 1.9744742 1.3998348 1.6412450 1.5955109 1.1561837 1.1989852 1.3756887 0.2153869 0.1925710 0.0182987 0.0000000 2.1848674 2.3477954 2.1329586 2.3293467 2.5358519 2.4041456 1.5405080 1.8113288 2.8079836 1.5552667 3.9170957 4.9789915 3.8568566 
Ctel_gnl_WGS_AMQN_CAPTEDRAFT_mRNA156720                 2.3634637 4.2631030 2.8865530 3.6073101 3.5762155 3.2927385 2.5305405 1.7388438 1.7466646 2.1592298 1.6640462 1.8736998 1.9422531 1.9777794 2.1948939 2.2299815 2.1492234 2.1358641 2.2876462 2.1223070 2.0329418 2.0448570 1.8269821 2.0778913 1.7177682 2.0548817 2.0604513 2.0400805 1.5954058 1.3160326 1.6441704 1.7247754 1.6403633 1.9089062 1.8656802 2.0422139 2.2738515 1.9926365 1.9232376 2.0524694 2.2732529 2.1448322 2.1474356 2.0834414 2.1848674 0.0000000 2.0285334 1.2859911 1.5041217 1.9091289 1.9555616 2.2828206 2.3535554 2.6589611 1.9610321 3.2551848 4.6694495 3.8734308 
Skow_XM_006817978.1                                     0.0000010 4.7707190 3.2120614 3.8960235 3.8287183 3.3052133 2.1002312 1.6985702 1.8016171 1.6103337 1.6249157 1.6750107 2.0056658 2.0875874 0.0000010 2.4613456 2.3135459 2.2494506 2.1745588 2.8623177 1.6906314 2.1410219 1.8244289 2.7281461 2.6729701 2.8002026 2.8045591 2.2290197 1.7878748 3.6582444 1.2086529 1.5813447 1.6900053 1.8629354 1.9546940 1.3884880 6.2306728 1.7324550 2.1875215 2.0843254 2.1524741 2.0009126 2.0777110 2.3477954 2.3477954 2.0285334 0.0000000 2.0618993 1.8497414 2.1411699 1.9326399 1.7538844 2.0514160 3.7993801 2.0002884 1.8275700 4.3766078 3.8105103 
Acagra_model.g4957.t1                                   3.0582951 4.0606599 3.1313863 3.6955646 3.5795175 3.2680438 2.6263704 1.8574083 1.5979111 1.9664777 1.7343158 1.9953006 1.8987940 1.8786529 2.5875538 2.3028464 2.2826776 2.1197560 2.3678141 2.4128844 2.1536673 2.0490259 1.7632023 2.0827197 1.7864383 2.1203270 2.1213919 1.9754095 1.5489355 1.5265637 1.4985506 1.7666157 1.5733722 1.9277404 1.9624605 1.6261316 1.7076697 1.7599079 1.7686298 1.8782016 1.8845625 2.0488484 2.0577106 1.9904342 2.1329586 1.2859911 2.0618993 0.0000000 1.4120153 1.6259468 1.7840410 2.1513377 2.3495338 2.0060430 2.5206426 3.5191744 4.9619771 3.9332574 
Cscu_XM_023377391.1                                     3.2448209 3.8912934 3.4348499 3.9579667 3.8815713 4.2268410 2.5189922 2.1557553 1.9190416 2.1907052 1.9793774 2.2249675 2.2503322 2.3213877 2.0257100 2.0880523 2.1597611 2.0526158 2.3293244 2.2735266 2.1099397 2.3032882 1.9814705 2.3347788 2.0668208 2.3528371 2.3541203 2.3455004 1.7741256 1.6654830 1.7100995 2.0335700 1.8360265 2.1206858 2.3094019 1.8811546 2.2695106 1.9451664 2.2760512 2.3067305 2.2168898 2.3528210 2.3598525 2.1569245 2.3293467 1.5041217 1.8497414 1.4120153 0.0000000 1.5335944 1.6658780 2.1767330 2.4658339 2.6808091 2.5847336 3.9005005 4.1853401 4.1585679 
Dpul_mRNA9953                                           5.5652648 4.4859720 3.5487205 4.3241533 3.6659965 3.7935264 3.0929026 2.2113225 2.1076357 2.3997866 2.1408740 2.4455342 2.3704458 2.4560078 3.1267862 2.5282522 2.4274822 2.3277818 2.4183594 2.5096859 2.2445111 2.3663964 2.3252810 2.4223587 2.0834289 2.6805182 2.6722519 2.3700964 1.8031183 1.7220310 2.2539666 2.1690042 1.9140142 2.2976577 2.2132452 2.1280150 2.2720896 2.0261205 2.1947860 2.3245100 2.2990456 2.5626861 2.4886325 2.3745927 2.5358519 1.9091289 2.1411699 1.6259468 1.5335944 0.0000000 1.7852483 2.3548916 2.4427263 2.7916447 2.4048522 4.0881085 4.7523712 4.0077445 
Tcas_TC014733_001                                       4.3400882 4.3950922 4.1810399 4.3532220 4.3297557 3.7849491 3.0307129 2.5044885 2.2282864 2.3141926 2.3043547 2.5517456 2.4872801 2.5523213 3.3776887 2.7818559 2.7363164 2.7461642 3.0404864 2.8190835 2.6356055 2.5136291 2.4782976 2.5826290 2.2576246 2.7449207 2.7631043 2.4335182 1.9365124 1.9403831 2.0084760 2.0159649 2.1573568 2.5935325 2.5711020 2.0348315 2.6585124 2.3038602 2.5236817 2.6800167 2.2627322 2.4187915 2.3915251 2.2169735 2.4041456 1.9555616 1.9326399 1.7840410 1.6658780 1.7852483 0.0000000 2.4642970 2.7594501 2.6521752 2.1615170 3.6736493 4.5167903 3.9008764 
Xestes_maker-XT_scaffold28245-augustus-gene-0.17-mRNA-1 4.3558676 5.6882766 3.4782663 4.0261058 3.7245639 3.5521929 2.5866702 1.9054337 1.6007241 1.5961997 1.8017977 2.1765362 1.8999914 1.9371111 1.6319333 2.1007250 2.2047192 1.9015847 2.2407736 2.1233180 1.8439834 1.9881943 1.9961031 2.0121389 1.7121541 2.0035276 2.0193243 2.2412729 1.8430614 1.9857274 2.1420188 1.7750657 1.9256511 2.1287216 2.0250194 1.8916861 1.9984692 1.5864691 1.6582215 1.6025293 1.5742850 1.6690477 1.5996502 1.4886748 1.5405080 2.2828206 1.7538844 2.1513377 2.1767330 2.3548916 2.4642970 0.0000000 1.0544012 3.5944900 1.4691334 3.6704251 5.2840215 4.5654086 
Aque_Aqu2.1.40679_001                                   4.0861003 4.9062634 4.1777615 4.0080553 4.0067061 3.8892946 3.2003784 2.1032677 1.9648005 1.9347562 2.0457946 2.2360168 2.1747287 2.0835584 1.9760317 2.0916590 2.2006244 1.9682376 2.4056057 2.3409443 2.2844595 2.1055050 2.2743872 2.3425298 2.0861177 2.4131479 2.4131479 2.4706614 2.1118854 2.3613434 2.4399326 2.0308858 2.1974675 2.1246828 2.2849050 1.8899703 2.1887387 2.0169152 2.0107086 2.0405859 1.5687917 1.9936767 1.9217874 1.8034680 1.8113288 2.3535554 2.0514160 2.3495338 2.4658339 2.4427263 2.7594501 1.0544012 0.0000000 3.1088097 1.5686472 3.2165403 5.1383992 3.8757653 
Cgig_XM_034461511.1                                     3.5705027 6.1569518 3.8443314 4.2217663 3.9045273 3.5779845 3.1770296 2.6150978 2.4753530 3.0888799 2.6873929 2.8683332 3.2058673 3.0350871 3.0463087 3.2432105 3.1929656 3.6208174 3.2941338 3.0104562 3.1996606 3.2497124 2.8242346 3.2254208 2.8689764 3.3364140 3.3390883 2.8351047 2.2034285 1.9958846 2.8141660 2.4634700 2.8390203 2.8361543 3.1360056 2.8440272 2.8527849 2.7815045 2.7163493 3.0950226 3.2821321 2.7645812 2.7383955 2.7068273 2.8079836 2.6589611 3.7993801 2.0060430 2.6808091 2.7916447 2.6521752 3.5944900 3.1088097 0.0000000 3.9014694 3.6247489 5.2785908 4.2986937 
Plespi_Pspi_scaffold14141_01                            4.2872907 4.4067192 3.5837364 3.7057366 3.7630120 3.6091902 2.4219104 1.4357448 1.6676207 1.6567012 1.7115985 1.7587517 1.4434276 1.6186493 3.1853464 2.0484813 2.1108324 2.0717052 2.0511589 2.4986799 1.9556145 1.5956268 1.7971624 2.0893807 1.9837848 2.1236207 2.1369039 2.0491812 1.6494314 4.4722185 1.9578264 2.4578192 2.0602297 1.9237676 1.8675255 1.4584143 3.8145674 1.6747798 1.4384132 1.4413023 1.5125068 1.4943297 1.4690993 1.5552667 1.5552667 1.9610321 2.0002884 2.5206426 2.5847336 2.4048522 2.1615170 1.4691334 1.5686472 3.9014694 0.0000000 1.9018461 4.0222165 3.5050972 
Eupdun_Edun_sb10628224                                  4.3935569 3.2486904 4.9079648 4.6417024 4.0949514 4.5797795 4.2098569 3.0387744 2.8836222 3.3781416 3.4677859 3.6798749 3.3853953 3.4437572 4.1292394 3.6323415 4.1272912 3.5331374 3.5830329 3.6226140 3.6743900 3.6154294 3.3681378 3.2807957 3.2857859 3.5291250 3.5291250 3.4886379 3.4389852 2.8628915 3.4014082 3.0889497 3.5130820 3.2292514 3.6367606 3.8886799 4.5183508 3.6297176 3.7309951 3.6730667 3.7357837 3.9916647 4.0229863 3.7132271 3.9170957 3.2551848 1.8275700 3.5191744 3.9005005 4.0881085 3.6736493 3.6704251 3.2165403 3.6247489 1.9018461 0.0000000 2.6923611 2.0296311 
Lampan_Lpan_C415365_01                                  7.5346203 2.8441011 5.2164592 5.6355807 5.6666276 5.7702809 5.3274578 4.1552177 3.8244907 4.4865827 4.2958286 4.8385084 4.6200156 4.5823178 3.8472210 5.4572451 5.2921570 4.8181897 4.3902958 4.7104290 4.5594715 4.4885785 4.2815458 4.7415443 4.7295823 4.8067118 4.8473065 5.0965624 4.5024919 4.0019103 4.8370453 4.1881000 4.5083372 4.7650049 4.6665289 5.0959541 6.3816479 5.1167447 5.5051792 5.8048592 4.6625323 4.9769637 4.8523419 4.9832244 4.9789915 4.6694495 4.3766078 4.9619771 4.1853401 4.7523712 4.5167903 5.2840215 5.1383992 5.2785908 4.0222165 2.6923611 0.0000000 1.7028447 
Vmul_sbMO417152                                         5.7195764 2.6409397 4.4470449 4.1260315 4.2443495 3.9065410 4.7157794 4.1809491 3.9848880 5.6157762 4.5140135 5.2058369 4.7081313 4.4734908 4.8864803 3.8774119 3.8691207 4.5630057 4.3858067 4.6333016 4.5170329 4.2318923 3.7256017 3.6922637 4.0290665 3.5029336 3.5029336 3.9357534 4.1409792 4.3137243 5.2122340 3.7743487 4.1409520 3.5264122 3.5662200 4.1465090 4.5812302 5.2771350 4.7992070 4.7921360 4.8576186 3.8633530 3.8815530 3.9115355 3.8568566 3.8734308 3.8105103 3.9332574 4.1585679 4.0077445 3.9008764 4.5654086 3.8757653 4.2986937 3.5050972 2.0296311 1.7028447 0.0000000 
