51
Skow_XM_006814689.1                                              0.0000000 5.7134539 4.7466883 5.2067471 5.0552069 7.3369589 6.6010566 4.5782629 4.8119355 6.5507667 4.8871632 4.0401468 3.3602609 4.3141950 5.5763431 4.9148453 5.2238765 5.2332876 5.3254568 4.4003523 4.5702149 4.3561030 3.9179701 4.0659729 5.1889290 4.0102324 3.9646970 3.9457935 4.5235995 4.3860299 4.4588266 3.2417235 2.8940294 4.1500595 2.6154939 3.1123766 3.0935755 5.0404688 7.7530820 5.7358955 5.3815426 5.6458419 8.8362639 3.0506201 5.3860236 4.3234207 5.2171108 4.6313327 5.1080285 8.9999986 6.8296617 
Gracom_Gcom_C543048_01                                           5.7134539 0.0000000 0.9685933 0.8775658 1.0913528 2.0566488 4.0477440 3.2767251 3.5615047 3.1988429 3.2799034 2.8451931 2.7504789 3.0893448 2.9503000 2.8426039 3.0404934 3.0657476 3.2077993 3.3485581 2.7732950 3.6074472 3.3381511 3.2686517 5.1844484 3.4141037 3.7693545 3.1902488 3.5474416 3.5768550 3.5486778 3.5897822 3.3302704 3.2648161 3.0588088 3.6578132 3.7890388 2.9508211 4.5020190 3.9663017 4.1945207 2.9304652 5.1147467 4.3923796 2.8142806 3.1189857 4.6691357 3.8617979 3.7095345 3.5851706 4.1678486 
Scil_scict018043.1                                               4.7466883 0.9685933 0.0000000 0.7751315 0.8974151 2.1886992 4.9071837 3.0220241 3.0570681 3.2600763 2.9680507 2.1986839 2.4016615 2.8125748 2.5776953 2.6493782 2.7618916 2.7633291 2.8777294 2.9167594 2.6794199 2.9681909 3.0772643 3.1029037 3.5391548 3.0531336 3.2048139 2.9096360 3.4239422 3.0481740 3.1135981 3.3760200 3.2093509 2.2647032 2.7971777 3.8443758 3.9372474 2.8387943 4.2153336 4.1114767 4.1480574 3.1248857 4.6539312 3.6716852 2.7766838 3.2659729 3.9033335 3.2970547 3.1445584 3.2147323 3.9182652 
Leuniv_Lniv_scaffold21690_01                                     5.2067471 0.8775658 0.7751315 0.0000000 0.7815685 2.0261136 4.3099256 3.0156872 3.0915736 3.3798190 2.9419939 2.4938479 2.0894447 2.7196636 2.5922205 2.7153269 2.7856348 2.8286016 2.9075129 2.6606741 2.7421153 3.0653508 2.8579900 2.5801952 3.4803538 3.1181453 3.2806668 2.8697195 3.0380579 3.1693124 3.1504366 3.5685363 3.0890901 2.7270525 2.8056759 3.8844243 3.7062927 2.6373367 4.2629131 3.4627903 4.0228161 3.2415080 4.3486246 3.6119147 2.4091109 3.1994713 3.7500643 3.1343351 3.3752718 3.3270157 4.5837739 
Lcom_lcpid88058                                                  5.0552069 1.0913528 0.8974151 0.7815685 0.0000000 2.0420060 4.1333581 3.0949585 3.1769216 3.3033100 3.0246361 2.1675033 2.1694478 2.5335623 2.5936753 2.5010578 2.6297446 2.5771495 2.6406767 2.8401601 2.6721469 3.0114024 2.9537254 2.9197344 3.7043023 2.7290259 2.9070314 3.0571077 3.3031795 3.1752017 3.3184341 3.5533232 2.8845370 2.3178018 2.7442971 3.5466444 3.6042570 2.8008528 4.4891073 3.9351968 4.0963326 3.1290736 4.6739758 3.4006781 2.4889255 3.5312791 3.9961442 3.2938286 3.7186044 3.7420857 4.1789441 
Clacor_Ccor_C536377_01                                           7.3369589 2.0566488 2.1886992 2.0261136 2.0420060 0.0000000 4.1633138 3.4424002 3.2236323 2.7926136 2.9504345 2.2015589 2.2882479 2.8010287 2.8476582 2.8413638 2.9312422 2.8680585 2.8344006 2.6233307 3.0572231 2.7588605 2.5973122 2.8941372 3.4494233 3.1574334 3.2346878 3.2790249 3.1395372 3.1626228 3.0367814 3.3081619 2.9060086 2.5162342 3.0696402 3.3753729 3.5073065 2.6376356 3.2697842 3.2319098 3.7631065 3.4416062 4.1419619 3.1561648 2.5083810 3.3204905 3.6100131 3.3765103 2.9548997 3.5849276 4.0550986 
Sanmal_Sma_016052-T1                                             6.6010566 4.0477440 4.9071837 4.3099256 4.1333581 4.1633138 0.0000000 1.3717117 2.5875863 2.7379121 2.8884928 2.1918909 2.5603063 3.2808803 3.4232234 3.4197910 3.4891766 3.0182157 3.1454706 3.6814595 3.6274866 3.3659014 3.3871309 3.4303806 5.1386623 3.7360545 3.7914988 3.9523591 3.2908642 3.4914025 3.8494565 5.2925492 3.8900439 3.0404674 3.6202022 5.0009399 4.0130195 3.7404635 4.0689914 5.2693413 4.7075508 3.4578060 5.4455643 4.4174002 3.5012940 4.0057050 6.2889933 3.8106576 4.2167733 4.4209475 5.2113156 
Sanmal_Sma_026810-T1                                             4.5782629 3.2767251 3.0220241 3.0156872 3.0949585 3.4424002 1.3717117 0.0000000 1.2010348 1.7142712 2.0225419 1.7280869 1.8374244 2.3617249 2.2475571 2.2203801 2.1706954 2.1357388 2.2174457 2.3396623 2.7385607 2.2240642 2.4312494 2.0136247 3.8310193 3.0006805 2.9627847 2.8327161 2.8875057 2.8193069 3.0608899 4.0620107 3.7473423 3.0125586 2.8330676 3.7858756 3.1579567 2.8263937 2.9316925 4.5276845 3.9553893 2.8681453 4.1421654 3.9542113 2.7441465 2.8161419 4.6502565 2.7007719 3.7636101 3.2387619 4.7906522 
Aaur_scaffold984.g2.t1                                           4.8119355 3.5615047 3.0570681 3.0915736 3.1769216 3.2236323 2.5875863 1.2010348 0.0000000 1.2848335 1.8773060 1.9550260 1.8516321 2.1478075 2.2567310 2.2725903 2.2041826 2.1319674 2.2015025 2.1690396 2.6001111 1.8932887 2.1638040 2.2752852 3.5973184 2.8693197 2.9303796 2.7713051 2.9955856 3.2619043 3.1329438 2.9710527 3.5286583 2.9592645 2.5665393 3.0211626 3.0171060 2.7036656 2.7694895 4.3659660 3.9790800 2.2541147 4.2511340 3.0097692 2.8291271 2.8475205 5.1430458 2.5323021 3.3859238 2.8990795 4.2182077 
Rhoesc_Res_013852-T1                                             6.5507667 3.1988429 3.2600763 3.3798190 3.3033100 2.7926136 2.7379121 1.7142712 1.2848335 0.0000000 2.1932191 1.7978138 1.6400346 2.1527877 2.1185576 2.1588039 2.2499551 2.1242169 2.2208296 2.5486702 2.5042733 2.1113784 2.3297505 2.4166146 4.1717742 2.6880277 2.7187765 2.7404452 3.1398336 3.1338514 3.0914967 3.3226920 3.3468066 2.5229274 2.7574114 3.3410843 3.3050967 2.6040011 3.2204341 4.8078685 4.1930516 2.6297894 4.2008687 3.2597677 2.7821405 3.1336686 4.5222387 2.8959904 3.0332196 3.3357823 5.0120075 
Exapal_XM_021056778.2                                            4.8871632 3.2799034 2.9680507 2.9419939 3.0246361 2.9504345 2.8884928 2.0225419 1.8773060 2.1932191 0.0000000 0.7736864 0.9716534 1.3503203 1.4212465 1.4286449 1.2962698 1.4413265 1.4148109 1.8896869 2.0906230 1.9843181 1.9889491 2.3664659 2.7915897 2.4788237 2.4476644 2.3843012 2.3078031 2.8031234 2.9033518 3.0247624 2.7201675 2.3217235 2.3114911 3.3834354 2.8964781 2.1115131 3.4351013 3.9870458 3.3657662 2.5927214 3.9128434 3.0573036 2.1947134 2.4702158 4.2466081 2.2046154 2.4919644 3.1470443 3.9777630 
Nvec_v1g242776                                                   4.0401468 2.8451931 2.1986839 2.4938479 2.1675033 2.2015589 2.1918909 1.7280869 1.9550260 1.7978138 0.7736864 0.0000000 0.9241651 0.9776496 1.0732254 1.1340991 0.9870861 1.0186065 1.0518420 1.7396205 2.1995801 1.6498066 1.9441021 2.0085278 2.6094124 1.9975933 2.1710677 1.8885173 2.3118984 2.2723374 2.4659655 2.6247382 2.4515541 2.1511425 2.0082052 2.8882127 2.5068757 2.0945353 2.7815680 3.5216205 3.1736977 1.7991657 3.0064777 2.6243002 2.3506565 2.4057480 3.6020917 1.9364214 2.5354183 3.1172345 3.2673842 
Fspp_ffun1.m4.16675.m1                                           3.3602609 2.7504789 2.4016615 2.0894447 2.1694478 2.2882479 2.5603063 1.8374244 1.8516321 1.6400346 0.9716534 0.9241651 0.0000000 0.3768886 0.5184188 0.4930177 0.4873959 0.6077414 0.6454375 1.6752955 2.1498788 1.5396059 1.8184193 1.5025833 2.1753895 1.6654363 1.8585972 1.7231012 1.8509533 2.0895676 2.0865383 2.3162142 2.4586560 1.9940356 1.8691425 2.6939145 2.4009587 2.1494126 2.2708447 3.8040734 3.3806037 1.7806503 2.6123783 2.4124976 1.7413702 2.0069838 3.5932465 1.8778636 2.2345563 3.1430580 3.2054451 
Gasp_gasp1.m3.25142.m1                                           4.3141950 3.0893448 2.8125748 2.7196636 2.5335623 2.8010287 3.2808803 2.3617249 2.1478075 2.1527877 1.3503203 0.9776496 0.3768886 0.0000000 0.4799995 0.5061471 0.5201628 0.6257067 0.6392409 2.0328894 2.4385401 2.0593211 2.1616159 1.9982247 2.2992473 1.8490283 2.1399306 1.9571416 1.9584969 2.4021994 2.5577165 2.6531005 3.0976467 1.9153223 2.4409011 3.0041051 2.7330294 2.8231732 2.6373973 3.7728591 3.3971516 2.4165788 3.5152712 2.6246521 2.2828721 2.7478367 4.0211072 2.2687615 2.6840125 3.1785122 4.2422085 
Pocdam_XM_027187040.1                                            5.5763431 2.9503000 2.5776953 2.5922205 2.5936753 2.8476582 3.4232234 2.2475571 2.2567310 2.1185576 1.4212465 1.0732254 0.5184188 0.4799995 0.0000000 0.2103375 0.6646589 0.7545204 0.7867101 1.9662285 2.0646434 2.0362017 2.0303167 2.2820766 2.2284140 1.8393089 2.0239954 2.0131551 1.9759115 2.3467681 2.3619651 2.8178770 3.2760721 2.1209057 2.4045693 3.2089924 2.8934885 2.3064776 2.7548529 3.9517867 3.2755441 2.3859700 3.8477627 2.8463767 2.2409513 2.7156112 3.8359277 2.3294210 2.6266909 3.4886020 4.1533739 
Spis_XP_022783593_1                                              4.9148453 2.8426039 2.6493782 2.7153269 2.5010578 2.8413638 3.4197910 2.2203801 2.2725903 2.1588039 1.4286449 1.1340991 0.4930177 0.5061471 0.2103375 0.0000000 0.6875973 0.7557769 0.7770112 2.0969010 2.0642453 2.0058887 1.9650240 2.2327542 2.2809874 1.7242647 1.9856947 1.8697279 1.9178312 2.1667735 2.1661160 2.6596486 3.1354057 2.0880053 2.3375860 2.8408527 2.7418314 2.3528875 2.6725345 3.7366512 3.1086595 2.4790626 3.5316766 2.7532373 2.2085178 2.5581412 3.8565757 2.2169073 2.7044789 3.4954237 3.7342260 
Gfas_gfas1.m1.16988.m1                                           5.2238765 3.0404934 2.7618916 2.7856348 2.6297446 2.9312422 3.4891766 2.1706954 2.2041826 2.2499551 1.2962698 0.9870861 0.4873959 0.5201628 0.6646589 0.6875973 0.0000000 0.5388059 0.5371314 1.8875598 2.0071148 2.0561806 2.0019972 2.0749912 2.2541705 1.7573662 1.9320298 1.8373525 1.9151229 2.0294639 2.1521442 2.8623081 3.1281849 2.0817966 2.4760103 3.4470408 2.9968059 2.2054437 2.7653492 3.7818754 3.4409723 2.2252817 3.3637616 2.8386377 2.2526435 2.9827327 3.6082435 2.2166189 2.6300311 3.3023374 3.8754141 
Amil_Amillepora04499-RA                                          5.2332876 3.0657476 2.7633291 2.8286016 2.5771495 2.8680585 3.0182157 2.1357388 2.1319674 2.1242169 1.4413265 1.0186065 0.6077414 0.6257067 0.7545204 0.7557769 0.5388059 0.0000000 0.0285548 1.9213795 2.2572230 2.1193233 1.9843712 2.0950080 2.3296483 1.8873487 2.0641817 1.8550273 1.9764614 2.2200250 2.3669739 2.5212907 2.9487149 2.0065427 2.4194092 3.2196810 3.1110099 2.5112126 2.7093849 3.7387937 3.4235996 2.2969845 3.1420782 2.9170350 2.3444522 2.8130435 3.9811509 2.1949776 2.7684744 3.2604646 3.7526646 
Adig_XM_015911110.1                                              5.3254568 3.2077993 2.8777294 2.9075129 2.6406767 2.8344006 3.1454706 2.2174457 2.2015025 2.2208296 1.4148109 1.0518420 0.6454375 0.6392409 0.7867101 0.7770112 0.5371314 0.0285548 0.0000000 1.9020403 2.2475134 2.0811231 1.9605661 2.1284271 2.2582222 1.8885224 2.0737152 1.8725856 2.0260374 2.2328964 2.3402841 2.5666043 2.9726522 1.8102557 2.4422956 3.1997248 3.0506155 2.4977202 2.8840306 3.6370795 3.3402714 2.3299835 3.1832265 2.8934107 2.3297454 2.8702241 3.8354342 2.2143289 2.8245066 3.3811273 3.7691234 
Cgig_XM_011438990.3                                              4.4003523 3.3485581 2.9167594 2.6606741 2.8401601 2.6233307 3.6814595 2.3396623 2.1690396 2.5486702 1.8896869 1.7396205 1.6752955 2.0328894 1.9662285 2.0969010 1.8875598 1.9213795 1.9020403 0.0000000 2.0474401 1.6287565 1.8214165 2.4594173 2.4776602 2.1863568 2.2340113 2.2878336 2.3298616 2.1947270 2.3379886 3.0216968 3.5680761 2.3783018 2.3760902 3.4574174 2.8922025 1.9791768 3.2115835 3.8564027 3.6692996 2.8200424 3.9133301 3.1545124 2.5185050 2.1878903 3.7092865 2.3245138 2.5875251 2.6628629 4.4317622 
Skow_XM_006811979.1                                              4.5702149 2.7732950 2.6794199 2.7421153 2.6721469 3.0572231 3.6274866 2.7385607 2.6001111 2.5042733 2.0906230 2.1995801 2.1498788 2.4385401 2.0646434 2.0642453 2.0071148 2.2572230 2.2475134 2.0474401 0.0000000 1.8033882 1.8094758 2.8840467 2.6878874 2.3679491 2.4021435 2.5000695 2.5895203 2.5079984 2.4555027 3.2094696 3.0328396 2.5393039 2.3032976 3.0969294 3.0445374 2.0586393 2.5278995 3.3784140 3.5071030 3.1143403 3.3208585 3.1689994 2.5412387 2.4362724 3.6034080 2.7733408 2.3372076 2.8960120 3.6744939 
Bralan_BLAG08000298_1                                            4.3561030 3.6074472 2.9681909 3.0653508 3.0114024 2.7588605 3.3659014 2.2240642 1.8932887 2.1113784 1.9843181 1.6498066 1.5396059 2.0593211 2.0362017 2.0058887 2.0561806 2.1193233 2.0811231 1.6287565 1.8033882 0.0000000 1.4111957 1.9078921 2.3482369 2.4936990 2.4826109 2.3877199 2.5956513 2.5388115 2.6350101 3.0100292 2.7614333 2.3198715 2.3681205 2.8754107 2.8784747 1.9810289 2.9337713 4.2137353 3.5916267 2.5942055 4.0531217 2.9578179 2.3414189 2.6408958 4.0064911 2.3641857 2.3961382 2.9826024 4.0787448 
Hsap_ENST00000382998                                             3.9179701 3.3381511 3.0772643 2.8579900 2.9537254 2.5973122 3.3871309 2.4312494 2.1638040 2.3297505 1.9889491 1.9441021 1.8184193 2.1616159 2.0303167 1.9650240 2.0019972 1.9843712 1.9605661 1.8214165 1.8094758 1.4111957 0.0000000 2.2730691 2.8495889 2.2952617 2.3163712 2.1483259 2.6416977 2.4285570 2.3611471 3.1565813 2.8612865 2.3841232 2.4288395 2.7360224 2.8417410 2.0740065 2.4405725 3.9799798 3.7711517 3.1914233 3.8663339 2.9356154 2.6555506 2.5515070 3.7333209 2.5380996 2.5246101 2.9583072 3.7803196 
Chem_TCONS_00014152                                              4.0659729 3.2686517 3.1029037 2.5801952 2.9197344 2.8941372 3.4303806 2.0136247 2.2752852 2.4166146 2.3664659 2.0085278 1.5025833 1.9982247 2.2820766 2.2327542 2.0749912 2.0950080 2.1284271 2.4594173 2.8840467 1.9078921 2.2730691 0.0000000 3.3010190 2.8525833 2.9855988 2.9047650 3.0102954 3.0542262 3.3275154 3.2027209 3.1713104 2.6212488 2.9062022 2.8794718 2.9044592 3.0128674 3.5423673 4.1165989 3.6023162 1.9409922 3.9752145 2.8472099 3.0944285 3.5068141 4.6403720 2.6094406 3.1776039 4.2018633 4.0054266 
Plespi_Pspi_scaffold17343_01                                     5.1889290 5.1844484 3.5391548 3.4803538 3.7043023 3.4494233 5.1386623 3.8310193 3.5973184 4.1717742 2.7915897 2.6094124 2.1753895 2.2992473 2.2284140 2.2809874 2.2541705 2.3296483 2.2582222 2.4776602 2.6878874 2.3482369 2.8495889 3.3010190 0.0000000 1.3274228 1.4405314 1.6840854 1.5502713 1.6451714 1.5720220 3.7604261 3.5598254 3.3228919 2.8112487 3.9330696 3.2367631 2.7569330 4.2874754 4.6333969 4.1325563 3.3898287 3.5902973 3.9513766 2.0733785 4.8948409 3.3423723 3.3174287 3.3261516 7.1200436 3.0022897 
Aque_Aqu2.1.28951_001                                            4.0102324 3.4141037 3.0531336 3.1181453 2.7290259 3.1574334 3.7360545 3.0006805 2.8693197 2.6880277 2.4788237 1.9975933 1.6654363 1.8490283 1.8393089 1.7242647 1.7573662 1.8873487 1.8885224 2.1863568 2.3679491 2.4936990 2.2952617 2.8525833 1.3274228 0.0000000 0.6067712 0.8784435 1.0081023 1.1054208 1.0609999 2.8233622 2.9513931 2.5992272 2.3885689 3.1886231 2.9586748 2.2673650 2.9985697 3.6479508 3.3678266 2.6775352 3.4531918 2.9811318 2.1136518 2.6074758 3.4325660 2.3993328 2.7575422 3.8502253 3.5895483 
Halamb_c42657_g1_i1m.15164                                       3.9646970 3.7693545 3.2048139 3.2806668 2.9070314 3.2346878 3.7914988 2.9627847 2.9303796 2.7187765 2.4476644 2.1710677 1.8585972 2.1399306 2.0239954 1.9856947 1.9320298 2.0641817 2.0737152 2.2340113 2.4021435 2.4826109 2.3163712 2.9855988 1.4405314 0.6067712 0.0000000 1.0235376 1.0816805 1.1547339 1.1027395 3.1189824 2.9354389 2.7428143 2.4794696 3.4706052 3.1321203 2.2079111 2.9494627 3.6759109 3.2873043 3.0627186 3.3577369 3.1115450 2.1987826 2.5926300 3.8197776 2.5605405 3.1441762 3.6893332 3.8738671 
Tetwil_g23944.t1                                                 3.9457935 3.1902488 2.9096360 2.8697195 3.0571077 3.2790249 3.9523591 2.8327161 2.7713051 2.7404452 2.3843012 1.8885173 1.7231012 1.9571416 2.0131551 1.8697279 1.8373525 1.8550273 1.8725856 2.2878336 2.5000695 2.3877199 2.1483259 2.9047650 1.6840854 0.8784435 1.0235376 0.0000000 0.7835266 1.0842272 1.0659370 2.8575138 3.1184300 2.9349423 2.4739835 3.5629668 3.1123977 2.6428760 2.7045185 4.3189291 4.1615406 3.1150899 4.0616374 2.9825949 2.2598427 2.6206913 3.8413706 2.4911597 3.3722692 3.4972433 3.2210663 
Stycar_augustus_masked-SC_scaffold7666-processed-gene-0.1-mRNA-1 4.5235995 3.5474416 3.4239422 3.0380579 3.3031795 3.1395372 3.2908642 2.8875057 2.9955856 3.1398336 2.3078031 2.3118984 1.8509533 1.9584969 1.9759115 1.9178312 1.9151229 1.9764614 2.0260374 2.3298616 2.5895203 2.5956513 2.6416977 3.0102954 1.5502713 1.0081023 1.0816805 0.7835266 0.0000000 1.0659326 1.0855003 3.5238136 3.4532752 2.9717432 2.8207043 3.8499912 3.3237502 2.5155980 3.1015839 4.4825150 4.0434422 2.9556315 3.5839854 2.8903028 2.0450054 2.7542501 4.0103894 2.4961819 3.3749758 3.6421764 3.4810034 
Spolac_c101436_g1_i1_m.25614c101436-g1                           4.3860299 3.5768550 3.0481740 3.1693124 3.1752017 3.1626228 3.4914025 2.8193069 3.2619043 3.1338514 2.8031234 2.2723374 2.0895676 2.4021994 2.3467681 2.1667735 2.0294639 2.2200250 2.2328964 2.1947270 2.5079984 2.5388115 2.4285570 3.0542262 1.6451714 1.1054208 1.1547339 1.0842272 1.0659326 0.0000000 0.3499939 2.8852638 3.0974541 3.0691512 2.5890975 3.6193180 3.2744621 2.1826517 3.6329256 3.6489897 3.4326105 3.1065432 3.4050845 3.0500063 2.2029718 2.9646456 4.3076377 2.8967624 3.3588345 4.0110502 3.7562941 
Emue_Em0018g575a.t1                                              4.4588266 3.5486778 3.1135981 3.1504366 3.3184341 3.0367814 3.8494565 3.0608899 3.1329438 3.0914967 2.9033518 2.4659655 2.0865383 2.5577165 2.3619651 2.1661160 2.1521442 2.3669739 2.3402841 2.3379886 2.4555027 2.6350101 2.3611471 3.3275154 1.5720220 1.0609999 1.1027395 1.0659370 1.0855003 0.3499939 0.0000000 3.0623722 3.1326474 2.9885324 2.5328173 3.8039940 3.1076337 2.3171650 3.1159717 3.5845357 3.3516165 3.1802322 3.4506572 3.2603613 2.2563498 2.9579517 4.2399649 2.7139302 3.3697297 3.9594120 3.8228115 
Dpul_mRNA3798                                                    3.2417235 3.5897822 3.3760200 3.5685363 3.5533232 3.3081619 5.2925492 4.0620107 2.9710527 3.3226920 3.0247624 2.6247382 2.3162142 2.6531005 2.8178770 2.6596486 2.8623081 2.5212907 2.5666043 3.0216968 3.2094696 3.0100292 3.1565813 3.2027209 3.7604261 2.8233622 3.1189824 2.8575138 3.5238136 2.8852638 3.0623722 0.0000000 2.6924941 2.1593790 2.3787695 1.3253717 1.8028466 3.0320711 3.4220486 5.0812077 4.9075896 3.1666623 4.9417978 2.2932643 3.0456775 3.4657348 4.3824568 3.7148491 3.6474304 3.9541789 3.1408979 
Bralan_BLAG09000511_1                                            2.8940294 3.3302704 3.2093509 3.0890901 2.8845370 2.9060086 3.8900439 3.7473423 3.5286583 3.3468066 2.7201675 2.4515541 2.4586560 3.0976467 3.2760721 3.1354057 3.1281849 2.9487149 2.9726522 3.5680761 3.0328396 2.7614333 2.8612865 3.1713104 3.5598254 2.9513931 2.9354389 3.1184300 3.4532752 3.0974541 3.1326474 2.6924941 0.0000000 1.9105286 1.9547269 2.5685235 2.4201996 2.7810285 3.0800972 3.2187060 3.6949381 3.8486061 4.1151667 2.1964194 3.1107633 3.5755823 4.1534224 3.4564855 3.9752198 4.9845499 2.8565896 
Skow_XM_006814676.1                                              4.1500595 3.2648161 2.2647032 2.7270525 2.3178018 2.5162342 3.0404674 3.0125586 2.9592645 2.5229274 2.3217235 2.1511425 1.9940356 1.9153223 2.1209057 2.0880053 2.0817966 2.0065427 1.8102557 2.3783018 2.5393039 2.3198715 2.3841232 2.6212488 3.3228919 2.5992272 2.7428143 2.9349423 2.9717432 3.0691512 2.9885324 2.1593790 1.9105286 0.0000000 1.4243336 2.3996137 2.2212714 2.0465495 2.7173819 3.4960751 3.3748221 3.1715677 4.1112317 2.1101313 2.8329012 2.4937625 3.6056844 2.7812797 2.7608492 3.9998171 3.1266135 
Hsap_ENST00000581777                                             2.6154939 3.0588088 2.7971777 2.8056759 2.7442971 3.0696402 3.6202022 2.8330676 2.5665393 2.7574114 2.3114911 2.0082052 1.8691425 2.4409011 2.4045693 2.3375860 2.4760103 2.4194092 2.4422956 2.3760902 2.3032976 2.3681205 2.4288395 2.9062022 2.8112487 2.3885689 2.4794696 2.4739835 2.8207043 2.5890975 2.5328173 2.3787695 1.9547269 1.4243336 0.0000000 2.5688512 2.4368662 2.7122159 2.7825593 3.6223643 3.4915246 3.5290968 3.5067338 2.3880176 2.5820194 2.9176572 4.3270228 2.6920326 3.1901897 3.9710082 3.3446736 
Tcas_TC014632_001                                                3.1123766 3.6578132 3.8443758 3.8844243 3.5466444 3.3753729 5.0009399 3.7858756 3.0211626 3.3410843 3.3834354 2.8882127 2.6939145 3.0041051 3.2089924 2.8408527 3.4470408 3.2196810 3.1997248 3.4574174 3.0969294 2.8754107 2.7360224 2.8794718 3.9330696 3.1886231 3.4706052 3.5629668 3.8499912 3.6193180 3.8039940 1.3253717 2.5685235 2.3996137 2.5688512 0.0000000 1.5508953 3.6482070 3.5671660 5.0257069 4.6858473 3.3995187 5.2716587 2.2680603 3.9088326 3.5987558 4.7799110 3.9822935 3.3262498 4.1582657 3.1128828 
Cscu_XM_023361935.1                                              3.0935755 3.7890388 3.9372474 3.7062927 3.6042570 3.5073065 4.0130195 3.1579567 3.0171060 3.3050967 2.8964781 2.5068757 2.4009587 2.7330294 2.8934885 2.7418314 2.9968059 3.1110099 3.0506155 2.8922025 3.0445374 2.8784747 2.8417410 2.9044592 3.2367631 2.9586748 3.1321203 3.1123977 3.3237502 3.2744621 3.1076337 1.8028466 2.4201996 2.2212714 2.4368662 1.5508953 0.0000000 3.1951924 2.7685851 4.1680591 4.0515371 3.7589258 4.4114501 2.0116751 3.6544962 2.9709246 4.3661836 3.3769744 3.7556908 5.0090455 3.0364374 
Spur_XM_003726602.3                                              5.0404688 2.9508211 2.8387943 2.6373367 2.8008528 2.6376356 3.7404635 2.8263937 2.7036656 2.6040011 2.1115131 2.0945353 2.1494126 2.8231732 2.3064776 2.3528875 2.2054437 2.5112126 2.4977202 1.9791768 2.0586393 1.9810289 2.0740065 3.0128674 2.7569330 2.2673650 2.2079111 2.6428760 2.5155980 2.1826517 2.3171650 3.0320711 2.7810285 2.0465495 2.7122159 3.6482070 3.1951924 0.0000000 2.8355622 3.1675663 3.3015409 3.5020154 3.7155683 3.5757045 2.2749570 3.0988413 3.4326119 2.5959673 3.0397411 3.4719392 3.6658694 
Cscu_XM_023356572.1                                              7.7530820 4.5020190 4.2153336 4.2629131 4.4891073 3.2697842 4.0689914 2.9316925 2.7694895 3.2204341 3.4351013 2.7815680 2.2708447 2.6373973 2.7548529 2.6725345 2.7653492 2.7093849 2.8840306 3.2115835 2.5278995 2.9337713 2.4405725 3.5423673 4.2874754 2.9985697 2.9494627 2.7045185 3.1015839 3.6329256 3.1159717 3.4220486 3.0800972 2.7173819 2.7825593 3.5671660 2.7685851 2.8355622 0.0000000 3.0649029 3.0453410 2.7497922 2.6929792 3.8819870 3.6361130 2.7708011 3.3761293 2.9888869 4.5929262 3.1087889 3.5368957 
Pocdam_XM_027192199.1                                            5.7358955 3.9663017 4.1114767 3.4627903 3.9351968 3.2319098 5.2693413 4.5276845 4.3659660 4.8078685 3.9870458 3.5216205 3.8040734 3.7728591 3.9517867 3.7366512 3.7818754 3.7387937 3.6370795 3.8564027 3.3784140 4.2137353 3.9799798 4.1165989 4.6333969 3.6479508 3.6759109 4.3189291 4.4825150 3.6489897 3.5845357 5.0812077 3.2187060 3.4960751 3.6223643 5.0257069 4.1680591 3.1675663 3.0649029 0.0000000 0.3759026 4.8807952 3.8216637 3.6957104 3.3289838 4.3829201 3.5520786 4.2380847 4.0934027 5.2768675 4.5527312 
Gasp_gasp1.m1b.10025.m1                                          5.3815426 4.1945207 4.1480574 4.0228161 4.0963326 3.7631065 4.7075508 3.9553893 3.9790800 4.1930516 3.3657662 3.1736977 3.3806037 3.3971516 3.2755441 3.1086595 3.4409723 3.4235996 3.3402714 3.6692996 3.5071030 3.5916267 3.7711517 3.6023162 4.1325563 3.3678266 3.2873043 4.1615406 4.0434422 3.4326105 3.3516165 4.9075896 3.6949381 3.3748221 3.4915246 4.6858473 4.0515371 3.3015409 3.0453410 0.3759026 0.0000000 4.3230888 3.8825520 3.7885147 3.5100544 4.3033892 3.7331772 4.2504908 4.8646929 4.4782394 4.0172669 
Morvir_scaffold641.g8.t1                                         5.6458419 2.9304652 3.1248857 3.2415080 3.1290736 3.4416062 3.4578060 2.8681453 2.2541147 2.6297894 2.5927214 1.7991657 1.7806503 2.4165788 2.3859700 2.4790626 2.2252817 2.2969845 2.3299835 2.8200424 3.1143403 2.5942055 3.1914233 1.9409922 3.3898287 2.6775352 3.0627186 3.1150899 2.9556315 3.1065432 3.1802322 3.1666623 3.8486061 3.1715677 3.5290968 3.3995187 3.7589258 3.5020154 2.7497922 4.8807952 4.3230888 0.0000000 4.7987899 3.0420371 2.8639193 3.3946103 5.7693622 2.8880329 2.8762196 3.5814068 5.2192948 
Bralan_BLAG07001445_1                                            8.8362639 5.1147467 4.6539312 4.3486246 4.6739758 4.1419619 5.4455643 4.1421654 4.2511340 4.2008687 3.9128434 3.0064777 2.6123783 3.5152712 3.8477627 3.5316766 3.3637616 3.1420782 3.1832265 3.9133301 3.3208585 4.0531217 3.8663339 3.9752145 3.5902973 3.4531918 3.3577369 4.0616374 3.5839854 3.4050845 3.4506572 4.9417978 4.1151667 4.1112317 3.5067338 5.2716587 4.4114501 3.7155683 2.6929792 3.8216637 3.8825520 4.7987899 0.0000000 4.4448696 4.0247787 4.0351016 5.3110684 4.0573478 6.1204301 4.3130391 5.0727978 
Ctel_gnl_WGS_AMQN_CAPTEDRAFT_mRNA221299                          3.0506201 4.3923796 3.6716852 3.6119147 3.4006781 3.1561648 4.4174002 3.9542113 3.0097692 3.2597677 3.0573036 2.6243002 2.4124976 2.6246521 2.8463767 2.7532373 2.8386377 2.9170350 2.8934107 3.1545124 3.1689994 2.9578179 2.9356154 2.8472099 3.9513766 2.9811318 3.1115450 2.9825949 2.8903028 3.0500063 3.2603613 2.2932643 2.1964194 2.1101313 2.3880176 2.2680603 2.0116751 3.5757045 3.8819870 3.6957104 3.7885147 3.0420371 4.4448696 0.0000000 3.2125514 3.4324609 4.2144739 3.1733507 3.2374720 3.9178602 3.7895509 
Plajan_Pjan_C547823_01                                           5.3860236 2.8142806 2.7766838 2.4091109 2.4889255 2.5083810 3.5012940 2.7441465 2.8291271 2.7821405 2.1947134 2.3506565 1.7413702 2.2828721 2.2409513 2.2085178 2.2526435 2.3444522 2.3297454 2.5185050 2.5412387 2.3414189 2.6555506 3.0944285 2.0733785 2.1136518 2.1987826 2.2598427 2.0450054 2.2029718 2.2563498 3.0456775 3.1107633 2.8329012 2.5820194 3.9088326 3.6544962 2.2749570 3.6361130 3.3289838 3.5100544 2.8639193 4.0247787 3.2125514 0.0000000 3.6565510 3.5046715 2.7471758 3.3816724 3.6891134 3.6988080 
Cscu_XM_023388138.1                                              4.3234207 3.1189857 3.2659729 3.1994713 3.5312791 3.3204905 4.0057050 2.8161419 2.8475205 3.1336686 2.4702158 2.4057480 2.0069838 2.7478367 2.7156112 2.5581412 2.9827327 2.8130435 2.8702241 2.1878903 2.4362724 2.6408958 2.5515070 3.5068141 4.8948409 2.6074758 2.5926300 2.6206913 2.7542501 2.9646456 2.9579517 3.4657348 3.5755823 2.4937625 2.9176572 3.5987558 2.9709246 3.0988413 2.7708011 4.3829201 4.3033892 3.3946103 4.0351016 3.4324609 3.6565510 0.0000000 4.5967952 3.0574637 2.7484934 2.9315000 5.4284234 
Nvec_v1g246275                                                   5.2171108 4.6691357 3.9033335 3.7500643 3.9961442 3.6100131 6.2889933 4.6502565 5.1430458 4.5222387 4.2466081 3.6020917 3.5932465 4.0211072 3.8359277 3.8565757 3.6082435 3.9811509 3.8354342 3.7092865 3.6034080 4.0064911 3.7333209 4.6403720 3.3423723 3.4325660 3.8197776 3.8413706 4.0103894 4.3076377 4.2399649 4.3824568 4.1534224 3.6056844 4.3270228 4.7799110 4.3661836 3.4326119 3.3761293 3.5520786 3.7331772 5.7693622 5.3110684 4.2144739 3.5046715 4.5967952 0.0000000 3.8451195 4.7663681 3.7911369 3.7599863 
Xesp_020550-T1                                                   4.6313327 3.8617979 3.2970547 3.1343351 3.2938286 3.3765103 3.8106576 2.7007719 2.5323021 2.8959904 2.2046154 1.9364214 1.8778636 2.2687615 2.3294210 2.2169073 2.2166189 2.1949776 2.2143289 2.3245138 2.7733408 2.3641857 2.5380996 2.6094406 3.3174287 2.3993328 2.5605405 2.4911597 2.4961819 2.8967624 2.7139302 3.7148491 3.4564855 2.7812797 2.6920326 3.9822935 3.3769744 2.5959673 2.9888869 4.2380847 4.2504908 2.8880329 4.0573478 3.1733507 2.7471758 3.0574637 3.8451195 0.0000000 2.9842693 3.4675341 4.1196345 
Ctel_gnl_WGS_AMQN_CAPTEDRAFT_mRNA229275                          5.1080285 3.7095345 3.1445584 3.3752718 3.7186044 2.9548997 4.2167733 3.7636101 3.3859238 3.0332196 2.4919644 2.5354183 2.2345563 2.6840125 2.6266909 2.7044789 2.6300311 2.7684744 2.8245066 2.5875251 2.3372076 2.3961382 2.5246101 3.1776039 3.3261516 2.7575422 3.1441762 3.3722692 3.3749758 3.3588345 3.3697297 3.6474304 3.9752198 2.7608492 3.1901897 3.3262498 3.7556908 3.0397411 4.5929262 4.0934027 4.8646929 2.8762196 6.1204301 3.2374720 3.3816724 2.7484934 4.7663681 2.9842693 0.0000000 3.8865095 5.1985617 
Tcas_TC009812_001                                                8.9999986 3.5851706 3.2147323 3.3270157 3.7420857 3.5849276 4.4209475 3.2387619 2.8990795 3.3357823 3.1470443 3.1172345 3.1430580 3.1785122 3.4886020 3.4954237 3.3023374 3.2604646 3.3811273 2.6628629 2.8960120 2.9826024 2.9583072 4.2018633 7.1200436 3.8502253 3.6893332 3.4972433 3.6421764 4.0110502 3.9594120 3.9541789 4.9845499 3.9998171 3.9710082 4.1582657 5.0090455 3.4719392 3.1087889 5.2768675 4.4782394 3.5814068 4.3130391 3.9178602 3.6891134 2.9315000 3.7911369 3.4675341 3.8865095 0.0000000 5.4128940 
Acagra_model.g25511.t1                                           6.8296617 4.1678486 3.9182652 4.5837739 4.1789441 4.0550986 5.2113156 4.7906522 4.2182077 5.0120075 3.9777630 3.2673842 3.2054451 4.2422085 4.1533739 3.7342260 3.8754141 3.7526646 3.7691234 4.4317622 3.6744939 4.0787448 3.7803196 4.0054266 3.0022897 3.5895483 3.8738671 3.2210663 3.4810034 3.7562941 3.8228115 3.1408979 2.8565896 3.1266135 3.3446736 3.1128828 3.0364374 3.6658694 3.5368957 4.5527312 4.0172669 5.2192948 5.0727978 3.7895509 3.6988080 5.4284234 3.7599863 4.1196345 5.1985617 5.4128940 0.0000000 
