99
Skow_XM_006826054.1                                    0.0000000 0.4119338 9.0000000 3.3136824 1.9593666 1.6631906 2.0766183 2.0056468 2.0545094 3.5094394 3.3502047 3.6023457 2.7962243 3.4857628 3.4018638 2.6099737 0.0000010 3.0666063 3.4093157 3.6999182 8.9999990 3.5932960 0.0000010 1.4054033 2.6816529 2.6857207 2.9666178 1.6248111 2.7687372 2.9863143 2.9863143 0.0000010 4.2230017 3.7309975 3.0428659 4.3459397 0.9614267 4.5253637 1.4923656 1.6127015 2.0151658 3.5541619 2.9194510 3.2744318 2.8324240 4.6770530 3.9301809 9.0000000 4.1490874 0.0000010 2.1396570 4.3599975 4.0362995 5.2343326 4.8184548 5.1022214 4.4202166 2.9243226 4.5532273 1.5789410 3.0766946 0.0000010 1.9888633 2.4022503 1.6445895 2.3352292 2.7611100 3.0917261 4.5670626 2.6859805 3.6015404 4.5089857 7.1412423 4.3752757 0.0000010 5.1067419 4.2053605 2.7258318 2.2646476 2.0962523 1.9988830 1.9626126 3.4505606 3.4688493 2.9906736 2.4104110 2.7879049 2.7706099 2.6814108 3.0475348 3.1987478 3.3651116 2.2803631 3.5005216 3.5005216 3.0251771 2.7717106 7.9606416 0.0000010 
Skow_XM_002741628.2                                    0.4119338 0.0000000 0.2520860 1.6443906 1.1564569 0.9826941 1.4258425 1.5214863 1.7210195 1.7119492 1.5959283 0.7491334 1.5852149 1.6520457 1.5161967 1.5081464 1.3069542 1.5053140 1.8550202 1.6365239 3.3452418 1.8528223 0.7944752 1.1491705 1.7340421 1.8177706 1.8997610 1.0196728 1.6377934 1.8450943 1.8592476 1.2348725 2.0347256 1.9799779 1.5725548 1.9611833 1.1284009 2.1006869 1.1177066 1.0238364 1.5055958 1.7491337 1.8055534 1.8846808 1.5924788 1.4993993 1.8964157 1.2980765 2.4724129 1.5170850 1.7074512 2.1173023 1.8108414 2.2426728 1.9054450 2.2601174 2.1789897 1.3120601 2.1202556 1.4716292 2.1295647 1.7859461 1.3255895 1.4720001 1.1958434 1.7761476 1.7892896 1.1524936 2.2272322 1.5115518 2.2254614 2.2604100 2.4783444 2.5933288 1.5246719 2.6467541 2.5063868 1.8537404 1.6307052 1.6301049 1.6700460 2.0382905 2.2717026 2.4870891 2.3538974 2.1008119 1.8925054 1.7645265 2.2669778 2.0321044 1.8404026 2.4550598 1.6878152 1.9460039 2.5141201 2.3927382 1.9256363 2.1979643 3.8340387 
Skow_XM_002741634.1                                    9.0000000 0.2520860 0.0000000 1.1989379 1.1083594 0.9457391 0.9938478 1.0257510 1.6264421 1.0625887 0.9016647 0.7620138 1.1194933 1.0503105 1.0952126 1.0365140 1.2187632 0.8494453 1.0837086 1.1653784 1.6520829 1.1580871 0.7735687 0.8552717 0.9623030 1.2308458 1.2260861 0.9974525 1.0047305 1.2237313 1.2231677 1.1616109 1.2761207 1.3288846 1.3657888 1.3290684 1.0918649 1.3504398 0.7000628 0.9579949 1.3907345 1.0487623 1.0028795 1.4069651 1.0371674 0.8181579 1.0452361 0.9976185 0.9653931 1.3057214 1.2795354 1.4428597 1.4366543 1.4619912 1.5189547 1.5530841 1.4642429 1.1076734 1.4519192 1.4817860 1.5993992 1.7988385 0.9746297 1.0617289 1.2892080 1.1805734 1.0910350 1.0588191 1.4086962 1.2713515 1.4722234 1.3742505 1.3828619 1.8252487 1.5610753 1.6117230 1.7431491 1.3429306 1.0853430 1.1130002 1.0936701 2.3618972 1.8185848 1.7956242 1.7619282 1.8241994 1.4637545 1.4749592 1.6853844 1.5422156 1.4359474 1.8959684 1.5394308 1.5282459 1.6058318 1.1284070 1.4066537 1.5191684 4.6817566 
Dpul_mRNA977                                           3.3136824 1.6443906 1.1989379 0.0000000 0.3037398 0.2636617 0.8545976 1.2139273 2.4710708 1.7301621 1.6694365 0.6343775 1.8898282 1.7188346 1.5879767 1.6503807 1.1895137 1.8471085 2.2733209 1.9050752 3.4054752 2.0367340 1.2684435 1.6543158 1.9499727 2.0279129 2.0811997 1.4652850 2.0004971 2.0062810 2.0146915 1.5142481 2.1162451 2.1325210 1.7689983 1.9251168 1.4524677 2.1772876 1.4888482 1.5079802 2.6087460 2.0010046 2.1493262 2.3339954 1.8991829 1.8825223 1.9598661 1.3883515 2.7463597 1.4808939 2.0809028 2.3900617 2.1848779 2.4540143 2.3693230 2.3480470 2.2444849 1.8135071 2.3460232 1.8975706 2.4004714 1.7733265 1.3673848 1.4673062 1.7466280 1.8539269 1.9308386 1.7810638 2.2483998 2.0175584 2.5396046 2.5972124 2.4744821 2.5710621 1.2562603 2.6247795 2.4738259 1.8263293 1.7540863 1.6916678 1.8858945 2.7835992 2.5032513 2.6177247 3.2351505 3.0194147 2.3942169 2.4826777 3.4724235 2.3869648 2.3206387 3.5021254 2.1545918 2.2882454 3.0788433 3.2574388 2.4646715 2.4801384 3.9856890 
Dpul_mRNA3830                                          1.9593666 1.1564569 1.1083594 0.3037398 0.0000000 0.0028394 0.5041361 0.7094474 2.0121499 1.3012640 1.1643480 0.7871661 1.4394314 1.2986529 1.2836825 1.3137777 1.2994973 1.3302140 1.4790835 1.3379558 2.2596708 1.3931562 1.1666058 1.1317677 1.4013828 1.4272766 1.4513462 1.4466748 1.4212459 1.4020892 1.4078742 1.4345500 1.5673441 1.5636019 1.6282835 1.6027356 1.3492457 1.7051691 0.9849067 1.2192780 1.8364611 1.2128618 1.4712016 1.7285191 1.2290450 1.2685921 1.3602957 1.4267690 1.5513849 1.4887632 1.4899163 1.7787363 1.7787363 1.7932198 1.7816780 1.7626416 1.7308620 1.6060933 1.8061163 1.8064929 1.8571774 1.9784251 0.9370862 0.9235404 1.5785883 1.2615203 1.3098755 1.4968053 1.7553526 1.7985627 1.7415818 1.7838733 1.8355528 1.9388344 1.4015488 1.8333347 1.8036211 1.4442547 1.2260230 1.1744261 1.3584167 2.1211544 2.1476484 2.0378380 2.1591471 2.2066776 1.8159044 1.8832358 2.2600709 1.9062616 1.8958032 2.2780671 1.9192580 1.9211556 2.2362048 1.7273014 1.7886331 2.2748182 5.0570298 
Dpul_mRNA30815                                         1.6631906 0.9826941 0.9457391 0.2636617 0.0028394 0.0000000 0.4039303 0.5781983 1.9365691 1.0989005 1.0198706 0.9497679 1.2159361 1.1275162 1.0905682 1.1214525 0.7943931 1.0899404 1.2169013 1.1477686 2.2352839 1.2441915 1.2585385 0.9478826 1.2810036 1.2646079 1.2647001 1.3647654 1.2796234 1.2178026 1.2178026 1.3555472 1.3278934 1.2975344 1.3528354 1.3925224 1.3310225 1.4051312 0.8430535 1.0251077 1.5408593 1.0540225 1.2691300 1.5546562 0.9719603 1.0761270 1.1733367 1.2068015 1.2837693 1.2644008 1.3591648 1.5737093 1.5737093 1.6416176 1.5708144 1.5354279 1.5273154 1.5468402 1.6164401 1.7694727 1.7694727 1.3252149 0.7546089 0.7758418 1.5515679 1.0549843 1.1783127 1.4420570 1.5102832 1.5723749 1.5316199 1.5726770 1.6332126 1.6252963 0.9715540 1.5138399 1.5709440 1.2904438 1.0814091 0.9617905 1.1237893 1.7779173 1.8253123 1.7380945 1.9280595 1.9754173 1.6601373 1.6845657 1.9242091 1.7062814 1.6787660 1.9900563 1.7161602 1.7183640 1.9648520 1.4970766 1.5609357 2.2770416 0.0000010 
Dpul_mRNA30832                                         2.0766183 1.4258425 0.9938478 0.8545976 0.5041361 0.4039303 0.0000000 0.6738887 1.7899562 1.5466350 1.4027083 0.7716357 1.4002954 1.6092354 1.4356043 1.4534798 1.2606673 1.5285966 1.8727931 1.9125332 3.0700188 1.9972068 0.9120056 1.2944553 2.0230423 2.0586650 2.0731402 1.2163101 1.9199605 2.0724275 2.0937481 1.4161015 2.1652030 2.1088072 1.7442090 2.0925666 1.2871103 2.2920741 1.2369056 1.1982563 1.9024897 1.7937750 1.8142671 1.7218122 1.7400778 1.5830870 1.9115085 1.3157135 2.5745174 1.4788823 1.9417701 2.3505601 2.0031567 2.3266526 2.1583196 2.1648398 2.2847165 1.4727341 2.2129242 1.7108053 2.4005917 1.9411184 0.9536816 1.0501311 1.3214103 1.9684759 1.7373495 1.3745360 2.3117599 1.6661422 2.3193701 2.3919317 2.1916252 2.3257926 1.4402444 2.6579836 2.4695291 1.8351399 1.7332472 1.4595293 1.7466326 1.9627862 2.4656420 2.3836450 2.8509132 2.3699285 2.3679807 2.3806874 2.9664718 2.2860717 2.3478240 3.0162237 2.0426374 2.2523562 3.0576217 2.4384471 2.1428052 2.3537821 4.0607517 
Tcas_TC031052_001                                      2.0056468 1.5214863 1.0257510 1.2139273 0.7094474 0.5781983 0.6738887 0.0000000 1.4951765 1.5853655 1.4750864 0.6662056 1.4832123 1.5847071 1.4786144 1.4790805 1.1446408 1.4856808 1.9451656 1.8618534 3.1773911 2.1062309 0.8957854 1.2973034 1.9024840 2.0543187 2.0236181 1.1290815 1.8870640 2.0233116 2.0322814 1.3696274 2.0646818 2.0899790 1.5886295 2.1372133 1.2976774 2.2741203 1.2918175 1.1272199 1.6277051 1.8957463 1.8399543 1.8417079 1.7778539 1.5794818 1.9489936 1.2905726 2.6442855 1.6147207 1.8959030 2.3497080 2.0108658 2.3913737 2.1762048 2.3104872 2.1380503 1.5048391 2.2269647 1.5831383 2.2049601 2.2005268 1.0011667 1.0763848 1.2625480 1.8736461 1.9957365 1.1940394 2.4217151 1.6257752 2.4899019 2.6097941 2.3050791 2.4739247 1.6058190 2.7079965 2.4464095 2.0171855 1.7935214 1.5989467 1.7006126 1.8805142 2.5117609 2.4130979 2.7495249 2.2262765 2.3461619 2.2229296 2.5492358 2.3662377 2.3175585 2.7195889 1.9613934 2.2770187 2.6487269 2.4619517 1.9222312 2.1373934 5.0335614 
Gfas_gfas1.m1.15547.m1                                 2.0545094 1.7210195 1.6264421 2.4710708 2.0121499 1.9365691 1.7899562 1.4951765 0.0000000 0.1596579 0.1958118 0.0000010 0.2120762 0.1706027 0.2007943 0.1846693 0.0000010 0.5773446 0.6354473 1.5337693 6.7742223 1.5730180 0.0000010 1.2799193 1.5374413 1.5232049 1.5187306 1.3482681 1.5397944 1.5466111 1.5466111 0.0000010 1.6882666 1.7440586 1.6456910 1.5950254 0.7194912 1.8430374 1.3980028 1.6936564 1.3534719 1.6919218 1.5097825 1.0947317 0.9639173 0.8546674 0.9527957 0.0000010 0.9394413 0.0000010 1.6190945 2.3503752 2.3503752 2.0012901 2.1663405 2.7714205 2.2161215 2.3312541 2.2800893 1.3640754 1.6142785 0.0000010 1.5790841 1.7488432 1.1656606 1.6102177 2.0855363 1.6290236 1.9527545 1.8491242 1.5180784 1.7782245 2.1983423 1.6186506 0.0000010 1.5150837 1.8056474 1.6775306 1.6489336 1.9056681 1.8680341 1.9923865 2.1228015 2.0504073 1.8203009 1.8203009 1.9449341 1.8888404 1.8671676 1.8594610 1.8115133 1.9701763 1.9334019 1.9334019 1.9334019 1.7478211 1.7873374 4.6199087 0.0000010 
Fspp_ffun1.m4.16372.m1                                 3.5094394 1.7119492 1.0625887 1.7301621 1.3012640 1.0989005 1.5466350 1.5853655 0.1596579 0.0000000 0.3849389 0.1662169 0.3850934 0.1922325 0.2197654 0.2738396 0.3268536 0.6437898 1.0201645 1.3183742 2.3154102 1.4305983 0.7551742 1.5048704 1.5507376 1.7600396 1.7959294 0.9543048 1.5042000 1.7365206 1.7560156 1.1523519 1.9204156 1.8764730 1.5334301 1.8343177 1.0142291 2.0218699 1.5906556 1.2713345 1.2664166 1.6889973 1.5964784 1.5221141 1.4165431 1.1955410 1.5596104 1.1324114 1.9340500 1.4946030 1.7457923 2.2914182 1.9731310 2.1676594 2.0450288 2.1065506 1.8866130 1.4045679 1.9058343 1.4107117 1.9904003 1.5581050 1.6554203 1.7568621 1.2410405 1.9633485 1.9647227 1.3196194 2.0934624 1.4156696 2.1973185 2.3393636 2.2680841 2.3514549 1.3743793 2.3947976 2.2552106 1.9015326 1.7957540 1.7442340 2.0839536 2.4526410 1.9452985 2.1499991 2.6683130 2.2293657 2.2133324 2.1344950 2.8668603 2.1868787 2.1213177 2.6563514 1.9166949 2.1655297 2.7413305 2.2137473 1.6881066 1.9694709 3.3318674 
Amil_Amillepora00492-RA                                3.3502047 1.5959283 0.9016647 1.6694365 1.1643480 1.0198706 1.4027083 1.4750864 0.1958118 0.3849389 0.0000000 0.0584365 0.0865679 0.4068254 0.3583786 0.4068943 0.2406535 0.6404566 0.9685350 1.2688287 2.1588515 1.4153645 0.7560937 1.3849904 1.6617901 1.8367743 1.8314892 0.8982432 1.5751855 1.7965344 1.8172708 1.0132948 1.7861738 1.7265236 1.4137077 1.7246438 0.9996072 1.9341188 1.4339886 1.1318136 1.0622492 1.5172605 1.4484531 1.3827298 1.3722671 1.1239883 1.4450306 1.1199342 1.8961546 1.3586742 1.7069846 2.1071878 1.8289598 2.0533822 1.9301986 1.8910666 1.6738613 1.3935845 1.6762707 1.3138685 1.8346215 1.4108445 1.5403987 1.5825899 1.2418445 1.7902302 1.8410401 1.3109157 2.0545448 1.2990960 1.9813319 2.3295330 2.1164620 2.1667800 1.2821115 2.2335954 2.0902008 1.8961087 1.6839848 1.6749850 1.9732863 2.5311359 1.7890254 1.8839199 3.2270960 2.5730668 2.3295912 2.1124554 3.8896871 2.2627821 2.1816155 3.4697941 1.9020138 2.2121620 3.4167983 1.8978124 1.5141637 1.8709826 3.2664618 
Adig_XM_015900794.1                                    3.6023457 0.7491334 0.7620138 0.6343775 0.7871661 0.9497679 0.7716357 0.6662056 0.0000010 0.1662169 0.0584365 0.0000000 0.0474905 0.2038522 0.2022782 0.2041822 0.0639808 0.5068705 0.4305391 0.7681785 0.6022812 0.7763138 0.7885479 0.7682647 0.8798215 0.9575581 0.9049244 1.1541038 0.8701872 0.8213703 0.8213703 0.8889180 1.1113941 0.9170065 0.8599842 1.1319643 0.8916220 1.2766539 0.7412582 0.7430576 0.0000010 1.0449171 0.8957406 0.7301597 0.7417220 0.6511716 0.6816696 0.5607397 7.2540568 1.9117265 0.8011932 1.0529918 1.0529918 1.0695213 1.2430999 0.8938981 0.8166075 0.8723438 1.0079323 0.8387561 1.0547408 0.3442717 0.9403816 0.9147832 0.0000010 0.8751669 0.8693379 7.9796898 1.3293321 1.0200917 1.3760287 1.2287844 1.3221146 1.3349715 0.9562017 0.9416528 1.0394188 0.9741078 0.7751681 0.8070566 1.0245487 3.3081168 0.8773057 1.0873552 9.0000000 0.0000010 1.7202436 1.5891260 9.0000000 1.6168777 1.5150320 7.7256091 1.3876772 1.5914844 9.0000000 4.2406994 0.0000010 1.1556269 0.0000010 
Adig_XM_015894465.1                                    2.7962243 1.5852149 1.1194933 1.8898282 1.4394314 1.2159361 1.4002954 1.4832123 0.2120762 0.3850934 0.0865679 0.0474905 0.0000000 0.4069190 0.3915272 0.4202520 0.4684545 0.6703391 0.9520057 1.2743610 2.3153277 1.2734219 0.8242549 1.2917785 1.8133753 1.9425728 1.9722819 1.3293264 1.8207744 1.9273690 1.9277261 1.0982823 1.7326830 1.7751357 1.6070979 1.6229946 1.1162353 1.9475005 1.3578168 1.3524430 1.4963515 1.6339638 1.4760917 1.3322521 1.2026637 1.1985446 1.4207371 1.3146432 1.7790797 1.5575335 1.5589108 2.2485120 2.1308209 2.0387982 2.0274069 2.0308969 1.7506801 1.4013955 1.7805071 1.5461624 1.8325622 2.2188286 1.5204466 1.6566611 1.3678659 1.6655844 1.7410675 1.3688314 2.0845698 1.5253928 1.9354900 2.2126963 2.1711089 2.1867288 1.4647292 2.1993799 2.0746699 1.7600464 1.4498854 1.6967485 1.8822079 2.4739526 1.9789680 1.9475921 3.2190824 2.9979793 2.3083544 2.2314390 3.5612034 2.1951655 2.1472447 3.5750246 1.9472145 2.1947467 3.1328982 1.4958273 1.5200194 1.9948721 2.9020456 
Gasp_gasp1.m3.17321.m1                                 3.4857628 1.6520457 1.0503105 1.7188346 1.2986529 1.1275162 1.6092354 1.5847071 0.1706027 0.1922325 0.4068254 0.2038522 0.4069190 0.0000000 0.2445679 0.3022951 0.3621388 0.6863727 1.0710610 1.2971552 2.1640200 1.3776444 0.7975936 1.4495024 1.4955564 1.6939125 1.7375259 0.9521597 1.4404695 1.6972061 1.7148799 1.1265864 1.8041896 1.7874824 1.3946614 1.8136009 0.9964219 1.9053762 1.6035596 1.1682777 1.1897805 1.6285511 1.5376417 1.4297592 1.3406206 1.1109045 1.4673680 1.0824790 1.7999786 1.4229120 1.6569521 2.1155673 1.8063554 2.0843157 1.8638430 2.0555480 1.8094076 1.3663543 1.7961932 1.4100046 1.9993671 1.4850233 1.5942029 1.7772139 1.1490104 1.8767487 1.8840290 1.3458911 1.9916844 1.3507460 2.1203850 2.1936599 2.1611153 2.2092363 1.2099093 2.2850026 2.0838060 1.8594054 1.7497646 1.7197283 2.0859250 2.2280922 1.8263747 2.0768050 2.6846345 2.2143179 2.1645919 2.0573748 2.6380111 2.1130858 2.0756777 2.7300865 1.8532073 2.0677261 2.7196400 2.0710640 1.6369151 1.9697584 3.2390901 
Spis_XP_022782759_1                                    3.4018638 1.5161967 1.0952126 1.5879767 1.2836825 1.0905682 1.4356043 1.4786144 0.2007943 0.2197654 0.3583786 0.2022782 0.3915272 0.2445679 0.0000000 0.0913910 0.3675039 0.5624531 0.8485791 1.1844879 2.0856601 1.2285907 0.8398466 1.3046824 1.3812502 1.6158932 1.6448328 1.0198170 1.4335028 1.6271337 1.6272649 1.1812080 1.6823694 1.6387305 1.4750223 1.5279056 1.0285293 1.7981712 1.3308840 1.2441005 1.2354514 1.3814065 1.2770381 1.4468308 1.1073910 1.0696661 1.3304558 1.0952138 1.5275496 1.4808706 1.4564580 1.9711081 1.8917414 1.9421556 1.9445973 1.8703016 1.5723976 1.4159696 1.6839398 1.3974984 1.7642164 1.6517474 1.4909264 1.5909128 1.1535043 1.6637981 1.7369238 1.3004268 1.8772733 1.4561865 1.9007224 1.9923670 1.9861098 2.0120893 1.4286274 2.0483524 1.9957832 1.6724539 1.5281158 1.5820245 1.8052850 2.2342888 1.9215602 1.9937456 2.5923003 2.2673950 2.0852032 2.1178775 2.8867325 2.1001015 1.9896974 2.6635468 1.7765030 2.0794981 2.6487205 1.5631037 1.5951576 2.0605516 3.3341913 
Pocdam_XM_027204350.1                                  2.6099737 1.5081464 1.0365140 1.6503807 1.3137777 1.1214525 1.4534798 1.4790805 0.1846693 0.2738396 0.4068943 0.2041822 0.4202520 0.3022951 0.0913910 0.0000000 0.3611278 0.5455261 0.8479168 1.1195524 2.2883517 1.2830860 0.7806733 1.3321347 1.4313577 1.6393986 1.6557485 1.0305425 1.3643464 1.6406074 1.6611083 1.0987582 1.6482484 1.6560951 1.4341029 1.5458121 0.9915830 1.7279317 1.3924251 1.2260463 1.2618619 1.3823552 1.3537615 1.2889130 1.1731103 0.9796284 1.3113330 1.0951461 1.6186228 1.4250544 1.5960987 2.0757923 1.8663981 1.9517922 1.8463445 1.9790880 1.6934111 1.4084456 1.6923661 1.3899786 1.6354664 1.6229457 1.5419642 1.6071536 1.1902717 1.5611068 1.7936501 1.2906367 1.8665860 1.4245047 1.9156262 2.0553367 1.9351583 1.9656165 1.3891211 2.1393411 2.0870552 1.7239538 1.5911421 1.5877881 1.8780403 2.4303626 1.8657112 2.0843478 2.2351295 2.1225765 2.0488823 1.9457440 2.1969940 2.0458996 1.9231324 2.2570372 1.9177919 1.9531840 2.2976753 1.7624758 1.5738942 2.0499609 3.1773609 
Gfas_gfas1.m1.15546.m1                                 0.0000010 1.3069542 1.2187632 1.1895137 1.2994973 0.7943931 1.2606673 1.1446408 0.0000010 0.3268536 0.2406535 0.0639808 0.4684545 0.3621388 0.3675039 0.3611278 0.0000000 0.3552587 0.7042187 0.9218131 0.8537193 0.8730879 0.5421600 1.2339632 0.7024946 1.4550555 1.4758482 0.8985076 0.7607968 1.4247994 1.4245627 1.2791781 1.5562837 1.6669414 1.6047249 1.7326238 1.1237837 1.7457867 1.0066919 1.3649569 0.0000010 1.1653086 1.1706504 1.5381186 1.1415725 0.7680056 1.4032350 0.9515047 5.7105576 2.1109689 1.4487669 1.6290337 1.6290337 1.5879978 1.4337707 1.5250914 1.3151308 0.7055824 1.3815509 1.3598855 1.6648351 1.6332231 1.2439652 1.4096389 0.0000010 1.6454096 1.3733587 5.6021198 1.5290883 0.9143350 1.5911671 1.5579236 1.1123215 1.9797071 1.4705770 1.5238277 1.7673668 1.6961087 1.4262521 1.0764772 1.3372247 2.9346204 1.7519217 1.6657799 0.0000010 0.0000010 1.9820719 1.9991000 0.0000010 2.0115873 2.1025133 0.0000010 2.0014798 2.0279724 0.0000010 0.0000010 0.0000010 1.0820907 3.2658080 
Nvec_v1g127372                                         3.0666063 1.5053140 0.8494453 1.8471085 1.3302140 1.0899404 1.5285966 1.4856808 0.5773446 0.6437898 0.6404566 0.5068705 0.6703391 0.6863727 0.5624531 0.5455261 0.3552587 0.0000000 0.7315690 1.2668709 2.5085076 1.4361544 0.8565946 1.4320791 1.7200374 1.7521373 1.7372203 1.0249468 1.6511486 1.7721406 1.7968991 1.3655358 2.0996954 1.9467719 1.5143654 1.9054401 1.1632707 2.0645964 1.4620408 1.1369016 1.4731047 1.5510165 1.6678307 1.4596709 1.3586583 1.2308445 1.5097942 1.0960429 2.0830960 1.1022163 1.5858503 2.1299942 1.7996739 2.0623375 1.8314024 2.1231593 1.9269412 1.5340414 1.9365411 1.4370614 1.9587257 1.3812035 1.6368750 1.7124153 1.2682488 1.7737933 1.9965421 1.3574193 2.0660116 1.5090788 2.1030688 1.9706756 2.3194088 2.0510824 1.2240526 2.1261488 2.1679485 1.9059236 1.8061136 1.7668731 1.8891925 2.5687077 2.0780505 2.2564462 2.7563607 2.1319620 2.1396622 2.1021830 2.7748567 2.1887636 2.1801358 2.5095073 1.7774424 1.9939464 2.6246193 2.4189944 1.7698067 2.0489519 3.4994257 
Exapal_XM_021050199.2                                  3.4093157 1.8550202 1.0837086 2.2733209 1.4790835 1.2169013 1.8727931 1.9451656 0.6354473 1.0201645 0.9685350 0.4305391 0.9520057 1.0710610 0.8485791 0.8479168 0.7042187 0.7315690 0.0000000 1.6099881 2.5018123 1.7689463 0.7908554 1.8141714 2.3125981 2.5386145 2.6489911 1.3970099 2.3064074 2.5073876 2.5330460 1.2825702 2.3159132 2.3521664 1.7395009 2.2776252 1.1787573 2.6006415 1.8214123 1.3788942 1.7575397 2.1084620 1.9100291 1.7251642 1.8427893 1.6517212 1.9187009 1.2048199 3.1553831 1.6654802 2.4351552 2.7489784 2.3734670 2.4635657 2.4941380 2.5470180 2.2576912 1.7249452 2.3229888 1.5003962 2.2838715 1.7426947 2.1832864 2.2350268 1.5832962 2.6070032 2.4958016 1.7563758 2.9933238 1.7182226 2.5393303 2.4869798 2.7539976 2.6920945 1.6753382 2.5041315 2.6974916 2.5185054 2.1986807 2.2135685 2.6361076 2.4306142 2.4291354 2.7016211 3.6549542 2.7581635 2.8683642 2.8246579 3.6567026 2.7459361 2.7767900 3.4204291 2.2813702 2.6146029 3.7116249 3.1540124 2.8076456 2.0277805 3.6169360 
Dgig_XM_028551927.1                                    3.6999182 1.6365239 1.1653784 1.9050752 1.3379558 1.1477686 1.9125332 1.8618534 1.5337693 1.3183742 1.2688287 0.7681785 1.2743610 1.2971552 1.1844879 1.1195524 0.9218131 1.2668709 1.6099881 0.0000000 1.5545878 0.5054701 0.6441685 1.6532318 1.7211830 1.9064730 1.8865302 1.2042712 1.7306660 1.8810721 1.9015397 1.1402632 2.1404979 2.1067389 1.6934532 1.9166691 1.0992372 2.2157692 1.6308846 1.4510067 1.3075865 1.5406871 1.6601595 1.6809031 1.4861148 1.4030228 1.6582887 0.9745209 2.3774311 1.2208612 1.9844495 2.1440068 1.9028766 2.0450181 2.1214504 2.1240226 2.0054456 1.4686497 1.9127444 1.5518459 2.1697370 1.6705126 1.7682091 1.9086637 1.3843457 2.1136959 2.0595402 1.3916756 2.1411251 1.6342932 2.1859061 2.0709159 2.3606395 2.4399658 1.2897193 2.2710863 2.3692993 2.4359462 2.0788849 2.0445383 2.0387743 2.6457694 2.4038316 2.5005200 2.8233960 2.2837312 2.0940116 1.9790172 2.9017424 2.0769759 2.0463930 2.8458773 1.8462733 2.0378218 2.8347509 2.3900046 2.2507901 2.0093100 3.8815374 
Xesp_023223-T1                                         8.9999990 3.3452418 1.6520829 3.4054752 2.2596708 2.2352839 3.0700188 3.1773911 6.7742223 2.3154102 2.1588515 0.6022812 2.3153277 2.1640200 2.0856601 2.2883517 0.8537193 2.5085076 2.5018123 1.5545878 0.0000000 1.0201616 1.2218186 2.8832259 3.0215779 3.0910127 3.3324156 1.9683073 3.0699096 2.8962377 2.9599405 1.7809313 3.1198960 3.3154662 2.8289634 2.9054365 1.9220756 3.2196745 2.8484355 2.5548699 8.7142335 3.1431146 3.3846622 2.8462184 2.8388187 2.4457096 3.3357813 1.2512215 8.9999989 2.0196937 3.3982695 3.4943892 2.8513884 3.4269772 3.1028111 3.3188487 3.4577714 2.8903788 3.3203825 2.5080376 3.5603643 1.7271452 3.1159709 2.9017019 6.3066569 3.8474079 3.5540597 3.2290321 3.6922667 2.5495897 3.9513394 3.6359403 3.4497974 3.9980326 1.6223740 3.5003325 3.8476520 3.3559868 3.1758052 3.2523493 3.3407706 8.9999980 3.6660271 3.8844890 8.9999981 8.9999980 3.5203213 3.4755362 8.9999987 3.5343874 3.6231855 8.9999988 3.3677369 3.6698889 8.9999985 8.4403000 8.6775828 2.8685307 3.5729479 
Xesp_007515-T1                                         3.5932960 1.8528223 1.1580871 2.0367340 1.3931562 1.2441915 1.9972068 2.1062309 1.5730180 1.4305983 1.4153645 0.7763138 1.2734219 1.3776444 1.2285907 1.2830860 0.8730879 1.4361544 1.7689463 0.5054701 1.0201616 0.0000000 0.7607990 1.8411824 1.9134301 2.0476327 2.1655387 1.2424967 1.8342928 1.9944381 2.0118266 1.0246224 2.1237715 2.2038857 1.6334569 2.1317829 1.1020584 2.2338045 1.8907839 1.5937989 1.5528450 1.9064481 2.0966555 1.8839107 1.7753946 1.5762004 1.9415180 1.1683726 2.6363646 1.5247791 2.2128043 2.4187952 1.9757159 2.2402422 2.1355944 2.4067625 2.2077451 1.6218694 2.2350400 1.6088584 2.4339979 1.6840375 2.0144166 2.1471673 1.5573729 2.2681360 2.3416215 1.5033507 2.3309587 1.6688956 2.5250004 2.2576392 2.5382305 2.5198758 1.5123837 2.5007010 2.5763102 2.4605487 2.2544790 2.2475133 2.3096517 2.6669097 2.3604312 2.5192933 3.2259329 2.4240348 2.3374695 2.2348710 3.3407795 2.2838017 2.3538779 3.1011933 2.0598179 2.3272827 3.3935402 2.9495780 2.4522485 2.2168319 3.4478775 
Plajan_Pjan_C525229_01                                 0.0000010 0.7944752 0.7735687 1.2684435 1.1666058 1.2585385 0.9120056 0.8957854 0.0000010 0.7551742 0.7560937 0.7885479 0.8242549 0.7975936 0.8398466 0.7806733 0.5421600 0.8565946 0.7908554 0.6441685 1.2218186 0.7607990 0.0000000 0.8342183 1.0218357 1.0399295 0.9833869 1.1243586 0.9927506 1.0669435 1.0669435 1.4644483 1.3332953 1.2979349 1.2977193 1.3850346 1.4654617 1.4306723 0.8297394 0.8892050 0.0000010 0.7578292 0.7314859 0.8529959 0.7871770 0.9128759 0.8641910 0.9181026 1.0982540 1.1074664 0.8209071 1.1595086 1.1595086 1.0986377 1.3180334 0.9661614 0.8451053 1.0548559 0.8759851 0.8731640 0.8731640 0.7802105 0.9800006 0.9316143 0.0000010 0.9725669 1.1507064 0.8820514 1.1109201 1.1290137 1.1671198 1.0975307 1.1279455 1.4423592 1.1482753 1.1991555 1.6537581 1.3019124 1.1185126 1.0994130 1.1410478 3.1316950 0.9502358 0.9226992 0.3440825 0.0000010 1.3393731 1.3632641 0.0000010 1.2846285 1.2801743 0.0000010 1.2468916 1.2468916 0.0000010 0.5914660 0.0000010 1.7419649 0.0000010 
Bralan_BLAG07000407_2                                  1.4054033 1.1491705 0.8552717 1.6543158 1.1317677 0.9478826 1.2944553 1.2973034 1.2799193 1.5048704 1.3849904 0.7682647 1.2917785 1.4495024 1.3046824 1.3321347 1.2339632 1.4320791 1.8141714 1.6532318 2.8832259 1.8411824 0.8342183 0.0000000 1.7690428 1.8303213 1.8198918 1.1039540 1.7292849 1.8690965 1.8761424 1.3376910 2.0191524 2.0334054 1.6018511 1.8732212 1.1797249 2.0754298 1.0257610 0.9606290 1.5772568 1.7486652 1.8395691 1.6494188 1.5582606 1.4822998 1.7722051 1.3662711 2.2626412 1.5778842 1.5388083 2.0338129 1.7179246 2.0017271 1.8796676 1.9017091 1.8308139 1.1580958 1.8687769 1.3504893 1.8560798 1.5020442 1.2469994 1.4216762 1.1238913 1.7049731 1.5576602 1.4084453 2.3450265 1.5608763 2.0301761 2.2246813 2.3550423 2.3786146 1.4201712 2.3873159 2.1933745 1.6232999 1.4549447 1.4550570 1.5111559 2.0372622 1.9950789 2.0752324 2.1434728 1.7464602 1.8771063 1.8246421 2.0933996 1.9773088 1.9492522 2.4790216 1.7169555 1.9301535 2.3986787 1.9431304 1.5507551 2.1670900 3.9378882 
HoiH23_PlH23_008833-RA                                 2.6816529 1.7340421 0.9623030 1.9499727 1.4013828 1.2810036 2.0230423 1.9024840 1.5374413 1.5507376 1.6617901 0.8798215 1.8133753 1.4955564 1.3812502 1.4313577 0.7024946 1.7200374 2.3125981 1.7211830 3.0215779 1.9134301 1.0218357 1.7690428 0.0000000 0.0402059 0.1608601 0.1260266 0.0777161 0.1169303 0.1226117 1.2677034 1.8151414 1.7822776 1.2951645 1.6389395 1.1104946 1.9279947 1.6887321 1.2932407 1.5391247 1.6953369 1.8341003 1.7538904 1.8005131 1.5906750 1.7362075 1.0719412 2.5340878 1.2249274 1.9776207 2.2074765 1.8152122 1.9899652 2.0051166 2.3858150 2.1505821 1.4432479 2.1418172 1.3412342 1.9874104 1.1313899 1.8871978 2.1255319 1.2782000 2.0627217 2.2373031 1.1808484 2.2450557 1.5011585 2.3989789 2.3384487 2.3367355 2.4482864 1.0937329 2.3242497 2.4928225 2.0987983 1.8037008 1.9936713 2.1618702 1.9964674 1.9199301 2.0593452 2.8358710 2.6707744 2.1722449 2.0177937 2.8689314 2.1956560 2.1718182 2.7810143 1.6666758 1.9551342 2.6514931 2.3411023 1.9815469 2.1963806 2.1759687 
HoiH06_mRNA4024                                        2.6857207 1.8177706 1.2308458 2.0279129 1.4272766 1.2646079 2.0586650 2.0543187 1.5232049 1.7600396 1.8367743 0.9575581 1.9425728 1.6939125 1.6158932 1.6393986 1.4550555 1.7521373 2.5386145 1.9064730 3.0910127 2.0476327 1.0399295 1.8303213 0.0402059 0.0000000 0.1981394 0.1282184 0.1075666 0.1505178 0.1559133 1.2434490 1.9021850 1.8502790 1.4373640 1.8178994 1.1111829 2.0250342 1.7743371 1.4551907 1.5468567 1.8019214 1.8815145 1.9533285 1.8758629 1.5597091 1.9384599 1.3959874 2.5116295 1.7306201 2.1618163 2.3340793 1.9757719 2.1117334 2.1281270 2.4242196 2.2469342 1.4404282 2.2415741 1.5508589 2.2787061 1.8700302 1.9751355 2.1572517 1.2506405 2.3019317 2.3499501 1.2431441 2.3971483 1.5135609 2.4817406 2.4897489 2.2985468 2.5413853 1.4672625 2.5176244 2.7252971 2.3153169 1.9446399 2.1743421 2.3485845 2.0022672 2.1492756 2.2702365 2.8299495 2.5908058 2.4498202 2.2882343 2.8298206 2.4515805 2.4448441 2.7255183 1.9679345 2.2498040 2.6462691 2.3102878 1.9593681 2.2239097 3.4502402 
TrH2_TrispH2_004102-RA                                 2.9666178 1.8997610 1.2260861 2.0811997 1.4513462 1.2647001 2.0731402 2.0236181 1.5187306 1.7959294 1.8314892 0.9049244 1.9722819 1.7375259 1.6448328 1.6557485 1.4758482 1.7372203 2.6489911 1.8865302 3.3324156 2.1655387 0.9833869 1.8198918 0.1608601 0.1981394 0.0000000 0.0466919 0.1482879 0.2496466 0.2546909 1.2581641 1.8783654 1.8948588 1.4724349 1.8873737 1.1556551 2.0478063 1.8065164 1.5887169 1.5744278 1.7953401 1.9337429 2.0021608 1.9722687 1.5336147 1.8803239 1.2977583 2.5784010 1.8211606 2.2513136 2.3241640 1.9626712 2.1930231 2.1255665 2.4705151 2.3238314 1.4440058 2.2801351 1.5088683 2.2376506 2.0968196 2.0542423 2.2737339 1.2347441 2.3736081 2.3923189 1.2466999 2.5085206 1.5398182 2.4570807 2.3849162 2.2117765 2.5679246 1.4098724 2.5202832 2.7348761 2.3455000 2.0371093 2.1843169 2.3510042 1.9898575 2.2519913 2.3885211 2.7993973 2.5192115 2.4398049 2.2950800 2.7463207 2.4407859 2.4134524 2.8126503 1.9960798 2.3007975 2.7058493 2.3071328 1.9971150 2.2225223 4.0169964 
Tadh_TriadT21607                                       1.6248111 1.0196728 0.9974525 1.4652850 1.4466748 1.3647654 1.2163101 1.1290815 1.3482681 0.9543048 0.8982432 1.1541038 1.3293264 0.9521597 1.0198170 1.0305425 0.8985076 1.0249468 1.3970099 1.2042712 1.9683073 1.2424967 1.1243586 1.1039540 0.1260266 0.1282184 0.0466919 0.0000000 0.1417602 0.1609211 0.1640292 1.3881535 1.2396926 1.2224471 1.2267810 1.3112431 1.2515490 1.2695767 0.9323432 1.1964296 1.3374044 1.0753199 1.1725277 1.4198031 1.1332336 1.0487662 1.1216243 1.0901427 1.3226119 1.1915331 1.2586677 1.4499494 1.4499494 1.5428014 1.4743615 1.6054134 1.5348982 1.4514072 1.3720035 1.3990226 1.4483389 1.1407150 1.2107578 1.2474129 1.2347441 1.1789925 1.4675133 1.2778253 1.4914682 1.3638881 1.3685702 1.4697134 1.3689142 1.5350760 1.1502537 1.4102366 1.5721743 1.3554189 1.2394252 1.3005719 1.4000415 1.9630436 1.5742459 1.5419687 1.5962820 1.6733101 1.4566134 1.4544173 1.3862237 1.4519842 1.4786892 1.6587177 1.4876599 1.4804668 1.5055210 1.2624100 1.5338588 2.1458917 2.2461429 
HoiH11_mRNA2577                                        2.7687372 1.6377934 1.0047305 2.0004971 1.4212459 1.2796234 1.9199605 1.8870640 1.5397944 1.5042000 1.5751855 0.8701872 1.8207744 1.4404695 1.4335028 1.3643464 0.7607968 1.6511486 2.3064074 1.7306660 3.0699096 1.8342928 0.9927506 1.7292849 0.0777161 0.1075666 0.1482879 0.1417602 0.0000000 0.1305511 0.1305975 1.2607687 1.9119135 1.8567371 1.4016480 1.7074815 1.1111369 1.9163390 1.6225043 1.3913812 1.6040058 1.6089182 1.7408191 1.8023737 1.6961545 1.5027430 1.6747493 1.1187419 2.3010238 1.2727955 1.9404363 2.1935102 1.8525700 2.1231056 2.0500498 2.2603024 2.0783345 1.4419096 1.9952980 1.4427659 2.0323960 1.6277649 1.8666901 2.0809844 1.1405055 1.9509139 2.0867585 1.1849475 2.2221367 1.5587907 2.3516833 2.3598809 2.1461921 2.4002340 1.2222530 2.2665898 2.4695123 2.1435317 1.8164907 1.8634004 2.1365641 2.0590639 1.9526147 2.0886676 2.6968915 2.6015272 1.9894651 1.9485281 2.8580738 2.1320660 2.0292602 2.9099538 1.6403101 1.9569553 2.6284151 2.1717594 1.9747728 2.0697746 5.6226580 
Hhon_g01398.t1                                         2.9863143 1.8450943 1.2237313 2.0062810 1.4020892 1.2178026 2.0724275 2.0233116 1.5466111 1.7365206 1.7965344 0.8213703 1.9273690 1.6972061 1.6271337 1.6406074 1.4247994 1.7721406 2.5073876 1.8810721 2.8962377 1.9944381 1.0669435 1.8690965 0.1169303 0.1505178 0.2496466 0.1609211 0.1305511 0.0000000 0.0065190 1.2531455 1.9422110 1.9162663 1.4607434 1.8670046 1.1274212 2.1286797 1.7973442 1.4640743 1.6846700 1.8438030 1.9736615 1.9801210 1.9792099 1.5669846 1.9729306 1.3404427 2.5095109 1.8311604 2.2162965 2.4045936 2.0231460 2.1336519 2.2397542 2.5231444 2.3961004 1.4098500 2.3693792 1.5200484 2.2002206 1.8828957 1.9836536 2.1108022 1.2192330 2.2101049 2.4017665 1.1934923 2.4285948 1.5389302 2.4373389 2.4391775 2.3737364 2.5519416 1.4569272 2.6131177 2.6950106 2.2820841 1.9899260 2.2569494 2.3639719 2.0284577 2.2014850 2.2523012 2.8954644 2.6835803 2.4029821 2.2341749 2.8457782 2.4429167 2.4212009 2.8633830 2.0289583 2.3172719 2.7694966 2.3160289 2.0728786 2.1724847 3.8062006 
HoiH04_mRNA18010                                       2.9863143 1.8592476 1.2231677 2.0146915 1.4078742 1.2178026 2.0937481 2.0322814 1.5466111 1.7560156 1.8172708 0.8213703 1.9277261 1.7148799 1.6272649 1.6611083 1.4245627 1.7968991 2.5330460 1.9015397 2.9599405 2.0118266 1.0669435 1.8761424 0.1226117 0.1559133 0.2546909 0.1640292 0.1305975 0.0065190 0.0000000 1.2531455 1.9449480 1.9246967 1.4659023 1.8713725 1.1338893 2.1387893 1.8043970 1.4691143 1.6846700 1.8647384 1.9940503 1.9806001 1.9992162 1.5670627 1.9734592 1.3400367 2.5201784 1.8319535 2.2270934 2.4098090 2.0243396 2.1466989 2.2409618 2.5517011 2.4035369 1.4098500 2.3785463 1.5243302 2.2076718 1.9020550 2.0029229 2.1000372 1.2192330 2.2277854 2.4149255 1.1934923 2.4449353 1.5448568 2.4481978 2.4399210 2.3646681 2.5531794 1.4568314 2.6471576 2.7177125 2.3066442 2.0076854 2.2854533 2.3840801 2.0032637 2.2087842 2.2614397 2.8954644 2.6835803 2.4080139 2.2449374 2.8457782 2.4641494 2.4360612 2.8633830 2.0300715 2.3184235 2.7694966 2.3563938 2.0728786 2.1724847 3.7237155 
HoiH04_mRNA12017                                       0.0000010 1.2348725 1.1616109 1.5142481 1.4345500 1.3555472 1.4161015 1.3696274 0.0000010 1.1523519 1.0132948 0.8889180 1.0982823 1.1265864 1.1812080 1.0987582 1.2791781 1.3655358 1.2825702 1.1402632 1.7809313 1.0246224 1.4644483 1.3376910 1.2677034 1.2434490 1.2581641 1.3881535 1.2607687 1.2531455 1.2531455 0.0000000 0.0796551 0.2133275 0.1734054 0.2164057 0.1842326 0.3086648 1.1706260 1.3774494 0.0000010 1.2753405 1.3074020 1.1902592 1.2081240 1.2321460 1.1762021 1.2857687 1.9714486 1.4400772 1.5808535 1.5847792 1.5847792 1.5675584 1.5745081 1.5702602 1.3729298 1.0927932 1.5898306 1.6289707 1.6289707 2.1280398 1.5794700 1.4206470 3.5987166 1.3338154 1.4509882 1.3879154 1.6098513 1.3542235 1.5542768 1.4451367 1.1837740 1.3835114 1.2970537 1.5077101 1.7573995 1.5112768 1.2317931 1.4907694 1.4963414 3.8298787 1.5449850 1.4694588 5.0770064 0.0000010 1.8997701 1.8447523 0.0000010 1.8018320 1.8353165 0.0000010 1.6347517 1.6347517 2.3248344 1.1633274 1.4874505 1.6812815 8.9999986 
Hhon_g07752.t1                                         4.2230017 2.0347256 1.2761207 2.1162451 1.5673441 1.3278934 2.1652030 2.0646818 1.6882666 1.9204156 1.7861738 1.1113941 1.7326830 1.8041896 1.6823694 1.6482484 1.5562837 2.0996954 2.3159132 2.1404979 3.1198960 2.1237715 1.3332953 2.0191524 1.8151414 1.9021850 1.8783654 1.2396926 1.9119135 1.9422110 1.9449480 0.0796551 0.0000000 0.2963049 0.1716475 0.4454870 0.1954853 0.4676697 1.9434201 1.7083077 1.8434219 2.0307530 2.1397440 2.0111822 1.9135828 1.6827710 2.0359344 1.6164549 2.4938412 2.0738080 2.2988930 2.4929257 1.9980574 2.3380319 2.0957437 2.1505120 2.0615708 1.4992167 2.2510443 1.6561137 2.1671220 1.8827269 2.0921125 2.0982059 1.4092837 2.3590276 2.3706043 1.3582003 2.3042765 1.5918923 2.3807848 2.2503352 2.1226788 2.1416712 1.3932312 2.3129244 2.2881895 2.4887385 2.1408058 2.0473003 2.3363203 2.3975419 2.1317732 2.1571876 2.7491334 2.0763579 2.4981208 2.4409606 2.8756043 2.4000079 2.4054807 2.8949000 2.0755159 2.3155417 2.6428124 2.0774334 2.0434332 2.4262311 2.8813310 
HoiH23_PlH23_006495-RA                                 3.7309975 1.9799779 1.3288846 2.1325210 1.5636019 1.2975344 2.1088072 2.0899790 1.7440586 1.8764730 1.7265236 0.9170065 1.7751357 1.7874824 1.6387305 1.6560951 1.6669414 1.9467719 2.3521664 2.1067389 3.3154662 2.2038857 1.2979349 2.0334054 1.7822776 1.8502790 1.8948588 1.2224471 1.8567371 1.9162663 1.9246967 0.2133275 0.2963049 0.0000000 0.0891421 0.4513699 0.1888906 0.4638581 1.8752550 1.7555476 1.7389496 2.0126288 2.0389945 2.0768652 1.9913246 1.7070090 2.0086729 1.5055025 2.5695001 1.9916515 2.3011338 2.3835437 1.9499708 2.2402904 2.1128874 2.1118191 2.0671155 1.4267091 2.3016337 1.7063816 2.2789095 2.0316278 2.0949434 2.0920911 1.3933690 2.2983552 2.4210313 1.2966057 2.3779059 1.5949618 2.3312986 2.3148715 2.0214269 2.1575717 1.5913046 2.2483426 2.3860326 2.4004178 2.1444688 2.0204999 2.2858130 2.4201910 2.1703568 2.1661970 2.7051994 2.1536396 2.4486384 2.4510430 2.7850102 2.4748412 2.3749741 2.6886466 2.1441997 2.3450033 2.5716005 2.2565165 2.1600907 2.5220963 3.7036220 
HoiH06_mRNA12356                                       3.0428659 1.5725548 1.3657888 1.7689983 1.6282835 1.3528354 1.7442090 1.5886295 1.6456910 1.5334301 1.4137077 0.8599842 1.6070979 1.3946614 1.4750223 1.4341029 1.6047249 1.5143654 1.7395009 1.6934532 2.8289634 1.6334569 1.2977193 1.6018511 1.2951645 1.4373640 1.4724349 1.2267810 1.4016480 1.4607434 1.4659023 0.1734054 0.1716475 0.0891421 0.0000000 0.2819521 0.1767980 0.3408075 1.4131753 1.7443433 1.6677968 1.5213942 1.6044175 1.9008144 1.5342188 1.3878252 1.6570497 1.3855611 1.7643083 2.1044726 1.9006952 1.8951228 1.8951228 1.8668306 1.8077065 1.8133266 1.7044392 1.3729722 1.8184645 1.7093816 1.9455246 2.0427945 1.6984239 1.5777505 1.4295049 1.7764685 1.9168825 1.2991093 1.7642002 1.5561366 1.7169645 1.7663281 1.5032330 1.7377847 1.5491873 1.6752140 1.9455653 1.8807546 1.6308546 1.6453821 1.8268190 2.3573277 1.8498260 1.7500989 1.9536164 2.0026888 2.1185292 2.1249640 2.0209980 2.0711819 2.0985145 2.0829545 2.0590811 2.0812686 1.9632517 1.5412408 2.0079150 2.4485019 3.4721134 
TrH2_TrispH2_006930-RA                                 4.3459397 1.9611833 1.3290684 1.9251168 1.6027356 1.3925224 2.0925666 2.1372133 1.5950254 1.8343177 1.7246438 1.1319643 1.6229946 1.8136009 1.5279056 1.5458121 1.7326238 1.9054401 2.2776252 1.9166691 2.9054365 2.1317829 1.3850346 1.8732212 1.6389395 1.8178994 1.8873737 1.3112431 1.7074815 1.8670046 1.8713725 0.2164057 0.4454870 0.4513699 0.2819521 0.0000000 0.0123705 0.5180018 1.7909132 1.5913511 1.5817399 1.9465805 1.9672513 1.8795577 1.7508575 1.3791534 1.7974144 1.4736002 2.1980494 1.8676485 2.1352678 2.0676973 1.6746248 2.0978912 1.8307995 2.0168856 1.8268781 1.3540440 2.0013518 1.7989016 2.2046668 1.9181038 2.0146634 1.9862157 1.2310239 2.0505134 2.0827254 1.2952053 2.2407608 1.4253777 2.0931387 2.1164116 1.9201333 2.0522492 1.3456039 2.1019972 2.2406056 2.3535173 2.0807738 1.9123567 2.0371427 2.1439798 1.8909448 1.8961782 2.2305607 1.5755656 2.1172200 2.0668602 2.1606440 2.2667186 2.1982555 2.3429629 1.9076526 2.0372688 2.2474132 2.1019595 1.7174993 2.3447795 2.7609914 
Tadh_TriadT2641                                        0.9614267 1.1284009 1.0918649 1.4524677 1.3492457 1.3310225 1.2871103 1.2976774 0.7194912 1.0142291 0.9996072 0.8916220 1.1162353 0.9964219 1.0285293 0.9915830 1.1237837 1.1632707 1.1787573 1.0992372 1.9220756 1.1020584 1.4654617 1.1797249 1.1104946 1.1111829 1.1556551 1.2515490 1.1111369 1.1274212 1.1338893 0.1842326 0.1954853 0.1888906 0.1767980 0.0123705 0.0000000 0.2436068 1.0171632 1.2816894 0.9879731 1.1660121 1.2463230 1.4709654 1.1167593 1.2035034 1.1349775 1.2419604 1.2285241 1.3919220 1.3822361 1.3899919 1.3899919 1.3839658 1.3708462 1.4450335 1.3041963 1.1584836 1.3772242 1.6276390 1.6276390 1.8031359 1.3445454 1.1707147 0.9561363 1.2248551 1.2984167 1.2368987 1.3726357 1.3090540 1.4517317 1.3520226 1.1655162 1.1737664 1.1666158 1.3167289 1.4960308 1.6061898 1.2875060 1.2715002 1.2403960 1.9061164 1.4575610 1.3185230 1.1825749 1.1478427 1.4897572 1.4884997 0.7790140 1.5457178 1.5248922 1.2668962 1.4614389 1.4457013 1.2685002 1.1297703 1.3566004 2.0316961 5.1317936 
Hhon_g07753.t1                                         4.5253637 2.1006869 1.3504398 2.1772876 1.7051691 1.4051312 2.2920741 2.2741203 1.8430374 2.0218699 1.9341188 1.2766539 1.9475005 1.9053762 1.7981712 1.7279317 1.7457867 2.0645964 2.6006415 2.2157692 3.2196745 2.2338045 1.4306723 2.0754298 1.9279947 2.0250342 2.0478063 1.2695767 1.9163390 2.1286797 2.1387893 0.3086648 0.4676697 0.4638581 0.3408075 0.5180018 0.2436068 0.0000000 1.9787995 1.7095602 1.7552543 2.0864891 2.1113895 2.2030741 2.0307675 1.7289396 2.0986602 1.6349573 2.4902295 2.1809812 2.3753949 2.3777103 1.9441466 2.3545773 2.0758560 2.1026115 2.1898361 1.5888606 2.2688159 1.9047527 2.4716442 2.3195586 2.1949984 2.0225811 1.4147483 2.4907590 2.3567161 1.2619120 2.3779369 1.6412166 2.3057196 2.3550414 2.1371009 2.2763929 1.5790277 2.4284742 2.3879452 2.5453232 2.2684114 2.2161460 2.4287086 2.7207507 2.2146686 2.3049017 3.0415076 2.2919491 2.5310177 2.5017309 3.3614182 2.5418631 2.5580701 2.9796785 2.2417881 2.3951053 2.8443329 2.1454638 2.0516593 2.4969077 3.2522596 
