53
Exapal_XM_021043875.2                               0.0000000 1.3853088 1.3853088 1.3118571 1.1466883 1.3899320 1.3827621 1.2633450 1.0612182 1.2006630 1.0392967 1.0823458 1.1929771 1.1934661 1.1781197 1.1525390 1.2366671 1.1084461 1.2244718 1.1834547 1.2075752 1.2061322 1.3428119 1.0898627 1.2053706 1.1090031 1.1163822 1.3187665 1.7163207 0.8562563 1.5019670 1.4905821 1.4618936 1.3573194 1.3916764 1.3672789 1.3602719 1.2965794 1.2602357 1.3012759 1.3533959 1.6210297 1.3245850 3.0147756 2.1274216 3.1347748 2.9688312 2.8118894 2.8957457 2.0555426 2.0628271 2.4752631 3.0662374 
TrH2_TrispH2_005371-RA                              1.3853088 0.0000000 0.0000010 0.6535966 0.5767662 0.6514973 0.6369710 1.0339752 0.9067533 1.0400024 1.0765303 1.1361631 1.1841104 1.0416702 0.7514183 0.8356316 0.9159908 0.7323052 0.9963177 0.8989966 0.9198656 0.8899340 0.9739849 0.8246511 0.8006159 1.0344878 0.9913937 1.1848400 1.0237474 1.0803832 1.1218382 1.2982540 1.1570988 1.1096630 0.7766655 0.7833203 1.1800893 0.9335049 0.9825485 0.9043417 1.6425580 1.2982570 1.3647430 2.4739930 1.9256699 2.9073544 3.1225350 2.9776623 2.8503342 2.4365029 2.5941071 2.6337353 2.4252101 
Tadh_TriadT24456                                    1.3853088 0.0000010 0.0000000 0.6535966 0.5767662 0.6514973 0.6369710 1.0339752 0.9067533 1.0400024 1.0765303 1.1361631 1.1841104 1.0416702 0.7514183 0.8356316 0.9159908 0.7323052 0.9963177 0.8989966 0.9198656 0.8899340 0.9739849 0.8246511 0.8006159 1.0344878 0.9913937 1.1848400 1.0237474 1.0803832 1.1218382 1.2982540 1.1570988 1.1096630 0.7766655 0.7833203 1.1800893 0.9335049 0.9825485 0.9043417 1.6425580 1.2982570 1.3647430 2.4739930 1.9256699 2.9073544 3.1225350 2.9776623 2.8503342 2.4365029 2.5941071 2.6337353 2.4252101 
HoiH06_mRNA9739                                     1.3118571 0.6535966 0.6535966 0.0000000 0.1503542 0.3918970 0.4046084 1.1421762 0.9906509 1.3393897 1.3355865 1.2707901 1.4638300 1.0799399 0.8920900 0.9042833 0.9172426 0.9263110 1.0447773 1.0109534 1.0615273 1.0139189 0.9849805 0.9910578 0.9446036 0.9187677 0.8447216 1.1709999 1.1014803 1.0714781 1.0995200 1.1903518 1.2277871 0.9017675 0.8613402 0.8661826 1.3155833 1.1982006 1.1356398 1.0094759 1.6253353 1.4166956 1.7456739 2.1032920 1.6912524 2.7886895 2.9330680 2.8137491 2.7153893 2.1413590 2.4134554 2.4500275 2.0635286 
HoiH23_PlH23_001671-RA                              1.1466883 0.5767662 0.5767662 0.1503542 0.0000000 0.4115058 0.4239383 1.0186967 0.9182905 1.2383607 1.2462485 1.1453777 1.3225442 1.0096595 0.9104118 0.9430662 0.9137576 0.7963105 1.0329361 0.8875982 1.0810752 1.0175119 1.0010794 0.8945458 0.9423878 0.8620735 0.8664397 1.1807401 1.2315732 0.9723864 1.1296341 1.1055924 1.2034208 1.0377117 0.9171368 0.9468602 1.2790828 1.1302924 1.1202989 1.0133737 1.6177499 1.4775440 1.4924631 2.0740908 1.5814040 2.7875966 3.0173393 2.8069147 2.8264529 2.2457256 2.3065929 2.3507405 2.1904332 
Hhon_g00939.t1                                      1.3899320 0.6514973 0.6514973 0.3918970 0.4115058 0.0000000 0.0088421 1.2790396 1.2097683 1.5739234 1.4824804 1.3286016 1.5231163 1.2026496 1.0654858 1.1122156 1.0559210 0.9416734 0.9893509 1.1057891 1.1284517 1.2060025 1.1323379 1.1325659 1.1430645 0.9404734 0.8841368 1.1166617 1.4187202 1.1007876 1.1014524 1.3254850 1.2954243 1.1279981 0.9541832 0.9582984 1.3743618 1.0795096 1.3285466 1.0690136 1.7162563 1.5824706 1.5482743 2.4070403 1.8743096 2.9800644 3.1465166 2.9308955 2.9250227 2.3399440 2.5999478 2.3733805 2.4646714 
HoiH04_mRNA5600                                     1.3827621 0.6369710 0.6369710 0.4046084 0.4239383 0.0088421 0.0000000 1.2967224 1.2038233 1.6035072 1.5124237 1.3494147 1.5128637 1.2220212 1.0481029 1.1302218 1.0740434 0.9585128 0.9718250 1.0882024 1.1413829 1.2206299 1.1510983 1.1495473 1.1525435 0.9575931 0.9006641 1.1336499 1.4294624 1.1197455 1.1197743 1.3025734 1.3137524 1.1470239 0.9541832 0.9582984 1.3965211 1.0795096 1.3506680 1.0875369 1.7074887 1.5824706 1.5401940 2.3987886 1.8652267 2.9695945 3.1353042 2.9204940 2.9146989 2.3291594 2.5867331 2.3610185 2.4560726 
Spis_XP_022778390_1                                 1.2633450 1.0339752 1.0339752 1.1421762 1.0186967 1.2790396 1.2967224 0.0000000 0.1831461 0.2722519 0.3100897 0.6316763 0.7256821 0.6943549 0.7447594 0.6970470 0.8351973 0.6565767 0.9478255 0.7498978 0.7095051 0.8248501 0.9351995 0.8331961 0.8845053 1.0341332 0.9468746 0.8631829 0.9919965 0.7906338 1.0767619 1.2994062 1.1750809 1.0051726 1.1119004 1.1082772 1.0793655 1.1692719 1.1991659 1.2835527 1.4078029 1.3436051 1.0505517 2.5620796 1.7161867 3.1335948 3.1339103 2.9619018 3.0497064 2.1657303 2.0564910 2.3969351 2.9658769 
Pocdam_XM_027180405.1                               1.0612182 0.9067533 0.9067533 0.9906509 0.9182905 1.2097683 1.2038233 0.1831461 0.0000000 0.2994412 0.3163422 0.6208484 0.6470331 0.6314471 0.6424368 0.5975216 0.8144756 0.6029008 0.8288748 0.6779224 0.7052119 0.7362311 0.9540687 0.8276480 0.7661408 1.0380335 0.8096386 0.9336687 0.9127647 0.7969835 1.1395880 1.2163429 1.0648512 0.8317632 1.0756283 1.0696172 1.0786212 1.0212863 1.0303839 1.1233520 1.2782578 1.1983410 1.0053086 2.3540289 1.7379226 2.7558107 2.6644039 2.7089160 2.7544650 2.0563755 2.0539244 2.3319128 2.4770681 
Fspp_ffun1.m4.9479.m1                               1.2006630 1.0400024 1.0400024 1.3393897 1.2383607 1.5739234 1.6035072 0.2722519 0.2994412 0.0000000 0.1280396 0.4213686 0.5006898 0.6140434 0.6393447 0.5328636 0.8061388 0.7706317 0.8970138 0.7173809 0.6025988 0.9384086 0.9034617 0.8812887 0.7799838 1.2164431 0.8450030 1.0991674 0.9818450 0.7704854 1.1678038 1.3837371 1.1633719 1.2005779 1.0489175 1.0407673 1.2233347 1.3007414 1.2192451 1.2903055 1.5235877 1.3090453 1.1320924 2.6775563 2.1955579 3.1623338 3.2529565 2.9360177 3.0471170 2.0420656 1.7737002 2.8105632 2.8961396 
Gasp_gasp1.m3.1746.m1                               1.0392967 1.0765303 1.0765303 1.3355865 1.2462485 1.4824804 1.5124237 0.3100897 0.3163422 0.1280396 0.0000000 0.3859835 0.4617334 0.5481891 0.7320514 0.6031548 0.7477085 0.6285886 0.7853411 0.7107292 0.6535318 0.8502581 0.9188980 0.8673667 0.8651094 1.2615911 0.9063371 1.1594699 0.9031340 0.7006135 1.1722298 1.5805757 1.0171368 1.1026634 1.0819422 1.0479179 1.0439086 1.3451672 1.0595785 1.2041376 1.4685755 1.2790611 1.1934555 2.7198316 2.0092657 3.0264504 2.9686169 2.9509313 2.8207098 1.9976190 1.7313628 2.8716972 3.0466242 
Adig_XM_015914143.1                                 1.0823458 1.1361631 1.1361631 1.2707901 1.1453777 1.3286016 1.3494147 0.6316763 0.6208484 0.4213686 0.3859835 0.0000000 0.0813810 0.7708884 0.7548393 0.6873896 0.8259449 0.7376880 0.9368689 0.8499753 0.8235277 0.7466974 0.9492577 0.7863270 0.8934515 1.1596929 0.9186363 1.0463442 1.1016047 0.8336014 1.1934560 1.2724761 0.9451862 1.0388417 0.8687377 0.9173321 1.0596311 1.3268531 1.1973042 1.2802066 1.4202064 1.3540855 1.2064840 2.7944092 1.9322392 2.8121776 2.6481896 2.6648650 2.5671793 2.2760015 2.1311550 2.5194585 2.3853772 
Amil_Amillepora13237-RA                             1.1929771 1.1841104 1.1841104 1.4638300 1.3225442 1.5231163 1.5128637 0.7256821 0.6470331 0.5006898 0.4617334 0.0813810 0.0000000 0.8290120 0.8322484 0.7881753 0.9595709 0.7805928 0.8862652 0.9153234 0.9176667 0.8588607 1.0159694 0.9244952 1.0122791 1.3149946 1.0372129 1.1279533 1.2792487 1.0497273 1.3606982 1.7030707 1.0953022 1.1802666 0.9274284 0.9968595 1.1440030 1.4674032 1.2476914 1.3789636 1.4446168 1.2636158 1.2773443 2.6862029 1.9030403 2.7907564 2.8475232 2.7776291 2.7664115 2.0325233 1.7812239 2.6370159 2.3993148 
Morvir_scaffold8.g118.t3                            1.1934661 1.0416702 1.0416702 1.0799399 1.0096595 1.2026496 1.2220212 0.6943549 0.6314471 0.6140434 0.5481891 0.7708884 0.8290120 0.0000000 0.7734538 0.7753868 0.8170927 0.6621566 0.8163670 0.8744387 0.7597122 0.7385317 0.8901181 0.8572679 0.9345057 1.0740953 0.8603895 1.0839301 0.9851505 0.8663427 1.0997539 1.2293880 1.0628226 0.9757731 0.9384492 0.9446967 1.2533719 1.1313734 1.0703352 0.9802831 1.4681439 1.5175561 1.4988776 2.3496844 1.7301129 2.3823879 2.6583967 2.6100499 2.5329201 1.8455296 1.6897683 2.6265086 2.4307676 
Nemnom_g16523.t1                                    1.1781197 0.7514183 0.7514183 0.8920900 0.9104118 1.0654858 1.0481029 0.7447594 0.6424368 0.6393447 0.7320514 0.7548393 0.8322484 0.7734538 0.0000000 0.1240095 0.5829735 0.6459758 0.8485897 0.6989642 0.7357261 0.8206393 0.8622294 0.6949906 0.8414119 0.8966582 0.8670823 0.9291014 0.7775217 0.8672733 0.9857053 0.9672770 0.9233003 0.8877324 0.8422665 0.8504878 0.9950615 1.0701489 0.9990619 0.9518462 1.1367138 1.1023250 1.1726299 2.1183629 2.0728082 2.3139059 2.4306278 2.3445441 2.2396080 2.2124330 2.2341649 2.5355236 2.4487939 
Rhoesc_Res_017120-T1                                1.1525390 0.8356316 0.8356316 0.9042833 0.9430662 1.1122156 1.1302218 0.6970470 0.5975216 0.5328636 0.6031548 0.6873896 0.7881753 0.7753868 0.1240095 0.0000000 0.6117557 0.6290713 0.7854364 0.7091333 0.6551041 0.7069562 0.8982351 0.7339837 0.8409355 0.8811639 0.7967397 0.8609591 0.7031052 0.8510062 1.0275395 0.9809877 0.9571679 0.8972861 0.9018698 0.9109914 1.0315816 0.9531257 1.0587704 0.9483149 1.1837074 1.2658723 1.2233609 2.2986949 2.2040369 2.6094710 2.6970209 2.5229213 2.4270139 2.0990795 1.9099565 2.9562541 2.5502743 
Xesp_024663-T1                                      1.2366671 0.9159908 0.9159908 0.9172426 0.9137576 1.0559210 1.0740434 0.8351973 0.8144756 0.8061388 0.7477085 0.8259449 0.9595709 0.8170927 0.5829735 0.6117557 0.0000000 0.6387324 0.8432904 0.7256998 0.6068649 0.8406806 0.7773938 0.7684136 0.8815859 0.9353466 0.8981132 0.8624583 0.8679594 0.8059808 1.1727029 1.1873748 1.0236232 1.2398905 0.9717694 1.0100871 1.0250310 1.1057473 1.2781198 0.8550187 1.2257150 1.3555816 1.3781855 2.5538452 1.9752667 2.8871835 2.7559230 2.8922806 2.6504266 2.0743327 2.0435206 2.5042165 2.6493948 
Acagra_model.g2094.t1                               1.1084461 0.7323052 0.7323052 0.9263110 0.7963105 0.9416734 0.9585128 0.6565767 0.6029008 0.7706317 0.6285886 0.7376880 0.7805928 0.6621566 0.6459758 0.6290713 0.6387324 0.0000000 0.7592906 0.8116291 0.7744205 0.7287801 0.8064823 0.6685612 0.8614980 0.8607827 0.7782643 0.7945461 0.8840542 0.7819163 0.7682539 1.1173788 0.9807489 0.8669443 1.1192755 1.1378646 1.0764292 0.9906348 1.0869358 0.8012595 1.2973385 1.3422601 1.2339218 2.3019990 1.5419352 2.4664421 2.7096216 2.7281871 2.4574844 1.9473117 1.8630688 2.3695736 2.4333327 
Bralan_BLAG03002053_1                               1.2244718 0.9963177 0.9963177 1.0447773 1.0329361 0.9893509 0.9718250 0.9478255 0.8288748 0.8970138 0.7853411 0.9368689 0.8862652 0.8163670 0.8485897 0.7854364 0.8432904 0.7592906 0.0000000 0.7301103 0.6979190 0.6992114 0.8177335 0.8875699 1.1289880 0.7151372 0.7747410 1.0057920 0.9909795 0.7507062 1.1303955 0.9983881 1.3775639 0.9869447 1.1753832 1.2308945 1.2123172 1.0280804 0.8301162 0.7655762 1.4718736 1.3306791 1.5016236 2.4042744 2.0732314 2.6099597 2.8575052 2.8215244 2.5777236 1.5745473 1.6802124 2.5855546 2.5169315 
Spolac_c93711_g1_i1_m.9169c93711-g1                 1.1834547 0.8989966 0.8989966 1.0109534 0.8875982 1.1057891 1.0882024 0.7498978 0.6779224 0.7173809 0.7107292 0.8499753 0.9153234 0.8744387 0.6989642 0.7091333 0.7256998 0.8116291 0.7301103 0.0000000 0.4892732 0.7300614 0.8033273 0.7740155 0.7834717 0.7627681 0.7042400 0.9155873 1.0114805 0.8181791 1.0673790 0.7626614 1.0431995 1.0385900 1.2092863 1.2064283 1.0211390 1.2339832 1.0626470 1.0348104 1.5184153 1.4434939 1.2720126 2.8476609 1.6101336 3.1351915 3.2742858 3.1787489 2.9845598 2.1630113 2.0443361 2.7164596 2.4790560 
Xestes_maker-XT_scaffold15213-snap-gene-0.41-mRNA-1 1.2075752 0.9198656 0.9198656 1.0615273 1.0810752 1.1284517 1.1413829 0.7095051 0.7052119 0.6025988 0.6535318 0.8235277 0.9176667 0.7597122 0.7357261 0.6551041 0.6068649 0.7744205 0.6979190 0.4892732 0.0000000 0.6156029 0.6899443 0.8490002 0.6935870 0.8236306 0.8681806 0.9095643 0.9116811 0.7222903 1.1001635 0.8079331 1.0394768 0.9340526 1.0363275 1.0873162 1.1049103 1.1462051 0.9878383 0.9041430 1.3749754 1.4473270 1.1831327 2.6511465 2.0441305 2.6635413 2.8376097 2.7396481 2.7822558 1.7791575 1.9022478 2.7443324 2.7051790 
Halamb_c32729_g1_i1m.7270                           1.2061322 0.8899340 0.8899340 1.0139189 1.0175119 1.2060025 1.2206299 0.8248501 0.7362311 0.9384086 0.8502581 0.7466974 0.8588607 0.7385317 0.8206393 0.7069562 0.8406806 0.7287801 0.6992114 0.7300614 0.6156029 0.0000000 0.4977315 0.7258136 0.7479599 0.9023045 0.8621552 0.9094219 0.8092447 0.6979330 1.0270774 0.7861529 1.0649588 0.9657624 1.0179397 1.0986606 1.0690953 1.0175363 0.8594818 0.9458864 1.3290917 1.3530605 1.3347885 2.2053196 1.6299539 2.6200877 2.8688233 2.7704888 2.7665922 1.7067395 1.7939570 2.5262651 2.5216089 
Aque_Aqu2.1.35197_001                               1.3428119 0.9739849 0.9739849 0.9849805 1.0010794 1.1323379 1.1510983 0.9351995 0.9540687 0.9034617 0.9188980 0.9492577 1.0159694 0.8901181 0.8622294 0.8982351 0.7773938 0.8064823 0.8177335 0.8033273 0.6899443 0.4977315 0.0000000 0.8581686 0.9570474 0.8986259 0.9746081 0.9297806 0.8374513 0.9009278 1.1233799 1.0811973 1.0503885 1.0043228 1.0027327 1.0965119 1.1730454 1.0876104 0.9634993 0.9548760 1.3613113 1.2840937 1.5867926 2.4043509 1.7112925 2.6399515 2.8347687 2.8697988 2.6827707 2.0152612 2.0213461 2.3938570 3.0307335 
Lcom_lcpid117524                                    1.0898627 0.8246511 0.8246511 0.9910578 0.8945458 1.1325659 1.1495473 0.8331961 0.8276480 0.8812887 0.8673667 0.7863270 0.9244952 0.8572679 0.6949906 0.7339837 0.7684136 0.6685612 0.8875699 0.7740155 0.8490002 0.7258136 0.8581686 0.0000000 0.4636560 1.0507769 0.8500412 0.9511367 1.0530592 0.7197195 1.2175188 1.2346351 0.9484566 0.9619949 1.0196337 1.0396126 1.1768186 1.2259795 1.1715640 1.0465072 1.4357200 1.5202672 1.1910447 2.4307962 1.8773182 3.0582065 3.1386434 2.9540727 2.7896901 1.8815892 2.0651865 2.4414536 2.6146691 
Scil_scict002755.1                                  1.2053706 0.8006159 0.8006159 0.9446036 0.9423878 1.1430645 1.1525435 0.8845053 0.7661408 0.7799838 0.8651094 0.8934515 1.0122791 0.9345057 0.8414119 0.8409355 0.8815859 0.8614980 1.1289880 0.7834717 0.6935870 0.7479599 0.9570474 0.4636560 0.0000000 1.2535311 1.0599059 0.9901949 1.0588356 1.0230121 1.2950092 1.3366917 0.7633734 1.0742887 1.0052224 0.9815361 1.1485982 1.1438404 1.0390820 1.1248376 1.7178617 1.3763929 1.1487104 2.8513666 1.9310945 3.3143075 3.4040247 2.8865397 2.7694418 2.1187264 2.2201231 2.4943894 2.7702586 
Cscu_XM_023382451.1                                 1.1090031 1.0344878 1.0344878 0.9187677 0.8620735 0.9404734 0.9575931 1.0341332 1.0380335 1.2164431 1.2615911 1.1596929 1.3149946 1.0740953 0.8966582 0.8811639 0.9353466 0.8607827 0.7151372 0.7627681 0.8236306 0.9023045 0.8986259 1.0507769 1.2535311 0.0000000 0.5916436 0.9101699 1.2223960 0.9445608 1.1301927 0.7060528 1.2206311 1.0493519 1.1576922 1.2331127 1.1397007 1.2816436 0.8501049 0.9748471 1.2781898 1.3102366 1.5321447 2.6089917 1.9472148 3.0370760 3.3412426 3.3202931 3.0947442 2.0662356 2.0224229 2.9926993 2.3214818 
Tcas_TC015069_001                                   1.1163822 0.9913937 0.9913937 0.8447216 0.8664397 0.8841368 0.9006641 0.9468746 0.8096386 0.8450030 0.9063371 0.9186363 1.0372129 0.8603895 0.8670823 0.7967397 0.8981132 0.7782643 0.7747410 0.7042400 0.8681806 0.8621552 0.9746081 0.8500412 1.0599059 0.5916436 0.0000000 0.8925634 1.1504713 0.8637511 1.2076159 0.7343179 1.0484768 0.9258171 1.1487243 1.1420792 1.2337977 1.3965005 0.7996722 0.8775610 1.4081029 1.4334017 1.3399545 2.3854140 2.1701053 2.8111722 3.0305622 2.8059945 2.8177619 2.1775410 2.1494677 2.7793484 2.5076567 
Ctel_gnl_WGS_AMQN_CAPTEDRAFT_mRNA207970             1.3187665 1.1848400 1.1848400 1.1709999 1.1807401 1.1166617 1.1336499 0.8631829 0.9336687 1.0991674 1.1594699 1.0463442 1.1279533 1.0839301 0.9291014 0.8609591 0.8624583 0.7945461 1.0057920 0.9155873 0.9095643 0.9094219 0.9297806 0.9511367 0.9901949 0.9101699 0.8925634 0.0000000 1.2126035 0.9804090 1.0757352 1.3670261 1.1557238 1.0939098 1.3685303 1.4080540 1.1065855 1.0343870 1.1308273 1.0597174 1.4757230 1.1081121 1.4912828 2.3931444 1.8553110 3.1052880 3.5061902 3.2794104 3.0228817 2.1128885 2.1894929 3.3641569 2.4315617 
Sanmal_Sma_024293-T1                                1.7163207 1.0237474 1.0237474 1.1014803 1.2315732 1.4187202 1.4294624 0.9919965 0.9127647 0.9818450 0.9031340 1.1016047 1.2792487 0.9851505 0.7775217 0.7031052 0.8679594 0.8840542 0.9909795 1.0114805 0.9116811 0.8092447 0.8374513 1.0530592 1.0588356 1.2223960 1.1504713 1.2126035 0.0000000 1.1907715 1.4068620 1.2425237 1.0999042 0.9314329 1.1409688 1.1643032 1.1302525 1.2107350 1.0503075 1.1962583 1.5671757 1.3115264 1.5418381 2.7500803 2.3480367 2.8088744 2.8637231 2.6832160 2.6321715 2.0045434 2.0024529 2.4480311 2.6139683 
Skow_XM_002741843.2                                 0.8562563 1.0803832 1.0803832 1.0714781 0.9723864 1.1007876 1.1197455 0.7906338 0.7969835 0.7704854 0.7006135 0.8336014 1.0497273 0.8663427 0.8672733 0.8510062 0.8059808 0.7819163 0.7507062 0.8181791 0.7222903 0.6979330 0.9009278 0.7197195 1.0230121 0.9445608 0.8637511 0.9804090 1.1907715 0.0000000 1.1017592 1.1835038 1.2956127 1.0403033 1.1072858 1.0919423 1.0695921 1.2104371 0.9618349 0.8953615 1.3198744 1.2243019 1.2364784 2.5367046 1.8617236 3.0605039 3.0811837 3.0780850 2.9810257 1.8151065 1.9560345 2.8530511 2.7867260 
Cgig_XM_011416523.3                                 1.5019670 1.1218382 1.1218382 1.0995200 1.1296341 1.1014524 1.1197743 1.0767619 1.1395880 1.1678038 1.1722298 1.1934560 1.3606982 1.0997539 0.9857053 1.0275395 1.1727029 0.7682539 1.1303955 1.0673790 1.1001635 1.0270774 1.1233799 1.2175188 1.2950092 1.1301927 1.2076159 1.0757352 1.4068620 1.1017592 0.0000000 1.3507608 1.4846428 1.2587018 1.3651040 1.3459622 1.2110748 1.2592588 1.1497746 1.0932224 2.2089895 1.4903044 1.2804281 2.7701544 1.8997827 3.0030032 3.2902786 3.3427561 3.0471388 2.3391352 2.3165707 2.8631821 2.4876507 
Dpul_mRNA14256                                      1.4905821 1.2982540 1.2982540 1.1903518 1.1055924 1.3254850 1.3025734 1.2994062 1.2163429 1.3837371 1.5805757 1.2724761 1.7030707 1.2293880 0.9672770 0.9809877 1.1873748 1.1173788 0.9983881 0.7626614 0.8079331 0.7861529 1.0811973 1.2346351 1.3366917 0.7060528 0.7343179 1.3670261 1.2425237 1.1835038 1.3507608 0.0000000 1.5060636 1.3878994 1.6834314 1.7721078 1.5614559 1.6848434 1.2093722 1.2523111 1.8496218 1.9221106 1.5970818 2.9795729 2.0633226 4.2631338 4.7494604 4.1384065 4.3238438 2.5380152 2.5954973 3.2376952 3.6914751 
Opea_EP00118_Oscarella_pearsei_P024796              1.4618936 1.1570988 1.1570988 1.2277871 1.2034208 1.2954243 1.3137524 1.1750809 1.0648512 1.1633719 1.0171368 0.9451862 1.0953022 1.0628226 0.9233003 0.9571679 1.0236232 0.9807489 1.3775639 1.0431995 1.0394768 1.0649588 1.0503885 0.9484566 0.7633734 1.2206311 1.0484768 1.1557238 1.0999042 1.2956127 1.4846428 1.5060636 0.0000000 1.3467040 1.3756245 1.3430125 1.5378069 1.5637212 1.4062929 1.3305439 1.1512192 1.4698269 1.6694242 3.0971919 2.2519808 3.6060300 3.5565712 3.7608903 3.6023813 3.0160012 2.7432010 2.6949815 2.5565991 
Lcom_lcpid74993                                     1.3573194 1.1096630 1.1096630 0.9017675 1.0377117 1.1279981 1.1470239 1.0051726 0.8317632 1.2005779 1.1026634 1.0388417 1.1802666 0.9757731 0.8877324 0.8972861 1.2398905 0.8669443 0.9869447 1.0385900 0.9340526 0.9657624 1.0043228 0.9619949 1.0742887 1.0493519 0.9258171 1.0939098 0.9314329 1.0403033 1.2587018 1.3878994 1.3467040 0.0000000 1.4331529 1.3923396 0.9945222 1.1295039 1.3262999 1.2824644 1.5388982 1.4365468 1.4234493 2.6340949 1.7412055 3.1267392 3.1739304 3.1923110 2.8144961 2.4404069 2.5466419 2.1636206 2.2309873 
Hhon_g00940.t1                                      1.3916764 0.7766655 0.7766655 0.8613402 0.9171368 0.9541832 0.9541832 1.1119004 1.0756283 1.0489175 1.0819422 0.8687377 0.9274284 0.9384492 0.8422665 0.9018698 0.9717694 1.1192755 1.1753832 1.2092863 1.0363275 1.0179397 1.0027327 1.0196337 1.0052224 1.1576922 1.1487243 1.3685303 1.1409688 1.1072858 1.3651040 1.6834314 1.3756245 1.4331529 0.0000000 0.0507971 1.3109092 1.0176478 1.5936205 1.3514813 1.5205737 1.4082409 1.6194192 2.2691886 2.1663187 2.3502554 2.4434659 2.3179423 2.4315988 2.0415059 2.3817391 2.8661263 2.0155212 
HoiH04_mRNA5601                                     1.3672789 0.7833203 0.7833203 0.8661826 0.9468602 0.9582984 0.9582984 1.1082772 1.0696172 1.0407673 1.0479179 0.9173321 0.9968595 0.9446967 0.8504878 0.9109914 1.0100871 1.1378646 1.2308945 1.2064283 1.0873162 1.0986606 1.0965119 1.0396126 0.9815361 1.2331127 1.1420792 1.4080540 1.1643032 1.0919423 1.3459622 1.7721078 1.3430125 1.3923396 0.0507971 0.0000000 1.3718335 1.0278182 1.6097099 1.4197461 1.5241789 1.4342281 1.5848654 2.4500071 2.1419526 2.2833685 2.3361242 2.2132566 2.3235567 2.1697811 2.4607078 2.7634380 2.1338918 
Hsap_ENST00000393085                                1.3602719 1.1800893 1.1800893 1.3155833 1.2790828 1.3743618 1.3965211 1.0793655 1.0786212 1.2233347 1.0439086 1.0596311 1.1440030 1.2533719 0.9950615 1.0315816 1.0250310 1.0764292 1.2123172 1.0211390 1.1049103 1.0690953 1.1730454 1.1768186 1.1485982 1.1397007 1.2337977 1.1065855 1.1302525 1.0695921 1.2110748 1.5614559 1.5378069 0.9945222 1.3109092 1.3718335 0.0000000 1.0118979 1.2468984 1.3278091 1.6185563 1.6444420 1.3000257 3.0172978 1.8465230 2.9244863 3.1502799 2.8562699 2.9302646 2.3815474 2.5760864 2.7862451 2.4205937 
Hvul_g24683_1                                       1.2965794 0.9335049 0.9335049 1.1982006 1.1302924 1.0795096 1.0795096 1.1692719 1.0212863 1.3007414 1.3451672 1.3268531 1.4674032 1.1313734 1.0701489 0.9531257 1.1057473 0.9906348 1.0280804 1.2339832 1.1462051 1.0175363 1.0876104 1.2259795 1.1438404 1.2816436 1.3965005 1.0343870 1.2107350 1.2104371 1.2592588 1.6848434 1.5637212 1.1295039 1.0176478 1.0278182 1.0118979 0.0000000 1.4067299 1.4238142 1.5134000 1.2872370 1.2288949 2.3588038 2.3404797 2.5705832 3.1970539 2.9567535 2.7380805 2.8983747 2.5349095 3.5578325 2.4954052 
Lcom_lcpid222240                                    1.2602357 0.9825485 0.9825485 1.1356398 1.1202989 1.3285466 1.3506680 1.1991659 1.0303839 1.2192451 1.0595785 1.1973042 1.2476914 1.0703352 0.9990619 1.0587704 1.2781198 1.0869358 0.8301162 1.0626470 0.9878383 0.8594818 0.9634993 1.1715640 1.0390820 0.8501049 0.7996722 1.1308273 1.0503075 0.9618349 1.1497746 1.2093722 1.4062929 1.3262999 1.5936205 1.6097099 1.2468984 1.4067299 0.0000000 0.6727957 1.7017839 1.4892594 1.5584302 2.4866294 2.1899637 2.2950041 2.5419507 2.3283584 2.3802339 1.9947345 2.4997008 3.1764198 2.6538404 
Lcom_lcpid207982                                    1.3012759 0.9043417 0.9043417 1.0094759 1.0133737 1.0690136 1.0875369 1.2835527 1.1233520 1.2903055 1.2041376 1.2802066 1.3789636 0.9802831 0.9518462 0.9483149 0.8550187 0.8012595 0.7655762 1.0348104 0.9041430 0.9458864 0.9548760 1.0465072 1.1248376 0.9748471 0.8775610 1.0597174 1.1962583 0.8953615 1.0932224 1.2523111 1.3305439 1.2824644 1.3514813 1.4197461 1.3278091 1.4238142 0.6727957 0.0000000 1.6374188 1.6225316 1.5602602 2.0376593 2.1524991 2.4060426 2.3545667 2.5017362 2.4052910 2.0945038 2.1532601 2.9976626 2.5016020 
Nvec_v1g241764                                      1.3533959 1.6425580 1.6425580 1.6253353 1.6177499 1.7162563 1.7074887 1.4078029 1.2782578 1.5235877 1.4685755 1.4202064 1.4446168 1.4681439 1.1367138 1.1837074 1.2257150 1.2973385 1.4718736 1.5184153 1.3749754 1.3290917 1.3613113 1.4357200 1.7178617 1.2781898 1.4081029 1.4757230 1.5671757 1.3198744 2.2089895 1.8496218 1.1512192 1.5388982 1.5205737 1.5241789 1.6185563 1.5134000 1.7017839 1.6374188 0.0000000 1.4383904 1.9992006 2.3100642 2.1900502 3.0348358 2.8671874 2.5349130 2.8312859 2.3544827 2.3442843 2.7844294 2.8951232 
Spur_XM_787149.5                                    1.6210297 1.2982570 1.2982570 1.4166956 1.4775440 1.5824706 1.5824706 1.3436051 1.1983410 1.3090453 1.2790611 1.3540855 1.2636158 1.5175561 1.1023250 1.2658723 1.3555816 1.3422601 1.3306791 1.4434939 1.4473270 1.3530605 1.2840937 1.5202672 1.3763929 1.3102366 1.4334017 1.1081121 1.3115264 1.2243019 1.4903044 1.9221106 1.4698269 1.4365468 1.4082409 1.4342281 1.6444420 1.2872370 1.4892594 1.6225316 1.4383904 0.0000000 2.0648384 2.6940980 2.5299435 3.2081233 3.2707861 3.1204731 2.9077133 2.1402347 2.2080496 2.6261650 2.5692262 
Lcom_lcpid226797                                    1.3245850 1.3647430 1.3647430 1.7456739 1.4924631 1.5482743 1.5401940 1.0505517 1.0053086 1.1320924 1.1934555 1.2064840 1.2773443 1.4988776 1.1726299 1.2233609 1.3781855 1.2339218 1.5016236 1.2720126 1.1831327 1.3347885 1.5867926 1.1910447 1.1487104 1.5321447 1.3399545 1.4912828 1.5418381 1.2364784 1.2804281 1.5970818 1.6694242 1.4234493 1.6194192 1.5848654 1.3000257 1.2288949 1.5584302 1.5602602 1.9992006 2.0648384 0.0000000 3.4325567 2.6987382 3.3658123 3.5877232 2.9670809 3.2096200 2.9073512 2.5586662 3.1744104 2.8774850 
Clacor_Ccor_scaffold11927_01                        3.0147756 2.4739930 2.4739930 2.1032920 2.0740908 2.4070403 2.3987886 2.5620796 2.3540289 2.6775563 2.7198316 2.7944092 2.6862029 2.3496844 2.1183629 2.2986949 2.5538452 2.3019990 2.4042744 2.8476609 2.6511465 2.2053196 2.4043509 2.4307962 2.8513666 2.6089917 2.3854140 2.3931444 2.7500803 2.5367046 2.7701544 2.9795729 3.0971919 2.6340949 2.2691886 2.4500071 3.0172978 2.3588038 2.4866294 2.0376593 2.3100642 2.6940980 3.4325567 0.0000000 2.6594516 1.1608176 1.2751134 1.1887731 1.0904725 2.7908568 3.2191240 2.8300884 2.0822775 
Nvec_v1g236771                                      2.1274216 1.9256699 1.9256699 1.6912524 1.5814040 1.8743096 1.8652267 1.7161867 1.7379226 2.1955579 2.0092657 1.9322392 1.9030403 1.7301129 2.0728082 2.2040369 1.9752667 1.5419352 2.0732314 1.6101336 2.0441305 1.6299539 1.7112925 1.8773182 1.9310945 1.9472148 2.1701053 1.8553110 2.3480367 1.8617236 1.8997827 2.0633226 2.2519808 1.7412055 2.1663187 2.1419526 1.8465230 2.3404797 2.1899637 2.1524991 2.1900502 2.5299435 2.6987382 2.6594516 0.0000000 3.3676570 3.5943747 3.1536284 3.3768516 2.2044428 1.9730644 2.0883751 2.7673786 
Lcom_lcpid82578                                     3.1347748 2.9073544 2.9073544 2.7886895 2.7875966 2.9800644 2.9695945 3.1335948 2.7558107 3.1623338 3.0264504 2.8121776 2.7907564 2.3823879 2.3139059 2.6094710 2.8871835 2.4664421 2.6099597 3.1351915 2.6635413 2.6200877 2.6399515 3.0582065 3.3143075 3.0370760 2.8111722 3.1052880 2.8088744 3.0605039 3.0030032 4.2631338 3.6060300 3.1267392 2.3502554 2.2833685 2.9244863 2.5705832 2.2950041 2.4060426 3.0348358 3.2081233 3.3658123 1.1608176 3.3676570 0.0000000 0.2641883 0.3426755 0.2959453 3.0528555 3.5438914 3.1855363 2.0002969 
Scil_scict024673.1                                  2.9688312 3.1225350 3.1225350 2.9330680 3.0173393 3.1465166 3.1353042 3.1339103 2.6644039 3.2529565 2.9686169 2.6481896 2.8475232 2.6583967 2.4306278 2.6970209 2.7559230 2.7096216 2.8575052 3.2742858 2.8376097 2.8688233 2.8347687 3.1386434 3.4040247 3.3412426 3.0305622 3.5061902 2.8637231 3.0811837 3.2902786 4.7494604 3.5565712 3.1739304 2.4434659 2.3361242 3.1502799 3.1970539 2.5419507 2.3545667 2.8671874 3.2707861 3.5877232 1.2751134 3.5943747 0.2641883 0.0000000 0.3407035 0.2531628 3.0032629 3.6376260 3.1174478 1.9704595 
Gracom_Gcom_scaffold13235_01                        2.8118894 2.9776623 2.9776623 2.8137491 2.8069147 2.9308955 2.9204940 2.9619018 2.7089160 2.9360177 2.9509313 2.6648650 2.7776291 2.6100499 2.3445441 2.5229213 2.8922806 2.7281871 2.8215244 3.1787489 2.7396481 2.7704888 2.8697988 2.9540727 2.8865397 3.3202931 2.8059945 3.2794104 2.6832160 3.0780850 3.3427561 4.1384065 3.7608903 3.1923110 2.3179423 2.2132566 2.8562699 2.9567535 2.3283584 2.5017362 2.5349130 3.1204731 2.9670809 1.1887731 3.1536284 0.3426755 0.3407035 0.0000000 0.2668685 2.6621062 3.2225672 3.3059742 2.0094340 
Leuniv_Lniv_scaffold19638_01                        2.8957457 2.8503342 2.8503342 2.7153893 2.8264529 2.9250227 2.9146989 3.0497064 2.7544650 3.0471170 2.8207098 2.5671793 2.7664115 2.5329201 2.2396080 2.4270139 2.6504266 2.4574844 2.5777236 2.9845598 2.7822558 2.7665922 2.6827707 2.7896901 2.7694418 3.0947442 2.8177619 3.0228817 2.6321715 2.9810257 3.0471388 4.3238438 3.6023813 2.8144961 2.4315988 2.3235567 2.9302646 2.7380805 2.3802339 2.4052910 2.8312859 2.9077133 3.2096200 1.0904725 3.3768516 0.2959453 0.2531628 0.2668685 0.0000000 2.6597983 3.2249936 3.0729680 2.0084663 
Nvec_v1g242297                                      2.0555426 2.4365029 2.4365029 2.1413590 2.2457256 2.3399440 2.3291594 2.1657303 2.0563755 2.0420656 1.9976190 2.2760015 2.0325233 1.8455296 2.2124330 2.0990795 2.0743327 1.9473117 1.5745473 2.1630113 1.7791575 1.7067395 2.0152612 1.8815892 2.1187264 2.0662356 2.1775410 2.1128885 2.0045434 1.8151065 2.3391352 2.5380152 3.0160012 2.4404069 2.0415059 2.1697811 2.3815474 2.8983747 1.9947345 2.0945038 2.3544827 2.1402347 2.9073512 2.7908568 2.2044428 3.0528555 3.0032629 2.6621062 2.6597983 0.0000000 0.4762578 1.8855074 2.5367647 
Exapal_XM_021061689.2                               2.0628271 2.5941071 2.5941071 2.4134554 2.3065929 2.5999478 2.5867331 2.0564910 2.0539244 1.7737002 1.7313628 2.1311550 1.7812239 1.6897683 2.2341649 1.9099565 2.0435206 1.8630688 1.6802124 2.0443361 1.9022478 1.7939570 2.0213461 2.0651865 2.2201231 2.0224229 2.1494677 2.1894929 2.0024529 1.9560345 2.3165707 2.5954973 2.7432010 2.5466419 2.3817391 2.4607078 2.5760864 2.5349095 2.4997008 2.1532601 2.3442843 2.2080496 2.5586662 3.2191240 1.9730644 3.5438914 3.6376260 3.2225672 3.2249936 0.4762578 0.0000000 1.7089608 3.1931041 
Exapal_XM_021061688.2                               2.4752631 2.6337353 2.6337353 2.4500275 2.3507405 2.3733805 2.3610185 2.3969351 2.3319128 2.8105632 2.8716972 2.5194585 2.6370159 2.6265086 2.5355236 2.9562541 2.5042165 2.3695736 2.5855546 2.7164596 2.7443324 2.5262651 2.3938570 2.4414536 2.4943894 2.9926993 2.7793484 3.3641569 2.4480311 2.8530511 2.8631821 3.2376952 2.6949815 2.1636206 2.8661263 2.7634380 2.7862451 3.5578325 3.1764198 2.9976626 2.7844294 2.6261650 3.1744104 2.8300884 2.0883751 3.1855363 3.1174478 3.3059742 3.0729680 1.8855074 1.7089608 0.0000000 2.5727503 
Clacor_Ccor_scaffold8174_01                         3.0662374 2.4252101 2.4252101 2.0635286 2.1904332 2.4646714 2.4560726 2.9658769 2.4770681 2.8961396 3.0466242 2.3853772 2.3993148 2.4307676 2.4487939 2.5502743 2.6493948 2.4333327 2.5169315 2.4790560 2.7051790 2.5216089 3.0307335 2.6146691 2.7702586 2.3214818 2.5076567 2.4315617 2.6139683 2.7867260 2.4876507 3.6914751 2.5565991 2.2309873 2.0155212 2.1338918 2.4205937 2.4954052 2.6538404 2.5016020 2.8951232 2.5692262 2.8774850 2.0822775 2.7673786 2.0002969 1.9704595 2.0094340 2.0084663 2.5367647 3.1931041 2.5727503 0.0000000 
