63
Gfas_gfas1.m1.22683.m1                  0.0000000 0.2514987 0.2873166 0.3659556 0.3531314 0.2507364 6.1832618 0.4649910 0.4360183 1.1323853 1.1359407 1.2723485 1.6365889 1.8479696 2.7032375 1.5170151 1.5361203 1.6744090 1.2988797 1.8387193 3.7955507 2.6238018 2.5284457 2.4717222 2.4802972 2.6286552 2.0327127 2.4507968 4.8543528 3.3173345 3.3976230 3.3976230 0.0000010 0.0000010 2.3594206 3.3030513 3.1309041 2.8982003 2.8416051 3.0832647 3.1362260 3.1422419 3.6927217 3.6927217 3.6927217 3.1913217 3.3977573 3.6860576 3.6415235 2.3808953 2.3411122 2.2204701 2.2014450 2.0563945 2.1706547 2.2437758 1.9747048 0.0000010 9.0000000 2.1660603 2.7214619 2.7734435 2.6870062 
Fspp_ffun1.m4.23937.m1                  0.2514987 0.0000000 0.2173454 0.2527370 0.3499432 0.3680394 0.3373576 0.4393764 0.3522775 1.0124617 1.1561852 1.3306483 1.4663523 1.4659943 1.4763385 1.4661833 1.4880170 1.5647758 1.2089373 1.4648363 1.8463594 1.9544871 1.9038836 1.8876062 1.6459043 1.8416846 1.8746245 1.8372961 3.6152484 2.2399940 1.9578090 1.8466686 1.8061437 1.7011013 1.7440071 2.1197599 2.1325878 1.7889582 1.8795443 2.3030127 2.0248486 1.6747540 2.0974031 1.9620841 1.9498858 2.7951741 2.0189754 2.1587115 2.1673864 1.9069123 2.0066532 2.0018654 2.0285967 1.7066920 1.6735859 1.8280077 1.7884029 1.4214382 1.8181517 2.0702437 2.1289732 2.0059958 2.3915325 
Gasp_gasp1.m3.17676.m1                  0.2873166 0.2173454 0.0000000 0.3270889 0.3947220 0.4196257 0.3893880 0.4866220 0.4013120 1.0265926 1.2457438 1.4104915 1.5094891 1.5329984 1.6092744 1.5127959 1.5357849 1.5807129 1.2344566 1.5165291 1.9267461 2.0540866 1.9584223 1.9413584 1.7365428 1.8278275 1.8792279 1.7892015 4.3643588 2.5358519 2.0762951 1.9616887 1.8205442 1.7153207 1.7937146 2.1816479 2.2622845 2.0191162 2.0874679 2.3464200 2.1257614 1.8413362 2.1735974 1.9892000 1.9728967 2.8109585 2.1508776 2.2213234 2.2314069 1.9988031 2.0057319 2.0255147 2.0279529 1.7517058 1.7410197 1.7993157 1.8103228 1.4401104 1.7861013 2.1401185 2.2328528 1.9255763 2.3562299 
Spis_XP_022778262_1                     0.3659556 0.2527370 0.3270889 0.0000000 0.0805678 0.0168116 0.2963008 0.4567714 0.4650371 0.8234603 0.8837777 1.0636222 1.1423689 1.1740975 1.4783044 1.1917455 1.2019593 1.1360478 0.9913307 1.1267676 1.4976709 1.5752950 1.5564483 1.5278547 1.5261704 1.5472570 1.5078326 1.5280069 4.4410586 2.5791748 1.5188679 1.5188679 1.3445240 1.3445240 1.5312335 2.2649926 2.3384150 1.6494824 1.7069476 2.3509367 1.7408388 1.7153960 1.8019203 1.8019203 1.9263350 2.7347968 1.6307366 1.7845158 1.7774599 1.6199906 1.4711027 1.6866479 1.7442918 1.3952508 1.3650887 1.8311078 1.7957048 0.8601638 0.9277447 1.5577118 1.8215798 1.5052008 1.9226716 
Pocdam_XM_027181772.1                   0.3531314 0.3499432 0.3947220 0.0805678 0.0000000 0.1295769 0.4842661 0.5530859 0.4395010 1.0702108 1.2746429 1.3677538 1.4855043 1.4682275 1.5260623 1.5605118 1.5722778 1.5431833 1.2545393 1.4630915 1.8212701 2.0660112 1.9758629 1.9465884 1.7283039 1.9956476 2.0006831 1.8660348 4.7885324 2.6423832 1.9072201 1.8245363 1.7409252 1.6622629 1.8270626 2.3455982 2.4173719 1.8592971 1.9082833 2.4879238 2.1319008 1.7666298 2.1861872 2.0286029 2.0609930 2.9642531 2.0468949 2.1750205 2.1711726 1.9630822 2.0738098 2.1719564 2.2464961 1.7289403 1.8047717 1.8799820 1.8628190 1.3609273 1.7447258 2.1037123 2.0464242 1.9005613 2.4086067 
Spis_XP_022799823_1                     0.2507364 0.3680394 0.4196257 0.0168116 0.1295769 0.0000000 0.5233343 0.5333029 0.4040242 0.9310878 1.1591844 1.2686563 1.2810772 1.3408848 1.1263423 1.4020017 1.4054309 1.3649456 1.1831111 1.2520294 1.3746403 1.9458288 1.8968420 1.8904032 1.6020529 1.7888845 1.8778265 1.5738996 2.6637480 1.6070852 1.9947872 1.8794941 1.8321067 1.7249238 1.6061152 1.3986428 1.5153465 1.6384330 1.6119337 1.5977394 1.7097551 1.2590610 1.6925992 1.5208400 1.3330301 1.3884429 1.6537379 1.7716135 1.7845494 1.7348322 1.7926647 1.9947893 1.9874311 1.5865083 1.5768947 1.3435068 1.4542606 1.4914723 1.6523010 1.9122059 1.8728771 1.6300574 2.1965291 
Gfas_gfas1.m1.10280.m1                  6.1832618 0.3373576 0.3893880 0.2963008 0.4842661 0.5233343 0.0000000 0.4124099 0.2815193 0.9591835 1.2977624 1.3799246 1.4728028 1.3863754 1.1437470 1.4094426 1.4134980 1.4396532 1.2278385 1.3739205 1.5078007 1.9971062 1.8621125 1.8549774 1.5498620 1.7258796 1.8903124 1.5877364 0.4476269 1.5580098 1.8618558 1.7910140 1.7032506 1.6370891 1.5393943 1.4354671 1.4354671 1.7579827 1.7666801 1.5703127 1.8222098 1.2601805 1.7841845 1.5756669 1.2806607 1.5734834 1.8590608 1.9032851 1.9408518 1.8145052 2.0253588 2.0162873 1.9871016 1.5759432 1.4994357 1.5148092 1.7580141 1.4880326 1.6388379 1.8968025 2.0238866 1.6974282 2.0122085 
Amil_Amillepora10346-RA                 0.4649910 0.4393764 0.4866220 0.4567714 0.5530859 0.5333029 0.4124099 0.0000000 0.0375911 0.9767461 1.2013264 1.3449984 1.4100639 1.5243108 1.6660474 1.3835453 1.4055060 1.5182520 1.1901986 1.4475283 1.7862640 1.9446944 1.8527933 1.8398830 1.8522327 1.8689398 1.7816991 1.8962513 4.0854368 2.4201062 1.8689201 1.8689201 1.6495988 1.6495988 1.7115900 2.2767241 2.3788225 1.9175742 2.0102711 2.2490317 2.0322170 1.7703672 2.1415852 2.1237522 2.0279779 2.7503471 2.0033957 2.0651801 2.0563695 1.9337019 1.8904844 1.9992569 1.9998485 1.7539617 1.7558529 2.0481168 1.9653914 1.1021174 1.5038478 1.9831564 2.2094820 1.7622981 2.2917533 
Adig_XM_015910734.1                     0.4360183 0.3522775 0.4013120 0.4650371 0.4395010 0.4040242 0.2815193 0.0375911 0.0000000 0.9208693 1.0604322 1.1931243 1.2839203 1.3636774 1.6398018 1.1950112 1.2195266 1.3643461 1.1148010 1.3261834 1.7597381 1.6790313 1.6265631 1.6072924 1.6599275 1.6093835 1.5546786 1.6901217 3.9581284 2.3689965 1.7694130 1.7694130 1.5361709 1.5361709 1.6152817 2.1927535 2.3132874 1.7972178 1.8928513 2.2387371 1.8873209 1.8620651 1.9308568 1.9308568 1.9943232 2.7714745 1.9078790 1.9652298 1.9567085 1.6839309 1.6299348 1.8258671 1.7753194 1.4839143 1.4189221 2.0429031 1.9611361 0.5975216 0.7950004 1.7113812 2.0072587 1.6750057 2.1598722 
Exapal_XM_021048261.2                   1.1323853 1.0124617 1.0265926 0.8234603 1.0702108 0.9310878 0.9591835 0.9767461 0.9208693 0.0000000 0.9845901 1.6713907 1.4786285 1.8053771 1.4522770 1.5318518 1.5431970 1.8872301 1.4146258 1.5020733 2.0738942 1.9727539 1.9276902 1.9164611 1.6874199 1.9266320 1.9435043 1.8756686 3.7105525 2.1145892 2.4427082 2.3317191 2.2537044 2.1479488 1.9965294 2.1241117 2.0916502 2.0973092 2.1512519 2.1407157 2.1042278 1.7191032 2.2919627 2.0900958 1.9569936 2.8300814 2.1556281 2.2390821 2.2718610 1.8968395 2.0136019 2.1785553 2.0070064 1.6970880 1.7491893 1.8665001 1.8628410 1.4902916 1.8111086 1.9823286 2.1748795 2.1326300 2.6944507 
Nvec_v1g213101                          1.1359407 1.1561852 1.2457438 0.8837777 1.2746429 1.1591844 1.2977624 1.2013264 1.0604322 0.9845901 0.0000000 1.7718313 1.5271686 1.7903323 1.5793869 1.5095312 1.5213091 1.8690336 1.4329326 1.6264818 2.0996082 1.8959162 1.8811582 1.8897463 1.6737439 1.9826413 2.0097718 1.8388314 4.0577407 2.1621277 2.0706533 2.0068338 1.9667336 1.9061876 1.9143979 2.1843934 2.1744166 2.0238799 2.0391596 2.3114535 2.1334346 1.6958981 2.2299449 2.1094141 2.0620730 2.7780581 2.0313809 2.1022970 2.1058919 1.8130259 1.9874532 2.1113836 1.9552456 1.7572197 1.7460781 1.8104697 1.8725619 1.3970781 1.8933287 2.0893589 2.3230675 2.0978567 2.5314318 
Cgig_XM_011428270.3                     1.2723485 1.3306483 1.4104915 1.0636222 1.3677538 1.2686563 1.3799246 1.3449984 1.1931243 1.6713907 1.7718313 0.0000000 1.4521144 1.3169590 1.2088758 1.3671319 1.3845758 1.7891534 1.2713831 1.7460813 1.9600074 2.0317491 1.9601208 1.9635777 1.7517135 2.0049469 2.0677473 1.6488651 3.3862917 2.2067943 2.1315391 2.0524856 1.9636573 1.8886803 1.7806013 2.0249760 2.0420523 1.9441790 1.9895505 2.2277817 2.1343027 1.8081793 2.2103096 2.0491119 2.1225751 2.7670331 2.1547342 2.3132153 2.2810385 1.8601443 2.1413023 2.2358844 2.2321584 2.1723419 1.9943505 2.0171614 2.2723026 1.7195430 2.1645063 2.2999652 2.2000421 1.7779428 2.2891441 
Skow_XM_002732494.2                     1.6365889 1.4663523 1.5094891 1.1423689 1.4855043 1.2810772 1.4728028 1.4100639 1.2839203 1.4786285 1.5271686 1.4521144 0.0000000 1.6050583 1.3486094 1.4435485 1.4518257 1.6606342 1.1854857 1.7233251 2.1103869 1.8582921 1.8779782 1.8639907 1.6250719 1.8836349 1.9323872 1.7235195 4.3122809 2.3669789 2.3070290 2.1685200 2.1112963 1.9817524 2.0083957 2.1601417 2.2260457 2.0067629 2.0525232 2.2107312 2.0804058 1.7550267 2.1773636 1.9755672 2.0703257 2.5621189 2.1374992 2.2650134 2.2985580 1.7484615 2.1440598 2.1488133 2.1091853 1.9960892 1.9827114 2.0628028 2.2427075 1.4262721 1.9285127 2.1859817 2.1299374 1.9030146 2.2754689 
Acagra_model.g31606.t1                  1.8479696 1.4659943 1.5329984 1.1740975 1.4682275 1.3408848 1.3863754 1.5243108 1.3636774 1.8053771 1.7903323 1.3169590 1.6050583 0.0000000 1.2955862 1.5222613 1.5291767 1.7131767 1.3420866 1.8131599 2.0877195 2.1287634 2.0550723 2.0393900 1.7472898 2.0018557 2.0449874 1.7149774 4.1061745 2.4166831 2.3545893 2.2734777 2.1453631 2.0684053 1.9568780 2.1446787 2.1990994 2.2371272 2.1580929 2.5126688 2.2971831 1.9239485 2.5566761 2.3580146 2.3779125 2.8930294 2.3866865 2.4681875 2.4972875 2.0098100 2.0469294 2.4193921 2.2581281 2.0377877 2.0204750 2.0336234 2.3602650 1.6802466 2.1190090 2.2041003 2.2764952 1.8569718 2.5020242 
Ctel_gnl_WGS_AMQN_CAPTEDRAFT_mRNA160521 2.7032375 1.4763385 1.6092744 1.4783044 1.5260623 1.1263423 1.1437470 1.6660474 1.6398018 1.4522770 1.5793869 1.2088758 1.3486094 1.2955862 0.0000000 1.3633721 1.3736126 1.4623678 1.1812951 1.5082091 1.7847976 1.7248625 1.7609857 1.7778279 1.7134311 1.6808526 1.6298513 1.3781472 3.7746868 2.3751462 1.4839332 1.4839332 1.3672977 1.3672977 1.4740100 2.1551470 2.2030141 1.7522814 1.8505749 2.2363842 1.6703929 1.8509337 1.7069075 1.7069075 1.8549809 2.6743188 1.6517094 1.9402685 1.9379504 1.8128344 1.7475385 1.9299861 1.9305341 1.7370579 1.7052581 2.0008679 2.3404588 1.0654569 1.1824215 1.7793615 2.0348854 1.5559477 1.9007497 
Spur_XM_030997200.1                     1.5170151 1.4661833 1.5127959 1.1917455 1.5605118 1.4020017 1.4094426 1.3835453 1.1950112 1.5318518 1.5095312 1.3671319 1.4435485 1.5222613 1.3633721 0.0000000 0.0080671 1.6383271 1.3559824 1.7160679 1.9598438 1.8606369 1.8559053 1.8562625 1.5997213 1.8646656 1.8773072 1.6112065 3.9858384 2.4914162 2.3424615 2.2046073 2.2943522 2.1587692 2.0616150 2.1928824 2.1873392 2.2828707 2.3497801 2.3212463 2.2779637 1.8369759 2.0682942 1.9345941 1.8729313 2.5915509 2.3911182 2.3885147 2.4075184 1.9855115 2.2189476 2.3310481 2.3032555 2.0569387 2.1443682 2.0827074 2.3168554 1.6651523 1.9900391 2.0848248 2.3946530 1.8419351 2.2982354 
Spur_XM_030998135.1                     1.5361203 1.4880170 1.5357849 1.2019593 1.5722778 1.4054309 1.4134980 1.4055060 1.2195266 1.5431970 1.5213091 1.3845758 1.4518257 1.5291767 1.3736126 0.0080671 0.0000000 1.6479933 1.3525845 1.7322280 1.9739869 1.8725699 1.8664254 1.8667970 1.6105325 1.8704567 1.8840232 1.6167340 4.0183388 2.5211959 2.3424615 2.2046073 2.2943522 2.1587692 2.0821288 2.1838536 2.1906228 2.2885316 2.3503058 2.3553557 2.2938209 1.8570894 2.0760024 1.9423664 1.8831922 2.6083586 2.4181926 2.4045712 2.4236655 2.0007099 2.2230649 2.3311784 2.3236180 2.0579469 2.1411003 2.1008325 2.3188009 1.6651523 1.9900391 2.0811023 2.3929208 1.8342014 2.3153151 
Hsap_ENST00000372153                    1.6744090 1.5647758 1.5807129 1.1360478 1.5431833 1.3649456 1.4396532 1.5182520 1.3643461 1.8872301 1.8690336 1.7891534 1.6606342 1.7131767 1.4623678 1.6383271 1.6479933 0.0000000 1.4096068 1.8236398 2.1825285 2.0915188 2.0587986 2.0710028 1.7394401 2.0487528 2.0892450 1.8330247 4.4700382 2.6293168 2.0636694 2.0086121 1.8209152 1.7676681 2.0319779 2.4666073 2.5028295 2.1336624 2.1451385 2.4770458 2.2523226 1.7330287 2.3909140 2.1592217 2.2919600 3.2848079 2.3001414 2.4225739 2.4172467 2.0610935 2.4169536 2.3655152 2.4480830 2.1893454 2.2445576 2.6036209 2.9321093 1.6565522 1.9906346 2.2980006 2.6312128 2.0821256 2.5254787 
Bralan_BLAG08000937_1                   1.2988797 1.2089373 1.2344566 0.9913307 1.2545393 1.1831111 1.2278385 1.1901986 1.1148010 1.4146258 1.4329326 1.2713831 1.1854857 1.3420866 1.1812951 1.3559824 1.3525845 1.4096068 0.0000000 1.4396763 1.6963330 1.6403435 1.6907790 1.6811832 1.5204768 1.6224383 1.6634364 1.5648846 3.4498198 2.2838366 2.5063271 2.4525043 2.1972716 2.1445229 1.9093635 1.9705648 1.9685919 2.1012903 2.0794890 2.4900962 2.1878981 1.7916314 2.2631008 2.0819745 2.0921812 2.5646515 2.1933956 2.3605766 2.3492658 1.7742344 1.9370102 2.0768872 2.0360434 1.7106122 1.6911624 1.8443664 2.0510164 1.3960858 1.8067022 2.0502627 2.0389989 1.7141155 2.2383547 
Dgig_XM_028554175.1                     1.8387193 1.4648363 1.5165291 1.1267676 1.4630915 1.2520294 1.3739205 1.4475283 1.3261834 1.5020733 1.6264818 1.7460813 1.7233251 1.8131599 1.5082091 1.7160679 1.7322280 1.8236398 1.4396763 0.0000000 1.1444187 2.0553406 1.9764829 1.9956168 1.8123614 1.9117935 1.9258597 1.8426409 4.2923988 2.5752875 2.3748459 2.3338255 2.2057417 2.1643276 2.2095497 2.4719785 2.4445950 2.1611347 2.2062614 2.3495477 2.1965590 1.9451608 2.3673328 2.1470734 2.1197528 2.7367006 2.2605120 2.4087579 2.3942657 1.9252884 1.9300273 1.9252192 1.9470934 1.8737548 1.9047857 1.7717224 1.9049056 1.6411333 1.8373759 2.3214210 2.1977942 1.9357770 2.5172088 
Xesp_005207-T1                          3.7955507 1.8463594 1.9267461 1.4976709 1.8212701 1.3746403 1.5078007 1.7862640 1.7597381 2.0738942 2.0996082 1.9600074 2.1103869 2.0877195 1.7847976 1.9598438 1.9739869 2.1825285 1.6963330 1.1444187 0.0000000 2.2690026 2.2590553 2.2526060 2.0521842 2.2617355 2.2725365 2.1067215 5.6581327 3.2033559 2.5761674 2.4319057 2.2650928 2.1340174 2.2653805 2.6650284 3.0774135 2.4155572 2.4509860 2.6384339 2.5881794 2.1569761 2.5064710 2.3359186 2.4400938 4.0924667 2.7208880 2.7467678 2.7933973 2.2746166 2.4658512 2.4256038 2.6684304 2.5935528 2.4038113 2.8764979 3.2914597 1.6940141 2.0093344 2.5699658 2.5858018 2.2917209 3.1479726 
HoiH23_PlH23_001062-RA                  2.6238018 1.9544871 2.0540866 1.5752950 2.0660112 1.9458288 1.9971062 1.9446944 1.6790313 1.9727539 1.8959162 2.0317491 1.8582921 2.1287634 1.7248625 1.8606369 1.8725699 2.0915188 1.6403435 2.0553406 2.2690026 0.0000000 0.1206083 0.1228101 0.0699770 0.3952872 0.3967012 2.0770582 4.8523186 2.7689720 2.2981832 2.1578451 2.1166852 1.9873238 2.0887867 2.5142228 2.4100853 2.0424880 2.1480029 2.5404866 2.2589287 1.7768770 2.3395299 2.1885170 2.1439530 3.2766241 2.3259852 2.3516667 2.3201160 2.1649723 2.1990807 2.1352400 2.0831800 2.0152172 2.0040998 2.1766681 2.1355359 1.6182209 1.8009460 2.1506967 2.3184034 2.3008992 2.6809711 
Hhon_g03545.t1                          2.5284457 1.9038836 1.9584223 1.5564483 1.9758629 1.8968420 1.8621125 1.8527933 1.6265631 1.9276902 1.8811582 1.9601208 1.8779782 2.0550723 1.7609857 1.8559053 1.8664254 2.0587986 1.6907790 1.9764829 2.2590553 0.1206083 0.0000000 0.0085112 0.1273133 0.3617462 0.3717441 2.0189365 5.0718985 2.6062544 2.3263624 2.1811192 2.2017724 2.0626429 2.1851976 2.4769137 2.4284230 2.0999447 2.1453737 2.5661800 2.2694389 1.7956085 2.3649629 2.2054161 2.1838949 3.4828667 2.3833515 2.3648845 2.3676598 2.0455198 2.1430308 2.0855595 2.0330936 2.0565970 2.0106872 2.1962461 2.1341238 1.6023637 1.8514395 2.2721693 2.2591981 2.2069185 2.7548351 
HoiH04_mRNA12643                        2.4717222 1.8876062 1.9413584 1.5278547 1.9465884 1.8904032 1.8549774 1.8398830 1.6072924 1.9164611 1.8897463 1.9635777 1.8639907 2.0393900 1.7778279 1.8562625 1.8667970 2.0710028 1.6811832 1.9956168 2.2526060 0.1228101 0.0085112 0.0000000 0.1273132 0.3606270 0.3704320 2.0299715 5.0752716 2.6066753 2.3296510 2.1839066 2.2045596 2.0649744 2.1868681 2.4769137 2.4395639 2.1015889 2.1470114 2.5666058 2.2626401 1.7886820 2.3581344 2.1985084 2.1745106 3.4837976 2.3808596 2.3580428 2.3608265 2.0590992 2.1293233 2.0735011 2.0217257 2.0437042 1.9976486 2.1845327 2.1204273 1.5906276 1.8415756 2.2790060 2.2409042 2.2132930 2.7596845 
HoiH06_mRNA3435                         2.4802972 1.6459043 1.7365428 1.5261704 1.7283039 1.6020529 1.5498620 1.8522327 1.6599275 1.6874199 1.6737439 1.7517135 1.6250719 1.7472898 1.7134311 1.5997213 1.6105325 1.7394401 1.5204768 1.8123614 2.0521842 0.0699770 0.1273133 0.1273132 0.0000000 0.3263041 0.3141658 1.8536447 4.6421281 2.5350247 2.0315521 2.0315521 1.8780126 1.8780126 1.8707917 2.4239730 2.3560119 1.9629051 2.0128475 2.4895936 2.0301158 1.7583181 2.1512256 2.1504939 2.1115651 3.1957409 2.0862402 2.1567763 2.1429142 1.9409064 1.9197639 1.8706805 1.8718714 1.7782675 1.7134996 2.1589540 2.1035743 1.3598367 1.4533424 1.8325676 2.1066484 1.9035277 2.3065388 
TrH2_TrispH2_001438-RA                  2.6286552 1.8416846 1.8278275 1.5472570 1.9956476 1.7888845 1.7258796 1.8689398 1.6093835 1.9266320 1.9826413 2.0049469 1.8836349 2.0018557 1.6808526 1.8646656 1.8704567 2.0487528 1.6224383 1.9117935 2.2617355 0.3952872 0.3617462 0.3606270 0.3263041 0.0000000 0.0019824 2.0196073 5.0461258 3.0730107 2.4733583 2.3489868 2.1462526 2.0364575 2.1601679 2.7622886 2.5892532 2.1093629 2.2515338 2.8110637 2.2839548 1.9375589 2.4228785 2.2252392 2.2189113 3.5803254 2.4368687 2.3172116 2.3071906 2.0934315 2.2640676 2.1959981 2.1190999 2.0810581 2.0894132 2.3563059 2.3175641 1.5368139 1.7122241 2.1742727 2.2812607 2.3465341 2.4952104 
Tadh_TriadT57895                        2.0327127 1.8746245 1.8792279 1.5078326 2.0006831 1.8778265 1.8903124 1.7816991 1.5546786 1.9435043 2.0097718 2.0677473 1.9323872 2.0449874 1.6298513 1.8773072 1.8840232 2.0892450 1.6634364 1.9258597 2.2725365 0.3967012 0.3717441 0.3704320 0.3141658 0.0019824 0.0000000 2.0803429 3.9808761 2.5238062 2.9262361 2.7649665 2.4665177 2.3284763 2.0957711 2.2046511 2.1216606 2.1584306 2.1991068 2.1805087 2.2023541 1.8419679 2.3575070 2.1321500 2.0814218 2.6820073 2.4321586 2.2677794 2.2563859 2.1140740 2.2600480 2.1711053 2.0988153 2.1154656 2.1513635 2.1241279 2.0820021 1.7931725 1.9686379 2.1898335 2.2844102 2.4320916 2.4592185 
Cscu_XM_023360792.1                     2.4507968 1.8372961 1.7892015 1.5280069 1.8660348 1.5738996 1.5877364 1.8962513 1.6901217 1.8756686 1.8388314 1.6488651 1.7235195 1.7149774 1.3781472 1.6112065 1.6167340 1.8330247 1.5648846 1.8426409 2.1067215 2.0770582 2.0189365 2.0299715 1.8536447 2.0196073 2.0803429 0.0000000 5.1791244 3.1236864 2.0661612 1.9569883 1.8179391 1.7197409 1.8659647 2.5249519 2.6046003 2.1972044 2.2341675 2.8776085 2.5217105 2.1856289 2.5792132 2.3759130 2.4874672 3.7761158 2.5512108 2.4193741 2.4396952 1.8619292 2.1292230 2.0748181 2.1332224 2.3223850 2.4145538 2.4567906 2.7058483 1.5460451 2.0924665 2.3005846 2.2225577 1.7302389 2.1485730 
Eupdun_Edun_sb10635261                  4.8543528 3.6152484 4.3643588 4.4410586 4.7885324 2.6637480 0.4476269 4.0854368 3.9581284 3.7105525 4.0577407 3.3862917 4.3122809 4.1061745 3.7746868 3.9858384 4.0183388 4.4700382 3.4498198 4.2923988 5.6581327 4.8523186 5.0718985 5.0752716 4.6421281 5.0461258 3.9808761 5.1791244 0.0000000 0.0137947 3.3976230 3.3976230 0.0000010 0.0000010 1.4220632 2.2328383 0.9151822 0.7966358 0.8589116 0.9248295 1.0013432 0.7922297 1.1646492 1.1646492 1.1646492 1.3313025 1.0989260 1.0494233 1.0477883 4.6589355 3.5153406 4.4122596 4.6845109 6.0768570 5.1895191 5.6122538 5.2703496 0.0000010 9.0000000 4.2314990 3.2443311 6.3393720 3.7674873 
Eupdun_Edun_sb10635259                  3.3173345 2.2399940 2.5358519 2.5791748 2.6423832 1.6070852 1.5580098 2.4201062 2.3689965 2.1145892 2.1621277 2.2067943 2.3669789 2.4166831 2.3751462 2.4914162 2.5211959 2.6293168 2.2838366 2.5752875 3.2033559 2.7689720 2.6062544 2.6066753 2.5350247 3.0730107 2.5238062 3.1236864 0.0137947 0.0000000 2.3315269 2.3315269 1.3188828 1.3188828 0.8642531 1.0712932 0.7535888 0.7811101 0.7671279 0.6787461 0.7389511 0.5863059 0.8832494 0.8832494 0.8832494 0.9902686 0.8907595 0.8367162 0.8366786 2.6327836 2.3650813 2.8155958 2.9242326 3.2195681 2.8999144 2.9993127 2.8725108 0.0000010 8.9999990 3.0144204 2.3329752 3.0338198 2.5420789 
Coeast_Cast_sb811496                    3.3976230 1.9578090 2.0762951 1.5188679 1.9072201 1.9947872 1.8618558 1.8689201 1.7694130 2.4427082 2.0706533 2.1315391 2.3070290 2.3545893 1.4839332 2.3424615 2.3424615 2.0636694 2.5063271 2.3748459 2.5761674 2.2981832 2.3263624 2.3296510 2.0315521 2.4733583 2.9262361 2.0661612 3.3976230 2.3315269 0.0000000 0.0138766 0.0593417 0.0790361 0.1234896 1.6110764 1.9974000 0.5571543 0.5571543 2.9567615 0.7825201 0.4850037 0.8712579 0.6623236 0.7021635 3.3976230 0.8904221 0.8277469 0.8565203 1.9868758 2.6156745 2.2637632 2.3564173 2.6875872 2.4664891 3.6808393 4.3968774 1.9467513 2.5462625 2.3698437 2.4110133 2.2780664 2.8545125 
Coeast_Cast_sb811497                    3.3976230 1.8466686 1.9616887 1.5188679 1.8245363 1.8794941 1.7910140 1.8689201 1.7694130 2.3317191 2.0068338 2.0524856 2.1685200 2.2734777 1.4839332 2.2046073 2.2046073 2.0086121 2.4525043 2.3338255 2.4319057 2.1578451 2.1811192 2.1839066 2.0315521 2.3489868 2.7649665 1.9569883 3.3976230 2.3315269 0.0138766 0.0000000 0.0790361 0.0609155 0.1316550 1.6110764 1.9974000 0.5396924 0.5396924 2.9567615 0.7212383 0.4850037 0.8061513 0.6623236 0.7021635 3.3976230 0.8146603 0.8040949 0.8275155 1.8990130 2.4463283 2.0867553 2.2308420 2.6801602 2.3731119 3.6808393 4.3968774 1.9467513 2.4185228 2.2115404 2.3188960 2.1376410 2.7874471 
Coeast_Cast_sb811499                    0.0000010 1.8061437 1.8205442 1.3445240 1.7409252 1.8321067 1.7032506 1.6495988 1.5361709 2.2537044 1.9667336 1.9636573 2.1112963 2.1453631 1.3672977 2.2943522 2.2943522 1.8209152 2.1972716 2.2057417 2.2650928 2.1166852 2.2017724 2.2045596 1.8780126 2.1462526 2.4665177 1.8179391 0.0000010 1.3188828 0.0593417 0.0790361 0.0000000 0.0137267 0.0451467 0.1841640 0.1841640 0.3701644 0.3701644 2.1289821 0.6461963 0.3419215 0.7278299 0.5401199 0.4613763 0.0000010 0.7952822 0.7230179 0.7496830 1.8365577 2.3717154 2.0811899 2.0972374 2.4639656 2.3284855 2.4638232 7.2695457 1.9467513 2.5077057 2.2272664 2.1550199 2.1137827 2.6188074 
Coeast_Cast_sb811500                    0.0000010 1.7011013 1.7153207 1.3445240 1.6622629 1.7249238 1.6370891 1.6495988 1.5361709 2.1479488 1.9061876 1.8886803 1.9817524 2.0684053 1.3672977 2.1587692 2.1587692 1.7676681 2.1445229 2.1643276 2.1340174 1.9873238 2.0626429 2.0649744 1.8780126 2.0364575 2.3284763 1.7197409 0.0000010 1.3188828 0.0790361 0.0609155 0.0137267 0.0000000 0.0499387 0.1841640 0.1841640 0.3528478 0.3528478 2.1289821 0.5909405 0.3419215 0.6687969 0.5401199 0.4613763 0.0000010 0.7238188 0.7001197 0.7213551 1.7532951 2.2150516 1.9162352 1.9819659 2.4561843 2.2383666 2.4638232 7.2695457 1.9467513 2.3786675 2.0781506 2.0706758 1.9809231 2.5535525 
Coemet_Cmet_scaffold9460_01             2.3594206 1.7440071 1.7937146 1.5312335 1.8270626 1.6061152 1.5393943 1.7115900 1.6152817 1.9965294 1.9143979 1.7806013 2.0083957 1.9568780 1.4740100 2.0616150 2.0821288 2.0319779 1.9093635 2.2095497 2.2653805 2.0887867 2.1851976 2.1868681 1.8707917 2.1601679 2.0957711 1.8659647 1.4220632 0.8642531 0.1234896 0.1316550 0.0451467 0.0499387 0.0000000 0.0547505 0.0727026 0.3700014 0.3698316 0.8267511 0.7298070 0.4550585 0.7803123 0.6545601 0.6635360 0.9236766 0.8306438 0.7800873 0.7917028 2.0500393 2.1923504 1.9911259 2.0839502 2.2840729 2.1809437 2.1562041 2.2377957 1.8932500 2.4477587 2.2804021 2.2487402 2.1054957 2.5717177 
Coeast_Cast_sb793560                    3.3030513 2.1197599 2.1816479 2.2649926 2.3455982 1.3986428 1.4354671 2.2767241 2.1927535 2.1241117 2.1843934 2.0249760 2.1601417 2.1446787 2.1551470 2.1928824 2.1838536 2.4666073 1.9705648 2.4719785 2.6650284 2.5142228 2.4769137 2.4769137 2.4239730 2.7622886 2.2046511 2.5249519 2.2328383 1.0712932 1.6110764 1.6110764 0.1841640 0.1841640 0.0547505 0.0000000 0.1212428 0.5104589 0.4816520 1.0532472 1.0892968 0.8482016 0.9942803 0.9942803 0.9942803 1.4038749 1.0770387 1.1886003 1.1674140 2.7567491 2.3279600 2.3636418 2.6799294 2.5869537 2.5931460 2.4742338 2.4871475 0.0000010 6.7937218 2.9824367 2.6203300 2.4287287 2.6809485 
Coeast_Cast_sb793547                    3.1309041 2.1325878 2.2622845 2.3384150 2.4173719 1.5153465 1.4354671 2.3788225 2.3132874 2.0916502 2.1744166 2.0420523 2.2260457 2.1990994 2.2030141 2.1873392 2.1906228 2.5028295 1.9685919 2.4445950 3.0774135 2.4100853 2.4284230 2.4395639 2.3560119 2.5892532 2.1216606 2.6046003 0.9151822 0.7535888 1.9974000 1.9974000 0.1841640 0.1841640 0.0727026 0.1212428 0.0000000 0.3469868 0.3186241 0.8040022 0.7883138 0.5720746 0.7599042 0.7599042 0.7599042 0.8759260 0.8486176 0.8758361 0.8806534 2.7921344 2.3378955 2.5601778 2.7042946 2.7193004 2.7025317 2.6131405 2.6077375 0.0000010 8.1817827 2.7287742 2.4618220 2.8799981 2.8446307 
Vmul_sbMO446993                         2.8982003 1.7889582 2.0191162 1.6494824 1.8592971 1.6384330 1.7579827 1.9175742 1.7972178 2.0973092 2.0238799 1.9441790 2.0067629 2.2371272 1.7522814 2.2828707 2.2885316 2.1336624 2.1012903 2.1611347 2.4155572 2.0424880 2.0999447 2.1015889 1.9629051 2.1093629 2.1584306 2.1972044 0.7966358 0.7811101 0.5571543 0.5396924 0.3701644 0.3528478 0.3700014 0.5104589 0.3469868 0.0000000 0.0039609 0.7900202 0.7734031 0.4728774 0.8361281 0.7379226 0.7497211 0.8492766 0.9038238 0.7859312 0.7886203 2.2002378 2.2492382 2.3069016 2.2441908 2.4915144 2.3658839 2.7308859 2.8588946 1.7516389 2.4449426 2.3114381 2.2017102 2.1867146 2.9352692 
Vmul_Simscaffold12584_01                2.8416051 1.8795443 2.0874679 1.7069476 1.9082833 1.6119337 1.7666801 2.0102711 1.8928513 2.1512519 2.0391596 1.9895505 2.0525232 2.1580929 1.8505749 2.3497801 2.3503058 2.1451385 2.0794890 2.2062614 2.4509860 2.1480029 2.1453737 2.1470114 2.0128475 2.2515338 2.1991068 2.2341675 0.8589116 0.7671279 0.5571543 0.5396924 0.3701644 0.3528478 0.3698316 0.4816520 0.3186241 0.0039609 0.0000000 0.7710129 0.7497574 0.4584170 0.8397979 0.7522993 0.7674058 0.8798256 0.8765781 0.7700558 0.7724669 2.2135006 2.2721080 2.2780034 2.2785387 2.5216573 2.3879398 2.6698393 2.9717731 1.7516389 2.5038725 2.2971730 2.1636975 2.2613105 2.7583254 
Bolinf_Binf_sb1188094                   3.0832647 2.3030127 2.3464200 2.3509367 2.4879238 1.5977394 1.5703127 2.2490317 2.2387371 2.1407157 2.3114535 2.2277817 2.2107312 2.5126688 2.2363842 2.3212463 2.3553557 2.4770458 2.4900962 2.3495477 2.6384339 2.5404866 2.5661800 2.5666058 2.4895936 2.8110637 2.1805087 2.8776085 0.9248295 0.6787461 2.9567615 2.9567615 2.1289821 2.1289821 0.8267511 1.0532472 0.8040022 0.7900202 0.7710129 0.0000000 0.0088405 0.3997389 0.4791390 0.4791390 0.4791390 0.3714027 0.4419556 0.5225612 0.5118461 2.7973253 2.4391476 3.0782131 3.0154898 2.5635156 2.4356439 2.4292552 2.5702415 0.0000010 8.9999984 2.5814184 2.8372878 2.5231388 2.5425597 
Beraby_Baby_sb343585                    3.1362260 2.0248486 2.1257614 1.7408388 2.1319008 1.7097551 1.8222098 2.0322170 1.8873209 2.1042278 2.1334346 2.1343027 2.0804058 2.2971831 1.6703929 2.2779637 2.2938209 2.2523226 2.1878981 2.1965590 2.5881794 2.2589287 2.2694389 2.2626401 2.0301158 2.2839548 2.2023541 2.5217105 1.0013432 0.7389511 0.7825201 0.7212383 0.6461963 0.5909405 0.7298070 1.0892968 0.7883138 0.7734031 0.7497574 0.0088405 0.0000000 0.3458143 0.4449242 0.4038459 0.3783631 0.4217870 0.4956877 0.6226865 0.6199240 2.3769661 2.3446246 2.4917761 2.4952150 2.3259852 2.2720822 2.4412919 3.0369300 1.7943122 2.3096675 2.3722832 2.1588760 2.3271487 2.5945926 
Lampan_Lpan_10031_01                    3.1422419 1.6747540 1.8413362 1.7153960 1.7666298 1.2590610 1.2601805 1.7703672 1.8620651 1.7191032 1.6958981 1.8081793 1.7550267 1.9239485 1.8509337 1.8369759 1.8570894 1.7330287 1.7916314 1.9451608 2.1569761 1.7768770 1.7956085 1.7886820 1.7583181 1.9375589 1.8419679 2.1856289 0.7922297 0.5863059 0.4850037 0.4850037 0.3419215 0.3419215 0.4550585 0.8482016 0.5720746 0.4728774 0.4584170 0.3997389 0.3458143 0.0000000 0.4429104 0.4429104 0.4975771 0.6241479 0.4961640 0.5654851 0.5597230 1.9445563 1.9435425 2.0520708 2.0681760 2.1412639 2.0192660 2.6124683 3.0044057 1.2117230 1.5350003 1.9875859 1.8384176 1.9220716 2.2427566 
Bolinf_Binf_sb1238838                   3.6927217 2.0974031 2.1735974 1.8019203 2.1861872 1.6925992 1.7841845 2.1415852 1.9308568 2.2919627 2.2299449 2.2103096 2.1773636 2.5566761 1.7069075 2.0682942 2.0760024 2.3909140 2.2631008 2.3673328 2.5064710 2.3395299 2.3649629 2.3581344 2.1512256 2.4228785 2.3575070 2.5792132 1.1646492 0.8832494 0.8712579 0.8061513 0.7278299 0.6687969 0.7803123 0.9942803 0.7599042 0.8361281 0.8397979 0.4791390 0.4449242 0.4429104 0.0000000 0.0018864 0.0000010 0.5654848 0.5506874 0.6389370 0.6449190 2.3742821 2.3419995 2.4008028 2.4825823 2.4960160 2.3999575 2.4669795 3.2305974 1.7285878 2.2303799 2.3254305 2.3243965 2.4072045 2.7575450 
Mertsp_Mesp_sb580017                    3.6927217 1.9620841 1.9892000 1.8019203 2.0286029 1.5208400 1.5756669 2.1237522 1.9308568 2.0900958 2.1094141 2.0491119 1.9755672 2.3580146 1.7069075 1.9345941 1.9423664 2.1592217 2.0819745 2.1470734 2.3359186 2.1885170 2.2054161 2.1985084 2.1504939 2.2252392 2.1321500 2.3759130 1.1646492 0.8832494 0.6623236 0.6623236 0.5401199 0.5401199 0.6545601 0.9942803 0.7599042 0.7379226 0.7522993 0.4791390 0.4038459 0.4429104 0.0018864 0.0000000 0.0000010 0.5654848 0.4906721 0.5599540 0.5663748 2.2510608 2.1715820 2.3014510 2.3644220 2.3131225 2.2067231 2.4669795 3.2305974 1.6236412 1.9017407 2.1145258 2.1760876 2.2033398 2.5414457 
Bolinf_Binf_sb1238842                   3.6927217 1.9498858 1.9728967 1.9263350 2.0609930 1.3330301 1.2806607 2.0279779 1.9943232 1.9569936 2.0620730 2.1225751 2.0703257 2.3779125 1.8549809 1.8729313 1.8831922 2.2919600 2.0921812 2.1197528 2.4400938 2.1439530 2.1838949 2.1745106 2.1115651 2.2189113 2.0814218 2.4874672 1.1646492 0.8832494 0.7021635 0.7021635 0.4613763 0.4613763 0.6635360 0.9942803 0.7599042 0.7497211 0.7674058 0.4791390 0.3783631 0.4975771 0.0000010 0.0000010 0.0000000 0.5654848 0.5143418 0.5415978 0.5448424 2.4785525 2.2780349 2.4796223 2.5676158 2.2912494 2.1730635 2.4669795 3.1394885 1.0050806 1.3550222 2.0966209 2.2525791 2.3400633 2.5889732 
Bolinf_Binf_sb1205859                   3.1913217 2.7951741 2.8109585 2.7347968 2.9642531 1.3884429 1.5734834 2.7503471 2.7714745 2.8300814 2.7780581 2.7670331 2.5621189 2.8930294 2.6743188 2.5915509 2.6083586 3.2848079 2.5646515 2.7367006 4.0924667 3.2766241 3.4828667 3.4837976 3.1957409 3.5803254 2.6820073 3.7761158 1.3313025 0.9902686 3.3976230 3.3976230 0.0000010 0.0000010 0.9236766 1.4038749 0.8759260 0.8492766 0.8798256 0.3714027 0.4217870 0.6241479 0.5654848 0.5654848 0.5654848 0.0000000 0.6063170 0.7415058 0.7505083 3.2780241 2.8571095 3.3131913 3.1421102 3.5047564 3.4342299 3.1830078 3.7860040 0.0000010 9.0000000 2.8940426 3.0138064 3.8258807 3.2272840 
Drygla_Dgla_sb303994                    3.3977573 2.0189754 2.1508776 1.6307366 2.0468949 1.6537379 1.8590608 2.0033957 1.9078790 2.1556281 2.0313809 2.1547342 2.1374992 2.3866865 1.6517094 2.3911182 2.4181926 2.3001414 2.1933956 2.2605120 2.7208880 2.3259852 2.3833515 2.3808596 2.0862402 2.4368687 2.4321586 2.5512108 1.0989260 0.8907595 0.8904221 0.8146603 0.7952822 0.7238188 0.8306438 1.0770387 0.8486176 0.9038238 0.8765781 0.4419556 0.4956877 0.4961640 0.5506874 0.4906721 0.5143418 0.6063170 0.0000000 0.6506434 0.6647639 2.3972167 2.3270219 2.3561889 2.4491670 2.5582642 2.4446982 2.5475050 2.9018749 1.7906667 2.2451641 2.3853950 2.2482624 2.4548467 2.6502251 
Pbac_sb2637762                          3.6860576 2.1587115 2.2213234 1.7845158 2.1750205 1.7716135 1.9032851 2.0651801 1.9652298 2.2390821 2.1022970 2.3132153 2.2650134 2.4681875 1.9402685 2.3885147 2.4045712 2.4225739 2.3605766 2.4087579 2.7467678 2.3516667 2.3648845 2.3580428 2.1567763 2.3172116 2.2677794 2.4193741 1.0494233 0.8367162 0.8277469 0.8040949 0.7230179 0.7001197 0.7800873 1.1886003 0.8758361 0.7859312 0.7700558 0.5225612 0.6226865 0.5654851 0.6389370 0.5599540 0.5415978 0.7415058 0.6506434 0.0000000 0.0124495 2.4200001 2.3940849 2.3634656 2.3770491 2.3632110 2.3436561 2.3157357 2.8112519 1.8422979 2.3653487 2.3465473 2.4561551 2.4800773 2.6587381 
Horcal_Hcv1.av93.c8.g1009.i1            3.6415235 2.1673864 2.2314069 1.7774599 2.1711726 1.7845494 1.9408518 2.0563695 1.9567085 2.2718610 2.1058919 2.2810385 2.2985580 2.4972875 1.9379504 2.4075184 2.4236655 2.4172467 2.3492658 2.3942657 2.7933973 2.3201160 2.3676598 2.3608265 2.1429142 2.3071906 2.2563859 2.4396952 1.0477883 0.8366786 0.8565203 0.8275155 0.7496830 0.7213551 0.7917028 1.1674140 0.8806534 0.7886203 0.7724669 0.5118461 0.6199240 0.5597230 0.6449190 0.5663748 0.5448424 0.7505083 0.6647639 0.0124495 0.0000000 2.4199557 2.3952981 2.3664562 2.3862610 2.3703033 2.3233682 2.3067868 2.7977520 1.8517917 2.3399947 2.3790220 2.4436323 2.4719096 2.6486181 
Sanmal_Sma_010813-T1                    2.3808953 1.9069123 1.9988031 1.6199906 1.9630822 1.7348322 1.8145052 1.9337019 1.6839309 1.8968395 1.8130259 1.8601443 1.7484615 2.0098100 1.8128344 1.9855115 2.0007099 2.0610935 1.7742344 1.9252884 2.2746166 2.1649723 2.0455198 2.0590992 1.9409064 2.0934315 2.1140740 1.8619292 4.6589355 2.6327836 1.9868758 1.8990130 1.8365577 1.7532951 2.0500393 2.7567491 2.7921344 2.2002378 2.2135006 2.7973253 2.3769661 1.9445563 2.3742821 2.2510608 2.4785525 3.2780241 2.3972167 2.4200001 2.4199557 0.0000000 1.0262085 1.0988723 1.1221948 2.1360469 2.2028912 2.5189728 2.5358789 1.7256621 1.8911907 1.7742854 1.8780300 2.1438668 2.5498481 
Aaur_scaffold627.g12.t1                 2.3411122 2.0066532 2.0057319 1.4711027 2.0738098 1.7926647 2.0253588 1.8904844 1.6299348 2.0136019 1.9874532 2.1413023 2.1440598 2.0469294 1.7475385 2.2189476 2.2230649 2.4169536 1.9370102 1.9300273 2.4658512 2.1990807 2.1430308 2.1293233 1.9197639 2.2640676 2.2600480 2.1292230 3.5153406 2.3650813 2.6156745 2.4463283 2.3717154 2.2150516 2.1923504 2.3279600 2.3378955 2.2492382 2.2721080 2.4391476 2.3446246 1.9435425 2.3419995 2.1715820 2.2780349 2.8571095 2.3270219 2.3940849 2.3952981 1.0262085 0.0000000 0.7436318 0.7726120 2.0998919 2.0256267 1.7235110 1.8582941 1.9509998 2.3678272 1.7987440 1.8408068 2.4286840 2.8618881 
Nemnom_g15642.t1                        2.2204701 2.0018654 2.0255147 1.6866479 2.1719564 1.9947893 2.0162873 1.9992569 1.8258671 2.1785553 2.1113836 2.2358844 2.1488133 2.4193921 1.9299861 2.3310481 2.3311784 2.3655152 2.0768872 1.9252192 2.4256038 2.1352400 2.0855595 2.0735011 1.8706805 2.1959981 2.1711053 2.0748181 4.4122596 2.8155958 2.2637632 2.0867553 2.0811899 1.9162352 1.9911259 2.3636418 2.5601778 2.3069016 2.2780034 3.0782131 2.4917761 2.0520708 2.4008028 2.3014510 2.4796223 3.3131913 2.3561889 2.3634656 2.3664562 1.0988723 0.7436318 0.0000000 0.3888940 2.2007438 2.2250520 2.1829615 2.4147018 1.9883925 2.1754288 1.8087050 2.0207406 2.6603797 2.9243749 
Rhoesc_Res_000461-T1                    2.2014450 2.0285967 2.0279529 1.7442918 2.2464961 1.9874311 1.9871016 1.9998485 1.7753194 2.0070064 1.9552456 2.2321584 2.1091853 2.2581281 1.9305341 2.3032555 2.3236180 2.4480830 2.0360434 1.9470934 2.6684304 2.0831800 2.0330936 2.0217257 1.8718714 2.1190999 2.0988153 2.1332224 4.6845109 2.9242326 2.3564173 2.2308420 2.0972374 1.9819659 2.0839502 2.6799294 2.7042946 2.2441908 2.2785387 3.0154898 2.4952150 2.0681760 2.4825823 2.3644220 2.5676158 3.1421102 2.4491670 2.3770491 2.3862610 1.1221948 0.7726120 0.3888940 0.0000000 2.1396285 2.1875270 2.2223998 2.3244357 2.0281372 2.1070008 1.8336291 2.2386881 2.6879064 2.8569502 
Lcom_lcpid47506                         2.0563945 1.7066920 1.7517058 1.3952508 1.7289403 1.5865083 1.5759432 1.7539617 1.4839143 1.6970880 1.7572197 2.1723419 1.9960892 2.0377877 1.7370579 2.0569387 2.0579469 2.1893454 1.7106122 1.8737548 2.5935528 2.0152172 2.0565970 2.0437042 1.7782675 2.0810581 2.1154656 2.3223850 6.0768570 3.2195681 2.6875872 2.6801602 2.4639656 2.4561843 2.2840729 2.5869537 2.7193004 2.4915144 2.5216573 2.5635156 2.3259852 2.1412639 2.4960160 2.3131225 2.2912494 3.5047564 2.5582642 2.3632110 2.3703033 2.1360469 2.0998919 2.2007438 2.1396285 0.0000000 0.3473564 0.2916424 0.2696918 0.3629879 0.5280961 2.0590672 2.3335975 2.2114651 2.7644984 
Gracom_Gcom_scaffold16180_01            2.1706547 1.6735859 1.7410197 1.3650887 1.8047717 1.5768947 1.4994357 1.7558529 1.4189221 1.7491893 1.7460781 1.9943505 1.9827114 2.0204750 1.7052581 2.1443682 2.1411003 2.2445576 1.6911624 1.9047857 2.4038113 2.0040998 2.0106872 1.9976486 1.7134996 2.0894132 2.1513635 2.4145538 5.1895191 2.8999144 2.4664891 2.3731119 2.3284855 2.2383666 2.1809437 2.5931460 2.7025317 2.3658839 2.3879398 2.4356439 2.2720822 2.0192660 2.3999575 2.2067231 2.1730635 3.4342299 2.4446982 2.3436561 2.3233682 2.2028912 2.0256267 2.2250520 2.1875270 0.3473564 0.0000000 0.3176539 0.2842752 0.3217409 0.4792406 2.1446850 2.3469399 2.0675822 2.5919408 
Leuniv_Lniv_scaffold5613_01             2.2437758 1.8280077 1.7993157 1.8311078 1.8799820 1.3435068 1.5148092 2.0481168 2.0429031 1.8665001 1.8104697 2.0171614 2.0628028 2.0336234 2.0008679 2.0827074 2.1008325 2.6036209 1.8443664 1.7717224 2.8764979 2.1766681 2.1962461 2.1845327 2.1589540 2.3563059 2.1241279 2.4567906 5.6122538 2.9993127 3.6808393 3.6808393 2.4638232 2.4638232 2.1562041 2.4742338 2.6131405 2.7308859 2.6698393 2.4292552 2.4412919 2.6124683 2.4669795 2.4669795 2.4669795 3.1830078 2.5475050 2.3157357 2.3067868 2.5189728 1.7235110 2.1829615 2.2223998 0.2916424 0.3176539 0.0000000 0.2861498 0.0000010 2.0943261 2.0909707 2.5527694 2.1445084 2.7022863 
Scil_scict010317.1                      1.9747048 1.7884029 1.8103228 1.7957048 1.8628190 1.4542606 1.7580141 1.9653914 1.9611361 1.8628410 1.8725619 2.2723026 2.2427075 2.3602650 2.3404588 2.3168554 2.3188009 2.9321093 2.0510164 1.9049056 3.2914597 2.1355359 2.1341238 2.1204273 2.1035743 2.3175641 2.0820021 2.7058483 5.2703496 2.8725108 4.3968774 4.3968774 7.2695457 7.2695457 2.2377957 2.4871475 2.6077375 2.8588946 2.9717731 2.5702415 3.0369300 3.0044057 3.2305974 3.2305974 3.1394885 3.7860040 2.9018749 2.8112519 2.7977520 2.5358789 1.8582941 2.4147018 2.3244357 0.2696918 0.2842752 0.2861498 0.0000000 1.6352918 3.5270487 2.2544750 2.5775071 2.4566236 2.9570152 
Leuniv_Lniv_C789500_01                  0.0000010 1.4214382 1.4401104 0.8601638 1.3609273 1.4914723 1.4880326 1.1021174 0.5975216 1.4902916 1.3970781 1.7195430 1.4262721 1.6802466 1.0654569 1.6651523 1.6651523 1.6565522 1.3960858 1.6411333 1.6940141 1.6182209 1.6023637 1.5906276 1.3598367 1.5368139 1.7931725 1.5460451 0.0000010 0.0000010 1.9467513 1.9467513 1.9467513 1.9467513 1.8932500 0.0000010 0.0000010 1.7516389 1.7516389 0.0000010 1.7943122 1.2117230 1.7285878 1.6236412 1.0050806 0.0000010 1.7906667 1.8422979 1.8517917 1.7256621 1.9509998 1.9883925 2.0281372 0.3629879 0.3217409 0.0000010 1.6352918 0.0000000 0.3366212 2.0713186 1.8703070 1.8240278 1.8182917 
Scil_scict007910.1                      9.0000000 1.8181517 1.7861013 0.9277447 1.7447258 1.6523010 1.6388379 1.5038478 0.7950004 1.8111086 1.8933287 2.1645063 1.9285127 2.1190090 1.1824215 1.9900391 1.9900391 1.9906346 1.8067022 1.8373759 2.0093344 1.8009460 1.8514395 1.8415756 1.4533424 1.7122241 1.9686379 2.0924665 9.0000000 8.9999990 2.5462625 2.4185228 2.5077057 2.3786675 2.4477587 6.7937218 8.1817827 2.4449426 2.5038725 8.9999984 2.3096675 1.5350003 2.2303799 1.9017407 1.3550222 9.0000000 2.2451641 2.3653487 2.3399947 1.8911907 2.3678272 2.1754288 2.1070008 0.5280961 0.4792406 2.0943261 3.5270487 0.3366212 0.0000000 2.2306707 2.1318682 2.1203526 2.3756933 
