105
Emue_Em0020g228a.t1                                    0.0000000 0.2629948 1.2609896 0.1310246 1.8648798 1.6018216 1.5524927 1.2968310 1.2936741 1.3125524 1.3061087 0.9759388 1.1813002 1.2618899 1.1783870 1.0363801 0.3504029 0.9915052 1.0304019 1.0091612 0.9540528 0.6030462 1.0133709 1.2900879 1.0087172 1.0899501 1.1103245 1.1103245 1.1002390 1.2219810 1.3699848 1.4120117 1.2650870 1.2258324 1.2790793 1.1480596 1.2485141 1.1360582 1.3084981 1.2027522 1.2552428 1.1981019 1.1039449 1.4628662 1.3799287 1.3320644 1.1582972 1.1703445 0.8054787 1.8573290 1.3568660 1.7150638 1.7308936 0.9504841 1.8646439 1.9124929 1.6475217 1.6475217 1.9513558 1.0328063 1.9202057 1.7490317 1.4445032 1.9341392 2.5300095 1.8977222 1.4294901 1.6476018 1.1805872 1.1805872 2.0272991 2.1298622 1.9912740 1.7122800 1.7122800 0.6000212 1.4642984 1.5067031 1.5067031 1.4450848 1.4450848 1.2412401 1.4326313 1.4437926 1.8406953 1.6290710 1.5701336 1.3621907 1.5917661 1.5808918 1.9871755 1.8506158 1.4164140 1.3969903 1.7956343 1.6330446 1.3967540 1.8152434 2.0661556 1.2974271 1.9239153 2.3668642 2.7854609 2.7854609 2.2432151 
Spolac_c88189_g2_i1_m.4831c61531-g1                    0.2629948 0.0000000 1.2020452 0.0000010 2.1178232 0.0000010 1.6902128 1.4514435 1.4719191 1.4527673 1.3891128 0.8922676 1.2863617 1.4020113 1.3383604 1.2674380 0.0000010 1.1980042 1.2187324 1.1710566 1.2212747 0.6792307 1.1491304 1.5887087 1.2051778 1.2583731 1.3032503 1.3032503 1.3121247 1.4295636 1.5309018 1.4844145 1.4191974 1.2356552 1.3329642 1.4513980 1.6526683 1.3971482 1.6544178 1.6252923 1.4046139 1.3921703 1.3302760 1.6992391 1.6504725 1.6831344 1.3713022 1.3557593 0.4021930 2.0888856 1.4298460 1.7758396 1.7484659 0.0000010 2.1440576 2.1789304 1.8850660 1.8850660 2.0466177 1.0336471 2.0769403 1.7994485 1.5902513 2.1003139 3.4859135 1.9045000 1.4214799 1.7358311 1.4032490 1.4032490 2.2261685 2.2416156 1.9912740 1.8994671 1.8994671 0.5389256 1.5124357 1.5611362 1.5611362 1.5124357 1.5124357 0.4355634 1.5319551 1.5417799 1.8383753 1.7575989 1.6831007 1.3388251 1.6150868 1.5292190 2.1295969 2.1295969 1.4199866 1.4199866 2.1614200 2.0568208 1.4892273 1.9211615 2.1944521 1.2941516 1.9142710 2.2911005 2.7748852 2.7748852 4.4661854 
Plespi_Pspi_scaffold9301_01                            1.2609896 1.2020452 0.0000000 1.0295089 2.3712548 2.0764468 1.9756902 1.4180970 1.3735866 1.3985889 1.3377595 0.8545618 1.5190959 1.4218667 1.3078311 1.0802689 0.0000010 1.1191492 1.1367298 1.0904949 1.0567678 0.7673825 1.1269280 1.3043477 1.1076176 1.1767392 1.1393858 1.1393858 1.1260057 1.3529792 1.5247671 1.4662600 1.3013787 1.2440690 1.2244379 1.2611350 1.4863438 1.1661859 1.4212729 1.3929106 1.2912614 1.3934946 1.3161694 1.3221522 1.5108974 1.7640495 1.1835987 1.1979950 0.5035799 1.7335830 1.2791591 1.8303281 1.7895996 0.0000010 1.8842322 1.7391747 1.5939575 1.5939575 1.8399389 1.0385239 1.8835751 1.7989655 1.7269152 1.9792566 3.8305541 2.0063483 1.4762359 1.8847935 1.3095873 1.3095873 2.3400449 2.6193078 1.9912740 1.6395990 1.6395990 0.5925595 1.5646105 1.6379431 1.6379431 1.5646105 1.5646105 1.0548610 1.5031666 1.5864558 1.8014617 1.6684832 1.6181656 1.1302439 1.7237191 1.7232281 1.8056126 1.8056126 1.2826210 1.2826210 1.8115798 1.8710086 1.4814770 1.9068742 2.0784179 1.3922700 1.9426775 1.9778927 1.9459693 1.9459693 2.4544602 
Spolac_c88189_g1_i1_m.4830c61531-g1                    0.1310246 0.0000010 1.0295089 0.0000000 1.5383900 0.7009984 1.4344028 1.0127220 1.0131819 1.0716654 1.0495071 1.0495071 1.0531949 1.0464847 1.0629285 0.7828542 0.0000010 1.0711367 1.0982784 1.0381887 0.9685313 0.9685313 1.0350740 0.8916400 0.9732369 1.0919507 1.1351634 1.1372154 1.1363788 1.1626776 1.3896181 1.3642338 1.3106660 1.3792617 1.3211480 1.1292753 0.9811553 1.2251718 1.2251718 1.0210134 1.1431753 0.9770872 1.0734245 1.2485020 1.4284802 1.2665332 1.0623736 1.0055648 2.7087786 1.8584492 1.5413832 1.6084517 1.6486460 1.3321267 1.5560704 1.4301194 1.5024620 1.5024620 1.8230119 1.6664611 2.2722200 1.9545318 1.7728912 2.1136910 2.2480171 1.6412918 1.8061335 1.6480066 0.9949838 0.9949838 1.9645879 2.1696269 3.5417363 1.6797488 1.6797488 0.8355191 1.3879924 0.0000010 0.0000010 1.3879924 1.3879924 1.3879924 0.0000010 1.4018617 8.9999988 1.3496219 1.3959224 1.3959224 1.5364037 1.6037051 2.1269609 1.6356041 2.1269609 1.6356041 1.6360171 1.3670835 1.3663309 0.0000010 1.6869532 2.9946419 0.0000010 0.0000010 0.0000010 0.0000010 2.5807658 
Lcom_lcpid41275                                        1.8648798 2.1178232 2.3712548 1.5383900 0.0000000 0.2604765 0.6622113 1.4833037 1.5473848 1.4367418 1.4525427 1.0177803 1.2452899 1.4758360 1.5618663 1.2976470 0.5335188 1.2623768 1.1881815 1.2426651 1.2228977 0.8374624 1.2581451 1.4608442 1.3261662 1.3067094 1.4519314 1.4643166 1.3740736 1.3885390 1.4106697 1.3865177 1.4506425 1.3305194 1.3186992 1.3290557 1.4313844 1.3404180 1.5731947 1.3682011 1.3430880 1.4954046 1.4397395 1.3654863 1.4103931 1.5982752 1.4309448 1.4432220 0.8322374 1.8511536 1.4670653 2.0689159 2.0538235 1.1103128 1.9119757 1.7511243 1.9292643 1.9292643 1.8575694 1.4770777 2.0777790 2.0228518 1.5556662 2.0810568 1.0722543 1.9325842 1.5643163 1.9289522 1.3948958 1.4549483 2.1877224 2.3505064 0.9466286 1.8652485 1.8652485 1.2048497 2.0071476 2.4609219 2.4609219 1.7045386 1.7045386 1.2946972 2.3737201 1.7746020 2.3354712 1.6710676 1.8288748 1.5868337 1.7966110 1.8120910 2.1307728 1.9596992 1.6210116 1.6579005 1.7249580 1.7383054 2.2266654 2.6198366 0.8807368 2.6980911 2.5937342 3.6406337 2.7972757 2.7972757 2.8519180 
Scil_scict019621.1                                     1.6018216 0.0000010 2.0764468 0.7009984 0.2604765 0.0000000 0.2379232 0.5083642 0.5476334 0.5022683 0.6556589 0.6556589 0.5022683 0.5253674 0.5800255 0.5866269 0.4989544 0.6302934 0.5537620 0.5704627 0.6459990 0.6459990 0.5817382 0.6431872 0.5967990 0.5433168 0.6714631 0.6714631 0.7063236 0.5953424 0.6227950 0.6154372 0.6496559 0.6671409 0.6879199 0.6210719 0.6040757 0.8022937 0.9551773 0.7202966 0.5491573 0.7354223 0.8512482 0.5869857 0.6891910 0.7469395 0.6296738 0.6065652 0.8367728 0.7772450 0.6705437 1.0492707 0.9997781 0.8609829 0.8887251 0.9138305 0.9229699 0.9229699 0.8795923 0.8261330 0.9685581 0.8309755 0.8352256 1.1180117 0.8385728 0.8760596 0.7878442 0.8420750 0.4410204 0.8373932 1.0145221 1.1559704 0.8152838 0.7850383 0.7850383 1.1452605 2.7963215 9.0000000 9.0000000 0.7496983 0.7496983 0.7496983 0.0000010 0.7771272 0.0000010 0.7438584 0.9795838 0.9795838 0.8016363 0.8016363 6.1346560 0.8955666 6.1346560 0.8955666 0.7735338 0.8309420 2.4428395 0.0000010 0.2785270 0.0000010 0.0000010 0.0000010 0.0000010 0.0000010 1.5263192 
Gracom_Gcom_scaffold17806_01                           1.5524927 1.6902128 1.9756902 1.4344028 0.6622113 0.2379232 0.0000000 1.3786336 1.4316455 1.3767056 1.3844745 0.9636155 1.1825786 1.3570714 1.5098283 1.2389582 0.6046221 1.2309046 1.1330497 1.1581801 1.1784993 0.8572335 1.1667383 1.3296342 1.1844682 1.2461976 1.2286781 1.2316527 1.2354945 1.2423881 1.3413174 1.3528192 1.2870272 1.3790684 1.3525397 1.2987393 1.3056815 1.2431590 1.4576244 1.3095331 1.2888421 1.3494278 1.3534131 1.3475549 1.3245337 1.5163204 1.3674349 1.3806934 0.9515682 1.7946543 1.3839301 1.7579333 1.7654088 1.0201899 1.7965943 1.6794976 1.7246713 1.7246713 1.7511558 1.2776830 1.8856958 1.8192809 1.4898285 1.9728806 1.1272224 1.7713151 1.4394323 1.7599403 1.3790842 1.4237223 2.0719953 2.1803518 0.9529609 1.7921286 1.7921286 1.1968159 1.7960266 2.1457273 2.1457273 1.5280960 1.5280960 1.1814987 2.0127989 1.5913425 2.0638104 1.5548179 1.6075037 1.3550221 1.7812314 1.7976910 1.8940118 1.8142238 1.3312568 1.4756575 1.6294272 1.6077898 1.8743663 2.2614561 0.7029675 1.7921259 2.2970608 3.0407254 2.6084296 2.6084296 2.2460057 
HoiH23_PlH23_003187-RA                                 1.2968310 1.4514435 1.4180970 1.0127220 1.4833037 0.5083642 1.3786336 0.0000000 0.0368832 0.0768724 0.2289260 0.1214027 0.1457500 0.1545087 1.3014077 1.1334769 0.7107123 1.0018266 0.9934200 0.9980706 0.9896022 0.7134057 0.9584254 1.1723404 1.0076199 0.9911076 1.0107705 1.0112591 1.0341107 1.1709414 1.2032649 1.2318510 1.1801221 1.2326472 1.2337276 1.1574022 1.1864242 1.0969093 1.2891735 1.1431897 1.2296001 1.1906883 1.1820491 1.1388345 1.2242706 1.3076825 1.1910347 1.1682648 1.1506087 1.6472966 1.2753907 1.6968463 1.6741629 1.1711243 1.6426652 1.6507748 1.5588111 1.5588111 1.6675247 1.2714850 1.7941389 1.7221122 1.4695127 1.8801134 1.4606362 1.7914780 1.4047086 1.6452921 1.1691863 1.2428858 1.8954179 2.0081462 0.8557983 1.5096590 1.5096590 1.0439244 1.6817901 1.8300359 1.8300359 1.4887184 1.4887184 1.2845712 1.5439904 1.4383713 1.8455080 1.5114601 1.5929991 1.3707989 1.4901799 1.5086740 1.9778817 1.8037340 1.5351412 1.5472490 1.5687847 1.5066446 1.7279005 2.2471496 1.6583188 1.5959807 2.3984003 2.7231013 2.4742351 2.4742351 2.1844722 
HoiH06_mRNA8096                                        1.2936741 1.4719191 1.3735866 1.0131819 1.5473848 0.5476334 1.4316455 0.0368832 0.0000000 0.0673053 0.2214157 0.1233953 0.1520066 0.1514333 1.3471680 1.1798417 0.8094162 1.0261759 1.0116243 1.0198507 1.0140254 0.7505360 0.9761906 1.2085099 1.0346451 1.0375423 1.0239848 1.0244997 1.0600157 1.1844618 1.2478878 1.2854470 1.2050663 1.2733198 1.2375266 1.1745014 1.2191266 1.1216832 1.2608172 1.1575906 1.2713265 1.2377025 1.2162981 1.1693623 1.2550444 1.3455961 1.2315342 1.2087925 1.1086220 1.6567867 1.3421349 1.7103278 1.6767450 1.1971563 1.6708906 1.6371019 1.5290463 1.5290463 1.6994753 1.2776748 1.8399985 1.7605298 1.5064077 1.8617369 1.5446248 1.8302528 1.4516408 1.6642317 1.1200768 1.1462314 1.9287580 2.0303109 0.8391859 1.5364141 1.5364141 0.9645154 1.6330702 1.8071030 1.8071030 1.5254577 1.5254577 1.2979928 1.6397309 1.4892279 1.8446299 1.5619388 1.5718612 1.3340470 1.5169008 1.5365978 1.9647304 1.7745199 1.5117375 1.5124609 1.6087555 1.5372046 1.7356922 2.1657606 1.6515384 1.6288845 2.4293160 2.6182646 2.3654863 2.3654863 2.1244701 
Hhon_g00215.t1                                         1.3125524 1.4527673 1.3985889 1.0716654 1.4367418 0.5022683 1.3767056 0.0768724 0.0673053 0.0000000 0.2296025 0.1358209 0.0955997 0.1402035 1.2890642 1.1097698 0.6995483 0.9857626 0.9652009 0.9981777 0.9751454 0.7185181 0.9549770 1.1568597 1.0038985 1.0293940 0.9790895 0.9795605 1.0206945 1.1903279 1.2143739 1.2367310 1.1863656 1.2489670 1.2429993 1.1396588 1.1790299 1.0877737 1.2824440 1.1255744 1.2369628 1.2140533 1.2097849 1.1041446 1.2238281 1.3117356 1.1828779 1.1599250 1.1358849 1.6554382 1.2860376 1.7187204 1.7047389 1.1809157 1.6359081 1.6352218 1.5795226 1.5795226 1.6694488 1.2649104 1.8226900 1.7504525 1.4538701 1.8904188 1.4653187 1.8241303 1.4228704 1.6928268 1.1420078 1.2128180 1.8951944 2.0314134 0.8581307 1.5245543 1.5245543 1.0695955 1.7076743 1.8968252 1.8968252 1.4856942 1.4856942 1.2423103 1.6390595 1.4612512 1.9216021 1.5268939 1.6045692 1.3682845 1.5102548 1.5394030 1.9615308 1.8044176 1.4976981 1.5356610 1.5550058 1.5065432 1.7844457 2.2875081 1.6322583 1.6735366 2.3997409 2.7210819 2.3559944 2.3559944 2.1078560 
TrH2_TrispH2_000471-RA                                 1.3061087 1.3891128 1.3377595 1.0495071 1.4525427 0.6556589 1.3844745 0.2289260 0.2214157 0.2296025 0.0000000 0.0122088 0.2267282 0.2405426 1.2880294 1.1229873 0.7263239 0.9678035 0.9583468 0.9542101 0.9224127 0.6682971 0.9160734 1.0997653 1.0009835 0.9739378 0.9333919 0.9338304 0.9834952 1.2195552 1.2070856 1.2298951 1.2103977 1.2060288 1.2091479 1.1524478 1.1553222 1.0598181 1.2313606 1.1130876 1.2145893 1.1580577 1.1572220 1.1278089 1.2052504 1.2659433 1.1694947 1.1569507 1.1168641 1.6168049 1.2212316 1.7114675 1.6876972 1.1721894 1.6890148 1.6156677 1.5100044 1.5100044 1.6585501 1.2141193 1.7226393 1.6983267 1.4462064 1.8754539 1.3832553 1.8346916 1.3991939 1.6082370 1.1953324 1.2708143 1.9584944 1.9233571 0.8584473 1.5224142 1.5224142 1.0734569 1.6484616 1.9251012 1.9251012 1.4741383 1.4741383 1.2037084 1.5703151 1.4310668 1.9624759 1.5279797 1.5819481 1.3385471 1.5321682 1.5452087 1.8947334 1.7572641 1.3463434 1.4421494 1.5900946 1.5585702 1.7637985 2.2708414 1.6851744 1.7353911 2.5458765 2.6700443 2.3354445 2.3354445 2.0949303 
Tadh_TriadT50484                                       0.9759388 0.8922676 0.8545618 1.0495071 1.0177803 0.6556589 0.9636155 0.1214027 0.1233953 0.1358209 0.0122088 0.0000000 0.1135775 0.1459083 0.9946477 0.8101469 0.7263239 0.7017390 0.6810120 0.6906399 0.6995072 0.6519929 0.6724386 0.6815552 0.6640584 0.7071433 0.6505234 0.6508890 0.6779616 0.9194423 0.8534499 0.8618105 0.8932828 0.9842855 0.9487009 0.7743286 0.7566554 0.8685647 0.9465619 0.7541283 0.8694126 0.7953178 0.8581328 0.7534968 0.8483408 0.9077283 0.8631341 0.8282813 1.1368330 1.1285343 0.9304133 1.2613211 1.2598748 1.1721894 1.2146853 1.1763700 1.0971133 1.0971133 1.1836051 1.1442950 1.2800425 1.2845745 1.2322673 1.3760279 1.3832553 1.2664339 1.0723337 1.1966900 0.8311724 0.9420189 1.3882374 1.3731006 0.8702665 1.1217101 1.1217101 1.0734569 1.3637788 1.2806402 1.2806402 1.2142963 1.2142963 1.2037084 1.1569841 1.1796352 1.1753011 1.2355916 1.3147782 1.3018940 1.2442955 1.2727788 1.1832947 1.3849140 1.0691776 1.3302429 1.2675744 1.2365730 1.3947208 1.6099875 1.2816669 1.5897300 1.8319385 2.0150868 9.0000000 9.0000000 2.0949303 
HoiH04_mRNA484                                         1.1813002 1.2863617 1.5190959 1.0531949 1.2452899 0.5022683 1.1825786 0.1457500 0.1520066 0.0955997 0.2267282 0.1135775 0.0000000 0.1925311 1.1052005 0.9843541 0.6995483 0.8728545 0.8487700 0.8702002 0.8585685 0.6998712 0.8574759 0.9578288 0.8902514 0.8383110 0.9067698 0.9073477 0.9246563 0.9947240 0.9937154 1.0346201 1.1143361 1.1650762 1.1278356 0.9331885 0.9589916 1.1104319 1.1585537 0.9498022 1.0334184 1.0256169 1.0740099 0.8609474 0.9940384 1.1217452 1.0772109 1.0366285 1.1654790 1.4031780 1.1794923 1.5301589 1.4878674 1.1804824 1.4360518 1.4601333 1.3724304 1.3724304 1.4605568 1.3176385 1.5957564 1.5365481 1.2675691 1.6103566 1.4653187 1.5801338 1.1522575 1.4414861 0.9781793 1.0773274 1.6004028 1.6387450 0.8412349 1.3447672 1.3447672 1.0695955 1.5763772 1.6766439 1.6766439 1.3344464 1.3344464 1.2432809 1.4940777 1.2855085 1.4462899 1.3154875 1.4233630 1.3866482 1.3559796 1.3955844 1.3530980 1.4729058 1.3530980 1.4729058 1.3479074 1.3294128 1.6178178 2.1086574 1.5190099 2.9112867 3.3844677 4.3715674 4.5260952 4.5260952 2.1274642 
HoiH11_mRNA2140                                        1.2618899 1.4020113 1.4218667 1.0464847 1.4758360 0.5253674 1.3570714 0.1545087 0.1514333 0.1402035 0.2405426 0.1459083 0.1925311 0.0000000 1.3135040 1.1391146 0.6477389 0.9995302 0.9807438 1.0027815 0.9820958 0.7202645 0.9621776 1.1524180 1.0082760 1.0465592 0.9726953 0.9731619 0.9992923 1.2127430 1.2092057 1.2122221 1.1621075 1.2359829 1.2339281 1.1241232 1.1119704 1.0731755 1.2574234 1.1258325 1.2610879 1.2113002 1.2023563 1.1169244 1.2009878 1.2677958 1.2131996 1.1975946 1.1534971 1.6084782 1.2577521 1.6752903 1.6576094 1.2028582 1.6228498 1.5841745 1.4979025 1.4979025 1.6153338 1.2439189 1.7672790 1.7176234 1.4961922 1.8720539 1.3994023 1.8326149 1.4001004 1.6376402 1.1939875 1.2694662 1.9266238 2.0410613 0.8534310 1.5486446 1.5486446 1.0289623 1.7053759 1.9331110 1.9331110 1.5005666 1.5005666 1.2516752 1.6760058 1.4553556 1.8943031 1.5219448 1.6151065 1.3868209 1.5249290 1.5561715 1.9146112 1.7608838 1.4689225 1.5039116 1.5491899 1.4778544 1.7375189 2.2422723 1.6104477 1.6434803 2.3395724 2.4659482 2.4027190 2.4027190 2.2280458 
Aque_Aqu2.1.38545_001                                  1.1783870 1.3383604 1.3078311 1.0629285 1.5618663 0.5800255 1.5098283 1.3014077 1.3471680 1.2890642 1.2880294 0.9946477 1.1052005 1.3135040 0.0000000 0.9403192 0.4287560 1.0418595 1.0286897 1.0217775 0.9868234 0.7906026 1.0458387 1.0847580 1.0181626 1.0269723 1.0858214 1.0739618 1.0620242 0.7007454 1.2513071 1.2608600 1.2835947 1.2480213 1.1707330 1.1183869 1.1047364 1.1356889 1.2880544 1.1167285 1.1520681 1.1817550 1.0897371 1.0556873 1.1908934 1.2968825 1.0347153 1.0231118 1.2536972 1.5934903 1.2356035 1.6408125 1.5783979 0.9605947 1.5685794 1.5054889 1.3551502 1.3551502 1.5552618 1.0688981 1.6326212 1.4993574 1.2678924 1.7241276 1.2141483 1.5151184 1.3559039 1.5598200 0.9832623 1.0476886 1.8097594 1.9206935 0.9779271 1.4910247 1.4910247 1.0125571 1.6575690 1.9865021 1.9865021 1.4565048 1.4565048 1.1549184 1.7385461 1.4323706 2.0982085 1.4654952 1.5218456 1.3441616 1.4288873 1.4145614 2.0396781 1.7682785 1.4327691 1.4200524 1.5707444 1.4190123 1.6218821 2.2531356 1.7498051 1.6634753 2.2887653 2.7707515 2.8972828 2.8972828 2.5825149 
Tetwil_g9333.t1                                        1.0363801 1.2674380 1.0802689 0.7828542 1.2976470 0.5866269 1.2389582 1.1334769 1.1798417 1.1097698 1.1229873 0.8101469 0.9843541 1.1391146 0.9403192 0.0000000 0.4113230 0.7757778 0.7591626 0.7446124 0.7184968 0.6192364 0.7628214 0.7853369 0.7795647 0.7588758 0.8687108 0.8587596 0.9098229 0.9753802 1.0934086 1.1134453 1.0080832 0.9660664 1.0608674 0.9210869 0.9010207 1.0303337 1.0884804 0.9362942 0.9687306 1.0704314 1.0543682 0.9080272 1.1103435 1.1427498 0.9453630 0.9399851 1.1123555 1.4401581 1.1286398 1.4447337 1.4559710 1.0646568 1.4318032 1.3502174 1.1963266 1.1963266 1.3426930 1.0512785 1.5309259 1.4365445 1.1896479 1.4639562 1.1809998 1.3537739 1.2356596 1.2987758 1.0788328 1.1353227 1.7004146 1.7252488 0.8609781 1.4112243 1.4112243 0.6571632 1.5047340 1.8148343 1.8148343 1.2983514 1.2983514 1.0576760 1.5665554 1.3299295 1.8072201 1.2578428 1.4024508 1.2390122 1.2996085 1.3162770 1.6686454 1.5504340 1.3579568 1.3732300 1.3817571 1.2898027 1.4408122 1.7709928 1.4373086 1.2386423 1.7962613 2.0794758 2.3549807 2.3549807 2.2223529 
Spolac_c61531_g1_i1_m.1644c61531-g1                    0.3504029 0.0000010 0.0000010 0.0000010 0.5335188 0.4989544 0.6046221 0.7107123 0.8094162 0.6995483 0.7263239 0.7263239 0.6995483 0.6477389 0.4287560 0.4113230 0.0000000 0.4980035 0.4701667 0.4776030 0.5557853 0.5557853 0.5318288 0.5369974 0.4084562 0.5109092 0.4994672 0.4994672 0.4904662 0.4421491 0.4839548 0.4983182 0.4767626 0.5260249 0.5233399 0.5006921 0.5377292 0.5272058 0.5817914 0.6128846 0.5278238 0.5625250 0.6691455 0.5987868 0.6023959 0.5569082 0.5428415 0.5517664 1.0486091 0.8663225 0.5844577 0.9679138 0.9500554 0.7656992 0.7343917 0.7558873 0.7415368 0.7415368 0.7430981 0.8695590 0.9284946 0.9186477 0.7716580 1.0089356 0.8962240 0.8962240 0.6333726 0.8869543 0.6720348 0.9619397 0.9519280 0.9576692 0.6288566 0.6973238 0.6973238 0.8720385 1.1867727 9.0000000 9.0000000 0.7992161 0.7992161 0.7992161 0.0000010 0.7456363 0.0000010 0.7693475 0.8485830 0.8485830 0.8131599 0.8131599 0.0000010 1.0725295 0.0000010 1.0725295 0.7993133 0.8697726 2.0851202 0.0000010 0.6500799 1.1863687 0.0000010 0.0000010 0.0000010 0.0000010 0.8219721 
Spis_XP_022781476_1                                    0.9915052 1.1980042 1.1191492 1.0711367 1.2623768 0.6302934 1.2309046 1.0018266 1.0261759 0.9857626 0.9678035 0.7017390 0.8728545 0.9995302 1.0418595 0.7757778 0.4980035 0.0000000 0.0546068 0.1364802 0.2593410 0.1624663 0.1727869 0.3721971 0.4099818 0.4536640 0.5531960 0.5464225 0.6289599 1.0614820 0.8375843 0.8161507 0.7773183 0.8814549 0.9021587 0.7913549 0.8006255 0.8004753 0.9325529 0.7769779 0.8639606 0.8363659 0.7997489 0.8255502 1.0065672 1.0639820 0.7883370 0.8033785 0.9045062 1.3796057 0.9442460 1.5027032 1.4370090 0.9415545 1.4365152 1.2975597 1.2952466 1.2952466 1.3932824 0.9770488 1.3831908 1.4023793 1.1759189 1.5481988 1.0950294 1.4744464 1.0743098 1.3485070 0.9023867 0.9481626 1.6758955 1.7473951 0.9179435 1.3174802 1.3174802 0.9111510 1.4580183 1.5740832 1.5740832 1.2633292 1.2633292 1.0566836 1.4760821 1.3068682 1.5483638 1.2877534 1.3684714 1.2095358 1.3465327 1.3545240 1.5634092 1.5403529 1.1593881 1.2979135 1.3495446 1.3557081 1.3493414 1.8077418 1.4446220 1.1191631 1.9327821 2.3248528 2.0574434 2.0574434 2.7565167 
Pocdam_XM_027202921.1                                  1.0304019 1.2187324 1.1367298 1.0982784 1.1881815 0.5537620 1.1330497 0.9934200 1.0116243 0.9652009 0.9583468 0.6810120 0.8487700 0.9807438 1.0286897 0.7591626 0.4701667 0.0546068 0.0000000 0.1339715 0.2522966 0.1474916 0.1716133 0.3536871 0.4009780 0.4544857 0.5190782 0.5120386 0.5863721 1.0460229 0.8319222 0.8426718 0.7428681 0.8381440 0.8575309 0.7498033 0.7579573 0.7810932 0.9234096 0.7460189 0.8416864 0.8113837 0.7566743 0.7880578 0.9566509 1.0127506 0.7798238 0.7913147 0.8843377 1.3597487 0.9115344 1.5048225 1.4426186 0.9070334 1.4513918 1.2696983 1.2546656 1.2546656 1.3557279 0.9170314 1.3791219 1.3715792 1.1448792 1.4970558 1.0902410 1.4756408 1.0155368 1.3137307 0.8696904 0.9200260 1.6415748 1.7544195 0.8191942 1.3183299 1.3183299 0.9270768 1.4341348 1.5576009 1.5576009 1.2515675 1.2515675 1.0220382 1.4916099 1.2727607 1.5611388 1.2642630 1.3554606 1.1852572 1.3679709 1.3830828 1.5142338 1.4960329 1.1360941 1.2458640 1.3024498 1.3611555 1.3126298 1.7991396 1.3488119 1.1417970 1.8992358 2.2095853 2.0604970 2.0604970 2.2225863 
Fspp_ffun1.m4.4686.m1                                  1.0091612 1.1710566 1.0904949 1.0381887 1.2426651 0.5704627 1.1581801 0.9980706 1.0198507 0.9981777 0.9542101 0.6906399 0.8702002 1.0027815 1.0217775 0.7446124 0.4776030 0.1364802 0.1339715 0.0000000 0.2169861 0.1199269 0.1317780 0.3312191 0.3834808 0.4240256 0.5336979 0.5270441 0.5880942 1.0327282 0.7907309 0.7870999 0.7538073 0.8199417 0.8849125 0.7350007 0.7135955 0.7423723 0.8734892 0.7336004 0.8158765 0.7932189 0.7775136 0.7962894 0.9498004 0.9536642 0.7887139 0.7920282 0.8551687 1.3541476 0.8833468 1.4293695 1.3748493 0.8858503 1.3860095 1.3134779 1.2395927 1.2395927 1.3589521 0.9494389 1.3157848 1.3655420 1.1612867 1.4733109 1.0319554 1.4327941 0.9992137 1.3109926 0.8919983 0.9418295 1.5865351 1.6854620 0.8481156 1.2477093 1.2477093 0.9363535 1.3504373 1.4284359 1.4284359 1.1943860 1.1943860 1.0365786 1.4674776 1.2722826 1.5800123 1.2905726 1.3482156 1.2039835 1.3324515 1.3462402 1.4594158 1.4564616 1.0846711 1.2316289 1.3181598 1.3316762 1.2758709 1.7101488 1.3959002 1.0481363 1.7415901 2.1659993 2.0015712 2.0015712 2.5490430 
Adig_XM_015900055.1                                    0.9540528 1.2212747 1.0567678 0.9685313 1.2228977 0.6459990 1.1784993 0.9896022 1.0140254 0.9751454 0.9224127 0.6995072 0.8585685 0.9820958 0.9868234 0.7184968 0.5557853 0.2593410 0.2522966 0.2169861 0.0000000 0.0051596 0.2312011 0.0252873 0.3924104 0.4242366 0.5406160 0.5330848 0.6213106 1.0203941 0.8505116 0.8315998 0.8047567 0.9043327 0.9284946 0.7529327 0.7291746 0.7960583 0.9338820 0.7564489 0.8168959 0.8074151 0.7933304 0.7990981 0.9244613 0.9733998 0.7246485 0.7227170 0.9189647 1.2671306 0.9092402 1.3872330 1.3585262 0.8588612 1.2827916 1.2199348 1.1045363 1.1045363 1.2935419 0.9808527 1.2883549 1.3465047 1.1141781 1.4175610 1.0423503 1.3681474 0.9882441 1.3061576 0.8375866 0.9022128 1.5124135 1.5700269 0.8335561 1.1323276 1.1323276 0.9787067 1.3250634 1.4316948 1.4316948 1.1730945 1.1730945 1.0403520 1.5309267 1.2217437 1.5952474 1.2380575 1.3402745 1.2582282 1.3028208 1.3367662 1.3006297 1.3414047 1.1251620 1.2398989 1.2358221 1.2514106 1.2439429 1.5428945 1.4988138 1.1141869 1.5554612 2.1030599 2.4563233 2.4563233 2.4775332 
Adig_XM_015893785.1                                    0.6030462 0.6792307 0.7673825 0.9685313 0.8374624 0.6459990 0.8572335 0.7134057 0.7505360 0.7185181 0.6682971 0.6519929 0.6998712 0.7202645 0.7906026 0.6192364 0.5557853 0.1624663 0.1474916 0.1199269 0.0051596 0.0000000 0.1473074 0.0202144 0.2568739 0.3103358 0.4030511 0.3937483 0.4521111 0.8068665 0.6134654 0.6031717 0.6240761 0.7274503 0.7648144 0.5473094 0.5364138 0.6436357 0.7006812 0.5518497 0.6573612 0.6395820 0.6275089 0.5824681 0.7001225 0.6427585 0.5986875 0.5840649 0.9189647 0.9326069 0.7452270 1.0729769 1.0561094 0.8588612 0.9335590 0.8979130 0.8478464 0.8478464 0.9457351 0.8505181 0.9781261 1.0146485 0.9505755 1.0815718 1.0423503 0.9266752 0.7344184 0.9390368 0.5987158 0.6935027 1.0908523 1.1824031 0.8066896 0.9326133 0.9326133 0.9787067 1.1487725 0.8407300 0.8407300 1.0023566 1.0023566 1.0403520 0.3961467 1.0115047 0.8485801 1.0196098 1.1596139 1.1276029 1.1035209 1.1144511 1.0275782 1.2423549 0.8680693 1.1749155 1.1058112 1.1092371 1.1404131 1.3120889 1.1435310 1.5723515 0.0000010 1.5403634 2.1571193 2.1571193 2.4775332 
Gfas_gfas1.m1.2376.m1                                  1.0133709 1.1491304 1.1269280 1.0350740 1.2581451 0.5817382 1.1667383 0.9584254 0.9761906 0.9549770 0.9160734 0.6724386 0.8574759 0.9621776 1.0458387 0.7628214 0.5318288 0.1727869 0.1716133 0.1317780 0.2312011 0.1473074 0.0000000 0.3450820 0.3810517 0.4257453 0.5664216 0.5594973 0.6180282 1.0542000 0.8218635 0.8194860 0.7958230 0.8556675 0.8776088 0.7926030 0.7531066 0.7902032 0.9224889 0.7384566 0.8494201 0.7818592 0.7869979 0.8207395 0.9789940 0.9947478 0.8211098 0.8372759 0.9152718 1.3831694 0.8924378 1.4555143 1.4338136 0.8921000 1.4270834 1.3124457 1.2179369 1.2179369 1.3756918 0.9280428 1.3297774 1.3529964 1.1642176 1.4755426 1.1202195 1.4590911 1.0334466 1.3325093 0.8820546 0.9279812 1.6226357 1.6952859 0.8445238 1.2209719 1.2209719 0.9442773 1.4079953 1.5147459 1.5147459 1.2471413 1.2471413 1.0667578 1.4268376 1.3063189 1.6250296 1.3161620 1.3753208 1.2109146 1.3930260 1.3884575 1.3530999 1.3994187 0.9840782 1.1770404 1.2818452 1.3469169 1.3254843 1.7677612 1.4856596 1.0458394 1.8182332 2.3397149 2.0999943 2.0999943 2.4803836 
Amil_Amillepora18157-RA                                1.2900879 1.5887087 1.3043477 0.8916400 1.4608442 0.6431872 1.3296342 1.1723404 1.2085099 1.1568597 1.0997653 0.6815552 0.9578288 1.1524180 1.0847580 0.7853369 0.5369974 0.3721971 0.3536871 0.3312191 0.0252873 0.0202144 0.3450820 0.0000000 0.5112153 0.5831283 0.6788735 0.6734596 0.7605806 1.1262709 1.1078732 1.0754353 0.9746322 1.0840962 1.0759383 0.8869404 0.8484626 0.8654546 1.1189954 0.9332702 0.9627140 0.9666360 0.9448135 0.9285036 1.0479145 1.1675008 0.8260853 0.8395105 0.9293295 1.4553933 1.0617485 1.4617980 1.4179400 0.7711660 1.3815728 1.3805772 1.2380956 1.2380956 1.4208108 0.9074474 1.5053346 1.4868401 1.1302955 1.5487365 1.0103513 1.5645261 1.0651565 1.4343674 1.0577644 1.1252190 1.7100430 1.7093740 0.7379967 1.2669781 1.2669781 0.8022518 1.4996314 1.7148098 1.7148098 1.2902478 1.2902478 0.9806860 1.4520380 1.3277787 1.9173344 1.3902274 1.5042809 1.2469473 1.4174200 1.4320421 1.4653479 1.4406584 1.0883567 1.1884286 1.3436808 1.3664687 1.5075696 1.9037628 1.6776537 1.6044568 2.3207921 2.5647667 3.3522118 3.3522118 2.0717378 
Nvec_v1g115662                                         1.0087172 1.2051778 1.1076176 0.9732369 1.3261662 0.5967990 1.1844682 1.0076199 1.0346451 1.0038985 1.0009835 0.6640584 0.8902514 1.0082760 1.0181626 0.7795647 0.4084562 0.4099818 0.4009780 0.3834808 0.3924104 0.2568739 0.3810517 0.5112153 0.0000000 0.3442249 0.5768975 0.5770889 0.6280331 1.0081220 0.8350353 0.7807966 0.7381283 0.8266577 0.8531659 0.7309281 0.7259312 0.7049065 0.8531015 0.7038046 0.8093815 0.7574403 0.7633443 0.8186406 0.9280101 0.9491213 0.7674310 0.7592589 0.9160810 1.3672373 0.8540625 1.3893109 1.3608972 0.9199016 1.4007128 1.3252132 1.2362190 1.2362190 1.3466783 0.9077598 1.3132816 1.3248521 1.1186478 1.5169113 0.9979829 1.4251346 1.0483014 1.3631742 0.8756125 0.9298693 1.6551978 1.6590282 0.7524655 1.2779698 1.2779698 0.8929888 1.3669368 1.5272102 1.5272102 1.2383038 1.2383038 1.0465797 1.5375733 1.3371068 1.6484466 1.3008394 1.3770107 1.2177277 1.3453167 1.3835690 1.5467312 1.4816912 1.1450197 1.2423515 1.3510275 1.3067798 1.4262270 1.6779835 1.4497177 1.2184490 2.0504101 2.2247243 2.1898956 2.1898956 2.2507880 
Exapal_XM_028662412.1                                  1.0899501 1.2583731 1.1767392 1.0919507 1.3067094 0.5433168 1.2461976 0.9911076 1.0375423 1.0293940 0.9739378 0.7071433 0.8383110 1.0465592 1.0269723 0.7588758 0.5109092 0.4536640 0.4544857 0.4240256 0.4242366 0.3103358 0.4257453 0.5831283 0.3442249 0.0000000 0.6331233 0.6333625 0.6908408 1.0043941 0.8339339 0.7936218 0.7684034 0.9074293 0.8770929 0.7611404 0.7356687 0.7524922 0.9132901 0.7411692 0.8317782 0.7705476 0.7916106 0.7890977 0.9259552 0.9638911 0.7995431 0.7926755 0.9404466 1.3434077 0.9007431 1.4523573 1.4398460 0.9027462 1.4382367 1.2351631 1.2395652 1.2395652 1.3724534 0.9625961 1.3090561 1.3152654 1.1388987 1.4636378 0.9502999 1.3370512 1.0920425 1.3850629 0.9696963 1.0324000 1.6097248 1.5529984 0.8499501 1.2840635 1.2840635 0.9351659 1.4329013 1.6874855 1.6874855 1.2684000 1.2684000 1.0242206 1.5266638 1.3401465 1.7405231 1.2881223 1.4084895 1.2234765 1.3996560 1.3903459 1.6641806 1.5357313 1.3098588 1.3267861 1.4086682 1.3680527 1.4250923 1.7315392 1.5308792 1.1718324 2.0798893 2.2485469 2.3031954 2.3031954 2.4234955 
Dgig_XM_028546708.1                                    1.1103245 1.3032503 1.1393858 1.1351634 1.4519314 0.6714631 1.2286781 1.0107705 1.0239848 0.9790895 0.9333919 0.6505234 0.9067698 0.9726953 1.0858214 0.8687108 0.4994672 0.5531960 0.5190782 0.5336979 0.5406160 0.4030511 0.5664216 0.6788735 0.5768975 0.6331233 0.0000000 0.0031297 0.2363381 1.0605050 0.9050415 0.8888940 0.8530562 0.9261282 0.9103097 0.8929869 0.8655791 0.8628536 1.0209731 0.8662664 0.8994684 0.8627918 0.9046585 0.8587528 1.1086267 1.1131409 0.8436538 0.8321691 0.9128185 1.4209774 0.9181774 1.3785469 1.4196703 0.8835290 1.4880943 1.3270046 1.2120396 1.2120396 1.4137417 0.9801843 1.4208567 1.3843910 1.1704109 1.4755229 0.9851127 1.4933660 1.0793803 1.4392003 1.0011397 1.0567126 1.6194212 1.7360839 0.7724673 1.3246579 1.3246579 0.9768233 1.3918776 1.5813498 1.5813498 1.2638973 1.2638973 1.0568642 1.5088463 1.2909989 1.8167280 1.3404869 1.4367810 1.2004840 1.4375844 1.4603272 1.6866748 1.6139574 1.2077476 1.3266599 1.4530379 1.3483282 1.3544293 1.8660228 1.4862278 1.1566761 2.1740928 2.1361380 2.4134320 2.4134320 2.3511412 
Dgig_XM_028561255.1                                    1.1103245 1.3032503 1.1393858 1.1372154 1.4643166 0.6714631 1.2316527 1.0112591 1.0244997 0.9795605 0.9338304 0.6508890 0.9073477 0.9731619 1.0739618 0.8587596 0.4994672 0.5464225 0.5120386 0.5270441 0.5330848 0.3937483 0.5594973 0.6734596 0.5770889 0.6333625 0.0031297 0.0000000 0.2363621 1.0610863 0.9054622 0.8892993 0.8534305 0.9265653 0.9107367 0.8933894 0.8563487 0.8561443 1.0142998 0.8666457 0.8998753 0.8631715 0.9050754 0.8484772 1.1091779 1.1019580 0.8344734 0.8282668 0.9350632 1.4216958 0.9186096 1.3792443 1.4203862 0.8844243 1.4888613 1.3276782 1.2126376 1.2126376 1.3996275 0.9696763 1.4086658 1.3776038 1.1574423 1.4611796 0.9863041 1.4941426 1.0799424 1.4259447 1.0063525 1.0619194 1.6332625 1.7511008 0.7724673 1.3253278 1.3253278 0.9778031 1.3927866 1.5813498 1.5813498 1.2645887 1.2645887 1.0578339 1.5088463 1.2917043 1.8167280 1.3412206 1.4376025 1.2012689 1.4384036 1.4611672 1.6866748 1.6150603 1.2077476 1.3276774 1.4538440 1.3490587 1.3544293 1.8660228 1.4901574 1.1566761 2.1740928 2.1361380 2.4134320 2.4134320 2.3511412 
Xesp_020343-T1                                         1.1002390 1.3121247 1.1260057 1.1363788 1.3740736 0.7063236 1.2354945 1.0341107 1.0600157 1.0206945 0.9834952 0.6779616 0.9246563 0.9992923 1.0620242 0.9098229 0.4904662 0.6289599 0.5863721 0.5880942 0.6213106 0.4521111 0.6180282 0.7605806 0.6280331 0.6908408 0.2363381 0.2363621 0.0000000 1.0277157 0.9166778 0.9184103 0.8374492 0.9242908 0.9060211 0.9231874 0.8658864 0.8917196 1.0358136 0.9148694 0.9280524 0.9401642 0.9107185 0.8592360 1.0856873 1.0891284 0.8904287 0.8839828 0.9454427 1.4997554 0.9612438 1.4071529 1.4127693 0.9137933 1.5108852 1.3272281 1.2443262 1.2443262 1.4506646 1.0097788 1.4006507 1.3217506 1.1777079 1.4863552 1.0998001 1.6022065 1.0710693 1.4365914 0.9840520 1.0399247 1.6388460 1.7668183 0.8559469 1.3405162 1.3405162 0.9974738 1.3763346 1.5538459 1.5538459 1.2585495 1.2585495 1.0648102 1.5228251 1.3232740 1.8101708 1.3256775 1.4346817 1.1919494 1.4396677 1.4438985 1.6053035 1.5786707 1.1511450 1.3041674 1.4155198 1.3327714 1.4096061 1.8467301 1.5288485 1.1447966 2.1523715 2.0769437 2.5282865 2.5282865 2.4398989 
Xestes_maker-XT_scaffold3922-snap-gene-0.34-mRNA-1     1.2219810 1.4295636 1.3529792 1.1626776 1.3885390 0.5953424 1.2423881 1.1709414 1.1844618 1.1903279 1.2195552 0.9194423 0.9947240 1.2127430 0.7007454 0.9753802 0.4421491 1.0614820 1.0460229 1.0327282 1.0203941 0.8068665 1.0542000 1.1262709 1.0081220 1.0043941 1.0605050 1.0610863 1.0277157 0.0000000 1.2352408 1.1906666 1.1295425 1.2685705 1.1899956 1.1156320 1.1254497 1.0087494 1.1290385 1.1341544 1.1144476 1.1938623 1.1612944 1.1767216 1.1558317 1.3220426 1.1452960 1.1194419 1.1559996 1.6011848 1.1721486 1.5560103 1.5261478 0.9601728 1.5541685 1.5020751 1.3448107 1.3448107 1.4067018 1.0971452 1.6578890 1.5223869 1.2940769 1.6370676 1.1920887 1.4384391 1.3032700 1.4675229 1.1549184 1.2304814 1.6256972 1.6819489 1.2158608 1.3603230 1.3603230 0.9455425 1.4407887 1.9041420 1.9041420 1.3021144 1.3021144 1.0359481 1.9109580 1.3250917 1.8551099 1.3949698 1.4114325 1.2656885 1.3755182 1.4061723 1.8270056 1.5819854 1.4847562 1.3868819 1.4312590 1.3991276 1.3314881 2.2380371 1.5468297 1.6040758 1.7363461 2.6770691 3.5968251 3.5968251 2.3458080 
Nemnom_g5097.t1                                        1.3699848 1.5309018 1.5247671 1.3896181 1.4106697 0.6227950 1.3413174 1.2032649 1.2478878 1.2143739 1.2070856 0.8534499 0.9937154 1.2092057 1.2513071 1.0934086 0.4839548 0.8375843 0.8319222 0.7907309 0.8505116 0.6134654 0.8218635 1.1078732 0.8350353 0.8339339 0.9050415 0.9054622 0.9166778 1.2352408 0.0000000 0.2050900 0.3991345 0.8204018 0.8975437 1.0273015 0.9996623 1.0163824 1.1877818 1.1750894 1.0258020 1.0614829 0.9508001 1.0151952 1.1076771 1.1759123 1.1589622 1.1574353 0.9455929 1.5458418 0.8423888 1.5214184 1.5092644 0.8708361 1.4473059 1.3254543 1.3683470 1.3683470 1.5024581 1.0835356 1.5610167 1.5372948 1.2227118 1.6236337 1.0472249 1.5216470 0.7780996 1.5355247 1.1255653 1.2004613 1.5985478 1.7965395 0.8036380 1.4295709 1.4295709 1.0683355 1.5726850 1.8627240 1.8627240 1.3825955 1.3825955 1.0941926 1.6584266 1.4361927 2.0891307 1.5010448 1.5089067 1.2854465 1.4930217 1.4808032 1.9078200 1.6468615 1.4019167 1.3508400 1.5354179 1.4592384 1.5963999 2.1712126 1.6641429 1.8546993 1.9195863 3.1996103 3.2988040 3.2988040 2.5687712 
Rhoesc_Res_006074-T1                                   1.4120117 1.4844145 1.4662600 1.3642338 1.3865177 0.6154372 1.3528192 1.2318510 1.2854470 1.2367310 1.2298951 0.8618105 1.0346201 1.2122221 1.2608600 1.1134453 0.4983182 0.8161507 0.8426718 0.7870999 0.8315998 0.6031717 0.8194860 1.0754353 0.7807966 0.7936218 0.8888940 0.8892993 0.9184103 1.1906666 0.2050900 0.0000000 0.3981878 0.8144040 0.8450699 0.9766675 0.9572800 0.9665759 1.1170987 1.0856979 0.9617051 1.0143812 0.9442623 0.9735591 1.0227780 1.1619051 1.0646146 1.0650591 0.9406473 1.4707858 0.8048536 1.4805512 1.4366635 0.9000494 1.4302256 1.2860652 1.3522582 1.3522582 1.4710342 1.0509320 1.4328130 1.4578753 1.1686243 1.5584919 1.0055146 1.4654565 0.7512602 1.4842498 1.1143903 1.1886566 1.5661256 1.7063141 0.8390440 1.3277830 1.3277830 1.0395018 1.4994786 1.7189427 1.7189427 1.3428226 1.3428226 1.1098532 1.5705313 1.3915308 1.9194623 1.4537995 1.4840196 1.2614060 1.4611578 1.4637379 1.8100684 1.6340790 1.3523363 1.3643948 1.5032455 1.4221894 1.7174487 1.9629002 1.6045458 1.6863029 1.8421478 2.7634614 2.8363542 2.8363542 2.5779922 
Aaur_scaffold34.g39.t1                                 1.2650870 1.4191974 1.3013787 1.3106660 1.4506425 0.6496559 1.2870272 1.1801221 1.2050663 1.1863656 1.2103977 0.8932828 1.1143361 1.1621075 1.2835947 1.0080832 0.4767626 0.7773183 0.7428681 0.7538073 0.8047567 0.6240761 0.7958230 0.9746322 0.7381283 0.7684034 0.8530562 0.8534305 0.8374492 1.1295425 0.3991345 0.3981878 0.0000000 0.7494364 0.8182631 0.9144563 0.9432926 0.9088155 1.0567585 1.0175291 0.9609772 1.0176601 0.9482337 0.9968309 1.0812744 1.1690914 1.0923312 1.0900709 0.9767863 1.4235366 0.8276335 1.4439637 1.3757866 0.9227833 1.3909117 1.1973723 1.2937398 1.2937398 1.3615871 1.0080796 1.4654563 1.4475310 1.1769992 1.5121078 1.1107625 1.4816377 0.7151017 1.4337063 1.1458644 1.2122566 1.4894276 1.7073386 0.8576713 1.2616444 1.2616444 1.1233925 1.4490182 1.6383276 1.6383276 1.2924255 1.2924255 1.0731459 1.6965125 1.3821718 1.8749399 1.3909237 1.4256693 1.1819310 1.3839072 1.4033214 1.8001545 1.5759891 1.3176432 1.2923814 1.4649007 1.3716644 1.5969174 2.0032061 1.6075031 1.4869085 1.7525498 2.3333919 3.1573464 3.1573464 2.8443168 
Hvul_g11673_1                                          1.2258324 1.2356552 1.2440690 1.3792617 1.3305194 0.6671409 1.3790684 1.2326472 1.2733198 1.2489670 1.2060288 0.9842855 1.1650762 1.2359829 1.2480213 0.9660664 0.5260249 0.8814549 0.8381440 0.8199417 0.9043327 0.7274503 0.8556675 1.0840962 0.8266577 0.9074293 0.9261282 0.9265653 0.9242908 1.2685705 0.8204018 0.8144040 0.7494364 0.0000000 0.5442060 1.1464357 1.0323920 0.9481725 1.1388783 1.0754864 1.1233765 1.0497319 0.9721023 0.9984219 1.2348674 1.2909015 1.1155541 1.1041453 1.1599340 1.4307881 0.8763718 1.5082951 1.5225894 1.0017508 1.5291097 1.4395023 1.4685646 1.4685646 1.4587542 1.0802971 1.5040022 1.4741350 1.2677377 1.7228284 1.1643217 1.5381550 0.9223071 1.5577557 1.1937898 1.2444769 1.6748973 1.9078387 0.7632824 1.3641482 1.3641482 1.2098230 1.4932732 1.5933098 1.5933098 1.3687837 1.3687837 1.2154578 1.4987191 1.3952002 1.6297627 1.4234697 1.4627070 1.2673087 1.4131540 1.4484786 1.7634984 1.6822855 1.2646162 1.3874940 1.4956070 1.4543259 1.4860640 1.6682623 1.6776475 1.4210928 2.4106931 2.6073216 2.9109343 2.9109343 2.4193133 
Chem_TCONS_00024244                                    1.2790793 1.3329642 1.2244379 1.3211480 1.3186992 0.6879199 1.3525397 1.2337276 1.2375266 1.2429993 1.2091479 0.9487009 1.1278356 1.2339281 1.1707330 1.0608674 0.5233399 0.9021587 0.8575309 0.8849125 0.9284946 0.7648144 0.8776088 1.0759383 0.8531659 0.8770929 0.9103097 0.9107367 0.9060211 1.1899956 0.8975437 0.8450699 0.8182631 0.5442060 0.0000000 1.0579157 0.9600640 1.0123504 1.1658032 1.0433359 1.0913588 1.0628789 0.9521227 1.0217759 1.0710245 1.2721837 1.0707605 1.0625560 0.9892533 1.3561507 0.8974307 1.5015146 1.4777409 1.0281122 1.4704537 1.4279751 1.4088810 1.4088810 1.4110392 1.0562909 1.5120330 1.4865346 1.3338748 1.5808881 1.2988724 1.4883301 0.9594572 1.5026683 1.1459779 1.2010303 1.6890323 1.8194676 0.7394869 1.2186002 1.2186002 1.1496997 1.3447776 1.4836918 1.4836918 1.2445220 1.2445220 1.0751622 1.4828885 1.3351690 1.7032629 1.3567936 1.4479821 1.2502717 1.4100898 1.4416345 1.6871137 1.6189946 1.2888413 1.3825749 1.4655308 1.4107109 1.4227228 1.6664229 1.5007432 1.4008992 1.9554537 2.6675802 2.8435027 2.8435027 2.7322056 
Hsap_ENST00000381685                                   1.1480596 1.4513980 1.2611350 1.1292753 1.3290557 0.6210719 1.2987393 1.1574022 1.1745014 1.1396588 1.1524478 0.7743286 0.9331885 1.1241232 1.1183869 0.9210869 0.5006921 0.7913549 0.7498033 0.7350007 0.7529327 0.5473094 0.7926030 0.8869404 0.7309281 0.7611404 0.8929869 0.8933894 0.9231874 1.1156320 1.0273015 0.9766675 0.9144563 1.1464357 1.0579157 0.0000000 0.7276676 0.8362572 0.9180433 0.7221854 0.8536126 0.8061434 0.8856244 0.8128143 0.8884186 0.9569556 0.9863068 0.9795586 0.9288944 1.4416690 1.0193329 1.5968124 1.4992772 1.0036400 1.4653938 1.4162197 1.3641584 1.3641584 1.4655626 1.0727287 1.5114886 1.4836117 1.2443324 1.6034045 1.0142463 1.5105617 1.0994445 1.4526675 1.0671902 1.1196079 1.7349610 1.8091270 0.9270457 1.3527755 1.3527755 1.0679926 1.5814878 1.9209534 1.9209534 1.4221783 1.4221783 1.1400925 1.6588118 1.3779042 1.9118447 1.4421746 1.4603811 1.2476452 1.5475436 1.5607830 1.8554173 1.6381143 1.3008386 1.3116248 1.5230123 1.4689098 1.5499157 2.0092347 1.3818253 1.6802526 0.7836439 2.3107730 2.4864547 2.4864547 2.2728092 
