112
Emue_Em0021g218a.t1                                                0.0000000 3.9671098 0.4514552 2.4273349 0.0000010 0.9967440 0.1432852 1.4477626 0.9791410 1.1692568 1.1692568 1.2271604 0.0000010 1.7075516 1.2660845 1.2152024 0.9099118 1.4371059 1.4495307 1.3158954 1.3520879 1.5308155 0.0000010 1.3635982 1.2594759 0.0000010 1.4067577 1.2440463 1.2192925 1.4682172 1.5522173 2.3493562 1.3264153 0.6564249 0.8099189 0.9281474 0.8525644 0.8973546 0.9211346 0.0000010 0.9684296 0.8283369 0.8110397 0.0000010 0.0000010 1.3500913 1.3492188 0.0000010 0.0000010 1.2584115 1.0420913 0.8797032 0.9263515 1.0673427 0.8204567 0.6886659 1.3904819 1.3904819 1.0721975 0.9327523 1.5147689 1.2860283 2.5270441 2.5270441 1.2449286 1.4268836 1.1424798 1.4307329 1.4307329 1.9013112 0.9231937 1.8774606 1.3349301 0.8575064 0.8575064 0.8575064 0.8575064 1.3787915 1.3787915 1.8085414 0.0000010 6.4122069 0.0000010 1.5341567 0.9718280 1.6300770 1.6960998 0.0000010 1.5173294 1.8577468 1.7872011 1.4926710 1.2253197 1.4372622 0.0000010 0.0000010 2.1374473 1.8946935 1.8314427 9.0000000 1.8074349 1.6806096 1.8387206 3.2642479 0.0000010 8.7134922 1.5546043 4.1942185 3.8546586 5.6246006 1.5975267 1.7204989 
Spolac_c103246_g3_i1_m.33212c103246-g2                             3.9671098 0.0000000 0.0667276 0.0000010 0.0000010 8.8585338 0.0000010 8.9999989 4.4107080 6.7632049 6.7632049 8.9999986 0.0000010 9.0000000 3.7061758 8.9999984 1.9406738 8.9999989 8.9999980 7.4858458 8.5597862 8.9999989 0.0000010 8.9999989 9.0000000 0.0000010 7.2026025 6.1083582 4.2832290 8.9999987 8.9999982 0.0000010 9.0000000 0.0000010 9.0000000 9.0000000 9.0000000 9.0000000 9.0000000 0.0000010 0.6180136 9.0000000 9.0000000 0.0000010 0.0000010 3.7598231 5.9518960 0.0000010 0.0000010 9.0000000 3.3770530 3.4706757 8.2747222 0.0000010 0.0000010 0.0000010 8.1645699 8.1645699 9.0000000 0.0000010 6.4456657 4.3602525 0.0000010 0.0000010 8.9999986 5.8248235 3.2320635 3.9978149 3.9978149 4.8333398 4.8845061 3.1404959 8.9999982 0.0000010 0.0000010 0.0000010 0.0000010 2.8921118 2.8921118 5.8656990 0.0000010 0.0000010 0.0000010 6.8613571 9.0000000 0.0000010 8.9999982 0.0000010 9.0000000 9.0000000 8.9999982 7.5222301 0.0000010 5.5715952 0.0000010 0.0000010 4.5975675 3.5130699 3.1865271 0.0000010 8.9999990 9.0000000 6.9368361 8.9999981 0.0000010 0.0000010 5.9324845 0.9068244 3.4691600 6.4898680 8.9999985 8.9999983 
Spolac_c103246_g3_i2_m.33216c103246-g2                             0.4514552 0.0667276 0.0000000 0.2045124 0.0000010 0.5819291 0.3386075 0.7931923 0.8856045 1.1403878 1.1403878 1.0793858 0.0000010 0.9297512 0.8308129 0.8180327 0.7326141 1.0529318 1.0653044 1.0421451 1.0445350 1.1225054 0.9443263 1.0584545 1.0251487 1.0149759 1.1506360 1.1386354 1.0832861 1.3522957 1.3561881 1.2085776 0.9898794 0.9665334 1.0030428 0.9431441 1.0576391 1.0785405 1.0632750 1.3208797 1.0819713 1.0531611 1.0486098 2.5491559 2.5491559 1.1339345 1.2217848 1.1415964 1.1415964 1.0871456 1.0433079 0.9496725 1.0021436 1.2109858 1.0181309 0.9896322 1.2017693 1.3110055 1.0648565 1.0511787 1.1369531 0.9664723 0.9111233 0.9111233 1.2026766 1.1993843 1.1266731 1.0452735 1.0452735 1.2293349 0.9959633 1.2007874 0.9245989 1.4292703 1.4292703 0.9270564 1.0963505 1.4144975 1.3134567 1.3576323 1.0461699 1.3190489 1.5625099 1.1713100 0.9523753 1.2643764 1.2077811 0.6513872 1.5088486 1.5370705 1.4562668 1.3323469 1.1294857 0.9988436 4.0339974 0.0000010 1.9144911 1.3759039 1.4639509 2.0849420 1.3877599 1.3779226 1.4514118 1.5686843 1.6240635 3.5473965 1.1848091 1.4628578 2.6138515 5.0885142 1.9003203 2.0340857 
Emue_Em0021g219a.t1                                                2.4273349 0.0000010 0.2045124 0.0000000 0.0487990 0.3934867 2.4944173 0.6442917 0.8108349 0.8554274 0.8554274 0.8844677 0.5489287 0.8025738 0.7363386 0.7363386 0.7176847 0.7442137 0.7342202 0.7372287 0.6880286 0.7672005 0.6245218 0.8147575 0.7072066 0.9789817 0.8806852 0.8625428 0.8470930 1.0407108 1.0569932 0.5076029 0.8053847 0.9452079 0.9492242 1.1315563 0.9720976 1.2518029 0.9539620 1.0173930 1.2661493 0.9380732 1.0206021 0.9280981 0.9280981 0.9067799 0.9826759 1.0041096 0.7514572 0.8006403 0.9069900 0.9718391 1.0046101 3.6139526 0.9499985 0.9375701 1.0141504 1.4517829 0.8513787 1.0140185 0.9260860 0.8357184 0.7227052 0.7227052 0.9468447 1.0286859 1.0756925 0.8671396 0.9134128 1.0405918 0.9790832 0.8795382 2.3907630 3.2532083 3.2532083 2.1904374 1.0939892 4.2748537 1.2372648 1.1540690 1.0066550 1.1306790 1.0465555 1.2002514 1.0496189 1.2075919 1.0751380 0.6244663 1.5885271 1.3636979 1.3416003 1.2082839 1.2254436 0.8002593 1.5345136 1.6314417 1.4604246 1.2590678 1.5982577 1.3156245 1.2179523 1.2343657 2.0853645 1.2267181 1.2609150 1.2302709 1.7079389 1.6112552 1.3032234 3.1279752 0.0000010 0.0000010 
Spolac_c103246_g2_i1_m.33211c103246-g2                             0.0000010 0.0000010 0.0000010 0.0487990 0.0000000 0.2552777 0.0000010 0.4983929 0.5290443 0.4678644 0.4678644 0.5701140 0.4635126 0.6366266 0.5363355 0.5363355 0.6014159 0.4325865 0.4243273 0.4767400 0.4323866 0.4845216 0.4845216 0.5549349 0.4955808 0.0000010 0.6326114 0.5768999 0.5503969 0.8329382 0.7987730 0.4472929 0.5168540 0.7414220 0.7360864 0.0000010 0.7362855 0.0000010 0.7362855 0.1450834 0.0000010 0.6997827 0.8396305 0.8036260 0.8036260 0.5781393 0.6587654 1.1779224 0.5587799 0.6271246 0.6916275 0.8388104 0.8254372 0.5554528 0.7421603 0.7154410 0.7427740 0.8101864 0.7059764 0.8318291 0.8405527 0.5649423 0.7251465 0.7251465 0.6161649 0.6394942 0.7278754 0.6226665 0.6364252 0.8041172 0.8264480 0.6715287 0.0000010 1.5154008 1.5154008 0.0000010 0.9335906 9.0000000 1.0584335 0.9579142 1.0773627 0.9507139 1.0532465 1.0239449 0.9728039 1.3113898 0.4655664 0.0000010 1.5076043 1.2835288 1.3158533 1.1449915 0.0000010 0.5870954 1.3171643 1.4354520 1.3041375 1.1964842 0.0000010 1.1964842 1.2256802 1.2218535 0.0000010 0.0000010 0.0000010 1.1964842 0.0000010 0.0000010 0.9775802 1.5983466 0.0000010 0.0000010 
Tetwil_g23158.t1                                                   0.9967440 8.8585338 0.5819291 0.3934867 0.2552777 0.0000000 0.2269028 0.6206086 0.7194473 0.8248348 0.8248348 0.8317053 0.3808240 0.8627731 0.7619878 0.7502112 0.7137568 0.7529441 0.7573429 0.7300387 0.7578776 0.7925410 0.5932630 0.8516482 0.6899857 0.8743917 0.7999871 0.9223846 0.8849166 1.1124686 1.1206443 0.5350847 0.8304167 0.8046776 0.8397722 0.8929482 0.8443375 0.9711634 0.8467466 0.9176317 0.9603306 0.8478114 0.9087144 0.8904580 0.8904580 0.9088314 0.9802537 0.9386030 0.6833283 0.7659695 0.7861719 0.8705725 0.8658337 0.9421108 0.8324094 0.7839427 0.9175100 1.0330624 0.8077338 0.8871855 0.9607376 0.7640145 0.7721653 0.7721653 0.9153703 1.0478490 1.0277958 0.8911210 0.9451338 1.0465598 0.9404752 0.9183118 1.0233498 1.6830067 1.6830067 0.9572535 0.9665517 1.6288573 1.2112405 1.2287244 0.9729358 1.1465709 0.9716986 1.1438207 0.9381566 1.3472214 1.0697058 0.4800766 1.5105462 1.4213035 1.3679355 1.3732673 1.3078007 0.7831698 1.4816028 1.7073253 1.7264253 1.2574514 1.4212279 1.3742327 1.2720134 1.2621440 1.4317753 1.5285783 1.5337851 1.5478495 1.1811827 1.3945152 1.6759764 3.4433688 1.3112694 1.4141998 
Stycar_augustus_masked-SC_scaffold38959-processed-gene-0.1-mRNA-1  0.1432852 0.0000010 0.3386075 2.4944173 0.0000010 0.2269028 0.0000000 0.3806460 0.6731743 0.8257282 0.8257282 0.7329880 0.0000010 0.5530090 0.4698561 0.4698561 0.5008836 0.6698072 0.6971273 0.6774574 0.6774574 0.6806403 0.0000010 0.7002526 0.7075897 0.9421723 0.7639281 0.8306146 0.7851816 0.7631302 0.9107925 1.4980570 0.7742135 0.7143068 0.7143068 0.7613137 0.8115404 0.8115404 0.7789307 0.0000010 0.9442551 0.6650496 0.6537375 0.0000010 0.0000010 0.8261607 0.7514554 0.0000010 0.0000010 0.6731670 0.6052830 0.5929851 0.5633820 0.9040057 0.8559010 0.6902969 0.6498546 0.5419710 0.7112539 0.6483829 0.8124964 0.6459806 0.7943558 0.7943558 0.8201840 0.7500339 0.9098122 0.6772607 0.6772607 0.9371034 0.7816056 0.8250868 0.5855037 0.6549682 0.6549682 0.8340781 0.7039236 0.8818946 0.9527686 0.9476508 0.3824975 1.1860457 2.4238682 0.7731452 0.8748802 3.0411562 0.8014648 0.0000010 0.6695461 0.8502622 0.8350971 0.6911833 0.6825049 0.6822485 5.4081899 0.0000010 2.7459609 1.0176871 1.0176871 2.4697035 0.8428669 0.9297677 0.9752747 1.0176871 1.4773573 6.4870547 0.7034672 1.2806482 4.0387674 5.2733291 0.0000010 0.0000010 
Plespi_Pspi_C613262_01                                             1.4477626 8.9999989 0.7931923 0.6442917 0.4983929 0.6206086 0.3806460 0.0000000 0.8265914 1.0165914 1.0165914 0.9224677 0.5089486 0.9717594 0.9216074 0.9113617 0.8353254 0.9081441 0.9038864 0.8791658 0.8716305 0.8780915 0.7135799 0.9226128 0.8683148 0.7849719 0.9621291 0.9890923 0.9333656 1.2235206 1.2167521 0.6711711 0.9529143 0.9380002 0.9626707 0.9889681 0.9967214 1.1334741 1.0032590 0.9938352 1.1070763 0.9665583 1.0470148 1.1063109 1.1063109 1.0467457 1.0949107 1.1326313 0.8881176 0.9690897 0.9115871 0.9837604 1.0053475 1.2402379 0.9768518 0.9316739 1.0003423 1.2364325 0.9078773 0.9359550 1.1433410 0.9909418 0.7980073 0.7980073 1.0487010 1.0583217 1.0153397 1.0354804 1.0700055 1.1061390 1.0047188 1.0455413 1.0137410 1.7433755 1.7433755 1.2452272 1.0472589 1.5052986 1.2320477 1.2902743 1.0439796 1.3278397 1.1221195 1.3219335 1.1061248 1.4649019 1.1082768 0.6840385 1.5190704 1.5046492 1.4017430 1.4915237 1.3430991 0.9754204 1.7116069 1.9828718 1.8245275 1.3385662 1.4356926 1.4725203 1.3531253 1.3311486 1.5059839 1.5358605 1.9270746 1.6853276 1.1630052 1.4509481 1.8724906 3.7771834 2.1419388 2.1675341 
Bralan_BLAG18000431_1                                              0.9791410 4.4107080 0.8856045 0.8108349 0.5290443 0.7194473 0.6731743 0.8265914 0.0000000 0.6827751 0.6827751 0.5643822 0.3973184 0.9627790 0.9721328 0.9751604 0.9434951 0.5125856 0.5217643 0.5002902 0.5088754 0.5548606 0.5144303 0.5583573 0.5441408 0.4456682 0.6320210 0.7501771 0.7352617 0.9487672 0.9474544 0.5342350 0.5647093 0.6475213 0.6596026 0.5650108 0.6989323 0.7166578 0.6733277 0.8933361 0.6487528 0.6950292 0.7369265 0.8818155 0.8818155 0.7407359 0.7851682 0.9102631 0.6414150 0.7268492 0.9043052 0.8823720 0.8817232 1.1765855 0.9079360 0.8984774 0.7256759 0.8343125 0.8295772 0.9245308 0.9486843 0.5527640 0.6503276 0.6503276 0.6699275 0.7208358 0.7807357 0.5929013 0.5837377 0.8739993 1.0144323 0.8577131 0.9279216 1.6820941 1.6820941 0.9317190 0.9893368 1.1798793 1.0537039 1.0312668 0.9921862 1.1401365 1.1741728 1.0448700 0.9586478 1.4176239 0.9544382 1.1712350 1.3552442 1.1858213 1.1644571 1.1939125 1.0734707 0.5641189 1.9996894 1.7600825 1.7516917 1.2411575 1.4362633 1.3345253 1.2327512 1.2119776 1.4274204 1.4346417 1.2844915 1.6585567 1.2247791 1.2303412 1.4107133 3.8636881 0.9697920 0.9663714 
Spur_XM_030987971.1                                                1.1692568 6.7632049 1.1403878 0.8554274 0.4678644 0.8248348 0.8257282 1.0165914 0.6827751 0.0000000 0.0000010 0.7286853 0.3546191 1.1337706 1.0630255 1.0534224 1.0661586 0.7757122 0.7851347 0.7580680 0.7537567 0.7666819 0.7030845 0.8272238 0.7961111 0.8293187 0.8584298 0.8640062 0.8500888 1.1633962 1.1083284 0.8249910 0.7682146 0.7855534 0.7852294 0.7111075 0.7908948 0.8765621 0.7944690 1.0395699 0.7940722 0.8130050 0.8695923 0.8866161 0.8866161 0.9334433 1.0077253 1.2014765 0.8185719 0.8551966 1.0490473 0.9524365 0.9992436 1.1518573 0.9704311 0.9366876 0.9444305 1.1243435 0.9626223 1.1074638 1.0565440 0.6556059 0.8058556 0.8058556 0.8289886 0.8885444 0.9773792 0.8505954 0.8646064 1.0236248 1.1209953 1.0660591 1.1776125 1.7490796 1.7490796 0.9142583 1.1251575 1.4263457 1.3094295 1.2954818 1.0873659 1.2710051 1.3287651 1.2443140 1.1066638 1.5375413 1.0993273 1.4606064 1.3764367 1.3504385 1.2941159 1.3102241 0.9769776 0.8110552 1.4872062 1.9096599 1.6354762 1.3207062 1.2754511 1.5817587 1.3228142 1.3584263 1.6188092 1.4387752 0.9749920 1.9060101 1.2939614 1.2369731 1.5354564 3.6470572 1.7188832 1.8381681 
Spur_XM_030987931.1                                                1.1692568 6.7632049 1.1403878 0.8554274 0.4678644 0.8248348 0.8257282 1.0165914 0.6827751 0.0000010 0.0000000 0.7286853 0.3546191 1.1337706 1.0630255 1.0534224 1.0661586 0.7757122 0.7851347 0.7580680 0.7537567 0.7666819 0.7030845 0.8272238 0.7961111 0.8293187 0.8584298 0.8640062 0.8500888 1.1633962 1.1083284 0.8249910 0.7682146 0.7855534 0.7852294 0.7111075 0.7908948 0.8765621 0.7944690 1.0395699 0.7940722 0.8130050 0.8695923 0.8866161 0.8866161 0.9334433 1.0077253 1.2014765 0.8185719 0.8551966 1.0490473 0.9524365 0.9992436 1.1518573 0.9704311 0.9366876 0.9444305 1.1243435 0.9626223 1.1074638 1.0565440 0.6556059 0.8058556 0.8058556 0.8289886 0.8885444 0.9773792 0.8505954 0.8646064 1.0236248 1.1209953 1.0660591 1.1776125 1.7490796 1.7490796 0.9142583 1.1251575 1.4263457 1.3094295 1.2954818 1.0873659 1.2710051 1.3287651 1.2443140 1.1066638 1.5375413 1.0993273 1.4606064 1.3764367 1.3504385 1.2941159 1.3102241 0.9769776 0.8110552 1.4872062 1.9096599 1.6354762 1.3207062 1.2754511 1.5817587 1.3228142 1.3584263 1.6188092 1.4387752 0.9749920 1.9060101 1.2939614 1.2369731 1.5354564 3.6470572 1.7188832 1.8381681 
Hsap_ENST00000319023                                               1.2271604 8.9999986 1.0793858 0.8844677 0.5701140 0.8317053 0.7329880 0.9224677 0.5643822 0.7286853 0.7286853 0.0000000 0.2877181 1.0097888 1.0464840 1.0464840 1.0835249 0.6299556 0.6351505 0.6198946 0.6261855 0.6430020 0.5857789 0.6698682 0.6977641 0.7122119 0.7415412 0.8548810 0.7890832 0.9956328 1.0035962 0.5519323 0.7280912 0.7649135 0.7806228 0.7446830 0.8036897 0.8523687 0.7977151 0.9222051 0.8802550 0.8347864 0.8971377 1.0115972 1.0115972 0.8711969 0.8617518 1.0260035 0.7097848 0.8487084 1.0107857 1.0098536 0.9514646 1.1818620 0.9899543 0.9374377 0.8261969 0.9109222 0.9015484 0.9618255 1.0477575 0.6928294 0.7635895 0.7635895 0.8199901 0.8840269 0.9142657 0.7199619 0.7231693 0.9778464 1.0878536 0.9485097 0.9915411 1.6948836 1.6948836 0.9984676 1.0245063 1.2508485 1.1488745 1.1561480 1.0097962 1.1556726 0.9334564 1.1200030 1.0020892 1.4755160 1.0267935 1.3065488 1.3871593 1.2513894 1.1845375 1.1831283 1.1840295 0.7369958 1.5021873 1.8468409 1.5845439 1.1150410 1.1928248 1.1798769 1.1744612 1.1827905 1.4154788 1.2806139 1.3947375 1.5309171 1.1164701 1.2636347 1.6110792 3.5846115 1.4595843 1.4596450 
Skow_XM_006813027.1                                                0.0000010 0.0000010 0.0000010 0.5489287 0.4635126 0.3808240 0.0000010 0.5089486 0.3973184 0.3546191 0.3546191 0.2877181 0.0000000 0.7903824 0.8476039 0.8476039 0.8409395 0.4861652 0.4861652 0.5111634 0.4861652 0.4450843 0.4450843 0.0000010 0.4467694 0.0000010 0.6071826 0.5612869 0.5620423 0.8951992 0.7733746 0.5202091 0.5995855 0.5066715 0.4921613 0.0000010 0.6361486 0.0000010 0.6361486 0.0000010 0.0000010 0.5465337 1.0719999 0.6844295 0.6844295 0.5959306 0.5680109 5.5829006 0.6063388 0.7391335 0.8028603 1.2934729 1.1008342 0.0000010 1.1441515 0.9908504 0.5015493 0.3698510 1.0243097 1.1745624 1.3309797 0.0000010 0.0000010 0.0000010 0.8389438 0.8020813 0.7223667 0.6070799 0.0000010 0.6944955 1.1029302 0.8508822 0.0000010 0.6944327 0.6944327 0.0000010 0.8798098 9.0000000 1.2769777 1.2544439 1.1639712 1.2417118 0.0000010 1.1694359 1.2513909 0.0000010 0.0000010 0.0000010 1.4544997 1.3251459 1.3716601 0.0000010 0.0000010 0.5539253 1.3976614 5.2600439 1.3861076 1.5535246 0.0000010 1.5535246 1.7418551 1.7744422 0.0000010 0.0000010 0.0000010 1.5535246 0.0000010 0.0000010 0.6929159 0.7113557 0.0000010 0.0000010 
Aque_Aqu2.1.36605_001                                              1.7075516 9.0000000 0.9297512 0.8025738 0.6366266 0.8627731 0.5530090 0.9717594 0.9627790 1.1337706 1.1337706 1.0097888 0.7903824 0.0000000 0.3243539 0.3114235 0.4111093 1.0171238 1.0089741 0.9864951 0.9808360 1.0435352 0.9622918 1.0622721 1.0402995 1.0271572 1.1083301 1.1750126 1.1564482 1.2863058 1.2043723 0.8222968 1.0736991 1.0766545 1.0663450 1.0446200 1.1392133 1.1905101 1.1278156 1.2431089 1.1517820 1.1171254 1.1323728 1.2312828 1.2312828 1.0900912 1.1632936 1.2081142 1.0062471 1.1131391 1.1028148 1.1850573 1.1580581 1.1090288 1.0619103 1.0349642 1.0802728 1.1579182 0.9793068 1.0893754 1.1900013 1.1251197 1.0514671 1.0514671 1.2357014 1.3105977 1.1497188 1.1166084 1.1564331 1.2544732 1.0737951 1.2638016 1.1552028 1.9650815 1.9650815 1.2492307 1.2247922 1.5778279 1.3052839 1.3124075 1.3466817 1.2940594 1.2143690 1.2452048 1.0725122 1.4767532 1.3545591 1.0302649 1.5138458 1.5236232 1.4401442 1.4454473 1.4579168 1.1709887 1.7990389 1.9014081 1.8546619 1.4331204 1.4296602 1.6555327 1.5216340 1.4962238 1.4062432 1.5842129 1.8179251 2.0650972 1.2628798 1.5973136 2.1376366 4.0396465 2.0201472 2.2216970 
Halamb_c48139_g1_i2mm.2529                                         1.2660845 3.7061758 0.8308129 0.7363386 0.5363355 0.7619878 0.4698561 0.9216074 0.9721328 1.0630255 1.0630255 1.0464840 0.8476039 0.3243539 0.0000000 0.0000010 0.3965058 0.9543332 0.9624281 0.9316224 0.8997871 0.9914380 0.9103886 0.9920909 0.9997000 0.9688690 1.0491960 1.1445961 1.1239142 1.2118214 1.1379293 0.6790811 1.0642556 1.0300600 1.0481953 1.0439927 1.1212366 1.2189076 1.1051732 1.1292901 1.1588069 1.1038171 1.1371831 1.1073720 1.1073720 1.0210448 1.0865393 1.2211416 0.9992081 1.1467438 1.1193146 1.0912997 1.1136104 1.2487658 1.1110355 1.1082930 1.0406411 1.1705503 1.0387293 1.0828775 1.1296550 1.0990216 1.0211331 1.0211331 1.1700427 1.2036333 1.1247534 0.9879335 1.0680278 1.1831717 1.0901237 1.1774988 1.0650604 1.7244707 1.7244707 1.1004335 1.1916077 1.5715624 1.3421031 1.2509991 1.3141039 1.3202547 1.2227044 1.2149962 1.1047575 1.6605575 1.1956576 1.1269133 1.4856601 1.4914467 1.4071788 1.3854922 1.4113390 1.0392571 1.9202647 1.6352503 1.8074264 1.3336893 1.3312353 1.5366969 1.3434924 1.3304588 1.3338925 1.4963443 1.7279911 1.8705920 1.2846405 1.5785082 2.1902583 3.8417934 1.8605020 1.8395640 
Halamb_c48872_g1_i2m.25008                                         1.2152024 8.9999984 0.8180327 0.7363386 0.5363355 0.7502112 0.4698561 0.9113617 0.9751604 1.0534224 1.0534224 1.0464840 0.8476039 0.3114235 0.0000010 0.0000000 0.3956317 0.9423907 0.9494858 0.9215911 0.8898803 0.9799108 0.9103886 0.9790484 0.9708079 0.9688690 1.0457138 1.1471126 1.1262833 1.2000329 1.1428216 0.6790811 1.0612338 1.0300600 1.0481953 1.0439927 1.1212366 1.2189076 1.1051732 1.1292901 1.1588069 1.1038171 1.1371831 1.1073720 1.1073720 1.0265680 1.0903562 1.2211416 0.9992081 1.1255128 1.1073339 1.0884209 1.1053307 1.2487658 1.1134622 1.1082930 1.0297387 1.1539182 1.0387293 1.0828775 1.1140379 1.0788707 1.0211331 1.0211331 1.1559265 1.1868080 1.1158201 0.9769839 1.0563763 1.1677940 1.0872479 1.1661693 1.0465883 1.7261552 1.7261552 1.0913703 1.1900770 1.5369424 1.3321944 1.2494351 1.3141039 1.3202547 1.2227044 1.2088055 1.1047575 1.6780747 1.1770238 1.1269133 1.4663781 1.4812405 1.4000623 1.3811549 1.4113390 1.0348165 1.9202647 1.6352503 1.8028635 1.3336893 1.3312353 1.5366969 1.3434924 1.3304588 1.3338925 1.4709403 1.7279911 1.8705920 1.2779319 1.5702252 2.1587132 3.8872185 1.5731728 1.5511819 
Xestes_maker-XT_scaffold19745-augustus-gene-0.6-mRNA-1             0.9099118 1.9406738 0.7326141 0.7176847 0.6014159 0.7137568 0.5008836 0.8353254 0.9434951 1.0661586 1.0661586 1.0835249 0.8409395 0.4111093 0.3965058 0.3956317 0.0000000 0.9309144 0.9470521 0.9190612 0.9197927 0.9872156 0.9441692 0.9921115 0.9447893 0.9171176 1.0017910 1.1029759 1.0879165 1.1777543 1.1511290 0.7153710 0.9834304 1.0565419 1.0460946 0.9263700 1.0959939 1.1352578 1.0787927 1.2183086 1.0548750 1.0703159 1.1013179 1.2424270 1.2424270 1.0115615 1.0705094 1.2085803 0.9886879 1.0465361 1.0662050 1.0537750 1.0521107 1.1785160 1.0203351 1.0357753 0.9611168 1.0036591 0.9520194 1.0876784 1.0707087 1.0702472 1.0759850 1.0759850 1.1435373 1.0994146 1.1095869 1.0335186 1.0941867 1.1152658 1.0367502 1.1262606 0.7975082 1.7172252 1.7172252 1.1105173 1.1872472 1.4857145 1.2999261 1.2689621 1.2726406 1.3441611 1.2242138 1.1833638 1.0904728 1.5154433 1.1525891 0.8506855 1.4762072 1.4226357 1.3784632 1.4190142 1.3764607 1.0027368 1.8238634 1.7354800 1.8854478 1.3312092 1.2717529 1.6032508 1.4514882 1.3870420 1.3512870 1.3479442 1.6929634 1.9435991 1.1389743 1.6683289 2.1342126 3.6653441 0.9599759 0.9618600 
Spis_XP_022794365_1                                                1.4371059 8.9999989 1.0529318 0.7442137 0.4325865 0.7529441 0.6698072 0.9081441 0.5125856 0.7757122 0.7757122 0.6299556 0.4861652 1.0171238 0.9543332 0.9423907 0.9309144 0.0000000 0.0297702 0.1073274 0.1065855 0.1622793 0.1560727 0.1379875 0.4003089 0.2261578 0.4626614 0.7006639 0.6666149 0.8523771 0.8367479 0.5435500 0.6760690 0.6656563 0.6842050 0.5734312 0.7143010 0.7099528 0.7027294 0.8467818 0.7082491 0.7041414 0.7506524 0.9257523 0.9257523 0.6379084 0.7283664 0.8191477 0.5940644 0.7508968 0.8737286 0.8572495 0.8522622 1.1917061 0.8379583 0.8338102 0.7178122 0.8469372 0.8127369 0.8580618 0.9367863 0.6902460 0.6089929 0.6089929 0.7506526 0.8915717 0.8993946 0.7740036 0.8021316 0.8313453 1.0182136 0.9031825 1.1417792 1.6721430 1.6721430 0.9008197 0.9451937 1.2432850 1.1099133 1.1521417 0.9397229 1.0516676 1.0278917 1.0928476 0.9027407 1.2668976 0.9739546 0.9414696 1.4366911 1.3423467 1.2816036 1.4097090 1.0643270 0.6771285 1.6098984 1.5148307 1.7856798 1.1922584 1.2830748 1.3377852 1.2367287 1.1680108 1.5220939 1.4131457 0.9772418 1.6152156 1.1897760 1.2501162 1.5794562 3.4662148 2.1354572 2.1584017 
Pocdam_XM_027194863.1                                              1.4495307 8.9999980 1.0653044 0.7342202 0.4243273 0.7573429 0.6971273 0.9038864 0.5217643 0.7851347 0.7851347 0.6351505 0.4861652 1.0089741 0.9624281 0.9494858 0.9470521 0.0297702 0.0000000 0.1123196 0.1128896 0.1595623 0.1613289 0.1405012 0.4135748 0.2165971 0.4637379 0.7091726 0.6871838 0.8760091 0.8559705 0.5297692 0.6880713 0.6710948 0.6896947 0.5656350 0.7174297 0.7074138 0.7065550 0.8550977 0.7094434 0.7228975 0.7678919 0.9320711 0.9320711 0.6311086 0.7305894 0.8481581 0.6097687 0.7655789 0.8642174 0.8547146 0.8808528 1.1716846 0.8463954 0.8390608 0.7134713 0.8466934 0.8135204 0.8782496 0.9442027 0.6994990 0.6080301 0.6080301 0.7659769 0.8812824 0.8946791 0.7844357 0.8142411 0.8374378 1.0194856 0.9169356 1.1620984 1.6660588 1.6660588 0.9480369 0.9689219 1.2788430 1.1213150 1.1407271 0.9414228 1.0849046 1.0653187 1.1180925 0.9349141 1.3148317 0.9553996 0.9564692 1.4120107 1.3246172 1.2634086 1.4042911 1.0607397 0.7032541 1.6778874 1.5118399 1.7773274 1.2137442 1.2898543 1.3734329 1.2392026 1.2083030 1.5253157 1.4024443 1.0107487 1.6216929 1.1892961 1.2287602 1.6344180 3.4544578 2.1085128 2.0705364 
Gasp_gasp1.m3.9521.m1                                              1.3158954 7.4858458 1.0421451 0.7372287 0.4767400 0.7300387 0.6774574 0.8791658 0.5002902 0.7580680 0.7580680 0.6198946 0.5111634 0.9864951 0.9316224 0.9215911 0.9190612 0.1073274 0.1123196 0.0000000 0.0569619 0.1393185 0.1520904 0.1216754 0.3919536 0.2258940 0.4605595 0.6797488 0.6488921 0.8400785 0.8234753 0.5591220 0.6699339 0.6469520 0.6574062 0.5718483 0.6834641 0.6947400 0.6713792 0.7506104 0.6937135 0.6832843 0.7172109 0.8989657 0.8989657 0.6099007 0.7190383 0.8293756 0.6049527 0.7443286 0.8515978 0.8319719 0.8251144 1.1714478 0.8379152 0.8139240 0.7005448 0.8327030 0.8023365 0.8536592 0.9144521 0.6619516 0.5989446 0.5989446 0.7172855 0.8301224 0.8416728 0.7373583 0.7517917 0.8430996 0.9759911 0.9032953 1.1028840 1.5387521 1.5387521 0.7993513 0.9016972 1.2390887 1.0764950 1.0905162 0.9472993 1.0574897 0.9671182 1.0697460 0.8722994 1.2062007 0.9323260 0.8821374 1.4026196 1.2914886 1.2348744 1.3673037 1.0880036 0.6300599 1.6998148 1.5456359 1.7235492 1.1723588 1.2076050 1.3592854 1.1871277 1.1588845 1.3926845 1.3576175 0.9245407 1.6162804 1.1156253 1.2084305 1.5344161 3.5618517 2.0500963 2.0305311 
Fspp_ffun1.m4.20806.m1                                             1.3520879 8.5597862 1.0445350 0.6880286 0.4323866 0.7578776 0.6774574 0.8716305 0.5088754 0.7537567 0.7537567 0.6261855 0.4861652 0.9808360 0.8997871 0.8898803 0.9197927 0.1065855 0.1128896 0.0569619 0.0000000 0.1498052 0.1620648 0.1436096 0.4080557 0.2696899 0.4850648 0.6941656 0.6681437 0.8651774 0.8266615 0.5505054 0.7117270 0.6868065 0.6912476 0.6012975 0.7286007 0.7404683 0.7157096 0.7877441 0.7149134 0.7100400 0.7522223 0.9029410 0.9029410 0.6141595 0.7074082 0.7941263 0.5825195 0.7669547 0.8525142 0.8273452 0.8220678 1.1797409 0.8253508 0.8013039 0.7140234 0.8659682 0.8239742 0.8543355 0.9288082 0.6507741 0.6075333 0.6075333 0.7239725 0.8598141 0.8741235 0.7399031 0.7633665 0.8659071 0.9798091 0.9270063 1.1625598 1.5904809 1.5904809 0.8398937 0.9159321 1.2780418 1.0830202 1.1015172 0.8964612 1.0288406 0.9917047 1.0661550 0.8672475 1.0990386 0.9191618 0.9430225 1.3724638 1.2978812 1.2351040 1.3357344 1.0539961 0.6601614 1.6518382 1.4294106 1.7099657 1.1684426 1.2063666 1.3539346 1.1702442 1.1556637 1.4216432 1.3182909 0.8494258 1.6030363 1.1087550 1.2868683 1.5044103 3.4778300 2.2812604 2.2370600 
Amil_Amillepora21275-RA                                            1.5308155 8.9999989 1.1225054 0.7672005 0.4845216 0.7925410 0.6806403 0.8780915 0.5548606 0.7666819 0.7666819 0.6430020 0.4450843 1.0435352 0.9914380 0.9799108 0.9872156 0.1622793 0.1595623 0.1393185 0.1498052 0.0000000 0.0136338 0.1237567 0.4097919 0.2368114 0.4741486 0.6856937 0.6630047 0.8565812 0.8454170 0.5477724 0.6488258 0.6719579 0.6893677 0.5838958 0.7243908 0.7431467 0.7068521 0.8200290 0.7264299 0.7142151 0.7539773 0.9057076 0.9057076 0.6484315 0.7647175 0.8910946 0.6359673 0.8001538 0.8947010 0.9038091 0.9028995 1.1308446 0.8524772 0.8571075 0.7284295 0.8972041 0.8528154 0.9096249 0.9646364 0.6994571 0.6542103 0.6542103 0.7475486 0.8483812 0.8811610 0.7417247 0.7590523 0.8494409 1.0373143 0.9611121 1.1912669 1.7591682 1.7591682 0.9614787 0.9691518 1.3326082 1.1398470 1.1312334 0.9191037 1.0838181 1.0438575 1.1446131 0.9234518 1.2650115 0.9613516 0.8885652 1.4496864 1.3368621 1.2766336 1.4053433 1.1179618 0.6483690 1.6550705 1.5742338 1.7637901 1.2184480 1.2722355 1.4158175 1.2374810 1.2111702 1.5157807 1.3841177 0.9047224 1.6499471 1.1864589 1.2568972 1.6437055 3.3979982 2.4335824 2.3884798 
Adig_XM_015899560.1                                                0.0000010 0.0000010 0.9443263 0.6245218 0.4845216 0.5932630 0.0000010 0.7135799 0.5144303 0.7030845 0.7030845 0.5857789 0.4450843 0.9622918 0.9103886 0.9103886 0.9441692 0.1560727 0.1613289 0.1520904 0.1620648 0.0136338 0.0000000 0.1218634 0.3778694 0.0000010 0.4586266 0.6199487 0.5782057 0.9673175 0.8672013 0.4490183 0.5565403 0.7490111 0.7315782 0.3853864 0.7483473 0.8748687 0.7352006 0.8036077 0.3853864 0.7385018 0.8182577 0.8486311 0.8486311 0.6264259 0.7244082 0.8584781 0.5873944 0.7146444 0.8021261 0.8832942 0.8475826 2.4555409 0.7985992 0.7841027 0.6251278 0.9154916 0.8081397 0.9048195 0.8894273 0.6261432 0.6555209 0.6555209 0.6467631 0.7961932 0.9136494 0.6563301 0.6669899 0.8147597 0.9305693 0.7673341 0.0000010 3.4155007 3.4155007 0.0000010 0.9908561 4.7466022 1.0436143 0.9743474 0.9051336 1.0201243 0.9938250 1.0461899 0.8893998 1.2607266 0.7690596 0.7526101 1.4665290 1.2822307 1.2289955 1.3357924 0.9133331 0.5016940 1.5224233 1.5742338 1.4033062 1.1878304 2.4741027 1.3135899 1.1711269 1.1788102 0.0000010 0.8818761 0.6796522 1.0878420 0.0000010 0.0000010 0.9500671 2.8303445 0.0000010 0.0000010 
Gfas_gfas1.m1.819.m1                                               1.3635982 8.9999989 1.0584545 0.8147575 0.5549349 0.8516482 0.7002526 0.9226128 0.5583573 0.8272238 0.8272238 0.6698682 0.0000010 1.0622721 0.9920909 0.9790484 0.9921115 0.1379875 0.1405012 0.1216754 0.1436096 0.1237567 0.1218634 0.0000000 0.4115146 0.2329263 0.4636912 0.7266647 0.7002872 0.8675530 0.8805640 0.5159431 0.6631694 0.6534260 0.6731995 0.5543782 0.7068510 0.7005292 0.6889201 0.8002010 0.6850117 0.7230100 0.7334605 0.9584331 0.9584331 0.6735203 0.7639569 0.6941099 0.6243416 0.8094163 0.8972567 0.8268964 0.8290168 1.1689036 0.8078116 0.8117991 0.7209000 0.8857522 0.8184220 0.8182196 0.8999666 0.6951776 0.6093791 0.6093791 0.7579171 0.8520421 0.8978341 0.7683634 0.7683634 0.8754658 1.0162901 1.0084115 1.1144499 1.6892921 1.6892921 0.8972593 0.9512210 1.2515816 1.1472690 1.1850178 0.8984145 1.1108008 1.1323233 1.1429057 0.9249326 1.2186751 0.9525758 0.9088241 1.4592572 1.3600713 1.2406466 1.4226589 1.1613172 0.6767207 1.8292340 1.3144190 1.8005462 1.1406275 1.2239959 1.3296368 1.1448295 1.1083233 1.4100694 1.3862627 0.9343247 1.6338177 1.1492596 1.2861013 1.5213534 4.3454718 2.2582424 2.2826056 
Nvec_v1g173435                                                     1.2594759 9.0000000 1.0251487 0.7072066 0.4955808 0.6899857 0.7075897 0.8683148 0.5441408 0.7961111 0.7961111 0.6977641 0.4467694 1.0402995 0.9997000 0.9708079 0.9447893 0.4003089 0.4135748 0.3919536 0.4080557 0.4097919 0.3778694 0.4115146 0.0000000 0.0137885 0.4514011 0.6529324 0.6533043 0.8406402 0.8667244 0.6636324 0.6842938 0.7160007 0.7172981 0.6249431 0.7560625 0.7542302 0.7493396 0.8555329 0.7210823 0.7486681 0.7896381 0.9615750 0.9615750 0.6342765 0.7459444 0.8927313 0.6649562 0.7281542 0.8548020 0.7967454 0.8574144 1.2256683 0.8268788 0.8150446 0.7514104 0.9720956 0.8054588 0.8262799 0.9156454 0.6931077 0.6252350 0.6252350 0.7670258 0.8819645 0.8548839 0.8119523 0.8256028 0.8801238 0.9606942 0.9432248 0.9181031 1.7664553 1.7664553 0.9407602 0.9162933 1.3037271 1.1237357 1.1604009 0.9245254 1.0905370 1.1296256 1.1395838 0.9430085 1.1502816 0.9029951 0.9356090 1.4220065 1.2961923 1.1894041 1.2651101 1.1876891 0.7019756 1.6938567 1.1356844 1.7783235 1.1700412 1.2021539 1.3875290 1.1679915 1.1145691 1.3503654 1.3678564 1.0350144 1.7315110 1.1792390 1.1770628 1.5200723 3.6146020 1.7982570 1.7936010 
Nvec_v1g152610                                                     0.0000010 0.0000010 1.0149759 0.9789817 0.0000010 0.8743917 0.9421723 0.7849719 0.4456682 0.8293187 0.8293187 0.7122119 0.0000010 1.0271572 0.9688690 0.9688690 0.9171176 0.2261578 0.2165971 0.2258940 0.2696899 0.2368114 0.0000010 0.2329263 0.0137885 0.0000000 0.2800742 0.4627579 0.4782974 0.4905882 0.4718951 9.0000000 0.5613670 0.5764074 0.5838908 0.5838979 0.6341191 0.6341191 0.6036708 0.0000010 0.7282630 0.6562824 0.6562824 2.1791359 2.1791359 0.5246626 0.6577536 1.0249970 1.0249970 0.7131476 0.9142975 0.7484415 0.8173875 0.9615681 0.8658107 0.8656907 0.7501936 0.7060928 0.7096535 0.7812873 0.7471924 0.6037948 0.6032439 0.6032439 0.7628558 0.7869979 0.6745537 0.6504780 0.6504780 0.5696985 0.9606472 0.9179059 0.7177850 3.2434078 3.2434078 1.0492321 0.7676311 0.9005917 1.2108755 1.1490169 0.7155243 0.9804673 2.6371045 1.0649493 0.9694324 0.9673942 0.7111144 0.0000010 1.1750981 1.1526484 1.0984474 1.2111207 1.1508950 0.6666847 4.0637385 0.0000010 2.4246739 0.9432832 0.9432832 2.2289312 1.0099879 0.9822207 1.1521478 0.9504418 1.1662337 4.4749851 1.0878464 0.6131617 5.3674386 5.0678651 0.0000010 0.0000010 
Exapal_XM_021040518.2                                              1.4067577 7.2026025 1.1506360 0.8806852 0.6326114 0.7999871 0.7639281 0.9621291 0.6320210 0.8584298 0.8584298 0.7415412 0.6071826 1.1083301 1.0491960 1.0457138 1.0017910 0.4626614 0.4637379 0.4605595 0.4850648 0.4741486 0.4586266 0.4636912 0.4514011 0.2800742 0.0000000 0.8022113 0.7593307 0.9004067 0.8938306 0.7509368 0.7714210 0.7561484 0.7678799 0.6940497 0.7977288 0.8145426 0.7905223 0.9052248 0.7826922 0.7956256 0.8304484 1.0129084 1.0129084 0.7428375 0.8283286 1.0440512 0.7629236 0.8094179 0.9520487 0.8945079 0.8921913 1.3623441 0.9433257 0.9041756 0.8628780 1.1445006 0.8396467 0.8982599 1.0291075 0.8345237 0.7191897 0.7191897 0.8799356 0.9305634 0.9084781 0.8146692 0.8058330 0.9497835 1.1340825 1.0760338 1.1326083 1.8408621 1.8408621 1.0006956 0.9766891 1.5004177 1.2126400 1.2362013 0.9930050 1.0839918 1.1208008 1.1824771 0.9510078 1.1951684 1.0187942 1.0832132 1.4483016 1.4020646 1.2962389 1.3146412 1.1141368 0.7735811 1.4917010 1.3755940 1.7395896 1.3278570 1.3813426 1.5385032 1.3306393 1.2585567 1.6391249 1.4715128 1.0602978 1.8973424 1.2616171 1.2166542 1.6435056 3.6965298 2.4336830 2.3882243 
Nemnom_g13868.t1                                                   1.2440463 6.1083582 1.1386354 0.8625428 0.5768999 0.9223846 0.8306146 0.9890923 0.7501771 0.8640062 0.8640062 0.8548810 0.5612869 1.1750126 1.1445961 1.1471126 1.1029759 0.7006639 0.7091726 0.6797488 0.6941656 0.6856937 0.6199487 0.7266647 0.6529324 0.4627579 0.8022113 0.0000000 0.1458748 0.7464103 0.6789667 0.9251227 0.9362749 0.8403450 0.8524789 0.7515211 0.8869442 0.9372372 0.8943790 1.0176988 0.9050536 0.8871115 0.9591627 1.1151988 1.1151988 0.7754929 0.8361812 1.1102595 0.8045189 0.8751249 1.0152083 0.9726041 0.9703722 1.5174279 0.9578058 0.9135513 0.8863391 1.0893521 1.0321300 1.0272405 1.1069469 0.8658812 0.6306905 0.6306905 0.9864942 1.0124465 1.0665713 0.9433464 0.9841720 0.7174953 1.1149134 1.0057668 1.0857595 2.0175948 2.0175948 1.0476754 1.0276255 1.3335610 1.1954004 1.2136437 0.9771033 1.1635007 1.0940885 1.2416979 0.9991834 1.4894435 0.6729317 1.0330680 1.3777347 1.3671450 1.3059317 1.3879757 1.1257575 0.8758739 1.4992977 1.4087670 1.6086515 1.2320273 1.1576294 1.5538276 1.2660054 1.2398753 1.3571473 1.2217103 0.9965196 1.7022459 1.2265481 1.3537337 2.0104635 3.8744471 2.0823979 2.1109881 
Rhoesc_Res_012390-T1                                               1.2192925 4.2832290 1.0832861 0.8470930 0.5503969 0.8849166 0.7851816 0.9333656 0.7352617 0.8500888 0.8500888 0.7890832 0.5620423 1.1564482 1.1239142 1.1262833 1.0879165 0.6666149 0.6871838 0.6488921 0.6681437 0.6630047 0.5782057 0.7002872 0.6533043 0.4782974 0.7593307 0.1458748 0.0000000 0.7224577 0.6930227 0.9245359 0.8910875 0.8247669 0.8339564 0.7531984 0.8626514 0.9322650 0.8656308 1.0451718 0.9083769 0.8778598 0.9471855 1.0850854 1.0850854 0.7686165 0.8294956 1.0941174 0.8115915 0.8315186 0.9779609 0.9315286 0.9455157 1.4769635 0.9560031 0.9292316 0.8772686 1.0468380 1.0080268 0.9614372 1.0712684 0.8351847 0.6339988 0.6339988 0.9571744 0.9806278 1.0354763 0.9069439 0.9451669 0.6874551 1.1134208 0.9387965 0.9894341 1.9858917 1.9858917 1.0306531 0.9878108 1.3359076 1.1927850 1.1848655 0.9518974 1.1279203 0.9785723 1.1950425 0.9833294 1.4890461 0.6975030 1.0963205 1.3504284 1.3778158 1.2803585 1.3692497 1.1234553 0.8855836 1.4032125 1.4254038 1.6028856 1.1925348 1.1461549 1.4854086 1.2519948 1.1842216 1.3733288 1.2190378 1.0183093 1.6830728 1.2277009 1.3759963 2.0652590 3.8365055 2.4807277 2.5175178 
Chem_TCONS_00004305                                                1.4682172 8.9999987 1.3522957 1.0407108 0.8329382 1.1124686 0.7631302 1.2235206 0.9487672 1.1633962 1.1633962 0.9956328 0.8951992 1.2863058 1.2118214 1.2000329 1.1777543 0.8523771 0.8760091 0.8400785 0.8651774 0.8565812 0.9673175 0.8675530 0.8406402 0.4905882 0.9004067 0.7464103 0.7224577 0.0000000 0.6144275 0.9251827 1.0513061 1.0046201 1.0209072 0.7085399 1.0526512 0.9855022 1.0439760 1.3856776 0.8494281 1.0513063 1.0941589 1.4946964 1.4946964 0.9564233 1.0230705 1.4051070 1.0510382 1.0441774 1.0969752 1.0839061 1.0994522 1.1398412 1.1194501 1.0553070 1.0454620 1.2907019 1.0764562 1.1014545 1.1258930 0.9716705 0.9980598 0.9980598 1.1011358 1.1454690 1.0905301 1.0825853 1.1322572 0.9790174 1.2483681 1.1536383 0.9598351 2.0358339 2.0358339 1.0598672 1.1287661 1.4748536 1.3010145 1.2364861 1.1840253 1.3480031 1.3665018 1.4284227 1.1359200 1.5882577 1.0460064 1.3824937 1.5544166 1.6214117 1.4426689 1.4216824 1.2581267 1.0615612 1.7017451 2.0658055 1.8324801 1.2805458 1.1166829 1.7019667 1.3306647 1.2916720 1.2123478 1.2668423 1.3379228 1.9409764 1.1737083 1.3574125 2.4345322 3.7696135 2.4339531 2.5946351 
Hvul_g28825_1                                                      1.5522173 8.9999982 1.3561881 1.0569932 0.7987730 1.1206443 0.9107925 1.2167521 0.9474544 1.1083284 1.1083284 1.0035962 0.7733746 1.2043723 1.1379293 1.1428216 1.1511290 0.8367479 0.8559705 0.8234753 0.8266615 0.8454170 0.8672013 0.8805640 0.8667244 0.4718951 0.8938306 0.6789667 0.6930227 0.6144275 0.0000000 1.0322654 1.1143936 0.9709537 1.0052527 0.7514945 1.0156278 1.0341524 1.0143351 1.2018923 0.8815171 1.0087990 1.0786119 1.2037230 1.2037230 0.9956711 1.0090450 1.3158370 0.9734469 1.1047340 1.0803127 1.1083850 1.0565275 1.4906860 1.1430811 1.1209614 1.0474990 1.1677643 1.1444926 1.1378727 1.2091569 1.0255993 0.9296889 0.9296889 1.1559028 1.2171931 1.1532696 1.0961748 1.1429731 0.9538742 1.2333032 1.2271902 1.1612515 2.1081162 2.1081162 1.1786017 1.1718875 1.4717273 1.2985653 1.2643993 1.1595380 1.2852276 1.4355147 1.3672235 1.1221908 1.5214058 0.9368151 1.3650566 1.5319179 1.5626402 1.4113382 1.4063791 1.3678723 1.0883927 1.7779466 1.5209901 1.8612278 1.3167880 1.2058490 1.6649120 1.4075177 1.3405030 1.3494206 1.2869479 1.2490663 1.9966094 1.3812876 1.3279218 2.3223447 4.0121622 3.1447390 3.1287903 
Plajan_Pjan_scaffold8910_01                                        2.3493562 0.0000010 1.2085776 0.5076029 0.4472929 0.5350847 1.4980570 0.6711711 0.5342350 0.8249910 0.8249910 0.5519323 0.5202091 0.8222968 0.6790811 0.6790811 0.7153710 0.5435500 0.5297692 0.5591220 0.5505054 0.5477724 0.4490183 0.5159431 0.6636324 9.0000000 0.7509368 0.9251227 0.9245359 0.9251827 1.0322654 0.0000000 0.8370578 0.8123912 0.8165288 2.5015347 0.8747416 2.5015347 0.8747416 0.0000010 2.5015347 0.9932607 1.2675522 0.8600337 0.8600337 0.6210698 0.7197877 2.9911683 0.7240677 0.7887383 0.9329066 1.0934852 0.9649669 2.1984810 0.9662610 0.9991159 0.6286166 0.7027481 0.8735185 0.8479642 1.0677644 0.8132363 2.8659101 2.8659101 0.8390825 0.7920077 0.8014144 0.6904590 0.6663616 1.0028299 0.9045999 0.8208778 5.0555399 1.8280949 1.8280949 2.4156155 0.8320560 8.9999981 1.0025670 1.0010324 1.3880092 1.0029171 0.7342107 1.0300293 1.0387667 6.6502620 3.4918915 0.0000010 1.5065165 1.5430928 1.4823901 3.4762238 8.9999988 0.6424879 1.5704479 8.9999986 1.6793372 1.4499757 2.8553592 1.4334267 1.4861687 1.5164153 2.3753918 1.6567422 0.0000010 1.4976458 9.0000000 9.0000000 1.9602116 1.8119429 0.0000010 0.0000010 
Cgig_XM_011432606.3                                                1.3264153 9.0000000 0.9898794 0.8053847 0.5168540 0.8304167 0.7742135 0.9529143 0.5647093 0.7682146 0.7682146 0.7280912 0.5995855 1.0736991 1.0642556 1.0612338 0.9834304 0.6760690 0.6880713 0.6699339 0.7117270 0.6488258 0.5565403 0.6631694 0.6842938 0.5613670 0.7714210 0.9362749 0.8910875 1.0513061 1.1143936 0.8370578 0.0000000 0.7009320 0.7065876 0.6242162 0.7741088 0.8261538 0.7588763 0.8925198 0.7511075 0.7675865 0.8268253 0.8911446 0.8911446 0.9118032 0.9503011 0.9453170 0.7260217 0.8619138 0.9706485 0.9579308 0.9579336 1.0884216 0.9607104 0.9329426 0.9208011 1.1401300 0.8618516 0.9702734 1.0059656 0.6603985 0.7233373 0.7233373 0.6789775 0.7889054 0.8203732 0.5492448 0.5554972 0.9936603 1.0812240 0.9364178 1.0905109 1.6623660 1.6623660 1.1277231 1.0338316 1.4584055 1.2113564 1.2540853 0.8710339 1.0572508 1.0024287 1.1484268 0.9188602 1.4640189 1.1717284 1.1125505 1.4064453 1.2941323 1.2573351 1.3437723 1.1161321 0.5563415 1.3434393 1.3744358 1.5450805 1.2241602 1.3314682 1.3781722 1.3354459 1.2761945 1.5762987 1.4642026 1.0840364 1.8860264 1.4003701 1.2458078 1.4201509 3.4375251 2.0488818 2.0675398 
