83
Lcom_lcpid112045                                                   0.0000000 1.4911350 2.3492641 2.3967777 2.3366492 2.4991799 2.3947566 2.4108721 2.4639496 2.6373742 2.7383145 2.6961236 2.6209762 1.7034914 2.7178202 2.4153138 2.4555172 2.4370224 2.2384957 2.3933611 2.7777261 2.1907380 2.4744370 2.7359421 2.1606191 2.1654244 2.2312286 2.2312286 2.2240474 2.2240474 3.0331304 2.5886519 2.0209827 2.7884156 2.7042354 2.0475984 2.4952981 2.5264037 2.6657246 3.3784042 3.1668860 2.7364810 2.8347485 3.2990581 3.6406682 3.1850799 3.0249072 3.0249072 3.5012633 3.4488114 3.1938590 3.1446638 3.0991586 3.6678833 3.6382722 2.8341720 3.0264900 3.8514429 3.3014454 2.9972356 1.8808416 3.3974404 4.9329175 4.9329175 4.3022736 4.3022736 4.2506737 4.2506737 4.8944444 4.8944444 4.9400195 4.8264760 4.8264760 4.3411085 5.0435234 7.0502801 4.4806515 4.4806515 5.1670709 4.8845221 4.9582996 4.6367569 3.6479010 
Scil_scict007670.1                                                 1.4911350 0.0000000 2.1712131 2.2007016 2.4473565 2.8401140 2.8093072 2.6075968 2.5953618 2.7941701 2.9015619 2.8087165 2.8506307 1.7406730 2.4538134 2.4550819 2.0490433 2.2805633 1.9464529 2.1429566 2.4734984 2.1386666 2.5200661 2.9626946 2.0722620 2.1844126 2.1534286 2.1534286 2.3275872 2.3275872 2.8431754 2.6555789 2.0931286 2.9785684 2.3053501 2.1332113 2.6244124 2.9023234 2.9994220 2.6881308 2.4973831 2.1174012 1.9152230 2.0166680 2.8494509 2.1988501 2.9866938 2.9866938 3.1969984 3.1350415 2.3499208 2.9547360 2.2224648 2.6405683 2.6891772 2.8243036 2.8250375 4.0164445 2.3348913 2.6127646 1.7039928 3.5597613 4.7745268 4.7745268 4.3431758 4.3431758 4.4271113 4.4271113 5.0066469 5.0066469 3.9720511 4.4158426 4.4158426 4.0707884 4.5879800 6.5706289 4.0350762 4.0350762 3.9154065 4.4498723 5.3705848 5.1367528 4.1944203 
Aque_Aqu2.1.31808_001                                              2.3492641 2.1712131 0.0000000 0.8186109 1.5300707 1.3834172 1.3816468 1.3541524 1.5724391 1.5448194 1.6008629 1.4200335 1.4200335 1.0252216 1.4069193 1.3783193 1.5764893 1.7093853 1.5738902 1.4064260 1.4751140 1.4496700 1.6348118 1.0117915 1.0870989 1.1393842 1.1291412 1.1291412 1.0301204 1.0301204 1.2942976 1.3344898 1.0533123 1.2544195 1.4879148 1.5286303 1.6120285 1.3355159 1.7358846 1.5889052 1.8353832 1.7715132 1.6405333 1.5922780 1.8921747 1.7404438 2.1265049 2.1265049 2.0765091 1.8612782 1.5450677 1.5750198 1.9009568 2.1739973 1.8925733 1.8121927 1.9880460 2.8470190 1.9338659 2.3503095 2.3111919 1.9067267 3.2395226 3.2395226 3.0215016 3.0215016 3.2078988 3.2078988 3.8431948 3.8431948 3.1566559 3.1251159 3.1251159 3.1527011 4.0568982 3.3329690 2.7959061 2.7959061 2.9013059 2.8260165 3.1794547 3.0112454 3.2154833 
Spur_XM_011681096.2                                                2.3967777 2.2007016 0.8186109 0.0000000 1.2466440 1.0862674 1.0740468 1.2245777 1.2675044 1.1652936 1.1652936 1.1330135 1.1330135 0.6645084 0.9624600 1.2231651 1.1870059 1.3572654 1.4341498 1.2153996 1.3416709 1.1057751 1.1705732 0.9167615 1.0878478 1.1234968 1.1211460 1.1211460 1.0542358 1.0542358 0.9230283 1.1326419 1.0152375 1.0757994 1.1409469 1.2112716 1.6892884 1.3987178 1.6286738 1.6215672 2.0463380 1.7498065 1.7014045 1.4327885 1.6068360 1.6661865 1.5584796 1.5584796 1.6042859 1.5376147 1.4712396 1.3333512 1.7399270 2.1652991 1.7686476 1.7003554 1.9269066 2.3048746 1.7360055 2.0113355 2.1352836 1.7702210 2.6549024 2.6549024 2.4620887 2.4620887 2.7145386 2.7145386 3.2086866 3.2086866 2.4466094 2.5691744 2.5691744 2.4764630 3.2921395 2.8596199 2.3452333 2.3452333 2.5021654 2.7083518 2.4523986 2.3390573 3.3241063 
Morvir_scaffold152.g9.t1                                           2.3366492 2.4473565 1.5300707 1.2466440 0.0000000 1.0184921 0.9989299 1.0991197 1.2650292 1.0048812 1.0048812 1.0219956 1.0219956 0.5254758 0.8795141 1.1100279 0.8076123 0.8193404 0.7950546 0.7051773 0.7385277 1.0530618 1.1444834 1.6238631 1.3476431 1.3297439 1.2984748 1.2984748 1.1985146 1.1985146 1.4396171 1.7350436 1.5061037 1.8407299 1.3787754 1.4766880 1.7465893 1.6461544 1.8271140 1.7588180 1.9081666 1.9549037 1.4115732 1.7192395 1.9080008 1.8146696 1.8961717 1.8961717 2.1500185 1.7553132 1.4987942 1.6508519 2.2310327 2.1186290 1.6357184 2.2345681 2.3772053 2.4628495 2.0324490 2.4736731 2.4410933 2.0908720 3.1480289 3.1480289 2.7269671 2.7269671 2.8804748 2.8804748 3.3060160 3.3060160 2.9185641 2.9796161 2.9796161 2.7663470 3.4824166 2.7757767 3.0197679 3.0197679 3.2225008 2.6659696 2.7113811 3.0632577 3.5334579 
Spis_XP_022796776_1                                                2.4991799 2.8401140 1.3834172 1.0862674 1.0184921 0.0000000 0.0516987 0.2831752 0.3293418 0.4424887 0.4424887 0.4575037 0.4575037 0.4135704 0.6120969 0.5669651 0.9220065 1.1235961 1.0957254 0.9814820 1.1282535 0.9563641 1.1200525 1.5188344 1.0549155 1.1083995 1.2337793 1.2337793 1.1682125 1.1682125 1.4716568 1.2482449 1.3551642 1.6111615 1.2983004 1.5439789 1.9880357 1.5366445 1.9884096 1.4584561 1.8602864 1.6075095 1.5143883 1.3844766 1.4887509 1.3136214 1.3691090 1.3691090 1.6735515 1.3835894 1.3375237 1.4084618 1.7243561 1.8812849 1.6406936 1.7460274 2.3383486 2.7324958 2.0278870 1.9269228 2.8402915 2.2625219 3.4661471 3.4661471 3.1798212 3.1798212 3.3524308 3.3524308 4.0126773 4.0126773 3.2282038 3.3292837 3.3292837 3.0868981 4.2188002 3.6437053 2.9587680 2.9587680 3.2703420 3.0478407 3.0099835 3.4500978 3.1443594 
Pocdam_XM_027188417.1                                              2.3947566 2.8093072 1.3816468 1.0740468 0.9989299 0.0516987 0.0000000 0.2621970 0.3325626 0.4202352 0.4202352 0.4352160 0.4352160 0.4079560 0.5899249 0.5348574 0.9105230 1.0818627 1.0706052 0.9612515 1.1008534 0.9699965 1.1553087 1.4497956 1.0606480 1.1139652 1.2079463 1.2079463 1.1767058 1.1767058 1.4793575 1.2884340 1.2814245 1.5159900 1.3335897 1.5239956 1.9346943 1.4871868 2.0043382 1.4758787 1.8788502 1.6254654 1.5352017 1.3906369 1.5379991 1.2589343 1.3932955 1.3932955 1.6938027 1.4088951 1.3684001 1.3367717 1.7298886 1.8982445 1.6704712 1.7999480 2.2862125 2.8466994 1.9843010 1.9398676 2.8240694 2.2756357 3.7071890 3.7071890 3.1858426 3.1858426 3.2882928 3.2882928 3.9268418 3.9268418 3.3330804 3.4803961 3.4803961 3.1110112 4.1774087 3.7114300 2.9607801 2.9607801 3.1955445 3.0400005 3.0734675 3.4857066 3.1028231 
Gasp_gasp1.m3.18367.m1                                             2.4108721 2.6075968 1.3541524 1.2245777 1.0991197 0.2831752 0.2621970 0.0000000 0.2514914 0.4329355 0.4329355 0.4323098 0.4323098 0.4114332 0.6478381 0.4809865 0.7553669 1.1980255 1.1638998 1.0851012 1.1236350 1.0990430 1.4253867 1.5209400 1.1255362 1.1822641 1.2639989 1.2639989 1.2825121 1.2825121 1.4807962 1.4798370 1.4513088 1.5925645 1.4014472 1.6140863 1.9921173 1.6559456 2.1114916 1.4538867 1.8172720 1.6460961 1.6326490 1.3877174 1.4609392 1.3288176 1.5031195 1.5031195 1.6828905 1.4741163 1.4492827 1.3244065 1.7321126 2.0030861 1.7158245 1.7979525 1.9047742 2.6325837 2.0163150 2.0171525 2.5431358 2.5352022 3.4007687 3.4007687 3.1226807 3.1226807 3.2205548 3.2205548 3.7857107 3.7857107 3.3259202 3.4604391 3.4604391 3.0503635 4.0681181 3.6608793 2.8776606 2.8776606 2.9087193 3.0875718 3.1234945 3.3367213 3.0410183 
Fspp_ffun1.m4.17647.m1                                             2.4639496 2.5953618 1.5724391 1.2675044 1.2650292 0.3293418 0.3325626 0.2514914 0.0000000 0.5377391 0.5377391 0.5235715 0.5235715 0.5101790 0.7272586 0.6561085 0.8177432 1.2743632 1.3534292 1.1233025 1.1950726 1.1845031 1.4260684 1.6919600 1.1146436 1.1697678 1.3320431 1.3320431 1.2608300 1.2608300 1.6004742 1.4241774 1.3207024 1.5618711 1.4805611 1.6498576 2.0610196 1.6897759 2.1347709 1.5683069 1.9862384 1.6953920 1.7115361 1.5460047 1.7094499 1.3979384 1.7200778 1.7200778 1.7869443 1.6419490 1.4784221 1.5695563 1.7792079 2.1396814 1.6818353 1.7836371 2.1064357 2.4406328 2.1427643 2.0501451 2.6249510 2.4393749 3.4333157 3.4333157 3.1082678 3.1082678 3.2725829 3.2725829 4.0286762 4.0286762 3.6567496 3.2024492 3.2024492 3.0616761 4.2460556 3.9553634 3.0808747 3.0808747 3.3487512 3.1090430 3.0723402 3.4150066 3.0995624 
Amil_Amillepora00570-RA                                            2.6373742 2.7941701 1.5448194 1.1652936 1.0048812 0.4424887 0.4202352 0.4329355 0.5377391 0.0000000 0.0000010 0.0322490 0.0247999 0.3298674 0.5406254 0.3554885 0.7739915 1.0195039 1.0109880 1.0065606 0.9744036 1.2217468 1.1332269 1.6605932 1.1557961 1.1835657 1.2710527 1.2710527 1.2032102 1.2032102 1.5291823 1.5478184 1.3229241 1.6316552 1.4523700 1.7644810 1.8727195 1.6803356 2.1243841 1.4937540 1.8937813 1.6551672 1.5411180 1.4335783 1.5691781 1.2510879 1.5440144 1.5440144 1.6008079 1.6334165 1.6339518 1.3852446 1.8307485 2.0501999 1.7376802 1.6862628 1.9342255 2.7176383 2.0478729 1.9783133 3.2378327 2.5028445 3.9664524 3.9664524 3.4596265 3.4596265 3.5879081 3.5879081 4.2565632 4.2565632 3.4624511 3.4638773 3.4638773 3.6173775 4.5179056 4.3538380 3.4105006 3.4105006 3.8730365 3.5734624 3.5189515 3.6735102 2.9652604 
Amil_Amillepora00541-RA                                            2.7383145 2.9015619 1.6008629 1.1652936 1.0048812 0.4424887 0.4202352 0.4329355 0.5377391 0.0000010 0.0000000 0.0322490 0.0247999 0.3298674 0.5406254 0.3554885 0.7739915 1.0769242 1.0689709 1.0628029 1.0266251 1.2943346 1.2003269 1.6605932 1.1557961 1.1835657 1.2710527 1.2710527 1.2032102 1.2032102 1.5291823 1.5478184 1.3229241 1.6316552 1.5461663 1.8733328 1.8727195 1.7955935 2.1089695 1.4937540 1.8937813 1.6551672 1.5411180 1.5627041 1.5691781 1.2510879 1.5440144 1.5440144 1.6008079 1.6334165 1.7138806 1.4167255 1.8307485 2.0501999 1.7376802 1.6862628 1.9342255 2.7176383 2.1698900 1.9783133 3.3350319 2.6024951 4.0457212 4.0457212 3.5513745 3.5513745 3.5879081 3.5879081 4.2565632 4.2565632 3.6167505 3.5453830 3.5453830 3.6991762 4.6792346 4.6006460 3.5849281 3.5849281 3.8730365 3.7268245 3.6456799 3.6735102 2.9652604 
Adig_XM_015900856.1                                                2.6961236 2.8087165 1.4200335 1.1330135 1.0219956 0.4575037 0.4352160 0.4323098 0.5235715 0.0322490 0.0322490 0.0000000 0.0000010 0.3091288 0.5447714 0.3605770 0.7909310 1.0380422 1.0296391 1.0044314 0.9784483 1.1912250 1.1043531 1.5881576 1.1755617 1.2036765 1.2920021 1.2920021 1.2238776 1.2238776 1.4886224 1.5717432 1.2767740 1.5734478 1.4681103 1.7829487 1.8995449 1.6237621 2.0480640 1.4745182 1.8986339 1.6531283 1.5679525 1.4369891 1.5728910 1.2736692 1.5428542 1.5428542 1.6487523 1.6322316 1.6639912 1.4114513 1.8594333 1.9717113 1.7674696 1.6836800 1.9327416 2.7250097 2.0468125 1.9771497 3.2497291 2.3856850 3.8147177 3.8147177 3.3190859 3.3190859 3.4368733 3.4368733 4.0588184 4.0588184 3.3287601 3.2426381 3.2426381 3.4765807 4.3301368 4.1287855 3.3370838 3.3370838 3.7663210 3.4670650 3.3810609 3.5156033 2.9627381 
Adig_XM_015895206.1                                                2.6209762 2.8506307 1.4200335 1.1330135 1.0219956 0.4575037 0.4352160 0.4323098 0.5235715 0.0247999 0.0247999 0.0000010 0.0000000 0.3091288 0.5447714 0.3528565 0.7909310 1.0380422 1.0296391 1.0044314 0.9784483 1.1912250 1.1043531 1.5490306 1.1755617 1.2036765 1.2920021 1.2920021 1.2238776 1.2238776 1.4886224 1.5717432 1.2767740 1.5734478 1.4681103 1.7829487 1.8995449 1.6237621 2.0480640 1.4745182 1.8986339 1.6531283 1.5679525 1.4369891 1.5728910 1.2736692 1.5428542 1.5428542 1.6487523 1.6322316 1.6639912 1.4114513 1.8594333 1.9717113 1.7674696 1.6836800 1.9327416 2.6455057 2.0468125 1.9771497 3.1696827 2.3856850 3.7270576 3.7270576 3.2337594 3.2337594 3.3476233 3.3476233 3.9567757 3.9567757 3.2477963 3.1637970 3.1637970 3.3939779 4.2385629 4.0261583 3.2577314 3.2577314 3.6593469 3.3845124 3.2929321 3.4343294 2.9627381 
Exapal_XM_021048774.2                                              1.7034914 1.7406730 1.0252216 0.6645084 0.5254758 0.4135704 0.4079560 0.4114332 0.5101790 0.3298674 0.3298674 0.3091288 0.3091288 0.0000000 0.2098204 0.4089758 0.5703177 0.6335529 0.5913934 0.5477768 0.5699051 0.6225676 0.6849864 1.1945541 0.7875654 0.8175973 0.8076438 0.8076438 0.8218998 0.8218998 1.0877468 0.9186755 1.3550912 1.2431161 1.1636106 1.1747533 1.7560897 1.3528684 1.4331250 1.2118248 1.3952031 1.4172231 1.2115573 1.2704395 1.2394707 1.0320043 1.1687011 1.1687011 1.2049745 1.3240419 1.3573256 1.4069165 1.4719348 1.9763381 1.4003348 1.8847932 1.9282412 1.7376311 1.5795936 1.8007626 1.3983412 1.6676892 2.4387229 2.4387229 2.4357915 2.4357915 2.5751550 2.5751550 3.2348603 3.2348603 2.6174943 2.6613797 2.6613797 2.6133960 4.2282320 2.5188454 2.0982482 2.0982482 2.1860745 2.3896807 2.4788021 2.5182713 3.1032386 
Nvec_v1g244146                                                     2.7178202 2.4538134 1.4069193 0.9624600 0.8795141 0.6120969 0.5899249 0.6478381 0.7272586 0.5406254 0.5406254 0.5447714 0.5447714 0.2098204 0.0000000 0.5975387 0.8819948 1.0253728 0.9668464 0.9462128 0.9358561 0.8228247 0.8017518 1.5391797 1.1008564 1.1566552 1.2293289 1.2293289 1.2738521 1.2738521 1.3886921 1.4778544 1.2596215 1.4601833 1.2999554 1.7006385 1.9238951 1.8347426 2.3656522 1.6517912 1.7625398 1.7708328 1.5787507 1.3938599 1.5490517 1.5217712 1.6347212 1.6347212 1.8416006 1.4173848 1.4134026 1.6435337 1.6283833 2.0537225 1.8772774 1.7418450 1.9455962 2.5552975 2.0281277 2.3831755 2.5281389 2.4311282 3.1026749 3.1026749 2.8477712 2.8477712 2.9974930 2.9974930 3.5536983 3.5536983 2.9789008 2.9833518 2.9833518 2.9230987 3.9356583 2.8061357 2.8684977 2.8684977 3.2042063 3.1033718 2.7908102 3.4278899 2.8373835 
Gfas_gfas1.m1.17040.m1                                             2.4153138 2.4550819 1.3783193 1.2231651 1.1100279 0.5669651 0.5348574 0.4809865 0.6561085 0.3554885 0.3554885 0.3605770 0.3528565 0.4089758 0.5975387 0.0000000 0.8937282 0.9871306 1.0155644 1.0324026 1.0828427 1.1562145 1.1454256 1.7598266 1.3619073 1.4294991 1.3973547 1.3973547 1.3659396 1.3659396 1.4459886 1.5154867 1.3869685 1.5229981 1.3843945 1.5598028 1.9123426 1.5542154 2.1545700 1.6011358 2.0100769 1.6728345 1.6476479 1.4628048 1.5198611 1.4475124 1.7950850 1.7950850 1.9809955 1.6373886 1.6914424 1.4856919 1.9388067 2.2045119 1.8016667 1.6908713 1.8158606 2.6920486 2.0961224 2.1339717 2.8145814 2.2199439 3.4211030 3.4211030 3.2701805 3.2701805 3.3891777 3.3891777 4.0275269 4.0275269 3.2608675 2.8575021 2.8575021 3.1390760 3.9548838 3.7528513 2.9641796 2.9641796 3.0161661 3.4564558 3.1418521 3.4461841 2.8103243 
Hvul_g3998_1                                                       2.4555172 2.0490433 1.5764893 1.1870059 0.8076123 0.9220065 0.9105230 0.7553669 0.8177432 0.7739915 0.7739915 0.7909310 0.7909310 0.5703177 0.8819948 0.8937282 0.0000000 0.8378440 0.8449641 0.8053883 0.6742663 0.8861911 1.1520237 2.1194629 1.3255387 1.3870544 1.3195199 1.3195199 1.3503860 1.3503860 1.7196124 1.8116508 1.5552820 1.8091165 1.4721979 1.6572724 2.0489248 1.8416670 1.7081376 2.0452678 2.3202183 2.2711383 2.0782879 1.9123805 2.0563538 1.8893118 2.2114815 2.2114815 1.9874706 2.2901350 1.9419575 2.0073415 2.1365336 2.5496559 2.1161703 2.1500129 2.0078087 2.3532901 2.3867039 2.4981173 2.6892717 2.1835766 3.9144657 3.9144657 3.5638505 3.5638505 3.8871616 3.8871616 4.7575774 4.7575774 3.9302726 3.5194181 3.5194181 3.8398921 4.7315779 3.8916249 3.2064637 3.2064637 3.5472361 3.5694469 3.4727644 3.0508203 3.8694305 
Nemnom_g5497.t1                                                    2.4370224 2.2805633 1.7093853 1.3572654 0.8193404 1.1235961 1.0818627 1.1980255 1.2743632 1.0195039 1.0769242 1.0380422 1.0380422 0.6335529 1.0253728 0.9871306 0.8378440 0.0000000 0.1598290 0.3561443 0.4317383 1.0782199 1.2700749 1.5865977 1.5275765 1.5752623 1.5578178 1.5578178 1.6282742 1.6282742 1.5386678 1.6684618 1.6050832 1.8570811 1.4036067 1.4593799 2.0059244 1.6135328 1.8002008 2.2929372 2.4575931 2.3651700 1.7910589 2.3111522 2.0972941 1.7012299 2.5770814 2.5770814 2.4412480 2.1345870 2.3582105 2.4389158 2.4436262 2.5844618 2.1327884 2.2234400 1.8798156 2.7918313 2.5099903 2.4747191 2.4107232 2.0878667 3.5010708 3.5010708 3.2724649 3.2724649 3.3525434 3.3525434 3.8977670 3.8977670 4.0560101 3.5002559 3.5002559 3.7174123 4.5562394 3.3100675 3.3854321 3.3854321 3.5428866 3.0979549 3.4568010 3.7065036 3.4635280 
Rhoesc_Res_007847-T1                                               2.2384957 1.9464529 1.5738902 1.4341498 0.7950546 1.0957254 1.0706052 1.1638998 1.3534292 1.0109880 1.0689709 1.0296391 1.0296391 0.5913934 0.9668464 1.0155644 0.8449641 0.1598290 0.0000000 0.3139885 0.4589383 1.0986790 1.2146036 1.7371496 1.2846949 1.3419474 1.3097450 1.3097450 1.5043322 1.5043322 1.5441360 1.4431654 1.5697912 1.8436882 1.5904944 1.4770984 1.9270981 1.7709285 1.8564582 2.2076739 2.1660748 2.3788332 1.6484281 2.2104338 2.0867558 1.7796118 2.4800899 2.4800899 2.3121766 2.0670856 2.1534915 2.4595736 2.2663678 2.4135596 2.0040619 2.2264375 1.8564310 2.8142534 2.4177692 2.5082666 2.3299365 1.9693611 3.6065859 3.6065859 3.4276464 3.4276464 3.5278250 3.5278250 4.1397108 4.1397108 4.2562079 3.4754331 3.4754331 3.7966493 4.7078589 3.7377460 3.5986775 3.5986775 3.8332511 3.2893715 3.5497775 3.5103293 3.5163341 
Aaur_scaffold44.g16.t1                                             2.3933611 2.1429566 1.4064260 1.2153996 0.7051773 0.9814820 0.9612515 1.0851012 1.1233025 1.0065606 1.0628029 1.0044314 1.0044314 0.5477768 0.9462128 1.0324026 0.8053883 0.3561443 0.3139885 0.0000000 0.4617824 1.1069629 1.1641305 1.7223847 1.3640725 1.4326625 1.5187988 1.5187988 1.4245815 1.4245815 1.5819824 1.5347522 1.4981296 1.6690499 1.3285291 1.6965029 1.6180854 1.5025639 1.6601879 2.1038164 2.1140479 2.1233657 1.7610587 2.0563708 2.0142551 1.6759108 2.3390585 2.3390585 2.1975758 2.0632410 2.0361101 2.3457514 2.3596248 2.6016248 2.0470554 2.3226649 2.0486411 2.6270768 2.4531097 2.2190417 2.3889768 1.8667572 3.1867614 3.1867614 3.1095775 3.1095775 3.1762265 3.1762265 3.6529623 3.6529623 3.8685351 3.3979382 3.3979382 3.4591259 4.4354200 2.8712661 2.9529405 2.9529405 2.9058051 2.8559044 3.1241393 3.2544060 3.7417063 
Sanmal_Sma_015071-T1                                               2.7777261 2.4734984 1.4751140 1.3416709 0.7385277 1.1282535 1.1008534 1.1236350 1.1950726 0.9744036 1.0266251 0.9784483 0.9784483 0.5699051 0.9358561 1.0828427 0.6742663 0.4317383 0.4589383 0.4617824 0.0000000 1.1041508 1.2846530 1.5509184 1.4020850 1.4460421 1.5002343 1.5002343 1.5528062 1.5528062 1.4435722 1.5651162 1.4670873 1.6617306 1.5362850 1.6385991 2.1347054 1.7372275 1.8408716 1.9382117 2.4284874 2.2344583 1.7815254 2.0131851 2.0388797 1.6495393 2.3780546 2.3780546 2.1326604 1.9971074 2.0157328 2.1932735 2.3711942 2.2827409 2.1975802 2.1630853 1.9876138 2.5389028 2.2687059 2.2638047 2.2877757 2.2562435 3.7785807 3.7785807 3.4072713 3.4072713 3.5683460 3.5683460 4.1677545 4.1677545 3.9876342 3.6983792 3.6983792 3.7352169 4.6105024 3.5285971 3.2617623 3.2617623 3.4430654 3.0781241 3.6150793 3.2130111 3.7039969 
Dgig_XM_028551871.1                                                2.1907380 2.1386666 1.4496700 1.1057751 1.0530618 0.9563641 0.9699965 1.0990430 1.1845031 1.2217468 1.2943346 1.1912250 1.1912250 0.6225676 0.8228247 1.1562145 0.8861911 1.0782199 1.0986790 1.1069629 1.1041508 0.0000000 0.2488399 1.8670871 1.1879301 1.2301316 1.3757502 1.3757502 1.2680308 1.2680308 1.3210549 1.4832770 1.3872500 1.6733915 1.3252999 1.6392524 1.9651623 1.4714846 1.9448612 1.8776018 1.9461940 1.7720345 1.5450068 1.8098967 1.8703664 2.0430881 1.8833470 1.8833470 2.0356194 1.7599971 1.8300467 1.8611282 1.9886891 2.3728110 1.8759180 2.2574293 2.5003362 2.5705990 2.2616408 2.4995936 2.4797154 1.9519730 3.1319582 3.1319582 3.0393005 3.0393005 3.0669662 3.0669662 3.6622484 3.6622484 3.3398399 2.8709814 2.8709814 3.1682559 4.2075621 3.3823022 2.6161928 2.6161928 2.6456263 2.8846925 2.5420003 3.1405154 3.4515417 
Xesp_008306-T1                                                     2.4744370 2.5200661 1.6348118 1.1705732 1.1444834 1.1200525 1.1553087 1.4253867 1.4260684 1.1332269 1.2003269 1.1043531 1.1043531 0.6849864 0.8017518 1.1454256 1.1520237 1.2700749 1.2146036 1.1641305 1.2846530 0.2488399 0.0000000 1.7594435 1.3140168 1.3580953 1.5567366 1.5567366 1.2933616 1.2933616 1.4467214 1.6675062 1.2845366 1.6676293 1.2802006 1.7899581 2.0740430 1.5842928 2.0870764 2.1712018 1.9851786 2.0587783 1.6903918 1.8067840 1.9027152 2.1215668 1.9940515 1.9940515 2.3397249 1.9248787 1.8197640 1.7305874 1.9629982 2.3418273 1.9808205 2.2804297 2.5943915 2.3874279 2.2929659 2.5428460 2.5846913 1.9355169 3.4066430 3.4066430 3.6765515 3.6765515 3.7493670 3.7493670 4.6165549 4.6165549 3.5877953 3.0457002 3.0457002 3.4400390 4.4800096 4.0184852 2.9937879 2.9937879 3.1901109 3.2550821 3.0103457 3.6012173 3.2229488 
Tetwil_g20412.t1                                                   2.7359421 2.9626946 1.0117915 0.9167615 1.6238631 1.5188344 1.4497956 1.5209400 1.6919600 1.6605932 1.6605932 1.5881576 1.5490306 1.1945541 1.5391797 1.7598266 2.1194629 1.5865977 1.7371496 1.7223847 1.5509184 1.8670871 1.7594435 0.0000000 1.0930784 1.0997749 1.1756562 1.1756562 1.0213138 1.0213138 1.2618233 1.6157029 1.5239736 1.8158758 1.3183795 1.4671314 2.0181403 1.5612353 1.8087451 1.4842493 1.8200068 1.6537942 1.4813342 1.3804204 1.7223997 1.2077754 1.8600392 1.8600392 1.8574780 1.4091329 1.1917692 1.4202836 1.6285502 1.6652880 1.4956110 1.3729662 2.0380922 2.8445350 1.4037642 2.1799265 2.3980256 2.3648404 3.0620233 3.0620233 2.8677330 2.8677330 2.9629653 2.9629653 3.3510183 3.3510183 2.7168414 2.8131798 2.8131798 2.5739582 3.5714066 3.1948062 2.8403220 2.8403220 2.9207694 2.7421415 2.8980287 2.9536707 2.4720425 
HoiH23_PlH23_002485-RA                                             2.1606191 2.0722620 1.0870989 1.0878478 1.3476431 1.0549155 1.0606480 1.1255362 1.1146436 1.1557961 1.1557961 1.1755617 1.1755617 0.7875654 1.1008564 1.3619073 1.3255387 1.5275765 1.2846949 1.3640725 1.4020850 1.1879301 1.3140168 1.0930784 0.0000000 0.0181615 0.1004806 0.1004806 0.1990567 0.1990567 1.2444853 1.2397523 1.0340601 1.3730183 1.2996156 1.4403200 1.8631999 1.3955647 1.7513276 1.2450494 1.3951795 1.4661093 1.3125909 1.1189099 1.3785452 1.3097552 1.4087748 1.4087748 1.5535627 1.2918565 1.2064934 1.1749147 1.0141178 1.7995911 1.3887711 1.5207199 1.9332925 2.2062545 1.4886059 2.2034493 1.9867104 2.1075324 2.7714291 2.7714291 2.7499891 2.7499891 2.8885352 2.8885352 3.4173012 3.4173012 2.9148022 2.8830554 2.8830554 2.4237584 3.5150195 3.1486000 2.5060435 2.5060435 2.6897433 2.4965195 2.4589506 2.7228735 2.6322968 
HoiH06_mRNA4411                                                    2.1654244 2.1844126 1.1393842 1.1234968 1.3297439 1.1083995 1.1139652 1.1822641 1.1697678 1.1835657 1.1835657 1.2036765 1.2036765 0.8175973 1.1566552 1.4294991 1.3870544 1.5752623 1.3419474 1.4326625 1.4460421 1.2301316 1.3580953 1.0997749 0.0181615 0.0000000 0.1005569 0.1005569 0.1886096 0.1886096 1.2282033 1.2452208 1.0670867 1.3754522 1.3650483 1.4217850 1.8244889 1.4403719 1.7365689 1.2222496 1.3930712 1.4867290 1.3603854 1.1830618 1.4300950 1.3603744 1.3884464 1.3884464 1.5511429 1.3643782 1.2812259 1.2235926 1.0715143 1.7095703 1.4333486 1.5311517 1.9477817 2.2339717 1.5177148 2.2092336 2.0318770 2.1037422 2.6785112 2.6785112 2.7117276 2.7117276 2.8461284 2.8461284 3.3585448 3.3585448 2.8307697 2.9210323 2.9210323 2.3779327 3.4411099 3.0395004 2.4227832 2.4227832 2.7618128 2.4493113 2.4072871 2.6467120 2.6325677 
Hhon_g01612.t1                                                     2.2312286 2.1534286 1.1291412 1.1211460 1.2984748 1.2337793 1.2079463 1.2639989 1.3320431 1.2710527 1.2710527 1.2920021 1.2920021 0.8076438 1.2293289 1.3973547 1.3195199 1.5578178 1.3097450 1.5187988 1.5002343 1.3757502 1.5567366 1.1756562 0.1004806 0.1005569 0.0000000 0.0000010 0.1964954 0.1964954 1.2461879 1.2587787 1.0744908 1.4041413 1.4777897 1.4231493 1.8253752 1.4367526 1.7577919 1.2674022 1.4221797 1.5115400 1.3120906 1.1985175 1.5444133 1.3244755 1.4677731 1.4677731 1.6352746 1.3960963 1.3293661 1.3310956 1.0452019 1.7404632 1.3808091 1.5267909 1.9189835 2.4232132 1.4832749 2.3089354 2.1943373 2.1065958 2.7746682 2.7746682 2.7916573 2.7916573 2.9330014 2.9330014 3.4710377 3.4710377 2.9053446 3.0731552 3.0731552 2.3658243 3.4067696 3.2486578 2.6112747 2.6112747 2.8257558 2.7104078 2.4391213 2.8539303 2.6631403 
HoiH04_mRNA13025                                                   2.2312286 2.1534286 1.1291412 1.1211460 1.2984748 1.2337793 1.2079463 1.2639989 1.3320431 1.2710527 1.2710527 1.2920021 1.2920021 0.8076438 1.2293289 1.3973547 1.3195199 1.5578178 1.3097450 1.5187988 1.5002343 1.3757502 1.5567366 1.1756562 0.1004806 0.1005569 0.0000010 0.0000000 0.1964954 0.1964954 1.2461879 1.2587787 1.0744908 1.4041413 1.4777897 1.4231493 1.8253752 1.4367526 1.7577919 1.2674022 1.4221797 1.5115400 1.3120906 1.1985175 1.5444133 1.3244755 1.4677731 1.4677731 1.6352746 1.3960963 1.3293661 1.3310956 1.0452019 1.7404632 1.3808091 1.5267909 1.9189835 2.4232132 1.4832749 2.3089354 2.1943373 2.1065958 2.7746682 2.7746682 2.7916573 2.7916573 2.9330014 2.9330014 3.4710377 3.4710377 2.9053446 3.0731552 3.0731552 2.3658243 3.4067696 3.2486578 2.6112747 2.6112747 2.8257558 2.7104078 2.4391213 2.8539303 2.6631403 
TrH2_TrispH2_002697-RA                                             2.2240474 2.3275872 1.0301204 1.0542358 1.1985146 1.1682125 1.1767058 1.2825121 1.2608300 1.2032102 1.2032102 1.2238776 1.2238776 0.8218998 1.2738521 1.3659396 1.3503860 1.6282742 1.5043322 1.4245815 1.5528062 1.2680308 1.2933616 1.0213138 0.1990567 0.1886096 0.1964954 0.1964954 0.0000000 0.0000010 1.2033734 1.2946876 1.0411267 1.3739798 1.4962021 1.4517520 1.7686953 1.5285749 1.6961406 1.2002694 1.4010687 1.2818754 1.2194474 1.1836654 1.4771586 1.3643244 1.3984800 1.3984800 1.4120916 1.1785838 1.2334280 1.1573508 1.0839098 1.6407513 1.2124845 1.3974177 1.9492152 2.1768129 1.3093650 2.1618041 2.2127585 2.0967917 2.8248069 2.8248069 2.6753344 2.6753344 2.8061507 2.8061507 3.3033411 3.3033411 2.7793905 2.9269463 2.9269463 2.3682723 3.4053865 3.0572377 2.5290276 2.5290276 2.7410045 2.6099843 2.6055292 2.8764357 2.7522423 
Tadh_TriadT53518                                                   2.2240474 2.3275872 1.0301204 1.0542358 1.1985146 1.1682125 1.1767058 1.2825121 1.2608300 1.2032102 1.2032102 1.2238776 1.2238776 0.8218998 1.2738521 1.3659396 1.3503860 1.6282742 1.5043322 1.4245815 1.5528062 1.2680308 1.2933616 1.0213138 0.1990567 0.1886096 0.1964954 0.1964954 0.0000010 0.0000000 1.2033734 1.2946876 1.0411267 1.3739798 1.4962021 1.4517520 1.7686953 1.5285749 1.6961406 1.2002694 1.4010687 1.2818754 1.2194474 1.1836654 1.4771586 1.3643244 1.3984800 1.3984800 1.4120916 1.1785838 1.2334280 1.1573508 1.0839098 1.6407513 1.2124845 1.3974177 1.9492152 2.1768129 1.3093650 2.1618041 2.2127585 2.0967917 2.8248069 2.8248069 2.6753344 2.6753344 2.8061507 2.8061507 3.3033411 3.3033411 2.7793905 2.9269463 2.9269463 2.3682723 3.4053865 3.0572377 2.5290276 2.5290276 2.7410045 2.6099843 2.6055292 2.8764357 2.7522423 
Skow_XM_002740417.2                                                3.0331304 2.8431754 1.2942976 0.9230283 1.4396171 1.4716568 1.4793575 1.4807962 1.6004742 1.5291823 1.5291823 1.4886224 1.4886224 1.0877468 1.3886921 1.4459886 1.7196124 1.5386678 1.5441360 1.5819824 1.4435722 1.3210549 1.4467214 1.2618233 1.2444853 1.2282033 1.2461879 1.2461879 1.2033734 1.2033734 0.0000000 1.2335853 0.8251652 1.0237557 1.1593443 1.2371437 1.4569930 1.2595135 1.4654315 1.9118616 2.4379947 2.2841021 2.1563240 1.7134898 2.1260681 1.9114094 2.4642623 2.4642623 2.5533997 1.8966606 2.3982351 2.2399746 1.9791223 2.4953865 2.0124348 2.0499182 2.3035421 2.8028559 2.7688288 2.5564435 2.3339977 1.8282063 3.6603670 3.6603670 3.1437828 3.1437828 3.3353909 3.3353909 3.8758887 3.8758887 3.4553503 3.4220728 3.4220728 3.3904639 5.0594883 3.2840350 3.1586366 3.1586366 3.2141257 2.9319360 3.4067369 3.4960050 4.4866066 
Acagra_model.g12889.t1                                             2.5886519 2.6555789 1.3344898 1.1326419 1.7350436 1.2482449 1.2884340 1.4798370 1.4241774 1.5478184 1.5478184 1.5717432 1.5717432 0.9186755 1.4778544 1.5154867 1.8116508 1.6684618 1.4431654 1.5347522 1.5651162 1.4832770 1.6675062 1.6157029 1.2397523 1.2452208 1.2587787 1.2587787 1.2946876 1.2946876 1.2335853 0.0000000 1.0259619 1.3312627 1.5900792 1.4856189 1.7043995 1.5783548 1.7945278 2.0036212 2.2133254 1.8251079 1.7928170 1.6339373 1.8671697 1.7300783 1.9885532 1.9885532 2.0943012 1.8897512 1.7964796 1.8510827 1.8315688 2.2138657 1.8571673 1.9296742 2.1632627 1.9884147 2.2073851 1.9863986 2.0621755 1.7941613 3.3492112 3.3492112 2.8391651 2.8391651 3.1620300 3.1620300 3.7365992 3.7365992 2.9307309 2.9758265 2.9758265 3.0462881 4.0589440 3.9928019 2.6271529 2.6271529 2.6995047 3.3755106 2.8970917 3.0819138 2.8866260 
Ctel_gnl_WGS_AMQN_CAPTEDRAFT_mRNA103979                            2.0209827 2.0931286 1.0533123 1.0152375 1.5061037 1.3551642 1.2814245 1.4513088 1.3207024 1.3229241 1.3229241 1.2767740 1.2767740 1.3550912 1.2596215 1.3869685 1.5552820 1.6050832 1.5697912 1.4981296 1.4670873 1.3872500 1.2845366 1.5239736 1.0340601 1.0670867 1.0744908 1.0744908 1.0411267 1.0411267 0.8251652 1.0259619 0.0000000 0.0651596 1.1591592 1.1307631 1.5913569 1.2627784 1.4444073 1.7551015 1.9829370 1.9090148 1.9542504 1.8116581 1.9876732 1.6628207 1.9463176 1.9463176 1.8276046 1.7738356 2.0945982 1.7537445 1.6470173 2.2795872 2.0285152 1.6945460 1.8430735 1.9467129 2.1472354 2.0136854 1.7499269 2.2113087 3.4206171 3.4206171 2.9193393 2.9193393 3.1345166 3.1345166 4.0422613 4.0422613 2.7353294 3.1116814 3.1116814 3.1185928 4.7874894 3.3931387 2.6477956 2.6477956 2.3687428 2.6593337 3.7099969 3.2353080 3.1840995 
Ctel_gnl_WGS_AMQN_CAPTEDRAFT_mRNA105534                            2.7884156 2.9785684 1.2544195 1.0757994 1.8407299 1.6111615 1.5159900 1.5925645 1.5618711 1.6316552 1.6316552 1.5734478 1.5734478 1.2431161 1.4601833 1.5229981 1.8091165 1.8570811 1.8436882 1.6690499 1.6617306 1.6733915 1.6676293 1.8158758 1.3730183 1.3754522 1.4041413 1.4041413 1.3739798 1.3739798 1.0237557 1.3312627 0.0651596 0.0000000 1.4286258 1.4003025 1.5518010 1.3942601 2.0599176 2.0660022 2.5142092 2.1665365 2.4250894 2.2600040 2.3436453 2.0535992 2.3254181 2.3254181 2.4260462 2.1830156 2.4145694 2.1248630 2.0396270 2.6134968 2.7847106 1.8459753 1.9337190 2.8228430 2.8511815 2.3289557 2.4718666 2.3920047 3.9549794 3.9549794 3.7431624 3.7431624 3.9789332 3.9789332 4.8646942 4.8646942 3.4662135 3.9992380 3.9992380 3.6725518 5.1356020 3.5487046 3.0891971 3.0891971 3.1352481 3.0597600 3.8183991 3.7748208 3.1840995 
Bralan_BLAG09001074_3                                              2.7042354 2.3053501 1.4879148 1.1409469 1.3787754 1.2983004 1.3335897 1.4014472 1.4805611 1.4523700 1.5461663 1.4681103 1.4681103 1.1636106 1.2999554 1.3843945 1.4721979 1.4036067 1.5904944 1.3285291 1.5362850 1.3252999 1.2802006 1.3183795 1.2996156 1.3650483 1.4777897 1.4777897 1.4962021 1.4962021 1.1593443 1.5900792 1.1591592 1.4286258 0.0000000 1.4418633 1.5114108 1.3282782 1.5359373 2.3503483 2.2540971 2.1127906 1.9379221 1.7055841 1.9261791 1.5153752 2.2253496 2.2253496 2.3716227 1.9468149 1.6624621 2.0534768 1.9118215 2.3863505 2.2053449 2.1957663 2.5226987 2.7715055 2.2318794 2.5151669 2.0477762 1.9885292 3.2635470 3.2635470 3.5039949 3.5039949 3.6825192 3.6825192 4.1700534 4.1700534 3.1804006 3.1777638 3.1777638 3.4283875 5.0373753 3.2934737 3.1205313 3.1205313 3.1608428 3.6511823 3.3542297 3.2381832 3.5912128 
Hsap_ENST00000372945                                               2.0475984 2.1332113 1.5286303 1.2112716 1.4766880 1.5439789 1.5239956 1.6140863 1.6498576 1.7644810 1.8733328 1.7829487 1.7829487 1.1747533 1.7006385 1.5598028 1.6572724 1.4593799 1.4770984 1.6965029 1.6385991 1.6392524 1.7899581 1.4671314 1.4403200 1.4217850 1.4231493 1.4231493 1.4517520 1.4517520 1.2371437 1.4856189 1.1307631 1.4003025 1.4418633 0.0000000 1.9309485 1.6585520 1.7324612 1.8856034 2.2507925 2.0579233 1.6523125 2.0466153 2.1000854 1.6407745 1.9290703 1.9290703 2.1005578 1.9879508 1.7667931 1.6526059 2.4376170 1.7197270 1.7946890 1.4992594 1.7695465 2.2859897 2.0488274 2.0859563 2.4062982 1.4442980 3.1358805 3.1358805 3.0980199 3.0980199 3.1378721 3.1378721 3.6607782 3.6607782 3.2553174 2.8948589 2.8948589 3.2507395 4.7441886 2.8384240 3.1469858 3.1469858 3.4248328 3.1017879 3.0935980 3.0431124 3.2187410 
Cscu_XM_023356676.1                                                2.4952981 2.6244124 1.6120285 1.6892884 1.7465893 1.9880357 1.9346943 1.9921173 2.0610196 1.8727195 1.8727195 1.8995449 1.8995449 1.7560897 1.9238951 1.9123426 2.0489248 2.0059244 1.9270981 1.6180854 2.1347054 1.9651623 2.0740430 2.0181403 1.8631999 1.8244889 1.8253752 1.8253752 1.7686953 1.7686953 1.4569930 1.7043995 1.5913569 1.5518010 1.5114108 1.9309485 0.0000000 1.0917254 1.7257093 3.0927021 2.6359743 2.8179371 2.5541831 2.6411325 2.8060024 2.8026605 3.1141282 3.1141282 3.3921449 2.6133145 2.4405743 3.0190503 2.7979817 3.4244271 2.7927844 2.4570902 2.1088259 3.0510093 3.1801190 2.9811438 2.5610343 1.8753722 3.5507919 3.5507919 3.3955678 3.3955678 3.7549335 3.7549335 4.3672549 4.3672549 3.1397276 3.0722670 3.0722670 3.0926104 4.2319431 3.9189837 2.6313768 2.6313768 2.3846307 2.6230592 3.0449509 3.7120431 2.9087147 
Tcas_TC009884_001                                                  2.5264037 2.9023234 1.3355159 1.3987178 1.6461544 1.5366445 1.4871868 1.6559456 1.6897759 1.6803356 1.7955935 1.6237621 1.6237621 1.3528684 1.8347426 1.5542154 1.8416670 1.6135328 1.7709285 1.5025639 1.7372275 1.4714846 1.5842928 1.5612353 1.3955647 1.4403719 1.4367526 1.4367526 1.5285749 1.5285749 1.2595135 1.5783548 1.2627784 1.3942601 1.3282782 1.6585520 1.0917254 0.0000000 1.4177107 2.3229476 2.2418015 2.2372615 1.8211076 1.9528417 2.0283048 1.9925718 2.1995707 2.1995707 2.5514892 2.0442787 1.9358515 1.8440561 2.4160483 2.5365425 2.1222436 1.7030478 1.9713763 1.9897664 2.3085727 2.6584532 2.1398613 1.8478385 3.1666714 3.1666714 2.8856781 2.8856781 3.0574214 3.0574214 3.5409449 3.5409449 3.2146328 3.2328236 3.2328236 2.8613825 3.4927765 3.3070085 2.3194777 2.3194777 2.3584709 2.3661792 3.2916697 3.0705525 4.2060972 
Dpul_mRNA11653                                                     2.6657246 2.9994220 1.7358846 1.6286738 1.8271140 1.9884096 2.0043382 2.1114916 2.1347709 2.1243841 2.1089695 2.0480640 2.0480640 1.4331250 2.3656522 2.1545700 1.7081376 1.8002008 1.8564582 1.6601879 1.8408716 1.9448612 2.0870764 1.8087451 1.7513276 1.7365689 1.7577919 1.7577919 1.6961406 1.6961406 1.4654315 1.7945278 1.4444073 2.0599176 1.5359373 1.7324612 1.7257093 1.4177107 0.0000000 1.8878311 1.8303077 2.0113194 1.7617321 1.9747670 2.0647512 1.9816735 2.4242256 2.4242256 2.6372683 2.0274444 1.9988071 1.9261919 2.3996991 2.7719070 2.4081209 1.6283896 1.5629003 2.5972828 2.2799060 2.5466504 2.6524438 2.1287804 3.1220259 3.1220259 2.8997485 2.8997485 3.2041954 3.2041954 3.5899560 3.5899560 3.4389253 3.3424478 3.3424478 3.5541518 4.3195173 3.0438170 3.7328479 3.7328479 3.8956046 3.2983028 3.3490252 3.2817041 4.1905588 
Salurc_EP00051_Salpingoeca_urceolata_P027887                       3.3784042 2.6881308 1.5889052 1.6215672 1.7588180 1.4584561 1.4758787 1.4538867 1.5683069 1.4937540 1.4937540 1.4745182 1.4745182 1.2118248 1.6517912 1.6011358 2.0452678 2.2929372 2.2076739 2.1038164 1.9382117 1.8776018 2.1712018 1.4842493 1.2450494 1.2222496 1.2674022 1.2674022 1.2002694 1.2002694 1.9118616 2.0036212 1.7551015 2.0660022 2.3503483 1.8856034 3.0927021 2.3229476 1.8878311 0.0000000 0.7504648 0.7279805 0.8724952 0.8075239 0.9168115 0.8179650 0.9413933 0.9413933 0.8977595 0.8211829 0.8535765 0.7787887 0.9692186 1.0838108 1.0848233 1.1496760 1.3279416 1.8466359 1.1528368 1.6397718 2.5973250 2.8022153 3.7260057 3.7260057 3.4395114 3.4395114 3.6599979 3.6599979 4.3657085 4.3657085 3.5408715 4.5159512 4.5159512 3.1753572 4.5356029 2.8922274 3.1778466 3.1778466 3.5021352 3.4618670 3.7536740 2.9346497 2.9941119 
Salinf_EP00049_Salpingoeca_infusionum_P022318                      3.1668860 2.4973831 1.8353832 2.0463380 1.9081666 1.8602864 1.8788502 1.8172720 1.9862384 1.8937813 1.8937813 1.8986339 1.8986339 1.3952031 1.7625398 2.0100769 2.3202183 2.4575931 2.1660748 2.1140479 2.4284874 1.9461940 1.9851786 1.8200068 1.3951795 1.3930712 1.4221797 1.4221797 1.4010687 1.4010687 2.4379947 2.2133254 1.9829370 2.5142092 2.2540971 2.2507925 2.6359743 2.2418015 1.8303077 0.7504648 0.0000000 0.6763974 0.5978746 0.6555653 0.6586197 0.9745519 1.0901531 1.0901531 1.1214054 1.0397705 0.8607894 1.0030900 1.1346213 1.3812453 1.0364740 1.2706496 1.4504636 2.1723333 1.1407363 1.2039426 2.3446176 2.4471230 3.4114771 3.4114771 3.3138596 3.3138596 3.3991113 3.3991113 4.0755245 4.0755245 3.4484057 3.7499713 3.7499713 2.6523555 3.9453681 3.3309545 3.0265355 3.0265355 3.2052590 3.0018275 3.4643384 3.3339832 2.5810757 
Choper_EP00045_Choanoeca_perplexa_P012084                          2.7364810 2.1174012 1.7715132 1.7498065 1.9549037 1.6075095 1.6254654 1.6460961 1.6953920 1.6551672 1.6551672 1.6531283 1.6531283 1.4172231 1.7708328 1.6728345 2.2711383 2.3651700 2.3788332 2.1233657 2.2344583 1.7720345 2.0587783 1.6537942 1.4661093 1.4867290 1.5115400 1.5115400 1.2818754 1.2818754 2.2841021 1.8251079 1.9090148 2.1665365 2.1127906 2.0579233 2.8179371 2.2372615 2.0113194 0.7279805 0.6763974 0.0000000 0.4062893 0.6216471 0.6363558 0.9865963 1.2205790 1.2205790 1.1919790 1.0234251 1.1632986 1.1348262 1.0646852 1.4850261 1.0497557 1.4075620 1.5465521 1.8584505 1.3036998 1.0224591 2.0395155 2.6965680 3.1189330 3.1189330 2.9475392 2.9475392 3.0458931 3.0458931 3.8567581 3.8567581 3.2043527 3.3083517 3.3083517 2.5126526 3.6114087 3.2327375 2.8204585 2.8204585 2.8906710 2.6884225 3.1818253 2.7815501 2.6033774 
Chofle_EP00730_Choanoeca_flexa_P013209                             2.8347485 1.9152230 1.6405333 1.7014045 1.4115732 1.5143883 1.5352017 1.6326490 1.7115361 1.5411180 1.5411180 1.5679525 1.5679525 1.2115573 1.5787507 1.6476479 2.0782879 1.7910589 1.6484281 1.7610587 1.7815254 1.5450068 1.6903918 1.4813342 1.3125909 1.3603854 1.3120906 1.3120906 1.2194474 1.2194474 2.1563240 1.7928170 1.9542504 2.4250894 1.9379221 1.6523125 2.5541831 1.8211076 1.7617321 0.8724952 0.5978746 0.4062893 0.0000000 0.5631144 0.5609906 0.7552876 1.0837122 1.0837122 1.0575492 0.8383291 0.8558896 0.8569004 0.9875860 1.1982190 0.7223126 1.3975324 1.3182016 1.6188342 1.0623045 0.9669021 1.8257163 2.3354625 3.2970062 3.2970062 3.1702385 3.1702385 3.2843228 3.2843228 4.2216139 4.2216139 3.4416588 3.3172767 3.3172767 2.5952758 3.8325273 3.6020598 3.1436667 3.1436667 3.2558881 3.1066411 3.3896811 3.0767871 2.5938721 
Microa_EP00043_Microstomoeca_roanoka_P025457                       3.2990581 2.0166680 1.5922780 1.4327885 1.7192395 1.3844766 1.3906369 1.3877174 1.5460047 1.4335783 1.5627041 1.4369891 1.4369891 1.2704395 1.3938599 1.4628048 1.9123805 2.3111522 2.2104338 2.0563708 2.0131851 1.8098967 1.8067840 1.3804204 1.1189099 1.1830618 1.1985175 1.1985175 1.1836654 1.1836654 1.7134898 1.6339373 1.8116581 2.2600040 1.7055841 2.0466153 2.6411325 1.9528417 1.9747670 0.8075239 0.6555653 0.6216471 0.5631144 0.0000000 0.2993339 0.8041435 1.1116382 1.1116382 1.0620430 0.8166703 0.9890246 1.0084131 0.8791126 1.1814754 0.9534445 1.3306189 1.5817172 1.7446171 1.2678002 1.2952968 2.0886046 2.5662342 3.2138049 3.2138049 3.1915948 3.1915948 3.6218682 3.6218682 4.2099764 4.2099764 3.1651026 3.0833567 3.0833567 2.6587579 3.7905797 3.2735837 2.6281498 2.6281498 2.5780299 3.1183181 3.2160582 3.0907026 2.9501412 
