84
Emue_Em0008g425a.t1                               0.0000000 0.0049002 0.0973007 0.6295869 0.4840638 0.9480143 0.9293361 0.9667191 0.9948606 1.0875128 0.9271457 1.0203306 0.8792872 0.8880993 1.0099785 1.0059607 0.8430779 0.8885801 1.4576008 0.8593285 0.8961914 0.9066661 1.0888365 0.9968515 0.9911794 0.9801267 1.1069662 1.0781401 0.9577957 1.2547385 1.0368450 1.1617787 1.0186675 1.1996551 1.0545009 1.0161181 1.1139670 1.1511580 1.0723663 1.1242338 1.4303593 1.4498756 1.4366488 1.4153959 1.3827773 1.3906389 1.4784982 1.3386637 1.2189923 1.6863622 1.4533985 1.4545364 1.4607521 1.4607521 1.4687780 1.3133577 1.5323522 1.5323522 1.4376526 1.5181618 1.4296475 1.9920481 2.3947958 2.3947958 1.9471283 2.0004323 2.2319488 1.7389436 2.0732462 2.6070215 2.0667878 2.0794053 2.1080480 2.3059685 2.5557209 3.2537732 2.8862506 2.8182242 3.3717013 2.8412353 2.5694826 3.2703140 2.6806946 4.2722653 
Emue_Em0030g39a.t1                                0.0049002 0.0000000 0.0916325 0.6291384 0.4840638 0.9370833 0.9183472 0.9667191 0.9829392 1.0749971 0.9154814 1.0217461 0.8685617 0.8764528 0.9956690 0.9919434 0.8430779 0.8753828 1.4426475 0.8463761 0.8844409 0.8950607 1.0717970 0.9841393 0.9788422 0.9685842 1.1195691 1.0904834 0.9708934 1.2496366 1.0491005 1.1673282 1.0311479 1.2128989 1.0666566 1.0278673 1.1262825 1.1647869 1.0723663 1.1295559 1.4151124 1.4340176 1.4211512 1.4001599 1.3675034 1.3755799 1.4626003 1.3226148 1.2047518 1.6762006 1.4380252 1.4391507 1.4592409 1.4592409 1.4672986 1.3119031 1.5107931 1.5107931 1.4222942 1.5017647 1.4311098 1.9710794 2.3943527 2.3943527 1.9484342 1.9928325 2.2308617 1.7596634 2.0720831 2.6040275 2.0647508 2.0562033 2.1068643 2.3037510 2.5615617 3.2509015 2.8513462 2.8155315 3.3701611 2.8400481 2.5689373 3.2586325 2.6504833 4.2140379 
Spolac_c101871_g3_i1_m.27070c101871-g3            0.0973007 0.0916325 0.0000000 0.6048018 0.4793458 0.8389721 0.8832336 0.9209662 0.9142128 1.0124619 0.8708503 0.9821783 0.8423346 0.8491140 0.9224129 0.9274954 0.7748514 0.8639097 1.4083833 0.7974572 0.8292910 0.8513329 1.0558501 0.9253162 0.9077462 0.9429019 1.0766005 1.0230520 0.9523960 1.1394601 1.0417067 1.0622889 0.9929416 1.1049471 1.0025483 0.9476080 1.0440080 1.0856097 1.0534657 1.0526449 1.3231276 1.3776916 1.3067779 1.2809862 1.2713259 1.2807297 1.3608981 1.2318465 1.1978709 1.5808065 1.2916664 1.2876812 1.3760099 1.3760099 1.3558752 1.2613795 1.3781645 1.3781645 1.2420069 1.4355903 1.2844032 1.7909964 2.2538465 2.2538465 1.8589224 1.9276870 2.1015302 1.6487814 1.9215253 2.4597297 2.0121868 1.9692742 2.0217456 2.2907368 2.4341829 3.1450519 2.6360411 2.7688797 3.3510782 2.6645496 2.4929022 3.1539544 2.7023625 4.0858704 
Tetwil_g1231.t1                                   0.6295869 0.6291384 0.6048018 0.0000000 0.1509085 0.8030203 0.9003760 0.9726135 0.9639225 1.0670764 0.9327705 0.9552810 0.9552912 0.8341562 1.0139314 0.8916389 0.6663273 0.9401171 1.2337419 0.8182270 0.9165412 0.8829028 1.1766762 1.0908801 1.1126395 1.0345383 0.9896342 0.9708638 1.0116954 1.0911852 1.0362219 1.1934595 1.0962997 1.1906766 1.2003937 1.1092345 1.1136703 1.1600757 0.9234448 1.0917976 1.2262330 1.2565279 1.4726559 1.5038471 1.4328110 1.4250969 1.4553203 1.4078477 1.3533492 1.6710365 1.6980576 1.6931182 1.6261500 1.6261500 1.5927293 1.3492084 1.6753269 1.6753269 1.5316069 1.6794702 1.5566881 2.1889567 2.4500624 2.4500624 1.8526309 1.9385677 2.2960504 1.6777863 2.0233642 2.2338862 1.8103046 1.8532454 2.0843173 2.5938561 2.5431624 2.9891122 2.7711252 2.5049557 3.4268239 2.7268237 2.4499610 3.2139144 2.2995866 4.0313082 
Stycar_maker-SC_scaffold5602-snap-gene-0.5-mRNA-1 0.4840638 0.4840638 0.4793458 0.1509085 0.0000000 0.6014253 0.6257370 0.6174989 0.6395681 0.6991927 0.6324895 0.6443673 0.6766565 0.6841552 0.7059592 0.6636808 0.6733898 0.6819545 0.9767915 0.6698291 0.6698291 0.7183630 0.5822443 0.8987397 0.9451623 0.6402126 0.7087101 0.6976923 0.7130662 0.7406776 0.7700513 0.7915097 0.7984443 0.8096017 0.8311930 0.7150581 0.7417254 0.9153026 0.8510573 0.6887054 1.0082955 0.8061172 1.0613080 1.0879570 1.0148681 1.0484384 0.9920283 0.8125525 0.9341208 0.8525523 1.2049664 1.2316133 1.2065235 1.2065235 1.1881585 1.0223775 1.2285598 1.2285598 1.2219343 1.1790313 1.0686922 2.4075140 1.9911115 1.9911115 1.7867521 2.0273243 2.2939649 1.5914547 1.9525906 4.5671881 1.7277052 1.8803635 1.8041457 2.5462859 2.5958120 2.6622572 3.0821308 2.2901659 3.7217232 2.7323425 2.5634639 3.4919417 2.7837637 3.2250468 
Aque_Aqu2.1.26916_001                             0.9480143 0.9370833 0.8389721 0.8030203 0.6014253 0.0000000 0.2834357 1.0747586 1.1574665 1.5043146 1.1295859 1.1134806 1.3113490 0.9961955 1.1687953 1.0078564 0.9587196 1.0435401 1.4596764 0.9966894 1.0563821 1.1732216 1.2110143 1.2816748 1.4118982 1.3053225 1.2848783 1.2398938 1.0874586 1.4848574 1.2762496 1.3711461 1.1994923 1.4341538 1.3293142 1.3758925 1.1784324 1.3715736 1.2218195 1.2284323 1.5147325 1.6575364 1.4314117 1.4699461 1.3877583 1.4363276 1.4603967 1.4334039 1.2899679 2.2371251 1.6891145 1.7518529 1.7005876 1.7005876 1.6417547 1.3257831 1.5350495 1.5350495 1.4820325 1.6966871 1.6167678 2.1271858 3.0328487 3.0328487 2.1021020 2.0999944 2.6105979 2.1413560 2.4711282 3.2137813 2.1918975 2.3754665 2.5740749 2.5756800 2.7637351 2.8433933 2.7042456 2.7954318 3.5977328 2.9403583 2.8601849 3.4579561 2.6782383 4.1958786 
Halamb_c52303_g2_i8mm.4461                        0.9293361 0.9183472 0.8832336 0.9003760 0.6257370 0.2834357 0.0000000 1.1065386 1.1560722 1.2882131 1.0451629 1.0689633 1.2110849 0.9508280 1.1118075 0.9561947 0.9652078 1.0142969 1.4800466 0.9388792 0.9772209 1.1096091 1.1953815 1.1892484 1.2733185 1.1451473 1.2193822 1.2364446 1.0933022 1.3758498 1.2290774 1.4714854 1.2098611 1.4916107 1.3737366 1.4178899 1.3954662 1.3450991 1.1461655 1.3091861 1.4560814 1.7417530 1.3760936 1.4421150 1.3510423 1.3899832 1.4310707 1.3224811 1.2343794 2.0556403 1.7166028 1.7404061 1.5950741 1.5950741 1.6660520 1.3988053 1.6072636 1.6072636 1.6153597 1.7923538 1.5576654 2.1182338 3.0860448 3.0860448 2.2169648 2.1778416 2.6458176 2.0346602 2.5262063 3.0302011 2.0396263 2.4508829 2.3431687 2.5985147 2.8528741 3.1456006 2.8751493 3.0612889 3.7926048 3.2172871 2.9439653 3.5054240 2.7442402 4.3075333 
Skow_XM_006813367.1                               0.9667191 0.9667191 0.9209662 0.9726135 0.6174989 1.0747586 1.1065386 0.0000000 0.5912838 0.6640964 0.5597402 0.5997513 0.6247130 0.7675822 0.7108163 0.8303679 0.5651507 0.7251041 1.1118707 0.7196016 0.7739793 0.8902724 0.9345102 0.8869689 1.0607644 0.6245852 0.8620627 0.8353535 0.8020581 0.8874547 0.7630952 1.0721033 1.0124121 1.0550721 1.0877938 0.9120009 0.8061269 1.1488873 1.0018122 0.7134343 1.1006692 1.0024973 1.2112075 1.2140709 1.1471482 1.1754540 1.2169617 1.1449750 1.1654455 1.5889992 1.4727200 1.4681474 1.3450704 1.3450704 1.4274765 1.3042648 1.5739117 1.5739117 1.3898793 1.4777019 1.4503683 1.8810583 2.5072060 2.5072060 1.7484482 1.8462518 2.1204226 1.8310841 2.2125390 3.5637809 1.8115539 1.9480696 2.1930823 2.3964531 2.8731575 2.9683705 2.8487134 2.9223518 2.9675706 2.6922013 2.9302126 3.2492911 2.5228460 3.7824464 
Bralan_BLAG11000074_1                             0.9948606 0.9829392 0.9142128 0.9639225 0.6395681 1.1574665 1.1560722 0.5912838 0.0000000 0.6801259 0.5533267 0.6465978 0.5974710 0.6455454 0.6289286 0.7090762 0.4491650 0.6005929 1.0146389 0.6595532 0.7270041 0.7315033 0.7949917 0.8744251 0.9403085 0.5731106 0.8357114 0.8062369 0.7832106 0.8980657 0.8650348 0.9212362 0.8888085 1.0547001 0.9879148 0.9388141 0.8863391 1.0669885 0.9665808 0.7592569 0.9573124 1.1232109 1.2742100 1.2888402 1.2358747 1.2622507 1.3082728 1.1968931 1.1101365 1.6842522 1.4804119 1.4590853 1.4008578 1.4008578 1.3798879 1.2790602 1.5173019 1.5173019 1.3629821 1.4661292 1.4369014 1.6535284 2.2844601 2.2844601 1.9326691 2.0910803 2.0231296 1.6639551 1.8081399 2.2897665 1.9078059 1.8906431 1.9841297 2.3683325 2.4977716 2.8321659 2.5266124 2.3338734 2.8242438 2.6992175 2.5997855 3.2352947 2.4006067 3.8358906 
Acagra_model.g31284.t1                            1.0875128 1.0749971 1.0124619 1.0670764 0.6991927 1.5043146 1.2882131 0.6640964 0.6801259 0.0000000 0.4252127 0.4630350 0.5640455 0.7953898 0.8055944 0.8484969 0.5557882 0.8541915 1.1537134 0.7264760 0.8287726 0.8003906 1.0725064 0.9198960 1.1361946 0.8144605 0.9214916 0.8226739 0.8169318 0.9812202 0.8973172 1.0807910 1.0580140 1.2263112 1.1697013 1.1239439 1.0872046 1.2252488 1.1067845 0.9171983 1.2048882 0.9492545 1.3378345 1.3344698 1.2646695 1.2918833 1.2878057 1.2175284 1.1856521 1.7241252 1.3919951 1.3930696 1.5415893 1.5415893 1.4788805 1.3451231 1.7415537 1.7415537 1.4645493 1.5171530 1.4940785 1.8734524 2.5782390 2.5782390 2.0673990 2.3027325 2.6438680 1.6586127 1.8018006 2.5453235 1.9266063 2.1384611 2.2350676 2.4530900 2.7005087 2.9595687 2.7803828 2.7772923 3.3760610 2.6218587 2.6200902 3.4557693 2.4422417 4.4711061 
Cgig_XM_034443311.1                               0.9271457 0.9154814 0.8708503 0.9327705 0.6324895 1.1295859 1.0451629 0.5597402 0.5533267 0.4252127 0.0000000 0.4229920 0.3776534 0.7415103 0.7191446 0.8014066 0.5717819 0.7721689 1.1786097 0.6772967 0.7307640 0.7791664 0.9346284 0.8786573 1.0225363 0.5461782 0.8140647 0.7861539 0.8088985 0.8059376 0.8496501 0.9260155 0.8571859 0.9158799 0.9284078 0.8366695 0.8623803 1.1286586 1.0640337 0.6450937 0.8670739 0.8506133 1.1012137 1.1040599 1.0598699 1.0862097 1.1369821 1.0842697 1.1280615 1.6358110 1.2333841 1.2335804 1.1551096 1.1551096 1.2449149 1.1565368 1.2587198 1.2587198 1.1819142 1.2936158 1.1831153 1.6457756 2.4395978 2.4395978 1.9560571 2.2252269 2.2345838 1.7134669 2.0327279 2.3296023 1.9410257 1.8865230 2.0952877 2.2851899 2.3487366 3.0238675 2.8192545 2.8601225 3.0074712 2.6505953 2.6900107 3.2869742 2.3256900 3.4341786 
Ctel_gnl_WGS_AMQN_CAPTEDRAFT_mRNA171803           1.0203306 1.0217461 0.9821783 0.9552810 0.6443673 1.1134806 1.0689633 0.5997513 0.6465978 0.4630350 0.4229920 0.0000000 0.5424919 0.8056258 0.8197265 0.9227381 0.6355467 0.8257220 1.2726104 0.7998930 0.8471682 0.9904866 1.1614367 0.9859609 1.1314324 0.7121999 0.8566319 0.7912589 0.7966752 0.8668267 0.7549854 1.0119045 1.0068258 1.0629476 0.9621296 1.0620379 1.0051528 1.1891787 1.1442020 0.6946023 1.0437458 0.9571430 1.2925441 1.2760366 1.2593190 1.2871723 1.3341617 1.2295489 1.2506698 1.5637627 1.2119564 1.2084169 1.1197677 1.1197677 1.1986236 1.1500971 1.2894910 1.2894910 1.1895260 1.3662171 1.1964360 1.6343252 2.4986795 2.4986795 2.0127433 2.2406825 2.2875241 1.7551481 2.1256939 2.7316308 1.9924101 2.0424980 2.4399917 2.2279300 2.4386563 3.0456371 2.7998459 2.3316114 2.7708143 2.5450471 2.5517264 3.3723626 2.4170025 3.7393033 
Cscu_XM_023386698.1                               0.8792872 0.8685617 0.8423346 0.9552912 0.6766565 1.3113490 1.2110849 0.6247130 0.5974710 0.5640455 0.3776534 0.5424919 0.0000000 0.6710630 0.7179232 0.7960846 0.7075473 0.7314020 1.2634948 0.7177343 0.7916454 0.7491669 0.9257388 0.7888805 0.8755840 0.6706830 0.7477221 0.7829073 0.7997704 0.8385302 0.8364048 1.0410751 0.9559012 1.1214318 1.1019011 0.9072212 0.9936351 1.1509265 1.1479940 0.6928474 0.9663032 0.7351353 1.1860301 1.1994553 1.1495547 1.1752204 1.2032847 1.1956594 1.1764686 1.6859157 1.3921922 1.3724260 1.2493917 1.2493917 1.2492004 1.2144396 1.3781091 1.3781091 1.2889786 1.2938502 1.3511272 1.6834409 2.2035993 2.2035993 1.8570663 2.0421537 2.3503611 1.6383836 1.8267223 2.1826210 1.9995891 1.8029488 2.2682014 2.0826045 2.4716469 2.6562865 2.5404008 2.6149978 2.8939064 2.3924773 2.3166380 2.7864692 2.3755414 3.6443394 
Spis_XP_022788812_1                               0.8880993 0.8764528 0.8491140 0.8341562 0.6841552 0.9961955 0.9508280 0.7675822 0.6455454 0.7953898 0.7415103 0.8056258 0.6710630 0.0000000 0.1394860 0.2044809 0.0714514 0.1032782 0.4137624 0.3051666 0.3331574 0.4127692 0.2110482 0.5850368 0.6976589 0.7939862 0.6579790 0.6974105 0.6809940 0.7636303 0.6478974 0.9071355 0.8929968 0.9642750 0.9692721 0.8977078 0.9754169 1.0666244 1.1638124 0.7751786 0.6886181 1.1327232 0.9530181 0.9933569 0.9093069 0.9523901 0.9417464 0.8595599 0.9195684 1.3519491 1.1935322 1.2039954 1.1945112 1.1945112 1.3034645 1.2546684 1.1909038 1.1909038 1.2260301 1.3056920 1.1699421 0.6878786 2.5131543 2.5131543 2.1148030 2.2477064 2.3331593 1.7943483 1.8827456 2.0085661 1.7749544 1.9381536 1.8852808 2.6446819 3.0260456 3.4712411 2.7777973 2.5931379 2.7833259 2.3636737 2.4223004 3.0178108 2.3856009 3.3523921 
Amil_Amillepora18681-RA                           1.0099785 0.9956690 0.9224129 1.0139314 0.7059592 1.1687953 1.1118075 0.7108163 0.6289286 0.8055944 0.7191446 0.8197265 0.7179232 0.1394860 0.0000000 0.1203286 0.0275828 0.1229073 0.3412427 0.3430319 0.3853433 0.5358684 0.2322906 0.5249796 0.6662318 0.8079887 0.7472334 0.7867041 0.6707991 0.8869044 0.6552417 0.9348652 0.8577659 1.0260860 0.9561252 0.9516268 0.9253618 1.1642907 1.1959100 0.8699823 0.8049994 1.2088641 1.0524431 1.0875837 1.0137188 1.0618485 1.0794119 0.9586368 0.9874411 1.5872013 1.3374941 1.3272594 1.3506436 1.3506436 1.4168842 1.2861644 1.4185480 1.4185480 1.3866303 1.5853304 1.3957955 0.5076725 2.8672038 2.8672038 2.0219254 2.1488053 2.3229527 1.9412453 1.7554350 1.6153916 1.8089987 1.6973313 1.8948659 2.3475510 2.8050875 3.4354501 2.9189788 2.7633697 3.2434016 2.6102931 2.4964908 3.3203695 2.2573028 3.5087248 
Adig_XM_015923451.1                               1.0059607 0.9919434 0.9274954 0.8916389 0.6636808 1.0078564 0.9561947 0.8303679 0.7090762 0.8484969 0.8014066 0.9227381 0.7960846 0.2044809 0.1203286 0.0000000 0.0419885 0.1390946 0.4606071 0.3971863 0.4104623 0.5280974 0.2649369 0.6972968 0.8191623 0.7738465 0.7945533 0.8342489 0.8012265 0.8613877 0.7731174 0.9479025 0.9424821 1.0406623 1.0035654 0.9234323 0.9868746 1.1726153 1.0835560 0.8654555 0.8353866 1.2560307 1.0345261 1.0705240 1.0094975 1.0575557 1.0799463 0.9723142 1.0181853 1.2790496 1.3934341 1.4062134 1.4711956 1.4711956 1.5594158 1.5090899 1.6686038 1.6686038 1.5395948 1.6575431 1.3254501 1.0092279 2.8665943 2.8665943 2.4990987 2.6879946 2.6846544 2.0284272 2.0210901 2.8948449 1.8224916 2.0745229 1.9548000 3.0758938 3.5603649 3.4224161 3.0394303 2.7716957 3.6251901 2.8536004 3.0292777 3.4311882 2.6690425 3.5958536 
Gfas_gfas1.m1.3564.m1                             0.8430779 0.8430779 0.7748514 0.6663273 0.6733898 0.9587196 0.9652078 0.5651507 0.4491650 0.5557882 0.5717819 0.6355467 0.7075473 0.0714514 0.0275828 0.0419885 0.0000000 0.0880162 0.0563136 0.2161330 0.2161330 0.3607250 0.0655518 0.5164127 0.6589312 0.6404824 0.6004581 0.6279819 0.5426480 0.6621581 0.5649387 0.6065455 0.6353859 0.7154461 0.6636942 0.7289157 0.8066982 1.2195115 1.1449338 0.6976802 0.9548075 0.8269409 0.7342888 0.8220290 0.6594117 0.7567256 0.7006151 0.5463947 0.7089622 0.4596248 1.1820795 1.2075715 1.1922303 1.1922303 1.3998223 1.3094124 1.3176407 1.3176407 1.2888987 1.5808367 1.2219911 1.1021696 4.5043571 4.5043571 2.8995311 2.9437588 3.4283823 2.5471584 2.2398723 0.0000010 1.9500685 2.0379541 1.8345221 3.1041943 4.2912527 4.4634104 5.8728735 3.4385658 8.9999981 3.5052072 4.0770098 6.8480169 3.0526140 3.4735335 
Fspp_ffun1.m4.19963.m1                            0.8885801 0.8753828 0.8639097 0.9401171 0.6819545 1.0435401 1.0142969 0.7251041 0.6005929 0.8541915 0.7721689 0.8257220 0.7314020 0.1032782 0.1229073 0.1390946 0.0880162 0.0000000 0.3626259 0.2953897 0.3394848 0.4301856 0.0748801 0.5530788 0.6755913 0.7054353 0.6717660 0.7049462 0.6627086 0.7825928 0.6485047 0.8717610 0.9335067 1.0187712 0.9405575 0.8707937 1.0246742 1.2472550 1.1411970 0.7823249 0.7750066 1.3129955 1.1181805 1.1419621 1.0466749 1.0867701 1.0879322 0.9938844 1.0151872 1.1415692 1.1482581 1.1758008 1.1697931 1.1697931 1.2874947 1.2518882 1.3406866 1.3406866 1.3508278 1.3991108 1.1735928 0.6660717 2.6404551 2.6404551 2.3501509 2.4956781 2.5214712 2.0853856 2.1659538 2.9321166 1.9411425 2.1714440 2.2085343 2.9038927 3.4399102 3.8462931 3.1050302 2.9049192 3.4101625 2.7711446 2.7762080 3.6978723 2.4939152 3.5262224 
Pocdam_XM_027191554.1                             1.4576008 1.4426475 1.4083833 1.2337419 0.9767915 1.4596764 1.4800466 1.1118707 1.0146389 1.1537134 1.1786097 1.2726104 1.2634948 0.4137624 0.3412427 0.4606071 0.0563136 0.3626259 0.0000000 0.5820110 0.5820110 0.7210436 0.3931065 1.0358535 1.1797563 1.1438523 1.0973231 1.1129550 1.1468164 1.2506721 1.1116944 1.1259681 1.1225007 1.2468766 1.2050101 1.2855109 1.3246422 1.8593763 1.4361609 1.1296759 1.5205587 1.5182908 1.3322055 1.4257525 1.2509915 1.3385974 1.2711313 1.2694433 1.3332113 1.0180714 1.6260341 1.6474666 1.6344802 1.6344802 1.7689031 1.6989349 2.4128904 2.4128904 1.8032683 2.1218609 1.8009694 1.4060993 4.6678705 4.6678705 4.0880614 4.1963798 4.3527158 3.2148249 3.1004816 9.0000000 2.5782528 3.0010236 2.4673658 4.0436729 6.3446609 6.4049438 6.7749397 4.3814019 8.9999989 4.1947452 4.5651357 5.8458796 3.0834431 3.9739200 
Nvec_v1g110465                                    0.8593285 0.8463761 0.7974572 0.8182270 0.6698291 0.9966894 0.9388792 0.7196016 0.6595532 0.7264760 0.6772967 0.7998930 0.7177343 0.3051666 0.3430319 0.3971863 0.2161330 0.2953897 0.5820110 0.0000000 0.0000010 0.2646107 0.4959837 0.5163339 0.6753383 0.8205627 0.6958414 0.6784691 0.6979347 0.7178297 0.7054144 0.8204792 0.8922430 0.8855307 0.8816727 0.8861664 0.8652005 0.9439725 0.9920038 0.7072922 0.8330084 1.2319212 0.9335941 0.9404974 0.8974857 0.9472609 0.9279456 0.8412331 0.9083665 1.2512211 1.3562124 1.3687399 1.4640954 1.4640954 1.5370626 1.4403941 1.3306866 1.3306866 1.3856453 1.5167058 1.3635494 1.1151796 2.8197368 2.8197368 2.0974390 2.4717322 2.4846338 1.9547300 2.0701156 2.1442568 1.8494053 2.1997257 1.8779953 2.7063538 3.0664835 2.8562433 2.8983192 2.7645749 3.5688106 2.9932766 2.8728828 3.3256102 2.2349647 3.5870913 
Nvec_v1g168072                                    0.8961914 0.8844409 0.8292910 0.9165412 0.6698291 1.0563821 0.9772209 0.7739793 0.7270041 0.8287726 0.7307640 0.8471682 0.7916454 0.3331574 0.3853433 0.4104623 0.2161330 0.3394848 0.5820110 0.0000010 0.0000000 0.3198851 0.5417787 0.5648616 0.7181722 0.9082090 0.7478538 0.7228920 0.7596088 0.7573076 0.7630656 0.9134464 0.9402384 0.9684195 0.9014081 0.9764094 0.9809247 1.0859466 0.9920038 0.7781788 0.8743025 1.3215609 1.0334484 1.0438719 0.9911959 1.0381155 1.0308678 0.9628429 0.9965453 1.3983519 1.3135144 1.3216885 1.3925966 1.3925966 1.4324107 1.4092539 1.2913252 1.2913252 1.3547484 1.4986795 1.3788378 1.0734749 2.8547487 2.8547487 2.0345287 2.3425752 2.3863946 1.8780687 2.2023405 2.4196199 1.9028432 2.1424690 2.0190178 2.6056136 3.0191167 3.2716301 2.9286948 2.9526844 3.5913972 3.0395337 2.7461716 3.3249131 2.4596566 3.6146492 
Exapal_XM_021047699.2                             0.9066661 0.8950607 0.8513329 0.8829028 0.7183630 1.1732216 1.1096091 0.8902724 0.7315033 0.8003906 0.7791664 0.9904866 0.7491669 0.4127692 0.5358684 0.5280974 0.3607250 0.4301856 0.7210436 0.2646107 0.3198851 0.0000000 0.7168440 0.5607260 0.6758926 0.9955210 0.7384301 0.8039006 0.8022324 0.7620635 0.7272356 0.9620516 0.9306652 0.9541444 0.9799111 0.8719641 0.9504007 1.0723317 0.9918281 0.8136117 0.9951462 1.3693154 0.9921621 0.9892160 0.9408343 0.9729924 0.9935447 0.9253409 0.9917964 1.5554537 1.3338428 1.3451586 1.4196827 1.4196827 1.4640278 1.3708561 1.2940249 1.2940249 1.2890041 1.5176345 1.2553595 1.1824677 2.7476257 2.7476257 2.2135651 2.5249482 2.5575339 1.9252782 2.2269300 2.4209434 2.1107568 2.1317492 2.1211949 2.8988901 3.0658514 3.2966175 2.8853827 2.7110177 3.5429978 3.1868759 2.9777592 3.4029589 2.2491510 4.0111592 
Gasp_gasp1.m3.11399.m1                            1.0888365 1.0717970 1.0558501 1.1766762 0.5822443 1.2110143 1.1953815 0.9345102 0.7949917 1.0725064 0.9346284 1.1614367 0.9257388 0.2110482 0.2322906 0.2649369 0.0655518 0.0748801 0.3931065 0.4959837 0.5417787 0.7168440 0.0000000 0.6844904 0.7796752 0.9990812 0.8839989 0.9680258 0.8846118 1.0551632 0.8755899 1.1919925 1.1120324 1.2679614 1.2798088 1.1533621 1.2698836 1.3382990 1.1453498 1.0076721 1.1228245 1.5987091 1.1963349 1.2136487 1.1512085 1.1512085 1.2199722 1.1275589 1.1174487 1.9933955 1.5074861 1.4786987 1.4949279 1.4949279 1.5690239 1.4123347 1.7594767 1.7594767 1.6761576 1.5638172 1.5432070 0.4321783 2.9501259 2.9501259 2.2901238 2.5009377 2.4914870 2.3195678 2.1453370 2.2653243 2.1036181 2.1004849 2.1841401 2.6276862 3.3019530 3.9352435 3.1016395 3.2258572 3.5432766 3.3402404 2.8753976 4.0774883 2.2507739 4.2491589 
Dgig_XM_028538544.1                               0.9968515 0.9841393 0.9253162 1.0908801 0.8987397 1.2816748 1.1892484 0.8869689 0.8744251 0.9198960 0.8786573 0.9859609 0.7888805 0.5850368 0.5249796 0.6972968 0.5164127 0.5530788 1.0358535 0.5163339 0.5648616 0.5607260 0.6844904 0.0000000 0.1697411 0.9994751 0.7976612 0.8070478 0.7849508 0.8768152 0.8197189 0.9068750 1.0297513 0.9531017 0.9653081 1.1322963 0.9633765 1.0346708 0.9841036 0.9321913 0.9765750 1.3452781 0.9643978 0.9506444 0.8752296 0.9098287 0.9367483 0.8684356 0.9241156 1.6966306 1.2631343 1.2586654 1.2436311 1.2436311 1.3506004 1.4555332 1.2546607 1.2546607 1.3030203 1.3910765 1.3186147 1.0475485 2.3268869 2.3268869 2.1289287 2.3085997 2.3796457 1.9280871 2.1616809 1.9866141 1.8543685 1.9636915 1.9100840 2.6074631 2.9664242 2.9947991 2.3760443 2.5075084 2.8869332 2.4086079 2.2117998 2.9884700 2.5079915 4.4385703 
Xesp_012749-T1                                    0.9911794 0.9788422 0.9077462 1.1126395 0.9451623 1.4118982 1.2733185 1.0607644 0.9403085 1.1361946 1.0225363 1.1314324 0.8755840 0.6976589 0.6662318 0.8191623 0.6589312 0.6755913 1.1797563 0.6753383 0.7181722 0.6758926 0.7796752 0.1697411 0.0000000 1.0447283 0.8922444 0.9350954 0.9082116 0.8859038 0.8703163 0.9591696 1.0975456 0.9551352 1.0039280 1.1559462 1.0457269 1.0880058 1.0737225 1.0282532 1.0967831 1.4940458 1.0750681 1.0618653 0.9712473 1.0047096 1.0481873 0.9890284 1.0557683 1.7299604 1.3693088 1.3593147 1.3152992 1.3152992 1.4890964 1.5768234 1.4148191 1.4148191 1.4587193 1.4448108 1.3882894 1.2357427 2.4314269 2.4314269 2.1647332 2.3019875 2.4197791 1.7198487 2.2255977 2.1106597 2.0279949 2.0540022 1.9759730 2.6033614 2.8899901 3.2249125 2.4465184 2.6315246 3.0137066 2.5654298 2.3839115 3.2392007 2.6306783 4.3561570 
Hsap_ENST00000369541                              0.9801267 0.9685842 0.9429019 1.0345383 0.6402126 1.3053225 1.1451473 0.6245852 0.5731106 0.8144605 0.5461782 0.7121999 0.6706830 0.7939862 0.8079887 0.7738465 0.6404824 0.7054353 1.1438523 0.8205627 0.9082090 0.9955210 0.9990812 0.9994751 1.0447283 0.0000000 0.9196946 0.8802659 0.8524910 1.1054946 1.0222383 1.0339003 0.8587799 1.1054073 1.0958280 0.8963123 0.9605458 1.2501324 1.0577353 0.8821629 1.1035453 1.1791910 1.2390370 1.2518039 1.2231141 1.2490355 1.2866204 1.2244501 1.2182407 1.7222707 1.4847803 1.5158458 1.4870425 1.4870425 1.3901878 1.3259971 1.5134036 1.5134036 1.4189194 1.4958305 1.4180926 1.8815711 2.5689240 2.5689240 1.8139314 1.8760280 2.3477854 1.9976470 1.9470640 2.5754446 1.7642374 2.0911749 2.0016158 2.5506703 2.5539467 2.9502552 2.6079867 2.4612667 2.8957477 2.4608111 2.5606716 3.1136666 2.5802919 3.8365294 
Nemnom_g4062.t1                                   1.1069662 1.1195691 1.0766005 0.9896342 0.7087101 1.2848783 1.2193822 0.8620627 0.8357114 0.9214916 0.8140647 0.8566319 0.7477221 0.6579790 0.7472334 0.7945533 0.6004581 0.6717660 1.0973231 0.6958414 0.7478538 0.7384301 0.8839989 0.7976612 0.8922444 0.9196946 0.0000000 0.1480932 0.2349352 0.4108029 0.6637115 1.0774996 0.9803842 1.1154697 1.1646026 1.0211031 1.0921129 1.2017321 1.1032207 1.0946243 0.7170764 1.1759205 1.2580816 1.2801921 1.2275289 1.2633096 1.2547752 1.1432611 1.2227105 1.4418531 1.4558865 1.4586431 1.3903116 1.3903116 1.4737910 1.4109895 1.4180492 1.4180492 1.3974804 1.5994508 1.3645914 1.5945739 2.3547159 2.3547159 2.0879449 2.1458954 2.6651898 1.7339548 2.2883952 2.6714949 1.9422694 2.1902979 2.1652957 2.7927776 2.5178464 2.6648664 2.6934428 2.5031575 2.9866409 2.4805674 2.4886131 2.9655001 2.5463562 3.5467198 
Rhoesc_Res_010018-T1                              1.0781401 1.0904834 1.0230520 0.9708638 0.6976923 1.2398938 1.2364446 0.8353535 0.8062369 0.8226739 0.7861539 0.7912589 0.7829073 0.6974105 0.7867041 0.8342489 0.6279819 0.7049462 1.1129550 0.6784691 0.7228920 0.8039006 0.9680258 0.8070478 0.9350954 0.8802659 0.1480932 0.0000000 0.2530362 0.3705913 0.6315904 1.0520007 0.9935670 1.1211780 1.2057306 1.0173131 1.0241226 1.1700005 1.1039375 1.1034317 0.7287128 1.2942978 1.2436507 1.2372951 1.2113565 1.2466964 1.2565090 1.1087111 1.1804750 1.4448687 1.3986673 1.3930023 1.3639588 1.3639588 1.3492615 1.3337733 1.3482337 1.3482337 1.3387274 1.5146800 1.3017378 1.5416082 2.2863212 2.2863212 2.0545132 2.1504461 2.6210909 1.6712027 2.3215644 2.6001798 1.9948295 2.0565808 2.1155889 2.5824354 2.3154927 2.6046709 2.6904338 2.3909681 2.9536404 2.4971954 2.4663496 2.8873559 2.4899242 3.2534168 
Aaur_scaffold1277.g4.t1                           0.9577957 0.9708934 0.9523960 1.0116954 0.7130662 1.0874586 1.0933022 0.8020581 0.7832106 0.8169318 0.8088985 0.7966752 0.7997704 0.6809940 0.6707991 0.8012265 0.5426480 0.6627086 1.1468164 0.6979347 0.7596088 0.8022324 0.8846118 0.7849508 0.9082116 0.8524910 0.2349352 0.2530362 0.0000000 0.4164823 0.6375349 1.0279911 1.0351856 1.1580971 1.1389245 1.0154742 0.9920083 1.0167379 0.9898083 1.0737618 0.7586003 1.4285467 1.1009946 1.0961048 1.1053193 1.1053193 1.1776554 1.0588360 1.0627666 1.6720193 1.3236794 1.3359703 1.3234742 1.3234742 1.3541555 1.3632613 1.2961390 1.2961390 1.2758010 1.3915231 1.1976361 1.2774102 2.2635535 2.2635535 1.9627548 1.9859498 2.4705483 1.6530552 2.3078281 2.4871965 1.9099802 2.1389890 2.0760442 2.3310346 2.3244938 2.4517278 2.4557807 2.4358056 2.4881281 2.5385203 2.5745025 3.2321974 2.2496735 3.9575345 
Sanmal_Sma_020083-T1                              1.2547385 1.2496366 1.1394601 1.0911852 0.7406776 1.4848574 1.3758498 0.8874547 0.8980657 0.9812202 0.8059376 0.8668267 0.8385302 0.7636303 0.8869044 0.8613877 0.6621581 0.7825928 1.2506721 0.7178297 0.7573076 0.7620635 1.0551632 0.8768152 0.8859038 1.1054946 0.4108029 0.3705913 0.4164823 0.0000000 0.6831448 1.1641449 1.0525889 1.1679699 1.2557415 1.2412079 1.1488510 1.2659162 1.1757003 1.2248118 0.9042117 1.4320854 1.4070579 1.4191700 1.3584313 1.3946891 1.4222420 1.3846729 1.3024368 1.2956065 1.5215946 1.5088123 1.5683204 1.5683204 1.6248454 1.4606249 1.6901802 1.6901802 1.5832836 1.9011030 1.5250062 1.6847108 2.2287469 2.2287469 2.0842851 2.1768422 2.9820641 1.6395888 2.3685513 2.8058093 2.1346535 1.9448842 2.1542421 2.4085382 2.4869392 2.4858348 2.7210202 2.3052079 3.3142781 2.6956310 2.5517385 2.9296295 2.6080763 4.0744657 
Chem_TCONS_00060282                               1.0368450 1.0491005 1.0417067 1.0362219 0.7700513 1.2762496 1.2290774 0.7630952 0.8650348 0.8973172 0.8496501 0.7549854 0.8364048 0.6478974 0.6552417 0.7731174 0.5649387 0.6485047 1.1116944 0.7054144 0.7630656 0.7272356 0.8755899 0.8197189 0.8703163 1.0222383 0.6637115 0.6315904 0.6375349 0.6831448 0.0000000 1.1094202 1.1048837 1.0969319 1.0767960 1.1065809 0.9997804 1.2626686 1.2298240 0.8801658 0.7620141 1.3344463 1.1971638 1.2035184 1.1221503 1.1568048 1.1911392 1.0153787 1.1008383 1.1958303 1.3766646 1.3892924 1.3288840 1.3288840 1.3507538 1.3018282 1.3199908 1.3199908 1.3392309 1.3653772 1.2912341 1.4288033 2.3583049 2.3583049 2.2481676 2.4738658 2.6487025 1.9284721 2.3140152 2.8607783 2.0377319 2.3654306 2.4748360 2.6305244 2.7809046 3.3472720 2.9244455 2.8727135 3.5132055 3.1264275 3.1051526 3.5679187 2.3531134 3.7246500 
Lcom_lcpid132806                                  1.1617787 1.1673282 1.0622889 1.1934595 0.7915097 1.3711461 1.4714854 1.0721033 0.9212362 1.0807910 0.9260155 1.0119045 1.0410751 0.9071355 0.9348652 0.9479025 0.6065455 0.8717610 1.1259681 0.8204792 0.9134464 0.9620516 1.1919925 0.9068750 0.9591696 1.0339003 1.0774996 1.0520007 1.0279911 1.1641449 1.1094202 0.0000000 0.2362946 0.2941278 0.2781568 0.4810539 0.8620582 1.0932644 0.9224614 1.0095985 1.4559928 1.3507145 1.3302421 1.3489123 1.3192789 1.3543616 1.3489917 1.3036444 1.2811817 1.7755995 1.3860720 1.4022892 1.3403269 1.3403269 1.3897808 1.2216937 1.5110288 1.5110288 1.4546576 1.5113013 1.3683872 1.7517655 2.2882772 2.2882772 1.9399001 2.1755235 2.1727632 1.6842458 1.9334824 1.8351394 1.8129966 2.1107622 1.7481343 2.2101823 2.1986612 2.4298722 2.8592493 2.5748899 2.6974788 2.5685352 2.4495949 3.2316352 2.3784036 4.6776336 
Leuniv_Lniv_scaffold25356_01                      1.0186675 1.0311479 0.9929416 1.0962997 0.7984443 1.1994923 1.2098611 1.0124121 0.8888085 1.0580140 0.8571859 1.0068258 0.9559012 0.8929968 0.8577659 0.9424821 0.6353859 0.9335067 1.1225007 0.8922430 0.9402384 0.9306652 1.1120324 1.0297513 1.0975456 0.8587799 0.9803842 0.9935670 1.0351856 1.0525889 1.1048837 0.2362946 0.0000000 0.2683511 0.2746173 0.4467005 0.8498856 1.0661701 0.8848494 1.0185788 1.2450707 1.2411718 1.1884842 1.2006356 1.1609958 1.1870527 1.1838846 1.1714480 1.2394085 1.7625278 1.3246645 1.3203860 1.1875960 1.1875960 1.2362380 1.1637572 1.2734767 1.2734767 1.2282598 1.3556612 1.1851451 1.7960638 2.3591076 2.3591076 1.8672875 2.1827249 2.3549143 1.7037829 2.0241707 1.9103090 1.8523891 2.0923112 1.7830241 2.3496819 2.2792392 2.7084563 3.0052494 2.7042489 2.8086075 2.6573988 2.4416696 2.9650087 2.4658112 4.3046256 
Gracom_Gcom_scaffold17715_01                      1.1996551 1.2128989 1.1049471 1.1906766 0.8096017 1.4341538 1.4916107 1.0550721 1.0547001 1.2263112 0.9158799 1.0629476 1.1214318 0.9642750 1.0260860 1.0406623 0.7154461 1.0187712 1.2468766 0.8855307 0.9684195 0.9541444 1.2679614 0.9531017 0.9551352 1.1054073 1.1154697 1.1211780 1.1580971 1.1679699 1.0969319 0.2941278 0.2683511 0.0000000 0.2743301 0.4951019 0.8476962 1.1008380 0.8681050 1.0964538 1.4383583 1.3203572 1.3771215 1.4108814 1.3619852 1.3968929 1.3943298 1.3279505 1.2645680 1.7637298 1.4189320 1.4191204 1.3449609 1.3449609 1.4132462 1.2323246 1.4827037 1.4827037 1.3887237 1.4988353 1.3896090 2.0274937 2.2606396 2.2606396 2.0882471 2.3957415 2.6297945 1.7620274 1.9682000 1.8350759 1.8439605 2.1681092 1.8281572 2.2904471 2.2427030 2.8412778 3.0672707 2.7302655 3.0938452 2.8426941 2.5784588 3.2462074 2.3031207 4.7282646 
Scil_scict013892.1                                1.0545009 1.0666566 1.0025483 1.2003937 0.8311930 1.3293142 1.3737366 1.0877938 0.9879148 1.1697013 0.9284078 0.9621296 1.1019011 0.9692721 0.9561252 1.0035654 0.6636942 0.9405575 1.2050101 0.8816727 0.9014081 0.9799111 1.2798088 0.9653081 1.0039280 1.0958280 1.1646026 1.2057306 1.1389245 1.2557415 1.0767960 0.2781568 0.2746173 0.2743301 0.0000000 0.5624884 0.8708876 1.1089486 0.9215367 1.0998298 1.3660589 1.4209663 1.3724135 1.4071104 1.3439260 1.3790468 1.4496218 1.3943147 1.3271716 1.7729633 1.3669195 1.3671064 1.3991196 1.3991196 1.4886532 1.2177142 1.4914146 1.4914146 1.4392068 1.5474760 1.4455495 1.8565710 2.3815197 2.3815197 2.0783580 2.3810058 2.5581666 1.7166985 1.9834550 1.9381703 1.9091969 2.1523459 1.8926919 2.3119638 2.3011516 2.8183219 3.0836055 2.8170167 2.9071850 2.6797220 2.5128746 3.3982060 2.2597853 4.7060342 
Clacor_Ccor_C524049_01                            1.0161181 1.0278673 0.9476080 1.1092345 0.7150581 1.3758925 1.4178899 0.9120009 0.9388141 1.1239439 0.8366695 1.0620379 0.9072212 0.8977078 0.9516268 0.9234323 0.7289157 0.8707937 1.2855109 0.8861664 0.9764094 0.8719641 1.1533621 1.1322963 1.1559462 0.8963123 1.0211031 1.0173131 1.0154742 1.2412079 1.1065809 0.4810539 0.4467005 0.4951019 0.5624884 0.0000000 0.8708298 1.1024753 1.0070223 1.0319690 1.4253375 1.3713749 1.2600382 1.2799482 1.3018866 1.3231093 1.3005090 1.2181930 1.1870199 1.7207430 1.4739662 1.5014711 1.4159180 1.4159180 1.3151460 1.2617092 1.4807691 1.4807691 1.4804342 1.4932270 1.3835123 1.9439870 2.3450767 2.3450767 2.1405689 2.3288860 2.7475494 1.6792827 2.1510904 2.3085434 2.2159883 2.3138643 1.9152019 2.3671160 2.3060509 2.7341449 3.0957434 2.8483166 2.8028439 2.6771780 2.6248243 3.5757067 2.5644588 4.2351978 
Plajan_Pjan_scaffold23117_01                      1.1139670 1.1262825 1.0440080 1.1136703 0.7417254 1.1784324 1.3954662 0.8061269 0.8863391 1.0872046 0.8623803 1.0051528 0.9936351 0.9754169 0.9253618 0.9868746 0.8066982 1.0246742 1.3246422 0.8652005 0.9809247 0.9504007 1.2698836 0.9633765 1.0457269 0.9605458 1.0921129 1.0241226 0.9920083 1.1488510 0.9997804 0.8620582 0.8498856 0.8476962 0.8708876 0.8708298 0.0000000 0.8289718 0.8071487 0.9546313 1.2900031 1.3689263 1.1925691 1.2036159 1.1396634 1.1645321 1.1960207 1.2266364 1.0864377 1.8074186 1.5300231 1.5924445 1.5240352 1.5240352 1.4017798 1.3933656 1.5562367 1.5562367 1.5168810 1.5921913 1.4966395 1.9800304 2.3352576 2.3352576 2.0757127 2.3785570 2.5805078 1.8628280 2.1191601 2.1797527 2.2154296 2.3668073 2.2509680 2.5187740 2.7756250 2.6808902 2.5792632 2.7978935 3.0805713 2.6324318 2.7601399 3.1750838 2.2011590 4.0251771 
Opea_EP00118_Oscarella_pearsei_P028466            1.1511580 1.1647869 1.0856097 1.1600757 0.9153026 1.3715736 1.3450991 1.1488873 1.0669885 1.2252488 1.1286586 1.1891787 1.1509265 1.0666244 1.1642907 1.1726153 1.2195115 1.2472550 1.8593763 0.9439725 1.0859466 1.0723317 1.3382990 1.0346708 1.0880058 1.2501324 1.2017321 1.1700005 1.0167379 1.2659162 1.2626686 1.0932644 1.0661701 1.1008380 1.1089486 1.1024753 0.8289718 0.0000000 0.0103226 1.2150341 1.3470510 1.6491507 1.2184787 1.2347543 1.1669654 1.2111172 1.1950443 1.1316007 1.2256059 2.0869423 1.6709846 1.6903839 1.5634130 1.5634130 1.5687993 1.4001958 1.3221663 1.3221663 1.3765837 1.7472388 1.4087839 2.1627465 2.7273378 2.7273378 2.2401411 2.4307471 2.6290693 1.9207195 2.1710823 2.1917898 2.2470461 2.2605525 2.1498284 2.3815359 2.7376554 2.8390599 2.7135139 2.7878129 2.6277200 2.6679263 2.7247631 3.2424866 2.1928631 4.7966064 
Ocar_g5945                                        1.0723663 1.0723663 1.0534657 0.9234448 0.8510573 1.2218195 1.1461655 1.0018122 0.9665808 1.1067845 1.0640337 1.1442020 1.1479940 1.1638124 1.1959100 1.0835560 1.1449338 1.1411970 1.4361609 0.9920038 0.9920038 0.9918281 1.1453498 0.9841036 1.0737225 1.0577353 1.1032207 1.1039375 0.9898083 1.1757003 1.2298240 0.9224614 0.8848494 0.8681050 0.9215367 1.0070223 0.8071487 0.0103226 0.0000000 1.0948488 1.5494011 1.0891908 1.1221932 1.1550052 1.0025034 1.0852062 1.0585965 0.9062566 1.0940594 1.1344914 1.6853624 1.6853624 1.4353348 1.4353348 1.6591884 1.4548934 1.6017488 1.6017488 1.4846906 1.6554165 1.2876273 3.5545122 3.1024603 3.1024603 2.5062446 2.9076126 2.9645704 2.3083034 2.6670460 4.7439460 2.0683741 2.6432043 2.5620015 2.8977825 3.7055449 3.6643494 3.8923956 3.2678554 3.5887709 3.2561328 3.6795658 4.7575375 2.9829464 4.6067656 
Spur_XM_776520.5                                  1.1242338 1.1295559 1.0526449 1.0917976 0.6887054 1.2284323 1.3091861 0.7134343 0.7592569 0.9171983 0.6450937 0.6946023 0.6928474 0.7751786 0.8699823 0.8654555 0.6976802 0.7823249 1.1296759 0.7072922 0.7781788 0.8136117 1.0076721 0.9321913 1.0282532 0.8821629 1.0946243 1.1034317 1.0737618 1.2248118 0.8801658 1.0095985 1.0185788 1.0964538 1.0998298 1.0319690 0.9546313 1.2150341 1.0948488 0.0000000 1.3362935 1.0759825 1.2586860 1.2683535 1.2038419 1.2293184 1.2560009 1.1933551 1.1659243 1.6990140 1.6229450 1.6413447 1.5716323 1.5716323 1.6655584 1.4022818 1.5847427 1.5847427 1.4486156 1.5530995 1.7132091 1.8786058 2.6208860 2.6208860 2.0942635 2.3324078 2.6041993 1.8899165 2.0802703 2.4860827 1.9470807 2.2399266 2.3340836 2.6428063 2.4471062 3.0714910 3.1009916 2.8361090 3.1774140 2.8471232 2.8655381 3.0609287 2.2379804 3.5647651 
Morvir_scaffold16.g66.t1                          1.4303593 1.4151124 1.3231276 1.2262330 1.0082955 1.5147325 1.4560814 1.1006692 0.9573124 1.2048882 0.8670739 1.0437458 0.9663032 0.6886181 0.8049994 0.8353866 0.9548075 0.7750066 1.5205587 0.8330084 0.8743025 0.9951462 1.1228245 0.9765750 1.0967831 1.1035453 0.7170764 0.7287128 0.7586003 0.9042117 0.7620141 1.4559928 1.2450707 1.4383583 1.3660589 1.4253375 1.2900031 1.3470510 1.5494011 1.3362935 0.0000000 1.5079668 1.5472024 1.5585225 1.4880213 1.5260923 1.5573331 1.5314589 1.4462951 1.6393463 1.8132821 1.8106780 1.5453882 1.5453882 1.5235569 1.4482524 1.6819832 1.6819832 1.6487580 1.8035062 1.6375124 2.0621526 2.3834039 2.3834039 2.4571988 2.7226737 2.8985732 2.1547644 2.5618802 2.2092966 2.3572304 2.1672514 2.4612847 2.9105641 2.9615398 3.1861727 2.7607082 2.6363620 2.8582419 2.8124409 3.0054793 3.4515774 2.8400740 4.1273944 
Tcas_TC010444_001                                 1.4498756 1.4340176 1.3776916 1.2565279 0.8061172 1.6575364 1.7417530 1.0024973 1.1232109 0.9492545 0.8506133 0.9571430 0.7351353 1.1327232 1.2088641 1.2560307 0.8269409 1.3129955 1.5182908 1.2319212 1.3215609 1.3693154 1.5987091 1.3452781 1.4940458 1.1791910 1.1759205 1.2942978 1.4285467 1.4320854 1.3344463 1.3507145 1.2411718 1.3203572 1.4209663 1.3713749 1.3689263 1.6491507 1.0891908 1.0759825 1.5079668 0.0000000 1.5070366 1.5198705 1.4228869 1.4501192 1.4365398 1.5105237 1.5313493 2.0595342 1.7943759 1.7775371 1.6177744 1.6177744 1.7367804 1.4720744 1.7719525 1.7719525 1.5854191 1.7393554 1.8318733 2.6376710 2.8032448 2.8032448 2.2032592 2.3668617 2.5470511 2.0058938 2.1380704 2.8541610 2.1353208 2.0927645 2.2484883 2.5351903 3.1698847 3.2694595 3.1026954 2.8386314 3.1087655 2.6733904 2.9221663 3.0083791 2.7427404 4.3513181 
HoiH23_PlH23_002186-RA                            1.4366488 1.4211512 1.3067779 1.4726559 1.0613080 1.4314117 1.3760936 1.2112075 1.2742100 1.3378345 1.1012137 1.2925441 1.1860301 0.9530181 1.0524431 1.0345261 0.7342888 1.1181805 1.3322055 0.9335941 1.0334484 0.9921621 1.1963349 0.9643978 1.0750681 1.2390370 1.2580816 1.2436507 1.1009946 1.4070579 1.1971638 1.3302421 1.1884842 1.3771215 1.3724135 1.2600382 1.1925691 1.2184787 1.1221932 1.2586860 1.5472024 1.5070366 0.0000000 0.0247566 0.0452935 0.0548856 0.0613376 0.1275249 0.1350535 1.9931499 1.7722048 1.7678052 1.7763948 1.7763948 1.7559061 1.6072994 1.6406493 1.6406493 1.7287486 1.7599259 1.6084522 2.0392172 2.4935195 2.4935195 2.0635163 2.2764145 2.5451914 2.2719964 2.2476066 2.7487552 2.1451723 2.2513748 2.1030564 2.7214195 2.8533835 2.7320822 2.7434787 2.4774866 3.1661390 2.8073306 2.5087047 2.9710662 2.5436411 4.4438883 
HoiH06_mRNA11120                                  1.4153959 1.4001599 1.2809862 1.5038471 1.0879570 1.4699461 1.4421150 1.2140709 1.2888402 1.3344698 1.1040599 1.2760366 1.1994553 0.9933569 1.0875837 1.0705240 0.8220290 1.1419621 1.4257525 0.9404974 1.0438719 0.9892160 1.2136487 0.9506444 1.0618653 1.2518039 1.2801921 1.2372951 1.0961048 1.4191700 1.2035184 1.3489123 1.2006356 1.4108814 1.4071104 1.2799482 1.2036159 1.2347543 1.1550052 1.2683535 1.5585225 1.5198705 0.0247566 0.0000000 0.0506289 0.0555655 0.0723931 0.1413716 0.1478850 2.0100471 1.8210485 1.8166132 1.8012332 1.8012332 1.8146157 1.6379818 1.6921714 1.6921714 1.7581777 1.8273900 1.6433569 2.0962436 2.4894780 2.4894780 2.0694982 2.2607993 2.5713003 2.2653983 2.2685582 2.7337428 2.1833807 2.2388503 2.1381319 2.7045027 2.8731142 2.7153155 2.7671576 2.4516620 3.1989717 2.8147790 2.4232631 3.0654692 2.5136022 4.5525942 
