101
Lcom_lcpid135988                                             0.0000000 0.1657918 0.3097187 0.3498868 0.3005862 0.3255050 0.3146429 0.4496280 0.4523586 0.2964667 0.2964667 0.2667573 0.3370067 0.3281998 0.2715923 0.2845292 0.2490055 0.2447336 0.2887233 0.2659820 0.3327430 0.3188996 0.2910719 0.2910719 0.2725803 0.0000010 0.2924234 0.2766253 0.2797490 0.2871604 0.2929157 0.0000010 0.0000010 0.3685753 0.3227311 0.2699057 0.2245769 0.0000010 0.0000010 0.3408125 0.0000010 0.3186064 0.3321608 0.3385111 0.3004590 0.3014143 0.3013771 0.2671107 0.2671107 0.3196080 0.3195602 0.3453337 0.3090243 0.2692642 0.2692642 0.2626522 0.4431315 0.4431315 0.2413295 0.2729274 0.2786966 0.3781047 0.1967410 0.7559804 0.2899575 0.1725648 0.2221013 0.3142379 0.2795841 0.3222527 0.3111722 0.2763721 0.3160822 0.3854607 0.2120379 0.2582019 0.3050261 0.3190878 0.2964855 0.2803176 0.3348413 0.4204187 0.3036159 0.2667130 0.2254404 0.2154337 0.3884568 0.2650093 0.2796163 0.4379861 0.4954650 0.3230261 0.2746823 0.0000010 0.0000010 0.2532190 0.0000010 0.8358470 0.7493936 0.0000010 0.0000010 
Lcom_lcpid223207                                             0.1657918 0.0000000 0.2334017 0.3453135 0.3741763 0.5920033 0.3815877 0.2808163 0.3618390 0.3407687 0.3407687 0.3000941 0.3617212 0.3617212 0.2892095 0.2520644 0.2879804 0.2983804 0.2994718 0.2999661 0.2884166 0.3938689 0.3589728 0.3589728 0.3286553 0.0000010 0.3725550 0.3616835 0.3336748 0.3479273 0.3442010 0.0000010 0.0000010 0.3739939 0.3514752 0.3206700 0.2848642 0.0000010 0.0000010 0.3347032 0.0000010 0.5382142 0.3511699 0.3956761 0.4424688 0.4850108 0.5190154 0.5236171 0.5236171 0.3377269 0.3687732 0.4099262 0.3245963 0.3212086 0.3212086 0.3212086 4.8723463 4.8723463 0.3709103 0.4299565 0.4582715 0.4354928 0.4559627 0.2692179 0.2986144 0.2847923 0.3252786 0.3161898 0.4391616 0.3152577 0.3401388 0.3983993 0.3266195 0.4257239 0.3210100 0.3779414 0.4309259 0.3896815 0.4370397 0.4814356 0.3768675 0.5960048 0.4433296 0.4421916 0.3254129 0.4742192 0.4591603 0.3808031 0.3584965 0.6124024 1.3999545 0.6056529 0.4425191 0.0000010 0.0000010 0.0000010 0.0000010 2.7997137 0.5565312 0.0000010 0.0000010 
Bralan_BLAG02000788_1                                        0.3097187 0.2334017 0.0000000 0.2034541 0.6239036 0.2521694 0.6190861 0.1683313 0.2186614 0.1492395 0.1492395 0.2805804 0.5160393 0.2559242 0.4668368 0.2866468 0.4615039 0.3697333 0.3713542 0.3756641 0.4209951 0.5745762 0.3886465 0.4530448 0.4986993 1.8425540 0.5470714 0.5335048 0.5172719 0.5174580 0.5373599 0.3116027 1.1253540 0.5597004 0.5953509 0.4009499 0.4479473 0.7225832 0.8890106 0.5139276 1.0290901 0.5205108 0.5618953 0.4351149 0.5145663 0.5296595 0.5290831 0.6103774 0.2974060 0.5070319 0.4856060 0.4856272 0.5395318 0.6023419 0.5959810 0.6271664 0.5727836 0.3743045 0.4859878 0.4689867 0.6151167 0.6659943 0.3940765 0.9505348 0.6729541 0.7032357 0.8740987 0.6052569 0.6190184 0.5759889 0.5844282 0.6477083 0.5785495 0.6610221 0.6729562 0.6723816 0.8784036 0.8372810 0.7549613 0.8625313 1.0413532 1.1878510 0.9261859 0.9252828 1.0435933 0.5910582 0.8447140 0.9977891 1.0866665 1.2323944 0.9483074 0.6418847 0.6592608 1.2285579 0.7069202 1.0629930 1.5583405 1.2959400 0.8404411 2.0064671 3.0298273 
Tetwil_g14980.t1                                             0.3498868 0.3453135 0.2034541 0.0000000 0.1211403 0.1904563 0.1655468 0.3956868 0.3184740 0.1953939 0.1953939 0.2553157 0.3025881 0.3025881 0.2627252 0.2924104 0.2916078 0.2268265 0.2623906 0.2622006 0.3090158 0.1738650 0.2264511 0.2264511 0.2461741 0.0000010 0.2707653 0.2607904 0.2201561 0.2297562 0.2559791 0.0000010 0.0000010 0.4307069 0.3309821 0.2608385 0.2797605 0.0000010 0.0000010 0.2877187 0.0000010 0.2270745 0.2909270 0.3371359 0.2511041 0.2737108 0.2500794 0.1731524 0.1731524 0.2893490 0.3047321 0.3473596 0.2901952 0.2659252 0.2659252 0.2568864 0.7955581 0.7955581 0.3391385 0.3056011 0.3621199 0.3375829 0.1752047 0.6410031 0.3268999 0.4494552 0.3733241 0.2822214 0.2644030 0.2809790 0.2753643 0.2810581 0.2838088 0.3695863 0.3736558 0.3543126 0.3593418 0.3639094 0.3796484 0.4399412 0.4968276 0.5272377 0.5108072 0.4374647 0.4515156 0.1857546 0.4559124 0.4151176 0.4391326 0.5790098 0.7145192 0.3894616 0.2574791 0.0000010 0.0000010 0.0000010 0.0000010 2.7997137 0.7390170 0.0000010 0.0000010 
Spolac_c101030_g1_i1_m.24292c101030-g1                       0.3005862 0.3741763 0.6239036 0.1211403 0.0000000 0.1514525 0.5091514 0.3875332 0.3363973 0.2058330 0.2058330 0.4474963 0.6998087 0.3456390 0.5491378 0.4538749 0.6649962 0.5580691 0.5975347 0.5796506 0.5840175 0.4984904 0.5408767 0.5845760 0.6688095 3.7722685 0.6891151 0.6925168 0.6500296 0.6701950 0.6898800 0.3861410 1.3489748 0.7125677 0.8208092 0.6679201 0.6060868 0.7857506 0.9552130 0.5753562 1.0938511 0.6405469 0.6407069 0.5301526 0.6615363 0.6675703 0.6655142 0.7095616 0.3445394 0.6274493 0.5469907 0.5651230 0.7172830 0.7360523 0.7368465 0.7800934 0.5590113 0.3530886 0.6320744 0.5733187 0.7068046 0.8419267 0.5062116 0.9005724 0.8085589 0.7670549 0.9941904 0.7843159 0.8003980 0.7429944 0.7576010 0.8066331 0.7746421 0.8552486 0.8613654 0.7304856 0.9324543 0.9507792 0.7856199 1.0726489 1.2062615 1.2079337 1.0400921 1.0590211 1.2016331 0.5884437 1.0149879 1.1732434 1.1395429 1.4072740 1.0527868 0.8157731 0.8956807 1.5133364 0.9662507 0.4190539 1.7804489 1.9452885 1.3639030 4.5846654 3.8401851 
Stycar_maker-SC_scaffold3953-snap-gene-0.28-mRNA-1           0.3255050 0.5920033 0.2521694 0.1904563 0.1514525 0.0000000 0.1981079 0.5790585 0.3521798 2.5063787 2.5063787 0.2600165 0.2770763 0.3649162 0.2237545 0.2566520 0.2574268 0.2553911 0.2706457 0.2791323 0.3376549 0.1944492 0.2407462 0.2407462 0.2411964 0.3555660 0.2427846 0.2370532 0.2206700 0.2247481 0.2134770 0.3353889 0.2963622 0.3148505 0.2913143 0.2777671 0.2502864 0.4720700 0.4720700 0.3976729 0.6966258 0.3412464 0.4011624 0.4178867 0.3724718 0.3850209 0.3640239 0.3389143 0.3414365 0.4334483 0.4248613 0.4300406 0.2465087 0.2659015 0.2659015 0.2595240 0.2851621 0.2851621 0.3086681 0.3029043 0.3280909 0.3922046 0.1954664 3.1211842 0.2502813 0.4092760 0.4813771 0.3007015 0.2650636 0.2913266 0.2913266 0.2701385 0.3070614 0.3438640 0.4011996 0.4170505 0.4883220 0.5171792 0.5350993 0.5379848 0.5389421 0.7022901 0.4810122 0.5107099 0.4462742 0.1514693 0.5789013 0.5075392 0.4678424 0.6904666 0.3749540 0.2375798 0.2063851 0.5326818 0.6040423 0.1535631 0.3998478 0.5026426 1.9924735 0.0000010 0.6929447 
Aque_Aqu2.1.36284_001                                        0.3146429 0.3815877 0.6190861 0.1655468 0.5091514 0.1981079 0.0000000 0.4767750 0.3160710 0.1661538 0.1661538 0.4556617 0.5996422 0.3236823 0.5151933 0.4917579 0.5594625 0.5756156 0.6059884 0.6110447 0.5879985 0.2375728 0.5297380 0.5972346 0.5760344 2.1875992 0.6636622 0.6459408 0.6274065 0.6529935 0.6935825 0.4084217 1.3322030 0.7264499 0.7482440 0.6494927 0.6342786 0.8454487 1.0009411 0.5953946 1.2513376 0.5976076 0.6248728 0.5435434 0.6228059 0.6379751 0.6341492 0.6701906 0.3489971 0.5654989 0.5773167 0.5609869 0.6501259 0.6999161 0.6970892 0.7555626 0.5186476 0.3316521 0.6218871 0.5404051 0.6548498 0.7574289 0.5133439 0.9780836 0.7291485 0.7623403 0.9058291 0.7041378 0.7289663 0.6846824 0.6968471 0.7715702 0.6922621 0.7662728 0.8797174 0.7259407 0.9255481 0.9355203 0.8100892 0.9941603 1.0931840 1.2151437 1.0767399 1.0395198 1.1037198 0.3865433 0.9038706 1.1121536 1.0998327 1.4412422 0.9859653 0.7655290 0.8172206 1.4604710 1.0089078 0.8622376 1.7665737 1.3107223 1.0440876 3.0615143 3.6931529 
Chem_TCONS_00052651                                          0.4496280 0.2808163 0.1683313 0.3956868 0.3875332 0.5790585 0.4767750 0.0000000 0.1312267 0.1881463 0.1881463 0.1980352 0.1312621 0.1312621 0.3719539 0.2731715 0.2883780 0.2851360 0.2740796 0.2920229 0.3281659 0.4482531 0.1887045 0.1887045 0.2292943 0.0000010 0.2434474 0.2176808 0.1996685 0.2160251 0.2152533 0.0000010 0.0000010 0.3630849 0.1292668 0.3546222 0.2478225 0.0000010 0.0000010 0.2828025 0.0000010 0.3766686 0.2691405 0.2826884 0.3366788 0.4315020 0.3948257 0.0000010 0.0000010 0.2877724 0.3103351 0.3676015 0.2806241 0.2985250 0.2985250 0.2978453 3.8557261 3.8557261 0.2740014 0.2986669 0.3831639 0.2966208 0.1868447 0.3844094 0.3166406 0.5951334 0.4451830 0.3927376 0.4565592 0.3717588 0.3523778 0.4153847 0.4121383 0.8929413 0.4320989 0.3780951 0.5269951 0.5324192 0.4778531 0.6435628 0.8320004 1.0784997 0.6193186 0.5364922 0.5939660 0.0000010 0.7365190 0.4964361 0.4696657 1.1099465 5.3455025 0.5702687 0.1657506 0.0000010 0.0000010 0.0000010 0.0000010 2.5979544 0.4079915 0.0000010 0.0000010 
Aaur_scaffold509.g11.t1                                      0.4523586 0.3618390 0.2186614 0.3184740 0.3363973 0.3521798 0.3160710 0.1312267 0.0000000 0.1008599 0.1008599 0.1722673 0.0574946 0.0582711 0.2584529 0.2142561 0.2253335 0.2502552 0.2349780 0.2516330 0.3002515 0.3091016 0.1715409 0.1715409 0.2079631 0.0000010 0.1824529 0.1687470 0.1594743 0.1678640 0.1743355 0.0000010 0.0000010 0.3187406 0.1388934 0.2744469 0.1889785 0.0000010 0.0000010 0.2966281 0.0000010 0.2285192 0.2923160 0.3211185 0.2983527 0.3129192 0.2943451 0.2596944 0.3075978 0.2771159 0.3014089 0.3135510 0.2142531 0.2196962 0.2196962 0.2106629 0.7210951 0.7210951 0.2745484 0.2939185 0.3185451 0.2969302 0.1980186 0.4710118 0.2425386 0.4750375 0.4694847 0.2825758 0.2730641 0.2907596 0.2704027 0.2452194 0.3028833 0.4160767 0.4524306 0.3776436 0.4440195 0.4182132 0.4647389 0.4890659 0.6082389 0.6804750 0.6081770 0.5288335 0.5190912 0.2944659 0.4416232 0.4905686 0.4230492 0.6863316 0.6666476 0.2828034 0.1420093 0.6007438 0.0000010 1.4526390 0.6007438 1.9850798 0.4925563 0.0000010 0.6007438 
Dpul_mRNA12128                                               0.2964667 0.3407687 0.1492395 0.1953939 0.2058330 2.5063787 0.1661538 0.1881463 0.1008599 0.0000000 0.0000010 0.0664926 0.1008599 0.1008599 0.0664987 0.1386317 0.1424995 0.1446704 0.1446704 0.1446704 0.1023772 0.1661538 0.1518364 0.1518364 0.2269492 0.0000010 0.1897355 0.1897355 0.1498267 0.1897355 0.1827008 0.0000010 0.0000010 0.2552106 0.2518970 0.1403028 0.2269090 0.0000010 0.0000010 0.2754392 0.0000010 0.0000010 0.2744028 0.2744028 0.4863485 1.3134259 2.0770699 0.0000010 0.0000010 0.2193935 0.1813256 0.2666489 0.1415614 0.2292379 0.2292379 0.2292379 3.5306752 3.5306752 0.3153445 0.3597335 0.2807500 0.4249401 0.0000010 0.1003864 0.2480713 0.3418805 0.3389297 0.2691516 1.3699988 0.3089024 0.3089024 0.9926813 0.2295819 0.5874101 0.4435550 0.3665971 0.3785171 0.2977592 0.3525870 0.3358221 0.5339373 0.4897126 0.5089560 0.6072589 0.4355284 0.0000010 0.3674522 0.3628427 0.3858176 0.5061607 8.9999983 2.4763448 0.0000010 0.0000010 0.0000010 0.0000010 0.0000010 0.0000010 0.1642457 0.0000010 0.0000010 
Dpul_mRNA20263                                               0.2964667 0.3407687 0.1492395 0.1953939 0.2058330 2.5063787 0.1661538 0.1881463 0.1008599 0.0000010 0.0000000 0.0664926 0.1008599 0.1008599 0.0664987 0.1386317 0.1424995 0.1446704 0.1446704 0.1446704 0.1023772 0.1661538 0.1518364 0.1518364 0.2269492 0.0000010 0.1897355 0.1897355 0.1498267 0.1897355 0.1827008 0.0000010 0.0000010 0.2552106 0.2518970 0.1403028 0.2269090 0.0000010 0.0000010 0.2754392 0.0000010 0.0000010 0.2744028 0.2744028 0.4863485 1.3134259 2.0770699 0.0000010 0.0000010 0.2193935 0.1813256 0.2666489 0.1415614 0.2292379 0.2292379 0.2292379 3.5306752 3.5306752 0.3153445 0.3597335 0.2807500 0.4249401 0.0000010 0.1003864 0.2480713 0.3418805 0.3389297 0.2691516 1.3699988 0.3089024 0.3089024 0.9926813 0.2295819 0.5874101 0.4435550 0.3665971 0.3785171 0.2977592 0.3525870 0.3358221 0.5339373 0.4897126 0.5089560 0.6072589 0.4355284 0.0000010 0.3674522 0.3628427 0.3858176 0.5061607 8.9999983 2.4763448 0.0000010 0.0000010 0.0000010 0.0000010 0.0000010 0.0000010 0.1642457 0.0000010 0.0000010 
Hsap_ENST00000519065                                         0.2667573 0.3000941 0.2805804 0.2553157 0.4474963 0.2600165 0.4556617 0.1980352 0.1722673 0.0664926 0.0664926 0.0000000 0.3077220 0.2196573 0.3035309 0.2009798 0.2834704 0.2969422 0.2875076 0.2985976 0.3895791 0.4907533 0.2939474 0.3197951 0.3046105 1.1211791 0.3717742 0.3505421 0.3336531 0.3342133 0.3655619 0.1534213 0.6263048 0.3897374 0.4098437 0.3818852 0.3064256 0.6939967 0.8236051 0.4859711 1.0948286 0.5302625 0.4875351 0.4679391 0.5466512 0.5583505 0.5636269 0.6015045 0.3886485 0.4902445 0.4629974 0.4821447 0.3475966 0.3893601 0.3893601 0.4071927 0.4476961 0.3698927 0.4331279 0.4436783 0.4830742 0.4831176 0.3783757 0.9309181 0.4190721 0.6139958 0.6481819 0.4255861 0.4314799 0.4278565 0.4274314 0.4410239 0.4028219 0.4678475 0.6164715 0.6254159 0.7226092 0.6977975 0.6712784 0.7817720 0.9030454 0.9143610 0.8285631 0.8153575 0.8846562 0.5781864 0.7023947 0.8262926 0.8585125 1.0173490 0.6351739 0.4655154 0.3332006 1.0108265 0.7810428 0.7245877 1.0412779 0.7693720 0.8957241 1.2358393 2.5810910 
Nemnom_g1903.t1                                              0.3370067 0.3617212 0.5160393 0.3025881 0.6998087 0.2770763 0.5996422 0.1312621 0.0574946 0.1008599 0.1008599 0.3077220 0.0000000 0.0384600 0.4488445 0.3037800 0.4660408 0.4030269 0.4823895 0.4904814 0.4667711 0.6303175 0.3784674 0.4411447 0.5187207 2.3742108 0.5188260 0.5033667 0.4831982 0.5004371 0.5555192 0.1477130 0.7763385 0.4478097 0.4228522 0.5621780 0.4962692 0.7352132 0.8606997 0.5117198 1.1256252 0.5434457 0.5446675 0.4642607 0.5988842 0.6115663 0.6132435 0.6358444 0.3378088 0.5128104 0.4958427 0.4885306 0.4969642 0.5670035 0.5620356 0.5390872 0.5396096 0.3814803 0.5202223 0.5070177 0.6572650 0.6843062 0.3921209 0.8185227 0.6841191 0.7290975 0.9349297 0.6590371 0.6655420 0.6428395 0.6346452 0.6709078 0.6294583 0.7066101 0.7968176 0.7382202 0.8348135 0.7878209 0.6900414 0.9036568 1.1189754 1.1199216 1.0117928 1.0153179 1.1457850 0.7129536 0.8327459 1.1520511 1.0565056 1.3449825 0.8626070 0.6054105 0.5160450 1.2491335 0.7757130 1.1258986 1.8095686 0.5635482 0.8930106 1.7126233 3.4676275 
Rhoesc_Res_012078-T1                                         0.3281998 0.3617212 0.2559242 0.3025881 0.3456390 0.3649162 0.3236823 0.1312621 0.0582711 0.1008599 0.1008599 0.2196573 0.0384600 0.0000000 0.2496799 0.2392294 0.2484400 0.2469637 0.2488441 0.2689019 0.2904979 0.3316761 0.1996614 0.1996614 0.2305422 0.0000010 0.1969539 0.1888282 0.1828068 0.1878316 0.1581772 1.1368030 0.4360504 0.2664903 0.1256158 0.2720750 0.2253049 0.7883955 0.7883955 0.3533514 0.9187492 0.3531845 0.3584354 0.3909586 0.3814508 0.3922375 0.3858789 0.3220366 0.3236785 0.3351515 0.3513056 0.3528965 0.2497926 0.2369927 0.2369927 0.2326058 0.5026877 0.5026877 0.3076517 0.3260238 0.3522357 0.4489451 0.2709016 0.6254923 0.2666540 0.4618348 0.4901335 0.2910741 0.2851930 0.3010892 0.2880277 0.2766047 0.3111186 0.3691607 0.4577600 0.4448934 0.5029363 0.5246149 0.4959825 0.5149763 0.5604691 0.6687595 0.5841932 0.5347408 0.5711573 0.2870512 0.4470974 0.5089551 0.5105199 0.6769984 0.3660552 0.2581701 0.0960888 1.0311184 2.4368742 0.5686000 0.9727254 0.2793284 0.7649566 0.0000010 9.0000000 
Dpul_mRNA23175                                               0.2715923 0.2892095 0.4668368 0.2627252 0.5491378 0.2237545 0.5151933 0.3719539 0.2584529 0.0664987 0.0664987 0.3035309 0.4488445 0.2496799 0.0000000 0.2877118 0.3510789 0.2831071 0.3017934 0.3235204 0.2773408 0.5739987 0.4010768 0.4579706 0.4974391 2.1389061 0.5453890 0.5187095 0.4906629 0.5043466 0.5405521 0.2046313 0.8139729 0.4338029 0.5637208 0.3800543 0.4119661 0.6196752 0.7886678 0.5027909 0.9974917 0.5133524 0.5413431 0.4765403 0.5563256 0.5682432 0.5697036 0.6188892 0.3118961 0.5017077 0.4978313 0.4754154 0.4554629 0.6026044 0.6026044 0.5954157 0.4433779 0.3440670 0.4549326 0.4923467 0.5521075 0.5952433 0.3855184 0.8971444 0.5666194 0.6524693 0.9010017 0.6292573 0.6175324 0.6078053 0.6094255 0.6248759 0.5879223 0.6692970 0.7451149 0.6701826 0.8530216 0.8343729 0.7127912 0.8084560 0.9707892 1.0705004 0.9422130 0.9215094 1.0430655 0.6131069 0.8781240 1.0115842 1.0561745 1.1852361 0.8299970 0.5687233 0.5640588 1.0230454 0.7733207 0.8672704 1.4198249 1.0231129 1.1455744 1.1956002 2.9542913 
Hsap_ENST00000373548                                         0.2845292 0.2520644 0.2866468 0.2924104 0.4538749 0.2566520 0.4917579 0.2731715 0.2142561 0.1386317 0.1386317 0.2009798 0.3037800 0.2392294 0.2877118 0.0000000 0.3111222 0.2954220 0.2901881 0.2888527 0.3760750 0.5114569 0.3005888 0.3340439 0.3452896 1.1954041 0.3710352 0.3461689 0.3301371 0.3346378 0.3437396 0.1596003 0.6380872 0.3576973 0.3861647 0.3833956 0.3000484 0.6693018 0.8111377 0.4743579 1.0528318 0.5162348 0.4876328 0.4578377 0.5104366 0.5208802 0.5200567 0.5827979 0.3391264 0.5162290 0.4667610 0.4734980 0.3619525 0.3965324 0.3965324 0.4181202 0.4326066 0.3639968 0.4436914 0.4222368 0.4717497 0.4883721 0.3675049 0.8802796 0.3548284 0.6188752 0.6628224 0.4176198 0.4354963 0.4127339 0.4156941 0.4380610 0.4086531 0.4718680 0.6015395 0.6177989 0.7288185 0.6786314 0.6449028 0.7197252 0.7693773 0.8667592 0.7975898 0.8134344 0.8594278 0.5343272 0.6822341 0.7684637 0.7783667 0.9269636 0.5903792 0.3882723 0.3495484 0.9555774 0.6315797 0.6695252 0.9192564 0.6910003 1.0632900 0.7666478 2.1859205 
Skow_XM_006825515.1                                          0.2490055 0.2879804 0.4615039 0.2916078 0.6649962 0.2574268 0.5594625 0.2883780 0.2253335 0.1424995 0.1424995 0.2834704 0.4660408 0.2484400 0.3510789 0.3111222 0.0000000 0.3098807 0.3656486 0.4056755 0.4236802 0.6275366 0.4605073 0.5296750 0.5164441 1.9761349 0.5595999 0.5558996 0.5539687 0.5422837 0.5798346 0.2112947 0.9527738 0.5141569 0.6532397 0.4777802 0.4700870 0.7947883 0.9441627 0.5472007 1.0846279 0.5537760 0.5576898 0.4549420 0.5609507 0.5741064 0.5747361 0.6716676 0.3338083 0.4941199 0.4956995 0.4823506 0.5457323 0.6155983 0.6091585 0.6165777 0.5520188 0.3666996 0.5065094 0.4805526 0.5938023 0.6922005 0.4486119 0.7715156 0.6141938 0.6853274 0.8435976 0.6707344 0.6959278 0.6367139 0.6411073 0.6680067 0.6194725 0.7326760 0.7583294 0.6483887 0.9017100 0.9127736 0.7349914 0.8854119 1.1208119 1.1805420 0.9668978 0.9971966 1.1290660 0.7313957 0.8741232 1.1359527 1.1424513 1.3354967 0.8606201 0.6010654 0.6381684 1.3101780 0.6575644 1.1290885 1.5862316 1.0757117 0.8727827 2.6174718 3.0426650 
Cscu_XM_023378308.1                                          0.2447336 0.2983804 0.3697333 0.2268265 0.5580691 0.2553911 0.5756156 0.2851360 0.2502552 0.1446704 0.1446704 0.2969422 0.4030269 0.2469637 0.2831071 0.2954220 0.3098807 0.0000000 0.2628269 0.3003005 0.3734784 0.5778193 0.3553385 0.3606918 0.3632919 1.0949287 0.4429905 0.4235960 0.4024658 0.3943350 0.4087559 0.2478582 0.7395826 0.4088581 0.4923567 0.3512360 0.3803929 0.7375823 0.8617618 0.5099353 1.0227676 0.5185519 0.5149107 0.4276547 0.5417288 0.5544774 0.5545717 0.6280296 0.3287579 0.4811507 0.4997720 0.4828184 0.3929456 0.5052883 0.5132024 0.5286308 0.5209569 0.3648407 0.4393904 0.4101273 0.4941456 0.6281963 0.4110480 0.7298598 0.4966205 0.6028163 0.7736516 0.4903305 0.4979432 0.4680078 0.4779272 0.5219420 0.4863332 0.5726551 0.6275984 0.6156924 0.8653261 0.8339007 0.7558858 0.8758463 0.9315767 1.0588433 0.8752310 0.8868271 0.9605927 0.6456839 0.7568518 0.9106752 0.9300067 1.1209400 0.7626456 0.5260951 0.3952746 0.9923893 0.7553439 0.8983932 1.3818733 1.1328838 1.0789897 1.7842655 2.1406517 
Acagra_model.g11820.t1                                       0.2887233 0.2994718 0.3713542 0.2623906 0.5975347 0.2706457 0.6059884 0.2740796 0.2349780 0.1446704 0.1446704 0.2875076 0.4823895 0.2488441 0.3017934 0.2901881 0.3656486 0.2628269 0.0000000 0.2039793 0.3385980 0.6169997 0.3837383 0.4491258 0.5171184 1.7104689 0.5425929 0.5126965 0.4838075 0.4994049 0.5049526 0.3225292 0.9491749 0.5126754 0.6004676 0.3860198 0.4457072 0.6826156 0.7840142 0.4682210 0.8101358 0.4722065 0.5024916 0.4222191 0.4902020 0.5014926 0.4946488 0.5671831 0.2793915 0.4525848 0.4456770 0.4319099 0.5113830 0.5686908 0.5671185 0.5432429 0.5764638 0.3864489 0.4969801 0.5041877 0.5744209 0.7277459 0.4746832 0.8916702 0.5826815 0.6427402 0.9006250 0.5981808 0.6134846 0.5849957 0.5869928 0.6017697 0.5721053 0.6658640 0.7086144 0.6433893 0.8540894 0.9001742 0.7200059 0.8023048 0.9274812 1.0852093 0.9250263 0.9066991 1.0816933 0.6670637 0.8751028 0.9256076 1.0267779 1.1406551 0.8334252 0.5820553 0.6317770 1.0847093 0.6578631 0.9111651 1.3165155 0.8896494 0.8230786 1.2838615 2.0285165 
Cgig_XM_034456207.1                                          0.2659820 0.2999661 0.3756641 0.2622006 0.5796506 0.2791323 0.6110447 0.2920229 0.2516330 0.1446704 0.1446704 0.2985976 0.4904814 0.2689019 0.3235204 0.2888527 0.4056755 0.3003005 0.2039793 0.0000000 0.3635703 0.5861457 0.4099978 0.4738501 0.4808120 1.5971014 0.5136726 0.4905834 0.4946521 0.4789137 0.4744072 0.3538578 0.8556441 0.4598074 0.5313410 0.3410195 0.4126843 0.7938549 0.8019836 0.4847421 0.9865872 0.5030910 0.5317074 0.4625111 0.5164096 0.5282765 0.5221480 0.5393457 0.2697783 0.5127749 0.4645593 0.4593132 0.4913655 0.5519635 0.5503998 0.5637745 0.5252544 0.4094908 0.4649881 0.4290020 0.5238671 0.6760182 0.4851100 0.9383539 0.5606056 0.6544823 0.8292940 0.5417544 0.5501502 0.5318067 0.5334653 0.5689082 0.5384367 0.6313791 0.6521764 0.7109946 0.8161240 0.8590438 0.7477853 0.8390622 0.8948378 1.0671255 0.8566836 0.8842532 1.0312603 0.6136494 0.8219284 0.9600540 0.9801262 1.0580359 0.7912633 0.5857949 0.6075229 1.1379241 0.8328918 0.8718101 1.3367248 0.9815354 0.8646575 1.3389169 2.5826740 
Tcas_TC002540_001                                            0.3327430 0.2884166 0.4209951 0.3090158 0.5840175 0.3376549 0.5879985 0.3281659 0.3002515 0.1023772 0.1023772 0.3895791 0.4667711 0.2904979 0.2773408 0.3760750 0.4236802 0.3734784 0.3385980 0.3635703 0.0000000 0.5754281 0.4858587 0.4901722 0.4970764 2.0353625 0.5429188 0.5096282 0.5228739 0.5130773 0.5234390 0.3137279 0.8941401 0.4862324 0.5560256 0.3938083 0.4543677 0.9142255 1.0153785 0.6057317 1.0825030 0.6102003 0.6171251 0.5568414 0.6368370 0.6504119 0.6544320 0.7267764 0.4229184 0.5757874 0.5486201 0.5439031 0.5431315 0.5886951 0.5886259 0.5913818 0.5929618 0.4598356 0.5593467 0.5028182 0.5762572 0.6955925 0.5354648 0.9217388 0.5121753 0.6786484 0.8835126 0.5929337 0.5924456 0.5789923 0.5823016 0.5738749 0.5865910 0.6739936 0.7831075 0.7463216 0.8911627 0.8635096 0.7658853 0.9654753 0.8786194 1.0819526 0.9301630 0.9528559 1.0236423 0.6334911 0.9074513 0.9551123 0.9918347 1.1027295 0.9452817 0.6352106 0.5742707 1.1801881 1.1084074 0.8983110 1.4990244 1.1844443 1.1101104 2.2505174 2.3491401 
Halamb_c48088_g1_i1m.23519                                   0.3188996 0.3938689 0.5745762 0.1738650 0.4984904 0.1944492 0.2375728 0.4482531 0.3091016 0.1661538 0.1661538 0.4907533 0.6303175 0.3316761 0.5739987 0.5114569 0.6275366 0.5778193 0.6169997 0.5861457 0.5754281 0.0000000 0.5068508 0.5536308 0.5835516 2.3112162 0.6722643 0.6546049 0.6469943 0.6495851 0.6492274 0.4122965 1.1600900 0.7120446 0.7491761 0.5861190 0.5963159 0.8240503 0.9526072 0.5913801 1.2631978 0.6198703 0.6075640 0.5062181 0.6179958 0.6329716 0.6290663 0.6726147 0.3233580 0.5753866 0.5888728 0.5549681 0.6365472 0.6307507 0.6293633 0.6934017 0.4783566 0.3286541 0.6052539 0.5023781 0.6271382 0.6806169 0.4894459 0.9291948 0.7122661 0.7556080 0.8698795 0.6240310 0.6338690 0.6263601 0.6328928 0.6960140 0.5897622 0.6491625 0.8628947 0.7150250 0.8865741 0.9164404 0.7923913 0.9972072 1.0731530 1.2341587 1.0121386 0.9831390 1.0661803 0.3028907 0.9568074 1.0867999 1.0652765 1.2408436 0.9894534 0.7620324 0.7973256 1.2842728 1.0757870 0.8581790 1.5338354 1.4208560 1.0377089 2.8763486 3.1766313 
Exapal_XM_021051664.1                                        0.2910719 0.3589728 0.3886465 0.2264511 0.5408767 0.2407462 0.5297380 0.1887045 0.1715409 0.1518364 0.1518364 0.2939474 0.3784674 0.1996614 0.4010768 0.3005888 0.4605073 0.3553385 0.3837383 0.4099978 0.4858587 0.5068508 0.0000000 0.0000010 0.1890458 0.5352997 0.2939016 0.2713475 0.2697436 0.2578807 0.2960864 0.2128837 0.6989569 0.4313805 0.4828720 0.4678229 0.3827968 0.8196371 0.8317089 0.4776888 0.9649615 0.5314392 0.5428714 0.4944446 0.5877391 0.5966426 0.5978637 0.6350450 0.3375114 0.5278263 0.5264216 0.4909441 0.4333162 0.4481375 0.4450527 0.4593382 0.5459811 0.3823365 0.4970887 0.4244235 0.5206296 0.5844868 0.3693365 0.8372531 0.5547130 0.5457911 0.6992815 0.4792049 0.4624634 0.4703167 0.4734968 0.5003075 0.5057095 0.5794509 0.6150042 0.5814678 0.7390422 0.7321323 0.6901394 0.7968538 0.8413820 0.9839877 0.7948606 0.8428855 0.8825265 0.5801293 0.8011800 0.9295155 0.8709875 1.1572440 0.6749649 0.4236846 0.4396085 1.0276527 0.6532427 0.7824762 1.2998441 1.1599776 0.8768555 1.9280891 1.9371047 
Exapal_XM_021045420.2                                        0.2910719 0.3589728 0.4530448 0.2264511 0.5845760 0.2407462 0.5972346 0.1887045 0.1715409 0.1518364 0.1518364 0.3197951 0.4411447 0.1996614 0.4579706 0.3340439 0.5296750 0.3606918 0.4491258 0.4738501 0.4901722 0.5536308 0.0000010 0.0000000 0.2511654 0.7140709 0.3631694 0.3384909 0.3362121 0.3305422 0.3780889 0.2128837 0.8275058 0.5205075 0.5788382 0.5181571 0.4682246 0.8196371 0.8761042 0.4946924 0.9649615 0.5493243 0.5605864 0.4944446 0.6100346 0.6194076 0.6212339 0.6665627 0.3375114 0.5453491 0.5344547 0.4986575 0.5592766 0.5456352 0.5423658 0.5643507 0.5882440 0.3823365 0.5580523 0.4602879 0.5960985 0.6531682 0.3990334 0.8372531 0.6663289 0.6146844 0.7951412 0.5916637 0.5821674 0.5728511 0.5768153 0.6159789 0.6140377 0.6990191 0.6645206 0.6162622 0.7671007 0.7836738 0.6901394 0.8440632 0.9390928 1.0706233 0.8635383 0.9155207 0.9999378 0.6900716 0.8722645 1.0466059 1.0020538 1.2408942 0.7687808 0.5158016 0.5580043 1.1739388 0.6444408 0.9414282 1.5316148 1.2784480 0.8768555 2.1239134 2.3410293 
Nvec_v1g79092                                                0.2725803 0.3286553 0.4986993 0.2461741 0.6688095 0.2411964 0.5760344 0.2292943 0.2079631 0.2269492 0.2269492 0.3046105 0.5187207 0.2305422 0.4974391 0.3452896 0.5164441 0.3632919 0.5171184 0.4808120 0.4970764 0.5835516 0.1890458 0.2511654 0.0000000 0.0427143 0.3962561 0.3860508 0.3762124 0.3699195 0.4348964 0.2104196 0.8422927 0.5593529 0.5779695 0.5086237 0.5027478 0.9014054 0.9493250 0.5291349 1.1374051 0.5677263 0.5407510 0.4896447 0.5968357 0.6112823 0.6078322 0.6472447 0.2965047 0.5139044 0.5331669 0.4997641 0.5845534 0.5589950 0.5545632 0.5909416 0.5703548 0.3575529 0.5326607 0.4714738 0.6098010 0.6121346 0.3711230 0.7901662 0.6413800 0.6289586 0.8701035 0.6352092 0.6524491 0.5770203 0.5824367 0.6528738 0.6177070 0.6960685 0.6757950 0.6487575 0.7940210 0.7698738 0.7240312 0.8609793 1.0079337 1.1599818 0.8735698 0.8930073 1.0364411 0.6973362 0.8192517 1.0569209 1.0934241 1.3490352 0.8201662 0.5797841 0.6308297 1.1468256 0.7564536 1.0111318 1.5974731 1.2441974 0.8101352 2.9809298 2.7060379 
Nvec_NVE4165                                                 0.0000010 0.0000010 1.8425540 0.0000010 3.7722685 0.3555660 2.1875992 0.0000010 0.0000010 0.0000010 0.0000010 1.1211791 2.3742108 0.0000010 2.1389061 1.1954041 1.9761349 1.0949287 1.7104689 1.5971014 2.0353625 2.3112162 0.5352997 0.7140709 0.0427143 0.0000000 1.1860418 1.2091113 1.2107672 1.0640089 1.5084611 0.0000010 1.5472158 2.0005308 2.8221166 1.7052076 1.8381398 2.3627918 2.0603501 1.8865915 1.7241946 1.9863917 2.0011578 1.6462179 2.3816458 2.3816458 2.3816458 2.6819578 9.0000000 1.9524933 2.3761124 1.8657960 2.7453811 2.5115885 2.4540287 2.8918505 3.0030832 0.7196917 1.8674202 1.7007098 2.2275976 1.8877435 1.4000284 2.1820741 3.6574788 1.9569351 2.9649408 2.5969126 2.3565198 1.9622641 1.9622641 2.5532021 1.9962002 1.9962002 2.1659830 2.4620697 3.3705788 2.8013286 4.1404864 4.8083475 4.8484199 3.8572862 4.9259748 5.6356999 8.4021146 2.3433638 2.7179213 7.5724833 8.5542770 7.3421907 2.0054221 2.1195766 1.8907495 2.7111897 1.4339846 3.0481803 3.9223846 3.8754468 4.8601770 2.6778579 3.7827032 
Spis_XP_022785784_1                                          0.2924234 0.3725550 0.5470714 0.2707653 0.6891151 0.2427846 0.6636622 0.2434474 0.1824529 0.1897355 0.1897355 0.3717742 0.5188260 0.1969539 0.5453890 0.3710352 0.5595999 0.4429905 0.5425929 0.5136726 0.5429188 0.6722643 0.2939016 0.3631694 0.3962561 1.1860418 0.0000000 0.0380404 0.1035998 0.0990778 0.1617699 0.2064915 0.9558437 0.5821546 0.6289783 0.6000450 0.5394419 1.1321971 1.1568116 0.6057120 1.5562430 0.6855367 0.6466836 0.5924231 0.6836600 0.6962422 0.7002947 0.7390409 0.3201995 0.5711591 0.5363241 0.5303433 0.6118291 0.4889842 0.4860166 0.5560107 0.5220073 0.3476155 0.5862791 0.4565163 0.6159418 0.6545464 0.4376778 0.7471826 0.6697913 0.7474734 0.8945357 0.6992487 0.6901441 0.6560677 0.6562713 0.7262400 0.6930622 0.7869817 0.7686534 0.7314299 0.8351956 0.8382329 0.7655438 0.9508223 1.0209084 1.1623441 0.9584126 0.9867585 1.0574489 0.6887460 0.8260927 1.0204946 1.0157280 1.2760849 0.5946584 0.3432724 0.6698298 1.5734093 0.7564585 1.1114754 1.8010245 1.2053719 0.8492426 4.3592206 4.2963297 
Pocdam_XM_027180784.1                                        0.2766253 0.3616835 0.5335048 0.2607904 0.6925168 0.2370532 0.6459408 0.2176808 0.1687470 0.1897355 0.1897355 0.3505421 0.5033667 0.1888282 0.5187095 0.3461689 0.5558996 0.4235960 0.5126965 0.4905834 0.5096282 0.6546049 0.2713475 0.3384909 0.3860508 1.2091113 0.0380404 0.0000000 0.0867795 0.0828570 0.1486106 0.2064915 0.9410265 0.5591447 0.6149049 0.5845687 0.5201900 1.0131625 1.0430147 0.5687604 1.3526428 0.6343165 0.6190031 0.5626158 0.6401105 0.6513497 0.6540940 0.6876395 0.3201995 0.5544827 0.5169638 0.5048479 0.5747529 0.4755696 0.4725396 0.5458187 0.5144741 0.3396908 0.5644185 0.4450953 0.5992895 0.6431692 0.4197249 0.7794259 0.6542168 0.7512112 0.8817306 0.6980368 0.6884341 0.6501125 0.6501992 0.7077585 0.6901018 0.7942536 0.7687435 0.7212512 0.8090434 0.8117209 0.7439566 0.9060820 1.0100900 1.1316992 0.9500563 0.9847879 1.0471713 0.6942044 0.8229976 1.0089966 1.0207301 1.2525409 0.5805114 0.3327855 0.6229309 1.4550443 0.7010911 1.0978607 1.7164909 1.2488793 0.8600735 3.7384918 3.7124878 
Gasp_gasp1.m3.28054.m1                                       0.2797490 0.3336748 0.5172719 0.2201561 0.6500296 0.2206700 0.6274065 0.1996685 0.1594743 0.1498267 0.1498267 0.3336531 0.4831982 0.1828068 0.4906629 0.3301371 0.5539687 0.4024658 0.4838075 0.4946521 0.5228739 0.6469943 0.2697436 0.3362121 0.3762124 1.2107672 0.1035998 0.0867795 0.0000000 0.0525729 0.1295950 0.1961933 0.8630434 0.5310947 0.5970734 0.5739237 0.5517200 0.9679225 1.0425780 0.5426675 1.2628745 0.6328344 0.6031532 0.5478782 0.6314014 0.6473883 0.6500395 0.7275587 0.3189976 0.5361168 0.5271536 0.5206267 0.5710174 0.4877719 0.4846991 0.5356901 0.5335102 0.3478578 0.5777904 0.4624513 0.6109301 0.6268511 0.4433200 0.9025918 0.6734508 0.7413722 0.9315138 0.6742610 0.6622716 0.6239198 0.6241568 0.6955813 0.6800314 0.7756423 0.7703229 0.7217006 0.8324656 0.8109092 0.7404511 0.9422157 1.0309019 1.1156580 0.9971811 1.0224710 1.0466239 0.6794111 0.8304842 1.0039126 1.0565987 1.2588819 0.5230842 0.2781972 0.6565166 1.5586109 0.6936164 1.1139568 1.7123596 1.1994187 0.9025795 3.4872124 3.7678015 
Fspp_ffun1.m4.2062.m1                                        0.2871604 0.3479273 0.5174580 0.2297562 0.6701950 0.2247481 0.6529935 0.2160251 0.1678640 0.1897355 0.1897355 0.3342133 0.5004371 0.1878316 0.5043466 0.3346378 0.5422837 0.3943350 0.4994049 0.4789137 0.5130773 0.6495851 0.2578807 0.3305422 0.3699195 1.0640089 0.0990778 0.0828570 0.0525729 0.0000000 0.1319554 0.1936947 0.8513961 0.5309873 0.6039410 0.5679352 0.5474677 0.9813710 1.0283603 0.5554437 1.3367648 0.6145195 0.6047695 0.5414491 0.6339262 0.6450195 0.6475931 0.7121709 0.3189976 0.5377434 0.5272025 0.5001050 0.5568685 0.4810557 0.4780042 0.5241928 0.5260207 0.3486462 0.5562578 0.4439796 0.6062782 0.5913246 0.4294249 0.9044860 0.6563269 0.7231904 0.8905260 0.6636007 0.6526554 0.6193043 0.6194590 0.6992880 0.6584478 0.7574053 0.7414819 0.7188084 0.8122737 0.8059547 0.7367234 0.9350962 1.0176482 1.1316588 0.9831362 0.9847358 1.0625446 0.7035301 0.8006727 1.0072667 1.0395525 1.2448959 0.5259608 0.2838004 0.6433665 1.4771736 0.6749443 1.1225208 1.7021862 1.1923954 0.8592021 3.6933762 3.9545498 
Amil_Amillepora21928-RA                                      0.2929157 0.3442010 0.5373599 0.2559791 0.6898800 0.2134770 0.6935825 0.2152533 0.1743355 0.1827008 0.1827008 0.3655619 0.5555192 0.1581772 0.5405521 0.3437396 0.5798346 0.4087559 0.5049526 0.4744072 0.5234390 0.6492274 0.2960864 0.3780889 0.4348964 1.5084611 0.1617699 0.1486106 0.1295950 0.1319554 0.0000000 0.1789360 1.0290552 0.5763802 0.6405950 0.5990465 0.5681657 1.1452734 1.1683594 0.5924507 1.4465648 0.6575143 0.6449341 0.5707334 0.6729284 0.6924616 0.6966511 0.7748316 0.2900642 0.5511762 0.5467785 0.5445409 0.6012616 0.5082069 0.5048963 0.5830936 0.5522343 0.3585611 0.5651723 0.4539404 0.6301118 0.6368491 0.4626838 0.7917189 0.6529887 0.7298437 0.8857326 0.7163219 0.7029498 0.6551944 0.6666312 0.7404658 0.6619297 0.7573648 0.7599295 0.7486071 0.8677046 0.8067708 0.7135217 0.9342662 1.0701502 1.1180833 1.0177591 1.0328373 1.1126662 0.6897815 0.8651499 0.9996463 1.0613636 1.2672840 0.3679855 0.2785674 0.7099410 1.6293974 0.6047191 1.1321528 1.7703944 1.4655636 0.8996236 3.5827278 4.2173283 
Morvir_scaffold3286.g1.t1                                    0.0000010 0.0000010 0.3116027 0.0000010 0.3861410 0.3353889 0.4084217 0.0000010 0.0000010 0.0000010 0.0000010 0.1534213 0.1477130 1.1368030 0.2046313 0.1596003 0.2112947 0.2478582 0.3225292 0.3538578 0.3137279 0.4122965 0.2128837 0.2128837 0.2104196 0.0000010 0.2064915 0.2064915 0.1961933 0.1936947 0.1789360 0.0000000 0.1737573 0.1823126 0.2174009 0.3119614 0.2984646 0.3261754 0.3261754 0.3580343 0.4507649 0.3261754 0.3570897 0.3570897 0.3352145 0.3352145 0.3352145 0.4063615 0.8126044 0.2893626 0.3210692 0.3392644 0.2807545 0.3879051 0.3879051 0.4037323 0.3256510 0.3256510 0.3233568 0.4096474 0.3693646 0.3219031 0.3347829 0.0000010 0.2707853 0.3570221 0.4362241 0.4320296 0.4320296 0.4320296 0.4320296 0.4294470 0.4374753 0.4374753 0.4582242 0.5032494 0.4370137 0.5020891 0.5030508 0.5707853 0.5750222 0.6685390 0.4589795 0.4597887 0.5425977 0.3742317 0.5745670 0.6554904 0.5114716 0.6759690 3.1826134 0.2064915 9.0000000 0.4542884 0.4712436 0.3720054 0.4098970 0.2731214 0.8878884 0.0000010 0.3587258 
Chem_TCONS_00018246                                          0.0000010 0.0000010 1.1253540 0.0000010 1.3489748 0.2963622 1.3322030 0.0000010 0.0000010 0.0000010 0.0000010 0.6263048 0.7763385 0.4360504 0.8139729 0.6380872 0.9527738 0.7395826 0.9491749 0.8556441 0.8941401 1.1600900 0.6989569 0.8275058 0.8422927 1.5472158 0.9558437 0.9410265 0.8630434 0.8513961 1.0290552 0.1737573 0.0000000 0.6253872 1.0712612 0.8646156 0.9871379 0.9209164 0.9859347 0.9960431 1.2114672 1.0370343 1.0414928 0.8491541 1.1715922 1.1715922 1.1715922 1.0219011 0.6614341 1.0356057 1.0185233 0.9291420 1.0193781 1.0716607 1.0847672 1.1976944 0.7941773 0.3608078 1.0871053 0.8258963 1.2748983 0.9797820 0.8099625 2.5209057 1.3042193 1.3078506 1.7100947 1.1875710 1.1052628 1.1489345 1.1345559 1.1748685 1.0421368 1.0421368 1.4467485 1.2508234 1.5353382 1.5603286 1.3359694 1.8057342 2.2308363 1.8368625 1.5755835 1.6419994 2.2383213 1.1482214 1.7039482 2.3195717 2.2924044 2.3013362 1.3856418 0.9214611 1.2446684 1.3692407 0.9907983 1.2506054 1.6941185 1.1954106 1.6984808 2.9056391 3.8689596 
Hvul_g28216_1                                                0.3685753 0.3739939 0.5597004 0.4307069 0.7125677 0.3148505 0.7264499 0.3630849 0.3187406 0.2552106 0.2552106 0.3897374 0.4478097 0.2664903 0.4338029 0.3576973 0.5141569 0.4088581 0.5126754 0.4598074 0.4862324 0.7120446 0.4313805 0.5205075 0.5593529 2.0005308 0.5821546 0.5591447 0.5310947 0.5309873 0.5763802 0.1823126 0.6253872 0.0000000 0.5531471 0.5376649 0.5775115 1.0409429 1.1121184 0.6173624 1.2466506 0.6406385 0.6714857 0.6232328 0.6464514 0.6518653 0.6568220 0.7109098 0.3615775 0.6077599 0.5763096 0.5603369 0.6472839 0.5932161 0.5988263 0.6665126 0.6174875 0.3916846 0.5756474 0.4935408 0.6541044 0.6591361 0.4653828 1.4255943 0.6931680 0.7352897 0.9983523 0.6475679 0.6302776 0.6443315 0.6230674 0.6474654 0.6260531 0.6874676 0.7489701 0.6283890 0.8529233 0.9257630 0.7673260 0.9002004 1.0433849 1.1500863 0.9455462 0.8946103 1.0034578 0.6808420 0.8747145 1.1355571 1.0179149 1.4213870 0.8393675 0.5906986 0.5046512 1.2722762 0.8588381 1.0434901 1.7666343 1.1279084 1.1793140 3.1373830 3.0280175 
Sanmal_Sma_007716-T1                                         0.3227311 0.3514752 0.5953509 0.3309821 0.8208092 0.2913143 0.7482440 0.1292668 0.1388934 0.2518970 0.2518970 0.4098437 0.4228522 0.1256158 0.5637208 0.3861647 0.6532397 0.4923567 0.6004676 0.5313410 0.5560256 0.7491761 0.4828720 0.5788382 0.5779695 2.8221166 0.6289783 0.6149049 0.5970734 0.6039410 0.6405950 0.2174009 1.0712612 0.5531471 0.0000000 0.5654167 0.4969180 0.9409936 1.1772535 0.5873161 1.2417624 0.6383091 0.6413035 0.5617515 0.6627673 0.6701389 0.6734960 0.6935721 0.3061144 0.5872640 0.5569951 0.5267659 0.6908117 0.6215693 0.6201365 0.5961022 0.6506105 0.4087427 0.5865314 0.5776998 0.6877917 0.7835931 0.4825443 0.9614669 0.7855478 0.7523779 0.9779892 0.7376473 0.7585194 0.6784219 0.6785695 0.7441458 0.7306293 0.8254768 0.8187170 0.7125876 0.8794418 0.9103457 0.7621632 0.9832278 1.1601141 1.2456796 1.0169220 0.9830199 1.2167601 0.7386134 0.9111930 1.0337645 1.0454470 1.4111215 1.0510142 0.6890290 0.6774838 1.4168667 0.8686306 1.2965356 2.1577961 1.1416150 0.9351957 3.3344599 4.8272971 
Ctel_gnl_WGS_AMQN_CAPTEDRAFT_mRNA175897                      0.2699057 0.3206700 0.4009499 0.2608385 0.6679201 0.2777671 0.6494927 0.3546222 0.2744469 0.1403028 0.1403028 0.3818852 0.5621780 0.2720750 0.3800543 0.3833956 0.4777802 0.3512360 0.3860198 0.3410195 0.3938083 0.5861190 0.4678229 0.5181571 0.5086237 1.7052076 0.6000450 0.5845687 0.5739237 0.5679352 0.5990465 0.3119614 0.8646156 0.5376649 0.5654167 0.0000000 0.4768187 0.7820641 0.8674640 0.5346625 1.0045183 0.5329619 0.5598393 0.4887992 0.5805643 0.5868681 0.5821998 0.6233296 0.2691170 0.5294657 0.5174784 0.5009031 0.5666302 0.5941695 0.5962374 0.6429114 0.6223532 0.4075878 0.5271066 0.4851372 0.6315408 0.7077533 0.5107379 0.9224039 0.6296089 0.6994439 0.8727226 0.6169770 0.6581635 0.5976881 0.6080750 0.6489131 0.6315720 0.7015226 0.7450942 0.6974062 0.9373396 0.9188887 0.8255539 0.8771974 1.1098102 1.2465158 0.9790474 0.9799980 1.0497511 0.6374995 0.9306001 1.0850519 1.0202104 1.2558559 0.9469901 0.7042133 0.6974741 1.3771509 0.8439046 0.9925346 1.4942393 1.3040661 1.0362765 2.5638126 2.9221838 
Spur_NM_214546.1                                             0.2245769 0.2848642 0.4479473 0.2797605 0.6060868 0.2502864 0.6342786 0.2478225 0.1889785 0.2269090 0.2269090 0.3064256 0.4962692 0.2253049 0.4119661 0.3000484 0.4700870 0.3803929 0.4457072 0.4126843 0.4543677 0.5963159 0.3827968 0.4682246 0.5027478 1.8381398 0.5394419 0.5201900 0.5517200 0.5474677 0.5681657 0.2984646 0.9871379 0.5775115 0.4969180 0.4768187 0.0000000 0.7782142 0.9525318 0.5077379 1.0471609 0.5338907 0.5304493 0.4552741 0.5570863 0.5711671 0.5717145 0.6060722 0.2772765 0.4987919 0.4523329 0.4570693 0.4837261 0.4727077 0.4697122 0.5351916 0.5699812 0.3573465 0.4986778 0.4435317 0.5139516 0.6082583 0.3933414 0.7379662 0.6018207 0.6373980 0.8426280 0.5958411 0.6167064 0.5895992 0.6118412 0.6518288 0.6146373 0.7025282 0.6807558 0.7011488 0.8644006 0.8398417 0.7148412 0.8388874 1.0160801 1.0955639 0.9204504 0.9047791 1.0540286 0.6413120 0.7778504 0.9593286 1.0154641 1.1035762 0.9422464 0.6699731 0.6463564 1.3564368 0.7604170 0.9724875 1.5553142 1.1556829 0.8843406 2.1399179 2.8858635 
