133
Emue_Em0004g1351a.t1                                         0.0000000 0.0279299 0.0340895 0.1005259 0.1374043 0.2581695 0.1754156 0.1694425 0.1581727 0.2221484 0.2643859 0.1224609 0.2548959 0.2336795 0.2453090 0.2771622 0.2591721 0.3944516 0.2052793 0.2673960 0.2589724 0.2321816 0.2666740 0.2456454 0.2456454 0.2639674 0.2239312 0.2460283 0.2552950 0.3122107 0.2784533 0.2645539 0.2714971 0.2714971 0.2856636 0.2857938 0.2492475 0.1768688 0.3181331 0.2141979 0.2141979 0.2320918 0.2062615 0.4297043 0.4297043 0.2917652 0.2917652 0.2990385 0.2700105 0.2990385 0.2876768 0.2637805 0.3030855 0.2903525 0.2903525 0.2716372 0.2716372 0.3095960 0.3095960 0.2912814 0.2912814 0.3018466 0.3429448 0.3429448 0.4082962 0.4082962 0.3622862 0.3622862 0.2961904 0.3033176 0.3006995 0.2487445 0.4358695 0.2720331 0.2991494 0.2983082 0.2562658 0.2610462 0.2550160 0.2830823 0.1814126 0.3065800 0.3053930 0.3053930 0.2982167 0.3180506 0.3004785 0.2979146 0.3167451 0.2663442 0.3983112 0.4673801 0.1681520 0.3633061 0.3436616 0.3602140 0.5426946 0.5610081 0.5682714 0.5233222 0.4095570 0.5356953 0.6408859 0.5330140 0.2811107 0.5961023 0.6855595 0.6330300 0.6144604 0.5849812 0.5888434 0.5382974 0.6746678 0.6687249 0.4133551 0.5297038 0.9488581 0.7732747 0.2809398 0.3641858 0.4096141 0.4843318 0.4843318 0.4997471 0.4589816 0.7974892 0.6099164 0.5511949 0.3579274 0.5542132 0.6930204 0.7512221 1.5558257 
Spolac_c103090_g1_i1_m.32400c103090-g1                       0.0279299 0.0000000 0.0000010 0.1062425 0.1535695 0.2558785 0.1721693 0.1752582 0.1606856 0.2263217 0.2584248 0.1417034 0.2489849 0.2319833 0.2519351 0.2737833 0.2559218 0.4017329 0.1715998 0.2710899 0.2598835 0.2341216 0.2652528 0.2575387 0.2575387 0.2655739 0.2302845 0.2480475 0.2604287 0.3147754 0.2851397 0.2650764 0.2692237 0.2692237 0.2721972 0.2833713 0.2553281 0.1916287 0.3191711 0.2258974 0.2258974 0.2334578 0.2210675 0.4275766 0.4275766 0.2914125 0.2914125 0.2914861 0.2760775 0.2914861 0.2894606 0.2697029 0.2986149 0.2828665 0.2828665 0.2782976 0.2782976 0.3191500 0.3191500 0.2881374 0.2881374 0.2984791 0.3209366 0.3209366 0.3964977 0.3964977 0.3528454 0.3528454 0.2889805 0.3045535 0.3068281 0.2507394 0.4384433 0.2840004 0.3028043 0.2994785 0.2580780 0.2500984 0.2490696 0.2722230 0.2027711 0.3005227 0.2993299 0.2993299 0.2925503 0.3077448 0.2970984 0.2945593 0.3139764 0.2871650 0.3816093 0.4566030 0.1835010 0.3507154 0.3385400 0.3564663 0.5188948 0.5383936 0.5477542 0.5305431 0.4020303 0.5202080 0.6348382 0.5226581 0.2942619 0.5637606 0.6707975 0.6122260 0.6102387 0.5749940 0.5715580 0.5585712 0.6530841 0.6621677 0.4487009 0.5347327 0.9406422 0.5070278 0.2609933 0.3332606 0.4176857 0.4987820 0.4987820 0.5034219 0.4725154 0.8222418 0.5968181 0.5148002 0.3952675 0.4758918 0.6585578 0.7121316 1.6257310 
Spolac_c107971_g1_i1_m.45354c107971-g1                       0.0340895 0.0000010 0.0000000 0.0558274 0.0924007 0.2482075 0.1504174 0.1692888 0.1510842 0.1865739 0.1909879 0.1790346 0.1909879 0.1909879 0.2279768 0.2195084 0.2195084 0.1871132 0.1715998 0.2370585 0.2241576 0.1955892 0.2022791 0.1455673 0.1455673 0.1867257 0.1617287 0.1711465 0.2243995 0.2890139 0.2423693 0.2047440 0.2373353 0.2373353 0.2030997 0.2750608 0.2500837 0.0000010 0.2507995 0.3004819 0.3004819 0.2952876 0.2233085 0.0000010 0.0000010 0.3004819 0.3004819 0.2952876 0.2411980 0.2952876 0.2695122 0.2233085 0.3287116 0.2507143 0.2507143 0.2393426 0.2393426 4.2189262 4.2189262 0.2239788 0.2239788 0.2359406 0.3027802 0.3027802 0.7891596 0.7891596 1.2110164 1.2110164 0.2531639 0.2500837 0.2503547 0.2503547 0.2228527 0.2411980 0.2695122 0.2238983 0.2011481 0.2239889 0.2268772 0.2238798 0.0000010 0.1992013 0.2099200 0.2099200 0.1992013 0.2024560 0.2165178 0.2165178 0.2212227 0.3101113 0.2536254 0.3748070 0.1969482 0.3133037 0.2931831 0.3066539 0.3656373 0.3656373 0.3727426 0.4188989 0.4020303 0.3418399 0.4128357 0.4056033 0.5199889 0.3684721 0.4480398 0.4846342 0.5063476 0.5205916 0.4177048 0.3961382 0.3883009 0.4956135 0.0000010 0.4801985 0.0000010 0.0000010 0.2398226 0.1974860 0.2763007 0.2411980 0.2411980 0.3036702 0.2233085 0.3068247 0.4774941 0.2592474 2.5660531 4.2307167 9.0000000 0.0000010 0.0000010 
Tetwil_g5862.t2                                              0.1005259 0.1062425 0.0558274 0.0000000 0.0000010 0.4466118 0.1241930 0.1408202 0.0915025 0.1767335 0.1948660 0.1385559 0.1903969 0.1910237 0.2027163 0.2131464 0.2139942 0.1665531 0.1195674 0.2158999 0.2117373 0.1854501 0.1879218 0.1887936 0.1887936 0.1773684 0.1604193 0.1964737 0.1934959 0.2448393 0.1935388 0.1765851 0.1865011 0.1865011 0.1964814 0.1979389 0.2196827 0.2163983 0.2049763 0.1837193 0.1837193 0.1959523 0.1733771 0.3040233 0.3040233 0.1837193 0.1837193 0.1959523 0.1785275 0.1959523 0.1938506 0.1733771 0.1748924 0.1925471 0.1925471 0.2124637 0.2124637 0.2297662 0.2297662 0.1628048 0.1628048 0.2036271 0.2100772 0.2100772 0.2282493 0.2282493 0.2030138 0.2030138 0.2182427 0.2197587 0.2247102 0.2132226 0.2640939 0.2300294 0.2413456 0.2237771 0.1888234 0.2005064 0.1569366 0.2039632 0.1763161 0.1781050 0.1790511 0.1790511 0.1564051 0.1918454 0.1796851 0.1796851 0.2273643 0.2496560 0.2555357 0.3588810 0.1605336 0.2961896 0.2679477 0.2566615 0.3850892 0.3871677 0.3804303 0.4209594 0.3689851 0.3734554 0.4572040 0.4000643 0.3342454 0.3892753 0.4901995 0.4429801 0.4496986 0.4458978 0.4004167 0.3527884 0.4919998 0.4799312 0.3900726 0.3695957 0.3323966 0.0000010 0.1833842 0.1990108 0.2867253 0.4157935 0.4157935 0.4164133 0.3938704 0.3898546 0.4978367 0.6460385 0.1798852 0.8152312 0.5485156 1.2143916 1.0042702 
Tetwil_g5864.t2                                              0.1374043 0.1535695 0.0924007 0.0000010 0.0000000 0.4466118 0.1838400 0.2149266 0.0788859 0.2491531 0.2334865 0.0000010 0.2207097 0.2207097 0.2984026 0.2608697 0.2640542 0.1028422 0.1195674 0.2236033 0.2527606 0.2283243 0.2104810 0.2177980 0.2177980 0.2156837 0.2469536 0.2470392 0.2165128 0.3549869 0.2952970 0.0682310 0.1585184 0.1585184 0.0000010 0.1984063 0.2451118 0.0000010 0.2373126 0.4199391 0.4199391 0.0000010 0.1126254 0.0000010 0.0000010 0.4199391 0.4199391 0.0000010 0.1291619 0.0000010 0.2005827 0.1126254 0.3025260 0.2728182 0.2728182 0.2411003 0.2411003 0.0000010 0.0000010 0.0818469 0.0818469 0.2192398 0.9234799 0.9234799 0.7891596 0.7891596 4.1753929 4.1753929 0.2273412 0.2451118 0.2512344 0.2512344 0.2074240 0.1291619 0.1945877 0.3116138 0.2546748 0.2835004 0.1510958 0.2595369 0.0000010 0.2679307 0.2679307 0.2679307 0.2079664 0.2847292 0.2700303 0.2700303 0.2939921 0.1397027 0.3327201 0.4076858 0.2170314 0.4149463 0.3145628 0.2970885 0.5094976 0.5313773 0.4944644 0.5323487 0.3540352 0.4943105 0.6288961 0.5321133 0.0000010 0.4852632 0.6769318 0.5737058 0.5786295 0.4995220 0.6053782 0.4144587 0.7765275 0.6706534 0.0000010 0.3928060 0.0000010 0.0000010 0.2061747 0.1208995 0.3279172 0.1291619 0.1291619 0.2264538 0.1126254 0.3367107 0.5835530 0.6460385 1.9785900 2.2277604 0.0000010 0.0000010 0.0000010 
Aque_Aqu2.1.05430_001                                        0.2581695 0.2558785 0.2482075 0.4466118 0.4466118 0.0000000 0.0000010 0.1715085 0.1813362 0.3629606 0.4331124 0.0000010 0.3979076 0.3979076 0.3346041 0.6796403 0.4636270 0.5499347 0.5814383 0.4657459 0.4644241 0.5735929 0.6498735 0.5262033 0.5262033 0.4633577 0.5721703 0.5916662 0.6028939 0.9129392 0.7644702 0.0000010 0.3123050 0.3123050 0.0000010 5.9650504 0.4045544 0.0000010 0.6133615 0.0000010 0.0000010 0.0000010 0.0000010 0.0000010 0.0000010 0.0000010 0.0000010 0.0000010 0.0000010 0.0000010 1.2829399 0.0000010 0.0000010 0.4265763 0.4265763 0.4045544 0.4045544 0.0000010 0.0000010 0.4736890 0.4736890 0.4045544 0.0000010 0.0000010 0.0000010 0.0000010 8.9999985 8.9999985 0.4578344 0.4045544 0.4207506 0.4207506 0.4045544 0.0000010 1.0094056 0.4816400 0.5512875 0.5802986 0.6971572 0.6853928 0.0000010 0.8785780 0.8785780 0.8785780 0.7835797 0.8647724 0.8020442 0.7648268 0.8527242 0.0000010 0.8344413 0.8847660 0.5538904 0.8972409 0.6858328 0.7022488 0.9488764 1.0292359 0.7261803 0.5618845 0.2224427 0.6856891 1.5782347 0.7327091 0.0000010 1.0059887 1.2407602 0.8724464 0.6157901 0.6199275 1.0568913 0.5257653 2.2477104 1.1394838 0.0000010 0.2529608 0.0000010 0.0000010 0.4965768 0.2954148 2.4176205 0.0000010 0.0000010 1.5162141 0.0000010 0.7873317 1.4980217 0.6658182 1.6632770 0.0000010 0.0000010 0.0000010 0.0000010 
Aque_Aqu2.1.12780_001                                        0.1754156 0.1721693 0.1504174 0.1241930 0.1838400 0.0000010 0.0000000 0.0694693 0.0775323 0.1960271 0.2229752 0.1049967 0.2139433 0.2076197 0.2184477 0.2582789 0.2461804 0.3503556 0.1877866 0.2521032 0.2372735 0.2373109 0.2605684 0.2412445 0.2412445 0.2527709 0.2258342 0.2766995 0.2164367 0.3175820 0.2833107 0.2738279 0.2686430 0.2686430 0.2909333 0.2874127 0.2167067 0.1625145 0.2930236 0.1788072 0.1788072 0.1984306 0.1814053 0.4358344 0.4358344 0.2837037 0.2837037 0.2901042 0.2624874 0.2901042 0.2688097 0.2564557 0.2936767 0.2778448 0.2778448 0.2761445 0.2761445 0.3139840 0.3139840 0.2474063 0.2474063 0.2639955 0.3001963 0.3001963 0.3505916 0.3505916 0.3145647 0.3145647 0.2607056 0.2766963 0.2766822 0.2217046 0.4040469 0.2461920 0.2563403 0.2805808 0.2512412 0.2661032 0.2371937 0.2605968 0.2100081 0.3045717 0.2979110 0.2979110 0.2740437 0.3036143 0.3008772 0.2983797 0.3167945 0.2960863 0.3529570 0.4675222 0.1426921 0.3738803 0.3367533 0.3416484 0.4792840 0.5031610 0.5136723 0.5061471 0.3563357 0.4677094 0.6564397 0.4967589 0.2975245 0.5592748 0.6532755 0.6111772 0.5898590 0.5755142 0.5363531 0.5417812 0.6637001 0.6622268 0.3636673 0.5092752 0.9156663 0.6094085 0.2726097 0.3132435 0.3976839 0.4555258 0.4555258 0.4412250 0.4317799 0.8086048 0.6099198 0.6922376 0.3531416 0.1234549 0.6587821 0.8176150 1.3950494 
Halamb_c47734_g1_i1mm.2368                                   0.1694425 0.1752582 0.1692888 0.1408202 0.2149266 0.1715085 0.0694693 0.0000000 0.0883515 0.2211200 0.2618102 0.1127616 0.2523211 0.2425905 0.2515491 0.2783481 0.2633330 0.3763551 0.1615594 0.2670392 0.2676609 0.2546586 0.2634215 0.2560331 0.2560331 0.2549435 0.2091771 0.2697009 0.2576171 0.3331729 0.2935710 0.2819676 0.2883983 0.2883983 0.3004617 0.2950603 0.2410403 0.1861232 0.3206347 0.2075485 0.2075485 0.2156465 0.1992381 0.4587547 0.4587547 0.3088378 0.3088378 0.3060280 0.2793755 0.3060280 0.2914912 0.2728943 0.2977196 0.3001960 0.3001960 0.2978041 0.2978041 0.3271163 0.3271163 0.2747673 0.2747673 0.3050012 0.3277390 0.3277390 0.4071584 0.4071584 0.3576919 0.3576919 0.2777620 0.3097337 0.2925523 0.2392281 0.4622760 0.2528366 0.2736008 0.3012710 0.2549116 0.2623007 0.2470391 0.2976321 0.2293418 0.3166782 0.3064562 0.3064562 0.2978246 0.3300312 0.3148645 0.3122444 0.3311885 0.3047728 0.3808643 0.4718872 0.1421772 0.3963961 0.3588195 0.3638582 0.4747862 0.5116387 0.5283705 0.5254213 0.4230171 0.5020508 0.6363489 0.5385902 0.2956725 0.5821168 0.6510541 0.6248343 0.6002976 0.6007645 0.5700347 0.5720216 0.6829667 0.6826093 0.4144675 0.4933160 0.9414388 0.7989763 0.3132822 0.3928910 0.4037855 0.4515255 0.4515255 0.4702146 0.4280985 0.8197119 0.6326878 0.6442376 0.3663744 0.2528192 0.7036966 0.8785036 1.2665429 
Xestes_maker-XT_scaffold445-snap-gene-0.13-mRNA-1            0.1581727 0.1606856 0.1510842 0.0915025 0.0788859 0.1813362 0.0775323 0.0883515 0.0000000 0.1830864 0.2206789 0.0997418 0.2148360 0.2018753 0.2281359 0.2280235 0.2280235 0.3383230 0.0999205 0.2029898 0.2043931 0.1971407 0.2376546 0.2175874 0.2175874 0.2011286 0.1870534 0.2258731 0.2056567 0.2765237 0.2497513 0.2806778 0.2810209 0.2810209 0.2989519 0.2900838 0.2032840 0.1925399 0.2805857 0.2041442 0.2041442 0.1997179 0.1825229 0.4933899 0.4933899 0.3174943 0.3174943 0.3027743 0.2720204 0.3027743 0.2705273 0.2656455 0.2877639 0.2688744 0.2688744 0.2705172 0.2705172 0.3332892 0.3332892 0.2555940 0.2555940 0.2716991 0.3177491 0.3177491 0.4076736 0.4076736 0.3606036 0.3606036 0.2675674 0.2712726 0.2522767 0.1793363 0.4149018 0.2320977 0.2358325 0.2580006 0.2365421 0.2568449 0.2283881 0.2544105 0.2176523 0.2601727 0.2661668 0.2661668 0.2570805 0.2698924 0.2580534 0.2580534 0.2687597 0.2770509 0.3223894 0.4170907 0.0863705 0.3339541 0.3271116 0.3184806 0.4207456 0.4509987 0.4943129 0.4807947 0.3473554 0.4321427 0.5110748 0.4380228 0.3194384 0.4871679 0.5181305 0.5293901 0.5501898 0.5264232 0.4529094 0.5210481 0.5161970 0.5927808 0.4112783 0.4699825 0.8343571 0.5603589 0.2372462 0.3744415 0.3302179 0.4187277 0.4187277 0.4153731 0.3970964 0.8284207 0.5731626 0.3897929 0.2879186 0.3587175 0.7492416 0.8238288 1.3824313 
Bralan_BLAG03000570_1                                        0.2221484 0.2263217 0.1865739 0.1767335 0.2491531 0.3629606 0.1960271 0.2211200 0.1830864 0.0000000 0.1768345 0.0778602 0.1685456 0.1581805 0.1758897 0.1804703 0.1772175 0.3284420 0.1911658 0.2203945 0.2059529 0.1182718 0.1802398 0.1512630 0.1512630 0.1646099 0.1593659 0.2022826 0.1850733 0.2665226 0.2249980 0.2133221 0.1937707 0.1937707 0.2221303 0.2131351 0.1685691 0.1917571 0.2025775 0.2070011 0.2070011 0.1891131 0.1810116 0.2906595 0.2906595 0.2169154 0.2169154 0.2030161 0.1982503 0.2030161 0.2014501 0.1939428 0.1952534 0.1685000 0.1685000 0.1750147 0.1750147 0.2373198 0.2373198 0.2024756 0.2024756 0.1972491 0.2437005 0.2437005 0.2763882 0.2763882 0.2536449 0.2536449 0.2058201 0.1947183 0.2001112 0.1350315 0.3267729 0.2232959 0.2228584 0.2385605 0.2034689 0.1906055 0.1888148 0.1869285 0.1759197 0.2206059 0.2194200 0.2194200 0.2100584 0.2163424 0.2283852 0.2295095 0.2473186 0.2047069 0.2893982 0.3522890 0.1386289 0.2891700 0.2880318 0.2660141 0.4062101 0.4188436 0.4369651 0.4863904 0.3137132 0.3981646 0.5710167 0.4411277 0.2887844 0.4897970 0.5777609 0.5089023 0.5254505 0.4977324 0.5091844 0.4679989 0.5913072 0.5858546 0.3401491 0.4410657 0.7525656 0.3159973 0.1645408 0.2591515 0.3175647 0.4511975 0.4511975 0.4284347 0.4275379 0.7683522 0.5329499 0.5075293 0.3625941 0.5272789 0.4332859 0.8075768 1.4112798 
Spis_XP_022793830_1                                          0.2643859 0.2584248 0.1909879 0.1948660 0.2334865 0.4331124 0.2229752 0.2618102 0.2206789 0.1768345 0.0000000 0.0000010 0.0053602 0.0331388 0.0176147 0.0672529 0.0571631 0.2648932 0.0636640 0.1971616 0.1812524 0.1860204 0.2387169 0.1803187 0.1803187 0.2463029 0.2186506 0.2293675 0.2286211 0.2465658 0.2502708 0.2720700 0.2622250 0.2622250 0.2814351 0.2807036 0.2054331 0.1931011 0.2651850 0.2076154 0.2076154 0.2012939 0.2030475 0.4050868 0.4050868 0.2855179 0.2855179 0.2728043 0.2659660 0.2728043 0.2635321 0.2598308 0.2756467 0.2376297 0.2376297 0.2439468 0.2439468 0.3238919 0.3238919 0.2629927 0.2629927 0.2533567 0.3145312 0.3145312 0.3815724 0.3815724 0.3650945 0.3650945 0.2717741 0.2593012 0.2569722 0.1767524 0.3698452 0.2791238 0.2694459 0.2240767 0.2047890 0.1973538 0.1955544 0.2178332 0.1503236 0.2662095 0.2620959 0.2620959 0.2658990 0.2798285 0.2740483 0.2716771 0.2796050 0.2121854 0.3290957 0.3708077 0.1504814 0.3314788 0.3282229 0.3362348 0.4110138 0.4032038 0.4692146 0.4717754 0.2824126 0.4045478 0.6025080 0.5035340 0.3386905 0.5029581 0.6090460 0.5869914 0.5800509 0.5068798 0.5240008 0.5000260 0.6206639 0.6127872 0.3162150 0.4668920 0.7730124 0.4012887 0.1630423 0.0438694 0.3786408 0.5196864 0.5196864 0.4905006 0.4925738 0.7197289 0.5813200 0.3995970 0.4227497 0.6449969 0.6007650 1.0950741 1.6254391 
Gasp_gasp1.m3.31917.m1                                       0.1224609 0.1417034 0.1790346 0.1385559 0.0000010 0.0000010 0.1049967 0.1127616 0.0997418 0.0778602 0.0000010 0.0000000 0.0000010 0.0067163 0.0000010 0.0340092 0.0340092 0.0637513 0.0000010 0.1235334 0.1092229 0.0769640 0.1416518 0.0649140 0.0649140 0.1153634 0.0933643 0.1301984 0.1232055 0.1296693 0.0858516 0.1498037 0.1498037 0.1498037 0.1498037 0.1498037 0.1351684 0.1043765 0.1358216 0.1269988 0.1269988 0.1373775 0.1358216 0.0803194 0.0803194 0.1269988 0.1269988 0.1373775 0.1358216 0.1373775 0.1358216 0.1358216 0.1268229 0.1268229 0.1268229 0.1444689 0.1444689 0.1742235 0.1742235 0.1526364 0.1526364 0.1526364 0.1526364 0.1526364 0.1068103 0.1068103 0.1198308 0.1198308 0.1660350 0.1339870 0.1355482 0.1634288 0.2951923 0.2839189 0.2839189 0.1075872 0.1331788 0.1192333 0.1328050 0.1095207 0.1503236 0.1168497 0.1093011 0.1093011 0.1168497 0.1102793 0.1147802 0.1147802 0.1363379 0.2836070 0.1432348 0.2376406 0.0638582 0.1303301 0.1453270 0.1464081 0.2064705 0.1982176 0.2258946 0.2409297 0.1220671 0.1734900 0.2281107 0.2607215 0.3386905 0.2727455 0.2666416 0.2725922 0.3039272 0.2713778 0.2665939 0.1949418 0.3162836 0.2775434 0.2510866 0.2429261 0.1087882 0.0000010 0.1455803 0.0000010 0.1862127 0.6306005 0.6306005 0.6306005 0.6306005 0.3775821 0.3364222 0.0000010 0.1035508 4.6510861 1.8143972 0.8566613 0.4562090 
Pocdam_XM_027191476.1                                        0.2548959 0.2489849 0.1909879 0.1903969 0.2207097 0.3979076 0.2139433 0.2523211 0.2148360 0.1685456 0.0053602 0.0000010 0.0000000 0.0268684 0.0116255 0.0608398 0.0509847 0.2657343 0.0636640 0.1888950 0.1734648 0.1776590 0.2295021 0.1720080 0.1720080 0.2444303 0.2099068 0.2158619 0.2229764 0.2372058 0.2407070 0.2688820 0.2595477 0.2595477 0.2777043 0.2776924 0.2016054 0.1931011 0.2589426 0.2076154 0.2076154 0.2012939 0.2030475 0.3933274 0.3933274 0.2811307 0.2811307 0.2690451 0.2629718 0.2690451 0.2608137 0.2569758 0.2724565 0.2318756 0.2318756 0.2380161 0.2380161 0.3184656 0.3184656 0.2601764 0.2601764 0.2472512 0.3101890 0.3101890 0.3729417 0.3729417 0.3581337 0.3581337 0.2654822 0.2529062 0.2508895 0.1704132 0.3635988 0.2791238 0.2694459 0.2145619 0.1962452 0.1879300 0.1899118 0.2088489 0.1503236 0.2564978 0.2525227 0.2525227 0.2557394 0.2699672 0.2642710 0.2619651 0.2733788 0.2121854 0.3221583 0.3679020 0.1446284 0.3207969 0.3174490 0.3250558 0.3986963 0.3997966 0.4652565 0.4584831 0.2824126 0.4010935 0.5941724 0.4967021 0.3386905 0.4987256 0.6004364 0.5713194 0.5643041 0.5025730 0.5095508 0.4960701 0.6126947 0.5999713 0.3162150 0.4569975 0.7423487 0.3629896 0.1542478 0.0377844 0.3646371 0.5196864 0.5196864 0.4905006 0.4925738 0.7157610 0.5665465 0.4353478 0.4227497 0.6137717 0.5770623 1.0316666 1.5610606 
Gfas_gfas1.m1.2282.m1                                        0.2336795 0.2319833 0.1909879 0.1910237 0.2207097 0.3979076 0.2076197 0.2425905 0.2018753 0.1581805 0.0331388 0.0067163 0.0268684 0.0000000 0.0219690 0.0544168 0.0442583 0.2370181 0.0636640 0.1755994 0.1743041 0.1625522 0.2272862 0.1580653 0.1580653 0.2265070 0.1912389 0.2051674 0.2064023 0.2452808 0.2161610 0.2473582 0.2403258 0.2403258 0.2539112 0.2587004 0.1852003 0.1837686 0.2439573 0.2007796 0.2007796 0.1953233 0.1985679 0.3543932 0.3543932 0.2577945 0.2577945 0.2471207 0.2448580 0.2471207 0.2441540 0.2388463 0.2569006 0.2176899 0.2176899 0.2256811 0.2256811 0.3040574 0.3040574 0.2390821 0.2390821 0.2286098 0.2855227 0.2855227 0.3264550 0.3264550 0.3270745 0.3270745 0.2390561 0.2401110 0.2294855 0.1771618 0.3321006 0.2886538 0.2774523 0.2235492 0.2080857 0.2001941 0.1975227 0.1986778 0.1343057 0.2584678 0.2462524 0.2462524 0.2492822 0.2675814 0.2578865 0.2554887 0.2414883 0.2121854 0.2952709 0.3547057 0.1508173 0.3014138 0.3215260 0.3233803 0.3854315 0.3778917 0.4433472 0.4292735 0.2824126 0.3753332 0.5738283 0.4784540 0.3592228 0.4882249 0.5831173 0.5359518 0.5359799 0.4952449 0.4919225 0.4623551 0.5639775 0.6110555 0.3271461 0.4191438 0.6783775 0.4755181 0.1670547 0.0704784 0.3779852 0.5321434 0.5321434 0.5008762 0.5044169 0.6473294 0.5497686 0.4353478 0.3757399 0.6620521 0.5627798 1.3386202 1.3216825 
Fspp_ffun1.m4.1048.m1                                        0.2453090 0.2519351 0.2279768 0.2027163 0.2984026 0.3346041 0.2184477 0.2515491 0.2281359 0.1758897 0.0176147 0.0000010 0.0116255 0.0219690 0.0000000 0.0549860 0.0447155 0.2974923 0.1974546 0.2025526 0.1815243 0.1840504 0.2390511 0.1877063 0.1877063 0.2615641 0.2213080 0.2235421 0.2409497 0.2471953 0.2510651 0.2577427 0.2652106 0.2652106 0.2651046 0.2852892 0.2085834 0.1803770 0.2660272 0.1980326 0.1980326 0.1929945 0.2089165 0.3653988 0.3653988 0.2665368 0.2665368 0.2559599 0.2585068 0.2559599 0.2722613 0.2585068 0.2463620 0.2319777 0.2319777 0.2431994 0.2431994 0.3024950 0.3024950 0.2720435 0.2720435 0.2533078 0.2970224 0.2970224 0.3415517 0.3415517 0.3358966 0.3358966 0.2731077 0.2616509 0.2580535 0.1860944 0.4094045 0.2927487 0.3140734 0.2330233 0.2135289 0.2037144 0.2142843 0.2205472 0.1503236 0.2704981 0.2659946 0.2659946 0.2703787 0.2807220 0.2744660 0.2718988 0.2871101 0.2121854 0.3443959 0.3799364 0.1638523 0.3333753 0.3446491 0.3476233 0.4035633 0.4053177 0.4775631 0.4642338 0.3003351 0.4121274 0.6139035 0.5154931 0.3386905 0.5050332 0.6249472 0.5907879 0.5895854 0.5206635 0.5270815 0.4968113 0.6322899 0.6113553 0.3271461 0.4646899 0.7352204 0.3928218 0.1778662 0.0443028 0.4025645 0.5509371 0.5509371 0.6054639 0.5509371 0.8185433 0.5936897 0.4338995 0.4027326 0.5957829 0.5366413 1.0153944 1.5500115 
Amil_Amillepora12941-RA                                      0.2771622 0.2737833 0.2195084 0.2131464 0.2608697 0.6796403 0.2582789 0.2783481 0.2280235 0.1804703 0.0672529 0.0340092 0.0608398 0.0544168 0.0549860 0.0000000 0.0081743 0.2809181 0.0615305 0.2301301 0.2090664 0.1868702 0.2497447 0.2086305 0.2086305 0.2622278 0.2281044 0.2276540 0.2364726 0.2391412 0.2340741 0.2727982 0.2724894 0.2724894 0.2821093 0.2857931 0.2315502 0.2045788 0.2845661 0.2161740 0.2161740 0.2103492 0.2098613 0.4147591 0.4147591 0.2981927 0.2981927 0.2857337 0.2765353 0.2857337 0.2776558 0.2701725 0.2679722 0.2578318 0.2578318 0.2659714 0.2659714 0.3205058 0.3205058 0.2849865 0.2849865 0.2964676 0.3357381 0.3357381 0.3966485 0.3966485 0.3863584 0.3863584 0.2993152 0.2893670 0.2723944 0.2124739 0.4353572 0.2909948 0.2872271 0.2419074 0.2411053 0.2344195 0.2146585 0.2293764 0.1508596 0.2743770 0.2626435 0.2626435 0.2517818 0.2904746 0.2768525 0.2783125 0.2701529 0.1991721 0.3211617 0.4078090 0.1656138 0.3383228 0.3472926 0.3384248 0.4566300 0.4546342 0.5002321 0.5045358 0.3260394 0.4483587 0.5963485 0.5138570 0.3759620 0.5177478 0.5921420 0.5811169 0.5882573 0.5279733 0.5293090 0.5095546 0.6209914 0.6069870 0.3508712 0.4702885 0.7152228 0.3834265 0.1728933 0.0934991 0.3830154 0.5357086 0.5357086 0.5137471 0.5077907 0.7915800 0.5978487 0.5723656 0.4199818 0.6608206 0.5991638 1.0439751 1.4738715 
Adig_XM_015910863.1                                          0.2591721 0.2559218 0.2195084 0.2139942 0.2640542 0.4636270 0.2461804 0.2633330 0.2280235 0.1772175 0.0571631 0.0340092 0.0509847 0.0442583 0.0447155 0.0081743 0.0000000 0.2809181 0.0615305 0.2144417 0.1976612 0.1804863 0.2330697 0.1932887 0.1932887 0.2449760 0.2121545 0.2169770 0.2374416 0.2364336 0.2340741 0.2727982 0.2724894 0.2724894 0.2821093 0.2857931 0.2139933 0.2045788 0.2817348 0.2161740 0.2161740 0.2103492 0.2098613 0.4147591 0.4147591 0.2981927 0.2981927 0.2857337 0.2765353 0.2857337 0.2776558 0.2701725 0.2679722 0.2405217 0.2405217 0.2480707 0.2480707 0.3205058 0.3205058 0.2849865 0.2849865 0.2776569 0.3357381 0.3357381 0.3966485 0.3966485 0.3863584 0.3863584 0.2907741 0.2700177 0.2595000 0.1921558 0.3989714 0.2909948 0.2872271 0.2241785 0.2249243 0.2165201 0.2146585 0.2235262 0.1508596 0.2641963 0.2527328 0.2527328 0.2517818 0.2800246 0.2666163 0.2643211 0.2699669 0.1991721 0.3021367 0.3881099 0.1640942 0.3347808 0.3264245 0.3384248 0.4307287 0.4288043 0.4781423 0.4766938 0.3260394 0.4278686 0.5867167 0.5005022 0.3759620 0.4948914 0.5850597 0.5849618 0.5882573 0.5305800 0.5156850 0.5095546 0.6207551 0.5980719 0.3508712 0.4702885 0.7152228 0.3834265 0.1574764 0.0934991 0.3706577 0.5357086 0.5357086 0.5137471 0.5077907 0.7377489 0.5874334 0.3954726 0.4199818 0.6608206 0.5991638 1.0439751 1.4738715 
Exapal_XM_021039048.1                                        0.3944516 0.4017329 0.1871132 0.1665531 0.1028422 0.5499347 0.3503556 0.3763551 0.3383230 0.3284420 0.2648932 0.0637513 0.2657343 0.2370181 0.2974923 0.2809181 0.2809181 0.0000000 0.0306180 0.3047786 0.2740491 0.2864287 0.3567913 0.3035636 0.3035636 0.3472388 0.2970682 0.2619053 0.3804758 0.3847912 0.3858434 0.4885073 0.4536670 0.4536670 0.5603753 0.4785424 0.3016197 0.2146258 0.4168924 0.2545696 0.2545696 0.2344189 0.2126611 1.6496992 1.6496992 0.6417896 0.6417896 0.5602178 0.4561061 0.5602178 0.4330208 0.4419744 0.4705462 0.4106725 0.4106725 0.4124054 0.4124054 0.6834412 0.6834412 0.4126569 0.4126569 0.4149452 0.5550585 0.5550585 0.9362859 0.9362859 0.6980323 0.6980323 0.4011230 0.4276509 0.3874265 0.1802722 0.3985632 0.2664157 0.2661481 0.3993117 0.3545978 0.3804164 0.3571494 0.3435375 0.1795386 0.3571316 0.3465227 0.3465227 0.3532285 0.3511789 0.3617813 0.3617813 0.3507304 0.2893935 0.4289730 0.5443328 0.0709186 0.4799882 0.4303398 0.4217534 0.6156095 0.6069326 0.6713402 0.6222394 0.3351892 0.5609137 0.6918572 0.6492819 0.3998571 0.6094335 0.7390544 0.7154618 0.7657178 0.7370425 0.6887312 0.6324846 0.7486295 0.7211076 0.3352178 0.6621046 1.7909435 8.9999986 0.3374786 0.5970655 0.5605770 0.4691924 0.4691924 0.4672075 0.4444924 0.5860996 0.6260398 0.2602198 0.3160058 3.4015356 3.4655891 8.9999988 2.0543833 
Nvec_v1g78377                                                0.2052793 0.1715998 0.1715998 0.1195674 0.1195674 0.5814383 0.1877866 0.1615594 0.0999205 0.1911658 0.0636640 0.0000010 0.0636640 0.0636640 0.1974546 0.0615305 0.0615305 0.0306180 0.0000000 0.0947281 0.0948933 0.1394723 0.0957745 0.0987173 0.0987173 0.1041371 0.1395588 0.1314854 0.1775445 0.2884069 0.2910250 0.0000010 0.2279257 0.2279257 0.0000010 0.3569772 0.1824488 0.0000010 0.2133747 0.0000010 0.0000010 0.0000010 0.0000010 0.0000010 0.0000010 0.0000010 0.0000010 0.0000010 0.0000010 0.0000010 0.2016925 0.0000010 2.4027101 0.1824488 0.1824488 0.1824488 0.1824488 0.0000010 0.0000010 0.0451809 0.0451809 0.1824488 0.0000010 0.0000010 1.2655067 1.2655067 0.6066024 0.6066024 0.1824488 0.1824488 0.1824488 0.1824488 0.1824488 0.0000010 0.2016925 0.1474682 0.1740087 0.1077677 0.1760075 0.1424027 0.0000010 0.1442774 0.1442774 0.1442774 0.1442774 0.1769807 0.2168724 0.2168724 0.1298562 0.0000010 0.1350149 0.2857020 0.1637530 0.2992292 0.3058132 0.3123055 0.2130342 0.2130342 0.2521026 0.2639104 0.2503860 0.2301841 0.2195980 0.2097553 0.0000010 0.2593448 0.2346115 0.2884744 0.2884744 0.2118843 0.3096470 0.2113624 0.2768364 0.2813173 0.0000010 0.1299339 0.0000010 0.0000010 0.0000010 0.0636640 0.2949546 0.0000010 0.0000010 0.3647503 0.0000010 0.1742459 0.4035335 0.2005417 6.8737153 0.0000010 0.0000010 0.0000010 0.0000010 
Dgig_XM_028539954.1                                          0.2673960 0.2710899 0.2370585 0.2158999 0.2236033 0.4657459 0.2521032 0.2670392 0.2029898 0.2203945 0.1971616 0.1235334 0.1888950 0.1755994 0.2025526 0.2301301 0.2144417 0.3047786 0.0947281 0.0000000 0.0730168 0.1949241 0.2660460 0.2220695 0.2220695 0.2402698 0.2030875 0.2070829 0.2377255 0.2727521 0.2506145 0.2497374 0.2544897 0.2544897 0.2643666 0.2666810 0.1951926 0.2266964 0.2614397 0.2616555 0.2616555 0.2524799 0.2339369 0.4165652 0.4165652 0.2815284 0.2815284 0.2727977 0.2542277 0.2727977 0.2617277 0.2536351 0.2613666 0.2283244 0.2283244 0.2406982 0.2406982 0.3212735 0.3212735 0.2455674 0.2455674 0.2357751 0.2935213 0.2935213 0.3751856 0.3751856 0.3432135 0.3432135 0.2354203 0.2336541 0.2419244 0.1697368 0.3501411 0.2494829 0.2599019 0.2075770 0.1960807 0.1893085 0.2027839 0.2244442 0.2061228 0.2639633 0.2604986 0.2604986 0.2562587 0.2702702 0.2536938 0.2514922 0.2701919 0.2599979 0.3541071 0.4076848 0.1602471 0.3486412 0.3469938 0.3403449 0.4814216 0.4710194 0.5134494 0.5062183 0.3189472 0.4649151 0.6164358 0.5108951 0.4057761 0.4876379 0.6357652 0.6284888 0.6338274 0.6068903 0.5502064 0.5016783 0.5995300 0.6493033 0.4162393 0.4894298 0.8325246 0.3572892 0.1748479 0.2698412 0.4271249 0.4671876 0.4671876 0.4640813 0.4563995 0.7211911 0.5786358 0.3845350 0.3951617 0.7010641 0.6259797 1.0189180 1.6541282 
Xesp_026010-T1                                               0.2589724 0.2598835 0.2241576 0.2117373 0.2527606 0.4644241 0.2372735 0.2676609 0.2043931 0.2059529 0.1812524 0.1092229 0.1734648 0.1743041 0.1815243 0.2090664 0.1976612 0.2740491 0.0948933 0.0730168 0.0000000 0.1833533 0.2532913 0.1983779 0.1983779 0.2234196 0.1943740 0.2095185 0.2267906 0.2684665 0.2494370 0.2407624 0.2439339 0.2439339 0.2540638 0.2573314 0.2013208 0.1963949 0.2509175 0.2469962 0.2469962 0.2400948 0.2250590 0.3713656 0.3713656 0.2655781 0.2655781 0.2586336 0.2429305 0.2586336 0.2474278 0.2425582 0.2582638 0.2354823 0.2354823 0.2476497 0.2476497 0.3150573 0.3150573 0.2352330 0.2352330 0.2366090 0.2791368 0.2791368 0.3253792 0.3253792 0.3079118 0.3079118 0.2586475 0.2424242 0.2485975 0.1853098 0.3812025 0.2589247 0.2611882 0.2051334 0.1949492 0.1881404 0.1832188 0.2208829 0.2097919 0.2538280 0.2707275 0.2707275 0.2529958 0.2542960 0.2672947 0.2649982 0.2576568 0.2561062 0.3447112 0.3985620 0.1534765 0.3267059 0.3175557 0.3322372 0.4800036 0.4813688 0.5033588 0.5170262 0.3046022 0.4645846 0.6253174 0.5205958 0.4137704 0.4936817 0.6305701 0.6164246 0.6256487 0.6045329 0.5374990 0.4839627 0.6650247 0.6394605 0.4120743 0.5001188 0.8877341 0.4167358 0.1689480 0.2253664 0.4059156 0.4802120 0.4802120 0.4663156 0.4688162 0.7354763 0.5780260 0.3040947 0.3545173 0.6577881 0.5295403 0.9076882 1.6399097 
Skow_XM_006823398.1                                          0.2321816 0.2341216 0.1955892 0.1854501 0.2283243 0.5735929 0.2373109 0.2546586 0.1971407 0.1182718 0.1860204 0.0769640 0.1776590 0.1625522 0.1840504 0.1868702 0.1804863 0.2864287 0.1394723 0.1949241 0.1833533 0.0000000 0.2047383 0.1380897 0.1380897 0.1920811 0.1447905 0.1152159 0.2030260 0.2869875 0.2599425 0.2162623 0.2198310 0.2198310 0.2207033 0.2292489 0.1842876 0.1511546 0.2213798 0.2019639 0.2019639 0.1835727 0.1769484 0.2993510 0.2993510 0.2242414 0.2242414 0.2083225 0.2025137 0.2083225 0.2093180 0.1980842 0.1964406 0.1870087 0.1870087 0.2119463 0.2119463 0.2579825 0.2579825 0.1994114 0.1994114 0.2081434 0.2354307 0.2354307 0.2644056 0.2644056 0.2434037 0.2434037 0.2165952 0.2055008 0.2113135 0.1659544 0.3593483 0.2192171 0.2265430 0.2015765 0.1907057 0.1958602 0.1968852 0.1935983 0.2040584 0.1734394 0.1750986 0.1750986 0.1674859 0.1880690 0.1821094 0.1829832 0.2681748 0.2304990 0.3115255 0.3935675 0.0848672 0.3174679 0.2977890 0.3017803 0.4093390 0.4292561 0.4697106 0.5107972 0.2853103 0.4149374 0.6050943 0.5130096 0.3077321 0.4896747 0.6147568 0.5378139 0.5425638 0.5208229 0.5205963 0.4923118 0.6110440 0.6099147 0.3992755 0.4651146 0.8973650 0.3437441 0.1715205 0.2718909 0.3036397 0.4415873 0.4415873 0.4341163 0.4187743 0.7260752 0.5586883 0.5280661 0.3729791 0.6713238 0.4243176 1.0462791 1.6383334 
Opea_EP00118_Oscarella_pearsei_P025697                       0.2666740 0.2652528 0.2022791 0.1879218 0.2104810 0.6498735 0.2605684 0.2634215 0.2376546 0.1802398 0.2387169 0.1416518 0.2295021 0.2272862 0.2390511 0.2497447 0.2330697 0.3567913 0.0957745 0.2660460 0.2532913 0.2047383 0.0000000 0.1973709 0.1973709 0.2089398 0.1928284 0.2340808 0.2061352 0.2825461 0.2665102 0.2938277 0.2753273 0.2753273 0.3200287 0.2951943 0.2209851 0.2001458 0.2735553 0.2015599 0.2015599 0.2462505 0.2158847 0.3715925 0.3715925 0.2539922 0.2539922 0.2835319 0.2570829 0.2835319 0.2554412 0.2513226 0.2778405 0.2441177 0.2441177 0.2488019 0.2488019 0.2929103 0.2929103 0.2548617 0.2548617 0.2547007 0.3149938 0.3149938 0.3463653 0.3463653 0.3110871 0.3110871 0.2728574 0.2726279 0.2740484 0.2070346 0.4108978 0.2818042 0.2718577 0.3022262 0.2702696 0.2449404 0.2756930 0.2686269 0.1634170 0.3017160 0.2957034 0.2957034 0.2805351 0.3074663 0.2885113 0.2860685 0.2889938 0.2957968 0.2893857 0.4032304 0.1652171 0.3668471 0.3167296 0.3026871 0.4401375 0.4412527 0.4974110 0.4994276 0.3275685 0.4666857 0.6244463 0.4898611 0.3491653 0.4998362 0.6499863 0.5945502 0.5699785 0.5749501 0.5323723 0.5007255 0.6663654 0.6372825 0.3679819 0.5163647 0.6850055 0.6165369 0.2438778 0.3051323 0.1526542 0.5222991 0.5222991 0.4925374 0.4946807 0.7570790 0.5882492 0.6194756 0.3503710 0.7476788 0.5626542 0.8955936 1.2209969 
Spur_XM_030989648.1                                          0.2456454 0.2575387 0.1455673 0.1887936 0.2177980 0.5262033 0.2412445 0.2560331 0.2175874 0.1512630 0.1803187 0.0649140 0.1720080 0.1580653 0.1877063 0.2086305 0.1932887 0.3035636 0.0987173 0.2220695 0.1983779 0.1380897 0.1973709 0.0000000 0.0000010 0.1777485 0.1416194 0.1561426 0.1795947 0.2842484 0.2472259 0.2683725 0.2565372 0.2565372 0.2857858 0.2730060 0.1902245 0.2134531 0.2508596 0.2303032 0.2303032 0.2136114 0.1986065 0.4149946 0.4149946 0.2784407 0.2784407 0.2612425 0.2449256 0.2612425 0.2442628 0.2393378 0.2498729 0.2158685 0.2158685 0.2324096 0.2324096 0.3226232 0.3226232 0.2340799 0.2340799 0.2301797 0.2933259 0.2933259 0.3614593 0.3614593 0.3318060 0.3318060 0.2373057 0.2238411 0.2367327 0.1503247 0.3464094 0.2296388 0.2278348 0.2148564 0.2271298 0.2188379 0.2471035 0.2034621 0.1645540 0.2227332 0.2182378 0.2182378 0.2191035 0.2369583 0.2157117 0.2137514 0.2458197 0.2192886 0.2913483 0.3483084 0.1145164 0.3248735 0.2938764 0.3084696 0.3813437 0.3813245 0.4188889 0.4498887 0.2486506 0.3567964 0.5339855 0.4852101 0.3293985 0.4431055 0.5854366 0.5065908 0.5033999 0.4829531 0.5137342 0.4749236 0.5977000 0.6012716 0.3982852 0.4298373 0.7521822 0.4599606 0.1869240 0.2919718 0.2979276 0.4747240 0.4747240 0.4458331 0.4498269 0.7733998 0.5936356 0.5653925 0.4932693 0.7324696 0.5979881 1.0027327 1.3758628 
Spur_XM_030989657.1                                          0.2456454 0.2575387 0.1455673 0.1887936 0.2177980 0.5262033 0.2412445 0.2560331 0.2175874 0.1512630 0.1803187 0.0649140 0.1720080 0.1580653 0.1877063 0.2086305 0.1932887 0.3035636 0.0987173 0.2220695 0.1983779 0.1380897 0.1973709 0.0000010 0.0000000 0.1777485 0.1416194 0.1561426 0.1795947 0.2842484 0.2472259 0.2683725 0.2565372 0.2565372 0.2857858 0.2730060 0.1902245 0.2134531 0.2508596 0.2303032 0.2303032 0.2136114 0.1986065 0.4149946 0.4149946 0.2784407 0.2784407 0.2612425 0.2449256 0.2612425 0.2442628 0.2393378 0.2498729 0.2158685 0.2158685 0.2324096 0.2324096 0.3226232 0.3226232 0.2340799 0.2340799 0.2301797 0.2933259 0.2933259 0.3614593 0.3614593 0.3318060 0.3318060 0.2373057 0.2238411 0.2367327 0.1503247 0.3464094 0.2296388 0.2278348 0.2148564 0.2271298 0.2188379 0.2471035 0.2034621 0.1645540 0.2227332 0.2182378 0.2182378 0.2191035 0.2369583 0.2157117 0.2137514 0.2458197 0.2192886 0.2913483 0.3483084 0.1145164 0.3248735 0.2938764 0.3084696 0.3813437 0.3813245 0.4188889 0.4498887 0.2486506 0.3567964 0.5339855 0.4852101 0.3293985 0.4431055 0.5854366 0.5065908 0.5033999 0.4829531 0.5137342 0.4749236 0.5977000 0.6012716 0.3982852 0.4298373 0.7521822 0.4599606 0.1869240 0.2919718 0.2979276 0.4747240 0.4747240 0.4458331 0.4498269 0.7733998 0.5936356 0.5653925 0.4932693 0.7324696 0.5979881 1.0027327 1.3758628 
Cscu_XM_023386287.1                                          0.2639674 0.2655739 0.1867257 0.1773684 0.2156837 0.4633577 0.2527709 0.2549435 0.2011286 0.1646099 0.2463029 0.1153634 0.2444303 0.2265070 0.2615641 0.2622278 0.2449760 0.3472388 0.1041371 0.2402698 0.2234196 0.1920811 0.2089398 0.1777485 0.1777485 0.0000000 0.1333195 0.2007791 0.2125314 0.2719494 0.2546997 0.2636538 0.2557939 0.2557939 0.2853721 0.2694711 0.2127180 0.2266921 0.2459784 0.2311845 0.2311845 0.2235126 0.2033788 0.3656544 0.3656544 0.2461048 0.2461048 0.2391977 0.2251161 0.2391977 0.2260681 0.2200553 0.2480531 0.2185472 0.2185472 0.2256059 0.2256059 0.2866278 0.2866278 0.2297174 0.2297174 0.2298209 0.2896882 0.2896882 0.3621343 0.3621343 0.3261587 0.3261587 0.2458335 0.2398862 0.2491662 0.1505492 0.3485843 0.2298182 0.2280218 0.2457468 0.2478632 0.2432390 0.2457018 0.2396401 0.1682187 0.2513993 0.2448242 0.2448242 0.2398536 0.2434834 0.2608590 0.2586673 0.2656403 0.2274971 0.2793634 0.3923075 0.1618213 0.3673834 0.3265157 0.3273599 0.4522399 0.4452353 0.5149217 0.5274995 0.3291291 0.4569070 0.6188161 0.4922103 0.3213105 0.4746642 0.6313798 0.6004156 0.6104972 0.5667547 0.5470924 0.4742198 0.6254873 0.6446903 0.4143202 0.5087792 0.8154553 0.5527155 0.2197765 0.3632064 0.3391165 0.4673822 0.4673822 0.4393179 0.4431294 0.7200513 0.6047282 0.3517217 0.3978053 0.8125253 0.5505862 0.9823723 1.1901249 
Cgig_XM_011436074.3                                          0.2239312 0.2302845 0.1617287 0.1604193 0.2469536 0.5721703 0.2258342 0.2091771 0.1870534 0.1593659 0.2186506 0.0933643 0.2099068 0.1912389 0.2213080 0.2281044 0.2121545 0.2970682 0.1395588 0.2030875 0.1943740 0.1447905 0.1928284 0.1416194 0.1416194 0.1333195 0.0000000 0.1129003 0.2001093 0.2802874 0.2451086 0.2222546 0.2227529 0.2227529 0.2380448 0.2321120 0.1869854 0.1827108 0.2332497 0.2136885 0.2136885 0.1933687 0.1718137 0.3228255 0.3228255 0.2326134 0.2326134 0.2159782 0.1986253 0.2159782 0.2058292 0.1942134 0.2002615 0.1973930 0.1973930 0.2148610 0.2148610 0.2608630 0.2608630 0.2157326 0.2157326 0.2308246 0.2605661 0.2605661 0.3213364 0.3213364 0.3103627 0.3103627 0.2202917 0.2190667 0.2157828 0.1659455 0.3747505 0.2069265 0.2160800 0.2187997 0.2004378 0.1944049 0.1895720 0.1977987 0.1637922 0.2057265 0.2007359 0.2007359 0.1885256 0.2108261 0.2217782 0.2197403 0.2567944 0.2244076 0.2885999 0.3653036 0.1291876 0.3325536 0.3126058 0.3047212 0.4283187 0.4396626 0.4626205 0.4907504 0.2877019 0.4177431 0.5863854 0.4881693 0.3459591 0.4448248 0.6259129 0.5628417 0.5494425 0.5425575 0.5247891 0.4356756 0.5818641 0.6269206 0.3899997 0.4472094 0.7154886 0.4736867 0.1960330 0.3090106 0.3205418 0.4178877 0.4178877 0.4112499 0.3959759 0.7714346 0.5618638 0.6815216 0.3361340 0.6503304 0.4991049 1.0408395 1.0875276 
Ctel_gnl_WGS_AMQN_CAPTEDRAFT_mRNA221846                      0.2460283 0.2480475 0.1711465 0.1964737 0.2470392 0.5916662 0.2766995 0.2697009 0.2258731 0.2022826 0.2293675 0.1301984 0.2158619 0.2051674 0.2235421 0.2276540 0.2169770 0.2619053 0.1314854 0.2070829 0.2095185 0.1152159 0.2340808 0.1561426 0.1561426 0.2007791 0.1129003 0.0000000 0.2461975 0.3006380 0.2885009 0.2487863 0.2555166 0.2555166 0.2776818 0.2707715 0.1789046 0.1041394 0.2559278 0.2205416 0.2205416 0.1607101 0.1483563 0.6076932 0.6076932 0.3475170 0.3475170 0.2769360 0.2329914 0.2769360 0.2541682 0.2239362 0.2443851 0.2237993 0.2237993 0.2360589 0.2360589 0.3855369 0.3855369 0.2265395 0.2265395 0.2386233 0.3075667 0.3075667 0.5507275 0.5507275 0.4403535 0.4403535 0.2522628 0.2196933 0.2305489 0.1577002 0.2088077 0.1490305 0.1840396 0.2083449 0.2244385 0.2356452 0.2395130 0.2585518 0.2275027 0.2158170 0.2220920 0.2220920 0.2091518 0.2165166 0.2062076 0.2077930 0.2657669 0.2235502 0.3541922 0.4096598 0.1278030 0.3996135 0.3701417 0.3858131 0.4663296 0.4804458 0.5473595 0.5969666 0.3283745 0.4929926 0.7294441 0.6239668 0.4212372 0.5513870 0.6879648 0.6912204 0.6869014 0.6723735 0.6453975 0.4732182 0.7110176 0.7373560 0.0000010 0.5561778 3.9310377 0.6703004 0.2335722 0.2923050 0.3703350 0.2351209 0.2351209 0.2714413 0.2232207 0.4646266 0.5657259 0.6588087 5.5633906 1.3932696 0.8640530 5.6300742 4.3099849 
