97
Emue_Em0022g130a.t1                                               0.0000000 0.2341551 1.2946583 1.3481083 2.9030111 1.2364432 1.2472110 0.7520873 1.0737345 0.8544242 0.7208175 0.7420391 1.2979469 1.2193834 1.2193834 1.2354815 1.3472774 1.0969749 1.1535606 0.6381334 1.1408567 1.3855898 1.1834617 1.4668987 1.1386697 1.1323332 1.3320377 1.7892383 1.2827707 1.2783596 0.8734764 1.3283166 1.3794244 1.4937631 1.4690056 1.7118647 1.6329723 1.1668636 1.2606224 1.3315517 0.8889990 1.0569555 1.5822147 1.3982696 0.8638957 0.8638957 1.3090525 1.3005487 1.2278310 1.0574367 1.4842654 1.3718104 1.2926536 1.2957241 1.4584878 1.5490993 1.4913559 1.3241339 1.5249996 1.2775228 1.3048466 1.3371354 1.5010454 1.4718622 1.4335049 1.3396628 1.3040303 2.2670265 1.8586088 1.3613869 1.5214913 1.9129536 1.2104592 1.5800103 1.9420240 1.6091083 1.7348066 1.8163450 1.6569338 1.5958601 1.3759870 1.3541692 1.0775009 1.4938491 1.7251011 1.7251011 1.4728656 1.4728656 1.4328141 1.4358167 1.5330782 1.5755166 2.0262059 1.4734048 2.1162597 2.6424916 1.9537869 
Spolac_c102347_g2_i1_m.28962c102347-g1                            0.2341551 0.0000000 1.2805308 1.3522249 2.6617768 1.1712909 1.1982756 0.7160682 0.9918518 0.8675210 0.7178701 0.7249974 1.2955753 1.1711711 1.1711711 1.2099623 1.1416492 1.1377509 1.1703654 0.6120949 1.1052314 1.3493166 1.1851815 1.4328716 1.0424903 1.0570611 1.3309093 1.7958205 1.2502906 1.3058514 0.8490115 1.3572735 1.3349595 1.4821575 1.4578974 1.6790493 1.6231089 1.2077884 1.3215031 1.2534844 0.9082675 1.0450194 1.5439445 1.4833397 0.8459792 0.8459792 1.3034148 1.2609931 1.2812005 1.1293251 1.4082815 1.2557221 1.2508555 1.3424670 1.4729498 1.6219005 1.4800118 1.3347994 1.5413563 1.1980305 1.1984525 1.1907917 1.4169782 1.5576174 1.4473087 1.3869812 1.3322509 2.3789227 1.9083739 1.5651346 1.5469358 1.8594617 1.3098330 1.5161053 1.9904416 1.6284546 1.8571536 1.8480807 1.6844315 1.5551468 1.4085515 1.3249132 1.0845721 1.5107606 1.7546501 1.7546501 1.3947277 1.3947277 1.4008073 1.4515000 1.5212661 1.5486713 1.8950723 1.4065408 2.1174822 2.6369697 1.8796552 
Lcom_lcpid115541                                                  1.2946583 1.2805308 0.0000000 0.2731965 2.5627804 1.2082151 1.2026225 0.8201839 1.1990693 1.0274245 1.1162094 0.5155635 1.0178636 0.8968650 0.8968650 0.8796652 1.0266457 0.9919737 1.0107659 0.4748774 0.9818190 1.2793512 0.9486726 1.2752154 0.8535788 0.9201492 1.0941541 1.6158851 1.0876474 1.0420936 0.7036773 0.9858911 1.0526727 1.1524715 1.1406621 1.2456776 1.1511078 1.0323336 1.1491056 0.8281765 0.6943320 0.7537145 1.2057328 1.0930792 0.8526959 0.8526959 1.1923870 1.2340881 1.2048030 0.9831369 1.0712110 1.0453834 1.1101558 1.0611206 1.1079128 1.1664715 1.0279259 1.2321593 1.2491279 1.1610070 1.1021520 1.2937473 1.1661144 1.2454300 1.0669076 1.4346826 1.3755900 2.3373634 1.8351660 1.0669019 1.4051239 1.6249469 1.2347506 1.3886578 1.7644102 1.5536368 1.4531690 1.6280133 1.7517191 1.2838704 1.2400895 1.2969523 0.9080720 1.3592145 1.3896556 1.3896556 1.2363274 1.2363274 1.3998336 1.1418400 1.1834640 1.3300974 2.0228016 1.3053586 1.7864385 1.9905287 1.7846396 
Scil_scict002479.2                                                1.3481083 1.3522249 0.2731965 0.0000000 3.1742074 1.3071397 1.3011739 0.9230623 1.2615785 1.1588602 1.1527011 0.4595966 1.0163231 0.9275200 0.9275200 0.8972197 0.9744691 0.9790288 1.0715450 0.6035721 1.0559016 1.2733618 1.0055792 1.2563634 0.9713270 0.9407006 1.1077778 1.6285249 1.1443314 1.0832661 0.7802095 1.0606742 1.1119950 1.1935588 1.1813087 1.3331896 1.2044393 1.0365398 1.1278351 0.7997258 0.7146867 0.8322872 1.1015412 1.1207691 0.9095241 0.9095241 1.1832631 1.1689624 1.1469140 0.9162791 1.1875622 1.0257191 1.0774346 1.0878616 1.0075329 1.1468741 1.0063812 1.2322555 1.1985529 1.1271939 1.0829460 1.2760311 1.1478784 1.3117958 1.1562120 1.3467444 1.4288998 2.4126109 1.8033820 1.0868623 1.4429518 1.5267764 1.2442902 1.3765317 1.5738187 1.3751086 1.5377062 1.4749109 1.8347006 1.4430778 1.4093806 1.4020506 0.9480195 1.5405571 1.4806514 1.4806514 1.3635789 1.3635789 1.5502553 1.2667630 1.3301490 1.2995943 2.1342417 1.3424593 1.8363065 2.1790938 1.6380480 
Aque_Aqu2.1.03982_001                                             2.9030111 2.6617768 2.5627804 3.1742074 0.0000000 0.0206297 0.0421006 0.6989968 1.1023675 1.5647693 2.1573084 0.0000010 2.8765570 3.3370639 3.3370639 3.0301427 3.7961308 2.9877118 4.4354300 0.0000010 4.1875133 4.3163503 4.2550934 4.2550934 3.4781195 3.2762796 3.2574619 4.2918620 4.6556679 4.6258383 1.8863106 4.0373640 4.0308836 3.8052425 3.7920496 4.0912359 2.5994347 3.7507126 3.7908199 4.2210288 0.8194836 2.1019144 6.3033350 4.2437047 3.3722915 3.3722915 3.9539552 3.9227209 2.8204495 2.4798894 2.8730759 3.3272811 3.2739059 3.6079478 3.7233286 3.3247241 3.6394474 3.0490145 2.8880844 9.0000000 0.0000010 3.4529096 0.0000010 3.9109026 2.9148736 4.5873284 4.8875185 4.8875185 2.5152750 9.0000000 3.5287934 6.8523506 2.7866187 1.7207251 3.6666427 3.5610271 2.6895204 5.1356612 3.3879732 3.3715987 3.2486978 2.5896787 1.5096787 3.2277175 3.8142423 3.8142423 3.0122492 3.0122492 2.5692183 2.3697052 3.5350461 3.0728956 2.8994521 0.0000010 2.8001621 3.5454590 3.4895567 
Aque_Aqu2.1.19926_001                                             1.2364432 1.1712909 1.2082151 1.3071397 0.0206297 0.0000000 0.0131295 0.3919069 0.4861848 0.7775282 0.9173923 0.5603018 1.2060636 1.2459370 1.2459370 1.1832428 1.2644453 1.6655105 1.4279431 0.5613254 1.3683749 1.8076406 1.3529951 1.7435678 1.2916636 1.1670327 1.4035402 2.0433875 1.5233914 1.5452996 0.9272204 1.4448476 1.4522663 1.5123886 1.4955368 1.4422087 1.2887978 1.4116140 1.5272552 1.2754920 0.7987110 0.7586397 1.6338825 1.2380180 1.1906027 1.1906027 1.3817523 1.4502420 1.2667727 1.1064126 1.3186795 1.3212635 1.2225398 1.4685317 1.3178405 1.5247353 1.4129194 1.4757582 1.4673010 1.1660358 1.1565908 1.3671886 0.9996910 1.5808197 1.4218302 1.6058933 1.7042154 3.2334792 1.8737139 1.8000954 1.7575629 2.1632904 1.3761279 1.3579966 1.8758943 1.6072673 1.5683899 1.7456172 2.0374033 1.5397365 1.4605149 1.3258928 0.9699047 1.5261522 1.6944715 1.6944715 1.5027450 1.5027450 1.3763273 1.2850019 1.3829376 1.4533285 1.9977025 1.3302373 2.0592662 2.3301262 1.9333999 
Aque_Aqu2.1.16475_001                                             1.2472110 1.1982756 1.2026225 1.3011739 0.0421006 0.0131295 0.0000000 0.3889280 0.4882984 0.7718394 0.9205846 0.5527040 1.2213094 1.2592868 1.2592868 1.1963432 1.2401067 1.6655105 1.4241632 0.5432063 1.3647423 1.8130511 1.3494496 1.7487224 1.2955970 1.1708433 1.4030748 2.0311107 1.5588642 1.5815094 0.9436821 1.4597391 1.4726121 1.5193918 1.5024348 1.4497227 1.3012496 1.4396214 1.5414311 1.2773554 0.8024587 0.7609460 1.6511753 1.2384370 1.1845642 1.1845642 1.4017751 1.4714225 1.2848375 1.1243778 1.3239929 1.3145864 1.2335684 1.4706800 1.3130474 1.5250442 1.3996302 1.4661663 1.4712692 1.1399608 1.1199924 1.3531621 0.9446257 1.5706088 1.4123833 1.6158429 1.6760069 3.2280007 1.8360187 1.8413730 1.7689202 2.1954857 1.3681919 1.3467977 1.8972274 1.6423198 1.5773993 1.7754247 2.0932894 1.5401058 1.4609739 1.3321102 0.9583041 1.5371224 1.6988873 1.6988873 1.5422863 1.5422863 1.3566581 1.2848062 1.3828476 1.4907220 2.0095879 1.3114600 2.0960802 2.3113943 1.9680626 
Xestes_augustus_masked-XT_scaffold53626-processed-gene-0.1-mRNA-1 0.7520873 0.7160682 0.8201839 0.9230623 0.6989968 0.3919069 0.3889280 0.0000000 0.2680274 0.5179128 0.5742284 0.5872568 0.7022366 0.6411877 0.6411877 0.6331005 0.6899504 1.0636692 0.7142028 0.4828842 0.6756467 0.8156888 0.6567072 0.7282043 0.6055174 0.6401457 0.9100191 1.1166707 0.7546788 0.7699344 0.6557634 0.7768244 0.8163599 0.8145786 0.8253724 0.9847417 0.9633908 0.7825748 0.8106291 0.7460560 0.8323078 0.7789278 0.9271459 0.8355987 0.7175212 0.7175212 0.8299640 0.8836366 0.8173822 0.8173822 0.8401657 0.8271370 0.7451088 0.9248761 0.8273150 1.0790840 0.9154769 1.1591812 1.0403369 0.8228848 1.0134454 0.9598051 1.1333734 1.0737001 0.9804094 0.9563979 1.0689793 1.9525261 1.4780704 1.7350972 1.4577791 1.4041418 0.9981301 1.2494376 1.4907481 1.2766238 1.2410897 1.0618325 1.5140994 0.9946057 1.0840647 0.9640834 0.9125051 0.9386232 1.0370248 1.0370248 0.9681679 0.9681679 0.9845049 1.1174916 1.1818455 0.9661530 1.4060242 1.0623091 1.6971481 1.5987988 1.7406295 
Halamb_c53281_g1_i9mm.5081                                        1.0737345 0.9918518 1.1990693 1.2615785 1.1023675 0.4861848 0.4882984 0.2680274 0.0000000 0.7884856 0.7927070 0.5275648 1.1301317 1.1190324 1.1190324 1.0925884 1.1076384 1.2783918 1.1794276 0.4441269 1.1028213 1.4760479 1.1378645 1.5112289 1.0886079 1.0119125 1.2534632 1.9500770 1.2174802 1.2753881 0.7693823 1.1413746 1.1788269 1.2155967 1.2067545 1.2882558 1.3640584 1.0023617 1.0819147 1.2162632 0.7340902 0.7105108 1.4804427 1.3248251 0.9461973 0.9461973 1.2853822 1.3112822 1.2097997 1.0493209 1.4833899 1.3397342 1.3431756 1.3663535 1.3370222 1.4652271 1.1461679 1.2727547 1.2508655 1.0658839 0.9763063 1.2039552 0.9850798 1.4115900 1.2764840 1.4899851 1.6402829 3.1837200 1.9409089 1.7382859 1.8079606 1.9599813 1.2967324 1.4075733 1.9333512 1.6096343 1.5230840 1.6461626 2.0143340 1.4923055 1.3656516 1.2505955 0.9368540 1.4264171 1.5861181 1.5861181 1.3391283 1.3391283 1.2788925 1.2193696 1.2887448 1.6223932 2.0094652 1.2381168 2.2366316 2.3247757 1.8501074 
Stycar_maker-SC_scaffold3350-snap-gene-0.8-mRNA-1                 0.8544242 0.8675210 1.0274245 1.1588602 1.5647693 0.7775282 0.7718394 0.5179128 0.7884856 0.0000000 0.4875291 0.4475364 1.0441404 0.9805784 0.9805784 0.9376544 1.1558451 1.0010048 1.1499419 0.3452921 1.0970071 1.4577214 1.1365269 1.4571076 0.9753074 1.0325938 1.2019685 1.6480506 1.2076450 1.1666272 0.6712490 1.0276066 1.0969998 1.2244258 1.2157789 1.2514436 1.2628758 1.0859799 1.1708882 1.1728533 0.7060439 0.8038591 1.3548605 1.1927381 0.6242882 0.6242882 0.9868598 1.0348083 1.0147703 0.8084605 1.2106413 1.0955140 1.1268414 1.2244602 1.1948766 1.3130292 1.1100194 1.1603608 1.2547652 1.0456542 0.9668979 1.2082292 0.9932328 1.5035139 1.3563695 1.2607169 1.3747052 2.5461906 1.7598485 1.7104788 1.5551035 1.8057193 1.1321828 1.2393911 1.7649485 1.4185498 1.4210413 1.5267642 1.9053733 1.4437356 1.2725603 1.2836664 0.8712019 1.4187827 1.6834467 1.6834467 1.5747832 1.5747832 1.4189838 1.1893844 1.2519496 1.4281975 2.1181842 1.1959709 2.0696280 2.1975856 1.6925281 
Tetwil_g3260.t1                                                   0.7208175 0.7178701 1.1162094 1.1527011 2.1573084 0.9173923 0.9205846 0.5742284 0.7927070 0.4875291 0.0000000 0.4097575 0.9850004 0.9196782 0.9196782 0.9327899 1.1479450 0.8945937 1.0703024 0.3478415 1.0046420 1.3602956 0.9962170 1.2816113 0.9024365 0.9077723 1.1996386 1.5102874 1.1999205 1.1718658 0.6902807 1.0055515 1.1755164 1.2230407 1.2113578 1.2163670 1.2224935 0.9532517 1.0165576 1.2851398 0.7427267 0.7823552 1.3822667 1.2784004 0.7833027 0.7833027 1.1488341 1.1424394 1.0046777 0.9002770 1.1721365 0.9882992 0.9849069 1.1298297 1.2084041 1.2102797 1.0550285 1.0769354 1.2055911 1.0503963 0.9661173 1.1951991 1.0735654 1.2436229 1.1801971 1.3447684 1.3045405 2.3426185 1.6630498 1.6759281 1.5446359 1.7390758 1.1144925 1.3334361 1.7679639 1.3496480 1.3889075 1.6383200 1.8721891 1.5207683 1.3522581 1.2703261 1.0291834 1.6048620 1.6203788 1.6203788 1.4587065 1.4587065 1.3669024 1.2843000 1.3542851 1.5196770 1.9031146 1.1287820 1.9332961 2.0410522 2.0030719 
Morvir_scaffold208.g35.t1                                         0.7420391 0.7249974 0.5155635 0.4595966 0.0000010 0.5603018 0.5527040 0.5872568 0.5275648 0.4475364 0.4097575 0.0000000 0.1796204 0.2199875 0.2199875 0.2264685 0.2088747 0.1926535 0.3019765 0.2841253 0.2805475 0.2566301 0.2680083 0.2262061 0.3014515 0.2575238 0.2549541 0.8543828 0.4653930 0.4779627 0.4518341 0.4385450 0.3710510 0.4634976 0.4680135 0.4831213 0.5415762 0.3458347 0.4606924 0.3468064 0.4883492 0.4205011 0.4391502 0.4433197 0.5038092 0.5038092 0.5858716 0.5755684 0.5438965 0.5438965 0.6854650 0.5992879 0.7493183 0.5872087 0.5638149 0.8160249 0.5935643 0.9708510 0.8084262 0.6647855 0.8154617 0.6647855 1.0453366 0.7507850 0.7375786 0.6970562 0.7999967 1.7849649 1.2873272 1.1665644 1.0055985 0.7794700 0.8052888 1.1624530 1.0833681 0.9694986 1.1633160 1.0390542 0.7240575 0.7721739 0.9130484 0.6878599 0.6878599 0.7530026 0.7293472 0.7293472 0.8278243 0.8278243 0.7880928 0.8785998 0.8785998 0.7501022 1.5405849 0.9953769 1.1178406 0.9715273 1.2992002 
Sanmal_Sma_011078-T1                                              1.2979469 1.2955753 1.0178636 1.0163231 2.8765570 1.2060636 1.2213094 0.7022366 1.1301317 1.0441404 0.9850004 0.1796204 0.0000000 0.2553657 0.2553657 0.2669013 0.6298474 0.2657046 0.7432936 0.3357424 0.7035649 0.9057741 0.7039272 0.8376868 0.7029498 0.6325588 0.4958318 1.2086100 0.9020412 0.8894417 0.4945812 0.8885372 0.8663016 1.1015715 1.0893136 0.9284201 0.9172261 0.8044043 0.8869588 0.8163744 0.6700625 0.5789768 0.9334505 0.9411293 0.8708045 0.8708045 0.9957250 0.9918283 0.8680479 0.7343345 1.1501124 1.0071747 1.0626104 0.9288147 0.9969397 1.2553349 1.1245331 1.2558526 1.1476706 1.0903251 0.9576117 1.0212360 1.2887701 1.2663142 1.1663257 1.1910228 1.0311416 1.5178760 1.4532533 1.5794780 1.4913053 1.5334281 1.1153741 1.3621080 1.7632155 1.6205857 1.4631255 1.2089911 1.6838646 1.3400626 1.2884339 1.2092625 0.9406695 1.4055304 1.4492853 1.4492853 1.4308232 1.4308232 1.2383650 1.1883162 1.1732028 1.3051259 1.8112615 1.0400131 1.6049025 1.9962867 1.5480240 
Nemnom_g19743.t1                                                  1.2193834 1.1711711 0.8968650 0.9275200 3.3370639 1.2459370 1.2592868 0.6411877 1.1190324 0.9805784 0.9196782 0.2199875 0.2553657 0.0000000 0.0000010 0.0859244 0.6249644 0.2239636 0.6983582 0.3273438 0.6426896 0.8907177 0.6746689 0.8147530 0.5923886 0.5741344 0.5740386 1.1447625 0.9253755 0.9365254 0.4818530 0.9257376 0.9551921 1.1293958 1.1195090 0.9802769 1.0293147 0.7805235 0.8448806 0.8843109 0.6456147 0.6521198 1.0308874 1.0719406 0.7598502 0.7598502 0.8747614 0.8616340 0.9038590 0.7480967 1.1541420 0.9564920 0.9967299 0.9144040 1.0619747 1.2479346 1.0701378 1.3271345 1.1074432 0.9375882 0.8275643 1.0220121 1.1327977 1.3348814 1.1740114 1.1468730 1.0216192 1.5782330 1.5408074 1.4941112 1.4197613 1.6105795 1.0319867 1.2780652 1.6623481 1.6180085 1.5996529 1.3462017 1.3993997 1.3756549 1.2821558 1.1842145 0.8494262 1.3437497 1.4213397 1.4213397 1.3116690 1.3116690 1.2201963 1.0831474 1.0863342 1.2126058 1.8347933 1.0252767 1.5656628 1.9146946 1.7163550 
Nemnom_g19492.t1                                                  1.2193834 1.1711711 0.8968650 0.9275200 3.3370639 1.2459370 1.2592868 0.6411877 1.1190324 0.9805784 0.9196782 0.2199875 0.2553657 0.0000010 0.0000000 0.0859244 0.6249644 0.2239636 0.6983582 0.3273438 0.6426896 0.8907177 0.6746689 0.8147530 0.5923886 0.5741344 0.5740386 1.1447625 0.9253755 0.9365254 0.4818530 0.9257376 0.9551921 1.1293958 1.1195090 0.9802769 1.0293147 0.7805235 0.8448806 0.8843109 0.6456147 0.6521198 1.0308874 1.0719406 0.7598502 0.7598502 0.8747614 0.8616340 0.9038590 0.7480967 1.1541420 0.9564920 0.9967299 0.9144040 1.0619747 1.2479346 1.0701378 1.3271345 1.1074432 0.9375882 0.8275643 1.0220121 1.1327977 1.3348814 1.1740114 1.1468730 1.0216192 1.5782330 1.5408074 1.4941112 1.4197613 1.6105795 1.0319867 1.2780652 1.6623481 1.6180085 1.5996529 1.3462017 1.3993997 1.3756549 1.2821558 1.1842145 0.8494262 1.3437497 1.4213397 1.4213397 1.3116690 1.3116690 1.2201963 1.0831474 1.0863342 1.2126058 1.8347933 1.0252767 1.5656628 1.9146946 1.7163550 
Rhoesc_Res_000616-T1                                              1.2354815 1.2099623 0.8796652 0.8972197 3.0301427 1.1832428 1.1963432 0.6331005 1.0925884 0.9376544 0.9327899 0.2264685 0.2669013 0.0859244 0.0859244 0.0000000 0.6200198 0.2604271 0.6663905 0.3191353 0.6188116 0.8409866 0.6348214 0.7760293 0.6051359 0.5802561 0.5274231 1.1434454 0.9229934 0.9554464 0.4841398 0.9252399 0.9630433 1.1071650 1.0973983 1.0147376 1.0195437 0.7920988 0.8573042 0.9174277 0.6559876 0.6162156 1.0547161 1.0988008 0.7844621 0.7844621 0.9206262 0.8841943 0.8948586 0.7325602 1.1527761 0.9857167 0.9914651 0.8983443 1.0759159 1.2211984 1.0340781 1.3132518 1.1018053 0.9213165 0.8652609 1.0139780 1.0199785 1.3109931 1.1642434 1.1549715 1.0255280 1.6724206 1.6051257 1.3851952 1.4092437 1.5528392 1.0450415 1.2683975 1.6340024 1.5886716 1.5222022 1.3385370 1.4273025 1.3313731 1.2271006 1.2197560 0.8708774 1.3692835 1.3733191 1.3733191 1.3333391 1.3333391 1.1711970 1.0783356 1.0683184 1.2946973 1.9146346 1.0678878 1.5580997 1.9303667 1.6951901 
Chem_TCONS_00064376                                               1.3472774 1.1416492 1.0266457 0.9744691 3.7961308 1.2644453 1.2401067 0.6899504 1.1076384 1.1558451 1.1479450 0.2088747 0.6298474 0.6249644 0.6249644 0.6200198 0.0000000 0.8288254 0.7561498 0.3370831 0.7105675 0.9300188 0.7514576 0.9588655 0.8277968 0.6226973 0.5940334 1.3712674 0.9442167 0.9349945 0.4957339 0.9965364 0.9025366 1.0727084 1.0925771 1.0590392 0.9556851 0.8415218 1.0348640 0.7283442 0.6439064 0.5845034 0.9568869 0.8935038 0.9813691 0.9813691 0.9395534 0.9700963 0.9046214 0.7932863 1.1438242 0.9479726 1.0746215 1.0493483 0.9827355 1.2678860 1.0807183 1.2588486 1.1669220 1.1196250 0.8755944 1.1039593 1.1778127 1.3150707 1.1860697 1.1506077 1.2060100 2.0723122 1.6737358 1.5433889 1.6930076 1.3103222 1.1484202 1.2742874 1.8315058 1.8020645 1.7716554 1.3889494 1.5209700 1.3558614 1.1836104 1.0576467 0.8161656 1.2400379 1.3901988 1.3901988 1.3375923 1.3375923 1.1696299 1.0932976 1.0797190 1.2571873 1.7117145 1.0806789 1.6282626 1.8092803 1.8324525 
Aaur_scaffold53.g38.t1                                            1.0969749 1.1377509 0.9919737 0.9790288 2.9877118 1.6655105 1.6655105 1.0636692 1.2783918 1.0010048 0.8945937 0.1926535 0.2657046 0.2239636 0.2239636 0.2604271 0.8288254 0.0000000 0.5270419 0.3838781 0.5042912 0.5160934 0.4799559 0.4799559 0.4603519 0.4887919 0.4859614 0.5217447 0.8123275 0.7998656 0.5574488 0.7133134 0.9916266 1.0745052 1.0745052 0.9215487 0.8785370 0.6321262 0.5734890 0.7792153 0.8979874 1.1352489 1.1692294 1.0771035 1.0790361 1.0790361 0.9202823 0.7441866 0.8499332 0.8499332 1.0919911 0.9200886 0.9103348 0.9071609 1.1115712 1.1851875 1.2978737 1.2401870 0.9395953 0.9042084 0.6260655 0.9836238 0.0000010 1.4973870 1.0777236 0.9687606 0.6623885 0.6148193 1.3124121 4.5232074 1.6364256 1.5094455 1.0317725 1.1790178 1.5135323 1.5841415 1.6624500 1.1651270 1.5323585 1.5495451 1.5350823 1.4907353 1.3203930 1.4640187 1.3939289 1.3939289 1.3633489 1.3633489 1.1735065 1.5040575 1.6331697 1.4791601 1.4907353 0.6110397 1.2596040 1.6225356 2.4637121 
Spis_XP_022793168_1                                               1.1535606 1.1703654 1.0107659 1.0715450 4.4354300 1.4279431 1.4241632 0.7142028 1.1794276 1.1499419 1.0703024 0.3019765 0.7432936 0.6983582 0.6983582 0.6663905 0.7561498 0.5270419 0.0000000 0.0467536 0.0976598 0.0661917 0.1850216 0.2349660 0.4137400 0.3015151 0.8250228 0.5504401 0.8495040 0.8516818 0.4144467 0.7834192 0.7548187 0.9204046 0.9056886 0.9996205 0.9078168 0.7376769 0.7963504 0.9809518 0.5897509 0.6041367 1.1312740 1.1468009 0.7694931 0.7694931 1.0497128 1.0879298 1.0172066 0.7888475 1.1799603 1.1150394 1.1333067 1.0349773 1.1985640 1.2350453 1.2097669 1.1290672 1.3585974 1.0424297 0.8976823 1.0875965 1.0014384 1.2007807 1.0592456 1.4889749 1.3513209 2.4038702 1.7210877 1.1223152 1.3491289 1.6174992 1.3399931 1.3543718 1.8828035 1.6122816 1.5488305 1.3128565 1.6537263 1.3910124 1.3444142 1.3098028 0.9118246 1.4563669 1.4434134 1.4434134 1.2615884 1.2615884 1.1470980 1.0929138 1.1567258 1.3385518 1.9008468 0.9300372 1.7664201 1.9598861 1.9552605 
Gasp_gasp1.m3.29956.m1                                            0.6381334 0.6120949 0.4748774 0.6035721 0.0000010 0.5613254 0.5432063 0.4828842 0.4441269 0.3452921 0.3478415 0.2841253 0.3357424 0.3273438 0.3273438 0.3191353 0.3370831 0.3838781 0.0467536 0.0000000 0.0380000 0.0500779 0.0890446 0.1055341 0.1540558 0.1550324 0.3942618 0.7275940 0.4009776 0.4087238 0.4057847 0.3714655 0.3730682 0.4245888 0.4113330 0.3788569 0.4402464 0.3471434 0.4609180 0.4213107 0.4944396 0.4912458 0.4828715 0.4832195 0.4516141 0.4516141 0.5977265 0.6288077 0.6127197 0.6127197 0.5516466 0.5338713 0.6089849 0.5104790 0.5546833 0.6921674 0.5988167 0.9322511 0.7789546 0.7066808 0.8625454 0.7066808 1.0268374 0.8503875 0.8493479 0.8000449 0.7828024 1.7508498 1.2847803 0.9038209 0.9077181 0.9148809 0.7930154 1.1867050 1.1544103 0.8329478 1.0962367 0.8306619 0.8096388 0.7842003 0.8727495 0.7686908 0.7686908 0.7772408 0.7760250 0.7760250 0.7788216 0.7788216 0.7751241 0.9140456 0.9140456 0.8611243 1.3231474 0.8921289 1.2510071 1.0591087 1.4188412 
Fspp_ffun1.m4.11479.m1                                            1.1408567 1.1052314 0.9818190 1.0559016 4.1875133 1.3683749 1.3647423 0.6756467 1.1028213 1.0970071 1.0046420 0.2805475 0.7035649 0.6426896 0.6426896 0.6188116 0.7105675 0.5042912 0.0976598 0.0380000 0.0000000 0.1429981 0.1707512 0.2009145 0.4112606 0.2805372 0.7907050 0.5273936 0.8254520 0.8401879 0.4283052 0.7742252 0.7339542 0.9119896 0.9093464 0.9927730 0.9043318 0.7560059 0.8179215 1.0482916 0.5537081 0.5721007 1.1537413 1.1298494 0.7722727 0.7722727 1.0461245 1.0843985 1.0454083 0.7752484 1.1766991 1.0634911 1.1122742 0.9885800 1.1431499 1.1992837 1.1531163 1.0955903 1.2917569 0.9972194 0.8410791 1.0730566 1.0358872 1.1539343 1.0311988 1.4984363 1.2859945 2.2663052 1.5954727 1.1395067 1.2927569 1.5768107 1.2187347 1.2721142 1.8082181 1.5359531 1.4936112 1.2925675 1.5830602 1.3580430 1.2986997 1.2052385 0.8501239 1.3971635 1.3546956 1.3546956 1.1784229 1.1784229 1.0758338 1.0401154 1.1046687 1.3033109 1.8268197 0.8803198 1.7523910 1.9573588 1.9280735 
Pocdam_XM_027204122.1                                             1.3855898 1.3493166 1.2793512 1.2733618 4.3163503 1.8076406 1.8130511 0.8156888 1.4760479 1.4577214 1.3602956 0.2566301 0.9057741 0.8907177 0.8907177 0.8409866 0.9300188 0.5160934 0.0661917 0.0500779 0.1429981 0.0000000 0.2056054 0.2056054 0.4949283 0.3750581 0.8945555 0.3095906 1.0732050 1.0826101 0.4384151 0.9081903 0.9060663 1.1006404 1.0963394 1.3358613 1.1754660 0.9766414 1.0111944 1.2216758 0.5989917 0.6788655 1.4311020 1.3643305 0.9448843 0.9448843 1.1142104 1.1697145 1.0908946 0.8111638 1.5506206 1.4865137 1.4377145 1.2328994 1.3679591 1.4649876 1.4968112 1.2637768 1.5980337 1.3057045 0.7464165 1.3130520 5.3990899 1.4741507 1.2596425 1.7978366 1.6849946 2.3454800 1.6112377 4.7857155 1.5818454 2.1550778 1.5115325 1.4577135 2.0477014 1.8329246 1.7433806 1.3736554 1.6883739 1.8139779 1.7837638 1.5888680 1.0032824 1.8059713 1.6944131 1.6944131 1.4336774 1.4336774 1.3202714 1.2701978 1.3799679 1.5797771 1.7740400 0.5477292 1.7016808 2.1529147 2.0742792 
Amil_Amillepora08024-RA                                           1.1834617 1.1851815 0.9486726 1.0055792 4.2550934 1.3529951 1.3494496 0.6567072 1.1378645 1.1365269 0.9962170 0.2680083 0.7039272 0.6746689 0.6746689 0.6348214 0.7514576 0.4799559 0.1850216 0.0890446 0.1707512 0.2056054 0.0000000 0.0000010 0.4605068 0.3505847 0.7997315 0.5012611 0.7783483 0.7849545 0.3865040 0.7160976 0.7060669 0.9258001 0.9231830 1.0555285 0.9129713 0.7427079 0.8418640 1.0249527 0.5495113 0.5788527 1.1823285 1.0778170 0.7868043 0.7868043 1.0954982 1.1345529 1.0874533 0.8235342 1.2031112 1.1314461 1.1744184 1.0413790 1.1346219 1.2817955 1.1916323 1.1908428 1.3253678 1.0064980 0.8176214 1.0686382 1.0533218 1.1778126 1.0702994 1.5880456 1.2179079 2.0855604 1.6683337 1.1608208 1.3098984 1.6088814 1.2621910 1.3610390 1.9517039 1.5694785 1.4994461 1.3680898 1.6498964 1.3434998 1.3280923 1.2671606 0.8315699 1.3917043 1.3931687 1.3931687 1.2172515 1.2172515 1.1655030 0.9773012 1.0323735 1.2560512 1.7910540 1.0178067 1.7344451 1.9567640 1.8906460 
Adig_XM_015910501.1                                               1.4668987 1.4328716 1.2752154 1.2563634 4.2550934 1.7435678 1.7487224 0.7282043 1.5112289 1.4571076 1.2816113 0.2262061 0.8376868 0.8147530 0.8147530 0.7760293 0.9588655 0.4799559 0.2349660 0.1055341 0.2009145 0.2056054 0.0000010 0.0000000 0.5600680 0.4064271 0.8539298 0.2951055 0.9809005 0.9939340 0.3966701 0.8353615 0.8558919 1.1154508 1.1282834 1.3915525 1.1243159 0.9209748 1.0215734 1.2732638 0.5629288 0.6251520 1.4700018 1.3343446 0.9410321 0.9410321 1.1910075 1.2487515 1.2044803 0.8501340 1.5381125 1.5175564 1.4929087 1.3194808 1.3285783 1.6186481 1.5024427 1.3590210 1.5801336 1.2446977 0.6215805 1.2596166 6.2724481 1.3844464 1.2133882 1.8909146 1.4668173 2.0264480 1.5391282 4.7659438 1.4924615 2.0834715 1.3949591 1.4564252 2.1814566 1.8679965 1.7320079 1.5104638 1.6498964 1.6001653 1.6636743 1.4606797 0.8822545 1.6401651 1.5783543 1.5783543 1.3505071 1.3505071 1.2960959 1.0672351 1.1545711 1.4634040 1.6154188 0.5957860 1.6603804 2.1144207 2.0473677 
Nvec_v1g206185                                                    1.1386697 1.0424903 0.8535788 0.9713270 3.4781195 1.2916636 1.2955970 0.6055174 1.0886079 0.9753074 0.9024365 0.3014515 0.7029498 0.5923886 0.5923886 0.6051359 0.8277968 0.4603519 0.4137400 0.1540558 0.4112606 0.4949283 0.4605068 0.5600680 0.0000000 0.2856219 0.7612418 0.8660358 0.8547847 0.8561856 0.4087832 0.7482210 0.7716645 0.9322376 0.9048036 0.8937188 0.9408510 0.6564883 0.7232684 0.9736634 0.5774037 0.5764850 1.1269880 1.0137987 0.7649194 0.7649194 0.9550110 0.9374651 0.9677674 0.7228457 1.1218858 1.0382921 1.1722676 1.0103811 0.9963954 1.0401743 1.0916837 1.1721669 1.2785532 0.9844309 0.7711499 0.9751979 1.1501176 1.1902389 1.0993806 1.3358715 1.1338514 1.8505911 1.6677584 1.1694103 1.3603348 1.4852343 1.1897786 1.3046746 1.8383055 1.5848557 1.5372847 1.2706941 1.8366251 1.4110892 1.2319171 1.2526929 0.7828238 1.3567792 1.4894056 1.4894056 1.2299060 1.2299060 1.1384278 0.9979324 1.0507164 1.3612287 1.9461266 0.8216153 1.7366189 1.9224879 1.7709314 
Exapal_XM_021059383.2                                             1.1323332 1.0570611 0.9201492 0.9407006 3.2762796 1.1670327 1.1708433 0.6401457 1.0119125 1.0325938 0.9077723 0.2575238 0.6325588 0.5741344 0.5741344 0.5802561 0.6226973 0.4887919 0.3015151 0.1550324 0.2805372 0.3750581 0.3505847 0.4064271 0.2856219 0.0000000 0.6964121 0.7650579 0.7888021 0.7878633 0.4137912 0.7309049 0.7352098 0.9086869 0.8970703 0.8964913 0.8066856 0.6476835 0.6939464 0.8845751 0.5900587 0.5648763 1.0489688 1.0239732 0.8134106 0.8134106 0.9149448 0.9044183 0.9079943 0.7358398 1.0482891 0.9865538 1.0701969 0.8859513 1.0430763 1.1426863 1.0233604 1.1476419 1.3149347 0.9507052 0.7794084 1.0306698 1.0631046 1.1638888 1.0635515 1.3150708 1.0431231 1.7424646 1.5679890 1.1052517 1.2241569 1.3076334 1.1088978 1.2374862 1.7557917 1.5515189 1.5133820 1.2665711 1.3560072 1.3326294 1.1931219 1.1318344 0.8789595 1.3700360 1.3178087 1.3178087 1.1842581 1.1842581 1.1059105 1.1256670 1.1883551 1.1588827 1.8044966 0.8425268 1.5094496 1.7647754 1.7918998 
Hvul_g29760_1                                                     1.3320377 1.3309093 1.0941541 1.1077778 3.2574619 1.4035402 1.4030748 0.9100191 1.2534632 1.2019685 1.1996386 0.2549541 0.4958318 0.5740386 0.5740386 0.5274231 0.5940334 0.4859614 0.8250228 0.3942618 0.7907050 0.8945555 0.7997315 0.8539298 0.7612418 0.6964121 0.0000000 1.3650560 1.0393911 1.0344430 0.7016251 0.9724154 0.9465444 1.0596969 1.0636618 1.0935380 1.1502030 0.8361203 0.9423852 0.9099339 0.7773522 0.6538098 1.2015495 0.9815789 1.0054914 1.0054914 1.2335354 1.2078870 1.0847946 0.9039545 1.3290943 1.2912697 1.2579196 1.2485225 1.0866269 1.4917043 1.1498527 1.4170809 1.2259193 1.2364862 0.9176030 1.3024261 1.8035014 1.3591389 1.2309881 1.3720138 1.2859348 1.8513035 1.7390964 1.9782134 1.9296408 1.5637190 1.1737914 1.5234422 1.7966219 1.7937040 1.8168101 1.5898806 1.7736721 1.4702574 1.5020316 1.1708859 1.0209473 1.4886762 1.4989023 1.4989023 1.4867765 1.4867765 1.3204533 1.3144899 1.2727616 1.4266813 1.9461327 1.1066935 1.7957954 1.8459712 1.8068673 
Gfas_gfas1.m1.7806.m1                                             1.7892383 1.7958205 1.6158851 1.6285249 4.2918620 2.0433875 2.0311107 1.1166707 1.9500770 1.6480506 1.5102874 0.8543828 1.2086100 1.1447625 1.1447625 1.1434454 1.3712674 0.5217447 0.5504401 0.7275940 0.5273936 0.3095906 0.5012611 0.2951055 0.8660358 0.7650579 1.3650560 0.0000000 1.4749517 1.4395066 0.8746939 1.2891013 1.2937745 1.4918146 1.5167368 1.6602563 1.5013289 1.2671859 1.3063303 1.6146998 1.1574330 1.1838112 1.8792397 1.7285129 1.3399168 1.3399168 1.4519726 1.5216404 1.4601013 1.2187948 1.9719005 2.0069008 1.9500260 1.6933237 1.7276073 2.0383547 1.8582544 1.8231424 2.0762323 1.7554356 1.3194338 1.6220899 4.6437754 1.7813401 1.6650967 2.0965764 1.7742615 2.1988009 1.9774946 6.1706386 2.0919941 2.3795992 1.7293784 1.9181288 2.5482001 2.3210330 2.3118391 1.7662936 1.7093568 2.1422270 2.2116064 1.9373551 1.4369344 2.1440599 2.1607183 2.1607183 1.9709808 1.9709808 1.6784186 1.7528065 1.8435814 1.9527617 1.9616034 1.4912273 2.1677373 2.6500704 2.5894162 
Spis_XP_022798782_1                                               1.2827707 1.2502906 1.0876474 1.1443314 4.6556679 1.5233914 1.5588642 0.7546788 1.2174802 1.2076450 1.1999205 0.4653930 0.9020412 0.9253755 0.9253755 0.9229934 0.9442167 0.8123275 0.8495040 0.4009776 0.8254520 1.0732050 0.7783483 0.9809005 0.8547847 0.7888021 1.0393911 1.4749517 0.0000000 0.0630445 0.0973738 0.2066385 0.2927686 0.4306570 0.4452423 0.6539443 0.5648030 0.6709107 0.8019385 0.9035881 0.5796070 0.6654323 1.1994367 1.0962308 1.0433740 1.0433740 1.2099566 1.2292403 1.1665938 0.8974259 1.2439881 1.0211004 1.1089964 1.0849371 0.9175268 1.2109420 1.3192368 1.3304380 1.4382986 1.0812099 0.9751563 1.3552804 1.3326367 1.3328156 1.2064645 1.5213818 1.3603951 2.2298266 1.9157340 1.2272028 1.4476627 1.8640850 1.3356370 1.5429395 1.9390061 1.7546721 1.6973275 1.8103497 1.5172633 1.4526486 1.3677446 1.3569509 1.0610698 1.3235013 1.3954272 1.3954272 1.3239587 1.3239587 1.3212716 1.0613968 1.1499014 1.3321357 1.8494419 1.0539249 1.5983304 1.8948995 1.9061770 
Pocdam_XM_027198891.1                                             1.2783596 1.3058514 1.0420936 1.0832661 4.6258383 1.5452996 1.5815094 0.7699344 1.2753881 1.1666272 1.1718658 0.4779627 0.8894417 0.9365254 0.9365254 0.9554464 0.9349945 0.7998656 0.8516818 0.4087238 0.8401879 1.0826101 0.7849545 0.9939340 0.8561856 0.7878633 1.0344430 1.4395066 0.0630445 0.0000000 0.1002621 0.2176886 0.2601899 0.4015583 0.4161622 0.6599632 0.5614398 0.6587742 0.7843095 0.8888232 0.5988193 0.6593443 1.1633328 1.0346280 1.0608010 1.0608010 1.2229055 1.2372281 1.1845900 0.9246837 1.2137563 1.0164648 1.0994640 1.0538774 0.8821673 1.2405269 1.2927546 1.3666558 1.3806138 1.1132884 1.0211811 1.4068001 1.4404076 1.3270798 1.2342772 1.5277728 1.3604172 2.1736820 1.8958158 1.2272028 1.4234634 1.7500714 1.3386595 1.6004081 2.0041128 1.7540571 1.6825444 1.7768785 1.5112832 1.4681036 1.4017507 1.3246395 1.0417376 1.3004871 1.3793443 1.3793443 1.3330058 1.3330058 1.3280747 1.0621587 1.1509013 1.2820819 1.8290815 1.0846820 1.5718587 1.8675656 1.9588452 
Gasp_gasp1.m3.24685.m1                                            0.8734764 0.8490115 0.7036773 0.7802095 1.8863106 0.9272204 0.9436821 0.6557634 0.7693823 0.6712490 0.6902807 0.4518341 0.4945812 0.4818530 0.4818530 0.4841398 0.4957339 0.5574488 0.4144467 0.4057847 0.4283052 0.4384151 0.3865040 0.3966701 0.4087832 0.4137912 0.7016251 0.8746939 0.0973738 0.1002621 0.0000000 0.0847715 0.1319448 0.1763184 0.1831562 0.3528880 0.3931259 0.4341344 0.5180507 0.5692391 0.6167474 0.7043435 0.6486149 0.7097852 0.7003458 0.7003458 0.8927278 0.8528764 0.8726319 0.8726319 0.7210768 0.7105491 0.7734728 0.7309140 0.6853914 0.7998743 0.7759335 1.0570432 0.9850354 0.8266803 0.9141181 0.8211028 1.3170045 1.0853929 1.0277850 0.9015798 0.9028096 1.4719663 1.4540408 1.3480507 1.1270296 1.3434657 1.0460742 1.4771997 1.6024000 1.3770738 1.4135489 1.1873167 1.2068057 1.0071245 1.1300913 1.0212579 1.0212579 0.9901912 0.8781655 0.8781655 0.8844989 0.8844989 0.9166391 0.9737430 1.0135881 0.9591264 1.5458493 1.0431465 1.4443568 1.2951127 1.4869265 
Fspp_ffun1.m4.26372.m1                                            1.3283166 1.3572735 0.9858911 1.0606742 4.0373640 1.4448476 1.4597391 0.7768244 1.1413746 1.0276066 1.0055515 0.4385450 0.8885372 0.9257376 0.9257376 0.9252399 0.9965364 0.7133134 0.7834192 0.3714655 0.7742252 0.9081903 0.7160976 0.8353615 0.7482210 0.7309049 0.9724154 1.2891013 0.2066385 0.2176886 0.0847715 0.0000000 0.2355473 0.3425449 0.3590949 0.6405458 0.5070198 0.6147571 0.7267137 0.8406728 0.5784598 0.6967274 1.0600273 0.9829660 0.9833346 0.9833346 1.2325800 1.2103243 1.1859503 0.9475108 1.1266933 1.0836780 1.0979223 1.0772061 0.9213718 1.2040330 1.1350928 1.2520180 1.3207928 1.0783112 0.9005813 1.2105126 1.3600159 1.3410476 1.1966965 1.4360993 1.2634131 2.0711657 1.7755349 1.3574168 1.4743354 1.8694401 1.3345043 1.5019308 1.8915465 1.7528467 1.6053755 1.7357963 1.4866952 1.3562224 1.3448890 1.3101092 0.9927711 1.4185616 1.2870873 1.2870873 1.2635886 1.2635886 1.2528146 1.0357918 1.1213966 1.3097978 1.8562855 0.9701899 1.5965412 1.8306423 1.7700771 
Gfas_gfas1.m1.16483.m1                                            1.3794244 1.3349595 1.0526727 1.1119950 4.0308836 1.4522663 1.4726121 0.8163599 1.1788269 1.0969998 1.1755164 0.3710510 0.8663016 0.9551921 0.9551921 0.9630433 0.9025366 0.9916266 0.7548187 0.3730682 0.7339542 0.9060663 0.7060669 0.8558919 0.7716645 0.7352098 0.9465444 1.2937745 0.2927686 0.2601899 0.1319448 0.2355473 0.0000000 0.2735923 0.2942998 0.6129425 0.5437924 0.6817350 0.7137161 0.8723621 0.6619221 0.6561428 1.0378004 1.0053100 0.9834025 0.9834025 1.1830005 1.1575614 1.1456758 0.9807603 1.1974612 1.1248883 1.2285840 1.1054226 1.0692206 1.3051001 1.2997249 1.3310923 1.3138658 1.0111025 0.9788544 1.3251634 1.4360650 1.3035185 1.1701348 1.4959335 1.3910346 2.3347360 1.9535877 1.3985393 1.6234421 1.7493763 1.3976752 1.6434975 1.9460128 1.8249299 1.6068935 1.6566316 1.7025393 1.4231177 1.4620567 1.3335138 1.0618962 1.3616146 1.2528385 1.2528385 1.2253314 1.2253314 1.2786811 1.0680599 1.0560448 1.2905234 1.9433632 1.0892437 1.4808736 1.8809780 1.9642838 
Amil_Amillepora25037-RA                                           1.4937631 1.4821575 1.1524715 1.1935588 3.8052425 1.5123886 1.5193918 0.8145786 1.2155967 1.2244258 1.2230407 0.4634976 1.1015715 1.1293958 1.1293958 1.1071650 1.0727084 1.0745052 0.9204046 0.4245888 0.9119896 1.1006404 0.9258001 1.1154508 0.9322376 0.9086869 1.0596969 1.4918146 0.4306570 0.4015583 0.1763184 0.3425449 0.2735923 0.0000000 0.0183141 0.7746774 0.6647509 0.8090107 0.8565633 1.0230667 0.6969106 0.7563352 1.2009778 1.1141368 1.0885602 1.0885602 1.1935393 1.1146524 1.2014547 1.0034008 1.3859176 1.2042418 1.3234179 1.3023695 1.0365335 1.3652614 1.3843866 1.3244442 1.4473825 1.0643317 0.9153193 1.2223663 1.2386802 1.4208999 1.2138116 1.4658691 1.4973225 2.4199335 2.0050655 1.3458284 1.6019911 1.9334094 1.4688416 1.5478235 1.8775381 1.9017870 1.6607280 1.7253703 1.9803139 1.6169464 1.6162927 1.5459612 1.2184265 1.7177917 1.4925986 1.4925986 1.4705752 1.4705752 1.4360711 1.2585767 1.3373087 1.5626337 2.1949261 1.0556009 1.6341760 2.2222223 1.8630907 
Adig_XM_015906070.1                                               1.4690056 1.4578974 1.1406621 1.1813087 3.7920496 1.4955368 1.5024348 0.8253724 1.2067545 1.2157789 1.2113578 0.4680135 1.0893136 1.1195090 1.1195090 1.0973983 1.0925771 1.0745052 0.9056886 0.4113330 0.9093464 1.0963394 0.9231830 1.1282834 0.9048036 0.8970703 1.0636618 1.5167368 0.4452423 0.4161622 0.1831562 0.3590949 0.2942998 0.0183141 0.0000000 0.7959782 0.6770710 0.7965996 0.8432211 1.0293557 0.6856449 0.7625713 1.1887050 1.1123130 1.0719574 1.0719574 1.2248404 1.1585055 1.2327315 1.0205517 1.3813463 1.1923063 1.3215142 1.2752538 1.0477684 1.3452737 1.3759551 1.3247909 1.4474268 1.0650361 0.8984856 1.2228502 1.2401455 1.4518678 1.2418269 1.4787391 1.4972284 2.4199335 2.0061017 1.3467446 1.6015506 1.9555851 1.4688282 1.5475089 1.8943343 1.8744517 1.6464406 1.7245069 2.0273505 1.6517538 1.6379987 1.5645198 1.2190018 1.7575509 1.5403172 1.5403172 1.5325641 1.5325641 1.4684418 1.2910567 1.3717658 1.5605658 2.1913933 1.0556009 1.6638556 2.2132624 1.8484386 
Exapal_XM_021043003.2                                             1.7118647 1.6790493 1.2456776 1.3331896 4.0912359 1.4422087 1.4497227 0.9847417 1.2882558 1.2514436 1.2163670 0.4831213 0.9284201 0.9802769 0.9802769 1.0147376 1.0590392 0.9215487 0.9996205 0.3788569 0.9927730 1.3358613 1.0555285 1.3915525 0.8937188 0.8964913 1.0935380 1.6602563 0.6539443 0.6599632 0.3528880 0.6405458 0.6129425 0.7746774 0.7959782 0.0000000 0.4220834 0.9016036 0.9825592 1.0101198 0.6879607 0.7798218 1.2280585 1.2288901 1.1042557 1.1042557 1.2225863 1.1974329 1.2080057 1.0039112 1.1353404 1.1629633 1.2375337 1.1404377 1.1676015 1.2512346 1.5164780 1.3485721 1.4535376 1.2818192 1.1726055 1.5354505 1.3383141 1.5665964 1.4418141 1.7381942 1.3816939 2.1386901 2.2146447 1.3657600 1.5819928 1.8447116 1.4886087 1.5366509 2.1512347 2.1724137 1.9215820 1.7349493 1.6433934 1.4303621 1.3146052 1.3382208 1.0151821 1.5012149 1.3919528 1.3919528 1.4111019 1.4111019 1.3376446 1.2846723 1.2507244 1.4523238 2.0063674 1.2837068 1.6623035 2.2431449 2.0017229 
Nvec_v1g184411                                                    1.6329723 1.6231089 1.1511078 1.2044393 2.5994347 1.2887978 1.3012496 0.9633908 1.3640584 1.2628758 1.2224935 0.5415762 0.9172261 1.0293147 1.0293147 1.0195437 0.9556851 0.8785370 0.9078168 0.4402464 0.9043318 1.1754660 0.9129713 1.1243159 0.9408510 0.8066856 1.1502030 1.5013289 0.5648030 0.5614398 0.3931259 0.5070198 0.5437924 0.6647509 0.6770710 0.4220834 0.0000000 0.8990712 1.0063520 1.0760068 0.7899220 0.7659930 1.1596398 1.4057699 1.1287061 1.1287061 1.3113520 1.2142472 1.2706951 1.0360469 1.3517710 1.3230226 1.3188998 1.2714585 1.2224320 1.3888713 1.4401261 1.3055805 1.4766501 1.1989200 1.1796959 1.4187568 1.2743205 1.5827055 1.3737530 1.7006720 1.4511393 2.2884330 2.1552316 1.4313728 1.5973669 1.7973898 1.2734659 1.3015928 1.9492473 1.8845526 1.4803924 1.7835239 1.8394591 1.4570832 1.2287246 1.3881948 1.0805291 1.6593581 1.4957563 1.4957563 1.5126483 1.5126483 1.4331264 1.3488428 1.3585701 1.5125667 1.9550404 1.2112146 1.7527448 2.1051780 1.8458063 
Dgig_XM_028547933.1                                               1.1668636 1.2077884 1.0323336 1.0365398 3.7507126 1.4116140 1.4396214 0.7825748 1.0023617 1.0859799 0.9532517 0.3458347 0.8044043 0.7805235 0.7805235 0.7920988 0.8415218 0.6321262 0.7376769 0.3471434 0.7560059 0.9766414 0.7427079 0.9209748 0.6564883 0.6476835 0.8361203 1.2671859 0.6709107 0.6587742 0.4341344 0.6147571 0.6817350 0.8090107 0.7965996 0.9016036 0.8990712 0.0000000 0.2128265 0.9368189 0.6161634 0.7584095 0.9859843 1.1467253 0.8717388 0.8717388 1.1244639 1.0962723 1.0802995 0.9045564 1.1447980 1.0501689 1.2789469 1.0507322 1.0000427 1.2030653 1.3135265 1.1874051 1.4394912 1.1533077 1.0736852 1.2976619 1.3131996 1.2659921 1.2231053 1.4901958 1.2683943 1.9767658 1.8084363 1.2422304 1.3121255 1.5536177 1.2338884 1.5545009 1.7618563 1.7432993 1.6078728 1.6253079 1.5093751 1.3871193 1.3644533 1.3038050 0.9881438 1.4191838 1.3751641 1.3751641 1.2583688 1.2583688 1.2703583 1.1737439 1.2448990 1.3995248 1.7717127 1.1306459 1.6442365 1.7759754 1.9758575 
