97
Lcom_lcpid124214                                                  0.0000000 0.1181560 0.0595585 0.0807868 0.6596372 0.6179621 0.6223980 0.6528999 0.6528999 0.6208145 0.6148439 0.5070367 0.4910179 0.5322911 0.5508042 0.6520741 0.5959417 0.5334631 0.6328645 0.5848797 0.5384241 0.7289206 0.5721342 0.6851750 0.6403118 0.6473594 0.5361981 0.6099599 0.5761431 0.5916250 0.5944962 0.5969578 0.5571780 0.5708936 0.6034601 0.6097723 0.5845703 0.5499120 0.5259007 0.5259007 0.5169531 0.4349268 0.4625467 0.4748865 0.4624005 0.4186037 0.5290367 0.5107227 0.5235232 0.5153485 0.5153485 0.5905238 0.6745479 0.6842941 0.6004721 0.7418705 0.7418705 0.7328319 0.7409441 0.6993932 0.7863937 0.8613779 0.6687373 0.7651667 0.7644793 0.7117726 0.7035783 0.7035783 0.6776810 0.8324061 0.7492369 0.8500552 0.7926696 0.7611805 0.7405641 0.6563802 0.5945566 0.7177636 0.6770578 0.8959012 0.8112311 0.7349851 0.7457883 0.6799087 0.7432760 0.9175752 0.8660024 0.8065485 1.0283403 1.2254850 1.6704720 1.3094468 1.3741942 0.6446204 1.0986972 0.9882700 1.3354002 
Gracom_Gcom_scaffold17939_01                                      0.1181560 0.0000000 0.1081192 0.1091688 0.7145416 0.6703159 0.6756915 0.7029328 0.7029328 0.7032187 0.7057327 0.5357081 0.5340849 0.5658393 0.6242033 0.7474785 0.6330428 0.5622327 0.5844986 0.6737654 0.6212036 0.8258360 0.5519142 0.7278344 0.6674892 0.6601780 0.5799327 0.6686269 0.5816703 0.6091462 0.5851246 0.6170039 0.5763539 0.5682308 0.6492448 0.6606765 0.6598361 0.5922076 0.5184181 0.5184181 0.5409997 0.4204574 0.4443691 0.4460621 0.4381591 0.4212735 0.5848477 0.5663509 0.5626568 0.5682430 0.5682430 0.5970153 0.6720851 0.7111960 0.6718441 0.6806799 0.6806799 0.6754771 0.7024358 0.6731285 0.7278320 0.7827137 0.6320018 0.7016738 0.7010793 0.6968664 0.6619728 0.6619728 0.6392345 0.8719654 0.7616503 0.8620741 0.8513720 0.7822345 0.7636502 0.7202189 0.6593444 0.7395055 0.6914173 0.8516279 0.8398138 0.7425632 0.8270366 0.6388241 0.8206477 0.8664401 0.8454459 0.8269021 1.0558839 1.1485669 1.7080236 1.2718036 1.3235793 0.6598464 1.1155302 0.9759500 1.4298250 
Scil_scict003103.1                                                0.0595585 0.1081192 0.0000000 0.1102399 0.6999987 0.6505047 0.6618732 0.7033397 0.7033397 0.6917170 0.6797071 0.5535274 0.5334359 0.5957041 0.5845131 0.7741397 0.6646371 0.5528702 0.6314192 0.6653247 0.5932550 0.7615740 0.5542009 0.7102370 0.7090840 0.6778242 0.6007440 0.6431876 0.5906581 0.6254426 0.6021351 0.6067534 0.5504449 0.5983159 0.6372791 0.6105703 0.6686369 0.5908466 0.5337079 0.5337079 0.5429795 0.4282253 0.4783832 0.4798057 0.4771614 0.4215485 0.5683593 0.5499376 0.5462131 0.5480238 0.5480238 0.6207621 0.7118760 0.7559827 0.6381064 0.7339587 0.7339587 0.7112122 0.7517357 0.7208689 0.7630817 0.8559129 0.6742181 0.7553671 0.7547062 0.7015259 0.7311224 0.7311224 0.7026122 0.8894295 0.8028478 0.8952766 0.8314577 0.7461347 0.7425431 0.6565739 0.5954823 0.7251734 0.7630427 0.8716576 0.7915399 0.7424534 0.8320720 0.6868564 0.7899808 0.8723835 0.8336352 0.8413516 0.9834020 1.2197639 1.6501059 1.2278454 1.3068665 0.6900729 1.1014854 0.9887278 1.4041552 
Leuniv_Lniv_C804290_01                                            0.0807868 0.1091688 0.1102399 0.0000000 0.6903174 0.6359212 0.6484158 0.6934524 0.6934524 0.6635540 0.6680496 0.5742499 0.5437188 0.6091956 0.6349274 0.8109305 0.7033744 0.5734711 0.6760269 0.6530023 0.6017102 0.7935773 0.5659726 0.7132527 0.6581147 0.6836785 0.6043920 0.6480825 0.5926957 0.6149669 0.6084189 0.6033212 0.5865118 0.5785893 0.6729790 0.6350758 0.6689113 0.5868204 0.5688151 0.5688151 0.5553046 0.4312316 0.4872477 0.5020451 0.4815731 0.4144814 0.5765285 0.5578855 0.5552797 0.5501585 0.5501585 0.6223227 0.7091521 0.7043716 0.6559270 0.7852311 0.7852311 0.7503852 0.7973553 0.7780614 0.7904972 0.8817522 0.7369962 0.7788496 0.7781541 0.7273603 0.7634419 0.7634419 0.6995810 0.8511136 0.7790794 0.8922218 0.8431014 0.8216524 0.7606359 0.7222596 0.6508120 0.7498347 0.7354035 0.8812373 0.8409689 0.7120285 0.8094341 0.6785555 0.7691927 0.8542518 0.8546690 0.8160940 1.0469286 1.2146476 1.5279085 1.2735467 1.2756862 0.7455632 1.1549317 1.0109037 1.3228862 
Emue_Em0007g250a.t1                                               0.6596372 0.7145416 0.6999987 0.6903174 0.0000000 0.0581668 0.2027251 0.3222390 0.3222390 0.5303235 0.3565374 0.4002992 0.3852725 0.3852523 0.4394023 0.7267790 0.5949777 0.3914503 0.6577882 0.4603039 0.4455746 0.5159185 0.3377627 0.7536832 0.6291591 0.6899099 0.5333978 0.6463696 0.5598257 0.5991975 0.5801707 0.5764162 0.5186742 0.5249937 0.5697603 0.5570989 0.5509197 0.5993970 0.5566552 0.5566552 0.5826660 0.5129606 0.5492664 0.5555093 0.5290304 0.4586062 0.5307936 0.5335766 0.5163783 0.5415144 0.5415144 0.5867248 0.6751913 0.6558412 0.6197259 0.6221068 0.6221068 0.6263311 0.6433241 0.6687093 0.5721971 0.6337351 0.6558421 0.6749083 0.6835519 0.5781627 0.7223971 0.7223971 0.5838276 0.8557328 0.7148738 1.0895410 0.9990461 0.7775754 1.0360335 0.9089831 0.8761903 1.0254521 0.9087014 0.8342146 0.9178103 0.6918611 0.9029090 0.7647312 0.8383930 1.1537973 1.1581686 0.9610030 1.0352773 1.6213115 1.9190017 1.7460521 1.6179034 0.3506072 0.9946733 1.1088600 1.4150259 
Spolac_c87953_g1_i1_m.4619c87953-g1                               0.6179621 0.6703159 0.6505047 0.6359212 0.0581668 0.0000000 0.1973469 0.3463172 0.3463172 0.4932975 0.3079249 0.3858450 0.3708195 0.3707980 0.4245048 0.7281671 0.6115604 0.3765623 0.6589499 0.4399890 0.4355319 0.5209845 0.3525698 0.7686707 0.6230358 0.6793655 0.5345484 0.6086463 0.5372844 0.5795140 0.5481584 0.5329126 0.5153731 0.5023114 0.5378979 0.5107697 0.5231291 0.5773655 0.5379243 0.5379243 0.5765944 0.4869061 0.5096047 0.5177454 0.4811574 0.4139289 0.5024505 0.5051040 0.4881266 0.5125079 0.5125079 0.5572878 0.6443774 0.6301958 0.6028992 0.5819781 0.5819781 0.5924290 0.6267427 0.6598713 0.5685648 0.6574713 0.6477588 0.6273453 0.6356647 0.5507652 0.7112391 0.7112391 0.5802928 0.8334612 0.7189312 1.1013705 0.9811508 0.8299144 1.0385730 0.8842221 0.8520234 1.0294699 0.8933447 0.8516991 0.9447789 0.6970361 0.9317967 0.7243009 0.8335020 1.1455443 1.1924032 0.9511487 1.0353240 1.6079433 1.9470959 1.7177013 1.6399759 0.3593187 0.9659355 1.0633168 1.3741190 
Stycar_augustus_masked-SC_scaffold48767-processed-gene-0.1-mRNA-1 0.6223980 0.6756915 0.6618732 0.6484158 0.2027251 0.1973469 0.0000000 0.1527927 0.1527927 0.1676407 0.3138219 0.2732135 0.2422718 0.3037865 0.3781342 0.0000010 0.0000010 0.2559806 0.0000010 0.3115661 0.2868358 0.3543940 0.2465240 0.4178332 0.4230069 0.4111685 0.3485216 0.4741121 0.3304460 0.3495512 0.2722984 0.3088039 0.3831631 0.3879686 0.3772319 0.3491249 0.4433050 0.5472662 0.4859793 0.4859793 0.5335678 0.4171207 0.4478143 0.4741263 0.4105840 0.4838897 0.4902946 0.4998817 0.4998817 0.5036706 0.5036706 0.5333280 0.8965828 0.7022169 0.5663296 0.3958301 0.3958301 0.5656200 0.7153404 0.0000010 0.4362514 0.6711610 0.0000010 0.4976018 0.5246177 0.5237262 0.6580755 0.6580755 0.2184934 0.7856690 0.3976372 1.0825340 0.8477190 0.5859530 2.4362555 0.6009925 0.6142060 0.8495514 0.6583392 0.7683501 0.8512840 0.5668327 0.5117542 0.6303287 0.5716565 1.1814726 1.0662250 0.6426984 0.8714840 1.1413790 0.0000010 1.0595587 1.1237448 0.0000010 4.6328484 1.5444799 1.2640480 
Tetwil_g23717.t1                                                  0.6528999 0.7029328 0.7033397 0.6934524 0.3222390 0.3463172 0.1527927 0.0000000 0.0000010 0.4573809 0.4097287 0.4431879 0.4221837 0.4453721 0.4653902 0.8585869 0.6837023 0.4493885 0.7990485 0.4711671 0.4555398 0.4319693 0.2716120 0.7089584 0.5296325 0.5909403 0.5181854 0.5621598 0.4758567 0.4947810 0.4893055 0.5097395 0.4218741 0.4221149 0.5097647 0.4866099 0.4948915 0.5756578 0.5399286 0.5399286 0.5082883 0.4718383 0.5559769 0.5394041 0.5054053 0.4162334 0.5947105 0.6071743 0.5915905 0.6329454 0.6329454 0.6277373 0.6928094 0.6556831 0.5606688 0.6186978 0.6186978 0.6135291 0.5925097 0.6480049 0.6144677 0.6547878 0.6294419 0.6047786 0.6143301 0.5934906 0.5914026 0.5914026 0.5930758 0.8493635 0.6398189 0.9228596 1.0001203 0.8065500 0.8429713 0.8288315 0.7880741 0.9010462 0.9765540 0.8458068 0.8677292 0.7828777 0.7802524 0.8615492 0.8233244 1.1242982 1.1055651 0.9421409 0.9937662 1.5817340 2.1205303 1.5905981 1.6161328 0.3868742 1.1397051 1.1251488 1.4416134 
Tetwil_g4011.t2                                                   0.6528999 0.7029328 0.7033397 0.6934524 0.3222390 0.3463172 0.1527927 0.0000010 0.0000000 0.4573809 0.4097287 0.4431879 0.4221837 0.4453721 0.4653902 0.8585869 0.6837023 0.4493885 0.7990485 0.4711671 0.4555398 0.4319693 0.2716120 0.7089584 0.5296325 0.5909403 0.5181854 0.5621598 0.4758567 0.4947810 0.4893055 0.5097395 0.4218741 0.4221149 0.5097647 0.4866099 0.4948915 0.5756578 0.5399286 0.5399286 0.5082883 0.4718383 0.5559769 0.5394041 0.5054053 0.4162334 0.5947105 0.6071743 0.5915905 0.6329454 0.6329454 0.6277373 0.6928094 0.6556831 0.5606688 0.6186978 0.6186978 0.6135291 0.5925097 0.6480049 0.6144677 0.6547878 0.6294419 0.6047786 0.6143301 0.5934906 0.5914026 0.5914026 0.5930758 0.8493635 0.6398189 0.9228596 1.0001203 0.8065500 0.8429713 0.8288315 0.7880741 0.9010462 0.9765540 0.8458068 0.8677292 0.7828777 0.7802524 0.8615492 0.8233244 1.1242982 1.1055651 0.9421409 0.9937662 1.5817340 2.1205303 1.5905981 1.6161328 0.3868742 1.1397051 1.1251488 1.4416134 
Bralan_BLAG12000504_1                                             0.6208145 0.7032187 0.6917170 0.6635540 0.5303235 0.4932975 0.1676407 0.4573809 0.4573809 0.0000000 0.4900628 0.4165818 0.3906017 0.4321535 0.4423933 0.9852688 0.7687650 0.3745356 0.8791289 0.4433593 0.4580356 0.5545598 0.3432372 0.5106481 0.4745864 0.4722236 0.3619454 0.5048474 0.5087060 0.5058362 0.4962192 0.4196450 0.4489350 0.4364009 0.4350348 0.4216649 0.3789643 0.4287352 0.5888391 0.5888391 0.5270217 0.4681572 0.5216331 0.5163957 0.5085048 0.5166382 0.5106234 0.5132223 0.5265907 0.5076692 0.5076692 0.5343823 0.6369066 0.5398071 0.5199953 0.5597113 0.5597113 0.5673352 0.5858468 0.6454758 0.5458731 0.5955896 0.6088011 0.6236020 0.6317580 0.5710356 0.6430709 0.6430709 0.5926611 0.6758764 0.6075489 0.8242245 0.8002258 0.7232617 0.7106504 0.8174344 0.7970461 0.9512911 0.8702301 0.7281184 0.7222732 0.7665624 0.7644109 0.7481607 0.7392172 0.9167649 0.9823640 0.9170741 0.9573718 1.2985217 1.5631414 1.6274005 1.5981037 0.5902813 0.9922642 1.3297574 1.2730183 
Plespi_Pspi_scaffold3949_01                                       0.6148439 0.7057327 0.6797071 0.6680496 0.3565374 0.3079249 0.3138219 0.4097287 0.4097287 0.4900628 0.0000000 0.3927882 0.3726663 0.4217284 0.4243815 0.7357064 0.6196701 0.3801080 0.5654344 0.4584633 0.4411320 0.4446826 0.3517493 0.6612252 0.5590759 0.5632222 0.4843036 0.5165447 0.5202778 0.5205146 0.5040204 0.4716021 0.5218617 0.4601801 0.4760141 0.4253368 0.4264358 0.5751666 0.6136941 0.6136941 0.6314476 0.5338432 0.5172702 0.5160060 0.4880232 0.5016133 0.5315268 0.5341897 0.4941990 0.5533497 0.5533497 0.5894499 0.6718531 0.6202492 0.5089748 0.4954659 0.4954659 0.5260812 0.5406888 0.6086393 0.5176901 0.6048439 0.5440658 0.5084932 0.5156049 0.5055381 0.5586295 0.5586295 0.5738751 0.7932394 0.6531622 0.8892128 0.9202727 0.8242997 0.7755997 0.8659075 0.8052690 0.9617741 0.7703363 0.8244260 0.8781720 0.7535184 0.8798528 0.7328032 0.8358352 1.0927244 1.0782176 0.8512907 0.9603049 1.5308028 2.3569970 1.6575153 1.6376894 0.4660418 1.0189819 1.0279883 1.4193191 
Spis_XP_022788572_1                                               0.5070367 0.5357081 0.5535274 0.5742499 0.4002992 0.3858450 0.2732135 0.4431879 0.4431879 0.4165818 0.3927882 0.0000000 0.0316801 0.0743408 0.0922027 0.0819392 0.0905785 0.0617404 0.1013190 0.2203992 0.2273977 0.5821718 0.3772355 0.6180483 0.4837185 0.5186135 0.3844839 0.4184126 0.3942689 0.4197076 0.3812026 0.3702477 0.4125616 0.3233662 0.3455272 0.3181889 0.3685056 0.5229950 0.4345493 0.4345493 0.4512345 0.4245944 0.4782239 0.4079609 0.4138696 0.4184171 0.4057211 0.4077350 0.3942379 0.4179995 0.4179995 0.4781867 0.5451758 0.5145272 0.4767831 0.5217351 0.5217351 0.5191421 0.5545210 0.5765913 0.5217707 0.5741714 0.5373532 0.5566371 0.5642700 0.4732159 0.5875856 0.5875856 0.5321087 0.7266394 0.5692384 0.9293654 0.8344394 0.7373031 0.8192152 0.7984982 0.6911010 0.9191559 0.7807541 0.7629446 0.8189114 0.6629853 0.7404121 0.7992175 0.7318141 0.9577268 1.0255517 0.8183611 0.9962253 1.2007991 2.1590170 1.3807958 1.4203636 0.5685014 0.9715352 1.1007790 1.2401692 
Pocdam_XM_027184433.1                                             0.4910179 0.5340849 0.5334359 0.5437188 0.3852725 0.3708195 0.2422718 0.4221837 0.4221837 0.3906017 0.3726663 0.0316801 0.0000000 0.0743833 0.0916706 0.0964790 0.1121909 0.0675883 0.1252112 0.2075402 0.2126969 0.5532587 0.3275912 0.5833867 0.4865376 0.5254406 0.3908550 0.4111299 0.3638398 0.3886629 0.3574582 0.3605708 0.3983318 0.3075362 0.3536566 0.2944820 0.3592196 0.5358943 0.4555486 0.4555486 0.4564355 0.3880530 0.4712801 0.4279814 0.4089981 0.4170820 0.3961946 0.3981634 0.3973085 0.4065406 0.4065406 0.4680058 0.5378595 0.5211939 0.5036316 0.5166091 0.5166091 0.5419627 0.5699719 0.5969410 0.5239219 0.5894620 0.5310515 0.5802321 0.5880715 0.4773372 0.5825890 0.5825890 0.5477630 0.7357421 0.5713086 0.8555099 0.8152082 0.7411223 0.7990336 0.8061833 0.7017257 0.8998549 0.7558097 0.7507559 0.8036380 0.6951024 0.7156137 0.8006182 0.7308485 0.9542711 1.0484366 0.7830266 0.9842408 1.1953718 2.1629396 1.3695737 1.4087873 0.5395926 0.9774956 1.0497111 1.2746469 
Gfas_gfas1.m1.17160.m1                                            0.5322911 0.5658393 0.5957041 0.6091956 0.3852523 0.3707980 0.3037865 0.4453721 0.4453721 0.4321535 0.4217284 0.0743408 0.0743833 0.0000000 0.0918607 0.0679971 0.0802599 0.0833123 0.1444194 0.1860225 0.1902437 0.5709763 0.3758018 0.6061544 0.4661120 0.5257216 0.3816711 0.4141149 0.3814051 0.4163222 0.3679287 0.3667271 0.4191913 0.3329601 0.3452774 0.3344415 0.3652363 0.5032531 0.4015208 0.4015208 0.4324262 0.4553980 0.4624279 0.3980140 0.3994583 0.4059919 0.3544486 0.3562085 0.3646706 0.3676323 0.3676323 0.4276746 0.5156818 0.5229444 0.5379060 0.5243896 0.5243896 0.5222334 0.5535699 0.5556392 0.5531694 0.6041250 0.5312571 0.5789255 0.5868435 0.5080649 0.6014324 0.6014324 0.5381722 0.7093126 0.5706001 0.9547231 0.8430517 0.7578472 0.8621882 0.8024113 0.6864855 0.9008222 0.8184030 0.7763140 0.8083979 0.7278202 0.7275113 0.8113531 0.7749802 1.0023127 1.0508005 0.8415347 1.0090621 1.1973429 2.2536646 1.3876079 1.4352965 0.5073742 0.9568542 1.0614398 1.3299159 
Amil_Amillepora12036-RA                                           0.5508042 0.6242033 0.5845131 0.6349274 0.4394023 0.4245048 0.3781342 0.4653902 0.4653902 0.4423933 0.4243815 0.0922027 0.0916706 0.0918607 0.0000000 0.0000010 0.0189477 0.1147392 0.1593095 0.1945081 0.2313840 0.5971790 0.4101199 0.6413460 0.5310255 0.5588616 0.4265593 0.4258571 0.3899184 0.4136608 0.3542444 0.4034905 0.4210129 0.3548190 0.3493296 0.3242734 0.4021647 0.5386739 0.4301154 0.4301154 0.4661058 0.4796488 0.5270212 0.4579991 0.4638791 0.4224756 0.3967160 0.4046006 0.3893796 0.3998948 0.3998948 0.4639948 0.5503645 0.5755444 0.5292506 0.5709982 0.5709982 0.5664174 0.5763390 0.5961431 0.5538534 0.6073041 0.5548816 0.5633580 0.5664319 0.5097777 0.6294233 0.6294233 0.5567813 0.7767860 0.6049295 0.9512575 0.8500198 0.8323501 0.8039149 0.8083214 0.6876854 0.8912591 0.8471011 0.7856243 0.8374882 0.7344818 0.7520166 0.7942340 0.7557059 1.0042747 1.0406305 0.8505498 1.0071481 1.2296563 2.1971861 1.4123109 1.4707805 0.5604497 0.9236945 1.1080853 1.3619086 
Adig_XM_015895363.1                                               0.6520741 0.7474785 0.7741397 0.8109305 0.7267790 0.7281671 0.0000010 0.8585869 0.8585869 0.9852688 0.7357064 0.0819392 0.0964790 0.0679971 0.0000010 0.0000000 0.0000010 0.1625391 0.1315022 0.2350076 0.2803396 1.0346037 0.4436308 0.9956637 0.9011150 0.9683049 0.8656639 0.7364339 0.6264606 0.6799821 0.5865089 0.7729997 0.7760163 0.5900179 0.8075913 0.7224850 0.5702209 0.9336819 0.6152425 0.6152425 0.7495462 0.6923705 0.7814990 0.6363579 0.7502406 0.6882622 0.5543593 0.5543593 0.5110797 0.5497601 0.5497601 0.7136727 0.6965715 0.8608622 0.7927204 0.8796236 0.8796236 0.8768384 0.8594684 0.8594684 0.9826952 0.9826952 0.8115529 0.9952982 0.9952982 0.8389438 0.8806556 0.8806556 0.8436183 1.0715093 1.1712758 0.0000010 1.4214157 1.7059483 1.0599065 1.3821119 1.0740370 1.2458322 1.6625644 1.7037711 1.7183878 1.5743304 1.5870583 1.5060665 1.0093139 1.2884739 1.4558554 1.8550011 1.6779243 1.7675603 2.1971861 2.2084915 2.2330121 1.0149536 0.6291298 1.4506903 0.0000010 
Adig_XM_015903567.1                                               0.5959417 0.6330428 0.6646371 0.7033744 0.5949777 0.6115604 0.0000010 0.6837023 0.6837023 0.7687650 0.6196701 0.0905785 0.1121909 0.0802599 0.0189477 0.0000010 0.0000000 0.1484907 0.1221544 0.2605744 0.2977749 0.9473980 0.5538050 0.9210425 0.8031626 0.8417477 0.6686278 0.5969688 0.5390634 0.5909512 0.5031948 0.6044687 0.6330814 0.5003512 0.6168191 0.5668636 0.5638951 0.7780013 0.5906114 0.5906114 0.6649203 0.6363447 0.6809654 0.5698790 0.6430817 0.5793533 0.4463459 0.4463459 0.4171643 0.4406929 0.4406929 0.5486495 0.5387248 0.7707651 0.7011142 0.7556182 0.7556182 0.7269783 0.7014568 0.7014568 0.7689402 0.7689402 0.7178476 0.7675786 0.7675786 0.6843804 0.8229202 0.8229202 0.6847635 0.9896274 1.0140109 0.0000010 1.2158631 1.4490555 1.0963068 1.3061400 1.0724979 1.2195584 1.4450645 1.1592597 1.2559907 1.2733339 1.2222096 1.2597631 0.9477713 1.2516099 1.3022581 1.4509093 1.4488833 1.7275031 2.1971861 2.0523585 2.1236846 0.7892836 0.5071475 1.2769244 1.6164433 
Gasp_gasp1.m3.20939.m1                                            0.5334631 0.5622327 0.5528702 0.5734711 0.3914503 0.3765623 0.2559806 0.4493885 0.4493885 0.3745356 0.3801080 0.0617404 0.0675883 0.0833123 0.1147392 0.1625391 0.1484907 0.0000000 0.0698560 0.2315708 0.2167763 0.5735172 0.3835088 0.5648973 0.4608196 0.4936993 0.3517577 0.3824067 0.3701535 0.3977733 0.3459230 0.3643862 0.3995414 0.3398571 0.3300471 0.3087175 0.3664571 0.5175650 0.4028377 0.4028377 0.4426757 0.4156549 0.4646002 0.3964351 0.4154139 0.4089047 0.3949032 0.3969244 0.3804319 0.3942921 0.3942921 0.4595138 0.5681289 0.5019876 0.5290378 0.5171143 0.5171143 0.5401106 0.5737485 0.5811343 0.5410434 0.5982404 0.5386800 0.5971876 0.6055673 0.5045870 0.6141187 0.6141187 0.5194250 0.7289447 0.5396431 0.9102009 0.8120799 0.6501450 0.7981092 0.7839531 0.6420693 0.8899972 0.7796914 0.7417024 0.7740014 0.6415748 0.6831274 0.7638601 0.6819313 1.0204227 1.0540497 0.8046387 0.9575293 1.1434539 2.0147521 1.3005582 1.3595580 0.4580461 0.9501220 1.1377707 1.2550544 
Fspp_ffun1.m2b.1745.m1                                            0.6328645 0.5844986 0.6314192 0.6760269 0.6577882 0.6589499 0.0000010 0.7990485 0.7990485 0.8791289 0.5654344 0.1013190 0.1252112 0.1444194 0.1593095 0.1315022 0.1221544 0.0698560 0.0000000 0.3191074 0.2511785 0.8974605 0.3997176 0.8135681 0.7897854 0.7566164 0.7516836 0.6450807 0.5385758 0.6211230 0.5191084 0.7010638 0.6445556 0.5207695 0.7078846 0.6288114 0.5826141 0.8245880 0.5016359 0.5016359 0.6724444 0.6362242 0.7736115 0.5910620 0.7102223 0.6586049 0.5284990 0.5284990 0.4701033 0.5838128 0.5838128 0.6855605 0.6950807 0.7732452 0.7580024 0.7997225 0.7997225 0.8409806 0.7522567 0.7095929 0.8483116 0.8483116 0.7270424 0.9124480 0.9124480 0.7179149 0.8386318 0.8386318 0.7721258 1.0545456 1.0869097 4.2632534 1.1658386 1.0649383 1.0078932 1.2063394 0.9442029 1.0987162 1.2413471 1.3569596 1.3138916 1.1421940 1.0978677 1.1445214 0.7497393 1.1659662 1.3997719 1.3136828 1.4206363 1.3199338 1.8387891 1.6693481 1.8933881 0.6837125 0.6037488 1.3850506 3.9429162 
Exapal_XM_021043662.2                                             0.5848797 0.6737654 0.6653247 0.6530023 0.4603039 0.4399890 0.3115661 0.4711671 0.4711671 0.4433593 0.4584633 0.2203992 0.2075402 0.1860225 0.1945081 0.2350076 0.2605744 0.2315708 0.3191074 0.0000000 0.1200040 0.5634611 0.3713668 0.6367847 0.5196035 0.6202495 0.4869379 0.4621671 0.4083545 0.4262796 0.3893608 0.4382232 0.4125726 0.3673689 0.4026675 0.3768530 0.3851262 0.5434256 0.4977420 0.4977420 0.5254140 0.5512838 0.5247705 0.4626009 0.4653108 0.5133890 0.4064924 0.4085143 0.4060260 0.3943107 0.3943107 0.4548365 0.5466195 0.5422879 0.5600367 0.6179400 0.6179400 0.5966492 0.6193339 0.6281385 0.5780409 0.6293693 0.6122449 0.6353751 0.6435558 0.5492232 0.5939736 0.5939736 0.5937014 0.7412861 0.6579316 0.9675737 0.9539060 0.8772837 0.8625120 0.8584966 0.7152727 0.9279708 0.8842488 0.7941521 0.8437735 0.7724757 0.7575306 0.8312935 0.7712252 0.9868826 1.0516722 0.8226421 1.0796855 1.2888327 2.4183775 1.5569770 1.5313884 0.6078000 1.0580674 1.3187826 1.4043718 
Nvec_v1g233999                                                    0.5384241 0.6212036 0.5932550 0.6017102 0.4455746 0.4355319 0.2868358 0.4555398 0.4555398 0.4580356 0.4411320 0.2273977 0.2126969 0.1902437 0.2313840 0.2803396 0.2977749 0.2167763 0.2511785 0.1200040 0.0000000 0.5852127 0.3529564 0.6212766 0.4894047 0.5983273 0.4507216 0.4440360 0.3784249 0.4251609 0.3768491 0.4161393 0.3923002 0.3973177 0.3674327 0.3453410 0.3831442 0.5575913 0.4705986 0.4705986 0.4916348 0.4882345 0.4859080 0.4032900 0.4035401 0.4314713 0.3460340 0.3477579 0.3490680 0.3629070 0.3629070 0.4050893 0.4914745 0.5344812 0.5094158 0.5559263 0.5559263 0.5735829 0.5959803 0.5980594 0.5642964 0.6175862 0.5269902 0.6167219 0.6249265 0.4932601 0.5725473 0.5725473 0.5379712 0.7093493 0.6535895 0.9981057 0.8971938 0.7723202 0.8365936 0.7578811 0.6246338 0.7922629 0.7969039 0.7416364 0.8133302 0.6960947 0.7437180 0.8138037 0.7740374 0.9768996 1.0318366 0.8129208 1.0229282 1.2602394 2.0856413 1.3872370 1.4203597 0.6303520 1.0391860 1.2554674 1.3440292 
Aque_Aqu2.1.27287_001                                             0.7289206 0.8258360 0.7615740 0.7935773 0.5159185 0.5209845 0.3543940 0.4319693 0.4319693 0.5545598 0.4446826 0.5821718 0.5532587 0.5709763 0.5971790 1.0346037 0.9473980 0.5735172 0.8974605 0.5634611 0.5852127 0.0000000 0.0714959 0.7376004 0.7035514 0.6595122 0.5919945 0.7748970 0.6017800 0.6351119 0.5801609 0.5879882 0.6311769 0.6255966 0.5896144 0.5050486 0.5957301 0.6407764 0.7587424 0.7587424 0.7151925 0.6752113 0.6918937 0.6619428 0.6682978 0.6171238 0.6828568 0.6817516 0.6861084 0.6883558 0.6883558 0.7683953 0.8372704 0.7937991 0.6036245 0.6623888 0.6623888 0.6679475 0.6164914 0.7050433 0.6606110 0.6846625 0.6549547 0.6927837 0.6921919 0.6394047 0.6284185 0.6284185 0.5774156 0.9457722 0.7502327 1.0886394 1.1118690 0.7557044 0.8040909 0.7842724 0.8074400 1.0211084 1.0710501 0.8877067 0.9205279 0.8593545 0.9587552 0.9404254 0.9746323 1.2396492 1.2151380 0.9525399 1.1901985 1.6909277 2.5797694 1.9143628 1.9962526 0.5394671 1.3640827 1.4128445 1.5046832 
Halamb_c63220_g1_i1m.45783                                        0.5721342 0.5519142 0.5542009 0.5659726 0.3377627 0.3525698 0.2465240 0.2716120 0.2716120 0.3432372 0.3517493 0.3772355 0.3275912 0.3758018 0.4101199 0.4436308 0.5538050 0.3835088 0.3997176 0.3713668 0.3529564 0.0714959 0.0000000 0.5503884 0.5729777 0.5525724 0.4800564 0.5536922 0.3621643 0.4058952 0.3117366 0.4097383 0.3914328 0.4014087 0.4281960 0.3557277 0.4981495 0.5184097 0.5356440 0.5356440 0.5371349 0.4771092 0.5255500 0.5186524 0.4639747 0.4435339 0.4473603 0.4217140 0.4387962 0.4734714 0.4734714 0.4375124 0.4670655 0.7372760 0.5894980 0.3900753 0.3900753 0.4667694 0.3423370 0.3546766 0.4106947 0.4156178 0.3390012 0.4419187 0.4414832 0.4157247 0.4106295 0.4106295 0.3541852 0.8043702 0.5510659 0.9892217 0.8061400 0.5721682 0.8226539 0.7350756 0.7146653 0.8459406 0.7482452 0.7344727 0.7906118 0.6364577 0.7061003 0.6637547 0.7439625 1.0576381 1.0653666 0.6097567 0.9532306 1.3633440 0.0000010 1.3254081 1.3998816 0.2227995 1.4874190 1.0583294 1.5565108 
Lcom_lcpid134472                                                  0.6851750 0.7278344 0.7102370 0.7132527 0.7536832 0.7686707 0.4178332 0.7089584 0.7089584 0.5106481 0.6612252 0.6180483 0.5833867 0.6061544 0.6413460 0.9956637 0.9210425 0.5648973 0.8135681 0.6367847 0.6212766 0.7376004 0.5503884 0.0000000 0.2282768 0.3104579 0.4239478 0.6090931 0.5472719 0.5753628 0.5952758 0.5542671 0.5414284 0.5648548 0.6032259 0.5968512 0.5991829 0.5792124 0.5961298 0.5961298 0.6280415 0.5625207 0.5638446 0.5854450 0.5780243 0.6129911 0.5952887 0.5848433 0.5929971 0.5975803 0.5975803 0.6192981 0.7496398 0.6577885 0.3600822 0.8206200 0.8206200 0.7973929 0.9112124 0.9903570 0.7499614 0.8639631 0.7207113 0.8749452 0.8741254 0.7880317 0.7751165 0.7751165 0.7816869 0.8263963 0.7075308 1.0628704 0.9027300 0.7729734 0.6405378 0.8490864 0.7555677 0.7879534 0.8707708 0.7798737 0.7755480 0.8419607 0.8718542 0.8118237 0.7074528 1.1687476 1.0004258 0.9467397 0.9513237 1.3169821 1.5369539 1.5898006 1.6028733 0.8618550 1.0931287 1.2525463 1.3322371 
Acagra_model.g6033.t1                                             0.6403118 0.6674892 0.7090840 0.6581147 0.6291591 0.6230358 0.4230069 0.5296325 0.5296325 0.4745864 0.5590759 0.4837185 0.4865376 0.4661120 0.5310255 0.9011150 0.8031626 0.4608196 0.7897854 0.5196035 0.4894047 0.7035514 0.5729777 0.2282768 0.0000000 0.2710966 0.3114584 0.4462836 0.4532965 0.4808423 0.4698088 0.3895295 0.4495424 0.4444178 0.4286075 0.4644920 0.4777926 0.4463322 0.4840530 0.4840530 0.4741598 0.5215672 0.5734988 0.5187564 0.4921283 0.4520317 0.4977029 0.5001376 0.5096406 0.4951568 0.4951568 0.5059813 0.6238101 0.5255378 0.3674148 0.6909108 0.6909108 0.6934078 0.7378632 0.7961286 0.6489117 0.7204813 0.6634778 0.7527451 0.7620994 0.7039451 0.6510285 0.6510285 0.7161397 0.7278059 0.6547792 1.0947946 0.9519393 0.7835192 0.6775209 0.8491676 0.7668577 0.8326831 0.8356626 0.7509124 0.7465039 0.7423828 0.8154539 0.8533224 0.7822565 1.1145296 0.9871242 0.9386371 0.9749703 1.2519456 1.7593422 1.5513954 1.5604817 0.7434623 0.9170316 1.1083438 1.2848126 
Cgig_NM_001319970.1                                               0.6473594 0.6601780 0.6778242 0.6836785 0.6899099 0.6793655 0.4111685 0.5909403 0.5909403 0.4722236 0.5632222 0.5186135 0.5254406 0.5257216 0.5588616 0.9683049 0.8417477 0.4936993 0.7566164 0.6202495 0.5983273 0.6595122 0.5525724 0.3104579 0.2710966 0.0000000 0.3405013 0.5645527 0.5675735 0.5832215 0.5782239 0.5050023 0.5769508 0.5593829 0.4960283 0.5628780 0.5713814 0.4662016 0.5133797 0.5133797 0.5291866 0.5527638 0.5879994 0.5809540 0.5524874 0.5605291 0.5560971 0.5677428 0.5507829 0.5653538 0.5653538 0.6093003 0.7004785 0.6326250 0.4026543 0.7417357 0.7417357 0.7523294 0.7472669 0.8602005 0.6638462 0.7025254 0.7151223 0.7559605 0.7669485 0.7276469 0.6947182 0.6947182 0.6292240 0.7950510 0.6423338 1.1523171 0.9290971 0.7023926 0.6033385 0.7799178 0.7324368 0.8436596 0.8545537 0.7021006 0.7963360 0.7172658 0.8631818 0.7610982 0.7685339 1.0340896 0.9654319 0.9977700 0.8537772 1.3522920 1.5793963 1.4199600 1.3694892 0.8158680 1.0363338 1.2665982 1.2200721 
Cscu_XM_023378889.1                                               0.5361981 0.5799327 0.6007440 0.6043920 0.5333978 0.5345484 0.3485216 0.5181854 0.5181854 0.3619454 0.4843036 0.3844839 0.3908550 0.3816711 0.4265593 0.8656639 0.6686278 0.3517577 0.7516836 0.4869379 0.4507216 0.5919945 0.4800564 0.4239478 0.3114584 0.3405013 0.0000000 0.4495884 0.4024071 0.4299532 0.4517948 0.3757614 0.3813322 0.4138268 0.3260042 0.3917744 0.3738113 0.3976302 0.3681278 0.3681278 0.4494766 0.4617870 0.4666712 0.4667418 0.4239194 0.4416500 0.4247567 0.4268895 0.4066710 0.4201152 0.4201152 0.4501587 0.5429723 0.3834974 0.4542276 0.6096217 0.6096217 0.6210096 0.7038233 0.7319635 0.5829499 0.6368340 0.6181973 0.6808015 0.6895312 0.5642282 0.6340130 0.6340130 0.6259158 0.5648762 0.5616518 0.8796462 0.8335228 0.6878683 0.7124775 0.8210549 0.7467512 0.9314734 0.7513212 0.6383876 0.6896672 0.6747159 0.7188638 0.7747461 0.8658926 0.9966997 0.9934724 0.9446762 0.9666625 1.3328221 1.7088795 1.5566856 1.6054497 0.6361140 0.8400931 1.0713954 1.2704561 
Morvir_scaffold12.g36.t1                                          0.6099599 0.6686269 0.6431876 0.6480825 0.6463696 0.6086463 0.4741121 0.5621598 0.5621598 0.5048474 0.5165447 0.4184126 0.4111299 0.4141149 0.4258571 0.7364339 0.5969688 0.3824067 0.6450807 0.4621671 0.4440360 0.7748970 0.5536922 0.6090931 0.4462836 0.5645527 0.4495884 0.0000000 0.2349751 0.2429086 0.2144762 0.1991334 0.3174550 0.3179735 0.3340951 0.3320199 0.4021873 0.5013076 0.5360631 0.5360631 0.5028039 0.4873019 0.5011495 0.4644665 0.4595495 0.5037267 0.4936859 0.4887932 0.4877155 0.5151344 0.5151344 0.4722271 0.5253718 0.5923284 0.5375230 0.6629313 0.6629313 0.6353048 0.6821893 0.6811082 0.7157895 0.7696028 0.6598138 0.7052588 0.7138802 0.6843924 0.6797175 0.6797175 0.6333270 0.5972224 0.6168978 0.9209994 0.8360997 0.7641440 0.7612781 0.9234936 0.8194912 0.9536603 0.8261547 0.7891186 0.7320847 0.7908661 0.7552240 0.7797159 0.8412661 0.9910144 0.9939174 0.9856085 0.9863818 1.2990404 2.0493422 1.4892474 1.5545213 0.6918325 0.9100260 1.0846270 1.2217173 
Nemnom_g13950.t1                                                  0.5761431 0.5816703 0.5906581 0.5926957 0.5598257 0.5372844 0.3304460 0.4758567 0.4758567 0.5087060 0.5202778 0.3942689 0.3638398 0.3814051 0.3899184 0.6264606 0.5390634 0.3701535 0.5385758 0.4083545 0.3784249 0.6017800 0.3621643 0.5472719 0.4532965 0.5675735 0.4024071 0.2349751 0.0000000 0.0400169 0.0617881 0.1584922 0.2241491 0.2353487 0.3356985 0.3104979 0.4340442 0.4896506 0.4601776 0.4601776 0.5135279 0.4606107 0.4569906 0.4151751 0.4106236 0.4344180 0.4588601 0.4431915 0.4373330 0.4833533 0.4833533 0.4645365 0.5385553 0.5679498 0.5084034 0.6301431 0.6301431 0.6534134 0.7111466 0.7619781 0.6918680 0.7704907 0.5842207 0.6868305 0.6862626 0.6290525 0.6363572 0.6363572 0.6191942 0.6812148 0.5761622 0.9574448 0.8681043 0.7366530 0.7363463 0.8983679 0.7936385 0.9719205 0.8014630 0.7992496 0.7597319 0.7254273 0.7374679 0.7788114 0.7760334 1.0378321 1.1258229 0.8981435 0.9933980 1.3385778 1.9112567 1.3371984 1.3659442 0.6386956 0.9546957 1.0924655 1.2565122 
Rhoesc_Res_005512-T1                                              0.5916250 0.6091462 0.6254426 0.6149669 0.5991975 0.5795140 0.3495512 0.4947810 0.4947810 0.5058362 0.5205146 0.4197076 0.3886629 0.4163222 0.4136608 0.6799821 0.5909512 0.3977733 0.6211230 0.4262796 0.4251609 0.6351119 0.4058952 0.5753628 0.4808423 0.5832215 0.4299532 0.2429086 0.0400169 0.0000000 0.0565998 0.1716344 0.2652838 0.2657146 0.3599234 0.3436501 0.4362089 0.5042834 0.4888895 0.4888895 0.5205766 0.4775297 0.4711169 0.4264920 0.4219952 0.4374515 0.4607409 0.4449616 0.4390609 0.4759677 0.4759677 0.4672912 0.5508760 0.5787564 0.5222655 0.6707956 0.6707956 0.6944736 0.7430426 0.8045630 0.7237712 0.8044591 0.6337926 0.7166611 0.7160622 0.6695086 0.6656701 0.6656701 0.6642059 0.6627223 0.5653854 0.9157228 0.8737662 0.7519887 0.6980611 0.9153914 0.8091621 0.9905503 0.8440433 0.8299000 0.8035947 0.7511623 0.7708655 0.7887413 0.7999507 1.0284699 1.1536409 0.9143419 0.9903646 1.3312418 1.9387452 1.3814292 1.4144582 0.6734129 0.9898153 1.1282575 1.2282975 
Aaur_scaffold943.g10.t1                                           0.5944962 0.5851246 0.6021351 0.6084189 0.5801707 0.5481584 0.2722984 0.4893055 0.4893055 0.4962192 0.5040204 0.3812026 0.3574582 0.3679287 0.3542444 0.5865089 0.5031948 0.3459230 0.5191084 0.3893608 0.3768491 0.5801609 0.3117366 0.5952758 0.4698088 0.5782239 0.4517948 0.2144762 0.0617881 0.0565998 0.0000000 0.1204767 0.2282552 0.2163650 0.3052957 0.2719397 0.4373054 0.5072173 0.4643252 0.4643252 0.5192259 0.4945246 0.4960530 0.4309799 0.4399525 0.3896597 0.4446975 0.4443917 0.4378265 0.4711363 0.4711363 0.4684443 0.4633317 0.5161640 0.5086296 0.6162900 0.6162900 0.6001197 0.6406155 0.7181534 0.6557792 0.6748005 0.5845085 0.6712211 0.6712211 0.5892178 0.6330162 0.6330162 0.6116019 0.6361907 0.6232483 0.8792007 0.8631839 0.7432266 0.7262680 0.9409298 0.8318239 0.9982679 0.9009614 0.7924351 0.7746903 0.7920069 0.8217753 0.7915288 0.8209719 0.9752970 1.1216449 0.9248536 1.0044181 1.3585263 1.8810215 1.4848887 1.5175646 0.6645336 0.7803530 0.9894918 1.1420259 
Sanmal_Sma_005992-T1                                              0.5969578 0.6170039 0.6067534 0.6033212 0.5764162 0.5329126 0.3088039 0.5097395 0.5097395 0.4196450 0.4716021 0.3702477 0.3605708 0.3667271 0.4034905 0.7729997 0.6044687 0.3643862 0.7010638 0.4382232 0.4161393 0.5879882 0.4097383 0.5542671 0.3895295 0.5050023 0.3757614 0.1991334 0.1584922 0.1716344 0.1204767 0.0000000 0.2828149 0.2812612 0.2504860 0.2618804 0.4203055 0.5055815 0.5295803 0.5295803 0.5259031 0.4860787 0.4824412 0.4484663 0.4328985 0.4196622 0.4689683 0.4712716 0.4740706 0.4520908 0.4520908 0.4900661 0.5590292 0.5432611 0.5044302 0.5532404 0.5532404 0.5311756 0.6167510 0.6492329 0.6139736 0.6662333 0.5506024 0.6090445 0.6170964 0.5804896 0.6048509 0.6048509 0.5685300 0.6310711 0.5998234 0.9030087 0.8130346 0.6880703 0.7592770 0.8096189 0.7554326 0.9149398 0.7864302 0.7489323 0.7137335 0.7271177 0.7088245 0.7801324 0.8315513 0.9371217 0.9832763 0.9108896 0.8865045 1.1819125 2.0403626 1.3690190 1.3944008 0.7209169 0.9129152 1.1241015 1.1422340 
Hvul_g21613_1                                                     0.5571780 0.5763539 0.5504449 0.5865118 0.5186742 0.5153731 0.3831631 0.4218741 0.4218741 0.4489350 0.5218617 0.4125616 0.3983318 0.4191913 0.4210129 0.7760163 0.6330814 0.3995414 0.6445556 0.4125726 0.3923002 0.6311769 0.3914328 0.5414284 0.4495424 0.5769508 0.3813322 0.3174550 0.2241491 0.2652838 0.2282552 0.2828149 0.0000000 0.1706369 0.3461266 0.3259729 0.4400226 0.5046218 0.4686042 0.4686042 0.5254703 0.4641636 0.5091769 0.4677930 0.4419700 0.4468781 0.4184404 0.4205077 0.4259280 0.4281002 0.4281002 0.3999731 0.4507553 0.5387351 0.4840559 0.5694593 0.5694593 0.5436203 0.6085785 0.6167340 0.5553399 0.6293299 0.5432237 0.6224031 0.6303820 0.5857885 0.5436143 0.5436143 0.5013089 0.6562322 0.5826185 0.9494131 0.8169256 0.7266899 0.7492953 0.8314935 0.7172359 0.9584555 0.8669186 0.7707511 0.7810434 0.7250289 0.7297883 0.7571219 0.7622121 1.0099273 1.0879084 0.9130336 0.9497540 1.2690215 1.9554804 1.5650500 1.5747952 0.6203867 0.8992223 1.0565435 1.4103353 
Chem_TCONS_00046895                                               0.5708936 0.5682308 0.5983159 0.5785893 0.5249937 0.5023114 0.3879686 0.4221149 0.4221149 0.4364009 0.4601801 0.3233662 0.3075362 0.3329601 0.3548190 0.5900179 0.5003512 0.3398571 0.5207695 0.3673689 0.3973177 0.6255966 0.4014087 0.5648548 0.4444178 0.5593829 0.4138268 0.3179735 0.2353487 0.2657146 0.2163650 0.2812612 0.1706369 0.0000000 0.3597911 0.3332897 0.4058754 0.4766048 0.4766672 0.4766672 0.5318755 0.4994396 0.5265723 0.4685946 0.4695907 0.4828374 0.4229247 0.4309545 0.4317540 0.4465284 0.4465284 0.3812775 0.4197991 0.6120700 0.4389072 0.5885205 0.5885205 0.5901138 0.6290389 0.6561849 0.5932556 0.6297893 0.5687035 0.6216691 0.6249252 0.5713617 0.5845858 0.5845858 0.5540157 0.7683635 0.6020523 0.9013913 0.8737750 0.8189649 0.7660202 0.8943527 0.7676864 0.9606279 0.8431936 0.8381365 0.8192626 0.7696270 0.7439935 0.7697074 0.6906777 1.0512349 1.1517280 0.9079360 1.0719714 1.3032532 2.4214243 1.4033118 1.4439183 0.6043743 0.9081563 1.0391896 1.3875607 
Dgig_XM_028559546.1                                               0.6034601 0.6492448 0.6372791 0.6729790 0.5697603 0.5378979 0.3772319 0.5097647 0.5097647 0.4350348 0.4760141 0.3455272 0.3536566 0.3452774 0.3493296 0.8075913 0.6168191 0.3300471 0.7078846 0.4026675 0.3674327 0.5896144 0.4281960 0.6032259 0.4286075 0.4960283 0.3260042 0.3340951 0.3356985 0.3599234 0.3052957 0.2504860 0.3461266 0.3597911 0.0000000 0.0940481 0.4169846 0.4734954 0.4972328 0.4972328 0.4929260 0.5132516 0.5070053 0.4782174 0.4612027 0.3979043 0.4451551 0.4473852 0.4325768 0.4285500 0.4285500 0.4951500 0.5773844 0.4949372 0.4915271 0.5194474 0.5194474 0.5145104 0.5763265 0.6391517 0.5439449 0.5870108 0.5534605 0.5787033 0.5866225 0.5016681 0.5692911 0.5692911 0.5361084 0.6353929 0.5752475 0.7048746 0.6872965 0.6406308 0.7989096 0.7783651 0.7246151 0.9100438 0.8395883 0.7212603 0.7294057 0.7230248 0.7711983 0.7539311 0.9001097 1.0522784 1.0258047 0.9037103 0.8443496 1.3210341 1.7469778 1.3530485 1.4872046 0.7480250 1.0153056 1.0298567 1.1958752 
Xesp_000698-T1                                                    0.6097723 0.6606765 0.6105703 0.6350758 0.5570989 0.5107697 0.3491249 0.4866099 0.4866099 0.4216649 0.4253368 0.3181889 0.2944820 0.3344415 0.3242734 0.7224850 0.5668636 0.3087175 0.6288114 0.3768530 0.3453410 0.5050486 0.3557277 0.5968512 0.4644920 0.5628780 0.3917744 0.3320199 0.3104979 0.3436501 0.2719397 0.2618804 0.3259729 0.3332897 0.0940481 0.0000000 0.4062897 0.4925967 0.4992351 0.4992351 0.4935540 0.4858227 0.5242282 0.4897790 0.4719193 0.4128211 0.4192885 0.4214113 0.4082893 0.4078333 0.4078333 0.4830424 0.5771278 0.5212633 0.5204084 0.5261895 0.5261895 0.5308418 0.5904697 0.6368080 0.5738753 0.6383704 0.6036945 0.5798823 0.5878216 0.5043696 0.5871168 0.5871168 0.6044228 0.6740168 0.6506222 0.7928507 0.7529215 0.7079351 0.8142750 0.7927389 0.7484488 0.9152599 0.8513763 0.6627617 0.6852259 0.7027561 0.7810076 0.8013115 0.9115737 1.0962074 1.0574496 0.8846123 0.8288557 1.2951408 1.7857834 1.4225498 1.5515741 0.6760306 1.0622665 1.1094198 1.2385695 
Spur_XM_781570.5                                                  0.5845703 0.6598361 0.6686369 0.6689113 0.5509197 0.5231291 0.4433050 0.4948915 0.4948915 0.3789643 0.4264358 0.3685056 0.3592196 0.3652363 0.4021647 0.5702209 0.5638951 0.3664571 0.5826141 0.3851262 0.3831442 0.5957301 0.4981495 0.5991829 0.4777926 0.5713814 0.3738113 0.4021873 0.4340442 0.4362089 0.4373054 0.4203055 0.4400226 0.4058754 0.4169846 0.4062897 0.0000000 0.4356900 0.4792012 0.4792012 0.4627388 0.5621053 0.5361672 0.5004167 0.4743440 0.4672655 0.4668712 0.4618471 0.4563889 0.5052012 0.5052012 0.4848707 0.5576554 0.4063090 0.5862977 0.6553095 0.6553095 0.6259407 0.6483088 0.7297712 0.6302840 0.6936935 0.7134942 0.6982172 0.7068794 0.6202179 0.7122197 0.7122197 0.6632986 0.6129465 0.6388007 0.8602340 0.8301726 0.7119376 0.7259262 0.7890360 0.7475271 0.8800447 0.7491539 0.7154213 0.7517956 0.6783564 0.7170609 0.6913799 0.7828917 0.8786784 0.9333512 0.7469904 0.9566765 1.2811527 1.4779795 1.5258721 1.5252755 0.5744611 0.8288380 1.0032800 1.3420363 
Hsap_ENST00000223500                                              0.5499120 0.5922076 0.5908466 0.5868204 0.5993970 0.5773655 0.5472662 0.5756578 0.5756578 0.4287352 0.5751666 0.5229950 0.5358943 0.5032531 0.5386739 0.9336819 0.7780013 0.5175650 0.8245880 0.5434256 0.5575913 0.6407764 0.5184097 0.5792124 0.4463322 0.4662016 0.3976302 0.5013076 0.4896506 0.5042834 0.5072173 0.5055815 0.5046218 0.4766048 0.4734954 0.4925967 0.4356900 0.0000000 0.3942041 0.3942041 0.3835694 0.4280918 0.4887493 0.4400802 0.4290836 0.4464428 0.4484774 0.4497080 0.4493481 0.4534447 0.4534447 0.4484054 0.5286540 0.5514496 0.4412851 0.6886529 0.6886529 0.6458865 0.6617965 0.6835668 0.6292668 0.6780024 0.6936203 0.7457491 0.7496908 0.5967812 0.7162349 0.7162349 0.6511179 0.6768721 0.6297275 1.0309216 0.8526116 0.7001853 0.6363578 0.8142946 0.7939166 0.8103135 0.8721281 0.7990293 0.7673633 0.6997414 0.7739942 0.7046506 0.7953472 0.9640512 1.0016448 0.8685807 1.0735656 1.3992986 1.5802293 1.5435003 1.5663964 0.6565308 0.9256835 1.1886277 1.1646092 
