106
Lcom_lcpid16559                                       0.0000000 0.2803503 0.4642850 0.7085820 0.4975285 1.0692795 1.4727883 1.4922223 1.4308806 1.4652808 1.5158298 1.4010116 1.4435303 1.4441824 1.4135299 1.3440990 1.5149607 1.4987727 1.4564879 1.3750787 1.4498788 1.4550362 1.6058226 1.4560561 1.5205817 1.5574931 1.5643734 1.6478212 1.7284328 1.6558656 1.6529134 1.6649559 1.5599776 1.7382197 1.7414850 1.6043573 2.0938263 1.5980850 1.3252428 1.5967857 1.4626884 1.6849101 1.8886356 1.7558051 1.7593528 1.7889580 1.4616249 1.5457295 1.7574941 1.8036797 1.8589705 2.0589589 1.6504360 1.6534864 1.6534864 1.4343974 1.8866561 1.8866561 1.7574772 2.2481482 1.6783672 2.0902159 2.2047255 1.5831116 1.5831116 1.6391018 1.6391018 1.6769574 1.7311057 1.7311057 1.5219590 1.6349482 1.6349482 1.6249117 1.6657073 1.6266915 1.6895992 1.7901762 2.0427032 1.9014834 1.9717525 1.8776591 2.0558012 2.4847705 2.3432371 2.1112084 2.6330402 2.5799066 2.3073351 2.1679551 2.1368652 2.2063676 2.3561264 2.5202326 2.4548111 2.6164976 2.6859998 2.5354317 2.3100608 2.6905213 3.0729535 2.6742354 3.1460270 2.6011111 2.3577817 2.9279569 
Leuniv_Lniv_scaffold10109_01                          0.2803503 0.0000000 0.1457040 0.4802324 0.0000010 0.0000010 1.0348422 0.9749631 1.0343576 1.0659075 1.1372765 0.9817804 0.9744738 0.9865083 0.9839696 0.9747078 1.0750548 1.0420888 1.0080041 0.9516207 1.0706619 1.1222991 1.1159525 1.0055515 1.0063972 1.0196217 1.3919796 1.2283953 1.3950553 1.2363129 1.2363129 1.2252508 1.2230280 1.2414537 1.3311142 1.2545138 0.0000010 1.1587736 0.9154508 1.1390702 1.1347262 1.0958917 0.0000010 9.0000000 1.4408670 1.3308775 1.2538520 1.1880392 1.4450674 1.4450674 1.4136674 1.8654273 9.0000000 1.3017795 1.3017795 9.0000000 0.7820574 0.7820574 1.3213300 0.0000010 1.3595444 0.0000010 1.1016584 1.3728805 1.3728805 1.3728805 1.3728805 1.0969579 0.0000010 0.0000010 1.5164457 1.3411518 1.3411518 1.3411518 1.3411518 1.3415738 1.3264445 1.4470371 0.0000010 9.0000000 1.7957343 0.8375001 0.3510901 1.7759841 2.3142755 2.2651841 2.6240062 2.5980052 2.0849371 1.8940555 1.9128250 1.8470096 2.1493709 2.5183790 2.3347576 2.4981159 2.6319930 2.6490094 2.8785499 2.4705370 2.3845814 1.6840742 6.7030314 2.4786138 1.9101909 2.1821199 
Gracom_Gcom_C517610_01                                0.4642850 0.1457040 0.0000000 0.6694795 0.0000010 0.0000010 1.1516125 1.1971344 1.1755239 1.1155414 1.2483328 1.1098804 1.1164956 1.1196084 1.0611633 1.0909780 1.1078153 1.1529221 1.0836618 0.8614367 1.0734964 1.0261053 1.3821604 1.1265836 1.2682358 1.2619870 4.1810824 1.2748660 1.5143738 1.2953219 1.2953219 1.2823284 1.0413215 1.2888712 1.3315179 1.3315179 0.0000010 1.3245643 1.2013299 1.2105482 1.2145996 0.0000010 0.0000010 0.0000010 1.5409033 1.4003949 1.3809002 1.4256534 1.3684399 1.5425239 1.2659676 0.9821998 0.0000010 1.5291084 1.5291084 0.0000010 0.7820574 0.7820574 0.0000010 0.0000010 1.6821371 0.0000010 1.1016584 1.4900706 1.4900706 1.7148211 1.7148211 9.0000000 0.0000010 0.0000010 4.9648353 1.4725652 1.4725652 1.4725652 1.4725652 1.4893743 1.4527853 1.5368403 0.0000010 0.0000010 1.9966642 0.7477834 0.0000010 1.9966642 2.3138374 2.1325749 3.0635007 3.0724257 2.3986595 2.2989298 2.3573724 2.5479578 2.0535753 3.1829991 2.7590021 2.7531553 2.9416207 2.5120073 3.1532565 2.9765209 2.7551631 1.3286288 0.0000010 2.8384275 2.0627323 2.4366427 
Scil_scict023069.2                                    0.7085820 0.4802324 0.6694795 0.0000000 0.7285121 1.4491065 1.5241615 1.5428361 1.5653967 1.5074907 1.5786195 1.4806065 1.5130411 1.5099533 1.5051677 1.3744465 1.4949410 1.5560036 1.4695017 1.4506655 1.5165076 1.4943872 1.6720744 1.6033153 1.5290869 1.5171939 1.6455878 1.6594373 1.7383250 1.6610044 1.6537203 1.6842322 1.6245440 1.7235256 1.7173829 1.6426577 2.2308306 1.5504234 1.3226249 1.6593180 1.5525339 1.8913356 2.0632709 1.7640089 1.8828822 1.8033317 1.4400843 1.5402746 1.7313935 1.7977410 1.9560992 1.9981092 1.8977315 1.8336392 1.8336392 1.7139174 2.0822373 2.0822373 1.9912839 2.4358845 1.8249696 2.4251408 2.4287770 1.8364185 1.8364185 1.8965562 1.8965562 1.9326791 2.0038465 2.0038465 1.7170354 1.8933101 1.8933101 1.8985151 1.9455113 1.7850972 1.8285657 1.8850834 2.4904936 2.1744048 2.0220333 2.1757804 2.1626980 2.6144582 2.2885233 2.1309860 2.6291190 2.5558414 2.4247926 2.3877961 2.1836418 2.2566163 2.6720428 2.4704814 2.4885143 2.6510181 2.5468056 2.6763927 2.4741838 2.5813140 3.0416988 2.6297516 3.2513229 2.7218250 2.4053289 2.8334033 
Gracom_Gcom_scaffold3139_01                           0.4975285 0.0000010 0.0000010 0.7285121 0.0000000 1.1943291 1.7964387 1.8634895 1.7674803 1.8625708 1.7567136 1.7184194 1.7199610 1.7140328 1.7010494 1.5220546 0.0000010 1.7564029 1.8416270 1.8139631 1.7456831 1.6560626 2.0459261 1.7638094 1.8040931 1.8826189 1.8162920 1.9125409 1.9133674 1.9242578 1.9074702 1.9238438 1.9112533 2.1198877 8.9999986 2.0486673 2.1881943 1.9176347 2.7093774 1.9440338 1.9654833 2.0314774 1.9676092 1.8477650 2.0959395 2.0724847 0.0000010 0.0000010 2.1108975 2.1108975 2.2314703 2.1521656 2.1153512 2.0809715 2.0809715 1.7483494 2.0621789 2.0621789 2.1253491 2.3183163 2.0239122 2.2791620 2.2799375 2.0284419 2.0284419 2.0284419 2.0284419 2.0484399 1.9448782 1.9448782 3.2955511 2.0675191 2.0675191 2.0726861 2.2176775 2.0107347 2.0883241 2.1962764 2.1316755 2.0644333 2.2436421 2.3125672 2.1537219 6.6870504 2.3100301 2.2310325 2.6394369 2.6647809 2.4762458 2.3412220 2.1496336 2.3659663 2.7499905 2.5388901 2.6564676 2.7948263 2.7959780 3.2202799 2.3249930 2.5714664 2.6211124 6.5921100 3.4624048 3.1811437 2.9578185 3.2712222 
Clacor_Ccor_C506767_01                                1.0692795 0.0000010 0.0000010 1.4491065 1.1943291 0.0000000 1.6960070 1.5668317 1.6373201 1.7045834 1.6218822 1.6368777 1.6397240 1.5791333 1.5754500 1.3674103 0.0000010 1.6212411 1.6201469 1.6750087 1.5333437 1.5800069 1.6105586 1.6412660 1.6782263 1.7061852 1.7457764 1.7201480 1.7201480 1.7423464 1.7423464 1.7942189 1.7942189 2.0488835 9.0000000 1.7340378 1.7826383 1.9125291 3.9966840 1.8423208 1.4129491 1.9707817 1.9397120 1.8546180 1.9666930 1.8555259 0.0000010 0.0000010 1.7380692 1.7380692 2.2234214 1.9298807 1.9984738 1.6802150 1.6802150 1.3371241 1.4484623 1.4484623 1.6547857 1.9289277 1.6323482 1.9703965 1.7916963 1.6827990 1.6827990 1.6827990 1.6827990 1.5275656 1.5275656 1.5275656 0.0000010 1.7971720 1.7971720 1.7937053 1.7937053 1.6245854 1.9361751 1.7143774 1.6953178 1.9723731 2.1497056 1.7539730 2.5684965 4.5013251 2.5123149 2.0975486 2.5953937 2.8936760 2.3962202 1.8314412 2.0759657 2.3410536 2.3811374 2.4393735 2.2436798 2.5768588 2.6406656 3.1736203 2.3798675 3.0658273 3.0658273 4.2955536 2.5233131 2.7975477 2.1609450 2.5809021 
Bralan_BLAG04001880_1                                 1.4727883 1.0348422 1.1516125 1.5241615 1.7964387 1.6960070 0.0000000 0.4119757 0.3600194 0.4226196 0.4582737 0.4728376 0.4801622 0.4797471 0.4634601 0.4918781 0.5736450 0.4699231 0.4689421 0.4008216 0.5576374 0.5953599 0.4923737 0.5695080 0.5993150 0.5805392 0.5547716 0.5550962 0.5711839 0.5663477 0.5649692 0.5547944 0.5061988 0.5957593 0.9060480 0.6624819 0.9334393 0.5811206 0.6434488 0.6727934 0.6398739 0.8469931 0.7727070 0.5898323 0.8939426 0.7458346 0.6997224 0.9620266 0.7135805 0.7318407 0.7868383 0.9221132 1.2673887 0.9872989 0.9872989 1.1669267 1.0260513 1.0260513 0.9420467 0.9656193 0.9633413 1.0225192 1.0569886 0.9331136 0.9331136 0.9484599 0.9484599 0.9544619 1.0463949 1.0463949 0.7317486 1.0095918 1.0095918 1.0093152 1.0574236 0.8978093 0.9886503 1.1467073 0.8809271 0.9387451 1.3840582 1.4855538 1.5280940 2.0869831 1.6120479 1.3793950 2.0782293 1.9188433 1.6726442 1.6046511 1.5077620 1.4360347 1.8093818 1.7712307 1.7459250 1.9927475 1.8267310 1.8970219 1.6989863 2.1550939 2.4869739 1.9004631 2.3636600 2.1866118 1.8416235 2.2159524 
Spur_XM_030998967.1                                   1.4922223 0.9749631 1.1971344 1.5428361 1.8634895 1.5668317 0.4119757 0.0000000 0.3474210 0.4171287 0.4758368 0.4979778 0.5003213 0.5117394 0.5033598 0.5041408 0.6887773 0.5098186 0.5040120 0.4324302 0.5614813 0.5936187 0.5198048 0.5792817 0.5986956 0.5925719 0.5454584 0.5825591 0.5991332 0.5925473 0.5919154 0.5936917 0.5611430 0.6180215 0.8644769 0.6593993 1.0009318 0.6379192 0.7411395 0.7056107 0.6833037 0.8846884 0.7684892 0.5676202 0.9935028 0.8399480 0.7640005 0.8689683 0.7632570 0.7749472 0.7687171 0.9614056 1.1516958 0.9238842 0.9238842 1.0830597 0.8452406 0.8452406 0.8834092 0.8013747 0.9522921 0.8435633 0.8806176 0.9408250 0.9408250 0.9772598 0.9772598 0.8994220 0.9275925 0.9275925 0.8577317 0.9675130 0.9675130 0.9712532 1.0230679 0.8804592 0.9801680 1.1501359 0.6821895 1.0022279 1.2587190 1.1950295 1.3214867 1.9481156 1.6401537 1.3576971 2.0087046 1.9081990 1.6010740 1.5798117 1.4107482 1.4099712 1.7231456 1.7424304 1.6729854 1.9671125 1.9652788 1.9401600 1.7174797 2.1713220 2.5822148 1.9923584 2.5524345 2.1062970 1.7891546 2.4011263 
Skow_XM_002732228.2                                   1.4308806 1.0343576 1.1755239 1.5653967 1.7674803 1.6373201 0.3600194 0.3474210 0.0000000 0.3776841 0.4263154 0.4444927 0.4425575 0.4563494 0.4322875 0.4492502 0.5721994 0.4534219 0.4690374 0.4430321 0.5341911 0.5846538 0.4996733 0.5320226 0.5360953 0.5415830 0.5304212 0.5230254 0.5383569 0.5300123 0.5287108 0.5284647 0.4887972 0.5602286 0.8867340 0.6545327 0.9093620 0.5764941 0.6385043 0.6735549 0.6261738 0.9248336 0.7347143 0.5596256 0.9146381 0.7647653 0.6985099 0.7514860 0.7211658 0.7450439 0.7457185 0.9062380 1.2241889 0.9736983 0.9736983 1.1107645 0.9680927 0.9680927 0.9210225 0.9095283 0.9352250 0.9238088 1.0380393 0.9182926 0.9182926 0.9530501 0.9530501 0.9374746 0.9737144 0.9737144 0.7888846 0.9905779 0.9905779 0.9902933 1.0407302 0.9260130 0.9999087 1.2020476 0.7796018 0.9777197 1.2907069 1.6414880 1.5641455 1.7970169 1.6883255 1.3366246 2.0030765 1.8927417 1.5487598 1.5077872 1.4100078 1.3446450 1.7392536 1.7593257 1.7581613 1.8111667 1.8745995 1.8946015 1.7396898 2.1643633 2.6311164 1.9333711 2.5710047 2.0472846 1.7543180 2.3192277 
Ctel_gnl_WGS_AMQN_CAPTEDRAFT_mRNA108485               1.4652808 1.0659075 1.1155414 1.5074907 1.8625708 1.7045834 0.4226196 0.4171287 0.3776841 0.0000000 0.3925230 0.4631895 0.4633664 0.4710404 0.4602830 0.4740358 0.5064592 0.4767025 0.4805848 0.4683628 0.5393884 0.5982738 0.3975270 0.5736983 0.5293632 0.5282845 0.5235531 0.5126460 0.5229802 0.5155654 0.5142564 0.5200080 0.5143429 0.5561234 0.7609495 0.5828213 0.8951804 0.5675650 0.6536119 0.7096442 0.6737194 0.8540816 0.7133270 0.5471976 0.9332721 0.7451413 0.6960824 0.7283022 0.7839660 0.7839660 0.7399415 0.9171151 1.3025777 0.9964626 0.9964626 1.1861654 0.9457859 0.9457859 0.8918078 0.8674181 0.9123303 0.9063813 0.9970503 0.9141812 0.9141812 0.9407663 0.9407663 0.9000937 0.9056951 0.9056951 0.8916236 0.9787357 0.9787357 0.9824849 1.0302507 0.9090365 0.9101783 1.1458590 0.8204587 0.9842461 1.2964177 1.7843674 1.7629046 1.8933052 1.5578899 1.3050707 2.0127841 1.8751123 1.6516515 1.5280789 1.4478719 1.4053952 1.8555178 1.7115930 1.7481200 1.9356769 1.8852860 1.9493658 1.7170507 2.1178270 2.5240563 1.7188737 2.2636506 2.0542117 1.7576108 2.2485666 
Acagra_model.g18263.t1                                1.5158298 1.1372765 1.2483328 1.5786195 1.7567136 1.6218822 0.4582737 0.4758368 0.4263154 0.3925230 0.0000000 0.5017642 0.5191844 0.5232191 0.5018684 0.5455797 0.7599532 0.5306255 0.5286310 0.4814776 0.6203281 0.6587441 0.4350197 0.6087563 0.6154915 0.6014834 0.5639048 0.6101922 0.6318139 0.6044536 0.6010842 0.6200570 0.5678562 0.6432653 1.0313587 0.6905015 0.9137279 0.6222082 0.7397763 0.7346421 0.6474217 0.8074386 0.8085963 0.5846987 0.9465323 0.8147495 0.7839128 0.9965403 0.7566825 0.7904552 0.7927408 0.9094092 1.3942977 1.0058798 1.0058798 1.2386136 0.9324178 0.9324178 0.9748955 0.9383104 0.9834151 0.9947140 1.0502619 0.9249291 0.9249291 0.9753382 0.9753382 0.9796155 1.0334399 1.0334399 0.7489274 1.0241707 1.0241707 1.0280768 1.0693892 0.9621511 0.9965760 1.2381659 0.8295888 0.9470292 1.2449037 1.4293144 1.3734551 1.8740087 1.5294506 1.2692348 1.9932796 1.8948808 1.5286982 1.5401073 1.4355918 1.4006556 1.7343109 1.7400632 1.7839735 1.7349043 1.7536564 1.8509934 1.7294964 1.9932614 2.3432925 1.8283718 2.5381046 2.1056843 1.8919877 2.3752948 
Spis_XP_022786998_1                                   1.4010116 0.9817804 1.1098804 1.4806065 1.7184194 1.6368777 0.4728376 0.4979778 0.4444927 0.4631895 0.5017642 0.0000000 0.0256693 0.0580091 0.0491904 0.0798278 0.1771616 0.0963221 0.2082059 0.1870969 0.3852272 0.4450360 0.5739305 0.4555633 0.4927320 0.4801794 0.4368331 0.5594985 0.5849128 0.5590626 0.5580560 0.5638194 0.5274570 0.5984300 0.8246339 0.5836917 0.7816621 0.5217474 0.6202006 0.6125226 0.7466035 0.8806632 0.7025490 0.4519568 0.8843731 0.7803953 0.6331521 0.8265859 0.7688581 0.7935106 0.7338117 0.8687548 1.1377363 0.9420941 0.9420941 1.0105442 0.9183598 0.9183598 0.9291601 0.8951368 0.9226223 0.9188093 0.9660813 0.9442170 0.9442170 0.9752758 0.9752758 0.9506958 0.9576983 0.9576983 0.9062954 0.9251180 0.9251180 0.9274288 0.9639984 0.9141236 0.9718573 1.1442050 0.8102078 0.9247487 1.2563440 1.3003049 1.3871671 1.9794070 1.5055922 1.2839841 1.8164725 1.7464808 1.5291373 1.4811038 1.3258943 1.3366124 1.8106147 1.6482539 1.6258028 1.8771330 1.7352318 1.7657458 1.5969140 1.9318600 2.1383474 1.8960770 2.3755717 2.0189132 1.7917473 2.2537281 
Pocdam_XM_027197527.1                                 1.4435303 0.9744738 1.1164956 1.5130411 1.7199610 1.6397240 0.4801622 0.5003213 0.4425575 0.4633664 0.5191844 0.0256693 0.0000000 0.0557849 0.0491389 0.0750337 0.1730242 0.0989858 0.2136945 0.1925794 0.3855822 0.4394665 0.5762675 0.4548679 0.4964933 0.4921515 0.4468457 0.5645761 0.5938810 0.5635442 0.5625309 0.5689333 0.5341687 0.6005825 0.8630105 0.6006957 0.7862672 0.5287016 0.6241362 0.6126940 0.7631190 0.8809778 0.7096221 0.4602306 0.8944866 0.7851322 0.6288591 0.8160636 0.7851286 0.8085435 0.7368786 0.8963267 1.1493658 0.9512341 0.9512341 1.0214380 0.9290046 0.9290046 0.9345255 0.9054197 0.9370418 0.9288472 0.9777405 0.9598385 0.9598385 0.9906133 0.9906133 0.9582968 0.9744833 0.9744833 0.9220951 0.9278145 0.9278145 0.9301402 0.9669884 0.9197585 0.9807055 1.1517971 0.7917812 0.9269413 1.2809228 1.3467246 1.4212389 2.0215517 1.5307450 1.3060849 1.8308680 1.7512824 1.5639824 1.4982815 1.3668858 1.3516143 1.8021108 1.6613086 1.6220083 1.8565159 1.7432578 1.7418598 1.6333778 1.9566838 2.1681197 1.8787932 2.4001943 2.0516074 1.8041052 2.2965421 
Gasp_gasp1.m3.25372.m1                                1.4441824 0.9865083 1.1196084 1.5099533 1.7140328 1.5791333 0.4797471 0.5117394 0.4563494 0.4710404 0.5232191 0.0580091 0.0557849 0.0000000 0.0477120 0.0806519 0.2157890 0.1064657 0.2116583 0.1846692 0.3882346 0.4472708 0.5840571 0.4626947 0.5013500 0.5040463 0.4493650 0.5536664 0.5823563 0.5526182 0.5516156 0.5579790 0.5189607 0.5952831 0.8267859 0.5718631 0.6967323 0.5155676 0.6724154 0.6195715 0.7671556 0.8738483 0.7343783 0.4586287 0.9131730 0.8066557 0.6339291 0.9097448 0.7699138 0.7924192 0.7592921 0.8810975 1.1515443 0.9446290 0.9446290 1.0449525 0.9193286 0.9193286 0.9209655 0.8795035 0.9366871 0.9116624 0.9667897 0.9405786 0.9405786 0.9716884 0.9716884 0.9291363 0.9347407 0.9347407 0.9265409 0.9230885 0.9230885 0.9253989 0.9619326 0.9288041 0.9651138 1.1208519 0.8453838 0.9364878 1.2856948 1.3191253 1.3985696 2.0723423 1.5586818 1.2765136 1.8798446 1.7740681 1.5664279 1.4696342 1.3654631 1.3393717 1.8379283 1.6758638 1.6487224 1.9100066 1.7691050 1.7978779 1.6094750 1.9401954 2.1375334 1.9520265 2.3413822 2.0642610 1.8388010 2.3007778 
Fspp_ffun1.m4.25512.m1                                1.4135299 0.9839696 1.0611633 1.5051677 1.7010494 1.5754500 0.4634601 0.5033598 0.4322875 0.4602830 0.5018684 0.0491904 0.0491389 0.0477120 0.0000000 0.0726628 0.1746662 0.0929812 0.2121793 0.1933553 0.3877549 0.4385170 0.5658690 0.4597593 0.4995535 0.4931592 0.4457056 0.5371772 0.5574061 0.5357462 0.5347783 0.5413450 0.5108067 0.5749233 0.8539727 0.5879679 0.7123348 0.5302791 0.6452139 0.6195447 0.7309381 0.8877399 0.7344901 0.4542456 0.9013294 0.7799026 0.6510017 0.8256093 0.7572881 0.7811723 0.7670071 0.8946085 1.1251992 0.9416125 0.9416125 1.0197615 0.9292161 0.9292161 0.9089715 0.8889435 0.9214922 0.9217729 0.9776397 0.9212618 0.9212618 0.9525390 0.9525390 0.9200336 0.9369971 0.9369971 0.9443876 0.9178347 0.9178347 0.9201304 0.9563511 0.9068246 0.9502237 1.1462228 0.8185662 0.9493049 1.2741430 1.3274827 1.3752841 2.0145135 1.5328343 1.2788219 1.8447332 1.7573297 1.5872459 1.4806626 1.3436776 1.3274858 1.8062595 1.6498680 1.6108298 1.8639073 1.7527343 1.7608645 1.6136685 1.9564022 2.1820450 1.8376328 2.4425581 2.0370428 1.8618169 2.2965990 
Gfas_gfas1.m1.18293.m1                                1.3440990 0.9747078 1.0909780 1.3744465 1.5220546 1.3674103 0.4918781 0.5041408 0.4492502 0.4740358 0.5455797 0.0798278 0.0750337 0.0806519 0.0726628 0.0000000 0.1636378 0.0994971 0.2110808 0.1817807 0.4044377 0.4353042 0.5786119 0.4622492 0.5026164 0.5077083 0.4186414 0.5833046 0.6112032 0.5848147 0.5848147 0.5777152 0.5280296 0.6180822 0.8640632 0.5724696 0.5603614 0.5416198 0.6257235 0.6465657 0.7504781 0.8683315 0.5556744 0.4337272 0.9034883 0.6838708 0.6583131 0.8607912 0.7701738 0.8053986 0.7102675 0.7875557 1.1777662 0.9170551 0.9170551 1.0683732 0.4724203 0.4724203 0.9062641 0.7126139 0.9303437 0.8265671 1.0863445 0.8816899 0.8816899 0.9310743 0.9310743 0.9037132 0.9424780 0.9424780 0.9331232 0.9207030 0.9207030 0.9256379 0.9256379 0.8776579 0.8830635 1.0615339 0.1144444 0.8235148 1.1582624 0.9008731 1.1446037 1.9702646 1.4628062 1.2470628 1.8810341 1.7863439 1.5259347 1.4364807 1.3423238 1.3865538 1.8351640 1.6462757 1.6529046 1.9367365 1.7831473 1.7518210 1.5230024 1.8916373 2.0623066 1.5694353 2.8865288 2.1360297 1.8823908 2.0953450 
Amil_Amillepora18828-RA                               1.5149607 1.0750548 1.1078153 1.4949410 0.0000010 0.0000010 0.5736450 0.6887773 0.5721994 0.5064592 0.7599532 0.1771616 0.1730242 0.2157890 0.1746662 0.1636378 0.0000000 0.0759436 0.3000632 0.2147008 0.4632122 0.4378893 0.7233572 0.6036053 0.7531775 0.6956676 1.6713734 0.7585077 0.8837960 0.7529212 0.7529212 0.7469048 0.6005844 0.7712345 0.7169013 0.7778192 0.0000010 0.6240395 0.6654249 0.7507990 0.8373419 2.5157649 0.0000010 1.4549541 1.1707246 0.8635424 0.7928451 0.9106813 0.9265894 1.0456411 0.7385028 2.1854835 4.9602123 0.9847551 0.9847551 4.9602123 0.7820574 0.7820574 3.3117257 0.0000010 1.1359887 0.0000010 1.1016584 1.0252938 1.0252938 1.1553407 1.1553407 6.6333767 0.0000010 0.0000010 2.1859926 0.9816009 0.9816009 0.9816009 0.9816009 0.9591701 0.9288930 1.1538339 0.0000010 3.1894102 1.9984440 3.1116871 9.0000000 1.9297856 2.2214486 1.7193934 2.9683441 2.7857964 2.6329394 2.5410433 1.9231842 2.0397234 2.0182634 2.2996076 2.4595586 2.7764573 2.5611955 2.4518219 2.7224061 2.9776201 4.2183382 1.1045593 0.0000010 2.3508041 2.1212111 2.6992932 
Adig_XM_015898766.1                                   1.4987727 1.0420888 1.1529221 1.5560036 1.7564029 1.6212411 0.4699231 0.5098186 0.4534219 0.4767025 0.5306255 0.0963221 0.0989858 0.1064657 0.0929812 0.0994971 0.0759436 0.0000000 0.2308166 0.1945152 0.4221489 0.4551458 0.5894312 0.4831158 0.5279243 0.5119619 0.4426827 0.5663897 0.5882968 0.5659919 0.5653780 0.5710612 0.5337435 0.6087687 0.9417470 0.6004609 0.6638485 0.5451913 0.6842737 0.6287730 0.7553630 0.9047327 0.7272376 0.4484967 0.9526625 0.8174754 0.6863187 0.9261969 0.7433041 0.7848508 0.7441644 0.9064406 1.1623133 0.9697360 0.9697360 1.0548599 0.9878260 0.9878260 0.9424450 0.9146138 0.9548841 0.9764905 1.0098261 0.9571424 0.9571424 0.9932193 0.9932193 0.9404892 0.9536737 0.9536737 0.9042006 0.9721110 0.9721110 0.9800997 1.0187532 0.9210160 0.9609747 1.1591254 0.8186118 0.9471102 1.2657131 1.3440217 1.3641213 2.0391476 1.5128391 1.2601439 1.8459757 1.7915120 1.5458158 1.4764877 1.3624993 1.3278525 1.8209390 1.6750579 1.6321692 1.9141204 1.7242125 1.7615911 1.5929010 1.9453410 2.1588566 2.0188186 2.4210335 1.9900099 1.8019656 2.3045444 
Exapal_XM_021058877.2                                 1.4564879 1.0080041 1.0836618 1.4695017 1.8416270 1.6201469 0.4689421 0.5040120 0.4690374 0.4805848 0.5286310 0.2082059 0.2136945 0.2116583 0.2121793 0.2110808 0.3000632 0.2308166 0.0000000 0.1442314 0.4215476 0.4648516 0.6168149 0.5184709 0.5197145 0.5082061 0.4996852 0.5606381 0.5746607 0.5547155 0.5533105 0.5667916 0.5347969 0.5873730 0.8265557 0.6164206 0.8424165 0.5485190 0.6181199 0.6723838 0.7111441 0.9213953 0.6938185 0.5324810 0.9201620 0.7896939 0.6957289 0.8027879 0.7590842 0.7742316 0.7618670 0.8436746 1.1020467 0.9073143 0.9073143 0.9874454 0.8927757 0.8927757 0.8614508 0.8555631 0.8929726 0.9011859 0.9212364 0.8719341 0.8719341 0.9123288 0.9123288 0.8659459 0.8862569 0.8862569 0.8190850 0.9015379 0.9015379 0.9090706 0.9467496 0.8580126 0.9367529 1.0854933 0.9114939 0.9524883 1.2848406 1.4408398 1.3744180 2.0510933 1.5253853 1.2852479 1.8675796 1.7349900 1.5513972 1.4734644 1.3739460 1.3751917 1.8061878 1.6799220 1.6048026 1.8777059 1.7883191 1.8182076 1.6305916 2.0365837 2.2315856 1.8751180 2.4450398 2.0696107 1.7777891 2.3086695 
Nvec_v1g186039                                        1.3750787 0.9516207 0.8614367 1.4506655 1.8139631 1.6750087 0.4008216 0.4324302 0.4430321 0.4683628 0.4814776 0.1870969 0.1925794 0.1846692 0.1933553 0.1817807 0.2147008 0.1945152 0.1442314 0.0000000 0.3877260 0.4384628 0.5635058 0.4541577 0.4788701 0.4649135 0.4697537 0.5777444 0.6017452 0.5781214 0.5784456 0.5908659 0.5928657 0.6105719 0.9548743 0.6043528 0.7964240 0.5246615 0.5402639 0.6114169 0.6672257 0.8883866 0.6452295 0.5083978 0.8503182 0.7357394 0.5746344 0.7143625 0.7447889 0.7447889 0.7637993 0.9232060 1.1091635 0.8611203 0.8611203 0.9713907 0.8691491 0.8691491 0.8865256 0.8443573 0.7969937 0.8983239 0.9133466 0.8409886 0.8409886 0.8409886 0.8409886 0.8586109 0.8877987 0.8877987 0.8305581 0.8594766 0.8594766 0.8674264 0.9067391 0.8089959 0.8619445 0.9982859 0.8208021 0.8945525 1.1852821 1.3684503 1.3401466 1.9582356 1.4325711 1.2242847 1.7692660 1.6517425 1.4335596 1.4055154 1.2623177 1.2763279 1.7065003 1.5872783 1.4741691 1.7551448 1.6913540 1.7831241 1.5038024 1.9167156 2.2193965 2.0729063 2.3247675 2.0214383 1.6954078 2.1564986 
Dgig_XM_028538379.1                                   1.4498788 1.0706619 1.0734964 1.5165076 1.7456831 1.5333437 0.5576374 0.5614813 0.5341911 0.5393884 0.6203281 0.3852272 0.3855822 0.3882346 0.3877549 0.4044377 0.4632122 0.4221489 0.4215476 0.3877260 0.0000000 0.2140276 0.6278797 0.5104736 0.5782963 0.5829242 0.5383288 0.6290320 0.6566279 0.6303942 0.6292700 0.6280244 0.5930305 0.6475484 0.8570019 0.6893366 0.9842180 0.6339652 0.6174386 0.7025243 0.7718612 1.0013973 0.7687768 0.5675305 0.9418203 0.7988387 0.6390530 0.8421719 0.8099989 0.8292553 0.8245982 0.9672439 1.1722199 0.9495009 0.9495009 1.0724601 0.9903187 0.9903187 0.9913995 1.0248848 0.9712598 1.0133434 1.1161853 1.0100434 1.0100434 1.0279791 1.0279791 1.0014900 1.0240816 1.0240816 0.9166277 0.9838987 0.9838987 0.9878480 1.0318419 0.9156631 0.9956402 1.1788830 0.9479992 1.0008621 1.2767863 1.5403999 1.4721429 1.9217786 1.5884084 1.3259808 1.9488006 1.7860169 1.6419915 1.5606130 1.3823733 1.3152530 1.7728223 1.7009873 1.6571195 1.8823352 1.8264160 1.9073693 1.6833781 2.0800222 2.3742828 1.9536444 2.2101683 1.9210235 1.8734861 2.2352164 
Xesp_012647-T1                                        1.4550362 1.1222991 1.0261053 1.4943872 1.6560626 1.5800069 0.5953599 0.5936187 0.5846538 0.5982738 0.6587441 0.4450360 0.4394665 0.4472708 0.4385170 0.4353042 0.4378893 0.4551458 0.4648516 0.4384628 0.2140276 0.0000000 0.6830910 0.5879429 0.5988841 0.6047317 0.5873363 0.6997624 0.7327568 0.7142300 0.7114071 0.6970608 0.6706731 0.7194460 0.9442129 0.7981503 1.0897062 0.7009301 0.6874732 0.6776468 0.8135297 0.9926261 0.8006727 0.6381740 1.0293669 0.8769935 0.6938242 0.8347980 0.8373401 0.8584905 0.8483455 0.9809918 1.1577950 1.0267382 1.0267382 1.0487828 1.1309404 1.1309404 1.0706183 1.1643067 1.0640776 1.1749135 1.2507932 1.0885708 1.0885708 1.1123107 1.1123107 1.1063780 1.1109871 1.1109871 1.0092059 1.0611193 1.0611193 1.0630096 1.1105587 1.0128291 1.0471621 1.1960830 0.9730159 1.0463327 1.3070882 1.5963969 1.6728628 1.9912976 1.6344413 1.3560919 2.0261600 1.8987948 1.7659786 1.5758964 1.4286728 1.3627834 1.8613759 1.7796129 1.7248230 1.9404627 1.8862440 1.9111171 1.7978997 2.1013277 2.3624364 1.9665657 2.3793753 2.0534269 1.8506308 2.2855499 
Cgig_XM_034469244.1                                   1.6058226 1.1159525 1.3821604 1.6720744 2.0459261 1.6105586 0.4923737 0.5198048 0.4996733 0.3975270 0.4350197 0.5739305 0.5762675 0.5840571 0.5658690 0.5786119 0.7233572 0.5894312 0.6168149 0.5635058 0.6278797 0.6830910 0.0000000 0.6511573 0.7074944 0.6961713 0.6432540 0.6547771 0.6767387 0.6586540 0.6551106 0.6769625 0.6211064 0.6928418 0.9786951 0.7237509 1.0159598 0.7123456 0.7966878 0.8226927 0.6631852 0.9049849 0.9206609 0.7227179 0.9934666 0.8474907 0.7006413 0.9514632 0.8466050 0.8523136 0.8000842 0.9986602 1.2805239 1.0579948 1.0579948 1.1052459 1.1599192 1.1599192 1.0810440 1.2064381 1.0768767 1.2161181 1.3440246 1.0417202 1.0417202 1.0828307 1.0828307 1.0945370 1.2034888 1.2034888 0.8199943 1.1254039 1.1254039 1.1251816 1.1565634 1.0272142 1.1261748 1.2380483 1.0207013 0.9851958 1.3748749 1.5965269 1.6002523 1.8977900 1.6779430 1.3785584 2.0808570 1.9853832 1.7119705 1.6182614 1.4823123 1.5546457 1.9596712 1.9338875 1.9177455 1.9740234 1.9651845 2.0203572 1.7598493 2.2006564 2.5974294 1.9976967 2.5412028 2.2302351 1.8703516 2.4788629 
Morvir_scaffold167.g29.t3                             1.4560561 1.0055515 1.1265836 1.6033153 1.7638094 1.6412660 0.5695080 0.5792817 0.5320226 0.5736983 0.6087563 0.4555633 0.4548679 0.4626947 0.4597593 0.4622492 0.6036053 0.4831158 0.5184709 0.4541577 0.5104736 0.5879429 0.6511573 0.0000000 0.4157184 0.4255984 0.3426597 0.6367650 0.6725487 0.6506717 0.6483958 0.6484156 0.6085850 0.6631405 0.9648680 0.6987035 0.8436997 0.6783329 0.5676055 0.5744467 0.7578794 1.0555631 0.6863906 0.4062347 0.9727145 0.8740122 0.7835731 0.9820963 0.8379767 0.8630797 0.7115861 0.9820911 1.4539220 1.0333805 1.0333805 1.3811264 1.0717380 1.0717380 1.0913379 1.0586920 1.0204767 1.0954694 1.1769462 1.0397810 1.0397810 1.0656786 1.0656786 1.1211955 1.1170625 1.1170625 0.9593459 1.0434400 1.0434400 1.0427547 1.1037989 1.0035803 0.9517601 1.1978203 0.8557337 1.0370591 1.4247362 1.6390203 1.6204791 2.1256648 1.7708956 1.4325195 1.9498431 1.8604647 1.6908427 1.5753833 1.5907986 1.5284583 1.9683493 1.8649973 1.8576947 2.0978896 1.9859289 2.0295605 1.6820246 2.1511556 2.3363199 1.8834168 2.3824178 2.1539598 1.9088405 2.4810407 
Nemnom_g8881.t1                                       1.5205817 1.0063972 1.2682358 1.5290869 1.8040931 1.6782263 0.5993150 0.5986956 0.5360953 0.5293632 0.6154915 0.4927320 0.4964933 0.5013500 0.4995535 0.5026164 0.7531775 0.5279243 0.5197145 0.4788701 0.5782963 0.5988841 0.7074944 0.4157184 0.0000000 0.0733423 0.1531768 0.6450542 0.6722278 0.6447390 0.6426195 0.6477660 0.5972838 0.6795937 1.0307489 0.7422282 0.9245908 0.6841794 0.4611801 0.5918305 0.7943078 0.9870473 0.7511485 0.2578806 1.0327343 0.8769704 0.8451544 0.9260682 0.8505080 0.9013746 0.7276488 1.0101849 1.3288215 1.0713351 1.0713351 1.1860235 1.1150888 1.1150888 1.0285421 1.0420220 1.0457289 1.0551990 1.1720432 1.0578771 1.0578771 1.0928298 1.0928298 1.1077021 1.1409218 1.1409218 1.0085422 1.0948704 1.0948704 1.1013053 1.1425465 1.0266001 1.0270814 1.2556070 1.0405233 1.0660705 1.3698032 1.6110105 1.4401711 1.8992223 1.6273062 1.3845804 1.9395698 1.9310092 1.6115566 1.5734011 1.5013940 1.5416067 1.9268926 1.9590999 1.8919583 1.9966045 1.9674915 1.9403385 1.7445834 1.9681356 2.1519000 2.0140367 2.4641636 2.2131276 1.8283281 2.3179972 
Rhoesc_Res_001486-T1                                  1.5574931 1.0196217 1.2619870 1.5171939 1.8826189 1.7061852 0.5805392 0.5925719 0.5415830 0.5282845 0.6014834 0.4801794 0.4921515 0.5040463 0.4931592 0.5077083 0.6956676 0.5119619 0.5082061 0.4649135 0.5829242 0.6047317 0.6961713 0.4255984 0.0733423 0.0000000 0.1592233 0.6448660 0.6603754 0.6364934 0.6343817 0.6395036 0.6021554 0.6708149 1.0098532 0.7170518 0.9163471 0.6872894 0.4317621 0.5687724 0.7691121 0.9830177 0.7535188 0.2456463 1.0369667 0.8388111 0.8285516 0.9157641 0.8588734 0.9007563 0.7164224 1.0029138 1.3136264 1.0715384 1.0715384 1.1637547 1.1221019 1.1221019 1.0334597 1.0552368 1.0540322 1.0571439 1.1797871 1.0841570 1.0841570 1.1164424 1.1164424 1.1230623 1.1504870 1.1504870 1.0026909 1.1174801 1.1174801 1.1240517 1.1706746 1.0473083 1.0471525 1.2501743 1.0196477 1.0574444 1.4011785 1.6532214 1.4763651 1.9223197 1.5741877 1.4089332 1.9559426 1.9126092 1.6255383 1.5658958 1.4671544 1.5161246 1.9195118 1.9254710 1.8848240 1.9775569 1.9345125 1.9208718 1.7230389 1.9637094 2.1693032 1.9535479 2.4593135 2.2004944 1.8293247 2.3182031 
Aaur_scaffold950.g1.t1                                1.5643734 1.3919796 4.1810824 1.6455878 1.8162920 1.7457764 0.5547716 0.5454584 0.5304212 0.5235531 0.5639048 0.4368331 0.4468457 0.4493650 0.4457056 0.4186414 1.6713734 0.4426827 0.4996852 0.4697537 0.5383288 0.5873363 0.6432540 0.3426597 0.1531768 0.1592233 0.0000000 0.6257461 0.6245952 0.6161639 0.6131589 0.6283552 0.6328784 0.6669055 3.0952780 0.7233841 0.7852590 0.6624156 0.5598783 0.5863049 0.8660612 0.9891110 0.7348473 0.1943321 1.0295165 0.8932294 0.7747359 9.0000000 0.8253452 0.8253452 0.7123112 0.9637191 1.3709667 1.1169758 1.1169758 1.2569676 1.0353656 1.0353656 1.0455314 1.0191015 1.0164288 1.0218237 1.1614040 1.0851232 1.0851232 1.0851232 1.0851232 1.0875786 1.1555838 1.1555838 1.0480122 1.1215434 1.1215434 1.1307830 1.1543347 1.0578626 1.1255163 1.2936680 0.8925481 1.0014245 1.2290637 1.5531719 1.4618458 2.3706659 1.4809349 1.3470315 1.6883343 1.6492764 1.4646811 1.3333333 1.3303844 1.3293561 1.9237695 1.8123215 1.6864007 1.7901388 1.7534518 1.8627005 1.4386963 1.8309095 2.1677273 4.1800510 2.2355683 2.0269542 1.7202249 2.1657894 
HoiH23_PlH23_005532-RA                                1.6478212 1.2283953 1.2748660 1.6594373 1.9125409 1.7201480 0.5550962 0.5825591 0.5230254 0.5126460 0.6101922 0.5594985 0.5645761 0.5536664 0.5371772 0.5833046 0.7585077 0.5663897 0.5606381 0.5777444 0.6290320 0.6997624 0.6547771 0.6367650 0.6450542 0.6448660 0.6257461 0.0000000 0.0071116 0.0273653 0.0256269 0.0346877 0.0383931 0.0411282 0.9566157 0.7564630 1.1029100 0.6724179 0.8250956 0.7919719 0.7712615 0.9186100 0.7326848 0.6125194 0.9663770 0.8393038 0.7125969 0.9369828 0.8684522 0.9085587 0.8933146 1.0573241 1.1370938 0.9914896 0.9914896 0.9986143 0.9186704 0.9186704 0.9285090 0.9632519 0.9660480 0.9561899 1.0352128 0.9698620 0.9698620 0.9928387 0.9928387 0.9899501 1.0435274 1.0435274 0.8823238 1.0213497 1.0213497 1.0266474 1.0588114 0.9855056 1.0190447 1.2033738 0.7961952 0.9766481 1.3184806 1.6672231 1.6867700 1.8797411 1.6020924 1.2852051 1.9978475 1.9649359 1.6245004 1.5662337 1.4561413 1.4403016 1.8191006 1.7739063 1.7494558 1.9304193 1.8563097 1.9690649 1.6587494 2.1090097 2.4747327 1.9234136 2.3921854 2.0951697 1.8577205 2.3616574 
HoiH06_mRNA4039                                       1.7284328 1.3950553 1.5143738 1.7383250 1.9133674 1.7201480 0.5711839 0.5991332 0.5383569 0.5229802 0.6318139 0.5849128 0.5938810 0.5823563 0.5574061 0.6112032 0.8837960 0.5882968 0.5746607 0.6017452 0.6566279 0.7327568 0.6767387 0.6725487 0.6722278 0.6603754 0.6245952 0.0071116 0.0000000 0.0269287 0.0251043 0.0345053 0.0383861 0.0413883 1.0392028 0.7659984 1.1019658 0.6861783 0.9106284 0.8122714 0.7953988 0.9120663 0.7222228 0.6190242 0.9877738 0.8661385 0.7623311 1.0425140 0.8627476 0.9049516 0.9252669 1.0581621 1.1370938 1.0255382 1.0255382 0.9986143 0.9035936 0.9035936 0.9278939 0.9619927 0.9982813 0.9549766 1.0338191 1.0003485 1.0003485 1.0241325 1.0241325 0.9889565 1.0420780 1.0420780 0.8911225 1.0556684 1.0556684 1.0614455 1.0972512 1.0073582 1.0485294 1.2722398 0.7875071 0.9769388 1.3693355 1.6672231 1.6867700 2.0900435 1.5995785 1.3106297 2.0191662 1.9641080 1.6529052 1.5985719 1.5404685 1.4766480 1.8818747 1.8477601 1.8175185 2.0420818 1.9370087 2.0618980 1.6564068 2.1627552 2.4666586 2.1276003 2.4511872 2.1289103 1.8716192 2.4310160 
Hhon_g04630.t1                                        1.6558656 1.2363129 1.2953219 1.6610044 1.9242578 1.7423464 0.5663477 0.5925473 0.5300123 0.5155654 0.6044536 0.5590626 0.5635442 0.5526182 0.5357462 0.5848147 0.7529212 0.5659919 0.5547155 0.5781214 0.6303942 0.7142300 0.6586540 0.6506717 0.6447390 0.6364934 0.6161639 0.0273653 0.0269287 0.0000000 0.0016822 0.0505233 0.0531501 0.0484596 0.9344637 0.7509973 1.1207010 0.6618848 0.8236930 0.8010194 0.7714015 0.9322620 0.7530281 0.6064178 0.9733915 0.8409187 0.7167572 0.9408795 0.8617058 0.9016394 0.8940672 1.0803075 1.1581762 1.0065298 1.0065298 1.0127018 0.9432674 0.9432674 0.9398520 0.9749031 0.9813192 0.9802594 1.0347278 0.9840366 0.9840366 1.0066809 1.0066809 1.0083739 1.0647337 1.0647337 0.8789955 1.0318149 1.0318149 1.0371552 1.0696477 0.9852852 1.0176642 1.2205985 0.8482962 0.9786247 1.3477160 1.7476501 1.7430388 1.9276116 1.5967806 1.3123247 1.9993115 1.9561350 1.6448763 1.5702363 1.4763152 1.4687573 1.8128709 1.7944165 1.7568392 1.9586406 1.9010040 1.9758995 1.6832230 2.1289310 2.5027098 1.9318828 2.3676729 2.1008727 1.8692591 2.3669211 
HoiH04_mRNA8024                                       1.6529134 1.2363129 1.2953219 1.6537203 1.9074702 1.7423464 0.5649692 0.5919154 0.5287108 0.5142564 0.6010842 0.5580560 0.5625309 0.5516156 0.5347783 0.5848147 0.7529212 0.5653780 0.5533105 0.5784456 0.6292700 0.7114071 0.6551106 0.6483958 0.6426195 0.6343817 0.6131589 0.0256269 0.0251043 0.0016822 0.0000000 0.0487271 0.0512580 0.0466151 0.9344637 0.7519796 1.1207010 0.6621109 0.8236930 0.7985005 0.7714015 0.9297247 0.7557511 0.6029364 0.9715813 0.8390184 0.7167572 0.9408795 0.8586492 0.8985427 0.8910760 1.0737802 1.1581762 1.0046344 1.0046344 1.0127018 0.9372285 0.9372285 0.9398371 0.9747721 0.9794992 0.9744390 1.0343968 0.9820536 0.9820536 1.0047324 1.0047324 1.0045558 1.0589680 1.0589680 0.8789955 1.0298721 1.0298721 1.0352027 1.0676234 0.9840419 1.0175871 1.2177466 0.8356760 0.9766117 1.3446074 1.7476501 1.7430388 1.9276116 1.6026210 1.3134350 1.9946149 1.9572378 1.6443205 1.5743571 1.4736029 1.4698427 1.8139942 1.7955200 1.7579425 1.9597578 1.9021309 1.9771723 1.6843269 2.1191142 2.4790199 1.9318828 2.3720753 2.1019727 1.8685462 2.3645591 
TrH2_TrispH2_003276-RA                                1.6649559 1.2252508 1.2823284 1.6842322 1.9238438 1.7942189 0.5547944 0.5936917 0.5284647 0.5200080 0.6200570 0.5638194 0.5689333 0.5579790 0.5413450 0.5777152 0.7469048 0.5710612 0.5667916 0.5908659 0.6280244 0.6970608 0.6769625 0.6484156 0.6477660 0.6395036 0.6283552 0.0346877 0.0345053 0.0505233 0.0487271 0.0000000 0.0035472 0.0504296 0.9429753 0.7581172 1.1188104 0.6816383 0.8105003 0.7860765 0.7548410 0.9416158 0.7630513 0.6246495 0.9848253 0.8489026 0.7238321 0.9723015 0.8498772 0.8916415 0.9101564 1.0811089 1.1677575 1.0043404 1.0043404 1.0093368 0.9607207 0.9607207 0.9553533 1.0258460 0.9825017 1.0248596 1.0893064 0.9763968 0.9763968 0.9992465 0.9992465 1.0142599 1.0940832 1.0940832 0.8876645 1.0156680 1.0156680 1.0209634 1.0530765 0.9840359 1.0249377 1.2114102 0.8155162 0.9812799 1.3578668 1.6594077 1.7067858 1.9191230 1.6516352 1.3161636 2.0511550 2.0271836 1.6566946 1.5808452 1.4835725 1.4883369 1.8096452 1.7952138 1.7799221 1.9745829 1.9101097 2.0080425 1.6761267 2.1498859 2.5493017 1.9248071 2.4515130 2.1333232 1.8313541 2.3663202 
Tadh_TriadT26650                                      1.5599776 1.2230280 1.0413215 1.6245440 1.9112533 1.7942189 0.5061988 0.5611430 0.4887972 0.5143429 0.5678562 0.5274570 0.5341687 0.5189607 0.5108067 0.5280296 0.6005844 0.5337435 0.5347969 0.5928657 0.5930305 0.6706731 0.6211064 0.6085850 0.5972838 0.6021554 0.6328784 0.0383931 0.0383861 0.0531501 0.0512580 0.0035472 0.0000000 0.0551590 0.7792672 0.7073715 1.1188104 0.6559306 0.6747409 0.7678554 0.7269490 0.9360943 0.7630513 0.6299613 0.9197055 0.7859472 0.7188298 0.7101509 0.8276897 0.8276897 0.8684464 1.0775918 1.1673987 0.9948568 0.9948568 1.0088243 0.9607207 0.9607207 0.9578119 1.0258460 0.9318819 1.0248596 1.0893064 0.9760940 0.9760940 0.9989557 0.9989557 1.0159299 1.0940832 1.0940832 0.8810692 1.0041777 1.0041777 1.0094608 1.0414284 0.9771692 1.0177794 1.2116031 0.8155162 0.9793649 1.2986286 1.6318402 1.6811434 1.8135923 1.6288109 1.2732415 1.9558330 1.9157202 1.6293121 1.5119570 1.4090188 1.4004592 1.7583806 1.6932152 1.6872549 1.9084125 1.8332920 1.9911654 1.6283892 2.0773593 2.5493017 1.8160269 2.4515130 2.0818897 1.7851031 2.3554903 
HoiH11_mRNA9742                                       1.7382197 1.2414537 1.2888712 1.7235256 2.1198877 2.0488835 0.5957593 0.6180215 0.5602286 0.5561234 0.6432653 0.5984300 0.6005825 0.5952831 0.5749233 0.6180822 0.7712345 0.6087687 0.5873730 0.6105719 0.6475484 0.7194460 0.6928418 0.6631405 0.6795937 0.6708149 0.6669055 0.0411282 0.0413883 0.0484596 0.0466151 0.0504296 0.0551590 0.0000000 0.9641213 0.7935476 1.3605695 0.6972821 0.8318321 0.8187544 0.8076264 0.9501104 0.7763994 0.6570238 1.0115771 0.8791337 0.7294106 0.9550431 0.8917392 0.9336963 0.9661278 1.0993593 1.1835078 1.0136297 1.0136297 1.0469427 0.9412184 0.9412184 0.9564604 0.9769555 1.0070100 0.9915956 1.0617561 1.0139502 1.0139502 1.0365440 1.0365440 1.0392630 1.1130684 1.1130684 0.8789955 1.0360381 1.0360381 1.0415655 1.0752469 1.0016026 1.0439658 1.2440284 0.7980924 1.0415689 1.3775725 1.7089690 1.7288172 1.8859040 1.6354691 1.3325405 2.0225435 1.9845245 1.6590853 1.6189559 1.4997249 1.4685791 1.8002706 1.7916975 1.7699147 1.9602284 1.8809808 1.9390509 1.6963837 2.1610450 2.5613019 1.9488240 2.4382515 2.1129825 1.8849144 2.5310922 
Opea_EP00118_Oscarella_pearsei_P011072                1.7414850 1.3311142 1.3315179 1.7173829 8.9999986 9.0000000 0.9060480 0.8644769 0.8867340 0.7609495 1.0313587 0.8246339 0.8630105 0.8267859 0.8539727 0.8640632 0.7169013 0.9417470 0.8265557 0.9548743 0.8570019 0.9442129 0.9786951 0.9648680 1.0307489 1.0098532 3.0952780 0.9566157 1.0392028 0.9344637 0.9344637 0.9429753 0.7792672 0.9641213 0.0000000 0.1879520 8.9999983 0.7386763 0.8643856 0.9830025 1.0005592 3.0249448 1.1680380 5.0381223 1.2115349 1.1386223 1.0242133 0.8971123 1.2696953 1.3140841 0.8999739 2.4436398 4.5234993 1.3498132 1.3498132 4.5234993 1.3430249 1.3430249 2.5015493 2.4552240 1.4527737 2.4552240 1.6963172 1.4016670 1.4016670 1.4581288 1.4581288 3.1190650 2.4552240 2.4552240 2.3837575 1.3290130 1.3290130 1.3290130 1.3290130 1.2298539 1.2985228 1.5229482 2.6997737 2.6274392 1.9405915 5.1325332 8.9999981 1.7961071 2.7139603 2.3471620 3.6211013 3.4185732 3.0260587 2.3821403 2.2365360 2.2631614 2.3080363 2.6552975 2.9643178 2.8325750 2.8996758 2.8882387 3.1266524 3.2831273 7.3671620 1.2147681 5.7146147 2.9198093 2.3882079 2.8341992 
