220
Lcom_lcpid137877                                        0.0000000 0.0542585 0.0775969 0.0845602 0.2639896 0.2639896 0.3828979 0.4767189 0.4776085 0.4776085 0.4767189 0.4673946 0.4673946 0.4592273 0.4776085 0.4776085 0.4457228 0.4475312 0.4571225 0.4571225 0.5143673 0.4760817 0.5617168 0.5564872 0.5564872 0.5415942 0.5617168 0.4907521 0.5470387 0.5487847 0.6715272 0.4520463 0.4746418 0.4872857 0.4872857 0.4872857 0.5131429 0.5131429 0.4811668 0.4777117 0.5317377 0.5317377 0.5293053 0.4204877 0.4923221 0.4931140 0.4706886 0.4647755 0.4997354 0.4562175 0.4533110 0.4533110 0.4942049 0.5093859 0.5093859 0.5657854 0.5700072 0.5952351 0.5952351 0.5602398 0.6608963 0.5940598 0.4890961 0.4890961 0.4312121 0.4257378 0.4834520 0.5009975 0.5581256 0.5786996 0.5996750 0.5213406 0.5213406 0.4911677 0.5388215 0.6940038 0.6534670 0.7068236 0.5268198 0.6864916 0.7583298 0.6150506 0.6313897 0.7053155 0.7053155 0.6977907 0.6977907 0.6523036 0.6234360 0.6729254 0.6921873 0.6404086 0.6885503 0.6391335 0.6030750 0.5624327 0.6374299 0.6208592 0.6243906 0.6306705 0.8487686 0.5924617 0.5757676 0.7739600 0.6961586 0.7054105 0.8967221 0.7748293 0.8748578 1.2691345 0.7101859 0.8266048 1.0677881 0.7383722 0.5036731 0.7041867 0.8882913 0.8529917 0.7055383 0.6696211 1.0478170 1.0406297 1.0086548 1.0457790 1.0409086 1.0939762 0.9321390 0.8577596 0.8703811 0.8754861 0.8312875 0.8486797 0.8598135 1.1595250 1.2206816 0.9638921 0.8621142 0.5183265 0.9909921 1.0156893 0.8393780 1.2550316 1.4192769 1.4593442 1.4754357 1.5561931 1.4690286 1.5695913 1.5695913 1.3970925 1.3970925 1.2017916 1.2167119 0.9884341 0.9884341 1.2927827 1.2395450 1.5189528 1.5118043 1.7299421 1.5756210 1.4048710 1.3059171 1.0943347 1.4374817 1.4212568 1.0958482 1.1394268 1.0734133 0.9741662 1.1349769 0.9844395 0.9370062 1.0885012 1.4106424 1.4620561 1.7561368 1.7753366 1.7882361 1.5933233 1.8759532 1.8885710 1.6427835 1.6427835 1.6427835 1.6012087 1.6012087 1.8700618 1.8700618 1.9049978 1.9049978 1.7385753 1.7428117 1.7428117 1.6229652 1.6229652 1.6548461 1.6548461 1.5452319 1.5452319 1.6483959 1.6483959 1.8136579 1.8355224 1.7124107 1.8380667 1.8380667 1.5319071 1.3411149 1.6789207 1.6789207 1.6552325 1.6552325 1.5571608 1.4979145 1.5828833 1.4366079 1.5920561 2.0634309 1.0450774 
Lcom_lcpid95838                                         0.0542585 0.0000000 0.0454301 0.0635818 0.1690260 0.2019907 0.3268220 0.4554850 0.4147854 0.4147854 0.4143458 0.4273680 0.4273680 0.4098959 0.4706537 0.4706537 0.4007663 0.4472886 0.4217243 0.4217243 0.4604818 0.4314957 0.4824161 0.4527677 0.4527677 0.4579919 0.4702276 0.4548288 0.5438734 0.5450851 0.5614716 0.4424911 0.4331617 0.5105288 0.4934042 0.5105288 0.5121999 0.5121999 0.5059267 0.5120738 0.4656085 0.4656085 0.4561936 0.3996317 0.4357933 0.3901222 0.3925254 0.3810210 0.4290671 0.4578502 0.4553942 0.4553942 0.4611389 0.4717769 0.4717769 0.5073563 0.5013741 0.4903032 0.4903032 0.4743692 0.5414910 0.4883515 0.4170182 0.4150223 0.4098947 0.4255032 0.4484123 0.4338371 0.4745060 0.4886245 0.5635289 0.4378835 0.4378835 0.4499855 0.4647409 0.5328303 0.5371687 0.5715590 0.4180797 0.5479046 0.6105105 0.5880316 0.5923538 0.6441531 0.6441531 0.6180133 0.6180133 0.5849607 0.5806457 0.6402293 0.6300312 0.5295674 0.5404361 0.5116097 0.5274183 0.4892036 0.5446112 0.5391560 0.5383409 0.5424306 0.6963468 0.4860100 0.5700356 0.6308064 0.5892272 0.6201547 0.8445208 0.7795519 0.7412121 0.5855398 0.6238868 0.7208853 0.7536188 0.6532230 0.5109965 0.7146418 0.7731800 0.7539601 0.6260150 0.6133830 0.9061101 0.9530125 0.8924296 0.9131666 0.9098629 0.9222460 0.8391756 0.7531310 0.7814342 0.7775049 0.7262118 0.7380331 0.7894267 0.9326527 0.8903330 0.8181941 0.7169869 0.6283352 0.8032229 0.8094475 0.7978364 1.2508730 1.2482460 1.2551024 1.2488672 1.3972381 1.2728558 1.4105692 1.4254316 1.2796126 1.2796126 1.0624687 1.0824181 1.0249823 0.8511823 1.0635954 1.0337981 1.1697180 1.6157130 1.5257071 1.2659588 1.0843021 1.0540520 0.8749271 1.1366901 1.0439800 0.9301308 0.9602006 0.9205377 0.8442952 0.9659262 0.9729694 0.9262253 1.1102181 1.2499992 1.2415565 1.5172553 1.5620448 1.6315171 1.1818730 1.8573675 1.8703573 1.2743190 1.2777223 1.2777223 1.2426582 1.2642999 1.4598835 1.4598835 1.4397006 1.4397006 1.3140756 1.2874030 1.2874030 1.2444423 1.2444423 1.2889303 1.2889303 1.2250507 1.2250507 1.2481005 1.2481005 1.5266011 1.4188983 1.4364337 1.4561316 1.4561316 1.1732497 1.0731431 1.2816958 1.2816958 1.2905282 1.2905282 1.3257613 1.1839975 1.3592138 1.3714681 1.6963527 1.9803895 1.3776554 
Gracom_Gcom_C541940_01                                  0.0775969 0.0454301 0.0000000 0.0592335 0.1671456 0.2008638 0.3294724 0.4636134 0.4211843 0.4211843 0.4207216 0.4340186 0.4340186 0.4162339 0.4793562 0.4793562 0.4068914 0.4540463 0.4481222 0.4481222 0.4881973 0.4597640 0.4994094 0.4718906 0.4718906 0.4773639 0.4902709 0.4437799 0.5308766 0.5320492 0.5794685 0.4409135 0.4520560 0.4964445 0.4795162 0.4964445 0.4983041 0.4983041 0.4918955 0.5000382 0.4574153 0.4574153 0.4353567 0.3902621 0.4301930 0.3963473 0.4011390 0.3877737 0.3950250 0.4735795 0.4710189 0.4710189 0.4765035 0.4873560 0.4873560 0.5233405 0.5169958 0.4725698 0.4725698 0.4534646 0.5573726 0.4907915 0.4271512 0.4251030 0.3855892 0.4226475 0.4589583 0.4440187 0.4936730 0.4941059 0.5473684 0.4161653 0.4161653 0.4534477 0.4510257 0.5398235 0.5409338 0.5863743 0.4508747 0.5620883 0.6256379 0.5664144 0.5706621 0.6218354 0.6218354 0.5954572 0.5954572 0.5629554 0.5592298 0.6178218 0.6365841 0.5319574 0.5476563 0.5128910 0.5211997 0.4828186 0.5414654 0.5293943 0.5308183 0.5349080 0.6995739 0.4896126 0.5917868 0.6489622 0.5780393 0.6467082 0.8236983 0.7412436 0.7134261 0.6318430 0.6157147 0.6912512 0.7495194 0.6882819 0.5612070 0.7358789 0.7057522 0.6991520 0.6274401 0.5774403 0.8953809 0.9419893 0.8557393 0.8759916 0.8727201 0.9125294 0.8268213 0.7401803 0.7691884 0.7646098 0.7207181 0.7326635 0.7824718 0.9180119 0.9031649 0.7605388 0.7026292 0.6487958 0.7964590 0.8350987 0.7863760 1.1384932 1.1467448 1.2204642 1.2144354 1.3486054 1.2283174 1.3220421 1.3337572 1.2118511 1.2118511 1.0306094 1.0531265 0.9478233 0.7834628 0.9874157 0.9932982 1.1296762 1.5130319 1.5100041 1.1686662 1.0059454 0.9791702 0.8532971 1.0873149 1.0039360 0.8979431 0.9316275 0.8340129 0.7961188 0.9315331 0.9761978 0.9535502 1.1882408 1.1522066 1.1725719 1.4639688 1.5025602 1.5631727 1.1336065 1.8308704 1.8445297 1.3520562 1.3522624 1.3522624 1.3163398 1.3397026 1.4563506 1.4563506 1.4776740 1.4776740 1.3927906 1.3839570 1.3839570 1.3266560 1.3266560 1.3645766 1.3645766 1.2963825 1.2963825 1.2608172 1.2608172 1.5827190 1.5240956 1.5206928 1.5123868 1.5123868 1.2429843 1.1154949 1.3567834 1.3567834 1.3333194 1.3333194 1.3002892 1.1325134 1.4029780 1.3360564 1.6596857 1.8956708 1.3927015 
Leuniv_Lniv_C806972_01                                  0.0845602 0.0635818 0.0592335 0.0000000 0.2015734 0.2273542 0.3020528 0.4352500 0.4086894 0.4086894 0.4084107 0.4213792 0.4213792 0.4037883 0.4494157 0.4494157 0.4143529 0.4613092 0.4552746 0.4552746 0.4951622 0.4674807 0.4974598 0.4982966 0.4982966 0.5039893 0.4736595 0.4693980 0.5447582 0.5459707 0.6172886 0.4323462 0.4524170 0.5064570 0.4894515 0.5064570 0.5084520 0.5084520 0.5018865 0.5102471 0.5026716 0.5026716 0.4432802 0.3921141 0.4201061 0.4059214 0.4007554 0.3873390 0.4378975 0.4733999 0.4706167 0.4706167 0.4763338 0.4872055 0.4872055 0.5331970 0.5408444 0.5065222 0.5065222 0.4609984 0.5569790 0.4908090 0.4257789 0.4237690 0.3928917 0.4257971 0.4621819 0.4544050 0.5071486 0.5046060 0.5543910 0.4264381 0.4264381 0.4638146 0.4610923 0.5702257 0.5189150 0.5572194 0.4263150 0.5378599 0.6630146 0.5808296 0.5781446 0.6287347 0.6287347 0.6026383 0.6026383 0.5702226 0.5614080 0.6326145 0.6508743 0.5390366 0.5473398 0.5242311 0.5462233 0.5014298 0.5599701 0.5481129 0.5497255 0.5577642 0.7185481 0.5054677 0.6019002 0.6553705 0.6392111 0.6463337 0.8696854 0.7988362 0.7294602 0.5709559 0.6673772 0.7188834 0.7824236 0.6857014 0.5243753 0.7403155 0.7952228 0.7127420 0.5882999 0.5634353 0.9122035 0.9556786 0.8515213 0.8921873 0.8889268 0.9285343 0.8510060 0.7632910 0.7669555 0.7536224 0.7038856 0.7155638 0.7578736 0.9570945 0.9483701 0.8275056 0.7809401 0.6547267 0.8745060 0.8722182 0.8367100 1.2605270 1.2364308 1.3106560 1.3041873 1.5105150 1.2875984 1.4098500 1.4246607 1.2915658 1.2915658 1.0970415 1.0502249 1.0302451 0.8558664 1.0540601 1.0201110 1.1756779 1.5904350 1.5308678 1.2661256 1.1074081 1.0660619 0.8812556 1.1793791 1.0520814 1.0086812 1.0115067 0.8803321 0.8696739 1.0174762 0.9973018 1.0130660 1.1550794 1.2553728 1.2617321 1.5918776 1.6170751 1.6160073 1.1449389 1.8400242 1.8327383 1.2981730 1.3006068 1.3006068 1.2643454 1.2864207 1.4187146 1.4187146 1.4395574 1.4395574 1.3211287 1.3533214 1.3533214 1.2853347 1.2853347 1.3167574 1.3167574 1.2475880 1.2475880 1.2712014 1.2712014 1.5563810 1.4887986 1.4639065 1.4911297 1.4911297 1.1786762 1.1186648 1.3116943 1.3116943 1.3255550 1.3255550 1.3456834 1.1957003 1.4404612 1.4003262 1.7016701 1.9195497 1.3655581 
Lcom_lcpid102924                                        0.2639896 0.1690260 0.1671456 0.2015734 0.0000000 0.0250799 0.4268581 0.5425810 0.4835475 0.4835475 0.4872270 0.5133050 0.5133050 0.4632822 0.5562510 0.5562510 0.5023159 0.5340240 0.4883267 0.4883267 0.4957721 0.4978831 0.4996809 0.5074228 0.5074228 0.5090547 0.4903437 0.4681396 0.5894423 0.5907979 0.6065210 0.5355393 0.4873633 0.5627900 0.5442905 0.5627900 0.5420746 0.5420746 0.5578282 0.5524037 0.4832544 0.4832544 0.4911559 0.4611501 0.5048790 0.4197480 0.4334910 0.4364718 0.4535139 0.5248994 0.5175246 0.5175246 0.5329741 0.5444870 0.5444870 0.5745027 0.5658130 0.5696635 0.5696635 0.4900862 0.6067881 0.5582046 0.5196674 0.5172174 0.4566721 0.4820889 0.4980379 0.4821719 0.5345638 0.5165460 0.5781157 0.5078411 0.5078411 0.5368243 0.4864074 0.5649377 0.5938271 0.5757658 0.4185772 0.5722047 0.6346101 0.6266390 0.6310829 0.6492397 0.6492397 0.6027336 0.6027336 0.6122539 0.6370497 0.6220463 0.6363846 0.5386858 0.5243436 0.5091598 0.5441947 0.5402568 0.5678986 0.5449882 0.5814843 0.5737879 0.7676980 0.5357008 0.6526597 0.7294243 0.7018323 0.7100999 0.8782292 0.8708599 0.7849298 0.5795484 0.6945421 0.6996687 0.7621958 0.7053192 0.6272561 0.7232513 0.8509938 0.7489260 0.7148054 0.6511846 0.9217200 0.9516220 0.8713510 0.9324304 0.9290655 0.9307135 0.9184495 0.8193524 0.8503980 0.8540317 0.7620074 0.7488552 0.7493092 0.9128138 0.9282833 0.7881826 0.7843365 0.6838297 0.8812927 0.8786520 0.8643264 1.3768909 1.3092576 1.3286066 1.3219633 1.5001753 1.3309939 1.4528160 1.4692268 1.3508721 1.3508721 1.0542213 1.1644907 1.1334021 0.9497675 1.0512996 1.1008060 1.2726710 1.6499042 1.5759057 1.1963196 0.9615942 1.0317812 0.9250464 1.1820860 1.0569400 1.0664018 1.0666735 0.9872713 0.9361417 0.9719778 0.9463031 0.9094636 1.1706227 1.2354664 1.1719829 1.5166924 1.5995452 1.5862068 1.2387263 1.6441830 1.6628707 1.2527228 1.2569195 1.2569195 1.2407199 1.2618753 1.4287130 1.4287130 1.4089533 1.4089533 1.3055651 1.3152061 1.3152061 1.2048436 1.2048436 1.2256876 1.2256876 1.2082034 1.2082034 1.1839812 1.1839812 1.4011933 1.3250494 1.3156027 1.3020071 1.3020071 1.1404269 1.1185309 1.1975030 1.1975030 1.2932314 1.2932314 1.3115325 1.1801905 1.3291840 1.4006386 1.7879920 2.0762513 1.3350793 
Lcom_lcpid102923                                        0.2639896 0.2019907 0.2008638 0.2273542 0.0250799 0.0000000 0.4314874 0.5425810 0.4930538 0.4930538 0.4967611 0.5231098 0.5231098 0.4727133 0.5562510 0.5562510 0.5079725 0.5236233 0.4781193 0.4781193 0.4992880 0.5167660 0.5190765 0.5270561 0.5270561 0.5289055 0.4903437 0.4871264 0.6103994 0.6118259 0.6283758 0.5355393 0.4939567 0.5855743 0.5665639 0.5855743 0.5642709 0.5642709 0.5804877 0.5750163 0.5051609 0.5051609 0.5102468 0.4845360 0.5248490 0.4405210 0.4531509 0.4564098 0.4739852 0.5415455 0.5338864 0.5338864 0.5395083 0.5511421 0.5511421 0.5963841 0.5845312 0.5915303 0.5915303 0.5086032 0.6287157 0.5782654 0.5383333 0.5357857 0.4739539 0.4920944 0.5085253 0.4922411 0.5535407 0.5395665 0.5983881 0.5264241 0.5264241 0.5563367 0.5086572 0.5863328 0.6149463 0.5964596 0.4374389 0.5894953 0.6546269 0.6472442 0.6517856 0.6686039 0.6686039 0.6263153 0.6263153 0.6329575 0.6577925 0.6428616 0.6576191 0.5573423 0.5411664 0.5272007 0.5611631 0.5570455 0.5852752 0.5621562 0.5993365 0.5914078 0.7558359 0.5503907 0.6689893 0.7173478 0.6898623 0.6982541 0.8646594 0.8572658 0.8116833 0.6217298 0.7151210 0.7236327 0.7950467 0.7237582 0.6433285 0.7341835 0.8790731 0.7656233 0.6991725 0.6527684 0.9190471 0.9489043 0.8686729 0.9620632 0.9586311 0.9600618 0.9482390 0.8458769 0.8779693 0.8815820 0.7873232 0.7738583 0.7741606 0.9427214 0.9498044 0.7847966 0.8256116 0.6838297 0.9026301 0.9185991 0.9100747 1.3768909 1.3370808 1.3004156 1.2939529 1.5001753 1.3309939 1.4945361 1.4985199 1.3892810 1.3892810 1.0716804 1.1644907 1.1190209 0.9729848 1.0767569 1.1359749 1.3027559 1.6499042 1.6100464 1.1738398 0.9717254 1.0296209 0.9508804 1.2214509 1.0701453 1.0702720 1.0705228 0.9906252 0.9392686 0.9713688 0.9701801 0.9094636 1.1750114 1.2691637 1.2092207 1.5649391 1.6145928 1.6365651 1.2659183 1.6441830 1.6628707 1.2639907 1.2733486 1.2733486 1.2573654 1.2789621 1.4479387 1.4479387 1.4279422 1.4279422 1.3228764 1.3327059 1.3327059 1.2208448 1.2208448 1.2424021 1.2424021 1.2242039 1.2242039 1.1999237 1.1999237 1.4206799 1.3425065 1.3332368 1.3081704 1.3081704 1.1553469 1.1332683 1.2133340 1.2133340 1.2993794 1.2993794 1.3391869 1.1915924 1.3180466 1.4246683 1.7802516 2.1274596 1.3494221 
Clacor_Ccor_scaffold4737_01                             0.3828979 0.3268220 0.3294724 0.3020528 0.4268581 0.4314874 0.0000000 0.4202535 0.3572998 0.3572998 0.3500950 0.3838468 0.3838468 0.3566879 0.4305900 0.4305900 0.3999115 0.3837128 0.4253445 0.4253445 0.4351559 0.4785654 0.4857239 0.4534551 0.4534551 0.4753682 0.4929008 0.4365088 0.5264488 0.5311634 0.5729852 0.3965385 0.3821445 0.4779780 0.4617772 0.4779780 0.4502127 0.4502127 0.4779758 0.4527369 0.4318604 0.4318604 0.4135680 0.3562123 0.3962493 0.3713506 0.3594033 0.3370934 0.3787148 0.3883036 0.3978127 0.3978127 0.3876736 0.3979200 0.3979200 0.4770119 0.4994769 0.4599567 0.4599567 0.4092781 0.5009777 0.4849129 0.4342891 0.4413920 0.3682318 0.3576333 0.3658234 0.3661589 0.4238862 0.4441369 0.4776549 0.4176471 0.4176471 0.3630080 0.3663150 0.4733917 0.4794466 0.5505315 0.4024174 0.5153320 0.6183224 0.5276893 0.5347286 0.5579521 0.5579521 0.5785647 0.5785647 0.5694776 0.5608983 0.5789095 0.6158896 0.5220400 0.5318354 0.5068376 0.5052483 0.4568223 0.5284771 0.5172753 0.5347431 0.5672385 0.6355950 0.4713886 0.5640395 0.6215800 0.6617833 0.6416337 0.8197359 0.7512549 0.8009269 0.5386635 0.6701004 0.7472390 0.6480832 0.6253637 0.6165655 0.6313940 0.7487428 0.6274827 0.5939103 0.5741416 0.9036721 0.9196358 0.7744259 0.8192903 0.8161337 0.8646710 0.7827169 0.6985940 0.7116717 0.7104702 0.7484803 0.7606724 0.7217582 0.9378595 0.8741565 0.8655257 0.7339784 0.6012797 0.8476471 0.8294567 0.8536163 1.2593460 1.1828488 1.3045538 1.2980263 1.5161435 1.2057863 1.4482780 1.4794114 1.3739871 1.3739871 1.1438766 1.3033540 1.0104193 0.8604731 1.1262641 1.0562406 1.1424528 1.3497707 1.5056000 1.3148671 1.0067194 1.1189262 1.1022867 1.2784189 0.8749335 0.8926136 0.8980272 0.8291126 0.8065323 0.9114880 0.8992108 0.8744467 1.1637838 1.1855433 1.2585111 1.7314122 1.7562003 1.6845280 1.2222434 1.9469494 1.9357667 1.3682723 1.3808857 1.3808857 1.3136968 1.3366936 1.3844094 1.3844094 1.4048635 1.4048635 1.3939729 1.3096063 1.3096063 1.3334543 1.3334543 1.3785512 1.3785512 1.2567211 1.2567211 1.2823921 1.2823921 1.4553683 1.5616607 1.4507482 1.4707970 1.4707970 1.2850876 1.3662808 1.4182900 1.4182900 1.4215843 1.4215843 1.3709521 1.2453224 1.4390618 1.4980490 1.6766513 2.1327806 1.1860381 
Vmul_sbMO427901                                         0.4767189 0.4554850 0.4636134 0.4352500 0.5425810 0.5425810 0.4202535 0.0000000 0.0582932 0.0582932 0.0434343 0.0749443 0.0749443 0.0886160 0.0575260 0.0575260 0.1442380 0.1615052 0.1479318 0.1479318 0.1456353 0.1825624 0.2880052 0.2285686 0.2285686 0.2398501 0.2389812 0.2221368 0.2325436 0.2337061 0.3884938 0.4808437 0.5561929 0.4425300 0.4425300 0.4425300 0.4633219 0.4633219 0.4425387 0.4532762 0.4629072 0.4629072 0.4581206 0.4102436 0.4770057 0.4577797 0.4922542 0.4434924 0.4980579 0.4685584 0.4801249 0.4801249 0.4934825 0.4853962 0.4853962 0.5844567 0.5843234 0.5708475 0.5708475 0.4335378 0.4736685 0.4769610 0.4989758 0.4989758 0.4142351 0.3629473 0.3692897 0.3564200 0.4273616 0.4360205 0.4460605 0.4499957 0.4499957 0.4162612 0.4358212 0.5197513 0.5038336 0.7132235 0.5229189 0.6689874 0.6469458 0.4784347 0.4825725 0.5807247 0.5807247 0.5740059 0.5740059 0.5494723 0.5392238 0.5486818 0.5992387 0.4967811 0.4768183 0.4784441 0.6698360 0.6071183 0.6800562 0.6539399 0.6373676 0.6531796 0.5244569 0.4461420 0.6571908 0.6761727 0.6753948 0.6496936 0.9574229 0.9148488 0.8399083 0.7545828 0.5413006 0.7233787 0.6730770 0.8108694 0.6490070 0.7111129 0.7436522 0.6725391 0.6703544 0.5783869 0.9173447 0.8673983 0.8450216 0.8372986 0.8337413 0.8994932 0.7897138 0.7502166 0.7174713 0.7337493 0.7065696 0.7196920 0.7007796 0.8706537 1.0488071 0.7562863 0.8107704 0.5762759 1.0157532 0.9797213 0.8116177 1.2506055 1.1192293 1.3320164 1.3444904 1.5250752 1.1936773 1.3746566 1.4160001 1.1826289 1.1826289 1.1906909 1.1480975 1.0448428 0.9261598 1.0959626 1.0594690 1.2841690 1.2993294 1.4629846 1.2538728 1.0749091 1.1249074 1.1451809 1.2162969 1.0474224 1.0802168 1.0854478 0.9268085 0.9655650 0.9341666 1.0519624 1.0154104 1.1634347 1.2421882 1.1742178 1.7082388 1.8357614 1.7649679 1.5011177 1.8784617 1.8696751 1.2406981 1.2406981 1.2406981 1.1894951 1.1894951 1.3796915 1.3796915 1.4017874 1.4017874 1.3528988 1.3209027 1.3209027 1.3098944 1.3098944 1.3584603 1.3584603 1.2935095 1.2935095 1.2964759 1.2964759 1.3982951 1.3828084 1.3620158 1.3999286 1.3999286 1.3010989 1.2764793 1.4019078 1.4019078 1.3215794 1.3215794 1.4213582 1.4010059 1.5481673 1.6148262 1.5538304 2.0246473 1.0090774 
Bolinf_Binf_sb1218388                                   0.4776085 0.4147854 0.4211843 0.4086894 0.4835475 0.4930538 0.3572998 0.0582932 0.0000000 0.0000010 0.0123214 0.0510751 0.0510751 0.0436936 0.0367892 0.0367892 0.0892061 0.1565750 0.1221500 0.1221500 0.1185221 0.1719439 0.2498415 0.2148809 0.2148809 0.2188748 0.2307664 0.2265106 0.2172990 0.2182693 0.3767989 0.4813443 0.4592987 0.3691707 0.3552784 0.3691707 0.3725152 0.3725152 0.3691939 0.3796258 0.3498047 0.3498047 0.3742359 0.3713506 0.4378422 0.4235219 0.4757306 0.4339992 0.5001067 0.4575481 0.4469469 0.4469469 0.4709834 0.4640845 0.4640845 0.5260313 0.5345813 0.5195094 0.5195094 0.4116900 0.4207038 0.4197671 0.4495115 0.4513903 0.3581172 0.3571726 0.3574469 0.3404856 0.4012074 0.4010322 0.4033296 0.3828280 0.3828280 0.3834578 0.3384449 0.4801827 0.4454615 0.5857552 0.4190354 0.5648854 0.5412219 0.4465503 0.4500540 0.5084368 0.5084368 0.4764918 0.4764918 0.4647137 0.4786090 0.5162858 0.5381051 0.4059560 0.3945771 0.3927432 0.6066188 0.5537107 0.6235528 0.6020428 0.5871555 0.6002743 0.4596284 0.3847154 0.5256295 0.5981683 0.6103745 0.5888121 0.7996969 0.7750453 0.7801881 0.5509337 0.5101268 0.6281135 0.5884138 0.6694325 0.5282675 0.6710920 0.6965352 0.6318284 0.6190235 0.5806709 0.8137718 0.7975890 0.7334222 0.7143108 0.7113894 0.7659029 0.7173417 0.6753709 0.6560637 0.6432326 0.6312787 0.6424822 0.6382268 0.7783195 0.8536809 0.7063562 0.6711617 0.5268024 0.8938320 0.8415788 0.7663570 1.2762413 1.0432090 1.3618448 1.3550954 1.5517382 1.2141384 1.3112075 1.3294110 1.1468898 1.1468898 0.9896356 1.1558309 0.9593679 0.8050744 1.0072777 0.9533782 1.1154874 1.2716294 1.5090090 1.2469100 0.9392615 1.0716390 0.9943256 1.0879891 0.9171025 0.9274748 0.9025484 0.7480882 0.7892563 0.8375678 0.9693108 0.9964226 0.9758537 1.1002736 1.0259337 1.5062568 1.5178700 1.6097072 1.2343870 1.7509238 1.7465768 1.1585458 1.1950132 1.1950132 1.1480476 1.1672677 1.2932440 1.2932440 1.3125359 1.3125359 1.2711770 1.2434973 1.2434973 1.2340293 1.2340293 1.2523907 1.2523907 1.2193372 1.2193372 1.1865059 1.1865059 1.3381679 1.3220655 1.3530498 1.3197549 1.3197549 1.2036885 1.2135937 1.2850357 1.2850357 1.2165914 1.2165914 1.3200038 1.0654885 1.4624875 1.5965366 1.7590129 2.0524553 1.1877064 
Bolinf_Binf_sb1218390                                   0.4776085 0.4147854 0.4211843 0.4086894 0.4835475 0.4930538 0.3572998 0.0582932 0.0000010 0.0000000 0.0123214 0.0510751 0.0510751 0.0436936 0.0367892 0.0367892 0.0892061 0.1565750 0.1221500 0.1221500 0.1185221 0.1719439 0.2498415 0.2148809 0.2148809 0.2188748 0.2307664 0.2265106 0.2172990 0.2182693 0.3767989 0.4813443 0.4592987 0.3691707 0.3552784 0.3691707 0.3725152 0.3725152 0.3691939 0.3796258 0.3498047 0.3498047 0.3742359 0.3713506 0.4378422 0.4235219 0.4757306 0.4339992 0.5001067 0.4575481 0.4469469 0.4469469 0.4709834 0.4640845 0.4640845 0.5260313 0.5345813 0.5195094 0.5195094 0.4116900 0.4207038 0.4197671 0.4495115 0.4513903 0.3581172 0.3571726 0.3574469 0.3404856 0.4012074 0.4010322 0.4033296 0.3828280 0.3828280 0.3834578 0.3384449 0.4801827 0.4454615 0.5857552 0.4190354 0.5648854 0.5412219 0.4465503 0.4500540 0.5084368 0.5084368 0.4764918 0.4764918 0.4647137 0.4786090 0.5162858 0.5381051 0.4059560 0.3945771 0.3927432 0.6066188 0.5537107 0.6235528 0.6020428 0.5871555 0.6002743 0.4596284 0.3847154 0.5256295 0.5981683 0.6103745 0.5888121 0.7996969 0.7750453 0.7801881 0.5509337 0.5101268 0.6281135 0.5884138 0.6694325 0.5282675 0.6710920 0.6965352 0.6318284 0.6190235 0.5806709 0.8137718 0.7975890 0.7334222 0.7143108 0.7113894 0.7659029 0.7173417 0.6753709 0.6560637 0.6432326 0.6312787 0.6424822 0.6382268 0.7783195 0.8536809 0.7063562 0.6711617 0.5268024 0.8938320 0.8415788 0.7663570 1.2762413 1.0432090 1.3618448 1.3550954 1.5517382 1.2141384 1.3112075 1.3294110 1.1468898 1.1468898 0.9896356 1.1558309 0.9593679 0.8050744 1.0072777 0.9533782 1.1154874 1.2716294 1.5090090 1.2469100 0.9392615 1.0716390 0.9943256 1.0879891 0.9171025 0.9274748 0.9025484 0.7480882 0.7892563 0.8375678 0.9693108 0.9964226 0.9758537 1.1002736 1.0259337 1.5062568 1.5178700 1.6097072 1.2343870 1.7509238 1.7465768 1.1585458 1.1950132 1.1950132 1.1480476 1.1672677 1.2932440 1.2932440 1.3125359 1.3125359 1.2711770 1.2434973 1.2434973 1.2340293 1.2340293 1.2523907 1.2523907 1.2193372 1.2193372 1.1865059 1.1865059 1.3381679 1.3220655 1.3530498 1.3197549 1.3197549 1.2036885 1.2135937 1.2850357 1.2850357 1.2165914 1.2165914 1.3200038 1.0654885 1.4624875 1.5965366 1.7590129 2.0524553 1.1877064 
Mlei_ML1304.g1.i1                                       0.4767189 0.4143458 0.4207216 0.4084107 0.4872270 0.4967611 0.3500950 0.0434343 0.0123214 0.0123214 0.0000000 0.0380974 0.0380974 0.0437254 0.0519509 0.0519509 0.1035570 0.1415024 0.1222351 0.1222351 0.1186018 0.1634455 0.2568382 0.2058609 0.2058609 0.2258999 0.2389812 0.2102304 0.2243101 0.2253095 0.3771332 0.4808437 0.4589381 0.3765805 0.3626128 0.3765805 0.3798208 0.3798208 0.3766022 0.3869902 0.3571261 0.3571261 0.3628703 0.3596492 0.4252946 0.4107125 0.4626931 0.4217950 0.4866782 0.4447012 0.4544943 0.4544943 0.4579298 0.4512083 0.4512083 0.5120328 0.5245724 0.5052118 0.5052118 0.3995238 0.4310943 0.4273590 0.4369402 0.4387698 0.3655517 0.3458514 0.3461047 0.3294102 0.3914829 0.3891304 0.4131018 0.3926128 0.3926128 0.3740045 0.3479618 0.4667724 0.4556628 0.5934993 0.4060835 0.5505162 0.5488532 0.4338118 0.4372367 0.5158874 0.5158874 0.4841905 0.4841905 0.4723509 0.4861172 0.5024797 0.5458136 0.4134794 0.4019424 0.4002072 0.5914478 0.5392355 0.6081542 0.5870986 0.5721374 0.5850099 0.4378795 0.3727219 0.5251757 0.5833097 0.5950408 0.5738675 0.8039920 0.7731645 0.7843699 0.5497704 0.4961562 0.6322806 0.5734730 0.6777898 0.5361639 0.6467091 0.6976623 0.6271019 0.6270291 0.5837955 0.8178776 0.8055031 0.7412795 0.7220327 0.7191108 0.7735773 0.7001964 0.6591211 0.6400175 0.6510706 0.6305427 0.6417220 0.6374770 0.7865068 0.8450469 0.7144213 0.6753348 0.5082655 0.8822120 0.8344210 0.7794892 1.2506055 1.0272323 1.3426603 1.3360083 1.5250752 1.1936773 1.2927558 1.3103006 1.1302840 1.1302840 1.0056484 1.1480975 0.9440463 0.7909273 1.0237148 0.9477418 1.0986400 1.2993294 1.5079159 1.2200063 0.9174453 1.0475732 1.0031840 1.0845580 0.8912071 0.9065195 0.9110505 0.7563449 0.7975370 0.8185961 0.9777796 0.9807405 0.9842697 1.0768290 1.0183173 1.5101148 1.5282048 1.5745972 1.2475399 1.8028405 1.7967817 1.1411085 1.1779609 1.1779609 1.1309016 1.1497883 1.2747829 1.2747829 1.2939147 1.2939147 1.2532045 1.2258404 1.2258404 1.2164713 1.2164713 1.2570556 1.2570556 1.2018453 1.2018453 1.2047137 1.2047137 1.3187860 1.3411894 1.3341872 1.3000065 1.3000065 1.2098726 1.2123912 1.2984013 1.2984013 1.2304185 1.2304185 1.3188402 1.0515556 1.4663468 1.5758054 1.7162246 2.0819698 1.1830928 
Bolinf_Binf_sb1224623                                   0.4673946 0.4273680 0.4340186 0.4213792 0.5133050 0.5231098 0.3838468 0.0749443 0.0510751 0.0510751 0.0380974 0.0000000 0.0000010 0.0575582 0.0845885 0.0845885 0.1077636 0.1309353 0.1082076 0.1082076 0.1004814 0.1534040 0.2372650 0.1961287 0.1961287 0.2093672 0.2249127 0.2137322 0.2199703 0.2192696 0.3947921 0.4677936 0.4687028 0.3590480 0.3453529 0.3590480 0.3625123 0.3625123 0.3590728 0.3694930 0.3920311 0.3920311 0.3773414 0.3619177 0.4322998 0.4224723 0.4628021 0.4386309 0.4870837 0.4463373 0.4561535 0.4561535 0.4706689 0.4637938 0.4637938 0.5036368 0.5304535 0.5168651 0.5168651 0.4284511 0.4491055 0.4456369 0.4708530 0.4728161 0.3735395 0.3555608 0.3529809 0.3647280 0.4110168 0.4068592 0.4442862 0.4169468 0.4169468 0.3748214 0.3926471 0.4923014 0.4655021 0.6397239 0.4349958 0.5752230 0.5338785 0.4428509 0.4463592 0.5261201 0.5261201 0.4935068 0.4935068 0.4814049 0.4959360 0.5128093 0.5568997 0.4263723 0.4068319 0.4099852 0.6339006 0.5680426 0.6311010 0.6187049 0.5945842 0.6210854 0.4220423 0.3887110 0.5330875 0.6169650 0.5927033 0.5714377 0.7994670 0.7684489 0.7952471 0.5771923 0.5350937 0.6307001 0.6061054 0.6730788 0.5507072 0.6520565 0.7268711 0.6663546 0.6192169 0.5888048 0.8279171 0.8272754 0.7759851 0.7557571 0.7527768 0.7943290 0.7469196 0.7034774 0.6842119 0.6952848 0.6542792 0.6656404 0.6532055 0.7940644 0.8585275 0.7398187 0.6914075 0.5058545 0.8965045 0.8647404 0.7815090 1.2993978 1.0735342 1.3666193 1.3598335 1.5516202 1.2472573 1.3271057 1.3377657 1.1616798 1.1616798 1.0502891 1.1822790 0.9707000 0.8139786 1.0747874 1.0058185 1.1573730 1.3750300 1.5850593 1.2093257 0.9481532 1.0301750 1.0033391 1.1207539 0.9428272 0.9268537 0.9314171 0.7738824 0.8157585 0.8087475 0.9867237 1.0257968 0.9948680 1.1349871 1.0668622 1.5636081 1.5705579 1.6173295 1.2546550 1.7774437 1.7722201 1.1605089 1.1970597 1.1970597 1.1499404 1.1692674 1.3262587 1.3262587 1.3459020 1.3459020 1.2735943 1.2749060 1.2749060 1.2498860 1.2498860 1.3154262 1.3154262 1.2404471 1.2404471 1.2384898 1.2384898 1.3729246 1.3625666 1.3558590 1.3774297 1.3774297 1.2234622 1.1939627 1.3191575 1.3191575 1.2836943 1.2836943 1.3191369 1.0872435 1.5143809 1.5515204 1.6665527 2.0768356 1.1856721 
Bolinf_Binf_sb1224624                                   0.4673946 0.4273680 0.4340186 0.4213792 0.5133050 0.5231098 0.3838468 0.0749443 0.0510751 0.0510751 0.0380974 0.0000010 0.0000000 0.0575582 0.0845885 0.0845885 0.1077636 0.1309353 0.1082076 0.1082076 0.1004814 0.1534040 0.2372650 0.1961287 0.1961287 0.2093672 0.2249127 0.2137322 0.2199703 0.2192696 0.3947921 0.4677936 0.4687028 0.3590480 0.3453529 0.3590480 0.3625123 0.3625123 0.3590728 0.3694930 0.3920311 0.3920311 0.3773414 0.3619177 0.4322998 0.4224723 0.4628021 0.4386309 0.4870837 0.4463373 0.4561535 0.4561535 0.4706689 0.4637938 0.4637938 0.5036368 0.5304535 0.5168651 0.5168651 0.4284511 0.4491055 0.4456369 0.4708530 0.4728161 0.3735395 0.3555608 0.3529809 0.3647280 0.4110168 0.4068592 0.4442862 0.4169468 0.4169468 0.3748214 0.3926471 0.4923014 0.4655021 0.6397239 0.4349958 0.5752230 0.5338785 0.4428509 0.4463592 0.5261201 0.5261201 0.4935068 0.4935068 0.4814049 0.4959360 0.5128093 0.5568997 0.4263723 0.4068319 0.4099852 0.6339006 0.5680426 0.6311010 0.6187049 0.5945842 0.6210854 0.4220423 0.3887110 0.5330875 0.6169650 0.5927033 0.5714377 0.7994670 0.7684489 0.7952471 0.5771923 0.5350937 0.6307001 0.6061054 0.6730788 0.5507072 0.6520565 0.7268711 0.6663546 0.6192169 0.5888048 0.8279171 0.8272754 0.7759851 0.7557571 0.7527768 0.7943290 0.7469196 0.7034774 0.6842119 0.6952848 0.6542792 0.6656404 0.6532055 0.7940644 0.8585275 0.7398187 0.6914075 0.5058545 0.8965045 0.8647404 0.7815090 1.2993978 1.0735342 1.3666193 1.3598335 1.5516202 1.2472573 1.3271057 1.3377657 1.1616798 1.1616798 1.0502891 1.1822790 0.9707000 0.8139786 1.0747874 1.0058185 1.1573730 1.3750300 1.5850593 1.2093257 0.9481532 1.0301750 1.0033391 1.1207539 0.9428272 0.9268537 0.9314171 0.7738824 0.8157585 0.8087475 0.9867237 1.0257968 0.9948680 1.1349871 1.0668622 1.5636081 1.5705579 1.6173295 1.2546550 1.7774437 1.7722201 1.1605089 1.1970597 1.1970597 1.1499404 1.1692674 1.3262587 1.3262587 1.3459020 1.3459020 1.2735943 1.2749060 1.2749060 1.2498860 1.2498860 1.3154262 1.3154262 1.2404471 1.2404471 1.2384898 1.2384898 1.3729246 1.3625666 1.3558590 1.3774297 1.3774297 1.2234622 1.1939627 1.3191575 1.3191575 1.2836943 1.2836943 1.3191369 1.0872435 1.5143809 1.5515204 1.6665527 2.0768356 1.1856721 
Beraby_Baby_sb325738                                    0.4592273 0.4098959 0.4162339 0.4037883 0.4632822 0.4727133 0.3566879 0.0886160 0.0436936 0.0436936 0.0437254 0.0575582 0.0575582 0.0000000 0.0827129 0.0827129 0.0967648 0.1429479 0.1225963 0.1225963 0.1280744 0.1410702 0.2299820 0.2276962 0.2276962 0.2156536 0.2071738 0.2148886 0.2338007 0.2326334 0.4034816 0.4399342 0.4395516 0.3549219 0.3414199 0.3549219 0.3584061 0.3584061 0.3549471 0.3652763 0.3666128 0.3666128 0.3722577 0.3977478 0.4516676 0.4314641 0.4915432 0.4489563 0.5163002 0.4505699 0.4401236 0.4401236 0.4849675 0.4779565 0.4779565 0.5294994 0.5384634 0.4833377 0.4833377 0.4029801 0.3967535 0.3983082 0.4445917 0.4464574 0.3197394 0.3661582 0.3561726 0.3493901 0.4100975 0.4022855 0.4071171 0.3836395 0.3836395 0.3652922 0.3451913 0.4497770 0.4463625 0.6016235 0.4409498 0.5749261 0.5211058 0.4300659 0.4334907 0.4850033 0.4850033 0.4594162 0.4594162 0.4299346 0.4553083 0.5019292 0.5016771 0.4077659 0.4003940 0.3774602 0.6175870 0.5869754 0.6214197 0.6091512 0.5850857 0.6113359 0.4418892 0.3888531 0.5180015 0.6241693 0.5983890 0.5929104 0.7584816 0.7418966 0.7630917 0.5604064 0.4980113 0.5978660 0.6005065 0.6463495 0.5430762 0.6319537 0.6808008 0.6112443 0.5911714 0.5798462 0.7985082 0.7822562 0.7188220 0.7001426 0.6972503 0.7513335 0.7400901 0.6970215 0.6778874 0.6648596 0.6174230 0.6285174 0.6598187 0.7925128 0.8674452 0.6925123 0.6839112 0.5115562 0.8699362 0.8494267 0.7503493 1.3484250 1.0694689 1.3483822 1.3416893 1.5335368 1.2514502 1.3467075 1.3661757 1.1948136 1.1948136 1.0169211 1.2021137 0.9965965 0.8391966 1.0348180 0.9538987 1.1311235 1.3441248 1.5848610 1.2094269 0.9190703 1.0161951 0.9767084 1.0830812 0.9554541 0.9332879 0.9084071 0.7342462 0.7867377 0.8525388 0.9428643 0.9725558 0.9772479 1.1121552 1.0669895 1.5009011 1.5252672 1.5725062 1.2386145 1.7514042 1.7470641 1.1655642 1.2018078 1.2018078 1.1549673 1.1742881 1.3204009 1.3204009 1.3398740 1.3398740 1.2976734 1.2695985 1.2695985 1.2473565 1.2473565 1.2660858 1.2660858 1.2471824 1.2471824 1.2055946 1.2055946 1.3586059 1.3600073 1.3728723 1.3517820 1.3517820 1.2103618 1.1996871 1.3137749 1.3137749 1.2345439 1.2345439 1.3701710 1.0386692 1.4507463 1.5397663 1.6998945 2.0569519 1.1645667 
Mertsp_Mesp_sb557809                                    0.4776085 0.4706537 0.4793562 0.4494157 0.5562510 0.5562510 0.4305900 0.0575260 0.0367892 0.0367892 0.0519509 0.0845885 0.0845885 0.0827129 0.0000000 0.0000010 0.1219214 0.1743304 0.1428557 0.1428557 0.1406733 0.1882354 0.2779600 0.2360675 0.2360675 0.2286612 0.2440449 0.2376508 0.2213143 0.2224505 0.3889821 0.4813443 0.5633311 0.4363469 0.4363469 0.4363469 0.4578419 0.4578419 0.4363577 0.4474898 0.4574317 0.4574317 0.4762092 0.4373479 0.5048993 0.4843833 0.5213944 0.4691817 0.5274408 0.4957871 0.4835662 0.4835662 0.5223290 0.5135688 0.5135688 0.6196332 0.6142737 0.5958125 0.5958125 0.4504414 0.4649017 0.4718510 0.5192545 0.5192545 0.4072238 0.3765663 0.3832502 0.3697356 0.4411270 0.4530151 0.4370922 0.4408971 0.4408971 0.4293136 0.4262739 0.5415926 0.4961996 0.7169339 0.5475767 0.6987276 0.6479809 0.4978401 0.5022330 0.5792820 0.5792820 0.5722727 0.5722727 0.5468689 0.5363043 0.5716926 0.5984541 0.4924088 0.4718482 0.4734628 0.7001833 0.6340331 0.7109828 0.6830409 0.6660833 0.6829606 0.5580691 0.4639874 0.6690358 0.7062182 0.7058833 0.6784884 0.9769388 0.9407704 0.8536542 0.7958733 0.5644758 0.7319983 0.7086988 0.8295967 0.6501295 0.7629337 0.7566565 0.7001201 0.6716226 0.5775291 0.9344304 0.8760979 0.8544744 0.8462602 0.8425498 0.9111335 0.8275929 0.7853186 0.7504299 0.7382775 0.7202171 0.7339086 0.7141703 0.8815736 1.0888405 0.7557885 0.8234178 0.5609636 1.0566131 1.0135248 0.7957380 1.2762413 1.1921668 1.4905884 1.5041942 1.5517382 1.2141384 1.4076343 1.4610773 1.2071378 1.2071378 1.1562693 1.1558309 1.0363146 0.9545853 1.1490603 1.0813744 1.3359752 1.2716294 1.5282947 1.3269915 1.1228716 1.1997103 1.1445773 1.2734680 1.1023017 1.1054470 1.0739035 0.9122058 0.9517061 0.9364426 1.0183426 1.0319826 1.1121481 1.3151113 1.2213374 1.7517300 1.8775900 1.9205133 1.5429548 1.8235487 1.8166628 1.2816374 1.2816374 1.2816374 1.2295835 1.2295835 1.3938152 1.3938152 1.4165209 1.4165209 1.3660518 1.3331589 1.3331589 1.3218182 1.3218182 1.3453474 1.3453474 1.3050872 1.3050872 1.2364940 1.2364940 1.4000426 1.3421189 1.3630554 1.4316595 1.4316595 1.2854290 1.3000548 1.3487179 1.3487179 1.3136485 1.3136485 1.4158835 1.4316370 1.6307338 1.6929665 1.5801020 1.9192653 0.9165345 
Mertsp_Mesp_sb557810                                    0.4776085 0.4706537 0.4793562 0.4494157 0.5562510 0.5562510 0.4305900 0.0575260 0.0367892 0.0367892 0.0519509 0.0845885 0.0845885 0.0827129 0.0000010 0.0000000 0.1219214 0.1743304 0.1428557 0.1428557 0.1406733 0.1882354 0.2779600 0.2360675 0.2360675 0.2286612 0.2440449 0.2376508 0.2213143 0.2224505 0.3889821 0.4813443 0.5633311 0.4363469 0.4363469 0.4363469 0.4578419 0.4578419 0.4363577 0.4474898 0.4574317 0.4574317 0.4762092 0.4373479 0.5048993 0.4843833 0.5213944 0.4691817 0.5274408 0.4957871 0.4835662 0.4835662 0.5223290 0.5135688 0.5135688 0.6196332 0.6142737 0.5958125 0.5958125 0.4504414 0.4649017 0.4718510 0.5192545 0.5192545 0.4072238 0.3765663 0.3832502 0.3697356 0.4411270 0.4530151 0.4370922 0.4408971 0.4408971 0.4293136 0.4262739 0.5415926 0.4961996 0.7169339 0.5475767 0.6987276 0.6479809 0.4978401 0.5022330 0.5792820 0.5792820 0.5722727 0.5722727 0.5468689 0.5363043 0.5716926 0.5984541 0.4924088 0.4718482 0.4734628 0.7001833 0.6340331 0.7109828 0.6830409 0.6660833 0.6829606 0.5580691 0.4639874 0.6690358 0.7062182 0.7058833 0.6784884 0.9769388 0.9407704 0.8536542 0.7958733 0.5644758 0.7319983 0.7086988 0.8295967 0.6501295 0.7629337 0.7566565 0.7001201 0.6716226 0.5775291 0.9344304 0.8760979 0.8544744 0.8462602 0.8425498 0.9111335 0.8275929 0.7853186 0.7504299 0.7382775 0.7202171 0.7339086 0.7141703 0.8815736 1.0888405 0.7557885 0.8234178 0.5609636 1.0566131 1.0135248 0.7957380 1.2762413 1.1921668 1.4905884 1.5041942 1.5517382 1.2141384 1.4076343 1.4610773 1.2071378 1.2071378 1.1562693 1.1558309 1.0363146 0.9545853 1.1490603 1.0813744 1.3359752 1.2716294 1.5282947 1.3269915 1.1228716 1.1997103 1.1445773 1.2734680 1.1023017 1.1054470 1.0739035 0.9122058 0.9517061 0.9364426 1.0183426 1.0319826 1.1121481 1.3151113 1.2213374 1.7517300 1.8775900 1.9205133 1.5429548 1.8235487 1.8166628 1.2816374 1.2816374 1.2816374 1.2295835 1.2295835 1.3938152 1.3938152 1.4165209 1.4165209 1.3660518 1.3331589 1.3331589 1.3218182 1.3218182 1.3453474 1.3453474 1.3050872 1.3050872 1.2364940 1.2364940 1.4000426 1.3421189 1.3630554 1.4316595 1.4316595 1.2854290 1.3000548 1.3487179 1.3487179 1.3136485 1.3136485 1.4158835 1.4316370 1.6307338 1.6929665 1.5801020 1.9192653 0.9165345 
Drygla_Dgla_sb279196                                    0.4457228 0.4007663 0.4068914 0.4143529 0.5023159 0.5079725 0.3999115 0.1442380 0.0892061 0.0892061 0.1035570 0.1077636 0.1077636 0.0967648 0.1219214 0.1219214 0.0000000 0.1629896 0.1237478 0.1237478 0.1481719 0.1915691 0.2436464 0.2520467 0.2520467 0.2351577 0.2138567 0.2445639 0.2121936 0.2135989 0.4368877 0.4760873 0.4713457 0.3809558 0.3665399 0.3809558 0.3842265 0.3842265 0.3809773 0.3916388 0.4207468 0.4207468 0.4022378 0.4221831 0.4761149 0.4450146 0.4752037 0.4498479 0.5061636 0.4589536 0.4483880 0.4483880 0.4810173 0.4740287 0.4740287 0.5738764 0.5684960 0.4768616 0.4768616 0.4074510 0.4405862 0.4501700 0.4417701 0.4436450 0.3582683 0.3505779 0.3631616 0.3503254 0.4089232 0.4313424 0.4254427 0.3598286 0.3598286 0.3651517 0.3879128 0.4999990 0.4400107 0.6014520 0.4159424 0.5624285 0.5157604 0.4506603 0.4542201 0.4987766 0.4987766 0.4666221 0.4666221 0.4449609 0.4716341 0.5175559 0.5309010 0.4208480 0.3807840 0.4012701 0.6320551 0.5702630 0.6245325 0.6365934 0.5997556 0.6194524 0.4319189 0.4065208 0.5350631 0.6533747 0.5940821 0.6049215 0.7775824 0.7523801 0.7716664 0.5248065 0.5201758 0.6631923 0.5936366 0.6289107 0.5247431 0.6780065 0.7136078 0.6546707 0.6346216 0.5817648 0.8039370 0.8227433 0.7864705 0.7679720 0.7646615 0.8060815 0.7765414 0.7116684 0.7357356 0.7127555 0.6931249 0.7048393 0.7191921 0.7883141 0.8664316 0.7342767 0.7267509 0.5327385 0.9011822 0.8328272 0.7749535 1.3079028 1.0715714 1.3446595 1.3380021 1.5206849 1.2002986 1.3029290 1.3832093 1.1747437 1.1747437 1.0593157 1.1881671 1.0289377 0.8734389 1.0090016 1.0220167 1.2119670 1.3433168 1.5105847 1.1996041 0.9631786 1.0663186 0.9988944 1.1898614 1.1323270 0.9560376 0.9422184 0.7697703 0.8003711 0.8490723 0.9754547 1.0527403 0.9921263 1.1695002 1.0274081 1.5552577 1.6152457 1.5896151 1.3058935 1.8112686 1.8048447 1.2010633 1.2371106 1.2371106 1.1594851 1.1791651 1.3520133 1.3520133 1.3720695 1.3720695 1.3167131 1.2990410 1.2990410 1.2696533 1.2696533 1.2788688 1.2788688 1.2323345 1.2323345 1.2213757 1.2213757 1.3375908 1.3690942 1.4019971 1.4032219 1.4032219 1.2185234 1.1921257 1.3306859 1.3306859 1.1531306 1.1531306 1.3639955 1.1055686 1.4298414 1.6463012 1.8257578 1.9883534 1.2237453 
