92
Emue_Em0022g34a.t1                                0.0000000 0.1235517 0.1496873 1.5297323 2.1980222 2.1890182 1.7049354 1.9050240 2.5824310 0.7481412 1.1317304 1.0943461 1.4103568 1.4949566 1.5298450 1.5507480 1.4921010 1.5506565 1.0821103 1.4280764 1.3405005 1.3951837 1.3144353 1.4972945 1.4412104 1.3426437 1.2952672 1.3773499 1.3410313 1.9459715 1.3116223 1.4719586 1.4533787 1.3679887 1.4545597 1.2573765 1.1629608 0.7974778 1.4182697 1.5974252 1.6375570 1.7146092 1.1996523 1.5866925 1.6251996 1.1980795 1.5352798 1.5581357 1.3335569 1.5021796 1.9776386 2.0778021 2.0915784 1.9435391 1.9475813 1.9404298 1.8278772 1.8400658 1.4824012 1.4909583 1.5086136 1.5086136 2.0350226 2.0105143 2.0105143 1.9365283 1.7268962 1.4682799 2.1335516 2.2329656 2.4012837 1.0850367 1.9372613 2.1540673 2.1131504 2.1216444 2.2120225 2.1407404 2.3445629 2.1659506 2.4389417 2.4706474 2.4706474 3.2239081 2.4687183 2.4752429 2.4687183 2.4316518 2.8509579 2.3971691 2.5772567 1.0508211 
Spolac_c104647_g1_i1_m.42101c100938-g1            0.1235517 0.0000000 0.0046303 1.6170834 2.0243541 2.1026096 1.9072072 2.3686141 2.4875507 0.7770293 1.5575488 1.3187141 1.3340467 1.6011872 1.5832411 1.5867389 1.5531571 1.6478540 1.4756873 1.5118320 1.4993855 1.5099723 1.4800691 1.5977261 1.2100258 1.5193022 1.2430845 1.5089621 1.5253342 1.5881485 1.2527039 1.5656808 1.3956338 1.4560407 1.4868289 1.2090860 1.3656164 1.3170238 1.4538570 1.7249763 1.7789979 1.3891988 1.2370311 1.6600442 1.7368866 1.7609330 1.5296561 1.5847481 1.4334501 1.4132079 2.1643254 2.2542995 2.0214163 1.6958652 1.7026991 1.7026991 1.6294547 1.6321293 1.3521784 1.3651454 1.4959007 1.4959007 1.7205156 1.9887277 1.9887277 1.8857250 1.8307202 1.6954772 2.1802597 2.2050960 2.2824277 1.3100080 2.4373287 2.4436791 2.1997589 2.2721332 2.3808950 2.1911396 2.5643357 2.4455001 2.5128350 2.5227848 2.2651984 2.7639121 2.4225220 2.1891762 2.3653015 2.2599532 2.4169297 2.5952994 2.5443877 0.7844537 
Spolac_c104647_g1_i3_m.42108c100938-g1            0.1496873 0.0046303 0.0000000 1.6170834 2.0918960 2.1151564 1.9706276 2.3622546 2.6162755 0.7770293 1.5040873 1.3395258 1.3957340 1.6096141 1.5937595 1.6055157 1.5856296 1.6484472 1.4756873 1.5019641 1.4689557 1.4767367 1.4380673 1.5930315 1.2370506 1.4757458 1.2299816 1.5055470 1.5146066 1.5668004 1.2918723 1.5892578 1.4092486 1.4259811 1.5186691 1.2341788 1.3972112 1.3170238 1.4545837 1.7987578 1.8412891 1.5482993 1.2370311 1.7642333 1.8459265 1.7609330 1.5279573 1.5802421 1.4392095 1.4300429 2.1151282 2.2535472 2.1264136 1.7388752 1.7265623 1.7267683 1.6394971 1.6404435 1.3749531 1.3651454 1.4959007 1.4959007 1.8534409 1.9887277 1.9887277 1.8962241 1.8390406 1.7661441 2.1896787 2.2599247 2.3068977 1.2800596 2.4373287 2.4860190 2.3480032 2.4193690 2.4581035 2.2277387 2.6519142 2.5257713 2.5927738 2.6194842 2.3914362 2.7896649 2.4417961 2.2437854 2.3906141 2.3057906 2.5210197 2.5321785 2.6235564 0.8774825 
Lcom_lcpid237656                                  1.5297323 1.6170834 1.6170834 0.0000000 0.7470537 0.9003945 0.7654726 1.1411453 1.1199603 1.2876489 1.6602281 1.4620683 1.8056338 1.4934134 1.3107776 1.4397821 1.4835147 1.2353951 1.7180200 1.3387101 1.3969475 1.3567122 1.3643820 1.3322474 1.3322474 1.3781930 1.4593216 1.1682155 1.3245240 1.2149531 2.0506663 1.3878672 1.1526152 1.1019507 1.4688071 1.4600230 1.5316493 1.4510768 1.7190208 1.3887928 1.5343995 1.5485568 1.8028878 1.4286625 1.2999245 1.2999245 1.3372553 1.2801014 1.3859870 1.4605672 1.0065408 1.0275875 1.6338273 1.8244445 1.8244445 1.8244445 1.8244445 2.0529413 1.6159522 2.1608090 1.7420833 1.7420833 1.5927804 1.7420833 1.7420833 1.8175522 1.3127871 1.8603606 1.1209949 1.1852945 1.2627742 1.5127677 1.1357873 0.9422221 1.3124251 1.3124251 1.1269942 1.2766225 1.5173229 1.2093859 1.2930899 3.0859878 3.0859878 3.1134587 2.7259101 2.7259101 2.7259101 2.7335092 2.4240488 2.6089858 3.1985390 1.6484895 
Salurc_EP00051_Salpingoeca_urceolata_P014089      2.1980222 2.0243541 2.0918960 0.7470537 0.0000000 1.1952994 1.1330307 1.9281024 2.1202081 1.2953875 2.2419406 2.1283717 2.3778102 2.0993956 2.1335859 2.2149566 2.2254396 2.1410303 1.7957538 2.0680031 1.9179161 2.0666106 2.0330805 2.0725081 1.9114507 1.9637050 1.6505366 2.0275127 1.9280275 2.5612623 2.5048154 1.9923730 1.8388142 1.9536154 2.0374652 1.6863413 2.1801746 1.8433841 2.1828280 2.2197359 2.1803267 2.0573840 1.4829641 2.2138661 2.1865297 1.9066857 2.0778442 2.0781200 1.8953232 2.1664914 1.3708246 1.6553046 2.3572585 2.0511580 1.9890811 2.0320157 1.8585995 1.9151556 1.8578488 1.8261169 1.8107433 1.8107433 2.4549495 2.0489965 2.0489965 2.2486281 2.3155110 2.1498178 1.4978558 1.5525815 1.6613769 1.8957761 1.9666164 1.8860255 1.7519771 1.6936197 1.7696888 1.6725267 1.9511845 1.9817126 2.3498508 3.0284929 2.8658623 3.1823894 2.4798230 2.5809021 2.4732859 2.5538194 2.2480933 2.5270725 2.8710162 2.0469146 
Salpun_EP00053_Salpingoeca_punica_P018750         2.1890182 2.1026096 2.1151564 0.9003945 1.1952994 0.0000000 0.9773273 1.5684067 1.7698958 1.6005733 2.2736013 2.1653567 2.2285135 2.0319559 2.1707441 2.1287224 2.1531370 2.2134717 1.8608564 2.0475163 2.0452137 2.0507376 2.0621340 2.0772105 2.0841238 2.0531229 2.0382631 1.9779511 2.0122084 2.6613318 2.7456080 1.9816773 1.9590237 2.0195264 2.0479944 2.0879938 1.9420028 1.7136633 1.8646142 2.0740671 2.1008091 2.2118021 1.8953853 2.0535033 2.0175380 1.9040918 1.9277452 2.1037487 1.8990301 2.0052438 0.9595489 1.3648950 2.1839406 2.3724728 2.2984099 2.3363898 2.1958988 2.2529674 1.9712459 1.9064286 1.7554512 1.7554512 2.0800164 2.1033862 2.1033862 2.2104985 2.1210221 2.2542206 1.3842536 1.4568243 1.3924623 1.9923550 1.6920222 1.7670777 1.4602630 1.4821512 1.4739651 1.3954306 1.7025254 1.7358128 1.8250009 2.6767542 2.6393223 4.0073844 2.2719814 2.3142495 2.2719814 2.3914909 2.3169682 2.6514965 3.0219912 2.1195109 
Saldol_EP00054_Salpingoeca_dolichothecata_P003370 1.7049354 1.9072072 1.9706276 0.7654726 1.1330307 0.9773273 0.0000000 1.9085559 1.9586836 1.6795217 2.1690514 1.9654483 2.0283923 1.9004432 1.7766312 1.8696852 1.8593227 1.8710116 1.7196434 1.7899062 1.7522329 1.7849425 1.8051405 1.7927048 1.6260010 1.8797713 1.6272468 1.6730134 1.7107039 1.8750553 2.2777543 1.7203873 1.5911943 1.7559694 1.7464036 1.4984486 1.9356257 1.7321766 1.8678850 1.8854605 1.8619625 1.7311103 1.4076607 1.9467611 1.9469596 1.8958526 1.8108741 1.8077802 1.6867826 1.8505362 1.1451669 1.3742888 2.0901622 1.8812278 1.8294605 1.8339817 1.7535415 1.7890201 1.7215203 1.8224724 1.8285386 1.8285386 2.0685514 2.3006915 2.3006915 1.9577562 1.8335781 1.9539579 1.3000773 1.3593070 1.3802421 1.6721144 1.8157566 1.7803809 1.4709549 1.4222630 1.4573800 1.3357568 1.6586681 1.9747579 2.0276936 2.6238864 2.4664145 3.4540646 2.1080489 2.0677640 2.0868411 2.1949228 1.9235567 2.3203626 2.7281810 1.6549046 
Microa_EP00043_Microstomoeca_roanoka_P002364      1.9050240 2.3686141 2.3622546 1.1411453 1.9281024 1.5684067 1.9085559 0.0000000 0.7598889 1.4251352 2.4063961 2.3521108 2.2834349 2.2439719 2.0948468 2.1626171 2.0854306 2.1630548 2.0799065 2.1621171 2.1875679 2.1637096 2.1804956 2.1109337 1.8313094 2.1179786 2.0137274 2.0808576 2.0274309 2.2656190 2.3610378 2.0509247 2.0090118 2.0740062 2.0878667 1.8717828 2.4395246 2.3598897 2.2752980 2.2439161 2.2687309 1.7078750 1.5648626 2.1293810 2.1679825 2.2445981 2.2031451 2.0436000 2.1498022 2.4136319 1.6394483 1.9571594 2.4190025 2.1313037 2.1203409 2.1146376 1.9877922 1.9864009 1.9513097 2.0334921 1.7734578 1.7734578 1.9928616 2.0156494 2.0156494 2.0893576 2.3601651 2.3531255 2.0342961 2.0555472 1.8793625 2.1239448 1.9201356 1.8203518 2.0683709 2.0182944 1.9167154 1.9706591 2.1272026 1.7270533 2.0003914 3.0502058 2.8934713 4.0583970 2.4851828 2.2391494 2.4914960 2.5424557 2.6600912 2.5959165 2.9267149 2.0128514 
Sros_EGD72148                                     2.5824310 2.4875507 2.6162755 1.1199603 2.1202081 1.7698958 1.9586836 0.7598889 0.0000000 1.6248183 2.8133768 2.5940079 2.9999337 2.5814383 2.5800485 2.6992768 2.6567876 2.7456951 2.2309065 2.5601213 2.4363118 2.5138443 2.4837315 2.4061018 2.4736819 2.4569720 2.1662736 2.5375939 2.4610442 3.2001045 2.8121950 2.4986617 2.3423029 2.4153657 2.6819236 2.1463113 2.7721346 2.4110508 2.6545418 2.7001924 2.7049632 2.3087469 1.7415433 2.6119076 2.6004463 2.4609245 2.5212922 2.6039687 2.4393459 2.5463869 1.8476114 2.2095705 2.8925451 2.4474073 2.3999479 2.4080986 2.1619479 2.1881298 2.0718740 2.0795742 1.9734615 1.9734615 2.6393626 2.2554874 2.2554874 2.6422719 2.8356226 2.6481799 2.2940184 2.4262041 2.2032359 2.4888256 1.9567524 1.9245717 2.3418951 2.3160886 2.2628883 2.2411230 2.4498992 1.9620021 2.3572957 3.4142156 3.2001890 3.9346809 2.8299563 2.6146639 2.8055471 2.9909733 2.5172681 2.8694137 3.0190880 2.6311356 
Aque_Aqu2.1.03181_001                             0.7481412 0.7770293 0.7770293 1.2876489 1.2953875 1.6005733 1.6795217 1.4251352 1.6248183 0.0000000 0.1016116 0.2644501 0.5200154 0.7043329 0.7752815 0.8231098 0.8230566 0.7614070 0.8721784 0.8445981 0.8368206 0.8626948 0.8494214 0.8682528 0.8682528 0.8660801 0.9243212 0.8142605 0.7684295 0.8696633 0.8209121 0.8273645 0.8944559 0.7561667 0.8425509 0.8999413 0.9009683 0.8837953 0.9240673 1.1943261 1.2221415 1.1610464 1.1505881 1.2189675 1.1946845 1.1946845 0.8659257 0.9276164 0.9455991 0.8808671 1.6021653 1.5604196 1.8379730 1.7566280 1.7566280 1.7566280 1.7566280 1.7566280 1.7073567 1.5208420 1.4590648 1.4590648 1.4590648 1.4590648 1.4590648 1.5051148 0.9216256 0.8982158 1.4576617 1.5424787 1.8410381 1.0685917 1.7808032 1.5584577 1.5211571 1.5211571 1.5665914 1.5771427 1.9793844 1.6146352 1.4965516 1.5639441 1.5639441 2.2757467 1.8864732 1.8864732 1.8864732 1.6484710 2.2674400 1.6123019 1.9246010 0.7871690 
Aque_Aqu2.1.25865_001                             1.1317304 1.5575488 1.5040873 1.6602281 2.2419406 2.2736013 2.1690514 2.4063961 2.8133768 0.1016116 0.0000000 0.4059191 0.7358466 1.9893549 1.9202795 1.9414769 1.9521780 1.9696347 2.0268290 2.0065366 1.8556979 1.9689861 1.9882401 2.1181137 1.6010030 1.9863327 1.6710234 1.8660643 1.9271742 1.6155618 1.4470988 1.9407185 1.7831345 1.8765029 1.8898311 1.5352338 1.7695096 1.7795509 1.7413701 2.1339345 2.2213267 1.7221570 1.5327532 2.1600852 2.1084229 2.1557889 1.8545275 2.0214695 1.9736070 1.8577981 2.1883265 2.4460343 2.5077382 1.9778756 1.9146889 1.9531209 1.8489698 1.8642410 1.6649966 1.6565551 1.6544634 1.6544634 1.9217306 2.0669297 2.0669297 1.9180085 2.1609434 2.2177563 2.4656506 2.5263124 2.5593839 1.7053121 2.4430950 2.5365735 2.4267979 2.6235174 2.7276066 2.4250020 2.7533162 2.6780151 2.3756052 2.7265162 2.5647173 3.3910015 2.4195394 2.1859064 2.4282680 2.3959656 2.8214076 2.7133945 2.7118529 1.1774247 
Aque_Aqu2.1.41209_001                             1.0943461 1.3187141 1.3395258 1.4620683 2.1283717 2.1653567 1.9654483 2.3521108 2.5940079 0.2644501 0.4059191 0.0000000 0.4648997 1.7902584 1.7208375 1.7952961 1.7912934 1.7594762 1.7241105 1.7649942 1.6623150 1.7298387 1.7342834 1.8816235 1.5350526 1.7563624 1.5453252 1.7349041 1.7941587 1.9388444 1.4496692 1.7260683 1.5433203 1.7520892 1.7704013 1.4644249 1.6107494 1.4478186 1.5326349 1.8199190 1.9091207 1.6017241 1.3991888 1.8473315 1.7858221 1.7972209 1.7480196 1.8766630 1.7870614 1.7472293 2.2006354 2.3434366 2.2023712 1.7645770 1.7760136 1.7645770 1.7069036 1.7113066 1.4414939 1.4976786 1.5356130 1.5356130 1.8478797 1.9676150 1.9676150 1.7735854 2.0842124 1.8548620 2.3213454 2.3666417 2.4039595 1.5687387 2.4009778 2.3731551 2.3172663 2.4473002 2.5503503 2.2161624 2.5193593 2.3418269 2.2983878 2.7034818 2.4944929 3.3237462 2.3449812 2.2298015 2.3598642 2.3956475 2.7345109 2.4932515 2.6569383 1.1770613 
Halamb_c56716_g1_i1m.44097                        1.4103568 1.3340467 1.3957340 1.8056338 2.3778102 2.2285135 2.0283923 2.2834349 2.9999337 0.5200154 0.7358466 0.4648997 0.0000000 1.8308623 1.7828369 1.8424386 1.8403401 1.8511275 1.6245490 1.8029377 1.6673419 1.7773093 1.7340132 1.9169826 1.6755687 1.7568662 1.4362427 1.6978840 1.7405889 2.1445352 1.7100506 1.7339935 1.6149803 1.7659355 1.8305549 1.4448483 1.6415171 1.3885542 1.7083849 1.9599513 2.0425157 1.7493530 1.2502112 1.9537961 1.9524764 1.7706472 1.8501509 1.8716952 1.8023329 1.8381681 2.3825431 2.4688811 2.3861692 1.7928812 1.7260757 1.7696994 1.6785084 1.7099305 1.4521423 1.4472554 1.4675426 1.4675426 2.0435718 1.8795905 1.8795905 1.9762829 2.1477760 1.8919339 2.3857363 2.3596462 2.5826732 1.5697530 2.3983711 2.4778536 2.4469158 2.5730626 2.8719356 2.4737253 2.5727404 2.6662722 2.6261250 2.8653739 2.6819344 3.5899601 2.4732223 2.3458368 2.4512861 2.4680423 2.8427019 2.5357689 2.9901405 1.4022839 
Morvir_scaffold26.g64.t1                          1.4949566 1.6011872 1.6096141 1.4934134 2.0993956 2.0319559 1.9004432 2.2439719 2.5814383 0.7043329 1.9893549 1.7902584 1.8308623 0.0000000 0.8516191 0.8514541 0.8218876 0.8752867 1.0293230 1.0922871 1.0356519 1.0816106 1.0543384 1.2229242 1.0796242 1.1017857 0.8006194 1.2980304 1.2987645 1.4538089 0.9661755 1.3607495 1.2261338 1.3313813 1.3541329 1.0827539 1.3971572 1.1964628 1.4340780 1.6030942 1.6567981 1.4303708 1.0491146 1.5866273 1.6143580 1.4494810 1.4304706 1.3682445 1.1683316 1.2710792 2.2350564 2.2781965 2.1342850 1.6438379 1.5979874 1.6412971 1.5374304 1.5547535 1.3051927 1.3715360 1.3752239 1.3752239 1.8599914 1.6755959 1.6755959 1.7937997 1.2545847 1.2345561 2.2739707 2.2918420 2.5105254 1.5791214 2.3615840 2.3800200 2.6040531 2.5569749 2.6838101 2.3954285 2.5445096 2.5606085 2.7685838 2.6823187 2.5356784 3.1588391 2.3683943 2.1278296 2.3236454 2.4210860 2.7659533 2.4740522 2.7176135 1.5547296 
Sanmal_Sma_010367-T1                              1.5298450 1.5832411 1.5937595 1.3107776 2.1335859 2.1707441 1.7766312 2.0948468 2.5800485 0.7752815 1.9202795 1.7208375 1.7828369 0.8516191 0.0000000 0.5168701 0.4664633 0.4819401 1.0478704 1.1145181 1.1096032 1.1299664 1.1265409 1.2424665 1.1815768 1.1832405 0.8670299 1.3197272 1.3368642 1.6160286 1.2476240 1.4062656 1.1936508 1.3031714 1.3095630 1.0783126 1.2940356 1.1189201 1.4130602 1.6650710 1.6810316 1.6114736 1.1840974 1.6918085 1.7391179 1.5363180 1.3904395 1.3738324 1.1942825 1.1860240 2.2444551 2.2943338 2.1097082 1.6900104 1.6626362 1.7002648 1.6083588 1.6516168 1.3926100 1.4951047 1.4454488 1.4454488 1.9948943 1.8137470 1.8137470 1.8315841 1.2705100 1.2833103 2.3096227 2.2742781 2.3852913 1.5276145 2.2767298 2.2945164 2.4160738 2.3468596 2.4589592 2.2574300 2.4051185 2.4789425 2.6058514 2.5856135 2.5058045 3.5933946 2.3589575 2.2075320 2.3141731 2.2706926 2.6664199 2.4510808 2.6796517 1.6288768 
Nemnom_g2451.t1                                   1.5507480 1.5867389 1.6055157 1.4397821 2.2149566 2.1287224 1.8696852 2.1626171 2.6992768 0.8231098 1.9414769 1.7952961 1.8424386 0.8514541 0.5168701 0.0000000 0.0927947 0.2655749 1.0578117 1.2058204 1.1449078 1.2076580 1.1472357 1.2849002 1.1926221 1.2173948 0.8956021 1.3498009 1.3799956 1.7482498 1.2047833 1.4121019 1.2388996 1.3382719 1.4312418 1.1299477 1.3941708 1.1570235 1.5034279 1.7365104 1.7533683 1.6067207 1.1463905 1.7191913 1.7537050 1.5300787 1.4620155 1.4087877 1.2545082 1.3388774 2.2897267 2.2847597 2.1710710 1.6860220 1.6528983 1.6791525 1.5924742 1.6164539 1.3670584 1.4421388 1.3855056 1.3855056 1.9404990 1.6656555 1.6656555 1.7683786 1.2901579 1.2893478 2.2874389 2.3835417 2.3733976 1.5818281 2.3423176 2.3836714 2.3499532 2.2214684 2.4046243 2.3121182 2.4530266 2.4857540 2.7414970 2.7524146 2.6311607 3.9299316 2.3766328 2.1861163 2.3269803 2.2497188 2.5939790 2.4806099 2.6645730 1.6849023 
Rhoesc_Res_000559-T1                              1.4921010 1.5531571 1.5856296 1.4835147 2.2254396 2.1531370 1.8593227 2.0854306 2.6567876 0.8230566 1.9521780 1.7912934 1.8403401 0.8218876 0.4664633 0.0927947 0.0000000 0.2411356 1.0443605 1.1787055 1.1233248 1.1775095 1.1316347 1.2527656 1.1719031 1.1842832 0.8897473 1.3477683 1.3409697 1.6858994 1.2406191 1.3866630 1.2102975 1.2975479 1.3858380 1.0775758 1.3704783 1.1487456 1.4347577 1.7558333 1.7843106 1.6239521 1.1502273 1.7398636 1.7789795 1.5580339 1.4327039 1.3945972 1.2097909 1.3356993 2.2781299 2.2564070 2.0910954 1.6222933 1.5828393 1.6173248 1.5203918 1.5557668 1.3612399 1.4338671 1.4151088 1.4151088 1.9008987 1.6951196 1.6951196 1.7059072 1.2721471 1.3098405 2.2881547 2.3922900 2.3803912 1.5481006 2.3447318 2.3562795 2.3833950 2.2666617 2.4518716 2.3243053 2.4759578 2.4940076 2.7307444 2.7208677 2.5760223 4.0115458 2.3676521 2.1469711 2.3155288 2.2508499 2.6331861 2.4499838 2.6631650 1.6230976 
Aaur_scaffold34.g14.t1                            1.5506565 1.6478540 1.6484472 1.2353951 2.1410303 2.2134717 1.8710116 2.1630548 2.7456951 0.7614070 1.9696347 1.7594762 1.8511275 0.8752867 0.4819401 0.2655749 0.2411356 0.0000000 1.1444816 1.2353279 1.1572845 1.2053397 1.1961090 1.3207300 1.2462178 1.2416348 0.9146196 1.4153664 1.3898723 1.7768190 1.3110173 1.4117687 1.2704708 1.3421084 1.3888497 1.1117455 1.3708712 1.1380229 1.4763888 1.7728439 1.7704744 1.6915183 1.2410607 1.7816699 1.7967399 1.5614943 1.4555101 1.4082029 1.2979717 1.3000811 2.3008516 2.2690913 2.1376705 1.6038813 1.5679768 1.5946590 1.5193893 1.5540887 1.2866021 1.4096832 1.3659307 1.3659307 1.9658726 1.7853541 1.7853541 1.7132769 1.3130589 1.3048729 2.3670605 2.4501766 2.4453269 1.5932105 2.3291239 2.3210759 2.5052421 2.3473712 2.5492723 2.3554004 2.4436701 2.5283021 2.7625508 2.8200696 2.6826322 4.1068100 2.3448754 2.1661192 2.2841437 2.2714655 2.7929483 2.5248838 2.5767725 1.7614959 
Spis_XP_022786071_1                               1.0821103 1.4756873 1.4756873 1.7180200 1.7957538 1.8608564 1.7196434 2.0799065 2.2309065 0.8721784 2.0268290 1.7241105 1.6245490 1.0293230 1.0478704 1.0578117 1.0443605 1.1444816 0.0000000 0.0616584 0.1847906 0.1598080 0.1830599 0.2949882 0.3348951 0.5191382 0.4361600 1.0667557 1.1171566 1.1076957 0.3797549 1.1470154 0.9882369 1.1158658 1.0575654 0.9676513 1.2009220 1.1459907 1.1696682 1.4397671 1.4287967 0.9417096 0.9580452 1.4683874 1.4754798 1.5280230 1.1473398 1.1648103 0.9488340 1.0062533 2.2602213 2.0986397 1.9424377 1.6346587 1.6346587 1.6346587 1.6346587 1.6346587 1.4048395 1.4405551 1.5151273 1.5151273 1.6489491 2.0563765 2.0563765 1.6253518 1.3975891 1.3919219 2.1360701 2.0277922 2.1761913 1.5136259 2.4140923 2.3305064 2.3555323 2.2095459 2.2513331 2.1413165 2.3543277 2.3623623 2.4446357 2.1966226 1.9530033 2.7384160 2.0962598 1.8317311 2.0485738 1.9371796 2.3089357 2.4150121 2.2339343 1.1534284 
Pocdam_XM_027193516.1                             1.4280764 1.5118320 1.5019641 1.3387101 2.0680031 2.0475163 1.7899062 2.1621171 2.5601213 0.8445981 2.0065366 1.7649942 1.8029377 1.0922871 1.1145181 1.2058204 1.1787055 1.2353279 0.0616584 0.0000000 0.1698486 0.1578771 0.1739938 0.2774364 0.2704491 0.5433971 0.4769878 1.1068688 1.1549479 1.3285089 0.8913661 1.2257838 1.0387877 1.1560373 1.1555702 1.0069827 1.2349041 1.1557476 1.2666335 1.5852786 1.6112975 1.3356971 1.0389168 1.5859819 1.6039672 1.5134089 1.2302519 1.2654961 0.9499434 1.0350867 2.3291475 2.2455991 2.1933340 1.7961805 1.7243898 1.7837257 1.6364259 1.6851505 1.4362769 1.4247266 1.5111945 1.5111945 1.8936450 2.0778266 2.0778266 1.9114610 1.4763402 1.4851193 2.2941560 2.2295344 2.3949648 1.4966058 2.4318437 2.4402220 2.5129395 2.3721703 2.5161939 2.3514040 2.5104390 2.5261286 2.6812372 2.5107087 2.3593176 3.3839806 2.3432572 2.1733907 2.2971639 2.2775510 2.6994031 2.4608367 2.6563380 1.5684983 
Gasp_gasp1.m3.12589.m1                            1.3405005 1.4993855 1.4689557 1.3969475 1.9179161 2.0452137 1.7522329 2.1875679 2.4363118 0.8368206 1.8556979 1.6623150 1.6673419 1.0356519 1.1096032 1.1449078 1.1233248 1.1572845 0.1847906 0.1698486 0.0000000 0.1039677 0.1610236 0.2728167 0.2418598 0.5048532 0.4902359 1.0863498 1.0789140 1.1460583 0.8875066 1.1351713 1.0156586 1.0959503 1.0886865 1.0137683 1.1620743 1.1055509 1.1315810 1.4078719 1.4351698 1.2797863 1.0425609 1.3879268 1.4333930 1.3567992 1.1615693 1.2150608 0.8836487 0.9593024 2.3053463 2.1040775 2.0433529 1.7052900 1.6449389 1.6936240 1.5553735 1.5948582 1.3783030 1.3925022 1.5171482 1.5171482 1.8387234 2.0862169 2.0862169 1.7950562 1.4009877 1.4517679 2.2090660 2.1904359 2.2375847 1.4339953 2.4803652 2.4004678 2.3385838 2.2644659 2.4461817 2.1788415 2.4287712 2.4419796 2.5781581 2.4562640 2.2597519 3.2864875 2.3615193 2.1562807 2.3771637 2.2318015 2.6668178 2.5538177 2.7461611 1.4911861 
Fspp_ffun1.m4.15526.m1                            1.3951837 1.5099723 1.4767367 1.3567122 2.0666106 2.0507376 1.7849425 2.1637096 2.5138443 0.8626948 1.9689861 1.7298387 1.7773093 1.0816106 1.1299664 1.2076580 1.1775095 1.2053397 0.1598080 0.1578771 0.1039677 0.0000000 0.1360115 0.2421949 0.2385398 0.5190972 0.4742371 1.0859487 1.1219932 1.2422393 0.8527849 1.1870029 0.9998292 1.1345251 1.1438096 1.0127942 1.2452324 1.1429887 1.2640985 1.6056307 1.6354956 1.3673656 1.0641230 1.5700724 1.6012024 1.4911333 1.1808837 1.2234960 0.9415804 1.0250492 2.3674548 2.1712233 2.1032077 1.6929951 1.6402867 1.6809435 1.5488085 1.5878655 1.3696189 1.3877301 1.5023911 1.5023911 1.8928209 2.0829536 2.0829536 1.8207663 1.4810591 1.4857151 2.2563002 2.1991214 2.3112240 1.4709058 2.4580848 2.4127950 2.4799090 2.3768548 2.5681056 2.2894029 2.4007175 2.4689891 2.6635302 2.4868460 2.3617413 3.2079339 2.3262739 2.1645890 2.2924627 2.2678745 2.6979914 2.4477023 2.5614952 1.5464630 
Gfas_gfas1.m1.13919.m1                            1.3144353 1.4800691 1.4380673 1.3643820 2.0330805 2.0621340 1.8051405 2.1804956 2.4837315 0.8494214 1.9882401 1.7342834 1.7340132 1.0543384 1.1265409 1.1472357 1.1316347 1.1961090 0.1830599 0.1739938 0.1610236 0.1360115 0.0000000 0.1923352 0.1742399 0.4930958 0.4654023 1.0751319 1.1002073 1.1019219 0.9112088 1.1427374 0.9887913 1.0635774 1.0874519 0.9466572 1.1948489 1.1291305 1.2113318 1.5599449 1.6120113 1.3484940 1.0565334 1.5532663 1.5934641 1.5092105 1.1219405 1.2031938 0.9097181 0.9558714 2.3112336 2.1440170 2.1191440 1.7029818 1.6474576 1.6924890 1.5745300 1.6031956 1.4018834 1.4273658 1.5560327 1.5560327 1.8705037 2.2275282 2.2275282 1.7893927 1.4304682 1.4723943 2.2336472 2.1969619 2.2772256 1.4687595 2.4451862 2.3734370 2.4234553 2.3122808 2.5020619 2.2623277 2.4422564 2.4680389 2.6435144 2.5194510 2.3030579 3.0333696 2.2914103 2.0734025 2.2479016 2.2425764 2.5770938 2.3949274 2.5345609 1.4703716 
Amil_Amillepora08450-RA                           1.4972945 1.5977261 1.5930315 1.3322474 2.0725081 2.0772105 1.7927048 2.1109337 2.4061018 0.8682528 2.1181137 1.8816235 1.9169826 1.2229242 1.2424665 1.2849002 1.2527656 1.3207300 0.2949882 0.2774364 0.2728167 0.2421949 0.1923352 0.0000000 0.0197760 0.5991119 0.5741496 1.2044299 1.2101758 1.3413586 0.9259213 1.3051327 1.1256866 1.2390936 1.2197528 1.0361127 1.3905712 1.2971318 1.3654520 1.6961648 1.7288855 1.4120558 1.0687547 1.6549700 1.6914247 1.5848369 1.2774514 1.3148197 0.9993858 0.9887198 2.2831410 2.2251943 2.2418505 1.7652524 1.7117267 1.7432827 1.5893744 1.6162249 1.3868863 1.4616665 1.5855685 1.5855685 1.9726442 2.1663930 2.1663930 1.9790860 1.5142455 1.5323733 2.3136033 2.2319822 2.3662957 1.5745284 2.3801870 2.4304964 2.4703400 2.3544756 2.5781656 2.3278001 2.4783003 2.5615725 2.7335965 2.6262029 2.4357907 3.1909281 2.4565831 2.2517700 2.4113758 2.4003567 2.6223161 2.4969561 2.6271569 1.6774949 
Adig_XM_015914793.1                               1.4412104 1.2100258 1.2370506 1.3322474 1.9114507 2.0841238 1.6260010 1.8313094 2.4736819 0.8682528 1.6010030 1.5350526 1.6755687 1.0796242 1.1815768 1.1926221 1.1719031 1.2462178 0.3348951 0.2704491 0.2418598 0.2385398 0.1742399 0.0197760 0.0000000 0.5488667 0.6076521 1.0443888 1.0782089 1.2948122 0.9383300 1.1394382 1.0281299 1.0456369 1.1370537 1.0367012 1.0930168 0.7312901 1.1151581 1.3720488 1.4402108 1.4283457 1.0461316 1.3202258 1.3717042 1.0660482 1.1587181 1.2391097 0.8427375 0.9373185 2.0471098 2.0602696 2.0984494 1.8926042 1.8094253 1.8839628 1.6789226 1.7308130 1.4095653 1.3637009 1.4889172 1.4889172 1.9640460 2.1422700 2.1422700 1.9128104 1.3968282 1.3387344 2.2029908 2.1850543 2.2472755 1.3936341 1.9406703 2.0878574 2.0153911 2.0126566 2.3433190 2.2089015 2.2103823 2.1095729 2.2565235 2.5290557 2.5290557 3.3888148 2.3759255 2.3574041 2.3779047 2.4630937 3.1741219 2.3310759 2.5860243 1.6146080 
Exapal_XM_021055526.2                             1.3426437 1.5193022 1.4757458 1.3781930 1.9637050 2.0531229 1.8797713 2.1179786 2.4569720 0.8660801 1.9863327 1.7563624 1.7568662 1.1017857 1.1832405 1.2173948 1.1842832 1.2416348 0.5191382 0.5433971 0.5048532 0.5190972 0.4930958 0.5991119 0.5488667 0.0000000 0.3544679 1.1673745 1.1201403 1.2101453 0.9138257 1.2154578 1.0415192 1.1009955 1.1074084 0.9551795 1.3102364 1.1572292 1.3195452 1.6170387 1.6755637 1.3650371 1.0412597 1.5684800 1.6627286 1.5313713 1.1997689 1.2907272 0.9109893 0.9724970 2.2732641 2.2593328 2.2190853 1.7410402 1.7031564 1.7426167 1.6177422 1.6595697 1.4146780 1.4086506 1.4439246 1.4439246 1.8667788 1.8871408 1.8871408 1.8370337 1.4411457 1.4394345 2.2749987 2.1713340 2.4315832 1.5276594 2.3713350 2.3165669 2.4375071 2.4641926 2.6955770 2.2529042 2.5477353 2.5969648 2.7033355 2.6436617 2.5014970 3.3610130 2.3314833 2.0749445 2.2861454 2.2097453 2.6694164 2.5291421 2.7499516 1.5161681 
Nvec_v1g106064                                    1.2952672 1.2430845 1.2299816 1.4593216 1.6505366 2.0382631 1.6272468 2.0137274 2.1662736 0.9243212 1.6710234 1.5453252 1.4362427 0.8006194 0.8670299 0.8956021 0.8897473 0.9146196 0.4361600 0.4769878 0.4902359 0.4742371 0.4654023 0.5741496 0.6076521 0.3544679 0.0000000 0.8894284 0.8769921 1.0519954 0.8511623 0.9513554 0.8169173 0.8855439 0.8563150 0.9085983 0.8100955 0.6846921 0.8377810 1.1413931 1.1471524 1.2907344 1.1168299 1.1013464 1.1205472 1.0106241 0.9638055 0.9454810 0.6815692 0.6773532 2.0352899 1.8344423 1.9340217 1.7597153 1.7324068 1.7536089 1.6416247 1.6788997 1.4609100 1.5024865 1.5671552 1.5671552 1.8375665 2.0089642 2.0089642 1.8064294 1.1580891 1.2490473 1.7648117 1.8220481 2.0136021 1.2209830 2.0188027 2.0871732 1.9626512 1.9395079 2.1288296 1.9137712 2.2273621 2.0558680 2.2411056 2.3260799 2.3289949 3.1178187 2.0496952 2.1384130 2.0269152 2.0540252 2.5713550 2.1998974 2.4139707 1.3946528 
Acagra_model.g148.t1.1.5d3b8208                   1.3773499 1.5089621 1.5055470 1.1682155 2.0275127 1.9779511 1.6730134 2.0808576 2.5375939 0.8142605 1.8660643 1.7349041 1.6978840 1.2980304 1.3197272 1.3498009 1.3477683 1.4153664 1.0667557 1.1068688 1.0863498 1.0859487 1.0751319 1.2044299 1.0443888 1.1673745 0.8894284 0.0000000 1.0016838 1.1537758 0.7505405 1.0788743 0.8832672 0.7723837 0.9466937 0.7920436 1.2320155 1.0727974 1.2424939 1.4735355 1.4962172 1.4223253 1.0651515 1.4657293 1.5280426 1.3737613 0.8271898 1.0483354 1.1541996 1.1629363 2.0522324 2.2341380 1.9888551 1.5600406 1.5304355 1.5456453 1.4755597 1.5027834 1.2495973 1.2232726 1.2651766 1.2651766 1.7804357 1.7937032 1.7937032 1.7187585 1.5673293 1.5968974 2.1860587 2.2354804 2.3490255 1.4479392 2.2918858 2.3816039 2.3257533 2.2572163 2.4884887 2.1911117 2.2989084 2.5767392 2.5456168 2.5000639 2.3957956 3.1851556 2.1998185 2.0775385 2.1824779 2.1699695 2.6559834 2.3315201 2.6569260 1.5102300 
Hsap_ENST00000262367                              1.3410313 1.5253342 1.5146066 1.3245240 1.9280275 2.0122084 1.7107039 2.0274309 2.4610442 0.7684295 1.9271742 1.7941587 1.7405889 1.2987645 1.3368642 1.3799956 1.3409697 1.3898723 1.1171566 1.1549479 1.0789140 1.1219932 1.1002073 1.2101758 1.0782089 1.1201403 0.8769921 1.0016838 0.0000000 1.1058657 0.7131037 0.5116488 0.8393914 0.9742717 1.0227975 0.9030649 1.1893361 1.0493861 1.2452787 1.5094115 1.5568323 1.3518618 1.0538483 1.4756166 1.5189926 1.3969324 1.0105642 1.0907862 1.2021211 1.1450021 2.0978208 2.0603462 2.0009344 1.5661933 1.5333321 1.5870213 1.4677032 1.5109194 1.2461042 1.2403287 1.2696929 1.2696929 1.7398379 1.8316990 1.8316990 1.6716032 1.5815500 1.6031372 2.0322784 2.0985082 2.1683728 1.5053376 2.3427368 2.2511378 2.3414248 2.3249726 2.4113526 2.1217516 2.2815165 2.4273490 2.5704892 2.5777308 2.4250135 2.9854832 2.1361403 2.0337082 2.1290403 2.1362825 2.5416680 2.4032117 2.8349604 1.4676431 
Cscu_XM_023376498.1                               1.9459715 1.5881485 1.5668004 1.2149531 2.5612623 2.6613318 1.8750553 2.2656190 3.2001045 0.8696633 1.6155618 1.9388444 2.1445352 1.4538089 1.6160286 1.7482498 1.6858994 1.7768190 1.1076957 1.3285089 1.1460583 1.2422393 1.1019219 1.3413586 1.2948122 1.2101453 1.0519954 1.1537758 1.1058657 0.0000000 0.7068792 1.2093425 1.1671633 1.1766701 1.2566355 1.0506931 1.3826890 0.7431217 1.4704735 1.8507474 1.9060853 2.0812782 1.5780655 1.8701045 1.8699821 1.2451342 1.4062192 1.4159924 1.3428793 1.3366467 2.2458955 2.2914890 2.7905335 2.1762958 2.1627606 2.2694034 2.1631575 2.4576721 1.8368636 1.5992795 1.8519323 1.8519323 2.7643125 1.8519323 1.8519323 2.2376520 1.9423699 2.1506414 2.6200416 2.6963281 3.0577151 1.5998382 2.2331028 2.2741200 2.3259456 2.3259456 2.8025155 2.7462957 2.7682367 2.4156926 2.8358631 3.4379183 3.4379183 3.9893369 3.4194108 3.4194108 3.4194108 3.1801936 3.8677252 3.2515864 4.2353748 2.0805997 
Skow_XM_006823044.1                               1.3116223 1.2527039 1.2918723 2.0506663 2.5048154 2.7456080 2.2777543 2.3610378 2.8121950 0.8209121 1.4470988 1.4496692 1.7100506 0.9661755 1.2476240 1.2047833 1.2406191 1.3110173 0.3797549 0.8913661 0.8875066 0.8527849 0.9112088 0.9259213 0.9383300 0.9138257 0.8511623 0.7505405 0.7131037 0.7068792 0.0000000 0.7647692 0.7763503 0.7930499 0.8858783 0.8970646 1.1911362 0.6524935 1.2169377 1.4044253 1.5721232 1.3996719 0.8656343 1.4512900 1.4729689 1.0289113 0.9117190 0.8712462 0.9066959 0.9649620 2.8164604 2.1598826 2.4628223 2.5484616 2.4402002 2.4876850 1.9160486 1.9109407 1.7671980 1.5691753 1.6974965 1.6974965 2.6076655 1.6974965 1.6974965 2.2768563 1.2908987 1.2974802 2.4577681 2.4792107 2.6887725 1.4131770 2.6955031 2.8700106 2.5484252 2.5484252 2.4309915 2.4412198 2.9904895 3.0763713 2.6154189 2.1835623 2.1835623 2.3473107 2.4927867 2.4927867 2.4927867 2.5610032 3.3537885 2.5558302 2.7527964 1.2988721 
Hsap_ENST00000263253                              1.4719586 1.5656808 1.5892578 1.3878672 1.9923730 1.9816773 1.7203873 2.0509247 2.4986617 0.8273645 1.9407185 1.7260683 1.7339935 1.3607495 1.4062656 1.4121019 1.3866630 1.4117687 1.1470154 1.2257838 1.1351713 1.1870029 1.1427374 1.3051327 1.1394382 1.2154578 0.9513554 1.0788743 0.5116488 1.2093425 0.7647692 0.0000000 0.8774020 0.9993220 1.0496394 0.8686624 1.2419525 1.0754735 1.2338611 1.5259017 1.5859896 1.4140018 1.0646676 1.5129979 1.5159591 1.3715578 1.0976501 1.1737780 1.2085455 1.1845215 1.9828571 1.9863715 2.1069566 1.6543554 1.6105753 1.6746486 1.5472904 1.5797001 1.3303086 1.2688198 1.3037071 1.3037071 1.8145610 1.8222238 1.8222238 1.7055453 1.7268090 1.6246892 2.0797296 2.1217502 2.3745839 1.5652371 2.3831656 2.3979869 2.3974439 2.3835102 2.4462169 2.1187721 2.3598332 2.5942008 2.4592135 2.4748226 2.3090317 2.9254009 2.1439667 2.0648488 2.1494058 2.1564294 2.5979367 2.3540066 2.6966167 1.6087695 
Bralan_BLAG06000141_3                             1.4533787 1.3956338 1.4092486 1.1526152 1.8388142 1.9590237 1.5911943 2.0090118 2.3423029 0.8944559 1.7831345 1.5433203 1.6149803 1.2261338 1.1936508 1.2388996 1.2102975 1.2704708 0.9882369 1.0387877 1.0156586 0.9998292 0.9887913 1.1256866 1.0281299 1.0415192 0.8169173 0.8832672 0.8393914 1.1671633 0.7763503 0.8774020 0.0000000 0.8725274 0.9213313 0.7920333 1.1401490 0.9767325 1.1806063 1.4617024 1.4989665 1.4220119 1.0441752 1.4536333 1.4887568 1.3285733 0.8960800 0.9819527 1.0793824 1.1012836 2.0699106 2.0276363 2.0204210 1.7675100 1.7449896 1.7852082 1.7071544 1.7557290 1.4607451 1.3748047 1.4988726 1.4988726 1.9675013 2.0337389 2.0337389 1.7954432 1.5574278 1.5570727 1.9757938 2.0476322 2.1432807 1.3372879 2.2798630 2.2758176 2.2829248 2.2169559 2.2851629 1.9794055 2.1840485 2.4231184 2.3947104 2.5528117 2.4223386 3.3188222 2.0423984 1.9111024 2.0200250 2.0137095 2.7094535 2.2687331 2.6392071 1.4733806 
Cgig_XM_034447704.1                               1.3679887 1.4560407 1.4259811 1.1019507 1.9536154 2.0195264 1.7559694 2.0740062 2.4153657 0.7561667 1.8765029 1.7520892 1.7659355 1.3313813 1.3031714 1.3382719 1.2975479 1.3421084 1.1158658 1.1560373 1.0959503 1.1345251 1.0635774 1.2390936 1.0456369 1.1009955 0.8855439 0.7723837 0.9742717 1.1766701 0.7930499 0.9993220 0.8725274 0.0000000 0.9536286 0.7437999 1.1830347 1.0570854 1.2089447 1.4556396 1.5039057 1.3901507 1.0270604 1.4585445 1.4951299 1.3394861 0.8475892 1.0608018 1.0931139 1.1807258 1.9588119 2.0138045 1.9395561 1.5618580 1.5297575 1.5701884 1.4507775 1.4827830 1.2918244 1.2421913 1.2973850 1.2973850 1.8415940 1.8168128 1.8168128 1.6437533 1.5080626 1.5998599 2.1510827 2.1427382 2.2969185 1.3862286 2.4107814 2.2901993 2.3431570 2.2700102 2.3720239 2.1363209 2.2911743 2.5199711 2.5697407 2.4042156 2.2885940 2.9641840 2.0998146 1.9641913 2.0831860 2.0964509 2.5872795 2.4080210 2.5724582 1.4533850 
Tcas_TC008222_001                                 1.4545597 1.4868289 1.5186691 1.4688071 2.0374652 2.0479944 1.7464036 2.0878667 2.6819236 0.8425509 1.8898311 1.7704013 1.8305549 1.3541329 1.3095630 1.4312418 1.3858380 1.3888497 1.0575654 1.1555702 1.0886865 1.1438096 1.0874519 1.2197528 1.1370537 1.1074084 0.8563150 0.9466937 1.0227975 1.2566355 0.8858783 1.0496394 0.9213313 0.9536286 0.0000000 0.5536221 1.2353889 1.0181697 1.2944313 1.4602224 1.4803156 1.4375790 1.1127031 1.4478255 1.4749805 1.3138439 1.0012034 1.1278848 1.1449880 1.2249227 2.1313281 2.2935812 2.0262043 1.5620603 1.5195985 1.5497263 1.4609730 1.4858770 1.2471853 1.2492901 1.4295112 1.4295112 1.9487447 2.1396392 2.1396392 1.7145914 1.7194486 1.6384125 2.2421879 2.2523074 2.3281944 1.4530019 2.4165951 2.3255658 2.3860543 2.3606482 2.4836029 2.1938183 2.2937776 2.6198807 2.6785087 2.4914729 2.3237061 3.0759964 2.1017916 2.0164823 2.1007171 2.0264110 2.7241288 2.3441198 2.6618139 1.6063511 
Dpul_mRNA10175                                    1.2573765 1.2090860 1.2341788 1.4600230 1.6863413 2.0879938 1.4984486 1.8717828 2.1463113 0.8999413 1.5352338 1.4644249 1.4448483 1.0827539 1.0783126 1.1299477 1.0775758 1.1117455 0.9676513 1.0069827 1.0137683 1.0127942 0.9466572 1.0361127 1.0367012 0.9551795 0.9085983 0.7920436 0.9030649 1.0506931 0.8970646 0.8686624 0.7920333 0.7437999 0.5536221 0.0000000 0.9347033 0.7808124 0.8997272 1.0963668 1.0904820 1.2929661 1.0834035 1.1413191 1.1338163 1.0122741 0.7788117 0.9560404 0.9097254 0.9330001 1.9429513 1.8134536 1.7749423 1.5509819 1.5017337 1.5399342 1.4285238 1.4525918 1.2173908 1.2223683 1.3713791 1.3713791 1.7563502 1.9708942 1.9708942 1.6790329 1.3271999 1.4250083 1.8628306 1.8357076 1.9776391 1.2718719 2.0468962 2.0131292 1.9060164 1.9423468 2.0605726 1.7697875 2.0292104 2.0602143 2.0618534 2.3684769 2.2695823 3.1113002 1.8789491 1.9329875 1.8932615 1.7876569 2.6365166 2.0973885 2.3576104 1.4054895 
Opea_EP00118_Oscarella_pearsei_P006690            1.1629608 1.3656164 1.3972112 1.5316493 2.1801746 1.9420028 1.9356257 2.4395246 2.7721346 0.9009683 1.7695096 1.6107494 1.6415171 1.3971572 1.2940356 1.3941708 1.3704783 1.3708712 1.2009220 1.2349041 1.1620743 1.2452324 1.1948489 1.3905712 1.0930168 1.3102364 0.8100955 1.2320155 1.1893361 1.3826890 1.1911362 1.2419525 1.1401490 1.1830347 1.2353889 0.9347033 0.0000000 0.0081866 0.7480776 1.5914931 1.6384318 1.2901213 1.0901359 1.5478939 1.6111366 1.5718206 1.3010113 1.3712918 1.2273956 1.2699379 2.1521249 2.3190219 2.0502541 1.5531154 1.5482406 1.5542834 1.4635818 1.5004352 1.3204056 1.3374773 1.3969975 1.3969975 1.8984827 1.8661641 1.8661641 1.7562072 1.6182299 1.6925777 2.1996795 2.2914659 2.4267335 1.3380969 2.4100337 2.4031609 2.4390252 2.4194707 2.4619788 2.2900610 2.3580578 2.6958541 2.7131507 2.6578746 2.4511964 3.7522544 2.2320568 2.0520453 2.2084376 2.1182235 2.7802757 2.4741420 2.5548574 1.2972662 
Ocar_g9389                                        0.7974778 1.3170238 1.3170238 1.4510768 1.8433841 1.7136633 1.7321766 2.3598897 2.4110508 0.8837953 1.7795509 1.4478186 1.3885542 1.1964628 1.1189201 1.1570235 1.1487456 1.1380229 1.1459907 1.1557476 1.1055509 1.1429887 1.1291305 1.2971318 0.7312901 1.1572292 0.6846921 1.0727974 1.0493861 0.7431217 0.6524935 1.0754735 0.9767325 1.0570854 1.0181697 0.7808124 0.0081866 0.0000000 0.6058348 1.4658462 1.4783922 0.9056400 0.8953184 1.4550187 1.4917492 1.5533822 1.1123273 1.1836494 1.1089694 1.0832760 1.9193920 2.0181407 1.7501727 1.3123712 1.3123712 1.3123712 1.3123712 1.3123712 1.3153420 1.3537924 1.3603264 1.3603264 1.3647827 1.7927812 1.7927812 1.3879253 1.4318337 1.4400995 1.9271377 2.0052291 2.1908827 1.2587125 2.3752654 2.2769725 2.2172359 2.1887682 2.2336149 1.9293390 2.1192004 2.5522552 2.3287164 2.2066642 1.9034160 2.4833189 1.8109262 1.4702452 1.7880189 1.7075567 2.3336840 2.2141582 2.0126004 0.7195162 
Plajan_Pjan_scaffold23737_01                      1.4182697 1.4538570 1.4545837 1.7190208 2.1828280 1.8646142 1.8678850 2.2752980 2.6545418 0.9240673 1.7413701 1.5326349 1.7083849 1.4340780 1.4130602 1.5034279 1.4347577 1.4763888 1.1696682 1.2666335 1.1315810 1.2640985 1.2113318 1.3654520 1.1151581 1.3195452 0.8377810 1.2424939 1.2452787 1.4704735 1.2169377 1.2338611 1.1806063 1.2089447 1.2944313 0.8997272 0.7480776 0.6058348 0.0000000 1.6952837 1.7077772 1.5075063 1.1468249 1.6547913 1.6969168 1.5355885 1.2646711 1.3290634 1.2887577 1.2921814 2.1519811 2.4197580 2.0442554 1.6389638 1.6419809 1.6385890 1.5750049 1.6134488 1.3264656 1.2791436 1.3837764 1.3837764 1.9097618 1.9141157 1.9141157 1.7282812 1.6734067 1.6663226 2.2977979 2.3556629 2.4827661 1.3995672 2.3647265 2.4799759 2.4152557 2.4336155 2.4908968 2.2851583 2.5561496 2.6559845 2.6981339 2.6296876 2.4849617 3.2589442 2.1920029 2.0438540 2.1585165 2.0617148 2.7171854 2.3902591 2.6952478 1.4129898 
HoiH23_PlH23_007880-RA                            1.5974252 1.7249763 1.7987578 1.3887928 2.2197359 2.0740671 1.8854605 2.2439161 2.7001924 1.1943261 2.1339345 1.8199190 1.9599513 1.6030942 1.6650710 1.7365104 1.7558333 1.7728439 1.4397671 1.5852786 1.4078719 1.6056307 1.5599449 1.6961648 1.3720488 1.6170387 1.1413931 1.4735355 1.5094115 1.8507474 1.4044253 1.5259017 1.4617024 1.4556396 1.4602224 1.0963668 1.5914931 1.4658462 1.6952837 0.0000000 0.1061298 0.1847847 0.1492597 0.1974228 0.3471365 0.2921759 1.5340883 1.5713171 1.4948229 1.5488950 2.2253825 2.4326390 2.3088749 1.7020399 1.6533270 1.7129660 1.5556914 1.5843450 1.4057317 1.3955104 1.3723656 1.3723656 1.9427940 1.9795266 1.9795266 1.8561781 1.7157577 1.7516553 2.4398312 2.4947379 2.3889722 1.6540713 2.4211669 2.5462545 2.5110468 2.4523402 2.6202027 2.3754701 2.6841820 2.6133287 2.6656023 2.7841967 2.5109963 3.2866362 2.4596127 2.2172774 2.4741173 2.4827718 2.6155438 2.6544771 2.8608325 1.6572295 
HoiH06_mRNA14714                                  1.6375570 1.7789979 1.8412891 1.5343995 2.1803267 2.1008091 1.8619625 2.2687309 2.7049632 1.2221415 2.2213267 1.9091207 2.0425157 1.6567981 1.6810316 1.7533683 1.7843106 1.7704744 1.4287967 1.6112975 1.4351698 1.6354956 1.6120113 1.7288855 1.4402108 1.6755637 1.1471524 1.4962172 1.5568323 1.9060853 1.5721232 1.5859896 1.4989665 1.5039057 1.4803156 1.0904820 1.6384318 1.4783922 1.7077772 0.1061298 0.0000000 0.2535713 0.1969084 0.2455562 0.3892566 0.3269235 1.5931788 1.6111846 1.5376642 1.5850708 2.1797062 2.4130787 2.3957281 1.7377718 1.6710888 1.7460465 1.5760876 1.5910823 1.4181631 1.4024161 1.4307879 1.4307879 2.0176980 2.1583768 2.1583768 1.9311305 1.7131549 1.6462582 2.3667062 2.4614305 2.3969024 1.6783128 2.3291343 2.5407882 2.4420953 2.4026618 2.5803501 2.3913754 2.6754517 2.6947782 2.6296183 2.8457423 2.5804971 3.2904615 2.4921844 2.3024823 2.5247167 2.4849500 2.5602980 2.6693990 2.8875745 1.6851431 
