96
Lcom_lcpid109196                                                 0.0000000 0.2502857 0.7552191 0.8240705 0.8012042 0.8054504 0.8492864 0.8073192 0.7989083 1.2640431 1.0140163 0.9395199 0.8098753 0.9172390 0.6631786 0.5146571 0.8637360 0.8069583 0.9060052 0.9711001 0.8017905 0.8512811 0.8669339 0.8669339 0.7839716 0.7103061 0.7914402 0.9149818 0.9408872 0.9130413 1.0418965 1.0994631 0.7690861 1.0502287 0.9653476 1.0719585 1.2541189 1.0097037 1.0384903 1.0079592 1.0873797 0.8971374 1.0267783 0.8612234 0.6349599 0.8170176 0.8245077 0.9221826 0.9628883 0.7682121 1.1658120 1.1780001 0.8811519 1.2624365 1.2165318 1.2062302 1.2412299 1.3352763 1.0854650 1.1726558 1.0859660 1.3222058 1.3222058 1.1547061 1.1547061 0.9328432 1.1662227 1.2042358 0.9958810 1.2456575 1.1414597 1.2902841 1.2826017 1.4437260 1.1314656 1.1621013 1.1204309 1.2829257 1.2330006 1.1147339 1.1483339 1.2174889 1.1139030 0.9551117 1.0707644 1.2420486 1.3954470 1.2405162 1.5137798 1.6174881 2.5479910 1.4808771 1.7554028 1.6605093 1.2919516 5.2464452 
Gracom_Gcom_C540108_01                                           0.2502857 0.0000000 0.7466559 0.9357477 0.9338488 0.9354613 0.9107153 0.8576361 0.8453685 1.1789306 0.9171760 0.8715472 0.7386665 0.8927517 0.7415996 0.5806386 0.8954438 0.7272538 0.8211647 1.0153118 0.7858920 0.8648112 0.9050852 0.9050852 0.8363480 0.7900455 0.8307255 0.9432542 1.0437695 1.0070555 1.0740108 1.1387629 0.8507042 1.1255633 1.0410075 1.1050772 1.2501978 1.1186158 1.0659826 0.9617593 1.0477560 0.8540364 0.8741065 0.8583296 0.6570499 0.7774778 0.7889388 0.9858815 0.9715745 0.9355639 1.0964379 1.0388398 0.8139699 1.3435519 1.3012817 1.2918265 1.2988860 1.3889743 1.0892294 1.1272646 1.0271506 1.3298150 1.3298150 1.2040127 1.2040127 0.9650084 1.2527308 1.2547468 1.0733664 1.1107110 1.2600884 1.2485747 1.1488355 1.4112742 1.1627708 1.1771154 1.1244571 1.2806991 1.1972588 1.0184260 1.0513596 1.2068989 1.1913213 1.0314712 1.1072564 1.1193274 1.8081008 1.2888892 1.4290533 1.5261305 2.4996678 1.5071244 1.6241596 1.4865276 1.3423843 3.8980386 
Lcom_lcpid251530                                                 0.7552191 0.7466559 0.0000000 0.5901790 0.5512796 0.5512796 0.5664398 0.5560231 0.5560231 0.5825750 0.5256333 0.7274348 0.7357713 0.8540882 0.6701529 0.6701529 0.6099131 0.6094845 0.6094845 0.5783822 0.8002680 0.8464400 0.6207762 0.6207762 0.6838417 0.6838417 0.8510274 0.7994487 0.8636079 0.8419190 0.7275837 0.7492323 0.7827618 0.7535325 0.7074983 0.8038596 1.2435007 0.7830672 0.7235070 0.6773828 0.8956663 0.7234659 1.0857786 0.7411676 0.7745406 0.8897727 0.7180375 0.6361431 0.6249436 0.8702317 0.6606555 0.7175445 0.8048424 1.0303671 1.1599470 1.1599470 1.0872447 1.0872447 0.8252425 0.7664507 0.9335121 0.8034365 0.8034365 0.8034365 0.8034365 0.7255427 0.8169478 0.8169478 0.7911065 0.8614328 0.7768912 1.1001562 0.7872450 0.9097966 0.9856505 1.0043587 0.8101843 1.0775813 1.0525010 0.8968897 0.8419286 0.8799575 0.9696915 0.7917054 0.8128148 0.9208279 0.9857897 0.8936602 0.9037758 0.9037758 6.0569835 1.3477244 1.2236241 1.7237552 8.9999987 4.5747055 
HoiH23_PlH23_003450-RA                                           0.8240705 0.9357477 0.5901790 0.0000000 0.0757804 0.0677222 0.1413568 0.1522501 0.1422118 1.1748128 0.8414969 0.8708837 0.8686648 0.8737717 0.7596384 0.6031262 0.8609200 0.7480578 0.8877793 0.8827724 0.8249093 1.0866784 0.9422936 0.9422936 0.9322307 0.8762412 0.8798362 1.0832353 1.2717992 1.1450311 1.0673221 1.0900009 0.8136903 1.1852999 1.0357106 1.0903182 1.3010899 1.0380774 1.1859594 1.0342487 1.2660600 0.9103457 1.0728709 0.9938903 0.8358426 0.7626156 1.0064276 0.9544194 0.9739069 1.1710648 1.0951904 1.0936778 1.0825823 1.2873401 1.0936416 1.1160521 1.2110750 1.3503242 1.0815927 1.1091885 1.1237927 1.1745037 1.1745037 1.0350629 1.0350629 0.7584104 1.0078906 0.9931205 0.8371868 1.0304222 1.1693809 1.2562231 1.2118354 1.1787656 1.1283753 1.0987331 1.1050507 1.2550382 1.2205112 1.2899020 1.1024987 1.0116427 1.3568111 1.0566530 1.2844420 1.1481320 1.7035657 1.5856614 1.4906586 1.7025984 2.6865030 1.2403991 1.6225690 2.3939849 1.5383086 3.4599193 
Hhon_g00860.t1                                                   0.8012042 0.9338488 0.5512796 0.0757804 0.0000000 0.0149121 0.1147782 0.1379172 0.1280274 1.0842124 0.8204716 0.8965148 0.9120857 0.8833740 0.7479957 0.5795565 0.8798138 0.7088457 0.8529536 0.8250196 0.8756979 1.1031973 0.9471637 0.9471637 0.9290237 0.8613834 0.9569601 1.0714900 1.2632980 1.1860114 1.0828307 1.0896402 0.8108833 1.1549193 1.0497413 1.0945973 1.3436216 1.0510441 1.1865524 0.9919956 1.2699860 0.8790165 1.1046115 1.0012434 0.8959154 0.7665334 1.0218272 0.9439965 0.9618685 1.2301014 1.0268728 1.0417206 1.0932084 1.3347668 1.1473060 1.1715062 1.1661894 1.2938068 1.0523544 1.0797582 1.1078652 1.1959682 1.1959682 1.0613694 1.0613694 0.7173765 0.9676188 0.9594518 0.8429289 1.0182200 1.0777221 1.2880928 1.1442189 1.1403494 1.0642627 1.0438411 1.0536767 1.1878048 1.1393567 1.2268262 1.0558669 1.0095759 1.3257884 1.0098200 1.2772187 1.1375483 1.6116837 1.5302205 1.4402130 1.6099127 2.5041985 1.2111791 1.7334245 2.0174383 1.4834204 3.2144775 
HoiH04_mRNA15085                                                 0.8054504 0.9354613 0.5512796 0.0677222 0.0149121 0.0000000 0.1147782 0.1387668 0.1280274 1.1140698 0.8387814 0.8927577 0.9022791 0.9001632 0.7400494 0.5689711 0.8703273 0.7139961 0.8573898 0.8250196 0.8849994 1.0913861 0.9368794 0.9368794 0.9152543 0.8613834 0.9465275 1.0561837 1.2321359 1.1689780 1.0672712 1.0740637 0.7967836 1.1387288 1.0347565 1.0791750 1.3243152 1.0508924 1.1799376 0.9814963 1.2772895 0.8670336 1.1046115 1.0300587 0.9070636 0.7665334 1.0218272 0.9644689 0.9727759 1.2161170 1.0502653 1.0193824 1.0932084 1.3347668 1.1473060 1.1715062 1.1661894 1.2938068 1.0523544 1.0797582 1.1132609 1.1959682 1.1959682 1.0666154 1.0666154 0.7173765 0.9359953 0.9594518 0.8429289 1.0006916 1.1157039 1.2886629 1.1628517 1.1408264 1.0489950 1.0288564 1.0490587 1.1793540 1.1448416 1.2094720 1.0595016 0.9948155 1.3437955 1.0216298 1.2745448 1.1420642 1.6116837 1.5056781 1.4230897 1.5900747 2.5041985 1.2111791 1.7334245 2.1545274 1.4834204 3.2144775 
HoiH11_mRNA6872                                                  0.8492864 0.9107153 0.5664398 0.1413568 0.1147782 0.1147782 0.0000000 0.1262662 0.1262662 0.9427662 0.7500690 0.8600387 0.8921034 0.9229685 0.7151069 0.4974609 0.7573526 0.6602555 0.8487834 0.8019362 0.8738651 0.9773708 0.8350992 0.8350992 0.9196102 0.8407415 0.9181204 1.0290116 1.1871406 1.0954753 1.2577990 1.2673366 0.7986419 1.2320336 1.1408559 1.1665819 1.5531807 1.0841194 1.1517989 0.9340218 1.2315028 0.7316691 1.0442938 0.9331291 0.8573984 0.8870039 0.9818168 0.9423967 0.9302121 1.0557967 1.1213887 1.0527844 0.8862743 1.0734889 1.1049853 1.1049853 1.1513075 1.1513075 1.0862710 1.0755158 1.0703598 1.0703224 1.0703224 1.0703224 1.0703224 0.7436814 0.9062777 0.9177287 0.8088738 0.9742690 1.0665658 1.2136253 0.9604560 0.9895943 0.9272655 0.9154278 0.7792271 1.0621501 1.0228134 1.0917597 0.8539142 0.9748531 1.2725023 0.8703740 1.0471761 1.0258720 1.2110173 1.2222320 1.4157373 1.6210455 2.5801776 1.3525761 1.7179890 6.6610527 1.4498683 3.1102840 
TrH2_TrispH2_006588-RA                                           0.8073192 0.8576361 0.5560231 0.1522501 0.1379172 0.1387668 0.1262662 0.0000000 0.0000010 0.9977886 0.8402252 0.8891258 0.8450058 0.8623715 0.7490965 0.5939601 0.8932563 0.7330716 0.8418174 0.7625824 0.8021226 1.0532369 0.8748036 0.8748036 0.8941001 0.8190562 0.8717205 1.0260741 1.1775309 1.1455928 1.1222690 1.1047550 0.8707038 1.1020064 1.0346519 1.1708788 1.4467001 1.0285666 1.1153063 0.9483407 1.2146400 0.8501695 1.1019483 1.0074610 0.8321025 0.8130089 0.9521484 0.9188244 0.9427604 1.1467101 1.0278279 1.0411224 1.0102600 1.3279948 1.1903764 1.1626442 1.1909822 1.2752414 1.0599559 1.0872389 1.0712389 1.2162342 1.2162342 1.0481631 1.0481631 0.7197595 0.9531830 0.9436524 0.7914727 0.9273349 1.1972196 1.2088202 1.1616013 1.1533097 1.0152119 1.0251819 1.0181081 1.1759327 1.1575773 1.1956574 1.0198726 1.0310918 1.2720844 0.9612711 1.2195962 1.0475122 1.5733882 1.4877986 1.4657462 1.6276994 2.5170527 1.2691194 1.6596976 2.1195762 1.4263268 3.4262361 
Tadh_TriadT28401                                                 0.7989083 0.8453685 0.5560231 0.1422118 0.1280274 0.1280274 0.1262662 0.0000010 0.0000000 0.9717868 0.8088610 0.8479884 0.8334380 0.8159196 0.7197732 0.5628448 0.8612645 0.7212175 0.8339965 0.7625824 0.7696463 1.0303275 0.8478522 0.8478522 0.8727509 0.8190562 0.8601402 1.0152239 1.1673376 1.1138775 1.0912892 1.0740532 0.8404793 1.0717367 1.0015417 1.1419989 1.4135807 1.0074805 1.0779411 0.9096403 1.1681110 0.8181721 1.1019483 0.9762422 0.8140267 0.7912492 0.9521484 0.8910287 0.9162107 1.1604789 1.0437249 1.0572965 0.9701253 1.3279948 1.1903764 1.1626442 1.1776764 1.2752414 1.0477570 1.0748323 1.0628390 1.2162342 1.2162342 1.0395750 1.0395750 0.7197595 0.9243918 0.9436524 0.7914727 0.9153333 1.1732625 1.1906132 1.1234689 1.1341609 1.0005030 1.0210120 0.9824757 1.1304137 1.1447170 1.1612358 0.9940653 1.0243821 1.2964093 0.9631288 1.1843721 1.0224266 1.5733882 1.4375869 1.4243258 1.5831988 2.5170527 1.2607526 1.6596976 2.0604905 1.4263268 3.4080506 
Saldol_EP00054_Salpingoeca_dolichothecata_P031894                1.2640431 1.1789306 0.5825750 1.1748128 1.0842124 1.1140698 0.9427662 0.9977886 0.9717868 0.0000000 0.9990433 1.1421358 1.1861586 1.0629501 1.1234709 0.9975548 1.2782938 1.0150302 1.1574893 0.9650863 1.0669460 0.9636796 1.1239815 1.1239815 1.0493256 0.8231445 1.2143277 1.1912307 1.2244232 1.2208637 1.2260443 1.2546578 0.9627154 1.0913971 1.1859310 1.2032493 1.4000532 1.1263057 1.0678864 1.1125015 1.1151450 1.1906297 1.4302248 1.2377158 1.1529907 1.0652032 1.0390984 1.1236432 1.2640873 1.3703902 1.0311189 1.0659223 0.9987318 1.6681861 1.7253211 1.6736224 1.4216232 1.4433071 1.4605725 1.4634692 1.6165554 1.5133275 1.5133275 1.3714391 1.3714391 1.0927435 1.4423840 1.4300018 1.2303188 1.4329611 1.6305407 1.4579437 0.8671944 0.9332237 0.7968822 0.8607555 0.7740823 1.1323743 1.1425899 0.8869215 0.9417271 0.9277030 1.1877062 1.0271951 1.4063122 1.3656571 1.8705750 1.6199281 1.4687264 1.7059417 2.8875727 1.6179712 1.8900768 2.0285119 1.2132149 5.2152442 
Cscu_XM_023369821.1                                              1.0140163 0.9171760 0.5256333 0.8414969 0.8204716 0.8387814 0.7500690 0.8402252 0.8088610 0.9990433 0.0000000 0.7671092 0.7784882 0.8799696 0.7336139 0.6544288 0.8894727 0.8091005 0.9066792 0.7465867 0.8750505 0.8466865 0.8412110 0.8412110 0.7476669 0.6628545 0.9975644 1.0076118 1.0427085 1.0798616 0.9524837 0.9848489 0.8643021 0.9230349 0.9392283 1.0658775 1.2714192 0.9511205 0.9054499 0.8916641 0.9452881 0.7058846 0.9583473 0.8668333 0.9137197 0.8456780 0.7978126 0.8288087 0.8060709 1.0944625 0.8953218 0.8750126 0.8260629 1.2520538 1.2881075 1.2784280 1.2901714 1.3917247 1.1105204 1.1091367 1.2072904 1.1554162 1.1554162 1.1127234 1.1127234 1.0472565 1.2306688 1.2045306 1.0046457 1.1102726 1.3287714 1.1253540 1.0834168 1.0443904 1.1826659 1.2571796 1.1286994 1.2591990 1.2446562 1.1345148 1.0948388 1.1094604 1.3840083 1.0774083 1.0260905 1.3031708 1.6833757 1.2499578 1.1012887 1.2371795 2.3124416 1.4878904 1.5369980 1.3196126 1.5434833 3.6463809 
Aque_Aqu2.1.38185_001                                            0.9395199 0.8715472 0.7274348 0.8708837 0.8965148 0.8927577 0.8600387 0.8891258 0.8479884 1.1421358 0.7671092 0.0000000 0.3536043 0.5047210 0.6979664 0.5919798 0.7573000 0.6591115 0.7357786 0.5565321 0.9475450 0.9262802 0.7785993 0.7785993 0.7296586 0.6712690 0.8395505 0.9476567 0.9946405 0.9478398 0.9218140 0.9290920 0.7948673 1.0173545 0.9093512 0.9937305 1.1452238 0.9451887 0.8638212 0.8944785 0.9696327 0.8778246 0.9651956 0.8917806 0.9199228 0.7159539 0.9265901 0.9415429 0.9051857 1.0775218 0.7701213 0.8059210 1.1228626 1.3151037 1.3066223 1.2604840 1.2576632 1.3717688 1.0782221 1.0886839 1.2155395 1.3035244 1.3035244 1.2105248 1.2105248 1.1474374 1.1774386 1.1641319 1.0498524 1.1752382 1.2008987 1.2546273 1.0928188 1.2597142 1.2724476 1.3166168 1.2727771 1.4374723 1.4892564 1.3726543 1.2182451 1.3699300 1.4450442 1.1974921 1.0693183 1.3032712 1.7340581 1.5013740 1.2653720 1.4533628 2.3217689 1.4237196 1.5996653 2.1429457 1.3805216 3.3974470 
Halamb_c26982_g1_i2mm.152                                        0.8098753 0.7386665 0.7357713 0.8686648 0.9120857 0.9022791 0.8921034 0.8450058 0.8334380 1.1861586 0.7784882 0.3536043 0.0000000 0.4379928 0.6668971 0.5123282 0.7136169 0.6312290 0.7273862 0.5410976 0.8619640 0.8427329 0.6814147 0.6814147 0.6684878 0.6278664 0.7128040 0.9580562 1.0079464 0.9856193 0.8809734 0.8827735 0.7296359 0.9544697 0.8671126 0.9441954 1.0777027 0.9671273 0.8846201 0.8235821 1.0714810 0.8525433 0.8515803 0.8793389 0.8069557 0.7316080 0.8285604 0.9240593 0.8788385 0.9351048 0.7702328 0.8059108 1.0079323 1.3065965 1.2484809 1.2546254 1.2045394 1.2965418 0.9986867 0.9825896 1.2128698 1.3058064 1.3058064 1.1962668 1.1962668 1.0880183 1.1332396 1.1418300 1.0623534 1.0443877 1.2010221 1.2278045 1.1470533 1.2860309 1.1953290 1.1780083 1.1670552 1.2832169 1.3293330 1.0962749 1.1940666 1.3110494 1.3878390 1.0701144 1.1436495 1.1716298 1.3591919 1.2586377 1.2218821 1.4230008 2.4445846 1.5546109 1.4537420 1.7749353 1.6624744 3.8391704 
Xestes_augustus_masked-XT_scaffold5401-processed-gene-0.3-mRNA-1 0.9172390 0.8927517 0.8540882 0.8737717 0.8833740 0.9001632 0.9229685 0.8623715 0.8159196 1.0629501 0.8799696 0.5047210 0.4379928 0.0000000 0.7364424 0.6076479 0.8776335 0.6406821 0.7359124 0.6180410 0.8316389 1.0628776 0.7879433 0.7879433 0.7655218 0.7151550 0.9279769 1.0347414 1.0993565 1.0621562 0.7647429 0.7786136 0.6491721 0.8767745 0.7921509 0.8090825 0.9291464 0.9283599 0.9190906 1.0101281 1.0493037 1.0233695 0.8497757 0.8470328 0.9024256 0.6093132 0.9266422 0.8853756 0.9949216 1.1864172 0.9286533 0.9157247 1.1011260 1.2672047 1.2471571 1.2117046 1.0371943 1.0987916 1.0335514 1.0234754 1.1925497 1.1523483 1.1523483 1.0822519 1.0822519 0.9060893 1.1163040 1.1629945 0.9968836 1.0274621 1.1812250 1.1942740 1.2186987 1.3347024 1.1151281 1.1843868 1.0871343 1.3603765 1.3783937 1.0705008 1.2006702 1.2567864 1.4910678 1.0265710 1.2574452 1.3644624 1.5531341 1.4355028 1.2751108 1.5352449 1.9684502 1.5569728 1.4411142 2.0965760 1.3149407 3.7856445 
Opea_EP00118_Oscarella_pearsei_P025338                           0.6631786 0.7415996 0.6701529 0.7596384 0.7479957 0.7400494 0.7151069 0.7490965 0.7197732 1.1234709 0.7336139 0.6979664 0.6668971 0.7364424 0.0000000 0.0056648 0.5387603 0.6328434 0.7483180 0.6932070 0.7224238 0.7901795 0.7974129 0.7974129 0.6780398 0.6005762 0.8152613 0.8629462 0.9300534 0.9494686 0.9114688 0.9163124 0.6929599 0.8415500 0.8460754 0.9546887 1.1329647 1.0310473 1.0338120 0.8604087 1.1287174 0.7441375 0.9967302 0.7360755 0.8257071 0.7246049 0.7410481 0.8039927 0.9461677 0.9633780 0.8753777 0.9583107 0.9473236 1.1997191 1.2064118 1.1963336 1.0844776 1.1763328 0.9863548 1.0112573 1.0999033 1.1078056 1.1078056 0.9897623 0.9897623 0.9274924 1.0102292 1.0838605 0.9522333 1.0564329 1.1226189 1.1151848 1.0865811 1.3308997 1.1065600 1.1976360 1.1560427 1.1670741 1.1891592 0.9403591 1.0319418 1.0647684 1.2262723 0.7510633 1.0285014 1.2561288 1.1357540 1.2934347 1.2401663 1.4449231 1.7151843 1.3944943 1.6286645 1.9452779 1.1318444 3.4114653 
Ocar_g514                                                        0.5146571 0.5806386 0.6701529 0.6031262 0.5795565 0.5689711 0.4974609 0.5939601 0.5628448 0.9975548 0.6544288 0.5919798 0.5123282 0.6076479 0.0056648 0.0000000 0.4753462 0.6328434 0.5882512 0.6932070 0.5873265 0.6422495 0.7571913 0.7571913 0.6159243 0.5012876 0.6822762 0.7357298 0.8326881 0.8436147 0.7367715 0.7386644 0.6853529 0.6959175 0.6916143 0.7644583 0.9296803 0.8371149 0.8926606 0.7183060 0.9628282 0.6179887 0.9502962 0.6447796 0.7059192 0.6123312 0.5198730 0.7126384 0.7888569 0.7580654 0.7392401 0.7886799 0.9473236 0.8799385 0.8378499 0.8232240 0.8621236 0.9086681 0.7962875 0.8197610 0.9210672 0.9684047 0.9684047 0.8534931 0.8534931 0.5796401 0.8097784 0.8509317 0.6877677 0.8608416 0.9607045 0.8547826 0.9552774 1.2369370 0.9995075 1.0465056 1.0094221 1.0128785 1.0439394 0.8378755 0.8608816 0.9061798 1.0696971 0.6678196 0.8343248 1.0917098 0.8441500 1.1569872 1.1795271 1.1795271 1.8232284 1.1089406 1.0026711 1.8681270 0.9707543 3.7612660 
Plajan_Pjan_scaffold11214_01                                     0.8637360 0.8954438 0.6099131 0.8609200 0.8798138 0.8703273 0.7573526 0.8932563 0.8612645 1.2782938 0.8894727 0.7573000 0.7136169 0.8776335 0.5387603 0.4753462 0.0000000 0.7669650 0.8435071 0.7090223 0.7552414 0.8124830 0.9997234 0.9997234 0.8011784 0.7551751 0.8177480 1.0330084 1.1424779 1.1689417 1.0485789 1.0120596 0.8133199 1.0000913 0.9390682 0.9826277 1.1304745 1.0511260 1.0927897 0.9683387 1.1068785 0.7333396 1.0238979 0.8757008 0.9324006 0.7337180 0.8467173 0.9238574 1.0174674 0.9967904 0.9588210 1.0034340 1.0420702 1.1526602 1.1739038 1.1418658 1.2208324 1.2969659 1.0883012 1.0737110 1.4028884 1.3180586 1.3180586 1.2339629 1.2339629 1.0275607 1.2706358 1.3286793 1.1027092 1.3175809 1.3401189 1.4796299 1.2533023 1.3644091 1.3597880 1.3723409 1.1801561 1.2526992 1.3376546 1.1107164 1.2874873 1.3135069 1.2959679 1.1376821 1.1023232 1.3432257 1.4887413 1.4317020 1.3208674 1.4816398 2.2008839 1.3403962 1.8745873 1.9538340 1.4321699 3.4453969 
Tetwil_g4154.t1                                                  0.8069583 0.7272538 0.6094845 0.7480578 0.7088457 0.7139961 0.6602555 0.7330716 0.7212175 1.0150302 0.8091005 0.6591115 0.6312290 0.6406821 0.6328434 0.6328434 0.7669650 0.0000000 0.0065876 0.4136166 0.7961072 0.8692669 0.8293290 0.8293290 0.7318565 0.6173124 0.8643549 0.8885354 0.9682369 1.0008596 0.7800161 0.7888517 0.7700028 0.8786382 0.7758566 0.7990972 0.9423344 0.8128353 0.7651639 0.7241857 0.9520622 0.9189927 1.0452634 0.8723396 1.0148374 0.6922485 0.9230041 0.9068906 0.8472809 0.9172934 0.5799400 0.6171542 1.0520194 1.2899376 1.3526127 1.2642691 1.0276762 1.1416822 0.9991797 1.0251381 1.0221116 1.1548202 1.1548202 0.9962204 0.9962204 0.7268570 0.9858088 1.0384751 0.8929068 1.0432953 0.9860586 1.1493619 1.0983061 1.3883350 1.1258183 1.0859327 1.0689119 1.1657493 1.0673818 0.8886120 1.0060130 0.9834906 0.9595453 1.0040594 0.9843020 1.2124242 1.3431346 1.2431368 1.2123134 1.2123134 6.2991397 1.2915271 1.0191688 1.8411978 3.6098879 4.9702416 
Tetwil_g4155.t1                                                  0.9060052 0.8211647 0.6094845 0.8877793 0.8529536 0.8573898 0.8487834 0.8418174 0.8339965 1.1574893 0.9066792 0.7357786 0.7273862 0.7359124 0.7483180 0.5882512 0.8435071 0.0065876 0.0000000 0.4236636 0.8465730 0.9634174 0.9300020 0.9300020 0.9147049 0.9006301 0.9831128 1.0296744 1.0660003 1.1445235 1.0149463 1.0193805 0.7425676 1.1089106 0.9999574 1.0316946 1.1747706 0.9777041 0.8874659 0.8560564 1.1335605 0.9943169 1.0384018 0.9805218 1.0850623 0.8154095 1.1842316 0.9467485 0.8980238 1.1450956 0.7223659 0.7781667 1.0120740 1.6162380 1.7163197 1.6554396 1.2649986 1.4109529 1.2382921 1.2600646 1.2463425 1.3426417 1.3426417 1.1941897 1.1941897 1.1798210 1.2202597 1.3246112 1.2554966 1.2432786 1.2202560 1.4326077 1.2531324 1.5086662 1.2652060 1.2453584 1.1886653 1.3478988 1.2425167 1.0156583 1.1393097 1.1635303 1.1786300 1.1795691 1.2133942 1.3251748 1.6531634 1.4155168 1.2994989 1.4649760 2.3515431 1.6522361 1.4480721 1.7726539 1.9263058 5.2169343 
Stycar_maker-SC_scaffold18399-snap-gene-0.2-mRNA-1               0.9711001 1.0153118 0.5783822 0.8827724 0.8250196 0.8250196 0.8019362 0.7625824 0.7625824 0.9650863 0.7465867 0.5565321 0.5410976 0.6180410 0.6932070 0.6932070 0.7090223 0.4136166 0.4236636 0.0000000 0.7995871 1.0583105 0.8177353 0.8177353 0.7754467 0.5060104 0.8500669 0.8375825 1.1067006 0.8366818 0.6687355 0.6503769 0.7952806 0.6820437 0.6506518 0.7684759 0.7355030 0.7629448 0.7736186 0.6788647 0.8518358 0.9687107 0.9411979 0.8698265 0.8812188 0.7912211 0.4956378 0.6727588 0.6921877 0.9297976 0.6413280 0.5842024 1.0001317 0.5839997 0.7160288 0.7160288 1.0375427 1.0375427 1.2111832 1.0970560 1.3466236 1.2736698 1.2736698 1.2736698 1.2736698 0.6177092 1.1676332 1.1862321 0.7020306 1.1969089 1.1585252 1.1037039 1.1263668 1.4698649 1.4784127 1.4872105 1.1634314 1.0847468 1.0269445 0.8893922 1.0153516 1.2061294 1.1414831 0.9809319 1.0540547 1.3911739 1.9800658 1.1975148 1.3617620 1.3617620 6.6510319 1.6992813 0.0000010 4.0861162 4.0150176 1.0693172 
Skow_XM_002742279.2                                              0.8017905 0.7858920 0.8002680 0.8249093 0.8756979 0.8849994 0.8738651 0.8021226 0.7696463 1.0669460 0.8750505 0.9475450 0.8619640 0.8316389 0.7224238 0.5873265 0.7552414 0.7961072 0.8465730 0.7995871 0.0000000 0.7412421 0.7421737 0.7421737 0.7895190 0.7094662 0.7902502 0.8555222 0.9063968 0.8650969 0.9474935 0.9552137 0.7485355 0.9656207 0.8722155 0.9677174 1.1054423 0.9211439 0.9051929 0.8377773 1.0423491 0.7327471 1.0572018 0.9120887 0.9106331 0.6987925 0.8509263 0.8074636 0.9109722 1.0637006 1.0623586 1.0661685 0.9100099 1.2015959 1.1321033 1.1314173 1.1652116 1.2747544 1.1911630 1.2051477 1.1512493 1.2277358 1.2277358 1.0979970 1.0979970 0.9380960 1.1828279 1.2553678 1.0125104 1.1798515 1.3476564 1.1382168 1.4039462 1.2990365 1.2023770 1.2557185 1.1071061 1.2961782 1.2715286 1.2238016 1.1464697 1.1343667 1.4699409 1.1427735 1.1810666 1.2705775 1.8365548 1.4844571 1.6805454 1.8365707 2.7920908 1.3844477 1.6376384 2.1293073 1.3690127 3.9044046 
Bralan_BLAG03001614_1                                            0.8512811 0.8648112 0.8464400 1.0866784 1.1031973 1.0913861 0.9773708 1.0532369 1.0303275 0.9636796 0.8466865 0.9262802 0.8427329 1.0628776 0.7901795 0.6422495 0.8124830 0.8692669 0.9634174 1.0583105 0.7412421 0.0000000 0.8229236 0.8229236 0.7506912 0.6641217 0.7415531 0.7455709 0.9115787 0.9297304 0.9894177 1.0101126 0.7749073 0.9740944 1.0028768 0.9986134 1.1227659 0.9716950 0.8270358 0.8721695 0.9494050 0.6588121 1.0382915 0.8738348 0.7969762 1.0548295 0.9084742 0.8990027 0.8238919 1.0014515 1.0721758 1.0354343 0.8704889 1.1665512 1.2038579 1.1559602 1.1363220 1.1698404 1.0636509 1.0831181 1.2489787 1.1405554 1.1405554 1.0478460 1.0478460 0.9504754 1.3154593 1.3112011 1.1431864 1.2160428 1.3043768 1.2673820 1.1003242 1.2574844 1.1087836 1.1638900 1.0394990 1.3536081 1.4124194 1.3535220 1.3495652 1.3301762 1.5092601 1.2920853 1.2831029 1.2708080 1.9656069 1.5553860 1.4445542 1.6554991 2.6043932 1.3414418 1.6202382 1.6449361 1.3717135 4.0608902 
Spur_XM_030986130.1                                              0.8669339 0.9050852 0.6207762 0.9422936 0.9471637 0.9368794 0.8350992 0.8748036 0.8478522 1.1239815 0.8412110 0.7785993 0.6814147 0.7879433 0.7974129 0.7571913 0.9997234 0.8293290 0.9300020 0.8177353 0.7421737 0.8229236 0.0000000 0.0000010 0.7116576 0.5923447 0.6936754 0.7307081 0.6998302 0.7323731 0.7907613 0.8359025 0.7168617 0.8007915 0.7396028 0.8879755 1.0574801 0.8464714 0.6393026 0.6718590 0.8225636 0.7319170 1.2175346 0.8858784 0.8075445 0.8750785 0.7419021 0.9280177 1.0328356 0.9409116 1.0469699 1.0357116 0.8823724 1.1995652 1.1949372 1.1846044 1.1913821 1.2745743 0.9850058 1.0353913 1.1303268 1.1590336 1.1590336 1.0384669 1.0384669 0.8624697 1.1699354 1.2193886 0.9388410 1.0985617 1.2555725 1.1959391 1.2215220 1.2454528 1.1738470 1.2779209 1.0930219 1.3793808 1.3573299 1.3084952 1.3224270 1.1031407 1.4959266 1.1712543 1.2307830 1.2911427 1.5673708 1.3582989 1.3998513 1.6579700 2.1831717 1.3617383 1.6944147 1.6636658 1.4679595 3.3447281 
Spur_XM_776257.5                                                 0.8669339 0.9050852 0.6207762 0.9422936 0.9471637 0.9368794 0.8350992 0.8748036 0.8478522 1.1239815 0.8412110 0.7785993 0.6814147 0.7879433 0.7974129 0.7571913 0.9997234 0.8293290 0.9300020 0.8177353 0.7421737 0.8229236 0.0000010 0.0000000 0.7116576 0.5923447 0.6936754 0.7307081 0.6998302 0.7323731 0.7907613 0.8359025 0.7168617 0.8007915 0.7396028 0.8879755 1.0574801 0.8464714 0.6393026 0.6718590 0.8225636 0.7319170 1.2175346 0.8858784 0.8075445 0.8750785 0.7419021 0.9280177 1.0328356 0.9409116 1.0469699 1.0357116 0.8823724 1.1995652 1.1949372 1.1846044 1.1913821 1.2745743 0.9850058 1.0353913 1.1303268 1.1590336 1.1590336 1.0384669 1.0384669 0.8624697 1.1699354 1.2193886 0.9388410 1.0985617 1.2555725 1.1959391 1.2215220 1.2454528 1.1738470 1.2779209 1.0930219 1.3793808 1.3573299 1.3084952 1.3224270 1.1031407 1.4959266 1.1712543 1.2307830 1.2911427 1.5673708 1.3582989 1.3998513 1.6579700 2.1831717 1.3617383 1.6944147 1.6636658 1.4679595 3.3447281 
Ctel_gnl_WGS_AMQN_CAPTEDRAFT_mRNA150652                          0.7839716 0.8363480 0.6838417 0.9322307 0.9290237 0.9152543 0.9196102 0.8941001 0.8727509 1.0493256 0.7476669 0.7296586 0.6684878 0.7655218 0.6780398 0.6159243 0.8011784 0.7318565 0.9147049 0.7754467 0.7895190 0.7506912 0.7116576 0.7116576 0.0000000 0.0000010 0.9442689 0.8862628 0.9400851 1.0424275 0.9981402 1.0246398 0.7998882 0.9585896 0.9551159 1.0171785 1.1895415 0.9134796 0.9831977 0.9811628 0.9928140 0.9008306 0.8168539 0.7139220 0.8060318 0.7902417 0.7356526 0.8820984 1.0368452 1.0769965 1.0434188 1.0305600 0.8384959 1.2113461 1.2326870 1.1977233 1.1838564 1.3049251 1.0613000 1.0755460 1.3211566 1.2494504 1.2494504 1.0964296 1.0964296 1.0576676 1.1574215 1.2210799 1.0614066 1.2020705 1.1459474 1.1037375 1.2124405 1.2663358 1.2837191 1.2930790 1.2915423 1.4842984 1.4621598 1.2546889 1.2120343 1.3167922 1.4263248 0.9857339 1.0108482 1.5993731 1.7319420 1.4217751 1.3675516 1.6194674 2.7201177 1.4333505 1.7748056 1.7919062 1.7637781 4.4422384 
Ctel_gnl_WGS_AMQN_CAPTEDRAFT_mRNA165948                          0.7103061 0.7900455 0.6838417 0.8762412 0.8613834 0.8613834 0.8407415 0.8190562 0.8190562 0.8231445 0.6628545 0.6712690 0.6278664 0.7151550 0.6005762 0.5012876 0.7551751 0.6173124 0.9006301 0.5060104 0.7094662 0.6641217 0.5923447 0.5923447 0.0000010 0.0000000 0.9467559 0.8366334 0.8801344 0.9262962 1.0644499 1.0998368 0.8292310 0.9929978 1.0591487 1.1096331 1.3953777 0.9667532 0.9583665 0.9051881 0.9929344 0.8454963 0.7470732 0.6515503 0.7761727 0.7319864 0.7356526 0.7952058 0.9047233 0.9521271 0.9924607 1.0348341 0.5797034 1.0511736 1.1795135 1.1795135 1.1867355 1.1867355 0.9787427 0.9972952 1.1906522 1.0248037 1.0248037 1.0248037 1.0248037 1.0576676 1.1056350 1.0913755 1.0338101 1.1636092 1.0982379 0.9866747 0.9550566 1.0970985 1.0765853 1.0984276 0.9982736 1.3611739 1.1889852 1.1149146 1.0571369 1.2582287 1.3028042 0.7906984 0.8099097 1.5257635 1.3635318 1.1818572 1.4449316 1.8403336 2.7201177 1.5590021 1.7748056 3.4301588 1.7637781 4.5197957 
Morvir_scaffold11.g27.t1                                         0.7914402 0.8307255 0.8510274 0.8798362 0.9569601 0.9465275 0.9181204 0.8717205 0.8601402 1.2143277 0.9975644 0.8395505 0.7128040 0.9279769 0.8152613 0.6822762 0.8177480 0.8643549 0.9831128 0.8500669 0.7902502 0.7415531 0.6936754 0.6936754 0.9442689 0.9467559 0.0000000 0.5915147 0.6207492 0.6703546 0.6625570 0.6966819 0.6461940 0.6828333 0.6058910 0.7818375 0.8968537 0.8193376 0.7218877 0.5759837 0.8692146 0.6502048 0.9769256 0.8653792 0.8185847 0.8058336 0.7423674 0.9727939 1.0116355 0.7043696 1.0973854 1.1256716 0.8939337 1.1134616 1.0781413 1.0443322 1.0396493 1.0477576 0.9813165 1.0142525 1.1368859 1.1341524 1.1341524 1.0731772 1.0731772 0.7959553 1.0579730 1.0221589 0.8326687 1.0709948 1.2255989 1.1310775 1.3828042 1.3308231 1.2736847 1.3323746 1.1982565 1.2974478 1.3829600 1.3179656 1.2372440 1.1635929 1.5391808 1.2342467 1.0810070 1.2228554 1.7050310 1.3085744 1.4500157 1.6589545 2.8969874 1.3522606 1.7239047 1.7249139 1.6803654 3.3338298 
Nemnom_g19461.t1                                                 0.9149818 0.9432542 0.7994487 1.0832353 1.0714900 1.0561837 1.0290116 1.0260741 1.0152239 1.1912307 1.0076118 0.9476567 0.9580562 1.0347414 0.8629462 0.7357298 1.0330084 0.8885354 1.0296744 0.8375825 0.8555222 0.7455709 0.7307081 0.7307081 0.8862628 0.8366334 0.5915147 0.0000000 0.1836400 0.4267109 0.6626608 0.6748107 0.5817677 0.7232981 0.6304423 0.7599409 0.9163998 0.8014496 0.7614718 0.7267346 0.9652979 0.7489699 1.1794466 1.0320066 0.8947881 0.9686874 0.8570976 0.9018430 0.9939110 0.8544165 1.1428118 1.0531877 0.8531104 1.2099073 1.1537948 1.1429977 1.1843967 1.2450720 1.2073586 1.2496810 1.3355264 1.2409560 1.2409560 1.1615382 1.1615382 0.9047148 1.1282156 1.1631041 0.9829276 1.1599503 1.4296750 1.2251526 1.2621457 1.3462810 1.1679132 1.3077402 1.2525664 1.2922390 1.3555399 1.1992564 1.2623306 1.1127297 1.3720706 1.3151607 1.1261808 1.4939923 1.7248376 1.3426074 1.6518147 1.9019423 2.3706317 1.2830242 1.6129324 1.7549564 1.7945700 5.2225110 
Rhoesc_Res_003576-T1                                             0.9408872 1.0437695 0.8636079 1.2717992 1.2632980 1.2321359 1.1871406 1.1775309 1.1673376 1.2244232 1.0427085 0.9946405 1.0079464 1.0993565 0.9300534 0.8326881 1.1424779 0.9682369 1.0660003 1.1067006 0.9063968 0.9115787 0.6998302 0.6998302 0.9400851 0.8801344 0.6207492 0.1836400 0.0000000 0.4223942 0.7422718 0.7598929 0.6161749 0.7673299 0.6985965 0.8694327 1.0290835 0.9263023 0.7826005 0.7074167 1.0283158 0.7656060 1.3786493 1.1252031 0.9949246 1.0804566 0.8831861 0.9277690 1.0604386 0.8473701 1.1983445 1.1506757 0.9250227 1.1531567 1.1178808 1.1069701 1.1886690 1.2133578 1.2484317 1.3431285 1.2458955 1.1845192 1.1845192 1.1364419 1.1364419 0.9237053 1.0568888 1.0664447 0.8895204 1.1057752 1.4338632 1.1756289 1.4145219 1.4386515 1.2708049 1.3057058 1.3878601 1.4649063 1.4982748 1.2254426 1.2806067 1.2153328 1.4372973 1.3978963 1.1649012 1.4872568 1.9447796 1.4123744 1.7782164 2.0283624 2.6294099 1.3311775 1.7321987 1.8727486 1.6044477 5.0331025 
Sanmal_Sma_028509-T1                                             0.9130413 1.0070555 0.8419190 1.1450311 1.1860114 1.1689780 1.0954753 1.1455928 1.1138775 1.2208637 1.0798616 0.9478398 0.9856193 1.0621562 0.9494686 0.8436147 1.1689417 1.0008596 1.1445235 0.8366818 0.8650969 0.9297304 0.7323731 0.7323731 1.0424275 0.9262962 0.6703546 0.4267109 0.4223942 0.0000000 0.7002034 0.7109503 0.6443821 0.7587806 0.7415859 0.7740250 0.9164209 0.9134246 0.7809371 0.7103815 0.9129141 0.8375815 1.2782154 1.1944523 1.0053182 0.9739846 0.8702853 0.9847380 1.0768877 0.9257359 1.2297926 1.2140550 0.8899450 1.2896312 1.2913017 1.2831224 1.3873881 1.3872768 1.2087055 1.2772778 1.3710424 1.1751259 1.1751259 1.1136735 1.1136735 0.9651989 1.3059773 1.2920286 1.0021014 1.2089756 1.3686493 1.3682517 1.3271641 1.3866819 1.2763797 1.2997048 1.3060196 1.4305220 1.4122391 1.2122025 1.2109613 1.0064950 1.3682272 1.2899246 1.2819091 1.4333719 1.8955083 1.5148622 1.5222881 1.7070748 2.9839417 1.2873704 1.7990282 1.8747711 1.3616441 5.1925772 
Spis_XP_022785969_1                                              1.0418965 1.0740108 0.7275837 1.0673221 1.0828307 1.0672712 1.2577990 1.1222690 1.0912892 1.2260443 0.9524837 0.9218140 0.8809734 0.7647429 0.9114688 0.7367715 1.0485789 0.7800161 1.0149463 0.6687355 0.9474935 0.9894177 0.7907613 0.7907613 0.9981402 1.0644499 0.6625570 0.6626608 0.7422718 0.7002034 0.0000000 0.0404225 0.1306713 0.1515053 0.1192473 0.1676500 0.2463945 0.5045795 0.4896321 0.5014012 0.5028821 0.9005265 1.1144125 1.0747184 0.9305035 0.8822141 0.9445717 1.0466325 1.1193049 1.1037155 1.1293618 1.0658589 0.8933945 1.4600006 1.3867402 1.4195580 1.2833214 1.4489925 1.2228991 1.2566181 1.3547624 1.2215914 1.2215914 1.1507310 1.1507310 1.0143120 1.2447207 1.4087173 1.2278709 1.2443401 1.5183398 1.3211039 1.3233336 1.5107244 1.1197187 1.2657394 1.2090281 1.3973552 1.4458553 1.2198337 1.3287130 1.0672425 1.3720550 1.4046245 1.3087035 1.4366755 1.7235944 1.2362879 1.4532837 1.6500771 2.6410834 1.3621726 1.4597805 1.5147358 2.7583850 3.9098627 
Pocdam_XM_027193802.1                                            1.0994631 1.1387629 0.7492323 1.0900009 1.0896402 1.0740637 1.2673366 1.1047550 1.0740532 1.2546578 0.9848489 0.9290920 0.8827735 0.7786136 0.9163124 0.7386644 1.0120596 0.7888517 1.0193805 0.6503769 0.9552137 1.0101126 0.8359025 0.8359025 1.0246398 1.0998368 0.6966819 0.6748107 0.7598929 0.7109503 0.0404225 0.0000000 0.1505377 0.1617448 0.1482678 0.1836378 0.2584384 0.5369062 0.5131802 0.5315434 0.5495063 0.9313359 1.1638889 1.0908164 1.0017561 0.8925913 0.9738180 1.0553233 1.1530094 1.1582516 1.1780585 1.1102082 0.9282392 1.4140375 1.3675180 1.3999412 1.3077758 1.4759890 1.2452562 1.2672231 1.3973971 1.2466970 1.2466970 1.1657381 1.1657381 1.0066074 1.2710852 1.4399536 1.2398396 1.2331452 1.5399223 1.3086432 1.3554096 1.5480763 1.1493717 1.2658839 1.2222652 1.4311849 1.4803867 1.2184986 1.3500149 1.1133008 1.4132535 1.4510688 1.3390928 1.4915848 1.7528569 1.2744972 1.4351503 1.6515915 2.5404860 1.4481938 1.4724529 1.5384779 2.9475369 3.9411979 
Gfas_gfas1.m1.21850.m1                                           0.7690861 0.8507042 0.7827618 0.8136903 0.8108833 0.7967836 0.7986419 0.8707038 0.8404793 0.9627154 0.8643021 0.7948673 0.7296359 0.6491721 0.6929599 0.6853529 0.8133199 0.7700028 0.7425676 0.7952806 0.7485355 0.7749073 0.7168617 0.7168617 0.7998882 0.8292310 0.6461940 0.5817677 0.6161749 0.6443821 0.1306713 0.1505377 0.0000000 0.1551506 0.1184508 0.1486693 0.2438389 0.4346898 0.4264566 0.4898957 0.4215363 0.7475650 1.1128422 0.8248715 0.7526895 0.6870520 0.8269269 0.9352109 0.8751440 0.8527890 0.8918166 0.8656803 0.9660520 1.0631253 0.9615701 0.9597532 0.9925674 1.0773256 1.0123224 1.0460091 1.1330204 1.0501447 1.0501447 0.9791258 0.9791258 0.6948941 1.0886583 1.1814696 0.9780666 1.1127158 1.2249436 1.1563375 1.1331494 1.3350836 0.9426228 1.0202007 0.9822370 1.0937360 1.1803192 0.9561034 1.0693446 0.8986801 1.2432911 1.0052240 1.0161319 1.2950345 1.4164259 1.1140028 1.3274034 1.3274034 2.6054533 1.2825636 0.9880313 1.7432518 1.8683882 3.2292679 
Gasp_gasp1.m3.401.m1                                             1.0502287 1.1255633 0.7535325 1.1852999 1.1549193 1.1387288 1.2320336 1.1020064 1.0717367 1.0913971 0.9230349 1.0173545 0.9544697 0.8767745 0.8415500 0.6959175 1.0000913 0.8786382 1.1089106 0.6820437 0.9656207 0.9740944 0.8007915 0.8007915 0.9585896 0.9929978 0.6828333 0.7232981 0.7673299 0.7587806 0.1515053 0.1617448 0.1551506 0.0000000 0.1067767 0.2096030 0.2974827 0.5061328 0.5454803 0.5042067 0.4655562 0.8659180 1.1547838 1.0429097 0.9444996 0.9324657 0.9555557 1.1119971 1.0992415 1.0507329 1.1802101 1.1004578 0.9056328 1.5378251 1.5177737 1.5582665 1.3232428 1.5225661 1.2420014 1.2958920 1.4376139 1.2074125 1.2074125 1.1231081 1.1231081 1.1095041 1.2936945 1.4783098 1.3089562 1.3056197 1.5105319 1.2939775 1.2911651 1.4254459 1.0874542 1.2025706 1.2153396 1.2785181 1.3527391 1.1782514 1.3027897 1.0476058 1.4402514 1.3406593 1.3415143 1.3935673 1.6981832 1.2754239 1.4336292 1.6688525 2.3641468 1.5839539 1.5978911 1.3718841 2.1971138 4.4225874 
Fspp_ffun1.m4.6257.m1                                            0.9653476 1.0410075 0.7074983 1.0357106 1.0497413 1.0347565 1.1408559 1.0346519 1.0015417 1.1859310 0.9392283 0.9093512 0.8671126 0.7921509 0.8460754 0.6916143 0.9390682 0.7758566 0.9999574 0.6506518 0.8722155 1.0028768 0.7396028 0.7396028 0.9551159 1.0591487 0.6058910 0.6304423 0.6985965 0.7415859 0.1192473 0.1482678 0.1184508 0.1067767 0.0000000 0.1789684 0.2671239 0.4828656 0.4589948 0.4708533 0.4923856 0.8159993 1.1226734 1.0646964 0.8755986 0.8248433 0.9413127 1.0615106 1.0796515 1.0165742 1.0971256 1.0142934 0.8962597 1.4089790 1.3491740 1.3399362 1.2882942 1.4121271 1.1781902 1.2189730 1.3718074 1.2673249 1.2673249 1.1909207 1.1909207 1.0040300 1.2870224 1.3876524 1.2514186 1.2382087 1.4340797 1.3371257 1.3441452 1.4362250 1.1298204 1.2654843 1.2578888 1.2949981 1.3807650 1.2290166 1.3136372 1.0386348 1.4239084 1.3144379 1.2815374 1.3684420 1.7848190 1.2798459 1.3820180 1.5993902 2.6451581 1.3978605 1.6440301 1.5522323 2.4567042 4.2235205 
Adig_XM_015921974.1                                              1.0719585 1.1050772 0.8038596 1.0903182 1.0945973 1.0791750 1.1665819 1.1708788 1.1419989 1.2032493 1.0658775 0.9937305 0.9441954 0.8090825 0.9546887 0.7644583 0.9826277 0.7990972 1.0316946 0.7684759 0.9677174 0.9986134 0.8879755 0.8879755 1.0171785 1.1096331 0.7818375 0.7599409 0.8694327 0.7740250 0.1676500 0.1836378 0.1486693 0.2096030 0.1789684 0.0000000 0.0510158 0.4504390 0.5096856 0.5251304 0.5207722 0.9245287 1.1688731 1.0681390 0.9912389 0.8593650 1.0085532 1.0400266 1.1209141 1.2279060 1.1604964 1.0952109 0.9552405 1.4650523 1.4295237 1.3952492 1.4069148 1.4963148 1.3712185 1.3500890 1.4752603 1.3679152 1.3679152 1.2655956 1.2655956 0.9415478 1.4100164 1.5205718 1.3283479 1.3081487 1.5882915 1.4664611 1.3870608 1.6277840 1.1880945 1.2568390 1.2155832 1.3020562 1.4382692 1.2310960 1.4114033 1.0581569 1.4253557 1.3835830 1.4252348 1.5486141 1.7481798 1.2849349 1.4725778 1.6970875 2.6897964 1.5717788 1.5400223 1.7023829 2.8640177 3.9828981 
Amil_Amillepora03954-RA                                          1.2541189 1.2501978 1.2435007 1.3010899 1.3436216 1.3243152 1.5531807 1.4467001 1.4135807 1.4000532 1.2714192 1.1452238 1.0777027 0.9291464 1.1329647 0.9296803 1.1304745 0.9423344 1.1747706 0.7355030 1.1054423 1.1227659 1.0574801 1.0574801 1.1895415 1.3953777 0.8968537 0.9163998 1.0290835 0.9164209 0.2463945 0.2584384 0.2438389 0.2974827 0.2671239 0.0510158 0.0000000 0.5579601 0.6296754 0.6947580 0.6557474 1.0666733 1.1689281 1.2485728 1.0838974 1.0222267 1.2377939 1.2235271 1.3846277 1.4011689 1.3635662 1.2842307 1.1161748 1.8150502 1.8259127 1.7863253 1.6468221 1.8142063 1.5755573 1.5442413 1.7438742 1.6080256 1.6080256 1.4696322 1.4696322 1.1379974 1.5901718 1.7617890 1.5715298 1.4978836 1.8589238 1.6965459 1.6170552 1.8980031 1.3703723 1.4149649 1.4028693 1.4163416 1.5610930 1.3596736 1.6124024 1.1963038 1.6435843 1.6268721 1.7544117 1.7365679 2.3251218 1.4797718 1.6746016 1.9443358 2.8981829 1.7969546 1.9766867 1.7023829 2.8640177 4.5417306 
Exapal_XM_021053326.2                                            1.0097037 1.1186158 0.7830672 1.0380774 1.0510441 1.0508924 1.0841194 1.0285666 1.0074805 1.1263057 0.9511205 0.9451887 0.9671273 0.9283599 1.0310473 0.8371149 1.0511260 0.8128353 0.9777041 0.7629448 0.9211439 0.9716950 0.8464714 0.8464714 0.9134796 0.9667532 0.8193376 0.8014496 0.9263023 0.9134246 0.5045795 0.5369062 0.4346898 0.5061328 0.4828656 0.4504390 0.5579601 0.0000000 0.5593951 0.6174599 0.4589629 0.8522423 1.0224608 0.9906851 0.8737915 0.9639045 0.9371247 1.0210124 0.9987870 1.1677832 1.1605077 1.0915194 1.0499757 1.6050667 1.5678126 1.5323928 1.3384084 1.4257893 1.3291877 1.2942234 1.4414718 1.3862374 1.3862374 1.2611841 1.2611841 1.1322363 1.3980259 1.4330669 1.2877083 1.4085561 1.5944643 1.4594570 1.2634691 1.2974457 1.1972595 1.3217184 1.2285390 1.2698759 1.4054254 1.4204536 1.3880112 1.3072674 1.2319999 1.4067205 1.2728649 1.5779936 1.8561323 1.3110017 1.3676040 1.5308636 2.8498120 1.5314349 1.4935085 1.7816260 1.6421362 4.1002852 
