89
Lcom_lcpid137655                                      0.0000000 0.0000010 0.2833720 0.3254435 0.0000010 0.0000010 0.0000010 0.0000010 0.9869518 0.8703640 0.9202865 0.8757708 0.8937446 0.9449007 0.0000010 0.9992515 1.0157733 1.1086903 1.1060001 1.1646880 0.9857441 1.0269509 0.9513202 0.8260838 0.9159370 1.1129742 0.9084774 0.7577112 1.0268154 1.0638536 0.7842234 1.0475518 0.7743939 0.9605341 1.2058028 1.2058028 1.2058028 0.0000010 0.4014147 1.1173817 1.1173817 1.1173817 1.1678096 1.1678096 1.1937694 1.2110728 1.2650573 2.9850347 1.2912998 1.0303528 1.1301795 1.1582540 1.1785661 0.9013999 1.0618632 1.0618632 0.9392958 0.9524071 0.9524071 0.9527796 0.9527796 0.9670318 1.1669617 0.9903373 1.0791266 1.1343238 1.1551757 1.0676168 0.0000010 0.8973712 1.2078019 1.3914837 0.0000010 1.1281051 1.5493794 1.6949375 1.5925390 1.6651276 1.6674418 1.7999787 1.6772008 1.2135208 1.8506745 1.3533800 1.6484294 1.6036391 1.9126620 2.1056060 1.0978369 
Lcom_lcpid138214                                      0.0000010 0.0000000 0.2783418 0.3336052 0.0000010 0.0000010 0.0000010 0.0000010 0.9968762 0.8914255 0.9445043 0.9069310 0.9228614 0.9641329 0.0000010 1.0229947 1.0364835 1.1363048 1.1383648 1.2002404 0.9858688 1.0430839 0.9512216 0.8260838 0.9156140 1.1403238 0.9192852 0.7705145 1.0566285 1.0949095 0.8036195 1.0607585 0.8121898 0.9732691 1.2309076 1.2309076 1.2309076 0.0000010 0.2598205 1.1414061 1.1414061 1.1414061 1.1756155 1.1756155 1.1905658 1.1749263 1.2675656 2.9850347 1.3293221 1.0264192 1.1495725 1.1816033 1.1706998 0.9124848 1.0971411 1.0971411 0.9485986 0.9783888 0.9783888 0.9787408 0.9787408 1.0045735 1.2505854 1.0176623 1.0871896 1.1380463 1.1364215 1.0913034 0.0000010 0.8953424 1.2413913 1.4391204 0.0000010 1.1782940 1.5429436 1.6893280 1.5909718 1.7085794 1.6361980 1.7912173 1.6866377 1.2306691 1.9203449 1.3531977 1.7256713 1.6006431 1.9151407 2.1753871 1.2138210 
Leuniv_Lniv_C808902_01                                0.2833720 0.2783418 0.0000000 0.4581160 0.1811581 0.1841135 0.0000010 0.0000010 1.5153991 1.4767898 1.4521674 1.4970570 1.4834745 1.4984519 0.0000010 1.7185138 1.5775149 1.5007019 1.6015618 1.6679569 1.8141555 1.0519791 1.7995847 0.8841321 1.8066211 1.0494817 1.5303684 1.3835449 1.6508490 1.6674032 0.9219536 1.8296844 2.2531386 1.5459762 1.9336374 1.9336374 1.9336374 0.0000010 0.7286215 1.0302097 1.0302097 1.0302097 1.8203579 1.8203579 1.8121393 2.6278107 1.4099580 3.2052232 1.2558920 1.5260466 1.5241871 1.6454387 1.4864547 1.4589152 1.6025694 1.6025694 1.6155646 1.6001644 1.5920972 1.6129450 1.6129450 1.6277878 1.8735721 1.6571526 1.5964914 1.6008191 1.4814011 1.5405120 0.0000010 1.5219016 1.9171913 1.8943988 0.0000010 1.9610007 2.1168303 2.1432134 2.0911071 2.1370925 2.2954731 2.2795400 2.3105765 1.9003790 2.3961416 1.9257086 2.3320091 2.2482780 2.5720229 2.6963879 1.8177404 
Gracom_Gcom_C561570_01                                0.3254435 0.3336052 0.4581160 0.0000000 0.1727203 0.1634203 0.0000010 0.0000010 1.4121533 1.3755788 1.4113586 1.2858457 1.3332236 1.3275813 0.0000010 1.5248789 1.5782831 1.4470790 1.4464919 1.3669286 1.5346880 0.8579857 1.5171864 0.9083408 1.5033393 0.8543520 1.3342153 1.2730801 1.4976094 1.5204533 0.7993596 1.5953717 2.2614577 1.3349777 1.5502342 1.5490579 1.5490579 0.0000010 0.5567183 0.9672821 0.9672821 0.9672821 1.5013940 1.5013940 1.8025227 2.6395566 1.4205988 1.3901084 1.1816552 1.4910136 1.3614405 1.3649916 1.7493098 1.3482130 1.3333823 1.5590284 1.3794560 1.4454264 1.4477087 1.4623686 1.4630351 1.4773777 1.5750020 1.3676447 1.3862068 1.4638852 1.8303116 1.3505675 2.0361738 1.3165056 1.7141048 2.0356662 0.0000010 1.6512848 1.8561374 1.8788575 1.8192956 1.7779597 1.9862408 1.9597435 1.9926520 1.8096911 2.0494489 1.8715560 1.8358132 1.8159328 1.9650293 2.0609943 1.7178096 
Lcom_lcpid87611                                       0.0000010 0.0000010 0.1811581 0.1727203 0.0000000 0.0000010 0.1966426 0.2319355 0.5605414 0.5676073 0.5163282 0.6113605 0.6211476 0.6115088 0.6658645 0.6155778 0.6059793 0.6015457 0.6056718 0.6360518 0.8184903 0.8184903 0.6978938 0.0000010 0.7913136 0.7365544 0.5885292 0.5655352 0.7189366 0.7397044 0.6833215 0.7935463 0.7206567 0.5816437 0.6587978 0.6166059 0.6166059 0.6681570 0.6456589 0.6576937 0.6576937 0.5773488 0.6858841 0.6858841 0.6685457 0.0000010 0.0000010 0.8401435 0.3381425 0.6002234 0.6131502 0.5356015 0.0000010 0.6294432 0.5536600 0.5668335 0.5387356 0.6443642 0.6349523 0.6489892 0.6440264 0.5864235 0.6366792 0.5659299 0.5923568 0.8890505 1.3030960 0.7063219 0.8949494 0.6771183 0.7115837 0.6761082 0.8704870 0.6470979 0.6702315 0.6758643 0.7847591 0.6871245 0.8964045 0.8690006 0.8737915 0.6067665 0.8298964 0.7130505 0.7170189 0.7191942 0.7208589 0.8219463 0.6692956 
Lcom_lcpid120591                                      0.0000010 0.0000010 0.1841135 0.1634203 0.0000010 0.0000000 0.1966426 0.2845824 0.4557203 0.4808561 0.4515932 0.5214726 0.6083925 0.6020979 0.9665895 0.6250972 0.6141225 0.5796671 0.5700286 0.6417347 0.8352796 0.8352796 0.6848840 0.0000010 0.8593660 0.8081033 0.5242700 0.5027759 0.7918540 0.8375457 0.7171896 0.8004209 0.8390848 0.4963243 0.6234571 0.6234571 0.6234571 0.7621136 0.6221731 0.6289966 0.6289966 0.5549131 0.6074297 0.6074297 0.6104707 0.0000010 0.0000010 0.8987339 0.3730852 0.5341456 0.5086444 0.4523843 0.0000010 0.5106351 0.5479390 0.5479390 0.4882771 0.5657964 0.5783145 0.5898250 0.5828678 0.5967981 0.5594527 0.5640215 0.5724211 0.9746949 0.9028158 0.6433258 1.4190215 0.6745591 0.6559536 0.5546469 0.7557712 0.6302298 0.6088957 0.6249084 0.5876207 0.5743918 0.7611201 0.7591646 0.7649217 0.5793447 0.7514487 0.6743464 0.6853861 0.6643243 0.6790026 0.7123127 0.6734312 
Leuniv_Lniv_C747273_01                                0.0000010 0.0000010 0.0000010 0.0000010 0.1966426 0.1966426 0.0000000 0.2328998 0.6251202 0.7450641 0.6736522 0.7823332 0.9546965 0.9367591 1.2409893 1.0765531 0.8994807 0.9052330 1.0361446 0.8518212 1.2892731 1.2892731 1.0090228 0.0000010 1.2563773 1.2449481 0.7468265 0.8365101 1.1690757 1.2544960 1.1721379 1.1148921 1.6524189 0.6747885 0.7276067 0.7276067 0.7276067 0.7937436 0.7283086 0.6934348 0.6934348 0.5667684 0.6535371 0.6535371 0.6863485 0.0000010 0.0000010 0.9397689 0.0000010 0.7431189 0.7777349 0.6970113 0.0000010 0.7880457 0.9054203 0.9054203 0.6952207 0.8538108 0.8591899 0.8357103 0.8190817 0.8755606 0.8250688 0.8391351 0.9007304 1.3048701 1.0865648 1.0385613 1.7506795 1.5717930 0.8130454 0.6838781 0.9143872 0.8596683 0.9086220 0.7993648 0.8222580 0.9039995 1.0303905 1.0486622 1.0528351 0.8209910 1.0141298 0.7219152 0.8637753 0.8958163 0.8797845 0.7975999 0.9393871 
Gracom_Gcom_C536754_01                                0.0000010 0.0000010 0.0000010 0.0000010 0.2319355 0.2845824 0.2328998 0.0000000 0.5694715 0.5759633 0.5527907 0.6341664 0.6798915 0.6660568 0.6780483 0.6245867 0.6358535 0.6244962 0.6710280 0.6878335 0.8882896 0.8882896 0.7530507 0.0000010 0.8200586 0.8118699 0.5661766 0.6024701 0.7166840 0.7432584 0.7615513 0.7768270 0.6918672 0.5560271 0.5919574 0.5504804 0.5504804 0.5959123 0.5447709 0.6330588 0.6330588 0.5426469 0.6285815 0.6285815 0.6228828 0.0000010 0.0000010 0.7554148 0.0000010 0.6121089 0.6499525 0.5714477 0.0000010 0.6263427 0.6198283 0.6095600 0.5508966 0.6372527 0.6570395 0.6143181 0.6209091 0.5773241 0.6037720 0.5525369 0.6488282 0.9127141 1.3792664 0.7159355 0.7978079 0.8017462 0.7502794 0.7073957 0.8121833 0.6377819 0.7839627 0.6897006 0.8826948 0.7674311 1.0392188 0.9626772 0.9504523 0.6137347 0.7687788 0.6779003 0.6925539 0.7138974 0.7737768 0.8249253 0.7395103 
Spur_XM_030988059.1                                   0.9869518 0.9968762 1.5153991 1.4121533 0.5605414 0.4557203 0.6251202 0.5694715 0.0000000 0.6474110 0.7663189 0.6589405 0.8110745 0.8059658 0.5624656 0.6380715 0.7725145 0.8406251 0.8513706 0.8350856 1.0606322 0.8040594 0.9946992 0.6214250 1.0163098 0.7245460 0.7180477 0.6414956 0.8728115 0.9236658 0.7286127 1.1046904 0.8441312 0.6777325 1.0768575 1.0425937 1.0425937 0.5612890 0.5608723 0.8046146 0.8046146 0.8343023 1.1144162 1.1144162 1.1328756 1.4986477 1.1704597 1.0250482 1.0249831 0.8368454 0.9910665 0.9718664 1.1726249 0.9666918 0.9959898 1.0086735 0.7140755 0.9428819 0.9429930 0.9546241 0.9555684 0.9211306 0.9932086 0.8452764 0.9642744 0.9336422 1.3189647 1.0609335 0.7534735 0.7667071 1.3425549 1.3925151 0.7608243 1.3371100 1.4644512 1.5138408 1.5431282 1.4660830 1.6302451 1.6174905 1.6540182 1.3730349 1.6086404 1.4900769 1.5341114 1.4698910 1.5837192 1.7915427 0.9559750 
Acagra_model.g6517.t1                                 0.8703640 0.8914255 1.4767898 1.3755788 0.5676073 0.4808561 0.7450641 0.5759633 0.6474110 0.0000000 0.7289617 0.6032916 0.7768260 0.7593577 0.5281364 0.6136635 0.7157961 0.7825983 0.8108176 0.7549589 1.0120966 0.8061495 0.9216680 0.4845315 0.9958328 0.6608079 0.6455419 0.5672277 0.8462005 0.8927336 0.6723391 1.0930377 0.5004493 0.4436159 1.0946122 1.0650746 1.0650746 0.5205291 0.5519807 0.7516105 0.7516105 0.7615403 1.0958911 1.0958911 1.1057375 1.6572843 1.0725008 0.7976333 0.9197926 0.7282804 1.0059238 0.9706148 1.1153191 0.8858324 0.9316707 0.9378567 0.5895962 0.9147619 0.9400533 0.9006218 0.8998938 0.9015418 0.9534612 0.8253594 0.9163058 0.9356587 1.2356512 0.9915893 0.7394637 0.6519424 1.3150402 1.2733440 0.6906989 1.2334567 1.3914379 1.4235128 1.5274496 1.4298087 1.5769483 1.5364527 1.5562216 1.3261922 1.5518152 1.4264439 1.4714846 1.4362593 1.5493113 1.7297864 0.9150281 
Tcas_TC015613_001                                     0.9202865 0.9445043 1.4521674 1.4113586 0.5163282 0.4515932 0.6736522 0.5527907 0.7663189 0.7289617 0.0000000 0.6744403 0.8973859 0.8902085 0.5290803 0.6876477 0.8008701 0.9221811 0.9686380 0.8884175 1.1143704 0.7580985 1.0430956 0.5232131 1.0867408 0.6911978 0.7290592 0.7060707 0.9897018 1.0292866 0.6813288 1.1228539 0.7548013 0.7243301 1.1104530 1.0909953 1.0909953 0.4935819 0.5023353 0.6755864 0.6755864 0.7355165 1.1217452 1.1217452 1.1266942 1.8970811 1.1507964 0.7332277 0.9882244 0.9031846 1.0245904 1.0302907 1.1715338 0.9691168 1.0243880 1.0197156 0.5097767 0.9446199 0.9635365 0.9477113 0.9435863 0.9389119 1.0145107 0.8815451 1.0238741 0.9390581 1.3684643 1.1560346 0.7310991 0.6202087 1.3382585 1.3514534 0.7253813 1.2938618 1.4056497 1.4264023 1.4377779 1.4306513 1.6001885 1.6130041 1.6308154 1.3720199 1.6083846 1.4840614 1.5571581 1.4976843 1.6021510 1.6881052 1.0626148 
Bralan_BLAG18000900_1                                 0.8757708 0.9069310 1.4970570 1.2858457 0.6113605 0.5214726 0.7823332 0.6341664 0.6589405 0.6032916 0.6744403 0.0000000 0.7360567 0.7310827 0.6405769 0.5883506 0.7385309 0.7596134 0.7703684 0.7840885 0.9389225 0.7244534 0.8591585 0.3885869 0.9102850 0.6705838 0.5492433 0.4819155 0.8009499 0.8277110 0.6802924 1.0058849 0.7014074 0.6276026 1.0423333 1.0124667 1.0124667 0.5646917 0.5898925 0.6995937 0.6995937 0.7035264 1.0658881 1.0658881 1.1328135 1.6210737 1.0019369 0.9424921 0.9493307 0.7950540 0.9644020 0.9508411 1.0900624 0.8441177 0.9093694 0.9318280 0.6116501 0.8110910 0.8159213 0.8225168 0.8223149 0.8160779 0.8529580 0.7378749 0.8493373 0.8423551 1.1850953 0.9559471 0.6051016 0.6696897 1.2617263 1.3407405 0.8937142 1.2034380 1.3778683 1.3927199 1.4239122 1.3494258 1.5554646 1.5096352 1.5729635 1.2868238 1.5701652 1.4328251 1.4875372 1.4280993 1.5394844 1.7194527 0.9021393 
Spis_XP_022806358_1                                   0.8937446 0.9228614 1.4834745 1.3332236 0.6211476 0.6083925 0.9546965 0.6798915 0.8110745 0.7768260 0.8973859 0.7360567 0.0000000 0.0254497 0.0807200 0.1213037 0.1142690 0.1740832 0.4623784 0.4330963 0.8387662 0.7258968 0.7615452 0.3888071 0.8072090 0.6230056 0.7589958 0.6912491 0.5819639 0.6404460 0.6070252 0.9285443 0.7285803 0.7468341 1.0982848 1.0736845 1.0736845 0.5628797 0.6196293 0.8239381 0.8239381 0.8601235 1.1074981 1.1074981 1.1083639 1.6262554 1.1547968 0.8626709 1.0955944 0.9696224 0.9762486 0.9566763 1.1246956 0.8714551 0.9519286 0.9519930 0.7997520 0.9211561 0.9421310 0.9246072 0.9276466 0.9137135 0.9571339 0.8392396 0.9230050 0.7260081 1.1786745 0.9998998 0.8248161 0.8355887 1.3113103 1.3951706 0.7485955 1.2374979 1.4286911 1.4374326 1.5416635 1.4423444 1.6257158 1.5256175 1.5938413 1.3681624 1.5775158 1.4797310 1.5085695 1.4709679 1.5833802 1.7579742 0.3121483 
Pocdam_XM_027191210.1                                 0.9449007 0.9641329 1.4984519 1.3275813 0.6115088 0.6020979 0.9367591 0.6660568 0.8059658 0.7593577 0.8902085 0.7310827 0.0254497 0.0000000 0.0736944 0.1033067 0.1071562 0.1727505 0.4547484 0.4304350 0.8155438 0.7150255 0.7382160 0.3888071 0.7885682 0.6077164 0.7528510 0.6838033 0.5640378 0.6270501 0.6046258 0.9319019 0.7247939 0.7446275 1.0802157 1.0556584 1.0556584 0.5668129 0.6110038 0.8213048 0.8213048 0.8531510 1.0941296 1.0941296 1.1101773 1.6291605 1.1330254 0.8683855 1.1063360 0.9664184 0.9531232 0.9467172 1.1575549 0.8589525 0.9473036 0.9563534 0.7885278 0.9003873 0.9198621 0.9039637 0.9069868 0.8904350 0.9436862 0.8249845 0.9144797 0.7281083 1.1788014 0.9821541 0.8144176 0.8415392 1.3055678 1.3818071 0.7409838 1.2395454 1.4173553 1.4309155 1.5338014 1.4203139 1.6154096 1.5180425 1.5819458 1.3643122 1.5576463 1.4697462 1.5214808 1.4795093 1.5830991 1.7619003 0.2964545 
Gasp_gasp1.m3.12808.m1                                0.0000010 0.0000010 0.0000010 0.0000010 0.6658645 0.9665895 1.2409893 0.6780483 0.5624656 0.5281364 0.5290803 0.6405769 0.0807200 0.0736944 0.0000000 0.0792211 0.0777558 0.1445576 0.3183571 0.3972094 0.7092986 0.7092986 0.6370273 0.0000010 0.6016986 0.4863357 0.4981855 0.4724663 0.5172444 0.5197587 0.5427039 0.5615100 0.6999199 0.4089785 0.7110435 0.7110435 0.7110435 0.7161220 0.9738690 0.9078482 0.9078482 1.3879917 0.6346231 0.6346231 0.6641922 0.0000010 0.0000010 0.6641922 0.0000010 0.5650219 0.6282896 0.6026980 0.0000010 0.5054600 0.8688702 0.7049472 0.5219113 0.5684114 0.6249797 0.5208178 0.5309108 0.5417216 0.5581167 0.5605563 0.5657964 0.6314525 1.4550795 0.7286173 0.7809927 0.5120635 0.6360376 0.7341623 0.6595076 0.6008528 0.6947820 0.6189945 0.9104720 0.9725447 1.0891887 0.9337869 0.9337869 0.6781653 0.8302252 0.7968572 0.7852054 0.8469964 0.8456461 0.6843306 0.2694662 
Gfas_gfas1.m1.18636.m1                                0.9992515 1.0229947 1.7185138 1.5248789 0.6155778 0.6250972 1.0765531 0.6245867 0.6380715 0.6136635 0.6876477 0.5883506 0.1213037 0.1033067 0.0792211 0.0000000 0.0777042 0.1119284 0.3839852 0.4231789 0.7344590 0.6267503 0.6475987 0.3889686 0.6920641 0.5127245 0.6348082 0.5643071 0.5142527 0.5920024 0.5155419 0.7619975 0.7613245 0.5912740 0.9229729 0.8645018 0.8645018 0.5402926 0.6052906 0.7422116 0.7422116 0.7667748 0.9801089 0.9801089 0.9944476 1.3472952 1.0105609 0.8125897 0.9742767 0.7931538 0.8535405 0.9099051 1.1263966 0.8189903 0.9228927 0.8469646 0.6575488 0.6555434 0.6779646 0.6536004 0.6559284 0.6293080 0.7424204 0.6484176 0.7522263 0.6623131 1.0775149 0.9407530 0.7237033 0.6511006 1.1963332 1.1267274 0.7647882 1.0921262 1.2480542 1.2841828 1.4185393 1.3485216 1.4516655 1.4487194 1.4490290 1.1530308 1.4194952 1.3089236 1.4360221 1.3996061 1.4267013 1.6718916 0.1264465 
Fspp_ffun1.m4.29687.m1                                1.0157733 1.0364835 1.5775149 1.5782831 0.6059793 0.6141225 0.8994807 0.6358535 0.7725145 0.7157961 0.8008701 0.7385309 0.1142690 0.1071562 0.0777558 0.0777042 0.0000000 0.1396821 0.4382551 0.4311389 0.8812422 0.7054921 0.7836024 0.4114648 0.8279587 0.6054390 0.7505785 0.6717516 0.5984161 0.6708588 0.5670529 0.9030953 0.7351313 0.7540346 1.0803014 1.0364178 1.0364178 0.5123541 0.5943108 0.7907723 0.7907723 0.8283135 1.0981818 1.0981818 1.0984934 1.6215650 1.1364286 0.8504361 1.1148759 0.9635576 0.9296869 0.9446002 1.1030434 0.8709199 0.9759613 0.9166405 0.7213522 0.8274296 0.8559222 0.8320884 0.8338592 0.8200385 0.8899366 0.8090488 0.9340428 0.7019868 1.1760722 1.0579783 0.7657906 0.8214522 1.3888488 1.3263803 0.6902344 1.3015167 1.4128741 1.4148331 1.5496566 1.4564243 1.6984676 1.6478213 1.6953063 1.4105427 1.6271505 1.5178130 1.6234806 1.5868469 1.7230521 1.8576467 0.2616783 
Amil_Amillepora05958-RA                               1.1086903 1.1363048 1.5007019 1.4470790 0.6015457 0.5796671 0.9052330 0.6244962 0.8406251 0.7825983 0.9221811 0.7596134 0.1740832 0.1727505 0.1445576 0.1119284 0.1396821 0.0000000 0.4724217 0.4441377 0.9309871 0.7693973 0.8001539 0.4541968 0.8648321 0.6243844 0.7852271 0.7211040 0.6122363 0.6614033 0.6054899 0.9654683 0.7180880 0.7410594 1.1501062 1.1189682 1.1189682 0.4671365 0.5654464 0.8084910 0.8084910 0.8216353 1.1615500 1.1615500 1.0967098 1.6956362 1.2370226 0.8664239 1.2013989 1.0262683 0.9948087 0.9724179 1.2754909 0.8988443 1.0081371 0.9828538 0.8421914 0.9314880 0.9613611 0.9428462 0.9465291 0.9154951 0.9896091 0.8398629 0.9298269 0.7485136 1.2920319 1.0715653 0.7701331 0.8850641 1.3347607 1.4071662 0.6978393 1.3238249 1.4541272 1.4966430 1.6085962 1.4770535 1.6697685 1.5613646 1.6229569 1.3758463 1.6626683 1.5118095 1.5661714 1.4918408 1.6610777 1.8149068 0.1619692 
Exapal_XM_021047163.2                                 1.1060001 1.1383648 1.6015618 1.4464919 0.6056718 0.5700286 1.0361446 0.6710280 0.8513706 0.8108176 0.9686380 0.7703684 0.4623784 0.4547484 0.3183571 0.3839852 0.4382551 0.4724217 0.0000000 0.3817851 0.9458914 0.6929308 0.8086433 0.3505762 0.8696232 0.5964208 0.8297608 0.7621253 0.6854624 0.7109357 0.6623686 0.9562347 0.9321140 0.8212796 1.1826091 1.1499620 1.1499620 0.5488643 0.6704979 0.8774389 0.8774389 0.9850491 1.1779022 1.1779022 1.1771781 1.6965020 1.0886591 0.7916539 1.1249548 1.0358968 1.1042297 1.0764581 1.2335199 1.0042940 1.0564428 1.0662564 0.8726822 0.9689115 1.0046548 0.9796627 0.9793335 0.9528445 1.0082681 0.8857309 1.0231392 0.7462392 1.3068784 1.0733962 0.7683948 0.8806967 1.3903321 1.4573661 0.8156574 1.3416348 1.4838153 1.5100912 1.6656770 1.5601961 1.7552259 1.6778020 1.7377182 1.4780626 1.6785100 1.5486346 1.6381959 1.5112055 1.6626565 1.9149919 0.6306983 
Nvec_v1g20079                                         1.1646880 1.2002404 1.6679569 1.3669286 0.6360518 0.6417347 0.8518212 0.6878335 0.8350856 0.7549589 0.8884175 0.7840885 0.4330963 0.4304350 0.3972094 0.4231789 0.4311389 0.4441377 0.3817851 0.0000000 0.8872305 0.7396396 0.7857402 0.4287088 0.8435303 0.6700101 0.7690058 0.7283243 0.6099204 0.6509475 0.6795394 0.9035429 0.9008087 0.8027483 1.1323386 1.0990352 1.0990352 0.5854613 0.7298506 0.9323867 0.9323867 0.9902307 1.1294793 1.1294793 1.2388419 1.7951663 1.1684019 0.9201699 1.2201589 0.9705064 0.9674916 0.9935422 1.1872026 0.9303807 0.9871864 1.0157064 0.7885567 0.9062606 0.9293234 0.9175378 0.9171861 0.8923339 0.9486594 0.8902736 0.9565058 0.8231628 1.3937435 1.0159494 0.7725657 0.8698211 1.3194566 1.4140614 0.8851878 1.2565717 1.4224577 1.4638997 1.5655157 1.4307550 1.6191864 1.4896328 1.5686300 1.3724938 1.6104221 1.4438515 1.5749151 1.4149696 1.6119973 1.8637783 0.5737963 
Nemnom_g7074.t1                                       0.9857441 0.9858688 1.8141555 1.5346880 0.8184903 0.8352796 1.2892731 0.8882896 1.0606322 1.0120966 1.1143704 0.9389225 0.8387662 0.8155438 0.7092986 0.7344590 0.8812422 0.9309871 0.9458914 0.8872305 0.0000000 0.0000010 0.3440625 0.2756406 0.1482203 0.2121972 0.9700540 0.9337820 0.8791330 0.8985088 0.4468731 0.8622327 0.9846561 0.9798793 1.3597082 1.3582951 1.3582951 0.9138513 0.8284224 0.9716870 0.9716870 0.9555122 1.3628357 1.3628357 1.4202475 2.0999751 1.1306050 1.0836128 1.1104158 1.1945748 1.2063340 1.1896055 1.3465032 1.1114555 1.1826846 1.2157017 1.0010425 1.1496465 1.1728000 1.1647718 1.1621165 1.1640162 1.2043854 1.0807470 1.2246151 0.6971792 1.5718078 1.2639081 1.2006073 1.0431807 1.5951020 1.6178543 0.9383559 1.5545761 1.7137499 1.7335495 1.8551852 1.7437683 1.9449016 1.7900400 1.8476829 1.6421263 1.8220707 1.7618293 1.7800653 1.8607544 1.8436320 2.0975656 1.1257889 
Nemnom_g8392.t1                                       1.0269509 1.0430839 1.0519791 0.8579857 0.8184903 0.8352796 1.2892731 0.8882896 0.8040594 0.8061495 0.7580985 0.7244534 0.7258968 0.7150255 0.7092986 0.6267503 0.7054921 0.7693973 0.6929308 0.7396396 0.0000010 0.0000000 0.2880339 0.2450203 0.1384622 0.2121972 0.7543364 0.6826362 0.6965453 0.7256775 0.4147401 0.5904577 1.2999757 0.7360351 0.9082820 0.9082820 0.9082820 0.9138513 0.8284224 0.9072761 0.9072761 0.8710592 0.9271091 0.9271091 0.9139236 0.9885362 1.0616584 1.0789077 1.1104158 0.8944732 0.8229973 0.7864056 0.9959488 0.7704709 0.8462400 0.8104189 0.7761041 0.8013653 0.8290731 0.8100908 0.8141295 0.8240126 0.8585028 0.8146103 0.8890754 0.6585675 1.4277936 1.0037437 1.1510132 0.7839536 1.0548842 0.9737860 0.9383559 0.9363275 1.0550141 1.0554468 1.2218349 1.1783800 1.1848543 1.1862614 1.1916852 0.9566011 1.1859925 1.0785423 1.0695039 1.1865071 1.1786742 1.3031532 0.7258197 
Sanmal_Sma_017520-T1                                  0.9513202 0.9512216 1.7995847 1.5171864 0.6978938 0.6848840 1.0090228 0.7530507 0.9946992 0.9216680 1.0430956 0.8591585 0.7615452 0.7382160 0.6370273 0.6475987 0.7836024 0.8001539 0.8086433 0.7857402 0.3440625 0.2880339 0.0000000 0.1233951 0.3147718 0.2260219 0.8954638 0.8569565 0.7867073 0.8326991 0.4224734 0.7776916 1.0054759 0.8942389 1.2896876 1.2883332 1.2883332 0.7182012 0.7414223 0.9090136 0.9090136 0.9642217 1.2804649 1.2804649 1.3241836 1.9234329 1.0940421 0.8687097 1.0861793 1.1309405 1.1143635 1.1146036 1.2479595 1.0130008 1.0688143 1.1159710 0.9505197 1.0448501 1.0543044 1.0426110 1.0481917 1.0449023 1.0890413 0.9851746 1.1045582 0.6441514 1.4261756 1.1669559 1.1403953 0.9879764 1.4799896 1.5717533 0.7875084 1.4795512 1.6746889 1.6938811 1.7834436 1.6513745 1.8332941 1.7282535 1.7783594 1.5537030 1.7766430 1.6250640 1.7249549 1.6931001 1.7442376 2.0375215 0.9763344 
Aaur_scaffold5321.g1.t1                               0.8260838 0.8260838 0.8841321 0.9083408 0.0000010 0.0000010 0.0000010 0.0000010 0.6214250 0.4845315 0.5232131 0.3885869 0.3888071 0.3888071 0.0000010 0.3889686 0.4114648 0.4541968 0.3505762 0.4287088 0.2756406 0.2450203 0.1233951 0.0000000 0.1226958 0.0000010 0.5240095 0.4114895 0.4243237 0.4857000 0.0000010 0.4975799 0.0000010 0.5261122 0.7660237 0.7660237 0.7660237 0.0000010 0.0000010 0.6615694 0.6615694 0.6615694 0.8333123 0.8333123 0.8333123 0.8751187 0.6889176 0.0000010 0.6041444 0.6951817 0.8439110 0.8273415 0.7015682 0.6562293 0.8602584 0.8602584 0.6642978 0.6308198 0.6308198 0.6784977 0.6784977 0.6578484 0.7667173 0.7238495 0.5310801 0.4854096 0.7903938 0.8314052 0.0000010 0.6318055 0.8700149 0.8640826 0.0000010 0.7809584 0.9306115 1.1615164 1.2891881 1.3074040 0.9556051 1.1455604 0.8990434 0.8895351 0.9577447 0.7622212 0.9854976 0.8593745 1.6357335 1.8172316 1.5323026 
Rhoesc_Res_002397-T1                                  0.9159370 0.9156140 1.8066211 1.5033393 0.7913136 0.8593660 1.2563773 0.8200586 1.0163098 0.9958328 1.0867408 0.9102850 0.8072090 0.7885682 0.6016986 0.6920641 0.8279587 0.8648321 0.8696232 0.8435303 0.1482203 0.1384622 0.3147718 0.1226958 0.0000000 0.1659981 0.9447404 0.8964339 0.8169845 0.8532939 0.4574764 0.8288707 1.0614243 0.9428272 1.3175489 1.2931363 1.2931363 0.7238230 0.8685905 1.0152416 1.0152416 0.9978723 1.3162568 1.3162568 1.3794866 2.0172330 1.1869767 1.0427014 1.1697011 1.1451365 1.1648103 1.1739172 1.3956659 1.1149627 1.1704235 1.1852033 0.9785826 1.1171167 1.1436306 1.1222908 1.1221075 1.1071465 1.1804288 1.0382115 1.1478709 0.7133080 1.6356619 1.2243448 0.9833496 1.0243344 1.5229205 1.5920111 0.9829826 1.5004793 1.6525051 1.6974346 1.7884099 1.7101543 1.8479938 1.7283988 1.8024985 1.5847215 1.7664878 1.6690703 1.7305719 1.7636554 1.7622153 2.0221659 1.0415018 
Aaur_scaffold359.g16.t1                               1.1129742 1.1403238 1.0494817 0.8543520 0.7365544 0.8081033 1.2449481 0.8118699 0.7245460 0.6608079 0.6911978 0.6705838 0.6230056 0.6077164 0.4863357 0.5127245 0.6054390 0.6243844 0.5964208 0.6700101 0.2121972 0.2121972 0.2260219 0.0000010 0.1659981 0.0000000 0.7022352 0.5927074 0.6552348 0.6848194 0.3983712 0.5875480 1.1105052 0.6496939 0.8166205 0.8064274 0.8064274 0.6733794 0.7821090 0.8922278 0.8922278 0.9287934 0.8145735 0.8145735 0.8067627 2.4462412 1.1960600 0.7301926 1.1319266 0.7789732 0.7340473 0.7569421 1.0429664 0.7073912 0.8185042 0.7536242 0.6816550 0.7349679 0.8039427 0.7243394 0.7281791 0.7364735 0.7505965 0.7361036 0.7831821 0.6189561 1.5616736 0.9484364 0.9263698 0.6912456 0.9549584 0.9586924 0.8865382 0.8651209 0.8991500 0.9230085 1.1001691 1.0679615 1.1444580 1.1377292 1.1531399 0.8598937 1.0677092 0.9849611 0.9715915 1.0767466 1.0266360 1.1319408 0.5821429 
Hsap_ENST00000338432                                  0.9084774 0.9192852 1.5303684 1.3342153 0.5885292 0.5242700 0.7468265 0.5661766 0.7180477 0.6455419 0.7290592 0.5492433 0.7589958 0.7528510 0.4981855 0.6348082 0.7505785 0.7852271 0.8297608 0.7690058 0.9700540 0.7543364 0.8954638 0.5240095 0.9447404 0.7022352 0.0000000 0.3505593 0.8541917 0.8977509 0.7185692 1.0597968 0.8300599 0.6692583 1.0553066 1.0280712 1.0280712 0.4796812 0.5292208 0.7451477 0.7451477 0.7679314 1.0967082 1.0967082 1.1441199 1.6732225 1.2257561 0.9344397 0.9843344 0.8254993 0.9621993 0.9508665 1.1463477 0.8735250 0.8984310 0.8986010 0.6620162 0.8747852 0.8842931 0.8686596 0.8692144 0.8593627 0.9286498 0.7924233 0.9242966 0.9496798 1.3139186 1.0313006 0.7735951 0.6998553 1.2649489 1.3864176 0.7529788 1.2369653 1.3831128 1.4134515 1.5119954 1.4429273 1.6171209 1.5646044 1.5974817 1.3216335 1.5861086 1.4500614 1.5056392 1.4213185 1.5583078 1.7325251 0.9105815 
Hsap_ENST00000616317                                  0.7577112 0.7705145 1.3835449 1.2730801 0.5655352 0.5027759 0.8365101 0.6024701 0.6414956 0.5672277 0.7060707 0.4819155 0.6912491 0.6838033 0.4724663 0.5643071 0.6717516 0.7211040 0.7621253 0.7283243 0.9337820 0.6826362 0.8569565 0.4114895 0.8964339 0.5927074 0.3505593 0.0000000 0.7845805 0.8306596 0.6254774 1.0212090 0.6568788 0.5763083 1.0576929 1.0248277 1.0248277 0.5675435 0.5737421 0.7684023 0.7684023 0.7680991 1.1137538 1.1137538 1.1413176 1.7035689 1.0673200 0.9939213 0.9649927 0.7920946 0.9203998 0.9283500 1.0921918 0.8496936 0.8729266 0.8795355 0.6247027 0.8576473 0.8730430 0.8613679 0.8617926 0.8535458 0.9063595 0.7708853 0.8865537 0.8802620 1.2243870 0.9696441 0.8518206 0.6393005 1.2500963 1.3530167 0.7367318 1.1755675 1.3424407 1.3760493 1.4775551 1.3736135 1.5621443 1.5034341 1.5746781 1.2405788 1.5219531 1.3775485 1.4141038 1.3729115 1.5330324 1.7207728 0.8779890 
Dgig_XM_028552439.1                                   1.0268154 1.0566285 1.6508490 1.4976094 0.7189366 0.7918540 1.1690757 0.7166840 0.8728115 0.8462005 0.9897018 0.8009499 0.5819639 0.5640378 0.5172444 0.5142527 0.5984161 0.6122363 0.6854624 0.6099204 0.8791330 0.6965453 0.7867073 0.4243237 0.8169845 0.6552348 0.8541917 0.7845805 0.0000000 0.1553365 0.7053871 0.8983024 0.9239323 0.8563583 1.2040471 1.1815348 1.1815348 0.7394099 0.8066899 0.9437157 0.9437157 0.9170881 1.2080405 1.2080405 1.2257008 1.6086408 1.1406087 1.0862212 1.1082848 1.0353355 1.0418891 1.0442710 1.2320174 0.9456037 1.0195718 1.0268202 0.8498163 0.9887470 1.0098025 0.9937572 0.9990812 0.9761054 1.0188437 0.8976087 0.9650113 0.7869376 1.2857270 1.0613628 0.8553530 0.9709960 1.4178381 1.4974793 0.8800595 1.3275412 1.4988713 1.5168971 1.6199755 1.4959635 1.7297455 1.6237861 1.6557929 1.4235284 1.6875409 1.5132436 1.5827471 1.5365985 1.6298203 1.8695389 0.7938818 
Xesp_008415-T1                                        1.0638536 1.0949095 1.6674032 1.5204533 0.7397044 0.8375457 1.2544960 0.7432584 0.9236658 0.8927336 1.0292866 0.8277110 0.6404460 0.6270501 0.5197587 0.5920024 0.6708588 0.6614033 0.7109357 0.6509475 0.8985088 0.7256775 0.8326991 0.4857000 0.8532939 0.6848194 0.8977509 0.8306596 0.1553365 0.0000000 0.7481382 0.9212423 1.0679138 0.9094049 1.2256431 1.1995225 1.1995225 0.7313109 0.8138523 0.9380876 0.9380876 0.9334377 1.2269893 1.2269893 1.2388327 1.6698989 1.2301362 1.0994137 1.1968678 1.0462030 1.0828598 1.0886949 1.2381995 1.0093806 1.0509388 1.0703947 0.9019764 1.0292554 1.0451537 1.0464360 1.0493491 1.0007502 1.0699460 0.9330933 0.9983431 0.8557130 1.2769204 1.1010090 0.9246736 1.0121683 1.3911738 1.5081135 0.9070773 1.3505087 1.5042759 1.5546220 1.6844476 1.5188127 1.7786999 1.6460626 1.7062653 1.4438477 1.7100346 1.5300551 1.6154240 1.5692269 1.6480612 1.8870605 0.8676323 
Morvir_scaffold56.g15.t1                              0.7842234 0.8036195 0.9219536 0.7993596 0.6833215 0.7171896 1.1721379 0.7615513 0.7286127 0.6723391 0.6813288 0.6802924 0.6070252 0.6046258 0.5427039 0.5155419 0.5670529 0.6054899 0.6623686 0.6795394 0.4468731 0.4147401 0.4224734 0.0000010 0.4574764 0.3983712 0.7185692 0.6254774 0.7053871 0.7481382 0.0000000 0.5740740 0.9175464 0.6679736 0.8897945 0.7691867 0.7691867 0.6502302 0.7385714 0.8053149 0.8053149 0.7635074 0.8565567 0.8565567 0.8130284 0.0000010 1.1237903 0.9342737 0.9981355 0.7301644 0.7841713 0.7337776 0.6532761 0.7754829 0.7397273 0.6966112 0.6672672 0.7479709 0.7797899 0.7506426 0.7506426 0.7217835 0.7847184 0.7173015 0.7808584 0.6103791 1.2149900 0.9691898 0.7979325 0.7350337 0.9299696 0.9530819 0.9387193 0.7857391 0.9307563 0.9457868 1.0649489 1.0773897 1.1249248 1.1179978 1.1009482 0.8610532 1.0435106 0.9197402 0.9814251 1.0004175 0.9709946 1.1316262 0.6644402 
Chem_TCONS_00008959                                   1.0475518 1.0607585 1.8296844 1.5953717 0.7935463 0.8004209 1.1148921 0.7768270 1.1046904 1.0930377 1.1228539 1.0058849 0.9285443 0.9319019 0.5615100 0.7619975 0.9030953 0.9654683 0.9562347 0.9035429 0.8622327 0.5904577 0.7776916 0.4975799 0.8288707 0.5875480 1.0597968 1.0212090 0.8983024 0.9212423 0.5740740 0.0000000 1.3723398 1.0928708 1.3224922 1.2867801 1.2867801 0.7134238 0.7964071 0.9665854 0.9665854 0.9797590 1.3645213 1.3645213 1.4395013 2.1079103 1.2968402 1.1402217 1.3832635 1.2313272 1.2736159 1.2593890 1.3848849 1.1714111 1.2300113 1.2312257 1.1124914 1.1457782 1.1707298 1.1478474 1.1457805 1.1270771 1.1633220 1.0567493 1.2171924 0.5531033 1.5472742 1.2817383 0.9563874 1.1407653 1.5490728 1.6758215 0.9604655 1.5885824 1.6782992 1.7621393 1.7906372 1.6467209 1.9115684 1.8240766 1.8643525 1.5922599 1.8626611 1.6725860 1.6784680 1.7508207 1.7896441 2.0019722 1.1476071 
Cgig_XM_034477561.1                                   0.7743939 0.8121898 2.2531386 2.2614577 0.7206567 0.8390848 1.6524189 0.6918672 0.8441312 0.5004493 0.7548013 0.7014074 0.7285803 0.7247939 0.6999199 0.7613245 0.7351313 0.7180880 0.9321140 0.9008087 0.9846561 1.2999757 1.0054759 0.0000010 1.0614243 1.1105052 0.8300599 0.6568788 0.9239323 1.0679138 0.9175464 1.3723398 0.0000000 0.0382223 1.5299589 1.5450844 1.5450844 0.6706454 0.6706454 0.6301552 0.6301552 1.6524189 1.6428025 1.6428025 1.5800591 1.7104345 1.6717772 0.6301552 0.0000010 1.1594130 1.2572802 1.4014345 1.5761092 1.1371219 1.3046360 1.3046360 0.6501266 0.9567038 0.9650584 0.9490474 0.9490474 1.0225343 1.1638936 0.9674920 1.1452017 0.9785716 1.2051587 1.2933676 0.6999199 0.6990180 2.4065550 1.8803644 1.1107631 2.5045310 2.5473276 2.4440940 2.6239817 2.4156767 2.6552556 2.4515186 2.7964971 2.5087099 2.5345577 2.6124346 3.2203620 2.9307737 2.8608574 3.5603443 0.7964290 
Cgig_XM_034477509.1                                   0.9605341 0.9732691 1.5459762 1.3349777 0.5816437 0.4963243 0.6747885 0.5560271 0.6777325 0.4436159 0.7243301 0.6276026 0.7468341 0.7446275 0.4089785 0.5912740 0.7540346 0.7410594 0.8212796 0.8027483 0.9798793 0.7360351 0.8942389 0.5261122 0.9428272 0.6496939 0.6692583 0.5763083 0.8563583 0.9094049 0.6679736 1.0928708 0.0382223 0.0000000 1.1335871 1.0953064 1.0953064 0.5048191 0.5682038 0.8284859 0.8284859 0.8731146 1.1776250 1.1776250 1.1919572 1.8308755 1.1928057 0.9038789 1.0166189 0.7879002 0.9840901 0.9474217 1.2260009 0.9029733 0.9075624 0.9154572 0.6202797 0.9134127 0.9219976 0.9308858 0.9295100 0.9021413 0.9581873 0.8276503 0.9233735 0.8920007 1.2102097 0.9921831 0.6937101 0.6747485 1.3094352 1.3141765 0.7515753 1.2557468 1.3856698 1.4155717 1.4503601 1.4133000 1.6465480 1.5632122 1.6107811 1.3454786 1.5730135 1.4321852 1.4573801 1.4406305 1.5561303 1.6912869 0.9012318 
Horcal_Hcv1.av93.c5.g137.i1                           1.2058028 1.2309076 1.9336374 1.5502342 0.6587978 0.6234571 0.7276067 0.5919574 1.0768575 1.0946122 1.1104530 1.0423333 1.0982848 1.0802157 0.7110435 0.9229729 1.0803014 1.1501062 1.1826091 1.1323386 1.3597082 0.9082820 1.2896876 0.7660237 1.3175489 0.8166205 1.0553066 1.0576929 1.2040471 1.2256431 0.8897945 1.3224922 1.5299589 1.1335871 0.0000000 0.0009573 0.0009573 0.0038973 0.0057717 0.2277324 0.2277324 0.2269579 0.3303501 0.3303501 0.2726011 0.3561568 0.0364717 0.4369869 0.1039509 1.1445259 1.1112011 1.1318333 1.2848246 1.1490999 1.1867825 1.1741225 1.0577656 1.1536899 1.1784791 1.1581426 1.1581493 1.1257715 1.2186472 1.0679365 1.1396261 1.1061859 1.7048689 1.2612076 0.8531515 1.1691294 1.4670536 1.4964974 0.8164014 1.4286266 1.5263094 1.5390154 1.6360398 1.5182281 1.7337319 1.6924848 1.6922627 1.4216758 1.6372293 1.5641522 1.5613668 1.6020547 1.6731688 1.8337812 1.3409468 
Horcal_Hcv1.av93.c5.g137.i2                           1.2058028 1.2309076 1.9336374 1.5490579 0.6166059 0.6234571 0.7276067 0.5504804 1.0425937 1.0650746 1.0909953 1.0124667 1.0736845 1.0556584 0.7110435 0.8645018 1.0364178 1.1189682 1.1499620 1.0990352 1.3582951 0.9082820 1.2883332 0.7660237 1.2931363 0.8064274 1.0280712 1.0248277 1.1815348 1.1995225 0.7691867 1.2867801 1.5450844 1.0953064 0.0009573 0.0000000 0.0000010 0.0038973 0.0057717 0.2277324 0.2277324 0.2269579 0.3073213 0.3073213 0.2441028 0.3561568 0.0364717 0.2897009 0.1039509 1.1310552 1.0886707 1.1185440 1.2848246 1.1088914 1.1872246 1.1746811 1.0237847 1.1269733 1.1771614 1.1302045 1.1302124 1.1245418 1.1904648 1.0666742 1.1276533 1.0147310 1.7048689 1.2268865 0.8531515 1.1421823 1.4445964 1.4634203 0.6941021 1.4287020 1.5201997 1.5329414 1.6320114 1.5218305 1.7038863 1.6747049 1.6744306 1.4060591 1.6211402 1.5436969 1.5260786 1.6039699 1.6647688 1.8353965 1.3001853 
Horcal_Hcv1.av93.c5.g137.i3                           1.2058028 1.2309076 1.9336374 1.5490579 0.6166059 0.6234571 0.7276067 0.5504804 1.0425937 1.0650746 1.0909953 1.0124667 1.0736845 1.0556584 0.7110435 0.8645018 1.0364178 1.1189682 1.1499620 1.0990352 1.3582951 0.9082820 1.2883332 0.7660237 1.2931363 0.8064274 1.0280712 1.0248277 1.1815348 1.1995225 0.7691867 1.2867801 1.5450844 1.0953064 0.0009573 0.0000010 0.0000000 0.0038973 0.0057717 0.2277324 0.2277324 0.2269579 0.3073213 0.3073213 0.2441028 0.3561568 0.0364717 0.2897009 0.1039509 1.1310552 1.0886707 1.1185440 1.2848246 1.1088914 1.1872246 1.1746811 1.0237847 1.1269733 1.1771614 1.1302045 1.1302124 1.1245418 1.1904648 1.0666742 1.1276533 1.0147310 1.7048689 1.2268865 0.8531515 1.1421823 1.4445964 1.4634203 0.6941021 1.4287020 1.5201997 1.5329414 1.6320114 1.5218305 1.7038863 1.6747049 1.6744306 1.4060591 1.6211402 1.5436969 1.5260786 1.6039699 1.6647688 1.8353965 1.3001853 
Pbac_sb2664948                                        0.0000010 0.0000010 0.0000010 0.0000010 0.6681570 0.7621136 0.7937436 0.5959123 0.5612890 0.5205291 0.4935819 0.5646917 0.5628797 0.5668129 0.7161220 0.5402926 0.5123541 0.4671365 0.5488643 0.5854613 0.9138513 0.9138513 0.7182012 0.0000010 0.7238230 0.6733794 0.4796812 0.5675435 0.7394099 0.7313109 0.6502302 0.7134238 0.6706454 0.5048191 0.0038973 0.0038973 0.0038973 0.0000000 0.0000010 0.2089324 0.2089324 0.1724199 0.1744895 0.1744895 0.1825958 0.0000010 0.0000010 0.2122336 0.0000010 0.5325747 0.5649444 0.5581361 0.0000010 0.6206749 0.6939487 0.5861120 0.4831393 0.5909899 0.7396028 0.6007916 0.5976563 0.6189752 0.5951038 0.6002319 0.5477932 0.7548810 1.6403410 0.6819947 0.8294800 0.7288161 0.7078225 0.6674309 0.6956087 0.5864986 0.6599329 0.6048015 0.8222731 0.8051031 1.0309521 0.9281231 0.9281231 0.6224385 0.6969056 0.7152585 0.6121564 0.8432668 0.7762647 0.7153514 0.6648254 
Pbac_sb2652513                                        0.4014147 0.2598205 0.7286215 0.5567183 0.6456589 0.6221731 0.7283086 0.5447709 0.5608723 0.5519807 0.5023353 0.5898925 0.6196293 0.6110038 0.9738690 0.6052906 0.5943108 0.5654464 0.6704979 0.7298506 0.8284224 0.8284224 0.7414223 0.0000010 0.8685905 0.7821090 0.5292208 0.5737421 0.8066899 0.8138523 0.7385714 0.7964071 0.6706454 0.5682038 0.0057717 0.0057717 0.0057717 0.0000010 0.0000000 0.1653716 0.1653716 0.1333365 0.1572315 0.1572315 0.1567789 0.0000010 0.0000010 0.2617906 0.0422410 0.5760485 0.5212134 0.4877390 0.0000010 0.5904154 0.5615636 0.5320275 0.4925231 0.6774170 0.7132355 0.6832667 0.6807278 0.6927338 0.6559945 0.6602343 0.5678375 0.9310260 0.8554467 0.7048103 1.0805678 0.7057763 0.7179145 0.6157575 0.7626808 0.6003068 0.6932141 0.6873577 0.7215484 0.6561142 0.9290238 0.9234292 0.8988665 0.6812480 0.7536098 0.7757332 0.6743010 0.7862180 0.7540209 0.7181101 0.7173099 
Coeast_Cast_sb785633                                  1.1173817 1.1414061 1.0302097 0.9672821 0.6576937 0.6289966 0.6934348 0.6330588 0.8046146 0.7516105 0.6755864 0.6995937 0.8239381 0.8213048 0.9078482 0.7422116 0.7907723 0.8084910 0.8774389 0.9323867 0.9716870 0.9072761 0.9090136 0.6615694 1.0152416 0.8922278 0.7451477 0.7684023 0.9437157 0.9380876 0.8053149 0.9665854 0.6301552 0.8284859 0.2277324 0.2277324 0.2277324 0.2089324 0.1653716 0.0000000 0.0000010 0.0046518 0.0299435 0.0299435 0.0587604 0.1778538 0.2321716 0.1002096 0.2150921 0.8306607 0.7964411 0.7517464 1.1892859 0.7835388 0.8397178 0.7707475 0.6949311 0.8154888 0.8393668 0.8154816 0.8115699 0.8661537 0.8274627 0.8307796 0.7472241 1.0348622 1.2298412 0.9003380 0.9991067 0.8600840 0.8877078 0.8763620 0.8540049 0.8534808 0.9059325 0.9107268 0.9470621 0.9280863 1.1858878 1.2193375 1.1355263 0.8863389 1.1301321 0.9323650 0.9034328 1.0346955 1.0459668 1.0208590 0.8295319 
Coeast_Cast_sb785632                                  1.1173817 1.1414061 1.0302097 0.9672821 0.6576937 0.6289966 0.6934348 0.6330588 0.8046146 0.7516105 0.6755864 0.6995937 0.8239381 0.8213048 0.9078482 0.7422116 0.7907723 0.8084910 0.8774389 0.9323867 0.9716870 0.9072761 0.9090136 0.6615694 1.0152416 0.8922278 0.7451477 0.7684023 0.9437157 0.9380876 0.8053149 0.9665854 0.6301552 0.8284859 0.2277324 0.2277324 0.2277324 0.2089324 0.1653716 0.0000010 0.0000000 0.0046518 0.0299435 0.0299435 0.0587604 0.1778538 0.2321716 0.1002096 0.2150921 0.8306607 0.7964411 0.7517464 1.1892859 0.7835388 0.8397178 0.7707475 0.6949311 0.8154888 0.8393668 0.8154816 0.8115699 0.8661537 0.8274627 0.8307796 0.7472241 1.0348622 1.2298412 0.9003380 0.9991067 0.8600840 0.8877078 0.8763620 0.8540049 0.8534808 0.9059325 0.9107268 0.9470621 0.9280863 1.1858878 1.2193375 1.1355263 0.8863389 1.1301321 0.9323650 0.9034328 1.0346955 1.0459668 1.0208590 0.8295319 
Coeast_Cast_sb785635                                  1.1173817 1.1414061 1.0302097 0.9672821 0.5773488 0.5549131 0.5667684 0.5426469 0.8343023 0.7615403 0.7355165 0.7035264 0.8601235 0.8531510 1.3879917 0.7667748 0.8283135 0.8216353 0.9850491 0.9902307 0.9555122 0.8710592 0.9642217 0.6615694 0.9978723 0.9287934 0.7679314 0.7680991 0.9170881 0.9334377 0.7635074 0.9797590 1.6524189 0.8731146 0.2269579 0.2269579 0.2269579 0.1724199 0.1333365 0.0046518 0.0046518 0.0000000 0.0366843 0.0366843 0.0616536 0.1778538 0.2321716 0.2859862 0.2150921 0.8844631 0.7970503 0.7709428 1.1892859 0.7844465 0.8115577 0.7770504 0.7435575 0.8612303 0.8661035 0.8519517 0.8467936 0.9063777 0.8540053 0.8540053 0.7480151 1.0497917 1.2429200 0.8812299 1.1083743 0.8701571 0.8809122 0.8977463 0.7496600 0.8771955 0.9189832 0.9656199 0.9334154 0.9146653 1.1280863 1.2084097 1.1021147 0.9063589 1.1764395 0.9441670 0.9602259 1.0169028 1.0771266 1.0550170 0.6795401 
