135
Emue_Em0003g88a.t1                                                0.0000000 0.2301869 0.3053961 0.0000010 0.0000010 0.0000010 0.0000010 0.0000010 0.0000010 0.0000010 1.2615267 1.2430499 1.0711962 4.5593462 0.0000010 0.0000010 0.0000010 0.0000010 1.3353232 1.3668130 0.9851753 1.1808713 9.0000000 0.9730988 1.1827534 0.5674261 0.5674261 0.7656941 1.3661093 0.8851016 1.1039077 1.1413515 1.3489997 0.0000010 1.1955070 1.0881689 0.0000010 1.5702019 1.0928950 1.1726954 0.0000010 0.9333051 1.1140175 2.0327795 1.2144472 1.1106046 1.4837893 1.0950742 1.0280330 0.0000010 2.2502633 0.0000010 0.0000010 0.3483027 0.3483027 1.8740698 0.7659335 1.1063419 0.9163922 1.0377868 0.0000010 0.7834489 0.8270541 1.0751921 0.7743317 1.0300986 1.2965479 0.9304819 1.5518968 1.5518968 0.9304819 1.6229413 1.6229413 0.9033909 0.7568793 0.0000010 1.1800479 0.9434037 0.0000010 0.0000010 1.6564280 1.6256997 1.5261039 0.9771628 1.1960247 1.0544040 1.0920854 0.0000010 1.7302569 0.0000010 8.9999990 0.0000010 0.0000010 1.9739453 2.1004624 1.6083536 0.0000010 0.0000010 0.0000010 0.0000010 0.0000010 0.0000010 0.0000010 0.0000010 0.0000010 0.0000010 2.6849325 1.2165963 2.6502807 0.0000010 0.0000010 0.0000010 1.0995754 1.5146751 1.9835336 0.4825990 1.1102714 0.0000010 1.3344330 1.2151892 1.2151892 0.9391682 0.6790909 0.8183201 0.9058459 1.9267426 0.0000010 7.3909183 1.1982011 1.0170220 1.0170220 5.7483651 1.4039142 0.0000010 0.0000010 
Emue_Em0003g268a.t1                                               0.2301869 0.0000000 0.0227841 0.0000010 0.0000010 0.0000010 0.0000010 0.0000010 0.0000010 0.0000010 1.0369111 1.0505176 0.9555950 0.0000010 6.2350225 6.2350225 6.7851717 6.7851717 1.2497072 1.0809433 0.8839369 0.8902336 0.0000010 0.8134089 0.8774039 0.5866152 0.5866152 0.6862853 1.1862717 0.7617545 0.8854253 0.8099671 1.1330038 0.0000010 1.0592481 1.1023926 1.4054984 0.6609602 1.0127478 1.0334255 0.0000010 0.8805717 0.9432911 0.9063476 0.9595884 0.8769573 0.5541843 0.9521557 0.8696417 0.0000010 2.6385641 0.0000010 0.0000010 0.3291901 0.3291901 0.9654705 0.7250480 0.8624810 1.1545785 0.9841111 0.0000010 0.8350646 0.8916221 1.1386597 0.7632362 0.9567531 1.3226658 8.9999989 1.5190885 1.5190885 8.9999989 1.5716486 1.5716486 0.8337120 0.7595842 0.0000010 1.0654741 0.9825878 0.0000010 0.0000010 1.4014367 1.3295114 1.1868610 0.9061501 1.2060631 0.9987043 0.4768001 0.0000010 1.4607127 0.0000010 8.9999990 0.0000010 0.0000010 1.7366797 1.7419897 1.4957748 0.0000010 0.0000010 0.0000010 0.0000010 0.0000010 0.0000010 0.0000010 0.0000010 0.0000010 0.0000010 1.7449635 0.9785832 1.2636238 0.0000010 0.0000010 0.0000010 1.4894588 1.1533068 0.0000010 0.2662565 1.0408397 0.0000010 1.3469485 0.0000010 9.0000000 0.9218867 0.6754825 0.7422727 0.8267203 2.2518269 0.0000010 8.9999984 1.4809663 1.0027130 1.0027130 0.0000010 2.3899452 0.3193763 0.0000010 
Emue_Em0003g1a.t1                                                 0.3053961 0.0227841 0.0000000 0.0000010 0.0000010 7.0996457 1.8388725 1.8388725 1.8388725 1.8388725 1.3224568 1.3288206 1.5408453 6.1637724 1.9209898 1.9209898 1.4510532 0.8948623 1.2754792 1.3114036 1.1852340 1.1307396 2.0742137 1.1271873 1.1515369 1.0537044 1.0537044 0.9423828 1.2115371 0.9379491 0.8854253 1.1490436 1.2578895 0.0000010 1.2031650 1.2317906 2.7505122 1.1832744 1.2921308 1.2886651 2.1634155 1.1751319 1.2707392 1.2879414 1.3018877 1.2187721 1.3537831 1.3375176 1.2317979 2.1634155 0.4075767 0.0000010 1.3683287 0.4044289 0.3938081 1.3651322 1.0351461 1.1472329 1.1189935 1.3048114 2.1634155 1.1585967 1.2443015 1.3075897 1.1207380 1.1749135 1.3399258 0.8282921 1.4426018 1.4426018 0.9403297 1.4351836 1.4343813 1.1358013 1.1020674 0.0000010 1.3179164 1.1179976 0.0000010 0.0000010 1.2852486 1.2405979 1.2194804 1.1439850 1.3544997 1.1987685 1.1300528 0.0000010 1.7939541 0.0000010 8.9999985 0.0000010 0.0000010 2.0749106 2.0216875 1.9937894 2.7544602 3.8538791 2.7229101 3.8163316 0.0000010 1.6707189 0.0000010 2.0505024 0.0000010 1.4765513 1.6170135 1.3159931 5.4710340 0.0000010 3.3619540 0.0000010 1.4968117 1.5397095 0.9685332 1.6048088 1.3915638 2.1468942 1.4705086 1.4614384 1.3309394 1.2710091 1.0902651 0.8972558 1.1858449 1.9743895 0.0000010 8.9999986 1.4809663 1.1248090 1.0027130 2.0570802 2.2663690 1.0020578 5.1847337 
Lcom_lcpid178045                                                  0.0000010 0.0000010 0.0000010 0.0000000 0.0000010 0.1431455 0.1719678 0.0000010 0.0000010 0.0000010 0.4381443 0.4567591 0.3870769 0.3776698 0.0000010 0.0000010 0.0000010 1.4142886 0.0000010 0.7180416 0.7563387 0.0000010 0.5522951 0.5681670 0.5481365 0.5583342 0.6003394 0.6559454 0.5573833 0.0000010 0.0000010 0.6594929 0.5070733 0.7748911 0.4157591 0.5013468 1.1272491 0.9659443 0.7835061 0.6512457 0.7371778 0.7334664 0.8421310 0.7630345 0.7795509 0.7343052 0.7114091 0.7114091 0.8442547 0.7280444 0.5450270 0.3986860 0.4990405 0.4990405 0.0000010 0.5794632 0.3082913 0.6987253 2.5944600 0.7071123 2.0925238 0.6890533 0.6269245 0.6417202 0.6789963 0.6126491 0.6520218 0.5127418 0.6486818 0.6486818 0.6808454 0.6632716 0.6632716 0.6001388 0.6303400 0.7167063 0.6234357 0.6215551 0.8795503 1.1493067 0.7847701 0.7265005 0.6598489 0.6722916 0.7025481 0.7351190 0.6369175 0.5037372 0.5206498 0.0000010 2.7417875 0.5787490 0.6258974 0.7120474 0.4986548 0.0000010 0.0000010 0.5751226 0.5980902 0.5634508 0.0000010 0.6587896 0.0000010 0.5611180 0.4144075 0.6402961 0.5672813 0.5673523 0.6156916 0.7465065 0.8489307 0.8405379 1.0785398 0.7190780 0.6063843 0.0000010 0.6321292 0.0000010 0.5454307 0.0000010 0.0000010 0.0000010 0.0000010 0.8530871 4.4822380 7.4554783 0.7965796 0.8656066 0.0000010 0.0000010 0.0000010 5.9146980 0.0000010 5.4573458 0.0000010 
Lcom_lcpid140724                                                  0.0000010 0.0000010 0.0000010 0.0000010 0.0000000 0.2305568 0.2203057 0.0000010 0.0000010 0.0000010 0.5825016 0.5934057 0.5699488 0.5292321 0.0000010 0.0000010 0.0000010 2.1307672 0.0000010 0.9430143 0.8551225 0.0000010 0.7332385 0.7581255 0.7176865 0.6902374 0.7262842 0.8815331 0.7536758 0.0000010 0.0000010 0.8420388 0.7412038 0.6073693 0.6524941 0.7252981 2.0445554 1.0111431 0.8609075 0.7110600 0.8144616 0.8244805 0.8605271 0.7812446 0.8308130 0.8207546 0.7738206 0.8176780 0.9832771 0.7926018 0.7623157 0.5716872 0.6696805 0.6696805 0.0000010 0.7840574 1.0868845 0.8634953 2.5944600 0.9314641 2.0925238 0.8419221 0.8218983 0.8280471 0.8250847 0.8635624 0.7520490 0.7176408 0.7426021 0.7426021 0.8007493 0.7680417 0.7680417 0.7469425 0.8091976 1.1187611 0.8793539 0.7781473 0.9650279 1.0178535 0.9951949 0.9084897 0.8892383 0.9351719 0.9495333 1.0575717 0.8309019 0.8269948 0.8379127 0.0000010 2.7417875 0.9595265 0.6260375 1.0683169 1.0126074 0.0000010 0.9277945 0.7336638 0.8273937 0.9532029 0.0000010 0.7592075 0.0000010 0.7173893 0.9643332 0.8059092 0.6910794 0.8612578 0.6872099 0.7040919 0.7907107 1.0069078 1.0785398 0.9113806 0.9292600 0.0000010 0.9122535 0.0000010 1.0281453 0.0000010 0.0000010 0.0000010 0.0000010 0.8299480 4.2209885 8.3928061 0.6643055 0.7813065 0.0000010 0.0000010 0.0000010 7.0595087 0.0000010 3.3236201 0.0000010 
Gracom_Gcom_scaffold15707_01                                      0.0000010 0.0000010 7.0996457 0.1431455 0.2305568 0.0000000 0.3066171 0.1375249 0.2191064 0.1744793 0.8876372 0.8860488 0.8615342 0.8123997 0.0000010 0.0000010 0.0000010 0.6350117 0.0000010 1.1781866 0.9656529 0.0000010 1.0687933 0.9887030 0.9964457 0.9178090 1.1903028 0.9354062 0.9372353 0.0000010 0.0000010 1.0247772 0.8827074 0.7175748 0.8403482 0.9031543 1.7315188 1.1827963 1.0006026 1.0361336 1.1025940 1.0867194 1.0539978 0.8208553 0.9734605 0.9740796 0.9962194 0.9523530 1.0854853 0.9493737 1.0728607 0.6164881 0.8754000 0.8822337 3.1045712 0.9380874 1.0881634 1.0374695 4.0383843 1.0831408 1.1650672 0.9612782 1.0414390 0.9597343 1.0695995 0.9140036 0.9057530 0.7886927 0.8837843 0.8837843 0.9250062 0.8972335 0.8972335 0.9747309 0.9560224 1.1747273 0.8133607 1.0041686 1.0752256 1.1400801 1.0315308 1.0135783 0.9252615 1.1994448 1.0724788 0.9576167 1.0274808 1.2338301 1.1182306 0.6252409 1.1942898 1.2268981 0.8587424 1.1912445 1.1847645 0.0000010 0.8491050 1.0048624 0.9703438 0.7714361 0.0000010 0.8862524 1.6421947 0.8713283 1.1078953 1.0283261 0.8379272 1.0121618 0.9292380 1.0071909 1.1654135 1.1466130 1.0785398 0.9231684 1.6511639 0.0000010 1.0060339 0.0000010 0.9844782 0.0000010 0.0000010 0.0000010 1.0751530 1.1670359 0.9433458 2.4681858 1.2313058 1.1997669 0.0000010 0.0000010 0.0000010 2.2422706 8.9999986 2.8306481 0.0000010 
Leuniv_Lniv_scaffold15991_01                                      0.0000010 0.0000010 1.8388725 0.1719678 0.2203057 0.3066171 0.0000000 0.1396993 0.1925276 0.1598105 0.8418375 0.8505094 0.8217701 0.7462114 0.0000010 0.0000010 0.0000010 0.7672612 0.0000010 1.1260102 1.0369185 0.0000010 0.9902820 0.9801352 0.9102104 0.8763825 1.0600531 0.9367477 0.9680448 0.0000010 0.0000010 0.9751929 0.9036737 0.7759095 0.8389214 0.9068385 1.7954875 1.1959248 0.9997823 1.0401861 1.0957277 1.0785701 1.0229545 0.7940295 0.9274434 0.9441048 0.8998835 0.8725654 1.0966249 0.9217404 1.0338631 0.5671728 0.8350756 0.8396267 3.1045712 0.9088949 1.2109107 1.0050060 3.9040136 1.0730663 1.0403721 0.9960993 1.0376079 0.9640557 1.0180920 0.8522645 0.9518386 0.8280150 0.9529164 0.9529164 0.9808002 0.9325741 0.9325741 1.0162528 0.9772838 1.2917386 0.8624781 1.0319745 1.1229681 1.1400198 1.0276649 1.0376012 0.9425916 1.2224631 1.1862932 1.0226075 0.9979138 1.2453063 1.0961207 0.5625333 1.1916021 1.2037971 0.8792695 1.0902798 1.1530565 9.0000000 0.8889999 0.9798112 0.9940757 0.8090072 0.0000010 0.9586741 1.4118926 0.9124704 1.0299922 0.9387946 0.8454776 0.9892500 0.9801670 0.9946313 1.1652575 1.1404419 1.0785398 0.9720221 1.6613404 0.0000010 1.0357797 0.0000010 1.0361946 0.0000010 0.0000010 0.0000010 0.0000010 1.1129508 1.0163920 2.7885416 1.2438766 1.0204362 0.0000010 0.0000010 0.0000010 2.4943546 8.9999989 2.7850548 0.0000010 
Lcom_lcpid135111                                                  0.0000010 0.0000010 1.8388725 0.0000010 0.0000010 0.1375249 0.1396993 0.0000000 0.0000010 0.0000010 0.9614224 0.9497101 1.0497345 1.2039806 0.0000010 0.0000010 0.0000010 0.3036995 0.0000010 1.0687869 0.9557078 0.0000010 1.0806733 1.1215729 1.0312631 1.1416877 1.4172879 0.9143247 0.9276768 0.0000010 0.0000010 1.0913601 0.9065890 0.0000010 0.8753249 0.9260043 0.0000010 1.2055232 1.2051456 1.2053820 1.2585388 1.1729970 1.0033491 0.9651414 0.9862021 1.0249150 0.0000010 0.7750804 0.9937004 0.8134940 0.9880225 0.0000010 0.7035624 0.9128224 3.1045712 1.1473533 1.2222782 1.1400578 0.0000010 1.2354090 1.0023377 1.1996321 1.2783478 1.2600361 1.2008968 0.9366511 1.1468909 1.1242438 1.1913841 1.1809093 0.9687930 1.0969868 1.0969868 1.5326943 0.9919406 0.0000010 1.1353075 1.3842075 0.0000010 0.0000010 1.4828509 1.3417935 1.2817934 1.6001733 1.3996291 1.3868609 1.3174038 2.1375511 1.4093235 1.1805287 1.4847724 2.6568816 0.0000010 1.3301788 1.2620065 0.0000010 1.0699342 0.9686723 0.8504283 0.8443095 2.4073449 0.9799845 0.0000010 1.1065277 2.7875126 1.1273595 1.3038275 1.3014255 0.2934178 0.0000010 0.6625954 0.0000010 0.0000010 1.2947284 2.1711306 0.0000010 1.3301303 3.1247430 1.0395458 0.0000010 0.0000010 0.0000010 1.1758900 1.3198585 0.9294600 1.2174453 0.0000010 0.9880410 0.0000010 0.0000010 0.0000010 0.9204772 0.0000010 1.1303744 0.0000010 
Lcom_lcpid117138                                                  0.0000010 0.0000010 1.8388725 0.0000010 0.0000010 0.2191064 0.1925276 0.0000010 0.0000000 0.0000010 0.9629717 0.9489946 1.0424277 1.1437496 0.0000010 0.0000010 0.0000010 0.4072760 0.0000010 1.2016758 1.0266630 0.0000010 1.0832657 1.1446814 1.0469590 1.0865632 1.2675851 1.0637141 0.9793392 0.0000010 0.0000010 1.1632545 1.0012246 0.0000010 0.9916518 1.0238921 8.9999981 1.2211432 1.2083543 1.1416108 1.2243018 1.1698945 1.0025324 0.9526618 1.0001384 1.0589625 1.0426092 0.9051922 1.0808233 0.8645156 1.0829485 1.3370872 0.8197809 0.9592121 3.1045712 1.1797968 1.2248260 1.1498960 0.0000010 1.3205921 1.0023377 1.2588107 1.3445072 1.2928108 1.2165337 1.0844909 1.1036782 1.0888593 1.1284254 1.1209314 1.0157516 1.0729217 1.0729217 1.4152478 1.0322808 2.0844352 1.2340187 1.3274877 1.1439930 1.1439930 1.5023158 1.3702148 1.3515233 1.6321711 1.4523112 1.4835047 1.2996453 1.9082199 1.4871639 1.1362485 1.4470295 2.3926246 1.5207768 1.4808830 1.3675922 0.0000010 1.0446207 1.0716647 0.9647403 0.9595975 2.1573909 1.0001229 0.0000010 1.1352432 2.3669822 1.1602804 1.2313758 1.3685084 0.4032035 0.0000010 0.6625954 1.7019967 0.0000010 1.3350449 2.0427640 0.0000010 1.4296129 3.0817133 1.1038993 0.0000010 0.0000010 0.0000010 1.1758900 1.2374267 0.9384006 1.5843368 0.0000010 0.9880410 0.0000010 0.0000010 0.0000010 1.3189109 0.0000010 1.2295659 0.0000010 
Lcom_lcpid240648                                                  0.0000010 0.0000010 1.8388725 0.0000010 0.0000010 0.1744793 0.1598105 0.0000010 0.0000010 0.0000000 1.1169537 1.1169537 1.2579072 1.2039806 0.0000010 0.0000010 0.0000010 0.8355946 0.0000010 1.6379438 1.3008045 0.0000010 1.3780160 1.3339478 1.2426759 1.2740672 1.8052066 1.0022936 1.0547521 0.0000010 0.0000010 1.5407183 1.0964257 0.0000010 1.3594113 1.1792522 0.0000010 1.6089564 1.5226867 1.6478541 1.7123597 1.7624611 1.3364075 1.2400986 1.2668703 1.3732331 0.0000010 0.6141306 1.4566458 1.2535650 1.4386526 0.0000010 1.0252188 1.0252188 3.1045712 1.2084854 1.7137527 1.1594002 0.0000010 1.3099844 0.9507798 1.2101250 1.3099764 1.2356803 1.0319063 1.1445534 1.1603660 1.1292109 1.2559047 1.2559047 1.1954772 1.1033927 1.1033927 1.6603676 1.1379249 0.0000010 0.9446149 1.4998204 0.0000010 0.0000010 1.1553758 1.1756015 1.0521616 1.8230901 1.4359932 1.4529971 1.5822296 2.1375511 1.4327958 0.3071391 2.3250453 2.6568816 0.0000010 1.2857673 1.2928478 0.0000010 1.0547392 0.9760510 0.9312516 0.9312516 0.0000010 0.9938958 0.0000010 1.2244747 2.7875126 1.4064519 1.1160483 1.2124618 0.4503559 0.0000010 0.0000010 0.0000010 0.0000010 1.2017253 2.1711306 0.0000010 1.4670248 0.0000010 0.9948304 0.0000010 0.0000010 0.0000010 0.0000010 1.5540520 0.8477476 2.3442395 0.0000010 0.6700045 0.0000010 0.0000010 0.0000010 1.1449474 0.0000010 1.1802654 0.0000010 
Dgig_XM_028536719.1                                               1.2615267 1.0369111 1.3224568 0.4381443 0.5825016 0.8876372 0.8418375 0.9614224 0.9629717 1.1169537 0.0000000 0.0151574 0.3157704 0.7680195 0.4733000 0.4840707 0.4343008 0.9951944 0.8106248 0.7581503 0.7319182 0.8460096 0.7097222 0.7541810 0.7453894 0.8400669 0.8832739 0.8445729 0.9086166 0.8050236 0.5900345 0.7457469 0.6954895 0.7850080 0.7072348 0.8852022 1.4489583 0.7393815 0.7023355 0.7107210 0.7764076 0.7064040 0.6721192 0.5652042 0.6324292 0.6699763 0.6336031 0.7348940 0.8129796 0.6025904 0.7961321 0.6324585 0.6548350 0.8355206 0.8662496 0.9557200 0.6835981 0.8158054 1.2999596 1.1512788 1.0379090 1.0528018 1.1165404 1.0446782 1.1626959 0.9153333 0.8663756 0.7846271 0.9004858 0.8999449 0.7908239 0.8801038 0.8779266 1.0617140 0.8890635 1.0099125 0.9998361 1.0523847 0.8016714 0.8326819 1.1228407 1.1044586 1.1232554 1.1867586 1.1925091 1.1331737 0.9433414 1.0169444 1.0935647 1.3553545 1.8405904 1.0754553 0.9424023 1.1800306 1.1142361 1.1424430 0.8728607 0.7514080 1.0254183 0.8990112 1.1551442 0.8268303 1.0687926 0.7414809 0.9079006 0.6810748 1.0310167 1.1786858 1.2929613 0.8324629 0.9364751 0.8769246 1.7065082 1.3540777 1.2814298 1.0896647 0.9993228 1.3099598 0.9249689 1.1433848 1.1780974 1.0325594 0.9194910 0.9856504 0.8060115 1.4552302 1.3426202 1.2983509 1.4164923 0.9882387 1.0817749 1.5133984 1.1045771 2.1272941 1.7605770 
Dgig_XM_028562127.1                                               1.2430499 1.0505176 1.3288206 0.4567591 0.5934057 0.8860488 0.8505094 0.9497101 0.9489946 1.1169537 0.0151574 0.0000000 0.3320799 0.7904751 0.4733000 0.4840707 0.4343008 1.0168639 0.8047090 0.7688156 0.7361347 0.8442959 0.7077812 0.7520126 0.7456847 0.8348801 0.8749595 0.8530189 0.9126233 0.8004850 0.6296849 0.7516604 0.7023836 0.7774557 0.7125523 0.8884920 1.4241378 0.7444830 0.7057430 0.7170092 0.7930181 0.7103911 0.6745057 0.5703233 0.6407683 0.6714787 0.6298773 0.7457915 0.8159263 0.6030187 0.7963975 0.6661143 0.6632034 0.8377135 0.8562299 0.9605377 0.6769488 0.8134823 1.3129990 1.1500333 1.0379090 1.0656264 1.1327166 1.0540487 1.1793755 0.9142830 0.8710760 0.8001520 0.9052768 0.9047365 0.7997428 0.8892000 0.8870089 1.0707270 0.8856825 0.9830214 1.0081963 1.0589379 0.8056248 0.8354421 1.1335015 1.1041126 1.1291408 1.2022698 1.2066351 1.1396568 0.9543511 1.0288227 1.0981475 1.3369388 1.8462338 1.0727761 0.9244704 1.1808659 1.1170543 1.1452533 0.8728607 0.7696730 1.0466305 0.9059966 1.1881390 0.8510652 1.1310931 0.7547049 0.9236248 0.6872364 1.0392306 1.1941262 1.3202847 0.8538601 0.9179037 0.8468582 1.7202604 1.3653411 1.2838852 1.1092335 1.0110408 1.3340158 0.9392526 1.1268040 1.1616201 1.0251903 0.9218635 0.9868593 0.8173145 1.4751708 1.3536615 1.2885358 1.4117356 0.9756378 1.0682081 1.5362760 1.1093143 2.1278373 1.8459115 
Xesp_005360-T1                                                    1.0711962 0.9555950 1.5408453 0.3870769 0.5699488 0.8615342 0.8217701 1.0497345 1.0424277 1.2579072 0.3157704 0.3320799 0.0000000 0.8164729 0.5165879 0.5122384 0.4688721 1.0991427 1.0545967 0.8220616 0.7654863 0.9253841 0.7998083 0.8199205 0.7918221 0.9024303 0.9578088 0.8928744 0.9984259 0.9442431 0.6912999 0.8159646 0.7523250 0.8705185 0.7672457 0.9446259 1.3408512 0.8291111 0.7834065 0.7867337 0.8146964 0.7942299 0.7734568 0.7051598 0.7358913 0.7444881 0.7108613 0.8319486 0.9576795 0.6432308 0.8801441 0.6802470 0.6730590 0.9016908 0.8974759 1.0267400 0.7817278 0.8445335 1.1855597 1.1938826 0.8920094 1.1744241 1.2311602 1.1077469 1.2070879 0.9715507 0.8827987 0.8007779 0.9208570 0.9212857 0.8001904 0.9300937 0.9278261 1.1401244 0.9301152 1.0984293 1.0155799 1.1508938 0.9544960 0.9915809 1.1394140 1.1134308 1.1584925 1.2270054 1.2327136 1.2175450 0.9420046 0.9745613 1.1463581 1.4317743 1.8485534 1.0669419 0.8813741 1.1888112 1.1550107 1.2356543 0.8775901 0.7611325 1.0531128 0.9279644 1.1978952 0.8556207 1.0891315 0.8104667 1.0332024 0.7494388 1.0801815 1.1741780 1.2502868 0.8362081 0.9792782 0.9176359 1.6494608 1.4564614 1.2932244 0.9775933 0.9913415 1.2910683 0.9669756 1.5892119 1.5288078 1.2216274 1.0958001 1.0391953 0.8917823 1.4150033 1.3452122 1.3690236 1.2340265 0.9197010 0.9055485 1.5675414 1.2561392 2.0421821 1.8066662 
Clacor_Ccor_scaffold8113_01                                       4.5593462 0.0000010 6.1637724 0.3776698 0.5292321 0.8123997 0.7462114 1.2039806 1.1437496 1.2039806 0.7680195 0.7904751 0.8164729 0.0000000 0.0000010 0.0000010 0.0000010 2.4504419 6.1637724 0.9515334 0.7738488 6.1637724 0.8134164 0.7981349 0.7039849 0.6336125 0.8634634 0.9087025 0.8962555 6.1637724 0.0000010 0.7668425 0.7986418 0.7982724 0.7031590 0.8909608 1.5187329 0.8947507 0.7283312 0.8381625 0.8683626 0.9040859 0.8603116 0.6230461 0.7851761 0.7792101 0.7596341 0.9391087 0.8806903 0.7433203 1.0161146 0.5108913 0.7287076 0.7636494 3.9385377 0.9113163 0.8079939 0.8806385 4.5585448 1.2498948 1.9766673 1.0701129 1.0913468 0.8549722 1.0987812 0.9212913 0.8303659 0.7112267 0.7858547 0.7858547 0.8374104 0.8312912 0.8312912 0.8537286 0.8307782 0.7765017 0.8078983 0.8723429 0.7931088 0.8674718 0.9858017 0.9674228 0.8248079 0.9351115 1.1005829 0.8709187 0.7546958 0.9551475 1.0351997 1.2829369 5.9596904 1.0495249 0.8182070 1.1595567 1.1762940 8.9999985 0.7417787 0.7595111 0.9123839 0.6754483 4.2890320 0.7031613 2.0190317 0.8341415 0.7559960 0.8092186 0.7150181 0.8904080 0.8954058 0.8248136 0.9535425 0.9342436 1.0785398 1.0822860 1.2046782 0.0000010 0.9781403 8.9999981 1.1220385 6.1637724 6.1637724 6.1637724 6.1637724 0.8820459 3.4220599 6.4780049 1.1001017 1.0223678 0.0000010 0.0000010 0.0000010 3.4261127 8.9999981 2.7153014 0.0000010 
Lcom_lcpid191644                                                  0.0000010 6.2350225 1.9209898 0.0000010 0.0000010 0.0000010 0.0000010 0.0000010 0.0000010 0.0000010 0.4733000 0.4733000 0.5165879 0.0000010 0.0000000 0.0094200 0.0000010 0.0612219 0.1126245 0.3593704 0.3802244 0.3401982 0.0000010 0.3649540 0.3994649 0.3938769 0.3938769 0.4656777 0.4971727 0.5041396 0.0000010 0.4973741 0.4645958 0.0000010 0.4327570 0.6576523 0.0000010 0.5491950 0.4899331 0.3732454 0.0000010 0.4327404 0.4214155 0.3599790 0.3845005 0.4115959 0.3055301 0.3173403 1.7358780 0.0000010 0.6357440 0.9011544 0.0000010 0.6259959 0.5711644 0.6925480 0.4554266 0.4313907 1.9114986 0.6395635 0.0000010 0.6135078 0.5502304 0.6487288 0.6392022 0.6395909 0.6976213 0.7219213 0.7189091 0.7189091 0.7812497 0.6783693 0.6783693 0.4461421 0.5102036 0.0000010 0.6433810 0.7311065 0.0000010 0.0000010 0.4991295 0.4957832 0.5616319 0.5971201 0.7676461 0.6679707 0.4870108 0.0000010 0.4790721 0.0000010 2.8870916 2.8538647 0.0000010 0.4743676 0.6039662 0.5423841 2.4847082 0.0000010 0.0000010 0.5173960 0.0000010 0.0000010 0.0000010 0.3580055 0.0000010 0.2761730 0.6150720 0.6761935 4.0636154 0.0000010 0.0000010 0.0000010 0.0000010 0.8640424 0.0000010 0.0000010 0.5384016 0.8069973 0.4590580 0.0000010 0.0000010 0.0000010 3.5429262 0.7982655 0.7531407 1.1058913 0.0000010 0.0000010 0.0000010 0.0000010 0.0000010 0.0000010 0.4591510 0.0000010 0.7706943 
Lcom_lcpid191599                                                  0.0000010 6.2350225 1.9209898 0.0000010 0.0000010 0.0000010 0.0000010 0.0000010 0.0000010 0.0000010 0.4840707 0.4840707 0.5122384 0.0000010 0.0094200 0.0000000 0.0000010 0.0503730 0.1011139 0.3595050 0.3992397 0.3433912 0.0000010 0.3684179 0.3960822 0.3975838 0.3975838 0.4661482 0.4986554 0.5056492 0.0000010 0.5086285 0.4690594 0.0000010 0.4339585 0.6352444 0.0000010 0.5449577 0.4861551 0.3697517 0.0000010 0.4339385 0.4024653 0.3599790 0.3856671 0.3928791 0.3055301 0.3173403 1.7358780 0.0000010 0.6309455 0.9011544 0.0000010 0.6268923 0.5711644 0.6952679 0.4358795 0.4326578 1.9114986 0.6418082 0.0000010 0.6144338 0.5518864 0.6546456 0.6453333 0.6454147 0.7020878 0.7265269 0.7234161 0.7234161 0.7820675 0.6789753 0.6789753 0.4268742 0.5118309 0.0000010 0.6221394 0.7257258 0.0000010 0.0000010 0.4994511 0.5179309 0.5400173 0.5975990 0.7706044 0.6741235 0.4898720 0.0000010 0.4653753 0.0000010 2.8870916 2.8538647 0.0000010 0.4758135 0.6098059 0.5214867 2.4847082 0.0000010 0.0000010 0.5173960 0.0000010 0.0000010 0.0000010 0.3646585 0.0000010 0.2780218 0.6155629 0.6825437 4.0636154 0.0000010 0.0000010 0.0000010 0.0000010 0.8364211 0.0000010 0.0000010 0.5434918 0.8227491 0.4554429 0.0000010 0.0000010 0.0000010 3.5429262 0.7927882 0.7475623 1.0912084 0.0000010 0.0000010 0.0000010 0.0000010 0.0000010 0.0000010 0.4604823 0.0000010 0.7706943 
Lcom_lcpid204882                                                  0.0000010 6.7851717 1.4510532 0.0000010 0.0000010 0.0000010 0.0000010 0.0000010 0.0000010 0.0000010 0.4343008 0.4343008 0.4688721 0.0000010 0.0000010 0.0000010 0.0000000 0.0319442 0.0772717 0.2671828 0.3706761 0.3544894 0.0000010 0.3607297 0.3758716 0.4301519 0.4301519 0.3696800 0.3695288 0.4125367 0.0000010 0.4204634 0.3789872 0.0000010 0.4131061 0.5332049 0.0000010 0.4542904 0.3972453 0.2911351 0.0000010 0.3885026 0.3735285 0.4081038 0.3208038 0.3401197 0.3491501 0.3595920 1.2141042 0.0000010 0.5620359 0.9011544 0.0000010 0.5305542 0.6240717 0.6755849 0.4288998 0.3848666 1.9114986 0.5993215 0.0000010 0.6032443 0.6071054 0.5881307 0.6280760 0.5281193 0.5840117 0.5840117 0.5838685 0.5838685 0.6001999 0.6005670 0.5816861 0.3800288 0.4512368 0.0000010 0.6330540 0.6976478 0.0000010 0.0000010 0.4382492 0.4129401 0.4845903 0.4994979 0.6938296 0.6194574 0.4616064 0.0000010 0.4546261 0.0000010 2.8870916 2.8538647 0.0000010 0.4914040 0.5247414 0.5079248 2.4847082 0.0000010 0.0000010 0.0000010 0.0000010 0.0000010 0.0000010 0.1821751 0.0000010 0.2080357 0.5881134 0.7326912 4.0636154 0.0000010 0.0000010 0.0000010 0.0000010 0.8955953 0.0000010 0.0000010 0.4466368 0.5052642 0.4331378 0.0000010 0.0000010 2.6978049 1.7442794 0.5099271 0.8195865 2.1844370 0.0000010 0.0000010 0.0000010 0.0000010 0.0000010 0.0000010 0.4546261 0.0000010 0.7706943 
Scil_scict017484.1                                                0.0000010 6.7851717 0.8948623 1.4142886 2.1307672 0.6350117 0.7672612 0.3036995 0.4072760 0.8355946 0.9951944 1.0168639 1.0991427 2.4504419 0.0612219 0.0503730 0.0319442 0.0000000 0.1457460 0.9859761 0.9543979 0.6781148 1.2444484 1.0205303 1.0394012 0.9844510 0.9638194 0.9875849 1.0999898 0.7055246 0.0000010 1.0651586 0.9626858 1.9322519 0.9151077 1.2464948 1.2436995 1.1448905 1.0806226 1.0729113 1.2131218 0.9926493 0.9214407 0.9407137 0.9175046 0.9752646 0.7734016 0.8709433 1.3238189 1.0698629 0.9065771 1.5309253 1.1680758 0.9922775 0.6179365 1.4280257 1.0036406 1.0224863 1.9114986 1.3821871 1.4166243 1.3909568 1.3962858 1.3390613 1.4084779 1.0900493 1.1787600 1.1546025 1.2230191 1.2189103 1.1454786 1.1525240 1.1477133 1.1754151 0.9689635 8.4131567 1.2929568 1.3685533 4.8665135 4.9189591 1.3274116 1.2591617 1.2712910 1.4753829 1.3421414 1.3145131 1.1801491 3.0035794 1.1965404 1.3769956 1.5127426 2.4422338 2.0968913 1.2710229 1.2676969 0.9597548 1.2661626 1.7572808 1.4216257 1.2851941 1.2298360 1.3100640 0.0000010 1.0946682 3.4399817 1.0519214 1.2972314 1.4256829 2.0669268 2.2401154 2.2581629 4.8750581 1.2037996 1.5427405 3.4669811 0.0000010 1.1298608 1.3967930 1.0347062 0.2191514 0.1936965 0.6486453 0.9884764 1.2405862 1.0758919 1.3918866 2.2330424 3.3075493 0.0000010 0.0000010 0.0000010 1.6399224 0.9111066 1.9193493 0.6579436 
Gracom_Gcom_C546214_01                                            1.3353232 1.2497072 1.2754792 0.0000010 0.0000010 0.0000010 0.0000010 0.0000010 0.0000010 0.0000010 0.8106248 0.8047090 1.0545967 6.1637724 0.1126245 0.1011139 0.0772717 0.1457460 0.0000000 0.7955772 0.7207290 0.9025663 0.4970220 0.8379333 0.8933623 0.8326268 0.8326268 0.7921904 0.9355041 0.8896541 0.9460354 0.8600095 0.8090920 0.0000010 0.8062451 1.0647709 1.0883909 0.9059309 0.8680038 0.8676128 0.3069562 0.8551147 0.8952675 0.8851132 0.9017441 0.9045224 0.9855113 0.9651862 1.4233019 0.0000010 0.6763642 0.9011544 0.0000010 0.8223363 0.8390216 1.1607812 0.8247175 0.9586626 1.2679256 0.8875994 0.0000010 1.0298757 0.9803036 0.9516792 1.0065159 0.9105677 1.1265009 0.7671953 1.1561390 1.1561390 0.7963623 1.1001571 1.0938332 0.8623431 0.7988249 0.0000010 1.1014152 1.0184534 0.0000010 0.0000010 0.9131144 0.8871073 0.8925768 0.8294199 0.9353846 0.9144848 0.7652327 0.0000010 0.9375914 0.0000010 7.1781111 2.8538647 0.0000010 1.0875327 0.9987285 0.9582380 2.4847082 0.0000010 0.0000010 0.8497673 0.3267838 0.2381700 0.0000010 0.4891883 0.0000010 0.4814202 1.0534004 1.0623686 4.9570629 0.0000010 2.4637233 0.0000010 1.4600462 1.1908631 0.6721364 1.5341059 1.0608761 0.7430290 0.9963588 0.4484177 0.4112538 1.1443453 1.0862654 0.9728663 1.0383041 1.2697498 0.0000010 4.7992776 1.3884563 0.4373886 0.4108873 1.9193883 0.9412771 0.1994518 1.2438258 
Spur_XM_030975256.1                                               1.3668130 1.0809433 1.3114036 0.7180416 0.9430143 1.1781866 1.1260102 1.0687869 1.2016758 1.6379438 0.7581503 0.7688156 0.8220616 0.9515334 0.3593704 0.3595050 0.2671828 0.9859761 0.7955772 0.0000000 0.6352528 0.7667932 0.7966315 0.7718118 0.7434679 0.8305248 0.9020031 0.8833275 0.9746807 0.7851109 0.6568703 0.7100681 0.7096637 1.0305570 0.6857622 0.9736882 1.9343586 0.7976922 0.7480186 0.7484310 0.8720191 0.7678391 0.7040151 0.6295690 0.6849987 0.7059778 0.7337002 0.7813176 0.8813938 0.6923996 0.8662393 0.8327331 0.7535690 0.8408858 0.8075745 1.0269474 0.6932961 0.7961544 1.3959367 1.1955275 1.1664260 1.1941907 1.1900594 1.0374239 1.1950381 0.8954190 0.9089214 0.8091414 0.9409251 0.9391635 0.8154009 0.9090452 0.9068210 1.0381227 0.8319287 1.0287041 1.0196618 1.1228787 1.3385352 1.3494279 1.1327271 1.1132902 1.0852273 1.2028239 1.2184334 1.1575219 0.9640178 1.1900428 1.1237594 1.1759844 1.6803462 1.2074861 1.0421014 1.1307099 1.0949897 1.0682777 0.8430782 1.0349990 1.0020630 0.8209548 0.8921711 0.9216325 2.1369538 0.8005918 0.9999410 0.7024271 1.0884537 1.1785029 1.3774342 0.7401084 1.0437797 1.0197097 2.0188865 1.3748058 1.3346670 0.9526512 0.9501358 0.9886272 0.9324951 1.0798004 0.9918165 0.9275986 0.9208224 0.9813016 0.8275221 1.2900130 1.8540441 1.4004178 1.3155545 1.0299355 0.9376144 1.4056147 1.1376456 2.2590425 1.3827052 
Bralan_BLAG07001105_1                                             0.9851753 0.8839369 1.1852340 0.7563387 0.8551225 0.9656529 1.0369185 0.9557078 1.0266630 1.3008045 0.7319182 0.7361347 0.7654863 0.7738488 0.3802244 0.3992397 0.3706761 0.9543979 0.7207290 0.6352528 0.0000000 0.6529282 0.7706143 0.7094112 0.6908378 0.7867477 0.8774574 0.7813872 0.9313107 0.6525391 0.4280721 0.6583835 0.6119632 0.7523513 0.6219004 0.9008996 1.4051902 0.7682739 0.7208835 0.7158245 0.7783231 0.7114067 0.6481150 0.5922858 0.6447020 0.6466114 0.6209177 0.6955856 0.8015393 0.6303836 0.8337692 0.7452865 0.7213484 0.7806688 0.6196344 1.0382678 0.6962676 0.7337462 0.9465386 1.0706170 0.8843049 1.1608497 1.2057018 1.0016562 1.1297672 0.7775082 0.8264389 0.7390371 0.8522752 0.8507093 0.7541526 0.8517684 0.8496154 0.9419221 0.8457763 0.8241600 0.9369036 1.0518561 1.0419689 1.1874715 1.0498932 1.0561807 1.0150797 1.1750325 1.2123573 1.1460643 0.8463348 1.0880501 1.1372413 1.4793703 1.8084956 1.1701984 1.0271983 1.1336616 1.1596995 1.1060277 0.9366204 0.8224280 1.0289201 0.8561835 1.0851921 0.7993689 1.6725136 0.7277437 0.9796491 0.7169756 1.0164703 1.0046368 1.2333806 0.6708139 0.9928657 0.7969513 1.1605908 1.3543689 1.1445076 0.8069174 0.8749888 1.0812938 0.8677399 0.8881253 0.8274637 0.7514603 0.6680279 0.8359687 0.7909965 1.2468969 1.6474965 1.2832567 1.0800207 0.9925768 0.9173267 1.2847136 1.1522143 2.0784549 1.7560783 
Nemnom_g13726.t1                                                  1.1808713 0.8902336 1.1307396 0.0000010 0.0000010 0.0000010 0.0000010 0.0000010 0.0000010 0.0000010 0.8460096 0.8442959 0.9253841 6.1637724 0.3401982 0.3433912 0.3544894 0.6781148 0.9025663 0.7667932 0.6529282 0.0000000 2.1351041 0.1637462 0.3296748 0.7282351 0.7282351 0.7589942 0.9274436 0.8164223 0.7282945 0.7087492 0.7676097 0.0000010 0.6991795 0.7666125 1.1898454 0.7868733 0.7329585 0.6848830 0.0000010 0.7344577 0.7211603 0.6050516 0.7215533 0.7218822 0.6778738 0.6435946 1.0714923 0.0000010 0.7182517 2.0444208 0.0000010 0.7965410 0.6634020 0.8717987 0.7096163 0.4489519 0.8992107 0.8720928 0.0000010 1.0072921 1.0360901 0.8617904 0.9457504 0.9392345 0.9167029 0.7990366 0.9694351 0.9694351 0.8670034 0.9459120 0.9522755 0.9047909 0.7923677 0.0000010 1.1524513 0.9786248 0.0000010 0.0000010 0.9448329 0.9489831 0.8485938 1.0300100 1.0009183 0.9543684 0.8444352 0.0000010 1.1487854 0.0000010 8.2006392 0.5051244 0.0000010 1.3081149 1.1185815 1.2858869 2.0002105 0.0000010 0.0000010 4.5355463 9.0000000 0.0000010 0.0000010 0.9946243 0.0000010 0.4955327 1.2060189 1.0736405 4.0438379 0.0000010 0.8649825 0.0000010 1.1702888 1.3126498 0.7043665 1.1156388 1.0180103 1.4317407 1.0503750 1.0408610 1.0117332 0.6603479 0.9826347 0.7640356 0.8993731 2.0355813 0.0000010 5.6431506 0.8201496 0.9664082 0.8873143 1.8417944 1.2475868 0.7784564 1.7392194 
Nemnom_g13718.t1                                                  9.0000000 0.0000010 2.0742137 0.5522951 0.7332385 1.0687933 0.9902820 1.0806733 1.0832657 1.3780160 0.7097222 0.7077812 0.7998083 0.8134164 0.0000010 0.0000010 0.0000010 1.2444484 0.4970220 0.7966315 0.7706143 2.1351041 0.0000000 0.1085822 0.3079277 0.8947454 1.0285667 0.8990618 0.9258881 0.7865141 0.0000010 0.6874546 0.7508895 0.7890915 0.7068370 0.9225384 1.3622055 0.8120344 0.7259740 0.7570060 0.8053860 0.8336120 0.7088216 0.6057805 0.6885556 0.7329663 0.7047357 0.8055549 0.7557046 0.6225088 0.9057831 0.5791347 0.7445017 0.8477735 1.3151553 0.8800022 0.6836988 0.4452212 6.1006921 1.2286261 0.8639150 1.2180535 1.1670357 1.2344907 1.2579823 0.8735830 0.8231540 0.7944580 0.8494452 0.8526652 0.7759684 0.8959193 0.8959193 1.0897442 0.8895522 1.0029012 1.0445144 1.1122128 0.8795641 1.0512828 1.1959114 1.1669789 1.2156086 1.2836953 1.4443107 1.2819701 0.9818304 1.1003715 1.1342029 1.1464243 1.3919634 1.1514857 1.0140498 1.1205340 1.1137105 1.1291807 0.9314317 0.8373579 1.0369627 0.9030844 0.9742798 0.8542980 1.5534598 0.7290434 0.9268045 0.6133051 1.0389112 1.2115128 1.1445486 0.9646758 1.0362254 0.9849806 1.0785398 1.5009559 1.1713216 0.0000010 0.9727617 1.2062047 0.8472685 0.5440862 0.5440862 0.5440862 0.9661081 1.1342469 0.8747220 1.3641314 1.5151971 1.1253820 0.0000010 0.0000010 0.0000010 1.3624222 1.2817454 2.1768369 1.8136893 
Rhoesc_Res_011249-T1                                              0.9730988 0.8134089 1.1271873 0.5681670 0.7581255 0.9887030 0.9801352 1.1215729 1.1446814 1.3339478 0.7541810 0.7520126 0.8199205 0.7981349 0.3649540 0.3684179 0.3607297 1.0205303 0.8379333 0.7718118 0.7094112 0.1637462 0.1085822 0.0000000 0.2887261 0.8305214 0.8903582 0.8154340 0.8812105 0.7851718 0.7533236 0.6896989 0.7509559 0.9057975 0.7005306 0.8413543 1.4778830 0.7732441 0.7150532 0.7448725 0.7794931 0.7700191 0.6932558 0.6257221 0.6777443 0.6922865 0.7011450 0.7295706 0.8211424 0.6189951 0.8417060 0.6066858 0.6916845 0.8011496 0.6860357 0.8775276 0.6659329 0.4129895 1.2152850 1.0748800 0.9018211 1.0957993 1.0948308 1.0755494 1.1182679 0.8543138 0.8442273 0.7617501 0.8603550 0.8624419 0.7683379 0.8690543 0.8712146 0.9971569 0.8701629 1.0321542 1.0448888 1.0592052 0.9158500 1.0701580 1.0397810 1.0842496 1.0687149 1.1595884 1.2222155 1.1309676 0.9697742 1.0970395 1.1267025 1.1451955 1.7295792 1.0793364 1.0043505 1.1910461 1.1135775 1.2027296 0.9700340 0.7751008 0.9841142 0.8949099 0.9781723 0.8211190 1.3903140 0.7164728 0.8505763 0.5910401 1.0863230 1.1570710 1.3179662 0.9377964 0.9836308 0.9370543 1.0711566 1.4046381 1.1425004 1.1330047 0.9694968 1.1683203 0.9022656 1.1150062 1.0806429 0.6421599 1.0038801 0.9235786 0.8400774 1.3930426 1.4380946 1.2282547 0.9419815 0.8565000 0.7783988 1.4091645 1.1827164 2.2505594 1.9543247 
Aaur_scaffold92.g23.t2                                            1.1827534 0.8774039 1.1515369 0.5481365 0.7176865 0.9964457 0.9102104 1.0312631 1.0469590 1.2426759 0.7453894 0.7456847 0.7918221 0.7039849 0.3994649 0.3960822 0.3758716 1.0394012 0.8933623 0.7434679 0.6908378 0.3296748 0.3079277 0.2887261 0.0000000 0.8000296 0.8761266 0.7636996 0.8871771 0.8049817 0.8411506 0.6624952 0.6810002 0.5784656 0.6539133 0.8233578 1.5062769 0.7634099 0.6922407 0.7406793 0.7763152 0.7778627 0.6778036 0.6177609 0.6525083 0.6664518 0.7041131 0.7193374 0.7507687 0.5978721 0.8555906 0.6549170 0.6894636 0.8101530 0.7298749 0.8318281 0.6841833 0.3757636 1.2438891 1.1452436 0.9644763 1.1375757 1.1292773 1.0675027 1.1469468 0.8357178 0.7917523 0.6948569 0.8389376 0.8375049 0.7231094 0.8355066 0.8375950 1.0216199 0.7849776 1.0118924 1.0532524 1.0354907 0.9471225 1.0209564 1.0822797 1.0503664 1.0426475 1.1761017 1.2426930 1.0955074 0.9170150 1.0648235 1.1324499 1.1837708 1.7253718 1.0216564 0.8792363 1.1776101 1.1332668 1.2380033 0.8925251 0.7792699 0.9588508 0.8429935 0.8973418 0.7684341 1.4459276 0.7114971 0.8160909 0.5348120 1.0958100 1.1447945 1.3781327 0.8183246 0.9318081 0.9627922 1.1024328 1.4191776 1.0968174 1.3807957 0.9673308 1.1869514 0.9034481 1.0617703 1.0217397 0.7185137 1.0106777 0.8651792 0.8183064 1.3865256 1.2922195 1.2846847 0.7171457 1.2542556 1.1553074 1.3288544 1.2134276 2.2371830 1.6346866 
Opea_EP00118_Oscarella_pearsei_P010258                            0.5674261 0.5866152 1.0537044 0.5583342 0.6902374 0.9178090 0.8763825 1.1416877 1.0865632 1.2740672 0.8400669 0.8348801 0.9024303 0.6336125 0.3938769 0.3975838 0.4301519 0.9844510 0.8326268 0.8305248 0.7867477 0.7282351 0.8947454 0.8305214 0.8000296 0.0000000 0.0670979 0.8209269 0.8753361 0.6877312 0.6475131 0.8492876 0.7678090 1.2570848 0.7361965 1.0274887 1.5994970 0.9595715 0.8703884 0.8977392 0.9619694 0.8630412 0.8187982 0.7774667 0.8015181 0.8370718 0.7144828 0.8478566 0.9973690 0.7243220 0.8208487 0.6523633 0.6605684 0.7979112 0.6548293 1.0401650 0.8676925 0.8476455 0.8577080 1.0708348 1.1305847 1.0800496 1.0947055 0.9722234 1.0271213 0.9096637 0.9329135 0.8643553 0.9445633 0.9428333 0.8935252 0.9636539 0.9636926 1.0004519 0.5691284 0.9298485 1.1415397 1.0068455 0.8323619 0.9055501 1.0706938 1.0950835 1.1009032 1.2047429 1.2257898 1.1549705 0.8708356 0.9561224 1.0592060 1.3933893 1.6371867 0.9517584 0.8600758 1.0919614 1.0218525 1.0548442 0.9190808 0.7859407 0.9684174 0.8939384 1.1421159 0.8594559 2.5780045 0.8733900 1.0144832 0.7782190 1.0893101 1.0658881 1.0942907 0.7140366 0.9803338 1.1357517 0.9128065 1.3186274 1.0862725 1.1265591 1.0604335 1.3197444 0.9761682 1.2696000 1.3064851 0.8043996 0.8088264 0.8572971 1.0038521 1.6432794 1.2676672 1.3646459 0.9781872 0.9622234 0.8827098 1.9242173 0.9895714 2.3224727 1.1558166 
Ocar_g5547                                                        0.5674261 0.5866152 1.0537044 0.6003394 0.7262842 1.1903028 1.0600531 1.4172879 1.2675851 1.8052066 0.8832739 0.8749595 0.9578088 0.8634634 0.3938769 0.3975838 0.4301519 0.9638194 0.8326268 0.9020031 0.8774574 0.7282351 1.0285667 0.8903582 0.8761266 0.0670979 0.0000000 0.8809894 0.9128495 0.6877312 0.6475131 0.9089830 0.8703048 1.2670956 0.8299845 1.1337574 1.9182417 1.0020064 0.8855047 0.9281472 1.1208801 0.9243852 0.9205242 0.8267292 0.8942977 0.9385056 0.7932109 0.9714227 1.1101293 0.9572337 0.9666180 0.7426322 0.8236574 0.8576269 0.6499553 1.1620061 0.8766967 0.9335057 0.8720841 1.1430789 1.0211626 1.1369230 1.1559483 1.0211683 1.1103633 0.9658249 0.9839350 0.9043558 0.9961827 0.9961827 0.9256490 1.0138598 1.0138948 1.0340421 0.6206407 0.9298485 1.1595275 1.1064338 0.8209862 1.0201242 1.1093917 1.1294013 1.1561794 1.2500518 1.2283835 1.1106207 0.9441912 1.2527283 1.1432801 0.9841074 1.8559064 1.1947433 0.9305578 1.1823580 1.1611687 1.1476715 1.0679949 0.9628233 1.1496726 0.9660167 0.8845944 1.0156419 3.3475648 1.0355493 1.2092649 0.8719935 1.0563457 1.2132245 1.4242356 1.0658858 1.3931610 1.3335847 0.9128065 1.3427485 1.3076576 1.1265591 1.1076977 1.3778721 1.0579533 1.2696000 1.3064851 0.8043996 0.8475438 0.9301458 1.0556926 1.7856355 1.5247712 1.6465265 0.9781872 0.9622234 0.8827098 2.4886056 0.9939790 2.5692892 1.9876226 
Tetwil_g19488.t1                                                  0.7656941 0.6862853 0.9423828 0.6559454 0.8815331 0.9354062 0.9367477 0.9143247 1.0637141 1.0022936 0.8445729 0.8530189 0.8928744 0.9087025 0.4656777 0.4661482 0.3696800 0.9875849 0.7921904 0.8833275 0.7813872 0.7589942 0.8990618 0.8154340 0.7636996 0.8209269 0.8809894 0.0000000 0.7470696 0.5643630 0.5845816 0.7864632 0.8031224 1.0423634 0.7967150 0.9924296 1.5998859 0.9031364 0.8133765 0.8439311 0.9545514 0.8600514 0.7949233 0.7222662 0.7765608 0.7980784 0.7719610 0.7959009 0.9414554 0.8062492 0.6831079 0.7086275 0.6023721 0.6367287 0.5750079 1.0955984 0.8168647 0.8100085 0.8275230 1.0996734 0.7670767 1.0966784 1.1665299 1.0227466 1.0816012 0.9285866 0.9313404 0.8513669 0.9415833 0.9363984 0.8838347 0.9465903 0.9442913 1.0478047 0.8053959 1.1878744 1.0257893 1.0563246 1.0097519 1.0598430 1.0543271 1.0877708 1.1382834 1.2247512 1.2203123 1.1574758 0.9242892 1.1357338 1.1424589 1.2952890 1.8622007 1.1597395 1.0057623 1.1693592 1.1411752 1.0561838 0.8507129 0.6265110 0.8228679 0.7239779 0.7517053 0.6691539 2.3380376 0.8294161 1.1043919 0.8410494 1.0769819 1.1332194 1.3758656 0.9659615 1.2213312 1.2212513 1.0289424 1.2896773 1.3134328 0.9585928 0.9650204 1.1463231 0.9386163 1.0822386 0.9939304 0.8540956 0.6362774 0.6726103 0.8717156 1.4124526 1.4022568 1.3224759 0.8450138 0.8432425 0.8026499 1.6910225 1.0999039 2.2122249 1.1791680 
