87
Emue_Em0015g730a.t1                                   0.0000000 0.0000010 0.0000010 0.1881946 0.4729611 0.5481256 0.7891474 0.7447577 0.7159935 0.7847021 0.3375054 0.7603200 0.7734074 0.7028483 0.6977585 0.8679104 0.8916805 0.9416999 0.7123621 0.9770859 1.0421159 0.8129880 0.8034164 0.7274177 0.7274177 2.7918201 0.8830097 0.8294315 0.8285374 0.7393661 0.8284615 1.2545662 1.4686910 1.0316565 1.0316565 0.6709741 0.8657268 0.6359146 0.8148583 1.3322591 1.0610105 1.0610105 1.0005090 1.0005090 1.0675757 1.0547695 1.2796048 1.0238422 1.2007174 0.9178446 1.0722320 1.1423935 1.0600806 1.0219908 0.9921584 1.1179153 0.7200792 0.7962893 0.7655560 0.7447280 1.0343533 0.7838093 0.8903516 0.7008414 0.8429432 1.6829767 0.8378596 0.8490320 0.0000010 0.8545027 1.7106540 0.8026851 0.6589137 4.1541166 1.7084494 0.8941778 1.5319110 0.0000010 0.8155295 1.0758722 1.0121277 1.2166998 0.9107122 0.9083492 1.0095150 1.1336682 1.1808019 
Emue_Em0306g1a.t1                                     0.0000010 0.0000000 0.0000010 0.2354785 0.4486747 0.5718945 0.8440013 0.7952670 0.7925576 0.8125698 1.2339658 0.8693894 0.8165365 0.7033589 0.8430414 0.8415810 0.9090404 0.9446178 0.7670634 0.9709474 0.9905205 0.8844089 0.7793828 0.8163318 0.8271121 2.4920634 0.8665420 0.8983593 0.9153994 0.8140287 0.8216694 1.1476070 1.3350934 1.0539277 1.0817972 0.8289933 0.9965307 0.7250198 0.8305391 1.2590318 1.1694512 1.1694512 1.2014338 1.1661068 1.1462054 1.1383901 1.3446631 1.1480927 1.2220872 0.9799751 1.2193313 1.2842717 1.2252607 1.2003274 1.1667374 1.2403842 0.8448128 0.9318286 0.8856626 0.8964407 1.0621672 0.7819681 0.8956844 0.7975244 0.8719614 1.3765112 0.9012130 0.9396191 1.1584003 0.9291207 1.2251131 0.8159148 0.8011324 4.1541166 1.3491531 0.8519392 1.5367224 4.6321939 1.0039018 1.0730377 1.0488896 1.2667560 1.0743749 1.0733674 1.1556220 1.2448225 0.9633243 
Emue_Em0305g1a.t1                                     0.0000010 0.0000010 0.0000000 0.1881946 0.4729611 0.5481256 0.7891474 0.7447577 0.7159935 0.7847021 0.3375054 0.7603200 0.7734074 0.7028483 0.6977585 0.8679104 0.8916805 0.9416999 0.7123621 0.9770859 1.0421159 0.8129880 0.8034164 0.7274177 0.7274177 2.7918201 0.8830097 0.8294315 0.8285374 0.7393661 0.8284615 1.2545662 1.4686910 1.0316565 1.0316565 0.6709741 0.8657268 0.6359146 0.8148583 1.3322591 1.0610105 1.0610105 1.0005090 1.0005090 1.0675757 1.0547695 1.2796048 1.0238422 1.2007174 0.9178446 1.0722320 1.1423935 1.0600806 1.0219908 0.9921584 1.1179153 0.7200792 0.7962893 0.7655560 0.7447280 1.0343533 0.7838093 0.8903516 0.7008414 0.8429432 1.6829767 0.8378596 0.8490320 0.0000010 0.8545027 1.7106540 0.8026851 0.6589137 4.1541166 1.7084494 0.8941778 1.5319110 0.0000010 0.8155295 1.0758722 1.0121277 1.2166998 0.9107122 0.9083492 1.0095150 1.1336682 1.1808019 
Spolac_c92919_g1_i1_m.8316c102591-g1                  0.1881946 0.2354785 0.1881946 0.0000000 0.4606446 0.5357942 0.9143399 0.8630111 0.9614965 1.0259580 1.1892879 0.9494853 0.9060044 0.9295981 0.8847885 0.8571385 0.9198261 0.9182262 0.8698570 1.0776789 1.0771494 1.0134759 1.0097828 1.0063756 1.0798846 1.3128458 0.9112381 1.0142868 0.9827845 0.9367233 0.9236228 1.1199456 1.9871674 1.6104351 1.1127930 1.0905697 1.1644046 0.9614954 1.0501692 1.2888721 1.4479714 1.4479714 1.4653006 1.5777261 1.3396325 1.1782293 1.5965439 1.3379775 1.2397790 1.3786172 1.6219086 1.6702038 1.6474706 1.3737932 1.3521687 1.5063626 0.8935395 0.9281685 0.9958244 1.0901844 1.0632161 0.9335419 1.0901721 0.9716447 1.0646508 1.5780376 1.1103086 1.1177158 0.9224489 1.1289209 1.4119446 1.0542067 1.0056556 4.5403717 1.3199710 1.0547346 1.4253129 1.0264654 1.3497483 1.1590987 1.1311321 1.2182251 1.3172743 1.2881805 1.2775438 1.3877360 1.0098498 
Stycar_maker-SC_scaffold6012-augustus-gene-0.5-mRNA-1 0.4729611 0.4486747 0.4729611 0.4606446 0.0000000 0.4300384 0.9183990 0.8908467 0.8976844 0.8796553 1.6709434 0.9591778 0.8356881 0.8361431 0.8216322 0.8719553 0.9449206 1.0043955 0.8500575 0.9760459 0.9753439 0.9709605 0.8171564 0.9225589 0.9225589 2.5047169 1.0155370 1.0188766 0.9508450 1.0101956 0.9434248 1.1089542 1.5148410 1.1771620 1.1771620 0.9998413 1.1140944 0.9379869 1.0743819 1.5164399 1.6464507 1.6464507 1.6498823 1.6454320 1.4951642 1.1829174 1.8922783 1.4130820 1.2892195 1.5542389 1.5827650 1.6555270 1.5412901 1.5684644 1.5258720 1.6343108 1.1631683 1.1946005 1.1849398 1.2839940 1.1381553 0.9320390 1.0697858 0.8938146 1.1934429 1.7608745 1.1415709 1.1033002 1.5982976 1.1226449 1.4702215 1.0440158 1.0370225 3.7411148 1.6328455 1.0849784 1.9838363 0.0000010 1.3326600 1.1083670 1.2800036 1.2137843 1.3588807 1.2938471 1.5789810 1.5731033 1.0028523 
Tetwil_g7696.t1                                       0.5481256 0.5718945 0.5481256 0.5357942 0.4300384 0.0000000 0.9946770 0.9261233 0.9453431 1.0912349 1.3447680 1.0338688 0.9876832 0.7434438 0.9709771 0.8521564 0.9723660 0.9872443 0.8585970 0.9434004 1.0126870 0.9807426 0.8988575 0.9847356 1.0248073 1.4116362 0.9008072 0.9668503 0.9584412 0.8804314 0.9099935 1.0665178 1.7979183 1.3915920 1.1508287 1.0081712 1.1985882 1.0272256 1.0838822 1.3722240 1.4549616 1.4549616 1.4800384 1.5032129 1.3995593 1.2516219 1.5558150 1.2622395 1.4184108 1.4596651 1.5595160 1.5836034 1.4846453 1.3309867 1.3908725 1.3488752 0.9499708 0.9113273 1.0331746 1.0061622 1.1310104 0.8813439 1.1974020 1.0112940 1.0637977 1.6649160 1.0626700 1.1710225 1.6067255 1.0312713 1.5134833 1.0998263 1.0430622 4.1647292 1.4333675 1.0203496 1.5053647 1.2846395 1.3344506 1.1569461 1.2368350 1.0660092 1.5336679 1.4955616 1.0366106 1.3922444 0.7664775 
Spis_XP_022789771_1                                   0.7891474 0.8440013 0.7891474 0.9143399 0.9183990 0.9946770 0.0000000 0.0815693 0.1787127 0.2666492 0.3804350 0.2945269 0.3663631 1.1946161 1.0426949 0.9113282 0.9064774 0.7946607 1.0003375 1.1348277 1.2342130 1.0410072 1.0109442 1.1504397 1.2287288 1.4853575 0.9786255 0.9872843 0.9878160 0.8642017 0.9486621 1.0517348 1.9379934 1.5297447 1.1486128 1.0334760 0.9349037 1.0239122 1.0581312 1.3244565 1.3473299 1.3353570 1.4175995 1.3844239 1.3728123 1.1353094 1.5432910 1.2363672 0.9107098 1.3348074 1.3310336 1.3796688 1.3456309 1.1951554 1.2340984 1.4156697 1.0659876 0.9769450 0.9592851 0.9662229 1.1240742 1.0338226 0.7211645 0.7447116 1.2154911 1.7269443 1.2759611 1.1799644 1.1940290 1.1065880 1.4663756 1.1911487 1.3543344 3.9301551 1.4828911 1.2018665 1.4708990 1.3804598 1.3048248 0.9370780 1.0694854 1.2386341 1.2269348 1.1776919 1.1988138 1.3071876 1.3470576 
Pocdam_XM_027190138.1                                 0.7447577 0.7952670 0.7447577 0.8630111 0.8908467 0.9261233 0.0815693 0.0000000 0.1429458 0.2387484 0.3337187 0.2425824 0.3085462 1.0970568 1.0456456 0.8873246 0.8196797 0.7235920 0.9570626 1.0681020 1.1202791 0.9875080 0.9206552 1.0546501 1.1217676 1.4094634 0.9428245 0.9167523 0.9387337 0.7692789 0.9126575 0.9705243 1.8542980 1.4478621 1.0929320 0.9751449 0.9375448 1.0635263 1.0298883 1.2582007 1.2905430 1.2789401 1.3883901 1.3071825 1.3540214 1.0928258 1.5160165 1.1777514 0.8552646 1.2934064 1.3852857 1.4271486 1.3922678 1.1223723 1.1775215 1.3806532 0.9785303 0.8711340 0.8453352 0.9098415 1.1315638 0.9764005 0.6644618 0.6900043 1.1179981 1.5649384 1.2447564 1.1511295 1.1919052 1.0440731 1.3955014 1.1166699 1.2496855 3.7634253 1.4597075 1.1763618 1.3760625 1.2934641 1.2514707 0.9426379 1.0930397 1.1521810 1.2726158 1.2091849 1.1425674 1.2837535 1.2745859 
Gasp_gasp1.m3.24105.m1                                0.7159935 0.7925576 0.7159935 0.9614965 0.8976844 0.9453431 0.1787127 0.1429458 0.0000000 0.2250951 0.2649447 0.2123024 0.2628749 1.0913665 1.0436958 0.8849390 0.8290060 0.8273724 0.9311929 0.9891116 1.0203966 0.9200790 0.9072056 1.0158807 1.0584355 1.3243520 0.9013441 0.8951825 0.9103185 0.8251488 0.9118747 0.9660262 1.8151954 1.4122018 1.0474709 0.9168439 0.9820511 1.0425365 1.0579209 1.2897014 1.2941936 1.2819940 1.2985278 1.2996219 1.3112035 1.0765812 1.5431663 1.1352810 0.9481127 1.2872474 1.3322278 1.3699078 1.3574594 1.1822601 1.1720584 1.3074271 0.9408155 0.8910347 0.8418399 0.8808067 1.1149972 0.9500815 0.6561038 0.6826369 1.1098292 1.5842888 1.0746704 1.0676288 1.3076551 1.0564177 1.4883421 1.0955083 1.2638118 3.8355157 1.3964992 1.1419930 1.4090010 1.6362471 1.2900007 0.8919518 1.0086846 1.2095669 1.3022957 1.2392153 1.3805503 1.3351234 1.3600997 
Fspp_ffun1.m4.6826.m1                                 0.7847021 0.8125698 0.7847021 1.0259580 0.8796553 1.0912349 0.2666492 0.2387484 0.2250951 0.0000000 0.4232095 0.3325877 0.3583197 1.2262510 1.1706069 0.9810807 0.9251097 0.9067447 1.0416851 1.1951261 1.1525942 1.0595860 1.0309009 1.1262185 1.1551090 1.6251599 0.9847835 1.0508095 1.0211946 0.7388211 1.0026858 1.1622861 1.8552059 1.4434730 1.1805819 1.0629692 0.9964919 0.9615622 1.1147287 1.4374728 1.4804504 1.4669516 1.5003851 1.3520516 1.4971781 1.0712837 1.6568036 1.3044652 0.8955031 1.3943189 1.4433921 1.4846563 1.4555993 1.3146856 1.2995012 1.4663874 1.0963227 0.9531220 0.9855334 1.0218317 1.2517134 1.0788344 0.6883412 0.7947842 1.1893000 1.6177889 1.2480871 1.1506958 1.8190321 1.2323621 1.5312050 1.2415177 1.3525051 4.6207970 1.6003147 1.2802168 1.3849340 1.7986849 1.4148064 0.9770509 1.1579154 1.3039607 1.4086818 1.3553135 1.3289790 1.3941449 1.5985828 
Amil_Amillepora22018-RA                               0.3375054 1.2339658 0.3375054 1.1892879 1.6709434 1.3447680 0.3804350 0.3337187 0.2649447 0.4232095 0.0000000 0.0436744 0.4796512 1.6719528 1.5716038 1.1492445 1.0598761 0.9347313 1.3534396 1.4167387 1.3526198 1.1616854 1.1948223 1.3391059 1.5044568 1.0994446 1.1097825 1.1199631 1.1835534 1.2827756 1.1194925 1.1962776 2.3914391 2.3914391 1.3418395 1.1051077 1.4094098 1.2935692 1.5947674 1.6014360 1.9806455 1.9493309 1.8710545 2.0122520 1.8667728 1.4139191 2.2433842 1.9694040 1.0180065 2.0196052 2.0171358 1.9228706 1.9936236 1.7297032 1.8885811 2.3096006 1.1186231 0.9911258 1.0293139 1.2132420 1.3992634 1.2639804 1.0303833 0.9260007 1.5519133 1.5519133 1.5654584 1.5058487 1.4364619 1.6056369 1.4574214 1.2678005 2.0245150 8.9999984 1.5985190 1.4778433 1.5518180 1.3364398 2.1188860 1.1179491 1.2089642 1.8760964 1.7968997 1.7338594 1.8578601 1.8918816 1.5644238 
Adig_XM_015898421.1                                   0.7603200 0.8693894 0.7603200 0.9494853 0.9591778 1.0338688 0.2945269 0.2425824 0.2123024 0.3325877 0.0436744 0.0000000 0.2984987 1.1078198 1.1091939 0.9727905 0.8244477 0.7807923 0.9497711 1.0574469 1.0544480 0.8822844 1.0079526 0.9862297 1.0574546 1.3318786 0.9817404 0.8832635 0.9222070 0.7818424 0.9364459 0.9881434 1.6724323 1.3176085 1.0279125 0.8915189 1.0210427 0.9717488 1.1327893 1.4217992 1.4521779 1.4390167 1.4247924 1.3625922 1.4246941 1.1131242 1.6621485 1.2863470 0.8816950 1.4426181 1.2892728 1.2888079 1.3020254 1.2583219 1.2619684 1.5141905 1.0089499 0.8980230 0.9117148 0.9490062 1.1424353 0.9828523 0.7396545 0.7244909 1.1965868 1.6666162 1.0735993 1.1018869 1.4111152 1.0438497 1.4871984 1.0949767 1.2746634 4.6466881 1.4834820 1.1448455 1.3442053 1.3534597 1.3940005 0.9889728 1.0358082 1.1908258 1.2518701 1.2083123 1.3131323 1.3299628 1.3569316 
Gfas_gfas1.m1.1077.m1                                 0.7734074 0.8165365 0.7734074 0.9060044 0.8356881 0.9876832 0.3663631 0.3085462 0.2628749 0.3583197 0.4796512 0.2984987 0.0000000 1.2227588 1.1507696 0.9331520 0.8288416 0.7331057 0.9592172 1.1044419 1.1499093 1.0784544 0.9869177 1.1370324 1.2035651 1.6741891 1.0358780 1.0595821 1.0731684 0.8297045 1.0190046 1.0567105 1.9491029 1.5134346 1.2380369 1.0055329 1.0310459 1.1733322 1.1187609 1.4321052 1.4486348 1.4360210 1.5772271 1.4326932 1.4824629 1.0546967 1.5886775 1.2850253 0.9460429 1.4368698 1.3574048 1.4049267 1.3426006 1.2276236 1.3123645 1.4965857 1.0580706 0.9506834 0.9775128 0.9832712 1.0709284 0.9310244 0.6731342 0.7832415 1.0593136 1.5621800 1.1307290 1.1206289 1.3379679 1.1870192 1.5024005 1.2184739 1.3256911 4.9830434 1.4390619 1.1110938 1.4861115 1.3766315 1.2728994 0.9683421 1.1606760 1.2443534 1.3115070 1.2811883 1.1860664 1.3789256 1.2229149 
Plespi_Pspi_C609420_01                                0.7028483 0.7033589 0.7028483 0.9295981 0.8361431 0.7434438 1.1946161 1.0970568 1.0913665 1.2262510 1.6719528 1.1078198 1.2227588 0.0000000 1.2215752 1.1806914 1.3393336 1.2229094 1.3224057 1.2016138 1.2586224 1.2395032 1.2529930 1.1700893 1.1528906 1.4063232 1.0427471 1.2138234 1.3022113 1.0733948 1.0532736 1.2580431 2.1317481 1.6531406 1.2286878 1.2295057 1.4880380 1.3893235 1.3189134 1.6550121 1.5773394 1.5639752 1.5766658 1.3955481 1.5130189 1.2663412 1.6795467 1.4425031 1.2219677 1.5854105 1.6477084 1.6656810 1.5696353 1.4137425 1.5656487 1.7043630 1.1870145 1.2467790 1.1767562 1.2725653 1.3265629 1.0186926 1.3982160 1.3131516 1.3490338 1.7786423 1.3911803 1.3470648 1.4897041 1.3320151 1.7254468 1.3171323 1.3569525 3.9405247 1.7395353 1.4276044 1.6462079 1.3017085 1.4926765 1.4385354 1.3809958 1.3049620 1.4964040 1.4755208 1.7536749 1.4861402 1.1537466 
Cscu_XM_023372556.1                                   0.6977585 0.8430414 0.6977585 0.8847885 0.8216322 0.9709771 1.0426949 1.0456456 1.0436958 1.1706069 1.5716038 1.1091939 1.1507696 1.2215752 0.0000000 0.9974832 0.9427763 0.9031133 0.9083492 1.0735821 1.1029545 0.9799215 1.0485695 1.0875618 1.1070859 1.3373229 0.8805510 0.9933593 1.0627966 0.9399476 1.0370941 1.1360357 1.8518008 1.4453049 1.0119026 1.1174439 1.1522123 1.0400919 1.1523826 1.3373808 1.4329322 1.4204468 1.5238409 1.4215437 1.4370974 1.1822260 1.5651398 1.3497632 1.0465555 1.6969618 1.6273943 1.5894212 1.5634898 1.3975319 1.4167966 1.4371328 1.2193496 1.0769868 1.2002060 1.3195057 1.0507324 1.0246920 1.2502949 1.2624106 1.2226446 1.6492110 1.1642973 1.3752123 1.1534296 1.1828765 1.7585562 1.1811983 1.1536687 3.4803794 1.3560664 1.0990264 1.4900177 0.9252382 1.2894292 1.1645764 1.2071903 1.2080445 1.4673894 1.3486261 1.0926768 1.0990840 1.5027499 
Bralan_BLAG03001265_1                                 0.8679104 0.8415810 0.8679104 0.8571385 0.8719553 0.8521564 0.9113282 0.8873246 0.8849390 0.9810807 1.1492445 0.9727905 0.9331520 1.1806914 0.9974832 0.0000000 0.8111099 0.7477007 0.9307075 1.1268664 1.1284924 1.0609463 1.0916781 1.0787750 1.0583134 1.4506935 1.0404450 1.0333722 0.9823521 0.8248996 0.8466813 1.0409412 2.1706389 1.5967069 1.2573253 0.9748623 1.0241988 1.1928593 1.1315763 1.3924061 1.3598466 1.3480399 1.3354684 1.3054857 1.1748128 0.8465208 1.2993627 1.1430398 0.8457019 1.2861759 1.3944274 1.4341788 1.3498177 1.2180301 1.3099356 1.2802865 1.0215564 0.8870130 1.0397342 1.0094017 0.7869460 0.8036371 1.1193330 1.0031625 1.0991353 1.5435328 1.1313498 1.1468524 1.0636934 1.0466001 1.3444641 1.0512488 1.1811331 2.9952675 1.2307582 0.9098438 1.2463681 1.0614515 1.2465378 0.9888028 1.0731398 1.0666481 1.2769441 1.2819584 1.1193176 1.2537878 1.2411982 
Opea_EP00118_Oscarella_pearsei_P028222                0.8916805 0.9090404 0.8916805 0.9198261 0.9449206 0.9723660 0.9064774 0.8196797 0.8290060 0.9251097 1.0598761 0.8244477 0.8288416 1.3393336 0.9427763 0.8111099 0.0000000 0.0432660 0.5590232 1.0888540 1.0884606 1.0935162 1.1591853 1.0413229 1.1120138 1.2451345 0.8714811 0.9216161 0.9741451 0.8074137 0.8505924 0.9487791 1.8347483 1.5218913 1.1026885 1.0369986 1.1941032 1.1932617 1.2318130 1.5496614 1.4464093 1.4340220 1.5769068 1.5129736 1.4459720 1.2038654 1.5521957 1.2070029 0.9594669 1.5459587 1.5018671 1.5282827 1.4442261 1.2255030 1.3170853 1.4769469 0.9515384 0.9019438 0.9669672 0.9675396 1.0528304 0.9697529 1.0794015 1.0161344 1.0513972 1.3233322 1.1159728 1.1719077 1.1423434 1.1599781 1.0966380 1.1290653 1.2877791 3.9368724 1.3285032 1.0056103 1.4358233 1.0247149 1.5844435 1.1582435 1.1636411 1.1590372 1.4704143 1.4579437 1.1416466 1.5244219 1.3619156 
Ocar_g10416                                           0.9416999 0.9446178 0.9416999 0.9182262 1.0043955 0.9872443 0.7946607 0.7235920 0.8273724 0.9067447 0.9347313 0.7807923 0.7331057 1.2229094 0.9031133 0.7477007 0.0432660 0.0000000 0.5498423 1.0198515 1.0192647 1.0316475 1.0959337 0.9579841 1.0115186 1.1419444 0.8218550 0.8549760 0.8867990 0.8559982 0.8416928 0.8875666 2.0250649 1.6120513 1.0060837 0.9418790 1.0792921 1.0363334 1.2077030 1.4579656 1.3269066 1.3213488 1.4029835 1.4077511 1.2537834 1.1655876 1.3858912 1.1217546 0.9181344 1.4514326 1.4271761 1.4340611 1.3645661 1.1546305 1.1818861 1.3485641 1.0191518 0.8975879 0.9775939 0.9684386 0.9847656 0.9119889 0.9488652 0.9193292 1.0942262 1.4553345 1.0023162 1.1119397 1.1462022 1.0943269 1.0908397 1.0785272 1.2231337 3.8672493 1.2911857 0.9534612 1.2084183 1.1406957 1.4657240 1.0480805 1.0829227 1.0744113 1.3500552 1.3942006 0.9784274 1.3892344 1.2765169 
Plajan_Pjan_C553033_01                                0.7123621 0.7670634 0.7123621 0.8698570 0.8500575 0.8585970 1.0003375 0.9570626 0.9311929 1.0416851 1.3534396 0.9497711 0.9592172 1.3224057 0.9083492 0.9307075 0.5590232 0.5498423 0.0000000 1.0527855 1.1633949 1.0340338 1.1509089 1.1628282 1.1789654 1.2306649 0.8452063 0.9165650 0.9371570 0.7936759 0.7883426 0.9455435 1.8279655 1.4737072 1.1185237 1.1618017 1.2431910 1.2618242 1.2643302 1.5846575 1.2890180 1.2774748 1.2396743 1.1525859 1.1389192 0.9631488 1.3195853 1.1068806 0.8280481 1.4228010 1.2985609 1.3424887 1.3147237 1.0922101 1.1779949 1.2938112 0.9294950 0.8929461 1.0098001 1.0046118 1.0767450 1.0374672 1.1960576 1.1024391 1.0232547 1.3618217 1.0879883 1.0949405 1.1661922 0.9889055 1.1764120 1.0917957 1.1611987 3.0916987 1.2476236 0.9981818 1.3321168 1.2350803 1.5248042 1.0564803 1.1426952 1.1423970 1.5248541 1.5408408 1.4351361 1.4402520 1.4709916 
Acaspe_EP00035_Acanthoeca_spectabilis_P023135         0.9770859 0.9709474 0.9770859 1.0776789 0.9760459 0.9434004 1.1348277 1.0681020 0.9891116 1.1951261 1.4167387 1.0574469 1.1044419 1.2016138 1.0735821 1.1268664 1.0888540 1.0198515 1.0527855 0.0000000 0.1830830 0.3065311 0.4936051 0.6046755 0.6189143 1.2123454 0.7836167 0.7949330 0.8288085 0.6709357 0.6970349 0.8084512 1.8628396 1.3454632 0.9995615 1.2000421 1.3420661 1.4037512 1.3472715 1.7600031 1.6700152 1.6635185 1.7814590 1.5440367 1.6572974 1.2917126 1.8465298 1.5063171 1.1641537 1.7542241 1.6663867 1.6699316 1.6376384 1.5214671 1.5948441 1.6066765 0.9930613 1.0469576 1.1379762 1.1036979 1.2630291 1.0987521 1.3515778 1.2972315 0.8600169 1.3087756 1.0053998 0.9792201 0.9072288 0.9432904 1.0733140 1.0652208 1.3752254 4.0811718 1.5540353 1.2482791 1.8419458 1.5303198 1.3171354 1.3355371 1.5145758 1.4743516 1.7285812 1.6455862 1.3030420 1.4520181 1.5109424 
Helnan_EP00037_Helgoeca_nana_P019285                  1.0421159 0.9905205 1.0421159 1.0771494 0.9753439 1.0126870 1.2342130 1.1202791 1.0203966 1.1525942 1.3526198 1.0544480 1.1499093 1.2586224 1.1029545 1.1284924 1.0884606 1.0192647 1.1633949 0.1830830 0.0000000 0.3541717 0.5547472 0.6135579 0.6480873 1.2698125 0.8826199 0.8678651 0.9308771 0.6817579 0.7400295 0.9581995 1.9051482 1.3393241 0.9912245 1.1286227 1.3406652 1.4699288 1.2585865 1.7071916 1.7995060 1.7936440 1.9768681 1.7032439 1.7070387 1.3665632 1.9231896 1.6260570 1.3023193 1.8552891 1.8424699 1.8655487 1.7995377 1.6031431 1.6864633 1.7199881 1.0348488 1.0630048 1.1321831 1.1006244 1.2712481 1.1413791 1.3666269 1.3410614 0.9439312 1.3923757 1.1554774 1.1042189 1.0135355 1.0749293 1.1413915 1.0352856 1.4457551 4.0579907 1.5982867 1.2800283 1.8558433 1.4522685 1.3234026 1.4333295 1.5106725 1.5339206 1.8151136 1.7502899 1.3469218 1.5060518 1.4686006 
Stedip_EP00041_Stephanoeca_diplocostata_P008989       0.8129880 0.8844089 0.8129880 1.0134759 0.9709605 0.9807426 1.0410072 0.9875080 0.9200790 1.0595860 1.1616854 0.8822844 1.0784544 1.2395032 0.9799215 1.0609463 1.0935162 1.0316475 1.0340338 0.3065311 0.3541717 0.0000000 0.5663641 0.5775739 0.5928605 1.2031073 0.8090482 0.7466231 0.8011907 0.5829494 0.7197210 0.8588690 1.6389237 1.2005372 0.9713613 1.1451615 1.2085589 1.4080837 1.2678039 1.6099020 1.5522246 1.5385853 1.5878585 1.3875747 1.6480978 1.1748346 1.7184232 1.4385903 1.0115082 1.7193350 1.5923117 1.6031775 1.5416088 1.3941492 1.4879375 1.4757090 1.0150908 1.0014230 1.1566721 1.1452076 1.3003004 1.0120183 1.3695112 1.2675906 0.8373263 1.2405894 1.0672055 1.0723081 0.8781221 0.9123865 1.1059362 0.9425502 1.2140236 3.4973868 1.4816338 1.2408645 1.6292991 1.2858677 1.2997834 1.4579252 1.5491881 1.3595585 1.5320297 1.4752664 1.1872996 1.3861499 1.5995223 
Diagra_EP00040_Diaphanoeca_grandis_P005596            0.8034164 0.7793828 0.8034164 1.0097828 0.8171564 0.8988575 1.0109442 0.9206552 0.9072056 1.0309009 1.1948223 1.0079526 0.9869177 1.2529930 1.0485695 1.0916781 1.1591853 1.0959337 1.1509089 0.4936051 0.5547472 0.5663641 0.0000000 0.6878478 0.6897176 1.3971508 0.8808645 0.8547016 0.9042538 0.7402563 0.7961649 0.9538551 1.7754605 1.3180035 1.0112861 1.2912803 1.1907381 1.3947938 1.2448626 1.6259712 1.5906359 1.5845400 1.6974997 1.4484438 1.6299531 1.1699114 1.8507917 1.5157966 1.0560545 1.5492821 1.5799641 1.5808835 1.5859693 1.4985310 1.5809067 1.5362169 1.0461688 1.0640562 1.1382030 1.0892260 1.2821695 1.1401932 1.2463189 1.2969324 0.8815998 1.2949139 1.1227000 1.0263799 0.9966233 1.0038617 1.3599510 1.0465081 1.2799964 4.3869648 1.5943520 1.2486706 1.7355572 1.7484801 1.3353995 1.2088474 1.3611222 1.4447913 1.6646696 1.5653623 1.4244641 1.6758774 1.4381663 
Didcos_EP00039_Didymoeca_costata_P033461              0.7274177 0.8163318 0.7274177 1.0063756 0.9225589 0.9847356 1.1504397 1.0546501 1.0158807 1.1262185 1.3391059 0.9862297 1.1370324 1.1700893 1.0875618 1.0787750 1.0413229 0.9579841 1.1628282 0.6046755 0.6135579 0.5775739 0.6878478 0.0000000 0.0892346 1.0821722 0.7937422 0.7777165 0.8508828 0.6502409 0.6899467 0.8843098 1.8703608 1.4232574 0.9771802 1.2274110 1.3687597 1.3909567 1.3325329 1.7930259 1.7275648 1.7126866 1.7023911 1.4616238 1.5868318 1.1262916 1.9734664 1.5146890 1.1013620 1.6507755 1.5795347 1.5715202 1.5586768 1.5031337 1.6066967 1.6785124 1.0726612 1.1712792 1.1377996 1.1790407 1.3063518 1.2009061 1.2223823 1.2806912 1.0449787 1.4979529 1.0169196 0.9786125 0.9015418 1.0091852 1.1543018 0.9642492 1.2437898 3.5533023 1.5260284 1.2203353 1.5921272 1.4908722 1.4780965 1.3030883 1.4422091 1.3545210 1.6758773 1.6514340 1.4291620 1.5668640 1.5197040 
Didcos_EP00039_Didymoeca_costata_P033460              0.7274177 0.8271121 0.7274177 1.0798846 0.9225589 1.0248073 1.2287288 1.1217676 1.0584355 1.1551090 1.5044568 1.0574546 1.2035651 1.1528906 1.1070859 1.0583134 1.1120138 1.0115186 1.1789654 0.6189143 0.6480873 0.5928605 0.6897176 0.0892346 0.0000000 1.3524063 0.8362157 0.8009016 0.7868998 0.6502409 0.6954126 0.9021554 1.6383259 1.2439506 1.0005851 1.3054547 1.3807022 1.2169210 1.2840327 1.7928411 1.7082043 1.7082043 1.6634902 1.4214632 1.5399091 1.1262916 1.9499759 1.5978614 1.1013620 1.6912829 1.7698905 1.7789387 1.7640482 1.5124786 1.5482095 1.6854312 1.1246164 1.1693846 1.1824045 1.2225852 1.3538992 1.2204066 1.2812946 1.3317776 1.0449787 1.4979529 1.0371424 0.9676254 1.1190140 1.0672026 1.1543018 0.9624987 1.2122097 3.6159480 1.6457398 1.2840301 1.7542194 2.1573551 1.4895171 1.3707676 1.5115998 1.3511317 1.6764185 1.6198838 1.4291620 1.6219561 1.6571506 
Saldol_EP00054_Salpingoeca_dolichothecata_P008900     2.7918201 2.4920634 2.7918201 1.3128458 2.5047169 1.4116362 1.4853575 1.4094634 1.3243520 1.6251599 1.0994446 1.3318786 1.6741891 1.4063232 1.3373229 1.4506935 1.2451345 1.1419444 1.2306649 1.2123454 1.2698125 1.2031073 1.3971508 1.0821722 1.3524063 0.0000000 0.1425419 0.8744336 1.0670840 1.4544272 0.6934421 0.7536825 3.6076398 3.6561124 1.0106158 1.6296788 1.8510863 1.7938561 1.7665966 1.8544622 2.1370615 2.1031060 2.0552420 2.7766161 1.9657317 3.5874387 2.6069288 1.9482573 4.4399078 2.2506901 2.2717522 2.4103167 2.2503278 1.9614274 2.2157977 2.1144722 1.2513291 1.2678773 1.3074843 1.5720527 1.4983772 1.2041989 1.9032957 1.8283320 2.0325436 1.4610366 1.2757037 1.0923566 0.8363573 1.1825442 1.4392269 1.1082257 1.5494430 4.9892373 1.7121331 1.4972160 1.6951890 0.9648098 1.9015336 1.3693124 1.4996133 2.3244439 1.9977213 2.0136202 2.3930811 1.7402557 1.4330228 
Saldol_EP00054_Salpingoeca_dolichothecata_P008902     0.8830097 0.8665420 0.8830097 0.9112381 1.0155370 0.9008072 0.9786255 0.9428245 0.9013441 0.9847835 1.1097825 0.9817404 1.0358780 1.0427471 0.8805510 1.0404450 0.8714811 0.8218550 0.8452063 0.7836167 0.8826199 0.8090482 0.8808645 0.7937422 0.8362157 0.1425419 0.0000000 0.6342409 0.7392171 0.7023349 0.4811665 0.6787442 1.5416865 1.2195353 0.7557153 1.1590623 1.2630799 1.1861676 1.1729997 1.4635392 1.4407439 1.4281713 1.5130408 1.4653361 1.3616913 1.0623151 1.6392787 1.3137018 1.1506775 1.4753960 1.3824552 1.4545052 1.3683424 1.3167749 1.4077670 1.4565812 1.0116843 0.9869971 1.0001333 1.0725497 1.0499833 0.9362971 1.2732949 1.2715754 0.8941159 1.1418725 0.8899445 0.9159146 0.8363573 0.7888974 1.1633770 0.9190112 1.1264765 4.2309816 1.3840411 1.0727853 1.4201140 0.9648098 1.2650349 1.0884601 1.2256721 1.4379580 1.5378179 1.5158945 1.1933050 1.3318071 1.3601933 
Microa_EP00043_Microstomoeca_roanoka_P001378          0.8294315 0.8983593 0.8294315 1.0142868 1.0188766 0.9668503 0.9872843 0.9167523 0.8951825 1.0508095 1.1199631 0.8832635 1.0595821 1.2138234 0.9933593 1.0333722 0.9216161 0.8549760 0.9165650 0.7949330 0.8678651 0.7466231 0.8547016 0.7777165 0.8009016 0.8744336 0.6342409 0.0000000 0.5816486 0.4013406 0.4579071 0.3994777 1.5765928 1.1333056 0.6973926 1.0631763 1.1560968 1.0880238 1.1714920 1.5047432 1.4687053 1.4557487 1.4232689 1.2414812 1.3317374 0.9871667 1.7733292 1.2556923 0.8849993 1.4981607 1.3657605 1.4207423 1.3860901 1.3621227 1.4418343 1.4543462 0.9440298 0.9955063 1.0026742 1.0030271 1.1683819 1.0096839 1.2108363 1.1869094 0.8031845 1.0714955 0.9398574 0.7286155 0.7640292 0.7968960 0.9210288 0.7687515 1.1489312 3.4221411 1.3005133 1.0632540 1.4759579 1.1360835 1.3055723 1.1806261 1.3494338 1.3288761 1.2415949 1.2779820 1.3558449 1.3833001 1.2086616 
Chofle_EP00730_Choanoeca_flexa_P014401                0.8285374 0.9153994 0.8285374 0.9827845 0.9508450 0.9584412 0.9878160 0.9387337 0.9103185 1.0211946 1.1835534 0.9222070 1.0731684 1.3022113 1.0627966 0.9823521 0.9741451 0.8867990 0.9371570 0.8288085 0.9308771 0.8011907 0.9042538 0.8508828 0.7868998 1.0670840 0.7392171 0.5816486 0.0000000 0.2826629 0.4606507 0.6214872 1.4019108 1.0485953 0.7329221 1.1250172 1.1341679 1.2532585 1.0185538 1.4066869 1.5635856 1.5502111 1.4073988 1.3598274 1.4877238 1.1779635 1.6303469 1.4364487 0.9983348 1.4794907 1.4582018 1.5498925 1.5209034 1.3019259 1.4352060 1.5175049 1.0272655 1.0347371 1.0805881 1.1297805 1.0688564 1.0855061 1.3802429 1.3800274 0.8710049 1.1625115 0.9032285 0.9513833 0.9801440 0.8629274 0.8742110 0.8624282 1.1634220 3.9479387 1.4305372 1.1241354 1.6484959 1.3984884 1.5179610 1.0692890 1.1876784 1.4916177 1.3095511 1.2409741 1.2918848 1.5780920 1.4611249 
Choper_EP00045_Choanoeca_perplexa_P003122             0.7393661 0.8140287 0.7393661 0.9367233 1.0101956 0.8804314 0.8642017 0.7692789 0.8251488 0.7388211 1.2827756 0.7818424 0.8297045 1.0733948 0.9399476 0.8248996 0.8074137 0.8559982 0.7936759 0.6709357 0.6817579 0.5829494 0.7402563 0.6502409 0.6502409 1.4544272 0.7023349 0.4013406 0.2826629 0.0000000 0.3723074 0.4850516 0.9114728 0.6420382 0.6420382 0.9251294 0.9043808 0.9358424 0.7785379 1.2562781 1.3988400 1.3988400 1.2756276 1.2716956 1.2659520 1.0418965 1.4695655 1.2443319 0.9970156 1.4014051 1.1310317 1.1838117 1.1591855 1.2180638 1.2045125 1.1612814 0.8884540 0.8199055 0.8733337 0.8050900 1.0688630 0.9384960 1.0896440 1.0535940 0.8787880 1.1448145 0.8802340 0.7186909 1.5982976 0.8728418 1.0375352 0.8341819 0.8853329 3.1615950 1.3780497 0.9470770 1.6118660 0.0000010 1.2860444 1.0268772 1.0568168 1.1949171 0.9614478 0.9323212 1.1504196 1.4547610 1.3648554 
Mbre_EDQ90541                                         0.8284615 0.8216694 0.8284615 0.9236228 0.9434248 0.9099935 0.9486621 0.9126575 0.9118747 1.0026858 1.1194925 0.9364459 1.0190046 1.0532736 1.0370941 0.8466813 0.8505924 0.8416928 0.7883426 0.6970349 0.7400295 0.7197210 0.7961649 0.6899467 0.6954126 0.6934421 0.4811665 0.4579071 0.4606507 0.3723074 0.0000000 0.5386214 1.4620181 1.0632437 0.6205303 1.0314816 1.0938736 1.1333005 1.0994526 1.3206098 1.4138894 1.4279329 1.4609823 1.3466105 1.3270378 0.9965930 1.3994344 1.1960208 0.9598549 1.4457638 1.4459451 1.4789916 1.3859986 1.2724935 1.3706828 1.3999838 0.8604681 0.9333254 0.9547351 1.0250458 0.9163073 0.8894235 1.1784630 1.0606784 0.7777239 1.0605625 0.8144933 0.7675910 0.9228508 0.7991725 0.9582176 0.7901704 1.0366005 4.2621609 1.2469383 0.9281237 1.3619658 0.9935759 1.2924437 1.0379240 1.0950871 1.3104560 1.1881832 1.2140359 1.3254222 1.4051288 1.2636730 
Sros_EGD81676                                         1.2545662 1.1476070 1.2545662 1.1199456 1.1089542 1.0665178 1.0517348 0.9705243 0.9660262 1.1622861 1.1962776 0.9881434 1.0567105 1.2580431 1.1360357 1.0409412 0.9487791 0.8875666 0.9455435 0.8084512 0.9581995 0.8588690 0.9538551 0.8843098 0.9021554 0.7536825 0.6787442 0.3994777 0.6214872 0.4850516 0.5386214 0.0000000 1.9649194 1.4184475 0.7829083 1.2151794 1.1145365 1.1774020 1.1424769 1.5073476 1.5751842 1.5602284 1.5859003 1.5937537 1.5240821 1.3165637 1.7490450 1.5124395 1.2244465 1.5793391 1.4906614 1.5070558 1.5076249 1.4632853 1.5420042 1.5075380 1.0978740 1.1238304 1.1269671 1.1462033 1.1751903 1.0947482 1.2864786 1.3340269 0.9758240 1.3974550 0.9549054 0.8663465 0.7451892 0.9708743 0.6451170 0.8370900 1.2233078 3.5969584 1.6262149 1.2556166 1.4018848 1.2251790 1.5994522 1.0625296 1.2895089 1.4199447 1.5241034 1.5464412 1.3616646 1.4196009 1.2178189 
Salinf_EP00049_Salpingoeca_infusionum_P007441         1.4686910 1.3350934 1.4686910 1.9871674 1.5148410 1.7979183 1.9379934 1.8542980 1.8151954 1.8552059 2.3914391 1.6724323 1.9491029 2.1317481 1.8518008 2.1706389 1.8347483 2.0250649 1.8279655 1.8628396 1.9051482 1.6389237 1.7754605 1.8703608 1.6383259 3.6076398 1.5416865 1.5765928 1.4019108 0.9114728 1.4620181 1.9649194 0.0000000 0.0895669 0.4905614 2.0286998 2.0491760 1.9639054 2.2356658 2.2496043 3.0087815 2.9716059 2.8456887 2.2329936 2.4826786 1.9846333 2.8241654 2.6741844 1.7597384 2.9902689 2.5258803 2.5611533 2.5259830 2.4596648 2.3949276 2.5879987 2.1658883 2.1861772 2.1662363 2.0988002 2.5768686 2.2284508 1.9299430 1.5983017 1.0668291 1.0334423 1.8077169 1.6283593 5.2597459 1.6737073 0.9968222 1.7421459 1.6758485 8.9999987 2.0134335 2.1968572 3.3026123 8.7638735 2.4051045 2.1469979 2.1137156 2.0043372 2.0432705 2.0573173 1.3178968 2.6026063 2.3932911 
Salinf_EP00049_Salpingoeca_infusionum_P007443         1.0316565 1.0539277 1.0316565 1.6104351 1.1771620 1.3915920 1.5297447 1.4478621 1.4122018 1.4434730 2.3914391 1.3176085 1.5134346 1.6531406 1.4453049 1.5967069 1.5218913 1.6120513 1.4737072 1.3454632 1.3393241 1.2005372 1.3180035 1.4232574 1.2439506 3.6561124 1.2195353 1.1333056 1.0485953 0.6420382 1.0632437 1.4184475 0.0895669 0.0000000 0.2710465 1.5854639 1.5452210 1.5516862 1.5999613 2.1749546 2.1787071 2.1560803 2.0813108 1.5946969 1.8495889 1.3488764 2.1292810 1.9841014 1.1495573 2.1720556 1.8837972 1.8981440 1.8712664 1.8641323 1.8398512 1.9615702 1.5968309 1.6377323 1.6073894 1.4608820 1.8394076 1.5603733 1.6199472 1.3461754 0.9129585 1.1463757 1.4979613 1.2900608 5.2597459 1.2332369 1.2451707 1.4258507 1.4272435 4.7277190 1.9742053 1.7045606 2.3760688 8.7638735 1.8423477 1.6970129 1.6573932 1.5169774 1.5997014 1.6080311 1.3178968 2.0655270 2.3932911 
Salinf_EP00049_Salpingoeca_infusionum_P007442         1.0316565 1.0817972 1.0316565 1.1127930 1.1771620 1.1508287 1.1486128 1.0929320 1.0474709 1.1805819 1.3418395 1.0279125 1.2380369 1.2286878 1.0119026 1.2573253 1.1026885 1.0060837 1.1185237 0.9995615 0.9912245 0.9713613 1.0112861 0.9771802 1.0005851 1.0106158 0.7557153 0.6973926 0.7329221 0.6420382 0.6205303 0.7829083 0.4905614 0.2710465 0.0000000 1.2139120 1.1197417 1.2982450 1.1985681 1.6167887 1.5520269 1.5386550 1.5331731 1.5082911 1.4208429 1.3290055 1.6817163 1.5180560 1.1495573 1.6087993 1.5737927 1.5738541 1.5376149 1.4275478 1.4098046 1.5668481 1.1332289 1.2225621 1.1994028 1.1405744 1.3849275 1.1014624 1.3565324 1.2016655 0.9129585 1.1463757 1.0658762 0.9666941 0.9763705 0.8986141 1.2451707 1.0142400 1.1984425 4.5734424 1.6307277 1.3094914 1.6402323 1.3448704 1.4851602 1.3109370 1.3168797 1.3568823 1.3508155 1.3522036 1.3178968 1.5033006 1.4232840 
Cgig_XM_011414112.3                                   0.6709741 0.8289933 0.6709741 1.0905697 0.9998413 1.0081712 1.0334760 0.9751449 0.9168439 1.0629692 1.1051077 0.8915189 1.0055329 1.2295057 1.1174439 0.9748623 1.0369986 0.9418790 1.1618017 1.2000421 1.1286227 1.1451615 1.2912803 1.2274110 1.3054547 1.6296788 1.1590623 1.0631763 1.1250172 0.9251294 1.0314816 1.2151794 2.0286998 1.5854639 1.2139120 0.0000000 1.2467673 1.0963059 1.2897047 1.5778236 1.7077896 1.6934459 1.7764249 1.6103476 1.5989862 1.3094260 1.9908997 1.5965331 1.3369137 1.8074325 1.7027597 1.7470902 1.6778880 1.4559972 1.5769968 1.7855011 1.2395319 1.1558143 1.2055521 1.3214163 1.1242604 0.8842100 1.0918581 1.0550799 1.0509699 1.5391577 1.2765105 1.3243295 1.2973667 1.4256111 1.5318892 1.2608295 1.3602902 5.7115919 1.6036878 1.1884672 1.3818278 0.9032863 1.6685522 1.2558877 1.3490347 1.2144703 1.4887460 1.4454717 0.6803013 1.4368469 1.3314290 
Sanmal_Sma_005818-T1                                  0.8657268 0.9965307 0.8657268 1.1644046 1.1140944 1.1985882 0.9349037 0.9375448 0.9820511 0.9964919 1.4094098 1.0210427 1.0310459 1.4880380 1.1522123 1.0241988 1.1941032 1.0792921 1.2431910 1.3420661 1.3406652 1.2085589 1.1907381 1.3687597 1.3807022 1.8510863 1.2630799 1.1560968 1.1341679 0.9043808 1.0938736 1.1145365 2.0491760 1.5452210 1.1197417 1.2467673 0.0000000 0.8173705 0.7395199 0.8890005 1.5056247 1.5000075 1.4742203 1.4572240 1.4984491 1.2067321 1.5800667 1.4810376 1.0201886 1.4399467 1.5600309 1.5585867 1.5020524 1.6790085 1.6958694 1.6378011 1.3572396 1.2528597 1.2613668 1.2879443 1.2782868 1.1014707 1.1792486 1.2805613 1.1375942 1.6135623 1.2192180 1.1426597 1.3159498 1.2285190 1.3362178 1.1317824 1.3557595 3.6631815 1.6540148 1.2806979 1.6843959 1.3675046 1.4053900 1.2736248 1.3165772 1.3423187 1.1383031 1.1462775 1.3312960 1.2636166 1.5050286 
Morvir_scaffold62.g15.t2                              0.6359146 0.7250198 0.6359146 0.9614954 0.9379869 1.0272256 1.0239122 1.0635263 1.0425365 0.9615622 1.2935692 0.9717488 1.1733322 1.3893235 1.0400919 1.1928593 1.1932617 1.0363334 1.2618242 1.4037512 1.4699288 1.4080837 1.3947938 1.3909567 1.2169210 1.7938561 1.1861676 1.0880238 1.2532585 0.9358424 1.1333005 1.1774020 1.9639054 1.5516862 1.2982450 1.0963059 0.8173705 0.0000000 0.9544916 1.2867849 1.8414264 1.8342518 1.6739282 1.4174455 1.6294862 1.1152358 1.8891569 1.7330993 1.1659069 1.6728707 1.8742944 1.8795393 1.7948800 1.7001824 1.7780021 1.7680527 1.4558680 1.3183023 1.3674836 1.4565853 1.4067749 1.2488658 1.2748196 1.2293928 1.1066805 1.5878758 1.4200134 1.2508886 1.5197743 1.4331759 1.1758774 1.1560553 1.4391559 3.6428250 1.6610624 1.3331709 1.7552575 1.3908178 1.6157617 1.2581510 1.5278830 1.4597680 1.2535416 1.2588021 1.0507803 1.7778291 1.7684061 
Nemnom_g2020.t1                                       0.8148583 0.8305391 0.8148583 1.0501692 1.0743819 1.0838822 1.0581312 1.0298883 1.0579209 1.1147287 1.5947674 1.1327893 1.1187609 1.3189134 1.1523826 1.1315763 1.2318130 1.2077030 1.2643302 1.3472715 1.2585865 1.2678039 1.2448626 1.3325329 1.2840327 1.7665966 1.1729997 1.1714920 1.0185538 0.7785379 1.0994526 1.1424769 2.2356658 1.5999613 1.1985681 1.2897047 0.7395199 0.9544916 0.0000000 0.4869345 1.6779315 1.6717754 1.6706208 1.6463337 1.5585375 1.2771131 1.7533858 1.6606278 1.3206191 1.5996987 1.8106409 1.8531311 1.7789888 1.5384931 1.6373469 1.8209022 1.3356436 1.2277045 1.3103417 1.3161061 1.4231090 1.2392395 1.2929337 1.2697629 1.1459081 1.5858294 1.3282000 1.2844539 1.5022651 1.2632956 1.3678633 1.0567983 1.3900041 4.0975433 1.6138266 1.3081417 1.7885585 1.3972029 1.3059486 1.1295608 1.2369523 1.5350360 1.2209254 1.1800245 1.3379641 1.4225222 1.4369901 
Rhoesc_Res_004914-T1                                  1.3322591 1.2590318 1.3322591 1.2888721 1.5164399 1.3722240 1.3244565 1.2582007 1.2897014 1.4374728 1.6014360 1.4217992 1.4321052 1.6550121 1.3373808 1.3924061 1.5496614 1.4579656 1.5846575 1.7600031 1.7071916 1.6099020 1.6259712 1.7930259 1.7928411 1.8544622 1.4635392 1.5047432 1.4066869 1.2562781 1.3206098 1.5073476 2.2496043 2.1749546 1.6167887 1.5778236 0.8890005 1.2867849 0.4869345 0.0000000 1.9025562 1.8949224 1.9847326 2.0803774 1.8487863 1.7832584 1.9925212 1.8181862 1.7851894 1.9756237 2.2521121 2.3359508 2.1269032 2.0800526 2.1832056 2.1906315 1.5895391 1.4613801 1.5858627 1.6010317 1.5627586 1.5852569 1.6178765 1.6671840 1.5170644 1.5814035 1.7505920 1.7273111 1.6691344 1.6796956 1.7388279 1.4068546 1.7577612 4.8117834 1.8767609 1.6966660 2.3982435 1.4029163 1.6846399 1.5076984 1.5641636 1.9132022 1.6482552 1.6227232 1.5992965 1.7857162 1.5100825 
Bolinf_Binf_sb1243648                                 1.0610105 1.1694512 1.0610105 1.4479714 1.6464507 1.4549616 1.3473299 1.2905430 1.2941936 1.4804504 1.9806455 1.4521779 1.4486348 1.5773394 1.4329322 1.3598466 1.4464093 1.3269066 1.2890180 1.6700152 1.7995060 1.5522246 1.5906359 1.7275648 1.7082043 2.1370615 1.4407439 1.4687053 1.5635856 1.3988400 1.4138894 1.5751842 3.0087815 2.1787071 1.5520269 1.7077896 1.5056247 1.8414264 1.6779315 1.9025562 0.0000000 0.0035909 0.4383382 0.4382868 0.5120084 0.4598078 0.5176525 0.5114815 0.5568535 0.5853694 0.8110293 0.8350764 0.8410065 0.7569210 0.7367492 0.9392456 1.6022742 1.6098416 1.6221673 1.5642065 1.5199974 1.4983354 1.6715469 1.6789114 1.6641469 2.5335686 1.6206101 1.6216938 1.8728724 1.3895065 2.1060278 1.6680597 1.6255035 3.8971642 2.1115834 1.7026085 1.8460931 1.7949896 1.8924864 1.7668672 1.7433499 1.8500502 1.8019652 1.7977775 3.1430453 1.8077122 1.9914008 
Mertsp_Mesp_sb582874                                  1.0610105 1.1694512 1.0610105 1.4479714 1.6464507 1.4549616 1.3353570 1.2789401 1.2819940 1.4669516 1.9493309 1.4390167 1.4360210 1.5639752 1.4204468 1.3480399 1.4340220 1.3213488 1.2774748 1.6635185 1.7936440 1.5385853 1.5845400 1.7126866 1.7082043 2.1031060 1.4281713 1.4557487 1.5502111 1.3988400 1.4279329 1.5602284 2.9716059 2.1560803 1.5386550 1.6934459 1.5000075 1.8342518 1.6717754 1.8949224 0.0035909 0.0000000 0.4452373 0.4382868 0.5191584 0.4598078 0.5248772 0.5186606 0.5568535 0.5929381 0.8206917 0.8448933 0.8508527 0.7661449 0.7455698 0.9497249 1.5883135 1.5959034 1.6081908 1.5504503 1.5069741 1.4855936 1.6879023 1.6643794 1.6641469 2.5335686 1.6064803 1.6072927 1.8288764 1.3771916 2.1060278 1.6534661 1.6107613 3.8971642 2.1115834 1.6964512 1.8302953 1.7475183 1.8766148 1.7517046 1.7284570 1.8500502 1.8199517 1.8156626 3.1430453 1.7924251 1.9678392 
Bolinf_Binf_sb1252653                                 1.0005090 1.2014338 1.0005090 1.4653006 1.6498823 1.4800384 1.4175995 1.3883901 1.2985278 1.5003851 1.8710545 1.4247924 1.5772271 1.5766658 1.5238409 1.3354684 1.5769068 1.4029835 1.2396743 1.7814590 1.9768681 1.5878585 1.6974997 1.7023911 1.6634902 2.0552420 1.5130408 1.4232689 1.4073988 1.2756276 1.4609823 1.5859003 2.8456887 2.0813108 1.5331731 1.7764249 1.4742203 1.6739282 1.6706208 1.9847326 0.4383382 0.4452373 0.0000000 0.0324160 0.2960307 0.2510117 0.4771784 0.5807535 0.5005656 0.5680676 0.7461572 0.7528296 0.7362174 0.8056423 0.8024438 0.8779752 1.4803904 1.4148352 1.4848676 1.3391019 1.5884051 1.5962724 1.8675663 1.8348193 1.6375606 2.4416915 1.6199279 1.5206672 1.8263573 1.4657367 2.0430496 1.5012810 1.5213711 3.6334037 2.1257655 1.7348604 1.7985777 1.9292501 1.9016745 1.7354622 1.6567267 1.7797001 1.5223802 1.5978597 2.0171575 1.7495059 2.0748433 
