78
Emue_Em0022g409a.t1                                    0.0000000 0.0000010 0.1816479 0.8113823 1.1940307 1.0666517 1.0261403 1.2296073 1.2241829 1.1570166 1.1911376 1.0940489 1.0652140 1.1860877 1.7006557 1.0338328 1.2272703 1.2566866 1.2299567 1.1958853 1.2352176 1.4729115 1.3841795 1.4289357 1.4565973 1.4662282 1.4635321 1.4115293 1.0772761 1.1146104 1.1032418 1.6573712 1.4955880 1.5435008 1.5586298 1.4014986 1.6030191 1.5395111 1.4614068 1.4614068 1.3390042 1.3221669 1.2559865 1.5186395 1.4118645 1.5014040 1.5126854 1.5844029 1.4330603 1.4480988 1.4555814 1.2957423 1.7788351 0.9895213 2.6766566 1.5518747 1.5195210 1.5553594 1.4631754 1.4557212 1.5075183 1.4756746 1.4431414 1.3756188 1.6871738 1.7377937 1.7632245 1.8613437 1.8722990 1.8684432 1.8684432 1.8542083 1.6677856 1.6224120 1.8848475 2.2851973 1.8652526 2.0014830 
Emue_Em0022g417a.t1                                    0.0000010 0.0000000 0.1816479 0.8113823 1.1940307 1.0666517 1.0261403 1.2296073 1.2241829 1.1570166 1.1911376 1.0940489 1.0652140 1.1860877 1.7006557 1.0338328 1.2272703 1.2566866 1.2299567 1.1958853 1.2352176 1.4729115 1.3841795 1.4289357 1.4565973 1.4662282 1.4635321 1.4115293 1.0772761 1.1146104 1.1032418 1.6573712 1.4955880 1.5435008 1.5586298 1.4014986 1.6030191 1.5395111 1.4614068 1.4614068 1.3390042 1.3221669 1.2559865 1.5186395 1.4118645 1.5014040 1.5126854 1.5844029 1.4330603 1.4480988 1.4555814 1.2957423 1.7788351 0.9895213 2.6766566 1.5518747 1.5195210 1.5553594 1.4631754 1.4557212 1.5075183 1.4756746 1.4431414 1.3756188 1.6871738 1.7377937 1.7632245 1.8613437 1.8722990 1.8684432 1.8684432 1.8542083 1.6677856 1.6224120 1.8848475 2.2851973 1.8652526 2.0014830 
Spolac_c98307_g2_i1_m.16910c98307-g2                   0.1816479 0.1816479 0.0000000 0.8334353 1.1166526 0.9870014 1.0504542 1.1416539 1.1241620 1.0941592 1.1338607 0.9999911 1.0147332 1.1976054 1.6076169 1.1704751 1.1660639 1.1832217 1.1720219 1.1697509 1.1978224 1.4460379 1.2767730 1.2686191 1.2929280 1.3407125 1.3425302 1.3356039 1.0461443 1.1047531 1.0175015 1.6312737 1.5094966 1.5499252 1.5784528 1.3536532 1.4534064 1.4625591 1.3613483 1.3613483 1.3231444 1.3296199 1.2212844 1.5988550 1.4991206 1.5380041 1.5372657 1.5355864 1.3555700 1.3830823 1.3906539 1.2107680 1.8003119 1.0534669 2.5031279 1.5704835 1.5621259 1.5783320 1.4060093 1.3481792 1.4678161 1.4326927 1.3863765 1.4423849 1.6500846 1.6959923 1.6771934 1.7367401 1.7809409 1.8027120 1.8027120 1.7531378 1.5301677 1.6252850 1.7535921 2.3517010 1.9405400 2.0184528 
Tetwil_g3508.t2                                        0.8113823 0.8113823 0.8334353 0.0000000 1.3595702 1.3551864 1.2075180 1.4687202 1.6099207 1.5066172 1.5704234 1.5812477 1.4344499 1.6109058 2.1211403 1.3558274 1.6104971 1.3281115 1.5862533 1.1558299 1.1264296 1.5679267 1.5763340 1.5714687 1.6017728 1.5084508 1.4974735 1.5727899 1.5006148 1.5859160 1.2734279 2.0176074 1.7555374 1.8308946 1.8660501 1.6321880 1.8344297 1.8985512 1.8147894 1.8147894 1.6351463 1.4654406 1.5370289 1.9193726 1.8949681 1.7943759 1.8579401 1.8191451 1.6194836 2.0590419 1.9415044 1.6341446 1.7872255 1.2015716 3.1911695 1.9367658 1.8737777 1.7428104 1.7807451 1.8723506 1.6638798 1.7561960 1.5553094 1.7912329 2.0743464 2.0730305 2.0814350 2.1442363 2.2071264 2.3072333 2.3072333 2.3006798 1.8408157 1.9254735 2.2460184 2.4955245 2.2572191 2.5767066 
Bralan_BLAG06000645_1                                  1.1940307 1.1940307 1.1166526 1.3595702 0.0000000 0.7298139 0.8552860 0.7663028 0.8455606 0.7655797 0.8654297 0.8191274 0.8275773 1.0491082 1.2544859 1.1539166 0.9414262 0.8470849 0.9532935 1.0249783 1.2595260 1.1785028 1.0472963 1.0276528 1.0463243 1.0583363 1.0760700 1.0154733 1.4919352 1.4950269 1.5166761 1.4006869 1.1475442 1.3520512 1.4383287 1.2412308 1.3326696 1.0894189 1.4298625 1.4298625 1.4089291 1.2802097 1.3535303 1.3920190 1.4512500 1.0960581 1.2651078 1.1346474 1.4067296 1.4017318 1.2060899 1.4446990 2.1469797 1.6362668 2.2882020 1.6441274 1.6449895 1.7306004 1.2922507 1.1288432 1.2720568 1.6067533 1.6901479 1.2104997 1.4995852 1.4609766 1.4981495 1.7388657 1.5704818 1.6269421 1.6269421 1.5498305 1.5967278 1.6831888 1.6208847 2.3420684 1.5781029 1.6350025 
Spur_XM_001197112.4                                    1.0666517 1.0666517 0.9870014 1.3551864 0.7298139 0.0000000 0.7023580 0.6563206 0.6555285 0.6946305 0.8302541 0.7435202 0.8324109 0.9921843 1.1111310 1.2009444 0.9061993 0.8005480 0.8931823 0.7630352 0.8967869 0.8894357 1.0737026 1.0081559 1.0093056 1.0211400 1.0131756 1.0373349 1.1767034 1.3293839 1.3451861 1.3259680 1.0632648 1.2880629 1.3004527 1.0981090 1.2237266 1.1889815 1.3922939 1.3922939 1.1772261 1.2643580 1.3467454 1.1960867 1.2438436 1.3166014 1.0910805 1.2567676 1.3203170 1.2818362 1.2786127 1.3416820 1.7442076 1.5147258 2.2889693 1.3599704 1.4769754 1.6963316 1.4455965 1.4417014 1.4953502 1.5826934 1.3386215 1.1485927 1.4544056 1.4981999 1.4643188 1.6386919 1.5730807 1.4998377 1.4998377 1.5363042 1.4165877 1.4109836 1.5165511 1.9161010 1.4481092 1.4988747 
Acagra_model.g12901.t1.1.5d3b86f3                      1.0261403 1.0261403 1.0504542 1.2075180 0.8552860 0.7023580 0.0000000 0.6499990 0.6540888 0.7822616 1.0722572 1.0164100 0.9175788 1.1217674 1.2881542 1.3314306 1.1637357 0.8187889 0.8826512 0.8833038 1.0166495 1.1734489 1.1245604 1.0788874 1.0802229 1.1010096 1.1023362 1.0660619 1.1851826 1.2322080 1.1375835 1.2610081 0.9878387 1.1310914 1.1721451 1.1126818 1.1870760 1.2574259 1.2360013 1.2360013 1.2059394 1.1278517 1.2630864 1.2220288 1.3398706 1.1845236 1.2065322 1.1603154 1.2893408 1.1499050 1.2165937 1.2448218 1.5820947 1.4348346 2.5988941 1.3618790 1.6138431 1.6731410 1.2303218 1.2953882 1.4093861 1.3885848 1.4593234 1.2065498 1.4280046 1.4323141 1.4629966 1.6194699 1.5099089 1.5888713 1.5888713 1.7195018 1.4570206 1.6290607 1.5293981 1.8141796 1.4266499 1.6600235 
Ctel_gnl_WGS_AMQN_CAPTEDRAFT_mRNA158550                1.2296073 1.2296073 1.1416539 1.4687202 0.7663028 0.6563206 0.6499990 0.0000000 0.7326630 0.8196159 1.0497531 0.9784667 0.8972149 1.0705217 1.2011337 1.5200239 1.0520140 0.9884809 0.9937155 0.9948375 1.1239820 1.1960746 1.1629276 1.2145772 1.2163034 1.2490514 1.2450923 1.2237079 1.3727377 1.4354623 1.3620053 1.2600340 1.0438512 1.1348212 1.0565368 1.1288343 1.2547457 1.2479747 1.2774201 1.2774201 1.1334153 1.2198515 1.1949826 1.1861089 1.2623725 1.1441140 1.2600057 1.3192397 1.4144764 1.2037460 1.4416454 1.2504842 1.9277595 1.6420944 2.5108187 1.4769432 1.7185031 1.8403656 1.4879013 1.5422723 1.4773820 1.6453827 1.5753202 1.4025170 1.5838559 1.5714145 1.5072472 1.7406660 1.7102811 1.8218809 1.8218809 1.6857558 1.5166707 1.6463515 1.3315271 1.7653855 1.6104642 1.6403506 
Cgig_XM_034457136.1                                    1.2241829 1.2241829 1.1241620 1.6099207 0.8455606 0.6555285 0.6540888 0.7326630 0.0000000 0.7527490 0.9786139 0.9190887 0.8785988 1.1199208 1.4579371 1.1922271 1.0183180 0.8709049 0.9825275 0.9251000 1.0043786 1.2279380 1.0500415 1.0216636 1.0228318 0.9844086 0.9816564 0.9935079 1.3231243 1.4634335 1.4862620 1.2388331 1.0005428 1.1681850 1.1391995 1.1676355 1.1551910 1.2596761 1.2938059 1.2938059 1.2157113 1.1526440 1.3062718 1.1332886 1.2082327 1.2160410 1.1620693 1.2851177 1.4191965 1.2207731 1.2073394 1.2623108 1.5612003 1.5781473 2.0455581 1.3318475 1.6538396 1.6655469 1.3347043 1.2662654 1.4465362 1.4730926 1.6988348 1.2076523 1.5738974 1.6758896 1.6196978 1.8237410 1.6728581 1.7792809 1.7792809 1.8296711 1.5941387 1.6782113 1.5896964 1.9077040 1.4132170 1.4451344 
Skow_XM_002731697.2                                    1.1570166 1.1570166 1.0941592 1.5066172 0.7655797 0.6946305 0.7822616 0.8196159 0.7527490 0.0000000 0.9938165 0.9407305 0.9781200 1.1833930 1.4598259 1.3287445 0.9721162 0.8817747 0.8535787 0.9540184 1.1421930 1.1305473 0.9180399 0.9501854 0.9674047 0.9935980 0.9947412 0.9519937 1.1638067 1.2327117 1.4102461 1.2336192 0.9887478 1.2737534 1.3488574 1.0982544 1.0689231 1.0552517 1.3519404 1.3519404 1.1950178 1.2793986 1.1869323 1.2318420 1.1648795 1.0137284 1.0302363 1.1162603 1.3404712 1.1455749 1.2250604 1.3129482 2.1328009 1.5151926 2.0738087 1.4031695 1.5507891 1.7279050 1.3013879 1.1588466 1.3568246 1.5324871 1.4764396 1.2701962 1.3006652 1.3445155 1.2728149 1.3232259 1.3523847 1.4351151 1.4351151 1.3857195 1.4069327 1.4339094 1.5371131 2.3823117 1.5253639 1.5055134 
Spis_XP_022800244_1                                    1.1911376 1.1911376 1.1338607 1.5704234 0.8654297 0.8302541 1.0722572 1.0497531 0.9786139 0.9938165 0.0000000 0.0930191 0.2783988 0.3216611 0.3041709 0.6683772 0.4993605 0.6009395 0.7255298 0.7796656 0.8943244 0.9101395 1.0419548 1.0673848 1.0862402 1.0110549 1.0132318 1.1164993 1.3223157 1.3726176 1.4828412 1.3790534 1.1697327 1.2462119 1.4071649 1.1137741 1.2108630 0.9840800 1.1975223 1.1975223 1.0727381 1.1178580 1.1840808 1.1838796 1.2355277 1.1401396 1.0531005 1.0549570 1.2610698 1.2476411 1.1259148 0.8556620 1.5178194 1.3313577 2.3008168 1.4689099 1.4228567 1.5057797 1.2279309 1.2780867 1.2976375 1.6903731 1.2876570 1.3536311 1.4149915 1.3987950 1.4799950 1.5515233 1.5476639 1.6554031 1.6554031 1.6470389 1.6358127 1.6093337 1.4953460 2.0154437 1.5219538 1.7149168 
Pocdam_XM_027198991.1                                  1.0940489 1.0940489 0.9999911 1.5812477 0.8191274 0.7435202 1.0164100 0.9784667 0.9190887 0.9407305 0.0930191 0.0000000 0.2628557 0.3296249 0.2722214 0.6996434 0.4655188 0.6043109 0.7224992 0.7605430 0.8574071 0.8453444 0.9740366 0.9752820 0.9925564 0.9594537 0.9654187 1.0522795 1.3302905 1.3080655 1.4641662 1.3087116 1.1065623 1.2504992 1.3438071 1.0774389 1.1464704 1.0402068 1.1124109 1.1124109 1.0347615 1.0752007 1.1224524 1.1717696 1.2027191 1.0937419 1.0242456 1.0565051 1.2686889 1.1967127 1.0780325 0.7978656 1.5650496 1.3124073 2.2299136 1.4729194 1.3963282 1.4836461 1.2723087 1.2621377 1.2771990 1.6748688 1.2110860 1.3126921 1.3979258 1.4494976 1.4818707 1.5158872 1.5913399 1.6193393 1.6193393 1.6073281 1.5578655 1.5812813 1.4784123 2.0736314 1.4933113 1.6922754 
Gfas_gfas1.m1.18679.m1                                 1.0652140 1.0652140 1.0147332 1.4344499 0.8275773 0.8324109 0.9175788 0.8972149 0.8785988 0.9781200 0.2783988 0.2628557 0.0000000 0.3074233 0.4381004 0.6128399 0.4207907 0.6308657 0.7053687 0.8210841 0.9755211 0.9584596 1.0755524 1.1094259 1.1294767 1.0460747 1.0424896 1.1449809 1.2988510 1.3290910 1.3670268 1.3709773 1.1399772 1.2110052 1.2824250 1.1135639 1.1140032 1.1218747 1.1726189 1.1726189 1.0706830 1.1356227 1.0224903 1.2857217 1.2446496 1.1037042 1.0833286 1.0819063 1.3231641 1.2418082 1.1435972 0.8554855 1.5117776 1.4466208 2.2015425 1.3092591 1.4350579 1.4541330 1.4056816 1.1975679 1.3167202 1.6574580 1.3699736 1.3520158 1.4995318 1.4878262 1.5145823 1.6843387 1.6706750 1.7297824 1.7297824 1.7132062 1.6506142 1.6966974 1.5228342 2.2371784 1.5966434 1.8223837 
Fspp_ffun1.m4.30554.m1                                 1.1860877 1.1860877 1.1976054 1.6109058 1.0491082 0.9921843 1.1217674 1.0705217 1.1199208 1.1833930 0.3216611 0.3296249 0.3074233 0.0000000 0.2912642 1.0884322 0.6408429 0.7078176 0.8197066 0.8520233 1.0012347 0.9901591 1.0079200 1.0084629 1.0291771 1.0039652 1.0000475 1.0802070 1.4870125 1.5982681 1.6585727 1.4299675 1.2409412 1.3578117 1.4134299 1.2235077 1.3479392 1.3647528 1.3283475 1.3283475 1.1692897 1.1619314 1.1772581 1.5332679 1.5472350 1.2437293 1.3965210 1.4177587 1.4690667 1.4817818 1.4417737 0.9350084 1.8460507 1.7123380 2.0679685 1.6646323 1.6587199 1.8112439 1.6807430 1.6337306 1.6397670 2.0848800 1.5377568 1.6550578 1.7247128 1.7145973 1.6786498 1.7779838 1.9138719 1.8866354 1.8866354 1.8588153 1.8085195 1.8085779 1.7571915 2.5344240 1.7656391 2.0129296 
Gasp_gasp1.m3.831.m1                                   1.7006557 1.7006557 1.6076169 2.1211403 1.2544859 1.1111310 1.2881542 1.2011337 1.4579371 1.4598259 0.3041709 0.2722214 0.4381004 0.2912642 0.0000000 1.2590451 0.8990725 0.8520037 0.9832686 1.0538470 1.4076079 1.0965261 1.2696417 1.3374849 1.3374849 1.2580824 1.2686907 1.3815470 1.6396925 1.6974800 2.0120868 1.6542568 1.3636185 1.4672746 1.6290211 1.5200559 1.5816971 1.3773693 1.6570304 1.6570304 1.5585961 1.5489808 1.5571721 1.7377479 1.7894062 1.6350403 1.4952628 1.5303037 1.6882853 1.6466310 1.4962870 1.2468589 2.4425866 1.6290731 2.1853146 1.8977999 1.8073333 1.8905027 1.8263529 2.0734297 1.7860126 2.4295493 1.6142849 2.0533342 1.8348265 2.0307840 1.8922024 2.0193044 2.0528849 1.8315142 1.8315142 2.2539120 2.0982329 1.9424908 2.0005526 2.5678293 1.9322338 1.8868261 
Adig_XM_015911848.1                                    1.0338328 1.0338328 1.1704751 1.3558274 1.1539166 1.2009444 1.3314306 1.5200239 1.1922271 1.3287445 0.6683772 0.6996434 0.6128399 1.0884322 1.2590451 0.0000000 0.1870102 0.7978882 1.0598890 1.0419224 1.1069448 1.4117010 1.4437893 1.3706947 1.3706947 1.4528086 1.4588176 1.6869365 1.4458138 1.5630211 1.4248732 1.7405427 1.5116222 1.6595068 1.6869854 1.2695535 1.3181872 1.4112140 1.7986037 1.7986037 1.6955897 1.2720155 1.3167431 1.1338189 1.2302142 1.4920717 0.9823352 1.2288908 1.5816441 1.3907833 1.3568895 1.4092621 1.7849920 1.0257472 4.4100506 1.3416330 1.5767325 1.7026069 1.3776675 1.3687242 1.5963322 1.4976284 1.6639402 1.6590402 2.0814727 2.0814727 2.1024885 2.2559976 2.0082388 2.3232251 2.3232251 2.1767308 2.1724611 1.8715464 2.2901058 2.7846930 1.9292562 2.5720769 
Amil_Amillepora07262-RA                                1.2272703 1.2272703 1.1660639 1.6104971 0.9414262 0.9061993 1.1637357 1.0520140 1.0183180 0.9721162 0.4993605 0.4655188 0.4207907 0.6408429 0.8990725 0.1870102 0.0000000 0.6239454 0.8805645 0.8058028 0.9761972 0.9827947 1.1901499 1.1816064 1.2032284 1.1533046 1.1558249 1.0790363 1.4516335 1.5406887 1.6824135 1.4286509 1.2886452 1.3972231 1.4210809 1.2949640 1.2474004 1.1761041 1.2538242 1.2538242 1.2177921 1.1914387 1.1283515 1.3329056 1.3666190 1.2003189 1.2039657 1.2159141 1.4373112 1.2910965 1.2239060 0.9640329 1.7007071 1.6014029 2.3466952 1.5822535 1.6251806 1.6621115 1.5412587 1.1923477 1.5327139 1.6785086 1.6309344 1.5677142 1.6006914 1.5382265 1.7063377 1.7423012 1.7189955 1.7353249 1.7353249 1.8862691 1.8055196 1.7484395 1.8607724 3.3831867 1.9294002 2.0729975 
Nvec_v1g182461                                         1.2566866 1.2566866 1.1832217 1.3281115 0.8470849 0.8005480 0.8187889 0.9884809 0.8709049 0.8817747 0.6009395 0.6043109 0.6308657 0.7078176 0.8520037 0.7978882 0.6239454 0.0000000 0.6801439 0.7413050 0.8846807 0.8447497 0.9959994 0.9966419 1.0146658 0.9713666 0.9734809 0.9623792 1.2825195 1.4120254 1.3678244 1.1422966 0.9277473 1.1413222 1.2884707 1.0565937 1.0446859 1.1366757 1.4018091 1.4018091 1.3171683 1.1343597 1.0632421 1.2793229 1.4755810 1.1655749 1.1924138 1.3004138 1.1488577 1.3332243 1.1361759 0.9429147 1.5818563 1.4414037 2.2737136 1.3825448 1.4417675 1.5432670 1.2969001 1.1693727 1.4709682 1.5647114 1.4386262 1.3335620 1.3459110 1.3970715 1.3688805 1.5536675 1.5122764 1.6986057 1.6986057 1.6905956 1.3976922 1.5532189 1.6367869 2.3816081 1.5109102 1.6300220 
Exapal_XM_021042405.2                                  1.2299567 1.2299567 1.1720219 1.5862533 0.9532935 0.8931823 0.8826512 0.9937155 0.9825275 0.8535787 0.7255298 0.7224992 0.7053687 0.8197066 0.9832686 1.0598890 0.8805645 0.6801439 0.0000000 0.9429163 1.1008839 1.0055659 0.9646633 0.9657153 0.9837615 0.9161355 0.9172108 0.9629779 1.1585174 1.2190481 1.3620175 1.3802257 1.1912383 1.2979827 1.4766034 1.0916322 1.1993272 1.1404073 1.2034266 1.2034266 1.1039730 1.0767342 1.0285922 1.1917295 1.1608877 1.0619071 1.2628105 1.2252814 1.3385041 1.3264683 1.3429829 0.9750078 1.2827067 1.8135581 2.2753247 1.3036849 1.4253002 1.4676706 1.1241341 0.9710278 1.1420556 1.4667333 1.2880937 1.4348904 1.4435165 1.5070207 1.4759985 1.5820795 1.4747022 1.5674252 1.5674252 1.5955103 1.5878970 1.5471705 1.4733947 2.0555452 1.5818037 1.6779894 
Opea_EP00118_Oscarella_pearsei_P000102                 1.1958853 1.1958853 1.1697509 1.1558299 1.0249783 0.7630352 0.8833038 0.9948375 0.9251000 0.9540184 0.7796656 0.7605430 0.8210841 0.8520233 1.0538470 1.0419224 0.8058028 0.7413050 0.9429163 0.0000000 0.0075505 0.6390252 0.9929033 1.0247155 1.0438047 1.0232236 1.0210707 0.9531552 1.2384309 1.3452823 1.4946780 1.3088247 1.0794431 1.2089064 1.3314053 1.2845945 1.2434791 1.3567452 1.2049025 1.2049025 1.1470718 1.1727468 1.1785579 1.2398136 1.3126931 1.2415215 1.1796661 1.4100858 1.2843160 1.3628767 1.5461630 1.0602410 1.5121216 1.3944578 2.1564106 1.5540126 1.5684363 1.7887630 1.5075086 1.3035029 1.7491007 1.6629959 1.5659944 1.2937628 1.3412523 1.3799196 1.3350791 1.4405946 1.4301873 1.5231546 1.5231546 1.5751026 1.4830944 1.2878610 1.6169175 2.1248067 1.4697620 1.8674594 
Ocar_g5688                                             1.2352176 1.2352176 1.1978224 1.1264296 1.2595260 0.8967869 1.0166495 1.1239820 1.0043786 1.1421930 0.8943244 0.8574071 0.9755211 1.0012347 1.4076079 1.1069448 0.9761972 0.8846807 1.1008839 0.0075505 0.0000000 0.7411884 1.1670367 1.1880294 1.2180309 1.2088287 1.2056248 1.1350361 1.3914833 1.5347628 1.5681347 1.5904025 1.2755483 1.5117933 1.7190097 1.4054593 1.4202272 1.6619429 1.4440446 1.4440446 1.3188830 1.2898716 1.3460289 1.3127998 1.5024854 1.3522818 1.3640720 1.6994114 1.2996670 1.6435228 1.6501272 1.1414919 1.6021942 1.3313911 2.7318827 1.7007885 1.6525173 2.0794862 1.6127910 1.3395694 1.8680108 1.5873611 1.7796662 1.4083079 1.3771999 1.4391586 1.3522218 1.5351685 1.4747121 1.5775150 1.5775150 1.5837754 1.5147379 1.3422204 1.7466770 2.1592187 1.3278725 2.2283919 
Plajan_Pjan_C530431_01                                 1.4729115 1.4729115 1.4460379 1.5679267 1.1785028 0.8894357 1.1734489 1.1960746 1.2279380 1.1305473 0.9101395 0.8453444 0.9584596 0.9901591 1.0965261 1.4117010 0.9827947 0.8447497 1.0055659 0.6390252 0.7411884 0.0000000 1.1629085 1.1642694 1.1855746 1.1609726 1.1613143 1.1501408 1.3566510 1.4816648 1.8472953 1.3472274 1.1406974 1.4264927 1.4687242 1.3145570 1.2859365 1.3085118 1.3793456 1.3793456 1.2762446 1.4616813 1.4282212 1.4278499 1.4792029 1.3210673 1.3644499 1.5442560 1.2615694 1.3783711 1.6451439 1.2633457 1.8928417 1.6039428 2.0774784 1.5288592 1.7442917 1.8669177 1.7504037 1.6562080 1.7394748 1.9577083 1.6969587 1.7964986 1.4441369 1.5818437 1.5773274 1.8078329 1.7682394 1.8691344 1.8691344 1.7621687 1.6861908 1.6047513 1.6911302 2.1592335 1.7073911 2.2297286 
HoiH23_PlH23_000188-RA                                 1.3841795 1.3841795 1.2767730 1.5763340 1.0472963 1.0737026 1.1245604 1.1629276 1.0500415 0.9180399 1.0419548 0.9740366 1.0755524 1.0079200 1.2696417 1.4437893 1.1901499 0.9959994 0.9646633 0.9929033 1.1670367 1.1629085 0.0000000 0.1141669 0.1203080 0.1428594 0.1492595 0.1712481 1.3620528 1.5378230 1.5272062 1.4120649 1.2159717 1.3145417 1.4867907 1.4138468 1.3672852 1.3012656 1.1505522 1.1505522 1.2477117 1.2284610 1.1274441 1.6016204 1.5624119 1.2932483 1.3206743 1.4604135 1.3846414 1.3577444 1.3339417 1.2480540 1.8258661 1.7492485 2.3044495 1.6554274 1.6750828 1.8441483 1.5207916 1.5816792 1.5581226 2.0213222 1.5572194 1.4005305 1.7195739 1.8338078 1.6687177 1.9233396 1.8371320 1.8903404 1.8903404 1.7295832 1.6563247 1.7990704 1.7663418 2.2682399 1.5033248 1.4609212 
Hhon_g04316.t1                                         1.4289357 1.4289357 1.2686191 1.5714687 1.0276528 1.0081559 1.0788874 1.2145772 1.0216636 0.9501854 1.0673848 0.9752820 1.1094259 1.0084629 1.3374849 1.3706947 1.1816064 0.9966419 0.9657153 1.0247155 1.1880294 1.1642694 0.1141669 0.0000000 0.0051827 0.1763169 0.1830323 0.2025575 1.3591789 1.4789044 1.5328288 1.3649472 1.1473882 1.2808871 1.4295486 1.4045589 1.3392434 1.3736226 1.1945929 1.1945929 1.3106539 1.2765086 1.2174541 1.6629053 1.5270851 1.3271881 1.2573019 1.4968510 1.3746600 1.3805792 1.3413409 1.3041709 1.7444990 1.7244056 2.3090102 1.6647432 1.7088567 1.7586563 1.5930587 1.6032367 1.5857159 1.9529568 1.4931188 1.4477617 1.6588102 1.7478548 1.6086985 1.8449741 1.7750136 1.8017872 1.8017872 1.6316996 1.6457268 1.5989425 1.7363178 2.1684939 1.5400970 1.5721193 
HoiH04_mRNA10871                                       1.4565973 1.4565973 1.2929280 1.6017728 1.0463243 1.0093056 1.0802229 1.2163034 1.0228318 0.9674047 1.0862402 0.9925564 1.1294767 1.0291771 1.3374849 1.3706947 1.2032284 1.0146658 0.9837615 1.0438047 1.2180309 1.1855746 0.1203080 0.0051827 0.0000000 0.1829538 0.1897294 0.2106261 1.3852054 1.5067578 1.5627804 1.3786387 1.1615227 1.2937951 1.4440081 1.4311939 1.3646984 1.3997791 1.1905420 1.1905420 1.3065256 1.2723657 1.2134314 1.6950027 1.5564468 1.3529835 1.2808458 1.5116798 1.4000450 1.3858377 1.3664789 1.3292203 1.7444990 1.7244056 2.3816503 1.6964501 1.7123966 1.7623333 1.6088014 1.6250189 1.6158257 1.9574413 1.5212845 1.4503272 1.6929730 1.7878956 1.6408333 1.8834318 1.8111259 1.8387652 1.8387652 1.6642590 1.6785466 1.5944519 1.7706938 2.1684939 1.5356618 1.5537743 
TrH2_TrispH2_001117-RA                                 1.4662282 1.4662282 1.3407125 1.5084508 1.0583363 1.0211400 1.1010096 1.2490514 0.9844086 0.9935980 1.0110549 0.9594537 1.0460747 1.0039652 1.2580824 1.4528086 1.1533046 0.9713666 0.9161355 1.0232236 1.2088287 1.1609726 0.1428594 0.1763169 0.1829538 0.0000000 0.0051497 0.1949987 1.4219223 1.5330028 1.5712539 1.3932174 1.1722422 1.3039383 1.5471814 1.4396587 1.3609091 1.3941342 1.1652680 1.1652680 1.2337679 1.2329743 1.1744522 1.5782542 1.5536538 1.2052740 1.2113762 1.3735467 1.3098003 1.2519651 1.2959254 1.2709487 1.8660526 1.7187182 2.1672431 1.5792826 1.6175273 1.8230461 1.4773298 1.4202169 1.5712856 1.9520422 1.5660488 1.4624428 1.7702611 1.8948876 1.7307220 1.9954097 1.8528735 1.9680138 1.9680138 1.8129847 1.7501494 1.8020758 1.9021244 2.3923275 1.5977648 1.5630111 
Tadh_TriadT63939                                       1.4635321 1.4635321 1.3425302 1.4974735 1.0760700 1.0131756 1.1023362 1.2450923 0.9816564 0.9947412 1.0132318 0.9654187 1.0424896 1.0000475 1.2686907 1.4588176 1.1558249 0.9734809 0.9172108 1.0210707 1.2056248 1.1613143 0.1492595 0.1830323 0.1897294 0.0051497 0.0000000 0.1986799 1.4225294 1.5325674 1.5708980 1.3937620 1.1722422 1.3066967 1.5489112 1.4392963 1.3564663 1.4180422 1.1615558 1.1615558 1.2245443 1.2355843 1.1768972 1.5739057 1.5290757 1.2027809 1.2079421 1.3697620 1.3056071 1.2484610 1.2922605 1.2678462 1.8577862 1.7187182 2.1672431 1.5789428 1.6448791 1.8227354 1.4804810 1.4228251 1.5669794 1.9858348 1.5681700 1.4578929 1.7671823 1.8913840 1.7277675 2.0065981 1.8497863 1.9647887 1.9647887 1.8099862 1.7220659 1.7991111 1.8990784 2.3863053 1.5929047 1.5899461 
HoiH11_mRNA1181                                        1.4115293 1.4115293 1.3356039 1.5727899 1.0154733 1.0373349 1.0660619 1.2237079 0.9935079 0.9519937 1.1164993 1.0522795 1.1449809 1.0802070 1.3815470 1.6869365 1.0790363 0.9623792 0.9629779 0.9531552 1.1350361 1.1501408 0.1712481 0.2025575 0.2106261 0.1949987 0.1986799 0.0000000 1.5303375 1.6416520 1.6319235 1.3679195 1.1025924 1.3914568 1.5502930 1.3728646 1.3435809 1.3098754 1.2319321 1.2319321 1.3641159 1.3172814 1.2719184 1.6088305 1.5308991 1.1904001 1.2421295 1.3891098 1.3877074 1.3784877 1.4091859 1.3283725 1.5142029 1.8974547 2.2578953 1.6011596 1.7725612 2.0590623 1.5295265 1.6737175 1.5445153 2.0386650 1.6452154 1.4522051 1.8329003 1.8329003 1.7500978 1.7829290 1.7662984 1.8415489 1.8415489 1.6628350 1.8015798 1.6510111 1.8331300 2.3765132 1.6363569 1.6765517 
Aque_Aqu2.1.34430_001                                  1.0772761 1.0772761 1.0461443 1.5006148 1.4919352 1.1767034 1.1851826 1.3727377 1.3231243 1.1638067 1.3223157 1.3302905 1.2988510 1.4870125 1.6396925 1.4458138 1.4516335 1.2825195 1.1585174 1.2384309 1.3914833 1.3566510 1.3620528 1.3591789 1.3852054 1.4219223 1.4225294 1.5303375 0.0000000 0.4118491 0.7457057 1.6548910 1.5148042 1.5164065 1.5074395 1.2806560 1.7433397 1.7114809 1.4731541 1.4731541 1.3258970 1.5175568 1.3126922 1.8403048 1.7523939 1.6258393 1.4234715 1.6802297 1.5515840 1.6257804 1.8847904 1.3852564 1.7637454 1.2561137 2.5707191 1.6777265 1.4573647 1.4700947 1.4887121 1.6514186 1.4996698 1.5597245 1.2407150 1.6104121 1.6096959 1.6164920 1.7405268 1.7881138 1.7283780 1.6516942 1.6516942 1.7510967 1.7215637 1.6301897 1.5295761 1.8670448 1.8656130 1.9934495 
Halamb_c43091_g1_i3m.15714                             1.1146104 1.1146104 1.1047531 1.5859160 1.4950269 1.3293839 1.2322080 1.4354623 1.4634335 1.2327117 1.3726176 1.3080655 1.3290910 1.5982681 1.6974800 1.5630211 1.5406887 1.4120254 1.2190481 1.3452823 1.5347628 1.4816648 1.5378230 1.4789044 1.5067578 1.5330028 1.5325674 1.6416520 0.4118491 0.0000000 0.7456087 1.7853625 1.5566843 1.5667916 1.7464954 1.3457231 1.7277972 1.7768095 1.7257783 1.7257783 1.5579604 1.6401259 1.6106671 1.6600215 1.6016882 1.8181395 1.5110551 1.5904559 1.5459399 1.6941615 1.9526919 1.4365508 2.1220010 1.3486503 2.3363990 1.6627212 1.7292365 1.7187026 1.6275016 1.6581223 1.5848079 1.8202443 1.3168838 1.6703825 1.7462591 1.7253455 1.8850183 1.8545154 1.8898999 1.8881943 1.8881943 1.9316934 1.8314716 1.6850424 1.8148066 2.6162681 2.1527736 2.1885351 
Xestes_maker-XT_scaffold1305-augustus-gene-0.39-mRNA-1 1.1032418 1.1032418 1.0175015 1.2734279 1.5166761 1.3451861 1.1375835 1.3620053 1.4862620 1.4102461 1.4828412 1.4641662 1.3670268 1.6585727 2.0120868 1.4248732 1.6824135 1.3678244 1.3620175 1.4946780 1.5681347 1.8472953 1.5272062 1.5328288 1.5627804 1.5712539 1.5708980 1.6319235 0.7457057 0.7456087 0.0000000 1.7229567 1.5752621 1.6865649 1.6982581 1.6762446 1.8945209 1.8740201 1.9311920 1.9311920 1.7005058 1.6360596 1.4966001 1.8313608 1.8311661 1.7498708 1.6766543 1.9328818 1.6568107 1.8516905 1.6666553 1.4637997 1.5983982 1.1133584 3.0354794 1.6670580 2.0079959 1.9444416 1.8149808 1.9332985 1.8247493 1.9655652 1.7040792 1.3880046 1.6559584 1.6875470 1.8540981 1.8056601 1.8467177 1.8293167 1.8293167 1.9141321 1.8856895 1.7983226 1.6899354 1.9675424 1.8517785 2.4040568 
Lcom_lcpid92583                                        1.6573712 1.6573712 1.6312737 2.0176074 1.4006869 1.3259680 1.2610081 1.2600340 1.2388331 1.2336192 1.3790534 1.3087116 1.3709773 1.4299675 1.6542568 1.7405427 1.4286509 1.1422966 1.3802257 1.3088247 1.5904025 1.3472274 1.4120649 1.3649472 1.3786387 1.3932174 1.3937620 1.3679195 1.6548910 1.7853625 1.7229567 0.0000000 0.0000010 0.4112514 0.4758502 1.4045143 1.2304289 1.3997393 1.6436859 1.6436859 1.5790767 1.4870748 1.4527584 1.6196117 1.5384422 1.3713395 1.3937492 1.5534305 1.5072463 1.3049446 1.8369835 1.4897653 1.9842357 1.7866261 2.1499507 1.5364749 1.9549276 1.8401127 1.6559379 1.4526259 1.7110574 2.1655049 1.7460200 1.6835539 1.8983375 2.0465224 1.9447457 2.2323659 2.1182960 2.1122871 2.1122871 1.9727553 1.8606544 1.6774323 2.1305972 3.3331074 1.8411105 1.9460866 
Lcom_lcpid98200                                        1.4955880 1.4955880 1.5094966 1.7555374 1.1475442 1.0632648 0.9878387 1.0438512 1.0005428 0.9887478 1.1697327 1.1065623 1.1399772 1.2409412 1.3636185 1.5116222 1.2886452 0.9277473 1.1912383 1.0794431 1.2755483 1.1406974 1.2159717 1.1473882 1.1615227 1.1722422 1.1722422 1.1025924 1.5148042 1.5566843 1.5752621 0.0000010 0.0000000 0.2855027 0.3814347 1.2285457 1.0165540 1.1450393 1.3192385 1.3192385 1.3011671 1.2460632 1.1612042 1.4092990 1.3978723 1.1106317 1.2849264 1.2543106 1.3921598 1.0784013 1.5792084 1.2324243 1.5412460 1.6412467 1.8709227 1.3576192 1.8332520 1.7347945 1.4258879 1.2509138 1.4992201 1.9025340 1.7611047 1.5508988 1.4771037 1.5773636 1.4918598 1.7852623 1.6581783 1.7219200 1.7219200 1.5741357 1.4641503 1.3148929 1.6137466 2.2164531 1.4710274 1.5642950 
Scil_scict009443.1                                     1.5435008 1.5435008 1.5499252 1.8308946 1.3520512 1.2880629 1.1310914 1.1348212 1.1681850 1.2737534 1.2462119 1.2504992 1.2110052 1.3578117 1.4672746 1.6595068 1.3972231 1.1413222 1.2979827 1.2089064 1.5117933 1.4264927 1.3145417 1.2808871 1.2937951 1.3039383 1.3066967 1.3914568 1.5164065 1.5667916 1.6865649 0.4112514 0.2855027 0.0000000 0.3812944 1.1914632 1.2037951 1.1285535 1.6033680 1.6033680 1.5169365 1.3611874 1.4233323 1.3044301 1.2595258 1.2914928 1.1192351 1.3652651 1.4418266 1.3833234 1.7050010 1.5107650 1.9130356 1.6751317 1.9724391 1.4581563 1.7750728 1.7815078 1.5814694 1.5026577 1.6874377 1.7450705 1.7944720 1.8312496 2.0711507 2.2295237 1.9861801 2.4225058 2.1232934 2.0843888 2.0843888 1.8849027 1.7760243 1.7666840 2.1033455 3.3927825 1.6004182 1.8596568 
Leuniv_Lniv_scaffold3579_01                            1.5586298 1.5586298 1.5784528 1.8660501 1.4383287 1.3004527 1.1721451 1.0565368 1.1391995 1.3488574 1.4071649 1.3438071 1.2824250 1.4134299 1.6290211 1.6869854 1.4210809 1.2884707 1.4766034 1.3314053 1.7190097 1.4687242 1.4867907 1.4295486 1.4440081 1.5471814 1.5489112 1.5502930 1.5074395 1.7464954 1.6982581 0.4758502 0.3814347 0.3812944 0.0000000 1.2736742 1.2733443 1.2979928 1.6821299 1.6821299 1.6016595 1.4240444 1.6353262 1.3950875 1.3681233 1.3740552 1.3064098 1.4654991 1.5590528 1.4781484 1.6304575 1.6796936 2.0257283 1.7375788 2.1086607 1.5911518 1.8688217 1.7620739 1.7464679 1.7638708 1.6601303 1.9700766 1.7015948 1.7857792 1.9286317 2.0861148 1.9649761 2.2784112 2.0721052 1.9712334 1.9712334 1.8405040 1.7617179 1.8415327 1.9453614 2.9977371 1.9597037 1.7949685 
Saldol_EP00054_Salpingoeca_dolichothecata_P037795      1.4014986 1.4014986 1.3536532 1.6321880 1.2412308 1.0981090 1.1126818 1.1288343 1.1676355 1.0982544 1.1137741 1.0774389 1.1135639 1.2235077 1.5200559 1.2695535 1.2949640 1.0565937 1.0916322 1.2845945 1.4054593 1.3145570 1.4138468 1.4045589 1.4311939 1.4396587 1.4392963 1.3728646 1.2806560 1.3457231 1.6762446 1.4045143 1.2285457 1.1914632 1.2736742 0.0000000 0.8603237 0.8929813 1.5439317 1.5439317 1.5122913 1.5515557 1.3097520 1.0212359 1.0598549 1.0891467 1.0867264 1.2070354 1.0401882 1.2366383 1.2183370 1.4106196 1.7449986 1.6613522 1.8928692 1.1332223 1.3058628 1.3925358 1.1780390 1.1964955 1.1694517 1.3967210 1.3670034 1.4891898 1.5949008 1.6028578 1.5596976 1.8031588 1.6084932 1.8570453 1.8570453 1.6964126 1.5251607 1.8585877 1.6937360 2.4028976 2.1192276 1.9587673 
Codhol_EP00042_Codosiga_hollandica_P030729             1.6030191 1.6030191 1.4534064 1.8344297 1.3326696 1.2237266 1.1870760 1.2547457 1.1551910 1.0689231 1.2108630 1.1464704 1.1140032 1.3479392 1.5816971 1.3181872 1.2474004 1.0446859 1.1993272 1.2434791 1.4202272 1.2859365 1.3672852 1.3392434 1.3646984 1.3609091 1.3564663 1.3435809 1.7433397 1.7277972 1.8945209 1.2304289 1.0165540 1.2037951 1.2733443 0.8603237 0.0000000 0.9693852 1.4632443 1.4632443 1.4625911 1.4376217 1.1672030 0.9761774 1.0190226 0.9369214 1.0737753 1.1319762 1.0175290 1.1365162 1.1103594 1.5837047 1.8296358 1.9394421 2.1980498 1.3153060 1.6047774 1.5334209 1.5277261 1.5100205 1.4785515 1.6110713 1.4834698 1.7828118 1.6005218 1.5488915 1.5770054 1.6378537 1.5582041 1.7966362 1.7966362 1.7569138 1.4867856 1.6739094 1.7590558 2.5129783 1.8239498 2.0446012 
Salkve_EP00050_Salpingoeca_kvevrii_P013906             1.5395111 1.5395111 1.4625591 1.8985512 1.0894189 1.1889815 1.2574259 1.2479747 1.2596761 1.0552517 0.9840800 1.0402068 1.1218747 1.3647528 1.3773693 1.4112140 1.1761041 1.1366757 1.1404073 1.3567452 1.6619429 1.3085118 1.3012656 1.3736226 1.3997791 1.3941342 1.4180422 1.3098754 1.7114809 1.7768095 1.8740201 1.3997393 1.1450393 1.1285535 1.2979928 0.8929813 0.9693852 0.0000000 1.6497773 1.6497773 1.5861609 1.5064440 1.4896259 1.2169685 1.1217686 1.2083877 1.1724495 1.2392004 1.1878692 1.1730302 1.1253122 1.6560131 1.9434208 2.4148283 1.8283145 1.1814603 1.2595698 1.5546275 1.3122324 1.3485878 1.0808036 1.6687233 1.5149019 1.5967222 1.5314784 1.4595583 1.5040038 1.8362998 1.5391486 1.6283576 1.6283576 1.5634558 1.6701344 1.7849075 1.7795291 2.5896808 2.1709220 1.8145445 
Nemnom_g19488.t1                                       1.4614068 1.4614068 1.3613483 1.8147894 1.4298625 1.3922939 1.2360013 1.2774201 1.2938059 1.3519404 1.1975223 1.1124109 1.1726189 1.3283475 1.6570304 1.7986037 1.2538242 1.4018091 1.2034266 1.2049025 1.4440446 1.3793456 1.1505522 1.1945929 1.1905420 1.1652680 1.1615558 1.2319321 1.4731541 1.7257783 1.9311920 1.6436859 1.3192385 1.6033680 1.6821299 1.5439317 1.4632443 1.6497773 0.0000000 0.0000010 0.4026225 0.6053467 0.8825080 1.5033919 1.4132700 1.4674950 1.4244099 1.6462103 1.5268660 1.5228545 1.7764839 1.2702433 1.6554793 2.0534909 2.3496793 1.8254883 1.7772470 1.7207512 1.6278338 1.5957641 1.5751188 2.0915662 1.8074632 1.7928974 1.5484152 1.5742313 1.5624414 1.8264324 1.7160387 1.6758257 1.6758257 1.7498765 1.6512605 1.6197405 1.5469196 2.2172084 2.0517654 1.9332077 
Nemnom_g19748.t1                                       1.4614068 1.4614068 1.3613483 1.8147894 1.4298625 1.3922939 1.2360013 1.2774201 1.2938059 1.3519404 1.1975223 1.1124109 1.1726189 1.3283475 1.6570304 1.7986037 1.2538242 1.4018091 1.2034266 1.2049025 1.4440446 1.3793456 1.1505522 1.1945929 1.1905420 1.1652680 1.1615558 1.2319321 1.4731541 1.7257783 1.9311920 1.6436859 1.3192385 1.6033680 1.6821299 1.5439317 1.4632443 1.6497773 0.0000010 0.0000000 0.4026225 0.6053467 0.8825080 1.5033919 1.4132700 1.4674950 1.4244099 1.6462103 1.5268660 1.5228545 1.7764839 1.2702433 1.6554793 2.0534909 2.3496793 1.8254883 1.7772470 1.7207512 1.6278338 1.5957641 1.5751188 2.0915662 1.8074632 1.7928974 1.5484152 1.5742313 1.5624414 1.8264324 1.7160387 1.6758257 1.6758257 1.7498765 1.6512605 1.6197405 1.5469196 2.2172084 2.0517654 1.9332077 
Rhoesc_Res_000614-T1                                   1.3390042 1.3390042 1.3231444 1.6351463 1.4089291 1.1772261 1.2059394 1.1334153 1.2157113 1.1950178 1.0727381 1.0347615 1.0706830 1.1692897 1.5585961 1.6955897 1.2177921 1.3171683 1.1039730 1.1470718 1.3188830 1.2762446 1.2477117 1.3106539 1.3065256 1.2337679 1.2245443 1.3641159 1.3258970 1.5579604 1.7005058 1.5790767 1.3011671 1.5169365 1.6016595 1.5122913 1.4625911 1.5861609 0.4026225 0.4026225 0.0000000 0.5965533 0.8687541 1.5382304 1.4180704 1.4860569 1.3628134 1.5545870 1.4502043 1.3891038 1.6737110 1.0822093 1.6339471 1.6923212 2.5917945 1.8307281 1.6901514 1.6466143 1.3346236 1.4627888 1.5229209 1.8817302 1.7882513 1.5689156 1.6733666 1.6508657 1.6976131 1.8655510 1.8326152 1.8035254 1.8035254 1.6173367 1.5246213 1.6013226 1.6683387 2.3135753 1.9541079 1.9685794 
Aaur_scaffold53.g37.t1                                 1.3221669 1.3221669 1.3296199 1.4654406 1.2802097 1.2643580 1.1278517 1.2198515 1.1526440 1.2793986 1.1178580 1.0752007 1.1356227 1.1619314 1.5489808 1.2720155 1.1914387 1.1343597 1.0767342 1.1727468 1.2898716 1.4616813 1.2284610 1.2765086 1.2723657 1.2329743 1.2355843 1.3172814 1.5175568 1.6401259 1.6360596 1.4870748 1.2460632 1.3611874 1.4240444 1.5515557 1.4376217 1.5064440 0.6053467 0.6053467 0.5965533 0.0000000 0.8008686 1.5190490 1.4921691 1.4790288 1.4617000 1.5833409 1.5037056 1.4827769 1.7571200 1.1846280 1.5836783 1.7739913 2.5634921 1.7527550 1.4710135 1.5542419 1.4749705 1.4726721 1.4339053 1.9717394 1.8257667 1.5843003 1.6280221 1.6791254 1.6971955 1.7648054 1.7051046 1.7115892 1.7115892 1.7579675 1.4590497 1.5033533 1.5621481 2.1783112 1.7263475 1.7241282 
Sanmal_Sma_011079-T1                                   1.2559865 1.2559865 1.2212844 1.5370289 1.3535303 1.3467454 1.2630864 1.1949826 1.3062718 1.1869323 1.1840808 1.1224524 1.0224903 1.1772581 1.5571721 1.3167431 1.1283515 1.0632421 1.0285922 1.1785579 1.3460289 1.4282212 1.1274441 1.2174541 1.2134314 1.1744522 1.1768972 1.2719184 1.3126922 1.6106671 1.4966001 1.4527584 1.1612042 1.4233323 1.6353262 1.3097520 1.1672030 1.4896259 0.8825080 0.8825080 0.8687541 0.8008686 0.0000000 1.4628596 1.5246317 1.4117691 1.4553067 1.5919002 1.4862097 1.5202002 1.6530445 1.0998216 1.5241652 1.6585210 2.4511237 1.7019104 1.5176433 1.6287884 1.4498883 1.4485560 1.6916952 2.1640546 1.7885201 1.6034880 1.5399595 1.5569443 1.6230597 1.6392144 1.7034925 1.7927595 1.7927595 1.7804999 1.5677373 1.6149718 1.5166157 1.9722566 1.6416766 1.8964018 
Acaspe_EP00035_Acanthoeca_spectabilis_P003918          1.5186395 1.5186395 1.5988550 1.9193726 1.3920190 1.1960867 1.2220288 1.1861089 1.1332886 1.2318420 1.1838796 1.1717696 1.2857217 1.5332679 1.7377479 1.1338189 1.3329056 1.2793229 1.1917295 1.2398136 1.3127998 1.4278499 1.6016204 1.6629053 1.6950027 1.5782542 1.5739057 1.6088305 1.8403048 1.6600215 1.8313608 1.6196117 1.4092990 1.3044301 1.3950875 1.0212359 0.9761774 1.2169685 1.5033919 1.5033919 1.5382304 1.5190490 1.4628596 0.0000000 0.2445437 0.6752177 0.7098339 0.9289166 1.3689960 1.2246277 1.1122235 1.7625335 1.7383503 1.7901889 1.9743719 1.1610483 1.5758848 1.5494388 1.5591053 1.8522347 1.6609191 1.6229487 1.6388690 1.9117891 1.7787671 1.7541720 1.7200052 1.9413345 1.7523654 1.9517110 1.9517110 2.0007114 1.8698593 2.0350995 1.7736413 2.1328952 1.9563693 1.9225530 
Helnan_EP00037_Helgoeca_nana_P000421                   1.4118645 1.4118645 1.4991206 1.8949681 1.4512500 1.2438436 1.3398706 1.2623725 1.2082327 1.1648795 1.2355277 1.2027191 1.2446496 1.5472350 1.7894062 1.2302142 1.3666190 1.4755810 1.1608877 1.3126931 1.5024854 1.4792029 1.5624119 1.5270851 1.5564468 1.5536538 1.5290757 1.5308991 1.7523939 1.6016882 1.8311661 1.5384422 1.3978723 1.2595258 1.3681233 1.0598549 1.0190226 1.1217686 1.4132700 1.4132700 1.4180704 1.4921691 1.5246317 0.2445437 0.0000000 0.7171675 0.6707790 0.8917232 1.4297585 1.2989361 1.1794670 1.6849330 1.7762390 2.0411107 2.0581076 1.2298143 1.5687850 1.5803842 1.5812806 1.7487104 1.5716027 1.5275190 1.5234733 1.8726139 1.8041816 1.6803908 1.7111390 1.9649129 1.8089475 1.9952446 1.9952446 1.9093748 1.7726410 1.8120316 1.8299947 2.3372631 2.1237166 1.9598865 
Stedip_EP00041_Stephanoeca_diplocostata_P008974        1.5014040 1.5014040 1.5380041 1.7943759 1.0960581 1.3166014 1.1845236 1.1441140 1.2160410 1.0137284 1.1401396 1.0937419 1.1037042 1.2437293 1.6350403 1.4920717 1.2003189 1.1655749 1.0619071 1.2415215 1.3522818 1.3210673 1.2932483 1.3271881 1.3529835 1.2052740 1.2027809 1.1904001 1.6258393 1.8181395 1.7498708 1.3713395 1.1106317 1.2914928 1.3740552 1.0891467 0.9369214 1.2083877 1.4674950 1.4674950 1.4860569 1.4790288 1.4117691 0.6752177 0.7171675 0.0000000 0.8105176 0.8075995 1.2071860 1.1992552 1.1497502 1.7647021 1.9218492 1.6382576 2.2891316 1.3810084 1.3497921 1.4744366 1.3918469 1.7070791 1.3749610 1.4987857 1.3760767 1.9543957 1.4960199 1.4682597 1.4580424 1.7239344 1.5037266 1.7503981 1.7503981 1.7186758 1.6724370 1.8509264 1.5966305 2.1226858 1.9657651 1.8222561 
Diagra_EP00040_Diaphanoeca_grandis_P043951             1.5126854 1.5126854 1.5372657 1.8579401 1.2651078 1.0910805 1.2065322 1.2600057 1.1620693 1.0302363 1.0531005 1.0242456 1.0833286 1.3965210 1.4952628 0.9823352 1.2039657 1.1924138 1.2628105 1.1796661 1.3640720 1.3644499 1.3206743 1.2573019 1.2808458 1.2113762 1.2079421 1.2421295 1.4234715 1.5110551 1.6766543 1.3937492 1.2849264 1.1192351 1.3064098 1.0867264 1.0737753 1.1724495 1.4244099 1.4244099 1.3628134 1.4617000 1.4553067 0.7098339 0.6707790 0.8105176 0.0000000 0.7049940 1.1905770 1.1788004 1.2386699 1.5416408 2.0446952 1.8858134 2.1541255 1.4557153 1.3231639 1.3312255 1.3993755 1.6843572 1.3251120 1.4938907 1.4381987 1.8563381 1.7197935 1.6474769 1.7872307 2.0000548 1.8110740 1.9191015 1.9191015 1.6711548 1.6467893 1.7098083 1.8188688 2.4706554 1.9993301 2.0831184 
