95
Emue_Em0021g424a.t1                               0.0000000 0.1916070 0.5917862 0.6176600 0.7877615 0.4380760 1.7153185 1.7153185 1.7503875 1.7275598 1.6376183 1.6364977 1.6658464 1.6896901 1.7228859 1.8200191 1.6796090 1.5705222 2.0229169 1.9421420 1.9127490 1.4658592 1.8241720 1.6820540 2.0434901 1.8547555 1.6466786 1.4084202 1.4221860 1.4858438 1.4411685 1.8017695 2.0816507 2.0122623 1.8527278 1.8132122 2.5603896 1.9300220 2.0156489 1.8265018 2.3768502 2.4240726 2.1922985 2.1899069 2.3068198 2.1484688 2.3139238 2.1108796 2.1108796 1.9429971 1.8336234 2.0989859 2.4882171 1.6743046 2.0538764 2.2056949 2.3345637 2.3371792 2.4024484 2.5647314 2.4554408 2.4277020 2.0663073 2.3647144 2.3231149 2.5037163 2.5211033 1.3934356 2.4944650 2.4932956 3.7115815 2.5013596 2.2451939 2.9961147 2.9961147 2.6427941 2.6427941 3.0632347 3.0632347 2.6972573 2.6972573 2.5412390 2.5412390 2.9617054 2.9617054 2.4653940 2.4653940 2.8652206 2.8652206 2.2036448 2.3976015 2.3976015 3.0153803 7.6650630 2.2258945 
Spolac_c104198_g1_i1_m.38794c104198-g1            0.1916070 0.0000000 0.6229668 0.6096197 0.7198362 0.3549925 1.8304666 1.8304666 1.8626642 1.7900918 1.6965178 1.6953355 1.7287230 1.7757048 1.7629986 1.7847637 1.7490944 1.5899398 1.8972172 1.8231418 1.8544910 1.4380896 1.7504076 1.6067785 2.1232823 1.7597039 1.8036979 1.4034446 1.4430795 1.4960503 1.4426224 1.6911265 2.0600340 2.0249701 1.8381740 1.7046336 2.5615135 1.9556837 2.0563316 1.9628440 2.4863659 2.5557976 2.2860910 2.2987502 2.3139094 2.2364736 2.4148282 2.1993810 2.1993810 1.9302062 1.8790189 1.9644946 2.2080872 1.5576271 1.9453959 2.1157746 2.3055140 2.2836490 2.2174753 2.4709361 2.3978038 2.2453119 2.2287400 2.4135596 2.4909238 2.3591539 2.4740805 1.5194717 2.6847238 2.6457854 3.8071302 2.6623771 2.3565992 2.9720188 2.9720188 2.7224753 2.7224753 3.0903688 3.0903688 2.8236608 2.8236608 2.6320907 2.6320907 3.0236033 3.0236033 2.5138232 2.5138232 2.8763907 2.8763907 2.3898082 2.6434544 2.6434544 2.9836271 8.4381560 1.8905581 
Tetwil_g15538.t1                                  0.5917862 0.6229668 0.0000000 0.3941195 0.9011002 0.5376392 1.1964011 1.1964011 1.1747125 1.2087406 1.0368333 1.0253644 1.0037490 1.3834158 1.0335204 1.2498320 1.0159395 1.0434882 1.3346256 1.3428867 1.2558906 1.2284359 1.3295781 1.1480395 1.4469300 1.2104752 0.9653933 1.0279759 1.1208402 1.0140364 1.0843974 1.1574518 1.2720078 1.4662883 1.2954487 1.2797398 1.8474954 1.3770651 1.2365445 0.8668584 2.2648809 2.2423644 1.9062525 1.9015451 1.9057537 1.7989304 1.7865479 1.4494514 1.4494514 1.3397202 1.3392155 1.5479261 1.7839260 1.1889664 1.4451432 1.5991791 1.6916879 1.8738678 1.9508847 2.0763592 2.1548232 2.1674821 1.6387340 1.8739490 1.7737074 1.7924804 1.7156870 0.6239093 1.7610917 1.8852376 3.3349242 1.7348250 1.7315923 2.2826064 2.2826064 1.8966849 1.8966849 2.2373404 2.2373404 1.8669569 1.8669569 2.0097488 2.0097488 2.5337825 2.5337825 2.0857035 2.0857035 2.6497359 2.6497359 2.0437892 1.8987847 1.8987847 2.3312752 5.1321765 2.1034962 
Stycar_maker-SC_scaffold5208-snap-gene-0.3-mRNA-1 0.6176600 0.6096197 0.3941195 0.0000000 0.8689222 0.6631722 1.1609071 1.1609071 1.1316912 1.0971294 1.0048462 0.9910307 1.0922611 1.1269133 1.0732074 1.1601464 1.0649177 0.9170836 1.3244614 1.3345943 1.2182700 1.2091643 1.3264929 1.1106441 1.1996429 1.1113970 1.0037214 0.8769316 0.9898017 0.8804250 0.9077282 1.0306052 1.1595683 1.4633923 1.3245831 1.2885005 1.8221802 1.3438063 1.2929594 0.8013093 2.0845292 2.0544673 1.6924176 1.6761085 1.7190869 1.5954464 1.5948854 1.3730001 1.3730001 1.2627316 1.4908997 1.5777905 1.7208651 1.2210199 1.3177615 1.4452302 1.7226046 1.8083060 1.9005442 2.0845676 1.9780297 2.3360491 1.5723682 1.8409436 1.7117980 1.7734930 1.9922289 0.5441668 1.4210713 1.4817555 2.5052702 1.3826470 1.3258875 2.0563418 2.0563418 1.6773166 1.6773166 2.0830227 2.0830227 1.6943540 1.6943540 1.8150420 1.8150420 2.4275025 2.4275025 1.8454711 1.8454711 2.4745280 2.4745280 1.7336815 1.6623834 1.6623834 2.1594997 5.4504829 1.9153555 
Lcom_lcpid174577                                  0.7877615 0.7198362 0.9011002 0.8689222 0.0000000 0.5303509 0.7426723 0.7426723 0.6159805 0.7386512 0.7654056 0.7509516 0.8196202 0.8263762 0.7931660 0.8000457 0.7753207 0.7003885 0.9630955 0.9259251 0.9886017 1.0462986 1.0390693 1.0547164 0.9863435 1.0652940 0.7668534 1.0163739 1.2098645 1.0419182 1.1189556 0.9737086 0.9991254 1.2428740 1.1093470 1.0877709 1.5545439 1.3397884 1.2465039 0.9449078 1.2845435 1.3120530 1.1608402 1.1608402 1.1148781 1.0796954 1.0021883 1.2266574 1.2266574 1.1939816 1.3672767 1.8210917 1.9314489 1.3326111 1.2300303 1.2502468 1.4218471 1.5510615 1.6451376 1.5517491 1.7693625 1.8397556 1.7590163 1.7741130 1.4570323 1.7393476 1.7963195 0.5877451 1.1106972 1.1106972 2.3911308 1.1013418 1.1670903 1.5060571 1.5060571 1.2629812 1.2629812 1.5060571 1.5060571 1.2629812 1.2629812 1.2394447 1.2394447 1.6730245 1.6730245 1.2394447 1.2394447 1.6730245 1.6730245 1.1434214 1.2004514 1.2004514 1.2610157 6.3404624 1.6913537 
Lcom_lcpid237573                                  0.4380760 0.3549925 0.5376392 0.6631722 0.5303509 0.0000000 0.2141246 0.2141246 0.2657428 0.3692374 0.4146161 0.4280031 0.4927876 0.4849848 0.5075714 0.5302853 0.5287072 0.5832837 0.5485446 0.5678808 0.6486411 0.6069475 0.6228801 0.5351890 0.4261738 0.6609800 0.6780391 0.6415979 0.6870925 0.7184458 0.6076976 0.5876201 0.5784273 0.8199464 0.6853427 0.6547946 1.2122389 0.7104945 0.8673331 0.6954433 0.7358907 0.8049132 0.7076656 0.7076656 0.6484142 0.6440397 0.6440397 0.7669803 0.7669803 0.6983156 0.6879208 1.2455458 1.3930320 0.8866713 0.9119272 0.8209572 1.0149316 1.2351969 1.1696730 1.3160315 1.3507593 1.2095656 1.1149055 1.1569706 0.9580979 1.3272367 1.2457695 0.7917013 0.7029723 0.7029723 0.0000010 0.7007659 0.8141675 0.8286364 0.8286364 0.8731284 0.8731284 0.8286364 0.8286364 0.8731284 0.8731284 0.7468946 0.7468946 0.7527546 0.7527546 0.7468946 0.7468946 0.7527546 0.7527546 0.7304735 0.8331532 0.8331532 0.5956229 6.1757224 1.4634639 
Acagra_model.g6561.t1                             1.7153185 1.8304666 1.1964011 1.1609071 0.7426723 0.2141246 0.0000000 0.0000010 0.6069561 0.9400166 0.9439755 0.9428946 1.1698952 1.4223177 1.2024831 1.4160114 1.4706379 1.0106552 1.3137341 1.3058018 1.3769116 1.1023756 1.3560328 1.1160776 1.4719244 1.4407439 0.9412621 1.3882714 1.4288591 1.3961968 1.4618264 1.3752243 1.6739955 1.8147105 1.5495364 1.3948145 2.0024918 1.5603504 1.6661503 2.0544395 2.1470296 2.2326926 1.8756335 1.8755428 1.8929373 1.9174986 2.1226667 2.0066236 2.0066236 1.7600357 1.8630893 2.1564226 2.3363788 1.7272030 1.9892602 2.1034864 2.2321341 2.4685394 2.5451759 2.3834599 2.6444146 2.5416702 2.3347849 2.4753834 2.2941328 2.4201310 2.5375922 1.8065642 2.8749463 2.8809291 5.0034690 2.8218162 2.3458878 3.2232298 3.2232298 2.7678079 2.7678079 3.3039292 3.3039292 2.8284289 2.8284289 2.8345677 2.8345677 3.3578026 3.3578026 2.7664360 2.7664360 3.2665448 3.2665448 2.6169707 2.3934468 2.3934468 2.8980025 7.3308278 2.5665445 
Acagra_model.g6561.t1.1.5d3b8517                  1.7153185 1.8304666 1.1964011 1.1609071 0.7426723 0.2141246 0.0000010 0.0000000 0.6069561 0.9400166 0.9439755 0.9428946 1.1698952 1.4223177 1.2024831 1.4160114 1.4706379 1.0106552 1.3137341 1.3058018 1.3769116 1.1023756 1.3560328 1.1160776 1.4719244 1.4407439 0.9412621 1.3882714 1.4288591 1.3961968 1.4618264 1.3752243 1.6739955 1.8147105 1.5495364 1.3948145 2.0024918 1.5603504 1.6661503 2.0544395 2.1470296 2.2326926 1.8756335 1.8755428 1.8929373 1.9174986 2.1226667 2.0066236 2.0066236 1.7600357 1.8630893 2.1564226 2.3363788 1.7272030 1.9892602 2.1034864 2.2321341 2.4685394 2.5451759 2.3834599 2.6444146 2.5416702 2.3347849 2.4753834 2.2941328 2.4201310 2.5375922 1.8065642 2.8749463 2.8809291 5.0034690 2.8218162 2.3458878 3.2232298 3.2232298 2.7678079 2.7678079 3.3039292 3.3039292 2.8284289 2.8284289 2.8345677 2.8345677 3.3578026 3.3578026 2.7664360 2.7664360 3.2665448 3.2665448 2.6169707 2.3934468 2.3934468 2.8980025 7.3308278 2.5665445 
Cgig_XM_034477220.1                               1.7503875 1.8626642 1.1747125 1.1316912 0.6159805 0.2657428 0.6069561 0.6069561 0.0000000 0.9299817 0.9612730 0.9608284 1.3668747 1.1520348 1.3826107 1.2698075 1.5981268 1.0600467 1.4989522 1.5156359 1.5391196 1.1290284 1.4300475 1.4330216 1.6880961 1.4686889 0.9764949 1.5108697 1.6423591 1.4977965 1.5439138 1.4389090 1.5833462 1.5366404 1.4669302 1.4121982 1.9334484 1.6440257 1.6512737 2.3038162 2.0273909 2.0109872 1.8932812 1.8931815 1.9421172 1.9595644 2.0403442 1.9618136 1.9618136 1.8986015 1.7999391 2.1774831 2.2406326 1.6894793 1.9295394 2.3377622 2.1585852 2.2768193 2.3617211 2.4128558 2.5297062 2.3609099 2.3771513 2.3704396 2.3274416 2.2251725 2.3284500 1.7745634 2.8895209 2.9092638 4.4893087 2.8384500 2.3249562 3.1091169 3.1091169 2.6765325 2.6765325 3.2339440 3.2339440 2.7730048 2.7730048 2.6891712 2.6891712 3.1260312 3.1260312 2.6058737 2.6058737 3.0205029 3.0205029 2.6274976 2.4684008 2.4684008 2.9267094 8.0737558 2.6252527 
Ctel_gnl_WGS_AMQN_CAPTEDRAFT_mRNA181150           1.7275598 1.7900918 1.2087406 1.0971294 0.7386512 0.3692374 0.9400166 0.9400166 0.9299817 0.0000000 1.1823986 1.1811080 1.3993160 1.3951352 1.3676807 1.3952600 1.5609914 1.0972351 1.4395874 1.4246921 1.4966679 1.2421912 1.4534711 1.3886961 1.5539873 1.5593212 1.1543437 1.6640227 1.7573455 1.7550045 1.7947048 1.5956643 1.6952550 1.7115880 1.6189114 1.5419797 1.9612741 1.6888618 1.5977214 2.3113369 2.4048467 2.4453414 2.1981378 2.1869986 2.3183591 2.2689873 2.3997258 2.0036027 2.0036027 2.1043566 1.9554594 2.4495487 2.3768221 1.8468693 2.1410376 2.5361628 2.2078504 2.4720430 2.5138602 2.4404180 2.6275680 2.4377636 2.2861115 2.3169284 2.2081639 2.5778441 2.4931529 2.2093535 2.8266655 2.9052887 4.5520752 2.8102755 2.4430779 3.1815441 3.1815441 2.7737479 2.7737479 3.1790288 3.1790288 2.7751994 2.7751994 2.6544276 2.6544276 3.0866719 3.0866719 2.6052046 2.6052046 3.0255225 3.0255225 2.7812977 2.7511989 2.7511989 3.0141851 7.2184920 2.3494208 
Spur_XM_030987799.1                               1.6376183 1.6965178 1.0368333 1.0048462 0.7654056 0.4146161 0.9439755 0.9439755 0.9612730 1.1823986 0.0000000 0.0021584 1.2850338 1.3290512 1.1108053 1.3933357 1.5087822 0.8776582 1.5739454 1.5090935 1.6020889 1.1420506 1.5475905 1.4040742 1.7855404 1.4731694 1.1771086 1.5400565 1.5446025 1.4991052 1.4508081 1.5902662 1.6128637 1.5848406 1.6312108 1.5494835 2.0666677 1.5744035 1.6396061 2.0235525 1.8273713 1.8529024 1.7318630 1.7218873 1.6885287 1.8028912 1.9312467 1.8947490 1.8947490 1.9854397 1.5793699 1.8657862 1.9279215 1.3719891 1.8148804 1.9802178 2.0876071 1.9196135 1.8834878 1.9887027 2.3304003 2.1681849 2.1820857 2.1056270 2.0155036 2.3098513 2.3294891 1.7420982 2.7254397 2.7436744 4.1003316 2.6193553 2.3197962 2.7025248 2.7025248 2.3398284 2.3398284 2.7859287 2.7859287 2.4049178 2.4049178 2.4249724 2.4249724 2.8501465 2.8501465 2.3180056 2.3180056 2.7094333 2.7094333 2.4221890 2.5097650 2.5097650 2.8418263 7.4539831 2.3940088 
Spur_XM_030994076.1                               1.6364977 1.6953355 1.0253644 0.9910307 0.7509516 0.4280031 0.9428946 0.9428946 0.9608284 1.1811080 0.0021584 0.0000000 1.2782916 1.3277620 1.1048617 1.3921187 1.5005593 0.8725834 1.5703255 1.5055330 1.5984572 1.1459597 1.5439544 1.3994250 1.7814628 1.4720982 1.1699876 1.5287619 1.5331587 1.4878799 1.4400744 1.5921225 1.6235976 1.5837113 1.6229964 1.5483076 2.0657959 1.5605517 1.6244768 2.0109171 1.8368818 1.8625217 1.7403800 1.7303552 1.6968415 1.8117203 1.9413703 1.9078009 1.9078009 1.9952489 1.5609532 1.8488580 1.9268879 1.3748867 1.8297663 1.9630711 2.0699197 1.9023492 1.9043150 1.9876825 2.3026624 2.1542696 2.1856707 2.1087536 2.0108598 2.3045240 2.3283869 1.7646462 2.7174708 2.7357027 4.0823911 2.6115895 2.3218653 2.7025248 2.7025248 2.3419402 2.3419402 2.7859287 2.7859287 2.4070734 2.4070734 2.4272356 2.4272356 2.8501465 2.8501465 2.3201816 2.3201816 2.7094333 2.7094333 2.4244280 2.5120027 2.5120027 2.8336130 7.4394655 2.3733721 
Hsap_ENST00000524782                              1.6658464 1.7287230 1.0037490 1.0922611 0.8196202 0.4927876 1.1698952 1.1698952 1.3668747 1.3993160 1.2850338 1.2782916 0.0000000 1.4490754 1.3172772 1.4638260 1.1259161 1.3510251 1.6453885 1.6380833 1.6770556 1.4580490 1.5339951 1.4157720 1.8919482 1.7295159 1.3427511 1.5755663 1.5749569 1.5056202 1.5744066 1.6680710 1.7597683 1.7834260 1.8407093 1.6419977 2.3470244 1.8161280 1.9048844 2.1306639 2.1407369 2.2259151 2.0076522 2.0068665 1.9870625 2.1999238 2.3057011 2.0048149 2.0048149 1.9098817 1.7684525 2.3702644 2.2210474 1.5973259 1.9988613 2.1401217 1.9512055 2.2682308 2.3229479 2.3608995 2.3705427 2.1413864 1.8697796 2.0407161 2.0572997 2.4976608 2.0572195 2.0055710 2.8853238 2.8431373 4.2362780 2.7874837 2.6505478 3.2803182 3.2803182 2.8703206 2.8703206 3.3952144 3.3952144 2.9600348 2.9600348 3.0170823 3.0170823 3.4847222 3.4847222 2.8965567 2.8965567 3.3288451 3.3288451 2.8820872 2.8605166 2.8605166 3.4543832 7.8698496 2.4540778 
Dpul_mRNA632                                      1.6896901 1.7757048 1.3834158 1.1269133 0.8263762 0.4849848 1.4223177 1.4223177 1.1520348 1.3951352 1.3290512 1.3277620 1.4490754 0.0000000 1.6564359 1.0902749 1.6583075 1.4466273 1.7589423 1.6782899 1.7585006 1.5722998 1.7234593 1.6189981 1.8682064 1.7475519 1.1554551 1.5400155 1.6841075 1.5856350 1.6473081 1.7204639 1.7695999 1.9172598 1.7819152 1.6990979 2.1444616 1.8042237 1.7553385 2.2261595 2.2272881 2.2841046 2.0819229 2.0709139 2.1991911 2.2882483 2.5086784 2.0623654 2.0623654 1.9649605 2.0561898 2.1225093 2.2455001 1.8752472 2.1847703 2.1470178 2.2269661 2.3600176 2.6520442 2.4797037 2.8045666 2.4295372 2.4733285 2.5335750 2.1302201 2.5563310 2.3699869 1.9934674 2.7929181 2.7624452 4.4265726 2.6314071 2.3828722 3.1973495 3.1973495 2.7083112 2.7083112 3.2796774 3.2796774 2.7711406 2.7711406 2.9125692 2.9125692 3.5340379 3.5340379 2.7928469 2.7928469 3.3684199 3.3684199 2.7025809 2.5869991 2.5869991 3.1749940 8.3026647 2.3916522 
Bralan_BLAG18000608_1                             1.7228859 1.7629986 1.0335204 1.0732074 0.7931660 0.5075714 1.2024831 1.2024831 1.3826107 1.3676807 1.1108053 1.1048617 1.3172772 1.6564359 0.0000000 1.6970262 1.4132765 1.1647978 1.3924742 1.3341521 1.4067146 1.1781968 1.3859909 1.3404850 1.6492089 1.5372085 1.4279557 1.5021437 1.6073794 1.4812796 1.6712646 1.5888924 1.7449309 1.6347773 1.7629196 1.5234562 2.1512169 1.6911213 1.6310706 2.0527869 2.1797852 2.2244118 2.0148350 2.0046403 1.9984726 2.1130413 2.2084582 1.9360617 1.9360617 2.0171259 1.7788050 2.2149905 2.1549831 1.5498946 2.1054024 2.1598902 2.1669206 2.2980070 2.2173252 2.4225232 2.4520306 2.1472109 2.3012063 2.2877315 2.4233341 2.4011433 2.4104774 2.3104226 2.9379285 2.9645129 4.3501601 2.7725423 2.4168733 2.9742587 2.9742587 2.5792077 2.5792077 3.0152983 3.0152983 2.6125901 2.6125901 2.6921115 2.6921115 3.1501155 3.1501155 2.5873462 2.5873462 3.0142072 3.0142072 2.7381558 2.4190524 2.4190524 2.8587480 8.5110405 2.3536479 
Tcas_TC007817_001                                 1.8200191 1.7847637 1.2498320 1.1601464 0.8000457 0.5302853 1.4160114 1.4160114 1.2698075 1.3952600 1.3933357 1.3921187 1.4638260 1.0902749 1.6970262 0.0000000 1.9776858 1.3811435 1.7443423 1.7015932 1.8183177 1.5157378 1.5867514 1.4449686 1.8941676 1.6445316 1.3147308 1.7580493 1.9049701 1.7963646 1.8779451 1.5618937 1.7428894 1.7946375 1.6254375 1.5037596 2.0990723 1.7324125 1.7243082 2.1143831 2.1485890 2.2481423 1.9950955 1.9942492 2.0343060 1.9932080 2.1626276 2.1366352 2.1366352 2.0258580 1.7697410 2.2213604 2.2509812 1.8651817 2.1628696 2.1806354 2.0804889 2.3719340 2.2194096 2.3716903 2.4200713 2.2837433 2.1938448 2.2638435 2.0606982 2.2550293 2.2316985 1.9314233 2.7600457 2.7426010 4.1404518 2.7496007 2.6671655 2.9910704 2.9910704 2.5998097 2.5998097 3.1075974 3.1075974 2.6917967 2.6917967 2.7344939 2.7344939 3.2606299 3.2606299 2.6404439 2.6404439 3.1378925 3.1378925 2.6834343 2.6258612 2.6258612 2.9702570 7.9378841 2.2625702 
Hsap_ENST00000263245                              1.6796090 1.7490944 1.0159395 1.0649177 0.7753207 0.5287072 1.4706379 1.4706379 1.5981268 1.5609914 1.5087822 1.5005593 1.1259161 1.6583075 1.4132765 1.9776858 0.0000000 1.4711847 1.7615249 1.6690255 1.8312464 1.5371072 1.6670137 1.7651766 2.0483567 1.7285337 1.6166584 1.7051457 1.7904005 1.7402857 1.8306882 1.6704423 1.8128601 1.8946097 1.9774940 1.9358192 2.7505492 2.0163296 2.0361550 2.0920202 2.4655791 2.4537754 2.2715399 2.2701131 2.3224146 2.3379257 2.5452220 1.9794697 1.9794697 2.2408511 2.0676323 2.5110935 2.4993040 1.7700071 2.2483044 2.3067523 2.4947527 2.6583793 2.6276311 2.8876282 2.9411596 2.5652430 2.0583189 2.2785423 2.4448680 2.7239672 2.3415547 2.3767692 2.3929318 2.4449953 3.5056706 2.4109364 2.5550682 3.2143959 3.2143959 2.8173701 2.8173701 3.2552445 3.2552445 2.8510309 2.8510309 2.5766434 2.5766434 2.9548768 2.9548768 2.5062601 2.5062601 2.8650980 2.8650980 2.5310101 2.4192834 2.4192834 2.7380844 8.5056487 2.4468598 
Skow_XM_002740283.2                               1.5705222 1.5899398 1.0434882 0.9170836 0.7003885 0.5832837 1.0106552 1.0106552 1.0600467 1.0972351 0.8776582 0.8725834 1.3510251 1.4466273 1.1647978 1.3811435 1.4711847 0.0000000 1.4532191 1.3957637 1.5176150 1.2586073 1.3914083 1.4341760 1.6221805 1.3271659 1.1852068 1.6016115 1.6181662 1.5324446 1.6554582 1.4056750 1.5874746 1.6807625 1.7194944 1.6019389 2.1830837 1.6684397 1.7305208 2.1181495 2.2209343 2.2214514 2.0042501 2.0058011 2.0342386 2.2037823 2.4206387 1.9912758 1.9912758 2.0452123 1.8762783 2.1741091 2.0920264 1.6719118 1.8665847 2.2800204 2.5667136 2.4753592 2.3053664 2.5994296 2.6266070 2.6148893 2.3508556 2.4008685 2.2498832 2.4752728 2.4226520 1.9939200 3.0411315 3.0786813 4.5402706 2.9779741 2.6126233 3.3096161 3.3096161 2.8917812 2.8917812 3.3847179 3.3847179 2.9523642 2.9523642 2.9721225 2.9721225 3.5182460 3.5182460 2.8647560 2.8647560 3.3759853 3.3759853 3.0989842 2.8073396 2.8073396 3.2251339 8.1053920 2.5533231 
Spis_XP_022780754_1                               2.0229169 1.8972172 1.3346256 1.3244614 0.9630955 0.5485446 1.3137341 1.3137341 1.4989522 1.4395874 1.5739454 1.5703255 1.6453885 1.7589423 1.3924742 1.7443423 1.7615249 1.4532191 0.0000000 0.0435211 0.2012712 0.1780175 0.2343020 0.3501182 0.4680434 0.6900645 1.5187269 1.6262985 1.7401500 1.6250856 1.6911258 1.3046940 1.3309935 1.0644634 1.0194994 0.9384281 1.3673219 1.2110311 1.2402358 2.2247137 2.0613594 2.1264546 1.9097567 1.9091484 1.9309151 1.9599672 2.0281592 1.7139760 1.7139760 1.8008533 1.9383334 2.1984054 2.3086307 1.7656544 2.1983749 2.2998828 2.3670160 2.5307141 2.4438907 2.5425926 2.5555401 2.6133214 2.6394501 2.6235262 2.5262925 2.1936912 2.7929413 2.2410073 2.8800348 2.8760059 3.9379661 2.8585983 2.7346838 2.9581395 2.9581395 2.6122430 2.6122430 3.1064144 3.1064144 2.7284950 2.7284950 2.7844950 2.7844950 3.2566866 3.2566866 2.7030912 2.7030912 3.1514429 3.1514429 2.7598838 2.7736495 2.7736495 2.9796619 6.0982480 2.3278136 
Pocdam_XM_027200282.1                             1.9421420 1.8231418 1.3428867 1.3345943 0.9259251 0.5678808 1.3058018 1.3058018 1.5156359 1.4246921 1.5090935 1.5055330 1.6380833 1.6782899 1.3341521 1.7015932 1.6690255 1.3957637 0.0435211 0.0000000 0.1780135 0.1665365 0.2223332 0.3610283 0.4696225 0.6560594 1.4961898 1.6352934 1.7382775 1.6204288 1.6851164 1.2470167 1.2783797 1.0691521 1.0244351 0.9409275 1.3634086 1.2191737 1.2289537 2.1625600 2.0130369 2.0779136 1.8629862 1.8624856 1.8994840 1.9318922 2.0193034 1.7406112 1.7406112 1.8137670 1.9115654 2.1810991 2.2695333 1.7485258 2.1497540 2.2314160 2.3666893 2.4155293 2.4099984 2.4460504 2.5001754 2.5659775 2.6790186 2.6044500 2.6161044 2.2362869 2.8468199 2.1085928 2.8672734 2.8633004 3.9144357 2.8459530 2.7926994 2.9864515 2.9864515 2.6392266 2.6392266 3.0888575 3.0888575 2.7202857 2.7202857 2.7568055 2.7568055 3.2129763 3.2129763 2.6595734 2.6595734 3.0866761 3.0866761 2.7779918 2.7834505 2.7834505 2.9441819 6.0160609 2.3336499 
Gasp_gasp1.m3.19480.m1                            1.9127490 1.8544910 1.2558906 1.2182700 0.9886017 0.6486411 1.3769116 1.3769116 1.5391196 1.4966679 1.6020889 1.5984572 1.6770556 1.7585006 1.4067146 1.8183177 1.8312464 1.5176150 0.2012712 0.1780135 0.0000000 0.1026945 0.1927250 0.3310071 0.4235280 0.7475043 1.6092583 1.6720231 1.8015436 1.6332136 1.7996335 1.2885985 1.3760532 1.1105240 1.1393079 1.0392978 1.4013125 1.3041570 1.3097236 2.1558880 2.2040475 2.2468217 2.0177961 2.0175452 2.0359251 2.0097328 1.9824159 1.8061916 1.8061916 1.9097079 2.0132874 2.3474950 2.4721001 1.7989350 2.2705688 2.4180240 2.4538225 2.4652951 2.4881320 2.5837770 2.5792751 2.6321571 2.6487142 2.6603920 2.4888929 2.2276565 2.9409512 2.1897231 2.7821490 2.8301410 3.8417113 2.7517720 2.6117255 3.0131526 3.0131526 2.5821820 2.5821820 3.0783925 3.0783925 2.6336908 2.6336908 2.6158290 2.6158290 3.0300950 3.0300950 2.5893760 2.5893760 2.9989396 2.9989396 2.8090515 2.7548730 2.7548730 2.8877978 6.1940825 2.2726791 
Fspp_ffun1.m4.18503.m1                            1.4658592 1.4380896 1.2284359 1.2091643 1.0462986 0.6069475 1.1023756 1.1023756 1.1290284 1.2421912 1.1420506 1.1459597 1.4580490 1.5722998 1.1781968 1.5157378 1.5371072 1.2586073 0.1780175 0.1665365 0.1026945 0.0000000 0.1856878 0.2382293 0.3680286 0.5836599 1.3215200 1.5359054 1.6285213 1.5459507 1.6130275 0.9227570 1.0579696 0.9157371 0.9334799 0.8712358 1.0547606 1.0831653 0.9999468 1.7221292 2.1757998 2.2212246 1.9509394 1.9498431 1.9379036 1.9678890 1.9174395 1.5067412 1.5067412 1.5939354 2.0057907 1.8961175 2.2402621 1.7572963 2.0620651 1.8794028 2.1705489 2.2112607 2.2427127 2.2325807 2.4732592 2.6538209 2.7850586 2.9135751 2.6087762 2.4232280 3.0887733 1.4308339 2.2076917 2.2298310 3.4350527 2.1636946 2.4461306 2.6491212 2.6491212 2.1388661 2.1388661 2.6491212 2.6491212 2.1388661 2.1388661 2.3271624 2.3271624 2.8571542 2.8571542 2.3271624 2.3271624 2.8571542 2.8571542 2.4075337 2.3585369 2.3585369 2.5614267 5.4512060 2.4608513 
Gfas_gfas1.m1.18029.m1                            1.8241720 1.7504076 1.3295781 1.3264929 1.0390693 0.6228801 1.3560328 1.3560328 1.4300475 1.4534711 1.5475905 1.5439544 1.5339951 1.7234593 1.3859909 1.5867514 1.6670137 1.3914083 0.2343020 0.2223332 0.1927250 0.1856878 0.0000000 0.3145229 0.3737131 0.7281241 1.4487071 1.6662670 1.8450492 1.6670483 1.7797992 1.1847366 1.2900452 0.9804360 0.9764276 0.9355028 1.2681852 1.1421371 1.1149403 2.2337354 1.9902845 2.0637361 1.8302021 1.8297616 1.9145760 1.8711624 1.9761392 1.7676355 1.7676355 1.7928230 1.9689398 2.2041884 2.3529141 1.7383544 1.9985878 2.2620247 2.3260931 2.4678464 2.3278886 2.4671196 2.4212763 2.4941800 2.7056693 2.6168544 2.4994099 2.2305086 2.7815496 2.0321513 2.5064126 2.4934511 3.2211048 2.4449995 2.4725537 2.8408657 2.8408657 2.4671605 2.4671605 2.9664204 2.9664204 2.5642559 2.5642559 2.5170002 2.5170002 2.9193989 2.9193989 2.4564820 2.4564820 2.8430861 2.8430861 2.6435237 2.5604699 2.5604699 2.6878115 6.3178251 2.4356745 
Amil_Amillepora05032-RA                           1.6820540 1.6067785 1.1480395 1.1106441 1.0547164 0.5351890 1.1160776 1.1160776 1.4330216 1.3886961 1.4040742 1.3994250 1.4157720 1.6189981 1.3404850 1.4449686 1.7651766 1.4341760 0.3501182 0.3610283 0.3310071 0.2382293 0.3145229 0.0000000 0.2216118 0.8263677 1.4338607 1.6239901 1.6288718 1.5471040 1.6225077 1.2052162 1.2703530 1.0867871 1.0731390 1.0131075 1.2654516 1.2270708 1.0884441 1.8226220 2.0588339 2.0954172 1.8305926 1.8305926 1.8465868 1.8544459 1.8276825 1.5512800 1.5512800 1.6584982 1.9988574 2.0338744 2.1263677 1.8419344 2.0862062 2.2368829 2.3204227 2.3557993 2.1818256 2.3753796 2.3195325 2.4741585 2.4957225 2.4882874 2.3096420 2.2676670 2.9534452 1.7952433 2.4004370 2.3943302 3.5617253 2.3863867 2.3784240 2.6095773 2.6095773 2.2070537 2.2070537 2.7313927 2.7313927 2.2948051 2.2948051 2.4783747 2.4783747 2.9804073 2.9804073 2.3929537 2.3929537 2.8630037 2.8630037 2.5663044 2.3646880 2.3646880 2.5364857 5.8165137 2.3887185 
Adig_XM_015905164.1                               2.0434901 2.1232823 1.4469300 1.1996429 0.9863435 0.4261738 1.4719244 1.4719244 1.6880961 1.5539873 1.7855404 1.7814628 1.8919482 1.8682064 1.6492089 1.8941676 2.0483567 1.6221805 0.4680434 0.4696225 0.4235280 0.3680286 0.3737131 0.2216118 0.0000000 0.9943136 1.6222988 2.0164925 2.1291340 2.0372312 2.1138524 1.5508173 1.5016692 1.4258191 1.2938472 1.2141482 1.7028820 1.5150903 1.4776235 2.5356714 2.3512507 2.4668696 2.2193100 2.2193100 2.2393152 2.2342719 2.4402153 1.9072134 1.9072134 2.0960496 2.5706170 2.7519504 2.7016596 2.2363892 2.7317617 2.6482763 2.7504439 2.8709530 2.7537142 2.9879956 2.9065853 3.1162429 2.9535775 3.0171894 2.7520834 2.7791614 3.7097566 2.2047846 2.8790969 2.8941931 3.9606178 2.8477403 2.9493812 3.3781429 3.3781429 2.8398018 2.8398018 3.5326743 3.5326743 2.9540936 2.9540936 2.9367825 2.9367825 3.4746396 3.4746396 2.8654940 2.8654940 3.3817360 3.3817360 2.9986792 2.8869527 2.8869527 3.3569600 7.3579315 2.9302021 
Exapal_XM_021047028.2                             1.8547555 1.7597039 1.2104752 1.1113970 1.0652940 0.6609800 1.4407439 1.4407439 1.4686889 1.5593212 1.4731694 1.4720982 1.7295159 1.7475519 1.5372085 1.6445316 1.7285337 1.3271659 0.6900645 0.6560594 0.7475043 0.5836599 0.7281241 0.8263677 0.9943136 0.0000000 1.5709914 1.6143434 1.7742519 1.6657522 1.7080591 1.2002450 1.2216521 1.2065252 1.1209990 1.0710843 1.3680528 1.0705331 1.0645483 2.0940707 2.1204362 2.1105345 1.9206870 1.9206870 2.0447684 1.9666602 2.1031089 1.5959878 1.5959878 1.7862859 1.7762862 1.9145180 1.9885996 1.6962377 2.3623725 2.2997607 2.2771394 2.2750234 2.3081583 2.5080695 2.6003400 2.4709374 2.4184463 2.4128292 2.3783548 2.0307134 2.7658001 2.1591789 3.0466956 3.0522729 4.1609943 2.9936144 2.8489556 3.1501433 3.1501433 2.7737314 2.7737314 3.2372420 3.2372420 2.8426315 2.8426315 2.8269044 2.8269044 3.2827384 3.2827384 2.7428747 2.7428747 3.1734067 3.1734067 2.9381147 2.8934782 2.8934782 2.8595305 7.4147594 2.2795122 
Cscu_XM_023380021.1                               1.6466786 1.8036979 0.9653933 1.0037214 0.7668534 0.6780391 0.9412621 0.9412621 0.9764949 1.1543437 1.1771086 1.1699876 1.3427511 1.1554551 1.4279557 1.3147308 1.6166584 1.1852068 1.5187269 1.4961898 1.6092583 1.3215200 1.4487071 1.4338607 1.6222988 1.5709914 0.0000000 1.6424208 1.7302252 1.7114402 1.6332581 1.4895667 1.5909653 1.8000032 1.8099042 1.7389430 2.4294161 1.5948153 1.8562512 2.3094296 2.0238325 2.0810283 1.8141202 1.8112101 1.9004235 1.8488901 1.9433078 1.9412744 1.9412744 1.9752630 1.5583127 2.2758541 2.1816952 1.5753777 1.9009954 2.3852779 2.1136366 2.1552195 2.2970387 2.3802968 2.3188190 2.3827944 2.0258426 2.0177123 1.9133617 2.5286161 2.2596311 1.9261583 2.7927928 2.7905810 4.2304288 2.6987047 2.5237438 3.6337847 3.6337847 2.9615998 2.9615998 3.7897684 3.7897684 3.0735711 3.0735711 2.9238086 2.9238086 3.6502823 3.6502823 2.8018316 2.8018316 3.4779547 3.4779547 2.7523345 2.6589205 2.6589205 3.1533097 7.1328358 2.2338034 
Lcom_lcpid26998                                   1.4084202 1.4034446 1.0279759 0.8769316 1.0163739 0.6415979 1.3882714 1.3882714 1.5108697 1.6640227 1.5400565 1.5287619 1.5755663 1.5400155 1.5021437 1.7580493 1.7051457 1.6016115 1.6262985 1.6352934 1.6720231 1.5359054 1.6662670 1.6239901 2.0164925 1.6143434 1.6424208 0.0000000 0.2959838 0.3173341 0.2797932 1.6715217 1.9916449 1.8477982 1.8084542 1.6725380 2.3358829 1.8770144 1.7296632 1.8222106 2.3166313 2.3279908 2.0943797 2.0785655 2.1317928 1.9919174 2.1034731 1.7602566 1.7602566 1.6520889 1.9517920 2.2257469 2.1698600 1.6803896 2.1510596 1.9422505 2.3080981 2.2646718 2.1864139 2.3579183 2.2266659 2.3452916 2.1699478 2.4064678 2.5089017 2.7938621 2.4384191 1.7811329 2.1828672 2.1951185 3.5483728 2.1872407 2.2967300 2.8784992 2.8784992 2.4580718 2.4580718 2.9346431 2.9346431 2.5003506 2.5003506 2.6365202 2.6365202 3.2074831 3.2074831 2.5881807 2.5881807 3.1417459 3.1417459 2.3858164 2.3674328 2.3674328 2.8148271 7.4749361 2.3472982 
Gracom_Gcom_C546954_01                            1.4221860 1.4430795 1.1208402 0.9898017 1.2098645 0.6870925 1.4288591 1.4288591 1.6423591 1.7573455 1.5446025 1.5331587 1.5749569 1.6841075 1.6073794 1.9049701 1.7904005 1.6181662 1.7401500 1.7382775 1.8015436 1.6285213 1.8450492 1.6288718 2.1291340 1.7742519 1.7302252 0.2959838 0.0000000 0.2588740 0.2641346 1.6896224 1.9432028 1.9575905 1.8735997 1.8045975 2.3947022 1.9821524 1.8081193 1.7485954 2.3983842 2.4223387 2.0757688 2.0601170 2.1297227 1.9852731 2.0240115 1.7519256 1.7519256 1.6131908 1.9788795 2.1356638 2.2739142 1.6669200 2.1737510 1.9828139 2.3814655 2.3249917 2.2440133 2.3761172 2.3435584 2.4341698 2.2108260 2.4061792 2.4598381 2.9033775 2.5746071 1.7260164 2.1458430 2.1580406 3.4447748 2.1596139 2.2082919 2.6582535 2.6582535 2.2832611 2.2832611 2.7112019 2.7112019 2.3234235 2.3234235 2.4588253 2.4588253 2.9919919 2.9919919 2.4129347 2.4129347 2.9299076 2.9299076 2.2858762 2.1508888 2.1508888 2.5310012 7.4612564 2.2780212 
Scil_scict013731.1                                1.4858438 1.4960503 1.0140364 0.8804250 1.0419182 0.7184458 1.3961968 1.3961968 1.4977965 1.7550045 1.4991052 1.4878799 1.5056202 1.5856350 1.4812796 1.7963646 1.7402857 1.5324446 1.6250856 1.6204288 1.6332136 1.5459507 1.6670483 1.5471040 2.0372312 1.6657522 1.7114402 0.3173341 0.2588740 0.0000000 0.2947577 1.6236859 1.8733983 1.8759357 1.7572664 1.6717429 2.2579750 1.8984927 1.6674764 1.7049710 2.3598337 2.3685485 2.0729225 2.0587920 2.1027958 2.0070127 2.0414927 1.7982731 1.7982731 1.5773101 1.8336353 2.0389307 2.1909575 1.4819685 1.9785854 1.7210345 2.2707982 2.2158174 2.1704618 2.2652607 2.2494443 2.3453592 1.9704716 2.1131344 2.2637974 2.7495795 2.5382023 1.6314823 2.1432291 2.1555276 3.4650420 2.1515302 2.2082747 2.7926280 2.7926280 2.3686468 2.3686468 2.8480877 2.8480877 2.4101973 2.4101973 2.5912809 2.5912809 3.2283520 3.2283520 2.5429160 2.5429160 3.1613678 3.1613678 2.3642130 2.1987073 2.1987073 2.6931837 7.5157330 2.3303491 
Leuniv_Lniv_C807002_01                            1.4411685 1.4426224 1.0843974 0.9077282 1.1189556 0.6076976 1.4618264 1.4618264 1.5439138 1.7947048 1.4508081 1.4400744 1.5744066 1.6473081 1.6712646 1.8779451 1.8306882 1.6554582 1.6911258 1.6851164 1.7996335 1.6130275 1.7797992 1.6225077 2.1138524 1.7080591 1.6332581 0.2797932 0.2641346 0.2947577 0.0000000 1.6903014 1.8778789 1.9730268 1.7246901 1.6871156 2.3634581 1.9863685 1.9431237 1.9040890 2.4685970 2.5385910 2.1998554 2.1834312 2.2425492 2.0514912 2.0762112 1.7393608 1.7393608 1.5121730 1.8195878 2.0666234 2.1984592 1.5878906 1.9795489 1.8341603 2.1360841 2.2091055 2.1951305 2.2811390 2.3170094 2.3686410 2.1280966 2.1875606 2.2672131 2.6943864 2.4974954 1.7078725 2.3032675 2.3158195 3.9468415 2.3106393 2.2077658 2.9260320 2.9260320 2.4200567 2.4200567 2.9824916 2.9824916 2.4615149 2.4615149 2.7259772 2.7259772 3.3878880 3.3878880 2.6766419 2.6766419 3.3192757 3.3192757 2.3978741 2.3138874 2.3138874 2.8308123 8.4598446 2.4304409 
Dgig_XM_028553384.1                               1.8017695 1.6911265 1.1574518 1.0306052 0.9737086 0.5876201 1.3752243 1.3752243 1.4389090 1.5956643 1.5902662 1.5921225 1.6680710 1.7204639 1.5888924 1.5618937 1.6704423 1.4056750 1.3046940 1.2470167 1.2885985 0.9227570 1.1847366 1.2052162 1.5508173 1.2002450 1.4895667 1.6715217 1.6896224 1.6236859 1.6903014 0.0000000 0.3892691 1.3304835 1.2768464 1.1983701 1.7049789 1.2577118 1.2699471 2.1513551 2.0906384 2.1186505 1.8989971 1.8989971 1.9334317 1.9643984 2.0688376 1.9374267 1.9374267 2.0652400 1.8592240 2.0528970 1.9267338 1.7538943 2.0251164 2.0512157 2.2861423 2.2121930 2.2183151 2.4010983 2.2320382 2.2097603 2.2097466 2.2383067 2.1242880 2.0608304 2.5174916 2.1460654 2.9416722 3.0005502 4.2506254 2.8361543 2.4824766 2.9293945 2.9293945 2.5267525 2.5267525 2.9457862 2.9457862 2.5419681 2.5419681 2.6910747 2.6910747 3.1454209 3.1454209 2.6435609 2.6435609 3.0862475 3.0862475 2.5857984 2.5054758 2.5054758 2.9677545 6.7381393 2.2905590 
Xesp_008405-T1                                    2.0816507 2.0600340 1.2720078 1.1595683 0.9991254 0.5784273 1.6739955 1.6739955 1.5833462 1.6952550 1.6128637 1.6235976 1.7597683 1.7695999 1.7449309 1.7428894 1.8128601 1.5874746 1.3309935 1.2783797 1.3760532 1.0579696 1.2900452 1.2703530 1.5016692 1.2216521 1.5909653 1.9916449 1.9432028 1.8733983 1.8778789 0.3892691 0.0000000 1.4049038 1.3330324 1.2684003 1.7845982 1.4149476 1.3662848 2.3988198 2.0757914 2.1269409 1.9650551 1.9704715 2.0255074 2.0020450 2.1199854 2.0283149 2.0283149 2.2589325 2.0705954 2.2206395 2.0206316 1.8475569 2.2521323 2.2710727 2.2714816 2.3000433 2.3971891 2.4267195 2.5012121 2.4981380 2.5558702 2.4550477 2.2485314 2.2166448 2.6297902 2.1035630 3.2104547 3.2392945 4.7748548 3.1087108 2.6796789 3.2755868 3.2755868 2.7922421 2.7922421 3.2820111 3.2820111 2.7996716 2.7996716 2.7699198 2.7699198 3.2195916 3.2195916 2.7424434 2.7424434 3.1852678 3.1852678 2.8178052 2.7757189 2.7757189 3.4691983 7.6355909 2.4463219 
Morvir_scaffold144.g23.t1                         2.0122623 2.0249701 1.4662883 1.4633923 1.2428740 0.8199464 1.8147105 1.8147105 1.5366404 1.7115880 1.5848406 1.5837113 1.7834260 1.9172598 1.6347773 1.7946375 1.8946097 1.6807625 1.0644634 1.0691521 1.1105240 0.9157371 0.9804360 1.0867871 1.4258191 1.2065252 1.8000032 1.8477982 1.9575905 1.8759357 1.9730268 1.3304835 1.4049038 0.0000000 0.8876604 0.7776986 1.0772080 0.9652712 0.9890793 2.3503778 1.9811119 2.0052768 1.8855911 1.8854988 1.8862132 1.9340525 2.0340132 1.7940283 1.7940283 1.9094096 2.0340805 2.2525824 2.0175022 1.7356422 2.1440678 2.2650917 2.1222755 2.2912120 2.0502642 2.2986163 2.4193200 2.4004458 2.4565441 2.3858609 2.4430763 1.9049327 2.5918723 2.0504716 2.8409696 2.8894823 3.7552826 2.8189524 2.7626628 2.8343505 2.8343505 2.4634519 2.4634519 2.9354292 2.9354292 2.5429871 2.5429871 2.7872481 2.7872481 3.3063584 3.3063584 2.7520749 2.7520749 3.2640154 3.2640154 2.7363884 2.7861850 2.7861850 3.1513855 6.4278280 2.1552790 
Nemnom_g14081.t1                                  1.8527278 1.8381740 1.2954487 1.3245831 1.1093470 0.6853427 1.5495364 1.5495364 1.4669302 1.6189114 1.6312108 1.6229964 1.8407093 1.7819152 1.7629196 1.6254375 1.9774940 1.7194944 1.0194994 1.0244351 1.1393079 0.9334799 0.9764276 1.0731390 1.2938472 1.1209990 1.8099042 1.8084542 1.8735997 1.7572664 1.7246901 1.2768464 1.3330324 0.8876604 0.0000000 0.1664035 0.6300006 0.9732032 0.9506769 2.3376888 1.9900605 2.0329905 1.8783035 1.8777516 1.8491050 1.8472452 1.9259194 1.8105495 1.8105495 1.8608096 1.8848311 2.4117355 2.2257274 1.6931530 2.3429609 2.1810436 2.1457065 2.6015775 2.4615141 2.2918931 2.4832475 2.4184834 2.4083112 2.4041974 2.2860002 1.9871324 2.2546388 2.1490166 3.1135110 3.1060927 4.2440251 3.0780801 2.7527069 3.0229343 3.0229343 2.6703678 2.6703678 3.1659509 3.1659509 2.7827039 2.7827039 3.0472770 3.0472770 3.6309906 3.6309906 2.9813538 2.9813538 3.5443364 3.5443364 2.9208798 3.1617180 3.1617180 3.4344287 7.1586304 2.2235344 
Rhoesc_Res_002635-T1                              1.8132122 1.7046336 1.2797398 1.2885005 1.0877709 0.6547946 1.3948145 1.3948145 1.4121982 1.5419797 1.5494835 1.5483076 1.6419977 1.6990979 1.5234562 1.5037596 1.9358192 1.6019389 0.9384281 0.9409275 1.0392978 0.8712358 0.9355028 1.0131075 1.2141482 1.0710843 1.7389430 1.6725380 1.8045975 1.6717429 1.6871156 1.1983701 1.2684003 0.7776986 0.1664035 0.0000000 0.5612310 0.9015162 0.8793814 2.3006980 1.9879818 2.0327911 1.8774591 1.8768878 1.7790076 1.8347045 1.9050239 1.7669537 1.7669537 1.7210434 1.9545370 2.3076998 2.1855285 1.6544420 2.2616411 2.0736418 2.1470563 2.5566077 2.3924259 2.3387166 2.3139214 2.3532926 2.2407155 2.2841773 2.2541943 1.9270169 2.2637398 1.9845784 2.9720152 3.0040462 4.2179235 2.8824012 2.6213330 2.9121343 2.9121343 2.5780630 2.5780630 3.0523126 3.0523126 2.6880249 2.6880249 2.9407985 2.9407985 3.5226612 3.5226612 2.8763990 2.8763990 3.4374861 3.4374861 3.0989787 3.0404590 3.0404590 3.3377940 6.6794112 2.1574786 
Sanmal_Sma_017871-T1                              2.5603896 2.5615135 1.8474954 1.8221802 1.5545439 1.2122389 2.0024918 2.0024918 1.9334484 1.9612741 2.0666677 2.0657959 2.3470244 2.1444616 2.1512169 2.0990723 2.7505492 2.1830837 1.3673219 1.3634086 1.4013125 1.0547606 1.2681852 1.2654516 1.7028820 1.3680528 2.4294161 2.3358829 2.3947022 2.2579750 2.3634581 1.7049789 1.7845982 1.0772080 0.6300006 0.5612310 0.0000000 1.2800603 1.1738128 2.8378264 2.6554945 2.6511898 2.8185882 2.8036542 2.7827945 2.7955697 2.9653151 2.3077618 2.3077618 2.2126075 2.1760944 3.0356935 2.7240336 2.3046936 2.8940453 2.6881163 2.8421165 3.2517891 2.9874858 3.2859399 3.2507383 3.4089745 3.0937896 3.0531691 2.6552750 2.3606951 2.7835972 2.7491880 3.8210989 3.7812602 4.5111295 3.6379449 3.5694392 3.7561730 3.7561730 3.3872001 3.3872001 3.8879580 3.8879580 3.4947453 3.4947453 3.4533043 3.4533043 3.7252347 3.7252347 3.3988602 3.3988602 3.6623704 3.6623704 3.6512186 3.8093622 3.8093622 3.9143572 8.5268526 2.6465198 
Hvul_g13193_1                                     1.9300220 1.9556837 1.3770651 1.3438063 1.3397884 0.7104945 1.5603504 1.5603504 1.6440257 1.6888618 1.5744035 1.5605517 1.8161280 1.8042237 1.6911213 1.7324125 2.0163296 1.6684397 1.2110311 1.2191737 1.3041570 1.0831653 1.1421371 1.2270708 1.5150903 1.0705331 1.5948153 1.8770144 1.9821524 1.8984927 1.9863685 1.2577118 1.4149476 0.9652712 0.9732032 0.9015162 1.2800603 0.0000000 0.7530391 2.1775040 2.1483931 2.2523306 2.0469590 2.0372732 2.0212896 2.0060384 2.1115762 1.9192952 1.9192952 1.9645584 2.0971132 2.1606074 2.0931426 1.8056339 2.1793938 2.2230072 2.2260020 2.3908842 2.3360586 2.5453825 2.6371972 2.5412957 2.5296531 2.5466408 2.5712735 2.1513550 2.5697582 2.2056852 2.9508316 2.9345210 3.8718456 2.9125832 2.7271929 3.2215339 3.2215339 2.8164963 2.8164963 3.3844262 3.3844262 2.9421889 2.9421889 2.8175229 2.8175229 3.3366850 3.3366850 2.7361195 2.7361195 3.2303217 3.2303217 2.8766303 2.8706180 2.8706180 3.0116172 7.0449693 2.1977253 
Chem_TCONS_00058744                               2.0156489 2.0563316 1.2365445 1.2929594 1.2465039 0.8673331 1.6661503 1.6661503 1.6512737 1.5977214 1.6396061 1.6244768 1.9048844 1.7553385 1.6310706 1.7243082 2.0361550 1.7305208 1.2402358 1.2289537 1.3097236 0.9999468 1.1149403 1.0884441 1.4776235 1.0645483 1.8562512 1.7296632 1.8081193 1.6674764 1.9431237 1.2699471 1.3662848 0.9890793 0.9506769 0.8793814 1.1738128 0.7530391 0.0000000 2.1398732 2.2524327 2.3026249 2.1218660 2.1096444 2.1559660 2.1237251 2.1686273 1.7985884 1.7985884 1.9668512 1.9810453 2.3853291 2.0395489 1.7863289 2.3057475 2.1667285 2.3178985 2.5024803 2.3864448 2.4030460 2.6477989 2.4808694 2.2713292 2.3033087 2.3882896 2.0868998 2.2818558 2.2734223 2.9928091 2.9893426 3.8062436 2.9548075 2.7183750 3.0094147 3.0094147 2.7337056 2.7337056 3.1626384 3.1626384 2.8574986 2.8574986 2.6254009 2.6254009 3.0425010 3.0425010 2.5731746 2.5731746 2.9767327 2.9767327 2.8012148 2.8713845 2.8713845 2.8415904 7.0979897 2.0168922 
