85
Emue_Em0003g713a.t1                                 0.0000000 0.0000010 0.7829606 1.1982504 1.9438567 1.1931746 0.3068624 2.5593692 1.6525435 2.3981897 2.8644412 2.4345064 2.0238511 2.1227140 2.1705601 2.2024108 0.9653779 2.0659216 2.5790585 2.4905269 0.9136105 1.0489703 2.2207146 2.7569704 1.0527792 2.2677673 2.7210800 3.0131101 1.4382658 2.9858292 3.0172828 2.9779086 2.9438143 3.1301292 3.1205623 2.8305876 2.9353507 1.5731524 2.8641766 2.8730350 3.2975232 3.3445191 2.9085721 2.2211390 3.6442775 0.0000010 2.0932050 2.0975597 3.1439416 3.1659016 6.0290298 3.2923227 1.8832464 1.8022669 4.2274263 3.4074858 3.3371236 3.0617307 2.6275405 2.4537162 4.4425035 3.6729302 3.1893137 2.9991691 3.1340591 2.0610113 2.9743794 2.9743794 2.6570485 2.7499542 2.4383829 4.0071186 3.2739400 3.9580470 2.8367113 2.8533255 3.6133302 4.1512827 4.1223931 4.1949408 3.9410904 3.4060276 2.2939508 2.7931438 4.3105812 
Emue_Em0003g720a.t1                                 0.0000010 0.0000000 0.7829606 1.1530951 1.7010781 1.0452311 0.6088945 2.2009839 1.4044765 2.0811196 2.4257431 2.1137210 1.7564286 1.8264118 2.0138281 1.8151202 0.9069144 1.8116077 2.1333258 2.0828055 1.0574873 1.0182345 1.8139061 2.3171466 1.0079651 1.9428157 2.3505249 2.5595574 1.3014933 2.3782176 2.3995261 2.4244092 2.4108716 2.5271913 2.5207940 2.4391919 2.5130492 1.3596323 2.4243166 2.4588978 3.0130337 2.9984320 2.6052225 2.2211390 3.6442775 1.5983775 1.9339587 1.9353748 2.7313662 2.7500199 2.0028870 2.9120988 1.6992223 1.7701548 4.2399440 3.4107288 3.3371236 3.0617307 2.2365905 2.1708186 3.6525332 3.1363237 2.8228412 2.6490543 2.6369713 1.8737859 2.5372082 2.5372082 2.0607402 2.3081939 2.1078745 3.2972640 2.7149988 3.0050856 2.3520653 2.4928990 3.1028000 3.3945286 3.3694139 3.4945363 3.1232720 3.4060276 2.2939508 2.7885068 3.9072031 
Stycar_maker-SC_scaffold122-snap-gene-0.5-mRNA-1    0.7829606 0.7829606 0.0000000 0.7866164 1.1360023 0.6585047 0.0000010 1.5400981 1.6083240 1.5739381 1.5962950 1.3074943 1.1860121 1.1823123 1.2270819 0.7748380 0.8085101 1.4029951 1.9708152 1.8695412 1.0293845 0.8258662 1.2929952 1.5282027 0.7661266 1.4793561 1.3516460 1.3659778 1.3692166 1.5616645 1.6477046 1.5345712 1.5454539 1.6898559 1.6786498 1.7448491 1.7610037 0.0000010 1.6678028 1.6678028 1.8540944 1.9329850 1.8372378 1.4849772 1.8071536 0.0000010 1.5379358 1.5822152 2.1209408 2.1209408 1.7364622 1.6198083 1.5897060 1.2613886 2.1010282 1.8694144 1.7367434 1.6043437 1.7143070 1.9681158 2.4486465 2.6468427 2.2774819 2.0759954 2.1260853 1.3438672 1.8689627 1.8689627 1.6155609 1.7030769 1.8131821 2.1098364 2.2540780 2.3434130 1.5383970 1.7498078 2.0786394 2.5385038 2.4169875 2.4095462 2.5578163 2.1600994 1.2681190 1.6627230 2.2209657 
Plespi_Pspi_scaffold20190_01                        1.1982504 1.1530951 0.7866164 0.0000000 1.1949875 0.9787591 1.1414737 1.7808745 1.4786441 1.6218668 1.4759860 1.6182043 1.4456375 1.3580775 1.3945559 1.1991790 1.1163500 1.3856308 1.8377736 1.7598150 1.7714684 1.4427501 1.5481241 1.4869838 1.0274335 1.5183343 1.4417221 1.6396286 1.5446797 1.5692890 1.5560634 1.5011656 1.4901228 1.6747661 1.6753302 1.6227915 1.5837819 6.1120890 1.6814629 1.6711412 1.8980655 1.9145665 1.7874452 1.4465373 1.9972820 0.0000010 1.8487700 1.8487700 2.0871947 2.0871947 4.8308908 1.7161263 1.9671449 2.0053579 2.1696724 2.2000253 1.6248409 1.4093569 1.7349774 1.3795141 2.3867399 2.2463105 2.1945473 2.1800165 2.0171143 1.9028582 1.7424728 1.7424728 1.5813754 1.6894988 1.7565023 2.0038111 1.9871061 1.9455842 1.4447523 1.9085733 2.0700495 2.1028001 1.9594484 2.1242395 2.0599848 1.5750302 1.3514198 1.5615171 1.6742618 
Aque_Aqu2.1.23774_001                               1.9438567 1.7010781 1.1360023 1.1949875 0.0000000 0.5083643 0.6016218 2.1833289 1.8260185 2.0963862 1.8727642 1.7956099 1.5915570 1.7280860 1.8076798 1.6185174 0.9317811 1.6337914 2.0450471 1.9662984 1.0354381 1.8906608 1.8868215 1.9827101 1.3208131 1.8359407 1.7631532 2.0103038 1.5649081 2.0780554 2.1158881 2.0421684 2.0531661 2.0333461 2.0318681 1.7824735 1.8091823 1.6230827 1.9924646 2.1778608 2.6835582 2.6002733 2.2347630 1.7269855 2.9421649 1.7182210 1.6765373 1.6460148 2.4819823 2.5077607 2.1081056 2.4362646 1.7047707 1.4994328 3.1563789 2.8067880 3.0750738 2.9184549 2.2069324 1.9351865 3.0933486 2.9338457 2.6591036 2.4316156 1.9618022 1.6798379 2.6509009 2.6516582 1.8928647 1.9725079 2.1270141 2.8303113 2.6644657 2.7661283 1.9144845 1.9595687 2.6019446 2.9572646 2.9733713 3.2425154 2.9533398 3.0970156 2.2434522 3.0403445 2.8899982 
Halamb_c54019_g1_i3m.37132                          1.1931746 1.0452311 0.6585047 0.9787591 0.5083643 0.0000000 0.5458518 1.9723095 1.7337225 1.8566055 1.7188930 1.5537541 1.4065082 1.5024444 1.5791097 1.3975489 1.0606967 1.4294085 1.7784635 1.6947746 0.9730545 1.7770584 1.6159043 1.8086823 1.3547792 1.5724337 1.5146264 1.6607730 1.5490036 1.7416452 1.7897736 1.7599934 1.7761239 1.8569788 1.8531037 1.6300551 1.6498589 1.5507311 1.6923085 1.7452390 1.7516297 1.7495922 1.6223170 1.9076117 2.0152035 1.7564097 1.5542664 1.5542664 2.0590957 2.0590957 2.0339654 2.0310760 1.7577379 1.5146154 2.1117411 1.8991619 1.8958439 1.7902888 1.9479050 1.5678009 2.3714572 2.3572622 2.3224796 1.8908686 1.8039794 1.6860639 2.4108883 2.4117256 1.9868319 1.9239500 2.0224682 2.3393717 2.2852292 2.0986129 1.6596461 1.7953646 2.2561589 2.4491361 2.2840630 2.7285389 2.3383899 2.4039794 1.5091103 2.2855707 1.9310636 
Xestes_maker-XT_scaffold182585-snap-gene-0.4-mRNA-1 0.3068624 0.6088945 0.0000010 1.1414737 0.6016218 0.5458518 0.0000000 1.8133375 1.8133375 1.7793043 1.3109491 1.4258893 0.9355445 1.4507679 1.5652543 1.3753855 0.7565287 0.7615382 1.5441155 1.4044267 0.8528603 1.8851010 1.5130619 1.4432251 1.4921050 1.4905886 1.2787356 1.5101049 1.7595219 1.5479255 1.6110282 1.5625012 1.5684043 1.5942797 1.5942797 1.4644763 1.4717860 1.6323943 1.5852045 1.5056236 1.1632680 1.1955152 1.1955152 0.0000010 0.0000010 1.6068662 1.5490173 1.5490173 2.0236768 2.0236768 1.9895297 2.0148614 1.5403168 1.7741890 1.0054469 2.3436516 0.0000010 0.0000010 1.8755149 0.9295862 2.0377629 1.7308380 2.2455225 1.6422513 1.4011088 1.3169308 2.2448541 2.2460228 1.8698930 1.3529524 2.1638508 2.3373748 2.3058139 1.7411616 1.5513269 1.4288985 2.2453421 2.2177540 2.2213081 2.3491992 2.1260082 0.0000010 0.0000010 8.8829417 1.3265286 
Lcom_lcpid17654                                     2.5593692 2.2009839 1.5400981 1.7808745 2.1833289 1.9723095 1.8133375 0.0000000 0.0269702 1.1679326 2.3262348 2.1374728 1.5834062 1.9463776 2.0102164 2.0286400 1.1571225 1.6183454 2.3108511 2.1763062 0.8443997 2.2762828 2.1208129 2.2576880 1.6878297 2.1029276 2.2817540 2.2873879 1.8656600 2.1247604 2.1575925 2.0982007 2.0980065 2.1770814 2.1858756 2.3643602 2.2602503 2.1063650 2.2928597 2.4494107 2.5269635 2.5224891 2.3219647 2.0142445 3.2298689 1.9573038 1.7646332 1.7439721 2.5540449 2.5803331 2.2636240 2.4638213 1.5613625 1.7088846 2.9233919 2.7709667 2.4479758 2.3169294 1.2076502 2.1694861 3.1262526 2.6650421 2.7003358 2.3976044 2.1903587 2.0128871 2.5495431 2.5502579 2.1779058 1.8944468 2.8149886 2.9841057 2.9279886 2.6407472 2.2608754 2.1833081 2.7462852 2.8933781 3.0570089 2.9994663 3.2134961 2.8773483 2.3156749 2.6242574 2.9594525 
Lcom_lcpid55618                                     1.6525435 1.4044765 1.6083240 1.4786441 1.8260185 1.7337225 1.8133375 0.0269702 0.0000000 0.9319795 1.8627407 1.7361590 1.2475675 1.7609851 1.8443245 1.6385123 1.1594947 1.2782284 2.0705796 1.9155647 0.8443997 2.2890243 1.8403628 1.7573904 1.6878297 1.7912950 1.9296204 1.8467056 1.8409501 1.9216500 1.9407167 1.8911737 1.8967860 1.8786709 1.8890173 1.9894539 1.8578240 2.1063650 1.9163300 1.9675181 1.6619362 1.6977043 1.6977043 1.6554259 1.9829801 1.9573038 1.7618123 1.7618123 2.1804717 2.1804717 2.1939886 2.0893085 1.5613625 1.6767215 1.8659797 2.1220352 2.4797802 2.2306976 0.9833495 1.4436583 2.3844920 2.2638867 2.4460688 1.9800637 1.8155281 1.7351126 2.3716347 2.3725052 2.0331222 1.5525724 2.5033129 2.5107119 2.4431980 2.2238847 1.8905897 1.6929618 2.4667076 2.3528466 2.3877862 2.4549211 2.5154207 1.9984165 1.3055872 1.6634361 1.8211144 
Gracom_Gcom_scaffold13955_01                        2.3981897 2.0811196 1.5739381 1.6218668 2.0963862 1.8566055 1.7793043 1.1679326 0.9319795 0.0000000 2.2604879 2.1205178 1.7072446 2.0553551 2.0654908 1.9749696 1.0898606 1.6675043 2.4370216 2.2385952 0.7944983 2.1518679 1.9968553 2.3641427 1.6738942 2.0902074 1.9952907 2.0688447 1.6663500 2.1794246 2.2022413 2.1631599 2.1605492 2.2069369 2.1996239 2.2576537 2.2779666 1.9437097 2.2124345 2.2325610 2.5121525 2.4977403 2.3820137 1.9972775 2.9551320 1.7074462 1.8212149 1.8067153 2.5696187 2.5782463 2.3641041 2.3568621 1.5040828 1.6317716 3.1452463 2.6880844 2.7229763 2.5637923 0.9444627 2.0841492 3.0573356 2.8161422 2.6069793 2.1918729 2.0460635 1.8100605 2.5713867 2.5721178 2.1717290 1.8410876 2.4818522 3.2246596 2.9732731 2.5779002 2.1256705 2.1727171 2.8917326 2.8291955 3.0211560 2.8151387 2.9744415 2.6728905 2.5776106 2.7295954 3.0740062 
Bralan_BLAG16000699_1                               2.8644412 2.4257431 1.5962950 1.4759860 1.8727642 1.7188930 1.3109491 2.3262348 1.8627407 2.2604879 0.0000000 1.4371328 1.4871110 1.5000008 1.4762152 1.4322505 0.8816132 1.5703340 1.7505755 1.6494305 0.8480936 1.5247754 1.3935887 1.3167703 1.0932774 1.5751539 1.5127549 1.9527415 1.5608897 1.9429304 1.9729428 1.9762456 1.9701045 2.0342204 2.0324064 1.8600831 1.9139180 1.4141672 1.7672621 1.8874155 2.6500750 2.5951512 2.3164002 2.8188372 3.2204816 1.5705337 1.5932237 1.5559799 2.8143208 2.8347136 2.1107788 2.3305982 1.4671114 1.5719029 3.3221840 2.6478094 2.9990950 2.7753278 2.2103600 1.9381180 2.9208678 2.5879066 2.5427194 2.2167831 2.0146312 1.7147644 2.4267561 2.4274273 1.9756864 2.1173055 2.3343867 3.0228746 2.7747888 2.3821354 2.0275325 2.0157404 2.2979790 2.6327205 2.7012798 3.0442847 2.7059212 3.1536725 1.8063269 2.5403299 3.1336072 
Spur_XM_030979979.1                                 2.4345064 2.1137210 1.3074943 1.6182043 1.7956099 1.5537541 1.4258893 2.1374728 1.7361590 2.1205178 1.4371328 0.0000000 1.1402235 1.2052590 1.2065939 1.1246684 0.7095635 1.3151398 1.4517634 1.3801778 0.8631718 1.4676975 1.2761493 1.3211125 1.0255698 1.5095603 1.3261302 1.7447406 1.4219169 1.8235355 1.8555480 1.8414365 1.8412770 1.7662448 1.7730832 1.7659952 1.7137618 1.2426386 1.8134152 2.0090948 2.7152678 2.6949667 2.3053202 2.0539885 3.1275612 1.4229430 1.6190512 1.5793335 2.3977068 2.4160755 1.8874955 2.1871203 1.3126290 1.4098899 3.2802600 3.0026334 2.8466633 2.7298982 2.2297558 1.7377840 2.9591381 2.7524137 2.4067471 2.1282332 1.9238923 1.5619121 2.2744983 2.2769458 1.6296095 1.5977229 1.8324154 2.6942773 2.3383496 2.2336238 1.8054827 1.7439875 2.2998274 2.5384229 2.6222056 2.8630699 2.5386428 2.8566852 1.6783071 2.6907085 2.8231653 
Spis_XP_022792636_1                                 2.0238511 1.7564286 1.1860121 1.4456375 1.5915570 1.4065082 0.9355445 1.5834062 1.2475675 1.7072446 1.4871110 1.1402235 0.0000000 0.3314358 0.3125131 0.2234610 0.5204741 0.7799949 0.5306262 0.5410136 0.6542251 0.7268956 1.2307278 1.2530849 0.6453512 1.3343358 1.2786687 1.4958203 1.2067802 1.4708233 1.5100933 1.5167718 1.5119422 1.5153666 1.5226267 1.5106027 1.5144657 0.8507996 1.4959639 1.6274781 2.4514452 2.4370053 2.1233263 2.0746697 2.7265566 1.5367109 1.6251221 1.5898847 2.2418466 2.2573061 1.6680456 2.0784047 1.4245238 1.5445274 2.9960601 2.7254683 2.4613860 2.3045989 1.6815044 1.5146057 2.2662859 2.1309469 1.9624524 2.0037052 1.5274425 1.3562960 1.9524999 1.9524999 1.3643590 1.5743749 1.6648982 2.1880710 1.9954273 1.9003269 1.5725265 1.6951725 2.0503529 2.3579806 2.3740195 2.4148031 2.3700352 2.3138498 1.5284775 2.0558940 2.5077328 
Gasp_gasp1.m3.18214.m1                              2.1227140 1.8264118 1.1823123 1.3580775 1.7280860 1.5024444 1.4507679 1.9463776 1.7609851 2.0553551 1.5000008 1.2052590 0.3314358 0.0000000 0.2253469 0.3368090 0.5314633 0.8222612 0.5549565 0.5181707 0.6414812 1.4046791 1.2378449 1.2709908 0.9244417 1.4682106 1.2831836 1.6533634 1.5090137 1.6588084 1.6942578 1.6409689 1.6531498 1.6717894 1.6782503 1.5891666 1.6687345 1.1586323 1.5857694 1.6752951 2.4228028 2.3811104 2.0700583 2.0518200 2.6718216 1.5978318 1.7529397 1.7082940 2.3497564 2.3679840 2.1673134 2.2516262 1.4983620 1.6389321 2.9473409 2.8257490 2.2424838 2.1135484 2.0417439 1.4907392 2.5087126 2.2851168 2.1421320 2.0620449 1.5781620 1.3762462 1.9722377 1.9660712 1.4982367 1.5550551 1.8499669 2.5970210 2.2851557 2.1298849 1.6844212 1.8805804 2.1611987 2.6802816 2.7055933 2.7965441 2.5809471 2.3435938 1.4560854 2.0559158 2.5954756 
Fspp_ffun1.m4.12004.m1                              2.1705601 2.0138281 1.2270819 1.3945559 1.8076798 1.5791097 1.5652543 2.0102164 1.8443245 2.0654908 1.4762152 1.2065939 0.3125131 0.2253469 0.0000000 0.3435900 0.5595775 0.8843948 0.5695776 0.5258208 0.7429177 1.4579800 1.2805050 1.3080845 0.9505281 1.5101591 1.2814977 1.6970495 1.6174577 1.7048253 1.7266155 1.7027593 1.7160360 1.6990193 1.7057720 1.7408264 1.7578339 1.2229899 1.6330317 1.7518105 2.5202939 2.5268738 2.1886054 2.0808640 2.6329512 1.5447966 1.6995628 1.6585819 2.3988681 2.4219816 2.3157601 2.3159739 1.5639633 1.6181096 3.0817377 2.7702661 2.3881184 2.2521050 2.0305678 1.6309895 2.7059082 2.4351769 2.2490958 2.2358458 1.6624864 1.4343345 2.0731919 2.0665513 1.5248997 1.6400224 1.8723396 2.6579498 2.5034957 2.2507900 1.8338148 1.9808263 2.2804610 2.7154774 2.7828302 2.8544938 2.7642154 2.3185667 1.5361353 2.1168076 2.6212726 
Pocdam_XM_027182227.1                               2.2024108 1.8151202 0.7748380 1.1991790 1.6185174 1.3975489 1.3753855 2.0286400 1.6385123 1.9749696 1.4322505 1.1246684 0.2234610 0.3368090 0.3435900 0.0000000 0.4669295 0.8403409 0.6042381 0.5322734 0.6829377 1.3194447 1.2693413 1.1604111 0.8912774 1.3962964 1.1515709 1.5306450 1.4836318 1.5158086 1.5656040 1.5202374 1.5118923 1.5247106 1.5314333 1.5842124 1.6623344 1.1897601 1.5268456 1.6335777 2.3458649 2.3207478 1.9437675 2.0755877 2.8048520 1.4320243 1.5724269 1.5724269 2.2541052 2.2574116 2.0172677 2.1850938 1.4159255 1.5043316 2.7619129 2.7442148 2.2819279 2.1036012 2.0298886 1.3419930 2.1605966 2.1768478 2.0187999 1.8536198 1.4161530 1.3740315 1.8501955 1.8434801 1.4873985 1.4425403 1.7167793 2.0626490 2.1365776 1.7938327 1.5298470 1.7617121 2.2140451 2.3397352 2.3735400 2.4651371 2.2646475 2.5490720 1.6242233 2.4665561 2.1429499 
Exapal_XM_028659402.1                               0.9653779 0.9069144 0.8085101 1.1163500 0.9317811 1.0606967 0.7565287 1.1571225 1.1594947 1.0898606 0.8816132 0.7095635 0.5204741 0.5314633 0.5595775 0.4669295 0.0000000 0.0030526 0.6302860 0.6590672 0.6814414 0.6998104 0.7036512 0.8118532 0.7316018 0.9156755 0.8075068 0.8125275 1.1100414 0.8394360 0.8848235 0.8707444 0.8824739 0.8431802 0.8393058 0.9082290 0.9189699 1.0235804 0.9825250 0.9989300 1.3983705 1.3295108 1.3295108 1.7449581 1.7381933 1.4027537 1.3586164 1.3586164 1.4425474 1.4425474 1.3575402 1.3066337 1.3800735 1.4312242 1.7610388 1.8158590 1.1810223 0.9734412 1.1650287 0.7458939 1.2909121 1.4040953 1.3162339 1.3781048 1.1778604 1.1691527 1.2991849 1.2991849 1.0201907 1.2236215 1.1114167 1.5158505 1.4946904 1.1494573 1.0247446 1.1611994 1.4767095 1.4478523 1.3532904 1.4682189 1.5309190 0.9004544 0.5437674 1.1290411 1.0609745 
Exapal_XM_028659403.1                               2.0659216 1.8116077 1.4029951 1.3856308 1.6337914 1.4294085 0.7615382 1.6183454 1.2782284 1.6675043 1.5703340 1.3151398 0.7799949 0.8222612 0.8843948 0.8403409 0.0030526 0.0000000 1.0214777 1.0156810 0.6814414 0.6704781 1.3176535 1.4031529 0.7010375 1.4811719 1.3571887 1.5192643 1.0697632 1.4419829 1.4616820 1.5148904 1.5029942 1.5419099 1.5384218 1.4319151 1.4303402 0.9587192 1.5504919 1.6012540 2.4762613 2.4147153 2.1093894 2.2983729 3.0131116 1.3041574 1.5327883 1.4952731 2.3740201 2.3999278 1.4235909 2.1408620 1.3800735 1.4791452 3.1956406 2.8082438 2.3066765 2.1293563 1.7961785 1.4709798 2.6807427 2.3739142 2.1375652 2.1599876 1.7946273 1.4424490 2.0062681 2.0062681 1.3552291 1.6929892 1.7430240 2.3645746 2.2381412 2.0852512 1.5893857 1.7670788 2.1992208 2.6612122 2.5118566 2.7109422 2.6292618 2.1248771 1.5276575 2.2902859 2.3084703 
Amil_Amillepora10194-RA                             2.5790585 2.1333258 1.9708152 1.8377736 2.0450471 1.7784635 1.5441155 2.3108511 2.0705796 2.4370216 1.7505755 1.4517634 0.5306262 0.5549565 0.5695776 0.6042381 0.6302860 1.0214777 0.0000000 0.0542980 0.6419798 1.3935562 1.5364685 1.4901808 1.1509192 1.8128602 1.5193656 1.8764510 1.6904340 1.8991755 1.9681570 1.9076295 1.9014967 1.9726452 1.9809718 1.9867574 2.0922146 1.3488834 1.8759507 1.9835523 2.9489114 2.8530790 2.5578637 3.1363312 3.4131201 1.6675564 1.9408879 1.8910047 2.7804232 2.7967251 2.2648002 2.5072302 1.4000289 1.7173126 3.8073110 3.2992401 3.2562420 3.3805926 2.3518736 1.8793059 2.9359370 2.7113391 2.5710626 2.3449290 1.8457217 1.5093932 2.1581817 2.1564277 1.7902370 1.7145543 2.1141038 2.8752499 2.6144943 2.4670376 2.0356924 2.1422806 2.4219691 2.9661305 2.9073804 3.1723700 2.7149506 2.8935045 2.2006072 2.9591707 3.1128486 
Adig_XM_015910857.1                                 2.4905269 2.0828055 1.8695412 1.7598150 1.9662984 1.6947746 1.4044267 2.1763062 1.9155647 2.2385952 1.6494305 1.3801778 0.5410136 0.5181707 0.5258208 0.5322734 0.6590672 1.0156810 0.0542980 0.0000000 0.6414552 1.3627312 1.4559436 1.4187739 1.0890216 1.7258723 1.4500041 1.8004866 1.6333626 1.8008023 1.8449613 1.8010567 1.7956424 1.8676180 1.8750453 1.9061839 1.9676852 1.1949221 1.7539132 1.9621870 2.9818289 2.8883919 2.6211032 3.1717559 3.4341175 1.5539956 1.9006015 1.8549274 2.6697768 2.6847719 2.0418363 2.4322081 1.4532708 1.7761174 3.8229641 3.3046043 3.5474606 3.2665335 2.2070942 1.8716510 2.8649234 2.6845238 2.5021609 2.4242293 1.8809475 1.5729032 2.0679700 2.0614940 1.7359658 1.7680823 2.0125419 2.8026769 2.5596203 2.3084066 2.0028886 2.1198396 2.4052205 2.8301391 2.8015680 3.0347746 2.6408814 2.9561651 2.1135874 2.8478992 2.9647862 
Clacor_Ccor_C505845_01                              0.9136105 1.0574873 1.0293845 1.7714684 1.0354381 0.9730545 0.8528603 0.8443997 0.8443997 0.7944983 0.8480936 0.8631718 0.6542251 0.6414812 0.7429177 0.6829377 0.6814414 0.6814414 0.6419798 0.6414552 0.0000000 0.7448877 0.9143531 0.8969592 0.8374448 0.9431725 0.9882653 0.8283967 0.9675228 1.0523244 1.0985785 1.0196784 1.0247242 0.9990493 0.9990493 1.0213875 1.0994549 0.8716765 1.0218368 1.0218368 1.3194886 1.2877345 1.2877345 1.4081144 1.6081220 0.7361690 1.2291453 1.2291453 1.3570132 1.3570132 1.0062535 1.1903261 1.2929992 1.3543617 2.1268758 2.5252357 0.0000010 0.0000010 0.7410213 0.8371520 1.6449971 1.5645755 1.3459050 1.4695323 1.1159804 1.2007289 1.1164647 1.1164647 1.2139077 1.2374361 1.3903035 1.4946388 1.3092007 1.0086323 1.0806048 1.1243768 1.3996767 1.2810325 1.2463354 1.4877212 1.1490292 0.0000010 0.0000010 1.5174430 0.7680419 
Skow_XM_006819736.1                                 1.0489703 1.0182345 0.8258662 1.4427501 1.8906608 1.7770584 1.8851010 2.2762828 2.2890243 2.1518679 1.5247754 1.4676975 0.7268956 1.4046791 1.4579800 1.3194447 0.6998104 0.6704781 1.3935562 1.3627312 0.7448877 0.0000000 1.4463074 1.4709157 1.7042493 1.7170380 1.6552958 1.7816963 2.3033436 2.0062376 2.0354525 1.9445238 1.9516540 2.1716506 2.1716506 1.8252580 1.8848482 1.9919488 1.8356515 1.4398227 1.4615067 1.4380126 1.4380126 2.5966375 1.9364993 1.3397551 1.6675604 1.6675604 2.9556800 2.9556800 2.8823434 2.5848116 1.4413077 1.5853365 2.1436537 2.8809450 0.0000010 0.0000010 2.2559248 1.0357096 2.5871729 2.2202856 2.6080325 1.8768077 1.3273782 1.4197847 2.4392042 2.4392042 2.2438432 1.2946476 2.2159198 2.6658809 2.5864957 2.2716830 1.2658172 1.4764887 2.7939754 2.2853257 2.1891747 2.7038590 2.4256788 1.3856795 3.5159434 2.3061921 1.1498075 
Cgig_XM_011434244.3                                 2.2207146 1.8139061 1.2929952 1.5481241 1.8868215 1.6159043 1.5130619 2.1208129 1.8403628 1.9968553 1.3935887 1.2761493 1.2307278 1.2378449 1.2805050 1.2693413 0.7036512 1.3176535 1.5364685 1.4559436 0.9143531 1.4463074 0.0000000 0.9972613 1.0360851 1.3603680 1.4181819 1.8164921 1.4531759 1.7425633 1.8054223 1.7938482 1.8007598 1.8070327 1.8054451 1.7228556 1.8175558 1.4212186 1.8206511 1.9663724 2.7600573 2.6727617 2.4324915 2.0084845 2.9388437 1.2874661 1.6959477 1.6703685 2.6375713 2.6655595 2.1571094 2.2805660 1.4218203 1.5150694 3.4439968 3.0241300 2.6347595 2.4650954 2.1213009 1.6548914 2.7125472 2.4585688 2.2002643 2.0040076 1.6553171 1.4394820 2.2202873 2.2284359 1.6404791 1.5079478 1.8622097 2.5496724 2.2542613 2.1263697 1.7976718 1.7384789 2.0840387 2.5352404 2.5857597 2.8836628 2.6880628 2.5307527 1.5607763 2.5330077 2.8706606 
Acagra_model.g10638.t1                              2.7569704 2.3171466 1.5282027 1.4869838 1.9827101 1.8086823 1.4432251 2.2576880 1.7573904 2.3641427 1.3167703 1.3211125 1.2530849 1.2709908 1.3080845 1.1604111 0.8118532 1.4031529 1.4901808 1.4187739 0.8969592 1.4709157 0.9972613 0.0000000 1.1141007 1.4474778 1.3304238 1.8437667 1.5328858 1.8915017 1.9209034 1.8481956 1.8626418 1.8778307 1.8850832 1.7851658 1.7602833 1.2874787 1.7899664 2.0386824 2.7489687 2.6678185 2.4224719 2.3118318 3.2557922 1.3054420 1.5693833 1.5541934 2.5717161 2.5672413 2.0529262 2.4118897 1.2820926 1.4428044 3.5255033 2.9147729 3.0048377 2.7910075 2.3176463 1.8314711 2.9011950 2.7731761 2.4490520 2.4688166 1.7042144 1.6115096 2.2448670 2.2454174 1.5964987 1.7298704 2.0208730 2.7494994 2.4775953 2.3108916 1.8804217 2.0282472 2.2649063 2.7358918 2.7183055 2.8944146 2.9275495 2.9334372 1.8040091 2.4848757 2.8299331 
Dgig_XM_028544027.1                                 1.0527792 1.0079651 0.7661266 1.0274335 1.3208131 1.3547792 1.4921050 1.6878297 1.6878297 1.6738942 1.0932774 1.0255698 0.6453512 0.9244417 0.9505281 0.8912774 0.7316018 0.7010375 1.1509192 1.0890216 0.8374448 1.7042493 1.0360851 1.1141007 0.0000000 1.1103196 1.1812301 1.2483169 1.4211441 1.3095896 1.3356994 1.3049824 1.3084543 1.3437118 1.3419352 1.1369068 1.1690019 1.5246658 1.1774465 0.9841134 1.0728135 1.0630328 1.0630328 1.0618405 1.2272198 1.5685089 1.4683743 1.4683743 1.8527548 1.8527548 2.2035697 1.6529048 1.3673149 1.4904093 1.1022919 1.4643715 0.7375796 0.6926577 1.7396676 0.3560729 1.8573340 1.7479893 1.7491292 1.2656972 0.9943162 1.1040830 1.6261194 1.6265220 1.3054239 0.9885651 1.4987571 1.9534784 1.8931853 1.4408304 1.0952221 1.2843730 1.6712163 1.7913398 1.6803029 1.7865772 1.9211962 0.5331093 0.4505530 0.7963431 1.0482399 
Cscu_XM_023362440.1                                 2.2677673 1.9428157 1.4793561 1.5183343 1.8359407 1.5724337 1.4905886 2.1029276 1.7912950 2.0902074 1.5751539 1.5095603 1.3343358 1.4682106 1.5101591 1.3962964 0.9156755 1.4811719 1.8128602 1.7258723 0.9431725 1.7170380 1.3603680 1.4474778 1.1103196 0.0000000 1.3940671 1.8931868 1.4791285 1.9926127 2.0324759 1.9600753 1.9423226 2.0112202 2.0191244 1.9223365 1.8437073 1.6021233 1.8048967 1.9447048 2.5192925 2.4250431 2.1586652 2.2540531 3.0574108 1.5473319 1.6731315 1.6351546 2.4082474 2.4121491 1.9580842 2.2209981 1.6673406 1.4358058 3.2485251 2.7107505 3.3642934 3.0810773 1.9949890 1.8648678 3.2583663 2.9852116 2.4665833 2.2958357 1.9146918 1.5787161 2.4430802 2.4437367 1.8659035 1.8208240 2.0447154 2.8349218 2.6005169 2.4953041 1.8119802 1.9032493 2.4789193 2.8560398 3.0014125 2.9971876 2.8996401 2.4479637 1.6771178 2.0689094 2.6336401 
Hsap_ENST00000255078                                2.7210800 2.3505249 1.3516460 1.4417221 1.7631532 1.5146264 1.2787356 2.2817540 1.9296204 1.9952907 1.5127549 1.3261302 1.2786687 1.2831836 1.2814977 1.1515709 0.8075068 1.3571887 1.5193656 1.4500041 0.9882653 1.6552958 1.4181819 1.3304238 1.1812301 1.3940671 0.0000000 1.6151560 1.4379645 1.7407070 1.7464560 1.7385379 1.7325417 1.7101708 1.7073752 1.8302851 1.8412811 1.2871202 1.7847966 1.9916108 2.7422276 2.6788755 2.3642557 1.9677477 2.9179241 1.6548701 1.6876051 1.6496578 2.5382249 2.5382249 1.9918654 2.0989928 1.7480584 1.6462328 3.0522557 2.6964204 2.8220883 2.6162221 2.2206258 1.9756077 2.8536094 2.5642556 2.2760033 2.1370660 1.7177526 1.3865220 2.1886810 2.1910970 1.6577810 1.6196396 2.1144501 2.6459487 2.5091692 2.2422167 1.9531037 1.9834336 2.2518185 2.5398315 2.7531584 2.6658255 2.6216582 2.7041939 1.8001676 2.0585293 2.7047807 
Plajan_Pjan_C570436_01                              3.0131101 2.5595574 1.3659778 1.6396286 2.0103038 1.6607730 1.5101049 2.2873879 1.8467056 2.0688447 1.9527415 1.7447406 1.4958203 1.6533634 1.6970495 1.5306450 0.8125275 1.5192643 1.8764510 1.8004866 0.8283967 1.7816963 1.8164921 1.8437667 1.2483169 1.8931868 1.6151560 0.0000000 1.4898376 2.0536371 2.0683161 2.0515201 2.0544903 2.0305902 2.0387128 2.0174184 1.9909074 1.7010342 2.0353863 2.1389590 2.6388394 2.5669394 2.1909000 1.7526386 2.9400077 1.5022291 1.6423114 1.6250328 2.3716203 2.3764964 1.7623961 2.2122971 1.3247798 1.3985754 3.3724101 2.7147827 3.2036285 2.9605956 2.2781797 2.0318013 2.5972976 2.5041825 2.3214489 2.1500553 1.6920275 1.6457619 2.3531792 2.3557622 1.8545196 1.7605648 1.9728314 2.6376715 2.6624382 2.3893558 2.0819890 1.8627984 2.4115382 2.7503085 2.8524032 2.7653961 2.6785255 3.0566940 2.4839253 2.7373191 2.9940149 
Chem_TCONS_00059404                                 1.4382658 1.3014933 1.3692166 1.5446797 1.5649081 1.5490036 1.7595219 1.8656600 1.8409501 1.6663500 1.5608897 1.4219169 1.2067802 1.5090137 1.6174577 1.4836318 1.1100414 1.0697632 1.6904340 1.6333626 0.9675228 2.3033436 1.4531759 1.5328858 1.4211441 1.4791285 1.4379645 1.4898376 0.0000000 1.5656627 1.6202711 1.6327230 1.6291803 1.5355700 1.5320547 1.3482362 1.3050196 1.6850972 1.3133355 1.1127068 1.2151054 1.2446552 1.2429927 1.6293015 1.6700383 1.7391249 1.5846774 1.5846774 1.8646886 1.8646886 1.9866903 1.7069889 1.6132549 1.5341264 1.7412189 1.6448564 1.2437070 1.1391892 1.7762191 1.2172253 2.1101483 1.9267741 1.8282692 1.6361549 1.2963956 1.3614453 2.0504484 2.0410918 1.8304453 1.3359227 1.9215032 1.9968829 1.9578291 1.7263148 1.3048050 1.4926599 1.9727329 1.9361042 1.8935599 2.1900460 1.9738005 0.7817377 1.0455178 1.4803758 1.0523568 
HoiH23_PlH23_002330-RA                              2.9858292 2.3782176 1.5616645 1.5692890 2.0780554 1.7416452 1.5479255 2.1247604 1.9216500 2.1794246 1.9429304 1.8235355 1.4708233 1.6588084 1.7048253 1.5158086 0.8394360 1.4419829 1.8991755 1.8008023 1.0523244 2.0062376 1.7425633 1.8915017 1.3095896 1.9926127 1.7407070 2.0536371 1.5656627 0.0000000 0.0596910 0.1590560 0.1621576 0.3842415 0.3819113 1.8642190 1.8593566 1.5488431 1.9177147 2.0299461 2.8619687 2.7095724 2.4587133 2.2001244 3.6805058 1.4029318 1.7913471 1.7792606 2.7167647 2.7236676 2.0568077 2.3763522 1.8898661 1.5878236 3.4794436 3.1150955 3.0096179 2.8498094 2.4541335 1.8274427 3.0810771 2.8913800 2.7021064 2.3180014 1.9475374 1.6046242 2.4652869 2.4659570 1.7106041 1.8264137 2.0986326 2.9042582 2.7763057 2.3808080 2.0152848 2.1099136 2.7142064 3.1102665 3.0466762 3.1119414 2.9418700 2.6346046 2.0893661 3.1768807 2.3130478 
HoiH06_mRNA5949                                     3.0172828 2.3995261 1.6477046 1.5560634 2.1158881 1.7897736 1.6110282 2.1575925 1.9407167 2.2022413 1.9729428 1.8555480 1.5100933 1.6942578 1.7266155 1.5656040 0.8848235 1.4616820 1.9681570 1.8449613 1.0985785 2.0354525 1.8054223 1.9209034 1.3356994 2.0324759 1.7464560 2.0683161 1.6202711 0.0596910 0.0000000 0.1482459 0.1511547 0.3909211 0.3885548 1.9033181 1.8898129 1.5169996 1.8692292 1.9657612 2.9604464 2.8123531 2.5861557 2.2948345 3.6772178 1.4259534 1.8648393 1.8615457 2.7583729 2.7736541 2.1141592 2.4651733 1.9570977 1.6413354 3.5017859 3.1365687 3.1099019 2.9385781 2.4160615 1.8703939 3.0916392 2.9581238 2.7665723 2.4010264 1.9841850 1.6823337 2.4734190 2.4740956 1.7162683 1.8616859 2.1315828 3.0064703 2.8204880 2.4223962 2.0796546 2.1335318 2.7785849 3.0631135 3.0758314 3.1530494 3.0435470 2.6834175 2.0645565 3.1947193 2.3085901 
Hhon_g01695.t1                                      2.9779086 2.4244092 1.5345712 1.5011656 2.0421684 1.7599934 1.5625012 2.0982007 1.8911737 2.1631599 1.9762456 1.8414365 1.5167718 1.6409689 1.7027593 1.5202374 0.8707444 1.5148904 1.9076295 1.8010567 1.0196784 1.9445238 1.7938482 1.8481956 1.3049824 1.9600753 1.7385379 2.0515201 1.6327230 0.1590560 0.1482459 0.0000000 0.0167265 0.3800492 0.3777443 1.8584373 1.8500949 1.4258374 1.8628167 1.9946293 2.8058406 2.6891718 2.4817236 2.2663453 3.5412128 1.4202382 1.8235134 1.8199527 2.6449227 2.6511040 2.0246539 2.4045505 1.8726205 1.6559611 3.3749372 3.0864009 2.8408835 2.6986044 2.4119745 1.8289956 3.0586519 2.7752088 2.6760757 2.3674381 1.9943661 1.6751223 2.3531181 2.3537307 1.6959481 1.8039121 2.0840703 2.9359145 2.7796329 2.4789016 1.9486558 2.0542203 2.6999423 3.0190083 3.1132470 3.1049932 3.0227262 2.5877300 2.0075417 3.0601068 2.4104922 
HoiH04_mRNA267                                      2.9438143 2.4108716 1.5454539 1.4901228 2.0531661 1.7761239 1.5684043 2.0980065 1.8967860 2.1605492 1.9701045 1.8412770 1.5119422 1.6531498 1.7160360 1.5118923 0.8824739 1.5029942 1.9014967 1.7956424 1.0247242 1.9516540 1.8007598 1.8626418 1.3084543 1.9423226 1.7325417 2.0544903 1.6291803 0.1621576 0.1511547 0.0167265 0.0000000 0.3825053 0.3801969 1.8617072 1.8451384 1.4468439 1.8590506 1.9864097 2.8272346 2.7090838 2.5043210 2.2499861 3.5503233 1.4202382 1.8222651 1.8186957 2.6335919 2.6404421 2.0244550 2.3821006 1.8539973 1.6566663 3.3466203 3.0739835 2.7612258 2.6260596 2.3886753 1.8215562 3.0551949 2.7638297 2.6566381 2.3306532 1.9620671 1.6404206 2.3620431 2.3626599 1.6860958 1.7985819 2.0548841 2.9200373 2.8162906 2.4782833 1.9427541 2.0548548 2.6493793 3.0150246 3.0769428 3.0946382 3.0114812 2.5549523 1.9583862 3.0812157 2.4392892 
TrH2_TrispH2_010904-RA                              3.1301292 2.5271913 1.6898559 1.6747661 2.0333461 1.8569788 1.5942797 2.1770814 1.8786709 2.2069369 2.0342204 1.7662448 1.5153666 1.6717894 1.6990193 1.5247106 0.8431802 1.5419099 1.9726452 1.8676180 0.9990493 2.1716506 1.8070327 1.8778307 1.3437118 2.0112202 1.7101708 2.0305902 1.5355700 0.3842415 0.3909211 0.3800492 0.3825053 0.0000000 0.0010958 1.8888891 1.8636102 1.5565159 1.8985856 2.0800463 2.6193474 2.5223518 2.3143307 2.1022132 3.2544427 1.3214882 1.6094789 1.5941192 2.6281607 2.6376397 2.0765459 2.3792361 1.6925467 1.5894735 3.5033452 2.8381355 3.0729317 2.9211494 2.5122152 1.9135239 3.0215206 2.8214266 2.6964157 2.3118845 1.9739165 1.6531302 2.3898817 2.3905094 1.7304742 1.7473276 2.1154471 2.7821513 2.7519559 2.5194461 1.9752179 2.0595441 2.6335723 2.9352240 3.0803139 3.0685897 2.9917802 2.9478891 2.1332226 2.8809467 2.4914024 
Tadh_wf_g119.t1                                     3.1205623 2.5207940 1.6786498 1.6753302 2.0318681 1.8531037 1.5942797 2.1858756 1.8890173 2.1996239 2.0324064 1.7730832 1.5226267 1.6782503 1.7057720 1.5314333 0.8393058 1.5384218 1.9809718 1.8750453 0.9990493 2.1716506 1.8054451 1.8850832 1.3419352 2.0191244 1.7073752 2.0387128 1.5320547 0.3819113 0.3885548 0.3777443 0.3801969 0.0010958 0.0000000 1.8871757 1.8709688 1.5565159 1.8968947 2.0775953 2.6152511 2.5185256 2.3100232 2.0957145 3.2495963 1.3214882 1.6067486 1.5913968 2.6240057 2.6334828 2.0731460 2.3773349 1.6925467 1.5869131 3.4980529 2.8341797 3.0729317 2.9078146 2.5078752 1.9111862 3.0188462 2.8187443 2.7081770 2.3095139 1.9663043 1.6513094 2.3999714 2.4006049 1.7387413 1.7585796 2.1113525 2.7952345 2.7648851 2.5191132 1.9730374 2.0531189 2.6312782 2.9491911 3.0748046 3.0839485 3.0064247 2.9478891 2.1255500 2.8710171 2.5089443 
Nemnom_g2700.t1                                     2.8305876 2.4391919 1.7448491 1.6227915 1.7824735 1.6300551 1.4644763 2.3643602 1.9894539 2.2576537 1.8600831 1.7659952 1.5106027 1.5891666 1.7408264 1.5842124 0.9082290 1.4319151 1.9867574 1.9061839 1.0213875 1.8252580 1.7228556 1.7851658 1.1369068 1.9223365 1.8302851 2.0174184 1.3482362 1.8642190 1.9033181 1.8584373 1.8617072 1.8888891 1.8871757 0.0000000 0.3091956 0.5412147 1.0098109 1.1579286 2.7704851 2.7148371 2.5193637 2.4998927 3.2283876 1.5326391 1.8426574 1.8197842 2.7677848 2.7677848 2.1118848 2.3491341 1.6295379 1.5602440 3.4119029 3.0957456 3.0458905 2.8998763 2.3555602 1.7489194 3.1179440 2.8835328 2.6088632 2.4351489 1.7984111 1.6945437 2.4829693 2.4857374 2.0711004 1.9023034 2.3749008 3.2245522 2.8015283 2.2274211 1.4842484 2.0399921 2.9136777 2.6000140 2.6373681 2.7857336 3.1577534 1.1098704 1.9014519 3.0517690 2.3795850 
Rhoesc_Res_003813-T1                                2.9353507 2.5130492 1.7610037 1.5837819 1.8091823 1.6498589 1.4717860 2.2602503 1.8578240 2.2779666 1.9139180 1.7137618 1.5144657 1.6687345 1.7578339 1.6623344 0.9189699 1.4303402 2.0922146 1.9676852 1.0994549 1.8848482 1.8175558 1.7602833 1.1690019 1.8437073 1.8412811 1.9909074 1.3050196 1.8593566 1.8898129 1.8500949 1.8451384 1.8636102 1.8709688 0.3091956 0.0000000 0.5451290 0.9787055 1.1324121 2.6736704 2.6334884 2.5129844 2.5629545 3.0561315 1.3909159 1.8848575 1.8617989 2.6274804 2.6274804 2.2952644 2.3691549 1.7554718 1.5945015 3.0819745 3.1660883 2.7034367 2.6204100 2.3150722 1.6916629 2.9982854 2.6690621 2.4131359 2.4916680 1.8618794 1.6797637 2.5445172 2.5472783 2.0077474 1.8549635 2.3657896 3.1672308 2.9229676 2.2035303 1.5037222 2.0728006 2.8779826 2.5330261 2.6288952 2.6957545 3.1215692 1.0877457 2.0734068 2.7874347 2.3193206 
Aaur_scaffold2082.g3.t1                             1.5731524 1.3596323 0.0000010 6.1120890 1.6230827 1.5507311 1.6323943 2.1063650 2.1063650 1.9437097 1.4141672 1.2426386 0.8507996 1.1586323 1.2229899 1.1897601 1.0235804 0.9587192 1.3488834 1.1949221 0.8716765 1.9919488 1.4212186 1.2874787 1.5246658 1.6021233 1.2871202 1.7010342 1.6850972 1.5488431 1.5169996 1.4258374 1.4468439 1.5565159 1.5565159 0.5412147 0.5451290 0.0000000 0.6306306 0.7704112 2.8392396 1.8897809 1.8897809 0.0000010 1.3445565 1.3678666 1.7678074 1.7678074 2.2053900 2.2053900 2.1645807 2.1647998 1.5871063 1.4398119 1.5584285 2.5692363 0.0000010 0.0000010 2.0879737 1.0473565 2.6182411 2.5037983 2.0378738 1.8831250 1.3638108 1.3630145 2.3565472 2.3627146 1.9315412 1.2955167 1.9771637 2.6813459 2.4221091 1.7386516 1.2117423 1.8444567 2.4495836 2.0800772 2.0497669 2.0902203 2.3938670 0.0000010 0.0000010 0.0000010 0.7755085 
Sanmal_Sma_022496-T1                                2.8641766 2.4243166 1.6678028 1.6814629 1.9924646 1.6923085 1.5852045 2.2928597 1.9163300 2.2124345 1.7672621 1.8134152 1.4959639 1.5857694 1.6330317 1.5268456 0.9825250 1.5504919 1.8759507 1.7539132 1.0218368 1.8356515 1.8206511 1.7899664 1.1774465 1.8048967 1.7847966 2.0353863 1.3133355 1.9177147 1.8692292 1.8628167 1.8590506 1.8985856 1.8968947 1.0098109 0.9787055 0.6306306 0.0000000 0.0500219 2.7297817 2.6945552 2.5241840 2.3333049 3.2705931 1.4175790 1.6851655 1.6489903 2.6104406 2.6348537 2.1156672 2.2754265 1.4179621 1.5892939 3.0016345 2.8407634 2.6095236 2.4924303 2.2332043 1.5930760 3.2644171 2.8783685 2.5088442 2.4156727 1.8116340 1.5689369 2.4781547 2.4792784 1.6761615 1.7721029 2.1242264 2.8486207 2.7988642 2.2635753 1.5227597 2.2254007 2.6353813 2.5928176 2.7869622 2.8122664 2.7909099 1.8927955 2.2044341 2.7308856 2.2469487 
Sanmal_Sma_008217-T1                                2.8730350 2.4588978 1.6678028 1.6711412 2.1778608 1.7452390 1.5056236 2.4494107 1.9675181 2.2325610 1.8874155 2.0090948 1.6274781 1.6752951 1.7518105 1.6335777 0.9989300 1.6012540 1.9835523 1.9621870 1.0218368 1.4398227 1.9663724 2.0386824 0.9841134 1.9447048 1.9916108 2.1389590 1.1127068 2.0299461 1.9657612 1.9946293 1.9864097 2.0800463 2.0775953 1.1579286 1.1324121 0.7704112 0.0500219 0.0000000 2.7255921 2.6764866 2.4853583 2.3067298 3.2207263 1.8580970 1.7652772 1.7205435 2.8844497 2.9109956 2.2153975 2.3740995 1.4179621 1.6586545 3.0228594 2.8475123 2.5794227 2.4649249 2.3193161 1.5705800 3.4445369 2.9046103 2.5754928 2.4818753 1.8666724 1.6517379 2.4875082 2.4875082 1.7701682 1.9462693 2.3360302 3.0030725 2.9912385 2.3681495 1.5588940 2.2907814 2.5734887 2.7330616 2.9594058 3.0636900 3.1192769 1.8578227 2.1640540 2.6419947 2.3348123 
Bolinf_Binf_sb1245650                               3.2975232 3.0130337 1.8540944 1.8980655 2.6835582 1.7516297 1.1632680 2.5269635 1.6619362 2.5121525 2.6500750 2.7152678 2.4514452 2.4228028 2.5202939 2.3458649 1.3983705 2.4762613 2.9489114 2.9818289 1.3194886 1.4615067 2.7600573 2.7489687 1.0728135 2.5192925 2.7422276 2.6388394 1.2151054 2.8619687 2.9604464 2.8058406 2.8272346 2.6193474 2.6152511 2.7704851 2.6736704 2.8392396 2.7297817 2.7255921 0.0000000 0.0078815 0.0146576 0.6349457 1.0931873 0.0000010 0.6257398 0.5811595 1.2276826 1.2347617 0.9070142 1.0342051 0.7638696 0.8034309 1.4213633 1.4823382 1.2060989 1.1376848 2.8502162 2.4159704 3.6711577 2.9459171 3.2315362 2.5704514 2.2602500 2.0071176 2.6440135 2.6440135 1.7876638 2.0153358 2.3151869 3.3537222 3.1005250 2.5872086 2.3829099 2.5036040 2.7659314 3.4515344 3.3915936 2.9895963 3.1654314 3.3527096 3.3190452 3.6963911 4.2592409 
Mertsp_Mesp_sb582107                                3.3445191 2.9984320 1.9329850 1.9145665 2.6002733 1.7495922 1.1955152 2.5224891 1.6977043 2.4977403 2.5951512 2.6949667 2.4370053 2.3811104 2.5268738 2.3207478 1.3295108 2.4147153 2.8530790 2.8883919 1.2877345 1.4380126 2.6727617 2.6678185 1.0630328 2.4250431 2.6788755 2.5669394 1.2446552 2.7095724 2.8123531 2.6891718 2.7090838 2.5223518 2.5185256 2.7148371 2.6334884 1.8897809 2.6945552 2.6764866 0.0078815 0.0000000 0.0046176 0.6588620 1.1158464 0.0000010 0.5985560 0.5568462 1.1782433 1.1853895 0.7396206 0.9950699 0.7355001 0.7479150 1.4495335 1.4952287 1.2330894 1.1503699 2.8389660 2.3532262 3.6224713 2.8758724 3.0813995 2.5061493 2.1891407 1.9199218 2.6091855 2.6091855 1.7705130 1.9858315 2.1924403 3.2882466 3.0042203 2.5030624 2.3294477 2.4067769 2.6817269 3.3850465 3.2857831 2.8836760 3.0626828 3.4175009 3.3774265 3.7337202 4.1307873 
Mertsp_Mesp_sb582108                                2.9085721 2.6052225 1.8372378 1.7874452 2.2347630 1.6223170 1.1955152 2.3219647 1.6977043 2.3820137 2.3164002 2.3053202 2.1233263 2.0700583 2.1886054 1.9437675 1.3295108 2.1093894 2.5578637 2.6211032 1.2877345 1.4380126 2.4324915 2.4224719 1.0630328 2.1586652 2.3642557 2.1909000 1.2429927 2.4587133 2.5861557 2.4817236 2.5043210 2.3143307 2.3100232 2.5193637 2.5129844 1.8897809 2.5241840 2.4853583 0.0146576 0.0046176 0.0000000 0.6588620 0.9956019 0.0000010 0.5551095 0.5551095 0.9738557 0.9840366 0.7396206 0.9286777 0.7355001 0.7479150 1.2743339 1.3425480 1.2212948 1.1394515 2.6671721 2.0219900 2.9232965 2.6888645 2.6867678 2.4608685 2.0988031 1.9199218 2.2741494 2.2741494 1.7262198 1.8926087 2.1093671 2.6612987 2.6062816 2.1797213 2.2883506 2.2854913 2.4469076 2.7760151 2.7521753 2.5277813 2.6741657 3.2391735 2.8238576 3.0263075 2.8839419 
Vmul_sbMO487603                                     2.2211390 2.2211390 1.4849772 1.4465373 1.7269855 1.9076117 0.0000010 2.0142445 1.6554259 1.9972775 2.8188372 2.0539885 2.0746697 2.0518200 2.0808640 2.0755877 1.7449581 2.2983729 3.1363312 3.1717559 1.4081144 2.5966375 2.0084845 2.3118318 1.0618405 2.2540531 1.9677477 1.7526386 1.6293015 2.2001244 2.2948345 2.2663453 2.2499861 2.1022132 2.0957145 2.4998927 2.5629545 0.0000010 2.3333049 2.3067298 0.6349457 0.6588620 0.6588620 0.0000000 0.0256026 0.0000010 0.9553072 0.9553072 0.5499615 0.5499615 2.4797051 0.8222367 1.3793995 1.0087487 0.8128464 0.9855081 1.0287698 0.9996419 2.0537962 2.1830933 2.4548930 2.5785471 2.3021723 2.2210129 2.1216549 1.9994356 1.9183925 1.9183925 1.7224781 1.7384307 2.1297273 2.1793141 2.1175841 2.2167429 2.2871044 2.3693374 1.7056323 2.0299120 1.8666034 2.0112932 2.0020953 2.9498454 1.9098176 2.0543125 2.5058164 
