119
Emue_Em0004g204a.t1                                    0.0000000 0.0743804 0.9170986 0.9795366 0.9446382 0.9433704 0.7832141 0.9336602 0.9797495 0.7142932 0.8488843 0.7055804 0.4056671 0.5344801 0.5741519 0.7632984 0.7344293 0.7572235 0.7218243 0.7726456 0.7726456 0.8202282 0.8246380 0.8387192 0.4108158 0.8049102 0.6924181 0.6924181 0.8161770 0.8161770 0.7112667 0.6691468 0.6810585 0.6617451 0.7034652 0.8199607 0.7428772 0.7565864 0.7125443 0.7724836 0.7420862 0.8692177 0.7125443 0.7724836 0.7481621 0.7767084 0.7552752 0.7526684 0.7650676 0.7951044 0.7951044 0.6745663 0.6745663 0.7841534 0.7841534 0.8350867 0.6537278 0.6338283 0.8455780 0.8100545 0.7714379 0.6867717 0.6938891 0.9339739 0.8197819 0.8003902 0.8324832 0.8224598 0.8867853 0.8884094 0.7760747 0.6755856 0.9210122 0.7702737 0.8328030 0.7543314 0.7046992 0.8116711 0.5707004 0.8876882 0.7946549 0.8490750 0.8526335 0.8380494 0.8242590 0.9587203 0.7774213 0.8524594 0.8099146 0.9619603 1.2022751 0.8446972 0.8481419 0.8301774 0.8547799 0.8120056 0.8500140 0.9291806 0.8830463 0.9681322 0.9171288 0.9172180 0.9104626 0.9536613 0.9165535 1.1483488 1.0747908 1.1127096 1.0699690 1.1237839 1.2062270 1.0511649 0.8287208 1.1649149 1.2930643 1.1015008 1.1020086 8.9999988 8.0936517 
Spolac_c83674_g1_i1_m.3279c83674-g1                    0.0743804 0.0000000 0.8528995 0.9016195 0.8848397 0.8777841 0.7071412 0.8524268 0.8785572 0.6437647 0.7958049 0.6375403 0.3331699 0.5602550 0.5516713 0.7135951 0.6777690 0.7137489 0.6844888 0.7209332 0.7209332 0.7355356 0.7432334 0.7894517 0.3701897 0.7600876 0.6670346 0.6670346 0.7867528 0.7867528 0.6870337 0.6404586 0.6605400 0.6532219 0.6794071 0.7875995 0.7560724 0.7654134 0.7195891 0.7344639 0.6850261 0.9092454 0.7195891 0.7344639 0.7123721 0.8585566 0.8332070 0.7548187 0.7535433 0.7921050 0.7921050 0.6706293 0.6706293 0.7244263 0.7244263 0.7853437 0.6264887 0.5894478 0.8451074 0.7846777 0.7536632 0.6668903 0.6816224 0.9146895 0.8183236 0.7806143 0.8651921 0.8375709 0.7893759 0.7999458 0.7318077 0.6160795 0.8556704 0.6968703 0.8202606 0.7169446 0.6725466 0.7395637 0.5244894 0.8079232 0.7178021 0.7875235 0.7552156 0.8029306 0.8001858 0.9145846 0.7368877 0.8088566 0.7720223 0.9114280 1.1008068 0.7868346 0.7843950 0.7625432 0.7659941 0.7539574 0.7733957 0.8649241 0.8432805 0.8316877 0.8736970 0.8704601 0.8765353 0.9229953 0.8693382 1.0833027 0.9819510 1.0062555 0.9497627 1.0109321 1.0660243 0.9746587 0.7513101 1.0742290 1.2473511 1.0314192 1.0557248 8.9999983 7.7740122 
Lcom_lcpid114728                                       0.9170986 0.8528995 0.0000000 0.5412581 0.5098758 0.5397329 0.4223826 0.4356817 0.6004469 0.6970736 0.7503009 0.7039142 0.4754556 0.6322968 0.6501321 0.7121364 0.7121364 0.6855252 0.6855252 0.7187694 0.7187694 0.7367513 0.7314838 0.7390973 0.7732307 0.7191196 0.5862056 0.5862056 0.5862056 0.5862056 0.5891845 0.5891845 0.6226899 0.6657821 0.6226899 0.6226899 0.5558764 0.7360268 0.5558764 0.5851962 0.5997010 0.6640463 0.5558764 0.5851962 0.5675171 0.8483562 0.8141492 0.5310402 0.5310402 0.5816309 0.5816309 0.5816309 0.5816309 0.5590896 0.5590896 0.5861107 0.5808310 0.5796765 0.6073339 0.5989422 0.5992521 0.5992521 0.5960292 0.5960292 0.5992521 0.5942394 0.5095682 0.6007807 0.6615780 0.7304503 0.7763607 0.7542824 0.8647272 0.5884546 0.6400314 0.6834108 0.6297354 0.8328717 0.8265853 0.6711682 0.7633966 0.4959735 0.6124696 0.6259155 0.9166001 0.9898617 0.8424433 0.8617091 0.8545929 0.9180668 0.9461504 0.6970670 0.8146239 0.7940716 0.6892944 0.8259110 0.7894390 0.7603093 0.8216225 0.6257200 0.7710810 0.7710810 0.7420803 0.7713933 0.7312119 1.0355466 0.7628240 0.8651075 0.9269614 0.8836222 1.0501806 0.9829735 0.9623253 0.8558491 1.0146067 1.1169702 0.9914547 8.8869643 7.6528869 
Salinf_EP00049_Salpingoeca_infusionum_P000693          0.9795366 0.9016195 0.5412581 0.0000000 0.4082173 0.4414985 0.3626861 0.5168316 0.6422074 0.7248115 0.8402337 0.8550510 0.5264436 0.8083484 0.7535230 0.8338415 0.8202966 0.8541971 0.8429029 0.8746511 0.8746511 0.7798046 0.7977682 0.7964827 0.6518435 0.8448981 0.5757975 0.5757975 0.6450546 0.6450546 0.5702504 0.5454672 0.5785828 0.6548484 0.5884034 0.6803553 0.7179528 0.7488471 0.6680035 0.5620394 0.5832435 0.7831753 0.6680035 0.5620394 0.5658427 0.8344608 0.8163935 0.6829425 0.6602878 0.6970279 0.6970279 0.6058601 0.6058601 0.5162614 0.5162614 0.6880838 0.5415849 0.5447106 0.8015047 0.6943080 0.6108794 0.5616639 0.5255162 0.6497781 0.6705926 0.6523231 0.7303781 0.7732081 0.7794278 0.8594408 0.8492489 0.7619891 0.9410212 0.7640820 0.5901990 0.8205853 0.7543962 0.9349477 0.7403820 0.8233902 0.8195077 0.6716325 0.7273603 0.7965257 0.9776988 0.9816473 0.9026747 0.9616718 0.8831971 1.0265891 1.2133791 0.8382434 0.8900016 0.7741395 0.8829718 0.9183970 0.8902786 0.8839420 0.8947487 0.7613376 0.7228432 0.7371530 0.7515513 0.7738507 0.7466744 1.0831112 0.9818316 1.0449534 1.0796940 0.9743486 1.1883506 1.0449940 0.8920635 1.0308373 0.9648467 1.0698407 1.0814341 7.3429046 7.1184304 
Microa_EP00043_Microstomoeca_roanoka_P030053           0.9446382 0.8848397 0.5098758 0.4082173 0.0000000 0.2468360 0.3257429 0.4439519 0.6305380 0.6025716 0.8464280 0.8403459 0.4570286 0.8088447 0.7650284 0.7590652 0.7257953 0.7587037 0.7119151 0.7582854 0.7687750 0.8106731 0.7857504 0.8147455 0.5719528 0.7612686 0.5392520 0.5392520 0.6228656 0.6228656 0.5220941 0.5277064 0.5975352 0.6167833 0.6140668 0.7181460 0.7236031 0.6995183 0.6464271 0.6236724 0.5960549 0.7556366 0.6464271 0.6236724 0.6107394 0.7843543 0.7672539 0.6593289 0.6344914 0.6883625 0.6883625 0.5440475 0.5440475 0.5835736 0.5835736 0.6133575 0.4745418 0.4756751 0.6892289 0.6890702 0.5453682 0.5315839 0.4930644 0.6705760 0.6234402 0.6487229 0.7371064 0.7565988 0.7712964 0.8238101 0.8503484 0.6809958 0.9707130 0.8308087 0.5696268 0.7638873 0.7488994 0.8925104 0.6345957 0.7998157 0.8133173 0.5577359 0.5941127 0.7912132 0.9542889 1.0293581 1.0220304 0.9234656 0.9001681 1.0520051 1.2396025 0.7979664 0.8183386 0.7787060 0.8222201 0.9078439 0.9238362 0.9231451 0.8775806 0.6378460 0.7735203 0.7743451 0.7579190 0.7930050 0.7593836 1.1059250 1.0878449 0.9727498 0.9971254 1.0551341 1.0585965 1.0266307 0.8001957 0.8451107 1.0383255 1.0619746 1.0759351 6.9242653 6.0384673 
Sros_EGD76179                                          0.9433704 0.8777841 0.5397329 0.4414985 0.2468360 0.0000000 0.3263920 0.4110753 0.5942609 0.6765390 0.7903826 0.8268903 0.4705997 0.7805906 0.7893758 0.7579181 0.7620605 0.7500018 0.7442280 0.7916687 0.7916687 0.7422177 0.7416543 0.7308070 0.6068592 0.7674170 0.5187083 0.5187083 0.6031268 0.6031268 0.5171156 0.5112468 0.5581575 0.5869445 0.5923652 0.6640596 0.6802959 0.5948789 0.6404105 0.5458668 0.5017775 0.6342855 0.6404105 0.5458668 0.5254310 0.6593330 0.6630723 0.6199135 0.6027487 0.6669073 0.6669073 0.5587927 0.5587927 0.5418769 0.5418769 0.6180666 0.4875384 0.4346364 0.7265136 0.6771675 0.5513192 0.4910707 0.4558483 0.6228482 0.6055721 0.6202518 0.7139154 0.7104966 0.7939827 0.8546052 0.8343888 0.6388783 0.8817969 0.7994049 0.6418002 0.7030494 0.7847137 0.9540406 0.6649192 0.7859472 0.8087051 0.5438691 0.6326338 0.7504014 0.9280539 1.0160546 0.9771397 0.9132685 0.8414281 0.9625404 1.1968657 0.7993185 0.7961556 0.7713753 0.8080720 0.8632600 0.8963730 0.8448269 0.8569994 0.7343801 0.7832853 0.7825029 0.7913526 0.8292777 0.7646228 1.0479104 1.0809148 0.9489812 0.9420145 0.9631056 1.0012056 0.9030432 0.8410631 0.8503020 1.0233637 1.0307411 1.1045885 7.6661636 6.9241446 
Chofle_EP00730_Choanoeca_flexa_P009034                 0.7832141 0.7071412 0.4223826 0.3626861 0.3257429 0.3263920 0.0000000 0.0597400 0.4695214 0.5608876 0.6189010 0.6676675 0.4516326 0.5536902 0.6528110 0.5945228 0.5945228 0.6050950 0.6050950 0.6022929 0.6022929 0.5996609 0.6090100 0.6411962 0.6502163 0.6057813 0.5748857 0.5748857 0.5209074 0.5209074 0.5231124 0.5231124 0.5218984 0.6201501 0.5218984 0.5218984 0.5449428 0.6416229 0.5449428 0.5932622 0.5203571 0.6508053 0.5449428 0.5932622 0.5729251 0.7421103 0.7263281 0.5185908 0.5185908 0.5797552 0.5797552 0.6494872 0.6494872 0.6334554 0.6334554 0.5343044 0.5299344 0.5322351 0.5442733 0.5564634 0.5454259 0.5486023 0.5352213 0.5352213 0.5454259 0.5466231 0.5760394 0.5996778 0.5726833 0.6786554 0.6338398 0.6263110 0.7241688 0.5418134 0.5607631 0.6028803 0.5384621 0.7363940 0.6281975 0.6072783 0.5895512 0.4798092 0.5344920 0.5932519 0.7979640 0.8674865 0.7687474 0.7776055 0.8032988 0.8020472 0.8353370 0.5507419 0.6466598 0.6343157 0.5926560 0.6725525 0.6487325 0.7312982 0.7999922 0.5359168 0.6358036 0.6358036 0.6055673 0.6348117 0.6220375 0.8962014 0.5896094 0.7455755 0.8340821 0.8182874 0.9505186 0.8919842 0.7282295 0.7138004 0.8720301 0.9246468 0.8359137 7.8596466 7.2506990 
Choper_EP00045_Choanoeca_perplexa_P005043              0.9336602 0.8524268 0.4356817 0.5168316 0.4439519 0.4110753 0.0597400 0.0000000 0.5692443 0.6679028 0.7675767 0.9513259 0.4972959 0.8286618 0.8743663 0.8221687 0.7702512 0.8454380 0.7808271 0.7960540 0.7960540 0.7546376 0.7540656 0.8185734 0.6722694 0.7916570 0.6126086 0.6126086 0.6813415 0.6813415 0.5932595 0.5789750 0.5664796 0.6316726 0.5756451 0.6668632 0.6891582 0.6676394 0.6493892 0.6644761 0.6023825 0.7411368 0.6493892 0.6644761 0.6393505 0.7699819 0.7532506 0.6704855 0.6603035 0.6904353 0.6904353 0.6514859 0.6514859 0.6539906 0.6539906 0.6912991 0.5460022 0.5352406 0.8125643 0.6845591 0.6012976 0.5797446 0.5617114 0.7239058 0.6518717 0.6654188 0.7136389 0.7216123 0.7208362 0.9187846 0.8824699 0.6612635 0.9359248 0.7305098 0.5894697 0.7584788 0.7414491 0.8713973 0.6696073 0.7796179 0.7479283 0.5963708 0.6621127 0.8037064 1.0232500 1.0921442 1.0450867 0.9903763 0.9270346 1.0792523 1.2051212 0.7189942 0.7982162 0.7817571 0.7499537 0.8280763 0.8744533 0.8740868 0.8658184 0.6964485 0.7624661 0.7859316 0.7360639 0.7527444 0.7313181 1.1672983 0.9117709 0.8679183 0.9508196 0.9235284 1.0689076 0.9943682 0.7774025 0.8517880 1.0963910 1.0609704 1.0070573 8.8460656 8.0340660 
Salkve_EP00050_Salpingoeca_kvevrii_P005736             0.9797495 0.8785572 0.6004469 0.6422074 0.6305380 0.5942609 0.4695214 0.5692443 0.0000000 0.7102843 0.8274508 0.8184722 0.4840432 0.7855229 0.7919349 0.7248795 0.6922649 0.7715403 0.7351522 0.7601552 0.7601552 0.8055025 0.8542221 0.8049609 0.6399729 0.8197933 0.6086766 0.6086766 0.6510341 0.6510341 0.5833462 0.5687163 0.5847007 0.6293913 0.5959152 0.6540667 0.6359158 0.7433957 0.6064647 0.6004200 0.5976992 0.7420664 0.6064647 0.6004200 0.6243112 0.8737193 0.8044457 0.6424173 0.6638512 0.7088563 0.7088563 0.6034112 0.6034112 0.6072725 0.6072725 0.6784504 0.5694373 0.6243479 0.7273368 0.6930686 0.6401514 0.6140548 0.6181746 0.7997694 0.6893566 0.6664533 0.6704153 0.7144679 0.7555436 0.7901857 0.7248350 0.6668198 0.8789528 0.7543343 0.6499073 0.7340645 0.7277566 0.8233255 0.6748597 0.7967171 0.7875742 0.5419087 0.6596734 0.8228365 0.9259071 1.0151522 0.8924369 0.8530664 0.8167542 0.9391388 1.0752537 0.7852264 0.8285320 0.7632337 0.8424659 0.7889672 0.7993775 0.8111830 0.8558301 0.6342084 0.6727059 0.6753252 0.7151993 0.7749653 0.7060342 1.0048401 0.8514495 0.6976763 0.7713753 0.7779518 0.9112446 0.8673289 0.8940652 0.9273326 0.9776508 1.0578984 1.0686693 6.7395337 6.0830009 
Lcom_lcpid71386                                        0.7142932 0.6437647 0.6970736 0.7248115 0.6025716 0.6765390 0.5608876 0.6679028 0.7102843 0.0000000 0.3210752 0.5806680 0.3637423 0.5213964 0.5608797 0.4310787 0.4309862 0.4597194 0.4597194 0.4338627 0.4338627 0.5525964 0.5706269 0.6093012 0.4192943 0.4193711 0.4911051 0.4911051 0.4928018 0.4928018 0.4879157 0.4707381 0.4719097 0.5086478 0.4915668 0.5140505 0.5281225 0.4992132 0.5281225 0.4971510 0.3698400 0.5087605 0.5281225 0.4971510 0.4728296 0.5743423 0.5684756 0.4797547 0.4797547 0.4949809 0.4949809 0.4712326 0.4712326 0.4659648 0.4659648 0.4952498 0.4282743 0.3471003 0.5449142 0.4902113 0.4853893 0.4181737 0.4349971 0.5862810 0.4853893 0.4947783 0.5693422 0.5487430 0.5411262 0.5277757 0.4972033 0.4449191 0.6211308 0.4768768 0.6134139 0.4404327 0.3865648 0.3663627 0.4606940 0.4839809 0.4044559 0.6023470 0.6553090 0.5558815 0.6366132 0.7288240 0.6506636 0.6523058 0.6371403 0.6552991 0.9759712 0.6635163 0.6210362 0.6007087 0.5665732 0.6821490 0.6641982 0.5555099 0.6166216 0.6889963 0.6823286 0.6771272 0.6391256 0.7209446 0.7299020 0.8853430 0.7930277 0.8452189 0.8497955 0.8701155 0.9251203 0.8818889 0.6880241 0.9138346 1.0371169 0.9900175 0.8921088 7.3659108 6.6866853 
Cgig_XM_034462447.1                                    0.8488843 0.7958049 0.7503009 0.8402337 0.8464280 0.7903826 0.6189010 0.7675767 0.8274508 0.3210752 0.0000000 0.7256822 0.3313782 0.6667223 0.6347556 0.5941098 0.5835262 0.6287723 0.6059708 0.5996622 0.6134226 0.7319154 0.7402033 0.7947582 0.4716429 0.4992417 0.5627286 0.5627286 0.6187083 0.6187083 0.5426263 0.5292600 0.5013244 0.5366453 0.5486482 0.6241606 0.6657228 0.5266116 0.6169093 0.5953366 0.4615077 0.6059104 0.6169093 0.5953366 0.5722256 0.6216727 0.5898909 0.6392225 0.6446357 0.6501132 0.6501132 0.5337022 0.5337022 0.5595387 0.5595387 0.6310973 0.4815202 0.4056122 0.7862649 0.5885413 0.5523898 0.4946339 0.4908563 0.6775975 0.6045079 0.5892915 0.7391328 0.7062948 0.6995117 0.6818316 0.5906329 0.4349141 0.7065440 0.5335236 0.6251332 0.5137218 0.5309029 0.4596936 0.4666099 0.5488574 0.5473865 0.7212566 0.7261779 0.7019878 0.8284600 0.9019289 0.8632003 0.8508255 0.8260545 0.8956137 1.0863136 0.8146356 0.8074903 0.7731420 0.7459157 0.8563121 0.8432839 0.6409917 0.6250837 0.8536590 0.8240124 0.8195926 0.8335084 0.8661339 0.8913461 0.9732467 1.1097692 0.9957494 1.0508511 1.0560692 1.1519688 1.0258892 0.7524396 1.1185203 1.2218314 1.1866258 1.0012881 8.7310882 7.6098893 
Aque_Aqu2.1.33571_001                                  0.7055804 0.6375403 0.7039142 0.8550510 0.8403459 0.8268903 0.6676675 0.9513259 0.8184722 0.5806680 0.7256822 0.0000000 0.0733803 0.2822503 0.2024838 0.6087190 0.5712345 0.6366878 0.6020934 0.6439895 0.6553414 0.7272020 0.7255234 0.8012963 0.3604139 0.7739602 0.5583822 0.5583822 0.6590599 0.6590599 0.5320586 0.5039767 0.5194984 0.6251554 0.5502814 0.6942772 0.7531228 1.0482028 0.6557159 0.7578002 0.6637332 1.3988565 0.6557159 0.7578002 0.7291537 1.2722246 1.1830350 0.6918938 0.6615495 0.7546700 0.7546700 0.5967536 0.5967536 0.7170789 0.7170789 0.6874639 0.5040736 0.6660504 0.6999409 0.7270381 0.5758548 0.4937772 0.4886592 0.7290426 0.6831179 0.6300206 0.7291039 0.7608866 0.8181522 0.7504985 0.7158135 0.5571020 0.9016140 0.6703740 0.7682346 0.8148672 0.7716515 0.8398553 0.5175402 0.6837244 0.7272579 0.7990252 0.8155184 0.7780580 0.7798239 0.9372272 0.7644699 0.8027644 0.8083772 0.8814513 1.2135361 0.9375281 0.8361697 0.7646334 0.7953347 0.8264468 0.8435193 0.8457453 0.8252916 0.8441133 0.8013414 0.8106290 0.8324870 0.8159326 0.8405818 0.9937027 0.9518087 0.9955880 0.9433673 0.9761028 0.9652871 0.9169076 0.7585780 1.0357708 1.2437709 1.1144873 1.1062576 6.5060228 6.2043595 
Halamb_c14685_g1_i1m.2486                              0.4056671 0.3331699 0.4754556 0.5264436 0.4570286 0.4705997 0.4516326 0.4972959 0.4840432 0.3637423 0.3313782 0.0733803 0.0000000 0.0658869 0.1045470 0.2882552 0.2882552 0.2532007 0.2532007 0.2748145 0.2748145 0.2633219 0.2731283 0.3561340 0.3450934 0.3564230 0.4003785 0.4003785 0.4003785 0.4003785 0.4003785 0.4003785 0.4509303 0.4509303 0.4509303 0.4509303 0.4545925 0.0000010 0.4545925 0.4656128 0.1807690 0.0000010 0.4545925 0.4656128 0.3986539 2.3491497 1.5618031 0.4005248 0.4005248 0.4322434 0.4322434 0.4322434 0.4322434 0.5104612 0.5104612 0.3930245 0.3930245 0.2249116 0.6199968 0.5148240 0.4143257 0.4143257 0.3932677 0.3932677 0.4143257 0.3887853 0.6995645 0.6186764 0.3135267 0.3053164 0.3492846 0.4070903 0.4771423 0.3751364 0.7598578 0.4245129 0.3866639 0.4532860 0.4070903 0.2985158 0.3766992 0.4369793 0.4093173 0.4763726 0.6598122 0.6129162 0.5921151 0.5498029 0.5498029 0.6778251 0.6571583 0.4816528 0.5109021 0.3493597 0.3970353 0.4721862 0.4877155 0.5216340 0.6684932 0.4040393 0.5036484 0.5036484 0.4581512 0.6263987 0.5960307 0.5678885 0.6606533 0.5719294 0.5994371 0.5813910 0.6010860 0.6829105 0.3391503 0.6557769 0.7752706 0.6694287 0.8298926 8.9999985 8.9999989 
Xestes_maker-XT_scaffold5656-augustus-gene-0.25-mRNA-1 0.5344801 0.5602550 0.6322968 0.8083484 0.8088447 0.7805906 0.5536902 0.8286618 0.7855229 0.5213964 0.6667223 0.2822503 0.0658869 0.0000000 0.2400090 0.6447841 0.6071055 0.6780174 0.6427263 0.6650701 0.6785407 0.7176785 0.7160006 0.7517585 0.3140052 0.6945288 0.4744325 0.4744325 0.6221138 0.6221138 0.4977013 0.4618503 0.5078674 0.5044834 0.5310842 0.6835893 0.6374644 0.5532925 0.5788886 0.5458931 0.4232914 0.8098541 0.5788886 0.5458931 0.5163311 0.8058914 0.7230263 0.6016371 0.6085114 0.6160000 0.6160000 0.4942832 0.4942832 0.5158144 0.5158144 0.6419537 0.4535877 0.5322260 0.7300435 0.6076265 0.5136065 0.4464666 0.4109239 0.6660910 0.5766536 0.5459084 0.7508323 0.7577848 0.7333984 0.7846461 0.6503956 0.4182422 0.8800030 0.6435364 0.7431152 0.6873354 0.6658766 0.6618844 0.4811302 0.6961557 0.7389324 0.7589139 0.8292091 0.7717517 0.7845023 0.9606386 0.7977155 0.7448796 0.6861166 0.9185899 1.2505649 0.7398731 0.7912210 0.7302926 0.8043774 0.9140993 0.9030143 0.8406795 0.7912680 0.7196060 0.8154997 0.8046858 0.8220503 0.8466484 0.8882334 0.9645146 1.0880434 0.9345496 1.0139808 0.9483015 0.9371003 0.9017343 0.5285231 0.9868129 1.1468564 1.1195834 1.1464431 7.4786137 7.3138515 
Halamb_c51190_g1_i1m.29988                             0.5741519 0.5516713 0.6501321 0.7535230 0.7650284 0.7893758 0.6528110 0.8743663 0.7919349 0.5608797 0.6347556 0.2024838 0.1045470 0.2400090 0.0000000 0.5750091 0.5502628 0.5857924 0.5773986 0.5962975 0.6062697 0.6644413 0.6683231 0.7165567 0.3154521 0.6941066 0.5372903 0.5372903 0.6174150 0.6174150 0.5472605 0.5160680 0.5141147 0.5407237 0.5435394 0.6318617 0.6593371 0.6067662 0.6011600 0.5874008 0.5014099 0.6252361 0.6011600 0.5874008 0.5690612 0.7055948 0.6779500 0.6236848 0.6301510 0.6528002 0.6528002 0.5511222 0.5511222 0.5865939 0.5865939 0.6525508 0.4875892 0.4749619 0.7531699 0.6344549 0.5578715 0.4937930 0.5013349 0.6997385 0.6113641 0.5986933 0.6951855 0.7120493 0.7462093 0.6916125 0.6222179 0.5629772 0.8595101 0.6357968 0.5570128 0.6572907 0.6663050 0.6864866 0.5398021 0.6350065 0.6708300 0.7534624 0.7259866 0.6936331 0.7174035 0.8174241 0.7700262 0.7357776 0.7612999 0.7894446 1.0834569 0.7672933 0.7953875 0.6805716 0.7690610 0.7584617 0.7383623 0.8386308 0.8247345 0.7703820 0.7282130 0.7515926 0.7456186 0.7825826 0.7510384 0.9288416 1.0501411 0.9723648 1.0036764 1.0429119 1.0504533 0.9797042 0.7106432 0.9145623 1.0408801 1.0785243 0.9667309 7.8386527 6.9417611 
HoiH23_PlH23_008167-RA                                 0.7632984 0.7135951 0.7121364 0.8338415 0.7590652 0.7579181 0.5945228 0.8221687 0.7248795 0.4310787 0.5941098 0.6087190 0.2882552 0.6447841 0.5750091 0.0000000 0.0243373 0.0782341 0.0610178 0.1002028 0.1076072 0.6230237 0.6307489 0.6866686 0.4017592 0.5459524 0.4554406 0.4554406 0.5592089 0.5592089 0.4869048 0.4506861 0.4787351 0.4980322 0.5082410 0.6151383 0.6615571 0.4686479 0.5821547 0.4946686 0.4049620 0.5093166 0.5821547 0.4946686 0.4724999 0.5466507 0.5322311 0.6087564 0.5961324 0.6072101 0.6072101 0.4386456 0.4386456 0.4267195 0.4267195 0.5693814 0.4219264 0.3440986 0.7398311 0.6194155 0.5295858 0.4230494 0.4229358 0.5987354 0.5941087 0.5827120 0.6850357 0.6655945 0.6245697 0.4650277 0.5131573 0.3687583 0.6577224 0.5562854 0.4581115 0.6278657 0.5542787 0.5811973 0.3824360 0.5962652 0.6275248 0.6923143 0.7327318 0.6194745 0.6290810 0.6968931 0.6059813 0.5859880 0.6020639 0.6460989 0.9528561 0.7346103 0.7321730 0.6383658 0.6895987 0.6603630 0.6688544 0.6980611 0.6573191 0.7192547 0.7658459 0.7484317 0.7527139 0.8607935 0.8476127 0.9521676 1.1554456 0.9681034 0.9929927 1.0498487 0.9924251 0.9701608 0.6819672 1.0160829 1.1774398 1.0664025 1.0458020 7.5000200 6.2608420 
HoiH06_mRNA12727                                       0.7344293 0.6777690 0.7121364 0.8202966 0.7257953 0.7620605 0.5945228 0.7702512 0.6922649 0.4309862 0.5835262 0.5712345 0.2882552 0.6071055 0.5502628 0.0243373 0.0000000 0.0663859 0.0553099 0.0842555 0.0901438 0.5967054 0.6082854 0.6859419 0.4017592 0.5460044 0.4554406 0.4554406 0.5279982 0.5279982 0.4818733 0.4454650 0.4787351 0.4980322 0.5126179 0.5956767 0.6213510 0.4686479 0.5710514 0.4870179 0.3966474 0.4957925 0.5710514 0.4870179 0.4648142 0.5466507 0.5322311 0.5674907 0.5742972 0.5725583 0.5725583 0.4386456 0.4386456 0.4267195 0.4267195 0.5573385 0.4219264 0.3440986 0.7179947 0.5944158 0.5214994 0.4159762 0.4229358 0.6107201 0.5678008 0.5527106 0.6562535 0.6405454 0.6006393 0.4482531 0.4797190 0.3687583 0.6353795 0.5674523 0.4581115 0.6153328 0.5449474 0.5762214 0.3824360 0.5806539 0.6141331 0.6710101 0.7031163 0.5938682 0.5873086 0.6510550 0.5612818 0.5751710 0.5856066 0.5961652 0.9095830 0.7033870 0.6922053 0.6037894 0.6910645 0.6533859 0.6483354 0.6793242 0.6513829 0.7243512 0.7447226 0.7338878 0.7365459 0.8378389 0.8348483 0.9634991 1.1101154 0.9180232 0.9544719 0.9842246 0.9837470 0.9520129 0.6818899 0.9810651 1.1476649 1.0138213 1.0151698 7.7102642 6.3735762 
Hhon_g02809.t1                                         0.7572235 0.7137489 0.6855252 0.8541971 0.7587037 0.7500018 0.6050950 0.8454380 0.7715403 0.4597194 0.6287723 0.6366878 0.2532007 0.6780174 0.5857924 0.0782341 0.0663859 0.0000000 0.0133387 0.1047471 0.1108215 0.6384915 0.6452193 0.6885390 0.3953066 0.5528899 0.4688823 0.4688823 0.5629306 0.5629306 0.4879913 0.4522496 0.4856582 0.4737926 0.5102439 0.6206640 0.6250510 0.4400386 0.5612179 0.4620586 0.3715606 0.4753954 0.5612179 0.4620586 0.4401534 0.5159715 0.5027955 0.5786222 0.5700544 0.6302757 0.6302757 0.4315679 0.4315679 0.4085436 0.4085436 0.5745951 0.4197200 0.3288022 0.7723925 0.6507005 0.5597128 0.4431127 0.4326461 0.6187002 0.6346893 0.6141744 0.6922007 0.6598325 0.6140831 0.4931654 0.5057975 0.3610338 0.6602655 0.5977630 0.4853080 0.6349770 0.5528406 0.6328948 0.3915504 0.5945062 0.6267394 0.6769173 0.7141647 0.6143324 0.6387467 0.7127521 0.6081993 0.5892985 0.6139270 0.6564432 0.9831402 0.7529874 0.7627780 0.6554051 0.6975175 0.6736537 0.6645166 0.6884436 0.6263975 0.7572991 0.8007452 0.7833825 0.8034088 0.8961962 0.9185370 0.9848017 1.1737960 0.9787891 0.9761277 1.0434603 0.9732759 0.9630465 0.7077095 0.9802085 1.1554304 1.0660553 1.0307791 7.7075518 6.5316423 
HoiH04_mRNA4594                                        0.7218243 0.6844888 0.6855252 0.8429029 0.7119151 0.7442280 0.6050950 0.7808271 0.7351522 0.4597194 0.6059708 0.6020934 0.2532007 0.6427263 0.5773986 0.0610178 0.0553099 0.0133387 0.0000000 0.0862779 0.0929533 0.6089052 0.6241473 0.6761851 0.3953066 0.5374394 0.4688823 0.4688823 0.5154986 0.5154986 0.4879913 0.4522496 0.4856582 0.4737926 0.5102439 0.5889972 0.6039888 0.4400386 0.5569838 0.4546394 0.3635465 0.4623222 0.5569838 0.4546394 0.4327092 0.5159715 0.5027955 0.5572209 0.5572209 0.5817660 0.5817660 0.4315679 0.4315679 0.4085436 0.4085436 0.5342629 0.4197200 0.3288022 0.6981596 0.6214026 0.5412241 0.4251514 0.4326461 0.6235219 0.5932470 0.5776982 0.6340626 0.6092160 0.5914142 0.4547309 0.4782419 0.3610338 0.6296455 0.5856567 0.4853080 0.6091133 0.5465399 0.6100744 0.3915504 0.5852934 0.6218070 0.6396621 0.6754542 0.5723465 0.6375263 0.7122934 0.6139898 0.5989108 0.6322293 0.6305567 0.9265179 0.7129162 0.7171322 0.6111258 0.6722072 0.6500700 0.6441405 0.6759815 0.6263975 0.7540259 0.7874391 0.7703657 0.7855056 0.8910432 0.8857680 0.9761794 1.1537389 0.9288213 0.9398526 0.9866455 0.9517079 0.9367428 0.7077095 0.9497756 1.0851769 1.0133674 0.9903794 7.8669200 6.6156357 
TrH2_TrispH2_004805-RA                                 0.7726456 0.7209332 0.7187694 0.8746511 0.7582854 0.7916687 0.6022929 0.7960540 0.7601552 0.4338627 0.5996622 0.6439895 0.2748145 0.6650701 0.5962975 0.1002028 0.0842555 0.1047471 0.0862779 0.0000000 0.0000010 0.6037400 0.6591348 0.7082524 0.3920580 0.5634292 0.4723499 0.4723499 0.5458790 0.5458790 0.4887028 0.4558001 0.4862507 0.4828921 0.5066160 0.6081903 0.6345200 0.4182381 0.5537458 0.4554132 0.3670365 0.4500983 0.5537458 0.4554132 0.4335480 0.4932771 0.4809356 0.5923815 0.5734990 0.5998701 0.5998701 0.4277932 0.4277932 0.4028471 0.4028471 0.5610549 0.4113383 0.3157221 0.7512865 0.6303829 0.5580954 0.4507567 0.4480385 0.6299303 0.6217646 0.5897075 0.6678288 0.6368658 0.5803657 0.5003898 0.5104927 0.3562823 0.6441147 0.5748543 0.4791440 0.5842723 0.5615092 0.6107951 0.3816400 0.6043289 0.6449589 0.6961273 0.7309685 0.6309553 0.6372930 0.6977099 0.6024949 0.5781064 0.5990795 0.6179023 0.9277815 0.7557154 0.7334339 0.6591298 0.6976091 0.6737922 0.6356068 0.7030740 0.6729844 0.7425527 0.8178649 0.8048229 0.7690600 0.8584795 0.8911017 0.9796414 1.2431447 0.9792964 0.9803493 1.0374503 1.0211970 0.9460513 0.6940277 0.9811410 1.1365560 1.0415716 1.0031653 7.8539352 6.5395173 
Tadh_TriadT54073                                       0.7726456 0.7209332 0.7187694 0.8746511 0.7687750 0.7916687 0.6022929 0.7960540 0.7601552 0.4338627 0.6134226 0.6553414 0.2748145 0.6785407 0.6062697 0.1076072 0.0901438 0.1108215 0.0929533 0.0000010 0.0000000 0.6143985 0.6702571 0.7201778 0.3920580 0.5705032 0.4723499 0.4723499 0.5458790 0.5458790 0.4887028 0.4558001 0.4862507 0.4828921 0.5066160 0.6081903 0.6345200 0.4182381 0.5537458 0.4554132 0.3670365 0.4500983 0.5537458 0.4554132 0.4335480 0.4932771 0.4809356 0.5923815 0.5734990 0.5998701 0.5998701 0.4277932 0.4277932 0.4028471 0.4028471 0.5610549 0.4113383 0.3157221 0.7512865 0.6303829 0.5580954 0.4507567 0.4480385 0.6299303 0.6217646 0.5897075 0.6678288 0.6368658 0.5904784 0.5003898 0.5104927 0.3562823 0.6503290 0.5844192 0.4791440 0.5873638 0.5681790 0.6237091 0.3816400 0.6043289 0.6561154 0.6961273 0.7309685 0.6309553 0.6442051 0.7048424 0.6113857 0.5885856 0.6087190 0.6254727 0.9277815 0.7557154 0.7334339 0.6591298 0.7093525 0.6846572 0.6477396 0.7100476 0.6729844 0.7425527 0.8279862 0.8148882 0.7790107 0.8688107 0.9014633 0.9963019 1.2579563 0.9792964 0.9803493 1.0374503 1.0211970 0.9460513 0.6940277 0.9811410 1.1459214 1.0415716 1.0031653 7.8539352 6.5395173 
Nemnom_g16772.t1                                       0.8202282 0.7355356 0.7367513 0.7798046 0.8106731 0.7422177 0.5996609 0.7546376 0.8055025 0.5525964 0.7319154 0.7272020 0.2633219 0.7176785 0.6644413 0.6230237 0.5967054 0.6384915 0.6089052 0.6037400 0.6143985 0.0000000 0.0699569 0.2002833 0.4877346 0.6846176 0.6492184 0.6492184 0.7784718 0.7784718 0.6637426 0.6361781 0.6526147 0.6872505 0.6828768 0.8034166 0.8194465 0.8019036 0.7271042 0.7260955 0.6354758 0.8679297 0.7271042 0.7260955 0.6997257 0.8955680 0.8693577 0.7894973 0.7871953 0.7918113 0.7918113 0.6416603 0.6416603 0.6635412 0.6635412 0.7602603 0.5587174 0.6227330 0.8891694 0.7484131 0.6241222 0.5674316 0.5507548 0.7543111 0.7217798 0.6853107 0.8481561 0.8922411 0.7293094 0.6362405 0.5960128 0.4867523 0.8632750 0.6674257 0.6743384 0.7513386 0.7683825 0.7263449 0.5366156 0.6863980 0.6309152 0.7207638 0.7428464 0.7211225 0.6995981 0.7822409 0.6488761 0.6708426 0.6651065 0.7999296 1.0084100 0.7319748 0.5777743 0.4617122 0.4981138 0.7287313 0.7463291 0.8206288 0.7656677 0.9030885 0.7987770 0.8167662 0.7792913 0.8126192 0.7891255 0.9724959 1.1312883 1.0235002 1.0288829 1.0075642 1.0510997 0.9101407 0.2228950 1.1105363 1.2381866 1.1363062 0.9831534 6.9881041 5.8278787 
Rhoesc_Res_005605-T1                                   0.8246380 0.7432334 0.7314838 0.7977682 0.7857504 0.7416543 0.6090100 0.7540656 0.8542221 0.5706269 0.7402033 0.7255234 0.2731283 0.7160006 0.6683231 0.6307489 0.6082854 0.6452193 0.6241473 0.6591348 0.6702571 0.0699569 0.0000000 0.2185920 0.5171206 0.7013362 0.6387009 0.6387009 0.7543646 0.7543646 0.6503760 0.6219522 0.6527159 0.6954527 0.6801374 0.8083541 0.8094068 0.8221973 0.7283638 0.7276343 0.6256571 0.8417525 0.7283638 0.7276343 0.7008930 0.9170726 0.8901614 0.7774761 0.7875888 0.7920873 0.7920873 0.6576896 0.6576896 0.6959119 0.6959119 0.7491614 0.5680247 0.6423448 0.8611374 0.7313016 0.6354354 0.5802897 0.5514181 0.7556427 0.7127119 0.6845846 0.8500761 0.9085272 0.7378575 0.6318384 0.6226160 0.4946186 0.8997047 0.6804134 0.7222719 0.7615433 0.7544847 0.7259851 0.5430492 0.7036747 0.6663306 0.7095605 0.7872646 0.7099651 0.7202946 0.8223679 0.6419856 0.6856517 0.6926848 0.8096908 1.0578981 0.7176303 0.5576013 0.4630240 0.4707941 0.7572177 0.7712797 0.8340786 0.7846467 0.9127672 0.8147838 0.8267995 0.7793501 0.8450848 0.7945973 0.9727944 1.1683351 1.0391287 1.0612815 1.0526788 1.0822736 0.9224501 0.2189536 1.1581637 1.2382241 1.1664075 0.9902979 7.0291193 5.7083446 
Sanmal_Sma_005906-T1                                   0.8387192 0.7894517 0.7390973 0.7964827 0.8147455 0.7308070 0.6411962 0.8185734 0.8049609 0.6093012 0.7947582 0.8012963 0.3561340 0.7517585 0.7165567 0.6866686 0.6859419 0.6885390 0.6761851 0.7082524 0.7201778 0.2002833 0.2185920 0.0000000 0.5172501 0.7335442 0.6630466 0.6630466 0.8098405 0.8098405 0.7092839 0.6634950 0.6873549 0.6618055 0.7256740 0.8226426 0.8592537 0.7481501 0.7848312 0.6924296 0.5987832 0.7381719 0.7848312 0.6924296 0.6648229 0.8435965 0.8179659 0.8359230 0.8515388 0.8385656 0.8385656 0.6199116 0.6199116 0.6355861 0.6355861 0.7522903 0.5800355 0.6278961 0.8659743 0.8075709 0.6711082 0.6101796 0.6131198 0.8454949 0.7603047 0.7249168 0.8989511 0.9459472 0.7667968 0.6818431 0.6608598 0.5193267 0.8954847 0.7064722 0.7010204 0.7696287 0.8173222 0.8318776 0.4810486 0.6761705 0.6781155 0.6682242 0.8083891 0.7157701 0.7719312 0.8883313 0.6687320 0.7194673 0.6935905 0.8564151 1.0935291 0.7494855 0.6942261 0.5725842 0.5537735 0.8100606 0.7949877 0.8411064 0.7917804 0.9115338 0.8354187 0.8417797 0.8147402 0.8721993 0.8562425 0.9903778 1.1729798 1.0197409 0.9810931 1.0332831 1.1394743 0.8870848 0.2817315 1.0750229 1.2642276 1.1719900 1.0315959 7.8077176 6.4536858 
Tetwil_g14511.t1                                       0.4108158 0.3701897 0.7732307 0.6518435 0.5719528 0.6068592 0.6502163 0.6722694 0.6399729 0.4192943 0.4716429 0.3604139 0.3450934 0.3140052 0.3154521 0.4017592 0.4017592 0.3953066 0.3953066 0.3920580 0.3920580 0.4877346 0.5171206 0.5172501 0.0000000 0.4874258 0.5195819 0.5195819 0.4775413 0.4775413 0.4801105 0.4801105 0.5158481 0.5796642 0.5158481 0.5158481 0.5027099 0.6622020 0.5027099 0.5724913 0.5011805 0.7004150 0.5027099 0.5724913 0.5399058 0.7362385 0.7272896 0.4774133 0.4774133 0.4788469 0.4788469 0.5225411 0.5225411 0.5177112 0.5177112 0.4792427 0.4750503 0.5120846 0.4343837 0.4945864 0.4887835 0.4887835 0.5120087 0.5120087 0.4887835 0.4835100 0.5081536 0.5385792 0.5226450 0.5078906 0.4757304 0.5212578 0.5704680 0.5091599 0.5855849 0.4938334 0.4580304 0.4640476 0.4347041 0.4689242 0.4363399 0.5892488 0.5219388 0.5296251 0.5674175 0.6891869 0.5190838 0.6460822 0.6498347 0.6047353 0.6387880 0.4813976 0.4972885 0.5114152 0.5190084 0.5923806 0.5500425 0.5597640 0.6398028 0.5742200 0.5870069 0.5870069 0.6147742 0.6536015 0.6163319 0.7854662 0.6385593 0.7781668 0.7894652 0.7998087 0.8719631 0.7411729 0.6358411 0.8069781 0.8108384 0.9025269 0.7924077 6.3794021 5.9119687 
Bralan_BLAG10000422_1                                  0.8049102 0.7600876 0.7191196 0.8448981 0.7612686 0.7674170 0.6057813 0.7916570 0.8197933 0.4193711 0.4992417 0.7739602 0.3564230 0.6945288 0.6941066 0.5459524 0.5460044 0.5528899 0.5374394 0.5634292 0.5705032 0.6846176 0.7013362 0.7335442 0.4874258 0.0000000 0.4412213 0.4412213 0.5803346 0.5803346 0.4981486 0.4805808 0.4391997 0.3961430 0.4817213 0.5918778 0.6225791 0.2981552 0.5483076 0.3861782 0.2856195 0.3579648 0.5483076 0.3861782 0.3636912 0.3725562 0.3729429 0.5917169 0.5958824 0.5995329 0.5995329 0.3748808 0.3748808 0.3750119 0.3750119 0.5930742 0.4107855 0.3234554 0.8425033 0.5624277 0.5208065 0.4477450 0.4420733 0.6588931 0.5957436 0.5481461 0.6987813 0.6349939 0.5220313 0.6526595 0.6439375 0.3828725 0.6475701 0.5195981 0.6082236 0.4440144 0.4426872 0.5491189 0.4444971 0.5132417 0.5589849 0.6456449 0.7708927 0.5561625 0.7727359 0.8550925 0.8396969 0.7459407 0.6617662 0.8703683 0.9276377 0.7432596 0.8312589 0.7838882 0.7366672 0.8363548 0.8382162 0.5724219 0.5484613 0.7145450 0.7352387 0.7523592 0.7444238 0.7975901 0.7892406 0.9101614 1.0955224 0.8999700 0.9960004 0.9666745 1.0005599 1.0121970 0.6820293 1.1453103 1.1636281 1.0407479 0.9709023 6.7240875 5.8865729 
Bolinf_Binf_sb1229260                                  0.6924181 0.6670346 0.5862056 0.5757975 0.5392520 0.5187083 0.5748857 0.6126086 0.6086766 0.4911051 0.5627286 0.5583822 0.4003785 0.4744325 0.5372903 0.4554406 0.4554406 0.4688823 0.4688823 0.4723499 0.4723499 0.6492184 0.6387009 0.6630466 0.5195819 0.4412213 0.0000000 0.0000010 0.0125142 0.0125142 0.0156631 0.0157168 0.1617131 0.1664322 0.1617131 0.1654021 0.1646802 0.1340845 0.1646802 0.1271131 0.1110134 0.1305240 0.1646802 0.1271131 0.1309144 0.1832285 0.1908417 0.1344973 0.1344973 0.1991058 0.1991058 0.1801614 0.1801614 0.1949078 0.1949078 0.1610168 0.1540541 0.1402377 0.2081513 0.2017462 0.2340597 0.2350292 0.2341850 0.2386417 0.2340597 0.2532051 0.1922837 0.2053387 0.3927513 0.5556500 0.5123441 0.4992133 0.5738310 0.5157894 0.6343027 0.4457893 0.4090499 0.6277422 0.6117471 0.4727971 0.5781854 0.4524669 0.5447164 0.4496330 0.6053760 0.7284768 0.6213116 0.6279150 0.5869341 0.6453732 0.6680972 0.5166775 0.6542276 0.6132624 0.5556940 0.6326282 0.6387708 0.5395064 0.6331758 0.6311373 0.5459955 0.5459955 0.4824209 0.5238700 0.5291321 0.8162830 0.7720204 0.7549557 0.7974959 0.8435747 0.9235661 0.8350763 0.7709747 0.7763343 0.8539427 0.8112099 0.9458496 7.5760656 6.0406626 
Bolinf_Binf_sb1229261                                  0.6924181 0.6670346 0.5862056 0.5757975 0.5392520 0.5187083 0.5748857 0.6126086 0.6086766 0.4911051 0.5627286 0.5583822 0.4003785 0.4744325 0.5372903 0.4554406 0.4554406 0.4688823 0.4688823 0.4723499 0.4723499 0.6492184 0.6387009 0.6630466 0.5195819 0.4412213 0.0000010 0.0000000 0.0125142 0.0125142 0.0156631 0.0157168 0.1617131 0.1664322 0.1617131 0.1654021 0.1646802 0.1340845 0.1646802 0.1271131 0.1110134 0.1305240 0.1646802 0.1271131 0.1309144 0.1832285 0.1908417 0.1344973 0.1344973 0.1991058 0.1991058 0.1801614 0.1801614 0.1949078 0.1949078 0.1610168 0.1540541 0.1402377 0.2081513 0.2017462 0.2340597 0.2350292 0.2341850 0.2386417 0.2340597 0.2532051 0.1922837 0.2053387 0.3927513 0.5556500 0.5123441 0.4992133 0.5738310 0.5157894 0.6343027 0.4457893 0.4090499 0.6277422 0.6117471 0.4727971 0.5781854 0.4524669 0.5447164 0.4496330 0.6053760 0.7284768 0.6213116 0.6279150 0.5869341 0.6453732 0.6680972 0.5166775 0.6542276 0.6132624 0.5556940 0.6326282 0.6387708 0.5395064 0.6331758 0.6311373 0.5459955 0.5459955 0.4824209 0.5238700 0.5291321 0.8162830 0.7720204 0.7549557 0.7974959 0.8435747 0.9235661 0.8350763 0.7709747 0.7763343 0.8539427 0.8112099 0.9458496 7.5760656 6.0406626 
Beraby_Baby_sb339759                                   0.8161770 0.7867528 0.5862056 0.6450546 0.6228656 0.6031268 0.5209074 0.6813415 0.6510341 0.4928018 0.6187083 0.6590599 0.4003785 0.6221138 0.6174150 0.5592089 0.5279982 0.5629306 0.5154986 0.5458790 0.5458790 0.7784718 0.7543646 0.8098405 0.4775413 0.5803346 0.0125142 0.0125142 0.0000000 0.0000010 0.0026460 0.0114736 0.1575269 0.1664322 0.1718449 0.1957541 0.2033238 0.1340845 0.1783247 0.1490100 0.1363534 0.1690161 0.1783247 0.1490100 0.1534037 0.1832285 0.1908417 0.1709715 0.1685321 0.2402646 0.2402646 0.1801614 0.1801614 0.1949078 0.1949078 0.1981582 0.1299778 0.1402377 0.2586809 0.2536515 0.2550385 0.2212870 0.2066136 0.3420848 0.2818758 0.3004976 0.2468784 0.2517141 0.4902815 0.6309709 0.6294296 0.4992133 0.7036706 0.6077636 0.6343027 0.5180286 0.5273658 0.6851075 0.5381622 0.5953909 0.6505711 0.5367456 0.6595842 0.5687791 0.6911385 0.7948984 0.6903703 0.6588804 0.6741826 0.7633112 1.0336896 0.6761610 0.7507096 0.7354276 0.6344834 0.7475397 0.7464062 0.6561894 0.6543611 0.7341917 0.6059068 0.6085153 0.5733763 0.5888166 0.6171033 0.9147322 0.9129040 0.7950795 0.8000372 0.8697820 0.9477783 0.8977278 0.7620210 0.8157231 0.9756529 0.8957648 1.0356745 8.0579046 6.5812761 
Beraby_Baby_sb339760                                   0.8161770 0.7867528 0.5862056 0.6450546 0.6228656 0.6031268 0.5209074 0.6813415 0.6510341 0.4928018 0.6187083 0.6590599 0.4003785 0.6221138 0.6174150 0.5592089 0.5279982 0.5629306 0.5154986 0.5458790 0.5458790 0.7784718 0.7543646 0.8098405 0.4775413 0.5803346 0.0125142 0.0125142 0.0000010 0.0000000 0.0026460 0.0114736 0.1575269 0.1664322 0.1718449 0.1957541 0.2033238 0.1340845 0.1783247 0.1490100 0.1363534 0.1690161 0.1783247 0.1490100 0.1534037 0.1832285 0.1908417 0.1709715 0.1685321 0.2402646 0.2402646 0.1801614 0.1801614 0.1949078 0.1949078 0.1981582 0.1299778 0.1402377 0.2586809 0.2536515 0.2550385 0.2212870 0.2066136 0.3420848 0.2818758 0.3004976 0.2468784 0.2517141 0.4902815 0.6309709 0.6294296 0.4992133 0.7036706 0.6077636 0.6343027 0.5180286 0.5273658 0.6851075 0.5381622 0.5953909 0.6505711 0.5367456 0.6595842 0.5687791 0.6911385 0.7948984 0.6903703 0.6588804 0.6741826 0.7633112 1.0336896 0.6761610 0.7507096 0.7354276 0.6344834 0.7475397 0.7464062 0.6561894 0.6543611 0.7341917 0.6059068 0.6085153 0.5733763 0.5888166 0.6171033 0.9147322 0.9129040 0.7950795 0.8000372 0.8697820 0.9477783 0.8977278 0.7620210 0.8157231 0.9756529 0.8957648 1.0356745 8.0579046 6.5812761 
Drygla_Dgla_sb283805                                   0.7112667 0.6870337 0.5891845 0.5702504 0.5220941 0.5171156 0.5231124 0.5932595 0.5833462 0.4879157 0.5426263 0.5320586 0.4003785 0.4977013 0.5472605 0.4869048 0.4818733 0.4879913 0.4879913 0.4887028 0.4887028 0.6637426 0.6503760 0.7092839 0.4801105 0.4981486 0.0156631 0.0156631 0.0026460 0.0026460 0.0000000 0.0085890 0.1579829 0.1664322 0.1616776 0.1693883 0.1565272 0.1340845 0.1565272 0.1271131 0.1110134 0.1305240 0.1565272 0.1271131 0.1309144 0.1832285 0.1908417 0.1315825 0.1315825 0.2009677 0.2009677 0.1806163 0.1806163 0.1949078 0.1949078 0.1534669 0.1307410 0.1402377 0.1833839 0.1929401 0.2415364 0.2118752 0.2085016 0.3120378 0.2415364 0.2699851 0.1844434 0.1963026 0.4115728 0.5619510 0.5292650 0.4992133 0.6236079 0.5224733 0.6343027 0.4662507 0.4394027 0.6138519 0.5416918 0.5096344 0.5862223 0.4695048 0.5587328 0.4982395 0.6199047 0.7202523 0.6094066 0.6263994 0.5947183 0.6507862 0.8832992 0.5751943 0.6369505 0.6286855 0.5650582 0.6403622 0.6457883 0.5705108 0.6586984 0.6900806 0.5383917 0.5339757 0.4959108 0.5205046 0.5222760 0.8089873 0.7137866 0.7220213 0.7478452 0.7622057 0.8841679 0.8314418 0.7643567 0.7640439 0.8457130 0.8062988 0.9396621 7.7260832 6.3532136 
Mertsp_Mesp_sb543780                                   0.6691468 0.6404586 0.5891845 0.5454672 0.5277064 0.5112468 0.5231124 0.5789750 0.5687163 0.4707381 0.5292600 0.5039767 0.4003785 0.4618503 0.5160680 0.4506861 0.4454650 0.4522496 0.4522496 0.4558001 0.4558001 0.6361781 0.6219522 0.6634950 0.4801105 0.4805808 0.0157168 0.0157168 0.0114736 0.0114736 0.0085890 0.0000000 0.1579829 0.1664322 0.1553320 0.1553320 0.1513563 0.1340845 0.1513563 0.1271131 0.1110134 0.1305240 0.1513563 0.1271131 0.1309144 0.1832285 0.1908417 0.1247710 0.1247710 0.1965716 0.1965716 0.1806163 0.1806163 0.1949078 0.1949078 0.1481759 0.1307410 0.1402377 0.1778352 0.1894457 0.2416772 0.2118752 0.2085016 0.2308269 0.2416772 0.2624074 0.1753915 0.1892537 0.4116699 0.5362067 0.4942391 0.4992133 0.5896034 0.4789610 0.6343027 0.4347465 0.3981506 0.5922151 0.5416918 0.4676269 0.5438208 0.4801707 0.5405802 0.4847763 0.5881379 0.6984786 0.5848100 0.6028753 0.5889298 0.6123087 0.7447312 0.5375788 0.6158206 0.5957127 0.5423935 0.6127475 0.6249534 0.5098372 0.5963386 0.6387093 0.5334536 0.5334536 0.4900611 0.5112132 0.5149897 0.7987298 0.6944584 0.7207418 0.7468909 0.7825152 0.8767838 0.8156771 0.7543739 0.7578036 0.8382165 0.7777909 0.8923490 6.9850240 5.8205499 
