94
Emue_Em0021g868a.t1                                               0.0000000 0.0000010 0.0884033 0.0686729 0.7195161 0.4018508 1.1525625 1.8121958 1.3228339 1.6394784 0.8958177 1.5384718 1.7977412 1.3209141 1.0795188 1.7135855 1.7675148 1.7016065 1.7134381 0.8955879 0.8533456 1.1128099 1.4829205 1.4829205 1.5540434 1.5903184 1.5130878 1.4177328 1.3734006 1.4761359 1.3699193 1.5836828 1.4553063 1.6873250 1.3578558 2.1309465 1.6539987 2.3821188 1.7148494 2.9187054 2.0113546 1.9477065 1.7151470 1.5632938 1.7068501 1.7746278 2.2951020 2.5571144 2.1713636 2.3553529 2.2422961 1.8724914 2.3817908 1.8050113 1.9222422 2.0416678 1.8330957 1.8410636 1.8218419 1.8389681 1.8398313 1.8269625 1.9636084 1.6141617 1.5379960 2.3803795 2.0400219 1.9448433 3.2660796 2.1201051 2.6587285 2.6816929 3.9117194 3.3890400 2.1100961 1.7385920 2.6421163 3.5556205 2.5279771 2.7097177 2.6656083 1.9278062 2.1796302 2.4528160 1.4875427 2.7084011 2.2402810 2.4071898 2.3050923 2.6082234 2.4527230 2.2345788 2.4449471 5.3030538 
Emue_Em0192g9a.t1                                                 0.0000010 0.0000000 0.0884033 0.0686729 0.7195161 0.4018508 1.1525625 1.8121958 1.3228339 1.6394784 0.8958177 1.5384718 1.7977412 1.3209141 1.0795188 1.7135855 1.7675148 1.7016065 1.7134381 0.8955879 0.8533456 1.1128099 1.4829205 1.4829205 1.5540434 1.5903184 1.5130878 1.4177328 1.3734006 1.4761359 1.3699193 1.5836828 1.4553063 1.6873250 1.3578558 2.1309465 1.6539987 2.3821188 1.7148494 2.9187054 2.0113546 1.9477065 1.7151470 1.5632938 1.7068501 1.7746278 2.2951020 2.5571144 2.1713636 2.3553529 2.2422961 1.8724914 2.3817908 1.8050113 1.9222422 2.0416678 1.8330957 1.8410636 1.8218419 1.8389681 1.8398313 1.8269625 1.9636084 1.6141617 1.5379960 2.3803795 2.0400219 1.9448433 3.2660796 2.1201051 2.6587285 2.6816929 3.9117194 3.3890400 2.1100961 1.7385920 2.6421163 3.5556205 2.5279771 2.7097177 2.6656083 1.9278062 2.1796302 2.4528160 1.4875427 2.7084011 2.2402810 2.4071898 2.3050923 2.6082234 2.4527230 2.2345788 2.4449471 5.3030538 
Spolac_c99224_g1_i1_m.19118c99224-g1                              0.0884033 0.0884033 0.0000000 0.0000010 0.6472039 0.3266161 1.0278308 1.9682092 1.1330341 1.5093153 0.7705661 1.3624310 1.5422737 1.1549854 0.8950843 1.5016528 1.5335812 1.4935099 1.4981900 0.7275587 0.7521367 1.0124722 1.4222113 1.4222113 1.4773904 1.3554189 1.3562595 1.2549266 1.2355516 1.2100540 1.3121442 1.4719323 1.3578633 1.6072817 1.3914796 1.8297352 1.5022298 2.4398198 1.9344311 3.1047933 1.8568431 1.7627597 1.0990040 1.3270986 1.6720420 1.3852598 2.0595602 2.1961742 2.0800919 2.0737321 2.0854294 1.7262606 2.4193935 1.7782543 1.7681014 2.1789066 1.6414941 1.6696520 1.5982198 1.6123789 1.3659089 1.8966798 1.4230850 1.4104775 1.3388901 2.1069283 2.0814579 1.9751010 2.9277781 1.8368293 2.4071350 2.4308101 4.0443376 3.4556874 1.9186991 1.5275713 2.3980862 3.7148243 2.2916097 2.4202143 2.3974366 1.7530816 1.9336111 2.1239424 1.3215664 2.4055333 1.8313957 2.1956193 2.1504619 2.5015576 2.3443223 2.4671660 2.4473523 4.9066501 
Spolac_c99224_g1_i2_m.19119c99224-g1                              0.0686729 0.0686729 0.0000010 0.0000000 0.4825871 0.2593610 0.6918548 1.1279785 0.9042840 1.4087277 0.7705661 1.0317511 1.2697405 1.2179323 0.7673549 1.1843663 1.1887827 1.0874187 1.1690309 0.7275587 0.7521367 1.0124722 1.2588059 1.2588059 1.3539465 1.0732996 1.2093785 1.2093785 1.0421287 1.2100540 1.2473761 1.1915172 1.1581369 1.2379819 1.2615810 1.5233136 1.3450088 8.9999989 2.0238927 2.5078179 1.6439433 1.7627597 1.0990040 1.1455523 1.5501652 1.4308986 1.7784739 1.7784739 1.8411073 1.7422608 1.6782721 1.5906575 2.1996980 1.6489697 1.4726475 1.8857108 1.4256343 1.4587326 1.4973196 1.5164730 1.0423388 1.8407160 0.8416189 1.1740002 1.1740002 1.5209791 1.9438078 1.9751010 2.4310337 1.4996969 1.6820298 1.7096442 2.9064062 2.9064062 1.6734741 1.5275713 2.1061455 3.9875478 1.8777490 2.0784684 1.8679580 1.5034701 1.6016836 1.7604003 1.3215664 1.9074096 1.8313957 1.8251513 1.6736548 2.0824988 2.0824988 2.2064985 1.9452727 3.2660719 
Tetwil_g1561.t1                                                   0.7195161 0.7195161 0.6472039 0.4825871 0.0000000 0.2406084 0.8071541 1.5663655 1.0900871 1.4511675 0.6268266 1.1722221 1.4503202 1.2011744 0.9088304 1.4101751 1.4149376 1.2966134 1.4656000 0.8229296 0.8484190 1.0584893 1.2091423 1.2091423 1.2037942 1.2093233 1.1857184 1.1716504 1.2101083 1.1302808 1.1504169 1.2693370 1.2200845 1.4352686 0.9068723 1.4817100 1.2686208 1.8607569 1.8099973 2.6258965 1.4163762 1.4274712 1.3041493 1.1847474 1.5671350 1.3596627 1.8459497 2.0980231 1.8534774 1.9975344 2.0173371 1.6119089 1.9542862 1.5254590 1.6972630 2.0976951 1.5682871 1.6447767 1.5504561 1.5643307 1.2806519 1.8974670 1.5074730 1.3541332 1.3968934 1.8109050 1.8238352 1.7686701 2.6695857 1.9356902 2.3420250 2.3530070 3.5698095 3.2246784 1.6024192 1.4479348 2.2103411 3.3600574 2.0255001 2.4230651 2.3450450 1.6607958 1.8481595 2.2815814 1.5516960 2.2661104 2.0522291 2.2145013 1.9609309 2.5843744 2.2329911 2.0629622 1.9686655 4.7122408 
Stycar_maker-SC_scaffold141472-snap-gene-0.5-mRNA-1               0.4018508 0.4018508 0.3266161 0.2593610 0.2406084 0.0000000 0.4271783 0.0606697 0.7127767 0.7808900 0.7351993 0.7708651 0.9303980 0.8221298 0.7507752 0.8354695 0.8167278 0.9137868 0.8690127 0.7641131 0.7387085 0.9391897 0.8962686 0.8962686 0.8474904 0.7179234 0.8153619 0.7337328 0.7894644 0.8784547 0.9084155 0.8101201 0.7440801 0.8512079 0.8391413 0.8899602 0.9383870 4.8528721 2.1727670 1.9531906 0.9800373 1.0695858 0.9490724 1.1046265 1.1751503 1.1302801 1.4295669 1.3743673 1.3138834 1.2633931 1.1464439 1.2137341 1.6113009 0.8592432 0.7369354 0.7366955 0.9150507 1.0166041 1.0214677 1.0443387 1.0117230 1.3617007 1.0220296 1.0084335 0.9195816 1.0254389 1.4757784 1.4271351 2.3001025 1.0901476 1.1231657 1.1466674 2.0127280 2.0127280 0.9821099 1.2897964 1.3419411 1.8753505 1.5221724 1.8033589 1.5838294 1.0398032 1.1339298 1.1723607 1.1485612 1.2231632 2.0352036 1.7298754 1.1239184 1.5129034 1.4314137 1.5744776 1.5810256 1.2169329 
Xestes_augustus_masked-XT_scaffold2328-processed-gene-0.19-mRNA-1 1.1525625 1.1525625 1.0278308 0.6918548 0.8071541 0.4271783 0.0000000 2.2007210 0.6667173 0.8355844 0.4746819 1.1631013 1.6742499 1.4236311 0.9317438 1.5703588 1.5561786 1.4762417 1.6387430 0.7015178 0.7087015 1.0185002 1.4586363 1.4586363 1.4452326 1.5785218 1.4521756 1.4202521 1.6070667 1.2482830 1.3729063 1.4269735 1.3960237 1.6258192 1.1845300 1.7204345 1.5149687 2.1509209 2.1733406 2.9728150 1.8617444 1.7254483 1.5005305 1.3661102 1.8104159 1.3372648 2.0503370 2.1285600 2.2012022 1.8943108 2.0711698 1.9306392 2.5525447 2.2209511 1.7985571 2.1295045 1.6402980 1.7341914 1.7724369 1.7876439 1.4395596 1.9486750 1.5834230 1.3899190 1.3046759 2.0033739 1.7441059 1.8993251 2.5593718 2.1717035 2.4446999 2.4701121 4.2073323 3.8177254 1.8861440 1.4828941 2.5974276 4.2309068 2.0419836 2.5129765 2.1700417 1.6875640 1.9649850 2.5216496 1.6788444 2.4477220 2.1098119 2.5656972 2.0111308 3.2724489 3.0175352 2.5391922 2.4724886 3.5161726 
Stycar_maker-SC_scaffold126059-snap-gene-0.5-mRNA-1               1.8121958 1.8121958 1.9682092 1.1279785 1.5663655 0.0606697 2.2007210 0.0000000 2.5517215 5.3203332 1.0469870 2.9182166 2.8632166 2.0943194 1.1643814 2.8048520 2.8485048 2.5492650 2.8598330 1.3178874 1.2591547 1.7997061 2.9338540 2.9338540 2.6954206 2.4751925 2.7653903 2.3853792 2.9378318 2.5377819 2.9212290 2.9054372 2.8776822 2.5591054 1.1043340 2.7617318 3.2780729 7.7193162 5.1809255 5.5711488 2.9082719 3.4643904 2.9027826 1.8903719 2.9290108 2.6015017 4.4635255 4.2666596 3.8658944 3.9820057 3.3318461 3.7787825 6.0042980 3.7035641 4.1009060 4.5240578 3.6631819 3.5497696 3.5711860 3.5975653 1.9738948 3.5219545 2.6202140 3.1672519 2.6457442 3.5902847 3.9163128 2.3539915 4.7412471 3.6069128 3.7683049 3.7761819 5.6056449 6.1417254 3.5812878 2.5643832 4.0287121 7.6282230 3.8762915 4.8727105 4.6062919 2.6142483 3.6445314 3.2084695 2.1703289 3.7520188 3.2772591 3.9859825 3.2438043 4.4094209 3.3932263 3.9386785 5.5759864 6.4743096 
Aque_Aqu2.1.17808_001                                             1.3228339 1.3228339 1.1330341 0.9042840 1.0900871 0.7127767 0.6667173 2.5517215 0.0000000 0.0081569 0.0000010 1.6338220 1.7128079 1.4827640 0.9254096 1.6895178 1.6722303 1.6175350 1.7131697 0.7909892 0.8156843 1.0796818 1.7641909 1.7641909 1.7346930 1.6406928 1.5415206 1.5727152 1.5896029 1.3577419 1.4853602 1.7128798 1.5527204 1.8452639 1.3203278 2.1003221 1.7232204 1.8356567 2.5871454 3.8608586 1.8458062 1.7356505 1.7325986 1.4155314 1.8606601 1.7018711 2.2092315 2.4296396 2.3436552 2.3155904 2.3338376 1.7703479 2.5844779 2.2791032 2.0146819 2.3308050 1.8987927 1.9532269 2.0117150 2.0278118 1.8357644 2.1342705 2.2437170 1.5738605 1.6149459 2.4786138 2.3630148 2.4271942 3.1397347 1.9583484 2.6042211 2.6284707 3.9266642 3.1834051 2.0551664 1.6785675 2.4560618 3.9882998 2.3697415 2.3952321 2.3862519 2.2449082 2.1253051 2.3795689 1.5740385 2.2957291 2.6837003 2.8063653 2.6324067 3.0530466 2.9865483 2.8696910 2.6839561 2.6451974 
Aque_Aqu2.1.16041_001                                             1.6394784 1.6394784 1.5093153 1.4087277 1.4511675 0.7808900 0.8355844 5.3203332 0.0081569 0.0000000 0.0000010 2.4090951 2.7219016 2.6592883 0.0000010 2.6765984 2.6499695 2.6223341 2.6267416 0.0000010 0.0000010 1.5367680 2.4778756 2.4778756 2.7148503 2.9384350 2.3403035 2.9842648 2.2380313 5.8965707 2.0862787 2.5475767 2.3175991 2.9558866 2.4209956 3.8091006 2.4221130 1.3133968 2.6298357 3.8091006 2.7327564 2.8260239 9.0000000 3.0600493 2.5650494 2.7214422 2.9708589 3.7237153 3.5416908 3.9589818 4.1230038 2.3850247 2.6709879 2.9435974 2.7181268 2.7181268 2.3999685 2.3857779 2.4485944 2.4485944 8.9999982 2.3190041 8.9999982 2.0659617 2.5684945 3.6842962 2.9984701 4.4243648 7.0565398 3.1735096 5.0869282 5.0869282 5.0869282 4.1095399 3.1806831 2.8491986 3.7383321 3.7926934 3.5467750 3.3694601 3.4150500 3.5169063 2.7693756 3.7585565 2.1781812 3.4709398 4.5407246 4.1126861 3.8648452 4.8100595 5.6906961 3.8379800 2.8765216 2.1484429 
Aque_Aqu2.1.08169_001                                             0.8958177 0.8958177 0.7705661 0.7705661 0.6268266 0.7351993 0.4746819 1.0469870 0.0000010 0.0000010 0.0000000 0.9985725 0.9426715 0.9068722 0.9299780 0.9104400 0.9104400 0.9967020 0.9833461 0.7460836 0.7785867 0.9007672 1.1802926 1.1802926 1.0158621 0.8156354 0.9723833 0.9723833 1.0472278 0.7685471 0.8971155 1.0826297 0.9424053 1.2019059 1.1276589 1.0537933 1.0537933 3.6184952 2.3776096 2.3776096 0.8694908 1.1556033 1.2838469 1.1950505 1.0425869 1.3862502 1.4230034 1.4230034 1.2606070 1.2264228 1.1739622 0.7516556 0.0000010 1.4115621 0.8667886 0.0000010 1.0639674 1.2797595 1.3032728 1.3032728 1.3032728 1.5340156 1.2268546 1.3029605 1.3029605 1.2948917 1.4428328 2.2282773 1.4509119 1.1323118 1.0103239 1.0786858 3.0790087 3.0790087 1.3574051 1.5174952 1.5174952 0.0000010 1.4516584 1.6478916 1.4904493 1.2153758 1.5220724 1.9185101 1.9185101 1.6500925 2.0601473 1.6802707 1.7118020 1.8820480 1.8820480 1.7173146 3.0759183 0.0000010 
Bralan_BLAG14000217_1                                             1.5384718 1.5384718 1.3624310 1.0317511 1.1722221 0.7708651 1.1631013 2.9182166 1.6338220 2.4090951 0.9985725 0.0000000 0.8699261 0.7351020 0.4215850 0.7678201 0.7731429 0.7755003 0.8428225 0.4156488 0.4207069 0.5900962 0.8944907 0.8944907 0.9838633 0.7198712 0.6804078 0.6216006 0.6692597 0.7151857 0.5711552 0.8026651 0.6711846 0.8778892 0.8725587 1.5451580 1.2456186 1.3467766 1.9856442 3.0369701 1.1502426 1.0607689 1.0740194 0.8992282 1.4812055 1.1821670 1.6901655 1.7155891 1.6575342 1.6913517 1.7413101 1.3352524 1.5701403 1.3206171 1.5091738 1.9151497 1.5393861 1.5515842 1.5043652 1.5178551 1.2794157 1.7891283 1.2280984 1.2649665 1.2657602 1.6310709 1.6934126 1.5845416 2.8352459 1.7072610 2.2375627 2.2646697 3.6169466 3.2367301 1.4603558 1.2521082 1.8956630 3.2782335 2.0241788 1.8667367 2.0160212 1.4876197 1.6841083 2.3802937 1.6892284 2.6199770 2.1669434 2.1949282 1.8847072 2.8363951 2.5079583 2.2492825 2.1066018 6.4322729 
Gasp_gasp1.m3.26862.m1                                            1.7977412 1.7977412 1.5422737 1.2697405 1.4503202 0.9303980 1.6742499 2.8632166 1.7128079 2.7219016 0.9426715 0.8699261 0.0000000 0.0741333 0.1006842 0.1397921 0.1595807 0.1323556 0.1388280 0.0686189 0.0826097 0.2984737 0.7345107 0.7345107 0.8262468 0.7904118 0.8686447 0.8346253 0.8262690 0.4607320 0.9554123 1.0372430 0.9058396 1.1214259 0.7983454 1.3921478 1.2543292 1.8839738 2.0256483 2.8157316 0.9007084 0.9021266 0.9533467 0.6373987 1.1749433 1.2694326 1.5407633 1.7881343 1.5292416 1.5026760 1.5496256 1.0164894 1.3502202 1.1940604 1.6662878 2.0220244 1.5804974 1.5975203 1.6008598 1.6154528 1.4911480 1.9047812 1.5246988 1.5791120 1.6086272 1.7537183 1.7504917 1.4907396 2.9833858 1.5936447 2.1608004 2.1983921 3.5569718 3.0589229 1.5995219 1.4542545 1.9176911 2.8229743 1.9474870 2.0057271 1.7996866 1.4804978 1.8532224 2.2509847 1.5867769 2.4533936 1.8533803 1.9663005 1.8223086 2.6652401 2.3067953 2.4740962 1.9993031 4.9485325 
Fspp_ffun1.m4.1590.m1                                             1.3209141 1.3209141 1.1549854 1.2179323 1.2011744 0.8221298 1.4236311 2.0943194 1.4827640 2.6592883 0.9068722 0.7351020 0.0741333 0.0000000 0.0560601 0.0912496 0.0987860 0.0917576 0.1057212 0.0542987 0.0681127 0.2998196 0.6238324 0.6238324 0.6693258 0.7194625 0.7739296 0.8015239 0.7489468 0.4696897 0.8915564 0.9499020 0.7714747 0.9210981 0.6510281 1.1774827 1.0790232 1.6662137 2.0576081 2.5084390 0.6753498 0.7872993 0.8841717 0.5664693 0.9223416 1.1841170 1.3896238 1.3896238 1.3475092 1.2924783 1.2932793 0.9138451 1.0970206 0.9198998 1.1890511 1.4142765 1.2132985 1.2352497 1.2677634 1.2839673 1.1301192 1.4861558 0.8600742 1.3801002 1.4026687 1.3595257 1.4860758 1.4534436 2.3818252 1.3960994 1.7553930 1.7973502 3.1626403 3.1626403 1.5191639 1.4711028 1.8799926 3.0067282 1.9669553 2.0036404 1.6838034 1.3209826 1.4288131 2.0718710 1.6888288 2.1863959 1.8569720 1.7991826 1.5534304 2.2982116 2.2584946 2.3189551 2.0732664 3.8991334 
Spis_XP_022778176_1                                               1.0795188 1.0795188 0.8950843 0.7673549 0.9088304 0.7507752 0.9317438 1.1643814 0.9254096 0.0000010 0.9299780 0.4215850 0.1006842 0.0560601 0.0000000 0.0422939 0.0654941 0.0882460 0.0979195 0.0702374 0.0845517 0.2602089 0.5389275 0.5389275 0.5044476 0.3915162 0.4337597 0.3755471 0.4148765 0.1784753 0.6747599 0.5284236 0.5854373 0.7111914 0.5206837 0.7708899 0.7269232 7.0162708 5.7109835 6.9712177 0.5547832 0.4179391 0.7704696 0.4989397 0.7408331 0.8109920 0.9842312 0.8930335 1.0264107 0.9317059 0.9055352 0.6201165 9.0000000 0.0885774 0.8463821 1.1608141 1.0931626 1.3082002 1.3514222 1.4078228 1.2022292 2.0584615 1.2152778 1.3893747 1.2863135 1.0046393 1.4010287 1.3767420 1.4944893 0.8392047 0.9800040 1.0477479 2.8116624 2.8045464 1.0772039 1.2387604 1.3715916 0.0000010 1.3640265 1.5219962 1.1476003 1.1814640 0.9985390 1.5313312 1.4329606 1.4946017 1.4607258 1.3183913 1.1107532 1.6305396 1.4663413 1.5792033 1.4619008 9.0000000 
Spis_XP_022801772_1                                               1.7135855 1.7135855 1.5016528 1.1843663 1.4101751 0.8354695 1.5703588 2.8048520 1.6895178 2.6765984 0.9104400 0.7678201 0.1397921 0.0912496 0.0422939 0.0000000 0.0331124 0.1098728 0.1117776 0.0702374 0.0845517 0.3580643 0.7232932 0.7232932 0.7853418 0.7623982 0.8500584 0.8254993 0.8615018 0.4928399 0.8753562 0.9845042 0.8583406 1.0651545 0.8321802 1.3955726 1.2116597 1.7498070 1.9647208 2.8946865 0.8872523 0.8431700 0.9233138 0.6053623 1.1477287 1.1954286 1.4982083 1.7446179 1.5711370 1.4164815 1.5183731 1.0439508 1.3605484 1.1761957 1.5820272 1.9094760 1.5402863 1.5762976 1.5714448 1.5855199 1.3964167 1.8857656 1.5390131 1.4644873 1.4352940 1.6925129 1.6553617 1.4878051 2.6728694 1.5743097 2.2207626 2.2582594 3.7903434 3.1661881 1.6180315 1.5025061 1.9891735 2.9235953 2.0058919 2.0943206 1.8246805 1.5739495 1.7727284 2.2631447 1.6517877 2.4430787 1.7890459 1.9871951 1.7053121 2.7200112 2.3431401 2.3010228 1.8852630 5.0613169 
Pocdam_XM_027199097.1                                             1.7675148 1.7675148 1.5335812 1.1887827 1.4149376 0.8167278 1.5561786 2.8485048 1.6722303 2.6499695 0.9104400 0.7731429 0.1595807 0.0987860 0.0654941 0.0331124 0.0000000 0.1173207 0.1234201 0.0719485 0.0866174 0.3397548 0.7243362 0.7243362 0.8089799 0.7882202 0.8760993 0.8531662 0.8803574 0.4559200 0.8750480 1.0069578 0.8375750 1.0542154 0.8279057 1.4077508 1.2210230 1.7580367 1.9714145 2.9030545 0.8620992 0.8968104 0.9098917 0.6028324 1.1507083 1.2284760 1.4796759 1.7412137 1.5941738 1.4438183 1.5422258 1.0330010 1.4107706 1.2234818 1.5995347 1.9376746 1.5556867 1.5916293 1.5865738 1.6007185 1.4237177 1.9149627 1.5471728 1.4686882 1.4391766 1.6868873 1.6158747 1.4275378 2.7218571 1.6036824 2.2160266 2.2534699 3.9008077 3.2138111 1.6228207 1.4083240 1.8719167 2.6833108 1.9626130 2.1126611 1.8172808 1.5491963 1.7808061 2.2653538 1.6396783 2.4385811 1.8816558 2.0467470 1.7233615 2.7282157 2.3937708 2.2900642 1.8922955 5.2388867 
Amil_Amillepora24701-RA                                           1.7016065 1.7016065 1.4935099 1.0874187 1.2966134 0.9137868 1.4762417 2.5492650 1.6175350 2.6223341 0.9967020 0.7755003 0.1323556 0.0917576 0.0882460 0.1098728 0.1173207 0.0000000 0.0786112 0.0132253 0.0265568 0.2848643 0.6478393 0.6478393 0.6714235 0.6614310 0.8491391 0.7760954 0.8715140 0.3350281 0.7942661 0.8166129 0.8582957 0.9851369 0.6903198 1.1507714 1.0283021 1.8397348 1.6146415 2.7590338 0.7420626 0.6063813 0.8558686 0.5748950 1.0807953 0.9912349 1.3652475 1.5697875 1.4254513 1.2889795 1.3303102 0.8640688 1.0932072 0.9186472 1.2777160 1.4861908 1.2889948 1.3739268 1.3528836 1.3676783 1.4884718 1.6535850 1.5387096 1.4644949 1.4313052 1.5846817 1.5393490 1.2998533 2.4083023 1.3851588 2.1011047 2.1346442 3.7629488 3.1236953 1.4074646 1.3119430 1.7132238 2.1533980 1.7310022 1.9079189 1.6210234 1.3941340 1.6036657 2.1918122 1.5069441 2.2602157 1.7499562 1.8524646 1.5572378 2.4689333 2.1542032 2.0563450 1.7760879 5.0124654 
Gfas_gfas1.m1.23199.m1                                            1.7134381 1.7134381 1.4981900 1.1690309 1.4656000 0.8690127 1.6387430 2.8598330 1.7131697 2.6267416 0.9833461 0.8428225 0.1388280 0.1057212 0.0979195 0.1117776 0.1234201 0.0786112 0.0000000 0.0825772 0.0685103 0.3459266 0.7101151 0.7101151 0.7738610 0.7687741 0.8732326 0.8386703 0.8352578 0.4368490 0.8556892 0.9916848 0.8882826 1.0366373 0.8065715 1.3858981 1.1955174 1.7775011 1.8032754 2.7614282 0.8068462 0.7709329 0.8290885 0.6216412 1.1184260 1.2163545 1.4939781 1.7048131 1.4686014 1.4802713 1.5157016 0.9817703 1.2359161 1.0680133 1.5506098 1.7905038 1.5033799 1.5296827 1.5098573 1.5237067 1.5541686 1.8300497 1.6223599 1.5002846 1.4828522 1.7176920 1.6112329 1.4398145 2.7071011 1.4897119 2.2489018 2.2865952 3.8489532 3.2761796 1.6328541 1.4220207 1.8665477 2.8878223 1.9672230 2.1078786 1.8269601 1.4931953 1.7165305 2.3840755 1.6955667 2.4660195 1.8079431 1.9952596 1.7631845 2.7663169 2.3981896 2.3752786 1.9202298 5.0689666 
Adig_XM_015898210.1                                               0.8955879 0.8955879 0.7275587 0.7275587 0.8229296 0.7641131 0.7015178 1.3178874 0.7909892 0.0000010 0.7460836 0.4156488 0.0686189 0.0542987 0.0702374 0.0702374 0.0719485 0.0132253 0.0825772 0.0000000 0.0127790 0.2147659 0.4424505 0.4424505 0.4008239 0.2815019 0.4037040 0.4037040 0.4250069 0.1754833 0.5982082 0.5158229 0.4970691 0.7570775 0.6263892 0.6546238 0.6546238 4.4413645 4.1886504 4.1886504 0.3968034 0.3859380 0.7047639 0.4563840 0.5953627 0.7005343 0.8981213 0.8981213 0.9480501 0.8116500 0.9290324 0.4993223 0.0000010 0.0000010 0.7108805 0.0000010 0.7083546 0.7255994 0.7151849 0.7598055 0.7151849 1.3102132 0.7379824 1.2304693 1.2304693 0.9121120 1.2270782 1.4160690 1.2582592 0.7184365 0.7576719 0.8257397 4.0611098 4.0611098 0.9201337 1.1514816 1.1514816 0.0000010 1.0379688 1.1306302 0.9037723 1.0880604 0.7593090 1.3130756 1.3130756 1.2189988 1.1770110 1.1371646 0.9282332 1.7044159 1.7044159 1.5673817 2.4938429 9.0000000 
Adig_XM_015898219.1                                               0.8533456 0.8533456 0.7521367 0.7521367 0.8484190 0.7387085 0.7087015 1.2591547 0.8156843 0.0000010 0.7785867 0.4207069 0.0826097 0.0681127 0.0845517 0.0845517 0.0866174 0.0265568 0.0685103 0.0127790 0.0000000 0.2317788 0.4618929 0.4618929 0.4208181 0.2995285 0.4240794 0.4240794 0.4051371 0.1591020 0.5918249 0.4953322 0.4758098 0.7320147 0.6263892 0.6558117 0.6558117 4.4413645 4.1886504 4.1886504 0.3772163 0.3485856 0.6667176 0.4761047 0.6173430 0.7076364 0.9257408 0.9257408 0.9769505 0.8194608 0.9574625 0.4781184 0.0000010 0.0000010 0.7108805 0.0000010 0.7333997 0.7506178 0.7399130 0.7852951 0.7399130 1.3646089 0.7634937 1.2408953 1.2408953 0.9409232 1.2440188 1.4416056 1.2752480 0.6948264 0.7760874 0.8443215 4.0611098 4.0611098 0.9397307 1.1846403 1.1846403 0.0000010 1.0474926 1.0985744 0.9310153 1.0559636 0.7614260 1.3505429 1.3505429 1.2083761 1.2120775 1.1709890 0.9189895 1.7532884 1.7532884 1.5697039 2.5672538 9.0000000 
Exapal_XM_021039106.2                                             1.1128099 1.1128099 1.0124722 1.0124722 1.0584893 0.9391897 1.0185002 1.7997061 1.0796818 1.5367680 0.9007672 0.5900962 0.2984737 0.2998196 0.2602089 0.3580643 0.3397548 0.2848643 0.3459266 0.2147659 0.2317788 0.0000000 0.5792493 0.5792493 0.5456340 0.5174706 0.5899252 0.5899252 0.5296663 0.5485060 0.6607091 0.7345079 0.6488071 0.7472993 0.7344971 0.9709123 0.9709123 4.4413645 2.4634824 2.4634824 0.7788409 0.8616570 0.9120281 0.5797157 0.9156004 1.0777998 1.1177323 1.1177323 1.1348561 1.1522025 1.0137743 0.7871312 1.3461097 0.8165916 0.9390389 1.0590495 1.2169588 1.2894752 1.2616599 1.2854912 1.1910747 1.6921512 1.0349349 1.1591362 1.1591362 1.0361738 1.2830725 1.4767872 2.1530730 1.0696145 1.2120370 1.2256139 1.9893894 1.9893894 1.1468827 1.4873232 1.4998842 2.1177347 1.6709321 1.8170062 1.5176742 1.2137441 1.1617865 2.0458510 2.0458510 1.9216800 1.8952038 1.3293158 1.2554928 1.8743065 1.8743065 1.9311723 1.4519714 1.7984356 
Dgig_XM_028551971.1                                               1.4829205 1.4829205 1.4222113 1.2588059 1.2091423 0.8962686 1.4586363 2.9338540 1.7641909 2.4778756 1.1802926 0.8944907 0.7345107 0.6238324 0.5389275 0.7232932 0.7243362 0.6478393 0.7101151 0.4424505 0.4618929 0.5792493 0.0000000 0.0000010 0.2381103 0.8484027 0.7765095 0.7758123 0.8401066 0.7511103 0.9641354 1.0354448 0.8809215 0.9521361 0.7493883 1.3988560 1.1899902 1.5965620 1.6918805 2.5189468 0.9394118 0.9955617 0.9949533 0.8435877 1.1918610 1.4328182 1.5600211 1.7158649 1.3547732 1.5722840 1.6882603 1.1348681 1.2412804 1.1090941 1.6383811 1.7974565 1.5491728 1.5738836 1.5114851 1.5253043 1.4802411 1.7221204 1.7235415 1.5293382 1.6268688 1.8540364 1.5207805 1.2684225 2.8414001 1.4734106 2.3275245 2.3704259 3.7009292 3.2470981 1.5589512 1.3965865 1.9325403 2.7000097 1.9580204 2.2043611 1.8724220 1.4626229 1.7555669 2.2445663 1.8162325 2.5436295 2.2849347 2.1308785 2.1264293 2.9597957 2.6030865 2.4092520 1.7225790 5.8971733 
Dgig_XM_028558197.1                                               1.4829205 1.4829205 1.4222113 1.2588059 1.2091423 0.8962686 1.4586363 2.9338540 1.7641909 2.4778756 1.1802926 0.8944907 0.7345107 0.6238324 0.5389275 0.7232932 0.7243362 0.6478393 0.7101151 0.4424505 0.4618929 0.5792493 0.0000010 0.0000000 0.2381103 0.8484027 0.7765095 0.7758123 0.8401066 0.7511103 0.9641354 1.0354448 0.8809215 0.9521361 0.7493883 1.3988560 1.1899902 1.5965620 1.6918805 2.5189468 0.9394118 0.9955617 0.9949533 0.8435877 1.1918610 1.4328182 1.5600211 1.7158649 1.3547732 1.5722840 1.6882603 1.1348681 1.2412804 1.1090941 1.6383811 1.7974565 1.5491728 1.5738836 1.5114851 1.5253043 1.4802411 1.7221204 1.7235415 1.5293382 1.6268688 1.8540364 1.5207805 1.2684225 2.8414001 1.4734106 2.3275245 2.3704259 3.7009292 3.2470981 1.5589512 1.3965865 1.9325403 2.7000097 1.9580204 2.2043611 1.8724220 1.4626229 1.7555669 2.2445663 1.8162325 2.5436295 2.2849347 2.1308785 2.1264293 2.9597957 2.6030865 2.4092520 1.7225790 5.8971733 
Xesp_014809-T1                                                    1.5540434 1.5540434 1.4773904 1.3539465 1.2037942 0.8474904 1.4452326 2.6954206 1.7346930 2.7148503 1.0158621 0.9838633 0.8262468 0.6693258 0.5044476 0.7853418 0.8089799 0.6714235 0.7738610 0.4008239 0.4208181 0.5456340 0.2381103 0.2381103 0.0000000 0.8220047 0.8664330 0.8796583 0.9003394 0.8197193 0.9935936 1.0706328 0.9771775 1.0172377 0.6854590 1.3428616 1.1448314 1.6738807 1.6013911 2.4710538 0.9691975 0.8909177 1.1350836 0.8060714 1.1675270 1.4406066 1.5667155 1.5936016 1.4183819 1.6690727 1.6616365 1.1063739 1.3256446 1.1329008 1.5861136 1.7392081 1.5076630 1.5863504 1.5174195 1.5311778 1.4162660 1.6373243 1.5659429 1.3929525 1.5395808 1.7668253 1.4943308 1.1967742 2.8902504 1.4712855 2.3164392 2.3503082 3.5494458 3.2251697 1.4399361 1.3635730 1.9674955 2.8344692 1.9731398 2.0242933 1.9530254 1.3820230 1.8673527 2.0323450 1.7209820 2.3629271 2.3519759 2.1015150 1.9527836 3.0921938 2.6827660 2.5355957 1.7253717 5.6560147 
Cgig_XM_011439077.3                                               1.5903184 1.5903184 1.3554189 1.0732996 1.2093233 0.7179234 1.5785218 2.4751925 1.6406928 2.9384350 0.8156354 0.7198712 0.7904118 0.7194625 0.3915162 0.7623982 0.7882202 0.6614310 0.7687741 0.2815019 0.2995285 0.5174706 0.8484027 0.8484027 0.8220047 0.0000000 0.4703366 0.4666398 0.6210560 0.6976625 0.7253410 0.7967034 0.8112236 0.7404619 0.8353856 1.6024675 1.2903886 1.8656515 2.0915272 3.3875072 1.0660470 1.1342177 1.0719401 0.8356796 1.4491023 1.2471164 1.6708577 1.7769168 1.6733114 1.5887292 1.6780019 1.4277102 1.7656368 1.5011685 1.3681427 1.6306621 1.3951257 1.4309647 1.4023661 1.4156343 1.3617709 1.6558413 1.3514264 1.4887453 1.3626069 1.7138245 1.7542091 1.5051216 2.7317195 1.5248745 2.4061052 2.4166223 3.6847998 3.1800850 1.4930834 1.4018464 1.9702271 2.8170138 1.8624439 1.9725086 1.9373157 1.3751313 1.8607352 2.1747879 1.5668323 2.3233680 2.0624297 2.2711121 1.8349659 2.7755394 2.6044976 2.4476172 2.1772169 5.9762971 
Acagra_model.g21977.t1                                            1.5130878 1.5130878 1.3562595 1.2093785 1.1857184 0.8153619 1.4521756 2.7653903 1.5415206 2.3403035 0.9723833 0.6804078 0.8686447 0.7739296 0.4337597 0.8500584 0.8760993 0.8491391 0.8732326 0.4037040 0.4240794 0.5899252 0.7765095 0.7765095 0.8664330 0.4703366 0.0000000 0.0229180 0.5500316 0.7288668 0.6864356 0.8391931 0.7695059 0.6659447 0.8416819 1.6256822 1.3132467 1.7498643 2.0644622 3.2207253 1.1159948 1.0408067 1.2941388 0.8742571 1.2772156 1.3052146 1.5309705 1.7316174 1.5975151 1.8058399 1.8622905 1.3287561 1.4622560 1.3325364 1.3174959 1.5589380 1.3658499 1.3988146 1.3735860 1.3865681 1.2754039 1.5285041 1.2754021 1.3770291 1.4333828 1.8316024 1.6788196 1.4806230 2.9505679 1.5960554 2.3516228 2.3976721 3.9029162 3.3802248 1.6364620 1.4136021 1.9954565 3.0506543 1.8630675 1.9538543 1.8831528 1.2113837 1.9488545 2.2214000 1.6143951 2.4446708 2.0938056 2.4277854 1.9506989 2.8118646 2.4446759 2.5798872 1.7902563 6.0171487 
Acagra_model.g21977.t1.1.5d3b8a68                                 1.4177328 1.4177328 1.2549266 1.2093785 1.1716504 0.7337328 1.4202521 2.3853792 1.5727152 2.9842648 0.9723833 0.6216006 0.8346253 0.8015239 0.3755471 0.8254993 0.8531662 0.7760954 0.8386703 0.4037040 0.4240794 0.5899252 0.7758123 0.7758123 0.8796583 0.4666398 0.0229180 0.0000000 0.5108174 0.7288668 0.7734011 0.8472983 0.8224088 0.6549866 0.9589044 1.4524625 1.3787310 4.3329699 2.5225884 2.9486257 1.0334982 1.0408067 1.2941388 0.9531153 1.2237720 1.3906968 1.5731673 1.6083985 1.4479868 1.7863905 1.7862540 1.2166628 1.4350370 1.2097207 1.2105204 1.5177461 1.2591989 1.3074103 1.3224348 1.3381920 1.0450455 1.4639901 0.7414065 1.4064575 1.3657863 1.5894708 1.6693636 1.4806230 2.9235829 1.4679456 1.9546959 2.0051791 3.4142889 3.4142889 1.5707270 1.4136021 1.9495007 3.0506543 1.9402123 1.9508682 1.8707733 1.0850023 1.7864154 2.1537729 1.6143951 2.1601518 2.0938056 2.3832972 1.6039827 2.5856073 2.4085745 2.4277881 2.0080429 5.0849165 
Cscu_XM_023353614.1                                               1.3734006 1.3734006 1.2355516 1.0421287 1.2101083 0.7894644 1.6070667 2.9378318 1.5896029 2.2380313 1.0472278 0.6692597 0.8262690 0.7489468 0.4148765 0.8615018 0.8803574 0.8715140 0.8352578 0.4250069 0.4051371 0.5296663 0.8401066 0.8401066 0.9003394 0.6210560 0.5500316 0.5108174 0.0000000 0.7330339 0.6957637 0.7976688 0.7180085 0.7873534 0.7992550 1.5809914 1.2783824 1.5789958 2.0847509 3.0734318 1.1792994 1.0330151 1.3037749 0.8875903 1.4200206 1.3561722 1.5614686 1.7683694 1.4714753 1.8042275 1.9202119 1.1501840 1.6350183 1.4658584 1.3662934 1.7055556 1.3522289 1.3642755 1.3694728 1.3823111 1.1356448 1.5137415 1.2318580 1.4386107 1.3891847 1.6271816 1.7317958 1.3093854 2.9568192 1.5108122 2.2074154 2.2331638 3.3364197 2.9366953 1.5256578 1.3098965 2.0496888 3.0123718 2.0157856 1.8847399 1.8680473 1.3228217 1.7326203 2.4773419 1.8218275 2.7328445 1.6746353 2.0142284 1.9552113 3.0056598 2.6859514 2.3598418 1.7361758 6.4817986 
Nvec_v1g191257                                                    1.4761359 1.4761359 1.2100540 1.2100540 1.1302808 0.8784547 1.2482830 2.5377819 1.3577419 5.8965707 0.7685471 0.7151857 0.4607320 0.4696897 0.1784753 0.4928399 0.4559200 0.3350281 0.4368490 0.1754833 0.1591020 0.5485060 0.7511103 0.7511103 0.8197193 0.6976625 0.7288668 0.7288668 0.7330339 0.0000000 0.9131246 0.8233340 0.7323830 1.1164092 1.3089149 1.2591209 1.2591209 4.4413645 4.5894287 4.5894287 0.7474247 1.1767852 0.8227018 0.4601379 1.0785212 0.9502490 1.4937728 1.4937728 1.4549420 1.6240111 1.6435589 0.9465719 4.9064114 5.5302511 1.5495165 4.7859924 1.1798165 1.1798165 1.1404682 1.1404682 0.7925307 2.0818785 0.7598491 1.7566261 1.7566261 1.4837668 1.6470104 1.9301100 1.5916558 1.1092847 1.3039662 1.3119851 5.6739390 5.6739390 1.3079720 1.4901342 1.4901342 3.2398244 1.8375103 1.6732955 1.4167740 1.5678176 1.1518599 1.7719193 1.7719193 1.6619252 1.5942525 1.8192290 1.5759944 2.4441556 2.4441556 2.1566500 3.3691809 5.8965707 
Skow_XM_002740067.2                                               1.3699193 1.3699193 1.3121442 1.2473761 1.1504169 0.9084155 1.3729063 2.9212290 1.4853602 2.0862787 0.8971155 0.5711552 0.9554123 0.8915564 0.6747599 0.8753562 0.8750480 0.7942661 0.8556892 0.5982082 0.5918249 0.6607091 0.9641354 0.9641354 0.9935936 0.7253410 0.6864356 0.7734011 0.6957637 0.9131246 0.0000000 0.8424284 0.5940830 0.8280889 0.9031485 1.6763485 1.2256932 1.1556126 1.7545896 3.0617400 1.3769873 1.0763381 1.3078290 1.2135175 1.3392064 1.3960077 1.5144823 1.7785614 1.6398781 1.7092448 1.6951674 1.3040001 1.2477218 1.3737057 1.2871689 1.4803305 1.3338975 1.3244335 1.3668549 1.3800982 1.3494516 1.5590003 1.3247194 1.3758788 1.5303750 1.6092980 1.4632553 1.4069630 2.8225234 1.6522774 2.2501277 2.2717640 3.5231675 2.8346786 1.5176959 1.5574528 2.0075241 2.7907993 1.9786790 2.0817581 1.8436248 1.6190409 1.9783513 2.2297002 1.8441951 2.4479897 2.4513891 2.1649083 2.0133130 2.9501825 2.6726568 2.3511498 1.7299989 5.4118581 
Hsap_ENST00000399042                                              1.5836828 1.5836828 1.4719323 1.1915172 1.2693370 0.8101201 1.4269735 2.9054372 1.7128798 2.5475767 1.0826297 0.8026651 1.0372430 0.9499020 0.5284236 0.9845042 1.0069578 0.8166129 0.9916848 0.5158229 0.4953322 0.7345079 1.0354448 1.0354448 1.0706328 0.7967034 0.8391931 0.8472983 0.7976688 0.8233340 0.8424284 0.0000000 0.8276429 0.9930004 0.9285287 1.5808294 1.2692207 1.7855009 2.1426781 3.2777049 1.1428159 1.0244256 1.1363698 0.9167199 1.5854005 1.1376199 1.7331385 1.9945584 1.8281035 1.7465855 1.5944121 1.2761942 1.6001862 1.4312002 1.4745639 1.8152135 1.5580683 1.5843013 1.5431446 1.5571698 1.4297731 1.7280172 1.4675534 1.3547723 1.3842865 1.7652577 1.6583321 1.5136148 2.7173288 1.6585851 2.3205269 2.3496354 3.2868879 2.8827041 1.6402559 1.3580588 2.1050595 3.5596054 1.7486678 2.0389585 2.0784452 1.7183355 1.6377810 2.3173292 1.8655509 2.4634669 1.9847897 2.1965322 1.9454296 2.9267875 2.8277863 2.5408312 1.8852424 5.4875278 
Spur_XM_030982337.1                                               1.4553063 1.4553063 1.3578633 1.1581369 1.2200845 0.7440801 1.3960237 2.8776822 1.5527204 2.3175991 0.9424053 0.6711846 0.9058396 0.7714747 0.5854373 0.8583406 0.8375750 0.8582957 0.8882826 0.4970691 0.4758098 0.6488071 0.8809215 0.8809215 0.9771775 0.8112236 0.7695059 0.8224088 0.7180085 0.7323830 0.5940830 0.8276429 0.0000000 0.9619258 0.8352187 1.5336676 1.2022145 1.6108675 2.1158365 3.4085438 1.1790540 1.0429345 0.9966038 1.0819666 1.5557022 1.4613432 1.2999535 1.4602492 1.5945173 1.5666005 1.4446084 1.2756723 1.4861876 1.3850246 1.4480450 1.6889830 1.5207134 1.4997500 1.4161075 1.4296216 1.5273090 1.7069179 1.5058265 1.5159091 1.5803034 1.6646892 1.5415901 1.3393570 2.8039823 1.4931075 2.3350245 2.3589040 3.4949154 2.9250086 1.6700424 1.1585761 1.9216611 2.8717075 2.1381411 2.2157118 2.2743181 1.6308835 1.6867391 2.2815392 1.9219133 2.5477532 1.8771862 1.9986867 2.3701747 3.0788271 2.6723413 2.4336286 1.8024136 5.8552085 
Ctel_gnl_WGS_AMQN_CAPTEDRAFT_mRNA208045                           1.6873250 1.6873250 1.6072817 1.2379819 1.4352686 0.8512079 1.6258192 2.5591054 1.8452639 2.9558866 1.2019059 0.8778892 1.1214259 0.9210981 0.7111914 1.0651545 1.0542154 0.9851369 1.0366373 0.7570775 0.7320147 0.7472993 0.9521361 0.9521361 1.0172377 0.7404619 0.6659447 0.6549866 0.7873534 1.1164092 0.8280889 0.9930004 0.9619258 0.0000000 0.7856293 1.8644954 1.4142220 1.7206728 1.9058673 3.3229724 1.4156123 1.3508262 1.9655740 1.0900318 1.5680204 2.0980270 1.8596230 1.9893575 1.7701297 1.8386943 1.9694782 1.4772610 1.7675925 1.4998451 1.5570783 1.8600977 1.6914471 1.7077139 1.6690051 1.6834722 1.6594149 1.8319218 1.8105132 1.5753713 1.5181738 2.0927658 1.8250121 1.7362799 3.3441565 1.7895944 2.4830947 2.5392980 3.6891485 3.3795718 1.7027662 1.5149064 2.2441888 3.1543108 2.2066581 2.2900814 2.2252245 1.4250020 2.1104937 2.2234560 1.5906916 2.4987174 2.1533891 2.5043817 2.1898445 3.0444544 2.6438087 2.5875672 2.0891761 6.5561471 
Opea_EP00118_Oscarella_pearsei_P019530                            1.3578558 1.3578558 1.3914796 1.2615810 0.9068723 0.8391413 1.1845300 1.1043340 1.3203278 2.4209956 1.1276589 0.8725587 0.7983454 0.6510281 0.5206837 0.8321802 0.8279057 0.6903198 0.8065715 0.6263892 0.6263892 0.7344971 0.7493883 0.7493883 0.6854590 0.8353856 0.8416819 0.9589044 0.7992550 1.3089149 0.9031485 0.9285287 0.8352187 0.7856293 0.0000000 0.1532568 0.1332718 1.4714886 0.3443974 0.4562365 0.9232636 0.9427486 0.5283337 0.8558300 1.1078592 1.3223179 1.3000282 1.2151853 1.0420309 1.2326414 1.0473077 0.9932197 1.5730334 1.2044318 1.0597480 1.1116930 1.5217020 1.6497451 1.7839812 1.8292487 2.0034308 1.4446995 1.4759393 1.3441383 1.5799535 0.9480725 0.9661118 0.7636389 2.6116673 1.2593428 1.7629579 1.7629579 3.0392680 3.0392680 1.3028824 1.5270019 1.5878602 2.2778235 1.5438735 1.9723743 1.5733231 1.1639711 1.0762408 1.8676552 1.7734259 1.6585713 2.8576572 1.7150859 1.2573318 1.4572453 1.3806393 1.4998717 1.5621027 2.1714091 
Opea_EP00118_Oscarella_pearsei_P019539                            2.1309465 2.1309465 1.8297352 1.5233136 1.4817100 0.8899602 1.7204345 2.7617318 2.1003221 3.8091006 1.0537933 1.5451580 1.3921478 1.1774827 0.7708899 1.3955726 1.4077508 1.1507714 1.3858981 0.6546238 0.6558117 0.9709123 1.3988560 1.3988560 1.3428616 1.6024675 1.6256822 1.4524625 1.5809914 1.2591209 1.6763485 1.5808294 1.5336676 1.8644954 0.1532568 0.0000000 0.1918099 3.8501798 0.6137094 0.1601883 1.6209995 1.6224905 0.3958719 0.9251695 1.8893356 1.3150115 2.2635898 2.0210697 1.7502610 2.1106970 2.1097144 1.7952294 3.1597050 1.8697165 1.9309005 2.5682375 2.0921479 2.1422253 2.2372946 2.2584715 1.6265241 2.6755705 1.9403447 1.8306480 1.7320856 1.7371599 1.8517871 1.4048032 2.4247633 2.0907559 1.9779050 2.0130466 3.3084911 3.2556207 2.1158115 1.5355999 2.3692066 3.5275239 2.5341876 2.7941427 2.2092541 1.7943363 2.3261071 2.7378542 1.9990488 2.5926248 2.1468920 2.6404773 2.3009908 2.8480092 2.4818377 2.6529155 2.5615694 6.5325827 
Opea_EP00118_Oscarella_pearsei_P019534                            1.6539987 1.6539987 1.5022298 1.3450088 1.2686208 0.9383870 1.5149687 3.2780729 1.7232204 2.4221130 1.0537933 1.2456186 1.2543292 1.0790232 0.7269232 1.2116597 1.2210230 1.0283021 1.1955174 0.6546238 0.6558117 0.9709123 1.1899902 1.1899902 1.1448314 1.2903886 1.3132467 1.3787310 1.2783824 1.2591209 1.2256932 1.2692207 1.2022145 1.4142220 0.1332718 0.1918099 0.0000000 0.0881314 0.1413481 0.6799580 1.4594840 1.4076141 0.3958719 0.9498814 1.5530172 1.2138865 1.8999447 1.8567118 1.4892285 1.9358151 1.9586113 1.5579188 2.3399354 1.8624117 1.6593077 1.9131960 1.7545283 1.8014149 1.7910086 1.8066918 1.9571748 2.0425407 2.1613331 1.7639756 1.5981315 1.8516797 1.5264978 1.4048032 2.6863261 1.9558338 2.1773510 2.2070887 3.3410973 2.7891809 1.6850165 1.5355999 2.1161055 2.7952825 2.1357428 2.3025890 2.0461215 2.0185164 2.2567869 2.3944866 1.9990488 2.3456650 2.1468920 2.3138047 2.2159307 2.7022504 2.2858530 2.5370713 2.2472517 5.9848774 
Opea_EP00118_Oscarella_pearsei_P019538                            2.3821188 2.3821188 2.4398198 8.9999989 1.8607569 4.8528721 2.1509209 7.7193162 1.8356567 1.3133968 3.6184952 1.3467766 1.8839738 1.6662137 7.0162708 1.7498070 1.7580367 1.8397348 1.7775011 4.4413645 4.4413645 4.4413645 1.5965620 1.5965620 1.6738807 1.8656515 1.7498643 4.3329699 1.5789958 4.4413645 1.1556126 1.7855009 1.6108675 1.7206728 1.4714886 3.8501798 0.0881314 0.0000000 0.0574058 6.4454339 2.1039639 1.5210503 2.5600697 3.9200308 2.1834499 1.5862992 3.2711153 3.9684603 2.9346185 4.0236884 3.9951484 2.0585901 2.1539019 2.2961339 2.6923219 2.5713139 2.8349108 2.8538226 2.5482795 2.5482795 8.9999983 2.6396317 9.0000000 3.2045177 3.4488208 5.8479465 2.0802029 8.6403271 6.9630379 3.9639444 5.9119402 5.9119402 5.4643226 2.9807211 2.0145279 5.1392673 2.7421458 1.6576644 2.8148415 2.6878783 2.9986390 8.9999980 5.1993361 4.4828339 8.9999987 4.1471497 9.0000000 3.9791334 3.7712813 4.6397947 2.7947744 3.9497713 3.8326145 5.9032569 
Opea_EP00118_Oscarella_pearsei_P019532                            1.7148494 1.7148494 1.9344311 2.0238927 1.8099973 2.1727670 2.1733406 5.1809255 2.5871454 2.6298357 2.3776096 1.9856442 2.0256483 2.0576081 5.7109835 1.9647208 1.9714145 1.6146415 1.8032754 4.1886504 4.1886504 2.4634824 1.6918805 1.6918805 1.6013911 2.0915272 2.0644622 2.5225884 2.0847509 4.5894287 1.7545896 2.1426781 2.1158365 1.9058673 0.3443974 0.6137094 0.1413481 0.0574058 0.0000000 0.2840140 2.2834082 2.3504565 3.4846418 3.8893188 2.2422716 4.9097572 2.7850424 2.6221761 2.0024652 2.8248596 2.9496075 2.5252317 2.1747066 2.2019046 2.3959789 2.0040328 2.2714370 2.2551528 2.3087613 2.2836806 8.3246409 1.9731494 8.9999982 1.9568836 2.1485009 2.2723003 2.5679178 2.2292532 6.6286991 2.7552860 3.7205192 3.7205192 3.0503617 3.0784408 2.2642914 2.8100901 3.0885925 2.7952825 3.1488820 3.0947022 3.0884989 3.2840103 3.4924521 2.7519889 2.9098902 2.6711609 6.3803926 4.0004982 2.9984797 5.0831659 5.1473500 4.2291219 2.2294003 5.4841667 
