97
Emue_Em0024g274a.t1                                           0.0000000 0.1424288 0.2466889 0.2983611 1.5238750 1.5057304 1.6625636 1.4848276 2.2426923 1.5384857 1.3798729 2.0896655 2.1325862 2.1787711 2.9062623 1.9825385 2.1950961 2.1805300 2.0502563 2.1087965 1.1708403 2.3737403 4.1037040 2.1386341 2.3418421 1.7486145 2.4304083 2.3304917 2.3682094 2.4027199 2.5442746 2.1283956 2.0791675 2.1912643 1.3557521 2.2763393 2.2755948 2.7678502 2.3157761 2.2172654 2.6151665 2.9111363 2.2889351 2.2546682 3.0532889 1.8120211 3.3062832 2.4070625 2.7835074 2.6424348 2.8221967 3.7159992 2.2763494 2.2304810 1.7429744 1.9782316 2.3951121 2.5824302 1.8061337 2.9239266 2.2184636 2.5771939 3.5977146 2.8389423 2.3067258 2.3860753 2.3748588 2.8356098 2.7853090 5.9208057 3.8943189 4.8184662 5.0208128 3.7405443 3.7135402 4.0011167 3.5056873 4.3500879 4.3500879 4.3332103 4.3332103 4.9285822 4.8730509 3.9626347 1.5616506 2.7249733 3.0161734 3.1349522 3.2117725 3.1598192 4.4677686 3.9771396 5.5740982 6.3947569 2.3896238 2.6157493 2.9734683 
Emue_Em0024g497a.t1                                           0.1424288 0.0000000 0.2739572 0.4491997 1.7232401 1.6944612 1.7011712 1.5588897 2.4342003 1.6176608 1.5943698 2.3071872 2.3994706 2.3385040 2.6222742 2.2097267 2.3690719 2.4777500 2.2728087 2.2355271 1.7572882 2.4525857 3.4702558 2.3064896 2.4394466 2.0259626 2.4259889 2.5708351 2.6611731 2.6993971 2.7956915 2.3389544 2.2633317 2.3530125 1.4781832 2.5331847 2.5834528 2.2740130 2.3500406 2.2975817 2.6245161 2.9349322 2.2373809 2.4359394 3.1636899 2.3207998 3.4858550 2.5761302 2.8298593 2.9030370 2.8994464 2.9398582 2.3442528 2.3043305 2.1154687 2.4068355 2.8359065 2.7178824 2.2786761 2.5153554 2.4199175 2.8337527 3.3183457 2.8552813 2.2099586 2.5940482 2.5945820 2.9786740 2.8216385 5.9208057 4.1661525 4.5426348 4.8323222 3.5548882 3.5287620 3.7537191 3.6143776 4.1900250 4.1900250 4.6559523 4.6559523 4.5546621 4.4820255 4.1977412 1.8059176 2.7650041 3.2160801 3.2365375 3.3008852 3.4300462 4.3421671 4.3075371 5.1502057 6.7647493 2.5607500 2.7612344 3.1419819 
Spolac_c112536_g1_i1_m.46067c101132-g1                        0.2466889 0.2739572 0.0000000 0.4634259 1.6176148 1.5619245 1.5473824 1.1108809 2.0627968 2.7581980 0.0000010 2.2084034 2.3852513 2.4115342 2.2520053 2.5120936 1.9748130 2.1431959 2.1678083 2.0958143 0.0000010 2.0747794 4.3615123 2.0271753 2.6758384 0.0000010 2.5134519 2.7820078 2.8833579 2.8971732 2.9377630 1.9879265 2.0504129 2.3292757 1.1880902 1.9448478 1.7871634 2.3092332 2.5227279 5.4858047 2.3451461 2.5862221 2.1378473 3.2162224 3.7440248 0.0000010 3.2718117 3.2718117 3.0970680 2.7298420 2.4171601 2.5641410 2.1978158 2.0725800 1.6102770 8.9999986 3.2244469 2.9072436 0.0000010 2.6363221 2.2987401 2.9373279 2.7877682 4.5410789 2.4916312 2.5925475 2.5397161 3.3859148 4.3557732 0.0000010 4.8452378 4.1012604 4.6079247 3.2013875 2.9364916 3.7521462 2.9793489 2.3602934 2.3602934 0.0000010 0.0000010 4.3738863 4.3738863 4.5446446 0.0000010 4.3425319 4.5179745 3.5705947 4.0961283 4.8297550 5.8477454 0.9186265 4.8297550 7.4964284 0.0000010 0.0000010 0.0000010 
Spolac_c101132_g1_i1_m.24620c101132-g1                        0.2983611 0.4491997 0.4634259 0.0000000 1.3991636 1.3873231 1.7951221 1.3856028 2.2771245 1.5307995 1.3671137 1.8585424 1.6943634 1.6498961 2.2420565 1.7482722 1.9391328 1.7830563 1.7470623 1.9221724 0.9886629 2.4308176 2.0593480 1.8131764 2.1183132 1.9045589 2.2142454 1.9639568 1.9287171 1.9489273 1.6793843 2.0613486 2.0963127 1.9437602 1.3383719 1.9980741 2.1512067 7.0327993 2.2378984 2.3224472 2.3723807 2.8131261 1.8836903 1.6398668 1.7856363 1.6467882 3.2314993 2.1361938 2.4206580 2.7052701 2.5193410 4.2933042 1.8975070 1.8975070 1.3989632 1.6483613 2.1652953 2.3622233 1.6293078 2.4040027 2.1478452 2.2969747 4.1658188 2.0857235 1.8741057 2.4746918 2.2202879 2.7105061 2.3008136 5.2170220 3.3827267 4.0141616 4.3401759 3.0228348 3.0228348 3.0228348 3.1325050 3.8493038 3.8493038 3.8082974 3.8082974 3.9949509 3.9663044 3.2193002 1.5518110 2.3501790 2.7582772 2.4747865 2.5115915 2.5673433 3.4464832 3.3444391 4.6497999 6.3953648 2.0456469 2.9315798 2.9920065 
Aque_Aqu2.1.11428_001                                         1.5238750 1.7232401 1.6176148 1.3991636 0.0000000 0.0243718 0.5645978 0.7036259 2.0085796 0.6855235 1.3798634 1.6471947 1.7695222 1.6842262 2.2103213 1.7472198 1.8322854 1.7693362 1.8080293 1.7045582 0.9117425 1.9341467 2.7928601 1.6725130 2.0105383 1.8578582 2.1313880 2.0281578 2.1535791 2.1344838 1.7825145 2.0599569 1.9442212 1.7393082 1.3008388 2.1205239 1.9260012 2.3080585 2.3432205 2.0741331 2.1997890 2.6284080 2.0204505 1.9401486 2.7139254 1.8609546 3.1931497 2.4852446 2.4158639 2.4697377 2.4120115 2.7152538 1.9516823 1.8991687 1.7445109 1.9644946 2.4102632 2.5191486 1.6330377 2.0931650 1.8968946 2.2312392 2.7043004 1.9790646 2.1580223 2.2539892 2.0990866 2.5077538 2.7290711 5.3072252 3.4761706 3.3614707 3.5155149 3.0657772 3.0292700 3.1639959 3.1452714 3.6535824 3.6535824 4.2148921 4.2148921 3.5845189 3.5068795 3.6124183 1.6234499 2.3860198 2.7342113 2.8213561 2.6695808 2.6225267 2.5388591 2.3781591 3.8947217 5.9254206 2.3396040 2.5526966 2.6130517 
Aque_Aqu2.1.36403_001                                         1.5057304 1.6944612 1.5619245 1.3873231 0.0243718 0.0000000 0.5262484 0.6787427 2.0605663 0.6642512 1.3854569 1.6600019 1.7355571 1.6592029 2.2327213 1.7834761 1.8766751 1.7518228 1.7840854 1.7252068 0.9117425 1.9071006 2.8629553 1.6777370 2.0221440 1.8533001 2.1370394 1.9732638 2.0766983 2.0580433 1.7366773 2.0155189 1.9258944 1.7058499 1.2801258 2.1657416 2.0018969 2.3178379 2.3719977 2.0967896 2.2077299 2.6612645 1.9733426 1.9262163 2.6250109 1.9200253 3.1061951 2.4560314 2.3639946 2.5143769 2.3818796 2.5948251 1.9361657 1.8834401 1.7469225 2.0148957 2.4376148 2.5177208 1.6330377 2.0384088 1.8812377 2.1200273 2.8091936 1.9403733 2.1594923 2.2418229 2.0792394 2.4802142 2.6101797 5.5218980 3.5132436 3.3489478 3.5070048 3.0493212 3.0127636 3.1451746 3.2176503 3.5905985 3.5905985 4.2034830 4.2034830 3.5308995 3.5305923 3.5993160 1.4606969 2.4007972 2.7257083 2.8627675 2.6437280 2.5900435 2.4936631 2.3781591 3.8342205 5.9380702 2.4005694 2.7606432 2.7049228 
Halamb_c38052_g1_i1m.10515                                    1.6625636 1.7011712 1.5473824 1.7951221 0.5645978 0.5262484 0.0000000 0.6405209 1.9942462 0.4478388 1.3725675 1.7716257 1.9005584 1.9419573 2.0734949 1.8790600 1.6032984 1.8309699 1.8415694 1.7123909 1.0402095 1.9756881 3.1844806 1.9862112 2.2134381 0.9443951 2.1225884 2.4788857 2.1796035 2.1147559 2.2024111 1.9899922 2.0801305 1.6915820 1.4275371 1.7920923 1.4689223 1.9315360 1.8340260 0.9503870 2.2252532 2.9593319 1.9577454 2.9645685 2.5452437 1.2366850 2.7103167 2.7103167 2.2616657 2.2670455 2.3763404 2.5110389 2.6624938 2.5274906 4.4811060 4.0961595 2.5854759 2.1295442 1.3844976 2.6732459 2.3243385 2.5665885 2.6636686 2.9793309 2.1206356 2.1490954 1.8865964 2.4727408 3.8071255 0.0000010 2.9998826 2.9614562 3.1971549 2.6701634 2.4292131 2.7523240 2.8025495 1.5259680 1.5259680 1.5036534 1.5036534 3.7146060 3.7146060 3.6485046 0.0000010 4.7436042 2.7459269 2.0836446 2.7693219 4.5361149 6.6950821 6.3720624 5.4810096 8.2139014 2.5878027 0.0000010 0.4415996 
Xestes_maker-XT_scaffold2828-augustus-gene-0.4-mRNA-1         1.4848276 1.5588897 1.1108809 1.3856028 0.7036259 0.6787427 0.6405209 0.0000000 1.9897111 0.7816683 1.0038413 1.6124082 1.5699462 1.4807537 1.9962797 1.6730143 1.7407270 1.6091884 1.5124791 1.8445221 0.9572543 1.8545797 2.3005465 1.6816124 2.0304071 1.6609371 2.0956819 1.6417592 1.7420853 1.7458077 1.5045637 1.9353116 1.9667071 1.7092079 1.0576504 2.2367693 1.9091410 1.9632613 2.1771567 2.0804404 2.0509168 2.2386411 1.9229810 1.8211108 2.1270464 1.8032651 3.1784268 2.4199349 2.6570850 2.3568244 2.2205294 3.0811405 1.9036862 1.9036862 1.7095450 1.5666011 2.4224639 2.3298240 1.4174458 2.0388744 1.9126720 2.0011658 3.2499057 1.6237199 2.0242216 1.8912784 2.1434113 2.3435522 2.2183577 5.2294838 3.3858239 3.0447528 3.1490029 2.9157505 2.9157505 2.9157505 3.0762689 3.3914122 3.3914122 3.9396948 3.9396948 3.2124481 3.1973151 3.2138040 1.2279294 1.9692640 2.5857626 2.4528741 2.3642048 2.1839118 2.8149315 2.4176778 3.7796078 5.8802119 2.4601001 2.5265417 2.8534531 
Cgig_XM_020063499.2                                           2.2426923 2.4342003 2.0627968 2.2771245 2.0085796 2.0605663 1.9942462 1.9897111 0.0000000 2.0238314 1.3316001 1.4444179 1.9257417 1.9292509 2.2626493 1.8945027 1.9698387 2.0138303 1.8686963 1.7180326 0.9079682 1.8587426 3.0709796 1.5917682 2.2648055 1.4120741 1.9834999 2.1668006 2.2180142 2.2248623 1.7180012 1.7673323 1.7426077 1.5666430 1.9888771 2.1916313 2.1086311 2.3387789 1.9435155 1.8333789 1.9607045 2.1208078 1.7032818 2.1410188 1.8452674 2.2946983 2.7784383 2.1296449 2.3300780 2.1999122 2.2160393 2.4077904 1.8914482 1.8992242 1.8826220 1.9731056 2.2956187 2.4572468 1.7834856 2.1237164 1.4921214 2.4826014 2.3374614 2.3231573 2.1343290 2.6988873 2.4455738 2.3398551 2.4175233 5.7312652 3.7716808 3.5316529 3.6007357 3.5160611 3.4963236 3.6083604 2.8805502 3.7352230 3.7352230 3.8279905 3.8279905 4.2981595 4.2338619 3.4787265 3.6078832 2.1692429 2.3477292 2.0635261 2.3898262 2.7836188 3.3618558 3.0510268 3.7739891 5.2701839 2.5777481 3.3622408 2.5618177 
Halamb_c45766_g1_i1m.19503                                    1.5384857 1.6176608 2.7581980 1.5307995 0.6855235 0.6642512 0.4478388 0.7816683 2.0238314 0.0000000 1.2066879 1.7337425 1.8292920 1.6814204 2.4569274 1.6556796 1.7635374 1.8129715 1.7151374 1.7151415 1.0760356 1.9728349 2.3480409 1.7125123 2.0537967 1.5594766 1.9951382 1.9614032 2.0761063 2.0682288 1.8079100 1.8848726 2.0160606 1.7691123 1.2369167 2.1331543 2.0238757 8.9999989 2.3639564 2.2643461 2.2300965 2.4363325 1.9863159 1.8322891 2.1318986 1.9486272 3.2919949 2.4579633 2.6588283 2.3020938 2.3349104 3.5970666 1.8990527 1.8990527 1.7080900 1.7773364 2.3239630 2.5984129 1.4159176 2.1281003 1.8897157 2.0327996 3.6143809 1.6232790 1.9655199 2.5894324 2.1963639 2.5814219 2.2883930 4.5466244 3.2830084 3.6156094 3.6199128 3.3835199 3.3835199 3.3835199 3.6397339 4.4142794 4.4142794 4.1935002 4.1935002 3.7589724 3.6081749 3.4313326 1.7647696 2.0830580 2.7148003 2.8748989 2.5316635 2.0991551 2.7780456 2.6967216 4.0474546 5.5651195 2.2834828 2.3610076 2.4611256 
Plespi_Pspi_scaffold18021_01                                  1.3798729 1.5943698 0.0000010 1.3671137 1.3798634 1.3854569 1.3725675 1.0038413 1.3316001 1.2066879 0.0000000 1.5120676 1.3011079 1.2191422 0.0000010 1.2650403 1.2766278 1.2776211 1.2180943 1.3926141 0.9583288 1.3421578 4.0406582 1.7293883 1.5497668 1.2049565 1.4194539 1.6047532 1.7134585 1.7134585 1.8636479 1.2526781 1.4385912 1.1546604 1.3002736 1.3061482 1.3191966 9.0000000 1.4741293 1.6919860 1.4840911 1.6073416 1.7115336 1.5032856 0.0000010 2.0725662 2.0298058 1.3958486 1.6309419 1.3783293 1.9419222 0.0000010 1.3995997 1.3995997 1.4657189 1.3802289 1.1774864 1.4563305 1.2707796 3.7743471 1.5167504 2.2648893 4.0758709 1.4258619 1.6015839 1.4389640 1.7314281 1.5658940 1.2490211 5.9331266 2.9645085 3.2779551 3.0597221 2.7816895 2.7816895 2.7816895 3.2216181 4.1057454 4.1057454 3.6409868 3.6409868 3.0482957 3.0482957 3.1917771 2.0606194 1.5889501 2.1870422 1.9269110 1.7824042 1.3774543 3.3085717 3.2548490 8.9999988 3.1957955 1.5247469 1.6715599 3.0265115 
Bralan_BLAG01000178_1                                         2.0896655 2.3071872 2.2084034 1.8585424 1.6471947 1.6600019 1.7716257 1.6124082 1.4444179 1.7337425 1.5120676 0.0000000 1.6405043 1.6593888 1.9711042 1.5801638 1.6249755 1.7497890 1.4890848 1.4369147 0.7374708 1.5261887 2.8382702 1.0799496 1.9041820 1.2156781 1.8954818 1.7050186 1.6816855 1.6890477 1.7019948 1.4489374 1.1868718 1.4595848 1.8076796 2.0818726 1.8676306 2.2490373 2.1369681 2.1182486 2.0317115 2.3403211 1.4894777 1.6280877 1.8400525 1.5421880 2.5166477 1.8623394 2.0322767 2.0964570 2.0991667 2.7514328 1.7894076 1.7689674 1.4890109 1.6970478 2.0206204 2.1845970 1.2059925 2.2730882 1.5404652 2.4992562 2.4662225 2.1383734 1.9277010 2.4094802 1.9014522 2.0090461 2.3475566 5.2065954 3.8025756 3.6686547 3.7520355 3.2638379 3.2306081 3.3559618 3.1090721 3.9131869 3.9131869 3.8428914 3.8428914 3.7908303 3.7769950 3.8811808 2.3537580 1.9285814 2.1684643 2.1595041 2.4755690 2.4611094 2.9736184 2.4443197 3.3926096 4.8057110 1.8874873 2.4795469 2.4628186 
Spis_XP_022797234_1                                           2.1325862 2.3994706 2.3852513 1.6943634 1.7695222 1.7355571 1.9005584 1.5699462 1.9257417 1.8292920 1.3011079 1.6405043 0.0000000 0.1246826 0.4021320 0.4088686 0.5035370 0.4302156 0.3235723 0.9071641 0.6618377 1.6680186 1.1887446 1.6865945 2.0799672 1.1633764 1.8231315 1.7637610 1.7274224 1.7496785 1.4624785 1.6253688 1.6681530 2.0793852 1.8826539 1.5773749 1.3916789 2.0849320 1.8367594 1.6415503 1.7056882 2.0071414 1.9477891 2.0472109 2.4374754 2.0825504 2.7751232 2.0305460 2.0959255 2.3994675 2.0914863 2.6357553 1.9654243 1.9509558 1.7154981 1.9724128 2.1791072 2.0486876 1.5611085 2.0917016 1.9117816 2.3328999 2.7969937 2.4546535 1.9033237 2.2181780 1.8412362 2.6060707 2.1694785 4.7423825 3.5374430 3.6868459 3.6745025 3.3282429 3.2563407 3.2943531 2.9837902 3.5336702 3.5336702 3.5863669 3.5863669 3.8749154 3.8139317 3.7330907 2.3106667 0.8136201 2.3400646 2.3696447 2.3191009 2.5923331 2.9501806 2.3079224 3.9161230 5.4107971 2.3041000 1.0585874 2.8187851 
Pocdam_XM_027193065.1                                         2.1787711 2.3385040 2.4115342 1.6498961 1.6842262 1.6592029 1.9419573 1.4807537 1.9292509 1.6814204 1.2191422 1.6593888 0.1246826 0.0000000 0.3637724 0.3907941 0.4751702 0.4217056 0.3052767 0.9098651 0.5584661 1.6286391 1.1431102 1.6278886 2.0300747 1.1182254 1.7722209 1.7657059 1.7294499 1.7520448 1.4060672 1.6569108 1.6705930 2.0970756 1.7123829 1.5149030 1.3862226 2.1391121 1.8297043 1.6290508 1.7493937 2.0221955 1.9313168 2.0877141 2.3714335 2.1666492 2.7668638 1.9899791 2.1021580 2.3164364 2.0283026 2.4565711 1.8580521 1.8432772 1.7147215 1.9743087 2.1222680 2.0050552 1.6026174 2.0989615 1.8819397 2.3319537 2.7211037 2.4359272 1.8164267 2.1416395 1.7563176 2.5415467 2.1013201 4.9126703 3.6899820 3.7991026 3.7923013 3.4649232 3.3904787 3.4389350 3.0921702 3.6270879 3.6270879 3.8394931 3.8394931 3.9044149 3.8433710 3.8540507 2.3596074 0.7856002 2.3021373 2.2864776 2.2868135 2.5602566 2.8752532 2.2971348 3.7477785 5.4352685 2.4273948 1.0943847 2.8569558 
Amil_Amillepora20206-RA                                       2.9062623 2.6222742 2.2520053 2.2420565 2.2103213 2.2327213 2.0734949 1.9962797 2.2626493 2.4569274 0.0000010 1.9711042 0.4021320 0.3637724 0.0000000 0.0939160 0.0943856 0.3071345 0.3734357 1.2493314 0.0000010 2.0526450 0.5106925 1.8788895 2.4814083 0.0000010 2.6278725 2.1519614 2.1586084 2.1612501 2.0235447 2.1076921 1.8184632 2.2847083 1.8342630 1.4393222 1.2528385 2.1331835 2.1770915 2.0007284 1.7844245 2.3741721 1.8645237 3.0268905 2.5648609 0.0000010 2.7772792 2.7772792 2.6428556 3.3098386 2.1921712 2.6439544 2.5404446 2.4434284 6.0430835 8.9999982 2.8430550 2.7351447 0.0000010 2.2325185 2.4024672 2.0500265 2.1483120 3.3461586 2.5886599 3.3277984 2.1513566 3.6146331 2.6910635 0.0000010 2.9749404 3.4536174 3.5143826 3.0174685 2.8102008 2.9040886 2.8182062 2.8033198 2.8033198 0.0000010 0.0000010 4.0476076 4.0476076 3.4649702 0.0000010 2.2275078 2.3730625 2.5182523 2.9530378 3.6220697 3.9069153 1.4551948 3.6220697 5.4834297 0.0000010 0.0000010 0.0000010 
Adig_XM_015908505.1                                           1.9825385 2.2097267 2.5120936 1.7482722 1.7472198 1.7834761 1.8790600 1.6730143 1.8945027 1.6556796 1.2650403 1.5801638 0.4088686 0.3907941 0.0939160 0.0000000 0.0354524 0.3703661 0.3961090 0.9086418 0.6251144 1.4623615 0.8122232 1.5577215 1.7622132 1.0179844 1.7808032 1.6604586 1.5973222 1.6067620 1.5083777 1.5957559 1.6475214 1.7741110 1.6198266 1.3997874 1.4174805 2.1142676 1.7698486 1.5001677 1.6895564 1.8978128 1.7395116 1.8719521 2.5038521 1.7295579 2.6063886 2.0863048 2.1329746 2.2219336 2.1484067 2.5670729 1.8448234 1.8077507 1.3592888 1.8509411 1.9434360 2.0513073 1.4298144 2.1149167 1.7544158 1.7523224 2.6245250 2.1849151 1.7971895 2.2845611 1.9717258 2.2479298 1.9458579 6.4141657 3.7583780 3.7364999 3.7064330 3.4525122 3.4124926 3.5073452 3.2375270 3.7265221 3.7265221 3.8858241 3.8858241 3.8562023 3.8562023 3.6690672 1.9735956 0.8230044 2.4912597 2.2985113 1.9737537 2.4002555 2.8860527 2.2203875 3.8268597 4.8531963 1.9502915 0.4638400 2.3610828 
Amil_Amillepora20200-RA                                       2.1950961 2.3690719 1.9748130 1.9391328 1.8322854 1.8766751 1.6032984 1.7407270 1.9698387 1.7635374 1.2766278 1.6249755 0.5035370 0.4751702 0.0943856 0.0354524 0.0000000 0.3845035 0.4445540 0.8804501 0.5969634 1.5871693 1.1137609 1.5484672 1.9598139 1.0684562 1.8031697 1.7140858 1.7075168 1.7180372 1.3792260 1.6457128 1.8543890 2.0546555 1.7337418 1.4926209 1.4837580 1.2272233 1.6601231 1.5146042 1.5599124 1.8252648 1.8800298 1.9347148 1.7916820 2.1488046 2.8118845 1.9632511 2.0881695 2.0856246 2.1089116 2.3157415 1.8402844 1.8016025 1.6929365 1.7722928 1.8982138 2.0121313 1.5824516 1.9254014 1.8013648 2.1406111 2.7169872 2.3503926 1.8132896 2.1679869 2.0743012 2.2080269 2.0096747 5.7207014 4.0616483 4.1090556 4.1348336 3.5108084 3.4859453 3.5609702 3.3726653 3.8968233 3.8968233 3.9953973 3.9953973 3.9973038 3.9998347 3.5722718 2.7400814 0.8629409 2.3793392 2.2190620 2.1625359 2.5038585 3.0461134 2.4440695 3.9546660 4.6194195 2.3244654 0.4930757 2.7794625 
Gfas_gfas1.m1.7824.m1                                         2.1805300 2.4777500 2.1431959 1.7830563 1.7693362 1.7518228 1.8309699 1.6091884 2.0138303 1.8129715 1.2776211 1.7497890 0.4302156 0.4217056 0.3071345 0.3703661 0.3845035 0.0000000 0.4019812 0.7979149 0.5625182 1.6005886 1.1403218 1.7661590 1.9083047 1.2367006 1.8237940 1.7832286 1.7836294 1.7840255 1.4517439 1.7893233 1.7927332 2.0500379 1.7234859 1.5512455 1.4770347 1.9966562 1.8327805 1.5893544 1.7866753 2.3978989 2.0122996 2.3162644 2.6032340 2.2455233 2.6949695 2.3037890 2.1970898 2.4451883 2.0760487 2.4000938 1.9973713 1.9594708 1.8827409 2.3744301 2.0590027 2.2800655 1.5418320 1.9813974 1.8848111 2.1153275 2.7850467 2.6077010 1.9326894 2.4001141 1.9857451 2.4805464 2.2216464 6.6880352 4.2281121 4.0288023 4.1430430 3.7734575 3.6777493 3.7876322 3.3813583 3.5570576 3.5570576 3.6315396 3.6315396 4.2179160 4.1621499 3.5700704 3.6696986 1.1332029 2.4211248 2.4296627 2.2223093 2.6959087 2.8711324 2.2734503 3.8751901 5.8220582 2.6213736 1.7465504 2.8410152 
Fspp_ffun1.m4.15337.m1                                        2.0502563 2.2728087 2.1678083 1.7470623 1.8080293 1.7840854 1.8415694 1.5124791 1.8686963 1.7151374 1.2180943 1.4890848 0.3235723 0.3052767 0.3734357 0.3961090 0.4445540 0.4019812 0.0000000 0.8757757 0.4968638 1.5131156 1.1823495 1.4996536 1.8874755 1.0647743 1.8194285 1.6886044 1.7398027 1.7503702 1.4520058 1.6090563 1.7163103 1.9797563 1.6173373 1.3797607 1.3588152 1.9565193 1.7865522 1.5640511 1.6962657 2.0112647 1.8383048 1.8672581 2.4703782 1.7890011 2.6835756 1.9841827 2.0733144 2.3444253 1.8581151 2.4931174 1.8414451 1.7932323 1.5307183 2.0365214 2.0025644 2.1056946 1.4316292 1.9889132 1.7354870 2.1685695 2.8282603 2.3974449 1.7461518 2.2277013 1.9495579 2.3272270 1.9869379 4.7670896 3.5176720 3.8037434 3.8645433 3.2696454 3.1934697 3.2554129 3.1827675 3.4761827 3.4761827 3.7538777 3.7538777 4.1575605 4.0883192 3.7854492 2.3960195 0.6072984 2.4715251 2.3005021 2.2272813 2.3766187 2.8717134 2.2473630 3.8141286 5.2149290 2.2166939 0.9251168 2.3636509 
Exapal_XM_028662451.1                                         2.1087965 2.2355271 2.0958143 1.9221724 1.7045582 1.7252068 1.7123909 1.8445221 1.7180326 1.7151415 1.3926141 1.4369147 0.9071641 0.9098651 1.2493314 0.9086418 0.8804501 0.7979149 0.8757757 0.0000000 0.4686604 1.5062438 1.9259604 1.5091238 1.9369500 1.3806987 1.7712033 1.6038077 1.7031865 1.7113975 1.5210050 1.5879203 1.6240860 1.7141621 1.9686396 1.3681183 1.2353581 1.3846850 1.4090189 1.5166130 1.6044286 1.7777769 1.6589213 1.9636605 2.7069776 1.5615317 2.3492120 1.9576555 2.1060730 2.3278260 2.0807202 2.5185067 1.7679153 1.7388306 1.2810254 1.4545881 1.8470506 1.9287558 1.5805798 2.1118072 1.8224003 2.0555331 3.2064288 1.9856345 1.7307318 2.2162175 2.1394851 2.2106903 2.1664715 5.9701215 3.4861183 3.3548066 3.2214123 3.3443563 3.2555153 3.3194347 3.1336655 3.8437442 3.8437442 3.9997369 3.9997369 3.7249561 3.7249561 3.6724148 2.8442562 1.2450972 2.4678866 2.1732393 1.9862184 2.4818021 3.1836755 2.5432085 3.9169803 4.7169125 2.1284172 1.8197177 2.4017082 
Nvec_v1g13839                                                 1.1708403 1.7572882 0.0000010 0.9886629 0.9117425 0.9117425 1.0402095 0.9572543 0.9079682 1.0760356 0.9583288 0.7374708 0.6618377 0.5584661 0.0000010 0.6251144 0.5969634 0.5625182 0.4968638 0.4686604 0.0000000 0.7826227 2.0979571 0.7862119 0.8023359 0.9035860 0.8532521 0.8467962 0.8857488 0.8857488 0.8282801 0.9331642 0.9048847 0.9282961 1.1380746 0.9437451 1.0426738 1.6046235 0.9741134 0.9998949 1.1561572 1.3390477 0.9862873 1.1880867 0.0000010 1.3173113 1.3150316 1.3654935 1.6009234 1.3376467 1.5397330 3.6573191 1.5371015 1.5371015 0.9511048 1.0404289 1.3401387 1.5422827 1.0147889 1.2544264 1.2307469 1.0029167 5.7964245 1.2217020 1.1284898 1.4286317 1.8218433 1.6729148 1.7132226 6.1721243 1.7663757 2.0944425 2.2279082 1.8508768 1.8508768 1.8508768 1.9822614 2.5024161 2.5024161 1.7780905 1.7780905 2.4888931 2.4888931 2.4392144 1.7017694 1.0213157 1.7280470 1.3559899 0.8344251 1.4513217 2.4388959 2.3343041 4.1062323 5.6889592 1.3748106 1.8723217 1.3460545 
Plajan_Pjan_C562466_01                                        2.3737403 2.4525857 2.0747794 2.4308176 1.9341467 1.9071006 1.9756881 1.8545797 1.8587426 1.9728349 1.3421578 1.5261887 1.6680186 1.6286391 2.0526450 1.4623615 1.5871693 1.6005886 1.5131156 1.5062438 0.7826227 0.0000000 2.8884016 1.5001620 1.8283656 1.0712213 1.8480383 1.7326421 1.7900887 1.7788292 1.4318966 1.0313572 1.6020211 2.0088522 2.0614169 1.9046567 1.7732453 2.5106735 2.0899422 2.0088563 2.0475649 2.0744459 1.4472719 2.0244515 1.6377163 1.6490307 2.7588387 2.1324546 1.9579905 2.2108406 2.4530125 2.7843739 2.2283602 2.1633455 1.8264564 1.9825164 2.0608855 1.9250417 1.6430693 2.2703378 1.8932934 2.3220139 2.4874591 2.1686571 2.0885951 2.3722862 2.1663139 2.6499515 2.1881216 6.8767121 4.1104447 3.9671788 4.1059312 3.5126673 3.4170989 3.5937315 2.9322539 4.2417147 4.2417147 4.1803184 4.1803184 4.1904599 4.1186147 3.3888438 2.6877427 1.8247151 2.4355255 2.3687161 2.3521163 2.5024757 3.5457803 3.1706562 4.0265789 5.9316117 2.2898030 2.5002612 2.6761576 
Adig_XM_015901447.1                                           4.1037040 3.4702558 4.3615123 2.0593480 2.7928601 2.8629553 3.1844806 2.3005465 3.0709796 2.3480409 4.0406582 2.8382702 1.1887446 1.1431102 0.5106925 0.8122232 1.1137609 1.1403218 1.1823495 1.9259604 2.0979571 2.8884016 0.0000000 2.8335546 3.0644854 2.1328877 3.2831703 2.7746830 2.7411894 2.7428890 2.5901281 3.1089909 2.6329415 3.1251442 2.4392196 2.7337793 2.5792093 4.3716329 3.8291670 2.5196945 3.3580565 3.5234713 3.2988839 4.4420192 5.2004080 2.5890977 4.7269850 4.3921032 4.1219104 4.5393310 3.9799831 3.6326167 3.3412959 3.1888169 3.9998048 5.5941002 4.6183779 4.0969135 3.4203264 4.0621538 3.0567459 3.3645013 4.1878517 3.6028008 4.1395146 4.2565431 4.2532245 5.2030668 3.7227707 5.2420418 4.4024443 5.1800223 4.9917799 4.5638274 4.5894239 4.2146527 4.0006522 3.6809116 3.6809116 6.0073330 6.0073330 5.8972551 5.8972551 5.2572237 1.2795811 1.6826400 3.6220158 2.9616708 3.4470309 5.2440736 3.7048491 3.5241049 5.6094083 6.6380191 2.0190797 0.9388514 2.4546074 
Skow_XM_006822303.1                                           2.1386341 2.3064896 2.0271753 1.8131764 1.6725130 1.6777370 1.9862112 1.6816124 1.5917682 1.7125123 1.7293883 1.0799496 1.6865945 1.6278886 1.8788895 1.5577215 1.5484672 1.7661590 1.4996536 1.5091238 0.7862119 1.5001620 2.8335546 0.0000000 2.0264842 1.3359902 1.8781390 1.6811551 1.7609989 1.7593248 1.6714136 1.5762682 1.4010297 1.8174200 1.8690727 1.9947251 1.8680148 2.2536959 1.9632553 1.8011495 2.1978097 2.2749289 1.2814748 1.7648037 1.6191387 1.8815496 2.5960055 1.8584520 2.1341697 2.1817236 2.2959328 2.4689341 1.8984711 1.8665896 1.6860114 1.8840896 2.0360429 2.0068207 1.4546184 2.2139476 1.6427099 2.2128171 2.3239563 2.2855904 2.1063973 2.3446963 2.2327712 2.4369137 2.0984695 5.0497780 3.5211142 3.2046830 3.3526390 3.2589793 3.2073915 3.3609225 3.0151293 3.6922538 3.6922538 4.0799515 4.0799515 3.8979564 3.8776098 3.4682408 2.9097120 2.2261368 2.1085030 2.2468377 2.4878125 2.3677466 2.6126264 2.5195026 3.1066429 4.5907374 2.1737539 3.3191851 2.3612615 
Gracom_Gcom_C557560_01                                        2.3418421 2.4394466 2.6758384 2.1183132 2.0105383 2.0221440 2.2134381 2.0304071 2.2648055 2.0537967 1.5497668 1.9041820 2.0799672 2.0300747 2.4814083 1.7622132 1.9598139 1.9083047 1.8874755 1.9369500 0.8023359 1.8283656 3.0644854 2.0264842 0.0000000 0.3013612 0.7885439 2.0357762 2.0697894 2.0594029 1.7757637 1.9014580 2.2714990 2.1698890 1.9132752 2.5044879 2.3762226 2.8177653 2.2705279 1.9928573 2.2920832 2.5668481 2.1262212 2.0337575 2.2783148 1.9205368 2.7093303 2.0184603 2.2966730 2.3639885 2.5326249 2.9463530 2.2522191 2.2062825 2.1275071 2.1348420 2.5169893 2.4323698 1.7953632 2.2375895 2.1538656 2.9654904 3.0021024 2.8991205 1.8851415 2.6688944 2.2792724 2.5676650 2.2921112 6.7872015 4.4205242 3.8196111 3.7536483 3.5559626 3.6618904 3.6622132 3.3948199 4.1805020 4.1805020 4.8409062 4.8409062 4.2847538 4.3291681 3.9605982 3.1172214 2.3157425 2.8887308 2.6530018 2.7992614 2.4808211 3.1873455 3.2078114 3.7085696 5.2944219 2.3307265 3.2913005 2.7887219 
Leuniv_Lniv_C742907_01                                        1.7486145 2.0259626 0.0000010 1.9045589 1.8578582 1.8533001 0.9443951 1.6609371 1.4120741 1.5594766 1.2049565 1.2156781 1.1633764 1.1182254 0.0000010 1.0179844 1.0684562 1.2367006 1.0647743 1.3806987 0.9035860 1.0712213 2.1328877 1.3359902 0.3013612 0.0000000 0.5063928 1.2845726 1.1841859 1.1841859 1.5914757 1.1744488 1.4558209 1.5195285 1.3814099 1.5468917 1.6765888 4.8808671 1.2569133 1.2054131 1.4147533 1.8585969 1.3405746 1.8202403 0.0000010 1.7110941 1.7995046 1.3337805 1.6296115 1.7929871 1.7698595 9.0000000 1.8525347 1.8525347 1.5843330 1.5766756 1.7549860 2.1427625 1.3873534 3.3582141 1.8454397 1.9546916 3.9101790 2.0556191 1.4264395 1.7712963 1.7623737 1.8507097 1.8545553 4.9444317 3.1157706 3.4279616 3.4818993 3.2346747 3.2346747 3.2346747 3.0619985 3.8587476 3.8587476 3.4838029 3.4838029 3.4047127 3.4047127 3.4960714 1.8018210 1.4477366 1.9614410 1.9163560 1.4073864 1.9727266 4.8553672 4.9584618 8.9999987 3.2480128 1.1278803 1.5625039 1.7107789 
Lcom_lcpid79509                                               2.4304083 2.4259889 2.5134519 2.2142454 2.1313880 2.1370394 2.1225884 2.0956819 1.9834999 1.9951382 1.4194539 1.8954818 1.8231315 1.7722209 2.6278725 1.7808032 1.8031697 1.8237940 1.8194285 1.7712033 0.8532521 1.8480383 3.2831703 1.8781390 0.7885439 0.5063928 0.0000000 1.8853268 1.9595774 1.9390326 1.7189462 1.9614539 2.0805255 2.0145479 2.2409681 2.1372202 2.1306504 2.8114398 1.9383170 1.7987241 2.1635068 2.2757231 1.9366294 2.0260654 2.1696273 1.9325761 2.5897018 2.2090379 2.1624678 2.3623807 2.4171391 3.2625801 2.2086949 2.1464821 1.9657651 1.8921364 2.3804484 2.4138250 1.7414203 2.1289834 2.2662153 2.6914643 2.6997965 2.6707114 1.9339270 2.4852019 2.2956764 2.5902034 2.4867851 6.0291471 4.1352838 4.0174032 4.1369572 3.6517674 3.6827275 3.7139533 3.3475591 4.2107276 4.2107276 4.3557655 4.3557655 4.0229738 3.9754763 3.6547668 3.1489864 1.9911576 2.6142915 2.6919014 2.3787518 2.5731804 3.3540864 2.9406172 3.9230401 5.3505202 2.2060501 2.4580834 2.8080579 
HoiH23_PlH23_005171-RA                                        2.3304917 2.5708351 2.7820078 1.9639568 2.0281578 1.9732638 2.4788857 1.6417592 2.1668006 1.9614032 1.6047532 1.7050186 1.7637610 1.7657059 2.1519614 1.6604586 1.7140858 1.7832286 1.6886044 1.6038077 0.8467962 1.7326421 2.7746830 1.6811551 2.0357762 1.2845726 1.8853268 0.0000000 0.2517565 0.2476051 0.3392897 1.7808540 1.9204556 2.0865625 2.1089248 2.0900605 1.9239304 2.7117250 2.1487296 1.7979251 2.4055694 2.2681735 1.7576213 2.1167572 2.4197766 1.9155030 2.8101653 1.9268417 2.0426204 2.5221399 2.2876626 2.8701777 1.9321837 1.8764621 1.6128500 1.7615692 2.0775307 2.3616766 1.6465340 2.1887777 1.8509617 2.4895874 2.5259383 2.4113349 2.1381155 2.4196875 2.1658112 2.5877110 2.1756622 4.1458787 3.4535264 3.7661276 3.8158455 3.3344745 3.3334624 3.4958567 3.0732642 3.5618222 3.5618222 3.7297077 3.7297077 3.7121367 3.7039959 3.8366498 2.5953448 2.2394047 2.6151618 2.4295819 2.1583446 2.5557786 3.3551759 3.0763110 4.1202529 5.3136449 0.8012127 3.2045605 2.9784492 
Hhon_g09151.t1                                                2.3682094 2.6611731 2.8833579 1.9287171 2.1535791 2.0766983 2.1796035 1.7420853 2.2180142 2.0761063 1.7134585 1.6816855 1.7274224 1.7294499 2.1586084 1.5973222 1.7075168 1.7836294 1.7398027 1.7031865 0.8857488 1.7900887 2.7411894 1.7609989 2.0697894 1.1841859 1.9595774 0.2517565 0.0000000 0.0097634 0.2878652 1.8434903 1.9653212 2.1395480 2.0714610 2.0003431 1.9589132 3.0785728 2.1844284 1.8055086 2.5027538 2.3800801 1.9826803 2.1050570 2.3751532 1.9673919 2.7886226 1.8913428 2.0683141 2.4070309 2.3715415 2.9608303 1.9794021 1.9251810 1.6163350 1.7732609 2.0700244 2.4169746 1.5838470 2.3131410 1.9097730 2.6124907 2.8136857 2.4581553 2.1023192 2.5857605 2.1257100 2.5109773 2.1472126 4.3665435 3.5584225 3.7491223 3.8902926 3.3473704 3.3465696 3.5134250 3.1946916 3.3572503 3.3572503 3.5712668 3.5712668 3.7057180 3.6730007 3.6857925 2.6038664 2.2479826 2.6539684 2.4799632 2.2089442 2.5074821 3.4586810 3.1769640 4.1986041 5.4598235 0.8293177 3.0388997 3.0628776 
HoiH04_mRNA2321                                               2.4027199 2.6993971 2.8971732 1.9489273 2.1344838 2.0580433 2.1147559 1.7458077 2.2248623 2.0682288 1.7134585 1.6890477 1.7496785 1.7520448 2.1612501 1.6067620 1.7180372 1.7840255 1.7503702 1.7113975 0.8857488 1.7788292 2.7428890 1.7593248 2.0594029 1.1841859 1.9390326 0.2476051 0.0097634 0.0000000 0.2736253 1.8622573 1.9447638 2.1308544 2.0826664 2.0092095 1.9602606 3.0796906 2.2004868 1.8218897 2.5046289 2.3613384 1.9871307 2.1042560 2.3725841 1.9673919 2.7874002 1.8906971 2.0471253 2.4060658 2.3718052 2.9614355 1.9796477 1.9254254 1.6163350 1.7732609 2.0828956 2.4411083 1.6073161 2.3135902 1.9047436 2.6008980 2.8451057 2.4725577 2.1235626 2.5630085 2.1493638 2.4846581 2.1583981 4.3736070 3.5628134 3.7879312 3.9279141 3.3477756 3.3469820 3.5138887 3.2233062 3.3577960 3.3577960 3.5712668 3.5712668 3.7428344 3.7099941 3.7264134 2.6024551 2.2513559 2.6708826 2.4649940 2.2100277 2.5131010 3.4705654 3.1769640 4.2092192 5.3892013 0.8104115 3.0742484 3.0338831 
Tadh_TriadT56634                                              2.5442746 2.7956915 2.9377630 1.6793843 1.7825145 1.7366773 2.2024111 1.5045637 1.7180012 1.8079100 1.8636479 1.7019948 1.4624785 1.4060672 2.0235447 1.5083777 1.3792260 1.4517439 1.4520058 1.5210050 0.8282801 1.4318966 2.5901281 1.6714136 1.7757637 1.5914757 1.7189462 0.3392897 0.2878652 0.2736253 0.0000000 1.8161366 1.6750327 1.8022791 1.8910775 1.4930889 1.5314505 2.7614783 2.2104624 1.6313363 2.2043451 2.1863554 1.7540839 2.0423926 2.4195641 1.5329842 2.2960196 2.2960196 1.9900964 2.3911949 2.3494443 2.9492098 2.3491919 2.2565023 2.0053941 2.2270487 2.5054800 2.6690090 1.1642106 2.1901917 1.6911024 1.8605958 2.6468378 2.8199150 2.4911402 2.6522588 2.1594980 3.0978404 2.3507579 0.0000010 3.7713710 3.2021355 3.3387041 2.5660181 2.5405099 2.7853911 2.3795461 2.9558619 2.9558619 3.2916681 3.2916681 3.8486417 3.8486417 3.2868797 0.0000010 1.8549778 2.4005008 1.9960614 1.9465105 2.7732791 2.8041342 2.1010757 3.1908776 5.2471786 0.0000010 0.0000010 2.5283277 
Opea_EP00118_Oscarella_pearsei_P012604                        2.1283956 2.3389544 1.9879265 2.0613486 2.0599569 2.0155189 1.9899922 1.9353116 1.7673323 1.8848726 1.2526781 1.4489374 1.6253688 1.6569108 2.1076921 1.5957559 1.6457128 1.7893233 1.6090563 1.5879203 0.9331642 1.0313572 3.1089909 1.5762682 1.9014580 1.1744488 1.9614539 1.7808540 1.8434903 1.8622573 1.8161366 0.0000000 1.6503257 1.8800893 2.0383964 1.9268554 1.7105633 2.4029933 2.0813634 1.8613292 2.1707674 2.0965877 1.6516137 1.9481747 2.3638194 1.5074780 3.2213441 2.4200233 2.3207555 2.3279820 2.2737331 3.0846835 2.3609765 2.3276660 1.8234054 1.9096715 2.2426373 2.4103144 1.4151713 2.3263984 1.7059023 2.6700481 3.0195735 2.4453023 2.0911398 2.5622604 2.2108275 2.8619321 2.4830583 5.1011101 3.3696243 3.8626542 3.7459116 3.5352253 3.4507055 3.6136637 3.2032902 3.5165449 3.5165449 3.5314123 3.5314123 4.2777853 4.2622260 3.8849343 1.9290907 1.9072961 2.7226494 2.6048269 1.9977958 2.6499223 3.3270308 2.8735772 4.3209648 5.1433567 1.8782141 2.8850923 2.2038658 
Hsap_ENST00000383794                                          2.0791675 2.2633317 2.0504129 2.0963127 1.9442212 1.9258944 2.0801305 1.9667071 1.7426077 2.0160606 1.4385912 1.1868718 1.6681530 1.6705930 1.8184632 1.6475214 1.8543890 1.7927332 1.7163103 1.6240860 0.9048847 1.6020211 2.6329415 1.4010297 2.2714990 1.4558209 2.0805255 1.9204556 1.9653212 1.9447638 1.6750327 1.6503257 0.0000000 1.7862453 2.0896407 2.0953544 2.0742259 1.9173970 2.1804587 2.2827575 2.2986776 2.4965641 1.5997802 1.8865257 1.8782826 1.9442970 2.7038257 2.2431344 2.1804077 2.5500058 2.0845912 2.7405390 1.8162350 1.7438115 1.7753336 1.9744140 1.9283945 2.0481576 1.3899659 2.1431273 1.8684594 2.5435835 2.0410592 2.1848825 2.2854696 2.6437744 2.2329765 2.4302096 2.2918526 4.9112763 3.9257469 3.6812063 3.6262695 3.9500161 3.8604776 4.0936380 3.3880923 3.9113857 3.9113857 4.2204206 4.2204206 4.2695460 4.2254527 3.8778205 2.4950639 2.0581203 2.4281493 2.3225214 2.5941945 2.5573921 3.0201642 2.9164905 3.5588992 5.3449038 2.2039415 3.0083213 3.3122599 
Acagra_model.g2972.t1                                         2.1912643 2.3530125 2.3292757 1.9437602 1.7393082 1.7058499 1.6915820 1.7092079 1.5666430 1.7691123 1.1546604 1.4595848 2.0793852 2.0970756 2.2847083 1.7741110 2.0546555 2.0500379 1.9797563 1.7141621 0.9282961 2.0088522 3.1251442 1.8174200 2.1698890 1.5195285 2.0145479 2.0865625 2.1395480 2.1308544 1.8022791 1.8800893 1.7862453 0.0000000 2.0725281 2.3525431 2.2284370 2.5036868 2.3242704 2.2556531 2.2303806 2.3864591 1.8524523 2.1225913 2.1520672 2.4328844 3.0533196 2.4034672 2.5482912 2.5751196 2.5015698 2.6253172 2.0098589 1.9670242 1.9179809 1.8489567 2.3031016 2.4132043 1.6406493 2.2737461 1.8601352 2.5842992 2.3669581 2.2352818 2.0534123 2.6774597 2.2981244 2.4905851 2.5722323 6.8469895 4.5408016 3.9888897 4.0425357 3.6607779 3.5824079 3.7107302 3.5520601 4.2885847 4.2885847 4.4214009 4.4214009 4.2176269 4.1249420 3.5703535 2.6602592 2.4130900 2.7507806 2.5080296 2.6568689 2.5624638 2.7314933 2.7226224 3.2927394 5.4802692 2.7343049 3.1507268 2.7412420 
Tetwil_g19227.t1                                              1.3557521 1.4781832 1.1880902 1.3383719 1.3008388 1.2801258 1.4275371 1.0576504 1.9888771 1.2369167 1.3002736 1.8076796 1.8826539 1.7123829 1.8342630 1.6198266 1.7337418 1.7234859 1.6173373 1.9686396 1.1380746 2.0614169 2.4392196 1.8690727 1.9132752 1.3814099 2.2409681 2.1089248 2.0714610 2.0826664 1.8910775 2.0383964 2.0896407 2.0725281 0.0000000 2.1875609 2.0725136 2.8952382 2.3171432 2.2233375 2.5464400 2.8809146 2.1054022 2.0341057 2.4486345 1.6828419 3.0259969 2.2622788 2.3811710 2.2910749 2.5860237 3.0290922 1.9978115 1.9483097 1.6076819 1.9561565 2.3093382 2.5687311 1.6758067 2.4416916 2.0681780 2.4209917 3.3792288 2.3194178 2.0946648 2.2501031 2.1138115 2.5474017 2.7115075 3.7618807 2.8499828 3.6872547 3.9362903 3.0063680 2.9697301 3.0100129 2.8744455 3.1328292 3.1328292 3.2582443 3.2582443 3.9980635 3.9359509 3.9050851 1.2794974 2.2021326 2.7987472 2.7797779 2.9103025 2.4407186 2.6461767 2.3291209 3.7460066 5.9315228 2.0684236 2.6314406 2.8520940 
Dgig_XM_028557335.1                                           2.2763393 2.5331847 1.9448478 1.9980741 2.1205239 2.1657416 1.7920923 2.2367693 2.1916313 2.1331543 1.3061482 2.0818726 1.5773749 1.5149030 1.4393222 1.3997874 1.4926209 1.5512455 1.3797607 1.3681183 0.9437451 1.9046567 2.7337793 1.9947251 2.5044879 1.5468917 2.1372202 2.0900605 2.0003431 2.0092095 1.4930889 1.9268554 2.0953544 2.3525431 2.1875609 0.0000000 0.7548555 1.4320406 1.9051693 2.0860658 2.1239668 2.1595984 2.2852143 2.2266361 2.1646915 2.5433202 3.1204834 2.3817484 2.5310846 2.4695173 2.3038578 3.0103617 1.9263585 1.9208412 1.8413749 1.9956582 1.9772399 2.5005868 2.4297869 2.2493731 2.0685717 2.4577096 2.7894320 2.5453011 2.2421274 2.8442547 2.5182440 2.5732940 2.5592423 6.3396284 4.6217560 4.6059015 4.4828112 3.7614877 3.7626093 3.8401544 3.1374631 4.4625630 4.4625630 5.0055961 5.0055961 4.3013189 4.3073793 3.9276112 3.2737323 2.2144769 2.6407313 2.2989126 2.5401576 2.9288732 3.7229645 3.0091090 4.6298990 5.8476655 2.4349633 2.7816339 3.1359517 
Xesp_010576-T1                                                2.2755948 2.5834528 1.7871634 2.1512067 1.9260012 2.0018969 1.4689223 1.9091410 2.1086311 2.0238757 1.3191966 1.8676306 1.3916789 1.3862226 1.2528385 1.4174805 1.4837580 1.4770347 1.3588152 1.2353581 1.0426738 1.7732453 2.5792093 1.8680148 2.3762226 1.6765888 2.1306504 1.9239304 1.9589132 1.9602606 1.5314505 1.7105633 2.0742259 2.2284370 2.0725136 0.7548555 0.0000000 1.5090600 1.8256274 1.9337554 1.9827580 2.1948286 1.8714066 1.9959034 2.1455247 2.1808670 2.9310624 2.3159620 2.2408123 2.5207977 2.2465395 2.3808711 1.9962914 1.9962914 2.1410573 2.1415335 2.1789552 2.4555454 2.0720341 2.2841148 2.0373836 2.3951520 2.4425761 2.6782321 2.2491114 2.6464004 2.3348516 2.6871083 2.2803940 6.4988649 4.4891444 4.2881555 4.3269787 3.8244028 3.7724483 3.8516557 3.0973648 4.1366024 4.1366024 5.1460203 5.1460203 4.4105777 4.2679965 4.0720875 2.7725545 2.1761298 2.7869373 2.3098010 2.7353895 2.4876382 3.5522105 2.7483311 3.9483903 6.4127819 2.6200393 2.6499931 3.1413065 
Nemnom_g11140.t1                                              2.7678502 2.2740130 2.3092332 7.0327993 2.3080585 2.3178379 1.9315360 1.9632613 2.3387789 8.9999989 9.0000000 2.2490373 2.0849320 2.1391121 2.1331835 2.1142676 1.2272233 1.9966562 1.9565193 1.3846850 1.6046235 2.5106735 4.3716329 2.2536959 2.8177653 4.8808671 2.8114398 2.7117250 3.0785728 3.0796906 2.7614783 2.4029933 1.9173970 2.5036868 2.8952382 1.4320406 1.5090600 0.0000000 0.3334385 1.6046235 0.8827403 1.2857686 2.3883136 2.8968415 2.8387148 9.0000000 2.9171049 2.9171049 2.8559503 3.0629929 2.5835666 3.0385487 2.6628815 2.5661673 6.3214136 6.2626650 2.3252568 2.7785273 4.8827131 2.6392215 3.2809112 2.5478241 2.7434919 4.5478140 3.1208579 3.0478784 3.4680843 2.9831097 3.5428427 0.0000010 7.2928917 3.7672918 4.1289943 4.0215083 3.8155626 4.1712860 3.9694639 3.1604641 3.1604641 0.0000010 0.0000010 5.3589287 5.3589287 4.7306975 0.0000010 4.8373730 2.1323500 2.7276690 3.5611712 4.0647707 6.0162655 6.6266834 4.0647707 7.6611094 0.0000010 0.0000010 9.0000000 
