74
Emue_Em0004g96a.t1                                     0.0000000 0.1073651 0.3941847 0.4418065 0.3604747 0.3861908 0.4585341 0.4426605 0.5034353 0.6432745 0.5760895 0.5602369 0.5974575 0.6189741 0.6023839 0.6193198 0.5779517 0.5244956 0.8002630 0.6341044 0.6858090 0.7016782 0.6817266 0.6192585 0.7823808 0.7001681 0.7001681 0.6713750 0.6713750 0.7062091 0.7062091 0.6313254 0.6313254 0.7336140 0.7275736 0.6539535 0.6668242 0.7016159 0.6920007 0.6920007 0.6752716 0.6752716 0.6702751 0.6848676 0.6620228 0.6620228 0.6455280 0.6455280 0.7228732 1.2526155 0.7075761 0.8909285 0.7287487 0.9170978 1.0088489 1.1136384 1.0060304 1.1993870 1.1067181 0.9997770 1.0926812 0.9487048 1.1005921 1.5084918 1.3325553 1.2058400 1.1763860 1.1908395 1.5047977 1.4974282 1.5353676 1.3850371 1.2443933 1.9830494 
Spolac_c100151_g1_i1_m.21655c100151-g1                 0.1073651 0.0000000 0.4513664 0.4716088 0.3565437 0.3697464 0.4578225 0.5334562 0.5314905 0.6829854 0.5291289 0.5180248 0.5576463 0.5900290 0.5228961 0.5580954 0.5720142 0.5274193 0.7855640 0.6142209 0.6573746 0.6415935 0.6823889 0.6318750 0.7566093 0.6653040 0.6653040 0.6365303 0.6365303 0.6803739 0.6803739 0.6201474 0.6201474 0.6584173 0.6908155 0.6475153 0.6519316 0.6862846 0.7055155 0.7055155 0.7279027 0.7279027 0.6582913 0.6768660 0.6683730 0.6683730 0.6353411 0.6353411 0.7006605 1.0192774 0.7447177 0.9537212 0.7455928 0.8631819 1.0198803 1.1255840 1.0385723 1.1157647 1.1140363 1.0088374 1.0044178 0.9672726 1.1309132 1.4167868 1.2947873 1.1237958 1.2111137 1.2445938 1.4875155 1.5537967 1.5113477 1.3160038 1.2613244 2.0428626 
Aque_Aqu2.1.27064_001                                  0.3941847 0.4513664 0.0000000 0.1831409 0.3354950 0.3562916 0.2903478 0.4643337 0.5584031 0.6496856 0.5839844 0.5839266 0.6143646 0.6117959 0.6359021 0.6217427 0.5594851 0.5049058 0.7093614 0.6056662 0.6103270 0.6925043 0.6617700 0.7075700 0.7888865 0.8027255 0.8027255 0.7681425 0.7681425 0.7367548 0.7367548 0.7113623 0.7113623 0.7346154 0.7401516 0.6611575 0.6697033 0.7075043 0.7448977 0.7448977 0.7545845 0.7545845 0.5349571 0.5552369 0.5617203 0.5617203 0.5183725 0.5183725 0.6617381 1.3279917 0.8054940 0.7593236 0.7043140 0.8179291 0.8805319 0.9491584 0.9016297 1.1880406 1.0167382 1.0599237 1.0639838 0.9038173 1.1580636 1.5666151 1.4252952 1.4072922 1.2827636 1.4187852 1.5039219 1.4491304 1.3867937 1.2937902 1.1948128 1.7830610 
Halamb_c43779_g1_i1m.16606                             0.4418065 0.4716088 0.1831409 0.0000000 0.2856029 0.2618346 0.2666155 0.5340574 0.5337239 0.6408620 0.5803559 0.5618045 0.6020871 0.6029123 0.6521022 0.6250118 0.5294032 0.5174595 0.6664218 0.5816934 0.6091446 0.7323401 0.6816094 0.6963739 0.8564508 0.9007450 0.9007450 0.8663153 0.8663153 0.8627751 0.8627751 0.7368028 0.7368028 0.7728982 0.7831856 0.6898153 0.7023465 0.8024384 0.7208517 0.7208517 0.7221101 0.7221101 0.6259938 0.6529036 0.6115437 0.6115437 0.6324689 0.6324689 0.7249589 1.4665877 0.8558540 0.7852071 0.7454552 0.9195465 1.0126617 1.1129881 0.9089628 1.1716826 1.1088173 1.2214908 1.1216012 0.9343026 1.2654482 1.7521711 1.4937408 1.4520686 1.3477132 1.4108423 1.5954923 1.5260326 1.4520194 1.4050227 1.2453923 2.1590292 
Stycar_maker-SC_scaffold5691-augustus-gene-0.15-mRNA-1 0.3604747 0.3565437 0.3354950 0.2856029 0.0000000 0.0000010 0.3235594 0.4166082 0.4063194 0.4320700 0.3715934 0.3762775 0.3648826 0.3714684 0.4125953 0.4038907 0.3442793 0.3767643 0.5819705 0.4666499 0.4722986 0.6089232 0.5381341 0.6304293 0.7293126 0.7881313 0.7881313 0.7552022 0.7552022 0.7638020 0.7638020 0.6555872 0.6555872 0.6671405 0.6991068 0.6553304 0.6692230 0.6655039 0.6989093 0.6989093 0.6926974 0.6926974 0.5568088 0.5784332 0.5747875 0.5747875 0.5458158 0.5458158 0.5684146 1.2207257 0.7765543 0.7289128 0.6537712 0.7434088 0.7267606 0.9331611 0.8545691 0.9637650 0.8978972 0.7985788 0.8269771 0.7699624 1.2070203 1.4748075 1.2341218 1.2109382 1.1446786 1.1733841 1.5558240 1.5844803 1.5314985 1.3502166 1.1904842 2.4647034 
Stycar_maker-SC_scaffold123823-snap-gene-0.210-mRNA-1  0.3861908 0.3697464 0.3562916 0.2618346 0.0000010 0.0000000 0.3131469 0.6209596 0.3962871 0.5331218 0.4362098 0.4265169 0.4464423 0.4424223 0.4985276 0.4460887 0.4102129 0.4618210 0.6647752 0.4855667 0.5179280 0.6497915 0.5803977 0.6859052 0.8517741 0.9321229 0.9321229 0.8778421 0.8778421 0.8966922 0.8966922 0.7072216 0.7072216 0.7687314 0.7652757 0.7249296 0.7348163 0.7467821 0.7275578 0.7275578 0.5919759 0.5919759 0.5087359 0.5295651 0.5272167 0.5272167 0.5234727 0.5234727 0.6693343 1.0174616 0.6588031 0.7371499 0.6245902 0.7268627 0.6908833 0.9229439 0.7243370 0.8926014 0.9545233 0.8028561 0.7403351 0.9097733 1.2864810 1.8328522 1.4064286 1.2083403 1.4041051 1.5167298 1.6383631 1.7284198 1.7081684 1.3453599 1.2861654 2.3494827 
Xestes_maker-XT_scaffold3974-augustus-gene-0.39-mRNA-1 0.4585341 0.4578225 0.2903478 0.2666155 0.3235594 0.3131469 0.0000000 0.6809692 0.6232117 0.6111036 0.4943160 0.4988405 0.5036628 0.5026916 0.5582319 0.5210556 0.5603918 0.5004161 0.7244150 0.6154401 0.7030982 0.7635952 0.6872971 0.7793555 0.8979082 0.8616659 0.8616659 0.8275537 0.8275537 0.8416797 0.8416797 0.8189845 0.8189845 0.8246697 0.8430096 0.8025871 0.8126975 0.8737842 0.8274235 0.8274235 0.8327626 0.8327626 0.6029205 0.6150532 0.6232657 0.6232657 0.5898523 0.5898523 0.7323313 1.4601859 0.8646949 0.7983567 0.7457063 0.8739486 0.7736171 0.9560995 0.8967797 1.1427242 1.0793099 0.8956525 1.0290608 0.8600493 1.3929716 1.5442661 1.5326693 1.2132458 1.2097703 1.3044187 1.6863349 1.5126333 1.5494833 1.3931924 1.3574443 2.1825201 
Morvir_scaffold28.g15.t1                               0.4426605 0.5334562 0.4643337 0.5340574 0.4166082 0.6209596 0.6809692 0.0000000 0.2826811 0.2298066 0.3681990 0.3692062 0.2682005 0.3065959 0.3538640 0.3931366 0.2949516 0.2127905 0.6163028 0.2929497 0.3166157 0.4726303 0.3987063 0.2213964 0.5399859 0.5332999 0.5332999 0.5332999 0.5332999 0.5332999 0.5332999 0.4356746 0.4356746 0.4353229 0.5089202 0.4783215 0.4935649 0.6313056 0.5410547 0.5410547 0.7541720 0.7541720 0.8430347 0.8780812 0.9333254 0.9333254 0.7755016 0.7755016 0.5125155 0.8806673 1.9308878 0.9472107 0.9912891 0.9098805 1.2324788 1.1187529 1.2509988 1.4806196 1.2510204 5.1108103 1.1470160 0.6688156 0.8371919 1.1266554 1.0709235 2.3647290 1.1409812 1.1578417 2.0390231 2.0959693 1.8382676 1.8600653 1.4372961 2.2507875 
Dgig_XM_028536267.1                                    0.5034353 0.5314905 0.5584031 0.5337239 0.4063194 0.3962871 0.6232117 0.2826811 0.0000000 0.2111852 0.5396094 0.5201911 0.4839687 0.5124391 0.4972754 0.4985103 0.4060723 0.4385969 0.6773403 0.6029495 0.5196518 0.6442717 0.6170129 0.7046922 0.7366658 0.7813758 0.7813758 0.7463733 0.7463733 0.7434843 0.7434843 0.6403381 0.6403381 0.5970121 0.7045128 0.6173426 0.6173426 0.7345090 0.6366805 0.6366805 0.7006783 0.7006783 0.7803227 0.7908036 0.7648379 0.7648379 0.7159064 0.7159064 0.7732539 1.4375915 1.1544578 0.8824676 0.9031916 0.9373716 1.0183434 1.1135099 0.9915865 1.1625647 1.2029374 1.0073642 1.0738812 1.0607843 1.3701626 1.5210181 1.3759985 1.3973120 1.4381897 1.4876340 1.4934736 1.6351201 1.4329805 1.4141773 1.3288527 2.2824955 
Xesp_009352-T1                                         0.6432745 0.6829854 0.6496856 0.6408620 0.4320700 0.5331218 0.6111036 0.2298066 0.2111852 0.0000000 0.6386422 0.6420627 0.5712119 0.6003581 0.6520055 0.6072986 0.5794003 0.5499888 0.8696176 0.6933464 0.7186321 0.6383856 0.6999864 0.6853690 0.8007855 0.7502856 0.7502856 0.7159973 0.7159973 0.7556376 0.7556376 0.7116439 0.7116439 0.7631954 0.6767365 0.6707970 0.6707970 0.7879040 0.6705298 0.6705298 0.7351286 0.7351286 0.9059583 0.9276073 0.9371769 0.9371769 0.9360588 0.9360588 0.9340837 1.4611682 1.0204920 1.0425358 0.9267776 1.1781819 1.1674065 1.3073159 1.0998500 1.3144947 1.2743165 1.3303036 1.3000215 1.0580538 1.3995374 1.7767776 1.4988218 1.3739225 1.6392744 1.7153226 1.7177339 1.6861734 1.6794198 1.6553494 1.3504042 2.1644580 
Spis_XP_022804343_1                                    0.5760895 0.5291289 0.5839844 0.5803559 0.3715934 0.4362098 0.4943160 0.3681990 0.5396094 0.6386422 0.0000000 0.0583445 0.1343689 0.1578909 0.1673099 0.1775807 0.2965350 0.3065362 0.7419922 0.5427811 0.6205611 0.5066978 0.5766978 0.6400229 0.6846268 0.6502092 0.6502092 0.6224438 0.6224438 0.6250456 0.6250456 0.6438093 0.6438093 0.6935281 0.6055868 0.6539093 0.6539093 0.6932594 0.6394254 0.6394254 0.6835991 0.6835991 0.6953155 0.7220925 0.7305966 0.7305966 0.7082550 0.7082550 0.7228254 1.1179681 0.8030526 1.1327965 0.7982046 1.0494158 1.1984934 1.4437662 1.2728535 1.2762780 1.2087510 1.2237224 1.1359331 1.0334353 1.2502471 1.7045040 1.4736199 1.2237776 1.4334736 1.5087695 1.6223220 1.5811352 1.5517168 1.4495891 1.2098010 2.0674423 
Pocdam_XM_027192506.1                                  0.5602369 0.5180248 0.5839266 0.5618045 0.3762775 0.4265169 0.4988405 0.3692062 0.5201911 0.6420627 0.0583445 0.0000000 0.1382211 0.1485251 0.1580231 0.1546283 0.2751259 0.3029200 0.7435026 0.5666597 0.6215589 0.5640596 0.5817328 0.6658776 0.6957349 0.6512770 0.6512770 0.6236096 0.6236096 0.6277898 0.6277898 0.6229658 0.6229658 0.6883507 0.6170222 0.6691801 0.6691801 0.7034080 0.6449084 0.6449084 0.6920324 0.6920324 0.6458596 0.6718321 0.6781972 0.6781972 0.6515661 0.6515661 0.6747386 1.1591732 0.8386265 1.1075215 0.7896947 1.0123027 1.2389516 1.4280426 1.3020889 1.2419332 1.1921946 1.2023017 1.1058475 1.0053280 1.2197731 1.6491435 1.4904944 1.3025233 1.4868368 1.5650758 1.5684781 1.5276007 1.5117246 1.3852463 1.1759618 2.0866922 
Gasp_gasp1.m3.12092.m1                                 0.5974575 0.5576463 0.6143646 0.6020871 0.3648826 0.4464423 0.5036628 0.2682005 0.4839687 0.5712119 0.1343689 0.1382211 0.0000000 0.0758407 0.1420457 0.1309510 0.2846255 0.2589528 0.6827902 0.5391707 0.5538882 0.4822932 0.6016161 0.6391312 0.7207277 0.7184971 0.7184971 0.6907005 0.6907005 0.6741509 0.6741509 0.6651339 0.6651339 0.7083455 0.6607279 0.6950186 0.6824674 0.7141819 0.6386177 0.6386177 0.6701043 0.6701043 0.6984279 0.7252741 0.7326630 0.7326630 0.7127020 0.7127020 0.6992400 1.2370896 0.8862990 1.0677879 0.7559017 1.0325533 1.1638058 1.3794653 1.2527171 1.1633658 1.1743848 1.2662681 1.1029537 0.9584325 1.1659170 1.6759479 1.4465717 1.4061268 1.5378291 1.5942733 1.5706285 1.5162659 1.4177750 1.3528311 1.1625364 2.1064125 
Fspp_ffun1.m4.6380.m1                                  0.6189741 0.5900290 0.6117959 0.6029123 0.3714684 0.4424223 0.5026916 0.3065959 0.5124391 0.6003581 0.1578909 0.1485251 0.0758407 0.0000000 0.1638429 0.1260922 0.3128285 0.2732175 0.7443946 0.5627340 0.5918791 0.4896877 0.6380949 0.6641294 0.7477892 0.6856345 0.6856345 0.6578448 0.6578448 0.6504263 0.6504263 0.6987984 0.6987984 0.7423973 0.6529052 0.7389153 0.7260661 0.7411045 0.6576615 0.6576615 0.6956973 0.6956973 0.7009174 0.7049263 0.7163537 0.7163537 0.7234063 0.7234063 0.7379446 1.1940779 0.8854810 1.1248253 0.7885714 1.0388044 1.2192741 1.3938288 1.2992715 1.2543807 1.2159603 1.2809164 1.1702592 0.9777405 1.1284921 1.7694093 1.5149665 1.3758456 1.5956601 1.6625704 1.6381361 1.5717179 1.5057214 1.4153309 1.2038925 2.1312455 
Adig_XM_015921517.1                                    0.6023839 0.5228961 0.6359021 0.6521022 0.4125953 0.4985276 0.5582319 0.3538640 0.4972754 0.6520055 0.1673099 0.1580231 0.1420457 0.1638429 0.0000000 0.1188233 0.2964486 0.3077109 0.7529934 0.5913767 0.6088364 0.5055618 0.6405165 0.6492483 0.7114453 0.6798756 0.6798756 0.6519866 0.6519866 0.6666078 0.6666078 0.6199028 0.6199028 0.6898306 0.6475761 0.6864938 0.6864938 0.6851253 0.6238827 0.6238827 0.6536600 0.6536600 0.7452051 0.7688089 0.7986364 0.7986364 0.7775545 0.7775545 0.7359182 1.1240790 0.7796385 1.1224208 0.8420834 1.0519058 1.2079485 1.3561754 1.3448603 1.2554878 1.2165960 1.2939661 1.1348281 0.9964220 1.1932386 1.5920771 1.3801815 1.4514915 1.6005725 1.6884060 1.5553068 1.5619515 1.4595321 1.4061803 1.1852567 2.1738129 
Gfas_gfas1.m1.985.m1                                   0.6193198 0.5580954 0.6217427 0.6250118 0.4038907 0.4460887 0.5210556 0.3931366 0.4985103 0.6072986 0.1775807 0.1546283 0.1309510 0.1260922 0.1188233 0.0000000 0.2749011 0.3108962 0.7623191 0.5825054 0.6189356 0.5558734 0.6285936 0.7068516 0.7586226 0.7083625 0.7083625 0.6802620 0.6802620 0.7113377 0.7113377 0.6554829 0.6554829 0.6959807 0.6954729 0.7139824 0.7014108 0.7002643 0.6507377 0.6507377 0.6873970 0.6873970 0.7114328 0.7344490 0.7701301 0.7701301 0.7458306 0.7458306 0.7009665 1.0982769 0.9047658 1.1327305 0.8071999 1.0944577 1.2256791 1.3952451 1.2509996 1.2536999 1.1912855 1.2258052 1.1489602 0.9601842 1.2200748 1.7004232 1.4593126 1.4337246 1.5768197 1.6553538 1.6258769 1.6235733 1.5302451 1.4225354 1.1407913 2.1587942 
Exapal_XM_021061161.2                                  0.5779517 0.5720142 0.5594851 0.5294032 0.3442793 0.4102129 0.5603918 0.2949516 0.4060723 0.5794003 0.2965350 0.2751259 0.2846255 0.3128285 0.2964486 0.2749011 0.0000000 0.2371773 0.7891369 0.5797676 0.6058440 0.5483891 0.6027415 0.7806273 0.8137621 0.7748467 0.7748467 0.7440037 0.7440037 0.7352979 0.7352979 0.6754118 0.6754118 0.7186264 0.7099421 0.7039516 0.7166872 0.7753174 0.7235477 0.7235477 0.7734488 0.7734488 0.7759548 0.7759322 0.7785196 0.7785196 0.7234495 0.7234495 0.7284523 1.3583083 1.0559306 1.0890898 0.8552439 1.1361964 1.1702967 1.3229573 1.2147914 1.2320616 1.1771540 1.2095337 1.0346073 0.9547661 1.3197953 1.8676826 1.4245523 1.3507677 1.4234829 1.4732619 1.4682525 1.4913603 1.3941696 1.3480161 1.2272477 2.3009927 
Nvec_v1g237474                                         0.5244956 0.5274193 0.5049058 0.5174595 0.3767643 0.4618210 0.5004161 0.2127905 0.4385969 0.5499888 0.3065362 0.3029200 0.2589528 0.2732175 0.3077109 0.3108962 0.2371773 0.0000000 0.7382224 0.5935512 0.6208837 0.4430355 0.6346989 0.6437106 0.7458386 0.6834807 0.6834807 0.6536769 0.6536769 0.7116308 0.7116308 0.6160909 0.6160909 0.7157781 0.6384567 0.6892009 0.7022927 0.8094049 0.6281629 0.6281629 0.6516327 0.6516327 0.6947737 0.7036057 0.7202232 0.7202232 0.6775966 0.6775966 0.7264619 1.2152699 0.9369657 1.0786220 0.8340905 0.9902728 1.0786736 1.1560130 1.2725110 1.2665571 1.1105550 1.2372369 1.0122525 0.8323042 1.2787394 1.7292079 1.5184998 1.4336812 1.3702353 1.3953748 1.5720095 1.5072735 1.3890479 1.4075819 1.3187547 2.0339269 
Nemnom_g12941.t1                                       0.8002630 0.7855640 0.7093614 0.6664218 0.5819705 0.6647752 0.7244150 0.6163028 0.6773403 0.8696176 0.7419922 0.7435026 0.6827902 0.7443946 0.7529934 0.7623191 0.7891369 0.7382224 0.0000000 0.3629142 0.1914066 0.5096698 0.6279124 0.5083850 0.7602987 0.8968442 0.8968442 0.8824698 0.8824698 0.8807266 0.8807266 0.7687449 0.7687449 0.8754291 0.7413037 0.7494892 0.7494892 0.8125960 0.6852912 0.6852912 0.5531051 0.5531051 0.9493931 0.9831809 1.0070881 1.0070881 0.8490538 0.8490538 0.8831955 2.5511792 0.7019250 1.0934320 0.9493986 1.1670854 1.2447049 1.3619679 1.1765071 1.2879158 1.2204544 1.3541021 1.3752629 1.1092136 1.4004939 1.7504267 1.4523577 1.2404394 1.4106209 1.4302270 1.7016402 1.7417685 1.6503596 1.7304248 1.3219395 2.4958519 
Sanmal_Sma_005752-T1                                   0.6341044 0.6142209 0.6056662 0.5816934 0.4666499 0.4855667 0.6154401 0.2929497 0.6029495 0.6933464 0.5427811 0.5666597 0.5391707 0.5627340 0.5913767 0.5825054 0.5797676 0.5935512 0.3629142 0.0000000 0.2115702 0.3743534 0.4033565 0.5364315 0.6419743 0.6287244 0.6287244 0.6123170 0.6123170 0.6193133 0.6193133 0.5433060 0.5433060 0.6172062 0.5990276 0.5840312 0.5960982 0.6534253 0.5429950 0.5429950 0.5297763 0.5297763 0.7685677 0.7874716 0.7989721 0.7989721 0.7494652 0.7494652 0.7768690 1.2142921 0.7362509 1.0816851 0.8167179 1.1351884 1.2594845 1.3915629 1.2197677 1.2995427 1.2914746 1.4808945 1.2368459 1.0461240 1.3001471 1.5456583 1.3997529 1.2013427 1.3614473 1.4013219 1.7132912 1.6197775 1.6555416 1.6197750 1.1781449 2.1382583 
Rhoesc_Res_005766-T1                                   0.6858090 0.6573746 0.6103270 0.6091446 0.4722986 0.5179280 0.7030982 0.3166157 0.5196518 0.7186321 0.6205611 0.6215589 0.5538882 0.5918791 0.6088364 0.6189356 0.6058440 0.6208837 0.1914066 0.2115702 0.0000000 0.3710891 0.4808059 0.5364771 0.6274541 0.6078184 0.6078184 0.5908195 0.5908195 0.5727621 0.5727621 0.5712520 0.5712520 0.6701655 0.5995088 0.5919750 0.5919750 0.6003031 0.5983782 0.5983782 0.5735518 0.5735518 0.7787940 0.7891903 0.8182061 0.8182061 0.7533278 0.7533278 0.7337582 1.3214016 0.7169053 1.0334129 0.8385115 1.0937383 1.1746038 1.3239422 1.1162485 1.2579443 1.1919046 1.3744330 1.2669565 1.0133742 1.2541152 1.6250208 1.2935308 1.2315961 1.4371117 1.5050932 1.6483972 1.6220572 1.5115906 1.5583047 1.1438502 2.2883799 
Hvul_g22998_1                                          0.7016782 0.6415935 0.6925043 0.7323401 0.6089232 0.6497915 0.7635952 0.4726303 0.6442717 0.6383856 0.5066978 0.5640596 0.4822932 0.4896877 0.5055618 0.5558734 0.5483891 0.4430355 0.5096698 0.3743534 0.3710891 0.0000000 0.4415135 0.4423368 0.6401345 0.7163694 0.7163694 0.7163694 0.7163694 0.7237755 0.7237755 0.6402722 0.6402722 0.6177652 0.6918742 0.6356984 0.6356984 0.7281502 0.6543330 0.6543330 0.5602848 0.5602848 0.7881157 0.8230059 0.8336054 0.8336054 0.7899751 0.7899751 0.5952676 0.9705200 0.7541692 1.0838594 0.8008691 0.8306278 0.9833924 1.1305832 1.2089954 1.1534642 1.0764632 1.1852201 1.1638030 0.9227857 1.2359219 1.2378455 1.2326924 1.4792489 1.1465025 1.3312541 1.9517237 1.9728869 1.8992650 2.1343088 1.4927882 2.5395766 
Chem_TCONS_00011637                                    0.6817266 0.6823889 0.6617700 0.6816094 0.5381341 0.5803977 0.6872971 0.3987063 0.6170129 0.6999864 0.5766978 0.5817328 0.6016161 0.6380949 0.6405165 0.6285936 0.6027415 0.6346989 0.6279124 0.4033565 0.4808059 0.4415135 0.0000000 0.5885558 0.7016226 0.6896997 0.6896997 0.6688396 0.6688396 0.7223317 0.7223317 0.5476578 0.5476578 0.6203616 0.6829152 0.6226619 0.6143858 0.6249029 0.5979935 0.5979935 0.5541003 0.5541003 0.7963032 0.8143328 0.8105104 0.8105104 0.7657850 0.7657850 0.7879650 1.3334092 0.7887770 1.1357736 0.9110805 1.0136867 1.2998951 1.4515305 1.3386984 1.3258192 1.2692660 1.5182467 1.1056329 1.0247617 1.3343158 1.5312916 1.2927777 1.2347722 1.4021410 1.4694061 1.6770517 1.6006276 1.4898810 1.5967943 1.1682158 2.2565756 
Bolinf_Binf_sb1169095                                  0.6192585 0.6318750 0.7075700 0.6963739 0.6304293 0.6859052 0.7793555 0.2213964 0.7046922 0.6853690 0.6400229 0.6658776 0.6391312 0.6641294 0.6492483 0.7068516 0.7806273 0.6437106 0.5083850 0.5364315 0.5364771 0.4423368 0.5885558 0.0000000 0.0000010 0.2007704 0.2007704 0.2110040 0.2110040 0.2751593 0.2751593 0.1636629 0.1636629 0.1864339 0.1747865 0.2023575 0.2100784 0.2430904 0.2187800 0.2187800 0.2187800 0.2187800 0.6283993 0.6283993 0.6467879 0.6467879 0.5574018 0.5574018 0.6751274 3.6824720 0.2193009 0.9402577 0.7040156 0.9650282 0.9287695 0.9218985 1.0014825 1.1376976 0.9415684 1.0162143 1.0930087 0.9127493 1.0761146 1.5940969 1.3533700 0.9485004 1.1416807 1.1416807 1.3513902 1.2846549 1.3038959 1.2758256 1.2080367 2.4191259 
Beraby_Baby_sb325857                                   0.7823808 0.7566093 0.7888865 0.8564508 0.7293126 0.8517741 0.8979082 0.5399859 0.7366658 0.8007855 0.6846268 0.6957349 0.7207277 0.7477892 0.7114453 0.7586226 0.8137621 0.7458386 0.7602987 0.6419743 0.6274541 0.6401345 0.7016226 0.0000010 0.0000000 0.2226946 0.2226946 0.2291432 0.2291432 0.2810307 0.2810307 0.1939587 0.1939587 0.1927216 0.1944119 0.2015971 0.2112228 0.2593625 0.2475861 0.2475861 0.2519078 0.2519078 0.8209470 0.8381513 0.8649262 0.8649262 0.7691213 0.7691213 0.7592177 1.4117560 0.4515580 1.1436361 0.8367337 1.0811783 1.2408521 1.2233102 1.2791232 1.3855550 1.3122805 1.3079076 1.4076412 1.0084016 1.1116712 1.7828654 1.4390428 1.0636900 1.2833220 1.3889635 1.5730971 1.5321001 1.5637107 1.4480450 1.3888459 2.4882607 
Bolinf_Binf_sb1275511                                  0.7001681 0.6653040 0.8027255 0.9007450 0.7881313 0.9321229 0.8616659 0.5332999 0.7813758 0.7502856 0.6502092 0.6512770 0.7184971 0.6856345 0.6798756 0.7083625 0.7748467 0.6834807 0.8968442 0.6287244 0.6078184 0.7163694 0.6896997 0.2007704 0.2226946 0.0000000 0.0000010 0.0000010 0.0000010 0.0066316 0.0066316 0.1577045 0.1577045 0.1578911 0.1708103 0.1717966 0.1576038 0.1758161 0.2571985 0.2571985 0.3260111 0.3260111 0.7980246 0.8235202 0.8563645 0.8563645 0.7753454 0.7753454 0.7635927 1.5065279 0.3964031 1.3109299 0.9590570 1.0853682 1.0790663 1.1241766 1.3194958 1.5636255 1.2881305 1.4196482 1.4431989 0.9239655 0.9889439 1.3865529 1.3157167 1.1544415 1.1710969 1.2667126 1.9450254 1.7838971 1.8561790 1.7145131 1.2731720 2.6090881 
Bolinf_Binf_sb1275508                                  0.7001681 0.6653040 0.8027255 0.9007450 0.7881313 0.9321229 0.8616659 0.5332999 0.7813758 0.7502856 0.6502092 0.6512770 0.7184971 0.6856345 0.6798756 0.7083625 0.7748467 0.6834807 0.8968442 0.6287244 0.6078184 0.7163694 0.6896997 0.2007704 0.2226946 0.0000010 0.0000000 0.0000010 0.0000010 0.0066316 0.0066316 0.1577045 0.1577045 0.1578911 0.1708103 0.1717966 0.1576038 0.1758161 0.2571985 0.2571985 0.3260111 0.3260111 0.7980246 0.8235202 0.8563645 0.8563645 0.7753454 0.7753454 0.7635927 1.5065279 0.3964031 1.3109299 0.9590570 1.0853682 1.0790663 1.1241766 1.3194958 1.5636255 1.2881305 1.4196482 1.4431989 0.9239655 0.9889439 1.3865529 1.3157167 1.1544415 1.1710969 1.2667126 1.9450254 1.7838971 1.8561790 1.7145131 1.2731720 2.6090881 
Mertsp_Mesp_sb579960                                   0.6713750 0.6365303 0.7681425 0.8663153 0.7552022 0.8778421 0.8275537 0.5332999 0.7463733 0.7159973 0.6224438 0.6236096 0.6907005 0.6578448 0.6519866 0.6802620 0.7440037 0.6536769 0.8824698 0.6123170 0.5908195 0.7163694 0.6688396 0.2110040 0.2291432 0.0000010 0.0000010 0.0000000 0.0000010 0.0066316 0.0066316 0.1620558 0.1620558 0.1622533 0.1755964 0.1765259 0.1619482 0.1727601 0.2650663 0.2650663 0.3418292 0.3418292 0.7754180 0.8008293 0.8337375 0.8337375 0.7525349 0.7525349 0.7680651 1.5065279 0.3964031 1.2850680 0.9160691 1.0472988 1.0517668 1.0968848 1.2929105 1.5209941 1.2614334 1.3181836 1.4014404 0.9098139 1.0148933 1.3742661 1.2881398 1.1544415 1.1714033 1.2701127 1.9517262 1.7861141 1.8603422 1.7149884 1.2501105 2.6005854 
Mertsp_Mesp_sb579961                                   0.6713750 0.6365303 0.7681425 0.8663153 0.7552022 0.8778421 0.8275537 0.5332999 0.7463733 0.7159973 0.6224438 0.6236096 0.6907005 0.6578448 0.6519866 0.6802620 0.7440037 0.6536769 0.8824698 0.6123170 0.5908195 0.7163694 0.6688396 0.2110040 0.2291432 0.0000010 0.0000010 0.0000010 0.0000000 0.0066316 0.0066316 0.1620558 0.1620558 0.1622533 0.1755964 0.1765259 0.1619482 0.1727601 0.2650663 0.2650663 0.3418292 0.3418292 0.7754180 0.8008293 0.8337375 0.8337375 0.7525349 0.7525349 0.7680651 1.5065279 0.3964031 1.2850680 0.9160691 1.0472988 1.0517668 1.0968848 1.2929105 1.5209941 1.2614334 1.3181836 1.4014404 0.9098139 1.0148933 1.3742661 1.2881398 1.1544415 1.1714033 1.2701127 1.9517262 1.7861141 1.8603422 1.7149884 1.2501105 2.6005854 
Bolinf_Binf_sb1275512                                  0.7062091 0.6803739 0.7367548 0.8627751 0.7638020 0.8966922 0.8416797 0.5332999 0.7434843 0.7556376 0.6250456 0.6277898 0.6741509 0.6504263 0.6666078 0.7113377 0.7352979 0.7116308 0.8807266 0.6193133 0.5727621 0.7237755 0.7223317 0.2751593 0.2810307 0.0066316 0.0066316 0.0066316 0.0066316 0.0000000 0.0000010 0.2072240 0.2072240 0.1787038 0.1838050 0.2120259 0.1959770 0.1970579 0.2987861 0.2987861 0.4100735 0.4100735 0.8575917 0.8873663 0.8985499 0.8985499 0.7901647 0.7901647 0.7658123 1.5065279 0.4518099 1.2109038 0.8473780 1.0078317 1.0696059 1.1181473 1.2758137 1.6007805 1.3230594 1.4343327 1.3972404 1.0217747 1.0799944 1.2987803 1.2933022 1.1859453 1.2817537 1.4339975 1.8581923 1.7026525 1.7195637 1.6020494 1.2655883 2.3793115 
Bolinf_Binf_sb1275513                                  0.7062091 0.6803739 0.7367548 0.8627751 0.7638020 0.8966922 0.8416797 0.5332999 0.7434843 0.7556376 0.6250456 0.6277898 0.6741509 0.6504263 0.6666078 0.7113377 0.7352979 0.7116308 0.8807266 0.6193133 0.5727621 0.7237755 0.7223317 0.2751593 0.2810307 0.0066316 0.0066316 0.0066316 0.0066316 0.0000010 0.0000000 0.2072240 0.2072240 0.1787038 0.1838050 0.2120259 0.1959770 0.1970579 0.2987861 0.2987861 0.4100735 0.4100735 0.8575917 0.8873663 0.8985499 0.8985499 0.7901647 0.7901647 0.7658123 1.5065279 0.4518099 1.2109038 0.8473780 1.0078317 1.0696059 1.1181473 1.2758137 1.6007805 1.3230594 1.4343327 1.3972404 1.0217747 1.0799944 1.2987803 1.2933022 1.1859453 1.2817537 1.4339975 1.8581923 1.7026525 1.7195637 1.6020494 1.2655883 2.3793115 
Coemet_Cmet_scaffold9301_01                            0.6313254 0.6201474 0.7113623 0.7368028 0.6555872 0.7072216 0.8189845 0.4356746 0.6403381 0.7116439 0.6438093 0.6229658 0.6651339 0.6987984 0.6199028 0.6554829 0.6754118 0.6160909 0.7687449 0.5433060 0.5712520 0.6402722 0.5476578 0.1636629 0.1939587 0.1577045 0.1577045 0.1620558 0.1620558 0.2072240 0.2072240 0.0000000 0.0000010 0.0848170 0.2023257 0.1610587 0.1704944 0.2179957 0.2280078 0.2280078 0.2640655 0.2640655 0.7657118 0.7864953 0.8195551 0.8195551 0.7424966 0.7424966 0.7290383 1.4800654 0.4324795 1.2017113 0.8044985 1.1477720 1.2052472 1.2130908 1.2434249 1.3405552 1.2325344 1.2414219 1.1798476 1.0461090 1.1044091 1.5363065 1.3061629 1.0721621 1.2839335 1.3382629 1.5887287 1.5333694 1.4671647 1.4590182 1.2484188 2.4700916 
Coemet_Cmet_scaffold9302_01                            0.6313254 0.6201474 0.7113623 0.7368028 0.6555872 0.7072216 0.8189845 0.4356746 0.6403381 0.7116439 0.6438093 0.6229658 0.6651339 0.6987984 0.6199028 0.6554829 0.6754118 0.6160909 0.7687449 0.5433060 0.5712520 0.6402722 0.5476578 0.1636629 0.1939587 0.1577045 0.1577045 0.1620558 0.1620558 0.2072240 0.2072240 0.0000010 0.0000000 0.0848170 0.2023257 0.1610587 0.1704944 0.2179957 0.2280078 0.2280078 0.2640655 0.2640655 0.7657118 0.7864953 0.8195551 0.8195551 0.7424966 0.7424966 0.7290383 1.4800654 0.4324795 1.2017113 0.8044985 1.1477720 1.2052472 1.2130908 1.2434249 1.3405552 1.2325344 1.2414219 1.1798476 1.0461090 1.1044091 1.5363065 1.3061629 1.0721621 1.2839335 1.3382629 1.5887287 1.5333694 1.4671647 1.4590182 1.2484188 2.4700916 
Vmul_Simscaffold893_01                                 0.7336140 0.6584173 0.7346154 0.7728982 0.6671405 0.7687314 0.8246697 0.4353229 0.5970121 0.7631954 0.6935281 0.6883507 0.7083455 0.7423973 0.6898306 0.6959807 0.7186264 0.7157781 0.8754291 0.6172062 0.6701655 0.6177652 0.6203616 0.1864339 0.1927216 0.1578911 0.1578911 0.1622533 0.1622533 0.1787038 0.1787038 0.0848170 0.0848170 0.0000000 0.2361733 0.1551262 0.1457586 0.2059676 0.2509749 0.2509749 0.2776665 0.2776665 0.8791584 0.8894355 0.8977493 0.8977493 0.8040736 0.8040736 0.7792595 1.3991394 0.4418689 1.2859166 0.7877678 1.1924453 1.2809746 1.2798895 1.2847911 1.4561255 1.3746956 1.3170885 1.3341895 1.0411193 1.1078301 1.6501836 1.3190470 0.9892348 1.3559857 1.4561480 1.5613662 1.4376649 1.4543083 1.4160301 1.2706482 2.3905030 
Drygla_Dgla_sb290281                                   0.7275736 0.6908155 0.7401516 0.7831856 0.6991068 0.7652757 0.8430096 0.5089202 0.7045128 0.6767365 0.6055868 0.6170222 0.6607279 0.6529052 0.6475761 0.6954729 0.7099421 0.6384567 0.7413037 0.5990276 0.5995088 0.6918742 0.6829152 0.1747865 0.1944119 0.1708103 0.1708103 0.1755964 0.1755964 0.1838050 0.1838050 0.2023257 0.2023257 0.2361733 0.0000000 0.2072869 0.2072869 0.2309035 0.2869047 0.2869047 0.3302980 0.3302980 0.7634203 0.7862285 0.8148258 0.8148258 0.7324291 0.7324291 0.7252702 1.4046135 0.5062624 1.0885312 0.8466114 1.0160445 1.0747402 1.1116224 1.2316773 1.3409541 1.1106950 1.1074149 1.1423879 0.9165549 1.0555167 1.5961489 1.3505687 1.1474834 1.3114735 1.3832389 1.7053213 1.5432614 1.5854222 1.5615450 1.3339402 2.5124311 
Horcal_Hcv1.av93.c13.g273.i1                           0.6539535 0.6475153 0.6611575 0.6898153 0.6553304 0.7249296 0.8025871 0.4783215 0.6173426 0.6707970 0.6539093 0.6691801 0.6950186 0.7389153 0.6864938 0.7139824 0.7039516 0.6892009 0.7494892 0.5840312 0.5919750 0.6356984 0.6226619 0.2023575 0.2015971 0.1717966 0.1717966 0.1765259 0.1765259 0.2120259 0.2120259 0.1610587 0.1610587 0.1551262 0.2072869 0.0000000 0.0079597 0.2202105 0.2812717 0.2812717 0.3157376 0.3157376 0.7922751 0.8137358 0.8353375 0.8353375 0.7649213 0.7649213 0.7622267 1.5460750 0.4766789 1.0094249 0.8270646 0.9682700 1.1099013 1.1279243 1.0411082 1.3209730 1.1919114 1.1868370 1.3055965 1.0367702 1.1640657 1.6666201 1.4064999 1.2090821 1.3025412 1.3784404 1.6177143 1.5634658 1.5191730 1.5188755 1.2755321 2.4442303 
Pbac_sb2656123                                         0.6668242 0.6519316 0.6697033 0.7023465 0.6692230 0.7348163 0.8126975 0.4935649 0.6173426 0.6707970 0.6539093 0.6691801 0.6824674 0.7260661 0.6864938 0.7014108 0.7166872 0.7022927 0.7494892 0.5960982 0.5919750 0.6356984 0.6143858 0.2100784 0.2112228 0.1576038 0.1576038 0.1619482 0.1619482 0.1959770 0.1959770 0.1704944 0.1704944 0.1457586 0.2072869 0.0079597 0.0000000 0.2103896 0.2812717 0.2812717 0.3157376 0.3157376 0.7786417 0.7999134 0.8211941 0.8211941 0.7514566 0.7514566 0.7668965 1.5460750 0.4625806 1.0047463 0.8270646 0.9591019 1.0936415 1.1279243 1.0420379 1.3272555 1.1919114 1.1733327 1.3127614 1.0476251 1.1477200 1.6666201 1.4064999 1.1853365 1.3025412 1.3784404 1.6324396 1.5573338 1.5332089 1.5328501 1.2877298 2.4224522 
Lampan_Lpan_C410935_01                                 0.7016159 0.6862846 0.7075043 0.8024384 0.6655039 0.7467821 0.8737842 0.6313056 0.7345090 0.7879040 0.6932594 0.7034080 0.7141819 0.7411045 0.6851253 0.7002643 0.7753174 0.8094049 0.8125960 0.6534253 0.6003031 0.7281502 0.6249029 0.2430904 0.2593625 0.1758161 0.1758161 0.1727601 0.1727601 0.1970579 0.1970579 0.2179957 0.2179957 0.2059676 0.2309035 0.2202105 0.2103896 0.0000000 0.2739451 0.2739451 0.2891091 0.2891091 0.8232307 0.8402288 0.8491173 0.8491173 0.8352720 0.8352720 0.7758828 1.4797971 0.4531460 1.1418034 0.8142315 1.1429418 1.3060333 1.2972004 1.2763806 1.4674162 1.2750824 1.3451998 1.3731861 1.0864719 1.0873038 1.6399443 1.3149792 1.0173680 1.2891408 1.3938603 1.6301863 1.5721871 1.5514338 1.6122961 1.2179167 2.3178993 
Eupdun_Edun_sb10652493                                 0.6920007 0.7055155 0.7448977 0.7208517 0.6989093 0.7275578 0.8274235 0.5410547 0.6366805 0.6705298 0.6394254 0.6449084 0.6386177 0.6576615 0.6238827 0.6507377 0.7235477 0.6281629 0.6852912 0.5429950 0.5983782 0.6543330 0.5979935 0.2187800 0.2475861 0.2571985 0.2571985 0.2650663 0.2650663 0.2987861 0.2987861 0.2280078 0.2280078 0.2509749 0.2869047 0.2812717 0.2812717 0.2739451 0.0000000 0.0000010 0.0237812 0.0237812 0.7535276 0.7661478 0.8056179 0.8056179 0.7253852 0.7253852 0.7560785 1.8085451 0.4948718 1.0032970 0.7434204 1.0085722 1.1602902 1.2359203 1.2291190 1.4694787 1.2098891 1.0755699 1.2790996 0.9880783 1.1277572 1.4425894 1.4357300 1.2102986 1.3209135 1.3333910 1.6553064 1.5991976 1.5893683 1.5470376 1.3120924 2.3748966 
Eupdun_Edun_sb10652494                                 0.6920007 0.7055155 0.7448977 0.7208517 0.6989093 0.7275578 0.8274235 0.5410547 0.6366805 0.6705298 0.6394254 0.6449084 0.6386177 0.6576615 0.6238827 0.6507377 0.7235477 0.6281629 0.6852912 0.5429950 0.5983782 0.6543330 0.5979935 0.2187800 0.2475861 0.2571985 0.2571985 0.2650663 0.2650663 0.2987861 0.2987861 0.2280078 0.2280078 0.2509749 0.2869047 0.2812717 0.2812717 0.2739451 0.0000010 0.0000000 0.0237812 0.0237812 0.7535276 0.7661478 0.8056179 0.8056179 0.7253852 0.7253852 0.7560785 1.8085451 0.4948718 1.0032970 0.7434204 1.0085722 1.1602902 1.2359203 1.2291190 1.4694787 1.2098891 1.0755699 1.2790996 0.9880783 1.1277572 1.4425894 1.4357300 1.2102986 1.3209135 1.3333910 1.6553064 1.5991976 1.5893683 1.5470376 1.3120924 2.3748966 
Eupdun_Edun_sb10652495                                 0.6752716 0.7279027 0.7545845 0.7221101 0.6926974 0.5919759 0.8327626 0.7541720 0.7006783 0.7351286 0.6835991 0.6920324 0.6701043 0.6956973 0.6536600 0.6873970 0.7734488 0.6516327 0.5531051 0.5297763 0.5735518 0.5602848 0.5541003 0.2187800 0.2519078 0.3260111 0.3260111 0.3418292 0.3418292 0.4100735 0.4100735 0.2640655 0.2640655 0.2776665 0.3302980 0.3157376 0.3157376 0.2891091 0.0237812 0.0237812 0.0000000 0.0000010 0.7077569 0.7153165 0.7691898 0.7691898 0.6824073 0.6824073 0.7369540 4.9212511 0.3356910 1.0822052 0.7784617 1.1529235 1.2038747 1.3132999 1.3593135 1.5680278 1.2339116 1.0755699 1.4074831 0.9430282 1.1792756 1.6165992 1.5632222 1.0335300 1.2698197 1.2698197 1.5066516 1.3838869 1.3976217 1.4477090 1.2511499 2.3189358 
Eupdun_Edun_sb10652496                                 0.6752716 0.7279027 0.7545845 0.7221101 0.6926974 0.5919759 0.8327626 0.7541720 0.7006783 0.7351286 0.6835991 0.6920324 0.6701043 0.6956973 0.6536600 0.6873970 0.7734488 0.6516327 0.5531051 0.5297763 0.5735518 0.5602848 0.5541003 0.2187800 0.2519078 0.3260111 0.3260111 0.3418292 0.3418292 0.4100735 0.4100735 0.2640655 0.2640655 0.2776665 0.3302980 0.3157376 0.3157376 0.2891091 0.0237812 0.0237812 0.0000010 0.0000000 0.7077569 0.7153165 0.7691898 0.7691898 0.6824073 0.6824073 0.7369540 4.9212511 0.3356910 1.0822052 0.7784617 1.1529235 1.2038747 1.3132999 1.3593135 1.5680278 1.2339116 1.0755699 1.4074831 0.9430282 1.1792756 1.6165992 1.5632222 1.0335300 1.2698197 1.2698197 1.5066516 1.3838869 1.3976217 1.4477090 1.2511499 2.3189358 
HoiH23_PlH23_005077-RA                                 0.6702751 0.6582913 0.5349571 0.6259938 0.5568088 0.5087359 0.6029205 0.8430347 0.7803227 0.9059583 0.6953155 0.6458596 0.6984279 0.7009174 0.7452051 0.7114328 0.7759548 0.6947737 0.9493931 0.7685677 0.7787940 0.7881157 0.7963032 0.6283993 0.8209470 0.7980246 0.7980246 0.7754180 0.7754180 0.8575917 0.8575917 0.7657118 0.7657118 0.8791584 0.7634203 0.7922751 0.7786417 0.8232307 0.7535276 0.7535276 0.7077569 0.7077569 0.0000000 0.0228659 0.0693485 0.0693485 0.1623635 0.1623635 0.8361534 1.3651431 0.7436261 1.1183811 0.8102392 1.0157646 1.0318958 1.1867299 1.0827725 1.1490934 1.0737347 1.0988319 1.1244830 0.9853461 1.2139084 1.8390915 1.6846459 1.4286815 1.5542534 1.6782029 1.8048661 1.6779121 1.8102946 1.6490408 1.1730242 2.1536518 
HoiH06_mRNA9545                                        0.6848676 0.6768660 0.5552369 0.6529036 0.5784332 0.5295651 0.6150532 0.8780812 0.7908036 0.9276073 0.7220925 0.6718321 0.7252741 0.7049263 0.7688089 0.7344490 0.7759322 0.7036057 0.9831809 0.7874716 0.7891903 0.8230059 0.8143328 0.6283993 0.8381513 0.8235202 0.8235202 0.8008293 0.8008293 0.8873663 0.8873663 0.7864953 0.7864953 0.8894355 0.7862285 0.8137358 0.7999134 0.8402288 0.7661478 0.7661478 0.7153165 0.7153165 0.0228659 0.0000000 0.0631132 0.0631132 0.1597456 0.1597456 0.8568889 1.4517807 0.7436261 1.1365657 0.8116655 1.0351831 1.0541031 1.2158386 1.1154297 1.1917113 1.1081295 1.1410120 1.1676352 0.9940219 1.2380927 1.8408234 1.7208569 1.4334796 1.5890176 1.6960147 1.8321576 1.6802640 1.8429647 1.6674217 1.1661891 2.1568240 
Hhon_g06769.t1                                         0.6620228 0.6683730 0.5617203 0.6115437 0.5747875 0.5272167 0.6232657 0.9333254 0.7648379 0.9371769 0.7305966 0.6781972 0.7326630 0.7163537 0.7986364 0.7701301 0.7785196 0.7202232 1.0070881 0.7989721 0.8182061 0.8336054 0.8105104 0.6467879 0.8649262 0.8563645 0.8563645 0.8337375 0.8337375 0.8985499 0.8985499 0.8195551 0.8195551 0.8977493 0.8148258 0.8353375 0.8211941 0.8491173 0.8056179 0.8056179 0.7691898 0.7691898 0.0693485 0.0631132 0.0000000 0.0000010 0.1580245 0.1580245 0.8538748 1.4549496 0.7654394 1.1388500 0.8485738 1.0591294 1.0425445 1.2422834 1.1151579 1.1520857 1.1211344 1.0520276 1.1321443 1.0513178 1.2977420 1.8750324 1.8116147 1.4994806 1.6718430 1.7894136 1.8030810 1.6806340 1.8370921 1.6517534 1.2034174 2.1679086 
HoiH04_mRNA13929                                       0.6620228 0.6683730 0.5617203 0.6115437 0.5747875 0.5272167 0.6232657 0.9333254 0.7648379 0.9371769 0.7305966 0.6781972 0.7326630 0.7163537 0.7986364 0.7701301 0.7785196 0.7202232 1.0070881 0.7989721 0.8182061 0.8336054 0.8105104 0.6467879 0.8649262 0.8563645 0.8563645 0.8337375 0.8337375 0.8985499 0.8985499 0.8195551 0.8195551 0.8977493 0.8148258 0.8353375 0.8211941 0.8491173 0.8056179 0.8056179 0.7691898 0.7691898 0.0693485 0.0631132 0.0000010 0.0000000 0.1580245 0.1580245 0.8538748 1.4549496 0.7654394 1.1388500 0.8485738 1.0591294 1.0425445 1.2422834 1.1151579 1.1520857 1.1211344 1.0520276 1.1321443 1.0513178 1.2977420 1.8750324 1.8116147 1.4994806 1.6718430 1.7894136 1.8030810 1.6806340 1.8370921 1.6517534 1.2034174 2.1679086 
TrH2_TrispH2_007796-RA                                 0.6455280 0.6353411 0.5183725 0.6324689 0.5458158 0.5234727 0.5898523 0.7755016 0.7159064 0.9360588 0.7082550 0.6515661 0.7127020 0.7234063 0.7775545 0.7458306 0.7234495 0.6775966 0.8490538 0.7494652 0.7533278 0.7899751 0.7657850 0.5574018 0.7691213 0.7753454 0.7753454 0.7525349 0.7525349 0.7901647 0.7901647 0.7424966 0.7424966 0.8040736 0.7324291 0.7649213 0.7514566 0.8352720 0.7253852 0.7253852 0.6824073 0.6824073 0.1623635 0.1597456 0.1580245 0.1580245 0.0000000 0.0000010 0.7127112 1.3348760 0.7291336 1.1085211 0.8265846 1.0110673 1.0639135 1.2600041 1.0908035 1.1746556 1.0851030 1.0566365 1.0706461 0.9352357 1.2084809 1.7996210 1.6172536 1.2180372 1.4391090 1.5882007 1.6596370 1.6222312 1.7845022 1.5582080 1.2301357 2.1411045 
Tadh_TriadT54013                                       0.6455280 0.6353411 0.5183725 0.6324689 0.5458158 0.5234727 0.5898523 0.7755016 0.7159064 0.9360588 0.7082550 0.6515661 0.7127020 0.7234063 0.7775545 0.7458306 0.7234495 0.6775966 0.8490538 0.7494652 0.7533278 0.7899751 0.7657850 0.5574018 0.7691213 0.7753454 0.7753454 0.7525349 0.7525349 0.7901647 0.7901647 0.7424966 0.7424966 0.8040736 0.7324291 0.7649213 0.7514566 0.8352720 0.7253852 0.7253852 0.6824073 0.6824073 0.1623635 0.1597456 0.1580245 0.1580245 0.0000010 0.0000000 0.7127112 1.3348760 0.7291336 1.1085211 0.8265846 1.0110673 1.0639135 1.2600041 1.0908035 1.1746556 1.0851030 1.0566365 1.0706461 0.9352357 1.2084809 1.7996210 1.6172536 1.2180372 1.4391090 1.5882007 1.6596370 1.6222312 1.7845022 1.5582080 1.2301357 2.1411045 
Opea_EP00118_Oscarella_pearsei_P021588                 0.7228732 0.7006605 0.6617381 0.7249589 0.5684146 0.6693343 0.7323313 0.5125155 0.7732539 0.9340837 0.7228254 0.6747386 0.6992400 0.7379446 0.7359182 0.7009665 0.7284523 0.7264619 0.8831955 0.7768690 0.7337582 0.5952676 0.7879650 0.6751274 0.7592177 0.7635927 0.7635927 0.7680651 0.7680651 0.7658123 0.7658123 0.7290383 0.7290383 0.7792595 0.7252702 0.7622267 0.7668965 0.7758828 0.7560785 0.7560785 0.7369540 0.7369540 0.8361534 0.8568889 0.8538748 0.8538748 0.7127112 0.7127112 0.0000000 0.3407687 1.0848573 1.0813475 0.8888158 0.9925991 1.2194425 1.3546813 1.2666850 1.1244850 1.2075561 1.1312548 1.2739109 0.9447212 1.3664372 1.6965031 1.4775318 1.5016026 1.4025787 1.5035615 1.5943894 1.5586476 1.5510198 1.4517641 1.3402303 2.3677666 
Opea_EP00118_Oscarella_pearsei_P021591                 1.2526155 1.0192774 1.3279917 1.4665877 1.2207257 1.0174616 1.4601859 0.8806673 1.4375915 1.4611682 1.1179681 1.1591732 1.2370896 1.1940779 1.1240790 1.0982769 1.3583083 1.2152699 2.5511792 1.2142921 1.3214016 0.9705200 1.3334092 3.6824720 1.4117560 1.5065279 1.5065279 1.5065279 1.5065279 1.5065279 1.5065279 1.4800654 1.4800654 1.3991394 1.4046135 1.5460750 1.5460750 1.4797971 1.8085451 1.8085451 4.9212511 4.9212511 1.3651431 1.4517807 1.4549496 1.4549496 1.3348760 1.3348760 0.3407687 0.0000000 6.1282453 1.9263422 1.7562362 1.5551823 1.8710380 1.9573412 1.6466330 1.1288997 1.6525452 3.7876705 2.2008120 1.3440537 2.7456602 2.8491150 2.3735702 5.7741915 2.6193158 8.2587443 2.9518183 3.3086230 2.9032878 2.9581549 2.7540657 5.0648817 
