93
Emue_Em0020g665a.t1                                0.0000000 0.0916103 0.0741053 0.1048589 0.1536502 0.3862455 0.7414241 0.7721747 0.8689330 0.8699648 0.8710969 0.9086322 0.9086322 0.9478761 0.8471997 0.8420104 0.5389525 0.7914555 0.9039462 0.7863662 0.8960346 0.7068296 0.9778630 0.9762458 0.9373535 0.9246558 0.9184682 0.8633858 0.8416573 0.8368230 0.7893475 0.7893475 0.8355969 0.8808501 0.8187772 0.7634741 0.7528383 0.7467351 0.7366700 0.8483440 0.9806633 0.8991770 0.9003244 0.9348812 0.9313120 0.8597843 1.1289958 0.7944878 0.8420960 0.9293606 0.8758403 0.9438034 1.0205733 1.0064380 1.0730690 0.6969284 1.3329025 1.0957658 1.2372214 1.3180945 1.1952221 1.2689053 1.1100306 1.2265828 1.2127039 1.1822020 1.3942613 1.3544913 1.3135532 1.3752709 1.3834915 1.0722402 1.0722402 1.5034663 1.4190470 1.5582266 1.3757019 1.2355805 1.3975809 1.1153107 1.1919388 1.2987848 1.3830071 1.3068732 1.2690188 1.4392980 1.3643572 1.3299980 1.2307309 1.2097090 1.1474161 1.1977553 1.8702878 
Spolac_c101959_g1_i2_m.27404c101959-g1             0.0916103 0.0000000 0.0232083 0.0044403 2.0940489 0.4476888 0.9015493 0.8767356 0.9673387 1.0431440 1.0519152 1.0974484 1.0974484 1.1338739 1.0187190 1.0109774 0.9688238 0.9494110 0.9494110 0.8919263 0.9239379 2.7041987 1.1963908 1.1645480 1.1645942 1.1355429 1.1391827 0.9950909 0.9786129 0.9969167 0.9206005 0.9206005 0.9981203 0.9795172 0.9804491 0.9291461 0.8254889 0.8151506 0.8057168 0.9483837 1.0719129 1.0719129 1.0176344 0.5885356 1.0238197 1.0586684 1.4004607 1.1794686 0.9489397 1.2122655 0.9750481 1.1666382 1.2759170 1.1618430 1.4083953 0.9688238 1.3264003 0.8642654 1.3002768 1.3532253 1.2874357 1.4060793 1.0984026 1.3662887 1.1417573 1.0866567 2.6525473 1.3221139 1.3393082 1.4553119 1.4699918 1.0706595 1.0706595 1.3596002 1.2833627 1.2481752 1.2968795 1.2255355 1.4059410 1.1179663 1.1965159 1.1782537 1.4506108 1.3976775 1.2609027 1.3539245 1.2522408 1.1973702 1.1934512 1.2222444 1.1928716 1.2429439 1.5986810 
Spolac_c101959_g1_i1_m.27403c101959-g1             0.0741053 0.0232083 0.0000000 0.0356080 0.0507678 0.3887483 0.7528467 0.7671789 0.9213737 0.8783573 0.8835956 0.9214398 0.9214398 0.9575027 0.8686010 0.8635023 0.5488690 0.7895281 0.8844756 0.7575676 0.9206142 0.7351099 0.9836324 0.9713234 0.9761775 0.9412089 0.9121788 0.8781041 0.8347950 0.8395848 0.8177708 0.8177708 0.8451858 0.8602698 0.8562076 0.7980352 0.7684905 0.7623686 0.7582885 0.8600301 0.9777992 0.9154958 0.9295269 1.0400196 0.9580600 0.8745590 1.1428961 0.8530863 0.8199755 0.9284397 0.8741475 0.9801457 1.0695643 1.0527836 1.0888457 0.7039034 1.3264003 1.0251242 1.2107388 1.2800502 1.1868632 1.2571342 1.0812771 1.2148522 1.2335441 1.1467974 1.3585835 1.3372472 1.2867375 1.3449452 1.3529834 1.0048273 1.0048273 1.4585080 1.3590110 1.5069862 1.3434935 1.2558756 1.3919936 1.0769391 1.1543245 1.3483220 1.3754209 1.2913660 1.2898088 1.3944707 1.3260506 1.2947533 1.2539771 1.1794584 1.1324500 1.2216851 1.8869862 
Spolac_c101959_g1_i3_m.27406c101959-g1             0.1048589 0.0044403 0.0356080 0.0000000 1.7611785 0.4324709 0.9134632 0.9064078 0.9976476 1.0011226 1.0170037 1.0825092 1.0825092 1.1319782 1.0052257 0.9960916 1.5998159 0.9328247 0.9906792 0.8670849 1.0764038 1.0612490 1.3211611 1.2949078 1.2883662 1.1953594 1.1719692 1.0419634 1.0126597 1.0109973 0.9629786 0.9629786 0.9711854 0.9911356 1.0321578 0.9788151 0.8668110 0.8544039 0.8438571 1.1157646 1.1027808 1.0797025 1.0318782 0.9457371 1.1077220 1.1527863 1.4627703 1.4207050 0.9907230 1.2460445 1.0515427 1.1750428 1.2901122 1.1919527 1.0002410 1.3752905 1.3264003 0.9635843 1.4405223 1.5016762 1.4161544 1.5528124 1.2023221 1.3976550 1.1577552 1.1682058 3.5734651 1.4307936 1.4244763 1.5458334 1.5639151 1.1308384 1.1308384 1.3734299 1.3200464 1.4973383 1.3907535 1.3580057 1.5318251 1.2329223 1.3056179 1.4548543 1.7335632 1.6315613 1.4820313 1.4291196 1.3855192 1.2475093 1.1961967 1.3121445 1.3210186 1.3220342 1.3910855 
Spolac_c101959_g1_i2_m.27405c101959-g1             0.1536502 2.0940489 0.0507678 1.7611785 0.0000000 0.4410614 0.7139164 0.7789869 1.1607467 0.8300761 0.8256354 0.8456032 0.8456032 0.8878918 0.8157086 0.8157086 0.5488690 0.7291456 0.9413299 0.7530282 1.6553795 0.7310001 0.8776790 0.8883706 0.9067598 0.8389893 0.8230019 0.8748640 0.7864378 0.7948939 0.8123317 0.8123317 0.7931564 0.8441289 0.8550618 0.7688415 0.8156091 0.8156091 0.8327303 0.8926998 1.0265363 0.8806121 0.9791605 1.0896550 1.0395024 0.8026016 1.0128431 0.8889284 0.8210584 0.7753171 0.8887533 0.9339668 1.0036684 1.0728255 1.0149120 0.7039034 9.0000000 1.2424224 1.2489992 1.3686488 1.2043404 1.2284034 1.2043404 1.1945129 1.8269337 1.3252622 1.3252622 1.5096486 1.3736395 1.3888386 1.3888386 1.1013834 1.1013834 1.7953064 1.6646607 4.1454515 1.5373041 1.5101524 1.6252802 1.2216521 1.3380472 1.8365584 1.4449963 1.3378199 1.5173231 1.6822090 1.6767902 1.7185394 1.5078210 1.2829004 1.1549256 1.3954608 3.7704194 
Stycar_maker-SC_scaffold3378-snap-gene-0.73-mRNA-1 0.3862455 0.4476888 0.3887483 0.4324709 0.4410614 0.0000000 0.5796449 0.5970416 0.6218860 0.6867775 0.6862557 0.6932210 0.6932210 0.7505718 0.6894504 0.6840118 0.4326854 0.6652078 0.6828503 0.6944141 0.8374138 0.6544245 0.8894235 0.8894497 0.9550097 0.7909217 0.8359524 0.7566292 0.7270618 0.7428850 0.7255245 0.7255245 0.7037582 0.7660607 0.7078572 0.6995463 0.6696985 0.6715586 0.6328857 0.7866873 0.8566532 0.8517260 0.8291732 1.0589565 0.8445991 0.7369638 1.0014663 0.6846092 0.7522643 0.7813921 0.8464014 0.7923840 0.8782304 0.8841544 0.9144762 0.6055504 1.1208326 0.9500785 1.1286567 1.2275885 1.1367641 1.2025666 1.0041372 1.1752446 1.1606568 1.0033677 1.0635775 1.1844393 1.0816594 1.1835764 1.1909738 0.9142697 0.9142697 1.2426782 1.1517530 1.2302829 1.0743201 1.0179547 1.2133957 1.0534122 1.0467759 1.1066558 1.2622569 1.1810238 1.2069212 1.2706893 1.2417316 1.1848933 1.0589525 1.0557975 0.9929686 1.1198844 1.8194971 
Aque_Aqu2.1.43085_001                              0.7414241 0.9015493 0.7528467 0.9134632 0.7139164 0.5796449 0.0000000 0.1836994 0.4573564 0.9124438 0.8891964 0.8964957 0.8964957 0.9377714 0.9080073 0.9032755 0.5786807 0.9133401 1.0086855 0.9534843 1.0490574 0.9790883 1.1541731 1.1564714 1.1352742 1.1257004 1.0899504 0.9320532 0.9404794 0.9732077 0.9472243 0.9472243 0.9828202 0.9774887 0.9283723 0.9427000 0.9793302 0.9751802 0.9228491 0.9427968 0.9930495 0.9074493 0.9365068 1.0009286 0.9433100 0.9835591 1.0576789 0.8760985 1.0077595 1.0820890 1.0573659 1.1021332 1.1207935 1.1126186 1.1036538 0.8977014 1.5889986 1.0289569 1.2648303 1.3502397 1.1889453 1.2393309 0.9971437 1.3003427 1.2191383 1.0688496 1.3311095 1.3121354 1.2613241 1.3157243 1.3235154 0.9366934 0.9366934 1.5067575 1.5280861 1.7630620 1.4917504 1.4038366 1.6373066 1.3423827 1.4482997 1.3996072 1.4623214 1.4092484 1.4952661 1.6650708 1.5656234 1.6451338 1.2663211 1.4156662 1.3077695 1.3949112 1.6715799 
Halamb_c33632_g1_i1mm.305                          0.7721747 0.8767356 0.7671789 0.9064078 0.7789869 0.5970416 0.1836994 0.0000000 0.4498343 0.8686723 0.8748688 0.8858692 0.8858692 0.9073316 0.8883784 0.8835410 0.5242911 0.9271352 1.0431448 1.0099788 1.0647336 1.0648897 1.1655571 1.1790096 1.1969240 1.1498651 1.1494145 1.0593341 1.0667295 1.1025396 1.0729384 1.0729384 1.1174454 1.0869469 1.0197120 1.0437410 1.0666567 1.0615355 1.0306587 0.9570604 1.0049267 0.9262662 0.9793024 1.2338927 0.9980556 0.9864376 1.1363820 0.8903701 1.0211904 1.0555427 1.0388577 1.1465085 1.1699597 1.1649281 1.1923720 0.9714639 1.6407008 1.0362725 1.3195596 1.3822528 1.2413425 1.3192792 1.0544532 1.3466234 1.3279977 1.1159820 1.3170887 1.4392402 1.3211720 1.3614611 1.3696102 0.9948640 0.9948640 1.4931308 1.5704828 1.7652696 1.4854902 1.4022984 1.6857026 1.4228372 1.5026006 1.4255401 1.4946177 1.5131275 1.5745896 1.7137383 1.6978333 1.6643760 1.3711432 1.4849586 1.3711380 1.3869730 1.5977991 
Xestes_maker-XT_scaffold523-snap-gene-0.25-mRNA-1  0.8689330 0.9673387 0.9213737 0.9976476 1.1607467 0.6218860 0.4573564 0.4498343 0.0000000 1.0075861 0.9857601 1.0035312 1.0035312 1.0417659 1.0506379 1.0441498 1.0521123 1.0021735 1.0021735 1.1011325 1.0760239 1.2628434 1.1027165 1.2044670 1.2919276 1.2346356 1.2146343 1.0102879 1.0092270 1.0850972 1.0168407 1.0168407 1.0890094 1.0532047 0.9698767 1.0345975 1.0332925 1.0202747 0.9848591 1.0404329 1.1173344 1.1173344 1.0195591 0.5173240 1.1519045 1.0074748 1.1394546 0.8798354 1.0878748 1.1761470 1.2121880 1.1625486 1.0802496 1.0538437 1.1111928 1.2126999 1.5848603 0.9996778 1.5829846 1.6058519 1.5015662 1.6130809 1.1538956 1.5235542 1.2646519 1.0795142 1.5672456 1.4546880 1.4013621 1.5206913 1.5348920 1.0568012 1.0568012 1.2865213 1.2846659 1.3113040 1.2289539 1.2448534 1.3938947 1.2233873 1.3659369 1.2361576 1.3155679 1.3364192 1.3040379 1.5401010 1.5095728 1.4167887 1.3909194 1.3181389 1.3609039 1.3699607 1.8722464 
HoiH23_PlH23_009546-RA                             0.8699648 1.0431440 0.8783573 1.0011226 0.8300761 0.6867775 0.9124438 0.8686723 1.0075861 0.0000000 0.0159889 0.0448889 0.0448889 0.0912349 0.1352395 0.1362832 0.4531994 0.9367571 1.0416204 0.8652555 0.8182087 0.6290419 0.8331375 0.8864171 0.8741259 0.8076769 0.8397753 0.6960365 0.7319113 0.7114870 0.6990578 0.6990578 0.7137074 0.6854819 0.6693888 0.6896092 0.7151348 0.7109245 0.7232616 0.7934542 0.9042465 0.8510501 0.7576511 0.8395191 0.8521682 0.7300302 1.0042055 0.7581200 0.8181159 0.9372056 0.8628583 1.0224074 1.0345734 1.0738846 1.0365487 0.7216471 1.4690622 0.9468944 1.1689864 1.2328708 1.2033334 1.3153114 1.0232553 1.1924263 1.2829620 1.0199425 1.1773679 1.3687693 1.2374912 1.2864037 1.2941976 0.9790310 0.9790310 1.3843169 1.2901797 1.4880402 1.2427461 1.2492916 1.3678527 1.1278502 1.2803781 1.2680633 1.4388186 1.3482243 1.3700617 1.4292292 1.4438067 1.3989429 1.2205021 1.1485710 1.1618247 1.2026029 1.5018628 
HoiH06_mRNA9523                                    0.8710969 1.0519152 0.8835956 1.0170037 0.8256354 0.6862557 0.8891964 0.8748688 0.9857601 0.0159889 0.0000000 0.0450111 0.0450111 0.0942704 0.1369998 0.1380544 0.4666296 0.9249016 1.0288957 0.8617913 0.8242544 0.6284827 0.8317556 0.8802446 0.8806099 0.8126523 0.8318023 0.6878927 0.7221920 0.7021226 0.6908521 0.6908521 0.7030651 0.6824290 0.6640382 0.6856071 0.7106959 0.7064926 0.7191798 0.7919044 0.9056490 0.8524704 0.7508943 0.8395191 0.8316085 0.7441245 1.0041416 0.7500895 0.8071865 0.9415949 0.8562608 1.0130292 1.0291891 1.0704759 1.0297618 0.7369570 1.4507539 0.9586280 1.1706130 1.2344062 1.2005463 1.3125011 1.0270046 1.2057064 1.2849319 1.0284817 1.1938503 1.3726590 1.2410315 1.2949199 1.3027605 0.9822830 0.9822830 1.3832975 1.2726481 1.4691696 1.2387794 1.2511750 1.3619524 1.1174980 1.2815497 1.2555908 1.4595834 1.3553201 1.3624812 1.4342519 1.4364913 1.4041766 1.2148495 1.1328741 1.1620730 1.2067347 1.5018628 
Hhon_g09604.t1                                     0.9086322 1.0974484 0.9214398 1.0825092 0.8456032 0.6932210 0.8964957 0.8858692 1.0035312 0.0448889 0.0450111 0.0000000 0.0000010 0.0846967 0.1491964 0.1503653 0.4945052 0.9277463 1.0319692 0.8727240 0.8189205 0.6415122 0.8640558 0.9049254 0.8833756 0.8350765 0.8305479 0.6846156 0.7149878 0.6941496 0.6771563 0.6771563 0.6861557 0.6739740 0.6656683 0.6747356 0.7096398 0.7054653 0.7206188 0.8071685 0.9022911 0.8492221 0.7507958 0.7934010 0.8425929 0.7298999 1.0393101 0.7394993 0.8405678 0.9451195 0.8563648 1.0283172 0.9989178 1.0675282 1.0153321 0.7648124 1.4901385 0.9535291 1.1883973 1.2511386 1.1608422 1.2923239 1.0157886 1.2131577 1.2740621 1.0526028 1.2161976 1.3581595 1.2547601 1.2954008 1.3032497 0.9841171 0.9841171 1.3731635 1.2654704 1.4826009 1.2448642 1.2566140 1.3566710 1.1297832 1.2701437 1.2246226 1.4444597 1.4098704 1.4243687 1.4300914 1.4103064 1.4031402 1.2065055 1.1550050 1.1815756 1.2143910 1.5396783 
HoiH04_mRNA13977                                   0.9086322 1.0974484 0.9214398 1.0825092 0.8456032 0.6932210 0.8964957 0.8858692 1.0035312 0.0448889 0.0450111 0.0000010 0.0000000 0.0846967 0.1491964 0.1503653 0.4945052 0.9277463 1.0319692 0.8727240 0.8189205 0.6415122 0.8640558 0.9049254 0.8833756 0.8350765 0.8305479 0.6846156 0.7149878 0.6941496 0.6771563 0.6771563 0.6861557 0.6739740 0.6656683 0.6747356 0.7096398 0.7054653 0.7206188 0.8071685 0.9022911 0.8492221 0.7507958 0.7934010 0.8425929 0.7298999 1.0393101 0.7394993 0.8405678 0.9451195 0.8563648 1.0283172 0.9989178 1.0675282 1.0153321 0.7648124 1.4901385 0.9535291 1.1883973 1.2511386 1.1608422 1.2923239 1.0157886 1.2131577 1.2740621 1.0526028 1.2161976 1.3581595 1.2547601 1.2954008 1.3032497 0.9841171 0.9841171 1.3731635 1.2654704 1.4826009 1.2448642 1.2566140 1.3566710 1.1297832 1.2701437 1.2246226 1.4444597 1.4098704 1.4243687 1.4300914 1.4103064 1.4031402 1.2065055 1.1550050 1.1815756 1.2143910 1.5396783 
HoiH11_mRNA5003                                    0.9478761 1.1338739 0.9575027 1.1319782 0.8878918 0.7505718 0.9377714 0.9073316 1.0417659 0.0912349 0.0942704 0.0846967 0.0846967 0.0000000 0.1525922 0.1537864 0.5712132 0.9766000 1.0863986 0.9169330 0.8730620 0.6644252 0.8717501 0.9333490 0.9289151 0.8330394 0.8677954 0.7089321 0.7478630 0.7342779 0.7258876 0.7258876 0.7362504 0.7081960 0.7107478 0.7029011 0.7469879 0.7426887 0.7510564 0.8312780 0.8764315 0.8306788 0.7513240 0.8550837 0.8625840 0.7550402 1.0692456 0.7856326 0.8489388 0.9996442 0.9007115 1.0408082 1.0314399 1.0949469 1.0350073 0.8545003 1.3857171 1.0066209 1.2814541 1.3310272 1.2331259 1.3595903 1.0661545 1.2839263 1.3472914 1.0839717 1.2429761 1.3968869 1.3001496 1.3852300 1.3935848 1.0257530 1.0257530 1.4290768 1.3183626 1.4412164 1.2632296 1.2909659 1.4058650 1.1786160 1.3289976 1.2621357 1.5041879 1.4394601 1.4703938 1.5046105 1.4929809 1.4425813 1.2574156 1.1683210 1.2471397 1.2399168 1.6745382 
TrH2_TrispH2_010820-RA                             0.8471997 1.0187190 0.8686010 1.0052257 0.8157086 0.6894504 0.9080073 0.8883784 1.0506379 0.1352395 0.1369998 0.1491964 0.1491964 0.1525922 0.0000000 0.0000010 0.4852767 0.9476266 1.0533583 0.8736667 0.9101177 0.6469358 0.8391403 0.8950761 0.8714485 0.7953516 0.8730381 0.7114686 0.7459964 0.7194475 0.7148249 0.7148249 0.7308655 0.7025050 0.7108923 0.7251649 0.7256714 0.7214956 0.7275952 0.8591033 0.9563820 0.8985540 0.7781333 0.8329089 0.8634681 0.7758257 1.0537726 0.7545343 0.8313617 1.0099353 0.8741982 1.0423982 1.0260934 1.0934375 1.0191567 0.8010484 1.5165915 0.9286189 1.1518095 1.2229000 1.1393799 1.2522037 0.9838152 1.1974721 1.1679189 1.0067079 1.1335977 1.3148343 1.2704541 1.2536300 1.2612247 0.9929340 0.9929340 1.4286022 1.3489372 1.3971056 1.1843439 1.2927006 1.3444911 1.2061331 1.3479296 1.1945302 1.4768437 1.3865994 1.4085105 1.4609997 1.4451745 1.4385673 1.2374444 1.1771412 1.1647472 1.2542084 1.6481534 
Tadh_TriadT20768                                   0.8420104 1.0109774 0.8635023 0.9960916 0.8157086 0.6840118 0.9032755 0.8835410 1.0441498 0.1362832 0.1380544 0.1503653 0.1503653 0.1537864 0.0000010 0.0000000 0.4852767 0.9428929 1.0489401 0.8672899 0.8879872 0.6469358 0.8299294 0.8859277 0.8620930 0.7807226 0.8554308 0.7025013 0.7356942 0.7101982 0.7110189 0.7110189 0.7213001 0.6928023 0.7057012 0.7200064 0.7208080 0.7166193 0.7229587 0.8425443 0.9394670 0.8827566 0.7629684 0.8329089 0.8487154 0.7615293 1.0381380 0.7545343 0.8118078 0.9935486 0.8591596 1.0380443 1.0216518 1.0893035 1.0078131 0.8010484 1.5106668 0.9286189 1.1347393 1.2056923 1.1211820 1.2344478 0.9643321 1.1800473 1.1332088 0.9869034 1.1335977 1.2963908 1.2472646 1.2357116 1.2432562 0.9929340 0.9929340 1.4254026 1.3453812 1.3800178 1.1728504 1.2889836 1.3409722 1.2112025 1.3447057 1.1871914 1.4845646 1.3878062 1.4158702 1.4650542 1.4395121 1.4323805 1.2284390 1.1633761 1.1571478 1.2507295 1.6481534 
Plespi_Pspi_scaffold5134_01                        0.5389525 0.9688238 0.5488690 1.5998159 0.5488690 0.4326854 0.5786807 0.5242911 1.0521123 0.4531994 0.4666296 0.4945052 0.4945052 0.5712132 0.4852767 0.4852767 0.0000000 0.5796302 0.8536861 0.5977909 0.6794002 0.5651081 0.7888573 0.8146099 0.6632266 0.6808270 0.6832210 0.7591989 0.8311624 0.7266528 0.7154000 0.7154000 0.7073314 0.7289494 0.7021728 0.6494991 0.6390927 0.6390927 0.6032822 0.7194731 0.8104346 0.5684528 0.6259960 0.7988825 0.6543877 0.5773667 0.8299815 0.7417564 0.6358152 0.5766711 0.7426907 0.7908813 0.9794368 0.9679597 0.9297807 0.7615969 0.0000010 1.2222215 1.1178903 1.2654288 1.1663380 1.1663380 1.1663380 1.0793566 3.2044970 1.2469088 1.2469088 1.4995894 1.2523167 1.3536005 1.3536005 1.0552976 1.0552976 1.6976638 1.6803226 7.1847967 1.4707207 1.4868536 1.5348121 1.5295390 1.2765613 1.6050119 1.7991883 1.3259057 1.7749471 1.9122222 2.0286027 1.9082869 1.4028049 1.2888590 1.2004222 1.3002305 4.2228908 
Opea_EP00118_Oscarella_pearsei_P026318             0.7914555 0.9494110 0.7895281 0.9328247 0.7291456 0.6652078 0.9133401 0.9271352 1.0021735 0.9367571 0.9249016 0.9277463 0.9277463 0.9766000 0.9476266 0.9428929 0.5796302 0.0000000 0.0511226 0.4029609 0.9223699 0.6887565 0.9917132 1.0042960 0.9891839 0.9523073 0.9869594 0.8396171 0.8163444 0.8309317 0.8547211 0.8547211 0.7905678 0.8406088 0.8403984 0.8412357 0.8152628 0.8154937 0.8468534 0.8872242 0.9600875 0.8788666 0.8603868 0.8780504 0.9825433 0.9193956 1.0983115 0.8026829 0.8903665 0.8202829 0.9197807 0.9946989 1.0210036 1.0726229 1.1435081 0.7378503 1.0299516 1.0965870 1.2961490 1.3633222 1.2656787 1.3493508 1.1122024 1.3267069 1.3017951 1.1556360 1.3209293 1.3739716 1.3161509 1.3498106 1.3579323 1.1181679 1.1181679 1.4491734 1.4137783 1.4973211 1.2919622 1.1564338 1.4304223 1.2193596 1.3465716 1.3778361 1.5220352 1.3501019 1.5097685 1.6008979 1.5829835 1.4139856 1.2534938 1.2879310 1.2884475 1.3170512 2.2478927 
Ocar_g1234                                         0.9039462 0.9494110 0.8844756 0.9906792 0.9413299 0.6828503 1.0086855 1.0431448 1.0021735 1.0416204 1.0288957 1.0319692 1.0319692 1.0863986 1.0533583 1.0489401 0.8536861 0.0511226 0.0000000 0.4597761 0.9223699 0.9400429 1.0933498 1.0996261 1.1170687 1.0573208 1.0869497 0.9409776 0.8163444 0.9082669 0.9376538 0.9376538 0.8725233 0.9388068 0.9323071 0.9292241 0.9107918 0.9111037 0.9313175 0.9160740 0.9779008 1.0096881 0.9610970 1.7369013 1.0920861 1.0078758 1.1909891 0.9463689 0.9917360 0.8171207 0.9690222 1.0426940 1.0790358 1.0996770 1.2092949 0.8317342 1.0299516 1.1850624 1.3812408 1.4502666 1.3511014 1.4353906 1.1994177 1.3936846 1.3017951 1.2169054 1.4499450 1.4195151 1.3494889 1.3958061 1.4043398 1.2207521 1.2207521 1.4199367 1.3888375 1.5411202 1.2718789 1.2216314 1.4373374 1.2498761 1.3860223 1.4039925 1.5396397 1.4025191 1.5353097 1.6073832 1.6121309 1.4659178 1.3363173 1.3390450 1.3797148 1.4029633 2.2902994 
Plajan_Pjan_scaffold21145_01                       0.7863662 0.8919263 0.7575676 0.8670849 0.7530282 0.6944141 0.9534843 1.0099788 1.1011325 0.8652555 0.8617913 0.8727240 0.8727240 0.9169330 0.8736667 0.8672899 0.5977909 0.4029609 0.4597761 0.0000000 1.0114026 0.5930734 0.9615480 0.9432585 0.9334388 0.9197783 0.9588693 0.8395482 0.8750873 0.8275229 0.8102145 0.8102145 0.7574513 0.8590255 0.8030873 0.7830762 0.8061052 0.8013896 0.8003775 0.7825565 0.9357323 0.8564862 0.8713958 0.7063810 0.9546973 0.8858137 1.0484068 0.8123374 0.8197743 0.8422200 0.7825375 0.9569279 0.9887527 1.0529117 0.9957766 0.7415499 1.1366571 0.9935925 1.1956372 1.2767943 1.1544697 1.2443010 1.0466714 1.2471757 1.2048611 1.0917967 1.2287595 1.3238004 1.2135701 1.2555953 1.2630801 1.1158366 1.1158366 1.4327504 1.4273597 1.4211657 1.2684933 1.1297252 1.3960820 1.1387665 1.3499812 1.2742814 1.4984222 1.2390350 1.4356514 1.3283773 1.2988161 1.2463042 1.1986835 1.1997338 1.2195407 1.2961950 1.6884905 
Morvir_scaffold3717.g1.t1                          0.8960346 0.9239379 0.9206142 1.0764038 1.6553795 0.8374138 1.0490574 1.0647336 1.0760239 0.8182087 0.8242544 0.8189205 0.8189205 0.8730620 0.9101177 0.8879872 0.6794002 0.9223699 0.9223699 1.0114026 0.0000000 0.8808040 0.5589856 0.5354054 0.6378396 0.5696706 0.5648541 0.5504699 0.5264046 0.5602905 0.5365156 0.5365156 0.5622690 0.5617253 0.5712211 0.5720083 0.5993017 0.5923255 0.5580633 0.8344452 0.9122648 0.9122648 0.7687742 1.8001329 0.9795743 0.8239051 1.0997108 0.6174921 0.8573040 0.9488891 0.8082618 0.9305480 1.0253189 0.9502011 1.1971671 1.7220564 1.1732512 0.8993085 1.2972550 1.3457673 1.2485290 1.3255658 0.9436508 1.4097721 0.9680773 1.0608857 2.9965861 1.3550630 1.2668931 1.2569712 1.2704558 0.9637107 0.9637107 1.3001833 1.2818775 1.1962413 1.2206543 1.1083481 1.2462644 1.0199119 1.2234635 1.0035768 1.4051843 1.3300015 1.2719848 1.1924489 1.1407347 1.1815732 1.1259607 1.0365014 1.1203637 1.2308362 1.1372622 
Morvir_scaffold7.g48.t1                            0.7068296 2.7041987 0.7351099 1.0612490 0.7310001 0.6544245 0.9790883 1.0648897 1.2628434 0.6290419 0.6284827 0.6415122 0.6415122 0.6644252 0.6469358 0.6469358 0.5651081 0.6887565 0.9400429 0.5930734 0.8808040 0.0000000 0.3636583 0.3766019 0.3281181 0.3580285 0.3753646 0.4646058 0.5123447 0.4923654 0.5361386 0.5361386 0.5185993 0.5392281 0.3988346 0.4200196 0.5240191 0.5240191 0.5605261 0.7458969 0.7676218 0.6012977 0.8025478 0.9126335 0.7615731 0.6811254 0.8411063 0.7632981 0.7510498 0.8334254 0.8348452 0.8640458 0.8846563 1.0391824 0.9169700 0.7150278 0.0000010 1.1820696 1.0824377 1.1797506 1.0806434 1.0806434 1.0806434 1.1383291 1.1440509 1.0632488 1.0632488 1.2001157 1.0330989 1.2466321 1.2466321 1.0377270 1.0377270 1.7572441 1.5414601 4.1017112 1.3629915 1.3398957 1.6064271 1.1669014 1.4449831 1.4164848 1.4799624 1.3141811 1.4806766 1.7132991 1.8036089 1.6648943 1.3632918 1.3651395 1.3337386 1.2896327 3.2629210 
Nemnom_g8878.t1                                    0.9778630 1.1963908 0.9836324 1.3211611 0.8776790 0.8894235 1.1541731 1.1655571 1.1027165 0.8331375 0.8317556 0.8640558 0.8640558 0.8717501 0.8391403 0.8299294 0.7888573 0.9917132 1.0933498 0.9615480 0.5589856 0.3636583 0.0000000 0.1036894 0.3248589 0.5615056 0.5338707 0.6476589 0.6570537 0.7050438 0.6863140 0.6863140 0.7235141 0.6968932 0.6500198 0.6512490 0.7414705 0.7372745 0.7096300 0.8753383 0.9901071 0.9045587 0.9703930 1.2165355 1.0198530 0.8587395 0.9997106 0.7729368 0.9172313 0.9844218 0.9963278 1.0723186 1.0487612 1.1314817 1.1455696 0.8489372 1.3075256 1.0512541 1.2224319 1.2928765 1.1736031 1.2274619 1.0187566 1.2690815 1.0486280 1.0134125 1.0933425 1.2277897 1.1831340 1.2733229 1.2809741 1.1205937 1.1205937 1.4365420 1.3976054 1.4812863 1.2940504 1.2302154 1.4551537 1.2333886 1.2297635 1.3316569 1.5773526 1.5247067 1.4611955 1.5718609 1.5364840 1.4482342 1.2978244 1.2699293 1.1812559 1.3519344 1.5603588 
Rhoesc_Res_001490-T1                               0.9762458 1.1645480 0.9713234 1.2949078 0.8883706 0.8894497 1.1564714 1.1790096 1.2044670 0.8864171 0.8802446 0.9049254 0.9049254 0.9333490 0.8950761 0.8859277 0.8146099 1.0042960 1.0996261 0.9432585 0.5354054 0.3766019 0.1036894 0.0000000 0.3129098 0.5925931 0.5381545 0.6412209 0.6422701 0.6788147 0.6735372 0.6735372 0.7102921 0.6866774 0.6200602 0.6491224 0.6957918 0.6917245 0.6822290 0.8937155 1.0261061 0.9476522 0.9886802 1.2246779 1.0374157 0.8822560 1.0514430 0.7578410 0.9493752 0.9677809 0.9780813 1.0544464 1.0668868 1.1352352 1.1292903 0.9180541 1.3722690 1.0969770 1.2282668 1.3241984 1.1948931 1.2487137 1.0264810 1.3111560 1.0260343 1.0396788 1.1528761 1.2600133 1.2283037 1.3310281 1.3389626 1.1817175 1.1817175 1.5173231 1.4731457 1.5254014 1.3405068 1.2614682 1.5477929 1.2392924 1.2416024 1.3386342 1.5875764 1.5313547 1.4088722 1.5182915 1.4804589 1.4486157 1.2893312 1.2189907 1.1750101 1.3609042 1.5505476 
Sanmal_Sma_026956-T1                               0.9373535 1.1645942 0.9761775 1.2883662 0.9067598 0.9550097 1.1352742 1.1969240 1.2919276 0.8741259 0.8806099 0.8833756 0.8833756 0.9289151 0.8714485 0.8620930 0.6632266 0.9891839 1.1170687 0.9334388 0.6378396 0.3281181 0.3248589 0.3129098 0.0000000 0.5775639 0.5260741 0.5919288 0.6099676 0.6238925 0.6355020 0.6355020 0.6663452 0.6692146 0.5799989 0.6137898 0.6960983 0.6933814 0.6534007 0.8888501 1.0674842 0.9665015 0.9462439 0.9728665 1.0045676 0.8559899 1.0347023 0.7399753 0.8920329 1.0038724 0.9856238 1.0630885 1.0305837 1.1070789 1.1484866 0.8034810 1.6125854 1.0309646 1.1251199 1.2048337 1.0994836 1.1336513 0.9688765 1.1598283 1.0366329 0.9881978 1.0501707 1.1961336 1.1722009 1.2081212 1.2155772 1.1631020 1.1631020 1.6305172 1.5471177 1.6105343 1.4178848 1.3080768 1.6407857 1.2378431 1.2978312 1.3593880 1.6513213 1.5291669 1.4786539 1.5793513 1.5865481 1.4737130 1.3300264 1.2548586 1.2167157 1.4191410 1.8189673 
Hvul_g8032_1                                       0.9246558 1.1355429 0.9412089 1.1953594 0.8389893 0.7909217 1.1257004 1.1498651 1.2346356 0.8076769 0.8126523 0.8350765 0.8350765 0.8330394 0.7953516 0.7807226 0.6808270 0.9523073 1.0573208 0.9197783 0.5696706 0.3580285 0.5615056 0.5925931 0.5775639 0.0000000 0.3203690 0.6208527 0.6492253 0.6524762 0.6642459 0.6642459 0.6846934 0.6707255 0.6269770 0.5973158 0.6297741 0.6259279 0.5981646 0.9555523 1.0542589 0.9836511 0.9105940 0.9070362 1.0034729 0.8356606 1.0528828 0.7437373 0.8573545 0.9918030 0.9375988 1.0351050 1.1250989 1.1454823 1.2185583 0.9009651 1.5818867 0.9935774 1.2743076 1.2448246 1.1256405 1.1690409 0.9463643 1.2665627 1.1126076 1.0382158 1.0784083 1.2838260 1.2419195 1.3390635 1.3472518 1.1002745 1.1002745 1.4797037 1.4399902 1.4141915 1.3212362 1.1805430 1.4683953 1.2336954 1.2837360 1.1685689 1.5139939 1.3595490 1.4582005 1.4156544 1.3641503 1.4039014 1.2149633 1.2805635 1.2123398 1.3802669 1.7944504 
Chem_TCONS_00018932                                0.9184682 1.1391827 0.9121788 1.1719692 0.8230019 0.8359524 1.0899504 1.1494145 1.2146343 0.8397753 0.8318023 0.8305479 0.8305479 0.8677954 0.8730381 0.8554308 0.6832210 0.9869594 1.0869497 0.9588693 0.5648541 0.3753646 0.5338707 0.5381545 0.5260741 0.3203690 0.0000000 0.6700304 0.7218225 0.7287360 0.7038476 0.7038476 0.7205815 0.7214038 0.6305417 0.6172273 0.6533318 0.6507578 0.6294498 0.9227700 1.0870968 0.9907554 0.9109718 0.8671704 1.0154948 0.8842899 1.0875702 0.7095093 0.8750165 0.9914708 0.9555488 1.0580801 1.0800058 1.1406415 1.1747752 0.8320406 1.5461261 1.1611162 1.2937276 1.3146007 1.1777302 1.2401359 1.0388661 1.2409050 1.0586203 1.0430413 1.2082071 1.2641417 1.2219168 1.3476808 1.3557510 1.1740331 1.1740331 1.5546741 1.4459325 1.5622456 1.3509049 1.3421710 1.6037689 1.2576314 1.2262419 1.3161925 1.6490195 1.4965426 1.4716562 1.5671382 1.4608191 1.3327229 1.3851015 1.1929451 1.2579968 1.4575612 1.9439483 
Spis_XP_022789447_1                                0.8633858 0.9950909 0.8781041 1.0419634 0.8748640 0.7566292 0.9320532 1.0593341 1.0102879 0.6960365 0.6878927 0.6846156 0.6846156 0.7089321 0.7114686 0.7025013 0.7591989 0.8396171 0.9409776 0.8395482 0.5504699 0.4646058 0.6476589 0.6412209 0.5919288 0.6208527 0.6700304 0.0000000 0.0160967 0.0972238 0.1249323 0.1249323 0.1521278 0.0993492 0.3128283 0.2887830 0.4767913 0.4765453 0.4258938 0.7529007 0.8726163 0.7849767 0.7988014 0.7631257 0.7767010 0.8060279 0.9578905 0.7128039 0.7505202 0.8627309 0.8576885 0.9335315 0.9684788 1.0154614 1.0823979 0.8190246 1.0253986 1.0195339 1.1336480 1.2338025 1.0992429 1.1653976 0.9858754 1.1773841 1.1068465 0.9961607 1.1378443 1.2005115 1.1643176 1.2167970 1.2242787 1.0687992 1.0687992 1.3592842 1.3155599 1.3688580 1.2396318 1.1290584 1.3774582 1.0972466 1.1424803 1.1595180 1.4282150 1.2899993 1.3884547 1.2822492 1.1871815 1.2345938 1.1374350 1.1169103 1.1230014 1.1713052 1.4317950 
Pocdam_XM_027198600.1                              0.8416573 0.9786129 0.8347950 1.0126597 0.7864378 0.7270618 0.9404794 1.0667295 1.0092270 0.7319113 0.7221920 0.7149878 0.7149878 0.7478630 0.7459964 0.7356942 0.8311624 0.8163444 0.8163444 0.8750873 0.5264046 0.5123447 0.6570537 0.6422701 0.6099676 0.6492253 0.7218225 0.0160967 0.0000000 0.0781335 0.1163185 0.1163185 0.1428329 0.0832448 0.3204807 0.2995100 0.4653123 0.4650008 0.4150978 0.7593747 0.8166299 0.8166299 0.8141297 1.2770310 0.8040177 0.8303178 1.0235114 0.6986248 0.7547478 0.8680256 0.8358439 0.9187118 0.9591953 1.0019783 1.0822668 0.8784276 0.9953089 0.8950826 1.1122060 1.2014105 1.0369998 1.1201817 0.9026609 1.1254659 1.1167733 0.9154177 1.0156855 1.1122884 1.1004435 1.1498854 1.1580626 0.9445946 0.9445946 1.3090612 1.2909006 1.1622509 1.1992718 1.1047551 1.3281616 1.0614842 1.1186678 1.1706253 1.3914696 1.2743621 1.3675710 1.2837903 1.1392371 1.2272340 1.1279039 1.0667546 1.0713131 1.1480548 1.3234711 
Fspp_ffun1.m4.6657.m1                              0.8368230 0.9969167 0.8395848 1.0109973 0.7948939 0.7428850 0.9732077 1.1025396 1.0850972 0.7114870 0.7021226 0.6941496 0.6941496 0.7342779 0.7194475 0.7101982 0.7266528 0.8309317 0.9082669 0.8275229 0.5602905 0.4923654 0.7050438 0.6788147 0.6238925 0.6524762 0.7287360 0.0972238 0.0781335 0.0000000 0.1006113 0.1006113 0.1056525 0.0574714 0.2865728 0.2879004 0.4819606 0.4817226 0.4556179 0.7236911 0.8724559 0.8089652 0.8161404 0.7000852 0.7874535 0.7913907 0.9798240 0.7174228 0.7571955 0.8499036 0.8564242 0.8823981 0.9297164 0.9995467 1.0190707 0.7459264 1.0835363 0.9559945 1.1117022 1.1865603 1.0655280 1.1388690 0.9530768 1.1405876 1.0811863 0.9812076 1.0894311 1.1849596 1.1310241 1.1929061 1.2002946 1.0415037 1.0415037 1.3839181 1.3240661 1.4087049 1.2797992 1.1279226 1.3877492 1.0500931 1.1278164 1.1905319 1.4212089 1.2429153 1.3567809 1.2640496 1.1749759 1.2169045 1.1274437 1.0985384 1.0908324 1.1547778 1.5246478 
Amil_Amillepora12738-RA                            0.7893475 0.9206005 0.8177708 0.9629786 0.8123317 0.7255245 0.9472243 1.0729384 1.0168407 0.6990578 0.6908521 0.6771563 0.6771563 0.7258876 0.7148249 0.7110189 0.7154000 0.8547211 0.9376538 0.8102145 0.5365156 0.5361386 0.6863140 0.6735372 0.6355020 0.6642459 0.7038476 0.1249323 0.1163185 0.1006113 0.0000000 0.0000010 0.0711667 0.1239328 0.2750688 0.2668205 0.4705321 0.4702730 0.4394863 0.7173758 0.8750259 0.8048021 0.7867849 0.6672909 0.7898145 0.7856146 0.9918958 0.7652856 0.7488047 0.9294418 0.8709564 0.8821867 0.9286242 0.9834307 1.0415678 0.8022416 1.0052544 0.9869210 1.0894597 1.1989951 1.0732004 1.1353629 0.9950008 1.1340380 1.1592140 1.0120013 1.1019987 1.1659576 1.1420810 1.1987183 1.2061291 1.0813468 1.0813468 1.3463460 1.3023973 1.3547410 1.2513347 1.1451753 1.3677505 1.0339207 1.1177642 1.1692394 1.3958319 1.2836308 1.3515589 1.2168470 1.1636475 1.2265511 1.1140847 1.0938010 1.0894654 1.1489926 1.5523538 
Adig_XM_015902879.1                                0.7893475 0.9206005 0.8177708 0.9629786 0.8123317 0.7255245 0.9472243 1.0729384 1.0168407 0.6990578 0.6908521 0.6771563 0.6771563 0.7258876 0.7148249 0.7110189 0.7154000 0.8547211 0.9376538 0.8102145 0.5365156 0.5361386 0.6863140 0.6735372 0.6355020 0.6642459 0.7038476 0.1249323 0.1163185 0.1006113 0.0000010 0.0000000 0.0711667 0.1239328 0.2750688 0.2668205 0.4705321 0.4702730 0.4394863 0.7173758 0.8750259 0.8048021 0.7867849 0.6672909 0.7898145 0.7856146 0.9918958 0.7652856 0.7488047 0.9294418 0.8709564 0.8821867 0.9286242 0.9834307 1.0415678 0.8022416 1.0052544 0.9869210 1.0894597 1.1989951 1.0732004 1.1353629 0.9950008 1.1340380 1.1592140 1.0120013 1.1019987 1.1659576 1.1420810 1.1987183 1.2061291 1.0813468 1.0813468 1.3463460 1.3023973 1.3547410 1.2513347 1.1451753 1.3677505 1.0339207 1.1177642 1.1692394 1.3958319 1.2836308 1.3515589 1.2168470 1.1636475 1.2265511 1.1140847 1.0938010 1.0894654 1.1489926 1.5523538 
Gfas_gfas1.m1.18410.m1                             0.8355969 0.9981203 0.8451858 0.9711854 0.7931564 0.7037582 0.9828202 1.1174454 1.0890094 0.7137074 0.7030651 0.6861557 0.6861557 0.7362504 0.7308655 0.7213001 0.7073314 0.7905678 0.8725233 0.7574513 0.5622690 0.5185993 0.7235141 0.7102921 0.6663452 0.6846934 0.7205815 0.1521278 0.1428329 0.1056525 0.0711667 0.0711667 0.0000000 0.1138295 0.2859125 0.2897987 0.4731840 0.4729181 0.4458816 0.7489935 0.8931332 0.8175248 0.8099843 0.6672909 0.8014101 0.8218446 1.0079498 0.7186736 0.7665245 0.9177555 0.9132761 0.8865449 0.8839503 0.9752825 0.9155859 0.7760341 0.9594844 0.9690701 1.1035647 1.2069105 1.0318346 1.1311939 0.9382771 1.1247930 1.0836342 0.9725379 1.0130662 1.1628548 1.1233060 1.1835553 1.1912492 1.0483280 1.0483280 1.3350511 1.2550417 1.3787409 1.2516875 1.1172398 1.3427407 1.0345735 1.1301944 1.1832866 1.4156985 1.2517430 1.3760898 1.2458996 1.2041353 1.2875565 1.1075477 1.1199645 1.0688178 1.1954225 1.5565789 
Gasp_gasp1.m3.5047.m1                              0.8808501 0.9795172 0.8602698 0.9911356 0.8441289 0.7660607 0.9774887 1.0869469 1.0532047 0.6854819 0.6824290 0.6739740 0.6739740 0.7081960 0.7025050 0.6928023 0.7289494 0.8406088 0.9388068 0.8590255 0.5617253 0.5392281 0.6968932 0.6866774 0.6692146 0.6707255 0.7214038 0.0993492 0.0832448 0.0574714 0.1239328 0.1239328 0.1138295 0.0000000 0.3110862 0.3035488 0.4967492 0.4965238 0.4398701 0.7367206 0.8738404 0.7962074 0.7819258 0.6956589 0.7757641 0.8117031 1.0294983 0.6914850 0.7325030 0.8516291 0.8901110 0.9037800 0.9686775 1.0439108 1.0767309 0.7072659 1.0515367 0.9845729 1.1285717 1.2268983 1.1350484 1.2065097 1.0061403 1.1919897 1.0969125 1.0050957 1.1928628 1.2448129 1.1738377 1.2373900 1.2456016 1.1623006 1.1623006 1.3094727 1.2337643 1.4153667 1.2197022 1.0478720 1.3387423 0.9857310 1.1583177 1.1476061 1.3166341 1.2106087 1.2472874 1.1819029 1.0984042 1.1463439 1.0760697 1.0724729 1.0395855 1.1185607 1.5215900 
Exapal_XM_021053609.2                              0.8187772 0.9804491 0.8562076 1.0321578 0.8550618 0.7078572 0.9283723 1.0197120 0.9698767 0.6693888 0.6640382 0.6656683 0.6656683 0.7107478 0.7108923 0.7057012 0.7021728 0.8403984 0.9323071 0.8030873 0.5712211 0.3988346 0.6500198 0.6200602 0.5799989 0.6269770 0.6305417 0.3128283 0.3204807 0.2865728 0.2750688 0.2750688 0.2859125 0.3110862 0.0000000 0.1948983 0.4768078 0.4765603 0.4699864 0.7223044 0.8402307 0.7636367 0.7860597 0.6511776 0.7856470 0.7422456 0.9839533 0.6733817 0.7717922 0.9087302 0.8813561 0.9066840 0.9072684 0.9712629 0.9948713 0.7703830 1.1205402 0.9232983 1.1161464 1.1260243 1.0717421 1.1336360 0.9127555 1.1170483 1.1095039 0.9225924 1.0258756 1.1755971 1.0821114 1.2227518 1.2302956 0.9500088 0.9500088 1.3621645 1.3247759 1.4722960 1.2557950 1.0890636 1.4167060 1.0181953 0.9990903 1.1024041 1.3741471 1.2660653 1.2438705 1.3112545 1.2684009 1.3351518 1.1200373 1.0708777 1.0801300 1.2193718 1.8186310 
Nvec_v1g193135                                     0.7634741 0.9291461 0.7980352 0.9788151 0.7688415 0.6995463 0.9427000 1.0437410 1.0345975 0.6896092 0.6856071 0.6747356 0.6747356 0.7029011 0.7251649 0.7200064 0.6494991 0.8412357 0.9292241 0.7830762 0.5720083 0.4200196 0.6512490 0.6491224 0.6137898 0.5973158 0.6172273 0.2887830 0.2995100 0.2879004 0.2668205 0.2668205 0.2897987 0.3035488 0.1948983 0.0000000 0.4214094 0.4210423 0.4239177 0.7299252 0.8842457 0.7979922 0.7679083 0.7214901 0.7955163 0.7662614 0.9759025 0.7440298 0.7454528 0.9049276 0.8262182 0.9489403 0.9763734 1.0235570 1.0340554 0.8005502 1.0377077 0.9591255 1.1462401 1.2202811 1.0763564 1.1424087 0.9488029 1.1761135 1.1668639 0.9421112 0.9499456 1.1483272 1.0881876 1.2535205 1.2610682 0.9805834 0.9805834 1.3375308 1.2750387 1.3394964 1.2086815 1.0293877 1.3222494 0.9816063 1.0491119 1.1417395 1.3550730 1.2202821 1.2525378 1.2836321 1.2317276 1.2886527 1.0714528 1.1401350 1.0898183 1.1548177 1.6545649 
Dgig_XM_028562038.1                                0.7528383 0.8254889 0.7684905 0.8668110 0.8156091 0.6696985 0.9793302 1.0666567 1.0332925 0.7151348 0.7106959 0.7096398 0.7096398 0.7469879 0.7256714 0.7208080 0.6390927 0.8152628 0.9107918 0.8061052 0.5993017 0.5240191 0.7414705 0.6957918 0.6960983 0.6297741 0.6533318 0.4767913 0.4653123 0.4819606 0.4705321 0.4705321 0.4731840 0.4967492 0.4768078 0.4214094 0.0000000 0.0045939 0.1127767 0.8495871 0.9384601 0.8581316 0.7554543 0.9242777 0.8635370 0.8209631 1.0468530 0.8101016 0.7516603 0.8541771 0.8763924 0.9148356 0.9675346 1.0282130 1.0916205 0.8345310 1.1284525 0.9174561 1.0602675 1.0800237 1.0199687 1.0762943 0.9358964 1.1308400 1.1134421 0.9471121 0.9172391 1.1157199 1.0680142 1.1439406 1.1509991 0.9915295 0.9915295 1.3148524 1.2537969 1.2636649 1.1721164 1.1067716 1.2884740 0.9855377 1.1237227 1.0616568 1.3482083 1.1719985 1.1581072 1.2996931 1.2328848 1.2305381 1.0443681 1.0778081 1.0566175 1.2191493 1.6572162 
Dgig_XM_028540244.1                                0.7467351 0.8151506 0.7623686 0.8544039 0.8156091 0.6715586 0.9751802 1.0615355 1.0202747 0.7109245 0.7064926 0.7054653 0.7054653 0.7426887 0.7214956 0.7166193 0.6390927 0.8154937 0.9111037 0.8013896 0.5923255 0.5240191 0.7372745 0.6917245 0.6933814 0.6259279 0.6507578 0.4765453 0.4650008 0.4817226 0.4702730 0.4702730 0.4729181 0.4965238 0.4765603 0.4210423 0.0045939 0.0000000 0.1114429 0.8417980 0.9340321 0.8541522 0.7512397 0.8976747 0.8658601 0.8165037 1.0416567 0.8101016 0.7489057 0.8635778 0.8853631 0.9151427 0.9678768 1.0285844 1.0852196 0.8345310 1.1188396 0.9174561 1.0473194 1.0711596 1.0149023 1.0630435 0.9304039 1.1252890 1.1035866 0.9415908 0.9172391 1.1124877 1.0649356 1.1407164 1.1477657 0.9845324 0.9845324 1.3108442 1.2499571 1.2550925 1.1665294 1.1113379 1.2934803 0.9863469 1.1180893 1.0719140 1.3419667 1.1788477 1.1649228 1.2958282 1.2269206 1.2267411 1.0390966 1.0807140 1.0512180 1.2154836 1.6300530 
Xesp_011764-T1                                     0.7366700 0.8057168 0.7582885 0.8438571 0.8327303 0.6328857 0.9228491 1.0306587 0.9848591 0.7232616 0.7191798 0.7206188 0.7206188 0.7510564 0.7275952 0.7229587 0.6032822 0.8468534 0.9313175 0.8003775 0.5580633 0.5605261 0.7096300 0.6822290 0.6534007 0.5981646 0.6294498 0.4258938 0.4150978 0.4556179 0.4394863 0.4394863 0.4458816 0.4398701 0.4699864 0.4239177 0.1127767 0.1114429 0.0000000 0.8066178 0.9658727 0.8775016 0.7558241 0.8336063 0.8507320 0.7971412 1.0610510 0.8467395 0.7552778 0.8562655 0.8479251 0.8811670 0.9674681 1.0185741 1.0645323 0.7729304 1.0850521 0.9456418 1.0451953 1.0664720 0.9570734 1.0102363 0.8966689 1.0758359 1.0854775 0.9058229 0.8978915 1.0414204 1.0204537 1.1387742 1.1457998 1.0086650 1.0086650 1.3353671 1.2726316 1.3141823 1.2136712 1.1106133 1.2490894 0.9963002 1.0803550 1.0641212 1.3322275 1.1829798 1.1757672 1.2917945 1.2051402 1.2485521 1.0284400 1.0991509 1.0044199 1.1855006 1.5057649 
Bralan_BLAG09000558_1                              0.8483440 0.9483837 0.8600301 1.1157646 0.8926998 0.7866873 0.9427968 0.9570604 1.0404329 0.7934542 0.7919044 0.8071685 0.8071685 0.8312780 0.8591033 0.8425443 0.7194731 0.8872242 0.9160740 0.7825565 0.8344452 0.7458969 0.8753383 0.8937155 0.8888501 0.9555523 0.9227700 0.7529007 0.7593747 0.7236911 0.7173758 0.7173758 0.7489935 0.7367206 0.7223044 0.7299252 0.8495871 0.8417980 0.8066178 0.0000000 0.5413374 0.5337111 0.5792078 0.9407532 0.5505616 0.5118371 0.7195920 0.6829793 0.5288704 0.5478388 0.5987253 1.0162050 0.9546042 0.9888189 1.0831883 0.7573199 1.3405092 1.0167275 1.2033705 1.2206659 1.2108563 1.2794763 1.0725223 1.2473064 1.2702728 1.1044015 1.2457484 1.3537598 1.2538531 1.2780704 1.2861321 1.0866767 1.0866767 1.3781293 1.3903733 1.3916122 1.2324338 1.2222989 1.4151929 1.1221841 1.2790368 1.2177850 1.3708965 1.3013479 1.3325557 1.5005709 1.4767670 1.3790014 1.0518237 1.2135695 1.1624311 1.3787125 1.5314392 
