125
Lcom_lcpid198616                                       0.0000000 0.8933503 1.1974810 1.3423767 1.4767030 1.3801199 1.5825120 1.2812574 1.4131406 1.5433509 1.5193715 1.7408437 1.0969834 1.6647068 1.3049229 1.9816202 2.1796727 2.0251931 2.0251931 2.1566485 2.0251931 2.0251931 2.1566485 2.0251931 2.0251931 2.0251931 2.0251931 2.0251931 1.9490241 2.0886076 0.0000010 2.0468561 2.2434240 2.2516820 2.1803987 2.0483672 0.0000010 2.0271565 2.4573829 2.0596931 1.6344774 1.6344774 1.5895590 9.0000000 0.0000010 0.0000010 1.4922564 1.6822979 1.7083559 1.5726014 0.0000010 0.0000010 1.7356483 0.0000010 1.5978411 1.5978411 1.4989225 1.0983179 1.4984806 1.6431951 1.4737164 1.6170610 2.6593636 1.7703206 1.3915372 1.7415563 1.7436386 1.7279575 1.7949775 2.1348758 1.7444566 1.3666509 1.3666509 0.0000010 1.6848321 1.5590738 1.4196347 1.5014746 1.7524558 1.4871194 1.5397204 1.4755988 1.4779567 1.6628775 1.4899649 1.4899649 1.7455881 1.5778711 0.0000010 1.9163874 1.3159142 1.5060027 1.5404126 0.0000010 1.7213961 0.0000010 1.6955443 0.0000010 1.5885264 0.0000010 1.9120871 2.0323497 0.0000010 2.2099493 1.7409845 2.5118736 0.0000010 0.0000010 0.0000010 0.0000010 1.7562827 1.4921423 1.4921423 1.7113129 1.2993912 0.0000010 1.5317329 1.7723025 1.1961384 1.8599249 1.6323319 1.6933877 2.4806756 1.2651711 6.2890048 
Salurc_EP00051_Salpingoeca_urceolata_P015114           0.8933503 0.0000000 1.4605899 1.4108191 1.7487991 1.7493567 1.1336941 1.3447966 1.3679211 1.3639402 1.5200239 1.6534027 1.1859141 1.6593098 1.1907050 2.2036391 2.4181279 2.2577162 2.2415657 2.4066385 2.3489419 2.4139362 2.5148052 2.2594047 2.0156515 1.9792991 2.2387407 2.2262802 2.0559839 2.1021861 2.5784975 2.2694223 2.0169776 2.0625536 2.2308209 2.2459087 2.7728565 2.3705451 2.6631463 1.9065140 1.8378858 1.7819223 1.7570407 1.8498300 2.1322564 1.9422175 1.5913724 1.7994993 1.8208890 2.6395158 2.0873163 2.1218204 1.9524020 1.7904252 1.8864379 1.8682378 1.7685212 2.2209303 1.8025412 1.7426436 1.7701701 2.0442231 1.3300936 1.7380674 1.7891770 1.7209014 1.7162935 1.7269497 1.9812817 1.8619404 1.7298277 2.0009436 1.8394237 2.4770924 1.8468739 1.7006306 1.3307947 1.6993576 1.9145364 1.9480279 2.0364542 1.8507245 1.8949841 1.8454510 1.8349590 1.8376591 1.8624535 1.6915664 2.5771085 1.7725086 1.7484084 1.7469493 1.7192321 2.5718634 2.0238374 2.5245693 2.0521880 2.4925629 1.8823554 2.5424120 2.3050299 2.1639445 2.0793584 2.1858285 1.6229368 1.5206318 3.1202824 3.0771763 2.7003886 2.0360432 1.9572277 1.3112571 1.0993911 1.4235422 1.5304583 1.3989162 1.4643561 1.6347689 1.9441087 2.1440169 1.5140622 1.7881846 2.1815882 2.0244602 4.0642237 
Acaspe_EP00035_Acanthoeca_spectabilis_P022378          1.1974810 1.4605899 0.0000000 0.2355054 1.1753954 1.0844632 1.7135458 1.8833205 1.8385703 1.6388327 1.6779213 1.8815260 1.6976890 1.9125275 1.4754611 2.4810061 2.6689020 2.4289743 2.4313439 2.6598540 2.5201647 2.6945376 2.9569310 2.5478078 2.0875479 2.0840027 2.2806855 2.2450101 2.5098142 2.5281027 2.4907604 2.4535088 2.2058848 2.1785797 2.4020299 2.4273305 2.9912338 2.6726335 3.0372983 2.0947791 2.1945857 2.2108062 2.0050748 2.2556718 1.8660744 1.8769644 1.7935077 2.1805001 2.1760604 3.0597908 2.7505237 2.7442936 2.2315770 2.6374334 2.2705768 2.2101643 2.1012530 2.9729716 2.1456458 2.1384414 2.0558974 2.4408058 1.3162423 2.2007777 2.0795884 2.0584103 2.0418039 2.0748014 2.3627819 2.2184133 2.1139900 2.4148186 2.2389832 3.0964665 2.1812096 2.0624612 1.5374807 2.1816467 2.2409531 2.3361173 2.5746516 2.2975577 2.3342034 2.2459650 2.2512158 2.2777450 2.1388672 2.1018512 2.9254470 2.1996629 2.0605353 2.0426198 2.0200965 2.6833777 2.3214302 2.8503471 2.3008051 2.6566632 2.3330509 3.4167848 2.5111188 2.2670007 2.1871462 2.2265358 1.9414526 1.7670836 2.6940449 2.1950279 2.0726696 2.2628698 2.1924724 1.0854678 1.0289101 1.3631278 1.4162584 1.6932630 1.9339247 1.8837978 2.2010922 2.4748983 1.9633765 1.9231758 2.5151444 2.3537363 4.1480257 
Helnan_EP00037_Helgoeca_nana_P014622                   1.3423767 1.4108191 0.2355054 0.0000000 1.1061339 1.0582176 1.9716808 1.7762475 1.7356953 1.5822215 1.6627533 1.8186657 1.6773160 1.8604268 1.4786247 2.5640425 2.7507999 2.5496084 2.5581288 2.7323581 2.6489210 2.7728198 2.9282631 2.6311137 2.2234619 2.2505621 2.4451011 2.4325163 2.5320855 2.4868287 2.8170749 2.4939368 2.2394899 2.1518408 2.4323724 2.4974782 2.7894196 2.6507636 2.9144696 2.2410446 2.1877673 2.1946625 1.9974783 2.2260076 2.0311501 1.8398871 1.7476949 2.1688365 2.1234450 2.8877268 2.7195540 2.7678839 2.1886602 2.4156451 2.2361354 2.1544954 2.1089374 2.6805064 2.0691819 2.0604823 1.9988145 2.2348660 1.3720748 2.1091827 2.0877318 2.0212351 1.9899700 1.9989715 2.2731123 2.1613830 2.0688879 2.3042741 2.1913926 3.1921266 2.1024905 2.0130011 1.5582340 2.1646260 2.3082416 2.3646620 2.5514603 2.3174456 2.3477259 2.2744570 2.2647664 2.2608214 2.0069557 2.1239802 2.8623026 2.1128131 1.9987641 2.0143180 1.9962046 2.6571864 2.2788079 2.8587646 2.2358189 2.6506182 2.2880788 3.4404991 2.4174571 2.2896335 2.0378080 2.1681416 1.8398152 1.7641013 2.6484440 2.3021003 2.2183333 2.2760917 2.1355745 1.0442808 0.9748547 1.4213225 1.4238709 1.9798336 1.9122794 1.8608504 1.9654180 2.3966847 1.9459222 1.8938223 2.4435712 2.4522945 4.1272940 
Acaspe_EP00035_Acanthoeca_spectabilis_P021912          1.4767030 1.7487991 1.1753954 1.1061339 0.0000000 0.5460276 1.5925719 1.9520019 1.9879257 1.9967914 2.0365428 2.2802920 1.9813190 2.1814196 1.8747195 2.7858608 3.1198509 2.7747315 2.7398039 3.0710545 2.9137441 3.0052638 3.2690493 2.7545020 2.1351909 2.0715841 2.3607949 2.3309493 2.6879896 2.9704507 2.8664042 2.7961344 2.8427069 2.8009664 2.6487189 2.7342947 3.3136664 2.8483280 3.3024014 2.2434019 2.1752195 2.1757004 2.0414664 2.1920624 2.0718564 2.2872975 2.0677170 2.1751722 2.1200836 3.1081698 2.4412870 2.4474462 2.1933189 2.3849867 2.2623129 2.2014450 2.0870586 2.5730886 2.1783852 2.0305076 2.1158436 2.2207348 1.3034403 2.2498371 2.0435072 2.0285845 2.0112923 2.1125558 2.3257397 2.2692204 2.0838837 2.1483734 2.2859846 2.9082453 2.2812537 2.0949160 1.5860163 2.2208762 2.4640224 2.1995790 2.2928538 2.1129103 2.2123234 2.0682003 2.0850648 2.1389796 2.1689728 2.1953705 3.1102101 2.2536211 2.1725148 2.2136808 2.2286131 2.6474923 2.3867243 3.4756471 2.4266360 2.6192400 2.2890801 3.2266510 2.9010142 2.6744967 2.2658229 2.8440189 2.2067761 2.1879187 3.4301139 3.0190363 2.5704316 2.7804760 2.2360795 1.4281976 1.2749155 1.7050182 1.6526238 2.0326352 2.0499145 1.9877549 2.2484743 2.3972524 2.0438429 2.1581173 2.5078587 2.4674034 4.4537169 
Helnan_EP00037_Helgoeca_nana_P014966                   1.3801199 1.7493567 1.0844632 1.0582176 0.5460276 0.0000000 1.4936415 2.1423859 2.0662156 2.0675019 1.9282019 2.1408940 1.9826167 2.3185671 1.8740773 2.8078107 3.1025791 2.8023587 2.7887494 3.0946606 2.9328528 3.0862022 3.3750095 2.8663659 2.3642408 2.3340894 2.6402976 2.6112690 2.7327694 2.9701440 2.6417459 2.7896451 2.8923275 2.9256262 2.6490289 2.7152875 3.6794903 3.1358467 3.6712327 2.4532634 2.2718955 2.2708852 2.2994217 2.1318791 2.4117306 2.1894325 2.1100880 2.3750273 2.3394303 3.2035661 2.8700231 2.8563989 2.4364290 2.7503265 2.3262342 2.2437162 2.1999709 2.5423252 2.1377687 2.1379019 2.1543524 2.3728947 1.2413692 2.2603843 2.0416220 2.0659292 2.0632602 2.1430424 2.3358735 2.1749162 2.0691232 2.2620684 2.2294359 3.2449529 2.2602382 2.0815054 1.5660895 2.2170104 2.3828648 2.4131890 2.5490981 2.2949037 2.3406558 2.3153440 2.2914081 2.3208960 2.2289726 2.2150552 3.6659310 2.1927585 2.4122227 2.1776717 2.2163649 2.8083152 2.4082234 3.0077597 2.3683720 2.7697442 2.2722587 3.1214007 2.6538183 2.4490427 2.2360313 2.6341860 2.0509143 1.9374693 2.7128889 2.8271108 2.8849454 2.3720415 2.4657740 1.4808536 1.3286174 1.8167121 1.5937152 2.0518401 1.9831984 2.0817498 2.1573959 2.5441805 2.0095882 2.1198454 2.7917661 2.6156366 4.3890959 
Chofle_EP00730_Choanoeca_flexa_P001247                 1.5825120 1.1336941 1.7135458 1.9716808 1.5925719 1.4936415 0.0000000 0.3022482 0.3423070 0.8775485 1.4652666 1.4602577 1.2248890 1.8454399 1.5067449 2.2892811 4.0929925 2.1706171 2.2015759 3.2954011 3.4643587 3.4643587 3.2954011 2.2015759 1.9180904 1.9853671 3.2689483 3.2689483 1.7657730 3.3673103 1.0262447 2.0658932 2.1061846 1.5063644 2.0224816 2.1158031 9.0000000 2.1881689 5.2720009 1.9338737 1.5894354 1.5894354 1.5427348 6.4542951 0.0000010 4.9224957 1.5501152 1.5735107 1.7466576 1.8730518 2.9447731 2.9447731 5.0674762 9.0000000 1.7679479 1.6283072 1.2350173 2.8123252 1.4824513 1.5287635 1.2118686 1.5646281 1.2793693 1.6275503 1.2963807 1.4088815 1.4034588 1.6732658 1.7258821 1.5101639 1.5514269 1.5434257 1.5896597 6.2753123 1.8077172 1.3650921 1.0764637 1.6639677 1.5006889 1.7851376 2.8257764 1.6473832 1.9048008 1.5964336 1.6469370 1.5967272 2.0862886 1.4814865 6.5876333 1.8928081 1.3618753 1.4361327 1.4789297 4.5341193 2.0648558 0.0000010 2.0507255 6.1900802 2.1137609 9.0000000 2.7296034 1.9479481 5.6985984 2.1847374 1.3529127 1.5410439 4.7621319 0.0000010 0.0000010 4.3994220 2.2357246 1.6487440 1.4787510 1.7137704 1.6813559 0.0000010 2.0242155 1.4540958 1.9269977 2.1582179 1.9304265 1.6324013 3.4547297 2.7826933 7.2230676 
Chofle_EP00730_Choanoeca_flexa_P001246                 1.2812574 1.3447966 1.8833205 1.7762475 1.9520019 2.1423859 0.3022482 0.0000000 0.2039656 0.6568481 0.9798216 1.1954032 1.2789634 1.6250665 1.4166362 2.4058410 2.3728669 2.3650349 2.3650349 2.3695486 2.3650349 2.5681447 2.6164150 2.5681447 2.5071696 2.4706807 2.5071696 2.4706807 2.4182380 2.3497425 2.1597657 2.1853048 2.0780582 2.0710818 2.2287749 2.1711843 2.4875338 2.4124843 2.5728757 2.1683147 1.9479295 1.9228018 1.9660918 1.8461748 2.0460293 1.7467842 1.7469472 1.8345305 1.7791516 2.9590591 1.9257234 2.0036612 1.7725423 1.9847678 1.7175444 1.7175444 1.8125705 2.1093622 1.7314560 1.7331304 1.7123143 2.1997342 2.0941760 1.7616598 1.7448577 1.8989099 1.8845088 1.9371240 2.1340660 2.1068764 1.9441943 2.2914051 2.0267081 2.0724290 1.8961745 1.7554029 1.3892631 1.8881533 1.9555524 1.8367472 1.9117729 1.7601818 1.7510910 1.8153192 1.7564619 1.7411125 1.7400101 1.8041678 2.4206768 1.9277249 1.9482795 1.9075172 1.9265382 2.1383149 1.9420626 2.1633091 1.9414384 2.2948457 1.8111616 2.2095543 2.1380462 2.1364552 2.0732279 2.2876795 1.6872652 2.0887980 2.1762341 2.0915973 1.9599083 2.1563821 1.9670497 1.4321654 1.5066729 1.5058558 1.6709355 1.0025542 1.6469366 1.8681359 2.5730964 2.0654354 1.6814285 1.5067417 2.3898190 1.9767238 4.2746031 
Choper_EP00045_Choanoeca_perplexa_P007380              1.4131406 1.3679211 1.8385703 1.7356953 1.9879257 2.0662156 0.3423070 0.2039656 0.0000000 0.6598641 1.0515048 1.2415195 1.2268203 1.6708980 1.3899693 2.1984641 2.4444797 2.2828321 2.2809792 2.4428705 2.3994799 2.4264505 2.4977791 2.2618769 1.9813990 1.9689842 2.2621546 2.2284382 2.1686171 2.2393658 2.4832862 2.1181693 1.9866666 1.9562347 2.2582657 2.1759508 2.7465582 2.3676492 2.6453850 1.8977055 1.8463844 1.8510077 1.9503734 1.8664736 2.2796645 1.7694544 1.6288946 1.7761157 1.8170347 2.7708546 1.9463387 2.0739101 1.8620498 2.1286237 1.7319974 1.7285606 1.7354500 2.2031709 1.7086874 1.7126862 1.6999773 2.0383699 1.4091298 1.7954159 1.6815078 1.8209931 1.8408105 1.8721873 2.1188654 2.0709255 1.9482148 2.2512309 2.0589236 2.1861020 1.8897002 1.7148735 1.3234594 1.8030482 1.9051489 1.8955079 2.0448806 1.8170842 1.8399152 1.8560019 1.7999434 1.7828901 1.7988472 1.7420375 2.5171061 1.9650484 1.8663752 1.8616233 1.8848662 2.3372780 1.9984821 2.3246251 1.9955878 2.4149244 1.8710380 2.3332021 2.1982193 2.1124929 2.1247908 2.1746145 1.4084739 1.8030564 2.2795554 2.4765457 2.1999960 2.0346693 2.1189785 1.4340651 1.4230533 1.5195760 1.8253924 1.1822852 1.7040744 1.8902898 2.0324775 2.0354751 1.6942138 1.5110911 2.5167807 2.2399209 4.3447188 
Mbre_EDQ89036                                          1.5433509 1.3639402 1.6388327 1.5822215 1.9967914 2.0675019 0.8775485 0.6568481 0.6598641 0.0000000 1.0170815 1.1603747 1.2696435 1.7419215 1.4201743 2.2012846 2.3317848 2.1997224 2.1895935 2.3467660 2.2772397 2.4419401 2.5889849 2.2983219 2.1224666 2.0895327 2.3559366 2.3437857 2.1678649 2.3567220 2.3582417 2.0825936 2.1223795 2.0275245 2.2240534 2.2426769 2.5497428 2.3235705 2.7010176 2.0718049 1.8817374 1.8695835 1.9188538 2.1329380 1.9198537 1.5773601 1.6287498 1.7149733 1.7123067 2.5673740 1.7243970 1.8135916 1.9396630 2.3129833 1.9373944 1.9074517 1.8569354 2.0999327 1.8352787 1.8441965 1.8474656 2.1455269 1.6975569 1.9266187 1.8709001 1.9512482 1.9370204 1.9673764 2.2438071 1.9782812 1.9693082 2.1982600 2.0253586 2.1779793 1.9702948 1.7074590 1.5174289 2.0255370 1.9119583 1.9609953 2.1025311 1.8650963 1.9061705 1.9044342 1.8631483 1.8493309 1.8895890 1.7119381 2.6828075 1.9916272 1.9714508 2.0231025 2.0257297 2.0161450 1.9927079 2.4148468 2.0895744 2.3536230 1.9114741 2.5742147 2.2466266 2.1090056 1.9046134 2.6851575 1.7121825 2.0150498 2.0171202 2.2794269 2.2765131 2.1650410 2.0268905 1.5354294 1.5484218 1.5533954 1.7023324 1.4009411 1.8182202 1.8253634 2.1562365 2.2038698 1.6844125 1.6253090 2.5378088 2.5083066 4.2018187 
Microa_EP00043_Microstomoeca_roanoka_P015015           1.5193715 1.5200239 1.6779213 1.6627533 2.0365428 1.9282019 1.4652666 0.9798216 1.0515048 1.0170815 0.0000000 0.4570719 1.2682328 1.5456005 1.3626076 2.1828260 2.1351051 2.0984934 2.1070077 2.1461306 2.1216280 2.3333634 2.4191491 2.2894057 1.9734591 2.0209927 2.0202874 2.0443425 2.1441331 2.3789286 1.8096636 1.9643196 1.8568696 1.8075322 2.0791057 2.0902887 2.5155803 2.3084847 2.6517801 2.1124117 2.1155986 2.0594695 1.9985268 1.8721295 1.9451452 1.7561386 1.6918201 1.7376226 1.8029350 2.6057525 1.9222419 1.9470667 1.9022048 2.3625861 1.9644896 1.9347519 1.9207126 1.9861567 1.8440634 1.8179861 1.8825873 2.1642230 2.0544257 1.9075144 1.8055975 1.9268974 1.9316897 1.9150722 2.2232205 2.0714493 2.0068166 2.1045608 1.9330668 2.4318843 2.0481818 1.7831774 1.7563482 1.9026332 1.9387338 1.9080690 2.0414971 1.8495228 1.8536694 1.8624675 1.8394750 1.8400934 1.9609001 1.7391629 2.5182884 2.0206407 1.8705264 2.0202994 1.9907061 2.1938061 2.1171726 2.3757293 2.1714906 2.3801098 1.9276284 2.6864320 2.2068979 2.2019289 2.2747243 2.2132272 1.4306262 1.9665408 2.3718958 2.4005565 1.7363186 1.9687066 1.9056995 1.4528660 1.4706383 1.4826788 1.6457371 1.3851795 1.8050648 1.9119263 2.0417989 2.0619254 1.7533968 1.3487277 2.2862101 2.2790112 4.3362318 
Sros_EGD74180                                          1.7408437 1.6534027 1.8815260 1.8186657 2.2802920 2.1408940 1.4602577 1.1954032 1.2415195 1.1603747 0.4570719 0.0000000 1.4091882 1.5995072 1.5804957 2.3904418 2.3817822 2.2861855 2.3088782 2.3998910 2.3909882 2.7108911 2.7989570 2.5448920 2.1185347 2.1767830 2.4240613 2.4103025 2.3411857 2.6823760 1.9687314 2.1422297 2.3766876 2.3585227 2.2731133 2.2167495 2.7224408 2.4835653 2.8552646 2.1723134 2.0224071 2.0024340 1.9433426 1.8725656 2.0646749 2.2520916 1.7214452 1.8247027 1.8555405 2.5792402 2.0353265 2.0784476 2.1069279 2.4660602 1.9679031 1.9218462 1.9147123 2.2399615 1.9024697 1.9254082 1.8720654 2.0282878 1.6241128 1.9823276 1.8513268 1.8578636 1.8773245 1.8662527 2.1498003 1.9146509 1.8275060 2.0864250 1.9240590 2.4568883 2.1603404 1.6828384 1.7512839 1.9396306 1.9658506 1.9705302 2.1255083 1.8205581 1.8748878 1.8943987 1.8513665 1.8587909 1.9026244 1.7194168 2.5878076 2.1380852 1.8966197 2.0019832 1.9995339 2.3524318 2.0575889 2.2414006 2.0577780 2.3571757 1.9704641 2.6566422 2.4247235 2.2611591 2.8436943 2.1735057 1.4699891 2.0581287 2.4590376 2.4907034 2.0025751 2.3578564 1.9838191 1.5964056 1.6297632 1.6549151 1.7647024 1.8426208 1.8699945 1.9268880 2.1366032 2.2041259 1.8375707 1.5235399 2.3266959 2.0000195 4.1022450 
Salmac_EP00052_Salpingoeca_macrocollata_P012451        1.0969834 1.1859141 1.6976890 1.6773160 1.9813190 1.9826167 1.2248890 1.2789634 1.2268203 1.2696435 1.2682328 1.4091882 0.0000000 1.1814664 1.0985584 2.1115015 2.2991342 2.1617815 2.1554238 2.3118571 2.2616803 2.3537846 2.4492345 2.1975529 2.0169138 1.9985926 2.2999492 2.2877379 2.1321970 2.1972197 2.4460763 2.1905415 2.1455147 2.1064873 2.1709187 2.2257406 2.9177418 2.4959189 2.8522076 2.0855447 1.7853091 1.7887924 1.7850993 1.9007648 2.0194277 1.7413597 1.7154205 1.7903664 1.8156127 2.6876111 1.8624002 1.8952684 1.9584688 1.9692037 1.7977772 1.7970693 1.7302603 1.9066617 1.7424544 1.6547891 1.6526807 1.9002707 1.7974295 1.6797548 1.6661148 1.7676805 1.7752317 1.8043805 2.0511611 1.9414334 1.8699211 2.0396680 1.8854891 2.9769026 1.8582382 1.6612424 1.4465150 1.8774339 1.8454871 1.8143742 1.9136280 1.7761792 1.8311406 1.8148641 1.7460192 1.7562710 1.8127344 1.7128513 2.4978151 1.9694462 1.7779944 1.7930257 1.8335835 2.2247816 2.0787225 2.3616530 2.0856633 2.1140305 1.8887657 2.4669615 2.1952987 2.1112640 1.8903624 2.3147994 1.8735280 1.8935112 2.3072822 2.5906169 2.3123700 2.0741160 1.8411272 1.2532808 1.1741824 1.3459103 1.4141961 1.4792435 1.5155383 1.7431594 2.4914544 2.1725488 1.5536778 1.7416664 2.2726344 2.0788789 4.1711732 
Salpun_EP00053_Salpingoeca_punica_P014923              1.6647068 1.6593098 1.9125275 1.8604268 2.1814196 2.3185671 1.8454399 1.6250665 1.6708980 1.7419215 1.5456005 1.5995072 1.1814664 0.0000000 1.5191374 2.5373151 2.5553201 2.5395132 2.5638613 2.5672853 2.6165108 2.8005108 2.7589590 2.7041166 2.7539915 2.8061652 3.0893638 3.0770151 2.5352848 2.4111206 2.6764115 2.5178156 2.2133792 2.2067418 2.4064610 2.5552851 3.0014198 2.6571484 3.0990257 2.2886066 2.1300087 2.0988091 2.0078226 1.6546482 2.3983589 1.8648591 1.8485416 2.0555699 1.9697553 3.1094931 2.2076333 2.1687802 2.1187609 1.8423298 1.8317904 1.8595425 1.8978984 2.0500711 1.9195580 1.9104703 1.9017914 2.1617377 1.6256288 1.8650261 1.8693184 1.8531107 1.8471183 1.9416808 2.1484219 2.0620193 2.0153363 1.9147887 1.8936490 2.2555117 2.0581983 1.8029742 1.8743708 2.0604672 2.0553889 2.0634845 2.0945463 2.0549275 2.0560015 2.0240680 1.9902487 1.9792496 1.9258206 1.8991484 2.3363264 2.1610204 2.0110067 2.0172208 2.0173245 2.2353150 2.3104303 3.1320294 2.3351399 2.2464482 2.2091180 2.7554769 2.5028159 2.4566900 2.1765747 2.9029694 1.9080737 2.0281639 2.4387812 2.9194243 2.4317515 2.3146199 2.0858063 1.6956803 1.6685777 1.6171110 1.7459527 1.6434170 1.9933131 1.9124724 2.5548613 2.2405799 1.8896660 2.1194444 2.1597584 2.4340031 4.6213052 
Mylflu_EP00047_Mylnosiga_fluctuans_P002208             1.3049229 1.1907050 1.4754611 1.4786247 1.8747195 1.8740773 1.5067449 1.4166362 1.3899693 1.4201743 1.3626076 1.5804957 1.0985584 1.5191374 0.0000000 2.1620435 2.1537834 2.0780992 2.1054783 2.1800743 2.1482506 2.3051420 2.3858218 2.2267113 1.9356524 2.0051573 2.1267201 2.1144446 2.1267705 2.2492446 2.2744009 2.2038598 2.0304518 2.0997791 2.0152550 2.0752454 2.5769850 2.3701866 2.6412247 1.8744186 1.7751818 1.7444352 1.7089100 1.8884302 1.8645130 1.8480706 1.4946430 1.6880567 1.7025159 2.7334388 1.9261249 1.9225064 1.8450866 1.7954505 1.7444772 1.7341129 1.6759877 2.1105908 1.6555793 1.5392034 1.6884556 1.8531597 1.3511815 1.7007889 1.7114435 1.6255801 1.6390564 1.6379114 1.8480743 1.7434429 1.7193883 1.7120417 1.6305419 2.0309384 1.7966155 1.6004899 1.3681809 1.8491111 2.0359936 1.8155752 1.9036986 1.8377914 1.8168544 1.8126712 1.8039049 1.7882197 1.6952650 1.5591460 2.0980765 1.7904804 1.7270020 1.6986467 1.7346884 2.5327087 2.0464231 2.3507911 2.0686581 2.3389442 1.9009540 2.3072151 2.1772880 2.0662624 2.1652055 1.6584848 1.3171857 1.6075779 2.8860513 2.7456295 2.3808961 1.9728954 1.7975463 1.3736399 1.3958699 1.4072039 1.4495029 1.1850027 1.5931271 1.6634822 2.3254300 2.2364421 1.4661151 1.8215108 2.3969118 2.0760707 4.3344453 
Beraby_Baby_sb337872                                   1.9816202 2.2036391 2.4810061 2.5640425 2.7858608 2.8078107 2.2892811 2.4058410 2.1984641 2.2012846 2.1828260 2.3904418 2.1115015 2.5373151 2.1620435 0.0000000 0.2781596 0.2519123 0.2701578 0.2796996 0.2783113 0.2718402 0.2720053 0.2641525 0.1915918 0.2289608 0.2376234 0.2385155 0.2655003 0.3587941 0.5628301 0.3538655 0.6426954 0.5613139 0.6707416 0.6435697 0.8655886 0.8449382 0.8555773 0.7634840 1.8271270 1.8271270 1.7892495 1.6516636 1.9092835 1.8430060 1.5941762 1.5438190 1.5674793 1.8039550 1.7853458 1.7396025 1.5723919 1.6747879 1.4405974 1.4711638 1.5071888 1.6472180 1.4988786 1.5301503 1.5621691 1.7441579 1.9176092 1.5829121 1.5004483 1.5158287 1.5115778 1.5629357 1.5599499 1.7771598 1.6804385 1.3145601 1.4221180 1.5445233 1.5413367 1.6613611 1.4088082 1.5767419 1.7210490 1.5302121 1.7025103 1.5048874 1.5466126 1.5360943 1.5163537 1.4953173 1.7042128 1.6836743 1.6633340 1.5581101 1.7556233 1.7051651 1.7784053 1.1020713 1.7500414 1.0535129 1.7371680 1.9998005 1.7680849 2.0517950 2.0380650 2.0457271 2.2143915 2.1049925 1.5260882 1.6017695 1.4477346 0.0000010 0.0000010 2.0694887 1.8757638 2.0210675 1.9360956 2.3257188 2.2357821 1.2463001 2.6433865 2.3376009 2.5718112 3.0146292 2.3686064 2.8011792 3.1469244 2.0292309 4.1994201 
Bolinf_Binf_sb1213529                                  2.1796727 2.4181279 2.6689020 2.7507999 3.1198509 3.1025791 4.0929925 2.3728669 2.4444797 2.3317848 2.1351051 2.3817822 2.2991342 2.5553201 2.1537834 0.2781596 0.0000000 0.0000010 0.0000010 0.0000010 0.0000010 0.0066415 0.0066415 0.0066415 0.0250939 0.0252277 0.0250939 0.0252277 0.2944771 0.3681587 0.3404027 0.3039970 0.5435582 0.5435582 0.6436202 0.6321201 0.9093521 0.9097277 1.0124986 0.7741724 2.0056169 1.9864833 1.8140522 1.6610260 1.5822411 1.9105405 1.6688476 1.5719287 1.6169864 2.7896668 1.6809896 1.6511125 1.5775976 1.7008961 1.5690684 1.5690684 1.6089099 1.9042913 1.5637349 1.6098459 1.5659303 1.8526385 0.0000010 1.6242121 1.6488719 1.7058522 1.7061219 1.7435678 2.0087773 1.9855742 1.8591069 1.7623885 1.8145719 1.7214815 1.6610207 1.6737090 1.2633073 1.7624460 1.9627225 1.7248558 1.7632622 1.7348151 1.6990825 1.7627557 1.7454445 1.7303722 1.7249693 1.6918348 2.2364852 1.7338026 1.9018246 1.7606794 1.7770394 2.0160398 2.0401544 2.3028878 1.9775793 2.1885098 1.9318603 2.0890862 2.0462217 2.0776108 2.0776221 2.0430443 0.9379471 1.8069623 2.4623778 2.2464355 1.7625345 2.3546053 1.7990370 2.3565030 2.3450959 2.4089448 2.2669388 1.7483020 2.6173229 2.8689876 6.6864969 3.2224555 2.4368051 2.7143052 3.1839321 1.9072285 4.8745965 
Bolinf_Binf_sb1213528                                  2.0251931 2.2577162 2.4289743 2.5496084 2.7747315 2.8023587 2.1706171 2.3650349 2.2828321 2.1997224 2.0984934 2.2861855 2.1617815 2.5395132 2.0780992 0.2519123 0.0000010 0.0000000 0.0000010 0.0043317 0.0076813 0.0162388 0.0128832 0.0049368 0.0108897 0.0109156 0.0405343 0.0406515 0.2953784 0.3812873 0.3407329 0.3026324 0.6370174 0.5605180 0.6391270 0.6354129 0.9093521 0.8605091 0.9867632 0.7246954 1.8674630 1.8577022 1.7094813 1.6610260 1.5822411 1.9105405 1.6216428 1.5423372 1.5946740 2.4671914 1.6809896 1.6511125 1.5775976 1.7008961 1.5692678 1.5365954 1.5837462 1.9042913 1.5237446 1.5867065 1.5428364 1.7375198 1.8735175 1.6458617 1.5566817 1.5919541 1.5830307 1.6008550 1.8288232 1.7960257 1.6787870 1.5949696 1.6557287 1.7214815 1.5791294 1.5893874 1.2643400 1.7136296 1.8742161 1.6269850 1.7891950 1.5740267 1.6244750 1.6149104 1.5925859 1.5807407 1.6775007 1.6839270 2.2364852 1.6087839 1.8044276 1.6791668 1.7156151 2.0160398 1.9389097 2.3028878 1.8786530 2.1885098 1.8737988 2.0890862 2.0315754 1.9834128 2.0776221 2.1512431 1.5745783 1.5375824 2.4623778 2.2464355 1.7625345 2.3546053 1.8272921 2.1281916 2.0075737 2.2885408 2.2759899 1.7483020 2.4370265 2.5600795 2.4507587 2.9476910 2.3160109 2.6963238 3.1443507 2.2700338 4.9557691 
Mertsp_Mesp_sb576252                                   2.0251931 2.2415657 2.4313439 2.5581288 2.7398039 2.7887494 2.2015759 2.3650349 2.2809792 2.1895935 2.1070077 2.3088782 2.1554238 2.5638613 2.1054783 0.2701578 0.0000010 0.0000010 0.0000000 0.0043317 0.0076813 0.0162388 0.0128832 0.0048119 0.0108897 0.0103226 0.0405343 0.0406515 0.2940650 0.3812873 0.3407329 0.2980428 0.6370174 0.5605180 0.6378615 0.6313976 0.9093521 0.8533570 0.9867632 0.7164713 1.8946938 1.8842802 1.7103958 1.6610260 1.5822411 1.9105405 1.6529805 1.5603102 1.6120149 2.4783039 1.6809896 1.6511125 1.5775976 1.7008961 1.5692678 1.5777461 1.5910221 1.8999056 1.5570022 1.5867065 1.5548746 1.7621957 1.8735175 1.6625051 1.5810843 1.6191807 1.6102466 1.6244352 1.8482001 1.8189096 1.6993230 1.6242687 1.6812070 1.7214815 1.5791294 1.6064948 1.2761464 1.7108865 1.8749726 1.6269850 1.7891950 1.5770988 1.6361117 1.6149104 1.6016225 1.5983941 1.6913361 1.6903738 2.2364852 1.6426448 1.8276534 1.6976098 1.7337567 2.0160398 1.9504246 2.3028878 1.8907971 2.1885098 1.8738158 2.0890862 2.0385124 2.0037528 2.0776221 2.1512431 1.5745783 1.5881819 2.4623778 2.2464355 1.7625345 2.3546053 1.8299092 2.1450648 2.0354793 2.2956213 2.3016653 1.7483020 2.3882455 2.5328584 2.2764652 2.8987891 2.3009380 2.7137619 3.1128001 2.3900612 4.9557691 
Mertsp_Mesp_sb576254                                   2.1566485 2.4066385 2.6598540 2.7323581 3.0710545 3.0946606 3.2954011 2.3695486 2.4428705 2.3467660 2.1461306 2.3998910 2.3118571 2.5672853 2.1800743 0.2796996 0.0000010 0.0043317 0.0043317 0.0000000 0.0043317 0.0128832 0.0064030 0.0128832 0.0448751 0.0450912 0.0448751 0.0450912 0.3060382 0.3764209 0.3404027 0.3130171 0.5892819 0.5574190 0.6584252 0.6399403 0.9093521 0.8918448 0.9946187 0.7375702 1.9548939 1.9387480 1.8021151 1.6610260 1.5822411 1.9105405 1.7117568 1.5923810 1.6527839 2.7862394 1.6809896 1.6511125 1.5775976 1.7008961 1.5539504 1.5539504 1.6174019 1.9042913 1.5853831 1.6065518 1.5691154 1.8578998 1.8177471 1.6429706 1.6448077 1.7004679 1.6904115 1.7329246 1.9994281 1.9664739 1.8526537 1.7556955 1.8078440 1.7214815 1.6536009 1.6675760 1.2690101 1.7675876 1.9570936 1.7389546 1.7643873 1.7465413 1.7117712 1.7759298 1.7571741 1.7425350 1.7296727 1.6892056 2.2364852 1.7275967 1.9133633 1.7762314 1.7921893 2.0160398 2.0469183 2.3028878 1.9859099 2.1885098 1.9520368 2.0890862 2.0733905 2.0914073 2.0776221 2.1634451 1.3530775 1.8205964 2.4623778 2.2464355 1.7625345 2.3546053 1.8319987 2.3176525 2.2792266 2.4023236 2.3090833 1.7483020 2.6447462 2.8366747 3.8393719 3.1631599 2.4369526 2.7291642 3.2013879 1.9642254 4.8120219 
Mertsp_Mesp_sb576253                                   2.0251931 2.3489419 2.5201647 2.6489210 2.9137441 2.9328528 3.4643587 2.3650349 2.3994799 2.2772397 2.1216280 2.3909882 2.2616803 2.6165108 2.1482506 0.2783113 0.0000010 0.0076813 0.0076813 0.0043317 0.0000000 0.0053339 0.0128832 0.0162388 0.0405343 0.0406515 0.0130306 0.0130664 0.3165765 0.3812873 0.3407329 0.3271279 0.6370174 0.5605180 0.6848098 0.6764494 0.9093521 0.9098602 0.9867632 0.8134324 1.9608009 1.9469294 1.7513742 1.6610260 1.5822411 1.9105405 1.7108814 1.5855375 1.6377154 2.6546745 1.6809896 1.6511125 1.5775976 1.7008961 1.5897956 1.5990449 1.6568094 1.9042913 1.6227225 1.6448871 1.6075389 1.8880877 2.7899574 1.7021572 1.6518748 1.6928087 1.6835007 1.7125885 1.9560627 1.9793891 1.8204017 1.7462211 1.7954568 1.7214815 1.6446076 1.6782769 1.4185033 1.8005575 1.9655502 1.6484192 1.7891950 1.6741676 1.6510879 1.6886604 1.6950586 1.6822537 1.7258372 1.7343859 2.2364852 1.6981128 1.8916235 1.7518978 1.7920887 2.0160398 2.0619389 2.3028878 1.9991075 2.1885098 1.9618006 2.0890862 2.0684676 2.0741474 2.0776221 2.1512431 1.7809352 1.7949213 2.4623778 2.2464355 1.7625345 2.3546053 1.8539453 2.2131213 2.1237394 2.3985430 2.3216398 1.7483020 2.5349300 2.6487823 3.0248743 3.0516364 2.4005971 2.7627138 3.1608344 1.9230585 4.9734731 
Mertsp_Mesp_sb576256                                   2.0251931 2.4139362 2.6945376 2.7728198 3.0052638 3.0862022 3.4643587 2.5681447 2.4264505 2.4419401 2.3333634 2.7108911 2.3537846 2.8005108 2.3051420 0.2718402 0.0066415 0.0162388 0.0162388 0.0128832 0.0053339 0.0000000 0.0064111 0.0107821 0.0405343 0.0406515 0.0130306 0.0130664 0.2934580 0.3757395 0.3532585 0.3384701 0.6370174 0.5605180 0.6598793 0.6392187 0.8480237 0.8898214 0.8680524 0.8134324 1.9165725 1.9458468 1.7728647 1.6610260 0.0000010 1.9105405 1.7108814 1.6509740 1.6665492 2.1090449 2.0726005 2.0416623 1.6032802 1.7008961 1.6176301 1.6304982 1.6805918 1.8985962 1.6166257 1.6506263 1.6254392 1.9973933 2.7899574 1.6765628 1.6621087 1.6584919 1.6539138 1.6869654 1.7030985 2.1055933 1.9151317 1.5403970 1.6365982 1.7634645 1.6449769 1.7315513 1.4185033 1.8379141 1.9247519 1.6455582 1.8706148 1.6721089 1.6793906 1.6875004 1.6965340 1.6965340 1.7481021 1.7521645 1.9957613 1.7677221 1.9368729 1.7975446 1.8698470 2.0791185 1.9804274 1.5637221 1.9343953 2.1131162 2.0074422 2.0375587 2.0525259 2.0547005 2.0776221 2.1512431 1.7809352 1.8024917 1.8439939 0.0000010 0.0000010 2.0130709 1.9613574 2.1567766 2.0487374 2.5334156 2.4651533 1.0412829 2.8797838 2.6822898 3.0248743 3.3733033 2.6593006 3.1197464 3.2561206 1.7831516 4.7238643 
Mertsp_Mesp_sb576257                                   2.1566485 2.5148052 2.9569310 2.9282631 3.2690493 3.3750095 3.2954011 2.6164150 2.4977791 2.5889849 2.4191491 2.7989570 2.4492345 2.7589590 2.3858218 0.2720053 0.0066415 0.0128832 0.0128832 0.0064030 0.0128832 0.0064111 0.0000000 0.0064111 0.0448751 0.0450912 0.0448751 0.0450912 0.2786681 0.3700659 0.0000010 0.3194332 0.5892819 0.5574190 0.6175633 0.5818777 0.8480237 0.8602101 0.8697215 0.7375702 1.9023014 1.9370348 1.8521815 1.6610260 0.0000010 1.9105405 1.7117568 1.6736971 1.6941262 2.1482755 2.0726005 2.0416623 1.6032802 1.7008961 1.5704488 1.5704488 1.6274331 1.8985962 1.5619880 1.5957057 1.5727417 1.9735991 1.8177471 1.5877264 1.6537260 1.6628494 1.6581353 1.7057586 1.7105899 2.1189616 1.9863287 1.5261034 1.6354672 1.7634645 1.6575537 1.7256042 1.2690101 1.7959152 1.9043449 1.7763457 1.8324950 1.7764114 1.7734615 1.8139171 1.7865402 1.7865402 1.7577932 1.6900415 1.9957613 1.8305274 1.9776610 1.8423310 1.8844422 2.0791185 1.9455879 1.5637221 1.9049207 2.1131162 2.0013343 2.0375587 2.0573700 2.0760104 2.0776221 2.1634451 1.3530775 1.8320689 1.8439939 0.0000010 0.0000010 2.0130709 1.9497562 2.2949142 2.1861830 2.5659435 2.4720351 1.0412829 3.1483589 2.9750071 3.8393719 3.6325501 2.7740095 3.1394819 3.3379755 1.7345048 4.4635355 
Mertsp_Mesp_sb576255                                   2.0251931 2.2594047 2.5478078 2.6311137 2.7545020 2.8663659 2.2015759 2.5681447 2.2618769 2.2983219 2.2894057 2.5448920 2.1975529 2.7041166 2.2267113 0.2641525 0.0066415 0.0049368 0.0048119 0.0128832 0.0162388 0.0107821 0.0064111 0.0000000 0.0108897 0.0103226 0.0405343 0.0406515 0.2735307 0.3757395 0.3532585 0.2973769 0.6370174 0.5605180 0.6004875 0.5842229 0.8480237 0.8172404 0.8680524 0.7164713 1.8552796 1.8808992 1.7152879 1.6610260 0.0000010 1.9105405 1.6529805 1.6095758 1.6290535 1.9834076 2.0726005 2.0416623 1.6032802 1.7008961 1.5889849 1.5985488 1.5896043 1.8924725 1.5302816 1.5713869 1.5527652 1.8092796 1.8735175 1.6266505 1.5661444 1.5661748 1.5613394 1.5910503 1.6038768 1.8501637 1.7348552 1.4092672 1.5061154 1.7634645 1.5593854 1.6280184 1.2761464 1.7122559 1.8092755 1.6163899 1.8706148 1.5444292 1.6569735 1.5886171 1.5733321 1.5841933 1.6990293 1.6913957 1.9957613 1.6806324 1.8453916 1.7189771 1.7810910 2.0791185 1.8458535 1.5637221 1.8014515 2.1131162 1.8842599 2.0375587 2.0130960 1.9635638 2.0776221 2.1512431 1.5745783 1.5916776 1.8439939 0.0000010 0.0000010 2.0130709 1.9161191 2.0743565 1.9704087 2.3733932 2.4211985 1.0412829 2.6169929 2.5218992 2.2764652 3.1106498 2.4847833 3.0060588 3.1805171 2.2774016 4.7111866 
Bolinf_Binf_sb1213530                                  2.0251931 2.0156515 2.0875479 2.2234619 2.1351909 2.3642408 1.9180904 2.5071696 1.9813990 2.1224666 1.9734591 2.1185347 2.0169138 2.7539915 1.9356524 0.1915918 0.0250939 0.0108897 0.0108897 0.0448751 0.0405343 0.0405343 0.0448751 0.0108897 0.0000000 0.0000010 0.0263944 0.0264688 0.2436227 0.3627731 0.3532585 0.2970816 0.7193147 0.5971474 0.6166328 0.5778024 0.8818188 0.7292176 0.7672058 0.7221713 1.7023428 1.7023428 1.4559000 1.5657633 0.0000010 0.0000010 1.5302295 1.4202754 1.5242804 1.5293795 0.0000010 0.0000010 1.4544877 0.0000010 1.6555810 1.5445175 1.6029674 0.9135657 1.4744922 1.6075533 1.5138254 1.4900445 1.8735175 1.6752716 1.3800207 1.3420904 1.3224959 1.3423019 1.3996439 1.4035514 1.3230783 1.1814572 1.1814572 0.0000010 1.4547237 1.5627768 1.4149784 1.6454256 1.8201787 1.3996102 2.1303551 1.2956994 1.4871622 1.3579747 1.3204292 1.3204292 1.6094534 1.6725792 0.0000010 1.5239120 1.7016353 1.5884788 1.6566871 0.0000010 1.6318908 0.0000010 1.6861357 1.1597281 1.6970373 1.1597281 1.9815714 1.7407142 0.0000010 2.0780463 1.5745783 1.5887700 0.0000010 0.0000010 0.0000010 0.0000010 1.9290054 1.7724075 1.7336050 2.2039217 2.4795739 0.0000010 2.1052867 2.0532845 1.9521799 2.4275077 2.1631685 2.5987706 2.8350193 2.1106999 4.4131514 
Mertsp_Mesp_sb576258                                   2.0251931 1.9792991 2.0840027 2.2505621 2.0715841 2.3340894 1.9853671 2.4706807 1.9689842 2.0895327 2.0209927 2.1767830 1.9985926 2.8061652 2.0051573 0.2289608 0.0252277 0.0109156 0.0103226 0.0450912 0.0406515 0.0406515 0.0450912 0.0103226 0.0000010 0.0000000 0.0264688 0.0264688 0.2443403 0.3645243 0.3532585 0.2767181 0.7193147 0.5971474 0.6050629 0.5609186 0.0000010 0.7110257 0.7541108 0.7119014 1.7782564 1.7782564 1.4814710 1.5657633 0.0000010 0.0000010 1.5801556 1.4828220 1.5866713 1.5942140 0.0000010 0.0000010 1.5049420 0.0000010 1.6725077 1.6764565 1.6356589 1.2482062 1.5802358 1.6209197 1.5604966 1.5669349 1.8735175 1.7359978 1.4606935 1.4301013 1.4106135 1.4125231 1.4702047 1.4872466 1.3921635 1.2985998 1.2985998 0.0000010 1.4672134 1.6237865 1.4238059 1.6544738 1.8434312 1.4120329 2.2184334 1.3237985 1.5322233 1.3686645 1.3627698 1.3774443 1.6635794 1.7049616 0.0000010 1.5851768 1.7840071 1.6272698 1.6941300 0.0000010 1.6869148 0.0000010 1.7404389 3.3045241 1.7196789 3.3045241 1.9944923 1.7941199 0.0000010 2.0780463 1.5745783 1.6608822 0.0000010 0.0000010 0.0000010 0.0000010 1.9494365 1.8105596 1.7931450 2.2049115 2.5380275 0.0000010 1.9818255 1.9962424 1.8361655 2.3179174 2.1090050 2.6191405 2.8120050 2.2429939 4.3960750 
Bolinf_Binf_sb1213531                                  2.0251931 2.2387407 2.2806855 2.4451011 2.3607949 2.6402976 3.2689483 2.5071696 2.2621546 2.3559366 2.0202874 2.4240613 2.2999492 3.0893638 2.1267201 0.2376234 0.0250939 0.0405343 0.0405343 0.0448751 0.0130306 0.0130306 0.0448751 0.0405343 0.0263944 0.0264688 0.0000000 0.0000010 0.2794194 0.3627731 0.3532585 0.3821660 0.7193147 0.5971474 0.7636214 0.6988858 0.8818188 0.8503839 0.7672058 0.8424459 1.8789011 1.8789011 1.5261437 1.5657633 0.0000010 0.0000010 1.6542521 1.5268115 1.6474667 1.7065160 0.0000010 0.0000010 1.4544877 0.0000010 1.7283279 1.7608041 1.8642734 0.9135657 1.7967640 1.8125403 1.7243713 1.8442316 2.7899574 1.8758524 1.6368667 1.5868557 1.5636331 1.5636189 1.6450842 1.8269334 1.6221351 1.5872702 1.5872702 0.0000010 1.6401979 1.8576614 1.6769489 1.9202463 2.1529303 1.4582027 2.1303551 1.5218579 1.5427312 1.5405450 1.5547288 1.5547288 1.7516686 1.8387630 0.0000010 1.7703755 1.9636637 1.8061058 1.9018583 0.0000010 1.9253541 0.0000010 2.0223544 1.1597281 1.9336268 1.1597281 2.1028227 1.9619721 0.0000010 2.0780463 1.7809352 2.0581577 0.0000010 0.0000010 0.0000010 0.0000010 2.0434340 1.9370468 1.8874853 2.5524144 2.6989009 0.0000010 2.3211796 2.1842547 2.1972859 2.6081128 2.3995214 2.7946883 2.8295389 1.7227651 4.4083956 
Mertsp_Mesp_sb576259                                   2.0251931 2.2262802 2.2450101 2.4325163 2.3309493 2.6112690 3.2689483 2.4706807 2.2284382 2.3437857 2.0443425 2.4103025 2.2877379 3.0770151 2.1144446 0.2385155 0.0252277 0.0406515 0.0406515 0.0450912 0.0130664 0.0130664 0.0450912 0.0406515 0.0264688 0.0264688 0.0000010 0.0000000 0.2805312 0.3645243 0.3532585 0.3715744 0.7193147 0.5971474 0.7505943 0.6863523 0.0000010 0.8403723 0.7541108 0.8424459 1.9005858 1.9005858 1.5406896 1.5657633 0.0000010 0.0000010 1.6542521 1.5412105 1.6639579 1.7244120 0.0000010 0.0000010 1.5049420 0.0000010 1.7467564 1.7797741 1.8853725 1.0789670 1.8162694 1.8324529 1.7427008 1.8651054 2.7899574 1.8971564 1.6532832 1.6027728 1.5791633 1.5791486 1.6620817 1.8525638 1.6386010 1.6154052 1.6154052 0.0000010 1.6571649 1.8781270 1.6769489 1.9425068 2.1850547 1.4716765 2.2184334 1.5364383 1.5576532 1.5553137 1.5696465 1.5696465 1.7705204 1.8593449 0.0000010 1.7342994 1.9867310 1.7857699 1.8807847 0.0000010 1.9479828 0.0000010 2.0470716 3.3045241 1.9564677 3.3045241 2.0897801 1.9499297 0.0000010 2.0780463 1.7809352 2.0581577 0.0000010 0.0000010 0.0000010 0.0000010 2.0681609 1.9105496 1.8874853 2.5205236 2.6860359 0.0000010 2.2849816 2.1541670 2.1972859 2.5743693 2.3680275 2.7529202 2.8769677 1.7227651 4.3894156 
Mlei_ML5051.g5.i1                                      1.9490241 2.0559839 2.5098142 2.5320855 2.6879896 2.7327694 1.7657730 2.4182380 2.1686171 2.1678649 2.1441331 2.3411857 2.1321970 2.5352848 2.1267705 0.2655003 0.2944771 0.2953784 0.2940650 0.3060382 0.3165765 0.2934580 0.2786681 0.2735307 0.2436227 0.2443403 0.2794194 0.2805312 0.0000000 0.3264661 1.1866896 0.3802105 0.5853042 0.4892275 0.6530266 0.6221604 1.0112963 0.8563290 0.9174338 0.7566325 1.7259581 1.7259581 1.7874859 1.5188615 2.8720789 1.5404991 1.4380919 1.5008973 1.4910591 1.7637074 2.0966920 2.1105285 1.5871119 1.7854731 1.4720970 1.5019550 1.5032852 1.6102612 1.4881576 1.5460274 1.5187781 1.7849632 1.6993044 1.5926263 1.4943031 1.5344749 1.5196951 1.5122148 1.5388999 1.7876413 1.6595439 1.3081935 1.3990688 1.8000820 1.5714298 1.6330988 1.2931900 1.5553519 1.6164211 1.6347418 1.8746836 1.5396212 1.6282619 1.6031032 1.5602270 1.5555012 1.6396004 1.6803942 1.5425655 1.5249870 1.7868263 1.6118420 1.6983843 1.7863932 1.7935661 1.3037144 1.7748427 2.2921969 1.7669297 2.2516266 1.9888619 1.9068717 1.9837820 2.0880646 1.4897864 1.4902067 1.5132852 3.9498650 2.9886774 1.9994314 1.7936736 1.9588800 1.8392891 2.2602303 2.2758871 1.7934316 2.4398616 2.3142826 2.1111306 2.9443330 2.2365877 2.8237986 2.8568824 2.0920831 4.2752253 
Drygla_Dgla_sb286389                                   2.0886076 2.1021861 2.5281027 2.4868287 2.9704507 2.9701440 3.3673103 2.3497425 2.2393658 2.3567220 2.3789286 2.6823760 2.1972197 2.4111206 2.2492446 0.3587941 0.3681587 0.3812873 0.3812873 0.3764209 0.3812873 0.3757395 0.3700659 0.3757395 0.3627731 0.3645243 0.3627731 0.3645243 0.3264661 0.0000000 0.6916943 0.4698506 0.6966606 0.6224498 0.7387336 0.6998157 0.8453034 0.8553488 0.8794119 0.7996431 1.7367035 1.7367035 1.7543807 1.5581236 1.9092835 1.7406512 1.5396649 1.5164013 1.5029057 1.8350760 1.9602607 1.9119865 1.5694634 1.4854876 1.4255014 1.4255014 1.4950432 1.5258392 1.5232005 1.5153857 1.4339216 1.8338918 2.5854730 1.5382055 1.5075679 1.4853648 1.4962978 1.4939134 1.5049370 1.7495438 1.7039816 1.3410847 1.3796500 1.7543765 1.5920000 1.5732450 1.3332958 1.6232312 1.6246558 1.5945400 1.6825139 1.5767860 1.5744278 1.6294732 1.5484788 1.5484788 1.5859186 1.6546111 1.8902164 1.6402044 1.8481663 1.7273279 1.7753741 1.1020713 1.8895578 1.0535129 1.8839176 2.0889339 1.8286110 1.8966542 2.0575180 2.1084156 1.9879548 2.3219258 1.8052307 1.7982604 1.4477346 0.0000010 0.0000010 2.0479539 1.8093563 2.0294958 1.9330228 2.2016467 2.3609737 1.2463001 2.7132857 2.5405895 2.2790410 3.0513595 2.3582118 2.9897547 3.3048273 1.6156602 4.5704319 
