101
Lcom_lcpid128833                                       0.0000000 0.1126842 0.4471924 0.4324379 0.6250996 0.4725689 0.4794598 0.5043493 0.5377241 0.5366019 0.7012229 0.5634824 0.6473704 0.6638578 0.6920489 0.6921208 0.6609566 0.5668665 0.5595930 0.7047156 0.5304102 0.5879066 0.6237456 0.8354441 0.8769568 0.6399101 0.6517653 0.6972032 0.5720721 0.6153832 0.6428049 0.6172729 0.6430493 0.6692044 0.6301985 0.6301985 0.6864636 0.6620245 0.6903358 0.6881469 0.6903994 1.1919760 0.7017475 0.7236079 0.7063131 0.6737128 0.6737128 0.5405833 0.8907144 0.8542626 1.0327775 0.9265842 1.0565088 1.3649489 1.2963673 0.8146043 0.8298850 0.7992750 0.7938193 0.8126252 0.8038220 0.8060639 0.8097138 0.9202394 0.7628361 0.7628361 1.0490741 0.8397793 1.0490741 0.8558787 1.0613649 0.8231645 0.9778595 0.9778595 1.0545784 1.0545784 1.0293083 1.0293083 1.0583821 1.0589390 1.0606862 1.0024427 1.0024427 1.0271180 1.0337632 0.8842011 0.8842011 1.0944280 1.0796687 1.1527541 1.0062043 0.9776641 1.0512163 1.1672773 0.9507594 1.1407981 1.3026529 1.0742479 1.4332373 1.7045262 2.9110293 
Lcom_lcpid107773                                       0.1126842 0.0000000 0.3337725 0.3072666 0.5071250 0.4204189 0.4321973 0.4700516 0.5075863 0.5285039 0.6153513 0.5449384 0.5806107 0.5885542 0.6096207 0.6103952 0.6621836 0.5611263 0.5327253 0.6818182 0.4926411 0.5440378 0.7702005 0.7820997 0.9573505 0.6152181 0.6356239 0.6098779 0.4771899 0.5806102 0.6174415 0.5996556 0.6439366 0.6129277 0.6784104 0.6784104 0.7746372 0.7381781 0.7722693 0.7684794 0.7816505 1.1919760 0.7631854 0.7167304 0.7322331 0.7420542 0.7420542 0.5096350 0.7920024 0.7892133 0.9429001 0.8059184 0.8758295 1.1535473 1.0713132 0.7929598 0.7757605 0.7185894 0.7712013 0.8196760 0.8200945 0.7816121 0.7933237 0.8770919 0.7465201 0.7465201 0.9236452 0.7063362 0.9236452 0.7220626 0.9005392 0.6311547 0.8790826 0.8790826 0.9385705 0.9385705 0.9341676 0.9341676 0.9611284 0.9580992 0.9481061 0.8348993 0.8348993 0.8676898 0.9178003 0.7912506 0.7912506 1.0077307 0.9911876 1.0543499 0.9413902 0.9579011 1.0226929 1.0721946 0.8957324 1.2839418 1.1613677 1.0742479 1.4458063 1.5400602 3.0237148 
Acagra_model.g19512.t1                                 0.4471924 0.3337725 0.0000000 0.3135195 0.3487093 0.3629895 0.3736302 0.3445124 0.3979725 0.4716445 0.4823156 0.5291005 0.5364622 0.5488590 0.5122469 0.5058512 0.5633674 0.5265679 0.5212017 0.6038248 0.4807408 0.4821519 0.6738982 0.6400041 0.8245415 0.4915275 0.4982057 0.5949257 0.5271636 0.4574290 0.5089516 0.4883520 0.6337458 0.5965293 0.5659110 0.5659110 0.6598615 0.6273275 0.6785743 0.6866787 0.6819829 0.8868736 0.6983280 0.6665698 0.5916249 0.6012276 0.6012276 0.5460491 0.7210203 0.7852549 0.9186676 0.8993216 0.9442837 1.1416774 1.0452819 0.8069467 0.7507762 0.7508204 0.7687072 0.7273485 0.7067556 0.7207626 0.7318375 0.8362608 0.6944806 0.6944806 1.0410874 0.7688436 1.0410874 0.8134660 0.9667312 0.6733208 0.9135942 0.9135942 1.0034741 1.0034741 0.9626990 0.9626990 1.0336600 1.0276052 1.0132812 0.9742135 0.9742135 0.9961181 1.0151533 0.8104763 0.8104763 1.0895213 1.0828229 1.0471636 1.0130036 1.0152977 0.9820483 1.0672335 1.0073733 1.2113483 1.0122019 0.9384304 1.4292914 1.6146972 2.9520258 
Cgig_XM_034454412.1                                    0.4324379 0.3072666 0.3135195 0.0000000 0.3370712 0.3863543 0.3814839 0.3782667 0.4130078 0.4438960 0.4962513 0.5394633 0.5729018 0.6183401 0.5749874 0.5699721 0.6248685 0.5524561 0.5381233 0.6118074 0.5052959 0.5114846 0.7748744 0.6426280 0.8644948 0.5811798 0.5660541 0.5666661 0.5355380 0.5987458 0.5929323 0.6006457 0.5950019 0.5848025 0.6278372 0.6278372 0.7802608 0.7609249 0.7510408 0.7964682 0.8059644 1.2103518 0.8383411 0.7075765 0.6924501 0.6865442 0.6865442 0.4987756 0.7262214 0.7637253 0.9637220 0.8963622 0.8802273 1.0933679 1.0765251 0.7973246 0.7994093 0.8339245 0.8467772 0.7741344 0.7818920 0.7491006 0.7606422 0.8956907 0.7176249 0.7176249 0.8965075 0.7131265 0.8965075 0.7347220 0.8768413 0.6611662 0.8488134 0.8488134 0.9623535 0.9623535 0.8885691 0.8885691 0.9311152 0.9277544 0.9186784 0.9849784 0.9849784 0.9288454 0.9562337 0.8406196 0.8406196 0.9443503 0.9738174 1.0081491 1.0041080 1.0264344 1.0198799 1.0527136 0.8876598 1.3043530 1.1909959 1.0294790 1.3197823 1.6060995 3.1029672 
Ctel_gnl_WGS_AMQN_CAPTEDRAFT_mRNA149774                0.6250996 0.5071250 0.3487093 0.3370712 0.0000000 0.3808705 0.4156044 0.3630576 0.4437470 0.5073084 0.4644614 0.5933497 0.6418829 0.6708944 0.6408841 0.6155151 0.6449819 0.5796420 0.5777306 0.7209560 0.5429765 0.5805613 0.7787549 0.6863614 0.8840548 0.5881922 0.6138114 0.7053744 0.5843462 0.6366767 0.7161677 0.7289461 0.7663710 0.7931080 0.7810170 0.7810170 0.7701342 0.7885817 0.8258092 0.8591318 0.8070074 1.1348603 0.8830293 0.8267038 0.7699325 0.6805249 0.6805249 0.5257614 0.7669251 0.7386971 1.0601210 0.9982410 1.0469923 1.1972720 1.0818485 0.8916890 0.8067605 0.9204407 0.9680229 0.7850635 0.8099401 0.8215520 0.8267907 0.9960138 0.7659856 0.7659856 0.9898204 0.8365140 0.9898204 0.8721976 0.9511117 0.7336323 0.9271226 0.9271226 0.9361150 0.9361150 0.8762646 0.8762646 1.0722265 1.0685883 1.0537015 0.9665392 0.9665392 0.9071004 0.9110486 0.8415131 0.8415131 1.0456402 1.0612591 1.1343238 1.0770129 1.0867153 1.1047754 1.1779350 0.9869741 1.3382103 1.1068303 1.0880965 1.4860019 1.6003853 3.7151581 
Bralan_BLAG10000271_1                                  0.4725689 0.4204189 0.3629895 0.3863543 0.3808705 0.0000000 0.2911214 0.3414226 0.4322687 0.4447204 0.4045365 0.4742461 0.5072603 0.5468925 0.5044401 0.4870396 0.5625909 0.5134644 0.5054124 0.6095593 0.4828488 0.4907478 0.6735246 0.6458886 0.7950351 0.5369030 0.5419715 0.6163545 0.4759396 0.5809334 0.6431059 0.6115909 0.6022618 0.6185583 0.6181440 0.6181440 0.6800236 0.6398450 0.6993236 0.7202984 0.6998886 0.8812616 0.7220854 0.6843638 0.6552252 0.6142128 0.6142128 0.4618293 0.7219950 0.7726833 0.9687864 0.8737289 0.8640326 1.1033731 0.9952903 0.7923349 0.8022910 0.7383186 0.7675307 0.6978477 0.7035073 0.6711126 0.6803837 0.7813425 0.6322324 0.6322324 0.9620489 0.7859118 0.9620489 0.8027623 0.9595003 0.7252305 0.8628217 0.8628217 1.0235409 1.0235409 0.9245513 0.9245513 0.9672320 0.9548594 0.9237565 0.9655457 0.9655457 0.9227040 0.9267027 0.7776580 0.7776580 0.9914555 1.0054485 1.1319584 0.9835886 1.0025089 0.9719323 1.0583377 0.9060741 1.2000449 1.0763482 1.0178880 1.2638794 1.5387490 3.4399103 
Hsap_ENST00000295685                                   0.4794598 0.4321973 0.3736302 0.3814839 0.4156044 0.2911214 0.0000000 0.3390052 0.4321260 0.4504955 0.3571437 0.4929447 0.5247831 0.5960275 0.5448187 0.5464755 0.5650473 0.5279984 0.5157293 0.5911218 0.4862377 0.4862007 0.6596985 0.6832991 0.8643821 0.4680255 0.5354627 0.5983127 0.6126493 0.6220147 0.6373789 0.6364834 0.6387073 0.5997560 0.6500732 0.6500732 0.7231813 0.6909618 0.7615121 0.7426075 0.7326808 1.0091454 0.8005629 0.6690432 0.6678907 0.5993548 0.5993548 0.5008163 0.7198339 0.7273080 0.9594042 0.8550722 0.8586661 1.1221948 0.9672602 0.8358050 0.7879236 0.7614395 0.8382890 0.7272404 0.7324208 0.7671047 0.7704302 0.8821502 0.6809716 0.6809716 0.9583490 0.7552792 0.9583490 0.7899915 0.9171565 0.7255191 0.8977147 0.8977147 1.0316948 1.0316948 0.9294720 0.9294720 0.9324195 0.9236261 0.8964179 0.9140974 0.9140974 0.8498247 0.9148166 0.7467812 0.7467812 1.0113268 1.0430784 1.0684867 0.8824490 0.9442857 1.0079643 1.0216858 0.8893506 1.2214450 1.0017722 0.8924187 1.3146610 1.5736851 2.9339879 
Cscu_XM_023361593.1                                    0.5043493 0.4700516 0.3445124 0.3782667 0.3630576 0.3414226 0.3390052 0.0000000 0.2584847 0.3166436 0.4082482 0.4510658 0.4882162 0.5418487 0.5007653 0.4671558 0.5738299 0.5000320 0.4975880 0.5883535 0.5007945 0.4584017 0.6644315 0.6676032 0.8962634 0.5245091 0.5603675 0.6319913 0.5054019 0.6130638 0.6496874 0.6270022 0.6652714 0.6293652 0.6285815 0.6285815 0.7033623 0.6919017 0.7705900 0.7716619 0.7051643 1.0956097 0.7476781 0.7168679 0.6744366 0.6083715 0.6083715 0.5252383 0.8158375 0.8032320 1.0757848 1.0082213 1.0070388 1.1484071 1.1251185 0.8531111 0.8149244 0.8658780 0.8410762 0.7607062 0.7818942 0.7869573 0.7904083 0.9019858 0.6954990 0.6954990 0.9276113 0.7388609 0.9276113 0.7535723 0.9667816 0.6719749 0.9377294 0.9377294 1.0531539 1.0531539 1.0088842 1.0088842 1.1089960 1.1123129 1.0870024 0.9219193 0.9219193 0.9017652 0.9614368 0.8712700 0.8712700 1.1336462 1.1397460 1.1761185 0.9837474 1.0099653 1.0569515 1.0880468 0.9396941 1.2208942 1.1511217 1.1346309 1.2661168 1.6020510 3.4255588 
Dpul_mRNA23228                                         0.5377241 0.5075863 0.3979725 0.4130078 0.4437470 0.4322687 0.4321260 0.2584847 0.0000000 0.3714561 0.5114316 0.5065319 0.5331149 0.5397722 0.5977796 0.5804226 0.5901292 0.5728391 0.5779433 0.6222349 0.5490436 0.5209188 0.7566654 0.6534754 0.8829292 0.5082606 0.5623698 0.6616590 0.5996089 0.6628115 0.7049801 0.7260215 0.7108209 0.7348851 0.7208003 0.7208003 0.8338223 0.8214575 0.8810992 0.8451376 0.8275733 1.1987685 0.7783195 0.7392174 0.7234201 0.7175048 0.7175048 0.6107940 0.8640103 0.8517173 1.1197817 1.0413194 1.0394176 1.2399765 1.1761971 0.8740515 0.8420053 1.0486319 0.9198852 0.8046215 0.7994426 0.7701563 0.7734876 0.8869486 0.7202602 0.7202602 1.0355250 0.8571879 1.0355250 0.8961756 1.0079591 0.7634711 0.9484515 0.9484515 1.0461834 1.0461834 0.9713882 0.9713882 1.0626887 1.0633425 1.0394347 1.0091217 1.0091217 0.9853765 1.0189456 0.8768790 0.8768790 1.0697255 1.0994187 1.1643873 1.0079074 1.0289185 1.0616206 1.1003926 0.9683541 1.3331578 1.2390621 1.1422150 1.3679567 1.7333452 3.1984948 
Tcas_TC034118_001                                      0.5366019 0.5285039 0.4716445 0.4438960 0.5073084 0.4447204 0.4504955 0.3166436 0.3714561 0.0000000 0.5229010 0.5752585 0.5858785 0.6293690 0.6362810 0.6312521 0.6540846 0.5980571 0.5677540 0.6544803 0.5568532 0.5852035 0.7468488 0.6946754 0.9424075 0.5777651 0.6158147 0.7600506 0.5131532 0.6792945 0.7136940 0.6918744 0.7398244 0.7112838 0.6890324 0.6890324 0.7610401 0.7415768 0.8149119 0.8139968 0.7716954 1.2310674 0.7341462 0.8001817 0.7430513 0.6684076 0.6684076 0.6241410 0.8549212 0.9130269 1.1200159 1.0362929 0.9652037 1.1919869 1.1763377 0.9679347 0.8298953 1.0330426 0.8616596 0.8325051 0.8157196 0.8670380 0.8701333 0.9193032 0.8168176 0.8168176 1.0391810 0.9035567 1.0391810 0.9259404 1.0554211 0.8127565 0.9833025 0.9833025 1.0888082 1.0888082 1.0022948 1.0022948 1.1154244 1.1155770 1.1176780 1.0224610 1.0224610 0.9771761 1.0394372 0.8950165 0.8950165 1.1756807 1.2274498 1.1140639 1.0614132 1.0491087 1.0122434 1.0717490 0.9595066 1.2222871 1.2267579 1.0483181 1.3719289 1.7620869 3.4457020 
Skow_XM_002741206.2                                    0.7012229 0.6153513 0.4823156 0.4962513 0.4644614 0.4045365 0.3571437 0.4082482 0.5114316 0.5229010 0.0000000 0.5839570 0.5869101 0.6371123 0.5258330 0.5284930 0.6069574 0.5365719 0.5023062 0.6386430 0.4744298 0.5467815 0.7053259 0.6618176 0.8261366 0.6117041 0.5925248 0.8071028 0.6828339 0.6659362 0.7646668 0.7384126 0.6921520 0.6951630 0.7156032 0.7156032 0.7548669 0.6881619 0.7802291 0.7541864 0.7705877 0.9776635 0.8100990 0.7721807 0.7398026 0.6268423 0.6268423 0.5197657 0.9004079 0.8670955 1.1676697 1.0978450 1.1376334 1.2565008 1.1779571 0.9200036 0.9379280 0.9568921 0.8713861 0.7590261 0.7702880 0.8194006 0.8230181 0.9385603 0.7412989 0.7412989 1.0191705 0.8559981 1.0191705 0.8915756 1.0378078 0.7733581 0.9746765 0.9746765 1.1094019 1.1094019 0.9694886 0.9694886 1.0754884 1.0788182 1.0592581 1.0544019 1.0544019 0.9947217 1.0227160 0.9440581 0.9440581 1.0961786 1.1187711 1.2004656 1.0713507 1.0681477 1.0530290 1.1457478 1.0751422 1.2846712 1.2265616 1.0042432 1.4795066 1.7350279 3.2407553 
Morvir_scaffold20.g2.t1                                0.5634824 0.5449384 0.5291005 0.5394633 0.5933497 0.4742461 0.4929447 0.4510658 0.5065319 0.5752585 0.5839570 0.0000000 0.3572371 0.4489918 0.3406894 0.3304093 0.5613762 0.4600763 0.4447549 0.6189513 0.4392218 0.4468505 0.6468278 0.6909431 0.8700541 0.5363848 0.5206208 0.6192711 0.6921547 0.6232297 0.6566707 0.6494370 0.7036112 0.6316906 0.7078307 0.7078307 0.7142020 0.6874941 0.7031315 0.7342317 0.6879100 0.9625049 0.7423635 0.6523585 0.6183070 0.6792088 0.6792088 0.5213206 0.6842710 0.7675833 0.9389726 0.9344959 0.9839816 1.2574978 1.0541661 0.8125237 0.7765965 0.8557906 0.7338677 0.6633699 0.6946980 0.7032130 0.7063599 0.8171396 0.6605611 0.6605611 1.0629147 0.8186102 1.0629147 0.8310009 0.9306766 0.7601672 0.9196140 0.9196140 1.0055641 1.0055641 1.0237358 1.0237358 0.9674202 0.9805334 0.9693419 0.9499989 0.9499989 1.0123172 1.0323122 0.9435076 0.9435076 1.0978651 1.0768288 1.0573575 0.8973172 0.9730852 1.0457417 1.0590798 0.9695433 1.2395503 1.1558513 0.9348368 1.4017421 1.5977660 3.2309312 
Hvul_g26125_1                                          0.6473704 0.5806107 0.5364622 0.5729018 0.6418829 0.5072603 0.5247831 0.4882162 0.5331149 0.5858785 0.5869101 0.3572371 0.0000000 0.2727511 0.3421650 0.3372917 0.5409272 0.5125050 0.4801000 0.6147322 0.4357381 0.4823816 0.6981099 0.6301061 0.8600771 0.4866539 0.4555197 0.5685495 0.5835794 0.6037537 0.6092612 0.6520622 0.6508923 0.6473486 0.6618252 0.6618252 0.6971282 0.6903028 0.7389256 0.7082086 0.6957520 1.0026098 0.7139035 0.6349646 0.6577106 0.6267325 0.6267325 0.5479940 0.7884012 0.9006380 1.1553052 1.0836342 1.1239078 1.2751641 1.0330730 0.9577432 0.9138924 0.9234550 0.8718952 0.6799342 0.7070103 0.6779240 0.6809766 0.7862862 0.6129049 0.6129049 1.0192377 0.8083356 1.0192377 0.8081534 1.0028245 0.7213839 0.9281036 0.9281036 1.0529376 1.0529376 1.0519550 1.0519550 1.0170521 1.0149913 0.9959899 0.9814733 0.9814733 1.0130062 0.9822997 0.9367344 0.9367344 1.1009751 1.0943502 1.0863905 1.0714684 1.0952023 1.0771578 1.2207490 1.0728079 1.2260709 1.2434602 1.0587096 1.5051854 1.5571884 2.7672668 
Chem_TCONS_00068817                                    0.6638578 0.5885542 0.5488590 0.6183401 0.6708944 0.5468925 0.5960275 0.5418487 0.5397722 0.6293690 0.6371123 0.4489918 0.2727511 0.0000000 0.3951631 0.4238941 0.5495079 0.5036796 0.4890078 0.6546470 0.5000918 0.5232741 0.7172194 0.7001682 0.9597656 0.5037813 0.4795919 0.5802415 0.5664440 0.6624068 0.6769975 0.6971169 0.6716297 0.7429364 0.7540645 0.7540645 0.6592890 0.6347254 0.6431854 0.6775661 0.6666933 0.9035552 0.7263491 0.6520478 0.6317094 0.7201929 0.7201929 0.5812613 0.8307302 0.8720719 1.1526259 1.0937257 0.9926370 1.2191644 1.0819511 0.9189860 0.9866290 0.9443084 0.8808819 0.7361254 0.7596132 0.7000690 0.7029112 0.8274719 0.6768979 0.6768979 1.0809056 0.7945344 1.0809056 0.8289580 1.0945770 0.6857174 1.0200277 1.0200277 1.0682968 1.0682968 1.0701404 1.0701404 1.1050894 1.1057284 1.1065556 1.0372200 1.0372200 1.1016617 1.0470767 1.0114207 1.0114207 1.1683099 1.1889757 1.1567283 0.9668912 1.0104099 1.1363551 1.2132479 1.1125318 1.1155917 1.2829627 1.0184547 1.5776399 1.6954314 2.8805053 
Nemnom_g16801.t1                                       0.6920489 0.6096207 0.5122469 0.5749874 0.6408841 0.5044401 0.5448187 0.5007653 0.5977796 0.6362810 0.5258330 0.3406894 0.3421650 0.3951631 0.0000000 0.0468598 0.5438773 0.4544096 0.4511979 0.5658008 0.4166751 0.4757721 0.6744431 0.5463882 0.8096616 0.5916674 0.5304087 0.5872074 0.4966718 0.5848030 0.6278735 0.6654198 0.6533193 0.6147487 0.6684180 0.6684180 0.7269498 0.6919754 0.7096828 0.6678325 0.7053882 0.9822366 0.7353504 0.6571105 0.6261834 0.6361458 0.6361458 0.5431629 0.7649221 0.8839708 1.0702096 1.0337216 1.0515971 1.2020759 1.0868581 0.9348048 0.8661174 0.9168652 0.8100570 0.6685254 0.6841947 0.7242877 0.7275498 0.7998192 0.6811474 0.6811474 1.0654114 0.8221108 1.0654114 0.8215666 1.0081958 0.6953867 0.9903252 0.9903252 1.1560539 1.1560539 1.0921336 1.0921336 1.0674326 1.0702521 1.0890819 1.0434075 1.0434075 1.0609066 1.0138738 1.0011383 1.0011383 1.1548782 1.1751755 1.0380060 0.9682102 0.9976117 1.0357140 1.0614767 1.0707020 1.1698288 1.1951232 1.0113112 1.3868867 1.7607382 2.8542891 
Rhoesc_Res_005584-T1                                   0.6921208 0.6103952 0.5058512 0.5699721 0.6155151 0.4870396 0.5464755 0.4671558 0.5804226 0.6312521 0.5284930 0.3304093 0.3372917 0.4238941 0.0468598 0.0000000 0.5770437 0.4748315 0.4867931 0.6132831 0.4058003 0.4526615 0.7166562 0.5979552 0.8635782 0.6111241 0.5337811 0.6189648 0.4966718 0.6200970 0.6319186 0.6964418 0.6426787 0.6385963 0.6696124 0.6696124 0.7622774 0.7233086 0.7208987 0.6842394 0.7248319 1.0207854 0.7718612 0.7142901 0.6392165 0.6038789 0.6038789 0.5857836 0.7572641 0.8720183 1.0730501 1.0215240 1.0354331 1.2166564 1.0906623 0.9400416 0.8663828 0.9078116 0.7955520 0.6714187 0.6896076 0.7143116 0.7175413 0.8053646 0.6600904 0.6600904 1.0226563 0.8094539 1.0226563 0.8092350 0.9984365 0.6966532 0.9595348 0.9595348 1.1188103 1.1188103 1.0794778 1.0794778 1.0567881 1.0604957 1.0786843 1.0075672 1.0075672 1.0438699 0.9904773 0.9940053 0.9940053 1.1351910 1.1431600 1.0704471 0.9908698 1.0048284 1.0794030 1.0517130 1.0463287 1.1995848 1.1475899 1.0906108 1.3891916 1.7490208 2.8767359 
Fspp_ffun1.m4.3954.m1                                  0.6609566 0.6621836 0.5633674 0.6248685 0.6449819 0.5625909 0.5650473 0.5738299 0.5901292 0.6540846 0.6069574 0.5613762 0.5409272 0.5495079 0.5438773 0.5770437 0.0000000 0.1933063 0.1949231 0.2531320 0.3026149 0.2985392 0.2968530 0.3224013 0.4907311 0.3904299 0.4206949 0.6068779 0.6218035 0.6478545 0.6220749 0.7156167 0.7300886 0.7158550 0.7003669 0.7003669 0.7579798 0.7122090 0.7588261 0.7242509 0.7483499 1.0838296 0.8406933 0.7372570 0.6971224 0.5881356 0.5881356 0.6079799 0.8570684 0.8922390 1.2241401 1.1462160 1.0730323 1.2741449 1.1313429 0.8995794 0.9325228 0.8046775 0.8792994 0.7170522 0.7305428 0.7824411 0.7855913 0.8657650 0.7429114 0.7429114 1.0321287 0.7853447 1.0321287 0.8032170 0.9534156 0.7628653 0.9215313 0.9215313 1.0744398 1.0744398 1.0301693 1.0301693 1.0527659 1.0571107 1.0560060 0.9987004 0.9987004 1.0293205 1.0427690 0.9741973 0.9741973 1.1175329 1.1611558 1.2026783 1.1512266 1.1676363 1.0928565 1.1624010 1.0266218 1.1654582 1.2224932 1.1727363 1.3253016 1.7312909 3.4378872 
Spis_XP_022787302_1                                    0.5668665 0.5611263 0.5265679 0.5524561 0.5796420 0.5134644 0.5279984 0.5000320 0.5728391 0.5980571 0.5365719 0.4600763 0.5125050 0.5036796 0.4544096 0.4748315 0.1933063 0.0000000 0.0621506 0.1473979 0.2351587 0.2465235 0.2164754 0.2687452 0.4584949 0.3799158 0.3923427 0.6319117 0.6037957 0.5892327 0.5850632 0.6195843 0.6301089 0.6229017 0.6420475 0.6420475 0.6511184 0.6042289 0.6669250 0.6320618 0.6496617 0.9176772 0.7501694 0.6415062 0.6134531 0.5676968 0.5676968 0.5313197 0.7015772 0.7489994 1.1276107 1.0459301 1.0014523 1.1353894 1.0366094 0.7951910 0.8249331 0.8050870 0.7621676 0.6605362 0.6741590 0.6670686 0.6696672 0.7786356 0.6304900 0.6304900 0.9312211 0.7636786 0.9312211 0.7851810 0.8722313 0.6721304 0.8376180 0.8376180 1.0646010 1.0646010 0.9604772 0.9604772 0.9736549 0.9779354 0.9821776 0.9914809 0.9914809 0.9690730 0.9542642 0.8998688 0.8998688 1.0650175 1.0943578 1.0691973 1.0141665 0.9758851 0.9618098 1.0085143 0.8619032 1.1263728 1.1610303 0.9825249 1.3218304 1.7086555 3.2889999 
Pocdam_XM_027203252.1                                  0.5595930 0.5327253 0.5212017 0.5381233 0.5777306 0.5054124 0.5157293 0.4975880 0.5779433 0.5677540 0.5023062 0.4447549 0.4801000 0.4890078 0.4511979 0.4867931 0.1949231 0.0621506 0.0000000 0.1545254 0.2259727 0.2734272 0.1878621 0.2907939 0.4690262 0.3603037 0.3690529 0.6169381 0.5986119 0.5802857 0.5739908 0.6179139 0.6296079 0.6103204 0.6612660 0.6612660 0.6691574 0.6146410 0.6711617 0.6385405 0.6471096 0.8689314 0.7582589 0.6527717 0.6051880 0.5444216 0.5444216 0.4923100 0.7389352 0.7671027 1.0823673 0.9845848 0.9896995 1.1323454 1.0075303 0.7766754 0.7969575 0.7572645 0.7569364 0.6458681 0.6496711 0.6636181 0.6661834 0.7591410 0.6150325 0.6150325 0.8739300 0.7530355 0.8739300 0.7743929 0.8562154 0.6830548 0.8253215 0.8253215 1.0443222 1.0443222 0.9246488 0.9246488 0.9319674 0.9385649 0.9131238 0.9252484 0.9252484 0.9000733 0.8901756 0.8654807 0.8654807 1.0096835 1.0450075 1.0379339 0.9944149 0.9534879 0.9585454 1.0115026 0.8524909 1.1438293 1.1227797 0.9283207 1.2940556 1.6743177 3.2423465 
Gfas_gfas1.m1.20013.m1                                 0.7047156 0.6818182 0.6038248 0.6118074 0.7209560 0.6095593 0.5911218 0.5883535 0.6222349 0.6544803 0.6386430 0.6189513 0.6147322 0.6546470 0.5658008 0.6132831 0.2531320 0.1473979 0.1545254 0.0000000 0.2750302 0.2398419 0.3292202 0.1954729 0.3833919 0.3549306 0.4104447 0.7308794 0.3401076 0.6916842 0.6561545 0.7324388 0.6844056 0.7315893 0.7089776 0.7089776 0.7451394 0.6780826 0.7460438 0.7410464 0.7312655 0.8274331 0.9264427 0.7238443 0.7150221 0.6156289 0.6156289 0.7141536 0.8277398 0.7551296 1.3660213 1.1692639 0.9863958 1.2116829 1.0233618 0.9305681 0.9331220 1.2319191 0.9581285 0.6949912 0.7238111 0.7117543 0.7117543 0.8702525 0.7044502 0.7044502 1.1075159 0.9182113 1.1075159 0.9602483 1.1462387 0.7985628 0.9562614 0.9562614 1.5035446 1.5035446 1.1851468 1.1851468 1.2455705 1.2458220 1.2652442 1.3154333 1.3154333 1.1015498 1.1272829 0.9866757 0.9866757 1.2278811 1.3128402 1.2130481 1.1242300 1.2446728 1.1228211 1.1380053 0.9792921 1.6088620 1.2408508 0.8996561 1.5191540 3.6544931 3.0649303 
Exapal_XM_021061649.2                                  0.5304102 0.4926411 0.4807408 0.5052959 0.5429765 0.4828488 0.4862377 0.5007945 0.5490436 0.5568532 0.4744298 0.4392218 0.4357381 0.5000918 0.4166751 0.4058003 0.3026149 0.2351587 0.2259727 0.2750302 0.0000000 0.2262290 0.3782934 0.3236754 0.5187802 0.3866525 0.3774019 0.5743324 0.5118042 0.5813642 0.5796162 0.5868466 0.6007047 0.5772997 0.6169193 0.6169193 0.6710474 0.6344649 0.6461287 0.6140728 0.6505370 0.9520440 0.7213160 0.6296987 0.6185663 0.5348732 0.5348732 0.5283934 0.7747978 0.7558040 1.0977175 0.9652959 1.0363897 1.1113644 0.9946753 0.8422165 0.8237823 0.7907149 0.8482526 0.5854071 0.6117716 0.6459435 0.6488845 0.7487095 0.5759716 0.5759716 0.9243958 0.7167320 0.9243958 0.7416686 0.8603321 0.6345838 0.8306497 0.8306497 0.9456563 0.9456563 0.8906180 0.8906180 0.9010863 0.9075537 0.9085216 0.9550428 0.9550428 0.9310987 0.9078155 0.8523115 0.8523115 0.9869031 0.9808309 0.9361513 0.9644122 0.9340568 1.0182699 0.9677833 0.8629421 1.0756311 1.1028761 0.8944672 1.2636619 1.6579082 2.8346251 
Nvec_v1g241492                                         0.5879066 0.5440378 0.4821519 0.5114846 0.5805613 0.4907478 0.4862007 0.4584017 0.5209188 0.5852035 0.5467815 0.4468505 0.4823816 0.5232741 0.4757721 0.4526615 0.2985392 0.2465235 0.2734272 0.2398419 0.2262290 0.0000000 0.3906672 0.3169535 0.5534133 0.4041359 0.4152306 0.6600914 0.6660874 0.6615390 0.6594011 0.6869448 0.6592215 0.6353371 0.6418511 0.6418511 0.7073747 0.6515159 0.7002520 0.6730846 0.6720085 1.0016056 0.7864986 0.6545790 0.5813811 0.5659882 0.5659882 0.5627712 0.7679096 0.8109014 1.1384591 1.0716862 0.9585290 1.1107140 0.9970704 0.8430208 0.8294774 0.7192473 0.8028172 0.6697271 0.6921100 0.7066971 0.7098704 0.7929620 0.6094327 0.6094327 0.9217452 0.7523438 0.9217452 0.7932264 0.9978193 0.7768496 0.9058216 0.9058216 1.0816384 1.0816384 0.9644970 0.9644970 0.9917055 0.9893385 0.9880106 1.1020668 1.1020668 1.0279877 1.0563800 0.8904299 0.8904299 1.0783593 1.1083391 1.0240065 0.9348169 0.9799670 0.9919257 1.0361373 0.9333428 1.1309034 1.1401626 0.9890412 1.3169396 1.7185647 3.3999091 
Gasp_gasp1.m3.19537.m1                                 0.6237456 0.7702005 0.6738982 0.7748744 0.7787549 0.6735246 0.6596985 0.6644315 0.7566654 0.7468488 0.7053259 0.6468278 0.6981099 0.7172194 0.6744431 0.7166562 0.2968530 0.2164754 0.1878621 0.3292202 0.3782934 0.3906672 0.0000000 0.4755478 0.4936561 0.5035153 0.5444454 0.8881677 1.3866776 0.7289554 0.7248992 0.6300113 0.8277320 0.7856960 0.7950654 0.7950654 0.9281837 0.8672268 0.9214919 0.8800500 0.9076092 0.8894356 0.9915092 0.8565251 0.8404549 0.7141749 0.7141749 0.6770173 0.9758351 0.9882719 1.3304529 1.2644393 1.2862373 1.4660396 1.2727901 0.9263399 0.9947136 0.7464590 1.0422738 0.9822695 0.9622268 0.9759572 0.9800168 1.1109965 0.9159945 0.9159945 1.0938104 1.0056425 1.0938104 1.0219840 1.0715671 1.0097754 1.0052952 1.0052952 1.2788591 1.2788591 1.0964349 1.0964349 1.1610584 1.1622182 1.0418184 1.2616953 1.2616953 1.1538040 1.1376741 1.0385432 1.0385432 1.2249113 1.2874576 1.3161907 1.2200428 1.1713650 1.2571130 1.2635470 1.1102324 1.4757410 1.3490875 0.9393036 1.4476441 1.7428588 3.3385553 
Adig_XM_015924784.1                                    0.8354441 0.7820997 0.6400041 0.6426280 0.6863614 0.6458886 0.6832991 0.6676032 0.6534754 0.6946754 0.6618176 0.6909431 0.6301061 0.7001682 0.5463882 0.5979552 0.3224013 0.2687452 0.2907939 0.1954729 0.3236754 0.3169535 0.4755478 0.0000000 0.1165733 0.4524769 0.4719305 0.7725841 0.4888936 0.7960225 0.7921210 0.8686175 0.7706655 0.7819343 0.7629998 0.7629998 0.7192614 0.6734689 0.7350915 0.7205839 0.7678991 0.9519945 0.8365394 0.7759354 0.7103497 0.5522007 0.5522007 0.7970661 0.9380849 0.8512128 1.2285316 1.1498078 0.9962207 1.2073398 1.0872696 0.9925881 0.9605496 1.1512064 1.0482168 0.7075212 0.7390047 0.7561043 0.7561043 0.9142613 0.7540448 0.7540448 1.0181238 0.8098264 1.0181238 0.8604933 1.0305716 0.8032700 0.9322461 0.9322461 1.2696897 1.2696897 1.0321613 1.0321613 1.1182178 1.1186386 1.1263980 1.3447529 1.3447529 1.1192871 1.1334775 0.9607355 0.9607355 1.0755953 1.1315227 1.2191114 1.2087944 1.3182394 1.1962845 1.0960149 1.0281532 1.3940357 1.2040255 1.0483486 1.5153802 2.7029249 2.6608139 
Amil_Amillepora03269-RA                                0.8769568 0.9573505 0.8245415 0.8644948 0.8840548 0.7950351 0.8643821 0.8962634 0.8829292 0.9424075 0.8261366 0.8700541 0.8600771 0.9597656 0.8096616 0.8635782 0.4907311 0.4584949 0.4690262 0.3833919 0.5187802 0.5534133 0.4936561 0.1165733 0.0000000 0.6553818 0.6557180 1.1223529 2.7871071 0.9809251 0.9813491 0.8805655 0.9685145 1.0116501 0.9525874 0.9525874 0.9174695 0.8897547 0.9430525 0.8772336 0.9328055 0.9249005 1.0425008 0.9506201 0.8890587 0.8058118 0.8058118 0.9363374 1.0758113 0.9920385 1.4953048 1.4510216 1.3632786 1.5658988 1.4700547 1.1021262 1.1636791 1.1907954 1.2095605 0.9547262 0.9496170 0.9665263 0.9665263 1.1884878 1.0222598 1.0222598 1.2118328 1.1600699 1.2118328 1.1995276 1.3389856 1.5226192 1.1614935 1.1614935 1.5177252 1.5177252 1.2318255 1.2318255 1.2605535 1.2596736 1.2220781 1.7249532 1.7249532 1.4444193 1.3468308 1.2184559 1.2184559 1.2752794 1.3426315 1.4354779 1.4288954 1.4847980 1.4016501 1.3719899 1.1760753 1.6176450 1.6325997 1.0428475 1.6924626 2.1562937 2.6011044 
Dgig_XM_028543106.1                                    0.6399101 0.6152181 0.4915275 0.5811798 0.5881922 0.5369030 0.4680255 0.5245091 0.5082606 0.5777651 0.6117041 0.5363848 0.4866539 0.5037813 0.5916674 0.6111241 0.3904299 0.3799158 0.3603037 0.3549306 0.3866525 0.4041359 0.5035153 0.4524769 0.6553818 0.0000000 0.1403145 0.5286567 0.5388514 0.5573398 0.5914530 0.6168205 0.6389466 0.6163842 0.5521834 0.5521834 0.6158818 0.6154907 0.6382786 0.6307207 0.6028612 0.7482626 0.7190818 0.5738227 0.5833814 0.6045286 0.6045286 0.5892277 0.7245543 0.7231316 1.0793528 1.0532771 0.9812092 1.0946189 0.9398314 0.7883187 0.8236490 0.8051514 0.8571724 0.7040388 0.7260070 0.7322651 0.7354911 0.8592653 0.6729604 0.6729604 0.9746885 0.7526883 0.9746885 0.7940863 0.9585963 0.7091192 0.9382935 0.9382935 1.0984816 1.0984816 1.0305194 1.0305194 1.1139842 1.1146329 1.1010883 1.0515376 1.0515376 1.0290298 1.0785208 0.9374774 0.9374774 1.1391622 1.1343101 1.1158029 1.0490801 1.0972003 1.0900139 1.0663234 0.9238341 1.0403881 1.1130608 0.9515860 1.3508301 1.7386734 3.1361639 
Xesp_009778-T1                                         0.6517653 0.6356239 0.4982057 0.5660541 0.6138114 0.5419715 0.5354627 0.5603675 0.5623698 0.6158147 0.5925248 0.5206208 0.4555197 0.4795919 0.5304087 0.5337811 0.4206949 0.3923427 0.3690529 0.4104447 0.3774019 0.4152306 0.5444454 0.4719305 0.6557180 0.1403145 0.0000000 0.6017970 0.6146004 0.6064896 0.6678146 0.6485787 0.6436273 0.6594371 0.5871843 0.5871843 0.6763143 0.6631993 0.6534160 0.7026821 0.6414537 0.8694885 0.7686624 0.6504900 0.6495035 0.6364630 0.6364630 0.5782223 0.7637073 0.7323929 1.1048288 1.0922823 0.9957626 1.1902006 0.9979910 0.8691373 0.8828655 0.7863210 0.8579425 0.6709108 0.6952996 0.7092938 0.7124293 0.8300790 0.6605008 0.6605008 1.0420866 0.7899372 1.0420866 0.8260802 0.9658537 0.7051662 0.9733144 0.9733144 1.0996726 1.0996726 1.0485499 1.0485499 1.1076234 1.1082676 1.1013366 1.0633076 1.0633076 1.0702049 1.0940127 1.0053704 1.0053704 1.1649830 1.1886420 1.0800874 1.0757582 1.0505558 1.0237438 1.0327459 0.9682078 1.1190645 1.1181534 0.8932115 1.4886464 1.7647410 2.9664381 
Xestes_maker-XT_scaffold2168-augustus-gene-0.20-mRNA-1 0.6972032 0.6098779 0.5949257 0.5666661 0.7053744 0.6163545 0.5983127 0.6319913 0.6616590 0.7600506 0.8071028 0.6192711 0.5685495 0.5802415 0.5872074 0.6189648 0.6068779 0.6319117 0.6169381 0.7308794 0.5743324 0.6600914 0.8881677 0.7725841 1.1223529 0.5286567 0.6017970 0.0000000 0.1201663 0.1202754 0.1374312 0.1459291 0.2621888 0.3254903 0.4034495 0.4034495 0.5649565 0.5500246 0.5858471 0.5672401 0.6199872 1.1463837 0.6298805 0.5614789 0.5389254 0.5896435 0.5896435 0.6212394 0.6568857 0.6292014 0.8776087 0.8337842 0.8540280 0.8280603 0.7788707 0.6029007 0.7870455 0.7611026 0.7958382 0.7702681 0.7673503 0.6907459 0.6926737 0.6907274 0.6804490 0.6804490 0.8842665 0.8125902 0.8842665 0.8244545 0.8189273 0.7294250 0.8584738 0.8584738 0.8945816 0.8945816 0.8945816 0.8945816 0.8233301 0.8208591 0.8048441 0.7774409 0.7774409 0.7931734 0.8509125 0.7582800 0.7582800 1.0257166 1.0257166 0.9242969 0.8322678 0.8312698 0.8967786 0.9214227 0.7820066 0.5687670 0.9737704 1.6253682 0.9859952 0.9341959 4.2502265 
Halamb_c40364_g2_i1m.12618                             0.5720721 0.4771899 0.5271636 0.5355380 0.5843462 0.4759396 0.6126493 0.5054019 0.5996089 0.5131532 0.6828339 0.6921547 0.5835794 0.5664440 0.4966718 0.4966718 0.6218035 0.6037957 0.5986119 0.3401076 0.5118042 0.6660874 1.3866776 0.4888936 2.7871071 0.5388514 0.6146004 0.1201663 0.0000000 0.1011988 0.1264879 0.0000010 0.2016955 0.3237780 0.4782863 0.4782863 0.4505475 0.4302149 0.4354697 0.4315779 0.4598141 0.0000010 0.5127647 0.5179532 0.4231937 0.4600474 0.4600474 0.6611851 0.4655825 0.4668964 0.5420626 0.5380118 0.3800577 0.3991864 0.4834036 0.4774801 0.5651627 0.3785686 0.6403119 0.7338705 0.7578817 0.6142399 0.6180519 0.5909648 0.5922618 0.5922618 0.8772902 0.8772902 0.8772902 0.8772902 0.8080100 0.8080100 0.7930073 0.7930073 0.8187854 0.8187854 0.8187854 0.8187854 0.8743170 0.8663235 0.8399848 0.6594775 0.6594775 0.6655277 0.7243203 0.6434533 0.6434533 1.1283568 1.1283568 0.8215693 0.6984015 0.6639733 0.7045539 0.6551041 0.5896848 0.4676984 0.6913464 0.0000010 0.8816943 0.4850716 4.4952951 
Halamb_c3967_g1_i1m.638                                0.6153832 0.5806102 0.4574290 0.5987458 0.6366767 0.5809334 0.6220147 0.6130638 0.6628115 0.6792945 0.6659362 0.6232297 0.6037537 0.6624068 0.5848030 0.6200970 0.6478545 0.5892327 0.5802857 0.6916842 0.5813642 0.6615390 0.7289554 0.7960225 0.9809251 0.5573398 0.6064896 0.1202754 0.1011988 0.0000000 0.1419238 0.1224116 0.3186703 0.3851832 0.4274116 0.4274116 0.6023995 0.5930171 0.6030741 0.6121621 0.6201459 0.8270981 0.6685304 0.6070447 0.5530136 0.5852620 0.5852620 0.5281162 0.7198385 0.7220006 0.8891780 0.9304788 0.9363144 1.0491934 1.0233721 0.6812847 0.7424542 0.8240779 0.8106262 0.8246235 0.7982615 0.7858390 0.7874096 0.9077332 0.7381810 0.7381810 1.0388298 0.7767157 1.0388298 0.7773025 0.9306847 0.6878037 0.9077611 0.9077611 0.9659521 0.9659521 0.9484742 0.9484742 1.0043017 1.0043667 1.0117270 0.8453025 0.8453025 0.8887056 0.9795178 0.7943238 0.7943238 1.1336967 1.1062703 1.0970769 0.9125975 0.8959031 0.9213749 0.9470804 0.9543161 1.1034260 1.0837320 1.0733048 1.1913236 1.4471058 2.8924487 
Aque_Aqu2.1.42065_001                                  0.6428049 0.6174415 0.5089516 0.5929323 0.7161677 0.6431059 0.6373789 0.6496874 0.7049801 0.7136940 0.7646668 0.6566707 0.6092612 0.6769975 0.6278735 0.6319186 0.6220749 0.5850632 0.5739908 0.6561545 0.5796162 0.6594011 0.7248992 0.7921210 0.9813491 0.5914530 0.6678146 0.1374312 0.1264879 0.1419238 0.0000000 0.1581115 0.3463012 0.4269811 0.4105472 0.4105472 0.6262835 0.6086888 0.6064010 0.6237078 0.6537625 1.0190173 0.6870444 0.6129744 0.5531986 0.5968658 0.5968658 0.6260289 0.7038642 0.7975211 0.9415793 0.9519006 0.9017147 1.1315931 1.0687812 0.7108121 0.8287137 0.8030326 0.8811863 0.7997216 0.7874622 0.7355177 0.7369913 0.8760139 0.7741235 0.7741235 1.0720377 0.7449284 1.0720377 0.7462816 1.0186338 0.7088233 0.9666616 0.9666616 1.0046669 1.0046669 1.0044073 1.0044073 1.0161508 1.0062487 1.0250864 0.8955689 0.8955689 0.9231412 0.9707703 0.7811976 0.7811976 1.1638899 1.1389307 1.1369641 0.9396440 0.9121116 1.0234853 1.0149132 1.0342423 1.1532225 1.1998970 1.2666640 1.2157893 1.4240030 3.0485686 
Halamb_c40364_g1_i1m.12617                             0.6172729 0.5996556 0.4883520 0.6006457 0.7289461 0.6115909 0.6364834 0.6270022 0.7260215 0.6918744 0.7384126 0.6494370 0.6520622 0.6971169 0.6654198 0.6964418 0.7156167 0.6195843 0.6179139 0.7324388 0.5868466 0.6869448 0.6300113 0.8686175 0.8805655 0.6168205 0.6485787 0.1459291 0.0000010 0.1224116 0.1581115 0.0000000 0.3527635 0.3879617 0.4240763 0.4240763 0.6076969 0.5858283 0.6034358 0.6058647 0.6088749 0.8138499 0.7078102 0.6400507 0.5552628 0.5555001 0.5555001 0.5744130 0.6944270 0.7659772 0.8841502 0.9028317 0.8736334 1.1452507 1.0649824 0.6608496 0.7922464 0.7923960 0.8949273 0.8857273 0.8513090 0.8850255 0.8870098 1.0174908 0.8627407 0.8627407 1.0347764 0.7299047 1.0347764 0.7319269 0.9445371 0.6912205 0.8895163 0.8895163 0.9573018 0.9573018 0.9513404 0.9513404 0.9393547 0.9430916 0.9422877 0.9571637 0.9571637 0.9927163 1.0255702 0.8411010 0.8411010 1.1621259 1.1046936 1.0352769 0.9631205 0.8868481 0.9043654 1.0029986 0.9482918 1.1796559 1.2271312 1.1390440 1.1555886 1.4304078 2.9374007 
Tetwil_g17798.t2                                       0.6430493 0.6439366 0.6337458 0.5950019 0.7663710 0.6022618 0.6387073 0.6652714 0.7108209 0.7398244 0.6921520 0.7036112 0.6508923 0.6716297 0.6533193 0.6426787 0.7300886 0.6301089 0.6296079 0.6844056 0.6007047 0.6592215 0.8277320 0.7706655 0.9685145 0.6389466 0.6436273 0.2621888 0.2016955 0.3186703 0.3463012 0.3527635 0.0000000 0.2887129 0.4294326 0.4294326 0.5758936 0.5455492 0.5725517 0.5579197 0.5969905 0.8505687 0.6566143 0.5628257 0.5184530 0.6200354 0.6200354 0.6153515 0.8094014 0.8034637 0.9877794 0.9224989 0.9344900 1.0375879 0.9611766 0.6792721 0.9012209 1.0190802 0.8514445 0.7956336 0.8099124 0.7236740 0.7251287 0.9513869 0.6977867 0.6977867 1.0679165 0.8584926 1.0679165 0.8878190 1.0448576 0.8375907 0.9593835 0.9593835 1.0478914 1.0478914 1.0153620 1.0153620 1.0220206 1.0236570 1.0112591 1.0048186 1.0048186 1.0012837 0.9957249 0.9515953 0.9515953 1.1652437 1.1567758 1.0179048 0.8905264 0.8656225 0.8007194 0.9677425 0.9052579 0.9397464 1.0824485 1.1454072 1.2713801 1.3774692 2.6678467 
Spolac_c40816_g1_i1_m.1107c40816-g1                    0.6692044 0.6129277 0.5965293 0.5848025 0.7931080 0.6185583 0.5997560 0.6293652 0.7348851 0.7112838 0.6951630 0.6316906 0.6473486 0.7429364 0.6147487 0.6385963 0.7158550 0.6229017 0.6103204 0.7315893 0.5772997 0.6353371 0.7856960 0.7819343 1.0116501 0.6163842 0.6594371 0.3254903 0.3237780 0.3851832 0.4269811 0.3879617 0.2887129 0.0000000 0.4165992 0.4165992 0.6288355 0.6713059 0.6764274 0.6289943 0.6583406 1.0558363 0.6983479 0.5497591 0.5637903 0.5843296 0.5843296 0.5700578 0.7927391 0.7933968 0.7978856 0.7701657 0.8848661 0.9983571 0.8656938 0.6794651 0.8114981 0.9335594 0.8114623 0.9101496 0.8873083 0.8339406 0.8356283 1.0023766 0.7749902 0.7749902 1.0688064 0.7880392 1.0688064 0.8007359 0.9419074 0.7090727 0.8925183 0.8925183 1.0483032 1.0483032 0.9494487 0.9494487 0.9876081 0.9892852 0.9950083 1.0533128 1.0533128 0.9825498 0.9077751 0.8998278 0.8998278 1.1388589 1.1388323 0.9506484 0.9432654 0.9166073 0.9039717 0.9197559 0.9265168 1.1403651 1.0565307 1.0129262 1.3374708 1.4803121 2.6550129 
Plespi_Pspi_scaffold145_01                             0.6301985 0.6784104 0.5659110 0.6278372 0.7810170 0.6181440 0.6500732 0.6285815 0.7208003 0.6890324 0.7156032 0.7078307 0.6618252 0.7540645 0.6684180 0.6696124 0.7003669 0.6420475 0.6612660 0.7089776 0.6169193 0.6418511 0.7950654 0.7629998 0.9525874 0.5521834 0.5871843 0.4034495 0.4782863 0.4274116 0.4105472 0.4240763 0.4294326 0.4165992 0.0000000 0.0000010 0.7178623 0.7155460 0.7301239 0.7144674 0.6851664 1.0596209 0.7780776 0.5738677 0.6270980 0.5879026 0.5879026 0.6594118 0.8097683 0.8218901 0.9060603 0.9236388 1.0294550 1.0943772 0.9877327 0.7977235 0.8471233 1.0084787 0.9433161 0.7997145 0.7890384 0.7872964 0.7888298 0.8695464 0.7379602 0.7379602 1.1584791 0.8682550 1.1584791 0.8928732 1.0956215 0.8426117 1.0260351 1.0260351 1.1646212 1.1646212 1.0863623 1.0863623 1.2075717 1.2091577 1.1641006 1.1138312 1.1138312 1.0675781 1.0471260 0.9141617 0.9141617 1.2130272 1.2221760 1.0920820 1.0224431 1.0498014 0.9732193 0.9902690 1.0431409 1.1539926 1.1378921 1.0868598 1.3620711 1.4454229 2.8365300 
Plespi_Pspi_scaffold146_01                             0.6301985 0.6784104 0.5659110 0.6278372 0.7810170 0.6181440 0.6500732 0.6285815 0.7208003 0.6890324 0.7156032 0.7078307 0.6618252 0.7540645 0.6684180 0.6696124 0.7003669 0.6420475 0.6612660 0.7089776 0.6169193 0.6418511 0.7950654 0.7629998 0.9525874 0.5521834 0.5871843 0.4034495 0.4782863 0.4274116 0.4105472 0.4240763 0.4294326 0.4165992 0.0000010 0.0000000 0.7178623 0.7155460 0.7301239 0.7144674 0.6851664 1.0596209 0.7780776 0.5738677 0.6270980 0.5879026 0.5879026 0.6594118 0.8097683 0.8218901 0.9060603 0.9236388 1.0294550 1.0943772 0.9877327 0.7977235 0.8471233 1.0084787 0.9433161 0.7997145 0.7890384 0.7872964 0.7888298 0.8695464 0.7379602 0.7379602 1.1584791 0.8682550 1.1584791 0.8928732 1.0956215 0.8426117 1.0260351 1.0260351 1.1646212 1.1646212 1.0863623 1.0863623 1.2075717 1.2091577 1.1641006 1.1138312 1.1138312 1.0675781 1.0471260 0.9141617 0.9141617 1.2130272 1.2221760 1.0920820 1.0224431 1.0498014 0.9732193 0.9902690 1.0431409 1.1539926 1.1378921 1.0868598 1.3620711 1.4454229 2.8365300 
Lcom_lcpid92224                                        0.6864636 0.7746372 0.6598615 0.7802608 0.7701342 0.6800236 0.7231813 0.7033623 0.8338223 0.7610401 0.7548669 0.7142020 0.6971282 0.6592890 0.7269498 0.7622774 0.7579798 0.6511184 0.6691574 0.7451394 0.6710474 0.7073747 0.9281837 0.7192614 0.9174695 0.6158818 0.6763143 0.5649565 0.4505475 0.6023995 0.6262835 0.6076969 0.5758936 0.6288355 0.7178623 0.7178623 0.0000000 0.0960489 0.1286467 0.1585846 0.1563416 0.2087752 0.2072636 0.3377256 0.2751061 0.6066812 0.6066812 0.7413072 0.8984623 0.8101776 1.0433806 1.0569528 0.9312146 1.0080205 0.9567915 0.7276663 0.8749031 0.8546060 0.9515446 0.7077957 0.7398450 0.7658031 0.7687057 0.8659340 0.7123514 0.7123514 1.1470449 0.9144294 1.1470449 0.9317361 1.1339096 0.8285407 1.0717222 1.0717222 1.2173052 1.2173052 1.2009047 1.2009047 1.2024494 1.2026486 1.1900001 1.1481769 1.1481769 1.1702629 1.0755453 0.9888572 0.9888572 1.3127241 1.2731381 1.0958567 1.0735198 1.0888054 1.1048088 1.0398162 1.0649339 0.4135421 1.0423206 0.8926345 1.3323451 1.5169872 2.8711524 
