108
Lcom_lcpid156602                                                    0.0000000 2.6846217 2.8672208 2.8683597 2.7209603 2.8458338 2.9536299 3.3216529 2.4826952 2.9180591 2.9270647 2.9468797 2.5486433 3.0319420 2.9042325 2.5931615 2.7247168 3.8364771 2.7522068 2.8642664 2.9901471 3.7753570 3.5805615 3.3109856 3.1780086 3.1560967 3.5542454 2.1337117 2.1577645 2.0700305 2.1186849 2.1742067 2.2897114 2.1871756 2.2617503 2.0374143 1.8056711 1.8340178 1.7499030 1.8083125 1.9841752 1.9188961 1.9188961 1.8836478 2.0624953 1.9973013 2.0184583 1.8889613 2.0275402 2.0075840 1.9395567 1.9065462 1.8800489 1.8986183 1.8490513 1.8490513 1.9140713 1.8570176 1.8570176 2.0307837 1.9648550 1.8703729 1.8871735 1.8238193 1.8534472 1.9217952 1.9813883 2.0593905 1.9287158 1.8127451 2.1520086 2.2510505 2.1206048 1.9022929 2.1802175 2.0886054 2.1451357 2.1451357 2.0905400 2.0044277 1.8489810 1.9273793 1.9549026 2.0579642 2.1442394 2.0376046 2.0099721 1.9673263 1.9076708 2.1257365 1.8564576 1.9750849 2.0151968 1.8313577 1.8520461 1.9759234 2.1089128 1.9256116 1.9294708 2.1009209 1.9961150 2.3308005 2.2885741 2.2608275 1.7317170 2.0253029 1.9231776 4.4005043 
Lcom_lcpid177374                                                    2.6846217 0.0000000 0.6193061 0.7695901 0.6961061 1.4082390 1.5839583 1.4986041 1.1567711 1.1907369 1.2853965 1.2260008 1.1445469 1.4059887 1.1567469 1.3624195 1.2090472 1.7255663 1.5265248 1.1994608 1.3936127 2.0012183 1.6933034 1.5351591 1.6590383 1.4847818 1.4230011 1.4492039 1.9162679 1.8674506 2.0743071 1.6242893 2.0500084 1.9410596 2.0706412 2.0722925 1.9577722 2.0906855 2.0908705 2.2419121 2.0808937 2.0545946 2.0545946 2.1193343 2.0632047 2.1099713 2.1231761 2.0067131 2.1272675 2.0166654 1.9122725 1.9199003 1.8800674 1.8983364 1.8989688 1.8989688 1.8963922 2.1069654 2.1069654 2.5266700 2.2626801 2.3783791 2.0004356 2.0587481 1.8311352 1.9610428 1.9585449 2.0092091 1.8977763 1.9231511 1.9491931 1.9129489 1.9175989 1.7030753 1.8635869 1.9086811 2.2527631 2.2527631 1.7104283 2.2535586 1.9555394 1.9010611 2.1813570 2.2619764 1.7980988 2.2193841 2.1688371 2.4775088 2.1297527 1.6668430 1.8406868 2.0377034 2.2648927 2.2277594 2.2277594 2.2297516 2.0289313 2.2761133 2.1032943 2.3741756 2.4914374 2.1644951 2.7589527 1.9513381 2.4532662 2.3735646 2.6459207 3.5554412 
Cgig_XM_011441669.3                                                 2.8672208 0.6193061 0.0000000 0.5997960 0.8199027 1.3006206 1.7272249 1.5202131 1.1139902 1.1440707 1.3577102 1.4537826 1.3228532 1.4845142 1.3064416 1.5277227 1.2041547 1.7604119 1.5282086 1.4032108 1.3320058 1.6886619 1.4698183 1.3109284 1.4075192 1.2238813 1.2324058 1.6346953 1.8624593 1.6748797 1.8364142 1.6411946 1.9906671 1.9476142 1.8596431 2.1012990 2.1740849 1.9247285 2.0703000 2.2095962 2.0386789 2.0928918 2.0722989 2.1949879 2.0272874 1.9592621 2.0349232 2.0425719 2.0529548 1.9458388 1.9306745 1.7234268 1.9223365 1.9273196 2.0149361 2.0149361 1.9727134 2.1781480 2.1781480 2.4248867 2.3364764 2.0543980 2.1134949 2.1472600 1.8778711 2.0468550 2.0344218 2.0752243 2.0501089 2.1427022 1.8901199 1.9673093 2.0834991 2.0459638 1.9945900 1.7161815 2.1635964 2.1635964 1.6863248 2.1839738 1.8270845 1.7695941 2.0530825 2.1931584 1.7225781 2.1386741 2.0942012 2.2960554 2.3617169 1.7681041 1.8313346 1.9359336 2.1278306 1.9697701 2.0107774 2.3014786 2.2536887 2.1476159 2.1084642 2.3225056 2.3325127 2.3247606 2.6759366 2.0578909 2.1646276 2.3482753 2.3799021 4.0888728 
Ctel_gnl_WGS_AMQN_CAPTEDRAFT_mRNA221824                             2.8683597 0.7695901 0.5997960 0.0000000 0.8803621 1.2531831 1.8553065 1.3896344 1.2632179 1.2733971 1.4658474 1.4197794 1.3313670 1.2786121 1.1860140 1.2990312 1.3210898 1.5362380 1.6035353 1.5254694 1.3764680 1.6313745 1.5859970 1.3843112 1.5472342 1.3992459 1.1415386 1.4378027 1.6526866 1.6722718 1.8921126 1.5222317 1.9436271 1.9436271 1.7198291 1.9250951 1.9352435 1.7221982 1.8201484 1.8296182 1.7858616 2.0642679 1.9978583 1.8715450 1.7974897 1.7976207 1.7866462 1.7754047 1.8615681 1.7513264 1.6747012 1.4779839 1.7085932 1.7542865 1.7477302 1.7477302 1.7117148 1.8866864 1.8866864 1.9431644 1.9245984 2.1483676 2.0689349 2.0064891 1.7878200 1.8623286 1.9139252 1.8709466 1.9833285 1.9930383 1.7518340 1.8160108 1.8755170 1.9106886 1.9351180 1.7876527 1.8360794 1.8360794 1.4737972 1.9660208 1.8016230 1.7050065 1.8132415 1.7878381 1.4566242 1.8301772 1.7824394 1.9557926 1.8818260 1.4840015 1.8747603 1.9651771 1.8327867 1.7761153 1.8619571 1.7673398 1.8897969 1.8654638 1.8811030 1.9853146 2.0137240 1.9501297 2.4735795 1.8834639 2.1407550 2.1611636 2.1676733 3.4750798 
Skow_XM_006823995.1                                                 2.7209603 0.6961061 0.8199027 0.8803621 0.0000000 1.0594178 1.4689808 0.9571507 0.9571507 1.0894608 1.2831047 1.3582385 1.2040153 1.1669945 1.1669945 1.2752212 1.1900836 1.1900836 1.2630265 1.1041801 1.2669778 1.2197009 1.3016876 1.1520409 1.3225607 1.1387388 1.0617452 1.4849289 1.6826953 1.5689888 1.6841647 1.7447600 1.9748335 1.9748335 1.5527007 1.6410866 1.9075341 1.7710626 1.8927830 1.8927830 1.8671908 1.9518868 1.9586167 1.8720119 1.4766010 1.5322410 1.4301749 1.4491484 1.4632163 1.5291036 1.5118012 1.0616285 1.3173520 1.3109388 1.3534049 1.3534049 1.2496977 1.3272625 1.3272625 1.7722478 1.6531519 1.7662713 1.6074974 1.6069696 1.6157644 1.6665711 1.4657870 1.6318698 1.9166927 1.6529420 1.5700268 1.4827488 1.5679945 1.5340757 1.6148176 1.3629309 1.7740257 1.7740257 1.8277500 1.8277500 1.6029705 1.6029705 1.6029705 1.7503797 1.7503797 1.6948989 1.6428762 1.7127208 1.7639452 1.7639452 1.7592101 1.7592101 1.7114607 1.5351178 1.7289348 1.7033216 1.5453656 1.9243960 2.0223490 2.1417646 1.7057062 1.7958414 2.4984390 2.0862182 1.9920860 2.2212103 2.0095000 2.9192639 
Salurc_EP00051_Salpingoeca_urceolata_P010200                        2.8458338 1.4082390 1.3006206 1.2531831 1.0594178 0.0000000 0.1375746 1.0588380 0.7425434 0.9273086 0.9085586 0.9449696 0.8470901 1.0124313 0.8094926 0.9914521 0.9884224 1.5338867 1.1665370 1.0292977 0.9879016 1.6198904 1.5203075 1.2747388 1.3174043 1.1656366 1.6553572 1.4585277 1.8598453 1.7077047 1.9257180 1.5385241 2.3435906 2.2904758 1.8070943 1.9570129 2.1387089 1.8341311 2.0676787 2.1794381 1.9945724 2.1608324 2.1899889 2.1035497 1.9963262 2.0418593 2.0056295 1.9275235 2.1536963 2.1971904 2.0270346 2.1314830 1.9784092 1.9721479 2.0401892 2.0401892 2.0401322 2.2651015 2.2651015 2.1153113 2.1252441 2.0673035 2.1119033 2.1566669 2.0743579 2.3358900 2.1892545 2.0577365 2.0056269 1.9168169 1.8690721 2.0523701 2.3194304 2.1483507 2.1551886 1.7931026 2.1184877 2.1184877 1.4684177 2.0225775 1.6457264 1.6345298 1.8293514 1.9661225 1.5129612 2.0758162 2.0258195 2.1507627 2.0255144 1.5317022 1.8549072 1.9608147 2.0258705 2.0414457 2.0764512 2.1879377 2.3320433 2.1406880 2.2197542 2.3515133 2.3860921 2.0539021 2.6932706 2.2739538 2.3430086 2.5048542 2.7938521 3.4052261 
Salurc_EP00051_Salpingoeca_urceolata_P010202                        2.9536299 1.5839583 1.7272249 1.8553065 1.4689808 0.1375746 0.0000000 1.4344125 0.9147109 1.1392192 1.0111623 1.0504841 1.0458086 1.4541579 1.3534753 1.1519478 1.2301240 2.0994231 1.3542603 1.3052891 1.1566045 2.1649451 1.9880641 1.7810701 1.8364846 1.6122552 2.2140102 2.1223062 2.3915149 2.2197143 2.3915752 2.1310817 2.9454489 2.8810467 2.4303229 2.2083545 2.5787616 2.2265368 2.5495777 2.7049200 2.4750081 2.5222494 2.5222494 2.5036839 2.6056613 2.6287896 2.4776772 2.3880614 2.6651167 2.7475675 2.6837080 2.3945748 2.3161814 2.3142053 2.3764293 2.3764293 2.3904088 2.6102017 2.6102017 2.6975708 2.6884903 2.5873736 2.7057234 2.6467751 2.5834326 3.0648424 2.6499912 2.5569396 2.4834919 2.3303702 2.3112882 2.4662046 2.7318713 2.6225994 2.5461906 2.2167426 2.8720930 2.8720930 2.0840402 2.6605531 2.1619439 2.1872230 2.4034740 2.6911557 2.1937909 2.8189140 2.7412487 2.8903504 2.7522951 2.2740070 2.5369820 2.6982970 2.6518778 2.3816300 2.3342296 2.9002385 2.9359262 2.6956509 2.9032005 2.9795754 2.9727845 2.4231514 2.4507968 2.3896656 2.8481861 2.6977849 3.2412655 3.8564048 
Saldol_EP00054_Salpingoeca_dolichothecata_P001776                   3.3216529 1.4986041 1.5202131 1.3896344 0.9571507 1.0588380 1.4344125 0.0000000 0.1881714 1.0012529 1.2299003 1.2713998 0.9559971 1.4199394 0.9392258 1.2230538 1.2622496 1.4093709 1.2971503 1.3040702 1.4417582 1.7733624 1.6112215 1.6502417 1.5754337 1.4110812 2.0894245 1.4366626 2.1839480 2.0257292 2.0252147 1.7027036 2.3006977 2.2629721 1.7298947 2.1085254 2.3014183 2.0736296 2.2944621 2.5463706 2.1139415 2.2356216 2.2311943 2.0536603 2.1667268 2.2961250 2.0674140 2.2220437 2.2909009 2.3333815 2.2411671 2.2842056 2.1888725 2.2196028 2.2612458 2.2612458 2.2062163 2.3631409 2.3631409 2.7471536 2.5545344 2.0430143 1.9618796 1.9773777 2.0572207 2.5317562 2.2255212 2.2364419 1.9922648 2.2022902 2.0005942 2.2092438 2.5357773 2.4678268 2.4671114 2.3219512 2.0899918 2.0899918 1.6359043 2.2607443 1.7373665 1.6545425 1.9059346 2.0856193 1.6545647 2.2274866 2.1718023 2.1253652 2.0152805 1.4884543 1.8824700 1.9889679 2.1540255 2.0899513 2.2298628 2.2434272 2.2651558 2.0388874 2.0635750 2.2490658 2.3256149 1.8942749 2.5737814 2.0799409 2.8803749 2.9908423 2.7937781 3.9802484 
Saldol_EP00054_Salpingoeca_dolichothecata_P001777                   2.4826952 1.1567711 1.1139902 1.2632179 0.9571507 0.7425434 0.9147109 0.1881714 0.0000000 0.7891597 0.8252999 0.8807960 0.8265578 1.0204026 0.9236889 0.8475277 0.9217819 1.3939643 1.0049580 1.0466857 1.0670027 1.5281803 1.4337030 1.3714977 1.2525759 1.2147477 1.5621163 1.4366626 2.0241628 1.7969218 1.8835571 1.6413973 2.0577469 2.0577469 1.5026822 1.7374554 2.0253510 1.7177145 1.8657790 1.9717030 1.8135476 1.9461424 1.9435593 1.9211870 1.7103028 1.8386520 1.7252751 1.7855399 1.9012330 1.9257158 1.9316494 2.0663475 1.8514557 1.8751592 1.9009300 1.9009300 1.9153098 2.1153036 2.1153036 2.3295353 2.3252995 1.9677677 1.7766239 1.8066467 1.8277601 2.1755792 2.0368687 1.9713920 1.8790425 2.0127694 1.6704983 1.8515129 2.0798601 2.0406563 1.9882621 1.9733550 1.8753505 1.8753505 1.5890341 2.0176523 1.6600073 1.6717397 1.8071603 1.8967360 1.5529129 1.9940632 1.9497931 1.9618745 1.9437824 1.4423906 1.7795369 1.9275214 1.9900974 1.8947391 2.0016602 2.0458486 2.1332860 1.9299629 1.9651369 2.0846208 2.0648626 1.7512914 2.2288044 2.1898450 2.5002553 2.6139902 2.4298604 3.2314925 
Salinf_EP00049_Salpingoeca_infusionum_P004882                       2.9180591 1.1907369 1.1440707 1.2733971 1.0894608 0.9273086 1.1392192 1.0012529 0.7891597 0.0000000 0.7401591 0.6942684 0.6465556 0.7456854 0.6990169 0.9704012 0.8852051 1.3581187 1.0105082 1.0256458 1.2381354 1.6275138 1.6976674 1.4085813 1.3948675 1.1854591 1.3799096 1.5341034 1.7549454 1.5866397 1.7865862 1.5928875 2.2345101 2.2145933 1.7378954 2.2385139 2.1243808 1.7709041 1.9800191 2.1546891 2.0272286 1.9918204 2.0212557 2.1630076 1.8745755 1.9618503 1.8634942 1.8933663 1.8840004 1.9751985 2.1544323 2.0431043 1.8867180 1.9102255 1.8730400 1.8987195 1.8238705 2.0615505 2.0615505 2.7538946 2.4058116 2.2094855 2.0565932 2.1293692 1.9534401 2.2171800 2.2386725 2.2929414 2.2109651 2.0506630 2.0910059 1.9336192 2.0732412 1.9521274 2.0579519 1.9691542 2.2649081 2.2649081 1.6852879 2.2686058 1.8653138 1.7921773 2.0878306 2.1718426 1.7222624 2.2046468 2.1532711 2.3325330 2.3483201 1.6998154 1.9568859 2.0632395 2.4485999 2.2727948 2.3016176 2.4517580 2.3864880 2.2462743 2.2188306 2.4391194 2.4143859 2.2304979 2.7148571 2.0010301 2.3307996 2.6082667 2.5625314 3.5070682 
Chofle_EP00730_Choanoeca_flexa_P015333                              2.9270647 1.2853965 1.3577102 1.4658474 1.2831047 0.9085586 1.0111623 1.2299003 0.8252999 0.7401591 0.0000000 0.3035889 0.5371932 0.7783702 0.7460297 0.9780998 0.8947461 1.4576425 1.3435407 1.0531003 1.2644920 1.5810356 1.6931113 1.3015601 1.3837772 1.2776398 1.4977311 1.8425290 2.2783661 2.0798786 2.2904880 2.1454569 2.4077655 2.3865556 2.1932159 2.3980612 2.3329902 2.0868124 2.3059331 2.6195760 2.4888087 2.3854534 2.4259877 2.4583185 2.0922896 2.1543257 2.1857380 2.1036352 2.3621630 2.3781599 2.3918441 2.3434800 2.1740562 2.1765562 2.1817829 2.1817829 2.0704083 2.3196685 2.3196685 2.5518120 2.6113543 2.4495424 2.3156279 2.3779712 2.2298845 2.8057077 2.6676459 2.6445686 2.1689978 2.2474685 2.1696759 2.3727717 2.2836400 2.2147323 2.5326664 2.2951576 2.3938532 2.3938532 1.8698504 2.2417005 1.9536132 1.9606948 2.1601481 2.3622085 1.9393926 2.3355715 2.3188612 2.4267979 2.3388843 1.8383651 2.2127927 2.3897773 2.4822858 2.1906603 2.4022486 2.5598311 2.3142057 2.2006022 2.2933103 2.5218228 2.5864363 2.1010274 2.6206301 2.3816931 2.5635344 2.5940621 3.1589295 3.2974058 
Choper_EP00045_Choanoeca_perplexa_P008050                           2.9468797 1.2260008 1.4537826 1.4197794 1.3582385 0.9449696 1.0504841 1.2713998 0.8807960 0.6942684 0.3035889 0.0000000 0.5994282 0.8633246 0.8077540 1.0139680 0.9219592 1.4477006 1.2188095 1.1668462 1.3354265 1.6907761 1.5947180 1.3343427 1.2755069 1.3980902 1.5602136 1.7866551 2.0878523 1.8996169 2.0576563 1.8834362 2.1971968 2.1762664 1.9841816 2.3407302 2.2329635 2.0698408 2.1451182 2.4187951 2.2516077 2.1376599 2.1720256 2.4023564 1.9196200 2.0247589 2.0403762 2.0633901 2.1672064 2.2931927 2.2795478 2.2339127 2.2017124 2.2042804 2.1881157 2.1881157 2.1378620 2.3811122 2.3811122 2.3744251 2.4143923 2.2701734 2.1445387 2.1994834 2.0916238 2.4351075 2.4760458 2.3527620 2.0464573 1.8989231 2.0329328 2.2165681 2.2985112 2.1272882 2.3654369 2.0873625 2.1160172 2.1160172 1.6670611 2.1271632 1.8134817 1.7836442 2.0155809 2.0866920 1.6483166 2.0953839 2.0801985 2.2431660 2.0757384 1.5478187 2.0552992 2.2047352 2.1581129 1.9028136 2.0163815 2.2409862 2.3971531 2.1239670 2.1941336 2.4351724 2.4551351 2.0283496 2.4655453 2.2409366 2.3221297 2.3818077 2.6883864 3.2180833 
Mbre_EDQ88289                                                       2.5486433 1.1445469 1.3228532 1.3313670 1.2040153 0.8470901 1.0458086 0.9559971 0.8265578 0.6465556 0.5371932 0.5994282 0.0000000 0.8508084 0.8363976 0.9166632 1.0834627 1.2671713 1.0693280 1.0675741 1.2244173 1.3830501 1.3722843 1.2819920 1.3858296 1.3069523 1.5333744 1.7689560 1.9068978 1.7578666 1.9035981 1.7887787 2.0722501 2.0722501 1.8454850 2.0819195 1.9066030 2.0140909 1.9963884 1.9963884 2.2462876 2.3083317 2.3480649 2.0797286 1.9630217 2.0072018 2.0173987 2.0263188 2.1958232 2.3351283 2.3135721 2.2453567 2.0441937 2.0467148 2.0620357 2.0620357 1.9738090 2.0242583 2.0242583 1.9808119 2.0892433 2.1648027 2.1999743 2.1953058 2.0010542 2.4865383 2.0416453 1.9499768 2.0745389 2.1838145 2.0369454 1.8339404 2.1762274 2.0170542 2.3148012 1.9142794 1.8052117 1.8052117 1.4610416 1.7916145 1.5776392 1.5776392 1.5776392 1.6702925 1.5905014 1.7319204 1.6667049 1.7966317 1.8110366 1.5672919 1.8745147 1.8745147 1.8758721 1.7549948 1.8821208 1.9777718 1.9560507 1.9530966 1.9488886 2.0424936 2.0944863 1.9231469 2.2498914 2.2391718 2.2881512 2.4164800 2.6537273 3.8012906 
Microa_EP00043_Microstomoeca_roanoka_P010107                        3.0319420 1.4059887 1.4845142 1.2786121 1.1669945 1.0124313 1.4541579 1.4199394 1.0204026 0.7456854 0.7783702 0.8633246 0.8508084 0.0000000 0.0215492 1.0777411 0.9571983 1.3639203 1.2809352 1.1258252 1.3574789 1.6914616 1.8185708 1.5045394 1.5168651 1.3338871 1.5769107 1.6140426 2.0580278 1.9287375 2.1060593 1.7998840 2.2959087 2.2150059 1.9546610 2.3385541 2.3261295 2.1415135 2.2941884 2.4000382 2.4394964 2.4517669 2.4919461 2.5574398 2.0236973 2.0540920 2.0498726 2.0063159 2.0492842 2.2167898 2.4186903 2.3835987 1.9782228 1.9589372 2.0573399 2.0573399 1.8815532 2.0862032 2.0862032 2.6172179 2.4074826 2.3996702 2.2300812 2.3309852 1.9626577 2.5389401 2.6043704 2.3908299 2.1510115 2.2592589 2.0303890 2.1877035 2.5945578 2.3363013 2.2797350 1.9417776 2.4916723 2.4916723 1.7012091 2.4991476 1.9572865 1.8953131 2.2439476 2.3819314 1.7516000 2.3799000 2.3738347 2.5311610 2.4978783 1.9105109 2.1886223 2.3190535 2.4496673 2.2926819 2.3399441 2.5157948 2.5536037 2.2088654 2.3859142 2.5300747 2.7949361 2.3863521 2.7577085 2.2420389 2.5063703 2.6733593 3.0984639 3.8323881 
Microa_EP00043_Microstomoeca_roanoka_P010108                        2.9042325 1.1567469 1.3064416 1.1860140 1.1669945 0.8094926 1.3534753 0.9392258 0.9236889 0.6990169 0.7460297 0.8077540 0.8363976 0.0215492 0.0000000 0.8957756 0.8936456 0.8662231 1.0831850 1.0205132 1.3274263 1.2632837 1.3771766 1.3778116 1.3759998 1.1888299 1.3500162 1.6140426 1.6743400 1.6056461 1.7204978 1.6814126 1.7618611 1.7618611 1.5522655 1.7893062 1.8337855 1.7993908 1.9285799 1.9285799 2.0090462 2.0121935 2.0526696 2.0680059 1.6227423 1.6689660 1.6827723 1.7004342 1.6913439 1.8821598 2.0004050 1.7866436 1.6594431 1.6348383 1.7301861 1.7301861 1.5356361 1.6669650 1.6669650 2.1826452 2.0048470 1.7350552 1.7484736 1.7930231 1.5549588 2.0847587 1.9337080 1.8795454 1.6871127 1.7666889 1.7139396 1.7650423 2.0412800 1.9376774 1.7278655 1.5517337 1.8765570 1.8765570 1.7064531 1.7949877 1.7393222 1.7393222 1.7393222 1.7884650 1.7884650 1.7600905 1.7548325 1.8357254 1.8874139 1.8693858 1.9171884 1.9171884 1.8424306 1.5705920 1.6158504 1.9504037 1.8104120 1.7728704 1.9383731 1.9484625 2.1636179 1.8599532 2.1132171 1.9304648 2.1372701 2.1824130 2.5185269 3.4853428 
Salpun_EP00053_Salpingoeca_punica_P004631                           2.5931615 1.3624195 1.5277227 1.2990312 1.2752212 0.9914521 1.1519478 1.2230538 0.8475277 0.9704012 0.9780998 1.0139680 0.9166632 1.0777411 0.8957756 0.0000000 0.9199703 1.4314653 0.8502681 1.2221296 1.1482690 1.6806877 1.7113365 1.6166547 1.5576992 1.4389433 1.6298861 1.7484139 2.1412263 2.2012494 2.4639896 1.9632502 2.4362340 2.4354469 1.7998453 2.2388935 2.5416467 2.1092455 2.2376323 2.3530666 2.2787161 2.2999124 2.3374320 2.2985075 2.0018189 2.1031878 2.1150595 2.0036836 2.2846024 2.3407765 2.1259555 2.3872449 2.1196653 2.1703888 2.2407200 2.2407200 2.2449838 2.5220434 2.5220434 2.4817697 2.7974363 2.3346464 2.1349593 2.2291112 1.9905608 2.5198313 2.2885672 2.1098738 2.0263536 2.0743698 2.1375509 2.1245732 2.0846681 2.0462720 2.2426061 2.0089009 2.3795493 2.3795493 1.8946962 2.3777715 1.9972720 2.0053254 2.1503511 2.2725550 1.8669437 2.3663938 2.3105477 2.3824036 2.3736621 1.7462204 2.1801535 2.3057304 2.3670369 2.1959144 2.3453878 2.4693172 2.5030899 2.2945913 2.1507442 2.1147157 2.2607427 1.9718555 2.4409765 2.1924155 2.4217246 2.6213149 3.0005748 4.1422171 
Salkve_EP00050_Salpingoeca_kvevrii_P011287                          2.7247168 1.2090472 1.2041547 1.3210898 1.1900836 0.9884224 1.2301240 1.2622496 0.9217819 0.8852051 0.8947461 0.9219592 1.0834627 0.9571983 0.8936456 0.9199703 0.0000000 0.3354161 0.9872851 0.9174373 1.2397161 1.6881491 1.7259332 1.5012493 1.3708455 1.2176445 1.5570909 1.4842668 1.9338709 1.8624801 2.1882955 1.6550366 2.0942840 2.0942840 1.7176191 1.9861961 1.9984431 1.8643996 2.0291908 2.1550907 2.1082051 2.1410629 2.1741815 1.9953745 1.8699103 1.9360019 1.8892224 1.9045872 1.8648296 2.0666597 1.8983132 1.9578274 1.8243424 1.8397285 1.8457448 1.8713002 1.8802735 2.0330725 2.0330725 2.6412041 2.4643419 2.0691354 2.0697030 2.0983932 1.9863543 2.0556136 1.9042798 2.1066178 2.1930297 2.2856927 2.0412902 1.9809225 1.9737300 1.9044190 2.1038587 1.9606918 2.1914123 2.1914123 1.5548121 2.2019106 1.7756011 1.7031027 1.9608006 2.0242091 1.5254326 2.0758381 2.0602186 2.2032970 2.1299956 1.5531539 2.0195151 2.1041171 2.2536638 2.0076435 2.0187841 2.2466110 2.4640802 2.0293605 2.1268282 2.1626016 2.4337885 1.9017154 2.3615636 2.1274984 2.6130804 3.0633902 3.2241411 3.4047041 
Salkve_EP00050_Salpingoeca_kvevrii_P011288                          3.8364771 1.7255663 1.7604119 1.5362380 1.1900836 1.5338867 2.0994231 1.4093709 1.3939643 1.3581187 1.4576425 1.4477006 1.2671713 1.3639203 0.8662231 1.4314653 0.3354161 0.0000000 1.5977739 1.4530449 1.8058670 2.0443714 1.8375537 1.7737776 1.6188158 1.5103019 1.8452644 1.4842668 2.3989393 2.3320590 2.8566010 1.9260328 2.7056190 2.7056190 2.3192413 2.4237722 2.6064695 2.4433373 2.5310707 2.5604330 2.7520381 2.7552032 2.8070674 2.6480302 2.4009306 2.4638230 2.5069191 2.4736324 2.4533786 2.7694879 2.5578788 2.7944422 2.3937679 2.4178386 2.4225615 2.4597158 2.4004579 2.6367552 2.6367552 3.0787618 2.9047500 2.6348142 2.4005669 2.4218246 2.4703043 2.5469227 2.2106043 2.6205158 2.6594319 2.8335257 2.5141354 2.4056275 2.5257721 2.4232722 2.8984874 2.4425822 2.6843821 2.6843821 1.6034635 2.6237872 2.1502009 2.0968824 2.5245366 2.4850730 1.7574793 2.6426753 2.6217817 2.7711872 2.5641126 1.5616045 2.3385538 2.4332061 2.7925162 2.6482095 2.6648599 2.8840113 2.8824417 2.5489749 2.7602524 2.6854632 2.9667647 2.2684932 3.0188144 2.3902348 3.2472578 3.6751636 4.0119704 3.5542298 
Salmac_EP00052_Salpingoeca_macrocollata_P002098                     2.7522068 1.5265248 1.5282086 1.6035353 1.2630265 1.1665370 1.3542603 1.2971503 1.0049580 1.0105082 1.3435407 1.2188095 1.0693280 1.2809352 1.0831850 0.8502681 0.9872851 1.5977739 0.0000000 1.0860220 1.1437230 1.6848066 1.6896935 1.6093821 1.5856222 1.5156524 1.8515511 1.5594132 1.6236101 1.6111778 1.7585500 1.4282130 1.8528879 1.8839644 1.4833601 1.8240569 1.8411483 1.6304779 1.8680718 1.9899516 1.7556793 1.9207361 1.9487889 1.8984841 1.6509628 1.7966053 1.7277903 1.7180891 1.7409489 1.8005993 1.5475713 1.6293833 1.5436494 1.5548584 1.5078176 1.5289108 1.6028757 1.7723146 1.7723146 2.0414918 2.0934378 1.7749152 1.8417430 1.8858011 1.7148218 1.8152940 1.7293732 1.6712132 1.8312051 1.9095571 1.6709104 2.1064052 1.8668413 1.7584473 1.8827508 1.7671554 2.0382738 2.0382738 1.8154819 2.0566980 1.6811925 1.6767694 1.8478855 1.9132582 1.7384434 2.1191958 2.0901601 2.0040714 1.9729794 1.7625090 1.7820773 1.8784709 1.8768018 1.5401992 1.6472593 2.0848101 1.9399539 1.9847713 1.9940260 2.0897608 2.0033265 1.8323316 2.2024924 1.8614927 2.1634323 2.5313747 2.6493866 3.4113266 
Codhol_EP00042_Codosiga_hollandica_P023584                          2.8642664 1.1994608 1.4032108 1.5254694 1.1041801 1.0292977 1.3052891 1.3040702 1.0466857 1.0256458 1.0531003 1.1668462 1.0675741 1.1258252 1.0205132 1.2221296 0.9174373 1.4530449 1.0860220 0.0000000 1.4059884 1.7035481 1.6221274 1.4825057 1.3503062 1.2887949 1.6206440 1.5713520 1.9470680 2.1305384 2.3410587 1.7613948 2.3033248 2.2918319 2.1918148 1.9596387 2.2255035 1.8858260 2.0978247 2.2063606 2.2499585 2.3798292 2.4201165 2.2158449 2.1907140 2.2476076 2.2702408 2.2054046 2.2966629 2.3045197 2.1643766 2.3859794 2.1442280 2.1410950 2.2189686 2.2189686 2.2397359 2.3959544 2.3959544 2.6135776 2.6280381 2.3267617 2.2501626 2.3546861 2.2228631 2.4124535 2.2605550 2.3869547 2.3806507 2.2719210 2.1852563 2.1856578 2.2710060 2.0770406 2.2870454 2.1859356 2.2404608 2.2404608 1.6021497 2.3104769 1.8748796 1.8037503 2.0770694 2.1514419 1.6578390 2.2833206 2.2062598 2.2273968 2.2291949 1.6318878 2.0504892 2.0512724 2.1596283 2.0686873 2.1959882 2.3329626 2.4925488 2.2373969 2.3688184 2.4279533 2.6527662 2.3326647 2.9407567 2.1780922 2.7407501 2.8116664 3.3498216 3.3051222 
Mylflu_EP00047_Mylnosiga_fluctuans_P004826                          2.9901471 1.3936127 1.3320058 1.3764680 1.2669778 0.9879016 1.1566045 1.4417582 1.0670027 1.2381354 1.2644920 1.3354265 1.2244173 1.3574789 1.3274263 1.1482690 1.2397161 1.8058670 1.1437230 1.4059884 0.0000000 2.1444225 1.9992302 1.7253364 1.9490072 1.6674777 1.7144591 1.3992091 1.9499008 1.7746257 2.0399376 1.6172378 2.3077580 2.2979405 1.7940315 1.9734852 2.0650003 1.9464373 2.0761533 2.2081785 2.0142493 2.2222805 2.1996307 1.9950522 1.9933684 1.8752968 1.9841354 1.9002091 1.9898422 2.0115183 1.8817589 1.8613350 1.8709729 1.8459417 1.9747742 1.9747742 1.9585199 2.0769705 2.0769705 2.1862141 2.0801600 2.3601142 2.1513387 2.1496362 1.9920452 2.1285742 2.0858917 2.0517100 1.9505055 1.9554471 2.0112580 2.1914057 2.1879989 2.0805320 2.1002991 1.9924382 2.0770712 2.0770712 1.8282821 2.0945125 1.8593075 1.8595450 2.0103441 2.1369514 1.8465725 2.2656938 2.2147271 2.3299906 2.1145044 1.6616539 1.8645808 2.0168639 2.1922879 1.9893442 2.0516549 2.2540728 2.0501246 2.2220388 2.1981104 2.4686026 2.5006162 2.0173395 2.5533863 2.1563465 2.0972051 2.5366728 2.6299988 4.1506428 
Acaspe_EP00035_Acanthoeca_spectabilis_P035376                       3.7753570 2.0012183 1.6886619 1.6313745 1.2197009 1.6198904 2.1649451 1.7733624 1.5281803 1.6275138 1.5810356 1.6907761 1.3830501 1.6914616 1.2632837 1.6806877 1.6881491 2.0443714 1.6848066 1.7035481 2.1444225 0.0000000 0.3380493 0.5456456 0.6452949 0.8108037 1.9195880 1.9747568 2.4286636 2.3085444 2.5670315 2.1569343 2.8344153 2.7061084 2.3121349 2.4286403 2.7930478 2.3270308 2.6699367 2.7797234 2.6987798 2.5413241 2.5413241 2.6820886 2.5790483 2.6933294 2.5626642 2.5249880 2.6742235 2.5915646 2.7043362 2.5868739 2.4814669 2.5060859 2.5174933 2.5174933 2.3379424 2.5991459 2.5991459 3.3262035 3.1647522 2.4345492 2.4407241 2.5164367 2.4146868 2.7254895 2.6878084 2.6470538 2.5224111 2.4756465 2.2660177 2.6970253 2.8939563 2.7632539 2.8028494 2.1935229 2.9401627 2.9401627 2.3564592 2.8889297 2.5499212 2.5527712 2.7401063 2.9144332 2.4284541 2.9636867 2.9039219 2.9467154 2.9776730 2.3881589 2.7100850 2.7559052 2.8834435 2.8930100 3.0211937 2.9775269 2.5442214 2.7681557 2.7668716 2.8575675 2.9176934 2.7730616 3.6347514 2.7884478 2.9595989 3.0160016 2.8429547 4.5276603 
Helnan_EP00037_Helgoeca_nana_P018067                                3.5805615 1.6933034 1.4698183 1.5859970 1.3016876 1.5203075 1.9880641 1.6112215 1.4337030 1.6976674 1.6931113 1.5947180 1.3722843 1.8185708 1.3771766 1.7113365 1.7259332 1.8375537 1.6896935 1.6221274 1.9992302 0.3380493 0.0000000 0.6013706 0.7073796 0.7796892 2.1370707 2.2076702 2.4353782 2.3342652 2.5136461 2.1711257 2.6203365 2.6639103 2.1928842 2.4531422 2.6157120 2.4537502 2.5423179 2.6491452 2.5808767 2.6727861 2.6818393 2.6377438 2.5485015 2.6639933 2.5660556 2.4829692 2.5696040 2.6973897 2.7557034 2.6289575 2.5806896 2.6068454 2.5294323 2.5294323 2.4883917 2.6815356 2.6815356 2.9756543 2.8302036 2.6554508 2.5434227 2.5515669 2.5213913 2.8675529 2.7646552 2.8098720 2.4564996 2.3795827 2.2687318 2.6586638 2.8476237 2.7238768 2.6855042 2.2177222 2.5452468 2.5452468 2.0293894 2.4345521 2.3265483 2.2644938 2.3918134 2.5486487 2.1617457 2.4967662 2.4644665 2.5842274 2.5152058 2.0683802 2.6304499 2.6765038 2.4523011 2.3956131 2.4277650 2.4639905 2.5197893 2.4521285 2.3727124 2.5836907 2.6969554 2.4544539 2.7930765 2.7068567 2.7705995 2.9575041 2.8994293 4.4685374 
Stedip_EP00041_Stephanoeca_diplocostata_P006046                     3.3109856 1.5351591 1.3109284 1.3843112 1.1520409 1.2747388 1.7810701 1.6502417 1.3714977 1.4085813 1.3015601 1.3343427 1.2819920 1.5045394 1.3778116 1.6166547 1.5012493 1.7737776 1.6093821 1.4825057 1.7253364 0.5456456 0.6013706 0.0000000 0.6252279 0.7080048 1.5373279 1.6813177 1.8778183 1.7471611 1.9174731 1.7421602 2.5943453 2.5943453 2.0086417 2.3909705 2.3962487 2.2300213 2.2605599 2.2824880 2.3831932 2.5316343 2.5704336 2.3345835 2.0883561 2.1626879 2.0478172 2.1307968 2.0903084 2.1844112 2.0955610 2.1297423 2.1046612 2.1274471 2.1192728 2.1192728 2.0730756 2.1869496 2.1869496 2.3858919 2.3472797 2.2902419 2.3323854 2.3228279 2.1105735 2.4117459 2.4748220 2.4598290 2.1111463 2.1581283 2.0332791 2.2082783 2.5549250 2.3116204 2.2841062 1.9122545 2.0130897 2.0130897 1.7165220 2.0354932 1.9021120 1.8430625 1.9237129 1.9801102 1.7088930 1.9976640 1.9565921 2.0888245 2.0140873 1.8173650 2.2166924 2.3201317 1.9881120 2.0359416 2.1238959 1.9412841 2.0357845 2.2581425 2.2311972 2.4437709 2.4375856 2.3046444 3.0706019 2.5355523 2.6772504 3.0956367 2.9867453 3.8078085 
Diagra_EP00040_Diaphanoeca_grandis_P016428                          3.1780086 1.6590383 1.4075192 1.5472342 1.3225607 1.3174043 1.8364846 1.5754337 1.2525759 1.3948675 1.3837772 1.2755069 1.3858296 1.5168651 1.3759998 1.5576992 1.3708455 1.6188158 1.5856222 1.3503062 1.9490072 0.6452949 0.7073796 0.6252279 0.0000000 0.7657538 1.9048554 2.0386216 2.1727526 2.1766744 2.4796802 1.9992016 2.2918189 2.2918189 1.9760393 2.2751769 2.5514578 2.1191398 2.2141491 2.2312712 2.3782216 2.5476275 2.6332962 2.4042085 2.0983696 2.2197163 2.1404058 2.1934640 2.0285819 2.0953031 2.2777563 2.4679692 2.2468023 2.2973459 2.2536527 2.2536527 2.1348721 2.2404193 2.2404193 2.6648334 2.6237568 2.1538031 2.1254278 2.1693433 2.0678250 2.5394913 2.3208359 2.4536993 2.1901212 2.0939787 2.0820141 2.1622784 2.6259443 2.6309930 2.2962397 2.2383386 2.5130342 2.5130342 2.0209822 2.4157246 2.2610174 2.1621973 2.2989307 2.4008105 2.0601189 2.2986931 2.2519095 2.3377233 2.2341609 1.9813494 2.4293350 2.5340639 2.5872322 2.6321224 2.7132137 2.3750973 2.2568248 2.1364566 2.1456559 2.4104073 2.3764142 2.1835756 2.6890706 2.6210817 2.6997423 2.9528972 2.5406981 3.7735957 
Didcos_EP00039_Didymoeca_costata_P008676                            3.1560967 1.4847818 1.2238813 1.3992459 1.1387388 1.1656366 1.6122552 1.4110812 1.2147477 1.1854591 1.2776398 1.3980902 1.3069523 1.3338871 1.1888299 1.4389433 1.2176445 1.5103019 1.5156524 1.2887949 1.6674777 0.8108037 0.7796892 0.7080048 0.7657538 0.0000000 1.6439354 1.8748366 1.9299098 1.7722994 1.8495138 1.5066006 2.3971428 2.3971428 1.8860860 2.0072024 2.1069327 1.7902504 2.0241524 2.0949725 2.1735033 2.5357249 2.5435688 2.2869939 2.1874465 2.2963706 2.1419911 2.2006402 2.0495532 2.2156276 2.3258473 2.1342702 2.1383386 2.1095746 2.1250530 2.1250530 1.9839490 2.1515224 2.1515224 2.7161440 2.2865720 2.2037287 2.0331074 2.0556616 1.9222891 2.3766452 2.1532398 2.2885472 2.2204529 2.2621028 1.8641702 2.0890006 2.5691207 2.3734152 1.9848851 1.9912711 2.0495980 2.0495980 1.6509459 2.0748694 1.9431985 1.8486038 1.9886816 2.0613039 1.7724424 2.1328814 2.0909595 2.2205880 2.0332213 1.6456916 2.1202395 2.1791988 2.0518344 2.0829524 2.1363452 2.0809174 2.2109973 2.1897117 2.2176079 2.1682430 2.2756619 2.2644407 2.8761311 2.3665354 2.5987260 2.6620132 2.8243545 3.3523408 
Spur_XM_784995.5                                                    3.5542454 1.4230011 1.2324058 1.1415386 1.0617452 1.6553572 2.2140102 2.0894245 1.5621163 1.3799096 1.4977311 1.5602136 1.5333744 1.5769107 1.3500162 1.6298861 1.5570909 1.8452644 1.8515511 1.6206440 1.7144591 1.9195880 2.1370707 1.5373279 1.9048554 1.6439354 0.0000000 1.7887088 2.1534294 1.9689054 2.1457378 1.6177904 2.3427443 2.3168988 2.2701654 2.4004616 2.3142384 2.2660357 2.2854450 2.2781440 2.5098979 2.3244757 2.3623405 2.4184906 2.2708947 2.2041722 2.2039192 2.1834763 2.3334665 2.3833070 2.1812981 2.0910302 2.2188047 2.2466017 2.2696449 2.2696449 2.3359117 2.4017191 2.4017191 2.8647769 2.9220914 2.8944890 2.3145933 2.4235394 2.5003090 2.3497929 2.7721285 2.3657850 2.6541114 2.8396386 2.4703348 2.1577331 2.3033874 2.2192351 2.3500599 2.0013353 2.4548824 2.4548824 2.0654327 2.6378960 2.0339281 1.9358835 2.3415293 2.2861716 1.9208841 2.5731482 2.5387676 2.5617554 2.5679377 1.9771503 2.1769196 2.2876893 2.3861976 2.3597378 2.4190798 2.4906783 2.5461175 2.4166794 2.3921920 2.5637586 2.5724292 2.8458262 3.5807174 2.1405771 2.7430375 2.8910228 3.0612006 3.3190650 
Lcom_lcpid205033                                                    2.1337117 1.4492039 1.6346953 1.4378027 1.4849289 1.4585277 2.1223062 1.4366626 1.4366626 1.5341034 1.8425290 1.7866551 1.7689560 1.6140426 1.6140426 1.7484139 1.4842668 1.4842668 1.5594132 1.5713520 1.3992091 1.9747568 2.2076702 1.6813177 2.0386216 1.8748366 1.7887088 0.0000000 1.0951156 1.0219514 1.0627470 1.1003336 1.4494008 1.4494008 0.9675110 1.3622398 1.3767131 1.0386676 1.0496455 1.0496455 1.1281010 1.4940407 1.4694946 1.2041270 0.7144626 0.6714090 0.6698028 0.7385117 0.8202764 0.8175689 0.7548282 0.6324856 0.7652800 0.7852412 0.8450657 0.8415174 0.8243781 0.8581137 0.8581137 1.2230776 1.0046238 1.0227752 1.1088497 1.1228496 1.0352743 0.9736918 0.8254826 0.8981982 0.9445238 1.1296674 1.1431640 1.0600231 0.8480205 0.7733684 1.3200014 1.0809704 1.3494002 1.3494002 1.2902766 1.2902766 1.2570272 1.2570272 1.2570272 1.1834558 1.1834558 1.2839634 1.2611343 1.2789577 1.2567958 1.2567958 1.2028347 1.2028347 1.2915877 1.0123032 1.0491843 1.2267703 0.9055596 1.4339974 1.6620507 1.4757157 1.4028570 1.4381410 2.8464300 1.2706130 1.3800268 1.7163338 1.5883273 3.3711680 
Lcom_lcpid71792                                                     2.1577645 1.9162679 1.8624593 1.6526866 1.6826953 1.8598453 2.3915149 2.1839480 2.0241628 1.7549454 2.2783661 2.0878523 1.9068978 2.0580278 1.6743400 2.1412263 1.9338709 2.3989393 1.6236101 1.9470680 1.9499008 2.4286636 2.4353782 1.8778183 2.1727526 1.9299098 2.1534294 1.0951156 0.0000000 0.3017936 0.3959480 0.3057711 1.0336375 1.0153291 0.8366813 1.0317075 1.0454717 0.8676965 0.8947955 1.0150227 0.9371837 1.0656957 1.0563931 1.0163265 0.9307720 0.9329412 0.9190981 0.9299412 0.8894866 0.9205817 0.9747805 0.7432370 0.9786863 0.9809972 1.0024539 1.0016175 1.0417693 1.0447156 1.0447156 1.0672550 0.9441859 1.1049872 0.9545597 0.9057732 1.0211248 0.9632549 1.0151665 0.8713407 1.1099275 1.0207947 1.0869344 0.9385758 1.0931408 1.1048997 0.9831618 1.1660704 1.1533796 1.1533796 1.1879793 1.1463439 1.0954809 1.0708368 1.1753200 1.1546286 1.2748596 1.1642323 1.1326279 1.1500949 1.2314130 1.2326763 1.1028106 1.1514794 1.1199151 0.9104619 0.8950389 1.1225228 1.0346533 1.1682374 1.2604071 1.2391182 1.3436318 1.2043226 1.4061600 1.1695854 1.2294651 1.2692935 1.3490633 2.9468043 
Scil_scict009952.1                                                  2.0700305 1.8674506 1.6748797 1.6722718 1.5689888 1.7077047 2.2197143 2.0257292 1.7969218 1.5866397 2.0798786 1.8996169 1.7578666 1.9287375 1.6056461 2.2012494 1.8624801 2.3320590 1.6111778 2.1305384 1.7746257 2.3085444 2.3342652 1.7471611 2.1766744 1.7722994 1.9689054 1.0219514 0.3017936 0.0000000 0.3474646 0.3229209 1.2601858 1.2438854 0.8485551 1.1041377 1.0065485 0.9621967 0.9705559 1.0810766 0.9940895 1.0974008 1.0978649 1.1212058 0.9872792 0.9367894 0.9015372 0.9851637 1.0082361 0.9762990 1.1251784 0.8681597 1.0574096 1.0598550 1.0872204 1.0860559 1.0619475 1.0899560 1.0899560 1.1778457 1.0616622 1.1914812 0.9873507 0.9777511 1.1522318 0.9818797 1.1071520 0.9716864 1.1169643 0.9656438 1.0875948 1.0068034 1.2370472 1.1709780 1.1358789 1.2304210 1.0699067 1.0699067 1.2735036 1.1617203 1.1153789 1.1455557 1.1768313 1.1230427 1.2544983 1.1523334 1.1273229 1.1472117 1.2737170 1.2768043 1.0903160 1.1580401 1.0720925 0.8872893 0.8666967 1.1468122 1.1335599 1.2320910 1.3112001 1.3094663 1.4349369 1.3354187 1.5625150 1.0817641 1.2498226 1.3132129 1.2546663 2.9709405 
Gracom_Gcom_scaffold15074_01                                        2.1186849 2.0743071 1.8364142 1.8921126 1.6841647 1.9257180 2.3915752 2.0252147 1.8835571 1.7865862 2.2904880 2.0576563 1.9035981 2.1060593 1.7204978 2.4639896 2.1882955 2.8566010 1.7585500 2.3410587 2.0399376 2.5670315 2.5136461 1.9174731 2.4796802 1.8495138 2.1457378 1.0627470 0.3959480 0.3474646 0.0000000 0.3783303 1.3436906 1.3272720 0.9190292 1.1502425 1.0783735 0.9911236 0.9616322 1.0297288 1.0165348 1.1318041 1.1220193 1.1438633 1.0503773 1.0333682 1.0029683 1.0304571 1.1469120 1.0721615 1.0729225 0.8522211 1.0039155 1.0062829 1.0752852 1.0665098 0.9980663 1.0992504 1.0992504 1.2078973 1.0919158 1.1242186 0.9929580 0.8915001 1.1308585 0.9704316 1.0603657 1.0273555 1.2236142 1.1423124 1.2497429 1.1188451 1.4225095 1.3545048 1.1382183 1.2150443 1.1458046 1.1458046 1.2115418 1.2142634 1.0896115 1.1008491 1.1434053 1.1750842 1.2600653 1.2303283 1.2096412 1.2199704 1.1968254 1.1617982 1.1303638 1.1871894 1.1720918 1.0161060 0.9763350 1.1395867 1.2095109 1.3970585 1.4593243 1.4526883 1.4815844 1.3999177 1.5827221 1.2206147 1.3386993 1.3622794 1.5122207 3.2957496 
Leuniv_Lniv_C784821_01                                              2.1742067 1.6242893 1.6411946 1.5222317 1.7447600 1.5385241 2.1310817 1.7027036 1.6413973 1.5928875 2.1454569 1.8834362 1.7887787 1.7998840 1.6814126 1.9632502 1.6550366 1.9260328 1.4282130 1.7613948 1.6172378 2.1569343 2.1711257 1.7421602 1.9992016 1.5066006 1.6177904 1.1003336 0.3057711 0.3229209 0.3783303 0.0000000 1.1968943 1.1968943 0.7681306 1.0117854 1.0355748 0.8675594 0.9414878 0.9414878 1.0034189 1.1943300 1.1809908 0.9859472 0.8879334 0.9216786 0.8793259 0.9428038 0.9288622 0.9682991 0.9369167 0.7642449 1.0742435 1.0777142 1.1535343 1.1408452 1.0484584 1.1531469 1.1531469 1.1348645 0.9475914 1.0299190 1.0192845 0.9798581 1.0659508 1.0265990 0.9453241 0.9530120 1.0473782 0.9783591 0.9948647 0.9204351 1.0464621 1.0722188 0.9799674 1.1482912 1.0757122 1.0757122 1.0297619 1.1620405 1.1477322 1.1477322 1.1477322 1.1217814 1.0841830 1.2092297 1.1533643 1.1161336 1.1864169 1.0812212 1.1059429 1.1059429 1.1312027 0.9005650 0.8696542 1.2335042 1.0163636 1.1332644 1.1629899 1.1968323 1.1145784 1.0554852 1.3680842 0.9967572 1.1694315 1.2935319 1.2487435 3.2503486 
Opea_EP00118_Oscarella_pearsei_P026198                              2.2897114 2.0500084 1.9906671 1.9436271 1.9748335 2.3435906 2.9454489 2.3006977 2.0577469 2.2345101 2.4077655 2.1971968 2.0722501 2.2959087 1.7618611 2.4362340 2.0942840 2.7056190 1.8528879 2.3033248 2.3077580 2.8344153 2.6203365 2.5943453 2.2918189 2.3971428 2.3427443 1.4494008 1.0336375 1.2601858 1.3436906 1.1968943 0.0000000 0.0000010 0.7379678 1.0599604 1.1135216 1.1049967 1.0742862 1.2243315 1.0492468 1.2540105 1.2539480 1.1782815 1.1738106 1.2005359 1.2314659 1.1681176 1.1723338 1.2385833 1.1288844 0.9935154 1.1593829 1.1556015 1.1700161 1.1706302 1.2026347 1.1756669 1.1756669 1.2286643 1.1118490 1.1141655 1.1264460 1.1630174 0.9793727 1.0431067 1.0163047 1.0820108 1.1251214 1.1687506 0.9962862 0.9872144 1.0947159 1.0926556 1.1618629 1.3017090 1.4781603 1.4781603 1.3071740 1.3882425 1.3796717 1.3749459 1.4601425 1.3803566 1.4240355 1.4273788 1.3920707 1.4554554 1.4447155 1.4004149 1.2842105 1.3801099 1.4383899 1.3402030 1.2873109 1.4014871 1.4312935 1.3714819 1.3233371 1.2275551 1.2378005 1.3188394 1.6620247 1.3188660 1.5039531 1.7239285 1.8587416 3.7164038 
Ocar_g7213                                                          2.1871756 1.9410596 1.9476142 1.9436271 1.9748335 2.2904758 2.8810467 2.2629721 2.0577469 2.2145933 2.3865556 2.1762664 2.0722501 2.2150059 1.7618611 2.4354469 2.0942840 2.7056190 1.8839644 2.2918319 2.2979405 2.7061084 2.6639103 2.5943453 2.2918189 2.3971428 2.3168988 1.4494008 1.0153291 1.2438854 1.3272720 1.1968943 0.0000010 0.0000000 0.6861032 1.0444421 1.1135216 1.0865987 1.0510785 1.1935787 1.0492468 1.2540105 1.2539480 1.1782815 1.1572129 1.1839644 1.2148641 1.1516138 1.1558799 1.2219095 1.1288844 0.9935154 1.1426493 1.1388288 1.1532204 1.1538525 1.1860324 1.1588456 1.1588456 1.2286643 1.0953173 1.1141655 1.1264460 1.1630174 0.9793727 1.0431067 1.0163047 1.0820108 1.1251214 1.1687506 0.9962862 0.9824360 1.0697230 1.0675433 1.1192150 1.2969035 1.4047919 1.4047919 1.3071740 1.3517786 1.3796717 1.3749459 1.4601425 1.3472168 1.4240355 1.3712960 1.3362900 1.4242979 1.3714947 1.3293622 1.2842105 1.3801099 1.4267355 1.3249015 1.2715386 1.3588752 1.4312935 1.3254483 1.3051254 1.1633095 1.1745189 1.2623383 1.5860759 1.3188660 1.4988586 1.6442325 1.7518174 3.5776079 
