100
Emue_Em0008g395a.t1                                0.0000000 0.0036150 0.1484779 0.7007919 0.6091200 0.9688377 1.2676472 0.9097543 1.5488318 1.0823640 1.0661330 1.1743947 1.1426751 1.1896655 1.1579857 1.1589049 0.7624214 1.4351925 1.1272232 1.0942820 1.2633232 1.1741072 1.1935944 1.1355532 1.5173527 1.2105175 1.3138188 1.1357828 1.1996538 1.2465582 1.2692997 1.2416036 1.1758278 1.1972927 1.2114718 1.2074708 1.2105334 1.2163717 1.2227378 1.2487943 1.6046055 1.2083070 1.3573556 1.6643436 1.5290882 1.5277549 0.9326203 1.5139008 1.6085261 1.6548779 1.5420974 0.8786323 1.5488437 1.5444908 1.5146346 1.4617198 1.5922309 1.8589593 1.8536335 1.7321357 1.6272393 1.5614576 1.5614576 1.3262618 1.6129536 0.9720101 1.0397144 1.4691129 1.4762439 1.5537967 1.7052376 1.9114471 1.6792322 1.7371600 2.0727515 1.6720378 1.7450891 1.7713268 1.5202999 1.6588040 1.6245058 1.5651720 1.6251910 1.9603098 1.3389499 1.9577609 2.0209606 1.9481549 1.9941869 1.7184307 1.9606776 1.8839916 1.9180784 1.6289168 2.2113111 1.7748224 1.7857132 1.0434933 1.2833944 1.7982118 
Emue_Em0030g23a.t1                                 0.0036150 0.0000000 0.1467464 0.6910077 0.5879372 0.9916825 1.3085520 0.9249229 1.5488318 1.0445638 1.0268958 1.1339537 1.1163947 1.1537241 1.1236341 1.1286788 0.7624214 1.4351925 1.1001489 1.0917559 1.2301673 1.1551643 1.1470779 1.0884332 1.5173527 1.1892750 1.2732381 1.1138672 1.1615648 1.2240287 1.2501532 1.2024731 1.1517165 1.1785088 1.1927603 1.1892411 1.1921620 1.1978430 1.2038997 1.2322973 1.5453363 1.1996297 1.3318429 1.6460646 1.5017026 1.4877744 0.9326203 1.4868854 1.5733573 1.6548779 1.5238724 0.8786323 1.5322339 1.5278734 1.5023147 1.4502819 1.5822464 1.8053991 1.8213646 1.7161158 1.6272393 1.5399580 1.5399580 1.3262618 1.5963413 0.9720101 1.0456981 1.4691129 1.4600382 1.5520980 1.7004938 1.9114471 1.6947461 1.7088895 2.0449051 1.6877123 1.7522341 1.7713268 1.5430460 1.6441297 1.6245058 1.5308838 1.6474078 1.9996459 1.3389499 1.9721333 2.0398791 1.9526229 1.9965026 1.7071541 1.9770998 1.8513112 1.9300539 1.6906391 2.2089586 1.8428009 1.6107716 1.0434933 1.2833944 1.7982118 
Spolac_c99540_g1_i1_m.19941c99540-g1               0.1484779 0.1467464 0.0000000 0.6795166 0.5488883 1.0002460 1.2948107 0.9090899 1.6073494 1.0601944 1.0256583 1.1196887 1.0751985 1.1251224 1.0890954 1.0925193 0.7312898 1.5234092 1.0608363 1.0698315 1.2053312 1.1373644 1.1567710 1.0198387 1.5027700 1.1796591 1.2792747 1.1323477 1.1474312 1.1986953 1.2685334 1.2412934 1.1859052 1.1734249 1.1750233 1.1880096 1.1909165 1.1883049 1.1886343 1.2085528 1.4651855 1.1832729 1.2991774 1.7021288 1.4940922 1.4830397 1.0976918 1.5365708 1.6163212 1.6874560 1.5815834 0.9993573 1.5755594 1.5772560 1.5440950 1.4952806 1.5923127 1.8266796 1.8050041 1.7466348 1.6633491 1.5486810 1.5486810 1.3647219 1.6171738 0.9528014 0.9991561 1.5358817 1.5211424 1.5835472 1.7040600 1.9197504 1.6827631 1.6872786 1.9962842 1.6778542 1.7600965 1.8002033 1.5819618 1.6111772 1.4106716 1.5470716 1.6351408 2.0298875 1.3500186 1.9985551 2.0345778 2.0137933 2.0216546 1.7326397 1.9865171 1.8765306 1.9084936 1.6994648 2.2764959 1.8420708 1.5750365 1.1083294 1.2260957 1.7204898 
Tetwil_g8388.t2                                    0.7007919 0.6910077 0.6795166 0.0000000 0.3927588 0.9659908 1.3220534 0.8641044 1.5353932 0.9980494 0.9729323 1.0752464 1.0301203 1.1703786 1.1101249 0.9964730 0.8375734 1.2824495 0.9783309 1.0245428 1.1256821 1.0161888 0.9892776 0.9914815 1.2183962 1.0350559 1.1592549 1.0532793 1.1006238 1.1501805 1.1143231 1.1250659 1.1141192 1.1953392 1.1873522 1.1681297 1.1669935 1.1928499 1.1926575 1.1170219 1.3981061 1.1202660 1.2088690 1.7612835 1.4948606 1.4688853 0.9567847 1.5205986 1.6163316 1.5538366 1.5049880 0.9672397 1.4922529 1.4492252 1.4514749 1.3856925 1.5193731 1.7195351 1.7820329 1.8159667 1.7538004 1.4692569 1.4692569 1.2756656 1.5212246 0.8741334 0.8847779 1.4535133 1.5020908 1.5405334 1.8300536 2.4052319 1.8124231 1.7168315 2.0519157 1.6945473 1.9014110 1.6988370 1.5330827 1.6020978 1.3676534 1.5201158 1.6291664 2.0045655 1.5007032 1.8078987 2.0862728 1.9510101 2.0812181 1.7921745 2.1229205 1.8459912 1.8947931 1.7537464 2.0872073 1.7585999 1.5338301 0.4575067 1.1517400 1.5445272 
Stycar_maker-SC_scaffold13140-snap-gene-0.4-mRNA-1 0.6091200 0.5879372 0.5488883 0.3927588 0.0000000 1.0394605 1.5389113 0.9653837 2.0184014 0.8873354 0.8873354 1.0436224 1.0023588 1.1628762 0.9522557 0.7912167 0.0000010 0.7680990 0.8311152 0.9092901 0.8837257 0.9402463 0.8749868 0.8593454 1.5754387 1.0340264 0.9804297 0.9233848 0.9934160 0.9887308 0.9994282 0.9748592 1.2157064 1.0118224 1.0021122 0.9685054 0.9685054 1.0264385 1.0264385 1.0640354 1.1100655 1.0424087 1.1257459 1.8664137 1.6726526 1.5916889 0.0000010 1.6677900 1.6677900 1.0306001 1.6339670 0.0000010 1.7901659 1.8218802 1.7901659 1.8182911 1.8608672 1.8182911 1.8664137 1.8956264 1.7397287 1.7314719 1.7314719 0.0000010 1.8033843 0.0000010 0.9430358 1.6855998 1.4070884 1.3845274 1.9029866 9.0000000 2.1410396 1.7673916 1.9183555 1.9354166 2.4730121 0.0000010 1.8249830 1.6660808 0.0000010 1.5989350 1.7878487 2.7942030 0.0000010 2.8922420 2.7186657 2.2021985 2.2794930 1.7429352 2.2253082 1.8073572 2.0723323 1.9520189 2.3817698 1.0928732 1.4647233 0.0000010 0.0000010 1.8777282 
Aque_Aqu2.1.19906_001                              0.9688377 0.9916825 1.0002460 0.9659908 1.0394605 0.0000000 0.2341733 0.3042481 1.6374007 1.1688053 1.1589562 1.2934595 1.1915070 1.3361761 1.2965843 1.2336731 0.8753627 1.4110330 1.1610794 1.3144596 1.3182004 1.2417411 1.3075510 1.1399395 1.4366977 1.2988176 1.3567653 1.1956744 1.2509960 1.2793442 1.2888976 1.2149535 1.3731223 1.3676305 1.3312031 1.3504506 1.3492517 1.3514317 1.3440440 1.3362535 1.6026500 1.2975185 1.3554451 1.6508527 1.5526460 1.5269524 1.1480237 1.5805342 1.6192525 1.7783633 1.5686955 1.1033005 1.4591863 1.4640533 1.4572651 1.4176952 1.5487059 1.7511301 1.6888975 1.7355121 1.8119149 1.5421787 1.5421787 1.2756510 1.7677544 1.0959110 1.1501542 1.3024243 1.5991248 1.6343782 1.7873991 2.0742125 1.7502445 1.7196010 2.0246244 1.7405650 1.8931830 1.8567106 1.6135511 1.6260196 1.3304227 1.6368200 1.7203557 2.0319263 1.6326669 1.9854750 2.2166469 1.9926323 2.0666071 1.9545496 2.2625483 1.8101723 2.0386109 1.8163588 2.1795364 1.6129616 2.0959764 1.0736455 1.2337028 1.7638955 
Aque_Aqu2.1.10956_001                              1.2676472 1.3085520 1.2948107 1.3220534 1.5389113 0.2341733 0.0000000 0.6132942 8.9999989 1.7343833 1.7343833 1.7343711 1.8944938 1.9121325 1.8611226 1.8436950 0.7982853 5.9596004 1.8379579 2.7311185 1.8305149 1.2923077 1.4458110 1.4664019 8.9999984 1.8263650 1.8126422 1.7334842 1.8245218 1.7333693 1.5781189 1.6797123 2.0687796 2.0970153 2.1010284 2.1210957 2.1210957 2.0371352 2.0371352 1.8767241 1.8207519 1.8885145 2.0287835 2.3566679 2.2412173 1.7190511 0.0000010 2.3543845 2.3543845 6.1668232 2.3161307 0.0000010 2.1777743 2.0459913 2.2708245 2.5657378 2.4624686 2.2355129 2.3566679 2.3104581 3.7494057 2.3361213 2.3361213 1.6243461 2.5476841 0.9852606 1.7564158 8.9386351 2.2751184 2.4067346 2.6194550 9.0000000 2.4900380 2.3989000 2.9504434 2.8912042 2.5837171 1.7060912 2.5135330 2.2597028 0.0000010 2.4099404 2.3055166 2.0835122 0.0000010 2.7915704 3.0164788 2.9610966 2.7743420 3.0349106 2.8068719 2.5122845 2.7842015 3.2733053 3.4614228 4.7007103 1.9867095 0.0000010 9.0000000 3.1700468 
Halamb_c51530_g2_i1m.30784                         0.9097543 0.9249229 0.9090899 0.8641044 0.9653837 0.3042481 0.6132942 0.0000000 1.6277271 1.1581529 1.1182067 1.2249335 1.1513508 1.2280595 1.1567556 1.1541150 0.8437264 1.4502183 1.1009583 1.1222137 1.2058207 1.1374679 1.1120723 1.1143816 1.3551344 1.2373977 1.2456702 1.1242156 1.1470096 1.1770536 1.1658907 1.1822221 1.3186701 1.2300907 1.1927256 1.2226839 1.2215499 1.2151002 1.2084413 1.2451183 1.4991261 1.2697159 1.2684553 1.5420107 1.4002412 1.3895535 1.0876266 1.4436433 1.4804913 1.5427611 1.4169524 1.0328988 1.3570905 1.3420362 1.3752912 1.4045574 1.4487217 1.6626621 1.6042928 1.6676640 1.7086002 1.4966759 1.4966759 1.2438754 1.6243037 0.9968147 1.0509610 1.3871664 1.4787475 1.5390143 1.7041552 1.8016371 1.7550478 1.6919833 1.9468964 1.7456939 1.7761927 1.8029741 1.4891600 1.4495012 1.1775640 1.5854063 1.6543359 1.9432040 1.4972121 1.8661116 2.0674857 1.9332213 1.9689550 1.8574552 2.1230584 1.7741425 1.8707524 1.5948192 1.9626519 1.5996299 2.0503978 1.0224889 1.2969534 1.7561677 
Lcom_lcpid178969                                   1.5488318 1.5488318 1.6073494 1.5353932 2.0184014 1.6374007 8.9999989 1.6277271 0.0000000 0.7255169 0.6746760 0.5591211 0.9473814 1.0741506 0.9440048 1.2441022 0.0000010 1.5618145 1.1011696 1.5407538 1.8677918 3.9881240 1.6550201 5.0889735 1.0416761 1.1047562 1.3418440 1.5667902 1.5796683 1.6339631 1.9525751 1.7620649 1.1032090 1.3092932 1.2884401 1.2492407 1.2492407 1.2860439 1.2860439 1.4147010 2.1800257 1.3061537 1.3029460 1.7974332 1.4206158 2.6771085 0.0000010 1.7146695 1.7146695 1.7146695 1.7230780 0.0000010 1.8808120 1.4011338 1.3825444 1.4684787 1.2759717 1.3230465 1.3432412 1.2711468 1.2711468 1.4597072 1.4597072 0.0000010 1.9807459 0.0000010 1.2806110 1.1586513 1.4889625 1.3050524 1.4284447 8.9999987 1.3774310 1.3815341 1.5831051 1.3987398 0.0000010 0.0000010 1.3210923 1.3711980 1.0500162 1.6461952 1.5360415 2.1867974 0.0000010 1.8184392 2.3973800 2.2270799 2.3590380 1.9295121 2.1772942 1.4852211 1.5768214 1.2754293 2.0719312 1.5476636 1.1067066 0.0000010 1.4826452 1.1374814 
Acagra_model.g11850.t1                             1.0823640 1.0445638 1.0601944 0.9980494 0.8873354 1.1688053 1.7343833 1.1581529 0.7255169 0.0000000 0.0037335 0.3846875 0.6423503 0.6595566 0.6549108 0.7719804 0.7480128 1.0887888 0.6841810 0.8448216 0.8389961 0.8435259 0.7304428 0.6814978 0.8932318 0.8576975 0.9169228 0.8206497 0.8603311 0.8605573 0.9291936 0.8988240 0.8475842 0.9669085 0.9663364 0.9338575 0.9340482 0.9321288 0.9268042 1.0790580 1.3476540 0.9705762 0.8568859 1.5831162 1.2772487 1.3005171 1.0020838 1.3424964 1.4378398 1.3538732 1.3227403 0.9576907 1.3307534 1.3083440 1.2964298 1.2775614 1.3740722 1.5232658 1.4960658 1.5087801 1.5240143 1.2695210 1.2695210 1.1905729 1.5662457 1.1411196 1.0529906 1.0922666 1.2034107 1.2579009 1.4833360 1.8286439 1.5068740 1.4445561 1.7308116 1.3982564 1.4734499 1.2464228 1.3579138 1.3967688 1.2184058 1.2811705 1.4611164 1.8297846 1.4189762 1.7652434 1.8971712 1.7488217 1.8427623 1.5251874 1.6859818 1.4623986 1.8020233 1.5208555 2.0244590 1.2909587 1.3467634 1.1243425 1.0191361 1.3891456 
Acagra_model.g11850.t1.1.5d3b86bf                  1.0661330 1.0268958 1.0256583 0.9729323 0.8873354 1.1589562 1.7343833 1.1182067 0.6746760 0.0037335 0.0000000 0.3728874 0.6467123 0.6322582 0.6334665 0.7498947 0.7480128 0.9748223 0.6567005 0.8448216 0.7796774 0.8356833 0.7107092 0.6814978 0.8074694 0.8225391 0.8537924 0.7730485 0.7966626 0.7868023 0.8951083 0.8455457 0.8343308 0.9416270 0.9419594 0.9184464 0.9186426 0.9199882 0.9144072 1.0272019 1.3002324 0.9550845 0.8166912 1.5831162 1.2648996 1.2917058 1.0020838 1.3158638 1.4130364 1.2371792 1.2917187 0.9576907 1.3307534 1.3037747 1.2823109 1.2763217 1.3674481 1.5232658 1.5190156 1.5162876 1.5411290 1.2555743 1.2555743 1.1905729 1.5301943 1.1411196 1.0365954 1.1427474 1.1491181 1.2164612 1.4837422 1.7477635 1.4952541 1.4233041 1.7270146 1.4342022 1.4734499 1.2464228 1.3596026 1.3862587 0.9409510 1.2791096 1.3806305 1.8352364 1.4189762 1.7904400 1.8846974 1.7247631 1.8233082 1.5419771 1.6563416 1.4752336 1.8142350 1.4351904 2.0469888 1.0492043 1.3932165 1.1243425 1.0191361 1.3690618 
Cgig_XM_011436881.3                                1.1743947 1.1339537 1.1196887 1.0752464 1.0436224 1.2934595 1.7343711 1.2249335 0.5591211 0.3846875 0.3728874 0.0000000 0.7692433 0.8305631 0.7306485 0.8723781 0.7695921 1.1170388 0.7767663 0.9435720 0.9117558 0.9350264 0.7958824 0.7824711 0.8537009 0.9838099 0.9944026 0.9289220 0.9577315 0.9437107 1.0519746 1.0888149 1.0013928 0.9605134 0.9668647 0.9676075 0.9666477 0.9787686 0.9732472 1.1673502 1.4689181 1.1518020 0.9363862 1.5873581 1.3025260 1.4287983 1.2540733 1.4266841 1.5033826 1.2883131 1.4092120 1.1932747 1.3832055 1.3686117 1.3191383 1.2740792 1.3734900 1.5069455 1.4679511 1.3938390 1.3093419 1.3300225 1.3300225 1.3086950 1.6490210 1.1607208 1.1650448 1.0740279 1.2811577 1.3703401 1.6252763 2.1209669 1.6368379 1.5838946 1.8551127 1.4391361 1.5472833 1.3410505 1.4295236 1.4630263 1.2151673 1.4153383 1.5229497 1.9574282 1.5152235 1.8326816 1.9130223 1.8885495 1.9671044 1.5978927 1.7103811 1.5663112 1.9208247 1.5725390 2.0822931 1.4534753 1.4471619 1.6010678 1.1463043 1.2298761 
Bralan_BLAG13000751_1                              1.1426751 1.1163947 1.0751985 1.0301203 1.0023588 1.1915070 1.8944938 1.1513508 0.9473814 0.6423503 0.6467123 0.7692433 0.0000000 0.6810321 0.5913502 0.7455124 0.6771389 0.7543383 0.6676580 0.7182070 0.7730310 0.8065773 0.7044950 0.6416257 0.8192054 0.8955518 0.9548742 0.8106722 0.8378074 0.8950503 0.8815840 0.9630719 0.7398191 0.9534494 0.9445355 0.9488107 0.9490066 0.9387568 0.9386455 1.0477318 1.3292599 1.0258960 0.8938294 1.3505054 1.2418667 1.2576879 0.9283874 1.2110039 1.2860458 1.2417574 1.2128656 0.8819932 1.2668452 1.2367088 1.2435085 1.1884831 1.2338657 1.4103411 1.4026220 1.4304863 1.3875018 1.1454177 1.1454177 1.0175771 1.4400895 1.0694581 1.0777394 1.2349976 1.2242661 1.2832364 1.5192448 1.7820729 1.5166798 1.3506394 1.5889029 1.4295435 1.5664532 1.3517514 1.2614465 1.3320516 1.2100148 1.2645590 1.5337424 1.9300931 1.3985015 1.7835318 1.8506808 1.8214686 1.9501936 1.5976248 1.7919458 1.4692862 1.7497889 1.3895953 2.1107102 1.2803388 1.4446548 1.2595507 1.1090415 1.3517173 
Spur_XM_030995947.1                                1.1896655 1.1537241 1.1251224 1.1703786 1.1628762 1.3361761 1.9121325 1.2280595 1.0741506 0.6595566 0.6322582 0.8305631 0.6810321 0.0000000 0.5188243 0.7571770 0.7002029 0.8541524 0.6594783 0.7642613 0.7813009 0.8121532 0.7475118 0.6809072 0.7431636 0.8901295 1.0322074 0.9456463 0.9389986 0.9889148 0.9631269 0.9896502 0.8240379 0.9905124 1.0103592 1.0175346 1.0177551 1.0004909 1.0007844 1.1607032 1.5156710 1.0831332 1.0491194 1.5810765 1.3913642 1.4851302 1.3666276 1.4631838 1.5205263 1.4145272 1.4512176 1.2374606 1.5294942 1.5041430 1.4551352 1.4366774 1.4361514 1.6383474 1.5108942 1.5283607 1.5506035 1.4022233 1.4022233 1.3331748 1.6180409 1.2816449 1.2597551 1.2069013 1.3116496 1.3450597 1.5639586 1.9108525 1.5792530 1.4887445 1.7867043 1.4588761 1.4780105 1.3495981 1.3595292 1.4706820 1.2040924 1.4171736 1.6430211 1.9919239 1.4126322 1.8569924 2.1175347 1.8787873 1.8197220 1.7120078 1.8791419 1.5915279 1.8456928 1.3767975 2.3150010 1.3627336 1.2369149 1.6282082 1.1736485 1.2641972 
Skow_XM_006812199.1                                1.1579857 1.1236341 1.0890954 1.1101249 0.9522557 1.2965843 1.8611226 1.1567556 0.9440048 0.6549108 0.6334665 0.7306485 0.5913502 0.5188243 0.0000000 0.6991815 0.5567217 0.7917506 0.5644183 0.7397520 0.7719060 0.7496338 0.7174838 0.5785440 0.7338511 0.8136654 0.9104232 0.8321186 0.8082866 0.8711022 0.8506736 0.9706675 0.7579859 0.8662509 0.8898818 0.8781965 0.8783691 0.8782141 0.8784834 1.1574330 1.3774860 1.0266736 0.9412526 1.5415087 1.3929071 1.4627708 1.2661949 1.4412041 1.4810360 1.4409282 1.4614765 1.1558864 1.4772608 1.4551353 1.4152183 1.3611798 1.4328796 1.5302013 1.5253134 1.4717953 1.4168891 1.4180181 1.4180181 1.4360102 1.6374655 1.1771778 1.1339656 1.0519115 1.2873776 1.2943701 1.5679266 2.0891491 1.5519627 1.4342490 1.7398356 1.4659449 1.5932906 1.3783168 1.4266702 1.4076658 1.0989155 1.4038264 1.6074770 1.8237560 1.4543802 1.7898407 1.9046092 1.8144832 1.8516290 1.6427794 1.8165463 1.6001768 1.8305098 1.3186040 1.8727090 1.1559397 1.2863494 1.4674148 1.2231822 1.3765216 
Spis_XP_022799740_1                                1.1589049 1.1286788 1.0925193 0.9964730 0.7912167 1.2336731 1.8436950 1.1541150 1.2441022 0.7719804 0.7498947 0.8723781 0.7455124 0.7571770 0.6991815 0.0000000 0.0457078 0.1761252 0.1253273 0.2272365 0.2148682 0.2851801 0.1659381 0.3707220 0.3778752 0.6826795 0.7528795 0.7072354 0.6871016 0.6720540 0.8495599 0.7843238 0.8599148 0.8860482 0.8782149 0.8735756 0.8726922 0.8662395 0.8646397 0.9582973 1.2446190 0.9231704 0.9860537 1.4673233 1.3220035 1.4048430 1.0636071 1.3955624 1.4577652 1.1709635 1.4168265 1.0397975 1.3619180 1.3470933 1.2920477 1.2363725 1.3438652 1.6133767 1.4456139 1.5294247 1.4405782 1.3140286 1.3140286 1.4093751 1.5388485 1.1365268 1.0887442 1.0043183 1.2841159 1.3114624 1.5766923 2.0541623 1.5269877 1.4664065 1.7430715 1.5006742 1.6025719 1.6875756 1.4285816 1.3889087 1.3503713 1.3460551 1.5508986 1.8578307 1.3615934 1.9061492 1.9208885 1.9308258 2.0407657 1.7034042 1.9015157 1.5834666 1.8756198 1.3591238 2.0946196 0.6851293 0.7113367 1.6630620 1.0534430 1.2186013 
Pocdam_XM_027200994.1                              0.7624214 0.7624214 0.7312898 0.8375734 0.0000010 0.8753627 0.7982853 0.8437264 0.0000010 0.7480128 0.7480128 0.7695921 0.6771389 0.7002029 0.5567217 0.0457078 0.0000000 0.0000010 0.0738749 0.1437501 0.1126316 0.1139808 0.0903168 0.2741339 0.0000010 0.4924330 0.5277289 0.5860003 0.5821856 0.5381663 0.7229187 0.7563598 0.7608957 0.7920148 0.7920148 0.7953944 0.7914007 0.8015880 0.8030238 0.7901531 1.0558969 0.7349057 0.7300794 1.1698258 1.1204339 1.1117511 0.9925149 1.2710496 1.2710496 0.0000010 1.2768523 1.0297168 1.0059376 1.0059376 1.0059376 1.0374896 1.0800039 1.6663238 2.1357261 3.3103065 0.0000010 1.2241513 1.2241513 1.1892543 1.1437410 0.9457169 0.9562554 0.0000010 1.1494088 1.1491295 1.5721146 1.6512230 1.3822086 1.2169562 1.5720559 1.1168200 1.2592853 0.9927992 1.3623787 1.5004674 0.0000010 1.2528923 1.2907309 1.4912547 1.1953749 1.4467091 1.5575571 1.8830675 1.9117536 1.6692724 1.7977307 1.4354338 1.3874133 0.3586703 0.0000010 0.0000010 0.0000010 0.8653766 0.5887592 0.0000010 
Gasp_gasp1.m3.27252.m1                             1.4351925 1.4351925 1.5234092 1.2824495 0.7680990 1.4110330 5.9596004 1.4502183 1.5618145 1.0887888 0.9748223 1.1170388 0.7543383 0.8541524 0.7917506 0.1761252 0.0000010 0.0000000 0.0940274 0.3355208 0.4390044 1.8025820 1.9591442 9.0000000 0.3072706 0.7051650 0.8866494 0.9000849 0.9555453 0.9646508 1.1405913 0.8310391 1.0606744 1.1516409 1.1257140 1.0951069 1.0951069 1.0947198 1.0947198 1.0073852 1.9616616 0.7481961 1.0905005 1.3006817 1.1017809 2.7073555 0.0000010 1.3357380 1.3357380 1.3357380 1.3115104 0.0000010 1.0524019 1.0597544 1.0255259 0.9801728 1.1779940 0.8983643 1.2663138 1.2090270 1.2090270 1.2002464 1.2002464 0.0000010 1.6442381 0.0000010 1.0896943 1.3953812 1.6768275 1.6031215 1.5649267 8.9999989 1.6838070 1.7401566 2.1830997 1.5903724 0.0000010 0.0000010 1.4669751 1.6767637 1.6866549 1.5300166 1.7886277 1.9558816 0.0000010 2.0617990 2.3060637 1.9247166 2.2772445 1.3440732 1.8332630 1.3469509 1.8714081 1.5077086 1.8486804 0.6024601 2.0059925 0.0000010 0.0000010 0.9526885 
Fspp_ffun1.m4.917.m1                               1.1272232 1.1001489 1.0608363 0.9783309 0.8311152 1.1610794 1.8379579 1.1009583 1.1011696 0.6841810 0.6567005 0.7767663 0.6676580 0.6594783 0.5644183 0.1253273 0.0738749 0.0940274 0.0000000 0.2348563 0.1831068 0.2192207 0.0704975 0.3224498 0.2615831 0.5511632 0.6952186 0.6615238 0.6618483 0.6717663 0.7588305 0.7136750 0.7989534 0.7642891 0.7562767 0.7388074 0.7388074 0.7305481 0.7308121 0.8986930 1.2008674 0.8258769 0.8931343 1.4502450 1.2687858 1.3529238 0.9305813 1.3313684 1.3661107 1.1830924 1.3390814 0.9296706 1.3172187 1.2952804 1.2407879 1.1880090 1.2924084 1.4810767 1.3948885 1.4087044 1.3947427 1.2552931 1.2552931 1.2583896 1.5274220 0.8974985 0.9661617 1.0652320 1.3277498 1.2489080 1.5359890 2.1883298 1.5328224 1.4122574 1.6411888 1.3970376 1.4611030 1.3813224 1.3435077 1.3121925 1.3102010 1.3336999 1.4764174 1.7923672 1.2535496 1.8073907 1.9146390 1.7801674 1.8986487 1.6134448 1.8194405 1.4729617 1.8544090 1.3313129 2.1049149 0.7340508 0.6430010 0.9943377 0.6597509 1.1820979 
Amil_Amillepora26257-RA                            1.0942820 1.0917559 1.0698315 1.0245428 0.9092901 1.3144596 2.7311185 1.1222137 1.5407538 0.8448216 0.8448216 0.9435720 0.7182070 0.7642613 0.7397520 0.2272365 0.1437501 0.3355208 0.2348563 0.0000000 0.1856064 0.0536447 0.1419899 0.4266902 0.9152455 0.6561894 0.7447688 0.6395448 0.6492240 0.6467186 0.7196264 0.8336923 0.7802713 0.9129332 0.9462140 0.9414787 0.9396773 0.9410369 0.9410369 0.9740240 1.1530863 0.9416130 0.9939751 1.4337196 1.3824297 1.2831177 0.9518457 1.3136720 1.3748434 1.1462064 1.3344038 0.9832370 1.2801480 1.2520680 1.3320478 1.2773377 1.2630713 1.4644940 1.6200492 1.6325229 1.5831069 1.1906933 1.1906933 0.9325931 1.5074506 0.9205428 1.0596052 1.5464806 1.3805652 1.4129067 1.6795615 1.9280932 1.6080356 1.5911988 1.8699123 1.5112897 1.5469036 0.0000010 1.5746876 1.5480885 0.0000010 1.3351370 1.4967191 2.1447076 1.3958329 2.1660648 2.1247283 1.8682410 1.9209345 1.6413252 1.8698166 1.5490626 1.7599581 1.6357079 2.4711408 0.2501617 0.0768927 1.4882014 0.8820729 1.6488538 
Gfas_gfas1.m1.518.m1                               1.2633232 1.2301673 1.2053312 1.1256821 0.8837257 1.3182004 1.8305149 1.2058207 1.8677918 0.8389961 0.7796774 0.9117558 0.7730310 0.7813009 0.7719060 0.2148682 0.1126316 0.4390044 0.1831068 0.1856064 0.0000000 0.1898067 0.1199800 0.3423913 0.8017320 0.7667873 0.8204537 0.7644683 0.7374716 0.7824408 0.8258371 0.8635221 0.9613605 0.9508995 0.9396437 0.9297829 0.9288512 0.9316303 0.9318978 1.0423030 1.1965935 0.9818330 1.0574049 1.4409102 1.4856491 1.3667750 1.0907924 1.4854896 1.5857106 1.6895117 1.5072285 1.0273035 1.3090463 1.2970264 1.4149901 1.3642461 1.4637342 1.4842803 1.6450714 1.7022840 1.9487395 1.4302918 1.4302918 1.2863089 1.6099908 1.0032724 1.1437406 1.6591778 1.4863752 1.4402740 1.7115952 2.0921435 1.7184665 1.5402281 1.9171315 1.6026738 1.5715276 1.3570425 1.5113165 1.5018367 3.6074411 1.4368402 1.6557625 2.0280873 1.3168803 2.0414255 2.0601283 2.0988669 2.2107143 1.8236319 1.9852240 1.6269146 1.9975211 1.7462106 2.7196998 1.1409943 0.8076161 1.6606202 1.0207699 1.8488194 
Adig_XM_015897158.1                                1.1741072 1.1551643 1.1373644 1.0161888 0.9402463 1.2417411 1.2923077 1.1374679 3.9881240 0.8435259 0.8356833 0.9350264 0.8065773 0.8121532 0.7496338 0.2851801 0.1139808 1.8025820 0.2192207 0.0536447 0.1898067 0.0000000 0.1643323 0.4355928 1.7784645 0.7438850 0.7528144 0.7375800 0.6684893 0.6861099 0.7130664 0.8485526 0.9055729 0.9632176 0.9876185 0.9872351 0.9857392 0.9868000 0.9871894 1.0220209 1.1122498 1.0067787 0.9910987 1.5285744 1.5551090 1.5061293 1.1228165 1.5910256 1.6613219 3.0416626 1.6404751 1.1220883 1.4399408 1.4399408 1.4645868 1.4900788 1.5244417 1.8263098 1.8482915 1.8408617 3.7488042 1.4323438 1.4323438 1.3023396 1.6245913 1.1026329 1.1982584 3.7949033 1.3838038 1.4603190 1.8241337 1.6762998 1.7526134 1.6000954 1.9528707 1.6740246 1.5845100 1.3666376 1.6056885 1.4730733 8.8261212 1.3511833 1.6300271 1.9176003 1.3968952 1.7916446 1.8596218 2.0067525 2.0625039 1.7625831 1.8286421 1.5003162 1.7835472 2.0720701 4.4928342 3.7267383 0.3903380 2.0621330 1.1712596 4.0834637 
Gasp_gasp1.m3.3091.m1                              1.1935944 1.1470779 1.1567710 0.9892776 0.8749868 1.3075510 1.4458110 1.1120723 1.6550201 0.7304428 0.7107092 0.7958824 0.7044950 0.7475118 0.7174838 0.1659381 0.0903168 1.9591442 0.0704975 0.1419899 0.1199800 0.1643323 0.0000000 0.3532139 1.8771064 0.7591385 0.7118058 0.6886948 0.6664047 0.7215641 0.7726146 0.8276844 0.8099245 0.8971841 0.8849991 0.8780029 0.8764926 0.8676833 0.8681597 0.9441265 1.1123210 0.9284786 0.9543671 1.4956237 1.4016003 1.3987820 1.2873654 1.4700434 1.6193371 1.8234402 1.4994433 1.1362885 1.3919618 1.3919618 1.4048428 1.3888233 1.4501743 1.6326925 1.5677072 1.4960484 1.9018553 1.4264747 1.4264747 1.3769016 1.5078160 1.1093405 1.1559565 1.5370468 1.2378303 1.3351836 1.6807104 1.6933362 1.6069378 1.4248026 1.7439569 1.4901217 1.5771125 1.5139029 1.3569248 1.3416483 4.7772048 1.2115922 1.4932702 1.7739466 1.3187096 1.6800603 1.5965942 1.8464871 1.9567372 1.6927078 1.8309758 1.4965125 1.8684463 1.6409868 2.7711117 2.5348399 0.8409602 2.0268212 1.2960007 1.7900404 
Nvec_v1g235861                                     1.1355532 1.0884332 1.0198387 0.9914815 0.8593454 1.1399395 1.4664019 1.1143816 5.0889735 0.6814978 0.6814978 0.7824711 0.6416257 0.6809072 0.5785440 0.3707220 0.2741339 9.0000000 0.3224498 0.4266902 0.3423913 0.4355928 0.3532139 0.0000000 5.0889735 0.5735232 0.6528292 0.5983018 0.6103508 0.6605926 0.6588042 0.6772739 0.8197172 0.8373032 0.8659286 0.8453455 0.8440688 0.8082457 0.8086168 1.0132103 1.1741607 0.9821396 0.8554629 1.5015186 1.3817637 1.3558863 0.9703370 1.4347331 1.4678085 7.1667984 1.4478995 0.9378454 1.3966174 1.3966174 1.4038257 1.3565920 1.4425038 1.6618730 1.6735023 1.6527937 1.8805992 1.3829309 1.3829309 1.3231436 1.5005865 1.0334268 1.0619396 2.0764392 1.3153357 1.3149514 1.6415597 1.6636928 1.5851205 1.4696699 1.7627758 1.4146525 1.5339407 1.4058133 1.4891494 1.4538377 8.9999987 1.4700565 1.5117152 1.8077784 1.2500116 1.8613761 1.7644311 1.9633808 2.0054063 1.7154801 1.9062890 1.5567499 1.7701462 1.6913139 2.8274387 1.4155100 1.1011280 0.8751930 0.7559606 2.0401821 
Nvec_v1g214793                                     1.5173527 1.5173527 1.5027700 1.2183962 1.5754387 1.4366977 8.9999984 1.3551344 1.0416761 0.8932318 0.8074694 0.8537009 0.8192054 0.7431636 0.7338511 0.3778752 0.0000010 0.3072706 0.2615831 0.9152455 0.8017320 1.7784645 1.8771064 5.0889735 0.0000000 0.6683178 1.0305493 0.8578846 0.8695367 0.9480690 2.0236809 0.9033924 0.8738887 1.0746252 1.0541096 1.0421911 1.0421911 1.0464816 1.0464816 0.9676048 2.5323118 0.8607058 1.2026323 2.0698430 1.3046569 4.3545088 0.0000010 1.6273101 1.6273101 1.6273101 1.6187050 0.0000010 2.1183250 1.4196980 1.2545418 1.2073005 1.2321567 1.1107078 1.3352682 1.4142418 1.4142418 1.3992067 1.3992067 0.0000010 2.0212843 0.0000010 1.0693122 1.1041777 1.4572055 1.4502680 1.4135803 8.9999985 1.4549724 1.6945387 1.6186068 1.4542789 0.0000010 0.0000010 1.1739231 1.4047256 0.9985912 1.5897674 1.7315677 1.9872034 0.0000010 1.6802717 2.1764560 2.0497848 2.2705433 1.5224656 2.1707242 1.4713246 1.7401091 1.0720783 1.7274040 0.8059246 1.7164277 0.0000010 0.0000010 0.8082166 
Dgig_XM_028546112.1                                1.2105175 1.1892750 1.1796591 1.0350559 1.0340264 1.2988176 1.8263650 1.2373977 1.1047562 0.8576975 0.8225391 0.9838099 0.8955518 0.8901295 0.8136654 0.6826795 0.4924330 0.7051650 0.5511632 0.6561894 0.7667873 0.7438850 0.7591385 0.5735232 0.6683178 0.0000000 0.9031180 0.8178090 0.7779138 0.7755846 0.8786744 0.9509112 0.9648344 0.9749469 0.9711262 0.9963777 0.9953680 0.9831123 0.9833746 1.1459873 1.3881230 1.0938415 1.0802817 1.6695736 1.3903975 1.5172793 1.2841356 1.4379286 1.5042824 1.2589153 1.4698353 1.0512836 1.5325947 1.5019091 1.4640959 1.4257970 1.4795894 1.7279656 1.6084376 1.4632739 1.3621230 1.4065517 1.4065517 1.3906678 1.5696181 1.1428545 1.1418249 1.2726843 1.3681316 1.3827186 1.7225982 2.0274359 1.6215727 1.7124301 1.9150566 1.6308169 1.6724406 1.6132915 1.4173377 1.4046780 1.3576181 1.5053174 1.4655553 1.9064406 1.3296802 1.8707298 1.9773818 2.0885438 2.1981018 1.7737680 1.8316024 1.6773696 1.9005126 1.4296073 1.9404457 1.0485144 1.1226790 1.5095492 0.4621167 1.2582063 
Morvir_scaffold106.g6.t1                           1.3138188 1.2732381 1.2792747 1.1592549 0.9804297 1.3567653 1.8126422 1.2456702 1.3418440 0.9169228 0.8537924 0.9944026 0.9548742 1.0322074 0.9104232 0.7528795 0.5277289 0.8866494 0.6952186 0.7447688 0.8204537 0.7528144 0.7118058 0.6528292 1.0305493 0.9031180 0.0000000 0.5342656 0.5332019 0.4987978 0.5848141 0.7084040 1.0300188 1.0161924 1.0503079 1.0506334 1.0495312 1.0231558 1.0218328 1.1727009 1.3941938 1.1399948 1.0936238 1.4428355 1.3657742 1.3893750 1.1981241 1.4760458 1.4877994 1.5187540 1.4857904 1.2247061 1.3841650 1.3691352 1.3533105 1.3895562 1.4335272 1.4864899 1.4765562 1.4490474 1.4055557 1.3855395 1.3855395 1.3886677 1.6437571 1.1387988 1.2207710 1.4940960 1.4704807 1.4341345 1.6859648 2.0526144 1.7069355 1.5933410 1.9171555 1.5562480 1.6673976 1.3660647 1.4888697 1.4984963 1.6751067 1.5070902 1.4886642 1.9991801 1.4262466 1.9823652 2.0555426 1.9717040 1.9990406 1.7408909 1.8669031 1.6580463 1.7742096 1.6116650 2.2656193 1.2352586 1.2611003 1.8583269 1.1281013 1.3697943 
Nemnom_g12682.t1                                   1.1357828 1.1138672 1.1323477 1.0532793 0.9233848 1.1956744 1.7334842 1.1242156 1.5667902 0.8206497 0.7730485 0.9289220 0.8106722 0.9456463 0.8321186 0.7072354 0.5860003 0.9000849 0.6615238 0.6395448 0.7644683 0.7375800 0.6886948 0.5983018 0.8578846 0.8178090 0.5342656 0.0000000 0.1078289 0.2110190 0.3465797 0.5736785 0.9331580 1.0002304 0.9834768 0.9940494 0.9930592 1.0108393 1.0111374 1.0798650 1.3570639 1.0565850 1.0236493 1.5013176 1.3505275 1.3097995 0.9607830 1.3698001 1.4587057 1.3546899 1.3554687 0.9017292 1.3886568 1.3875648 1.3219249 1.2089704 1.3731938 1.5699339 1.4857766 1.5079562 1.4527957 1.2316560 1.2316560 1.1934313 1.6342878 1.0865951 1.0680399 1.3431493 1.3459820 1.3993597 1.6579508 1.9622240 1.6414213 1.5658448 1.8310393 1.5228580 1.6481399 1.5790098 1.4140300 1.4555351 1.4300544 1.5028927 1.5010599 1.7619785 1.4243967 1.7425801 1.9458795 1.9000258 1.9169944 1.6854310 1.8176808 1.6058498 1.7651027 1.4018621 1.9479340 1.1654505 1.2841122 1.3054399 1.0936067 1.4218662 
Rhoesc_Res_016680-T1                               1.1996538 1.1615648 1.1474312 1.1006238 0.9934160 1.2509960 1.8245218 1.1470096 1.5796683 0.8603311 0.7966626 0.9577315 0.8378074 0.9389986 0.8082866 0.6871016 0.5821856 0.9555453 0.6618483 0.6492240 0.7374716 0.6684893 0.6664047 0.6103508 0.8695367 0.7779138 0.5332019 0.1078289 0.0000000 0.1967958 0.3367244 0.5804855 0.9229424 1.0002014 0.9983810 0.9934859 0.9924339 1.0054981 1.0058156 1.0795129 1.4316265 1.0638047 1.0257433 1.5229162 1.3765508 1.3309678 1.0189812 1.4054613 1.4632854 1.3810571 1.3866399 0.9723625 1.4391210 1.4430976 1.3645766 1.2634131 1.3857863 1.5703023 1.4557797 1.4925929 1.4714524 1.2786262 1.2786262 1.2880105 1.6275572 0.9862076 1.0717461 1.3426533 1.4041065 1.4359799 1.6465777 1.9880322 1.6519610 1.5499900 1.7830686 1.5188320 1.5839650 1.5666224 1.3948689 1.4259986 1.3153859 1.5298636 1.4892346 1.8139187 1.4337683 1.8073321 1.9743934 1.9023660 1.9524292 1.7056335 1.8461232 1.6240570 1.7656404 1.4512193 2.0286845 1.1061547 1.2140079 0.7824201 0.8103492 1.4029621 
Aaur_scaffold123.g22.t1                            1.2465582 1.2240287 1.1986953 1.1501805 0.9887308 1.2793442 1.7333693 1.1770536 1.6339631 0.8605573 0.7868023 0.9437107 0.8950503 0.9889148 0.8711022 0.6720540 0.5381663 0.9646508 0.6717663 0.6467186 0.7824408 0.6861099 0.7215641 0.6605926 0.9480690 0.7755846 0.4987978 0.2110190 0.1967958 0.0000000 0.2889005 0.5711663 1.0114754 0.9721831 0.9685158 0.9792430 0.9781174 0.9913884 0.9894397 1.0639155 1.4566573 1.0391006 1.0288648 1.4858575 1.3784647 1.2888457 1.0455976 1.4275236 1.4935007 1.4123198 1.4077128 0.9950063 1.4196656 1.4376017 1.3674761 1.3233118 1.3656935 1.5457823 1.3836614 1.5060854 1.5398638 1.2784773 1.2784773 1.2793222 1.6528060 1.0155678 1.1132213 1.2711783 1.3796190 1.4106600 1.6743512 2.0151001 1.6299499 1.5516481 1.7835078 1.5086190 1.6361250 1.5884604 1.4257819 1.4625672 1.6290734 1.5554410 1.4583427 1.7705431 1.3149383 1.7079309 1.9931568 1.8396057 1.8792061 1.7290594 1.8347963 1.6466212 1.7755194 1.4892053 2.0860517 1.1929257 1.3551756 0.7518377 0.7895026 1.6126712 
Sanmal_Sma_028594-T1                               1.2692997 1.2501532 1.2685334 1.1143231 0.9994282 1.2888976 1.5781189 1.1658907 1.9525751 0.9291936 0.8951083 1.0519746 0.8815840 0.9631269 0.8506736 0.8495599 0.7229187 1.1405913 0.7588305 0.7196264 0.8258371 0.7130664 0.7726146 0.6588042 2.0236809 0.8786744 0.5848141 0.3465797 0.3367244 0.2889005 0.0000000 0.6822890 1.0905999 1.0498357 1.0723388 1.0923350 1.0911657 1.0981991 1.0913900 1.2324942 1.3131904 1.1947243 1.0956044 1.5112128 1.4007015 1.3035570 1.0859597 1.5045836 1.6183846 2.0783860 1.4958233 0.9863093 1.3994635 1.4026671 1.4480530 1.3969691 1.4325310 1.6904133 1.7059994 1.6432961 1.8509417 1.3362339 1.3362339 1.2246515 1.6375888 1.0098276 1.0806673 1.9093911 1.3873277 1.3674939 1.8306985 1.8901760 1.6880921 1.6623270 2.0859715 1.5854003 1.6515226 1.6567661 1.6219647 1.6107971 3.9201872 1.5456759 1.6563838 2.0050488 1.5124626 1.9892214 2.0711456 1.9264047 1.9449407 1.7229372 1.8874364 1.7328128 1.9462899 1.7745290 2.6768190 1.4837558 1.5462847 1.4798888 1.0571195 2.1633721 
Chem_TCONS_00035624                                1.2416036 1.2024731 1.2412934 1.1250659 0.9748592 1.2149535 1.6797123 1.1822221 1.7620649 0.8988240 0.8455457 1.0888149 0.9630719 0.9896502 0.9706675 0.7843238 0.7563598 0.8310391 0.7136750 0.8336923 0.8635221 0.8485526 0.8276844 0.6772739 0.9033924 0.9509112 0.7084040 0.5736785 0.5804855 0.5711663 0.6822890 0.0000000 1.0398239 1.1586373 1.1549346 1.1580946 1.1583670 1.1544273 1.1526687 1.1242442 1.4320638 1.1166287 1.1656298 1.5359819 1.3703763 1.3517476 1.0446077 1.3389379 1.4055482 1.3457318 1.3353494 0.9550351 1.2935254 1.2907204 1.2956439 1.2217525 1.3079680 1.4929513 1.5389299 1.5707670 1.5703407 1.2437178 1.2437178 1.1177253 1.5117050 1.1579240 1.2537813 1.5855140 1.3911708 1.4419020 1.5373790 1.8464750 1.6367798 1.4821228 1.7880318 1.4873174 1.3563349 1.5474518 1.5131159 1.5002563 1.4321901 1.4491899 1.5798858 1.8946144 1.5673576 1.8988341 1.8680132 1.8026056 1.8371290 1.6405824 1.8594053 1.6420234 1.8480219 1.5900445 1.9134426 1.1264152 1.3399081 1.4174658 1.1563887 1.3940146 
Hsap_ENST00000380062                               1.1758278 1.1517165 1.1859052 1.1141192 1.2157064 1.3731223 2.0687796 1.3186701 1.1032090 0.8475842 0.8343308 1.0013928 0.7398191 0.8240379 0.7579859 0.8599148 0.7608957 1.0606744 0.7989534 0.7802713 0.9613605 0.9055729 0.8099245 0.8197172 0.8738887 0.9648344 1.0300188 0.9331580 0.9229424 1.0114754 1.0905999 1.0398239 0.0000000 1.0117091 1.0365811 1.0261739 1.0264003 1.0147221 1.0157257 1.0950262 1.4366665 1.0841285 1.0338845 1.5822855 1.3661632 1.3549352 1.0122633 1.4371381 1.5103135 1.4443451 1.4202005 1.0247784 1.3618909 1.3388892 1.2957898 1.1853420 1.3956837 1.5806885 1.5174545 1.5972181 1.5401732 1.2470197 1.2470197 1.1436606 1.5460884 1.0930375 1.2386937 1.4564222 1.4833848 1.4618551 1.6765285 1.7983099 1.6064300 1.5831459 1.8766722 1.4948211 1.5464457 1.4840900 1.5011194 1.5258516 1.5345656 1.5159701 1.6759291 1.9761995 1.2542558 1.8573099 1.8217999 1.9124021 1.8897278 1.7222489 1.9220177 1.7183416 1.8758588 1.5027346 1.8473108 1.2965658 1.2440310 1.1773932 1.1323986 1.2985975 
HoiH23_PlH23_001500-RA                             1.1972927 1.1785088 1.1734249 1.1953392 1.0118224 1.3676305 2.0970153 1.2300907 1.3092932 0.9669085 0.9416270 0.9605134 0.9534494 0.9905124 0.8662509 0.8860482 0.7920148 1.1516409 0.7642891 0.9129332 0.9508995 0.9632176 0.8971841 0.8373032 1.0746252 0.9749469 1.0161924 1.0002304 1.0002014 0.9721831 1.0498357 1.1586373 1.0117091 0.0000000 0.0228520 0.0530902 0.0531524 0.0864184 0.0842425 1.2092297 1.5705229 1.0899098 1.1480811 1.7574525 1.4766120 1.5898536 1.2640908 1.6082788 1.6600634 1.5424173 1.6006269 1.2540828 1.5184586 1.4932831 1.4967904 1.5247357 1.5566479 1.7603751 1.7199580 1.7275179 1.8351193 1.4738002 1.4738002 1.3118809 1.7814456 1.1266751 1.1782836 1.4298154 1.3108712 1.5057309 1.6320879 1.9742497 1.6600880 1.5922828 1.8425474 1.5768063 1.6496146 1.4246189 1.4519996 1.5425004 1.6378079 1.5372934 1.6131511 1.8798924 1.4506442 1.9393148 2.0285787 1.9707899 2.0476806 1.7030925 1.9020543 1.6199737 1.9476325 1.5071074 2.1513533 1.4090342 1.5555768 0.7470898 1.0316505 1.6155304 
HoiH06_mRNA8713                                    1.2114718 1.1927603 1.1750233 1.1873522 1.0021122 1.3312031 2.1010284 1.1927256 1.2884401 0.9663364 0.9419594 0.9668647 0.9445355 1.0103592 0.8898818 0.8782149 0.7920148 1.1257140 0.7562767 0.9462140 0.9396437 0.9876185 0.8849991 0.8659286 1.0541096 0.9711262 1.0503079 0.9834768 0.9983810 0.9685158 1.0723388 1.1549346 1.0365811 0.0228520 0.0000000 0.0536472 0.0537068 0.0850433 0.0829811 1.2237952 1.5297821 1.1173323 1.1646573 1.7437285 1.4622413 1.5594395 1.3083222 1.5647716 1.6459647 1.4840561 1.5789104 1.2147150 1.5203602 1.4961392 1.4932863 1.5166930 1.5563830 1.7619294 1.7001645 1.6925878 1.7850287 1.4532987 1.4532987 1.3005937 1.7103034 1.1249206 1.1677085 1.4227400 1.3042030 1.5202036 1.6465637 2.0561800 1.6331304 1.5865723 1.8931902 1.5804776 1.6633849 1.4314938 1.4536715 1.5377042 1.6378079 1.4978457 1.6270474 1.8937928 1.4961871 1.9091094 2.0441924 1.9512341 2.0405568 1.6456575 1.8360122 1.5991675 1.9639504 1.4749413 2.1238736 1.3690365 1.6297630 1.0457829 1.1854004 1.6397546 
Hhon_g02078.t1                                     1.2074708 1.1892411 1.1880096 1.1681297 0.9685054 1.3504506 2.1210957 1.2226839 1.2492407 0.9338575 0.9184464 0.9676075 0.9488107 1.0175346 0.8781965 0.8735756 0.7953944 1.0951069 0.7388074 0.9414787 0.9297829 0.9872351 0.8780029 0.8453455 1.0421911 0.9963777 1.0506334 0.9940494 0.9934859 0.9792430 1.0923350 1.1580946 1.0261739 0.0530902 0.0536472 0.0000000 0.0017269 0.0672201 0.0691602 1.2237376 1.5419592 1.1051747 1.1806798 1.7448913 1.4782186 1.5724559 1.3124873 1.5649366 1.6392873 1.4390822 1.5677173 1.2678335 1.5312296 1.5036820 1.4986827 1.5173366 1.5617868 1.7075466 1.6998331 1.6991931 1.7824500 1.4208878 1.4208878 1.2676321 1.7172929 1.1471755 1.1769922 1.4535740 1.3236941 1.5009329 1.6378902 1.9549738 1.6461108 1.5682266 1.8662253 1.6062986 1.6793299 1.4711570 1.4724972 1.5407854 1.5750751 1.4675676 1.6410320 1.8867825 1.4783735 1.9135997 2.0010971 1.9488309 2.0361326 1.6441222 1.8373971 1.5890128 1.9958276 1.5051501 2.1083996 1.3602181 1.5850791 1.3359073 1.1736883 1.6102654 
HoiH04_mRNA9846                                    1.2105334 1.1921620 1.1909165 1.1669935 0.9685054 1.3492517 2.1210957 1.2215499 1.2492407 0.9340482 0.9186426 0.9666477 0.9490066 1.0177551 0.8783691 0.8726922 0.7914007 1.0951069 0.7388074 0.9396773 0.9288512 0.9857392 0.8764926 0.8440688 1.0421911 0.9953680 1.0495312 0.9930592 0.9924339 0.9781174 1.0911657 1.1583670 1.0264003 0.0531524 0.0537068 0.0017269 0.0000000 0.0676205 0.0695701 1.2240254 1.5426006 1.1054240 1.1795875 1.7504728 1.4815304 1.5774700 1.3215729 1.5685078 1.6432710 1.4390822 1.5711758 1.2786216 1.5352761 1.5077501 1.5020610 1.5210117 1.5652507 1.7138750 1.6998331 1.6991931 1.7824500 1.4241762 1.4241762 1.2734577 1.7177371 1.1477646 1.1772704 1.4535740 1.3240169 1.5013156 1.6383143 1.9562581 1.6465575 1.5686229 1.8667043 1.6067086 1.6799983 1.4711570 1.4728700 1.5411765 1.5750751 1.4679365 1.6397178 1.8872721 1.4794138 1.9140943 2.0016173 1.9493405 2.0366614 1.6445428 1.8413329 1.5894173 1.9963470 1.5051501 2.1083996 1.3602181 1.5850791 1.3359073 1.1744005 1.6102654 
TrH2_TrispH2_001364-RA                             1.2163717 1.1978430 1.1883049 1.1928499 1.0264385 1.3514317 2.0371352 1.2151002 1.2860439 0.9321288 0.9199882 0.9787686 0.9387568 1.0004909 0.8782141 0.8662395 0.8015880 1.0947198 0.7305481 0.9410369 0.9316303 0.9868000 0.8676833 0.8082457 1.0464816 0.9831123 1.0231558 1.0108393 1.0054981 0.9913884 1.0981991 1.1544273 1.0147221 0.0864184 0.0850433 0.0672201 0.0676205 0.0000000 0.0017113 1.2287140 1.5484436 1.0960200 1.1970604 1.7620555 1.5063810 1.5969668 1.2988524 1.5327384 1.6053548 1.4250653 1.5627417 1.2471532 1.5166668 1.4932880 1.4919379 1.4975267 1.5623388 1.6922577 1.6990571 1.6562194 1.7135598 1.4556040 1.4556040 1.3101625 1.6620235 1.1624792 1.1812907 1.4540497 1.3102891 1.4913245 1.6296440 1.9617611 1.6520740 1.5882518 1.8910940 1.5966577 1.7196810 1.4291711 1.4669417 1.5667725 1.6746380 1.4495772 1.6523003 1.9713486 1.4639650 1.9067045 2.0237238 1.9480222 2.0361094 1.6967320 1.8792800 1.5709478 2.0080229 1.5450661 2.1112445 1.3349251 1.5806772 1.3309781 1.1971643 1.6731714 
