80
Emue_Em0019g744a.t1                                   0.0000000 0.4289835 2.1370508 2.4670562 2.3428436 2.3991948 1.9190943 3.1840669 3.7004698 3.6470201 4.7040061 2.0499102 3.9915086 3.2898233 1.6282646 3.6940581 3.2618281 1.7673593 5.0058819 3.1847276 2.4223787 3.2031694 3.0288571 3.3458000 3.8107749 4.0055152 2.2254548 3.5463960 2.5252134 3.8323641 3.8013783 3.7754742 4.2172111 1.5860262 3.9310416 2.2630103 3.6029275 3.8340910 3.2365371 3.3180800 3.6157801 3.9816908 3.9920178 3.0914473 3.8158950 2.1818188 2.3139603 1.8129425 3.3405963 2.5206435 2.2293383 3.6731809 2.8242807 4.7155333 2.7374528 2.3936560 2.8150163 4.0123492 4.2228301 4.6144025 3.9307607 2.6779975 3.1961087 2.9250292 2.9716466 2.9376015 3.9000553 3.9749561 2.9836383 1.8257879 3.2515791 2.3021948 3.6470232 3.6470232 3.3986922 3.2542261 4.3947201 2.7537216 3.4452149 6.4233390 
Spolac_c80297_g1_i1_m.2591c80297-g1                   0.4289835 0.0000000 0.7143202 0.9443267 0.9890672 0.9166266 2.2016586 1.0960921 1.3785198 1.3785198 1.5410807 1.5738597 1.3461178 1.0626013 1.1185396 1.1166693 0.9746024 1.1102022 1.2918261 1.0002917 1.1327070 1.1737746 1.1273045 1.3278219 1.8029703 1.6816291 1.6607589 1.2756550 1.2288581 1.3450518 1.3450518 1.3323391 1.3497342 1.5584216 1.7854159 1.7319465 1.6488676 1.6506805 1.4923652 1.5714343 1.8199058 1.8199058 1.8556851 1.4435856 2.1575774 1.9940472 1.9758534 0.0000010 1.8800160 1.9386385 1.8313707 2.0238152 1.6611587 2.0991314 2.7067860 1.9192053 2.1630097 2.1517411 2.2558661 2.3147784 2.5114170 1.9394969 1.0360096 1.3029762 1.2505219 1.4421077 1.4811194 1.2084717 1.3928814 1.3269946 1.4416053 1.8109916 1.5796318 1.5796318 1.4970086 1.1789839 2.2632715 1.5718144 1.4028611 5.4324787 
Stycar_maker-SC_scaffold505-augustus-gene-0.7-mRNA-1  2.1370508 0.7143202 0.0000000 2.5598837 2.4857302 2.3210758 2.5827976 3.0915547 3.2421443 3.1932989 3.5575988 2.1255213 3.5522488 2.9466046 1.8372778 2.8211179 2.9157754 1.7832934 4.7000738 3.0798310 2.8015599 2.6132575 2.9075279 2.8728414 3.0769819 3.4811549 2.1623130 3.3431674 2.6870838 3.2680759 3.2662685 3.5349714 3.9164499 1.2170774 3.1939621 2.1463889 3.0077707 3.2843774 2.7278153 2.9431006 3.1547245 3.2235485 3.4919313 3.1593271 3.8449089 2.6560070 2.9081828 4.5546733 3.5291113 3.3308810 2.1116830 3.5503240 2.8523601 4.2813256 3.5099741 2.9752845 3.3686799 4.6897529 4.5234225 4.8704893 4.8734186 2.3150493 2.6928690 2.8823291 2.9981873 2.6207867 3.3953997 3.2409290 3.0235992 2.6427062 3.3348470 2.9110812 3.0210575 3.0210575 3.7277837 2.9805824 3.8195741 3.1055145 2.9726547 7.1601326 
Halamb_c44681_g1_i1m.17838                            2.4670562 0.9443267 2.5598837 0.0000000 1.1239301 1.6397448 1.7263073 2.2098771 3.0227407 2.9253246 2.9270155 1.4189055 3.1756967 2.4904567 1.2200641 2.4461899 2.6713831 1.2323678 4.3184629 2.7364591 1.9436057 2.3902705 2.4260698 2.7049525 3.0189952 3.1424917 1.6111785 2.6189666 1.8680942 2.4069195 2.3957253 2.5141331 2.7626012 1.3029096 2.7479654 1.7240627 2.6463953 2.8816415 2.1393994 2.4988354 2.6312936 2.8560132 3.1375448 2.5882092 3.1866992 1.9559149 1.9152492 2.6592473 2.8138396 2.6703015 2.2882971 3.3727286 2.6322654 3.4412974 2.2781612 2.3342437 2.4546493 3.8571537 4.2423953 3.7863012 3.8227386 2.4037865 2.4730675 2.4845852 2.6112236 2.3977172 2.7024733 3.1904762 2.4786867 1.6326954 2.5988303 2.2199303 2.5697448 2.5697448 3.3762207 1.5139198 3.7335905 2.6216575 3.4805264 6.8574685 
Aque_Aqu2.1.40879_001                                 2.3428436 0.9890672 2.4857302 1.1239301 0.0000000 1.7298868 1.6796698 2.6576575 2.8633861 2.7706476 3.0169787 1.5337673 3.0646395 2.8492630 1.3932846 2.8815285 2.9160061 1.5470435 4.3235038 3.0778832 2.2231998 2.6376773 2.8729790 2.9469198 2.9485229 3.6560120 1.4836492 3.0618804 2.4039974 3.0218877 3.0279900 3.0150500 2.8823241 1.2176134 3.0324509 1.7055875 3.1435134 3.1331493 2.6355306 3.0102667 2.6288539 2.8062160 3.0192298 2.7984426 3.6227034 2.1549702 2.5433551 4.1275874 3.1836603 2.9034047 2.7800354 3.3616360 2.8866603 4.0839832 2.7955464 2.7155890 3.3062960 4.3862117 4.7049458 4.1387925 4.2626045 2.5097217 2.7075455 2.5665103 2.7878360 2.8179940 3.0877566 2.8628710 2.8158041 2.0239549 2.7858944 2.8558462 3.2014654 3.2014654 3.7092556 1.4594824 4.1198347 2.8215402 3.7213249 6.7086786 
Tetwil_g21974.t1                                      2.3991948 0.9166266 2.3210758 1.6397448 1.7298868 0.0000000 0.4200514 2.9332013 3.1680247 3.0453081 3.1928246 1.7819185 2.7523597 2.5354356 1.4671183 2.3718117 2.7067082 1.5221527 3.4782277 2.6214003 1.7831580 2.5001625 2.5329272 2.9031176 2.8204562 3.2997639 1.8413492 2.5334223 2.2060665 2.6963418 2.6681388 2.8992342 3.0956145 1.2459474 3.0591339 1.9890945 2.6516872 2.8234164 2.9657765 2.8971531 3.0063391 3.5385816 3.1034458 2.3218868 3.0214637 1.9392218 2.2017565 2.0356069 2.7615404 2.5661399 2.0312084 2.9072626 2.6220890 3.3494746 2.4014779 2.6781630 2.6988423 3.5930916 3.5697786 3.8752549 3.3506318 2.7149266 2.7315954 2.4541091 2.2038289 2.9229388 3.0068087 3.0470457 2.8065095 1.9901340 3.0489964 2.8020402 2.3803412 2.3803412 2.9631043 2.5906810 3.7164533 2.1277129 3.5360684 6.2145833 
Tetwil_g21975.t1                                      1.9190943 2.2016586 2.5827976 1.7263073 1.6796698 0.4200514 0.0000000 2.5514473 2.7920246 2.7636220 2.7973069 1.8873263 3.0033152 2.0564045 1.5234876 2.1289985 1.9359285 1.8775263 3.2755349 2.3932255 2.2490033 1.8510529 1.8091073 2.8139543 2.4750956 2.9850369 2.3127133 2.3461503 2.2274208 2.4346500 2.4421270 2.6323862 3.0453551 1.3742823 2.1938276 2.0003606 2.0592133 2.1851126 2.3695680 2.4456893 2.4197980 3.2472864 2.4394862 2.1094102 2.3857747 2.3443931 2.3590367 2.0356069 2.5593320 2.8336092 5.7923816 2.1552385 2.4858397 2.8845300 2.5598562 2.5034767 2.3418713 2.6678265 3.1545682 2.9124135 3.2594488 3.4723975 2.2671151 2.4272961 2.4558699 2.0337302 2.3504274 2.7016248 3.0456700 2.2980918 2.7026327 2.4442587 2.0360405 2.0360405 3.3617841 2.3917845 4.7265555 1.6537601 2.9226722 4.9721386 
Bralan_BLAG06001362_1                                 3.1840669 1.0960921 3.0915547 2.2098771 2.6576575 2.9332013 2.5514473 0.0000000 1.8707059 1.8513613 1.9601749 1.0556579 2.0470337 2.2791013 1.0664552 2.4283394 2.5223138 1.0047163 2.9817123 2.4568090 1.7145410 2.5213941 2.4809753 1.6311446 2.2243473 2.7760946 1.5221183 2.4290343 2.0994086 2.5161931 2.5183107 2.6314703 2.6680194 1.8143097 3.5825787 2.5197378 3.9367202 3.9844998 3.1889093 3.1331211 3.4252283 3.8703120 3.5977485 2.7337013 3.1675345 1.9657143 2.1290351 1.8036355 2.4702981 2.2260322 2.1160679 2.7735573 2.5551383 3.5392374 2.3991990 3.0654144 2.4300044 3.0339109 3.4310432 3.6702513 3.6180377 2.5925984 2.6188024 2.0036859 2.2011804 2.4898968 2.7453264 2.8493055 2.3913462 1.9643541 2.6257177 2.4995460 2.5584141 2.5584141 2.4314062 3.4468350 4.3248828 2.8923927 3.0797383 5.7240534 
Spur_XM_030980921.1                                   3.7004698 1.3785198 3.2421443 3.0227407 2.8633861 3.1680247 2.7920246 1.8707059 0.0000000 0.0661762 2.0492469 1.1864342 2.3078199 2.3830775 1.1800805 2.4863298 2.5361520 1.1763478 3.2441527 2.7183699 1.7559214 3.0627118 3.0124154 1.6720774 2.4578225 2.7669047 1.5351128 3.0553433 2.3762698 3.0343926 3.0364050 3.0996310 3.1385938 1.6214671 3.7524082 2.1668201 3.7657913 3.7809907 3.3254632 3.3955562 3.2514142 3.6186631 3.5523408 2.8746405 3.4684630 1.3984494 1.9224873 1.6208455 2.7190966 2.2689602 1.9413083 3.1975997 2.4410562 3.9257101 2.5577225 2.3985609 2.5103626 3.6565755 3.9636822 3.7179550 3.2856209 2.5124798 2.7653013 2.2946423 2.1850319 2.8793924 2.8435787 3.0664783 2.6288727 1.9461194 2.7683479 2.7121782 2.7628753 2.7628753 2.6501480 4.2468037 4.5775176 3.2364539 3.1167902 5.6561191 
Spur_XM_787891.5                                      3.6470201 1.3785198 3.1932989 2.9253246 2.7706476 3.0453081 2.7636220 1.8513613 0.0661762 0.0000000 2.0088712 1.1864342 2.2862740 2.3422663 1.1800805 2.4471234 2.5107085 1.1753377 3.1554728 2.6618130 1.7193489 3.0059696 2.9607079 1.6225155 2.4764066 2.8035554 1.5351128 2.9205593 2.3637349 3.0018543 3.0038287 3.1054674 3.1226860 1.6214671 3.6228115 2.1668201 3.8343869 3.8122522 3.3211997 3.3848206 3.3124181 3.7005162 3.6241430 2.8278936 3.3723251 1.3984494 1.9224873 1.6208455 2.6904099 2.2483276 1.9413083 3.0969328 2.3504132 3.9696597 2.5487193 2.3628207 2.5776724 3.5012984 3.8865720 3.7578270 3.2725762 2.5634290 2.6924788 2.2716210 2.1856178 2.8702226 2.7537925 2.9705673 2.5588173 1.9480227 2.7712964 2.6834703 2.7385358 2.7385358 2.7632616 4.1666758 4.4387555 3.1951878 3.1121590 5.7052240 
Acagra_model.g13911.t1                                4.7040061 1.5410807 3.5575988 2.9270155 3.0169787 3.1928246 2.7973069 1.9601749 2.0492469 2.0088712 0.0000000 0.9773737 1.6253301 2.6868226 1.4199414 2.7422218 2.7563530 1.2167119 3.4247401 2.7512977 1.8691265 2.9338419 2.7601261 1.9806265 2.6902577 2.6891601 1.3762821 2.6631706 2.3270430 2.9300018 2.9269488 3.0124391 3.3702258 1.4642959 3.6845998 2.1246380 3.8160971 4.1223145 3.1586448 3.1974650 3.7277180 4.0090521 3.8441312 2.7478918 3.7943889 1.7197767 2.1876528 1.6809800 2.9676262 2.4595694 1.8912095 3.1647083 2.7828228 3.7933483 2.5545942 2.8093419 2.9729067 3.9931733 3.9098652 3.8106236 3.5913225 2.3382332 2.6244294 2.3257761 2.2654339 2.6331336 2.9487417 3.0214384 2.7196420 2.1525414 2.9690328 2.6480184 3.0717433 3.0717433 2.6508830 3.4376140 4.1012418 2.7518001 3.7385868 5.8132313 
Ctel_gnl_WGS_AMQN_CAPTEDRAFT_mRNA178344               2.0499102 1.5738597 2.1255213 1.4189055 1.5337673 1.7819185 1.8873263 1.0556579 1.1864342 1.1864342 0.9773737 0.0000000 0.9498417 1.3046626 1.4320430 1.4127688 1.2709756 1.3203998 1.7770845 1.4428371 1.4137474 1.4720795 1.5971913 1.1513852 1.6846992 1.3026910 1.5731684 1.2599750 1.2703638 1.3337023 1.3343252 1.3201043 1.4004403 1.5341350 1.6660131 1.6445203 1.6408378 1.7017870 1.6757976 1.6890431 1.8475041 2.0530541 1.7940727 1.6696755 2.2942339 1.7154602 2.0457823 1.8718964 1.9325120 2.1694646 2.8447865 2.1375059 2.1911343 2.4021459 2.3816932 1.8180720 2.1213098 2.0871784 2.5944558 2.2761359 2.7362938 1.7960441 1.0739655 1.4058312 1.4384585 1.6323671 1.4420943 1.1370750 1.7411565 2.0431421 1.5713956 1.5208942 1.5049621 1.5049621 1.2232939 1.8121585 2.7643554 2.0964923 1.6717620 5.2051031 
Cgig_XM_011431346.3                                   3.9915086 1.3461178 3.5522488 3.1756967 3.0646395 2.7523597 3.0033152 2.0470337 2.3078199 2.2862740 1.6253301 0.9498417 0.0000000 2.5902829 1.5227377 2.9419067 2.8413571 1.4112193 3.6271820 2.8902608 1.9769330 2.9625180 2.6463224 1.9508050 2.7400194 2.3349450 1.3928237 2.6350026 2.0579490 2.8118653 2.8117098 2.7644259 2.9861237 1.4402923 3.2819813 2.0544685 3.8105672 4.0339351 3.2932660 3.1239443 3.3235010 3.6964729 3.4853470 3.0539577 3.6492095 2.3673554 2.3722232 1.6441563 3.0279013 2.4897081 2.5350367 3.3362128 2.6554273 3.7992622 2.6601839 2.8969753 2.8089887 3.7678054 4.2334391 4.0543205 4.0243608 2.4187633 2.5735680 2.1735126 2.1944386 2.8772365 3.0298555 2.9796385 2.8338418 2.1303569 2.6674210 2.7427014 2.7236103 2.7236103 2.3928105 3.5341158 4.2657593 2.8809407 3.6144108 6.0293126 
Spis_XP_022800723_1                                   3.2898233 1.0626013 2.9466046 2.4904567 2.8492630 2.5354356 2.0564045 2.2791013 2.3830775 2.3422663 2.6868226 1.3046626 2.5902829 0.0000000 0.1944429 0.6835425 0.2689120 0.3164566 1.5249001 1.1543188 1.0529664 2.2471173 2.0669404 1.9829636 1.8575876 2.8004078 1.5169037 2.4215426 1.9302134 2.5071479 2.5080767 2.6537791 2.8703198 1.3007355 3.1859912 2.0646359 3.2709120 3.4628662 2.7913576 2.5863057 2.9438897 3.3357939 3.1907701 2.3968823 3.4159759 1.4939242 1.6600005 1.2630972 2.4848031 2.2334429 1.9705679 3.0908913 2.6675639 3.1576239 2.3214835 2.6444295 2.5084906 3.6023843 3.5821779 3.7797137 3.3284178 2.7995970 2.4160393 1.8615116 1.7379311 2.5215189 2.5100100 2.9930454 2.5852001 1.8397420 2.4816636 2.5972074 2.2126052 2.2126052 2.6720025 3.1857127 3.9034517 2.4024454 3.3501925 6.1574766 
Gasp_gasp1.m3.11318.m1                                1.6282646 1.1185396 1.8372778 1.2200641 1.3932846 1.4671183 1.5234876 1.0664552 1.1800805 1.1800805 1.4199414 1.4320430 1.5227377 0.1944429 0.0000000 0.1963264 0.2331423 0.3326222 0.5402821 0.3753417 0.5819506 0.9045536 0.9726478 1.1561773 0.8411443 1.5096194 1.5600535 1.1818771 1.1663589 1.2027659 1.1983507 1.2055448 1.2806601 1.4896319 1.7726807 1.8395611 1.9001681 2.0500344 1.8271847 1.7053163 2.0254489 2.2460224 2.0053013 1.2997650 2.1104900 1.7189048 1.7451190 1.0927347 1.6745877 1.8569367 2.1115797 1.8292012 1.7732833 1.9086981 2.1957526 2.0204523 1.9837696 1.9542840 2.1708518 2.2074891 2.3154510 2.3326848 1.2152107 1.2269944 1.0761854 1.3123382 1.3299509 1.4962927 1.6107356 1.5269714 1.7151197 1.7949877 1.3097997 1.3097997 1.8516927 1.8016195 2.4371984 1.6554747 1.9157004 4.8810806 
Fspp_ffun1.m4.13869.m1                                3.6940581 1.1166693 2.8211179 2.4461899 2.8815285 2.3718117 2.1289985 2.4283394 2.4863298 2.4471234 2.7422218 1.4127688 2.9419067 0.6835425 0.1963264 0.0000000 0.7559917 0.3542630 1.6712058 1.2381085 1.0808476 2.4506123 2.2653158 2.1557505 1.9982589 2.8534369 1.5585696 2.6160028 2.1077955 2.7877432 2.7754704 2.8173755 2.7572920 1.3968012 3.1617174 2.0311655 3.3319528 3.7344465 3.1631695 2.7991007 3.1293063 3.5530662 3.2229317 2.5549332 3.4721465 1.5463478 1.8466527 1.3037190 2.7221700 2.2778857 1.9263388 3.0367585 2.6059079 3.5884099 2.1044862 2.5804162 2.6321838 3.9434095 3.8779600 3.7795126 3.6796029 3.0289599 2.7331170 1.9246847 1.8076966 2.4725381 2.6619397 2.9889088 2.5792626 1.6860347 2.8721501 2.4528626 2.2724216 2.2724216 2.7605637 3.2773509 3.8073476 2.4378013 3.5451974 6.5449322 
Pocdam_XM_027194970.1                                 3.2618281 0.9746024 2.9157754 2.6713831 2.9160061 2.7067082 1.9359285 2.5223138 2.5361520 2.5107085 2.7563530 1.2709756 2.8413571 0.2689120 0.2331423 0.7559917 0.0000000 0.3518090 1.5864423 1.1680603 1.1275615 2.4168464 2.2724050 2.0548298 1.9479571 3.1853996 1.5865045 2.5566989 2.0817807 2.6602725 2.6649363 2.8102369 3.1102108 1.2155716 3.2999762 1.9202266 3.5435705 3.8647069 2.7478015 2.9465312 3.1394341 3.5589234 3.5157804 2.3312900 3.4943054 1.7403492 1.7271995 1.3735449 2.5055373 2.2838043 1.8827598 3.3235992 2.7026654 3.8001978 2.3901381 2.6216082 2.5931054 3.8693514 3.9009540 4.2089240 3.4868161 3.0624470 2.6324519 2.0516165 2.0096944 2.7159704 2.6041506 3.2108138 2.6787981 1.9195953 2.6852000 2.7289169 2.3315645 2.3315645 2.9434016 3.2367768 4.2508036 2.5719008 3.6856754 6.6986502 
Gfas_gfas1.m1.2975.m1                                 1.7673593 1.1102022 1.7832934 1.2323678 1.5470435 1.5221527 1.8775263 1.0047163 1.1763478 1.1753377 1.2167119 1.3203998 1.4112193 0.3164566 0.3326222 0.3542630 0.3518090 0.0000000 0.5350513 0.3451977 0.6251261 0.9886604 0.9839355 0.9737711 0.8488515 1.5489228 1.4364143 1.1764382 1.1170848 1.1732178 1.1738036 1.2729665 1.3547552 1.3231922 1.8884371 1.9326430 1.8415193 2.0268444 1.8848508 1.7143725 2.0558056 2.4046036 2.0559210 1.3566970 2.0678150 1.6583570 1.7577030 1.1887459 1.7551266 1.8083744 1.7147957 1.8294279 1.8892839 1.9779894 2.0668077 1.8885466 1.9167330 2.0395837 2.3000032 2.2966624 2.1587030 1.8454399 1.0655528 1.1390501 1.0625088 1.2687529 1.3120741 1.3892384 1.5164240 1.4792132 1.5386900 1.6631292 1.2874927 1.2874927 1.6455777 1.8002499 2.6345301 1.7679426 1.8282269 4.7722542 
Amil_Amillepora30416-RA                               5.0058819 1.2918261 4.7000738 4.3184629 4.3235038 3.4782277 3.2755349 2.9817123 3.2441527 3.1554728 3.4247401 1.7770845 3.6271820 1.5249001 0.5402821 1.6712058 1.5864423 0.5350513 0.0000000 0.0702646 1.6345383 3.5085179 3.2948982 2.6058322 2.5053554 4.1942001 2.0053207 3.9619782 3.4683436 3.8347805 3.8169686 4.1134688 3.8078867 2.3511358 4.6670136 3.3063789 5.8698262 6.4978666 4.8683197 4.5679285 4.6524670 6.5314087 5.0696174 3.5279070 3.5955276 5.4225389 1.5795142 1.2182987 2.6190158 2.5261996 2.7668346 3.1339352 3.3151262 5.2274502 2.4343101 3.2462736 2.3717364 4.2583480 5.1437927 4.4101024 4.2939811 8.7895892 3.9036470 2.7722881 2.6563959 4.4677562 3.0705950 3.8062346 4.2405971 2.6767278 4.0052550 3.8880036 3.0007761 3.0007761 4.5762142 5.8467267 5.4069748 3.6618495 5.4046805 6.4363139 
Adig_XM_015922860.1                                   3.1847276 1.0002917 3.0798310 2.7364591 3.0778832 2.6214003 2.3932255 2.4568090 2.7183699 2.6618130 2.7512977 1.4428371 2.8902608 1.1543188 0.3753417 1.2381085 1.1680603 0.3451977 0.0702646 0.0000000 1.1633556 2.4914200 2.3946743 1.9727722 2.0499290 3.1706587 1.5299438 2.7531987 2.3175329 2.7984620 2.7910246 2.9704172 2.9617071 1.5321573 3.6752144 2.3377626 4.4157092 4.7211746 3.5737129 3.4920114 3.5542364 4.2218931 3.8900387 2.6914352 3.3784897 2.0450230 1.7090071 1.2182987 2.4803582 2.2813659 2.0851952 3.0050229 2.6179339 4.0734601 2.1654933 2.6364839 2.3637727 3.7444713 4.2610176 3.7025617 3.5987583 3.2656641 2.5255349 2.1217939 1.9759690 2.5757306 2.4144801 2.7914699 2.9379413 1.9915640 3.0784388 2.8031916 2.4347314 2.4347314 3.1681462 3.6091852 4.1809843 2.7337281 3.9215161 5.8380819 
Nvec_v1g80090                                         2.4223787 1.1327070 2.8015599 1.9436057 2.2231998 1.7831580 2.2490033 1.7145410 1.7559214 1.7193489 1.8691265 1.4137474 1.9769330 1.0529664 0.5819506 1.0808476 1.1275615 0.6251261 1.6345383 1.1633556 0.0000000 1.6857563 1.8058266 1.6849901 1.2745323 2.2410383 1.4285635 2.0263723 1.8216818 2.1565722 2.1540640 2.0578491 2.1286505 1.5882226 2.3735894 1.9211266 2.5625177 2.7078405 2.4950072 2.2713891 2.7544817 3.2135277 2.9515758 2.5693997 2.4678495 1.5524933 1.7056513 1.2935830 1.9438487 2.1638030 2.0399859 2.1222576 2.4273831 2.4041584 2.1881947 2.1156437 1.9374793 2.6147349 2.7326602 2.6862537 2.9585518 2.8726547 2.2096923 1.7744157 1.6690885 1.7685337 2.0324125 2.6024536 1.8874516 1.6830003 2.2194717 1.9020742 2.1921938 2.1921938 2.4228753 2.5372643 3.4225569 2.3490026 2.6165171 5.5761648 
Dgig_XM_028541888.1                                   3.2031694 1.1737746 2.6132575 2.3902705 2.6376773 2.5001625 1.8510529 2.5213941 3.0627118 3.0059696 2.9338419 1.4720795 2.9625180 2.2471173 0.9045536 2.4506123 2.4168464 0.9886604 3.5085179 2.4914200 1.6857563 0.0000000 1.2066087 2.3906667 2.4175620 3.0519373 1.4933362 2.5477255 1.9085733 2.7158509 2.7289853 2.7593163 2.8510445 1.2896868 3.5537128 2.1967687 3.4985675 4.0609353 3.0409573 2.8368980 3.4418892 4.0445580 3.7839620 2.7824131 3.7378478 2.6001826 2.2296904 1.7968689 3.2393103 2.5872343 2.6639747 3.2176144 2.8289967 3.8715927 2.2436235 2.5350044 2.9751016 4.1865199 4.1667186 4.4784174 4.1791430 2.7525377 2.5298968 2.0469120 2.1303318 2.6114787 2.7137797 3.0064861 3.0638711 2.1692368 3.0985331 3.0398294 2.5883845 2.5883845 2.8334084 3.2671845 3.9049927 2.4255236 4.1452551 5.8882132 
Xesp_016157-T1                                        3.0288571 1.1273045 2.9075279 2.4260698 2.8729790 2.5329272 1.8091073 2.4809753 3.0124154 2.9607079 2.7601261 1.5971913 2.6463224 2.0669404 0.9726478 2.2653158 2.2724050 0.9839355 3.2948982 2.3946743 1.8058266 1.2066087 0.0000000 2.3052283 2.6255413 3.1109107 1.4321737 2.8075694 2.1732211 2.9549815 2.9511142 2.8540921 3.1106882 1.3371622 3.2638754 2.3048366 3.3513743 3.9249158 2.8345890 2.7627831 3.3108954 3.7087026 3.7646507 3.0075711 3.1899547 2.1009676 1.8172519 1.4498130 2.7395596 2.5553970 2.5679719 2.7203324 2.6616485 3.1662078 1.8408319 2.5572530 2.3756839 3.6981393 3.7288515 3.8110094 3.8889166 2.6841544 2.7241521 2.3908224 2.2913295 2.6687722 2.7554598 2.8786525 2.8605481 2.1577593 3.0351134 2.8313162 2.6761738 2.6761738 3.0006670 3.2100805 4.1266018 2.9174629 3.7649687 5.7103881 
Skow_XM_002738002.2                                   3.3458000 1.3278219 2.8728414 2.7049525 2.9469198 2.9031176 2.8139543 1.6311446 1.6720774 1.6225155 1.9806265 1.1513852 1.9508050 1.9829636 1.1561773 2.1557505 2.0548298 0.9737711 2.6058322 1.9727722 1.6849901 2.3906667 2.3052283 0.0000000 2.1872250 2.6184396 1.4866929 2.0816779 1.7272159 2.1943642 2.2063107 2.3252346 2.6043660 1.8446344 3.7138530 2.5964262 3.4763916 3.8670079 2.9304122 3.2478153 3.5387457 4.0273313 3.6956072 2.6111239 3.1861007 2.0108445 2.0929615 1.5922653 2.5779158 2.1451492 1.5364663 2.8566131 2.7313651 3.5405191 2.0982649 2.4839710 2.4673504 3.1784753 3.4937943 3.5261636 3.3408830 2.4722064 2.1308642 1.9648947 1.8903853 1.8585735 2.5525012 2.7354116 2.7414142 1.9049054 2.8369367 2.4567679 2.4983902 2.4983902 2.3419390 3.5100959 4.0018274 2.5364401 2.7043477 5.5567599 
Exapal_XM_021056038.2                                 3.8107749 1.8029703 3.0769819 3.0189952 2.9485229 2.8204562 2.4750956 2.2243473 2.4578225 2.4764066 2.6902577 1.6846992 2.7400194 1.8575876 0.8411443 1.9982589 1.9479571 0.8488515 2.5053554 2.0499290 1.2745323 2.4175620 2.6255413 2.1872250 0.0000000 3.1601720 1.8728314 3.1528990 2.7596017 3.2018701 3.2168864 3.1485188 3.1956092 1.7815470 3.3615333 2.4224184 3.4307668 3.7346650 3.1255446 2.9185138 3.3330415 3.8719951 3.4085744 3.2257779 3.1728995 3.4973907 2.1706434 1.3199317 2.8769888 2.4273456 2.8941967 3.2190403 2.9327248 3.5260634 2.8036340 3.0593160 2.6708694 3.5962204 4.0554944 3.6146167 3.9014550 3.2900185 2.7088678 2.2467134 2.1446839 2.7333087 2.7391544 3.1020562 2.8166971 1.9991643 2.8413607 2.5066458 2.6255186 2.6255186 2.7770546 4.0353317 3.9175483 2.5064694 3.4414520 6.3896803 
Tcas_TC012902_001                                     4.0055152 1.6816291 3.4811549 3.1424917 3.6560120 3.2997639 2.9850369 2.7760946 2.7669047 2.8035554 2.6891601 1.3026910 2.3349450 2.8004078 1.5096194 2.8534369 3.1853996 1.5489228 4.1942001 3.1706587 2.2410383 3.0519373 3.1109107 2.6184396 3.1601720 0.0000000 1.3619699 2.9484371 2.3855457 2.9902400 2.9840660 3.0990722 3.3235931 1.7021602 3.4685203 2.5481442 3.6187233 3.7040011 3.3326556 3.2088588 3.2291679 3.6624945 3.3416433 3.3470765 3.5984317 1.9496470 2.0411141 1.5452792 3.3152118 2.4665111 1.8547669 3.2532291 3.1366442 3.4567042 2.4692278 2.8205826 2.6039937 3.9723065 3.7962594 4.6121469 3.9207264 3.0899443 3.2570032 2.8971141 2.9201813 2.8362854 3.5334585 3.0018898 3.0913179 2.4551534 3.3185893 3.1590619 3.1361462 3.1361462 2.5688145 3.7621140 4.9998988 3.3147374 4.3171208 5.3210163 
Dpul_mRNA22223                                        2.2254548 1.6607589 2.1623130 1.6111785 1.4836492 1.8413492 2.3127133 1.5221183 1.5351128 1.5351128 1.3762821 1.5731684 1.3928237 1.5169037 1.5600535 1.5585696 1.5865045 1.4364143 2.0053207 1.5299438 1.4285635 1.4933362 1.4321737 1.4866929 1.8728314 1.3619699 0.0000000 1.4533563 1.4394390 1.5215503 1.5240373 1.4529113 1.4023001 1.5053898 1.6902161 1.8938381 1.7534538 1.7993412 1.8020565 1.7588658 1.8515741 2.0343868 1.8151715 2.0518296 1.9901271 2.1268718 1.9463752 1.9638542 1.9703748 2.2176912 2.5055575 1.9017841 2.3313704 2.5223628 2.0370210 2.2030460 2.3095941 2.4244570 2.4295290 2.2747753 2.3395181 2.0309787 1.2821270 1.7095073 1.5464282 1.7027397 1.6482433 1.6340835 1.5845946 1.8037388 1.6190395 1.9776898 1.9417512 1.9417512 1.7948939 2.1386079 2.3167218 1.8325855 2.0009681 4.1504798 
HoiH23_PlH23_004782-RA                                3.5463960 1.2756550 3.3431674 2.6189666 3.0618804 2.5334223 2.3461503 2.4290343 3.0553433 2.9205593 2.6631706 1.2599750 2.6350026 2.4215426 1.1818771 2.6160028 2.5566989 1.1764382 3.9619782 2.7531987 2.0263723 2.5477255 2.8075694 2.0816779 3.1528990 2.9484371 1.4533563 0.0000000 0.1327888 0.3504311 0.3461680 0.7344362 0.8663965 1.3748400 3.5717201 1.8845672 3.3659687 3.6931087 2.9663566 2.8402876 3.1312639 3.4377839 3.3578689 2.9048236 3.1903106 1.8273353 2.0189250 1.6647929 3.0316819 2.4238380 1.9454535 3.4633519 2.8030697 3.7698775 2.6342047 3.0158390 2.9670546 4.0440891 4.1848148 3.9155887 4.2627365 2.5020259 2.5776616 2.2400215 2.0554636 2.2782800 2.7160281 2.9329177 2.8199543 1.9521351 2.4586537 2.6384075 3.0614834 3.0614834 2.6154986 3.1141087 3.8816759 2.5261712 3.7880953 5.5836772 
HoiH06_mRNA10185                                      2.5252134 1.2288581 2.6870838 1.8680942 2.4039974 2.2060665 2.2274208 2.0994086 2.3762698 2.3637349 2.3270430 1.2703638 2.0579490 1.9302134 1.1663589 2.1077955 2.0817807 1.1170848 3.4683436 2.3175329 1.8216818 1.9085733 2.1732211 1.7272159 2.7596017 2.3855457 1.4394390 0.1327888 0.0000000 0.2935343 0.2926010 0.5561689 0.6651617 1.4070745 3.1674535 1.8944307 2.9751201 3.0319205 2.6697179 2.5199254 2.8242551 3.1532269 2.9372603 2.4838948 2.6768037 1.9582803 2.0501975 1.7718352 2.6555100 2.3237080 1.9566279 2.9612600 2.4365029 3.3712815 2.7039638 2.9566129 2.7285591 3.3453258 3.6861752 3.5445212 3.8994783 2.4635707 1.9452475 2.0289939 1.9575733 2.1333013 2.2461965 2.5666748 2.3653967 1.9644352 2.1882345 2.5303820 2.6697121 2.6697121 2.2683830 2.5711869 3.7510278 2.4182605 3.0229785 5.3847459 
Hhon_g10985.t1                                        3.8323641 1.3450518 3.2680759 2.4069195 3.0218877 2.6963418 2.4346500 2.5161931 3.0343926 3.0018543 2.9300018 1.3337023 2.8118653 2.5071479 1.2027659 2.7877432 2.6602725 1.1732178 3.8347805 2.7984620 2.1565722 2.7158509 2.9549815 2.1943642 3.2018701 2.9902400 1.5215503 0.3504311 0.2935343 0.0000000 0.0122154 0.7838299 0.8984312 1.3592784 3.7716637 1.9121282 3.6396768 4.0587412 2.9873464 3.0521808 3.3386621 3.7598518 3.6666641 3.0262530 3.3962965 1.8986669 2.1998299 2.0488007 3.1801908 2.3393010 2.0625020 3.5541276 2.7569801 4.1465590 2.5650579 3.1153601 2.9333241 4.1211716 4.7417173 3.9718091 4.3517541 2.9425911 2.8624976 2.3933550 2.2724608 2.5196285 2.9812017 3.0507976 2.7907500 1.9575465 2.6396939 2.7123520 2.9994656 2.9994656 2.6810727 3.3905930 4.2092907 2.6383556 3.6237130 5.6622510 
HoiH04_mRNA3463                                       3.8013783 1.3450518 3.2662685 2.3957253 3.0279900 2.6681388 2.4421270 2.5183107 3.0364050 3.0038287 2.9269488 1.3343252 2.8117098 2.5080767 1.1983507 2.7754704 2.6649363 1.1738036 3.8169686 2.7910246 2.1540640 2.7289853 2.9511142 2.2063107 3.2168864 2.9840660 1.5240373 0.3461680 0.2926010 0.0122154 0.0000000 0.7872932 0.9041667 1.3625260 3.7561254 1.9150897 3.6153757 4.0335941 2.9889641 3.0414971 3.3045187 3.7134117 3.6366191 3.0556144 3.4188418 1.8986669 2.2260290 2.0488007 3.1878302 2.3467219 2.0625020 3.5429548 2.7394921 4.1476361 2.5772619 3.1473811 2.9252442 4.1101111 4.8178377 3.9609771 4.3558091 2.9425911 2.8533106 2.3689596 2.2512620 2.5331212 2.9609241 3.0849757 2.7866448 1.9693907 2.6246282 2.7200093 2.9623088 2.9623088 2.6953698 3.4434585 4.2057576 2.6335296 3.6187537 5.7018537 
TrH2_TrispH2_008966-RA                                3.7754742 1.3323391 3.5349714 2.5141331 3.0150500 2.8992342 2.6323862 2.6314703 3.0996310 3.1054674 3.0124391 1.3201043 2.7644259 2.6537791 1.2055448 2.8173755 2.8102369 1.2729665 4.1134688 2.9704172 2.0578491 2.7593163 2.8540921 2.3252346 3.1485188 3.0990722 1.4529113 0.7344362 0.5561689 0.7838299 0.7872932 0.0000000 0.0099904 1.5479429 3.9007581 2.0133511 4.0445513 4.2170902 3.2905101 3.3942621 3.4148809 3.9993581 3.7155843 2.9256557 3.1313017 1.7229918 2.1164677 1.8065936 3.2485080 2.3578143 2.0377543 3.4416004 2.9974831 4.0344199 2.8090244 2.8992590 3.0828975 4.3117138 4.3702587 3.7998670 4.4164262 2.8138322 2.6071239 2.4137052 2.3191539 2.6070922 3.1061836 3.1159425 2.9804667 2.1810293 2.6737806 2.7228972 2.8826376 2.8826376 2.8153322 3.1873350 4.4553223 2.5615829 3.5041222 5.4837410 
Tadh_TriadT56122                                      4.2172111 1.3497342 3.9164499 2.7626012 2.8823241 3.0956145 3.0453551 2.6680194 3.1385938 3.1226860 3.3702258 1.4004403 2.9861237 2.8703198 1.2806601 2.7572920 3.1102108 1.3547552 3.8078867 2.9617071 2.1286505 2.8510445 3.1106882 2.6043660 3.1956092 3.3235931 1.4023001 0.8663965 0.6651617 0.8984312 0.9041667 0.0099904 0.0000000 1.6077972 4.0683656 2.1462856 4.3939376 4.5646243 3.3072903 3.6725647 3.8101427 4.5455022 4.0895681 3.1797671 3.2218753 1.7229918 2.0280771 1.8065936 3.3669488 2.4588559 2.0377543 3.7386332 2.9293472 4.2514702 2.9681014 2.9544087 2.9659998 4.5524160 4.5629902 3.5990124 4.7061734 3.0624377 2.8003759 2.4512271 2.4093966 2.7731842 3.2857157 3.4410023 3.3370910 2.3613837 2.8662161 3.0117630 2.9981004 2.9981004 3.0177618 3.5044401 4.6918228 2.5834756 3.8993272 5.3619746 
Bolinf_Binf_sb1170505                                 1.5860262 1.5584216 1.2170774 1.3029096 1.2176134 1.2459474 1.3742823 1.8143097 1.6214671 1.6214671 1.4642959 1.5341350 1.4402923 1.3007355 1.4896319 1.3968012 1.2155716 1.3231922 2.3511358 1.5321573 1.5882226 1.2896868 1.3371622 1.8446344 1.7815470 1.7021602 1.5053898 1.3748400 1.4070745 1.3592784 1.3625260 1.5479429 1.6077972 0.0000000 0.0994367 0.2388284 0.3256511 0.3012813 0.3836554 0.3796133 0.4985197 0.3819447 0.4860262 1.2589348 1.8316068 1.7771238 1.7324904 3.1988086 1.5968062 2.1254797 2.0112226 1.9662950 1.4985433 1.7988922 1.8123904 2.1018566 1.9923321 1.7661777 2.1476883 1.7292263 2.3015192 1.9924406 1.3275354 1.8625706 1.6911915 1.7117028 1.5303939 1.6496177 1.4138912 1.5423666 1.5029886 1.7573869 1.3741501 1.3741501 1.9331499 1.2371718 1.8020050 2.0200664 2.3031352 5.5777011 
Mlei_ML2109.g5.i1                                     3.9310416 1.7854159 3.1939621 2.7479654 3.0324509 3.0591339 2.1938276 3.5825787 3.7524082 3.6228115 3.6845998 1.6660131 3.2819813 3.1859912 1.7726807 3.1617174 3.2999762 1.8884371 4.6670136 3.6752144 2.3735894 3.5537128 3.2638754 3.7138530 3.3615333 3.4685203 1.6902161 3.5717201 3.1674535 3.7716637 3.7561254 3.9007581 4.0683656 0.0994367 0.0000000 0.3519553 1.0334366 1.1475765 0.9848831 1.1659566 1.4405465 1.5828549 1.6224626 2.7560044 3.3201557 1.6334192 2.1170084 2.1275676 3.2687154 2.7610476 1.9733985 3.1806366 2.5180733 4.0926853 2.2472226 3.4229005 2.7502762 3.9331096 4.3829211 3.9213513 4.1871244 3.4087450 3.0866273 2.7143811 2.8857894 3.0569330 3.3882563 3.5091095 3.2734627 2.5775484 3.6033143 3.4260030 2.8840076 2.8840076 3.6626706 3.5872696 3.6543507 3.2515461 4.0915529 7.1161877 
Beraby_Baby_sb342947                                  2.2630103 1.7319465 2.1463889 1.7240627 1.7055875 1.9890945 2.0003606 2.5197378 2.1668201 2.1668201 2.1246380 1.6445203 2.0544685 2.0646359 1.8395611 2.0311655 1.9202266 1.9326430 3.3063789 2.3377626 1.9211266 2.1967687 2.3048366 2.5964262 2.4224184 2.5481442 1.8938381 1.8845672 1.8944307 1.9121282 1.9150897 2.0133511 2.1462856 0.2388284 0.3519553 0.0000000 0.5442713 0.5685310 0.6624303 0.6340361 0.7342207 0.7582534 0.7122646 1.8835923 2.6374008 1.6012298 2.1979783 2.5125441 2.1336879 2.5950632 2.2197856 2.1282217 1.8041988 2.2377898 2.4713526 2.7902356 2.4575756 2.3417953 2.5582517 2.2544614 2.6274498 2.3206263 2.0601830 2.0874847 1.9493739 2.0019628 1.9337804 2.0510270 2.2857018 2.2691314 2.1678498 2.7783547 2.0615525 2.0615525 2.6228562 2.3154764 2.3441468 2.8990549 2.7717168 6.3259807 
Horcal_Hcv1.av93.c9.g896.i1                           3.6029275 1.6488676 3.0077707 2.6463953 3.1435134 2.6516872 2.0592133 3.9367202 3.7657913 3.8343869 3.8160971 1.6408378 3.8105672 3.2709120 1.9001681 3.3319528 3.5435705 1.8415193 5.8698262 4.4157092 2.5625177 3.4985675 3.3513743 3.4763916 3.4307668 3.6187233 1.7534538 3.3659687 2.9751201 3.6396768 3.6153757 4.0445513 4.3939376 0.3256511 1.0334366 0.5442713 0.0000000 0.1047015 0.9507589 1.2200431 1.4620111 1.6261047 1.6651872 3.0603669 3.3015309 1.3788011 2.0064259 2.6236807 3.2869304 2.9230536 2.0020610 3.1967713 2.6931462 4.0797342 2.6362642 3.2376576 2.7849493 4.1083104 4.3507636 3.8933110 3.7253895 2.8633665 3.3416286 2.5631169 2.8293663 3.3154481 3.2681562 4.0367898 3.3854360 2.4832681 3.4532615 3.2178108 3.1534749 3.1534749 3.3010612 3.6064793 3.7407672 3.5679006 4.5754743 6.7838314 
Pbac_sb2645143                                        3.8340910 1.6506805 3.2843774 2.8816415 3.1331493 2.8234164 2.1851126 3.9844998 3.7809907 3.8122522 4.1223145 1.7017870 4.0339351 3.4628662 2.0500344 3.7344465 3.8647069 2.0268444 6.4978666 4.7211746 2.7078405 4.0609353 3.9249158 3.8670079 3.7346650 3.7040011 1.7993412 3.6931087 3.0319205 4.0587412 4.0335941 4.2170902 4.5646243 0.3012813 1.1475765 0.5685310 0.1047015 0.0000000 0.9890579 1.3558899 1.4633752 1.5981895 1.7884987 3.2917656 3.5689335 1.3788011 2.1870658 3.0139038 3.4957519 2.9549675 1.9410449 3.4757545 2.9457510 4.4463603 2.6659057 3.2330808 2.9149499 4.3678396 4.4076469 4.0825047 3.8151446 3.1503350 3.5016644 2.8770832 3.1483215 3.4154932 3.6824379 4.3546056 3.9087990 2.5820302 3.7830630 3.2971883 3.4711108 3.4711108 3.8122653 3.6069762 3.8064974 3.7145011 4.6458101 7.1012294 
Drygla_Dgla_sb292870                                  3.2365371 1.4923652 2.7278153 2.1393994 2.6355306 2.9657765 2.3695680 3.1889093 3.3254632 3.3211997 3.1586448 1.6757976 3.2932660 2.7913576 1.8271847 3.1631695 2.7478015 1.8848508 4.8683197 3.5737129 2.4950072 3.0409573 2.8345890 2.9304122 3.1255446 3.3326556 1.8020565 2.9663566 2.6697179 2.9873464 2.9889641 3.2905101 3.3072903 0.3836554 0.9848831 0.6624303 0.9507589 0.9890579 0.0000000 1.1754231 1.5220679 1.5823128 1.5242119 2.6322563 3.3164464 1.3373506 2.1369400 2.7649663 2.7757313 2.6229391 1.9083385 3.0046274 2.2792001 3.3801811 2.0568474 3.0832595 2.9172910 3.6572735 3.2137751 3.1531987 3.6943932 2.2083686 2.8722340 2.7288963 2.8047494 2.9013657 3.0321026 3.1869497 3.1343251 2.3428143 3.2676965 3.1574269 2.8599450 2.8599450 3.3336183 3.3783075 3.4860590 3.3587982 3.8613785 5.7825858 
Lampan_Lpan_C418337_01                                3.3180800 1.5714343 2.9431006 2.4988354 3.0102667 2.8971531 2.4456893 3.1331211 3.3955562 3.3848206 3.1974650 1.6890431 3.1239443 2.5863057 1.7053163 2.7991007 2.9465312 1.7143725 4.5679285 3.4920114 2.2713891 2.8368980 2.7627831 3.2478153 2.9185138 3.2088588 1.7588658 2.8402876 2.5199254 3.0521808 3.0414971 3.3942621 3.6725647 0.3796133 1.1659566 0.6340361 1.2200431 1.3558899 1.1754231 0.0000000 1.2229019 1.3515009 1.3780536 2.6513984 3.1445577 1.5156288 2.1343523 2.1486371 2.6279566 2.4835291 2.2624490 3.1005329 2.4387275 3.5200658 2.3999150 3.0469879 2.7187083 4.0155867 3.7380290 3.7995601 3.7179270 2.5712190 3.0759562 2.5351352 2.3344483 2.6588863 3.0321865 3.0019512 2.9593747 2.6166897 3.0313772 3.2492447 2.9097188 2.9097188 3.6517247 3.0220747 3.3366849 3.5211986 3.7875288 6.8461683 
Coeast_Cast_sb789909                                  3.6157801 1.8199058 3.1547245 2.6312936 2.6288539 3.0063391 2.4197980 3.4252283 3.2514142 3.3124181 3.7277180 1.8475041 3.3235010 2.9438897 2.0254489 3.1293063 3.1394341 2.0558056 4.6524670 3.5542364 2.7544817 3.4418892 3.3108954 3.5387457 3.3330415 3.2291679 1.8515741 3.1312639 2.8242551 3.3386621 3.3045187 3.4148809 3.8101427 0.4985197 1.4405465 0.7342207 1.4620111 1.4633752 1.5220679 1.2229019 0.0000000 0.0443699 0.0924056 3.0714968 3.6578933 1.6166375 1.9273377 2.2413727 2.7510632 2.9036622 2.1101872 3.2761468 2.7930645 3.7490482 2.7919662 3.3353364 3.0666185 4.3408107 3.6545475 3.7363550 3.7384519 2.6689414 2.9922311 2.7546700 2.6749248 2.9355765 2.8022226 3.8591614 3.1110581 3.0831046 3.2082832 3.3720416 3.0847839 3.0847839 3.5142706 3.0919407 3.8126631 3.3118622 4.4337915 6.7049612 
Coeast_Cast_sb789910                                  3.9816908 1.8199058 3.2235485 2.8560132 2.8062160 3.5385816 3.2472864 3.8703120 3.6186631 3.7005162 4.0090521 2.0530541 3.6964729 3.3357939 2.2460224 3.5530662 3.5589234 2.4046036 6.5314087 4.2218931 3.2135277 4.0445580 3.7087026 4.0273313 3.8719951 3.6624945 2.0343868 3.4377839 3.1532269 3.7598518 3.7134117 3.9993581 4.5455022 0.3819447 1.5828549 0.7582534 1.6261047 1.5981895 1.5823128 1.3515009 0.0443699 0.0000000 0.1505818 3.5536372 4.0937154 1.6166375 2.0947330 7.8272708 3.1818239 3.1611283 2.1101872 3.6736192 2.8170900 4.1495954 2.8675976 3.5816024 3.4877083 5.0506606 3.9173783 3.9853660 4.0530531 2.6689414 3.0010652 2.8492118 2.9108920 2.9246325 3.0232483 4.3246110 3.5767114 3.5347201 3.5512533 3.6788252 3.5078096 3.5078096 3.9258879 3.1682274 3.6966596 4.0729416 4.6930826 7.0206772 
Coemet_Cmet_scaffold22669_01                          3.9920178 1.8556851 3.4919313 3.1375448 3.0192298 3.1034458 2.4394862 3.5977485 3.5523408 3.6241430 3.8441312 1.7940727 3.4853470 3.1907701 2.0053013 3.2229317 3.5157804 2.0559210 5.0696174 3.8900387 2.9515758 3.7839620 3.7646507 3.6956072 3.4085744 3.3416433 1.8151715 3.3578689 2.9372603 3.6666641 3.6366191 3.7155843 4.0895681 0.4860262 1.6224626 0.7122646 1.6651872 1.7884987 1.5242119 1.3780536 0.0924056 0.1505818 0.0000000 3.3782736 3.9363597 1.6035182 1.9112264 2.2159131 3.0829353 2.8667832 2.1632374 3.5175070 2.9856683 3.9905753 2.7556425 3.4005820 3.0828162 4.4304703 4.2790216 4.2965702 4.3560272 2.6929664 3.5380903 2.9855925 2.8531537 2.9448620 3.3414204 3.9039573 3.2180860 3.1148364 3.4445178 3.3818519 3.2908351 3.2908351 3.7981586 3.4382707 4.1609002 3.4689008 4.6918444 7.5504242 
Plajan_Pjan_scaffold23667_01                          3.0914473 1.4435856 3.1593271 2.5882092 2.7984426 2.3218868 2.1094102 2.7337013 2.8746405 2.8278936 2.7478918 1.6696755 3.0539577 2.3968823 1.2997650 2.5549332 2.3312900 1.3566970 3.5279070 2.6914352 2.5693997 2.7824131 3.0075711 2.6111239 3.2257779 3.3470765 2.0518296 2.9048236 2.4838948 3.0262530 3.0556144 2.9256557 3.1797671 1.2589348 2.7560044 1.8835923 3.0603669 3.2917656 2.6322563 2.6513984 3.0714968 3.5536372 3.3782736 0.0000000 3.2497146 2.1351699 2.1971913 2.5084805 2.8199496 2.3196377 2.4089174 2.8508553 2.5400899 3.3723211 2.2583820 2.9787383 2.5865676 3.6777881 3.0306842 3.4303983 3.3771403 2.8176471 2.3489058 2.6366530 2.7103426 2.2193606 2.8180396 3.0716644 2.5682070 2.4571207 2.9983858 2.9427165 2.2988863 2.2988863 3.0209050 2.5683760 4.0628645 2.9878477 3.2132674 6.4133108 
Codhol_EP00042_Codosiga_hollandica_P021249            3.8158950 2.1575774 3.8449089 3.1866992 3.6227034 3.0214637 2.3857747 3.1675345 3.4684630 3.3723251 3.7943889 2.2942339 3.6492095 3.4159759 2.1104900 3.4721465 3.4943054 2.0678150 3.5955276 3.3784897 2.4678495 3.7378478 3.1899547 3.1861007 3.1728995 3.5984317 1.9901271 3.1903106 2.6768037 3.3962965 3.4188418 3.1313017 3.2218753 1.8316068 3.3201557 2.6374008 3.3015309 3.5689335 3.3164464 3.1445577 3.6578933 4.0937154 3.9363597 3.2497146 0.0000000 0.5336320 1.2382387 1.6961843 1.7544943 1.4892119 1.2152564 1.8729411 1.8994550 2.4435494 1.5546404 2.0975417 1.6953428 2.1856945 2.6222775 2.8825977 2.5673544 3.0832174 3.2221506 3.4609786 3.1374725 3.6039265 3.3464260 3.8288393 3.6441945 2.7093854 3.1433421 3.5165210 3.4640529 3.4640529 4.1294775 3.5530616 3.4198232 4.0839236 4.0401325 5.6726331 
Saldol_EP00054_Salpingoeca_dolichothecata_P018834     2.1818188 1.9940472 2.6560070 1.9559149 2.1549702 1.9392218 2.3443931 1.9657143 1.3984494 1.3984494 1.7197767 1.7154602 2.3673554 1.4939242 1.7189048 1.5463478 1.7403492 1.6583570 5.4225389 2.0450230 1.5524933 2.6001826 2.1009676 2.0108445 3.4973907 1.9496470 2.1268718 1.8273353 1.9582803 1.8986669 1.8986669 1.7229918 1.7229918 1.7771238 1.6334192 1.6012298 1.3788011 1.3788011 1.3373506 1.5156288 1.6166375 1.6166375 1.6035182 2.1351699 0.5336320 0.0000000 0.3968000 0.0000010 0.5366199 0.5693035 0.5852226 0.5198730 0.5086079 0.5436577 0.6526690 0.5216599 0.7173856 0.7405565 0.6811122 0.7078122 0.7465883 2.0137836 2.0107135 2.2038653 2.0760837 2.1129094 2.0970665 2.0577484 1.5347453 1.4992984 1.7326760 1.4559651 1.3866326 1.3866326 2.5379202 1.8135752 1.0622871 2.6600808 2.7482746 5.4491033 
