116
Lcom_lcpid142197                                       0.0000000 0.5726686 0.8244644 0.7001302 1.3501129 0.8177686 0.7139808 0.7230229 0.8276571 0.0000010 0.0000010 0.7729420 0.0000010 0.7115550 0.7430019 0.7275428 0.7120687 0.6400784 0.7188722 0.0000010 0.8928118 0.6689770 0.7289684 0.7289684 0.7884291 0.7898484 0.8384954 0.8445690 0.8445690 0.8416233 0.8416233 0.8118490 0.6677520 0.8634165 0.8634165 1.0054073 0.8280453 0.8280453 0.8280453 0.8280453 0.8447938 0.8219058 0.8380987 0.0000010 0.7145536 0.3331166 0.3331166 0.0000010 0.7953146 0.7876749 0.7876749 1.1742437 1.1742437 0.8024793 0.8024793 1.1742437 1.1742437 0.8024793 0.8024793 0.8831973 0.8831973 0.8831973 0.8800184 0.8800184 1.0266832 0.8216221 0.0000010 0.8314733 0.6872835 0.5989976 0.9831761 0.9038244 0.0000010 0.6885939 0.7851436 0.8682967 0.7810257 0.9057714 0.7858918 0.6648809 0.5334697 0.6080456 0.1916591 0.6937320 0.5746009 0.6499088 0.6182546 0.5040163 0.5669636 0.6242715 0.6707286 0.5444342 0.6764387 0.7369280 0.4944047 0.6785087 0.6534374 1.0526656 1.0594983 0.6858225 0.7777524 0.8349034 0.7455029 0.7090070 0.9198251 0.8080275 0.9132892 0.8406613 0.7735082 0.6380750 0.9791526 0.0000010 0.0000010 1.0800367 0.9156271 1.4998889 
Gasp_gasp1.m3.31961.m1                                 0.5726686 0.0000000 0.1183759 0.1099417 1.4907354 0.1243115 0.1600767 0.7508471 0.7607192 0.6908395 9.0000000 0.8367305 0.0000010 0.4576481 0.6616110 0.6335195 0.7691669 0.5525002 0.5151588 0.0000010 0.7193510 0.6642122 0.6279713 0.6279713 0.5988763 0.5979607 0.6082032 0.6281409 0.6281409 0.6343118 0.6343118 0.6135627 0.6807494 1.1267785 1.1508289 1.3360972 1.0560634 1.0560634 1.0335464 1.0335464 1.1256183 1.0902210 1.0902210 9.0000000 0.9272989 0.5762492 0.5762492 9.0000000 0.9133636 1.1013956 1.1013956 1.4869361 1.4869361 0.9273309 0.9273309 1.4260243 1.4260243 0.9131475 0.9131475 1.0802168 1.0572335 1.0802168 1.1929092 1.1684506 1.3737948 1.0366866 9.0000000 0.7327561 0.1698403 0.1462477 1.3143521 1.2016356 9.0000000 0.7264420 0.6964057 0.7167019 0.6817031 0.6330931 0.8140654 0.7850141 0.6594989 0.5917113 0.7011663 0.7767324 0.6997211 0.7252463 0.7518988 0.6555075 0.6737638 0.6626284 0.8894895 0.5176263 0.6627309 0.6398155 0.6616752 0.6623058 0.6557006 1.0465439 0.8784973 0.8633752 0.8798020 0.8606695 0.7593672 0.6522919 0.8578240 0.6392841 0.7916523 0.2169504 0.5871098 0.1755422 0.8744797 9.0000000 9.0000000 1.0568968 0.9289280 0.6219214 
Spis_XP_022804935_1                                    0.8244644 0.1183759 0.0000000 0.1502497 0.1167193 0.0565411 0.2271144 0.5012398 0.6112017 0.5288806 0.3900360 0.6144944 0.4081884 0.2951883 0.4771456 0.4968786 0.5504178 0.5476396 0.3784903 0.4115345 0.5372088 0.6014871 0.5855944 0.5884279 0.5263894 0.6356807 0.6490891 0.6667155 0.6703886 0.6533616 0.5091419 0.6560164 0.5785290 0.9997073 0.8331307 1.3684503 0.8517289 0.8517289 1.0127931 1.0127931 0.9464680 1.0014406 0.8648998 0.7282021 0.9015821 0.7822253 0.7822253 0.6343254 0.9163996 0.9741909 0.9741909 0.6716791 0.6716791 0.7567934 0.7567934 0.7875004 0.7223117 0.8174398 0.7822276 0.8906225 1.0543398 1.0201490 0.9499631 0.9778050 1.0021469 0.7943566 0.7469165 0.6972459 0.1501252 0.1580694 0.8905502 0.8768806 0.7407348 0.6094363 0.7848784 0.7791603 0.6030253 0.8005166 0.7906378 0.7693789 0.6262798 0.6662571 0.6223431 0.7654236 0.7262540 0.7315687 0.7174937 0.6534765 0.6990065 0.7044828 0.8644101 0.5832553 0.6858376 0.6450055 0.7540589 0.5920453 0.6040589 0.8272751 0.8503745 0.7616371 0.5938945 0.7760288 0.7642813 0.5992105 0.8013974 0.7217691 0.7469192 0.1955711 0.7614520 0.3566987 1.0527474 0.9237823 1.0884135 0.7820042 0.6831226 1.4840502 
Fspp_ffun1.m4.13950.m1                                 0.7001302 0.1099417 0.1502497 0.0000000 0.0486609 0.1158030 0.1908051 0.4216066 0.4687842 0.3610070 0.2640310 0.4927803 0.3277802 0.2647270 0.4158309 0.4403999 0.4779030 0.4115899 0.3221874 0.4115345 0.4602340 0.4666990 0.4784764 0.4831545 0.4788012 0.4967209 0.4981839 0.5192582 0.5192582 0.4761318 0.4221008 0.4826397 0.4655022 0.9933402 0.7088697 1.3337759 0.7107546 0.7107546 0.9879532 0.9879532 0.7413466 0.7541977 0.7535096 0.4125079 0.6352570 0.4637151 0.4637151 0.3670273 0.6706144 0.7488179 0.7488179 0.6894789 0.6894789 0.7583419 0.7583419 0.5841552 0.5494130 0.6642609 0.6545939 0.7970173 1.0813191 0.7722895 0.7737732 1.0379392 0.9876986 0.5896476 0.4412366 0.5744596 0.1281427 0.1196668 0.7331061 0.6615485 0.3582058 0.5103805 0.6011717 0.6049636 0.5162749 0.6138791 0.6254558 0.5886635 0.5109932 0.4639475 0.3792168 0.6265589 0.5567003 0.6356797 0.6144786 0.5270757 0.5690564 0.5533505 0.6513379 0.4790994 0.5299705 0.5310673 0.6399551 0.5045768 0.5056274 0.6301246 0.6312892 0.5006152 0.5549633 0.6399143 0.6166498 0.5079271 0.6703329 0.6300650 0.6209313 0.2056502 0.8173393 0.2071208 0.8485742 0.4450033 0.7496247 0.6797626 0.5586227 1.3367994 
Gasp_gasp1.m3.1395.m1                                  1.3501129 1.4907354 0.1167193 0.0486609 0.0000000 0.0711305 0.2074240 0.3434853 0.3656568 0.2946815 0.2640310 0.3440858 0.7663817 0.1341211 0.2765462 0.3016707 0.3350614 0.2958934 0.1954090 0.4115345 0.4091744 0.3477640 0.3523646 0.3523646 0.3368652 0.4041416 0.3900760 0.4284628 0.4284628 0.3679319 0.3679319 0.4174300 0.3274036 0.8020037 0.5647614 1.3153612 0.5926548 0.5926548 0.9799842 0.9799842 0.5491369 0.5812239 0.5806644 0.4654559 0.4816663 0.3928045 0.3928045 0.4661645 0.5192478 0.5516660 0.5516660 0.5027067 0.5027067 0.6180187 0.6180187 0.3962247 0.3962247 0.5008465 0.5008465 0.5367436 0.7968169 0.5365951 0.5387317 0.7525289 0.6988262 0.4125251 0.3246093 0.3995306 0.0447294 0.0755629 0.4979333 0.4533806 0.2751085 0.4089531 0.5117295 0.5005365 0.4464142 0.5369575 0.4784616 0.4642833 0.4260934 0.3646644 0.3318847 0.5069399 0.3871904 0.5679486 0.5349888 0.4764841 0.5132428 0.5259368 0.5369997 0.4245493 0.5004402 0.4575980 0.5982155 0.3908226 0.3576747 0.4326301 0.5034910 0.3982747 0.3851282 0.4621045 0.3945825 0.3834362 0.5884679 0.7279382 0.5785362 0.2333316 1.2755815 0.0692862 0.9465580 0.3774440 1.3187518 0.5052238 0.3498283 5.1434774 
Pocdam_XM_027190862.1                                  0.8177686 0.1243115 0.0565411 0.1158030 0.0711305 0.0000000 0.1727877 0.4373514 0.4549112 0.3369439 0.2775148 0.4886860 0.3412318 0.2508971 0.3958784 0.4150141 0.4813036 0.3970405 0.2919748 0.4115345 0.4743970 0.4777490 0.4978787 0.5017843 0.4465710 0.5076964 0.4984572 0.5254128 0.5254128 0.4932538 0.4530647 0.5208397 0.4673442 1.0175780 0.7406859 1.4215566 0.7468237 0.7468237 1.0160717 1.0160717 0.7385610 0.7526044 0.7544088 0.4533570 0.6773376 0.4826729 0.4826729 0.4056846 0.6892423 0.7490798 0.7490798 0.7003530 0.7003530 0.7744655 0.7744655 0.5956388 0.5822212 0.6790267 0.6828764 0.8312378 1.0812158 0.7856911 0.7552187 1.0141712 1.0127883 0.5971314 0.4112138 0.5402179 0.1263735 0.1101084 0.7033904 0.6590582 0.3526244 0.4908686 0.6186625 0.6197156 0.5432240 0.6289814 0.6186062 0.6063521 0.5107446 0.5086777 0.4065954 0.6287240 0.5146449 0.6092182 0.5922623 0.5507240 0.5788709 0.5836318 0.6668908 0.4496487 0.5657095 0.5575753 0.6318369 0.4969891 0.4875923 0.6018890 0.6446994 0.5042950 0.5409020 0.5804942 0.5416053 0.5509830 0.6505747 0.7125876 0.6719426 0.2019164 0.7538232 0.1809496 0.8799989 0.4498027 0.7810997 0.6872410 0.4790090 1.4703905 
Adig_XM_015915004.1                                    0.7139808 0.1600767 0.2271144 0.1908051 0.2074240 0.1727877 0.0000000 0.5794655 0.6476115 0.5124701 0.2856778 0.6375458 0.7875425 0.3836120 0.5045948 0.5506080 0.5987725 0.4909186 0.4350333 0.9399818 0.6126710 0.5784280 0.5529615 0.5529615 0.5617280 0.6171503 0.6276441 0.6391195 0.6391195 0.6122246 0.6122246 0.6147704 0.5674284 1.1879061 0.9190568 1.3511036 0.8906582 0.8906582 1.1778970 1.1778970 0.8870284 0.8951334 0.8957951 0.4857765 0.7717314 0.5457185 0.5457185 0.4884639 0.8078482 0.8678398 0.8678398 0.9583040 0.9583040 0.9093307 0.9093307 0.7342229 0.7342229 0.7806684 0.7806684 0.9351118 1.3118280 0.9175916 0.9037498 1.1649205 1.3164285 0.7628954 0.6212044 0.6721053 0.1356708 0.0524187 0.9253858 0.8917386 0.5853877 0.6252272 0.7352164 0.7221407 0.6916668 0.7193821 0.7495530 0.7282261 0.5872173 0.5348783 0.5283822 0.7435542 0.6051825 0.7172461 0.7014206 0.6660586 0.7266358 0.7230918 0.7405193 0.5496378 0.6348453 0.6263288 0.7005829 0.5622700 0.5949652 0.8184858 0.8187716 0.7079069 0.7467909 0.7856145 0.6600407 0.6518373 0.7489484 0.8440193 0.7898290 0.0279148 0.6802627 0.0566198 0.9855236 0.4126724 1.3870984 0.8523667 0.6911253 1.6101568 
Spur_XM_030973889.1                                    0.7230229 0.7508471 0.5012398 0.4216066 0.3434853 0.4373514 0.5794655 0.0000000 0.4108435 0.2621801 0.1677320 0.4343455 0.5287341 0.4175550 0.4396173 0.4601058 0.4262080 0.4125933 0.3921921 0.4613511 0.4121779 0.4952000 0.4904160 0.4904160 0.3931598 0.4558839 0.4670831 0.4638838 0.4638838 0.4380524 0.4380524 0.4412604 0.4536745 0.7894644 0.5743794 1.0809983 0.5870959 0.5870959 0.7830582 0.7830582 0.5511747 0.5350101 0.5345906 0.2649442 0.4867228 0.2907152 0.2907152 0.2529799 0.5034714 0.6042491 0.6042491 0.5515504 0.5515504 0.6265603 0.6265603 0.3757420 0.3946393 0.4833767 0.5037990 0.6308087 0.7942638 0.5911132 0.5797094 0.8044127 0.8398825 0.4546261 0.2497108 0.4189204 0.3985903 0.3705722 0.4551263 0.4899445 0.2219818 0.3653680 0.5540356 0.5564788 0.5142660 0.5333421 0.5235792 0.5559301 0.4222908 0.4748986 0.3092417 0.5761955 0.5496229 0.5301135 0.5134177 0.4387980 0.5114253 0.5536057 0.5596041 0.4629236 0.4551703 0.4752868 0.5738364 0.4791717 0.3651268 0.4737718 0.5463608 0.3487721 0.4701795 0.5067477 0.4800760 0.6432350 0.6479719 0.6506741 0.5530787 0.5614706 0.7836560 0.4006933 0.7223685 0.2608948 0.8037955 0.6066123 0.5146274 1.4257459 
Acagra_model.g18988.t1_model.g18987.t1                 0.8276571 0.7607192 0.6112017 0.4687842 0.3656568 0.4549112 0.6476115 0.4108435 0.0000000 0.2457431 0.1238875 0.3858694 0.1853000 0.4741635 0.5047132 0.5390512 0.5616929 0.6165767 0.4855561 0.3413885 0.4846678 0.6319809 0.5873707 0.5922222 0.6135368 0.5982087 0.5942428 0.6064551 0.6076673 0.5823521 0.4567270 0.6123667 0.5950918 0.9296072 0.6839789 1.2816794 0.6714151 0.6714151 0.9030832 0.9030832 0.7866406 0.7462116 0.6630483 0.3805142 0.7268100 0.5893807 0.5893807 0.3512884 0.8148076 0.8043529 0.8043529 0.6854665 0.6854665 0.7835045 0.7835045 0.6295159 0.5221810 0.7131626 0.6505409 0.7457882 0.9849202 0.8600221 0.8004161 0.9407253 0.9720306 0.5205258 0.5288751 0.5502746 0.5526714 0.5227515 0.6751541 0.6559295 0.5782276 0.5401384 0.7812913 0.8186877 0.6122024 0.8393851 0.7546048 0.7750431 0.6710983 0.6719107 0.5859055 0.7366049 0.7491693 0.6682667 0.7255027 0.6229167 0.6813072 0.7019056 0.7787998 0.6149342 0.7522366 0.7264961 0.7224283 0.5755354 0.5537604 0.7465401 0.7443184 0.5950811 0.5147735 0.7663584 0.7229352 0.5793273 0.8031949 0.4822977 0.5121106 0.7160978 0.8872970 0.7284989 0.9418026 0.7253278 0.6482225 0.7104725 0.6305570 1.8541998 
Lcom_lcpid96753                                        0.0000010 0.6908395 0.5288806 0.3610070 0.2946815 0.3369439 0.5124701 0.2621801 0.2457431 0.0000000 0.0115366 0.2960427 0.2680802 0.3874921 0.4950619 0.5070492 0.5039202 0.6249322 0.4811023 0.4833290 0.3403753 0.5757789 0.5054324 0.5033560 0.5401245 0.5275450 0.5352520 0.5339347 0.5322951 0.5221810 0.3160212 0.5269811 0.6063637 0.5740793 0.4071630 0.0000010 0.3547645 0.3547645 0.5564814 0.5564814 0.5931775 0.6061641 0.4458715 0.3146615 0.5975357 0.6014956 0.6014956 0.2906267 0.6696491 0.6215495 0.6215495 0.4666930 0.4666930 0.4666930 0.4666930 0.4987187 0.3455424 0.4987187 0.3455424 0.3758742 0.5673178 0.6457976 0.6157677 0.5043889 0.4395816 0.5214245 0.6208753 0.5535483 0.4750441 0.4581666 0.5566162 0.4817641 0.5908325 0.4519238 0.6616514 0.6272791 0.4057564 0.6670052 0.5996186 0.6066503 0.5485788 0.6195408 0.5891904 0.5160511 0.7067758 0.5365482 0.5281295 0.5028007 0.5434427 0.5461553 0.6470688 0.4803097 0.5586653 0.4982694 0.5723202 0.5215123 0.5820149 0.6057542 0.6218031 0.6025050 0.3421318 0.6997584 0.7143403 0.3682919 0.7117041 0.4059839 0.4047229 0.6128065 0.1643837 0.7405484 0.9901427 0.7200507 0.6918398 0.6591176 0.5900458 0.0000010 
Lcom_lcpid224626                                       0.0000010 9.0000000 0.3900360 0.2640310 0.2640310 0.2775148 0.2856778 0.1677320 0.1238875 0.0115366 0.0000000 0.1312077 0.0000010 0.2295801 0.2602629 0.2775712 0.2973997 0.2593031 0.3250537 0.3253353 0.2239087 0.3343700 0.2544161 0.2544161 0.2468259 0.2265489 0.2132111 0.2265489 0.2265489 0.1990720 0.1990720 0.2265489 0.3542071 0.0000010 0.2669575 0.0000010 0.1807068 0.1807068 0.0000010 0.0000010 0.1946959 0.1685138 0.1685138 0.2515348 0.1951554 0.1814818 0.1814818 0.2309156 0.2077694 0.2427018 0.2427018 0.3884067 0.3884067 0.3884067 0.3884067 0.1814818 0.1814818 0.1814818 0.1814818 0.2195003 0.0000010 0.2195003 0.2339178 0.0000010 0.2248695 0.2336818 0.2712960 0.2712960 0.2646751 0.2671637 0.2543828 0.2471140 0.2592323 0.2958140 0.2513211 0.2515186 0.2787719 0.2830581 0.3839229 0.3926200 0.2913269 0.3275846 0.3217912 0.4743439 0.3924732 0.3402649 0.3294755 0.3210683 0.3515897 0.3715957 0.3693603 0.2806893 0.2352451 0.2735914 0.4040403 0.2862230 0.2633452 0.2246334 0.2446994 0.2604583 0.2767312 0.3393582 0.3382014 0.3090258 0.5374448 0.0000010 0.2870456 0.3579360 0.0000010 0.2671637 0.6372126 0.3661904 0.8459261 0.3168152 0.2071084 0.0000010 
Cgig_XM_011441659.3                                    0.7729420 0.8367305 0.6144944 0.4927803 0.3440858 0.4886860 0.6375458 0.4343455 0.3858694 0.2960427 0.1312077 0.0000000 0.1394323 0.5004292 0.5429870 0.5420318 0.5511055 0.6035251 0.5705095 0.5420418 0.4601721 0.5788263 0.5692070 0.5738839 0.5942883 0.5675128 0.5827135 0.5733860 0.5745642 0.5777685 0.4734746 0.5776233 0.6526294 0.8254698 0.6105255 1.1049301 0.6117503 0.6117503 0.8548986 0.8548986 0.7037945 0.7633335 0.6329958 0.3477647 0.6864200 0.5581100 0.5581100 0.3204307 0.7641542 0.7838690 0.7838690 0.6430395 0.6430395 0.7026193 0.7026193 0.5683061 0.4614215 0.6296793 0.5654612 0.6749945 0.9348637 0.8398634 0.8030236 0.8904469 0.8250368 0.5981805 0.5994159 0.5774398 0.5908138 0.5334140 0.6813602 0.6177624 0.5121145 0.6650267 0.6966929 0.7331789 0.5711861 0.8202428 0.7577192 0.7730430 0.6350651 0.6471329 0.5602847 0.7263047 0.7844045 0.6186762 0.6269851 0.5813277 0.6583202 0.6732243 0.7713236 0.5874771 0.7117947 0.7753837 0.6867345 0.6555136 0.6030480 0.7230657 0.8197328 0.6248488 0.5446618 0.7376233 0.7306238 0.6198073 0.7477001 0.5149353 0.4894043 0.6666078 0.7507715 0.7956104 0.8838110 0.6631372 0.8322866 0.7651800 0.7234253 1.1173903 
Lcom_lcpid224705                                       0.0000010 0.0000010 0.4081884 0.3277802 0.7663817 0.3412318 0.7875425 0.5287341 0.1853000 0.2680802 0.0000010 0.1394323 0.0000000 0.3607918 0.3935007 0.4005882 0.3975327 0.4043691 0.3372938 0.0000010 0.5142276 0.4321234 0.4396318 0.4396318 0.3617666 0.5485504 0.5485504 0.5485504 0.5485504 0.5700275 0.5700275 0.5571391 0.3349246 0.0000010 0.7821799 0.0000010 0.7754976 0.7754976 0.0000010 0.0000010 0.5773380 0.6044188 0.6044188 0.7470248 0.4909136 0.5266370 0.5266370 0.5422949 0.4909136 0.5630943 0.5630943 0.0000010 0.0000010 0.0000010 0.0000010 0.5266370 0.6603106 0.5266370 0.6603106 1.3018815 9.0000000 0.5667571 0.5689931 0.0000010 0.0000010 0.4940979 0.4542026 0.4542026 0.3156326 0.3156326 0.3240114 0.3158719 0.2907816 0.3341442 0.4533842 0.4297407 0.4248908 0.4297407 0.4866420 0.4741653 0.4496391 0.4111080 0.3751727 0.3621851 0.4064859 0.4683488 0.5294955 0.4781597 0.5479914 0.4890201 0.4185230 0.3746198 0.5195347 0.4486153 0.4193211 0.5429578 0.6044442 0.3244876 0.4270933 0.3754152 0.2868594 0.4504997 0.4504997 0.0000010 0.4609430 0.0000010 0.3175017 0.2608176 0.0000010 0.6276302 0.5175674 0.4634135 0.6782342 0.5603665 0.4015440 0.0000010 
Nvec_v1g113343                                         0.7115550 0.4576481 0.2951883 0.2647270 0.1341211 0.2508971 0.3836120 0.4175550 0.4741635 0.3874921 0.2295801 0.5004292 0.3607918 0.0000000 0.3633626 0.3768160 0.4029062 0.3753407 0.2383290 0.3984128 0.4243717 0.4475079 0.4062168 0.4102325 0.4233439 0.5903000 0.5920541 0.5985105 0.5997274 0.5587455 0.4837325 0.5818232 0.4095021 0.8576464 0.6457415 1.1345780 0.6301932 0.6301932 0.8472817 0.8472817 0.6651393 0.6991535 0.6637363 0.3712710 0.6030675 0.5000255 0.5000255 0.3298552 0.6542045 0.7320261 0.7320261 0.6235806 0.6235806 0.6458243 0.6458243 0.5931954 0.4970850 0.6179644 0.5578925 0.6777808 0.8749439 0.6974094 0.6732088 0.8186459 0.8151818 0.5238354 0.4517026 0.5439146 0.2213757 0.2422771 0.6525954 0.6219571 0.4138058 0.5030900 0.6101731 0.6175740 0.5268590 0.6631472 0.6596637 0.5988902 0.4889499 0.5243493 0.4615609 0.6275727 0.5790870 0.5698298 0.5617603 0.4961294 0.5648845 0.6058638 0.7058822 0.4337726 0.5519391 0.5872733 0.6671055 0.4839813 0.5139446 0.6836182 0.6662505 0.5021773 0.4954806 0.6480916 0.6202673 0.5626303 0.7147395 0.6387887 0.6377978 0.3625244 0.7058911 0.3638118 0.8334044 0.4894391 0.7194970 0.6212715 0.5864948 1.4369392 
Rhoesc_Res_012591-T1                                   0.7430019 0.6616110 0.4771456 0.4158309 0.2765462 0.3958784 0.5045948 0.4396173 0.5047132 0.4950619 0.2602629 0.5429870 0.3935007 0.3633626 0.0000000 0.0582670 0.1999713 0.4501386 0.4310017 0.4864843 0.4693423 0.3663591 0.3156257 0.3190670 0.3742213 0.5967994 0.6233564 0.6062374 0.6076711 0.5783489 0.4447530 0.5974146 0.3817860 0.8903715 0.6957777 1.2132191 0.7073448 0.7073448 0.9301303 0.9301303 0.8151261 0.8351072 0.7059541 0.4840840 0.7144981 0.6546382 0.6546382 0.4457030 0.7805545 0.7847166 0.7847166 0.6783631 0.6783631 0.7030397 0.7030397 0.6499699 0.5521551 0.6756023 0.6138781 0.7062454 0.8821393 0.8315418 0.8294016 0.8660446 0.9438770 0.5874237 0.5701216 0.5685741 0.4106616 0.4205436 0.7154055 0.6837859 0.6193767 0.6173033 0.6556328 0.6367303 0.5084451 0.6670648 0.7701644 0.7254132 0.5889430 0.5933344 0.5749905 0.7228927 0.6994646 0.6190019 0.6235082 0.5545822 0.6321942 0.7048968 0.7889496 0.5672654 0.5594681 0.6208448 0.6366259 0.5712295 0.5835407 0.7662998 0.8243072 0.6387207 0.5343066 0.7163539 0.6980473 0.5768660 0.7075033 0.6621383 0.6540155 0.5091545 0.8280691 0.6169600 0.9068985 0.8018351 0.6079224 0.7292981 0.7649320 1.3838574 
Nemnom_g11547.t1                                       0.7275428 0.6335195 0.4968786 0.4403999 0.3016707 0.4150141 0.5506080 0.4601058 0.5390512 0.5070492 0.2775712 0.5420318 0.4005882 0.3768160 0.0582670 0.0000000 0.2190115 0.4815185 0.4397473 0.4864843 0.4677244 0.3941309 0.3444172 0.3479511 0.3889690 0.5994943 0.6203506 0.6109607 0.6124150 0.6012949 0.4702037 0.6108676 0.4093839 0.9167882 0.7138438 1.2739246 0.7192791 0.7192791 0.9494183 0.9494183 0.8108060 0.8633005 0.7279283 0.4947830 0.7258206 0.6744448 0.6744448 0.4553702 0.7998517 0.7979575 0.7979575 0.7222348 0.7222348 0.7435446 0.7435446 0.6800497 0.5830898 0.7070255 0.6459699 0.6944175 0.8578584 0.8207037 0.8529753 0.8779297 0.9122676 0.6089629 0.6103218 0.5751734 0.4288812 0.4441975 0.7308841 0.6703427 0.6230859 0.6219178 0.6346485 0.6048589 0.4916095 0.6480802 0.7839128 0.7578703 0.6234445 0.6138072 0.5820683 0.7273495 0.7203221 0.5912701 0.6057056 0.5479867 0.6084000 0.6872531 0.8128772 0.5730270 0.5786683 0.6491534 0.6719293 0.5816334 0.6165520 0.7630871 0.8136698 0.6386534 0.5175211 0.7158732 0.7256679 0.5585855 0.7056252 0.6785218 0.6531383 0.5593905 0.8371506 0.6552281 0.9195650 0.8033349 0.6269487 0.7380616 0.7582324 1.3822904 
Aaur_scaffold62.g20.t1                                 0.7120687 0.7691669 0.5504178 0.4779030 0.3350614 0.4813036 0.5987725 0.4262080 0.5616929 0.5039202 0.2973997 0.5511055 0.3975327 0.4029062 0.1999713 0.2190115 0.0000000 0.4779140 0.4365375 0.4606850 0.5074643 0.4177432 0.3393617 0.3406465 0.3436413 0.6082284 0.6401823 0.6448088 0.6463059 0.5927422 0.4633417 0.6249561 0.4366777 0.8927525 0.6951701 1.2455570 0.6680825 0.6680825 0.8780187 0.8780187 0.7816825 0.8124607 0.6950567 0.4667588 0.6856677 0.6581563 0.6581563 0.4305097 0.8035750 0.7761123 0.7761123 0.6266822 0.6266822 0.6646189 0.6646189 0.6263515 0.5089263 0.6535994 0.5769630 0.6727803 0.8342649 0.8002701 0.8417359 0.8889954 0.8602646 0.6065109 0.5743363 0.5964570 0.4909202 0.4926830 0.7677407 0.6728303 0.5766463 0.6591527 0.6459633 0.6485914 0.4737515 0.6682690 0.7521995 0.6963017 0.5991736 0.6301021 0.6312758 0.6780526 0.7255858 0.5761676 0.6131876 0.5540265 0.6514603 0.6567416 0.7573764 0.5772572 0.5748115 0.6421677 0.6438475 0.5695933 0.5810302 0.7639142 0.8113586 0.6595491 0.5228568 0.7461000 0.7244626 0.5355407 0.7858282 0.7453018 0.6489394 0.6017923 0.9619114 0.7318349 1.0160446 0.7637978 0.5612955 0.8136070 0.8378534 1.4568434 
Dgig_XM_028548518.1                                    0.6400784 0.5525002 0.5476396 0.4115899 0.2958934 0.3970405 0.4909186 0.4125933 0.6165767 0.6249322 0.2593031 0.6035251 0.4043691 0.3753407 0.4501386 0.4815185 0.4779140 0.0000000 0.4593581 0.4335033 0.4442233 0.4794135 0.4518260 0.4552176 0.5491316 0.6533631 0.6670014 0.6872453 0.6888408 0.6810070 0.5372395 0.6914206 0.5303520 0.9107348 0.6553536 1.2548373 0.6404159 0.6404159 0.8460983 0.8460983 0.7371423 0.7294427 0.6464509 0.3411657 0.6779243 0.6280590 0.6280590 0.3141021 0.6940297 0.7016311 0.7016311 0.6585708 0.6585708 0.6442634 0.6442634 0.6059324 0.5091026 0.6110504 0.5473116 0.6941131 0.8749623 0.7835616 0.7860965 0.8568257 0.8210723 0.6769755 0.6114621 0.6265799 0.4626214 0.4463713 0.7009204 0.7172148 0.5389837 0.6072517 0.7086878 0.7450857 0.5868797 0.7839097 0.7428810 0.6864849 0.5674456 0.5583935 0.5234411 0.6062997 0.6191774 0.5960541 0.6382224 0.5642337 0.6272477 0.6731811 0.7819742 0.5584655 0.5364124 0.6065929 0.6585358 0.5974699 0.6086925 0.7668439 0.7880150 0.6197900 0.4806415 0.6893198 0.6413568 0.5347311 0.7400364 0.6595431 0.6612812 0.6101782 0.7914899 0.6040763 0.9052802 0.6566623 0.6419369 0.7083164 0.8273910 1.0273644 
Exapal_XM_021039148.1                                  0.7188722 0.5151588 0.3784903 0.3221874 0.1954090 0.2919748 0.4350333 0.3921921 0.4855561 0.4811023 0.3250537 0.5705095 0.3372938 0.2383290 0.4310017 0.4397473 0.4365375 0.4593581 0.0000000 0.4029683 0.4362363 0.5327840 0.4830843 0.4868006 0.5076992 0.5584312 0.5737489 0.5789151 0.5801075 0.5721117 0.4305124 0.5479780 0.4995475 0.8706180 0.6546231 1.1994563 0.6157077 0.6157077 0.8173972 0.8173972 0.7583965 0.7528760 0.6490127 0.4191887 0.6549974 0.5807397 0.5807397 0.3732984 0.7003037 0.7632569 0.7632569 0.5816681 0.5816681 0.6304465 0.6304465 0.5761451 0.4636239 0.6115410 0.5377215 0.6773810 0.8838622 0.7953916 0.8530416 0.9099362 0.8539576 0.6622668 0.6685878 0.6703693 0.3163735 0.3338742 0.7476159 0.7132532 0.6389373 0.5899708 0.6800959 0.6979323 0.5382296 0.7388608 0.6694376 0.6578056 0.5659056 0.6226340 0.5651803 0.6510386 0.6016459 0.5906502 0.6113806 0.5570863 0.6742516 0.6686378 0.7611133 0.5514522 0.5848173 0.5622985 0.6647160 0.5062521 0.5090947 0.7403171 0.7467038 0.6578014 0.4718431 0.6933632 0.6755856 0.5356193 0.6972106 0.6894751 0.5645090 0.4456768 0.6704502 0.5765683 0.9166875 0.6969672 0.7263677 0.6274022 0.7408847 1.5800341 
Lcom_lcpid222462                                       0.0000010 0.0000010 0.4115345 0.4115345 0.4115345 0.4115345 0.9399818 0.4613511 0.3413885 0.4833290 0.3253353 0.5420418 0.0000010 0.3984128 0.4864843 0.4864843 0.4606850 0.4335033 0.4029683 0.0000000 0.4609795 0.4226243 0.4735989 0.4735989 0.4780174 0.4386693 0.4386693 0.4386693 0.4386693 0.4400837 0.4400837 0.4386693 0.5689445 2.3688726 0.6737831 0.0000010 0.4990444 0.4990444 1.2329329 1.2329329 0.5754289 0.5705829 0.5705829 0.4881918 0.4476115 0.5161719 0.5161719 0.5171369 0.4417067 0.6276980 0.6276980 0.5161719 0.5161719 0.5161719 0.5161719 0.5161719 0.5161719 0.5161719 0.5161719 0.6012093 1.2040198 0.6012093 0.5348411 1.9455844 0.8703033 0.4912560 0.3868775 0.4778497 0.4115364 0.4340112 0.5168197 0.4678782 0.3891155 0.4826082 0.4740800 0.5282999 0.4915360 0.5845930 0.5206400 0.5942298 0.6816044 0.5809770 0.6122284 0.5954968 0.6465544 0.5102267 0.4364311 0.5321981 0.5113474 0.5546453 0.5780594 0.5071933 0.5678575 0.5203253 0.7377005 0.3854154 0.4685095 0.4665167 0.5932425 0.5265798 0.5490173 0.5644628 0.8131698 0.5218634 0.7218951 1.0393549 0.4938995 0.5708504 0.0000010 0.4340112 3.0207790 0.6181645 0.0000010 0.4011405 0.3863031 0.0000010 
Dpul_mRNA3894                                          0.8928118 0.7193510 0.5372088 0.4602340 0.4091744 0.4743970 0.6126710 0.4121779 0.4846678 0.3403753 0.2239087 0.4601721 0.5142276 0.4243717 0.4693423 0.4677244 0.5074643 0.4442233 0.4362363 0.4609795 0.0000000 0.5326387 0.5141319 0.5141319 0.4976210 0.4999269 0.4968253 0.4951219 0.4951219 0.4775534 0.4775534 0.5118738 0.4879100 0.8175714 0.5935188 1.1683015 0.6537272 0.6537272 0.8682293 0.8682293 0.6136902 0.5615460 0.5611811 0.2896410 0.5210555 0.2951348 0.2951348 0.2655758 0.5520207 0.5841323 0.5841323 0.5985294 0.5985294 0.6864344 0.6864344 0.4149305 0.4408861 0.5328923 0.5586858 0.6675132 0.8466196 0.6291169 0.5865637 0.8201071 0.9253933 0.4159228 0.2517773 0.4138930 0.4309440 0.4240019 0.5220889 0.5347996 0.3631443 0.4400625 0.5364016 0.5656160 0.5219653 0.6038617 0.5958079 0.6127707 0.5127694 0.5130239 0.3499033 0.5676542 0.5490673 0.5443867 0.5537967 0.5138729 0.6065837 0.5768772 0.6653339 0.5023840 0.5754705 0.5902321 0.5592732 0.4065608 0.4689615 0.5462897 0.5685692 0.4313873 0.5209287 0.5679756 0.5178653 0.5893132 0.6016801 0.6249228 0.6090043 0.6409060 0.7328327 0.4177304 0.1870502 0.3227990 0.6970503 0.1730961 0.0533721 1.1332489 
Chem_TCONS_00009897                                    0.6689770 0.6642122 0.6014871 0.4666990 0.3477640 0.4777490 0.5784280 0.4952000 0.6319809 0.5757789 0.3343700 0.5788263 0.4321234 0.4475079 0.3663591 0.3941309 0.4177432 0.4794135 0.5327840 0.4226243 0.5326387 0.0000000 0.4339254 0.4379747 0.5257161 0.6032353 0.6342571 0.6265690 0.6280537 0.6192385 0.4683369 0.6164927 0.3182593 0.8893599 0.7163662 1.0555073 0.7606269 0.7606269 0.9516143 0.9516143 0.8485246 0.8328601 0.7304696 0.5200969 0.7618731 0.7462540 0.7462540 0.4638539 0.7965626 0.8362492 0.8362492 0.7488104 0.7488104 0.7086986 0.7086986 0.7237410 0.6224077 0.7024034 0.6333125 0.7922126 0.9895389 0.9067669 0.9519992 0.9563096 0.9382175 0.6745266 0.5510525 0.5855270 0.4802650 0.4969757 0.7163623 0.7137300 0.5784631 0.6521752 0.5822640 0.6384065 0.5178524 0.6927934 0.6831739 0.6817217 0.5736626 0.5687880 0.5714587 0.6546132 0.6738040 0.5875900 0.6355220 0.5564703 0.5797584 0.6687347 0.7676330 0.5075703 0.5482494 0.6576814 0.6716484 0.6135836 0.5722528 0.7661970 0.8753865 0.7443544 0.5489213 0.7814043 0.7596225 0.5845540 0.7795388 0.6828247 0.5682783 0.6100512 0.7328876 0.6746387 0.9930806 0.8356133 0.5737778 0.8914133 0.8828267 1.3649184 
Sanmal_Sma_007339-T1                                   0.7289684 0.6279713 0.5855944 0.4784764 0.3523646 0.4978787 0.5529615 0.4904160 0.5873707 0.5054324 0.2544161 0.5692070 0.4396318 0.4062168 0.3156257 0.3444172 0.3393617 0.4518260 0.4830843 0.4735989 0.5141319 0.4339254 0.0000000 0.0020165 0.3772128 0.6751824 0.6725398 0.6954202 0.6989365 0.6636191 0.5222731 0.7100051 0.5093663 0.8867069 0.7207998 1.1372378 0.7504422 0.7504422 0.9617631 0.9617631 0.8432294 0.8528399 0.7467475 0.5608626 0.7815303 0.7517039 0.7517039 0.5003538 0.8245387 0.7927424 0.7927424 0.6720369 0.6720369 0.7240366 0.7240366 0.6925238 0.5941327 0.7244121 0.6637369 0.7129428 0.8867618 0.8285893 0.8655071 0.8783726 0.9553570 0.6501648 0.6545946 0.6782137 0.5000943 0.4644386 0.7901564 0.7259983 0.6396499 0.6882269 0.7399773 0.7846067 0.6053867 0.7748043 0.7722946 0.7161256 0.5830448 0.6188708 0.5914146 0.7287191 0.7062881 0.6867780 0.6810478 0.5748601 0.6622582 0.7315128 0.8089102 0.6052014 0.5999125 0.6426083 0.6999445 0.6039280 0.6145222 0.7798283 0.9009544 0.7609286 0.5932500 0.7261394 0.7116505 0.5889044 0.7826666 0.6561770 0.6267482 0.6195694 0.9380609 0.6922187 0.9478971 0.8451575 0.6200779 0.7919587 0.8907860 1.0477021 
Sanmal_Sma_017032-T1                                   0.7289684 0.6279713 0.5884279 0.4831545 0.3523646 0.5017843 0.5529615 0.4904160 0.5922222 0.5033560 0.2544161 0.5738839 0.4396318 0.4102325 0.3190670 0.3479511 0.3406465 0.4552176 0.4868006 0.4735989 0.5141319 0.4379747 0.0020165 0.0000000 0.3786903 0.6805479 0.6779033 0.7009055 0.7044392 0.6689856 0.5222731 0.7155738 0.5137699 0.8867069 0.7207998 1.1372378 0.7504422 0.7504422 0.9617631 0.9617631 0.8498312 0.8594559 0.7528993 0.5608626 0.7877033 0.7608239 0.7608239 0.5003538 0.8310972 0.7990142 0.7990142 0.6720369 0.6720369 0.7240366 0.7240366 0.7006203 0.5941327 0.7303249 0.6637369 0.7129428 0.8867618 0.8350799 0.8722975 0.8783726 0.9553570 0.6555174 0.6582400 0.6800439 0.5054208 0.4691020 0.7964992 0.7318463 0.6512634 0.6937339 0.7460149 0.7909330 0.6053867 0.7811091 0.7786058 0.7220368 0.5880190 0.6174228 0.5994648 0.7272381 0.7048510 0.6853377 0.6828803 0.5763405 0.6640146 0.7335352 0.8074507 0.6104117 0.6049260 0.6481109 0.7018942 0.6091041 0.6194723 0.7861602 0.9081732 0.7694236 0.5932500 0.7269120 0.7125730 0.5889044 0.7835898 0.6561770 0.6267482 0.6261893 0.9380609 0.6987742 0.9485106 0.8517813 0.6200779 0.8007222 0.9050744 1.0477021 
Morvir_scaffold85.g20.t1                               0.7884291 0.5988763 0.5263894 0.4788012 0.3368652 0.4465710 0.5617280 0.3931598 0.6135368 0.5401245 0.2468259 0.5942883 0.3617666 0.4233439 0.3742213 0.3889690 0.3436413 0.5491316 0.5076992 0.4780174 0.4976210 0.5257161 0.3772128 0.3786903 0.0000000 0.5754959 0.5696179 0.5921011 0.5887910 0.5799993 0.4474183 0.6019913 0.4919546 0.8881964 0.7238178 1.1797162 0.7081943 0.7081943 0.8796311 0.8796311 0.8714334 0.8222954 0.7161300 0.5077473 0.7694500 0.7156229 0.7156229 0.4540176 0.7365731 0.8230562 0.8230562 0.7218066 0.7218066 0.7490787 0.7490787 0.6921480 0.6013783 0.7195821 0.6625220 0.7129052 0.8795055 0.8413001 0.9060412 0.8525793 0.9357216 0.6188915 0.5837911 0.5876327 0.5049376 0.4860039 0.7389110 0.7413623 0.6380308 0.6559313 0.6458475 0.6842947 0.5516284 0.6788762 0.7759141 0.7540484 0.5674969 0.6685811 0.6690225 0.6844053 0.7552424 0.6434219 0.6376990 0.6290675 0.6915313 0.7214667 0.8285376 0.6138618 0.6400646 0.6395096 0.7340971 0.5736890 0.5769199 0.7217002 0.7696949 0.6407107 0.5457097 0.7256144 0.7260985 0.5511819 0.7511425 0.7139347 0.7329394 0.6028521 0.8550092 0.7041195 0.9770779 0.8470508 0.6269882 0.7822481 0.8313187 1.2028271 
HoiH23_PlH23_007441-RA                                 0.7898484 0.5979607 0.6356807 0.4967209 0.4041416 0.5076964 0.6171503 0.4558839 0.5982087 0.5275450 0.2265489 0.5675128 0.5485504 0.5903000 0.5967994 0.5994943 0.6082284 0.6533631 0.5584312 0.4386693 0.4999269 0.6032353 0.6751824 0.6805479 0.5754959 0.0000000 0.0269248 0.0515560 0.0493844 0.1267384 0.1011991 0.0824424 0.6211173 0.9668780 0.6932905 1.2549334 0.6899912 0.6899912 0.9223540 0.9223540 0.8479752 0.8132268 0.7054138 0.3806287 0.7405740 0.6405517 0.6405517 0.3231845 0.7553986 0.8334593 0.8334593 0.6771880 0.6771880 0.7386194 0.7386194 0.6425905 0.5429470 0.6962194 0.6367390 0.7688991 1.0121027 0.8533037 0.8861408 0.9994549 1.0262761 0.6668894 0.6606108 0.6586084 0.5725910 0.5303682 0.7473995 0.6369244 0.5469044 0.6091844 0.5728630 0.6415663 0.4607669 0.6649661 0.7771815 0.8282760 0.6271913 0.6911320 0.5495828 0.7062082 0.7414267 0.6573873 0.6669746 0.6603913 0.6835989 0.7324660 0.8131358 0.6664024 0.6674379 0.7135199 0.6917666 0.6238591 0.5388187 0.6777373 0.7765953 0.6695647 0.4906815 0.7463170 0.7187496 0.5876120 0.7821214 0.7030797 0.5843130 0.7136759 0.6922871 0.6705284 0.9854163 0.6814928 0.6920364 0.8141315 0.7721652 1.5009657 
HoiH06_mRNA11877                                       0.8384954 0.6082032 0.6490891 0.4981839 0.3900760 0.4984572 0.6276441 0.4670831 0.5942428 0.5352520 0.2132111 0.5827135 0.5485504 0.5920541 0.6233564 0.6203506 0.6401823 0.6670014 0.5737489 0.4386693 0.4968253 0.6342571 0.6725398 0.6779033 0.5696179 0.0269248 0.0000000 0.0513312 0.0491685 0.1187854 0.0961145 0.0867440 0.6243265 0.9535050 0.6908354 1.2337796 0.6956571 0.6956571 0.9273480 0.9273480 0.8544043 0.8263452 0.7116422 0.3930617 0.7590691 0.6628294 0.6628294 0.3349685 0.7733827 0.8385486 0.8385486 0.6648342 0.6648342 0.7473710 0.7473710 0.6354247 0.5346542 0.7030522 0.6443834 0.7620068 0.9974290 0.8624756 0.8902732 0.9770275 1.0153108 0.6850817 0.6874898 0.6762747 0.5911432 0.5403549 0.7341912 0.6362845 0.5583311 0.6088226 0.5888526 0.6562856 0.4575235 0.6750888 0.7972003 0.8403134 0.6481789 0.7060176 0.5612257 0.7233918 0.7750143 0.6696092 0.6889742 0.6770925 0.6998869 0.7667238 0.8321262 0.6834006 0.6879902 0.7252515 0.7174065 0.6196723 0.5504063 0.6685916 0.7812157 0.6585576 0.5015031 0.7467167 0.7075238 0.5795646 0.7944701 0.7140088 0.5822982 0.7413478 0.7367398 0.6903969 0.9757340 0.7333575 0.6920364 0.8125445 0.7550733 1.6152675 
Hhon_g08173.t1                                         0.8445690 0.6281409 0.6667155 0.5192582 0.4284628 0.5254128 0.6391195 0.4638838 0.6064551 0.5339347 0.2265489 0.5733860 0.5485504 0.5985105 0.6062374 0.6109607 0.6448088 0.6872453 0.5789151 0.4386693 0.4951219 0.6265690 0.6954202 0.7009055 0.5921011 0.0515560 0.0513312 0.0000000 0.0019989 0.1405532 0.1151601 0.0879440 0.6497696 0.9413553 0.6816303 1.2286329 0.6862252 0.6862252 0.9129348 0.9129348 0.8580376 0.8209881 0.7012056 0.3806287 0.7556447 0.6626014 0.6626014 0.3231845 0.7847573 0.8515266 0.8515266 0.6565787 0.6565787 0.7298729 0.7298729 0.6438214 0.5284219 0.7005219 0.6304422 0.7594436 0.9959647 0.8732444 0.8863359 0.9698151 1.0148204 0.7067608 0.7022576 0.6765967 0.5880889 0.5572469 0.7177702 0.6256012 0.5433872 0.6209785 0.6067920 0.6506280 0.4837058 0.6955862 0.7777850 0.8242866 0.6586543 0.6877010 0.5637402 0.7137085 0.7756464 0.6609232 0.6837165 0.6681859 0.7072524 0.7833066 0.8291730 0.6583245 0.6916286 0.7453061 0.7259384 0.6227978 0.5611280 0.6739370 0.7784772 0.6649353 0.4778564 0.7554999 0.7170699 0.5874288 0.7920413 0.7072559 0.5677881 0.7587643 0.6797587 0.6963519 0.9856783 0.7035994 0.6920364 0.8205368 0.7595956 1.4394171 
HoiH04_mRNA12020                                       0.8445690 0.6281409 0.6703886 0.5192582 0.4284628 0.5254128 0.6391195 0.4638838 0.6076673 0.5322951 0.2265489 0.5745642 0.5485504 0.5997274 0.6076711 0.6124150 0.6463059 0.6888408 0.5801075 0.4386693 0.4951219 0.6280537 0.6989365 0.7044392 0.5887910 0.0493844 0.0491685 0.0019989 0.0000000 0.1381673 0.1151601 0.0881788 0.6513013 0.9413553 0.6816303 1.2286329 0.6862252 0.6862252 0.9129348 0.9129348 0.8586983 0.8189741 0.7012056 0.3806287 0.7570787 0.6646617 0.6646617 0.3231845 0.7807218 0.8493974 0.8493974 0.6565787 0.6565787 0.7298729 0.7298729 0.6457104 0.5284219 0.7019074 0.6304422 0.7594436 0.9959647 0.8710613 0.8879179 0.9698151 1.0148204 0.7058672 0.7025772 0.6767405 0.5837758 0.5534307 0.7183785 0.6261995 0.5416567 0.6196659 0.6080293 0.6541301 0.4837058 0.6972533 0.7735580 0.8222820 0.6586543 0.6883235 0.5656344 0.7138597 0.7717920 0.6609232 0.6837165 0.6681859 0.7072524 0.7839385 0.8281888 0.6583245 0.6932981 0.7453061 0.7259384 0.6244076 0.5624871 0.6702946 0.7750440 0.6606899 0.4778564 0.7561175 0.7178393 0.5874288 0.7920413 0.7072559 0.5677881 0.7535544 0.6797587 0.6945251 0.9908125 0.7073631 0.6920364 0.8205368 0.7595956 1.4394171 
TrH2_TrispH2_009791-RA                                 0.8416233 0.6343118 0.6533616 0.4761318 0.3679319 0.4932538 0.6122246 0.4380524 0.5823521 0.5221810 0.1990720 0.5777685 0.5700275 0.5587455 0.5783489 0.6012949 0.5927422 0.6810070 0.5721117 0.4400837 0.4775534 0.6192385 0.6636191 0.6689856 0.5799993 0.1267384 0.1187854 0.1405532 0.1381673 0.0000000 0.0000010 0.1158451 0.6202849 0.9202852 0.6773749 1.1699617 0.6668651 0.6668651 0.8953368 0.8953368 0.8290852 0.8018734 0.6727598 0.3987741 0.7710826 0.6586277 0.6586277 0.3395155 0.8293534 0.8325391 0.8325391 0.6671884 0.6671884 0.7409850 0.7409850 0.6339221 0.5255229 0.6963080 0.6306985 0.7681956 1.0143167 0.8775843 0.9025970 1.0010756 0.9927137 0.6882100 0.6727393 0.6594873 0.5784679 0.5599978 0.7358334 0.6313418 0.5569214 0.6433872 0.6040616 0.6722578 0.4606510 0.7028123 0.7228896 0.7646042 0.6341715 0.6678386 0.5311538 0.7151727 0.7858335 0.6990797 0.6830192 0.6984894 0.7424951 0.7790531 0.8210598 0.6616454 0.6756718 0.7074634 0.7014663 0.6818596 0.5348818 0.6771723 0.8030883 0.6636852 0.5030285 0.7586259 0.7370441 0.5172185 0.7974166 0.7388586 0.5691343 0.7231642 0.7768366 0.7148080 0.9717059 0.7074162 0.6645070 0.7946602 0.7832395 1.2389846 
Tadh_TriadT38520                                       0.8416233 0.6343118 0.5091419 0.4221008 0.3679319 0.4530647 0.6122246 0.4380524 0.4567270 0.3160212 0.1990720 0.4734746 0.5700275 0.4837325 0.4447530 0.4702037 0.4633417 0.5372395 0.4305124 0.4400837 0.4775534 0.4683369 0.5222731 0.5222731 0.4474183 0.1011991 0.0961145 0.1151601 0.1151601 0.0000010 0.0000000 0.0834607 0.4720395 0.9202852 0.6773749 1.1699617 0.6668651 0.6668651 0.8953368 0.8953368 0.6621620 0.6158503 0.6202717 0.3987741 0.5843496 0.3930890 0.3930890 0.3395155 0.6281145 0.6652039 0.6652039 0.6671884 0.6671884 0.7409850 0.7409850 0.5087328 0.5255229 0.6071274 0.6306985 0.7681956 1.0143167 0.7021371 0.6967775 1.0010756 0.9927137 0.5373787 0.3407063 0.5049299 0.4090582 0.4167600 0.5531817 0.4910269 0.2710622 0.5013338 0.4739665 0.5400313 0.4557983 0.5579810 0.6009203 0.6372062 0.5144137 0.5230269 0.3736537 0.5997534 0.5674091 0.5981079 0.5701829 0.5825460 0.6145880 0.6424124 0.6412088 0.5360735 0.5496937 0.6091329 0.5935945 0.5376799 0.4213317 0.5066070 0.6441841 0.4545923 0.4738481 0.5797771 0.5286998 0.5172185 0.6585581 0.7388586 0.5691343 0.5463017 0.7768366 0.4436860 0.8453231 0.3705109 0.6645070 0.6780223 0.5432123 1.2389846 
HoiH11_mRNA1408                                        0.8118490 0.6135627 0.6560164 0.4826397 0.4174300 0.5208397 0.6147704 0.4412604 0.6123667 0.5269811 0.2265489 0.5776233 0.5571391 0.5818232 0.5974146 0.6108676 0.6249561 0.6914206 0.5479780 0.4386693 0.5118738 0.6164927 0.7100051 0.7155738 0.6019913 0.0824424 0.0867440 0.0879440 0.0881788 0.1158451 0.0834607 0.0000000 0.6085128 0.9416137 0.6875921 1.1912067 0.6938158 0.6938158 0.9406960 0.9406960 0.8753156 0.8497607 0.7132301 0.3998160 0.7576652 0.6772666 0.6772666 0.3404477 0.8151894 0.8697858 0.8697858 0.6538006 0.6538006 0.7326244 0.7326244 0.6486863 0.5164914 0.7077473 0.6254252 0.7807116 1.0298328 0.9064307 0.8889293 0.9981473 1.0423470 0.7164676 0.7195855 0.7159016 0.5630086 0.5311675 0.7589696 0.6395992 0.5367271 0.6063942 0.5995511 0.6784765 0.4724148 0.7175832 0.7984118 0.8710001 0.6291827 0.6719550 0.5447328 0.7017990 0.8009699 0.6478981 0.6801194 0.6499644 0.7026113 0.7709227 0.8474912 0.6760797 0.6865293 0.6897891 0.7561317 0.6571730 0.5557530 0.6681530 0.7797434 0.6721817 0.4868350 0.7763083 0.7484845 0.5568652 0.7971530 0.7319234 0.5698757 0.6974126 0.7687708 0.6610302 1.0194954 0.7340071 0.6995168 0.8453958 0.7707589 1.3843735 
