102
Lcom_lcpid162467                                        0.0000000 0.3039801 0.4188730 0.2910802 0.2692868 0.4385033 0.3759777 0.4577717 0.4073475 0.6137396 0.6109563 0.5978383 0.5907146 0.4905307 0.5224910 0.4935648 0.6501126 0.9404969 0.8446290 0.8409686 0.8131562 0.7568996 0.7450133 0.8956668 1.0186053 0.8526424 0.8248849 0.7352224 0.7229755 0.7042562 0.7310733 0.6399427 0.7635271 0.6805607 0.7622139 0.7512016 0.6633758 0.6123592 0.7656728 0.7565368 0.7680791 0.7232263 0.7622164 0.7531594 0.5811953 0.8510417 0.7798934 0.5056919 0.6725831 0.6709989 0.8417102 0.7764981 0.8721618 0.8498872 0.9074672 0.9594391 0.8227039 0.8429645 0.9541348 0.9819968 0.6952879 0.6463629 0.6784910 0.8895141 0.9552247 0.9334194 0.9352210 0.8097154 1.0995152 1.1593427 0.7455719 1.0027449 1.0593301 0.8482440 0.9832912 1.2358529 1.2358529 1.1412964 1.1543132 1.1645837 1.1645837 1.3679895 1.3151414 1.0363088 1.0733085 1.1448488 1.0865867 1.0179166 1.0133629 0.8883061 1.0424959 1.0424959 1.0070626 1.0955033 1.2155507 1.0621944 1.3804236 0.7859505 0.9314337 0.8770312 1.0051049 1.5310675 
Lcom_lcpid169999                                        0.3039801 0.0000000 0.1544278 0.2975991 0.3278807 0.4288701 0.4674889 0.5364009 0.5421188 0.6865466 0.6645622 0.6553872 0.6172590 0.4574350 0.4217376 0.5102120 0.6016789 0.8067957 0.6412645 0.6400948 0.7127275 0.7020428 0.6544107 0.7591641 0.8012628 0.7276336 0.7688097 0.6885206 0.7796562 0.6277864 0.6900282 0.6090825 0.6872481 0.6405121 0.6878362 0.6633779 0.7270960 0.6290595 0.8245767 0.8229534 0.8484974 0.7317265 0.7373220 0.6789748 0.6820253 0.7506524 0.7462018 0.5144189 0.6361403 0.6310163 0.6992876 0.7068117 0.8089687 0.7692259 0.8650307 0.9114073 0.7372201 0.7847727 0.8870741 1.0108412 0.7991344 0.7602572 0.8217512 0.9625484 0.9520282 1.0401285 0.9802229 0.8714537 1.1479792 1.1953074 0.7384683 0.9821755 1.1178961 0.9388406 1.1488591 1.1340205 1.1340205 1.1073661 1.1355702 1.0993196 1.0993196 1.2245042 1.2245042 0.9336486 0.9693388 1.0280361 1.0109457 0.9211727 0.9395250 0.8286304 0.9668046 0.9668046 0.8780881 1.1038329 1.1581585 1.0697849 1.3944206 0.9356266 1.0608179 0.7726335 1.0642972 1.3227262 
Lcom_lcpid239169                                        0.4188730 0.1544278 0.0000000 0.3289366 0.3845432 0.4760254 0.5065165 0.4965766 0.4965766 0.5867393 0.5570487 0.5646920 0.4773905 0.4183923 0.4066216 0.4429855 0.5356349 0.7690574 0.7052489 0.7100781 0.7008025 0.6548978 0.7042119 0.6471360 0.8012628 0.5989592 0.7109141 0.6762442 0.6134007 0.6348461 0.7016813 0.6355019 0.7790356 0.6487673 0.7569408 0.7569408 0.7811723 0.7042151 0.8197664 0.8592411 0.8621748 0.7180771 0.8254438 0.7502915 0.6874216 0.6824949 0.5410343 0.5591556 0.5760758 0.6701316 0.8411700 0.7585753 0.8380140 0.8232724 0.8825255 0.8825255 0.7946868 0.7944617 0.7944617 1.2450060 0.7709092 0.6924319 0.7571071 0.9949889 1.1337182 1.1500881 1.0300853 1.0097435 1.2876690 1.1989201 0.6647213 0.8919261 1.1209169 0.7277268 1.0454603 1.1001924 1.1001924 1.0639854 1.0639854 1.0871691 1.0871691 1.2019025 1.2019025 0.8708277 0.9303352 0.9303352 0.8324578 0.8216962 0.8038871 0.5765140 0.8465374 0.8465374 0.7447025 1.0469894 1.8359108 0.9902420 1.5540145 0.9810061 1.0531555 0.9154726 1.0236431 1.6742273 
Cgig_XM_011426514.3                                     0.2910802 0.2975991 0.3289366 0.0000000 0.3390663 0.5021058 0.4707288 0.5337639 0.6150202 0.7215930 0.6518360 0.6189638 0.6889131 0.5055099 0.4929838 0.5380266 0.5817097 0.7715623 0.7178747 0.7518461 0.8282017 0.7115769 0.8298211 0.9153353 0.8319669 0.8535973 0.8647870 0.7758968 0.7651681 0.7495233 0.7903228 0.7294146 0.8173794 0.7234505 0.8029097 0.7679672 0.7183754 0.6483704 0.8560481 0.8791430 0.9016787 0.8252409 0.8772821 0.8174830 0.8171899 0.8591230 0.8307960 0.6023941 0.7173056 0.7531011 0.9175995 0.7995770 0.8284773 0.8135412 0.8381037 0.8878746 0.7933838 0.8081009 0.9140120 1.1378630 0.8600655 0.6778327 0.8134964 1.0081768 1.0169809 0.9991599 1.0359916 0.8540943 1.1366050 1.1741647 0.8316620 1.1328936 1.2135632 0.9751207 1.1582149 1.1935919 1.1935919 1.1305292 1.1812960 1.1243350 1.1243350 1.2942399 1.2456554 0.9829277 1.0512953 1.1432123 1.0793656 0.9384037 1.0259201 0.8698866 1.0545650 1.0545650 0.9719270 1.0716471 1.0940107 1.0069847 1.3628250 0.9045571 1.0303218 0.8064347 1.0802770 1.4870200 
Acagra_model.g8386.t1                                   0.2692868 0.3278807 0.3845432 0.3390663 0.0000000 0.4229627 0.3535605 0.4521305 0.4303782 0.6016226 0.5481344 0.5582526 0.5129978 0.4819459 0.5069691 0.4747797 0.5439261 0.6968967 0.6245042 0.6642982 0.6772065 0.6235342 0.6812603 0.7889893 0.7976535 0.7521270 0.8219844 0.7116807 0.7099258 0.6784063 0.7105198 0.6224401 0.6861139 0.6030400 0.6192721 0.5951058 0.6953035 0.6124006 0.8474148 0.8503628 0.9089188 0.6995843 0.7494784 0.7319484 0.6184959 0.8324573 0.6848834 0.4611040 0.6884957 0.6689393 0.7485689 0.7350050 0.8671554 0.8532600 0.9020063 0.9532401 0.8213247 0.8403181 0.9466680 1.0710655 0.8341447 0.7189638 0.7005290 0.9596109 0.9707974 1.0168116 0.9906020 0.9225685 1.1676702 1.2212464 0.8310038 0.9899764 1.0714221 0.8661728 1.0098488 1.1492241 1.1492241 1.1613780 1.1936263 1.1439656 1.1439656 1.3062188 1.2565916 0.9565229 0.9922869 1.0785467 1.0229299 0.9667451 0.9405754 0.8745390 0.9680576 0.9680576 0.9390780 1.1344538 1.3102226 1.1001537 1.4387852 0.9381209 1.1343404 0.7697554 1.0324103 1.7468784 
Lcom_lcpid163946                                        0.4385033 0.4288701 0.4760254 0.5021058 0.4229627 0.0000000 0.2559679 0.4528398 0.5175477 0.6689158 0.6671907 0.5968450 0.5110556 0.4301254 0.4422562 0.5241966 0.6429741 0.7753669 0.7204521 0.6903035 0.7347697 0.7096567 0.6062250 0.7245770 0.8321196 0.7116159 0.7485402 0.6561300 0.7001218 0.6189720 0.6442605 0.5903119 0.6233040 0.5547130 0.6403088 0.6104871 0.5964217 0.6048593 0.7595865 0.7542217 0.7441350 0.6787408 0.7609660 0.6784995 0.6686354 0.8047164 0.7293669 0.5591518 0.5551394 0.4840513 0.7052749 0.6245661 0.7904639 0.7842097 0.8464873 0.9107365 0.7758067 0.8012885 0.9149143 0.8579559 0.7975626 0.6735937 0.6578183 0.8091966 0.8753265 0.9951493 0.9230174 0.7697846 1.0431315 1.1191592 0.6758311 0.8637398 1.0071884 0.8098007 0.9885856 0.9681108 0.9681108 0.9898497 1.0106822 1.0323928 1.0323928 1.1469061 1.1034062 0.8929661 0.9208278 1.0073414 1.0294298 0.8521659 0.9000134 0.8451565 0.9270293 0.9270293 0.8562231 1.0771640 1.1737734 1.0446458 1.2755045 0.8493125 0.9944648 0.7164261 1.0014636 1.6435526 
Lcom_lcpid197033                                        0.3759777 0.4674889 0.5065165 0.4707288 0.3535605 0.2559679 0.0000000 0.4090473 0.4280298 0.6404592 0.5977348 0.5805513 0.4973896 0.4905645 0.4595797 0.5776064 0.5424801 0.7043020 0.6125231 0.6158494 0.7495600 0.6581588 0.5638855 0.6783254 0.7765522 0.6520459 0.6856872 0.5205219 0.5998930 0.5768201 0.5946659 0.5382002 0.5834122 0.5045939 0.6191682 0.6191682 0.6279448 0.5402672 0.7552370 0.7597264 0.7918274 0.5618083 0.6359187 0.5710626 0.6018121 0.6784999 0.6514551 0.5300098 0.5967072 0.5146524 0.7655892 0.6424002 0.7540188 0.7417129 0.8226155 0.8226155 0.7374487 0.7725138 0.7725138 0.8795588 0.6323980 0.4558149 0.4755763 0.5745606 0.9017482 0.9351725 0.8996738 0.7919805 0.9974215 1.0038333 0.5239291 0.7842445 0.8961673 0.7334159 0.7331337 1.1064008 1.1064008 1.0898272 1.0898272 1.1063855 1.1063855 1.2762066 1.2762066 0.8776443 0.9315450 0.9315450 0.8693468 0.8692852 0.8702092 0.7115059 0.9089510 0.9089510 0.8410584 1.0898551 1.4570148 1.0432652 1.5609715 0.6561657 0.8094258 0.8446595 0.9952676 1.8256022 
Ctel_gnl_WGS_AMQN_CAPTEDRAFT_mRNA150312                 0.4577717 0.5364009 0.4965766 0.5337639 0.4521305 0.4528398 0.4090473 0.0000000 0.0676128 0.6536631 0.6072286 0.5734480 0.5184851 0.3888861 0.4666496 0.5580804 0.5934031 0.7935277 0.7266320 0.7001031 0.7085540 0.7430233 0.6792688 0.8552452 1.1491917 0.8627256 0.8257804 0.7032882 0.7850032 0.6457887 0.6669230 0.6026519 0.6840363 0.6031684 0.7043580 0.6964552 0.6074796 0.6277753 0.8549230 0.8812051 0.8661601 0.7067907 0.7612476 0.7425147 0.7426688 0.8633912 0.7731813 0.4897928 0.6938834 0.5613324 0.8569949 0.7909340 0.8551442 0.8497689 0.9032513 0.9608954 0.8291191 0.7947122 0.8863699 1.0225547 0.7421931 0.6890300 0.7745859 0.8042292 1.0835656 1.0276572 0.9673695 0.9415573 1.1469013 1.1181906 0.7335346 1.0103900 1.1373487 0.8398124 1.0331202 1.1538596 1.1538596 1.1046677 1.0987235 1.1521511 1.1521511 1.2347978 1.1887931 0.9471512 0.9909119 1.0472051 0.9782646 0.9532247 0.9358333 0.8193758 0.9627595 0.9627595 0.9506525 1.1365956 1.2843132 1.0927432 1.3189758 0.9205294 0.9852543 0.8682177 1.0424842 1.8367497 
Ctel_gnl_WGS_AMQN_CAPTEDRAFT_mRNA163545                 0.4073475 0.5421188 0.4965766 0.6150202 0.4303782 0.5175477 0.4280298 0.0676128 0.0000000 0.6272777 0.5928527 0.5635820 0.4882410 0.3795030 0.4040918 0.5646452 0.5695070 0.9649949 0.8459987 0.8459422 0.7541210 0.8547663 0.7496418 0.9239229 1.1491917 0.8672347 1.0009989 0.8151510 0.8051943 0.6886094 0.7033115 0.5861585 0.7191685 0.6186016 0.7890703 0.7890703 0.7302778 0.6942367 1.0613473 1.0175815 1.0221610 0.7773080 0.8347952 0.8007464 0.7535582 0.9136730 0.8565004 0.4560960 0.7826569 0.6442131 1.0720731 0.8595543 0.9231672 0.9088823 0.9594916 0.9594916 0.8785745 0.8208014 0.8208014 1.1387021 0.7823374 0.7116190 0.6963756 0.8632113 1.2396698 1.2283629 1.1796617 1.1629242 1.5687357 1.3740136 0.6603127 0.9687029 1.2513176 0.9049207 1.2210636 1.2283080 1.2283080 1.1523539 1.1523539 1.1856936 1.1856936 1.2344767 1.2344767 0.9120851 0.9788560 0.9788560 0.9214327 0.9301040 0.8704639 0.6684779 0.9108044 0.9108044 0.8870978 1.2542346 2.5811768 1.1849190 1.5157569 0.8865375 1.1625431 0.9813456 1.0424842 2.0007689 
Lcom_lcpid156471                                        0.6137396 0.6865466 0.5867393 0.7215930 0.6016226 0.6689158 0.6404592 0.6536631 0.6272777 0.0000000 0.0714120 0.0618350 0.5727976 0.5397288 0.4903851 0.6079105 0.6651497 0.7116500 0.7187413 0.6576996 0.7434855 0.6877878 0.7442611 0.7271919 0.9745792 0.6861114 0.7239672 0.7098679 0.7277846 0.7201630 0.7457727 0.6699937 0.7417120 0.7150702 0.7936420 0.7706990 0.7313088 0.7110604 0.7572659 0.8004676 0.7922543 0.6193977 0.6840058 0.7282266 0.5886327 0.7514290 0.6866121 0.6227569 0.6619885 0.6370740 0.7550403 0.7760619 0.8088058 0.7814741 0.8129424 0.8610080 0.7534309 0.7596298 0.8595871 0.8980882 0.7637245 0.7659168 0.7052342 0.7405281 0.9895934 0.9152946 0.8774546 0.9111383 1.1648896 1.0511475 0.8561779 0.9866622 0.9983140 0.8819673 0.9926040 0.8716295 0.8716295 0.8621401 0.8784152 0.8091357 0.8091357 0.9257893 0.8895748 0.6413735 0.6844379 0.7521888 0.6868515 0.7458260 0.6845552 0.5839793 0.7075433 0.7075433 0.7306599 0.8455474 0.9417238 0.8044477 1.0581825 1.0765940 0.9611982 0.8419853 0.8144045 1.6209483 
Clacor_Ccor_C515833_01                                  0.6109563 0.6645622 0.5570487 0.6518360 0.5481344 0.6671907 0.5977348 0.6072286 0.5928527 0.0714120 0.0000000 0.0374131 0.5920549 0.4990034 0.4793506 0.6329672 0.6197878 0.7224236 0.7124515 0.6505735 0.7269280 0.6745074 0.7214153 0.7133064 0.9768048 0.6958778 0.7143371 0.7063175 0.7257330 0.6986520 0.7235535 0.6501257 0.7168649 0.6934806 0.7740478 0.7406694 0.6836760 0.6826548 0.7903872 0.8348855 0.8234388 0.5869913 0.6455221 0.6899681 0.5786216 0.7710651 0.6552279 0.5867066 0.6873217 0.6286096 0.7370737 0.8302217 0.8201091 0.7936161 0.8150178 0.8628775 0.7637644 0.7441449 0.8415482 0.9450060 0.8287298 0.7924465 0.7473959 0.7899507 1.0081872 0.9151639 0.9101760 0.9696940 1.1885192 1.1142073 0.8705939 0.9992416 1.0937639 0.9488181 1.0436759 0.9727061 0.9727061 0.9499708 0.9817210 0.8868282 0.8868282 1.0287862 0.9889811 0.7533897 0.7944389 0.8602155 0.8071411 0.8298815 0.7863024 0.6499530 0.8112369 0.8112369 0.8250468 0.9348527 1.0717247 0.8916428 1.1804521 1.0264110 1.0410590 0.9466324 0.8665963 1.7180439 
Lcom_lcpid190558                                        0.5978383 0.6553872 0.5646920 0.6189638 0.5582526 0.5968450 0.5805513 0.5734480 0.5635820 0.0618350 0.0374131 0.0000000 0.4987926 0.4784879 0.4166301 0.5678553 0.5561428 0.6329695 0.6649577 0.5881242 0.7421454 0.6871622 0.7248259 0.7173836 0.8778364 0.7033764 0.6803736 0.6529439 0.6865802 0.5960648 0.5848254 0.5960951 0.6552007 0.5704424 0.6493274 0.6493274 0.5915595 0.6361333 0.8149914 0.8567902 0.8397053 0.5891797 0.6202862 0.6577092 0.5351909 0.7132778 0.6880130 0.4957839 0.6494124 0.6083821 0.7955963 0.7747149 0.7389799 0.7165956 0.7563608 0.7563608 0.6809175 0.6878214 0.6878214 0.9057706 0.7806500 0.7243900 0.7650762 0.7394711 1.0393126 0.9533148 0.8661321 0.9868025 1.1766574 0.9986906 0.8080461 0.9609626 1.0617699 0.8316651 1.0361280 0.7749603 0.7749603 0.7281590 0.7281590 0.7241227 0.7241227 0.7904854 0.7904854 0.6045384 0.6162460 0.6162460 0.5698140 0.6356000 0.6564760 0.5198943 0.6564760 0.6564760 0.6349520 0.7858006 0.9101082 0.7736965 1.0406615 0.9953304 1.0241172 0.8654299 0.7883380 1.6193502 
Bralan_BLAG05000532_1                                   0.5907146 0.6172590 0.4773905 0.6889131 0.5129978 0.5110556 0.4973896 0.5184851 0.4882410 0.5727976 0.5920549 0.4987926 0.0000000 0.3877738 0.3541217 0.4935854 0.5211373 0.5712836 0.5954643 0.5558294 0.5356421 0.5545302 0.5740505 0.6802435 0.7245105 0.6534582 0.6582700 0.5542898 0.6497963 0.4550660 0.4740952 0.5076757 0.5256568 0.4781578 0.5861724 0.5836685 0.5295075 0.4903461 0.6906473 0.6762603 0.6943663 0.5306387 0.6102428 0.6012265 0.5738265 0.7146245 0.6832057 0.6126707 0.5467712 0.5251154 0.6711817 0.5896212 0.7119151 0.7129457 0.7511092 0.8046720 0.6710105 0.6681614 0.7699196 0.8429023 0.4857521 0.6352548 0.5694609 0.5982317 0.9377750 0.9202724 0.8737203 0.8955100 1.0831666 1.0907007 0.6982742 0.6712521 0.8022527 0.7044516 0.7998914 0.9346605 0.9346605 0.8658599 0.8548607 0.8842805 0.8842805 1.0007980 0.9623901 0.7672768 0.7975184 0.8433645 0.8012840 0.7026674 0.6957155 0.5861541 0.7191978 0.7191978 0.7307181 0.8744694 0.9272089 0.8397026 1.1496817 0.7782287 0.9421731 0.8157808 0.8276887 1.7157333 
Hsap_ENST00000222247                                    0.4905307 0.4574350 0.4183923 0.5055099 0.4819459 0.4301254 0.4905645 0.3888861 0.3795030 0.5397288 0.4990034 0.4784879 0.3877738 0.0000000 0.2702732 0.4374528 0.5125555 0.5717984 0.5942300 0.5348775 0.5008472 0.4735964 0.4833440 0.5363001 0.5949633 0.5385901 0.5615072 0.5154320 0.5640402 0.4788316 0.4923020 0.4299161 0.5105028 0.4800089 0.5670524 0.5696879 0.4481994 0.4411486 0.5240128 0.5489312 0.5743618 0.4628688 0.5820425 0.5879415 0.5218643 0.6385064 0.5911219 0.4681101 0.4953184 0.4712637 0.5965887 0.5884620 0.5841082 0.5987159 0.6189969 0.6671732 0.5727942 0.5044277 0.5913981 0.7245635 0.6248389 0.6086467 0.6038837 0.6245332 0.7972632 0.7710697 0.6952795 0.8628079 0.9429172 0.9794634 0.6715313 0.7661808 0.9523924 0.7417964 0.9440114 0.8859603 0.8859603 0.7963910 0.8029570 0.8459475 0.8459475 0.9622158 0.9261152 0.7194995 0.7488366 0.7580247 0.7375453 0.6791448 0.7097181 0.6648042 0.7327476 0.7327476 0.7054468 0.8719369 1.1872665 0.8384541 1.1860641 0.7044083 0.8285821 0.6926039 0.6715951 1.6329317 
Skow_XM_006817522.1                                     0.5224910 0.4217376 0.4066216 0.4929838 0.5069691 0.4422562 0.4595797 0.4666496 0.4040918 0.4903851 0.4793506 0.4166301 0.3541217 0.2702732 0.0000000 0.3214201 0.3917472 0.6628155 0.5431475 0.5704535 0.5451036 0.4587081 0.5218919 0.6092225 0.7369630 0.5839016 0.6497983 0.5438519 0.5099552 0.4476378 0.4674581 0.4197735 0.4802813 0.3879652 0.5711063 0.5711063 0.5175670 0.4792619 0.4973748 0.5023498 0.5019394 0.6066437 0.7018958 0.6522344 0.6443059 0.6354061 0.6174788 0.4930567 0.5367847 0.4474208 0.6549037 0.6543985 0.7538666 0.7408814 0.7455429 0.7455429 0.6769207 0.6467902 0.6467902 0.9287025 0.6544242 0.6534431 0.6050106 0.8676526 1.0420487 0.9978712 0.8378330 1.0479190 1.1493480 1.0068014 0.5667961 0.8159542 1.1261264 0.9058075 1.2014260 0.9156050 0.9156050 0.8814353 0.8814353 0.8745492 0.8745492 1.0165744 1.0165744 0.7785075 0.8295072 0.8295072 0.7463770 0.7694444 0.7613718 0.5636455 0.7990684 0.7990684 0.7693431 0.8871658 0.9454594 0.8308262 1.3118195 0.8974611 0.9625858 0.7186642 0.8368478 1.8555933 
Cscu_XM_023359426.1                                     0.4935648 0.5102120 0.4429855 0.5380266 0.4747797 0.5241966 0.5776064 0.5580804 0.5646452 0.6079105 0.6329672 0.5678553 0.4935854 0.4374528 0.3214201 0.0000000 0.5568460 0.6112700 0.5526241 0.5823778 0.5597615 0.4815354 0.5621370 0.7728108 0.9994950 0.7656733 0.7526578 0.5696548 0.5420464 0.5716261 0.5845069 0.5347993 0.6153605 0.5971264 0.6882282 0.6702924 0.5963224 0.6196415 0.6077299 0.6219612 0.6862860 0.6094649 0.6942583 0.6832209 0.6175677 0.6845600 0.6601119 0.4654010 0.4735809 0.4871096 0.6689343 0.5556163 0.7868625 0.7659627 0.7815851 0.8142149 0.7399373 0.6820272 0.7621906 0.9093383 0.6658701 0.6915819 0.6278860 0.8487326 1.0289113 0.9404240 0.8051784 0.9257062 1.1600093 1.0745629 0.7179525 0.9317393 1.0231777 0.9127946 1.0544966 0.9434205 0.9434205 0.9181846 0.9191695 0.9001316 0.9001316 1.0314516 0.9919057 0.7715145 0.8207255 0.8720234 0.8379958 0.8122683 0.7786962 0.6337453 0.8028995 0.8028995 0.7890331 0.9391652 0.8563935 0.8845375 1.0924029 0.7434147 0.9518614 0.7826891 0.8923112 1.6128388 
Spur_XM_791638.5                                        0.6501126 0.6016789 0.5356349 0.5817097 0.5439261 0.6429741 0.5424801 0.5934031 0.5695070 0.6651497 0.6197878 0.5561428 0.5211373 0.5125555 0.3917472 0.5568460 0.0000000 0.7236671 0.6525441 0.6369497 0.6904531 0.6664809 0.6600372 0.8344956 0.6476918 0.7835768 0.7336644 0.7583358 0.6858746 0.5821330 0.5896166 0.6303371 0.6110628 0.5306666 0.5946575 0.5868660 0.5455411 0.5483176 0.7105244 0.7310702 0.7822870 0.6779337 0.7706676 0.7253979 0.6706695 0.8330188 0.6835851 0.6021670 0.6345437 0.6214173 0.7265873 0.7020568 0.7299171 0.6954727 0.7910690 0.8316849 0.6567122 0.6818692 0.7517680 0.9277120 0.6344711 0.6501083 0.6961716 0.8316853 0.9438978 0.7981885 0.7507134 0.7482591 0.9233499 1.0541111 0.7819296 0.8523906 0.9314023 0.7504544 0.9577260 0.9557747 0.9557747 0.9359483 0.9075510 0.9306695 0.9306695 1.0332809 0.9937929 0.7925823 0.8110933 0.8663534 0.8469972 0.7241093 0.7660329 0.7005438 0.7904506 0.7904506 0.7345573 0.9021185 1.0579919 0.8732341 1.2678767 0.8932574 0.7971798 0.8019736 0.7566270 1.7173360 
Aque_Aqu2.1.40409_001                                   0.9404969 0.8067957 0.7690574 0.7715623 0.6968967 0.7753669 0.7043020 0.7935277 0.9649949 0.7116500 0.7224236 0.6329695 0.5712836 0.5717984 0.6628155 0.6112700 0.7236671 0.0000000 0.1282955 0.1816295 0.4309521 0.4412641 0.5126265 0.6751154 0.5483132 0.6506601 0.5765291 0.5456433 0.5202209 0.5377878 0.5689702 0.6054516 0.6602660 0.6175317 0.5809539 0.5888850 0.6941813 0.6547027 0.6086067 0.6958785 0.7427020 0.6096153 0.6494928 0.6203492 0.7196874 0.6261173 0.6402387 0.7985982 0.6238405 0.6523054 0.6480168 0.5892474 0.7883403 0.7804844 0.8259517 0.8831644 0.7695894 0.7032239 0.8047059 0.8842605 0.6681046 0.6721412 0.7984080 0.8361269 0.9601874 0.9445235 0.8565515 0.8011369 0.9415891 1.0931464 0.8138413 0.8749261 0.9463674 0.9095423 1.0096323 0.8863781 0.8863781 0.8942399 0.8968388 0.8867120 0.8867120 0.9907790 0.9523242 0.7814048 0.8125418 0.8814748 0.8626407 0.7256070 0.8119195 0.6931511 0.8018837 0.8018837 0.7850634 0.8968841 0.9182967 0.8925935 1.2254219 0.8701418 1.1621373 0.7074506 0.9319044 1.5004169 
Halamb_c57824_g1_i1m.44772                              0.8446290 0.6412645 0.7052489 0.7178747 0.6245042 0.7204521 0.6125231 0.7266320 0.8459987 0.7187413 0.7124515 0.6649577 0.5954643 0.5942300 0.5431475 0.5526241 0.6525441 0.1282955 0.0000000 0.1339988 0.4304891 0.4287503 0.5135663 0.6857726 0.4858223 0.6384203 0.5961690 0.5895765 0.5033668 0.5213431 0.5287193 0.5360774 0.6066837 0.5630259 0.5325729 0.5470156 0.6892699 0.6336931 0.5989425 0.6741484 0.7554503 0.6359242 0.6567374 0.6073119 0.7221994 0.5880048 0.6026181 0.7150488 0.6511158 0.6185578 0.5412949 0.5099908 0.7563001 0.7296850 0.8052722 0.8352287 0.6934622 0.6942356 0.7639047 0.8365967 0.6628645 0.7254822 0.7663309 0.9198290 0.9157657 0.9660472 0.8732114 0.7097748 0.9400589 1.0853359 0.7199712 0.8096493 0.9087634 0.9237147 0.9062806 0.9439478 0.9439478 0.9208946 0.9248791 0.9408908 0.9408908 1.0081371 1.0081371 0.8229837 0.8413458 0.8918987 0.8734503 0.7805736 0.8240236 0.6967872 0.8240236 0.8240236 0.7991694 0.9191338 0.9238316 0.9213196 1.2541216 0.8877730 1.1226685 0.6999154 0.9067732 1.4372226 
Xestes_maker-XT_scaffold47436-augustus-gene-0.34-mRNA-1 0.8409686 0.6400948 0.7100781 0.7518461 0.6642982 0.6903035 0.6158494 0.7001031 0.8459422 0.6576996 0.6505735 0.5881242 0.5558294 0.5348775 0.5704535 0.5823778 0.6369497 0.1816295 0.1339988 0.0000000 0.3987532 0.4474549 0.4147312 0.5568107 0.4654280 0.5417977 0.4864396 0.5031961 0.5103652 0.4721552 0.5008181 0.4837400 0.5429193 0.5216543 0.5682760 0.5762663 0.6382225 0.5921017 0.6094205 0.6367881 0.6991523 0.5572178 0.5668763 0.5668077 0.6400335 0.5141444 0.5534997 0.7209316 0.6067167 0.6055697 0.5686000 0.5100625 0.7233445 0.7140234 0.7794578 0.8336462 0.6697122 0.6588704 0.7544693 0.8325980 0.6231746 0.6786118 0.8058251 0.7785736 0.8558699 0.8805990 0.7727136 0.7293400 0.8766147 0.9982551 0.7191689 0.7732666 0.8900269 0.8702140 1.0035900 0.8681822 0.8681822 0.8692648 0.8954541 0.8551242 0.8551242 0.9718686 0.9346263 0.7292580 0.7411537 0.8037271 0.8020613 0.7194651 0.7338738 0.6358663 0.7250727 0.7250727 0.7391357 0.8545244 0.9826404 0.8497221 1.2401395 0.7811238 0.9571687 0.6510907 0.8262363 1.4038790 
Tetwil_g1379.t1                                         0.8131562 0.7127275 0.7008025 0.8282017 0.6772065 0.7347697 0.7495600 0.7085540 0.7541210 0.7434855 0.7269280 0.7421454 0.5356421 0.5008472 0.5451036 0.5597615 0.6904531 0.4309521 0.4304891 0.3987532 0.0000000 0.3075422 0.4034914 0.6958331 0.5459146 0.6770337 0.5375613 0.5968070 0.4890668 0.4166070 0.4361704 0.4176998 0.4321275 0.4892183 0.5461992 0.5466496 0.5775718 0.5420537 0.5558015 0.5460470 0.6121429 0.5688286 0.5764684 0.5642107 0.6110242 0.5296348 0.5876541 0.7284430 0.6472884 0.6675857 0.6598645 0.5123059 0.7005366 0.6722068 0.7156086 0.7712250 0.6408264 0.6309590 0.7048077 0.8553502 0.6601304 0.6236987 0.7871300 0.8208279 0.9384282 0.8686332 0.7812342 0.9568905 0.9597784 1.1122395 0.8133446 0.7176226 0.8800109 0.8741798 0.9635549 0.8463276 0.8463276 0.8112076 0.8332312 0.8027586 0.8027586 0.8995351 0.8647110 0.6880937 0.7180083 0.7748960 0.7691202 0.7241933 0.7421566 0.7021837 0.7659648 0.7659648 0.7135616 0.8006123 1.0718275 0.7751127 1.1739737 0.8480750 1.0379287 0.8322513 0.6039420 1.5104799 
Stycar_maker-SC_scaffold6024-snap-gene-0.38-mRNA-1      0.7568996 0.7020428 0.6548978 0.7115769 0.6235342 0.7096567 0.6581588 0.7430233 0.8547663 0.6877878 0.6745074 0.6871622 0.5545302 0.4735964 0.4587081 0.4815354 0.6664809 0.4412641 0.4287503 0.4474549 0.3075422 0.0000000 0.3819379 0.6326293 0.4288176 0.6160311 0.5322194 0.6253934 0.4400853 0.4916629 0.5126840 0.4780235 0.5109731 0.5180702 0.6096109 0.6074393 0.5129963 0.5134335 0.4840186 0.4984619 0.5453988 0.5039022 0.5796884 0.6081950 0.6107000 0.5541213 0.5854849 0.7102853 0.5959193 0.6112706 0.5151537 0.5302951 0.5808611 0.5523840 0.5687183 0.6173614 0.5595448 0.5639695 0.6186920 0.7989112 0.6902662 0.6541290 0.7505213 0.7586476 0.9569199 0.8381578 0.7775725 0.9116294 0.9060318 0.9596118 0.7959134 0.7722973 0.8549703 0.8297395 0.9618843 0.8856515 0.8856515 0.8841893 0.8957084 0.8684942 0.8684942 0.9555175 0.9194784 0.7377577 0.7671546 0.8155008 0.8164941 0.7831610 0.8087068 0.8042517 0.8338282 0.8338282 0.7963423 0.8872981 1.1422259 0.8602754 1.2428945 0.8233507 1.0879625 0.7306555 0.6874238 1.6959206 
Morvir_scaffold384.g9.t1                                0.7450133 0.6544107 0.7042119 0.8298211 0.6812603 0.6062250 0.5638855 0.6792688 0.7496418 0.7442611 0.7214153 0.7248259 0.5740505 0.4833440 0.5218919 0.5621370 0.6600372 0.5126265 0.5135663 0.4147312 0.4034914 0.3819379 0.0000000 0.5593171 0.2272920 0.5328825 0.3872238 0.6568074 0.4872654 0.4679345 0.5110242 0.4629241 0.5087041 0.4675735 0.5936095 0.5850670 0.5180539 0.4331030 0.5185679 0.4966718 0.5455779 0.5492100 0.5278183 0.5690490 0.5393495 0.4987717 0.5771774 0.6424117 0.6460828 0.6702743 0.5348555 0.5028861 0.5969162 0.5821963 0.6550679 0.7066862 0.5939858 0.5731039 0.6605891 0.7697407 0.6382229 0.6782460 0.7894029 0.7249858 0.8955907 0.8792163 0.7564780 0.9437903 0.8136183 1.0158966 0.7813600 0.6285978 0.8740342 0.8898917 0.9400414 0.7798340 0.7798340 0.8021663 0.8115967 0.8496461 0.8496461 0.8880919 0.8539424 0.6971342 0.6722913 0.7168243 0.7866429 0.7015029 0.7593747 0.7925211 0.7593747 0.7593747 0.7031257 0.8014860 1.0894186 0.8213155 1.2238911 0.7970299 1.0492644 0.8397698 0.5574125 1.6204393 
Nemnom_g1707.t1                                         0.8956668 0.7591641 0.6471360 0.9153353 0.7889893 0.7245770 0.6783254 0.8552452 0.9239229 0.7271919 0.7133064 0.7173836 0.6802435 0.5363001 0.6092225 0.7728108 0.8344956 0.6751154 0.6857726 0.5568107 0.6958331 0.6326293 0.5593171 0.0000000 0.0485938 0.0608620 0.2371564 0.2621146 0.6265993 0.6217472 0.6271627 0.5966583 0.6174917 0.6175133 0.6355808 0.6320227 0.6077421 0.6061270 0.6465973 0.6493134 0.6803202 0.6270215 0.7007106 0.7041636 0.6937958 0.6852269 0.5704619 0.7676469 0.7892968 0.8140166 0.7110828 0.7782555 0.6929600 0.6686679 0.7117812 0.7027478 0.6430344 0.6510563 0.6806738 0.8500792 0.6908862 0.6299370 0.7636722 0.7264457 0.7808437 0.8125970 0.7053300 0.7885918 0.8097749 0.8609834 0.8651605 0.7065289 0.9821240 0.9076873 1.0483244 0.9165055 0.9165055 0.9935301 1.0118004 0.9843775 0.9843775 1.0830162 1.0404413 0.7810012 0.7789587 0.8605560 0.9256350 0.7581028 0.7998356 0.8108465 0.8066617 0.8066617 0.7923736 0.8992589 1.1874471 0.8919794 1.3246807 0.8410042 1.0149556 0.8882013 0.7910659 1.3551826 
Rhoesc_Res_009743-T1                                    1.0186053 0.8012628 0.8012628 0.8319669 0.7976535 0.8321196 0.7765522 1.1491917 1.1491917 0.9745792 0.9768048 0.8778364 0.7245105 0.5949633 0.7369630 0.9994950 0.6476918 0.5483132 0.4858223 0.4654280 0.5459146 0.4288176 0.2272920 0.0485938 0.0000000 0.0000010 0.1220088 0.0000010 0.3585093 0.3797323 0.3839311 0.4073128 0.3944907 0.3339729 0.3999379 0.3999379 0.4446894 0.4097376 0.3415862 0.3644272 0.5108362 0.4611381 0.5097066 0.5016713 0.5581470 0.5391553 0.6464701 0.7981881 1.1124704 1.3937498 0.5043360 0.6931592 0.4852125 0.4697033 0.5196649 0.5196649 0.4074916 0.4617095 0.4617095 0.7815139 0.4632419 0.4770718 0.6677077 0.8117255 0.7315344 0.7075748 0.5589926 0.8608488 0.7247232 0.8717234 0.8388939 0.4755641 0.8387636 0.7731517 0.9742271 0.8072075 0.8072075 0.9309137 0.9309137 1.0171883 1.0171883 1.0752898 1.0752898 0.6813946 0.6824051 0.6824051 0.7183758 0.7903962 0.8843959 1.0818038 0.9050800 0.9050800 0.7278999 0.8247243 0.0000010 0.8025911 2.3519008 0.8554323 1.3369972 1.1925296 0.8485598 2.1094219 
Rhoesc_Res_013524-T1                                    0.8526424 0.7276336 0.5989592 0.8535973 0.7521270 0.7116159 0.6520459 0.8627256 0.8672347 0.6861114 0.6958778 0.7033764 0.6534582 0.5385901 0.5839016 0.7656733 0.7835768 0.6506601 0.6384203 0.5417977 0.6770337 0.6160311 0.5328825 0.0608620 0.0000010 0.0000000 0.2239089 0.2857247 0.5800934 0.5976979 0.6030400 0.5730004 0.5894811 0.5929569 0.6077338 0.6044589 0.6406310 0.5891425 0.6025884 0.6145054 0.6645178 0.6087482 0.6689490 0.6627946 0.6689543 0.6519943 0.5609810 0.7612093 0.7935029 0.7711024 0.7162572 0.7305002 0.6406966 0.6164136 0.6582733 0.6494081 0.5918708 0.6135694 0.6541776 0.8248741 0.6501976 0.5763415 0.7262693 0.7208313 0.7616657 0.7914506 0.7291563 0.8059876 0.8203193 0.8729028 0.8149005 0.7030236 0.9597873 0.9195360 1.0155269 0.8914856 0.8914856 0.9417214 0.9859948 0.9367318 0.9367318 1.0305165 0.9895822 0.7273590 0.7266098 0.8170290 0.8767248 0.7419754 0.7466942 0.7535541 0.7534928 0.7534928 0.7313893 0.8620475 1.0808107 0.8544504 1.2862248 0.8562340 0.9811049 0.8878959 0.7761739 1.2649538 
Sanmal_Sma_009272-T1                                    0.8248849 0.7688097 0.7109141 0.8647870 0.8219844 0.7485402 0.6856872 0.8257804 1.0009989 0.7239672 0.7143371 0.6803736 0.6582700 0.5615072 0.6497983 0.7526578 0.7336644 0.5765291 0.5961690 0.4864396 0.5375613 0.5322194 0.3872238 0.2371564 0.1220088 0.2239089 0.0000000 0.2562621 0.4740362 0.4748814 0.4921386 0.4820345 0.5041708 0.4998023 0.5525337 0.5368022 0.5779295 0.4713668 0.5142675 0.5103250 0.6098125 0.5513321 0.6007443 0.5585699 0.5508144 0.4924046 0.5489710 0.7533193 0.7112151 0.7115185 0.6099928 0.5965735 0.5871281 0.5655422 0.6181565 0.6315970 0.5457533 0.5611567 0.6045914 0.8146919 0.5942815 0.5510821 0.7531264 0.7115465 0.7943341 0.7556706 0.6872682 0.8268990 0.7661340 0.8735298 0.7835482 0.6892538 0.8632406 0.9929505 0.9368093 0.7781923 0.7781923 0.8538456 0.8785080 0.8513661 0.8513661 0.9333627 0.8968730 0.6203217 0.6221204 0.7247579 0.7520029 0.6592520 0.6774026 0.6700458 0.6839558 0.6839558 0.6661058 0.7430816 0.8648162 0.7346411 1.1222123 0.8581497 0.9701155 0.8597547 0.6815034 1.2546727 
Aaur_scaffold604.g2.t1                                  0.7352224 0.6885206 0.6762442 0.7758968 0.7116807 0.6561300 0.5205219 0.7032882 0.8151510 0.7098679 0.7063175 0.6529439 0.5542898 0.5154320 0.5438519 0.5696548 0.7583358 0.5456433 0.5895765 0.5031961 0.5968070 0.6253934 0.6568074 0.2621146 0.0000010 0.2857247 0.2562621 0.0000000 0.6205606 0.6034003 0.5984560 0.5673449 0.5642593 0.6244125 0.6168527 0.6168527 0.7061421 0.6420135 0.7037578 0.6845905 0.7014624 0.6264808 0.6597745 0.6214286 0.7268479 0.6329671 0.5115702 0.6194179 0.5262016 0.4924111 0.7338828 0.5761048 0.6424798 0.6424798 0.6720848 0.6720848 0.6594249 0.6465187 0.6914552 0.7986334 0.6244482 0.5403052 0.7571107 0.6886940 0.7810164 0.7633273 0.6813393 0.7255285 0.8366341 0.6446294 0.6428421 0.8052057 0.8097532 0.9685873 0.8947798 0.7846747 0.7846747 0.7792818 0.8123535 0.7517667 0.7517667 0.7849556 0.7849556 0.7217971 0.7217971 0.7730792 0.8979251 0.6403378 0.6656515 0.6656515 0.6656515 0.6656515 0.6985441 0.8014511 0.8619207 0.8014511 0.7846747 0.7933605 0.8091839 0.7429809 0.6968484 0.9085139 
Coemet_Cmet_C566036_01                                  0.7229755 0.7796562 0.6134007 0.7651681 0.7099258 0.7001218 0.5998930 0.7850032 0.8051943 0.7277846 0.7257330 0.6865802 0.6497963 0.5640402 0.5099552 0.5420464 0.6858746 0.5202209 0.5033668 0.5103652 0.4890668 0.4400853 0.4872654 0.6265993 0.3585093 0.5800934 0.4740362 0.6205606 0.0000000 0.5156109 0.5395784 0.5348160 0.5336446 0.5032342 0.5584745 0.5473282 0.5719281 0.5286451 0.6051929 0.5945474 0.6207287 0.5095438 0.5583924 0.5554634 0.5409422 0.3737554 0.3695816 0.7722144 0.6620468 0.6955523 0.5795216 0.5697647 0.6382487 0.6072461 0.6806074 0.7086493 0.6077884 0.5969783 0.6754994 0.8669549 0.7178593 0.6625144 0.7088943 0.9229500 0.9164394 0.8907909 0.8282547 1.1049837 0.9825542 1.0383301 0.7718938 0.7463032 0.8868174 0.8418835 0.9323913 0.8462135 0.8462135 0.8698172 0.8738627 0.8684273 0.8684273 0.9884269 0.9513669 0.7721066 0.7863753 0.8689560 0.8754825 0.7499207 0.7497377 0.7789858 0.7612183 0.7612183 0.7103041 0.8003130 0.9796795 0.7900371 1.2130432 0.8429215 0.9080197 0.8507057 0.6662960 1.4074797 
Spis_XP_022784451_1                                     0.7042562 0.6277864 0.6348461 0.7495233 0.6784063 0.6189720 0.5768201 0.6457887 0.6886094 0.7201630 0.6986520 0.5960648 0.4550660 0.4788316 0.4476378 0.5716261 0.5821330 0.5377878 0.5213431 0.4721552 0.4166070 0.4916629 0.4679345 0.6217472 0.3797323 0.5976979 0.4748814 0.6034003 0.5156109 0.0000000 0.0562296 0.1123261 0.1186280 0.1409152 0.2341705 0.2105251 0.2586582 0.2710765 0.4270589 0.4233657 0.4564695 0.4598016 0.4556602 0.4266870 0.4527447 0.5518524 0.5683945 0.6435769 0.6095727 0.7005260 0.4983234 0.5506778 0.6420546 0.6126051 0.6702836 0.7156488 0.5661061 0.5630337 0.6463832 0.6781401 0.4411001 0.5604078 0.6358722 0.6670548 0.7138944 0.6998972 0.6439556 0.8820273 0.8648504 0.9098973 0.6967157 0.5650963 0.8957443 0.8173963 0.8856123 0.8669410 0.8669410 0.8865719 0.9177062 0.8534246 0.8534246 0.9735928 0.9372942 0.7261998 0.7480961 0.8179218 0.8437760 0.7311212 0.6904565 0.6786304 0.7062131 0.7062131 0.6879970 0.8078458 0.9453076 0.7901032 1.2119210 0.7854049 0.9409370 0.8505015 0.7453791 1.5199928 
Pocdam_XM_027195419.1                                   0.7310733 0.6900282 0.7016813 0.7903228 0.7105198 0.6442605 0.5946659 0.6669230 0.7033115 0.7457727 0.7235535 0.5848254 0.4740952 0.4923020 0.4674581 0.5845069 0.5896166 0.5689702 0.5287193 0.5008181 0.4361704 0.5126840 0.5110242 0.6271627 0.3839311 0.6030400 0.4921386 0.5984560 0.5395784 0.0562296 0.0000000 0.1271760 0.1507504 0.1642571 0.2427376 0.2608288 0.2539372 0.2985051 0.4235421 0.4097827 0.4527835 0.4917955 0.4874946 0.4728187 0.4584224 0.6233078 0.6412691 0.6746784 0.6834296 0.7423239 0.5347010 0.5681687 0.6710769 0.6121737 0.6773111 0.6913273 0.5656467 0.5906237 0.6222327 0.6956063 0.4636738 0.5713158 0.6386751 0.7151820 0.6965280 0.6840189 0.6329944 0.8820273 0.8965502 0.8754789 0.6723151 0.5558267 0.9299036 0.8238798 0.8943858 0.8804718 0.8804718 0.8639357 0.8936768 0.8517753 0.8517753 0.9741369 0.9468932 0.7418349 0.7636714 0.8078798 0.8190499 0.7468513 0.6930205 0.7108019 0.7088046 0.7088046 0.6923176 0.8244387 1.0297640 0.8066742 1.2523297 0.8159169 0.9331148 0.8597534 0.7113787 1.5623727 
Gasp_gasp1.m3.5948.m1                                   0.6399427 0.6090825 0.6355019 0.7294146 0.6224401 0.5903119 0.5382002 0.6026519 0.5861585 0.6699937 0.6501257 0.5960951 0.5076757 0.4299161 0.4197735 0.5347993 0.6303371 0.6054516 0.5360774 0.4837400 0.4176998 0.4780235 0.4629241 0.5966583 0.4073128 0.5730004 0.4820345 0.5673449 0.5348160 0.1123261 0.1271760 0.0000000 0.1037460 0.1185571 0.2747835 0.2665337 0.2993510 0.3149899 0.4362874 0.4111497 0.4638678 0.4890702 0.4888316 0.4953532 0.4550840 0.5726489 0.5797454 0.5989029 0.6282477 0.6536463 0.5170211 0.5171632 0.6442153 0.6282076 0.6697244 0.7200821 0.5845513 0.5685426 0.6557934 0.6797306 0.5047620 0.5340089 0.6315767 0.6655730 0.6788291 0.6561635 0.6003906 0.8034363 0.8056098 0.8822203 0.6509362 0.5550940 0.9186318 0.7716821 0.8592810 0.8719292 0.8719292 0.8760629 0.9219208 0.8582004 0.8582004 0.9801002 0.9431991 0.7088602 0.7423943 0.7893220 0.8118727 0.7382355 0.7032316 0.7185373 0.7265701 0.7265701 0.7291349 0.8680956 1.1115056 0.8373246 1.2183769 0.7777902 0.9135765 0.8542241 0.7294106 1.4875085 
Fspp_ffun1.m4.15555.m1                                  0.7635271 0.6872481 0.7790356 0.8173794 0.6861139 0.6233040 0.5834122 0.6840363 0.7191685 0.7417120 0.7168649 0.6552007 0.5256568 0.5105028 0.4802813 0.6153605 0.6110628 0.6602660 0.6066837 0.5429193 0.4321275 0.5109731 0.5087041 0.6174917 0.3944907 0.5894811 0.5041708 0.5642593 0.5336446 0.1186280 0.1507504 0.1037460 0.0000000 0.1408769 0.2726126 0.2445705 0.3378415 0.2942250 0.4766333 0.4466865 0.5066099 0.5212652 0.5442633 0.5401582 0.5187811 0.6490073 0.6077381 0.6802583 0.6780063 0.7303879 0.5611761 0.5734190 0.6901966 0.6576217 0.7155665 0.7681720 0.5890194 0.5981101 0.6781888 0.6690622 0.5088863 0.5270188 0.6737552 0.6995936 0.7084350 0.7085502 0.6357265 0.8605931 0.8276174 0.8820141 0.7044080 0.5492388 0.9789461 0.8702441 0.8645271 0.9682519 0.9682519 0.9869016 1.0300072 0.9516487 0.9516487 1.0974454 1.0526547 0.7930549 0.8252966 0.8895257 0.9250219 0.8114719 0.7773187 0.8089944 0.8042504 0.8042504 0.7817636 0.9150809 1.0460021 0.8866027 1.3334513 0.8232089 0.9972832 0.9080762 0.8339379 1.6336826 
Gfas_gfas1.m1.14578.m1                                  0.6805607 0.6405121 0.6487673 0.7234505 0.6030400 0.5547130 0.5045939 0.6031684 0.6186016 0.7150702 0.6934806 0.5704424 0.4781578 0.4800089 0.3879652 0.5971264 0.5306666 0.6175317 0.5630259 0.5216543 0.4892183 0.5180702 0.4675735 0.6175133 0.3339729 0.5929569 0.4998023 0.6244125 0.5032342 0.1409152 0.1642571 0.1185571 0.1408769 0.0000000 0.2638208 0.2464337 0.2502032 0.2575301 0.4878009 0.4523545 0.5177662 0.5005432 0.5001886 0.5246343 0.4898535 0.6004015 0.5791176 0.6112520 0.6380557 0.7286827 0.5612793 0.5730760 0.6946982 0.6742960 0.7247281 0.7781473 0.6230276 0.6283440 0.7036022 0.7131552 0.5160909 0.5706388 0.6550584 0.7119299 0.7019659 0.6642105 0.5997729 0.8022408 0.8540717 0.8771083 0.6766234 0.5362307 0.9085304 0.7844478 0.8599656 0.8496816 0.8496816 0.8518007 0.8807376 0.8627024 0.8627024 0.9866213 0.9495707 0.7123844 0.7437876 0.7921122 0.8044404 0.7348400 0.7330693 0.7592918 0.7566451 0.7566451 0.7246573 0.8463660 1.0227624 0.8181034 1.1792522 0.8218869 0.9194548 0.8592572 0.7538529 1.6261834 
Amil_Amillepora16930-RA                                 0.7622139 0.6878362 0.7569408 0.8029097 0.6192721 0.6403088 0.6191682 0.7043580 0.7890703 0.7936420 0.7740478 0.6493274 0.5861724 0.5670524 0.5711063 0.6882282 0.5946575 0.5809539 0.5325729 0.5682760 0.5461992 0.6096109 0.5936095 0.6355808 0.3999379 0.6077338 0.5525337 0.6168527 0.5584745 0.2341705 0.2427376 0.2747835 0.2726126 0.2638208 0.0000000 0.0124696 0.3523884 0.3544575 0.5335293 0.5492940 0.5661096 0.5745116 0.6055414 0.5525309 0.5753059 0.6007915 0.6170513 0.6142111 0.6620640 0.7197059 0.5864285 0.6299823 0.7015952 0.6667473 0.7203199 0.7295248 0.6071963 0.6129018 0.6555373 0.7151986 0.6051719 0.6372750 0.7390979 0.7376321 0.7227590 0.7595753 0.7242716 0.9230382 0.8642060 0.9341317 0.7387289 0.6728958 0.9477234 0.9344759 0.9457423 0.8993663 0.8993663 0.8827048 0.9139798 0.8884243 0.8884243 1.0083995 0.9692191 0.7576624 0.7803612 0.8694823 0.8180871 0.7178406 0.7609214 0.7063696 0.7775835 0.7775835 0.7392128 0.8439312 0.9575774 0.8253030 1.2003271 0.8952683 1.0927728 0.8601809 0.7765331 1.6626596 
Adig_XM_015924660.1                                     0.7512016 0.6633779 0.7569408 0.7679672 0.5951058 0.6104871 0.6191682 0.6964552 0.7890703 0.7706990 0.7406694 0.6493274 0.5836685 0.5696879 0.5711063 0.6702924 0.5868660 0.5888850 0.5470156 0.5762663 0.5466496 0.6074393 0.5850670 0.6320227 0.3999379 0.6044589 0.5368022 0.6168527 0.5473282 0.2105251 0.2608288 0.2665337 0.2445705 0.2464337 0.0124696 0.0000000 0.3480295 0.3414910 0.5464942 0.5615923 0.5780965 0.5724439 0.6024031 0.5567747 0.5797913 0.5913588 0.5992166 0.6029015 0.6425742 0.7255330 0.5642128 0.6268929 0.6964895 0.6667473 0.7263928 0.7746635 0.6071963 0.6103095 0.6994330 0.7371770 0.6052347 0.6177058 0.7392247 0.7358079 0.7396695 0.7547169 0.7205303 0.9230382 0.8719432 0.9641541 0.7727884 0.6728958 0.9412202 0.9390235 0.9327025 0.8832700 0.8832700 0.8827048 0.9139798 0.8761655 0.8761655 0.9791602 0.9422633 0.7467209 0.7689066 0.8422617 0.8180871 0.7347003 0.7767520 0.7263201 0.7930942 0.7930942 0.7413653 0.8300503 0.9209467 0.8118940 1.1708980 0.8787225 1.0633160 0.8581106 0.7765331 1.6206071 
Exapal_XM_021051532.1                                   0.6633758 0.7270960 0.7811723 0.7183754 0.6953035 0.5964217 0.6279448 0.6074796 0.7302778 0.7313088 0.6836760 0.5915595 0.5295075 0.4481994 0.5175670 0.5963224 0.5455411 0.6941813 0.6892699 0.6382225 0.5775718 0.5129963 0.5180539 0.6077421 0.4446894 0.6406310 0.5779295 0.7061421 0.5719281 0.2586582 0.2539372 0.2993510 0.3378415 0.2502032 0.3523884 0.3480295 0.0000000 0.1846504 0.4757012 0.4722538 0.4637907 0.5044959 0.5002898 0.5512752 0.4316535 0.6076702 0.5557957 0.5736060 0.6235444 0.6879498 0.6057230 0.6529660 0.7099750 0.6879709 0.7515940 0.8015316 0.6354759 0.6302151 0.7058835 0.6811036 0.5595411 0.6242636 0.6246539 0.7079970 0.7451411 0.6620046 0.6201044 0.8181827 0.8789004 0.9271791 0.7647384 0.6026627 0.8913988 0.7309804 0.8955504 0.8456237 0.8456237 0.7936561 0.7924418 0.8343878 0.8343878 0.9386546 0.9026976 0.7424306 0.7646302 0.8057844 0.7971918 0.7666863 0.7194421 0.7209054 0.7356277 0.7356277 0.7309721 0.8237698 1.0478410 0.8055380 1.1978890 0.8134431 0.8874427 0.8393407 0.6863360 1.6111650 
