101
Emue_Em0019g879a.t1                                      0.0000000 0.1961878 0.8553919 0.7141640 0.8121393 0.9751847 0.9650116 0.7867713 2.1854827 1.0474698 1.0474698 0.1442490 0.1442490 1.2177331 1.4518307 1.7843256 1.7144182 1.6733827 1.3746744 1.9084074 1.6733827 2.0077439 1.4675746 1.7083632 1.8771491 1.3547316 1.4384266 1.2226775 1.1857696 1.5178159 1.5864347 1.6280808 1.4181250 1.5858061 1.5249760 1.6611811 3.0354431 3.3206386 3.2622655 2.0262290 1.9758140 1.9685333 1.9685333 2.0851626 2.0362025 2.0073148 2.2599443 2.3542008 3.9862815 2.6973742 2.9305829 2.8809611 2.1463372 1.7505005 2.7634744 2.5609649 1.8594727 1.7619541 2.2013157 2.3134489 2.3134489 1.8700099 1.8700099 2.4353759 1.9978904 2.2544034 2.2326515 2.0981035 2.3172917 2.0213341 1.8042826 1.5573165 1.9244186 1.7865214 2.0691736 2.5513740 2.2034034 2.4124613 2.4124613 3.4574512 3.0679337 2.4960893 3.5263972 2.5572285 2.3241445 2.5554873 2.1029838 2.1640236 2.2879454 2.3593377 2.1869349 1.8266348 1.8468466 1.8221800 1.5037844 2.9304443 2.6659844 2.9710799 2.1295508 2.4972327 3.0393182 
Spolac_c99572_g1_i1_m.20016c99572-g1                     0.1961878 0.0000000 0.7691607 0.7041151 0.9481313 1.1296801 1.2602805 0.8481653 5.0113912 1.1622238 1.1622238 0.0000010 0.0000010 1.3567923 1.5858660 2.0047056 1.9008503 2.0378129 1.3502110 2.7697737 2.0378129 2.8373248 1.9338937 2.1789024 2.2790495 1.6711209 1.8795094 1.3756036 1.5056579 2.0171072 2.0168090 2.1850355 1.8428504 2.1052178 1.7391419 1.9202626 3.4367995 0.0000010 4.0493938 2.1231380 2.1142292 2.1081814 2.1081814 3.0067874 2.1536927 2.1228245 3.8147779 3.3650747 9.0000000 4.4468712 4.6389500 3.9568273 0.0000010 0.0000010 3.9144125 4.2516025 3.0104040 2.5336592 2.7439140 2.7466887 2.7466887 1.8965332 1.8965332 2.9477972 2.7008271 2.8647715 2.9885035 2.5028162 3.2741581 2.4688842 2.2519070 2.0200016 2.4838673 2.2816756 2.8329981 8.9216962 2.8377382 3.6822270 3.6822270 4.4197602 4.1959547 3.7685281 8.9999981 3.1832460 2.8320223 3.4980474 3.1377198 3.0261093 2.9457263 3.2143506 2.9103841 2.3968699 2.6454399 2.6138408 2.7351198 9.0000000 4.8886057 7.1136140 2.7126097 3.6916935 3.4173076 
Stycar_maker-SC_scaffold22049-augustus-gene-0.137-mRNA-1 0.8553919 0.7691607 0.0000000 0.1659290 1.1722761 1.2683590 1.2808383 0.9304177 2.7687151 1.1870296 1.1870296 1.3318533 1.3318533 1.7480832 1.8977685 2.2275643 2.1175067 2.0821974 1.6941241 2.3439879 2.1512515 2.4379480 2.2351856 2.2523582 2.1497282 1.8842571 1.9684732 1.6430916 1.7178524 1.9598817 1.9925308 2.2821190 2.0284573 2.1078718 1.7855783 2.0870882 3.5366194 5.4851652 5.0150391 2.3776694 2.3849192 2.4241393 2.4241393 2.5639228 2.3111863 2.4689737 3.0426242 3.2060451 3.9182966 3.1583412 3.7432714 3.8039291 3.1177338 2.0946768 2.9684621 3.4298538 2.5341887 2.5310929 2.7899771 2.8924820 2.8924820 2.8764644 2.8764644 2.7885027 2.6590530 2.7198938 2.7282006 2.7369932 2.9981196 2.3625785 2.3104099 2.3778920 2.6084003 2.3925871 2.5840139 3.5078926 2.8665565 2.7319295 2.6709210 3.7472511 3.6825309 3.1996291 5.7018391 3.1397887 3.2342910 3.2834715 2.3682069 2.5485127 2.5429560 2.7677991 2.4059803 2.1333594 2.2834109 2.2461905 1.9300135 4.2264837 3.4882237 3.8863896 2.6315950 3.2393226 3.4213022 
Stycar_maker-SC_scaffold24351-augustus-gene-0.6-mRNA-1   0.7141640 0.7041151 0.1659290 0.0000000 0.8543256 1.0211658 1.0432090 0.6752967 3.0866526 1.1272463 1.1272463 0.6960829 0.6960829 1.3915805 1.4952134 1.8152266 1.7361786 1.8852928 1.2733998 2.1268703 1.8852928 2.1400265 1.6418625 1.9957969 1.9924417 1.6034547 1.6552649 1.3909422 1.3954500 1.6999441 1.7507757 1.8708588 1.8473722 1.9954325 1.7968555 1.8265110 3.0899579 2.8965928 2.9864384 1.9903865 1.9672640 2.0055137 2.0055137 2.0653460 1.8932740 1.8586556 2.7585525 2.9485605 3.0642453 2.8191981 3.4549167 3.4580999 1.5863991 2.1283447 2.6389939 2.8848492 2.0425254 1.9893807 2.3547138 2.4092074 2.4092074 2.0193848 2.0193848 2.4649686 2.2138639 2.2914367 2.3399735 2.1897195 2.5445168 1.9791969 1.8311963 1.9803537 2.3282780 2.0753317 2.3328855 3.9685770 2.8698727 2.7659604 2.7659604 3.6277290 3.7487682 2.8541460 3.5676671 2.8781557 2.6260545 2.3741060 2.3062711 2.3214497 2.2805298 2.3221073 2.2502220 1.9621305 1.8385772 1.7876827 1.5290301 3.1085468 3.0657507 3.3894305 2.3088424 2.4738935 3.2850148 
Xestes_maker-XT_scaffold11569-augustus-gene-0.19-mRNA-1  0.8121393 0.9481313 1.1722761 0.8543256 0.0000000 0.6176807 0.6170458 1.1597486 2.4369165 1.1868787 1.1868787 1.2220862 1.1930077 1.8074596 1.7275215 2.0125590 2.0325383 2.0602661 1.7546978 2.2693463 1.8590551 2.0602715 2.2219242 2.0649739 2.0819882 1.7847108 1.8153586 1.5555112 1.5993263 1.8920334 1.8231039 1.7447451 1.6919654 2.2325297 1.9415232 2.1624042 2.4958598 2.1701183 2.5008071 1.9610715 1.9351909 1.9247860 1.9449449 1.8652139 2.0213352 1.9006444 2.8624259 2.7349831 3.4451471 2.7607198 3.3041905 3.2830865 2.8169367 1.9450714 2.8127357 2.8621107 2.0146358 1.9797173 2.1833598 2.3220134 2.3220134 2.1281114 2.1281114 2.4326347 1.8902556 2.2279075 2.2766010 2.0889542 2.3719608 2.2757556 2.0416548 2.2078282 2.3757887 2.3923236 2.4010925 2.9493023 2.7581634 2.5297363 2.5873272 3.5035804 3.5320404 2.8225217 3.4847508 2.8518463 2.6163442 2.9622662 2.3706947 2.5276316 2.7614177 2.4597028 2.7634303 2.3191615 2.1554000 2.1005579 2.0292437 3.0798826 2.8824394 2.9849859 2.3904950 2.6448357 2.9146495 
Halamb_c30675_g1_i1m.6362                                0.9751847 1.1296801 1.2683590 1.0211658 0.6176807 0.0000000 0.4956365 1.2491503 2.5489662 1.3996154 1.3996154 1.3713994 1.2673884 1.7233435 1.9847117 2.1251795 2.0144200 2.0546979 1.7885900 2.1670674 1.9379528 2.2383072 2.3683092 2.1828913 2.2528582 1.6983561 1.7101721 1.6644941 1.7569370 1.9470723 2.0484992 1.9141078 1.8467414 2.3535774 1.9827061 1.9748358 2.4886735 1.9361087 2.3809370 2.2358110 2.2184868 2.1932756 2.1848797 2.2336685 2.2859044 2.2606115 2.5406915 2.7973501 3.1437246 2.8751775 3.2187777 3.1137122 2.5728335 2.0002897 2.9055870 2.5647764 2.0797191 2.0648099 2.3963210 2.4652747 2.4652747 2.2795654 2.2795654 2.4549333 2.0729575 2.3123096 2.2935925 2.2800151 2.3776521 2.3182485 2.2610870 2.3419048 2.5685157 2.5483367 2.5572577 2.6706152 2.4690441 2.4537524 2.3415398 3.4304894 3.4836125 2.8880354 3.2210399 3.1306978 2.8972910 2.7478876 2.5112219 2.8638592 2.7291900 2.5040533 2.7663026 2.3902479 2.3595762 2.3129827 2.1006158 3.1809270 2.8829494 3.0493966 2.5285278 2.5523500 2.7908410 
Aque_Aqu2.1.34824_001                                    0.9650116 1.2602805 1.2808383 1.0432090 0.6170458 0.4956365 0.0000000 1.2946713 2.4088090 1.3959110 1.3959110 1.2651093 1.2090851 1.8668029 2.0481530 2.1053228 2.2018374 2.1143084 1.7613593 2.2316575 1.9729310 2.1200541 2.0494013 1.9867035 2.2018210 1.7843819 1.8038098 1.6863456 1.7066028 1.9520881 1.9537462 1.8002033 1.7952293 2.1878983 1.8672695 1.9988004 2.6667364 2.5333532 2.7511290 2.2983527 2.2703414 2.2374527 2.2161290 2.2536381 2.3670069 2.2100895 2.7597240 2.7823671 3.3869022 2.8171654 2.9074756 2.7425576 2.3416042 1.8458845 3.0391069 2.8122029 1.9372649 1.8930263 2.2729598 2.4861545 2.4861545 2.2261029 2.2261029 2.6327750 2.0462945 2.3630816 2.4164186 2.2008930 2.4693802 2.3393741 2.1305092 2.3926026 2.6150317 2.4386318 2.4773843 2.9764453 2.7805869 2.5055704 2.4536828 3.3052368 3.3143857 3.1636240 3.9078001 3.0224425 2.6495834 2.9559267 2.6118298 2.6480981 2.8726029 2.5528050 2.7458755 2.5210497 2.2156846 2.1856986 2.0382401 2.9888783 2.7942019 3.0050962 2.4403867 2.8054807 2.7207592 
Tetwil_g2996.t1                                          0.7867713 0.8481653 0.9304177 0.6752967 1.1597486 1.2491503 1.2946713 0.0000000 0.2277502 1.4020250 1.4020250 0.9939267 0.9582439 1.6020598 1.8086829 1.8819803 1.9957892 1.8900364 1.4752377 1.9921530 1.7974547 1.9721242 1.8529317 2.0850322 1.9007074 1.6462078 1.6355661 1.5674201 1.6229807 1.7622841 1.7793436 1.6672546 1.6157704 1.8441788 1.7099224 2.0277660 3.1098290 2.8530814 2.8635601 2.2031143 2.1550422 2.1574941 2.1727567 2.2094047 2.1631182 2.1664825 2.3642933 3.0373446 3.0499627 2.6911918 3.0319424 2.8342023 1.9814193 1.3757918 2.3924453 2.3896680 1.9610629 1.9260680 2.3709768 2.3374398 2.3374398 2.1445578 2.1445578 2.3037023 2.0482095 2.2584350 2.2731279 2.1928141 2.3489075 2.1028868 1.9280530 1.9774773 2.1220603 2.2450659 2.1514110 2.7452825 2.4161813 2.6302666 2.4064838 3.2052597 3.0003925 2.5395867 2.7019912 2.5578953 2.1317159 2.5509001 2.0081017 2.3873345 2.4404112 2.4327437 2.3940543 2.1712526 1.8397626 1.7917564 1.6815627 2.6806621 3.0021145 3.0649493 2.4601514 2.6503176 3.0764237 
Tetwil_g2998.t1                                          2.1854827 5.0113912 2.7687151 3.0866526 2.4369165 2.5489662 2.4088090 0.2277502 0.0000000 5.0603629 5.0603629 1.7411147 1.7176519 2.1982879 2.5000818 2.2700021 2.7855283 2.4261966 1.8868582 2.3683154 2.2922991 2.0906283 2.1412146 2.6863833 2.1749474 2.3493185 2.3194175 2.4031116 2.6392462 2.4528088 2.6983356 1.9913752 1.9611618 2.4239844 2.4257950 2.7877098 3.6166432 2.0090223 2.1474823 3.3536644 3.2718827 2.9824681 3.0454351 2.8236556 2.9641533 2.5110227 2.9167381 3.8971835 3.3725770 3.5971196 3.1673133 3.1412621 2.7801926 1.4894205 7.1289444 2.5099690 2.2902557 2.2249753 2.9598111 3.1194977 3.1194977 2.5596295 2.5596295 2.8497157 2.5762610 3.5003919 3.2116547 3.0361553 3.4435924 2.5030075 2.6788923 2.3679275 2.5482100 2.6757382 2.4517181 2.9717321 3.0510862 4.2716562 3.1946301 3.8693034 3.7113358 2.5363363 2.3692704 3.2322845 2.6508484 3.5836554 2.4541061 2.8308401 3.0002647 3.0562297 3.2690813 3.1739101 2.5353050 2.5353050 2.2271752 2.7989219 3.0075694 2.8767048 3.0918437 3.6326657 3.6571533 
Plespi_Pspi_scaffold1980_01                              1.0474698 1.1622238 1.1870296 1.1272463 1.1868787 1.3996154 1.3959110 1.4020250 5.0603629 0.0000000 0.0000010 0.7425505 0.7425505 1.8398079 1.9929540 2.4740242 2.4601170 2.4614316 1.8060803 2.7086167 2.4614316 2.7335082 1.8814468 2.2143196 2.4959252 1.8765109 2.0765678 1.9424581 2.0609595 2.1804858 2.1441858 2.2786419 2.3072556 2.6780974 2.3188774 2.3245896 3.2226219 0.0000010 3.8278556 2.4090320 2.4009598 2.3188097 2.3188097 2.5480359 2.2396066 2.2047339 4.4846101 3.2472582 3.7877448 3.2485607 3.8023984 3.5343391 9.0000000 9.0000000 3.4687872 4.0715847 2.4717246 2.0819461 3.1594916 3.2085843 3.2085843 2.7179412 2.7179412 3.0870155 3.2602862 2.8334753 2.9444160 2.6616024 3.1995123 2.5866859 2.8575065 2.6955319 3.0762152 3.0339601 3.2459584 5.3623065 2.9703345 3.5509047 3.5509047 4.1663505 4.3617900 3.8102401 8.9999983 3.4368316 3.5277876 3.6012881 3.3492601 2.8844203 3.1812110 3.2864385 3.2167991 3.0045933 3.3762669 3.3066745 2.9478641 8.9999982 3.8219858 5.2293440 2.6687343 3.4729311 3.7323632 
Plespi_Pspi_scaffold1981_01                              1.0474698 1.1622238 1.1870296 1.1272463 1.1868787 1.3996154 1.3959110 1.4020250 5.0603629 0.0000010 0.0000000 0.7425505 0.7425505 1.8398079 1.9929540 2.4740242 2.4601170 2.4614316 1.8060803 2.7086167 2.4614316 2.7335082 1.8814468 2.2143196 2.4959252 1.8765109 2.0765678 1.9424581 2.0609595 2.1804858 2.1441858 2.2786419 2.3072556 2.6780974 2.3188774 2.3245896 3.2226219 0.0000010 3.8278556 2.4090320 2.4009598 2.3188097 2.3188097 2.5480359 2.2396066 2.2047339 4.4846101 3.2472582 3.7877448 3.2485607 3.8023984 3.5343391 9.0000000 9.0000000 3.4687872 4.0715847 2.4717246 2.0819461 3.1594916 3.2085843 3.2085843 2.7179412 2.7179412 3.0870155 3.2602862 2.8334753 2.9444160 2.6616024 3.1995123 2.5866859 2.8575065 2.6955319 3.0762152 3.0339601 3.2459584 5.3623065 2.9703345 3.5509047 3.5509047 4.1663505 4.3617900 3.8102401 8.9999983 3.4368316 3.5277876 3.6012881 3.3492601 2.8844203 3.1812110 3.2864385 3.2167991 3.0045933 3.3762669 3.3066745 2.9478641 8.9999982 3.8219858 5.2293440 2.6687343 3.4729311 3.7323632 
Spolac_c99572_g2_i1_m.20017c99572-g1                     0.1442490 0.0000010 1.3318533 0.6960829 1.2220862 1.3713994 1.2651093 0.9939267 1.7411147 0.7425505 0.7425505 0.0000000 0.0049652 1.5045531 1.5984152 1.7011000 2.0251195 1.6945872 1.6945872 1.6945872 1.4496315 1.7134543 1.9236438 1.8294126 1.8222945 1.5935467 1.5466560 1.4961878 1.4337320 1.5679343 1.5600878 1.1911543 1.4968411 1.5660531 1.5296703 1.6681176 2.1414179 2.6286246 2.6593097 2.0182784 1.9423073 1.8619473 1.8501874 2.0244807 2.1248035 1.8895286 1.9351542 2.2628323 3.4235192 2.3440742 1.9713767 2.1803024 2.3726091 1.7575693 1.7886424 1.7714725 1.7103006 1.7103006 1.8757882 1.8122119 1.8122119 1.8122119 1.8122119 1.9014545 1.6129468 1.8044630 1.7963002 1.9202366 1.7950166 1.7363388 1.7772446 1.5921490 1.7615034 1.6790616 1.7615350 2.1879904 2.1879904 2.0662490 2.0201959 2.5236253 2.1517939 2.0383811 2.4492068 2.5523007 2.7347629 1.8258879 1.8436243 1.9954651 2.1876005 1.6507261 2.2671100 1.8063865 1.6155791 1.6155791 1.7085499 2.4429440 2.2083187 2.2331606 1.9983978 2.2509306 2.4803433 
Spolac_c99572_g2_i2_m.20018c99572-g1                     0.1442490 0.0000010 1.3318533 0.6960829 1.1930077 1.2673884 1.2090851 0.9582439 1.7176519 0.7425505 0.7425505 0.0049652 0.0000000 1.4436343 1.5653607 1.6113724 1.9261962 1.5875036 1.5875036 1.5875036 1.4496315 1.6734747 1.8302339 1.7425430 1.8566156 1.5388070 1.5062149 1.4447553 1.3540732 1.5633668 1.4868007 1.1911543 1.4762257 1.4903369 1.5227727 1.5555514 2.1414179 2.6286246 2.6593097 1.9765909 1.9001707 1.8955857 1.8836137 1.9826770 1.9726846 1.8666712 1.8260343 2.1099835 3.4921166 2.1867910 1.9819851 2.1202431 2.2940870 1.7575693 1.7886424 1.7221617 1.6745612 1.6745612 1.8470037 1.8179562 1.8179562 1.8179562 1.8179562 1.8576346 1.5607064 1.7016125 1.7117312 1.8606332 1.7536429 1.7387042 1.7251968 1.5786169 1.6862928 1.5802914 1.7046285 2.1176616 2.1176616 1.9337427 1.9055415 2.4135877 2.1591936 2.1494047 2.6448082 2.4524905 2.7347629 1.7435202 1.7951212 1.9954651 2.1009762 1.6507261 2.1149528 1.7742229 1.5840957 1.5840957 1.7085499 2.5009993 2.2416768 2.2744264 1.8978403 2.1037827 2.4735989 
Bralan_BLAG04000727_1                                    1.2177331 1.3567923 1.7480832 1.3915805 1.8074596 1.7233435 1.8668029 1.6020598 2.1982879 1.8398079 1.8398079 1.5045531 1.4436343 0.0000000 0.8406764 1.0910018 1.0077804 1.1483052 0.9925931 1.2399353 1.0048745 1.3084592 1.1750173 1.2975279 1.3341946 1.2652112 1.2338256 1.2560562 1.2170076 1.2861581 1.4134061 1.1460938 1.1890611 1.5183657 1.3976035 1.4094409 2.0444728 1.3076478 1.7048431 1.8937150 1.8581774 1.7670833 1.7725376 1.8376662 1.8416286 1.6280353 2.1687844 2.1073727 2.3952075 2.5303446 2.2250371 2.3324747 1.7618106 1.5572870 2.2966687 2.0184792 1.9465754 1.8371866 2.1587095 2.1049758 2.1049758 1.8327296 1.8327296 2.0881346 2.1066997 2.0011113 2.0011496 2.0909406 2.2616749 1.5287580 1.5032339 1.7671188 1.8603931 1.5105547 1.7569407 2.0081174 1.8478244 2.0663688 1.9395831 2.5628331 2.5775313 2.1468501 2.1204145 2.0486651 1.6706336 2.4257832 1.8085010 1.9890040 2.2367865 2.0426754 2.2996027 1.8647615 1.8271960 1.8132325 1.7146799 1.9533589 2.1372715 2.1344319 1.5677378 1.9589359 2.4721914 
Skow_XM_002732007.2                                      1.4518307 1.5858660 1.8977685 1.4952134 1.7275215 1.9847117 2.0481530 1.8086829 2.5000818 1.9929540 1.9929540 1.5984152 1.5653607 0.8406764 0.0000000 0.9112854 1.1606971 1.0776508 0.8729486 1.1689624 1.0601718 1.3973480 1.0384766 1.2387175 1.2794340 1.2801367 1.2877422 1.2177458 1.1795558 1.4335359 1.2577584 1.2425704 1.2777096 1.5614082 1.4821174 1.3949712 2.3597269 1.8556309 2.3692703 1.8298953 1.8026814 1.6922147 1.6938703 1.7182527 1.6485671 1.4574234 2.3309671 2.2763704 2.8327076 2.5107430 2.5057620 2.6201376 2.0666742 1.8957668 2.6981449 2.3587251 1.7116929 1.6595306 1.9296901 2.0547787 2.0547787 1.7733247 1.7733247 1.9894623 1.7114982 2.0140015 1.9971262 1.8014410 1.9874645 1.6336016 1.6528540 1.9362473 1.7650332 1.5110309 1.8800457 2.5617178 2.1428884 2.1680683 2.1761810 2.7857356 2.8365343 2.2464898 2.3811240 2.3356698 2.3425142 2.4918575 1.7284330 2.0441475 2.1420824 2.0710222 2.0464497 1.9498648 1.8239319 1.8106317 1.7115621 2.4158188 2.3545704 2.3859014 1.5023408 2.3365238 2.7213891 
Spur_XM_786799.5                                         1.7843256 2.0047056 2.2275643 1.8152266 2.0125590 2.1251795 2.1053228 1.8819803 2.2700021 2.4740242 2.4740242 1.7011000 1.6113724 1.0910018 0.9112854 0.0000000 1.2353836 1.2900088 1.0039028 1.3799561 1.1511798 1.4061517 1.2134516 1.3396668 1.6161701 1.4139879 1.4742774 1.4191892 1.4310289 1.6275746 1.4885121 1.3654378 1.3169011 1.6300901 1.6215851 1.6458823 2.2494186 1.8360926 2.2526818 2.0305999 1.9874044 1.8656726 1.8676735 2.0510360 1.9224342 1.6169751 2.3482458 2.6136693 2.7835243 2.6086243 2.7659042 3.0042595 2.6234974 1.8128838 2.8921370 2.3135225 1.8115362 1.7205030 2.2015953 2.2825504 2.2825504 1.9693305 1.9693305 2.2711881 1.9367764 2.2307649 2.1933847 2.1545346 2.1348282 1.6813039 1.5954019 1.9324145 1.8605733 1.7015414 1.9657583 2.5389896 2.3489696 2.0778449 2.0849905 2.8822122 2.7802068 2.4182777 2.5636055 2.4497041 2.2618716 2.5747309 1.9747728 2.0656282 2.1500371 2.1624812 2.3052719 1.9753365 2.0052582 1.9758829 1.7117030 2.3196517 2.3582592 2.3888985 1.7769827 2.3459055 2.5953469 
Hsap_ENST00000278856                                     1.7144182 1.9008503 2.1175067 1.7361786 2.0325383 2.0144200 2.2018374 1.9957892 2.7855283 2.4601170 2.4601170 2.0251195 1.9261962 1.0077804 1.1606971 1.2353836 0.0000000 1.2155037 0.8689302 1.2807212 1.1555620 1.5279516 1.4117433 1.5087594 1.5358206 1.5072652 1.5028840 1.4974744 1.4555922 1.5430070 1.6260379 1.4559183 1.5115319 1.7339173 1.7125715 1.7948359 2.4160180 1.7162006 2.1843990 2.0764494 2.0589864 2.0230545 2.0214225 1.9319024 1.9889446 1.9485998 2.3125861 2.3838254 2.5982720 2.6843622 2.7501620 3.0649306 2.2608796 1.8142925 2.9109100 2.3177321 1.8154126 1.6760664 2.3350729 2.3218849 2.3218849 1.9054422 1.9054422 2.3099684 2.2665297 2.2156241 2.1792933 2.3404632 2.2692574 1.8352126 1.9459878 1.8973120 1.9962621 1.6883959 1.8610857 2.5056078 2.1664909 2.4002077 2.2536062 2.6087425 2.7151350 2.4211968 2.3155623 2.3334542 2.0726395 2.7563038 2.2742009 2.0676503 2.2432688 2.1509456 2.2946080 1.8728533 1.9484026 1.9375974 1.7024304 2.3063827 2.2553894 2.3130654 1.9760152 2.1215834 2.9693828 
Acagra_model.g15941.t1                                   1.6733827 2.0378129 2.0821974 1.8852928 2.0602661 2.0546979 2.1143084 1.8900364 2.4261966 2.4614316 2.4614316 1.6945872 1.5875036 1.1483052 1.0776508 1.2900088 1.2155037 0.0000000 0.0000010 0.0459841 0.0348912 1.3276003 1.0576537 1.1664267 1.3773989 1.4112227 1.4167400 1.3816064 1.4523189 1.5323499 1.5160023 1.3187578 1.3543281 1.5056050 1.7164649 1.6289033 2.4710964 1.6847937 2.2338343 2.0936385 2.0482097 1.9357517 1.9417740 2.0176346 1.8900149 1.7205572 2.2696980 2.3219514 2.4412117 2.4327466 2.3516029 2.5462891 1.9817275 1.6009290 2.4445246 2.2492552 1.8237932 1.7923960 2.2052352 2.3661899 2.3661899 2.0448310 2.0448310 2.1452064 1.9045360 2.1786898 2.1614350 2.2833556 2.4127680 1.7441075 1.8260287 2.1889743 2.0421910 1.9710876 2.0875106 2.3879914 2.2745820 2.2777891 2.2079715 2.7643246 2.6309481 2.2711905 2.4171886 2.4214521 2.1663794 2.6159272 2.1777649 2.0267396 2.1142077 1.9436143 2.1273581 2.0800663 1.8871814 1.8637835 1.7917426 2.2682047 2.3487649 2.4795464 1.6565755 2.5290508 2.5676332 
Acagra_model.g15941.t1.1.5d3b8852                        1.3746744 1.3502110 1.6941241 1.2733998 1.7546978 1.7885900 1.7613593 1.4752377 1.8868582 1.8060803 1.8060803 1.6945872 1.5875036 0.9925931 0.8729486 1.0039028 0.8689302 0.0000010 0.0000000 0.0000010 0.0616765 1.0799702 1.0275866 1.0330804 1.2269190 1.2201706 1.1845060 1.1965832 1.2314398 1.4103646 1.3801318 1.0238894 1.1603128 1.3035634 1.4538913 1.4753685 1.7354423 1.6847937 2.0297200 1.7130768 1.6817409 1.5493900 1.5567031 1.7579331 1.5721429 1.4963328 1.6445926 1.8339926 2.3896891 1.9650357 1.8365790 1.9654142 1.9817275 1.6009290 1.5884273 1.7049879 1.7722706 1.7534012 1.7291276 1.9131411 1.9131411 1.9192445 1.9192445 1.6874054 1.4321650 1.7528087 1.7323059 1.8151875 1.7942224 1.3591654 1.5660113 1.6681443 1.6572521 1.5021164 1.6026121 1.8712693 1.8931305 1.7855010 1.7230050 2.0812233 1.9497594 1.7198276 2.0926277 1.8826167 1.8872092 2.3057311 1.6851582 1.6984319 1.8159260 1.4149609 1.8931356 1.8111211 1.5456219 1.5456219 1.6305016 1.9502217 1.8067795 1.6880063 1.4664447 1.9488997 2.1838785 
Acagra_model.g15941.t1.3.5d3b8853                        1.9084074 2.7697737 2.3439879 2.1268703 2.2693463 2.1670674 2.2316575 1.9921530 2.3683154 2.7086167 2.7086167 1.6945872 1.5875036 1.2399353 1.1689624 1.3799561 1.2807212 0.0459841 0.0000010 0.0000000 0.1062571 1.4821735 1.0789337 1.3123635 1.5514081 1.5186948 1.4987183 1.4776960 1.5469519 1.6663175 1.5921953 1.4332680 1.5544286 1.7360030 1.8783196 1.8449896 2.4537325 1.6847937 2.2338343 2.2999371 2.2412975 2.0943873 2.1016323 2.0160597 2.0175786 1.7248828 2.3144084 2.4111453 2.4177356 2.6009112 2.3697390 2.6094434 1.9817275 1.6009290 2.3829746 2.3287125 1.8237932 1.7923960 2.3199271 2.5301478 2.5301478 2.0448310 2.0448310 2.3161454 2.0259430 2.2314714 2.2124983 2.3805880 2.4411318 1.8660105 1.9769513 2.2262490 2.1265366 2.1495175 2.1594194 2.3867896 2.4454399 2.3505994 2.2698444 2.6799543 2.5292698 2.2091152 2.4597974 2.4168967 2.1663794 2.8124205 2.3460759 2.0929201 2.1795369 2.0744355 2.3020444 2.1638815 1.9532837 1.9532837 1.7917426 2.2402740 2.3686625 2.3242866 1.9059639 2.5471911 2.6633987 
Acagra_model.g15941.t1.2.5d3b8852                        1.6733827 2.0378129 2.1512515 1.8852928 1.8590551 1.9379528 1.9729310 1.7974547 2.2922991 2.4614316 2.4614316 1.4496315 1.4496315 1.0048745 1.0601718 1.1511798 1.1555620 0.0348912 0.0616765 0.1062571 0.0000000 1.2871384 0.8262336 1.0529869 1.2414838 1.3388332 1.3460162 1.3085337 1.3694771 1.2913413 1.4642875 1.3336966 1.2883335 1.4680895 1.6534313 1.5401665 2.4710964 1.6847937 2.2338343 1.9867059 1.9397914 1.9552396 1.9615344 1.8693287 1.8374514 1.6769487 2.3688802 2.2770868 2.5819009 2.2917593 2.3772954 2.4659459 1.7310578 1.6009290 2.4445246 2.2068635 1.9282597 1.8962919 2.3428509 2.4419633 2.4419633 2.0999764 2.0999764 2.2343981 2.0427950 2.2699692 2.2544437 2.2949706 2.4413465 1.6976806 1.7184085 2.0310294 1.8839191 1.8217593 1.9213371 2.2154234 2.1347380 2.2256208 2.2017301 2.8529877 2.6915869 2.2319395 2.3988798 2.4624901 2.2040244 2.6454034 1.9637875 1.8715182 1.9236994 1.9436143 1.8492630 1.8156385 1.7249537 1.6979550 1.6890416 1.9639269 2.1591360 2.4130999 1.5817057 2.3635115 2.4831069 
Cgig_XM_011415008.3                                      2.0077439 2.8373248 2.4379480 2.1400265 2.0602715 2.2383072 2.1200541 1.9721242 2.0906283 2.7335082 2.7335082 1.7134543 1.6734747 1.3084592 1.3973480 1.4061517 1.5279516 1.3276003 1.0799702 1.4821735 1.2871384 0.0000000 1.0932188 1.3008120 1.3638745 1.5736122 1.5928914 1.6420373 1.6632828 1.5837285 1.6568209 1.6023694 1.5383293 1.7333105 1.6943659 1.9068273 2.6652397 1.9342984 2.2102022 2.1852427 2.1557893 2.1908770 2.1978996 2.0950092 2.2304199 1.9219897 2.3100049 2.3040706 2.5066581 2.7180489 2.6490605 2.7171037 2.2938232 1.6713841 2.8857689 2.3503264 1.8768090 1.8370764 2.2232711 2.2641096 2.2641096 1.9028065 1.9028065 2.2591001 2.1106660 2.4386255 2.4207328 2.1681507 2.2682656 1.5918461 1.6246629 1.9668100 1.9700929 1.8161772 1.8970611 2.4244706 2.3610899 2.4564807 2.3077035 2.6695531 2.7151117 2.4271023 2.4222894 2.3486180 2.1314535 2.6811942 1.9921512 2.0788238 2.1494584 2.0297644 2.3229403 2.0276682 2.0666226 2.0314477 1.9587192 2.6935528 2.6878965 2.8158226 1.9606729 2.6578614 2.8239138 
Cscu_XM_023360357.1                                      1.4675746 1.9338937 2.2351856 1.6418625 2.2219242 2.3683092 2.0494013 1.8529317 2.1412146 1.8814468 1.8814468 1.9236438 1.8302339 1.1750173 1.0384766 1.2134516 1.4117433 1.0576537 1.0275866 1.0789337 0.8262336 1.0932188 0.0000000 0.0280594 1.3663031 1.2699125 1.2886032 1.3568251 1.3401814 1.4333756 1.5215410 1.2668752 1.1934411 1.4913489 1.7725381 1.7517303 2.1359617 1.9432439 2.3087076 1.9077016 1.8788665 1.7280294 1.7374388 1.9791424 1.8526210 1.6703396 2.2486211 2.0035996 2.7764770 2.3185573 2.2208940 2.4729695 2.3950329 2.2417700 2.2338806 1.9774621 2.2182136 2.2182136 2.1919050 2.3483420 2.3483420 2.3038317 2.3038317 2.1113800 1.7615805 2.2747989 2.2613137 2.0330538 1.9861697 1.6639727 1.7699879 1.7853935 1.7181099 1.4334074 1.6076531 2.5389371 2.3168923 2.5035598 2.3221522 2.9477391 2.7470868 2.1196033 2.3210984 2.0782757 2.2546809 2.7167027 1.9195083 2.2147561 2.2026099 1.8645821 2.1828915 1.8235134 1.7716450 1.7541354 1.9041751 2.4073118 2.2601159 2.0614738 1.8650114 2.1772229 2.3732101 
Cscu_XM_023360394.1                                      1.7083632 2.1789024 2.2523582 1.9957969 2.0649739 2.1828913 1.9867035 2.0850322 2.6863833 2.2143196 2.2143196 1.8294126 1.7425430 1.2975279 1.2387175 1.3396668 1.5087594 1.1664267 1.0330804 1.3123635 1.0529869 1.3008120 0.0280594 0.0000000 1.4170584 1.4772337 1.5087188 1.5226649 1.4878152 1.5514475 1.6429404 1.4648223 1.4514126 1.7574269 1.7870552 1.7141037 2.6151758 1.9432439 2.5064614 1.8986339 1.8670135 1.8087923 1.8143867 1.8930767 1.9148123 1.7072255 2.5563485 2.4537230 2.7688513 2.5859915 2.5533245 2.5012025 2.3950329 2.0108836 2.9181004 2.4005812 2.0974148 1.9808025 2.3447151 2.3931447 2.3931447 2.1292313 2.1292313 2.3853148 2.0942733 2.5326140 2.5498467 2.3685448 2.4416824 1.7825182 1.8214246 1.9051972 1.8554117 1.6947580 1.9946443 2.6419440 2.4909698 2.5292501 2.4165977 3.0550220 3.0707645 2.5034018 2.6484870 2.3972477 2.3528703 2.7471409 2.1592913 2.4055738 2.4469845 2.2849412 2.3739796 2.1022162 2.1171516 2.0963013 1.8265378 2.7246816 2.6075458 2.6947203 1.6954003 2.6600503 2.5619499 
Ctel_gnl_WGS_AMQN_CAPTEDRAFT_mRNA221486                  1.8771491 2.2790495 2.1497282 1.9924417 2.0819882 2.2528582 2.2018210 1.9007074 2.1749474 2.4959252 2.4959252 1.8222945 1.8566156 1.3341946 1.2794340 1.6161701 1.5358206 1.3773989 1.2269190 1.5514081 1.2414838 1.3638745 1.3663031 1.4170584 0.0000000 1.6503678 1.6987205 1.6197243 1.6059403 1.6713546 1.8000854 1.6378083 1.5964226 2.0730492 1.7824011 1.8504708 2.4889830 1.8772022 2.3738530 2.1477812 2.1189069 2.0569503 2.0623846 2.0464567 2.0860051 1.7868775 2.4515392 2.4202676 2.4284559 2.4798797 2.6933425 2.7043957 2.1956766 1.8805254 2.9282867 2.3139061 1.7316606 1.6020007 2.1440510 2.3335870 2.3335870 1.9208877 1.9208877 2.1556825 2.0920633 2.3912415 2.3985355 2.0852539 2.2672415 1.8744212 1.8516859 2.1988039 2.1713137 1.8334508 2.1731891 2.2702621 2.0498084 2.3207278 2.2016345 2.8313010 2.6126138 2.2452979 2.3860807 2.6428384 2.7145539 2.8539774 1.9063168 2.2224668 2.2394184 2.1580116 2.2854351 2.2317410 1.9625126 1.9478272 1.8563214 2.8072894 2.7550702 2.7970370 1.7584574 2.5858112 2.7552968 
Spis_XP_022809595_1                                      1.3547316 1.6711209 1.8842571 1.6034547 1.7847108 1.6983561 1.7843819 1.6462078 2.3493185 1.8765109 1.8765109 1.5935467 1.5388070 1.2652112 1.2801367 1.4139879 1.5072652 1.4112227 1.2201706 1.5186948 1.3388332 1.5736122 1.2699125 1.4772337 1.6503678 0.0000000 0.1557675 0.3310742 0.3528913 0.5230544 0.5375468 0.4482715 1.0687424 1.2572193 1.2918853 1.3475767 2.2991450 2.0001813 2.2513113 1.9449479 1.8921480 1.8537898 1.8557856 1.8943486 1.8008935 1.6444605 2.4261483 2.6482313 2.8573659 3.1039454 2.6945572 2.6795022 2.3877474 1.9068945 2.6946224 2.4666185 1.8386657 1.8245855 2.1046511 2.1243685 2.1243685 2.0024081 2.0024081 2.1370853 1.7869697 2.0020994 1.9883238 1.9393594 2.3336886 1.7143738 1.7278023 1.9995425 2.0703585 1.7433794 1.8178571 2.6420043 2.5450076 2.3226899 2.3283219 3.1692889 2.8078588 2.3093942 2.6628776 2.5283341 2.0626040 2.7080619 1.7618688 1.8169825 1.9721855 1.8406288 1.9853858 1.6953602 1.6008170 1.6008170 1.6189074 2.4212798 2.3511529 2.4375999 1.9913261 2.4152956 2.5543891 
Pocdam_XM_027200345.1                                    1.4384266 1.8795094 1.9684732 1.6552649 1.8153586 1.7101721 1.8038098 1.6355661 2.3194175 2.0765678 2.0765678 1.5466560 1.5062149 1.2338256 1.2877422 1.4742774 1.5028840 1.4167400 1.1845060 1.4987183 1.3460162 1.5928914 1.2886032 1.5087188 1.6987205 0.1557675 0.0000000 0.3158092 0.3513060 0.5296137 0.5209422 0.4158805 1.0429112 1.2382421 1.3892770 1.4186010 2.2868506 1.8483297 2.1039933 1.8825270 1.8281182 1.7751126 1.7769468 1.8233403 1.6929510 1.5863682 2.3651423 2.6067661 2.5788538 2.9989942 2.6890896 2.6284875 2.1780128 1.8554765 2.6601012 2.3043854 1.8304016 1.8038647 2.0624606 2.0857263 2.0857263 1.9953874 1.9953874 2.1122702 1.7803987 2.0787433 2.0637234 1.9263820 2.1969363 1.6734840 1.7226986 1.8832712 1.9007266 1.6370464 1.7664309 2.4039100 2.4428847 2.3052949 2.2989925 3.0476827 2.8564805 2.4817223 2.8009676 2.6098339 2.1209625 2.7487328 1.6605499 1.8019479 1.9792448 1.8779831 2.1699727 1.7241621 1.5474008 1.5474008 1.5859941 2.3738293 2.3121761 2.4435836 2.0711458 2.4584659 2.4792990 
Gasp_gasp1.m3.4322.m1                                    1.2226775 1.3756036 1.6430916 1.3909422 1.5555112 1.6644941 1.6863456 1.5674201 2.4031116 1.9424581 1.9424581 1.4961878 1.4447553 1.2560562 1.2177458 1.4191892 1.4974744 1.3816064 1.1965832 1.4776960 1.3085337 1.6420373 1.3568251 1.5226649 1.6197243 0.3310742 0.3158092 0.0000000 0.2001066 0.4903255 0.5107057 0.4866858 1.0347540 1.2654306 1.3018905 1.3581104 2.2171089 1.8415959 2.0686828 1.7400231 1.7067774 1.6901085 1.6917557 1.7214274 1.6184966 1.4900480 2.2816315 2.3868279 2.6389229 2.6620139 2.5936995 2.5550876 2.2989929 1.8172864 2.5355824 2.3533094 1.8053872 1.7743361 2.0843686 2.1006087 2.1006087 2.0345798 2.0345798 2.0154635 1.5896714 2.0487770 2.0221818 1.8047651 2.3495495 1.5902791 1.5837804 1.9105576 1.8710726 1.7087919 1.6377897 2.3042102 2.2841805 2.0341470 2.0448697 3.0286126 2.6219425 2.2282170 2.6630503 2.3954216 2.1417323 2.5884821 1.7360172 1.8514119 2.1353842 1.8145602 2.1647475 1.7135679 1.4625475 1.4625475 1.6077078 2.5166300 2.4023450 2.5666182 1.9840760 2.2228048 2.5800440 
Fspp_ffun1.m4.5356.m1                                    1.1857696 1.5056579 1.7178524 1.3954500 1.5993263 1.7569370 1.7066028 1.6229807 2.6392462 2.0609595 2.0609595 1.4337320 1.3540732 1.2170076 1.1795558 1.4310289 1.4555922 1.4523189 1.2314398 1.5469519 1.3694771 1.6632828 1.3401814 1.4878152 1.6059403 0.3528913 0.3513060 0.2001066 0.0000000 0.4748885 0.4457742 0.4014290 1.0804778 1.2686421 1.2678082 1.3541145 2.2712623 1.8781918 2.0927288 1.8342941 1.7477622 1.7543042 1.7560992 1.8529785 1.7204924 1.5522828 2.4139752 2.6253734 2.7339335 2.7521738 2.5955937 2.6633333 2.2304185 1.9727779 2.5295625 2.3082214 1.7466703 1.7016613 1.9977904 2.0777912 2.0777912 1.9486727 1.9486727 2.0169743 1.6851464 2.0137624 1.9583026 1.8542880 2.2992047 1.6113451 1.6798187 1.8716960 1.8817390 1.6549005 1.8059700 2.3800931 2.2175664 2.0757417 2.1259376 3.0012670 2.6492560 2.3134688 2.8433150 2.3749744 2.0257052 2.5831220 1.6818555 1.8866147 2.1163756 1.8281996 2.1736581 1.7856002 1.4423646 1.4423646 1.5812123 2.4755044 2.3334526 2.4592530 2.0063126 2.3593900 2.7466096 
Gfas_gfas1.m1.14421.m1                                   1.5178159 2.0171072 1.9598817 1.6999441 1.8920334 1.9470723 1.9520881 1.7622841 2.4528088 2.1804858 2.1804858 1.5679343 1.5633668 1.2861581 1.4335359 1.6275746 1.5430070 1.5323499 1.4103646 1.6663175 1.2913413 1.5837285 1.4333756 1.5514475 1.6713546 0.5230544 0.5296137 0.4903255 0.4748885 0.0000000 0.5016159 0.4503715 1.1368223 1.4453566 1.4272522 1.4981031 2.2746075 1.7881208 2.0130054 1.9089127 1.8445897 1.8879280 1.8864553 1.8405697 1.9307782 1.7396451 2.5348078 2.5770741 3.0482586 2.9732324 2.6372211 2.6957404 2.3784279 1.8899113 2.7328287 2.4628593 2.0934537 2.0666797 2.3876147 2.3463322 2.3463322 2.1372285 2.1372285 2.2350678 1.9630630 2.2811075 2.2344660 2.1033018 2.4242237 1.8524302 1.7810941 1.9291208 1.9305558 1.7764232 1.8342411 2.6700679 2.5536985 2.3746334 2.3159383 3.0675156 2.8167727 2.4562139 2.9070046 2.6136641 2.3295788 2.7278346 1.9198714 1.8385816 2.1488631 1.8335980 2.2424553 1.7870232 1.7130136 1.6960783 1.8049557 2.7825264 2.4402954 2.5751335 2.1042674 2.6297113 2.9571370 
Amil_Amillepora15559-RA                                  1.5864347 2.0168090 1.9925308 1.7507757 1.8231039 2.0484992 1.9537462 1.7793436 2.6983356 2.1441858 2.1441858 1.5600878 1.4868007 1.4134061 1.2577584 1.4885121 1.6260379 1.5160023 1.3801318 1.5921953 1.4642875 1.6568209 1.5215410 1.6429404 1.8000854 0.5375468 0.5209422 0.5107057 0.4457742 0.5016159 0.0000000 0.0428928 1.1632707 1.3940784 1.5918682 1.5227004 2.8647312 2.3628980 2.4601781 2.0912325 1.9905554 1.9573611 1.9599158 1.8685200 1.8174274 1.5371454 2.5391124 2.9095249 3.0872468 2.9545321 2.7099633 2.8152807 2.2115853 2.1366805 2.6871364 2.4684555 1.7999809 1.7233892 2.1902626 2.3119638 2.3119638 2.1205784 2.1205784 2.2379412 1.7756539 2.1789261 2.1695201 1.9891670 2.4463456 1.8070800 1.7276450 2.0897153 1.9296489 1.7727202 1.9207709 2.8792777 2.5896748 2.5035374 2.5511680 3.0707387 2.8046423 2.7656994 3.2650614 2.4845351 2.2156511 2.7427514 1.9171595 2.0447478 2.3644832 2.0206141 2.4000468 2.0074643 1.7227702 1.7227702 1.7777869 2.7743430 2.5162787 2.6106039 2.3054428 2.5963297 3.1858447 
Adig_XM_015912394.1                                      1.6280808 2.1850355 2.2821190 1.8708588 1.7447451 1.9141078 1.8002033 1.6672546 1.9913752 2.2786419 2.2786419 1.1911543 1.1911543 1.1460938 1.2425704 1.3654378 1.4559183 1.3187578 1.0238894 1.4332680 1.3336966 1.6023694 1.2668752 1.4648223 1.6378083 0.4482715 0.4158805 0.4866858 0.4014290 0.4503715 0.0428928 0.0000000 1.0854060 1.2046381 1.3450152 1.2615347 2.5534189 1.7854900 2.0637719 2.0267296 1.9314460 1.8342342 1.8342342 1.8034792 1.7433188 1.5196744 2.1708722 2.6292457 2.7136640 2.7722043 2.6504239 2.4355653 1.8962259 2.1366805 2.6612753 2.3121136 1.8229973 1.7485197 2.1561877 2.1873914 2.1873914 1.9755306 1.9755306 2.1636718 1.8538221 2.1531477 2.1364234 1.9750179 2.2676720 1.6128479 1.6692608 1.7677039 1.6900025 1.5210303 1.6523957 2.4827782 2.2738463 2.1415566 2.1568817 2.8057596 2.7184143 2.4246574 2.4967956 2.4572117 2.0834543 2.5617674 1.6931055 1.9789692 2.0539337 1.9619980 2.0323404 1.8181039 1.6371244 1.6371244 1.5742589 2.1364747 2.0648903 2.2739430 2.0504418 2.4100672 2.9624249 
Exapal_XM_021044530.2                                    1.4181250 1.8428504 2.0284573 1.8473722 1.6919654 1.8467414 1.7952293 1.6157704 1.9611618 2.3072556 2.3072556 1.4968411 1.4762257 1.1890611 1.2777096 1.3169011 1.5115319 1.3543281 1.1603128 1.5544286 1.2883335 1.5383293 1.1934411 1.4514126 1.5964226 1.0687424 1.0429112 1.0347540 1.0804778 1.1368223 1.1632707 1.0854060 0.0000000 1.2081155 1.4417708 1.5099793 2.4328090 1.7437981 2.0578526 1.8297025 1.7946673 1.7339056 1.7325648 1.5580183 1.6699251 1.5237453 2.0476653 2.2490525 2.3373305 2.4823476 2.4429682 2.3900710 1.6049413 1.5631246 2.8638204 2.1871043 1.7971354 1.7962804 2.0492582 2.2149379 2.2149379 1.9835673 1.9835673 2.1505836 1.7131896 2.0431049 2.0459297 2.0535358 2.0553194 1.6663443 1.6166043 1.8411488 1.8481893 1.5240476 1.7358115 2.2352783 2.1546096 2.0263924 2.0005385 2.5708582 2.4270493 2.2476983 2.3718075 2.3166114 1.6585427 2.5258919 1.6298668 2.3437679 2.3644948 2.3105908 2.4956796 2.1596319 1.9484131 1.9133917 1.7194486 2.1480039 2.2318579 2.2875337 2.1041617 2.2630797 2.5905270 
Nvec_v1g197799                                           1.5858061 2.1052178 2.1078718 1.9954325 2.2325297 2.3535774 2.1878983 1.8441788 2.4239844 2.6780974 2.6780974 1.5660531 1.4903369 1.5183657 1.5614082 1.6300901 1.7339173 1.5056050 1.3035634 1.7360030 1.4680895 1.7333105 1.4913489 1.7574269 2.0730492 1.2572193 1.2382421 1.2654306 1.2686421 1.4453566 1.3940784 1.2046381 1.2081155 0.0000000 1.6022583 1.5834788 2.4485773 1.6631188 1.9458144 2.1825288 2.1672056 2.1111247 2.1179066 1.9955604 1.9942856 1.7745514 2.1111133 2.5896247 2.5477814 2.6718215 2.4555164 2.6007855 2.0931320 1.9863016 2.6621612 2.3853847 1.7557904 1.7838251 2.2453169 2.3351964 2.3351964 2.0792138 2.0792138 2.1962878 2.1869556 2.3897040 2.3479395 2.2492843 2.4104105 1.9850305 1.9413633 2.0724902 2.0285759 1.8252514 2.0639295 2.6797827 2.5901260 2.0853141 2.0279442 2.7078496 2.6675107 2.6575263 2.6894927 2.5496243 2.0213802 2.3798103 1.8971426 2.3763011 2.0741254 2.1095243 2.2806662 2.1379450 2.0259426 1.9999406 1.9793535 2.6538913 2.5296706 2.7065742 2.3593151 2.5240988 2.9349525 
Dgig_XM_028540232.1                                      1.5249760 1.7391419 1.7855783 1.7968555 1.9415232 1.9827061 1.8672695 1.7099224 2.4257950 2.3188774 2.3188774 1.5296703 1.5227727 1.3976035 1.4821174 1.6215851 1.7125715 1.7164649 1.4538913 1.8783196 1.6534313 1.6943659 1.7725381 1.7870552 1.7824011 1.2918853 1.3892770 1.3018905 1.2678082 1.4272522 1.5918682 1.3450152 1.4417708 1.6022583 0.0000000 0.6550322 2.4546399 1.7769228 2.0649241 2.0201606 1.9668881 1.9972649 2.0177985 1.8937091 1.8829624 1.6747142 2.4498268 2.7521429 2.8212530 3.0278731 2.8011597 2.4778914 2.0933331 1.7943460 2.9040976 2.6248872 1.8582646 1.8120236 2.1518361 2.2123350 2.2123350 2.0270235 2.0270235 2.2112543 1.8091145 1.9730829 1.9723127 1.9997058 2.4092429 1.9156059 1.8471136 2.1170548 2.0273934 1.8281894 1.8780403 2.5649452 2.2606924 2.4347873 2.4404664 3.0892748 2.9263019 2.5231485 2.7680012 2.3683249 2.0200079 2.7325718 1.8003029 2.1433229 2.2671511 1.9708350 2.1497014 2.0320453 1.9096621 1.9096621 1.8800009 2.4533392 2.4740580 2.6839300 2.2224803 3.0622935 2.5697662 
Xesp_012479-T1                                           1.6611811 1.9202626 2.0870882 1.8265110 2.1624042 1.9748358 1.9988004 2.0277660 2.7877098 2.3245896 2.3245896 1.6681176 1.5555514 1.4094409 1.3949712 1.6458823 1.7948359 1.6289033 1.4753685 1.8449896 1.5401665 1.9068273 1.7517303 1.7141037 1.8504708 1.3475767 1.4186010 1.3581104 1.3541145 1.4981031 1.5227004 1.2615347 1.5099793 1.5834788 0.6550322 0.0000000 2.4248706 1.9392100 2.3566184 1.9941431 1.9088533 1.9144863 1.9203947 1.9403944 1.7424961 1.5707253 2.5283356 2.8099038 2.8489054 2.8756475 2.7694184 2.5850849 1.9920768 1.8783605 2.9446359 2.7099293 1.9953365 1.9546267 2.4505618 2.5107291 2.5107291 2.1363037 2.1363037 2.4700557 2.0863189 2.2844411 2.2983846 2.3641601 2.5558541 1.9924556 1.8558110 2.1386835 2.0659663 1.8997911 2.0014476 2.6473022 2.3802495 2.5487423 2.4057911 2.9763264 3.0532445 2.8103124 2.9869999 2.7465148 2.3430490 2.7059679 2.0145621 2.3880186 2.2695544 2.1337140 2.2713967 2.0003744 2.0993735 2.0891755 1.8752670 2.5528924 2.4166194 2.7062159 2.0830921 2.8769328 2.6613444 
Saldol_EP00054_Salpingoeca_dolichothecata_P017311        3.0354431 3.4367995 3.5366194 3.0899579 2.4958598 2.4886735 2.6667364 3.1098290 3.6166432 3.2226219 3.2226219 2.1414179 2.1414179 2.0444728 2.3597269 2.2494186 2.4160180 2.4710964 1.7354423 2.4537325 2.4710964 2.6652397 2.1359617 2.6151758 2.4889830 2.2991450 2.2868506 2.2171089 2.2712623 2.2746075 2.8647312 2.5534189 2.4328090 2.4485773 2.4546399 2.4248706 0.0000000 0.1778122 0.3328412 2.1211940 2.0692499 2.0892261 2.0892261 1.8967006 2.1257337 1.8207376 1.8112197 1.8172417 2.2777262 1.6452561 2.4031104 2.1908781 2.0949203 2.0653175 2.6266275 1.9299612 2.5997372 2.4992614 3.0846109 3.0840487 3.0840487 2.5458082 2.5458082 3.2362899 3.0276426 2.9588103 2.9717327 3.2968534 3.3227143 2.4820461 2.5318143 2.6155273 2.5461252 2.6128433 2.7324107 1.9622607 1.7940835 1.5474043 1.5474043 2.3380110 2.0472255 2.0695170 2.3229957 1.9565029 2.2626537 2.1761710 2.6450366 2.8246673 2.7746533 2.9431045 2.8150283 2.5976536 2.9785849 2.9518059 2.1821269 2.3638764 2.1182633 2.2681868 2.5556563 1.8603551 3.5090244 
