93
Emue_Em0023g375a.t1                                               0.0000000 0.0214108 0.0206910 0.2111426 0.1531668 0.2811232 0.3062023 0.2819539 0.3110137 0.2642522 0.3013047 0.2899037 0.2814330 0.2589647 0.2608148 0.3198378 0.3056199 0.2907919 0.3098131 0.3048859 0.2976369 0.2922826 0.2918561 0.3099817 0.3098214 0.4213367 0.3723442 0.2969628 0.3424801 0.3369590 0.3086579 0.2510216 0.3183211 0.3155038 0.3482836 0.3441666 0.3559353 0.2499753 0.3567270 0.3593759 0.3543592 0.3647314 0.2192661 0.3101327 0.3089935 0.2891200 0.3186588 0.3186588 0.3009956 0.3221877 0.2355937 0.2888500 0.2808219 0.3187757 0.4267829 0.4257726 0.4383102 0.4515982 0.4368973 0.4716169 0.4446522 0.3626019 0.5369602 0.4819305 0.4934106 0.5721758 0.4827152 0.6257566 0.4988049 0.5479958 0.5776201 0.3620913 0.4529174 0.4572595 0.4665516 0.5117979 0.5217300 0.5936992 0.6071320 0.6455732 0.7121724 0.6991417 0.6613213 0.5891058 0.5925139 0.6636526 0.6829421 0.6661139 0.6378201 0.7630385 1.2281512 1.5867195 0.9388527 
Spolac_c103698_g1_i1_m.35625c103698-g1                            0.0214108 0.0000000 0.0000010 0.2685218 0.1445490 0.2638724 0.3010821 0.2694963 0.2962038 0.2682560 0.3177993 0.2741821 0.2758443 0.2810194 0.2528720 0.3060582 0.3289900 0.2770776 0.3130291 0.3214371 0.2801835 0.2731877 0.3071836 0.3009319 0.2950197 0.5358794 0.4135388 0.3019235 0.3460924 0.3440207 0.3061382 0.2411502 0.3102339 0.3238826 0.3309909 0.3255553 0.3414726 0.2377274 0.3490245 0.3544784 0.3493065 0.3522789 0.4130500 0.3207519 0.3135179 0.3135179 0.3224850 0.3224850 0.3056537 0.3173276 0.1983797 0.2846688 0.2846688 0.0000010 0.4190995 0.3128894 0.4544872 0.4194824 0.4135706 0.4505283 0.4362457 0.3531047 0.4746671 0.3945956 0.4023020 0.5402682 0.4482391 0.5207926 0.4729796 0.5091647 0.5197651 0.3617176 0.4612733 0.4922664 0.5051703 0.5099084 0.5388117 0.6093275 0.6132679 0.6990332 0.7272401 0.6897563 0.6759440 0.5573965 0.5463938 0.5752704 0.6552523 0.6511309 0.7070903 0.9759608 0.9336125 0.0000010 0.9131365 
Spolac_c103698_g1_i2_m.35626c103698-g1                            0.0206910 0.0000010 0.0000000 0.2200117 0.1478337 0.2765934 0.3010821 0.2833676 0.3232557 0.2674293 0.2887117 0.2887062 0.2748683 0.2681893 0.2622014 0.3263026 0.3000027 0.3028636 0.3056660 0.3072338 0.2932999 0.2880019 0.2875067 0.3151711 0.3150105 0.4186436 0.3780609 0.3019235 0.3485130 0.3419798 0.3100585 0.2638759 0.3201164 0.3142263 0.3446886 0.3556286 0.3578457 0.2377274 0.3614146 0.3641536 0.3567109 0.3686905 0.2293302 0.3248938 0.3277001 0.3074785 0.3259680 0.3259680 0.3066066 0.3390447 0.2280935 0.2888563 0.2846688 0.3096052 0.4190995 0.4272108 0.4544872 0.4527324 0.4383272 0.4725735 0.4459662 0.3558578 0.5316114 0.4736051 0.4849411 0.5497730 0.4513856 0.6108529 0.4729796 0.5210389 0.5638525 0.3617176 0.4593607 0.4698005 0.4760214 0.5229629 0.5361500 0.6138580 0.6174870 0.6532848 0.7171159 0.7008027 0.6667402 0.6012327 0.5999668 0.6555280 0.6920492 0.6624638 0.6479473 0.7706505 1.2448361 1.5886834 0.9131365 
Tetwil_g22947.t1                                                  0.2111426 0.2685218 0.2200117 0.0000000 0.1374615 0.2730851 0.3504102 0.3161597 0.3313775 0.2761536 0.3097842 0.3423017 0.3160435 0.2826043 0.3246482 0.3504197 0.3316739 0.3237108 0.3311629 0.3541267 0.3566399 0.3508200 0.3451220 0.3141353 0.3139727 0.4201044 0.3847892 0.3221993 0.3502672 0.3469180 0.3163706 0.2969221 0.3431290 0.3261719 0.3577019 0.3874925 0.3475642 0.2305296 0.3548771 0.3607279 0.3733290 0.3875260 0.1716460 0.3767784 0.3757309 0.3630069 0.3721096 0.3721096 0.3751054 0.4024158 0.2561383 0.2795952 0.2577710 0.3313574 0.4525184 0.4876946 0.4660947 0.5173150 0.4866180 0.5101103 0.4734450 0.4021165 0.5622709 0.6085824 0.6018514 0.5612235 0.4834710 0.6625519 0.4913185 0.5063203 0.6065976 0.3941387 0.5200319 0.4960589 0.5091000 0.5415173 0.5515178 0.6227992 0.6388390 0.6514165 0.7202839 0.6952221 0.6224565 0.6644505 0.6778985 0.6479381 0.7646868 0.6680121 0.7100299 0.7811922 1.2638890 1.6105658 1.0410500 
Stycar_maker-SC_scaffold5391-snap-gene-0.53-mRNA-1                0.1531668 0.1445490 0.1478337 0.1374615 0.0000000 0.1883242 0.2327006 0.2964612 0.3168116 0.2553099 0.2925003 0.1893796 0.2808435 0.2540973 0.2823978 0.2620016 0.2451312 0.2975949 0.2765721 0.3025087 0.2781796 0.2709341 0.2761739 0.3020787 0.3018251 0.4849516 0.3735673 0.2255734 0.3482089 0.3031952 0.2792314 0.2598133 0.3276987 0.2505402 0.3049369 0.3463098 0.2897720 0.1775930 0.3013970 0.2918955 0.2979390 0.3353183 0.0695128 0.3466142 0.3330414 0.3330414 0.3568985 0.3568985 0.3525767 0.2950523 0.2005974 0.2195367 0.1601987 0.4140814 0.3782941 0.3517128 0.2140755 0.3657615 0.3197359 0.4356980 0.3526237 0.2847439 0.4577014 0.4732443 0.4771335 0.3834173 0.3449314 0.5014311 0.3449314 0.3159113 0.5504747 0.3491410 0.4520668 0.4195372 0.4121935 0.5012465 0.5619747 0.6061559 0.5893934 0.6511023 0.6126764 0.5712254 0.5910498 0.5643180 0.5961461 0.6181348 0.7371232 0.6009087 0.6487149 1.3266263 1.3873454 1.8923937 0.9909828 
Plespi_Pspi_scaffold18313_01                                      0.2811232 0.2638724 0.2765934 0.2730851 0.1883242 0.0000000 0.3580223 0.2950622 0.3170062 0.2708683 0.3154537 0.3005004 0.2910638 0.2754324 0.2940438 0.3116822 0.3221828 0.3135972 0.3307974 0.3542613 0.3232419 0.3156509 0.3608492 0.3456754 0.3543127 0.4802633 0.3860404 0.3254811 0.3566333 0.3732891 0.3373181 0.2761692 0.3423651 0.3318470 0.3666344 0.3605598 0.3692007 0.2243625 0.3725227 0.3618043 0.3744101 0.3583078 0.3344706 0.4103003 0.4017817 0.3898545 0.3964583 0.3964583 0.3829894 0.4071387 0.2940454 0.3332343 0.2961680 0.4299456 0.4619267 0.5031296 0.4803091 0.4688946 0.4479257 0.4703560 0.4646245 0.3475873 0.5300480 0.5379905 0.5348136 0.5893350 0.4103467 0.6658994 0.4776233 0.6148523 0.6061266 0.3637750 0.4706313 0.5142214 0.5078708 0.5281621 0.5393696 0.6410529 0.6912197 0.6016703 0.7240907 0.6872165 0.6790350 0.6641991 0.7020529 0.6452915 0.7318036 0.7050668 0.7238466 0.8589125 1.2882870 1.7094668 1.0224038 
Lcom_lcpid180252                                                  0.3062023 0.3010821 0.3010821 0.3504102 0.2327006 0.3580223 0.0000000 0.0635765 0.0900941 0.1341728 0.1319341 0.1079552 0.1088118 0.0998410 0.0937638 0.1496714 0.1079552 0.1453453 0.1595449 0.1990491 0.1836341 0.1779563 0.1712431 0.2014835 0.2014835 0.4073788 0.2116399 0.1807867 0.2522209 0.2330285 0.1942645 0.1180919 0.1753141 0.2399003 0.2329662 0.1709596 0.3535902 0.2337672 0.3732448 0.3541369 0.4112995 0.4156756 0.6147793 0.3101746 0.3124971 0.3124971 0.3219677 0.3219677 0.3326862 0.3013523 0.1939228 0.3071342 0.3071342 0.0000010 0.2625176 0.1731746 0.4034852 0.3705146 0.3705146 0.4047319 0.4047319 0.3148004 0.4039693 0.3783761 0.4011928 0.6519012 0.3952758 0.6519012 0.4779165 0.6519012 0.5673271 0.3361715 0.4994763 0.5176035 0.5217823 0.4621503 0.6244161 0.6953987 0.7169630 0.7275824 0.7638946 0.7601244 0.7499988 0.6593881 0.6732222 0.5231683 0.7857464 0.5223241 0.7696500 1.1807017 0.9610360 0.0000010 0.3361715 
Acagra_model.g25665.t1_model.g25666.t1.1.5d401044                 0.2819539 0.2694963 0.2833676 0.3161597 0.2964612 0.2950622 0.0635765 0.0000000 0.0896577 0.1328185 0.1421197 0.1450232 0.1133965 0.1174996 0.1084996 0.1554733 0.1589088 0.1232760 0.1725307 0.2226147 0.2221475 0.2135432 0.2332026 0.1903323 0.1977914 0.2530395 0.2503533 0.1894985 0.2201752 0.2061248 0.1870314 0.1545731 0.2222829 0.1938923 0.2056610 0.2182760 0.2948205 0.2178303 0.2919764 0.2771845 0.3498671 0.3088448 0.4232647 0.2719206 0.2903079 0.2823862 0.2786115 0.2786115 0.2781928 0.2930147 0.3027090 0.3612095 0.3239712 0.4687369 0.2497518 0.3335105 0.4010016 0.4376801 0.4242017 0.4330055 0.4371528 0.3339645 0.5115063 0.4974391 0.5130300 0.6483770 0.4749240 0.6362471 0.4899752 0.6369545 0.5606337 0.3344447 0.3821987 0.4249309 0.4325167 0.4556877 0.5759668 0.5664840 0.6217774 0.5792325 0.6776060 0.6688059 0.6813859 0.6221144 0.6517105 0.6402151 0.6391669 0.6507703 0.6484514 0.8168155 1.2379857 1.8628610 0.9525712 
Cgig_XM_034476265.1                                               0.3110137 0.2962038 0.3232557 0.3313775 0.3168116 0.3170062 0.0900941 0.0896577 0.0000000 0.1470883 0.1655675 0.1338930 0.1404673 0.1291590 0.1219342 0.1687408 0.1878819 0.1503625 0.1874371 0.2614213 0.2703532 0.2627182 0.2734825 0.1947418 0.2021887 0.3275998 0.2764356 0.1580004 0.2443134 0.2405201 0.2126023 0.1806655 0.2763979 0.2164310 0.2433593 0.2366552 0.3098902 0.2330219 0.3109533 0.2925606 0.3705432 0.3332654 0.4613047 0.2781389 0.2861893 0.2763527 0.2849494 0.2849494 0.2830884 0.2976290 0.3333769 0.3836832 0.3013072 0.6033257 0.2548806 0.3832702 0.4078193 0.4206048 0.3925927 0.4770644 0.4406175 0.3098336 0.5350465 0.5262181 0.5423889 0.6309529 0.4612494 0.6377311 0.4723597 0.6523416 0.5747179 0.3204646 0.4160850 0.4605241 0.4633584 0.4997086 0.6094917 0.6308555 0.6654608 0.6224329 0.7144265 0.6476868 0.7115894 0.6207319 0.6512741 0.6648316 0.6749746 0.6534886 0.7024312 0.8962562 1.2535457 2.0937150 0.9455236 
Bralan_BLAG01000085_2                                             0.2642522 0.2682560 0.2674293 0.2761536 0.2553099 0.2708683 0.1341728 0.1328185 0.1470883 0.0000000 0.1224483 0.1222254 0.1178606 0.1030717 0.1120616 0.1708379 0.1504120 0.1591982 0.1528602 0.2156908 0.2281859 0.2221890 0.2422534 0.1933817 0.1932581 0.2857488 0.2511460 0.1797549 0.2258177 0.2233192 0.2068747 0.1664842 0.2385910 0.1917925 0.2300146 0.2052931 0.2840742 0.2351704 0.2838964 0.2778454 0.3297126 0.3059501 0.3713666 0.2949115 0.3091722 0.2948154 0.2847958 0.2847958 0.2889692 0.2870743 0.2567961 0.3117104 0.2840318 0.4188221 0.2796567 0.3415670 0.3633325 0.3935503 0.3748495 0.4170657 0.4073993 0.2986621 0.4759260 0.4753119 0.4904966 0.5897288 0.4637400 0.5981398 0.4744162 0.5903232 0.5324581 0.3361977 0.3861138 0.4236083 0.4168977 0.4273193 0.5183238 0.6144150 0.6287088 0.5669094 0.6434510 0.6341043 0.6498757 0.5526129 0.5704472 0.5889209 0.6161150 0.6167811 0.6386275 0.7934309 1.2345580 1.7344772 1.0019563 
Hsap_ENST00000373493                                              0.3013047 0.3177993 0.2887117 0.3097842 0.2925003 0.3154537 0.1319341 0.1421197 0.1655675 0.1224483 0.0000000 0.1509342 0.1105414 0.1282251 0.1260568 0.1427055 0.1369707 0.1816289 0.1363175 0.2364271 0.2463792 0.2422370 0.2453409 0.1962459 0.1961183 0.2159423 0.2665370 0.2237930 0.2334423 0.2136164 0.1990695 0.1820891 0.2666790 0.1975511 0.2028195 0.1734749 0.3335302 0.3070871 0.3146107 0.3102434 0.3533468 0.3484861 0.3753666 0.3157141 0.3182532 0.3037980 0.3058087 0.3058087 0.3025872 0.3114274 0.3049167 0.3528551 0.3331524 0.4407621 0.2734381 0.3906371 0.3844121 0.4453700 0.4269023 0.4603880 0.4711584 0.3505686 0.5229580 0.5040672 0.5201063 0.6480758 0.5236880 0.6358513 0.5292422 0.5795105 0.5702248 0.4433149 0.4106303 0.4620054 0.4657815 0.4778124 0.5935479 0.6391626 0.6450344 0.6391377 0.6992502 0.6829939 0.7069991 0.6657073 0.6823617 0.6778133 0.7383544 0.6380336 0.6911734 0.7239530 1.2452142 1.8083021 1.0652066 
Cscu_XM_023354043.1                                               0.2899037 0.2741821 0.2887062 0.3423017 0.1893796 0.3005004 0.1079552 0.1450232 0.1338930 0.1222254 0.1509342 0.0000000 0.0949801 0.0827995 0.0949026 0.1100045 0.0921398 0.1523130 0.1825014 0.2243511 0.2167722 0.2059520 0.2195058 0.1928080 0.1986887 0.3976210 0.2008755 0.1858645 0.2232667 0.2144992 0.1518964 0.1567251 0.2453009 0.2502921 0.2451165 0.1613057 0.3142827 0.2289256 0.3247073 0.3213495 0.3626311 0.3742103 0.6754534 0.3156958 0.3216555 0.3216555 0.3148876 0.3148876 0.3219256 0.3147333 0.2414453 0.3198327 0.2997508 9.0000000 0.2846200 0.2659258 0.4365042 0.4338867 0.4338867 0.4552829 0.4467302 0.3003973 0.5190088 0.4287154 0.4436239 0.6201461 0.4683257 0.6141793 0.4814924 0.6243871 0.5878667 0.3019729 0.4022348 0.4522993 0.4536759 0.4026663 0.5443992 0.6567554 0.6640579 0.6659543 0.6664890 0.6598663 0.6376330 0.5783695 0.5850749 0.5318022 0.6731133 0.6251549 0.6899351 1.1081190 0.9511982 9.0000000 0.9153919 
Tcas_TC006775_001                                                 0.2814330 0.2758443 0.2748683 0.3160435 0.2808435 0.2910638 0.1088118 0.1133965 0.1404673 0.1178606 0.1105414 0.0949801 0.0000000 0.0705946 0.1004869 0.1214450 0.1182495 0.1576945 0.1407264 0.2341528 0.2252999 0.2175543 0.2269427 0.2094914 0.2170286 0.2620207 0.2617416 0.2007484 0.2317020 0.2146763 0.1933298 0.1868382 0.2520802 0.2013199 0.2193099 0.2135685 0.3008237 0.2511179 0.2898854 0.2749588 0.3655595 0.3378080 0.3870339 0.2985581 0.3120125 0.2969778 0.3024680 0.3024680 0.2904948 0.3016496 0.3097189 0.3453349 0.3078959 0.4993256 0.2720509 0.3671053 0.3945187 0.4218319 0.4064334 0.4471418 0.4475846 0.3044430 0.5107593 0.4927444 0.5083736 0.6066488 0.4460278 0.6021124 0.4651064 0.6031606 0.5281480 0.3428614 0.3911417 0.4253396 0.4333747 0.4517578 0.5613769 0.5948502 0.6386046 0.5530220 0.6750297 0.6400544 0.6784306 0.6274423 0.6425870 0.6322622 0.6903112 0.6100769 0.6501765 0.8084007 1.2341016 1.7737007 0.9076332 
Dpul_mRNA21354                                                    0.2589647 0.2810194 0.2681893 0.2826043 0.2540973 0.2754324 0.0998410 0.1174996 0.1291590 0.1030717 0.1282251 0.0827995 0.0705946 0.0000000 0.0854774 0.1421775 0.1258739 0.1626560 0.1666902 0.2163944 0.2181743 0.2098976 0.2165354 0.1958681 0.2032351 0.2909171 0.2575415 0.1783511 0.2326672 0.2138691 0.1767775 0.1635348 0.2462549 0.1973340 0.2350319 0.2017684 0.2810266 0.2313283 0.2774539 0.2669859 0.3427080 0.3092905 0.3488143 0.2968690 0.2942234 0.2848333 0.3003028 0.3003028 0.3045920 0.3025246 0.2877761 0.3320154 0.3046125 0.4624392 0.2604777 0.3495526 0.3782993 0.4295478 0.4086103 0.4391316 0.4339055 0.2951135 0.5073178 0.4828574 0.4981853 0.6070873 0.4665537 0.6308733 0.4770901 0.6104673 0.5536285 0.2748677 0.3731413 0.4132549 0.4199458 0.4287508 0.5184007 0.5833014 0.6264781 0.5728490 0.6633002 0.6180548 0.6591801 0.5751262 0.5952315 0.6025491 0.6866931 0.6314098 0.6190470 0.7574589 1.2257461 1.6510094 0.9179130 
Skow_XM_006817745.1                                               0.2608148 0.2528720 0.2622014 0.3246482 0.2823978 0.2940438 0.0937638 0.1084996 0.1219342 0.1120616 0.1260568 0.0949026 0.1004869 0.0854774 0.0000000 0.1352759 0.1444478 0.1513248 0.1512282 0.2094445 0.2133709 0.2050853 0.2298823 0.1746659 0.1819136 0.2749277 0.2452558 0.1426753 0.2119052 0.1984288 0.1837263 0.1509484 0.2373268 0.2073306 0.2324197 0.2071122 0.3015021 0.2168088 0.3110036 0.2877795 0.3796622 0.3308883 0.4265987 0.2820166 0.2843136 0.2749780 0.2808473 0.2808473 0.2828604 0.2930643 0.3084428 0.3561131 0.3192839 0.5300095 0.2935061 0.3325587 0.3905004 0.4153178 0.3991748 0.4220848 0.4121465 0.2951694 0.5138546 0.4639709 0.4788662 0.5895822 0.4364805 0.5955806 0.4496502 0.6141445 0.5318061 0.3008609 0.3889797 0.4471595 0.4416224 0.4591790 0.5563456 0.6074730 0.6580207 0.5839998 0.6648797 0.6371874 0.6977668 0.6125699 0.6265046 0.6407953 0.6921186 0.6072556 0.6752368 0.8231890 1.2061790 1.7812414 0.9186285 
Cscu_XM_023377388.1                                               0.3198378 0.3060582 0.3263026 0.3504197 0.2620016 0.3116822 0.1496714 0.1554733 0.1687408 0.1708379 0.1427055 0.1100045 0.1214450 0.1421775 0.1352759 0.0000000 0.1407659 0.1851994 0.1832857 0.2350240 0.2314757 0.2234668 0.2327633 0.2191396 0.2191655 0.2803173 0.2847751 0.2333342 0.2518679 0.2136702 0.2059574 0.1744908 0.2835719 0.2307179 0.2486421 0.2090885 0.3124698 0.2545258 0.3000872 0.2869511 0.3938310 0.3024149 0.4124939 0.3146215 0.3197496 0.3009831 0.3189913 0.3189913 0.3140957 0.2970843 0.3359374 0.3620975 0.3245599 0.5279021 0.3507749 0.3885685 0.4368059 0.4282741 0.4080288 0.4461790 0.4593699 0.3433702 0.4942907 0.4977655 0.5132436 0.6277292 0.4960126 0.6375918 0.5128771 0.6396660 0.5740935 0.3375420 0.4447636 0.4703191 0.4723014 0.4985313 0.6224641 0.6478432 0.7042151 0.5825796 0.7208233 0.7087162 0.7275211 0.6544082 0.6655445 0.6627088 0.6927441 0.6642947 0.6718844 0.8777881 1.2677444 1.9458886 0.9683815 
Cscu_XM_023364288.1                                               0.3056199 0.3289900 0.3000027 0.3316739 0.2451312 0.3221828 0.1079552 0.1589088 0.1878819 0.1504120 0.1369707 0.0921398 0.1182495 0.1258739 0.1444478 0.1407659 0.0000000 0.1753358 0.1921662 0.2448432 0.2531521 0.2499176 0.2522928 0.2312827 0.2269049 0.3448213 0.2986084 0.2217391 0.2625494 0.2404248 0.2022394 0.1878962 0.2738388 0.2571757 0.2477263 0.2214715 0.3269174 0.2157927 0.3301618 0.3274255 0.3892511 0.3935184 0.4391009 0.3227020 0.3428433 0.3428433 0.3124600 0.3124600 0.3225902 0.3623434 0.2705241 0.3577348 0.3616255 0.4212959 0.2846200 0.3156201 0.4759748 0.4707770 0.4546592 0.4775464 0.4663932 0.2994805 0.5675313 0.5466546 0.5647715 0.6199193 0.4308914 0.6362576 0.4441939 0.6525917 0.6175009 0.3398767 0.4437355 0.4404283 0.4403469 0.4909994 0.5672236 0.6449166 0.6478136 0.6276641 0.7211222 0.6612005 0.6815334 0.6398588 0.6437499 0.6105183 0.6958214 0.6119921 0.6128652 0.8902995 1.2657176 1.5028013 0.6076884 
Ctel_gnl_WGS_AMQN_CAPTEDRAFT_mRNA162741                           0.2907919 0.2770776 0.3028636 0.3237108 0.2975949 0.3135972 0.1453453 0.1232760 0.1503625 0.1591982 0.1816289 0.1523130 0.1576945 0.1626560 0.1513248 0.1851994 0.1753358 0.0000000 0.2143468 0.2604286 0.2700300 0.2620835 0.2882424 0.2185819 0.2262128 0.3219318 0.3049280 0.2310499 0.2724770 0.2546753 0.2406794 0.1869338 0.2723627 0.2409735 0.2442372 0.2414745 0.3153858 0.2628614 0.3130970 0.3115205 0.3832558 0.3427967 0.4275665 0.3361999 0.3457899 0.3228546 0.3311024 0.3311024 0.3287932 0.3221489 0.3229918 0.3863963 0.3414735 0.4873724 0.3590395 0.3711091 0.4530715 0.4538601 0.4436229 0.4810291 0.4772650 0.3469752 0.5461803 0.5405860 0.5437281 0.6086181 0.4699864 0.6230154 0.4721363 0.6187344 0.5688764 0.3605764 0.4228294 0.4933739 0.4686449 0.4495360 0.5806731 0.6000954 0.6499295 0.6190761 0.7034590 0.6913626 0.7134894 0.5965494 0.6410065 0.6525765 0.6804127 0.6532925 0.6875241 0.8827893 1.2128010 1.8686851 0.9235379 
Spur_XM_030995420.1                                               0.3098131 0.3130291 0.3056660 0.3311629 0.2765721 0.3307974 0.1595449 0.1725307 0.1874371 0.1528602 0.1363175 0.1825014 0.1407264 0.1666902 0.1512282 0.1832857 0.1921662 0.2143468 0.0000000 0.2619523 0.2546746 0.2489102 0.2732614 0.2217483 0.2216099 0.2771857 0.2590558 0.2055797 0.2316420 0.2436816 0.2110586 0.1909263 0.2668775 0.2288444 0.2392528 0.2214085 0.3470266 0.2651964 0.3590900 0.3430351 0.3674990 0.3558583 0.4282650 0.3553620 0.3563095 0.3436812 0.3526011 0.3526011 0.3448774 0.3694190 0.2833951 0.3342709 0.2985566 0.4848610 0.3172866 0.3773949 0.4304994 0.4493530 0.4243996 0.4642471 0.4537384 0.3528205 0.5309980 0.5284728 0.5401985 0.6558915 0.4777366 0.6558824 0.5055923 0.6674033 0.5811850 0.3678472 0.4342552 0.4610709 0.4545927 0.5071432 0.6057794 0.6609087 0.6998703 0.6430307 0.6920398 0.6486453 0.6724735 0.6559544 0.6594354 0.6455323 0.7228152 0.6493335 0.7182821 0.8323409 1.3181179 1.8491563 0.9777055 
Morvir_scaffold75.g29.t1                                          0.3048859 0.3214371 0.3072338 0.3541267 0.3025087 0.3542613 0.1990491 0.2226147 0.2614213 0.2156908 0.2364271 0.2243511 0.2341528 0.2163944 0.2094445 0.2350240 0.2448432 0.2604286 0.2619523 0.0000000 0.1410371 0.1330903 0.1116824 0.2131476 0.2178205 0.2640827 0.2499193 0.1992536 0.2230243 0.2088635 0.1613345 0.1950313 0.1565836 0.2255159 0.2570226 0.2863813 0.3673321 0.2724566 0.3815232 0.3560854 0.3747865 0.3778570 0.4876815 0.3294031 0.3365163 0.3162059 0.3491980 0.3491980 0.3509298 0.3351056 0.3342020 0.4071544 0.4001621 0.4428533 0.3455098 0.2638970 0.3980115 0.4373983 0.4250868 0.4394518 0.4352977 0.3307111 0.5094766 0.5049478 0.5165424 0.5942537 0.4415809 0.6460238 0.4769757 0.6108860 0.5932090 0.3083500 0.4689969 0.4657618 0.4853097 0.4623734 0.5743170 0.6285014 0.6441903 0.5912979 0.7054812 0.7110793 0.6844178 0.6084735 0.6319516 0.6861442 0.6841673 0.6871087 0.6825655 0.8712528 1.2692502 1.6765181 0.9684588 
Nemnom_g4586.t1                                                   0.2976369 0.2801835 0.2932999 0.3566399 0.2781796 0.3232419 0.1836341 0.2221475 0.2703532 0.2281859 0.2463792 0.2167722 0.2252999 0.2181743 0.2133709 0.2314757 0.2531521 0.2700300 0.2546746 0.1410371 0.0000000 0.0087120 0.0785395 0.2060679 0.2106714 0.2404123 0.2260184 0.1838649 0.1956272 0.1965968 0.1790521 0.1872971 0.1456724 0.2020362 0.2388965 0.2887283 0.3438452 0.2636021 0.3630248 0.3411322 0.3888290 0.3388021 0.4978960 0.3173699 0.3277081 0.3178204 0.3262780 0.3262780 0.3224114 0.3345123 0.3353676 0.3679784 0.3425851 0.4447931 0.2827943 0.2827330 0.3823979 0.4221639 0.3977028 0.4378563 0.4076171 0.3237028 0.5271450 0.5048151 0.5162826 0.5921157 0.4570764 0.6543283 0.4987407 0.5987051 0.6027827 0.3356855 0.4558123 0.4754929 0.4811340 0.4944388 0.6009682 0.6038131 0.6770718 0.5905853 0.6696744 0.7003706 0.7019120 0.6298573 0.6404047 0.6460145 0.7402700 0.6700052 0.6584555 0.9154627 1.2309386 1.7634656 0.9817004 
Rhoesc_Res_008490-T1                                              0.2922826 0.2731877 0.2880019 0.3508200 0.2709341 0.3156509 0.1779563 0.2135432 0.2627182 0.2221890 0.2422370 0.2059520 0.2175543 0.2098976 0.2050853 0.2234668 0.2499176 0.2620835 0.2489102 0.1330903 0.0087120 0.0000000 0.0751613 0.1994587 0.2039774 0.2352109 0.2184924 0.1738005 0.1882213 0.1899662 0.1714533 0.1781447 0.1340446 0.1970095 0.2353969 0.2873754 0.3383563 0.2527986 0.3575362 0.3356796 0.3817270 0.3330267 0.4974277 0.3087743 0.3190142 0.3115529 0.3175745 0.3175745 0.3136909 0.3273967 0.3268147 0.3611694 0.3348977 0.4396107 0.2789741 0.2714661 0.3854834 0.4239617 0.3996549 0.4395133 0.4098185 0.3238056 0.5321314 0.5049711 0.5164336 0.5841596 0.4432626 0.6461341 0.4856283 0.6017858 0.6028547 0.3216332 0.4466288 0.4620270 0.4771610 0.4890676 0.5852839 0.5960357 0.6631190 0.5928605 0.6623099 0.6901016 0.6940742 0.6299764 0.6404965 0.6372997 0.7370772 0.6486909 0.6532140 0.9129252 1.2396348 1.7042383 0.9513680 
Sanmal_Sma_001304-T1                                              0.2918561 0.3071836 0.2875067 0.3451220 0.2761739 0.3608492 0.1712431 0.2332026 0.2734825 0.2422534 0.2453409 0.2195058 0.2269427 0.2165354 0.2298823 0.2327633 0.2522928 0.2882424 0.2732614 0.1116824 0.0785395 0.0751613 0.0000000 0.2232380 0.2279836 0.2641226 0.2597025 0.1873034 0.2271356 0.1903619 0.1728680 0.2007958 0.1433376 0.2170541 0.2545632 0.3013277 0.3539218 0.2587244 0.3622612 0.3439792 0.3875299 0.3861440 0.4708827 0.3275688 0.3376756 0.3230941 0.3513344 0.3513344 0.3393809 0.3466456 0.3455696 0.3912593 0.3817465 0.4312794 0.2716390 0.2540417 0.3728109 0.4254200 0.4034548 0.4563860 0.4287564 0.3279887 0.5198346 0.5246299 0.5364156 0.6007882 0.4659435 0.6493412 0.4986461 0.5990333 0.6017273 0.3228567 0.4868381 0.4843218 0.5036958 0.5176227 0.6044442 0.6102886 0.6481310 0.6253390 0.6909249 0.7139005 0.7015354 0.6366741 0.6507061 0.6770604 0.7264869 0.6845731 0.6616751 0.8661027 1.2874545 1.7151768 1.0323296 
Spis_XP_022781390_1                                               0.3099817 0.3009319 0.3151711 0.3141353 0.3020787 0.3456754 0.2014835 0.1903323 0.1947418 0.1933817 0.1962459 0.1928080 0.2094914 0.1958681 0.1746659 0.2191396 0.2312827 0.2185819 0.2217483 0.2131476 0.2060679 0.1994587 0.2232380 0.0000000 0.0056902 0.0661424 0.1205781 0.0475187 0.0715668 0.1706105 0.1449396 0.0501072 0.2603050 0.1844578 0.2018843 0.2563973 0.3582581 0.2305910 0.3675950 0.3543937 0.3652589 0.3436783 0.4687714 0.2967458 0.2968450 0.2803482 0.3101872 0.3101872 0.2870618 0.3051512 0.3134724 0.3673409 0.3330689 0.4443956 0.2880497 0.3660310 0.4199132 0.4301067 0.4184836 0.4673077 0.4387733 0.2807266 0.5219894 0.5198955 0.5254164 0.6136124 0.4541160 0.6675418 0.4764334 0.5944428 0.5980095 0.3111136 0.4721334 0.4928696 0.4960877 0.4810708 0.6172968 0.6359441 0.6709937 0.6244979 0.7024939 0.6931842 0.6832825 0.6725010 0.6603665 0.6507741 0.7403062 0.6764888 0.6958003 0.9554868 1.2824557 1.6769205 0.9296724 
Pocdam_XM_027195821.1                                             0.3098214 0.2950197 0.3150105 0.3139727 0.3018251 0.3543127 0.2014835 0.1977914 0.2021887 0.1932581 0.1961183 0.1986887 0.2170286 0.2032351 0.1819136 0.2191655 0.2269049 0.2262128 0.2216099 0.2178205 0.2106714 0.2039774 0.2279836 0.0056902 0.0000000 0.0718486 0.1276804 0.0524401 0.0786908 0.1780681 0.1520219 0.0575110 0.2653483 0.1919995 0.2095234 0.2644532 0.3673324 0.2400972 0.3767598 0.3635801 0.3745423 0.3534578 0.4774147 0.3049410 0.3050026 0.2885280 0.3184386 0.3184386 0.2952509 0.3143425 0.3132432 0.3671692 0.3266903 0.4591209 0.2880497 0.3751007 0.4199132 0.4240031 0.4115754 0.4598490 0.4310074 0.2893036 0.5115607 0.5231607 0.5286941 0.6225899 0.4660965 0.6789580 0.4873883 0.5944428 0.6091433 0.3232873 0.4820385 0.5034417 0.5068065 0.4912657 0.6289172 0.6394785 0.6830860 0.6364641 0.7144881 0.7053041 0.6831161 0.6779333 0.6657941 0.6507225 0.7365803 0.6680644 0.7011235 0.9674136 1.2969478 1.6567878 0.9432236 
Gasp_gasp1.m3.10964.m1                                            0.4213367 0.5358794 0.4186436 0.4201044 0.4849516 0.4802633 0.4073788 0.2530395 0.3275998 0.2857488 0.2159423 0.3976210 0.2620207 0.2909171 0.2749277 0.2803173 0.3448213 0.3219318 0.2771857 0.2640827 0.2404123 0.2352109 0.2641226 0.0661424 0.0718486 0.0000000 0.1587770 0.1311395 0.0741732 0.1640360 0.1712492 0.0760938 0.2824472 0.2110480 0.2090473 0.3464998 0.4359762 0.5712817 0.4232843 0.4360765 0.5849114 0.5263089 0.4148493 0.3688511 0.3728073 0.3494716 0.4164717 0.4164717 0.3427233 0.4041792 0.4156103 0.4853613 0.5714930 0.3591059 0.3763818 0.6119154 0.5878836 0.6167997 0.6186993 0.7113273 0.8482575 0.5235509 0.6736657 0.6617011 0.6852515 1.0329676 3.0967975 0.8269149 1.4431173 1.0329676 0.7083568 0.0000010 0.6199078 0.7170841 0.7211816 0.6574441 0.8942661 0.8575943 0.9174747 0.7892290 0.9570588 1.0213379 0.8445219 0.9262284 0.9153406 0.9674221 1.0133748 0.9405534 0.7723950 0.9614894 1.8489263 1.7346400 0.0000010 
Adig_XM_015896973.1                                               0.3723442 0.4135388 0.3780609 0.3847892 0.3735673 0.3860404 0.2116399 0.2503533 0.2764356 0.2511460 0.2665370 0.2008755 0.2617416 0.2575415 0.2452558 0.2847751 0.2986084 0.3049280 0.2590558 0.2499193 0.2260184 0.2184924 0.2597025 0.1205781 0.1276804 0.1587770 0.0000000 0.0472945 0.0469164 0.2179990 0.1895833 0.1227787 0.2901029 0.2322196 0.2640261 0.3289538 0.4021901 0.2179743 0.4343166 0.4172384 0.4419639 0.3965911 0.5992693 0.3530988 0.3594146 0.3464834 0.3695798 0.3695798 0.3512258 0.3760231 0.2903819 0.4118278 0.4051705 0.4121723 0.2926827 0.4454897 0.4043366 0.5230263 0.4767722 0.5548992 0.4364186 0.2826070 0.6041112 0.6072754 0.6253756 0.6318181 0.4507974 0.7857628 0.4960144 0.6359157 0.7022755 0.3088002 0.5259824 0.5405847 0.5551506 0.5386631 0.7085594 0.7543865 0.7422514 0.6790498 0.7449852 0.7604475 0.7490280 0.7412121 0.7616331 0.7043497 0.8272624 0.8092077 0.7652128 1.1835057 1.4450934 1.7949390 0.9722406 
Gfas_gfas1.m1.19493.m1                                            0.2969628 0.3019235 0.3019235 0.3221993 0.2255734 0.3254811 0.1807867 0.1894985 0.1580004 0.1797549 0.2237930 0.1858645 0.2007484 0.1783511 0.1426753 0.2333342 0.2217391 0.2310499 0.2055797 0.1992536 0.1838649 0.1738005 0.1873034 0.0475187 0.0524401 0.1311395 0.0472945 0.0000000 0.0519118 0.2132094 0.1067730 0.0252331 0.2297397 0.1886579 0.2100032 0.2450006 0.3335368 0.2215794 0.3840212 0.3490934 0.3456133 0.3416181 0.7303517 0.2965631 0.2791336 0.2791336 0.3020525 0.3020525 0.2875626 0.3038523 0.2021202 0.3063458 0.3063458 0.0000010 0.2703233 0.2341871 0.3594172 0.3636612 0.3636612 0.4139645 0.4174913 0.2816826 0.4418052 0.4340560 0.4491307 0.5891223 0.4399571 0.5606403 0.4743300 0.5905423 0.5224525 0.3085773 0.4729992 0.4560034 0.4718265 0.4302962 0.5324436 0.6185075 0.6016557 0.6214706 0.6476782 0.6546105 0.6684071 0.6082377 0.5982775 0.5188216 0.6805641 0.6386150 0.7249451 1.3860503 0.9202251 0.0000010 0.9171351 
Amil_Amillepora19919-RA                                           0.3424801 0.3460924 0.3485130 0.3502672 0.3482089 0.3566333 0.2522209 0.2201752 0.2443134 0.2258177 0.2334423 0.2232667 0.2317020 0.2326672 0.2119052 0.2518679 0.2625494 0.2724770 0.2316420 0.2230243 0.1956272 0.1882213 0.2271356 0.0715668 0.0786908 0.0741732 0.0469164 0.0519118 0.0000000 0.1721963 0.1473441 0.0714181 0.2624122 0.1937748 0.2260993 0.2896862 0.3578888 0.2245765 0.3884414 0.3810033 0.4131048 0.3610133 0.5081175 0.3017299 0.3085444 0.2944103 0.3189229 0.3189229 0.2927558 0.3181243 0.3191342 0.3735793 0.3428159 0.4764852 0.3356335 0.4052369 0.4816108 0.4505289 0.4386303 0.4996548 0.4861896 0.3183779 0.5571212 0.5463410 0.5650508 0.6693819 0.4683921 0.6977320 0.5206127 0.6842457 0.6214056 0.3637583 0.4522929 0.4932174 0.5047706 0.5108096 0.6442286 0.6867849 0.7191167 0.6607724 0.6729039 0.6997478 0.7453149 0.6500588 0.6614285 0.6497479 0.7845393 0.7466799 0.7277051 0.9626019 1.1614305 1.8691851 1.3708025 
Exapal_XM_021048390.2                                             0.3369590 0.3440207 0.3419798 0.3469180 0.3031952 0.3732891 0.2330285 0.2061248 0.2405201 0.2233192 0.2136164 0.2144992 0.2146763 0.2138691 0.1984288 0.2136702 0.2404248 0.2546753 0.2436816 0.2088635 0.1965968 0.1899662 0.1903619 0.1706105 0.1780681 0.1640360 0.2179990 0.2132094 0.1721963 0.0000000 0.1089905 0.1485062 0.2443896 0.1737525 0.2171975 0.2888980 0.3446500 0.2858495 0.3514147 0.3425710 0.4057865 0.3678537 0.4097582 0.3508525 0.3653682 0.3528380 0.3564788 0.3564788 0.3521687 0.3598309 0.3406045 0.3759787 0.3744217 0.4219008 0.3878713 0.3681485 0.4108626 0.4541001 0.4300553 0.4634979 0.4723557 0.3655188 0.5033428 0.5044908 0.5270861 0.6452765 0.5037697 0.6568830 0.5447045 0.6283647 0.5924925 0.3438568 0.4488671 0.4642690 0.4629410 0.4692041 0.6231332 0.6198934 0.7020170 0.6449764 0.6892771 0.6655533 0.6484138 0.6475560 0.6411464 0.6723179 0.6974986 0.6719880 0.6823553 0.8554621 1.2662812 1.6737885 1.0122744 
Nvec_v1g165676                                                    0.3086579 0.3061382 0.3100585 0.3163706 0.2792314 0.3373181 0.1942645 0.1870314 0.2126023 0.2068747 0.1990695 0.1518964 0.1933298 0.1767775 0.1837263 0.2059574 0.2022394 0.2406794 0.2110586 0.1613345 0.1790521 0.1714533 0.1728680 0.1449396 0.1520219 0.1712492 0.1895833 0.1067730 0.1473441 0.1089905 0.0000000 0.1285997 0.2247097 0.1803606 0.2117358 0.2571876 0.3420346 0.2451392 0.3477925 0.3408790 0.3572021 0.3425487 0.3961845 0.3102618 0.3192048 0.3086405 0.3224781 0.3224781 0.3067861 0.3211575 0.3120509 0.3346866 0.3168855 0.4157176 0.3246881 0.3323196 0.3732921 0.4462523 0.4142268 0.4654498 0.4526864 0.3245536 0.5371506 0.4976021 0.5089633 0.6158374 0.4601814 0.6578857 0.4942284 0.6092069 0.5842708 0.2998567 0.4472725 0.4468866 0.4662247 0.4741907 0.6209618 0.6161436 0.6505877 0.6397199 0.6887630 0.6898687 0.6615465 0.6637137 0.6358513 0.6427047 0.7216129 0.6629417 0.7005917 0.8810067 1.2302765 1.6387949 0.9937064 
Fspp_ffun1.m4.19354.m1                                            0.2510216 0.2411502 0.2638759 0.2969221 0.2598133 0.2761692 0.1180919 0.1545731 0.1806655 0.1664842 0.1820891 0.1567251 0.1868382 0.1635348 0.1509484 0.1744908 0.1878962 0.1869338 0.1909263 0.1950313 0.1872971 0.1781447 0.2007958 0.0501072 0.0575110 0.0760938 0.1227787 0.0252331 0.0714181 0.1485062 0.1285997 0.0000000 0.2360480 0.1864942 0.2118577 0.2055558 0.3148745 0.1840996 0.3382926 0.2985611 0.3469860 0.2827937 0.4139500 0.2473016 0.2604523 0.2496626 0.2588579 0.2588579 0.2518032 0.2695266 0.2839567 0.3242813 0.2930349 0.4105412 0.3278696 0.3606696 0.2740949 0.3835476 0.3506454 0.4016762 0.3290086 0.2219745 0.4744766 0.4670621 0.4729332 0.5288657 0.4171296 0.6209407 0.3840973 0.5208000 0.5525203 0.2800445 0.3517934 0.3568235 0.3428521 0.3699056 0.4833498 0.5365817 0.5790445 0.4881771 0.5941111 0.5676929 0.5552605 0.5786988 0.5750569 0.5629407 0.5774740 0.6307996 0.5773380 0.8234280 1.1772538 1.4849786 0.9263574 
Chem_TCONS_00019231                                               0.3183211 0.3102339 0.3201164 0.3431290 0.3276987 0.3423651 0.1753141 0.2222829 0.2763979 0.2385910 0.2666790 0.2453009 0.2520802 0.2462549 0.2373268 0.2835719 0.2738388 0.2723627 0.2668775 0.1565836 0.1456724 0.1340446 0.1433376 0.2603050 0.2653483 0.2824472 0.2901029 0.2297397 0.2624122 0.2443896 0.2247097 0.2360480 0.0000000 0.2418685 0.2712449 0.3093749 0.3631093 0.3108370 0.3804953 0.3644836 0.3904457 0.3818701 0.4840348 0.3321368 0.3345339 0.3222488 0.3426504 0.3426504 0.3445688 0.3493560 0.3691033 0.4055823 0.3963315 0.4590539 0.2899800 0.2120706 0.3938695 0.4659286 0.4429389 0.4595136 0.4595005 0.3581863 0.5437651 0.5515962 0.5637514 0.6227930 0.4847814 0.6583218 0.5181530 0.6252025 0.5943766 0.3058210 0.4824291 0.4948836 0.5128750 0.5017993 0.5923816 0.6353136 0.7034108 0.6606330 0.6986157 0.6836297 0.6789882 0.6457055 0.6576170 0.6680240 0.7079094 0.6743868 0.7198605 0.9490449 1.2608879 1.6942222 0.9828302 
Dgig_XM_028559045.1                                               0.3155038 0.3238826 0.3142263 0.3261719 0.2505402 0.3318470 0.2399003 0.1938923 0.2164310 0.1917925 0.1975511 0.2502921 0.2013199 0.1973340 0.2073306 0.2307179 0.2571757 0.2409735 0.2288444 0.2255159 0.2020362 0.1970095 0.2170541 0.1844578 0.1919995 0.2110480 0.2322196 0.1886579 0.1937748 0.1737525 0.1803606 0.1864942 0.2418685 0.0000000 0.1134086 0.2838055 0.3124929 0.2166653 0.3034810 0.3211152 0.3592145 0.3287450 0.4617253 0.3533572 0.3612387 0.3427284 0.3508835 0.3508835 0.3364951 0.3663790 0.3109544 0.3787084 0.3524283 0.4932354 0.3362392 0.3783493 0.3113535 0.3770290 0.3493759 0.4296957 0.4132899 0.3009082 0.5192278 0.5073617 0.5232549 0.5446860 0.4220895 0.5837778 0.4409226 0.5312806 0.5338429 0.3648943 0.4586413 0.4428270 0.4622107 0.4673069 0.6410684 0.6361959 0.6877587 0.6254855 0.6845484 0.6556377 0.6772835 0.6288315 0.6395287 0.6652099 0.6932516 0.6278386 0.6805028 0.8251092 1.2211045 1.7966762 0.9601799 
Xesp_011284-T1                                                    0.3482836 0.3309909 0.3446886 0.3577019 0.3049369 0.3666344 0.2329662 0.2056610 0.2433593 0.2300146 0.2028195 0.2451165 0.2193099 0.2350319 0.2324197 0.2486421 0.2477263 0.2442372 0.2392528 0.2570226 0.2388965 0.2353969 0.2545632 0.2018843 0.2095234 0.2090473 0.2640261 0.2100032 0.2260993 0.2171975 0.2117358 0.2118577 0.2712449 0.1134086 0.0000000 0.2815257 0.3552184 0.2845431 0.3532502 0.3575276 0.3827591 0.3691950 0.4709728 0.3894616 0.3846753 0.3656087 0.3887678 0.3887678 0.3595850 0.4032330 0.3672542 0.3852743 0.3317098 0.5481472 0.3113599 0.4057408 0.3835388 0.4061363 0.3812367 0.4647351 0.4520746 0.3255581 0.5148403 0.5446856 0.5505535 0.5786046 0.4055271 0.6123055 0.4350170 0.5921194 0.5568724 0.3819409 0.4758569 0.4735680 0.4834822 0.4906941 0.6672683 0.6524874 0.6975842 0.6443779 0.7519186 0.6892269 0.6663064 0.6788308 0.7021672 0.6864627 0.7488968 0.6898360 0.7149206 0.8641497 1.2069861 2.1204822 1.0786437 
Hsap_ENST00000380084                                              0.3441666 0.3255553 0.3556286 0.3874925 0.3463098 0.3605598 0.1709596 0.2182760 0.2366552 0.2052931 0.1734749 0.1613057 0.2135685 0.2017684 0.2071122 0.2090885 0.2214715 0.2414745 0.2214085 0.2863813 0.2887283 0.2873754 0.3013277 0.2563973 0.2644532 0.3464998 0.3289538 0.2450006 0.2896862 0.2888980 0.2571876 0.2055558 0.3093749 0.2838055 0.2815257 0.0000000 0.3656905 0.3119538 0.3791125 0.3612103 0.3827579 0.3386266 0.4677828 0.3598193 0.3729956 0.3644715 0.3649435 0.3649435 0.3768819 0.3775332 0.3536178 0.3838889 0.3475920 0.5209687 0.3312149 0.4117392 0.4720521 0.4615343 0.4298275 0.4802953 0.4634535 0.3240032 0.5621650 0.5637538 0.5760038 0.6145492 0.4881643 0.6862404 0.4967895 0.6457418 0.6216189 0.3740741 0.4399979 0.4662837 0.4895240 0.5197704 0.6119441 0.7134308 0.7241657 0.7066171 0.7418440 0.6880926 0.6932000 0.6456187 0.6633098 0.6590414 0.7085437 0.7098990 0.7351134 0.8071365 1.2432869 1.9504918 1.1323876 
Lcom_lcpid87180                                                   0.3559353 0.3414726 0.3578457 0.3475642 0.2897720 0.3692007 0.3535902 0.2948205 0.3098902 0.2840742 0.3335302 0.3142827 0.3008237 0.2810266 0.3015021 0.3124698 0.3269174 0.3153858 0.3470266 0.3673321 0.3438452 0.3383563 0.3539218 0.3582581 0.3673324 0.4359762 0.4021901 0.3335368 0.3578888 0.3446500 0.3420346 0.3148745 0.3631093 0.3124929 0.3552184 0.3656905 0.0000000 0.0778369 0.1046802 0.0944728 0.3825620 0.3798893 0.4516510 0.3884208 0.3896718 0.3896718 0.3967620 0.3967620 0.3775957 0.3965031 0.3395653 0.3818168 0.3425630 0.5433936 0.3854918 0.4548556 0.4061962 0.4369056 0.4224085 0.4430908 0.4450339 0.4212192 0.5182390 0.5091030 0.5254159 0.5432138 0.4620813 0.5846495 0.4987332 0.5304082 0.5514518 0.4239120 0.4675062 0.5040119 0.4994545 0.5677575 0.6153513 0.6660948 0.6906150 0.7175764 0.7687501 0.7756835 0.7400504 0.6446000 0.6396400 0.6097555 0.7484791 0.7030061 0.6841733 0.8086023 1.3160781 1.5911272 1.1499177 
Gracom_Gcom_scaffold3583_01                                       0.2499753 0.2377274 0.2377274 0.2305296 0.1775930 0.2243625 0.2337672 0.2178303 0.2330219 0.2351704 0.3070871 0.2289256 0.2511179 0.2313283 0.2168088 0.2545258 0.2157927 0.2628614 0.2651964 0.2724566 0.2636021 0.2527986 0.2587244 0.2305910 0.2400972 0.5712817 0.2179743 0.2215794 0.2245765 0.2858495 0.2451392 0.1840996 0.3108370 0.2166653 0.2845431 0.3119538 0.0778369 0.0000000 0.0711774 0.0999147 0.1888259 0.2214722 1.9151576 0.3065959 0.3049455 0.3049455 0.3014172 0.3014172 0.3000086 0.2983220 0.2573521 0.2547144 0.2547144 0.0000010 0.2129472 0.2906601 0.3633779 0.4242194 0.4242194 0.4350205 0.4350205 0.3662088 0.4632523 0.3793527 0.3793527 0.4204077 0.4014803 0.4204077 0.4204077 0.3339947 0.5057687 0.4224545 0.3918609 0.3550292 0.3688719 0.3602414 0.4035420 0.4369930 0.4438645 0.5263186 0.4720572 0.4998223 0.5285068 0.4294507 0.4119999 0.4709498 0.5225659 0.5171666 0.5647101 1.3639268 0.7915196 0.0000010 1.0962225 
Scil_scict006300.1                                                0.3567270 0.3490245 0.3614146 0.3548771 0.3013970 0.3725227 0.3732448 0.2919764 0.3109533 0.2838964 0.3146107 0.3247073 0.2898854 0.2774539 0.3110036 0.3000872 0.3301618 0.3130970 0.3590900 0.3815232 0.3630248 0.3575362 0.3622612 0.3675950 0.3767598 0.4232843 0.4343166 0.3840212 0.3884414 0.3514147 0.3477925 0.3382926 0.3804953 0.3034810 0.3532502 0.3791125 0.1046802 0.0711774 0.0000000 0.0551208 0.3720155 0.3623680 0.4072674 0.3852911 0.3757575 0.3757575 0.3857840 0.3857840 0.3790530 0.3923856 0.3508777 0.4201008 0.3720136 0.5653934 0.4272282 0.4419049 0.4739122 0.5003887 0.5007400 0.5070542 0.5486610 0.4353403 0.5471613 0.5533347 0.5593978 0.6082810 0.4983245 0.6208715 0.5285814 0.5958190 0.6071606 0.4769125 0.4584552 0.5147940 0.4957495 0.5674944 0.6106801 0.6779698 0.6770245 0.7207177 0.7555248 0.8020792 0.7197057 0.6064033 0.6247199 0.6667538 0.7400740 0.7095859 0.6500520 0.8387428 1.3667266 1.5909821 1.2084797 
Leuniv_Lniv_C811966_01                                            0.3593759 0.3544784 0.3641536 0.3607279 0.2918955 0.3618043 0.3541369 0.2771845 0.2925606 0.2778454 0.3102434 0.3213495 0.2749588 0.2669859 0.2877795 0.2869511 0.3274255 0.3115205 0.3430351 0.3560854 0.3411322 0.3356796 0.3439792 0.3543937 0.3635801 0.4360765 0.4172384 0.3490934 0.3810033 0.3425710 0.3408790 0.2985611 0.3644836 0.3211152 0.3575276 0.3612103 0.0944728 0.0999147 0.0551208 0.0000000 0.3727217 0.3632905 0.4143307 0.3975137 0.3891278 0.3891278 0.4021437 0.4021437 0.3923827 0.4151731 0.3661761 0.4117776 0.3610869 0.5761653 0.4425202 0.4514587 0.4595916 0.4755683 0.4725573 0.4658040 0.4956859 0.4092559 0.5279411 0.5290195 0.5349393 0.6034106 0.4946446 0.6171354 0.5212099 0.5873002 0.5944166 0.4062058 0.4510676 0.4955730 0.4783321 0.5478959 0.5914377 0.6778680 0.6793388 0.7252477 0.7760589 0.8289876 0.7249875 0.5965582 0.6284888 0.6382750 0.7151262 0.7223127 0.6492726 0.8113171 1.3781434 1.6365897 1.1073681 
