97
Emue_Em0003g1498a.t1                                         0.0000000 0.2469555 0.7085653 0.6596990 0.8578409 0.8723894 1.4823446 0.9162024 0.8735566 1.1751698 1.3937013 1.2710282 1.3961309 1.2610978 1.3914840 1.3892868 1.4079174 1.0632153 1.0389101 1.4144885 1.4345498 1.2915235 1.2545397 1.3967701 1.3778017 1.2900565 1.4297742 1.1838671 1.2675259 1.4582753 1.3667752 1.5829636 1.4598466 1.6156172 1.5041588 1.3732144 1.5708711 1.2579449 1.4517815 1.2603623 1.2922983 1.4106725 1.5284968 1.3840233 1.4948721 1.3995833 1.7411219 1.8678342 1.4488210 1.6069679 1.4584823 1.6639306 1.6649712 1.4583102 1.5795514 1.6868773 1.5004205 1.3851856 1.3951200 1.2244889 1.2376959 1.3582668 1.2661435 1.2785747 1.2785747 1.3039834 1.3919473 1.4591041 1.3146304 1.3183614 1.2261705 1.4274922 1.4006556 1.3871062 1.5896736 1.6626108 1.4314053 1.6783345 1.6509957 1.3478035 1.7077858 1.6767384 1.5018469 1.5018469 1.6391730 1.6629334 1.5739180 1.4487390 1.4916988 2.2698756 1.6989528 2.6895361 1.5900677 1.5441488 1.7940845 1.8684644 1.5321409 
Spolac_c98243_g1_i1_m.16790c98243-g1                         0.2469555 0.0000000 0.7197128 0.6937532 0.9538054 0.8222685 1.5399960 0.8350092 0.8430767 1.1671641 1.3362604 1.2277182 1.3404926 1.2187733 1.2443768 1.3140060 1.3278644 1.0687429 0.9690841 1.3056198 1.2854749 1.3221763 1.2405804 1.3869737 1.2995362 1.1895498 1.3522983 1.1627753 1.3111227 1.2240092 1.3184439 1.4826288 1.4037113 1.5026045 1.3966652 1.3838358 1.4511919 1.1774080 1.3902136 1.3198956 1.3676635 1.3628173 1.4797696 1.3528517 1.3563117 1.3259235 1.6513310 1.7862280 1.4228714 1.6147771 1.5113318 1.5447716 1.5566581 1.3175574 1.4981861 1.5414638 1.5552295 1.3205207 1.3230114 1.2132551 1.1982865 1.2796412 1.1877906 1.2182155 1.2182155 1.2891354 1.2707848 1.4394069 1.2785400 1.2814774 1.1259966 1.3207039 1.2827161 1.2767518 1.5465493 1.6114861 1.4594574 1.8026890 1.5512618 1.3219895 1.5754674 1.5481602 1.3964826 1.3964826 1.5756855 1.5836318 1.5226946 1.3992219 1.4314133 2.2706332 1.7324208 2.4804272 1.4996238 1.5228509 1.6571284 1.6798793 1.5606367 
Emue_Em0020g513a.t1                                          0.7085653 0.7197128 0.0000000 0.2420843 1.0488243 1.0771399 1.2768356 1.3978468 1.2624197 1.4819111 1.5004333 1.5273849 1.5192149 1.5192149 1.5327586 1.5811959 1.6784788 1.3453376 1.1703842 1.5570248 1.5638130 1.5452316 1.5346784 1.7074993 1.5703585 1.2338885 1.5662812 1.1837115 1.5324233 6.0874060 1.5679860 2.1461303 1.2146153 1.7637841 1.6336448 1.7145397 1.7527818 1.5142254 1.9367905 1.6468498 1.6468498 1.8314118 2.0449040 1.8977702 1.7576000 1.5227050 2.4152121 2.1887126 1.6376595 1.8485294 1.7586801 2.6718588 2.0922805 1.6053478 1.6561184 1.9962758 1.8210786 1.5774241 1.5912809 2.3483814 2.3615154 2.2552991 1.7412882 1.9096576 1.9096576 1.7872399 2.6128461 2.4083408 1.8460189 1.8460189 1.6100494 1.6741393 1.7063577 1.5861799 2.0743052 2.1926762 1.9755260 2.3025435 2.2168367 1.6476977 2.5211800 2.2962960 2.1766521 2.1766521 2.2426659 2.2458262 2.3444955 1.7489835 1.7152720 3.8412011 2.3546834 8.6664327 1.7918598 1.9968070 2.0326487 2.0934087 2.1624819 
Spolac_c98426_g1_i1_m.17166c98426-g1                         0.6596990 0.6937532 0.2420843 0.0000000 1.1495101 0.9918218 1.7007127 1.1319331 1.0613213 1.4217102 1.4998460 1.4243248 1.4472567 1.3888018 1.5080197 1.4995452 1.4414892 1.2639414 1.2194517 1.5729890 1.4659268 1.3492390 1.3675043 1.4436178 1.4493556 1.2036800 1.5194399 1.0404561 1.4638457 1.3681758 1.3720068 1.6022362 1.2647746 1.5899774 1.3689591 1.3564661 1.6126225 1.2732635 1.6148287 1.1496341 1.2100748 1.5415974 1.6414361 1.4927382 1.3386587 1.5132789 1.8950982 1.9694288 1.5698534 1.7487436 1.7395092 1.7851845 1.6785442 1.5786747 1.5858717 1.7563800 1.6556563 1.5616739 1.5694932 1.2842544 1.3176534 1.4559739 1.4022723 1.3658240 1.3658240 1.3211322 1.3645153 1.5738221 1.4824530 1.4900939 1.1887689 1.4612238 1.5858696 1.4381703 1.7859121 1.9980111 1.6530536 1.9251970 1.7190140 1.5669836 1.7952558 1.7468197 1.6765840 1.6765840 1.6621405 1.6801512 1.8410862 1.6526627 1.6532985 2.5014033 1.8707349 2.5625667 1.6759246 1.9017597 1.7799780 1.7889616 1.7889927 
Tetwil_g25445.t1                                             0.8578409 0.9538054 1.0488243 1.1495101 0.0000000 0.7661410 1.5031702 1.1467016 0.9720920 1.2689805 1.6072284 1.3055399 1.5124861 1.2975998 1.4047503 1.6387196 1.6864302 0.8828960 0.8179462 1.6605163 1.7144167 1.3471381 1.6477150 1.7607507 1.0218350 1.0218350 1.4133270 1.0344367 1.0531754 2.8924396 1.3788426 2.9996847 1.5093057 1.6601058 1.2823697 1.5314732 1.6073681 1.4376580 1.6925301 1.4714816 1.4715103 1.8506638 1.6728727 1.5523719 1.6454626 1.6852331 1.8464814 1.8295678 1.3413445 1.6671225 1.0078616 2.0855033 1.5877092 1.3075306 1.8340488 2.1008197 1.7881818 1.3024460 1.2959708 2.7546457 2.2294614 1.6440095 1.5853033 1.4714372 1.4714372 1.6897555 2.9117789 2.6108264 1.2999728 1.2999728 1.1273599 1.6209831 1.5542293 1.5713579 2.1283141 1.5245578 2.0152411 2.1067558 2.1645969 1.7512154 1.5861962 1.5966414 1.5124363 1.5124363 1.3747307 1.4243606 1.9312477 1.5612065 1.5767076 4.5676757 2.0351499 3.9113850 1.8802455 1.9749564 1.2686282 1.3845881 1.9801744 
Stycar_snap_masked-SC_scaffold7417-processed-gene-0.2-mRNA-1 0.8723894 0.8222685 1.0771399 0.9918218 0.7661410 0.0000000 0.7579118 0.9278504 0.9245419 1.4739991 1.4120340 1.5161674 1.4903577 1.4903577 1.3746815 1.4684966 1.4445632 1.2455358 0.9329044 1.4217326 1.6379114 1.2893703 1.5061409 1.4215423 1.3865663 1.3865663 1.3069305 1.3144930 1.2878432 0.0000010 1.3502118 0.0000010 1.4022275 1.1500115 1.2340655 1.3487341 1.2092473 1.1148611 1.3929428 1.5005341 1.5005341 1.4436660 1.5509197 1.5805889 1.5597976 1.3843942 1.4914149 2.4748465 1.3386320 1.6346168 1.1740428 4.3256326 1.3915510 1.4382148 1.4816451 1.8047553 1.1963947 1.5628848 1.5001875 9.0000000 8.9999987 1.1590238 1.1839626 1.2285746 1.2285746 1.1332800 9.0000000 5.9607338 1.2891837 1.2891837 1.3410102 1.3983273 1.4912552 1.3983273 1.7607555 1.9429858 1.5664405 2.2689327 1.8193079 1.7561600 1.4298623 1.4422034 1.3220669 1.3220669 1.4988434 1.4988434 2.1837069 1.6141239 1.5000681 2.5352462 2.0183786 6.4886426 2.0292576 2.2949286 1.4347647 1.5305838 1.7316751 
Xestes_maker-XT_scaffold5203-snap-gene-0.35-mRNA-1           1.4823446 1.5399960 1.2768356 1.7007127 1.5031702 0.7579118 0.0000000 1.4646695 1.3446970 1.5725363 2.0966234 1.5565068 2.2493281 1.5773069 1.9646201 2.2242209 2.3894672 1.3856955 1.1536280 2.1514812 2.1924179 2.0273980 2.1011653 2.3294350 1.8696578 1.1370464 2.2286740 1.0618274 1.6871739 2.6817513 2.1104221 2.7635179 1.9567071 2.4178787 2.2475422 2.2794469 2.5356295 1.8462024 2.0910035 1.8360803 1.7684617 2.0383614 1.9547059 1.8872603 1.9879064 1.8876918 2.7633196 2.2805339 2.2365720 2.3629526 1.6952916 3.2133354 2.2846873 1.8643552 2.1402082 2.4361668 2.2333974 2.4076016 2.3765722 2.4764593 2.4671799 2.1455861 2.4284995 2.2655451 2.2655451 2.1240190 3.1162011 2.9552503 2.2138299 2.1983071 2.0326937 2.3525349 2.0736527 2.2975834 2.2949536 2.5282001 2.8749710 2.6589504 2.5682251 2.6658111 2.3281612 2.3045239 2.2520045 2.2520045 2.3379533 2.3418635 2.8284762 2.3326938 2.5447921 3.9780717 2.8943781 4.1056866 2.9125682 2.9954199 2.5735485 2.7563735 2.5087600 
Aque_Aqu2.1.21185_001                                        0.9162024 0.8350092 1.3978468 1.1319331 1.1467016 0.9278504 1.4646695 0.0000000 0.1451192 1.4520673 1.7202820 1.7239324 1.6302058 1.7213412 1.5860650 1.6242296 1.5105180 1.0838598 1.1294568 1.6412835 1.5176166 1.4741058 1.3943584 1.4129613 1.4079535 1.4148182 1.3747583 1.2426387 1.5365917 1.1425550 1.3914147 1.3565319 1.4601986 1.6543392 1.5512155 1.4121449 1.5180552 1.4218812 1.5578084 1.4686931 1.5932070 1.4598710 1.3867829 1.6479975 1.5851288 1.5986446 1.7422169 2.1594164 1.4335394 1.6803251 1.6953839 1.4407567 1.6276902 1.3513047 1.8421061 2.0110760 1.5644290 1.5573126 1.5775572 1.3012137 1.2337134 1.3718369 1.3731242 1.4901237 1.4901237 1.4063722 1.3691970 1.4799590 1.2373880 1.2726013 1.2602004 1.6430216 1.6718113 1.6430216 1.7684413 1.7724004 1.5673010 1.7856253 1.6738695 1.5710434 1.5444459 1.5689495 1.5039996 1.5039996 1.5025134 1.5025134 1.7804456 1.6651184 1.5404517 2.2278669 1.7655666 2.4108273 1.8295825 1.7518364 1.6871000 1.8035498 1.7976378 
Aque_Aqu2.1.21186_001                                        0.8735566 0.8430767 1.2624197 1.0613213 0.9720920 0.9245419 1.3446970 0.1451192 0.0000000 1.3545473 1.6732606 1.5235481 1.5599663 1.5071674 1.5884606 1.5588430 1.4733834 1.0217508 1.0825872 1.5808898 1.4539388 1.4066125 1.3562990 1.2757103 1.3189138 1.2523664 1.3061833 1.0756318 1.3222916 1.1247327 1.2645739 1.4204517 1.3353551 1.5259165 1.4591338 1.4049357 1.5505372 1.2750654 1.4041146 1.3625637 1.4715329 1.3657945 1.3092169 1.4375353 1.4712806 1.4614340 1.5021745 1.9403316 1.2982370 1.5240852 1.4565432 1.4402868 1.5285025 1.2277774 1.6502613 1.8002810 1.4093725 1.5308787 1.5504672 1.2638888 1.2075178 1.3355615 1.3516639 1.3931794 1.3931794 1.3241755 1.4067833 1.4788708 1.1647349 1.1963729 1.1536222 1.4382398 1.4921379 1.4382398 1.6105051 1.6288985 1.5541612 1.6557571 1.5562743 1.4575933 1.4824676 1.5290470 1.4809277 1.4809277 1.5264336 1.5264336 1.6227346 1.5591978 1.4786444 2.3961035 1.7045999 2.3772411 1.6919762 1.5912348 1.6341085 1.7870532 1.7045890 
Bolinf_Binf_sb1190498                                        1.1751698 1.1671641 1.4819111 1.4217102 1.2689805 1.4739991 1.5725363 1.4520673 1.3545473 0.0000000 0.1450953 0.1432573 0.1727502 0.1516861 0.1797564 0.1504042 0.2397661 0.2211033 0.2542001 0.2578796 0.2481166 1.1596681 1.1724640 1.2256047 1.2826316 1.1568078 1.3047654 0.9881117 1.2571799 0.9826716 1.2155845 1.2414963 1.0029901 1.3557812 1.2457552 1.2131088 1.4270392 1.2837652 1.6363151 1.4197443 1.4197443 1.5116263 1.6174812 1.4155014 1.3637521 1.4550132 1.4098374 1.5555132 1.2216546 1.3068377 1.4008090 1.0868165 1.2682531 1.3292753 1.4414559 1.4452150 1.3673308 1.2036813 1.2066182 1.5047708 1.5625041 1.5813424 1.7023586 1.7799365 1.7799365 1.7004239 1.0245654 1.5713287 1.3964711 1.3828076 1.4631136 1.5784364 1.6408199 1.5784364 1.4379748 1.5805234 1.2542943 1.4063762 1.3904758 1.4700294 1.5366395 1.4583226 1.4033004 1.4033004 1.6348543 1.6348543 1.6393807 1.6003699 1.5683930 2.6512681 1.8675964 3.7065430 1.5366794 1.6976927 1.6014887 1.7280017 1.5484101 
Drygla_Dgla_sb284293                                         1.3937013 1.3362604 1.5004333 1.4998460 1.6072284 1.4120340 2.0966234 1.7202820 1.6732606 0.1450953 0.0000000 0.1015847 0.1472221 0.1120322 0.2034048 0.2298379 0.2781170 0.2159707 0.2331578 0.2693096 0.2953702 1.1693026 1.2803207 1.3392649 1.3824269 1.3723807 1.4440306 1.3690039 1.4589768 1.3372924 1.3517041 1.4380669 1.4235922 1.5245188 1.4534299 1.4018524 1.6020648 1.2824575 1.6784382 1.3979695 1.4422343 1.6549425 1.6594844 1.4219273 1.3386031 1.5182052 1.6617407 1.7885875 1.4270573 1.4326421 1.5292100 1.2697453 1.5415392 1.4743693 1.5756153 1.6105638 1.4530733 1.5304980 1.5340250 1.4286180 1.5384506 1.7836437 1.9586740 1.8457909 1.8457909 1.7682133 1.2206696 1.6698222 1.5428057 1.5172722 1.5613753 1.6822107 1.6410593 1.6822107 1.6725917 1.7147052 1.6040364 1.6000228 1.7777798 1.6712928 1.6997664 1.6360697 1.5459687 1.5459687 1.8106873 1.8106873 1.8959332 1.8343470 1.7990676 2.5804651 2.1740381 3.1942206 1.7552666 1.9281604 1.7579905 1.8100529 1.6214242 
Bolinf_Binf_sb1241731                                        1.2710282 1.2277182 1.5273849 1.4243248 1.3055399 1.5161674 1.5565068 1.7239324 1.5235481 0.1432573 0.1015847 0.0000000 0.0191268 0.0191268 0.1888810 0.1883615 0.2365195 0.1852192 0.2042188 0.2398794 0.2856893 1.1076841 1.3236997 1.3980893 1.5129994 1.3170180 1.4277148 1.2726047 1.4296305 0.9269720 1.3200703 1.4504022 1.3121788 1.5518069 1.4835294 1.5169037 1.7376660 1.2441932 1.7506689 1.6615395 1.6615395 1.7545729 2.0690532 1.6178190 1.5571110 1.6766570 2.1099998 1.7801823 1.5649637 1.6492091 1.5175399 1.7363157 1.7556638 1.5720137 1.6713665 1.8805561 1.3978140 1.6026523 1.6091487 2.1772754 2.1008837 2.1626214 2.3975347 2.3008928 2.3008928 2.0310979 1.9904683 2.5368096 1.8210118 1.8210118 1.9253346 1.6976087 1.7759427 1.6976087 1.6558765 1.8053577 1.6664801 1.9056787 1.9543505 1.8178683 1.9171135 1.8352769 1.7436715 1.7436715 1.9863403 1.9863403 2.0001705 1.8145912 1.7818448 3.9331957 2.2654054 8.8675343 1.7011922 1.8488443 2.0515125 2.1372636 1.7862305 
Mlei_ML2002.g43.i1                                           1.3961309 1.3404926 1.5192149 1.4472567 1.5124861 1.4903577 2.2493281 1.6302058 1.5599663 0.1727502 0.1472221 0.0191268 0.0000000 0.0121906 0.1827663 0.2237057 0.2394499 0.1726020 0.2328401 0.2712747 0.2675609 1.1759369 1.3486920 1.4478474 1.3051932 1.3416059 1.3900976 1.2406119 1.4060642 1.4829963 1.4035741 1.5180082 1.4809140 1.5395632 1.4366245 1.3680219 1.5878104 1.2888805 1.7821215 1.3868043 1.4205159 1.6824015 1.7552797 1.4553501 1.4441073 1.5356462 1.7516125 1.7228197 1.5034822 1.4659556 1.5213719 1.4216319 1.5587591 1.4951981 1.5465883 1.6135282 1.4388923 1.4982127 1.5013986 1.5523347 1.5797249 1.8544819 1.9794476 1.9454135 1.9454135 1.7694722 1.2931291 1.7429089 1.5915643 1.5546061 1.4845103 1.6137079 1.6417721 1.5933367 1.7588951 1.7000469 1.5368854 1.6041787 1.7528655 1.6139609 1.6555161 1.6281954 1.5519902 1.5519902 1.7453209 1.7321082 1.9596314 1.7147731 1.7545965 2.5921546 2.0857833 2.9272406 1.6453575 1.9258658 1.6116856 1.7043493 1.6274806 
Vmul_sbMO410409                                              1.2610978 1.2187733 1.5192149 1.3888018 1.2975998 1.4903577 1.5773069 1.7213412 1.5071674 0.1516861 0.1120322 0.0191268 0.0121906 0.0000000 0.1947089 0.1967394 0.2174255 0.1764068 0.2275842 0.2545153 0.2823674 1.0936335 1.2771707 1.3508276 1.4537709 1.3416059 1.3748020 1.2406119 1.4071362 0.4824233 1.2683512 1.3196239 1.2599167 1.4940032 1.4557514 1.4387039 1.6370481 1.2170248 1.6911758 1.5612268 1.5612268 1.7097661 1.9786348 1.5418856 1.5329774 1.5936292 1.9691675 1.7146438 1.4934339 1.5834612 1.5281926 1.4911490 1.7005693 1.5063221 1.6394465 1.8380111 1.3682183 1.5027816 1.5083984 2.1623384 2.1666235 2.0406612 2.2559444 2.1489914 2.1489914 1.9379825 1.6210655 2.2791093 1.7653563 1.7653563 1.7961304 1.6552007 1.7449978 1.6552007 1.5847956 1.7173942 1.5490114 1.8017046 1.8560878 1.7251064 1.8516002 1.7753362 1.6890983 1.6890983 1.9042873 1.9042873 1.9029479 1.7285395 1.6965004 3.5575442 2.2378022 6.8762906 1.6503263 1.8440195 1.9282010 2.0391195 1.7306595 
Beraby_Baby_sb343582                                         1.3914840 1.2443768 1.5327586 1.5080197 1.4047503 1.3746815 1.9646201 1.5860650 1.5884606 0.1797564 0.2034048 0.1888810 0.1827663 0.1947089 0.0000000 0.2366380 0.3056662 0.2844759 0.2440961 0.3211057 0.3403483 1.2030481 1.3201888 1.3223341 1.4189793 1.4295392 1.4153243 1.3306386 1.5603923 1.1367613 1.3851859 1.3306932 1.2933473 1.3821580 1.3862018 1.4630337 1.5364735 1.3112891 1.7383141 1.4575432 1.5205103 1.6607498 1.6894403 1.4938354 1.4136817 1.4929134 1.6434682 1.7580179 1.4226184 1.4434783 1.5404865 1.2566598 1.4649999 1.4933422 1.4944832 1.5044575 1.4888982 1.4679450 1.4714507 1.5323935 1.5855301 1.7282796 1.8991241 1.9831651 1.9831651 1.7829791 1.0780894 1.6821678 1.5786811 1.5375672 1.5845736 1.6064799 1.6797646 1.6064799 1.6777842 1.7046481 1.5323964 1.5815505 1.6891680 1.5822641 1.7123911 1.6798223 1.6372450 1.6372450 1.8590659 1.8590659 1.8962441 1.7186448 1.6931531 2.3757098 2.0270753 2.9136749 1.5735803 1.7741251 1.6943989 1.8385625 1.6997451 
Lampan_Lpan_14831_01                                         1.3892868 1.3140060 1.5811959 1.4995452 1.6387196 1.4684966 2.2242209 1.6242296 1.5588430 0.1504042 0.2298379 0.1883615 0.2237057 0.1967394 0.2366380 0.0000000 0.3215273 0.2841909 0.2294691 0.2655620 0.2586644 1.2024505 1.3962759 1.4582436 1.3993510 1.3317148 1.5222438 1.2224072 1.4655806 1.6256808 1.4670351 1.5372466 1.4203427 1.6469160 1.4338307 1.4937745 1.6431219 1.3471562 1.8628215 1.4820567 1.5122215 1.8088270 1.8337498 1.4778585 1.4968217 1.5567376 1.7422399 1.6795532 1.4857619 1.5450261 1.6019051 1.3742456 1.5919263 1.4367187 1.6394525 1.7002916 1.6314704 1.4671617 1.4916653 1.5818848 1.5984860 1.8562785 1.9246265 1.9304973 1.9304973 1.7763577 1.2772380 1.7571167 1.6703318 1.6472231 1.5598197 1.6740220 1.6008491 1.5984085 1.7952073 1.6376141 1.7588000 1.7527545 1.9606430 1.6901752 1.7718512 1.7525827 1.6472462 1.6472462 1.9395499 1.8832941 1.9925070 1.7480796 1.7328883 2.5889576 2.1207858 2.8414633 1.6932077 1.9367883 1.6473265 1.7895795 1.7033072 
Horcal_Hcv1.av93.c5.g1348.i1                                 1.4079174 1.3278644 1.6784788 1.4414892 1.6864302 1.4445632 2.3894672 1.5105180 1.4733834 0.2397661 0.2781170 0.2365195 0.2394499 0.2174255 0.3056662 0.3215273 0.0000000 0.0071147 0.3635512 0.3968568 0.3910143 1.2254509 1.3814099 1.4165143 1.3165548 1.3228556 1.4127390 1.2931090 1.3467352 1.4271635 1.4001770 1.4128256 1.4513287 1.4845784 1.3720952 1.3472843 1.5361242 1.3546636 1.7575433 1.4377522 1.5027120 1.7035696 1.7512571 1.4865754 1.4074587 1.4601640 1.7714123 1.7026504 1.4616557 1.4466449 1.3903139 1.2544657 1.4484909 1.4276778 1.6521706 1.6844710 1.4671027 1.4632011 1.4662464 1.4788531 1.5715572 1.8252033 1.8551596 1.7981244 1.7981244 1.6490360 1.1990034 1.5804869 1.4410346 1.4210272 1.4077686 1.7915518 1.7963517 1.7513493 1.7024030 1.6723929 1.6480556 1.6021474 1.6921896 1.7047227 1.6612741 1.6470361 1.5763357 1.5763357 1.8753409 1.8614634 1.9840567 1.7009403 1.6879972 2.5749940 2.1162927 2.8478280 1.6110554 2.0373388 1.6431875 1.7417583 1.6494879 
Pbac_sb2644415                                               1.0632153 1.0687429 1.3453376 1.2639414 0.8828960 1.2455358 1.3856955 1.0838598 1.0217508 0.2211033 0.2159707 0.1852192 0.1726020 0.1764068 0.2844759 0.2841909 0.0071147 0.0000000 0.3241328 0.3390076 0.3558542 1.0602581 1.0109532 1.0673837 1.0930527 0.8397791 1.1208963 0.7313815 1.0295431 0.9660100 1.0498113 1.0996532 0.7558650 1.2442846 1.1165944 0.9779703 1.2951267 1.2702065 1.4642856 1.2931990 1.2931990 1.4788292 1.4528373 1.2727955 1.2310141 1.2884272 1.3239162 1.1872514 1.1543248 1.1777062 1.1483071 0.9167377 1.1673641 1.1309157 1.3290150 1.3374718 1.1757030 1.0793028 1.0889264 1.3192603 1.7338461 1.5923814 1.6175332 1.6785543 1.6785543 1.4692059 0.9052827 1.4508409 1.1746332 1.1746332 1.1592575 1.5729877 1.6671450 1.5729877 1.3538138 1.2197057 1.1638272 1.2218157 1.1530711 1.3319563 1.3903196 1.3487305 1.3620978 1.3620978 1.5855501 1.5855501 1.4568280 1.4555676 1.4055659 2.6856477 1.7833164 3.8339433 1.4031558 1.6163083 1.6024706 1.7618071 1.5199839 
Eupdun_Edun_sb10701562                                       1.0389101 0.9690841 1.1703842 1.2194517 0.8179462 0.9329044 1.1536280 1.1294568 1.0825872 0.2542001 0.2331578 0.2042188 0.2328401 0.2275842 0.2440961 0.2294691 0.3635512 0.3241328 0.0000000 0.3007187 0.2967673 0.9881907 1.1006674 1.1402953 1.1814343 0.7914891 1.1975659 0.6305218 1.0825682 1.2824473 1.0784249 1.3602016 0.8824453 1.2787178 1.1643970 1.0348596 1.2446282 1.1399162 1.4139591 1.2475608 1.2475608 1.4689352 1.4271401 1.2442354 1.1478088 1.2401474 1.1794576 1.3320186 1.0706878 1.1840394 1.0753560 1.1842316 1.1239379 1.0467215 1.3085147 1.3274708 1.2225869 1.0607575 1.0495164 1.2770353 1.5991078 1.5232103 1.7444812 1.6924765 1.6924765 1.5839014 1.1968474 1.4824543 1.1702527 1.1174553 1.2673893 1.4913364 1.5414692 1.4913364 1.3453299 1.2924105 1.2550982 1.2800705 1.2448652 1.1849620 1.3956551 1.3185593 1.2873002 1.2873002 1.5611504 1.5611504 1.4693250 1.4325409 1.3647405 2.4594944 1.5398333 3.7120436 1.4139361 1.4683230 1.5380035 1.5716885 1.3978339 
Coemet_Cmet_scaffold19596_01                                 1.4144885 1.3056198 1.5570248 1.5729890 1.6605163 1.4217326 2.1514812 1.6412835 1.5808898 0.2578796 0.2693096 0.2398794 0.2712747 0.2545153 0.3211057 0.2655620 0.3968568 0.3390076 0.3007187 0.0000000 0.1336055 1.2080536 1.3564358 1.4601090 1.4126794 1.3621763 1.4517872 1.3274332 1.5617870 1.5632480 1.5270787 1.6471651 1.4803242 1.6065491 1.4951610 1.5130659 1.6841031 1.2819198 1.6977972 1.4080908 1.4377976 1.6868226 1.7792330 1.5600047 1.4772775 1.5733533 1.6669836 1.6921273 1.4358815 1.4712939 1.5382414 1.3932505 1.5764008 1.4878592 1.6697833 1.7366055 1.5280215 1.4511814 1.4597752 1.4667765 1.4684293 1.8993837 2.0104750 1.9743557 1.9743557 1.8008281 1.2837502 1.7343308 1.6413896 1.6355156 1.5572648 1.5925811 1.6692353 1.6075921 1.8457192 1.6334127 1.6931400 1.6685977 1.8591973 1.6210488 1.7200816 1.7025705 1.6202606 1.6202606 1.8434274 1.8239901 2.1447403 1.7485034 1.7425278 2.6207558 2.1155842 2.8730243 1.7381870 1.9261142 1.6675826 1.8408699 1.6819402 
Vmul_Simscaffold15838_01                                     1.4345498 1.2854749 1.5638130 1.4659268 1.7144167 1.6379114 2.1924179 1.5176166 1.4539388 0.2481166 0.2953702 0.2856893 0.2675609 0.2823674 0.3403483 0.2586644 0.3910143 0.3558542 0.2967673 0.1336055 0.0000000 1.1809909 1.3656632 1.4275046 1.3734833 1.3222072 1.3943801 1.3190219 1.5579259 1.4101742 1.4802619 1.5252415 1.4898580 1.5446748 1.4474602 1.5309652 1.6891102 1.2252127 1.7029141 1.3804309 1.4557316 1.7008440 1.6856042 1.4480850 1.4364466 1.4821168 1.6354277 1.8479085 1.4276501 1.5084815 1.5344405 1.4129801 1.5907118 1.5118634 1.6767026 1.7480809 1.6036296 1.4370396 1.4455088 1.3871654 1.4482961 1.8967640 2.0279752 2.0376497 2.0376497 1.7903960 1.3775197 1.7271174 1.6538740 1.6482480 1.5123176 1.6512140 1.7185770 1.6399867 1.8193289 1.7018965 1.6929404 1.7289141 1.8265424 1.6110725 1.7451068 1.6992611 1.6224501 1.6224501 1.9007129 1.8532454 1.9892996 1.7502805 1.7345228 2.7188500 2.1282426 2.9907897 1.7125367 1.9702989 1.6611009 1.7990328 1.6701425 
Bralan_BLAG12000184_1                                        1.2915235 1.3221763 1.5452316 1.3492390 1.3471381 1.2893703 2.0273980 1.4741058 1.4066125 1.1596681 1.1693026 1.1076841 1.1759369 1.0936335 1.2030481 1.2024505 1.2254509 1.0602581 0.9881907 1.2080536 1.1809909 0.0000000 0.9286012 0.9654920 1.1709951 1.0786762 1.2510319 0.9212526 1.2229504 1.2381419 1.1964802 1.3519491 1.1457701 1.3171509 1.2135224 1.0226726 1.2563991 1.0555365 1.1601579 1.1871590 1.2816401 1.1557706 1.2878601 1.1905237 1.0326557 1.1071731 1.5996783 1.6481651 1.3102299 1.5045462 1.2937823 1.2152700 1.1923617 1.3527462 1.2665275 1.4118624 1.1220696 1.2808783 1.2882665 1.5902946 1.7182809 1.6508378 1.7097070 1.5956763 1.5956763 1.5010916 1.3311930 1.5571955 1.4146587 1.4280211 1.3933889 1.2413684 1.2467671 1.1826003 1.3007010 1.4435931 1.4349275 1.4236574 1.5281486 1.5620641 1.4213499 1.4110596 1.4040313 1.4040313 1.5579976 1.5438513 1.6016811 1.4538142 1.3967929 1.9779214 1.6481082 2.6767727 1.4637297 1.5331233 1.4929365 1.7451847 1.3636702 
Hsap_ENST00000331803                                         1.2545397 1.2405804 1.5346784 1.3675043 1.6477150 1.5061409 2.1011653 1.3943584 1.3562990 1.1724640 1.2803207 1.3236997 1.3486920 1.2771707 1.3201888 1.3962759 1.3814099 1.0109532 1.1006674 1.3564358 1.3656632 0.9286012 0.0000000 0.6948241 1.2429208 1.0786443 1.4069150 0.8210909 1.1064536 1.4964417 1.2460728 1.4578511 1.4347855 1.5038464 1.3227606 1.0589643 1.3992384 1.0031517 1.1878499 1.0522887 1.1208277 1.2632072 1.4083025 1.0577034 0.9886770 1.1098254 1.8442777 1.8995234 1.1870111 1.3618343 1.2286230 1.4265817 1.3876542 1.3518802 1.4028944 1.5246028 1.2042247 1.3344753 1.3421384 1.3597927 1.4969866 1.3706753 1.4657551 1.4693961 1.4693961 1.5563714 1.2563352 1.6119236 1.3669031 1.3790446 1.2765046 1.2278707 1.2752511 1.1800115 1.4489369 1.7028126 1.3170771 1.2689123 1.4082769 1.4532764 1.3722248 1.4269247 1.4505818 1.4505818 1.5740927 1.5673845 1.5622505 1.4982655 1.5440448 2.1187387 1.7532178 2.5954120 1.4359170 1.6542367 1.5296350 1.5598367 1.3755020 
Hsap_ENST00000605860                                         1.3967701 1.3869737 1.7074993 1.4436178 1.7607507 1.4215423 2.3294350 1.4129613 1.2757103 1.2256047 1.3392649 1.3980893 1.4478474 1.3508276 1.3223341 1.4582436 1.4165143 1.0673837 1.1402953 1.4601090 1.4275046 0.9654920 0.6948241 0.0000000 1.3069106 1.2709930 1.3769160 0.9530047 1.1700059 1.2269575 1.1532753 1.3231874 1.4527318 1.4152851 1.1839489 1.1725314 1.4560973 0.9807326 1.1793554 1.1670050 1.2699561 1.3186610 1.5126235 1.2209582 1.1978515 1.1704341 1.8043484 1.7139676 1.1834241 1.2898402 1.2268028 1.3069221 1.2870109 1.2922475 1.3786517 1.5234822 1.0645993 1.3368776 1.3393155 1.3882641 1.5409793 1.5668142 1.7292300 1.6797388 1.6797388 1.5397608 1.3148976 1.5179758 1.3658337 1.3584977 1.3800209 1.3241335 1.3797201 1.3300340 1.6092911 1.7707675 1.5029756 1.5202188 1.5033832 1.4916944 1.5263297 1.4791442 1.6139078 1.6139078 1.5919890 1.5491443 1.6863753 1.6896518 1.5985880 2.3894316 2.0944787 2.9693083 1.6314414 1.8104304 1.8055324 1.8779245 1.6275537 
Spis_XP_022787483_1                                          1.3778017 1.2995362 1.5703585 1.4493556 1.0218350 1.3865663 1.8696578 1.4079535 1.3189138 1.2826316 1.3824269 1.5129994 1.3051932 1.4537709 1.4189793 1.3993510 1.3165548 1.0930527 1.1814343 1.4126794 1.3734833 1.1709951 1.2429208 1.3069106 0.0000000 0.0090418 0.0565240 0.2451131 0.2516462 0.2606718 0.3042631 0.3837778 0.3952791 0.5538183 0.5709121 0.9342356 1.0512150 1.2036288 1.3294277 1.3799373 1.4092826 1.5096824 1.4862849 0.9343141 1.0676555 1.1641882 1.2195562 1.5705087 1.0058220 1.0715678 1.1743131 0.9644073 1.0863313 1.0524587 1.2381027 1.3169068 1.1163772 1.5243115 1.5521458 2.2357333 2.1773433 1.4206589 1.4291614 1.4529146 1.4529146 1.5069702 1.2933943 1.6028112 1.4099554 1.4265100 1.3149061 1.3796181 1.4380556 1.3796181 1.4137024 1.7109011 1.5518119 1.6499060 1.5941137 1.6644510 1.3085408 1.3540986 1.2980147 1.2980147 1.3085164 1.3085164 1.3709092 1.5074902 1.4777575 2.3180560 1.6966474 2.9045740 1.4761092 1.7416459 1.6221588 1.6893250 1.7388991 
Spis_XP_022787487_1                                          1.2900565 1.1895498 1.2338885 1.2036800 1.0218350 1.3865663 1.1370464 1.4148182 1.2523664 1.1568078 1.3723807 1.3170180 1.3416059 1.3416059 1.4295392 1.3317148 1.3228556 0.8397791 0.7914891 1.3621763 1.3222072 1.0786762 1.0786443 1.2709930 0.0090418 0.0000000 0.0468861 0.2458412 0.2488506 0.0000010 0.3645174 0.5291427 0.4940848 0.5518074 0.5630764 1.0301403 1.2148768 0.9901569 1.3081907 1.2984217 1.2984217 1.4472041 1.6570380 0.8966511 0.9951827 1.1563448 1.6364365 1.9417767 0.9099971 1.0704373 0.9713403 4.1786481 1.1711473 1.0416586 1.3932848 1.6359450 1.0759515 1.4383820 1.4952471 3.9342160 3.2081712 1.6892911 1.6850693 1.4788449 1.4788449 1.6672548 7.7447359 3.1955996 1.6518463 1.6518463 1.5484978 1.4485427 1.5238703 1.4485427 1.4846465 1.8133527 1.8597565 1.7704723 1.7922690 1.6479028 1.4943470 1.5360137 1.4223574 1.4223574 1.4582766 1.4582766 1.4858382 1.3581590 1.2399756 5.5898152 1.5136935 7.8193742 1.4782085 1.6611079 1.5936132 1.7431369 1.8032988 
Pocdam_XM_027188687.1                                        1.4297742 1.3522983 1.5662812 1.5194399 1.4133270 1.3069305 2.2286740 1.3747583 1.3061833 1.3047654 1.4440306 1.4277148 1.3900976 1.3748020 1.4153243 1.5222438 1.4127390 1.1208963 1.1975659 1.4517872 1.3943801 1.2510319 1.4069150 1.3769160 0.0565240 0.0468861 0.0000000 0.2669513 0.2740462 0.3065061 0.3484310 0.4250907 0.4132989 0.6462149 0.5735165 0.9977088 1.0349376 1.2423746 1.4333186 1.2896291 1.4040888 1.5876634 1.5410892 1.0267190 1.1352152 1.3119211 1.4267096 1.6885448 1.1456206 1.2537210 1.1907931 1.2799662 1.1836929 1.1820302 1.3505833 1.4013370 1.1896778 1.4883078 1.5111843 2.0556701 2.0250922 1.4869613 1.4426591 1.4926465 1.4926465 1.4665126 1.3559284 1.7324093 1.4995398 1.5160868 1.4030024 1.4574236 1.4765135 1.4470750 1.7052567 1.6656086 1.7332071 1.6826468 1.7415362 1.6479584 1.3372061 1.3543613 1.2875024 1.2875024 1.3824973 1.3703247 1.5167144 1.5009602 1.4904730 2.4323728 1.6751752 2.5531341 1.4428753 1.8106210 1.6466396 1.7359793 1.8429264 
Gasp_gasp1.m3.10249.m1                                       1.1838671 1.1627753 1.1837115 1.0404561 1.0344367 1.3144930 1.0618274 1.2426387 1.0756318 0.9881117 1.3690039 1.2726047 1.2406119 1.2406119 1.3306386 1.2224072 1.2931090 0.7313815 0.6305218 1.3274332 1.3190219 0.9212526 0.8210909 0.9530047 0.2451131 0.2458412 0.2669513 0.0000000 0.1906569 0.0000010 0.3370692 0.5839531 0.4507026 0.5332260 0.6115148 0.8423874 1.0025475 0.7277265 1.0528833 1.0261540 1.0261540 1.1979050 1.4422887 0.8754790 0.9059193 0.9547205 1.6029499 1.6514245 0.7999495 0.9427229 0.7880206 4.1786481 1.2161335 0.9115663 1.0996202 1.3173688 0.8621510 1.2121275 1.2421317 3.7693311 2.1250922 1.4185569 1.5273741 1.3917300 1.3917300 1.3337763 7.6587506 2.7094691 1.2721483 1.2721483 1.2883431 1.3150132 1.3926701 1.3150132 1.2815110 1.8437849 1.5549329 1.6889795 1.5152902 1.5045095 1.1664937 1.1709611 1.2260005 1.2260005 1.2521275 1.2521275 1.3581437 1.0877696 0.9930193 4.8867469 1.5697918 6.3991095 1.3073364 1.5550617 1.1867864 1.3253630 1.4227710 
Fspp_ffun1.m4.32997.m1                                       1.2675259 1.3111227 1.5324233 1.4638457 1.0531754 1.2878432 1.6871739 1.5365917 1.3222916 1.2571799 1.4589768 1.4296305 1.4060642 1.4071362 1.5603923 1.4655806 1.3467352 1.0295431 1.0825682 1.5617870 1.5579259 1.2229504 1.1064536 1.1700059 0.2516462 0.2488506 0.2740462 0.1906569 0.0000000 1.2752681 0.2441026 0.4704636 0.3511253 0.6031386 0.6312831 0.9357457 1.1850832 1.1254546 1.3508786 1.2818789 1.2818789 1.6112739 1.6739695 0.9433910 1.1482112 1.2198576 1.6479875 1.8459229 1.0469865 1.1986187 1.0816513 1.5687362 1.3019071 1.2198789 1.3454307 1.4838769 1.0587710 1.5987472 1.6421098 3.0597361 2.6645480 1.8752753 1.8682523 1.8626847 1.8626847 1.5187341 2.1755630 2.5283694 1.7078033 1.7078033 1.5699795 1.5113352 1.5812469 1.5113352 1.4869846 1.6834374 1.7319441 1.7064997 1.8514082 1.9923400 1.5396391 1.5731043 1.5060756 1.5060756 1.4703614 1.4703614 1.4423065 1.4300914 1.4404766 4.3992968 2.0117858 8.9999987 1.5245330 1.6332106 1.9192778 2.1077589 2.0089333 
Fspp_ffun1.m4.31124.m1                                       1.4582753 1.2240092 6.0874060 1.3681758 2.8924396 0.0000010 2.6817513 1.1425550 1.1247327 0.9826716 1.3372924 0.9269720 1.4829963 0.4824233 1.1367613 1.6256808 1.4271635 0.9660100 1.2824473 1.5632480 1.4101742 1.2381419 1.4964417 1.2269575 0.2606718 0.0000010 0.3065061 0.0000010 1.2752681 0.0000000 0.2343144 0.3992520 0.3925322 0.7351268 0.6184636 0.8871949 0.8847987 1.2846795 1.4399554 1.0507244 1.3051666 1.3899525 1.3063875 0.8945064 1.0091307 1.1907074 1.3529642 1.5139935 1.2393943 1.2831272 2.4127405 1.1839567 1.1341415 0.9341123 1.1324413 1.1028339 1.1243620 1.3192063 1.3192063 1.1389048 1.1389048 1.0232072 1.1430965 1.2479473 1.2479473 1.2151134 1.1294379 1.2143562 1.2143562 1.2356862 1.0629474 1.2969741 1.1111560 1.2511370 1.5562015 1.3919682 1.4553719 1.4943325 1.3406802 1.2990880 1.1013922 1.0408131 1.1312796 1.1312796 1.3115421 1.2862953 1.4051401 1.2808694 1.3699053 1.3362226 1.5358869 1.5445533 1.3279330 1.7543473 1.3447150 1.6444173 1.6155614 
Gfas_gfas1.m1.8249.m1                                        1.3667752 1.3184439 1.5679860 1.3720068 1.3788426 1.3502118 2.1104221 1.3914147 1.2645739 1.2155845 1.3517041 1.3200703 1.4035741 1.2683512 1.3851859 1.4670351 1.4001770 1.0498113 1.0784249 1.5270787 1.4802619 1.1964802 1.2460728 1.1532753 0.3042631 0.3645174 0.3484310 0.3370692 0.2441026 0.2343144 0.0000000 0.3795581 0.3815126 0.6518082 0.5722147 0.9420865 1.0877482 1.1000782 1.2110554 1.2374692 1.3183199 1.3680718 1.4736678 0.8875246 1.0738254 1.2137604 1.4829405 1.5507006 1.1300214 1.2612645 1.0552188 1.2918858 1.2197365 1.1000374 1.2064654 1.2636569 1.0062078 1.4904612 1.5048569 1.7178679 1.6853088 1.3806571 1.3932000 1.4695083 1.4695083 1.3758408 1.3706562 1.5967937 1.4204751 1.4350284 1.3447809 1.3988096 1.3335511 1.3155257 1.4336399 1.5272697 1.5380530 1.6237346 1.6203281 1.7315664 1.2952511 1.2892695 1.2299218 1.2299218 1.3002302 1.2766710 1.4431640 1.3327189 1.3954764 2.4529111 1.7036817 2.5850409 1.5588878 1.7019453 1.6024894 1.7795205 1.6762845 
Adig_XM_015895563.1                                          1.5829636 1.4826288 2.1461303 1.6022362 2.9996847 0.0000010 2.7635179 1.3565319 1.4204517 1.2414963 1.4380669 1.4504022 1.5180082 1.3196239 1.3306932 1.5372466 1.4128256 1.0996532 1.3602016 1.6471651 1.5252415 1.3519491 1.4578511 1.3231874 0.3837778 0.5291427 0.4250907 0.5839531 0.4704636 0.3992520 0.3795581 0.0000000 0.0392052 0.7904213 0.7241358 0.9276665 1.0460895 1.4417099 1.5666793 1.3513061 1.5087392 1.7196874 1.7090460 1.2028258 1.2154033 1.4077627 1.4134539 1.6269860 1.3271544 1.4409986 1.4715380 1.2235717 1.2062282 1.3867280 1.5076998 1.4974958 1.2478182 1.6320621 1.6428808 1.5475976 1.5475976 1.3588522 1.3742999 1.4479660 1.4479660 1.4182259 1.2730626 1.5015297 1.5320842 1.5580250 1.5075215 1.5659538 1.5653345 1.5929782 1.5854504 1.7584902 1.6380545 1.6192664 1.6435697 1.7173290 1.3707246 1.3912589 1.4430098 1.4430098 1.4212105 1.4035660 1.5071586 1.6925068 1.8624673 2.2146637 1.9067795 2.4378728 1.5600678 2.0960506 1.8120646 1.8587287 1.9213470 
Amil_Amillepora12548-RA                                      1.4598466 1.4037113 1.2146153 1.2647746 1.5093057 1.4022275 1.9567071 1.4601986 1.3353551 1.0029901 1.4235922 1.3121788 1.4809140 1.2599167 1.2933473 1.4203427 1.4513287 0.7558650 0.8824453 1.4803242 1.4898580 1.1457701 1.4347855 1.4527318 0.3952791 0.4940848 0.4132989 0.4507026 0.3511253 0.3925322 0.3815126 0.0392052 0.0000000 0.7943878 0.7451325 0.9166130 1.0311403 1.1362142 1.3706349 1.1610306 1.2411226 1.4105639 1.4597668 1.0236572 1.1567532 1.1861865 1.4986500 1.6250407 1.1039807 1.2504399 1.0431723 1.3683671 1.1821468 1.0874534 1.1966116 1.3223575 1.0931129 1.3461734 1.3605626 1.6288119 1.5653775 1.3590897 1.4655248 1.4770594 1.4770594 1.3338952 1.2871854 1.7312457 1.4804768 1.5016622 1.2965286 1.3282606 1.2381862 1.3467239 1.5542219 1.7603057 1.7422343 1.8000097 1.7124838 1.5620317 1.4446416 1.4601727 1.4920572 1.4920572 1.5609401 1.5444818 1.5026004 1.2906568 1.3362867 1.9250197 1.4732458 1.8782414 1.3298492 1.9217930 1.5113700 1.7294795 1.7565052 
Exapal_XM_021037588.2                                        1.6156172 1.5026045 1.7637841 1.5899774 1.6601058 1.1500115 2.4178787 1.6543392 1.5259165 1.3557812 1.5245188 1.5518069 1.5395632 1.4940032 1.3821580 1.6469160 1.4845784 1.2442846 1.2787178 1.6065491 1.5446748 1.3171509 1.5038464 1.4152851 0.5538183 0.5518074 0.6462149 0.5332260 0.6031386 0.7351268 0.6518082 0.7904213 0.7943878 0.0000000 0.4654119 1.0553680 1.1615193 1.2378674 1.6619792 1.3290082 1.4325736 1.7393648 1.5502624 1.2159708 1.2609465 1.5349763 1.3534839 1.8522310 1.2846591 1.4294790 1.2292114 1.4139210 1.3646774 1.3492457 1.3604603 1.4627122 1.3038916 1.5993828 1.6029113 2.1259039 2.1530235 1.3889447 1.4000591 1.4412400 1.4412400 1.5459834 1.5887690 1.7099838 1.4865808 1.5024754 1.4897425 1.6458193 1.5649196 1.6321189 1.6657342 1.6629671 1.6353866 1.8140347 1.6827065 1.6502929 1.5639523 1.5993282 1.6259181 1.6259181 1.5055730 1.4959443 1.4888766 1.5967585 1.5637853 2.6743483 1.8595234 2.8156167 1.5024552 1.7842911 1.6961057 1.7647142 1.7168323 
Nvec_v1g241497                                               1.5041588 1.3966652 1.6336448 1.3689591 1.2823697 1.2340655 2.2475422 1.5512155 1.4591338 1.2457552 1.4534299 1.4835294 1.4366245 1.4557514 1.3862018 1.4338307 1.3720952 1.1165944 1.1643970 1.4951610 1.4474602 1.2135224 1.3227606 1.1839489 0.5709121 0.5630764 0.5735165 0.6115148 0.6312831 0.6184636 0.5722147 0.7241358 0.7451325 0.4654119 0.0000000 1.0873128 1.1455900 1.1753176 1.4610744 1.3346369 1.4488675 1.5588792 1.4928539 1.2463318 1.2536288 1.2937236 1.3454954 1.6726905 1.0367037 1.0804371 1.1465922 1.1006747 1.1842106 1.1555645 1.1408244 1.2744432 1.0132595 1.4772150 1.4804221 1.9074725 1.7739239 1.3445480 1.3294763 1.4153783 1.4153783 1.5333641 1.2916214 1.5912336 1.4370980 1.4444039 1.4334465 1.4871080 1.5453317 1.4729781 1.5692212 1.4858364 1.6392659 1.5749379 1.4682092 1.6790817 1.6099981 1.6066179 1.5602169 1.5602169 1.4432458 1.4328008 1.3195048 1.5394604 1.5434751 2.4432533 1.7193618 2.5613162 1.4438944 1.6805630 1.5567683 1.5066450 1.6496729 
Dgig_XM_028535098.1                                          1.3732144 1.3838358 1.7145397 1.3564661 1.5314732 1.3487341 2.2794469 1.4121449 1.4049357 1.2131088 1.4018524 1.5169037 1.3680219 1.4387039 1.4630337 1.4937745 1.3472843 0.9779703 1.0348596 1.5130659 1.5309652 1.0226726 1.0589643 1.1725314 0.9342356 1.0301403 0.9977088 0.8423874 0.9357457 0.8871949 0.9420865 0.9276665 0.9166130 1.0553680 1.0873128 0.0000000 0.7272629 1.2607324 1.3588473 1.2465131 1.3106157 1.4859054 1.4997825 1.0595067 1.1228335 1.1590398 1.3034738 1.4507604 1.0669931 1.1238443 1.1317946 0.9608262 1.1373881 1.0750872 1.2222765 1.3183479 1.1842245 1.2005403 1.2210943 1.3385073 1.4021612 1.2378474 1.3013081 1.1909821 1.1909821 1.2610263 1.2018702 1.3341071 1.2607838 1.2826025 1.2604616 1.4359674 1.5502417 1.4120169 1.3746409 1.5524418 1.4398454 1.4325535 1.3533038 1.3276565 1.1753568 1.1451296 1.1188255 1.1188255 1.2233337 1.2307500 1.4579287 1.4731119 1.4292454 2.0357926 1.6520771 2.5763079 1.4310211 1.5302576 1.5787163 1.5966010 1.4904363 
Xesp_009252-T1                                               1.5708711 1.4511919 1.7527818 1.6126225 1.6073681 1.2092473 2.5356295 1.5180552 1.5505372 1.4270392 1.6020648 1.7376660 1.5878104 1.6370481 1.5364735 1.6431219 1.5361242 1.2951267 1.2446282 1.6841031 1.6891102 1.2563991 1.3992384 1.4560973 1.0512150 1.2148768 1.0349376 1.0025475 1.1850832 0.8847987 1.0877482 1.0460895 1.0311403 1.1615193 1.1455900 0.7272629 0.0000000 1.3994616 1.5797349 1.3949238 1.4977312 1.6373558 1.7461056 1.2283796 1.3391165 1.3706073 1.2333650 1.4492802 1.3127713 1.3250319 1.1866390 1.2781631 1.3912578 1.3168377 1.4949315 1.6197515 1.3714176 1.3501459 1.3527238 1.7705503 1.7984074 1.4320155 1.4899620 1.4576153 1.4576153 1.4823222 1.2762795 1.5844409 1.3718934 1.3733181 1.4921917 1.6574146 1.7043338 1.6030866 1.4097488 1.6541236 1.6397708 1.8251954 1.6921049 1.6391141 1.3354416 1.3042908 1.3815960 1.3815960 1.3577891 1.3383844 1.5388482 1.6852821 1.6989398 2.2792229 2.0434017 2.8886425 1.6438148 1.8135156 1.6162329 1.8256549 1.7611387 
Cscu_XM_023386794.1                                          1.2579449 1.1774080 1.5142254 1.2732635 1.4376580 1.1148611 1.8462024 1.4218812 1.2750654 1.2837652 1.2824575 1.2441932 1.2888805 1.2170248 1.3112891 1.3471562 1.3546636 1.2702065 1.1399162 1.2819198 1.2252127 1.0555365 1.0031517 0.9807326 1.2036288 0.9901569 1.2423746 0.7277265 1.1254546 1.2846795 1.1000782 1.4417099 1.1362142 1.2378674 1.1753176 1.2607324 1.3994616 0.0000000 0.5630126 0.7128329 0.7546321 0.6727784 0.9722736 1.1345154 0.9691337 0.9111587 1.6403648 1.8824159 1.2790130 1.3777640 1.2634382 1.3957150 1.4101729 1.4196736 1.1286311 1.2146822 0.9045545 1.3369918 1.3368321 1.4982207 1.6726012 1.5426281 1.5906655 1.7659559 1.7659559 1.5610246 1.4017798 1.4810223 1.2299037 1.2218850 1.3817201 1.2085869 1.2500338 1.2089036 1.2698971 1.5699129 1.3955998 1.3992980 1.4126201 1.5637547 1.5741344 1.5537057 1.5061572 1.5061572 1.5247465 1.5293678 1.4744786 1.4126202 1.4710690 2.2759723 1.7919262 2.7630610 1.5368898 1.6963979 1.5375953 1.6153690 1.6030999 
