87
Lcom_lcpid170661                                  0.0000000 0.0079986 0.0000010 0.0000010 0.0000010 0.6200210 1.1870057 4.0756193 2.2409865 1.9617321 2.2494222 0.0000010 0.0000010 2.4044398 2.4837016 2.3692614 2.3801795 2.3344564 0.5221313 2.3014716 2.3214834 1.7686336 2.3142392 2.5275573 2.0239018 2.2057160 2.1928472 2.4300212 2.4300212 2.2547286 2.2409008 2.0250707 2.1140879 2.3730603 2.8871526 2.6973348 2.5189737 2.5189737 2.6467664 3.4836561 3.4022963 3.0117178 3.2706202 3.2228756 3.2228756 3.9498217 3.5745829 1.8323303 8.9009631 0.0000010 0.0000010 0.0000010 3.9362273 3.9362273 3.9162353 3.9823925 3.3802379 3.3802379 0.0000010 0.0000010 2.3062276 2.3062276 4.4025457 4.0025761 0.0000010 4.0025761 3.5503510 3.0038278 3.4412526 0.0000010 2.9282152 2.7394318 3.3965285 2.7359025 3.8653492 5.0098513 4.2931577 2.0239115 3.0614235 4.5272225 3.2334994 3.1074759 0.0000010 4.1856711 3.5265756 3.6366887 4.7659233 
Lcom_lcpid170632                                  0.0079986 0.0000000 0.0000010 0.0000010 0.0000010 0.5882494 1.1573539 4.0756193 2.1829692 2.0245042 2.1914941 0.0000010 0.0000010 2.3415512 2.4191732 2.3858872 2.3969546 2.3509890 0.5221313 2.3183769 2.3385049 1.7828855 2.3312048 2.5452915 1.9735150 2.1491700 2.2024470 2.3682517 2.3682517 2.2712862 2.2593546 1.9713691 2.0572958 2.3902257 2.9016621 2.7113350 2.5367450 2.5367450 2.6651678 3.6130557 3.5495321 3.1436586 3.3907165 3.3412476 3.3412476 4.0314741 3.5745829 1.8442266 8.9728599 0.0000010 0.0000010 0.0000010 3.9660515 3.9660515 3.9457917 4.0135009 3.4086668 3.4086668 0.0000010 0.0000010 2.3357452 2.3357452 4.4356566 4.0264390 0.0000010 4.0264390 3.5763934 3.0265926 3.4412526 0.0000010 2.9429103 2.5347112 3.4370426 2.7532824 3.8913805 5.2117714 4.3468950 2.0546858 3.0771210 4.5826652 3.2565994 3.1288764 0.0000010 4.0413223 3.5521420 3.6622242 4.7943606 
Lcom_lcpid183682                                  0.0000010 0.0000010 0.0000000 0.0064346 0.0000010 0.5225608 0.6929539 0.6334117 1.3497077 1.1004040 1.5122935 2.7345525 2.7345525 1.4513719 1.5277939 1.1592780 1.1808913 1.1616736 1.2055842 1.2267196 1.2267196 1.3946372 1.3841871 1.2479037 1.2291834 1.1679813 1.4943513 1.4128761 1.4128761 1.2629570 1.4801445 1.3303980 1.3382350 1.3114484 1.4588303 1.6833546 1.2370748 1.2310085 1.5069730 1.9679082 1.9273738 2.0292095 1.9414312 1.9414312 1.9414312 1.7490102 1.7633973 1.6569195 1.6569195 2.2498584 2.2498584 2.3223738 2.3345124 2.3345124 2.2318544 2.2835455 2.1046240 2.1046240 2.1046240 2.1046240 2.1046240 2.1046240 2.3028051 2.1792094 4.3859183 2.0260579 1.6891878 1.8804591 2.4232725 1.7290109 1.7893140 1.6901270 1.7319132 1.7544416 1.5457060 1.7116106 1.9034353 2.1220287 1.4438795 1.4775438 1.9450065 2.1469991 1.9574674 2.0280548 2.0235549 2.2836771 1.9147840 
Lcom_lcpid183663                                  0.0000010 0.0000010 0.0064346 0.0000000 0.0000010 0.5221089 0.6791448 0.6303308 1.3737878 1.0933172 1.5400937 2.5080422 2.5080422 1.4320841 1.5258155 1.1385065 1.1598671 1.1407277 1.1838942 1.2050463 1.2050463 1.3671332 1.3602919 1.2258261 1.2312192 1.1470431 1.4924122 1.3942404 1.3942404 1.2545355 1.4703998 1.3215940 1.3293754 1.3027205 1.4564083 1.6721606 1.2290248 1.2229954 1.4972877 1.9439014 1.9039027 2.0044664 1.9178121 1.9178121 1.9178121 1.7273691 1.7330407 1.6355040 1.6355040 2.2466351 2.2466351 2.3261929 2.3368973 2.3368973 2.2369175 2.2675664 2.1159293 2.1159293 2.1159293 2.1159293 2.1159293 2.1159293 2.3080909 2.1812426 4.4301587 2.0260579 1.6711475 1.8610660 2.2430353 1.7121860 1.7699377 1.6721451 1.7329061 1.7554385 1.5253294 1.7270420 1.9211480 2.0950625 1.4441490 1.4789216 1.9625334 2.1069003 1.9574674 2.0297022 2.0185017 2.2423895 1.8906810 
Lcom_lcpid180188                                  0.0000010 0.0000010 0.0000010 0.0000010 0.0000000 0.4897609 0.6752907 0.6040470 1.3458332 1.0776106 1.5394912 2.9541272 2.9541272 1.4098064 1.4684454 1.1545637 1.1755933 1.1568622 1.1995134 1.2201407 1.2201407 1.3958251 1.3557051 1.2537201 1.2279969 1.1560356 1.4919853 1.3647909 1.3647909 1.2356217 1.4586901 1.3108462 1.3183474 1.2876401 1.4542696 1.7051563 1.2231975 1.2173050 1.4848643 1.9910609 1.9507742 2.0518537 1.9647136 1.9647136 1.9647136 1.7737237 1.7975966 1.6468789 1.6468789 2.2337724 2.2337724 2.2576999 2.3156849 2.3156849 2.2242096 2.2728357 2.1202947 2.1202947 2.1202947 2.1202947 2.1202947 2.1202947 2.2946850 2.1250728 4.1975760 2.0154177 1.6217762 1.8198871 2.2690782 1.6570475 1.7146962 1.6614401 1.6794063 1.7688936 1.4841749 1.6435249 1.7931860 2.1085475 1.4122249 1.4920903 1.8670725 2.2379626 2.0582790 1.9473900 2.0052359 2.2838930 1.9493915 
Gracom_Gcom_scaffold17022_01                      0.6200210 0.5882494 0.5225608 0.5221089 0.4897609 0.0000000 0.6116640 0.6204392 1.6311016 1.2443712 1.5767740 1.8553038 1.8553038 1.4602544 1.5063302 1.5243206 1.5221571 1.5657215 1.4325638 1.4377469 1.4377469 1.4900689 1.5383736 1.4691829 1.3912793 1.5891154 1.4497197 1.6019486 1.6534130 1.4504656 1.6241353 1.5656445 1.5960208 1.5740884 1.6500133 1.6924948 1.5470783 1.5532374 1.5814281 2.0530397 2.1559687 2.1444451 2.0916721 2.0958005 2.0958005 2.0964515 2.0380577 1.3408950 1.7976004 2.5414660 2.4677544 2.5485447 2.4341076 2.4341076 2.2497422 2.3879746 2.3567495 2.3567495 2.2398916 2.2398916 2.3483719 2.3483719 2.4574829 2.7343609 3.9466008 2.4841419 1.9354946 2.0893906 2.2192873 2.1588472 1.8828809 1.8827667 2.1440603 2.0342342 2.1224272 2.1124614 2.2084669 2.1966622 2.0197029 1.9710838 2.1015021 2.2569697 2.3759961 2.1761364 2.2473384 2.5635585 2.5870206 
Scil_scict004644.1                                1.1870057 1.1573539 0.6929539 0.6791448 0.6752907 0.6116640 0.0000000 0.6948815 1.8643750 1.4991770 1.7619729 1.7253370 1.7253370 1.6807086 1.5889113 1.7845610 1.8004479 1.8631633 1.4971777 1.7019377 1.6892848 1.7124621 1.7430527 1.7668012 1.6187969 1.7075444 1.5875615 1.7884268 1.8375702 1.5844109 1.6842949 1.6486413 1.7070811 1.8087759 1.8227020 1.8576176 1.7531685 1.7496655 1.7067553 2.4193921 2.2678011 2.2096791 2.3352632 2.3397613 2.3397613 2.3414812 2.4064053 1.6843135 2.6348945 2.3229327 2.3353729 2.5233061 2.7183844 2.7183844 2.6331961 2.8033012 2.5909950 2.5909950 2.2639298 2.2639298 2.3449544 2.3449544 2.8888670 2.8312348 2.8457632 2.9337799 2.1354000 2.2679095 2.6337919 2.1591754 2.0835211 1.8107654 2.4342454 2.4704316 2.4617528 2.4386102 2.6929511 2.4055376 2.2113959 2.5583136 2.3514227 2.5515865 2.1960980 2.6389119 2.4463838 2.8991401 3.0802427 
Leuniv_Lniv_C808650_01                            4.0756193 4.0756193 0.6334117 0.6303308 0.6040470 0.6204392 0.6948815 0.0000000 1.8115768 1.3085114 1.7443586 1.4565518 1.4565518 1.4330616 1.5696979 1.4790778 1.5034975 1.5385230 1.4892324 1.4540005 1.4540005 1.4800247 1.5830420 1.5611251 1.4551791 1.6085039 1.4750029 1.6228101 1.8224901 1.5353465 1.6558268 1.6595640 1.6746632 1.6186713 1.5504081 1.7444427 1.3679195 1.3897033 1.4363132 1.9506068 2.0874853 2.0399442 1.9972103 2.0152240 2.0152240 1.9743701 2.0729516 1.4733263 1.5198898 2.4135111 2.3616301 2.2992370 2.2849706 2.2849706 2.2606872 2.3074456 2.1334230 2.1334230 2.1437107 2.1437107 2.1334230 2.1334230 2.1171558 2.4227952 2.7181779 2.3751938 1.7557359 1.9013483 2.4118044 2.0737866 1.8807094 1.7177185 1.9246349 1.8495222 2.1918364 2.0947887 2.2572534 2.3857849 2.0022155 1.8883189 2.2067698 2.3089358 1.9986148 2.2265210 1.9725717 2.2909628 2.3029285 
Bralan_BLAG01001949_3                             2.2409865 2.1829692 1.3497077 1.3737878 1.3458332 1.6311016 1.8643750 1.8115768 0.0000000 0.7468505 1.1224918 2.3880760 2.3880760 0.9092275 0.9036238 1.3231966 1.2948428 1.4167096 1.1358187 1.2880999 1.3008624 1.3681661 1.3679528 1.3723481 0.8581659 1.0765690 1.0999333 1.0335840 0.8953433 1.4182338 1.5428319 1.5516184 1.5586695 1.5246203 1.6135776 1.7962701 1.5618122 1.5696021 1.7266049 2.1373173 1.9094414 1.9986962 2.1610513 2.1849807 2.1849807 2.1340028 2.1734083 1.5372854 2.2578494 2.0746932 2.1733790 2.3441550 2.5611170 2.5611170 2.4192140 2.4894591 2.3970395 2.3970395 2.0566715 2.0566715 2.1401806 2.1401806 2.6724697 2.6565576 4.3554865 2.4347474 2.3745387 2.3768826 3.6982427 1.8032340 1.9792762 1.8931215 2.3118471 2.6836503 2.3375474 2.6104098 2.7064743 2.2090082 2.4032943 2.8477585 2.3578295 2.7817963 2.2651748 3.1919821 3.1208374 3.1083157 3.1647598 
Spur_XM_030991710.1                               1.9617321 2.0245042 1.1004040 1.0933172 1.0776106 1.2443712 1.4991770 1.3085114 0.7468505 0.0000000 0.8949374 0.6906914 0.6906914 0.6410978 0.6843229 0.9703960 0.9547370 1.0070234 0.8198747 0.9548548 0.9479069 1.0096063 1.0183062 1.0890448 0.6408295 0.6709190 0.8580919 0.7915927 0.8695167 1.1674892 1.2532691 1.2526277 1.2707263 1.2383738 1.3344886 1.4435196 1.2319409 1.2348164 1.2564559 1.7746056 1.9183748 1.6325304 1.7384557 1.7410065 1.7410065 1.9065660 1.8592239 1.3106551 2.0126223 2.0495127 1.9370907 1.7096968 2.2610156 2.2610156 2.1706516 2.3262004 2.1475594 2.1475594 1.7572686 1.7572686 1.9225628 1.9225628 2.2743593 2.4115941 2.6348137 2.4550243 2.1304595 2.0376443 2.1442494 2.1304351 1.8700710 1.6764464 1.8722373 2.2497451 2.0990503 2.3431930 2.2570257 1.9066931 1.9773312 1.9784123 2.0697696 2.3061208 2.2338583 2.3381598 2.6761202 3.0375543 2.5636384 
Cgig_XM_011429636.3                               2.2494222 2.1914941 1.5122935 1.5400937 1.5394912 1.5767740 1.7619729 1.7443586 1.1224918 0.8949374 0.0000000 1.0641505 1.0641505 0.8881449 0.8559342 1.3063720 1.3001664 1.3626867 1.0866249 1.2446185 1.2411740 1.2713451 1.3842317 1.3243453 0.8679146 0.8095027 0.9030224 0.6422195 0.6901779 1.3550153 1.3950297 1.4521616 1.4451715 1.4776365 1.6669119 1.5641022 1.3783700 1.3800394 1.5007961 2.0108795 2.1191985 1.9264296 1.9714151 1.9926780 1.9926780 2.0012005 2.0162554 1.5762250 2.4235598 2.0569795 2.0528565 1.9294221 2.3992052 2.3992052 2.3159182 2.4926276 2.2739835 2.2739835 2.0228958 2.0228958 2.0455744 2.0455744 2.6001964 2.4420206 2.8188796 2.4537883 2.1689245 2.2316557 2.4527736 2.3756560 2.0603988 1.8565484 2.0441593 2.2867667 2.2414678 2.5634920 2.6223242 2.2643669 2.2370813 2.3507876 1.9203055 2.5170279 2.4614477 2.2922412 2.3714698 2.5941745 3.0708199 
Cscu_XM_023362325.1                               0.0000010 0.0000010 2.7345525 2.5080422 2.9541272 1.8553038 1.7253370 1.4565518 2.3880760 0.6906914 1.0641505 0.0000000 0.0000010 0.0127754 0.6102123 0.8448909 0.8894149 0.8312183 1.0019124 1.0063358 1.0063358 0.8972109 0.9666990 1.0002972 0.6626034 0.9216852 0.7311025 0.8303859 1.9208024 1.7108664 1.3259313 1.5086316 1.4922056 1.3615411 1.8307685 1.9734329 1.5594488 1.5594488 1.6711171 1.0628441 1.5023307 1.1489378 1.1816397 1.1816397 1.1816397 1.0380522 1.0380522 1.5805445 1.5805445 4.2927069 2.6991725 2.2176333 2.3153186 2.3153186 1.8660694 2.6263931 2.3819730 2.3819730 2.3819730 2.3819730 2.3819730 2.3819730 2.4818181 3.0736722 3.0736722 0.0000010 1.8795715 2.2367137 2.1178068 5.2232122 2.0183935 2.0957998 2.3766538 1.7952257 2.3645949 3.3420863 3.4416294 3.0215484 2.0367546 1.8030810 1.5878076 2.8687059 6.1814602 2.5890381 3.1265376 3.3254206 2.5114449 
Cscu_XM_023362326.1                               0.0000010 0.0000010 2.7345525 2.5080422 2.9541272 1.8553038 1.7253370 1.4565518 2.3880760 0.6906914 1.0641505 0.0000010 0.0000000 0.0127754 0.6102123 0.8448909 0.8894149 0.8312183 1.0019124 1.0063358 1.0063358 0.8972109 0.9666990 1.0002972 0.6626034 0.9216852 0.7311025 0.8303859 1.9208024 1.7108664 1.3259313 1.5086316 1.4922056 1.3615411 1.8307685 1.9734329 1.5594488 1.5594488 1.6711171 1.0628441 1.5023307 1.1489378 1.1816397 1.1816397 1.1816397 1.0380522 1.0380522 1.5805445 1.5805445 4.2927069 2.6991725 2.2176333 2.3153186 2.3153186 1.8660694 2.6263931 2.3819730 2.3819730 2.3819730 2.3819730 2.3819730 2.3819730 2.4818181 3.0736722 3.0736722 0.0000010 1.8795715 2.2367137 2.1178068 5.2232122 2.0183935 2.0957998 2.3766538 1.7952257 2.3645949 3.3420863 3.4416294 3.0215484 2.0367546 1.8030810 1.5878076 2.8687059 6.1814602 2.5890381 3.1265376 3.3254206 2.5114449 
Cscu_XM_023362351.1                               2.4044398 2.3415512 1.4513719 1.4320841 1.4098064 1.4602544 1.6807086 1.4330616 0.9092275 0.6410978 0.8881449 0.0127754 0.0127754 0.0000000 0.7049608 1.0896245 1.0965433 1.1124452 0.9704108 1.1034862 1.0927965 1.1330067 1.1212040 1.1754393 0.7062496 0.7490858 0.7114943 0.7271542 0.7855829 1.3486880 1.3088033 1.3898835 1.4150945 1.3781243 1.5846582 1.6852621 1.2725866 1.2741778 1.4918196 1.8392517 1.9601205 1.7902017 1.9017513 1.9048010 1.9048010 1.8804163 1.7529773 1.4225333 2.0102990 2.3828937 2.3717808 2.0363638 2.5164116 2.5164116 2.4101664 2.6748491 2.3733634 2.3733634 2.1271203 2.1271203 2.0914274 2.0914274 2.6001315 2.5967700 3.4962598 2.4871952 2.1180502 2.4352627 2.7687896 2.0807936 1.8554496 1.6999451 2.1182225 2.2065625 2.2343025 2.5315306 2.6303479 2.1234958 2.0976166 2.2523261 2.1446234 2.4441107 2.0169704 2.4307789 2.6713017 2.8976659 3.0270268 
Skow_XM_002736771.2                               2.4837016 2.4191732 1.5277939 1.5258155 1.4684454 1.5063302 1.5889113 1.5696979 0.9036238 0.6843229 0.8559342 0.6102123 0.6102123 0.7049608 0.0000000 1.1944117 1.1869968 1.2332473 0.9817349 1.1976754 1.1890928 1.2006806 1.2358755 1.3294224 0.7464769 0.8112077 0.8947222 0.7857434 0.8290737 1.3448242 1.4145373 1.4751383 1.4811989 1.5226404 1.5946206 1.6872826 1.4309605 1.4280046 1.5554682 1.8849915 2.0450747 1.8458882 1.8780048 1.8809598 1.8809598 1.9762837 1.9678202 1.4971819 2.0945280 1.9326322 1.9029543 2.0001614 2.2887133 2.2887133 2.1879144 2.5222594 2.3541322 2.3541322 2.0363835 2.0363835 2.0722465 2.0722465 2.3614978 2.3406584 2.7407550 2.3246631 2.3125156 2.2860579 2.5961515 2.4034914 1.9983014 1.7690233 1.9602059 2.3393472 2.2465026 2.4984575 2.6881596 1.9702347 2.4212888 2.6750395 2.2826215 2.8096416 2.4271614 2.9771997 2.9050921 3.0541825 2.9022304 
Spis_XP_022808041_1                               2.3692614 2.3858872 1.1592780 1.1385065 1.1545637 1.5243206 1.7845610 1.4790778 1.3231966 0.9703960 1.3063720 0.8448909 0.8448909 1.0896245 1.1944117 0.0000000 0.0405149 0.1243899 0.0987606 0.2172585 0.2163201 0.2374330 0.4304754 0.4541790 1.0498745 1.1470574 1.2825534 1.2479988 1.3962806 1.0233179 1.0266164 1.2408494 1.2366033 1.1774369 1.1814119 1.3535437 0.9663028 0.9689179 1.0707757 1.7350618 1.8330632 1.6885909 1.7279439 1.7464046 1.7464046 1.7024055 1.6580758 1.3750981 1.7319889 1.8973332 1.7733859 1.8910358 2.2902598 2.2902598 2.0813719 2.2418189 2.0921594 2.0921594 1.6979070 1.6979070 1.8385798 1.8385798 2.3754102 2.2606809 2.4497233 2.3171233 1.8533432 2.1106755 2.2804307 1.9527819 1.8402930 1.8723443 1.8555977 2.2250109 2.1810382 2.6921239 2.8700129 2.0077551 2.1817805 2.3920972 2.1581738 2.4150742 2.1604532 2.7274194 3.1401496 3.1489734 2.8568539 
Pocdam_XM_027201843.1                             2.3801795 2.3969546 1.1808913 1.1598671 1.1755933 1.5221571 1.8004479 1.5034975 1.2948428 0.9547370 1.3001664 0.8894149 0.8894149 1.0965433 1.1869968 0.0405149 0.0000000 0.1198464 0.0990703 0.2031101 0.2022361 0.2508494 0.4150923 0.4476943 1.0602253 1.1673254 1.2666729 1.2618616 1.4127467 1.0270787 1.0458770 1.2362722 1.2385253 1.1767315 1.1736758 1.3275678 0.9497473 0.9522934 1.0895622 1.7491242 1.8592647 1.6829184 1.7368475 1.7554420 1.7554420 1.7198872 1.6806597 1.4333860 1.7937068 1.9990408 1.8859663 1.9915375 2.3665018 2.3665018 2.1097412 2.2889874 2.1563148 2.1563148 1.7821297 1.7821297 1.9011003 1.9011003 2.4533617 2.3168840 2.6605005 2.3319357 1.9397964 2.1654001 2.1563632 2.0087738 1.8325873 1.9070400 1.8257457 2.2217894 2.1881029 2.7292258 2.9280357 2.0337671 2.2461080 2.3897049 2.2093597 2.4739951 2.2275458 2.7824993 3.1573790 3.1226978 2.8823850 
Fspp_ffun1.m4.14199.m1                            2.3344564 2.3509890 1.1616736 1.1407277 1.1568622 1.5657215 1.8631633 1.5385230 1.4167096 1.0070234 1.3626867 0.8312183 0.8312183 1.1124452 1.2332473 0.1243899 0.1198464 0.0000000 0.0701587 0.1927849 0.1918656 0.2367490 0.3820923 0.3969533 1.1010817 1.2571976 1.3164462 1.2977490 1.4923833 1.0444008 1.0860496 1.2273450 1.2311515 1.1675983 1.2077810 1.3808443 1.0414375 1.0446044 1.1167375 1.6616554 1.7971813 1.5955321 1.6882946 1.6797500 1.6797500 1.6725328 1.6240623 1.4567440 1.8839349 1.8308606 1.7120713 1.8485663 2.3797065 2.3797065 2.1078060 2.3461970 2.1064473 2.1064473 1.7091330 1.7091330 1.8338877 1.8338877 2.3796309 2.1843515 2.4465143 2.2310879 1.9547777 2.2126508 2.0214807 1.8984104 1.8075192 1.8501472 1.9490358 2.1686083 2.2755380 2.7289475 3.0218821 2.0344947 2.1758313 2.5626839 2.2079129 2.5340757 2.0285288 2.8066820 3.2367639 3.0479892 2.7387945 
Gasp_gasp1.m3.74.m1                               0.5221313 0.5221313 1.2055842 1.1838942 1.1995134 1.4325638 1.4971777 1.4892324 1.1358187 0.8198747 1.0866249 1.0019124 1.0019124 0.9704108 0.9817349 0.0987606 0.0990703 0.0701587 0.0000000 0.1593263 0.1593263 0.1228675 0.4131802 0.3661946 0.8898175 1.0528124 1.1643391 1.1384422 1.3280725 0.8930414 0.8731914 1.0634527 1.0580248 1.0191799 1.0562903 1.2622491 0.9405209 0.9376872 0.9538050 1.5975788 1.8141366 1.6606971 1.5778718 1.6013142 1.6013142 1.5525288 1.5983609 1.1884888 1.1884888 1.7767847 1.7146717 1.8772903 1.8257203 1.8257203 1.6275214 1.7990104 1.8546791 1.8546791 1.7684021 1.7684021 1.8546791 1.8546791 1.9630178 1.9608584 2.5706063 1.8462476 1.6124467 1.7526311 1.6810271 1.8516312 1.5572997 1.7616758 1.5818507 1.9626870 1.9585078 1.9510282 2.2322729 1.9920768 1.8219950 1.8969208 1.8964208 1.9780091 2.0608172 2.3592121 2.8783653 2.6934251 2.2157672 
Amil_Amillepora22245-RA                           2.3014716 2.3183769 1.2267196 1.2050463 1.2201407 1.4377469 1.7019377 1.4540005 1.2880999 0.9548548 1.2446185 1.0063358 1.0063358 1.1034862 1.1976754 0.2172585 0.2031101 0.1927849 0.1593263 0.0000000 0.0026227 0.2005497 0.4116400 0.4037410 1.1090268 1.1332554 1.1724933 1.1939919 1.3444295 1.0473232 1.0645981 1.1873879 1.1721406 1.1384102 1.2509199 1.3823881 1.0535718 1.0476313 1.0910359 1.8625133 1.9709892 1.7961305 1.8014345 1.8210453 1.8210453 1.8223291 1.7631334 1.4239024 1.8393872 1.9629292 1.8067513 2.0138690 2.3527526 2.3527526 2.0825892 2.3258817 2.1743472 2.1743472 1.8529266 1.8529266 1.9528027 1.9528027 2.3938656 2.3724262 2.5792256 2.4345572 1.8991401 2.1795779 1.8362887 2.0264995 1.7061065 1.8383402 1.9565319 2.2550159 2.1066504 2.6316710 2.8875992 2.0662378 2.2486896 2.4516984 2.1527465 2.4202613 2.0918535 2.6317434 3.1155918 3.0038572 2.7324155 
Adig_XM_015925100.1                               2.3214834 2.3385049 1.2267196 1.2050463 1.2201407 1.4377469 1.6892848 1.4540005 1.3008624 0.9479069 1.2411740 1.0063358 1.0063358 1.0927965 1.1890928 0.2163201 0.2022361 0.1918656 0.1593263 0.0026227 0.0000000 0.2048695 0.4116400 0.4037410 1.1040047 1.1441846 1.1668911 1.2056079 1.3593497 1.0473232 1.0645981 1.1873879 1.1721406 1.1384102 1.2509199 1.3823881 1.0486908 1.0427817 1.0858198 1.8625133 1.9709892 1.7961305 1.8014345 1.8210453 1.8210453 1.8223291 1.7631334 1.4378227 1.8442760 1.9629292 1.8067513 2.0138690 2.3527526 2.3527526 2.0825892 2.3258817 2.1743472 2.1743472 1.8529266 1.8529266 1.9528027 1.9528027 2.3938656 2.3724262 2.5792256 2.4345572 1.8877891 2.1656965 1.8362887 2.0264995 1.6959714 1.8383402 1.9712494 2.2550159 2.1119925 2.6316710 2.8875992 2.0662378 2.2486896 2.4580731 2.1527465 2.3863712 2.0918535 2.6260015 3.1010295 3.0133796 2.7324155 
Gfas_gfas1.m1.4697.m1                             1.7686336 1.7828855 1.3946372 1.3671332 1.3958251 1.4900689 1.7124621 1.4800247 1.3681661 1.0096063 1.2713451 0.8972109 0.8972109 1.1330067 1.2006806 0.2374330 0.2508494 0.2367490 0.1228675 0.2005497 0.2048695 0.0000000 0.4573512 0.4697172 1.1389923 1.1744476 1.2461665 1.2810816 1.4614870 1.0649450 1.0781221 1.2231187 1.2261661 1.2097491 1.2614225 1.4045621 1.1095697 1.1146012 1.1814145 1.6914517 1.7823382 1.5950267 1.6698121 1.6901299 1.6901299 1.6900513 1.6555888 1.3509418 1.8889161 1.7597486 1.6708196 1.8380337 2.2109106 2.2109106 2.0190472 2.1877024 2.0958345 2.0958345 1.7247042 1.7247042 1.8531810 1.8531810 2.2592896 2.3557236 2.5046518 2.4553652 1.9827585 2.0512334 2.0000239 1.9419412 1.7358795 1.8065605 2.0027509 2.2539876 2.1720626 2.8079868 2.9904877 2.1230540 2.2305062 2.6756262 2.3415746 2.3455509 2.2540270 2.8212468 3.3283949 3.0977512 2.7679075 
Exapal_XM_021059070.2                             2.3142392 2.3312048 1.3841871 1.3602919 1.3557051 1.5383736 1.7430527 1.5830420 1.3679528 1.0183062 1.3842317 0.9666990 0.9666990 1.1212040 1.2358755 0.4304754 0.4150923 0.3820923 0.4131802 0.4116400 0.4116400 0.4573512 0.0000000 0.2769131 1.1149742 1.1587730 1.2272747 1.2517386 1.4257763 0.9650432 0.9739731 1.0182796 1.0567318 1.0374413 1.1657630 1.2800446 1.0305245 1.0344101 1.0572462 1.7233205 1.7566534 1.6213914 1.6987778 1.7170058 1.7170058 1.7762593 1.7640710 1.3186833 1.7375915 1.8537834 1.7307606 1.7896004 2.1238314 2.1238314 2.0030502 2.1708071 1.9736836 1.9736836 1.7132436 1.7132436 1.7704483 1.7704483 2.3340649 2.0429960 2.1229943 2.1143998 1.9796060 2.1709209 2.0271893 2.2620073 1.7987625 1.7603949 1.8163783 2.1047447 2.2136818 2.6055297 2.7387929 1.9739504 2.1169521 2.4483883 2.4551605 2.3769596 2.5578588 2.7105672 3.0912827 2.9099652 2.8937065 
Nvec_v1g227127                                    2.5275573 2.5452915 1.2479037 1.2258261 1.2537201 1.4691829 1.7668012 1.5611251 1.3723481 1.0890448 1.3243453 1.0002972 1.0002972 1.1754393 1.3294224 0.4541790 0.4476943 0.3969533 0.3661946 0.4037410 0.4037410 0.4697172 0.2769131 0.0000000 1.2205076 1.2490946 1.2277247 1.2283350 1.4032504 1.0240038 1.0358516 1.1078342 1.1028230 1.0567746 1.1651912 1.2855321 1.0268086 1.0284960 1.0052421 1.7064253 1.7642888 1.6428507 1.7474386 1.7499858 1.7499858 1.8566303 1.8071808 1.4037771 1.8165802 1.9829013 1.7848715 1.9922169 2.2488751 2.2488751 2.0581219 2.2314844 2.0299014 2.0299014 1.7752866 1.7752866 1.8321219 1.8321219 2.3250341 2.2148861 2.5424190 2.2235964 2.0522775 2.2036748 2.2472741 2.1165468 1.8150114 1.7376163 1.8433768 2.1917148 2.0256638 2.7512761 2.9035068 2.0343669 2.1950065 2.5381856 2.2380107 2.3979439 2.2388195 2.7497770 3.2222007 3.0616176 2.7740501 
Hsap_ENST00000219794                              2.0239018 1.9735150 1.2291834 1.2312192 1.2279969 1.3912793 1.6187969 1.4551791 0.8581659 0.6408295 0.8679146 0.6626034 0.6626034 0.7062496 0.7464769 1.0498745 1.0602253 1.1010817 0.8898175 1.1090268 1.1040047 1.1389923 1.1149742 1.2205076 0.0000000 0.7701313 0.7747859 0.7817986 0.8502244 1.1519306 1.2747171 1.3127477 1.3189542 1.2534026 1.4459259 1.5274571 1.3277266 1.3342106 1.3156064 1.8135504 1.9826943 1.7157624 1.8538888 1.8567366 1.8567366 1.7811115 1.7486437 1.3828344 1.9590309 2.0672975 2.0237202 1.7181688 2.3020130 2.3020130 2.1535607 2.3609099 2.3484531 2.3484531 1.9701821 1.9701821 2.0786730 2.0786730 2.4323144 2.3367964 2.4763629 2.3973201 2.0296285 2.1742842 2.1395425 1.9444866 1.8267709 1.6861607 2.0262382 2.1886726 2.1630292 2.4862913 2.4848249 2.0280188 2.0373813 2.3043126 2.0941034 2.6891933 2.3152934 2.5081128 2.6976868 2.8476774 2.8840596 
Ctel_gnl_WGS_AMQN_CAPTEDRAFT_mRNA160347           2.2057160 2.1491700 1.1679813 1.1470431 1.1560356 1.5891154 1.7075444 1.6085039 1.0765690 0.6709190 0.8095027 0.9216852 0.9216852 0.7490858 0.8112077 1.1470574 1.1673254 1.2571976 1.0528124 1.1332554 1.1441846 1.1744476 1.1587730 1.2490946 0.7701313 0.0000000 0.9876516 0.7157652 0.7577549 1.3111401 1.3783029 1.3932169 1.3755242 1.4272319 1.6543366 1.6965765 1.3703505 1.3784684 1.4995577 1.9065368 1.9997909 1.7328661 1.9275258 1.9306583 1.9306583 1.9703232 1.9706812 1.4693169 2.1209100 2.0642258 1.8664571 1.6797188 2.2351937 2.2351937 2.3058224 2.4637194 2.1533514 2.1533514 1.7726596 1.7726596 1.9618485 1.9618485 2.2580682 2.3241823 2.5800931 2.3505332 2.2104180 2.3170559 2.6149703 2.0224936 2.0378714 1.8307027 2.1401337 2.5506504 2.1181578 2.6360333 2.6952851 2.2014580 2.0494822 2.3855958 2.1167844 2.5722198 2.2400323 2.5962190 2.6022492 2.7471011 2.8570006 
Dpul_mRNA28522                                    2.1928472 2.2024470 1.4943513 1.4924122 1.4919853 1.4497197 1.5875615 1.4750029 1.0999333 0.8580919 0.9030224 0.7311025 0.7311025 0.7114943 0.8947222 1.2825534 1.2666729 1.3164462 1.1643391 1.1724933 1.1668911 1.2461665 1.2272747 1.2277247 0.7747859 0.9876516 0.0000000 0.8047146 0.8598158 1.3238498 1.4306157 1.4325249 1.4099825 1.3809069 1.5517908 1.5588709 1.3107027 1.3053343 1.4719218 1.9469886 2.0333194 1.7968085 1.8723095 1.8752418 1.8752418 1.9655541 1.9151447 1.5976038 2.3180383 2.1886764 2.2195223 2.0121502 2.4859600 2.4859600 2.4162356 2.7414125 2.6379543 2.6379543 2.3148598 2.3148598 2.4003371 2.4003371 2.7848060 2.5355596 2.6325365 2.6355918 2.1197147 2.1678382 2.0482444 2.1922554 1.7442687 1.6435593 2.0411571 2.3163109 2.3729000 2.4509698 2.6726523 1.9844162 2.0017842 2.4189693 2.2770672 2.6396264 2.3232379 2.4595086 2.8452413 2.9860703 3.2329159 
Acagra_model.g15141.t1_model.g15142.t1            2.4300212 2.3682517 1.4128761 1.3942404 1.3647909 1.6019486 1.7884268 1.6228101 1.0335840 0.7915927 0.6422195 0.8303859 0.8303859 0.7271542 0.7857434 1.2479988 1.2618616 1.2977490 1.1384422 1.1939919 1.2056079 1.2810816 1.2517386 1.2283350 0.7817986 0.7157652 0.8047146 0.0000000 0.0000010 1.3976255 1.3669988 1.3979643 1.4209254 1.4606462 1.7013369 1.6280585 1.3415484 1.3431669 1.4675417 1.9154365 2.0303230 1.7531369 1.9534619 1.9566191 1.9566191 1.9326187 1.9561614 1.4854687 2.1816532 2.2077375 2.2244139 2.3162233 2.5742448 2.5742448 2.3948885 2.4754100 2.5315761 2.5315761 2.1677239 2.1677239 2.2208925 2.2208925 2.6236115 2.5244331 3.0384458 2.4595145 2.1953807 2.3498922 2.6388325 2.0986649 1.9266919 1.5957570 1.9870848 2.0067956 1.9210740 2.6150345 2.4717203 1.8813541 1.9745889 2.4493775 2.0990523 2.4775850 2.2751097 2.3190973 2.3637435 2.6498113 2.5990966 
Acagra_model.g15141.t1_model.g15142.t1.1.5d400ca6 2.4300212 2.3682517 1.4128761 1.3942404 1.3647909 1.6534130 1.8375702 1.8224901 0.8953433 0.8695167 0.6901779 1.9208024 1.9208024 0.7855829 0.8290737 1.3962806 1.4127467 1.4923833 1.3280725 1.3444295 1.3593497 1.4614870 1.4257763 1.4032504 0.8502244 0.7577549 0.8598158 0.0000010 0.0000000 1.4854898 1.4624692 1.4983733 1.5279277 1.5560884 1.8090466 1.7485145 1.4435238 1.4454612 1.5969375 2.1236833 2.0600603 1.9663706 2.1605281 2.1648731 2.1648731 2.1475293 2.2329833 1.4914632 2.3066511 2.1022932 2.2344371 2.4900933 2.6753725 2.6753725 2.4700364 2.5458793 2.6523378 2.6523378 2.2673834 2.2673834 2.2917997 2.2917997 2.7926925 2.5751956 4.3232633 2.4595145 2.2643493 2.3847314 3.3321058 1.7759844 1.9504871 1.6306558 2.0071516 2.1127121 1.8957182 2.6667056 2.4523051 1.7889184 2.0815450 2.5173991 2.2442103 2.5878618 1.9405075 2.5593437 2.3715881 2.7468186 2.7550911 
Morvir_scaffold62.g23.t1                          2.2547286 2.2712862 1.2629570 1.2545355 1.2356217 1.4504656 1.5844109 1.5353465 1.4182338 1.1674892 1.3550153 1.7108664 1.7108664 1.3486880 1.3448242 1.0233179 1.0270787 1.0444008 0.8930414 1.0473232 1.0473232 1.0649450 0.9650432 1.0240038 1.1519306 1.3111401 1.3238498 1.3976255 1.4854898 0.0000000 0.5674935 0.5053483 0.4934089 0.5241456 0.7533724 0.8608924 1.1773244 1.1838457 1.2358876 2.0083422 1.9253147 1.7765068 1.9274988 1.9305908 1.9305908 1.9845519 2.0599113 1.4694931 1.9056517 2.2829756 2.0800564 2.1286924 2.7021231 2.7021231 2.5812918 2.4785208 2.5736407 2.5736407 2.0907707 2.0907707 2.2230619 2.2230619 2.8945691 2.5193825 2.5589095 2.6386343 2.1231604 2.2109527 3.3006602 2.1358175 2.0755761 2.0162530 2.3697651 2.3152106 2.0964466 2.5435452 2.6810107 2.2726618 2.0689798 2.3237972 2.3897508 2.4875818 2.2522575 2.6499665 3.0706976 2.7451809 2.6678441 
Sanmal_Sma_019155-T1                              2.2409008 2.2593546 1.4801445 1.4703998 1.4586901 1.6241353 1.6842949 1.6558268 1.5428319 1.2532691 1.3950297 1.3259313 1.3259313 1.3088033 1.4145373 1.0266164 1.0458770 1.0860496 0.8731914 1.0645981 1.0645981 1.0781221 0.9739731 1.0358516 1.2747171 1.3783029 1.4306157 1.3669988 1.4624692 0.5674935 0.0000000 0.3586039 0.3586122 0.3154366 0.7099243 0.8954986 1.1704043 1.1740480 1.3136183 2.0423048 1.9778959 1.7689714 1.8952197 1.8982142 1.8982142 2.0510707 2.0869895 1.4665948 1.8916801 2.3381540 1.9782913 1.9720670 2.4743464 2.4743464 2.3688608 2.4770441 2.4008420 2.4008420 1.9701359 1.9701359 2.1722436 2.1722436 2.7270407 2.5245893 2.2980175 2.7319971 2.0892044 2.2152306 2.7324675 2.3184986 2.0383957 1.8776496 2.3566845 2.3641526 2.4545525 2.7107669 2.6613025 2.5496689 2.2932144 2.5945984 2.5625153 2.4798608 2.2740668 2.5651313 3.0132049 2.8715601 2.7738509 
Rhoesc_Res_006384-T1                              2.0250707 1.9713691 1.3303980 1.3215940 1.3108462 1.5656445 1.6486413 1.6595640 1.5516184 1.2526277 1.4521616 1.5086316 1.5086316 1.3898835 1.4751383 1.2408494 1.2362722 1.2273450 1.0634527 1.1873879 1.1873879 1.2231187 1.0182796 1.1078342 1.3127477 1.3932169 1.4325249 1.3979643 1.4983733 0.5053483 0.3586039 0.0000000 0.0544732 0.2222786 0.8061420 0.9482276 1.2575107 1.2589681 1.3534206 1.9575274 1.9937942 1.7369086 1.8674689 1.8703646 1.8703646 1.9124215 1.9708846 1.5473085 1.9489678 2.4603684 2.1366061 2.1033961 2.6309013 2.6309013 2.5698367 2.6348484 2.4705097 2.4705097 2.1149473 2.1149473 2.2592263 2.2592263 2.7544912 2.5028264 2.4178878 2.6081898 2.0842614 2.2949912 3.0253177 2.1433532 2.0412738 1.7887717 2.2557932 2.4041079 2.3440202 2.4304529 2.4665024 2.2575064 2.1769168 2.4343453 2.7593545 2.4886001 2.3716639 2.7694360 2.8611387 2.9893101 2.7873529 
Nemnom_g5171.t1                                   2.1140879 2.0572958 1.3382350 1.3293754 1.3183474 1.5960208 1.7070811 1.6746632 1.5586695 1.2707263 1.4451715 1.4922056 1.4922056 1.4150945 1.4811989 1.2366033 1.2385253 1.2311515 1.0580248 1.1721406 1.1721406 1.2261661 1.0567318 1.1028230 1.3189542 1.3755242 1.4099825 1.4209254 1.5279277 0.4934089 0.3586122 0.0544732 0.0000000 0.2140662 0.8079174 0.9543350 1.2729892 1.2744789 1.3386312 1.9406535 1.9429309 1.7385785 1.8521146 1.8549693 1.8549693 1.9213991 1.9335431 1.5915984 1.9580859 2.4198661 2.0853534 2.1792437 2.6175918 2.6175918 2.5667152 2.6793359 2.4383899 2.4383899 2.0908913 2.0908913 2.2469431 2.2469431 2.7087226 2.4602295 2.3962241 2.5538264 2.0700433 2.2619550 3.0401018 2.2128903 2.0538807 1.8166919 2.2762438 2.4646178 2.3038890 2.4857575 2.5604253 2.2832057 2.1901745 2.4441881 2.7588150 2.4699134 2.3778661 2.7614884 2.8484640 3.0185143 2.7567793 
Aaur_scaffold121.g19.t3                           2.3730603 2.3902257 1.3114484 1.3027205 1.2876401 1.5740884 1.8087759 1.6186713 1.5246203 1.2383738 1.4776365 1.3615411 1.3615411 1.3781243 1.5226404 1.1774369 1.1767315 1.1675983 1.0191799 1.1384102 1.1384102 1.2097491 1.0374413 1.0567746 1.2534026 1.4272319 1.3809069 1.4606462 1.5560884 0.5241456 0.3154366 0.2222786 0.2140662 0.0000000 0.7425013 0.9482174 1.2029206 1.2042622 1.3395806 1.8730844 1.9340758 1.7255704 1.8111587 1.8138522 1.8138522 1.8559061 1.9009490 1.5393618 1.9758930 2.4764299 2.2214302 2.1104319 2.5560528 2.5560528 2.4578686 2.5325243 2.4576713 2.4576713 2.1160684 2.1160684 2.2062598 2.2062598 2.6662775 2.5216616 2.2292856 2.7381158 2.1431634 2.1476985 3.0031499 2.2171879 2.0664243 1.9348126 2.3738124 2.3149054 2.4016550 2.5222851 2.5967401 2.3340278 2.1607296 2.3992409 2.7021909 2.4490330 2.2347192 2.6968450 2.8794372 2.8594628 2.6963530 
Hvul_g33814_1                                     2.8871526 2.9016621 1.4588303 1.4564083 1.4542696 1.6500133 1.8227020 1.5504081 1.6135776 1.3344886 1.6669119 1.8307685 1.8307685 1.5846582 1.5946206 1.1814119 1.1736758 1.2077810 1.0562903 1.2509199 1.2509199 1.2614225 1.1657630 1.1651912 1.4459259 1.6543366 1.5517908 1.7013369 1.8090466 0.7533724 0.7099243 0.8061420 0.8079174 0.7425013 0.0000000 0.9318177 1.4156181 1.4173697 1.4511967 2.2792231 2.3083127 2.0702690 2.2885603 2.2928267 2.2928267 2.3442019 2.3672930 1.7464045 2.2617514 2.3557221 2.0589990 1.9039348 2.5444681 2.5444681 2.3794268 2.5737353 2.4849221 2.4849221 1.9730252 1.9730252 2.1032216 2.1032216 2.7009235 2.5450054 3.0181513 2.4990246 2.2582478 2.5642925 3.0758306 2.1738358 2.2331524 2.0422929 2.4326972 2.3922805 2.3773949 2.8591874 2.8142184 2.5065857 2.3559366 2.4738934 2.7022371 2.7526305 2.4001556 2.5874922 3.0785748 3.2329155 2.7960280 
Chem_TCONS_00022985                               2.6973348 2.7113350 1.6833546 1.6721606 1.7051563 1.6924948 1.8576176 1.7444427 1.7962701 1.4435196 1.5641022 1.9734329 1.9734329 1.6852621 1.6872826 1.3535437 1.3275678 1.3808443 1.2622491 1.3823881 1.3823881 1.4045621 1.2800446 1.2855321 1.5274571 1.6965765 1.5588709 1.6280585 1.7485145 0.8608924 0.8954986 0.9482276 0.9543350 0.9482174 0.9318177 0.0000000 1.3680170 1.3636668 1.4646618 2.3442036 2.3651653 2.1125480 2.3351992 2.3106764 2.3106764 2.3234573 2.4174509 1.8551941 2.3375041 2.8006777 2.4427948 2.4175572 2.9888990 2.9888990 2.8611717 2.6975801 2.8318573 2.8318573 2.4172341 2.4172341 2.3925468 2.3925468 2.8606146 2.6978189 2.5726449 2.8744222 2.0001189 2.3081244 2.9176950 2.6904104 1.9925132 1.9378352 2.4517960 2.2761799 2.3211712 2.7544931 2.9703169 2.5158395 2.3062584 2.4540435 2.5961802 2.5867619 2.5265728 2.6026299 2.7336800 2.7373657 3.0693668 
Dgig_XM_028545071.1                               2.5189737 2.5367450 1.2370748 1.2290248 1.2231975 1.5470783 1.7531685 1.3679195 1.5618122 1.2319409 1.3783700 1.5594488 1.5594488 1.2725866 1.4309605 0.9663028 0.9497473 1.0414375 0.9405209 1.0535718 1.0486908 1.1095697 1.0305245 1.0268086 1.3277266 1.3703505 1.3107027 1.3415484 1.4435238 1.1773244 1.1704043 1.2575107 1.2729892 1.2029206 1.4156181 1.3680170 0.0000000 0.0076519 0.4624493 1.8550927 2.0207836 1.7991648 1.8359825 1.8388017 1.8388017 1.8677183 1.9389134 1.5216752 2.0882921 2.1436393 1.9206046 2.0520986 2.4864156 2.4864156 2.4737844 2.3903124 2.3111660 2.3111660 1.9223134 1.9223134 2.0860231 2.0860231 2.4218699 2.4140657 2.2222196 2.6145541 2.1166916 2.1699379 2.2784574 1.8750551 1.9311194 1.7647874 2.0734761 2.3319989 2.2497227 2.7375516 2.8255638 2.2426486 2.2485583 2.4337954 2.4533703 2.5304441 2.1126318 2.5989762 2.7210688 2.6114928 2.7092497 
Dgig_XM_028544677.1                               2.5189737 2.5367450 1.2310085 1.2229954 1.2173050 1.5532374 1.7496655 1.3897033 1.5696021 1.2348164 1.3800394 1.5594488 1.5594488 1.2741778 1.4280046 0.9689179 0.9522934 1.0446044 0.9376872 1.0476313 1.0427817 1.1146012 1.0344101 1.0284960 1.3342106 1.3784684 1.3053343 1.3431669 1.4454612 1.1838457 1.1740480 1.2589681 1.2744789 1.2042622 1.4173697 1.3636668 0.0076519 0.0000000 0.4628374 1.8312366 1.9895337 1.7742955 1.8122702 1.8150176 1.8150176 1.8437636 1.9090857 1.5253341 2.0792782 2.1288448 1.9067153 2.0698831 2.4973337 2.4973337 2.4611271 2.4315960 2.3458501 2.3458501 1.9260391 1.9260391 2.1197624 2.1197624 2.4131039 2.4157990 2.2222196 2.6169639 2.1306427 2.1484368 2.2784574 1.8986182 1.9393899 1.7371316 2.0757311 2.3424574 2.2427251 2.7158916 2.8409665 2.2136401 2.2913861 2.4212466 2.4310017 2.5068742 2.0597530 2.6256811 2.7221600 2.6072193 2.7281408 
Xesp_004707-T1                                    2.6467664 2.6651678 1.5069730 1.4972877 1.4848643 1.5814281 1.7067553 1.4363132 1.7266049 1.2564559 1.5007961 1.6711171 1.6711171 1.4918196 1.5554682 1.0707757 1.0895622 1.1167375 0.9538050 1.0910359 1.0858198 1.1814145 1.0572462 1.0052421 1.3156064 1.4995577 1.4719218 1.4675417 1.5969375 1.2358876 1.3136183 1.3534206 1.3386312 1.3395806 1.4511967 1.4646618 0.4624493 0.4628374 0.0000000 2.0224532 2.1897739 1.9375322 1.9964086 1.9997863 1.9997863 2.0229722 2.0287975 1.5420725 2.0443497 1.9725712 1.7685669 1.8827234 2.4189651 2.4189651 2.4965121 2.5095505 2.4381018 2.4381018 1.8747148 1.8747148 2.1117967 2.1117967 2.4070082 2.3846690 2.3020240 2.5138776 2.0637486 2.1177237 2.1153861 2.0815900 2.0048059 1.7708478 2.2832029 2.3643669 2.1431538 2.7783280 2.9160020 2.2098266 2.4266511 2.4890155 2.4644718 2.3692289 2.2465102 2.7468799 2.6210107 2.7275102 2.7638812 
HoiH23_PlH23_009918-RA                            3.4836561 3.6130557 1.9679082 1.9439014 1.9910609 2.0530397 2.4193921 1.9506068 2.1373173 1.7746056 2.0108795 1.0628441 1.0628441 1.8392517 1.8849915 1.7350618 1.7491242 1.6616554 1.5975788 1.8625133 1.8625133 1.6914517 1.7233205 1.7064253 1.8135504 1.9065368 1.9469886 1.9154365 2.1236833 2.0083422 2.0423048 1.9575274 1.9406535 1.8730844 2.2792231 2.3442036 1.8550927 1.8312366 2.0224532 0.0000000 0.1118216 0.1840415 0.2008158 0.1941532 0.1941532 0.4685178 0.4616970 2.0976739 2.7668832 2.6469504 2.5118509 2.3035792 2.8619958 2.8619958 2.6602048 2.7740451 2.8129372 2.8129372 2.4215155 2.4215155 2.5759649 2.5759649 2.8206540 2.6717130 2.5701223 2.8147285 2.6545944 2.4202164 2.4516499 2.1375337 2.3869098 2.4196357 2.3906122 2.6817457 2.4346068 2.8720685 3.2745864 2.7231703 2.8767125 2.9265947 2.6813486 2.9274837 2.7104497 3.3116505 2.8920351 2.9892156 3.1960567 
HoiH06_mRNA13205                                  3.4022963 3.5495321 1.9273738 1.9039027 1.9507742 2.1559687 2.2678011 2.0874853 1.9094414 1.9183748 2.1191985 1.5023307 1.5023307 1.9601205 2.0450747 1.8330632 1.8592647 1.7971813 1.8141366 1.9709892 1.9709892 1.7823382 1.7566534 1.7642888 1.9826943 1.9997909 2.0333194 2.0303230 2.0600603 1.9253147 1.9778959 1.9937942 1.9429309 1.9340758 2.3083127 2.3651653 2.0207836 1.9895337 2.1897739 0.1118216 0.0000000 0.2030726 0.2425951 0.2423460 0.2423460 0.4972499 0.4785668 2.1726900 2.8119850 2.4757219 2.4080393 2.3485065 2.8007740 2.8007740 2.6139506 2.7605691 2.8565360 2.8565360 2.4332793 2.4332793 2.6704632 2.6704632 2.9108361 2.6754036 3.5166775 2.6512936 2.6706756 2.5315288 2.9779147 1.8868766 2.4000464 2.7047794 2.4243378 2.7490688 2.5725108 2.9239588 3.2946230 2.8940088 2.9560135 2.8122742 2.9206041 3.1580519 2.2770835 3.5592705 3.1617013 3.3490398 3.4100339 
HoiH11_mRNA665                                    3.0117178 3.1436586 2.0292095 2.0044664 2.0518537 2.1444451 2.2096791 2.0399442 1.9986962 1.6325304 1.9264296 1.1489378 1.1489378 1.7902017 1.8458882 1.6885909 1.6829184 1.5955321 1.6606971 1.7961305 1.7961305 1.5950267 1.6213914 1.6428507 1.7157624 1.7328661 1.7968085 1.7531369 1.9663706 1.7765068 1.7689714 1.7369086 1.7385785 1.7255704 2.0702690 2.1125480 1.7991648 1.7742955 1.9375322 0.1840415 0.2030726 0.0000000 0.2731772 0.2729265 0.2729265 0.4342486 0.3961874 2.0425658 2.6246617 2.7115218 2.6089510 2.3642206 2.6690921 2.6690921 2.4665939 2.7338255 2.7170492 2.7170492 2.5004854 2.5004854 2.6171811 2.6171811 2.8197603 2.5709521 2.6528643 2.6771460 2.4702801 2.4657635 2.2758499 2.1927754 2.2691644 2.5023823 2.3188747 2.7828842 2.5403687 2.8610839 3.2667721 2.8745550 2.6427179 2.8594514 2.8188496 2.8675273 2.7691201 3.1666650 2.8855580 3.1560342 3.1613888 
Hhon_g03946.t1                                    3.2706202 3.3907165 1.9414312 1.9178121 1.9647136 2.0916721 2.3352632 1.9972103 2.1610513 1.7384557 1.9714151 1.1816397 1.1816397 1.9017513 1.8780048 1.7279439 1.7368475 1.6882946 1.5778718 1.8014345 1.8014345 1.6698121 1.6987778 1.7474386 1.8538888 1.9275258 1.8723095 1.9534619 2.1605281 1.9274988 1.8952197 1.8674689 1.8521146 1.8111587 2.2885603 2.3351992 1.8359825 1.8122702 1.9964086 0.2008158 0.2425951 0.2731772 0.0000000 0.0052923 0.0052923 0.4465626 0.4341388 2.0167100 2.6473661 2.7390993 2.5732362 2.3250931 2.9486599 2.9486599 2.8525928 2.8918642 2.9359756 2.9359756 2.4728447 2.4728447 2.6660707 2.6660707 2.9160904 2.7774226 2.4444951 3.0144089 2.7681402 2.4789556 2.5278004 2.3202072 2.5286617 2.4681533 2.3708595 2.9920959 2.6567286 2.8465007 3.2505064 2.7450667 2.6025257 2.9841031 2.9014374 2.9537534 2.9213884 3.3128090 3.0235966 3.0504196 3.3727310 
