130
Lcom_lcpid169194                                         0.0000000 0.6165768 0.5609092 0.6284682 0.6104505 0.6992551 0.7588660 0.7857508 0.8176214 0.7644155 1.6585245 1.6585245 1.7730037 1.6542191 6.7348642 1.3133824 1.3133824 1.3630195 1.3041150 1.3528793 1.5277911 1.4311944 1.7098973 1.5612489 1.4078227 1.3399713 1.4693664 1.6044051 1.2815160 1.5014137 1.4420995 1.6160538 3.1539610 1.5542359 4.7909850 1.5054748 1.4588643 1.3808765 1.3194331 1.3919513 1.7944903 1.3106569 9.0000000 1.3786955 1.4092273 1.6296659 1.4922043 1.5016631 1.3654086 1.6702863 1.6876869 1.4092273 1.4895910 1.5598571 1.3899638 1.2057567 1.2342610 1.1790265 1.2958581 1.1579405 1.2323213 1.2323213 1.1655276 1.1655276 1.1599059 1.2992342 1.2992342 1.2680161 1.2030155 1.3050475 1.2258178 1.1857612 1.1655515 1.1655515 1.0790597 0.0000010 1.2677393 2.1665745 7.8831142 1.2043712 1.2043712 1.2043712 1.3199157 1.3199157 1.3199157 1.0897079 1.0897079 1.4606721 1.4606721 0.7260137 0.8862223 1.0463036 1.0304221 1.2270494 1.1322267 1.0193970 2.8177252 2.8177252 1.9539949 1.9708608 1.7732149 1.2980187 1.5326265 2.3161454 1.5645715 1.5771031 1.8211790 1.5130400 2.4436362 2.0611341 2.0089301 3.1501355 2.0515824 2.1537862 1.6236067 1.6056696 1.9541664 0.0000010 2.0863298 2.1150057 4.8501787 2.9164602 3.0955654 2.2447580 3.6937735 2.4556047 0.0000010 0.0000010 2.3347449 5.5688141 
Salkve_EP00050_Salpingoeca_kvevrii_P006971               0.6165768 0.0000000 0.8897216 1.0558746 1.0700222 0.9396231 0.9525073 0.7924237 0.8962315 0.9001692 1.4718026 1.4726385 1.4038980 1.4394006 0.5917915 1.2483405 1.2483405 0.9816032 1.2313608 1.1696502 1.3009832 1.0857724 1.4832989 1.3559008 1.3447049 1.1764725 1.2035187 1.2201583 1.2143136 1.3400156 1.2690579 1.5070810 1.8306720 1.5488652 5.4436820 1.4264487 1.2741725 1.0381371 0.8801410 1.2698754 1.3867279 1.2771988 1.4604440 1.1720714 1.0515295 1.3926523 1.5984516 1.5612782 1.3465329 1.4650436 1.3665977 0.9675186 1.2120851 1.0931619 1.4835385 1.3608575 1.3190745 1.3317699 1.3505721 1.3017799 1.3081411 1.3081411 1.3303373 1.3396293 1.2873523 1.0716203 1.0716203 1.1391637 1.0098267 1.5130258 1.4928582 1.4685011 1.4855412 1.4855412 1.1184313 1.5530883 1.4756695 1.6750586 1.3359685 1.3408219 1.1330225 1.1065364 1.3891720 1.1444740 1.1127039 1.6947722 1.3639835 1.2264870 1.0856115 1.0147913 1.0145454 1.2296999 1.3043045 1.4513754 1.0919985 0.9598001 1.5944009 1.5944009 1.4988738 1.5806534 1.5513790 1.4675249 1.4373666 1.5720230 1.6148810 1.6957494 1.4860379 1.4932494 2.0296393 1.8877912 1.8274834 1.4551270 1.9288849 2.0333058 1.7809749 1.8541889 1.9856577 1.6413635 1.8743130 2.1482637 1.9139035 2.5881082 2.7857689 1.9596449 2.2744097 2.3634517 2.9420015 2.0823473 3.2649428 2.0964410 
Salurc_EP00051_Salpingoeca_urceolata_P015558             0.5609092 0.8897216 0.0000000 1.0541816 1.0682686 0.8822817 0.9027301 0.7261520 0.9408018 0.8149814 1.6801033 1.6853199 1.6948866 1.6495212 0.8319256 1.1381587 1.1381587 1.0899252 1.1925166 1.2937807 1.2157815 1.2616390 1.5974167 1.4185043 1.2911620 1.1050710 1.1844224 1.1948664 1.2751614 1.2827084 1.4741948 1.5532560 1.6896766 1.5584412 5.0649406 1.2911610 1.2852689 1.3014166 0.9819889 1.2332239 1.4188137 1.3031734 1.2959937 1.1450707 1.1939932 1.3361649 1.6028951 1.5404757 1.1989396 1.4351113 1.4425465 1.0920198 1.3405776 1.2803486 1.4750984 1.3577171 1.3490516 1.3230461 1.3192313 1.2891561 1.3007536 1.3007536 1.2476406 1.2609073 1.2571752 1.1438056 1.1438056 1.2135969 1.0014050 1.4335589 1.5061134 1.5488727 1.5715663 1.5715663 1.3344809 1.7127036 1.4733110 1.8357745 1.4939306 1.4677119 1.2813841 1.3121916 1.5937339 1.3775245 1.4170183 1.6640265 1.2298490 1.3237277 1.2074159 0.9823872 1.0924142 1.1808422 1.0980121 1.2025753 1.0214871 0.9959276 1.6093422 1.6093422 1.6262815 1.5117550 1.5941978 1.2934766 1.3916867 1.5482319 1.5946424 1.4664589 1.3190750 1.2982016 1.8665575 1.6907339 1.6891900 1.3632948 1.6438632 1.8465574 1.6684012 1.7579342 1.9691044 1.5894789 1.7178137 1.7843535 1.8570001 2.4221159 2.5458452 1.9783819 2.1340169 2.0746195 2.9425236 1.9293091 3.4858091 2.0535670 
Acaspe_EP00035_Acanthoeca_spectabilis_P022018            0.6284682 1.0558746 1.0541816 0.0000000 0.1393706 0.4174722 0.5984737 0.8996607 1.1029772 1.1196643 1.8976312 1.9077994 1.8348905 1.7167322 0.8389657 1.3049370 1.3049370 1.2745867 1.3261662 1.3502470 1.3928709 1.3091498 1.6644198 1.5500413 1.4124429 1.4309791 1.4408818 1.4887421 1.4588947 1.6565864 1.5988641 1.8263951 2.1236579 1.8241882 5.4828768 1.5204395 1.4645588 1.3630203 1.2600386 1.5241563 1.6133110 1.4269158 1.4815281 1.3574069 1.3661530 1.6677501 1.6445042 1.6039088 1.2113054 1.4811596 1.4778784 1.1641336 1.5533483 1.3755272 1.5424551 1.3836121 1.4054160 1.4391038 1.3570331 1.5233751 1.5241714 1.5241714 1.5365606 1.5428164 1.5875876 1.4712989 1.4712989 1.4523701 1.2467336 1.8171145 1.8608026 1.8859744 1.9480395 1.9480395 1.5444840 1.9363160 1.7157927 2.0937537 1.7804717 1.7854149 1.6383247 1.6267199 1.9151513 1.7538939 1.7389424 1.9501665 1.5173597 1.4151214 1.2486402 1.2206759 0.8919684 1.3120483 1.2711941 1.3217262 1.4061879 1.3117774 1.7313065 1.7313065 1.6306499 1.5931400 1.7781940 1.4658408 1.4363600 1.5811687 1.6894511 1.8816262 1.4056062 1.2291669 2.0261050 1.9161002 1.7648004 1.6299114 2.0747091 2.0534648 1.8093801 2.0385584 2.0681518 1.8752670 1.9725519 2.1782465 1.8788478 2.5980420 2.6451488 2.2968538 2.6025053 2.4940334 2.2068397 2.7805627 3.1084881 2.1202348 
Helnan_EP00037_Helgoeca_nana_P032782                     0.6104505 1.0700222 1.0682686 0.1393706 0.0000000 0.4276542 0.6182091 0.8935369 1.0970140 1.1473028 1.8129770 1.8227276 1.7744316 1.7292977 0.9287854 1.3557728 1.3557728 1.3366799 1.3475192 1.3435711 1.4065561 1.3106974 1.6773619 1.5246347 1.4135373 1.4162373 1.4834029 1.5135154 1.4504153 1.6277118 1.6382704 1.8902193 2.1218883 1.8069000 6.0597407 1.5295762 1.5420353 1.4212166 1.3656778 1.6041710 1.6988126 1.5310766 1.6554225 1.4556908 1.4350701 1.7849726 1.5421497 1.5009054 1.1836099 1.5185981 1.4820218 1.2494872 1.5775227 1.4222792 1.6397222 1.4666734 1.4715743 1.4889942 1.3768698 1.5627537 1.5801195 1.5801195 1.5478720 1.5542211 1.6391511 1.3875732 1.3875732 1.3813738 1.2053224 1.8239459 1.8161806 1.8792122 1.9386765 1.9386765 1.4540643 1.9903382 1.7249663 2.1817309 1.9060927 1.7546439 1.5827849 1.5951828 1.8941755 1.7014919 1.7167154 1.9527339 1.5481471 1.5169484 1.3752533 1.2460785 0.9008319 1.3485233 1.2803248 1.2608945 1.4354478 1.3285525 1.7761431 1.7761431 1.6150765 1.6281174 1.7767354 1.4826496 1.4068350 1.6022200 1.6428439 1.8641872 1.3317835 1.3669897 1.9878241 1.8800173 1.7571306 1.6318807 1.9912403 1.9924735 1.8742032 2.0320198 2.1425106 1.8948821 1.9519948 2.1640279 2.0743341 2.6087376 2.5885319 2.2596400 2.5709957 2.4198183 2.1432664 2.8255368 3.1606741 2.1864716 
Stedip_EP00041_Stephanoeca_diplocostata_P018864          0.6992551 0.9396231 0.8822817 0.4174722 0.4276542 0.0000000 0.4373664 0.8186262 1.0277111 1.0644910 1.7393761 1.7398680 1.8044887 1.6439222 0.7591683 1.2306438 1.2306438 1.2187597 1.3141183 1.2818060 1.3812497 1.2520125 1.6110233 1.6398665 1.3659837 1.2810658 1.3963574 1.3383858 1.3681463 1.4234231 1.5990205 1.7671640 2.0242300 1.6973880 5.3710378 1.5010964 1.5052281 1.3331335 1.2000935 1.5271685 1.6028290 1.5527169 1.6964491 1.3812450 1.2950833 1.7883746 1.5707587 1.5192831 1.5321127 1.4295356 1.4251393 1.1286935 1.5205707 1.2844361 1.5556002 1.4172364 1.4075246 1.4024271 1.3513693 1.4532841 1.4572554 1.4572554 1.4386386 1.4550639 1.4574956 1.2996729 1.2996729 1.3597964 1.1695740 1.6927194 1.7616886 1.7461932 1.7871488 1.7871488 1.3465301 1.7161378 1.6099742 1.9085350 1.6049957 1.6419542 1.4074050 1.4137700 1.7546037 1.4820248 1.4897076 1.9542027 1.6367996 1.4804807 1.3230350 1.1679039 0.7572946 1.3043830 1.3323498 1.3723151 1.3079098 1.2319568 1.5955481 1.5955481 1.6120029 1.5270234 1.6806069 1.3644494 1.4774225 1.6613435 1.5609362 1.5517263 1.3464584 1.3081343 1.8057288 1.6797428 1.6405231 1.3999583 1.8716489 1.9300443 1.7896360 1.8734213 1.8133361 1.5310725 1.7233389 1.9532010 1.9971620 2.4845231 2.6290367 2.1306056 2.4695976 2.1384918 2.6568227 2.6159837 2.9322617 1.8697615 
Diagra_EP00040_Diaphanoeca_grandis_P037047               0.7588660 0.9525073 0.9027301 0.5984737 0.6182091 0.4373664 0.0000000 0.9638025 0.9827833 1.0104943 1.6804078 1.6856447 1.6244949 1.4705284 0.7103504 1.1831817 1.1831817 1.0775631 1.1810808 1.2532295 1.3122607 1.1853173 1.5898262 1.4192028 1.1679125 1.1965281 1.2625913 1.2351762 1.2128026 1.4290667 1.4699209 1.6852757 1.8000498 1.5929559 5.6368903 1.3865753 1.3998327 1.3661431 1.2137682 1.4517971 1.5473990 1.4672574 1.5327244 1.2196508 1.2633212 1.6356509 1.5310285 1.4972468 1.8639072 1.4176703 1.4247774 1.1714963 1.3502525 1.2631395 1.4385068 1.3275520 1.3285799 1.2831216 1.1725979 1.2656816 1.3093958 1.3093958 1.2661130 1.2796548 1.2921337 1.2300138 1.2300138 1.3387974 1.0939526 1.6122803 1.6967602 1.7129767 1.7569810 1.7569810 1.3644578 1.8031170 1.6367933 1.9049506 1.5501298 1.5789838 1.4354698 1.3878405 1.6692274 1.5038192 1.4454148 1.8270786 1.3621786 1.3466645 1.2149516 1.1245223 0.7529557 1.2651699 1.2859042 1.3112581 1.2867895 0.9846198 1.6582818 1.6582818 1.6319504 1.6073649 1.6520925 1.3995248 1.4277011 1.5877037 1.5616694 1.4748390 1.3528233 1.5133193 1.7754111 1.6451022 1.6220733 1.4521743 1.7723081 1.7541895 1.7056157 1.9102275 1.7531514 1.7004667 1.7716764 1.8881519 1.9535358 2.3358031 2.3492208 2.1498067 2.4433120 2.2087231 2.3218298 2.4201322 2.7595911 1.9481672 
Lcom_lcpid225104                                         0.7857508 0.7924237 0.7261520 0.8996607 0.8935369 0.8186262 0.9638025 0.0000000 0.5850270 0.8316367 1.5639404 1.5639404 1.5871925 1.6572838 1.8635592 1.1542567 1.1542567 1.2454632 1.2736869 1.2951438 1.2900199 1.2298892 1.6582069 1.2130846 1.2921938 1.2227490 1.3478900 1.3081183 1.2240800 1.5020404 1.3740601 1.3998409 1.7618863 1.2764339 3.8141174 1.3385587 1.2633520 1.1046914 1.3072300 1.3523137 1.3059411 1.1894869 1.6625668 1.3002827 1.3426998 1.2277328 1.3178305 1.2767513 1.7009859 1.6951454 1.6551080 1.3426998 1.3048722 1.3699557 1.3347308 1.2744503 1.1943544 1.2188293 1.2167077 1.1026507 1.0934498 1.0934498 1.1084056 1.1084056 1.1084056 1.4098877 1.4098877 1.5192194 1.4103029 1.4732104 1.4578916 1.4063899 1.3912548 1.3912548 1.6386969 1.5737990 1.4122507 2.1978558 1.3388751 1.3591811 1.3591811 1.3591811 1.2498995 1.2498995 1.2498995 1.5505676 1.3979366 1.3798615 1.3798615 0.9755535 0.9189264 0.9792110 0.8175803 0.9704377 1.0879503 0.9831410 1.4600291 1.4600291 1.5865498 1.5040312 1.6623343 1.0987753 1.0251372 1.2347198 1.3764047 1.2860935 1.7328081 1.3669427 1.8058094 1.8058094 1.7721737 2.3530323 1.9281162 2.0910311 1.6817520 1.5289721 1.6141771 0.0000010 1.6681336 2.5158447 9.0000000 2.1240031 2.2564641 2.1625807 2.4292910 2.1739675 0.0000010 0.0000010 2.2957941 2.5117217 
Saldol_EP00054_Salpingoeca_dolichothecata_P029932        0.8176214 0.8962315 0.9408018 1.1029772 1.0970140 1.0277111 0.9827833 0.5850270 0.0000000 1.0183009 1.6777205 1.6870257 1.6422706 1.5628349 0.8861445 1.3662992 1.3662992 1.0979294 1.2331850 1.2461508 1.2973085 1.1883839 1.6628826 1.3904587 1.3265909 1.2855563 1.3088657 1.3458450 1.3084104 1.5379973 1.3636849 1.5344985 1.8674933 1.6120971 5.3661319 1.5122637 1.4482671 1.1897122 1.0654677 1.4074504 1.5293024 1.4371605 1.5604241 1.2924562 1.2380398 1.5372660 1.6280061 1.5935838 1.8316757 1.4848526 1.4779738 1.1865635 1.2915018 1.3082804 1.5238982 1.3866773 1.3411898 1.4061119 1.3776713 1.2438391 1.2475754 1.2475754 1.2541205 1.2625571 1.2355849 1.2398176 1.2398176 1.3404339 1.1853446 1.6877700 1.5954854 1.6752875 1.7119815 1.7119815 1.3357267 1.8389129 1.6532900 1.9941563 1.5898665 1.6100190 1.4148992 1.4225027 1.6569273 1.4260017 1.4353214 1.8254494 1.3763930 1.2535974 1.1312653 1.0814133 1.1639109 1.1952871 1.0723370 1.2569015 1.1553864 1.0282755 1.6190710 1.6190710 1.5627346 1.6053975 1.6181264 1.4311539 1.3981217 1.4172065 1.4594184 1.5122664 1.4107001 1.2742283 1.7833033 1.6985709 1.6768808 1.4827049 1.8394980 1.8824043 1.7005923 1.6735349 1.8593477 1.7208676 1.5369665 1.9582991 1.8438551 2.3051556 2.5001318 1.8263025 1.9074522 2.0015831 2.9440034 1.9319433 3.1059925 2.1000354 
Salpun_EP00053_Salpingoeca_punica_P008627                0.7644155 0.9001692 0.8149814 1.1196643 1.1473028 1.0644910 1.0104943 0.8316367 1.0183009 0.0000000 1.6293501 1.6344640 1.5130282 1.5279200 0.6628160 1.2076121 1.2076121 1.0336503 1.2034359 1.2840100 1.2108071 1.1757743 1.3207775 1.4819429 1.2521158 1.1715176 1.2574117 1.2455426 1.2726186 1.3305907 1.4738574 1.5435481 1.8823925 1.6115525 4.6597287 1.4039556 1.2295844 1.1560248 1.0027057 1.2622152 1.3512588 1.2846498 1.4164841 1.2279640 1.2069544 1.4416269 1.4050709 1.3811280 1.5516622 1.2631714 1.3237449 1.0614455 1.3309177 1.1874435 1.4052693 1.3605273 1.3541985 1.3931825 1.2763628 1.2852370 1.2994432 1.2994432 1.2597455 1.2720356 1.3190238 1.1761876 1.1761876 1.2377812 1.1231649 1.6190029 1.6083703 1.6067562 1.6085184 1.6085184 1.3756144 1.8968266 1.6038260 2.1071384 1.6892457 1.4633070 1.2938433 1.2767006 1.6497779 1.4557000 1.4364256 1.8751851 1.3982341 1.2560513 1.1666174 1.1559047 1.0365069 1.3215132 1.2013581 1.1604179 0.8131516 0.9877191 1.5613372 1.5613372 1.4757290 1.4443510 1.4459326 1.3723084 1.4626566 1.5626805 1.6423958 1.3662219 1.4001463 1.2820195 1.8640118 1.7011729 1.6079545 1.3569689 1.6930314 1.8927680 1.6869444 1.7527126 1.9473616 1.5401381 1.7590892 1.9533611 2.0914533 2.2967272 2.4422643 1.8478937 2.0751661 1.9984352 2.2592051 1.7682905 2.9299100 1.8732032 
Emue_Em0020g147a.t1                                      1.6585245 1.4718026 1.6801033 1.8976312 1.8129770 1.7393761 1.6804078 1.5639404 1.6777205 1.6293501 0.0000000 0.0025267 0.2010874 0.6329286 0.3171583 1.3126790 1.3126790 1.0453281 1.1961070 1.2345135 1.2503465 1.1766378 1.2945235 1.3664032 1.2632715 1.1600408 1.1738330 1.3571160 1.3960582 1.3673205 0.7990120 0.9613585 1.3100254 1.0031334 5.2571434 1.4410492 1.4728826 1.2857186 1.0636533 1.4278254 1.5529058 1.4349925 1.6312305 1.3276814 1.1352196 1.6726403 1.5146613 1.5014610 1.2328884 1.4955452 1.6289063 1.0935272 1.3154089 1.1884136 1.4095506 1.2789029 1.2826286 1.2520482 1.2653827 1.3060445 1.3084797 1.3084797 1.2631146 1.2799604 1.3036642 1.2255547 1.2255547 1.2690553 1.1366056 1.7499876 1.5828699 1.5722552 1.5889240 1.5889240 1.3266673 1.7337785 1.6568741 2.0342447 1.5063189 1.4964940 1.2171368 1.2790475 1.5865278 1.2569805 1.3335819 2.0811185 1.5185895 1.3512450 1.2127063 1.8101265 1.8466896 1.6511407 1.7869587 1.8470819 1.8259194 1.8570496 1.5181108 1.5181108 1.4147606 1.5284776 1.6622079 1.8920129 1.9508235 1.8858561 1.9444293 2.0378833 1.7674282 1.9414963 2.4183781 2.2501165 2.2201578 1.8152392 2.3143215 2.1808016 1.8963564 2.2198280 2.4639769 1.8982341 2.1151049 2.2917733 1.8376243 2.7002449 2.7682286 2.5709041 2.8953023 2.4930161 2.6040738 2.8997734 2.9800133 2.2449443 
Emue_Em0020g141a.t1                                      1.6585245 1.4726385 1.6853199 1.9077994 1.8227276 1.7398680 1.6856447 1.5639404 1.6870257 1.6344640 0.0025267 0.0000000 0.1976745 0.6378002 0.3171583 1.3202946 1.3202946 1.0453281 1.1968253 1.2345135 1.2507594 1.1766378 1.2945235 1.3684293 1.2675334 1.1604387 1.1810470 1.3575491 1.3964833 1.3752425 0.8044118 0.9672795 1.3196214 1.0091436 5.2786439 1.4456767 1.4728874 1.2857186 1.0636533 1.4278166 1.5529323 1.4349866 1.6313081 1.3308540 1.1352196 1.6727165 1.5151156 1.5019125 1.2328884 1.5003401 1.6328188 1.0935272 1.3161572 1.1884136 1.4103294 1.2796345 1.2825780 1.2527656 1.2653269 1.3067970 1.3062053 1.3062053 1.2638481 1.2807020 1.3044119 1.2255547 1.2255547 1.2690553 1.1366056 1.7551795 1.5877830 1.5771960 1.5941290 1.5941290 1.3266673 1.7354247 1.6577996 2.0358539 1.5078270 1.5013247 1.2171368 1.2790475 1.5923039 1.2569805 1.3335819 2.0811185 1.5185895 1.3520102 1.2127063 1.8076863 1.8467911 1.6520781 1.7879502 1.8446305 1.8296643 1.8627105 1.5239057 1.5239057 1.4193931 1.5333124 1.6711221 1.8894210 1.9518563 1.8870909 1.9449811 2.0437484 1.7674282 1.9414963 2.4155812 2.2474447 2.2207799 1.8152392 2.3263024 2.1814269 1.8969209 2.2258193 2.4642369 1.8984455 2.1264898 2.2924150 1.8487510 2.7151959 2.7831007 2.5757737 2.9018860 2.5061038 2.6064966 2.9346716 2.9750563 2.2530418 
Spolac_c101767_g1_i2_m.26718c101767-g1                   1.7730037 1.4038980 1.6948866 1.8348905 1.7744316 1.8044887 1.6244949 1.5871925 1.6422706 1.5130282 0.2010874 0.1976745 0.0000000 0.6052104 0.2819584 1.2476191 1.2476191 1.0075825 1.2207532 1.2016393 1.2868669 1.1146648 1.2776213 1.3247709 1.3325237 1.1618812 1.2027621 1.2868983 1.3450852 1.4503628 0.8313040 0.9969242 1.3442825 1.0448696 6.2721500 1.4780520 1.4513101 1.2838560 1.0000818 1.4723304 1.5614335 1.4486427 1.6612873 1.3224933 1.1045135 1.6934636 1.5185874 1.5026898 1.0445581 1.4940945 1.5510272 1.0302640 1.3531577 1.1283971 1.3446858 1.2352315 1.2629830 1.2638523 1.1907242 1.2951650 1.2754800 1.2754800 1.2646353 1.2815553 1.2616597 1.2291522 1.2291522 1.2831920 1.1337002 1.7925772 1.7414023 1.7151831 1.7352988 1.7352988 1.4262898 2.0008419 1.7788345 2.3221253 1.8355947 1.6162498 1.2673177 1.3275510 1.7275545 1.3144328 1.3894279 2.1052461 1.6428049 1.3773875 1.1904110 1.8422656 1.8789310 1.6632493 1.7468163 1.8994434 1.8938405 1.8493702 1.4655353 1.4655353 1.3801140 1.5394018 1.6264799 1.7611118 1.9243742 1.9411486 2.0188200 2.1802202 1.6118546 1.8359966 2.5421401 2.2562134 2.2090751 1.8841881 2.2724082 2.0660613 1.9165452 2.2811036 2.4067127 2.0943546 1.9998013 2.3932802 1.8898706 2.7155206 2.6816963 2.5386581 3.0157699 2.4978962 2.6894211 2.9787660 3.0540857 2.2506225 
Tetwil_g10812.t1                                         1.6542191 1.4394006 1.6495212 1.7167322 1.7292977 1.6439222 1.4705284 1.6572838 1.5628349 1.5279200 0.6329286 0.6378002 0.6052104 0.0000000 0.1698071 1.1222772 1.1222772 0.8046882 1.1644944 1.1175064 1.2085996 1.0479564 1.1927212 1.2296921 1.2115340 1.0628155 1.1373353 1.1444007 1.2421611 1.3109481 0.6986214 0.7901928 1.1910478 0.9105688 6.1721680 1.3551545 1.2405606 1.1445106 0.8949779 1.3094498 1.3821188 1.2585986 1.4218949 1.1516617 0.8927104 1.5421230 1.3823661 1.3704258 0.8466411 1.2612081 1.3885901 0.8036460 1.2753340 1.0429984 1.1782837 1.1566365 1.1727796 1.1556537 1.0467322 1.1673479 1.1520318 1.1520318 1.1600761 1.1729528 1.1657884 1.0722042 1.0722042 1.1186183 0.9603553 1.5629867 1.4667618 1.4885455 1.5142906 1.5142906 1.2870995 1.6474457 1.4800481 1.9225040 1.4938451 1.4254342 1.1438578 1.1854220 1.5838642 1.2479981 1.3029471 1.9930321 1.4912125 1.2132924 0.9954248 1.7087288 1.6923794 1.7282782 1.6805214 1.7917216 1.8446249 1.7872042 1.4453387 1.4453387 1.3935615 1.5537010 1.5438126 1.7699082 1.8506135 1.8248331 1.7460361 1.7954503 1.5491407 1.6618035 2.2596808 2.0565454 1.9954507 1.6854921 2.0336527 1.9710965 1.8928823 2.1629364 2.1682353 1.9255327 1.9405187 2.2712513 1.8450400 2.6756985 2.7957258 2.4578474 2.8608197 2.3931674 2.7037299 2.5227258 2.7631938 2.1702287 
Stycar_maker-SC_scaffold6732-augustus-gene-0.2-mRNA-1    6.7348642 0.5917915 0.8319256 0.8389657 0.9287854 0.7591683 0.7103504 1.8635592 0.8861445 0.6628160 0.3171583 0.3171583 0.2819584 0.1698071 0.0000000 0.5926871 0.5926871 0.5217646 0.4426122 0.7002715 0.4767236 0.6516657 0.0000010 0.5423060 0.4991926 0.4911645 0.5606543 0.5737824 0.5968663 0.5617993 0.4369849 0.5222263 0.5554889 0.5554889 4.5295165 0.7902413 0.6736124 1.5991480 0.7147911 0.8414473 0.7054568 0.6533055 0.5031234 0.7475435 0.6542665 0.6344114 0.8790960 0.8698993 0.0000010 0.8195514 1.0016920 0.7717917 0.6971047 0.7396979 0.8263302 0.8363935 0.8332726 0.8035065 0.6786760 0.6902071 0.6853345 0.6853345 0.6860865 0.6927416 0.6762171 0.9290288 0.9290288 0.9480626 0.8251045 0.9730448 0.9181938 0.9640861 0.9422443 0.9422443 0.9516068 0.6172486 0.9087958 0.7206935 0.5762994 0.9876837 0.9876837 0.9876837 0.9876837 0.9876837 0.9876837 3.4487064 2.5088489 0.5923266 0.5923266 0.9095199 0.7603769 0.8471434 0.8606505 0.8144543 0.6241473 0.7751397 0.4761739 0.4761739 0.6473481 0.7932874 0.8459291 0.8158638 0.8335091 0.9120938 0.9236949 0.7458476 0.9442948 0.9765640 0.7639804 0.7639804 0.7963821 0.7639804 0.9860836 0.8678511 0.8800927 0.7437490 0.9572234 0.3446845 0.8545698 1.1688726 0.4792081 1.9407376 1.9400958 1.4758496 1.4758496 1.0334368 0.0000010 0.1426523 1.2884892 0.8411538 
Bralan_BLAG09000951_1                                    1.3133824 1.2483405 1.1381587 1.3049370 1.3557728 1.2306438 1.1831817 1.1542567 1.3662992 1.2076121 1.3126790 1.3202946 1.2476191 1.1222772 0.5926871 0.0000000 0.0000010 0.3929329 0.3581682 0.4330233 0.4711986 0.4849587 0.5906385 0.6339044 0.4363057 0.4812973 0.5328965 0.5584319 0.4798648 0.6637341 1.1275555 1.1884281 1.4273106 1.2628268 4.7085859 0.7857476 0.6712258 0.7213384 0.6016441 0.7003731 0.7145530 0.5986388 0.6992776 0.6491627 0.5882620 0.8049517 0.8513066 0.8077920 0.9623096 0.8204028 0.8644944 0.5874813 0.7052355 0.6413277 0.7891380 0.7411952 0.6943116 0.6874207 0.6050285 0.7719871 0.7521383 0.7521383 0.7671137 0.7767211 0.7420444 0.7947280 0.7947280 0.8311213 0.7544677 1.0713419 1.0864484 1.0681679 1.0874151 1.0874151 0.7685419 1.2549648 1.0901525 1.2972262 1.0739960 1.0598581 0.8869932 0.9344513 1.1419279 0.9378773 0.9989091 1.2992128 0.9171661 0.7051292 0.6545900 1.4024168 1.3317652 1.4972160 1.4758245 1.5132852 1.3659540 1.3049441 1.2446726 1.2446726 1.1658034 1.1399026 1.2309462 1.4974694 1.5459626 1.7549590 1.5698633 1.3968938 1.3194874 1.3215204 1.8560839 1.7451500 1.6011151 1.5494990 1.6475276 1.6230663 1.6154924 1.7528340 1.9552917 1.1759340 1.6094930 1.7585900 1.2460944 2.4652429 2.5204898 1.9548354 2.1561027 2.1994055 1.2267180 1.9752597 2.5405657 1.8605571 
Bralan_BLAG09000975_1                                    1.3133824 1.2483405 1.1381587 1.3049370 1.3557728 1.2306438 1.1831817 1.1542567 1.3662992 1.2076121 1.3126790 1.3202946 1.2476191 1.1222772 0.5926871 0.0000010 0.0000000 0.3929329 0.3581682 0.4330233 0.4711986 0.4849587 0.5906385 0.6339044 0.4363057 0.4812973 0.5328965 0.5584319 0.4798648 0.6637341 1.1275555 1.1884281 1.4273106 1.2628268 4.7085859 0.7857476 0.6712258 0.7213384 0.6016441 0.7003731 0.7145530 0.5986388 0.6992776 0.6491627 0.5882620 0.8049517 0.8513066 0.8077920 0.9623096 0.8204028 0.8644944 0.5874813 0.7052355 0.6413277 0.7891380 0.7411952 0.6943116 0.6874207 0.6050285 0.7719871 0.7521383 0.7521383 0.7671137 0.7767211 0.7420444 0.7947280 0.7947280 0.8311213 0.7544677 1.0713419 1.0864484 1.0681679 1.0874151 1.0874151 0.7685419 1.2549648 1.0901525 1.2972262 1.0739960 1.0598581 0.8869932 0.9344513 1.1419279 0.9378773 0.9989091 1.2992128 0.9171661 0.7051292 0.6545900 1.4024168 1.3317652 1.4972160 1.4758245 1.5132852 1.3659540 1.3049441 1.2446726 1.2446726 1.1658034 1.1399026 1.2309462 1.4974694 1.5459626 1.7549590 1.5698633 1.3968938 1.3194874 1.3215204 1.8560839 1.7451500 1.6011151 1.5494990 1.6475276 1.6230663 1.6154924 1.7528340 1.9552917 1.1759340 1.6094930 1.7585900 1.2460944 2.4652429 2.5204898 1.9548354 2.1561027 2.1994055 1.2267180 1.9752597 2.5405657 1.8605571 
Acagra_model.g5221.t1                                    1.3630195 0.9816032 1.0899252 1.2745867 1.3366799 1.2187597 1.0775631 1.2454632 1.0979294 1.0336503 1.0453281 1.0453281 1.0075825 0.8046882 0.5217646 0.3929329 0.3929329 0.0000000 0.2802153 0.2796698 0.2453679 0.3846338 0.4794485 0.3438850 0.3609966 0.3831014 0.4222987 0.4767750 0.3847281 0.6082546 0.7846265 0.8748347 0.9176130 0.8407418 3.6862637 0.7874668 0.5861306 0.6700785 0.5338032 0.6682787 0.6603579 0.5663531 0.4797052 0.6371839 0.5248591 0.7086007 0.8684270 0.8332723 1.2049298 0.8037226 0.8599110 0.5921387 0.5835251 0.7130303 0.8786303 0.6743896 0.6951227 0.7211087 0.6210503 0.5841027 0.5742399 0.5742399 0.5906164 0.5948200 0.5965104 0.9603814 0.9603814 0.9669508 0.9124810 0.9613908 0.9150720 0.9098845 0.9187243 0.9187243 0.7343118 0.7709349 0.9742966 0.8927796 0.7830506 0.9399715 0.9399715 0.9399715 0.9573369 0.9573369 0.9573369 1.5669343 1.0588932 0.6858990 0.6858990 1.1127104 1.0905927 1.2860489 1.2721427 1.2477358 1.1314599 1.1465753 1.0856939 1.0856939 1.0356469 1.0229688 0.9854900 1.4101665 1.2885661 1.3725032 1.3732393 1.3789986 1.5088008 1.4352994 1.6833267 1.5068176 1.5285043 1.6195755 1.4566383 1.5225741 1.3223388 1.4009093 1.5855089 0.9823887 1.4330873 1.4895326 0.9280129 2.1228170 2.1884615 1.7730115 1.8500603 1.9065283 0.8209024 1.4716766 2.3527970 1.9087344 
Cscu_XM_023367198.1                                      1.3041150 1.2313608 1.1925166 1.3261662 1.3475192 1.3141183 1.1810808 1.2736869 1.2331850 1.2034359 1.1961070 1.1968253 1.2207532 1.1644944 0.4426122 0.3581682 0.3581682 0.2802153 0.0000000 0.2974292 0.3359798 0.2696586 0.3330862 0.4076055 0.3981263 0.3636599 0.4310429 0.4847211 0.5146428 0.6556919 1.0638174 1.1668326 1.3549980 1.1804907 4.1037934 0.8098325 0.6270838 0.6292142 0.5402171 0.6919210 0.7115650 0.6094673 0.6517507 0.6299048 0.5634719 0.7663278 0.8630333 0.8305634 1.0641150 0.8563268 0.8811926 0.6059545 0.7037399 0.7096844 0.8097553 0.7049277 0.7109547 0.7187389 0.6359656 0.6456207 0.6334535 0.6334535 0.6353185 0.6433419 0.6507607 0.8697177 0.8697177 0.8956267 0.8574627 1.1117471 1.0842157 1.0729382 1.0777860 1.0777860 0.8169751 1.0926063 1.1178512 1.3198081 1.1011858 1.0575247 0.9324024 0.9427154 1.1334858 0.9898546 1.0040023 1.6141071 1.1008329 0.7228088 0.7388323 1.3910116 1.2487341 1.5355677 1.4496510 1.4961027 1.4371997 1.2597825 1.2393107 1.2393107 1.2779973 1.1057437 1.2531060 1.5594447 1.5578396 1.6567557 1.4273523 1.5352551 1.3033501 1.2838928 1.7127640 1.6425785 1.6930452 1.5600076 1.6617143 1.8165519 1.5204792 1.7704614 1.8599004 1.4320398 1.5730745 1.6975077 1.3187283 2.4415939 2.2831016 1.9698217 2.1380366 2.1848284 0.9361765 2.0879606 2.7288860 1.8661277 
Ctel_gnl_WGS_AMQN_CAPTEDRAFT_mRNA163136                  1.3528793 1.1696502 1.2937807 1.3502470 1.3435711 1.2818060 1.2532295 1.2951438 1.2461508 1.2840100 1.2345135 1.2345135 1.2016393 1.1175064 0.7002715 0.4330233 0.4330233 0.2796698 0.2974292 0.0000000 0.3266832 0.3827655 0.3027310 0.4023668 0.4690721 0.4670040 0.5037736 0.5885457 0.4659260 0.6128636 1.0205023 1.1134655 1.2144210 1.1068166 3.9136121 0.8125129 0.6753059 0.6207110 0.5751590 0.7662172 0.7959647 0.6646815 0.7046503 0.6733379 0.6032993 0.8834080 0.9285425 0.8813705 1.2012906 0.8591171 1.0012830 0.6379399 0.7161191 0.7419591 0.8520816 0.7468545 0.7048837 0.7160020 0.6391687 0.7211516 0.7028655 0.7028655 0.6985742 0.7026995 0.7061151 0.9935457 0.9935457 1.0259993 0.9756535 1.1901662 1.1733373 1.1521097 1.1947760 1.1947760 0.8743600 1.1288187 1.2023762 1.2244068 0.9620524 1.1271995 1.0255804 1.0280487 1.1752743 1.0546263 1.0584949 1.8131065 1.2084463 0.7638810 0.7529762 1.3947484 1.3223355 1.5258942 1.5024641 1.5167832 1.3669499 1.3028239 1.3015953 1.3015953 1.2271769 1.0990850 1.1245560 1.5444176 1.5476722 1.6275914 1.4484157 1.5715064 1.4838196 1.4457196 1.8004455 1.6654812 1.7259719 1.7992429 1.7054946 1.8193410 1.5521666 1.8626297 1.9115924 1.3532403 1.5211469 1.7486266 1.4169920 2.1359692 2.1599805 1.8532604 2.0254022 2.0545517 1.1990005 2.0809850 2.7242461 1.9615930 
Cgig_XM_011438141.3                                      1.5277911 1.3009832 1.2157815 1.3928709 1.4065561 1.3812497 1.3122607 1.2900199 1.2973085 1.2108071 1.2503465 1.2507594 1.2868669 1.2085996 0.4767236 0.4711986 0.4711986 0.2453679 0.3359798 0.3266832 0.0000000 0.4406850 0.4935253 0.5425120 0.4364126 0.4318159 0.5332557 0.5363928 0.5162000 0.6671270 1.1273269 1.1710961 1.3661436 1.2031676 4.4187222 0.8750398 0.7139639 0.7704996 0.6280273 0.8131365 0.7896604 0.7096819 0.6990874 0.7225587 0.6347868 0.8966228 0.9096825 0.8914915 1.3237531 0.9152466 0.9210976 0.6651562 0.7152397 0.7019184 0.9488542 0.8437997 0.7709476 0.7591903 0.7820578 0.7528890 0.7559574 0.7559574 0.7538902 0.7631154 0.7517487 0.9807017 0.9807017 1.0046648 0.9354835 1.2780738 1.2536716 1.2519386 1.2750944 1.2750944 0.9137331 1.3288700 1.3007209 1.5208413 1.1598412 1.2151726 1.0442614 1.0601750 1.2802594 1.0789736 1.0993897 1.6147445 1.1594351 0.8299045 0.8144963 1.4641139 1.3639879 1.6562259 1.5831198 1.5848409 1.3972945 1.2974836 1.2710019 1.2710019 1.2805284 1.1562487 1.3494996 1.6289028 1.6504186 1.7496766 1.5465947 1.5704641 1.3947522 1.4047439 1.8106796 1.6812461 1.7224469 1.5920383 1.8192554 1.8421743 1.5319806 1.8528492 1.9640272 1.5819378 1.4872625 1.8149767 1.4189740 2.2900147 2.3386437 1.9801338 2.1954596 2.1449220 1.2389476 2.3375142 3.1047384 1.7387522 
Dpul_mRNA16018                                           1.4311944 1.0857724 1.2616390 1.3091498 1.3106974 1.2520125 1.1853173 1.2298892 1.1883839 1.1757743 1.1766378 1.1766378 1.1146648 1.0479564 0.6516657 0.4849587 0.4849587 0.3846338 0.2696586 0.3827655 0.4406850 0.0000000 0.3093729 0.3201321 0.5268117 0.4817102 0.5562716 0.5506058 0.5945439 0.6701069 0.9396579 1.0280885 1.0899858 1.0522783 3.1383216 0.8353975 0.6639931 0.7069994 0.6489682 0.6810434 0.7459870 0.6658088 0.7136229 0.7268578 0.6681414 0.7907291 0.9929655 0.9733259 1.0982886 0.9195484 0.9458710 0.6892540 0.7501905 0.8658980 0.8826605 0.7192548 0.7418893 0.7574706 0.6828321 0.6694646 0.6573903 0.6573903 0.6289700 0.6403578 0.6563032 1.0315781 1.0315781 0.9994172 0.9735272 1.0737930 1.0797271 1.0875419 1.1002495 1.1002495 0.9465204 1.0879326 1.1731888 1.1982735 0.8363403 1.0899153 1.0156257 1.0615043 1.0978588 1.0087851 1.0639392 1.7253320 1.3163999 0.7880504 0.7912017 1.2455810 1.2307285 1.5809010 1.4918828 1.4375233 1.3087205 1.1646962 1.3690805 1.3690805 1.2878699 1.2386571 1.2806150 1.7137874 1.5047566 1.7301292 1.4701601 1.5248255 1.5011924 1.5017977 1.5972022 1.5556451 1.5165278 1.6349186 1.5863330 1.7401052 1.5441904 1.7166713 1.8454980 1.1376246 1.6883758 1.7250826 1.4755560 2.3590881 2.3498170 1.9707001 2.1410812 2.1276601 1.2293340 1.9436489 2.6435541 1.9563552 
Lcom_lcpid220371                                         1.7098973 1.4832989 1.5974167 1.6644198 1.6773619 1.6110233 1.5898262 1.6582069 1.6628826 1.3207775 1.2945235 1.2945235 1.2776213 1.1927212 0.0000010 0.5906385 0.5906385 0.4794485 0.3330862 0.3027310 0.4935253 0.3093729 0.0000000 0.4849638 0.7114954 0.6185200 0.7004972 0.6725464 0.7144693 0.8599810 1.1687370 1.2257300 6.8907334 1.2676871 4.6787662 0.9954375 1.1245542 1.0926177 0.9783267 1.0427816 1.3229945 1.0433341 9.0000000 1.0084579 1.0262756 1.5519404 1.1602585 1.1044586 1.2621257 1.0250865 1.0403593 1.0262756 1.0297391 1.2128574 1.1316876 0.9075118 0.8802674 0.8904660 0.8285144 0.7625353 0.7421513 0.7421513 0.8092729 0.8092729 0.7610024 1.3485992 1.3485992 1.3068415 1.3604158 1.2130684 1.3001167 1.3831484 1.3728518 1.3728518 0.0000010 0.0000010 1.3658311 2.6483914 9.0000000 1.2896255 1.2896255 1.2896255 1.9481403 1.9481403 1.9481403 1.1327173 1.1327173 1.0330264 1.0330264 1.8304305 1.5732516 1.8866144 1.9215217 2.0068306 1.6117286 1.6640105 2.1638665 2.1638665 1.8875855 1.6737718 1.9091347 2.1662057 1.8972738 4.0938254 2.2575802 2.0577084 2.6592819 1.9183447 3.4252269 2.7656407 2.5649219 8.9999987 2.3068442 2.7338686 2.2747286 2.3669116 2.6461893 0.0000010 3.2432454 2.4714074 2.1308897 3.5167033 3.2689409 3.1458397 7.1331184 2.8883035 0.0000010 0.0000010 2.4802879 6.1423526 
Tcas_TC005815_001                                        1.5612489 1.3559008 1.4185043 1.5500413 1.5246347 1.6398665 1.4192028 1.2130846 1.3904587 1.4819429 1.3664032 1.3684293 1.3247709 1.2296921 0.5423060 0.6339044 0.6339044 0.3438850 0.4076055 0.4023668 0.5425120 0.3201321 0.4849638 0.0000000 0.6531307 0.5982293 0.6656636 0.7036455 0.7308832 0.8421762 1.2731919 1.2607223 1.4341231 1.2212543 4.9518012 1.0585385 0.9091663 0.7382956 0.6040977 1.0147931 0.9575215 0.8742472 1.0863993 0.8801977 0.6033476 1.0811311 1.0566044 1.0349949 0.9399724 1.0583144 1.0706287 0.6343768 0.9166103 0.7498927 1.0875261 0.9989484 0.9698068 1.0039176 0.8546428 0.8843039 0.8485406 0.8485406 0.8689358 0.8788280 0.8945519 0.9919644 0.9919644 0.9660046 0.9355823 1.3863211 1.3339246 1.3289897 1.3661874 1.3661874 0.9007987 1.4721553 1.3508383 1.7349467 1.4889492 1.3437549 1.0043053 1.0867668 1.4755669 1.0652376 1.1702374 1.6146739 1.1877292 1.0191843 0.8865907 1.7020481 1.4588648 1.5943249 1.5886013 1.6974449 1.6613284 1.4504654 1.6497136 1.6497136 1.5267177 1.4266911 1.5505552 1.6471629 1.5848160 1.6200459 1.5724443 1.7749575 1.4845614 1.4934841 2.0592106 1.9465148 1.9331130 1.6333344 1.9338665 2.0029885 1.7523134 2.0260158 2.1918218 1.8040049 1.7298345 2.0309991 1.9751419 2.5742852 2.4909370 2.2486543 2.4536461 2.4158604 2.1176272 3.1148614 3.0704425 2.1652940 
Skow_NM_001168053.1                                      1.4078227 1.3447049 1.2911620 1.4124429 1.4135373 1.3659837 1.1679125 1.2921938 1.3265909 1.2521158 1.2632715 1.2675334 1.3325237 1.2115340 0.4991926 0.4363057 0.4363057 0.3609966 0.3981263 0.4690721 0.4364126 0.5268117 0.7114954 0.6531307 0.0000000 0.5550506 0.5645509 0.6210633 0.5127557 0.7614554 1.1250388 1.2406494 1.3830885 1.1866814 5.4187798 0.8154811 0.7173502 0.6811745 0.5622144 0.7142075 0.7854799 0.6510115 0.7860624 0.6514708 0.6209528 0.8800939 0.8450462 0.8198507 1.1239155 0.9017241 0.9084864 0.6197474 0.7886366 0.6341541 0.9049314 0.8235711 0.7692333 0.7764674 0.7297349 0.7802732 0.7817265 0.7817265 0.7660513 0.7755205 0.8034519 0.8758616 0.8758616 0.9263394 0.8385608 1.1993396 1.1934535 1.1784275 1.1978899 1.1978899 0.8780930 1.3168852 1.1944412 1.4617851 1.1917358 1.1595318 0.9452527 0.9730563 1.2787426 1.0217647 1.0587723 1.5034045 1.0073795 0.8848470 0.8092757 1.6749159 1.3074165 1.5203739 1.5381515 1.5990302 1.4149514 1.3019102 1.4240957 1.4240957 1.2465105 1.1688145 1.2888570 1.6574820 1.6815246 1.6774588 1.5270150 1.5817503 1.3333886 1.2430180 1.8149643 1.6896162 1.6099674 1.4577865 1.8032547 1.7819119 1.7336859 1.8932559 2.1193682 1.5340396 1.6453903 1.8982362 1.3251808 2.3114504 2.3765041 1.9741791 2.1682132 2.3675310 1.5204369 2.5518409 2.9279224 1.7531368 
Hsap_ENST00000361101                                     1.3399713 1.1764725 1.1050710 1.4309791 1.4162373 1.2810658 1.1965281 1.2227490 1.2855563 1.1715176 1.1600408 1.1604387 1.1618812 1.0628155 0.4911645 0.4812973 0.4812973 0.3831014 0.3636599 0.4670040 0.4318159 0.4817102 0.6185200 0.5982293 0.5550506 0.0000000 0.2037640 0.2331994 0.5138145 0.5146836 0.9840642 1.1121357 1.2065342 1.1258236 4.4452879 0.7736629 0.7242530 0.6943470 0.5635694 0.7341958 0.8062945 0.6780317 0.7907066 0.6735433 0.6239919 0.8090973 0.8581168 0.8277082 1.0342116 0.9293838 0.9994117 0.6261903 0.7898103 0.7672927 0.8313626 0.7227002 0.6944948 0.7092039 0.6500131 0.7412028 0.7326981 0.7326981 0.7133798 0.7224224 0.7254936 0.8726469 0.8726469 0.9213886 0.8736749 1.1830691 1.1849699 1.1225990 1.1366513 1.1366513 0.7581637 1.3125165 1.2296331 1.3950644 1.1192751 1.1353643 0.9289818 0.9503421 1.2573778 1.0149333 1.0423418 1.5036492 0.9583220 0.8190351 0.7378664 1.3427538 1.3168319 1.5123055 1.5073082 1.5024566 1.2519040 1.3483990 1.2751251 1.2751251 1.2658840 1.2091611 1.3729031 1.4596745 1.4843668 1.5745674 1.5521726 1.5497341 1.3843735 1.4290389 1.7224552 1.5909022 1.5826753 1.4906103 1.7423979 1.7637481 1.5191246 1.7475135 1.9293855 1.4691160 1.6658522 1.9537140 1.3241985 2.3728074 2.4125546 2.0251092 2.2134979 2.2079984 1.4243386 2.2638818 2.5734606 1.8321381 
Hsap_ENST00000396741                                     1.4693664 1.2035187 1.1844224 1.4408818 1.4834029 1.3963574 1.2625913 1.3478900 1.3088657 1.2574117 1.1738330 1.1810470 1.2027621 1.1373353 0.5606543 0.5328965 0.5328965 0.4222987 0.4310429 0.5037736 0.5332557 0.5562716 0.7004972 0.6656636 0.5645509 0.2037640 0.0000000 0.2773791 0.5711717 0.4545852 1.0356742 1.1317315 1.3211164 1.1319883 4.8800367 0.8960379 0.7971497 0.7822244 0.6119983 0.8314016 0.8955989 0.7847690 0.8908493 0.7490408 0.6801224 0.9412571 0.9413521 0.9057158 1.0939531 0.9618067 0.9851755 0.6986986 0.8787756 0.7698208 0.9217025 0.7748248 0.7877053 0.7895953 0.6837773 0.8793448 0.8690635 0.8690635 0.8483553 0.8590393 0.8682141 0.9289460 0.9289460 0.9608464 0.9244091 1.2928510 1.2545783 1.1889434 1.2090647 1.2090647 0.8325561 1.3362465 1.2520040 1.4421935 1.1784763 1.1278337 0.9158958 0.9328824 1.2730053 1.0233206 1.0468605 1.6485397 1.0681160 0.9376511 0.8332914 1.4952153 1.4344924 1.4954648 1.5421826 1.6671258 1.3912853 1.4441720 1.3698585 1.3698585 1.2708302 1.2409609 1.3629569 1.5240519 1.6850169 1.7543429 1.6335200 1.6531669 1.3940856 1.4861143 1.9292096 1.7425279 1.7898560 1.5124554 1.8131772 1.8648252 1.6806267 1.8082287 2.0823742 1.5492701 1.7090492 1.9373658 1.5089937 2.3563195 2.5040501 2.1369588 2.3743028 2.1896403 1.4512319 2.4323413 2.8225878 2.1637826 
Hsap_ENST00000427476                                     1.6044051 1.2201583 1.1948664 1.4887421 1.5135154 1.3383858 1.2351762 1.3081183 1.3458450 1.2455426 1.3571160 1.3575491 1.2868983 1.1444007 0.5737824 0.5584319 0.5584319 0.4767750 0.4847211 0.5885457 0.5363928 0.5506058 0.6725464 0.7036455 0.6210633 0.2331994 0.2773791 0.0000000 0.5783605 0.5182597 1.0913184 1.2002467 1.3127261 1.2104937 4.7822509 0.8899072 0.7858080 0.7951348 0.6363654 0.8337963 0.8658015 0.7946941 0.8712396 0.7809642 0.6841885 0.9717688 0.9833003 0.9652138 1.0494216 0.9800962 1.0478365 0.7187467 0.8822495 0.8247612 0.9949333 0.8860930 0.8638769 0.8459025 0.7596281 0.8559643 0.8568107 0.8568107 0.8224502 0.8395415 0.8418922 0.9619652 0.9619652 1.0019843 0.9793647 1.2574182 1.2591073 1.2500260 1.2447918 1.2447918 0.8576637 1.3686420 1.3097513 1.4538512 1.1532064 1.2854848 1.0027895 1.0261759 1.3797346 1.0416774 1.0706466 1.5929715 1.0348303 0.9094873 0.7981569 1.4146250 1.4498016 1.5405923 1.5711820 1.6068390 1.4258533 1.3851241 1.3919519 1.3919519 1.3171492 1.2981749 1.4713151 1.6221212 1.6664752 1.7232134 1.6509379 1.5740401 1.3115196 1.5390773 1.7910004 1.6853051 1.7221918 1.5777856 1.7885434 1.9109436 1.6008185 1.7876909 1.8638400 1.4111645 1.7981854 2.1045652 1.4791812 2.3785925 2.6489505 2.1012615 2.3353842 2.2933694 1.7293444 2.3937547 3.1863990 2.0727060 
Spur_XM_030984234.1                                      1.2815160 1.2143136 1.2751614 1.4588947 1.4504153 1.3681463 1.2128026 1.2240800 1.3084104 1.2726186 1.3960582 1.3964833 1.3450852 1.2421611 0.5968663 0.4798648 0.4798648 0.3847281 0.5146428 0.4659260 0.5162000 0.5945439 0.7144693 0.7308832 0.5127557 0.5138145 0.5711717 0.5783605 0.0000000 0.7127976 1.1614804 1.2021646 1.3015485 1.1498035 5.0595653 0.9154114 0.8181045 0.7664949 0.5990862 0.8568074 0.8636413 0.7998827 0.9089280 0.8197479 0.6535332 0.9478056 0.9445735 0.9039340 1.2353993 1.0081283 1.0138384 0.6900433 0.8583102 0.7275647 0.9919687 0.8375131 0.7951337 0.8373955 0.7900163 0.8751370 0.8962179 0.8962179 0.8802161 0.8906519 0.9044226 0.9023313 0.9023313 0.9783674 0.9066921 1.1835525 1.1345308 1.0701953 1.0841092 1.0841092 0.8127464 1.2104980 1.1721120 1.5092514 1.3078360 1.1721278 1.0361015 1.0427776 1.2341006 1.0754825 1.0840627 1.5142453 1.0371247 0.8962538 0.8222521 1.5621735 1.3561489 1.5548666 1.5009169 1.5618020 1.4859650 1.3476768 1.3638664 1.3638664 1.2897406 1.2564440 1.3990341 1.5330552 1.6891779 1.6330984 1.5196359 1.4303259 1.4306027 1.5110694 2.0180684 1.8485289 1.7351903 1.5717351 1.6480143 1.8810361 1.5998949 1.8136143 1.9641052 1.5092959 1.5725833 1.8125376 1.3630601 2.4403030 2.4282960 1.9739769 2.0889372 2.2732578 1.4597227 2.2935308 2.7864968 1.8226086 
