101
Emue_Em0023g655a.t1                                                0.0000000 0.1657063 0.8360987 0.6719741 1.0936882 0.8897436 0.9696362 1.7721952 1.7710399 1.9800319 2.1163639 2.2164458 2.0680908 1.9976565 1.9634207 2.3117139 1.8890742 1.9543953 1.9702640 1.8817795 1.9290281 1.5668945 1.7868801 1.9392019 1.9440108 2.9785629 1.9297593 1.7823455 1.6670682 1.8239547 1.9113853 2.0136848 2.0137100 2.0479330 2.1022830 1.4496617 1.9933303 1.9752314 2.0096024 2.2115526 1.6966005 2.4465306 1.6499817 1.8590658 2.1329578 2.3382887 1.8558714 1.9913404 1.7777202 1.7453635 2.0168832 1.7555120 2.2240201 2.3405860 2.1928461 1.8939990 2.1376856 1.8622489 2.7474675 2.2762391 2.5615794 2.2372048 2.2184528 2.2008140 3.4247397 5.0355720 2.2959395 2.9678522 2.2363903 2.2404984 2.2826855 2.3106014 2.1976614 2.0669634 2.1134299 2.0878817 2.1046056 2.0368858 2.1005475 4.1643887 1.6380826 1.7979116 2.0290462 1.9603957 2.0066649 1.7501786 1.8928340 3.5024786 3.3266392 3.1219771 3.1536206 3.3360690 3.1094001 3.0880028 2.9145990 2.8030247 3.0699058 2.9339613 2.9598813 2.8790753 6.0258706 
Spolac_c49304_g1_i1_m.1416c49304-g1                                0.1657063 0.0000000 0.8798527 0.6471677 1.0911449 0.9411133 0.9225490 1.9075653 2.2166108 2.3566713 1.9680640 2.6795719 2.2636169 2.1882640 2.2600932 1.6113475 1.8246225 1.9951645 1.8578102 1.8705599 1.7434779 1.6854961 1.6717763 1.6882401 1.5420021 2.7296846 1.8006364 1.7705378 1.7504903 2.0693721 2.1900853 2.6215012 2.3176404 1.8527429 1.7676397 1.3971459 2.1255718 2.0044265 1.8107125 2.2810383 1.7547482 2.1851006 1.6602855 2.0301289 2.0485120 1.8713386 2.0427518 1.8401519 1.9348566 1.8361858 1.8277968 3.6428666 2.3831249 1.9387195 2.2110062 2.4047498 1.9663562 2.2479371 2.0519451 2.0728661 2.5180848 2.3059716 2.3596343 2.3348582 3.2311458 3.2311458 2.3372726 1.9818347 2.6670488 2.6278307 2.5718097 2.5801141 2.4930233 2.1544328 2.3411047 2.1995570 2.2268113 1.9226808 2.5090610 3.5988567 1.6432759 1.6740948 2.3293317 2.1294200 1.9396735 2.0421540 2.1829556 3.8258184 3.8638204 3.2142833 3.2945808 3.6262461 3.3530473 3.0499748 3.0499748 2.8634898 3.1479249 3.0237309 3.1083551 2.7343313 7.3704070 
Stycar_augustus_masked-SC_scaffold7463-processed-gene-0.4-mRNA-1   0.8360987 0.8798527 0.0000000 0.0066689 0.8952091 0.7914491 0.7686563 1.8960524 1.8271135 2.2076601 1.6938561 2.3660063 2.4121101 2.1189569 2.1654917 2.1376925 2.0598292 2.1200063 2.4654236 2.0692143 1.8674833 1.2517139 1.8451943 1.9673089 1.8585679 1.9567338 1.8705738 1.6283891 1.6989268 1.8297117 1.6194214 2.6239780 2.4078291 2.2856066 2.3392402 0.0000010 2.2170578 2.0652672 2.0747770 4.0044522 2.0501103 1.7065896 1.6780026 2.0654278 2.2700364 2.2213015 2.4113208 2.2502589 2.0183632 1.9610348 1.9610348 2.8102403 2.5225492 2.4755136 2.4755136 2.1824851 2.4108934 8.9999988 3.4206275 2.5660885 2.1929969 2.4131883 2.3243014 2.3243014 2.3437750 4.2921805 1.9888670 3.1973962 2.2748220 2.2923147 2.2593836 2.2593836 2.1348649 1.5749544 1.4531823 1.4544541 1.4781180 1.3764001 2.1809467 3.6044685 2.3176822 2.1565204 2.1480496 1.9948042 2.1749973 2.2946777 2.1982304 2.8408848 2.9124565 3.3026089 3.0546716 3.3235254 2.7860824 2.9892775 2.8393912 3.0013136 3.2085446 3.1899526 3.2195329 2.8402362 8.7078837 
Stycar_augustus_masked-SC_scaffold7463-processed-gene-0.5-mRNA-1   0.6719741 0.6471677 0.0066689 0.0000000 0.7859633 0.6476861 0.6604726 1.5044724 1.5421682 1.8440732 1.4288775 1.8266381 1.7495596 1.7931906 1.6364507 1.9526725 1.6621816 1.7328127 1.7701742 1.5588455 1.5269587 1.1753411 1.4503819 1.4848518 1.4700239 2.2576827 1.4305495 1.2679641 1.2631967 1.5532062 1.4359898 2.1226130 1.8543373 1.7358379 1.4862837 1.0795021 1.6378621 1.5545560 1.5139758 1.6941368 1.5897978 2.0532910 1.3402374 1.5217435 1.6295356 2.1071600 1.8544755 1.8390319 1.4990519 1.5301965 1.5301965 2.8102403 2.0143108 2.0673957 1.9803601 1.5068671 1.9711967 1.8233254 2.4159111 2.0242791 1.9767965 1.9168270 1.8046179 1.8013026 2.4964751 4.3966807 1.8572348 2.4541190 2.2418112 2.2385369 2.2704187 2.2704187 2.0471334 1.4968403 1.5183680 1.5358858 1.5520410 1.4133478 2.0850527 3.5330108 1.3985633 1.4923244 1.8459988 1.8133549 1.8288520 1.9472185 1.9864343 3.0359627 2.8589629 2.8888227 2.7809639 3.0096754 2.6939295 2.6578538 2.6142264 2.6048975 2.8045409 2.8795458 2.9129377 2.3040582 6.8870988 
Aque_Aqu2.1.33527_001                                              1.0936882 1.0911449 0.8952091 0.7859633 0.0000000 0.5688365 1.1419525 1.7248124 1.6418033 1.8074785 1.7405866 1.9355849 1.9075686 1.7786391 1.6932446 2.2358613 1.8843135 1.9841423 1.8761611 1.7053255 1.6511862 1.4707606 1.7622599 1.7520994 1.6976599 2.3672533 1.8088325 1.6232517 1.7276954 1.8423995 1.9385235 2.0060059 1.9842609 2.0035330 2.0408832 1.5607283 1.8827269 1.7453434 1.7503833 2.2700119 1.8819759 2.0315135 1.6809097 1.8288404 1.8440618 1.8359352 1.9405903 1.9759190 1.6569629 1.8275851 2.1247221 1.9073275 2.1001520 2.0955956 1.9981611 1.9767265 2.2030136 2.2581440 2.8541105 2.2880208 2.5164197 1.9955018 2.1593651 2.1576194 2.9006613 4.8756005 2.2090138 3.0052258 2.3229427 2.3538431 2.3176884 2.3536348 2.2454093 2.0577785 2.1492815 2.0825319 2.0994122 2.0687480 2.1177468 3.1832192 1.6832447 1.7551600 2.2515482 1.9882077 1.9790688 1.7393859 2.2239171 3.4489924 3.1798796 3.0908620 3.1303552 3.3149407 2.8997464 3.2224070 3.3904041 2.8225838 3.0865477 2.9864017 3.0240996 2.9639026 5.9029912 
Xestes_augustus_masked-XT_scaffold111971-processed-gene-0.0-mRNA-1 0.8897436 0.9411133 0.7914491 0.6476861 0.5688365 0.0000000 0.9430563 1.8883672 1.6395204 1.7885446 1.8416172 2.0351490 2.0495938 1.8848869 1.8923002 2.1695234 1.9293032 1.9412635 2.0527186 1.7390217 1.7244914 1.3988027 1.7270301 1.7705534 1.8192855 2.6701821 1.6939478 1.7255609 1.7195257 1.7446564 1.7740286 2.0862019 2.0850319 2.0331509 1.9337096 1.4532220 2.0201039 1.8650327 1.8745481 2.1276122 1.8268082 2.0407428 1.6237841 1.8392435 1.8801546 1.8715299 2.0355850 2.0684306 1.7945744 1.9116886 2.2711831 2.1479052 2.2082941 2.2792012 2.1103026 2.2037027 2.0669371 2.0782113 2.7248099 2.1928936 2.3854465 2.2739439 2.1368982 2.1338908 3.0514824 5.2202960 2.2132399 3.0755154 2.3136920 2.3238392 2.1917356 2.2239946 2.2474066 1.8098835 1.9066673 1.8720167 1.8869568 1.8893968 2.1196255 3.0175837 1.5963897 1.7534206 2.1301764 2.0971429 2.0553197 1.8486332 2.2866671 3.3212926 3.3415381 3.2642321 3.0651977 3.3928372 3.1501954 3.0935293 3.0607434 2.9171289 3.1151044 3.2384117 3.2456383 2.5652610 5.6728187 
Tetwil_g19471.t1                                                   0.9696362 0.9225490 0.7686563 0.6604726 1.1419525 0.9430563 0.0000000 1.7963967 1.6152585 2.2034626 1.8803584 2.0791692 2.1060442 1.7380646 1.9244741 1.7906991 1.6827186 1.6971821 1.6373698 1.6904947 1.4223470 1.2017578 1.4380384 1.4335512 1.6424127 2.6376070 1.5622895 1.4053686 1.5413903 1.6813605 1.6524519 2.3909166 2.1956508 1.8280712 1.6892410 1.3229906 2.0614276 2.1985719 2.1345172 2.3705892 2.0433605 2.7702846 1.5862813 2.0838658 1.9848092 3.2980825 2.3244394 2.0123165 1.8439979 1.8172229 2.2903215 1.6432826 2.4544833 2.4384462 2.2689965 1.8397784 2.3509728 2.2027768 2.8581717 2.3782735 2.7399059 2.1106961 2.2705764 2.2862749 4.5756813 4.7113149 2.4623742 2.6008904 2.5096778 2.5243697 2.3385245 2.3440238 2.5019869 1.7085658 1.8512790 1.8332403 1.8501354 1.8609339 2.2591741 4.2777758 1.6871777 1.9024370 2.3202726 2.1229752 2.2543551 1.9925082 2.2586544 3.4880673 3.2448029 2.9505046 3.2639181 3.4604443 3.3388589 3.1118558 3.1118558 2.9957309 3.0853771 3.3351725 3.3651503 2.9802387 5.3844169 
Bralan_BLAG12000331_1                                              1.7721952 1.9075653 1.8960524 1.5044724 1.7248124 1.8883672 1.7963967 0.0000000 1.1228219 0.9585557 1.1214765 1.0965896 1.0499333 1.0139875 1.1409728 1.7755287 1.5811634 1.6601149 1.5247106 1.7459415 1.3427680 1.1550347 1.2737197 1.2461027 1.2987160 1.8622620 1.3233323 1.3382251 1.4598237 1.3395641 1.3702348 1.4211093 1.5398588 1.7272186 1.7726119 1.9203068 1.7846224 1.7732018 1.8647492 1.9813919 1.7822205 1.9132615 1.2797443 1.8318617 1.6990402 1.9979074 2.1038043 1.8878301 1.4537999 1.5517921 1.9381201 1.2252977 2.0865151 1.8741697 1.8079413 1.6794562 1.7568535 2.1113428 2.1534041 1.8526258 2.0429484 1.2915299 1.3172203 1.3212246 2.4149236 3.6945901 1.9980636 2.4021589 2.0311833 2.0064418 1.9845205 2.0181671 1.9223139 1.9866962 2.0214062 2.0290788 2.0258840 2.0069334 1.8552442 3.1872936 1.6808200 1.6071629 2.1381621 2.1222085 1.9500472 1.8650457 2.1348984 3.0790221 2.9273353 3.0188850 2.7578637 3.1439811 2.9587646 3.0806439 2.9424921 2.8665223 3.0596743 3.0648977 3.0956432 1.8001643 4.1194011 
Cscu_XM_023354453.1                                                1.7710399 2.2166108 1.8271135 1.5421682 1.6418033 1.6395204 1.6152585 1.1228219 0.0000000 0.8167541 1.3078339 1.4458733 1.2248803 1.3642679 1.2881854 1.1393766 1.5080579 1.5502466 1.3661889 1.5732685 1.4236166 1.3659645 1.3340119 1.4338053 1.7448443 1.7031389 1.3820090 1.3524128 1.5030756 1.5686582 1.5272677 1.3227645 1.4589007 1.7593269 1.8782300 1.9093024 1.7113098 1.6661834 1.4334038 2.1971343 1.4778837 2.0921267 1.2177737 1.5844158 1.8177014 1.4156312 1.7839402 1.7779493 1.6583627 1.4451805 1.8303886 1.5905362 1.8983079 1.8742664 1.8003611 1.7552542 1.7060459 2.2349353 1.7929621 1.6104825 1.8653225 1.5494767 1.6995456 1.6845788 2.7841934 3.1060075 2.0777997 2.3310303 2.0981719 2.0578512 2.2989018 2.3206317 2.0540447 1.9199182 2.0482229 1.9770684 1.9849071 2.0345669 1.9338530 2.7863678 1.8085615 1.7800025 2.4846965 2.4303027 2.2495262 1.8648406 2.1884520 3.3625189 3.0607495 3.1675835 2.9146270 3.0987101 3.0630299 3.6691902 3.6170157 2.8788817 3.2808804 3.2452280 3.2492839 1.8800737 3.7012411 
Cscu_XM_023365065.1                                                1.9800319 2.3566713 2.2076601 1.8440732 1.8074785 1.7885446 2.2034626 0.9585557 0.8167541 0.0000000 1.3024281 1.1770049 1.1919034 1.3146561 1.1242167 1.8628140 1.7046513 1.7542847 1.7890228 1.8761711 1.5824101 1.3790081 1.4716332 1.5721204 1.6579647 2.2826329 1.6206088 1.4507404 1.4676039 1.6604251 1.6366033 1.1888310 1.3963767 2.0145401 1.9455178 2.1227233 1.9387310 1.9240639 1.7804734 1.9639250 1.7436553 1.9303250 1.3197762 1.6529782 1.9220366 1.7986678 1.7638436 1.9142002 1.6325529 1.6609249 1.9767123 2.0921301 2.0608922 2.0565379 1.9597830 1.7440590 1.7771617 2.4481592 2.1429290 1.7478884 1.9427353 1.4383519 1.4617963 1.4581646 2.4485371 4.0509232 1.8050628 2.4670977 2.0218060 2.0725163 2.0585112 2.1019993 1.9536576 1.9504296 1.9899871 1.9467603 1.9526041 1.9640233 1.8353644 2.4768008 1.8563855 1.7978056 2.4954526 2.3887628 1.9832520 1.9397289 2.3343951 2.9926689 3.2251955 2.7462966 2.7188745 2.7416585 3.0081516 2.7107650 2.5783545 2.6401107 2.8398089 2.8422307 2.8098944 2.4096546 4.4078229 
Skow_XM_006824141.1                                                2.1163639 1.9680640 1.6938561 1.4288775 1.7405866 1.8416172 1.8803584 1.1214765 1.3078339 1.3024281 0.0000000 1.0853639 1.2941962 1.5934584 1.3261741 1.4858200 1.4751410 1.5548728 1.5141780 1.6249319 1.2752394 1.1395352 1.2261928 1.3571882 1.1181364 1.9186966 1.4501230 1.3901743 1.4111963 1.4766474 1.5068568 1.4603894 1.5076971 1.9155139 1.6946291 1.1024758 1.9750742 1.7058636 1.6471584 2.1602933 1.9223991 1.6253876 1.3930422 1.7178978 1.7845015 1.7638277 1.9820240 1.7262110 1.5690598 1.6109639 1.5870625 5.6137253 2.1253466 1.5067749 1.6027098 1.7323082 1.6564013 2.6548209 1.9336888 1.6999986 2.0973880 1.3539104 1.3643865 1.3751027 2.0916478 3.2930828 1.8160829 2.3302681 1.9927960 2.0232288 2.1305386 2.1359218 2.0906163 1.8949891 1.9903346 1.9451244 1.9412347 1.8470347 2.1030249 2.6894273 1.4484277 1.5976016 2.2163627 2.1069214 1.9932926 2.1183441 2.2240582 3.3989866 2.9736109 3.1024397 2.9895745 3.0785150 3.0654599 3.1938841 3.0274204 3.1024871 3.1996555 3.3591356 3.2641939 1.9842102 6.7843631 
Hsap_ENST00000341119                                               2.2164458 2.6795719 2.3660063 1.8266381 1.9355849 2.0351490 2.0791692 1.0965896 1.4458733 1.1770049 1.0853639 0.0000000 1.3340698 1.5140752 1.3857991 2.2459921 1.7013485 1.7214005 1.8715146 1.9828854 1.5749847 1.3109462 1.6303310 1.5400936 1.6847570 2.6272250 1.7291748 1.5505906 1.6026419 1.7316103 1.6970661 1.4750744 1.5812252 2.0500225 2.0572363 1.9688975 1.8818600 1.8156575 1.6777321 2.0427292 1.7450655 1.5636268 1.3413124 1.8210248 2.0072056 1.6436445 1.7681595 1.9805605 1.6398835 1.6169826 2.0167997 1.7214317 2.2319947 1.9757419 1.8561275 1.7246226 1.7345276 1.9787430 2.3171583 1.8868136 2.1154396 1.2963740 1.4292844 1.4196569 2.4804881 4.0856025 1.9081419 2.5960949 2.1507260 2.2121824 2.0376430 2.0471388 2.0331657 2.0690754 2.2551608 2.2915372 2.2627261 2.3752175 2.1742781 3.3836776 1.8609524 1.9534084 2.8366068 2.7787310 2.5615593 2.3436739 2.7717676 3.5653262 3.8814591 3.2195445 3.0727836 3.2739790 3.2541150 3.4000302 3.2536845 3.0921151 3.3004809 3.1833035 3.2021609 2.2641844 4.8892595 
Acagra_model.g5775.t1                                              2.0680908 2.2636169 2.4121101 1.7495596 1.9075686 2.0495938 2.1060442 1.0499333 1.2248803 1.1919034 1.2941962 1.3340698 0.0000000 0.9123496 1.0031929 1.6174854 1.5800108 1.6953065 1.5411412 1.5747011 1.2509332 1.0226722 1.3037606 1.3364640 1.1620624 1.8905807 1.2781699 1.3222114 1.2681489 1.3766897 1.3938184 1.4778485 1.3365198 1.7889977 1.7313128 1.0246148 1.8752925 1.7471253 1.6931674 1.8157282 1.7880027 2.1611902 1.4911735 1.6801364 1.6925040 1.8482422 1.8785014 1.7840370 1.4348830 1.6019602 1.7381181 3.5234570 1.9233144 1.8329799 1.7337732 1.6751050 1.7502055 2.3088770 2.4094168 1.9080381 1.8889577 1.3460689 1.4417380 1.4304714 3.2418599 5.1102103 2.1276529 2.8228269 2.1046520 2.1032664 2.1853861 2.1904969 2.1391641 1.9880304 1.9874850 1.9404992 1.9472934 1.9112023 2.1166964 3.3051119 1.6618609 1.8217344 2.4508222 2.2432300 2.3680030 2.3500076 2.4578993 3.6053203 3.0244871 3.2788095 2.9860718 3.5927473 3.1200333 3.1497455 3.1101900 3.2066681 3.2170072 3.2590350 3.2222504 1.9601783 5.9415950 
Cgig_XM_034471449.1                                                1.9976565 2.1882640 2.1189569 1.7931906 1.7786391 1.8848869 1.7380646 1.0139875 1.3642679 1.3146561 1.5934584 1.5140752 0.9123496 0.0000000 1.3403725 1.6558859 1.7865543 1.8913376 1.7681370 1.7930793 1.3947458 1.3487899 1.4480419 1.4742622 1.4895868 1.8919023 1.4760059 1.5056843 1.5310164 1.4982158 1.3872125 1.5759670 1.5784629 1.9155927 2.0412701 2.5506817 2.0902712 1.8618327 1.8821369 2.1894447 1.8494107 1.8289851 1.4427684 1.8564358 1.7143300 1.6774363 1.7345827 1.9478195 1.5502736 1.6855817 2.0817310 1.5236056 1.7968561 1.7733398 1.6889195 1.6799000 1.7836272 2.3452672 2.4176251 1.9621700 2.0948552 1.7072987 1.8356668 1.8323997 2.8561656 4.7121540 2.1420927 3.1151016 2.0816241 2.1168500 2.1617407 2.1661566 2.0564833 1.9606084 1.9673895 2.0246296 2.0308643 2.0107029 1.9949757 3.3842492 1.9359507 1.8143652 2.3707148 2.2671457 2.2553591 2.1189759 2.3430752 3.3001846 2.7887622 3.3333619 3.0117631 3.6140812 2.9547326 2.7700656 2.7337327 3.0741971 2.8405202 3.2227831 3.2393160 2.6051985 4.8652457 
Ctel_gnl_WGS_AMQN_CAPTEDRAFT_mRNA151137                            1.9634207 2.2600932 2.1654917 1.6364507 1.6932446 1.8923002 1.9244741 1.1409728 1.2881854 1.1242167 1.3261741 1.3857991 1.0031929 1.3403725 0.0000000 1.4339537 1.6712727 1.7320468 1.8090770 1.6969557 1.4866050 1.3815655 1.5054665 1.4967750 1.5020854 2.0523109 1.5629026 1.3563218 1.4569363 1.4618765 1.4423132 1.3856802 1.4082987 1.9958390 1.8505274 2.0403843 1.7958983 1.7715669 1.8004428 2.1727196 1.7173978 2.1529898 1.4635211 1.7737388 2.0192952 1.8315345 1.9544872 2.0058269 1.5832708 1.6757486 1.9755020 2.1406487 2.0153242 1.9503298 1.7916244 1.7490239 1.5815539 1.8372706 2.2062196 1.8099094 2.0912714 1.5277961 1.6160027 1.6116610 2.4920188 4.0688821 2.0175998 2.5433286 2.2946462 2.3686882 2.4509103 2.5082518 2.4008290 2.1366844 2.2579704 2.2195128 2.2261596 2.4121784 2.4104917 3.8985963 1.8413994 1.9531285 2.3815240 2.3804512 2.0755106 1.9774767 2.4348022 3.2561624 3.3409735 3.1577421 3.0252535 3.3773771 3.1204548 3.0829808 2.9941192 3.0869177 3.1206525 3.4670808 3.4116346 2.3755268 4.7750364 
Morvir_scaffold150.g20.t1                                          2.3117139 1.6113475 2.1376925 1.9526725 2.2358613 2.1695234 1.7906991 1.7755287 1.1393766 1.8628140 1.4858200 2.2459921 1.6174854 1.6558859 1.4339537 0.0000000 1.0087486 0.9926513 0.9776326 0.9041008 1.3201479 1.1339146 1.3310996 1.4421956 1.5004897 1.5146809 1.5004598 1.1184203 1.3677624 1.4745934 1.4642825 1.8006577 1.7876145 1.5610326 1.5156697 0.0000010 2.1733015 2.1410048 2.0312674 3.0873247 1.9115003 2.3546316 1.7399449 1.9457096 1.8057528 2.2040860 2.1614419 1.7861327 1.9062586 1.7851460 1.7851460 8.3299266 1.9193384 1.8358391 1.8358391 2.0039328 1.7259614 5.4541147 2.2911426 1.9994860 2.2336270 2.3390584 2.1983372 2.1983372 2.7147658 4.9815276 2.0967664 3.2301595 1.9273668 1.9168424 2.1363851 2.1363851 1.8925318 1.8065649 1.8127307 1.7230141 1.7672942 1.6723672 1.9290477 3.1298526 1.7644344 1.9769950 1.9197828 2.0874009 1.9028388 1.9300155 1.6384792 3.3950818 3.5374440 3.6149320 3.1143443 4.3973484 3.4835537 3.7481196 3.5572293 3.8077670 3.5690916 3.5349035 3.4688421 2.1691349 7.7573199 
Rhoesc_Res_005799-T1                                               1.8890742 1.8246225 2.0598292 1.6621816 1.8843135 1.9293032 1.6827186 1.5811634 1.5080579 1.7046513 1.4751410 1.7013485 1.5800108 1.7865543 1.6712727 1.0087486 0.0000000 0.1079358 0.1706527 0.3932163 1.3543582 1.2422029 1.2869430 1.2547870 1.2464754 1.7570348 1.4710966 1.1995620 1.2811002 1.2752338 1.3659591 2.0686223 2.1695589 1.3246261 1.2345975 1.3694459 1.8368156 1.7626263 1.8502323 2.1651117 1.8119544 2.4809210 1.4916654 1.7868690 1.9644461 2.2938470 1.8009723 2.1566824 1.8743062 1.6487656 1.9618806 1.6766030 2.0528585 1.7978433 1.8374016 1.7274641 1.9078520 2.4870039 2.5800312 2.1796501 2.1851999 1.9031955 1.8267623 1.8231513 2.7323653 5.3565467 2.1762641 3.2591091 2.1598837 2.1554015 2.4012304 2.3857009 2.0242833 1.8868265 1.9891649 1.9251091 1.9403535 1.8759647 1.9170019 2.7237058 1.6300712 1.6958034 2.2096841 2.0605974 2.3004615 2.0376632 2.2938813 3.8728776 4.0063745 3.7233541 3.2041119 4.0046276 3.7419451 3.8082500 3.5472929 3.3823730 3.3621808 3.4969871 3.5126068 2.2350624 5.1372077 
Nemnom_g12908.t1                                                   1.9543953 1.9951645 2.1200063 1.7328127 1.9841423 1.9412635 1.6971821 1.6601149 1.5502466 1.7542847 1.5548728 1.7214005 1.6953065 1.8913376 1.7320468 0.9926513 0.1079358 0.0000000 0.2459376 0.3841080 1.4249347 1.3297821 1.3287302 1.3459681 1.3258963 1.7698365 1.4874977 1.2105411 1.3181531 1.2916556 1.3963246 2.1935144 2.1775423 1.2987655 1.2697944 1.3591121 1.9308495 1.8848044 1.8411363 2.1127796 1.8381249 2.5881710 1.4921640 1.7052205 1.9237137 2.2263270 1.8246142 2.1028033 1.8576028 1.6056388 1.9023456 1.7855755 1.9671188 1.7614565 1.7945210 1.6829562 1.9281816 2.4454290 2.5030287 2.1655146 2.1345697 1.9430782 1.8798319 1.8760937 3.0078057 6.1412576 2.3043082 3.4985282 2.2187290 2.1949844 2.4176027 2.4018644 2.0600265 1.9281663 2.0321704 1.9809194 1.9966724 1.9201843 1.9249076 2.7790547 1.6897182 1.6637120 2.1378854 2.0212722 2.2783562 1.9840175 2.1390364 3.8534647 4.0342615 3.7180276 3.3238408 3.9267854 3.8347434 3.8598325 3.5326615 3.3919509 3.3201621 3.5373382 3.5518543 2.1384520 5.4102756 
Aaur_scaffold636.g4.t1                                             1.9702640 1.8578102 2.4654236 1.7701742 1.8761611 2.0527186 1.6373698 1.5247106 1.3661889 1.7890228 1.5141780 1.8715146 1.5411412 1.7681370 1.8090770 0.9776326 0.1706527 0.2459376 0.0000000 0.3720788 1.1705355 1.0958488 1.0715019 1.1161410 1.1628571 1.7044495 1.3680627 1.1543001 1.2166095 1.2636528 1.3750635 2.0855958 2.2723404 1.3269802 1.2989644 1.2114537 1.8190746 1.7520070 1.8491538 1.9800758 1.7633553 3.6009994 1.5371321 1.9031970 2.1448721 3.5928579 1.9519838 2.2067056 1.8111836 1.5859412 1.8783111 1.9152349 2.1984577 2.0196278 2.0191994 1.7159091 2.0717231 2.3948462 2.4397075 2.3123262 2.3155848 1.9466379 1.8877986 1.8836933 3.7167017 3.8322404 2.3226782 2.4588975 2.0087719 2.0150423 2.2838334 2.2674423 1.9984160 2.0515858 2.1451642 2.2414431 2.2615568 2.1958600 1.8559628 3.5465007 1.4770938 1.7934427 2.2373771 2.1631500 2.4275863 2.1471599 2.4738858 4.5722573 5.2670834 4.0150375 3.3051259 4.2817604 4.1508758 4.7148480 4.7148480 3.5518026 3.7532296 3.6125604 3.6308968 2.3031368 4.8342961 
Sanmal_Sma_005727-T1                                               1.8817795 1.8705599 2.0692143 1.5588455 1.7053255 1.7390217 1.6904947 1.7459415 1.5732685 1.8761711 1.6249319 1.9828854 1.5747011 1.7930793 1.6969557 0.9041008 0.3932163 0.3841080 0.3720788 0.0000000 1.2733515 1.1874857 1.2344970 1.2205254 1.2151793 1.7558431 1.3751881 1.2023611 1.2711835 1.3261213 1.3506323 2.1181311 2.1670788 1.3632562 1.2206628 1.2129211 2.0232831 1.9051844 1.9659600 2.2335517 1.9451720 2.8285064 1.6065503 1.7769356 2.0310801 2.2591979 2.0325037 2.1642801 1.8654622 1.7061110 1.9539321 2.1220048 2.0035831 1.8570734 1.8324648 1.9231359 1.8528119 2.5976410 2.5033172 2.1603761 2.1759753 2.1064890 2.0453820 2.0413562 2.9752565 5.0861443 2.3004719 3.1219924 2.2764422 2.3248856 2.4458452 2.4300124 2.1822240 1.8644002 1.9893816 1.9660656 1.9924311 2.0139065 1.9388454 3.1863470 1.6120931 1.7580955 2.1530040 2.0051451 2.3672254 1.8983855 2.1850793 3.8116117 3.9181318 3.6001128 3.2366834 4.0211730 3.4808959 3.7699315 3.7938611 3.2837737 3.2234554 3.4538446 3.4871530 2.3663331 5.1665760 
Spis_XP_022791814_1                                                1.9290281 1.7434779 1.8674833 1.5269587 1.6511862 1.7244914 1.4223470 1.3427680 1.4236166 1.5824101 1.2752394 1.5749847 1.2509332 1.3947458 1.4866050 1.3201479 1.3543582 1.4249347 1.1705355 1.2733515 0.0000000 0.0829256 0.2352030 0.1982013 0.1884375 0.8844242 0.4336281 0.6801567 0.7236197 1.1381736 1.1903644 1.7745680 1.8805045 1.3913559 1.5577628 1.5784655 1.9370129 1.9614904 1.8501735 1.9949192 1.8376533 2.0722515 1.4324401 2.0339662 1.9172097 2.4374256 2.1389664 1.8408156 1.7416031 1.5839813 1.9297307 1.5918931 2.3044928 1.8838509 1.7989728 1.8652639 1.8524022 2.0756808 2.3789417 1.8900073 2.0515908 1.8070099 1.7877074 1.7758609 2.8186729 4.1138629 2.1064972 2.8573696 2.0147827 2.0530792 2.1014033 2.1231582 1.9360606 1.7513972 1.8025952 1.8926701 1.9075247 1.9481181 1.8082711 3.0149592 1.5424527 1.5554101 2.5736857 2.2953260 2.3639228 2.1566105 2.5016058 3.4882910 3.2865659 3.0915349 2.9507732 3.6805459 3.2164132 3.4508424 3.3834349 3.1052365 3.2005034 3.5311949 3.5286276 2.2815021 2.8182540 
Pocdam_XM_027192546.1                                              1.5668945 1.6854961 1.2517139 1.1753411 1.4707606 1.3988027 1.2017578 1.1550347 1.3659645 1.3790081 1.1395352 1.3109462 1.0226722 1.3487899 1.3815655 1.1339146 1.2422029 1.3297821 1.0958488 1.1874857 0.0829256 0.0000000 0.1949790 0.1972793 0.1688387 0.8601780 0.3182011 0.5924092 0.5546930 1.0461278 1.1020693 1.6858260 1.7562577 1.3609603 1.4434265 1.6547608 1.5748588 1.6198813 1.4330049 1.8774390 1.5176354 2.1781288 1.3315180 1.7577183 1.7380710 1.7023019 2.0288860 1.5384811 1.5199477 1.4140136 1.7689326 1.2115206 2.1223027 1.7451085 1.7001013 1.8007942 1.6612855 2.1585901 2.1141591 1.8156436 1.8153504 1.5404827 1.5368867 1.5243291 2.5702346 2.5702346 1.9260412 1.9285395 2.1131516 2.1527847 2.1728023 2.2119488 1.9677944 1.5670335 1.6845570 1.8200578 1.8377573 1.8742575 1.8242703 3.4929419 1.3974988 1.4572290 2.3853461 2.0559364 2.1146638 1.9191528 2.6688302 2.9661716 2.6589704 2.7928923 2.8891037 3.3086013 3.1870103 2.7111141 2.7111141 2.6850364 2.9379446 3.0925114 3.0966965 2.0814541 2.3082257 
Gfas_gfas1.m1.18916.m1                                             1.7868801 1.6717763 1.8451943 1.4503819 1.7622599 1.7270301 1.4380384 1.2737197 1.3340119 1.4716332 1.2261928 1.6303310 1.3037606 1.4480419 1.5054665 1.3310996 1.2869430 1.3287302 1.0715019 1.2344970 0.2352030 0.1949790 0.0000000 0.2059977 0.1949698 0.7221679 0.2838356 0.7482591 0.7163391 1.1232299 1.1880253 1.7338902 1.8247379 1.4353665 1.5423887 1.8153243 1.8134214 1.8125460 1.6519413 1.8389474 1.6174422 2.1653147 1.4169077 1.9782639 1.7847524 2.2858866 2.1142948 1.8253778 1.7442574 1.4659181 1.7838170 1.8175112 2.2045168 1.8181102 1.8309469 1.6920326 1.8269795 2.2295190 2.2694961 1.9715942 2.0232400 1.7746070 1.7887098 1.7855072 2.6788382 4.0029464 2.0942697 2.7063658 1.8979057 1.9261443 2.0261092 2.0460299 1.8709012 1.7225358 1.7751316 1.8604329 1.8851028 1.8688784 1.7964415 3.1179014 1.6249489 1.5688750 2.4074536 2.2601101 2.2367273 1.9750450 2.4469039 3.1863627 3.1592357 3.2648689 2.9550206 3.5202666 3.3644075 3.3708144 3.3970085 3.1189955 2.9822789 3.5520679 3.5574036 2.2647799 2.6188353 
Gasp_gasp1.m3.12280.m1                                             1.9392019 1.6882401 1.9673089 1.4848518 1.7520994 1.7705534 1.4335512 1.2461027 1.4338053 1.5721204 1.3571882 1.5400936 1.3364640 1.4742622 1.4967750 1.4421956 1.2547870 1.3459681 1.1161410 1.2205254 0.1982013 0.1972793 0.2059977 0.0000000 0.1335755 0.8252413 0.3457900 0.6934375 0.7420234 1.0769294 1.2135698 1.9424765 1.8242369 1.4443794 1.5232466 1.7825802 1.8662741 1.7618308 1.7116105 1.8005191 1.6521134 2.0205175 1.3230582 1.8652261 1.7570948 2.0087206 2.0637115 1.7632445 1.6878810 1.5322775 1.8744722 1.6629732 2.2488844 1.8659074 1.7577358 1.7425525 1.8029850 2.2467903 2.3905249 1.9580033 1.9793321 1.7962782 1.8730734 1.8694000 2.6418904 4.0657157 2.1136506 2.7931058 1.9455238 2.0216556 1.9697125 1.9923414 1.8212757 1.6474794 1.7438467 1.8353879 1.8498836 1.8943541 1.7090258 2.7762042 1.5991161 1.5774380 2.4686613 2.1958738 2.2751672 2.0529491 2.4340718 3.3024997 3.3836288 3.1197318 2.8827544 3.4714729 3.2376166 3.5985219 3.5632591 3.2197644 3.1253348 3.4850278 3.4899883 2.0360242 2.6033057 
Fspp_ffun1.m4.15416.m1                                             1.9440108 1.5420021 1.8585679 1.4700239 1.6976599 1.8192855 1.6424127 1.2987160 1.7448443 1.6579647 1.1181364 1.6847570 1.1620624 1.4895868 1.5020854 1.5004897 1.2464754 1.3258963 1.1628571 1.2151793 0.1884375 0.1688387 0.1949698 0.1335755 0.0000000 0.7504808 0.3325068 0.6996609 0.7164413 1.0643073 1.1796268 2.0329359 1.9923892 1.3488879 1.5548571 1.6794528 1.8431592 1.7554522 1.5295290 1.5194625 1.6412145 2.0669177 1.3575623 1.8195845 1.6654417 2.0281740 2.1832344 1.8288228 1.7749064 1.5745841 1.5745841 3.5601979 2.2652429 1.5289422 1.6569219 1.6588929 1.8374409 2.6303836 2.0793001 1.8616212 1.9117163 1.9177393 1.9854875 1.9807689 2.3153385 3.5867764 2.1064070 2.6090923 1.7448060 1.7742301 1.7845619 1.7845619 1.7020579 1.4690784 1.6065580 1.6862432 1.7025818 1.6814822 1.7238324 2.2279582 1.5248967 1.5178162 2.6578017 2.1217478 2.0424389 2.1787131 2.4740791 2.8838060 2.8300958 3.0196300 2.9073140 3.5218932 3.3818977 3.2820567 3.2600098 3.3559517 3.1749999 3.7011708 3.7079193 2.1819336 4.3624353 
Amil_Amillepora05596-RA                                            2.9785629 2.7296846 1.9567338 2.2576827 2.3672533 2.6701821 2.6376070 1.8622620 1.7031389 2.2826329 1.9186966 2.6272250 1.8905807 1.8919023 2.0523109 1.5146809 1.7570348 1.7698365 1.7044495 1.7558431 0.8844242 0.8601780 0.7221679 0.8252413 0.7504808 0.0000000 0.2530612 1.3097048 1.4302766 1.6946140 1.7691642 2.5196422 2.3745084 1.7965709 2.2741158 4.2908348 2.8179422 2.5212586 2.5163041 4.2488923 2.4298126 2.1303827 2.1208511 3.0811284 2.2996055 2.5595570 3.1872737 2.3016423 2.6249301 2.1138966 2.1138966 4.3558840 2.9506290 2.3276488 2.4807560 3.9145784 2.3931610 8.7570193 3.1649366 2.5697002 2.6585484 2.4326040 2.4642280 2.4714995 2.4798903 4.3532060 2.7265071 3.6034872 2.7631504 2.7175553 2.6847967 2.6847967 2.5939695 2.1751363 2.1596433 2.1671203 2.1954625 2.2900552 2.6178260 2.8439122 2.6910548 2.0711473 2.9320873 2.8083561 3.0006974 2.8452108 2.6535021 3.6517534 3.1291537 4.3240380 4.1699450 5.3617540 4.1780037 3.9207562 3.8449796 4.4832788 4.7114168 4.8959723 4.8743390 2.9603329 7.6872569 
Adig_XM_015895998.1                                                1.9297593 1.8006364 1.8705738 1.4305495 1.8088325 1.6939478 1.5622895 1.3233323 1.3820090 1.6206088 1.4501230 1.7291748 1.2781699 1.4760059 1.5629026 1.5004598 1.4710966 1.4874977 1.3680627 1.3751881 0.4336281 0.3182011 0.2838356 0.3457900 0.3325068 0.2530612 0.0000000 0.7462590 0.7441822 1.1896748 1.2488119 1.7616238 1.8858667 1.5110668 1.6321858 1.5380075 1.8580337 1.9205034 1.8203678 1.9366690 1.7468168 2.2090761 1.5382011 2.0052072 1.6579217 2.4709753 2.1018330 1.8714903 1.7545670 1.4938158 1.8681765 1.7574182 2.3567720 1.9236039 1.8318212 1.7883175 1.7889181 2.2179778 2.4124471 2.0068930 2.0484491 1.8356730 1.7422927 1.7397841 2.6819337 4.3558471 2.1079711 2.8395022 2.2312935 2.2281730 2.2251281 2.2351998 2.1564651 1.7155857 1.8394538 1.8993188 1.9144230 1.9916726 2.0506781 3.3743944 1.5930459 1.5380530 2.5222951 2.3668915 2.3944239 1.9292055 2.3009549 3.3749680 3.3386234 3.3987019 3.0082874 3.6476249 3.2917385 3.8125512 3.7433249 3.4094171 3.2412981 3.5266602 3.5103408 2.2216263 2.2109510 
Exapal_XM_021061644.2                                              1.7823455 1.7705378 1.6283891 1.2679641 1.6232517 1.7255609 1.4053686 1.3382251 1.3524128 1.4507404 1.3901743 1.5505906 1.3222114 1.5056843 1.3563218 1.1184203 1.1995620 1.2105411 1.1543001 1.2023611 0.6801567 0.5924092 0.7482591 0.6934375 0.6996609 1.3097048 0.7462590 0.0000000 0.5464742 1.0252872 1.0503866 1.7687157 1.6405157 1.3334544 1.5728589 1.3464463 1.7646995 1.8406852 1.6306797 1.8619293 1.7622360 2.1656769 1.4221175 1.7236488 1.7355966 2.2989725 1.9534427 1.9746420 1.5805759 1.4699142 1.8395561 1.5515149 2.1225510 1.9678732 1.8444681 1.7681526 1.7236344 2.0302574 2.3386681 1.8394536 1.8444738 1.5855759 1.5865420 1.5896730 2.6649968 4.1779357 2.0238986 2.8361997 2.1740555 2.2383068 2.1690526 2.1845433 2.1565868 2.0508813 2.1155131 2.1166753 2.1333192 2.0191973 2.1226374 3.3065706 1.8430912 1.7204122 2.1094590 1.8918768 1.9293329 1.9717794 2.0859310 3.7944162 3.7152875 3.2920845 2.7726405 3.6678025 3.1917921 3.7023426 3.4933971 3.1790312 3.0277805 3.1592634 3.1645396 2.0968106 3.5127753 
Nvec_v1g236734                                                     1.6670682 1.7504903 1.6989268 1.2631967 1.7276954 1.7195257 1.5413903 1.4598237 1.5030756 1.4676039 1.4111963 1.6026419 1.2681489 1.5310164 1.4569363 1.3677624 1.2811002 1.3181531 1.2166095 1.2711835 0.7236197 0.5546930 0.7163391 0.7420234 0.7164413 1.4302766 0.7441822 0.5464742 0.0000000 1.0222846 1.1368059 1.8018585 1.9232575 1.3660436 1.5984776 1.6083342 1.8088067 1.9363020 1.7185622 1.8848486 1.8497778 2.1061004 1.4492534 1.8373102 1.9287685 2.2983394 2.2409447 2.0088538 1.5201164 1.5924281 1.8697540 2.3130692 2.2291836 1.9801582 1.9170136 1.8277212 1.8654391 2.2411743 2.2574057 1.9022234 2.1143465 1.6633254 1.7244617 1.7210781 2.6836806 4.6443871 2.0230395 3.0420515 2.0838022 2.1798177 2.1498961 2.1650135 2.1754950 1.9090343 1.9822448 2.0401762 2.0562036 1.9253622 2.0649983 3.0702481 1.7969662 1.6789377 2.1981309 2.0186734 2.2379582 2.1000410 2.2480124 3.3008472 3.3758417 2.9918819 2.9145051 3.5282587 3.0978306 3.4986947 3.2778003 2.9205789 2.9876099 3.1741070 3.1956558 2.2525591 3.4620398 
Dgig_XM_028549591.1                                                1.8239547 2.0693721 1.8297117 1.5532062 1.8423995 1.7446564 1.6813605 1.3395641 1.5686582 1.6604251 1.4766474 1.7316103 1.3766897 1.4982158 1.4618765 1.4745934 1.2752338 1.2916556 1.2636528 1.3261213 1.1381736 1.0461278 1.1232299 1.0769294 1.0643073 1.6946140 1.1896748 1.0252872 1.0222846 0.0000000 0.3460039 1.9531659 1.7741120 1.4961757 1.6790159 1.5606156 1.8733862 1.7187378 1.5325652 1.6583337 1.7559532 2.2117025 1.4689775 1.7416760 1.7155220 1.9307608 2.2273706 1.9193002 1.6300670 1.5381117 1.9679090 1.0017463 2.1625435 2.0872548 1.8764148 1.8455738 1.8678444 2.5071819 2.6802519 1.9460612 1.9579097 1.5070168 1.8829431 1.8950903 2.6603189 5.0648949 1.9405011 3.2109867 2.0148658 1.9997286 1.9992443 2.0138171 1.9259011 1.7135617 1.8313716 1.8901155 1.9057166 1.8075957 1.8695593 2.7510360 1.5154990 1.6039427 2.2729851 2.2269959 2.3812944 2.2711480 1.9941061 3.7391804 3.7715756 3.3406157 3.1378531 3.3535563 3.2898214 3.1448700 2.9451126 2.8300398 2.9858991 3.3186055 3.3226173 2.2568823 4.5718125 
Xesp_000486-T1                                                     1.9113853 2.1900853 1.6194214 1.4359898 1.9385235 1.7740286 1.6524519 1.3702348 1.5272677 1.6366033 1.5068568 1.6970661 1.3938184 1.3872125 1.4423132 1.4642825 1.3659591 1.3963246 1.3750635 1.3506323 1.1903644 1.1020693 1.1880253 1.2135698 1.1796268 1.7691642 1.2488119 1.0503866 1.1368059 0.3460039 0.0000000 1.9374894 1.7700953 1.6350933 1.7856335 1.4753692 2.0561310 1.7667088 1.5659220 1.6892622 1.8804143 2.1527493 1.5191266 1.8455224 1.7687182 1.8894534 2.0804180 2.1483301 1.6196901 1.6842348 2.0910531 1.2506462 2.1336814 2.1659974 1.9635163 2.0102667 1.7781160 2.3045150 2.6799547 1.9905661 1.8573837 1.5233153 1.8206157 1.8290467 2.7364386 4.9082754 2.0014024 3.0552781 2.0497923 1.9299280 1.9921154 2.0066136 1.8402545 1.7941187 1.9373670 2.0284272 2.0564528 1.9186119 1.8697262 3.0050919 1.6667488 1.8045103 2.3315771 2.3397611 2.2946485 2.2735163 2.0175716 3.7769339 3.6460592 3.3396247 3.0308622 3.2273131 3.1498306 3.1472394 3.0074768 2.8792068 2.9673493 3.4168438 3.4076500 2.2109375 4.5881034 
Tcas_TC000750_001                                                  2.0136848 2.6215012 2.6239780 2.1226130 2.0060059 2.0862019 2.3909166 1.4211093 1.3227645 1.1888310 1.4603894 1.4750744 1.4778485 1.5759670 1.3856802 1.8006577 2.0686223 2.1935144 2.0855958 2.1181311 1.7745680 1.6858260 1.7338902 1.9424765 2.0329359 2.5196422 1.7616238 1.7687157 1.8018585 1.9531659 1.9374894 0.0000000 1.2107674 1.9887545 2.2166481 2.1873897 2.1239476 1.9845741 2.0660888 2.3529614 2.0400359 2.1626445 1.6679984 1.8976147 1.9071604 2.1157158 1.9110685 2.2747713 1.7470550 1.8521763 2.1896848 2.4088855 2.0014544 2.1696970 2.0008667 2.1319132 1.9845013 2.3505649 2.3956217 2.0605109 2.3420636 1.7995146 1.6561674 1.6453329 2.7795850 4.3515493 2.3508081 3.1781873 2.3137292 2.4274635 2.4367308 2.4416910 2.3810346 2.5057189 2.6112453 2.5076136 2.5082260 2.5825319 2.4469280 3.2132771 2.2152592 1.9461124 2.7930876 2.6985143 2.4209882 2.2444479 2.4826208 3.1810224 3.2505532 3.1210221 2.7360721 3.3328669 3.1556638 3.0318088 2.9098009 3.1162644 3.2485733 3.0995285 3.1295482 2.3555453 4.8103550 
Dpul_mRNA15251                                                     2.0137100 2.3176404 2.4078291 1.8543373 1.9842609 2.0850319 2.1956508 1.5398588 1.4589007 1.3963767 1.5076971 1.5812252 1.3365198 1.5784629 1.4082987 1.7876145 2.1695589 2.1775423 2.2723404 2.1670788 1.8805045 1.7562577 1.8247379 1.8242369 1.9923892 2.3745084 1.8858667 1.6405157 1.9232575 1.7741120 1.7700953 1.2107674 0.0000000 2.2857039 2.1891731 3.0129738 1.9817450 2.2297694 2.0024219 2.5314190 2.1582177 2.0301566 1.7067438 1.8526909 1.7782665 1.7169788 1.8329008 2.1163556 1.6862492 1.9224087 2.2543990 2.3744836 2.2400233 2.0332968 1.9816933 2.1887758 2.1011985 2.2693240 2.6845236 2.2880706 2.4441984 1.7359279 1.9141847 1.8993058 2.9375822 4.9790739 2.2293065 3.2551194 2.4412998 2.4498902 2.5604766 2.6001753 2.3279779 2.1876518 2.2768835 2.2679587 2.2748146 2.5474943 2.4137467 3.3728933 2.1669405 2.2313379 3.1523190 2.9971051 2.2643110 2.4156705 2.7943475 3.9611213 3.7716558 3.5714507 3.4917648 3.9594028 3.4715650 3.4267776 3.2705950 3.5075907 3.6454193 3.6678368 3.6932447 2.4615684 5.2690166 
Chem_TCONS_00064212                                                2.0479330 1.8527429 2.2856066 1.7358379 2.0035330 2.0331509 1.8280712 1.7272186 1.7593269 2.0145401 1.9155139 2.0500225 1.7889977 1.9155927 1.9958390 1.5610326 1.3246261 1.2987655 1.3269802 1.3632562 1.3913559 1.3609603 1.4353665 1.4443794 1.3488879 1.7965709 1.5110668 1.3334544 1.3660436 1.4961757 1.6350933 1.9887545 2.2857039 0.0000000 0.9637712 1.5904369 2.1123223 2.0631491 2.1014805 2.4333134 2.0361864 2.6323294 1.9251707 2.3483204 2.1900309 2.3378630 2.2135544 2.6330738 2.0169767 2.0671326 2.3400629 2.4184451 2.0893300 2.2426385 2.2099833 2.4342147 2.1767887 3.0983680 2.9627357 2.3474463 2.4197167 1.9520054 1.9242791 1.9364467 3.1823237 5.9794574 2.3802970 3.6409410 2.4038280 2.3349392 2.3307324 2.3481536 2.2253372 1.8081043 1.8992384 1.8869537 1.8919581 1.8627714 2.1693297 2.7017977 2.0722726 1.8862051 2.3948367 2.1231689 2.4029240 2.3137945 2.2261380 3.7993546 3.3865831 3.4535345 3.5278745 3.6145666 3.4334501 2.7585777 2.6951590 2.8056645 3.5409333 3.4525418 3.4779691 2.6427823 5.7945839 
Hvul_g2923_1                                                       2.1022830 1.7676397 2.3392402 1.4862837 2.0408832 1.9337096 1.6892410 1.7726119 1.8782300 1.9455178 1.6946291 2.0572363 1.7313128 2.0412701 1.8505274 1.5156697 1.2345975 1.2697944 1.2989644 1.2206628 1.5577628 1.4434265 1.5423887 1.5232466 1.5548571 2.2741158 1.6321858 1.5728589 1.5984776 1.6790159 1.7856335 2.2166481 2.1891731 0.9637712 0.0000000 1.4684304 2.0870516 2.1066990 1.9484388 2.2713365 1.9164978 2.5357901 1.7900617 2.5711260 2.0867909 2.5821128 2.3394663 2.3655799 2.2150880 2.0928741 2.5365597 1.8102829 2.3939430 2.3049873 2.1887522 2.2642718 2.2711470 2.9248658 3.0204944 2.2278080 2.5335026 2.2187770 1.9883866 1.9854941 3.3891495 5.6699877 2.5807528 3.4784752 2.6187743 2.6149110 2.6132622 2.5954251 2.4426459 2.1726195 2.3422989 2.1825830 2.1837004 2.2178082 2.2115314 3.6371637 2.0703907 2.3333022 2.4650556 2.3327143 2.4436008 2.1318214 2.3709300 3.7478685 3.6612396 3.4705941 3.2059581 3.9777680 3.4416995 3.1100528 2.8823552 3.0859479 3.5121303 3.4854964 3.5340330 2.4661097 5.7239534 
Morvir_scaffold1076.g1.t1                                          1.4496617 1.3971459 0.0000010 1.0795021 1.5607283 1.4532220 1.3229906 1.9203068 1.9093024 2.1227233 1.1024758 1.9688975 1.0246148 2.5506817 2.0403843 0.0000010 1.3694459 1.3591121 1.2114537 1.2129211 1.5784655 1.6547608 1.8153243 1.7825802 1.6794528 4.2908348 1.5380075 1.3464463 1.6083342 1.5606156 1.4753692 2.1873897 3.0129738 1.5904369 1.4684304 0.0000000 1.3998270 1.4089645 1.2855780 1.2855780 1.2675253 5.7687201 1.2864178 1.4865838 1.8672245 2.4516163 1.5876341 2.3197983 1.9807707 1.3104315 1.3104315 0.0000010 2.5487076 1.7675244 1.6717322 2.2293877 2.1900040 2.1900040 2.3053665 2.3053665 2.8036360 2.0783876 1.9079190 1.9461385 4.1930374 4.1930374 2.2879723 1.8643459 2.0875685 1.9738754 2.4569421 2.4569421 1.9156502 2.1914854 2.3163243 2.3478093 2.3478093 2.0726942 1.8753330 0.0000010 1.4395798 1.7901328 3.2787036 3.1077900 2.3565870 2.3874993 3.1003276 5.5260652 0.0000010 3.6005790 3.7616330 2.9974837 3.0683648 0.0000010 0.0000010 3.2875054 3.0166426 2.7552752 2.7642569 2.6210583 4.0037584 
Acaspe_EP00035_Acanthoeca_spectabilis_P018279                      1.9933303 2.1255718 2.2170578 1.6378621 1.8827269 2.0201039 2.0614276 1.7846224 1.7113098 1.9387310 1.9750742 1.8818600 1.8752925 2.0902712 1.7958983 2.1733015 1.8368156 1.9308495 1.8190746 2.0232831 1.9370129 1.5748588 1.8134214 1.8662741 1.8431592 2.8179422 1.8580337 1.7646995 1.8088067 1.8733862 2.0561310 2.1239476 1.9817450 2.1123223 2.0870516 1.3998270 0.0000000 0.5912400 1.1678778 1.7179851 1.3012693 1.4716862 1.0809040 1.6004611 1.5079733 1.5200058 1.4773109 1.8192285 1.2248215 1.4152730 1.6731506 2.0163475 2.0648663 1.9272884 1.9878323 2.0422022 1.8436114 1.9838614 2.2284259 1.9838833 1.7785538 2.0109707 2.3405068 2.3589295 2.2787464 3.8083633 1.6094157 2.1968074 2.2958726 2.2332165 2.2926735 2.3133628 2.2092063 2.1503393 2.1926659 2.1338735 2.1369694 2.1967806 2.1408189 3.7999585 2.1808639 2.0028419 2.5673370 2.3170721 2.2715069 2.1410097 2.5406908 3.6810537 3.6019129 3.1951272 2.8672898 3.0998578 2.8656577 3.1480318 2.9779453 2.8387578 2.8076105 2.7115022 2.6767665 2.8820000 4.7398107 
