87
Emue_Em0004g93a.t1                                        0.0000000 0.6234122 0.5781230 0.8048824 0.7532823 0.9708752 1.1441357 0.8912151 1.0742656 1.0864546 0.9395544 1.1791279 1.2099531 1.1203022 1.0292600 1.0357120 1.0727697 1.0477687 1.1445122 1.1019909 0.9356725 0.9878080 0.9725921 0.9982209 1.1783041 0.9548441 0.9548441 0.9258557 0.9491194 1.0014018 1.1481534 0.9072574 0.8461232 0.8358725 0.8668715 0.8750034 0.9245844 1.0201233 1.0369939 0.9561419 1.1679439 1.1230719 1.0009041 1.0131140 1.0293071 1.0760955 1.2663675 1.4478529 1.1108282 1.2343661 1.7711173 1.4098445 1.3430861 1.2897686 1.0932261 0.9967712 1.3030546 1.3240449 1.1490527 1.1379987 1.1297882 1.2745846 1.5806388 1.5791120 2.2432583 1.1462279 1.2369526 1.7065534 0.9429392 1.3954449 1.3490588 1.5949807 1.8279454 1.7343284 1.7317725 1.5034453 1.6708317 1.5753988 2.6516801 1.5092744 1.3376710 2.3716410 1.3146934 1.0666568 1.1416498 1.2255806 2.7865250 
Tetwil_g14576.t1                                          0.6234122 0.0000000 0.4830737 0.8441736 0.6777543 0.8536067 0.6989793 0.9163473 1.1045226 1.1161629 1.0547480 1.0487661 0.9620433 0.9707402 1.1125688 1.1153512 0.9975346 1.1098912 1.2194363 1.0253717 0.9933135 1.1934200 1.1652572 1.1768963 0.7397320 1.2574160 1.2574160 0.9104944 1.1018038 0.9947620 0.8793440 0.8410256 0.9879306 0.9808625 1.0266840 1.0358994 1.0905792 1.0952950 1.0978772 1.0003034 0.8363955 1.0380790 0.8924739 1.2799998 0.8162407 0.9352864 1.2879769 1.2363695 1.0511551 1.3524863 2.0376575 1.4417096 1.2784299 0.9785247 1.2712363 1.0088524 1.2529556 1.3420874 1.1579993 1.1770222 1.1320510 1.2901527 1.8134405 1.1311069 2.5935444 1.3712824 1.4400591 1.9167400 1.1238554 1.6557829 1.6503192 1.8517104 2.0059128 1.8217757 2.0122170 1.6766652 1.7805000 1.5630023 1.7984155 1.5811462 1.5238374 1.8331263 1.9792650 1.3443830 1.5229320 1.5899229 2.6000933 
Stycar_maker-SC_scaffold123823-augustus-gene-0.176-mRNA-1 0.5781230 0.4830737 0.0000000 1.0009851 0.7957716 0.9951633 0.8105547 1.0379514 1.1952921 1.2112577 1.0243633 1.2465705 1.1815991 1.1173739 1.1763934 1.1351698 1.1550237 1.1907942 1.2940498 1.0603147 1.2280853 1.3788461 1.3801032 1.2997786 0.9278024 1.2846321 1.2846321 0.8374607 1.0957140 1.1074611 0.9782011 0.9036312 1.1325752 1.1758226 1.1436773 1.1537047 1.2085587 1.1739410 1.1602269 1.1150925 1.0706850 1.3352789 1.0689903 1.5495315 1.1908591 1.2199191 1.4129824 1.4178816 1.2929664 1.5159061 2.1695664 1.4555284 1.4561787 1.0362466 1.3103157 1.0886171 1.3979046 1.4169697 1.3083926 1.2039023 1.2540675 1.5043160 1.9662886 1.3817860 3.1861687 1.4102508 1.4964757 2.0357573 1.3164114 1.7285231 1.5388522 1.8810396 2.1111919 1.9913462 2.1131140 1.8585465 1.5158640 1.7593350 2.1030176 1.7088793 1.6351839 1.6853717 2.0885430 1.4138352 1.6029606 1.8417524 2.7256827 
Aque_Aqu2.1.43671_001                                     0.8048824 0.8441736 1.0009851 0.0000000 0.6431259 1.1202479 0.9184435 1.0796465 1.2631043 1.2757219 1.2062204 1.2443484 1.1951304 1.1900554 1.2492422 1.2024562 1.2650342 1.2832968 1.4109601 1.2484658 1.2152233 1.2328663 1.1696238 1.1057305 0.9451512 1.1544804 1.1544804 0.9691373 1.1165498 1.1605911 1.2180463 1.1848553 0.9775968 0.9521554 1.0006512 1.0123498 1.0885551 1.0705590 1.0603225 1.0892535 0.9828087 1.2920113 1.0496452 1.5741038 1.2109145 1.2911805 1.2887146 1.3581276 1.1695413 1.5316914 2.1379847 1.6619508 1.4756113 1.2817320 1.3998094 1.1668670 1.3309647 1.3303117 1.3490080 1.1700815 1.2827063 1.5218381 2.0397532 1.5700927 3.0449958 1.5260514 1.6243908 2.1691017 1.2257190 1.6843705 1.5979616 1.8000206 2.0046911 1.8248401 2.0644621 1.7547525 1.8565307 1.8265928 2.0128606 1.8093738 1.7030215 1.9092799 2.1086404 1.3470724 1.5538165 1.2146556 3.2942484 
Xestes_maker-XT_scaffold561-augustus-gene-0.29-mRNA-1     0.7532823 0.6777543 0.7957716 0.6431259 0.0000000 1.0316120 0.7037392 0.9649372 1.2053898 1.2218387 1.0870051 1.1941182 1.0564841 1.0895316 1.1648610 1.1280658 1.1058659 1.3384121 1.5005953 1.2761612 1.2203542 1.2332483 1.0566642 1.0861840 0.7017740 1.0834416 1.0834416 1.0774696 1.1700166 1.2001646 1.1906502 1.0863044 1.0499473 1.0533506 1.1058982 1.0989531 1.2183131 1.1861239 1.1752867 1.1097650 0.8985742 1.4554657 1.0614693 1.4240298 0.9866976 1.0990646 1.4756304 1.4831351 1.1198966 1.6425787 2.4242579 1.6951981 1.2899744 1.0477229 1.3571736 1.2108803 1.4108952 1.3605731 1.3493966 1.3997138 1.3475650 1.5613702 2.1768602 1.4991910 2.9029524 1.4385614 1.5873755 2.0322253 1.4028941 1.6363063 1.4791366 1.5948063 1.9313353 1.7251121 1.9761035 1.6771081 1.6538543 1.8975532 1.9231324 1.8299262 1.7316421 2.1007714 2.1689732 1.4762077 1.6408042 1.4607419 3.1489575 
Bralan_BLAG10000674_1                                     0.9708752 0.8536067 0.9951633 1.1202479 1.0316120 0.0000000 0.6181799 0.9097430 0.8351611 0.8203342 0.6066317 0.8463649 0.8710668 0.7743754 0.8584532 0.8579017 0.8934826 0.9263709 1.0420250 0.7589317 0.9673214 1.0852928 1.0643367 0.8800968 0.7439535 1.1395790 1.1395790 0.9373350 1.1524497 1.0265049 0.9721184 0.7402165 1.1311335 1.1565231 1.0975279 1.0944649 1.2115580 1.1087764 1.1249211 0.8717281 0.8971262 1.1021752 0.7297529 1.3614124 0.8405991 0.8559438 1.2782387 1.2201277 1.1522492 1.4771919 2.0563330 1.3986572 1.2564561 0.8962516 1.1528852 1.1239570 1.3809548 1.4794910 1.1843959 0.9931116 1.2150303 1.3466436 1.8328323 1.1731946 3.0670721 1.3285505 1.2949431 1.8111279 0.9225339 1.6282295 1.7258937 1.8249206 1.8128459 1.6532684 1.8129195 1.6290526 1.5340576 1.6404578 1.7275628 1.4088477 1.8868531 1.8965039 2.0866503 1.4224131 1.4541259 1.4871972 2.6535969 
Hvul_g6529_1                                              1.1441357 0.6989793 0.8105547 0.9184435 0.7037392 0.6181799 0.0000000 0.8549201 0.8623896 0.8623896 0.4847501 0.8824235 0.7663349 0.7955547 0.8231680 0.8231680 0.8850196 1.0058012 1.3486712 0.0000010 0.6363527 0.6611377 0.7265838 0.8179283 0.6500354 0.7742537 0.7742537 1.0682542 0.8876762 1.1031830 1.1031830 0.7122705 0.9996715 0.9547145 0.8740630 0.8740630 0.8723243 0.9402380 0.9402380 0.7668148 0.7481194 1.4017523 1.1875812 0.0000010 0.7128246 0.7128246 1.2596982 1.2596982 0.9470451 1.2543524 4.7896247 1.2362164 1.2051935 1.2051935 1.2974872 1.0841155 1.0599742 1.1721629 0.9105867 0.9461078 1.0589946 1.3038883 6.5415002 1.3038883 0.0000010 1.1768557 1.3255503 3.9681206 0.0000010 0.9356627 1.2726467 1.3924182 1.5140867 1.5140867 2.6541634 1.3640402 1.6798089 1.7541442 1.8177297 1.6838054 1.6576109 1.6488456 5.2098402 1.5095070 1.2581407 1.0222128 2.9945537 
Cgig_XM_011446518.3                                       0.8912151 0.9163473 1.0379514 1.0796465 0.9649372 0.9097430 0.8549201 0.0000000 0.8396434 0.8412016 0.5750463 1.1582230 1.1240537 0.9702639 1.0646097 1.0354787 0.9966861 0.9360741 1.0390669 0.6781473 0.9886736 1.0897556 1.1818985 1.1063461 0.9323463 1.1628113 1.1628113 1.1077740 1.2308216 1.1383958 1.1456909 0.9222939 0.9009074 0.9300528 0.9243915 0.9334506 1.0339967 1.0716879 1.0578335 0.9207971 0.9741084 0.8791477 0.9208686 1.2279353 0.9331320 0.9604965 1.2228018 1.2163223 1.1442950 1.4466583 2.0009901 1.5557919 1.4553139 1.0990516 1.3757380 1.1642264 1.5062755 1.4446154 1.4197228 1.1037629 1.2621070 1.4091358 1.9417465 1.2859243 3.4670936 1.3985072 1.4529296 1.8861174 1.1661763 1.9061523 1.6501387 1.9792139 1.8790145 1.8583262 2.1216060 1.8641847 1.7540211 1.9342624 2.1599830 1.6037397 1.9560457 1.8622447 2.2237004 1.4504287 1.6636277 1.3570838 2.6476063 
Ctel_gnl_WGS_AMQN_CAPTEDRAFT_mRNA116052                   1.0742656 1.1045226 1.1952921 1.2631043 1.2053898 0.8351611 0.8623896 0.8396434 0.0000000 0.0082097 0.0121656 1.0323142 1.0586261 0.9258069 1.0415718 1.0174165 0.9898902 1.0232139 1.1711796 0.7329177 1.0976799 1.1706959 1.1247926 1.0576088 0.9053804 1.1935111 1.1935111 1.2306271 1.4210417 1.2872701 1.3754362 0.9161213 0.9604821 1.0021054 0.9835337 0.9867128 1.1348492 1.0940545 1.0883570 0.9241916 1.0881641 1.0809820 0.8922705 1.1769573 1.0591560 1.0738944 1.4268811 1.4950739 1.1628872 1.4373325 2.1531821 1.5292093 1.4243485 1.2495841 1.4786610 1.3980441 1.5839513 1.6001585 1.2320274 1.0278568 1.4650420 1.5337816 2.1667187 1.3415415 3.5147925 1.7501817 1.5192625 2.1406418 0.9320924 1.9169892 1.5441937 1.9761799 1.9731811 1.7717091 2.0355993 1.7346848 1.8093791 1.8757341 1.6106959 1.7031631 1.9101332 2.4077354 2.6299780 1.7922771 1.6192131 1.3148708 2.8317326 
Ctel_gnl_WGS_AMQN_CAPTEDRAFT_mRNA137298                   1.0864546 1.1161629 1.2112577 1.2757219 1.2218387 0.8203342 0.8623896 0.8412016 0.0082097 0.0000000 0.0000010 1.0377627 1.0641339 0.9206753 1.0568720 1.0324894 1.0040838 1.0380727 1.1877681 0.7518627 1.1056759 1.1642629 1.1404970 1.0729480 0.9053804 1.2055174 1.2055174 1.2306271 1.4305713 1.2934901 1.4019492 0.9260565 0.9707866 1.0126947 0.9940632 0.9972663 1.1463815 1.1053941 1.0996977 0.9347463 1.0954696 1.0920962 0.9020607 1.1796582 1.0591560 1.0753039 1.4184581 1.4967096 1.1710168 1.4360324 2.1513349 1.5184643 1.4146975 1.2495841 1.4929119 1.3980441 1.5718651 1.6106621 1.2442931 1.0388197 1.4814826 1.5531131 2.2001465 1.3415415 3.4939988 1.7696565 1.5032513 2.1174548 0.9599831 1.9401757 1.5635183 1.9481599 1.9324585 1.7372305 1.9909433 1.6975262 1.7886572 1.8669074 1.6106959 1.6779433 1.8943380 2.4077354 2.5898851 1.7780629 1.6393028 1.3172011 2.9080784 
Ctel_gnl_WGS_AMQN_CAPTEDRAFT_mRNA40643                    0.9395544 1.0547480 1.0243633 1.2062204 1.0870051 0.6066317 0.4847501 0.5750463 0.0121656 0.0000010 0.0000000 0.9018483 0.9126322 0.7716386 0.8865856 0.8833035 0.8608452 0.8945105 0.9129771 0.7328830 0.9180638 0.9219282 0.9661415 0.8349264 0.7995346 0.9208136 0.9208136 1.1482841 1.2474912 1.2043681 1.2940794 0.6957595 0.7662725 0.7781633 0.7756467 0.7793373 0.8794820 0.8606188 0.8798757 0.6803663 0.8002724 0.7533355 0.6787915 0.9229607 0.9139757 0.9651286 1.4535144 1.5418396 1.0004648 1.2658962 1.3175124 1.2675926 1.2252981 0.7258883 1.1145139 1.1621582 1.4870004 1.5415688 0.9883787 0.9680228 1.1424968 1.3810645 1.6996479 1.2979362 3.2836885 1.5178901 1.3405818 1.3944895 0.8413397 1.6092974 1.4007757 1.6419468 1.6918724 1.5162820 1.5162820 1.5365510 1.7340994 1.7446584 1.6546515 1.1430552 1.6557524 4.6986338 1.7875805 1.2013298 1.4781627 1.0950356 2.3301103 
Spis_XP_022782578_1                                       1.1791279 1.0487661 1.2465705 1.2443484 1.1941182 0.8463649 0.8824235 1.1582230 1.0323142 1.0377627 0.9018483 0.0000000 0.1142127 0.2634999 0.3178248 0.3002203 0.3459155 1.0432276 1.1279792 0.8139390 0.8992992 1.0450593 1.1813272 1.0781865 0.7467920 1.2614350 1.2614350 0.8741356 1.1535987 1.1775168 1.1120075 0.9462193 1.1614349 1.1928009 1.1734464 1.1703649 1.2732270 1.2007189 1.2043271 0.9324319 0.7877872 1.1955823 1.0364538 1.4893425 1.0086224 1.0975418 1.3438922 1.4328095 1.2942675 1.4698303 2.2000858 1.5605750 1.6389511 1.1685977 1.5760062 1.3314115 1.4369779 1.4333077 1.2251044 1.1578300 1.2663878 1.7659945 2.6221559 1.3867504 4.1795308 1.4070502 1.5433568 1.9870990 0.8492785 1.8148645 1.8971468 1.9028852 2.1666716 1.9733254 2.2608371 1.8054461 1.9027421 1.8730309 2.0458240 1.7454236 1.8955221 1.9698127 2.2937690 1.4588803 1.6293068 1.4764873 3.3937918 
Pocdam_XM_027192601.1                                     1.2099531 0.9620433 1.1815991 1.1951304 1.0564841 0.8710668 0.7663349 1.1240537 1.0586261 1.0641339 0.9126322 0.1142127 0.0000000 0.2572022 0.3382830 0.3168467 0.3383984 1.0445147 1.1298064 0.8847768 0.8841106 1.0328864 1.1759175 1.0752399 0.7097827 1.2383364 1.2383364 0.8838925 1.1356581 1.1498792 1.0840160 0.8584346 1.0891339 1.0890047 1.1267065 1.1111338 1.2166367 1.1470577 1.1504629 0.8845020 0.7806750 1.1873060 1.0446730 1.6191771 1.0161873 1.1218741 1.3370739 1.3086139 1.2461343 1.3981567 2.0997215 1.4920225 1.5772687 1.1328833 1.4383189 1.1973505 1.4107055 1.3788640 1.2117328 1.1603707 1.3014979 1.6827539 2.4806499 1.3951234 3.8071803 1.3963046 1.5082921 1.9385568 0.9121842 1.7049352 1.8270942 1.7838533 2.0485912 1.9303357 2.1865884 1.7666988 1.9033070 1.7953417 1.8927004 1.6857532 1.8018607 1.7058282 2.3015635 1.4129811 1.6049650 1.3777690 3.1892315 
Gasp_gasp1.m3.17431.m1                                    1.1203022 0.9707402 1.1173739 1.1900554 1.0895316 0.7743754 0.7955547 0.9702639 0.9258069 0.9206753 0.7716386 0.2634999 0.2572022 0.0000000 0.3078352 0.2996303 0.3254072 0.9681279 1.0709207 0.9435705 0.8560979 0.9828237 1.1009873 0.9911290 0.7667720 1.1966216 1.1966216 1.0320301 1.1514801 1.2107335 1.1809081 0.7970657 1.1157868 1.1407422 1.1269630 1.1378254 1.2145491 1.1342037 1.1377169 0.9117689 0.7562736 1.0947050 0.9848399 1.3486335 1.0475257 1.0977304 1.3385527 1.3624063 1.3110182 1.5595217 2.2011737 1.6364752 1.3920968 0.9582089 1.4122919 1.0990440 1.4555290 1.4806797 1.0881054 1.0824607 1.2654582 1.6096362 2.4857177 1.2468820 3.8981037 1.3374299 1.5073957 1.9727682 0.7969996 1.5986157 1.8373178 1.8888385 2.0919602 1.8478501 2.0215885 2.0054234 1.8287477 1.7588998 1.8075965 1.5895205 1.7406274 1.7491443 2.1457702 1.4034683 1.6366807 1.3864176 3.2353862 
Amil_Amillepora08512-RA                                   1.0292600 1.1125688 1.1763934 1.2492422 1.1648610 0.8584532 0.8231680 1.0646097 1.0415718 1.0568720 0.8865856 0.3178248 0.3382830 0.3078352 0.0000000 0.0217913 0.2675731 1.0260854 1.1116760 0.8697404 0.9334899 1.0578441 1.2278136 1.1251454 0.7935867 1.2020651 1.2020651 0.9700328 1.1988812 1.1859964 1.1629352 0.8521079 1.1766194 1.2114019 1.1826880 1.1936248 1.2690191 1.3109550 1.3121549 0.9007279 0.8302967 1.2544143 1.0605640 1.4616242 1.0611283 1.1023329 1.3907234 1.4525385 1.3105996 1.5498661 2.1230785 1.6327561 1.5591666 1.0954879 1.4983627 1.2304609 1.6132593 1.4949276 1.2229492 1.2227557 1.3152880 1.6108408 2.4247228 1.4096469 3.8865725 1.3799277 1.5918445 2.0977988 0.9402206 1.8662585 1.8543755 1.7671688 2.1882754 2.0524296 2.2986629 1.9806654 1.7453021 1.7515364 1.8249884 1.7810118 1.8363780 1.8297886 2.2619224 1.4587149 1.7284244 1.5398261 3.3915792 
Adig_XM_015916772.1                                       1.0357120 1.1153512 1.1351698 1.2024562 1.1280658 0.8579017 0.8231680 1.0354787 1.0174165 1.0324894 0.8833035 0.3002203 0.3168467 0.2996303 0.0217913 0.0000000 0.2633125 1.0401672 1.1275048 0.8802017 0.9202291 1.0701548 1.2106309 1.1232374 0.7935867 1.1412465 1.1412465 0.9700328 1.1708257 1.2188723 1.1629352 0.8217563 1.1436859 1.1804875 1.1609593 1.1717207 1.2437791 1.2871575 1.2882936 0.8752138 0.8197653 1.2508323 1.0378993 1.4387814 1.0386426 1.0930478 1.3664904 1.4525385 1.3011642 1.5420516 2.1138178 1.6274173 1.5067488 1.1063726 1.4777118 1.2017295 1.5527911 1.4600820 1.1976826 1.1977582 1.3040444 1.6220770 2.4486328 1.4096469 3.9751133 1.3696923 1.5788574 2.0797579 0.9403510 1.8098886 1.8098368 1.7327009 2.1632600 2.0082754 2.2451599 1.9599911 1.7582173 1.7715154 1.8249884 1.7967340 1.8412928 1.8297886 2.2323895 1.4456963 1.6833876 1.5198479 3.2828497 
Gfas_gfas1.m1.15595.m1                                    1.0727697 0.9975346 1.1550237 1.2650342 1.1058659 0.8934826 0.8850196 0.9966861 0.9898902 1.0040838 0.8608452 0.3459155 0.3383984 0.3254072 0.2675731 0.2633125 0.0000000 0.9743908 1.0499745 0.7072489 0.9688883 1.1388504 1.1761662 1.0519973 0.8750125 1.2281782 1.2281782 1.0802063 1.2037718 1.1518460 1.1261582 0.8307291 1.1391344 1.1615842 1.1721719 1.1830690 1.2635312 1.1926921 1.1947713 0.9021830 0.8084086 1.1939348 0.9980337 1.3830829 1.0805051 1.0723276 1.3462583 1.3660076 1.2931621 1.3463939 1.8735586 1.4556988 1.3718101 0.9525379 1.4209596 1.2195866 1.5280027 1.3376500 1.2421890 1.2006976 1.3368301 1.4972231 2.3144131 1.3015755 3.2070514 1.3328495 1.5814357 2.0781391 0.9601578 1.5387096 1.6828749 1.6642079 2.1044778 1.8898700 2.1060108 1.7314283 1.6983762 1.7733388 1.7258995 1.7123971 1.9238326 1.9450453 2.2896025 1.5200286 1.5838492 1.3290503 3.3405893 
Opea_EP00118_Oscarella_pearsei_P010401                    1.0477687 1.1098912 1.1907942 1.2832968 1.3384121 0.9263709 1.0058012 0.9360741 1.0232139 1.0380727 0.8945105 1.0432276 1.0445147 0.9681279 1.0260854 1.0401672 0.9743908 0.0000000 0.0427514 0.5534454 0.9966339 1.0694526 1.1659518 1.0343509 0.9796980 1.2064244 1.2064244 0.9760879 1.2509814 1.1073107 1.1888087 0.8496516 1.0197514 1.0416900 0.9864204 0.9915642 1.1168659 1.0931445 1.0964426 0.9154512 1.0257514 1.1017663 1.0316864 1.1241316 0.9912334 1.0024833 1.3313617 1.4404565 1.2645196 1.6863951 2.2414616 1.7536169 1.7333853 1.5368037 1.6225410 1.2474179 1.7378768 1.6723406 1.2842257 1.1445263 1.2431049 1.5350843 2.0595994 1.5194868 2.8440002 1.6974589 1.5376966 2.1058932 0.8625217 1.6979644 1.9449010 2.0094408 2.2649978 2.0092508 2.1857901 2.0341827 1.8977739 2.1014609 2.6801558 1.7763542 2.0343207 2.2199930 2.2797015 1.6694121 1.6891978 1.4281178 3.3422525 
Ocar_g8314                                                1.1445122 1.2194363 1.2940498 1.4109601 1.5005953 1.0420250 1.3486712 1.0390669 1.1711796 1.1877681 0.9129771 1.1279792 1.1298064 1.0709207 1.1116760 1.1275048 1.0499745 0.0427514 0.0000000 0.5655785 1.1500173 1.1810186 1.2545267 1.1224485 1.2021029 1.3282152 1.3282152 1.1067605 1.3536727 1.2351979 1.3948118 0.9766455 1.1215861 1.1459847 1.0911230 1.0971392 1.2353444 1.2075581 1.2112642 1.0213446 1.1290956 1.1467632 1.1738166 1.1632123 1.1040186 1.1129208 1.4763400 1.6761928 1.3922856 1.8295771 2.3619920 1.9023792 1.8906713 1.8352825 1.7049116 1.3269078 1.8855885 1.8052591 1.3690695 1.2716344 1.3675489 1.6596288 2.1565614 1.7088332 2.7421265 1.8631761 1.6142799 2.1575340 0.8816516 1.8379811 2.1131299 2.2048962 2.5285209 2.2384854 2.2650857 2.2224803 2.0457446 2.2487563 3.1440248 1.9111834 2.1819067 2.5557315 2.3154347 1.8016274 1.8131188 1.4647750 3.4337705 
Plajan_Pjan_C514312_01                                    1.1019909 1.0253717 1.0603147 1.2484658 1.2761612 0.7589317 0.0000010 0.6781473 0.7329177 0.7518627 0.7328830 0.8139390 0.8847768 0.9435705 0.8697404 0.8802017 0.7072489 0.5534454 0.5655785 0.0000000 0.9649568 1.0892926 0.9718740 0.8820238 1.1261217 0.9767683 0.9767683 1.0515979 1.3539921 1.1855854 1.2762921 0.7016576 1.0085541 1.0081775 0.9561028 0.9758825 1.1988952 1.1820973 1.1899153 0.8040441 0.9057837 0.7604551 0.8078921 0.8983934 0.8954412 0.8775425 1.4101665 1.6277854 1.2321476 1.5528216 1.5528216 1.5846721 1.5397157 1.4023508 1.6316230 1.3215724 1.9610056 1.8891123 1.2288698 0.9596271 0.9884403 1.6213903 1.6260068 3.6625975 2.8253057 1.3713681 1.3608061 1.3608061 0.8434749 1.8376272 1.7253227 1.8768527 2.2269596 1.9834840 1.9834840 1.8688849 1.7221364 1.8354836 6.2120479 1.6309535 2.0063852 8.9999984 1.6459576 1.1964587 1.5174943 1.0628510 3.1110693 
Dgig_XM_028562136.1                                       0.9356725 0.9933135 1.2280853 1.2152233 1.2203542 0.9673214 0.6363527 0.9886736 1.0976799 1.1056759 0.9180638 0.8992992 0.8841106 0.8560979 0.9334899 0.9202291 0.9688883 0.9966339 1.1500173 0.9649568 0.0000000 0.4704385 1.1694163 1.0409606 0.6247445 1.0735349 1.0735349 0.9072578 1.1025659 1.1771676 1.1858694 0.8956267 0.9655450 0.9719520 0.9716160 0.9978099 1.0884975 1.0195089 1.0349931 0.9491142 1.1019478 1.3682202 1.1326613 1.6479919 1.1967572 1.2868517 1.3047921 1.2295107 1.3218067 1.4369596 1.9479524 1.5242704 1.4250907 1.1933785 1.4244174 1.1921622 1.5620947 1.5310992 1.2957543 1.0481720 1.3421781 1.4852074 2.0063689 1.4239520 3.2401782 1.2853805 1.4064084 1.8701119 1.0454411 1.5238379 1.5022024 1.8467944 1.9684320 1.8504325 2.1470113 1.6029515 1.5901234 2.1137857 2.1789705 1.5578355 2.1054634 2.2410292 2.2543275 1.5000602 1.6178748 1.5252783 2.7398075 
Xesp_009582-T1                                            0.9878080 1.1934200 1.3788461 1.2328663 1.2332483 1.0852928 0.6611377 1.0897556 1.1706959 1.1642629 0.9219282 1.0450593 1.0328864 0.9828237 1.0578441 1.0701548 1.1388504 1.0694526 1.1810186 1.0892926 0.4704385 0.0000000 1.1915292 1.0724014 0.6384939 1.1300140 1.1300140 1.1479092 1.1505839 1.2453200 1.2599858 1.1513912 1.0669601 1.0391996 1.1074113 1.1044193 1.1761678 1.2119093 1.2113587 1.0816067 1.0907305 1.5032206 1.1786598 1.7332643 1.2785238 1.3530905 1.2822830 1.3442210 1.4190338 1.5183459 2.1308410 1.6957328 1.6436245 1.0687740 1.5877640 1.4407396 1.6281243 1.7214844 1.4836073 1.1199241 1.3196594 1.7156069 2.3381513 1.4237573 3.7352863 1.5277927 1.5756342 1.9914636 1.3025396 1.8377236 1.7980561 1.9805338 2.0146618 1.9998942 2.3332146 2.0225465 1.7781828 2.0063913 2.1080653 1.4833921 2.0233647 2.2199631 2.3995854 1.6680152 1.7462710 2.0290790 2.8707234 
Nemnom_g13081.t1                                          0.9725921 1.1652572 1.3801032 1.1696238 1.0566642 1.0643367 0.7265838 1.1818985 1.1247926 1.1404970 0.9661415 1.1813272 1.1759175 1.1009873 1.2278136 1.2106309 1.1761662 1.1659518 1.2545267 0.9718740 1.1694163 1.1915292 0.0000000 0.2758366 0.5346975 0.9343657 0.9343657 1.1751740 1.3026553 1.1346523 1.1028323 1.0910192 0.9398934 0.9361843 0.9534962 0.9609404 0.9762355 1.1121735 1.0934492 1.0455579 1.2442356 1.2839229 1.0599869 1.7895449 1.0769420 1.1773178 1.3668726 1.3029356 0.9780402 1.5979876 2.2641312 1.7702946 1.3820420 0.9585821 1.5234284 1.3534719 1.5262951 1.6006761 1.3262864 1.2118027 1.4016442 1.4367641 1.7764398 1.6278576 2.9484788 1.6196567 1.5186111 1.9619067 1.3725488 1.7288771 1.7869575 1.9887900 1.7212270 1.7293448 2.0753990 1.7873771 1.7370149 1.9746650 2.5124086 1.6464147 1.8472062 1.8886560 2.7365854 1.5267027 1.6031904 1.3612028 3.2612815 
Rhoesc_Res_005651-T1                                      0.9982209 1.1768963 1.2997786 1.1057305 1.0861840 0.8800968 0.8179283 1.1063461 1.0576088 1.0729480 0.8349264 1.0781865 1.0752399 0.9911290 1.1251454 1.1232374 1.0519973 1.0343509 1.1224485 0.8820238 1.0409606 1.0724014 0.2758366 0.0000000 0.4419279 0.8760722 0.8760722 1.1718141 1.2013498 1.1195995 1.0450347 0.9600066 0.8750916 0.8936533 0.8928635 0.9000282 0.9149687 0.9984262 0.9856034 0.9101495 1.1562372 1.2253227 1.0040585 1.6563771 1.0528670 1.1715353 1.1799727 1.0680736 0.9822173 1.4548160 2.0717864 1.5873342 1.3286177 0.9413487 1.3662322 1.3215525 1.6012649 1.4576444 1.2795286 1.1475486 1.2702639 1.3248267 1.6615026 1.5640286 2.8398688 1.6211364 1.4851692 1.9517878 1.1459514 1.6406216 1.6423180 1.7674782 1.6283738 1.5807916 1.8733239 1.5998032 1.6887556 1.7638203 2.4173030 1.5459062 1.7842208 2.0784550 2.3547391 1.4641727 1.5001840 1.3738692 3.2535205 
Aaur_scaffold360.g19.t1                                   1.1783041 0.7397320 0.9278024 0.9451512 0.7017740 0.7439535 0.6500354 0.9323463 0.9053804 0.9053804 0.7995346 0.7467920 0.7097827 0.7667720 0.7935867 0.7935867 0.8750125 0.9796980 1.2021029 1.1261217 0.6247445 0.6384939 0.5346975 0.4419279 0.0000000 0.5726163 0.5726163 0.8215910 0.6650122 0.7517499 0.7517499 0.7157570 0.8704822 0.8308639 0.8760190 0.8439154 0.7564243 0.8176079 0.8176079 0.7224203 0.7544158 1.2196337 0.9138392 0.0000010 0.8241971 0.8241971 0.9227448 0.9227448 0.8735723 1.5148184 3.4356593 1.5094651 1.1002262 1.0559459 1.1356673 1.2303979 1.0741856 0.9642444 0.7632270 0.9193021 0.9748935 1.2724305 3.2214005 1.2635700 0.0000010 1.4814777 1.3757321 2.5517126 1.1214087 1.2152279 1.0105913 1.2767480 1.3050036 1.3050036 2.1823402 1.2452140 1.9010631 1.3249113 2.1916309 1.4527682 1.6041324 2.2897661 6.4696460 1.2565668 1.0459400 2.3066620 3.9048497 
Sanmal_Sma_012486-T1                                      0.9548441 1.2574160 1.2846321 1.1544804 1.0834416 1.1395790 0.7742537 1.1628113 1.1935111 1.2055174 0.9208136 1.2614350 1.2383364 1.1966216 1.2020651 1.1412465 1.2281782 1.2064244 1.3282152 0.9767683 1.0735349 1.1300140 0.9343657 0.8760722 0.5726163 0.0000000 0.0000010 0.9323650 1.1146963 1.2545648 1.0144663 1.1188229 1.0657977 1.0647482 1.0832166 1.0853924 1.1295217 1.2583048 1.2384660 1.0349868 1.2800054 1.3841968 1.2350290 1.9806131 1.3353016 1.4088102 1.4113421 1.3099697 1.1433274 1.8002010 2.4019871 1.7856566 1.6093801 1.3173007 1.7314703 1.4111191 1.4456929 1.3872997 1.4096113 1.2124979 1.3256326 1.6653483 2.2415631 1.6140509 3.8960810 1.6276647 1.7024072 2.1908009 1.5929174 1.7823359 1.7775995 1.9000442 1.7760306 1.8376993 2.1412538 1.9482992 1.9118946 1.8382996 2.7253143 1.7829904 2.0157012 2.4209193 2.6737793 1.8003185 1.7283494 1.7233879 3.4916481 
Sanmal_Sma_006232-T1                                      0.9548441 1.2574160 1.2846321 1.1544804 1.0834416 1.1395790 0.7742537 1.1628113 1.1935111 1.2055174 0.9208136 1.2614350 1.2383364 1.1966216 1.2020651 1.1412465 1.2281782 1.2064244 1.3282152 0.9767683 1.0735349 1.1300140 0.9343657 0.8760722 0.5726163 0.0000010 0.0000000 0.9323650 1.1146963 1.2545648 1.0144663 1.1188229 1.0657977 1.0647482 1.0832166 1.0853924 1.1295217 1.2583048 1.2384660 1.0349868 1.2800054 1.3841968 1.2350290 1.9806131 1.3353016 1.4088102 1.4113421 1.3099697 1.1433274 1.8002010 2.4019871 1.7856566 1.6093801 1.3173007 1.7314703 1.4111191 1.4456929 1.3872997 1.4096113 1.2124979 1.3256326 1.6653483 2.2415631 1.6140509 3.8960810 1.6276647 1.7024072 2.1908009 1.5929174 1.7823359 1.7775995 1.9000442 1.7760306 1.8376993 2.1412538 1.9482992 1.9118946 1.8382996 2.7253143 1.7829904 2.0157012 2.4209193 2.6737793 1.8003185 1.7283494 1.7233879 3.4916481 
Bolinf_Binf_sb1191574                                     0.9258557 0.9104944 0.8374607 0.9691373 1.0774696 0.9373350 1.0682542 1.1077740 1.2306271 1.2306271 1.1482841 0.8741356 0.8838925 1.0320301 0.9700328 0.9700328 1.0802063 0.9760879 1.1067605 1.0515979 0.9072578 1.1479092 1.1751740 1.1718141 0.8215910 0.9323650 0.9323650 0.0000000 0.4431293 0.5287654 0.5287654 0.8057723 0.9666583 0.9799208 0.9656256 0.9860494 0.9243617 1.0102003 1.0131359 0.9446737 0.9196733 1.1918270 1.0654938 1.2128459 0.9856510 0.9155184 0.8838407 0.8838407 1.2958900 1.2712230 2.2617585 1.2098709 1.2985880 1.0637100 1.2300313 0.8202241 0.8980362 0.8591029 1.2670373 1.4413556 0.9728010 1.1411432 1.9899498 1.2812330 9.0000000 1.2688903 1.2452271 2.0142736 0.8968787 1.3164721 1.3131822 1.5532359 1.7755783 1.7755783 2.1235906 1.5471021 1.6435070 1.3167142 1.3844493 1.6261534 1.3976519 1.9240776 3.5489785 1.2555358 1.1617278 1.7632291 4.2442828 
Lampan_Lpan_13310_01                                      0.9491194 1.1018038 1.0957140 1.1165498 1.1700166 1.1524497 0.8876762 1.2308216 1.4210417 1.4305713 1.2474912 1.1535987 1.1356581 1.1514801 1.1988812 1.1708257 1.2037718 1.2509814 1.3536727 1.3539921 1.1025659 1.1505839 1.3026553 1.2013498 0.6650122 1.1146963 1.1146963 0.4431293 0.0000000 0.5292282 0.4764560 1.0320671 1.2176648 1.1810817 1.2369638 1.2462461 1.2280833 1.2469380 1.2431913 0.9956069 1.1594874 1.3111227 1.1324846 1.8005863 1.1481203 1.2727062 0.8208565 0.8687282 1.1994309 1.5054418 2.2128796 1.6740698 1.5046171 1.2852997 1.5938848 0.9090144 0.9269248 0.8424942 1.4793946 1.3946425 1.3237559 1.4412928 2.0342557 1.3592265 3.3397810 1.5186705 1.3812352 1.8002583 1.3060321 1.5299030 1.3905993 1.5141848 1.6786219 1.7142928 2.0380617 1.6614122 1.7060416 1.6330636 1.7789280 1.6929632 1.8305066 2.5257056 2.1471173 1.3553134 1.5313114 1.9550655 2.9114248 
Drygla_Dgla_sb295225                                      1.0014018 0.9947620 1.1074611 1.1605911 1.2001646 1.0265049 1.1031830 1.1383958 1.2872701 1.2934901 1.2043681 1.1775168 1.1498792 1.2107335 1.1859964 1.2188723 1.1518460 1.1073107 1.2351979 1.1855854 1.1771676 1.2453200 1.1346523 1.1195995 0.7517499 1.2545648 1.2545648 0.5287654 0.5292282 0.0000000 0.0123605 1.0823484 1.1289689 1.1233367 1.1000753 1.1035374 1.0987217 1.0933329 1.0727295 0.9990042 1.0926133 1.3788394 1.0510856 1.6177965 1.0750776 1.1922188 0.7104688 0.8053936 1.0469641 1.4513092 2.2014656 1.5657232 1.5136112 1.1650796 1.3984349 0.7841277 0.8776038 0.9548693 1.4032398 1.3504839 1.2779282 1.3633617 1.8282498 1.2510064 2.8385234 1.4027537 1.3168939 1.7180682 1.1752020 1.3543125 1.3124887 1.6108426 1.7758805 1.5882589 1.8002340 1.3093136 1.4173612 1.5749036 1.8300603 1.4904101 1.8817724 2.7291566 2.0905031 1.5581231 1.4730032 1.6874277 2.6415088 
Drygla_Dgla_sb295226                                      1.1481534 0.8793440 0.9782011 1.2180463 1.1906502 0.9721184 1.1031830 1.1456909 1.3754362 1.4019492 1.2940794 1.1120075 1.0840160 1.1809081 1.1629352 1.1629352 1.1261582 1.1888087 1.3948118 1.2762921 1.1858694 1.2599858 1.1028323 1.0450347 0.7517499 1.0144663 1.0144663 0.5287654 0.4764560 0.0123605 0.0000000 1.0961101 1.1245533 1.0889467 1.1333196 1.1385547 1.0873399 1.0889833 1.0592104 1.0317032 1.1316103 1.4310458 1.0250874 2.4216769 1.0771364 1.1077984 0.7706044 0.7674563 1.2150405 1.2883009 2.3803501 1.4676515 1.3177339 1.0550608 1.2085049 0.8560111 0.7992808 0.9910377 1.3601547 1.3916832 1.1553155 1.2130427 1.8724973 1.2314724 9.0000000 1.3615081 1.2506285 1.8622821 1.2216926 1.2586926 1.0840279 1.5773188 1.7168514 1.7168514 2.0973366 1.3558294 1.4959775 1.4584095 1.8300603 1.4044809 1.6272675 2.7291566 2.5664580 1.4737066 1.3188547 1.7217052 4.1141217 
Skow_XM_002738394.2                                       0.9072574 0.8410256 0.9036312 1.1848553 1.0863044 0.7402165 0.7122705 0.9222939 0.9161213 0.9260565 0.6957595 0.9462193 0.8584346 0.7970657 0.8521079 0.8217563 0.8307291 0.8496516 0.9766455 0.7016576 0.8956267 1.1513912 1.0910192 0.9600066 0.7157570 1.1188229 1.1188229 0.8057723 1.0320671 1.0823484 1.0961101 0.0000000 0.9959646 1.0276494 0.9751826 0.9783553 1.0205006 1.0268096 1.0174368 0.8429363 1.0659336 1.1100928 0.8680570 1.4270847 1.0240504 1.0370635 1.2809075 1.2722165 1.2454823 1.4171367 2.0618565 1.4079130 1.5475325 0.9588759 1.3891386 1.0465833 1.3568204 1.2456929 1.1328591 0.9791347 1.2079375 1.6307950 2.1978406 1.2720797 3.8436014 1.5425676 1.5246082 2.1262535 0.9429866 1.7256372 1.6745089 1.8966467 1.8439590 1.8708308 2.0076368 1.8058123 1.5949651 2.1406585 1.9173975 1.5848617 2.0970261 2.0475379 2.3895578 1.5189703 1.5509784 1.5368400 3.2873658 
HoiH23_PlH23_002445-RA                                    0.8461232 0.9879306 1.1325752 0.9775968 1.0499473 1.1311335 0.9996715 0.9009074 0.9604821 0.9707866 0.7662725 1.1614349 1.0891339 1.1157868 1.1766194 1.1436859 1.1391344 1.0197514 1.1215861 1.0085541 0.9655450 1.0669601 0.9398934 0.8750916 0.8704822 1.0657977 1.0657977 0.9666583 1.2176648 1.1289689 1.1245533 0.9959646 0.0000000 0.0419459 0.0705528 0.0748452 0.2006801 0.3197663 0.3202825 0.8584202 1.0083621 1.0585895 1.0286324 1.2599187 0.9477723 1.0353569 1.3682553 1.2977211 1.1147118 1.4998139 2.0679028 1.5930139 1.3630852 1.1038795 1.3888011 1.2021199 1.3856113 1.4122928 1.1201135 1.1038098 1.1240740 1.5191401 2.0021906 1.3810852 3.1423797 1.5821658 1.4462232 1.9337305 1.1681301 1.6049460 1.5555990 1.8606649 1.7962644 1.7670553 2.0265786 1.8486271 1.6742097 1.6502314 1.6365947 1.4629373 1.6611571 1.4239875 2.1802550 1.3510845 1.6247593 1.3854346 2.4067131 
HoiH06_mRNA6065                                           0.8358725 0.9808625 1.1758226 0.9521554 1.0533506 1.1565231 0.9547145 0.9300528 1.0021054 1.0126947 0.7781633 1.1928009 1.0890047 1.1407422 1.2114019 1.1804875 1.1615842 1.0416900 1.1459847 1.0081775 0.9719520 1.0391996 0.9361843 0.8936533 0.8308639 1.0647482 1.0647482 0.9799208 1.1810817 1.1233367 1.0889467 1.0276494 0.0419459 0.0000000 0.0966474 0.1009172 0.2106462 0.3676406 0.3637377 0.8960697 1.0194528 1.0555176 0.9966343 1.4184993 1.0035034 1.0864728 1.3551377 1.2907474 1.1881112 1.5378552 2.1134903 1.6380842 1.3550449 1.0683957 1.3915837 1.1764006 1.3483240 1.4418930 1.1212558 1.1272280 1.1322896 1.5299098 2.0345490 1.3525241 3.3884707 1.6051372 1.4591857 1.9345674 1.2266223 1.6525982 1.5975913 1.8930511 1.7279073 1.7930279 2.0745816 1.9135982 1.6666277 1.7046151 1.6755111 1.5308034 1.6747707 1.4723990 2.1627542 1.3356148 1.6190176 1.3888577 2.4552372 
Hhon_g09426.t1                                            0.8668715 1.0266840 1.1436773 1.0006512 1.1058982 1.0975279 0.8740630 0.9243915 0.9835337 0.9940632 0.7756467 1.1734464 1.1267065 1.1269630 1.1826880 1.1609593 1.1721719 0.9864204 1.0911230 0.9561028 0.9716160 1.1074113 0.9534962 0.8928635 0.8760190 1.0832166 1.0832166 0.9656256 1.2369638 1.1000753 1.1333196 0.9751826 0.0705528 0.0966474 0.0000000 0.0081674 0.1645761 0.2899456 0.2755989 0.9056502 1.0605802 1.0946207 0.9802765 1.1702376 0.9505463 1.0239680 1.3917761 1.3612059 1.1819098 1.5335761 2.0688790 1.5982501 1.3755052 1.0876406 1.4160210 1.2516238 1.4159286 1.3938799 1.0751161 1.1152007 1.1239078 1.4930409 1.9965537 1.4124107 2.9050273 1.5713451 1.4298175 1.9501665 1.1743094 1.5331458 1.5375901 1.8512887 1.8444305 1.8095104 2.0410483 1.9516746 1.7025534 1.6187694 1.6447603 1.4800615 1.6818347 1.4387941 2.1763072 1.3441155 1.6865912 1.3535321 2.4637105 
HoiH04_mRNA14626                                          0.8750034 1.0358994 1.1537047 1.0123498 1.0989531 1.0944649 0.8740630 0.9334506 0.9867128 0.9972663 0.7793373 1.1703649 1.1111338 1.1378254 1.1936248 1.1717207 1.1830690 0.9915642 1.0971392 0.9758825 0.9978099 1.1044193 0.9609404 0.9000282 0.8439154 1.0853924 1.0853924 0.9860494 1.2462461 1.1035374 1.1385547 0.9783553 0.0748452 0.1009172 0.0081674 0.0000000 0.1691647 0.3030218 0.2884170 0.9085611 1.0576299 1.0981124 0.9723632 1.1702376 0.9594093 1.0316698 1.3792704 1.3434981 1.1859697 1.5443192 2.0834499 1.5947668 1.3879447 1.0796875 1.4179493 1.2606670 1.4124699 1.3986784 1.0721137 1.1164661 1.1269466 1.5034797 2.0145042 1.4212820 2.9050273 1.5859628 1.4320903 1.9541493 1.1818656 1.5565856 1.5426939 1.8179086 1.8404625 1.8057079 2.0367119 1.9338406 1.6985742 1.6242642 1.6793142 1.4935946 1.6983124 1.4387941 2.2232333 1.3575400 1.7026643 1.3656731 2.4637105 
HoiH11_mRNA1900                                           0.9245844 1.0905792 1.2085587 1.0885551 1.2183131 1.2115580 0.8723243 1.0339967 1.1348492 1.1463815 0.8794820 1.2732270 1.2166367 1.2145491 1.2690191 1.2437791 1.2635312 1.1168659 1.2353444 1.1988952 1.0884975 1.1761678 0.9762355 0.9149687 0.7564243 1.1295217 1.1295217 0.9243617 1.2280833 1.0987217 1.0873399 1.0205006 0.2006801 0.2106462 0.1645761 0.1691647 0.0000000 0.2901380 0.2944274 0.9773562 1.0686172 1.1400765 1.0621185 1.6620885 1.0822190 1.1866660 1.3847885 1.3382376 1.2804264 1.6864325 2.2260303 1.6952246 1.4304105 1.1480645 1.4395333 1.3078620 1.4294734 1.4611576 1.1864431 1.2082128 1.1298324 1.5871004 2.0424354 1.5288051 3.2649729 1.7755399 1.5923803 2.1518283 1.3071349 1.6652912 1.6269035 1.9775469 1.9183747 1.9917735 2.1727250 2.0313428 1.8187280 1.7110544 1.7051137 1.5265366 1.6557090 1.4340591 2.3029768 1.4027190 1.7238308 1.5776262 2.7108632 
TrH2_TrispH2_005741-RA                                    1.0201233 1.0952950 1.1739410 1.0705590 1.1861239 1.1087764 0.9402380 1.0716879 1.0940545 1.1053941 0.8606188 1.2007189 1.1470577 1.1342037 1.3109550 1.2871575 1.1926921 1.0931445 1.2075581 1.1820973 1.0195089 1.2119093 1.1121735 0.9984262 0.8176079 1.2583048 1.2583048 1.0102003 1.2469380 1.0933329 1.0889833 1.0268096 0.3197663 0.3676406 0.2899456 0.3030218 0.2901380 0.0000000 0.0081839 0.9245774 1.1068303 1.2128691 1.1447487 1.5551984 1.0867467 1.1888889 1.4582901 1.4088024 1.2736533 1.7253090 2.2055725 1.6361693 1.5039757 1.1600907 1.4629869 1.3347696 1.4513903 1.4091849 1.2388236 1.1903890 1.2826164 1.5996142 1.9480569 1.5651624 3.1780357 1.6473254 1.4994787 2.0463311 1.1421536 1.6170019 1.6380786 1.8183249 1.8622857 1.8858890 2.1621480 2.0218398 1.6756002 1.7099089 1.5897011 1.5958061 1.8063187 1.5860142 1.8424722 1.3417914 1.7401264 1.4164657 2.6776518 
Tadh_TriadT22960                                          1.0369939 1.0978772 1.1602269 1.0603225 1.1752867 1.1249211 0.9402380 1.0578335 1.0883570 1.0996977 0.8798757 1.2043271 1.1504629 1.1377169 1.3121549 1.2882936 1.1947713 1.0964426 1.2112642 1.1899153 1.0349931 1.2113587 1.0934492 0.9856034 0.8176079 1.2384660 1.2384660 1.0131359 1.2431913 1.0727295 1.0592104 1.0174368 0.3202825 0.3637377 0.2755989 0.2884170 0.2944274 0.0081839 0.0000000 0.9249532 1.1045421 1.2105768 1.1440847 1.4422387 1.0634025 1.1682019 1.4745186 1.4314686 1.2506046 1.7063191 2.1824881 1.6170923 1.5244874 1.1600907 1.4593336 1.3313612 1.4463180 1.4046424 1.2105170 1.2133724 1.2780258 1.5771182 1.9134552 1.5485460 3.0301748 1.6364709 1.4877612 2.0290629 1.1568671 1.5988910 1.6190263 1.8148122 1.8578573 1.8698247 2.1427474 2.0075242 1.6667798 1.6621212 1.5897011 1.5821647 1.7840158 1.5860142 1.8344939 1.3376709 1.7362654 1.3849743 2.6979018 
Spur_XM_030990724.1                                       0.9561419 1.0003034 1.1150925 1.0892535 1.1097650 0.8717281 0.7668148 0.9207971 0.9241916 0.9347463 0.6803663 0.9324319 0.8845020 0.9117689 0.9007279 0.8752138 0.9021830 0.9154512 1.0213446 0.8040441 0.9491142 1.0816067 1.0455579 0.9101495 0.7224203 1.0349868 1.0349868 0.9446737 0.9956069 0.9990042 1.0317032 0.8429363 0.8584202 0.8960697 0.9056502 0.9085611 0.9773562 0.9245774 0.9249532 0.0000000 0.8962364 1.1552549 0.9265269 1.3775292 0.8981975 0.9720713 1.1906360 1.1907115 1.1255495 1.4357384 2.0032238 1.5643751 1.5100509 1.1628219 1.5518061 1.1975768 1.3682170 1.3916258 1.3187999 1.1877674 1.3147082 1.4103098 1.8760479 1.3687948 3.1447889 1.4734612 1.3100572 1.7697978 0.9395981 1.6938683 1.7059768 1.7568417 1.9031921 1.8472471 1.9556476 1.7083382 1.6554135 1.9113046 2.0546215 1.4338478 1.9059451 2.0090460 2.2336438 1.4522698 1.3939816 1.3269370 2.7496370 
Nvec_v1g234398                                            1.1679439 0.8363955 1.0706850 0.9828087 0.8985742 0.8971262 0.7481194 0.9741084 1.0881641 1.0954696 0.8002724 0.7877872 0.7806750 0.7562736 0.8302967 0.8197653 0.8084086 1.0257514 1.1290956 0.9057837 1.1019478 1.0907305 1.2442356 1.1562372 0.7544158 1.2800054 1.2800054 0.9196733 1.1594874 1.0926133 1.1316103 1.0659336 1.0083621 1.0194528 1.0605802 1.0576299 1.0686172 1.1068303 1.1045421 0.8962364 0.0000000 1.1429312 0.9971038 1.3539030 0.9460622 1.0125719 1.2438299 1.2700850 1.0743058 1.7989980 2.5125399 1.8692811 1.4388391 1.0585833 1.5800042 1.1531328 1.1589478 1.3654842 1.1085767 1.2331127 1.2434841 1.6337969 2.3969211 1.2886095 3.7056251 1.4484762 1.5848146 2.1066986 0.7757569 1.8002471 1.9138916 1.8609804 1.9243652 1.8042297 2.1014641 1.7236374 1.8359161 2.0220593 1.9538218 1.8234625 1.9353883 2.0607489 2.3819570 1.5798120 1.7447572 1.5665029 2.7518879 
Acagra_model.g27160.t1                                    1.1230719 1.0380790 1.3352789 1.2920113 1.4554657 1.1021752 1.4017523 0.8791477 1.0809820 1.0920962 0.7533355 1.1955823 1.1873060 1.0947050 1.2544143 1.2508323 1.1939348 1.1017663 1.1467632 0.7604551 1.3682202 1.5032206 1.2839229 1.2253227 1.2196337 1.3841968 1.3841968 1.1918270 1.3111227 1.3788394 1.4310458 1.1100928 1.0585895 1.0555176 1.0946207 1.0981124 1.1400765 1.2128691 1.2105768 1.1552549 1.1429312 0.0000000 1.1089299 1.5678310 1.1876984 1.2434314 1.6359670 1.6622431 1.4391607 1.7675149 2.3642166 2.0029913 1.6481147 1.2743826 1.6562630 1.4089953 1.8773419 1.8300207 1.4406362 1.0375154 1.3002727 1.8543299 2.2623457 1.8328603 3.5636076 1.8402198 1.8141518 2.0880652 1.0449153 2.2322692 2.0361566 2.7240615 2.4056851 2.2389541 2.3491036 2.1160619 2.2269197 2.2335247 2.8014072 2.0233177 1.9300638 2.7784019 2.1263788 1.4726731 1.9445402 1.2666111 3.6637997 
Hsap_ENST00000383790                                      1.0009041 0.8924739 1.0689903 1.0496452 1.0614693 0.7297529 1.1875812 0.9208686 0.8922705 0.9020607 0.6787915 1.0364538 1.0446730 0.9848399 1.0605640 1.0378993 0.9980337 1.0316864 1.1738166 0.8078921 1.1326613 1.1786598 1.0599869 1.0040585 0.9138392 1.2350290 1.2350290 1.0654938 1.1324846 1.0510856 1.0250874 0.8680570 1.0286324 0.9966343 0.9802765 0.9723632 1.0621185 1.1447487 1.1440847 0.9265269 0.9971038 1.1089299 0.0000000 1.6000351 1.0694833 1.1841808 1.2063255 1.2655513 1.1484796 1.4813103 2.0132368 1.5443503 1.3811624 1.1722655 1.3047166 1.3537422 1.4226531 1.3631318 1.2096186 1.0973237 1.2648528 1.5148720 2.0161034 1.4299184 3.2689892 1.6052977 1.4806724 1.9934389 1.1477089 1.8664074 1.6365863 1.8701072 1.9382129 1.9760840 2.0645931 1.7973881 1.7103231 1.9504601 2.5908561 1.7997949 1.9335385 2.0300105 2.4493905 1.5665202 1.6030360 1.1477029 3.7556213 
