92
Emue_Em0019g864a.t1                                   0.0000000 0.0878330 0.0679853 0.4453794 0.4899915 0.3076972 0.3480717 0.3576870 0.3269203 0.2067724 0.3395118 0.3417079 0.3242219 0.2923048 0.3661893 0.4014112 0.4256545 0.4915884 0.5050341 0.4884347 0.5179113 0.5170600 0.2943990 0.4979379 0.4979379 0.4590850 0.4805683 0.3296148 0.5154072 0.4795292 0.5603081 0.4909705 0.3426203 0.3711581 0.3716037 0.4055653 0.3891523 0.3141539 0.3496207 0.3186845 0.4430807 0.4430807 0.3859504 0.4169117 0.5101116 0.5406781 0.5223330 0.5223330 0.3904263 0.4944961 0.4715993 0.6030619 0.5872465 0.5748687 0.3928980 0.5073726 0.5338179 0.5633366 0.5511150 0.5755805 0.5755805 0.6086882 0.6049783 0.6049783 0.3749104 0.4213848 0.4804865 0.4275486 0.6175780 0.5934683 0.4934217 0.5622102 0.5771286 0.5453997 0.4502325 0.4897699 0.3533494 0.3675886 0.2819798 0.1819134 0.4929543 0.6237912 0.5247731 0.5412602 0.4781038 0.8209137 1.0925361 1.0925361 1.2827984 1.2827984 0.4725914 0.8864619 
Spolac_c98582_g1_i2_m.17557c104482-g1                 0.0878330 0.0000000 0.0160333 0.4660745 0.4756390 0.3183194 0.3828542 0.3660358 0.3024094 0.2098849 0.3158039 0.3216883 0.3103474 0.3238093 0.4262438 0.3774214 0.4005909 0.4576668 0.4748229 0.4603607 0.4583520 0.4646631 0.2805416 0.5079992 0.5079992 0.4583879 0.5338674 0.3273307 0.5936389 0.4952255 0.5642865 0.4828694 0.3338662 0.4185921 0.4153190 0.4105817 0.3889946 0.3433723 0.3683093 0.3147084 0.4628736 0.4628736 0.4191306 0.4307098 0.5529292 0.5663744 0.5378097 0.5378097 0.4440750 0.5215542 0.5027777 0.6075055 0.5988515 0.6008783 0.3731975 0.5054515 0.5312870 0.5561667 0.5489393 0.5834936 0.5834936 0.5907372 0.6105812 0.6105812 0.3646759 0.4644125 0.4751290 0.4381613 0.5974974 0.6171353 0.4789224 0.5585404 0.5901260 0.5531405 0.4488109 0.4984308 0.3986854 0.4163510 0.3380920 0.2534979 0.5343979 0.5900295 0.5134441 0.5451880 0.4966366 0.8646713 1.0437975 1.0437975 1.1961897 1.1961897 0.5617888 1.2669243 
Spolac_c98582_g1_i1_m.17556c104482-g1                 0.0679853 0.0160333 0.0000000 0.4505574 0.4756390 0.2893652 0.3509980 0.3348535 0.2818568 0.1935986 0.2801063 0.2847987 0.2910586 0.2932720 0.3952743 0.3484173 0.3701396 0.4527821 0.4696821 0.4575620 0.4334792 0.4395656 0.2785108 0.4778078 0.4778078 0.4344053 0.4850810 0.3036322 0.5415222 0.4751446 0.5218171 0.4460118 0.3101558 0.3847339 0.3929182 0.3877633 0.3623175 0.3106886 0.3341838 0.2778455 0.4225571 0.4225571 0.3824372 0.4077380 0.5274753 0.5355099 0.5101030 0.5101030 0.4007390 0.4727548 0.4651700 0.5746843 0.5647767 0.5699024 0.3449703 0.4784088 0.5037535 0.5272231 0.5208348 0.5535170 0.5535170 0.5608646 0.5780831 0.5780831 0.3238726 0.4247356 0.4369422 0.4033507 0.5473531 0.5650086 0.4375355 0.5239842 0.5579814 0.5642902 0.4449400 0.4939971 0.3765359 0.4031121 0.3366038 0.2534979 0.4913314 0.5490962 0.4933134 0.5236793 0.4544654 0.8646713 0.9821974 0.9821974 1.1939860 1.1939860 0.5594448 1.2669243 
Gasp_gasp1.m3.30341.m1                                0.4453794 0.4660745 0.4505574 0.0000000 0.2334929 0.1467898 0.2122992 0.2040752 0.2738819 0.3031769 0.4501503 0.4697542 0.4170120 0.3842856 0.4048034 0.4296214 0.4415827 0.4657337 0.4830207 0.4762607 0.4863655 0.4888680 0.3214552 0.5180721 0.5180721 0.4649673 0.5419723 0.3597470 0.5365192 0.5108548 0.5818923 0.5489353 0.4364803 0.4500522 0.4249808 0.4493091 0.4627512 0.3560248 0.3176625 0.3903671 0.6115166 0.6115166 0.5758492 0.4840513 0.5846977 0.4693210 0.5282280 0.5282280 0.5765168 0.7017420 0.5640101 0.6843159 0.6386742 0.5604672 0.4553592 0.5244292 0.5315634 0.5552277 0.5413733 0.6145129 0.6145129 0.5966641 0.6178898 0.6178898 0.5928824 0.5830457 0.5897473 0.6171893 0.6002867 0.5851309 0.5238883 0.5855589 0.6140695 0.5045949 0.4865554 0.5499817 0.6028800 0.6492343 0.5087997 0.3076316 0.6014016 0.5427891 0.4984130 0.5624556 0.5825565 0.7781782 0.9543554 0.9543554 1.1919127 1.1919127 0.4211424 1.1413415 
Nvec_NVE3986                                          0.4899915 0.4756390 0.4756390 0.2334929 0.0000000 0.1689853 0.2174809 0.2293587 0.2491372 0.1549487 0.4402454 0.4728771 0.5133793 0.3151765 0.4138441 0.3969324 0.3630749 0.5263709 0.5696447 0.5549821 0.5567088 0.5591962 0.3258279 0.5374357 0.5374357 0.4472476 0.7558345 0.4589499 0.7904067 0.6681336 0.6081203 0.5374547 0.4118396 0.4997728 0.4893576 0.4583401 0.4416447 0.3741391 0.3709569 0.3396863 0.7419606 0.7419606 0.6893549 0.6042931 0.4581520 2.0145848 0.5018381 0.5018381 0.6783622 0.9401811 0.6594772 0.8031863 0.7228743 0.5623592 0.3308912 0.5488852 0.5818631 0.5609798 0.4382499 0.5382220 0.5382220 0.5864510 0.5718219 0.5718219 0.5650500 0.6802096 0.7287933 0.7494507 0.6297282 0.6924210 0.5863824 0.6694481 0.5767057 0.5236808 0.8191589 0.8447148 0.5937117 0.7568199 0.5885808 0.4228604 0.6805330 0.7590519 0.5176440 0.6897629 0.6357542 0.7558345 0.5374357 0.5374357 0.3991282 0.3991282 0.3576840 1.0541035 
Fspp_ffun1.m4.18167.m1                                0.3076972 0.3183194 0.2893652 0.1467898 0.1689853 0.0000000 0.0661098 0.0978256 0.1298389 0.1451498 0.2978592 0.3065123 0.2770351 0.2123926 0.2523505 0.2810320 0.2879306 0.3614761 0.3754253 0.3731113 0.3409631 0.3752765 0.2594308 0.4052821 0.4052821 0.3358601 0.3977744 0.2496943 0.3949772 0.3445522 0.4569552 0.3763051 0.3062162 0.3240118 0.3039383 0.3037091 0.3185326 0.2443241 0.2445227 0.2582374 0.4014164 0.4014164 0.3974215 0.3639053 0.4275937 0.4778126 0.3971790 0.3971790 0.4048535 0.5075110 0.4190976 0.5064964 0.4641199 0.3900259 0.3258757 0.4047361 0.3855438 0.4115360 0.3859130 0.4600615 0.4600615 0.4457100 0.4419272 0.4419272 0.4110461 0.4138624 0.4001533 0.4347433 0.4428494 0.4226816 0.3963923 0.4672943 0.4538602 0.4158867 0.4169715 0.4705811 0.4315560 0.4784755 0.3933719 0.3108185 0.4175066 0.4410594 0.3933040 0.4413271 0.4079219 0.7461768 0.9009842 0.9009842 1.2413378 1.2413378 0.2843077 0.9283631 
Gfas_gfas1.m1.15611.m1                                0.3480717 0.3828542 0.3509980 0.2122992 0.2174809 0.0661098 0.0000000 0.1354397 0.1529802 0.1467391 0.3410109 0.3423413 0.2685355 0.2234236 0.2637702 0.3108066 0.2996182 0.3822014 0.3850575 0.3825698 0.3610331 0.4012009 0.2599919 0.4034751 0.4034751 0.3461261 0.4102501 0.2393289 0.4158508 0.3671135 0.4340211 0.3989010 0.3420156 0.3467220 0.3256272 0.3515206 0.3493213 0.2836069 0.2882218 0.2932412 0.4088853 0.4088853 0.4318550 0.3804637 0.4364759 0.4583258 0.4309851 0.4309851 0.4190002 0.4920269 0.4425423 0.5123754 0.4697843 0.3872976 0.3378357 0.4235957 0.4267581 0.4390880 0.3959231 0.4716892 0.4716892 0.4864686 0.4565276 0.4565276 0.4183671 0.4322031 0.4201991 0.4537300 0.4514794 0.4632858 0.4412122 0.5125004 0.4761249 0.4219523 0.4284131 0.4722031 0.4614345 0.5263096 0.4100166 0.3430637 0.4209040 0.4491623 0.4136526 0.4609903 0.4230203 0.7672720 0.9023979 0.9023979 1.2206848 1.2206848 0.3217223 0.9434500 
Pocdam_XM_027196017.1                                 0.3576870 0.3660358 0.3348535 0.2040752 0.2293587 0.0978256 0.1354397 0.0000000 0.1719890 0.1681614 0.3380283 0.3473252 0.2980459 0.2196549 0.2532332 0.3236767 0.3122447 0.4068656 0.4172389 0.4192099 0.3804721 0.3571474 0.2293658 0.4208482 0.4208482 0.3403739 0.3774897 0.2371912 0.3880834 0.3723184 0.4322914 0.4063728 0.3165108 0.3522156 0.3314759 0.3616516 0.3467381 0.3184907 0.2618276 0.2954654 0.4398645 0.4398645 0.4128380 0.3758121 0.4740921 0.4487099 0.4116611 0.4116611 0.4329791 0.5418268 0.4244374 0.5616906 0.5187180 0.4271159 0.3096725 0.4188223 0.4272747 0.4576400 0.4389124 0.4969071 0.4969071 0.4883594 0.5003086 0.5003086 0.4338927 0.4163688 0.4124864 0.5059685 0.5030185 0.5177002 0.4021539 0.4931181 0.4802625 0.4097842 0.4272236 0.4621243 0.4891773 0.5052343 0.4290715 0.3328305 0.4501081 0.4744088 0.4375173 0.4657235 0.4762113 0.7121370 0.9293131 0.9293131 1.1822873 1.1822873 0.2090378 1.1145687 
Exapal_XM_021041110.1                                 0.3269203 0.3024094 0.2818568 0.2738819 0.2491372 0.1298389 0.1529802 0.1719890 0.0000000 0.1272863 0.2910383 0.3034532 0.2859001 0.2152199 0.2820432 0.2230451 0.2075340 0.3427825 0.3623508 0.3539332 0.3219776 0.3446904 0.2333958 0.3847618 0.3847618 0.3227595 0.3437478 0.2068707 0.3590538 0.3303878 0.4113607 0.3371318 0.3020697 0.3128923 0.3083081 0.2879851 0.2902299 0.2533351 0.2264229 0.2504221 0.4153083 0.4153083 0.4031545 0.3404939 0.4000395 0.4348840 0.3887321 0.3887321 0.3602791 0.4563724 0.4124462 0.4872079 0.4505466 0.3743741 0.3141874 0.4196715 0.3844708 0.4007968 0.3947067 0.4363880 0.4363880 0.4402008 0.4560031 0.4560031 0.3471104 0.3956452 0.3532406 0.4083773 0.4348562 0.4720112 0.3445046 0.3913263 0.4319280 0.4197763 0.4231869 0.4481824 0.4726816 0.4673206 0.4272631 0.2940222 0.3937264 0.4054348 0.3445413 0.4190203 0.3626834 0.6764870 0.8741431 0.8741431 1.1706594 1.1706594 0.4054637 1.0923969 
Nvec_v1g209526                                        0.2067724 0.2098849 0.1935986 0.3031769 0.1549487 0.1451498 0.1467391 0.1681614 0.1272863 0.0000000 0.1938710 0.1894069 0.1660311 0.2434911 0.2586592 0.1980502 0.2115625 0.1969222 0.1969222 0.2034393 0.2164171 0.2511954 0.2060407 0.2718464 0.2718464 0.2319416 0.2238832 0.2362610 0.2093439 0.1941110 0.3580049 0.2262575 0.2642309 0.2388719 0.2270577 0.2757749 0.2288892 0.2261353 0.2577973 0.2751851 0.2159697 0.2159697 0.2619950 0.2612436 0.3388917 0.4563623 0.2993558 0.2993558 0.2335337 0.2520276 0.2689757 0.3949875 0.3949875 0.3800652 0.3753485 0.3753485 0.3464263 0.3851752 0.4363417 0.4218088 0.4218088 0.4444458 0.4037375 0.4037375 0.3033582 0.2723297 0.2356118 0.2893626 0.3155408 0.3255541 0.2743665 0.3461755 0.3968357 0.2466421 0.2080849 0.2157115 0.3832984 0.3187181 0.2419728 0.2313932 0.3079740 0.3480542 0.3728842 0.4201820 0.3356005 0.7361777 1.3241016 1.3241016 3.4830931 3.4830931 0.3177697 0.0000010 
Opea_EP00118_Oscarella_pearsei_P004161                0.3395118 0.3158039 0.2801063 0.4501503 0.4402454 0.2978592 0.3410109 0.3380283 0.2910383 0.1938710 0.0000000 0.0160575 0.2665141 0.2267496 0.3632631 0.2975508 0.3167487 0.3817747 0.3915870 0.3856160 0.3576938 0.3719651 0.2384920 0.4237792 0.4237792 0.3993430 0.4655963 0.2782399 0.5052352 0.4530115 0.5090960 0.3891770 0.3981020 0.3237637 0.3243939 0.3769399 0.3297941 0.3412516 0.3462899 0.3048889 0.4051165 0.4051165 0.3553173 0.4363892 0.4830234 0.4702503 0.4368879 0.4368879 0.3696068 0.4389258 0.4146123 0.4915885 0.4878008 0.5042332 0.3078833 0.4458359 0.4308802 0.4435907 0.4130183 0.4765139 0.4765139 0.4451229 0.4875886 0.4875886 0.3967336 0.3927162 0.4013366 0.4165383 0.4298165 0.4620463 0.3543839 0.4687292 0.5113500 0.4606214 0.4376452 0.4946280 0.5185077 0.5167061 0.4366405 0.3898402 0.4483863 0.6215475 0.5634526 0.6059833 0.4957547 0.8470098 0.9685669 0.9685669 1.1703709 1.1703709 0.5490992 1.1962926 
Ocar_g2930                                            0.3417079 0.3216883 0.2847987 0.4697542 0.4728771 0.3065123 0.3423413 0.3473252 0.3034532 0.1894069 0.0160575 0.0000000 0.2720369 0.2351023 0.3865594 0.3182123 0.3383079 0.3919125 0.3870117 0.3811309 0.3623144 0.3767558 0.2348288 0.4280595 0.4280595 0.4181741 0.4766239 0.2748371 0.5096827 0.4695287 0.5207773 0.4069430 0.4098414 0.3424816 0.3431420 0.3976611 0.3495311 0.3516068 0.3566847 0.3260011 0.4158028 0.4158028 0.3650642 0.4491860 0.4873125 0.4702503 0.4468333 0.4468333 0.3643681 0.4652603 0.4247376 0.4869790 0.4829877 0.5057375 0.3211337 0.4585888 0.4516021 0.4562709 0.4250637 0.4723684 0.4723684 0.4590693 0.4922046 0.4922046 0.4084068 0.4076438 0.4191897 0.4282680 0.4428162 0.4760134 0.3654925 0.4823635 0.5287684 0.4858041 0.4541270 0.5123764 0.5315848 0.5350583 0.4342026 0.4131004 0.4325963 0.6494090 0.5817471 0.6255863 0.5135029 0.8724252 0.9880052 0.9880052 1.1726228 1.1726228 0.5490992 1.2903689 
Plajan_Pjan_scaffold22371_01                          0.3242219 0.3103474 0.2910586 0.4170120 0.5133793 0.2770351 0.2685355 0.2980459 0.2859001 0.1660311 0.2665141 0.2720369 0.0000000 0.1677611 0.2693634 0.3087089 0.3183760 0.3926543 0.4043375 0.3909408 0.3747479 0.3906471 0.2162738 0.4404023 0.4404023 0.4559676 0.4789631 0.3128569 0.4858158 0.4646894 0.5137535 0.4405933 0.3143256 0.3163005 0.3028429 0.3193179 0.3422940 0.3101620 0.3305292 0.3321434 0.3906377 0.3906377 0.4102660 0.3887589 0.5385730 0.5231306 0.5250808 0.5250808 0.3540267 0.4180133 0.3497565 0.5184515 0.4937985 0.4594444 0.3561508 0.4417944 0.4227384 0.4571076 0.4353526 0.4886480 0.4886480 0.4813228 0.4674843 0.4674843 0.4002695 0.3888775 0.4099379 0.3948817 0.5008008 0.5837996 0.5143943 0.5871367 0.5725571 0.5135952 0.4209716 0.5378325 0.3500456 0.4047033 0.3117069 0.3049180 0.3984368 0.5487769 0.4921047 0.5257798 0.5369829 0.8680915 1.0153310 1.0153310 1.1097000 1.1097000 0.4803155 1.0817284 
Amil_Amillepora04379-RA                               0.2923048 0.3238093 0.2932720 0.3842856 0.3151765 0.2123926 0.2234236 0.2196549 0.2152199 0.2434911 0.2267496 0.2351023 0.1677611 0.0000000 0.0060043 0.2223724 0.2203864 0.3496391 0.3496391 0.3479818 0.3073952 0.3283239 0.2805535 0.3940190 0.3940190 0.3215678 0.4138351 0.3184333 0.4227714 0.4077927 0.4486673 0.3620768 0.2455847 0.2657188 0.2738799 0.2985451 0.2392212 0.2902676 0.2910393 0.2864339 0.3057199 0.3057199 0.3602476 0.3590353 0.3690291 0.5189588 0.3875724 0.3875724 0.2956348 0.3421249 0.3215061 0.4366876 0.3970554 0.4075368 0.3426959 0.4121168 0.3582364 0.3950527 0.4140529 0.4328940 0.4328940 0.3891583 0.4051096 0.4051096 0.3323888 0.3494461 0.3163327 0.3532655 0.4433463 0.4903243 0.4099869 0.4570609 0.3792402 0.3973749 0.3859989 0.3660433 0.4278354 0.3889927 0.3197997 0.3505161 0.2986053 0.5197942 0.5045875 0.5332174 0.5271180 0.7794636 0.9931500 0.9931500 1.2613365 1.2613365 0.4188570 1.0961449 
Adig_XM_015910770.1                                   0.3661893 0.4262438 0.3952743 0.4048034 0.4138441 0.2523505 0.2637702 0.2532332 0.2820432 0.2586592 0.3632631 0.3865594 0.2693634 0.0060043 0.0000000 0.3244621 0.3325531 0.4977074 0.5107274 0.5014349 0.4575391 0.4692078 0.2923219 0.4694122 0.4694122 0.4278268 0.4999396 0.3074781 0.5233628 0.5310811 0.5507409 0.4925773 0.3394700 0.3529437 0.3609746 0.3877869 0.3561330 0.3720907 0.3576908 0.3504808 0.4850274 0.4850274 0.4787341 0.4592505 0.4993757 0.4980722 0.5047432 0.5047432 0.4437025 0.5160027 0.4727364 0.5572877 0.5216137 0.5247906 0.3382867 0.4950563 0.4672791 0.4933335 0.4674781 0.5399039 0.5399039 0.5047087 0.5229488 0.5229488 0.4624716 0.4805182 0.4657911 0.4998152 0.5435260 0.5797723 0.5678711 0.6078712 0.5592838 0.5503887 0.4942208 0.5120552 0.4845538 0.4791646 0.3966763 0.4062729 0.4534643 0.6438601 0.6049673 0.6099975 0.5640231 0.8623970 1.0425790 1.0425790 1.2613365 1.2613365 0.4561826 1.3057471 
Dgig_XM_028542689.1                                   0.4014112 0.3774214 0.3484173 0.4296214 0.3969324 0.2810320 0.3108066 0.3236767 0.2230451 0.1980502 0.2975508 0.3182123 0.3087089 0.2223724 0.3244621 0.0000000 0.0790377 0.4014639 0.4136415 0.4133262 0.3691131 0.4274779 0.2933288 0.3827354 0.3827354 0.4087039 0.4569678 0.2743761 0.4568581 0.4139713 0.5127837 0.4378819 0.3818165 0.3292882 0.3445828 0.3299626 0.3465268 0.3216501 0.3838991 0.3547071 0.4838217 0.4838217 0.4479580 0.4445171 0.4529023 0.4951942 0.4492570 0.4492570 0.4007491 0.4887061 0.4167994 0.5645435 0.5654297 0.4932406 0.3724808 0.4740459 0.4670414 0.4641017 0.4492589 0.5088721 0.5088721 0.5061212 0.4884449 0.4884449 0.4133835 0.4487998 0.4194519 0.4546262 0.4731975 0.4989395 0.4346523 0.4514583 0.4981182 0.4996595 0.4987706 0.4966855 0.4694248 0.4993791 0.4004118 0.4079195 0.4428715 0.5785236 0.4915805 0.5651695 0.4589522 0.7970828 0.9169370 0.9169370 1.2261178 1.2261178 0.5319345 1.1122352 
Xesp_012103-T1                                        0.4256545 0.4005909 0.3701396 0.4415827 0.3630749 0.2879306 0.2996182 0.3122447 0.2075340 0.2115625 0.3167487 0.3383079 0.3183760 0.2203864 0.3325531 0.0790377 0.0000000 0.3608669 0.3786017 0.3722602 0.3358996 0.3867168 0.2623611 0.3586430 0.3586430 0.3901314 0.4370411 0.2533414 0.4295066 0.4173965 0.4901280 0.3863366 0.3612009 0.3454750 0.3610841 0.3334077 0.3502662 0.3378941 0.3759714 0.3643250 0.4651380 0.4651380 0.4596062 0.4629101 0.3949764 0.4877507 0.4161309 0.4161309 0.3938045 0.5066556 0.4084485 0.5816700 0.5694901 0.4957084 0.3376329 0.4608404 0.4640390 0.4801454 0.4490328 0.5138240 0.5138240 0.5006545 0.4799446 0.4799446 0.3993797 0.4693728 0.3977211 0.4476986 0.4406320 0.4732015 0.4497732 0.4380589 0.4688570 0.4551836 0.4483979 0.4940586 0.4790707 0.4971904 0.4166255 0.4375936 0.4267991 0.5934511 0.5064879 0.5855473 0.5107910 0.7856103 0.8577051 0.8577051 1.1549534 1.1549534 0.5150203 0.9818093 
HoiH23_PlH23_004447-RA                                0.4915884 0.4576668 0.4527821 0.4657337 0.5263709 0.3614761 0.3822014 0.4068656 0.3427825 0.1969222 0.3817747 0.3919125 0.3926543 0.3496391 0.4977074 0.4014639 0.3608669 0.0000000 0.0163721 0.0108477 0.0397626 0.1123878 0.0637531 0.4835780 0.4835780 0.3908227 0.5845322 0.2829789 0.5911462 0.5157091 0.5653554 0.4761949 0.3976310 0.3961491 0.4092791 0.3848347 0.3449457 0.3983684 0.4197092 0.4607617 0.4699145 0.4699145 0.5143363 0.5237404 0.4854565 0.4507645 0.4506953 0.4506953 0.4947286 0.5389543 0.4830844 0.5964051 0.5847087 0.4891701 0.4050589 0.5274149 0.4616988 0.5008374 0.4860829 0.5138881 0.5138881 0.4936680 0.5151205 0.5151205 0.4817654 0.5420985 0.4785241 0.5661253 0.4646573 0.5954759 0.5333451 0.5643126 0.5252573 0.3987530 0.5063412 0.5895320 0.5421000 0.5529462 0.4449924 0.4952814 0.4863568 0.5440371 0.5775359 0.6574904 0.5906596 0.9454313 1.0330229 1.0330229 1.3449845 1.3449845 0.6582947 1.3214297 
HoiH04_mRNA11370                                      0.5050341 0.4748229 0.4696821 0.4830207 0.5696447 0.3754253 0.3850575 0.4172389 0.3623508 0.1969222 0.3915870 0.3870117 0.4043375 0.3496391 0.5107274 0.4136415 0.3786017 0.0163721 0.0000000 0.0275449 0.0227033 0.1076460 0.0637531 0.4897302 0.4897302 0.4038230 0.6065454 0.2829789 0.6134605 0.5306744 0.5854985 0.4967721 0.4131792 0.4089043 0.4224054 0.4000722 0.3606587 0.4010128 0.4248614 0.4781935 0.4630915 0.4630915 0.5248792 0.5321362 0.4980975 0.4507645 0.4652688 0.4652688 0.5020470 0.5576627 0.4999494 0.6061322 0.5947760 0.4717935 0.4105523 0.5307866 0.4823950 0.5163460 0.4950598 0.5215099 0.5215099 0.4963994 0.5166206 0.5166206 0.4879018 0.5649305 0.4988882 0.5838314 0.4799524 0.6151940 0.5496093 0.5753772 0.5454881 0.4110548 0.5231309 0.6061023 0.5491945 0.5742937 0.4398185 0.5240573 0.4904286 0.5610555 0.6007228 0.6745898 0.6050141 0.9820359 1.0486783 1.0486783 1.3449845 1.3449845 0.6696255 1.4462937 
HoiH06_mRNA3191                                       0.4884347 0.4603607 0.4575620 0.4762607 0.5549821 0.3731113 0.3825698 0.4192099 0.3539332 0.2034393 0.3856160 0.3811309 0.3909408 0.3479818 0.5014349 0.4133262 0.3722602 0.0108477 0.0275449 0.0000000 0.0458894 0.1198158 0.0638552 0.4972530 0.4972530 0.4028798 0.6023950 0.2711041 0.6092087 0.5307840 0.5822669 0.4917647 0.4101382 0.4101859 0.4219603 0.3972364 0.3657539 0.4123427 0.4337439 0.4758099 0.4752464 0.4752464 0.5202057 0.5266858 0.4963136 0.4507645 0.4613547 0.4613547 0.4891749 0.5564427 0.4883833 0.5943660 0.5825559 0.4831826 0.4113621 0.5421676 0.4698798 0.5151073 0.5000564 0.5227967 0.5227967 0.5023413 0.5180168 0.5180168 0.4869900 0.5482097 0.4822273 0.5725875 0.4804475 0.6142259 0.5498288 0.5797161 0.5394582 0.3999793 0.5201994 0.6043939 0.5463405 0.5573682 0.4312585 0.5033963 0.4740015 0.5605279 0.5923736 0.6630462 0.6031891 0.9680235 1.0577507 1.0577507 1.3400114 1.3400114 0.6659386 1.3347766 
Hhon_g04614.t1                                        0.5179113 0.4583520 0.4334792 0.4863655 0.5567088 0.3409631 0.3610331 0.3804721 0.3219776 0.2164171 0.3576938 0.3623144 0.3747479 0.3073952 0.4575391 0.3691131 0.3358996 0.0397626 0.0227033 0.0458894 0.0000000 0.0780744 0.0705394 0.4381541 0.4381541 0.3624707 0.5640073 0.2587031 0.5703958 0.4771324 0.5506539 0.4602761 0.3647904 0.3774751 0.3795368 0.3581226 0.3442345 0.3647892 0.3880929 0.4385277 0.4329703 0.4329703 0.4918405 0.4940884 0.4655518 0.4341157 0.4391719 0.4391719 0.4672429 0.5110084 0.4635849 0.5530755 0.5394856 0.4438696 0.3575455 0.4807264 0.4352270 0.4672076 0.4475457 0.4770473 0.4770473 0.4485622 0.4768155 0.4768155 0.4527872 0.5226700 0.4450300 0.5430312 0.4377690 0.5650204 0.5056435 0.5171151 0.4941500 0.4247882 0.5172991 0.5994034 0.4989240 0.5165146 0.4513536 0.5154685 0.4764465 0.5224094 0.5465732 0.6147215 0.5598402 0.9696290 0.9848109 0.9848109 1.2242145 1.2242145 0.6831861 1.4017867 
TrH2_TrispH2_003262-RA                                0.5170600 0.4646631 0.4395656 0.4888680 0.5591962 0.3752765 0.4012009 0.3571474 0.3446904 0.2511954 0.3719651 0.3767558 0.3906471 0.3283239 0.4692078 0.4274779 0.3867168 0.1123878 0.1076460 0.1198158 0.0780744 0.0000000 0.0303500 0.4561636 0.4561636 0.3497653 0.5480940 0.2317130 0.5216813 0.4814888 0.5157236 0.4790723 0.3858127 0.4161518 0.4155085 0.3962070 0.3775489 0.4226642 0.4092793 0.4573866 0.4929553 0.4929553 0.4973520 0.4572939 0.4425303 0.4194267 0.4417821 0.4417821 0.5430633 0.5385038 0.4914389 0.5663625 0.5534187 0.5038156 0.3434906 0.4862357 0.4643981 0.5046067 0.4674007 0.4982773 0.4982773 0.4991826 0.4890106 0.4890106 0.4756987 0.5043433 0.4990348 0.5921022 0.4828440 0.6024795 0.4816136 0.5161526 0.5008247 0.4151684 0.4877599 0.5248722 0.5716132 0.5479228 0.5004486 0.5037750 0.4748260 0.5674924 0.5396235 0.6196834 0.5904182 0.9487703 1.0131720 1.0131720 1.2228854 1.2228854 0.6534435 1.4901444 
Tadh_TriadT26135                                      0.2943990 0.2805416 0.2785108 0.3214552 0.3258279 0.2594308 0.2599919 0.2293658 0.2333958 0.2060407 0.2384920 0.2348288 0.2162738 0.2805535 0.2923219 0.2933288 0.2623611 0.0637531 0.0637531 0.0638552 0.0705394 0.0303500 0.0000000 0.2626307 0.2626307 0.2331595 0.2752522 0.2505152 0.2737582 0.2812023 0.3726297 0.2813662 0.2316417 0.2243497 0.2426328 0.2465208 0.2621815 0.2808063 0.2899539 0.3157362 0.2901193 0.2901193 0.2692308 0.3131697 0.2963013 0.4493023 0.2775055 0.2775055 0.3138598 0.2852270 0.2575176 0.3612826 0.3612826 0.3517139 0.3404542 0.3404542 0.3537270 0.3651974 0.4134655 0.3686698 0.3686698 0.3827826 0.3649854 0.3649854 0.2936468 0.3066754 0.2673818 0.3268640 0.2718817 0.3122381 0.3252790 0.2941326 0.3652456 0.2141545 0.2443553 0.2757928 0.3498825 0.3174087 0.2471289 0.2602438 0.2712455 0.4394436 0.4620359 0.4513026 0.4371031 0.5917414 0.8761864 0.8761864 1.1955888 1.1955888 0.3584245 0.3047140 
Salurc_EP00051_Salpingoeca_urceolata_P022124          0.4979379 0.5079992 0.4778078 0.5180721 0.5374357 0.4052821 0.4034751 0.4208482 0.3847618 0.2718464 0.4237792 0.4280595 0.4404023 0.3940190 0.4694122 0.3827354 0.3586430 0.4835780 0.4897302 0.4972530 0.4381541 0.4561636 0.2626307 0.0000000 0.0000010 0.2630377 0.3177946 0.2153219 0.3487862 0.3590011 0.3352331 0.3617810 0.4572383 0.4566969 0.4436033 0.4508300 0.5581529 0.3805130 0.4186454 0.4764140 0.6305981 0.6305981 0.5075052 0.4533569 0.3855881 0.3169746 0.3415438 0.3415438 0.5692359 0.6069825 0.5144672 0.5337101 0.5450663 0.5338026 0.3440132 0.4581979 0.5126332 0.4741683 0.4679620 0.4690957 0.4690957 0.5014700 0.4901219 0.4901219 0.4956761 0.5509993 0.5739825 0.5707908 0.4310217 0.4720719 0.4143798 0.4017728 0.4670566 0.3425937 0.4754437 0.4881531 0.5519377 0.5799768 0.4983453 0.4142026 0.6261444 0.6074092 0.5583480 0.4727273 0.5318061 0.5750102 0.2858858 0.2858858 0.6002013 0.6002013 0.6178577 1.0085910 
Salurc_EP00051_Salpingoeca_urceolata_P022126          0.4979379 0.5079992 0.4778078 0.5180721 0.5374357 0.4052821 0.4034751 0.4208482 0.3847618 0.2718464 0.4237792 0.4280595 0.4404023 0.3940190 0.4694122 0.3827354 0.3586430 0.4835780 0.4897302 0.4972530 0.4381541 0.4561636 0.2626307 0.0000010 0.0000000 0.2630377 0.3177946 0.2153219 0.3487862 0.3590011 0.3352331 0.3617810 0.4572383 0.4566969 0.4436033 0.4508300 0.5581529 0.3805130 0.4186454 0.4764140 0.6305981 0.6305981 0.5075052 0.4533569 0.3855881 0.3169746 0.3415438 0.3415438 0.5692359 0.6069825 0.5144672 0.5337101 0.5450663 0.5338026 0.3440132 0.4581979 0.5126332 0.4741683 0.4679620 0.4690957 0.4690957 0.5014700 0.4901219 0.4901219 0.4956761 0.5509993 0.5739825 0.5707908 0.4310217 0.4720719 0.4143798 0.4017728 0.4670566 0.3425937 0.4754437 0.4881531 0.5519377 0.5799768 0.4983453 0.4142026 0.6261444 0.6074092 0.5583480 0.4727273 0.5318061 0.5750102 0.2858858 0.2858858 0.6002013 0.6002013 0.6178577 1.0085910 
Salkve_EP00050_Salpingoeca_kvevrii_P007087            0.4590850 0.4583879 0.4344053 0.4649673 0.4472476 0.3358601 0.3461261 0.3403739 0.3227595 0.2319416 0.3993430 0.4181741 0.4559676 0.3215678 0.4278268 0.4087039 0.3901314 0.3908227 0.4038230 0.4028798 0.3624707 0.3497653 0.2331595 0.2630377 0.2630377 0.0000000 0.3275108 0.1788538 0.3279224 0.2981599 0.2905416 0.3210315 0.3719787 0.4163532 0.3837181 0.4011578 0.4509639 0.3970434 0.3685702 0.4958240 0.5275683 0.5275683 0.4537857 0.4513970 0.2683498 0.2608775 0.2445912 0.2445912 0.4951742 0.5654858 0.5198781 0.4428514 0.4321121 0.4078253 0.2604953 0.3631510 0.3817878 0.3769051 0.3937049 0.4265414 0.4265414 0.4479851 0.4179603 0.4179603 0.5171424 0.5254599 0.5210529 0.5249880 0.4258485 0.4855339 0.4055506 0.4111796 0.4110592 0.3220268 0.4279355 0.4435641 0.5877972 0.5990852 0.5470713 0.4041735 0.6024043 0.5697947 0.4794748 0.4834278 0.4734094 0.6314638 0.7045388 0.7045388 0.9344138 0.9344138 0.5533263 0.9858058 
Chofle_EP00730_Choanoeca_flexa_P001394                0.4805683 0.5338674 0.4850810 0.5419723 0.7558345 0.3977744 0.4102501 0.3774897 0.3437478 0.2238832 0.4655963 0.4766239 0.4789631 0.4138351 0.4999396 0.4569678 0.4370411 0.5845322 0.6065454 0.6023950 0.5640073 0.5480940 0.2752522 0.3177946 0.3177946 0.3275108 0.0000000 0.0542037 0.0702202 0.3333582 0.3005046 0.3648314 0.5371446 0.4912333 0.4866467 0.5158184 0.5368183 0.5022616 0.4361595 0.4850259 0.6458902 0.6458902 0.5814280 0.4568901 0.3661263 0.3396151 0.4066387 0.4066387 0.5265621 0.5757129 0.5775984 0.5744011 0.5649208 0.5473470 0.3280675 0.4838613 0.5116004 0.5323145 0.5159973 0.5787622 0.5787622 0.5651986 0.5703016 0.5703016 0.5605380 0.5679276 0.6183606 0.5796999 0.4850713 0.4917508 0.4610246 0.4067194 0.4895351 0.4247373 0.4012022 0.4411493 0.6615378 0.6852219 0.6206652 0.4829843 0.6787660 0.6781080 0.6470786 0.6198880 0.5960812 0.1752309 0.7576858 0.7576858 1.1875226 1.1875226 0.5371274 1.0802397 
Mbre_EDQ87558                                         0.3296148 0.3273307 0.3036322 0.3597470 0.4589499 0.2496943 0.2393289 0.2371912 0.2068707 0.2362610 0.2782399 0.2748371 0.3128569 0.3184333 0.3074781 0.2743761 0.2533414 0.2829789 0.2829789 0.2711041 0.2587031 0.2317130 0.2505152 0.2153219 0.2153219 0.1788538 0.0542037 0.0000000 0.0623285 0.1931360 0.1978602 0.2183532 0.2863994 0.2734892 0.2529135 0.2527689 0.3352047 0.3090818 0.2788513 0.3473117 0.3187160 0.3187160 0.2781085 0.2710908 0.2388072 0.3327599 0.2112526 0.2112526 0.2393015 0.3162125 0.2726376 0.3582477 0.3582477 0.3172065 0.3287446 0.3287446 0.3178004 0.3590144 0.3894047 0.3884178 0.3884178 0.3854272 0.3644446 0.3644446 0.2915658 0.3418698 0.2839079 0.2523401 0.2478806 0.2609666 0.2394151 0.2298048 0.3139470 0.2096254 0.1924569 0.1508566 0.4471704 0.4080369 0.3519548 0.2793976 0.3091954 0.4131643 0.4019449 0.3988854 0.3842846 0.3351711 0.8104397 0.8104397 1.1570534 1.1570534 0.4223529 0.1989957 
Choper_EP00045_Choanoeca_perplexa_P022928             0.5154072 0.5936389 0.5415222 0.5365192 0.7904067 0.3949772 0.4158508 0.3880834 0.3590538 0.2093439 0.5052352 0.5096827 0.4858158 0.4227714 0.5233628 0.4568581 0.4295066 0.5911462 0.6134605 0.6092087 0.5703958 0.5216813 0.2737582 0.3487862 0.3487862 0.3279224 0.0702202 0.0623285 0.0000000 0.3205647 0.2835437 0.3823760 0.5454516 0.5030111 0.4982702 0.5362241 0.5759304 0.5194059 0.4477290 0.5236644 0.6621067 0.6621067 0.5853175 0.4625575 0.3357132 0.3398946 0.4107617 0.4107617 0.5425458 0.5745979 0.6178819 0.5737768 0.5689133 0.5525759 0.3238772 0.4871370 0.5239147 0.5458768 0.5268690 0.5869944 0.5869944 0.5970064 0.5479653 0.5479653 0.5419862 0.5370272 0.6283602 0.5671030 0.5123939 0.4783792 0.4827624 0.3962442 0.4750844 0.4124459 0.4252737 0.4236423 0.6867000 0.6983374 0.6478043 0.4766079 0.6611095 0.6779702 0.6515750 0.6184356 0.5933990 0.2876073 0.8121262 0.8121262 1.1768961 1.1768961 0.5397960 1.1921514 
Mylflu_EP00047_Mylnosiga_fluctuans_P003357            0.4795292 0.4952255 0.4751446 0.5108548 0.6681336 0.3445522 0.3671135 0.3723184 0.3303878 0.1941110 0.4530115 0.4695287 0.4646894 0.4077927 0.5310811 0.4139713 0.4173965 0.5157091 0.5306744 0.5307840 0.4771324 0.4814888 0.2812023 0.3590011 0.3590011 0.2981599 0.3333582 0.1931360 0.3205647 0.0000000 0.4269145 0.3130443 0.4471306 0.4708127 0.4457707 0.4847134 0.5310293 0.4261564 0.3978436 0.5420660 0.5706333 0.5706333 0.4908889 0.4821456 0.3006840 0.3800816 0.3746492 0.3746492 0.5747732 0.7166487 0.5794749 0.5587503 0.5478139 0.5391177 0.3143229 0.4746005 0.4711773 0.5203223 0.5109683 0.5587432 0.5587432 0.5392600 0.5377491 0.5377491 0.5956846 0.5762166 0.5379560 0.5769645 0.4166844 0.4026409 0.3823694 0.4029081 0.4296550 0.3826016 0.4519402 0.4686150 0.5783494 0.5510512 0.5255139 0.5262969 0.6687458 0.6591735 0.6233211 0.6050548 0.5891070 0.6463587 0.8533404 0.8533404 1.1654705 1.1654705 0.5740968 1.1968148 
Salinf_EP00049_Salpingoeca_infusionum_P025073         0.5603081 0.5642865 0.5218171 0.5818923 0.6081203 0.4569552 0.4340211 0.4322914 0.4113607 0.3580049 0.5090960 0.5207773 0.5137535 0.4486673 0.5507409 0.5127837 0.4901280 0.5653554 0.5854985 0.5822669 0.5506539 0.5157236 0.3726297 0.3352331 0.3352331 0.2905416 0.3005046 0.1978602 0.2835437 0.4269145 0.0000000 0.3911682 0.5307002 0.5058733 0.4878049 0.5421420 0.5314147 0.5037804 0.5016812 0.5077791 0.5817402 0.5817402 0.5317147 0.4938608 0.3722113 0.4517816 0.4065615 0.4065615 0.5493988 0.6155514 0.5548428 0.6643882 0.6684379 0.5329095 0.3922418 0.5315914 0.5823625 0.5739918 0.5571922 0.6173134 0.6173134 0.5977616 0.6164332 0.6164332 0.5607364 0.5883224 0.6500968 0.6412210 0.5098389 0.5554069 0.4925610 0.4633822 0.4820812 0.4233339 0.3992018 0.3931517 0.7314898 0.7363457 0.6560665 0.4940476 0.6679799 0.6381988 0.5576607 0.5758436 0.6090907 0.5770576 0.8247435 0.8247435 0.9740716 0.9740716 0.6271854 0.9517350 
Saldol_EP00054_Salpingoeca_dolichothecata_P015973     0.4909705 0.4828694 0.4460118 0.5489353 0.5374547 0.3763051 0.3989010 0.4063728 0.3371318 0.2262575 0.3891770 0.4069430 0.4405933 0.3620768 0.4925773 0.4378819 0.3863366 0.4761949 0.4967721 0.4917647 0.4602761 0.4790723 0.2813662 0.3617810 0.3617810 0.3210315 0.3648314 0.2183532 0.3823760 0.3130443 0.3911682 0.0000000 0.4187403 0.3466272 0.3581122 0.4118363 0.4259057 0.4232270 0.4048655 0.4580572 0.5400675 0.5400675 0.5015224 0.5049061 0.3518020 0.3725779 0.4132708 0.4132708 0.4858694 0.5318947 0.5333094 0.5538371 0.5505069 0.5356681 0.3490102 0.5509838 0.5018738 0.5064211 0.5067008 0.5706013 0.5706013 0.5546210 0.5505191 0.5505191 0.5447559 0.5347425 0.4719725 0.5074550 0.4285257 0.4821535 0.4719437 0.4506528 0.4893612 0.4065466 0.4458376 0.4827710 0.5650480 0.5744629 0.5496396 0.5463244 0.6142200 0.6526220 0.5942828 0.6200607 0.5739598 0.6883763 0.8218523 0.8218523 1.1583354 1.1583354 0.6230726 0.9830777 
Morvir_scaffold29.g53.t1                              0.3426203 0.3338662 0.3101558 0.4364803 0.4118396 0.3062162 0.3420156 0.3165108 0.3020697 0.2642309 0.3981020 0.4098414 0.3143256 0.2455847 0.3394700 0.3818165 0.3612009 0.3976310 0.4131792 0.4101382 0.3647904 0.3858127 0.2316417 0.4572383 0.4572383 0.3719787 0.5371446 0.2863994 0.5454516 0.4471306 0.5307002 0.4187403 0.0000000 0.2845630 0.3066124 0.2336043 0.3150096 0.3097442 0.2476738 0.3630641 0.5217706 0.5217706 0.4778565 0.4348605 0.4688983 0.4987090 0.4225958 0.4225958 0.4828818 0.5697900 0.4489310 0.5387512 0.4858492 0.4773636 0.3120944 0.4447374 0.4386059 0.4544339 0.4317888 0.4585475 0.4585475 0.4823573 0.4721668 0.4721668 0.4847403 0.4615626 0.4667630 0.4604336 0.4230902 0.4840783 0.4409933 0.4970828 0.4401119 0.4435467 0.4862740 0.4667295 0.4415019 0.4747471 0.4036224 0.3599694 0.5084959 0.5752373 0.5424251 0.6003332 0.5443717 0.9281462 1.0646074 1.0646074 1.1996803 1.1996803 0.5589140 1.3087840 
Nemnom_g18337.t1                                      0.3711581 0.4185921 0.3847339 0.4500522 0.4997728 0.3240118 0.3467220 0.3522156 0.3128923 0.2388719 0.3237637 0.3424816 0.3163005 0.2657188 0.3529437 0.3292882 0.3454750 0.3961491 0.4089043 0.4101859 0.3774751 0.4161518 0.2243497 0.4566969 0.4566969 0.4163532 0.4912333 0.2734892 0.5030111 0.4708127 0.5058733 0.3466272 0.2845630 0.0000000 0.0330536 0.1387889 0.1836232 0.3498635 0.3465242 0.3855005 0.4887479 0.4887479 0.3929543 0.4507081 0.4729801 0.4518511 0.4294180 0.4294180 0.3910633 0.5137102 0.4220049 0.5407812 0.5059919 0.4954738 0.3281582 0.4981162 0.4619149 0.4814531 0.4548640 0.4975923 0.4975923 0.4882982 0.4920979 0.4920979 0.4302413 0.4042466 0.4943540 0.4535366 0.5052103 0.5244663 0.4625035 0.5198293 0.5355678 0.5052656 0.4588456 0.5045004 0.4873070 0.5232115 0.4492990 0.4436831 0.4647819 0.6171427 0.5991305 0.5974254 0.5295166 0.8795655 0.9922969 0.9922969 1.2270186 1.2270186 0.5821744 1.2041784 
Rhoesc_Res_001613-T1                                  0.3716037 0.4153190 0.3929182 0.4249808 0.4893576 0.3039383 0.3256272 0.3314759 0.3083081 0.2270577 0.3243939 0.3431420 0.3028429 0.2738799 0.3609746 0.3445828 0.3610841 0.4092791 0.4224054 0.4219603 0.3795368 0.4155085 0.2426328 0.4436033 0.4436033 0.3837181 0.4866467 0.2529135 0.4982702 0.4457707 0.4878049 0.3581122 0.3066124 0.0330536 0.0000000 0.1283135 0.1986533 0.3630060 0.3440067 0.3821219 0.4859230 0.4859230 0.3924416 0.4271314 0.4751406 0.4269010 0.4226074 0.4226074 0.3748020 0.5369659 0.4142101 0.4951338 0.4595259 0.4540210 0.2968359 0.4572741 0.4245120 0.4402348 0.4150686 0.4834964 0.4834964 0.4691519 0.4722764 0.4722764 0.4509672 0.4031807 0.4728970 0.4582809 0.5199598 0.5352060 0.4478875 0.5004478 0.5108566 0.4757799 0.4312147 0.4706607 0.4950876 0.5361887 0.4714711 0.4202516 0.4897460 0.5931718 0.5567826 0.5680634 0.5029488 0.8564247 0.9830866 0.9830866 1.1893713 1.1893713 0.5779812 1.1630992 
Aaur_scaffold27.g35.t1                                0.4055653 0.4105817 0.3877633 0.4493091 0.4583401 0.3037091 0.3515206 0.3616516 0.2879851 0.2757749 0.3769399 0.3976611 0.3193179 0.2985451 0.3877869 0.3299626 0.3334077 0.3848347 0.4000722 0.3972364 0.3581226 0.3962070 0.2465208 0.4508300 0.4508300 0.4011578 0.5158184 0.2527689 0.5362241 0.4847134 0.5421420 0.4118363 0.2336043 0.1387889 0.1283135 0.0000000 0.2307158 0.3617439 0.3102261 0.3928300 0.5520347 0.5520347 0.4453989 0.4321235 0.5209494 0.5074709 0.4509705 0.4509705 0.4398964 0.5593937 0.4669641 0.5071270 0.4724591 0.4626410 0.3270354 0.4658670 0.4245487 0.4291039 0.4094574 0.4479026 0.4479026 0.4459537 0.4508211 0.4508211 0.4648387 0.4695682 0.5057752 0.4639026 0.4870804 0.5208625 0.4691224 0.5374987 0.5276397 0.5195130 0.5061260 0.5544575 0.5363568 0.5620736 0.5078667 0.4036436 0.4938380 0.5929782 0.5489082 0.5476835 0.5055896 0.8807908 0.9915870 0.9915870 1.1554203 1.1554203 0.6232020 1.2674694 
Sanmal_Sma_027198-T1                                  0.3891523 0.3889946 0.3623175 0.4627512 0.4416447 0.3185326 0.3493213 0.3467381 0.2902299 0.2288892 0.3297941 0.3495311 0.3422940 0.2392212 0.3561330 0.3465268 0.3502662 0.3449457 0.3606587 0.3657539 0.3442345 0.3775489 0.2621815 0.5581529 0.5581529 0.4509639 0.5368183 0.3352047 0.5759304 0.5310293 0.5314147 0.4259057 0.3150096 0.1836232 0.1986533 0.2307158 0.0000000 0.3880946 0.3782417 0.3440982 0.4496230 0.4496230 0.4524077 0.4973129 0.5421976 0.5781663 0.5101008 0.5101008 0.3675110 0.4162563 0.4407243 0.5982900 0.5680020 0.5200814 0.4053908 0.4781408 0.4542692 0.4659835 0.4673182 0.5087265 0.5087265 0.4845907 0.5219099 0.5219099 0.4520974 0.3622489 0.4495768 0.5097693 0.5363494 0.6184870 0.4904707 0.5174897 0.4839544 0.5724389 0.4537095 0.5188806 0.5213356 0.5828673 0.4766886 0.4469999 0.4630247 0.6083158 0.5855965 0.6054775 0.5270131 0.8969498 1.1425466 1.1425466 1.4266702 1.4266702 0.5441131 1.2050951 
Hvul_g9012_1                                          0.3141539 0.3433723 0.3106886 0.3560248 0.3741391 0.2443241 0.2836069 0.3184907 0.2533351 0.2261353 0.3412516 0.3516068 0.3101620 0.2902676 0.3720907 0.3216501 0.3378941 0.3983684 0.4010128 0.4123427 0.3647892 0.4226642 0.2808063 0.3805130 0.3805130 0.3970434 0.5022616 0.3090818 0.5194059 0.4261564 0.5037804 0.4232270 0.3097442 0.3498635 0.3630060 0.3617439 0.3880946 0.0000000 0.1797968 0.3948864 0.4239001 0.4239001 0.3847484 0.4371529 0.5299226 0.5941292 0.4819450 0.4819450 0.4253427 0.5554403 0.4065544 0.5960252 0.5669371 0.4970409 0.4092648 0.4948713 0.4891478 0.5330817 0.4927994 0.5207378 0.5207378 0.5190000 0.5426592 0.5426592 0.4198585 0.4526601 0.5180745 0.4385552 0.4932166 0.5262861 0.4513827 0.5539182 0.5140081 0.5013227 0.5004969 0.5388798 0.4163126 0.4435092 0.4025493 0.4110046 0.5428553 0.4965565 0.4145181 0.4958141 0.4372601 0.8779694 0.8806797 0.8806797 1.2557937 1.2557937 0.5383136 1.0897835 
Chem_TCONS_00017375                                   0.3496207 0.3683093 0.3341838 0.3176625 0.3709569 0.2445227 0.2882218 0.2618276 0.2264229 0.2577973 0.3462899 0.3566847 0.3305292 0.2910393 0.3576908 0.3838991 0.3759714 0.4197092 0.4248614 0.4337439 0.3880929 0.4092793 0.2899539 0.4186454 0.4186454 0.3685702 0.4361595 0.2788513 0.4477290 0.3978436 0.5016812 0.4048655 0.2476738 0.3465242 0.3440067 0.3102261 0.3782417 0.1797968 0.0000000 0.3962171 0.4601721 0.4601721 0.4174796 0.3249799 0.4773974 0.5434929 0.4362670 0.4362670 0.4188622 0.5571357 0.4303978 0.5303713 0.4939890 0.4432664 0.3354684 0.4468566 0.4184386 0.4715372 0.4477725 0.4760899 0.4760899 0.4932127 0.5068344 0.5068344 0.4434730 0.4878523 0.4641031 0.4114668 0.4675187 0.5132812 0.3911930 0.4870687 0.4970658 0.4836885 0.4477483 0.4985133 0.4557390 0.5087849 0.4522070 0.3243110 0.5156644 0.4552803 0.4784305 0.4699656 0.4561603 0.7993467 0.8900359 0.8900359 1.2009951 1.2009951 0.5136768 1.2623444 
Plespi_Pspi_C592776_01                                0.3186845 0.3147084 0.2778455 0.3903671 0.3396863 0.2582374 0.2932412 0.2954654 0.2504221 0.2751851 0.3048889 0.3260011 0.3321434 0.2864339 0.3504808 0.3547071 0.3643250 0.4607617 0.4781935 0.4758099 0.4385277 0.4573866 0.3157362 0.4764140 0.4764140 0.4958240 0.4850259 0.3473117 0.5236644 0.5420660 0.5077791 0.4580572 0.3630641 0.3855005 0.3821219 0.3928300 0.3440982 0.3948864 0.3962171 0.0000000 0.5050837 0.5050837 0.5205706 0.3966101 0.5374817 0.6001231 0.5341164 0.5341164 0.4097717 0.4234055 0.4579512 0.6602091 0.6255661 0.5333445 0.4047964 0.5326900 0.5425940 0.5536062 0.5120996 0.5867821 0.5867821 0.5903526 0.5730728 0.5730728 0.4107631 0.4311487 0.4382668 0.5140610 0.5419737 0.5822446 0.4796352 0.5006462 0.5477228 0.5255422 0.5142402 0.5433513 0.4098353 0.4955095 0.3763866 0.2797388 0.5062763 0.4287031 0.4186436 0.5104504 0.4322663 0.8175360 1.0453448 1.0453448 1.2722459 1.2722459 0.4887226 1.3579898 
Spur_XM_003725646.3                                   0.4430807 0.4628736 0.4225571 0.6115166 0.7419606 0.4014164 0.4088853 0.4398645 0.4153083 0.2159697 0.4051165 0.4158028 0.3906377 0.3057199 0.4850274 0.4838217 0.4651380 0.4699145 0.4630915 0.4752464 0.4329703 0.4929553 0.2901193 0.6305981 0.6305981 0.5275683 0.6458902 0.3187160 0.6621067 0.5706333 0.5817402 0.5400675 0.5217706 0.4887479 0.4859230 0.5520347 0.4496230 0.4239001 0.4601721 0.5050837 0.0000000 0.0000010 0.2271618 0.5479303 0.6094722 0.5055498 0.5681512 0.5681512 0.3519330 0.4751369 0.3857018 0.6787819 0.6427068 0.6101624 0.4007171 0.6267488 0.5710845 0.6189682 0.5722340 0.6771329 0.6771329 0.6170440 0.6146268 0.6146268 0.4223212 0.4522331 0.2975897 0.4556229 0.5808705 0.6738995 0.6287094 0.7174839 0.7095336 0.6621124 0.6352934 0.6651702 0.5158877 0.5799026 0.4478267 0.6184572 0.4201642 0.6021329 0.6414995 0.6398586 0.5686901 1.1150773 1.2769831 1.2769831 1.2886875 1.2886875 0.6736805 1.9359901 
