102
Lcom_lcpid197827                                                  0.0000000 0.3718927 0.5389724 0.0000010 0.4877060 0.4099408 0.4342976 0.3975434 0.3813053 0.4223767 0.4223236 0.0000010 0.4449408 0.3984479 0.4683252 0.4767202 0.3966000 0.0000010 0.3812303 0.5639709 0.5966037 0.4698085 9.0000000 0.0000010 0.0000010 0.0000010 0.0000010 0.5997487 0.0000010 0.5033107 0.5033107 0.0000010 0.6114985 0.6189400 0.5795902 0.6404749 0.0000010 0.5690892 0.0000010 0.8758514 0.5477069 0.5186983 0.2968380 0.2488010 0.2641913 0.5669826 0.6336547 0.6336547 0.6028394 0.7029236 0.7247084 0.6761738 0.6440105 0.5583507 0.0000010 0.3512257 0.5457491 2.3299205 0.5250204 0.5955641 0.6403554 0.6271590 0.6271590 1.1795136 1.1795136 0.0000010 0.0000010 0.8669192 0.6274445 0.0000010 1.1393481 0.7450035 0.7457688 1.0458071 1.2239363 0.7531051 0.7661872 2.0016027 0.9879585 1.0447932 0.9697136 1.0447932 1.0447932 1.0381435 0.7573974 0.5496395 0.8593213 1.2872852 0.9907239 0.4237924 0.9588396 1.1860748 1.1512258 1.3697011 1.2944964 1.1670959 0.4070814 0.4134727 1.0787041 2.2564460 1.3074303 1.7357217 
Bralan_BLAG09000636_1                                             0.3718927 0.0000000 0.4470826 0.2324128 0.3318991 0.2711794 0.2726080 0.2848094 0.2604376 0.3694923 0.3614301 0.1186888 0.3533577 0.3357678 0.2990595 0.2928321 0.2901792 0.2004295 0.2615879 0.3831814 0.4397629 0.4173172 0.4697762 0.4042764 0.4042764 0.4169865 0.4169865 0.5136083 0.4176515 0.4118543 0.4118543 0.1921710 0.5095889 0.4924525 0.4316149 0.4942939 0.3955168 0.5192847 0.3988008 0.5837745 0.4018067 0.2666912 0.2919744 0.2982022 0.2801550 0.3887925 0.4064065 0.4039098 0.4218710 0.4008338 0.4103068 0.4096635 0.3839006 0.3834162 0.3231131 0.3331250 0.4478683 0.3313735 0.3831558 0.4998235 0.5049530 0.5838469 0.4353865 0.8625610 0.8625610 0.5732135 0.5170780 0.6384247 0.5228210 0.3430025 0.6854043 0.6554350 0.5893748 0.6990897 0.8049988 0.7071125 0.6920170 1.4213990 0.7141965 0.6841995 0.7071762 0.9969440 1.0521993 0.6922496 0.5216510 0.4632844 0.7391537 0.8065182 0.7920219 0.4054309 0.8783309 0.8506958 0.8528668 1.0337589 1.0077835 0.9116956 0.5133641 0.6170414 0.9212971 1.4508015 1.3113230 1.5886749 
Tetwil_g8987.t1                                                   0.5389724 0.4470826 0.0000000 0.1125518 0.4551665 0.4266179 0.4292942 0.4430992 0.4326356 0.4854198 0.4873883 0.3205298 0.4815976 0.4909098 0.4312932 0.4291153 0.4536001 0.3755078 0.4661660 0.4902970 0.5092990 0.4836715 0.5629692 0.5383955 0.5383955 0.5473558 0.5473558 0.5630672 0.4906971 0.5102307 0.5102307 0.3579388 0.5942746 0.5809450 0.5129813 0.5824955 0.4623498 0.5928368 0.5774386 0.6886879 0.5394158 0.4672259 0.4598047 0.4722761 0.4628956 0.5327141 0.5453941 0.5349618 0.5471612 0.5492165 0.5452139 0.5783994 0.5715112 0.4682631 0.4290850 0.4883797 0.2870936 0.1763570 0.1669640 0.4389927 0.4500404 0.4815331 0.4000873 0.9625042 0.9625042 0.6388485 0.4785586 0.6648795 0.6532312 0.5110512 0.7254392 0.7204517 0.7426593 0.7555536 0.8058507 0.7315436 0.7304002 1.4171180 0.7963986 0.7812994 0.8075610 1.0811780 1.2152466 0.7248769 0.6810852 0.5048928 0.8178646 0.8470771 0.9079191 0.6411669 0.9659743 0.8918175 0.8658272 1.1128378 1.0792915 0.9726445 0.7007996 0.6718144 0.9386379 1.5382512 1.2783665 1.4470409 
Stycar_maker-SC_scaffold112693-snap-gene-0.4-mRNA-1               0.0000010 0.2324128 0.1125518 0.0000000 0.2255318 0.2210462 0.2433472 0.2197272 0.1980216 0.1896270 0.1896270 0.2062827 0.2058191 0.2305313 0.2172081 0.2905251 0.3197923 0.3278825 0.2233393 0.2477329 0.4083214 0.4083214 0.4083214 0.4083214 0.4083214 0.4083214 0.4083214 0.4083214 0.4083214 0.3822063 0.3822063 0.3530315 0.3755907 0.3755907 0.3060938 0.3111486 0.0000010 0.2813346 0.2813346 0.3398673 0.2081092 0.2692054 0.2874566 0.2674680 0.2913581 0.2429228 0.2429228 0.2429228 0.2429228 0.2655351 0.2655351 0.2440695 0.2672061 0.3110275 0.3110275 0.3916625 0.2642158 0.0000010 0.0000010 0.2380852 0.2149192 4.9421361 0.2739905 0.2959938 0.2959938 0.2555586 0.3030374 0.3586116 0.5233514 0.6880026 0.3463336 0.4143073 0.5351198 0.6046189 0.6173440 0.5781563 0.6125254 2.1763244 0.6496138 0.6496138 0.6230628 3.9441790 1.3364233 0.6186026 0.0000010 0.0000010 0.5882171 0.4729149 0.6181834 3.9952407 0.4165391 0.6251679 0.0000010 0.9720585 0.9720585 0.7677652 1.3197665 0.0000010 0.5314341 0.5949964 0.5919733 0.0000010 
Morvir_scaffold52.g36.t1                                          0.4877060 0.3318991 0.4551665 0.2255318 0.0000000 0.2663859 0.2628907 0.2706034 0.2525168 0.2231672 0.2161163 0.0842319 0.2241736 0.3371960 0.2987371 0.2677539 0.2862921 0.2211643 0.3222878 0.2851234 0.3802835 0.3500148 0.3959683 0.3750478 0.3750478 0.3745894 0.3745894 0.4734595 0.3621018 0.3665301 0.3665301 0.1792499 0.4751008 0.4613008 0.3808572 0.4686660 0.3121917 0.4764809 0.4558432 0.6134547 0.2869905 0.3650329 0.3562440 0.3423957 0.3170034 0.3966867 0.4010290 0.3945120 0.4179923 0.4231541 0.4329587 0.4855581 0.4562458 0.3811747 0.2710272 0.3615301 0.4858865 0.3289211 0.4336538 0.5425535 0.5598201 0.6782461 0.4794107 0.8296304 0.8296304 0.4925890 0.3923321 0.5342771 0.5455231 0.3366005 0.6537592 0.6179196 0.6577643 0.6348776 0.7882399 0.6459503 0.6556082 1.9317953 0.6808133 0.6932377 0.7240275 1.0759494 1.1941507 0.6402527 0.6521275 0.4591273 0.7823147 0.7369880 0.7707051 0.4359351 0.8680785 0.7927840 0.8282891 1.0324433 1.0099329 0.9682233 0.5067209 0.4047178 0.8231351 1.4437718 1.1733523 1.4260343 
Spis_XP_022799124_1                                               0.4099408 0.2711794 0.4266179 0.2210462 0.2663859 0.0000000 0.0122768 0.0327940 0.0412118 0.2897312 0.2775237 0.0837166 0.2900879 0.0947242 0.1671161 0.1521216 0.1955485 0.1870968 0.2845382 0.3112428 0.3649427 0.3575297 0.4040714 0.3541956 0.3541956 0.3634563 0.3634563 0.4450242 0.3690929 0.3577559 0.3577559 0.1821631 0.4758676 0.4617395 0.3900124 0.4605393 0.3297244 0.4855825 0.4217848 0.5453846 0.3470899 0.3226475 0.3112938 0.2899071 0.3050262 0.3380152 0.3602489 0.3545889 0.3691899 0.3581516 0.3582550 0.4293623 0.4047900 0.3845052 0.3028623 0.3289549 0.4370030 0.3159645 0.3836550 0.5098578 0.4830619 0.5293526 0.3980558 0.8315917 0.8315917 0.4876237 0.4591706 0.5942069 0.5357463 0.1808816 0.6884600 0.6338793 0.5952849 0.6617043 0.7669002 0.6212629 0.5963763 1.4643651 0.6714612 0.6352456 0.6597396 0.8999340 0.9909089 0.5886119 0.4251610 0.4256916 0.7172265 0.7004198 0.7923923 0.1834963 0.8098847 0.8267362 0.7484434 1.0556943 1.0143813 0.9611399 0.3626090 0.4427378 0.8266341 1.4298162 1.2483531 1.3046356 
Pocdam_XM_027187755.1                                             0.4342976 0.2726080 0.4292942 0.2433472 0.2628907 0.0122768 0.0000000 0.0327457 0.0393472 0.2927636 0.2805074 0.0899972 0.2933081 0.0988421 0.1608993 0.1431379 0.1945315 0.1867774 0.2864945 0.3170802 0.3635781 0.3577480 0.4044381 0.3547028 0.3547028 0.3638856 0.3638856 0.4372396 0.3594376 0.3598895 0.3598895 0.1735364 0.4678790 0.4514860 0.3900128 0.4630266 0.3297244 0.4870191 0.4295210 0.5375398 0.3389591 0.3234523 0.3132136 0.2818764 0.3044565 0.3375880 0.3571326 0.3546862 0.3689902 0.3498151 0.3499179 0.4308029 0.4072408 0.3767713 0.3095686 0.3384989 0.4365386 0.3159645 0.3820661 0.5116874 0.4848207 0.5284995 0.3995501 0.8248208 0.8248208 0.4943926 0.4311332 0.5969138 0.5391521 0.1704577 0.6858350 0.6366694 0.5950864 0.6656373 0.7680646 0.6197847 0.6017757 1.4413549 0.6703675 0.6312116 0.6489715 0.8828317 0.9763046 0.5883526 0.4122931 0.4222901 0.7192564 0.7057778 0.7888633 0.1862502 0.8058212 0.8153525 0.7320011 1.0433345 1.0037499 0.9409650 0.3746390 0.4585843 0.8305753 1.4079444 1.2537809 1.2472632 
Gasp_gasp1.m3.4442.m1                                             0.3975434 0.2848094 0.4430992 0.2197272 0.2706034 0.0327940 0.0327457 0.0000000 0.0191116 0.2971273 0.2867953 0.0756515 0.2949580 0.1067653 0.1471030 0.1429961 0.1982851 0.1787021 0.2966694 0.3187429 0.3789614 0.3668563 0.4185627 0.3752382 0.3752382 0.3513067 0.3513067 0.4517646 0.3725422 0.3622649 0.3622649 0.1625804 0.4845034 0.4665677 0.3905556 0.4693544 0.3433591 0.4897850 0.4078777 0.5703564 0.3256993 0.3321248 0.3212275 0.2915006 0.3271427 0.3475518 0.3761372 0.3705513 0.3845176 0.3821521 0.3862269 0.4388630 0.4165227 0.3902898 0.3079512 0.3424960 0.4613903 0.3190859 0.3959600 0.5175827 0.4956184 0.5456999 0.4143245 0.8480950 0.8480950 0.4862931 0.4533030 0.6248746 0.5283591 0.1800245 0.6897569 0.6539348 0.6206471 0.6907725 0.7858154 0.6521957 0.6241585 1.4300228 0.7004677 0.6516021 0.6748238 0.9236910 0.9464410 0.6219041 0.4234953 0.4368731 0.7603847 0.7267817 0.8447820 0.1691744 0.8055230 0.8393453 0.7894143 1.0975802 1.0313037 0.9814705 0.3441857 0.4341281 0.8773264 1.5152708 1.2789851 1.3070436 
Fspp_ffun1.m4.10199.m1                                            0.3813053 0.2604376 0.4326356 0.1980216 0.2525168 0.0412118 0.0393472 0.0191116 0.0000000 0.2910875 0.2797072 0.0777737 0.2825101 0.1105462 0.1597176 0.1459464 0.1930628 0.1801108 0.2839589 0.3099475 0.3695233 0.3585197 0.4122971 0.3532417 0.3532417 0.3734371 0.3734371 0.4332006 0.3588621 0.3612356 0.3612356 0.1853508 0.4689821 0.4516233 0.3750666 0.4462039 0.3257441 0.4764880 0.3987370 0.5378200 0.3253390 0.3089466 0.3017828 0.2825894 0.2973582 0.3355064 0.3554851 0.3511675 0.3684967 0.3554028 0.3590151 0.4280210 0.4052866 0.3808050 0.2923105 0.3294473 0.4474264 0.3116704 0.3916313 0.5077844 0.4834670 0.5408774 0.4025255 0.8447438 0.8447438 0.4889590 0.4221349 0.5832553 0.5291915 0.1744964 0.6589272 0.6401482 0.5787341 0.6596351 0.7719133 0.6305018 0.5967118 1.4634259 0.6661067 0.6298458 0.6497811 0.9027005 0.9886119 0.5858550 0.4572510 0.4345210 0.7139719 0.7013249 0.7813586 0.1749954 0.8006620 0.8212006 0.7470608 1.0360351 0.9794406 0.9595836 0.3510753 0.4317505 0.8330100 1.4426186 1.2425776 1.3643568 
Nemnom_g9147.t1                                                   0.4223767 0.3694923 0.4854198 0.1896270 0.2231672 0.2897312 0.2927636 0.2971273 0.2910875 0.0000000 0.0393907 0.0580596 0.1574165 0.3554565 0.3180374 0.3051611 0.3280054 0.3052179 0.3677910 0.2879596 0.3675522 0.3338605 0.3740298 0.3458141 0.3458141 0.3505893 0.3505893 0.4601605 0.3636868 0.3480473 0.3480473 0.1598225 0.4956098 0.4818560 0.4051774 0.4412492 0.3289485 0.4797341 0.4176452 0.5493881 0.3302568 0.4156476 0.3834362 0.3421392 0.3432607 0.4361051 0.4500361 0.4419288 0.4480970 0.4659117 0.4636444 0.4862009 0.4595736 0.3736427 0.2639923 0.3853538 0.4850432 0.3415230 0.4351233 0.5932000 0.5917513 0.6492157 0.4840873 0.8752091 0.8752091 0.5298253 0.4468467 0.5770848 0.5467977 0.3429181 0.7120215 0.6509209 0.6544055 0.6500767 0.7743712 0.6315438 0.6620308 1.4991786 0.7027722 0.6957622 0.7206521 1.0392784 1.1227193 0.6618201 0.6770658 0.4747029 0.7215516 0.7488025 0.7634706 0.4277716 0.8867988 0.8100425 0.8478694 1.0665061 1.0721643 1.0345027 0.5328326 0.2670273 0.8227031 1.4646454 1.2263501 1.2760975 
Rhoesc_Res_014111-T1                                              0.4223236 0.3614301 0.4873883 0.1896270 0.2161163 0.2775237 0.2805074 0.2867953 0.2797072 0.0393907 0.0000000 0.0461330 0.1559200 0.3430146 0.3078974 0.2939216 0.3155468 0.3002514 0.3536355 0.2704887 0.3697053 0.3259694 0.3708766 0.3468972 0.3468972 0.3445998 0.3445998 0.4605027 0.3537230 0.3465784 0.3465784 0.1685327 0.4933003 0.4778543 0.3948400 0.4366510 0.3148903 0.4709475 0.4176452 0.5664223 0.3187289 0.4207190 0.3794568 0.3481281 0.3452805 0.4193926 0.4332891 0.4234578 0.4383389 0.4484809 0.4462165 0.4727407 0.4523746 0.3648531 0.2776661 0.3808350 0.4854676 0.3881106 0.4458842 0.6082123 0.5948779 0.6327663 0.4644399 0.8636091 0.8636091 0.5206655 0.4579525 0.5705502 0.5361185 0.3522542 0.7157989 0.6520923 0.6496332 0.6429744 0.7780360 0.6281661 0.6621940 1.5666934 0.7040590 0.6942415 0.7185666 1.0127349 1.1070120 0.6542632 0.6701934 0.4562078 0.7402794 0.7527477 0.7584370 0.4208865 0.8720702 0.8255232 0.8447438 1.0574356 1.0526611 1.0264240 0.4987198 0.2433792 0.8428504 1.4646781 1.2331445 1.2187142 
Aaur_scaffold890.g1.t1                                            0.0000010 0.1186888 0.3205298 0.2062827 0.0842319 0.0837166 0.0899972 0.0756515 0.0777737 0.0580596 0.0461330 0.0000000 0.0578694 0.0906184 0.0900875 0.1245189 0.1114422 0.1474340 0.1881066 0.0976762 0.2168072 0.2168072 0.2168072 0.1868362 0.1868362 0.1986416 0.1986416 0.2088671 0.2088671 0.1914385 0.1914385 0.1589530 0.2234176 0.2221380 0.1639285 0.1645606 0.1594944 0.1645811 0.1603389 0.2294517 0.1366739 0.1208833 0.1389624 0.1383902 0.1184760 0.1527758 0.1459386 0.1459386 0.1613923 0.1746289 0.1746289 0.1573913 0.1458866 0.2109252 0.1911289 0.1805490 0.2808311 0.2717201 0.2942009 0.4647823 0.4469941 2.4495572 0.3053471 0.3810914 0.3810914 0.3798560 0.3070433 0.2679791 0.3378670 0.2316065 0.2462917 0.4254306 0.3769673 0.3829135 0.5147325 0.4156137 0.3684567 1.6847681 0.5007542 0.5007542 0.4400562 2.1813018 1.2703179 0.3965958 0.0000010 0.3021674 0.3524288 0.5009273 0.4889144 0.2326109 0.4494912 0.5481768 0.0000010 0.8015701 0.8203856 0.8244632 1.9241456 0.0000010 0.6620237 1.1449588 1.0050699 0.0000010 
Sanmal_Sma_012954-T1                                              0.4449408 0.3533577 0.4815976 0.2058191 0.2241736 0.2900879 0.2933081 0.2949580 0.2825101 0.1574165 0.1559200 0.0578694 0.0000000 0.3440043 0.3149553 0.2982615 0.3161878 0.3111171 0.3703163 0.3065809 0.3988321 0.3490290 0.3941903 0.3758652 0.3758652 0.3754946 0.3754946 0.4905889 0.3744746 0.3693009 0.3693009 0.1672872 0.4761050 0.4565207 0.4307323 0.4782827 0.3050592 0.4757224 0.4064204 0.5950933 0.3151827 0.3873141 0.3554636 0.3477795 0.3462438 0.4188202 0.4371272 0.4311277 0.4465374 0.4398188 0.4422043 0.4745140 0.4473208 0.3883162 0.3076295 0.3762905 0.4761725 0.3160914 0.4120382 0.5855305 0.5848477 0.5502188 0.4311643 0.8651562 0.8651562 0.5580803 0.4765136 0.5505261 0.5453766 0.3821179 0.7157845 0.6351591 0.6320832 0.6545579 0.8111722 0.6473865 0.6255438 1.4949584 0.6928666 0.6765323 0.7083781 1.0179315 1.1269516 0.6433790 0.6106177 0.4387459 0.7606086 0.7221385 0.7863337 0.4445847 0.8650267 0.8251137 0.8649014 1.0417161 1.0225761 1.0195025 0.5181497 0.2826940 0.8768742 1.4785380 1.2213519 1.5159696 
Gfas_gfas1.m1.15968.m1                                            0.3984479 0.3357678 0.4909098 0.2305313 0.3371960 0.0947242 0.0988421 0.1067653 0.1105462 0.3554565 0.3430146 0.0906184 0.3440043 0.0000000 0.2180991 0.2102237 0.2488536 0.3259959 0.3452169 0.3734890 0.4140565 0.4108682 0.5034301 0.5071924 0.5071924 0.4815398 0.4815398 0.4870635 0.4356772 0.4058219 0.4058219 0.1953971 0.5183481 0.5015073 0.4616362 0.5019929 0.3347833 0.5321294 0.6123705 0.5923606 0.3826718 0.3112376 0.3690274 0.3583606 0.3686739 0.3832802 0.4052480 0.4036583 0.4237873 0.4143841 0.4144936 0.5093964 0.4793188 0.4373939 0.4974902 0.3946599 0.4915425 0.3122749 0.3657750 0.5664527 0.5430408 0.5182766 0.4833841 0.9245057 0.9245057 0.7451599 0.9437132 0.6253400 0.5692854 0.3786125 0.7306638 0.6830878 0.6281107 0.7189015 0.8325663 0.6641952 0.6479206 1.4102410 0.7039885 0.6238186 0.7056943 0.9318399 0.9910597 0.6378344 0.3796483 0.4221323 0.7329515 0.7625597 0.8269640 0.3128387 0.8777701 0.8788834 0.7172104 1.1081926 1.0584873 1.0066618 0.3643975 0.4386021 0.9160001 1.5708127 1.3601670 1.3581273 
Nvec_v1g159517                                                    0.4683252 0.2990595 0.4312932 0.2172081 0.2987371 0.1671161 0.1608993 0.1471030 0.1597176 0.3180374 0.3078974 0.0900875 0.3149553 0.2180991 0.0000000 0.1380102 0.2008101 0.1872633 0.3253578 0.3348972 0.3574281 0.3477426 0.4063196 0.3617590 0.3617590 0.3603261 0.3603261 0.4146309 0.3645999 0.3554447 0.3554447 0.1714399 0.4370784 0.4234165 0.3727326 0.4155847 0.3110404 0.4479951 0.4203392 0.5190380 0.3552800 0.3777285 0.3109467 0.3000532 0.3254701 0.3744922 0.3882991 0.3874696 0.4143414 0.4111186 0.4105580 0.4525753 0.4275250 0.3957496 0.2858700 0.3385799 0.4436862 0.3359012 0.4076566 0.5461277 0.5271894 0.5137152 0.3826382 0.8116714 0.8116714 0.4973167 0.4358689 0.5940948 0.5605604 0.2143481 0.6716215 0.6550587 0.6084458 0.6601568 0.7519396 0.6457598 0.6308603 1.5802363 0.7132292 0.6765932 0.7131081 0.9718554 1.0474845 0.6311450 0.1412310 0.4666858 0.7678792 0.7252221 0.7993516 0.2774404 0.8052073 0.8084599 0.7993361 1.0470374 1.0140432 0.9428068 0.3796702 0.4906037 0.8404367 1.4677141 1.2397117 1.2205782 
Exapal_XM_021044845.2                                             0.4767202 0.2928321 0.4291153 0.2905251 0.2677539 0.1521216 0.1431379 0.1429961 0.1459464 0.3051611 0.2939216 0.1245189 0.2982615 0.2102237 0.1380102 0.0000000 0.2156278 0.1820168 0.3079543 0.3198278 0.3724343 0.3605626 0.4186764 0.3761948 0.3761948 0.3773321 0.3773321 0.4381016 0.3684812 0.3673022 0.3673022 0.2118395 0.4735632 0.4564567 0.3993759 0.4490770 0.3190212 0.4917221 0.4850518 0.5579777 0.3223647 0.3575508 0.3195626 0.3161338 0.3178658 0.3458999 0.3548146 0.3548854 0.3730783 0.3762738 0.3811561 0.4820864 0.4502710 0.3824441 0.2839939 0.3515066 0.4513111 0.3519290 0.4107478 0.5338066 0.5237207 0.5124856 0.3842549 0.8401850 0.8401850 0.5302704 0.4726736 0.5856637 0.5354746 0.2568608 0.6686178 0.6428915 0.5913598 0.6479131 0.7459092 0.6195171 0.6156948 1.4519967 0.6823836 0.6600656 0.6612939 0.9000713 0.9829218 0.6057290 0.3232924 0.3940274 0.7378720 0.7228905 0.7541943 0.2727370 0.8055567 0.8202349 0.7672772 1.0316800 1.0051884 0.9457568 0.4187053 0.5064603 0.8408512 1.4986383 1.2682312 1.3342552 
Dgig_XM_028539630.1                                               0.3966000 0.2901792 0.4536001 0.3197923 0.2862921 0.1955485 0.1945315 0.1982851 0.1930628 0.3280054 0.3155468 0.1114422 0.3161878 0.2488536 0.2008101 0.2156278 0.0000000 0.0413257 0.3275077 0.3230854 0.3754665 0.3620331 0.4459225 0.4243018 0.4243018 0.4240185 0.4240185 0.4537162 0.3907826 0.3677624 0.3677624 0.1880132 0.4640233 0.4524970 0.3807829 0.4483483 0.2899561 0.4640549 0.4893170 0.5533322 0.3626424 0.3709845 0.3392592 0.3103829 0.3296403 0.3799756 0.3818170 0.3835589 0.4201087 0.3999584 0.4056940 0.4415787 0.4194722 0.3845183 0.3351325 0.3614185 0.4842562 0.2956244 0.3830356 0.5658453 0.5497476 0.5728736 0.4223180 0.8398223 0.8398223 0.5874804 0.5345871 0.6222885 0.5712381 0.2941025 0.7011192 0.6662949 0.6156290 0.6954442 0.7895776 0.6270314 0.6345683 1.5454266 0.6841840 0.6568702 0.6759607 0.9786287 1.0295545 0.6081992 0.4021836 0.4296429 0.7712468 0.7474559 0.7813559 0.3080865 0.8349295 0.8362920 0.7876532 1.0275062 0.9951191 1.0183552 0.2214342 0.4969832 0.8730395 1.4397952 1.2498422 1.4639060 
Xesp_018746-T1                                                    0.0000010 0.2004295 0.3755078 0.3278825 0.2211643 0.1870968 0.1867774 0.1787021 0.1801108 0.3052179 0.3002514 0.1474340 0.3111171 0.3259959 0.1872633 0.1820168 0.0413257 0.0000000 0.2796237 0.2688117 0.4458766 0.4458766 0.4458766 0.4542835 0.4542835 0.4251475 0.4251475 0.4455749 0.4455749 0.4572267 0.4572267 0.1980594 0.4778067 0.4751880 0.3961529 0.4190133 0.2506562 0.4250224 0.5349967 0.4551876 0.3114765 0.1872562 0.2514661 0.2720574 0.2571327 0.3048402 0.2988572 0.2988572 0.3596026 0.3312938 0.3388300 0.3392501 0.3071697 0.3487668 0.3594699 0.3498637 0.3785133 0.3106229 0.3350239 0.5637859 0.5607747 2.5950493 0.3940048 0.6091604 0.6091604 0.6428286 0.5669218 0.5465569 0.5584972 0.2673229 0.4687697 0.7202675 0.5155039 0.6890643 0.7733367 0.6764343 0.6277559 2.1088119 0.7650906 0.5957980 0.6714107 2.6967445 1.8443400 0.6226792 0.0000010 0.4880514 0.6912669 0.7715184 0.7491801 0.2759095 0.7547437 0.7202399 0.0000010 1.0674857 1.0414765 1.1410978 1.9930530 0.0000010 0.9410818 1.3417378 1.4851452 0.0000010 
Spur_XM_030984615.1                                               0.3812303 0.2615879 0.4661660 0.2233393 0.3222878 0.2845382 0.2864945 0.2966694 0.2839589 0.3677910 0.3536355 0.1881066 0.3703163 0.3452169 0.3253578 0.3079543 0.3275077 0.2796237 0.0000000 0.4271806 0.4311285 0.4128854 0.4716479 0.3969528 0.3969528 0.4234333 0.4234333 0.4983972 0.4269596 0.3959227 0.3959227 0.2448232 0.5345867 0.5212945 0.4172533 0.4836778 0.3913120 0.5144723 0.4521529 0.5789584 0.4279988 0.2882395 0.3265483 0.3104156 0.3198254 0.4393309 0.4333363 0.4272497 0.4407736 0.4424980 0.4525019 0.4579412 0.4368619 0.4339226 0.3708999 0.3420008 0.4898759 0.3772349 0.3885468 0.5227762 0.5136018 0.5823120 0.4683975 0.8502207 0.8502207 0.5433723 0.5682232 0.6266072 0.5674574 0.4182385 0.7027451 0.6739936 0.5706198 0.7397488 0.7808976 0.6389977 0.6452826 1.5368235 0.7421998 0.6959197 0.7183577 0.9811386 1.0713161 0.6304348 0.5486662 0.4517587 0.7632793 0.7207274 0.7835861 0.4675504 0.8737095 0.8113645 0.8743963 1.0619926 1.0337010 0.9054317 0.4834018 0.5731067 0.8770365 1.4167732 1.3432416 1.4106763 
Chem_TCONS_00004373                                               0.5639709 0.3831814 0.4902970 0.2477329 0.2851234 0.3112428 0.3170802 0.3187429 0.3099475 0.2879596 0.2704887 0.0976762 0.3065809 0.3734890 0.3348972 0.3198278 0.3230854 0.2688117 0.4271806 0.0000000 0.4298671 0.3982541 0.4515105 0.4359833 0.4359833 0.4171619 0.4171619 0.4835375 0.4047487 0.4246867 0.4246867 0.2198374 0.5266381 0.5189121 0.4194291 0.4746006 0.3880007 0.5002508 0.4653328 0.6210550 0.2855704 0.4768994 0.4004950 0.4093973 0.4016863 0.4278872 0.4476936 0.4539789 0.4840461 0.4734838 0.4752995 0.5372549 0.4985232 0.4306247 0.3469819 0.4305783 0.5185085 0.3748245 0.4909273 0.6284309 0.6219472 0.6289992 0.4676672 0.8632664 0.8632664 0.5647711 0.4828887 0.6099043 0.5759565 0.3969421 0.6773348 0.6272070 0.6689581 0.6728482 0.7989162 0.6856464 0.7037144 1.4397642 0.6964479 0.6945642 0.7235872 0.9793308 1.0636054 0.6813197 0.6507716 0.5279108 0.7517033 0.7995693 0.7741494 0.4191852 0.8601940 0.8790597 0.9639847 1.0537723 1.0116179 0.9556165 0.5202037 0.4754807 0.8510336 1.5505370 1.2306790 1.3847456 
Bolinf_Binf_sb1242104                                             0.5966037 0.4397629 0.5092990 0.4083214 0.3802835 0.3649427 0.3635781 0.3789614 0.3695233 0.3675522 0.3697053 0.2168072 0.3988321 0.4140565 0.3574281 0.3724343 0.3754665 0.4458766 0.4311285 0.4298671 0.0000000 0.0000010 0.0000010 0.0000010 0.0000010 0.0135421 0.0135421 0.0333332 0.0239825 0.0673867 0.0673867 0.0436839 0.0968811 0.0967246 0.1449326 0.1134617 0.1484212 0.1979158 0.1663348 0.3140395 0.4457495 0.4172573 0.4064064 0.3901657 0.4039537 0.4500717 0.4684699 0.4689445 0.5017159 0.4839560 0.4797518 0.5313457 0.5149822 0.4445085 0.4609236 0.4215452 0.5424931 0.4015264 0.3892561 0.7139708 0.6971393 0.6851148 0.5564047 0.8496269 0.8496269 0.6666357 0.8652141 0.6122486 0.6064012 0.5349810 0.6883655 0.6697785 0.6534393 0.7207802 0.8526628 0.6683407 0.6774157 2.2908356 0.6907582 0.6441673 0.7039431 0.9656002 1.0812835 0.6698482 0.6706449 0.4921128 0.8134248 0.8781973 0.8075303 0.5300245 0.8755484 0.8847308 0.8848605 1.1698315 1.0843135 1.0638243 0.5351758 0.5938113 0.8915873 1.5932218 1.3136953 2.0842963 
Bolinf_Binf_sb1242105                                             0.4698085 0.4173172 0.4836715 0.4083214 0.3500148 0.3575297 0.3577480 0.3668563 0.3585197 0.3338605 0.3259694 0.2168072 0.3490290 0.4108682 0.3477426 0.3605626 0.3620331 0.4458766 0.4128854 0.3982541 0.0000010 0.0000000 0.0000010 0.0000010 0.0000010 0.0135421 0.0135421 0.0314993 0.0239825 0.0574469 0.0574469 0.0436839 0.0923605 0.0923216 0.1351221 0.1122608 0.1484212 0.1721942 0.1663348 0.2887103 0.3992168 0.3600358 0.3697559 0.3607651 0.3584280 0.3983572 0.3971221 0.3976826 0.4322470 0.4093423 0.4053331 0.4656258 0.4510608 0.4129537 0.4609236 0.3870782 0.5254844 0.3871390 0.3626022 0.6698389 0.6672906 0.6702258 0.5315671 0.8372732 0.8372732 0.6666357 0.8652141 0.5436675 0.5723836 0.5349810 0.5508342 0.6370743 0.5772356 0.6470349 0.7812354 0.6073412 0.6026462 2.0652943 0.6558920 0.5499081 0.6457463 0.8216583 0.9288208 0.5975164 0.8668208 0.4538136 0.7264388 0.7843425 0.7477422 0.5386270 0.8312292 0.8617802 0.7997118 1.1218660 1.0534363 1.0375663 0.5464437 0.3632885 0.8108779 1.4309708 1.3131461 8.9999983 
Bolinf_Binf_sb1242106                                             9.0000000 0.4697762 0.5629692 0.4083214 0.3959683 0.4040714 0.4044381 0.4185627 0.4122971 0.3740298 0.3708766 0.2168072 0.3941903 0.5034301 0.4063196 0.4186764 0.4459225 0.4458766 0.4716479 0.4515105 0.0000010 0.0000010 0.0000000 0.0000010 0.0000010 0.0000010 0.0000010 0.0404567 0.0256620 0.0523260 0.0523260 0.0436839 0.1059910 0.1056367 0.1295576 0.1189012 0.0939931 0.1616186 0.1663348 0.2963698 0.4052931 0.3124565 0.4195312 0.4244798 0.4204611 0.4285916 0.4301802 0.4310187 0.4740277 0.4460593 0.4398053 0.5116655 0.5098185 0.4768111 0.4609236 0.4340584 0.5897593 0.3730491 0.4130819 0.8042190 0.7840658 3.3155818 0.6005264 0.7862879 0.7862879 0.6666357 0.8652141 0.6599895 0.6547938 0.5118053 0.5908253 0.7451025 0.6513605 0.7349929 0.9326295 0.7668946 0.7902784 1.8858004 0.7749712 0.6125713 0.7670001 3.1834090 3.0938988 0.7091636 1.9857859 0.6261328 0.7803530 0.9099372 0.8862976 0.6090563 0.8071748 0.8449456 0.9881200 1.2909438 1.2221375 1.1971714 2.6793783 9.0000000 1.0341787 1.4614436 1.3734300 9.0000000 
Bolinf_Binf_sb1242107                                             0.0000010 0.4042764 0.5383955 0.4083214 0.3750478 0.3541956 0.3547028 0.3752382 0.3532417 0.3458141 0.3468972 0.1868362 0.3758652 0.5071924 0.3617590 0.3761948 0.4243018 0.4542835 0.3969528 0.4359833 0.0000010 0.0000010 0.0000010 0.0000000 0.0000010 0.0000010 0.0000010 0.0271874 0.0271874 0.0619294 0.0619294 0.0174240 0.0926272 0.0921699 0.1209847 0.1320255 0.0326253 0.1573983 0.1663348 0.2434646 0.3910778 0.2140091 0.3414959 0.3256162 0.3514388 0.4507471 0.4440868 0.4440868 0.4543726 0.4477550 0.4477550 0.4193977 0.3961883 0.4649251 0.4649251 0.3886654 0.5521673 0.1917739 0.2835939 0.7409371 0.7578806 2.3906809 0.5910452 0.6805179 0.6805179 0.6794416 0.8652141 0.7154149 0.6203577 0.5566583 0.5359980 0.6757598 0.6073967 0.7380874 0.9825431 0.8560272 0.9163941 2.1020740 0.8672106 0.5550024 0.8080101 3.6326489 1.2009043 0.7146887 0.0000010 0.6439705 0.8769714 0.8334555 0.7280962 0.5219645 0.6405467 0.7961697 0.0000010 1.2809379 1.2305664 1.0654314 1.7767281 0.0000010 0.8645894 1.3044291 1.2286551 0.0000010 
Bolinf_Binf_sb1242108                                             0.0000010 0.4042764 0.5383955 0.4083214 0.3750478 0.3541956 0.3547028 0.3752382 0.3532417 0.3458141 0.3468972 0.1868362 0.3758652 0.5071924 0.3617590 0.3761948 0.4243018 0.4542835 0.3969528 0.4359833 0.0000010 0.0000010 0.0000010 0.0000010 0.0000000 0.0000010 0.0000010 0.0271874 0.0271874 0.0619294 0.0619294 0.0174240 0.0926272 0.0921699 0.1209847 0.1320255 0.0326253 0.1573983 0.1663348 0.2434646 0.3910778 0.2140091 0.3414959 0.3256162 0.3514388 0.4507471 0.4440868 0.4440868 0.4543726 0.4477550 0.4477550 0.4193977 0.3961883 0.4649251 0.4649251 0.3886654 0.5521673 0.1917739 0.2835939 0.7409371 0.7578806 2.3906809 0.5910452 0.6805179 0.6805179 0.6794416 0.8652141 0.7154149 0.6203577 0.5566583 0.5359980 0.6757598 0.6073967 0.7380874 0.9825431 0.8560272 0.9163941 2.1020740 0.8672106 0.5550024 0.8080101 3.6326489 1.2009043 0.7146887 0.0000010 0.6439705 0.8769714 0.8334555 0.7280962 0.5219645 0.6405467 0.7961697 0.0000010 1.2809379 1.2305664 1.0654314 1.7767281 0.0000010 0.8645894 1.3044291 1.2286551 0.0000010 
Mertsp_Mesp_sb559366                                              0.0000010 0.4169865 0.5473558 0.4083214 0.3745894 0.3634563 0.3638856 0.3513067 0.3734371 0.3505893 0.3445998 0.1986416 0.3754946 0.4815398 0.3603261 0.3773321 0.4240185 0.4251475 0.4234333 0.4171619 0.0135421 0.0135421 0.0000010 0.0000010 0.0000010 0.0000000 0.0000010 0.0372567 0.0372567 0.0615730 0.0615730 0.0436839 0.1093766 0.1089156 0.1400440 0.1346033 0.1742184 0.1870117 0.1663348 0.2844781 0.4008638 0.2307816 0.3695112 0.3468236 0.3655553 0.3978481 0.4187075 0.4187075 0.4553997 0.4365114 0.4365114 0.4337334 0.4137237 0.4499970 0.4609236 0.3932921 0.5538402 0.3105160 0.3371914 0.7499908 0.7375599 2.4887305 0.6044711 0.6988241 0.6988241 0.6666357 0.8652141 0.6498750 0.6231967 0.4936167 0.5279727 0.6712351 0.6277505 0.6928172 0.9391455 0.8103117 0.8432988 2.1020740 0.7977207 0.5457202 0.7491219 3.8695827 1.6926503 0.6934606 1.2857429 0.5586572 0.7793670 0.8251723 0.7813791 0.4934090 0.6907032 0.7953000 3.3603982 1.2059374 1.1709270 1.0920028 2.1850601 0.0000010 0.9625001 1.3333956 1.2450536 0.0000010 
Mertsp_Mesp_sb559367                                              0.0000010 0.4169865 0.5473558 0.4083214 0.3745894 0.3634563 0.3638856 0.3513067 0.3734371 0.3505893 0.3445998 0.1986416 0.3754946 0.4815398 0.3603261 0.3773321 0.4240185 0.4251475 0.4234333 0.4171619 0.0135421 0.0135421 0.0000010 0.0000010 0.0000010 0.0000010 0.0000000 0.0372567 0.0372567 0.0615730 0.0615730 0.0436839 0.1093766 0.1089156 0.1400440 0.1346033 0.1742184 0.1870117 0.1663348 0.2844781 0.4008638 0.2307816 0.3695112 0.3468236 0.3655553 0.3978481 0.4187075 0.4187075 0.4553997 0.4365114 0.4365114 0.4337334 0.4137237 0.4499970 0.4609236 0.3932921 0.5538402 0.3105160 0.3371914 0.7499908 0.7375599 2.4887305 0.6044711 0.6988241 0.6988241 0.6666357 0.8652141 0.6498750 0.6231967 0.4936167 0.5279727 0.6712351 0.6277505 0.6928172 0.9391455 0.8103117 0.8432988 2.1020740 0.7977207 0.5457202 0.7491219 3.8695827 1.6926503 0.6934606 1.2857429 0.5586572 0.7793670 0.8251723 0.7813791 0.4934090 0.6907032 0.7953000 3.3603982 1.2059374 1.1709270 1.0920028 2.1850601 0.0000010 0.9625001 1.3333956 1.2450536 0.0000010 
Mlei_ML1940.g5.i1                                                 0.5997487 0.5136083 0.5630672 0.4083214 0.4734595 0.4450242 0.4372396 0.4517646 0.4332006 0.4601605 0.4605027 0.2088671 0.4905889 0.4870635 0.4146309 0.4381016 0.4537162 0.4455749 0.4983972 0.4835375 0.0333332 0.0314993 0.0404567 0.0271874 0.0271874 0.0372567 0.0372567 0.0000000 0.0000010 0.0678172 0.0678172 0.0436839 0.0958756 0.0967983 0.1441367 0.1064721 0.1416782 0.2096738 0.1742667 0.3205434 0.5129920 0.4946635 0.4839293 0.4549885 0.4646303 0.5627745 0.5756417 0.5610243 0.5827628 0.5738437 0.5657255 0.6271423 0.6067442 0.5118800 0.4582537 0.4751530 0.6138383 0.3897874 0.5016055 0.7487854 0.7466918 0.7552779 0.5996185 1.0107167 1.0107167 0.6668708 0.8320775 0.6870643 0.6722479 0.5555170 0.7585329 0.7483461 0.7429132 0.8069622 0.9022433 0.7616575 0.7743420 1.8710189 0.7895024 0.7501389 0.7737190 1.0883774 1.1931275 0.7217292 0.5873363 0.6134030 0.8872781 0.9359445 0.8869711 0.5716542 0.9745445 0.9874364 1.0114387 1.2497962 1.1723998 1.0718441 0.6950330 0.7925955 0.9569370 1.6629521 1.2946101 1.6142802 
Vmul_sbMO420902                                                   0.0000010 0.4176515 0.4906971 0.4083214 0.3621018 0.3690929 0.3594376 0.3725422 0.3588621 0.3636868 0.3537230 0.2088671 0.3744746 0.4356772 0.3645999 0.3684812 0.3907826 0.4455749 0.4269596 0.4047487 0.0239825 0.0239825 0.0256620 0.0271874 0.0271874 0.0372567 0.0372567 0.0000010 0.0000000 0.0585772 0.0585772 0.0436839 0.0890101 0.0887699 0.1343581 0.1028925 0.1416782 0.1696514 0.1742667 0.2821529 0.3962047 0.2874564 0.3815315 0.3789677 0.3766836 0.4132226 0.4091630 0.4098542 0.4487292 0.4247986 0.4197814 0.4494649 0.4386882 0.4365672 0.4582537 0.4029024 0.5257717 0.3753825 0.3711756 0.6982780 0.6942402 0.9007453 0.5291920 0.7443754 0.7443754 0.6668708 0.8320775 0.5916696 0.5985925 0.5267298 0.5336630 0.6716706 0.6086752 0.6531275 0.8731643 0.6922476 0.6980549 1.8858004 0.7092109 0.5697718 0.6983183 1.2316357 2.5062828 0.6056843 0.4176325 0.5024955 0.7625990 0.7993129 0.7804761 0.6232350 0.7863166 0.7994311 0.6459463 1.0713922 1.0195434 1.0011313 0.9279520 0.0000010 0.9139502 1.2618953 1.3063110 0.0000010 
Beraby_Baby_sb332462                                              0.5033107 0.4118543 0.5102307 0.3822063 0.3665301 0.3577559 0.3598895 0.3622649 0.3612356 0.3480473 0.3465784 0.1914385 0.3693009 0.4058219 0.3554447 0.3673022 0.3677624 0.4572267 0.3959227 0.4246867 0.0673867 0.0574469 0.0523260 0.0619294 0.0619294 0.0615730 0.0615730 0.0678172 0.0585772 0.0000000 0.0000010 0.0360985 0.0926771 0.0970459 0.1511854 0.1011655 0.1426848 0.1797380 0.1551092 0.3052954 0.4101810 0.3947980 0.3869045 0.3869007 0.3977670 0.4377249 0.4604505 0.4609280 0.4890965 0.4798100 0.4756283 0.5204161 0.4988545 0.4388086 0.4892036 0.4092231 0.5465904 0.3726256 0.3518815 0.6837301 0.6765255 0.6838712 0.5397459 0.8385143 0.8385143 0.6726118 0.9565798 0.5985198 0.5952001 0.5436295 0.6784563 0.6302673 0.6454119 0.7013384 0.8121636 0.6375261 0.6540727 2.2908356 0.6715566 0.6108663 0.6968585 0.9195739 0.9812348 0.6363550 0.5636731 0.4401834 0.7672020 0.8412918 0.7893423 0.5149003 0.9121377 0.8900750 0.8718953 1.1232135 1.0664082 1.0281273 0.4914345 0.4771371 0.8864299 1.5811526 1.2816081 1.9956317 
Beraby_Baby_sb332463                                              0.5033107 0.4118543 0.5102307 0.3822063 0.3665301 0.3577559 0.3598895 0.3622649 0.3612356 0.3480473 0.3465784 0.1914385 0.3693009 0.4058219 0.3554447 0.3673022 0.3677624 0.4572267 0.3959227 0.4246867 0.0673867 0.0574469 0.0523260 0.0619294 0.0619294 0.0615730 0.0615730 0.0678172 0.0585772 0.0000010 0.0000000 0.0360985 0.0926771 0.0970459 0.1511854 0.1011655 0.1426848 0.1797380 0.1551092 0.3052954 0.4101810 0.3947980 0.3869045 0.3869007 0.3977670 0.4377249 0.4604505 0.4609280 0.4890965 0.4798100 0.4756283 0.5204161 0.4988545 0.4388086 0.4892036 0.4092231 0.5465904 0.3726256 0.3518815 0.6837301 0.6765255 0.6838712 0.5397459 0.8385143 0.8385143 0.6726118 0.9565798 0.5985198 0.5952001 0.5436295 0.6784563 0.6302673 0.6454119 0.7013384 0.8121636 0.6375261 0.6540727 2.2908356 0.6715566 0.6108663 0.6968585 0.9195739 0.9812348 0.6363550 0.5636731 0.4401834 0.7672020 0.8412918 0.7893423 0.5149003 0.9121377 0.8900750 0.8718953 1.1232135 1.0664082 1.0281273 0.4914345 0.4771371 0.8864299 1.5811526 1.2816081 1.9956317 
Drygla_Dgla_sb274174                                              0.0000010 0.1921710 0.3579388 0.3530315 0.1792499 0.1821631 0.1735364 0.1625804 0.1853508 0.1598225 0.1685327 0.1589530 0.1672872 0.1953971 0.1714399 0.2118395 0.1880132 0.1980594 0.2448232 0.2198374 0.0436839 0.0436839 0.0436839 0.0174240 0.0174240 0.0436839 0.0436839 0.0436839 0.0436839 0.0360985 0.0360985 0.0000000 0.0673258 0.0668989 0.0822082 0.0693888 0.0995121 0.0913022 0.0790118 0.1153972 0.2677452 0.1963921 0.2072986 0.1793170 0.1756256 0.2087776 0.2087776 0.2087776 0.2059243 0.2195182 0.2195182 0.1677657 0.1740332 0.2809920 0.2697681 0.1931576 0.3228698 0.2915244 0.3158446 0.4731367 0.4701859 1.2322473 0.4151781 0.3352051 0.3352051 0.4325719 0.4078073 0.3179389 0.2529381 0.3660885 0.2428930 0.3362859 0.3703500 0.3577172 0.5244740 0.3713426 0.3009492 0.6442022 0.4565320 0.4565320 0.4225097 2.4416158 1.6926503 0.3431678 0.0000010 0.2434861 0.3046703 0.4384680 0.3223455 0.2616472 0.4060595 0.3908266 0.0000010 0.5699992 0.5709233 0.5455163 2.6180424 0.0000010 0.5579861 1.0635737 0.8410655 0.0000010 
Horcal_Hcv1.av93.c1.g257.i1                                       0.6114985 0.5095889 0.5942746 0.3755907 0.4751008 0.4758676 0.4678790 0.4845034 0.4689821 0.4956098 0.4933003 0.2234176 0.4761050 0.5183481 0.4370784 0.4735632 0.4640233 0.4778067 0.5345867 0.5266381 0.0968811 0.0923605 0.1059910 0.0926272 0.0926272 0.1093766 0.1093766 0.0958756 0.0890101 0.0926771 0.0926771 0.0673258 0.0000000 0.0034614 0.1697546 0.1354076 0.1869701 0.2320682 0.1730750 0.3515318 0.5319025 0.5549669 0.5054277 0.4956502 0.5087658 0.5886833 0.5997806 0.5904397 0.6207697 0.6100727 0.6026333 0.6463499 0.6282182 0.5323681 0.4974651 0.5230222 0.6343522 0.4438603 0.4983573 0.7501725 0.7527250 0.7682174 0.6189489 1.0242581 1.0242581 0.6624061 0.8303131 0.6858572 0.6784039 0.5938280 0.7771478 0.7717991 0.7622714 0.8356109 0.9177225 0.7732732 0.8010666 1.6751399 0.7834488 0.7481087 0.7781856 1.0338553 1.1423085 0.7386856 0.6432117 0.6251203 0.9249202 0.9477616 0.8853029 0.6180404 0.9951434 1.0295634 1.0084527 1.2341449 1.1670027 1.0700418 0.6914438 0.7426553 1.0225908 1.6228529 1.3006118 1.6302792 
Pbac_sb2641056                                                    0.6189400 0.4924525 0.5809450 0.3755907 0.4613008 0.4617395 0.4514860 0.4665677 0.4516233 0.4818560 0.4778543 0.2221380 0.4565207 0.5015073 0.4234165 0.4564567 0.4524970 0.4751880 0.5212945 0.5189121 0.0967246 0.0923216 0.1056367 0.0921699 0.0921699 0.1089156 0.1089156 0.0967983 0.0887699 0.0970459 0.0970459 0.0668989 0.0034614 0.0000000 0.1715155 0.1413592 0.1859412 0.2207834 0.1730750 0.3475072 0.5158091 0.5336369 0.4938978 0.4766663 0.4934108 0.5666872 0.5795911 0.5892738 0.6194555 0.5907385 0.5833873 0.6244775 0.6065885 0.5199417 0.4943304 0.5044311 0.6172280 0.4403532 0.4846674 0.7476409 0.7454153 0.7559983 0.6098929 0.9987649 0.9987649 0.6669822 0.8303131 0.6712567 0.6690324 0.5908247 0.7642782 0.7512661 0.7452510 0.8248609 0.9189085 0.7633433 0.7947576 1.6348422 0.7811532 0.7453398 0.7811049 1.0215101 1.1285469 0.7472319 0.6431045 0.6219146 0.9093105 0.9475328 0.8741682 0.5823110 0.9751478 0.9981749 0.9971204 1.2101042 1.1406274 1.0456028 0.6738853 0.7071013 1.0001118 1.6120995 1.2980578 1.5712845 
Eupdun_Edun_sb10645549                                            0.5795902 0.4316149 0.5129813 0.3060938 0.3808572 0.3900124 0.3900128 0.3905556 0.3750666 0.4051774 0.3948400 0.1639285 0.4307323 0.4616362 0.3727326 0.3993759 0.3807829 0.3961529 0.4172533 0.4194291 0.1449326 0.1351221 0.1295576 0.1209847 0.1209847 0.1400440 0.1400440 0.1441367 0.1343581 0.1511854 0.1511854 0.0822082 0.1697546 0.1715155 0.0000000 0.1301307 0.1429915 0.1857656 0.1329573 0.3142306 0.4910134 0.4225913 0.4162434 0.4066932 0.4063636 0.4569707 0.4715710 0.4719924 0.5070137 0.4937032 0.4913344 0.5477969 0.5264210 0.4285970 0.4076303 0.4364603 0.5690962 0.3571903 0.4267349 0.6868370 0.6717783 0.7135398 0.5391973 0.9223521 0.9223521 0.5747834 0.7637029 0.6249811 0.6196514 0.5070672 0.7242715 0.6984938 0.6658491 0.7546324 0.8617315 0.7010712 0.7260468 1.7684475 0.7556397 0.7143037 0.7560732 1.0604275 1.1299261 0.7340558 0.6852408 0.5677724 0.8657425 0.9204176 0.8251986 0.4955809 0.8847436 0.8731453 0.9762408 1.1675753 1.0809386 1.0660683 0.5880116 0.7246269 0.8871585 1.5633492 1.2528117 1.4874023 
Lampan_Lpan_2367_01                                               0.6404749 0.4942939 0.5824955 0.3111486 0.4686660 0.4605393 0.4630266 0.4693544 0.4462039 0.4412492 0.4366510 0.1645606 0.4782827 0.5019929 0.4155847 0.4490770 0.4483483 0.4190133 0.4836778 0.4746006 0.1134617 0.1122608 0.1189012 0.1320255 0.1320255 0.1346033 0.1346033 0.1064721 0.1028925 0.1011655 0.1011655 0.0693888 0.1354076 0.1413592 0.1301307 0.0000000 0.1106206 0.1814888 0.1511296 0.3134845 0.5148259 0.4868946 0.4994121 0.4736495 0.4868675 0.5544618 0.5656454 0.5532215 0.5789042 0.5740691 0.5668780 0.6233998 0.6057128 0.4850419 0.4343902 0.4690724 0.6136026 0.3647532 0.4850075 0.7162123 0.6938270 0.7726145 0.5803642 0.9989395 0.9989395 0.5892857 0.7435613 0.6762248 0.6765564 0.5714076 0.7760506 0.7438386 0.7285358 0.8215271 0.8767255 0.7377164 0.7627609 1.7035765 0.7682831 0.7236999 0.7608994 1.0534442 1.1527550 0.7298985 0.6233001 0.5925630 0.8753165 0.9425038 0.8984431 0.6291341 0.9377594 0.9624786 0.9970001 1.1854723 1.1290143 1.0855800 0.6773745 0.8221529 0.9597533 1.5942367 1.3253953 1.3898869 
