70
Lcom_lcpid124606                                  0.0000000 0.0486916 0.3629637 0.3629637 0.3221122 0.3442592 0.4629834 0.3809794 0.3749751 0.3446709 0.3784132 0.3848781 0.5518205 0.5677765 0.7357956 0.4965239 0.6732262 0.5808509 0.4874169 0.4503180 0.5367772 0.5422103 0.5199155 0.4732264 0.4267494 0.4080989 0.5172212 0.6383385 0.4303025 0.4303025 0.4686805 0.4046959 0.4046959 0.4822859 0.4822859 0.4809493 0.5560650 0.6137904 0.5092394 0.5384150 0.6428426 0.5642186 0.5809408 0.6136864 0.5494004 0.4611204 0.4804131 0.6871936 0.5533831 0.4977663 0.5880408 0.5280125 0.5159494 0.6959085 0.7812192 0.7719692 0.7604832 5.5511346 0.8876181 0.9805363 0.9836751 1.4863814 1.3196510 1.2047448 1.1871781 1.2400043 1.3548624 1.2587440 0.9259784 0.4439958 
Scil_scict025096.1                                0.0486916 0.0000000 0.3789647 0.3789647 0.3575058 0.3711614 0.4868981 0.4237956 0.3929369 0.3524687 0.3659706 0.3983817 0.5954485 0.5569624 0.7246066 0.4919416 0.6721169 0.5908126 0.4985460 0.4249260 0.5613436 0.5922857 0.5315181 0.4811048 0.4713419 0.4421717 0.5430277 0.5977591 0.4806463 0.4806463 0.5031764 0.3906754 0.3906754 0.4984735 0.4984735 0.5029593 0.5453804 0.6302071 0.5044782 0.5286185 0.6289275 0.5888623 0.5436876 0.6209164 0.5379884 0.4946640 0.4962791 0.7010863 0.5868982 0.4671301 0.5716513 0.5136039 0.5407191 0.6866498 0.7374962 0.7616726 0.7616726 5.7591703 0.9167988 0.9201074 1.0056062 1.5525852 1.2564926 1.2637807 1.2404397 1.2437811 1.3414011 1.2818930 0.8730339 0.4257458 
Spis_XP_022794489_1                               0.3629637 0.3789647 0.0000000 0.0000010 0.0380126 0.0396807 0.1035263 0.1904774 0.0099090 0.2034927 0.3302363 0.2952905 0.6495628 0.6410343 0.6879359 0.5072474 0.6902693 0.4759544 0.4677192 0.4670526 0.5336556 0.4013434 0.4364322 0.4366830 0.3820807 0.4652081 0.5270089 0.5143281 0.6522843 0.6522843 0.6777681 0.6052416 0.6052416 0.6240170 0.6240170 0.5245655 0.5402387 0.5507186 0.4507452 0.5402273 0.6236346 0.6174412 0.5676058 0.5939597 0.4846903 0.4999007 0.4540931 0.6731870 0.6658123 0.6440779 0.5357734 0.5272560 0.6290894 0.7841076 0.8162153 0.8070025 0.8070025 5.2946757 0.9789985 0.8794283 0.8960518 1.7724485 1.2936842 1.5189298 1.3341964 1.2118739 1.1225035 1.2992229 0.9996427 0.1733232 
Pocdam_XM_027197916.1                             0.3629637 0.3789647 0.0000010 0.0000000 0.0380126 0.0396807 0.1035263 0.1904774 0.0099090 0.2034927 0.3302363 0.2952905 0.6495628 0.6410343 0.6879359 0.5072474 0.6902693 0.4759544 0.4677192 0.4670526 0.5336556 0.4013434 0.4364322 0.4366830 0.3820807 0.4652081 0.5270089 0.5143281 0.6522843 0.6522843 0.6777681 0.6052416 0.6052416 0.6240170 0.6240170 0.5245655 0.5402387 0.5507186 0.4507452 0.5402273 0.6236346 0.6174412 0.5676058 0.5939597 0.4846903 0.4999007 0.4540931 0.6731870 0.6658123 0.6440779 0.5357734 0.5272560 0.6290894 0.7841076 0.8162153 0.8070025 0.8070025 5.2946757 0.9789985 0.8794283 0.8960518 1.7724485 1.2936842 1.5189298 1.3341964 1.2118739 1.1225035 1.2992229 0.9996427 0.1733232 
Amil_Amillepora29585-RA                           0.3221122 0.3575058 0.0380126 0.0380126 0.0000000 0.0236775 0.1173174 0.1527158 0.0418712 0.1813187 0.3381538 0.3008385 0.5938506 0.5821164 0.7175203 0.5387675 0.7319297 0.4378976 0.4410731 0.5084429 0.4468224 0.3551642 0.3797863 0.3378170 0.2838480 0.3276387 0.5138486 0.4461079 0.5908202 0.5908202 0.6216346 0.5466373 0.5466373 0.5916835 0.5916835 0.5348352 0.5065737 0.4517377 0.4394735 0.4571917 0.5857204 0.5046143 0.5407520 0.5620837 0.4443971 0.4593594 0.4032629 0.6047208 0.5899198 0.5575598 0.4577026 0.4538803 0.4876081 0.7816347 0.7136792 0.7136792 0.7136792 5.2512771 0.7985683 0.8570512 0.9582047 1.8654177 1.4772632 1.6134359 1.2640752 1.2524277 1.1666958 1.3496857 1.0603795 0.1947306 
Gfas_gfas1.m1.10635.m1                            0.3442592 0.3711614 0.0396807 0.0396807 0.0236775 0.0000000 0.1342164 0.1684272 0.0400973 0.2066043 0.3350531 0.3030649 0.6460562 0.6192196 0.6834950 0.5348268 0.6887148 0.4956603 0.4433591 0.4721284 0.5102165 0.3773624 0.4416882 0.4224829 0.3600543 0.4417422 0.5348827 0.4637320 0.6563095 0.6563095 0.6823193 0.6100750 0.6100750 0.6275806 0.6275806 0.5017546 0.5740020 0.5298917 0.4606458 0.5167809 0.6379127 0.5960865 0.5805272 0.5894999 0.4947936 0.4730385 0.4482498 0.6626742 0.6283550 0.6367531 0.5263970 0.5183803 0.6085516 0.8079214 0.8129432 0.8036303 0.8036303 5.4964008 0.9579795 0.9034943 0.8974258 1.7049443 1.2319487 1.5049789 1.2936937 1.2326760 1.1290070 1.2993503 1.0086532 0.2046412 
Gasp_gasp1.m3.27222.m1                            0.4629834 0.4868981 0.1035263 0.1035263 0.1173174 0.1342164 0.0000000 0.3396636 0.0979667 0.3243527 0.4268648 0.3981363 0.9643230 0.7281162 1.0377672 0.6752977 1.0087231 0.7486239 0.6148534 0.4474667 0.7590657 0.5509093 0.5976097 0.5966764 0.4859130 0.6648088 0.7312958 0.7003959 0.7300408 0.7300408 0.7765125 0.6843382 0.6843382 0.7144896 0.7144896 0.6571988 0.6978377 0.6289541 0.6483126 0.7367817 0.7281470 0.7327355 0.6068466 0.7151462 0.6592594 0.4855397 0.5496882 0.8716605 0.7840171 0.8389627 0.7785667 0.7384397 0.9106354 0.8306240 0.9737790 0.9589435 0.9589435 5.2134888 1.2592134 0.8593715 0.7167281 2.1528893 1.4304785 2.1470928 2.1266616 1.5705289 1.3193137 1.3745650 1.0418784 0.1733232 
Nvec_v1g226158                                    0.3809794 0.4237956 0.1904774 0.1904774 0.1527158 0.1684272 0.3396636 0.0000000 0.2135270 0.1832781 0.3639020 0.4179109 0.5821973 0.5378774 0.6045351 0.5276085 0.6606898 0.4777666 0.5045960 0.5283068 0.4832320 0.4257576 0.4309735 0.4539344 0.4438993 0.4381814 0.4858193 0.4958742 0.5492712 0.5492712 0.5771052 0.5548871 0.5548871 0.5306092 0.5306092 0.5071108 0.5900969 0.4835776 0.4870067 0.5450799 0.5974705 0.6261200 0.5742637 0.5357795 0.5476301 0.5248854 0.4516130 0.6689845 0.6074707 0.6352733 0.5562665 0.5462112 0.5670643 0.7979100 0.7577529 0.7487764 0.7487764 6.0638721 0.9161938 0.9103503 0.8518944 1.5850999 1.3341298 1.4277581 1.1902815 1.2577722 1.1598575 1.3666066 1.2749719 0.3937822 
Fspp_ffun1.m4.1782.m1                             0.3749751 0.3929369 0.0099090 0.0099090 0.0418712 0.0400973 0.0979667 0.2135270 0.0000000 0.2241876 0.3752866 0.3179801 0.7119402 0.6490533 0.7169320 0.5471026 0.6248852 0.4970909 0.5004652 0.4565334 0.5454591 0.4273443 0.4285053 0.4607368 0.4034818 0.4990870 0.5705982 0.5125911 0.7095761 0.7095761 0.7392800 0.6551326 0.6551326 0.6787988 0.6787988 0.5578815 0.5773573 0.5911752 0.4747453 0.5768663 0.6335774 0.6266020 0.6075955 0.6208263 0.4679209 0.5530085 0.4415859 0.7094329 0.7218363 0.6337438 0.5058241 0.5058241 0.6356564 0.8458681 0.7937767 0.7836756 0.7836756 5.4091150 0.9523844 0.9838528 0.9794524 1.6987834 1.2030889 1.4718105 1.3033743 1.2350734 1.1736503 1.2106674 1.0218342 0.0285784 
Exapal_XM_021057396.1                             0.3446709 0.3524687 0.2034927 0.2034927 0.1813187 0.2066043 0.3243527 0.1832781 0.2241876 0.0000000 0.2760679 0.3704450 0.5593418 0.6161527 0.7473773 0.5404258 0.6565436 0.4951960 0.4981681 0.4820370 0.5689844 0.4710030 0.4930063 0.4733278 0.4380764 0.4148317 0.5098643 0.4977897 0.6096456 0.6096456 0.6397979 0.5731869 0.5731869 0.6340355 0.6340355 0.4921884 0.5664305 0.5518418 0.3918241 0.5088779 0.6319390 0.5992055 0.5683361 0.5986358 0.5272337 0.5420298 0.5346940 0.7029555 0.6374099 0.6762491 0.6099900 0.5952640 0.5428847 0.8512053 0.7356653 0.6977234 0.6977234 5.6071898 0.9377361 0.8119109 0.9897174 1.6999734 1.3011593 1.4480828 1.1746446 1.2934503 1.0894768 1.4312805 1.2115264 0.3536825 
Dgig_XM_028558184.1                               0.3784132 0.3659706 0.3302363 0.3302363 0.3381538 0.3350531 0.4268648 0.3639020 0.3752866 0.2760679 0.0000000 0.1533030 0.6645471 0.5484356 0.7008447 0.4417752 0.6645256 0.5543910 0.3917836 0.4881698 0.5982317 0.5495227 0.4344502 0.4848725 0.4158977 0.4511054 0.5015187 0.5895831 0.5845554 0.5845554 0.6125179 0.5571125 0.5571125 0.5472149 0.5472149 0.5763155 0.5217426 0.5782255 0.4690127 0.5079197 0.5721301 0.5862232 0.6273726 0.5563618 0.4821929 0.5029821 0.6073280 0.6850339 0.6330547 0.6438800 0.5917840 0.5790284 0.5616228 0.7898639 0.8211537 0.7619449 0.7619449 5.2028846 0.9095834 0.8659029 1.0280526 1.7788304 1.5399750 1.6615439 1.4540138 1.3301938 1.1158032 1.5221472 1.2874993 0.4934553 
Xesp_009970-T1                                    0.3848781 0.3983817 0.2952905 0.2952905 0.3008385 0.3030649 0.3981363 0.4179109 0.3179801 0.3704450 0.1533030 0.0000000 0.6828710 0.6038166 0.6314229 0.5234638 0.7133829 0.5855508 0.4229669 0.4719498 0.6118237 0.5351913 0.3723845 0.5110628 0.4443108 0.4874797 0.4722315 0.6008738 0.5498979 0.5498979 0.5866962 0.4956327 0.4956327 0.5526401 0.5526401 0.5330773 0.5701277 0.5681736 0.4465892 0.5302548 0.5409352 0.6021978 0.6436124 0.5778102 0.4654052 0.4524925 0.5583000 0.7351787 0.7175892 0.6008772 0.5405875 0.5136325 0.6035461 0.7249695 0.7926692 0.7339810 0.7339810 5.5564410 0.8378835 0.8417616 0.9810082 1.6399957 1.4831275 1.7045360 1.5085603 1.2083401 1.1903375 1.4768612 1.1953985 0.4067358 
Lcom_lcpid154181                                  0.5518205 0.5954485 0.6495628 0.6495628 0.5938506 0.6460562 0.9643230 0.5821973 0.7119402 0.5593418 0.6645471 0.6828710 0.0000000 0.4098028 0.3624440 0.4403878 0.3982212 0.3900250 0.4389991 0.6138815 0.4433764 0.6158568 0.6171732 0.6991780 0.6742721 0.6141226 0.4868906 0.6360931 0.6555078 0.6555078 0.7185007 0.6895177 0.6895177 0.7734637 0.7734637 0.6247423 0.5366700 0.6588324 0.5450380 0.5097972 0.6699425 0.6982401 0.7343804 0.5890598 0.6459273 0.6144525 0.5929108 0.6527940 0.6394541 0.6828649 0.7544459 0.6750659 0.4873731 0.7148452 0.8950724 0.8553121 0.8419886 5.8163708 0.9843032 0.7014025 0.7025311 1.9083842 1.6538648 1.3633441 1.2497652 1.3028969 1.4082373 2.1342396 1.4482424 0.8039464 
Bralan_BLAG12000183_1                             0.5677765 0.5569624 0.6410343 0.6410343 0.5821164 0.6192196 0.7281162 0.5378774 0.6490533 0.6161527 0.5484356 0.6038166 0.4098028 0.0000000 0.2636635 0.3141227 0.3683294 0.4412424 0.4406872 0.4534660 0.4927966 0.4995432 0.5336926 0.5841586 0.5775503 0.6147388 0.6154939 0.6563186 0.6543549 0.6543549 0.6922074 0.6469440 0.6469440 0.6703751 0.6703751 0.7129458 0.5545064 0.5796029 0.5472642 0.6025312 0.7068288 0.7582130 0.7303522 0.5296506 0.6826982 0.4927952 0.5527529 0.7565902 0.6517219 0.5956212 0.6802484 0.5690863 0.4184298 0.6585606 0.7402963 0.7154151 0.7154151 5.6165788 0.7914087 0.7972322 0.7833196 1.6820717 1.5476026 1.3926944 1.3702816 1.3006543 1.2918508 1.6975710 1.2812650 0.7710576 
Skow_XM_002733115.1                               0.7357956 0.7246066 0.6879359 0.6879359 0.7175203 0.6834950 1.0377672 0.6045351 0.7169320 0.7473773 0.7008447 0.6314229 0.3624440 0.2636635 0.0000000 0.2939964 0.3896432 0.3619377 0.3799696 0.4887772 0.4299123 0.5392001 0.6663571 0.6836122 0.6095631 0.6625259 0.5057848 0.7143297 0.6461233 0.6461233 0.7053236 0.6430019 0.6430019 0.6984736 0.6984736 0.7810325 0.6751893 0.7034910 0.6866182 0.6924938 0.8644716 0.9478280 0.9108530 0.5304990 0.7965943 0.5225693 0.5813287 0.8472523 0.8201080 0.8199873 0.6415572 0.6415572 0.4663249 0.6116164 0.7346964 0.7425451 0.7425451 6.8154682 0.7750749 0.5457639 0.5119927 1.5980795 1.3434659 1.2912940 1.2089563 0.9200568 1.2320895 1.4316162 1.1457909 1.0537541 
Acagra_model.g5911.t1                             0.4965239 0.4919416 0.5072474 0.5072474 0.5387675 0.5348268 0.6752977 0.5276085 0.5471026 0.5404258 0.4417752 0.5234638 0.4403878 0.3141227 0.2939964 0.0000000 0.4397506 0.2876463 0.4402861 0.4198342 0.3557195 0.3407524 0.5016281 0.5874197 0.4597524 0.4871380 0.4626378 0.5827178 0.5759780 0.5759780 0.5753107 0.5968810 0.5968810 0.5208106 0.5208106 0.6329019 0.5043205 0.5445730 0.4425277 0.5511687 0.5553285 0.7109729 0.6229561 0.4716742 0.5789007 0.4614878 0.4749621 0.6921249 0.5799170 0.7063277 0.6355538 0.5694064 0.4281775 0.6945257 0.7453292 0.7104342 0.7104342 5.7297779 0.8436983 0.5443387 0.7884245 1.7873287 1.6122060 1.3689826 1.3611558 1.3214352 1.2708820 1.8232212 1.3952415 0.5850621 
Tcas_TC000874_001                                 0.6732262 0.6721169 0.6902693 0.6902693 0.7319297 0.6887148 1.0087231 0.6606898 0.6248852 0.6565436 0.6645256 0.7133829 0.3982212 0.3683294 0.3896432 0.4397506 0.0000000 0.2964242 0.5538496 0.5358835 0.4482070 0.5716629 0.6830975 0.7992200 0.7893536 0.8013804 0.6921450 0.7606199 0.8090896 0.8090896 0.8561472 0.8422041 0.8422041 0.8625777 0.8625777 0.8538730 0.7156748 0.6929650 0.6156403 0.6687287 0.6784558 0.7149710 0.8246488 0.6176667 0.7797795 0.7461037 0.6172133 0.8300826 0.8168373 0.6012246 0.7672499 0.6638456 0.5252680 0.7556368 0.7688550 0.7403194 0.7403194 4.8322215 0.7685813 0.7627666 0.9015311 1.9880474 1.6818602 1.4463278 1.5245293 1.5627829 1.4808484 2.0025184 1.4027176 0.9215878 
Dpul_mRNA26888                                    0.5808509 0.5908126 0.4759544 0.4759544 0.4378976 0.4956603 0.7486239 0.4777666 0.4970909 0.4951960 0.5543910 0.5855508 0.3900250 0.4412424 0.3619377 0.2876463 0.2964242 0.0000000 0.5024997 0.5556214 0.3644531 0.4677390 0.5600395 0.7439322 0.6878786 0.6828360 0.6274179 0.6329654 0.6398451 0.6398451 0.6532330 0.6498295 0.6498295 0.6583510 0.6583510 0.7602606 0.6224018 0.6073689 0.5284396 0.6331147 0.6901441 0.7750605 0.6588464 0.5686732 0.6327762 0.6438649 0.5999301 0.7275963 0.7230806 0.6915613 0.7483793 0.7005215 0.4249470 0.6861715 0.7571355 0.7623416 0.7623416 4.8143775 0.8271697 0.5294259 0.7261840 1.8680414 1.6826048 1.4269504 1.2620894 1.3506134 1.1858670 1.9108308 1.4061017 0.5951648 
Spur_XM_776195.5                                  0.4874169 0.4985460 0.4677192 0.4677192 0.4410731 0.4433591 0.6148534 0.5045960 0.5004652 0.4981681 0.3917836 0.4229669 0.4389991 0.4406872 0.3799696 0.4402861 0.5538496 0.5024997 0.0000000 0.3632707 0.4743330 0.4976568 0.4915065 0.5582840 0.4995705 0.4598716 0.4524629 0.5031335 0.5304559 0.5304559 0.5639294 0.5003042 0.5003042 0.5485071 0.5485071 0.5051294 0.4769362 0.5497893 0.5067734 0.5379109 0.5631867 0.6008870 0.6189449 0.5432183 0.4852063 0.4833222 0.6196157 0.6397637 0.6138890 0.6739680 0.6466396 0.5820358 0.5713595 0.6418607 0.7950226 0.7670586 0.7670586 6.2770447 0.8506707 0.7146579 0.6653943 1.6027769 1.3396899 1.3484395 1.0145532 1.0962675 1.0574578 1.4992015 1.0784420 0.6706357 
Tetwil_g23720.t2                                  0.4503180 0.4249260 0.4670526 0.4670526 0.5084429 0.4721284 0.4474667 0.5283068 0.4565334 0.4820370 0.4881698 0.4719498 0.6138815 0.4534660 0.4887772 0.4198342 0.5358835 0.5556214 0.3632707 0.0000000 0.5712050 0.5393034 0.4466921 0.5969362 0.4654154 0.5620792 0.6225971 0.5258000 0.6433977 0.6433977 0.6770086 0.6265750 0.6265750 0.6875236 0.6875236 0.5508161 0.5201759 0.6353334 0.4929158 0.6258885 0.5733112 0.6592705 0.6673420 0.6231291 0.6344852 0.4518164 0.4247065 0.7504884 0.7194715 0.6618346 0.7146599 0.5994636 0.5408803 0.7912538 0.8537669 0.7922199 0.8071357 5.3170830 0.8719848 0.7346539 0.8572424 1.7673639 1.5355237 1.5174975 1.4037212 1.2434071 1.2758203 1.5936396 1.0104721 0.4765725 
Cgig_XM_011422152.3                               0.5367772 0.5613436 0.5336556 0.5336556 0.4468224 0.5102165 0.7590657 0.4832320 0.5454591 0.5689844 0.5982317 0.6118237 0.4433764 0.4927966 0.4299123 0.3557195 0.4482070 0.3644531 0.4743330 0.5712050 0.0000000 0.4203600 0.4861394 0.5198467 0.5242099 0.5167680 0.4661865 0.5278916 0.6290445 0.6290445 0.6450791 0.6385623 0.6385623 0.6493583 0.6493583 0.5727417 0.4667062 0.6740370 0.5384443 0.4856956 0.5994715 0.6878216 0.5687110 0.5202721 0.5574090 0.5605629 0.5585014 0.6251728 0.6552181 0.6270837 0.6576355 0.5917814 0.4718345 0.7042361 0.6960535 0.7016071 0.7016071 5.7773787 0.8076210 0.7317525 0.7954681 1.7166609 1.5091894 1.3471986 1.1381355 1.1063501 1.1938319 1.5092587 1.1317887 0.4888573 
Ctel_gnl_WGS_AMQN_CAPTEDRAFT_mRNA220916           0.5422103 0.5922857 0.4013434 0.4013434 0.3551642 0.3773624 0.5509093 0.4257576 0.4273443 0.4710030 0.5495227 0.5351913 0.6158568 0.4995432 0.5392001 0.3407524 0.5716629 0.4677390 0.4976568 0.5393034 0.4203600 0.0000000 0.4911785 0.5739015 0.4687356 0.5168589 0.5761097 0.5843979 0.7359995 0.7359995 0.7345174 0.7174554 0.7174554 0.6866110 0.6866110 0.6415308 0.6121830 0.6228622 0.4376153 0.5365958 0.7085575 0.6898607 0.6785327 0.6502733 0.6267159 0.5483005 0.5510977 0.8532901 0.6483195 0.7206754 0.6920490 0.6206062 0.5371649 0.7586204 0.8072663 0.7980223 0.7980223 6.1799272 0.8798582 0.7861048 1.1095453 1.6120825 1.5085015 1.6337053 1.3507769 1.3398230 1.0734135 1.4683628 1.3299559 0.4017962 
Morvir_scaffold53.g6.t1                           0.5199155 0.5315181 0.4364322 0.4364322 0.3797863 0.4416882 0.5976097 0.4309735 0.4285053 0.4930063 0.4344502 0.3723845 0.6171732 0.5336926 0.6663571 0.5016281 0.6830975 0.5600395 0.4915065 0.4466921 0.4861394 0.4911785 0.0000000 0.3767998 0.2777240 0.3095461 0.3327544 0.4909880 0.6022908 0.6022908 0.6211609 0.5675993 0.5675993 0.6004334 0.6004334 0.6459175 0.5458187 0.7108282 0.5216861 0.6459202 0.5992851 0.6836508 0.5763656 0.6972197 0.5624712 0.5410009 0.5775042 0.8034150 0.7126046 0.6237948 0.6711802 0.5951400 0.6277829 0.7021915 0.8466063 0.8192868 0.8192868 6.2887966 0.9678353 0.9628874 1.0373867 1.6938946 1.5828467 1.6243364 1.4161887 1.2712743 1.0373628 1.4299354 1.1820476 0.4318760 
Nemnom_g11689.t1                                  0.4732264 0.4811048 0.4366830 0.4366830 0.3378170 0.4224829 0.5966764 0.4539344 0.4607368 0.4733278 0.4848725 0.5110628 0.6991780 0.5841586 0.6836122 0.5874197 0.7992200 0.7439322 0.5582840 0.5969362 0.5198467 0.5739015 0.3767998 0.0000000 0.1237089 0.2175071 0.2964728 0.4563676 0.5739005 0.5739005 0.6005672 0.5533962 0.5533962 0.5630926 0.5630926 0.6569227 0.6405338 0.7435889 0.5819144 0.6187360 0.7640499 0.7449364 0.6930606 0.7438157 0.6273309 0.5548135 0.5887095 0.9177430 0.7648337 0.8346595 0.8132071 0.7253794 0.6100029 0.9190893 0.8784500 0.9442175 0.9442175 6.2973776 1.0172856 1.0703207 1.0603298 1.8450256 1.3887852 1.6440227 1.2875926 1.2449462 1.0947046 1.4117550 1.2545307 0.4494857 
Rhoesc_Res_005621-T1                              0.4267494 0.4713419 0.3820807 0.3820807 0.2838480 0.3600543 0.4859130 0.4438993 0.4034818 0.4380764 0.4158977 0.4443108 0.6742721 0.5775503 0.6095631 0.4597524 0.7893536 0.6878786 0.4995705 0.4654154 0.5242099 0.4687356 0.2777240 0.1237089 0.0000000 0.1843504 0.2958076 0.4451769 0.5129055 0.5129055 0.5375950 0.4988888 0.4988888 0.5122158 0.5122158 0.6183042 0.5801269 0.6892091 0.5175220 0.6268678 0.7000620 0.6540112 0.6716967 0.7083224 0.6084645 0.4877754 0.4968661 0.8569533 0.6927415 0.7330268 0.7127650 0.6375922 0.5796477 0.8868833 0.9606941 0.9307778 0.9307778 6.0678146 0.9419922 0.9757242 0.9582366 1.8779406 1.3867521 1.6417926 1.2662376 1.1816122 1.0214226 1.4050319 1.1338672 0.3933331 
Sanmal_Sma_006087-T1                              0.4080989 0.4421717 0.4652081 0.4652081 0.3276387 0.4417422 0.6648088 0.4381814 0.4990870 0.4148317 0.4511054 0.4874797 0.6141226 0.6147388 0.6625259 0.4871380 0.8013804 0.6828360 0.4598716 0.5620792 0.5167680 0.5168589 0.3095461 0.2175071 0.1843504 0.0000000 0.3138184 0.5038571 0.5106390 0.5106390 0.5271349 0.4834031 0.4834031 0.5278346 0.5278346 0.6696318 0.5977825 0.7050183 0.5839897 0.6882755 0.6902598 0.7184002 0.6851130 0.7354704 0.6611530 0.6224334 0.6632248 0.8410367 0.7024716 0.7653585 0.8146052 0.7276877 0.6043312 0.8882029 0.9360810 0.8892976 0.8892976 6.1285775 1.0261742 1.0704581 1.0082670 1.9621265 1.6833322 1.5379696 1.1827013 1.2602794 1.1201002 1.3555403 1.2718270 0.5204731 
Chem_TCONS_00010092                               0.5172212 0.5430277 0.5270089 0.5270089 0.5138486 0.5348827 0.7312958 0.4858193 0.5705982 0.5098643 0.5015187 0.4722315 0.4868906 0.6154939 0.5057848 0.4626378 0.6921450 0.6274179 0.4524629 0.6225971 0.4661865 0.5761097 0.3327544 0.2964728 0.2958076 0.3138184 0.0000000 0.4125218 0.4399991 0.4399991 0.4834960 0.4502843 0.4502843 0.4548212 0.4548212 0.6109421 0.5747959 0.6298506 0.4459873 0.6149528 0.6401209 0.7560362 0.6150605 0.6451298 0.5286418 0.5024096 0.6388003 0.8372786 0.7856354 0.7691676 0.7842500 0.7021579 0.6587133 0.6354563 0.8755035 0.9017057 0.9017057 6.8578031 0.8951891 0.8733230 0.8099306 1.8155274 1.5867583 1.4590062 1.2331124 1.1776736 1.1162072 1.5807147 1.2044445 0.6564678 
Hvul_g19691_1                                     0.6383385 0.5977591 0.5143281 0.5143281 0.4461079 0.4637320 0.7003959 0.4958742 0.5125911 0.4977897 0.5895831 0.6008738 0.6360931 0.6563186 0.7143297 0.5827178 0.7606199 0.6329654 0.5031335 0.5258000 0.5278916 0.5843979 0.4909880 0.4563676 0.4451769 0.5038571 0.4125218 0.0000000 0.6051925 0.6051925 0.6412428 0.5591717 0.5591717 0.6033648 0.6033648 0.7120519 0.5870111 0.6658839 0.5204093 0.5549187 0.7903671 0.7582159 0.6796431 0.7590973 0.6875063 0.5945001 0.6849095 0.8200115 0.9212389 0.8178600 0.7694672 0.6851911 0.7442314 0.7387975 0.8815500 0.9086610 0.9086610 7.4100284 0.9991335 0.9658313 1.1338768 2.0992669 1.6333455 1.7453597 1.4191840 1.3293382 1.2202246 1.7310151 1.2515502 0.7464850 
HoiH23_PlH23_001778-RA                            0.4303025 0.4806463 0.6522843 0.6522843 0.5908202 0.6563095 0.7300408 0.5492712 0.7095761 0.6096456 0.5845554 0.5498979 0.6555078 0.6543549 0.6461233 0.5759780 0.8090896 0.6398451 0.5304559 0.6433977 0.6290445 0.7359995 0.6022908 0.5739005 0.5129055 0.5106390 0.4399991 0.6051925 0.0000000 0.0000010 0.0289460 0.0906560 0.0906560 0.1436616 0.1436616 0.5458625 0.6269150 0.5677617 0.5365329 0.6274225 0.6275742 0.6855062 0.5474099 0.5879496 0.6335300 0.5594239 0.5939673 0.6889127 0.8456977 0.6297133 0.6761704 0.6095830 0.6395215 0.7825236 0.7246084 0.7368439 0.7368439 6.3036999 0.7404726 0.8086800 0.9480326 1.7594817 1.6604625 1.5748452 1.2748452 1.1082369 1.1714889 1.5849060 1.2161917 0.6878215 
HoiH06_mRNA12014                                  0.4303025 0.4806463 0.6522843 0.6522843 0.5908202 0.6563095 0.7300408 0.5492712 0.7095761 0.6096456 0.5845554 0.5498979 0.6555078 0.6543549 0.6461233 0.5759780 0.8090896 0.6398451 0.5304559 0.6433977 0.6290445 0.7359995 0.6022908 0.5739005 0.5129055 0.5106390 0.4399991 0.6051925 0.0000010 0.0000000 0.0289460 0.0906560 0.0906560 0.1436616 0.1436616 0.5458625 0.6269150 0.5677617 0.5365329 0.6274225 0.6275742 0.6855062 0.5474099 0.5879496 0.6335300 0.5594239 0.5939673 0.6889127 0.8456977 0.6297133 0.6761704 0.6095830 0.6395215 0.7825236 0.7246084 0.7368439 0.7368439 6.3036999 0.7404726 0.8086800 0.9480326 1.7594817 1.6604625 1.5748452 1.2748452 1.1082369 1.1714889 1.5849060 1.2161917 0.6878215 
HoiH11_mRNA6000                                   0.4686805 0.5031764 0.6777681 0.6777681 0.6216346 0.6823193 0.7765125 0.5771052 0.7392800 0.6397979 0.6125179 0.5866962 0.7185007 0.6922074 0.7053236 0.5753107 0.8561472 0.6532330 0.5639294 0.6770086 0.6450791 0.7345174 0.6211609 0.6005672 0.5375950 0.5271349 0.4834960 0.6412428 0.0289460 0.0289460 0.0000000 0.1016727 0.1016727 0.1290943 0.1290943 0.5803171 0.6651475 0.6285975 0.5846802 0.6805814 0.6388639 0.7610012 0.5647837 0.6379707 0.6612512 0.6207911 0.6232032 0.7177868 0.8817230 0.6958593 0.7533644 0.6778132 0.6412297 0.8114527 0.7674023 0.7802682 0.8029507 6.1478620 0.7904258 0.8494520 0.9866395 1.7616172 1.7308235 1.6258526 1.3326932 1.1556258 1.2320875 1.5861365 1.2231716 0.7135257 
Hhon_g00403.t1                                    0.4046959 0.3906754 0.6052416 0.6052416 0.5466373 0.6100750 0.6843382 0.5548871 0.6551326 0.5731869 0.5571125 0.4956327 0.6895177 0.6469440 0.6430019 0.5968810 0.8422041 0.6498295 0.5003042 0.6265750 0.6385623 0.7174554 0.5675993 0.5533962 0.4988888 0.4834031 0.4502843 0.5591717 0.0906560 0.0906560 0.1016727 0.0000000 0.0000010 0.1470872 0.1470872 0.5582740 0.6107629 0.5660385 0.4848764 0.5738279 0.6044050 0.6508814 0.4960263 0.6107527 0.6008153 0.5491639 0.6038227 0.7345631 0.8628830 0.5601250 0.6004896 0.5419231 0.5699361 0.7734640 0.7500535 0.7625240 0.7625240 6.6928435 0.7591947 0.8771789 0.9301684 1.7393971 1.6272443 1.5680206 1.2909302 1.1175146 1.1111672 1.4023012 1.1555102 0.6249791 
HoiH04_mRNA5590                                   0.4046959 0.3906754 0.6052416 0.6052416 0.5466373 0.6100750 0.6843382 0.5548871 0.6551326 0.5731869 0.5571125 0.4956327 0.6895177 0.6469440 0.6430019 0.5968810 0.8422041 0.6498295 0.5003042 0.6265750 0.6385623 0.7174554 0.5675993 0.5533962 0.4988888 0.4834031 0.4502843 0.5591717 0.0906560 0.0906560 0.1016727 0.0000010 0.0000000 0.1470872 0.1470872 0.5582740 0.6107629 0.5660385 0.4848764 0.5738279 0.6044050 0.6508814 0.4960263 0.6107527 0.6008153 0.5491639 0.6038227 0.7345631 0.8628830 0.5601250 0.6004896 0.5419231 0.5699361 0.7734640 0.7500535 0.7625240 0.7625240 6.6928435 0.7591947 0.8771789 0.9301684 1.7393971 1.6272443 1.5680206 1.2909302 1.1175146 1.1111672 1.4023012 1.1555102 0.6249791 
TrH2_TrispH2_002785-RA                            0.4822859 0.4984735 0.6240170 0.6240170 0.5916835 0.6275806 0.7144896 0.5306092 0.6787988 0.6340355 0.5472149 0.5526401 0.7734637 0.6703751 0.6984736 0.5208106 0.8625777 0.6583510 0.5485071 0.6875236 0.6493583 0.6866110 0.6004334 0.5630926 0.5122158 0.5278346 0.4548212 0.6033648 0.1436616 0.1436616 0.1290943 0.1470872 0.1470872 0.0000000 0.0000010 0.6264616 0.6214241 0.5818499 0.5603490 0.6516580 0.6534886 0.7547707 0.5709832 0.6134325 0.6230166 0.5964136 0.6222318 0.8154433 0.8640958 0.6918864 0.7382964 0.6626112 0.6621454 0.8203262 0.8102687 0.8235652 0.8235652 6.3053842 0.8576322 0.8991670 0.9764791 1.7784349 1.6514928 1.5675551 1.2945806 1.1477341 1.2094007 1.6294141 1.2783396 0.6594010 
Tadh_TriadT37267                                  0.4822859 0.4984735 0.6240170 0.6240170 0.5916835 0.6275806 0.7144896 0.5306092 0.6787988 0.6340355 0.5472149 0.5526401 0.7734637 0.6703751 0.6984736 0.5208106 0.8625777 0.6583510 0.5485071 0.6875236 0.6493583 0.6866110 0.6004334 0.5630926 0.5122158 0.5278346 0.4548212 0.6033648 0.1436616 0.1436616 0.1290943 0.1470872 0.1470872 0.0000010 0.0000000 0.6264616 0.6214241 0.5818499 0.5603490 0.6516580 0.6534886 0.7547707 0.5709832 0.6134325 0.6230166 0.5964136 0.6222318 0.8154433 0.8640958 0.6918864 0.7382964 0.6626112 0.6621454 0.8203262 0.8102687 0.8235652 0.8235652 6.3053842 0.8576322 0.8991670 0.9764791 1.7784349 1.6514928 1.5675551 1.2945806 1.1477341 1.2094007 1.6294141 1.2783396 0.6594010 
Salurc_EP00051_Salpingoeca_urceolata_P026816      0.4809493 0.5029593 0.5245655 0.5245655 0.5348352 0.5017546 0.6571988 0.5071108 0.5578815 0.4921884 0.5763155 0.5330773 0.6247423 0.7129458 0.7810325 0.6329019 0.8538730 0.7602606 0.5051294 0.5508161 0.5727417 0.6415308 0.6459175 0.6569227 0.6183042 0.6696318 0.6109421 0.7120519 0.5458625 0.5458625 0.5803171 0.5582740 0.5582740 0.6264616 0.6264616 0.0000000 0.3494672 0.5854739 0.4428518 0.4042565 0.5485990 0.5619834 0.4466721 0.4849759 0.4137267 0.5400577 0.6469975 0.5087281 0.4602262 0.7276410 0.7230621 0.6467113 0.6285106 0.7381912 0.8050766 0.7955352 0.7955352 6.6582517 0.9561153 0.8648784 1.1382375 1.5956836 1.3783949 1.3533708 1.0932001 1.2055984 1.1113383 1.4683299 1.0256034 0.5836339 
Salmac_EP00052_Salpingoeca_macrocollata_P001559   0.5560650 0.5453804 0.5402387 0.5402387 0.5065737 0.5740020 0.6978377 0.5900969 0.5773573 0.5664305 0.5217426 0.5701277 0.5366700 0.5545064 0.6751893 0.5043205 0.7156748 0.6224018 0.4769362 0.5201759 0.4667062 0.6121830 0.5458187 0.6405338 0.5801269 0.5977825 0.5747959 0.5870111 0.6269150 0.6269150 0.6651475 0.6107629 0.6107629 0.6214241 0.6214241 0.3494672 0.0000000 0.4807742 0.3509665 0.3558332 0.4600088 0.4589694 0.4092894 0.3523033 0.3910860 0.5752113 0.5840461 0.3895624 0.4654396 0.6612184 0.7234527 0.6480134 0.5542904 0.6685674 0.8081840 0.7480730 0.7708605 6.3730652 0.8645915 1.0044303 0.9609586 1.6371126 1.3963908 1.3818095 1.1088630 1.1551406 1.1473424 1.5636468 1.2287449 0.6084397 
Salinf_EP00049_Salpingoeca_infusionum_P003839     0.6137904 0.6302071 0.5507186 0.5507186 0.4517377 0.5298917 0.6289541 0.4835776 0.5911752 0.5518418 0.5782255 0.5681736 0.6588324 0.5796029 0.7034910 0.5445730 0.6929650 0.6073689 0.5497893 0.6353334 0.6740370 0.6228622 0.7108282 0.7435889 0.6892091 0.7050183 0.6298506 0.6658839 0.5677617 0.5677617 0.6285975 0.5660385 0.5660385 0.5818499 0.5818499 0.5854739 0.4807742 0.0000000 0.3129884 0.4750837 0.4390387 0.4966790 0.4240513 0.4842923 0.5264985 0.6291574 0.6320268 0.6249686 0.7238929 0.7917810 0.7144596 0.6742660 0.6236953 0.5365085 0.7532098 0.7443339 0.7604707 6.0355217 0.8173708 0.9467723 1.0020204 1.7865667 1.5010622 1.6542169 1.2988987 1.3699667 1.2263135 1.4484885 1.1006062 0.5935242 
Microa_EP00043_Microstomoeca_roanoka_P007880      0.5092394 0.5044782 0.4507452 0.4507452 0.4394735 0.4606458 0.6483126 0.4870067 0.4747453 0.3918241 0.4690127 0.4465892 0.5450380 0.5472642 0.6866182 0.4425277 0.6156403 0.5284396 0.5067734 0.4929158 0.5384443 0.4376153 0.5216861 0.5819144 0.5175220 0.5839897 0.4459873 0.5204093 0.5365329 0.5365329 0.5846802 0.4848764 0.4848764 0.5603490 0.5603490 0.4428518 0.3509665 0.3129884 0.0000000 0.2218074 0.4221603 0.4451868 0.3657054 0.4201479 0.4534767 0.4946823 0.5129342 0.5039005 0.6058225 0.6478375 0.6793956 0.6083587 0.5025350 0.5104714 0.6881065 0.6338774 0.6338774 7.2123038 0.8059819 0.7911430 1.0462687 1.6795398 1.4062104 1.3295693 1.2283651 1.2151845 0.9335041 1.4670210 1.0274481 0.4840364 
Sros_EGD77610                                     0.5384150 0.5286185 0.5402273 0.5402273 0.4571917 0.5167809 0.7367817 0.5450799 0.5768663 0.5088779 0.5079197 0.5302548 0.5097972 0.6025312 0.6924938 0.5511687 0.6687287 0.6331147 0.5379109 0.6258885 0.4856956 0.5365958 0.6459202 0.6187360 0.6268678 0.6882755 0.6149528 0.5549187 0.6274225 0.6274225 0.6805814 0.5738279 0.5738279 0.6516580 0.6516580 0.4042565 0.3558332 0.4750837 0.2218074 0.0000000 0.4363151 0.3813164 0.3895893 0.4766774 0.4922412 0.5379673 0.5450993 0.4783336 0.5938130 0.6033392 0.6446427 0.5765469 0.5651798 0.5726396 0.6535010 0.6227002 0.6227002 7.3419928 0.8077113 0.9232412 1.1165209 1.7078090 1.4156126 1.3419375 1.2898291 1.4448285 1.2265381 1.5034425 1.0464219 0.5965104 
Chofle_EP00730_Choanoeca_flexa_P016848            0.6428426 0.6289275 0.6236346 0.6236346 0.5857204 0.6379127 0.7281470 0.5974705 0.6335774 0.6319390 0.5721301 0.5409352 0.6699425 0.7068288 0.8644716 0.5553285 0.6784558 0.6901441 0.5631867 0.5733112 0.5994715 0.7085575 0.5992851 0.7640499 0.7000620 0.6902598 0.6401209 0.7903671 0.6275742 0.6275742 0.6388639 0.6044050 0.6044050 0.6534886 0.6534886 0.5485990 0.4600088 0.4390387 0.4221603 0.4363151 0.0000000 0.1579535 0.2210425 0.4305673 0.4266189 0.6288841 0.5644333 0.6418651 0.6113337 0.5813051 0.6943104 0.6148229 0.7107570 0.5550699 0.9146267 0.8724551 0.8724551 5.5115037 1.0152719 0.8811235 1.1539375 1.8761250 1.5776606 1.5628583 1.3382622 1.3399349 1.1938365 1.4651761 1.1193571 0.5510608 
Choper_EP00045_Choanoeca_perplexa_P001136         0.5642186 0.5888623 0.6174412 0.6174412 0.5046143 0.5960865 0.7327355 0.6261200 0.6266020 0.5992055 0.5862232 0.6021978 0.6982401 0.7582130 0.9478280 0.7109729 0.7149710 0.7750605 0.6008870 0.6592705 0.6878216 0.6898607 0.6836508 0.7449364 0.6540112 0.7184002 0.7560362 0.7582159 0.6855062 0.6855062 0.7610012 0.6508814 0.6508814 0.7547707 0.7547707 0.5619834 0.4589694 0.4966790 0.4451868 0.3813164 0.1579535 0.0000000 0.3312215 0.4504613 0.5085532 0.6219698 0.6080664 0.5728939 0.6185111 0.6011085 0.6643988 0.5891623 0.7073889 0.5695417 0.8093531 0.7731597 0.7617058 5.7185038 0.8818471 1.0329011 1.2138264 1.7184774 1.5251312 1.3947027 1.2871518 1.3797205 1.2240446 1.5535410 1.1101389 0.6442762 
Mbre_EDQ84665                                     0.5809408 0.5436876 0.5676058 0.5676058 0.5407520 0.5805272 0.6068466 0.5742637 0.6075955 0.5683361 0.6273726 0.6436124 0.7343804 0.7303522 0.9108530 0.6229561 0.8246488 0.6588464 0.6189449 0.6673420 0.5687110 0.6785327 0.5763656 0.6930606 0.6716967 0.6851130 0.6150605 0.6796431 0.5474099 0.5474099 0.5647837 0.4960263 0.4960263 0.5709832 0.5709832 0.4466721 0.4092894 0.4240513 0.3657054 0.3895893 0.2210425 0.3312215 0.0000000 0.4913601 0.4605490 0.6586281 0.6297574 0.5741327 0.6302249 0.6821518 0.7508964 0.6737011 0.6464969 0.5228697 0.7818885 0.8070775 0.8278440 5.9524747 0.9775941 0.9555670 1.0957063 2.0006653 1.7833544 1.6876546 1.3962038 1.3485574 1.1711055 1.3246741 1.1107850 0.4650795 
Saldol_EP00054_Salpingoeca_dolichothecata_P032366 0.6136864 0.6209164 0.5939597 0.5939597 0.5620837 0.5894999 0.7151462 0.5357795 0.6208263 0.5986358 0.5563618 0.5778102 0.5890598 0.5296506 0.5304990 0.4716742 0.6176667 0.5686732 0.5432183 0.6231291 0.5202721 0.6502733 0.6972197 0.7438157 0.7083224 0.7354704 0.6451298 0.7590973 0.5879496 0.5879496 0.6379707 0.6107527 0.6107527 0.6134325 0.6134325 0.4849759 0.3523033 0.4842923 0.4201479 0.4766774 0.4305673 0.4504613 0.4913601 0.0000000 0.4174791 0.6095135 0.6050020 0.4879327 0.5054891 0.6799639 0.6393892 0.5861169 0.6196079 0.6496010 0.6680206 0.6347088 0.6539128 6.3217988 0.7696175 0.8410860 0.8923753 1.6525906 1.4413273 1.2711532 1.1443688 1.1588185 1.2908501 1.4523953 1.2448977 0.6092526 
Salkve_EP00050_Salpingoeca_kvevrii_P006410        0.5494004 0.5379884 0.4846903 0.4846903 0.4443971 0.4947936 0.6592594 0.5476301 0.4679209 0.5272337 0.4821929 0.4654052 0.6459273 0.6826982 0.7965943 0.5789007 0.7797795 0.6327762 0.4852063 0.6344852 0.5574090 0.6267159 0.5624712 0.6273309 0.6084645 0.6611530 0.5286418 0.6875063 0.6335300 0.6335300 0.6612512 0.6008153 0.6008153 0.6230166 0.6230166 0.4137267 0.3910860 0.5264985 0.4534767 0.4922412 0.4266189 0.5085532 0.4605490 0.4174791 0.0000000 0.5944780 0.5402920 0.5984354 0.5778941 0.6649861 0.6790250 0.6041514 0.7517061 0.5441643 0.8059399 0.7964150 0.7964150 5.7154615 0.9005166 0.9007100 1.1016452 1.4510147 1.2375863 1.2897734 0.9554827 0.9390592 1.2192475 1.3360822 1.0556917 0.5812413 
Spolac_c97983_g1_i1_m.16152c97983-g1              0.4611204 0.4946640 0.4999007 0.4999007 0.4593594 0.4730385 0.4855397 0.5248854 0.5530085 0.5420298 0.5029821 0.4524925 0.6144525 0.4927952 0.5225693 0.4614878 0.7461037 0.6438649 0.4833222 0.4518164 0.5605629 0.5483005 0.5410009 0.5548135 0.4877754 0.6224334 0.5024096 0.5945001 0.5594239 0.5594239 0.6207911 0.5491639 0.5491639 0.5964136 0.5964136 0.5400577 0.5752113 0.6291574 0.4946823 0.5379673 0.6288841 0.6219698 0.6586281 0.6095135 0.5944780 0.0000000 0.4329782 0.7657871 0.7867074 0.7452653 0.6729012 0.6237978 0.5289413 0.8546988 0.8787987 0.8412731 0.8286561 6.3650354 0.8935269 0.7413453 1.0367522 1.9331912 1.5774356 1.6728827 1.4516244 1.3306877 1.3373786 1.5842278 1.0973052 0.4539171 
Aque_Aqu2.1.22395_001                             0.4804131 0.4962791 0.4540931 0.4540931 0.4032629 0.4482498 0.5496882 0.4516130 0.4415859 0.5346940 0.6073280 0.5583000 0.5929108 0.5527529 0.5813287 0.4749621 0.6172133 0.5999301 0.6196157 0.4247065 0.5585014 0.5510977 0.5775042 0.5887095 0.4968661 0.6632248 0.6388003 0.6849095 0.5939673 0.5939673 0.6232032 0.6038227 0.6038227 0.6222318 0.6222318 0.6469975 0.5840461 0.6320268 0.5129342 0.5450993 0.5644333 0.6080664 0.6297574 0.6050020 0.5402920 0.4329782 0.0000000 0.6257688 0.7280178 0.5482641 0.6236300 0.5227131 0.5424219 0.6637895 0.8433473 0.8054405 0.8054405 6.1407658 0.7916911 0.8856919 0.9514035 1.7158978 1.3290623 1.4237237 1.5313118 1.2335574 1.2998076 1.3110268 1.1509682 0.4532228 
Salpun_EP00053_Salpingoeca_punica_P001598         0.6871936 0.7010863 0.6731870 0.6731870 0.6047208 0.6626742 0.8716605 0.6689845 0.7094329 0.7029555 0.6850339 0.7351787 0.6527940 0.7565902 0.8472523 0.6921249 0.8300826 0.7275963 0.6397637 0.7504884 0.6251728 0.8532901 0.8034150 0.9177430 0.8569533 0.8410367 0.8372786 0.8200115 0.6889127 0.6889127 0.7177868 0.7345631 0.7345631 0.8154433 0.8154433 0.5087281 0.3895624 0.6249686 0.5039005 0.4783336 0.6418651 0.5728939 0.5741327 0.4879327 0.5984354 0.7657871 0.6257688 0.0000000 0.5082704 0.6150046 0.7616094 0.6972056 0.6433512 0.8554917 0.8508395 0.7899697 0.7899697 6.1895543 0.9154056 0.9085545 1.1257421 1.6286105 1.5314649 1.3258221 1.1783522 1.2540040 1.2557974 1.6409566 1.2651204 0.7519901 
Mylflu_EP00047_Mylnosiga_fluctuans_P001512        0.5533831 0.5868982 0.6658123 0.6658123 0.5899198 0.6283550 0.7840171 0.6074707 0.7218363 0.6374099 0.6330547 0.7175892 0.6394541 0.6517219 0.8201080 0.5799170 0.8168373 0.7230806 0.6138890 0.7194715 0.6552181 0.6483195 0.7126046 0.7648337 0.6927415 0.7024716 0.7856354 0.9212389 0.8456977 0.8456977 0.8817230 0.8628830 0.8628830 0.8640958 0.8640958 0.4602262 0.4654396 0.7238929 0.6058225 0.5938130 0.6113337 0.6185111 0.6302249 0.5054891 0.5778941 0.7867074 0.7280178 0.5082704 0.0000000 0.7878513 0.9316369 0.8292923 0.5399238 0.9231806 0.9440509 0.8765042 0.8765042 6.6731965 1.1013880 0.9224655 1.0961860 1.5043833 1.3566730 1.2320804 1.1916000 1.2523046 1.2974057 1.8015911 1.2634710 0.6752528 
Opea_EP00118_Oscarella_pearsei_P025251            0.4977663 0.4671301 0.6440779 0.6440779 0.5575598 0.6367531 0.8389627 0.6352733 0.6337438 0.6762491 0.6438800 0.6008772 0.6828649 0.5956212 0.8199873 0.7063277 0.6012246 0.6915613 0.6739680 0.6618346 0.6270837 0.7206754 0.6237948 0.8346595 0.7330268 0.7653585 0.7691676 0.8178600 0.6297133 0.6297133 0.6958593 0.5601250 0.5601250 0.6918864 0.6918864 0.7276410 0.6612184 0.7917810 0.6478375 0.6033392 0.5813051 0.6011085 0.6821518 0.6799639 0.6649861 0.7452653 0.5482641 0.6150046 0.7878513 0.0000000 0.2382538 0.1816024 0.5027389 0.7834098 0.8405505 0.7939814 0.8408105 5.1448964 0.8302875 1.0102186 1.1527680 1.8185792 1.7221149 1.5435729 1.6727749 1.5620216 1.4956081 1.6671613 1.3496855 0.6384622 
Plajan_Pjan_scaffold18268_01                      0.5880408 0.5716513 0.5357734 0.5357734 0.4577026 0.5263970 0.7785667 0.5562665 0.5058241 0.6099900 0.5917840 0.5405875 0.7544459 0.6802484 0.6415572 0.6355538 0.7672499 0.7483793 0.6466396 0.7146599 0.6576355 0.6920490 0.6711802 0.8132071 0.7127650 0.8146052 0.7842500 0.7694672 0.6761704 0.6761704 0.7533644 0.6004896 0.6004896 0.7382964 0.7382964 0.7230621 0.7234527 0.7144596 0.6793956 0.6446427 0.6943104 0.6643988 0.7508964 0.6393892 0.6790250 0.6729012 0.6236300 0.7616094 0.9316369 0.2382538 0.0000000 0.0304010 0.5965892 0.8889592 0.9624241 0.9372684 0.9761428 5.7417516 0.9534039 1.0945912 1.2596876 1.8082647 1.5580894 1.5966871 1.5429756 1.5440984 1.3904802 1.4073545 1.2852554 0.6283712 
Plajan_Pjan_scaffold18269_01                      0.5280125 0.5136039 0.5272560 0.5272560 0.4538803 0.5183803 0.7384397 0.5462112 0.5058241 0.5952640 0.5790284 0.5136325 0.6750659 0.5690863 0.6415572 0.5694064 0.6638456 0.7005215 0.5820358 0.5994636 0.5917814 0.6206062 0.5951400 0.7253794 0.6375922 0.7276877 0.7021579 0.6851911 0.6095830 0.6095830 0.6778132 0.5419231 0.5419231 0.6626112 0.6626112 0.6467113 0.6480134 0.6742660 0.6083587 0.5765469 0.6148229 0.5891623 0.6737011 0.5861169 0.6041514 0.6237978 0.5227131 0.6972056 0.8292923 0.1816024 0.0304010 0.0000000 0.5373959 0.7724766 0.8656546 0.8434085 0.8776362 5.4804039 0.8355210 1.0025086 1.0733792 1.8645272 1.6612941 1.6277889 1.6001125 1.3838597 1.3933247 1.5520967 1.2852554 0.6379291 
Hsap_ENST00000492758                              0.5159494 0.5407191 0.6290894 0.6290894 0.4876081 0.6085516 0.9106354 0.5670643 0.6356564 0.5428847 0.5616228 0.6035461 0.4873731 0.4184298 0.4663249 0.4281775 0.5252680 0.4249470 0.5713595 0.5408803 0.4718345 0.5371649 0.6277829 0.6100029 0.5796477 0.6043312 0.6587133 0.7442314 0.6395215 0.6395215 0.6412297 0.5699361 0.5699361 0.6621454 0.6621454 0.6285106 0.5542904 0.6236953 0.5025350 0.5651798 0.7107570 0.7073889 0.6464969 0.6196079 0.7517061 0.5289413 0.5424219 0.6433512 0.5399238 0.5027389 0.5965892 0.5373959 0.0000000 0.7829732 0.6841944 0.6605008 0.6605008 5.0757708 0.7426311 0.8429015 0.9896656 1.7096616 1.8599696 1.4205849 1.5037201 1.4061777 1.1846002 1.6116921 1.1774202 0.7636696 
