93
Lcom_lcpid115592                                                  0.0000000 1.0902707 1.1003284 1.2462246 1.2630595 1.1342309 1.1154483 1.1823505 1.2754640 1.3023050 1.1758030 1.0367682 0.9576164 1.2144642 1.2854354 1.2854354 1.2053524 1.2286016 1.3096600 1.1539940 1.0745293 1.3524245 1.1752979 1.2503181 1.3681781 1.2717840 1.1003057 1.2201457 1.2182584 1.4708019 1.3045911 1.3061764 1.3521723 1.3719936 1.3414079 1.3190996 1.7656376 1.4031877 1.3814656 1.4576904 1.3706086 1.2528228 1.2938257 1.3240152 1.2578092 1.2793967 1.2407586 1.3311452 1.3311452 1.3162663 1.2513627 1.3162663 1.2513627 1.2795799 1.2035953 1.2846689 1.2551205 1.2667982 1.3302826 1.2737746 2.7083679 1.4728693 1.6708973 1.5952702 1.6026088 1.5900712 1.5925653 1.5731884 1.3338211 1.7095976 1.6529034 1.5011529 1.3630459 1.5910047 1.5869124 1.5420194 1.5314183 1.6240606 1.4034169 1.4103084 1.4451122 1.2502351 1.2754370 1.6154626 1.9710940 1.4757805 1.7482098 1.6511352 1.5248324 1.2488984 1.3979491 1.5294026 2.0923026 
Salurc_EP00051_Salpingoeca_urceolata_P017593                      1.0902707 0.0000000 1.0801397 1.2764011 1.3731543 1.4331620 1.3792095 1.1035959 1.5515212 1.7945586 1.4121669 1.3473465 1.2934184 1.5169256 1.6560322 1.6560322 1.4903588 1.5700232 1.5702921 1.4165727 1.5006129 1.6156919 1.2890419 1.3560750 1.6102122 1.5321909 1.3351990 1.4093352 1.5054423 1.8022783 1.4504069 1.4061143 1.4440835 1.5021146 1.4809921 1.3474020 1.9786671 1.4109678 1.4714168 1.4771131 1.6413158 1.2293461 1.3726023 1.4788753 1.3815953 1.3819276 1.2418823 1.4839565 1.4839565 1.4666406 1.2658299 1.4666406 1.2658299 1.4189147 1.4579779 1.3326726 1.4674386 1.4957135 1.4389140 1.5148760 2.5314093 1.6681357 1.8152537 1.8002372 1.8188023 1.8707064 1.8754077 1.9700490 1.4177295 2.0376582 1.9978068 1.8187728 1.5128673 1.8266479 1.7429237 1.6742021 1.8042173 2.1298047 1.2285743 1.2338438 1.4240705 1.3824074 1.4851811 1.6297323 2.2016086 1.8949882 1.9702091 2.1710749 1.3245451 1.3177697 1.4549573 1.5117403 1.8619055 
Salkve_EP00050_Salpingoeca_kvevrii_P006688                        1.1003284 1.0801397 0.0000000 1.3161832 1.2656854 1.2189169 1.1648062 1.0153219 1.3036645 1.2485881 1.3096388 1.2625077 1.2023657 1.2796286 1.5246435 1.5246435 1.3578642 1.4035447 1.3457466 1.2659215 1.3001722 1.3585622 1.2096470 1.3439310 1.6100378 1.5187496 1.3830868 1.5290120 1.4300195 1.5549255 1.3354662 1.3296261 1.3316144 1.2987056 1.3586303 1.3486532 1.7104723 1.2946112 1.4547535 1.4444156 1.3078653 1.1835190 1.2600498 1.3037325 1.2523401 1.3106869 1.3123004 1.2794519 1.2794519 1.2651132 1.2732712 1.2651132 1.2732712 1.3183388 1.2648429 1.3039258 1.4402050 1.4678424 1.2867570 1.2817808 2.4385624 1.6770806 1.7331480 1.7580340 1.7580340 1.7412933 1.7452435 1.7416339 1.3559227 2.0408936 1.9999412 1.7702102 1.4595915 1.6003205 1.8990086 1.5846489 1.8676425 1.9005224 1.2009998 1.2617793 1.1961077 1.1979603 1.4754096 1.6683466 2.1077996 1.8667589 1.8607053 1.9152159 1.1875298 1.2862366 1.4563042 1.4967176 1.9068590 
Acaspe_EP00035_Acanthoeca_spectabilis_P020450                     1.2462246 1.2764011 1.3161832 0.0000000 0.1766282 0.7003914 0.9542629 1.2410576 1.5614949 1.6880375 1.4988009 1.3048002 1.2467170 1.4852668 1.7530047 1.7530047 1.4337681 1.2683640 1.4513626 1.4817697 1.3855862 1.6464324 1.2085147 1.6358192 1.7893149 1.8209826 1.3631180 1.6578153 1.6022939 1.7795979 1.5551089 1.6353319 1.6434620 1.5946231 1.5240931 1.5723744 2.2312911 1.6114117 1.5550953 1.5904645 1.4836561 1.3101923 1.5276986 1.5317123 1.3698350 1.5034218 1.3852557 1.5094134 1.5094134 1.5094134 1.3000384 1.5094134 1.3000384 1.4538819 1.5481320 1.4415244 1.5408780 1.5410139 1.5117431 1.4712896 3.1866063 1.3999680 1.7671877 1.7125581 1.7125581 1.7683034 1.7743638 1.7554864 1.7378628 1.9734902 1.8778173 1.3861303 1.5468529 1.5053116 1.9027882 1.9027813 1.8803338 2.0536594 1.2091965 1.5680716 1.5276427 1.2090263 1.6488251 1.8254918 2.5165803 2.0037231 1.7349641 1.8560592 1.3308718 1.4143618 1.5666787 1.5906320 2.0251586 
Helnan_EP00037_Helgoeca_nana_P002658                              1.2630595 1.3731543 1.2656854 0.1766282 0.0000000 0.6882094 0.9102501 1.3169463 1.5359143 1.4777819 1.3996864 1.2325114 1.1740385 1.3707704 1.6618840 1.6618840 1.3141569 1.1630149 1.4033164 1.4142170 1.4147863 1.6215737 1.2555559 1.5091099 1.7247963 1.7057986 1.3265085 1.5609191 1.5484020 1.6917041 1.5192717 1.5883226 1.6177891 1.5733598 1.5382600 1.6494018 2.1862358 1.5870036 1.5856075 1.6452862 1.4692177 1.3526150 1.5558556 1.4831186 1.3245228 1.4846982 1.3934325 1.4773253 1.4773253 1.4834072 1.4345418 1.4834072 1.4345418 1.4686333 1.4458656 1.4351807 1.5727077 1.5789305 1.4909823 1.4543410 3.7861950 1.4494462 1.6538105 1.5975040 1.5975040 1.6655616 1.6712210 1.6707268 1.6691816 1.9346062 1.8489018 1.4776141 1.5638326 1.6760063 1.8982035 1.9187314 1.8273213 2.1263439 1.2586622 1.5843790 1.5377347 1.1366994 1.6860389 1.8664728 2.5604202 2.0466795 1.6787935 1.9477073 1.3687924 1.5800646 1.7103648 1.6534505 2.0570063 
Stedip_EP00041_Stephanoeca_diplocostata_P004432                   1.1342309 1.4331620 1.2189169 0.7003914 0.6882094 0.0000000 0.7756855 1.0728465 1.3683318 1.5982432 1.2809117 1.1425853 1.0568747 1.3329328 1.4950377 1.4950377 1.3332377 1.3460228 1.3676242 1.3760836 1.2594866 1.4747667 1.1463695 1.2978246 1.5066342 1.4974338 1.2328624 1.4511415 1.3034392 1.6641922 1.4817824 1.4735320 1.5830158 1.5700715 1.4300751 1.5852190 2.1812023 1.5053052 1.7206472 1.7132251 1.3880570 1.1994749 1.3678528 1.3204998 1.2172868 1.3608915 1.2759339 1.4034883 1.4034883 1.4289962 1.3323998 1.4289962 1.3323998 1.3260198 1.3482254 1.3854418 1.4248372 1.4247659 1.5207170 1.4013066 3.7902245 1.4564874 1.5937228 1.5510108 1.5579846 1.5450241 1.5486631 1.5572210 1.2941742 1.8226600 1.6006399 1.4653608 1.5482906 1.6804434 1.8925357 1.6928160 1.8627831 2.1639620 1.3570198 1.5944299 1.7254752 1.1684324 1.3778401 1.5044557 1.8738605 2.0507137 1.6731083 1.7644980 1.2540010 1.4747747 1.6599082 1.6806074 1.8285059 
Diagra_EP00040_Diaphanoeca_grandis_P039203                        1.1154483 1.3792095 1.1648062 0.9542629 0.9102501 0.7756855 0.0000000 1.3083236 1.3929666 1.3513404 1.2209470 1.1074881 1.0565769 1.2375769 1.3751558 1.3751558 1.2007964 1.2201029 1.2531679 1.3463836 1.3044035 1.4093437 1.0337545 1.5804187 1.8333925 1.7718676 1.3667792 1.7605509 1.6552995 1.7895338 1.6331482 1.6392012 1.7041350 1.6194884 1.5530185 1.5699212 2.1477900 1.5401229 1.7187568 1.7605293 1.4339292 1.1947798 1.3997433 1.3156356 1.1791891 1.3371251 1.1881712 1.3682111 1.3682111 1.3938025 1.2830144 1.3938025 1.2830144 1.3437902 1.2985809 1.3735823 1.4522436 1.4659965 1.4942097 1.3446243 3.4470652 1.2941895 1.5210791 1.5322678 1.5322678 1.5475502 1.5475680 1.5525204 1.4701752 1.8515891 1.7421522 1.4823631 1.3208556 1.7116861 2.0014388 2.0645400 2.1015973 2.3869822 1.2872847 1.4764390 1.4500816 1.1897388 1.3925351 1.6281187 2.1401793 1.7618117 1.6371960 1.7373651 1.2579084 1.3852766 1.7005003 1.7422642 1.9569634 
Mylflu_EP00047_Mylnosiga_fluctuans_P002922                        1.1823505 1.1035959 1.0153219 1.2410576 1.3169463 1.0728465 1.3083236 0.0000000 1.4007054 1.6775519 1.3215172 1.1656307 1.0762830 1.3942286 1.6484668 1.6484668 1.4227494 1.4525040 1.4171410 1.5349522 1.5058017 1.4244684 1.2360443 1.3038549 1.4491300 1.3597323 1.2373117 1.3648867 1.3664105 1.6015315 1.3420386 1.3595406 1.4704692 1.4589048 1.3692877 1.4462179 2.0437154 1.4681908 1.5791308 1.6400365 1.5091495 1.2027817 1.3852127 1.3195033 1.2481040 1.3703223 1.2651354 1.4119059 1.4119059 1.4211906 1.1967292 1.4211906 1.1967292 1.3516340 1.3622305 1.3227012 1.3289316 1.3286736 1.4513705 1.4074698 3.6705620 1.5597617 1.7680846 1.7836931 1.7836931 1.7779588 1.7840209 1.7383144 1.6575737 1.7359456 1.8147003 1.4770111 1.4889029 1.8276187 1.9853816 1.7282032 1.9567154 2.1405649 1.2022285 1.3581368 1.2621443 1.2692949 1.5985331 1.7819771 2.2206813 2.4678328 2.0320757 1.8238955 1.3998768 1.2942660 1.4635270 1.4594852 1.7012146 
Lcom_lcpid146876                                                  1.2754640 1.5515212 1.3036645 1.5614949 1.5359143 1.3683318 1.3929666 1.4007054 0.0000000 0.6520660 0.8914343 0.7557310 0.6806712 0.8426260 1.1204248 1.1204248 0.9061502 0.8904008 0.9909243 1.0717552 1.0487077 0.9441009 0.9451901 1.1558442 1.3248423 1.2928288 1.1570358 1.1578843 1.3201149 1.3442270 1.0840816 1.1231912 1.1339186 1.1500197 1.1230151 1.1578272 1.5694253 1.0189002 1.2425043 1.3114083 1.1478591 1.1149896 1.1149896 1.2225221 1.2225221 1.2378919 1.2378919 1.2358803 1.2358803 1.2358803 1.2846815 1.2358803 1.2846815 1.2239215 1.1557287 1.1506987 1.1995521 1.2282674 1.0721644 1.0860214 2.7368045 1.2704846 1.2707405 1.2488622 1.2488622 1.2769174 1.2769174 1.3428879 1.2377258 1.8657443 1.5548280 1.2708658 1.2807863 1.3572020 1.5158177 1.5487449 1.5698618 1.5941411 1.8143456 1.7278864 1.7867407 1.5965340 1.3222695 1.4265026 2.3182666 2.0570188 1.5246396 1.3469667 1.4299142 1.9590400 1.8712214 1.9321861 1.9176432 
Lcom_lcpid231434                                                  1.3023050 1.7945586 1.2485881 1.6880375 1.4777819 1.5982432 1.3513404 1.6775519 0.6520660 0.0000000 0.2836244 0.2836244 0.2836244 0.1765885 0.2836244 0.2836244 0.6162068 0.6099110 0.4599711 0.9514193 0.9605969 0.9618241 0.4787502 1.0050928 1.0256046 1.0497373 0.7639411 0.9202581 0.8722823 1.0578986 1.0179916 1.0602423 1.0153943 1.1004757 1.0472766 1.1205450 1.0332527 1.0494969 1.0145688 1.0276925 0.8378833 0.6941740 0.9466376 0.9356610 0.8593275 0.9296613 0.7977606 0.9833329 0.9833329 1.0018190 1.2258436 1.0018190 1.2258436 1.0342433 0.9028517 0.9563317 1.0187302 1.0187302 0.9624660 1.0376134 0.0000010 1.1185564 1.5692415 1.3487329 1.3629408 1.4988269 1.4894974 1.5235578 1.1932141 2.1201891 2.0243338 1.8868062 1.6845970 2.2067450 2.1760260 1.8363916 1.7894379 2.0553417 1.6749495 1.4875845 1.6777703 2.0840708 1.2271501 1.2271501 1.2271501 0.0000010 1.7515846 3.3709425 2.4299236 1.5508339 1.6416930 1.8455796 3.3868442 
Acagra_model.g16589.t1                                            1.1758030 1.4121669 1.3096388 1.4988009 1.3996864 1.2809117 1.2209470 1.3215172 0.8914343 0.2836244 0.0000000 0.0246974 0.0000010 0.1991564 0.2420738 0.2420738 0.4034260 0.4997632 0.4359032 0.6066445 0.6236654 0.6774526 0.5095689 0.7561685 0.9475749 0.8682744 0.7856931 0.8622183 0.8583856 1.0815545 0.7419739 0.7381647 0.8060691 0.7488256 0.7198085 0.7241577 1.0371669 0.7065051 0.7991011 0.8873112 0.7008888 0.8370010 0.8711601 0.9480213 0.9174488 0.8968903 0.9039996 0.9492000 0.9492000 0.9399206 0.9509282 0.9399206 0.9509282 0.9308657 0.8983759 0.8791841 0.9852658 1.0043737 0.8610106 0.8534116 1.7127221 1.0499036 1.1653568 1.1093519 1.1136896 1.1780494 1.1649141 1.0599819 1.0029354 1.5456886 1.3209020 1.1376983 0.9292632 1.4645611 1.6134802 1.5302826 1.6245287 1.8060189 1.3649577 1.6463161 1.7258791 1.2954980 1.1030159 1.1277499 1.6094912 1.7468613 1.0876231 1.5957122 1.6626261 1.6977581 1.6173260 1.5921477 1.9685248 
Acagra_model.g16589.t1.1.5d3b88b9                                 1.0367682 1.3473465 1.2625077 1.3048002 1.2325114 1.1425853 1.1074881 1.1656307 0.7557310 0.2836244 0.0246974 0.0000000 0.0000010 0.2019931 0.2075599 0.2075599 0.3903642 0.4717925 0.4074192 0.6173194 0.5975652 0.6385958 0.4343008 0.6677171 0.7762034 0.7309750 0.6403650 0.7313492 0.6833278 0.8222408 0.6284700 0.6326569 0.7077729 0.6812235 0.5947486 0.6305735 0.9984120 0.5997104 0.7050151 0.8005345 0.7160330 0.7273724 0.7818945 0.8221865 0.7803797 0.7818746 0.7637818 0.8394687 0.8394687 0.8302604 0.7790719 0.8302604 0.7790719 0.8124131 0.7725388 0.7473999 0.9005815 0.9021375 0.7519423 0.7614401 1.4528503 0.7987230 0.9533588 0.8933509 0.8970276 0.9575781 0.9445560 0.8424479 0.9220276 1.4248559 1.2261369 1.0132591 0.7644487 1.3037340 1.4129258 1.3301738 1.3980131 1.5838877 1.3450581 1.4515286 1.6388961 1.1821572 1.0222417 0.9909119 1.2022761 1.6117818 1.0688103 1.4034830 1.6523904 1.5467274 1.5544057 1.5505585 1.9246753 
Acagra_model.g16589.t1.2.5d3b88ba                                 0.9576164 1.2934184 1.2023657 1.2467170 1.1740385 1.0568747 1.0565769 1.0762830 0.6806712 0.2836244 0.0000010 0.0000010 0.0000000 0.1615376 0.2075599 0.2075599 0.3565616 0.4218142 0.3693771 0.5786119 0.5394685 0.5812794 0.3576763 0.6106105 0.7206787 0.6734405 0.5732492 0.6780198 0.6538101 0.7527326 0.5685260 0.5730469 0.6353606 0.6242600 0.5694940 0.5601603 0.9293932 0.5541055 0.6570043 0.7432803 0.6694134 0.6704558 0.7340066 0.7563475 0.7103679 0.7156567 0.6824541 0.7698513 0.7698513 0.7613175 0.6699298 0.7613175 0.6699298 0.7527577 0.7085893 0.7013983 0.8300253 0.8300253 0.6859711 0.6957922 1.0732123 0.7269234 0.8899814 0.8313554 0.8348002 0.8891080 0.8762595 0.7754640 0.8680336 1.3372045 1.1501386 0.9391178 0.7012826 1.2030339 1.3448800 1.2583341 1.3490876 1.5400765 1.2584879 1.3763876 1.5578613 1.0939468 0.9614562 0.9909119 1.2022761 1.3557370 1.0142083 1.3238280 1.5660392 1.4436539 1.4790369 1.4884992 1.8572191 
Cgig_XM_011454804.3                                               1.2144642 1.5169256 1.2796286 1.4852668 1.3707704 1.3329328 1.2375769 1.3942286 0.8426260 0.1765885 0.1991564 0.2019931 0.1615376 0.0000000 0.4110442 0.4110442 0.4379654 0.4715267 0.4220095 0.6838961 0.6665478 0.7139639 0.5504900 0.7401359 0.9022628 0.8916899 0.7451385 0.8662517 0.8292651 1.0067455 0.7568973 0.7907793 0.8314565 0.7803249 0.7767495 0.7498723 1.0937709 0.7229790 0.8515120 0.9287772 0.6890962 0.8351531 0.8857237 0.9556210 0.9089688 0.8998142 0.8668750 0.9326767 0.9326767 0.9237107 0.8924993 0.9237107 0.8924993 0.9284534 0.9362967 0.8243570 1.0421686 1.0621165 0.8212776 0.8261832 1.5331586 1.0389115 1.2068186 1.1231608 1.1275489 1.1747578 1.1720320 1.1513244 1.0535198 1.6770731 1.2995421 1.1293562 0.9467973 1.4068445 1.5881985 1.5309095 1.6734988 1.6509388 1.4472147 1.6968975 1.7566490 1.2875630 1.1104319 1.1760066 1.6967152 1.6500830 1.1638386 1.5465136 1.7434126 1.7608615 1.6109464 1.6368164 2.0716125 
Acagra_model.g16589.t1.1.5d400d4e                                 1.2854354 1.6560322 1.5246435 1.7530047 1.6618840 1.4950377 1.3751558 1.6484668 1.1204248 0.2836244 0.2420738 0.2075599 0.2075599 0.4110442 0.0000000 0.0000010 0.7300127 0.7802309 0.7099670 0.8186184 0.9949320 1.0474376 0.9480476 0.9824969 1.1163686 1.1010674 1.0924563 1.0424564 1.0297243 1.1819545 0.9646676 0.9997557 1.1157110 0.9914356 0.9330816 1.0373297 1.1111273 0.9103618 1.0336342 1.0397132 1.0327536 0.9582757 0.9829785 1.0158079 0.9783493 0.9567978 0.9846803 0.9722537 0.9722537 0.9595551 0.9931280 0.9595551 0.9931280 0.9377568 0.9410721 0.9665643 1.1089645 1.1089645 0.9858473 0.9785142 5.5514854 1.3653649 1.5013311 1.3772184 1.3852078 1.5087429 1.4869799 1.3920663 1.0888439 1.8748972 1.6402417 1.5146632 1.3417008 1.4526176 1.8024127 1.6337054 1.6736701 1.8485013 1.6211696 1.7907883 1.9375508 1.6734149 1.3275627 1.0106007 1.2437389 7.2928044 1.4232500 1.9414094 2.2671309 1.9034621 1.7550532 1.8006784 2.4952739 
Acagra_model.g16589.t1.2.5d400d4e                                 1.2854354 1.6560322 1.5246435 1.7530047 1.6618840 1.4950377 1.3751558 1.6484668 1.1204248 0.2836244 0.2420738 0.2075599 0.2075599 0.4110442 0.0000010 0.0000000 0.7300127 0.7802309 0.7099670 0.8186184 0.9949320 1.0474376 0.9480476 0.9824969 1.1163686 1.1010674 1.0924563 1.0424564 1.0297243 1.1819545 0.9646676 0.9997557 1.1157110 0.9914356 0.9330816 1.0373297 1.1111273 0.9103618 1.0336342 1.0397132 1.0327536 0.9582757 0.9829785 1.0158079 0.9783493 0.9567978 0.9846803 0.9722537 0.9722537 0.9595551 0.9931280 0.9595551 0.9931280 0.9377568 0.9410721 0.9665643 1.1089645 1.1089645 0.9858473 0.9785142 5.5514854 1.3653649 1.5013311 1.3772184 1.3852078 1.5087429 1.4869799 1.3920663 1.0888439 1.8748972 1.6402417 1.5146632 1.3417008 1.4526176 1.8024127 1.6337054 1.6736701 1.8485013 1.6211696 1.7907883 1.9375508 1.6734149 1.3275627 1.0106007 1.2437389 7.2928044 1.4232500 1.9414094 2.2671309 1.9034621 1.7550532 1.8006784 2.4952739 
Skow_XM_002731351.2                                               1.2053524 1.4903588 1.3578642 1.4337681 1.3141569 1.3332377 1.2007964 1.4227494 0.9061502 0.6162068 0.4034260 0.3903642 0.3565616 0.4379654 0.7300127 0.7300127 0.0000000 0.3973359 0.5397749 0.5500226 0.5661426 0.7678831 0.5889368 0.8300731 0.9465883 0.9321733 0.7296333 0.9269902 0.8629929 0.9771382 0.7659652 0.7677043 0.8238427 0.7936555 0.7312384 0.7076585 1.0767389 0.7581679 0.8189478 0.8981234 0.7028613 0.7829151 0.8483689 0.9441165 0.8848483 0.8854457 0.7924033 0.9335078 0.9335078 0.9243491 0.8497392 0.9243491 0.8497392 0.9249472 0.8826643 0.9094223 0.9850099 0.9943605 0.8676166 0.8786208 1.8006081 1.0224692 1.1560457 1.0813245 1.0918750 1.1534522 1.1405216 1.1607481 1.0326883 1.5355785 1.3055868 0.9738979 0.9189256 1.3618786 1.5087150 1.5059045 1.5942143 1.7232251 1.4678232 1.7022968 1.7013748 1.3665115 1.1434052 1.3039355 1.8528337 1.4502740 1.0908158 1.5552642 1.6383302 2.0006823 1.5672965 1.6145176 1.8156999 
Bralan_BLAG04000371_2                                             1.2286016 1.5700232 1.4035447 1.2683640 1.1630149 1.3460228 1.2201029 1.4525040 0.8904008 0.6099110 0.4997632 0.4717925 0.4218142 0.4715267 0.7802309 0.7802309 0.3973359 0.0000000 0.6111631 0.6816427 0.5826391 0.8095999 0.6619787 0.7985573 0.9248911 0.9179047 0.7514238 0.9174914 0.8350138 0.9896948 0.7068203 0.7260260 0.7572651 0.7072074 0.6932294 0.7169973 0.9645867 0.7653427 0.8360865 0.8757354 0.7690286 0.7832833 0.8425346 0.8699753 0.8158267 0.8378036 0.8027910 0.8462364 0.8462364 0.8531969 0.8989642 0.8531969 0.8989642 0.8634425 0.8149849 0.7999645 0.8570581 0.8738677 0.7798081 0.8370044 2.0799009 0.9969183 1.1265356 1.0169354 1.0195591 1.0408494 1.0288010 1.0909342 1.0767003 1.5455125 1.2307157 1.0946519 0.9705229 1.4372029 1.4120424 1.4630839 1.6089286 1.5627155 1.4922082 1.7581399 1.9121534 1.4281443 1.1673166 1.2989882 1.8615256 1.5250361 1.1757025 1.6681174 1.5888280 1.9452378 1.5544333 1.6264368 2.1046100 
Ctel_gnl_WGS_AMQN_CAPTEDRAFT_mRNA162401                           1.3096600 1.5702921 1.3457466 1.4513626 1.4033164 1.3676242 1.2531679 1.4171410 0.9909243 0.4599711 0.4359032 0.4074192 0.3693771 0.4220095 0.7099670 0.7099670 0.5397749 0.6111631 0.0000000 0.6892768 0.7526908 0.8175965 0.6610270 0.9332570 0.9874975 1.0057181 0.9000625 1.0304890 0.9158038 1.1366698 0.8566957 0.8574778 0.8817893 0.8953196 0.8256018 0.7525161 1.2586637 0.9201365 1.0110862 1.0474288 0.8100782 0.9468916 0.9926283 1.0377071 0.9805012 0.9973040 0.9848305 1.0521770 1.0521770 1.0415926 1.0636447 1.0415926 1.0636447 1.1142511 0.9941816 1.0167022 1.0826910 1.1035273 1.0192373 1.0127454 1.9988485 1.1791896 1.2811204 1.2382933 1.2432780 1.3480295 1.3335866 1.2983593 1.1331456 1.7661109 1.4382463 1.1942357 1.0476039 1.3589825 1.5550258 1.5461534 1.6398520 1.7255694 1.4833211 1.7352438 1.7280448 1.4046673 1.2757466 1.5293083 1.9346550 1.6560190 1.1972943 1.4912345 1.7244769 1.7733572 1.7298925 1.7276599 2.1056826 
Spur_XM_778649.5                                                  1.1539940 1.4165727 1.2659215 1.4817697 1.4142170 1.3760836 1.3463836 1.5349522 1.0717552 0.9514193 0.6066445 0.6173194 0.5786119 0.6838961 0.8186184 0.8186184 0.5500226 0.6816427 0.6892768 0.0000000 0.7484677 0.9229381 0.7342935 0.9234485 1.1535208 1.1509033 1.0122329 1.0719543 0.9927465 1.1518763 0.7922682 0.8428915 0.8985511 0.8334672 0.8062871 0.8320935 1.1385455 0.7949422 0.8226101 0.9322138 0.7894573 0.9809877 1.0021620 1.0269785 0.9607939 0.9814933 0.9930973 1.0355750 1.0355750 1.0249812 0.9728248 1.0249812 0.9728248 1.0740895 1.0705322 1.0005733 1.1155625 1.0963048 0.9642710 0.9987331 2.0054710 1.2801059 1.3927765 1.2879570 1.2932693 1.3729816 1.3582077 1.2958965 1.1102735 1.6106366 1.3282945 1.2427290 1.0485907 1.2411319 1.6421981 1.4156919 1.5970034 1.6677465 1.2650846 1.7943970 1.7999947 1.2575266 1.2375941 1.5995900 2.1001978 1.3623765 1.3025619 1.6882848 1.6448460 1.7155297 1.5732160 1.5550263 2.2285843 
Hsap_ENST00000215071                                              1.0745293 1.5006129 1.3001722 1.3855862 1.4147863 1.2594866 1.3044035 1.5058017 1.0487077 0.9605969 0.6236654 0.5975652 0.5394685 0.6665478 0.9949320 0.9949320 0.5661426 0.5826391 0.7526908 0.7484677 0.0000000 0.9158473 0.6675688 0.8752652 0.9686821 0.9266723 0.7380332 0.9754216 0.9572013 1.1428196 0.8312135 0.8522491 0.9385049 0.8864915 0.8612665 0.8031679 1.2281138 0.9040027 1.0921252 1.1162652 0.7891710 0.7927459 0.8979378 0.8647371 0.8147861 0.9053420 0.8160767 0.8919056 0.8919056 0.9066664 0.8877539 0.9066664 0.8877539 0.9823661 0.8971606 0.8953510 1.0171044 1.0259245 0.9031311 0.9035201 1.9543856 1.1013018 1.3156243 1.1888529 1.1922537 1.2369376 1.2234323 1.2496447 1.1442971 1.7111793 1.3991877 1.1013768 1.1146369 1.4499283 1.4168838 1.4469505 1.5952794 1.6803603 1.5477321 1.7051091 1.8285112 1.4939016 1.2018638 1.3902699 1.9202692 1.4739506 1.2107752 1.7153615 1.6264471 1.9296627 1.6278671 1.6123489 2.1093391 
Cscu_XM_023388351.1                                               1.3524245 1.6156919 1.3585622 1.6464324 1.6215737 1.4747667 1.4093437 1.4244684 0.9441009 0.9618241 0.6774526 0.6385958 0.5812794 0.7139639 1.0474376 1.0474376 0.7678831 0.8095999 0.8175965 0.9229381 0.9158473 0.0000000 0.0000010 1.0269551 1.1731401 1.1355981 1.0172865 1.1064643 1.0769859 1.2381961 1.0502280 1.0416940 1.1695913 1.0884473 1.0295749 1.0278241 1.4747471 0.9140022 1.0931383 1.1208621 0.8391378 1.0736586 1.1445758 1.1778444 1.1419720 1.1145266 1.0865167 1.2271038 1.2271038 1.2138578 1.2320265 1.2138578 1.2320265 1.2178502 1.1944127 1.1966352 1.2123109 1.2107458 1.0958386 1.1547506 1.9081329 1.0775596 1.2076971 1.1911825 1.1946767 1.2421060 1.2432255 1.3351241 1.1697491 1.7065990 1.4331400 1.1265748 1.1240626 1.5553242 1.5447305 1.3952585 1.6454997 1.5555395 1.6679989 1.7347100 1.8119432 1.4560561 1.3237138 1.6236882 1.8735526 1.7401391 1.3550549 1.4942143 1.6304557 2.0012953 1.9900480 2.0571361 2.4847557 
Cscu_XM_023388338.1                                               1.1752979 1.2890419 1.2096470 1.2085147 1.2555559 1.1463695 1.0337545 1.2360443 0.9451901 0.4787502 0.5095689 0.4343008 0.3576763 0.5504900 0.9480476 0.9480476 0.5889368 0.6619787 0.6610270 0.7342935 0.6675688 0.0000010 0.0000000 0.9059811 1.0842347 1.0294898 0.9724172 0.9867250 0.9120069 1.1026168 0.9114756 0.8800019 1.0593539 0.9404883 0.9242203 0.9259585 1.5070686 0.7581149 0.9771454 1.0190915 0.7596982 1.0771990 1.0771990 1.0761834 1.0761834 1.0602684 1.0602684 1.1445025 1.1445025 1.1445025 1.2320265 1.1445025 1.2320265 1.1484380 1.0988638 1.1386725 1.1025573 1.1006621 0.9858614 1.0287254 1.9081329 0.9752096 0.9449991 1.0006158 1.0006158 1.0317904 1.0317904 1.0019355 1.0029675 1.4927957 1.1697945 0.8634177 0.8662379 1.0672883 1.1760949 1.2697185 1.3773487 1.3541369 1.3698153 1.4201189 1.5888899 1.1467298 1.1194745 1.2592800 1.8237915 1.7401391 0.9633887 1.0732072 1.3036906 1.7442817 1.7586312 1.7302500 2.0268889 
Morvir_scaffold105.g45.t1                                         1.2503181 1.3560750 1.3439310 1.6358192 1.5091099 1.2978246 1.5804187 1.3038549 1.1558442 1.0050928 0.7561685 0.6677171 0.6106105 0.7401359 0.9824969 0.9824969 0.8300731 0.7985573 0.9332570 0.9234485 0.8752652 1.0269551 0.9059811 0.0000000 0.4319717 0.4059998 0.4229624 0.3912861 0.5025574 0.6999224 0.5865031 0.5775406 0.5717606 0.5789959 0.5441024 0.5520273 0.8390832 0.6146643 0.6623354 0.6692490 0.9050369 0.7959165 0.9031279 0.8906502 0.8437370 0.8736740 0.7576544 0.9304574 0.9304574 0.9353881 0.8806401 0.9353881 0.8806401 0.9098698 0.9139829 0.8275625 1.0565228 1.0622697 0.8952471 0.8589022 1.3381250 1.1562241 1.2734482 1.1828869 1.1862769 1.2246693 1.2317036 1.2377453 1.1445307 1.3142864 1.4078403 1.3145122 1.2215005 1.3534802 1.3833822 1.2906080 1.5549972 1.5236422 1.5065120 1.6886272 1.8832272 1.4415340 1.1867769 1.4588095 1.8943062 1.4508868 1.5156044 1.5039241 1.7596583 1.9598903 2.0656117 1.7462109 2.1146126 
Nemnom_g9002.t1                                                   1.3681781 1.6102122 1.6100378 1.7893149 1.7247963 1.5066342 1.8333925 1.4491300 1.3248423 1.0256046 0.9475749 0.7762034 0.7206787 0.9022628 1.1163686 1.1163686 0.9465883 0.9248911 0.9874975 1.1535208 0.9686821 1.1731401 1.0842347 0.4319717 0.0000000 0.1054288 0.1954692 0.2699835 0.5312123 0.7458556 0.7072698 0.6888130 0.7125762 0.7069797 0.6299389 0.6580189 0.9520044 0.7402701 0.8182150 0.8265323 1.1105395 0.9100840 1.0634729 1.0101564 0.9588436 0.9969298 0.8406131 1.0439071 1.0439071 1.0549893 0.9862601 1.0549893 0.9862601 1.0667551 0.9664339 1.0096949 1.2577489 1.2561408 1.0537825 1.0334630 1.4350624 1.1924575 1.2991046 1.1477068 1.1522204 1.2737403 1.2749017 1.2424045 1.1545074 1.4841185 1.4295104 1.2820859 1.3236924 1.3961802 1.5264273 1.3378340 1.5329957 1.4826264 1.5252643 1.5886536 1.8535064 1.8501550 1.2882557 1.4794378 2.0797704 1.5811113 1.6044883 1.5813974 1.8705319 2.0687949 2.0999764 1.8861059 2.2312827 
Rhoesc_Res_002039-T1                                              1.2717840 1.5321909 1.5187496 1.8209826 1.7057986 1.4974338 1.7718676 1.3597323 1.2928288 1.0497373 0.8682744 0.7309750 0.6734405 0.8916899 1.1010674 1.1010674 0.9321733 0.9179047 1.0057181 1.1509033 0.9266723 1.1355981 1.0294898 0.4059998 0.1054288 0.0000000 0.1623115 0.2299164 0.4939678 0.7470092 0.6967600 0.6688887 0.7199031 0.7105379 0.6546352 0.6790915 0.9663099 0.7513133 0.8146535 0.8333742 1.0774902 0.8531874 0.9971183 0.9784118 0.9266741 0.9536449 0.8139918 1.0087024 1.0087024 1.0195525 0.9336351 1.0195525 0.9336351 1.0164452 0.9528381 0.9832751 1.1348819 1.1335383 0.9971469 0.9766405 1.3676214 1.2075773 1.3326767 1.1638988 1.1685247 1.2965645 1.2997812 1.2595442 1.1442558 1.3327106 1.3549840 1.2643813 1.2262487 1.4339591 1.5218720 1.3024292 1.5606781 1.6059154 1.4967269 1.6612995 1.8077179 1.8483251 1.3452761 1.4792422 2.0675680 1.7721282 1.5327582 1.5953485 1.8469695 2.0351735 2.0584671 1.8115794 2.1318528 
Aaur_scaffold635.g4.t1                                            1.1003057 1.3351990 1.3830868 1.3631180 1.3265085 1.2328624 1.3667792 1.2373117 1.1570358 0.7639411 0.7856931 0.6403650 0.5732492 0.7451385 1.0924563 1.0924563 0.7296333 0.7514238 0.9000625 1.0122329 0.7380332 1.0172865 0.9724172 0.4229624 0.1954692 0.1623115 0.0000000 0.2366802 0.4336521 0.7045574 0.6156556 0.6139074 0.6453006 0.6149781 0.5572132 0.5852113 0.9191851 0.6905786 0.7408965 0.7787821 0.9342386 0.7962646 0.7962646 0.8721240 0.8721240 0.8607292 0.8572825 0.8642486 0.8642486 0.8642486 0.9255345 0.8642486 0.9255345 0.8363053 0.8091261 0.7866513 0.9944945 1.0058121 0.8091658 0.7389517 1.3573226 1.1357843 1.1101235 1.0279733 1.0327684 1.0863419 1.0863419 1.0921644 0.9122476 1.2259793 1.1898987 0.9944120 1.0079939 1.1105903 1.1579403 0.9963235 1.2930648 1.3173918 1.4306264 1.5923489 1.6795404 1.5432988 1.1575395 1.2368166 1.9053642 1.5673717 1.1948186 1.2543820 1.6286581 1.8119512 1.9329615 1.6084843 1.8795040 
Sanmal_Sma_027308-T1                                              1.2201457 1.4093352 1.5290120 1.6578153 1.5609191 1.4511415 1.7605509 1.3648867 1.1578843 0.9202581 0.8622183 0.7313492 0.6780198 0.8662517 1.0424564 1.0424564 0.9269902 0.9174914 1.0304890 1.0719543 0.9754216 1.1064643 0.9867250 0.3912861 0.2699835 0.2299164 0.2366802 0.0000000 0.5000374 0.7082671 0.6947533 0.6805335 0.6889682 0.6841530 0.6444853 0.6440808 0.9109905 0.7215237 0.7538052 0.7722165 1.0601036 0.8692684 0.9818347 0.9376848 0.8956028 0.9457783 0.8265792 0.9988986 0.9988986 1.0098825 1.0396169 1.0098825 1.0396169 0.9795219 0.9619182 0.9079780 1.1428348 1.1466727 0.9486000 0.9450679 1.3486884 1.2508713 1.3671986 1.2183443 1.2219754 1.3281533 1.3280567 1.3230579 1.1389240 1.3398481 1.4127793 1.2365887 1.2924855 1.4172681 1.4656381 1.3814707 1.5289804 1.6084950 1.5246460 1.6915134 1.7676931 1.7339786 1.3045032 1.4550459 2.0149547 1.6357525 1.6284475 1.6187547 1.8614067 2.0372906 1.9183861 1.7339838 2.1094005 
Chem_TCONS_00054348                                               1.2182584 1.5054423 1.4300195 1.6022939 1.5484020 1.3034392 1.6552995 1.3664105 1.3201149 0.8722823 0.8583856 0.6833278 0.6538101 0.8292651 1.0297243 1.0297243 0.8629929 0.8350138 0.9158038 0.9927465 0.9572013 1.0769859 0.9120069 0.5025574 0.5312123 0.4939678 0.4336521 0.5000374 0.0000000 0.4857314 0.6937043 0.6931508 0.7568685 0.7191229 0.6558163 0.6882999 1.0550092 0.7880537 0.7258372 0.7639227 1.0571029 1.0353460 1.0924650 1.0163335 0.9866743 1.0320091 0.9490702 1.0193493 1.0193493 1.0089638 1.0199744 1.0089638 1.0199744 1.0244433 0.8843972 0.9435138 1.1811333 1.1796531 0.9562419 0.9476748 1.4769235 1.0971306 1.3099272 1.1948348 1.1983473 1.2848473 1.2837992 1.3727235 1.1556676 1.4052277 1.2881910 1.1310715 1.1815231 1.2528186 1.4129877 1.2360876 1.4188196 1.4906811 1.3821606 1.6555993 1.7824054 1.7076917 1.2884582 1.5376551 2.0433187 1.6486334 1.6261380 1.5783954 1.7882684 1.9454461 2.1618204 1.8100520 2.0689787 
Hvul_g14851_1                                                     1.4708019 1.8022783 1.5549255 1.7795979 1.6917041 1.6641922 1.7895338 1.6015315 1.3442270 1.0578986 1.0815545 0.8222408 0.7527326 1.0067455 1.1819545 1.1819545 0.9771382 0.9896948 1.1366698 1.1518763 1.1428196 1.2381961 1.1026168 0.6999224 0.7458556 0.7470092 0.7045574 0.7082671 0.4857314 0.0000000 0.8556838 0.8779550 0.9254583 0.8645074 0.8511564 0.8272942 1.2813120 0.9172409 0.9087885 0.9013475 1.2472272 1.1178506 1.1998662 1.1986531 1.1433105 1.1803849 1.0989452 1.1916231 1.1916231 1.1788712 1.2726100 1.1788712 1.2726100 1.1762641 1.0403856 1.1439194 1.4002219 1.4166346 1.1824970 1.0779947 3.1040616 1.3119023 1.4714628 1.3924555 1.3856850 1.4194987 1.4040684 1.5771550 1.3437395 1.7818489 1.5519191 1.3529095 1.2959404 1.3847207 1.5721804 1.5162710 1.7467411 1.7877723 1.5591287 1.9222665 1.9544944 1.7705472 1.5284345 1.6403362 2.3543121 2.2944289 1.9130456 1.9579039 2.0156742 2.1352300 2.4809636 2.1806840 2.4494033 
Spis_XP_022787150_1                                               1.3045911 1.4504069 1.3354662 1.5551089 1.5192717 1.4817824 1.6331482 1.3420386 1.0840816 1.0179916 0.7419739 0.6284700 0.5685260 0.7568973 0.9646676 0.9646676 0.7659652 0.7068203 0.8566957 0.7922682 0.8312135 1.0502280 0.9114756 0.5865031 0.7072698 0.6967600 0.6156556 0.6947533 0.6937043 0.8556838 0.0000000 0.0566440 0.0857848 0.1233656 0.0919795 0.1191518 0.2909917 0.3395518 0.5123708 0.5835095 0.9012244 0.8787631 0.9647789 1.0361472 0.9752930 0.9926195 0.9496558 1.0037489 1.0037489 1.0085652 0.9975809 1.0085652 0.9975809 0.9829271 0.9457283 0.8757072 1.0720572 1.0928999 0.8815261 0.9399429 1.0756615 1.0942759 1.2722149 1.2493431 1.2544160 1.2122879 1.1988960 1.2711297 1.1673857 1.5682764 1.3307696 1.1487747 0.9741451 1.2816417 1.4082396 1.3468744 1.4377870 1.5811557 1.2635283 1.7317633 1.8662469 1.5230910 1.0777024 1.3120207 1.7300912 1.2240820 1.4733060 1.7650695 1.6099167 1.8572529 1.7132797 1.5515660 2.0142353 
Pocdam_XM_027182964.1                                             1.3061764 1.4061143 1.3296261 1.6353319 1.5883226 1.4735320 1.6392012 1.3595406 1.1231912 1.0602423 0.7381647 0.6326569 0.5730469 0.7907793 0.9997557 0.9997557 0.7677043 0.7260260 0.8574778 0.8428915 0.8522491 1.0416940 0.8800019 0.5775406 0.6888130 0.6688887 0.6139074 0.6805335 0.6931508 0.8779550 0.0566440 0.0000000 0.1034941 0.1509728 0.0995688 0.1257474 0.3337315 0.3433237 0.5574599 0.6316281 0.9219612 0.9062593 0.9899419 1.0743153 1.0144850 1.0343349 0.9977517 1.0430592 1.0430592 1.0479951 1.0498835 1.0479951 1.0498835 1.0258151 0.9570189 0.9273485 1.0789854 1.0999059 0.8768720 0.9853746 1.0473369 1.1017533 1.2720188 1.2461591 1.2582493 1.2254885 1.2120458 1.2934341 1.1366763 1.6194069 1.4484602 1.1876956 1.0333546 1.2963159 1.4287979 1.4110306 1.4910219 1.6965816 1.3007024 1.7302995 1.8381682 1.5031981 1.1430991 1.3307903 1.7611156 1.4182122 1.4875386 1.8051824 1.5918495 1.8572070 1.7435122 1.5822794 2.0920551 
Gasp_gasp1.m3.10634.m1                                            1.3521723 1.4440835 1.3316144 1.6434620 1.6177891 1.5830158 1.7041350 1.4704692 1.1339186 1.0153943 0.8060691 0.7077729 0.6353606 0.8314565 1.1157110 1.1157110 0.8238427 0.7572651 0.8817893 0.8985511 0.9385049 1.1695913 1.0593539 0.5717606 0.7125762 0.7199031 0.6453006 0.6889682 0.7568685 0.9254583 0.0857848 0.1034941 0.0000000 0.1112125 0.0790124 0.0489602 0.2961892 0.3391581 0.4850492 0.5843679 0.9728265 0.9075426 1.0059669 1.0350870 0.9677429 1.0001422 0.9462104 1.0591532 1.0591532 1.0646195 1.0826269 1.0646195 1.0826269 1.0508168 0.9863022 0.9361238 1.1047984 1.1192702 0.9231621 1.0009741 0.8374978 1.0910605 1.2769714 1.2377235 1.2431997 1.2430540 1.2281593 1.3560569 1.1951643 1.6185645 1.4943756 1.2743495 1.1491573 1.4637640 1.5689619 1.3615370 1.5007910 1.7027837 1.3290335 1.8060098 1.9433861 1.5075477 1.1739063 1.3006743 1.9558481 1.3589051 1.7813176 1.9307858 1.7323222 1.9958283 1.8417013 1.7748992 2.2281258 
Adig_XM_015899734.1                                               1.3719936 1.5021146 1.2987056 1.5946231 1.5733598 1.5700715 1.6194884 1.4589048 1.1500197 1.1004757 0.7488256 0.6812235 0.6242600 0.7803249 0.9914356 0.9914356 0.7936555 0.7072074 0.8953196 0.8334672 0.8864915 1.0884473 0.9404883 0.5789959 0.7069797 0.7105379 0.6149781 0.6841530 0.7191229 0.8645074 0.1233656 0.1509728 0.1112125 0.0000000 0.0823240 0.1081008 0.1425104 0.3317215 0.5060021 0.5615851 0.9340254 0.9323595 1.0338571 0.9831349 0.9218111 0.9482164 0.8751013 0.9832225 0.9832225 0.9879939 0.9369994 0.9879939 0.9369994 0.9736860 0.9386952 0.9117899 1.1239075 1.1308570 0.9224927 0.9405423 0.9370311 1.0772262 1.2680860 1.2254763 1.2145060 1.1712875 1.1584063 1.2960680 1.2012961 1.5872657 1.3755917 1.1694439 0.9772756 1.2983474 1.4590591 1.3942301 1.4883238 1.6382917 1.3250576 1.7582591 1.9146034 1.5162172 1.1464945 1.3323742 1.6949194 1.3289390 1.5881802 1.8018235 1.6709411 2.0410137 1.8280106 1.6763767 2.1544941 
Gfas_gfas1.m1.4126.m1                                             1.3414079 1.4809921 1.3586303 1.5240931 1.5382600 1.4300751 1.5530185 1.3692877 1.1230151 1.0472766 0.7198085 0.5947486 0.5694940 0.7767495 0.9330816 0.9330816 0.7312384 0.6932294 0.8256018 0.8062871 0.8612665 1.0295749 0.9242203 0.5441024 0.6299389 0.6546352 0.5572132 0.6444853 0.6558163 0.8511564 0.0919795 0.0995688 0.0790124 0.0823240 0.0000000 0.0749571 0.2341321 0.3003652 0.4970725 0.5628772 0.8735518 0.8539314 0.9444136 0.9021697 0.8384096 0.8920620 0.8328298 0.9609989 0.9609989 0.9657925 0.9402694 0.9657925 0.9402694 0.9101614 0.8804924 0.8322301 1.0066497 1.0066497 0.8381493 0.9054120 0.7335530 1.0757657 1.2358801 1.2002310 1.2037547 1.1684381 1.1552872 1.2384959 1.1259788 1.4943919 1.3592043 1.1650092 0.9620476 1.3013485 1.4532158 1.4219116 1.4164859 1.6279045 1.2700638 1.6681562 1.8316580 1.5264052 1.1183422 1.2584986 1.6583456 1.4083981 1.5145082 1.6747005 1.6580437 1.8887095 1.6751712 1.5908024 2.1081258 
Fspp_ffun1.m4.28563.m1                                            1.3190996 1.3474020 1.3486532 1.5723744 1.6494018 1.5852190 1.5699212 1.4462179 1.1578272 1.1205450 0.7241577 0.6305735 0.5601603 0.7498723 1.0373297 1.0373297 0.7076585 0.7169973 0.7525161 0.8320935 0.8031679 1.0278241 0.9259585 0.5520273 0.6580189 0.6790915 0.5852113 0.6440808 0.6882999 0.8272942 0.1191518 0.1257474 0.0489602 0.1081008 0.0749571 0.0000000 0.2853168 0.2962347 0.4744340 0.5734395 0.9908421 0.8806436 0.9893549 0.9788112 0.9093474 0.9413458 0.8778950 0.9714380 0.9714380 0.9767529 1.0001399 0.9767529 1.0001399 0.9686768 0.8771003 0.8815323 1.0751689 1.0893916 0.8902274 0.9055917 0.8586842 0.9092914 1.0862630 1.0707280 1.0707280 1.0286506 1.0155121 1.0813473 1.0884977 1.4146714 1.2622483 1.0999038 0.9916595 1.2169015 1.3739099 1.4432767 1.4961023 1.6346299 1.4108693 1.8210222 1.8695428 1.3691459 1.1343618 1.3512681 1.8213461 1.3553174 1.3819808 1.6371256 1.6088641 2.1110374 1.8190761 1.7633509 2.0991323 
Amil_Amillepora15369-RA                                           1.7656376 1.9786671 1.7104723 2.2312911 2.1862358 2.1812023 2.1477900 2.0437154 1.5694253 1.0332527 1.0371669 0.9984120 0.9293932 1.0937709 1.1111273 1.1111273 1.0767389 0.9645867 1.2586637 1.1385455 1.2281138 1.4747471 1.5070686 0.8390832 0.9520044 0.9663099 0.9191851 0.9109905 1.0550092 1.2813120 0.2909917 0.3337315 0.2961892 0.1425104 0.2341321 0.2853168 0.0000000 0.5405888 0.6998184 0.7476498 1.3261220 1.3409420 1.4028124 1.3662102 1.3126373 1.3106765 1.2945274 1.3352873 1.3352873 1.3412709 1.5408104 1.3412709 1.5408104 1.3744066 1.2826587 1.2587559 1.5507601 1.5617905 1.2764733 1.2972052 0.9370311 1.5122935 1.7024093 1.6338310 1.6396010 1.6132801 1.5955467 1.7440990 1.3420714 1.8924049 1.7123954 1.5842888 1.4614639 1.7172865 1.7897036 1.7520206 1.8272858 1.9936944 1.8574736 2.2539577 2.2871343 2.0554087 1.5081479 1.2842143 1.6321335 1.8465664 2.1138492 2.4285331 2.1625732 2.7451785 2.3518362 2.1412035 2.6058926 
Exapal_XM_021053756.2                                             1.4031877 1.4109678 1.2946112 1.6114117 1.5870036 1.5053052 1.5401229 1.4681908 1.0189002 1.0494969 0.7065051 0.5997104 0.5541055 0.7229790 0.9103618 0.9103618 0.7581679 0.7653427 0.9201365 0.7949422 0.9040027 0.9140022 0.7581149 0.6146643 0.7402701 0.7513133 0.6905786 0.7215237 0.7880537 0.9172409 0.3395518 0.3433237 0.3391581 0.3317215 0.3003652 0.2962347 0.5405888 0.0000000 0.5338320 0.5941787 1.0435919 0.8937515 0.9301088 0.9715336 0.9095142 0.9346719 0.9192850 0.9256900 0.9256900 0.9166018 0.8751314 0.9166018 0.8751314 0.9328969 0.8556131 0.8266037 1.0405616 1.0608390 0.8883698 0.8530257 0.7419988 1.1139960 1.2463004 1.2171497 1.2206568 1.1999186 1.1868869 1.2728366 1.1713926 1.6135294 1.4555540 1.2214865 1.1777308 1.4193010 1.3976413 1.2894138 1.5003938 1.5753114 1.4711072 1.8366083 1.8470809 1.4735755 1.2319753 1.4357402 1.8300458 1.6153066 1.5350299 1.7784384 1.6184873 1.9209329 1.9090005 1.8631837 2.1873282 
Dgig_XM_028553916.1                                               1.3814656 1.4714168 1.4547535 1.5550953 1.5856075 1.7206472 1.7187568 1.5791308 1.2425043 1.0145688 0.7991011 0.7050151 0.6570043 0.8515120 1.0336342 1.0336342 0.8189478 0.8360865 1.0110862 0.8226101 1.0921252 1.0931383 0.9771454 0.6623354 0.8182150 0.8146535 0.7408965 0.7538052 0.7258372 0.9087885 0.5123708 0.5574599 0.4850492 0.5060021 0.4970725 0.4744340 0.6998184 0.5338320 0.0000000 0.1488373 0.9512563 1.0096128 1.0868438 1.0620635 1.0125123 1.0662511 1.0592788 1.1134507 1.1134507 1.1251762 1.1316568 1.1251762 1.1316568 1.1027267 1.0048045 1.0466649 1.1211193 1.1197791 1.0497899 1.0107041 0.8465408 0.9825984 1.1091141 1.0083786 1.0120683 1.0865647 1.0745236 1.1149639 1.2743641 1.5138367 1.3174886 1.1438903 1.0168685 1.3577306 1.4998042 1.3651419 1.5442074 1.6490939 1.4034153 1.7160136 1.7649419 1.6596678 1.3595564 1.5154804 2.0977749 1.5810211 1.5693628 1.8317344 1.6135772 2.0493531 2.0239331 1.8394730 2.0141582 
Xesp_012311-T1                                                    1.4576904 1.4771131 1.4444156 1.5904645 1.6452862 1.7132251 1.7605293 1.6400365 1.3114083 1.0276925 0.8873112 0.8005345 0.7432803 0.9287772 1.0397132 1.0397132 0.8981234 0.8757354 1.0474288 0.9322138 1.1162652 1.1208621 1.0190915 0.6692490 0.8265323 0.8333742 0.7787821 0.7722165 0.7639227 0.9013475 0.5835095 0.6316281 0.5843679 0.5615851 0.5628772 0.5734395 0.7476498 0.5941787 0.1488373 0.0000000 1.0057395 0.9831975 1.0814164 1.0654121 1.0003004 1.0616346 1.0564585 1.1110688 1.1110688 1.1227126 1.1641416 1.1227126 1.1641416 1.1626104 1.0874899 1.0319116 1.1620807 1.1606628 1.0445309 1.0499280 1.0243609 1.0947665 1.2087867 1.1227298 1.1270588 1.2102839 1.1971030 1.2490666 1.3134593 1.5652659 1.3524515 1.2795568 1.0687692 1.3504029 1.6356091 1.4955035 1.6243208 1.7268948 1.4333336 1.8569209 1.9976376 1.7140036 1.4112427 1.4800015 1.9719171 1.7894449 1.5194876 1.9327523 1.6867447 2.1017323 2.0878035 1.8888609 2.1389447 
