90
Emue_Em0020g973a.t1                                0.0000000 0.1113635 0.7396252 0.7270791 0.7061825 0.7233790 0.6649937 0.6308122 0.7694883 0.7841355 0.8940285 0.7747168 0.8200020 0.9149347 0.8176382 0.8851367 0.9562660 0.8186715 0.8038084 0.8309070 0.8339882 0.7563430 0.7656335 0.7623438 0.7491905 0.7467041 0.8203180 0.8164504 0.8385808 0.9637499 0.9092620 0.8197429 0.9857127 1.0513437 0.9152627 1.0908260 1.1608880 1.2132837 1.8307396 1.0365739 1.0306524 0.9540463 1.1641460 0.9468341 1.1685476 1.1903119 1.0910170 1.1252791 1.1252791 1.1320138 1.1749792 1.0738665 1.0738665 1.0897561 1.0897561 1.1328096 1.4815293 1.0413155 0.9497304 0.9497304 0.9993336 1.0051544 1.0397295 4.0557741 1.0792435 1.2993159 1.7815288 1.7815288 1.3607387 1.2584300 1.3184110 1.1036566 1.1142523 1.1142523 1.1088359 1.1778354 1.0465996 1.0790778 1.0221392 1.7205136 1.4118677 1.4101218 1.3948710 1.5385386 0.9031430 0.6240486 1.3128120 1.1358288 2.6552582 0.0000010 
Spolac_c96586_g1_i1_m.13363c96586-g1               0.1113635 0.0000000 0.7326878 0.7992196 0.6679814 0.8140132 0.7443798 0.7725053 0.8425554 0.8782984 0.9770908 0.9484819 1.0264069 1.0195597 0.8623585 0.9768945 1.1506306 0.9431966 0.9368710 0.9034233 1.0942678 0.8064938 0.7057654 0.8613960 0.8852786 0.8532228 0.9856823 0.8171327 0.8469569 1.1459012 1.0449086 1.1742415 1.1670384 1.2806198 0.9979419 1.0497185 1.3203160 1.4116826 1.8819795 1.1233756 1.1157092 1.1281346 1.2718515 1.0327490 1.1212571 1.0904225 1.2954282 1.2236168 1.2236168 1.1834575 1.3055199 1.1530129 1.2779298 1.3677324 1.3819974 1.3400005 1.8963817 1.4138363 1.1715483 1.1715483 1.2291948 1.2469791 1.2726343 3.2635146 1.0540220 1.4253451 1.8732100 2.1232031 1.3150042 1.3704934 1.4165812 1.0474244 1.0390698 1.0390698 1.0854701 1.1701340 1.2158234 1.3239734 1.3637579 2.0637626 1.5382269 1.5491426 1.4181553 1.6878795 0.8703840 0.5917197 1.2348270 1.1822626 1.8376643 2.3560473 
Opea_EP00118_Oscarella_pearsei_P006136             0.7396252 0.7326878 0.0000000 0.0455038 0.4731404 0.8941039 0.9109887 0.8242506 0.7693069 0.6990558 1.0156891 0.9345292 0.9339445 0.9165926 0.7367442 0.8684878 1.0023479 0.8242335 0.8625117 0.8925054 1.1224834 0.7826414 0.7272222 0.9523133 0.9867575 0.8247116 0.9857081 0.7824694 0.6841140 1.2346176 0.9681449 1.2155652 1.1498408 1.2049705 0.8811488 0.8593962 1.1732095 1.2727605 1.6969898 0.9106575 0.8924406 1.0642673 1.1519954 1.0034649 1.1051156 1.1014066 1.2238791 1.1354927 1.1354927 0.9703944 1.1398411 1.0148440 1.2971073 1.3708012 1.3708012 1.2972816 1.8430135 1.3897918 1.1368954 1.1368954 1.2182917 1.2259602 1.0995627 3.1493324 0.9157936 1.3704213 1.5500663 1.8792009 1.1530273 1.4522154 1.3442095 0.9964826 0.9674172 0.9674172 1.0070939 1.0298555 1.0927722 1.0956551 1.1527219 1.7404910 1.4124673 1.4026821 1.4167206 1.7051266 1.2380884 0.9383745 1.4817077 1.4466068 1.7362460 3.0896156 
Ocar_g1640                                         0.7270791 0.7992196 0.0455038 0.0000000 0.5451316 0.9405895 0.9664244 0.8653077 0.8342910 0.7528931 1.0133036 0.9598279 0.9553259 0.9608689 0.8224272 0.8082233 0.9700668 0.7664830 0.8720514 1.0014610 1.0691072 0.7990456 0.8886501 0.9734301 1.0021140 0.8432115 1.0579963 0.8638679 0.7927949 1.1085621 0.9800068 1.1029245 1.1778916 1.2291505 0.9390861 0.9836134 1.1677160 1.2657727 1.5549328 1.0565773 0.9997558 1.1154388 1.1810440 1.0238598 1.1718861 1.1726996 1.2559140 1.2806393 1.2806393 1.1301381 1.1398411 1.1670348 1.3230348 1.3621822 1.3621822 1.2981549 1.5380943 1.3530127 1.1586310 1.1586310 1.2368823 1.2354457 1.0930753 3.4027916 0.9564986 1.3355714 1.5753914 1.9068919 1.2439068 1.4833021 1.2289366 1.0753270 1.0470139 1.0470139 1.1236069 1.0919342 1.2165611 1.1992975 1.2663375 1.8460290 1.4084901 1.3647072 1.4699222 1.5047225 1.1178737 0.8873282 1.2782064 1.2455654 1.7677341 2.4061386 
Plajan_Pjan_scaffold18474_01                       0.7061825 0.6679814 0.4731404 0.5451316 0.0000000 0.9187342 0.8668363 0.7981300 0.7650255 0.7741811 0.8097607 0.7726412 0.8555031 0.8629081 0.6208162 0.6689417 0.9303678 0.7705131 0.7771209 0.7544365 0.9733995 0.6853697 0.6385056 0.7521252 0.7631724 0.7125054 0.8981347 0.7948400 0.7264790 1.0402182 0.8712643 1.0326614 0.9541931 0.9779535 0.8497428 0.9167803 1.0145463 1.0906882 1.4064617 0.8910395 0.9631496 1.0110481 1.1076502 0.9427249 1.0064584 1.0285391 1.1561047 1.0724896 1.0724896 0.9175185 1.0177925 0.9285844 1.0576475 1.1211609 1.1336795 1.1272126 1.4218655 1.2065345 0.9309203 0.9309203 1.0055108 1.0191400 1.0677408 3.1044914 0.9412524 1.2966266 1.3966556 1.7502152 1.1871684 1.1902458 1.2777445 1.0953411 1.0802375 1.0802375 1.1117494 1.1803653 1.0469893 1.1542232 1.2420714 1.7880221 1.3387633 1.4386731 1.1981105 1.4359731 1.0727219 0.7480865 1.2015401 1.1308080 1.5877658 2.1739986 
Aque_Aqu2.1.23958_001                              0.7233790 0.8140132 0.8941039 0.9405895 0.9187342 0.0000000 0.2582204 0.4507486 1.0590951 0.9919313 1.0432254 1.0439300 1.0172841 1.1391869 1.0781336 1.2038263 1.4489318 1.1344948 1.2439676 1.0709678 1.2713734 0.9927251 1.0482977 1.1716293 1.1978675 1.0483800 1.2084176 0.9558881 1.0112438 1.5198207 1.2176895 1.3857390 1.3225285 1.4649676 1.2057282 1.2138690 1.4158000 1.5124895 2.0072920 1.1321443 1.1636907 1.3667331 1.3746851 1.3109436 1.4001550 1.2930936 1.4346003 1.1937577 1.1937577 1.1308461 1.2261134 1.1829746 1.3569104 1.3800083 1.3945229 1.3923633 2.0673506 1.4544548 1.3580430 1.3580430 1.2575214 1.2804045 1.3573849 3.6233134 1.1176856 1.4702331 1.8204667 1.8455660 1.3666163 1.5494202 1.6041356 1.3605455 1.3245190 1.3245190 1.3433681 1.3456473 1.3294744 1.5257893 1.5068550 1.9780437 1.5899948 1.6156919 1.6895301 1.9776235 0.9793366 0.8401913 1.4175969 1.3475929 1.9687426 3.1914883 
Halamb_c48360_g1_i1mm.2624                         0.6649937 0.7443798 0.9109887 0.9664244 0.8668363 0.2582204 0.0000000 0.3273077 1.0660635 1.0655213 1.0064314 1.0892696 1.1562870 1.1635906 1.0502806 1.1796754 1.3887706 1.1041133 1.1882217 1.0798325 1.3374959 0.9287423 0.9778843 1.1848566 1.1934843 1.1028566 1.2172138 0.9714486 0.9812491 1.5258857 1.2285145 1.2994809 1.2171605 1.3796812 1.1051551 1.0363921 1.2698174 1.4497843 1.9550594 1.1057389 1.0435256 1.2351238 1.3329839 1.1926333 1.3405042 1.2794472 1.3053895 1.1984141 1.1984141 1.1415366 1.1885551 1.1235619 1.2958887 1.3899364 1.3899364 1.3745287 1.9798952 1.3922187 1.2947358 1.2947358 1.2859684 1.2272044 1.2760532 3.8164775 1.0310036 1.3040227 1.7076370 1.6956864 1.4233716 1.5929422 1.5170299 1.2780987 1.2839014 1.2839014 1.3994104 1.3190870 1.3223939 1.3942997 1.4122834 2.0038821 1.5424391 1.5578834 1.6872433 1.9866773 1.0718926 0.9151036 1.4940155 1.4026565 2.0899969 3.6485574 
Xestes_maker-XT_scaffold4350-snap-gene-0.8-mRNA-1  0.6308122 0.7725053 0.8242506 0.8653077 0.7981300 0.4507486 0.3273077 0.0000000 1.0971475 0.9655479 1.0705898 1.0602407 1.0526300 1.1243812 0.9098931 1.0508383 1.2571885 0.9862204 1.0462532 0.9916818 1.1778368 0.8505018 0.8989049 1.1173126 1.0943680 1.0000101 1.2456379 0.8599213 0.7925969 1.6083283 1.2787240 1.2814906 1.2560320 1.4283172 1.1648667 1.1867261 1.3385787 1.4588499 2.2172691 1.0393817 1.1740919 1.4145453 1.3569401 1.3297935 1.3609329 1.2877929 1.4554228 1.2010307 1.2010307 1.1135999 1.1690400 1.2177735 1.3859761 1.3391981 1.3552850 1.4344893 2.2224649 1.5031928 1.2627670 1.2627670 1.3061409 1.3014040 1.2719244 3.5489729 1.0771793 1.4503826 1.8859749 1.9616146 1.4339797 1.6626202 1.5469248 1.2744507 1.2826190 1.2826190 1.2742560 1.3521765 1.2330573 1.3422495 1.4040679 2.0639387 1.7530349 1.5938664 1.5207301 1.8101038 1.0942384 0.8536254 1.3864409 1.3593150 1.9434644 2.9998765 
Bralan_BLAG13000712_1                              0.7694883 0.8425554 0.7693069 0.8342910 0.7650255 1.0590951 1.0660635 1.0971475 0.0000000 0.4283966 0.6477931 0.5401034 0.6707096 0.6214449 0.7651788 0.8926934 1.0297146 0.8116740 0.8613506 0.8014479 1.1255394 0.8232413 0.6774714 0.8297102 0.7925389 0.8206994 0.9537921 0.7344880 0.6568200 1.1513975 0.7485994 1.2560522 1.2506810 1.2598813 0.9936023 0.9085765 1.1907664 1.2477057 1.6163309 0.8107637 1.0366045 1.0316944 1.1977675 1.0824708 1.0824722 1.0298471 1.1841881 1.1782422 1.1782422 1.0833039 1.1776791 0.9832254 1.2061653 1.2170822 1.2301170 1.2077977 1.7125172 1.3629622 1.0345179 1.0345179 1.1100351 1.1150867 1.0870587 3.4952729 0.7937662 1.1533467 1.3956384 1.6322108 0.9487170 1.1086139 1.3413863 1.0677088 1.0634145 1.0634145 1.0562696 1.1472674 1.1538624 1.2797895 1.2984675 1.8736490 1.4291685 1.4927759 1.2691816 1.5680087 1.1253495 1.0218384 1.5017794 1.4443234 1.7763967 3.5160035 
Skow_XM_002738104.2                                0.7841355 0.8782984 0.6990558 0.7528931 0.7741811 0.9919313 1.0655213 0.9655479 0.4283966 0.0000000 0.5535654 0.6113461 0.6834308 0.6025595 0.7114234 0.8017408 0.9242261 0.6674486 0.8042074 0.7930915 1.0176103 0.7463740 0.6410595 0.7629410 0.8110499 0.7990804 0.9650967 0.6218172 0.5667891 1.1225174 0.8026421 1.1180604 1.0997778 1.1538455 0.9560339 0.8760384 1.1631847 1.1413110 1.5592451 0.7764805 0.9685670 1.1188918 1.1299895 1.1049201 1.0797980 0.9454329 1.0628782 1.1398208 1.1398208 1.0490514 1.1361569 0.9838099 1.1553766 1.2440235 1.2570800 1.2710602 1.8684222 1.4341555 1.0931665 1.0931665 1.1305754 1.1381816 1.0962268 3.1991673 0.7984538 1.1987936 1.3550210 1.7137310 1.0276486 1.3091937 1.3911570 1.0385201 1.0247055 1.0247055 1.0813272 1.1306096 1.1282804 1.2126666 1.2757315 1.9067617 1.3427847 1.4633739 1.3694396 1.6801436 1.1961814 0.9787708 1.4341611 1.3556118 1.7767299 3.6635725 
Hsap_ENST00000370654                               0.8940285 0.9770908 1.0156891 1.0133036 0.8097607 1.0432254 1.0064314 1.0705898 0.6477931 0.5535654 0.0000000 0.6659240 0.7926605 0.6823949 0.8152117 0.9946746 1.1262757 0.8537568 1.0077877 0.8692678 1.1590563 0.8886717 0.7049810 0.9593450 0.9605427 0.9487786 1.1332956 0.7954805 0.7952021 1.3741816 0.8899635 1.2674793 1.1112578 1.0850322 1.0619996 0.9530117 1.2192002 1.2518388 1.6803889 0.8911222 1.1339244 1.2587214 1.1771145 0.9765856 1.1631489 1.1872231 1.1998863 1.2205449 1.2205449 1.1266747 1.1463386 1.0276858 1.2232533 1.2300534 1.2431231 1.2349391 1.6614204 1.3908763 1.1373136 1.1373136 1.1522740 1.1975346 1.2011875 3.6713488 0.8672728 1.2420579 1.6773089 1.8861735 1.1620133 1.3100385 1.3552950 1.1636826 1.1932122 1.1932122 1.2261728 1.2446426 1.2344960 1.3107321 1.4845851 2.1430068 1.4232175 1.4149371 1.3216602 1.6152290 1.2320052 1.0623615 1.7363973 1.6754927 1.9152658 3.2876251 
Acagra_model.g24527.t1                             0.7747168 0.9484819 0.9345292 0.9598279 0.7726412 1.0439300 1.0892696 1.0602407 0.5401034 0.6113461 0.6659240 0.0000000 0.4666724 0.6152865 0.7363599 0.8994806 1.0586466 0.8527306 0.9290613 0.7650074 1.1058572 0.8735590 0.6782040 0.9205763 0.8801018 0.8504642 1.0324192 0.7617820 0.6778506 1.1417529 0.6759268 1.2974018 1.1249063 1.1842933 1.0231643 0.9267261 1.1971670 1.2883175 1.7233841 0.8399592 1.1295447 1.2136797 1.1635381 1.0082388 1.1570198 1.0968600 1.1735659 1.1778427 1.1778427 1.0328713 1.1212578 1.0183841 1.2462937 1.2436915 1.2568903 1.3157185 1.8642272 1.4718901 0.9905452 0.9905452 1.1688805 1.2280974 1.1713605 3.7270191 0.9209438 1.3793562 1.7244106 1.9554338 1.0060272 1.1427681 1.3853987 1.2574384 1.2553297 1.2553297 1.2532787 1.3366349 1.1635725 1.2175773 1.3976178 1.9204981 1.3970892 1.4212654 1.3100687 1.6084631 1.2207297 1.1057163 1.5650458 1.5218977 1.7989611 3.4228370 
Cgig_XM_011424512.3                                0.8200020 1.0264069 0.9339445 0.9553259 0.8555031 1.0172841 1.1562870 1.0526300 0.6707096 0.6834308 0.7926605 0.4666724 0.0000000 0.7035837 0.8224427 0.9582692 1.0815588 0.8617483 0.9090172 0.8650687 1.1089188 0.8089946 0.5874479 0.9298252 0.8765076 0.9182809 0.9517043 0.6995453 0.6723908 1.1901639 0.7134213 1.2511319 1.3011168 1.3716816 1.1639755 1.0923235 1.4055794 1.4276882 1.8567780 0.9708600 1.2322191 1.3401228 1.3115865 1.1972356 1.2998032 1.2194371 1.4317879 1.2341216 1.2341216 1.1036605 1.1351035 0.9704614 1.1549030 1.2516350 1.2648082 1.2219719 1.6870433 1.3314999 1.0204334 1.0204334 1.0839838 1.1334747 1.0610219 3.8689831 0.8734402 1.2450003 1.7642456 1.9461345 1.1414334 1.2130164 1.4605389 1.2393819 1.1985019 1.1985019 1.1844108 1.2939475 1.2147838 1.3298681 1.4293534 2.0165252 1.5893139 1.5318730 1.5148591 1.8556644 1.2627878 1.1803568 1.4538367 1.3802123 1.7123138 3.5957010 
Spur_XM_030996662.1                                0.9149347 1.0195597 0.9165926 0.9608689 0.8629081 1.1391869 1.1635906 1.1243812 0.6214449 0.6025595 0.6823949 0.6152865 0.7035837 0.0000000 0.8549178 1.0092370 1.0774088 0.8554427 0.9931522 0.9130232 1.2021318 0.9910335 0.6924305 0.9016886 0.8986006 0.8472834 0.8759695 0.8447781 0.7921301 1.0779580 0.7847090 1.3389391 1.2429307 1.2827803 1.1066481 1.0183217 1.2562376 1.3090027 1.6453202 0.9106069 1.2146549 1.2478812 1.3152409 1.1832314 1.2806154 1.1912864 1.3944245 1.2938125 1.2938125 1.1512589 1.1612607 1.0049898 1.2299644 1.2413985 1.2544497 1.3159658 1.8155274 1.3874339 1.1740645 1.1740645 1.1105074 1.1366502 1.1399806 3.6155018 0.8787364 1.3090401 1.7067378 1.9156192 1.2079560 1.2089439 1.5182972 1.1457719 1.1592355 1.1592355 1.1845467 1.2345942 1.2972758 1.4080361 1.4880834 2.2926855 1.6036607 1.6485821 1.3562870 1.6439662 1.6243086 1.2562720 1.7417380 1.6824798 1.6354956 2.6165780 
Spis_XP_022795578_1                                0.8176382 0.8623585 0.7367442 0.8224272 0.6208162 1.0781336 1.0502806 0.9098931 0.7651788 0.7114234 0.8152117 0.7363599 0.8224427 0.8549178 0.0000000 0.0404969 0.2739184 0.2527008 0.2203763 0.3802885 0.6328942 0.4583228 0.4629130 0.6030307 0.6257212 0.5906181 0.7237490 0.5051249 0.4306151 0.8558638 0.8496658 0.7953086 0.9401457 1.0042985 0.9417698 0.8981927 1.1265025 1.1942075 1.5504710 0.8674252 0.9607510 1.0714382 1.1032207 0.9469780 1.0905466 1.1253789 1.1989709 1.2266951 1.2266951 0.9651527 1.0655352 0.8759622 1.1438577 1.1936437 1.2067010 1.1704842 1.9044498 1.3635891 1.0516740 1.0516740 1.1579302 1.0891743 1.1910335 3.1398228 0.9559993 1.3190918 1.7666555 2.1724120 1.0689363 1.1468359 1.2194817 1.0403618 1.0250070 1.0250070 1.0161779 1.0394063 1.0264580 1.0511213 1.2038581 1.7408171 1.3226450 1.3348765 1.1668537 1.4610682 1.1523229 0.9971435 1.2274988 1.1497321 1.4771962 2.8942174 
Pocdam_XM_027198232.1                              0.8851367 0.9768945 0.8684878 0.8082233 0.6689417 1.2038263 1.1796754 1.0508383 0.8926934 0.8017408 0.9946746 0.8994806 0.9582692 1.0092370 0.0404969 0.0000000 0.1632751 0.2134276 0.1813174 0.4879946 0.7127297 0.5603415 0.5572162 0.7120145 0.7474947 0.7296554 0.8458938 0.5787359 0.4978042 0.7523702 1.0024442 0.8167774 1.2110566 1.3075289 1.2783627 1.1463056 1.3111866 1.3996039 1.5690729 1.0180920 1.1608389 1.3737215 1.3999056 1.2598264 1.3588461 1.4412648 1.5341123 1.3578541 1.3578541 1.0682517 1.1393401 0.9283490 1.2409649 1.3422232 1.3599681 1.2819770 1.8641046 1.4256287 1.1942155 1.1942155 1.3144533 1.2123864 1.0942395 3.6133311 1.0236697 1.2580880 1.7130657 2.1157348 1.1527893 1.3622003 1.4388742 1.0628290 1.0289951 1.0289951 1.0056416 1.0601593 1.3577708 1.3981071 1.5780637 1.5448855 1.6044824 1.5549725 1.4346831 1.4346831 1.0504588 1.0664408 1.1084689 1.0920508 1.4950163 3.0473178 
Fspp_ffun1.m4.886.m1                               0.9562660 1.1506306 1.0023479 0.9700668 0.9303678 1.4489318 1.3887706 1.2571885 1.0297146 0.9242261 1.1262757 1.0586466 1.0815588 1.0774088 0.2739184 0.1632751 0.0000000 0.2859231 0.2340617 0.6438973 0.8887919 0.6981759 0.8179258 0.9171398 0.9534917 0.9015780 1.0442174 0.6794635 0.5879807 0.9259577 1.2092079 0.9911833 1.3677357 1.4274354 1.3010360 1.2275141 1.4437743 1.4075531 1.6231170 1.1603753 1.2284981 1.3741551 1.4518498 1.2410168 1.4911374 1.4566591 1.4717133 1.6158915 1.6158915 1.3801711 1.3136619 1.2015855 1.4644443 1.5850598 1.6022517 1.5274095 2.0135560 1.7131272 1.4727654 1.4727654 1.5218309 1.4319681 1.2627019 3.9884776 1.2134419 1.3437874 1.9425799 2.3562253 1.4097555 1.5492937 1.5289512 1.2265525 1.2064444 1.2064444 1.1678575 1.2898723 1.3989200 1.3990056 1.5452465 1.9683678 1.6036538 1.6131744 1.5779121 1.5507414 1.3362648 1.2947332 1.3378539 1.2722021 1.8561869 3.3091234 
Gfas_gfas1.m1.4928.m1                              0.8186715 0.9431966 0.8242335 0.7664830 0.7705131 1.1344948 1.1041133 0.9862204 0.8116740 0.6674486 0.8537568 0.8527306 0.8617483 0.8554427 0.2527008 0.2134276 0.2859231 0.0000000 0.2411555 0.4725351 0.6505451 0.5721628 0.6175311 0.7403288 0.7944992 0.7449368 0.7877896 0.4997042 0.4489065 0.9052097 0.8962789 0.8843007 1.1586398 1.2141009 1.0920337 1.0459876 1.1498585 1.1915374 1.4941163 0.9863172 0.9863238 1.1182225 1.1333268 1.0716833 1.2102462 1.1902611 1.2428385 1.2822682 1.2822682 1.0818473 1.0766342 0.9696303 1.2128702 1.2900934 1.3038451 1.1991882 1.7851932 1.3504838 1.2126063 1.2126063 1.2634965 1.1541506 1.1345928 3.4519308 1.0375865 1.3394217 1.9584110 2.2623827 1.1863052 1.3268914 1.2805973 1.1529470 1.1293083 1.1293083 1.1157873 1.1648367 1.1385500 1.2067492 1.3461538 1.8138587 1.4139229 1.4064708 1.2829733 1.4105556 1.1811585 1.1480780 1.1805625 1.1763482 1.7114745 2.8428315 
Gasp_gasp1.m3.20980.m1                             0.8038084 0.9368710 0.8625117 0.8720514 0.7771209 1.2439676 1.1882217 1.0462532 0.8613506 0.8042074 1.0077877 0.9290613 0.9090172 0.9931522 0.2203763 0.1813174 0.2340617 0.2411555 0.0000000 0.5252077 0.7428667 0.5821302 0.6548408 0.7641031 0.7645577 0.7404307 0.8742041 0.6001708 0.5096042 0.9231217 1.0931173 0.9475721 1.1786493 1.2207690 1.1604414 1.1108993 1.2687037 1.2617669 1.6676875 1.0055969 1.0378981 1.2008312 1.1810140 1.1154014 1.2275556 1.2455156 1.3472393 1.4611553 1.4611553 1.2072852 1.2113543 1.1179019 1.3866531 1.4750726 1.4919673 1.3961267 1.9761403 1.4264749 1.2781432 1.2781432 1.3734857 1.3221061 1.3627551 3.5984118 1.0173908 1.3954386 1.6883612 2.0972442 1.2994707 1.3563492 1.3321573 1.1443355 1.1016537 1.1016537 1.0805189 1.1177959 1.1226240 1.2105502 1.3595249 1.9794091 1.4734382 1.5063255 1.4051553 1.6209038 1.2849157 1.1234427 1.1573438 1.1273811 1.5773155 3.1163009 
Amil_Amillepora25249-RA                            0.8309070 0.9034233 0.8925054 1.0014610 0.7544365 1.0709678 1.0798325 0.9916818 0.8014479 0.7930915 0.8692678 0.7650074 0.8650687 0.9130232 0.3802885 0.4879946 0.6438973 0.4725351 0.5252077 0.0000000 0.2281227 0.5727646 0.5869511 0.8014585 0.7468820 0.7557526 0.8554402 0.6092699 0.4930233 0.9847678 0.8960978 0.9638396 1.0299387 1.0171000 0.9431069 0.9554177 1.0708113 1.0732160 1.3628447 0.9146737 0.9737033 1.0110321 1.0799943 0.9968266 1.0316222 1.1029262 1.1392074 1.3638915 1.3638915 1.0948314 1.2070106 1.0314796 1.2981009 1.4050721 1.4201589 1.2435318 2.1016221 1.4346949 1.1633165 1.1633165 1.2205231 1.2237085 1.3995651 3.0185840 0.9324616 1.3203477 1.7904226 2.3085334 1.1559571 1.1311330 1.2962793 1.0939826 1.1036689 1.1036689 1.0647504 1.1530312 1.0017382 1.0571968 1.1572854 1.6646960 1.4755015 1.3565834 1.2852251 1.6014882 1.2157480 1.0014030 1.4442274 1.4161026 1.7146349 2.7749282 
Adig_XM_015903500.1                                0.8339882 1.0942678 1.1224834 1.0691072 0.9733995 1.2713734 1.3374959 1.1778368 1.1255394 1.0176103 1.1590563 1.1058572 1.1089188 1.2021318 0.6328942 0.7127297 0.8887919 0.6505451 0.7428667 0.2281227 0.0000000 0.7198271 0.6844598 0.9434586 0.8490017 0.8837306 0.8430864 0.8417251 0.7533135 1.1159761 1.1878193 1.3196508 1.1821894 1.3276750 1.1913372 1.2347916 1.4687486 1.4518422 1.9640379 1.0082619 1.1129785 1.2388667 1.3547228 1.1915141 1.1713206 1.4341973 1.4956173 1.5458129 1.5458129 1.1696680 1.1240791 1.0681249 1.4468215 1.5332253 1.5568905 1.4396912 4.1687958 1.6152433 1.4327381 1.4327381 1.4013452 1.3931569 1.4734592 3.5686273 0.9784773 1.7136686 4.9581210 7.4375629 1.3622973 1.3820583 1.5492596 1.4384565 1.4203875 1.4203875 1.3581573 1.3474752 1.1297087 1.2967935 1.4622625 2.4386892 1.6478164 1.3898590 1.4724841 1.7483529 1.9835488 1.1989982 2.4169267 2.6895773 2.7754816 4.7889248 
Dgig_XM_028547783.1                                0.7563430 0.8064938 0.7826414 0.7990456 0.6853697 0.9927251 0.9287423 0.8505018 0.8232413 0.7463740 0.8886717 0.8735590 0.8089946 0.9910335 0.4583228 0.5603415 0.6981759 0.5721628 0.5821302 0.5727646 0.7198271 0.0000000 0.5199211 0.6264760 0.6153987 0.5974654 0.8318297 0.5397572 0.4997905 0.8611638 0.8302335 0.5316300 1.0624622 1.1226380 0.8568139 0.9762904 1.0899270 1.1153421 1.4574082 0.9257008 0.9088146 1.0074546 1.1112999 0.9397944 1.0504506 1.0060322 1.1828426 1.1065893 1.1065893 1.0056222 1.0300140 0.9425857 1.1377604 1.1973762 1.2100163 1.1066178 1.5691384 1.2087822 1.0555552 1.0555552 1.0797475 1.1100644 1.1252000 3.1902889 0.8099720 1.0654073 1.4217077 1.7214259 1.0974725 1.2200487 1.2941650 1.0106718 0.9965916 0.9965916 0.9892329 1.0379996 1.0338645 1.1901054 1.2344221 1.8673542 1.3500695 1.4158509 1.2073614 1.4639209 1.1319437 0.9961027 1.1632805 1.1125327 1.4675019 1.8743351 
Hvul_g27198_1                                      0.7656335 0.7057654 0.7272222 0.8886501 0.6385056 1.0482977 0.9778843 0.8989049 0.6774714 0.6410595 0.7049810 0.6782040 0.5874479 0.6924305 0.4629130 0.5572162 0.8179258 0.6175311 0.6548408 0.5869511 0.6844598 0.5199211 0.0000000 0.3859116 0.3812938 0.4608404 0.4548206 0.4063020 0.4965332 0.6261384 0.6958081 0.6612453 0.7296615 0.7585698 0.7039446 0.7448828 0.9682644 1.0364323 1.3691462 0.8529738 0.7686576 0.8168089 0.8901104 0.7800392 0.8163721 0.8434024 0.8843531 1.0741584 1.0741584 1.0586148 1.0321981 0.9226056 0.9226056 1.0314330 1.0314330 0.9246033 1.2239563 0.9942373 0.7763089 0.7763089 0.8727875 0.9008129 0.9800762 3.7216313 0.9251484 1.1377208 1.6843082 1.6843082 1.0529296 1.0303328 1.0772505 1.0458809 1.0090802 1.0090802 1.0440134 1.1039766 0.9346910 1.0181396 0.9879132 1.6040612 1.1640277 1.1449719 1.1438620 1.5115003 1.2402790 0.9270400 1.4993381 1.3670144 1.4172863 0.8651281 
Nemnom_g12034.t1                                   0.7623438 0.8613960 0.9523133 0.9734301 0.7521252 1.1716293 1.1848566 1.1173126 0.8297102 0.7629410 0.9593450 0.9205763 0.9298252 0.9016886 0.6030307 0.7120145 0.9171398 0.7403288 0.7641031 0.8014585 0.9434586 0.6264760 0.3859116 0.0000000 0.1645461 0.3766070 0.6370798 0.6362234 0.6328272 0.4747953 0.7939716 0.9663988 1.0343580 1.1181212 1.0156071 1.0449787 1.1279199 1.1774029 1.5055434 0.7941943 1.0492095 1.1545611 1.1090147 1.0483360 1.0193632 1.0215840 1.1800390 1.1004056 1.1004056 0.9597255 1.0049845 0.8755708 1.1465336 1.1800855 1.1923612 1.1927809 1.8101966 1.3382751 1.0223319 1.0223319 1.1085779 1.1278224 1.1342877 3.6201011 0.9179400 1.2720409 1.7661893 2.1047314 1.1647855 1.3331728 1.3737186 0.9715500 0.9471545 0.9471545 0.9394080 1.0236769 1.0226745 1.1522824 1.1452433 1.7959328 1.5802949 1.5551803 1.2735886 1.5377796 1.3837142 1.1063921 1.8429709 1.7528093 1.4886067 2.5166979 
Rhoesc_Res_016433-T1                               0.7491905 0.8852786 0.9867575 1.0021140 0.7631724 1.1978675 1.1934843 1.0943680 0.7925389 0.8110499 0.9605427 0.8801018 0.8765076 0.8986006 0.6257212 0.7474947 0.9534917 0.7944992 0.7645577 0.7468820 0.8490017 0.6153987 0.3812938 0.1645461 0.0000000 0.3208522 0.6089776 0.6429836 0.6393301 0.4131277 0.8063256 1.0896033 0.9652503 0.9968266 0.9819484 0.9930744 1.1330504 1.1410429 1.4792412 0.7887049 1.0571336 1.1529005 1.1726312 1.0068142 0.9627294 0.9702401 1.0886116 1.0829611 1.0829611 0.9097134 0.9643757 0.7943886 1.0623394 1.1505497 1.1627438 1.1032748 1.6832760 1.2427803 0.9065397 0.9065397 1.0230707 1.1247513 1.1028478 3.9386854 0.8761318 1.1927481 1.6983184 2.0194410 1.1440457 1.3169481 1.4333876 0.9634318 0.9391209 0.9391209 0.9620518 1.0020939 1.0703592 1.1744939 1.1955940 1.8942070 1.6259374 1.5007988 1.2346967 1.4779524 1.3309999 1.1598209 1.9360081 1.8461362 1.4616629 2.6240232 
Sanmal_Sma_011893-T1                               0.7467041 0.8532228 0.8247116 0.8432115 0.7125054 1.0483800 1.1028566 1.0000101 0.8206994 0.7990804 0.9487786 0.8504642 0.9182809 0.8472834 0.5906181 0.7296554 0.9015780 0.7449368 0.7404307 0.7557526 0.8837306 0.5974654 0.4608404 0.3766070 0.3208522 0.0000000 0.7060903 0.6524722 0.6082455 0.4949131 0.9416024 1.0498437 0.9734237 0.9855717 0.8664377 0.9217697 1.1128964 1.1545711 1.4175200 0.8005224 0.9801252 1.1156663 1.1675667 0.9005969 0.9547721 1.0312903 1.1432204 1.0810890 1.0810890 0.9079574 0.9672783 0.7999365 1.0528793 1.1639535 1.1763639 1.1140373 1.6089224 1.2087915 0.9290860 0.9290860 1.0420923 1.0351207 1.0374432 3.5714319 0.9140883 1.2311162 1.7778506 2.1202280 1.1591921 1.4243032 1.3548336 1.0491979 1.0316585 1.0316585 0.9868663 1.0201982 1.0216259 1.1627561 1.2271575 1.9475780 1.4543302 1.4591328 1.2291458 1.4661323 1.2878609 1.1199254 1.7355736 1.6385122 1.4389728 2.2641600 
Chem_TCONS_00015214                                0.8203180 0.9856823 0.9857081 1.0579963 0.8981347 1.2084176 1.2172138 1.2456379 0.9537921 0.9650967 1.1332956 1.0324192 0.9517043 0.8759695 0.7237490 0.8458938 1.0442174 0.7877896 0.8742041 0.8554402 0.8430864 0.8318297 0.4548206 0.6370798 0.6089776 0.7060903 0.0000000 0.7797968 0.6995859 0.9569718 0.8844993 1.2198510 1.1958085 1.2464731 0.9966955 1.0564756 1.2284995 1.3219643 1.7348825 0.9260901 1.0346419 1.0741983 1.1684009 1.0185452 1.1051447 1.1893772 1.3075979 1.2711522 1.2711522 1.0163328 1.0847302 0.8945282 1.1742524 1.2631625 1.2766891 1.3709840 2.0024112 1.4939302 1.1391535 1.1391535 1.2318973 1.1935633 1.2221524 4.0863379 0.9978339 1.4644011 2.1794309 2.3364239 1.3234744 1.4016458 1.3674024 1.1624488 1.1392508 1.1392508 1.1855692 1.2208895 1.1603529 1.2837969 1.2939559 2.0066403 1.5621056 1.4977746 1.3795700 1.6486721 1.6635955 1.2604419 1.8650093 1.8030533 1.6940804 3.5615572 
Exapal_XM_021036169.2                              0.8164504 0.8171327 0.7824694 0.8638679 0.7948400 0.9558881 0.9714486 0.8599213 0.7344880 0.6218172 0.7954805 0.7617820 0.6995453 0.8447781 0.5051249 0.5787359 0.6794635 0.4997042 0.6001708 0.6092699 0.8417251 0.5397572 0.4063020 0.6362234 0.6429836 0.6524722 0.7797968 0.0000000 0.3186816 0.8916775 0.8425402 0.9701269 1.1881732 1.2094547 0.9039485 1.0083476 1.1760149 1.2036735 1.5677740 0.9839846 0.9128291 1.1041545 1.1033232 0.9627088 1.0633424 0.9812668 1.1874574 1.2601964 1.2601964 1.1801974 1.1840374 1.0592019 1.1983010 1.2725434 1.2862878 1.1637282 1.8361793 1.2825629 1.0318597 1.0318597 1.1678722 1.1289711 1.2160772 3.2118073 0.8856801 1.2887318 1.7565209 1.9758830 1.1718962 1.1823004 1.2944185 1.0615939 1.0640146 1.0640146 1.0635085 1.1698853 1.0870769 1.1263378 1.2165538 1.7649693 1.3569294 1.3533914 1.2177552 1.4760313 1.0967419 0.9657209 1.1890379 1.1152908 1.5613116 2.9917087 
Nvec_v1g182962                                     0.8385808 0.8469569 0.6841140 0.7927949 0.7264790 1.0112438 0.9812491 0.7925969 0.6568200 0.5667891 0.7952021 0.6778506 0.6723908 0.7921301 0.4306151 0.4978042 0.5879807 0.4489065 0.5096042 0.4930233 0.7533135 0.4997905 0.4965332 0.6328272 0.6393301 0.6082455 0.6995859 0.3186816 0.0000000 0.8867051 0.8655808 0.9010787 1.0305113 1.0317075 0.8815557 0.9726953 1.1189241 1.1392935 1.4465012 0.8592599 0.8453798 1.0140217 0.9829597 0.9345503 0.9070189 0.9742608 1.1010914 1.1331952 1.1331952 0.9982950 1.1284659 0.9138932 1.0263750 1.0781431 1.0901758 1.1022405 1.7029539 1.2919030 0.9231122 0.9231122 0.9971335 1.0019961 1.1352944 3.1790873 0.9363184 1.2733725 1.7507823 1.9408083 1.0406763 1.2380736 1.2190598 0.9986095 0.9999631 0.9999631 0.9544129 1.0138434 1.0221821 1.0483020 1.1878589 1.7367505 1.2778743 1.2668114 1.2200905 1.4968541 1.1013121 0.9937448 1.1761987 1.1649391 1.5396438 2.9245093 
Aaur_scaffold554.g3.t2                             0.9637499 1.1459012 1.2346176 1.1085621 1.0402182 1.5198207 1.5258857 1.6083283 1.1513975 1.1225174 1.3741816 1.1417529 1.1901639 1.0779580 0.8558638 0.7523702 0.9259577 0.9052097 0.9231217 0.9847678 1.1159761 0.8611638 0.6261384 0.4747953 0.4131277 0.4949131 0.9569718 0.8916775 0.8867051 0.0000000 1.1774779 1.2007368 1.3986963 1.4547410 1.2838093 1.2897806 1.4035647 1.3868680 1.4408795 1.1243510 1.3511456 1.5015930 1.5454786 1.3327303 1.3504545 1.4238938 1.5999282 1.3102656 1.3102656 1.1771990 1.1020422 1.1002623 1.3160663 1.3076388 1.3226036 1.3547578 1.6406674 1.5737679 1.2359668 1.2359668 1.2761994 1.3668899 1.1980992 4.3198829 1.1183310 1.1484878 1.7708043 2.0287349 1.4563703 1.5728051 1.7033833 1.1677722 1.1301476 1.1301476 1.1876272 1.2560125 1.4126886 1.4985751 1.7099649 1.6942105 2.0051911 1.8818226 1.5736697 1.5868801 1.4113118 1.4915526 1.9252294 1.9457635 1.5030905 2.6103271 
Ctel_gnl_WGS_AMQN_CAPTEDRAFT_mRNA20161             0.9092620 1.0449086 0.9681449 0.9800068 0.8712643 1.2176895 1.2285145 1.2787240 0.7485994 0.8026421 0.8899635 0.6759268 0.7134213 0.7847090 0.8496658 1.0024442 1.2092079 0.8962789 1.0931173 0.8960978 1.1878193 0.8302335 0.6958081 0.7939716 0.8063256 0.9416024 0.8844993 0.8425402 0.8655808 1.1774779 0.0000000 1.3024728 1.3075283 1.2952005 1.2218380 1.0771977 1.2546960 1.3266025 1.8107960 0.9769571 1.2251315 1.2593979 1.2027555 1.1895796 1.3445469 1.2113408 1.3122405 1.2799402 1.2799402 1.1394338 1.1697206 1.0543936 1.3174031 1.2775949 1.2909805 1.2741231 1.7577258 1.4694154 1.2076243 1.2076243 1.2161922 1.2248701 1.3591336 3.6329867 0.8693044 1.2775195 1.6918657 1.8831573 1.0780618 1.2220968 1.4887628 1.2727256 1.2926034 1.2926034 1.3023686 1.3668117 1.2434106 1.3048228 1.4161359 1.9849820 1.6641485 1.6545673 1.3376077 1.5990699 1.5376566 1.3269024 1.6512810 1.5856097 1.9185839 3.2364630 
Xesp_001166-T1                                     0.8197429 1.1742415 1.2155652 1.1029245 1.0326614 1.3857390 1.2994809 1.2814906 1.2560522 1.1180604 1.2674793 1.2974018 1.2511319 1.3389391 0.7953086 0.8167774 0.9911833 0.8843007 0.9475721 0.9638396 1.3196508 0.5316300 0.6612453 0.9663988 1.0896033 1.0498437 1.2198510 0.9701269 0.9010787 1.2007368 1.3024728 0.0000000 1.5520808 1.5751500 1.3020408 1.3182357 1.5354954 1.4710576 1.9099584 1.1987231 1.4103490 1.4249431 1.6332007 1.3946299 1.5972269 1.6006606 1.6226632 1.5116364 1.5116364 1.1494146 1.0334621 1.0923310 1.4905068 1.5731746 1.5731746 1.4649783 2.1265080 1.5538284 1.4303074 1.4303074 1.4575011 1.4048603 1.2704656 4.3853710 0.9395728 1.3922112 1.6157481 2.2589012 1.6160232 1.6964471 1.7972842 1.4559933 1.4588730 1.4588730 1.3487899 1.6033838 1.5075910 1.4481640 1.5957723 2.0239790 1.7506625 1.8839297 1.9212944 2.0857143 1.6589560 1.5724702 2.0678434 2.0865227 2.2031921 3.0107913 
Acaspe_EP00035_Acanthoeca_spectabilis_P023566      0.9857127 1.1670384 1.1498408 1.1778916 0.9541931 1.3225285 1.2171605 1.2560320 1.2506810 1.0997778 1.1112578 1.1249063 1.3011168 1.2429307 0.9401457 1.2110566 1.3677357 1.1586398 1.1786493 1.0299387 1.1821894 1.0624622 0.7296615 1.0343580 0.9652503 0.9734237 1.1958085 1.1881732 1.0305113 1.3986963 1.3075283 1.5520808 0.0000000 0.1886753 0.4949261 0.5966001 0.9381019 0.9246467 1.1583749 0.6336618 0.6904048 0.8550483 0.8583078 0.6144601 0.8753484 0.8869946 0.8521239 1.3246131 1.3246131 0.9863229 1.0636687 0.9544306 1.4429544 1.4486496 1.4514495 1.4860329 2.3480205 1.7359845 1.4402721 1.4402721 1.4750882 1.4654940 1.4415296 3.9336942 1.1199635 1.6960892 2.0412754 2.3673598 1.4947423 1.5335150 1.2045387 1.4605513 1.4623301 1.4623301 1.5581032 1.5515984 1.1994916 1.1466192 1.3375261 1.8764150 1.2440716 1.3149358 1.4359904 1.7502298 1.7524182 1.4191048 1.9323705 1.8248765 2.0071365 4.4583101 
Helnan_EP00037_Helgoeca_nana_P014492               1.0513437 1.2806198 1.2049705 1.2291505 0.9779535 1.4649676 1.3796812 1.4283172 1.2598813 1.1538455 1.0850322 1.1842933 1.3716816 1.2827803 1.0042985 1.3075289 1.4274354 1.2141009 1.2207690 1.0171000 1.3276750 1.1226380 0.7585698 1.1181212 0.9968266 0.9855717 1.2464731 1.2094547 1.0317075 1.4547410 1.2952005 1.5751500 0.1886753 0.0000000 0.5025067 0.6378158 0.9283733 0.8944946 1.1336729 0.6064564 0.7479882 0.9099592 0.9030252 0.5910669 0.8586607 0.9309767 0.9490489 1.3946308 1.3946308 1.0373285 1.1432207 1.0175931 1.5342377 1.5657228 1.5688575 1.5510501 2.2946559 1.7956679 1.4285120 1.4285120 1.5265574 1.5516737 1.5336135 4.1453324 1.0955164 1.6784072 1.9902331 2.3387436 1.5591907 1.5673939 1.3343280 1.4452775 1.4594919 1.4594919 1.5556819 1.5993623 1.2594584 1.2021522 1.4259569 1.9974933 1.2210862 1.2491125 1.3929612 1.6609444 1.8618198 1.6462209 1.8637127 1.7657461 2.1390356 4.2205994 
Stedip_EP00041_Stephanoeca_diplocostata_P009902    0.9152627 0.9979419 0.8811488 0.9390861 0.8497428 1.2057282 1.1051551 1.1648667 0.9936023 0.9560339 1.0619996 1.0231643 1.1639755 1.1066481 0.9417698 1.2783627 1.3010360 1.0920337 1.1604414 0.9431069 1.1913372 0.8568139 0.7039446 1.0156071 0.9819484 0.8664377 0.9966955 0.9039485 0.8815557 1.2838093 1.2218380 1.3020408 0.4949261 0.5025067 0.0000000 0.4083015 0.8266041 0.8269872 1.0599434 0.5831052 0.5842567 0.6811380 0.7782491 0.4434083 0.7516205 0.7535484 0.7380651 1.2601471 1.2601471 0.9828166 1.1218885 0.9776745 1.3779479 1.3858359 1.3873152 1.3634912 2.0467334 1.5865545 1.3437413 1.3437413 1.3656375 1.3097124 1.3688550 3.7648966 0.9885600 1.4933268 1.7504362 2.1236777 1.3505706 1.4829734 1.1448861 1.2196306 1.2002982 1.2002982 1.2702823 1.3030649 1.1703899 1.1860838 1.2767682 1.8712689 1.0442596 1.3082257 1.2090405 1.4718277 1.5070175 1.1652213 1.4670333 1.4224721 1.8692825 3.1651806 
Didcos_EP00039_Didymoeca_costata_P025529           1.0908260 1.0497185 0.8593962 0.9836134 0.9167803 1.2138690 1.0363921 1.1867261 0.9085765 0.8760384 0.9530117 0.9267261 1.0923235 1.0183217 0.8981927 1.1463056 1.2275141 1.0459876 1.1108993 0.9554177 1.2347916 0.9762904 0.7448828 1.0449787 0.9930744 0.9217697 1.0564756 1.0083476 0.9726953 1.2897806 1.0771977 1.3182357 0.5966001 0.6378158 0.4083015 0.0000000 0.8836349 0.8855117 1.1872344 0.6335526 0.6386926 0.7282047 0.8185829 0.4827650 0.8822116 0.8062088 0.6973431 1.2744006 1.2744006 1.0557052 1.2186174 0.9875451 1.2168262 1.2324249 1.2347501 1.3030591 1.8654759 1.4874246 1.1765591 1.1765591 1.2770968 1.2568572 1.3626085 3.6820966 1.0991116 1.6673731 2.0517056 2.4126729 1.3279124 1.3290944 1.0633085 1.3285935 1.2870967 1.2870967 1.3593427 1.3704659 1.1464862 1.2642234 1.3651340 1.9724398 0.9294466 1.2408538 1.1450286 1.3667861 1.5983274 1.1735720 1.6649403 1.6084876 1.7477996 4.0553911 
Chofle_EP00730_Choanoeca_flexa_P013121             1.1608880 1.3203160 1.1732095 1.1677160 1.0145463 1.4158000 1.2698174 1.3385787 1.1907664 1.1631847 1.2192002 1.1971670 1.4055794 1.2562376 1.1265025 1.3111866 1.4437743 1.1498585 1.2687037 1.0708113 1.4687486 1.0899270 0.9682644 1.1279199 1.1330504 1.1128964 1.2284995 1.1760149 1.1189241 1.4035647 1.2546960 1.5354954 0.9381019 0.9283733 0.8266041 0.8836349 0.0000000 0.2376929 0.4042885 0.4994176 0.8146952 0.8660437 0.9434485 0.8722194 0.8266102 1.0041711 1.0661352 1.4671256 1.4671256 1.2332594 1.3524378 1.1061163 1.4588160 1.5930740 1.6004125 1.4493144 2.0152889 1.6260072 1.4403932 1.4403932 1.4136588 1.5286084 1.3841736 4.2813248 1.1966916 1.7559999 1.8423180 2.3971183 1.8661868 1.8139440 1.0136961 1.5874880 1.5821013 1.5821013 1.6312073 1.6854174 1.6021896 1.6033657 1.6806692 2.3855382 1.1480383 1.2139327 1.2952421 1.4134253 1.7623656 1.5799488 1.7889064 1.8182516 2.2169402 3.5170467 
Choper_EP00045_Choanoeca_perplexa_P004902          1.2132837 1.4116826 1.2727605 1.2657727 1.0906882 1.5124895 1.4497843 1.4588499 1.2477057 1.1413110 1.2518388 1.2883175 1.4276882 1.3090027 1.1942075 1.3996039 1.4075531 1.1915374 1.2617669 1.0732160 1.4518422 1.1153421 1.0364323 1.1774029 1.1410429 1.1545711 1.3219643 1.2036735 1.1392935 1.3868680 1.3266025 1.4710576 0.9246467 0.8944946 0.8269872 0.8855117 0.2376929 0.0000000 0.1077184 0.4958847 0.8349812 0.8569242 0.9839708 0.9412094 0.8373748 0.9569013 1.0804642 1.4951934 1.4951934 1.2865604 1.3375830 1.1984740 1.5179484 1.5885330 1.5885330 1.4815142 2.0524684 1.6424717 1.4873674 1.4873674 1.4107333 1.5618463 1.3894229 4.6450704 1.2727268 1.8011559 2.0335751 2.5196134 1.7835213 1.7330113 1.0259165 1.5368315 1.5524418 1.5524418 1.5681799 1.6702592 1.5740021 1.5862292 1.7338823 2.3368916 1.2039156 1.3243335 1.3654705 1.4582525 1.8447880 1.6757368 1.9483672 1.9664547 2.3580077 3.3966676 
Choper_EP00045_Choanoeca_perplexa_P004903          1.8307396 1.8819795 1.6969898 1.5549328 1.4064617 2.0072920 1.9550594 2.2172691 1.6163309 1.5592451 1.6803889 1.7233841 1.8567780 1.6453202 1.5504710 1.5690729 1.6231170 1.4941163 1.6676875 1.3628447 1.9640379 1.4574082 1.3691462 1.5055434 1.4792412 1.4175200 1.7348825 1.5677740 1.4465012 1.4408795 1.8107960 1.9099584 1.1583749 1.1336729 1.0599434 1.1872344 0.4042885 0.1077184 0.0000000 0.7342679 1.0466924 1.1205230 1.3116566 1.1840245 1.0029094 1.2401035 1.4270386 2.0205324 2.0205324 1.8359874 1.8699601 1.5967695 1.9543610 2.0095484 2.0095484 1.8603055 2.0524684 2.0749714 2.0170185 2.0170185 1.9006081 2.0224861 1.6999272 4.7358704 1.6310756 1.9939441 2.0147894 2.4976754 2.2829716 2.4069208 1.4477205 1.7619405 1.7758833 1.7758833 1.7890600 1.9672917 2.1637433 2.1786349 2.4325152 2.5637222 1.7176281 1.8087012 1.7369723 1.7586470 1.7712503 1.8728657 1.9625717 1.9200807 2.3415654 3.3966676 
Mbre_EDQ86111                                      1.0365739 1.1233756 0.9106575 1.0565773 0.8910395 1.1321443 1.1057389 1.0393817 0.8107637 0.7764805 0.8911222 0.8399592 0.9708600 0.9106069 0.8674252 1.0180920 1.1603753 0.9863172 1.0055969 0.9146737 1.0082619 0.9257008 0.8529738 0.7941943 0.7887049 0.8005224 0.9260901 0.9839846 0.8592599 1.1243510 0.9769571 1.1987231 0.6336618 0.6064564 0.5831052 0.6335526 0.4994176 0.4958847 0.7342679 0.0000000 0.5759433 0.6210384 0.5886585 0.6558892 0.6625490 0.6945972 0.7412063 1.1302504 1.1302504 1.1183290 1.1266567 1.0569841 1.0569841 1.1710963 1.1710963 1.1412768 1.4122810 1.2764537 0.9269863 0.9269863 1.0612755 1.0657384 1.1455584 4.4037006 1.1576915 1.3047148 1.6306418 1.6306418 1.3646255 1.3603355 0.8070737 1.3796743 1.3485354 1.3485354 1.3904874 1.4087720 1.1868360 1.1711103 1.1143180 1.7006116 1.0098411 1.1005845 0.9442338 1.1107760 1.4836363 1.1854644 1.9211553 2.0313108 2.0801149 1.0493194 
Salurc_EP00051_Salpingoeca_urceolata_P013883       1.0306524 1.1157092 0.8924406 0.9997558 0.9631496 1.1636907 1.0435256 1.1740919 1.0366045 0.9685670 1.1339244 1.1295447 1.2322191 1.2146549 0.9607510 1.1608389 1.2284981 0.9863238 1.0378981 0.9737033 1.1129785 0.9088146 0.7686576 1.0492095 1.0571336 0.9801252 1.0346419 0.9128291 0.8453798 1.3511456 1.2251315 1.4103490 0.6904048 0.7479882 0.5842567 0.6386926 0.8146952 0.8349812 1.0466924 0.5759433 0.0000000 0.6368881 0.6922935 0.6437993 0.7224989 0.7441621 0.6914346 1.1859551 1.1859551 1.0359624 1.0961871 1.0508390 1.3648804 1.2898573 1.2922463 1.3080687 1.7700559 1.4432886 1.2654589 1.2654589 1.3235085 1.3144517 1.2633661 3.8701912 1.1152640 1.6109400 1.8418957 2.1988886 1.3192243 1.4453154 1.1132563 1.3276752 1.3056735 1.3056735 1.4227544 1.4090925 1.2610495 1.3657706 1.5350561 2.0552757 1.0941012 1.2583631 1.1838217 1.4158487 1.4616890 1.1766641 1.6872566 1.5937072 1.9592394 3.7107387 
Salkve_EP00050_Salpingoeca_kvevrii_P007751         0.9540463 1.1281346 1.0642673 1.1154388 1.0110481 1.3667331 1.2351238 1.4145453 1.0316944 1.1188918 1.2587214 1.2136797 1.3401228 1.2478812 1.0714382 1.3737215 1.3741551 1.1182225 1.2008312 1.0110321 1.2388667 1.0074546 0.8168089 1.1545611 1.1529005 1.1156663 1.0741983 1.1041545 1.0140217 1.5015930 1.2593979 1.4249431 0.8550483 0.9099592 0.6811380 0.7282047 0.8660437 0.8569242 1.1205230 0.6210384 0.6368881 0.0000000 0.7775987 0.7145605 0.8539968 0.7814167 0.7729522 1.4517800 1.4517800 1.1039969 1.2169728 1.0809224 1.5861552 1.6104293 1.6136670 1.5119176 2.1684977 1.7281634 1.5624851 1.5624851 1.5538136 1.5051725 1.4332554 4.1408012 1.0859769 1.7022328 1.8182105 2.3782907 1.4330783 1.5850953 1.0639495 1.3483711 1.3424919 1.3424919 1.3396701 1.3932802 1.2607874 1.2415609 1.2951516 1.9889477 1.1261435 1.2932595 1.3027744 1.6004369 1.9708335 1.4203290 1.9704945 1.9226294 1.8932113 4.7357178 
