75
Emue_Em0023g507a.t1                               0.0000000 0.4919207 1.0482765 0.6217489 1.7912964 1.7496426 1.8395661 2.2952512 2.2203513 1.8701653 2.0346394 2.2076620 2.2948838 1.9704966 1.8066786 1.8721757 2.0104638 1.9605070 1.7227931 1.8637290 1.9647424 1.8285138 2.2587108 2.2587108 1.8238201 1.7321031 1.7780550 1.7495451 1.9913654 1.4900648 1.6162578 1.7742808 1.7742808 1.8054337 1.4963849 1.4963849 2.8747948 2.0203225 2.0203225 1.8147244 2.3855280 2.0227718 1.6129611 2.3911761 1.5808402 1.2768259 1.7628477 1.3206082 2.8126365 2.1214601 2.0614483 2.1832577 2.3075953 2.6194204 2.6561768 2.4151363 2.0121156 1.9104554 2.6004977 2.4642094 2.4471354 2.6376275 2.1752757 1.9500318 2.7413227 4.3397979 2.9292148 0.6569599 3.0456692 4.1410545 3.2404295 2.2936269 3.8695750 3.4289421 3.5647199 
Emue_Em0023g517a.t1                               0.4919207 0.0000000 1.0923245 0.7643146 1.9524868 1.9132162 1.9435699 2.1751739 2.0266305 1.7752618 1.9039450 2.1581647 2.0636153 1.6670930 1.7513537 1.7409232 1.8353122 1.9685542 1.9859942 2.0177472 1.7898807 1.6550961 2.2871065 2.2871065 1.6983999 1.7521707 1.7567442 1.7162119 2.0672016 1.7058227 1.8820622 2.0372419 2.0372419 2.0666908 1.7209848 1.7209848 2.8300113 2.1425025 2.1425025 1.8987334 2.3426074 2.4473805 1.5634981 2.5199038 1.7399054 1.4720579 1.9017899 1.6966662 3.0128254 2.3518148 1.8680787 2.5191809 2.4763561 2.9154490 3.5496923 3.1978046 1.8516253 2.3105497 2.3955732 2.8774885 2.5955820 2.0443388 2.1869072 2.4385701 3.0672419 4.0840015 3.6578482 0.6400866 3.5576920 4.3152190 3.3843402 2.8427902 4.2275801 4.2985141 3.7584555 
Tetwil_g23510.t1                                  1.0482765 1.0923245 0.0000000 0.3310835 0.8627842 0.8403194 0.9272296 1.2848492 1.0698349 1.0262925 1.2160415 1.3298755 1.3710859 1.2309093 1.2417918 1.1668050 1.3883278 1.5274036 1.5371593 1.5171287 1.2941639 1.1093214 1.6634399 1.6634399 1.0946173 1.0125605 1.0832427 1.1587309 1.2869650 0.9098608 0.9165536 0.9601516 0.9601516 0.9762730 0.8419066 0.8419066 1.6904781 1.6820910 1.6820910 1.4582808 1.7318619 1.6364989 0.8043284 1.7476519 1.4340376 1.0970470 1.6646729 1.1620981 2.7012889 2.1039040 1.5886303 1.6729942 2.1377349 2.0100551 2.2503151 2.2048701 1.7245981 2.0111567 1.7750051 1.6549677 1.6915415 1.5079627 1.5930994 1.7020905 1.6613340 1.8498394 1.9046510 0.6806283 2.6777416 2.5640181 2.0451317 2.2626106 2.9856592 2.3847747 3.9376631 
Spolac_c92116_g1_i2_m.7512c92116-g1               0.6217489 0.7643146 0.3310835 0.0000000 0.8576708 0.8356417 0.9808060 1.4719442 1.2653630 1.2708634 1.3328261 1.4786844 1.5056706 1.3421934 1.2840326 1.2740414 1.3641124 1.8570599 1.6246157 1.6040756 1.5059812 1.3784570 1.8615305 1.8615305 1.2372942 1.2184895 1.2976670 1.3541573 1.5608014 1.0382434 1.1015393 1.1929332 1.1929332 1.2168563 1.0091357 1.0091357 1.7309533 1.6371112 1.6371112 1.3072225 1.7351153 1.6261247 1.1845884 1.7592773 1.6174494 1.1847595 1.7348916 1.2357186 2.4771573 1.8731156 1.4843348 2.0317078 2.1706281 1.9662180 2.2677029 1.8665080 1.8852945 2.1518821 1.6826058 1.5428067 1.5752578 1.7179841 1.8375730 1.5311663 1.9742137 2.4197333 2.5018881 0.9370670 2.3509202 3.0963536 2.4581151 2.0872296 3.5508089 2.7464431 3.8480163 
Aque_Aqu2.1.05541_001                             1.7912964 1.9524868 0.8627842 0.8576708 0.0000000 0.0106066 0.2833577 1.3938642 1.2312133 1.1999074 1.4511797 1.3443166 1.4265161 1.1692456 1.1621521 1.1080480 1.2368573 1.5183685 1.2527128 1.4290659 1.2097561 1.0839079 2.0094323 2.0094323 1.3828303 1.3643386 1.4162625 1.6998271 1.8182167 1.2087014 1.3114296 1.3198905 1.3198905 1.3898385 1.1781240 1.1781240 1.9175273 1.5020948 1.5020948 1.3021428 1.6028237 1.5891143 1.4067928 1.5502895 1.9909966 1.6462274 2.1581275 1.4407660 2.7300181 2.0913274 1.9787424 2.1204599 2.7606393 2.4512391 2.3183604 2.6735986 2.0277783 2.3608995 2.1807749 2.2007716 2.0778811 2.1675390 1.7068037 1.8480067 2.4874699 3.0505872 1.9607193 0.9712040 2.9317329 2.7482504 2.4491527 2.5218248 4.2057411 2.4276260 2.6853441 
Aque_Aqu2.1.39915_001                             1.7496426 1.9132162 0.8403194 0.8356417 0.0106066 0.0000000 0.3019055 1.4157165 1.2517952 1.2212560 1.4741646 1.3657886 1.4310517 1.1305547 1.1237196 1.0711670 1.1957985 1.4682196 1.2119560 1.3819274 1.2136501 1.0916794 2.0383355 2.0383355 1.3853930 1.3861574 1.4385238 1.6655068 1.8885957 1.2304333 1.3332537 1.3412837 1.3412837 1.4119435 1.1986753 1.1986753 1.9457996 1.5156951 1.5156951 1.3146239 1.6630841 1.5942717 1.4197532 1.5552753 2.0199308 1.7199323 2.1924426 1.4069207 2.6260210 2.1218826 1.9661433 2.1282233 2.7723987 2.3590103 2.2342782 2.5718931 2.0356970 2.3705903 2.0884599 2.1061753 2.1101987 2.1721934 1.7315206 1.8384310 2.4977714 3.0376561 1.8850456 0.9782408 2.9194088 2.8652100 2.4583617 2.5313499 4.1887944 2.5265438 2.6953956 
Halamb_c33321_g1_i1m.7595                         1.8395661 1.9435699 0.9272296 0.9808060 0.2833577 0.3019055 0.0000000 1.2641428 1.1054022 0.9953710 1.3327058 1.1746317 1.5016877 1.0927459 1.0893508 1.0257322 1.1501504 1.4694876 1.1599564 1.3577610 1.1823905 1.0659207 1.7928042 1.7928042 1.3735440 1.4389030 1.4964095 1.5790045 1.6775970 1.1960652 1.1678717 1.2368708 1.2368708 1.2795921 1.0687646 1.0687646 1.6003097 1.6041269 1.6041269 1.3456097 1.6525342 1.5451870 1.4072381 1.7865935 1.9263424 1.8058204 1.9940696 1.4228192 2.4745885 1.7601129 1.6696455 2.2166837 2.8241641 2.2207677 2.4458316 2.4960116 2.3638452 2.4844863 1.6749362 1.6228044 1.6658881 1.9378453 1.7915117 1.8486601 2.3118529 2.4460408 2.1413968 1.0389610 3.4924187 3.1243115 2.7307737 2.6535590 3.9794507 2.5775590 2.4008161 
Lcom_lcpid104216                                  2.2952512 2.1751739 1.2848492 1.4719442 1.3938642 1.4157165 1.2641428 0.0000000 0.2842974 0.2964494 0.3319527 0.2775346 0.3598125 0.6983224 0.6870362 0.7004152 0.6407066 0.8258875 0.8299016 0.8080365 0.5902844 0.5077232 0.6203952 0.6203952 0.5980733 0.6698792 0.7061512 0.8903310 0.9732197 0.6050948 0.5555012 0.6602008 0.6602008 0.6752752 0.5584486 0.5584486 0.7018567 0.9923786 0.9923786 0.8789762 0.8413493 0.8655503 0.9314867 1.0902224 1.1529042 1.2731939 1.3825974 1.1313535 2.1368120 1.4932266 1.2246557 1.3081418 1.7048537 1.9971883 1.9997792 2.2903562 1.2778449 1.4562307 1.8624379 1.8973495 1.5645613 1.7785784 1.3186438 1.5126638 1.6954001 2.2824270 1.5848707 0.3729615 2.0897816 2.5515491 2.6118682 2.1501010 2.9897216 1.8101725 2.3150435 
Acagra_model.g6447.t1                             2.2203513 2.0266305 1.0698349 1.2653630 1.2312133 1.2517952 1.1054022 0.2842974 0.0000000 0.1428469 0.2517066 0.3056217 0.4335598 0.5940919 0.5487118 0.4876946 0.5770636 0.7448162 0.8123498 0.6839612 0.4954450 0.4418422 0.5984486 0.5984486 0.5296091 0.6109810 0.6327480 0.7892883 0.9031839 0.5499510 0.5170592 0.5952710 0.5952710 0.6225144 0.5082463 0.5082463 0.6130247 0.9100611 0.9100611 0.8009353 0.9365818 0.8462070 0.8857645 1.1696151 1.0769803 1.2540168 1.3481699 1.1145077 2.2123183 1.3640319 1.1824871 1.2689202 1.5302509 1.8377820 1.7681699 2.0214085 1.3175107 1.4492906 1.7219088 1.6305117 1.3151789 1.6149776 1.1249958 1.4842647 1.5877290 2.0728746 1.5182385 0.4336284 1.9229113 1.9376948 1.9283061 1.7641088 2.4155904 1.9349319 2.0304521 
Cgig_XM_011447305.3                               1.8701653 1.7752618 1.0262925 1.2708634 1.1999074 1.2212560 0.9953710 0.2964494 0.1428469 0.0000000 0.2885044 0.3002216 0.4911402 0.6301691 0.5965505 0.5158819 0.5774988 0.5954465 0.6517327 0.6957666 0.5627086 0.4663905 0.4415919 0.4415919 0.6017814 0.6157446 0.6586320 0.7554508 0.7774238 0.7070470 0.6185527 0.7817003 0.7817003 0.7983706 0.5851480 0.5851480 0.6979574 1.0063703 1.0063703 0.8284921 0.9409237 0.8414454 0.8818990 1.0806476 1.0617997 1.0751363 1.3291697 1.0940150 1.8929510 1.3704480 1.2502028 1.1733677 1.5887939 1.5356606 1.5883094 1.6750171 1.5371517 1.6714417 1.7638850 1.5980746 1.4755165 1.5595850 1.0264045 1.6066998 1.5190348 2.1635849 1.3988868 0.4665160 1.9621562 2.1273849 2.0506059 1.7480449 2.0201000 1.5236134 1.8758802 
Bralan_BLAG01002409_1                             2.0346394 1.9039450 1.2160415 1.3328261 1.4511797 1.4741646 1.3327058 0.3319527 0.2517066 0.2885044 0.0000000 0.3727088 0.5907715 0.7095158 0.6023470 0.6020325 0.6599027 0.9257370 0.9705661 0.7918915 0.6464451 0.5543178 0.6071665 0.6071665 0.6113487 0.6662134 0.6908353 0.9766175 1.1179790 0.6129864 0.5546238 0.6786612 0.6786612 0.6942810 0.5669855 0.5669855 0.5628204 0.8902607 0.8902607 0.7463736 0.8334641 0.8180599 0.9760312 1.2623888 1.3168219 1.3576870 1.3665146 1.1419907 2.5598270 1.6784361 1.4514489 1.4735913 1.4975343 2.3153248 2.4450573 2.2584217 1.4066111 1.6162031 2.0248066 1.8347160 1.4951964 1.4934383 1.1204691 1.6549126 1.7827291 2.2069949 1.6886190 0.4381071 2.1767042 2.1831080 2.1066606 2.1669979 2.7036224 1.9912098 2.1148608 
Skow_XM_002733593.1                               2.2076620 2.1581647 1.3298755 1.4786844 1.3443166 1.3657886 1.1746317 0.2775346 0.3056217 0.3002216 0.3727088 0.0000000 0.5166367 0.6848457 0.5801273 0.6462932 0.6248206 0.8810719 0.9036789 0.7923162 0.5615373 0.5094356 0.5491511 0.5491511 0.5404901 0.6366065 0.6763269 0.8825144 1.0912936 0.5576113 0.4868066 0.6330355 0.6330355 0.6483969 0.4704356 0.4704356 0.7193127 0.9535194 0.9535194 0.8221645 0.8924337 0.8823728 1.0703426 1.0773428 1.4281975 1.2018249 1.5973960 1.1680264 2.3897691 1.5720176 1.5131971 1.4554010 1.9539219 1.9221261 2.1378996 2.1487074 1.2102561 1.4016638 1.8168131 1.7094546 1.6958547 1.5793814 1.2563929 1.7560343 1.7027904 2.6093585 1.6184981 0.4498419 2.1540074 2.4005698 2.5493374 1.9007568 2.4766163 1.8104055 2.1460358 
Ctel_gnl_WGS_AMQN_CAPTEDRAFT_mRNA157991           2.2948838 2.0636153 1.3710859 1.5056706 1.4265161 1.4310517 1.5016877 0.3598125 0.4335598 0.4911402 0.5907715 0.5166367 0.0000000 0.6806396 0.7754068 0.7876391 0.6847942 0.9188166 1.0607334 1.0072132 0.6912495 0.5784407 0.9343529 0.9343529 0.6781850 0.8079521 0.8615793 1.1422067 1.0101099 0.5855989 0.6767779 0.6786708 0.6786708 0.7231471 0.6820381 0.6820381 0.6866542 0.7448443 0.7448443 0.7166542 0.9468206 0.9706449 1.2253211 1.2014661 1.3175678 1.5198765 1.4194091 1.2836694 2.0063485 1.4115879 1.3396023 1.3128648 1.6467588 2.1344781 2.1130993 2.5289728 1.3361314 1.4691738 1.6482658 1.8144334 1.5806324 1.5640710 1.6446543 1.5233181 1.3411112 2.5507962 1.8533289 0.3249773 2.2455645 2.4235105 2.4464286 2.0215994 3.0965537 2.3939201 2.8219756 
Spis_XP_022790344_1                               1.9704966 1.6670930 1.2309093 1.3421934 1.1692456 1.1305547 1.0927459 0.6983224 0.5940919 0.6301691 0.7095158 0.6848457 0.6806396 0.0000000 0.1240115 0.0939482 0.1441752 0.3086241 0.2261940 0.2956682 0.4383661 0.2930102 0.9930456 0.9930456 0.7095919 0.8565553 0.8622433 1.0029031 0.9745717 0.7409889 0.7319915 0.7613998 0.7613998 0.8499682 0.6896491 0.6896491 1.0986903 1.0708337 1.0708337 0.9224578 0.9022474 0.7632195 1.1396917 1.2537351 1.6279313 1.4051154 1.6462355 1.1418583 2.3162086 1.7190434 1.4148327 1.2675802 1.8084128 2.1200913 2.2783625 2.4818764 1.4484402 1.4788950 2.0143872 1.8995332 1.9022087 1.8962419 1.2601252 1.8507153 1.6032188 2.4009286 1.3163167 0.6829227 1.9847002 1.7351913 1.8255006 2.0499544 3.0654214 1.8711239 2.2498147 
Fspp_ffun1.m4.3820.m1                             1.8066786 1.7513537 1.2417918 1.2840326 1.1621521 1.1237196 1.0893508 0.6870362 0.5487118 0.5965505 0.6023470 0.5801273 0.7754068 0.1240115 0.0000000 0.0850977 0.1250879 0.3223041 0.2853143 0.1853569 0.4216628 0.2958171 0.9166905 0.9166905 0.7122437 0.8371053 0.8563742 1.0473717 0.9592666 0.6913905 0.6854474 0.7145661 0.7145661 0.8008069 0.6497379 0.6497379 1.1555653 1.0178702 1.0178702 0.8875764 0.8697171 0.7807688 1.1150587 1.2875606 1.5142624 1.2808029 1.7288494 1.0903492 2.2639751 1.5919510 1.5113204 1.2054410 1.6362599 2.0614174 2.1703816 2.3679263 1.3968041 1.5121380 1.8152661 1.6977823 1.9652925 1.7940081 1.3296287 1.8283192 1.5862115 2.5992302 1.3015548 0.6829227 2.1014380 1.9407228 2.1506264 2.1218610 2.7355527 1.8199769 2.5212335 
Gfas_gfas1.m1.20609.m1                            1.8721757 1.7409232 1.1668050 1.2740414 1.1080480 1.0711670 1.0257322 0.7004152 0.4876946 0.5158819 0.6020325 0.6462932 0.7876391 0.0939482 0.0850977 0.0000000 0.1152321 0.2806990 0.2246157 0.2217769 0.4099658 0.2683608 0.9094287 0.9094287 0.6877466 0.7692588 0.7472318 0.9047559 0.9714065 0.7464890 0.7371976 0.7664989 0.7664989 0.8550127 0.6604957 0.6604957 1.1027368 1.0188595 1.0188595 0.8895326 0.8845801 0.7431978 1.0822964 1.2854052 1.3903143 1.2730029 1.6636081 1.0818297 2.2712725 1.5278190 1.4094892 1.2059451 1.7382538 1.9790188 2.0700017 2.3214915 1.4061863 1.5026023 1.7677041 1.6346445 1.8927938 1.8071104 1.2907390 1.7934652 1.5984457 2.3894843 1.2763446 0.6829227 2.0832433 1.8743129 2.0935838 2.0532607 2.9648086 1.8645265 2.2051311 
Adig_XM_015919885.1                               2.0104638 1.8353122 1.3883278 1.3641124 1.2368573 1.1957985 1.1501504 0.6407066 0.5770636 0.5774988 0.6599027 0.6248206 0.6847942 0.1441752 0.1250879 0.1152321 0.0000000 0.1994036 0.2780229 0.3079635 0.4464173 0.3374996 0.9659140 0.9659140 0.7442732 0.9248111 0.9257612 1.1421318 1.0830872 0.8084568 0.8042700 0.8512416 0.8512416 0.9205166 0.7590860 0.7590860 1.1520483 1.0513474 1.0513474 0.9753429 0.9287382 0.8386835 1.2446541 1.3480547 1.4579420 1.3586509 1.6578685 1.1491683 2.1695895 1.5199195 1.3134259 1.2289198 1.6211140 2.0607608 2.2343024 2.4723140 1.3437854 1.3833731 1.8851870 1.7654492 1.9645563 1.7572391 1.3873011 1.9477652 1.5963935 2.6626451 1.3560583 0.6579580 2.1325343 1.9233257 2.0938919 2.1248072 3.0478158 2.0094764 2.2501003 
Amil_Amillepora19582-RA                           1.9605070 1.9685542 1.5274036 1.8570599 1.5183685 1.4682196 1.4694876 0.8258875 0.7448162 0.5954465 0.9257370 0.8810719 0.9188166 0.3086241 0.3223041 0.2806990 0.1994036 0.0000000 0.3256535 0.3094296 0.5786779 0.5037830 1.0672862 1.0672862 0.9261673 1.0056494 1.0295630 1.0956274 1.0350427 0.9957295 0.9796665 1.0311337 1.0311337 1.1117059 0.9808849 0.9808849 1.4746207 1.1584192 1.1584192 1.1399092 1.1758372 1.2057958 1.2848960 1.5140740 1.5773267 1.3717282 1.6188369 1.1282812 2.0230216 1.6576041 1.3256313 1.2135304 1.7329763 2.0380751 1.9205065 2.1018593 1.6115254 1.4722640 1.8851870 1.7654492 1.9744206 1.8767535 1.4889354 2.1037274 1.7352770 2.5662115 1.3858618 0.7487749 2.2005978 2.3043367 2.3346412 2.3218726 2.7739725 1.9725329 2.2945445 
Pocdam_XM_027200469.1                             1.7227931 1.9859942 1.5371593 1.6246157 1.2527128 1.2119560 1.1599564 0.8299016 0.8123498 0.6517327 0.9705661 0.9036789 1.0607334 0.2261940 0.2853143 0.2246157 0.2780229 0.3256535 0.0000000 0.2315548 0.6325004 0.4399299 1.0714621 1.0714621 0.9820084 1.0562022 1.0537861 0.9545174 1.0407261 0.8945072 0.8751429 0.9063800 0.9063800 1.0076350 0.8271955 0.8271955 1.3693787 1.3847536 1.3847536 1.1990145 1.2065362 1.0531157 1.2356947 1.3414700 1.6854720 1.3829449 1.6445572 1.0916768 2.4612212 1.7905133 1.5515898 1.1968785 1.9332499 2.3228812 2.0656769 2.3869031 1.6762454 1.5608417 1.8714807 1.8327105 1.9140246 1.8706341 1.4626494 1.9614868 1.6955835 2.4868584 1.3179482 0.7907650 2.3244867 2.0015272 2.2833614 2.2149397 2.9558426 1.9169184 2.2044517 
Gasp_gasp1.m3.15189.m1                            1.8637290 2.0177472 1.5171287 1.6040756 1.4290659 1.3819274 1.3577610 0.8080365 0.6839612 0.6957666 0.7918915 0.7923162 1.0072132 0.2956682 0.1853569 0.2217769 0.3079635 0.3094296 0.2315548 0.0000000 0.5506745 0.4520987 0.8432477 0.8432477 0.8654046 1.0106560 1.0483303 1.0378542 0.8773572 0.8728297 0.8547500 0.8861848 0.8861848 0.9869335 0.7931485 0.7931485 1.4021541 1.2148972 1.2148972 1.1083371 1.2009317 1.0782383 1.1729336 1.3966904 1.6037176 1.2973660 1.5930390 1.0605714 2.4528983 1.9508712 1.5697692 1.2663415 1.7764396 2.4078790 2.3503032 2.4495276 1.5737424 1.5947192 1.7999124 1.6830530 1.9082573 1.8993434 1.4858164 1.7336365 1.6830223 2.5033325 1.4353129 0.7794027 2.1984394 2.1672310 2.2913286 2.2057588 2.8446683 1.5665108 2.6791277 
Exapal_XM_021039982.2                             1.9647424 1.7898807 1.2941639 1.5059812 1.2097561 1.2136501 1.1823905 0.5902844 0.4954450 0.5627086 0.6464451 0.5615373 0.6912495 0.4383661 0.4216628 0.4099658 0.4464173 0.5786779 0.6325004 0.5506745 0.0000000 0.2221061 0.8289267 0.8289267 0.7738736 0.8188419 0.8579286 0.9425498 1.0203142 0.7764163 0.7651603 0.7949272 0.7949272 0.8859004 0.7720085 0.7720085 1.1554512 1.0512888 1.0512888 0.9900575 0.9287748 0.7581919 1.1216032 1.2759968 1.4897717 1.2370340 1.6802299 1.0840666 2.1775266 1.5095508 1.4103787 1.1136135 1.5497844 2.1196220 2.2943117 2.2782435 1.0652340 1.2757621 1.8898476 1.7150204 1.9542350 1.8297084 1.1019645 1.7109553 1.7881018 2.4542595 1.5479166 0.5904204 2.3962208 2.3196424 2.3732180 2.1615412 2.8146049 1.8889231 2.5534759 
Nvec_v1g236875                                    1.8285138 1.6550961 1.1093214 1.3784570 1.0839079 1.0916794 1.0659207 0.5077232 0.4418422 0.4663905 0.5543178 0.5094356 0.5784407 0.2930102 0.2958171 0.2683608 0.3374996 0.5037830 0.4399299 0.4520987 0.2221061 0.0000000 0.8007072 0.8007072 0.5449043 0.7209784 0.6987911 0.8646074 0.8657345 0.6176999 0.6163934 0.6431193 0.6431193 0.7205079 0.6141880 0.6141880 1.0038693 0.7984911 0.7984911 0.7436510 0.8607405 0.7189357 1.0003966 1.2202276 1.4002812 1.2694794 1.6124958 1.1190056 2.4000438 1.5588426 1.3504437 1.1992177 1.7163401 2.0186774 2.1859797 2.2467115 1.4021694 1.5960427 1.9727395 1.8254535 1.8464641 1.6251141 1.1515621 1.8233767 1.8133791 2.4568289 1.4360069 0.6158398 2.2848509 2.0478960 2.1397880 1.9680826 2.7437526 1.8269874 2.5363053 
Spur_XM_030995170.1                               2.2587108 2.2871065 1.6634399 1.8615305 2.0094323 2.0383355 1.7928042 0.6203952 0.5984486 0.4415919 0.6071665 0.5491511 0.9343529 0.9930456 0.9166905 0.9094287 0.9659140 1.0672862 1.0714621 0.8432477 0.8289267 0.8007072 0.0000000 0.0000010 0.8749948 0.8710982 0.9414790 1.0717476 1.0931030 0.9239634 0.7984207 1.0030691 1.0030691 1.0225021 0.7862244 0.7862244 1.1461328 1.3907711 1.3907711 1.1717773 1.3597542 1.2003733 1.3971647 1.3052420 1.9376647 1.3661638 1.7809295 1.3484862 3.1069833 1.9759246 2.0744362 1.5720653 2.3669044 2.1769546 2.4299011 2.8335025 1.5306979 1.6783712 2.2590435 1.9953008 1.9626646 1.6300336 1.6121001 2.0983982 1.5455512 2.6012405 1.9130578 0.6334593 2.2257397 2.7364050 2.4754604 1.9866007 2.5062712 1.9084620 2.9561205 
Spur_XM_030995193.1                               2.2587108 2.2871065 1.6634399 1.8615305 2.0094323 2.0383355 1.7928042 0.6203952 0.5984486 0.4415919 0.6071665 0.5491511 0.9343529 0.9930456 0.9166905 0.9094287 0.9659140 1.0672862 1.0714621 0.8432477 0.8289267 0.8007072 0.0000010 0.0000000 0.8749948 0.8710982 0.9414790 1.0717476 1.0931030 0.9239634 0.7984207 1.0030691 1.0030691 1.0225021 0.7862244 0.7862244 1.1461328 1.3907711 1.3907711 1.1717773 1.3597542 1.2003733 1.3971647 1.3052420 1.9376647 1.3661638 1.7809295 1.3484862 3.1069833 1.9759246 2.0744362 1.5720653 2.3669044 2.1769546 2.4299011 2.8335025 1.5306979 1.6783712 2.2590435 1.9953008 1.9626646 1.6300336 1.6121001 2.0983982 1.5455512 2.6012405 1.9130578 0.6334593 2.2257397 2.7364050 2.4754604 1.9866007 2.5062712 1.9084620 2.9561205 
Morvir_scaffold62.g55.t1                          1.8238201 1.6983999 1.0946173 1.2372942 1.3828303 1.3853930 1.3735440 0.5980733 0.5296091 0.6017814 0.6113487 0.5404901 0.6781850 0.7095919 0.7122437 0.6877466 0.7442732 0.9261673 0.9820084 0.8654046 0.7738736 0.5449043 0.8749948 0.8749948 0.0000000 0.4662375 0.4592729 0.6463623 0.7371135 0.5485683 0.5355429 0.5188216 0.5188216 0.5868442 0.4979145 0.4979145 0.8809018 0.8671350 0.8671350 0.7240493 0.9236748 0.8407500 0.9896929 0.9338531 1.4082108 1.4049991 1.4148113 1.0900729 2.0276986 1.7981940 1.6128705 1.3721333 2.1772953 1.6621757 1.8727108 2.2024404 1.4074500 1.9015590 1.7935181 1.6708971 1.5265459 1.6094215 1.5200004 1.6259721 1.8607375 2.3331463 1.9968704 0.7417520 1.8180640 2.4455265 2.2416712 1.9551289 2.7328249 2.5859783 2.8567791 
Nemnom_g5987.t1                                   1.7321031 1.7521707 1.0125605 1.2184895 1.3643386 1.3861574 1.4389030 0.6698792 0.6109810 0.6157446 0.6662134 0.6366065 0.8079521 0.8565553 0.8371053 0.7692588 0.9248111 1.0056494 1.0562022 1.0106560 0.8188419 0.7209784 0.8710982 0.8710982 0.4662375 0.0000000 0.0784321 0.2466785 0.4633360 0.6376193 0.6624564 0.6680789 0.6680789 0.7202804 0.6084036 0.6084036 0.9945450 1.0773748 1.0773748 0.9701273 0.8972778 0.7793754 1.0025874 1.0979247 1.4647636 1.3534827 1.4491902 1.0182951 2.3459643 1.6705519 1.8303863 1.3524919 1.9827774 1.8899284 2.0581906 2.3103477 1.5685654 1.7269166 1.7827948 1.8072067 1.6265589 1.9070512 1.3969754 1.8116774 2.0861171 2.0103532 1.8728061 0.6834789 2.4607086 2.7376161 2.4844178 1.8794053 2.9150073 2.3235771 2.9831093 
Rhoesc_Res_008384-T1                              1.7780550 1.7567442 1.0832427 1.2976670 1.4162625 1.4385238 1.4964095 0.7061512 0.6327480 0.6586320 0.6908353 0.6763269 0.8615793 0.8622433 0.8563742 0.7472318 0.9257612 1.0295630 1.0537861 1.0483303 0.8579286 0.6987911 0.9414790 0.9414790 0.4592729 0.0784321 0.0000000 0.1748213 0.3894625 0.6298611 0.6621127 0.6747121 0.6747121 0.7256066 0.6063305 0.6063305 1.0029434 1.1337498 1.1337498 1.0416282 0.8931424 0.7628202 1.0288877 1.1385950 1.4002614 1.4155793 1.4083823 1.0016946 2.2710383 1.6966782 1.7929699 1.4333380 2.0803747 1.9139490 1.9939243 2.3276269 1.7186880 1.8951673 2.0036351 1.9869483 1.6760524 2.0518710 1.4025715 1.9261838 2.1365182 2.1396545 1.9944173 0.7086117 2.3412358 2.9214173 2.7202307 1.9358205 2.9226403 2.3813656 2.8136513 
Aaur_scaffold142.g31.t1                           1.7495451 1.7162119 1.1587309 1.3541573 1.6998271 1.6655068 1.5790045 0.8903310 0.7892883 0.7554508 0.9766175 0.8825144 1.1422067 1.0029031 1.0473717 0.9047559 1.1421318 1.0956274 0.9545174 1.0378542 0.9425498 0.8646074 1.0717476 1.0717476 0.6463623 0.2466785 0.1748213 0.0000000 0.4118597 0.7146420 0.7257212 0.7420267 0.7420267 0.7717536 0.6676213 0.6676213 1.2381714 1.3211753 1.3211753 1.1677675 1.2703950 1.0396595 0.9885380 1.1006755 1.5160511 1.4075413 1.6324561 1.0165403 2.4870748 1.7939509 1.8286168 1.4745603 2.3306775 1.9796617 2.0345509 2.3022815 1.8183739 2.1247750 1.8652313 1.8493296 1.8029228 2.2688454 1.5795058 2.0727877 2.0193622 1.9839235 2.1756896 0.8745474 2.7929225 3.3616493 2.9642662 1.9650554 3.2286602 2.5653092 2.6869767 
Sanmal_Sma_001405-T1                              1.9913654 2.0672016 1.2869650 1.5608014 1.8182167 1.8885957 1.6775970 0.9732197 0.9031839 0.7774238 1.1179790 1.0912936 1.0101099 0.9745717 0.9592666 0.9714065 1.0830872 1.0350427 1.0407261 0.8773572 1.0203142 0.8657345 1.0931030 1.0931030 0.7371135 0.4633360 0.3894625 0.4118597 0.0000000 0.7428904 0.7961657 0.8044069 0.8044069 0.7722269 0.7559968 0.7559968 1.3888166 1.4771611 1.4771611 1.3546817 1.3465241 1.2328648 1.0536876 1.2766711 1.3910142 1.2936464 1.7224905 1.0687994 3.2316008 2.2429755 1.7536485 1.6534959 2.4832017 2.2446855 2.4434441 2.3813825 2.0733200 2.1738636 1.8426491 1.8571705 1.9222241 2.0746612 1.5439044 2.2198267 2.0911528 2.2028044 2.1867276 0.7764170 2.5355250 3.0599982 2.8934316 2.5429920 2.7338611 2.5859480 3.0650398 
HoiH23_PlH23_010586-RA                            1.4900648 1.7058227 0.9098608 1.0382434 1.2087014 1.2304333 1.1960652 0.6050948 0.5499510 0.7070470 0.6129864 0.5576113 0.5855989 0.7409889 0.6913905 0.7464890 0.8084568 0.9957295 0.8945072 0.8728297 0.7764163 0.6176999 0.9239634 0.9239634 0.5485683 0.6376193 0.6298611 0.7146420 0.7428904 0.0000000 0.0250794 0.0250794 0.0250794 0.0250794 0.0925162 0.0925162 0.6648359 0.8921929 0.8921929 0.6283371 1.1170176 0.9367592 0.8223745 0.8376844 0.9106964 0.9019103 0.9096956 0.7491898 1.9415668 1.3263698 1.2315446 1.0482162 1.3842662 1.4117779 1.5082579 1.5261320 1.3442192 1.6429527 1.8064955 1.8159233 1.6526385 1.5806445 1.0839387 1.6585500 1.7985706 2.3346251 1.3990366 0.3925854 2.0545331 2.1045652 1.9551731 1.7692812 2.9146259 1.9035868 2.3450835 
Hhon_g11103.t1                                    1.6162578 1.8820622 0.9165536 1.1015393 1.3114296 1.3332537 1.1678717 0.5555012 0.5170592 0.6185527 0.5546238 0.4868066 0.6767779 0.7319915 0.6854474 0.7371976 0.8042700 0.9796665 0.8751429 0.8547500 0.7651603 0.6163934 0.7984207 0.7984207 0.5355429 0.6624564 0.6621127 0.7257212 0.7961657 0.0250794 0.0000000 0.0623694 0.0623694 0.0641430 0.0598063 0.0598063 0.7108069 0.9011279 0.9011279 0.6509281 1.0814811 0.9146667 0.7516932 0.9722361 1.1092671 1.1125218 1.0450618 0.8762961 2.0789711 1.5103746 1.4456681 1.1254497 1.6448581 1.4833223 1.6435915 1.5716461 1.5483563 1.8229394 1.7352329 1.6014902 1.5821374 1.5502264 1.1494444 1.6643687 1.7977375 2.3016015 1.5095062 0.6874792 2.2241295 2.2755135 2.1064968 1.9760279 3.0956699 1.9488713 2.4703593 
HoiH04_mRNA10361                                  1.7742808 2.0372419 0.9601516 1.1929332 1.3198905 1.3412837 1.2368708 0.6602008 0.5952710 0.7817003 0.6786612 0.6330355 0.6786708 0.7613998 0.7145661 0.7664989 0.8512416 1.0311337 0.9063800 0.8861848 0.7949272 0.6431193 1.0030691 1.0030691 0.5188216 0.6680789 0.6747121 0.7420267 0.8044069 0.0250794 0.0623694 0.0000000 0.0000010 0.0241216 0.1310931 0.1310931 0.7613606 0.9560347 0.9560347 0.6918363 1.1666112 0.9909811 0.8581707 0.9827401 1.0705798 1.0766416 1.0574025 0.8940486 2.1365775 1.5383328 1.4735392 1.1009379 1.5922499 1.5064958 1.5828603 1.6546165 1.4744329 1.7342991 2.0868591 1.9268479 1.7021473 1.6509071 1.1568381 1.6643687 1.8564527 2.3705460 1.4466570 0.8386207 2.2661427 2.0303430 2.0395564 2.0008891 3.0588419 1.8674442 2.6659418 
HoiH04_mRNA1988                                   1.7742808 2.0372419 0.9601516 1.1929332 1.3198905 1.3412837 1.2368708 0.6602008 0.5952710 0.7817003 0.6786612 0.6330355 0.6786708 0.7613998 0.7145661 0.7664989 0.8512416 1.0311337 0.9063800 0.8861848 0.7949272 0.6431193 1.0030691 1.0030691 0.5188216 0.6680789 0.6747121 0.7420267 0.8044069 0.0250794 0.0623694 0.0000010 0.0000000 0.0241216 0.1310931 0.1310931 0.7613606 0.9560347 0.9560347 0.6918363 1.1666112 0.9909811 0.8581707 0.9827401 1.0705798 1.0766416 1.0574025 0.8940486 2.1365775 1.5383328 1.4735392 1.1009379 1.5922499 1.5064958 1.5828603 1.6546165 1.4744329 1.7342991 2.0868591 1.9268479 1.7021473 1.6509071 1.1568381 1.6643687 1.8564527 2.3705460 1.4466570 0.8386207 2.2661427 2.0303430 2.0395564 2.0008891 3.0588419 1.8674442 2.6659418 
HoiH06_mRNA187                                    1.8054337 2.0666908 0.9762730 1.2168563 1.3898385 1.4119435 1.2795921 0.6752752 0.6225144 0.7983706 0.6942810 0.6483969 0.7231471 0.8499682 0.8008069 0.8550127 0.9205166 1.1117059 1.0076350 0.9869335 0.8859004 0.7205079 1.0225021 1.0225021 0.5868442 0.7202804 0.7256066 0.7717536 0.7722269 0.0250794 0.0641430 0.0241216 0.0241216 0.0000000 0.1348019 0.1348019 0.7687861 1.0174174 1.0174174 0.7374442 1.2079081 1.0257239 0.8759467 1.0223106 1.0757557 1.1771943 1.1224437 0.8940486 2.1365775 1.5383328 1.4735392 1.1679878 1.6602444 1.5064958 1.7301173 1.6808302 1.6024087 1.8822562 2.0904442 1.9315158 1.7076613 1.7939684 1.2595613 1.6643687 1.9919391 2.4476911 1.5613456 0.7919091 2.2627932 2.0723378 2.0827254 2.0160879 3.2497107 2.0398403 2.6406943 
TrH2_TrispH2_010607-RA                            1.4963849 1.7209848 0.8419066 1.0091357 1.1781240 1.1986753 1.0687646 0.5584486 0.5082463 0.5851480 0.5669855 0.4704356 0.6820381 0.6896491 0.6497379 0.6604957 0.7590860 0.9808849 0.8271955 0.7931485 0.7720085 0.6141880 0.7862244 0.7862244 0.4979145 0.6084036 0.6063305 0.6676213 0.7559968 0.0925162 0.0598063 0.1310931 0.1310931 0.1348019 0.0000000 0.0000010 0.7131569 0.9005966 0.9005966 0.6653045 1.0047277 0.8575369 0.7190051 0.8414468 1.0658436 1.1125531 1.0927037 0.8892246 2.0891712 1.5390825 1.5495435 1.2164842 1.6743927 1.5796697 1.6222639 1.6716108 1.5693800 1.8698157 1.7690010 1.6723997 1.5862017 1.5739486 1.1290837 1.6487520 1.8356189 2.1970557 1.4077007 0.6359523 2.2436936 2.1286958 2.0271383 1.9757787 2.8653701 1.8540957 2.3710198 
Tadh_TriadT64311                                  1.4963849 1.7209848 0.8419066 1.0091357 1.1781240 1.1986753 1.0687646 0.5584486 0.5082463 0.5851480 0.5669855 0.4704356 0.6820381 0.6896491 0.6497379 0.6604957 0.7590860 0.9808849 0.8271955 0.7931485 0.7720085 0.6141880 0.7862244 0.7862244 0.4979145 0.6084036 0.6063305 0.6676213 0.7559968 0.0925162 0.0598063 0.1310931 0.1310931 0.1348019 0.0000010 0.0000000 0.7131569 0.9005966 0.9005966 0.6653045 1.0047277 0.8575369 0.7190051 0.8414468 1.0658436 1.1125531 1.0927037 0.8892246 2.0891712 1.5390825 1.5495435 1.2164842 1.6743927 1.5796697 1.6222639 1.6716108 1.5693800 1.8698157 1.7690010 1.6723997 1.5862017 1.5739486 1.1290837 1.6487520 1.8356189 2.1970557 1.4077007 0.6359523 2.2436936 2.1286958 2.0271383 1.9757787 2.8653701 1.8540957 2.3710198 
Hsap_ENST00000397572                              2.8747948 2.8300113 1.6904781 1.7309533 1.9175273 1.9457996 1.6003097 0.7018567 0.6130247 0.6979574 0.5628204 0.7193127 0.6866542 1.0986903 1.1555653 1.1027368 1.1520483 1.4746207 1.3693787 1.4021541 1.1554512 1.0038693 1.1461328 1.1461328 0.8809018 0.9945450 1.0029434 1.2381714 1.3888166 0.6648359 0.7108069 0.7613606 0.7613606 0.7687861 0.7131569 0.7131569 0.0000000 0.8058787 0.8058787 0.7240186 1.2423801 1.3221093 1.4138212 1.1549109 1.8606137 1.7900456 1.8268649 1.6393843 3.0376602 2.1173373 1.7550942 1.8381211 2.1865841 2.3563770 2.3896920 2.6072878 2.0912125 2.1521787 2.3086668 2.1387895 1.7611969 2.0307839 1.5209225 1.9436787 2.0926104 2.5518440 1.9579867 0.5608089 2.4734510 2.6594690 2.6057098 2.4098576 3.1713651 2.6615513 2.4866666 
Horcal_Hcv1.av93.c2.g650.i1                       2.0203225 2.1425025 1.6820910 1.6371112 1.5020948 1.5156951 1.6041269 0.9923786 0.9100611 1.0063703 0.8902607 0.9535194 0.7448443 1.0708337 1.0178702 1.0188595 1.0513474 1.1584192 1.3847536 1.2148972 1.0512888 0.7984911 1.3907711 1.3907711 0.8671350 1.0773748 1.1337498 1.3211753 1.4771611 0.8921929 0.9011279 0.9560347 0.9560347 1.0174174 0.9005966 0.9005966 0.8058787 0.0000000 0.0000010 0.1827300 1.2379392 1.2973471 1.2586225 1.4641956 1.8412627 1.7179103 1.7833750 1.3256142 2.5099235 1.7188116 1.7855940 1.7692761 2.0897641 2.4250922 2.3974613 2.4740973 1.8367817 2.0502119 1.9525018 1.7965882 2.0237711 1.8415302 1.8098099 1.8819172 2.2992763 3.1407038 2.1679323 0.8909492 2.5332553 2.8565566 2.8416282 2.7409802 3.1504618 2.5958015 3.9790527 
Pbac_sb2665001                                    2.0203225 2.1425025 1.6820910 1.6371112 1.5020948 1.5156951 1.6041269 0.9923786 0.9100611 1.0063703 0.8902607 0.9535194 0.7448443 1.0708337 1.0178702 1.0188595 1.0513474 1.1584192 1.3847536 1.2148972 1.0512888 0.7984911 1.3907711 1.3907711 0.8671350 1.0773748 1.1337498 1.3211753 1.4771611 0.8921929 0.9011279 0.9560347 0.9560347 1.0174174 0.9005966 0.9005966 0.8058787 0.0000010 0.0000000 0.1827300 1.2379392 1.2973471 1.2586225 1.4641956 1.8412627 1.7179103 1.7833750 1.3256142 2.5099235 1.7188116 1.7855940 1.7692761 2.0897641 2.4250922 2.3974613 2.4740973 1.8367817 2.0502119 1.9525018 1.7965882 2.0237711 1.8415302 1.8098099 1.8819172 2.2992763 3.1407038 2.1679323 0.8909492 2.5332553 2.8565566 2.8416282 2.7409802 3.1504618 2.5958015 3.9790527 
Mlei_ML0452.g42.i1                                1.8147244 1.8987334 1.4582808 1.3072225 1.3021428 1.3146239 1.3456097 0.8789762 0.8009353 0.8284921 0.7463736 0.8221645 0.7166542 0.9224578 0.8875764 0.8895326 0.9753429 1.1399092 1.1990145 1.1083371 0.9900575 0.7436510 1.1717773 1.1717773 0.7240493 0.9701273 1.0416282 1.1677675 1.3546817 0.6283371 0.6509281 0.6918363 0.6918363 0.7374442 0.6653045 0.6653045 0.7240186 0.1827300 0.1827300 0.0000000 1.1097465 1.0997814 1.1220320 1.2829902 1.6253006 1.4506027 1.4892815 1.2183381 2.3787956 1.8080099 1.7292196 1.5958255 2.0093013 2.0451459 1.9874817 2.1626154 1.8931151 2.0779743 1.9287430 1.6783373 2.0815384 1.6225410 1.7754977 1.8406423 2.1091467 3.1920647 1.8966534 0.8451144 2.3955710 2.9536154 2.8789808 2.6694531 3.0348319 2.3557172 3.2581745 
Dgig_XM_028558216.1                               2.3855280 2.3426074 1.7318619 1.7351153 1.6028237 1.6630841 1.6525342 0.8413493 0.9365818 0.9409237 0.8334641 0.8924337 0.9468206 0.9022474 0.8697171 0.8845801 0.9287382 1.1758372 1.2065362 1.2009317 0.9287748 0.8607405 1.3597542 1.3597542 0.9236748 0.8972778 0.8931424 1.2703950 1.3465241 1.1170176 1.0814811 1.1666112 1.1666112 1.2079081 1.0047277 1.0047277 1.2423801 1.2379392 1.2379392 1.1097465 0.0000000 0.2467504 1.3446241 1.7008977 1.7960995 1.9824597 1.8463800 1.3468576 2.8256109 2.0819543 2.1564583 1.8751119 2.2823092 2.7020564 2.9645484 2.5085007 2.3641273 2.4154276 2.2633233 2.3601178 2.0871975 2.3244224 1.6485647 2.1508965 2.6362199 2.4311881 2.2134835 0.7354472 1.9954443 3.1114333 3.6981140 3.3837455 2.9960619 2.7143288 3.2872793 
Xesp_011626-T1                                    2.0227718 2.4473805 1.6364989 1.6261247 1.5891143 1.5942717 1.5451870 0.8655503 0.8462070 0.8414454 0.8180599 0.8823728 0.9706449 0.7632195 0.7807688 0.7431978 0.8386835 1.2057958 1.0531157 1.0782383 0.7581919 0.7189357 1.2003733 1.2003733 0.8407500 0.7793754 0.7628202 1.0396595 1.2328648 0.9367592 0.9146667 0.9909811 0.9909811 1.0257239 0.8575369 0.8575369 1.3221093 1.2973471 1.2973471 1.0997814 0.2467504 0.0000000 1.2368502 1.5171070 1.8575253 2.1212171 1.7525604 1.3277886 3.4163294 2.2705122 2.4917048 1.6516969 2.3413809 2.8239400 3.1333545 2.4930473 2.1461997 2.2857036 2.2026901 1.9690871 1.9268950 2.3106171 1.6774646 2.2526349 2.3585526 2.4993752 1.9154111 0.6395956 2.2044326 2.9575890 3.0315760 2.7995541 3.0340946 2.4164388 3.7290191 
Opea_EP00118_Oscarella_pearsei_P025323            1.6129611 1.5634981 0.8043284 1.1845884 1.4067928 1.4197532 1.4072381 0.9314867 0.8857645 0.8818990 0.9760312 1.0703426 1.2253211 1.1396917 1.1150587 1.0822964 1.2446541 1.2848960 1.2356947 1.1729336 1.1216032 1.0003966 1.3971647 1.3971647 0.9896929 1.0025874 1.0288877 0.9885380 1.0536876 0.8223745 0.7516932 0.8581707 0.8581707 0.8759467 0.7190051 0.7190051 1.4138212 1.2586225 1.2586225 1.1220320 1.3446241 1.2368502 0.0000000 1.5590780 1.3207768 1.4646089 1.4683447 1.1297141 2.5728803 1.8284839 1.5288117 1.9296165 1.9423447 2.1204701 2.4411871 2.1609141 1.6935712 1.8286633 2.0655154 1.8685034 1.6155529 1.7484488 1.6766509 2.0148108 2.2270428 3.2372117 2.0487049 0.9141359 2.9469215 2.9971336 3.0323389 2.5065492 4.1094507 2.1955769 3.5221070 
Hvul_g13222_1                                     2.3911761 2.5199038 1.7476519 1.7592773 1.5502895 1.5552753 1.7865935 1.0902224 1.1696151 1.0806476 1.2623888 1.0773428 1.2014661 1.2537351 1.2875606 1.2854052 1.3480547 1.5140740 1.3414700 1.3966904 1.2759968 1.2202276 1.3052420 1.3052420 0.9338531 1.0979247 1.1385950 1.1006755 1.2766711 0.8376844 0.9722361 0.9827401 0.9827401 1.0223106 0.8414468 0.8414468 1.1549109 1.4641956 1.4641956 1.2829902 1.7008977 1.5171070 1.5590780 0.0000000 1.9968465 1.4996332 2.1171568 1.3416779 2.6168778 2.0706919 1.4912588 1.8773420 2.6905025 2.0203096 1.9913962 2.7353817 1.6078746 1.9826844 2.1288933 2.0330448 2.0984735 2.4132867 1.8840944 2.1256589 2.3287844 2.9950645 2.0305211 0.9471453 2.8416313 2.3499404 2.0039174 1.5794359 3.4742014 3.1456229 2.3747901 
Lcom_lcpid212682                                  1.5808402 1.7399054 1.4340376 1.6174494 1.9909966 2.0199308 1.9263424 1.1529042 1.0769803 1.0617997 1.3168219 1.4281975 1.3175678 1.6279313 1.5142624 1.3903143 1.4579420 1.5773267 1.6854720 1.6037176 1.4897717 1.4002812 1.9376647 1.9376647 1.4082108 1.4647636 1.4002614 1.5160511 1.3910142 0.9106964 1.1092671 1.0705798 1.0705798 1.0757557 1.0658436 1.0658436 1.8606137 1.8412627 1.8412627 1.6253006 1.7960995 1.8575253 1.3207768 1.9968465 0.0000000 0.6973124 1.1375111 0.8027934 1.5167429 1.3971491 0.9544434 1.2582821 1.2493263 1.1273411 1.2442364 1.2067673 1.0942079 1.2858053 2.2370789 2.1715436 2.3136664 1.8955071 1.7240567 1.3638148 1.8325004 3.1841257 2.6049364 0.8147556 2.4889267 3.7102690 3.4486442 3.9570817 4.0259991 2.6139740 3.6284317 
Saldol_EP00054_Salpingoeca_dolichothecata_P032037 1.2768259 1.4720579 1.0970470 1.1847595 1.6462274 1.7199323 1.8058204 1.2731939 1.2540168 1.0751363 1.3576870 1.2018249 1.5198765 1.4051154 1.2808029 1.2730029 1.3586509 1.3717282 1.3829449 1.2973660 1.2370340 1.2694794 1.3661638 1.3661638 1.4049991 1.3534827 1.4155793 1.4075413 1.2936464 0.9019103 1.1125218 1.0766416 1.0766416 1.1771943 1.1125531 1.1125531 1.7900456 1.7179103 1.7179103 1.4506027 1.9824597 2.1212171 1.4646089 1.4996332 0.6973124 0.0000000 1.0503800 0.5320845 1.4116050 1.2473655 0.9152442 0.9531515 1.2834811 0.9669139 1.0456423 1.3645047 0.8304672 1.1284239 2.1353043 1.9748667 2.3621258 2.0522266 1.4203577 1.3004044 1.4518353 2.9365834 1.6122329 1.0694383 2.4051696 3.1144454 2.4710282 2.4602464 2.4028155 1.5701310 3.1947394 
Salmac_EP00052_Salpingoeca_macrocollata_P030818   1.7628477 1.9017899 1.6646729 1.7348916 2.1581275 2.1924426 1.9940696 1.3825974 1.3481699 1.3291697 1.3665146 1.5973960 1.4194091 1.6462355 1.7288494 1.6636081 1.6578685 1.6188369 1.6445572 1.5930390 1.6802299 1.6124958 1.7809295 1.7809295 1.4148113 1.4491902 1.4083823 1.6324561 1.7224905 0.9096956 1.0450618 1.0574025 1.0574025 1.1224437 1.0927037 1.0927037 1.8268649 1.7833750 1.7833750 1.4892815 1.8463800 1.7525604 1.4683447 2.1171568 1.1375111 1.0503800 0.0000000 0.6327583 1.2657700 1.0551748 1.0910141 1.2495865 1.0565090 1.2659065 1.3166635 1.5081027 1.4005648 1.6479801 1.8310830 1.7919665 1.5795057 1.4901220 1.8105464 1.2189543 2.0694811 2.0678635 2.6946975 1.1795934 2.2489115 2.7412223 2.3903177 2.1235133 3.2805589 2.6820639 3.0893060 
Salpun_EP00053_Salpingoeca_punica_P012497         1.3206082 1.6966662 1.1620981 1.2357186 1.4407660 1.4069207 1.4228192 1.1313535 1.1145077 1.0940150 1.1419907 1.1680264 1.2836694 1.1418583 1.0903492 1.0818297 1.1491683 1.1282812 1.0916768 1.0605714 1.0840666 1.1190056 1.3484862 1.3484862 1.0900729 1.0182951 1.0016946 1.0165403 1.0687994 0.7491898 0.8762961 0.8940486 0.8940486 0.8940486 0.8892246 0.8892246 1.6393843 1.3256142 1.3256142 1.2183381 1.3468576 1.3277886 1.1297141 1.3416779 0.8027934 0.5320845 0.6327583 0.0000000 1.1951761 0.9129586 0.9124205 0.8372604 0.8067899 1.1683957 1.0784426 1.2337016 0.9133286 1.1999980 1.4735969 1.4583081 1.3057661 1.4336554 1.3271557 1.4025523 1.6171359 1.9401051 1.5924213 0.6505899 2.1679474 2.3372870 2.2890839 2.0681587 2.7303897 1.8458285 2.5418594 
Salinf_EP00049_Salpingoeca_infusionum_P000420     2.8126365 3.0128254 2.7012889 2.4771573 2.7300181 2.6260210 2.4745885 2.1368120 2.2123183 1.8929510 2.5598270 2.3897691 2.0063485 2.3162086 2.2639751 2.2712725 2.1695895 2.0230216 2.4612212 2.4528983 2.1775266 2.4000438 3.1069833 3.1069833 2.0276986 2.3459643 2.2710383 2.4870748 3.2316008 1.9415668 2.0789711 2.1365775 2.1365775 2.1365775 2.0891712 2.0891712 3.0376602 2.5099235 2.5099235 2.3787956 2.8256109 3.4163294 2.5728803 2.6168778 1.5167429 1.4116050 1.2657700 1.1951761 0.0000000 0.9901089 0.8304463 1.3812144 1.1114979 1.0686230 1.1034674 1.2709850 1.4610777 1.5184461 1.8575655 1.6698797 2.5205172 2.1757246 3.4723460 2.0243029 1.8611576 3.8173184 1.7367572 0.9079280 3.4526322 4.1104634 3.8103686 2.7063201 2.9184076 2.7803184 3.7798064 
