88
Emue_Em0020g815a.t1                                   0.0000000 0.4338579 0.4338579 1.6223499 0.6632637 2.0962708 2.0962708 2.9116320 3.2432587 2.7173898 1.3278462 2.7980095 1.5390101 2.6900946 2.6224433 2.7433318 2.7198668 2.8131475 2.8973609 1.7204910 3.1520598 3.0411440 2.9436072 2.9892231 3.4276964 3.3888592 4.1266818 1.9912657 1.3606453 2.3010980 2.3010980 2.2573528 2.9478027 3.4198414 3.4690615 2.6087778 3.0559233 2.9996532 3.1142263 1.5237161 1.3844043 3.3862279 3.0387903 3.5475421 2.5624872 2.9163141 2.6662775 2.6662775 3.0854853 3.0854853 3.0854853 2.9717097 3.2659679 3.8136121 3.6928163 3.6928163 3.4044183 3.4044183 3.7306101 3.4715092 3.1620468 3.6231771 3.2087915 3.7730672 3.0375450 3.2804154 2.7390250 3.0502557 3.1413782 3.0364576 3.3638719 3.1249438 3.8790725 3.8248429 3.1614288 3.2992924 4.2178950 3.8631107 2.9794933 2.9510016 3.0762830 3.0965588 3.0625660 2.7809461 3.0150315 3.4381312 2.8136840 3.0899927 
Spolac_c101904_g2_i3_m.27201c101904-g2                0.4338579 0.0000000 0.0000010 1.6071880 0.6251640 2.1991701 2.0547915 3.1032178 3.0886282 2.8214159 1.3700087 2.6421264 1.7180322 2.6287678 2.7127049 2.6829727 2.6766800 2.6215808 2.8144058 2.1325337 3.0292164 3.0019828 2.9129654 2.9365805 3.0829168 2.9656770 3.2852120 2.1849345 1.7884704 2.3929135 2.3654637 2.4383837 2.8381269 2.8735497 2.8134682 2.5348561 2.8902891 2.6970577 2.8353613 2.3377794 1.8962197 3.4064082 2.8331853 3.1514574 2.6752680 2.9396405 2.4339895 2.4339895 3.1845061 3.3056219 3.2074949 2.9792201 3.4959668 3.3992687 3.3976012 3.3976012 3.2532773 3.2532773 3.5176745 3.7888067 3.4540457 3.4473468 3.3393319 3.4370334 2.7673689 3.1207300 2.9851875 3.3930668 3.3678624 3.1963960 3.1964823 3.1684374 4.3101784 4.0223927 3.2412620 3.1359387 3.9666760 3.9071834 3.2942292 3.0290935 3.5955345 3.2866203 3.3555663 3.1347950 3.0309660 3.6382962 3.6900671 3.0947159 
Spolac_c101904_g2_i5_m.27203c101904-g2                0.4338579 0.0000010 0.0000000 1.5882905 0.6251640 2.1991701 2.0547915 3.0956008 3.0820196 2.8414281 1.3700087 2.6254961 1.6778578 2.6230427 2.7075972 2.6778682 2.6715115 2.6119160 2.8039422 2.1096850 3.0127156 2.9854012 2.8788801 2.9196003 3.0588312 2.9392412 3.2575035 2.1761261 1.7582621 2.3841090 2.3535360 2.4263665 2.8278417 2.8841257 2.8030449 2.5154839 2.8764348 2.6917349 2.8187396 2.3192985 1.8376536 3.4061466 2.8453473 3.1497307 2.6231491 2.9421835 2.4339895 2.4339895 3.1982278 3.2957789 3.1966134 2.9792201 3.4948772 3.3956598 3.3939808 3.3939808 3.2542824 3.2542824 3.4942785 3.7743937 3.4674197 3.5167831 3.3064505 3.4556117 2.7592008 3.1146101 2.9721581 3.4002004 3.3427805 3.1783613 3.1780742 3.1172609 4.2996176 4.0068374 3.2202516 3.1359387 3.9051612 3.8764707 3.2638171 3.0632112 3.5659650 3.2633747 3.3285034 3.0851263 2.9649072 3.5822558 3.4681259 3.1124966 
Tetwil_g2070.t1                                       1.6223499 1.6071880 1.5882905 0.0000000 0.3213828 2.1443626 2.1083030 2.6392920 2.9262352 2.3653204 1.1787022 2.3734708 1.5003040 2.4611977 2.4850137 2.5104202 2.5044521 2.3774193 2.4946900 1.9644930 2.4140679 2.3832864 2.5014217 2.6112959 2.5851562 2.5789099 2.8146185 2.0873107 1.6790828 1.9322509 1.9256680 1.8474990 2.7000232 2.5654700 2.5339338 2.1893429 2.5151309 2.3313988 2.4911386 2.0706318 2.1648985 2.7661002 2.8261108 2.8721884 2.5334272 2.8086800 2.8143758 2.8143758 3.0229399 2.9448652 2.9290191 3.3183900 2.9857545 2.7757332 2.7052293 2.7052293 2.7638353 2.7638353 3.2177455 3.3007855 3.1872586 2.7377345 2.9564137 3.2113317 2.9674180 3.1893207 2.9072081 3.2479588 3.2807070 3.2061452 2.9590614 3.1744046 3.9222744 4.1976563 3.0132248 3.1777312 3.5637787 3.6920331 3.5851380 2.9566202 3.2647625 3.4218055 2.7937749 2.9558068 2.9422819 3.3649810 3.2197770 3.1997716 
Stycar_maker-SC_scaffold6880-snap-gene-0.3-mRNA-1     0.6632637 0.6251640 0.6251640 0.3213828 0.0000000 0.7713040 0.7713040 1.1746751 1.3918233 1.1976889 1.2529803 1.3055106 1.1089460 1.0324179 1.0503928 1.0563475 1.0563475 1.0589649 1.0578332 1.0655500 1.2374954 1.1467201 1.2219903 1.2300928 1.0767408 1.2679559 1.7046676 1.0389476 0.9899583 1.1129752 1.1129752 1.2689889 1.3311560 1.2667547 1.2663483 1.1936742 1.2211575 1.0397563 1.4142428 0.8837925 0.9914977 1.3953616 1.1039925 1.4005624 1.2607016 1.4481863 1.5492307 1.5492307 1.4263727 1.4263727 1.4263727 1.5936703 1.2954441 1.5025552 1.6777713 1.6777713 1.5096870 1.5096870 1.5719700 1.9167404 2.1502561 1.8054170 1.9844611 2.1334203 2.3103998 1.9776142 1.2783165 1.7975694 1.8617338 1.9718815 1.9516455 1.8464182 2.4458683 2.4458683 1.8765721 1.7853942 1.8717634 2.0058542 2.0209112 1.5996065 2.0435019 1.9652652 1.6731518 1.8524954 1.6388021 2.1710860 2.7755935 2.0484767 
Plespi_Pspi_scaffold3114_01                           2.0962708 2.1991701 2.1991701 2.1443626 0.7713040 0.0000000 0.0211525 2.9418159 2.6289693 2.6756571 1.2688472 2.6346110 1.7138814 3.0946862 3.2390020 3.2196204 3.2038949 3.1315049 3.7869177 1.8604163 3.0259599 2.7459675 2.8598551 2.7714418 2.6052779 2.9113164 3.5753538 2.4196835 1.2577573 2.6260411 2.6040586 2.3497176 2.8691279 2.8148050 3.0311894 1.9064864 2.5946163 2.1155989 2.9725920 1.5142977 1.2836748 3.0050146 3.2806731 3.7204652 3.1402162 3.1698430 2.8842487 2.8842487 3.0232593 3.0232593 3.0232593 2.9615165 3.3387461 3.1141329 3.2361076 3.2361076 2.9912728 2.9912728 3.3504170 3.9642372 3.9973730 3.9551250 3.8510018 4.1164454 3.2794787 3.6331318 3.0655483 3.4861976 3.7752165 3.7743123 3.9248518 3.2513664 4.4049691 4.4049691 3.3841753 3.4736571 3.9398346 3.5383572 3.1691684 3.9360823 3.1399420 3.9031678 3.3686449 3.2669933 3.6119691 3.6310186 2.0400671 3.6893255 
Plespi_Pspi_scaffold3118_01                           2.0962708 2.0547915 2.0547915 2.1083030 0.7713040 0.0211525 0.0000000 2.7634620 2.4926114 2.5149982 1.2688472 2.4504631 1.3662694 2.9306672 3.0638637 3.0492199 3.0344355 2.9981682 3.5760215 1.6775491 2.8339648 2.5418886 2.6235215 2.5705488 2.3720421 2.8001999 3.4064086 2.2535040 1.0715785 2.4060863 2.4506575 2.3006405 2.6765501 2.6247593 2.7910826 1.7132069 2.3833307 1.9167169 2.8151052 1.3413884 1.1671278 2.8693635 3.0184427 3.4102391 2.9271173 2.9759642 2.6097032 2.6097032 2.7361901 2.7758945 2.7758945 3.0100630 3.1038523 2.9917836 3.1005996 3.1005996 2.8486430 2.8486430 3.0086097 3.8563165 3.7402399 3.7159227 3.6618525 3.8913260 3.0681690 3.4473246 2.8437746 3.1325483 3.5988049 3.5301444 3.4266926 3.0785771 4.2353823 4.1382841 3.1922132 3.4736571 3.7774975 3.4889675 2.9976986 3.7486253 2.8666381 3.6230475 3.1515640 2.9605704 3.3097961 3.3621571 2.1990185 3.5475415 
Bralan_BLAG09000466_1                                 2.9116320 3.1032178 3.0956008 2.6392920 1.1746751 2.9418159 2.7634620 0.0000000 1.7292182 2.1380262 1.1885437 2.3610456 1.7575207 1.9232059 1.9914684 1.9019928 1.8994317 1.8191032 2.0167325 1.7742129 2.1552998 2.0839111 2.0955524 2.0767952 2.1415802 1.9363327 2.0545495 2.8099090 2.2026317 2.6161623 2.7013500 2.7305411 1.3503073 2.1951277 2.4243581 1.8289881 1.8138028 1.7512579 1.7801360 2.6197828 2.6775420 1.8375951 2.3688605 2.5734631 2.2776566 1.7843358 2.4903316 2.4903316 2.6821468 2.6208110 2.6337148 3.1020005 2.8479145 2.0500076 2.0044997 2.0044997 2.0578135 2.0578135 2.1290434 2.6161983 2.8665178 2.0180344 2.6556341 2.4849346 2.3393093 2.7706962 2.4268929 3.0123183 2.5341724 2.6171337 2.3525568 2.7597641 3.2802275 3.1906692 2.6794788 2.6688194 2.7972875 3.0363178 3.0560952 2.9727961 3.1601812 3.1725503 2.6739309 2.9320802 2.7806491 2.6888421 3.5066275 2.8655483 
Acagra_model.g4355.t1                                 3.2432587 3.0886282 3.0820196 2.9262352 1.3918233 2.6289693 2.4926114 1.7292182 0.0000000 1.9012910 1.0205165 1.8598516 1.4537834 1.8492312 1.8577216 1.9110556 1.9282033 1.7672124 1.9212034 1.5381785 1.9202517 1.9626885 1.8544658 1.8255614 1.8994647 1.9528065 2.1086404 3.1065404 2.2298537 3.1096847 3.1006131 2.8991436 1.7612468 1.8936488 1.8086073 1.6806540 1.4760993 1.6121353 1.8297880 2.5763599 2.4233216 1.4292309 2.5127754 2.6647105 2.2140616 2.0846658 2.2512525 2.2512525 2.6168797 2.6206743 2.5779122 2.9127349 2.8729769 2.3966579 2.2975047 2.2975047 2.2482162 2.2482162 2.1938107 2.7212957 2.9600210 1.8917861 2.9456561 2.7614552 2.5295339 2.5828089 2.6036151 2.6561268 2.6377493 2.3677681 2.3338158 2.6817673 3.0412449 3.0738450 2.5285648 2.3191115 2.6537316 2.9793156 2.9577472 2.5024857 2.7868890 2.9987616 2.7458514 2.6090203 2.3947303 2.5406878 3.2233685 2.9159870 
Opea_EP00118_Oscarella_pearsei_P019166                2.7173898 2.8214159 2.8414281 2.3653204 1.1976889 2.6756571 2.5149982 2.1380262 1.9012910 0.0000000 0.0000010 1.3885805 0.8664954 2.2103231 2.2809845 2.1829887 2.1983862 2.1866416 2.2235641 1.7191039 2.0431939 2.0007987 2.0899351 2.0380305 2.0542200 2.0249835 2.1220459 2.9724078 2.3544718 2.6693859 2.6868875 2.7741269 2.1702320 2.1825514 2.0489938 1.5350382 1.8923438 1.9186949 2.1652053 2.7804116 3.3431741 2.0354182 2.5465993 2.7201672 2.5633775 2.3306993 1.8854247 1.8854247 2.4529178 2.4361855 2.4130594 2.6477258 2.3309276 2.1785762 2.2530816 2.2530816 2.1901791 2.1901791 2.6206769 2.8114270 2.8595215 2.1454731 3.1169701 3.0136799 2.5915003 2.7003962 2.5087393 2.7927000 2.7325382 2.8993540 2.4547356 2.5440441 3.1912172 3.0830633 2.5152709 2.4062512 2.8444943 2.9012299 3.1208639 2.3728313 2.7763052 2.6922678 2.2550641 2.4936109 2.5017707 2.7886058 3.4285305 2.9039211 
Ocar_g10005                                           1.3278462 1.3700087 1.3700087 1.1787022 1.2529803 1.2688472 1.2688472 1.1885437 1.0205165 0.0000010 0.0000000 0.9247197 0.9142826 1.0388967 1.0127733 1.0757123 1.0757123 1.1451646 1.0788897 1.0719299 1.2666344 1.2383700 1.3384290 1.1972022 1.2743960 1.3232784 1.5613399 1.2397758 1.1679712 1.2820813 1.2820813 1.4613667 1.3063079 1.4483613 1.4620179 1.2205433 1.3048100 1.4044973 1.2939103 1.7776887 1.7488352 1.1745547 1.5536268 1.8461332 1.4678841 1.6991925 1.2839706 1.2839706 1.4181674 1.4181674 1.4181674 1.3738648 1.4225710 1.3611172 1.5228274 1.5228274 1.3800571 1.3800571 1.7396029 1.5014649 1.8135400 1.6432752 1.7813786 1.6897507 1.7098321 1.9825433 1.4705965 1.4032939 1.6656297 1.7328180 1.5784951 1.6473456 1.9857093 1.9857093 1.8275009 1.6067217 1.7819187 2.0676891 1.8925241 1.6381588 2.0250618 1.9237905 1.6393284 1.4508707 1.7792978 2.5073957 2.0179466 2.4207989 
Plajan_Pjan_C563796_01                                2.7980095 2.6421264 2.6254961 2.3734708 1.3055106 2.6346110 2.4504631 2.3610456 1.8598516 1.3885805 0.9247197 0.0000000 0.3524843 2.2544172 2.3434755 2.3211488 2.3382184 2.2086474 2.3936357 1.9328577 1.9162936 1.8358633 1.8646781 1.9011463 1.9021206 2.0091895 2.1972824 2.7583190 1.8745444 2.7768722 2.8506055 2.8940823 2.1771584 1.9563492 1.8475280 1.5385049 1.8300990 2.0187500 2.1069119 2.5709182 2.6893347 1.9392383 2.1536122 2.5708945 2.5537057 2.4923020 2.1218749 2.1218749 2.3411951 2.2894953 2.2273918 2.6749362 2.2464917 2.2633737 2.2376592 2.2376592 2.1687626 2.1687626 2.4542433 2.8346718 3.0172788 2.1321460 2.9599716 3.2966096 2.8806575 2.9823734 2.7638046 2.9052912 3.2094173 3.0593215 2.5976130 2.6669903 3.5487922 3.4312035 2.8077319 2.5766301 2.9803399 2.9319475 3.0033438 2.2040076 2.7540122 2.7431661 2.1772319 2.4070834 2.5412680 2.8529224 3.5467058 2.7786715 
Plajan_Pjan_scaffold16132_01                          1.5390101 1.7180322 1.6778578 1.5003040 1.1089460 1.7138814 1.3662694 1.7575207 1.4537834 0.8664954 0.9142826 0.3524843 0.0000000 1.8078131 1.8686281 1.8376068 1.8376068 1.5993810 2.0657976 2.0507942 1.5527768 1.4705996 1.5109117 1.5877612 1.4806351 1.5958089 1.8544033 1.8275496 1.7789818 1.8361152 1.8709334 1.6753097 1.6121004 1.4346431 1.5758872 1.6234556 1.3800379 1.7402038 1.7221091 2.7238273 2.5826313 1.4898228 1.6341076 1.9135129 2.0424274 1.9651858 1.5360418 1.5360418 1.6282608 1.7462967 1.6686941 2.0958419 1.7490961 2.0450889 1.9700371 1.9700371 1.9146953 1.9146953 1.6824752 1.9665959 1.9731635 1.6544317 1.7700967 2.1575799 2.0383666 2.0462648 1.8253012 2.1833811 2.3311095 1.9848574 1.8594628 1.9038290 2.2692160 2.2692160 1.9089259 1.2891136 1.9735044 1.9795495 1.9619907 1.7268404 2.2935768 2.0187677 1.5867714 1.7299244 2.0323247 2.1642726 2.7154785 2.2845888 
HoiH23_PlH23_002899-RA                                2.6900946 2.6287678 2.6230427 2.4611977 1.0324179 3.0946862 2.9306672 1.9232059 1.8492312 2.2103231 1.0388967 2.2544172 1.8078131 0.0000000 0.0654577 0.1452212 0.1479329 0.1427231 0.2636995 0.2336587 2.0324797 2.0581269 2.1935636 2.1268924 2.1732408 2.1589109 2.3004416 2.9469959 1.9796189 3.0431594 3.1490632 2.8873262 2.0108875 2.0561472 1.9586267 1.8220878 1.8883525 1.6081652 1.9598332 2.5491830 2.9258673 2.0839887 2.3679175 2.5547534 2.7818844 2.2344641 2.0945353 2.0945353 2.5085822 2.5994234 2.4898822 3.2255429 2.7999700 1.8682266 1.8319077 1.8319077 1.7747019 1.7747019 2.4211773 3.0593858 3.1441298 2.1228382 3.3146912 3.2405442 2.8750222 3.1418936 2.7670201 3.3586954 3.2451762 3.1864489 2.8889158 3.0359899 3.4773648 3.4954050 2.8609683 2.8974387 3.0091223 3.1567646 3.2148793 2.5983979 2.7713527 2.6456918 2.4931157 2.5462935 2.6552316 2.9119713 3.0748952 2.8244741 
HoiH06_mRNA6544                                       2.6224433 2.7127049 2.7075972 2.4850137 1.0503928 3.2390020 3.0638637 1.9914684 1.8577216 2.2809845 1.0127733 2.3434755 1.8686281 0.0654577 0.0000000 0.1466509 0.1495446 0.1456563 0.2844999 0.2477876 2.1062870 2.1514421 2.2254801 2.1403429 2.2720194 2.1673794 2.3195688 2.9564801 2.0118633 3.1160360 3.1941178 2.9842427 2.1039449 2.1408422 2.0114811 1.8743441 1.8111994 1.6826333 2.0264877 2.4965894 2.9492792 2.1103003 2.4751161 2.6215067 2.7592005 2.2999461 2.0861937 2.0861937 2.5731056 2.6937040 2.5437095 3.1382716 2.8005870 1.9256056 1.9016045 1.9016045 1.8549973 1.8549973 2.5089732 3.2433196 3.3661025 2.1593414 3.4118427 3.3292191 2.8678715 3.2388920 2.8596896 3.4286038 3.4604191 3.3198394 2.9798892 3.1681957 3.4160254 3.4283204 2.8368601 2.9626729 3.2015502 3.3795873 3.3472890 2.6295321 2.8242220 2.7667003 2.5811395 2.6634584 2.7066277 2.8440230 3.1720740 2.9947996 
Hhon_g01414.t1                                        2.7433318 2.6829727 2.6778682 2.5104202 1.0563475 3.2196204 3.0492199 1.9019928 1.9110556 2.1829887 1.0757123 2.3211488 1.8376068 0.1452212 0.1466509 0.0000000 0.0020849 0.1479509 0.2655567 0.2411200 2.1375068 2.1976793 2.2960222 2.2382815 2.2691174 2.2375825 2.3958839 2.9943707 2.0519794 3.0413491 3.1412888 3.0236176 2.0328132 2.1328158 2.0396664 1.8145294 1.9474178 1.7351769 1.9804974 2.6812847 3.0002435 2.1443886 2.3581041 2.6165107 2.7336036 2.2363834 2.2253997 2.2253997 2.5887449 2.6535350 2.5628193 3.3234032 2.7709402 1.9176992 1.8934076 1.8934076 1.8443218 1.8443218 2.4747981 3.1169954 3.1297539 2.1954666 3.3848828 3.2756081 2.9833769 3.1228046 2.7395321 3.4045871 3.2243101 3.2413167 2.9857895 3.0342594 3.3182543 3.3649658 2.8226567 2.8777946 2.9471592 3.0836545 3.2645514 2.6480262 2.9107468 2.6946204 2.6815336 2.6727598 2.6691946 2.8879340 3.1077285 2.9947832 
HoiH04_mRNA4628                                       2.7198668 2.6766800 2.6715115 2.5044521 1.0563475 3.2038949 3.0344355 1.8994317 1.9282033 2.1983862 1.0757123 2.3382184 1.8376068 0.1479329 0.1495446 0.0020849 0.0000000 0.1481626 0.2689244 0.2411200 2.1387659 2.1946351 2.2923536 2.2589261 2.2691174 2.2273277 2.3842195 2.9834048 2.0519794 3.0301347 3.1296810 3.0156738 2.0237197 2.1434440 2.0496942 1.8145294 1.9474178 1.7351769 1.9987800 2.6812847 3.0002435 2.1548160 2.3650596 2.6242851 2.7336036 2.2470112 2.2253997 2.2253997 2.5963449 2.6614336 2.5703753 3.3407535 2.7386649 1.9311386 1.9066076 1.9066076 1.8573257 1.8573257 2.4986042 3.1516726 3.1644586 2.1853371 3.3676234 3.2591584 2.9833769 3.1592890 2.7352990 3.3961776 3.2126760 3.2295024 2.9748610 3.0233268 3.3102842 3.3552546 2.8081724 2.8584707 2.9627429 3.0716914 3.3004546 2.6560988 2.9323534 2.7278892 2.7009405 2.6995014 2.6619733 2.8837361 3.1077285 2.9785468 
HoiH11_mRNA7735                                       2.8131475 2.6215808 2.6119160 2.3774193 1.0589649 3.1315049 2.9981682 1.8191032 1.7672124 2.1866416 1.1451646 2.2086474 1.5993810 0.1427231 0.1456563 0.1479509 0.1481626 0.0000000 0.2033828 0.1579003 2.0879018 2.0735779 2.0916061 2.0784301 2.0556191 2.0956040 2.2628058 2.9666939 1.9528031 2.9813931 3.1122189 2.8795123 1.8913885 2.0415176 1.9008151 1.5714906 1.7376173 1.6286457 1.8220258 2.5251214 2.9268762 1.9634419 2.1992138 2.5577490 2.6520483 2.1930966 2.2127395 2.2127395 2.5008318 2.5682237 2.4726123 3.1187982 2.6780633 1.6772566 1.6504642 1.6504642 1.6016251 1.6016251 2.2901997 3.1425636 3.1450332 2.0035353 3.2637379 3.0995236 2.8921355 3.0233004 2.6793302 3.1256677 3.0766761 3.1344375 2.8356239 3.0575860 2.9948860 2.9645968 2.9471824 2.9829035 2.7634849 2.9712099 3.0258645 2.5659266 2.8230445 2.5722245 2.5827931 2.4284435 2.5084561 2.7281419 2.8681286 3.0143833 
TrH2_TrispH2_009304-RA                                2.8973609 2.8144058 2.8039422 2.4946900 1.0578332 3.7869177 3.5760215 2.0167325 1.9212034 2.2235641 1.0788897 2.3936357 2.0657976 0.2636995 0.2844999 0.2655567 0.2689244 0.2033828 0.0000000 0.0089498 2.0989221 2.1173494 2.1855793 2.1214039 2.2043599 2.2013650 2.3609828 3.0436800 2.0604881 3.1358394 3.2535747 2.9296443 2.0976889 2.1471985 1.9557272 1.8190673 1.9306530 1.6963432 2.0501369 2.6296720 3.2109184 2.1521720 2.3630276 2.6357968 2.8354965 2.2006590 2.3306589 2.3306589 2.7038388 2.7718735 2.6587980 3.4844209 2.8669556 1.9040335 1.8390888 1.8390888 1.8307352 1.8307352 2.5722715 3.1520278 3.1464435 2.2508880 3.4357029 3.2945703 2.7833943 3.2600285 2.8954368 3.5992436 3.4335542 3.2841378 2.8736393 3.4349206 3.6606128 3.7580063 3.0231614 2.9133024 3.2056982 3.3998518 3.5897175 2.6570971 2.9211678 2.7811380 2.7215964 2.6005974 2.6244521 2.7770916 3.0621738 3.0850091 
Tadh_TriadT20947                                      1.7204910 2.1325337 2.1096850 1.9644930 1.0655500 1.8604163 1.6775491 1.7742129 1.5381785 1.7191039 1.0719299 1.9328577 2.0507942 0.2336587 0.2477876 0.2411200 0.2411200 0.1579003 0.0089498 0.0000000 1.6702099 1.6450963 1.7331554 1.6597350 1.7649548 1.6970402 1.8480638 2.3019473 2.0290196 2.2221048 2.3378665 2.2698155 1.8762632 1.7194791 1.5179065 1.6685791 1.6551449 1.5448907 1.7475534 2.5741184 3.2017557 1.5847858 1.9848265 2.0250199 2.0659437 1.7990892 1.8418919 1.8418919 2.2049570 2.2709369 2.1473375 2.7563571 2.2225349 1.6423438 1.5881798 1.5881798 1.5914492 1.5914492 2.1630619 2.7750679 2.5000113 1.8994228 2.8960850 2.8542053 2.3659630 2.7414504 2.3112043 3.0489751 2.6045215 2.5973852 2.2702658 2.5963214 3.0115268 2.9519368 2.3873103 2.0700133 2.6093798 2.7346635 3.1250971 2.1503298 2.3681290 2.2431871 2.0515247 2.0843045 2.2055076 2.4432738 3.0396473 2.6443783 
Spis_XP_022795463_1                                   3.1520598 3.0292164 3.0127156 2.4140679 1.2374954 3.0259599 2.8339648 2.1552998 1.9202517 2.0431939 1.2666344 1.9162936 1.5527768 2.0324797 2.1062870 2.1375068 2.1387659 2.0879018 2.0989221 1.6702099 0.0000000 0.1083608 0.4319122 0.3743048 0.4853676 0.6744706 0.7451902 2.7679253 2.1766980 2.7949059 2.8197461 2.7593827 2.2497641 1.4033289 1.2775468 1.1738693 1.9022098 1.9726658 2.1261111 2.6612868 2.5381551 1.9714152 2.3512072 2.3927534 2.2710948 2.1664162 2.4916113 2.4916113 2.7352166 2.8326908 2.7708330 3.1259868 2.9175040 2.3234683 2.3244151 2.3244151 2.2062270 2.2062270 2.4382375 2.8793189 2.7939557 2.3443243 2.9076765 3.0552987 2.7101955 2.8586845 2.5199533 3.0340867 2.5845276 2.6206367 2.3522859 2.5585743 3.4854376 3.4497197 2.7244486 2.6967145 3.0373247 3.4213491 3.3146606 2.4188898 3.0637149 3.1938425 2.6024139 2.8752273 2.5961573 3.0504985 3.3599115 2.8938209 
Pocdam_XM_027190079.1                                 3.0411440 3.0019828 2.9854012 2.3832864 1.1467201 2.7459675 2.5418886 2.0839111 1.9626885 2.0007987 1.2383700 1.8358633 1.4705996 2.0581269 2.1514421 2.1976793 2.1946351 2.0735779 2.1173494 1.6450963 0.1083608 0.0000000 0.4313618 0.3700237 0.5075022 0.6976018 0.7648079 2.7177812 2.1866230 2.8664340 2.8602702 2.7495970 2.2348909 1.4293841 1.2841853 1.1894875 1.9228830 1.8627868 2.0705963 2.5309701 2.4158408 2.0207295 2.3238528 2.3248744 2.2750867 2.1313631 2.4484221 2.4484221 2.7898475 2.8903091 2.8268288 3.2014982 2.9301737 2.3519813 2.3476563 2.3476563 2.1875914 2.1875914 2.4243374 2.8085934 2.7879828 2.4536686 2.8859714 3.0171554 2.7664841 2.8363321 2.5705349 3.0995332 2.5675913 2.6791278 2.4521373 2.5103660 3.5910298 3.5822762 2.7758458 2.7421689 2.9678473 3.1406186 3.2897546 2.4634850 2.9473072 3.1594992 2.5061674 2.8529480 2.6118991 2.9667023 3.2203546 3.0547302 
Gasp_gasp1.m3.4783.m1                                 2.9436072 2.9129654 2.8788801 2.5014217 1.2219903 2.8598551 2.6235215 2.0955524 1.8544658 2.0899351 1.3384290 1.8646781 1.5109117 2.1935636 2.2254801 2.2960222 2.2923536 2.0916061 2.1855793 1.7331554 0.4319122 0.4313618 0.0000000 0.2832557 0.4732485 0.6195198 0.6849623 2.8105247 2.1594623 2.7700064 2.7997134 2.8119125 2.1598312 1.2870154 1.1971021 1.1300830 1.9635814 2.0513873 2.0248777 2.7420641 2.7987166 1.9835369 2.3109341 2.3046844 2.1963064 2.3392670 2.2342947 2.2342947 2.7927285 2.8657415 2.8238390 3.1037198 2.9526700 2.2826090 2.3157449 2.3157449 2.2680020 2.2680020 2.5402717 2.9878713 3.0579893 2.3786835 2.9660071 3.1329196 2.7405259 2.8995090 2.7257878 3.1285877 2.6571984 2.6688750 2.4162388 2.7163949 3.5643792 3.5895457 2.7843410 2.7260822 3.0509163 3.2297510 3.4611761 2.4497370 2.9274756 3.0462621 2.6293161 2.7271702 2.7124945 3.0090626 3.4343174 3.1413306 
Fspp_ffun1.m4.22213.m1                                2.9892231 2.9365805 2.9196003 2.6112959 1.2300928 2.7714418 2.5705488 2.0767952 1.8255614 2.0380305 1.1972022 1.9011463 1.5877612 2.1268924 2.1403429 2.2382815 2.2589261 2.0784301 2.1214039 1.6597350 0.3743048 0.3700237 0.2832557 0.0000000 0.4488637 0.6715038 0.7315876 2.8184060 2.2135664 2.8160429 2.8342064 2.8549650 2.1676658 1.3135950 1.1512943 1.1653514 2.1460331 2.0751461 2.0636517 2.8643556 2.6533936 1.9777505 2.3900804 2.3032300 2.1593080 2.2733371 2.3856746 2.3856746 2.8587653 2.9300470 2.8835962 3.1354556 3.0856331 2.3366163 2.3783792 2.3783792 2.2801094 2.2801094 2.5371419 2.8425245 2.9113546 2.4278999 2.9372660 3.0940466 2.7459188 2.7841874 2.7688467 3.1560020 2.6314841 2.7005179 2.4466898 2.6630744 3.5373681 3.5859193 2.9123125 2.7640395 2.9713423 3.1946881 3.4961399 2.4842275 2.9709541 2.9493934 2.7080740 2.6651825 2.5516166 2.9367225 3.2686490 3.0772993 
Gfas_gfas1.m1.17512.m1                                3.4276964 3.0829168 3.0588312 2.5851562 1.0767408 2.6052779 2.3720421 2.1415802 1.8994647 2.0542200 1.2743960 1.9021206 1.4806351 2.1732408 2.2720194 2.2691174 2.2691174 2.0556191 2.2043599 1.7649548 0.4853676 0.5075022 0.4732485 0.4488637 0.0000000 0.5745384 0.6429471 2.4940790 1.9915597 2.5254387 2.5623375 2.6402514 2.0316177 1.3232105 1.2661391 1.2532447 2.0128481 2.0099962 1.9622467 2.6724932 2.5646347 1.9269098 2.3976447 2.3851573 2.2384673 2.3044760 2.3260609 2.3260609 2.6295708 2.7218228 2.6765169 2.8740716 2.7855481 2.4768308 2.4168509 2.4168509 2.4147909 2.4147909 2.5058295 2.7090394 2.5886276 2.3827999 2.6114858 2.8655752 2.8946067 2.6405198 2.5643984 3.1259803 2.4484876 2.7950933 2.3440307 2.5191892 3.5225311 3.5766947 2.5901370 2.5910689 2.9595671 3.3320245 3.4753501 2.5475556 2.9388821 3.0016095 2.4492551 2.6679333 2.5313847 2.7159132 3.4589292 2.7748219 
Amil_Amillepora14147-RA                               3.3888592 2.9656770 2.9392412 2.5789099 1.2679559 2.9113164 2.8001999 1.9363327 1.9528065 2.0249835 1.3232784 2.0091895 1.5958089 2.1589109 2.1673794 2.2375825 2.2273277 2.0956040 2.2013650 1.6970402 0.6744706 0.6976018 0.6195198 0.6715038 0.5745384 0.0000000 0.0214696 2.7118977 2.1567736 2.6498912 2.6912908 2.6920290 1.9515626 1.4513553 1.2951400 1.2310511 2.1501169 1.8451414 2.0367981 2.5910347 2.8315101 1.9604664 2.3086916 2.2797108 2.3999687 2.2876892 2.3842739 2.3842739 2.7181791 2.8073882 2.7376540 3.1110835 2.8271302 2.4601980 2.3235456 2.3235456 2.4806508 2.4806508 2.4185144 2.7323578 2.8963388 2.2839433 2.7037122 3.0037814 2.7985979 2.9022080 2.5114618 2.9338644 2.3844719 2.7648718 2.3301434 2.6920411 3.3890634 3.4321530 2.5588288 2.6257805 2.9178603 3.2289441 3.4262124 2.5013930 3.1273977 2.9968174 2.5326433 2.6591153 2.6569228 2.8399050 3.0887034 3.1512775 
Adig_XM_015911335.1                                   4.1266818 3.2852120 3.2575035 2.8146185 1.7046676 3.5753538 3.4064086 2.0545495 2.1086404 2.1220459 1.5613399 2.1972824 1.8544033 2.3004416 2.3195688 2.3958839 2.3842195 2.2628058 2.3609828 1.8480638 0.7451902 0.7648079 0.6849623 0.7315876 0.6429471 0.0214696 0.0000000 3.0562749 2.4435758 2.9194101 2.9656207 2.9847774 2.1177145 1.5670974 1.3639195 1.3474341 2.3672470 1.9481989 2.1670708 2.9333247 3.3953783 2.0816142 2.4752153 2.4838533 2.6064323 2.4031897 2.6910981 2.6910981 3.0146169 3.1234103 3.0396679 3.6895281 3.0946814 2.6234066 2.4784556 2.4784556 2.6071554 2.6071554 2.5093217 2.8432215 3.1319988 2.3805013 2.7433931 3.1872806 2.9118722 3.0476397 2.7434758 3.1297339 2.5187201 3.0038070 2.4406129 2.8718633 3.5666460 3.6483443 2.7576740 2.7747444 3.0902170 3.3565448 3.7234177 2.7436421 3.3271491 3.3109643 2.6971782 2.8097085 2.9592262 2.9513145 3.0296928 3.4429665 
Aque_Aqu2.1.43345_001                                 1.9912657 2.1849345 2.1761261 2.0873107 1.0389476 2.4196835 2.2535040 2.8099090 3.1065404 2.9724078 1.2397758 2.7583190 1.8275496 2.9469959 2.9564801 2.9943707 2.9834048 2.9666939 3.0436800 2.3019473 2.7679253 2.7177812 2.8105247 2.8184060 2.4940790 2.7118977 3.0562749 0.0000000 0.4931538 0.7573221 0.7477911 1.2136606 2.8495652 2.9158163 2.9572202 2.1266804 2.5971942 2.7135121 3.0997299 1.2290051 1.3422457 2.8186470 2.7332008 2.7736122 3.2975067 3.0040682 3.5009537 3.5009537 3.3102411 3.2640477 3.2069197 3.4262800 3.5705898 3.1430567 3.1036371 3.1036371 3.0813121 3.0813121 3.2700140 3.6558449 3.3480358 3.3348788 3.4880190 3.6746600 3.2600733 3.4603465 3.1292172 3.9444297 3.6256975 3.7132593 3.0721700 3.3578996 4.4673268 4.4990033 3.3977589 3.5013172 3.9964238 3.6815153 3.4663430 3.3786608 3.6872252 3.8396604 3.2978074 3.4788453 3.1691871 3.4507930 3.4860346 3.8391923 
Aque_Aqu2.1.43512_001                                 1.3606453 1.7884704 1.7582621 1.6790828 0.9899583 1.2577573 1.0715785 2.2026317 2.2298537 2.3544718 1.1679712 1.8745444 1.7789818 1.9796189 2.0118633 2.0519794 2.0519794 1.9528031 2.0604881 2.0290196 2.1766980 2.1866230 2.1594623 2.2135664 1.9915597 2.1567736 2.4435758 0.4931538 0.0000000 0.6774804 0.7329107 0.9412815 2.1250999 2.1818729 2.1947288 2.0443141 1.9883423 2.2270183 2.2454403 1.2369110 1.5748190 2.1783368 2.4238705 2.4751649 2.4356923 2.0848065 2.2176883 2.2176883 2.5275950 2.5579180 2.4875482 2.1251651 2.7271619 2.2944906 2.3440019 2.3440019 2.2418118 2.2418118 2.3662356 2.7733511 2.5720061 2.5370490 2.6791611 2.6037995 2.5806884 2.9063648 2.3632669 3.0630123 2.9145889 2.9108102 2.3756863 2.5686718 3.5727736 3.5127263 2.7925546 2.3757782 3.4213531 3.4456962 3.0836170 2.3336036 3.0108559 2.5093828 2.4336972 2.3831463 2.7328835 2.8703698 3.3481525 2.8125983 
Halamb_c49275_g1_i2mm.3003                            2.3010980 2.3929135 2.3841090 1.9322509 1.1129752 2.6260411 2.4060863 2.6161623 3.1096847 2.6693859 1.2820813 2.7768722 1.8361152 3.0431594 3.1160360 3.0413491 3.0301347 2.9813931 3.1358394 2.2221048 2.7949059 2.8664340 2.7700064 2.8160429 2.5254387 2.6498912 2.9194101 0.7573221 0.6774804 0.0000000 0.0957070 0.9609843 2.6451950 2.8371068 2.8523257 2.0036530 2.4536115 2.6113049 2.9116719 1.2264559 1.2769082 2.8711999 2.8683988 2.8871425 3.2464885 3.0461324 3.4695186 3.4695186 3.1342978 3.2151701 3.1583546 3.4338302 3.4333821 2.9464811 2.9113885 2.9113885 2.9901833 2.9901833 3.2280652 3.8114109 3.6455909 3.3049607 3.6319031 3.6808411 3.6232120 3.6524986 3.3546756 3.4295248 3.5228763 4.1055159 3.2043546 3.2104010 4.1693288 4.3632049 3.3776042 3.1054469 4.0684006 3.9104845 3.8359588 3.3160945 3.8075693 3.9349297 3.1832381 3.4206754 3.3493600 3.6125237 3.1045762 4.0876043 
Halamb_c50619_g1_i3m.28741                            2.3010980 2.3654637 2.3535360 1.9256680 1.1129752 2.6040586 2.4506575 2.7013500 3.1006131 2.6868875 1.2820813 2.8506055 1.8709334 3.1490632 3.1941178 3.1412888 3.1296810 3.1122189 3.2535747 2.3378665 2.8197461 2.8602702 2.7997134 2.8342064 2.5623375 2.6912908 2.9656207 0.7477911 0.7329107 0.0957070 0.0000000 0.9213121 2.7148916 2.7393413 2.7584111 2.0121442 2.5692381 2.5673910 2.8188019 1.2131070 1.3238646 2.8103154 2.9298049 2.9020156 3.0526011 2.9878258 3.4876224 3.4876224 3.2290290 3.2939129 3.2355327 3.4566624 3.4633669 3.0320988 3.0124184 3.0124184 3.0918174 3.0918174 3.2980890 3.7543719 3.5687448 3.2347934 3.5846900 3.6250092 3.5309707 3.5361587 3.2627729 3.3896665 3.3786673 3.8947046 3.1546763 3.2163519 4.1333463 4.1679277 3.3548757 3.0842069 3.8903584 3.7598896 3.7776246 3.4836827 3.8318655 3.8815289 3.2003239 3.4261439 3.3394149 3.4931238 3.0762094 3.9607153 
Xestes_maker-XT_scaffold1232-augustus-gene-0.9-mRNA-1 2.2573528 2.4383837 2.4263665 1.8474990 1.2689889 2.3497176 2.3006405 2.7305411 2.8991436 2.7741269 1.4613667 2.8940823 1.6753097 2.8873262 2.9842427 3.0236176 3.0156738 2.8795123 2.9296443 2.2698155 2.7593827 2.7495970 2.8119125 2.8549650 2.6402514 2.6920290 2.9847774 1.2136606 0.9412815 0.9609843 0.9213121 0.0000000 2.8118086 3.0676175 2.8066553 2.1691537 2.6095174 2.6489008 2.9368199 1.4424699 1.4470846 2.8781756 3.1423610 3.4693975 3.1842755 3.1669434 3.3789327 3.3789327 3.4042732 3.4857449 3.4335442 3.7976740 3.3074242 3.2450974 3.1933363 3.1933363 3.2036227 3.2036227 3.0909786 3.8280773 3.6068996 3.2133407 3.5527019 3.2876648 3.0629568 3.4235526 3.2690751 3.6282114 3.7446225 3.4760066 3.0783928 3.1874157 3.8263000 3.9410949 3.1723090 3.0958814 3.5746495 3.6005838 3.8081458 3.0914693 3.6848239 3.4216085 2.9738232 3.3191839 3.5431713 3.6312467 3.8833245 3.6514733 
Bralan_BLAG07000901_1                                 2.9478027 2.8381269 2.8278417 2.7000232 1.3311560 2.8691279 2.6765501 1.3503073 1.7612468 2.1702320 1.3063079 2.1771584 1.6121004 2.0108875 2.1039449 2.0328132 2.0237197 1.8913885 2.0976889 1.8762632 2.2497641 2.2348909 2.1598312 2.1676658 2.0316177 1.9515626 2.1177145 2.8495652 2.1250999 2.6451950 2.7148916 2.8118086 0.0000000 2.0988283 2.1454219 2.0381117 1.9378276 1.9041346 2.0606111 2.7793202 2.7150429 2.1227418 2.5596583 2.4769519 2.4193359 1.8679638 2.2810695 2.2810695 2.9564527 2.8368635 2.8146199 3.0580509 2.9688020 2.3235798 2.2620799 2.2620799 2.2078163 2.2078163 2.2189862 2.9064217 2.8597185 2.3460629 2.6750173 2.7422989 2.6905025 2.6215628 2.3175337 2.9436681 2.9489023 2.7260557 2.2688653 2.6301436 3.2688470 3.2555102 2.6410054 2.4555280 2.8606669 3.1972941 3.2782076 2.8785022 2.8178459 2.9754111 2.8641493 2.8696444 2.7037193 2.9621198 3.0015684 3.1671358 
Exapal_XM_021060819.2                                 3.4198414 2.8735497 2.8841257 2.5654700 1.2667547 2.8148050 2.6247593 2.1951277 1.8936488 2.1825514 1.4483613 1.9563492 1.4346431 2.0561472 2.1408422 2.1328158 2.1434440 2.0415176 2.1471985 1.7194791 1.4033289 1.4293841 1.2870154 1.3135950 1.3232105 1.4513553 1.5670974 2.9158163 2.1818729 2.8371068 2.7393413 3.0676175 2.0988283 0.0000000 0.4857473 0.8997779 2.1613318 1.8154926 2.0830735 2.6775871 2.9465612 2.0708155 2.1195579 2.1007946 2.4310125 2.3994261 2.6197754 2.6197754 2.9686338 2.9355672 2.9075996 3.6464797 2.8017778 2.3333079 2.3386987 2.3386987 2.2637099 2.2637099 2.5585441 2.8023660 2.7600708 1.9574909 2.6653142 2.6446264 2.4383118 2.8450050 2.3578548 2.8072845 2.5988325 2.6511984 2.3264573 2.5574967 3.0798694 3.0814960 2.7674938 2.7722712 2.7086736 2.9789752 2.9122399 2.6295999 3.0837029 2.4419747 2.6076483 2.6124231 2.6813010 3.0356544 3.6976705 2.7909390 
Exapal_XM_021060821.2                                 3.4690615 2.8134682 2.8030449 2.5339338 1.2663483 3.0311894 2.7910826 2.4243581 1.8086073 2.0489938 1.4620179 1.8475280 1.5758872 1.9586267 2.0114811 2.0396664 2.0496942 1.9008151 1.9557272 1.5179065 1.2775468 1.2841853 1.1971021 1.1512943 1.2661391 1.2951400 1.3639195 2.9572202 2.1947288 2.8523257 2.7584111 2.8066553 2.1454219 0.4857473 0.0000000 0.8600179 2.0888667 1.8075696 2.1965783 2.7282499 2.9257577 2.1233117 2.0652154 2.1346766 2.2946610 2.3130264 2.4504960 2.4504960 2.7623757 2.7959730 2.7418292 3.2698290 2.7216823 2.3116959 2.3256046 2.3256046 2.3115579 2.3115579 2.4191874 2.8426466 2.7589388 2.1907895 2.7217823 2.6645544 2.3702599 2.7206756 2.3195766 2.7855152 2.6632216 2.5081427 2.2906651 2.5169468 3.0224001 2.8974296 2.4592730 2.6288652 2.6304555 3.0437495 2.9054806 2.5808717 2.6580017 2.5362571 2.4442242 2.4377868 2.7454519 2.8302109 3.1310000 2.6008493 
Nvec_v1g108592                                        2.6087778 2.5348561 2.5154839 2.1893429 1.1936742 1.9064864 1.7132069 1.8289881 1.6806540 1.5350382 1.2205433 1.5385049 1.6234556 1.8220878 1.8743441 1.8145294 1.8145294 1.5714906 1.8190673 1.6685791 1.1738693 1.1894875 1.1300830 1.1653514 1.2532447 1.2310511 1.3474341 2.1266804 2.0443141 2.0036530 2.0121442 2.1691537 2.0381117 0.8997779 0.8600179 0.0000000 1.8014583 1.7937067 1.9521559 2.2754225 2.3472426 1.7881948 2.0377126 2.1477902 1.7730713 2.0466951 1.9081375 1.9081375 2.2423230 2.2258807 2.1893122 2.4559546 2.1947743 1.9345443 2.0154412 2.0154412 2.0647986 2.0647986 2.2280271 2.3898067 2.4571583 2.0470926 2.3298277 2.2972922 2.1791587 2.2238186 2.0178282 2.4967221 2.1161995 2.0637030 1.9140541 1.9822784 2.8300949 2.7700684 2.3994717 2.0714522 2.6783367 2.9383283 3.0151341 2.2329112 2.4922984 2.1417429 2.1548938 2.3630918 2.1145658 2.4772915 3.0926058 2.4696760 
Ctel_gnl_WGS_AMQN_CAPTEDRAFT_mRNA126517               3.0559233 2.8902891 2.8764348 2.5151309 1.2211575 2.5946163 2.3833307 1.8138028 1.4760993 1.8923438 1.3048100 1.8300990 1.3800379 1.8883525 1.8111994 1.9474178 1.9474178 1.7376173 1.9306530 1.6551449 1.9022098 1.9228830 1.9635814 2.1460331 2.0128481 2.1501169 2.3672470 2.5971942 1.9883423 2.4536115 2.5692381 2.6095174 1.9378276 2.1613318 2.0888667 1.8014583 0.0000000 1.8430468 1.7977658 2.4142375 2.7565483 1.6473557 2.4875524 2.7385850 2.4317621 2.0073766 2.3194936 2.3194936 2.4728211 2.4793739 2.4422738 2.7421764 2.6210073 2.2997692 2.3117715 2.3117715 2.2699428 2.2699428 2.2392645 2.7067592 2.6247863 1.9513324 2.6886978 2.5335268 2.5656456 2.9384746 2.5616090 2.5801741 2.4996833 2.5504779 2.1718907 2.5867075 3.1532360 2.9277844 2.5027206 2.2135746 2.9748999 3.2712300 3.3225607 2.3938571 2.5629711 2.9972014 2.5641191 2.5671205 2.3665056 2.5697565 3.7188163 3.1361050 
Skow_XM_006812011.1                                   2.9996532 2.6970577 2.6917349 2.3313988 1.0397563 2.1155989 1.9167169 1.7512579 1.6121353 1.9186949 1.4044973 2.0187500 1.7402038 1.6081652 1.6826333 1.7351769 1.7351769 1.6286457 1.6963432 1.5448907 1.9726658 1.8627868 2.0513873 2.0751461 2.0099962 1.8451414 1.9481989 2.7135121 2.2270183 2.6113049 2.5673910 2.6489008 1.9041346 1.8154926 1.8075696 1.7937067 1.8430468 0.0000000 1.7220882 2.5004763 2.6503477 1.9345705 2.4947353 2.4436036 2.0837868 1.6302080 2.0706969 2.0706969 2.5777131 2.5890847 2.5302327 2.6500315 2.4699924 2.0242481 1.9573790 1.9573790 1.9954183 1.9954183 1.7638401 2.4768747 2.4721210 2.0337536 2.8937701 2.4306455 2.5447103 2.7301696 2.2786292 2.5355820 2.4652986 2.3516210 2.1203780 2.4840392 3.6822574 3.5940793 2.7512548 2.3140099 3.1437873 3.1514913 3.5836391 2.4678974 2.7766256 2.9378913 2.3591198 2.7083941 2.3945066 2.4761229 3.1281567 2.7311809 
Cscu_XM_023388511.1                                   3.1142263 2.8353613 2.8187396 2.4911386 1.4142428 2.9725920 2.8151052 1.7801360 1.8297880 2.1652053 1.2939103 2.1069119 1.7221091 1.9598332 2.0264877 1.9804974 1.9987800 1.8220258 2.0501369 1.7475534 2.1261111 2.0705963 2.0248777 2.0636517 1.9622467 2.0367981 2.1670708 3.0997299 2.2454403 2.9116719 2.8188019 2.9368199 2.0606111 2.0830735 2.1965783 1.9521559 1.7977658 1.7220882 0.0000000 2.6046732 2.9546189 1.9086175 2.4297884 2.5394194 2.1975076 2.0953985 2.3355172 2.3355172 2.6776141 2.8096946 2.7120928 3.0508452 2.7567011 2.1999438 2.1130724 2.1130724 2.0875346 2.0875346 2.2079704 2.6128641 2.7594038 1.7264411 2.8875751 2.7698977 2.3385282 2.8767370 2.6595410 2.5948570 2.5054032 2.6648602 2.3257813 2.8831113 3.3126364 3.3515999 2.5667869 2.3911015 2.5516992 2.8983324 3.1557009 2.5473642 2.9733199 3.4158933 2.7815021 2.6220301 2.5132500 2.4568106 3.2535802 2.7826208 
Halamb_c50821_g2_i1m.29167                            1.5237161 2.3377794 2.3192985 2.0706318 0.8837925 1.5142977 1.3413884 2.6197828 2.5763599 2.7804116 1.7776887 2.5709182 2.7238273 2.5491830 2.4965894 2.6812847 2.6812847 2.5251214 2.6296720 2.5741184 2.6612868 2.5309701 2.7420641 2.8643556 2.6724932 2.5910347 2.9333247 1.2290051 1.2369110 1.2264559 1.2131070 1.4424699 2.7793202 2.6775871 2.7282499 2.2754225 2.4142375 2.5004763 2.6046732 0.0000000 0.7298332 2.5334222 2.7152603 2.7022670 3.0639450 2.5760347 3.2152095 3.2152095 2.8228237 2.9107212 2.8138449 3.4820884 3.1337011 3.1079380 3.1845612 3.1845612 3.0847680 3.0847680 2.8899938 3.6747578 3.2751665 3.4085328 3.2888949 2.9815345 3.0628204 3.4379645 2.7615889 3.3422751 3.3994849 3.4578927 2.8489485 3.2005482 4.3804794 4.8109091 3.7674558 2.8950363 4.6446722 4.6712442 3.7464244 3.0795752 3.5168730 3.0398194 2.9084576 3.1795733 2.9676724 3.3662711 3.5200113 3.4598334 
Halamb_c50821_g3_i1mm.3651                            1.3844043 1.8962197 1.8376536 2.1648985 0.9914977 1.2836748 1.1671278 2.6775420 2.4233216 3.3431741 1.7488352 2.6893347 2.5826313 2.9258673 2.9492792 3.0002435 3.0002435 2.9268762 3.2109184 3.2017557 2.5381551 2.4158408 2.7987166 2.6533936 2.5646347 2.8315101 3.3953783 1.3422457 1.5748190 1.2769082 1.3238646 1.4470846 2.7150429 2.9465612 2.9257577 2.3472426 2.7565483 2.6503477 2.9546189 0.7298332 0.0000000 3.2200123 3.2433358 3.2249268 3.0462416 2.8451069 3.3875478 3.3875478 3.4187870 3.3273809 3.2125754 2.9547238 3.7282836 3.4057255 3.5826886 3.5826886 3.6101709 3.6101709 3.1082850 4.1646024 3.9808379 3.5862178 3.9888892 3.6196972 3.8679828 3.7206923 3.3428462 3.5889510 3.3798234 3.4511728 3.3193007 3.1277149 4.7674627 4.6515848 3.3675805 2.6169118 4.4577948 4.5699700 4.3337663 2.9133753 3.4088869 3.0977138 3.3756161 3.6184414 3.4385736 3.6888967 3.7455546 3.5152613 
Cgig_XM_034457248.1                                   3.3862279 3.4064082 3.4061466 2.7661002 1.3953616 3.0050146 2.8693635 1.8375951 1.4292309 2.0354182 1.1745547 1.9392383 1.4898228 2.0839887 2.1103003 2.1443886 2.1548160 1.9634419 2.1521720 1.5847858 1.9714152 2.0207295 1.9835369 1.9777505 1.9269098 1.9604664 2.0816142 2.8186470 2.1783368 2.8711999 2.8103154 2.8781756 2.1227418 2.0708155 2.1233117 1.7881948 1.6473557 1.9345705 1.9086175 2.5334222 3.2200123 0.0000000 2.6858644 2.6010275 2.1338639 2.2012569 2.4421916 2.4421916 2.7747672 2.8593171 2.7860296 3.3191241 2.8698228 2.2489819 2.2082981 2.2082981 2.2054427 2.2054427 2.3769270 2.7859421 2.9845864 2.0728846 2.6141147 2.9053551 2.4454590 2.6987080 2.5847051 2.4344696 2.2932275 2.5966584 2.2584673 2.7233090 3.4275728 3.5694013 2.4953399 2.2818083 2.8986133 3.1834156 2.8385705 2.6024509 2.7687029 2.8835767 2.7313693 2.6375567 2.6214245 2.6362125 3.7753532 2.5990827 
