101
Lcom_lcpid198187                                       0.0000000 0.8486113 0.9142335 1.0005006 1.2998637 1.2998637 1.2998637 1.3820831 1.4363380 1.4363380 1.4363380 1.4363380 1.4687568 1.4687568 1.2886425 1.2886425 1.4455212 1.2524474 1.2524474 1.2582646 1.1548696 1.5582655 1.5582655 1.7768378 1.6617082 1.6617082 1.5528094 1.5528094 1.4645462 1.4411489 1.7044179 1.7710556 1.5707977 1.7902440 1.7419829 1.6806907 1.0368128 1.7273412 1.6857621 1.6158154 2.7242474 1.6205139 0.0000010 1.5080409 1.4708229 1.5495168 1.5418420 1.6626412 1.4894217 1.6029929 1.6029929 1.6029929 1.6029929 1.6549372 2.6807304 1.6328664 1.3992334 1.2547193 1.2547193 1.4054514 1.4660703 1.7868202 1.6569901 1.2598447 1.4049290 1.4607752 1.5072498 1.3944285 1.4703032 1.5129136 1.6415777 1.6415777 2.0629513 1.5906343 1.4019348 1.4603358 1.4265326 1.4265326 1.3940705 1.3809313 1.3809313 1.5635137 1.6625488 1.4593609 1.5835952 1.0661807 1.3988041 1.2548405 1.2313882 0.7229811 1.3889992 1.4224282 1.1572900 1.4579087 1.0992313 1.0851645 1.2433573 1.2163244 1.3808720 2.3167061 1.5390735 
Salurc_EP00051_Salpingoeca_urceolata_P027077           0.8486113 0.0000000 0.9873093 1.4847035 1.2691894 1.1523411 1.2483608 1.1297879 1.5487338 1.5487338 1.5366604 1.5366604 1.5246268 1.4644870 1.4682460 1.4682460 1.7156147 1.5275928 1.5275928 1.3600197 1.4950359 1.7513562 1.6841691 2.1519619 1.6160541 1.9703840 1.8692710 1.8692710 1.8960473 1.9088662 1.9569623 1.9669965 1.8635560 1.1749450 1.8639017 1.6591067 2.9965567 1.6597362 1.6249868 1.6598211 2.2799240 1.6641808 2.7722041 1.6657328 1.7147902 1.9185176 1.3060632 1.4441316 1.4865246 1.5122446 1.5122446 1.4493427 1.4493427 1.5728743 2.3197222 1.6341700 1.2987687 1.0261998 1.2570124 1.4187687 1.3801887 1.8615276 1.8142360 1.5689132 1.4606980 1.5070277 1.6279598 1.5618036 1.3875831 1.5530219 1.9980141 1.9582825 1.5623851 1.5474067 1.4433645 1.5066622 1.4751708 1.4808417 1.3568218 1.5379107 1.6511322 1.6277276 2.0313487 1.9501300 2.0048343 1.0056907 1.2488892 1.0591956 2.0103707 2.4946137 1.4920669 1.5063292 1.8359017 1.4517465 1.4505042 1.2898071 1.2240037 1.4974052 2.1376670 2.3203316 1.6164988 
Mylflu_EP00047_Mylnosiga_fluctuans_P002093             0.9142335 0.9873093 0.0000000 1.4421371 1.6961245 1.5228598 1.7248698 1.4606011 2.0390774 2.0390774 1.8680254 1.8680254 1.8564752 1.8462436 1.8808008 1.8808008 2.0807838 1.8343919 1.8343919 1.7979284 1.9585451 2.0533999 1.9626711 1.9924942 1.7644296 2.0155331 1.9371373 1.9371373 1.8953791 1.9352134 1.9022732 2.3085481 1.8291719 1.5490363 1.8429238 1.9603084 3.4576607 1.8880725 1.9239217 1.9909993 3.0415754 2.2428319 3.2972779 1.9731223 2.1033792 2.0756475 1.5816487 1.6532323 1.5600727 1.5387691 1.5387691 1.5387691 1.5387691 1.4748055 2.4484265 1.7293040 1.5248201 1.2758517 1.4569350 1.4247881 1.5620685 1.5082622 1.3865373 1.5623683 1.4065678 1.5917848 1.4656546 1.3842652 1.6044396 1.5826556 1.6180736 1.6102527 1.5850644 1.6318822 1.5543569 1.6148175 1.5966387 1.5981021 1.5415821 1.6162305 1.5761761 1.6782105 1.8489253 1.8382494 1.8252246 1.2062346 1.4666337 1.3685556 2.2963148 1.6093826 1.8612916 1.2830952 1.6325923 1.3734648 1.4160314 1.2232511 1.3338945 1.6921726 2.1712156 2.0040609 1.6557126 
Saldol_EP00054_Salpingoeca_dolichothecata_P031555      1.0005006 1.4847035 1.4421371 0.0000000 1.2390617 1.0433123 1.2415466 1.0269183 1.6106076 1.6106076 1.5299013 1.5299013 1.6376137 1.6006030 1.5873720 1.5873720 1.6349242 1.3738178 1.3738178 1.3479591 1.5076254 1.5506663 1.4720588 1.6268235 1.5409874 1.8562336 1.4370397 1.4370397 1.4846132 1.5052335 1.4090986 1.7714533 1.1984086 1.3210873 1.4653769 1.3294494 1.6308340 1.3006348 1.3181782 1.3347010 1.8016134 1.6215492 2.0804803 1.3259710 1.2650876 1.3694776 1.2145747 1.2387864 1.2864921 1.1716905 1.1716905 1.1716905 1.1716905 1.5233952 1.5217934 1.2017717 1.2225739 1.0271095 1.1681343 1.2097922 1.3725676 1.4191753 1.3781674 1.3021710 1.4005299 1.4450766 1.3077227 1.1711445 1.3681135 1.3217272 1.6164358 1.5748596 1.5829032 1.5494059 1.1857430 1.2713201 1.2192834 1.2431832 1.2217495 1.2501567 1.1949856 1.3349007 1.6645190 1.6043019 1.7090558 1.1743881 1.5372573 1.1756330 1.4025467 1.8866184 1.7357652 1.3420840 1.7013524 1.4604684 1.3834893 1.0492838 1.1402044 1.1793791 1.9027734 1.8545053 1.8273426 
Horcal_Hcv1.av93.c10.g647.i1                           1.2998637 1.2691894 1.6961245 1.2390617 0.0000000 0.0065704 0.0419087 0.0219910 0.4299479 0.4299479 0.4788046 0.4788046 0.4478092 0.3921624 0.4220135 0.4220135 0.5004283 0.5475514 0.5475514 0.5300796 0.4406742 0.5269671 0.5476760 1.8025779 1.1814397 1.6770771 1.4282211 1.4282211 1.3954914 1.2671773 1.3566550 1.5639696 1.3638437 0.9568595 1.5828447 1.4466931 2.4406121 1.4320590 1.4283794 1.4663400 1.9027148 1.3126877 2.4385298 1.3529199 1.2596897 1.3085006 1.1367330 1.1956706 1.0763381 1.1972040 1.1972040 1.1361059 1.1361059 1.2183809 2.0777086 1.3676566 1.0768282 1.0807192 1.2018039 1.1881847 1.2678742 1.1695025 1.1973769 1.1387519 1.1581359 1.3367602 1.1224441 1.1268383 1.2678296 1.3437571 1.6003659 1.4983551 1.3193693 1.1591069 1.3342548 1.3987613 1.3465759 1.3519246 1.3444477 1.3852345 1.7738994 1.2957912 1.2865023 1.4802591 1.3417291 1.3905264 1.5668121 1.2866264 1.6471941 1.6708595 2.1674966 1.9100505 2.0287881 1.9048041 1.7524372 1.5867649 2.0462371 1.4685058 1.9343242 1.6389024 1.4921348 
Horcal_Hcv1.av93.c10.g647.i2                           1.2998637 1.1523411 1.5228598 1.0433123 0.0065704 0.0000000 0.0474300 0.0219910 0.4650186 0.4650186 0.4650186 0.4650186 0.3646004 0.3646004 0.3878967 0.3878967 0.3694386 0.5247873 0.5247873 0.5583671 0.4151091 0.5196249 0.5196249 1.5782599 1.1672103 1.2548298 1.2554577 1.2554577 1.2364549 1.1974701 1.2545188 1.4043035 1.0645547 0.9568595 1.3453909 1.2401734 3.0601664 1.2719949 1.3123518 1.2636097 1.8593485 1.2200297 2.3097587 1.1335127 1.1428026 1.1878716 1.0539598 1.0779715 0.9595370 1.1371064 1.1371064 1.0598191 1.0598191 1.2081979 1.8883302 1.1571391 0.9879766 1.0807192 1.1440602 1.0366783 1.0335916 1.1388727 1.0618835 1.0679829 1.0385774 1.2052983 1.0386298 1.0081554 1.1441256 1.1561392 1.1769961 1.1196658 1.1724579 1.0185668 1.1863979 1.2102884 1.2311584 1.2376404 1.2601775 1.2222170 1.3497623 1.2548182 1.2251659 1.3429152 1.1230359 1.1227006 1.4466263 1.2495744 1.3723600 1.7811532 2.0958974 1.7604968 1.9067606 1.7195865 1.5274425 1.5944355 1.7128116 1.2570383 1.8300179 1.6128513 1.4921348 
Pbac_sb2648839                                         1.2998637 1.2483608 1.7248698 1.2415466 0.0419087 0.0474300 0.0000000 0.0359511 0.4374031 0.4374031 0.4971474 0.4971474 0.4678955 0.4011160 0.4214912 0.4214912 0.5290511 0.5840858 0.5840858 0.5498609 0.4576312 0.5729003 0.5869043 1.7626125 1.1814397 1.6470406 1.4549544 1.4549544 1.4098945 1.3270311 1.3957958 1.5969914 1.3362051 0.9568595 1.6319995 1.4748669 2.5849640 1.4964362 1.4860881 1.5028866 1.9867718 1.3571622 2.5717426 1.3949272 1.3063946 1.3674263 1.1825580 1.2490075 1.1371759 1.2450130 1.2450130 1.1606379 1.1606379 1.2244043 2.0857705 1.3559601 1.0823039 1.0796536 1.2076660 1.2113395 1.2873153 1.1864970 1.2811167 1.1588091 1.1668028 1.3633893 1.1484673 1.1660038 1.2456373 1.3647653 1.6664162 1.5546189 1.4050142 1.1786488 1.3377265 1.4402720 1.3353677 1.3406473 1.3563476 1.3872963 1.7911864 1.3153333 1.2563350 1.5386263 1.3307360 1.3872385 1.5980354 1.2866264 1.6471941 1.9188998 2.1318758 1.9661014 2.1010957 1.9562354 1.8021661 1.6694284 2.0899732 1.4647758 1.9965347 1.7890278 1.5273316 
Coeast_Cast_sb836165                                   1.3820831 1.1297879 1.4606011 1.0269183 0.0219910 0.0219910 0.0359511 0.0000000 0.4314639 0.4314639 0.4314639 0.4314639 0.3689497 0.3689497 0.3834376 0.3834376 0.3753182 0.5345845 0.5345845 0.5757291 0.4051226 0.5106942 0.5106942 1.5871173 1.2130891 1.2648147 1.2534981 1.2534981 1.2425603 1.1697021 1.1889025 1.4355419 0.9641077 0.9951390 1.1999237 1.2555821 1.7001065 1.1557825 1.1632875 1.1689920 1.4580153 1.2196027 2.0827100 1.1266219 1.1305461 1.1255959 1.0297643 1.0538453 0.9836275 1.0471027 1.0471027 0.9991593 0.9991593 1.1740147 1.7070322 1.1250772 0.9031686 1.1015608 1.1015608 0.9735400 1.0133248 1.0718802 1.1148727 1.0157275 1.0368767 1.1603509 1.0107156 0.9598965 1.1084734 1.1289778 1.1083560 1.0531790 1.2552793 1.0324947 1.0777107 1.1340095 1.1108374 1.1173809 1.1759467 1.1274084 1.1775469 1.1850895 1.1581452 1.2448312 1.0253076 1.1743409 1.4965182 1.2632909 1.4063778 1.7721714 2.2071957 1.7685769 1.9451479 1.8106484 1.5575179 1.6210632 1.7716335 1.2205743 1.8147263 1.6175408 1.5917355 
Beraby_Baby_sb332343                                   1.4363380 1.5487338 2.0390774 1.6106076 0.4299479 0.4650186 0.4374031 0.4314639 0.0000000 0.0000010 0.0118879 0.0118879 0.3608192 0.3039756 0.3325495 0.3325495 0.4626761 0.5632862 0.5632862 0.5347599 0.4009123 0.5825768 0.5843441 1.7340545 1.3156026 1.7269435 1.4596176 1.4596176 1.4318131 1.3824200 1.4694738 1.5910308 1.4022577 1.0286264 1.6289492 1.4459638 2.3033350 1.4935548 1.5100307 1.4936182 1.9179224 1.4016872 2.4349709 1.3306421 1.4611804 1.5123390 1.1062749 1.1694263 1.0425150 1.1858987 1.1858987 1.1775131 1.1775131 1.3002875 2.1032494 1.3454522 1.1806184 1.1307406 1.2516317 1.2225974 1.2992864 1.2360880 1.3791689 1.2553454 1.2939235 1.3690463 1.1389626 1.2412067 1.1844732 1.5841248 1.6143338 1.5692592 1.3332819 1.2391662 1.4548098 1.4743858 1.5104781 1.5162768 1.4272344 1.5401679 1.8123726 1.4568925 1.5403448 1.5760728 1.3887867 1.5120311 1.8651167 1.4324987 1.9099313 1.4445211 2.4982573 1.8475150 2.1403751 2.1310639 2.0294874 1.9534942 2.5610890 1.7016171 2.0329141 1.8278149 1.7448323 
Beraby_Baby_sb332345                                   1.4363380 1.5487338 2.0390774 1.6106076 0.4299479 0.4650186 0.4374031 0.4314639 0.0000010 0.0000000 0.0118879 0.0118879 0.3608192 0.3039756 0.3325495 0.3325495 0.4626761 0.5632862 0.5632862 0.5347599 0.4009123 0.5825768 0.5843441 1.7340545 1.3156026 1.7269435 1.4596176 1.4596176 1.4318131 1.3824200 1.4694738 1.5910308 1.4022577 1.0286264 1.6289492 1.4459638 2.3033350 1.4935548 1.5100307 1.4936182 1.9179224 1.4016872 2.4349709 1.3306421 1.4611804 1.5123390 1.1062749 1.1694263 1.0425150 1.1858987 1.1858987 1.1775131 1.1775131 1.3002875 2.1032494 1.3454522 1.1806184 1.1307406 1.2516317 1.2225974 1.2992864 1.2360880 1.3791689 1.2553454 1.2939235 1.3690463 1.1389626 1.2412067 1.1844732 1.5841248 1.6143338 1.5692592 1.3332819 1.2391662 1.4548098 1.4743858 1.5104781 1.5162768 1.4272344 1.5401679 1.8123726 1.4568925 1.5403448 1.5760728 1.3887867 1.5120311 1.8651167 1.4324987 1.9099313 1.4445211 2.4982573 1.8475150 2.1403751 2.1310639 2.0294874 1.9534942 2.5610890 1.7016171 2.0329141 1.8278149 1.7448323 
Beraby_Baby_sb332344                                   1.4363380 1.5366604 1.8680254 1.5299013 0.4788046 0.4650186 0.4971474 0.4314639 0.0118879 0.0118879 0.0000000 0.0000010 0.3440361 0.3440361 0.3620142 0.3620142 0.3629908 0.6269503 0.6269503 0.6119920 0.4158033 0.6624910 0.6624910 1.8201352 1.3239734 1.7311152 1.5895356 1.5895356 1.6122993 1.5685363 1.6032789 1.6776894 1.4438188 1.0286264 1.7731243 1.5913290 4.4105471 1.6402090 1.6612452 1.6451611 2.5155740 1.5705025 4.1681466 1.4005917 1.5977095 1.6866572 1.1636482 1.2396664 1.0729799 1.2432146 1.2432146 1.2335290 1.2335290 1.4367823 2.8085384 1.4726590 1.2455714 1.1307406 1.3558313 1.2460687 1.4353470 1.3177049 1.4591052 1.3206268 1.3461432 1.3945585 1.2010695 1.3425886 1.3325608 1.7157411 1.6575924 1.6440847 1.3601595 1.2800233 1.5073022 1.5611874 1.5601687 1.5668754 1.5367178 1.6187793 1.7923613 1.5084733 1.7299747 1.6807202 1.3945982 1.3948849 1.7542798 1.3847136 1.6916131 1.6558449 2.6423773 1.8111590 2.2644604 2.0427214 1.9605407 1.9219449 2.4539719 1.5599069 2.3762331 1.9464472 1.7448323 
Beraby_Baby_sb332346                                   1.4363380 1.5366604 1.8680254 1.5299013 0.4788046 0.4650186 0.4971474 0.4314639 0.0118879 0.0118879 0.0000010 0.0000000 0.3440361 0.3440361 0.3620142 0.3620142 0.3629908 0.6269503 0.6269503 0.6119920 0.4158033 0.6624910 0.6624910 1.8201352 1.3239734 1.7311152 1.5895356 1.5895356 1.6122993 1.5685363 1.6032789 1.6776894 1.4438188 1.0286264 1.7731243 1.5913290 4.4105471 1.6402090 1.6612452 1.6451611 2.5155740 1.5705025 4.1681466 1.4005917 1.5977095 1.6866572 1.1636482 1.2396664 1.0729799 1.2432146 1.2432146 1.2335290 1.2335290 1.4367823 2.8085384 1.4726590 1.2455714 1.1307406 1.3558313 1.2460687 1.4353470 1.3177049 1.4591052 1.3206268 1.3461432 1.3945585 1.2010695 1.3425886 1.3325608 1.7157411 1.6575924 1.6440847 1.3601595 1.2800233 1.5073022 1.5611874 1.5601687 1.5668754 1.5367178 1.6187793 1.7923613 1.5084733 1.7299747 1.6807202 1.3945982 1.3948849 1.7542798 1.3847136 1.6916131 1.6558449 2.6423773 1.8111590 2.2644604 2.0427214 1.9605407 1.9219449 2.4539719 1.5599069 2.3762331 1.9464472 1.7448323 
Vmul_sbMO422250                                        1.4687568 1.5246268 1.8564752 1.6376137 0.4478092 0.3646004 0.4678955 0.3689497 0.3608192 0.3608192 0.3440361 0.3440361 0.0000000 0.0297280 0.3320228 0.3320228 0.2430502 0.6134710 0.6134710 0.6204932 0.5278466 0.7224528 0.7224528 1.8598372 1.1139907 1.5233688 1.6306969 1.6306969 1.5979601 1.5342405 1.5937598 1.5889428 1.4351781 0.9698197 1.6240942 1.5117840 5.7540204 1.6268712 1.5751924 1.5287976 2.3661668 1.4167476 4.6477125 1.3755062 1.7870346 1.7134425 1.4205360 1.4597990 1.3322643 1.3988715 1.3988715 1.3892542 1.3892542 1.4472544 2.3022751 1.4405641 1.2371136 1.0572305 1.4177175 1.3276139 1.5145889 1.6012550 1.5784260 1.4548623 1.5415131 1.4898562 1.4783867 1.4161777 1.4718774 1.6768159 1.5603583 1.5482756 1.4067790 1.3086467 1.3782604 1.4158317 1.4326907 1.4387703 1.4814773 1.4775827 1.5237489 1.5797034 1.6654205 1.8685936 1.4417183 1.7235156 1.6148787 1.2856888 1.7996628 2.3403979 2.1923663 1.8462775 2.1594490 1.9452145 2.0099516 1.9498567 2.3158848 1.4493358 2.0207613 1.9604038 1.5569748 
Mlei_ML0507.g11.i1                                     1.4687568 1.4644870 1.8462436 1.6006030 0.3921624 0.3646004 0.4011160 0.3689497 0.3039756 0.3039756 0.3440361 0.3440361 0.0297280 0.0000000 0.2685010 0.2685010 0.2656580 0.5133957 0.5133957 0.5000746 0.4439062 0.5917434 0.6086452 1.6620149 1.0856260 1.4678549 1.4144057 1.4144057 1.3402541 1.2777538 1.3458833 1.5085131 1.3034543 0.9698197 1.4206289 1.2891704 2.5462946 1.3928683 1.3519715 1.3102789 1.7038264 1.2189656 2.4304339 1.2157783 1.5310352 1.4492213 1.1843200 1.2154098 1.1045186 1.2307890 1.2307890 1.2222827 1.2222827 1.2290587 1.6966689 1.2444350 1.0936023 1.0572305 1.2225141 1.2164616 1.2501414 1.3394576 1.3494029 1.2410343 1.2963259 1.3277801 1.2489469 1.2139077 1.2523442 1.4416661 1.4150701 1.3693238 1.2541786 1.1443184 1.2424250 1.2565706 1.3025511 1.3078762 1.2881729 1.3182405 1.5237489 1.4227450 1.3880539 1.5597255 1.3014513 1.7016517 1.6576291 1.3255173 1.8071145 1.5214025 2.1475751 1.8866306 2.1120885 1.9686510 1.8721834 1.8544372 2.2459542 1.6093786 1.7612292 1.6902480 1.5569748 
Drygla_Dgla_sb285761                                   1.2886425 1.4682460 1.8808008 1.5873720 0.4220135 0.3878967 0.4214912 0.3834376 0.3325495 0.3325495 0.3620142 0.3620142 0.3320228 0.2685010 0.0000000 0.0000010 0.4192902 0.5221153 0.5221153 0.5061701 0.4125655 0.5997191 0.5945083 1.4271654 1.1010270 1.6289830 1.3782364 1.3782364 1.3174185 1.3126831 1.3464133 1.5115583 1.4339965 0.9621725 1.4863900 1.3599624 3.0780629 1.4845134 1.4323728 1.3822719 1.9765569 1.3168698 3.0380653 1.3009595 1.4246939 1.3454275 1.1110338 1.2139458 1.1299951 1.1760828 1.1760828 1.1551546 1.1551546 1.2317142 1.8870292 1.2924286 1.1620007 1.1244513 1.2747663 1.2526590 1.2854738 1.3371175 1.3023494 1.3298508 1.3269855 1.4074788 1.2776186 1.1874196 1.2813347 1.5644361 1.5493289 1.5035275 1.2506073 1.1865140 1.3903148 1.3651032 1.3623871 1.3677520 1.2497985 1.3680642 1.6289999 1.3573497 1.3154918 1.3833810 1.2520431 1.7686505 1.6097472 1.3029121 1.7852542 1.7134921 1.9721225 1.8961470 1.9413935 2.0165575 1.8464444 1.8045004 2.3346835 1.7194645 1.9381461 1.6511947 1.4866149 
Drygla_Dgla_sb285762                                   1.2886425 1.4682460 1.8808008 1.5873720 0.4220135 0.3878967 0.4214912 0.3834376 0.3325495 0.3325495 0.3620142 0.3620142 0.3320228 0.2685010 0.0000010 0.0000000 0.4192902 0.5221153 0.5221153 0.5061701 0.4125655 0.5997191 0.5945083 1.4271654 1.1010270 1.6289830 1.3782364 1.3782364 1.3174185 1.3126831 1.3464133 1.5115583 1.4339965 0.9621725 1.4863900 1.3599624 3.0780629 1.4845134 1.4323728 1.3822719 1.9765569 1.3168698 3.0380653 1.3009595 1.4246939 1.3454275 1.1110338 1.2139458 1.1299951 1.1760828 1.1760828 1.1551546 1.1551546 1.2317142 1.8870292 1.2924286 1.1620007 1.1244513 1.2747663 1.2526590 1.2854738 1.3371175 1.3023494 1.3298508 1.3269855 1.4074788 1.2776186 1.1874196 1.2813347 1.5644361 1.5493289 1.5035275 1.2506073 1.1865140 1.3903148 1.3651032 1.3623871 1.3677520 1.2497985 1.3680642 1.6289999 1.3573497 1.3154918 1.3833810 1.2520431 1.7686505 1.6097472 1.3029121 1.7852542 1.7134921 1.9721225 1.8961470 1.9413935 2.0165575 1.8464444 1.8045004 2.3346835 1.7194645 1.9381461 1.6511947 1.4866149 
Bolinf_Binf_sb1216185                                  1.4455212 1.7156147 2.0807838 1.6349242 0.5004283 0.3694386 0.5290511 0.3753182 0.4626761 0.4626761 0.3629908 0.3629908 0.2430502 0.2656580 0.4192902 0.4192902 0.0000000 0.7263888 0.7263888 0.7130402 0.5686503 0.6974152 0.6646688 1.9789793 1.1849256 1.5768089 1.8382100 1.8382100 1.7030110 1.6269595 1.7526918 1.8674335 1.4693266 0.9562520 1.6219413 1.5597244 5.0045495 1.6834813 1.6810651 1.5928672 2.2615874 1.6506112 4.5469268 1.4868561 1.7891543 1.6905709 1.4014088 1.4131418 1.3332730 1.4352562 1.4352562 1.3100820 1.3100820 1.4372304 2.6031477 1.3993431 1.2329629 1.0281363 1.3533951 1.2643335 1.2259832 1.7498706 1.5066157 1.5612655 1.4426591 1.5575398 1.5147050 1.4113577 1.4833340 1.5037764 1.4589531 1.4460770 1.4119599 1.3252874 1.4485076 1.4867037 1.5688724 1.5753626 1.5896801 1.5195719 1.4281273 1.6611462 1.5689318 1.9832434 1.5181548 1.5608891 1.8093944 1.2876927 2.0278319 2.8949216 2.0522360 1.8571719 2.2123424 2.0758406 1.9938747 1.9895388 2.3215012 1.6828003 2.3375072 2.0016451 1.4920538 
Coemet_Cmet_scaffold10156_01                           1.2524474 1.5275928 1.8343919 1.3738178 0.5475514 0.5247873 0.5840858 0.5345845 0.5632862 0.5632862 0.6269503 0.6269503 0.6134710 0.5133957 0.5221153 0.5221153 0.7263888 0.0000000 0.0000010 0.1711176 0.4148435 0.5761699 0.5756414 1.4464746 0.9860790 1.4330419 1.2930214 1.2930214 1.2017539 1.2067153 1.2408565 1.4476906 1.1939455 0.8661142 1.2440420 1.0937650 2.4131798 1.2359629 1.1679363 1.1078751 1.5008950 1.1142046 1.7083260 1.1014441 1.2829805 1.3045279 0.9705118 1.0359048 0.9721789 1.0929585 1.0929585 1.0590751 1.0590751 1.1667605 1.4979609 1.1435863 1.0190885 0.9202758 1.0911776 1.1070521 1.2904613 1.1960842 1.0279344 1.1001482 1.1472457 1.2798563 1.2448650 1.0955979 1.1193755 1.3139487 1.4857663 1.4460068 1.2929898 1.1797163 1.2561665 1.2807536 1.3011702 1.3065301 1.2565124 1.1452882 1.5193392 1.2105625 1.2569404 1.3967294 1.1216992 1.6113299 1.3649170 1.2210024 1.7058591 1.4989183 2.3450168 2.1012827 2.1073012 2.0743221 1.7869063 1.5118789 2.4316825 1.7799910 1.8660714 1.6521926 1.6255624 
Coemet_Cmet_scaffold10157_01                           1.2524474 1.5275928 1.8343919 1.3738178 0.5475514 0.5247873 0.5840858 0.5345845 0.5632862 0.5632862 0.6269503 0.6269503 0.6134710 0.5133957 0.5221153 0.5221153 0.7263888 0.0000010 0.0000000 0.1711176 0.4148435 0.5761699 0.5756414 1.4464746 0.9860790 1.4330419 1.2930214 1.2930214 1.2017539 1.2067153 1.2408565 1.4476906 1.1939455 0.8661142 1.2440420 1.0937650 2.4131798 1.2359629 1.1679363 1.1078751 1.5008950 1.1142046 1.7083260 1.1014441 1.2829805 1.3045279 0.9705118 1.0359048 0.9721789 1.0929585 1.0929585 1.0590751 1.0590751 1.1667605 1.4979609 1.1435863 1.0190885 0.9202758 1.0911776 1.1070521 1.2904613 1.1960842 1.0279344 1.1001482 1.1472457 1.2798563 1.2448650 1.0955979 1.1193755 1.3139487 1.4857663 1.4460068 1.2929898 1.1797163 1.2561665 1.2807536 1.3011702 1.3065301 1.2565124 1.1452882 1.5193392 1.2105625 1.2569404 1.3967294 1.1216992 1.6113299 1.3649170 1.2210024 1.7058591 1.4989183 2.3450168 2.1012827 2.1073012 2.0743221 1.7869063 1.5118789 2.4316825 1.7799910 1.8660714 1.6521926 1.6255624 
Vmul_sbMO431981                                        1.2582646 1.3600197 1.7979284 1.3479591 0.5300796 0.5583671 0.5498609 0.5757291 0.5347599 0.5347599 0.6119920 0.6119920 0.6204932 0.5000746 0.5061701 0.5061701 0.7130402 0.1711176 0.1711176 0.0000000 0.3919165 0.5218462 0.5304137 1.4326885 0.9627900 1.3968283 1.2766039 1.2766039 1.1882794 1.1563008 1.2503555 1.3780715 1.2197251 0.8302969 1.2592039 1.1096014 2.3495810 1.2192995 1.1497668 1.1489256 1.5368842 1.1786020 2.0450701 1.1293996 1.3062076 1.2766119 0.9980590 1.1180680 1.0550782 1.1872727 1.1872727 1.1658505 1.1658505 1.1462499 1.6220875 1.1734795 1.0752991 0.9066181 1.0810726 1.1193066 1.2259188 1.1426539 1.1051508 1.0912901 1.1099172 1.2402722 1.1106416 1.1259617 1.1232336 1.3026486 1.4274657 1.4229822 1.2533395 1.2668201 1.2942623 1.2820995 1.3321443 1.3375516 1.2087143 1.2405167 1.5710311 1.2145307 1.2070539 1.3506432 1.1661530 1.5609065 1.4204222 1.3618760 1.7027675 1.7238165 2.4213507 1.9467893 2.2273989 2.2454332 1.7409470 1.5288523 2.2885091 1.7783633 1.8848355 1.6326034 1.7020631 
Lampan_Lpan_15588_01                                   1.1548696 1.4950359 1.9585451 1.5076254 0.4406742 0.4151091 0.4576312 0.4051226 0.4009123 0.4009123 0.4158033 0.4158033 0.5278466 0.4439062 0.4125655 0.4125655 0.5686503 0.4148435 0.4148435 0.3919165 0.0000000 0.4643621 0.4819944 1.5312387 0.9885329 1.4466282 1.4495376 1.4495376 1.3951023 1.3034865 1.2902670 1.6199173 1.3980751 0.9436123 1.4397731 1.2862993 2.8970801 1.3611224 1.3218428 1.3461073 1.9195929 1.2384139 2.4868881 1.2040686 1.4377713 1.3649770 1.0927212 1.1556527 1.0740968 1.2039307 1.2039307 1.1867162 1.1867162 1.2382796 1.6778728 1.1809176 1.0378782 0.8872415 1.1086001 1.0815569 1.2292904 1.1898778 1.2683094 1.2371270 1.2350506 1.2866890 1.1489134 1.1597743 1.1617071 1.5029559 1.4152593 1.3700872 1.3885241 1.2305781 1.3040862 1.3083341 1.3250177 1.3303518 1.2559268 1.3134379 1.4570277 1.3005621 1.2824954 1.3380972 1.1225042 1.6590199 1.6899332 1.1863687 1.7727310 1.7254833 2.1557682 1.9042096 2.1775513 2.0424667 1.7377513 1.5119886 2.3559283 1.6381319 1.9536437 1.6861092 1.5436828 
Eupdun_Edun_sb10659124                                 1.5582655 1.7513562 2.0533999 1.5506663 0.5269671 0.5196249 0.5729003 0.5106942 0.5825768 0.5825768 0.6624910 0.6624910 0.7224528 0.5917434 0.5997191 0.5997191 0.6974152 0.5761699 0.5761699 0.5218462 0.4643621 0.0000000 0.0000010 1.6017053 1.0599277 1.5874129 1.4004193 1.4004193 1.3356092 1.2815148 1.5051375 1.8246049 1.3402475 1.0533438 1.5103791 1.3184781 2.2978407 1.3696269 1.3834318 1.3874449 1.6190758 1.4002140 2.5431454 1.3927352 1.4991806 1.4496369 1.2088306 1.2647227 1.2706038 1.2797461 1.2797461 1.2332535 1.2332535 1.3119068 1.6413393 1.2701798 1.0654795 0.9828068 1.1681150 1.2080668 1.2147525 1.2689236 1.2239413 1.1958283 1.2955933 1.4586873 1.2256635 1.2652432 1.3612652 1.3814489 1.5794748 1.5306879 1.2467710 1.2256104 1.1625296 1.2078749 1.2076294 1.2130927 1.2801690 1.2368691 1.3314319 1.3435802 1.4020465 1.5487331 1.2217078 1.5709911 1.7980723 1.3740208 2.1818327 1.4767803 2.2364095 2.0419693 2.0976947 2.2005477 2.1062846 1.6822752 2.4758259 1.7704814 1.9571897 1.5966880 1.6419431 
Eupdun_Edun_sb10659126                                 1.5582655 1.6841691 1.9626711 1.4720588 0.5476760 0.5196249 0.5869043 0.5106942 0.5843441 0.5843441 0.6624910 0.6624910 0.7224528 0.6086452 0.5945083 0.5945083 0.6646688 0.5756414 0.5756414 0.5304137 0.4819944 0.0000010 0.0000000 1.6075348 1.0698428 1.6262404 1.3406720 1.3406720 1.3505844 1.3246896 1.5136516 1.7711598 1.3102234 1.0533438 1.4284698 1.3065177 2.4704331 1.3605671 1.3750692 1.3791379 1.7103870 1.3923391 2.5337929 1.3448939 1.5111091 1.4599959 1.2614583 1.3229120 1.3234496 1.2781342 1.2781342 1.2291955 1.2291955 1.3510764 1.6529334 1.2667415 1.0683341 0.9828068 1.1760822 1.2181407 1.2186030 1.3328792 1.2558349 1.1970003 1.3204647 1.4073315 1.2466764 1.3000533 1.3889065 1.4083671 1.5656439 1.5591002 1.2672268 1.2263086 1.1270851 1.1725183 1.1584259 1.1640207 1.2791961 1.2023150 1.3314319 1.3667131 1.4207170 1.5354066 1.1733138 1.5329582 1.6913399 1.3356269 2.1253715 1.4313412 2.1793401 1.9471115 2.0708798 2.1692163 2.1722352 1.6553299 2.4758259 1.7004041 2.0328898 1.6805789 1.6419431 
Hvul_g12264_1                                          1.7768378 2.1519619 1.9924942 1.6268235 1.8025779 1.5782599 1.7626125 1.5871173 1.7340545 1.7340545 1.8201352 1.8201352 1.8598372 1.6620149 1.4271654 1.4271654 1.9789793 1.4464746 1.4464746 1.4326885 1.5312387 1.6017053 1.6075348 0.0000000 0.6344265 0.8625720 0.7912688 0.7912688 0.7505911 0.7529221 0.7272947 0.8024634 0.6106203 0.9378752 1.3509471 1.1970420 2.3152862 1.2190453 1.2104230 1.2028335 1.5306812 1.0929396 3.1234922 1.1373496 1.3331692 1.2496628 1.2416410 1.3229127 1.2787841 1.2283911 1.2283911 1.2283911 1.2283911 1.5218327 1.6414878 1.1749636 1.1692604 1.2813900 1.3619959 1.2521121 1.3354110 1.5248493 1.4819198 1.2151080 1.2501115 1.3866138 1.5299613 1.4008812 1.3153817 1.5640794 1.4635844 1.4246137 1.2775564 1.5138236 1.3949381 1.3915917 1.4095779 1.4131144 1.4374813 1.3713504 1.6282076 1.3798966 1.5096879 1.5152497 1.3438048 2.0208460 2.1764936 1.5799804 2.1327554 2.2152337 1.9119579 1.7752211 2.2644494 1.9897339 2.1265697 1.6532447 2.0635291 2.0975647 2.2202783 2.1487844 2.2634054 
Sanmal_Sma_019786-T1                                   1.6617082 1.6160541 1.7644296 1.5409874 1.1814397 1.1672103 1.1814397 1.2130891 1.3156026 1.3156026 1.3239734 1.3239734 1.1139907 1.0856260 1.1010270 1.1010270 1.1849256 0.9860790 0.9860790 0.9627900 0.9885329 1.0599277 1.0698428 0.6344265 0.0000000 0.0272520 0.2977483 0.2977483 0.2577924 0.2538997 0.4653458 0.6962109 0.5163098 0.9058455 0.8673972 0.7582661 1.5268292 0.7339540 0.7158071 0.7339220 0.8593441 0.6680946 0.8524684 0.6437761 0.6891123 0.6917804 0.7811586 0.8075455 0.8600912 0.9238909 0.9238909 0.9238909 0.9238909 1.0048280 1.0514386 0.7863824 0.8700370 0.7963055 0.8094061 0.8774751 0.8909327 1.1208957 0.9605578 0.9211421 0.8874402 0.9930905 1.0398799 0.9280329 0.8464132 0.8930860 0.8220824 0.7933859 0.9219066 0.9953589 0.8364041 0.8700681 0.8402516 0.8402516 0.8263859 0.8312098 0.8301615 1.0853615 0.9759050 1.1020212 1.0093419 1.6486678 1.9089105 1.6439962 1.7873284 0.7068304 1.7215935 1.7975419 1.8772015 1.8960966 1.6439280 1.3251448 2.1478766 2.0144996 1.5652752 1.6781287 2.1724572 
Sanmal_Sma_019428-T1                                   1.6617082 1.9703840 2.0155331 1.8562336 1.6770771 1.2548298 1.6470406 1.2648147 1.7269435 1.7269435 1.7311152 1.7311152 1.5233688 1.4678549 1.6289830 1.6289830 1.5768089 1.4330419 1.4330419 1.3968283 1.4466282 1.5874129 1.6262404 0.8625720 0.0272520 0.0000000 0.5214398 0.5214398 0.4767728 0.4875141 0.7356018 0.8900288 0.7883856 0.9058455 1.1444665 1.0773994 4.0070608 1.0789610 1.0574607 1.0632629 1.3529344 0.9382029 3.7967217 0.9229755 1.0302567 1.0746935 1.1231809 1.1670708 1.2470240 1.3260139 1.3260139 1.2837186 1.2837186 1.3923467 2.2882870 1.1881763 1.1893796 0.8824623 1.1576705 1.2379050 1.2563218 1.5416993 1.3619477 1.2290664 1.2036967 1.3303027 1.3955773 1.2991180 1.2077135 1.4109278 1.3228144 1.3196086 1.2733129 1.4069295 1.2444044 1.3102112 1.2441863 1.2441863 1.2716766 1.1494569 1.1639965 1.4044254 1.3440047 1.5976641 1.4461003 1.9382208 2.0696063 1.6643956 1.7757330 3.4232109 1.8376957 1.9068509 2.1469629 1.9845837 1.9533694 1.5486039 2.5348924 2.1524999 2.2048539 2.1074323 2.3679889 
Nemnom_g5427.t1                                        1.5528094 1.8692710 1.9371373 1.4370397 1.4282211 1.2554577 1.4549544 1.2534981 1.4596176 1.4596176 1.5895356 1.5895356 1.6306969 1.4144057 1.3782364 1.3782364 1.8382100 1.2930214 1.2930214 1.2766039 1.4495376 1.4004193 1.3406720 0.7912688 0.2977483 0.5214398 0.0000000 0.0000010 0.1668057 0.2583689 0.5290124 0.8261757 0.6570955 0.8482170 1.1394077 0.9366266 1.3909388 0.9764747 0.9720434 0.9522758 1.0082031 0.9709806 1.4313947 0.8618379 1.0618743 1.0653950 1.1026521 1.1768383 1.1082336 1.3007736 1.3007736 1.2519314 1.2519314 1.3602672 1.5703687 1.0836191 1.1842180 1.0217118 1.0636600 1.1413821 1.2382376 1.3783401 1.3999308 1.1910146 1.1259551 1.2082528 1.2682206 1.1304927 1.2606241 1.3102794 1.3940039 1.3601427 1.4291250 1.3742547 1.2182221 1.2173993 1.2564710 1.2703460 1.1181652 1.1940331 1.5005106 1.5206037 1.2747001 1.5900235 1.3511307 1.8587095 2.2112080 1.5760700 2.1183239 2.1681438 1.8723145 1.8833864 2.1996360 1.9671022 1.8123219 1.3757819 2.3418247 1.9881701 1.9680592 2.0405346 2.0624515 
Nemnom_g18684.t1                                       1.5528094 1.8692710 1.9371373 1.4370397 1.4282211 1.2554577 1.4549544 1.2534981 1.4596176 1.4596176 1.5895356 1.5895356 1.6306969 1.4144057 1.3782364 1.3782364 1.8382100 1.2930214 1.2930214 1.2766039 1.4495376 1.4004193 1.3406720 0.7912688 0.2977483 0.5214398 0.0000010 0.0000000 0.1668057 0.2583689 0.5290124 0.8261757 0.6570955 0.8482170 1.1394077 0.9366266 1.3909388 0.9764747 0.9720434 0.9522758 1.0082031 0.9709806 1.4313947 0.8618379 1.0618743 1.0653950 1.1026521 1.1768383 1.1082336 1.3007736 1.3007736 1.2519314 1.2519314 1.3602672 1.5703687 1.0836191 1.1842180 1.0217118 1.0636600 1.1413821 1.2382376 1.3783401 1.3999308 1.1910146 1.1259551 1.2082528 1.2682206 1.1304927 1.2606241 1.3102794 1.3940039 1.3601427 1.4291250 1.3742547 1.2182221 1.2173993 1.2564710 1.2703460 1.1181652 1.1940331 1.5005106 1.5206037 1.2747001 1.5900235 1.3511307 1.8587095 2.2112080 1.5760700 2.1183239 2.1681438 1.8723145 1.8833864 2.1996360 1.9671022 1.8123219 1.3757819 2.3418247 1.9881701 1.9680592 2.0405346 2.0624515 
Rhoesc_Res_015756-T1                                   1.4645462 1.8960473 1.8953791 1.4846132 1.3954914 1.2364549 1.4098945 1.2425603 1.4318131 1.4318131 1.6122993 1.6122993 1.5979601 1.3402541 1.3174185 1.3174185 1.7030110 1.2017539 1.2017539 1.1882794 1.3951023 1.3356092 1.3505844 0.7505911 0.2577924 0.4767728 0.1668057 0.1668057 0.0000000 0.2283634 0.4976834 0.8537994 0.7147347 0.8043489 1.1517323 1.0440808 1.8231540 1.0474344 1.0425871 1.0162958 1.1197059 0.9893848 1.6566597 0.8758448 0.9429390 0.9854075 1.0905774 1.1383434 1.0606048 1.3079187 1.3079187 1.2617640 1.2617640 1.3651023 1.4062741 0.9929467 1.1735701 0.9868679 1.0839405 1.0886711 1.1728639 1.2841713 1.3093435 1.1762941 1.1388466 1.1792119 1.2644012 1.2397044 1.2959655 1.2443028 1.2710031 1.2435463 1.3647795 1.3319872 1.0665966 1.0910017 1.1677865 1.1810539 1.0132890 1.0885810 1.3231862 1.4475216 1.1743657 1.5432462 1.2436191 1.9269420 2.1316641 1.5380325 2.0602708 2.2655727 1.7284225 1.7467177 2.2525817 1.9652003 1.8869367 1.4150496 2.2432053 2.2024492 2.0961369 1.8649675 2.0536748 
Aaur_scaffold1264.g3.t1                                1.4411489 1.9088662 1.9352134 1.5052335 1.2671773 1.1974701 1.3270311 1.1697021 1.3824200 1.3824200 1.5685363 1.5685363 1.5342405 1.2777538 1.3126831 1.3126831 1.6269595 1.2067153 1.2067153 1.1563008 1.3034865 1.2815148 1.3246896 0.7529221 0.2538997 0.4875141 0.2583689 0.2583689 0.2283634 0.0000000 0.5259904 0.8611701 0.6344736 0.8334170 1.1402326 0.9647041 1.6657714 0.9870083 1.0033181 0.9526809 1.0898047 0.9638766 1.9346467 0.9534608 1.0881631 1.1042932 1.0869031 1.1370409 1.0224875 1.2465766 1.2465766 1.2058913 1.2058913 1.3445598 1.6012827 1.1255930 1.1129482 0.9719722 1.0813088 1.1796366 1.1855842 1.2414438 1.3406322 1.1675222 1.1666214 1.2596670 1.3134989 1.2096005 1.2244569 1.3333531 1.2745991 1.2491626 1.3347300 1.3390430 1.1587834 1.1567319 1.2498839 1.2637165 1.0839785 1.1754318 1.4178128 1.4709811 1.2791491 1.5908085 1.3117748 1.8454697 2.1536900 1.5214083 2.0370020 2.1813713 1.6914845 1.5319733 2.2149167 1.9373954 1.9344791 1.4954448 2.2140747 2.0678413 1.9648729 1.8821277 2.0662152 
Morvir_scaffold233.g3.t1                               1.7044179 1.9569623 1.9022732 1.4090986 1.3566550 1.2545188 1.3957958 1.1889025 1.4694738 1.4694738 1.6032789 1.6032789 1.5937598 1.3458833 1.3464133 1.3464133 1.7526918 1.2408565 1.2408565 1.2503555 1.2902670 1.5051375 1.5136516 0.7272947 0.4653458 0.7356018 0.5290124 0.5290124 0.4976834 0.5259904 0.0000000 0.4778175 0.6334767 0.8052004 1.0227740 0.8996427 1.3102329 0.9236691 0.9336098 0.8848017 1.1266354 0.9093164 1.4191450 0.9017474 0.9237304 1.0286350 1.1891983 1.2302852 1.1018446 1.3220635 1.3220635 1.2757004 1.2757004 1.4755391 1.8000762 1.0397987 1.0478249 0.9376435 1.0044116 1.0421563 1.1516830 1.2604224 1.2695323 1.2703746 1.2867721 1.2767913 1.3036432 1.3152030 1.3948022 1.3703759 1.3436506 1.2610045 1.3891706 1.2534664 1.3254812 1.3653344 1.3880607 1.3914100 1.3273488 1.3245721 1.8836217 1.4467367 1.2632625 1.6344366 1.2906756 1.8654288 1.7740260 1.3224674 1.8578478 2.1483935 1.8228674 1.8167031 2.1798575 1.7621130 1.7760259 1.4683180 2.1178124 1.7752848 2.0719412 1.9610537 2.0727545 
Morvir_scaffold233.g5.t1                               1.7710556 1.9669965 2.3085481 1.7714533 1.5639696 1.4043035 1.5969914 1.4355419 1.5910308 1.5910308 1.6776894 1.6776894 1.5889428 1.5085131 1.5115583 1.5115583 1.8674335 1.4476906 1.4476906 1.3780715 1.6199173 1.8246049 1.7711598 0.8024634 0.6962109 0.8900288 0.8261757 0.8261757 0.8537994 0.8611701 0.4778175 0.0000000 0.6465391 1.0800907 1.3121276 1.3231511 2.3872080 1.2898175 1.2512988 1.3066784 1.3756131 1.2088208 2.1062382 1.2301334 1.2547938 1.2581088 1.3744930 1.4284586 1.3438426 1.4799650 1.4799650 1.3872832 1.3872832 1.6962209 2.1155032 1.2414633 1.2210502 0.9859867 1.1662058 1.2805513 1.3001346 1.5233588 1.4845735 1.3018194 1.3871508 1.3950426 1.5303331 1.3516558 1.3763039 1.3824898 1.5744487 1.5329543 1.6769518 1.4297733 1.3708721 1.4170242 1.4172076 1.4211538 1.3776574 1.3379356 1.5391535 1.6271721 1.1875294 1.6744268 1.5211754 2.0009167 1.9341383 1.5145261 1.8144768 2.1946644 2.1902308 1.8860151 1.9990094 1.8284586 2.0886957 1.7430843 2.1600194 1.9011777 1.9137667 2.3845045 2.1490017 
Chem_TCONS_00070219                                    1.5707977 1.8635560 1.8291719 1.1984086 1.3638437 1.0645547 1.3362051 0.9641077 1.4022577 1.4022577 1.4438188 1.4438188 1.4351781 1.3034543 1.4339965 1.4339965 1.4693266 1.1939455 1.1939455 1.2197251 1.3980751 1.3402475 1.3102234 0.6106203 0.5163098 0.7883856 0.6570955 0.6570955 0.7147347 0.6344736 0.6334767 0.6465391 0.0000000 0.7600272 0.9572820 0.9398856 1.4125122 0.9057930 0.8677598 0.8821086 1.0181294 0.7519915 1.3613157 0.7709260 0.9660364 0.9984912 1.1082317 1.0939446 0.9995385 1.1568835 1.1568835 1.1023743 1.1023743 1.2526674 1.8707702 1.0849293 1.0180324 0.8627935 0.9517566 0.9305386 1.1996650 1.4096606 1.2582985 1.0213698 1.0815812 1.1412678 1.2435548 1.2173112 1.1072974 1.3862340 1.3490474 1.2936251 1.2896564 1.3121740 1.2845850 1.3310880 1.3137994 1.3170673 1.3676868 1.2133143 1.6669955 1.2539402 1.2911490 1.5707851 1.2661069 1.6040602 1.7250641 1.2834916 1.8560654 2.4776115 1.8531891 1.5425071 2.4004148 1.5325987 1.7260461 1.4581597 1.9526967 1.6944849 1.9191357 2.0347970 1.7281510 
Adig_XM_015910484.1                                    1.7902440 1.1749450 1.5490363 1.3210873 0.9568595 0.9568595 0.9568595 0.9951390 1.0286264 1.0286264 1.0286264 1.0286264 0.9698197 0.9698197 0.9621725 0.9621725 0.9562520 0.8661142 0.8661142 0.8302969 0.9436123 1.0533438 1.0533438 0.9378752 0.9058455 0.9058455 0.8482170 0.8482170 0.8043489 0.8334170 0.8052004 1.0800907 0.7600272 0.0000000 0.1150432 0.1550934 0.8653229 0.1746637 0.1614251 0.1598646 0.0241698 0.2919474 0.0000010 0.3065489 0.5710683 0.6066470 0.5689227 0.5654829 0.6229363 0.6011658 0.6011658 0.6011658 0.6011658 0.7206246 1.3780384 0.7585144 0.7922095 0.7339006 0.7339006 0.7148292 0.6452342 0.8025050 0.7067790 0.6359021 0.6798043 0.7286849 0.7048856 0.6133341 0.5422791 0.9714697 0.8895901 0.8895901 0.8719479 0.8766519 0.8683636 0.8857814 0.8690772 0.8690772 0.8500337 0.8937130 0.8937130 0.6997439 0.9566785 0.9114210 0.9588551 1.0342593 1.3034185 1.5129151 1.5443243 0.0000010 2.0980362 1.8193729 1.6821463 1.6832841 1.6879896 1.5298082 1.8892602 1.4175758 1.3981930 1.6679431 1.8948376 
Gfas_gfas1.m1.1526.m1                                  1.7419829 1.8639017 1.8429238 1.4653769 1.5828447 1.3453909 1.6319995 1.1999237 1.6289492 1.6289492 1.7731243 1.7731243 1.6240942 1.4206289 1.4863900 1.4863900 1.6219413 1.2440420 1.2440420 1.2592039 1.4397731 1.5103791 1.4284698 1.3509471 0.8673972 1.1444665 1.1394077 1.1394077 1.1517323 1.1402326 1.0227740 1.3121276 0.9572820 0.1150432 0.0000000 0.2811754 0.6497331 0.2788601 0.2575549 0.2300846 0.1826965 0.6453859 0.9978142 0.5410724 0.9612379 0.9792596 1.2285471 1.1547684 1.0909911 1.1943661 1.1943661 1.1290772 1.1290772 1.3366174 1.9005691 1.3622178 1.3082850 0.9028587 1.2261959 1.2546287 1.0612373 1.4870585 1.3315442 1.1414652 1.2663971 1.3913810 1.2147274 1.1605530 1.1579266 1.4858956 1.3406789 1.3058698 1.3321727 1.2978556 1.4053171 1.3281094 1.4172553 1.4264214 1.1767573 1.2934517 1.6743203 1.1723348 1.4665740 1.5994570 1.5760561 1.7425572 1.5443649 1.5058372 1.9141176 2.2037472 1.9286754 1.8225600 2.2358840 1.7777685 2.1006717 1.8151928 1.8282839 2.0489109 1.7442920 2.0120996 1.7437346 
Fspp_ffun1.m4.12016.m1                                 1.6806907 1.6591067 1.9603084 1.3294494 1.4466931 1.2401734 1.4748669 1.2555821 1.4459638 1.4459638 1.5913290 1.5913290 1.5117840 1.2891704 1.3599624 1.3599624 1.5597244 1.0937650 1.0937650 1.1096014 1.2862993 1.3184781 1.3065177 1.1970420 0.7582661 1.0773994 0.9366266 0.9366266 1.0440808 0.9647041 0.8996427 1.3231511 0.9398856 0.1550934 0.2811754 0.0000000 0.2948872 0.1952701 0.2025648 0.1645698 0.2804146 0.4203220 0.8598065 0.4259925 0.8045842 0.7896894 1.0457892 1.0308911 0.9856722 1.0328669 1.0328669 0.9550417 0.9550417 1.1270607 1.6796063 1.0695324 1.0061915 0.9570719 0.9995606 1.0136892 1.0447239 1.3359012 1.1396736 1.0683290 1.1790715 1.2733529 1.0468721 0.9985519 0.8379693 1.2871744 1.2357335 1.2040530 1.1360560 1.0743589 1.1056092 1.1274777 1.0621436 1.0645947 1.0699263 0.9574656 1.5969341 0.9325127 1.3017671 1.3538082 1.3837195 1.6200148 1.5913451 1.5010202 1.9256609 2.1084713 1.9880159 1.5777241 2.1613143 1.8083945 1.8956648 1.6025714 2.0118965 1.6407225 1.6985695 1.7812590 1.9158247 
Spis_Spis_18006_1                                      1.0368128 2.9965567 3.4576607 1.6308340 2.4406121 3.0601664 2.5849640 1.7001065 2.3033350 2.3033350 4.4105471 4.4105471 5.7540204 2.5462946 3.0780629 3.0780629 5.0045495 2.4131798 2.4131798 2.3495810 2.8970801 2.2978407 2.4704331 2.3152862 1.5268292 4.0070608 1.3909388 1.3909388 1.8231540 1.6657714 1.3102329 2.3872080 1.4125122 0.8653229 0.6497331 0.2948872 0.0000000 0.1205671 0.2074605 0.2812063 0.4369709 0.7924551 0.7427705 0.7520219 1.2806002 1.3724765 1.8443556 1.9158960 1.8438946 1.8109099 1.8109099 1.5711816 1.5711816 2.1211675 2.4715387 2.1161653 2.0056258 3.6934268 1.9070221 2.1408814 2.1983776 2.3199211 2.2042889 2.1645916 2.6818625 2.7543823 1.6934071 2.1087447 1.9036287 2.1921296 2.0384881 2.0296260 2.4565191 1.8100527 1.3771124 1.5159541 1.3634067 1.3634067 1.7074782 1.0666138 8.9999980 2.0334788 2.3308765 2.3017019 2.2695081 3.7429944 2.3270340 1.0047701 3.3504391 2.0215799 2.5408045 1.3890776 6.2372505 3.1580425 3.1874908 2.2833409 1.7075578 3.2891703 2.0048841 2.7015092 1.7370276 
