112
Lcom_lcpid134813                                        0.0000000 1.0688565 1.1480391 1.1843423 1.0947206 0.9588913 1.0741767 1.0936138 0.9498401 0.9547834 0.9111200 0.8019364 0.9819104 1.2701590 1.1056279 1.0808894 1.0841294 1.0880293 1.0221825 1.1490447 2.0837946 1.9516974 1.8556229 1.9797185 0.0000010 2.0796908 2.0213629 2.2501069 1.8541602 2.1600301 2.0186522 1.8009783 1.7991511 0.8735105 2.0092831 2.0108091 1.9394521 1.9288141 1.9426542 2.1872070 3.0545006 9.0000000 2.8636828 1.8259962 2.1387142 2.1303605 2.0673416 2.0673416 1.8390444 1.9591495 0.0000010 2.0200699 2.2140962 2.0684976 2.0425145 1.8704933 0.9796864 1.9046139 2.0266781 2.4384643 2.6774524 2.0949574 2.4200966 2.3663857 2.4084825 2.4084825 2.4084825 1.3107271 2.1444806 2.0616189 2.0576649 2.0544878 2.1034282 1.9092113 1.8203667 1.8788523 1.8864502 1.9028184 2.0417182 2.2040970 1.2007082 1.8645079 1.8645079 2.5575630 2.7916497 3.0485852 2.2806649 2.2806649 2.2806649 2.2806649 1.1077700 2.2796778 2.2773060 2.2746317 2.2746317 2.2746317 2.2746317 2.4071038 2.4071038 2.2488705 2.2488705 1.8700701 2.2997461 2.2997461 2.3619317 2.3619317 2.6417256 1.4265620 2.3611903 1.7449220 3.0909622 4.2636242 
Lcom_lcpid138554                                        1.0688565 0.0000000 1.0501906 1.0134642 1.0117526 1.5938788 0.9460758 1.0080541 1.0132863 0.9684468 0.8871057 0.7069559 0.9156959 1.2268925 1.4103188 1.2930891 1.2433920 1.2402805 1.1965437 1.2807475 1.8363672 1.9261872 1.7781249 1.9921185 0.0000010 2.3389871 2.3500382 2.2757498 1.7833687 1.9460912 2.2614518 1.4542411 1.8852699 1.5268199 1.9180506 1.9514802 1.8500523 1.8591698 1.8414006 2.5426812 2.5747606 8.4615983 3.4735559 1.7810248 1.8945470 1.8899098 1.9523962 1.9523962 2.0265308 2.0495158 0.0000010 2.0495158 2.1413311 2.1113857 1.9456842 1.9445879 0.0000010 1.9380583 2.0295593 2.3695909 2.2847812 2.1595883 1.9569635 2.2651047 2.1821869 2.1821869 2.1821869 2.0294377 2.1726005 2.0325203 2.1396430 2.2955079 2.4595680 1.8806459 1.8633278 1.9034981 2.0549090 1.9249317 2.0224977 2.1969101 9.0000000 3.7524822 3.7524822 2.5289955 2.9613964 3.3344744 2.7020600 2.7020600 2.7020600 2.7020600 1.1478256 2.7411483 2.7576641 2.6245700 2.6245700 2.6245700 2.6245700 2.6245700 2.6245700 2.4566488 2.4566488 2.3459400 2.6831198 2.6831198 2.8278371 2.8278371 2.8998584 1.8624356 2.4388866 1.9812640 2.9306776 4.6903136 
Codhol_EP00042_Codosiga_hollandica_P032731              1.1480391 1.0501906 0.0000000 1.1524218 1.1657914 1.0129910 0.9924188 1.2584091 1.0427709 0.9088193 0.9262390 0.6426219 0.7827011 1.0476165 1.3227222 1.2787730 1.2142738 1.1734492 1.1696564 1.1126068 2.2123097 1.6711512 1.6992918 1.6692899 1.1219366 1.7677436 1.7964709 1.7361248 1.6452392 1.7081507 1.9761648 1.6393841 2.1226447 1.7309548 1.7164451 1.7145912 1.6801263 1.6592784 1.7050439 1.6061904 2.2018490 1.6395601 2.3051097 1.7091515 1.7845472 1.7867278 1.8249474 1.8249474 1.8192763 1.5728877 1.0986674 1.8774483 1.7000741 1.7910410 1.7362796 1.8660117 1.2816306 1.8176305 2.1314152 2.2455748 2.3957197 1.7001185 2.0489794 1.9959765 1.9954547 1.9954547 2.0434237 1.4933653 1.9720712 2.0193936 1.8969442 2.1217401 1.8186079 1.7975340 1.7903537 1.8105475 1.8957167 1.7867895 1.8389020 1.8315577 1.3025859 1.5797152 1.9510269 2.1189976 3.0792322 3.3769177 2.2128187 2.2030788 2.2030788 2.1608609 1.3404363 2.1420094 2.1468981 2.1662123 2.1662123 2.3942062 2.3942062 2.5887458 2.5887458 2.0568041 2.0568041 1.7870044 2.2789525 2.2789525 2.3542771 2.3542771 2.7479569 1.6816117 2.2818040 1.8735255 1.7730969 4.6941892 
Acaspe_EP00035_Acanthoeca_spectabilis_P020078           1.1843423 1.0134642 1.1524218 0.0000000 0.1572532 0.1614890 0.3670425 0.5708857 0.9251020 0.8239194 0.9350939 0.8044925 0.9487249 0.9450311 1.2611081 1.1895781 0.9934279 0.9880502 1.0238113 0.9031061 2.0480808 1.7000950 1.5780947 1.7774619 1.2561019 1.6995059 1.6984750 1.6250140 1.6392273 1.7303008 1.8252388 1.5964322 1.6894603 1.3489568 1.6684556 1.6640194 1.6601060 1.6332916 1.6384379 1.5315771 2.0256416 1.7801037 2.2534325 1.6537758 1.9419994 1.9553424 1.8980951 1.8980951 1.8803564 1.7006936 1.3983092 1.9216423 1.6925500 1.9017276 1.6278504 1.7124415 1.2977979 1.7372183 1.9205541 2.3822623 2.6837149 1.8010183 2.3500214 1.8414740 1.8190765 1.8190765 1.9022236 1.3214691 1.7856509 2.0312517 1.7021310 2.0505210 1.8388051 1.7540156 1.7995112 1.7675988 1.8744502 1.8541165 1.8166142 1.8350951 1.2138924 1.5041090 1.6209803 1.8521601 2.6281344 2.7714153 2.0563696 2.0627966 2.0627966 2.0442284 1.5873962 2.0190580 2.0242882 2.0277648 2.0277648 2.1545158 2.1545158 2.3251729 2.3251729 2.0018007 2.0018007 1.9736036 2.1836941 2.1836941 2.1388628 2.1388628 2.5229096 1.4502836 2.5793902 1.8444850 2.0264805 4.1120150 
Helnan_EP00037_Helgoeca_nana_P018980                    1.0947206 1.0117526 1.1657914 0.1572532 0.0000000 0.0000010 0.3554751 0.5867726 0.9050909 0.8100275 0.9086888 0.7614325 0.9308084 0.9774729 1.2232896 1.1441342 0.9474037 0.9679885 1.0038458 0.8845309 2.0243290 1.7031611 1.5882281 1.7489888 1.2099674 1.7587817 1.7032906 1.6405732 1.6680501 1.7417244 1.8999988 1.5559275 1.7341974 1.3468138 1.6722672 1.6519456 1.6537625 1.6267053 1.6735723 1.5695059 1.9915234 1.7679489 2.2116873 1.6924180 1.9157834 1.8820374 1.8863995 1.8863995 1.8895733 1.7235225 1.3036916 2.0128192 1.7692172 1.9526571 1.6955591 1.7090064 1.2127069 1.6865110 1.9319336 2.3436889 2.6750128 1.8066937 2.2218479 1.9135522 1.9329367 1.9329367 2.0022522 1.3868415 1.8597705 2.0633760 1.7156352 2.0471389 1.8100006 1.8144317 1.8349153 1.7839426 1.8761088 1.8990289 1.8093958 1.7657071 1.2236237 1.4932185 1.6410488 1.8034826 2.5669209 2.6721569 2.0777965 2.0895018 2.0895018 2.1018423 1.6848825 2.0588118 2.0575883 2.0564948 2.0564948 2.1788197 2.1788197 2.3533221 2.3533221 2.0748107 2.0748107 1.9858444 2.1675317 2.1675317 2.1069525 2.1069525 2.4413113 1.4091920 2.5965625 1.9267400 2.1970729 4.2616598 
Salinf_EP00049_Salpingoeca_infusionum_P020976           0.9588913 1.5938788 1.0129910 0.1614890 0.0000010 0.0000000 0.3827464 0.5458428 0.8147029 0.7331984 0.9814206 0.7751235 0.7616805 1.0195774 1.0243415 0.9771236 0.9981018 1.0501660 0.9404930 1.0084859 1.7610214 1.5565613 1.4825461 1.4115386 1.3395926 1.7387695 1.6590936 1.6298645 1.5583805 1.5617931 1.5810834 0.0000010 1.5051933 1.1721986 1.6197483 1.6703123 1.6691649 1.6502614 1.5867203 1.5640962 2.5180960 0.0000010 1.8888433 1.5509038 2.0205586 2.0189913 1.8979007 1.8979007 1.6580862 1.6627962 1.6311189 1.8372248 1.5756689 1.8472933 1.5051718 1.6417555 1.3294766 1.7130612 1.8122464 2.0314681 2.8059796 1.7227471 4.5910009 1.8438157 1.9893379 1.9893379 1.9893379 1.4902263 1.6744406 2.3838603 1.5697025 1.7887052 1.8087246 1.4760356 1.4976207 1.5009934 1.5009934 1.6595726 1.4613712 1.2579985 0.9996838 1.5035900 1.5035900 2.2775079 2.5648897 3.5718478 1.8463223 1.8463223 1.8463223 1.8463223 1.5227075 2.0002164 1.8381242 1.8431460 1.8431460 1.8431460 1.8431460 2.1636229 2.1636229 2.0696552 2.0696552 1.9553076 1.9573179 1.9573179 1.9474417 1.9474417 2.6822500 1.3436900 2.4824070 0.0000010 1.5671040 4.4260717 
Stedip_EP00041_Stephanoeca_diplocostata_P034646         1.0741767 0.9460758 0.9924188 0.3670425 0.3554751 0.3827464 0.0000000 0.4989386 0.8815170 0.7559273 0.8304469 0.7382908 0.8553635 0.9019485 1.2145996 1.1195812 0.9526852 0.9569188 0.9277950 0.7578480 1.8890160 1.6054741 1.5707760 1.6591673 1.3810994 1.6879473 1.6604481 1.6802881 1.5781394 1.6931810 1.6600233 1.5683601 1.7159153 1.3037552 1.6691225 1.6708588 1.6421283 1.6210919 1.6182300 1.6310921 2.0417832 2.0954549 2.2440171 1.6941636 1.9043802 1.8507682 1.8588094 1.8588094 1.7650886 1.7557821 1.5157717 1.9418600 1.6706223 1.8649661 1.5947543 1.6891237 1.3640707 1.6070565 1.8215073 2.2162328 2.5032200 1.7144462 2.0031903 1.8528493 1.8237434 1.8237434 1.8928358 1.3901095 1.8354065 2.0139649 1.7076805 1.9338703 1.8249035 1.7736766 1.8439410 1.7319629 1.8624318 1.8919844 1.7882606 1.7862257 1.2236968 1.3985176 1.5647804 2.0564250 2.4157016 2.4043324 1.9457065 1.9467654 1.9467654 1.9382888 1.5160097 1.9335570 1.9566791 1.9861067 1.9861067 2.0587329 2.0587329 2.2101155 2.2101155 1.9363128 1.9363128 1.9049300 2.1260968 2.1260968 2.0357380 2.0357380 2.2620871 1.3660147 2.3269537 1.6119016 2.2890567 4.1906262 
Diagra_EP00040_Diaphanoeca_grandis_P038573              1.0936138 1.0080541 1.2584091 0.5708857 0.5867726 0.5458428 0.4989386 0.0000000 0.9555316 0.9521293 0.9705912 0.9072847 1.0382700 1.1183907 1.3128685 1.2291884 1.1167608 1.0803598 1.0212680 0.8564798 1.9292853 1.8094828 1.7510098 1.7379834 1.6001763 1.7081579 1.7256910 1.7879867 1.6357984 1.7834209 1.7950852 1.6397713 1.7000930 1.3022078 1.7137503 1.7351595 1.6893692 1.6789539 1.7281547 1.7360418 2.1644439 1.9804702 2.2736301 1.7114480 1.8912119 1.8375724 1.8911358 1.8911358 1.7238241 1.7880392 1.6874617 1.8667914 1.7279637 1.9118303 1.7303900 1.7770237 1.7224733 1.8192003 1.8814677 1.9770051 2.2332734 1.8361827 1.9754695 2.0248494 2.0969748 2.0969748 2.1109948 1.5636311 1.9701443 1.8651645 1.7488818 2.0018633 1.8200486 1.8366534 1.8405591 1.7975027 1.8693812 1.9175487 1.8934587 1.9211236 1.6058616 1.7912421 1.9547230 1.8977532 2.4716368 2.5707321 2.0213547 2.0283713 2.0283713 2.0384545 1.5264128 2.0040251 1.9295720 1.9545107 1.9545107 2.0589322 2.0589322 2.1640710 2.1640710 1.9240363 1.9240363 1.8975736 2.1242507 2.1242507 2.1107894 2.1107894 2.4124039 1.4072871 2.6243579 1.9172375 1.9032621 4.2720535 
Salurc_EP00051_Salpingoeca_urceolata_P014347            0.9498401 1.0132863 1.0427709 0.9251020 0.9050909 0.8147029 0.8815170 0.9555316 0.0000000 0.6464427 0.7076762 0.5770267 0.6835613 0.7880892 1.1908295 1.1321156 1.0776473 1.0346015 0.9147462 1.0418817 1.8008886 1.5363590 1.5745839 1.6043268 1.0056920 1.6739904 1.6549713 1.7431424 1.5195083 1.6147085 1.7643085 1.5588707 1.6773688 1.1662602 1.5469449 1.5046081 1.4767057 1.4993705 1.5902511 1.4789699 1.7722768 1.1487550 1.9607277 1.5440340 1.7438852 1.7679085 1.7603731 1.7603731 1.5912613 1.5265697 1.2997826 1.7015123 1.6554796 1.7055630 1.6090237 1.5887339 1.0499663 1.6425197 1.9684760 2.3153442 2.4969219 1.6549459 2.0113433 1.8493172 1.8422633 1.8422633 1.8816414 1.3540013 1.6238484 2.0553007 1.7141635 2.0661655 1.6951666 1.7511390 1.7177881 1.7343103 1.8116749 1.7721363 1.8557890 1.8186306 1.1797393 1.4179080 1.7834983 1.6251267 2.4485887 2.7620857 1.8675752 1.8822355 1.8822355 1.9219369 1.3356967 1.9184267 1.9212931 1.8868145 1.8868145 2.0983749 2.0983749 2.2232511 2.2232511 1.8304919 1.8304919 1.8369043 2.0029594 2.0029594 2.1278609 2.1278609 2.3836259 1.3750224 2.3456382 1.8697780 1.3465349 4.1473613 
Saldol_EP00054_Salpingoeca_dolichothecata_P031185       0.9547834 0.9684468 0.9088193 0.8239194 0.8100275 0.7331984 0.7559273 0.9521293 0.6464427 0.0000000 0.6156771 0.5634698 0.7610498 0.7947058 1.0702849 1.0261127 0.7848250 0.7971328 0.8404282 0.8365678 1.7467927 1.4520877 1.4390426 1.5379622 0.9324083 1.4829726 1.5307497 1.5542100 1.4851188 1.6344371 1.8235068 1.3992462 1.6768442 1.3359452 1.5166303 1.5198340 1.4980830 1.5265603 1.4831470 1.3055324 1.7742602 1.3366235 1.9556757 1.4914934 1.6132160 1.6268667 1.6158897 1.6158897 1.5465425 1.5002430 1.1318678 1.7639158 1.6400711 1.7642040 1.5911204 1.5908690 0.9844682 1.6968958 1.9215498 2.3314960 2.4650797 1.6264843 1.8690550 1.9034496 1.9300558 1.9300558 1.9773709 1.2716602 1.6827528 1.9701845 1.7186217 2.1044064 1.7448389 1.8406484 1.8001596 1.8277751 1.8809846 1.8418662 1.8098962 1.8163930 1.1544644 1.3252774 1.4839922 1.7418503 2.3014631 2.7008469 1.9393428 1.9312170 1.9312170 1.9259743 1.4549928 1.8568967 1.8818468 1.8764942 1.8764942 1.9883793 1.9883793 2.1086805 2.1086805 1.8020863 1.8020863 1.6696633 1.9408615 1.9408615 2.0020248 2.0020248 2.1705125 1.2963634 2.2713933 1.6049166 1.4102949 3.8956139 
Salkve_EP00050_Salpingoeca_kvevrii_P005934              0.9111200 0.8871057 0.9262390 0.9350939 0.9086888 0.9814206 0.8304469 0.9705912 0.7076762 0.6156771 0.0000000 0.5439478 0.7056860 0.8757600 1.0673089 1.0303079 0.8691477 0.8372156 0.8495833 0.8761297 1.6743096 1.4949640 1.4321197 1.4483590 1.0691815 1.5264098 1.5195791 1.5702569 1.4143640 1.5881185 1.5972919 1.4670551 1.5683805 1.0790734 1.4561410 1.4785921 1.4435849 1.4536562 1.4238654 1.4467915 1.8343231 1.5185686 1.8864338 1.4455428 1.5904655 1.5763189 1.5942965 1.5942965 1.5555007 1.5561677 1.3815353 1.7186855 1.5334389 1.5855739 1.5225265 1.4682862 1.0368213 1.4860130 1.7565441 1.8876032 2.0401608 1.5210308 1.6772350 1.7144040 1.7420126 1.7420126 1.7785159 1.2639416 1.5956425 1.6541977 1.5453468 1.6970029 1.6713999 1.6595320 1.6268603 1.6788152 1.7126142 1.7656596 1.7351890 1.7652187 1.2447986 1.3761694 1.6764540 1.9292893 2.7370203 3.0275808 2.0044597 2.0088271 2.0088271 2.0002520 1.3455663 1.9995345 2.0169004 1.9312123 1.9312123 2.1236768 2.1236768 2.2867739 2.2867739 1.8829301 1.8829301 1.7787781 2.0883255 2.0883255 2.1599236 2.1599236 2.3716860 1.2864370 2.3475185 1.8980509 1.5198863 3.9047066 
Salmac_EP00052_Salpingoeca_macrocollata_P013080         0.8019364 0.7069559 0.6426219 0.8044925 0.7614325 0.7751235 0.7382908 0.9072847 0.5770267 0.5634698 0.5439478 0.0000000 0.4448281 0.6456195 0.9231729 0.8708493 0.7822185 0.7605231 0.7013987 0.8379327 1.7502359 1.3314742 1.3108620 1.4290464 0.8213134 1.4442948 1.4017611 1.4461314 1.2748154 1.5080776 1.7290017 1.2914924 1.5983916 1.2188476 1.3876462 1.3414289 1.3389162 1.3809209 1.3556525 1.2454242 1.6370105 1.1773318 1.6860820 1.4155615 1.5093477 1.4823604 1.4814161 1.4814161 1.4624195 1.3778014 1.0141433 1.6257628 1.3637735 1.5463157 1.4361835 1.4256251 0.8861357 1.4226099 1.6087249 1.8922877 1.9439552 1.3830574 1.5892833 1.5763553 1.6238405 1.6238405 1.6532846 1.0661747 1.5153896 1.5946843 1.5026263 1.9061602 1.4424772 1.6599619 1.6526797 1.6537117 1.7567727 1.7099141 1.6964705 1.6998513 0.9532870 1.1751535 1.4882866 1.4202960 2.4291013 2.7708533 1.9103317 1.9024191 1.9024191 1.9382274 1.3314518 1.8281359 1.8769487 1.8217422 1.8217422 1.9350353 1.9350353 2.1220213 2.1220213 1.8074116 1.8074116 1.5683867 1.8965142 1.8965142 1.9914471 1.9914471 2.1314569 1.2558729 2.1302551 1.9439668 1.3961943 4.3708528 
Salpun_EP00053_Salpingoeca_punica_P011581               0.9819104 0.9156959 0.7827011 0.9487249 0.9308084 0.7616805 0.8553635 1.0382700 0.6835613 0.7610498 0.7056860 0.4448281 0.0000000 0.8647833 1.1435124 1.0734592 0.9706718 0.9078480 0.8542696 0.9878535 1.8703968 1.4765142 1.5172176 1.5846820 1.2664209 1.6633742 1.6666807 1.7411764 1.5316952 1.6410194 1.7731028 1.5725899 1.6382508 1.0179736 1.6629399 1.6204312 1.5859979 1.6525060 1.5657507 1.4686407 1.9866813 1.4902332 1.9331996 1.6237457 1.8057966 1.7815820 1.7987520 1.7987520 1.6730638 1.5819413 1.2732898 1.8022792 1.4981660 1.7071498 1.4920263 1.6077594 1.1219026 1.6267006 1.8807794 2.1290400 2.5697887 1.6762443 2.0039851 1.9170475 1.8905845 1.8905845 1.9239704 1.2429568 1.6798217 1.8363387 1.7842733 2.0566649 1.7102269 1.7909300 1.7435837 1.7664768 1.8540247 1.8151251 1.7488819 1.7546053 1.1271835 1.3599755 1.5552054 1.9155585 2.4898495 2.9962938 1.9422897 1.9341513 1.9341513 1.9672953 1.3346473 1.9155163 1.9293890 1.8893963 1.8893963 2.0538420 2.0538420 2.2068944 2.2068944 1.8428723 1.8428723 1.5612273 1.9681716 1.9681716 2.0736106 2.0736106 2.2440266 1.4076163 2.4287726 1.7315327 1.4312339 4.1972433 
Mylflu_EP00047_Mylnosiga_fluctuans_P002333              1.2701590 1.2268925 1.0476165 0.9450311 0.9774729 1.0195774 0.9019485 1.1183907 0.7880892 0.7947058 0.8757600 0.6456195 0.8647833 0.0000000 1.2444083 1.1133161 1.0619150 1.0699891 0.9866512 1.0720546 2.1781427 1.6029829 1.5074709 1.6521303 1.2079671 1.7975603 1.7627090 1.6283316 1.5425571 1.6060385 2.1309495 1.4495434 1.7798178 1.6576817 1.6133798 1.6202825 1.6156252 1.6179209 1.6044544 1.4648723 1.9033751 1.1953160 2.0376172 1.6708312 1.9214237 1.9339101 1.9455366 1.9455366 1.8979366 1.7144236 1.2611330 2.0231302 1.6235352 1.7997193 1.6348257 1.6989185 1.1845135 1.7439036 2.1413247 2.2689132 2.6692642 1.6068665 1.7501324 1.8308027 1.8180038 1.8180038 1.8458153 1.3537978 1.8462502 2.0454361 1.8292422 2.2046958 1.7983286 1.7713525 1.7704549 1.7962017 1.8794536 1.8105453 1.8601771 1.8004755 1.1421052 1.3549390 1.6014502 1.8056147 2.7587329 2.8389034 1.9967733 2.0172781 2.0172781 2.0594848 1.3911354 1.9692926 1.9685179 2.0001338 2.0001338 2.3677385 2.3677385 2.5901350 2.5901350 1.9196601 1.9196601 1.7995552 2.1027904 2.1027904 2.1151364 2.1151364 2.4830109 1.4294612 2.1362909 2.2691782 1.4232176 4.2089104 
Microa_EP00043_Microstomoeca_roanoka_P020885            1.1056279 1.4103188 1.3227222 1.2611081 1.2232896 1.0243415 1.2145996 1.3128685 1.1908295 1.0702849 1.0673089 0.9231729 1.1435124 1.2444083 0.0000000 0.2383019 0.8105372 0.8539757 0.8157257 1.4254106 2.0263738 1.8938384 1.8090480 1.8883704 1.5804225 2.0428904 2.0601965 2.0363631 1.8805365 2.0633653 1.9934158 1.9574622 1.8864028 1.3678677 2.0176899 2.0129213 2.0130273 2.0276164 2.0421936 1.9609878 2.5134962 2.3024652 2.5358103 1.8858423 1.9259704 2.0454900 1.8580278 1.8580278 1.8447675 1.9967976 1.9113327 2.1981576 1.8605313 1.9372658 1.8922444 1.9612155 1.7975402 2.0592147 2.0818705 2.4021953 2.8691110 1.8811415 2.3050781 2.0578198 2.1918833 2.1918833 2.2016237 1.6539199 1.9261532 2.0946765 1.9628316 2.1411338 1.7921345 1.9753866 1.9487873 1.9649637 2.0179632 1.9485465 2.0803060 2.0679139 1.7484214 1.9971296 2.5837328 2.5032264 2.5385988 2.8046191 2.2123654 2.2297259 2.2297259 2.1450287 2.0134358 2.3318283 2.3541289 2.3099852 2.3099852 2.3401224 2.3401224 2.5487444 2.5487444 2.2772208 2.2772208 1.9083658 2.2316925 2.2316925 2.1389442 2.1389442 2.5184688 1.2610819 2.5028865 1.9305669 2.6913514 5.0858394 
Sros_EGD78876                                           1.0808894 1.2930891 1.2787730 1.1895781 1.1441342 0.9771236 1.1195812 1.2291884 1.1321156 1.0261127 1.0303079 0.8708493 1.0734592 1.1133161 0.2383019 0.0000000 0.8060131 0.7990196 0.7410378 1.3318651 1.9788608 1.6573805 1.5914264 1.6674820 1.1915945 1.7868349 1.8180974 1.8086582 1.6658121 1.7977179 1.7909375 1.5488163 1.8685421 1.3779253 1.7668473 1.7643894 1.7685545 1.7757229 1.7434871 1.6813788 2.1285821 1.7873224 2.1246575 1.7509300 1.7923719 1.9217799 1.7539086 1.7539086 1.7494291 1.8913798 1.4380721 2.2106878 1.6954274 1.8541990 1.7600555 1.7630822 1.3677281 1.8436956 2.0128195 2.3426565 2.7973777 1.7437373 2.2458838 2.0316702 2.0597548 2.0597548 2.0701566 1.3227792 1.8521059 1.9708217 1.8254659 1.9648521 1.6975798 1.8047939 1.8093748 1.7963365 1.9310671 1.8786184 1.9127158 1.9210882 1.3281480 1.5981404 1.8874230 2.0873241 2.6069024 2.9738181 2.1389749 2.1479638 2.1479638 2.1127480 1.6012820 2.0743054 2.1357790 2.1167205 2.1167205 2.2504828 2.2504828 2.4641496 2.4641496 2.0958297 2.0958297 1.7751624 2.0843223 2.0843223 2.0723637 2.0723637 2.5219890 1.2066744 2.5082985 1.9880518 1.9594433 4.5565273 
Chofle_EP00730_Choanoeca_flexa_P015690                  1.0841294 1.2433920 1.2142738 0.9934279 0.9474037 0.9981018 0.9526852 1.1167608 1.0776473 0.7848250 0.8691477 0.7822185 0.9706718 1.0619150 0.8105372 0.8060131 0.0000000 0.1305113 0.4002385 1.0948525 2.0753045 1.5603123 1.4554871 1.5296516 0.8451380 1.6822040 1.6510697 1.7204444 1.4726085 1.6289842 1.8458120 1.2672355 1.7345376 1.3698493 1.5247221 1.5203406 1.4730573 1.5053391 1.5284991 1.5396708 1.7486231 1.1670026 2.0243900 1.5755226 1.7705335 1.7456344 1.7049374 1.7049374 1.7157750 1.7004214 1.0572833 2.1066814 1.6225303 1.7314066 1.5537064 1.5429508 0.9067869 1.5244127 2.1421428 2.7718715 2.8586520 1.6067530 2.4753990 1.9633296 1.9423999 1.9423999 1.9383670 1.0123122 1.6162013 1.9701449 1.7885843 2.1052499 1.5426943 1.7540467 1.7128652 1.7250695 1.8354595 1.7065899 1.8132279 1.8824473 1.2719716 1.4807497 1.7969414 1.4451760 2.7069801 2.9268834 2.0227164 2.0006580 2.0006580 2.0529887 1.3149487 1.9798363 2.1094023 2.0765410 2.0765410 2.3593919 2.3593919 2.6419786 2.6419786 2.0009581 2.0009581 2.0111055 2.0409923 2.0409923 2.1980185 2.1980185 2.4841961 1.1315601 2.3014774 2.0090206 1.6854425 4.3581724 
Choper_EP00045_Choanoeca_perplexa_P003466               1.0880293 1.2402805 1.1734492 0.9880502 0.9679885 1.0501660 0.9569188 1.0803598 1.0346015 0.7971328 0.8372156 0.7605231 0.9078480 1.0699891 0.8539757 0.7990196 0.1305113 0.0000000 0.3983074 1.0783631 1.9780063 1.5560660 1.4353092 1.5489139 0.8515487 1.6834140 1.6814818 1.7016492 1.4946731 1.5959453 1.8257934 1.3487541 1.7557292 1.4839762 1.5515585 1.5534531 1.5189815 1.5580534 1.5379837 1.5408446 1.8293175 1.2796085 2.0545405 1.5803423 1.7215293 1.7256465 1.7088835 1.7088835 1.6924557 1.7154351 1.0382057 2.1242722 1.6342997 1.7002603 1.5592104 1.6000303 0.9001238 1.6021530 2.2178470 2.6965207 2.7417897 1.6555043 2.5142367 2.0409861 2.0315345 2.0315345 2.0689219 1.0529040 1.6206617 1.9017697 1.8034360 2.0749053 1.6698979 1.7575505 1.7110264 1.7354595 1.8326638 1.7113547 1.7964561 1.8597447 1.2530429 1.4404406 1.7720753 1.5713923 2.9256592 3.2993309 2.1666286 2.1428871 2.1428871 2.2149125 1.4190819 2.0972439 2.2575957 2.2073556 2.2073556 2.5169603 2.5169603 2.8328974 2.8328974 2.1081887 2.1081887 1.9833150 2.2071433 2.2071433 2.3879592 2.3879592 2.6247227 1.1041720 2.5967247 2.1372396 1.8563040 4.4093360 
Mbre_EDQ85226                                           1.0221825 1.1965437 1.1696564 1.0238113 1.0038458 0.9404930 0.9277950 1.0212680 0.9147462 0.8404282 0.8495833 0.7013987 0.8542696 0.9866512 0.8157257 0.7410378 0.4002385 0.3983074 0.0000000 1.1137418 2.1849908 1.7022510 1.6052685 1.6621991 1.0161489 1.7068941 1.7182734 1.7886290 1.6573492 1.8363219 2.2063559 1.5516703 1.8893260 1.6485545 1.6715112 1.6013089 1.5970874 1.6719324 1.6071572 1.5641957 1.8980543 1.4659194 2.1465513 1.6363189 1.8170282 1.8199431 1.7590810 1.7590810 1.7643211 1.7913458 1.2003754 2.1306410 1.6365502 1.7943645 1.5820585 1.6932659 1.0173620 1.7303154 2.2508038 2.7936930 3.0411724 1.8417458 2.6443554 2.0924664 2.1618593 2.1618593 2.1937341 1.2294949 1.7363681 2.0281774 1.7569443 2.1775105 1.7583708 1.8619459 1.8154277 1.8702223 1.9345545 1.8888078 1.9841769 2.0243179 1.3124590 1.5411912 1.8508504 1.3701565 3.1199209 3.6464230 2.2410518 2.2386684 2.2386684 2.2502850 1.3474781 2.1467164 2.2435209 2.1518076 2.1518076 2.5293259 2.5293259 2.8557745 2.8557745 2.3071608 2.3071608 1.8889851 2.2839531 2.2839531 2.3379058 2.3379058 3.0432876 1.1509337 2.3739522 2.2101857 1.6549594 4.3832193 
Didcos_EP00039_Didymoeca_costata_P018395                1.1490447 1.2807475 1.1126068 0.9031061 0.8845309 1.0084859 0.7578480 0.8564798 1.0418817 0.8365678 0.8761297 0.8379327 0.9878535 1.0720546 1.4254106 1.3318651 1.0948525 1.0783631 1.1137418 0.0000000 2.2282542 1.7987026 1.7939919 1.8065329 1.2265828 1.8713571 1.8291030 1.9189597 1.7655107 1.8614442 2.2917521 1.6274052 1.8175522 1.4455607 1.8239422 1.8434899 1.8111637 1.8148411 1.7654252 1.6952363 2.1229838 2.0108190 2.4349670 1.7775724 2.0390203 2.0137524 2.0410850 2.0410850 1.9354140 1.8940205 1.5799129 2.1364536 1.9130912 1.8907346 1.8818094 1.8105968 1.1578879 1.8040455 2.1703849 2.5697331 2.7555780 1.8694161 2.1390852 2.1118581 2.0646954 2.0646954 2.0834144 1.5607471 2.0671823 2.2227370 1.9265917 2.1654130 1.8981301 2.0657656 2.1234850 2.0198957 2.1410577 2.1701422 2.0961363 2.0445232 1.3959838 1.6788405 1.8360235 2.4058232 2.6128966 2.7483048 2.0847568 2.0886183 2.0886183 2.0856474 1.4474059 2.0708349 2.0858115 2.0651324 2.0651324 2.3102679 2.3102679 2.6101399 2.6101399 2.0509116 2.0509116 1.9271736 2.3456116 2.3456116 2.2446364 2.2446364 2.7630264 1.5517638 2.7825793 1.6228165 2.1039114 4.4075728 
Lcom_lcpid68740                                         2.0837946 1.8363672 2.2123097 2.0480808 2.0243290 1.7610214 1.8890160 1.9292853 1.8008886 1.7467927 1.6743096 1.7502359 1.8703968 2.1781427 2.0263738 1.9788608 2.0753045 1.9780063 2.1849908 2.2282542 0.0000000 0.2940319 0.3106930 0.4690875 0.0000010 0.9801470 0.9584409 0.8757064 0.5877134 0.5356325 0.5506818 0.4639752 0.5142811 0.8175730 0.6083357 0.6265012 0.6073741 0.6288314 0.6406304 0.6616881 0.9078547 2.8398008 1.5391992 0.6816249 0.8489455 0.8725062 0.8532764 0.8532764 0.7251420 0.8446435 0.0000010 0.8417880 0.6572499 0.6747316 0.6691294 1.0189532 0.0000010 0.9899388 1.0049109 0.8931519 0.9679075 0.8857678 0.8374562 0.9789340 1.0411893 1.0411893 1.0411893 1.1329847 0.8830846 0.8431895 0.8929959 0.8813828 1.0657480 0.7659033 0.7740230 0.7713286 0.8099101 0.7951321 0.8177000 0.8727673 0.5113938 2.0926720 2.0926720 4.4180087 1.4535665 1.7284867 1.3337783 1.3337783 1.3337783 1.3337783 0.7310434 1.4106546 1.3413772 1.3839519 1.3839519 1.3839519 1.3839519 1.3839519 1.3839519 1.3178210 1.3178210 1.1414130 1.3937841 1.3937841 1.5318218 1.5318218 1.3070728 2.7721595 1.3075623 1.1807871 5.9429638 5.0924654 
Acagra_model.g16337.t1                                  1.9516974 1.9261872 1.6711512 1.7000950 1.7031611 1.5565613 1.6054741 1.8094828 1.5363590 1.4520877 1.4949640 1.3314742 1.4765142 1.6029829 1.8938384 1.6573805 1.5603123 1.5560660 1.7022510 1.7987026 0.2940319 0.0000000 0.2948041 0.3549515 0.4193819 0.6750077 0.6675793 0.7183288 0.4102765 0.4019984 0.3806784 0.4179098 0.4410505 0.5032925 0.4880146 0.4828547 0.4649476 0.4645578 0.4839007 0.4741663 0.7038234 0.7000463 0.9060822 0.5606415 0.7615544 0.7306199 0.7721562 0.7721562 0.6831588 0.7582002 0.5259270 0.9035579 0.5494677 0.5939767 0.5288151 0.8598303 0.6878213 0.8564643 0.8998831 1.0165799 1.0419201 0.8156001 0.9185840 0.8717697 0.8835002 0.8835002 0.9206643 0.7001770 0.6839600 0.8266394 0.7205453 0.7159135 0.7869777 0.7101871 0.7398602 0.7046926 0.7726850 0.7224785 0.7453075 0.7923443 0.1308440 0.3161085 0.3631966 0.9778676 1.4883752 1.7525455 1.2617719 1.2690652 1.2690652 1.2338741 0.9998894 1.2940796 1.2894804 1.2140623 1.2140623 1.2492682 1.2492682 1.3521470 1.3521470 1.2491239 1.2491239 1.0406553 1.3495822 1.3495822 1.3269727 1.3269727 1.3194052 2.0624203 1.1572584 1.0637441 1.4022972 4.3364200 
Cgig_XM_011448905.3                                     1.8556229 1.7781249 1.6992918 1.5780947 1.5882281 1.4825461 1.5707760 1.7510098 1.5745839 1.4390426 1.4321197 1.3108620 1.5172176 1.5074709 1.8090480 1.5914264 1.4554871 1.4353092 1.6052685 1.7939919 0.3106930 0.2948041 0.0000000 0.3997190 0.4280438 0.7282753 0.6967596 0.6699139 0.4090332 0.4499307 0.4668464 0.4386320 0.4645508 0.5300708 0.4986698 0.5206376 0.4948445 0.4943610 0.5113046 0.4860566 0.7010831 0.6324743 0.8964763 0.5841161 0.7311326 0.7866882 0.7261585 0.7261585 0.6816057 0.7210289 0.5130844 0.8533223 0.6034977 0.6566426 0.5417504 0.8097300 0.5501882 0.8244884 0.8898533 0.9835354 0.9724987 0.7686108 0.8515890 0.8639153 0.9177215 0.9177215 0.9423839 0.7433185 0.7065980 0.8154651 0.7254309 0.7380166 0.7717273 0.7909885 0.7861331 0.7887117 0.8215946 0.7409472 0.8043891 0.8110424 0.4035705 0.5918136 0.7461565 1.1056983 1.5108483 1.7104329 1.2717004 1.2676583 1.2676583 1.2664216 0.9480978 1.2404464 1.2475786 1.2250828 1.2250828 1.2462359 1.2462359 1.3496663 1.3496663 1.2079197 1.2079197 1.0156150 1.3148924 1.3148924 1.2269765 1.2269765 1.2801006 1.9878854 1.1865509 1.0831500 1.4687498 4.4428863 
Ctel_gnl_WGS_AMQN_CAPTEDRAFT_mRNA183253                 1.9797185 1.9921185 1.6692899 1.7774619 1.7489888 1.4115386 1.6591673 1.7379834 1.6043268 1.5379622 1.4483590 1.4290464 1.5846820 1.6521303 1.8883704 1.6674820 1.5296516 1.5489139 1.6621991 1.8065329 0.4690875 0.3549515 0.3997190 0.0000000 0.3214141 0.7441092 0.6847889 0.6907726 0.4702719 0.4065177 0.4346118 0.4016656 0.4230321 0.4179301 0.5128166 0.5323167 0.5056728 0.4969945 0.5460918 0.5215019 0.7668059 0.7873024 0.9332402 0.5754482 0.6832066 0.7255018 0.7111057 0.7111057 0.7122634 0.7610386 0.5057430 0.9031677 0.5703328 0.6175612 0.5476541 0.8408168 0.6669339 0.8344790 0.8724988 0.9723943 0.9906352 0.7744114 0.8242175 0.9139414 0.9167032 0.9167032 0.9457561 0.7838250 0.7220367 0.8297032 0.6939473 0.7019611 0.7106332 0.7855934 0.7789113 0.7772957 0.8210400 0.7858689 0.7773155 0.7791430 0.4606829 0.6611326 0.6892618 0.9614757 1.5030543 1.6942525 1.2639817 1.2559917 1.2559917 1.2431074 0.9445474 1.2453403 1.2897602 1.2459425 1.2459425 1.2858991 1.2858991 1.4007699 1.4007699 1.1898138 1.1898138 0.9880323 1.3094034 1.3094034 1.2681944 1.2681944 1.3151395 2.1418287 1.1739385 1.1838214 1.3646565 4.4366711 
Morvir_scaffold182.g41.t1                               0.0000010 0.0000010 1.1219366 1.2561019 1.2099674 1.3395926 1.3810994 1.6001763 1.0056920 0.9324083 1.0691815 0.8213134 1.2664209 1.2079671 1.5804225 1.1915945 0.8451380 0.8515487 1.0161489 1.2265828 0.0000010 0.4193819 0.4280438 0.3214141 0.0000000 0.3055351 0.2399040 0.3071889 0.3927268 0.3625589 0.0766117 0.5837349 0.0770326 0.0770326 0.3393115 0.3302477 0.3238154 0.3256822 0.3581581 0.3331780 0.5679957 0.5570582 0.3329202 0.3432687 0.4981137 0.5068038 0.5183302 0.5183302 0.5018226 0.6171946 0.6171946 1.9773380 0.5259651 0.6249018 0.5133659 0.6099114 0.6316170 0.6594599 0.1620641 0.0000010 0.0000010 0.5950040 0.0000010 0.7305613 0.8532740 0.8532740 0.8683291 0.6439256 0.6627953 0.0000010 0.4366146 0.0000010 0.5414204 0.8650579 0.8557077 0.8459527 0.8801975 0.8412473 0.7979400 0.7833309 0.6216659 0.6131648 0.6814118 0.5290100 5.3826876 5.3826876 1.1341197 1.0805695 1.0805695 1.0936980 0.9897786 0.9837556 1.1392638 0.9971724 0.9971724 0.7170035 0.7170035 0.0000010 0.0000010 0.9879538 0.9879538 0.9203407 1.2853729 1.2853729 0.8446070 0.8446070 0.0000010 1.3350998 0.0000010 0.0000010 1.1220481 4.6653002 
Nemnom_g2434.t1                                         2.0796908 2.3389871 1.7677436 1.6995059 1.7587817 1.7387695 1.6879473 1.7081579 1.6739904 1.4829726 1.5264098 1.4442948 1.6633742 1.7975603 2.0428904 1.7868349 1.6822040 1.6834140 1.7068941 1.8713571 0.9801470 0.6750077 0.7282753 0.7441092 0.3055351 0.0000000 0.0821834 0.2826159 0.7254942 0.6486744 1.0060171 0.5799759 0.8052471 0.8649955 0.6366771 0.6033367 0.6005910 0.5891437 0.5894417 0.5642458 0.7918015 0.8029204 1.0763458 0.6033836 0.9414310 0.8695904 0.9401882 0.9401882 0.7998750 0.8859075 0.5841866 1.0779518 0.8228229 0.8416104 0.7818201 0.9380281 0.6031519 0.9169037 1.0158391 1.3118516 1.1814921 0.9178776 1.0685436 1.0561825 1.0944927 1.0944927 1.0916935 0.7505134 0.9267172 0.5852098 0.5594571 0.5495176 1.0155260 0.9080980 0.9226658 0.8621543 0.9383813 0.9196285 0.9034503 0.8517798 0.6055337 0.8375804 0.9809247 0.9360115 1.6336167 1.7958122 1.4210987 1.4117423 1.4117423 1.4191773 1.0325434 1.3886439 1.4167939 1.4006994 1.4006994 1.5205589 1.5205589 1.6667383 1.6667383 1.4010252 1.4010252 1.3763507 1.5801568 1.5801568 1.6181393 1.6181393 1.6313913 2.2408647 1.7735052 1.6776008 1.3894895 4.3727151 
Rhoesc_Res_001788-T1                                    2.0213629 2.3500382 1.7964709 1.6984750 1.7032906 1.6590936 1.6604481 1.7256910 1.6549713 1.5307497 1.5195791 1.4017611 1.6666807 1.7627090 2.0601965 1.8180974 1.6510697 1.6814818 1.7182734 1.8291030 0.9584409 0.6675793 0.6967596 0.6847889 0.2399040 0.0821834 0.0000000 0.2589213 0.6963414 0.6166026 1.0402961 0.5173736 0.7980114 0.8702764 0.6047209 0.5633983 0.5694390 0.5518363 0.5617534 0.5465610 0.7424637 0.7722037 1.0589677 0.6197942 0.9238956 0.8707792 0.9258955 0.9258955 0.7894727 0.8715416 0.5559502 1.0736549 0.7710026 0.8487377 0.7507404 0.8961112 0.5659600 0.8830982 1.0497481 1.3428298 1.1819121 0.8776277 1.1113248 1.0206694 1.0878246 1.0878246 1.1054380 0.7759287 0.9108410 0.5738173 0.5186938 0.5435546 0.9768562 0.8981834 0.9118485 0.8516723 0.9331607 0.9386311 0.8953475 0.8373767 0.6074987 0.8111659 0.9746663 0.8441918 1.7149828 1.9150893 1.3960029 1.3764005 1.3764005 1.4258024 0.9647130 1.3615413 1.4107666 1.4185033 1.4185033 1.5463007 1.5463007 1.6981896 1.6981896 1.3681903 1.3681903 1.2961176 1.5379574 1.5379574 1.6078793 1.6078793 1.6579996 2.2195145 1.7281966 1.6544818 1.3366199 4.5021843 
Sanmal_Sma_026766-T1                                    2.2501069 2.2757498 1.7361248 1.6250140 1.6405732 1.6298645 1.6802881 1.7879867 1.7431424 1.5542100 1.5702569 1.4461314 1.7411764 1.6283316 2.0363631 1.8086582 1.7204444 1.7016492 1.7886290 1.9189597 0.8757064 0.7183288 0.6699139 0.6907726 0.3071889 0.2826159 0.2589213 0.0000000 0.7251475 0.6173178 0.7847618 0.6915368 0.7787392 0.7903003 0.6196965 0.6171963 0.6166892 0.6218768 0.5637142 0.5255834 0.8012039 0.9624789 1.0861004 0.5955728 0.9473321 0.9266973 0.9487972 0.9487972 0.8356361 0.9817573 0.7395144 1.1267305 0.8096398 0.8377779 0.8061719 0.9559244 0.5528112 0.9838366 1.1048876 1.3080200 1.2401203 0.8701591 1.0668103 0.9555978 1.0045496 1.0045496 1.0213341 0.7436276 1.0563462 0.5614145 0.5861963 0.5396223 0.9947150 0.9329624 0.9473028 0.8910571 0.9484034 0.9609578 0.9232722 0.8572644 0.7314089 0.9345246 1.0386511 1.0536102 1.6939427 1.9398218 1.3869393 1.3675645 1.3675645 1.4289749 0.9849307 1.3475535 1.3804696 1.3711720 1.3711720 1.5166872 1.5166872 1.6663042 1.6663042 1.3313243 1.3313243 1.2762548 1.5550372 1.5550372 1.5389205 1.5389205 1.5615700 2.2996617 1.6757880 1.5677614 1.3916891 4.4365793 
Bralan_BLAG04000927_1                                   1.8541602 1.7833687 1.6452392 1.6392273 1.6680501 1.5583805 1.5781394 1.6357984 1.5195083 1.4851188 1.4143640 1.2748154 1.5316952 1.5425571 1.8805365 1.6658121 1.4726085 1.4946731 1.6573492 1.7655107 0.5877134 0.4102765 0.4090332 0.4702719 0.3927268 0.7254942 0.6963414 0.7251475 0.0000000 0.4751162 0.4724746 0.4054980 0.5092304 0.5216931 0.4893653 0.5059922 0.4978940 0.4977651 0.4979023 0.4584257 0.7066147 0.7084798 0.9546019 0.5151081 0.7729265 0.7703008 0.7977203 0.7977203 0.7733136 0.7039114 0.5343217 0.8111143 0.5746922 0.6509024 0.5588628 0.8069023 0.5444597 0.7622910 0.8393727 0.8196752 0.8634852 0.8033583 0.8160984 0.9196166 0.9192006 0.9192006 0.9376856 0.8012041 0.7109219 0.8165692 0.7426475 0.7582809 0.7496525 0.7140048 0.7406300 0.7174025 0.7621643 0.7301640 0.7545547 0.7704332 0.4912760 0.6715207 0.7673232 0.9950843 1.5256752 1.7552455 1.2589422 1.2544277 1.2544277 1.2458595 0.9223542 1.2699189 1.2927361 1.2425391 1.2425391 1.3162051 1.3162051 1.4235821 1.4235821 1.2410632 1.2410632 1.1142797 1.3864774 1.3864774 1.3587694 1.3587694 1.4417256 2.0463206 1.2628040 1.2830641 1.3243930 4.3127698 
Spur_XM_030999660.1                                     2.1600301 1.9460912 1.7081507 1.7303008 1.7417244 1.5617931 1.6931810 1.7834209 1.6147085 1.6344371 1.5881185 1.5080776 1.6410194 1.6060385 2.0633653 1.7977179 1.6289842 1.5959453 1.8363219 1.8614442 0.5356325 0.4019984 0.4499307 0.4065177 0.3625589 0.6486744 0.6166026 0.6173178 0.4751162 0.0000000 0.3291977 0.3263677 0.4273607 0.5166002 0.5030605 0.4774155 0.4609628 0.4722205 0.4851035 0.4547852 0.7010009 0.6975893 0.9333098 0.4760783 0.7035851 0.6902836 0.7290735 0.7290735 0.6969129 0.6851034 0.5616250 0.7681704 0.5707184 0.5830715 0.5206559 0.8401076 0.7360317 0.8285776 0.8734269 1.0485411 1.0464982 0.8015304 0.9861996 0.8642368 0.8747820 0.8747820 0.8948069 0.8016247 0.6886024 0.7326075 0.6498868 0.5999491 0.7280241 0.7053313 0.7159983 0.6974539 0.7482555 0.7356010 0.7150606 0.7118577 0.5007029 0.6974163 0.7538230 0.9984250 1.4792385 1.6691625 1.2605771 1.2580157 1.2580157 1.2560516 0.9608286 1.2168704 1.2518324 1.2399384 1.2399384 1.2720023 1.2720023 1.3776406 1.3776406 1.1917428 1.1917428 1.1228702 1.3422075 1.3422075 1.3404858 1.3404858 1.2719066 2.2065168 1.3779335 1.3054514 1.4025007 4.4930318 
Skow_XM_006819966.1                                     2.0186522 2.2614518 1.9761648 1.8252388 1.8999988 1.5810834 1.6600233 1.7950852 1.7643085 1.8235068 1.5972919 1.7290017 1.7731028 2.1309495 1.9934158 1.7909375 1.8458120 1.8257934 2.2063559 2.2917521 0.5506818 0.3806784 0.4668464 0.4346118 0.0766117 1.0060171 1.0402961 0.7847618 0.4724746 0.3291977 0.0000000 2.1359449 0.4973532 0.3377335 0.5654215 0.6080550 0.5560075 0.5625796 0.5350407 0.4473540 1.3929555 0.0000010 0.7714710 0.6175068 0.7577663 0.7813307 0.7352842 0.7352842 0.6996243 0.7784161 0.4199942 0.8749489 0.6803132 0.7093832 0.7170626 0.9695897 0.2756928 0.8868044 0.8797362 1.0339913 1.2771067 0.7754464 2.2583707 0.9949092 0.9180362 0.9180362 0.9180362 0.7677875 0.7372703 1.0409205 0.7399996 0.7014368 0.9329979 0.7923906 0.7804575 0.7574344 0.7574344 0.7666253 0.8035047 0.8737396 0.5049915 0.7271444 0.7271444 3.4229310 1.7149181 3.2126095 1.1759872 1.1759872 1.1759872 1.1759872 0.7065563 1.1904823 1.1932000 1.1462291 1.1462291 1.1462291 1.1462291 1.3166601 1.3166601 1.1791082 1.1791082 1.0116105 1.3024140 1.3024140 1.4715894 1.4715894 1.5272086 2.6385319 2.0583738 9.0000000 2.0165164 3.6217902 
Skow_XM_006820416.1                                     1.8009783 1.4542411 1.6393841 1.5964322 1.5559275 0.0000010 1.5683601 1.6397713 1.5588707 1.3992462 1.4670551 1.2914924 1.5725899 1.4495434 1.9574622 1.5488163 1.2672355 1.3487541 1.5516703 1.6274052 0.4639752 0.4179098 0.4386320 0.4016656 0.5837349 0.5799759 0.5173736 0.6915368 0.4054980 0.3263677 2.1359449 0.0000000 0.4405447 8.9999988 0.5026189 0.4872933 0.4835516 0.4635513 0.4940662 0.4712295 0.5712646 0.6287915 1.2730253 0.5228167 0.8200836 0.7640651 0.8281057 0.8281057 0.7143971 0.7097549 0.6219960 0.7657615 0.5804988 0.5801758 0.4784263 0.7476938 0.8017247 0.6588547 0.7200691 0.5473245 0.5649687 0.6976427 0.5616109 0.7417369 0.7356033 0.7356033 0.7646394 0.9334476 0.7288548 0.6535633 0.7029617 0.6655650 0.6714300 0.5865580 0.6285946 0.6106880 0.6996264 0.7146708 0.6974932 0.6838165 0.5210520 0.7885692 0.8646459 0.5270710 1.3087283 1.3087283 1.4140500 1.4030177 1.4030177 1.4057005 1.3363045 1.3856056 1.4344787 1.3996463 1.3996463 1.3693299 1.3693299 1.3693299 1.3693299 1.2432636 1.2432636 9.0000000 1.4677209 1.4677209 1.2705968 1.2705968 1.2890880 1.8471746 1.0929211 1.2915278 1.6390283 3.9009104 
Cscu_XM_023372010.1                                     1.7991511 1.8852699 2.1226447 1.6894603 1.7341974 1.5051933 1.7159153 1.7000930 1.6773688 1.6768442 1.5683805 1.5983916 1.6382508 1.7798178 1.8864028 1.8685421 1.7345376 1.7557292 1.8893260 1.8175522 0.5142811 0.4410505 0.4645508 0.4230321 0.0770326 0.8052471 0.7980114 0.7787392 0.5092304 0.4273607 0.4973532 0.4405447 0.0000000 0.0532747 0.5968579 0.6370829 0.5950011 0.6120101 0.6173725 0.6536498 0.9498339 2.8201356 1.5824069 0.5714829 0.8632058 0.8521217 0.8203629 0.8203629 0.7744197 0.8123105 0.4241373 0.8541832 0.5263926 0.6148073 0.5435269 0.8602671 0.2628822 0.8512554 0.8414204 0.9343443 0.9756487 0.8443107 0.8816750 0.8403683 0.8433984 0.8433984 0.8433984 0.8171364 0.7123162 0.7735640 0.6856045 0.7469389 0.5911382 0.7810135 0.7277396 0.7639078 0.7719387 0.7456531 0.7915102 0.7736672 0.6188234 1.2320209 1.2320209 3.9831701 1.4473221 1.5565012 1.2871386 1.2871386 1.2871386 1.2871386 0.9500244 1.3475925 1.3218940 1.3470506 1.3470506 1.3470506 1.3470506 1.4595179 1.4595179 1.2664715 1.2664715 1.3064104 1.3828448 1.3828448 1.4327322 1.4327322 1.3412802 2.3164537 1.3091445 1.3396625 5.2893307 4.3065777 
