100
Emue_Em0047g7a.t1                                     0.0000000 0.0038663 0.0353779 0.0586166 0.1294441 0.3112868 0.2144250 0.4996070 0.5466276 0.5471256 0.5834369 0.6307975 0.5752992 0.5752992 0.6192500 0.6123341 0.5622115 0.5861757 0.5823866 0.5530082 0.5514204 0.5633538 0.5805773 0.5626842 0.5611721 0.5879596 0.5973690 0.5846652 0.5816322 0.5885261 0.7031022 0.7052588 0.7027798 0.7080679 0.7140656 0.4603470 0.7257455 0.7257455 0.7257455 0.7050070 0.5935660 0.7355256 0.7208641 0.6991693 0.6580844 0.6152524 0.5319153 0.8367214 1.1033366 0.7999014 0.8181551 0.7427321 0.7582955 0.7677506 0.7677506 0.8039739 0.8039739 0.7416581 0.7593842 0.7822899 0.8928737 0.8852737 0.2904507 0.6115585 0.5686054 0.9133286 0.8866116 0.9036476 0.8937822 0.7677627 0.8639390 1.1728064 2.3879537 1.3531102 1.7131008 1.2053037 3.0264934 1.1349651 1.4465950 1.6116053 1.6145282 1.5950989 1.7228508 1.5339433 1.3898976 1.3898976 1.5000387 1.6288596 3.0909565 1.4764894 1.5962256 1.5583715 1.5116422 1.7947343 1.7576253 1.9350393 0.5393771 1.9821575 1.9713901 2.0941182 
Emue_Em0014g5a.t1                                     0.0038663 0.0000000 0.0395070 0.0631107 0.1395208 0.3180401 0.2227296 0.4993405 0.5462711 0.5467660 0.5829935 0.6270101 0.5762224 0.5762224 0.6126646 0.6123341 0.5659855 0.5901115 0.5846036 0.5526417 0.5510579 0.5629654 0.5801474 0.5622923 0.5607877 0.5875214 0.5968920 0.5842287 0.5812053 0.5822115 0.6958230 0.7016299 0.6954609 0.7007123 0.7260704 0.4769484 0.7378360 0.7378360 0.7378360 0.7177143 0.6084232 0.7477700 0.7328110 0.6946675 0.6511826 0.6258194 0.5358196 0.8802000 1.0954680 0.7891672 0.8073436 0.7343981 0.7593319 0.7591877 0.7591877 0.7939441 0.7939441 0.7316356 0.7604168 0.7833270 0.8945299 0.8708893 0.2996561 0.6107715 0.5680614 0.9212114 0.8946620 0.9114688 0.9014885 0.7677627 0.8620589 1.1766575 2.3879537 1.3618491 1.7131008 1.2127588 3.0264934 1.1349651 1.4607402 1.6317472 1.6084831 1.6010452 1.7281689 1.5339433 1.4092300 1.4092300 1.5260816 1.6642327 3.0909565 1.4865192 1.5851098 1.5368110 1.5245411 1.8078397 1.7698053 1.9480464 0.5393771 1.9879633 1.9849808 2.1090013 
Spolac_c98303_g1_i1_m.16901c98303-g1                  0.0353779 0.0395070 0.0000000 0.0177961 0.0997894 0.3190379 0.2077387 0.4983719 0.4983313 0.5058657 0.5534771 0.6038501 0.5175693 0.5175693 0.5996506 0.4642013 0.5087666 0.5728608 0.6660286 0.5385996 0.5070994 0.5155937 0.5485917 0.5276480 0.6201729 0.5657370 0.5641448 0.5250658 0.5260284 0.6130198 0.6840491 0.6784430 0.6789918 0.6726919 0.6877376 0.4720039 0.6868268 0.6868268 0.7123453 0.6930975 0.6264601 0.7433095 0.7303023 0.6610116 0.6250522 0.6442691 0.5432531 0.8367214 1.1502518 0.7616927 0.7763166 0.7128838 0.7340278 0.7563974 0.7563974 0.8064324 0.8064324 0.7490763 0.7506550 0.7445826 0.8879385 0.8553939 0.2822018 0.5940237 0.5574206 0.8286925 0.7971442 0.8087143 0.7798135 0.6874406 0.7819189 1.1372508 1.5838229 1.3094645 1.5457336 1.2396035 2.4801318 1.2370116 1.4576167 1.6455593 1.6063436 1.6114389 1.6806609 1.4875969 1.3519255 1.3519255 1.4389766 1.8978877 1.9445307 1.4920079 1.6144383 1.5124887 1.3987572 2.0275861 1.7814310 1.8553401 0.5218110 1.9820105 2.0887191 2.1825889 
Spolac_c98303_g1_i2_m.16903c98303-g1                  0.0586166 0.0631107 0.0177961 0.0000000 0.0997894 0.3393272 0.2077387 0.5351401 0.5383377 0.5533563 0.5994017 0.6583011 0.5518278 0.5518278 0.6527434 0.4642013 0.5588523 0.6048301 0.7314868 0.5736936 0.5404992 0.5494353 0.5842206 0.5624341 0.6573709 0.5998239 0.6097125 0.5650464 0.5744932 0.6447009 0.7172586 0.7115494 0.7201091 0.7137220 0.7041391 0.4720039 0.7043422 0.7043422 0.7305444 0.7145883 0.6264601 0.7499699 0.7366850 0.6610116 0.6503374 0.6874781 0.5810412 0.8367214 1.4501634 0.7953875 0.8182513 0.7524227 0.7734835 0.7972896 0.7972896 0.8627427 0.8627427 0.7848127 0.7955634 0.7844947 0.9709276 0.8471771 0.3418707 0.6554043 0.6075260 0.8563924 0.7961341 0.8370389 0.8073989 0.7759968 0.8410002 1.1959227 1.5838229 1.3643948 1.5457336 1.3210182 2.4801318 1.2370116 1.5333216 1.7280787 1.6519005 1.6696550 1.7615212 1.5465070 1.4197089 1.4197089 1.4275973 1.8822445 1.9482197 1.5496801 1.6767098 1.5603099 1.5198657 2.0880189 1.8289240 1.8928458 0.4965707 2.0408649 2.1607486 2.1941255 
Stycar_maker-SC_scaffold2228-augustus-gene-0.7-mRNA-1 0.1294441 0.1395208 0.0997894 0.0997894 0.0000000 0.1732656 0.1502053 0.3137964 0.3059319 0.2741493 0.3209387 0.3845995 0.3276674 0.3276674 0.4465827 0.5034106 0.4198502 0.4334062 0.5188360 0.3574078 0.3518912 0.3323369 0.3780183 0.3386474 0.4710163 0.4226494 0.4145833 0.3831398 0.4158117 0.4286220 0.5074791 0.4907610 0.5007943 0.5369732 0.4580364 0.4424826 0.4424826 0.4424826 0.4424826 0.3897640 0.4396533 0.4717838 0.4717838 0.5110454 0.4939157 0.4426452 0.4225018 0.3026095 4.5007554 0.5016196 0.5016196 0.4485452 0.4898158 0.4846640 0.4846640 0.4293236 0.4293236 0.4451431 0.4513947 0.4543748 0.5355214 0.5016196 0.0528063 0.3232831 0.3206227 0.4533133 0.4473314 0.4398531 0.4620198 0.5567770 0.4050650 0.8365254 1.4881787 0.9969358 0.9270108 0.9664404 1.7826727 1.2070299 1.2519296 1.4786781 1.1354117 1.1225766 1.2158360 1.0510354 0.9204452 0.9204452 0.9204452 1.2630853 1.9295513 0.8837241 1.0913171 1.1129317 0.9430344 1.7807367 1.4264017 1.3582549 0.0000010 1.6343158 2.0440241 1.9919653 
Aque_Aqu2.1.43646_001                                 0.3112868 0.3180401 0.3190379 0.3393272 0.1732656 0.0000000 0.0882161 0.4818876 0.5678761 0.5311782 0.5234234 0.6242286 0.5690864 0.5690864 0.6422887 0.6517930 0.5681391 0.6092621 0.6424055 0.5928907 0.5636422 0.5741243 0.5865339 0.5610943 0.6158672 0.5422664 0.5901852 0.5549945 0.5718379 0.6849104 0.7198331 0.7273163 0.7165521 0.7496507 0.7293565 0.4700701 0.7123797 0.7123797 0.7143220 0.7310135 0.6276184 0.7235543 0.7147139 0.7116352 0.6854300 0.6588807 0.6026283 0.9211309 1.3802926 0.8005224 0.7987768 0.7613739 0.7594472 0.7776196 0.7776196 0.8431485 0.8431485 0.7473335 0.7850264 0.7676742 0.9780272 0.8873486 0.3533215 0.5492823 0.5182837 0.8948217 0.8061944 0.8846192 0.8853367 0.7846580 0.7933823 1.1718546 1.6717159 1.3153723 1.5475464 1.2637710 2.7569228 1.2952653 1.5872139 1.5830447 1.5959463 1.6012570 1.7899209 1.5533327 1.3939233 1.3939233 1.4549645 1.7838484 2.3834759 1.4182007 1.6070590 1.6144151 1.3819077 1.9905614 1.6721539 1.7324044 0.5854438 1.9961404 2.0415490 2.1882726 
Xestes_maker-XT_scaffold129446-snap-gene-0.6-mRNA-1   0.2144250 0.2227296 0.2077387 0.2077387 0.1502053 0.0882161 0.0000000 0.4403199 0.4423691 0.3786510 0.4182995 0.5285062 0.4546525 0.4546525 0.5627551 0.6052616 0.4805914 0.4794404 0.6028572 0.4167110 0.3910445 0.3993666 0.4224383 0.3887407 0.4769961 0.4005461 0.4355707 0.4355964 0.4458179 0.5687357 0.5667335 0.5567559 0.5636833 0.5988241 0.5287905 0.4172677 0.5129766 0.5129766 0.5284943 0.4945052 0.5311153 0.5525726 0.5525726 0.5985065 0.5915450 0.5271224 0.5172014 0.6946660 4.1350990 0.7367769 0.7367769 0.6699485 0.6970218 0.6950815 0.6950815 0.7266955 0.7266955 0.6800581 0.7058174 0.6781079 1.0466358 0.7558170 0.2449889 0.3427611 0.3438393 0.6439030 0.6349141 0.6422883 0.6754218 0.7408931 0.4570168 0.9669326 1.5438575 1.1735509 1.1252541 1.0832224 2.9837907 1.3314693 1.4374111 1.4516399 1.3923210 1.4343309 1.6017146 1.2990550 1.1745606 1.1745606 1.1745606 1.4779979 2.1855931 1.0980503 1.3950709 1.5012029 1.3512895 1.8767467 1.4929265 1.5088796 0.0000010 1.8587960 2.0240949 1.9530919 
Bralan_BLAG05001004_1                                 0.4996070 0.4993405 0.4983719 0.5351401 0.3137964 0.4818876 0.4403199 0.0000000 0.2696981 0.2928220 0.3634512 0.3589410 0.3437498 0.3437498 0.4095400 0.3785880 0.3494827 0.4656595 0.3925198 0.4238684 0.4187423 0.4228371 0.4374452 0.4495136 0.4784755 0.5104208 0.5476197 0.5048535 0.5140910 0.5065233 0.4985970 0.5189510 0.5401800 0.5751709 0.6438657 0.4764030 0.6432052 0.6432052 0.6432052 0.6589485 0.5510528 0.6400100 0.6418556 0.6894106 0.6140001 0.6115666 0.5072759 0.8886009 1.1673048 0.6796532 0.6830673 0.6504927 0.6825199 0.6500223 0.6500223 0.7305205 0.7305205 0.6088187 0.6146061 0.6303203 0.8488601 0.6986612 0.5941293 0.7031277 0.6452748 0.8299564 0.7861179 0.7975142 0.8068575 0.4968122 0.6377001 1.0561394 1.3112536 1.2019199 1.2701740 1.2355453 2.3606496 1.2068464 1.5550566 1.7058633 1.5526663 1.5327105 1.5658804 1.5077715 1.2246479 1.2246479 1.2907968 1.7878491 1.9165978 1.4301949 1.5051661 1.5062320 1.3401574 1.9110823 1.6502480 1.8768708 0.7441086 1.9276751 1.9919933 2.1136343 
Skow_XM_002738854.2                                   0.5466276 0.5462711 0.4983313 0.5383377 0.3059319 0.5678761 0.4423691 0.2696981 0.0000000 0.3309149 0.2756634 0.3865444 0.2902124 0.2902124 0.4045386 0.3625111 0.3823976 0.4310811 0.4165475 0.4506318 0.4463928 0.4403249 0.4668978 0.4569120 0.5377846 0.5774734 0.5646213 0.5351107 0.5379214 0.5471617 0.5621113 0.5382771 0.5787541 0.5714208 0.6971296 0.4923703 0.6940967 0.6940967 0.6940967 0.7090039 0.5725443 0.6957255 0.6982236 0.6556028 0.6426469 0.6103139 0.4996703 0.8751437 1.1708317 0.6372113 0.6343263 0.6262772 0.6491845 0.6383281 0.6383281 0.7169185 0.7169185 0.6151593 0.6057575 0.6135855 0.8403925 0.6532350 0.6113979 0.6877244 0.6300326 0.8574391 0.8365643 0.8721272 0.8658913 0.6109498 0.6493253 1.0290497 1.2954894 1.1485336 1.2141244 1.1696080 2.2335780 1.2392273 1.5371158 1.7496191 1.3963169 1.3626415 1.5322828 1.3232807 1.1754367 1.1754367 1.2063907 1.6710338 1.7195096 1.3588369 1.3921420 1.3703734 1.3125251 1.9891650 1.7097016 1.8519447 0.9062220 1.7976754 2.0155066 1.9549664 
Hsap_ENST00000296490                                  0.5471256 0.5467660 0.5058657 0.5533563 0.2741493 0.5311782 0.3786510 0.2928220 0.3309149 0.0000000 0.4020079 0.4083556 0.3936274 0.3936274 0.4133463 0.3829066 0.4241358 0.4549219 0.5089264 0.4608172 0.4488737 0.4495496 0.4638939 0.4406939 0.5399800 0.5633734 0.5425961 0.5014878 0.4799081 0.5236099 0.5589479 0.5671886 0.5823337 0.6041237 0.6604846 0.4989565 0.6576137 0.6576137 0.6576137 0.6707430 0.5781540 0.6374037 0.6515949 0.6560650 0.5933784 0.5889782 0.4774329 0.8633761 1.1973479 0.6661851 0.6695877 0.6426595 0.7045235 0.7001810 0.7001810 0.8061041 0.8061041 0.6248575 0.6464187 0.6315242 0.9788949 0.6895567 0.6569878 0.6972164 0.6387484 0.7995031 0.8411946 0.8132425 0.8011005 0.6009589 0.6245970 1.0629806 1.4513085 1.1300595 1.3496597 1.1575879 2.4042452 1.2860825 1.5780479 1.7159650 1.4845064 1.4881769 1.5071322 1.3356450 1.1633753 1.1633753 1.3393870 1.8978008 1.8494235 1.4655512 1.4406516 1.3608780 1.3236216 1.9417122 1.6646097 1.8240379 0.7885685 1.7571274 2.1327433 2.0364970 
Spur_XM_031000368.1                                   0.5834369 0.5829935 0.5534771 0.5994017 0.3209387 0.5234234 0.4182995 0.3634512 0.2756634 0.4020079 0.0000000 0.4111363 0.4100551 0.4100551 0.4517384 0.4394874 0.4367846 0.5040463 0.4823773 0.5033340 0.5087970 0.4985035 0.5160184 0.4674042 0.5645750 0.5488521 0.5922944 0.5652083 0.5686639 0.5485737 0.6006968 0.5907820 0.6095684 0.6191471 0.6914877 0.4497827 0.7041167 0.7041167 0.7041167 0.7310770 0.5708572 0.6912457 0.6903609 0.6687935 0.6434805 0.6689185 0.5347765 1.0150779 1.3849524 0.6735984 0.6704914 0.6433142 0.6597888 0.6633713 0.6633713 0.6939103 0.6939103 0.6129226 0.6052290 0.6355640 0.8221561 0.7047602 0.7037206 0.7942159 0.7308856 0.9013388 0.8663426 0.8879081 0.9002430 0.7045859 0.7021178 1.0994568 1.5522074 1.2538350 1.2877777 1.2508025 2.5175214 1.2921763 1.5558654 1.5981824 1.3710949 1.4012059 1.5935227 1.2491514 1.1861024 1.1861024 1.2575796 1.7447632 1.6412495 1.4510543 1.3692650 1.3968383 1.3470063 2.0016432 1.7084437 1.7562960 1.0729969 1.8625753 2.0810050 1.9746941 
Cgig_XM_011437735.2                                   0.6307975 0.6270101 0.6038501 0.6583011 0.3845995 0.6242286 0.5285062 0.3589410 0.3865444 0.4083556 0.4111363 0.0000000 0.2395730 0.2395730 0.3480897 0.2785194 0.2792863 0.3629538 0.3504396 0.5151608 0.5226555 0.5105514 0.5313852 0.5020138 0.5986517 0.6120269 0.6160792 0.5924672 0.5797525 0.5456227 0.5578433 0.5467944 0.5854969 0.6419634 0.7437990 0.6159366 0.7432854 0.7432854 0.7432854 0.7581758 0.6675947 0.6966918 0.7080757 0.6897540 0.6060048 0.6630153 0.5882065 0.9740390 1.3886937 0.7111706 0.7145514 0.6693298 0.6964837 0.6692245 0.6692245 0.6966086 0.6966086 0.6272075 0.6029255 0.6287823 0.8600770 0.7584812 0.6419536 0.7137668 0.6569042 0.8165228 0.8197421 0.7495207 0.7732900 0.4023884 0.7336634 1.1876948 1.7282100 1.2328268 1.3812179 1.1973888 2.5874649 1.3754990 1.5287317 1.7849911 1.5297871 1.4718453 1.5685817 1.3844476 1.2412930 1.2412930 1.3947552 1.8141599 1.8832940 1.4819948 1.5548811 1.5244873 1.3582902 1.9483100 1.7390237 1.8671766 0.9018778 1.8241424 2.1355158 2.1494037 
Ctel_gnl_WGS_AMQN_CAPTEDRAFT_mRNA184348               0.5752992 0.5762224 0.5175693 0.5518278 0.3276674 0.5690864 0.4546525 0.3437498 0.2902124 0.3936274 0.4100551 0.2395730 0.0000000 0.0000010 0.3406859 0.2131112 0.2901237 0.3624327 0.3296331 0.4859471 0.4816148 0.4752142 0.5139527 0.4866676 0.5736099 0.5989177 0.5782610 0.5432593 0.5465534 0.5516630 0.5050566 0.5028605 0.5527492 0.5566347 0.6478242 0.4975111 0.6415238 0.6415238 0.6415238 0.6778413 0.5531421 0.6565342 0.6607096 0.6551310 0.6173265 0.6246387 0.5399860 0.8360872 1.4072501 0.6996593 0.6964048 0.6403815 0.6616218 0.6440163 0.6440163 0.7034426 0.7034426 0.6205952 0.6185280 0.6393521 0.9511673 0.7199987 0.6231607 0.7303735 0.6587007 0.7680643 0.7649263 0.7388834 0.7635759 0.4390060 0.6824450 1.1202242 1.4159871 1.2235854 1.2951609 1.2280280 2.0015001 1.1576246 1.4350051 1.6705469 1.5154572 1.4085005 1.5600454 1.2751556 1.2622301 1.2622301 1.3697574 1.8702830 1.8095430 1.4502453 1.4642941 1.4215204 1.3309620 1.9695051 1.6996722 1.8132267 0.8987330 1.8396627 1.9200421 2.1678398 
Ctel_gnl_WGS_AMQN_CAPTEDRAFT_mRNA164497               0.5752992 0.5762224 0.5175693 0.5518278 0.3276674 0.5690864 0.4546525 0.3437498 0.2902124 0.3936274 0.4100551 0.2395730 0.0000010 0.0000000 0.3406859 0.2131112 0.2901237 0.3624327 0.3296331 0.4859471 0.4816148 0.4752142 0.5139527 0.4866676 0.5736099 0.5989177 0.5782610 0.5432593 0.5465534 0.5516630 0.5050566 0.5028605 0.5527492 0.5566347 0.6478242 0.4975111 0.6415238 0.6415238 0.6415238 0.6778413 0.5531421 0.6565342 0.6607096 0.6551310 0.6173265 0.6246387 0.5399860 0.8360872 1.4072501 0.6996593 0.6964048 0.6403815 0.6616218 0.6440163 0.6440163 0.7034426 0.7034426 0.6205952 0.6185280 0.6393521 0.9511673 0.7199987 0.6231607 0.7303735 0.6587007 0.7680643 0.7649263 0.7388834 0.7635759 0.4390060 0.6824450 1.1202242 1.4159871 1.2235854 1.2951609 1.2280280 2.0015001 1.1576246 1.4350051 1.6705469 1.5154572 1.4085005 1.5600454 1.2751556 1.2622301 1.2622301 1.3697574 1.8702830 1.8095430 1.4502453 1.4642941 1.4215204 1.3309620 1.9695051 1.6996722 1.8132267 0.8987330 1.8396627 1.9200421 2.1678398 
Cscu_XM_023353883.1                                   0.6192500 0.6126646 0.5996506 0.6527434 0.4465827 0.6422887 0.5627551 0.4095400 0.4045386 0.4133463 0.4517384 0.3480897 0.3406859 0.3406859 0.0000000 0.1967687 0.3426901 0.3953282 0.3596761 0.5271936 0.5108089 0.5012886 0.5181943 0.4972270 0.6098662 0.6376856 0.6121170 0.5686653 0.5677962 0.5403809 0.6050879 0.5922447 0.6267648 0.6469109 0.7075638 0.5559684 0.7055400 0.7055400 0.7181598 0.7229817 0.6364113 0.6924212 0.6940050 0.7119554 0.6570697 0.6436933 0.6060368 0.8684393 1.3988448 0.7098725 0.7226366 0.7126906 0.7485503 0.7571143 0.7571143 0.8251756 0.8251756 0.6893386 0.6519822 0.6759866 0.9612978 0.7207190 0.6737029 0.7487362 0.6808085 0.8295250 0.8193684 0.8163367 0.8137865 0.5645923 0.7449161 1.0909135 1.6616936 1.2171177 1.4262765 1.1947065 2.1325793 1.1696975 1.4742470 1.6074619 1.3896963 1.3090896 1.4252710 1.2892096 1.2429367 1.2429367 1.4003733 1.9149967 1.8111488 1.4738191 1.4211716 1.3948819 1.3739235 1.8886137 1.5934400 1.7974590 0.9588429 1.7824053 1.9489875 2.1245901 
Cscu_XM_023366049.1                                   0.6123341 0.6123341 0.4642013 0.4642013 0.5034106 0.6517930 0.6052616 0.3785880 0.3625111 0.3829066 0.4394874 0.2785194 0.2131112 0.2131112 0.1967687 0.0000000 0.2004125 0.2293024 0.5538959 0.3279613 0.3277714 0.3004120 0.3286877 0.2843769 0.7333600 0.6483954 0.5483232 0.4197511 0.4271474 0.5556720 0.4285331 0.3653396 0.4391390 0.5164516 0.5636350 0.5484203 0.5484203 0.5484203 0.5484203 0.6172006 0.5504556 0.5606475 0.5606475 0.6309835 0.5430562 0.6519587 0.5294430 0.0000010 0.0000010 0.6365138 0.6365138 0.5568652 0.5948438 0.6291961 0.6291961 1.0033276 1.0033276 0.5492327 0.4459802 0.5188791 0.0000010 0.6365138 0.0000010 0.0000010 0.0000010 0.5382754 0.5013156 0.5332894 0.5139039 0.3011929 0.3663791 0.7228496 1.4806109 1.1366512 1.1366512 1.1177819 1.5814456 1.4649077 1.4649077 1.6172633 1.2797227 1.2986400 1.0886962 1.0959808 0.9337937 0.9337937 0.9337937 3.9574997 1.3865768 1.1298659 1.2630744 1.0265110 0.9402972 3.3993666 1.6458705 1.8156506 0.0000010 1.7695841 2.2893671 2.1826080 
Tcas_TC014755_001                                     0.5622115 0.5659855 0.5087666 0.5588523 0.4198502 0.5681391 0.4805914 0.3494827 0.3823976 0.4241358 0.4367846 0.2792863 0.2901237 0.2901237 0.3426901 0.2004125 0.0000000 0.2121865 0.3033103 0.4626268 0.4566603 0.4536875 0.4844337 0.4649889 0.5838143 0.5676024 0.5421082 0.5303233 0.5440314 0.5257444 0.5355071 0.5416921 0.5452006 0.5896113 0.6046951 0.4832387 0.6024417 0.6024417 0.6024417 0.6180141 0.5393475 0.5989527 0.5930043 0.6974166 0.6272017 0.6091561 0.5537287 0.8665515 1.2496707 0.6862472 0.6976855 0.6418556 0.6748290 0.6858244 0.6858244 0.7083822 0.7083822 0.6200448 0.6192749 0.6307553 0.8458345 0.7420230 0.5729537 0.5826199 0.5429030 0.8397841 0.8380796 0.8217119 0.8229811 0.5444562 0.7660198 1.0868815 1.7277172 1.2933216 1.5156833 1.1294012 2.6713880 1.3086902 1.5159098 1.5890340 1.5418688 1.4573371 1.5655604 1.3339745 1.2422906 1.2422906 1.3948597 1.8813290 1.8843202 1.4682537 1.5034111 1.3745708 1.2872909 1.9815776 1.6672740 1.7795493 0.7251450 1.8220133 1.9387206 1.9451018 
Dpul_mRNA686                                          0.5861757 0.5901115 0.5728608 0.6048301 0.4334062 0.6092621 0.4794404 0.4656595 0.4310811 0.4549219 0.5040463 0.3629538 0.3624327 0.3624327 0.3953282 0.2293024 0.2121865 0.0000000 0.4212896 0.5447695 0.5145245 0.5085253 0.5453864 0.4946285 0.6106865 0.6033240 0.6009304 0.5832359 0.6071584 0.6181167 0.6180142 0.5956709 0.6304890 0.6773896 0.7298575 0.5016754 0.7140668 0.7140668 0.7365607 0.7579784 0.6432322 0.7075193 0.7062142 0.6801567 0.6426467 0.6053693 0.5726352 0.8095947 1.5239868 0.7067777 0.7238534 0.6853322 0.7322373 0.7495465 0.7495465 0.7716119 0.7716119 0.7122280 0.6672566 0.6832304 0.9429320 0.7603562 0.6891830 0.6045152 0.5651548 0.8322797 0.8376055 0.8498483 0.8416833 0.5890576 0.8015108 1.0270358 1.8131653 1.2114447 1.4364648 1.1802338 2.4586422 1.2583863 1.5176061 1.7084841 1.4455097 1.3797197 1.5022197 1.3652791 1.2591658 1.2591658 1.3704649 1.8772832 1.8887959 1.4120687 1.5329346 1.4165467 1.3626285 1.9340291 1.6319461 1.7148232 0.9045274 1.7950361 2.0009711 1.9416310 
Cscu_XM_023366061.1                                   0.5823866 0.5846036 0.6660286 0.7314868 0.5188360 0.6424055 0.6028572 0.3925198 0.4165475 0.5089264 0.4823773 0.3504396 0.3296331 0.3296331 0.3596761 0.5538959 0.3033103 0.4212896 0.0000000 0.5608848 0.5616461 0.5930733 0.6046885 0.5868753 0.6038953 0.6703375 0.7131529 0.6652198 0.7070716 0.5929119 0.5972189 0.6227378 0.6375964 0.6231974 0.7360971 0.6135455 0.7551694 0.7551694 0.7551694 0.6405063 0.6972969 0.7264430 0.7062864 0.8830436 0.7342116 0.7536328 0.6338213 0.9627561 1.3281852 0.8284452 0.8301630 0.7924361 0.8298243 0.8110153 0.8110153 0.6964588 0.6964588 0.7374888 0.6221723 0.7555498 0.8918651 0.9365032 0.6509802 0.7235821 0.6505796 1.0155388 1.0630160 1.0455158 1.0351840 0.7128341 1.0424186 1.2756723 8.9999989 1.4326373 1.8904466 1.3486752 4.8755228 1.4338165 1.6759547 1.8745964 1.7081290 1.5800594 1.8049292 1.6138062 1.3871170 1.3871170 1.5596215 1.9032540 6.7336787 1.6013246 1.6178900 1.6172300 1.6422642 1.7275002 1.6955709 1.9560243 0.8505193 1.9349698 2.1263410 2.3229324 
Spis_XP_022796442_1                                   0.5530082 0.5526417 0.5385996 0.5736936 0.3574078 0.5928907 0.4167110 0.4238684 0.4506318 0.4608172 0.5033340 0.5151608 0.4859471 0.4859471 0.5271936 0.3279613 0.4626268 0.5447695 0.5608848 0.0000000 0.0133625 0.0340032 0.0449136 0.0697119 0.0874826 0.2976402 0.2428612 0.2966670 0.2977355 0.4048980 0.4539140 0.4330870 0.4291039 0.4589411 0.5885658 0.3903509 0.5812748 0.5812748 0.5944084 0.6142872 0.5041352 0.6290987 0.6211661 0.5295430 0.4700224 0.6295986 0.5281726 0.6961796 1.0521769 0.6407444 0.6507744 0.5573137 0.5962545 0.5862345 0.5862345 0.6035264 0.6035264 0.5784233 0.5323785 0.5544387 0.7614857 0.7731086 0.6319890 0.7074554 0.6747320 0.7897672 0.8160378 0.7948149 0.7773224 0.6300598 0.2442985 1.0900102 1.6315552 1.2268499 1.3499954 1.1785465 2.6178724 1.3324367 1.5655936 1.7067431 1.4970003 1.5426247 1.5871424 1.4194664 1.2471161 1.2471161 1.3060420 1.7326988 1.9275723 1.4729239 1.5149890 1.4066321 1.3722908 1.9391118 1.6060901 1.7765564 0.9062595 1.9325089 1.8796978 2.1317166 
Pocdam_XM_027184673.1                                 0.5514204 0.5510579 0.5070994 0.5404992 0.3518912 0.5636422 0.3910445 0.4187423 0.4463928 0.4488737 0.5087970 0.5226555 0.4816148 0.4816148 0.5108089 0.3277714 0.4566603 0.5145245 0.5616461 0.0133625 0.0000000 0.0271326 0.0415277 0.0663387 0.0833962 0.2915087 0.2461280 0.2951055 0.2966565 0.3811865 0.4353940 0.4147468 0.4087967 0.4402508 0.5909703 0.4031992 0.5836911 0.5836911 0.5836911 0.6113812 0.4897566 0.6139575 0.6060593 0.5220292 0.4642848 0.5942134 0.5202650 0.6950915 1.0542378 0.6301919 0.6402425 0.5481426 0.5826231 0.5830846 0.5830846 0.6014789 0.6014789 0.5526535 0.5293191 0.5449369 0.7479524 0.7320604 0.6211832 0.6936977 0.6631543 0.7885277 0.8145465 0.7935466 0.7761653 0.5808205 0.2387980 1.0729424 1.5761597 1.2043286 1.3157278 1.1484325 2.4344627 1.2592166 1.5015157 1.6561648 1.4455798 1.4880067 1.5848977 1.4058804 1.1913314 1.1913314 1.2427169 1.7161638 1.7055322 1.4496608 1.4588401 1.3903246 1.3301629 1.8696842 1.5623415 1.7403961 0.8744234 1.9111549 1.8398749 2.0503193 
Gasp_gasp1.m3.158.m1                                  0.5633538 0.5629654 0.5155937 0.5494353 0.3323369 0.5741243 0.3993666 0.4228371 0.4403249 0.4495496 0.4985035 0.5105514 0.4752142 0.4752142 0.5012886 0.3004120 0.4536875 0.5085253 0.5930733 0.0340032 0.0271326 0.0000000 0.0308580 0.0553660 0.0929062 0.2885448 0.2268295 0.2939649 0.2955399 0.3872377 0.4296862 0.4117646 0.4078205 0.4422651 0.6059751 0.4070443 0.5985659 0.5985659 0.5985659 0.6275464 0.5017307 0.6292843 0.6311796 0.5075757 0.4734845 0.5765435 0.5153921 0.7122798 1.0640492 0.6272676 0.6293146 0.5337463 0.5632494 0.5622197 0.5622197 0.5900764 0.5900764 0.5273884 0.5071944 0.5373674 0.7309004 0.7176564 0.6479400 0.7170598 0.6826327 0.7934582 0.8196906 0.7984668 0.7875549 0.5578508 0.2511854 1.1044909 1.4837183 1.2175450 1.2874171 1.1644738 2.2408140 1.2003879 1.4675572 1.6614435 1.4089301 1.4497559 1.5706862 1.3981044 1.1919332 1.1919332 1.2485097 1.7473984 1.6646703 1.4789818 1.4926025 1.3723233 1.3408629 1.9007743 1.5859389 1.7698187 0.9297870 1.9126844 1.8973973 2.0677877 
Fspp_ffun1.m4.23948.m1                                0.5805773 0.5801474 0.5485917 0.5842206 0.3780183 0.5865339 0.4224383 0.4374452 0.4668978 0.4638939 0.5160184 0.5313852 0.5139527 0.5139527 0.5181943 0.3286877 0.4844337 0.5453864 0.6046885 0.0449136 0.0415277 0.0308580 0.0000000 0.0520338 0.1022359 0.2959541 0.2406844 0.3117431 0.2993883 0.3900610 0.4271856 0.4102425 0.3982732 0.4577438 0.6135748 0.4148347 0.6061309 0.6061309 0.6061309 0.6503600 0.5049546 0.6341068 0.6338733 0.5529115 0.4854152 0.5993289 0.5359302 0.7633629 1.0894281 0.6517218 0.6535824 0.5644324 0.5859264 0.5864029 0.5864029 0.6109670 0.6109670 0.5647408 0.5400450 0.5545409 0.7783560 0.7528202 0.6582106 0.7675029 0.7329425 0.8481123 0.8598808 0.8445152 0.8399925 0.5756660 0.2633613 1.1183419 1.6206879 1.2190335 1.3459704 1.1924146 2.4874815 1.2815912 1.4934429 1.6572534 1.4556719 1.4861936 1.5781130 1.3999816 1.1689380 1.1689380 1.2286389 1.7326868 1.6097678 1.4767211 1.4798232 1.3994618 1.3452613 1.8578620 1.5583645 1.7385796 0.9552918 1.9274924 1.9109409 2.0557748 
Gfas_gfas1.m1.17908.m1                                0.5626842 0.5622923 0.5276480 0.5624341 0.3386474 0.5610943 0.3887407 0.4495136 0.4569120 0.4406939 0.4674042 0.5020138 0.4866676 0.4866676 0.4972270 0.2843769 0.4649889 0.4946285 0.5868753 0.0697119 0.0663387 0.0553660 0.0520338 0.0000000 0.1188524 0.2977895 0.2269985 0.3083272 0.3166933 0.3844395 0.4241106 0.4189292 0.4091581 0.4436965 0.5967956 0.3984234 0.5894490 0.5894490 0.5894490 0.6248174 0.4977042 0.6123373 0.6124467 0.5185670 0.4608827 0.5975836 0.5408913 0.7019872 1.1086189 0.6316457 0.6336738 0.5376277 0.5744391 0.5818283 0.5818283 0.5940209 0.5940209 0.5391038 0.5341084 0.5460728 0.7390579 0.7162603 0.6452987 0.7388297 0.7006846 0.8365379 0.8556222 0.8300281 0.8278182 0.5721445 0.2626474 1.1285466 1.6312751 1.2284141 1.3785493 1.1449374 2.5358990 1.2932971 1.4949043 1.6836797 1.4411709 1.4820172 1.5764665 1.3764692 1.1951383 1.1951383 1.2526909 1.7536023 1.7144054 1.5026476 1.4270078 1.3980281 1.3549128 1.8498387 1.5683613 1.7459999 1.0089377 1.8871730 1.8472839 2.0287613 
Adig_XM_015909444.1                                   0.5611721 0.5607877 0.6201729 0.6573709 0.4710163 0.6158672 0.4769961 0.4784755 0.5377846 0.5399800 0.5645750 0.5986517 0.5736099 0.5736099 0.6098662 0.7333600 0.5838143 0.6106865 0.6038953 0.0874826 0.0833962 0.0929062 0.1022359 0.1188524 0.0000000 0.3212021 0.2829142 0.3655912 0.3749674 0.4360346 0.4746653 0.4677302 0.4907851 0.5405526 0.6393975 0.4960459 0.6480621 0.6480621 0.6480621 0.5891388 0.5605547 0.6715398 0.6645140 0.6436049 0.5605803 0.6544561 0.5728890 0.6751664 1.0708080 0.7105901 0.7120339 0.6340086 0.6471897 0.6428612 0.6428612 0.6337557 0.6337557 0.5981418 0.5455285 0.6009433 0.7596258 0.8175215 0.6416600 0.6800949 0.6518470 0.8937798 0.9236447 0.9060402 0.8870917 0.7455672 0.3155415 1.1744388 3.0074142 1.3152638 1.6115138 1.2413515 3.8053710 1.4693809 1.6473405 1.7557140 1.5437345 1.5771319 1.6917449 1.4509478 1.3245355 1.3245355 1.4160582 1.7251167 2.9832487 1.5332678 1.5502688 1.4076034 1.6238528 1.8333762 1.7205221 1.8749301 0.8855759 2.0060819 1.8355513 2.1743467 
Exapal_XM_021054371.2                                 0.5879596 0.5875214 0.5657370 0.5998239 0.4226494 0.5422664 0.4005461 0.5104208 0.5774734 0.5633734 0.5488521 0.6120269 0.5989177 0.5989177 0.6376856 0.6483954 0.5676024 0.6033240 0.6703375 0.2976402 0.2915087 0.2885448 0.2959541 0.2977895 0.3212021 0.0000000 0.2028477 0.3842579 0.3737209 0.4603127 0.4583463 0.4513164 0.4558393 0.4801357 0.6546171 0.4750741 0.6538876 0.6538876 0.6538876 0.6422927 0.5728335 0.6785837 0.6616152 0.5572084 0.5169741 0.6707308 0.6226972 0.8369504 1.2181462 0.6879246 0.6775148 0.6067916 0.6510532 0.6362128 0.6362128 0.6162509 0.6162509 0.6191890 0.5532880 0.5799649 0.7103493 0.7681247 0.6310991 0.7354771 0.7008673 0.8199006 0.8353222 0.8286526 0.8098650 0.6660652 0.5291499 1.1465662 2.0055611 1.2362450 1.3720669 1.1526722 2.7051357 1.3177165 1.4700723 1.4975281 1.4344512 1.5155165 1.5018520 1.4286194 1.1572143 1.1572143 1.1865517 1.5686720 2.0389216 1.4713621 1.5101580 1.3770100 1.4600204 1.8530532 1.5542337 1.7642612 0.9989800 1.9806482 1.9506683 2.1267622 
Nvec_v1g207760                                        0.5973690 0.5968920 0.5641448 0.6097125 0.4145833 0.5901852 0.4355707 0.5476197 0.5646213 0.5425961 0.5922944 0.6160792 0.5782610 0.5782610 0.6121170 0.5483232 0.5421082 0.6009304 0.7131529 0.2428612 0.2461280 0.2268295 0.2406844 0.2269985 0.2829142 0.2028477 0.0000000 0.3417321 0.3499808 0.4873959 0.4945642 0.4742355 0.4565357 0.4863136 0.6733107 0.4479738 0.6725186 0.6725186 0.6725186 0.6882725 0.5698611 0.6911830 0.6844229 0.5447257 0.5292626 0.6285694 0.5723976 0.8149549 1.1528612 0.7314122 0.7316555 0.6361465 0.6658052 0.6643046 0.6643046 0.6821498 0.6821498 0.6219669 0.5919138 0.6270089 0.8431610 0.8170822 0.6596518 0.7451983 0.7238318 0.8843005 0.8709929 0.8775120 0.8465353 0.6530556 0.4749035 1.2051582 1.8080335 1.2586503 1.4056432 1.2045196 2.6530941 1.2962219 1.4876707 1.5304022 1.4774175 1.6105301 1.6177219 1.4641810 1.2761099 1.2761099 1.3260132 1.7468491 2.0044277 1.4301519 1.5049131 1.4639360 1.4708923 1.9681849 1.6274996 1.7863430 0.8829670 1.9138401 2.0112564 2.0227810 
Dgig_XM_028549929.1                                   0.5846652 0.5842287 0.5250658 0.5650464 0.3831398 0.5549945 0.4355964 0.5048535 0.5351107 0.5014878 0.5652083 0.5924672 0.5432593 0.5432593 0.5686653 0.4197511 0.5303233 0.5832359 0.6652198 0.2966670 0.2951055 0.2939649 0.3117431 0.3083272 0.3655912 0.3842579 0.3417321 0.0000000 0.0661663 0.4519158 0.5024749 0.4706322 0.4987398 0.5363968 0.6540990 0.4835197 0.6757034 0.6757034 0.6757034 0.6840422 0.5846743 0.6830278 0.7045997 0.5190476 0.5036133 0.5521081 0.6006781 0.6665063 1.0311518 0.5839060 0.5899804 0.5564354 0.5820467 0.5712321 0.5712321 0.6201816 0.6201816 0.5638474 0.5507742 0.5353182 0.7973535 0.6237230 0.6329624 0.7151762 0.6914939 0.8549617 0.8331531 0.8403848 0.8084257 0.5844718 0.4542425 1.0874156 1.6192486 1.2190356 1.3150082 1.1713692 2.4608150 1.3074409 1.5712768 1.6502909 1.5299948 1.5684768 1.5426479 1.3182162 1.1999515 1.1999515 1.2682200 1.7788779 2.0474850 1.3993661 1.4688940 1.4164619 1.3435907 1.8708849 1.5572618 1.7950850 0.6617078 1.8059835 2.0046077 2.0057620 
Xesp_014191-T1                                        0.5816322 0.5812053 0.5260284 0.5744932 0.4158117 0.5718379 0.4458179 0.5140910 0.5379214 0.4799081 0.5686639 0.5797525 0.5465534 0.5465534 0.5677962 0.4271474 0.5440314 0.6071584 0.7070716 0.2977355 0.2966565 0.2955399 0.2993883 0.3166933 0.3749674 0.3737209 0.3499808 0.0661663 0.0000000 0.4459255 0.5180759 0.4885290 0.4987809 0.5419832 0.6827449 0.5029129 0.6960586 0.6960586 0.6960586 0.7252109 0.6091928 0.6919079 0.7164294 0.5549670 0.5020400 0.5765475 0.5877464 0.7201481 1.0512222 0.6287808 0.6345391 0.5930682 0.6145830 0.6053456 0.6053456 0.6482937 0.6482937 0.6043580 0.5730504 0.5684402 0.8433694 0.6823159 0.6333950 0.7074516 0.6935265 0.8636946 0.8583863 0.8577554 0.8123517 0.6071808 0.4548076 1.1358329 1.5722566 1.1936669 1.2619278 1.2192886 2.4674299 1.2971549 1.5470602 1.6015736 1.4963349 1.5236912 1.5296889 1.3143680 1.1927105 1.1927105 1.2620716 1.7564128 1.9985984 1.4359768 1.5194794 1.3935016 1.3339821 1.8391832 1.5748900 1.7323907 0.6607055 1.8528407 1.9656377 1.9646430 
Morvir_scaffold26.g66.t1                              0.5885261 0.5822115 0.6130198 0.6447009 0.4286220 0.6849104 0.5687357 0.5065233 0.5471617 0.5236099 0.5485737 0.5456227 0.5516630 0.5516630 0.5403809 0.5556720 0.5257444 0.6181167 0.5929119 0.4048980 0.3811865 0.3872377 0.3900610 0.3844395 0.4360346 0.4603127 0.4873959 0.4519158 0.4459255 0.0000000 0.3805892 0.3694540 0.3750220 0.3937851 0.6342450 0.4906215 0.6388108 0.6388108 0.6493898 0.6251638 0.6197953 0.6028281 0.6216030 0.4306678 0.4683105 0.6629508 0.6818769 0.8584918 1.3917037 0.6562698 0.6635001 0.6167852 0.6595669 0.6287869 0.6287869 0.6292797 0.6292797 0.6026676 0.5966044 0.5860616 0.7533419 0.7293927 0.7157668 0.8315151 0.7513804 0.9788845 0.9558693 0.9770843 0.9669536 0.8037929 0.6411097 1.1146715 2.3888560 1.3771278 1.6619451 1.2971712 2.6014953 1.3225095 1.5764100 1.6212568 1.4027915 1.5130622 1.6750212 1.3845507 1.2460937 1.2460937 1.4616182 1.7751909 2.3446501 1.5417011 1.4485775 1.3379779 1.4710375 1.9410988 1.7270021 1.9025178 0.8984087 1.8236050 1.8305959 2.0991615 
Nemnom_g7412.t1                                       0.7031022 0.6958230 0.6840491 0.7172586 0.5074791 0.7198331 0.5667335 0.4985970 0.5621113 0.5589479 0.6006968 0.5578433 0.5050566 0.5050566 0.6050879 0.4285331 0.5355071 0.6180142 0.5972189 0.4539140 0.4353940 0.4296862 0.4271856 0.4241106 0.4746653 0.4583463 0.4945642 0.5024749 0.5180759 0.3805892 0.0000000 0.0504158 0.0794314 0.2070948 0.7493870 0.5747306 0.7428973 0.7428973 0.7554197 0.7658593 0.7310413 0.7295757 0.7168276 0.5205659 0.4530534 0.6564537 0.6032856 0.8446064 1.3413736 0.6870149 0.6940492 0.6433193 0.6700874 0.6540560 0.6540560 0.6925763 0.6925763 0.6362287 0.5691615 0.5803120 0.8010017 0.7220531 0.7779636 0.8420812 0.7622481 0.9419046 0.9604872 0.9542975 0.9938073 0.6451278 0.6796016 1.3412083 1.7248343 1.3379541 1.4545737 1.2906321 2.6572509 1.3761879 1.6911514 1.6459996 1.4039916 1.5467031 1.4981786 1.3405727 1.3094253 1.3094253 1.5363835 2.0890622 1.9293770 1.6117459 1.5635067 1.3993989 1.3438976 1.9520092 1.6639671 1.7014386 1.0765655 1.9003083 1.9313575 2.1281501 
Rhoesc_Res_000306-T1                                  0.7052588 0.7016299 0.6784430 0.7115494 0.4907610 0.7273163 0.5567559 0.5189510 0.5382771 0.5671886 0.5907820 0.5467944 0.5028605 0.5028605 0.5922447 0.3653396 0.5416921 0.5956709 0.6227378 0.4330870 0.4147468 0.4117646 0.4102425 0.4189292 0.4677302 0.4513164 0.4742355 0.4706322 0.4885290 0.3694540 0.0504158 0.0000000 0.0795829 0.1971008 0.7427099 0.5651908 0.7394293 0.7394293 0.7519686 0.7768223 0.7061298 0.7267023 0.7139550 0.5103755 0.4430683 0.6514243 0.6112572 0.8392949 1.3553925 0.6478411 0.6562226 0.6068525 0.6285987 0.6138905 0.6138905 0.6522516 0.6522516 0.5979413 0.5592662 0.5525450 0.7599460 0.6940324 0.7927408 0.8518932 0.7695271 0.9122739 0.9150381 0.9161069 0.9450045 0.6079283 0.6647121 1.2841328 1.6187932 1.3271467 1.3981883 1.2833530 2.6632395 1.3575574 1.6667541 1.6262996 1.3933505 1.5194633 1.4812210 1.3556749 1.2884370 1.2884370 1.4860926 2.0871185 1.8268071 1.5771250 1.5916870 1.3978431 1.3174400 1.9756666 1.6488830 1.6777453 1.1124936 1.9051320 1.8981936 2.1625552 
Aaur_scaffold303.g2.t2                                0.7027798 0.6954609 0.6789918 0.7201091 0.5007943 0.7165521 0.5636833 0.5401800 0.5787541 0.5823337 0.6095684 0.5854969 0.5527492 0.5527492 0.6267648 0.4391390 0.5452006 0.6304890 0.6375964 0.4291039 0.4087967 0.4078205 0.3982732 0.4091581 0.4907851 0.4558393 0.4565357 0.4987398 0.4987809 0.3750220 0.0794314 0.0795829 0.0000000 0.1923304 0.7894931 0.5762753 0.7829188 0.7829188 0.7954112 0.8271062 0.7424253 0.7542728 0.7340504 0.5360637 0.4565191 0.6822436 0.6334801 0.8943816 1.4658788 0.6464821 0.6614163 0.6126854 0.6266067 0.6068851 0.6068851 0.6218246 0.6218246 0.6082128 0.5839058 0.5645049 0.7535340 0.7250520 0.7475263 0.8146412 0.7480157 0.9551862 0.9635942 0.9648708 0.9856774 0.6830449 0.6908317 1.3069060 1.7158791 1.3657360 1.4466273 1.3178368 2.4780146 1.3225308 1.6533757 1.5973558 1.4234412 1.5418746 1.5208081 1.4222827 1.3130413 1.3130413 1.5095752 2.0919178 1.8865023 1.6349453 1.6178451 1.4138227 1.3627494 1.9784219 1.6741960 1.7249420 1.0420337 1.9404897 1.9193648 2.2428736 
Sanmal_Sma_010395-T1                                  0.7080679 0.7007123 0.6726919 0.7137220 0.5369732 0.7496507 0.5988241 0.5751709 0.5714208 0.6041237 0.6191471 0.6419634 0.5566347 0.5566347 0.6469109 0.5164516 0.5896113 0.6773896 0.6231974 0.4589411 0.4402508 0.4422651 0.4577438 0.4436965 0.5405526 0.4801357 0.4863136 0.5363968 0.5419832 0.3937851 0.2070948 0.1971008 0.1923304 0.0000000 0.7578296 0.5498758 0.7413198 0.7413198 0.7539304 0.8090410 0.6842814 0.7551528 0.7455492 0.5286145 0.4735586 0.6928077 0.6259011 0.8805768 1.4037020 0.6830053 0.6884764 0.6297419 0.6761329 0.6561805 0.6561805 0.6779892 0.6779892 0.6553029 0.6255860 0.6148604 0.7648272 0.7609384 0.8324157 0.8825001 0.8256668 0.9270496 0.9608958 0.9300350 0.9373032 0.7315840 0.7295775 1.2950818 1.6006553 1.3404067 1.5905123 1.3015918 2.3310857 1.2997899 1.6074182 1.6078915 1.4988450 1.5894240 1.5385607 1.3885650 1.3514883 1.3514883 1.4965821 2.0356082 1.9356073 1.6480769 1.6412080 1.4605993 1.3427927 2.0286142 1.7130176 1.8354999 1.1505326 2.0232136 2.0418084 2.3204916 
HoiH23_PlH23_002603-RA                                0.7140656 0.7260704 0.6877376 0.7041391 0.4580364 0.7293565 0.5287905 0.6438657 0.6971296 0.6604846 0.6914877 0.7437990 0.6478242 0.6478242 0.7075638 0.5636350 0.6046951 0.7298575 0.7360971 0.5885658 0.5909703 0.6059751 0.6135748 0.5967956 0.6393975 0.6546171 0.6733107 0.6540990 0.6827449 0.6342450 0.7493870 0.7427099 0.7894931 0.7578296 0.0000000 0.0345484 0.0301434 0.0301434 0.0301434 0.0162512 0.0568401 0.1136584 0.1431287 0.7497574 0.7054750 0.7449861 0.6912068 0.9315107 1.5996412 0.8238482 0.8318889 0.8450644 0.8677212 0.8625339 0.8625339 0.8902140 0.8902140 0.7600345 0.7793886 0.7860902 1.0776318 0.8735495 0.9117090 0.9673137 0.9032418 0.8196342 0.8385670 0.8086950 0.8182916 0.8581181 0.8395863 1.1924415 1.9389429 1.1789138 1.5326303 1.2363048 2.4170509 1.1680305 1.4880096 1.5201123 1.5600457 1.6775110 1.6048815 1.3820102 1.2376486 1.2376486 1.3554994 1.8712642 1.9506410 1.5042867 1.5680693 1.6493478 1.3978325 1.9068381 1.6897979 1.8022627 0.9026400 1.8596065 1.7780077 2.1897578 
Hhon_g11555.t1                                        0.4603470 0.4769484 0.4720039 0.4720039 0.4424826 0.4700701 0.4172677 0.4764030 0.4923703 0.4989565 0.4497827 0.6159366 0.4975111 0.4975111 0.5559684 0.5484203 0.4832387 0.5016754 0.6135455 0.3903509 0.4031992 0.4070443 0.4148347 0.3984234 0.4960459 0.4750741 0.4479738 0.4835197 0.5029129 0.4906215 0.5747306 0.5651908 0.5762753 0.5498758 0.0345484 0.0000000 0.0056502 0.0056502 0.0056502 0.0333145 0.0172535 0.1029956 0.1029956 0.5720318 0.5715299 0.5146029 0.5410907 0.6178713 4.1217235 0.5521253 0.5521253 0.5459774 0.5848206 0.5643480 0.5643480 0.4851893 0.4851893 0.5151953 0.4846346 0.5609069 0.7503655 0.5551934 0.5288774 0.6212675 0.6004129 0.5084156 0.5330493 0.5225644 0.5199986 0.7254367 0.4777736 0.8263074 1.8266271 1.0244675 1.0412095 0.9259450 1.8168069 1.0551740 1.0886535 1.1318224 1.0784733 1.1907515 1.1554759 0.9985681 0.9249197 0.9249197 0.9048879 1.3575567 1.6788250 1.0194311 1.1176989 1.2245730 0.9066604 1.7053657 1.3652925 1.3427352 0.6904479 1.6075024 1.6610629 1.8499739 
Hhon_g06534.t1                                        0.7257455 0.7378360 0.6868268 0.7043422 0.4424826 0.7123797 0.5129766 0.6432052 0.6940967 0.6576137 0.7041167 0.7432854 0.6415238 0.6415238 0.7055400 0.5484203 0.6024417 0.7140668 0.7551694 0.5812748 0.5836911 0.5985659 0.6061309 0.5894490 0.6480621 0.6538876 0.6725186 0.6757034 0.6960586 0.6388108 0.7428973 0.7394293 0.7829188 0.7413198 0.0301434 0.0056502 0.0000000 0.0000010 0.0000010 0.0203410 0.0419519 0.1175554 0.1472845 0.7571806 0.7170083 0.7210782 0.6904318 0.9186959 1.5897868 0.8291552 0.8372279 0.8443541 0.8671013 0.8592527 0.8592527 0.8962367 0.8962367 0.7590620 0.8081955 0.8004749 1.0876754 0.8752676 0.9215155 0.9469052 0.8865273 0.8284978 0.8412279 0.8176144 0.8272394 0.8421318 0.8426069 1.1758272 1.8266271 1.1686062 1.4644952 1.2083736 2.3107858 1.1261808 1.4600423 1.4934794 1.5614156 1.6593357 1.6350455 1.3981070 1.2267325 1.2267325 1.3447235 1.8586997 1.8500030 1.5175308 1.6075926 1.6083592 1.3400714 1.9625734 1.7026577 1.7635898 0.8933230 1.8706310 1.7974763 2.1857355 
