80
Emue_Em0004g139a.t1                                       0.0000000 0.4176392 1.0512948 2.7739113 1.5988805 2.4433819 2.8074990 1.4766673 3.2847703 3.6660787 3.5140873 3.5492778 3.0582789 3.3045452 3.6012136 1.9341334 1.9880754 3.6966499 2.4079976 2.7590360 3.4216973 2.9242942 3.7150773 3.3121860 3.3185717 2.7733764 3.0406710 3.1837125 4.2431962 4.1221574 3.0576059 3.6293551 3.5063440 3.7396798 3.7978789 3.8188272 3.7091240 4.0526037 2.5401493 2.7469304 3.6589926 3.7326584 3.9017055 3.7366499 3.0797366 3.6449353 8.9999986 3.6973065 4.5120470 3.7744324 3.9095823 3.5315591 3.6910248 3.8802399 3.4815464 4.2075124 4.0107603 3.4334687 3.9538248 4.1092992 4.0836517 3.8046313 4.6460065 4.0229520 3.7449359 3.1412700 3.8411571 3.6233272 3.4500847 3.4194462 3.6688568 4.7963085 2.2433597 4.5477371 3.0779566 4.4861460 4.7966625 4.2470733 3.1090077 3.0043245 
Spolac_c88365_g1_i1_m.4968c104539-g1                      0.4176392 0.0000000 1.3460561 1.9732962 1.5595097 1.1915316 2.5260740 2.5568911 0.0000010 2.3859703 3.2167870 3.6012167 2.4571854 2.6436819 3.1522857 2.1013207 2.1425698 2.6276962 1.9728040 2.3315801 2.5660642 2.4627912 1.9499439 1.8291925 2.8080135 2.8173065 2.2541286 2.6458780 2.6712836 2.9178822 2.9319638 2.5356228 2.8946084 2.6073928 2.6706494 2.8520572 1.9386409 1.9081447 2.5318774 2.0299330 1.8411459 2.0132406 2.1646021 2.0094525 2.0721536 2.0020840 0.0000010 0.0000010 0.0000010 2.2788786 2.8342123 2.8342123 3.1749055 4.0261760 3.7061718 3.5960150 3.5178898 3.7465581 3.6538654 3.0393835 1.9959178 2.5213791 2.4724769 2.4371199 1.8164951 2.8072455 3.1152856 3.0299057 2.7028542 2.6994754 3.2100882 3.0224069 1.8695817 4.2118577 2.3726296 2.5895860 3.8375754 3.5450784 3.5187912 1.6145184 
Tetwil_g4456.t1                                           1.0512948 1.3460561 0.0000000 1.7089244 1.2953488 0.9906447 2.0146538 1.7758538 1.1762647 2.2434571 2.5311171 3.3316513 2.2658013 2.6280166 2.8057970 1.7099988 2.5521925 2.2241452 2.0154293 2.2444340 2.4929446 1.8097657 1.6119958 2.0398134 2.7704407 1.8126009 1.7333748 2.1655338 3.0829172 2.8133781 2.3154007 1.8978478 2.8659013 1.8334499 1.8249222 2.7282259 1.6532956 1.6110269 2.3297436 1.5717353 1.4279008 1.8860474 1.9604679 1.7728768 1.6389737 1.5092858 0.7835095 0.8075433 0.5655898 2.1525350 2.7099503 2.5996226 2.9102240 3.3577188 3.7697460 4.3537052 4.3206480 3.3011807 3.0893935 2.1135337 1.4762575 1.9439523 1.9207009 1.8145039 1.8995252 2.0079294 2.4335837 2.3720313 2.0920748 2.1465201 2.4998596 2.2198206 1.8428008 2.7619324 2.9117014 1.7045645 4.1338535 3.3345447 3.6703704 0.9163111 
Stycar_maker-SC_scaffold123823-augustus-gene-0.181-mRNA-1 2.7739113 1.9732962 1.7089244 0.0000000 0.5848869 3.0206772 3.4161383 1.6886890 3.2668913 4.5215411 4.7861132 3.5149487 4.3344595 3.4678066 4.0965265 2.8026275 3.6728914 4.4467252 3.8978773 2.9716212 3.9291443 3.7662692 5.6877493 3.8994668 3.8678752 2.9567572 3.2328088 3.8899439 5.0192752 4.3452178 4.3517125 3.3698342 4.5386180 4.1259880 4.2915339 4.9536169 4.3435954 4.6156078 6.3600319 3.6470835 4.7721653 4.1647809 4.7741547 4.5065726 3.9774101 3.9249836 8.9999990 4.4065467 4.5751842 4.3863176 4.6734359 3.8301789 4.2171142 4.1408178 4.1738716 4.6173632 4.4456047 4.4666945 4.6631923 5.2096708 4.7145113 4.5164396 4.8074826 4.7127163 4.8139613 4.5255993 5.6615992 6.0599106 5.0801411 5.0584705 5.1510653 5.1311745 2.5389196 5.0010405 3.1610480 4.7414536 6.2204998 6.1844224 3.8855770 3.6990864 
Stycar_maker-SC_scaffold73966-snap-gene-0.12-mRNA-1       1.5988805 1.5595097 1.2953488 0.5848869 0.0000000 1.6033807 2.5777203 1.9108196 4.0330414 2.8507696 3.0520470 3.4007626 2.8401772 2.5860125 3.3166494 1.6515802 2.5589678 2.5519674 2.3256106 2.3745332 2.8217903 2.4300347 3.9408399 2.7320402 3.2456229 2.4212129 2.2210162 2.4687786 3.1554198 2.7858449 3.4164543 2.0079052 3.6531921 2.4460145 2.6577524 3.0797248 2.4091751 2.4436607 2.9596822 2.3268165 2.2816896 2.2593941 2.1835458 2.1705314 2.2089665 1.9757246 3.8334899 2.8194174 2.1753252 2.4748400 2.6574135 2.6290994 3.7469947 3.7514816 3.7748902 3.7887658 3.8826288 3.6095252 2.7468346 2.8747009 1.8488338 2.1968061 2.3838849 2.4399436 2.5906583 2.9751427 3.7482172 3.3321892 3.1624648 3.1644132 3.4441526 3.2430880 2.0298061 4.2860849 2.8427727 2.5728514 4.6805534 4.0910043 4.1018257 3.0541630 
Aque_Aqu2.1.06357_001                                     2.4433819 1.1915316 0.9906447 3.0206772 1.6033807 0.0000000 0.0420205 0.9470814 1.7038017 3.2466693 3.0374542 3.3413538 3.0292456 2.6698441 2.5492490 1.1947917 1.1947917 3.0589014 2.3626862 2.7043699 3.0109883 2.3636997 4.6687901 2.5407687 2.1773266 2.1831897 2.5788856 2.3195402 3.6041927 3.2076778 2.7097917 2.7535784 2.7890115 2.7509567 2.7045688 3.1020525 3.2197531 2.9723551 1.0590614 2.3660202 2.9859135 3.4022925 3.2001653 3.2046425 2.7871628 2.9079152 8.9999988 4.2484575 3.5163681 2.4308065 3.4910692 3.0340645 3.8047670 3.5785445 2.5474648 3.9403057 3.8867724 3.5733029 3.4587940 3.5472304 2.8583851 3.4804927 3.7273933 3.2674056 2.7549673 3.0664219 2.9697685 2.9633270 2.9925917 2.9889965 3.1278910 3.3108776 1.7534474 2.7660942 2.5124725 3.7365270 4.3289956 4.0513856 2.0604876 2.9305080 
Aque_Aqu2.1.33640_001                                     2.8074990 2.5260740 2.0146538 3.4161383 2.5777203 0.0420205 0.0000000 1.2343214 1.6666494 3.5538098 3.5633077 3.5856289 3.3862074 2.8304001 3.1273182 2.2434030 3.2498895 3.5372044 3.1287497 3.0362714 3.5658070 2.8464075 4.7048588 2.8740995 2.8389190 2.7910179 2.9247551 2.7490620 4.4767543 3.8382602 3.0260142 2.9643292 3.3839086 3.0466475 2.9692685 3.7236401 3.5917075 3.5019529 3.0789139 2.7614498 3.1951140 3.9808848 3.7620913 3.7394163 3.3313913 3.0731944 8.9999988 4.3145557 3.5140954 2.9545474 3.5052372 3.0548296 3.7289630 3.4850756 3.1500922 4.6554458 4.7115071 3.7939070 3.8943485 3.9039278 2.9877662 3.7718271 3.8618637 3.5554233 3.1222104 3.3982449 3.4146836 3.2559356 3.2131861 3.2109434 3.5259821 3.7603207 2.2993262 3.1092993 3.2487534 3.5381765 4.6383479 4.4910090 4.3004446 2.9429072 
Xestes_maker-XT_scaffold22801-augustus-gene-0.12-mRNA-1   1.4766673 2.5568911 1.7758538 1.6886890 1.9108196 0.9470814 1.2343214 0.0000000 0.6149894 2.7687397 3.0403196 3.3888125 2.8662554 2.4396868 2.6882489 2.8937056 2.7941558 2.4555183 2.9735872 2.3366307 2.5517827 2.6069461 2.0589404 2.2195393 2.5999822 2.1719428 2.2502117 2.3987696 3.2647929 3.1858811 3.3158038 2.7668997 3.1109403 2.9434621 2.5683274 2.6853352 2.5076698 2.4712370 2.1941435 2.3829875 2.1164365 2.2369472 2.0876277 2.2336213 2.0332469 2.0116118 8.9999987 1.8668167 3.0181221 2.6013811 2.6972451 2.6972451 2.4833479 2.8880493 3.5258583 3.6881318 3.6492910 3.8808613 3.3751411 2.6362772 2.0376982 2.1644140 2.3154431 2.2902051 2.4846617 2.6115243 2.8203882 2.7643335 2.6483169 2.6386136 2.6450925 3.4451359 2.5177183 3.2062685 2.8148841 2.8501485 4.6562579 4.1202844 4.1290907 1.5861425 
Halamb_c42901_g1_i3m.15452                                3.2847703 0.0000010 1.1762647 3.2668913 4.0330414 1.7038017 1.6666494 0.6149894 0.0000000 4.1540149 4.2480508 3.9877495 3.7567483 3.4223900 3.5136150 0.0000010 0.0000010 4.1627327 2.8213625 2.6548635 4.6440118 3.0406908 4.8776265 3.6155430 3.0798877 3.4576570 2.6643461 3.7821837 4.9315979 4.7333952 3.5247554 3.5230651 3.1683558 4.2829521 4.2829521 4.9979310 4.5833919 4.2971971 0.0000010 3.0796915 4.0545622 4.2968135 3.8153671 3.7390608 4.0887629 3.3798309 8.9142290 3.9004749 3.7837141 3.4910378 4.8172338 4.1489143 4.6990818 3.8987398 2.4996966 5.7626786 5.8729583 4.0081721 3.7182719 4.7344953 4.6992735 5.5650152 5.2816546 4.3718831 4.8953908 3.9809056 3.7488979 3.9301604 3.8463675 3.8398888 4.2922542 4.6023876 3.4434466 3.6525009 4.5866313 5.1186637 4.6912423 3.7629924 3.3693253 3.2792452 
Acaspe_EP00035_Acanthoeca_spectabilis_P020032             3.6660787 2.3859703 2.2434571 4.5215411 2.8507696 3.2466693 3.5538098 2.7687397 4.1540149 0.0000000 0.8638349 0.6745548 1.4003337 1.5561645 2.6110717 1.5435609 1.5843737 3.1608954 2.1943893 2.9341355 3.0094662 2.8861518 5.3360495 3.0563942 2.3610216 2.8957332 2.6029541 2.9430207 3.8241281 4.0313958 3.3820606 3.3228963 3.0611610 2.8313185 2.6460363 3.0577476 2.9339682 2.9210540 1.9097581 2.2448511 2.7625701 2.8815537 3.0586317 2.8831703 2.9935338 2.7072620 8.9999989 4.6912265 3.5648483 3.2052719 3.7565278 3.1121104 3.3038955 3.6030826 2.5927949 3.3217906 3.1949098 2.8008678 3.8247111 4.1074991 3.7983807 3.3343206 3.7908868 3.9590361 3.2219977 3.1942535 4.8237876 4.9160124 4.6742076 4.6707122 4.7318391 4.1662667 2.1578125 3.5518435 2.9856309 3.7269069 4.3372960 3.9808836 3.9646244 3.1963446 
Helnan_EP00037_Helgoeca_nana_P012449                      3.5140873 3.2167870 2.5311171 4.7861132 3.0520470 3.0374542 3.5633077 3.0403196 4.2480508 0.8638349 0.0000000 0.2523613 1.5428904 1.6274292 2.5358475 1.9194998 3.0943802 3.0815348 2.6673044 3.4753701 3.0124466 2.8391414 4.1463927 3.0611759 3.0697641 3.6030017 2.9647330 3.1946553 4.1705784 4.0267515 3.6902135 3.2395039 3.3268610 3.1300894 2.9765759 3.5610389 2.8902847 2.8244532 3.0545355 2.3437595 2.8137804 3.0225904 2.6892141 2.7585046 3.1291137 2.9194266 8.2444240 4.0982235 3.1739863 3.6219274 3.4930225 3.0722137 3.8306438 4.2333840 3.9888673 4.0578757 3.9489005 3.6338778 3.6584332 3.5091654 3.2612451 3.0919823 3.6074434 3.6260303 3.2286770 3.6569006 4.5878002 4.7101680 4.4786959 4.4728594 4.5188329 4.6783704 2.7165099 4.1140021 2.9572326 3.7493880 4.3975773 4.4563684 4.8881827 2.6155965 
Helnan_EP00037_Helgoeca_nana_P012450                      3.5492778 3.6012167 3.3316513 3.5149487 3.4007626 3.3413538 3.5856289 3.3888125 3.9877495 0.6745548 0.2523613 0.0000000 1.1894640 1.2562629 2.8107071 3.2978576 3.2978576 3.3341852 2.6142250 3.1844807 3.2519727 2.7186253 3.4319097 2.7132522 2.7132522 3.8833782 2.9648355 3.0189532 4.8123797 5.0656766 4.1706044 3.4613240 3.8613301 4.0224168 4.1117841 4.3417294 2.7278108 2.8456066 8.9999982 2.9671874 2.9138179 2.9329831 2.9329831 2.9231432 2.8452009 2.7729910 8.9999990 2.8858912 2.7712091 3.4288559 3.2728420 3.2728420 3.8646481 3.9416301 4.2658844 4.5033367 4.2939385 3.9871611 4.1137431 3.6145813 3.3924823 3.2046614 4.2213452 3.7207806 3.9304458 4.3808319 5.1547530 4.8797327 4.8670821 4.8670821 5.0758879 5.0633499 3.1113005 2.9554917 3.4162128 4.4414910 5.4681400 5.6734166 4.4735774 1.9556433 
Stedip_EP00041_Stephanoeca_diplocostata_P033854           3.0582789 2.4571854 2.2658013 4.3344595 2.8401772 3.0292456 3.3862074 2.8662554 3.7567483 1.4003337 1.5428904 1.1894640 0.0000000 1.5199862 2.7502496 1.4551559 1.7404310 2.8809589 2.4058857 2.8590756 2.8373507 2.6503549 2.9259470 2.8234183 2.6872369 2.8965947 2.4790873 2.5904747 3.8299551 3.6325198 2.9743657 3.4294132 3.2367374 2.7074125 2.6077128 3.0554348 2.8573176 2.9052645 1.9643307 2.2966185 2.5878044 2.9532791 3.1439756 2.8161052 3.0543109 3.0682552 8.9999987 4.7373270 3.2313986 3.3233842 3.4762187 3.2010688 3.5709908 3.8224141 3.7233993 3.8272733 3.6617731 3.4553573 3.4498938 3.1906096 3.1227283 3.1421369 3.6279032 3.1979647 3.0662332 3.0540643 4.1825630 4.4047314 3.6016515 3.6026256 4.0830627 4.5749008 2.3672357 4.2038224 2.9936512 3.1286864 4.7524414 4.0789309 4.5345026 2.7615943 
Diagra_EP00040_Diaphanoeca_grandis_P027195                3.3045452 2.6436819 2.6280166 3.4678066 2.5860125 2.6698441 2.8304001 2.4396868 3.4223900 1.5561645 1.6274292 1.2562629 1.5199862 0.0000000 2.6259361 2.3028637 1.9962874 2.4754828 2.2230182 3.0810640 2.6585632 2.5302946 2.7703652 2.7349552 2.7551397 3.7060150 2.4074902 2.5011241 3.4989696 3.0370150 3.3615770 2.9009752 2.9080361 2.2275516 2.1509347 2.9225516 3.0083663 3.1272532 2.5132968 2.3765697 2.8105959 2.8011658 2.7630273 2.7526758 2.7485938 2.5996651 8.9999980 3.6447168 2.8154536 3.3832502 2.8886210 2.6574305 3.0839926 3.7376611 2.6275309 3.5708342 3.4311925 3.1654226 3.1015135 3.3695540 3.3841037 3.2076292 3.5662082 3.4210711 3.1372661 3.0737062 4.8757546 4.9846686 4.6872269 4.6877055 4.1679593 3.8013608 2.1973834 3.5826363 3.2009897 2.9564246 3.7232466 3.6451786 4.0774064 2.7913139 
Mylflu_EP00047_Mylnosiga_fluctuans_P019054                3.6012136 3.1522857 2.8057970 4.0965265 3.3166494 2.5492490 3.1273182 2.6882489 3.5136150 2.6110717 2.5358475 2.8107071 2.7502496 2.6259361 0.0000000 1.5298132 1.8671649 3.0188148 2.4891134 2.6254064 3.0639269 2.1995963 5.0372093 3.5535953 3.3210404 3.2531258 3.6949412 2.5561244 5.2112811 3.7139434 3.6494563 3.2019394 3.1260012 3.1113112 2.8567454 3.3969296 4.1680289 4.0422483 3.3168993 3.0239439 3.6955864 4.4840771 4.2323066 4.0748890 3.8211787 3.6023563 8.9999985 5.8513682 4.5756885 4.1113905 3.9845748 3.5949316 4.7684925 4.9766735 4.5792548 4.5739538 4.4812931 4.1377440 4.2084076 4.4724275 4.4361855 4.6820577 5.0224741 4.7430094 4.0193119 4.3207597 5.2562550 4.7989445 4.9175557 4.9209200 4.8601626 6.2708371 2.7418826 4.6116815 3.3185902 4.9586750 4.5239849 3.9336175 4.1898704 2.4130390 
Salpun_EP00053_Salpingoeca_punica_P016540                 1.9341334 2.1013207 1.7099988 2.8026275 1.6515802 1.1947917 2.2434030 2.8937056 0.0000010 1.5435609 1.9194998 3.2978576 1.4551559 2.3028637 1.5298132 0.0000000 0.1504263 2.3515403 1.3813960 1.3968443 2.0525942 1.8311523 1.6200995 1.6313409 1.9917080 1.8775920 2.0875528 2.0177804 3.2545204 2.7725807 3.0953006 1.9146909 3.0099371 1.7814346 1.8061927 2.4585623 2.1809569 2.0186801 1.8575151 1.8222687 1.4764811 1.9700053 1.8856654 1.9596634 1.7249173 1.6895422 0.0000010 0.0000010 0.0000010 2.2726695 3.1324725 3.1324725 3.7976972 4.7028281 4.7634536 5.2482920 5.1330732 3.4087613 3.0449307 2.8272860 1.6382976 2.3813882 1.6263672 1.6463379 1.8591772 2.4362569 4.0779375 3.9146276 3.2758005 3.2797226 3.4688437 3.3773329 3.1310208 6.1066365 2.3857569 1.9130628 3.9396714 3.8963395 3.1890563 0.7219816 
Salpun_EP00053_Salpingoeca_punica_P016543                 1.9880754 2.1425698 2.5521925 3.6728914 2.5589678 1.1947917 3.2498895 2.7941558 0.0000010 1.5843737 3.0943802 3.2978576 1.7404310 1.9962874 1.8671649 0.1504263 0.0000000 2.0200429 1.9742945 2.0720722 2.5630973 2.2486782 1.6200995 2.1394766 2.4417151 1.8996167 1.8604311 1.8369043 3.7630399 3.1575701 3.0431181 2.3626787 2.7236212 2.5557958 2.1929803 2.0023949 2.4908912 2.4501032 2.3021229 2.5385653 2.4293633 2.7184086 3.0629084 2.7035047 2.0598108 2.1523000 0.0000010 0.0000010 0.0000010 2.7748474 3.1324725 3.1324725 3.8831172 3.8602244 4.1430938 4.5522183 4.4248488 3.6333748 3.8156774 3.1075835 1.9915440 2.9218744 2.4936661 2.6099049 2.5379527 2.7858069 4.4243349 4.2485946 3.9840130 3.9872558 3.9935335 3.9726180 3.1154342 4.1189127 3.1801474 2.3984959 3.7743520 3.6572333 4.6843306 0.7219816 
Salurc_EP00051_Salpingoeca_urceolata_P035624              3.6966499 2.6276962 2.2241452 4.4467252 2.5519674 3.0589014 3.5372044 2.4555183 4.1627327 3.1608954 3.0815348 3.3341852 2.8809589 2.4754828 3.0188148 2.3515403 2.0200429 0.0000000 2.2888359 2.1338984 3.0201943 2.2677835 4.5623318 3.9130563 3.7812248 3.7751337 3.3848999 2.4877043 4.6737469 3.5498980 3.2902561 3.6143437 3.3223334 2.9041752 2.7263957 3.0960217 3.4237960 3.7704513 2.3717223 2.8121091 3.6753390 4.0735019 3.8811464 3.7378953 3.2452883 3.2715593 8.9999984 5.8487520 4.6537415 3.9590676 3.7603109 3.3163013 3.8712946 4.1577476 4.3177722 4.3537587 4.2619899 3.7458809 4.0170583 4.2596595 3.9814381 3.7869461 3.8781175 3.9177053 3.7572959 3.3713783 4.9255073 4.8810226 4.4852181 4.4850184 5.3663326 4.9076829 3.2241931 4.5148937 3.4601332 4.3054897 4.1510713 4.1752669 4.5463450 3.2569791 
Salmac_EP00052_Salpingoeca_macrocollata_P004543           2.4079976 1.9728040 2.0154293 3.8978773 2.3256106 2.3626862 3.1287497 2.9735872 2.8213625 2.1943893 2.6673044 2.6142250 2.4058857 2.2230182 2.4891134 1.3813960 1.9742945 2.2888359 0.0000000 1.9557589 2.3830296 1.8154310 1.9140564 2.3551978 2.7135474 3.1143591 2.5087823 2.6283993 3.2757813 3.4968279 3.3689689 2.3431594 3.0082920 2.4086235 2.4458487 2.7175807 3.1201766 3.0176904 2.8642881 2.8024614 2.7436284 2.8485835 2.6382926 2.5873767 2.6169273 2.6424020 8.9999986 3.8476192 3.1425464 2.9596074 3.4065853 3.3096584 4.0656338 4.7057366 4.6014656 3.7828305 3.6615627 3.2272443 3.3464154 2.9414842 2.7965937 2.8437877 3.0732512 3.2446167 2.4714874 2.8201640 4.7621385 4.7525573 4.2424751 4.2482982 4.4918618 3.8827222 2.6067114 2.9290352 2.8520074 3.3024224 3.7242515 3.8818609 3.6012231 1.6954897 
Saldol_EP00054_Salpingoeca_dolichothecata_P008319         2.7590360 2.3315801 2.2444340 2.9716212 2.3745332 2.7043699 3.0362714 2.3366307 2.6548635 2.9341355 3.4753701 3.1844807 2.8590756 3.0810640 2.6254064 1.3968443 2.0720722 2.1338984 1.9557589 0.0000000 2.6850978 2.1863467 4.9569111 2.8942195 2.8856673 2.7700800 2.7452220 2.1856128 4.1806086 3.8562358 3.1555054 2.8433421 3.0104319 2.7022788 2.6622465 3.1235226 3.1636930 3.0952483 3.0593719 2.4617151 2.8293501 3.1526765 3.0446759 3.0421927 2.8361178 2.9071363 8.9999988 4.0603668 3.6603122 3.0242856 3.7032703 3.4708651 3.7096455 3.5555932 4.7931387 4.1200611 4.0618404 3.8422966 3.3045685 3.9346813 3.6051359 3.5596051 3.9348766 3.5940325 3.5198676 3.4805595 4.1560295 3.9385192 3.7109545 3.7127787 4.3771364 5.4593687 2.3040103 2.8035033 3.0106269 3.8644597 5.1927712 4.8379296 3.4788766 2.3926246 
Codhol_EP00042_Codosiga_hollandica_P045566                3.4216973 2.5660642 2.4929446 3.9291443 2.8217903 3.0109883 3.5658070 2.5517827 4.6440118 3.0094662 3.0124466 3.2519727 2.8373507 2.6585632 3.0639269 2.0525942 2.5630973 3.0201943 2.3830296 2.6850978 0.0000000 2.9121303 8.9999984 3.8080480 3.4726152 3.2124696 3.3080755 3.1788446 5.2163019 4.1757472 3.2539233 3.4631040 3.2027033 2.6862910 2.6240658 3.1353439 4.0472773 4.1102967 3.0716970 3.1187488 4.3156960 4.4791108 4.3941524 4.1397937 3.7702516 3.5009191 8.9999981 4.3159148 5.2450371 3.7590957 3.4915890 3.0287530 3.6773493 3.7853067 3.5156302 4.3656080 4.2318093 3.2138019 3.5762208 4.1719863 4.3296213 3.7271353 4.1582528 4.1066492 3.5614974 3.2980953 4.9533363 4.7349564 4.5817504 4.6362128 5.0091854 5.6317902 2.6540513 4.1164168 2.9200072 3.7081771 5.7273928 5.7624081 3.8736268 2.7382317 
Salkve_EP00050_Salpingoeca_kvevrii_P001072                2.9242942 2.4627912 1.8097657 3.7662692 2.4300347 2.3636997 2.8464075 2.6069461 3.0406908 2.8861518 2.8391414 2.7186253 2.6503549 2.5302946 2.1995963 1.8311523 2.2486782 2.2677835 1.8154310 2.1863467 2.9121303 0.0000000 3.5345967 2.6082539 2.8362806 2.7082578 3.3385305 2.6140108 4.0462226 4.1471544 3.4416899 2.7004914 3.1882695 3.0425944 2.9771835 3.0493233 3.4201354 3.4043601 2.9754378 2.8730708 2.8658202 3.6519923 3.4355767 3.3513485 3.2263650 3.1635688 8.9999983 5.1837176 3.9573151 3.5329729 3.2737952 2.9345314 3.8173866 3.6472175 4.0943024 3.9243431 3.8364583 3.9397508 4.2795682 3.8523763 3.5431467 3.1078584 3.7631538 3.6664199 3.4180460 3.6151943 4.6914964 4.4767207 4.3265809 4.2795381 4.5224538 4.7879069 2.6836424 3.8884846 3.0882689 3.8866566 4.6408593 4.3210948 3.9418004 2.3478590 
Spur_XM_030989792.1                                       3.7150773 1.9499439 1.6119958 5.6877493 3.9408399 4.6687901 4.7048588 2.0589404 4.8776265 5.3360495 4.1463927 3.4319097 2.9259470 2.7703652 5.0372093 1.6200995 1.6200995 4.5623318 1.9140564 4.9569111 8.9999984 3.5345967 0.0000000 0.0966565 0.7794133 1.6332404 4.7066363 3.0537564 4.6662747 2.9102145 3.5952983 3.5380751 3.7354758 2.6686083 2.6686083 4.3259453 4.3239338 4.2429569 2.2273847 2.7712928 3.7531572 4.5556933 3.9493261 4.1704572 3.1221578 3.8189573 5.7597193 5.5370351 3.1818901 2.7848516 5.4634229 8.2610807 4.4709720 5.3098294 8.5104523 3.8798874 3.8154913 6.0136574 4.7378857 4.2593411 4.2220014 3.5196746 3.6804966 3.6616505 4.1164595 2.2406886 4.2337634 4.3080488 4.6613304 4.6015499 3.9649480 3.6954348 3.6807384 6.5362951 1.8472632 3.8227290 5.0854532 4.4661837 2.9826656 5.8379980 
Spur_XM_030993558.1                                       3.3121860 1.8291925 2.0398134 3.8994668 2.7320402 2.5407687 2.8740995 2.2195393 3.6155430 3.0563942 3.0611759 2.7132522 2.8234183 2.7349552 3.5535953 1.6313409 2.1394766 3.9130563 2.3551978 2.8942195 3.8080480 2.6082539 0.0966565 0.0000000 0.0467192 2.5409925 3.5643209 3.1469933 3.7880050 3.1264991 2.9273181 2.5779835 3.5011125 2.8103702 2.8133519 4.1877420 3.5064714 3.4216992 2.2749852 2.6135325 3.3359444 3.4973846 3.5789413 3.5521252 3.4144993 3.1587676 8.9999989 4.5416249 3.3751526 2.6709283 3.3126128 2.8484462 3.4946614 3.9542736 3.3146996 3.6755464 3.7021549 3.7158243 3.3487390 4.4041714 3.3261523 3.3618407 3.6488186 3.3566553 3.3253586 3.1357778 4.5877263 4.5751832 4.2341271 4.2199772 4.2129607 4.2618909 2.1359408 3.4120826 3.2126230 3.9087147 5.5295489 5.2548937 3.5016882 3.5400730 
Spur_XM_030990353.1                                       3.3185717 2.8080135 2.7704407 3.8678752 3.2456229 2.1773266 2.8389190 2.5999822 3.0798877 2.3610216 3.0697641 2.7132522 2.6872369 2.7551397 3.3210404 1.9917080 2.4417151 3.7812248 2.7135474 2.8856673 3.4726152 2.8362806 0.7794133 0.0467192 0.0000000 2.7345535 2.9824983 3.0085299 3.6026280 3.1296032 2.7271930 2.5286890 3.3869499 2.9957258 2.9566117 4.2425964 3.1227260 3.0273914 3.2431256 2.8509493 3.1899654 3.3987979 3.6955999 3.4206161 3.2349208 2.8821709 8.9999980 4.5259610 3.3143093 2.6928119 3.2730613 2.8484462 3.3538690 3.6628661 3.1284460 3.6119303 3.7033635 3.4879376 3.5609746 4.2769953 3.0792387 3.6764479 3.6624753 3.3172952 3.1275864 3.2650607 4.8678721 4.7741270 4.2054705 4.2058900 4.2162575 4.1717723 2.5938183 2.6619102 3.4049705 3.8100081 5.1647213 5.1225224 3.6548078 2.8888279 
Opea_EP00118_Oscarella_pearsei_P017818                    2.7733764 2.8173065 1.8126009 2.9567572 2.4212129 2.1831897 2.7910179 2.1719428 3.4576570 2.8957332 3.6030017 3.8833782 2.8965947 3.7060150 3.2531258 1.8775920 1.8996167 3.7751337 3.1143591 2.7700800 3.2124696 2.7082578 1.6332404 2.5409925 2.7345535 0.0000000 2.0473628 2.5933341 3.6470369 3.2754042 3.2192491 2.7733440 3.5909517 3.5696638 3.3800573 3.7501869 2.9857053 2.8534876 2.3510818 2.8485258 2.7800740 2.8094115 2.9075539 2.8303009 2.7980222 2.2565589 7.7428792 3.6665338 4.1043361 2.5387917 2.8391290 2.8803763 3.5308585 3.4615705 3.1243233 4.0229066 3.8015423 3.4498727 3.7481498 4.1407952 2.9591025 3.4320541 3.4717664 3.3719599 2.9365035 2.9815357 3.8991039 3.9460377 3.4179726 3.4179726 3.4969362 4.2025522 2.8356633 2.9295911 3.1716153 3.4706856 5.0452921 4.7211171 2.9722761 3.0349715 
Plajan_Pjan_C560488_01                                    3.0406710 2.2541286 1.7333748 3.2328088 2.2210162 2.5788856 2.9247551 2.2502117 2.6643461 2.6029541 2.9647330 2.9648355 2.4790873 2.4074902 3.6949412 2.0875528 1.8604311 3.3848999 2.5087823 2.7452220 3.3080755 3.3385305 4.7066363 3.5643209 2.9824983 2.0473628 0.0000000 2.6933601 3.9418503 3.1540279 2.9611548 3.1311759 3.4889161 3.4314257 3.2871337 3.1985493 3.0153523 3.0930351 2.1504512 2.4380172 2.9108613 2.8556814 3.0539800 2.9441790 2.3771632 2.4976865 5.8564768 2.6923896 3.1414574 2.6573012 3.0195383 2.8443339 3.4602600 3.3195394 2.5191569 3.7837947 3.6059410 3.2474683 3.3562773 3.6107414 3.1769122 2.8333832 3.7346444 3.0851684 3.1644418 2.6925790 3.9344249 3.9789277 3.6134364 3.6248296 3.9362476 3.5471544 2.5161910 3.9065876 2.8794509 3.3874731 4.4584795 4.1593918 3.4384955 3.6986178 
Didcos_EP00039_Didymoeca_costata_P030475                  3.1837125 2.6458780 2.1655338 3.8899439 2.4687786 2.3195402 2.7490620 2.3987696 3.7821837 2.9430207 3.1946553 3.0189532 2.5904747 2.5011241 2.5561244 2.0177804 1.8369043 2.4877043 2.6283993 2.1856128 3.1788446 2.6140108 3.0537564 3.1469933 3.0085299 2.5933341 2.6933601 0.0000000 4.4702548 3.6892536 3.3315302 3.2405745 2.7401306 3.0432510 2.9360640 3.6870889 3.3476371 3.2658367 2.3619721 2.5016249 2.9188836 3.2458120 3.2344650 3.0821542 3.0248316 2.8591254 8.9999981 4.4070396 3.6089892 3.2517409 3.7024370 3.2515413 3.4271965 3.7687731 3.3334175 4.2505983 4.2231516 3.4984172 3.7679686 3.6836663 3.7471277 3.1054796 3.8374451 3.4860175 3.4510375 3.6715375 3.2692655 3.1701067 3.2240590 3.2209364 3.4563450 4.9149838 2.2002668 3.5667057 2.8798360 3.0446129 4.1330581 3.8967559 4.1258086 2.8702840 
Acagra_model.g7935.t1                                     4.2431962 2.6712836 3.0829172 5.0192752 3.1554198 3.6041927 4.4767543 3.2647929 4.9315979 3.8241281 4.1705784 4.8123797 3.8299551 3.4989696 5.2112811 3.2545204 3.7630399 4.6737469 3.2757813 4.1806086 5.2163019 4.0462226 4.6662747 3.7880050 3.6026280 3.6470369 3.9418503 4.4702548 0.0000000 2.6826456 3.0096513 3.7621279 4.1510134 3.4543138 3.3235367 4.4486796 4.2211404 4.2461988 2.6917168 2.9937406 3.8720245 3.8559280 4.3341058 3.8913507 3.8015815 3.1906433 8.9999986 3.8917318 4.6059552 3.8272673 4.8981605 4.3713049 4.3269830 4.7313462 6.0103670 5.9400470 5.6879945 3.9135758 3.4528721 3.5804152 3.9082904 4.6869582 4.5263917 4.1604609 3.4889711 3.6313775 5.1000490 5.1288219 4.1716999 4.1767451 4.4168873 4.7069312 2.7467630 4.8048658 3.5782705 3.7436726 4.6177984 5.4111880 4.6452970 5.3367822 
Cgig_XM_020074657.2                                       4.1221574 2.9178822 2.8133781 4.3452178 2.7858449 3.2076778 3.8382602 3.1858811 4.7333952 4.0313958 4.0267515 5.0656766 3.6325198 3.0370150 3.7139434 2.7725807 3.1575701 3.5498980 3.4968279 3.8562358 4.1757472 4.1471544 2.9102145 3.1264991 3.1296032 3.2754042 3.1540279 3.6892536 2.6826456 0.0000000 2.8786635 3.6250389 3.8945495 3.1906783 3.0234556 4.3461454 3.7822197 3.6295957 3.5479912 2.9835615 3.5836295 4.0710291 3.9662850 3.7001429 3.7103881 2.9198650 8.9999988 4.8144400 3.9443191 3.3681082 3.6847502 3.6902275 3.9263662 4.6509545 4.1429753 4.8910186 4.6583224 4.2635407 3.2350732 4.0741719 3.2903560 4.2934390 3.8345080 3.5794574 3.3092711 3.6794442 5.2480882 5.1083887 4.7420622 4.7283175 5.3945797 4.3592161 2.7403232 4.1911969 3.5771133 3.8690148 4.5141328 4.5714389 5.0652055 4.2645723 
Tcas_TC006118_001                                         3.0576059 2.9319638 2.3154007 4.3517125 3.4164543 2.7097917 3.0260142 3.3158038 3.5247554 3.3820606 3.6902135 4.1706044 2.9743657 3.3615770 3.6494563 3.0953006 3.0431181 3.2902561 3.3689689 3.1555054 3.2539233 3.4416899 3.5952983 2.9273181 2.7271930 3.2192491 2.9611548 3.3315302 3.0096513 2.8786635 0.0000000 3.2359577 3.0272289 3.1956073 3.1514151 3.5267200 3.3886807 3.3630290 3.4114391 3.0307490 3.3140248 3.7412674 3.4058887 3.3911987 3.1753846 3.2065274 8.9999985 4.5401483 3.2200172 3.1275894 4.5349800 4.0173268 3.2373778 3.4425407 2.8688606 3.5490455 3.5571207 3.4405455 3.2684792 3.2097930 2.8040052 3.2970086 3.4787368 3.1087600 3.6436394 3.6101135 3.1880593 3.3791998 3.1120049 3.1120049 3.2143978 3.7255823 3.0944388 3.2156391 3.6325056 2.9088147 4.9353716 4.7770398 3.6363454 3.6194344 
Hsap_ENST00000319977                                      3.6293551 2.5356228 1.8978478 3.3698342 2.0079052 2.7535784 2.9643292 2.7668997 3.5230651 3.3228963 3.2395039 3.4613240 3.4294132 2.9009752 3.2019394 1.9146909 2.3626787 3.6143437 2.3431594 2.8433421 3.4631040 2.7004914 3.5380751 2.5779835 2.5286890 2.7733440 3.1311759 3.2405745 3.7621279 3.6250389 3.2359577 0.0000000 3.4537968 3.1396721 3.1631622 3.7939820 3.3862947 3.2058414 2.2397568 2.3398526 3.0525579 3.2145808 3.2474301 3.0849972 3.0985580 2.9600033 7.5771080 3.6440829 3.9896688 2.4769335 3.9148260 3.4498926 3.8218266 4.1760444 3.4185597 4.2553064 4.0611080 3.6459927 2.9163633 3.7028162 3.1151818 3.2954965 3.9645604 3.7445705 3.2854083 3.5024196 4.1442922 4.3998140 4.0201947 3.9703253 3.5627285 4.3192647 2.1520173 3.7121294 2.7478893 3.6844825 4.3437971 4.9117509 3.2322236 3.7653813 
Salinf_EP00049_Salpingoeca_infusionum_P001197             3.5063440 2.8946084 2.8659013 4.5386180 3.6531921 2.7890115 3.3839086 3.1109403 3.1683558 3.0611610 3.3268610 3.8613301 3.2367374 2.9080361 3.1260012 3.0099371 2.7236212 3.3223334 3.0082920 3.0104319 3.2027033 3.1882695 3.7354758 3.5011125 3.3869499 3.5909517 3.4889161 2.7401306 4.1510134 3.8945495 3.0272289 3.4537968 0.0000000 1.5316488 1.5132195 1.8121561 4.2856270 4.3708617 2.6723521 3.3104218 4.1611489 3.8729231 3.9677654 3.6854320 3.5360640 3.8388273 8.9999984 5.3215063 3.9037228 3.4959831 3.8034422 3.4591229 3.9521162 3.9375836 4.3677107 4.0890989 3.9567105 3.4084230 3.4700789 3.7339656 4.2121891 4.2767637 4.2402690 3.8803390 3.5408839 3.6041258 5.0410041 4.6014009 4.4544071 4.4333430 4.6171440 5.8228677 2.6637838 4.0320493 4.0433766 3.6594490 3.8581398 3.9347591 4.1849425 3.6629002 
Microa_EP00043_Microstomoeca_roanoka_P005710              3.7396798 2.6073928 1.8334499 4.1259880 2.4460145 2.7509567 3.0466475 2.9434621 4.2829521 2.8313185 3.1300894 4.0224168 2.7074125 2.2275516 3.1113112 1.7814346 2.5557958 2.9041752 2.4086235 2.7022788 2.6862910 3.0425944 2.6686083 2.8103702 2.9957258 3.5696638 3.4314257 3.0432510 3.4543138 3.1906783 3.1956073 3.1396721 1.5316488 0.0000000 0.1340806 0.7810728 3.3007329 3.2889114 2.5381841 3.0876187 3.1560514 3.0069812 2.7737128 2.9307512 3.2017356 3.1240076 8.9999981 4.7886745 3.9554361 3.1646244 3.6891988 3.4199930 4.1961316 4.4973910 4.3876733 4.2045241 4.0722856 3.3825844 3.2364157 2.9249850 3.1528741 3.6312974 3.5251968 3.3150299 2.9595961 3.0951696 4.4177206 4.4641353 4.2612169 4.2571111 4.4746380 4.4195484 2.5308397 4.0661878 2.9548005 3.2579303 3.2815460 3.6570929 2.7363131 3.1033025 
Microa_EP00043_Microstomoeca_roanoka_P005711              3.7978789 2.6706494 1.8249222 4.2915339 2.6577524 2.7045688 2.9692685 2.5683274 4.2829521 2.6460363 2.9765759 4.1117841 2.6077128 2.1509347 2.8567454 1.8061927 2.1929803 2.7263957 2.4458487 2.6622465 2.6240658 2.9771835 2.6686083 2.8133519 2.9566117 3.3800573 3.2871337 2.9360640 3.3235367 3.0234556 3.1514151 3.1631622 1.5132195 0.1340806 0.0000000 0.7951188 3.1144364 3.1333457 1.9258553 2.9422411 2.8786078 2.8586887 2.7452904 2.8114815 3.0485113 3.1108362 8.9999981 4.7886745 3.9554361 3.0145385 3.6510182 3.3823205 3.8752423 4.1711929 4.3821912 3.8459894 3.7482246 3.2178732 3.3161899 2.8770632 3.1967965 3.4771439 3.2604168 3.2246314 2.7758262 3.0324437 4.2793020 4.2010647 4.0038603 4.0000975 4.5372048 4.4505452 2.4640119 4.2383764 3.1390454 3.2796512 3.1470035 3.4949968 2.7108162 3.1033025 
Sros_EGD76701                                             3.8188272 2.8520572 2.7282259 4.9536169 3.0797248 3.1020525 3.7236401 2.6853352 4.9979310 3.0577476 3.5610389 4.3417294 3.0554348 2.9225516 3.3969296 2.4585623 2.0023949 3.0960217 2.7175807 3.1235226 3.1353439 3.0493233 4.3259453 4.1877420 4.2425964 3.7501869 3.1985493 3.6870889 4.4486796 4.3461454 3.5267200 3.7939820 1.8121561 0.7810728 0.7951188 0.0000000 3.5921905 3.6383927 2.0370059 3.1389701 3.6248936 3.3792943 3.5154202 3.3022487 3.2730034 3.7315303 8.9999987 5.8431109 4.4972331 4.1921104 3.6104600 3.3527736 4.4873708 3.6336479 4.1394880 4.4653129 4.3499176 3.4840219 3.7135376 4.2045692 4.0175685 3.8474791 4.0132450 3.9179152 3.0751437 3.4717674 4.8947651 4.5779229 4.6945384 4.7063459 4.8565267 5.0197545 2.9429401 5.0791222 3.4258081 3.8558396 3.8885613 3.7345010 3.9918149 3.7530406 
Spis_XP_022785631_1                                       3.7091240 1.9386409 1.6532956 4.3435954 2.4091751 3.2197531 3.5917075 2.5076698 4.5833919 2.9339682 2.8902847 2.7278108 2.8573176 3.0083663 4.1680289 2.1809569 2.4908912 3.4237960 3.1201766 3.1636930 4.0472773 3.4201354 4.3239338 3.5064714 3.1227260 2.9857053 3.0153523 3.3476371 4.2211404 3.7822197 3.3886807 3.3862947 4.2856270 3.3007329 3.1144364 3.5921905 0.0000000 0.2129919 0.5517948 0.4097274 0.7564754 0.9365122 1.0748371 0.9502930 1.4646071 1.6176139 7.0530274 2.0057605 0.9471559 3.1675637 3.5361641 3.2681474 3.9495431 3.8446026 3.5523689 4.6393261 4.4896593 4.0973933 3.7639856 3.2149772 3.4580519 3.3480703 3.0853010 3.0293960 2.7933131 2.4963115 3.9121617 3.7754385 3.6283352 3.6159850 4.3308547 3.9988383 2.0764012 4.0731901 3.2094184 3.3952401 4.8426059 4.7129750 4.0018041 3.8286849 
Pocdam_XM_027201602.1                                     4.0526037 1.9081447 1.6110269 4.6156078 2.4436607 2.9723551 3.5019529 2.4712370 4.2971971 2.9210540 2.8244532 2.8456066 2.9052645 3.1272532 4.0422483 2.0186801 2.4501032 3.7704513 3.0176904 3.0952483 4.1102967 3.4043601 4.2429569 3.4216992 3.0273914 2.8534876 3.0930351 3.2658367 4.2461988 3.6295957 3.3630290 3.2058414 4.3708617 3.2889114 3.1333457 3.6383927 0.2129919 0.0000000 0.5384964 0.3947690 0.7263001 0.9176167 1.0634935 0.9412123 1.5957099 1.6224391 8.3747147 2.0350869 0.8507321 3.0933123 3.5874451 3.1520955 3.8261108 3.8955095 3.3571060 4.6814964 4.5195615 4.0487869 3.6184039 3.0852218 3.4255366 3.3085007 2.9540218 3.0033511 2.6480398 2.4999195 3.9083075 3.7453081 3.7443295 3.7096952 4.3027035 3.8312962 1.9459829 3.9726123 3.1150922 3.3559729 4.9218356 4.6321567 3.6744074 3.9694932 
Gasp_gasp1.m3.5264.m1                                     2.5401493 2.5318774 2.3297436 6.3600319 2.9596822 1.0590614 3.0789139 2.1941435 0.0000010 1.9097581 3.0545355 8.9999982 1.9643307 2.5132968 3.3168993 1.8575151 2.3021229 2.3717223 2.8642881 3.0593719 3.0716970 2.9754378 2.2273847 2.2749852 3.2431256 2.3510818 2.1504512 2.3619721 2.6917168 3.5479912 3.4114391 2.2397568 2.6723521 2.5381841 1.9258553 2.0370059 0.5517948 0.5384964 0.0000000 0.3475348 0.7828140 0.7292288 1.1292382 0.7245545 0.9855531 1.2058845 0.0000010 0.0000010 0.0000010 2.4303957 2.4193991 2.4193991 3.3128850 3.5031997 4.1236199 3.8975848 3.8348566 3.2538395 4.3067836 3.0313862 2.2398438 2.5957311 2.3460446 2.5716188 1.4923788 1.9447057 3.0807539 2.8907378 2.9950591 2.9820830 3.3853771 3.5670310 2.7673419 4.8445119 3.0097699 1.9907036 3.5097307 3.2143747 4.5885985 2.6379459 
Fspp_ffun1.m4.6020.m1                                     2.7469304 2.0299330 1.5717353 3.6470835 2.3268165 2.3660202 2.7614498 2.3829875 3.0796915 2.2448511 2.3437595 2.9671874 2.2966185 2.3765697 3.0239439 1.8222687 2.5385653 2.8121091 2.8024614 2.4617151 3.1187488 2.8730708 2.7712928 2.6135325 2.8509493 2.8485258 2.4380172 2.5016249 2.9937406 2.9835615 3.0307490 2.3398526 3.3104218 3.0876187 2.9422411 3.1389701 0.4097274 0.3947690 0.3475348 0.0000000 0.4326179 0.5466319 0.6756663 0.5912694 1.1564353 1.1559466 6.5911866 1.4607871 0.3856162 2.5895949 3.9256821 3.3226300 3.8838849 3.9513369 3.7463424 4.8659769 4.6763440 3.8974446 3.2646608 2.5833962 2.2714577 2.4666022 2.4091543 2.4298089 1.9411918 2.0289582 3.1328603 3.1071731 3.0296620 3.0236540 3.1414381 2.9444761 2.0506767 3.2353809 3.1878974 2.3853389 4.0370607 3.6932537 3.4832285 3.3742701 
Gfas_gfas1.m1.5348.m1                                     3.6589926 1.8411459 1.4279008 4.7721653 2.2816896 2.9859135 3.1951140 2.1164365 4.0545622 2.7625701 2.8137804 2.9138179 2.5878044 2.8105959 3.6955864 1.4764811 2.4293633 3.6753390 2.7436284 2.8293501 4.3156960 2.8658202 3.7531572 3.3359444 3.1899654 2.7800740 2.9108613 2.9188836 3.8720245 3.5836295 3.3140248 3.0525579 4.1611489 3.1560514 2.8786078 3.6248936 0.7564754 0.7263001 0.7828140 0.4326179 0.0000000 0.7293185 0.7913001 0.7089982 1.4599007 1.4548310 7.6602796 2.0366458 0.8657115 3.0168707 3.6112497 3.2641766 4.2895089 3.8477231 3.8841753 5.1040793 5.0020571 4.3258471 3.3512550 2.8423944 2.9394607 2.8665879 3.0846943 3.1092674 2.7557274 2.3675349 3.9151505 3.9614735 3.7577020 3.7650782 3.7557738 3.7689868 2.0186095 3.7461795 2.9810119 2.8527472 4.3761822 4.1739523 3.6814493 3.7829356 
Amil_Amillepora08351-RA                                   3.7326584 2.0132406 1.8860474 4.1647809 2.2593941 3.4022925 3.9808848 2.2369472 4.2968135 2.8815537 3.0225904 2.9329831 2.9532791 2.8011658 4.4840771 1.9700053 2.7184086 4.0735019 2.8485835 3.1526765 4.4791108 3.6519923 4.5556933 3.4973846 3.3987979 2.8094115 2.8556814 3.2458120 3.8559280 4.0710291 3.7412674 3.2145808 3.8729231 3.0069812 2.8586887 3.3792943 0.9365122 0.9176167 0.7292288 0.5466319 0.7293185 0.0000000 0.0696617 0.0486748 1.5579122 1.5792556 7.4176607 2.1191781 1.2532249 3.2060695 3.4310543 3.1475730 4.0401300 3.8972719 3.6397150 4.2173334 4.1559890 3.6062399 3.7994058 3.0198550 3.0497223 3.2592208 3.0964897 3.1772709 2.4574764 2.4987988 4.0965642 4.2667080 3.8993052 3.8838244 4.1679630 3.4179516 1.8596198 3.8533930 2.9979259 3.1408691 4.7325115 4.3322562 3.5769095 4.0801994 
Adig_XM_015919462.1                                       3.9017055 2.1646021 1.9604679 4.7741547 2.1835458 3.2001653 3.7620913 2.0876277 3.8153671 3.0586317 2.6892141 2.9329831 3.1439756 2.7630273 4.2323066 1.8856654 3.0629084 3.8811464 2.6382926 3.0446759 4.3941524 3.4355767 3.9493261 3.5789413 3.6955999 2.9075539 3.0539800 3.2344650 4.3341058 3.9662850 3.4058887 3.2474301 3.9677654 2.7737128 2.7452904 3.5154202 1.0748371 1.0634935 1.1292382 0.6756663 0.7913001 0.0696617 0.0000000 0.0570726 1.7597779 1.8783128 6.9306857 2.2311620 1.2967771 3.3162669 3.8508656 3.3061037 4.4631195 4.0035281 3.9082879 4.7463994 4.5996720 3.9908278 3.4244947 3.1396773 3.0831668 3.3049468 3.2853170 3.3023785 2.6854550 2.6201314 4.1340737 4.3992884 3.9603898 3.9351636 4.3556162 3.4094513 1.9489281 3.8386286 2.8498580 3.1208106 4.9868659 4.4671535 3.5380206 3.8888672 
Adig_XM_015919469.1                                       3.7366499 2.0094525 1.7728768 4.5065726 2.1705314 3.2046425 3.7394163 2.2336213 3.7390608 2.8831703 2.7585046 2.9231432 2.8161052 2.7526758 4.0748890 1.9596634 2.7035047 3.7378953 2.5873767 3.0421927 4.1397937 3.3513485 4.1704572 3.5521252 3.4206161 2.8303009 2.9441790 3.0821542 3.8913507 3.7001429 3.3911987 3.0849972 3.6854320 2.9307512 2.8114815 3.3022487 0.9502930 0.9412123 0.7245545 0.5912694 0.7089982 0.0486748 0.0570726 0.0000000 1.6333558 1.7247516 6.8661110 2.2130428 1.2938687 3.1142522 3.8251672 3.3836424 4.1517489 3.7862898 3.6397150 4.4141654 4.3442696 3.5502286 3.4125883 2.9688768 3.0659135 3.0670799 3.1649937 3.1741743 2.3713074 2.4875460 3.8818456 4.1746608 3.7858254 3.7627436 4.0276663 3.3182265 1.8388190 3.6361031 3.0100196 2.9910380 4.6927676 4.0779243 3.5437515 3.9318445 
Exapal_XM_021056846.2                                     3.0797366 2.0721536 1.6389737 3.9774101 2.2089665 2.7871628 3.3313913 2.0332469 4.0887629 2.9935338 3.1291137 2.8452009 3.0543109 2.7485938 3.8211787 1.7249173 2.0598108 3.2452883 2.6169273 2.8361178 3.7702516 3.2263650 3.1221578 3.4144993 3.2349208 2.7980222 2.3771632 3.0248316 3.8015815 3.7103881 3.1753846 3.0985580 3.5360640 3.2017356 3.0485113 3.2730034 1.4646071 1.5957099 0.9855531 1.1564353 1.4599007 1.5579122 1.7597779 1.6333558 0.0000000 1.5174157 7.9765547 2.1103669 2.0230684 3.5204924 3.3134374 3.2172718 3.7918227 3.6205419 2.7742106 4.5269217 4.4680967 3.8146882 3.5738609 3.5169717 3.0859874 3.3613751 3.5208801 3.6177933 2.5256185 2.6918650 4.0685109 4.1282015 3.8086619 3.8178979 4.2245070 3.4415121 2.2729205 3.8837107 2.6775071 2.8528475 4.4499265 4.2452585 3.4012394 3.8807324 
Nvec_v1g244894                                            3.6449353 2.0020840 1.5092858 3.9249836 1.9757246 2.9079152 3.0731944 2.0116118 3.3798309 2.7072620 2.9194266 2.7729910 3.0682552 2.5996651 3.6023563 1.6895422 2.1523000 3.2715593 2.6424020 2.9071363 3.5009191 3.1635688 3.8189573 3.1587676 2.8821709 2.2565589 2.4976865 2.8591254 3.1906433 2.9198650 3.2065274 2.9600033 3.8388273 3.1240076 3.1108362 3.7315303 1.6176139 1.6224391 1.2058845 1.1559466 1.4548310 1.5792556 1.8783128 1.7247516 1.5174157 0.0000000 4.0803770 0.5901347 2.1446255 2.9683969 3.8734701 3.4074787 3.6273185 4.0653946 3.2558605 4.1762432 4.0881183 3.6782318 3.2800617 2.8991355 2.8210636 2.8599866 2.9022335 2.9849993 2.3537383 2.2017174 3.6604085 3.6307791 3.4949777 3.5221843 3.6956711 3.4995014 2.0621798 3.4226448 2.6335105 3.3270684 5.0420938 4.6951362 2.9366136 3.8451460 
