121
Emue_Em0020g655a.t1                                     0.0000000 0.1522216 0.2076202 0.9759556 0.7137011 0.9987604 0.8211833 0.5038880 1.3243844 0.4068291 1.5351308 1.3821723 1.3561285 1.3381202 1.3190696 1.4467450 1.3205823 1.3063451 1.3314658 1.2797102 1.2137622 0.8848985 1.2746208 1.2765915 1.5077591 1.5194950 1.5443979 1.5375449 1.4808851 1.4849294 1.4901786 1.3204496 1.2799587 1.3069743 1.4218424 1.3805005 1.3735745 1.4606537 1.4517723 1.2965024 1.4183489 1.4655189 1.3013855 1.5457832 1.5548399 1.5967682 1.5967682 3.0080568 1.5045950 1.5057126 1.4623845 1.4499834 1.4499834 1.5189665 1.5022428 1.5022428 1.4250472 1.5670028 1.3081748 2.4806145 1.5421064 1.5614235 1.5531339 2.3142040 1.5398888 1.5517787 1.4978697 1.2957551 1.6253431 1.4939548 1.5538083 1.5311453 1.5696432 1.7514827 2.9244927 1.5753694 1.0233952 1.7630770 1.3196398 2.1865516 2.0355067 1.9919766 1.6721783 1.7486449 1.2392902 1.9383687 1.9383687 2.9124421 2.5190249 2.4526191 3.1194836 3.0186813 1.8629136 3.4407405 2.2957229 2.3057646 2.3057646 2.2811809 2.4873229 2.3612606 2.3541560 3.2790384 3.3130399 2.5573607 2.6335828 2.6438043 2.6230267 2.8290986 2.8242633 2.9868604 2.7440078 2.8978554 2.1095356 2.6540821 2.6511204 4.1495080 3.6008676 1.9081360 1.5032706 4.1993435 4.0348501 
Spolac_c101787_g1_i1_m.26776c101787-g1                  0.1522216 0.0000000 0.0133111 0.9745506 0.7046235 1.0166689 0.8078180 0.4627384 1.3093221 0.3285159 1.5671714 1.3894127 1.3706329 1.3526500 1.3328269 1.4509471 1.3391847 1.3219156 1.3417897 1.3040317 1.2721756 0.9038427 1.2666408 1.3083946 1.5067409 1.5148471 1.5215622 1.5148402 1.4534108 1.4742672 1.4794523 1.3557743 1.3128000 1.2939508 1.4254963 1.4218157 1.4146506 1.4482896 1.4490979 1.2661042 1.4092935 1.3906942 1.2514732 1.5330448 1.5419411 1.5617276 1.5617276 2.8356940 1.5114356 1.5208687 1.4563276 1.4362715 1.4362715 1.5419815 1.5143115 1.5143115 1.4203379 1.5815296 1.3245158 2.5602754 1.5300215 1.5429176 1.5432592 2.1742541 1.5360821 1.5447309 1.4902303 1.2614766 1.6524141 1.4941312 1.5740147 1.4757674 1.5293005 1.7534887 3.0566297 1.5354325 0.9941194 1.7297426 1.4235005 2.1893089 2.0060430 1.9556851 1.6293409 1.7294193 1.2058311 1.8494134 1.8494134 2.9647960 2.5788010 2.4996687 3.0164778 3.0175246 1.8281742 3.2358133 2.3052894 2.3098836 2.3098836 2.3118412 2.5309163 2.4143353 2.2984818 3.1038767 3.1399072 2.5754153 2.5765382 2.5782432 2.5854672 2.8357959 2.7751574 2.9441794 2.8047671 2.9571717 2.0729787 2.6280319 2.6810859 4.2568874 3.5614856 1.8425975 1.5589369 4.0738984 4.4693376 
Spolac_c101787_g1_i3_m.26777c101787-g1                  0.2076202 0.0133111 0.0000000 1.0112447 0.8728014 0.9549149 0.8622561 1.6168175 1.4133877 0.0000010 1.7738396 1.6266838 1.6000644 1.5434024 1.4118708 1.4126445 1.4057971 1.3936626 1.4120553 1.3981519 1.4275466 1.2232567 1.2736236 1.3526191 1.5871921 1.5987501 1.6315644 1.6239516 1.5306012 1.6077561 1.6077561 1.4508793 1.3209129 1.2077372 1.5426125 1.3613011 1.3448767 1.6262069 1.6730576 1.4685004 1.5117787 0.0000010 0.0000010 1.5121787 1.5334985 0.0000010 0.0000010 0.0000010 1.4622615 1.4843839 1.5585748 1.5138285 1.5138285 1.5585748 1.5138285 1.5138285 1.4778745 1.6105028 1.4447633 2.5602754 1.4502075 1.4823032 1.4829661 1.8631050 1.5679438 1.5889293 1.4581107 1.3295288 1.4143063 0.0000010 1.4720858 0.0000010 1.6463988 1.7295975 4.9201366 1.4601825 1.0343316 1.9114946 0.4030723 2.3398521 2.1572295 1.9538270 0.0000010 1.8775101 2.0694668 0.0000010 0.0000010 3.0947103 6.8545419 2.4435379 0.0000010 2.4078490 2.0233715 3.1773712 2.3635962 2.1680809 2.1680809 2.2106640 2.5976186 2.5625898 2.4525077 0.0000010 0.0000010 2.6171984 2.6124673 2.1741545 2.4752129 3.1782696 2.6592195 2.6417554 2.5840317 3.1732088 0.9046342 3.0708957 2.8033424 4.8561685 4.4096516 1.8425975 1.5589369 4.6758747 4.4693376 
Aque_Aqu2.1.40924_001                                   0.9759556 0.9745506 1.0112447 0.0000000 0.3333790 0.3477506 0.7798465 0.5876158 1.3289177 0.3791506 1.5555587 1.3907787 1.4324607 1.3746238 1.3117971 1.4138841 1.2697514 1.2594092 1.2733455 1.2567376 1.2256939 0.9017802 1.2592584 1.2610455 1.4676199 1.4742895 1.4742565 1.4726145 1.4897157 1.4688106 1.4762905 1.3380223 1.2819607 1.2654120 1.3120760 1.3510688 1.3442538 1.4125704 1.4183186 1.1881647 1.2808312 1.1770088 1.1264974 1.4828666 1.5023862 1.4542340 1.4542340 2.4990393 1.4668248 1.4582470 1.4006744 1.3800163 1.3800163 1.4922271 1.4633225 1.4633225 1.3605602 1.4932163 1.2565896 2.3147750 1.4779733 1.4913646 1.4994520 2.0415548 1.4402916 1.4481329 1.4179681 1.2623387 1.5506709 1.4595143 1.5444781 1.3865222 1.4662803 1.6828008 3.0456926 1.5173886 1.0415382 1.8191022 1.4816397 2.0450373 1.9589804 1.8802742 1.4442224 1.8715882 1.1811781 1.6243926 1.6243926 3.1058207 2.4780911 2.3969853 2.5831330 2.7152613 1.7331388 3.1635460 2.1275851 2.2073064 2.2073064 2.2365482 2.4156662 2.3514642 2.3340389 3.1142213 3.0988610 2.3836344 2.4308692 2.3991390 2.3692473 2.7509527 2.4466325 2.5217275 2.4915714 2.7750582 2.0462989 2.5299291 2.5763194 4.0069483 3.4679364 2.5149599 1.7487846 3.9579762 4.5424685 
Xestes_maker-XT_scaffold4264-augustus-gene-0.5-mRNA-1   0.7137011 0.7046235 0.8728014 0.3333790 0.0000000 0.3081260 0.4892315 0.4554663 0.9750096 0.3919773 1.1589605 1.0417114 1.0538331 1.0175570 0.9876886 0.9776446 0.9687233 0.9593386 0.9730749 0.9486850 0.7923385 0.8850933 0.9541206 0.9718599 1.1579702 1.1634493 1.1509256 1.1500748 1.1620367 1.1290430 1.1338143 0.9895882 0.9422293 1.0740927 1.0258757 0.9901702 0.9901702 1.1096672 1.1466198 0.9404127 0.9913065 0.3737378 0.3820406 1.1407802 1.1407802 0.4500263 0.4500263 0.0000010 1.1200013 1.1200013 1.0943251 1.0943251 1.0943251 1.2007244 1.2007244 1.2007244 1.0943251 1.1164303 1.1164303 0.0000010 1.1086438 1.1086438 1.1086363 1.8517346 1.0616168 1.0616168 1.0616168 1.1446622 1.1112480 1.1251959 1.1781389 0.6270761 1.1749244 1.1315786 2.3815018 1.1690092 0.8171319 1.4681195 1.4036975 1.6885933 1.5199680 1.4735541 1.2215500 1.4343927 0.9847851 1.1518873 1.1518873 2.7478670 1.4537254 2.0081838 0.0000010 2.2715194 1.5830371 2.5516724 1.9410948 2.1042361 2.1042361 1.8015167 2.0462347 1.9696932 1.8754139 0.5317701 0.5317701 1.9599235 2.3512183 1.8941357 2.1580117 2.5389093 2.3350459 2.4954140 2.1992848 2.6404034 1.5611394 2.5023703 2.6880092 3.8360755 2.7033103 0.0000010 0.0000010 3.6325391 2.0886592 
Halamb_c52189_g2_i1m.32375                              0.9987604 1.0166689 0.9549149 0.3477506 0.3081260 0.0000000 0.7115897 0.4949073 1.2101352 0.4185755 1.4491279 1.3025231 1.3420375 1.2744405 1.1970047 1.3124322 1.1719212 1.1799598 1.1797453 1.1664563 1.1015234 0.9152466 1.1929368 1.1866917 1.3895904 1.3846170 1.3814009 1.3796359 1.4174826 1.3761398 1.3833423 1.2197447 1.1885832 1.2177369 1.2145364 1.2939283 1.2873213 1.3550089 1.3193629 1.1628074 1.2264297 1.1166033 1.0169146 1.4409712 1.4409712 1.2925303 1.2925303 2.2764446 1.3961612 1.3961612 1.3375924 1.3375924 1.3375924 1.4409198 1.4409198 1.4409198 1.3331769 1.4089296 1.2743755 1.3301015 1.3820100 1.3820100 1.3822365 1.9363067 1.3498996 1.3498996 1.3498996 1.2779563 1.4479438 1.3789280 1.4791536 1.2819936 1.5724756 1.5454766 2.9410257 1.4427192 0.9910175 1.7698769 1.2713276 2.0368629 1.8946481 1.8516310 1.5094434 1.7577936 1.1585088 1.6790518 1.6790518 3.0157064 2.4203701 2.3682239 2.9045719 2.6594525 1.7310235 3.1428101 2.1199307 2.2256911 2.2256911 2.2237661 2.2249673 2.2093699 2.1588999 2.5926842 2.6092894 2.3061117 2.4718284 2.2876929 2.3241129 2.7617938 2.4393752 2.3937327 2.5196235 2.6606847 2.0528971 2.5993327 2.6268450 4.1154617 3.3770411 1.1484500 1.2426342 3.8825540 4.1693148 
Tetwil_g6744.t2                                         0.8211833 0.8078180 0.8622561 0.7798465 0.4892315 0.7115897 0.0000000 0.2323819 1.0723901 0.2369235 1.2810714 1.1044098 1.1465878 1.0839592 1.0164438 1.1209325 0.9967919 0.9821572 0.9794136 0.9988224 0.9192180 0.7041025 1.0038382 1.0247136 1.2862164 1.2674094 1.2714933 1.2676082 1.2509415 1.2708319 1.2780668 1.0776143 1.0852265 1.0503821 1.1427455 1.1364228 1.1309417 1.1657719 1.2170071 1.0315719 1.0852167 0.9970023 0.9194029 1.2541105 1.2622662 1.1587125 1.1587125 1.7615003 1.2446932 1.2383258 1.1726217 1.1665560 1.1665560 1.2913007 1.2844546 1.2844546 1.1313943 1.2661284 1.0898833 2.0512772 1.2476043 1.2649556 1.2734077 1.9491889 1.2070421 1.2167352 1.1806353 1.1121161 1.2915133 1.1769319 1.2345310 1.1196833 1.3368153 1.4354902 2.6671949 1.2304388 0.8386745 1.5594046 0.7469297 1.9316488 1.8316575 1.7962035 1.4410335 1.6306060 0.9274657 1.4041331 1.4041331 2.9123088 2.1016850 2.2711168 1.9203003 2.7638078 1.6030147 3.2059439 2.0969066 2.1306097 2.1306097 2.1831036 2.2637240 2.2191693 2.1342787 2.6288665 2.6245774 2.2950175 2.2983808 2.3050177 2.3547503 2.6841589 2.5080616 2.6335877 2.4677326 2.6307583 1.9283765 2.5949000 2.3440369 4.0021763 3.3702180 1.9357081 1.5412911 3.8781157 3.5315255 
Stycar_maker-SC_scaffold77034-snap-gene-0.4-mRNA-1      0.5038880 0.4627384 1.6168175 0.5876158 0.4554663 0.4949073 0.2323819 0.0000000 0.7301706 0.0000010 1.0407779 0.7917851 0.8098828 0.8109834 0.9192815 0.8839076 0.9140131 0.8466369 0.8628866 0.8790344 0.7365840 0.7881798 0.8779660 0.9455428 1.9280878 2.1207514 1.9206444 1.9206444 1.9142029 1.7771176 1.8247892 1.1056368 0.9649553 1.2531907 1.0520726 1.2626976 1.2626976 1.0207293 1.0117414 0.7106332 0.9280102 0.0000010 0.0000010 1.3042604 1.3042604 0.0000010 0.0000010 0.0000010 1.2980079 1.2980079 1.3720982 1.3720982 1.3720982 1.3720982 1.3720982 1.3720982 1.3720982 1.2430272 1.2430272 0.0000010 1.2005044 1.2005044 1.2005044 9.0000000 1.2583108 1.2583108 1.2583108 1.2479551 1.1899589 1.5190016 1.4632273 0.0000010 1.3106031 1.5241623 2.6076112 1.0748680 0.9605481 1.3270619 0.0000010 1.6836370 1.7270209 1.7003542 1.8549822 2.0141821 0.0000010 0.0000010 0.0000010 3.1834717 0.0000010 2.0733174 0.0000010 2.4682991 1.4763064 0.0000010 2.6259986 2.4318505 2.4318505 2.0483012 2.4387803 2.3742735 2.4715011 0.0000010 0.0000010 2.1444940 2.5149207 2.5848170 2.9670565 2.1562166 3.2515005 4.1203963 3.1742588 3.2443992 1.5927866 3.5324616 2.1224826 3.9733095 2.6156987 0.0000010 0.0000010 3.7143281 0.0000010 
Bralan_BLAG09000532_1                                   1.3243844 1.3093221 1.4133877 1.3289177 0.9750096 1.2101352 1.0723901 0.7301706 0.0000000 0.2041622 0.9823575 0.8390354 0.8481658 0.8231305 0.6898369 0.7418105 0.6634148 0.6568338 0.6730222 0.6915009 0.6843925 0.5090141 0.6870858 0.6657280 1.0408182 1.0477232 1.0086712 1.0058025 0.9433026 1.0293881 1.0310276 0.5920584 0.5424847 0.5932640 0.6470729 0.6712103 0.6680353 0.8940028 0.9726830 0.9461235 1.0795913 0.8676134 0.7643948 1.1704616 1.1820605 0.9085481 0.9085481 1.2490743 1.1471425 1.1363124 1.1996247 1.1356350 1.1356350 1.3634958 1.2790900 1.2790900 1.1267575 1.1901393 1.0218444 2.4200752 1.1545777 1.2100518 1.2161028 2.2017348 1.1515235 1.1700574 1.1423239 0.8781985 1.1356230 0.9877595 1.0529481 1.0608846 1.2893675 1.3112667 1.6419890 0.8897647 1.1094614 1.3007359 1.5836511 1.8832171 1.7321182 1.7870309 1.3446333 1.4363448 1.5597876 1.4171329 1.4171329 2.8819660 2.3037437 2.2830107 1.6779838 2.6221968 1.7815191 2.3323859 1.9885458 2.1077723 2.1077723 2.0783161 2.2284587 2.0975919 2.2241687 2.4970066 2.5474438 2.2221465 2.1773231 2.1292836 2.2292633 2.5324193 2.5229257 2.5944841 2.4288469 2.7379317 2.0036628 2.5464334 2.5329515 3.6262485 3.2423993 1.5253254 2.5958907 3.4953919 3.9654809 
Morvir_scaffold4120.g1.t1                               0.4068291 0.3285159 0.0000010 0.3791506 0.3919773 0.4185755 0.2369235 0.0000010 0.2041622 0.0000000 0.1210207 0.1226448 0.1076607 0.1400662 0.1801570 1.0553431 0.1471707 0.1455735 0.1629314 0.1601537 0.1601537 0.1601537 0.1780686 0.1948569 0.1422957 0.1422957 0.1422957 0.1422957 0.1609192 0.1587039 0.1587039 0.2123421 0.2399119 0.2650117 0.2558812 0.2675469 0.2675469 0.3026380 0.2878095 0.2614883 0.4349368 0.4198734 0.3927756 0.3927756 0.3927756 0.3900610 0.3900610 0.0000010 0.3630357 0.3630357 0.3555240 0.3555240 0.3555240 0.0000010 0.0000010 0.0000010 0.3555240 0.3900610 0.3900610 0.0000010 0.4387727 0.4387727 0.4387727 0.0000010 0.3678440 0.3678440 0.3678440 0.3621281 0.4387727 0.4422526 0.4409565 0.4450257 0.0000010 0.5839275 0.0000010 0.0000010 0.3024727 0.4448805 0.0000010 1.4284071 1.5012291 1.2389796 1.5421823 0.4834950 0.8154604 0.6687991 0.6687991 1.2489363 1.2912793 1.2912793 0.7091827 1.6283909 0.0000010 0.0000010 0.7732611 1.1704685 1.1704685 1.1612990 1.2368523 1.3150480 1.4001956 1.5543571 1.4938272 1.2043102 0.0000010 1.1241640 1.1839299 1.0636562 0.9908277 1.0317546 1.2036139 1.3053019 0.8349262 1.0134377 0.0000010 2.5333469 1.9357955 0.0000010 0.0000010 0.0000010 0.0000010 
Chem_TCONS_00014959                                     1.5351308 1.5671714 1.7738396 1.5555587 1.1589605 1.4491279 1.2810714 1.0407779 0.9823575 0.1210207 0.0000000 0.6155173 0.6228072 0.6284318 0.7845821 0.8563381 0.7660835 0.7378556 0.7530966 0.7648936 0.8507405 0.5660975 0.7504105 0.8071152 1.2545187 1.2607362 1.2111399 1.2158544 1.1606067 1.2877835 1.2836063 1.0350507 0.9461032 0.9274032 1.0356614 1.1042982 1.0991848 0.9337145 0.9885746 1.2369399 1.3483113 1.1584730 1.0232521 1.3674282 1.3561813 1.2628116 1.2628116 1.9703730 1.3656549 1.3580203 1.3303409 1.2514992 1.2514992 1.4916921 1.3845459 1.3845459 1.2348762 1.3472945 1.1345736 2.3512408 1.3949764 1.4600291 1.4412033 2.5337258 1.4034518 1.4340523 1.4058409 1.1196494 1.3376102 1.1930931 1.2827340 1.2908656 1.4998881 1.6421275 3.0774668 0.7001057 1.3124530 0.8879568 2.0352555 2.1114058 2.0068161 2.0104281 1.4295794 1.8716810 1.4302008 1.4537115 1.4537115 3.0895604 2.6630990 2.5408848 2.3369703 2.5766741 2.0646477 2.6945244 2.1237578 2.2455521 2.2455521 2.3043922 2.2300291 2.1879265 2.1467469 3.0508589 2.9800131 2.3076727 2.2746885 2.2874771 2.2208527 2.6857565 2.6340796 2.7619529 2.5195923 2.7548817 2.0502532 2.8663144 2.4595338 4.1775354 3.0474650 1.8075192 2.9174709 3.8428693 4.5705020 
Sanmal_Sma_012847-T1                                    1.3821723 1.3894127 1.6266838 1.3907787 1.0417114 1.3025231 1.1044098 0.7917851 0.8390354 0.1226448 0.6155173 0.0000000 0.2045916 0.2066827 0.5846285 0.6350024 0.5785263 0.5741709 0.5845161 0.5908127 0.6019549 0.4829931 0.6172494 0.6478210 1.1144977 1.1265809 1.0744207 1.0678931 1.0311819 1.1072700 1.1097518 0.8843171 0.8718583 0.8004856 0.9047402 0.9145520 0.9102296 0.7817835 0.8572222 1.0511066 1.1602469 0.9594067 0.8502034 1.2099678 1.1933258 0.9598826 0.9598826 1.4060104 1.2270335 1.2166150 1.2558597 1.1728306 1.1728306 1.4538675 1.3396940 1.3396940 1.1466915 1.2420969 1.0688311 2.2763869 1.2436228 1.3115852 1.2893969 2.3782159 1.2412469 1.2768032 1.2504218 1.0231956 1.2451124 1.0518373 1.1603505 0.9859420 1.4541331 1.4590830 1.8832039 0.5093005 1.1127710 0.9551336 1.5943937 1.9416592 1.8616275 1.8450359 1.4194376 1.8514060 1.5409730 1.3352920 1.3352920 3.0704505 2.2907184 2.4918764 1.9992165 2.5689430 2.0273345 2.9194309 2.0903560 2.1353755 2.1353755 2.0524387 2.1985605 2.1247863 2.1146243 2.5300209 2.5222505 2.2851377 2.2797542 2.1231217 2.2229069 2.6154722 2.5113874 2.6634056 2.4246809 2.6320370 2.0059898 2.6246338 2.5590404 3.8268727 3.1247543 1.4473009 2.2397975 3.7872295 4.6413037 
Nemnom_g10146.t1                                        1.3561285 1.3706329 1.6000644 1.4324607 1.0538331 1.3420375 1.1465878 0.8098828 0.8481658 0.1076607 0.6228072 0.2045916 0.0000000 0.0870826 0.5809512 0.6400552 0.5688648 0.5560163 0.5738143 0.5881990 0.5819022 0.4316994 0.5948577 0.6565140 1.1307848 1.1392580 1.0975661 1.0998827 1.0325506 1.1243334 1.1284773 0.9088552 0.8443809 0.7995382 0.9038264 0.9277472 0.9232522 0.7846370 0.8506158 1.0533143 1.1671394 1.0652620 0.9614888 1.2325029 1.2151787 1.0342653 1.0342653 1.4661009 1.2399475 1.2344848 1.2614197 1.1866980 1.1866980 1.4347129 1.3323920 1.3323920 1.1656387 1.2599221 1.0749446 2.2743483 1.2194174 1.2930391 1.2879823 2.4702282 1.2578505 1.2904340 1.2547592 1.0610708 1.2109135 1.0764162 1.1870720 1.0954836 1.5752274 1.4687991 1.8217431 0.5088957 1.1361924 0.9511971 1.5586264 1.9082742 1.8752916 1.8407258 1.4207505 1.8358805 1.5124161 1.3763028 1.3763028 3.0840976 2.4300424 2.5167947 2.2032352 2.6655877 1.9106686 2.6434622 2.1179325 2.1793723 2.1793723 2.1338978 2.2669579 2.1733942 2.2201501 2.6454814 2.6387205 2.3997650 2.4012679 2.2492165 2.3851007 2.5196922 2.5585418 2.6892573 2.3825918 2.6631110 2.0517131 2.6320405 2.4493966 3.9136662 3.2129216 1.2757565 2.4996043 3.6419856 4.2775467 
Rhoesc_Res_013944-T1                                    1.3381202 1.3526500 1.5434024 1.3746238 1.0175570 1.2744405 1.0839592 0.8109834 0.8231305 0.1400662 0.6284318 0.2066827 0.0870826 0.0000000 0.5815933 0.6392963 0.5688080 0.5502943 0.5624784 0.5773725 0.5667463 0.4298623 0.5705491 0.6396927 1.1020918 1.1108058 1.0697153 1.0675947 1.0019964 1.0899385 1.0935792 0.8815658 0.8234380 0.7549949 0.8722731 0.8760796 0.8719566 0.7836074 0.8302678 1.0280483 1.1455439 1.0145735 0.9186584 1.2380096 1.2284817 1.0006000 1.0006000 1.3833187 1.2406748 1.2342700 1.2605900 1.1862049 1.1862049 1.4423352 1.3413782 1.3413782 1.1719721 1.2646028 1.0929567 2.2467677 1.2256532 1.2889936 1.2902009 2.3486501 1.2254868 1.2590656 1.2240126 1.0343890 1.2058821 1.0691519 1.1732984 1.0464189 1.5133620 1.4747704 1.7575095 0.5093499 1.0814908 0.9279855 1.5489371 1.8670995 1.8477473 1.8423742 1.3835541 1.8204267 1.5326872 1.3795670 1.3795670 2.9581652 2.3781398 2.4807981 2.3471727 2.5791462 1.8881872 2.8467696 2.1384161 2.1351731 2.1351731 2.0047185 2.2553765 2.1726930 2.1190610 2.5617248 2.5551265 2.3347172 2.4199376 2.2264510 2.3235482 2.5063018 2.5815970 2.7089856 2.3960762 2.6828873 2.0187244 2.6037683 2.4739665 4.0307057 3.1639110 1.2259515 2.2574565 3.6287843 4.2310519 
Spis_XP_022780220_1                                     1.3190696 1.3328269 1.4118708 1.3117971 0.9876886 1.1970047 1.0164438 0.9192815 0.6898369 0.1801570 0.7845821 0.5846285 0.5809512 0.5815933 0.0000000 0.0651125 0.0858742 0.0800972 0.0957926 0.1301890 0.1437829 0.0911143 0.2790566 0.3270782 1.0446348 1.0429139 1.0267460 1.0255925 0.9488182 1.0478920 1.0549303 0.7409318 0.7315014 0.6879604 0.7472744 0.8275676 0.8256366 0.5280090 0.6348738 0.9352469 1.0456872 0.8756121 0.7812409 1.1243263 1.1213620 0.8787316 0.8787316 1.3454917 1.0922927 1.0975135 1.1210741 1.0446668 1.0446668 1.2660511 1.1618191 1.1618191 1.0411419 1.1255988 0.9309773 2.2230150 1.0720166 1.1207972 1.1259735 1.9270333 1.1334982 1.1516551 1.0912294 0.9354249 1.0738471 0.9978624 1.0480902 1.0238211 1.3275483 1.3138153 1.3824884 0.6665828 1.0071472 1.0691435 1.4812101 1.8411110 1.7401516 1.7180655 1.3159489 1.6409029 1.4404509 1.2580542 1.2580542 2.8379429 2.1834853 2.2906836 1.8283190 2.5185602 1.6624376 2.3755805 1.9655801 2.0958127 2.0958127 1.9927928 2.1959948 2.1012043 2.1358822 2.3885256 2.4209148 2.1580607 2.1719627 2.0256613 2.0722004 2.5854877 2.4352378 2.5455995 2.2352320 2.5941325 2.0048801 2.5900289 2.5229432 3.7680750 3.1210067 1.1593291 2.3702678 3.6390415 4.0246253 
Pocdam_XM_027197464.1                                   1.4467450 1.4509471 1.4126445 1.4138841 0.9776446 1.3124322 1.1209325 0.8839076 0.7418105 1.0553431 0.8563381 0.6350024 0.6400552 0.6392963 0.0651125 0.0000000 0.1093665 0.1052696 0.1243639 0.1610632 0.2053970 0.1815102 0.3250515 0.3725253 1.1523107 1.1555964 1.1350634 1.1338041 1.0412255 1.1448117 1.1524218 0.8231792 0.8164426 0.7540950 0.8202596 0.9045874 0.9024107 0.5793150 0.7185881 1.0072546 1.1198792 1.4130187 1.2085991 1.2170460 1.2143184 1.1825885 1.1825885 1.3258351 1.1812972 1.1903699 1.2054542 1.1211393 1.1211393 1.2547568 1.1400264 1.1400264 1.1170094 1.2149615 1.0215970 2.3198288 1.1476317 1.1921121 1.2001631 1.9175596 1.1998839 1.2247577 1.1575479 1.0595891 1.1834856 1.1249944 1.1501822 1.4644375 1.3329986 1.3924828 1.3824884 0.6750107 1.1117637 1.1760479 1.4329465 1.9012935 1.8141341 1.8193163 1.3994522 1.7432049 1.4275104 1.5194394 1.5194394 3.0773358 2.6645273 2.4325191 2.6832545 2.6572439 1.6558884 2.4288062 2.1251746 2.2222785 2.2222785 2.0995159 2.3475145 2.2347777 2.2566863 3.0341659 3.0336065 2.2836442 2.0899282 2.2161703 2.2007581 2.7999488 2.6470973 2.7491954 2.4094727 2.7813099 2.2056238 2.7976564 2.4998921 3.8422716 3.3292906 1.2055639 2.2378253 3.6223153 4.1472961 
Gasp_gasp1.m3.21701.m1                                  1.3205823 1.3391847 1.4057971 1.2697514 0.9687233 1.1719212 0.9967919 0.9140131 0.6634148 0.1471707 0.7660835 0.5785263 0.5688648 0.5688080 0.0858742 0.1093665 0.0000000 0.0428735 0.0837462 0.1191261 0.1374616 0.0986900 0.2621375 0.3144107 1.0391084 1.0450868 1.0241692 1.0230150 0.9403403 1.0467172 1.0537663 0.7237675 0.7146120 0.6612950 0.7269737 0.8138895 0.8109603 0.5195820 0.6280220 0.9087102 0.9829514 0.8574072 0.7756896 1.1054264 1.1078106 0.8702850 0.8702850 1.3513404 1.0778373 1.0799317 1.1036796 1.0332521 1.0332521 1.2483883 1.1534158 1.1534158 1.0285671 1.1022504 0.9097623 2.2061359 1.0467635 1.0944656 1.0973454 1.8627361 1.1268166 1.1455512 1.0903770 0.9428648 1.0545131 0.9834162 1.0521641 1.0168627 1.3241484 1.2849348 1.4421946 0.6922998 0.9997125 1.0608702 1.5113523 1.8039481 1.7448489 1.6998593 1.3245699 1.6469707 1.3833135 1.2518766 1.2518766 2.8505199 2.1826403 2.2513401 1.8400858 2.4882776 1.6463215 2.3219077 1.9524473 2.0292083 2.0292083 2.0047229 2.2035884 2.1252777 2.1191625 2.3687232 2.4009073 2.0897648 2.0373858 1.9712157 2.0133746 2.5654212 2.4903431 2.6109639 2.2295712 2.5779651 2.0070373 2.5471343 2.5027746 3.7113487 3.2253080 1.2507564 2.3241210 3.7235987 3.8939947 
Fspp_ffun1.m4.12765.m1                                  1.3063451 1.3219156 1.3936626 1.2594092 0.9593386 1.1799598 0.9821572 0.8466369 0.6568338 0.1455735 0.7378556 0.5741709 0.5560163 0.5502943 0.0800972 0.1052696 0.0428735 0.0000000 0.0685699 0.1060660 0.1246716 0.0849057 0.2558298 0.2959713 1.0246052 1.0308714 1.0165827 1.0154378 0.9324004 1.0367549 1.0437543 0.7083939 0.7029673 0.6563931 0.7234961 0.7826212 0.7789153 0.5211278 0.6255818 0.9118576 1.0044791 0.8633400 0.7713459 1.0864557 1.0868476 0.8703833 0.8703833 1.3470788 1.0683867 1.0704959 1.1006828 1.0278270 1.0278270 1.2508730 1.1523030 1.1523030 1.0238615 1.0955759 0.9144032 2.0492385 1.0381424 1.0853624 1.0944981 1.8460198 1.1071862 1.1243571 1.0709906 0.9263996 1.0556489 0.9744785 1.0355228 1.0223062 1.3325561 1.2704096 1.3728776 0.6593147 0.9946198 1.0371367 1.5113523 1.7883644 1.7119573 1.6747309 1.2992479 1.6527125 1.3761067 1.2524479 1.2524479 2.8009766 2.1722262 2.2612222 1.8322718 2.5243345 1.6376916 2.3435675 1.9631415 2.0217395 2.0217395 2.0122741 2.1884025 2.1263448 2.1234846 2.3447324 2.3765074 2.1167784 2.0941789 1.9984092 2.0483624 2.5410430 2.4728454 2.5665697 2.2087690 2.5533490 1.9905612 2.5492879 2.4053072 3.6984051 3.1687018 1.2039469 2.2495965 3.6209888 4.1375706 
Gfas_gfas1.m1.3109.m1                                   1.3314658 1.3417897 1.4120553 1.2733455 0.9730749 1.1797453 0.9794136 0.8628866 0.6730222 0.1629314 0.7530966 0.5845161 0.5738143 0.5624784 0.0957926 0.1243639 0.0837462 0.0685699 0.0000000 0.1011299 0.1149960 0.0820804 0.2598144 0.3063075 1.0144181 1.0194603 1.0074563 1.0071289 0.9263162 1.0188196 1.0238834 0.7314833 0.7268235 0.6706898 0.7286997 0.8099426 0.8061387 0.5103139 0.6131641 0.9048442 0.9930101 0.8578765 0.7668167 1.0875473 1.0855788 0.8617929 0.8617929 1.3460384 1.0680640 1.0665940 1.0961501 1.0243409 1.0243409 1.2487690 1.1519318 1.1519318 1.0117824 1.0895746 0.9016426 2.1712057 1.0633993 1.1072895 1.1053612 1.8454948 1.1066280 1.1268293 1.0735058 0.9318167 1.0827304 0.9794522 1.0469397 0.9992725 1.3411549 1.2755454 1.4671884 0.6602375 1.0051529 1.0349339 1.7120363 1.7899084 1.7676809 1.7350057 1.3306660 1.6622729 1.4060839 1.2445648 1.2445648 2.8754739 2.2158362 2.3065459 1.8107673 2.4983035 1.6603079 2.3639567 1.9503014 2.0495564 2.0495564 2.0225345 2.1877599 2.1185921 2.1097116 2.2608732 2.2911471 2.1018161 2.0713599 2.0043781 2.0795126 2.5552225 2.5241980 2.6254897 2.2299236 2.5619083 1.9878257 2.5627555 2.5004740 3.7500591 3.1448162 1.1815889 2.2722310 3.7054223 4.0729116 
Amil_Amillepora14420-RA                                 1.2797102 1.3040317 1.3981519 1.2567376 0.9486850 1.1664563 0.9988224 0.8790344 0.6915009 0.1601537 0.7648936 0.5908127 0.5881990 0.5773725 0.1301890 0.1610632 0.1191261 0.1060660 0.1011299 0.0000000 0.0087466 0.0093417 0.2823546 0.3178678 1.0452129 1.0509340 1.0332676 1.0321067 0.9598102 1.0401605 1.0471864 0.7496138 0.7323662 0.6994721 0.7597742 0.8460784 0.8421103 0.5347744 0.6493642 0.9239670 1.0183607 0.8070565 0.7218663 1.0786373 1.0748372 0.8231643 0.8231643 1.2646267 1.0572387 1.0626793 1.0893765 1.0217303 1.0217303 1.2587595 1.1686023 1.1686023 1.0220015 1.0944757 0.9298011 2.0104273 1.0583387 1.0969319 1.1047433 1.9094030 1.1094184 1.1401082 1.0852783 0.9381866 1.0593900 0.9685566 1.0438135 0.9764426 1.4384417 1.3058896 1.4912467 0.6798714 1.0272261 1.0505667 1.5028087 1.8282270 1.7430626 1.7221365 1.2796808 1.6841033 1.3488480 1.2842535 1.2842535 2.9211293 2.1530969 2.2965621 1.7062117 2.5513064 1.6593277 2.3281813 1.9670084 2.0313212 2.0313212 1.9665760 2.1938663 2.1398904 2.1361237 2.3654778 2.3218693 2.1414318 2.0887355 2.0072191 2.0968542 2.5401818 2.4686941 2.5544527 2.2410651 2.5471055 1.9859263 2.5580121 2.4797663 3.6938657 3.2274040 1.2811284 2.3520049 3.8766328 4.0482141 
Adig_XM_015897365.1                                     1.2137622 1.2721756 1.4275466 1.2256939 0.7923385 1.1015234 0.9192180 0.7365840 0.6843925 0.1601537 0.8507405 0.6019549 0.5819022 0.5667463 0.1437829 0.2053970 0.1374616 0.1246716 0.1149960 0.0087466 0.0000000 0.0030245 0.2950803 0.3156931 1.0434015 1.0408095 1.0241750 1.0251734 0.8734363 1.0460731 1.0534502 0.7597433 0.6966084 0.6453839 0.7552799 0.8621510 0.8621510 0.4939618 0.6231266 0.9440946 1.0266128 0.8110698 0.7002485 1.0601684 1.0536646 0.8423497 0.8423497 1.4566486 1.0049271 1.0141663 1.1109376 0.9886529 0.9886529 1.3535288 1.1720211 1.1720211 0.9808351 1.1100455 0.7664570 2.0717605 1.0073451 1.0736004 1.0891349 2.0334221 1.0534421 1.1042117 1.0165511 0.8816411 1.1354659 0.8764049 1.0530326 0.9788954 1.1446171 1.3711636 1.5379033 0.5911398 1.0239883 1.1571630 1.3137621 1.9706029 1.8591002 1.9097474 1.2803917 1.6289633 1.0824585 1.4674575 1.4674575 2.8627130 2.3972110 2.4903052 1.9964348 2.3571231 1.6662929 1.6190275 1.7927323 2.1044017 2.1044017 2.0692270 2.1461019 2.1454934 2.2939845 2.6006911 2.5392115 2.1518416 1.8858500 2.0018832 2.1403146 2.6476850 2.4982081 2.6147000 2.2253052 2.6920000 1.9326893 2.6394644 2.2704054 3.5890603 2.9551594 1.2430538 2.9961915 3.6864574 2.3773684 
Adig_XM_015894174.1                                     0.8848985 0.9038427 1.2232567 0.9017802 0.8850933 0.9152466 0.7041025 0.7881798 0.5090141 0.1601537 0.5660975 0.4829931 0.4316994 0.4298623 0.0911143 0.1815102 0.0986900 0.0849057 0.0820804 0.0093417 0.0030245 0.0000000 0.2238448 0.2409742 0.7865908 0.7868584 0.7785110 0.7835264 0.8170363 0.7943036 0.7943036 0.5067255 0.5161032 0.5575376 0.5386532 0.6409817 0.6409817 0.3845046 0.4356649 0.7702768 0.8618253 0.3435122 0.3319045 0.8441142 0.8441142 0.3295514 0.3295514 0.0000010 0.8226161 0.8226161 0.8687197 0.8687197 0.8687197 1.1436095 1.1436095 1.1436095 0.8687197 0.8486514 0.8486514 0.0000010 0.8345453 0.8345453 0.8320959 2.0184892 0.8079646 0.8079646 0.8079646 0.8220513 0.7540983 0.6876993 0.8860643 0.4634217 1.2222572 0.9793585 2.4292163 0.5942815 0.8412395 0.8096802 0.4365402 1.6025861 1.4352730 1.3531222 1.2770158 1.2732192 1.3037793 0.9265742 0.9265742 2.4895300 1.3894391 1.6771536 0.4252657 2.0990421 1.6592936 1.7010841 1.5378969 1.7961983 1.7961983 1.5717214 1.7993201 1.7890857 1.7577114 1.4999392 1.4403099 1.7472202 1.9535745 1.5220585 1.7699262 2.2691937 1.9785566 2.0774353 1.7249345 2.0206129 1.3803733 2.0995523 2.4205734 4.0462465 2.2213939 0.0000010 0.0000010 4.1139543 2.0831856 
Nvec_NVE2795                                            1.2746208 1.2666408 1.2736236 1.2592584 0.9541206 1.1929368 1.0038382 0.8779660 0.6870858 0.1780686 0.7504105 0.6172494 0.5948577 0.5705491 0.2790566 0.3250515 0.2621375 0.2558298 0.2598144 0.2823546 0.2950803 0.2238448 0.0000000 0.2108580 0.9612904 0.9664389 0.9448757 0.9452717 0.8928713 0.9509826 0.9557321 0.7113655 0.7113455 0.6763524 0.7296450 0.7975757 0.7938371 0.5699829 0.6913803 0.9350033 1.0507060 1.0071484 0.8935147 1.1561079 1.1534567 0.9409263 0.9409263 1.4286345 1.1406113 1.1476152 1.1701058 1.1022800 1.1022800 1.3034834 1.2122009 1.2122009 1.0951614 1.1475614 0.9797749 1.9409563 1.0921074 1.1524423 1.1585944 2.0090643 1.1712930 1.2002838 1.1476334 0.9707480 1.0862343 0.9982876 1.0720204 1.0583446 1.3598526 1.3535889 1.6296050 0.6771782 1.0615745 1.0588251 1.4357031 1.7441184 1.7240648 1.6751614 1.3649785 1.6154625 1.4346530 1.2101247 1.2101247 2.7574581 2.1964319 2.3352581 1.7743725 2.4862989 1.6660726 2.5929826 2.0253622 2.0634513 2.0634513 2.0259672 2.2330851 2.1064159 2.0961132 2.4116492 2.4042403 2.1434003 2.1299306 2.0175672 2.1411728 2.5366876 2.4880457 2.7287877 2.2570894 2.5611337 1.9788463 2.5144824 2.5530117 3.6865955 3.1480056 1.4104737 2.2788771 3.5349823 3.9654460 
Exapal_XM_021055213.1                                   1.2765915 1.3083946 1.3526191 1.2610455 0.9718599 1.1866917 1.0247136 0.9455428 0.6657280 0.1948569 0.8071152 0.6478210 0.6565140 0.6396927 0.3270782 0.3725253 0.3144107 0.2959713 0.3063075 0.3178678 0.3156931 0.2409742 0.2108580 0.0000000 0.9965837 1.0035867 1.0026372 0.9985361 0.9500756 0.9831494 0.9872611 0.7461962 0.7377857 0.7165386 0.7393738 0.7835849 0.7799187 0.5767742 0.7131788 0.9418054 1.0784749 0.9647951 0.8254313 1.1936240 1.1951805 0.9238218 0.9238218 1.4097503 1.1713330 1.1670220 1.2174572 1.1519288 1.1519288 1.3652196 1.2771257 1.2771257 1.1347991 1.2057030 1.0261657 2.2973876 1.1132579 1.1729858 1.1752311 2.0385537 1.1806844 1.2060637 1.1455087 1.0135327 1.1296160 1.0274993 1.1085916 1.0845030 1.4395641 1.3663319 1.5519081 0.7236937 1.0508851 1.0726085 1.4143233 1.8010973 1.7380897 1.6930166 1.3520007 1.6403648 1.4714843 1.2420224 1.2420224 2.7697747 2.2308807 2.3810582 1.7634546 2.5592877 1.6466532 2.7239842 2.0261636 2.0529616 2.0529616 1.9566387 2.2344369 2.0888799 2.1532526 2.4279113 2.4610155 2.1478921 2.2612189 1.9606939 2.1568085 2.5004790 2.4871359 2.6521147 2.2575689 2.6342941 1.9332632 2.5147024 2.5701154 3.6415721 3.1898642 1.3722798 2.3809810 3.5053362 3.8622192 
HoiH23_PlH23_005311-RA                                  1.5077591 1.5067409 1.5871921 1.4676199 1.1579702 1.3895904 1.2862164 1.9280878 1.0408182 0.1422957 1.2545187 1.1144977 1.1307848 1.1020918 1.0446348 1.1523107 1.0391084 1.0246052 1.0144181 1.0452129 1.0434015 0.7865908 0.9612904 0.9965837 0.0000000 0.0271185 0.0723866 0.0676766 0.0921057 0.1574356 0.1564089 1.0257148 1.0529978 1.0459780 1.1229013 1.0834092 1.0804158 1.1304171 1.2492822 1.2358208 1.3367332 1.1813039 1.0265869 1.4304952 1.4233262 1.1690216 1.1690216 1.8791766 1.3751233 1.3647384 1.4414706 1.3508213 1.3508213 1.6714242 1.5438360 1.5438360 1.3394637 1.4479868 1.2723065 2.3710587 1.3618696 1.4288822 1.4384234 2.3103308 1.4494776 1.4680585 1.4743260 1.1805038 1.3689099 1.1606903 1.3253159 1.0949745 1.7817403 1.6588371 2.2692337 1.2139811 1.3804075 1.4587700 1.6560016 2.1632095 2.0543357 2.0627830 1.5241295 1.7187772 1.4446892 1.4678856 1.4678856 2.8904689 2.4505877 2.5152386 2.2813054 2.6440025 1.8448245 2.5877149 2.1025123 2.1873774 2.1873774 2.1096606 2.1861419 2.1396174 2.1733898 2.7709184 2.7551702 2.3318597 2.3544616 2.3046459 2.4144081 2.6112889 2.6920885 2.7485261 2.5391867 2.6787019 2.1950423 2.4534924 2.9453087 4.0455851 3.4560384 2.3948536 2.2584930 3.9040775 4.2069310 
HoiH06_mRNA5738                                         1.5194950 1.5148471 1.5987501 1.4742895 1.1634493 1.3846170 1.2674094 2.1207514 1.0477232 0.1422957 1.2607362 1.1265809 1.1392580 1.1108058 1.0429139 1.1555964 1.0450868 1.0308714 1.0194603 1.0509340 1.0408095 0.7868584 0.9664389 1.0035867 0.0271185 0.0000000 0.0622645 0.0610320 0.0899966 0.1457981 0.1447737 1.0160413 1.0417442 1.0335638 1.1161940 1.0897897 1.0867848 1.1313817 1.2421272 1.2360963 1.3408956 1.1824969 1.0278308 1.4347680 1.4276209 1.1770119 1.1770119 1.8957753 1.3788938 1.3692354 1.4414500 1.3503896 1.3503896 1.6711815 1.5427402 1.5427402 1.3390421 1.4604044 1.2770574 2.4442802 1.3746186 1.4425101 1.4546350 2.3023618 1.4467236 1.4702259 1.4776182 1.1857268 1.3946977 1.1638149 1.3209737 1.1041128 1.7675463 1.6664772 2.2910553 1.2051664 1.3667052 1.4773440 1.5813040 2.1461748 2.0495506 2.0502837 1.5299558 1.7184184 1.4446892 1.4545789 1.4545789 2.8247959 2.4291650 2.5090756 2.2607899 2.6228615 1.8732814 2.6238778 2.0716558 2.1625898 2.1625898 2.0818703 2.1521222 2.1209504 2.1502143 2.7046132 2.6894292 2.3052089 2.3342888 2.2953912 2.3754808 2.5999649 2.6510697 2.7199874 2.5112868 2.6378766 2.1612604 2.4423053 2.8953125 3.9801522 3.4642363 2.3462332 2.3972189 3.8581743 4.1742976 
Hhon_g00457.t1                                          1.5443979 1.5215622 1.6315644 1.4742565 1.1509256 1.3814009 1.2714933 1.9206444 1.0086712 0.1422957 1.2111399 1.0744207 1.0975661 1.0697153 1.0267460 1.1350634 1.0241692 1.0165827 1.0074563 1.0332676 1.0241750 0.7785110 0.9448757 1.0026372 0.0723866 0.0622645 0.0000000 0.0062946 0.0936413 0.1483147 0.1472871 0.9815042 1.0260879 1.0202900 1.1183263 1.0571435 1.0542358 1.1241339 1.2281291 1.2348990 1.3520365 1.1263434 0.9820151 1.4168917 1.4060278 1.1057153 1.1057153 1.7301475 1.3710061 1.3652777 1.4451488 1.3439139 1.3439139 1.6890297 1.5432003 1.5432003 1.3395809 1.4155024 1.2594215 2.1978644 1.3675716 1.4241047 1.4593855 2.2134193 1.4275019 1.4603860 1.4665803 1.2053600 1.3868005 1.1789238 1.3454523 1.1062536 1.7734618 1.6399947 2.4333594 1.2128439 1.3435448 1.4457035 1.4910531 2.1139006 2.0065329 2.0332406 1.5386464 1.7373377 1.4446892 1.4552306 1.4552306 2.8616151 2.5178954 2.5168570 2.1837658 2.6060921 1.8745049 2.7326451 2.1076756 2.1678774 2.1678774 2.1131388 2.1760645 2.0973432 2.1232605 2.6871029 2.6721156 2.2927986 2.3510452 2.2935910 2.3932290 2.5911906 2.6549717 2.7570619 2.5554194 2.6441119 2.2009052 2.4701879 2.8862399 3.9676335 3.4126817 2.3238284 2.1935134 3.7984609 4.2913754 
HoiH04_mRNA237                                          1.5375449 1.5148402 1.6239516 1.4726145 1.1500748 1.3796359 1.2676082 1.9206444 1.0058025 0.1422957 1.2158544 1.0678931 1.0998827 1.0675947 1.0255925 1.1338041 1.0230150 1.0154378 1.0071289 1.0321067 1.0251734 0.7835264 0.9452717 0.9985361 0.0676766 0.0610320 0.0062946 0.0000000 0.0910074 0.1483143 0.1472883 0.9858471 1.0297594 1.0260335 1.1244142 1.0626716 1.0597463 1.1305958 1.2272127 1.2321027 1.3361117 1.1305392 0.9854536 1.4159232 1.4037808 1.1083288 1.1083288 1.7357178 1.3679272 1.3614713 1.4416465 1.3419637 1.3419637 1.6821246 1.5386393 1.5386393 1.3376196 1.4116707 1.2562546 2.1759751 1.3643622 1.4208654 1.4574341 2.1997058 1.4256409 1.4584977 1.4643064 1.2053600 1.3891180 1.1766401 1.3418904 1.1012945 1.7634430 1.6366494 2.4333594 1.2204560 1.3361391 1.4388324 1.4910531 2.1041916 1.9963377 2.0303427 1.5386464 1.7335821 1.4446892 1.4516030 1.4516030 2.8539236 2.5087140 2.5115153 2.2148385 2.5922026 1.8589783 2.6742297 2.1050782 2.1551781 2.1551781 2.0998053 2.1631754 2.0931615 2.1120185 2.6800876 2.6651324 2.2888783 2.3375902 2.2842817 2.3871652 2.5865272 2.6538944 2.7603512 2.5471586 2.6228936 2.1970988 2.4722129 2.8464523 3.9551135 3.4081402 2.3191539 2.1792320 3.7850670 4.2299697 
HoiH11_mRNA1223                                         1.4808851 1.4534108 1.5306012 1.4897157 1.1620367 1.4174826 1.2509415 1.9142029 0.9433026 0.1609192 1.1606067 1.0311819 1.0325506 1.0019964 0.9488182 1.0412255 0.9403403 0.9324004 0.9263162 0.9598102 0.8734363 0.8170363 0.8928713 0.9500756 0.0921057 0.0899966 0.0936413 0.0910074 0.0000000 0.1370907 0.1359716 1.0008745 1.0147070 1.0715607 1.0108658 1.0435824 1.0404954 1.0344094 1.1345792 1.1715872 1.3176914 1.1594938 1.0078933 1.3690213 1.3690213 1.1575170 1.1575170 1.8170488 1.3023334 1.3023334 1.3259184 1.3259184 1.3259184 1.5158025 1.5158025 1.5158025 1.3259184 1.3650973 1.2775523 1.4173009 1.3220481 1.3220481 1.3222244 1.8781329 1.3748260 1.3748260 1.3748260 1.2358288 1.3847796 1.2173627 1.3538158 1.1507453 1.7497458 1.5286400 1.9798124 1.2522657 1.3118744 1.3733433 1.4642864 2.1313284 1.9273742 1.9516121 1.5778745 1.6143103 1.4923743 1.4588723 1.4588723 2.9135524 2.5151159 2.5905749 1.9727278 2.6962066 1.8653559 2.6113529 2.1272969 2.2187284 2.2187284 2.1540376 2.2004448 2.1593435 2.1016451 2.6711236 2.6590452 2.2636971 2.4026392 2.2766218 2.4602332 2.7037033 2.7799939 2.8026806 2.5734688 2.7495700 2.2123426 2.4600139 3.0236015 4.1103869 3.4345889 1.2940186 1.5131857 3.9663619 4.6038170 
TrH2_TrispH2_002737-RA                                  1.4849294 1.4742672 1.6077561 1.4688106 1.1290430 1.3761398 1.2708319 1.7771176 1.0293881 0.1587039 1.2877835 1.1072700 1.1243334 1.0899385 1.0478920 1.1448117 1.0467172 1.0367549 1.0188196 1.0401605 1.0460731 0.7943036 0.9509826 0.9831494 0.1574356 0.1457981 0.1483147 0.1483143 0.1370907 0.0000000 0.0020810 1.0216162 1.0684239 1.0222078 1.1223306 1.0748536 1.0718857 1.1522116 1.2561263 1.2408569 1.3336202 1.0888140 0.9335262 1.3987924 1.3767885 1.0569899 1.0569899 1.5831475 1.3663267 1.3622833 1.4445432 1.3499034 1.3499034 1.6868999 1.5527714 1.5527714 1.3433460 1.4329261 1.2754186 2.3567473 1.3525214 1.4203271 1.4412853 2.1987524 1.4042054 1.4422180 1.4568032 1.2238169 1.3639140 1.1725510 1.3428139 1.1226147 1.8474387 1.6451271 2.1993368 1.2126023 1.3480645 1.4528010 1.4767563 2.1295147 1.9997125 1.9885254 1.5504944 1.7315424 1.4295659 1.4108403 1.4108403 2.8830321 2.4799758 2.4868142 2.0357985 2.6084545 1.8744463 2.6127208 2.0571236 2.1724102 2.1724102 2.0404780 2.1508527 2.1160006 2.1296388 2.5997700 2.5855371 2.3071223 2.3313416 2.2533877 2.4085545 2.5134120 2.5866797 2.6835072 2.4829014 2.5886674 2.1081499 2.4845996 2.8961272 3.7739508 3.4415964 2.2738659 2.1803672 3.7546112 4.1081649 
Tadh_wf_g2603.t1                                        1.4901786 1.4794523 1.6077561 1.4762905 1.1338143 1.3833423 1.2780668 1.8247892 1.0310276 0.1587039 1.2836063 1.1097518 1.1284773 1.0935792 1.0549303 1.1524218 1.0537663 1.0437543 1.0238834 1.0471864 1.0534502 0.7943036 0.9557321 0.9872611 0.1564089 0.1447737 0.1472871 0.1472883 0.1359716 0.0020810 0.0000000 1.0249729 1.0720627 1.0258888 1.1242469 1.0785074 1.0755265 1.1560067 1.2606207 1.2449458 1.3382613 1.0928964 0.9371148 1.4030443 1.3809911 1.0595708 1.0595708 1.5874320 1.3704931 1.3664381 1.4490882 1.3544453 1.3544453 1.6926771 1.5584975 1.5584975 1.3479123 1.4371181 1.2794789 2.3567473 1.3567100 1.4245198 1.4455022 2.1987524 1.4083704 1.4464155 1.4610225 1.2293358 1.3700802 1.1801739 1.3486516 1.1260948 1.8474387 1.6497942 2.1993368 1.2159790 1.3526432 1.4546476 1.4767563 2.1360719 2.0029719 1.9939925 1.5586837 1.7311937 1.4295659 1.4190186 1.4190186 2.8965662 2.5013649 2.4924723 2.0212303 2.6194959 1.8798825 2.6127208 2.0680659 2.1688536 2.1688536 2.0567535 2.1535561 2.1205022 2.1315413 2.5824051 2.5682966 2.3202023 2.3313416 2.2745753 2.4112148 2.5132275 2.5895484 2.6861087 2.4824591 2.5938870 2.1222467 2.4862539 2.9111046 3.7803459 3.4541945 2.2738659 2.1803672 3.7637244 4.1081649 
