79
Emue_Em0003g651a.t1                                 0.0000000 0.3257288 1.1873538 1.3042502 0.9409689 2.1868469 2.1868469 1.7597797 2.0252474 1.7456334 1.7173283 1.7091598 2.1351599 2.4436601 1.4828782 2.3444903 2.1617923 1.7733889 2.0788503 1.8976092 1.9644766 1.4621454 1.8343912 1.4006231 1.7091180 1.7024582 2.1812575 1.9261394 1.7876656 2.1948184 2.2260008 2.4630440 1.9300234 1.9300234 2.4214122 1.7553746 1.8177195 3.2850883 2.4034781 2.1553342 2.1096845 2.3153282 2.1978534 2.3312430 2.9155156 2.3404399 2.3497720 2.0253484 2.0995225 3.5009302 2.0705037 2.1449876 3.5455364 2.6391942 2.1786338 2.4914008 2.4233331 2.2883938 2.2883938 2.3050526 2.3050526 2.6908623 2.4677307 2.7185762 3.5768166 2.7741677 2.7741677 2.6036756 2.2965725 2.3446742 1.8977056 1.9802088 3.6397904 3.2474419 3.3202220 3.2128873 3.1849830 3.2495270 3.1242933 
Spolac_c91975_g1_i1_m.7398c91975-g1                 0.3257288 0.0000000 1.4889176 1.4213847 1.0147510 2.3772381 2.3772381 1.7707169 1.8443606 1.8559806 1.6828409 1.8738788 2.0024805 2.1890983 1.5404569 2.0327259 2.0058663 1.6612303 1.9047126 1.9410452 1.7742563 1.3812990 1.6880581 1.4019865 1.7087373 1.5433183 2.0421109 1.9511681 1.9772294 2.2476397 2.1743090 2.3492866 2.0513345 2.0513345 2.7040746 1.8477898 2.0531826 2.9445774 2.2822885 2.0571453 1.7401211 2.4027960 2.1602155 2.3457607 2.7718957 2.2824086 2.0291142 2.0437919 1.8690353 3.4386818 1.9625884 1.9907109 3.1938863 2.5248203 2.1028098 2.4684548 2.3633300 2.1348579 2.1348579 2.0996908 2.0996908 2.7680124 2.6125195 2.7036748 4.6384797 2.4450066 2.4450066 2.3660532 2.3556935 2.3864022 1.7994032 2.1085654 3.4156664 3.0447592 3.0693899 3.0277669 3.0026731 3.1138127 2.9769402 
Aque_Aqu2.1.24260_001                               1.1873538 1.4889176 0.0000000 1.0367963 1.5754398 2.3123614 2.3123614 2.0423238 2.1160325 2.0794145 1.8759080 2.1054536 2.1339937 2.2076163 1.8549088 2.3077406 2.4767513 1.8607434 2.2863697 2.0371698 2.1057980 1.7286061 1.9327205 1.6559325 1.8887040 2.0129783 2.3327344 1.7225563 2.2357226 1.9161352 1.9377333 1.9470376 1.9632766 1.9632766 2.2918525 1.4442528 1.5794149 2.7958707 2.0134580 1.8922046 1.9852839 1.9891667 2.5011014 2.0608827 2.9193192 2.4135885 2.3947054 1.9386625 1.8384754 3.8607575 2.0626220 2.0254723 2.6083943 2.6379135 1.8344859 3.0415555 1.8699604 2.2220987 2.2220987 2.1500387 2.1500387 2.9644922 2.7896720 3.2595278 4.3691679 2.4282613 2.4282613 2.4167929 2.6315717 2.1528319 2.1416902 2.1823585 4.0111067 3.5709315 3.6501228 3.3156608 3.3316480 3.5302858 3.6666038 
Xestes_maker-XT_scaffold1466-snap-gene-0.28-mRNA-1  1.3042502 1.4213847 1.0367963 0.0000000 1.3756867 2.1393378 2.1393378 1.9471508 1.9813407 2.0494874 1.9730249 2.0989714 2.2545542 2.3625080 2.0210024 2.1562327 2.0754521 1.7512975 1.9408895 1.9179808 1.8673119 1.9186303 1.7970461 1.7280390 2.0151758 1.8871694 1.9698030 1.8166387 1.9257387 1.8509802 2.0150574 1.8821049 1.7701719 1.7701719 2.4616127 2.0567800 2.2018724 2.6758661 1.9010423 1.6436230 2.7104657 1.6926541 1.8153411 1.9736429 2.7558767 1.9877815 1.9874343 1.8153303 1.5191247 4.6645766 1.8491134 1.8569636 2.5087408 2.1863490 2.7129338 2.9811457 1.9663300 2.0847263 2.0847263 2.0847263 2.0847263 2.6803198 2.6763659 2.8465646 3.8886285 2.2612206 2.2612206 2.1843501 2.7872779 2.3782141 2.0349401 2.0400581 3.4834511 3.6739842 3.6748701 3.7838559 3.7838559 3.8813266 3.8813266 
Stycar_maker-SC_scaffold14797-snap-gene-0.12-mRNA-1 0.9409689 1.0147510 1.5754398 1.3756867 0.0000000 1.8328281 1.8328281 1.6572896 2.1284875 1.7495290 1.7187907 1.6284993 1.6149075 1.6767882 1.4759880 1.6859769 1.4323860 1.3855248 1.4672760 1.5899968 1.5498687 0.9817083 1.4637737 1.1263427 1.0266160 1.6221076 1.9961815 1.6331794 1.9183670 2.0349662 1.9382831 2.2074740 1.6779604 1.6779604 2.2441509 1.4450881 1.5372542 3.2636291 2.1707689 1.7720128 1.2019103 1.7591397 2.2068688 1.7745328 2.5343346 2.1353504 1.9821388 1.7922341 1.9145289 3.9581676 1.5354269 1.6775447 2.3008657 2.4429631 1.3749138 2.0837059 2.1553407 2.0456340 2.0456340 2.0568802 2.0568802 2.4457787 2.5341696 2.7220894 3.4675918 2.3324902 2.3324902 1.8602220 2.1073134 2.1663840 1.6711059 1.6176870 2.8375705 3.1644198 3.3377203 3.0351937 3.0329807 3.5156273 3.2706704 
Bralan_BLAG03000191_1                               2.1868469 2.3772381 2.3123614 2.1393378 1.8328281 0.0000000 0.0000010 1.0106736 1.2771698 0.9541337 1.2184019 0.9359862 1.7962766 2.0084340 1.2756380 1.5195302 1.8695266 1.4830837 1.7197529 1.3332886 1.4322129 1.1735019 1.5059203 1.3170778 1.5044321 1.7969346 1.4792789 1.3998209 0.8274692 1.6146934 1.6971771 1.7905278 1.3982286 1.3982286 1.6079940 1.0150764 1.2296109 1.9122791 1.5129025 1.6635875 1.1200563 1.4430595 1.5196480 1.6159661 2.0926939 1.4491822 1.7823048 1.9346274 1.6152184 3.8242625 1.5041589 1.6187876 2.2259313 1.4332357 1.8331717 2.2911237 1.6573192 2.6268812 2.6268812 2.7032003 2.7032003 3.0622557 3.4721578 3.6891316 4.3843367 2.9247407 2.9247407 3.0993885 2.6988333 2.8741671 2.0616665 2.5327278 2.5630877 2.9118524 2.9648201 2.7543019 2.7781934 3.0415208 2.8395250 
Bralan_BLAG03000239_1                               2.1868469 2.3772381 2.3123614 2.1393378 1.8328281 0.0000010 0.0000000 1.0106736 1.2771698 0.9541337 1.2184019 0.9359862 1.7962766 2.0084340 1.2756380 1.5195302 1.8695266 1.4830837 1.7197529 1.3332886 1.4322129 1.1735019 1.5059203 1.3170778 1.5044321 1.7969346 1.4792789 1.3998209 0.8274692 1.6146934 1.6971771 1.7905278 1.3982286 1.3982286 1.6079940 1.0150764 1.2296109 1.9122791 1.5129025 1.6635875 1.1200563 1.4430595 1.5196480 1.6159661 2.0926939 1.4491822 1.7823048 1.9346274 1.6152184 3.8242625 1.5041589 1.6187876 2.2259313 1.4332357 1.8331717 2.2911237 1.6573192 2.6268812 2.6268812 2.7032003 2.7032003 3.0622557 3.4721578 3.6891316 4.3843367 2.9247407 2.9247407 3.0993885 2.6988333 2.8741671 2.0616665 2.5327278 2.5630877 2.9118524 2.9648201 2.7543019 2.7781934 3.0415208 2.8395250 
Hsap_ENST00000278200                                1.7597797 1.7707169 2.0423238 1.9471508 1.6572896 1.0106736 1.0106736 0.0000000 1.2875415 0.8494545 1.0500654 0.7897834 1.6793823 1.7917628 1.2526815 1.5496406 1.8192107 1.3931239 1.4924934 1.3448370 1.3252410 0.9501733 1.2814284 1.1873843 1.2496785 1.3161986 1.5519777 0.9951580 0.9812171 1.6214342 1.6315701 1.8385501 1.4931786 1.4931786 1.8327623 1.0989769 1.4075449 2.1471538 1.5981135 1.5189200 1.2120765 1.6298137 1.6238125 1.6292507 1.9044269 1.7309538 1.8100484 1.9189136 1.4903630 3.2015045 1.4500142 1.5528075 2.3902330 1.6374684 1.5381847 2.1252166 1.7866659 2.4540442 2.4540442 2.4139057 2.4139057 2.8282891 2.9772615 3.3275311 5.3223540 2.6546445 2.6546445 2.8893395 2.4945160 2.7179328 2.2243844 2.4347725 2.7313240 2.8432931 2.8337255 2.4950964 2.5174091 2.7267636 2.6467136 
Cscu_XM_023356691.1                                 2.0252474 1.8443606 2.1160325 1.9813407 2.1284875 1.2771698 1.2771698 1.2875415 0.0000000 0.8442407 1.0426288 1.2445104 1.6973228 1.8160382 1.3373617 1.5403984 1.9409725 1.5188951 1.9006585 1.3229395 1.4100815 1.1751550 1.5314028 1.3623594 1.5157030 1.5887089 1.7264173 1.2336104 1.2499514 1.7828373 1.6489824 1.7771270 1.6689713 1.6689713 1.6365606 1.1156555 1.3866509 3.0059967 2.0754635 1.9709841 1.9129348 1.8346448 1.6675103 1.8701611 2.0768751 1.9482300 1.9091231 1.8793711 1.7437306 3.7503478 1.5427489 1.6793041 2.4260655 1.5160500 2.1205739 2.6222500 1.5068231 2.2147543 2.2147543 2.2568960 2.2568960 2.3789751 2.7528004 3.1861779 4.7854044 2.5038175 2.5038175 2.4392182 2.5649767 2.5823813 1.9877156 2.6817549 2.7684267 3.0108408 2.9660827 2.8726123 2.8296111 2.8493384 2.6040545 
Tcas_TC007631_001                                   1.7456334 1.8559806 2.0794145 2.0494874 1.7495290 0.9541337 0.9541337 0.8494545 0.8442407 0.0000000 0.7471484 0.9023575 1.8485194 2.0613362 1.2439782 1.6023635 1.8560757 1.4386981 1.6646000 1.3079020 1.2665250 1.1165725 1.2659797 1.2270114 1.5121360 1.5727730 1.7369507 1.0625034 0.9621783 1.3843293 1.4703766 1.6067587 1.4096379 1.4096379 1.8159353 1.0713700 1.3071895 2.3591418 1.6828442 1.6950162 1.2654603 1.5176830 1.5106657 1.4204438 1.8417901 1.3819721 1.7197504 1.5915960 1.7191579 3.6329489 1.4551563 1.5437271 1.9954252 1.6496452 1.5861076 2.4275509 1.6494701 2.2471067 2.2471067 2.1927304 2.1927304 2.3764584 2.8046012 3.4330734 4.5794415 2.8109734 2.8109734 2.6272779 3.1066819 2.8726592 1.8655999 2.7352669 2.6860277 2.9424497 3.0053920 2.7425106 2.7672851 3.0590440 2.8116963 
Dpul_mRNA1791                                       1.7173283 1.6828409 1.8759080 1.9730249 1.7187907 1.2184019 1.2184019 1.0500654 1.0426288 0.7471484 0.0000000 1.0938312 1.7273447 1.7476576 1.2299194 1.6437837 1.9585744 1.5070051 1.6996723 1.4093724 1.4120893 1.0766124 1.4267946 1.2230707 1.5788134 1.5063269 1.8595227 1.3041004 1.1459598 1.5656919 1.3833479 1.5966941 1.3968788 1.3968788 1.8413962 1.0855225 1.2105853 2.2405914 1.6700587 1.6323139 1.4380813 1.5585249 1.6177609 1.5003169 1.9045358 1.7956511 1.7100270 1.6788655 1.6506194 2.8391184 1.1494254 1.1951169 1.9431545 1.7755421 1.5045054 1.9340467 1.7179289 2.1548134 2.1548134 2.1270009 2.1270009 2.4195396 2.7191937 3.2578393 4.3568283 2.3212392 2.3212392 2.3431741 2.6714232 2.4627179 1.8321624 2.3835906 2.4462781 2.8175792 2.7950610 2.8083369 2.8040931 2.7821250 2.6398420 
Skow_XM_006818393.1                                 1.7091598 1.8738788 2.1054536 2.0989714 1.6284993 0.9359862 0.9359862 0.7897834 1.2445104 0.9023575 1.0938312 0.0000000 1.7052225 2.0090987 1.1464712 1.6578591 2.1066574 1.5766700 1.4608231 1.2566696 1.2904226 1.0434107 1.3094150 1.1938615 1.4403902 1.5422246 1.6189590 1.1781450 0.9244888 1.7503196 1.6624988 1.8446361 1.4816597 1.4816597 1.5432259 1.0043293 1.2442478 2.0693834 1.6249901 1.7320065 1.2417643 1.6845603 1.5480489 1.7194524 2.0754431 1.7618929 2.0526786 2.1373747 1.6385236 3.4846236 1.4996674 1.6095743 2.0755176 1.6096408 1.7926952 2.0622217 1.9314560 2.3832479 2.3832479 2.4005653 2.4005653 2.6073518 2.7236275 2.9943114 4.4193559 3.0167943 3.0167943 2.3657030 2.5870168 2.6736891 2.0513816 2.2737672 2.5148025 3.2146764 3.2442373 2.9717830 2.9830657 2.7428909 2.5634223 
Spis_XP_022780588_1                                 2.1351599 2.0024805 2.1339937 2.2545542 1.6149075 1.7962766 1.7962766 1.6793823 1.6973228 1.8485194 1.7273447 1.7052225 0.0000000 0.1842269 0.4454489 0.3802604 0.9949065 0.5403621 1.0755740 1.1010800 1.0971194 0.7551795 1.0008761 0.8097018 0.9882656 1.3633277 1.3400532 1.7465275 1.9363206 2.0582513 2.0755507 2.0859310 1.8865479 1.8865479 2.0651049 1.3028878 1.3157553 2.8798210 2.1189237 2.3170111 1.5139455 2.0620949 2.0975741 2.0796294 2.4886238 1.8612181 1.9348161 2.1168759 2.1098378 3.7070603 1.6607213 1.9137649 3.1169258 1.5903442 2.0681726 2.0330057 1.8220829 2.3887548 2.3887548 2.4097197 2.4097197 2.2895947 2.4413144 2.8400811 3.8687615 2.1665961 2.1665961 2.0106371 1.9597614 2.3145400 2.2006021 2.1697963 1.1253467 3.7258937 3.7632683 3.5755352 3.5437262 3.3014649 3.1688804 
Pocdam_XM_027183458.1                               2.4436601 2.1890983 2.2076163 2.3625080 1.6767882 2.0084340 2.0084340 1.7917628 1.8160382 2.0613362 1.7476576 2.0090987 0.1842269 0.0000000 0.4787980 0.4433409 0.9931463 0.6499562 1.1659263 1.2276117 1.2029580 0.8392139 1.1509060 0.8935540 1.0049703 1.4374184 1.3794053 1.9220977 2.2356211 2.3174087 2.2449599 2.3652464 2.1205398 2.1205398 2.2529949 1.4493753 1.4381254 2.9467074 2.1308687 2.4072767 1.6027429 2.2211297 2.3849607 2.1408185 2.4875174 2.0674899 2.1502108 2.1838502 2.1672877 3.5836553 1.6780708 1.8911222 2.9679578 1.7765637 1.9877030 2.2269850 1.7343045 2.3844051 2.3844051 2.4284897 2.4284897 2.4997141 2.5820499 3.0349368 4.3107367 2.2459168 2.2459168 2.1716448 2.0125876 2.3173940 2.3984392 2.3103386 1.3206856 3.6245657 3.6608083 3.4803911 3.4501018 3.3629559 3.1987526 
Gasp_gasp1.m3.13512.m1                              1.4828782 1.5404569 1.8549088 2.0210024 1.4759880 1.2756380 1.2756380 1.2526815 1.3373617 1.2439782 1.2299194 1.1464712 0.4454489 0.4787980 0.0000000 0.3039075 1.0954428 0.4405256 0.7696092 0.8921211 0.8654010 0.7220769 0.8131795 0.8451329 0.7732727 0.9987556 1.0737072 1.0801230 1.2058469 1.4742581 1.5271164 1.5726824 1.3186104 1.3186104 1.4615404 1.1179018 1.2467330 1.7995470 1.5675397 1.5145700 0.7292316 1.4617445 1.4400402 1.3573245 2.0417176 1.5568991 1.3744772 1.3144766 1.2817422 3.6080080 0.9483516 1.2449574 3.0857848 0.7120052 1.6055856 1.5773655 1.3482294 1.5316701 1.5316701 1.5316701 1.5316701 1.6087455 1.8177728 2.5250763 5.2653662 1.4478861 1.4478861 1.7036008 1.7211405 1.8324876 1.6229853 1.4640586 0.9028625 2.7074935 2.8075484 2.6377647 2.6377647 2.2535889 2.2535889 
Fspp_ffun1.m4.10527.m1                              2.3444903 2.0327259 2.3077406 2.1562327 1.6859769 1.5195302 1.5195302 1.5496406 1.5403984 1.6023635 1.6437837 1.6578591 0.3802604 0.4433409 0.3039075 0.0000000 0.7989004 0.3333827 0.9762312 1.0608069 1.0306681 0.7177921 0.9739317 0.7991702 0.9252360 1.4955570 1.5226528 1.7104510 1.7658823 1.9378184 1.8565456 1.9808626 1.7428455 1.7428455 1.9875969 1.2519664 1.2568696 2.8050288 1.9968900 2.1679870 1.3452948 1.9107302 1.9732134 2.0609208 2.5735275 1.8142830 1.8304486 2.1491713 1.8359932 3.6067509 1.5517018 1.7403376 2.7815474 1.6123597 1.9707962 1.7782255 1.9199204 2.3265978 2.3265978 2.3186368 2.3186368 2.6203141 2.8088085 3.2370412 4.9004646 2.4056430 2.4056430 2.4090725 2.4170816 2.5459672 2.1884001 2.3267051 1.0453284 3.7222485 3.7997655 3.6748818 3.6359889 3.3668723 3.0989866 
Amil_Amillepora06154-RA                             2.1617923 2.0058663 2.4767513 2.0754521 1.4323860 1.8695266 1.8695266 1.8192107 1.9409725 1.8560757 1.9585744 2.1066574 0.9949065 0.9931463 1.0954428 0.7989004 0.0000000 0.2382757 0.9320424 1.1935510 1.2119542 1.0672209 1.1661813 1.4262636 1.3259114 1.7227678 1.6292718 1.7295221 1.9123388 1.8300791 2.3496897 1.8330341 1.9063642 1.9063642 2.4387386 2.0950936 2.4475911 6.3553559 2.4183572 2.4319858 1.8704416 2.2022157 1.9535549 2.4533048 2.7338711 1.9736018 2.0502223 1.7808003 1.8646252 5.9357107 1.5171482 1.9671987 2.2714715 1.1828903 2.4168577 7.1842660 2.1837371 2.4639790 2.4639790 2.5151011 2.5151011 2.0620608 2.3889579 3.3225358 4.5311538 2.3533031 2.3533031 2.2844038 2.5814996 3.2581900 1.8908918 2.2801223 4.7446998 3.4811309 3.4852180 3.4135567 3.4135567 2.4454706 2.4454706 
Adig_XM_015896765.1                                 1.7733889 1.6612303 1.8607434 1.7512975 1.3855248 1.4830837 1.4830837 1.3931239 1.5188951 1.4386981 1.5070051 1.5766700 0.5403621 0.6499562 0.4405256 0.3333827 0.2382757 0.0000000 0.7829892 0.9510510 0.9547823 0.8084249 0.8826086 1.0458897 0.9682816 1.1525137 1.1546817 1.2397886 1.5067204 1.4359448 1.7384056 1.5073966 1.4131027 1.4131027 1.6170111 1.3369873 1.4375052 2.2454639 1.6823773 1.7141620 1.1125261 1.5846631 1.3674082 1.6167629 2.3286325 1.6492610 1.5829980 1.5648114 1.3529620 3.8452264 1.1400991 1.4216511 2.8408766 1.0977129 1.8377475 2.0519501 1.8010830 1.8826129 1.8826129 1.8826129 1.8826129 1.7937202 2.0600637 2.6318809 4.9843478 1.7401657 1.7401657 1.8736410 2.2240377 2.2053830 1.6653648 1.8058942 1.0988093 3.1799237 3.2432368 3.1768094 3.1768094 2.6677523 2.6677523 
Exapal_XM_021057683.2                               2.0788503 1.9047126 2.2863697 1.9408895 1.4672760 1.7197529 1.7197529 1.4924934 1.9006585 1.6646000 1.6996723 1.4608231 1.0755740 1.1659263 0.7696092 0.9762312 0.9320424 0.7829892 0.0000000 0.8852514 0.8679401 0.5654081 0.8335948 0.5353030 0.2710220 1.2186039 1.2681065 1.5079100 1.6787331 1.5884869 1.6234686 1.5763134 1.2265199 1.2265199 1.9071217 1.2113708 1.3349168 2.4184257 1.6569498 1.6551102 1.3189692 1.4891758 1.5474310 1.6302061 2.3199612 1.5840602 1.9956818 1.7694547 1.3905323 2.9371099 1.5204711 1.6719833 2.6328897 1.6354932 1.8777180 1.6809208 1.9070149 2.5329024 2.5329024 2.4874172 2.4874172 2.3911833 2.3781018 2.8329950 4.0929189 1.9188096 1.9188096 2.1792756 2.1751852 2.1732731 2.1387531 1.7688354 2.0782893 2.8537534 3.0131147 2.7139669 2.7294167 2.8216006 2.8967546 
Nemnom_g13232.t1                                    1.8976092 1.9410452 2.0371698 1.9179808 1.5899968 1.3332886 1.3332886 1.3448370 1.3229395 1.3079020 1.4093724 1.2566696 1.1010800 1.2276117 0.8921211 1.0608069 1.1935510 0.9510510 0.8852514 0.0000000 0.1980354 0.4234477 0.3834364 0.5158252 0.9253489 1.1056784 1.3443575 1.4476021 1.3398365 1.3535045 1.3108440 1.4332019 1.1754653 1.1754653 1.7178905 1.2594558 1.1898771 2.2185924 1.5745761 1.5600479 1.6305205 1.5964844 1.5585085 1.6113305 2.3476866 1.7880063 1.6771084 1.6743970 1.4560402 3.1578753 1.2355563 1.3657833 2.1440443 1.4221534 1.6968829 1.1391200 2.1295462 2.4525578 2.4525578 2.4004803 2.4004803 2.2889616 2.4809358 2.8461839 4.4482791 2.3668285 2.3668285 2.5941812 2.5564948 2.3852790 1.9063613 2.2422037 2.0260289 3.1895145 3.3054683 3.1411355 3.2156852 3.3695778 3.2890828 
Rhoesc_Res_017178-T1                                1.9644766 1.7742563 2.1057980 1.8673119 1.5498687 1.4322129 1.4322129 1.3252410 1.4100815 1.2665250 1.4120893 1.2904226 1.0971194 1.2029580 0.8654010 1.0306681 1.2119542 0.9547823 0.8679401 0.1980354 0.0000000 0.3954318 0.3109160 0.5352876 0.8782689 1.1017674 1.2846818 1.3581849 1.2559557 1.4496458 1.3581340 1.6207743 1.2977805 1.2977805 1.8592812 1.3268018 1.2359111 2.4503886 1.7486424 1.6488025 1.6137013 1.7458326 1.6698325 1.7542527 2.4028884 1.9782404 1.7379119 1.8774634 1.5328959 3.0185585 1.2904495 1.4059872 2.4320813 1.4108610 1.6455091 1.0674312 2.1688363 2.6675284 2.6675284 2.6075280 2.6075280 2.3989724 2.6689687 3.1773233 5.3975335 2.3439468 2.3439468 2.5828581 2.8187785 2.6003967 1.9462260 2.2596051 2.0864323 3.1973807 3.3027838 3.0741722 3.1211846 3.5074222 3.2346923 
Sanmal_Sma_022655-T1                                1.4621454 1.3812990 1.7286061 1.9186303 0.9817083 1.1735019 1.1735019 0.9501733 1.1751550 1.1165725 1.0766124 1.0434107 0.7551795 0.8392139 0.7220769 0.7177921 1.0672209 0.8084249 0.5654081 0.4234477 0.3954318 0.0000000 0.3796752 0.6376822 0.8243552 0.8402920 0.9348944 1.1806914 1.0219901 1.2222764 1.3174736 1.3100300 0.9576623 0.9576623 1.3232752 1.2631219 1.2589227 2.0229134 1.3259607 1.3051955 1.2706053 1.2878127 1.4190669 1.2073059 1.8372000 1.5403647 1.2367606 1.3520125 1.2457248 2.8720264 0.8145300 0.9821914 2.2686483 0.8110425 1.1869531 1.2925640 1.6780620 1.8424061 1.8424061 1.8424061 1.8424061 1.9216618 2.1475466 2.5737338 4.5773599 1.7000454 1.7000454 1.8850927 1.8573250 2.0611824 1.3696834 1.4568601 1.9601239 2.8315201 2.8658630 2.6840789 2.6840789 2.7237073 2.7237073 
Aaur_scaffold500.g10.t1                             1.8343912 1.6880581 1.9327205 1.7970461 1.4637737 1.5059203 1.5059203 1.2814284 1.5314028 1.2659797 1.4267946 1.3094150 1.0008761 1.1509060 0.8131795 0.9739317 1.1661813 0.8826086 0.8335948 0.3834364 0.3109160 0.3796752 0.0000000 0.5478297 0.8345680 1.0803431 1.1544629 1.3801434 1.3971690 1.4150513 1.4013774 1.6409928 1.3067790 1.3067790 1.7348682 1.2387212 1.1733843 2.4436202 1.6562066 1.5470738 1.3543828 1.6685293 1.5593136 1.7004437 2.2972134 1.7508906 1.6093395 1.7369674 1.5198591 2.9046931 1.3194181 1.4488001 2.4101357 1.3569853 1.4357622 1.1122558 2.1721613 2.4452117 2.4452117 2.3737408 2.3737408 2.3515259 2.6191119 3.0477923 4.2944904 2.2537274 2.2537274 2.3728277 2.6331819 2.3689125 1.9821886 2.2168996 1.9249480 3.2893060 3.2450075 3.0872691 3.1342815 3.1178373 2.8918382 
Nvec_v1g248900                                      1.4006231 1.4019865 1.6559325 1.7280390 1.1263427 1.3170778 1.3170778 1.1873843 1.3623594 1.2270114 1.2230707 1.1938615 0.8097018 0.8935540 0.8451329 0.7991702 1.4262636 1.0458897 0.5353030 0.5158252 0.5352876 0.6376822 0.5478297 0.0000000 0.6789350 0.8240670 0.9803256 1.2009776 1.1446715 1.6505419 1.5965239 1.6748137 1.2589091 1.2589091 1.5080669 1.2308433 1.4251222 1.9308199 1.3384026 1.4219405 1.1312650 1.3372240 1.3985677 1.3651095 2.0138907 1.7509872 1.4279200 1.5632578 1.2202698 3.9460362 1.0886781 1.3361972 2.5434432 0.9050511 1.4751493 1.5054821 1.6448427 1.6379739 1.6379739 1.6379739 1.6379739 1.5649102 1.7637752 2.3430113 4.4999031 1.4508421 1.4508421 1.5154239 1.4113284 1.6491647 1.5724556 1.5811883 2.0291344 2.5087566 2.5508334 2.2150950 2.2150950 2.3797572 2.3797572 
Exapal_XM_028656648.1                               1.7091180 1.7087373 1.8887040 2.0151758 1.0266160 1.5044321 1.5044321 1.2496785 1.5157030 1.5121360 1.5788134 1.4403902 0.9882656 1.0049703 0.7732727 0.9252360 1.3259114 0.9682816 0.2710220 0.9253489 0.8782689 0.8243552 0.8345680 0.6789350 0.0000000 1.0165743 1.1442395 1.2011289 1.4972883 1.5770326 1.8126209 1.7515978 1.1147743 1.1147743 1.6853728 1.3414433 1.5497351 2.6561029 1.4851194 1.8251722 1.7270280 1.4552507 1.4771935 1.5666350 2.2142398 1.6912516 1.6370724 1.5167629 1.3148604 3.2878533 1.2737853 1.4684053 3.0161505 1.3841955 1.6953681 1.2123074 1.8875642 2.1860104 2.1860104 2.1860104 2.1860104 1.8745941 2.0955152 2.6431557 4.4710485 1.8753594 1.8753594 2.0943528 1.7412530 2.0975958 1.7276676 1.7041770 1.9054493 3.0337062 2.9817065 2.7490337 2.7490337 2.9233717 2.9233717 
Dgig_XM_028540330.1                                 1.7024582 1.5433183 2.0129783 1.8871694 1.6221076 1.7969346 1.7969346 1.3161986 1.5887089 1.5727730 1.5063269 1.5422246 1.3633277 1.4374184 0.9987556 1.4955570 1.7227678 1.1525137 1.2186039 1.1056784 1.1017674 0.8402920 1.0803431 0.8240670 1.0165743 0.0000000 1.7751935 1.3926806 1.5536075 1.7571665 1.6328759 1.8429379 1.6563912 1.6563912 1.8819819 1.2823310 1.3616832 2.5380761 1.8668741 1.6773098 1.7222849 2.1078725 1.5626564 2.0455764 2.8379412 2.0842433 1.8752722 2.1023699 1.6441400 3.3074748 1.5244580 1.6307365 2.7276560 1.7009112 2.0370165 1.8198917 2.0541493 2.3060363 2.3060363 2.3351159 2.3351159 2.1356748 2.3726113 2.8354280 4.5104005 2.0877218 2.0877218 2.2303971 2.1565427 2.0609488 2.1873658 1.9991307 2.1101221 2.6569782 2.7754852 2.6191872 2.5992730 2.6015634 2.4798460 
Chem_TCONS_00018434                                 2.1812575 2.0421109 2.3327344 1.9698030 1.9961815 1.4792789 1.4792789 1.5519777 1.7264173 1.7369507 1.8595227 1.6189590 1.3400532 1.3794053 1.0737072 1.5226528 1.6292718 1.1546817 1.2681065 1.3443575 1.2846818 0.9348944 1.1544629 0.9803256 1.1442395 1.7751935 0.0000000 1.6493033 1.5393379 1.9312952 1.9341092 2.0627842 1.8050799 1.8050799 1.8084092 1.1552742 1.3978309 3.0791888 2.0406787 1.7176534 1.5264175 1.7563469 1.8185376 1.7114111 2.2961057 1.6973794 2.0614331 1.9492979 1.6155805 3.4665790 1.6574941 1.8128280 2.6814556 1.4435158 2.0911810 2.2362256 2.1780847 2.6394750 2.6394750 2.5204730 2.5204730 2.7488335 2.9400058 3.3213096 5.1601511 2.7721652 2.7721652 2.8104910 2.4211168 2.5321256 2.6868969 2.6155808 2.5893705 3.3262961 3.2733889 3.0607663 3.0809258 3.3019342 3.1194195 
Spur_XM_030989043.1                                 1.9261394 1.9511681 1.7225563 1.8166387 1.6331794 1.3998209 1.3998209 0.9951580 1.2336104 1.0625034 1.3041004 1.1781450 1.7465275 1.9220977 1.0801230 1.7104510 1.7295221 1.2397886 1.5079100 1.4476021 1.3581849 1.1806914 1.3801434 1.2009776 1.2011289 1.3926806 1.6493033 0.0000000 1.3556811 1.4790126 1.6252932 1.6852734 1.3733552 1.3733552 1.7889531 1.3697792 1.5805731 2.5080229 1.7234582 1.7118452 1.9047193 1.4812000 1.7415263 1.4559487 2.0587860 1.4704426 1.8099772 2.0423505 1.5598901 3.6481946 1.5581560 1.6748958 2.4728874 1.4858094 1.7784021 1.9713379 1.8594691 2.4281348 2.4281348 2.4894979 2.4894979 2.2587505 2.5956747 2.9863910 5.1396712 2.4560487 2.4560487 2.2731758 2.3667137 2.5820031 2.3243872 2.2265161 2.3777005 2.5395642 2.4572891 2.3594538 2.3815566 2.3165282 2.1796521 
Acagra_model.g18184.t1                              1.7876656 1.9772294 2.2357226 1.9257387 1.9183670 0.8274692 0.8274692 0.9812171 1.2499514 0.9621783 1.1459598 0.9244888 1.9363206 2.2356211 1.2058469 1.7658823 1.9123388 1.5067204 1.6787331 1.3398365 1.2559557 1.0219901 1.3971690 1.1446715 1.4972883 1.5536075 1.5393379 1.3556811 0.0000000 1.5328003 1.4972546 1.7114476 1.4672081 1.4672081 1.6141540 1.2046552 1.3762435 2.0579492 1.6928399 1.6468270 1.2556706 1.6585960 1.7944919 1.7221513 2.0777548 1.7376810 1.7616855 1.7981587 1.7595797 3.4174030 1.3774498 1.4884804 2.1903434 1.4903025 1.7125303 2.1743452 1.8174126 2.2850616 2.2850616 2.2626415 2.2626415 2.4843221 2.5848882 3.1344350 5.8665701 2.4913016 2.4913016 2.3461365 2.4591977 2.4886448 2.0049955 2.0460934 2.4928508 3.5101745 3.5499076 3.2025090 3.2303878 3.1975205 3.0977072 
Acaspe_EP00035_Acanthoeca_spectabilis_P003216       2.1948184 2.2476397 1.9161352 1.8509802 2.0349662 1.6146934 1.6146934 1.6214342 1.7828373 1.3843293 1.5656919 1.7503196 2.0582513 2.3174087 1.4742581 1.9378184 1.8300791 1.4359448 1.5884869 1.3535045 1.4496458 1.2222764 1.4150513 1.6505419 1.5770326 1.7571665 1.9312952 1.4790126 1.5328003 0.0000000 0.2277339 0.2145187 0.7081087 0.7081087 1.4251845 0.8374541 0.9305126 1.5630376 1.2383716 1.1463979 1.0120068 1.1390737 1.2161958 1.2261717 1.6768346 1.0502708 1.1410407 1.5701331 1.7328071 3.3968316 1.2257341 1.3127691 2.0327035 1.8056160 2.1830211 2.2158521 2.1542269 2.8786064 2.8786064 2.9135388 2.9135388 2.6758530 2.6491694 3.2086164 4.3489497 2.6025681 2.6025681 2.7435869 3.1244299 3.2603123 2.2164344 2.4276286 2.8881223 3.6230646 3.6334254 3.4881286 3.5741740 3.3272328 3.1092467 
Helnan_EP00037_Helgoeca_nana_P010283                2.2260008 2.1743090 1.9377333 2.0150574 1.9382831 1.6971771 1.6971771 1.6315701 1.6489824 1.4703766 1.3833479 1.6624988 2.0755507 2.2449599 1.5271164 1.8565456 2.3496897 1.7384056 1.6234686 1.3108440 1.3581340 1.3174736 1.4013774 1.5965239 1.8126209 1.6328759 1.9341092 1.6252932 1.4972546 0.2277339 0.0000000 0.0901650 0.7178322 0.7178322 1.2295727 0.8629720 0.8304272 1.5308282 1.3256842 1.0571151 1.1520922 1.1404988 1.1103732 1.1420940 1.6490549 1.1769814 1.0988120 1.5876991 1.4981976 2.7648370 1.0680608 1.1994017 2.1850061 1.7127798 2.0929209 2.0430156 2.1500736 2.6113659 2.6113659 2.5570085 2.5570085 2.4510098 2.5079067 3.2760895 5.3788706 2.6761057 2.6761057 2.5908916 3.0089606 3.1929649 2.1252483 2.6936885 2.6882159 3.5628702 3.5811094 3.3594152 3.3944192 3.3450932 3.2422025 
Helnan_EP00037_Helgoeca_nana_P010284                2.4630440 2.3492866 1.9470376 1.8821049 2.2074740 1.7905278 1.7905278 1.8385501 1.7771270 1.6067587 1.5966941 1.8446361 2.0859310 2.3652464 1.5726824 1.9808626 1.8330341 1.5073966 1.5763134 1.4332019 1.6207743 1.3100300 1.6409928 1.6748137 1.7515978 1.8429379 2.0627842 1.6852734 1.7114476 0.2145187 0.0901650 0.0000000 0.7547777 0.7547777 1.3204878 0.8629720 0.8345608 1.6031798 1.3185747 1.0874158 1.1520922 1.1265598 1.2862539 1.2674612 1.7088870 1.0507566 1.1133489 1.5223010 1.6628988 3.2195023 1.2987103 1.3241103 1.9677244 1.8932356 2.2984016 2.3783769 2.2732377 2.8254457 2.8254457 2.8291558 2.8291558 2.5153821 2.5106776 2.8979291 4.5915917 2.7348610 2.7348610 2.5717633 3.0258438 3.2077466 2.3477202 2.6761167 2.8060064 3.5197747 3.6087699 3.4394414 3.5176289 3.3435771 3.2017805 
Stedip_EP00041_Stephanoeca_diplocostata_P015466     1.9300234 2.0513345 1.9632766 1.7701719 1.6779604 1.3982286 1.3982286 1.4931786 1.6689713 1.4096379 1.3968788 1.4816597 1.8865479 2.1205398 1.3186104 1.7428455 1.9063642 1.4131027 1.2265199 1.1754653 1.2977805 0.9576623 1.3067790 1.2589091 1.1147743 1.6563912 1.8050799 1.3733552 1.4672081 0.7081087 0.7178322 0.7547777 0.0000000 0.0000010 1.1824120 0.6313156 0.7502482 1.3595936 1.0847911 1.1392293 0.8533265 0.9509099 1.0476558 1.0039333 1.4688964 0.9095934 1.2927967 1.5021565 1.2734439 3.1229691 1.2989834 1.4583149 2.3322438 1.7851622 1.7202524 1.8136602 2.2480280 2.3266677 2.3266677 2.3827770 2.3827770 2.3712172 2.5657874 3.0401169 4.0667736 2.5418802 2.5418802 2.2886231 2.3723539 2.6458505 1.9909639 2.6849018 2.4530561 3.0663206 3.1299548 3.0249497 3.1009132 3.1796374 2.9740039 
Stedip_EP00041_Stephanoeca_diplocostata_P015467     1.9300234 2.0513345 1.9632766 1.7701719 1.6779604 1.3982286 1.3982286 1.4931786 1.6689713 1.4096379 1.3968788 1.4816597 1.8865479 2.1205398 1.3186104 1.7428455 1.9063642 1.4131027 1.2265199 1.1754653 1.2977805 0.9576623 1.3067790 1.2589091 1.1147743 1.6563912 1.8050799 1.3733552 1.4672081 0.7081087 0.7178322 0.7547777 0.0000010 0.0000000 1.1824120 0.6313156 0.7502482 1.3595936 1.0847911 1.1392293 0.8533265 0.9509099 1.0476558 1.0039333 1.4688964 0.9095934 1.2927967 1.5021565 1.2734439 3.1229691 1.2989834 1.4583149 2.3322438 1.7851622 1.7202524 1.8136602 2.2480280 2.3266677 2.3266677 2.3827770 2.3827770 2.3712172 2.5657874 3.0401169 4.0667736 2.5418802 2.5418802 2.2886231 2.3723539 2.6458505 1.9909639 2.6849018 2.4530561 3.0663206 3.1299548 3.0249497 3.1009132 3.1796374 2.9740039 
Chofle_EP00730_Choanoeca_flexa_P002621              2.4214122 2.7040746 2.2918525 2.4616127 2.2441509 1.6079940 1.6079940 1.8327623 1.6365606 1.8159353 1.8413962 1.5432259 2.0651049 2.2529949 1.4615404 1.9875969 2.4387386 1.6170111 1.9071217 1.7178905 1.8592812 1.3232752 1.7348682 1.5080669 1.6853728 1.8819819 1.8084092 1.7889531 1.6141540 1.4251845 1.2295727 1.3204878 1.1824120 1.1824120 0.0000000 0.3222868 0.2483541 1.9990224 1.5830380 1.2627955 0.8223891 1.3213662 1.5738234 1.4008461 1.9638986 1.4547727 1.4278678 1.9891166 1.5513605 3.3785570 1.3102165 1.5053974 2.2937087 1.8211849 2.3297733 2.4775276 2.3296179 3.0250498 3.0250498 3.0616413 3.0616413 2.5345820 2.8135313 3.3859127 4.0938141 2.7091731 2.7091731 2.3776949 2.6717914 2.5208827 2.4699705 2.3397981 2.7568026 3.3126142 3.3055317 3.4448108 3.4518625 3.0891294 2.9196477 
Mbre_EDQ90842                                       1.7553746 1.8477898 1.4442528 2.0567800 1.4450881 1.0150764 1.0150764 1.0989769 1.1156555 1.0713700 1.0855225 1.0043293 1.3028878 1.4493753 1.1179018 1.2519664 2.0950936 1.3369873 1.2113708 1.2594558 1.3268018 1.2631219 1.2387212 1.2308433 1.3414433 1.2823310 1.1552742 1.3697792 1.2046552 0.8374541 0.8629720 0.8629720 0.6313156 0.6313156 0.3222868 0.0000000 0.3396724 1.1868629 0.8160646 0.6839409 0.7480569 0.7434037 0.6778644 0.6973082 1.1098155 0.7807309 0.8850795 1.1536884 1.1614776 2.5958712 1.0460601 1.0160455 2.0860959 1.3230103 1.6490531 1.6192264 1.7317636 1.9444725 1.9444725 1.9444725 1.9444725 2.0778982 2.2397205 2.8661718 4.6064154 2.0464986 2.0464986 2.0660160 1.6519156 2.0487765 1.4049246 1.5018945 1.7061545 2.8663275 2.9415938 2.9644875 2.9644875 2.5367625 2.5367625 
Choper_EP00045_Choanoeca_perplexa_P003526           1.8177195 2.0531826 1.5794149 2.2018724 1.5372542 1.2296109 1.2296109 1.4075449 1.3866509 1.3071895 1.2105853 1.2442478 1.3157553 1.4381254 1.2467330 1.2568696 2.4475911 1.4375052 1.3349168 1.1898771 1.2359111 1.2589227 1.1733843 1.4251222 1.5497351 1.3616832 1.3978309 1.5805731 1.3762435 0.9305126 0.8304272 0.8345608 0.7502482 0.7502482 0.2483541 0.3396724 0.0000000 1.2203350 0.9759938 0.8359458 0.7554619 0.9343536 1.0045651 0.9610597 1.3483886 0.9942918 1.0497203 1.5948331 1.1442141 3.0455460 1.0103515 1.1742181 2.2839027 1.3420576 1.7713363 1.8601692 1.8539798 1.9801435 1.9801435 1.9801435 1.9801435 2.0489796 2.2028476 2.8774171 4.0295130 1.9346803 1.9346803 1.7906750 1.9529192 2.3544083 1.6772320 1.9810486 1.9131081 2.9424685 3.0264561 3.0911769 3.0911769 2.7097315 2.7097315 
Salmac_EP00052_Salpingoeca_macrocollata_P011150     3.2850883 2.9445774 2.7958707 2.6758661 3.2636291 1.9122791 1.9122791 2.1471538 3.0059967 2.3591418 2.2405914 2.0693834 2.8798210 2.9467074 1.7995470 2.8050288 6.3553559 2.2454639 2.4184257 2.2185924 2.4503886 2.0229134 2.4436202 1.9308199 2.6561029 2.5380761 3.0791888 2.5080229 2.0579492 1.5630376 1.5308282 1.6031798 1.3595936 1.3595936 1.9990224 1.1868629 1.2203350 0.0000000 0.1330504 1.4005791 0.9514901 1.4420863 1.4982436 1.4397818 2.3169965 1.9132587 2.0348463 2.4762607 2.2763776 3.0419337 2.1751462 2.1751462 6.6506518 2.7715873 3.3094819 2.1203462 3.0050740 3.9067978 3.9067978 4.0540188 4.0540188 5.1823693 4.5893593 4.8187796 5.0340843 3.6167746 3.6167746 3.5787497 3.5582774 3.6373725 3.5823925 3.7882298 3.1368549 4.0184386 3.9281277 3.7577274 3.8229701 3.3630460 3.3592624 
Salmac_EP00052_Salpingoeca_macrocollata_P011151     2.4034781 2.2822885 2.0134580 1.9010423 2.1707689 1.5129025 1.5129025 1.5981135 2.0754635 1.6828442 1.6700587 1.6249901 2.1189237 2.1308687 1.5675397 1.9968900 2.4183572 1.6823773 1.6569498 1.5745761 1.7486424 1.3259607 1.6562066 1.3384026 1.4851194 1.8668741 2.0406787 1.7234582 1.6928399 1.2383716 1.3256842 1.3185747 1.0847911 1.0847911 1.5830380 0.8160646 0.9759938 0.1330504 0.0000000 1.0649767 0.5756611 1.0540444 1.3255736 1.0962665 1.5615490 1.4201050 1.4738140 1.7416378 1.5381686 4.1460053 1.4959342 1.6414790 2.6220269 1.7393637 2.2347827 2.8806515 2.0892336 2.8451088 2.8451088 2.9119535 2.9119535 3.0967629 3.0120388 3.5938824 4.7374008 2.6002824 2.6002824 2.5100539 2.4670778 3.0415836 2.7251812 2.8778963 3.4138389 3.1678583 3.1237374 2.9814820 3.0229768 2.8283084 2.7961003 
Salinf_EP00049_Salpingoeca_infusionum_P009386       2.1553342 2.0571453 1.8922046 1.6436230 1.7720128 1.6635875 1.6635875 1.5189200 1.9709841 1.6950162 1.6323139 1.7320065 2.3170111 2.4072767 1.5145700 2.1679870 2.4319858 1.7141620 1.6551102 1.5600479 1.6488025 1.3051955 1.5470738 1.4219405 1.8251722 1.6773098 1.7176534 1.7118452 1.6468270 1.1463979 1.0571151 1.0874158 1.1392293 1.1392293 1.2627955 0.6839409 0.8359458 1.4005791 1.0649767 0.0000000 0.5818395 0.7599596 1.1537101 0.8178356 1.2701289 1.3537147 1.0701161 1.7194964 1.0977195 3.7908860 1.2791580 1.3212127 2.0313481 1.6090834 1.9753475 2.3917312 2.1250609 3.0353360 3.0353360 3.0095216 3.0095216 3.0205484 2.9101757 3.2898792 5.5153439 2.6690227 2.6690227 2.8358877 2.7663080 2.8546650 2.2902909 2.1672667 2.9087864 2.7587659 2.6672843 2.7753834 2.7909057 2.5382347 2.5491994 
Salpun_EP00053_Salpingoeca_punica_P008292           2.1096845 1.7401211 1.9852839 2.7104657 1.2019103 1.1200563 1.1200563 1.2120765 1.9129348 1.2654603 1.4380813 1.2417643 1.5139455 1.6027429 0.7292316 1.3452948 1.8704416 1.1125261 1.3189692 1.6305205 1.6137013 1.2706053 1.3543828 1.1312650 1.7270280 1.7222849 1.5264175 1.9047193 1.2556706 1.0120068 1.1520922 1.1520922 0.8533265 0.8533265 0.8223891 0.7480569 0.7554619 0.9514901 0.5756611 0.5818395 0.0000000 0.5965849 0.7687476 0.6815131 0.9526299 1.2003015 0.8579565 1.5018293 1.3450005 4.6250481 1.2892926 1.2892926 3.3884291 1.4110733 1.3723837 1.6798261 2.7564884 2.9861871 2.9861871 2.9861871 2.9861871 3.4530288 3.1351413 3.4117218 3.2825401 2.7348337 2.7348337 3.1516246 2.6822943 2.7742922 1.5340034 1.6431666 1.7404646 2.6880885 2.7405561 2.5377646 2.5377646 2.5143346 2.5143346 
Sros_EGD81465                                       2.3153282 2.4027960 1.9891667 1.6926541 1.7591397 1.4430595 1.4430595 1.6298137 1.8346448 1.5176830 1.5585249 1.6845603 2.0620949 2.2211297 1.4617445 1.9107302 2.2022157 1.5846631 1.4891758 1.5964844 1.7458326 1.2878127 1.6685293 1.3372240 1.4552507 2.1078725 1.7563469 1.4812000 1.6585960 1.1390737 1.1404988 1.1265598 0.9509099 0.9509099 1.3213662 0.7434037 0.9343536 1.4420863 1.0540444 0.7599596 0.5965849 0.0000000 1.1503532 0.3876810 0.8215905 1.0871296 1.3505554 1.6467294 1.1720158 3.6130119 1.4516793 1.5225805 2.3377196 1.5333372 1.9113114 2.2844962 2.1539627 2.7158377 2.7158377 2.7101824 2.7101824 2.6557998 2.6792935 3.1304209 4.3855726 2.3370643 2.3370643 2.5272721 2.6730039 2.7598803 2.4829725 2.3597586 2.7599299 2.9064981 2.9484973 2.6817475 2.7675828 2.7642530 2.6294260 
Salurc_EP00051_Salpingoeca_urceolata_P023024        2.1978534 2.1602155 2.5011014 1.8153411 2.2068688 1.5196480 1.5196480 1.6238125 1.6675103 1.5106657 1.6177609 1.5480489 2.0975741 2.3849607 1.4400402 1.9732134 1.9535549 1.3674082 1.5474310 1.5585085 1.6698325 1.4190669 1.5593136 1.3985677 1.4771935 1.5626564 1.8185376 1.7415263 1.7944919 1.2161958 1.1103732 1.2862539 1.0476558 1.0476558 1.5738234 0.6778644 1.0045651 1.4982436 1.3255736 1.1537101 0.7687476 1.1503532 0.0000000 0.9697814 1.5631196 1.2980806 1.3529763 1.8205814 1.2029873 3.5296970 1.4142541 1.5773598 2.4092615 2.0216396 1.9723956 2.1966188 2.3009363 2.6966470 2.6966470 2.6810360 2.6810360 2.7815271 2.8237434 3.3519141 4.5377417 2.9200425 2.9200425 2.9608212 3.0018255 2.5824435 2.1283201 2.7337500 2.7818477 2.9819408 2.9794124 2.9051207 2.9462857 2.7709069 2.6460037 
Microa_EP00043_Microstomoeca_roanoka_P009076        2.3312430 2.3457607 2.0608827 1.9736429 1.7745328 1.6159661 1.6159661 1.6292507 1.8701611 1.4204438 1.5003169 1.7194524 2.0796294 2.1408185 1.3573245 2.0609208 2.4533048 1.6167629 1.6302061 1.6113305 1.7542527 1.2073059 1.7004437 1.3651095 1.5666350 2.0455764 1.7114111 1.4559487 1.7221513 1.2261717 1.1420940 1.2674612 1.0039333 1.0039333 1.4008461 0.6973082 0.9610597 1.4397818 1.0962665 0.8178356 0.6815131 0.3876810 0.9697814 0.0000000 0.5407501 1.2555741 1.4682286 1.4453279 1.3889377 4.3432622 1.6114071 1.7277757 2.3089474 1.6772233 1.6238280 2.5322473 2.1115311 2.4449972 2.4449972 2.3690313 2.3690313 2.7625540 2.8492268 3.3805722 4.1473963 2.6735155 2.6735155 2.6059689 2.5940095 2.6785590 1.9136728 2.4149171 2.6265467 2.7265795 2.7338317 2.6726410 2.6783704 2.7729941 2.7528083 
Microa_EP00043_Microstomoeca_roanoka_P009077        2.9155156 2.7718957 2.9193192 2.7558767 2.5343346 2.0926939 2.0926939 1.9044269 2.0768751 1.8417901 1.9045358 2.0754431 2.4886238 2.4875174 2.0417176 2.5735275 2.7338711 2.3286325 2.3199612 2.3476866 2.4028884 1.8372000 2.2972134 2.0138907 2.2142398 2.8379412 2.2961057 2.0587860 2.0777548 1.6768346 1.6490549 1.7088870 1.4688964 1.4688964 1.9638986 1.1098155 1.3483886 2.3169965 1.5615490 1.2701289 0.9526299 0.8215905 1.5631196 0.5407501 0.0000000 1.5719097 1.6086195 1.9884225 1.8909563 5.4007014 1.6734380 1.8007771 2.4176990 2.3021876 2.3297615 4.2929380 2.5603803 3.0323043 3.0323043 3.0929921 3.0929921 3.9951690 4.2726677 4.9639871 5.1749817 3.4651655 3.4651655 3.8488886 3.3308219 3.5659263 2.6183403 2.6471190 2.9213933 3.2680032 3.3926147 3.1023241 3.1211443 3.4209813 3.4209813 
Diagra_EP00040_Diaphanoeca_grandis_P038229          2.3404399 2.2824086 2.4135885 1.9877815 2.1353504 1.4491822 1.4491822 1.7309538 1.9482300 1.3819721 1.7956511 1.7618929 1.8612181 2.0674899 1.5568991 1.8142830 1.9736018 1.6492610 1.5840602 1.7880063 1.9782404 1.5403647 1.7508906 1.7509872 1.6912516 2.0842433 1.6973794 1.4704426 1.7376810 1.0502708 1.1769814 1.0507566 0.9095934 0.9095934 1.4547727 0.7807309 0.9942918 1.9132587 1.4201050 1.3537147 1.2003015 1.0871296 1.2980806 1.2555741 1.5719097 0.0000000 1.3192165 1.7196638 1.5528660 4.1376153 1.5901293 1.6652706 2.1109292 1.8593703 2.3301656 2.8149311 2.4699807 2.6811970 2.6811970 2.7329679 2.7329679 2.5301626 2.8297819 3.2261574 3.9147291 2.6743233 2.6743233 2.7437448 2.8095456 2.6418340 2.1897916 2.9616965 2.8307077 3.5584205 3.6181421 3.5243102 3.4994626 3.5617412 3.2587836 
Mylflu_EP00047_Mylnosiga_fluctuans_P002176          2.3497720 2.0291142 2.3947054 1.9874343 1.9821388 1.7823048 1.7823048 1.8100484 1.9091231 1.7197504 1.7100270 2.0526786 1.9348161 2.1502108 1.3744772 1.8304486 2.0502223 1.5829980 1.9956818 1.6771084 1.7379119 1.2367606 1.6093395 1.4279200 1.6370724 1.8752722 2.0614331 1.8099772 1.7616855 1.1410407 1.0988120 1.1133489 1.2927967 1.2927967 1.4278678 0.8850795 1.0497203 2.0348463 1.4738140 1.0701161 0.8579565 1.3505554 1.3529763 1.4682286 1.6086195 1.3192165 0.0000000 1.7463741 1.2638245 3.7404050 1.3658757 1.4417012 2.0856008 1.6898877 2.2087792 2.4456900 2.6544854 3.0936606 3.0936606 2.9910640 2.9910640 2.7893430 2.8162720 2.9139293 5.5879450 3.0164277 3.0164277 3.1059526 2.9616356 3.1422881 1.8952774 2.3599420 2.4593378 3.6090535 3.6834263 3.3222758 3.3803217 3.5070325 3.2619675 
