113
Lcom_lcpid109776                                         0.0000000 1.2024872 0.0000010 0.7879563 0.6633361 0.7719500 1.1457934 0.9754453 1.2646928 1.6236565 1.6525853 1.7098156 1.7907260 1.8901701 1.6435268 1.8719639 1.8545786 1.5695550 0.8846490 1.8222541 1.0959278 1.7032733 1.8901296 1.7822967 1.5816925 1.5862102 1.5898778 1.6286323 1.6882301 1.7830740 2.1411200 1.6198379 1.5876635 1.6593887 1.6409126 1.6409126 1.6296422 1.3081906 1.4476093 1.4533535 1.6536181 1.7441220 1.5629960 0.0000010 2.1239493 2.1926287 2.0899608 2.4990442 1.5644040 1.6508951 1.9192581 1.7119529 1.8823945 1.8823945 1.8999478 1.4553845 1.6672512 1.4758861 1.3102365 1.4572727 1.8403724 1.4673104 1.8056264 1.6115066 1.8403724 1.6736180 1.4673104 1.9562285 1.3160601 1.7543838 1.1355838 2.0738936 1.8426703 1.8705014 1.8725885 1.8725885 1.9305984 1.8725885 1.9651921 1.6507449 1.9177999 1.4779626 1.5182032 1.5345521 1.4706712 1.5931307 1.5571705 1.5417809 1.3015286 2.8843653 2.5384736 2.4755040 1.9968649 2.3484048 1.8117805 2.5664333 2.7141894 2.7015397 2.2193212 2.6977327 1.8231750 2.1638152 2.0229103 2.7364190 3.3271883 3.0137387 2.2778525 2.5583232 1.8117114 2.3818022 2.5073775 2.8513353 7.2789444 
Lcom_lcpid121627                                         1.2024872 0.0000000 0.8669358 1.2584015 1.1843689 1.1256715 0.9864020 0.6607980 0.6587271 0.5540473 0.5743878 0.7076135 0.6140768 0.5704441 0.5949421 0.9322441 0.8750220 0.7455145 0.7243882 1.1538729 0.7544103 0.7722990 0.7612048 0.9415075 0.8535723 0.7504188 0.7589541 0.7471304 0.7358888 0.8725009 0.9486333 0.8898669 0.7591423 0.8576333 0.7426390 0.7426390 0.7520988 0.8441525 0.7814079 0.7824063 0.7534115 0.7603145 0.7572311 0.6875331 0.8588065 1.0338529 1.0387059 1.1601630 0.6705268 0.6919800 0.6329821 0.8654618 0.8654618 0.8654618 0.8751074 0.9928898 0.8751074 0.8751074 0.8751074 0.9793356 0.8480741 0.9611608 0.8325247 0.8325247 1.0806195 1.0806195 1.4173295 0.8564742 1.0790930 0.8229055 0.8812030 0.8872008 0.8193676 0.9388210 0.9707832 0.9283938 0.9283938 1.3819097 0.9328282 0.7162491 0.9660051 0.8058866 0.8061916 0.8066513 0.8141150 0.8565796 0.8196458 0.8112138 1.1052208 1.3505267 1.3313375 1.1504549 0.8713950 1.1805563 0.8925913 1.1544365 1.2204116 1.4733386 1.1334260 1.0984544 1.3619642 1.2897751 1.3615219 1.3726274 1.6020914 1.6778816 7.4374159 0.6677190 0.0000010 0.0000010 3.1479977 0.0000010 8.3852641 
Lcom_lcpid155280                                         0.0000010 0.8669358 0.0000000 0.1265387 0.1135119 0.1379762 0.4603174 0.4903583 0.4903583 0.5876605 0.6284027 0.5705563 0.4757095 0.4921502 0.5439190 0.4991800 0.5017760 0.4754571 0.0000010 0.0000010 0.6301821 0.6301821 0.5359398 0.5344950 0.7553735 0.5273803 0.5609475 0.5834703 0.5667316 0.5609475 0.4997293 0.6120840 0.4959848 0.5819198 0.5357451 0.5357451 0.5312676 0.4738148 0.4410823 0.4697400 0.6076382 0.3860392 0.6460249 0.6678336 0.6296781 0.5801713 0.5132313 0.7420328 0.5551687 0.5621645 0.5441333 0.6190467 0.6190467 0.6190467 0.6857369 0.6857369 0.6857369 0.6857369 0.6857369 0.6857369 0.5983205 0.5983205 0.6244494 0.6244494 3.1950777 3.1950777 3.1950777 0.6505722 0.6323905 0.6347501 0.6382594 0.6331793 0.6329637 0.6329637 0.7022778 0.7530287 0.7530287 4.4307392 0.3676035 0.5696057 0.7004989 0.8140724 0.8140724 0.8140724 0.8140724 0.7597233 0.7502718 0.7502718 0.0000010 0.6386766 0.6134095 0.6794952 0.6334105 0.6100373 0.5917360 0.6708319 0.7843052 0.6402063 0.6615048 0.8208717 0.7262757 0.7422723 0.7573291 0.8388113 0.9531861 0.9906574 8.9999986 0.0000010 0.0000010 0.0000010 6.4439980 0.0000010 6.5226662 
Gracom_Gcom_C551882_01                                   0.7879563 1.2584015 0.1265387 0.0000000 0.3671546 0.4168398 0.9451045 0.6972466 0.6707598 1.2399521 1.2696100 1.3872388 1.3310549 1.3408465 1.2182741 1.3860847 1.3360409 1.2534533 0.9498779 1.7899187 1.0473332 1.5220065 1.3600241 1.3051837 1.2787944 1.1183343 1.1879782 1.2209405 1.2278782 1.2479855 1.2018710 1.1843330 1.1656660 1.2030856 1.2965839 1.3035826 1.2818993 1.0711487 1.2854639 1.2947883 1.2684623 1.3957966 1.2357207 0.6144924 1.5170765 1.6765478 1.6187711 1.9668476 1.2746077 1.4855889 1.4579807 1.2678394 1.4038821 1.4038821 1.3993697 1.0765808 1.3202822 1.2953027 1.1794955 0.9755263 1.4923060 1.2675224 1.4628850 1.3203716 1.9249405 1.8025643 2.1214238 1.4543965 0.9548661 1.4061795 1.0821877 1.4886126 1.3794701 1.1401709 1.3781932 1.3816747 1.4347086 1.7530276 1.5713819 1.3029076 1.7118489 1.3929020 1.4504205 1.4529307 1.3256320 1.4556395 1.3583622 1.3420928 1.4822152 2.0628831 1.9220897 1.9356541 1.4983207 1.9583149 1.4255279 2.0955535 2.1018526 2.0851780 1.8801708 2.2598220 1.6346548 2.0025962 2.0478574 1.1342382 2.3714643 2.4677217 2.4750527 2.6624165 2.2286089 2.5752528 2.1184115 3.0750366 7.8951808 
Leuniv_Lniv_C808704_01                                   0.6633361 1.1843689 0.1135119 0.3671546 0.0000000 0.4105397 0.8967750 0.7526446 0.7002365 1.2196582 1.1887344 1.2824990 1.3211334 1.2158066 1.1710030 1.4140425 1.3692909 1.2762265 1.1845655 2.0324915 0.9475648 1.4314040 1.3462482 1.3945418 1.2448886 1.1257764 1.2140695 1.2324337 1.1928812 1.2664754 1.5626030 1.1972858 1.2309642 1.2120770 1.2387689 1.2387689 1.2040081 1.0594810 1.2187859 1.2418541 1.3273001 1.3123039 1.1653191 0.6621972 1.5705068 1.5480975 1.3986858 1.9514546 1.2643683 1.3296121 1.2840440 1.2701906 1.3979466 1.3979466 1.4108703 0.9801090 1.2481451 1.2249175 1.1199317 0.8605616 1.4349851 1.1881528 1.4111954 1.2717811 1.8444922 1.7035918 2.0057405 1.4605384 1.0288790 1.3978222 1.0820369 1.5352888 1.3939283 1.1268967 1.4817366 1.4369780 1.4832194 1.8078266 1.6460287 1.2162295 1.5077177 1.3855960 1.3882618 1.3865909 1.2462224 1.4201216 1.3594888 1.3270501 1.7683579 1.9003371 1.8561766 1.8641529 1.4224177 1.8135170 1.4080481 1.9203935 2.0402853 1.8726451 1.6515141 2.0837337 1.4704982 1.7549342 1.7649543 0.9886751 2.0630780 2.1792197 2.0166913 2.7525187 3.5139440 2.7313367 2.2980732 2.7228829 7.0007036 
Scil_scict023249.1                                       0.7719500 1.1256715 0.1379762 0.4168398 0.4105397 0.0000000 0.9618119 0.7331016 0.7069474 1.2760625 1.2524979 1.4027794 1.4170354 1.3810711 1.2055272 1.4667270 1.4095482 1.2983052 0.7748242 1.7059323 0.9781242 1.5022156 1.3571005 1.4461229 1.2907773 1.1698452 1.2729716 1.2963043 1.2922934 1.3378223 1.3553836 1.2210499 1.2264580 1.2507554 1.2804820 1.2731478 1.2968071 1.0113198 1.2250309 1.2365054 1.3106337 1.3424051 1.2327914 0.6743913 1.4914811 1.5540411 1.6174730 1.9887520 1.3285456 1.4628481 1.4182965 1.4465981 1.5932529 1.5932529 1.5785815 1.2323220 1.4880911 1.3922332 1.2403836 1.1280505 1.6235828 1.3622808 1.5610318 1.4238983 2.0627669 1.9357753 2.2191725 1.5746269 1.0929089 1.5192737 1.1318893 1.6557989 1.4835922 1.2723863 1.6061863 1.6014416 1.6651840 1.9798297 1.6726889 1.2718268 1.5620205 1.5291634 1.5608989 1.5585071 1.4608161 1.5944146 1.4508462 1.4437512 1.5044558 2.0623176 1.8745190 1.8599211 1.4934711 1.9177776 1.4151873 1.9628453 1.9680425 2.0523292 1.8569602 2.0956407 1.6244543 2.0002185 2.0225777 1.1638231 2.4399830 2.3529582 2.3581024 2.7601664 2.9910399 2.6624782 2.2738510 2.7479926 8.4137716 
Clacor_Ccor_C540285_01                                   1.1457934 0.9864020 0.4603174 0.9451045 0.8967750 0.9618119 0.0000000 0.5679249 0.5610999 1.0639721 1.1079672 1.1120746 1.1169369 1.1816982 1.0678338 1.2906491 1.3062897 1.1641565 0.6881630 1.4973141 0.9373274 1.1199800 1.1631750 1.2338285 1.1482249 1.0338452 1.0721642 1.0763430 1.1215816 1.1618184 1.0720089 1.0300308 1.1033412 1.1130376 1.0857805 1.0917701 1.1025313 1.0274076 1.1892538 1.1696331 1.2314694 1.1758248 1.1392443 0.5428954 1.3805830 1.7509742 1.3712000 1.6847027 1.1720129 1.2188111 1.1623766 1.3451070 1.4381043 1.4381043 1.3934798 1.3369347 1.3241250 1.2160417 1.1505325 1.2708791 1.4325263 1.1985243 1.3927243 1.3271538 1.6898182 1.6047200 1.5951423 1.3756212 0.9021066 1.3135142 1.0091520 1.4219131 1.4077509 1.2600290 1.3981736 1.4350849 1.5148310 1.6792487 1.3806293 1.1175737 1.6127440 1.3303105 1.3425188 1.3351275 1.3339313 1.3219658 1.2982010 1.3002658 1.1457825 2.0388295 2.1011180 1.5638208 1.2753250 1.6591805 1.3000973 1.7442390 1.9304954 2.1433293 1.6758994 1.7281131 1.4547537 1.8771931 1.7911097 1.4107354 2.2935147 2.0890573 2.5771769 2.0424618 2.0223064 1.8188950 1.7290169 2.2447129 7.7472565 
Lcom_lcpid174318                                         0.9754453 0.6607980 0.4903583 0.6972466 0.7526446 0.7331016 0.5679249 0.0000000 0.0182027 0.3235010 0.3297767 0.3126881 0.4122733 0.4435447 0.4450473 0.6684318 0.5855537 0.4768414 0.6291284 0.6291284 0.5932714 0.5932714 0.5577599 0.5270909 0.6691719 0.4746736 0.5023082 0.4737210 0.4256096 0.6609348 0.5553123 0.4817899 0.4617080 0.5597805 0.5309154 0.5309154 0.5674381 0.5879034 0.5600920 0.6097005 0.6403831 0.5354043 0.6942981 0.4694635 0.5982647 0.6761541 0.7742701 0.7622004 0.4775839 0.5318726 0.5538009 0.7058270 0.7058270 0.7058270 0.7272081 0.7199848 0.7272081 0.7272081 0.7272081 0.6206437 0.7429622 0.7429622 0.7327697 0.7327697 1.4065095 1.4065095 1.4065095 0.7681669 0.7124073 0.6581551 0.7096953 0.6537016 0.7265255 0.7066794 0.9686797 1.0194388 1.0194388 1.6433208 0.8790656 0.5405683 0.7218257 0.7081252 0.6926835 0.6758934 0.6845483 0.7005785 0.6277111 0.5934443 0.9634748 0.8004853 1.0040697 0.8354126 0.6759185 0.9106939 0.5633840 0.9228140 0.9879355 0.9898809 0.7545137 0.8575830 0.9002317 1.0126312 1.0202044 0.4249212 1.0761244 1.2674424 0.0000010 0.6213522 0.0000010 0.0000010 2.1004621 0.0000010 8.0907618 
Lcom_lcpid211621                                         1.2646928 0.6587271 0.4903583 0.6707598 0.7002365 0.7069474 0.5610999 0.0182027 0.0000000 0.2698173 0.2811191 0.3046731 0.3143789 0.3851945 0.4067226 0.7883653 0.6362027 0.4895887 0.7205627 0.7205627 0.6332766 0.6332766 0.5246183 0.6167766 0.7548322 0.4356945 0.4570665 0.4364270 0.3927676 0.4570665 0.5154297 0.4315119 0.4199322 0.5122535 0.4983852 0.4983852 0.5706200 0.5323951 0.5159464 0.5634300 0.5972800 0.4799272 0.6745857 0.4694635 0.6069307 0.6228007 0.6546097 0.7448301 0.4997540 0.6100985 0.5290001 0.6710050 0.6710050 0.6710050 0.6986588 0.6986588 0.6986588 0.6986588 0.6986588 0.6379617 0.7118411 0.7118411 0.6993278 0.6993278 1.7986289 1.7986289 1.7986289 0.7216402 0.7216402 0.5912214 0.6637082 0.6056214 0.6743307 0.6743307 0.9741670 1.0412244 1.0412244 2.2919288 0.8835978 0.5026321 0.6398323 0.6557020 0.6557020 0.6341986 0.6339654 0.5898069 0.5861680 0.5861680 0.9198091 0.7890808 0.9850723 0.7196364 0.6531606 0.6696150 0.5215628 0.8472256 0.8113869 0.9176125 0.7112647 0.7907024 0.8159331 0.8433074 0.9076414 0.4201857 1.1567817 1.1505844 0.0000010 0.0000010 0.0000010 0.0000010 3.6105551 0.0000010 8.2862748 
Skow_XM_002733476.2                                      1.6236565 0.5540473 0.5876605 1.2399521 1.2196582 1.2760625 1.0639721 0.3235010 0.2698173 0.0000000 0.4950369 0.4993392 0.5253166 0.4962587 0.4209278 0.9867103 0.9675940 0.6434143 0.5668054 1.1216386 0.4887387 0.6960136 0.6888707 0.8997512 0.6682630 0.5762452 0.6248585 0.6032485 0.5688876 0.6795584 0.8242958 0.6669597 0.4901664 0.6058040 0.6088145 0.6088145 0.6672051 0.5075214 0.8234779 0.8142383 0.7794061 0.7775601 0.7478074 0.5752672 1.0812349 1.1337843 1.3038020 1.4305707 0.5943583 0.7676526 0.6505329 0.9531205 1.0586960 1.0586960 1.0349945 0.7897133 1.0160179 0.8764572 0.8188313 0.6674489 1.0453850 0.7852783 0.9997131 0.9743866 1.4360528 1.4581034 1.4414871 1.0646032 0.8118363 1.0123383 0.6683710 1.0906446 0.9041013 0.7328603 1.1708259 1.0438763 1.0770494 1.4701390 1.2577138 0.7582638 1.2002017 0.9558633 0.9305443 0.9292537 0.9612927 0.9515427 0.9549342 0.9534660 0.9109749 1.8425243 1.9370440 1.5880471 0.8062926 1.0321721 0.6781117 1.4565468 1.4658808 1.8852657 1.4849755 1.6696373 1.1687250 1.5700302 1.5206491 0.8561268 1.9834953 1.8313138 1.9446058 1.3380010 1.4700990 1.0592257 1.3785509 1.6036044 7.8457019 
Cgig_XM_034454295.1                                      1.6525853 0.5743878 0.6284027 1.2696100 1.1887344 1.2524979 1.1079672 0.3297767 0.2811191 0.4950369 0.0000000 0.4436897 0.6659180 0.6520609 0.6122162 1.1917476 1.1460986 0.8883031 0.8838364 1.5431965 0.6385755 0.9475336 0.8821171 1.1436405 0.9260501 0.8041707 0.8034800 0.8374810 0.7952684 0.8979238 0.9843244 0.8774158 0.7343332 0.8832753 0.7732673 0.7697179 0.8208730 0.6916648 0.9168802 0.9232737 0.8152383 0.9617178 0.8358991 0.5804699 1.2588538 1.2914081 1.4518909 1.4257209 0.6113568 0.8012917 0.7377775 0.8764693 0.9395883 0.9395883 0.8789023 0.7052690 0.8883327 0.7953514 0.7138850 0.6068897 0.9212800 0.7440256 0.9153379 0.8834759 1.2380024 1.2837556 1.3426200 0.9122883 0.7887541 0.8897138 0.6702439 0.9894067 0.8790296 0.7611918 1.0816644 0.9648424 1.0720649 1.3549976 1.0652970 0.8294340 1.3113109 1.1757929 1.1628117 1.1630998 1.2106338 1.2229323 1.1830747 1.2039295 1.0278228 1.9008854 1.8900546 1.5105182 0.8919735 1.1808896 0.8213252 1.4993351 1.6306320 1.8231200 1.4749804 1.7655640 1.4108721 1.7918658 1.7304886 0.9421566 2.0406876 1.7779459 1.6289482 1.5898732 1.7590190 1.9931099 0.9236844 1.6629917 7.2598677 
Acagra_model.g5566.t1                                    1.7098156 0.7076135 0.5705563 1.3872388 1.2824990 1.4027794 1.1120746 0.3126881 0.3046731 0.4993392 0.4436897 0.0000000 0.6445991 0.6614887 0.6171510 1.0799413 1.0567527 0.8141783 0.5682909 1.1208252 0.6379544 0.8493493 0.7898168 0.9745686 0.7958028 0.7068871 0.6916115 0.7474071 0.7359841 0.8033725 0.7406156 0.7414413 0.7095959 0.7945012 0.7063858 0.7063858 0.7556638 0.7039425 0.9657191 0.9380607 0.9013682 0.9770837 0.9266245 0.5251829 1.1679217 1.3666100 1.4135927 1.3935705 0.6659778 0.8270569 0.8205027 0.9669806 1.0361852 1.0361852 1.0376234 0.9388969 1.0132190 0.9020490 0.8495807 0.8413971 1.0451113 0.8142488 1.0176224 0.9833253 1.2916533 1.3023574 1.1818792 1.0734651 0.7983872 0.9685915 0.8152057 1.0350553 0.9550083 0.8816605 1.0858414 1.0784501 1.1668154 1.3517573 1.1186283 0.9462853 1.3669292 1.1545032 1.1524598 1.1510183 1.2095124 1.1745178 1.1855149 1.1967698 0.8910114 1.9464266 1.9358226 1.6324685 0.9145164 1.2015235 0.8765987 1.4705930 1.5887354 1.7369461 1.5069045 1.7490489 1.2749593 1.6326714 1.6608353 0.9912920 1.9900475 2.1660230 1.9572880 1.4159262 1.4786036 1.3951943 0.9817758 1.4156661 7.0992730 
Bralan_BLAG12000853_1                                    1.7907260 0.6140768 0.4757095 1.3310549 1.3211334 1.4170354 1.1169369 0.4122733 0.3143789 0.5253166 0.6659180 0.6445991 0.0000000 0.5818250 0.6538560 1.0244238 0.9733549 0.7909381 1.0043079 1.5496040 0.5121294 0.7803985 0.7045869 0.9288172 0.7511097 0.6911821 0.6501818 0.6465148 0.6583544 0.7295535 0.9230909 0.7922835 0.6579700 0.7400722 0.7106919 0.7106919 0.7865598 0.5805710 0.8483586 0.8227742 0.7492605 0.8276035 0.8534827 0.5358132 1.1523089 1.1824540 1.3825516 1.4736571 0.7332697 0.7751589 0.7737168 0.9081201 0.9469267 0.9469267 0.9617187 0.7197117 0.9466527 0.8730819 0.7687927 0.5844716 0.9356843 0.7265645 0.9058917 0.8670232 1.2878719 1.3272680 1.3831049 0.9277498 0.7181510 0.9121180 0.6719437 0.8746998 0.8903094 0.6930348 1.0476651 0.9471641 1.0375396 1.3203082 0.9991848 0.7480460 1.2999281 1.1002235 1.0960012 1.0945979 1.0989585 1.1217861 1.1158151 1.1125044 0.9803007 1.8665208 1.9381448 1.5081299 0.9209526 1.1940555 0.8725247 1.4927627 1.5531132 1.7781163 1.4172202 1.7251709 1.2967469 1.5787129 1.6223486 0.7708445 1.8556187 1.8070586 1.7888826 1.7281749 1.8213332 1.7727999 1.3670499 2.1916323 7.2131811 
Hsap_ENST00000264639                                     1.8901701 0.5704441 0.4921502 1.3408465 1.2158066 1.3810711 1.1816982 0.4435447 0.3851945 0.4962587 0.6520609 0.6614887 0.5818250 0.0000000 0.5485879 1.1166431 1.0467399 0.8013923 0.7240232 1.3408013 0.5104037 0.8606108 0.7886000 1.1145680 0.7655134 0.6766653 0.7177146 0.7402305 0.6683350 0.7729968 0.9168135 0.7848222 0.5920948 0.6548528 0.6290698 0.6307701 0.7005270 0.5817222 0.8743496 0.8772003 0.7592540 0.8800201 0.7996063 0.5470841 1.2327939 1.2320440 1.4713679 1.4619599 0.7035934 0.8043623 0.7367835 0.9758290 0.9788364 0.9788364 0.9975639 0.7110398 1.0090418 0.9017166 0.8224267 0.6287780 1.0325216 0.7385657 0.9689087 0.9709964 1.4234248 1.4550027 1.3284279 0.9849046 0.7411082 0.9524406 0.6133282 1.0122500 0.9501677 0.6676307 1.1248897 1.0050746 1.0989343 1.4376441 1.1196548 0.8104237 1.3053117 1.1542938 1.1746085 1.1766272 1.1911767 1.1899395 1.1347926 1.1376593 1.0948135 1.7085156 1.9124311 1.6434585 0.9245020 1.2257917 0.8279464 1.6468824 1.6312830 1.7842782 1.4437246 1.8180912 1.2159615 1.6178169 1.6865316 0.8732890 2.0340322 1.9130512 1.9320476 1.5778212 1.9997598 1.6559850 2.0057788 2.0245181 8.1873480 
Spur_XM_778914.5                                         1.6435268 0.5949421 0.5439190 1.2182741 1.1710030 1.2055272 1.0678338 0.4450473 0.4067226 0.4209278 0.6122162 0.6171510 0.6538560 0.5485879 0.0000000 1.0730697 1.0154675 0.7249026 0.5947783 1.2763337 0.5221344 0.7884010 0.7717585 0.9671419 0.6979912 0.6234949 0.6130660 0.6424936 0.6561379 0.6838110 0.6899393 0.7090156 0.5591478 0.6012814 0.5651280 0.5651280 0.6133154 0.5748164 0.7963742 0.7628349 0.7160801 0.8073292 0.7827009 0.5982605 1.2009751 1.1512599 1.3313673 1.4438500 0.7292068 0.8204719 0.8263928 0.9511093 1.0241810 1.0241810 1.0278911 0.8330421 0.9952685 0.9033118 0.8355177 0.6842543 1.0695910 0.8102689 1.0247888 0.9641747 1.4832776 1.4723795 1.5310727 1.0115246 0.8187793 0.9949466 0.6889942 1.0032922 0.9582781 0.7805109 1.0957776 0.9959985 1.0842593 1.3885344 1.2312131 0.7297631 1.3555882 0.9785458 0.9750575 0.9752851 0.9961431 1.0139165 1.0027555 1.0001160 1.0811294 1.8393777 1.9338967 1.6622383 0.7859201 1.0422029 0.7920050 1.5895091 1.5878739 1.8827893 1.4937418 1.8780933 1.2403543 1.6065450 1.6197998 1.0180769 2.0163800 1.8445668 1.6089831 1.4110610 1.8801095 1.4127905 1.0717935 1.5072177 7.2443389 
Aque_Aqu2.1.26315_001                                    1.8719639 0.9322441 0.4991800 1.3860847 1.4140425 1.4667270 1.2906491 0.6684318 0.7883653 0.9867103 1.1917476 1.0799413 1.0244238 1.1166431 1.0730697 0.0000000 0.2375878 0.7187847 0.4056521 0.7623137 0.6236809 0.8464411 0.8436025 0.3821186 1.1153582 1.0508957 1.0509728 1.1015619 1.0841006 1.1818370 1.2553632 1.1161594 0.9438362 1.0749385 1.0464962 1.0464962 1.0414651 0.8426940 1.1562215 1.1704169 1.0624003 1.0446205 0.9047363 0.6223245 1.3582019 1.5400054 1.5770402 1.5901535 1.1147502 1.1568312 1.1363598 1.2452787 1.3128084 1.3128084 1.3641825 1.2924040 1.3200076 1.2358575 1.1636130 1.1658876 1.3103550 1.0917553 1.2979036 1.2196496 1.5794728 1.5396425 1.5230660 1.3005499 1.0625306 1.3219330 0.9102332 1.2407212 1.2611634 1.2084966 1.3769032 1.3574916 1.4319325 1.6904839 1.2507630 1.1202912 1.4210627 1.2637434 1.2234860 1.2250648 1.3052491 1.2960345 1.2989887 1.3118394 1.0689773 1.8452927 1.9223239 1.6794928 1.2005367 1.5978822 1.2850837 1.9114383 1.9288419 2.0698180 1.6886788 1.7959758 1.3131162 1.8417363 1.7999008 1.0404563 2.2377197 2.2003726 2.0951856 1.7268533 1.3851877 1.7028272 2.3002179 2.7584501 8.5522303 
Halamb_c46897_g1_i2mm.2091                               1.8545786 0.8750220 0.5017760 1.3360409 1.3692909 1.4095482 1.3062897 0.5855537 0.6362027 0.9675940 1.1460986 1.0567527 0.9733549 1.0467399 1.0154675 0.2375878 0.0000000 0.7706084 0.3562498 0.7265488 0.5784676 0.8883181 0.8017012 0.3904161 1.0969150 1.0002229 0.9513532 1.0276593 1.0629692 1.0682828 1.0779862 1.0689631 0.9470647 1.0664380 1.0548966 1.0488737 1.0662227 0.7727681 1.1554989 1.1635824 1.0252185 1.0507082 0.9539465 0.6787619 1.3796094 1.4187096 1.6747781 1.5789117 1.0808798 1.2303662 1.1425950 1.2795677 1.3623036 1.3623036 1.3104801 1.1014582 1.3272611 1.2130859 1.0910674 1.0865281 1.2942012 1.0090955 1.3156454 1.2358452 1.5883067 1.6195031 1.3975431 1.3128669 0.9698450 1.3018872 0.8599088 1.2398978 1.2693120 1.0933758 1.3379121 1.3087043 1.4377967 1.6490545 1.3415516 1.0503853 1.5552118 1.2540351 1.1704666 1.1737117 1.3068946 1.2360512 1.2122333 1.2286344 1.0305352 1.8215366 2.0294294 1.6413651 1.2067221 1.6008289 1.2891497 1.8620483 1.9405849 1.9898721 1.6515897 1.8922321 1.3505958 1.8563028 1.9018920 1.1250614 2.3397860 2.0704424 2.2833054 1.9745588 1.3566943 1.9227299 2.5167458 2.6230369 8.5489038 
Tetwil_g4775.t1                                          1.5695550 0.7455145 0.4754571 1.2534533 1.2762265 1.2983052 1.1641565 0.4768414 0.4895887 0.6434143 0.8883031 0.8141783 0.7909381 0.8013923 0.7249026 0.7187847 0.7706084 0.0000000 0.1859324 0.5158573 0.3587598 0.4791279 0.5651811 0.7222340 0.7589255 0.6789959 0.6741999 0.6993280 0.7051389 0.7725349 0.7790572 0.7166606 0.6714379 0.7188330 0.8186293 0.8235328 0.8232330 0.5660661 0.8154490 0.7943392 0.7729234 0.8907312 0.7724325 0.4694677 1.2428043 1.2935464 1.4251484 1.4765488 0.7589102 0.9577722 0.8580836 0.9967662 1.0555926 1.0555926 1.0771616 0.8239336 1.0485175 0.9405255 0.8638836 0.7368743 1.0942527 0.8252124 1.0713421 1.0236933 1.4133765 1.4173871 1.2959993 1.0483360 0.7887561 1.0467024 0.7332901 1.0279578 1.0462491 0.8759294 1.1465868 1.0799142 1.2000490 1.4739554 1.1270879 0.8532029 1.3179426 0.9326092 0.9348037 0.9376316 0.9133234 0.9742557 0.9702493 0.9785175 1.0007423 1.8346057 1.7911496 1.6427202 0.8764293 1.1248751 0.9255955 1.5640361 1.6270130 1.7910111 1.3647368 1.7056381 1.2377167 1.5329170 1.6124786 0.6107508 1.8998669 2.0091163 1.4985826 1.6126640 0.5732299 0.7496082 1.5687942 1.8243305 7.5455637 
Stycar_maker-SC_scaffold122107-snap-gene-0.5-mRNA-1      0.8846490 0.7243882 0.0000010 0.9498779 1.1845655 0.7748242 0.6881630 0.6291284 0.7205627 0.5668054 0.8838364 0.5682909 1.0043079 0.7240232 0.5947783 0.4056521 0.3562498 0.1859324 0.0000000 0.0000010 0.2394682 0.2394682 0.3166814 0.3036226 0.2434806 0.2434806 0.3096171 0.3352077 0.1288757 0.8125519 0.3096171 0.2571568 0.4169163 0.4573398 0.5581898 0.5581898 0.5616404 0.4238304 0.5952568 0.6006140 0.5902729 0.8022794 0.6279334 0.0000010 0.6215557 0.7619021 1.0926462 0.8081184 0.6895995 0.8924474 0.7956120 0.8054357 0.8054357 0.8054357 0.7998352 0.8846855 0.7998352 0.7998352 0.7998352 0.0000010 0.7701626 0.7701626 0.7770219 0.7770219 0.7701626 0.7701626 0.7701626 0.7437573 0.7839330 0.8148547 0.6536884 0.6283875 0.7686287 0.7440415 0.8021665 0.8021665 0.8021665 0.8021665 0.6536884 0.4807033 0.7707287 0.5441175 0.5413303 0.5413303 0.6161247 0.6117589 0.5162612 0.4730386 0.9203270 1.0237525 0.9943710 1.4777660 0.7162352 1.7639487 0.5364783 1.3041762 0.9368867 1.3800794 0.7248335 0.9582426 1.2383676 1.3136568 1.4638609 0.0000010 1.5257066 1.6751882 0.0000010 0.3735994 0.0000010 0.0000010 0.6853470 0.0000010 8.0263668 
Stycar_maker-SC_scaffold49104-augustus-gene-0.6-mRNA-1   1.8222541 1.1538729 0.0000010 1.7899187 2.0324915 1.7059323 1.4973141 0.6291284 0.7205627 1.1216386 1.5431965 1.1208252 1.5496040 1.3408013 1.2763337 0.7623137 0.7265488 0.5158573 0.0000010 0.0000000 0.5931582 0.6931017 0.7847021 0.6637922 0.7927599 0.7927599 0.8595149 0.8468487 1.4979319 1.4818401 0.5926469 0.8332513 0.8727020 1.1178629 1.1466219 1.1466219 1.1787789 1.1190458 1.3725934 1.3646611 1.1534279 1.5275116 1.1846174 0.0000010 1.3798041 1.6242997 1.8313914 1.5894378 1.3109379 1.5386056 1.3863982 1.3500646 1.4663705 1.4663705 1.4467442 0.8846855 1.4467442 1.2388801 1.2388801 0.0000010 1.4179167 0.8239192 1.4320992 1.3192792 1.4179167 1.4534790 0.8239192 1.3519815 0.7839330 1.4899584 1.1001998 1.2454742 1.2295862 0.7440415 1.5445705 1.5445705 1.5445705 1.5445705 1.2544798 1.0866319 1.5914656 1.1180677 1.1087699 1.1087699 1.2712295 1.1928814 1.0958646 1.1607158 0.9467355 1.8659967 1.8591203 2.1200661 1.2397537 2.5594323 0.7247884 2.1563798 1.9195449 2.2789415 1.4261641 1.9124026 1.7281442 2.1345202 2.1297306 0.0000010 2.5913856 3.0921193 9.0000000 1.0684612 0.7630198 0.0000010 3.0145583 9.0000000 8.2547777 
Spolac_c103751_g1_i1_m.35983c103751-g1                   1.0959278 0.7544103 0.6301821 1.0473332 0.9475648 0.9781242 0.9373274 0.5932714 0.6332766 0.4887387 0.6385755 0.6379544 0.5121294 0.5104037 0.5221344 0.6236809 0.5784676 0.3587598 0.2394682 0.5931582 0.0000000 0.0000010 0.4315267 0.5314232 0.5105477 0.4769844 0.4900435 0.4813246 0.5252477 0.5581398 0.6133990 0.5357479 0.5428628 0.5453998 0.5483040 0.5483040 0.5392736 0.6132033 0.6016239 0.5891526 0.5249923 0.6068166 0.6137402 0.6476613 0.7319485 0.7731286 0.9299534 0.9937687 0.5966900 0.6065052 0.5659658 0.7972200 0.7972200 0.7972200 0.8311582 0.8917430 0.8311582 0.8311582 0.8311582 0.8802594 0.8114760 0.9120034 0.7804310 0.7804310 1.1408087 1.1408087 1.4428276 0.8218416 0.8953725 0.7939012 0.7995631 0.7625175 0.8233533 0.8682019 0.9425081 0.8816304 0.8816304 1.4394415 0.7813410 0.5806424 0.8202588 0.6679525 0.6780322 0.6782291 0.6716704 0.6779754 0.6435369 0.6466784 0.8759567 1.0104711 1.2532130 1.0739972 0.6715892 0.9858763 0.6838330 0.9484273 0.9722426 1.1242740 0.8691126 0.9813953 1.1781850 1.0890908 1.2694575 0.8523119 1.3757394 1.4841165 5.0841035 0.7790844 0.0000010 0.0000010 2.4326541 0.0000010 7.0724471 
Spolac_c103751_g1_i2_m.35985c103751-g1                   1.7032733 0.7722990 0.6301821 1.5220065 1.4314040 1.5022156 1.1199800 0.5932714 0.6332766 0.6960136 0.9475336 0.8493493 0.7803985 0.8606108 0.7884010 0.8464411 0.8883181 0.4791279 0.2394682 0.6931017 0.0000010 0.0000000 0.6200699 0.7848411 0.8269057 0.7713749 0.7492798 0.7676688 0.8040568 0.8150652 0.8901455 0.7984685 0.7423354 0.8549697 0.8575986 0.8608536 0.9160033 0.7238634 0.9495198 0.9279964 0.8337401 0.9172540 0.9441971 0.6476613 1.2265899 1.2458915 1.4319964 1.5160864 0.8410104 0.9268400 0.9174089 1.1346293 1.2017123 1.2017123 1.1862627 0.8917430 1.1754880 1.0537402 0.9581247 0.8802594 1.1891847 0.9356131 1.1690441 1.1368324 1.5390719 1.5447607 1.4996749 1.1657145 0.8953725 1.1849167 0.8220006 1.1204389 1.0880163 0.9319205 1.2540970 1.1651764 1.3129103 1.5582351 1.2891156 0.8915147 1.2987682 1.0972862 1.0849265 1.0925125 1.1340097 1.1341097 1.1240296 1.1405258 0.8759567 1.7684021 1.9051722 1.6857035 0.9959341 1.2716351 0.9981984 1.5358762 1.5998123 1.7848330 1.4631635 1.6862830 1.2601771 1.5883012 1.7518329 0.8523119 1.9451049 2.0763365 1.9008997 1.8445253 0.8010118 1.0533788 1.6638037 1.9095959 6.6733546 
Plespi_Pspi_scaffold20618_01                             1.8901296 0.7612048 0.5359398 1.3600241 1.3462482 1.3571005 1.1631750 0.5577599 0.5246183 0.6888707 0.8821171 0.7898168 0.7045869 0.7886000 0.7717585 0.8436025 0.8017012 0.5651811 0.3166814 0.7847021 0.4315267 0.6200699 0.0000000 0.7561776 0.8544779 0.7809999 0.7489328 0.7833834 0.7976039 0.8472642 0.8585560 0.8339600 0.6991808 0.7939363 0.7637491 0.7637491 0.7801064 0.6407066 0.9389685 0.9185283 0.8544998 0.9775524 0.8574862 0.5926085 1.2393272 1.2622594 1.3922456 1.4269475 0.8429295 1.0464867 0.8843598 0.9648297 1.1133050 1.1133050 1.0780176 0.8085441 1.0594932 0.9197545 0.8400671 0.6753173 1.0825207 0.7664482 1.0931931 0.9683908 1.4538681 1.4158527 1.2755381 1.1091383 0.7254194 1.1340125 0.7370990 1.1093674 0.9695417 0.7765173 1.2905027 1.1670121 1.2220112 1.6564652 1.3642597 0.8876039 1.3865135 0.9331672 0.8962193 0.8949363 0.9303804 0.9978527 0.9900931 0.9941120 1.0339853 1.7440936 1.8994753 1.7456245 0.9943427 1.3184162 0.9747640 1.6576707 1.7351664 1.8685214 1.5147300 1.7629629 1.2097633 1.6667064 1.7060027 0.7714746 1.9361506 2.1222920 2.5363341 1.8689923 1.0173550 1.1693804 1.8565636 1.9126293 6.8409645 
Xestes_maker-XT_scaffold5166-augustus-gene-0.12-mRNA-1   1.7822967 0.9415075 0.5344950 1.3051837 1.3945418 1.4461229 1.2338285 0.5270909 0.6167766 0.8997512 1.1436405 0.9745686 0.9288172 1.1145680 0.9671419 0.3821186 0.3904161 0.7222340 0.3036226 0.6637922 0.5314232 0.7848411 0.7561776 0.0000000 1.0628959 0.9963905 0.9405804 1.0154338 1.0598521 1.0672026 1.0951193 1.0748598 0.8683987 1.0291744 1.0298090 1.0238934 1.1041812 0.7559908 1.0716484 1.0713278 1.0349499 1.0144865 1.0085774 0.6231493 1.3746320 1.3985096 1.6356648 1.6784751 1.0352164 1.0918758 1.1112949 1.1355114 1.2508466 1.2508466 1.2517054 1.0970787 1.2348743 1.1409254 1.0548901 1.0092698 1.2329898 0.9588803 1.1672582 1.0985861 1.5127160 1.4646262 1.3442880 1.2314725 0.9335173 1.2592089 0.8358007 1.1907699 1.2012646 1.0731238 1.3625552 1.2985663 1.3928668 1.6490562 1.3031196 1.0882405 1.4445221 1.2766468 1.2485743 1.2507031 1.2947445 1.2906057 1.2899290 1.3021940 1.0215069 1.8519121 1.8853866 1.6964850 1.1851719 1.5619492 1.2337562 1.7767103 1.8603771 1.9826839 1.6369008 1.8752925 1.2104218 1.8447552 1.8018580 1.0457144 2.1850211 2.1422432 2.5565215 1.8393243 1.5443525 1.6449467 2.5762724 2.5076008 8.5226414 
Spis_XP_022788530_1                                      1.5816925 0.8535723 0.7553735 1.2787944 1.2448886 1.2907773 1.1482249 0.6691719 0.7548322 0.6682630 0.9260501 0.7958028 0.7511097 0.7655134 0.6979912 1.1153582 1.0969150 0.7589255 0.2434806 0.7927599 0.5105477 0.8269057 0.8544779 1.0628959 0.0000000 0.0411157 0.1043483 0.1319702 0.1095847 0.1647002 0.2279661 0.1578208 0.3753643 0.4226126 0.5468374 0.5513636 0.5852936 0.5597927 0.8244090 0.8023541 0.7286594 0.8191732 0.7756395 0.8531369 1.3850634 1.2528820 1.5748246 1.7851594 0.8119738 1.0169697 1.0184226 1.0574150 1.1049353 1.1049353 1.0883892 0.8741562 1.0789168 1.0055279 0.8886864 0.7943116 1.0850888 0.8575757 1.0598715 1.0320726 1.2788762 1.2865472 1.1574607 1.0578204 0.8594478 1.0289103 0.6701829 1.0395646 0.9388691 0.7795995 1.2528918 1.1355027 1.2762066 1.4067018 1.1132882 0.8023207 1.4818136 1.0496913 1.0257391 1.0275894 1.0838605 1.0181427 0.9969606 1.0001871 1.0384471 2.0942661 2.0074761 1.8686195 0.8371596 1.1588190 0.9118028 1.7591420 1.8299063 2.0430523 1.6843089 2.0404779 1.5901177 1.8156448 1.8652098 1.4926212 2.4521174 2.0058753 1.4098899 1.6799175 1.5882707 1.6291667 1.4919141 1.8381566 8.9999989 
Pocdam_XM_027184432.1                                    1.5862102 0.7504188 0.5273803 1.1183343 1.1257764 1.1698452 1.0338452 0.4746736 0.4356945 0.5762452 0.8041707 0.7068871 0.6911821 0.6766653 0.6234949 1.0508957 1.0002229 0.6789959 0.2434806 0.7927599 0.4769844 0.7713749 0.7809999 0.9963905 0.0411157 0.0000000 0.0632771 0.0866830 0.0643770 0.1135315 0.1183617 0.1041861 0.2928418 0.3321323 0.4991730 0.5030707 0.5172860 0.4467701 0.7374203 0.7139635 0.6320520 0.7324217 0.6993584 0.5416904 1.2445499 1.2093166 1.3932373 1.6209946 0.7790536 0.9699465 0.9559147 0.9700194 1.0259396 1.0259396 1.0386053 0.7886942 1.0233815 0.9333400 0.8341657 0.7596219 1.0307695 0.7815350 1.0031701 0.9651680 1.3808750 1.3926962 1.3339751 1.0040398 0.7400240 0.9631585 0.6287180 0.9915143 0.9066864 0.7281629 1.1690968 1.0805773 1.1945433 1.4603962 1.1069333 0.7529223 1.3270671 0.9051403 0.8909863 0.8927247 0.9215150 0.8804641 0.8496823 0.8487895 1.3322584 1.8962311 1.8493328 1.5773649 0.7980493 1.0540733 0.8368211 1.5142472 1.5770008 1.7580983 1.4629962 1.8149960 1.3339065 1.6681674 1.7110630 0.8731129 2.1598558 1.9083671 1.3996140 1.6749400 1.6492177 1.6638558 1.4206903 1.7943635 8.9999989 
Amil_Amillepora12032-RA                                  1.5898778 0.7589541 0.5609475 1.1879782 1.2140695 1.2729716 1.0721642 0.5023082 0.4570665 0.6248585 0.8034800 0.6916115 0.6501818 0.7177146 0.6130660 1.0509728 0.9513532 0.6741999 0.3096171 0.8595149 0.4900435 0.7492798 0.7489328 0.9405804 0.1043483 0.0632771 0.0000000 0.0503645 0.0843624 0.0466038 0.0544894 0.1231425 0.3049511 0.3288329 0.4740515 0.4781041 0.4930709 0.4864993 0.7409560 0.7065675 0.6282857 0.7241868 0.6999082 0.5840035 1.2016890 1.2074794 1.3807442 1.5693796 0.7708666 0.9653308 0.9395174 0.9874238 1.0337707 1.0337707 1.0493130 0.8148544 1.0387231 0.9629967 0.8679063 0.7950065 1.0483292 0.8218427 1.0207192 0.9746420 1.4477745 1.4538887 1.4360547 1.0034445 0.7795363 0.9469499 0.6714650 0.9955357 0.9534951 0.7311708 1.2159030 1.1113977 1.2386050 1.5383493 1.1664605 0.7804829 1.2707694 0.9019133 0.8751810 0.8770332 0.9298621 0.8673106 0.8633460 0.8614700 1.4162534 1.8498326 1.7933404 1.5086482 0.8065286 1.1129756 0.8647520 1.4706739 1.5603174 1.6986018 1.4490599 1.7898330 1.2405112 1.6307085 1.6445325 0.8964664 2.0892098 1.7604169 1.3387694 1.6565082 1.5195929 1.5590133 1.2947361 1.7666538 8.6752544 
Gfas_gfas1.m1.5013.m1                                    1.6286323 0.7471304 0.5834703 1.2209405 1.2324337 1.2963043 1.0763430 0.4737210 0.4364270 0.6032485 0.8374810 0.7474071 0.6465148 0.7402305 0.6424936 1.1015619 1.0276593 0.6993280 0.3352077 0.8468487 0.4813246 0.7676688 0.7833834 1.0154338 0.1319702 0.0866830 0.0503645 0.0000000 0.0802149 0.1094036 0.1059050 0.1277542 0.3135037 0.3696966 0.4822399 0.4862658 0.5149571 0.4440391 0.7617262 0.7189747 0.6557296 0.7337207 0.6976314 0.6069616 1.2362896 1.2238799 1.4479040 1.6225677 0.8446766 0.9769483 0.9317315 1.0172120 1.0809566 1.0809566 1.0824650 0.8209457 1.0606816 0.9619440 0.8680932 0.8087052 1.0707291 0.8267514 1.0528984 1.0126345 1.4463317 1.4701984 1.3952264 1.0484043 0.7713230 0.9955709 0.6816747 1.0248597 0.9806656 0.7450674 1.2096724 1.1231354 1.2515037 1.5192051 1.1729678 0.7565885 1.3699817 0.9114566 0.8866067 0.8884291 0.9537476 0.8934363 0.8829060 0.8815084 1.3903785 1.8914115 1.8704862 1.6389272 0.8163051 1.0969060 0.8675814 1.6010756 1.6247062 1.7406250 1.5529759 1.8736777 1.2926041 1.6729281 1.7288659 0.8999182 2.1801399 1.8832474 1.5786092 1.9078207 1.5139946 1.4986443 1.5196146 1.7454352 8.7758303 
Fspp_ffun1.m4.1428.m1                                    1.6882301 0.7358888 0.5667316 1.2278782 1.1928812 1.2922934 1.1215816 0.4256096 0.3927676 0.5688876 0.7952684 0.7359841 0.6583544 0.6683350 0.6561379 1.0841006 1.0629692 0.7051389 0.1288757 1.4979319 0.5252477 0.8040568 0.7976039 1.0598521 0.1095847 0.0643770 0.0843624 0.0802149 0.0000000 0.1307634 0.1740831 0.0901814 0.3037922 0.3481490 0.5006403 0.5049122 0.5236302 0.4580760 0.7302459 0.6984713 0.6637210 0.6861517 0.7167880 0.5563624 1.2282357 1.2536152 1.4420481 1.6369699 0.7767355 0.9719448 0.9052309 0.9449767 1.0068148 1.0068148 1.0065984 0.7612919 0.9987183 0.9033383 0.8008481 0.7549806 0.9970955 0.7569596 0.9875221 0.9356807 1.3681702 1.3870829 1.5230484 0.9946423 0.7437936 0.9368294 0.6067033 0.9706815 0.8955888 0.7020537 1.1302138 1.0411180 1.1782796 1.4532573 1.1300810 0.7601776 1.3662262 0.9239835 0.8858412 0.8875651 0.9752906 0.9233377 0.8723754 0.8872176 1.3519502 1.9947559 1.9736591 1.5883543 0.8190651 1.0769899 0.9094158 1.5739866 1.6418204 1.8459875 1.5956025 1.8663470 1.3739441 1.7424195 1.7641685 0.8895130 2.3241720 1.9499466 1.2630764 1.6124552 1.4374319 1.5262377 1.4051321 1.7291398 8.9999988 
Adig_XM_015903593.1                                      1.7830740 0.8725009 0.5609475 1.2479855 1.2664754 1.3378223 1.1618184 0.6609348 0.4570665 0.6795584 0.8979238 0.8033725 0.7295535 0.7729968 0.6838110 1.1818370 1.0682828 0.7725349 0.8125519 1.4818401 0.5581398 0.8150652 0.8472642 1.0672026 0.1647002 0.1135315 0.0466038 0.1094036 0.1307634 0.0000000 0.1533058 0.1799944 0.3813513 0.4064915 0.5687067 0.5728835 0.6075691 0.5934384 0.8419184 0.8054248 0.7234893 0.8022055 0.8053804 0.5840035 1.3713055 1.3711949 1.4798103 1.6911214 0.8807408 1.0197861 1.0266029 1.0961945 1.1354138 1.1354138 1.1462493 0.8507561 1.1417847 1.0675353 0.9794535 0.7950065 1.1647323 0.9995290 1.1457483 1.1159121 1.6204360 1.6457260 2.0710088 1.1036928 0.7795363 1.0497660 0.8012484 1.1323256 1.0569067 0.8774338 1.2997292 1.1835772 1.3108722 1.6324444 1.3348398 0.8505417 1.3834188 0.9807538 0.9631676 0.9650417 0.9875021 0.9320356 0.9493313 0.9149739 1.8191902 2.1161766 2.0646023 1.6771368 0.9252015 1.0886138 0.9723534 1.6063772 1.6603816 1.8236471 1.6312082 1.9658499 1.5703404 1.8221334 1.8585256 0.8964664 2.2655681 1.9058401 1.4117297 2.3606620 1.5195929 1.4995464 1.4567655 1.7674321 8.8782194 
Adig_XM_015895157.1                                      2.1411200 0.9486333 0.4997293 1.2018710 1.5626030 1.3553836 1.0720089 0.5553123 0.5154297 0.8242958 0.9843244 0.7406156 0.9230909 0.9168135 0.6899393 1.2553632 1.0779862 0.7790572 0.3096171 0.5926469 0.6133990 0.8901455 0.8585560 1.0951193 0.2279661 0.1183617 0.0544894 0.1059050 0.1740831 0.1533058 0.0000000 0.1816838 0.3324656 0.4001793 0.6816738 0.6909114 0.7236774 0.6742729 0.8730456 0.8260135 0.6785082 0.8836751 0.8358754 0.4583267 1.5096960 1.4533891 1.5857265 1.6382445 0.9351557 1.3429665 1.2363654 1.0271703 1.1276983 1.1276983 1.1479770 0.9615632 1.1387035 1.0964458 1.0735720 1.0050882 1.1494191 0.9725784 1.1393869 1.0693671 1.5389047 1.5670843 1.5490645 1.1209234 0.8821287 1.0666331 0.8796111 1.0711924 1.0094667 0.8769476 1.1425096 1.1425096 1.4012266 1.3424745 1.1097042 1.0411806 1.6598042 1.0337936 0.9842626 0.9881642 1.0848623 0.9838751 0.9951593 0.9975278 1.9267659 2.0003202 1.9166622 1.5201344 1.1300745 1.4844944 0.9166714 1.7560550 1.6944359 1.8244054 1.6823286 1.8456590 1.1424659 1.6364035 1.6825659 0.4466236 2.0462145 2.4457810 1.1573489 2.3470853 1.5195929 2.5932136 1.2930363 1.6906199 8.9999985 
Gasp_gasp1.m3.20933.m1                                   1.6198379 0.8898669 0.6120840 1.1843330 1.1972858 1.2210499 1.0300308 0.4817899 0.4315119 0.6669597 0.8774158 0.7414413 0.7922835 0.7848222 0.7090156 1.1161594 1.0689631 0.7166606 0.2571568 0.8332513 0.5357479 0.7984685 0.8339600 1.0748598 0.1578208 0.1041861 0.1231425 0.1277542 0.0901814 0.1799944 0.1816838 0.0000000 0.3772617 0.4295807 0.5989617 0.6007752 0.6234578 0.5621336 0.7997363 0.7694156 0.7328608 0.8461257 0.7854443 0.6128692 1.3136901 1.3174482 1.4719955 1.7295032 0.8172883 1.1176565 1.0590132 1.0459795 1.1370358 1.1370358 1.1435663 0.9015125 1.1280571 1.0114071 0.9274644 0.9041926 1.1030985 0.8891472 1.0823556 1.0334420 1.3796967 1.4051168 1.3694833 1.1085237 0.7202141 1.0246251 0.7034901 1.0706154 0.9582139 0.8179706 1.1300451 1.1627155 1.3160430 1.4418656 1.1248664 0.8500494 1.4047316 0.9784775 0.9701075 0.9642848 1.0299638 0.9736235 0.9430043 0.9483142 1.3328537 1.8992070 1.8436453 1.6485985 0.9032326 1.2864317 0.8878512 1.6136998 1.5965662 1.7564593 1.6348505 1.8521084 1.2808759 1.7282024 1.7651304 0.6378569 2.1374306 2.2292639 1.3246477 1.6306989 1.8501528 1.7260123 1.5195268 1.7899925 8.9999986 
Exapal_XM_021048121.2                                    1.5876635 0.7591423 0.4959848 1.1656660 1.2309642 1.2264580 1.1033412 0.4617080 0.4199322 0.4901664 0.7343332 0.7095959 0.6579700 0.5920948 0.5591478 0.9438362 0.9470647 0.6714379 0.4169163 0.8727020 0.5428628 0.7423354 0.6991808 0.8683987 0.3753643 0.2928418 0.3049511 0.3135037 0.3037922 0.3813513 0.3324656 0.3772617 0.0000000 0.1896210 0.4345788 0.4388362 0.4482641 0.4092331 0.7079926 0.7038171 0.5970247 0.6790938 0.7172002 0.5895868 1.1000121 1.2057597 1.3276934 1.4289650 0.8023056 0.9318561 0.9305397 1.0134199 1.0512611 1.0512611 1.0297514 0.7605445 0.9598759 0.9083865 0.8262007 0.7063647 1.0119801 0.8017804 1.0039047 0.9451624 1.3922908 1.3560837 1.3408411 1.0502720 0.7748368 0.9325628 0.6578858 0.9936555 0.9530957 0.7432974 1.1564232 1.0518775 1.1857175 1.4835671 1.1146708 0.7379530 1.2571448 0.8505353 0.8619423 0.8621520 0.9186786 0.8417703 0.8160805 0.8207210 1.3449553 1.7592911 1.7742162 1.4719569 0.7800864 1.0105355 0.8072348 1.4842676 1.5672447 1.7494975 1.3162179 1.7290032 1.3528993 1.5668159 1.6308860 0.8615085 2.1022851 1.7280674 1.6140372 1.2239316 1.8870081 1.4459272 1.9340972 2.1155472 7.7928927 
