80
Emue_Em0004g241a.t1                                0.0000000 0.0668673 0.4209149 0.6872916 0.8479501 1.1071312 1.1057092 1.1785705 0.8174780 0.9860911 0.9850582 1.0063060 0.9596227 1.0985238 1.1350909 1.1555823 1.1722554 0.9760360 1.1221481 1.0878550 1.0949924 1.0871794 0.8962754 1.1460908 1.2088991 1.0575366 1.1798100 0.9902283 0.9603151 1.1876644 1.1032429 1.0680997 1.0485615 1.0700496 1.0485790 1.0504554 1.0731731 1.0731731 0.9357776 0.7589842 0.7743502 1.2736297 1.3337631 1.2670215 1.3835336 1.3130037 1.1658862 1.1658862 1.5714590 1.5888508 1.4159900 1.4687971 1.4609129 1.5420617 1.6347313 1.5960975 1.5580782 1.2785572 1.4776413 2.2933495 2.1445136 2.0464377 1.9274962 2.2207058 1.4728787 1.2227850 1.6973097 1.8485322 1.6652199 1.6156071 1.9224958 2.2495073 1.8921847 1.6885619 1.6870335 1.6800456 1.8181795 1.7928228 1.7086547 2.5326555 
Spolac_c95173_g1_i1_m.11068c95173-g1               0.0668673 0.0000000 0.4522908 0.6674406 0.9551589 1.1765584 1.1481487 1.2304158 0.8507077 0.9778412 0.9713731 0.9924368 0.9246582 1.0756372 1.0784206 1.0862141 1.1027331 0.9348077 1.0538867 1.0471686 1.0397655 1.1255412 0.8104093 1.1061787 1.2280844 1.0579574 1.2310418 1.0286496 0.9782174 1.1837538 1.1230312 1.1145626 1.0944323 1.1168512 1.0946282 1.0218298 1.1222485 1.1222485 0.9192587 0.7587703 0.7842442 1.3461059 1.3533141 1.3010174 1.3905548 1.3300847 1.2178936 1.2178936 1.6265360 1.6443882 1.4772863 1.5142918 1.4728882 1.5373234 1.7255421 1.6784796 1.5838782 1.2996511 1.5099836 2.3712116 2.2957714 2.1672823 1.9586841 2.1966839 1.4413175 1.2181848 1.7159679 1.8601845 1.6333389 1.6039922 1.9978791 2.2117062 1.9075938 1.7046546 1.7890113 1.7231497 1.7906578 1.7972170 1.6990441 2.4958040 
Stycar_maker-SC_scaffold4700-snap-gene-0.27-mRNA-1 0.4209149 0.4522908 0.0000000 0.6177950 0.7824785 1.0312281 0.9820579 1.0370083 0.9552077 0.9317276 0.9246257 0.9235519 0.9694360 1.0865547 1.0692079 1.0885629 1.0879304 0.8318147 1.0745935 1.0348590 1.0529019 0.9873389 0.7716773 1.0181148 0.9707061 0.9471423 1.1580602 0.9100171 0.8669434 1.1279779 1.1205270 1.0951491 1.0748847 1.0607083 1.0808497 0.9473929 1.0324277 1.0324277 0.8388400 0.8249654 0.7493284 1.0765463 1.1365777 1.0826219 1.1313027 1.2971252 1.1032045 1.1032045 1.4632387 1.4797429 1.4600355 1.4696659 1.5595094 1.4866227 1.6782657 1.4500949 1.5012298 1.3059920 1.2327988 1.8795460 2.1425938 2.1072652 1.7705048 2.1025528 1.2295181 1.2118362 1.5433718 1.5629313 1.5463860 1.4516872 1.9673552 1.9997400 1.5701028 1.5383962 1.8252689 1.7790553 1.6739022 1.7464671 1.6705768 2.1580799 
Tetwil_g12520.t1                                   0.6872916 0.6674406 0.6177950 0.0000000 1.0739037 1.3083731 1.2446591 1.2647219 1.0895904 1.0706704 1.0496592 1.0370284 1.0050151 1.1786366 1.1977892 1.1743325 1.2403414 0.9868447 1.2105960 1.2438315 1.2175669 1.1516622 0.8170149 1.1076401 1.2428473 1.2959816 1.5241442 1.2345364 1.1516733 1.4446649 1.3675760 1.3747068 1.3504830 1.3851287 1.3577024 1.2563731 1.3138593 1.3138593 1.0119786 1.0143003 1.0995005 1.3483123 1.3108674 1.3792632 1.2866840 1.6216824 1.2161823 1.2161823 1.7559423 1.7752811 1.5493854 1.4877319 1.6059151 1.6653178 1.8620922 1.7369321 1.7063379 1.4247905 1.4666548 2.3824437 2.3236362 2.1972274 2.1198983 2.3029139 1.4993882 1.3906352 1.4554979 1.4921607 1.6348469 1.5907262 2.3177729 2.4789015 2.1645432 2.0517009 2.1681947 2.1683936 2.0987253 1.8429703 1.9692156 1.9274926 
Bralan_BLAG10000184_1                              0.8479501 0.9551589 0.7824785 1.0739037 0.0000000 0.6286613 0.5716135 0.5957841 0.5529197 0.7592282 0.7438687 0.7607192 0.7954039 0.8299544 0.9050780 0.9226475 0.9395976 0.7684350 0.9425402 0.9420071 0.9488258 0.7812954 0.8540487 0.8860169 0.8737304 0.7373695 0.8731763 0.7297047 0.8575709 0.9317647 0.9112219 0.8747100 0.8572549 0.8381292 0.8553690 0.7545642 0.7918614 0.7918614 1.2146466 1.0684666 1.0890389 1.1437632 1.1571301 1.1411999 1.1937769 1.0885599 1.0708177 1.0708177 1.3197398 1.3354504 1.4580447 1.5344811 1.3872081 1.4299062 1.5452292 1.3524141 1.4134359 1.2183166 1.4065673 2.2658609 2.0703669 1.9508523 1.6111231 1.9814289 1.2883442 1.3094683 1.4997479 1.6560971 1.3817827 1.3523594 1.8486975 1.8578471 1.5789757 1.2861448 1.6940663 1.6655445 1.3913254 1.6381156 1.4076383 2.2319953 
Hsap_ENST00000243045                               1.1071312 1.1765584 1.0312281 1.3083731 0.6286613 0.0000000 0.2422535 0.2173803 0.7300024 1.0195937 1.0213122 1.0509524 0.9891145 1.1790616 1.0140266 0.9938225 1.0247784 0.8497994 1.0272941 1.1206494 1.1084139 0.9290051 0.7327489 0.7951036 0.9645670 0.7223923 0.8599209 0.7518828 0.7198456 0.9110249 0.7956097 0.9345356 0.9167084 0.9084310 0.9146488 0.7922440 0.9906201 0.9906201 1.3462643 1.3761445 1.3526782 1.2825811 1.4295097 1.2155087 1.1375707 1.1694020 1.1074510 1.1074510 1.5443156 1.5614486 1.6385275 1.6586789 1.8036386 1.6990542 1.7081714 1.5387055 1.7367485 1.5776202 1.6603022 2.2434796 2.3619090 2.4482226 1.8582834 2.3287265 1.4994882 1.2693922 1.6237466 1.7908930 1.4026294 1.4283985 1.9605986 2.2739442 1.7700219 1.5535222 1.6839823 1.6602037 1.6793054 1.8366238 1.6375984 2.4110549 
Hsap_ENST00000304046                               1.1057092 1.1481487 0.9820579 1.2446591 0.5716135 0.2422535 0.0000000 0.1879675 0.8674542 1.0539367 1.0409904 1.0486032 1.0824565 1.2644028 0.8673775 0.8718453 0.8795390 0.6153273 0.8772954 0.8947863 0.8847313 0.8241371 0.5688327 0.7351302 0.9654467 0.6617205 0.8120456 0.6169552 0.6915544 0.8071584 0.7823441 0.9365086 0.9180222 0.9092608 0.9158836 0.7496165 0.9147695 0.9147695 1.3855106 1.3632324 1.3127227 1.2622180 1.3445324 1.1168561 1.2154599 1.1111777 1.2508615 1.2508615 1.5205435 1.5374907 1.6769932 1.6427034 1.7594829 1.6245585 1.6299219 1.5844833 1.6500618 1.5155223 1.7816436 2.4361194 2.2655295 2.4661383 1.9721294 2.2642506 1.5572545 1.3625144 1.6684665 1.8346168 1.3898766 1.4808930 2.0752803 2.1974928 1.8372424 1.7624926 1.7129836 1.7849138 1.6914298 1.7795324 1.7174006 2.3215966 
Hsap_ENST00000325795                               1.1785705 1.2304158 1.0370083 1.2647219 0.5957841 0.2173803 0.1879675 0.0000000 0.8221918 1.0336467 1.0094225 1.0586568 1.0194360 1.1003633 0.9038121 0.8846863 0.9126843 0.7043676 0.8983501 0.9949286 0.9837252 0.8812512 0.5624751 0.7449978 0.9393486 0.7208808 0.8652881 0.6456834 0.7279665 0.8291202 0.7680918 0.9911182 0.9721262 0.9628282 0.9698021 0.8479208 0.9968442 0.9968442 1.3587045 1.3266565 1.3737395 1.3127979 1.3713842 1.1789350 1.2391061 1.1984018 1.2300486 1.2300486 1.4961965 1.5131486 1.5919094 1.6011243 1.6977020 1.6375314 1.6137773 1.5462547 1.6041470 1.6159640 1.8186460 2.5111045 2.4368771 2.5113563 1.9778299 2.5476424 1.6078596 1.3987453 1.7728496 1.9575967 1.3481211 1.4945256 1.9924852 2.4542998 1.9801104 1.7928332 1.6605144 1.6884654 1.6852580 1.9018383 1.7088302 2.2732107 
Morvir_scaffold53.g3.t1                            0.8174780 0.8507077 0.9552077 1.0895904 0.5529197 0.7300024 0.8674542 0.8221918 0.0000000 0.4127709 0.4151336 0.4019095 0.3785477 0.5192426 0.7919056 0.7748610 0.7805450 0.8487979 0.7890875 0.7944365 0.7905264 0.6702047 0.7847204 0.6901380 0.9495894 0.8684463 1.0573649 0.9525236 0.8874645 1.0623084 1.0607314 0.9534739 0.9350232 0.9214767 0.9397962 0.8847935 0.9493508 0.9493508 1.3436444 1.2740104 1.2614200 1.0823422 1.0821784 1.0115746 1.0733151 1.1781649 1.0766754 1.0766754 1.4013853 1.4179536 1.2562853 1.3137214 1.4232119 1.4628165 1.7230012 1.3761727 1.3816172 1.2250426 1.4690417 2.3464719 2.1081228 2.1745591 1.5810067 2.2948068 1.2121283 1.2129766 1.3607927 1.5371427 1.1985324 1.3439052 2.0715509 2.2327038 1.6142935 1.5026374 1.6776645 1.4986771 1.4092796 1.6611220 1.1303785 2.4052035 
Nemnom_g16879.t1                                   0.9860911 0.9778412 0.9317276 1.0706704 0.7592282 1.0195937 1.0539367 1.0336467 0.4127709 0.0000000 0.0290717 0.0833044 0.1612174 0.6230855 0.9011174 0.8820317 0.8958171 0.8490258 0.8555323 0.9429092 0.9377479 0.8047997 0.8085334 0.8168843 0.8959053 0.9331055 1.1925515 1.1670431 1.0611515 1.1442965 1.2918814 1.1446858 1.1238210 1.1007432 1.1214196 0.8012545 1.1206540 1.1206540 1.7858415 1.6452370 1.6443653 1.2212495 1.2058751 1.1232887 1.1774194 1.4315374 1.2288114 1.2288114 1.7359820 1.7552557 1.5967156 1.6240002 1.7372135 1.7255460 2.0084225 1.4094815 1.7270163 1.4435124 1.5175371 2.5633498 1.9603418 2.0752349 1.7260184 2.1848898 1.1714064 1.3170342 1.3223250 1.5018689 1.2287276 1.1901405 2.1493213 1.9087539 1.5769383 1.4689190 1.6954868 1.6286141 1.4156475 1.5578795 1.2637479 2.1202759 
Rhoesc_Res_005210-T1                               0.9850582 0.9713731 0.9246257 1.0496592 0.7438687 1.0213122 1.0409904 1.0094225 0.4151336 0.0290717 0.0000000 0.0910291 0.1602430 0.6022417 0.8974122 0.8786320 0.8922084 0.8275048 0.8525513 0.9385908 0.9335330 0.7998903 0.8085334 0.7943114 0.8973955 0.9223133 1.2023836 1.1568712 1.0481352 1.1309336 1.2893358 1.1367750 1.1160664 1.0931477 1.1136690 0.7983840 1.1129401 1.1129401 1.7788429 1.6529144 1.6200495 1.2009969 1.2124700 1.1022613 1.1835086 1.4227246 1.2340761 1.2340761 1.7236008 1.7427770 1.5953598 1.6224929 1.7716037 1.6906392 1.9679938 1.4048444 1.7261866 1.4751785 1.4962489 2.5951594 2.0433685 2.0775584 1.7325500 2.2245218 1.1855132 1.3321483 1.3429995 1.5221470 1.2230848 1.2192204 2.1715756 1.9820697 1.6144362 1.5034570 1.6739494 1.6070937 1.4016746 1.5685367 1.2415858 2.0736447 
Aaur_scaffold2857.g1.t1                            1.0063060 0.9924368 0.9235519 1.0370284 0.7607192 1.0509524 1.0486032 1.0586568 0.4019095 0.0833044 0.0910291 0.0000000 0.1413138 0.5886265 0.9098809 0.8911205 0.9070971 0.8466977 0.8675877 0.9078170 0.9030451 0.7466454 0.8223780 0.8293519 0.8855664 0.9066855 1.1984344 1.1256229 1.0093764 1.1274900 1.2645294 1.1656543 1.1448404 1.1218573 1.1424832 0.8173781 1.0653592 1.0653592 1.7171789 1.6049911 1.5330786 1.2046464 1.2179772 1.0920119 1.1945858 1.4183865 1.2057556 1.2057556 1.7754967 1.7951085 1.5621949 1.5889917 1.7538634 1.7924192 1.9891821 1.5021270 1.7226528 1.3717550 1.5548976 2.5184249 1.8701567 2.0347931 1.6813440 2.2053738 1.2339984 1.3350106 1.3245298 1.5428535 1.1633463 1.1663200 2.2613685 1.9401195 1.5355965 1.5050275 1.7408175 1.6444293 1.3660466 1.7213968 1.2679874 2.0440212 
Sanmal_Sma_005807-T1                               0.9596227 0.9246582 0.9694360 1.0050151 0.7954039 0.9891145 1.0824565 1.0194360 0.3785477 0.1612174 0.1602430 0.1413138 0.0000000 0.5159826 0.8227906 0.8054176 0.8236116 0.7263158 0.7938962 0.8119515 0.8079781 0.6750734 0.6783415 0.7630647 0.9510466 0.9287286 1.2413913 1.0237546 1.0190191 1.1025710 1.1616946 1.1839608 1.1629220 1.1474237 1.1682954 0.8476764 1.1203311 1.1203311 1.5677053 1.5131326 1.5006983 1.1323457 1.2154906 1.0273553 1.1648008 1.3397141 1.1271050 1.1271050 1.7408249 1.7601670 1.6294227 1.6803654 1.6999373 1.7686774 1.9193865 1.4584262 1.7147358 1.2980713 1.4581857 2.3664159 1.9058365 2.0128462 1.6839839 2.2078513 1.2904233 1.2650018 1.2975788 1.5052594 1.2009313 1.1753694 2.2984523 1.9402407 1.4943571 1.4298525 1.7214021 1.5691671 1.3753001 1.7453642 1.2125474 2.0403185 
Chem_TCONS_00067020                                1.0985238 1.0756372 1.0865547 1.1786366 0.8299544 1.1790616 1.2644028 1.1003633 0.5192426 0.6230855 0.6022417 0.5886265 0.5159826 0.0000000 1.0019188 0.9817175 0.9951637 0.8757807 0.9475204 0.9146228 0.9078684 0.8860763 0.7780679 0.8390865 0.9464239 1.0825653 1.3709348 1.0567333 1.0561821 1.1556618 1.2950051 1.2076051 1.1863476 1.1707117 1.1918263 0.8927891 1.1434133 1.1434133 1.4599573 1.4408188 1.4143886 1.1580188 1.2877572 1.0323048 1.3374587 1.2402750 1.3661907 1.3661907 1.8701530 1.8904284 1.6349400 1.7231424 1.7580985 1.9443339 2.0954500 1.6585690 1.7969937 1.3291656 1.4173491 2.4095924 1.9728156 1.9105011 1.6082057 2.2856765 1.4710181 1.3570771 1.5893410 1.7572368 1.3105872 1.4699662 2.2231859 2.3168391 1.7968426 1.6640634 1.9125449 1.9628173 1.4546804 1.9486321 0.9172589 2.0166814 
Spis_XP_022785897_1                                1.1350909 1.0784206 1.0692079 1.1977892 0.9050780 1.0140266 0.8673775 0.9038121 0.7919056 0.9011174 0.8974122 0.9098809 0.8227906 1.0019188 0.0000000 0.0072466 0.0376620 0.0124379 0.0541955 0.1141288 0.1052313 0.3278170 0.3325321 0.2993394 0.8906562 0.9481212 1.2316139 1.0256162 1.0925972 1.1409452 1.3043383 1.0001759 0.9816222 0.9609975 0.9793290 0.9466542 0.9449467 0.9449467 1.6981475 1.6418150 1.6107741 1.3676816 1.2731309 1.1413463 1.2890902 1.2190031 1.3661594 1.3661594 1.7771251 1.7959525 1.6609357 1.6454195 1.8322799 1.7579937 1.9955790 1.5379810 1.9426840 1.4202459 1.8106212 2.6851389 2.1523129 2.1562500 1.9905905 2.1377229 1.4583175 1.5112294 1.5056789 1.6902100 1.2924136 1.5686312 1.9641758 1.9938429 1.6997252 1.6262909 1.7522200 1.5741474 1.5974379 1.6706867 1.3383438 2.1247935 
Pocdam_XM_027181086.1                              1.1555823 1.0862141 1.0885629 1.1743325 0.9226475 0.9938225 0.8718453 0.8846863 0.7748610 0.8820317 0.8786320 0.8911205 0.8054176 0.9817175 0.0072466 0.0000000 0.0299857 0.0124379 0.0462320 0.1228272 0.1138290 0.3384736 0.3325321 0.2889564 0.8968679 0.9549826 1.2084499 1.0457729 1.0711585 1.1491015 1.3266555 1.0188923 1.0001759 0.9793290 0.9978203 0.9466542 0.9629222 0.9629222 1.7110537 1.6539732 1.6376487 1.3907965 1.2951934 1.1477369 1.3115864 1.2283173 1.3398647 1.3398647 1.7899682 1.8089044 1.6725781 1.6551017 1.8453231 1.7706006 2.0077701 1.5379810 1.9381948 1.4286770 1.8397148 2.7339817 2.1872282 2.1907344 2.0230282 2.1537551 1.4305039 1.4822941 1.4758846 1.6547165 1.3018089 1.5952422 1.9748174 2.0480836 1.7285212 1.6385025 1.7186802 1.5439867 1.6245715 1.6828737 1.3112528 2.1247935 
Gasp_gasp1.m3.22000.m1                             1.1722554 1.1027331 1.0879304 1.2403414 0.9395976 1.0247784 0.8795390 0.9126843 0.7805450 0.8958171 0.8922084 0.9070971 0.8236116 0.9951637 0.0376620 0.0299857 0.0000000 0.0000010 0.0299046 0.1211125 0.1122476 0.3563820 0.3325321 0.3041731 0.8888220 1.0177021 1.1433853 1.0698636 1.1155756 1.1735631 1.3681684 1.0114529 0.9927414 0.9719150 0.9904033 0.9463678 0.9366948 0.9366948 1.7783203 1.7171858 1.6959313 1.4207069 1.3229961 1.1674676 1.3810754 1.2505492 1.3971494 1.3971494 1.8673932 1.8869101 1.7445075 1.7262576 1.9483978 1.8677282 2.0559858 1.6217985 2.0218099 1.4654087 1.7805368 2.6335107 2.2413524 2.2919190 2.0884383 2.1744452 1.4028781 1.5192970 1.5003903 1.6287321 1.2928577 1.6595200 2.0464002 2.0031080 1.7241979 1.6385888 1.6607123 1.5251898 1.6228121 1.7555089 1.3275232 2.0077716 
Fspp_ffun1.m4.3132.m1                              0.9760360 0.9348077 0.8318147 0.9868447 0.7684350 0.8497994 0.6153273 0.7043676 0.8487979 0.8490258 0.8275048 0.8466977 0.7263158 0.8757807 0.0124379 0.0124379 0.0000010 0.0000000 0.0247026 0.0775570 0.0638853 0.2869746 0.2679050 0.2252016 0.7665849 0.8433159 0.9996610 0.6858385 0.9352396 0.9405716 1.1183983 0.9243152 0.8965176 0.8933881 0.8933881 0.8850066 0.8211917 0.8211917 1.5768960 1.5582635 1.5783825 1.1283438 1.0905890 0.9614954 1.1760184 1.0692598 1.1124216 1.1124216 1.3880994 1.4141450 1.3767008 1.3787131 1.5166250 1.4874776 1.4998259 1.3880994 1.5421924 1.0744053 1.6463428 3.2809655 2.2911290 2.2102163 2.0857526 2.1078010 1.2302032 1.3280881 1.3507914 1.3507914 1.1409944 1.4410830 1.8437587 1.6165448 1.3870241 1.4321882 1.3258879 1.3364298 1.6968960 1.4504031 1.8452553 1.7353354 
Gfas_gfas1.m1.7254.m1                              1.1221481 1.0538867 1.0745935 1.2105960 0.9425402 1.0272941 0.8772954 0.8983501 0.7890875 0.8555323 0.8525513 0.8675877 0.7938962 0.9475204 0.0541955 0.0462320 0.0299046 0.0247026 0.0000000 0.1049454 0.0961960 0.3729221 0.3325321 0.3194108 0.8966314 0.9923453 1.1452636 1.0409740 1.0891440 1.1807862 1.3191405 1.0316385 1.0126795 0.9747577 0.9933634 0.9161556 0.9392848 0.9392848 1.7912481 1.7515051 1.6726560 1.3821500 1.3158802 1.1227908 1.3374588 1.2215264 1.3870106 1.3870106 1.8808370 1.9005083 1.7460737 1.7475109 1.9589191 1.8698049 2.1238404 1.6504164 2.0592411 1.4609257 1.8116347 2.5840893 2.1843957 2.2254285 2.0623403 2.1865241 1.4641791 1.4982644 1.4967074 1.6251819 1.3382013 1.5970984 2.0017244 1.9389666 1.6765530 1.5933342 1.5964282 1.4782289 1.6698598 1.7285780 1.3170153 1.9427527 
Amil_Amillepora11272-RA                            1.0878550 1.0471686 1.0348590 1.2438315 0.9420071 1.1206494 0.8947863 0.9949286 0.7944365 0.9429092 0.9385908 0.9078170 0.8119515 0.9146228 0.1141288 0.1228272 0.1211125 0.0775570 0.1049454 0.0000000 0.0072214 0.3765677 0.3825622 0.3246757 0.8983706 0.9399079 1.2062234 1.0264897 1.0800736 1.1688540 1.3089704 1.0033967 0.9845406 0.9706847 0.9894140 0.8932893 0.9331588 0.9331588 1.7901283 1.7560228 1.6584416 1.3173323 1.2712815 1.1419875 1.3543596 1.2627175 1.3657217 1.3657217 1.7432453 1.7619803 1.6837434 1.6872785 1.8044566 1.7992055 2.0734579 1.5127605 1.9543980 1.3866970 1.7439058 2.5407366 2.1286606 2.1475144 1.9826717 2.3063668 1.5199405 1.5810152 1.4386885 1.5773804 1.3111025 1.6233904 2.1009311 1.9098614 1.6724325 1.6080288 1.6724852 1.6143838 1.6551480 1.8051002 1.3490437 1.9429019 
Adig_XM_015922987.1                                1.0949924 1.0397655 1.0529019 1.2175669 0.9488258 1.1084139 0.8847313 0.9837252 0.7905264 0.9377479 0.9335330 0.9030451 0.8079781 0.9078684 0.1052313 0.1138290 0.1122476 0.0638853 0.0961960 0.0072214 0.0000000 0.3741085 0.3755982 0.3225975 0.8921467 0.9574882 1.1934280 1.0457761 1.0989984 1.1536577 1.2818807 0.9976432 0.9789408 0.9651982 0.9837755 0.8858478 0.9279861 0.9279861 1.7670130 1.7339084 1.6376658 1.3216803 1.2446808 1.1171397 1.3265112 1.2707945 1.3657217 1.3657217 1.7722550 1.7912300 1.6502254 1.6538540 1.7926817 1.7874647 2.0601320 1.5475252 1.9417987 1.3763304 1.7309909 2.5161316 2.0942538 2.1132901 1.9504313 2.2664143 1.5091017 1.5695365 1.4281715 1.5644623 1.3024181 1.6112771 2.0754698 1.9098614 1.6511170 1.5875689 1.6513705 1.5941725 1.6342736 1.7829948 1.3394481 1.9093853 
Exapal_XM_021043130.2                              1.0871794 1.1255412 0.9873389 1.1516622 0.7812954 0.9290051 0.8241371 0.8812512 0.6702047 0.8047997 0.7998903 0.7466454 0.6750734 0.8860763 0.3278170 0.3384736 0.3563820 0.2869746 0.3729221 0.3765677 0.3741085 0.0000000 0.2111991 0.2124372 0.7198761 0.7500604 1.0259252 0.9079753 0.8609608 0.9919430 1.0289019 1.0205343 1.0017715 0.9808819 0.9994073 0.8940108 0.9271670 0.9271670 1.7284605 1.6359045 1.4099474 1.2505318 1.2482432 1.0877058 1.3087151 1.1782756 1.3634634 1.3634634 1.5468947 1.5639697 1.4592097 1.4461406 1.5631118 1.6088824 1.7744805 1.4855930 1.6024310 1.3012202 1.6669259 2.2900603 1.8799737 2.0314896 1.8429882 2.0926529 1.4576761 1.3664276 1.5026579 1.7308806 1.1062668 1.3252986 1.8206210 1.9937070 1.4875052 1.4036568 1.5203589 1.4760432 1.4075694 1.6792666 1.2889602 1.9312099 
Nvec_v1g147955                                     0.8962754 0.8104093 0.7716773 0.8170149 0.8540487 0.7327489 0.5688327 0.5624751 0.7847204 0.8085334 0.8085334 0.8223780 0.6783415 0.7780679 0.3325321 0.3325321 0.3325321 0.2679050 0.3325321 0.3825622 0.3755982 0.2111991 0.0000000 0.0208716 0.7293154 0.8408182 1.0941449 0.6039006 0.8325686 0.8082000 0.9038908 0.8409204 0.7930211 0.7930211 0.7930211 0.7612381 0.7191575 0.7191575 1.0387624 1.0586738 0.9263519 1.1213480 1.0559266 0.9661058 1.2314105 0.9420874 1.1997628 1.1997628 0.8439647 0.8798919 0.8789223 0.8789223 0.9383621 0.9262295 0.8589475 0.8675754 0.7718403 0.9850188 1.6798744 1.9492587 2.6243330 2.5018234 2.2348497 2.8613471 1.1072019 0.9196797 1.5165852 1.5929250 1.0737997 1.2278445 1.8857473 1.6921664 1.3630959 1.5586079 1.7311273 1.7689845 2.1696085 1.6863109 1.2252860 1.4456466 
Nvec_v1g241507                                     1.1460908 1.1061787 1.0181148 1.1076401 0.8860169 0.7951036 0.7351302 0.7449978 0.6901380 0.8168843 0.7943114 0.8293519 0.7630647 0.8390865 0.2993394 0.2889564 0.3041731 0.2252016 0.3194108 0.3246757 0.3225975 0.2124372 0.0208716 0.0000000 0.7923357 0.7735112 1.0357818 0.8660565 0.8834878 1.0262490 1.0903575 0.9954031 0.9769814 0.9565268 0.9747157 0.9133680 0.9508217 0.9508217 1.6561246 1.5808579 1.3992889 1.3540913 1.2391948 1.0250509 1.2895893 1.2212727 1.2116774 1.2116774 1.5388472 1.5559133 1.4392736 1.4246625 1.6068248 1.5704034 1.7468863 1.4097725 1.5825287 1.4056979 1.5893421 2.2620811 2.0683335 2.1418000 1.7786864 2.0434551 1.4285252 1.2813264 1.4618636 1.6531181 1.2299329 1.2737688 1.8025755 1.8732708 1.5150309 1.5364250 1.6733391 1.6200081 1.4181144 1.6707241 1.2672902 1.8303532 
Dgig_XM_028541082.1                                1.2088991 1.2280844 0.9707061 1.2428473 0.8737304 0.9645670 0.9654467 0.9393486 0.9495894 0.8959053 0.8973955 0.8855664 0.9510466 0.9464239 0.8906562 0.8968679 0.8888220 0.7665849 0.8966314 0.8983706 0.8921467 0.7198761 0.7293154 0.7923357 0.0000000 1.0526696 1.0507781 1.0850057 1.0191668 1.0610173 1.2854180 1.1737033 1.1528520 1.1292726 1.1498540 0.8232066 1.1468614 1.1468614 1.8979218 1.9001127 1.8736307 1.1602757 1.1749931 1.0752577 1.2231068 1.3363717 1.2044743 1.2044743 1.6550632 1.6541669 1.6086785 1.5849276 1.7872616 1.8273659 1.8218314 1.5796192 1.8653207 1.3511236 1.8131860 2.5911998 2.0141744 1.9294412 1.9806235 2.0791233 1.5260040 1.4488975 1.8224596 2.0725260 1.2522883 1.6184396 2.0848413 2.2479802 1.7485667 1.6116665 1.8309089 1.8460951 1.7680853 1.6077599 1.4045496 1.6592860 
Acagra_model.g20062.t1.1.5d3b89e7                  1.0575366 1.0579574 0.9471423 1.2959816 0.7373695 0.7223923 0.6617205 0.7208808 0.8684463 0.9331055 0.9223133 0.9066855 0.9287286 1.0825653 0.9481212 0.9549826 1.0177021 0.8433159 0.9923453 0.9399079 0.9574882 0.7500604 0.8408182 0.7735112 1.0526696 0.0000000 0.4968448 0.7692272 0.7253119 1.0000824 0.7661465 1.0410957 1.0333307 1.0115944 1.0308047 0.9082534 0.9670815 0.9670815 1.4009694 1.3524238 1.4043345 1.0212596 1.0715293 0.8818898 0.9685038 1.0014710 0.9117316 0.9117316 1.6234858 1.6413698 1.6595403 1.6505438 1.8387125 1.7353110 1.9230197 1.6205014 1.7583601 1.5407687 1.6564774 2.5334452 1.9792347 1.9379860 1.6995642 2.0313793 1.2865194 1.3390029 1.5582463 1.7860289 1.3281233 1.2927499 1.7488809 1.8653337 1.6700168 1.5168571 1.7379259 1.7318053 1.4545666 1.7403507 1.6605466 2.5057822 
Cgig_XM_034454312.1                                1.1798100 1.2310418 1.1580602 1.5241442 0.8731763 0.8599209 0.8120456 0.8652881 1.0573649 1.1925515 1.2023836 1.1984344 1.2413913 1.3709348 1.2316139 1.2084499 1.1433853 0.9996610 1.1452636 1.2062234 1.1934280 1.0259252 1.0941449 1.0357818 1.0507781 0.4968448 0.0000000 0.9968986 0.9218320 1.1081421 0.9778079 1.0321857 1.0175394 1.0361890 1.0150531 0.8817551 0.9580318 0.9580318 1.5356276 1.3929003 1.4775174 1.0916904 1.0554322 1.0354211 1.0583913 1.1001596 0.9993798 0.9993798 1.9287408 1.9279543 1.8971964 1.8478395 2.0405361 1.9585003 2.2366347 2.0092907 1.8489564 1.4858304 1.6289665 2.5281715 1.9737770 1.9415792 1.8667338 2.0860818 1.3655951 1.4631101 1.6521768 1.6684685 1.4297159 1.6549126 1.7721542 1.7223658 1.7852575 1.6505167 1.4819572 1.6273280 1.6016009 1.7823636 1.7867936 2.0444674 
Cscu_XM_023386966.1                                0.9902283 1.0286496 0.9100171 1.2345364 0.7297047 0.7518828 0.6169552 0.6456834 0.9525236 1.1670431 1.1568712 1.1256229 1.0237546 1.0567333 1.0256162 1.0457729 1.0698636 0.6858385 1.0409740 1.0264897 1.0457761 0.9079753 0.6039006 0.8660565 1.0850057 0.7692272 0.9968986 0.0000000 0.7374989 0.6742715 0.8703920 1.0421410 1.0218282 0.9991612 1.0192194 0.7835262 1.0507871 1.0507871 1.3258478 1.3525272 1.2494822 1.0319705 1.0978569 0.9621504 1.2063088 1.1677895 1.0933681 1.0933681 1.6105658 1.6288957 1.6526239 1.7062030 1.7063043 1.8354850 1.7525309 1.8151237 1.6185052 1.4639171 1.5727190 2.4536638 2.3131405 2.3730416 2.1050210 2.2113010 1.3443157 1.2444419 1.6051454 1.8037243 1.4455710 1.4387841 2.1468902 1.9370200 1.6369602 1.5968382 1.6258028 1.6691292 1.5617497 1.6784280 1.8480096 2.4877627 
Skow_XM_002739158.2                                0.9603151 0.9782174 0.8669434 1.1516733 0.8575709 0.7198456 0.6915544 0.7279665 0.8874645 1.0611515 1.0481352 1.0093764 1.0190191 1.0561821 1.0925972 1.0711585 1.1155756 0.9352396 1.0891440 1.0800736 1.0989984 0.8609608 0.8325686 0.8834878 1.0191668 0.7253119 0.9218320 0.7374989 0.0000000 0.8921921 0.7555368 1.1144252 1.0941750 1.1081485 1.0914003 0.9802566 1.0734023 1.0734023 1.4584507 1.4537755 1.4708529 1.1012422 1.2002731 1.1432024 1.0889793 1.2348243 1.0663374 1.0663374 1.5860889 1.6030232 1.5999608 1.6023715 1.7083028 1.7904623 1.7323956 1.6264723 1.6422396 1.1471218 1.8037654 2.6115979 2.1202729 2.1344067 1.9566251 2.2613355 1.4702913 1.4044001 1.6336735 1.9584110 1.6012615 1.7479454 1.8683841 2.5602252 1.8199992 1.5889845 1.8611211 1.8592057 1.9422395 1.7766075 1.7193520 2.0378118 
Dpul_mRNA21963                                     1.1876644 1.1837538 1.1279779 1.4446649 0.9317647 0.9110249 0.8071584 0.8291202 1.0623084 1.1442965 1.1309336 1.1274900 1.1025710 1.1556618 1.1409452 1.1491015 1.1735631 0.9405716 1.1807862 1.1688540 1.1536577 0.9919430 0.8082000 1.0262490 1.0610173 1.0000824 1.1081421 0.6742715 0.8921921 0.0000000 1.2637185 1.1966377 1.1760554 1.1527365 1.1730425 0.9617913 1.2237889 1.2237889 1.4562437 1.5081966 1.5813175 1.4637554 1.3362342 1.2280113 1.4978503 1.2987046 1.4993223 1.4993223 1.8380052 1.8572943 1.8400436 1.8735143 1.9526424 1.9760351 2.1286185 2.0406693 1.8828295 1.3780379 1.7318011 2.7742887 2.4699544 2.5092204 2.1154123 2.3902325 1.4408778 1.4949306 1.6343912 1.8418655 1.4112820 1.6991495 1.9809961 2.5358564 1.8773643 1.6652740 1.9556736 1.9815158 1.7488663 1.7276011 1.6790559 2.5418758 
Ctel_gnl_WGS_AMQN_CAPTEDRAFT_mRNA118391            1.1032429 1.1230312 1.1205270 1.3675760 0.9112219 0.7956097 0.7823441 0.7680918 1.0607314 1.2918814 1.2893358 1.2645294 1.1616946 1.2950051 1.3043383 1.3266555 1.3681684 1.1183983 1.3191405 1.3089704 1.2818807 1.0289019 0.9038908 1.0903575 1.2854180 0.7661465 0.9778079 0.8703920 0.7555368 1.2637185 0.0000000 1.1382367 1.1272190 1.1710258 1.1531921 0.9337787 1.1547214 1.1547214 1.6354828 1.5619748 1.4256041 1.1640847 1.2395442 1.1572580 1.3544808 1.1334681 1.3468274 1.3468274 1.8830253 1.9030983 1.9942072 1.9798662 2.0868818 2.0032664 1.9770104 2.0257578 1.9383873 1.4681789 1.6966659 2.4494472 1.8483304 2.1203395 1.7950777 1.9309371 1.3749614 1.3433396 1.7965924 2.0667640 1.7641609 1.7134558 1.7925449 2.1421291 1.8703383 1.7927523 1.7725651 1.8327198 1.7124904 1.9364228 1.9225241 2.3979459 
HoiH23_PlH23_005653-RA                             1.0680997 1.1145626 1.0951491 1.3747068 0.8747100 0.9345356 0.9365086 0.9911182 0.9534739 1.1446858 1.1367750 1.1656543 1.1839608 1.2076051 1.0001759 1.0188923 1.0114529 0.9243152 1.0316385 1.0033967 0.9976432 1.0205343 0.8409204 0.9954031 1.1737033 1.0410957 1.0321857 1.0421410 1.1144252 1.1966377 1.1382367 0.0000000 0.0069696 0.0211627 0.0140403 0.0696420 0.1201947 0.1201947 1.5882961 1.3284836 1.4739602 1.2203053 1.2160125 1.2173983 1.1682418 1.1711950 1.3454757 1.3454757 1.6123820 1.5795124 1.6648796 1.6269486 1.6754470 1.5387569 1.8688174 1.6248672 1.5697562 1.2660281 1.5408952 2.4820170 2.2328552 2.3505225 1.8323164 2.2850711 1.3562207 1.4973675 1.7914961 1.9346888 1.4955908 1.5875349 1.8273037 1.9265631 1.6847105 1.6100859 1.7314745 1.8261354 1.6503475 1.6926378 2.1361949 2.1914500 
HoiH06_mRNA11173                                   1.0485615 1.0944323 1.0748847 1.3504830 0.8572549 0.9167084 0.9180222 0.9721262 0.9350232 1.1238210 1.1160664 1.1448404 1.1629220 1.1863476 0.9816222 1.0001759 0.9927414 0.8965176 1.0126795 0.9845406 0.9789408 1.0017715 0.7930211 0.9769814 1.1528520 1.0333307 1.0175394 1.0218282 1.0941750 1.1760554 1.1272190 0.0069696 0.0000000 0.0140422 0.0069873 0.0576048 0.1121522 0.1121522 1.5766494 1.3122153 1.4489865 1.1979354 1.1940564 1.1955542 1.1468748 1.1711950 1.3291436 1.3291436 1.5856320 1.5532157 1.6376926 1.6004945 1.6483067 1.5131611 1.8388619 1.5882361 1.5437691 1.2570021 1.5239952 2.4587145 2.2210736 2.3386197 1.8323164 2.2700287 1.3326580 1.4711768 1.7616549 1.9005933 1.4706282 1.5602053 1.8166260 1.9265631 1.6566086 1.5824304 1.7131554 1.8078146 1.6366428 1.6802853 2.1008701 2.1417507 
Hhon_g08401.t1                                     1.0700496 1.1168512 1.0607083 1.3851287 0.8381292 0.9084310 0.9092608 0.9628282 0.9214767 1.1007432 1.0931477 1.1218573 1.1474237 1.1707117 0.9609975 0.9793290 0.9719150 0.8933881 0.9747577 0.9706847 0.9651982 0.9808819 0.7930211 0.9565268 1.1292726 1.0115944 1.0361890 0.9991612 1.1081485 1.1527365 1.1710258 0.0211627 0.0140422 0.0000000 0.0069883 0.0699394 0.1121808 0.1121808 1.5668003 1.3393783 1.4256993 1.1814775 1.2215920 1.2010803 1.1760237 1.1660615 1.3022889 1.3022889 1.5656411 1.5335849 1.6087739 1.6290851 1.6362411 1.4856930 1.8485627 1.5971544 1.5467476 1.2822876 1.5055258 2.4142631 2.2348555 2.3056105 1.8254549 2.2616085 1.3126927 1.4654057 1.7301786 1.8649717 1.4437608 1.5309852 1.7969100 1.9934559 1.6363302 1.5624398 1.7452752 1.8412845 1.6161044 1.6679705 2.0580272 2.1531052 
HoiH04_mRNA9205                                    1.0485790 1.0946282 1.0808497 1.3577024 0.8553690 0.9146488 0.9158836 0.9698021 0.9397962 1.1214196 1.1136690 1.1424832 1.1682954 1.1918263 0.9793290 0.9978203 0.9904033 0.8933881 0.9933634 0.9894140 0.9837755 0.9994073 0.7930211 0.9747157 1.1498540 1.0308047 1.0150531 1.0192194 1.0914003 1.1730425 1.1531921 0.0140403 0.0069873 0.0069883 0.0000000 0.0699394 0.1041828 0.1041828 1.5786157 1.3132389 1.4504953 1.2037163 1.1971455 1.2230423 1.1523406 1.1884892 1.3253333 1.3253333 1.5921571 1.5596549 1.6356998 1.5984848 1.6632483 1.5110485 1.8620024 1.5971544 1.5580747 1.2627023 1.5308413 2.4587145 2.2714009 2.3427460 1.8559738 2.2974760 1.3360546 1.4915378 1.7597180 1.8986707 1.4684865 1.5580483 1.8103387 1.9411278 1.6642063 1.5898794 1.7111701 1.8059593 1.6443281 1.6782981 2.0926731 2.1531052 
HoiH11_mRNA8778                                    1.0504554 1.0218298 0.9473929 1.2563731 0.7545642 0.7922440 0.7496165 0.8479208 0.8847935 0.8012545 0.7983840 0.8173781 0.8476764 0.8927891 0.9466542 0.9466542 0.9463678 0.8850066 0.9161556 0.8932893 0.8858478 0.8940108 0.7612381 0.9133680 0.8232066 0.9082534 0.8817551 0.7835262 0.9802566 0.9617913 0.9337787 0.0696420 0.0576048 0.0699394 0.0699394 0.0000000 0.1212163 0.1212163 1.7292785 1.4381834 1.6413065 0.8535450 0.8963810 0.9041134 0.9783113 1.0089135 1.0285037 1.0285037 1.3547162 1.3104613 1.3596974 1.4006337 1.4082797 1.3431240 1.4603437 1.3538495 1.1800553 1.1704503 1.3287476 2.8225381 1.7653903 1.9941894 1.6473020 2.1188665 1.0626370 1.1400212 1.5154690 1.5154690 0.9779071 1.1917820 1.8878710 1.6437071 1.4566455 1.3140868 1.4394000 1.5025949 1.5945964 1.3699399 2.2326419 1.8527179 
TrH2_TrispH2_011088-RA                             1.0731731 1.1222485 1.0324277 1.3138593 0.7918614 0.9906201 0.9147695 0.9968442 0.9493508 1.1206540 1.1129401 1.0653592 1.1203311 1.1434133 0.9449467 0.9629222 0.9366948 0.8211917 0.9392848 0.9331588 0.9279861 0.9271670 0.7191575 0.9508217 1.1468614 0.9670815 0.9580318 1.0507871 1.0734023 1.2237889 1.1547214 0.1201947 0.1121522 0.1121808 0.1041828 0.1212163 0.0000000 0.0000010 1.6231251 1.3209925 1.4085311 1.2766691 1.2057007 1.1911902 1.1401921 1.2183564 1.4080534 1.4080534 1.7056393 1.6710048 1.6666287 1.6282414 1.7329983 1.5902705 1.9039451 1.6651815 1.6227375 1.3552408 1.5259885 2.3684484 2.2125376 2.2778830 1.8032573 2.0685860 1.2549375 1.4787704 1.7046447 1.8260142 1.3404622 1.4644934 1.8929122 1.9292385 1.6249843 1.5613255 1.6685240 1.7623778 1.6743437 1.7584864 1.9859819 2.0607951 
Tadh_TriadT23050                                   1.0731731 1.1222485 1.0324277 1.3138593 0.7918614 0.9906201 0.9147695 0.9968442 0.9493508 1.1206540 1.1129401 1.0653592 1.1203311 1.1434133 0.9449467 0.9629222 0.9366948 0.8211917 0.9392848 0.9331588 0.9279861 0.9271670 0.7191575 0.9508217 1.1468614 0.9670815 0.9580318 1.0507871 1.0734023 1.2237889 1.1547214 0.1201947 0.1121522 0.1121808 0.1041828 0.1212163 0.0000010 0.0000000 1.6231251 1.3209925 1.4085311 1.2766691 1.2057007 1.1911902 1.1401921 1.2183564 1.4080534 1.4080534 1.7056393 1.6710048 1.6666287 1.6282414 1.7329983 1.5902705 1.9039451 1.6651815 1.6227375 1.3552408 1.5259885 2.3684484 2.2125376 2.2778830 1.8032573 2.0685860 1.2549375 1.4787704 1.7046447 1.8260142 1.3404622 1.4644934 1.8929122 1.9292385 1.6249843 1.5613255 1.6685240 1.7623778 1.6743437 1.7584864 1.9859819 2.0607951 
Aque_Aqu2.1.33588_001                              0.9357776 0.9192587 0.8388400 1.0119786 1.2146466 1.3462643 1.3855106 1.3587045 1.3436444 1.7858415 1.7788429 1.7171789 1.5677053 1.4599573 1.6981475 1.7110537 1.7783203 1.5768960 1.7912481 1.7901283 1.7670130 1.7284605 1.0387624 1.6561246 1.8979218 1.4009694 1.5356276 1.3258478 1.4584507 1.4562437 1.6354828 1.5882961 1.5766494 1.5668003 1.5786157 1.7292785 1.6231251 1.6231251 0.0000000 0.2303465 0.3434628 1.6876057 1.6785379 1.5367191 1.5652924 1.6287957 1.4988630 1.4988630 1.5251725 1.5425004 1.6490966 1.6311387 1.6549495 1.6810855 1.8039142 2.0768574 1.5446291 1.8551581 1.6058850 2.0694408 3.1142379 2.7329716 2.4988266 2.6232150 1.6200036 1.8728423 1.9062966 1.8891311 1.9700725 2.3504926 2.2404087 3.1473792 2.0128113 2.0222618 2.4635057 2.3647346 2.1674592 1.9911596 2.0114281 3.0390957 
Halamb_c42941_g4_i2mm.1181                         0.7589842 0.7587703 0.8249654 1.0143003 1.0684666 1.3761445 1.3632324 1.3266565 1.2740104 1.6452370 1.6529144 1.6049911 1.5131326 1.4408188 1.6418150 1.6539732 1.7171858 1.5582635 1.7515051 1.7560228 1.7339084 1.6359045 1.0586738 1.5808579 1.9001127 1.3524238 1.3929003 1.3525272 1.4537755 1.5081966 1.5619748 1.3284836 1.3122153 1.3393783 1.3132389 1.4381834 1.3209925 1.3209925 0.2303465 0.0000000 0.3006067 1.7321200 1.6370426 1.5711052 1.5016488 1.6009851 1.4498275 1.4498275 1.5118832 1.5288122 1.6395957 1.6089416 1.5915453 1.6313918 1.8584207 1.7792690 1.5568676 1.7861315 1.5819024 2.1219556 2.8312558 2.5850071 2.3529925 2.4156143 1.6287427 1.8328487 1.9556606 2.0115502 1.9106553 2.1372550 2.1302816 2.7638138 1.9174493 1.9349828 2.1266144 2.0760347 1.9642501 1.9743848 2.0584095 2.7076552 
Xestes_maker-XT_scaffold914-snap-gene-0.12-mRNA-1  0.7743502 0.7842442 0.7493284 1.0995005 1.0890389 1.3526782 1.3127227 1.3737395 1.2614200 1.6443653 1.6200495 1.5330786 1.5006983 1.4143886 1.6107741 1.6376487 1.6959313 1.5783825 1.6726560 1.6584416 1.6376658 1.4099474 0.9263519 1.3992889 1.8736307 1.4043345 1.4775174 1.2494822 1.4708529 1.5813175 1.4256041 1.4739602 1.4489865 1.4256993 1.4504953 1.6413065 1.4085311 1.4085311 0.3434628 0.3006067 0.0000000 1.7352894 1.7120635 1.6703273 1.6403580 1.6740842 1.5462376 1.5462376 1.4407145 1.4571841 1.5752445 1.6190401 1.5437691 1.5127440 1.7857227 1.9286933 1.4586497 1.8969556 1.7497429 2.2036182 2.9168080 2.7978193 2.3399153 2.7573301 1.8542578 1.7882883 2.0781598 2.1676828 2.1527315 2.0923603 2.2468427 3.4178780 2.0021981 2.0638560 2.3016367 2.1635544 2.0494265 2.0926244 1.7993060 2.5925329 
Lcom_lcpid77249                                    1.2736297 1.3461059 1.0765463 1.3483123 1.1437632 1.2825811 1.2622180 1.3127979 1.0823422 1.2212495 1.2009969 1.2046464 1.1323457 1.1580188 1.3676816 1.3907965 1.4207069 1.1283438 1.3821500 1.3173323 1.3216803 1.2505318 1.1213480 1.3540913 1.1602757 1.0212596 1.0916904 1.0319705 1.1012422 1.4637554 1.1640847 1.2203053 1.1979354 1.1814775 1.2037163 0.8535450 1.2766691 1.2766691 1.6876057 1.7321200 1.7352894 0.0000000 0.2942282 0.3162493 0.3706600 0.5738138 1.0434946 1.0434946 1.8587609 1.8579448 1.9106149 1.9820915 2.0416225 1.9522441 1.8679453 1.5918237 1.8622376 1.3562887 1.4758602 2.6286510 2.1018309 2.0277726 2.0396276 2.1339218 1.4453234 1.5278211 1.7956516 1.9811075 1.5903892 1.6051984 2.2433581 1.5771360 1.6723277 1.5796230 1.9774947 2.1935064 1.7202039 1.8394913 1.9390418 2.4592579 
Scil_scict001063.1                                 1.3337631 1.3533141 1.1365777 1.3108674 1.1571301 1.4295097 1.3445324 1.3713842 1.0821784 1.2058751 1.2124700 1.2179772 1.2154906 1.2877572 1.2731309 1.2951934 1.3229961 1.0905890 1.3158802 1.2712815 1.2446808 1.2482432 1.0559266 1.2391948 1.1749931 1.0715293 1.0554322 1.0978569 1.2002731 1.3362342 1.2395442 1.2160125 1.1940564 1.2215920 1.1971455 0.8963810 1.2057007 1.2057007 1.6785379 1.6370426 1.7120635 0.2942282 0.0000000 0.3351312 0.3844650 0.6532032 1.1269492 1.1269492 1.8084298 1.8279636 1.7962659 1.7914059 1.9630055 1.9103636 1.9391775 1.3875085 1.8349509 1.5319470 1.5307463 2.6646652 1.7714374 1.7714903 1.7729829 1.9894134 1.2159463 1.5530787 1.6389745 1.8536154 1.4758249 1.3371087 1.8429315 1.5182899 1.6341935 1.5688429 1.7869633 1.9337973 1.7086696 1.8152022 2.1286139 2.2973710 
Leuniv_Lniv_C807212_01                             1.2670215 1.3010174 1.0826219 1.3792632 1.1411999 1.2155087 1.1168561 1.1789350 1.0115746 1.1232887 1.1022613 1.0920119 1.0273553 1.0323048 1.1413463 1.1477369 1.1674676 0.9614954 1.1227908 1.1419875 1.1171397 1.0877058 0.9661058 1.0250509 1.0752577 0.8818898 1.0354211 0.9621504 1.1432024 1.2280113 1.1572580 1.2173983 1.1955542 1.2010803 1.2230423 0.9041134 1.1911902 1.1911902 1.5367191 1.5711052 1.6703273 0.3162493 0.3351312 0.0000000 0.3558453 0.5110672 1.0162143 1.0162143 1.9483820 1.9691666 1.7726556 1.7916903 1.9934484 2.0109874 2.0590706 1.6162250 1.9247485 1.4387393 1.4831358 2.4358396 1.8846204 1.8154142 1.7063370 1.7199032 1.3041753 1.4143139 1.5253721 1.7749729 1.3726967 1.3360407 1.8556591 1.4283237 1.3997839 1.3593070 1.7237759 1.8771708 1.4844765 1.5687685 1.7615402 2.1583330 
Gracom_Gcom_scaffold1482_01                        1.3835336 1.3905548 1.1313027 1.2866840 1.1937769 1.1375707 1.2154599 1.2391061 1.0733151 1.1774194 1.1835086 1.1945858 1.1648008 1.3374587 1.2890902 1.3115864 1.3810754 1.1760184 1.3374588 1.3543596 1.3265112 1.3087151 1.2314105 1.2895893 1.2231068 0.9685038 1.0583913 1.2063088 1.0889793 1.4978503 1.3544808 1.1682418 1.1468748 1.1760237 1.1523406 0.9783113 1.1401921 1.1401921 1.5652924 1.5016488 1.6403580 0.3706600 0.3844650 0.3558453 0.0000000 0.6295177 1.0777097 1.0777097 1.8397879 1.8594164 1.7130047 1.7412154 2.0536790 2.0635208 2.2212792 1.4655286 1.9637459 1.5226250 1.5393254 2.6597912 2.0722550 2.0170253 1.7251060 2.1133297 1.3407911 1.5733131 1.6761049 1.9347567 1.4069757 1.3209175 1.9190352 1.4148982 1.5714175 1.5249936 1.8785338 1.9308059 1.6334233 1.6688218 2.1240858 2.4489532 
Clacor_Ccor_scaffold8737_01                        1.3130037 1.3300847 1.2971252 1.6216824 1.0885599 1.1694020 1.1111777 1.1984018 1.1781649 1.4315374 1.4227246 1.4183865 1.3397141 1.2402750 1.2190031 1.2283173 1.2505492 1.0692598 1.2215264 1.2627175 1.2707945 1.1782756 0.9420874 1.2212727 1.3363717 1.0014710 1.1001596 1.1677895 1.2348243 1.2987046 1.1334681 1.1711950 1.1711950 1.1660615 1.1884892 1.0089135 1.2183564 1.2183564 1.6287957 1.6009851 1.6740842 0.5738138 0.6532032 0.5110672 0.6295177 0.0000000 1.2757024 1.2757024 1.6923883 1.7116069 1.7325773 1.7697122 1.7028967 1.7634719 1.8684887 1.5625686 1.7039238 1.4394428 1.3692940 2.1192153 1.7644325 1.8218237 1.6321676 1.9200227 1.2440164 1.4820074 1.7363076 1.9979316 1.4523640 1.6511384 1.9078553 1.8646627 1.6553011 1.6060753 1.6869476 1.7019915 1.7939508 1.6629159 2.0845477 2.7078557 
