84
Emue_Em0021g906a.t1                                   0.0000000 0.2582901 2.0208316 2.2208564 2.1429062 2.0172933 1.8146050 1.7894474 1.5082664 1.9160787 2.0137340 1.7841959 1.7298297 1.6367276 1.6505695 2.0511654 1.2950159 1.8179948 1.4746238 1.7563106 1.9486910 2.0276954 2.0719519 2.0997892 2.1223617 2.5288835 2.1407998 2.2828982 2.1709139 2.1221837 2.1221837 2.0368991 2.0559463 1.5591154 1.4162901 2.4362288 2.7586942 2.7843452 2.5660397 2.8596371 2.5644316 2.6714380 2.4786140 2.4348177 2.7528504 2.5829200 2.6098332 2.7406277 2.7406277 2.6267396 2.6267396 2.6963049 2.7471879 2.3157401 2.3427625 2.5413176 3.1016761 3.1546491 2.8174866 3.1859362 2.7435573 3.4842017 3.4842017 3.0023612 3.0778654 3.1446736 2.3479997 2.5862396 3.1596461 3.1908371 3.0285786 2.3097395 2.7767401 3.1135251 2.8154004 2.9600696 2.9600696 2.8126395 3.5432512 2.4399254 3.5602569 2.3339757 2.9195289 2.3405468 
Spolac_c98600_g1_i1_m.17588c98600-g1                  0.2582901 0.0000000 1.7926020 1.8636219 1.8628255 1.8178564 1.6911057 1.9672199 1.5037242 1.9834765 2.0373781 1.5870652 1.5587845 1.4747052 1.5738347 1.9473164 1.1779641 1.7707484 1.4380633 1.6127029 1.7115075 1.9492902 1.9431630 2.1784494 2.0863163 2.2490309 1.9126479 1.9722394 1.9661522 1.9430458 1.9430458 1.8359944 1.8533988 1.4711511 1.4955186 2.3702784 2.6675439 2.6933148 2.4759786 2.6925157 2.5003629 2.4478443 2.3477651 2.5060352 2.5311524 2.4065699 2.4258253 2.7198346 2.7198346 2.6071321 2.6071321 2.6534201 2.5731901 2.3857859 2.3613415 2.4121164 3.0172542 2.9553967 2.7465241 3.0561923 2.6259375 3.0244953 3.0244953 2.6781473 2.7738060 3.4274515 2.2647984 2.7765807 3.2715208 3.5799735 2.9095920 2.2368400 2.6202823 3.0338299 2.7101253 2.7297833 2.7297833 2.3057389 3.2965677 2.3313473 2.9753259 2.1627914 2.6581896 2.5179639 
Lcom_lcpid62016                                       2.0208316 1.7926020 0.0000000 0.5618385 0.6168153 0.9464086 1.4819943 1.4795717 1.7898835 1.7631734 1.6834190 1.3482070 1.2347646 1.4059993 1.3769713 1.8171020 1.3004488 1.5543312 1.2931190 1.2335658 1.8777037 1.6744212 1.6354563 1.6882046 1.6018235 1.9169401 1.6171092 1.6367600 1.5192457 1.5503884 1.5503884 1.5930395 1.5934195 2.0024195 2.3046843 2.0547602 2.2066698 2.1359018 1.8780654 2.0543198 2.0420022 2.1009638 2.0434732 2.0876055 2.3291356 2.1578811 2.2108067 2.2464174 2.2464174 2.1595345 2.1595345 2.2892591 2.2300934 3.2114167 2.4351658 3.0184742 2.5711609 2.5905653 2.1771483 2.2905352 2.4315757 2.5506546 2.5506546 2.4966689 2.7734610 3.4622913 2.3554928 2.5158406 2.6365555 2.9841233 2.6109314 2.2794482 2.7188912 2.7870115 2.4533213 3.2299650 3.2299650 2.2468176 3.3982839 2.5629748 2.9686292 2.7151387 2.6541424 3.4779042 
Gracom_Gcom_C533012_01                                2.2208564 1.8636219 0.5618385 0.0000000 0.4123238 0.9077315 1.3910290 1.5217964 1.8041851 1.8394588 1.6544127 1.5147801 1.4027867 1.5237835 1.3961766 1.9292056 1.3125520 1.6378321 1.2865187 1.2562061 1.8124461 1.7293991 1.6951725 1.8781704 1.7750725 1.8626243 1.6024015 1.5911682 1.6078849 1.6402902 1.6402902 1.5289213 1.5430034 1.8163531 2.3207537 2.0316682 2.1337347 2.0869750 1.6659650 1.7927024 1.9123521 1.8574238 1.8259805 2.0790937 1.8976576 2.0978698 2.1225919 2.2950640 2.2950640 2.2040142 2.2040142 2.3007652 2.0822950 3.0029622 2.4685496 2.9588954 2.5556871 2.3171967 2.1915387 2.0767390 2.5617743 2.5270956 2.5270956 2.5317999 2.6927071 3.4434877 2.2769652 2.6822584 2.8332005 3.5103866 2.9010340 2.5570942 2.6752450 2.7958030 2.4977127 2.9042342 2.9042342 2.2953949 3.1077081 2.2204874 2.6209420 2.2114825 3.0080926 3.2974529 
Scil_scict008815.1                                    2.1429062 1.8628255 0.6168153 0.4123238 0.0000000 1.0991395 1.4899424 1.5781149 1.8914440 1.9951412 1.7796253 1.5309802 1.4191776 1.5089588 1.3841046 1.8993370 1.2660010 1.6084873 1.2465376 1.3225239 1.8966528 1.8224601 1.8211476 2.0549517 1.7225277 1.8613057 1.7645820 1.8190035 1.7089887 1.7424262 1.7424262 1.6436670 1.6367966 2.0968844 2.3569969 2.0345029 2.1930370 2.1312659 1.7668966 1.9465049 1.9066598 1.8237689 1.7947435 2.0955891 2.1053955 2.1673607 2.2453037 2.2055208 2.2055208 2.1202985 2.1202985 2.1826847 2.1908208 3.4589904 2.6043585 3.5150577 2.6779639 2.5714267 2.6633201 2.4354712 2.5123799 2.8109446 2.8109446 2.7063735 2.5843769 3.2457898 2.4993629 2.8476315 2.9912379 3.4111785 3.1764667 2.7968410 2.7469572 3.0276661 2.3057838 2.9017942 2.9017942 2.6834500 3.0908532 2.3563678 3.1539473 2.5667851 3.0870674 3.3858153 
Clacor_Ccor_scaffold11074_01                          2.0172933 1.8178564 0.9464086 0.9077315 1.0991395 0.0000000 1.6382789 1.5179055 1.4870583 1.5025295 1.4283780 1.2757704 1.2012716 1.2353099 1.1740627 1.5360044 1.4833575 1.5655570 1.0595546 1.1859336 1.5148286 1.6269258 1.0701881 1.0281195 1.5799073 1.9351058 1.4150045 1.4385575 1.4391252 1.4682416 1.4682416 1.4049707 1.4179440 2.0875611 1.9802954 2.0464878 2.2925501 2.2009234 2.0659545 2.3001267 2.0706869 2.1024904 2.0128724 2.2503227 2.0503529 2.3652928 2.4089460 2.1901011 2.1901011 2.1048614 2.1048614 2.2091055 2.1220255 2.7839694 2.3628857 2.8214545 2.4515152 2.3334673 2.0598548 2.4292474 1.9491405 2.1857591 2.1857591 2.1574341 2.1771579 2.7076905 2.2111814 2.4920302 2.4140152 2.7683837 2.6392551 2.4938600 2.3395047 2.3615890 2.1081277 2.4187323 2.4187323 1.9124540 2.4949205 2.0319846 2.5981710 2.3769832 2.4154421 2.6421442 
Morvir_scaffold4.g36.t1                               1.8146050 1.6911057 1.4819943 1.3910290 1.4899424 1.6382789 0.0000000 1.0122121 1.1191220 0.9508551 0.9501253 1.2142344 1.1586840 1.0631463 1.0338405 1.4107750 1.0206595 1.1955267 1.1561857 1.1219611 1.1986372 1.3951136 1.5043434 1.7493938 1.4525254 1.3389567 1.3382651 1.5584200 1.2881528 1.3379881 1.3379881 1.2904172 1.2857693 1.6910944 1.5195609 1.8770242 2.0341625 2.0390715 1.7628568 1.9205867 1.7371712 2.0813612 1.9740980 1.8258675 1.5978292 1.8932934 1.8956366 1.9336209 1.9336209 1.8567754 1.8567754 1.9767840 1.7654635 2.6516850 2.1126493 2.2254962 2.4242546 2.3191263 2.4471496 2.6183828 2.0449350 2.7204408 2.7204408 2.6564579 2.4091286 2.9744395 2.2102056 2.3034806 2.6914305 3.4341662 3.0854309 2.4760160 2.0534514 2.8071636 2.4284458 2.4649393 2.4649393 2.0797636 2.3086494 2.4031314 2.5145471 2.2742368 2.3667493 3.6938688 
Sanmal_Sma_008844-T1                                  1.7894474 1.9672199 1.4795717 1.5217964 1.5781149 1.5179055 1.0122121 0.0000000 0.3143209 0.8774891 0.7805059 1.2238345 1.1283765 1.0637948 1.0601516 1.3425161 1.2218562 1.2226118 1.1261335 1.0784675 1.3621364 1.1736256 1.5877795 1.7672942 1.3526450 1.4204247 1.6288221 1.7108216 1.5046192 1.4701134 1.4701134 1.4598066 1.4813234 1.9018435 1.5391312 1.7575322 1.9464181 1.9113404 1.7922978 1.9444435 1.6220975 1.9153570 1.8246989 1.5887865 2.0532174 1.8684912 1.8982488 1.9852150 1.9852150 1.9054291 1.9054291 1.9659407 1.9090427 2.4409408 2.0093073 2.3399723 2.8564383 2.9114280 2.9085780 2.6535493 2.3217595 2.7100566 2.7100566 2.4937042 2.0656999 2.9403870 2.4930575 2.3188377 2.6140694 3.2006537 2.5026451 2.4125985 2.4715100 2.7027924 2.3718683 2.9982011 2.9982011 2.1258507 2.8453582 2.2445597 2.5683389 2.3769039 2.6750700 2.8989174 
Sanmal_Sma_008846-T1                                  1.5082664 1.5037242 1.7898835 1.8041851 1.8914440 1.4870583 1.1191220 0.3143209 0.0000000 0.7731456 0.7264800 1.5645504 1.4682598 1.2516358 1.4245480 1.4071544 1.2818683 1.4483059 1.0691353 1.1608933 1.3660023 1.6003873 2.2873932 2.2873932 2.4338696 2.1420188 1.5976108 1.8564284 1.5875249 1.4986981 1.4986981 1.6085220 1.6468292 1.6723595 1.7273067 1.6211873 2.0933380 1.9880325 1.7272854 2.1895267 1.6797362 1.7357929 1.5167284 1.7811436 1.9507163 1.7697267 1.7729634 1.7773675 1.7773675 1.6152408 1.6152408 1.7294252 1.6975551 2.6580969 2.1352727 2.5322337 3.2571717 3.0181861 3.4813026 3.3244817 2.4797511 2.9705039 2.9705039 2.8104023 1.9737940 2.9122100 2.6531613 2.5638836 3.1717202 3.0979672 2.3154910 2.3154910 2.5106367 3.4958971 3.5030546 3.6918135 3.6918135 2.3698451 3.2039057 3.0743539 2.6591828 2.7762074 3.0034627 3.6167692 
Nemnom_g19247.t1                                      1.9160787 1.9834765 1.7631734 1.8394588 1.9951412 1.5025295 0.9508551 0.8774891 0.7731456 0.0000000 0.2282454 1.5016630 1.3911887 1.2887994 1.3443331 1.8313334 1.3806021 1.6795399 1.3777259 1.4120237 1.4911634 1.3642609 1.6721181 1.9565282 1.6666938 1.5816397 1.7658414 1.8981128 1.6758795 1.6978317 1.6978317 1.4734079 1.4705596 1.9928602 1.9863957 1.9088796 2.0961490 2.0837988 1.9776937 2.1250733 1.7591368 2.1495821 2.0374018 2.3382292 2.0772569 2.0316414 2.0171523 2.1569629 2.1569629 2.0706481 2.0706481 2.1698977 2.0930756 3.1104040 2.6103564 2.9743636 2.3817644 2.4919299 2.5118086 2.5789335 2.1066651 2.8479479 2.8479479 2.8145489 2.5820777 3.0021151 2.3793964 2.2018739 2.6956824 3.3065888 3.0155723 2.7133671 2.4412476 3.0186001 2.9466967 2.9182239 2.9182239 2.2190843 2.6495867 2.5980213 2.6750119 2.4072880 2.6603921 3.2171890 
Rhoesc_Res_004650-T1                                  2.0137340 2.0373781 1.6834190 1.6544127 1.7796253 1.4283780 0.9501253 0.7805059 0.7264800 0.2282454 0.0000000 1.4392084 1.3041302 1.2528526 1.2370282 1.6231557 1.3296333 1.4952811 1.1742625 1.2460871 1.3933107 1.3216345 1.6634655 1.9487564 1.5544950 1.5228479 1.7827588 1.8599460 1.7500161 1.7762430 1.7762430 1.5115809 1.5087868 2.0539780 1.9145810 2.0372135 2.2451297 2.2358380 1.9066883 2.0441451 1.6889497 2.1529211 2.0408792 2.2270936 2.0229171 1.9698482 1.9559504 2.0554139 2.0554139 1.9733248 1.9733248 2.0691741 1.9931320 2.7325937 2.2878014 2.7064943 2.3413300 2.3919342 2.5031873 2.5628005 2.1757494 2.8358210 2.8358210 2.6501164 2.4693362 2.9298512 2.3972072 2.2729686 2.7978023 2.9560378 3.0032942 2.7366588 2.3033471 3.0879035 2.8031106 2.7204763 2.7204763 2.2810408 2.8680810 2.6285654 2.7109784 2.0891073 2.8217839 2.7211896 
Spis_XP_022782875_1                                   1.7841959 1.5870652 1.3482070 1.5147801 1.5309802 1.2757704 1.2142344 1.2238345 1.5645504 1.5016630 1.4392084 0.0000000 0.1411977 0.2896209 0.3456819 0.5025946 0.6798997 0.6964799 0.7574648 0.8299061 1.0467708 1.0529292 1.6502253 1.8454666 1.2620321 1.4132815 1.3372197 1.4004005 1.2401718 1.2575796 1.2575796 1.1237432 1.1279609 1.6196589 1.8281468 1.7974993 1.9669775 1.9373317 1.7898300 1.9886808 1.6263208 1.9221305 1.7695851 1.7465705 1.8176672 1.6582602 1.6818053 1.9664172 1.9664172 1.8905860 1.8905860 1.9415057 1.9099337 2.1345213 2.0607300 2.3065739 3.1985205 2.5842325 2.4584518 2.5354249 2.1895871 2.4464143 2.4464143 2.4071520 2.2840067 3.2921221 2.3561259 2.3544966 3.0500251 3.1975742 2.5604329 2.1547736 2.2049064 2.2805315 2.4901630 2.5890229 2.5890229 2.3948067 3.1308669 2.2921386 2.7448636 2.4007118 2.4098496 2.6318630 
Pocdam_XM_027185748.1                                 1.7298297 1.5587845 1.2347646 1.4027867 1.4191776 1.2012716 1.1586840 1.1283765 1.4682598 1.3911887 1.3041302 0.1411977 0.0000000 0.2882518 0.3551876 0.4940141 0.6997621 0.6995846 0.6730942 0.7304074 0.9927939 1.0267010 1.5488027 1.7127264 1.2975716 1.4146281 1.3640005 1.4123705 1.2851089 1.3033497 1.3033497 1.1564163 1.1607785 1.6538205 1.6662611 1.8182831 1.9939966 1.9460477 1.7926239 2.0204249 1.6390568 1.9780862 1.8158669 1.8038070 1.8832382 1.6687248 1.6928132 2.0418676 2.0418676 1.9615880 1.9615880 2.0158254 1.9432592 2.1167424 2.0476392 2.3022801 2.9276263 2.5644534 2.3722644 2.5588618 2.0771745 2.3583044 2.3583044 2.4278272 2.2908074 3.2658343 2.3193007 2.4487166 2.8155134 3.1782763 2.6410640 2.1836253 2.0046832 2.2139089 2.2803544 2.5454364 2.5454364 2.1958913 2.8934834 2.1927300 2.5114598 2.3112105 2.1039557 2.5654354 
Gasp_gasp1.m3.13599.m1                                1.6367276 1.4747052 1.4059993 1.5237835 1.5089588 1.2353099 1.0631463 1.0637948 1.2516358 1.2887994 1.2528526 0.2896209 0.2882518 0.0000000 0.2488524 0.3843939 0.5511648 0.5483162 0.6528482 0.6839777 0.8943324 0.9820924 1.5042006 1.7205327 1.1925035 1.3475024 1.1961341 1.3119873 1.1641181 1.1801738 1.1801738 1.1211115 1.1200420 1.5736993 1.7068795 1.8200902 1.9587945 1.9780291 1.7354665 1.8439678 1.5868955 1.9211501 1.7869135 1.7736825 1.8563375 1.6597991 1.6849937 1.8859567 1.8859567 1.8124812 1.8124812 1.8614646 1.8010305 2.1509273 1.8896466 2.1481017 3.0189415 2.7495295 2.4355847 2.4916628 1.9482878 2.3413672 2.3413672 2.5053805 2.2148214 2.8523170 2.2934149 2.4072015 2.7855612 3.1234682 2.5447380 2.2234432 2.0781361 2.3952001 2.4465969 2.4540384 2.4540384 2.3786862 3.2363902 2.2087964 2.6400724 2.2125890 2.3107621 2.6507321 
Gfas_gfas1.m1.15777.m1                                1.6505695 1.5738347 1.3769713 1.3961766 1.3841046 1.1740627 1.0338405 1.0601516 1.4245480 1.3443331 1.2370282 0.3456819 0.3551876 0.2488524 0.0000000 0.4151632 0.5129129 0.4823595 0.6933759 0.7004446 0.9029267 0.9518966 1.5150409 1.6848205 1.1507353 1.2484037 1.2536367 1.3521350 1.2770900 1.2947404 1.2947404 1.1962566 1.1954358 1.6058874 1.6295145 1.8498715 1.9704247 1.9968461 1.6671862 1.8216163 1.6426609 1.9728855 1.8346891 1.6598148 1.7504962 1.6519463 1.6701576 1.9996751 1.9996751 1.9224006 1.9224006 1.9615627 1.8941786 2.0480408 1.8484589 2.1269960 3.1588279 2.6767572 2.6301460 2.4916025 2.1222710 2.3840098 2.3840098 2.5134353 2.3066173 2.9001276 2.1351612 2.3733170 2.7064648 2.8617108 2.4817279 2.1332205 2.1446734 2.2613019 2.3069739 2.6948256 2.6948256 2.2772004 3.0130942 2.1685795 2.6431604 2.2868738 2.4842886 2.4992912 
Fspp_ffun1.m4.9665.m1                                 2.0511654 1.9473164 1.8171020 1.9292056 1.8993370 1.5360044 1.4107750 1.3425161 1.4071544 1.8313334 1.6231557 0.5025946 0.4940141 0.3843939 0.4151632 0.0000000 0.8844107 0.7763806 0.9440826 0.8959757 1.1552566 1.1781211 2.0004976 1.7540225 1.3525797 1.6096873 1.3322052 1.4948077 1.3973854 1.4186026 1.4186026 1.3295946 1.3350923 1.9319320 2.0803428 2.2978519 2.4856170 2.5127083 2.0186692 2.2066628 1.8346951 2.2928732 2.1407451 2.0244824 2.1215583 1.9613189 1.9794946 2.5648908 2.5648908 2.4525184 2.4525184 2.5310449 2.0745719 2.4183412 2.1105318 2.3807038 3.5101808 3.1134644 2.8052601 2.8275161 2.2544114 2.5388995 2.5388995 2.6398444 2.5263787 3.2944697 2.5847307 2.9443613 3.1194216 3.7084365 2.6247772 2.4940089 2.2055712 2.8867037 3.1647711 3.3131537 3.3131537 3.0936096 3.9165913 3.0427821 3.0352265 3.0000985 2.5296610 2.6656894 
Amil_Amillepora03768-RA                               1.2950159 1.1779641 1.3004488 1.3125520 1.2660010 1.4833575 1.0206595 1.2218562 1.2818683 1.3806021 1.3296333 0.6798997 0.6997621 0.5511648 0.5129129 0.8844107 0.0000000 0.0281758 0.8762711 0.8125824 1.0467734 1.0777351 1.4565899 1.5550678 1.4870439 1.5815583 1.4199474 1.8090158 1.4952604 1.5182923 1.5182923 1.3030695 1.3030695 1.4579425 1.4212032 1.6906293 1.8536540 1.8843062 1.6797819 1.7257186 1.6350840 1.7738455 1.6647158 1.8115191 1.7198573 1.6020866 1.6059072 1.6871842 1.6871842 1.5918323 1.5918323 1.7161006 1.5984668 2.2321830 1.8934004 2.1905964 3.6095063 2.9544391 2.9141929 3.1857436 2.4812667 2.5174247 2.5174247 2.4106330 2.3823380 2.5095997 2.1700874 2.2632309 2.6473182 2.9724868 3.1052104 2.3276914 2.2053921 2.2385887 1.8932484 1.9490517 1.9490517 1.8090453 2.2288241 1.7852417 2.1533156 1.6949854 2.7630834 2.8749531 
Adig_XM_015902481.1                                   1.8179948 1.7707484 1.5543312 1.6378321 1.6084873 1.5655570 1.1955267 1.2226118 1.4483059 1.6795399 1.4952811 0.6964799 0.6995846 0.5483162 0.4823595 0.7763806 0.0281758 0.0000000 0.8638814 0.8217006 1.1122162 1.0720153 1.8211563 1.9905316 1.3424094 1.6435812 1.4536009 1.6859264 1.4599807 1.4808728 1.4808728 1.3702404 1.3658478 1.9365388 1.8202965 2.1868766 2.3728922 2.3897588 2.0637152 2.1286778 1.9226641 2.1722895 2.0567023 2.0512977 2.1516518 1.9445951 1.9644815 2.2642990 2.2642990 2.1749048 2.1749048 2.3210401 2.0903902 2.3967006 2.3345238 2.6089136 3.6562690 2.9709324 3.0386704 3.0179340 2.4159580 2.9654093 2.9654093 2.8149057 2.6791661 3.0144050 2.8243765 2.6879900 2.6829346 3.2439384 3.0630156 2.4998698 2.5102906 2.4696888 2.4684092 2.7332105 2.7332105 2.4391773 3.1055952 2.4211562 2.7291313 2.5503753 2.7119252 3.0915846 
Exapal_XM_021055246.2                                 1.4746238 1.4380633 1.2931190 1.2865187 1.2465376 1.0595546 1.1561857 1.1261335 1.0691353 1.3777259 1.1742625 0.7574648 0.6730942 0.6528482 0.6933759 0.9440826 0.8762711 0.8638814 0.0000000 0.5177252 0.9755521 1.0021329 1.2119705 1.3558979 1.1241777 1.2843343 1.2193218 1.3216321 1.2385220 1.2559283 1.2559283 1.2720377 1.2839485 1.6493129 1.3692803 1.8499138 2.0211224 1.9986962 1.8195494 2.0007604 1.7588670 1.9997841 1.8513461 1.7057735 1.7262733 1.6639331 1.6889747 1.8284019 1.8284019 1.7556442 1.7556442 1.8363272 1.8359765 1.9924600 1.7653117 2.1584485 2.3427668 2.2126931 2.0007086 1.8558152 1.9816271 2.3611945 2.3611945 2.1518669 1.9768841 2.6243281 1.9577032 2.0654250 2.2735892 2.7698556 2.4049869 1.9234227 1.7418356 2.0874827 2.1072615 2.3000165 2.3000165 2.0220757 2.6633164 1.9387011 2.0967748 2.0070312 2.3015613 2.2624408 
Nvec_v1g231966                                        1.7563106 1.6127029 1.2335658 1.2562061 1.3225239 1.1859336 1.1219611 1.0784675 1.1608933 1.4120237 1.2460871 0.8299061 0.7304074 0.6839777 0.7004446 0.8959757 0.8125824 0.8217006 0.5177252 0.0000000 1.0274247 1.1066163 1.3221794 1.4000314 1.0767854 1.4978198 1.3395809 1.4722575 1.3650979 1.3840526 1.3840526 1.2972597 1.3155146 1.8775106 1.4747348 1.8785751 1.9555510 1.9300784 1.8851046 1.9908395 1.7792095 2.0732090 2.0312238 1.8889541 1.8498467 1.8485659 1.8278441 2.0938876 2.0938876 2.0118624 2.0118624 2.0955720 2.0191728 2.1846063 1.9249315 2.1918800 2.6038069 2.3909879 2.1322730 1.9586282 1.9299684 2.3685631 2.3685631 2.2107267 1.9695744 2.9031618 2.1239533 2.3672875 2.5461621 2.7659367 2.4571723 2.1550082 1.9310463 2.3443070 2.1314710 2.4795715 2.4795715 2.0746984 2.7357570 2.0184264 2.4386327 2.0875785 2.4739640 2.5809461 
Dgig_XM_028535031.1                                   1.9486910 1.7115075 1.8777037 1.8124461 1.8966528 1.5148286 1.1986372 1.3621364 1.3660023 1.4911634 1.3933107 1.0467708 0.9927939 0.8943324 0.9029267 1.1552566 1.0467734 1.1122162 0.9755521 1.0274247 0.0000000 0.4457473 1.5874053 1.6728491 1.4252566 1.3841945 1.1760042 1.2767004 1.2354362 1.2791579 1.2791579 1.0063274 1.0160563 1.5021268 1.8031046 2.1593127 2.2470749 2.2994457 1.9104228 1.9848882 1.9179712 2.0963441 1.9429585 1.7326218 1.6614833 1.7634111 1.7863334 2.3276814 2.3276814 2.2334931 2.2334931 2.2996363 1.9039159 2.2231101 1.9700465 2.2744944 2.6972193 2.5439702 2.6097778 2.4218329 1.7158698 2.3710803 2.3710803 2.1727177 2.2645917 3.0122062 2.1959704 2.1639570 2.9156793 2.7910828 3.1348688 2.4283204 1.9868318 2.2293241 2.1987418 2.2200509 2.2200509 2.0338399 2.5442188 1.9442712 2.3129824 1.8209479 2.0726021 2.7923077 
Xesp_013813-T1                                        2.0276954 1.9492902 1.6744212 1.7293991 1.8224601 1.6269258 1.3951136 1.1736256 1.6003873 1.3642609 1.3216345 1.0529292 1.0267010 0.9820924 0.9518966 1.1781211 1.0777351 1.0720153 1.0021329 1.1066163 0.4457473 0.0000000 1.6837123 1.7676728 1.4854967 1.2928758 1.4178292 1.6901813 1.3992734 1.4506011 1.4506011 1.1075882 1.1180773 1.7018894 1.6736058 2.0123497 2.1566720 2.1967283 1.9889819 2.2275812 1.8967616 2.2112830 2.0236379 1.8406886 1.7102485 1.7966564 1.8080468 2.2790659 2.2790659 2.1836894 2.1836894 2.2201768 2.0026240 2.2838054 2.1602019 2.2043849 2.9405616 2.5154725 2.5715265 2.4794328 2.0276978 2.5168934 2.5168934 2.3479580 2.3382343 3.0963406 2.1691254 2.1882176 2.7221328 3.1034382 3.3008543 2.6014128 2.0770711 2.4701895 2.5431799 2.5376571 2.5376571 2.2892708 2.8426648 2.5124556 2.4079822 2.0282854 2.2326870 2.8928845 
Opea_EP00118_Oscarella_pearsei_P018424                2.0719519 1.9431630 1.6354563 1.6951725 1.8211476 1.0701881 1.5043434 1.5877795 2.2873932 1.6721181 1.6634655 1.6502253 1.5488027 1.5042006 1.5150409 2.0004976 1.4565899 1.8211563 1.2119705 1.3221794 1.5874053 1.6837123 0.0000000 0.0159250 1.6296572 1.9857369 1.7502224 1.7860478 1.8179899 1.8179899 1.8179899 1.6784699 1.6772267 2.4120576 2.5076544 2.0526728 2.2801406 2.2726184 2.1474372 2.1983911 2.1353698 2.0747159 2.0497584 1.9424748 2.1726286 1.9853388 2.0316484 2.0647295 2.0647295 1.9830877 1.9830877 2.1466950 2.1667436 3.2336667 2.7097201 2.9922224 2.6370547 2.5029266 2.4287339 2.5249929 2.2343564 2.5648842 2.5648842 2.5495457 2.6055922 3.1928677 2.2663884 2.1762965 2.8934788 3.2384577 2.9463194 2.6739704 2.5378716 2.8504990 2.4894026 2.4446358 2.4446358 1.9611334 2.6068924 2.0851584 2.8381025 2.3349996 2.8406373 2.9700756 
Ocar_g1053                                            2.0997892 2.1784494 1.6882046 1.8781704 2.0549517 1.0281195 1.7493938 1.7672942 2.2873932 1.9565282 1.9487564 1.8454666 1.7127264 1.7205327 1.6848205 1.7540225 1.5550678 1.9905316 1.3558979 1.4000314 1.6728491 1.7676728 0.0159250 0.0000000 1.7582209 2.2939574 1.7312633 1.7578339 1.8013039 1.8013039 1.8013039 1.6624399 1.6608809 2.6579488 2.6684468 2.4946965 2.9224150 2.8930850 2.4833727 2.6537495 2.4321241 2.1823858 2.1422306 2.1472824 2.4519277 2.1607473 2.1897950 2.4410933 2.4410933 2.3205894 2.3205894 2.5589921 2.2246855 3.6274057 2.9984382 3.3613654 2.7399709 2.5517616 2.3151704 2.9349086 2.3787049 2.5422173 2.5422173 2.5906133 2.7553676 3.3138415 2.2800099 2.0592569 3.1301174 3.4139858 2.7567610 2.7511665 2.6603768 3.1248865 2.6429387 2.7023589 2.7023589 1.9456403 2.7683213 2.1971264 2.9598941 2.4598178 2.8902878 2.9255052 
Hvul_g31774_1                                         2.1223617 2.0863163 1.6018235 1.7750725 1.7225277 1.5799073 1.4525254 1.3526450 2.4338696 1.6666938 1.5544950 1.2620321 1.2975716 1.1925035 1.1507353 1.3525797 1.4870439 1.3424094 1.1241777 1.0767854 1.4252566 1.4854967 1.6296572 1.7582209 0.0000000 0.7046513 1.6031767 1.4026728 1.4737754 1.4791692 1.4791692 1.3983918 1.3938125 2.2104153 1.6390698 1.7479050 1.8766681 1.8190149 1.8021636 1.8748161 1.7062487 2.1145292 2.0754140 1.6832946 1.9010625 1.8718434 1.8934067 2.1060856 2.1060856 2.1777638 2.1777638 2.1985325 2.0275791 2.1956019 1.9927363 2.3235100 2.7564973 2.5155718 2.1966716 2.4280650 1.7835697 2.4502851 2.4502851 2.2089168 2.1845446 2.8397431 2.6564513 2.7345058 2.5352445 2.8357949 2.3870438 2.2337358 2.3024405 3.0063254 2.9338466 3.0784287 3.0784287 2.5425012 3.2681665 2.6333134 3.1633075 2.2278448 2.8091245 3.5651295 
Chem_TCONS_00008160                                   2.5288835 2.2490309 1.9169401 1.8626243 1.8613057 1.9351058 1.3389567 1.4204247 2.1420188 1.5816397 1.5228479 1.4132815 1.4146281 1.3475024 1.2484037 1.6096873 1.5815583 1.6435812 1.2843343 1.4978198 1.3841945 1.2928758 1.9857369 2.2939574 0.7046513 0.0000000 1.8241573 1.8333818 1.7652877 1.7954686 1.7954686 1.6116103 1.6120560 2.0340727 2.2601967 2.2053249 2.3777967 2.4599025 2.0464393 2.1990150 2.0377035 2.2137783 2.0850332 1.8997177 2.1104867 2.1777991 2.2404799 2.4965966 2.4965966 2.3953832 2.3953832 2.5018668 2.0819613 2.8544909 2.5317669 3.1799938 3.0512770 2.8766670 2.1696440 2.3137826 2.0201639 2.8956521 2.8956521 2.5588271 2.7656324 3.3862323 2.9180760 3.0232043 3.1577416 3.8162811 3.2064298 3.0780225 2.7568699 3.3439492 2.9072729 3.3324667 3.3324667 2.6309504 3.7314500 2.7001739 3.1199175 3.0604523 3.5466963 3.9357398 
HoiH23_PlH23_004920-RA                                2.1407998 1.9126479 1.6171092 1.6024015 1.7645820 1.4150045 1.3382651 1.6288221 1.5976108 1.7658414 1.7827588 1.3372197 1.3640005 1.1961341 1.2536367 1.3322052 1.4199474 1.4536009 1.2193218 1.3395809 1.1760042 1.4178292 1.7502224 1.7312633 1.6031767 1.8241573 0.0000000 0.0075066 0.1400587 0.1483459 0.1483459 0.3431342 0.3334401 1.9515636 2.0907701 2.2615601 2.4082476 2.4041073 1.8962913 2.0618788 1.7214192 2.0518572 1.8984514 2.0297547 1.9320069 1.8543608 1.8406065 1.9774773 1.9774773 1.9010950 1.9010950 2.0928821 2.0976412 3.0910358 2.7004617 2.4872332 2.7421546 2.5172438 2.5753291 2.3150812 1.9370537 2.3456692 2.3456692 2.3724762 2.5397809 3.1040391 2.4877524 2.4711938 3.0126602 2.6795636 2.7058691 2.2919907 2.6961020 3.0182283 2.5802159 2.7257363 2.7257363 2.2520197 3.1237416 2.4631844 2.3444838 2.4170170 2.5455457 2.9725917 
HoiH06_mRNA12427                                      2.2828982 1.9722394 1.6367600 1.5911682 1.8190035 1.4385575 1.5584200 1.7108216 1.8564284 1.8981128 1.8599460 1.4004005 1.4123705 1.3119873 1.3521350 1.4948077 1.8090158 1.6859264 1.3216321 1.4722575 1.2767004 1.6901813 1.7860478 1.7578339 1.4026728 1.8333818 0.0075066 0.0000000 0.1149354 0.1149354 0.1149354 0.3732971 0.3604538 2.2416683 2.3136878 2.1868781 2.1868781 2.1868781 1.8173751 1.7884074 1.6267953 2.0097466 1.9744000 1.9594989 2.0846870 1.9031307 1.8851235 2.0248484 2.0248484 2.0248484 2.0248484 2.1694554 2.2065165 3.1940157 2.7879094 2.7093218 2.5154215 2.2319249 2.2173816 1.9178369 1.6733664 2.0729548 2.0729548 2.2144044 2.4069770 3.2821397 2.3742428 2.2589364 2.7785235 2.4123070 2.6219184 2.1222349 2.7148670 2.8686437 2.6325543 2.6786865 2.6786865 2.2379530 3.2592169 2.2363511 2.3614630 2.4231949 2.5504578 2.7313736 
Hhon_g07158.t1                                        2.1709139 1.9661522 1.5192457 1.6078849 1.7089887 1.4391252 1.2881528 1.5046192 1.5875249 1.6758795 1.7500161 1.2401718 1.2851089 1.1641181 1.2770900 1.3973854 1.4952604 1.4599807 1.2385220 1.3650979 1.2354362 1.3992734 1.8179899 1.8013039 1.4737754 1.7652877 0.1400587 0.1149354 0.0000000 0.0059611 0.0059611 0.3183266 0.3088811 2.0133855 2.0198446 2.0791804 2.2104973 2.2025464 1.7949164 1.9555895 1.5517200 1.8888327 1.7525967 1.8952108 1.8176534 1.6747200 1.6560464 2.0409948 2.0409948 1.9610910 1.9610910 2.1260290 2.0987511 2.9895255 2.5849105 2.4334601 2.7325590 2.5580070 2.6153032 2.3140276 1.9828759 2.4472730 2.4472730 2.4655184 2.4663203 3.2225005 2.5951873 2.6827248 2.8950129 2.8536692 2.9734657 2.5034114 2.7523384 2.9534537 2.5195880 2.7593347 2.7593347 2.2135225 3.1734395 2.5368167 2.4175244 2.3031110 2.5328687 3.1725322 
HoiH04_mRNA3604                                       2.1221837 1.9430458 1.5503884 1.6402902 1.7424262 1.4682416 1.3379881 1.4701134 1.4986981 1.6978317 1.7762430 1.2575796 1.3033497 1.1801738 1.2947404 1.4186026 1.5182923 1.4808728 1.2559283 1.3840526 1.2791579 1.4506011 1.8179899 1.8013039 1.4791692 1.7954686 0.1483459 0.1149354 0.0059611 0.0000000 0.0000010 0.3193096 0.3098350 2.0504155 2.0273030 2.0330905 2.1564167 2.1498115 1.7557167 1.9101929 1.5178361 1.8443507 1.7135863 1.8533566 1.8841989 1.6215563 1.6035801 1.9735110 1.9735110 1.8967047 1.8967047 2.0552446 2.1284807 3.0005994 2.5950140 2.4420907 2.8497532 2.6658778 2.6627256 2.3231234 2.0639747 2.4800196 2.4800196 2.4747868 2.4994372 3.3682884 2.6396883 2.7283707 2.9392339 2.9162029 2.9864407 2.5131385 2.8658437 2.9996628 2.6208308 2.8081205 2.8081205 2.2990800 3.2702889 2.5378803 2.4550936 2.3031110 2.6429894 3.2120242 
HoiH04_mRNA7827                                       2.1221837 1.9430458 1.5503884 1.6402902 1.7424262 1.4682416 1.3379881 1.4701134 1.4986981 1.6978317 1.7762430 1.2575796 1.3033497 1.1801738 1.2947404 1.4186026 1.5182923 1.4808728 1.2559283 1.3840526 1.2791579 1.4506011 1.8179899 1.8013039 1.4791692 1.7954686 0.1483459 0.1149354 0.0059611 0.0000010 0.0000000 0.3193096 0.3098350 2.0504155 2.0273030 2.0330905 2.1564167 2.1498115 1.7557167 1.9101929 1.5178361 1.8443507 1.7135863 1.8533566 1.8841989 1.6215563 1.6035801 1.9735110 1.9735110 1.8967047 1.8967047 2.0552446 2.1284807 3.0005994 2.5950140 2.4420907 2.8497532 2.6658778 2.6627256 2.3231234 2.0639747 2.4800196 2.4800196 2.4747868 2.4994372 3.3682884 2.6396883 2.7283707 2.9392339 2.9162029 2.9864407 2.5131385 2.8658437 2.9996628 2.6208308 2.8081205 2.8081205 2.2990800 3.2702889 2.5378803 2.4550936 2.3031110 2.6429894 3.2120242 
TrH2_TrispH2_005015-RA                                2.0368991 1.8359944 1.5930395 1.5289213 1.6436670 1.4049707 1.2904172 1.4598066 1.6085220 1.4734079 1.5115809 1.1237432 1.1564163 1.1211115 1.1962566 1.3295946 1.3030695 1.3702404 1.2720377 1.2972597 1.0063274 1.1075882 1.6784699 1.6624399 1.3983918 1.6116103 0.3431342 0.3732971 0.3183266 0.3193096 0.3193096 0.0000000 0.0061460 1.6901824 1.6864204 1.8827316 1.9669557 1.9786775 1.6577031 1.9161625 1.4996370 1.8374770 1.7210562 1.7264314 1.6843722 1.6612345 1.6649962 1.8940612 1.8940612 1.8192447 1.8192447 1.9221278 1.9568270 2.7343575 2.3513353 2.2462997 2.5066776 2.3376131 2.3372417 2.2303900 1.9466551 2.1632638 2.1632638 2.1409232 2.1511446 3.1876900 2.2480229 2.5456219 2.8268176 2.7545938 2.6123105 2.1752980 2.2316549 2.7907021 2.4464294 2.5763153 2.5763153 2.1413538 2.9257971 2.2252022 2.3493907 2.2026473 2.1996756 2.7861949 
Tadh_TriadT60763                                      2.0559463 1.8533988 1.5934195 1.5430034 1.6367966 1.4179440 1.2857693 1.4813234 1.6468292 1.4705596 1.5087868 1.1279609 1.1607785 1.1200420 1.1954358 1.3350923 1.3030695 1.3658478 1.2839485 1.3155146 1.0160563 1.1180773 1.6772267 1.6608809 1.3938125 1.6120560 0.3334401 0.3604538 0.3088811 0.3098350 0.3098350 0.0061460 0.0000000 1.7072983 1.7110493 1.8752091 1.9585121 1.9703993 1.6505905 1.9082441 1.4927160 1.8295428 1.7137088 1.7192293 1.6911314 1.6542839 1.6580641 1.8867177 1.8867177 1.8120415 1.8120415 1.9147352 1.9197820 2.7458237 2.3745990 2.2399415 2.5095522 2.3294041 2.3599674 2.2520690 1.9480919 2.1724956 2.1724956 2.1499944 2.1429508 3.1861711 2.2501770 2.5484855 2.8220902 2.7495628 2.6388304 2.1955486 2.2524378 2.8157674 2.4359750 2.6003898 2.6003898 2.1607318 2.9402672 2.2468177 2.3710027 2.2300879 2.2018363 2.8102854 
Plespi_Pspi_C579684_01                                1.5591154 1.4711511 2.0024195 1.8163531 2.0968844 2.0875611 1.6910944 1.9018435 1.6723595 1.9928602 2.0539780 1.6196589 1.6538205 1.5736993 1.6058874 1.9319320 1.4579425 1.9365388 1.6493129 1.8775106 1.5021268 1.7018894 2.4120576 2.6579488 2.2104153 2.0340727 1.9515636 2.2416683 2.0133855 2.0504155 2.0504155 1.6901824 1.7072983 0.0000000 1.5560838 2.3080601 2.5643877 2.6202178 2.4203483 2.7614822 2.4669844 2.3935570 2.2678621 2.4001174 2.3772461 2.5428392 2.5707806 2.6398803 2.6398803 2.5219830 2.5219830 2.6423112 2.6077496 2.0774150 2.0256480 2.0598748 3.5287210 3.1324083 3.2827359 4.3346710 3.3178890 3.2710779 3.2710779 3.0940083 2.7266759 4.0712713 3.3962826 3.0422837 3.9853030 3.6092930 3.6259460 2.8590375 2.5565791 2.9546879 3.1219936 2.8747798 2.8747798 2.5908637 3.6423863 2.8856815 2.7378314 2.5342957 2.6729117 3.6175924 
Tetwil_g12561.t1                                      1.4162901 1.4955186 2.3046843 2.3207537 2.3569969 1.9802954 1.5195609 1.5391312 1.7273067 1.9863957 1.9145810 1.8281468 1.6662611 1.7068795 1.6295145 2.0803428 1.4212032 1.8202965 1.3692803 1.4747348 1.8031046 1.6736058 2.5076544 2.6684468 1.6390698 2.2601967 2.0907701 2.3136878 2.0198446 2.0273030 2.0273030 1.6864204 1.7110493 1.5560838 0.0000000 2.3966313 2.6316835 2.5830072 2.3198495 2.4527805 2.1855715 2.5092263 2.4752058 2.2909917 2.6342487 2.5756456 2.5837418 2.6194037 2.6194037 2.7118252 2.7118252 2.7982436 2.8931578 1.9398204 1.7956206 1.9578454 2.5658214 2.4257317 2.4678408 2.9198595 2.4118715 3.0692044 3.0692044 2.5648790 2.4413797 3.5489905 3.0872786 2.8269685 2.9293074 3.3228246 3.1039667 2.5270546 2.8930325 2.4858252 2.2211387 2.6786908 2.6786908 2.3644341 2.7527316 2.2825747 2.3919223 2.4667635 2.4392590 2.5809048 
Bolinf_Binf_sb1217371                                 2.4362288 2.3702784 2.0547602 2.0316682 2.0345029 2.0464878 1.8770242 1.7575322 1.6211873 1.9088796 2.0372135 1.7974993 1.8182831 1.8200902 1.8498715 2.2978519 1.6906293 2.1868766 1.8499138 1.8785751 2.1593127 2.0123497 2.0526728 2.4946965 1.7479050 2.2053249 2.2615601 2.1868781 2.0791804 2.0330905 2.0330905 1.8827316 1.8752091 2.3080601 2.3966313 0.0000000 0.0290638 0.0285823 0.2698917 0.3085203 0.4297944 0.5342265 0.5164161 0.5887078 0.5446453 0.5922738 0.6077091 0.6903223 0.6903223 0.6646517 0.6646517 0.6716316 0.8654942 2.4662126 2.0509212 2.4282652 2.4750608 2.5913101 2.2539577 2.4509245 2.0308917 3.3048544 3.3048544 2.7411212 2.5425318 2.4482138 2.2946089 1.9889857 2.9514867 3.0934295 2.6340558 2.1741312 2.6216739 3.4191845 2.9475336 3.0540819 3.0540819 2.7233849 3.1484544 2.4880233 2.6036344 2.5276451 3.0124477 3.6578689 
Bolinf_Binf_sb1217372                                 2.7586942 2.6675439 2.2066698 2.1337347 2.1930370 2.2925501 2.0341625 1.9464181 2.0933380 2.0961490 2.2451297 1.9669775 1.9939966 1.9587945 1.9704247 2.4856170 1.8536540 2.3728922 2.0211224 1.9555510 2.2470749 2.1566720 2.2801406 2.9224150 1.8766681 2.3777967 2.4082476 2.1868781 2.2104973 2.1564167 2.1564167 1.9669557 1.9585121 2.5643877 2.6316835 0.0290638 0.0000000 0.0145261 0.3243126 0.3192241 0.5125648 0.5825778 0.5703038 0.6936503 0.6291384 0.6960976 0.7147125 0.7845500 0.7845500 0.7845500 0.7845500 0.7734314 1.0183447 2.4345298 2.1946077 2.5594874 2.4683341 2.5816165 2.2417463 2.4173053 2.0391183 3.3546040 3.3546040 2.7452284 2.6842934 2.5655061 2.4915481 2.1407962 2.9143308 2.9538375 2.9076728 2.3310335 2.6974285 3.5048167 3.0330818 3.0763355 3.0763355 2.8343472 3.3208636 2.5101808 2.8138519 2.5276451 3.2001114 3.8291959 
Mertsp_Mesp_sb528845                                  2.7843452 2.6933148 2.1359018 2.0869750 2.1312659 2.2009234 2.0390715 1.9113404 1.9880325 2.0837988 2.2358380 1.9373317 1.9460477 1.9780291 1.9968461 2.5127083 1.8843062 2.3897588 1.9986962 1.9300784 2.2994457 2.1967283 2.2726184 2.8930850 1.8190149 2.4599025 2.4041073 2.1868781 2.2025464 2.1498115 2.1498115 1.9786775 1.9703993 2.6202178 2.5830072 0.0285823 0.0145261 0.0000000 0.3243495 0.3134988 0.4983814 0.5182036 0.5682466 0.6710919 0.6050016 0.6704136 0.6884836 0.7311156 0.7311156 0.7551625 0.7551625 0.7648064 0.9797984 2.4647566 2.2143744 2.5860815 2.3927294 2.5443968 2.1906915 2.3547349 2.0184942 3.3320445 3.3320445 2.7863240 2.6983584 2.5828416 2.5144103 2.2107165 2.7703246 2.9415102 2.8877138 2.3241642 2.8127026 3.5566834 3.1112323 3.1839758 3.1839758 2.8721101 3.2370864 2.5579874 2.9254706 2.5276451 3.3013994 3.8432638 
Mlei_ML0864.g27.i1                                    2.5660397 2.4759786 1.8780654 1.6659650 1.7668966 2.0659545 1.7628568 1.7922978 1.7272854 1.9776937 1.9066883 1.7898300 1.7926239 1.7354665 1.6671862 2.0186692 1.6797819 2.0637152 1.8195494 1.8851046 1.9104228 1.9889819 2.1474372 2.4833727 1.8021636 2.0464393 1.8962913 1.8173751 1.7949164 1.7557167 1.7557167 1.6577031 1.6505905 2.4203483 2.3198495 0.2698917 0.3243126 0.3243495 0.0000000 0.0405377 0.3265732 0.4597319 0.4445924 0.4621041 0.4739853 0.5118333 0.5330954 0.6606153 0.6606153 0.6359084 0.6359084 0.6613278 0.7028298 2.6242047 2.0415026 2.4265562 2.5488820 2.4993299 2.2719628 2.2982936 1.9964033 2.7206087 2.7206087 2.3582660 2.4071299 2.4033442 2.0984373 1.8585231 2.6479737 2.9372880 2.6320041 2.1403516 2.5614343 3.4488299 2.6363260 3.2542035 3.2542035 2.6551175 3.0946000 2.5064856 2.6604963 2.7121018 3.0131321 3.8678245 
Vmul_sbMO369342                                       2.8596371 2.6925157 2.0543198 1.7927024 1.9465049 2.3001267 1.9205867 1.9444435 2.1895267 2.1250733 2.0441451 1.9886808 2.0204249 1.8439678 1.8216163 2.2066628 1.7257186 2.1286778 2.0007604 1.9908395 1.9848882 2.2275812 2.1983911 2.6537495 1.8748161 2.1990150 2.0618788 1.7884074 1.9555895 1.9101929 1.9101929 1.9161625 1.9082441 2.7614822 2.4527805 0.3085203 0.3192241 0.3134988 0.0405377 0.0000000 0.3861866 0.4791568 0.5264601 0.5679865 0.5560710 0.5824266 0.6069653 0.7415999 0.7415999 0.7425854 0.7425854 0.7530867 0.7934993 2.5787206 2.1806682 2.5517189 2.4050023 2.3134230 2.2245959 2.2146307 2.0720682 2.7768865 2.7768865 2.3609245 2.4534859 2.4764886 2.2275316 1.9784745 2.6220781 2.7762433 2.9027713 2.3599887 2.5927927 3.4283047 2.7645624 3.3429411 3.3429411 2.8482653 3.2168981 2.5853948 2.7875652 2.5188544 3.0846834 4.0508244 
Bolinf_Binf_sb1223337                                 2.5644316 2.5003629 2.0420022 1.9123521 1.9066598 2.0706869 1.7371712 1.6220975 1.6797362 1.7591368 1.6889497 1.6263208 1.6390568 1.5868955 1.6426609 1.8346951 1.6350840 1.9226641 1.7588670 1.7792095 1.9179712 1.8967616 2.1353698 2.4321241 1.7062487 2.0377035 1.7214192 1.6267953 1.5517200 1.5178361 1.5178361 1.4996370 1.4927160 2.4669844 2.1855715 0.4297944 0.5125648 0.4983814 0.3265732 0.3861866 0.0000000 0.5239195 0.5087839 0.4781594 0.6080841 0.5651049 0.5664653 0.6582518 0.6582518 0.6342114 0.6342114 0.6476300 0.7964761 2.4155384 1.8595371 2.3326779 2.8297799 2.6860234 2.3188361 2.4943372 1.9182338 2.4765858 2.4765858 2.2182649 2.0717274 2.4246303 2.1965011 1.9154946 2.6250294 2.9912592 2.9136121 2.1738092 2.6398776 3.4343727 2.7224734 3.0405518 3.0405518 2.5428058 2.9866881 2.7368840 2.6928983 2.6071148 2.7703180 3.4559077 
Mertsp_Mesp_sb615781                                  2.6714380 2.4478443 2.1009638 1.8574238 1.8237689 2.1024904 2.0813612 1.9153570 1.7357929 2.1495821 2.1529211 1.9221305 1.9780862 1.9211501 1.9728855 2.2928732 1.7738455 2.1722895 1.9997841 2.0732090 2.0963441 2.2112830 2.0747159 2.1823858 2.1145292 2.2137783 2.0518572 2.0097466 1.8888327 1.8443507 1.8443507 1.8374770 1.8295428 2.3935570 2.5092263 0.5342265 0.5825778 0.5182036 0.4597319 0.4791568 0.5239195 0.0000000 0.0066998 0.6904497 0.6612204 0.7580381 0.7717692 0.8235898 0.8235898 0.8235898 0.8235898 0.8225712 0.8300386 2.5824231 2.1314032 2.3630068 2.7897953 2.5940995 2.1857856 2.4989320 2.1424279 2.5977750 2.5977750 2.2790748 2.3390139 2.5463157 2.5054402 1.9729626 3.2752795 3.0771970 3.2191966 2.5248811 2.4854554 3.1038269 2.7765955 3.0681420 3.0681420 2.5038116 2.9108336 2.5034863 2.8426970 2.5114784 3.2831363 3.6035483 
Beraby_Baby_sb333021                                  2.4786140 2.3477651 2.0434732 1.8259805 1.7947435 2.0128724 1.9740980 1.8246989 1.5167284 2.0374018 2.0408792 1.7695851 1.8158669 1.7869135 1.8346891 2.1407451 1.6647158 2.0567023 1.8513461 2.0312238 1.9429585 2.0236379 2.0497584 2.1422306 2.0754140 2.0850332 1.8984514 1.9744000 1.7525967 1.7135863 1.7135863 1.7210562 1.7137088 2.2678621 2.4752058 0.5164161 0.5703038 0.5682466 0.4445924 0.5264601 0.5087839 0.0066998 0.0000000 0.6583223 0.6214021 0.7277821 0.7403584 0.8045342 0.8045342 0.7751896 0.7751896 0.7935309 0.7882804 2.5590370 2.0813031 2.2620337 2.8969545 2.7323082 2.3466258 2.6919520 2.1455791 2.6287705 2.6287705 2.3229047 2.3212901 2.5095241 2.4309144 1.9169497 3.2667823 3.2686451 3.0986371 2.4733498 2.4630672 3.0299175 2.7786543 3.0559781 3.0559781 2.4594111 2.9323470 2.4652874 2.7855484 2.5567475 3.1259602 3.6609131 
Lampan_Lpan_C395947_01                                2.4348177 2.5060352 2.0876055 2.0790937 2.0955891 2.2503227 1.8258675 1.5887865 1.7811436 2.3382292 2.2270936 1.7465705 1.8038070 1.7736825 1.6598148 2.0244824 1.8115191 2.0512977 1.7057735 1.8889541 1.7326218 1.8406886 1.9424748 2.1472824 1.6832946 1.8997177 2.0297547 1.9594989 1.8952108 1.8533566 1.8533566 1.7264314 1.7192293 2.4001174 2.2909917 0.5887078 0.6936503 0.6710919 0.4621041 0.5679865 0.4781594 0.6904497 0.6583223 0.0000000 0.7392471 0.6983018 0.7226947 0.8413029 0.8413029 0.8105532 0.8105532 0.8371213 0.7667510 2.5871813 1.9707619 2.2021066 3.1405223 2.8380587 2.2105546 2.5180069 2.1255417 2.5773729 2.5773729 2.2242149 2.5051565 2.6251440 2.0900157 2.0189239 2.5476978 2.7039311 3.3088420 2.5359564 2.6498897 3.4200116 2.9170642 3.2219793 3.2219793 2.7091987 3.4458820 2.6435459 2.8514891 2.5959224 3.1015971 4.1796265 
