107
Lcom_lcpid213586                                        0.0000000 0.5998587 0.5204477 0.5995169 0.6922781 0.5357859 0.8322133 0.8462465 0.9507340 3.1728344 1.2393154 1.9205321 1.0257871 1.0257871 1.1053285 0.7350484 0.7350484 0.7885007 0.9468417 0.8737857 0.8737857 0.8583842 0.0000010 0.8463792 0.8861970 0.7893048 0.9877760 0.9013364 0.8922805 0.8934620 0.9340186 0.7442759 0.9188922 0.8746444 0.9115315 0.9599461 0.8864046 1.1948818 1.1948818 1.2389103 1.2389103 1.1545874 1.1545874 1.2433642 1.1751693 1.1281660 1.1281660 1.1316485 1.2132868 0.0000010 1.2112403 0.6638758 0.6512183 1.4615995 1.4571917 1.5881800 1.3185268 2.6132092 1.5117921 1.5856001 1.8294017 1.6878752 1.6878752 0.0000010 0.0000010 0.0000010 2.8577937 1.1967346 1.1967346 1.1200931 1.1200931 1.2182488 1.1754433 1.1754433 0.7928347 1.2990207 2.7170210 2.0554563 1.4324511 2.7138260 2.1896938 1.9034818 1.9034818 2.2013327 2.6740032 2.5284978 3.3846118 2.2325239 2.0338952 2.0204124 2.3358116 1.7696710 1.9427795 2.3755798 2.3288436 2.0593050 2.4915174 2.4915174 5.1119632 8.9999990 0.0000010 2.0643563 8.2756622 0.0000010 5.2938552 0.0000010 0.0000010 
Cscu_XM_023388755.1                                     0.5998587 0.0000000 0.5294765 0.7237885 0.8821973 0.7572868 0.7359508 0.9664858 0.8554555 2.9051605 1.1038391 1.3706164 1.0780554 1.0780554 0.7444488 0.6755718 0.6978649 0.7860535 0.9184524 0.7959416 0.9798957 0.9595605 2.1732361 1.0048205 1.0769208 0.7250840 0.9489622 0.9370768 0.9179934 0.9323078 0.8956778 1.2095529 1.1212248 0.7680925 1.0268793 1.0158915 1.1211323 0.8942239 1.0868696 0.7569974 0.7569974 1.2321210 1.2321210 1.2892493 1.2771360 1.2058002 0.8245216 1.2011779 1.2322779 2.2183407 1.2726147 1.7068802 0.6561334 1.4836265 1.4895729 1.6817208 1.4381090 1.1407146 1.4956084 1.1963717 1.8137053 1.3959632 1.7201345 2.4475059 1.9150730 3.6531296 2.8381444 1.2800702 1.4635743 1.5851602 1.5652439 1.6401498 1.3371519 1.2788658 1.6381067 1.5029685 2.8903147 2.1003351 2.1873822 3.3148326 2.7038815 2.5453100 2.6472735 2.9199861 3.0432473 2.8409336 2.4397694 2.7240221 2.5361201 2.8273606 2.4970895 3.1232354 3.1569693 2.7641970 3.1806871 2.8505875 2.9510366 2.9510366 2.5837726 1.9728119 2.0904399 2.1441396 6.7469585 1.9436483 4.7661563 3.1635962 1.4755714 
Dpul_mRNA449                                            0.5204477 0.5294765 0.0000000 0.8045573 0.9571992 0.7973698 0.8523427 1.0032660 0.9540372 3.1065546 1.1920630 1.4581020 1.0509972 1.0509972 0.7379970 0.8279993 0.8457852 0.7210180 0.9748494 0.7935014 0.9366113 0.9705886 2.0778349 1.0449918 1.2262174 0.8484747 1.0395233 1.0246123 1.0432702 1.0372326 0.9803465 1.2346733 1.1500457 0.8791509 1.1236479 1.1119349 1.2421684 0.9455507 1.1048944 0.8083937 0.8083937 1.4636367 1.4636367 1.4891879 1.3482285 1.2511941 0.8915969 1.3210737 1.3479823 2.5829492 1.4287506 1.9013532 0.7674377 1.5841324 1.5152775 1.8213151 1.5571381 1.1676249 1.5594114 1.3064594 1.7661967 1.3116266 1.5815708 2.4580069 2.2392594 5.6894076 5.2112033 1.2803380 1.4518655 1.5437246 1.5492128 1.6303415 1.4156020 1.3630942 1.5710484 1.4190807 2.9999629 2.1653506 1.9063130 3.0338553 2.5131757 2.4885138 2.6141336 2.8548404 2.9048284 2.9085113 2.2990258 2.8295905 2.6370184 2.7620150 2.4296463 2.8892798 3.0158763 2.6713237 2.8815544 2.8086126 2.7843675 2.7843675 2.9428488 2.1848242 2.0917315 2.2129812 7.3262066 2.5053621 4.5807210 5.0206883 1.4415031 
Acagra_model.g8280.t1.1.5d3b8556                        0.5995169 0.7237885 0.8045573 0.0000000 0.5574690 0.5682876 0.8560349 1.1547934 1.0858298 2.5254356 1.2111836 1.4908354 1.1253947 1.1253947 0.8179493 0.9218299 0.9924484 0.8960252 1.0094283 0.9395751 1.1156455 1.0564914 2.3573624 1.0841871 1.2695452 0.8770529 1.2383700 1.2398690 1.2023338 1.2607118 1.2107549 1.5138375 1.3678661 1.1308182 1.3353301 1.2061581 1.2336164 1.1090890 1.3869268 0.8989259 0.8989259 1.5025452 1.5025452 1.4559032 1.4086312 1.4513904 0.9581809 1.4042563 1.4087054 3.0262205 1.6559283 1.9936780 1.0174859 1.5984045 1.7167781 1.7852259 1.5693753 1.3974189 1.5274474 1.2216212 1.7638734 1.2849997 1.6012286 2.7160222 2.2388567 5.9438602 4.6938451 1.4784167 1.6789721 1.7844232 1.7637000 1.8201170 1.5148181 1.4502848 1.5265652 1.6100932 2.9861217 2.1101148 2.0840462 2.7662089 2.3176782 2.4412156 2.6151391 3.1796826 2.9611801 2.8200076 2.6544366 2.5213247 2.4713245 2.7927241 2.5240309 3.1003726 3.0975106 2.7340677 2.8796158 2.7203443 2.7713488 2.7713488 2.7187795 2.3049966 2.4792434 2.4833244 7.3277386 2.7490972 4.6486116 5.1747088 1.3824954 
Cgig_XM_011458408.3                                     0.6922781 0.8821973 0.9571992 0.5574690 0.0000000 0.6159415 0.9491473 1.2331426 1.1617107 2.5578547 1.2201873 1.4650942 1.2797318 1.2797318 0.8354594 0.9480107 1.0235049 0.9355335 1.1679693 1.1035442 1.2041806 1.1686837 2.1255046 1.2178294 1.2260976 1.0593208 1.2984748 1.2753981 1.2387990 1.3064722 1.2673126 1.4270643 1.3847685 1.1994050 1.3944428 1.2820575 1.3672301 1.0531990 1.2612617 0.9969363 0.9969363 1.5112789 1.5112789 1.4184684 1.3284799 1.4280525 1.0340405 1.3748940 1.3876079 2.3903731 1.4830903 1.6679461 1.1661114 1.6497576 1.6161212 1.7348814 1.6110081 1.5483039 1.6918104 1.5730747 1.7279335 1.4577705 1.6976794 2.8710783 2.0996229 5.8374833 5.2986135 1.3729380 1.4873835 1.7166678 1.7199541 1.7693516 1.4894875 1.4640984 1.6454229 1.8663198 3.0488838 2.1402757 2.3714148 3.4761131 2.5177492 2.7178014 2.8913925 3.0789792 2.9026365 2.7864334 2.4177055 2.9022377 2.5896148 3.0476435 2.3493411 3.1354348 3.4265470 3.0751240 2.8296947 3.0336263 2.6108937 2.6108937 2.7452979 1.8961287 1.8782366 2.5557966 7.2426213 2.5748361 4.8985413 3.4263491 1.4507288 
Ctel_gnl_WGS_AMQN_CAPTEDRAFT_mRNA182946                 0.5357859 0.7572868 0.7973698 0.5682876 0.6159415 0.0000000 0.8630111 1.0572384 0.8642004 2.3710620 1.2054389 1.4562047 1.1243834 1.1243834 0.8483786 0.8995398 0.8995398 0.8815450 0.9851571 0.7958503 0.9895225 0.9684055 2.1183077 1.0324071 1.0828612 0.6896310 1.0546860 1.0514084 1.0170220 1.0349578 1.0381197 1.1569015 1.2320981 1.0562392 1.2205818 1.0327437 1.1623807 1.1737005 1.3941349 0.9968093 0.9968093 1.4808692 1.4808692 1.5256748 1.4173238 1.3751502 0.9896568 1.5482534 1.5183779 3.0575136 1.6468439 2.1104547 0.8620307 1.6411604 1.4865373 1.7805545 1.5118707 1.3063019 1.4798333 1.1694722 1.7713373 1.2475569 1.5769560 2.8837398 2.1715486 5.8840627 4.4743093 1.2968381 1.4222085 1.5469768 1.5469768 1.6603985 1.5689089 1.5582441 1.1825039 1.7719652 2.9138663 2.0420113 2.0879922 2.5512220 2.2931309 2.3175609 2.5498445 2.5340263 2.5139422 2.4864493 2.5479155 2.6656688 2.7180908 2.6634253 2.2271297 2.6862923 2.8640373 2.2960291 2.6090687 2.7997398 2.5095662 2.5095662 2.7949612 1.9968633 2.3287191 2.2022596 6.8709547 2.4997729 5.4470201 4.2603594 0.6809937 
Bralan_BLAG13000463_1                                   0.8322133 0.7359508 0.8523427 0.8560349 0.9491473 0.8630111 0.0000000 0.9440135 0.8102161 2.6749986 1.1032137 1.3470339 1.0566588 1.0566588 0.7427244 0.6831075 0.7557679 0.6845886 0.9746900 0.8634183 0.9263559 0.9595204 1.9310048 1.0455923 1.2261494 0.8423540 0.8844240 0.8843362 0.8923528 0.8967500 0.9093308 1.1374492 0.9719621 0.7562702 1.0205255 1.0088298 1.0323196 0.9537957 1.1130357 0.7309395 0.7309395 1.2768847 1.2768847 1.3055672 1.2427993 1.2942694 0.8587470 1.2559528 1.3109532 2.2484712 1.3688012 1.8306537 1.0633122 1.5546534 1.5549400 1.7447751 1.5440421 1.2089071 1.4705364 1.3833368 1.6319626 1.4454779 1.5826487 1.8936436 1.8266248 3.0418650 2.9021425 1.3224686 1.4718558 1.5147438 1.4950741 1.5596077 1.4605577 1.3979073 1.6427073 1.5157058 2.5023907 1.8507106 2.1037751 3.2144413 2.5949308 2.4400314 2.5139014 2.7096139 2.5941480 2.5512991 2.2928568 2.7374199 2.4455737 2.6016388 2.3976775 2.9345412 2.8957074 2.7598668 2.6885183 2.7244263 2.5027418 2.5027418 2.8330531 1.9341720 1.9223953 1.9948303 7.6101635 2.1365012 4.6670493 2.9981685 1.3035849 
Spur_XM_775558.5                                        0.8462465 0.9664858 1.0032660 1.1547934 1.2331426 1.0572384 0.9440135 0.0000000 1.0340704 2.9990583 1.2961791 1.5996415 1.2853230 1.2853230 0.6348801 0.9428478 1.0159214 0.8392677 1.1074934 0.9147004 1.1565516 1.1235307 2.4528079 1.1638023 1.3460323 0.8549627 1.1590791 1.1599517 1.1635146 1.1341903 1.1213415 1.5027801 1.3697057 1.0217251 1.2932920 1.1708250 1.3017566 1.0251622 1.2259085 0.7531254 0.7531254 1.4531221 1.4531221 1.5023804 1.4141909 1.3833753 0.9059123 1.4224226 1.4204658 3.1138086 1.4976298 2.1886219 1.2135227 1.7789176 1.6777162 1.8836296 1.7456813 1.3289144 1.6755016 1.3994375 1.9649272 1.5244485 1.7516059 2.8711763 2.8465241 6.1722740 4.7409929 1.4235970 1.6208398 1.6771451 1.6678450 1.7070106 1.4977778 1.4399971 1.7803106 1.6250536 2.4827673 2.0346516 2.1736156 3.2918212 2.7227223 2.7635533 3.0443386 2.7592065 2.6360249 2.6806061 2.4690647 2.7867746 2.5331541 2.6691724 2.7243547 3.2113457 3.5157897 2.6635588 3.2154726 3.3059382 2.6023901 2.6023901 2.9218746 2.4879071 2.2195397 2.2058859 8.0469234 2.7033993 5.5456806 3.7258314 1.4229420 
Hsap_ENST00000375344                                    0.9507340 0.8554555 0.9540372 1.0858298 1.1617107 0.8642004 0.8102161 1.0340704 0.0000000 2.4043051 1.1520699 1.4157851 1.0775266 1.0775266 0.5576376 0.4787030 0.5082136 0.7789865 1.0082200 0.9339366 0.9986707 0.9874331 1.6967564 1.0087813 1.0750862 0.9211177 1.0770085 1.0849857 1.0784799 1.0863893 1.0599785 1.3306739 1.1759224 0.8317499 1.1060525 1.0464060 1.1432178 1.0565236 1.2179007 0.8412747 0.8412747 1.2816910 1.2816910 1.3455198 1.3468187 1.3368240 1.0017328 1.3253899 1.3201636 2.1220556 1.3985339 1.7603819 1.1268493 1.5456468 1.5020781 1.6804204 1.5270794 1.2097668 1.4381043 1.2060534 1.6671449 1.3798487 1.6283786 2.1360570 1.8624194 4.6808774 3.8239906 1.1910599 1.4301728 1.5224479 1.5186777 1.5673178 1.3698369 1.3076377 1.9291108 1.8888327 2.6689015 2.1719683 2.1415013 2.8240272 2.4208949 2.6428006 2.7974689 2.8330856 2.6437899 2.4439045 2.4149988 2.6186823 2.3978364 2.6926750 2.3457779 3.2669763 3.2412025 3.0396494 3.1381528 3.2189207 2.7746756 2.7746756 2.7257636 1.6111879 1.5363003 2.1005826 7.7917520 1.9799737 4.9881618 2.9862048 1.4374195 
Opea_EP00118_Oscarella_pearsei_P003963                  3.1728344 2.9051605 3.1065546 2.5254356 2.5578547 2.3710620 2.6749986 2.9990583 2.4043051 0.0000000 0.1162466 0.2358919 0.9323298 0.9323298 0.9649974 2.4118926 3.4752064 1.5593910 2.4707589 2.6397449 2.6450762 2.3306816 0.0000010 2.6972151 2.6946584 3.0073710 2.7285446 2.7443184 2.8213916 2.8213916 2.7639754 2.7928364 4.2681080 1.1850972 2.8885169 2.6465600 2.1053815 2.2691601 1.3818203 1.3261740 1.3261740 3.5398138 3.5398138 3.4100718 3.6247267 3.3142584 3.3142584 3.5747318 3.7951293 2.2514769 1.2675356 2.2514769 3.2552117 2.0090159 2.3631441 2.6570385 1.7592942 9.0000000 4.2935091 3.6760875 3.4354493 3.8893801 3.8893801 9.0000000 9.0000000 0.0000010 0.0000010 2.1791644 3.4670193 1.7265528 1.9359587 1.9422183 2.0250268 1.7607053 8.9999981 2.4032673 4.5970169 2.3711170 4.5545313 7.6587404 5.9942375 6.0142637 4.1643957 8.9999987 8.2990849 6.4611646 1.9075260 3.8920499 7.5695691 8.8239955 6.5430570 7.9991661 6.4928417 4.8707331 5.5175469 4.8319385 5.0977790 5.0977790 9.0000000 0.5828831 2.2514769 4.8980719 8.9999982 0.0000010 8.9999984 0.0000010 3.7901340 
Opea_EP00118_Oscarella_pearsei_P003964                  1.2393154 1.1038391 1.1920630 1.2111836 1.2201873 1.2054389 1.1032137 1.2961791 1.1520699 0.1162466 0.0000000 0.0607697 0.5914178 0.5914178 0.4958686 1.0483346 1.1319018 0.9893995 1.1862246 0.9198647 1.1509487 1.0890288 2.3999090 1.2233110 1.3491140 1.0008919 1.2084595 1.2242288 1.2211727 1.2148687 1.2039489 1.3775732 1.2269141 1.0175808 1.3306335 1.1284170 1.1495238 0.9238398 1.0454798 0.7604165 0.7604165 1.3426964 1.3426964 1.4136952 1.2364210 1.1447318 0.9435453 1.3155168 1.3452428 2.1840833 1.2467791 1.6876339 1.3033875 1.3069381 1.2707850 1.4763282 1.2547294 1.2565076 1.6665554 1.4017200 1.4730485 1.3295869 1.5367395 2.3374591 2.0657958 5.0273615 4.1636560 1.4045715 1.6076384 1.6340214 1.6541984 1.6659849 1.6111433 1.5287917 1.5338814 1.7604890 2.3806184 1.8561070 2.0469727 2.9438426 2.4046630 2.5830534 2.4636158 2.9236653 2.6367088 2.5190867 2.3666039 2.6584314 2.3221456 2.4802374 2.5347848 2.7596197 2.9278649 2.4451275 2.6013723 2.7563244 2.7535487 2.7535487 2.3719250 1.5507077 1.8374408 1.9507600 8.1989578 1.7562254 4.5769759 4.5824342 1.5031663 
Ocar_g578                                               1.9205321 1.3706164 1.4581020 1.4908354 1.4650942 1.4562047 1.3470339 1.5996415 1.4157851 0.2358919 0.0607697 0.0000000 0.7298133 0.7298133 0.6716843 1.3176820 1.4219609 1.2805710 1.4736160 1.2214871 1.4130804 1.3351345 2.4371707 1.5221389 1.6689313 1.3448585 1.5055060 1.5256101 1.5059346 1.5042950 1.5183558 1.5704572 1.5925820 1.3509253 1.7175657 1.4433277 1.4358725 1.1735231 1.3504182 1.1101229 1.1101229 1.6129264 1.6129264 1.6972397 1.4945011 1.4167763 1.2612187 1.6049738 1.6455696 2.1832157 1.5934068 1.6720306 1.5948942 1.4447581 1.4206131 1.6294227 1.4613777 1.8050347 1.9266558 1.7480639 1.7505880 1.6180535 1.8352120 2.3415465 2.0936694 5.3297714 4.3348560 1.7077763 2.0091809 1.9615294 1.9906775 2.0272490 1.9540042 1.8559742 3.1366144 2.2235375 2.4244772 2.1177706 2.2775288 3.1489543 2.5295320 2.8012799 2.6616163 3.2556542 2.7646322 2.6229528 2.5158142 2.7014111 2.5547144 2.6993084 2.7075023 3.0357030 3.0493881 2.9475992 2.7765700 2.7854601 3.0263389 3.0263389 2.2493576 1.5203239 1.8431491 2.5728458 8.9839033 1.7600107 3.9332386 4.4431318 1.5031663 
Plajan_Pjan_scaffold7498_01                             1.0257871 1.0780554 1.0509972 1.1253947 1.2797318 1.1243834 1.0566588 1.2853230 1.0775266 0.9323298 0.5914178 0.7298133 0.0000000 0.0000010 0.3787588 0.9974194 1.0241223 0.9299531 0.9701240 0.8079920 0.9856045 0.9974356 2.2517057 1.1069109 1.1530804 0.8031566 1.0614179 1.0583019 1.0867320 1.1119240 1.0652836 1.1843580 1.1664287 0.9967650 1.2783376 1.0394970 1.1641563 0.9245336 1.1238620 0.6448568 0.6448568 1.2727010 1.2727010 1.3321906 1.2161415 1.2710424 0.8680033 1.2212435 1.3525118 2.6962005 1.2825538 2.3332153 1.2484148 1.4698254 1.5214848 1.7569164 1.4507166 1.1399993 1.3498918 1.1054062 1.6303201 1.2359237 1.5136222 2.6919523 2.0989383 4.1410338 3.7741379 1.2981440 1.5359405 1.5945209 1.5952727 1.7357945 1.4667984 1.3791130 1.5991503 1.5522065 2.7102203 1.8846351 2.1580152 3.2176743 2.5771793 2.5230225 2.6197286 2.6112896 2.5119139 2.3625255 2.4235847 2.7996064 2.4359568 2.4587000 2.3470414 2.4540000 2.6842727 2.5516447 2.7040688 2.8261196 2.4729433 2.4729433 2.3747642 1.6461944 2.0093245 1.9818138 8.6048306 3.0130806 5.8407281 4.9644765 1.0658648 
Plajan_Pjan_scaffold7499_01                             1.0257871 1.0780554 1.0509972 1.1253947 1.2797318 1.1243834 1.0566588 1.2853230 1.0775266 0.9323298 0.5914178 0.7298133 0.0000010 0.0000000 0.3787588 0.9974194 1.0241223 0.9299531 0.9701240 0.8079920 0.9856045 0.9974356 2.2517057 1.1069109 1.1530804 0.8031566 1.0614179 1.0583019 1.0867320 1.1119240 1.0652836 1.1843580 1.1664287 0.9967650 1.2783376 1.0394970 1.1641563 0.9245336 1.1238620 0.6448568 0.6448568 1.2727010 1.2727010 1.3321906 1.2161415 1.2710424 0.8680033 1.2212435 1.3525118 2.6962005 1.2825538 2.3332153 1.2484148 1.4698254 1.5214848 1.7569164 1.4507166 1.1399993 1.3498918 1.1054062 1.6303201 1.2359237 1.5136222 2.6919523 2.0989383 4.1410338 3.7741379 1.2981440 1.5359405 1.5945209 1.5952727 1.7357945 1.4667984 1.3791130 1.5991503 1.5522065 2.7102203 1.8846351 2.1580152 3.2176743 2.5771793 2.5230225 2.6197286 2.6112896 2.5119139 2.3625255 2.4235847 2.7996064 2.4359568 2.4587000 2.3470414 2.4540000 2.6842727 2.5516447 2.7040688 2.8261196 2.4729433 2.4729433 2.3747642 1.6461944 2.0093245 1.9818138 8.6048306 3.0130806 5.8407281 4.9644765 1.0658648 
Clacor_Ccor_C505173_01                                  1.1053285 0.7444488 0.7379970 0.8179493 0.8354594 0.8483786 0.7427244 0.6348801 0.5576376 0.9649974 0.4958686 0.6716843 0.3787588 0.3787588 0.0000000 0.6251136 0.6251136 0.6847852 0.7274371 0.8006765 0.7809812 0.8213166 0.0000010 0.9652294 0.7857197 0.7944608 0.6710629 0.6871999 0.6872363 0.6720575 0.6667145 0.6804811 0.9209365 0.7810421 1.0066323 0.7353341 0.7442182 0.7731281 0.8205972 0.7326990 0.7326990 0.7361930 0.7361930 0.7633897 0.7170510 0.7824390 0.7824390 0.6604598 0.7178369 0.0000010 0.7108087 1.5808676 0.7722171 0.6101817 0.6269059 0.6491168 0.6083079 0.9519920 0.8919990 1.0372436 0.9786936 1.1325223 1.1325223 0.0000010 0.0000010 0.0000010 1.4466968 1.2022144 1.3792763 1.1791772 1.1791772 1.2167988 1.2186377 1.2186377 1.5375845 1.0900681 0.0000010 1.2247397 1.5001579 1.7091394 1.5971530 1.7473980 1.7473980 1.6396707 1.4854865 1.4503264 1.4729212 1.6398191 1.3597730 1.6865041 1.6138324 1.7110583 1.6501573 1.9622516 1.9622516 1.7505059 1.3311494 1.3311494 3.3692477 0.0000010 0.0000010 2.1813708 5.1148642 0.0000010 4.5075372 0.0000010 0.5812945 
Hsap_ENST00000370152                                    0.7350484 0.6755718 0.8279993 0.9218299 0.9480107 0.8995398 0.6831075 0.9428478 0.4787030 2.4118926 1.0483346 1.3176820 0.9974194 0.9974194 0.6251136 0.0000000 0.0428395 0.6501081 0.9365859 0.8028155 0.9532517 0.9305260 2.1217415 1.0583657 1.0376136 0.7506499 0.9288767 0.9412204 0.8949055 0.9084788 0.9001430 1.1465062 0.9818921 0.7674540 0.9886688 0.9525508 0.9979920 0.9278684 1.1018729 0.7316356 0.7316356 1.3325015 1.3325015 1.3709903 1.2965127 1.2906053 0.8338706 1.2988425 1.2883625 2.7834825 1.3619227 1.9164323 1.0752263 1.6070939 1.5845823 1.8561222 1.6068400 1.0835139 1.4310124 1.2857000 1.5817347 1.2913379 1.5379619 2.3101287 1.9527262 4.2097409 4.0766243 1.3680081 1.6045846 1.6422056 1.6324746 1.6685171 1.4083620 1.3291538 1.4419191 1.5296495 2.3059966 1.9045832 1.9340134 2.5640533 2.2158302 2.4966105 2.5769960 2.7338958 2.6343115 2.5547477 2.4264952 2.5578016 2.3120448 2.5957228 2.3343010 3.0661255 2.9709545 3.0229078 2.8503872 2.7958880 2.6906260 2.6906260 2.6333994 1.9041583 1.6782270 2.1145851 7.7370684 1.7931620 4.5726317 3.2185379 1.3167674 
Hsap_ENST00000639037                                    0.7350484 0.6978649 0.8457852 0.9924484 1.0235049 0.8995398 0.7557679 1.0159214 0.5082136 3.4752064 1.1319018 1.4219609 1.0241223 1.0241223 0.6251136 0.0428395 0.0000000 0.6671385 1.0094818 0.8961634 1.0275338 0.9983350 2.1217415 1.1416299 1.1046112 0.8068983 1.0004919 1.0092087 0.9648235 0.9796383 0.9814099 1.2613351 0.9900655 0.7674540 1.0490266 1.0138159 1.0960985 0.9278684 1.1018729 0.7386261 0.7386261 1.3775976 1.3775976 1.4136513 1.3520606 1.2906053 0.8338706 1.3328222 1.3330179 2.7834825 1.3619227 1.9164323 1.1355899 1.6172311 1.6161161 1.8561222 1.6317146 1.0835139 1.4692432 1.4028109 1.6857082 1.3484284 1.5924004 2.3101287 1.9527262 4.2097409 4.0766243 1.4350063 1.6045846 1.6850008 1.6482950 1.6821453 1.4238871 1.3291538 1.4419191 1.5884728 2.3059966 1.9045832 1.9489523 3.0680196 2.3886590 2.5215271 2.6188738 2.8607980 2.7636801 2.6578033 2.4264952 2.6169989 2.3612050 2.7427419 2.4074655 3.2821195 3.1864743 3.1348273 3.0709526 2.9659388 2.6388646 2.6388646 2.6333994 1.9041583 1.6782270 2.2508494 7.7370520 1.7931620 4.9858425 3.2185379 1.5169439 
Skow_XM_002731623.2                                     0.7885007 0.7860535 0.7210180 0.8960252 0.9355335 0.8815450 0.6845886 0.8392677 0.7789865 1.5593910 0.9893995 1.2805710 0.9299531 0.9299531 0.6847852 0.6501081 0.6671385 0.0000000 0.9165769 0.7075544 0.8995939 0.8659157 2.1695616 0.9819415 1.1992891 0.6878600 0.8804397 0.8622291 0.8807501 0.8579931 0.8546525 1.1146799 1.0197206 0.7301254 0.9648770 0.9172647 0.9764099 0.8863994 1.0437307 0.7198332 0.7198332 1.2645506 1.2645506 1.2751287 1.2550757 1.2439909 0.7824503 1.2017693 1.2394964 2.4190383 1.2930480 1.8621454 0.9582283 1.6068788 1.5520246 1.8070867 1.5479848 1.1759198 1.4983614 1.1405484 1.6276592 1.2409865 1.4221912 2.4386613 2.2092248 5.1172130 4.7868133 1.2635831 1.5596885 1.5379452 1.5530994 1.6436660 1.4510547 1.3750182 1.5765190 1.5208209 2.5759291 1.9379363 2.0254134 2.7555575 2.3764481 2.5331711 2.6864834 2.8557211 2.6735433 2.7322486 2.5436660 2.4791798 2.5355176 2.6755143 2.3644871 3.1411324 3.4322355 2.6255600 2.9203718 2.8514926 2.5322667 2.5322667 2.8530857 2.2167973 1.8349777 2.1094837 6.5374509 2.0151492 5.0993639 4.0234874 1.0841308 
Morvir_scaffold119.g49.t1                               0.9468417 0.9184524 0.9748494 1.0094283 1.1679693 0.9851571 0.9746900 1.1074934 1.0082200 2.4707589 1.1862246 1.4736160 0.9701240 0.9701240 0.7274371 0.9365859 1.0094818 0.9165769 0.0000000 0.3828191 0.4789133 0.4642773 1.4127122 0.5230119 0.8291295 0.5496866 0.8467752 0.8372255 0.8235292 0.8284396 0.8201900 1.0289602 1.0552130 0.7974630 0.8928048 0.8239807 0.8690305 0.9871019 1.1100263 0.7427078 0.7427078 1.3370361 1.3370361 1.3482665 1.2118192 1.2379940 0.8513660 1.2788584 1.2391914 2.5380266 1.3072849 2.0139869 1.0594861 1.7108042 1.6959811 1.9426044 1.6038792 1.0807129 1.4299141 1.2419687 1.5621894 1.2274244 1.5615752 2.3055358 2.3374497 4.9616622 4.2630516 1.3583485 1.5245828 1.7154253 1.7116916 1.7898035 1.4318783 1.4075689 1.5457890 1.5301098 2.7386047 1.8840416 1.9954815 3.1569549 2.4914155 2.5129672 2.7549415 2.6610020 2.6880348 2.6558591 2.4722124 2.9062537 2.5725567 2.7149740 2.3831636 3.1129717 3.3383635 2.5780028 3.0828509 3.1367078 2.6090682 2.6090682 2.7345286 2.0987259 2.0472814 2.2142640 6.9431410 2.2576743 4.0529531 2.8570982 1.5075119 
Nemnom_g12550.t1                                        0.8737857 0.7959416 0.7935014 0.9395751 1.1035442 0.7958503 0.8634183 0.9147004 0.9339366 2.6397449 0.9198647 1.2214871 0.8079920 0.8079920 0.8006765 0.8028155 0.8961634 0.7075544 0.3828191 0.0000000 0.0697378 0.1153086 1.6056227 0.2360279 0.6770743 0.5393420 0.6387769 0.6394066 0.6074420 0.5981965 0.5773242 0.7481148 0.7082098 0.4777340 0.7508063 0.6013455 0.6362818 0.8700038 0.9367781 0.7980779 0.7980779 1.1684460 1.1684460 1.1816157 1.0905131 0.9914144 0.8874211 1.1165186 1.1084310 5.7872343 0.9558691 1.3991251 1.0029583 1.4493490 1.2988639 1.5752018 1.2379647 1.1096751 1.2963361 1.1989310 1.3582332 1.3686904 1.3686904 5.3997790 3.7742218 0.0000010 3.5572008 1.2965521 1.3703149 1.2984912 1.2972600 1.2734072 1.2412138 1.2244032 1.1066643 1.0612375 3.1599597 1.9607723 1.7075835 3.6355733 2.7099274 2.1653020 2.1424483 2.2991064 2.6379628 2.5564201 2.3904668 2.5874383 2.2936541 2.5399101 2.4844513 3.0794421 3.1891587 2.8390966 2.7508795 3.0402300 2.5163973 2.5163973 5.9398770 1.7903625 1.3125789 1.7131845 6.6516627 4.1206616 4.7405354 3.0165193 1.4877108 
Rhoesc_Res_016570-T1                                    0.8737857 0.9798957 0.9366113 1.1156455 1.2041806 0.9895225 0.9263559 1.1565516 0.9986707 2.6450762 1.1509487 1.4130804 0.9856045 0.9856045 0.7809812 0.9532517 1.0275338 0.8995939 0.4789133 0.0697378 0.0000000 0.1379468 0.1382973 0.2833986 0.7669732 0.5002512 0.8699788 0.8421204 0.8341906 0.8522260 0.7599488 0.9433869 0.9653880 0.7525657 0.9583693 0.8318754 0.8290238 0.9282515 1.0864923 0.7918717 0.7918717 1.4017767 1.4017767 1.3551837 1.2358579 1.2722379 0.8981733 1.3170080 1.2754582 2.2790865 1.3102781 1.8089887 1.1609647 1.7420310 1.7204349 2.1190022 1.6566769 1.1096751 1.4264859 1.2108936 1.6521598 1.2418680 1.4788139 2.1569280 2.0955980 4.1557476 4.7023505 1.2805387 1.4319417 1.5785205 1.5622064 1.5849614 1.3882619 1.3068965 1.6117354 1.5897911 2.7664698 2.0497938 2.2110486 3.4594742 2.5387272 2.5617512 2.6762905 2.6855390 2.9558019 2.9000529 2.6061645 2.8047495 2.6225443 2.7533169 2.5300536 3.2999622 3.5710152 2.6853063 3.0445421 3.3621583 2.7788425 2.7788425 2.8732828 1.9996449 1.7810149 2.0034051 6.3752368 2.1363496 4.1818967 2.6612240 1.4591506 
Aaur_scaffold86.g15.t1                                  0.8583842 0.9595605 0.9705886 1.0564914 1.1686837 0.9684055 0.9595204 1.1235307 0.9874331 2.3306816 1.0890288 1.3351345 0.9974356 0.9974356 0.8213166 0.9305260 0.9983350 0.8659157 0.4642773 0.1153086 0.1379468 0.0000000 0.4165729 0.2862293 0.7419464 0.4762439 0.8594530 0.8568045 0.8187587 0.8337767 0.7821330 0.9628648 0.9714644 0.7566018 0.9537801 0.7656700 0.7894567 0.9042419 1.0837874 0.7848935 0.7848935 1.3983215 1.3983215 1.3591674 1.2734559 1.3142957 0.8890677 1.3091238 1.2626689 2.2927248 1.2834448 1.6885105 1.1192166 1.7097524 1.6737396 2.0602139 1.6165616 1.0864541 1.4276788 1.1121750 1.6485709 1.1765453 1.4318761 2.3871008 2.1859008 4.3407805 4.5256141 1.2920277 1.4490967 1.5626199 1.5640361 1.5907503 1.3507156 1.2951732 1.5406952 1.5516133 2.8105699 2.0557236 2.1326905 3.3383945 2.5295142 2.5947359 2.7646025 2.7297091 2.8786597 2.8936078 2.8085751 2.7856503 2.7077895 2.7513493 2.5648888 3.5638453 3.7024765 2.7063896 3.0615399 3.2981363 2.7953182 2.7953182 2.7489162 2.0244612 1.6898548 2.0244114 6.6180477 2.2620333 4.4592173 3.2776217 1.4947713 
Nemnom_g12549.t1                                        0.0000010 2.1732361 2.0778349 2.3573624 2.1255046 2.1183077 1.9310048 2.4528079 1.6967564 0.0000010 2.3999090 2.4371707 2.2517057 2.2517057 0.0000010 2.1217415 2.1217415 2.1695616 1.4127122 1.6056227 0.1382973 0.4165729 0.0000000 0.7846034 1.9652506 0.0000010 2.3419547 2.1374091 2.2271947 2.3085661 2.0836950 2.1169384 2.1169384 2.1209664 2.4116688 2.1981655 2.0829485 1.6064233 2.0161722 0.0000010 0.0000010 2.9977305 2.9977305 2.6583157 2.2640877 2.9488779 4.4346839 2.5275950 2.7691641 2.9949841 3.0404236 2.7519994 2.9068457 4.2854450 4.9774113 5.1754268 5.2676760 0.0000010 2.4014788 0.0000010 3.2558660 1.0007826 2.3698432 2.4708653 2.0652786 3.9095220 5.3115275 1.5327028 1.9373470 2.6825730 2.6825730 3.0394847 2.1233222 1.9059977 8.9999990 8.9999980 2.8695760 2.5633062 4.0816452 8.9999989 2.6541521 3.7286876 4.3064832 5.2685265 4.8378402 4.9791194 4.1269830 4.0364829 3.8148353 3.6289983 3.2943420 4.6356432 5.0601636 1.6892215 3.9511060 5.5585264 4.1068493 4.1068493 0.8072414 3.2719000 2.9343236 4.8304101 5.7973508 2.3385111 3.8862098 2.8058556 0.0000010 
Sanmal_Sma_011955-T1                                    0.8463792 1.0048205 1.0449918 1.0841871 1.2178294 1.0324071 1.0455923 1.1638023 1.0087813 2.6972151 1.2233110 1.5221389 1.1069109 1.1069109 0.9652294 1.0583657 1.1416299 0.9819415 0.5230119 0.2360279 0.2833986 0.2862293 0.7846034 0.0000000 0.8957429 0.5539361 0.9193726 0.8894766 0.9047072 0.9055745 0.8726447 1.0622352 1.0454514 0.8412528 1.0122519 0.9130804 0.9552793 1.0168199 1.1184585 0.9368803 0.9368803 1.4760841 1.4760841 1.4386254 1.3866345 1.4497712 1.0222473 1.4100918 1.3820522 2.1286415 1.3973765 1.8653691 1.1178477 1.8604093 1.7811947 1.9326697 1.7651115 1.6313872 1.4968621 1.3723591 1.7525747 1.3827682 1.7018157 2.5143847 2.0796470 3.4135158 3.6919986 1.3865787 1.6265350 1.6468757 1.6433658 1.6968751 1.5224298 1.4440420 1.4135650 1.8950750 2.7270665 2.1982442 2.2966929 4.7249019 2.8174219 2.9126447 3.0350394 2.9829993 3.2385220 3.1709846 3.1211004 3.1090580 2.8831647 2.9497949 2.8196506 3.9389346 4.0975849 3.3137861 3.4221528 3.7457521 3.1690494 3.1690494 2.9648924 1.9728074 2.0696966 2.7479738 7.1430423 2.1388157 3.5501971 2.2659520 2.2821865 
Hvul_g33124_1                                           0.8861970 1.0769208 1.2262174 1.2695452 1.2260976 1.0828612 1.2261494 1.3460323 1.0750862 2.6946584 1.3491140 1.6689313 1.1530804 1.1530804 0.7857197 1.0376136 1.1046112 1.1992891 0.8291295 0.6770743 0.7669732 0.7419464 1.9652506 0.8957429 0.0000000 0.3749496 1.0543083 1.0564712 0.9951383 1.0455200 0.9924937 1.1876016 1.1753418 0.9429360 1.1061325 1.0153191 1.1047368 1.0770308 1.3068228 0.8474237 0.8474237 1.4889882 1.4889882 1.5172922 1.3802566 1.4132381 1.0479943 1.5042409 1.4524957 2.7006069 1.4342772 2.0375609 1.3567480 1.7088760 1.7069857 1.9931463 1.6606209 1.3609984 1.6815055 1.4173922 1.8680688 1.3520382 1.6415784 2.7110816 2.4911711 6.5566075 5.4258383 1.1729664 1.4175480 1.5604045 1.5597001 1.5353945 1.2960423 1.2380344 1.1978743 1.6387682 2.9967997 2.1656781 2.2123825 3.2148871 2.5671268 2.8303605 2.9555910 3.1770335 2.8961119 2.7814763 2.5264308 2.8877831 2.7873399 2.9531346 2.5893491 3.0525087 3.1011593 2.5269489 3.0854197 3.4148484 2.9659846 2.9659846 2.7081730 1.8602468 1.9616659 2.6308259 8.0066195 2.7199274 4.6605596 1.8538921 1.4947944 
Chem_TCONS_00048754                                     0.7893048 0.7250840 0.8484747 0.8770529 1.0593208 0.6896310 0.8423540 0.8549627 0.9211177 3.0073710 1.0008919 1.3448585 0.8031566 0.8031566 0.7944608 0.7506499 0.8068983 0.6878600 0.5496866 0.5393420 0.5002512 0.4762439 0.0000010 0.5539361 0.3749496 0.0000000 0.6761630 0.6659372 0.6527382 0.6416716 0.6413516 0.7505580 0.7526951 0.4498470 0.7612229 0.6612242 0.7482186 0.8549204 0.9271086 0.8427125 0.8427125 1.0585053 1.0585053 1.0772918 1.0393586 0.8572826 0.8572826 1.1520113 1.1070563 1.3485439 0.9078810 1.2443532 0.9265038 1.1781263 1.2020442 1.4808139 1.1498834 1.2234566 1.2996013 1.1849220 1.3488552 1.4342506 1.4342506 2.2169116 1.9408846 0.0000010 2.3019517 1.0901531 1.1801575 1.0514591 1.0400321 1.0468417 1.0228764 0.9842434 0.6195230 1.0146540 2.7093895 1.7812219 1.7839470 2.9714522 2.4833727 2.3816756 2.3313343 2.3476509 2.4481898 2.4648942 2.2528443 2.4675508 2.0989629 2.3326578 2.4672396 2.5798898 2.7922662 2.6736238 2.6855218 2.7356363 2.6731901 2.6731901 3.7934404 1.1962474 0.9995490 1.8121921 7.8502988 2.5365959 4.7781147 0.0000010 1.4917802 
Spis_XP_022791049_1                                     0.9877760 0.9489622 1.0395233 1.2383700 1.2984748 1.0546860 0.8844240 1.1590791 1.0770085 2.7285446 1.2084595 1.5055060 1.0614179 1.0614179 0.6710629 0.9288767 1.0004919 0.8804397 0.8467752 0.6387769 0.8699788 0.8594530 2.3419547 0.9193726 1.0543083 0.6761630 0.0000000 0.0428917 0.1050165 0.0882182 0.1278973 0.1675550 0.3286391 0.4664159 0.4898324 0.7142426 0.8554957 1.0378918 1.2333430 0.8182632 0.8182632 1.5291850 1.5291850 1.5423399 1.3307587 1.3924015 0.9197001 1.3610609 1.3517793 2.3032209 1.2737166 1.9318844 1.1858723 1.5676923 1.5941256 1.7846404 1.5748132 1.1383318 1.4943431 1.2736285 1.6919894 1.3079123 1.5445674 2.4659769 2.1253315 4.5308154 4.8948621 1.3431279 1.5717400 1.6883878 1.6935807 1.7441630 1.4860495 1.3840908 1.7301617 1.5149571 2.9015136 2.0702189 2.0098551 3.2890090 2.4376160 2.5968000 2.6723920 2.7860854 3.0888030 2.9411162 2.6165761 2.7083182 2.8064340 3.0519767 2.5126086 3.1540913 3.4913719 2.4723001 3.0549357 3.0217984 2.4752827 2.4752827 2.8800482 1.8399881 1.8052169 2.1056558 7.2186952 2.4599800 4.5543472 3.4676013 1.3173083 
Pocdam_XM_027187374.1                                   0.9013364 0.9370768 1.0246123 1.2398690 1.2753981 1.0514084 0.8843362 1.1599517 1.0849857 2.7443184 1.2242288 1.5256101 1.0583019 1.0583019 0.6871999 0.9412204 1.0092087 0.8622291 0.8372255 0.6394066 0.8421204 0.8568045 2.1374091 0.8894766 1.0564712 0.6659372 0.0428917 0.0000000 0.0974324 0.0881304 0.1297261 0.1591250 0.3181778 0.4265395 0.5013357 0.6999218 0.8234663 1.0455032 1.2492247 0.7950650 0.7950650 1.5222751 1.5222751 1.5213845 1.3015083 1.3933464 0.9029326 1.3414533 1.3192146 2.3467583 1.2744201 1.9303825 1.2196544 1.5346497 1.5933815 1.8306152 1.5413226 1.1566196 1.5219660 1.3170551 1.6569169 1.3214051 1.5532299 2.4941866 2.1351963 4.5403444 4.9787468 1.3223823 1.5611139 1.6431168 1.6478109 1.7143349 1.4765255 1.3753284 1.6432230 1.5060242 2.9396388 2.0801285 2.0017151 3.2925614 2.4820001 2.5826886 2.6891477 2.7565945 3.1123088 2.9628552 2.5543969 2.7167731 2.7252303 3.0874019 2.5744875 3.1901048 3.5364725 2.3989018 3.0213642 3.0630508 2.4770713 2.4770713 2.7675786 1.8969349 1.8551285 2.0803365 7.2029884 2.4227299 4.3648778 3.2997257 1.3136450 
Gasp_gasp1.m3.28217.m1                                  0.8922805 0.9179934 1.0432702 1.2023338 1.2387990 1.0170220 0.8923528 1.1635146 1.0784799 2.8213916 1.2211727 1.5059346 1.0867320 1.0867320 0.6872363 0.8949055 0.9648235 0.8807501 0.8235292 0.6074420 0.8341906 0.8187587 2.2271947 0.9047072 0.9951383 0.6527382 0.1050165 0.0974324 0.0000000 0.0560266 0.1157161 0.1508508 0.3136704 0.4117967 0.4862620 0.6964021 0.8258303 1.0603428 1.2650219 0.8490386 0.8490386 1.5359424 1.5359424 1.5322863 1.3396002 1.4157159 0.9027376 1.3541784 1.3337323 2.3077243 1.2908259 1.8706373 1.1712407 1.5622731 1.5795126 1.7230556 1.5060864 1.1461112 1.5280630 1.3071926 1.6553304 1.3150376 1.5667239 2.5823005 2.1858565 4.7891567 4.9851133 1.3718745 1.6048919 1.6994955 1.7082639 1.7489022 1.5315896 1.4244725 1.6387777 1.5249663 2.9277334 2.0548345 2.0046584 3.2559569 2.4077509 2.5668001 2.7548137 2.7471839 3.0068731 2.8657827 2.4910831 2.7443236 2.6675207 3.1117675 2.5930667 3.2664271 3.5740728 2.3477543 3.0272832 3.0574189 2.4691544 2.4691544 2.4622300 1.8484381 1.8797725 2.1699699 7.2666588 2.4506441 4.4272466 3.5609083 1.3458771 
Fspp_ffun1.m4.3329.m1                                   0.8934620 0.9323078 1.0372326 1.2607118 1.3064722 1.0349578 0.8967500 1.1341903 1.0863893 2.8213916 1.2148687 1.5042950 1.1119240 1.1119240 0.6720575 0.9084788 0.9796383 0.8579931 0.8284396 0.5981965 0.8522260 0.8337767 2.3085661 0.9055745 1.0455200 0.6416716 0.0882182 0.0881304 0.0560266 0.0000000 0.1106846 0.1649304 0.3296395 0.4090364 0.4674293 0.7082132 0.8390439 1.0632016 1.2749532 0.8146094 0.8146094 1.5481166 1.5481166 1.5583175 1.3349928 1.4073445 0.9017360 1.3526416 1.3515247 2.4911659 1.3127155 2.0100674 1.2316093 1.5992115 1.6296312 1.7733224 1.5375646 1.0882126 1.5087882 1.2861342 1.7068032 1.2860416 1.5394821 2.6816927 2.2322826 4.3960587 4.5877140 1.3826195 1.6351954 1.7606200 1.7701077 1.8057457 1.5513713 1.4438079 1.6460045 1.5814490 3.0281813 2.0896196 2.0488230 3.2513072 2.4564017 2.6432058 2.8121421 2.8202463 3.0644403 2.9031552 2.5534253 2.8149737 2.7354642 3.0381300 2.5772037 3.2680925 3.5962975 2.3907095 3.1298331 3.1935313 2.4643508 2.4643508 2.5650745 1.9768018 2.0654853 2.1072778 7.2358598 2.6587517 4.4922665 3.9193011 1.3107970 
Gfas_gfas1.m1.21817.m1                                  0.9340186 0.8956778 0.9803465 1.2107549 1.2673126 1.0381197 0.9093308 1.1213415 1.0599785 2.7639754 1.2039489 1.5183558 1.0652836 1.0652836 0.6667145 0.9001430 0.9814099 0.8546525 0.8201900 0.5773242 0.7599488 0.7821330 2.0836950 0.8726447 0.9924937 0.6413516 0.1278973 0.1297261 0.1157161 0.1106846 0.0000000 0.1362126 0.2902568 0.4085568 0.4563157 0.6659807 0.8212091 1.0308507 1.2450964 0.8118654 0.8118654 1.5315436 1.5315436 1.5444904 1.2877711 1.3848364 0.9162640 1.2959664 1.2975122 2.2460969 1.2840419 1.9187280 1.1673812 1.5983854 1.5053486 1.8056046 1.5281115 1.1426215 1.5308527 1.2850987 1.6002279 1.2488997 1.4742406 2.5158642 2.1099166 4.4172233 4.6905990 1.2971857 1.5009095 1.6088538 1.6131479 1.7004932 1.4444301 1.3441118 1.6323048 1.5230942 2.8535310 2.0428134 2.0428270 3.1799968 2.4072450 2.4905336 2.6638616 2.6253766 3.0343085 2.8740448 2.3947020 2.6680152 2.5800323 2.9856368 2.3962707 3.2188425 3.5071445 2.3289948 3.0279629 3.0074165 2.3557648 2.3557648 2.4105253 2.0643640 1.7853428 2.1272945 6.9879819 2.4250962 4.2959792 3.2500125 1.3351720 
Amil_Amillepora26138-RA                                 0.7442759 1.2095529 1.2346733 1.5138375 1.4270643 1.1569015 1.1374492 1.5027801 1.3306739 2.7928364 1.3775732 1.5704572 1.1843580 1.1843580 0.6804811 1.1465062 1.2613351 1.1146799 1.0289602 0.7481148 0.9433869 0.9628648 2.1169384 1.0622352 1.1876016 0.7505580 0.1675550 0.1591250 0.1508508 0.1649304 0.1362126 0.0000000 0.1357621 0.5249177 0.5153148 0.7857728 0.9143376 1.0660101 1.2777461 0.7303971 0.7303971 1.6781410 1.6781410 1.6478178 1.3996269 1.5344884 0.9186812 1.5330173 1.4265010 2.4631175 1.3970010 1.9894938 1.5639562 1.7432094 1.6843862 2.0225299 1.6788622 1.0016665 1.7262366 1.5032581 1.8061418 1.3368374 1.6198103 2.6139525 2.2065553 5.7312183 5.8838210 1.4812751 1.7096445 1.8686499 1.8748296 1.8851701 1.6848224 1.5610978 1.9644480 1.9504623 3.1166126 1.8955746 1.9668537 3.4394182 2.3122026 2.6565638 2.8850966 2.8504707 2.9989407 2.8662768 2.2178129 2.7281916 2.5407801 3.1082180 2.5059927 3.2125309 3.3652475 2.2942654 3.0618671 3.0258822 2.3307190 2.3307190 2.2015801 1.9362203 1.7011189 3.0684027 6.6635891 2.3721542 4.2973604 3.4042673 1.4927921 
Adig_XM_015924918.1                                     0.9188922 1.1212248 1.1500457 1.3678661 1.3847685 1.2320981 0.9719621 1.3697057 1.1759224 4.2681080 1.2269141 1.5925820 1.1664287 1.1664287 0.9209365 0.9818921 0.9900655 1.0197206 1.0552130 0.7082098 0.9653880 0.9714644 2.1169384 1.0454514 1.1753418 0.7526951 0.3286391 0.3181778 0.3136704 0.3296395 0.2902568 0.1357621 0.0000000 0.6260461 0.6608014 0.9282993 1.0107716 1.1536720 1.3354773 0.8892749 0.8892749 1.6670543 1.6670543 1.6459466 1.4243361 1.6137345 1.1088694 1.5600376 1.4266693 3.0100773 1.4392555 2.3119829 1.4000937 1.8259972 1.8697209 2.0415181 1.8668184 1.1741403 1.6667495 1.1424545 1.7416363 1.2796022 1.5615000 3.1270141 2.8524751 5.7312183 5.8838210 1.5724420 1.7339543 1.9488449 1.9638337 1.9886719 1.7616453 1.6688639 1.4903882 1.7876381 3.7421821 2.2289199 2.2775348 3.5068015 2.6670931 2.6516494 2.8408851 3.0988359 3.1861206 3.1626745 2.7084429 3.1982969 2.7283982 3.2082483 2.6681420 3.4082827 3.5123944 2.6874475 3.4666788 3.2775908 2.4760385 2.4760385 3.4037984 2.5175508 2.1673946 1.6543830 7.4622997 2.2147528 4.3274030 3.4042673 1.2530167 
Exapal_XM_021062129.2                                   0.8746444 0.7680925 0.8791509 1.1308182 1.1994050 1.0562392 0.7562702 1.0217251 0.8317499 1.1850972 1.0175808 1.3509253 0.9967650 0.9967650 0.7810421 0.7674540 0.7674540 0.7301254 0.7974630 0.4777340 0.7525657 0.7566018 2.1209664 0.8412528 0.9429360 0.4498470 0.4664159 0.4265395 0.4117967 0.4090364 0.4085568 0.5249177 0.6260461 0.0000000 0.2592265 0.6311234 0.6973659 0.9042816 1.1004238 0.7066088 0.7066088 1.2466863 1.2466863 1.2744158 1.1044694 1.2877325 0.8130024 1.0928196 1.1017708 2.5245806 1.2518779 1.8950472 1.0481990 1.6118685 1.5941690 1.9320798 1.6768354 1.0614752 1.2745434 0.8816296 1.3212565 1.0198629 1.2107185 2.0875277 1.7499091 3.7151069 3.7491615 1.2928742 1.5360506 1.7174021 1.7174021 1.7641249 1.4604192 1.3869798 1.1692232 1.5151075 2.9535774 2.1671692 1.6221566 1.8300114 1.8329765 2.1258497 2.2719728 2.5840329 2.2591193 2.2544560 2.4042518 2.3854265 2.2375156 2.2087210 2.1029152 2.6112047 2.8664806 2.2183246 2.8588986 2.6339216 2.1751806 2.1751806 2.2240850 1.6743393 1.7068546 1.5142711 7.7657912 1.9843222 4.5397981 3.2788352 0.4137674 
Nvec_v1g182583                                          0.9115315 1.0268793 1.1236479 1.3353301 1.3944428 1.2205818 1.0205255 1.2932920 1.1060525 2.8885169 1.3306335 1.7175657 1.2783376 1.2783376 1.0066323 0.9886688 1.0490266 0.9648770 0.8928048 0.7508063 0.9583693 0.9537801 2.4116688 1.0122519 1.1061325 0.7612229 0.4898324 0.5013357 0.4862620 0.4674293 0.4563157 0.5153148 0.6608014 0.2592265 0.0000000 0.7142286 0.8578851 0.9697689 1.0653512 0.8906718 0.8906718 1.4467235 1.4467235 1.4422361 1.3170802 1.3690487 0.8657912 1.3179806 1.3173384 2.4523472 1.2346760 1.8298793 1.3107099 1.8890636 1.7582651 1.9313532 1.8402174 1.0902941 1.5250034 1.3135949 1.5272580 1.2195613 1.4487555 2.3286793 1.8764450 4.3160347 3.8240200 1.5068440 1.5738186 1.9159583 1.9188443 1.9079567 1.5706945 1.4688794 1.4998762 1.7309381 2.6512780 2.1703203 1.9958414 3.3467107 2.3511368 2.6944680 2.8412420 3.1789586 3.1572441 3.0549627 2.6119997 2.8937224 2.7921308 3.0503574 2.5352001 3.3466697 3.6839554 3.2146212 3.6216753 3.2741986 2.7756008 2.7756008 2.4773848 1.7992703 1.8842044 2.1090408 7.2392629 2.2081015 4.8179713 3.9679155 1.6961114 
