163
Lcom_lcpid224007                                                 0.0000000 1.1409025 1.1270373 1.2426146 1.0498411 1.2457765 1.3263932 1.2259012 1.3357311 1.3478417 1.3957641 1.4891544 1.4924182 1.5216319 0.0000010 0.0000010 2.0009872 2.0866472 1.7202505 1.7253262 0.0000010 2.0243243 3.4497858 3.1072386 4.0150469 0.0000010 0.0000010 7.1264829 2.4650021 3.1698550 3.4366114 3.3910448 0.0000010 2.0776509 1.9926489 2.2897915 1.9104885 2.2506815 2.0918761 2.2980757 2.2657159 0.0000010 2.2180325 1.9418756 1.7810622 1.8981529 1.8532682 0.0000010 2.2545783 2.6587105 2.0266594 0.0000010 1.6744940 0.0000010 0.0000010 0.0000010 2.8270981 2.6262687 2.5091452 2.1702740 5.9973047 0.0000010 2.9660263 2.2865894 0.7021796 2.0374097 2.1053300 2.0269274 2.3446494 2.5444611 0.0000010 2.2935064 1.9937873 2.1767979 2.2512686 0.4977117 0.0000010 0.0000010 0.0000010 0.0000010 0.0000010 0.0000010 7.8556638 2.6199019 2.7732652 2.0533738 2.0533738 0.0000010 0.0000010 0.0000010 2.5460762 0.0000010 2.0401050 2.0925149 0.0000010 2.3358469 2.0902334 5.3520245 2.4851466 7.8314603 0.0000010 1.8488190 1.9411225 1.9670527 1.9474594 1.9474594 2.0670688 2.0133773 2.7564599 2.7564599 2.5702287 0.0000010 0.0000010 1.8263383 8.9999986 8.9999986 2.8141372 2.8141372 0.0000010 0.0000010 0.0000010 2.8609637 0.0000010 0.0000010 9.0000000 0.0000010 0.0000010 2.5344665 2.3896379 2.3357676 2.3357676 2.0839256 2.1479867 2.1718655 2.1912007 2.2817088 2.2424722 2.2099202 2.5095513 2.8193761 2.6510007 3.0783792 2.8764240 2.4190955 2.0592406 0.0000010 3.3621140 5.1710809 6.4307613 0.0000010 4.5048796 4.7402438 4.5550616 6.1609505 2.2728360 2.2521045 3.9188214 9.0000000 0.0000010 2.4528240 2.6910091 4.4155163 3.4747665 
Acaspe_EP00035_Acanthoeca_spectabilis_P037570                    1.1409025 0.0000000 0.1994341 0.5237484 0.5467245 0.6362853 1.8082827 1.7651220 1.8958555 1.8764703 2.0671087 1.9666074 1.9664426 1.9625137 0.0000010 0.0000010 2.3706122 2.3650827 2.2260651 2.0435901 4.2777040 2.1035962 2.9403378 2.7138737 3.0791016 2.1048314 1.9117055 2.3015146 2.1153799 2.7395133 2.8615730 2.9482657 1.8448237 2.2758598 1.9607096 2.2175247 2.3435493 2.0888197 2.1089591 2.2343342 2.6259315 3.1688926 2.4059627 2.8725571 2.4227601 2.3423239 2.5867622 2.2504010 2.7167723 2.7485542 2.5908054 0.0000010 2.5216918 0.0000010 7.2353470 7.2353470 2.5602171 2.5969535 2.5689170 2.5828978 3.3236750 2.2999134 2.4781275 2.3096718 2.8272334 2.8681239 2.5726901 2.4159824 2.6253578 2.4680967 0.0000010 2.5580860 2.4952876 2.6152454 2.8098429 3.9581966 4.3779452 5.2983585 5.1165756 0.0000010 4.3824953 4.1688246 7.1651848 2.5922421 2.6128877 2.5563828 2.5563828 4.9814917 5.4735968 0.0000010 2.5348815 2.1406017 2.3573963 2.3512760 4.8422745 2.7017841 2.2766403 3.0453816 2.6845974 4.2668443 3.3791896 2.4784787 2.3919553 2.4149909 2.4242856 2.4271698 2.5572031 2.3980038 2.7396320 2.7396320 2.5095284 4.8468199 8.9999987 1.6944280 8.5658953 8.5658953 2.6644187 2.6644187 5.0084951 2.9624785 2.9150538 2.8023665 6.0637911 6.0637911 8.8957118 5.0902920 2.3714535 2.6342555 2.9876087 2.6415303 2.6415303 2.8888936 2.2336011 2.5871894 2.2863723 2.5632397 2.1237104 2.4601626 2.2399347 1.8964727 2.1303783 2.6228506 2.4667116 2.6555997 2.3915585 0.0000010 5.8773378 4.5808473 4.8355656 4.4790772 4.9787022 6.2255434 3.6005274 2.7900787 3.7256860 2.8309468 2.8688991 6.9488927 8.9999989 2.4727646 2.6684549 4.1640894 4.8446141 
Helnan_EP00037_Helgoeca_nana_P032331                             1.1270373 0.1994341 0.0000000 0.5449057 0.5352134 0.7001954 1.7978018 1.7695478 1.9827205 1.9214270 2.0821074 1.9677054 1.9474531 1.9360251 0.8506650 3.0000603 2.5520477 2.4561088 2.1927425 2.0915189 6.6407816 2.2593929 2.9361845 2.7623032 3.0152755 2.1751673 2.1218401 2.3309199 2.2227092 2.8856605 2.9607636 2.9552175 1.8307880 2.2705376 1.9687137 2.1141296 2.2901143 2.2162037 2.1626185 2.5415542 2.4513058 3.3657502 2.4390458 2.8198358 2.4565768 2.3406876 2.6088369 2.3491936 2.8036263 2.8686046 2.5796191 0.0000010 2.5155863 0.6291895 5.8017609 3.0736229 2.4773754 2.5266797 2.6178862 2.6928398 3.4388791 2.4959527 2.5981309 2.3386716 2.9905470 2.9308861 2.5575831 2.4216679 2.5208682 2.4566309 0.7657370 2.4956628 2.4329740 2.5521359 2.7951790 4.5019476 4.4650248 4.5648146 8.3076401 0.0000010 4.9523041 5.2847798 6.9756804 2.4892332 2.5224740 2.4528098 2.4575336 6.1298327 6.8283733 0.0000010 2.5197553 2.1486728 2.2673768 2.4159375 8.9999990 2.7391908 2.2103342 3.3044213 2.6783435 7.9238570 5.0312831 2.3904650 2.4868316 2.5186094 2.5167842 2.5197561 2.6944011 2.5023147 2.6504010 2.6504010 2.5536530 4.6243687 2.1589579 1.7285100 8.9999981 7.2436690 2.6549983 2.6549983 4.7540683 2.8771112 2.8651831 2.8276220 5.1589547 5.1589547 8.9999987 8.9999985 2.9297872 2.6818529 2.8446082 2.4932327 2.4932327 2.7967435 2.1681067 2.4489370 2.2680658 2.4928139 2.1176913 2.3883089 2.2361559 1.7948865 2.2008568 2.6428561 2.5822252 2.6923029 2.3330786 1.2402205 6.0374814 4.9944790 4.8798573 1.8871645 4.2190738 5.3080177 3.9858209 3.0139862 4.6431182 2.7345977 2.8322168 8.9999983 5.5692117 2.4989465 2.9332224 3.9720473 4.0843863 
Diagra_EP00040_Diaphanoeca_grandis_P035469                       1.2426146 0.5237484 0.5449057 0.0000000 0.5664943 0.7159491 1.7716406 1.8890249 2.0587367 2.0575052 2.0067189 1.8781852 2.0105963 1.9933676 0.0000010 0.0000010 2.3312936 2.2863247 2.2563764 1.9362101 4.8450263 2.2961363 2.6230755 2.6813163 3.0196359 1.7220580 1.9353835 2.6372504 2.2236693 2.7494816 2.7510147 2.7995043 1.9557162 1.9760553 1.8856586 2.0730981 2.2108418 2.3452209 2.0856781 2.5179288 2.5184387 2.4752372 2.3033715 2.6662469 2.3473236 2.2076102 2.4153896 1.9194038 2.6471287 2.6859268 2.6131520 0.0000010 2.7127320 0.0000010 0.0000010 0.0000010 2.5130834 2.4886209 2.5522041 2.5783957 3.3689266 2.1391398 2.0019748 2.2846176 2.8466155 2.9838416 2.5378997 2.5465626 2.7257168 2.4272986 0.0000010 2.6739862 2.5833702 2.6720978 2.8325699 1.1749683 0.0000010 0.0000010 0.0000010 0.0000010 0.0000010 1.5826965 7.9182279 2.7413080 2.7850567 2.5801427 2.5801427 0.0000010 0.0000010 0.0000010 2.5377989 1.7659898 2.1918475 2.2261807 0.0000010 2.5437866 2.2170471 3.3643594 2.5828948 1.0522173 0.0000010 2.3932276 2.2772689 2.3134181 2.3627678 2.3726607 2.3662075 2.3221458 2.6404054 2.6404054 2.4825328 0.0000010 9.0000000 1.8794790 9.0000000 9.0000000 2.6229651 2.6229651 0.0000010 1.2318176 1.2295243 2.4780364 4.6763232 4.6763232 9.0000000 0.0000010 2.2166559 2.8013586 3.0534648 2.5346841 2.5346841 2.8947729 2.4995496 2.3977466 2.1993502 2.2992822 2.3162920 2.5761908 2.2508906 1.8380847 2.0056785 2.4763927 2.3307858 2.6023996 2.2713100 0.0000010 6.1391785 5.2056262 4.5799318 0.0000010 4.3900312 5.4524115 3.5267521 3.0083714 4.0205799 2.8574412 2.8229463 8.7810931 3.2060206 2.4508524 2.8955770 4.5749710 4.3221329 
Stedip_EP00041_Stephanoeca_diplocostata_P018973                  1.0498411 0.5467245 0.5352134 0.5664943 0.0000000 0.6429694 1.8588022 1.8125970 2.0153164 1.8825832 1.9996912 1.9589921 2.0296080 2.1360231 0.0000010 0.0000010 2.4179483 2.1644974 2.1632317 1.8512503 3.5263668 2.1758817 2.5562459 2.5804931 2.9635266 2.1883604 1.6777116 2.2803948 2.1968489 2.6192959 2.6296085 2.8913297 1.5979998 1.9572231 1.9948373 2.2472896 2.1735191 2.2358975 2.2939056 2.4129265 2.8002039 2.3963258 2.1499639 2.6073826 2.3135515 2.0649075 2.3518167 1.8637515 2.4921679 2.5518359 2.4698288 0.0000010 2.5744652 0.0000010 2.9917866 2.9917866 2.4995950 2.5650045 2.5843834 2.3128524 3.4058868 2.0223107 2.3321715 2.1111175 2.7283050 2.7399574 2.4354692 2.3967032 2.4339272 2.4710040 0.0000010 2.3735944 2.4011295 2.4178303 2.4908626 2.0465234 3.8092712 3.7169278 3.3228631 0.0000010 3.2805130 3.7884611 6.1310529 2.3764112 2.4046134 2.4384912 2.4384912 3.1608983 2.6769878 0.0000010 2.3798680 1.8284576 2.1022261 2.2506869 2.3298400 2.6201299 2.1328444 3.1585832 2.5296105 2.2169008 2.6054325 2.1415720 2.2826998 2.3001332 2.3336557 2.3364973 2.3048277 2.3123152 2.4354244 2.4354244 2.3899714 2.0250931 9.0000000 1.7690932 4.7848553 4.7848553 2.4449880 2.4449880 2.1562735 2.1528670 2.1429258 2.4556148 2.9556625 2.9556625 4.8243276 1.8176703 2.2041475 2.3764597 2.4221699 2.3485704 2.3485704 2.6540640 2.0562148 2.3210387 2.3269247 2.4562076 2.2285600 2.4512882 2.1883847 1.9286972 2.2139683 2.4118198 2.4342443 2.5411356 2.2746406 0.0000010 5.8604860 5.4936021 5.3814669 1.3661845 4.1823929 6.0983347 3.6431847 3.1307065 2.8213625 2.7039987 2.6634500 4.1775285 4.7714522 2.7154326 2.8958552 3.8175784 3.9057141 
Didcos_EP00039_Didymoeca_costata_P028593                         1.2457765 0.6362853 0.7001954 0.7159491 0.6429694 0.0000000 1.8387933 1.9089978 1.9248904 1.8498701 1.9828466 2.0119491 2.0211172 1.9859449 0.0000010 1.4571477 2.3347210 1.9326666 2.2818140 2.0175947 6.3592009 2.0801860 2.6312587 2.6023764 3.0073251 1.7666206 1.5397124 2.2202152 2.1735267 2.8194214 2.9207202 2.7557162 1.7968944 2.2034781 2.1055144 2.2180141 2.1135965 2.4997336 2.5771468 3.1970902 2.9646439 2.1019629 2.1801683 2.6623024 2.2802470 2.1772860 2.4275227 2.0037189 2.6889992 2.7784167 2.6002439 0.0000010 2.5394960 1.5888124 0.0000010 1.8422493 2.3566479 2.3740838 2.4305176 2.2464211 3.1255089 1.9522594 2.0966458 2.2533735 2.6467640 2.9910012 2.4499512 2.5085044 2.5284603 2.4600038 2.0874065 2.5094772 2.4196492 2.4815521 2.6257915 1.8997195 1.2156268 1.5914154 2.3523795 0.0000010 1.2397380 2.0472604 7.4301699 2.5292845 2.5463392 2.4045848 2.4159861 2.2178652 0.0000010 1.5106766 2.3797848 1.5961543 2.0510943 2.3900079 0.0000010 2.4706371 2.1913954 3.2983835 2.6932312 1.8870373 1.8789517 2.1813778 2.3515735 2.3512184 2.3603638 2.3700680 2.4223676 2.3718352 2.5957993 2.5957993 2.4720153 1.3849997 4.4602057 1.9090628 8.9999985 5.2413594 2.6105547 2.6105547 1.8949745 1.4086631 1.4051227 2.5097116 3.1625320 3.1625320 7.5924979 0.0000010 2.1999944 2.5086831 2.8517182 2.6430829 2.6430829 2.9886107 2.4683582 2.4367542 2.2821270 2.5525888 2.2221715 2.4820152 2.4331599 2.0020494 2.1412285 2.5126832 2.4897294 2.5769182 2.3031987 1.3447879 5.8577342 5.6480405 5.3871784 3.6118423 5.2512432 5.4763083 3.3302971 3.0061864 3.1463923 2.7607297 2.9017634 9.0000000 2.3084534 2.7305142 2.4664328 4.1140859 4.1425973 
Salurc_EP00051_Salpingoeca_urceolata_P026413                     1.3263932 1.8082827 1.7978018 1.7716406 1.8588022 1.8387933 0.0000000 0.5368242 0.5725521 0.5690481 0.6478656 0.6412614 0.5942960 0.5855249 0.0000010 0.0000010 1.6813961 1.4636667 1.5598538 1.6109536 8.9247396 1.6238796 2.2533097 2.1895459 2.4949521 2.1674253 1.5150695 1.2429652 1.6974390 2.3459709 2.3651130 2.4441218 1.2421384 1.9084656 1.7116409 1.8268530 1.8700952 1.4520422 1.5384422 1.7893087 1.6113994 2.1063696 1.6972594 2.0632989 1.6679464 1.6445038 1.7594438 1.4368279 1.8799058 1.9631688 1.8997736 0.0000010 1.8788342 0.0000010 0.0000010 0.0000010 1.9289594 1.8813738 1.8771992 1.8267410 2.3965560 1.3098445 2.3001797 1.7394654 2.1192515 2.2193796 1.8080190 2.0196610 2.0484190 1.8919959 0.0000010 2.0721272 2.0288617 2.0796929 2.0659024 1.0914015 1.6503580 1.6503580 1.6503580 0.0000010 1.6503580 1.6503580 5.9193564 1.9157505 1.9466501 1.7902970 1.7902970 1.6503580 0.0000010 0.0000010 1.8186544 1.5199878 1.6730662 1.6555177 1.6503580 2.0340288 1.7014486 2.3079365 2.0045946 1.1907764 1.6503580 1.8371673 1.6926671 1.6953823 1.7345584 1.7322788 1.8087744 1.7297856 1.9800757 1.9800757 1.8557212 1.6503580 4.9576237 1.4241114 8.9999985 8.9999985 1.9043764 1.9043764 1.6503580 0.8376305 0.8154424 2.0359978 7.2978905 7.2978905 8.9999986 1.6503580 1.7521498 1.9672524 2.2522702 1.8258920 1.8258920 2.0832413 2.0864158 1.5926400 1.8410979 2.0391433 2.1919814 1.8140771 1.6251380 1.7082827 1.7672877 1.8840701 1.9733571 2.0052951 1.8995634 0.0000010 4.7918963 5.0317106 4.9626986 0.0000010 4.1428092 4.0781297 4.6309387 3.2578878 3.3492933 1.9608598 2.2121832 1.9711354 1.6895858 2.7056962 2.4490241 4.2024193 4.3921096 
Chofle_EP00730_Choanoeca_flexa_P013244                           1.2259012 1.7651220 1.7695478 1.8890249 1.8125970 1.9089978 0.5368242 0.0000000 0.0910597 0.2420076 0.5155074 0.5399823 0.6270910 0.6375965 0.0000010 0.0000010 1.6886658 1.6299269 1.5862835 1.6372579 7.0081209 1.7158149 2.3175582 2.3983680 2.6161586 2.3485918 1.5100422 1.2621353 1.7631492 2.3066389 2.2125888 2.2105605 1.2625501 1.9420535 1.9230783 2.0432863 1.8382685 1.6536954 1.9462650 1.9332333 1.7983088 2.3767364 1.7814233 2.1128791 1.7493104 1.6544083 1.8630486 1.5027803 1.9146498 1.9761682 1.9275665 0.0000010 1.9297613 0.0000010 0.0000010 0.0000010 1.9368990 1.8972975 1.8744388 1.7351297 2.2572881 1.5316937 2.4289363 1.6982000 2.3262781 2.2336602 1.8638958 1.9968509 1.9447013 1.9924524 0.0000010 2.0980948 2.0670894 2.0367876 2.0573602 0.7744253 1.6503580 1.6503580 1.6503580 0.0000010 1.6503580 1.6503580 5.2936819 1.9689657 1.9781812 1.8253439 1.8253439 1.6503580 0.0000010 0.0000010 1.7167571 1.6236300 1.7538069 1.6629134 1.6503580 1.9864778 1.7059749 2.2788599 2.1600339 1.1907764 1.6503580 1.7801925 1.8719583 1.8276722 1.8599523 1.8621187 1.8732720 1.8111329 2.2126233 2.2126233 2.0080371 1.6503580 8.9999986 1.4200055 5.3338642 5.3338642 2.0734687 2.0734687 1.6503580 1.0679176 1.0342858 2.0511639 4.5923085 4.5923085 9.0000000 1.6503580 1.9942797 2.0575071 2.4600327 1.9041766 1.9041766 2.1337699 1.7410639 1.6278620 1.9519613 2.1633600 2.1392096 1.9358211 1.8642030 2.0277207 1.7944653 2.0719487 2.1289772 2.0940976 1.8380788 0.0000010 5.0837174 4.1406085 4.3323974 0.0000010 3.7284606 3.6789491 4.3335251 2.9686093 3.4804942 2.2279768 2.2060561 2.8125556 3.3237102 2.9607834 2.4529114 4.1587536 4.2636560 
Choper_EP00045_Choanoeca_perplexa_P001604                        1.3357311 1.8958555 1.9827205 2.0587367 2.0153164 1.9248904 0.5725521 0.0910597 0.0000000 0.2604041 0.5471864 0.6232266 0.6655654 0.7016430 0.0000010 0.0000010 1.6258319 1.6684658 1.6876443 1.6137179 8.8405384 1.5613306 2.0119213 2.2035885 2.1818424 0.0000010 0.7959706 1.2743173 1.7520719 2.1580783 2.0183084 1.9933727 1.1240992 1.9581365 1.9739743 1.9366742 1.7080502 1.7360709 1.9788154 2.0490827 1.8147603 0.0000010 1.8372276 2.2225256 1.7446588 1.6129272 1.8148905 1.2911488 2.0646567 2.1676544 1.9737563 0.0000010 1.8551487 0.0000010 0.0000010 0.0000010 2.0060318 1.9354537 1.9125701 1.7022798 2.4806889 1.2401541 3.0388670 1.8233062 2.3435554 2.2469310 1.9569119 2.1597939 2.0649979 1.9099353 0.0000010 2.1812434 1.9855276 2.0169346 2.0060502 0.8459724 0.0000010 0.0000010 0.0000010 0.0000010 0.0000010 0.0000010 5.2158734 2.0178313 2.0307650 1.8119496 1.8119496 0.0000010 0.0000010 0.0000010 1.8084323 1.2883638 1.7082655 1.5899217 0.0000010 1.9022843 1.6786775 2.3483475 2.1544479 1.0522173 0.0000010 1.7253204 1.8702807 1.8249815 1.8527767 1.8555789 1.9118032 1.7907664 2.1682048 2.1682048 2.0372590 0.0000010 0.0000010 1.4342826 6.0520233 6.0520233 2.1071270 2.1071270 0.0000010 0.0000010 0.0000010 2.1433118 4.9439757 4.9439757 9.0000000 0.0000010 1.7382565 1.8815462 2.3912166 1.8065513 1.8065513 2.1492735 1.7629438 1.5834816 1.9774439 2.3511831 2.1970353 1.8919646 1.9314030 2.5550785 1.8000240 2.0475340 2.0584657 2.1152806 1.7653693 0.0000010 4.8055283 4.1675128 4.7788784 0.0000010 3.7921885 3.7355540 4.6315707 3.8425792 2.9327900 2.1208964 1.8303571 3.1076494 3.7045067 2.9868743 2.4836312 4.2841219 3.7967637 
Mbre_EDQ85999                                                    1.3478417 1.8764703 1.9214270 2.0575052 1.8825832 1.8498701 0.5690481 0.2420076 0.2604041 0.0000000 0.5032468 0.5512168 0.6507885 0.6874568 0.0000010 0.0000010 1.7391464 1.6355077 1.5686081 1.6933233 7.0081209 1.6844086 2.2570799 2.3856365 2.5096638 2.2531894 1.6036615 1.2765482 1.8311868 2.3306043 2.2945954 2.2408749 1.2680988 1.9173924 1.8592145 1.9238135 1.8887651 1.7176265 2.0524139 2.0048029 1.7357841 2.7712627 1.8231463 2.1997251 1.8426912 1.7683104 1.9035755 1.6581935 2.1371634 2.1734371 2.0588065 0.0000010 2.0172422 0.0000010 0.0000010 0.0000010 1.9425197 1.8666323 1.9160304 1.8861400 2.2505355 1.5197753 2.3666222 1.7768194 2.2364504 2.4716893 1.8888050 2.0314894 2.0509804 1.9283283 0.0000010 2.1014654 2.0784720 1.9850783 2.0960735 0.7492797 1.6503580 1.6503580 1.6503580 0.0000010 1.6503580 1.6503580 5.6490917 1.9729471 1.9778792 1.8859907 1.8859907 1.6503580 0.0000010 0.0000010 1.7937970 1.6375725 1.8737336 1.7545850 1.6503580 1.9532161 1.6891170 2.5068954 2.2238290 1.1907764 1.6503580 1.7876098 1.7838080 1.7491652 1.7791905 1.7812712 1.8312593 1.7537664 2.1798973 2.1798973 2.0129431 1.6503580 8.9999981 1.4781510 5.4413834 5.4413834 2.1492871 2.1492871 1.6503580 0.9046742 1.0599559 2.1966943 4.9026383 4.9026383 9.0000000 1.6503580 2.1403239 1.9826671 2.2710669 1.9720634 1.9720634 2.0051096 1.9221541 1.6406462 1.9373092 2.1751477 2.2509246 1.9324167 1.8755916 1.9258199 1.9005296 2.0795414 2.1445763 2.1590722 1.8774920 0.0000010 5.4977317 4.1910104 4.4187692 0.0000010 3.9725911 3.7727231 4.8045530 2.9418965 3.2531851 2.1784915 2.2505508 7.0801933 3.8186042 2.6890529 2.3201136 3.9171161 3.9928423 
Microa_EP00043_Microstomoeca_roanoka_P016947                     1.3957641 2.0671087 2.0821074 2.0067189 1.9996912 1.9828466 0.6478656 0.5155074 0.5471864 0.5032468 0.0000000 0.2605485 0.6359666 0.6888306 5.1605977 8.9999987 2.0490786 1.9561507 2.0640425 2.0538924 3.7646160 2.0658526 2.6601138 2.6372736 2.8785650 2.5891807 2.0900728 1.3890138 2.2436598 2.7264088 2.6435401 2.6053300 1.3234353 2.1440038 1.9811829 2.1365556 1.8923706 1.7857732 2.0743853 2.0123721 2.3653742 3.3455750 2.0900123 2.2672450 1.9748313 1.8666436 2.0096080 1.7889112 2.1363565 2.1561593 2.1491802 5.6620404 2.1079407 9.0000000 2.7797771 3.5924738 2.1543929 2.0791713 2.0638770 1.9703197 2.5222088 1.6428130 2.5655483 2.0715406 2.0789564 2.3650987 1.9464495 2.2325962 2.1221880 2.1944295 4.2561208 2.5435148 2.3876587 2.3754392 2.5964839 4.7399867 3.9168525 4.1920087 4.8507356 2.6601531 5.6870805 5.0283043 5.6933028 2.2229258 2.2372862 2.1961254 2.1252527 4.6403724 1.6640518 3.1253766 1.9943590 2.3025937 1.9911346 1.9097991 3.5615458 2.2196825 2.0215868 2.7781365 2.3347375 4.4962397 4.9831075 2.0495448 2.0341032 1.9899303 1.9927536 1.9949945 2.1234254 2.0151130 2.2547283 2.2547283 2.3744644 4.7804497 5.6577757 1.6557826 4.4585278 4.7538687 2.3820364 2.3820364 4.5623432 2.5898260 2.5644026 2.4541717 5.3149360 5.3149360 5.0459507 3.1054536 2.1713049 2.2081674 2.4740084 2.2417744 2.2417744 2.0701402 1.9446597 1.8424473 2.0059243 2.2160519 2.3539141 1.9193693 1.8594261 1.9429059 2.2532939 2.1542534 2.1886139 2.2133299 2.0934187 6.1649218 5.8547751 4.5061262 4.9779453 7.5538549 4.2281464 4.8963837 4.5193876 3.2437564 4.1658113 2.0954382 2.3893764 5.7720640 4.4572328 2.9443352 2.4734211 3.7818540 4.4176409 
Sros_EGD80106                                                    1.4891544 1.9666074 1.9677054 1.8781852 1.9589921 2.0119491 0.6412614 0.5399823 0.6232266 0.5512168 0.2605485 0.0000000 0.6939746 0.6547672 0.0000010 0.0000010 1.8782845 1.6151081 1.8528093 1.7242420 7.0081209 1.7290782 2.4770175 2.4036823 2.6184481 1.9540267 1.5485781 1.3823121 1.8452709 2.5017249 2.5026001 2.3679100 1.3085671 2.1687182 1.9279777 2.0543766 1.8100105 1.8636277 2.2356651 1.9985304 2.2009914 2.4911747 1.8554648 2.1838413 1.8250600 1.7522667 1.8724247 1.4627475 1.9641059 2.0380552 2.0492761 0.0000010 2.0016075 0.0000010 0.0000010 0.0000010 2.0022957 1.9683636 1.9014185 1.8463901 2.3187018 1.5200081 2.3335885 1.9307383 2.1724110 2.3599949 1.8791111 2.1184078 2.1831562 2.0730673 0.0000010 2.3485766 2.2263398 2.3204536 2.4201319 1.0914015 1.6503580 1.6503580 1.6503580 0.0000010 1.6503580 1.6503580 6.4258754 2.0543536 2.0774694 1.9338685 1.9338685 1.6503580 0.0000010 0.0000010 1.8671067 1.6597494 1.9008917 1.8058579 1.6503580 2.0650520 1.8729961 2.5036703 2.1039199 1.1907764 1.6503580 1.9405199 1.9016022 1.8761922 1.8986253 1.9010287 1.9616208 1.9209447 2.1586661 2.1586661 2.1763484 1.6503580 4.2257256 1.6428836 6.8669124 6.8669124 2.1789619 2.1789619 1.6503580 1.0653638 1.0342858 2.2330420 5.0754757 5.0754757 9.0000000 1.6503580 1.8899403 2.1476120 2.4371598 2.1347001 2.1347001 2.0853213 2.1391458 1.7424699 1.9995118 2.2231470 2.4723504 2.0081375 1.8234411 1.7741786 1.9403330 2.1964040 2.2306623 2.1846747 1.9972466 0.0000010 5.3006521 5.3620820 5.2608106 0.0000010 4.2563989 4.9668277 5.7583647 3.1058312 3.3997135 2.0833213 2.4573799 8.9999984 1.6895858 2.7410066 2.5410748 4.1302841 4.3314703 
Saldol_EP00054_Salpingoeca_dolichothecata_P026177                1.4924182 1.9664426 1.9474531 2.0105963 2.0296080 2.0211172 0.5942960 0.6270910 0.6655654 0.6507885 0.6359666 0.6939746 0.0000000 0.7097287 0.2636854 9.0000000 1.8010050 1.6437973 1.6357008 1.7155154 4.0501505 1.6910288 2.6420876 2.5629916 2.5426136 2.0546039 1.5191032 1.3511788 1.8067983 2.3462927 2.4207630 2.3981762 1.2079446 1.9866402 1.8518904 1.9111176 1.8572246 1.5781439 1.8388871 2.0238920 1.7057710 2.5439427 1.6586319 2.1373869 1.8026698 1.8021023 1.8848555 1.6261221 2.0388572 2.0568318 1.9536543 0.0000010 1.8794252 8.0892282 0.6090147 1.5328593 2.0104856 1.9598146 1.9634065 1.8944125 2.5024650 1.5487046 2.2884187 1.7095726 2.3509714 2.2707110 1.6356511 1.9428736 1.9406860 1.9664594 2.8785745 2.1607250 2.0760936 2.1311036 2.2106251 1.9221761 2.5138507 2.0468380 5.9015482 0.6615421 3.6500843 3.5459791 5.6784104 1.9417753 1.9613675 1.8517084 1.8312247 3.3534382 0.6615421 3.8464652 1.6556267 1.6231405 1.5928548 1.6957087 5.9015482 1.9230739 1.6132063 2.2365625 2.0623155 2.5581792 3.2091725 1.8579287 1.8540926 1.8568858 1.8789806 1.8812919 1.9681920 1.8817333 2.2082825 2.2082825 2.1044687 3.3371922 6.0581512 1.2579042 6.3494512 6.3494512 2.1904076 2.1904076 2.9396866 1.5151529 1.5050315 2.1557687 3.8921005 3.8921005 7.0001355 1.5865183 1.8679592 2.0788584 2.6179561 2.0842127 2.0842127 2.1475150 1.6737476 1.4849601 1.9543008 2.2630361 1.9175033 1.7242080 1.7098922 1.8804426 1.8176471 1.7853056 1.9588716 1.9774898 1.9558273 0.0000010 4.9342987 4.5973101 4.6692280 9.0000000 4.1422666 4.5586081 4.6370173 3.1117513 3.3629336 2.0077227 2.2036029 3.0027024 3.2150120 2.7193810 2.3791871 3.7016371 4.4560099 
Salmac_EP00052_Salpingoeca_macrocollata_P034577                  1.5216319 1.9625137 1.9360251 1.9933676 2.1360231 1.9859449 0.5855249 0.6375965 0.7016430 0.6874568 0.6888306 0.6547672 0.7097287 0.0000000 2.0455870 0.0000010 1.9846323 1.7188209 1.7501084 1.7459796 3.4873069 1.8407806 2.4266717 2.4818775 2.6945947 2.8076104 1.7222977 1.3963517 1.8868619 2.4270162 2.4010718 2.5394660 1.2719081 1.9489001 1.7688676 1.8886099 1.9918352 1.5885127 1.9574705 1.8225300 1.7069371 2.9260172 1.8758587 2.0710295 1.7252912 1.6808146 1.8245570 1.6996248 1.9796536 2.0429811 2.0695365 0.0000010 2.0531004 0.0000010 1.6926159 1.1855146 1.9990481 1.9696573 2.0030998 1.9170591 2.3359898 1.7932079 2.7214824 1.9378557 2.2069174 1.9744558 1.8366798 2.1379843 1.9099671 1.9701111 1.0249054 2.2629430 2.1589623 2.1550006 2.2985123 1.9969377 2.2518649 2.6105638 5.0554301 2.1002792 3.0144208 2.8654241 6.3591954 2.2272326 2.2352726 2.0636745 2.0747159 2.4408498 2.1002792 0.0000010 1.8413785 1.8868185 1.7479903 1.7051861 3.6996366 2.0583148 1.8140250 2.3817778 2.2226395 1.9612514 2.4748197 1.7325598 1.9135432 1.8759200 1.8954298 1.8970384 2.0760183 1.9638718 2.3316870 2.3316870 2.2844989 2.5002136 4.9406899 1.6293982 2.8624177 2.8624177 2.1596845 2.1596845 1.8738190 1.5884590 1.5342469 2.4197474 3.0330636 3.0330636 3.9837992 2.8989299 2.2063005 2.2204565 2.4871763 2.0794458 2.0794458 1.9934535 2.1029285 1.6817626 2.0901745 2.3453265 2.4334878 1.9479145 1.9242779 2.3114528 2.0257792 2.2363176 2.0697174 2.1605790 2.0443702 0.0000010 5.4192174 4.1640220 4.1572519 0.0000010 3.9063907 4.2055545 3.4519503 3.7937504 3.5361502 1.8216738 2.2457070 3.8215750 3.2141747 2.9127704 2.3612549 3.8995082 4.2786088 
Lcom_lcpid211525                                                 0.0000010 0.0000010 0.8506650 0.0000010 0.0000010 0.0000010 0.0000010 0.0000010 0.0000010 0.0000010 5.1605977 0.0000010 0.2636854 2.0455870 0.0000000 0.5765819 0.9794394 1.0077146 0.8921901 0.9813500 1.3587499 0.9002330 0.7565052 0.7753085 0.8636797 1.3985289 1.5549026 0.0000010 1.0298571 1.2589898 1.2775980 1.0169156 0.0000010 0.0000010 0.0000010 0.0000010 8.0469676 0.0000010 0.0000010 0.0000010 0.0000010 2.2354332 2.0952739 2.0669061 2.2315862 2.1797693 2.1036101 2.2157900 2.1880987 2.2151284 2.0542595 2.7661405 2.2505658 0.0000010 2.3333486 2.2911668 2.3149815 2.3929103 2.4836298 2.3938170 3.4281720 0.0000010 2.1740047 2.3113771 0.0000010 0.0000010 0.0000010 2.4640570 0.0000010 0.0000010 2.1197926 2.2275101 2.2956369 2.6730994 2.5213611 1.9901819 1.9317915 2.3073688 3.1826054 1.4718091 1.9381923 1.7795990 2.0518522 2.0382394 2.0382394 1.9803643 1.9803643 2.3220192 1.9196296 1.9716473 2.2995396 2.2788122 2.2106224 2.1686499 1.9949321 2.3146423 2.1448965 2.4065099 2.1267953 2.1503283 2.0798898 2.0216472 2.3287853 2.2515590 2.1545711 2.1629958 2.2366816 2.2366816 0.0000010 0.0000010 2.3070378 2.3070378 1.7443276 3.4379075 2.0910542 2.0910542 2.0857513 2.0857513 2.0857513 2.1652893 2.1652893 2.2048504 2.2048504 2.2048504 2.2280708 2.3351463 2.3031337 8.3449217 0.0000010 0.0000010 0.0000010 0.0000010 0.0000010 1.9639197 0.0000010 0.0000010 0.0000010 0.0000010 0.0000010 0.0000010 9.0000000 0.0000010 0.0000010 0.0000010 3.2881204 0.0000010 7.0645643 3.0855219 3.4520752 8.9999984 2.6272573 3.3908586 2.3602532 0.0000010 0.0000010 0.0000010 6.0296949 2.1449225 3.2350789 0.0000010 0.0000010 0.0000010 3.3069572 
Codhol_EP00042_Codosiga_hollandica_P038978                       0.0000010 0.0000010 3.0000603 0.0000010 0.0000010 1.4571477 0.0000010 0.0000010 0.0000010 0.0000010 8.9999987 0.0000010 9.0000000 0.0000010 0.5765819 0.0000000 0.6754380 0.6822412 0.7920094 0.7810938 0.0000010 0.6566728 0.6292091 0.6932799 0.7089908 0.0311993 0.5950693 0.9314549 0.7530995 0.7098698 0.6991338 0.7331627 0.0000010 2.0111185 3.3752532 2.6543048 0.0000010 0.0000010 0.0000010 0.0000010 0.0000010 1.5167156 1.5291077 1.4815303 1.4962988 1.5010119 1.4925604 1.4807367 1.3879091 0.0000010 1.3171208 3.5959469 1.4954267 1.5927959 4.1705482 1.6234696 1.5307555 1.5085015 1.3704094 1.7948729 0.9654909 0.0000010 1.5627880 1.6191957 0.0000010 2.6485134 0.0000010 1.4700331 0.0000010 1.4623625 1.6446739 1.7342713 1.5460273 0.0000010 1.7283457 1.6299220 1.5784083 1.5795781 0.0000010 1.4276817 1.5505628 1.4185127 1.4330522 1.5205946 1.4072981 1.5869565 1.9608415 1.5212106 3.0093314 1.5959694 1.4398403 1.4782091 1.5014365 1.4340257 0.0000010 1.4412138 1.5692536 1.5050687 1.6291658 1.6730911 1.6440746 1.8200413 1.4975450 1.4910439 1.4706778 1.4159331 1.4159725 1.4159725 6.0667085 9.0000000 1.9033612 1.9033612 1.8947330 0.0000010 1.6726814 1.6636377 1.9155236 1.9155236 1.9155236 1.7760351 1.7760351 1.7781821 1.7781821 1.7781821 1.8897748 2.1017431 1.7715906 2.4756880 0.0000010 0.0000010 0.0000010 0.0000010 0.0000010 3.6319761 0.0000010 0.0000010 0.0000010 0.0000010 0.0000010 0.0000010 3.1052125 9.0000000 0.0000010 0.0000010 3.6077403 1.3185719 2.0746173 1.5272647 1.7238690 1.7822528 1.9361722 1.7448466 1.6638530 0.0000010 3.0369807 0.0000010 2.3017102 0.0000010 1.7105424 0.0000010 0.0000010 0.0000010 4.2193241 
Mylflu_EP00047_Mylnosiga_fluctuans_P001982                       2.0009872 2.3706122 2.5520477 2.3312936 2.4179483 2.3347210 1.6813961 1.6886658 1.6258319 1.7391464 2.0490786 1.8782845 1.8010050 1.9846323 0.9794394 0.6754380 0.0000000 0.8765096 0.7755255 0.9391714 0.8489768 0.7822590 1.2238578 1.2013740 1.1977096 0.8712152 0.9335723 1.5833857 1.0700996 1.2197306 1.2435583 1.2532831 1.0979898 1.4601473 1.4437679 1.5516293 1.5698091 1.3055918 2.0490335 1.9086345 1.9396794 1.4753779 1.5741426 1.7389209 1.5863914 1.5709983 1.6448269 1.3315588 1.7576550 1.9847951 1.6366757 1.5415925 1.7163886 1.2841569 2.1276049 1.5195303 1.7843889 1.7001657 1.7092700 1.7097258 1.7430450 1.3841157 1.4699808 1.5948735 1.9617295 2.5749901 1.9077868 1.6005218 2.1082321 2.0363440 1.5410006 1.9257116 1.8716354 2.0794559 1.8935588 1.7140004 1.6990260 1.7410916 2.1362234 1.3341736 1.4540477 1.3925972 2.9805076 1.7549332 1.7274538 1.7680632 1.8113065 1.5734847 1.4509451 1.3438797 1.7018298 1.5305478 1.7383293 1.6280615 1.4950299 1.7665697 1.8154088 1.9017941 1.8312478 1.4379207 1.5630399 1.8045557 1.6529398 1.6394087 1.5919380 1.5820864 1.5688829 1.5872958 2.2859612 2.2597312 2.0813683 1.9169912 2.1743182 2.1921971 1.9940779 1.9268007 2.0120841 2.0120841 1.7562713 1.8243136 1.8243136 2.1591461 2.0802958 2.0802958 1.9916349 1.8720514 2.3818943 2.2194261 2.6804575 2.3100954 2.3100954 2.3021849 2.8678727 1.8589904 1.8144376 1.7269922 2.2874817 1.9189950 1.6166402 1.9449407 2.4481408 1.7923430 1.9286724 1.8532661 1.7752494 1.6064223 4.2578885 2.0414754 1.9428393 1.7721268 1.9250862 2.1539795 2.0341499 1.7271711 2.5536325 2.3224465 2.6882409 1.5724613 2.0406799 2.2508776 1.8835310 3.8076617 3.8046940 
Salkve_EP00050_Salpingoeca_kvevrii_P013773                       2.0866472 2.3650827 2.4561088 2.2863247 2.1644974 1.9326666 1.4636667 1.6299269 1.6684658 1.6355077 1.9561507 1.6151081 1.6437973 1.7188209 1.0077146 0.6822412 0.8765096 0.0000000 0.9515530 0.9957944 0.8976863 0.9734010 1.1554279 1.1611358 1.1703024 0.9144800 1.0376757 1.4107043 1.0324310 1.2224496 1.2622626 1.2867166 1.0876332 1.5464939 1.5917005 1.7867394 1.7400140 1.2644926 1.8865091 2.0714049 2.3342206 1.4770793 1.5231623 1.6702265 1.5219677 1.5165670 1.6109673 1.3653828 1.6947713 1.8635442 1.5864147 1.8177139 1.5992165 1.3707757 1.9382685 1.6562693 1.7555610 1.6929099 1.6869925 1.6173605 1.7812313 1.2950747 1.6155677 1.7002946 1.6397995 2.4373611 1.6477842 1.6735386 2.0347087 1.6613718 1.6365043 1.8056409 1.7110017 1.8611994 1.8570921 1.6024232 1.5823662 1.6500734 1.9193504 1.5466472 1.4997736 1.4232492 3.1721262 1.6661310 1.6639260 1.5151257 1.5616074 1.6021454 1.5139292 1.3208541 1.6185277 1.4311667 1.6011048 1.5084891 1.2818752 1.7577683 1.6245597 1.7769581 1.7622681 1.4076345 1.5030309 1.6115137 1.6192858 1.6009645 1.5882039 1.5806949 1.6055379 1.6329649 1.9439022 1.9263526 1.8843505 1.8475291 2.1238785 1.8521320 1.9498034 1.8910121 1.8372036 1.8372036 1.8016399 1.7790989 1.7780322 1.9478510 1.9803364 1.9803364 1.9681237 1.7763467 2.2965753 2.0537525 2.0882225 1.9125918 1.9125918 1.9150845 1.9997118 1.7049423 1.6740554 1.7480974 2.3639610 1.7896014 1.8855258 2.3683995 2.6957256 1.8052027 1.8608721 2.0999460 1.7363581 1.2093303 4.1399942 2.0221834 2.0640355 2.0541359 2.0505191 2.2161381 2.0967571 2.0217141 2.4908147 2.1113754 2.4099225 1.4823785 2.0912160 1.9291335 2.0542557 3.6462530 3.8162134 
Salpun_EP00053_Salpingoeca_punica_P016136                        1.7202505 2.2260651 2.1927425 2.2563764 2.1632317 2.2818140 1.5598538 1.5862835 1.6876443 1.5686081 2.0640425 1.8528093 1.6357008 1.7501084 0.8921901 0.7920094 0.7755255 0.9515530 0.0000000 0.9228936 0.8803249 0.6748512 1.1809067 1.2165940 1.1441186 0.9282596 0.9675991 1.3300544 0.9972164 1.2235285 1.2662644 1.2051654 1.1254371 1.4201301 1.4011357 1.4498538 1.5575626 1.1863078 2.1893579 1.8030149 1.8685158 1.4928339 1.4625788 1.7105461 1.5793074 1.5004432 1.5824887 1.3337731 1.6989376 1.7426066 1.5393449 1.9163444 1.6627968 1.7133750 2.0063372 1.5985593 1.7642833 1.6585675 1.6529679 1.5978840 1.7497520 1.2098455 1.5258455 1.6432109 1.7388351 2.3810556 1.4561551 1.6307341 1.9799554 1.6065672 1.6752591 1.7194284 1.6171246 1.6603100 1.7799340 1.6768731 1.6625306 1.7418932 1.9562012 1.2672824 1.3297969 1.3383976 3.0948242 1.6757696 1.6506325 1.6355322 1.6476946 1.5854880 1.6734840 1.2530040 1.5262926 1.4605375 1.6167085 1.5845828 1.3877190 1.6118082 1.6492153 1.8671351 1.6797650 1.4763193 1.6198411 1.7612494 1.5196696 1.4992427 1.5130506 1.5066093 1.4401083 1.5057830 1.8720653 1.8445331 1.8954850 1.8745760 2.1959350 1.4442223 1.9342429 1.9539284 1.8601149 1.8601149 1.8020309 1.7581441 1.7581441 1.8547539 2.0278908 2.0278908 1.9252958 1.6944882 2.2385071 1.9068979 2.2316812 1.9767719 1.9767719 1.9169514 1.9525574 1.5696480 1.6470879 1.5779897 2.2620498 1.7564489 1.5923727 2.2925576 2.2814247 1.9251389 1.9294145 1.7443317 1.5834827 1.5318180 3.9653765 2.1281794 2.0155435 2.0027505 1.9860570 2.1615963 2.2839915 2.1866254 2.4137412 1.9869603 2.2462078 1.7207329 2.0366903 2.0990437 1.9115344 3.8691038 3.4147424 
Saldol_EP00054_Salpingoeca_dolichothecata_P025803                1.7253262 2.0435901 2.0915189 1.9362101 1.8512503 2.0175947 1.6109536 1.6372579 1.6137179 1.6933233 2.0538924 1.7242420 1.7155154 1.7459796 0.9813500 0.7810938 0.9391714 0.9957944 0.9228936 0.0000000 0.1179270 0.8942271 1.1355298 1.1542779 1.0594657 0.8944495 0.9452543 1.3393529 0.9883623 1.1906940 1.2623637 1.2222516 1.0586044 1.3442888 1.4451570 1.5814816 1.4430630 1.1143589 1.6635956 1.4115834 1.8598261 1.3251077 1.4106804 1.6960546 1.5253684 1.4830071 1.5537777 1.3245602 1.7064543 1.8234346 1.6125737 2.0884865 1.6462502 1.6772488 2.1965288 1.6116305 1.7224495 1.6577784 1.7169118 1.6000714 1.8103750 1.2589109 1.6317528 1.4935064 1.9031720 2.4730400 1.5722712 1.6279118 1.9158019 1.6970601 1.7760697 1.7024584 1.6663799 1.7120777 1.7826767 1.5915002 1.5261432 1.5931470 1.5551187 1.4128074 1.4738858 1.3653880 3.0015318 1.6514169 1.6344252 1.6520822 1.6378904 1.5427353 1.5928526 1.3975790 1.5056767 1.4639820 1.5734299 1.5506317 1.4435887 1.6034165 1.5824299 1.9366366 1.7663113 1.4799003 1.5065066 1.6355043 1.5783400 1.5544576 1.5581458 1.5458871 1.5448546 1.5767223 1.8754855 1.8491952 1.8141618 1.8311384 1.9650121 1.5638744 1.8503978 1.7810532 1.7760861 1.7760861 1.7408880 1.6206640 1.6202810 1.7892278 1.8929385 1.8929385 1.9012435 1.7882922 2.4773150 2.0923255 2.1304117 1.9637816 1.9637816 1.5302309 1.5350758 1.6441287 1.6764152 1.6350153 1.8102191 1.5321288 1.5058255 1.8245768 2.4586118 1.7764105 1.7519395 1.7035507 1.6899210 1.9774459 4.2118499 2.1270513 2.1347426 1.8762774 2.0128934 2.2220270 2.0116441 1.9608774 2.3878475 2.0061193 2.3996631 1.7047861 1.9443011 2.1156695 2.4559410 3.6897975 3.5674052 
Saldol_EP00054_Salpingoeca_dolichothecata_P025804                0.0000010 4.2777040 6.6407816 4.8450263 3.5263668 6.3592009 8.9247396 7.0081209 8.8405384 7.0081209 3.7646160 7.0081209 4.0501505 3.4873069 1.3587499 0.0000010 0.8489768 0.8976863 0.8803249 0.1179270 0.0000000 0.7048940 0.7511514 0.8348383 0.8043423 0.8455387 1.1222011 4.5835802 0.7887824 1.0731713 1.2473599 0.9299994 5.5988832 8.1312184 8.1312184 8.0211326 2.8470655 4.9345638 0.0000010 0.0000010 0.0000010 1.4631364 1.4212980 1.5573867 1.5579533 1.5373127 1.5787625 1.5386600 2.4008464 2.1553787 1.5652846 2.2667084 1.6931651 0.4944223 2.1334967 2.1080822 1.9761866 1.8492411 1.8483400 1.8337389 1.8003004 1.3090624 1.7646940 1.7122111 5.6041639 8.9999984 3.4547569 1.5157387 8.6242565 4.8884096 1.3785906 1.6618775 1.5755038 1.7816197 1.8413178 1.6533133 1.4933648 1.5509355 1.5278308 1.9246732 1.6711681 1.3854346 2.4159377 1.4069571 1.4069571 1.5417338 1.5825950 1.4749649 1.4920250 0.8867040 1.7286691 1.5507867 1.7967977 1.6135422 1.4353231 1.8548082 1.6078529 1.8885809 1.6280845 1.5042771 1.3867405 1.6687067 1.7551653 1.7429738 1.6747639 1.6747639 1.7127283 1.7092099 8.9999987 8.9999987 1.9609247 1.8079464 2.5191435 5.7347176 1.7670105 1.7312218 1.9839307 1.9839307 1.8316432 1.7970937 1.7970937 2.0655632 1.8834876 1.8834876 1.9748150 1.7719606 2.7569214 3.7003087 0.0000010 7.1062742 7.1062742 9.0000000 0.0000010 3.1584888 5.1681046 5.9310512 0.0000010 7.9641717 8.9999983 0.0000010 6.5312323 0.0000010 8.2246631 8.2246631 4.0695362 0.2896239 5.2896393 1.9764539 1.9637405 3.4699022 1.7159981 2.1232977 1.6987992 0.0000010 1.5280206 7.7761841 4.5588697 1.7754341 2.7280595 0.0000010 0.0000010 0.0000010 2.8265944 
Salmac_EP00052_Salpingoeca_macrocollata_P021812                  2.0243243 2.1035962 2.2593929 2.2961363 2.1758817 2.0801860 1.6238796 1.7158149 1.5613306 1.6844086 2.0658526 1.7290782 1.6910288 1.8407806 0.9002330 0.6566728 0.7822590 0.9734010 0.6748512 0.8942271 0.7048940 0.0000000 1.1583738 1.1178234 1.1004812 0.9218764 0.9187664 1.2520597 0.9736502 1.2130488 1.2361121 1.2413235 1.3602502 1.4921640 1.4816336 1.6004041 1.4948932 1.1222792 1.8451001 1.7307032 2.3149590 1.4465149 1.4179587 1.6450394 1.5310403 1.5100932 1.5352922 1.3118982 1.6260700 1.8418597 1.5866873 2.0131840 1.5617318 1.1738722 2.3205959 1.6440420 1.7979931 1.7050747 1.6845746 1.6094265 1.8045940 1.3960317 1.5169857 1.5776983 1.9420044 2.2111887 1.5819300 1.5651563 2.0261558 1.8244438 1.4653865 1.7104497 1.6265273 1.7352941 1.6791655 1.5736051 1.4284167 1.5490718 1.9883001 1.2856126 1.4166078 1.2822958 3.2586364 1.6373630 1.6158272 1.4740261 1.5585955 1.5438294 1.6116375 1.3226946 1.5552718 1.4232388 1.6137339 1.5658810 1.3152507 1.6297937 1.6384733 1.7696271 1.7128775 1.3459508 1.5282205 1.7090156 1.4747581 1.4588879 1.4435584 1.4370864 1.4214688 1.4399592 2.1032154 2.0810644 1.8791499 1.8299822 2.1106452 1.4244880 1.9314267 1.9093436 1.8133368 1.8133368 1.7077733 1.7113063 1.7113063 1.9444270 1.9014765 1.9014765 1.9096153 1.7111968 2.3388138 2.0839250 2.4803158 1.9686380 1.9686380 2.3515890 1.7826104 1.6867069 1.9280089 1.9793047 2.4649626 1.9612753 1.6052494 1.9950712 2.2870412 1.9595019 1.8862175 1.9824033 1.6382540 1.1946838 3.9835486 2.0215839 1.9244329 1.8784071 1.9050475 2.1611611 2.1137919 1.6706606 2.2216833 1.8680680 2.4457592 1.6451438 2.1883581 2.1356842 2.0337525 3.4555854 3.3589463 
Microa_EP00043_Microstomoeca_roanoka_P028424                     3.4497858 2.9403378 2.9361845 2.6230755 2.5562459 2.6312587 2.2533097 2.3175582 2.0119213 2.2570799 2.6601138 2.4770175 2.6420876 2.4266717 0.7565052 0.6292091 1.2238578 1.1554279 1.1809067 1.1355298 0.7511514 1.1583738 0.0000000 0.3202215 0.8287551 0.9536918 1.0457984 1.8736206 1.1783889 1.1289816 1.0994636 1.0656979 1.6586854 2.1190494 2.2555512 2.0484559 2.0734363 1.8470929 3.0486543 2.6778354 1.9484659 1.5872466 1.8464721 1.9906277 1.9504544 1.8470763 1.9602128 1.5490848 2.0510107 2.3963066 1.9710854 2.4428598 2.1197047 1.2311749 2.3014546 1.7209983 1.9998597 1.9238000 2.0537583 1.8404771 2.1327591 1.7337633 1.7179043 1.9320333 2.1733372 3.3071470 2.6629404 2.0382141 2.6076494 2.5163525 1.7409945 1.9975404 2.0423885 2.1074055 2.0987908 1.5692056 1.4185649 1.4836909 1.6994540 1.5324101 1.5888368 1.4960686 3.1028959 1.8688173 1.8385875 1.9251329 2.0010371 1.5667272 1.5816405 1.3705142 1.9855613 1.6789011 1.8421647 1.8786807 1.4715203 1.9389926 1.8360836 2.1101351 2.1258447 1.4383124 1.4997017 1.8915917 1.8237351 1.8316603 1.8058033 1.8028527 1.7299043 1.8108980 2.7858505 2.7635281 2.2464876 1.8399452 1.9131645 2.5637271 1.8670529 1.8531659 2.1252669 2.1252669 1.7298005 1.7445781 1.7505371 2.1802004 1.9564163 1.9564163 1.8514390 1.7353570 2.7047450 2.6285142 3.3427561 2.6772659 2.6772659 2.5878634 3.4614354 2.1523470 2.6508913 2.7094630 3.6186757 2.5586263 2.4608373 3.6806986 3.4466807 2.7950421 2.4890653 2.6556231 2.1305142 1.5527653 4.9081847 2.1738443 2.2505759 1.9775647 1.8598243 2.2415760 2.3003838 2.7740690 2.7472318 2.4277997 3.1734349 1.7757955 1.9384029 2.5248144 1.3789883 5.1372180 3.5588492 
