119
Lcom_lcpid184113                                        0.0000000 0.0495271 0.0888942 0.0603828 0.0624037 0.5741233 0.6257048 0.6028562 0.5927109 0.6099961 0.5728259 0.5728259 0.5769427 0.7276551 0.5862251 0.5639928 0.6470141 0.5559746 0.5769677 0.5402638 0.6750661 0.5363631 0.5872450 0.5692082 0.5504066 0.5109965 0.5257063 0.4937084 0.6884843 0.5636011 0.5822822 0.5822822 0.5822822 0.5822822 0.6231894 0.6231894 0.5955323 0.5955323 0.5955323 0.5955323 0.5955323 0.5955323 0.5955323 0.5975423 0.5661355 0.5661355 0.5678298 0.5888949 0.6182793 0.5917482 0.5783458 0.6089048 0.6089048 0.6377193 0.5949442 0.5523893 0.4824524 0.5153166 0.5239076 0.5239076 0.5435423 0.6956767 0.5016156 0.4792569 0.5011889 0.4925277 0.5056517 0.5053154 0.5053154 0.5443991 0.7745558 0.6531033 0.7550287 0.7474053 0.6753140 0.4854907 0.5926082 0.5223729 0.5744329 0.5461896 0.5329908 0.5837137 0.5408333 0.5329775 0.5511484 0.6432209 0.6521095 0.7072342 0.6781310 0.5784154 0.5552897 0.5292679 0.5828368 0.6525237 0.6730094 0.6951927 0.7424224 0.5753601 0.7314381 0.6971500 0.6056406 0.5448538 0.6027314 0.7022764 0.9161376 0.6547526 0.8166114 0.7784922 0.9541701 1.0266656 0.9710060 0.8092402 0.9873272 0.6041601 0.6901370 0.6800635 0.8969273 1.0053349 0.9688771 
Lcom_lcpid147365                                        0.0495271 0.0000000 0.1285281 0.1275466 0.1468906 0.8384788 0.8962360 0.9131598 0.8367068 0.6489380 0.7699599 0.7699599 0.8804048 1.3791497 0.9216431 0.9006196 0.9325902 0.9098019 0.8548394 0.7747268 0.6650169 0.6189408 0.8172235 0.7454608 0.8256090 0.8460682 0.7191941 0.7609506 1.2060722 0.7617345 0.7794921 0.7794921 0.6435765 0.7013747 0.7512316 0.6908487 0.7943841 0.7943841 0.6511726 0.7958969 0.7822796 0.7822796 0.6877563 0.8049027 0.8038400 0.8038400 0.8110352 0.8341513 0.8798161 0.6606579 0.7324479 0.8187078 0.8476572 0.8539600 0.8229604 0.7531063 0.5127484 0.7039990 0.7200167 0.6784120 0.7406618 0.8761111 0.7857881 0.7578215 0.7809784 0.7838726 0.7870616 0.7920590 0.7920590 0.7928285 1.1019671 1.0312498 1.0106549 0.7811100 0.9183134 0.6966020 0.8312530 0.7867034 0.7372072 0.7237272 0.7811747 0.7146606 0.6874621 0.6551743 0.6621027 0.7896518 0.8801084 0.9606075 0.9412427 0.7868430 0.8258829 0.8229390 0.8499487 0.9287602 0.7144205 0.9078478 1.0758423 0.8874432 1.0038553 0.9613426 0.7661179 0.8343210 0.8304716 1.0562364 0.9420350 0.9357984 1.1339100 1.0144985 1.2125500 1.2711557 1.1805691 1.1483352 1.2356732 0.9551579 0.9463788 1.0187832 1.1789987 1.5118723 1.4706295 
Lcom_lcpid162059                                        0.0888942 0.1285281 0.0000000 0.1388420 0.1795927 0.8116444 0.8733517 0.8628026 0.9327774 0.7015157 0.8011910 0.8011910 0.8628807 1.3653532 0.8902693 0.8145440 0.8682333 0.8338890 0.8003920 0.8328982 0.7032609 0.6877519 0.8714659 0.7614351 0.8623985 0.7705287 0.7433243 0.7189745 1.1583276 0.8027281 0.8115067 0.8115067 0.7071179 0.7568093 0.8245363 0.7745875 0.8412555 0.8412555 0.7171960 0.8357757 0.8221582 0.8221582 0.7512960 0.8529845 0.8400524 0.8400524 0.8486196 0.8376743 0.9216565 0.7172734 0.8269468 0.8713069 0.9031448 0.8851289 0.8528313 0.7687785 0.5843426 0.7407438 0.7608994 0.7179369 0.7862015 0.9756660 0.7467589 0.7221008 0.7506207 0.7419672 0.7500406 0.7292127 0.7292127 0.7506885 1.0784629 1.0291848 1.0183265 0.8590889 0.8765372 0.7271947 0.8163142 0.8128327 0.7650092 0.7693657 0.8630388 0.8453528 0.7522212 0.6703468 0.7412310 0.8961553 0.9264493 0.9292310 0.9420081 0.7884784 0.7622871 0.7779335 0.8269148 0.8720642 0.7201612 0.8435894 1.0036734 0.8324147 0.9814655 0.9129461 0.7394643 0.8185166 0.8758295 0.9898060 0.8873195 0.9225227 1.1704756 0.9712505 1.1675675 1.2073000 1.1122707 0.9819216 1.1827014 0.8680422 1.0210924 1.0741167 1.2010698 1.4094109 1.4125672 
Leuniv_Lniv_C772437_01                                  0.0603828 0.1275466 0.1388420 0.0000000 0.1408199 0.8392787 0.8652929 0.8856590 0.8009543 0.6769184 0.7945650 0.7945650 0.8868314 1.3598084 0.8988019 0.8733178 0.9689482 0.9194560 0.8509561 0.7809181 0.6786854 0.6288537 0.8185583 0.7351310 0.8735887 0.8110536 0.6801105 0.7553589 1.2372094 0.7912901 0.8164434 0.8164434 0.6786256 0.7601577 0.7863604 0.7014842 0.8298510 0.8298510 0.7215264 0.8313066 0.8177557 0.8177557 0.7604232 0.8372373 0.8493607 0.8493607 0.8538052 0.8471040 0.9061031 0.7211201 0.7819361 0.8674461 0.8987638 0.8421124 0.8782350 0.7608744 0.5293009 0.7211707 0.7556266 0.7128356 0.7831431 0.9501606 0.8077075 0.7670851 0.7974270 0.7849162 0.7919889 0.7820066 0.7820066 0.7971497 1.0777307 1.0677826 1.0859898 0.8260973 0.9350535 0.7216775 0.8843553 0.8267507 0.7396870 0.7435781 0.8171955 0.7678414 0.7542551 0.6176879 0.7749409 0.8561152 0.9230194 0.9284616 0.9097332 0.8214183 0.7784249 0.7906765 0.9366593 0.9575004 0.6743116 0.8794708 1.0045852 0.8279016 1.0054941 0.8923903 0.8144097 0.7982673 0.8795333 1.0141559 0.8701036 0.9445940 1.1870037 1.0140382 1.0991568 1.1480250 1.1407440 1.0603173 1.1614681 0.9227182 0.9954529 1.0530940 1.1449829 1.6058645 1.4536149 
Clacor_Ccor_C515787_01                                  0.0624037 0.1468906 0.1795927 0.1408199 0.0000000 0.9966777 1.0232820 1.0452801 0.8971202 0.6782225 0.8027906 0.8027906 0.9118084 1.4039035 0.9359632 0.9859126 0.9780776 0.9531468 0.9394405 0.8281096 0.6493082 0.6459528 0.8611486 0.7451482 0.9127347 0.9100314 0.7473507 0.8353195 1.2070854 0.7822203 0.8119515 0.8119515 0.6561519 0.7417883 0.7964824 0.7082826 0.8275385 0.8275385 0.6993055 0.8289981 0.8103183 0.8103183 0.7337837 0.8536939 0.8552515 0.8552515 0.8564194 0.8237042 0.9150607 0.7110365 0.7468528 0.8807310 0.9122341 0.8676927 0.8703071 0.7777096 0.5396381 0.7488457 0.7639378 0.7277873 0.7851081 0.8926881 0.8455573 0.8233980 0.8395025 0.8333698 0.8595571 0.8448222 0.8448222 0.8359645 1.0970477 1.0099232 1.0544244 0.7790097 0.8479542 0.6150727 0.7808162 0.7425690 0.6816472 0.6953978 0.7740224 0.7052231 0.7292874 0.6216579 0.8294876 0.9027478 0.7893541 0.9686248 0.9603154 0.8546677 0.8614355 0.7893266 0.8991183 0.9738138 0.7059333 0.9526309 1.0372796 0.9133285 1.0966769 0.9999279 0.7544120 0.7373519 0.7863435 0.9919071 0.9490991 0.9065415 1.1836336 1.0505111 1.0978724 1.1502152 1.2352496 1.1179698 1.2117609 0.9044345 0.9161121 1.0303620 1.2456358 1.4205054 1.4399801 
Lcom_lcpid139684                                        0.5741233 0.8384788 0.8116444 0.8392787 0.9966777 0.0000000 0.0792050 0.0884375 0.3064960 0.4437600 0.5012739 0.5012739 0.6712984 0.8335425 0.6996201 0.6486181 0.6148493 0.5930437 0.5820428 0.6121024 0.4956640 0.4337014 0.6727944 0.6022522 0.6240478 0.5465234 0.5095950 0.5550468 0.7605544 0.7295555 0.7498989 0.7498989 0.6526459 0.7078914 0.7623046 0.7050274 0.6943909 0.6943909 0.5784387 0.6777991 0.6527273 0.6527273 0.6129597 0.6797443 0.6752356 0.6752356 0.6595130 0.7035555 0.7442539 0.6676001 0.6458938 0.6618909 0.6921201 0.6987396 0.6940329 0.6758246 0.5089018 0.6588641 0.6458674 0.6075299 0.6538213 0.7801536 0.6923675 0.6355797 0.6524114 0.6473359 0.6591013 0.6304069 0.6304069 0.6219554 0.8193654 0.7910052 0.8263807 0.6620624 0.7304117 0.8475582 0.9008217 0.7126766 0.9110002 0.8834534 0.7326159 0.7538125 0.9372178 0.8567379 0.6515687 0.6468226 0.8685488 0.8067240 0.7538931 0.6822386 0.7327190 0.7036914 0.8467574 0.8105388 0.5909379 0.7640276 0.8657159 0.7102701 0.8539380 0.8649710 0.9393752 0.9355486 0.9603008 0.8455955 0.8987656 0.9549165 1.1094481 0.8086950 0.9281527 0.9902733 0.9590477 0.9065198 0.9591301 0.8705287 1.0399409 0.9762094 1.0406411 1.3710566 1.1641024 
Gracom_Gcom_C527340_01                                  0.6257048 0.8962360 0.8733517 0.8652929 1.0232820 0.0792050 0.0000000 0.0793420 0.3011817 0.4162516 0.4528753 0.4528753 0.6601446 0.7770778 0.6951336 0.6656219 0.5710222 0.5503915 0.5660038 0.5874935 0.5055187 0.4243576 0.6487150 0.5854894 0.6137523 0.5579447 0.4919142 0.5425338 0.6839442 0.7415060 0.7371560 0.7371560 0.6351361 0.6906166 0.7633039 0.7061857 0.7059171 0.7059171 0.5846161 0.6889701 0.6634580 0.6634580 0.6197075 0.6911178 0.7073564 0.7073564 0.6915821 0.7367895 0.7729952 0.6819549 0.6363087 0.6796863 0.7108258 0.6988038 0.7057438 0.6868336 0.4943053 0.6694856 0.6561513 0.6170723 0.6643600 0.7882171 0.7094770 0.6513918 0.6666437 0.6618917 0.6754046 0.6428113 0.6428113 0.5698192 0.8133774 0.7841954 0.8414419 0.6096772 0.7195611 0.8169450 0.8870891 0.7146175 0.8555297 0.8295616 0.7339026 0.7643864 0.8820282 0.8490416 0.6722787 0.6077014 0.8817492 0.7162695 0.7406712 0.6892211 0.7153576 0.6753652 0.8383361 0.8166668 0.5930109 0.7246316 0.8250679 0.7629843 0.8831672 0.8308484 0.9881110 0.9587340 0.9631419 0.8844813 0.9400395 0.9971350 1.1235528 0.8441006 0.9137685 0.9341698 0.9270285 0.8827102 0.9555309 0.8635490 1.0209550 0.9909172 1.0227291 1.3528668 1.1791397 
Leuniv_Lniv_scaffold9152_01                             0.6028562 0.9131598 0.8628026 0.8856590 1.0452801 0.0884375 0.0793420 0.0000000 0.2745755 0.4392706 0.4921527 0.4921527 0.6512531 0.7690794 0.6888633 0.6819020 0.6809246 0.6135779 0.6162407 0.6234286 0.5055187 0.4372246 0.6643639 0.6010621 0.6354432 0.5729131 0.5290920 0.5756408 0.7063845 0.7404483 0.7359040 0.7359040 0.6381530 0.6938079 0.7831219 0.7263581 0.7048960 0.7048960 0.5881136 0.6881086 0.6628323 0.6628323 0.6229350 0.6902237 0.6855510 0.6855510 0.6906907 0.7354839 0.7868515 0.6625000 0.6524228 0.6857201 0.7169409 0.7052364 0.7047077 0.6860012 0.5143488 0.6688163 0.6556116 0.6168983 0.6770853 0.7905618 0.6656446 0.6088779 0.6261585 0.6202933 0.6324899 0.6048154 0.6048154 0.5553513 0.8024133 0.8112608 0.8583262 0.6075624 0.7547371 0.8702038 0.8970746 0.6418447 0.9073310 0.8798252 0.7452485 0.7326658 0.9060741 0.8960667 0.6563068 0.6198273 0.8995449 0.7544021 0.7594695 0.6831029 0.7021287 0.6914400 0.9040802 0.8150069 0.6307483 0.8120756 0.8636719 0.7092954 0.8709092 0.7931658 0.9627994 0.9424112 1.0122562 0.8312108 0.9611044 0.9731113 1.2219748 0.8007873 0.8992699 0.9174990 0.9247617 0.8523954 0.9190652 0.9246085 1.0579554 0.9974258 1.0804881 1.3828721 1.2275950 
Clacor_Ccor_scaffold4011_01                             0.5927109 0.8367068 0.9327774 0.8009543 0.8971202 0.3064960 0.3011817 0.2745755 0.0000000 0.4168403 0.4468671 0.4468671 0.5682415 0.7058971 0.5831395 0.6201401 0.6250488 0.5481604 0.6240730 0.5185329 0.3806578 0.4288237 0.5166563 0.5043579 0.5412214 0.4529530 0.4547908 0.4805528 0.5579797 0.7029871 0.7204877 0.7204877 0.6508018 0.7093882 0.7616124 0.7007309 0.6932080 0.6932080 0.6155363 0.6774634 0.6548898 0.6548898 0.6492313 0.6793050 0.6697785 0.6697785 0.6713129 0.7134517 0.7519605 0.6525037 0.6292445 0.7193206 0.7502767 0.7463725 0.7041473 0.6715347 0.5345537 0.6609268 0.6422681 0.6044354 0.6768704 0.7186664 0.5885291 0.5386301 0.5181029 0.5203453 0.5627159 0.5801260 0.5801260 0.5635824 0.7027443 0.6562507 0.6818461 0.6350462 0.5685144 0.6954754 0.7204960 0.6639461 0.6995846 0.6667945 0.6525321 0.7045920 0.7848430 0.7265391 0.6160804 0.5857997 0.7761718 0.7021788 0.6831390 0.5800301 0.5884790 0.6350349 0.7545438 0.6402965 0.5712001 0.7500317 0.6788854 0.6025114 0.8384366 0.7315368 0.8403668 0.7523048 0.7562775 0.7316932 0.9806116 0.7580177 1.0564355 0.8194203 0.9196101 0.9969254 0.8792768 0.8620416 0.9003081 0.9472547 0.9146531 0.9211004 0.9343512 1.2109417 1.1439292 
Lcom_lcpid175772                                        0.6099961 0.6489380 0.7015157 0.6769184 0.6782225 0.4437600 0.4162516 0.4392706 0.4168403 0.0000000 0.0706710 0.0706710 0.3555088 0.3366575 0.4155152 0.4105291 0.3681908 0.3684150 0.3584692 0.3935613 0.3889693 0.3944946 0.4652373 0.3982899 0.3856357 0.3981693 0.4116573 0.3762622 0.3155570 0.4996952 0.5226001 0.5226001 0.5169611 0.5317170 0.5862784 0.5743366 0.5083719 0.5083719 0.5083719 0.5083719 0.5083719 0.5083719 0.5083719 0.5083374 0.5386471 0.5386471 0.5481115 0.5453374 0.6263031 0.5316726 0.5465303 0.5385640 0.5616889 0.5344905 0.5220168 0.4708873 0.4417467 0.4662377 0.4708873 0.4708873 0.5223911 0.5121270 0.3924729 0.3899713 0.4027369 0.4027369 0.3734283 0.4035595 0.4035595 0.4236670 0.5696926 0.4880813 0.5523446 0.4964899 0.6045173 0.4719056 0.5110550 0.5591613 0.5553949 0.5553949 0.6228462 0.5649397 0.6490000 0.5763566 0.4614386 0.4390459 0.6065136 0.5457921 0.6295074 0.5108902 0.5510310 0.5542048 0.5885032 0.5591389 0.5569255 0.6127627 0.5913340 0.6000337 0.7165958 0.6247861 0.6979285 0.6579855 0.6983300 0.4977545 0.7977545 0.6150055 0.7507939 0.6812495 0.7105579 0.7212007 0.6873223 0.6370893 0.7379861 0.7426865 0.7118530 0.7246066 0.8566792 0.9104161 0.7380974 
Opea_EP00118_Oscarella_pearsei_P024534                  0.5728259 0.7699599 0.8011910 0.7945650 0.8027906 0.5012739 0.4528753 0.4921527 0.4468671 0.0706710 0.0000000 0.0000010 0.5080279 0.6661242 0.5725722 0.5156724 0.4438718 0.4170352 0.4517035 0.4930439 0.4070123 0.3981076 0.5445888 0.5090863 0.5121186 0.5006584 0.4415538 0.4696540 0.5466390 0.5684330 0.5789167 0.5789167 0.5103732 0.5591519 0.6416251 0.5918569 0.5001342 0.5001342 0.4394104 0.5035908 0.5073546 0.5073546 0.4656819 0.4939231 0.5238704 0.5238704 0.5354834 0.5653279 0.6295402 0.5279678 0.4974219 0.5179155 0.5364869 0.5465949 0.5713067 0.5015096 0.3839636 0.4791484 0.4786682 0.4664108 0.4894748 0.6098779 0.5829939 0.5582493 0.5401255 0.5630929 0.5430409 0.5012432 0.5012432 0.5522820 0.7040672 0.6679602 0.7263730 0.5408355 0.7754835 0.6133876 0.6628467 0.6378856 0.7067742 0.6763793 0.6920101 0.6293570 0.7853622 0.6425056 0.5420555 0.4534391 0.6643480 0.6540303 0.7687067 0.6596904 0.7305295 0.6640418 0.7473030 0.7605936 0.5986024 0.7855762 0.7017023 0.7316259 0.9451654 0.7987994 0.8091230 0.8087010 0.7992034 0.7241428 0.9262843 0.8062695 0.9904798 0.7730938 0.8608324 0.8566792 0.8491865 0.7799856 0.8355599 0.8340570 0.8557064 0.8698628 0.9433835 1.1641606 0.9464865 
Ocar_g6679                                              0.5728259 0.7699599 0.8011910 0.7945650 0.8027906 0.5012739 0.4528753 0.4921527 0.4468671 0.0706710 0.0000010 0.0000000 0.5080279 0.6661242 0.5725722 0.5156724 0.4438718 0.4170352 0.4517035 0.4930439 0.4070123 0.3981076 0.5445888 0.5090863 0.5121186 0.5006584 0.4415538 0.4696540 0.5466390 0.5684330 0.5789167 0.5789167 0.5103732 0.5591519 0.6416251 0.5918569 0.5001342 0.5001342 0.4394104 0.5035908 0.5073546 0.5073546 0.4656819 0.4939231 0.5238704 0.5238704 0.5354834 0.5653279 0.6295402 0.5279678 0.4974219 0.5179155 0.5364869 0.5465949 0.5713067 0.5015096 0.3839636 0.4791484 0.4786682 0.4664108 0.4894748 0.6098779 0.5829939 0.5582493 0.5401255 0.5630929 0.5430409 0.5012432 0.5012432 0.5522820 0.7040672 0.6679602 0.7263730 0.5408355 0.7754835 0.6133876 0.6628467 0.6378856 0.7067742 0.6763793 0.6920101 0.6293570 0.7853622 0.6425056 0.5420555 0.4534391 0.6643480 0.6540303 0.7687067 0.6596904 0.7305295 0.6640418 0.7473030 0.7605936 0.5986024 0.7855762 0.7017023 0.7316259 0.9451654 0.7987994 0.8091230 0.8087010 0.7992034 0.7241428 0.9262843 0.8062695 0.9904798 0.7730938 0.8608324 0.8566792 0.8491865 0.7799856 0.8355599 0.8340570 0.8557064 0.8698628 0.9433835 1.1641606 0.9464865 
Emue_Em0023g578a.t1                                     0.5769427 0.8804048 0.8628807 0.8868314 0.9118084 0.6712984 0.6601446 0.6512531 0.5682415 0.3555088 0.5080279 0.5080279 0.0000000 0.0886102 0.0738017 0.7122879 0.6915593 0.6270226 0.6372025 0.5943664 0.4685063 0.4702766 0.6076029 0.5582002 0.5317452 0.5579547 0.4949987 0.5600969 0.7241317 0.6830905 0.6849600 0.6849600 0.6210494 0.6653421 0.7140950 0.6701124 0.6918713 0.6918713 0.6402709 0.6762081 0.6674083 0.6674083 0.6548222 0.6644341 0.6236785 0.6236785 0.6194778 0.6603708 0.6800335 0.6823747 0.6702004 0.7053678 0.7359390 0.7433050 0.6247529 0.6506410 0.5469518 0.6326337 0.6231151 0.6024788 0.6730181 0.8010513 0.6634309 0.6132271 0.6074685 0.6344848 0.6324308 0.5766747 0.5766747 0.4755804 0.6806048 0.6041439 0.6557883 0.5655192 0.7220314 0.7066077 0.7549894 0.8266709 0.8211134 0.7866518 0.8321818 0.7280635 0.9088572 0.8800601 0.7140417 0.7723636 0.8335595 0.7920058 0.7246210 0.7257189 0.7008574 0.7362233 0.7046992 0.7232403 0.5248114 0.6936490 0.7562220 0.7733997 0.8345645 0.8406868 1.0058867 0.8947177 0.8594280 0.7928531 0.9506662 0.9076455 1.0359509 0.9310490 0.8770510 0.9028624 0.9144173 0.8695804 0.9680993 0.8512848 1.0312153 0.9256773 0.9400557 1.4194823 1.1853816 
Spolac_c105915_g1_i1_m.44988c105915-g1                  0.7276551 1.3791497 1.3653532 1.3598084 1.4039035 0.8335425 0.7770778 0.7690794 0.7058971 0.3366575 0.6661242 0.6661242 0.0886102 0.0000000 0.0000010 0.7133957 0.8026555 0.6782500 0.7298418 0.7413606 0.3224156 0.5262167 0.6873034 0.5992477 0.6135819 0.6923973 0.5308977 0.6569494 0.6992952 0.7606518 0.7606518 0.7606518 0.6815238 0.7274553 0.7274553 0.6815238 0.7611664 0.7611664 0.6628617 0.7297558 0.7141244 0.7141244 0.6917666 0.7611664 0.6553570 0.6553570 0.6468081 0.6468081 0.6468081 0.6129086 0.6978528 0.7793586 0.8438782 0.7553437 0.6323619 0.6780027 0.5638564 0.6848353 0.6730114 0.6332828 0.7135511 0.8510416 0.8829264 0.8534679 0.8895539 0.8895539 0.8662299 0.8723346 0.8723346 0.5823722 0.7770134 0.6483123 0.7508368 0.5432249 0.8955517 0.9577116 0.9203757 0.9702103 0.9774815 0.9774815 1.0686115 0.9772881 1.2131009 1.2021324 0.8596241 0.6511114 1.2046502 0.9421602 1.0022201 0.9033281 0.9798244 0.9524639 0.9777518 1.1874944 0.6648516 0.9975701 0.9904612 1.0348447 1.1964445 1.1111496 1.2843035 1.1604282 1.0749712 1.0598749 1.0921242 1.1151672 1.3297695 0.9935658 0.8586088 1.0365697 1.0643231 1.1617452 1.0514770 1.1632941 1.2086985 1.4003900 1.1674405 1.4426917 1.6075204 
Spolac_c39571_g1_i1_m.1003c39571-g1                     0.5862251 0.9216431 0.8902693 0.8988019 0.9359632 0.6996201 0.6951336 0.6888633 0.5831395 0.4155152 0.5725722 0.5725722 0.0738017 0.0000010 0.0000000 0.7339721 0.6999562 0.6332355 0.6668029 0.5953250 0.5054131 0.4633260 0.5869522 0.5632469 0.5255092 0.5353034 0.4642460 0.5290143 0.7101591 0.6672279 0.6895400 0.6895400 0.6449789 0.6702412 0.7180754 0.6949797 0.6843394 0.6843394 0.6322535 0.6687121 0.6597776 0.6597776 0.6469164 0.6765966 0.6300435 0.6300435 0.6179176 0.6387217 0.6778540 0.6894179 0.6692639 0.7177467 0.7486840 0.7566756 0.6231521 0.6625893 0.5635441 0.6470943 0.6345991 0.6139120 0.6616961 0.7941948 0.6997045 0.6483629 0.6506500 0.6803320 0.6677499 0.6102517 0.6102517 0.4837355 0.6826418 0.5800896 0.6590344 0.5776431 0.7278132 0.7145729 0.8000375 0.8415351 0.8184159 0.7839453 0.8612726 0.7491988 0.8930739 0.8691925 0.7777577 0.8096778 0.8128208 0.7838077 0.7027609 0.7057784 0.7063553 0.7277916 0.6494825 0.7242457 0.5456595 0.7241220 0.7502393 0.7498581 0.7772337 0.8387697 1.0032354 0.9094227 0.8347496 0.8038931 0.9648103 0.9214200 1.0256716 0.9111272 0.8555631 0.9108701 0.9365247 0.9310736 0.9313887 0.8706135 0.9908023 0.9053424 0.9256343 1.4451082 1.1323158 
Morvir_scaffold54.g53.t2                                0.5639928 0.9006196 0.8145440 0.8733178 0.9859126 0.6486181 0.6656219 0.6819020 0.6201401 0.4105291 0.5156724 0.5156724 0.7122879 0.7133957 0.7339721 0.0000000 0.3474679 0.3321691 0.3427100 0.4741015 0.4023217 0.4061515 0.5120863 0.5441186 0.4672786 0.4835227 0.3887208 0.4397865 0.5340406 0.5426700 0.5542693 0.5542693 0.5296245 0.5493154 0.5977407 0.5805740 0.4943833 0.4943833 0.4494245 0.4815672 0.4741500 0.4741500 0.4774959 0.4818465 0.5131183 0.5131183 0.5053195 0.5407780 0.5736659 0.5547361 0.4885130 0.5361225 0.5601588 0.5892045 0.5513336 0.4391787 0.4050503 0.4532191 0.4101991 0.4058798 0.4814763 0.5805846 0.5848061 0.5824299 0.5648891 0.5785122 0.5479691 0.5129829 0.5129829 0.5703419 0.8606721 0.8379560 0.9399102 0.7512525 0.8232153 0.8235253 0.8045580 0.8175228 0.9054389 0.8600306 0.8741905 0.8082082 0.8421666 0.7444964 0.4707617 0.4936046 0.8667234 0.7652427 0.7592822 0.6693840 0.7922498 0.7562868 0.8877079 0.8843641 0.6824785 0.9011993 0.7275579 0.8446590 0.9415671 0.8970038 0.9085211 1.0170639 0.9132247 0.9256800 0.8538704 0.8532479 0.9737551 0.9269268 0.8903597 1.0586182 1.0669076 1.0235563 1.0134075 0.9024911 0.9740470 1.0529578 1.0863007 1.3268316 1.1456029 
Nemnom_g4662.t1                                         0.6470141 0.9325902 0.8682333 0.9689482 0.9780776 0.6148493 0.5710222 0.6809246 0.6250488 0.3681908 0.4438718 0.4438718 0.6915593 0.8026555 0.6999562 0.3474679 0.0000000 0.1147365 0.2070543 0.4913823 0.3596788 0.4196865 0.5550653 0.5325273 0.5702961 0.4892040 0.3979955 0.4221435 0.6359109 0.4937343 0.5177056 0.5177056 0.4768088 0.5063725 0.5450111 0.5148601 0.4919761 0.4919761 0.4392673 0.5060936 0.4916648 0.4916648 0.4518309 0.4974574 0.5526142 0.5526142 0.5474092 0.5655535 0.6088772 0.5516481 0.5022737 0.5149009 0.5464222 0.5847723 0.5485664 0.4944051 0.3472437 0.4624351 0.4665680 0.4458344 0.5024343 0.5692472 0.6673674 0.6307636 0.6095215 0.6244156 0.6315483 0.6022290 0.6022290 0.5438133 0.7614367 0.7477143 0.8504804 0.6212252 0.7540627 0.8410109 0.7777997 0.9332195 0.9321619 0.8922471 0.9367898 0.7761540 0.8536405 0.8060167 0.5264906 0.5311707 0.8542193 0.8272043 0.7103665 0.7133647 0.7796971 0.7692117 0.7269947 0.8671844 0.6345226 0.8479485 0.7904351 0.7759253 0.9736140 0.9380492 0.9944677 0.9070930 0.8655947 0.8521778 0.7266277 0.8905133 0.8894205 0.9569168 0.9206734 1.0248648 1.0543734 0.9791979 1.0372612 0.8150544 0.9896667 0.9957739 0.8404476 1.3105082 1.0291490 
Rhoesc_Res_008417-T1                                    0.5559746 0.9098019 0.8338890 0.9194560 0.9531468 0.5930437 0.5503915 0.6135779 0.5481604 0.3684150 0.4170352 0.4170352 0.6270226 0.6782500 0.6332355 0.3321691 0.1147365 0.0000000 0.1922063 0.4561977 0.3646223 0.4056649 0.5100257 0.4773036 0.4759037 0.4463284 0.3570169 0.4098558 0.5375430 0.5255299 0.5311125 0.5311125 0.4777080 0.5074654 0.5708735 0.5419872 0.5365746 0.5365746 0.4730668 0.5230796 0.4863964 0.4863964 0.4880155 0.5235265 0.5320571 0.5320571 0.5326599 0.5695681 0.6157483 0.5747818 0.5185336 0.5534307 0.5781711 0.6316348 0.5406881 0.4608073 0.3668406 0.4514423 0.4346109 0.4041097 0.4966047 0.5866544 0.6657862 0.6287773 0.5959627 0.6223271 0.6386779 0.5831751 0.5831751 0.4956600 0.7137562 0.6961538 0.7966713 0.5540895 0.7421551 0.7245860 0.6737670 0.7751937 0.8371258 0.8002464 0.7844989 0.6759062 0.7849751 0.7519070 0.5075155 0.4653205 0.7713982 0.8195848 0.7463170 0.6878750 0.8278259 0.7747309 0.7789450 0.8687108 0.6440639 0.8599303 0.7701601 0.7409960 0.9838765 0.9221522 0.9119013 0.8497271 0.8565728 0.8289473 0.7764966 0.8684455 0.9806990 0.9455556 0.9681767 1.0658715 1.0876075 0.9765591 0.9956789 0.8645122 1.0056045 0.9266686 0.8256236 1.3856618 1.0417096 
Sanmal_Sma_001211-T1                                    0.5769677 0.8548394 0.8003920 0.8509561 0.9394405 0.5820428 0.5660038 0.6162407 0.6240730 0.3584692 0.4517035 0.4517035 0.6372025 0.7298418 0.6668029 0.3427100 0.2070543 0.1922063 0.0000000 0.3908056 0.4303008 0.3633989 0.4411993 0.4556419 0.4223857 0.3939969 0.3283218 0.4131830 0.4354693 0.4642443 0.4874695 0.4874695 0.4795561 0.4975006 0.5243304 0.5067456 0.4760575 0.4760575 0.4221795 0.4634678 0.4483971 0.4483971 0.4371063 0.4813674 0.5036342 0.5036342 0.4986385 0.5151223 0.5437143 0.5784783 0.4937642 0.4830322 0.5049573 0.5604829 0.4853205 0.4297905 0.3374183 0.4049732 0.4053562 0.3878528 0.4669602 0.5477261 0.6589309 0.6225350 0.6003293 0.6265153 0.6228280 0.5685742 0.5685742 0.5522044 0.6997296 0.7256331 0.7827329 0.6057249 0.7437752 0.7812840 0.7433064 0.7743240 0.8474812 0.8109939 0.8729123 0.7328609 0.8012790 0.7435899 0.4042303 0.4532484 0.8216974 0.7842682 0.7272974 0.6454944 0.7693009 0.7152128 0.7872576 0.8498703 0.6591588 0.8074686 0.7760755 0.7170279 0.9749314 0.7844391 0.9284592 0.9392739 0.9064326 0.7355021 0.8245099 0.8160777 0.9508442 0.8354455 0.8868933 1.0050413 0.9756414 0.8489000 0.8910792 0.7991686 1.0169961 1.0178910 0.8900675 1.2900975 0.9790734 
Spis_XP_022783080_1                                     0.5402638 0.7747268 0.8328982 0.7809181 0.8281096 0.6121024 0.5874935 0.6234286 0.5185329 0.3935613 0.4930439 0.4930439 0.5943664 0.7413606 0.5953250 0.4741015 0.4913823 0.4561977 0.3908056 0.0000000 0.0404237 0.0418167 0.1215306 0.2510066 0.0996707 0.3292107 0.3076662 0.3465750 0.2747736 0.5397571 0.5362003 0.5362003 0.4852542 0.5156582 0.5598386 0.5303770 0.5281589 0.5281589 0.4448622 0.5327629 0.5154573 0.5154573 0.4597516 0.5156074 0.5645675 0.5645675 0.5511819 0.5880618 0.6065528 0.5659985 0.5027595 0.5248292 0.5419029 0.5780066 0.5647040 0.5080423 0.3647678 0.4785743 0.4802590 0.4520281 0.5285033 0.6311197 0.6003408 0.5618485 0.5298029 0.5517742 0.5488578 0.5215456 0.5215456 0.5779153 0.7710942 0.6995924 0.8060330 0.5922745 0.6557829 0.5871786 0.7462213 0.8523261 0.8409207 0.8055470 0.7884045 0.7723807 0.8028853 0.6983687 0.6045122 0.5667435 0.8037253 0.6908271 0.6510946 0.5627504 0.6780484 0.6737453 0.7474984 0.7363449 0.5405378 0.7461419 0.7057785 0.6980729 0.8807474 0.7428317 0.8316576 0.7721190 0.7987412 0.5735661 0.8028681 0.7702220 0.8178454 0.8403368 0.8557030 0.9353858 0.9479793 0.8531829 0.8570652 0.7750014 0.8696907 0.8325534 0.9125920 1.3201184 0.7400747 
Gasp_gasp1.m3.5648.m1                                   0.6750661 0.6650169 0.7032609 0.6786854 0.6493082 0.4956640 0.5055187 0.5055187 0.3806578 0.3889693 0.4070123 0.4070123 0.4685063 0.3224156 0.5054131 0.4023217 0.3596788 0.3646223 0.4303008 0.0404237 0.0000000 0.1044594 0.1048646 0.1081288 0.1057694 0.1518501 0.1520689 0.1997083 0.2058666 0.3522954 0.3522954 0.3522954 0.3522954 0.3522954 0.3522954 0.3522954 0.3645659 0.3645659 0.3645659 0.3645659 0.3645659 0.3645659 0.3645659 0.3664382 0.3694986 0.3694986 0.3714119 0.3714119 0.3714119 0.3694986 0.3645659 0.3703895 0.3703895 0.3703895 0.3762213 0.3584713 0.3518031 0.3443066 0.3584713 0.3584713 0.3837636 0.3808579 0.3029256 0.3029256 0.3029256 0.3029256 0.3029256 0.3020716 0.3020716 0.3457574 0.6338226 0.5208393 0.5756635 0.6574246 0.2968339 0.3917562 0.2745905 0.6245707 0.7302514 0.7302514 0.5642715 0.6237441 0.4565440 0.5867437 0.3954607 0.4157924 0.4907400 0.5681238 0.3963381 0.4292599 0.4826290 0.4594596 0.5688183 0.6387273 0.5111018 0.5781571 0.4664069 0.5466176 0.8573359 0.5492124 0.6331987 0.6297946 0.3616467 0.3273205 0.5230669 0.4165512 0.4948241 0.6327819 0.8607038 0.8572798 0.7234304 0.8829836 0.7291456 0.5389281 0.6268038 0.5741828 0.7596185 0.3703895 0.3914254 
Pocdam_XM_027199274.1                                   0.5363631 0.6189408 0.6877519 0.6288537 0.6459528 0.4337014 0.4243576 0.4372246 0.4288237 0.3944946 0.3981076 0.3981076 0.4702766 0.5262167 0.4633260 0.4061515 0.4196865 0.4056649 0.3633989 0.0418167 0.1044594 0.0000000 0.0728939 0.2231099 0.0902003 0.2298158 0.2521614 0.2476531 0.2368685 0.4970581 0.4853263 0.4853263 0.4817123 0.5025445 0.5510064 0.5319662 0.4731203 0.4731203 0.4492681 0.4731203 0.4731203 0.4731203 0.4492681 0.4599132 0.5006825 0.5006825 0.4868607 0.5227942 0.5348472 0.5420228 0.4871474 0.4741875 0.4935640 0.5207172 0.4912519 0.4510410 0.3656963 0.4211338 0.4247077 0.4247077 0.4558360 0.5490229 0.4787326 0.4386863 0.4128005 0.4313476 0.4373640 0.4389934 0.4389934 0.4213161 0.5760013 0.5560628 0.6283607 0.5679996 0.5507452 0.4989177 0.5892535 0.6831118 0.7185446 0.6826475 0.7114489 0.6668195 0.7005492 0.5801294 0.5027625 0.4735723 0.6394123 0.5750167 0.5097216 0.4585960 0.5297226 0.4970280 0.5969513 0.6124611 0.5397883 0.5609883 0.5857568 0.5722438 0.7318662 0.5774761 0.6542766 0.6068789 0.6560877 0.3205400 0.8152982 0.6321873 0.7304763 0.6785416 0.7545745 0.8074252 0.8187273 0.7337182 0.7366807 0.7515891 0.6971315 0.7028097 0.8531556 1.0374482 0.4589186 
Gfas_gfas1.m1.14236.m1                                  0.5872450 0.8172235 0.8714659 0.8185583 0.8611486 0.6727944 0.6487150 0.6643639 0.5166563 0.4652373 0.5445888 0.5445888 0.6076029 0.6873034 0.5869522 0.5120863 0.5550653 0.5100257 0.4411993 0.1215306 0.1048646 0.0728939 0.0000000 0.2975017 0.1423991 0.3665933 0.3468361 0.3802205 0.3762580 0.5807624 0.5866003 0.5866003 0.5441676 0.5717720 0.6271920 0.6015203 0.5481648 0.5481648 0.4877798 0.5631599 0.5384696 0.5384696 0.4997899 0.5515567 0.5779358 0.5779358 0.5644686 0.5855619 0.6193002 0.5654814 0.5192802 0.5591736 0.5923752 0.6143093 0.5698131 0.5329488 0.4015917 0.5035984 0.5038428 0.4716669 0.5434721 0.6801136 0.6064664 0.5678927 0.5390295 0.5612825 0.5548474 0.5464405 0.5464405 0.5366458 0.7603802 0.7276025 0.8148768 0.6068880 0.6666845 0.6224460 0.7847180 0.8652938 0.8685502 0.8317948 0.8239408 0.8530685 0.8198353 0.7210025 0.6403061 0.5891290 0.8351790 0.6582919 0.6736673 0.6046722 0.7165284 0.7278895 0.8247062 0.8167393 0.5720650 0.7524329 0.7223454 0.7548990 0.9352191 0.7404384 0.8223318 0.7919680 0.7881412 0.5961707 0.9087105 0.8351480 0.9052060 0.8529204 0.8860358 0.9713202 1.0091776 0.9194254 0.9216566 0.8420297 0.9661159 0.8470467 0.9925839 1.4133678 0.7559923 
Exapal_XM_021048438.1                                   0.5692082 0.7454608 0.7614351 0.7351310 0.7451482 0.6022522 0.5854894 0.6010621 0.5043579 0.3982899 0.5090863 0.5090863 0.5582002 0.5992477 0.5632469 0.5441186 0.5325273 0.4773036 0.4556419 0.2510066 0.1081288 0.2231099 0.2975017 0.0000000 0.2760305 0.2820374 0.2451508 0.3359889 0.2194993 0.6245154 0.6381392 0.6381392 0.6389582 0.6391095 0.5975992 0.5945574 0.5811007 0.5811007 0.5144862 0.5663916 0.5495234 0.5495234 0.5299496 0.6160293 0.5773670 0.5773670 0.6109250 0.6134668 0.5792485 0.5192762 0.4500490 0.5910355 0.6181657 0.5469183 0.6347766 0.5421778 0.3750956 0.5356045 0.5237351 0.5033983 0.5731911 0.6534820 0.5555944 0.5218634 0.5594189 0.5066310 0.5090260 0.5388488 0.5388488 0.6443718 0.8358342 0.7914511 0.7439385 0.6566998 0.7007050 0.6502407 0.6276519 0.7946600 0.8047555 0.8084122 0.6970894 0.7067986 0.7728362 0.6714973 0.6034164 0.5609286 0.7686234 0.7789299 0.7051114 0.6288764 0.6979395 0.6897500 0.8048545 0.8547097 0.5843103 0.8217050 0.7144794 0.7620064 0.8991809 0.7554929 0.8275966 0.7778498 0.7214812 0.6120882 0.9071126 0.8654371 0.9597452 0.8881388 0.9388218 0.9684518 0.8963447 0.7920262 0.8915708 0.7891051 0.8569285 0.8404942 0.8776316 1.4026776 0.7934324 
Fspp_ffun1.m4.25417.m1                                  0.5504066 0.8256090 0.8623985 0.8735887 0.9127347 0.6240478 0.6137523 0.6354432 0.5412214 0.3856357 0.5121186 0.5121186 0.5317452 0.6135819 0.5255092 0.4672786 0.5702961 0.4759037 0.4223857 0.0996707 0.1057694 0.0902003 0.1423991 0.2760305 0.0000000 0.3660233 0.3570554 0.3972041 0.2691843 0.5713940 0.5574378 0.5574378 0.5110962 0.5458543 0.6159380 0.5847410 0.5765510 0.5765510 0.4993900 0.5589323 0.5372395 0.5372395 0.5182492 0.5599012 0.5407680 0.5407680 0.5229759 0.5683565 0.5872788 0.5850597 0.5545331 0.5933643 0.6266563 0.6738471 0.5497164 0.4764240 0.3453464 0.4654009 0.4386496 0.4043143 0.4952657 0.7214917 0.6053033 0.5584835 0.5200290 0.5462073 0.5428037 0.4937146 0.4937146 0.6214072 0.8674271 0.8172974 0.8853330 0.6103440 0.8311072 0.7185368 0.8572603 0.8957102 0.8763234 0.8308604 0.7445994 0.8507397 0.9621520 0.8090458 0.6174766 0.5412673 0.9222249 0.6908812 0.7989265 0.6403110 0.7451733 0.7676265 0.8718759 0.9101773 0.5611328 0.8439808 0.7170101 0.8339932 0.9600377 0.7709763 0.9949186 0.8624408 0.9721437 0.6803105 0.9584427 0.9500136 0.9971434 0.8438028 0.9142216 1.0460468 1.0105071 0.8572952 0.9320550 0.8779581 1.0062208 1.0011311 1.0749855 1.8156045 1.0337060 
Dgig_XM_028556421.1                                     0.5109965 0.8460682 0.7705287 0.8110536 0.9100314 0.5465234 0.5579447 0.5729131 0.4529530 0.3981693 0.5006584 0.5006584 0.5579547 0.6923973 0.5353034 0.4835227 0.4892040 0.4463284 0.3939969 0.3292107 0.1518501 0.2298158 0.3665933 0.2820374 0.3660233 0.0000000 0.0811893 0.1266158 0.5032097 0.4955283 0.5154352 0.5154352 0.4653299 0.4907809 0.5226179 0.4970444 0.4872570 0.4872570 0.4180607 0.4744466 0.4554829 0.4554829 0.4443244 0.4915987 0.4975293 0.4975293 0.4700501 0.4872363 0.5158945 0.5095707 0.4462190 0.4991043 0.5217457 0.5320295 0.4892539 0.4924640 0.3634943 0.4738513 0.4699288 0.4399836 0.4759151 0.6321252 0.6645566 0.6151545 0.5820443 0.6075344 0.6009214 0.5365893 0.5365893 0.5382471 0.7415890 0.6716540 0.6837918 0.5552570 0.6184263 0.6201150 0.6008547 0.7345696 0.7797760 0.7459343 0.6521247 0.7052659 0.7317947 0.6946267 0.4989195 0.4777972 0.7101760 0.7323313 0.5661854 0.4899608 0.5446785 0.5734425 0.7607660 0.7913158 0.5226765 0.8053545 0.6923088 0.7166208 0.8537094 0.6728791 0.7268553 0.8182589 0.8358981 0.5938310 0.8237722 0.7041570 0.9278886 0.8722376 0.8051585 0.8904889 0.7707638 0.7889669 0.8131151 0.8322160 0.8607769 0.8753145 0.9313165 1.2954188 0.9488913 
Coemet_Cmet_C567975_01                                  0.5257063 0.7191941 0.7433243 0.6801105 0.7473507 0.5095950 0.4919142 0.5290920 0.4547908 0.4116573 0.4415538 0.4415538 0.4949987 0.5308977 0.4642460 0.3887208 0.3979955 0.3570169 0.3283218 0.3076662 0.1520689 0.2521614 0.3468361 0.2451508 0.3570554 0.0811893 0.0000000 0.1576066 0.3992430 0.4760936 0.4955029 0.4955029 0.4742459 0.4959215 0.5208041 0.4994410 0.4863987 0.4863987 0.4362493 0.4738657 0.4854209 0.4854209 0.4627784 0.4906433 0.5296821 0.5296821 0.5123581 0.5086825 0.5538122 0.5244564 0.4708659 0.5130427 0.5358959 0.5236140 0.5321122 0.4553115 0.3509467 0.4487253 0.4533957 0.4484531 0.4543563 0.5527023 0.6341825 0.5817584 0.5563123 0.5746767 0.5795135 0.5421925 0.5421925 0.4397062 0.7011058 0.6254025 0.6473702 0.5732508 0.5126726 0.5351865 0.5304861 0.6352570 0.6645182 0.6501996 0.6601266 0.6096861 0.6630779 0.6212846 0.4813895 0.4672728 0.6181358 0.6438216 0.5353836 0.4853346 0.5245516 0.4634039 0.6493377 0.6845438 0.5184245 0.6438636 0.6153138 0.6366929 0.6895774 0.6032977 0.7232817 0.7556830 0.7148441 0.4918922 0.8055315 0.6252290 0.8384122 0.7313998 0.7322820 0.7925307 0.6423295 0.7503840 0.7067950 0.8239484 0.8081432 0.7957520 0.8448812 1.1581443 0.7573322 
Xesp_011615-T1                                          0.4937084 0.7609506 0.7189745 0.7553589 0.8353195 0.5550468 0.5425338 0.5756408 0.4805528 0.3762622 0.4696540 0.4696540 0.5600969 0.6569494 0.5290143 0.4397865 0.4221435 0.4098558 0.4131830 0.3465750 0.1997083 0.2476531 0.3802205 0.3359889 0.3972041 0.1266158 0.1576066 0.0000000 0.5107568 0.4802897 0.4889244 0.4889244 0.4406703 0.4810120 0.5425077 0.5016525 0.4594612 0.4594612 0.4033584 0.4729942 0.4538361 0.4538361 0.4273005 0.4588381 0.4963015 0.4963015 0.4764395 0.4989998 0.5453823 0.4956789 0.4231061 0.4602567 0.4894281 0.4925065 0.4849985 0.4696770 0.3253325 0.4479169 0.4480720 0.4187506 0.4679003 0.5935624 0.6472304 0.6009196 0.5676276 0.5919269 0.5871329 0.5311905 0.5311905 0.4757262 0.7342956 0.6982638 0.6726652 0.5331047 0.6236932 0.5754625 0.5728793 0.7296781 0.7062944 0.6746774 0.6863389 0.6992572 0.7306091 0.6776471 0.4613070 0.4341947 0.7198177 0.6997456 0.5924889 0.4684648 0.5308423 0.5726595 0.7590485 0.7995600 0.4964012 0.7462605 0.6787748 0.6617358 0.8226713 0.6615781 0.7366496 0.8049996 0.8439621 0.5912549 0.8135898 0.7467980 0.8885777 0.8790835 0.7344768 0.7854302 0.6636462 0.7227363 0.7240030 0.7595076 0.8311259 0.8685721 0.8586135 1.2055932 0.9623944 
Nvec_v1g188032                                          0.6884843 1.2060722 1.1583276 1.2372094 1.2070854 0.7605544 0.6839442 0.7063845 0.5579797 0.3155570 0.5466390 0.5466390 0.7241317 0.6992952 0.7101591 0.5340406 0.6359109 0.5375430 0.4354693 0.2747736 0.2058666 0.2368685 0.3762580 0.2194993 0.2691843 0.5032097 0.3992430 0.5107568 0.0000000 0.7206416 0.7206416 0.7206416 0.6165462 0.6642478 0.6642478 0.6165462 0.7119565 0.7119565 0.5196695 0.6806509 0.6268838 0.6268838 0.5813621 0.7119565 0.7491732 0.7491732 0.7644630 0.7644630 0.7644630 0.6298576 0.5899165 0.7413014 0.8050549 0.7506711 0.7897669 0.5787265 0.4399520 0.6054984 0.5568571 0.4947566 0.7475418 0.7953551 0.6603843 0.6369276 0.5934721 0.5934721 0.6091597 0.6259965 0.6259965 0.8819229 1.1132179 1.1645562 1.0355384 0.7676002 0.9402218 0.9804018 0.9720299 0.7896641 1.0384940 1.0384940 0.9805405 0.9653416 1.3194865 0.9775180 0.7102374 0.5913965 1.2226870 0.9528014 1.0599374 0.7888457 1.0399175 0.8897124 1.1358097 1.1880040 0.7805774 1.1131537 0.8500299 1.0481961 1.2898702 0.8571828 1.2479818 1.1482464 1.1059604 1.0189756 1.1817180 1.0686658 1.4269976 1.0032864 1.0001554 1.2340700 1.0510650 1.0209654 1.1760105 1.1734777 1.3568425 1.5182639 1.2822659 1.5046538 1.4333062 
Bolinf_Binf_sb1238638                                   0.5636011 0.7617345 0.8027281 0.7912901 0.7822203 0.7295555 0.7415060 0.7404483 0.7029871 0.4996952 0.5684330 0.5684330 0.6830905 0.7606518 0.6672279 0.5426700 0.4937343 0.5255299 0.4642443 0.5397571 0.3522954 0.4970581 0.5807624 0.6245154 0.5713940 0.4955283 0.4760936 0.4802897 0.7206416 0.0000000 0.0397718 0.0397718 0.0729769 0.0726365 0.0823812 0.0839903 0.0942550 0.0942550 0.0721131 0.1017348 0.0954118 0.0954118 0.0856179 0.1133363 0.1382240 0.1382240 0.1366175 0.1244440 0.1813723 0.1679585 0.1310638 0.1265048 0.1430146 0.1791980 0.1473488 0.1403040 0.1081631 0.1352347 0.1307035 0.1251896 0.1427761 0.2318779 0.6409195 0.6322699 0.5800969 0.6072456 0.6237540 0.6277361 0.6277361 0.5512246 0.7974844 0.7542920 0.9158891 0.6258345 0.7785798 0.6590879 0.6539264 0.7275479 0.8776195 0.8367103 0.8591110 0.7518790 0.6759042 0.6884335 0.6179429 0.6636450 0.7882492 0.6596646 0.6956468 0.5478554 0.6187031 0.6316817 0.6544496 0.6911741 0.6512282 0.7495756 0.6226212 0.7365641 0.7481125 0.6007047 0.8658491 0.7750948 0.9002808 0.7195375 0.7042736 0.7966735 0.7442584 0.7682974 0.7284875 0.8164678 0.7354228 0.8520271 0.6113139 0.7098623 1.0146540 0.9564459 0.9874505 0.8295936 0.9590950 
Bolinf_Binf_sb1238639                                   0.5822822 0.7794921 0.8115067 0.8164434 0.8119515 0.7498989 0.7371560 0.7359040 0.7204877 0.5226001 0.5789167 0.5789167 0.6849600 0.7606518 0.6895400 0.5542693 0.5177056 0.5311125 0.4874695 0.5362003 0.3522954 0.4853263 0.5866003 0.6381392 0.5574378 0.5154352 0.4955029 0.4889244 0.7206416 0.0397718 0.0000000 0.0000010 0.0231144 0.0277042 0.0908621 0.0935415 0.1404390 0.1404390 0.1209311 0.1485527 0.1423214 0.1423214 0.1344475 0.1223262 0.1579526 0.1579526 0.1462256 0.1740249 0.1901054 0.1782961 0.1505791 0.1405443 0.1573640 0.1762968 0.1470596 0.1665351 0.1184824 0.1605922 0.1562739 0.1510202 0.1683752 0.2481212 0.6608245 0.6379282 0.5982895 0.6269976 0.6292368 0.6335048 0.6335048 0.5550651 0.8586905 0.8126674 0.9447760 0.6911469 0.8128215 0.6767724 0.6893196 0.7368253 0.8881822 0.8468995 0.8764899 0.7613528 0.6851925 0.6977122 0.6437657 0.6561367 0.7861077 0.6959674 0.7190922 0.5557853 0.6606610 0.6377623 0.6915057 0.7133470 0.6736053 0.7709627 0.6728251 0.7249817 0.7732726 0.6228139 0.8609691 0.8251091 0.9106587 0.7529500 0.7719692 0.8455323 0.7793722 0.8071544 0.7695762 0.8344914 0.7596557 0.8458506 0.6473972 0.7698532 1.0399320 0.9404246 1.0485687 0.8613790 0.9766701 
Beraby_Baby_sb333213                                    0.5822822 0.7794921 0.8115067 0.8164434 0.8119515 0.7498989 0.7371560 0.7359040 0.7204877 0.5226001 0.5789167 0.5789167 0.6849600 0.7606518 0.6895400 0.5542693 0.5177056 0.5311125 0.4874695 0.5362003 0.3522954 0.4853263 0.5866003 0.6381392 0.5574378 0.5154352 0.4955029 0.4889244 0.7206416 0.0397718 0.0000010 0.0000000 0.0231144 0.0277042 0.0908621 0.0935415 0.1404390 0.1404390 0.1209311 0.1485527 0.1423214 0.1423214 0.1344475 0.1223262 0.1579526 0.1579526 0.1462256 0.1740249 0.1901054 0.1782961 0.1505791 0.1405443 0.1573640 0.1762968 0.1470596 0.1665351 0.1184824 0.1605922 0.1562739 0.1510202 0.1683752 0.2481212 0.6608245 0.6379282 0.5982895 0.6269976 0.6292368 0.6335048 0.6335048 0.5550651 0.8586905 0.8126674 0.9447760 0.6911469 0.8128215 0.6767724 0.6893196 0.7368253 0.8881822 0.8468995 0.8764899 0.7613528 0.6851925 0.6977122 0.6437657 0.6561367 0.7861077 0.6959674 0.7190922 0.5557853 0.6606610 0.6377623 0.6915057 0.7133470 0.6736053 0.7709627 0.6728251 0.7249817 0.7732726 0.6228139 0.8609691 0.8251091 0.9106587 0.7529500 0.7719692 0.8455323 0.7793722 0.8071544 0.7695762 0.8344914 0.7596557 0.8458506 0.6473972 0.7698532 1.0399320 0.9404246 1.0485687 0.8613790 0.9766701 
