93
Lcom_lcpid188885                                                  0.0000000 0.0000010 0.8609181 0.9239253 1.0316650 1.0439817 0.8980032 0.6720107 0.9677222 1.0311841 1.0177361 1.1145003 0.8430813 0.9728763 0.8056401 0.8224693 0.8734307 0.8330951 1.2335640 1.2527403 1.2970318 1.2970318 0.9003963 1.3091567 1.1704980 0.7821772 1.0099939 0.9782145 0.9807030 0.8574781 0.9954026 0.9920110 0.9719008 1.1166981 1.1166981 1.0139647 0.8281842 0.8390648 1.0416140 0.0000010 0.4025212 0.9640352 0.9739106 1.1194712 1.2476110 1.1678586 0.9858384 0.6350332 0.4383619 1.3604694 1.0614830 0.7044953 0.8792248 0.6918563 1.2211471 1.3510576 1.0505704 1.0505704 1.3286379 1.2548132 1.2972474 1.2972474 1.3489881 1.1475275 1.1988538 1.2338425 0.9946171 0.9044607 1.1901710 0.9398709 0.0000010 0.9297671 0.7331043 0.8679335 0.7037520 0.7220043 0.9031460 0.9401210 0.9857741 0.7353595 0.7703134 0.8559290 0.9934127 0.8409466 0.8708848 1.0116005 0.7852794 0.7852794 1.0377834 1.1050599 0.2993877 0.4431073 1.9517192 
Lcom_lcpid245254                                                  0.0000010 0.0000000 0.0000010 0.3233828 0.4877463 0.4205856 0.7394632 0.7206659 0.6536245 0.6107905 0.6938543 0.8310951 0.4818985 0.7992704 0.8140417 0.7554187 0.7581659 0.8615693 0.6722702 0.6385967 0.7065169 0.6928761 0.6377069 0.7489300 0.6267739 0.9397703 0.9598008 0.9598008 0.9414579 0.9676644 0.8984792 0.8835352 1.3287668 0.8671548 0.8671548 1.0111035 1.0111035 0.7943916 0.8553892 0.9378705 0.6098223 0.8564197 1.0049631 0.9512497 0.8199910 1.4197155 1.0336223 1.0336223 0.8061909 0.8061909 0.8120670 0.0000010 1.0654645 1.0654645 0.9317585 0.7911283 1.0798351 1.0798351 0.9812732 0.9812732 0.7947685 0.7947685 1.0536368 1.0139053 1.0483938 1.3820960 0.8383785 0.7230639 0.8079944 0.8225963 1.3526943 1.1078701 0.9895189 1.4182170 1.2842689 1.0730343 1.0946717 1.0857774 1.1998825 1.0251178 1.2643991 1.1165768 1.2781473 0.9114037 0.8966526 1.1933007 1.1779030 2.5410591 1.0390924 1.1325482 3.1291067 1.0483938 0.0000010 
Lcom_lcpid220471                                                  0.8609181 0.0000010 0.0000000 0.2894181 0.3042396 0.3248402 0.5079458 0.3953753 0.4787116 0.4480853 0.4751098 0.5302834 0.3597668 0.4964025 0.6127482 0.6099082 0.6675015 0.6075451 0.6907157 0.6809619 0.7020580 0.7020580 0.7471107 0.7058612 0.7309633 0.6423166 0.4958476 0.5297489 0.5418408 0.5459372 0.5371636 0.6510065 0.6510065 0.5293082 0.5293082 0.6460221 0.5202685 0.5746920 0.4627669 1.3349054 0.3922578 0.4869680 0.7180425 0.6769583 0.5319970 0.5711249 0.8268954 0.6451557 0.5546491 0.7734654 0.7041228 0.7327945 0.7294929 0.6720461 0.7061792 0.7617766 0.7640962 0.7640962 0.7569979 0.7569979 0.7887240 0.7887240 0.8763259 0.5869121 0.4458892 0.5600062 0.5737675 0.7045333 0.6119840 0.5414138 1.7753813 0.8956849 0.7952816 0.8104816 0.8201013 0.7696379 0.7083068 0.7801191 0.6307103 0.6926902 0.6706308 0.6814083 0.7239553 0.7837499 0.7191388 0.7046749 0.6749370 0.6749370 0.8548306 0.6863098 0.7523927 0.4054662 0.6390539 
Cgig_XM_020063357.2                                               0.9239253 0.3233828 0.2894181 0.0000000 0.5020204 0.4527781 0.5939969 0.5236230 0.7061303 0.6278678 0.7016998 0.7378334 0.4162951 0.6566222 0.7800020 0.7169864 0.7337397 0.7908181 0.8030541 0.8382612 0.8687767 0.8626998 0.6078387 0.8518769 0.7286887 0.7619871 0.7338488 0.7485702 0.7477756 0.7506775 0.7045082 0.7305293 1.0286535 0.8180101 0.8180101 0.8182455 0.6783053 0.7982409 0.8064976 0.9801169 0.6656261 0.7788752 0.8354851 0.8530879 0.7896164 1.0209001 0.7876640 0.7191510 0.6762703 0.9196502 0.7943260 0.5017820 0.7890159 0.6835799 1.0047402 0.9798381 0.8572987 0.8572987 0.9614688 0.9525456 0.9126096 0.9126096 1.0283071 0.7661767 0.7705278 0.8287991 0.6368404 0.7300794 0.8296057 0.6889409 1.4935216 0.9298439 0.9955245 0.9457824 0.9403177 1.0239308 1.0584491 1.0523563 0.9996714 0.8737623 0.9080960 0.8503149 0.9892150 0.9688213 0.9658586 0.8465733 0.8193592 1.3826676 1.1653570 0.8118134 1.6132756 0.7139352 0.9309931 
Bralan_BLAG07000265_1                                             1.0316650 0.4877463 0.3042396 0.5020204 0.0000000 0.4692518 0.4242928 0.3387650 0.4217637 0.4824909 0.6106101 0.6289201 0.4857822 0.5208186 0.6328858 0.6621212 0.7052951 0.6026273 0.6285225 0.6266783 0.6250203 0.6225606 0.4923740 0.6619498 0.6498804 0.7252527 0.4885662 0.4914132 0.5055995 0.5390046 0.5255648 0.5468603 0.7199518 0.5505694 0.5505694 0.6262766 0.5279274 0.6111641 0.6054677 0.6202199 0.5368158 0.5351582 0.6704455 0.6113504 0.6031934 0.6503257 0.6921614 0.6123462 0.5739213 0.7589248 0.7822077 0.5932780 0.7480165 0.6571565 0.8593734 0.7754202 0.7838973 0.7838973 0.8563874 0.8610162 0.8019898 0.8019898 0.8722451 0.7520550 0.6670663 0.6932142 0.5429467 0.5618035 0.7231332 0.6924345 1.4582725 0.8665110 0.9415567 0.9554696 0.9864780 0.9559401 0.9770750 0.8961694 0.8114863 0.8059790 0.8355651 0.8010061 0.8588134 0.9195917 0.8206053 1.0023490 0.9688601 1.4992786 1.0048292 0.7329232 1.4727264 0.5288815 1.0481826 
Acagra_model.g28827.t1                                            1.0439817 0.4205856 0.3248402 0.4527781 0.4692518 0.0000000 0.4875369 0.4497751 0.6196798 0.5418748 0.6461974 0.7937672 0.4397305 0.6351225 0.7236914 0.6842409 0.6982142 0.6818736 0.6710700 0.6819622 0.7381932 0.7332530 0.5779223 0.7049112 0.6594522 0.7448764 0.6284070 0.6416313 0.6907956 0.6782054 0.6902801 0.6802795 1.0109366 0.6258862 0.6258862 0.7647985 0.6219186 0.6907457 0.7579654 0.8719469 0.4581330 0.6684206 0.7279318 0.7197723 0.6466262 0.8645188 0.7831761 0.7141860 0.6507589 0.8690786 0.9158515 0.6889038 0.8491401 0.7435955 1.0093103 0.9278737 0.9027986 0.9027986 0.9737766 0.9852602 0.9214941 0.9214941 1.0579527 0.7063839 0.7246301 0.9214164 0.6270917 0.5941813 0.7981618 0.8141127 1.5639172 1.0451683 0.9498914 1.0134417 0.9667215 1.0196653 1.1046833 1.0233664 0.9343157 0.8785807 0.8552660 0.8771862 0.9969439 0.9483916 0.8354240 0.9068096 0.8822659 1.4357591 1.0702364 0.7359661 1.5610958 0.5815524 1.1303592 
Spur_XM_030975801.1                                               0.8980032 0.7394632 0.5079458 0.5939969 0.4242928 0.4875369 0.0000000 0.2655537 0.4598843 0.4961045 0.5851725 0.5790253 0.5634212 0.5331951 0.6425684 0.6343721 0.6427672 0.6158229 0.6596866 0.6544951 0.6857555 0.6830220 0.4836642 0.6744057 0.6303514 0.6641650 0.5299529 0.5476668 0.5660471 0.5802307 0.5908087 0.6073470 0.7944536 0.5575944 0.5575944 0.6147382 0.5360715 0.6312505 0.6535323 0.7088296 0.6039548 0.6194785 0.6339694 0.5871453 0.6442621 0.6698312 0.5806327 0.5053135 0.5407580 0.7253404 0.7780445 0.6004291 0.7296002 0.6414918 0.9293365 0.8326675 0.7024758 0.7024758 0.7400619 0.7410776 0.7687782 0.7687782 0.8624974 0.7789977 0.7313914 0.7856059 0.6098420 0.7110563 0.7070401 0.7615648 1.2661174 0.8770927 0.9029712 0.8451351 0.8454148 0.9327477 0.9885804 0.9236659 0.7905372 0.9153109 0.8515702 0.9136508 0.8527662 0.9856941 0.7185702 0.9310743 0.9278954 1.4779861 0.9332046 0.6165064 1.2311367 0.5700674 1.1716335 
Skow_XM_002741023.2                                               0.6720107 0.7206659 0.3953753 0.5236230 0.3387650 0.4497751 0.2655537 0.0000000 0.3179647 0.3692750 0.4341566 0.4383455 0.4773590 0.4032885 0.4930272 0.4450558 0.4900264 0.4815347 0.4532764 0.4568578 0.4677643 0.4655170 0.4501953 0.4745216 0.4789843 0.5825133 0.3977916 0.4007649 0.3840629 0.3940457 0.4204110 0.4461106 0.4669465 0.4926786 0.4926786 0.4635348 0.3831195 0.4567944 0.3909024 0.5829369 0.5406108 0.4082011 0.4903762 0.5192281 0.5179473 0.4731752 0.6733103 0.5261019 0.4539579 0.6483176 0.8059484 0.7863073 0.7528973 0.6453846 0.7173059 0.6786112 0.7303380 0.7303380 0.6765435 0.6765435 0.6945303 0.6945303 0.7091142 0.4997645 0.4638748 0.5742214 0.6137206 0.5668660 0.5766053 0.6007587 1.0288300 0.7411279 0.6403830 0.7883460 0.7547261 0.6935668 0.6054323 0.6258677 0.5861493 0.6530490 0.7003307 0.8449683 0.6108571 0.7867207 0.6118660 0.7308101 0.7875152 0.9759606 0.7422244 0.5618090 0.9292162 0.5621417 0.3771067 
Xestes_augustus_masked-XT_scaffold2256-processed-gene-0.5-mRNA-1  0.9677222 0.6536245 0.4787116 0.7061303 0.4217637 0.6196798 0.4598843 0.3179647 0.0000000 0.4691558 0.3143732 0.3259126 0.6580520 0.5980268 0.5292962 0.6177415 0.6116578 0.5268803 0.6434846 0.6377646 0.6563142 0.6520381 0.4404800 0.6407861 0.5592762 0.6129337 0.5451174 0.5485253 0.6229003 0.6097355 0.6790743 0.6527879 0.8708015 0.6644294 0.6644294 0.5374470 0.4497673 0.4895294 0.6046947 0.6385320 0.5990534 0.4450763 0.6426712 0.6363888 0.7069975 0.7171169 0.6972452 0.5899094 0.5872268 0.8915256 0.8826770 0.6150174 0.8019969 0.7144795 1.0466335 0.8489364 0.8254877 0.8254877 0.9499969 0.9449269 0.8485917 0.8485917 0.9324680 0.6621365 0.6464064 0.6862705 0.6281412 0.6410083 0.8498675 0.8289077 1.2922237 0.8302499 0.8619472 1.0182194 0.9160946 0.9141168 1.1262077 1.0395874 0.7647875 0.8129177 0.8975883 0.7413544 0.9281337 0.8207613 0.7435645 1.0014038 0.8728065 1.3543410 0.9617209 0.7300599 1.4350275 0.5102533 1.3968388 
Hsap_ENST00000400033                                              1.0311841 0.6107905 0.4480853 0.6278678 0.4824909 0.5418748 0.4961045 0.3692750 0.4691558 0.0000000 0.4752141 0.5263862 0.5961266 0.5515593 0.6446326 0.5899855 0.6030282 0.5769289 0.7604703 0.7332550 0.7985745 0.7930487 0.5826377 0.7913921 0.7164651 0.5608147 0.5007827 0.5038438 0.5360013 0.5694478 0.5748127 0.5515120 0.8331509 0.6448610 0.6448610 0.5850760 0.4919274 0.5579026 0.6772142 0.6337396 0.7088661 0.6568906 0.6454314 0.6592329 0.6517369 0.7797624 0.7537064 0.6539247 0.6017343 0.9077188 0.9362965 0.7476382 0.8110675 0.7305444 1.0370507 0.9597027 0.8708790 0.8708790 0.9593417 0.9687151 0.9607765 0.9607765 0.9965279 0.6647274 0.7351324 0.8209965 0.6214254 0.6620035 0.7122376 0.7402867 1.4183945 1.0031767 1.0108468 1.0299542 0.9223605 1.0190559 1.0362766 1.1028029 0.9435274 0.8483308 0.9019860 0.8360824 0.9365104 0.9432023 0.7687317 0.9400567 0.8882282 1.4127185 1.1525150 0.7375430 1.3092040 0.5755860 1.0662488 
Aque_Aqu2.1.37126_001                                             1.0177361 0.6938543 0.4751098 0.7016998 0.6106101 0.6461974 0.5851725 0.4341566 0.3143732 0.4752141 0.0000000 0.2778545 0.7100292 0.5949052 0.6223358 0.6906839 0.5917533 0.6422951 0.8167775 0.7823054 0.8496876 0.8459378 0.5763512 0.8405922 0.7303045 0.6476574 0.6471630 0.6515263 0.7062231 0.7264645 0.7153425 0.7179441 1.0506440 0.7944139 0.7944139 0.6957002 0.5789024 0.6566469 0.6777264 0.7548315 0.6398032 0.5893172 0.7727222 0.7176372 0.7076969 0.9024510 0.7405320 0.6402324 0.6481088 1.0052581 0.9788305 0.5878419 0.7627109 0.6764281 0.9147377 0.9237067 0.8459624 0.8459624 0.9701861 0.9705272 0.9537265 0.9537265 1.0779848 0.7835797 0.7542566 0.7871292 0.7280597 0.7110244 0.8828548 0.9476802 1.7254521 1.0379607 0.9747972 1.0441692 0.9495194 1.0485891 1.1805451 1.1755955 0.8876986 1.0037477 0.9689501 0.7597615 1.0470200 0.9115263 0.8246368 0.9643406 0.9008400 1.3774351 1.0013277 0.8141318 1.7090268 0.5574437 1.5435522 
Halamb_c44976_g1_i1m.18279                                        1.1145003 0.8310951 0.5302834 0.7378334 0.6289201 0.7937672 0.5790253 0.4383455 0.3259126 0.5263862 0.2778545 0.0000000 0.7618292 0.7036460 0.6752962 0.6953543 0.6565615 0.6429377 0.7459755 0.7481300 0.7760267 0.7727263 0.5342167 0.8266568 0.6129776 0.7149946 0.6884151 0.6930938 0.6830306 0.6930681 0.7438163 0.7182516 0.9880899 0.8217832 0.8217832 0.6708364 0.5570646 0.6505112 0.6365089 0.6394646 0.6895648 0.6155748 0.7470357 0.7111896 0.7979521 0.8922052 0.7179485 0.6094738 0.6254610 0.9280264 0.8924846 0.6480554 0.7381315 0.6539777 0.9514124 0.8899409 0.7258956 0.7258956 0.8668856 0.8663207 0.9267823 0.9267823 0.9700798 0.9104581 0.7426710 0.9577667 0.7752584 0.9300068 0.8432168 0.9669181 1.6581015 0.9413591 1.0380518 1.0339764 1.0426328 1.1484629 1.3547500 1.3022778 0.9266047 1.0362405 0.9140410 0.8422163 1.1409950 0.9685145 0.9788413 1.0851730 1.0453310 1.5005074 1.2203143 0.8257639 1.5883161 0.5707146 1.2960762 
Ctel_gnl_WGS_AMQN_CAPTEDRAFT_mRNA157629                           0.8430813 0.4818985 0.3597668 0.4162951 0.4857822 0.4397305 0.5634212 0.4773590 0.6580520 0.5961266 0.7100292 0.7618292 0.0000000 0.6640570 0.8609530 0.8590094 0.7665773 0.7961277 0.7639540 0.7422977 0.7889431 0.7834458 0.6112564 0.7887566 0.7868986 0.7621409 0.6458603 0.6434853 0.6937236 0.7352229 0.6441427 0.6652748 0.8784446 0.6785879 0.6785879 0.7591540 0.6582947 0.7544507 0.8330461 0.9233578 0.6171979 0.8080033 0.7981874 0.7316613 0.7467731 0.8462394 0.7988832 0.7083977 0.6407547 0.8097422 0.8703193 0.6482504 0.7550236 0.6818810 0.9353948 0.9318563 0.9066008 0.9066008 1.0236843 1.0455183 0.8933727 0.8933727 0.9591645 0.8462462 0.9552996 0.9845799 0.7106570 0.7247395 0.7151898 0.6797323 1.5185626 0.9986100 1.0472146 1.0670909 0.9688112 1.0189218 1.0176344 1.0796894 0.8839053 0.8751496 0.8731001 0.9397148 0.9510438 1.0315251 0.9200897 0.8707321 0.8733679 1.3670157 1.0099417 0.7307633 1.6478593 0.8306850 1.4210185 
Cscu_XM_023360393.1                                               0.9728763 0.7992704 0.4964025 0.6566222 0.5208186 0.6351225 0.5331951 0.4032885 0.5980268 0.5515593 0.5949052 0.7036460 0.6640570 0.0000000 0.7543854 0.6862543 0.6802600 0.7102415 0.8079824 0.8196146 0.8554913 0.8518660 0.6434801 0.8477524 0.7862554 0.7001662 0.5420643 0.5542009 0.5407095 0.5787693 0.5088899 0.5570506 0.7671221 0.5247944 0.5247944 0.6625970 0.6080161 0.6820129 0.7773579 0.9274253 0.6655409 0.7363722 0.5588776 0.5562513 0.5577899 0.5724892 0.7230834 0.6634160 0.6006704 0.8846663 0.8343040 0.4357288 0.7246654 0.6265635 0.8813155 0.8838392 0.7651153 0.7651153 0.9343404 0.9461255 0.8969905 0.8969905 1.0083050 0.7313581 0.8344759 0.7981922 0.5471962 0.5600217 0.7160859 0.6448311 1.2932930 0.8829299 0.9590758 0.9049463 0.9526094 0.9720214 1.0445504 1.0196430 0.7763296 0.7918486 0.7982259 0.8046601 0.8059929 0.8789656 0.7104168 0.8983682 0.8193313 1.2408524 0.9252586 0.6203640 1.3321903 0.7077542 1.0779763 
Lcom_lcpid91408                                                   0.8056401 0.8140417 0.6127482 0.7800020 0.6328858 0.7236914 0.6425684 0.4930272 0.5292962 0.6446326 0.6223358 0.6752962 0.8609530 0.7543854 0.0000000 0.1893558 0.2498951 0.2165809 0.5630092 0.5634187 0.5718501 0.5625048 0.4289682 0.6114167 0.5965839 0.4594898 0.7067740 0.7116120 0.7448962 0.7072963 0.7329962 0.7536705 1.0042735 0.7277922 0.7277922 0.7352949 0.6219664 0.6392334 0.7113128 0.8066544 0.7741157 0.5308783 0.7361645 0.7244286 0.8356759 0.7976668 0.8616671 0.7556181 0.7358021 1.0102528 1.0424118 0.6824235 0.8847786 0.7881751 1.1219429 1.0400894 0.8887522 0.8887522 0.9920857 0.9892666 1.0349832 1.0349832 1.1023739 0.7694698 0.7550388 0.8073775 0.8088532 0.8550587 0.8121941 0.9135145 1.3406627 0.8984676 1.0284576 1.0629099 0.9599513 1.0404096 1.2130796 1.1027457 0.7536957 0.8193405 0.8551436 0.7584220 1.0289402 0.8485519 0.8641490 0.9780047 0.8464096 1.2595752 1.0299669 0.6880000 1.5386613 0.5738256 1.3593921 
Scil_scict024381.1                                                0.8224693 0.7554187 0.6099082 0.7169864 0.6621212 0.6842409 0.6343721 0.4450558 0.6177415 0.5899855 0.6906839 0.6953543 0.8590094 0.6862543 0.1893558 0.0000000 0.2145671 0.2485734 0.6016466 0.5926639 0.6187453 0.6084566 0.4508378 0.6335734 0.5806533 0.5350036 0.6488050 0.6531397 0.6942005 0.6177705 0.6837652 0.6574645 0.8815748 0.7071358 0.7071358 0.7301722 0.6417784 0.6715733 0.6884999 0.6802980 0.7468499 0.5783974 0.7482014 0.7001882 0.8118416 0.8509292 0.8358445 0.7153095 0.6620493 1.0580260 1.0365126 0.7072713 0.9012685 0.7954153 1.1086391 1.1070479 0.9015560 0.9015560 1.1034991 1.0847114 1.0541119 1.0541119 1.0737266 0.8552928 0.7772726 0.8394978 0.8779203 0.9100019 0.8201885 0.9410045 1.3640782 0.8892469 0.9977143 1.0361523 0.9666441 1.0849891 1.1701712 1.1248137 0.9129997 0.8808124 0.9513186 0.8251025 1.0494546 0.9330561 0.9075556 1.0547076 0.8960702 1.3647744 1.2069608 0.7209731 1.3677591 0.5761015 1.1690269 
Gracom_Gcom_scaffold15683_01                                      0.8734307 0.7581659 0.6675015 0.7337397 0.7052951 0.6982142 0.6427672 0.4900264 0.6116578 0.6030282 0.5917533 0.6565615 0.7665773 0.6802600 0.2498951 0.2145671 0.0000000 0.1984128 0.6076679 0.6139567 0.6000246 0.5897610 0.4577015 0.6529020 0.5315918 0.5122304 0.6824032 0.6870811 0.7343448 0.6937985 0.6719481 0.6540474 0.9249682 0.7494763 0.7494763 0.8060991 0.6753590 0.7345685 0.7331047 0.8521682 0.7470725 0.6594592 0.7481652 0.6595858 0.8065433 0.8838822 0.8733439 0.7486684 0.7048075 1.0600309 1.0362306 0.6919400 0.9191634 0.8056288 1.1400396 1.1929758 0.9133210 0.9133210 1.0902583 1.0712258 1.0607935 1.0607935 1.1671581 0.8108232 0.8508583 0.9075602 0.8456921 0.9368432 0.8221446 0.9565015 1.4299929 0.9310999 0.9751239 0.9952094 0.9735946 1.0534617 1.1555821 1.1515549 0.8912477 0.8173706 0.8075408 0.8757231 1.0754989 0.9239762 0.9052204 0.8460086 0.8417141 1.3315733 0.9876904 0.6842893 1.5830962 0.6022966 1.3070288 
Leuniv_Lniv_C801260_01                                            0.8330951 0.8615693 0.6075451 0.7908181 0.6026273 0.6818736 0.6158229 0.4815347 0.5268803 0.5769289 0.6422951 0.6429377 0.7961277 0.7102415 0.2165809 0.2485734 0.1984128 0.0000000 0.6369084 0.6164332 0.6322087 0.6217207 0.4822508 0.6749634 0.5952747 0.5195240 0.6639070 0.6682892 0.7611569 0.6368874 0.6912920 0.6782516 0.9333191 0.7010034 0.7010034 0.7123198 0.6034420 0.6371438 0.6671994 0.7041435 0.6794470 0.5845792 0.7439753 0.6674052 0.7847650 0.8181467 0.8015087 0.6607743 0.6506718 0.9640940 1.0354645 0.7390845 0.8684827 0.7711423 1.0986760 1.0901378 0.9072454 0.9072454 1.0486205 1.0427794 1.0343429 1.0343429 1.1557922 0.7976908 0.7413560 0.8782514 0.8611863 0.8798195 0.7554314 0.9269405 1.4135265 0.8946794 0.9799686 0.9844223 0.9619481 0.9668150 1.1646025 1.0979158 0.8072793 0.8991242 0.8017848 0.8660397 0.9883910 0.8781774 0.8938480 0.9095352 0.8816927 1.3504546 0.9625889 0.7342046 1.3998201 0.5136872 1.2012231 
HoiH23_PlH23_001661-RA                                            1.2335640 0.6722702 0.6907157 0.8030541 0.6285225 0.6710700 0.6596866 0.4532764 0.6434846 0.7604703 0.8167775 0.7459755 0.7639540 0.8079824 0.5630092 0.6016466 0.6076679 0.6369084 0.0000000 0.0371386 0.0518230 0.0466156 0.0873950 0.1313118 0.1514285 0.7342110 0.6236163 0.6213192 0.6554183 0.6294667 0.6813581 0.6078622 0.7855881 0.7363500 0.7363500 0.6937873 0.5909584 0.6473373 0.8274937 0.7212763 0.5895102 0.6375712 0.6546465 0.6677186 0.7950373 0.7472405 0.6334283 0.5704165 0.5849898 0.8672555 0.7664125 0.4903885 0.7144488 0.6508152 0.8748601 0.8084194 0.7887445 0.7887445 0.8712853 0.8954926 0.7675158 0.7675158 0.9291090 0.7232961 0.7465358 0.9498460 0.7643595 0.8519947 0.6977248 0.9130717 1.2024839 0.9575352 1.1822144 1.0665616 1.0889794 1.1560396 1.2699118 1.1267893 0.9604060 0.9144000 1.0124400 0.9344441 1.0638059 1.0364732 0.8323326 1.0716481 1.0044214 1.5889958 1.1236283 0.7007908 1.3466376 0.6424444 1.2936560 
HoiH06_mRNA503                                                    1.2527403 0.6385967 0.6809619 0.8382612 0.6266783 0.6819622 0.6544951 0.4568578 0.6377646 0.7332550 0.7823054 0.7481300 0.7422977 0.8196146 0.5634187 0.5926639 0.6139567 0.6164332 0.0371386 0.0000000 0.0671083 0.0616463 0.1062287 0.1491137 0.1658441 0.7235985 0.6408435 0.6384808 0.6565773 0.6302262 0.6844722 0.6230013 0.7985756 0.7300443 0.7300443 0.7259116 0.6166307 0.6501691 0.8169538 0.6759014 0.5911548 0.6191334 0.6466042 0.6424356 0.7837751 0.7469350 0.6140951 0.5417706 0.5455830 0.8127048 0.7363822 0.4762074 0.7078198 0.6301882 0.8333880 0.7894789 0.7620919 0.7620919 0.8338671 0.8566837 0.7477513 0.7477513 0.8940414 0.7169090 0.7278320 0.9246432 0.7845369 0.8554649 0.7083712 0.9103994 1.2059161 0.9903609 1.2348619 1.0867095 1.0866366 1.1843588 1.2396277 1.1149692 0.9364958 0.9353517 1.0101399 0.9161160 1.0590849 1.0488822 0.8200436 1.0826174 1.0166401 1.5849419 1.1429374 0.7238062 1.3662804 0.6153126 1.3924146 
Hhon_g00950.t1                                                    1.2970318 0.7065169 0.7020580 0.8687767 0.6250203 0.7381932 0.6857555 0.4677643 0.6563142 0.7985745 0.8496876 0.7760267 0.7889431 0.8554913 0.5718501 0.6187453 0.6000246 0.6322087 0.0518230 0.0671083 0.0000000 0.0045417 0.0944393 0.1334536 0.1645437 0.7815514 0.6637533 0.6677547 0.6675749 0.6415200 0.7389272 0.6472167 0.8295542 0.7619633 0.7619633 0.7223314 0.6156544 0.6702328 0.8163604 0.7253256 0.6023230 0.6502582 0.6941719 0.6836096 0.8345472 0.7510744 0.6600326 0.5833510 0.5987446 0.9186780 0.8032610 0.5385495 0.7532308 0.6612134 0.9267213 0.8811320 0.8258769 0.8258769 0.9256984 0.9538192 0.8346504 0.8346504 0.9792396 0.7306057 0.7862746 0.9562748 0.8187341 0.9062326 0.7493394 0.9398775 1.2372646 0.9909191 1.2171037 1.1439238 1.1341885 1.1981491 1.3207751 1.1488535 0.9977005 0.9472234 1.0679426 0.9708278 1.1171103 1.1051227 0.8675296 1.1144394 1.0289538 1.5973056 1.1074538 0.7459367 1.3665895 0.6590656 1.3735343 
HoiH04_mRNA16178                                                  1.2970318 0.6928761 0.7020580 0.8626998 0.6225606 0.7332530 0.6830220 0.4655170 0.6520381 0.7930487 0.8459378 0.7727263 0.7834458 0.8518660 0.5625048 0.6084566 0.5897610 0.6217207 0.0466156 0.0616463 0.0045417 0.0000000 0.0873781 0.1266118 0.1563748 0.7761297 0.6593890 0.6633893 0.6649436 0.6372107 0.7338307 0.6446203 0.8259474 0.7567921 0.7567921 0.7189216 0.6132037 0.6657103 0.8128607 0.7178079 0.5982485 0.6392044 0.6896408 0.6790871 0.8285840 0.7478235 0.6569582 0.5803334 0.5954709 0.9146963 0.7977351 0.5385495 0.7491537 0.6576133 0.9221243 0.8773627 0.8220614 0.8220614 0.9216656 0.9495480 0.8311595 0.8311595 0.9718752 0.7256066 0.7807110 0.9560692 0.8130244 0.8997162 0.7571851 0.9357751 1.1968732 0.9829545 1.2080032 1.1342927 1.1333954 1.1880947 1.3106633 1.1403920 1.0053202 0.9405325 1.0524563 0.9618167 1.1120067 1.0969815 0.8637794 1.1050857 1.0205379 1.5885859 1.1023558 0.7459367 1.3665895 0.6515203 1.3735343 
Tadh_TriadT24589                                                  0.9003963 0.6377069 0.7471107 0.6078387 0.4923740 0.5779223 0.4836642 0.4501953 0.4404800 0.5826377 0.5763512 0.5342167 0.6112564 0.6434801 0.4289682 0.4508378 0.4577015 0.4822508 0.0873950 0.1062287 0.0944393 0.0873781 0.0000000 0.0056961 0.1146074 0.5759446 0.5056695 0.4955051 0.5633897 0.5512256 0.5257016 0.4601364 0.6369850 0.5483766 0.5483766 0.6397363 0.5395300 0.5237556 0.5517952 0.6818380 0.6237679 0.4703236 0.5320731 0.5022358 0.6450298 0.6407470 0.6455422 0.5652527 0.5857371 0.6179613 0.6223090 0.4976078 0.7454307 0.6483997 0.6749515 0.5888322 0.6920194 0.6920194 0.6580696 0.6580696 0.5983226 0.5983226 0.7237191 0.5821411 0.6056193 0.6773893 0.6426150 0.6458054 0.6216191 0.7689425 1.2277909 0.8924781 1.0402008 0.9648874 0.9801032 1.0298270 1.0265436 0.9122864 0.8222173 0.7888935 0.8376923 0.9906546 0.8651966 0.9321465 0.7136988 0.9619588 0.8926557 1.4918825 0.9595825 0.5086189 1.3783778 0.6399657 0.6288857 
TrH2_TrispH2_005361-RA                                            1.3091567 0.7489300 0.7058612 0.8518769 0.6619498 0.7049112 0.6744057 0.4745216 0.6407861 0.7913921 0.8405922 0.8266568 0.7887566 0.8477524 0.6114167 0.6335734 0.6529020 0.6749634 0.1313118 0.1491137 0.1334536 0.1266118 0.0056961 0.0000000 0.1870829 0.7301208 0.6411126 0.6306236 0.6963593 0.6628521 0.7188029 0.6358911 0.8233216 0.7594768 0.7594768 0.7904346 0.6672508 0.7108251 0.8403740 0.7648515 0.5882122 0.6608927 0.7223992 0.6952833 0.8611039 0.7636873 0.6521375 0.5687529 0.6070685 0.8558188 0.7913930 0.5020256 0.7581595 0.6561318 0.9026359 0.8354690 0.8073132 0.8073132 0.9403173 0.9633953 0.7550827 0.7550827 1.0080929 0.7487769 0.7345164 0.9665379 0.8124801 0.8595610 0.7739992 0.9821040 1.3802676 0.9949408 1.2360529 1.1305426 1.1755919 1.2860588 1.3028285 1.2249932 1.0452337 0.9658270 1.0468884 0.9972693 1.1044715 1.0941331 0.8789417 1.1430057 1.0206919 1.5505215 1.1385432 0.7303763 1.2182666 0.6119985 1.4892456 
HoiH11_mRNA105                                                    1.1704980 0.6267739 0.7309633 0.7286887 0.6498804 0.6594522 0.6303514 0.4789843 0.5592762 0.7164651 0.7303045 0.6129776 0.7868986 0.7862554 0.5965839 0.5806533 0.5315918 0.5952747 0.1514285 0.1658441 0.1645437 0.1563748 0.1146074 0.1870829 0.0000000 0.7315672 0.6690101 0.6840560 0.6609368 0.6491862 0.6404787 0.5542518 0.7761100 0.7028509 0.7028509 0.7662301 0.6415713 0.6588069 0.6531119 0.6818083 0.5952692 0.5859458 0.6928011 0.6205474 0.8351880 0.7600384 0.6940797 0.6063964 0.5729063 0.7597364 0.7992712 0.5212366 0.7722917 0.6820652 0.8561579 0.7828349 0.8231618 0.8231618 0.7847636 0.7850932 0.7522107 0.7522107 0.8829065 0.7125809 0.6796008 0.7735853 0.8188346 0.8223462 0.7883426 0.9867512 1.1680493 1.0226188 1.1200717 1.0974337 1.1171651 1.1413774 1.1006930 1.0090864 0.9560670 0.8595542 0.9262879 0.9465075 1.0031981 1.0079703 0.8319129 1.0137134 1.0042532 1.6394143 1.0725067 0.7040658 1.3621420 0.6248254 0.9185844 
Clacor_Ccor_scaffold1872_01                                       0.7821772 0.9397703 0.6423166 0.7619871 0.7252527 0.7448764 0.6641650 0.5825133 0.6129337 0.5608147 0.6476574 0.7149946 0.7621409 0.7001662 0.4594898 0.5350036 0.5122304 0.5195240 0.7342110 0.7235985 0.7815514 0.7761297 0.5759446 0.7301208 0.7315672 0.0000000 0.5710681 0.5747383 0.6625243 0.6459366 0.5959218 0.6202511 0.8664118 0.8534884 0.8534884 0.7058631 0.5851279 0.6272051 0.7039162 0.9585301 0.8577558 0.6488969 0.7370591 0.8011138 0.7950321 0.8636994 0.8577379 0.7080463 0.7935151 1.1002748 0.9086808 0.7856689 0.7702288 0.6858309 0.9284444 1.1319004 0.8866838 0.8866838 1.0090093 1.0074379 0.9564969 0.9564969 1.0779175 0.7957074 0.7994505 0.8398253 0.7863728 0.8896372 0.8873725 0.8064386 1.2620950 0.8788130 0.9524221 0.9996443 0.9352722 0.9420875 1.2623006 1.1600280 0.8313695 0.8788660 0.8042621 0.7759672 0.9441015 0.7562062 0.7520106 0.8809233 0.7313934 1.2208264 1.1359524 0.8730852 1.5304966 0.6626570 1.3011885 
Spis_XP_022786715_1                                               1.0099939 0.9598008 0.4958476 0.7338488 0.4885662 0.6284070 0.5299529 0.3977916 0.5451174 0.5007827 0.6471630 0.6884151 0.6458603 0.5420643 0.7067740 0.6488050 0.6824032 0.6639070 0.6236163 0.6408435 0.6637533 0.6593890 0.5056695 0.6411126 0.6690101 0.5710681 0.0000000 0.0092672 0.1668322 0.1786677 0.2210859 0.2201605 0.3932430 0.4413629 0.4413629 0.6346354 0.5162343 0.5862148 0.6129417 0.7531108 0.5859784 0.6337449 0.5775151 0.5467700 0.5902478 0.4985901 0.7489647 0.6386251 0.7113955 0.9570575 0.8796108 0.6474629 0.7477568 0.6667323 0.8937618 0.9109749 0.8318686 0.8318686 0.8318659 0.8456332 0.8248024 0.8248024 0.9593647 0.8227886 0.7410325 0.8114924 0.5529080 0.6427365 0.7749361 0.7175211 1.7831503 0.9553929 1.0478023 1.0943270 1.0125038 1.1009741 1.2112162 1.1536829 0.9754247 0.9427088 0.8250470 0.9286422 1.0127949 0.9459417 0.7897241 1.0300470 0.9202285 1.4598502 1.0773978 0.6460794 1.3251608 0.7071463 1.0025278 
Pocdam_XM_027202874.1                                             0.9782145 0.9598008 0.5297489 0.7485702 0.4914132 0.6416313 0.5476668 0.4007649 0.5485253 0.5038438 0.6515263 0.6930938 0.6434853 0.5542009 0.7116120 0.6531397 0.6870811 0.6682892 0.6213192 0.6384808 0.6677547 0.6633893 0.4955051 0.6306236 0.6840560 0.5747383 0.0092672 0.0000000 0.1787464 0.1910991 0.2283424 0.2137922 0.3851650 0.4331452 0.4331452 0.6300709 0.5057226 0.5750555 0.6170017 0.7531108 0.5859784 0.6219833 0.5754776 0.5448556 0.6035808 0.4947802 0.7483058 0.6408017 0.7138523 0.9557007 0.8785616 0.6467943 0.7470414 0.6663235 0.8925077 0.9098034 0.8309404 0.8309404 0.8310364 0.8447401 0.8239782 0.8239782 0.9579188 0.8107473 0.7469968 0.8177218 0.5433661 0.6567778 0.7909029 0.7146959 1.7831503 0.9399034 1.0561771 1.1030821 0.9958620 1.0726702 1.2214904 1.1631153 0.9828555 0.9502699 0.8312859 0.9283381 1.0238132 0.9331707 0.7953885 1.0386360 0.9276458 1.4736040 1.0765048 0.6431522 1.3251608 0.7071463 1.0238620 
Gasp_gasp1.m3.29239.m1                                            0.9807030 0.9414579 0.5418408 0.7477756 0.5055995 0.6907956 0.5660471 0.3840629 0.6229003 0.5360013 0.7062231 0.6830306 0.6937236 0.5407095 0.7448962 0.6942005 0.7343448 0.7611569 0.6554183 0.6565773 0.6675749 0.6649436 0.5633897 0.6963593 0.6609368 0.6625243 0.1668322 0.1787464 0.0000000 0.1055238 0.1538064 0.1695557 0.3502890 0.4152921 0.4152921 0.6387980 0.5304613 0.5820400 0.6321441 0.6523036 0.4982800 0.6853518 0.5596282 0.5718617 0.5848640 0.4474083 0.6782750 0.5868192 0.6624012 0.9253002 0.8951836 0.6346298 0.7362252 0.6717559 0.9206600 0.9163302 0.8452346 0.8452346 0.8914075 0.8840318 0.9132635 0.9132635 0.9675867 0.8092695 0.7916308 0.7546332 0.5463211 0.6887790 0.7897403 0.7450549 1.5923622 0.9242287 1.0738926 1.1162169 1.0365874 1.1048137 1.1386840 1.2275677 1.0578812 0.9046682 0.8936776 0.9491733 0.9570291 0.9576398 0.7747639 1.0235833 0.9108144 1.3548090 1.0481420 0.7015595 1.3015735 0.6706742 1.1843270 
Fspp_ffun1.m4.22447.m1                                            0.8574781 0.9676644 0.5459372 0.7506775 0.5390046 0.6782054 0.5802307 0.3940457 0.6097355 0.5694478 0.7264645 0.6930681 0.7352229 0.5787693 0.7072963 0.6177705 0.6937985 0.6368874 0.6294667 0.6302262 0.6415200 0.6372107 0.5512256 0.6628521 0.6491862 0.6459366 0.1786677 0.1910991 0.1055238 0.0000000 0.1601036 0.2116081 0.3748704 0.4348382 0.4348382 0.7179734 0.5834889 0.6246377 0.5605501 0.6759608 0.5280426 0.6917496 0.5441499 0.5467929 0.5719617 0.4888187 0.6976381 0.6089033 0.6817434 0.8970292 0.9065249 0.6353977 0.7739544 0.7102263 0.9407891 0.9636416 0.8990396 0.8990396 0.8957279 0.8871252 0.9495141 0.9495141 0.9707613 0.7851446 0.7816735 0.7182588 0.5280687 0.6235372 0.6979366 0.7558561 1.4404265 0.8784678 0.9981689 1.0274847 1.0065726 1.0719319 1.1373045 1.0968019 1.0028141 0.9069293 0.8217551 1.0014097 0.9319206 0.9218228 0.8297192 1.0425836 0.9259847 1.4502485 0.9838476 0.6576504 1.3970104 0.6460315 0.8381360 
Gfas_gfas1.m1.18120.m1                                            0.9954026 0.8984792 0.5371636 0.7045082 0.5255648 0.6902801 0.5908087 0.4204110 0.6790743 0.5748127 0.7153425 0.7438163 0.6441427 0.5088899 0.7329962 0.6837652 0.6719481 0.6912920 0.6813581 0.6844722 0.7389272 0.7338307 0.5257016 0.7188029 0.6404787 0.5959218 0.2210859 0.2283424 0.1538064 0.1601036 0.0000000 0.1648980 0.3257255 0.4703457 0.4703457 0.6869309 0.5778056 0.5857743 0.6398071 0.7446706 0.5387625 0.6684843 0.4989346 0.5374131 0.6026446 0.5418688 0.6864180 0.6205596 0.6516206 0.8981083 0.8352960 0.5438220 0.6939052 0.6305044 0.9356104 0.9345736 0.8252522 0.8252522 0.8412377 0.8365155 0.8991137 0.8991137 0.8920104 0.8171448 0.8244084 0.7191805 0.5816602 0.7009824 0.7806670 0.7507177 1.7964406 1.0033787 1.1434663 1.1105588 1.0593534 1.1385819 1.2345852 1.2068562 1.0103515 0.9438285 0.8848557 0.9829185 1.0078741 0.9931366 0.8585635 1.0093082 0.9205718 1.4062729 1.1080067 0.6506449 1.2279958 0.6605705 1.0706677 
Amil_Amillepora10700-RA                                           0.9920110 0.8835352 0.6510065 0.7305293 0.5468603 0.6802795 0.6073470 0.4461106 0.6527879 0.5515120 0.7179441 0.7182516 0.6652748 0.5570506 0.7536705 0.6574645 0.6540474 0.6782516 0.6078622 0.6230013 0.6472167 0.6446203 0.4601364 0.6358911 0.5542518 0.6202511 0.2201605 0.2137922 0.1695557 0.2116081 0.1648980 0.0000000 0.1241793 0.4714192 0.4714192 0.6409950 0.5215381 0.5721097 0.6331324 0.6779851 0.4607735 0.6286844 0.5254367 0.5607330 0.6404678 0.5112716 0.6373945 0.5584880 0.6186543 0.8969615 0.8367627 0.5488545 0.6692926 0.5892146 0.8571356 0.8745740 0.7789786 0.7789786 0.8561402 0.8486265 0.8133387 0.8133387 0.8823106 0.7579652 0.7878755 0.7325489 0.6067686 0.7121366 0.8376044 0.7701092 1.7013791 1.0016309 1.2100753 1.0918612 1.0454574 1.1237030 1.2412504 1.2248505 1.0384818 0.9094831 0.8705130 1.0130703 1.0204581 1.0122999 0.8229654 1.0374920 0.9303187 1.4189163 1.1174605 0.6391068 1.2491596 0.6748759 1.0601011 
Adig_XM_015924738.1                                               0.9719008 1.3287668 0.6510065 1.0286535 0.7199518 1.0109366 0.7944536 0.4669465 0.8708015 0.8331509 1.0506440 0.9880899 0.8784446 0.7671221 1.0042735 0.8815748 0.9249682 0.9333191 0.7855881 0.7985756 0.8295542 0.8259474 0.6369850 0.8233216 0.7761100 0.8664118 0.3932430 0.3851650 0.3502890 0.3748704 0.3257255 0.1241793 0.0000000 0.7160815 0.7160815 0.8293570 0.7621041 0.8324845 0.8502580 1.4070623 0.7816976 0.8631524 0.7279531 0.7759489 0.8698994 0.5090596 0.8466042 0.7778886 0.8410577 1.1625938 1.0599850 0.5488545 0.7222917 0.6402081 0.8758168 1.0900224 0.9826349 0.9826349 1.0566052 1.0496197 1.0489345 1.0489345 1.1198233 0.9713145 1.0961935 0.8965611 0.8676237 0.9955116 1.1013880 0.9731217 2.3395502 1.3035787 1.3426182 1.2820142 1.2968203 1.3045582 1.2596385 1.2907963 1.1682028 1.2434860 1.1617794 1.3697691 1.2057462 1.1975632 1.0907989 1.3331200 1.2476872 1.5308905 1.3319082 0.6740892 1.4700989 1.1770311 1.0151439 
Exapal_XM_021038720.2                                             1.1166981 0.8671548 0.5293082 0.8180101 0.5505694 0.6258862 0.5575944 0.4926786 0.6644294 0.6448610 0.7944139 0.8217832 0.6785879 0.5247944 0.7277922 0.7071358 0.7494763 0.7010034 0.7363500 0.7300443 0.7619633 0.7567921 0.5483766 0.7594768 0.7028509 0.8534884 0.4413629 0.4331452 0.4152921 0.4348382 0.4703457 0.4714192 0.7160815 0.0000000 0.0000010 0.7529911 0.6642743 0.7322893 0.7670982 0.9176365 0.4968677 0.7705285 0.5921366 0.5641516 0.6031132 0.3442014 0.7475834 0.6716242 0.7086154 0.9119739 0.9093779 0.6200494 0.7460920 0.6544857 0.9600056 0.8550025 0.8878810 0.8878810 0.9608522 0.9686374 0.9294779 0.9294779 0.9823986 0.8113382 0.8413829 0.9717825 0.5467575 0.7127613 0.8139224 0.7311814 1.4192375 1.0004536 1.0879397 1.0696167 1.0236660 1.0538035 1.2329130 1.1670579 1.0243566 0.9681013 0.9343160 0.9730900 1.0821967 0.9804077 0.8011045 1.0590502 0.9513221 1.4008322 1.0712925 0.6583180 1.4255030 0.6697243 1.6514819 
Exapal_XM_021050800.2                                             1.1166981 0.8671548 0.5293082 0.8180101 0.5505694 0.6258862 0.5575944 0.4926786 0.6644294 0.6448610 0.7944139 0.8217832 0.6785879 0.5247944 0.7277922 0.7071358 0.7494763 0.7010034 0.7363500 0.7300443 0.7619633 0.7567921 0.5483766 0.7594768 0.7028509 0.8534884 0.4413629 0.4331452 0.4152921 0.4348382 0.4703457 0.4714192 0.7160815 0.0000010 0.0000000 0.7529911 0.6642743 0.7322893 0.7670982 0.9176365 0.4968677 0.7705285 0.5921366 0.5641516 0.6031132 0.3442014 0.7475834 0.6716242 0.7086154 0.9119739 0.9093779 0.6200494 0.7460920 0.6544857 0.9600056 0.8550025 0.8878810 0.8878810 0.9608522 0.9686374 0.9294779 0.9294779 0.9823986 0.8113382 0.8413829 0.9717825 0.5467575 0.7127613 0.8139224 0.7311814 1.4192375 1.0004536 1.0879397 1.0696167 1.0236660 1.0538035 1.2329130 1.1670579 1.0243566 0.9681013 0.9343160 0.9730900 1.0821967 0.9804077 0.8011045 1.0590502 0.9513221 1.4008322 1.0712925 0.6583180 1.4255030 0.6697243 1.6514819 
Emue_Em0144g15a.t1                                                1.0139647 1.0111035 0.6460221 0.8182455 0.6262766 0.7647985 0.6147382 0.4635348 0.5374470 0.5850760 0.6957002 0.6708364 0.7591540 0.6625970 0.7352949 0.7301722 0.8060991 0.7123198 0.6937873 0.7259116 0.7223314 0.7189216 0.6397363 0.7904346 0.7662301 0.7058631 0.6346354 0.6300709 0.6387980 0.7179734 0.6869309 0.6409950 0.8293570 0.7529911 0.7529911 0.0000000 0.0270990 0.1901457 0.5307358 0.5067678 0.7101897 0.5894221 0.6452481 0.6763277 0.8185047 0.8186487 0.8448135 0.7438480 0.6700104 0.9406765 1.0094853 0.8027378 0.9248179 0.8261581 1.0738191 0.9942653 0.9730699 0.9730699 0.9930310 1.0096453 1.0017443 1.0017443 1.0316886 0.7487122 0.8151604 0.7724478 0.7987325 0.8693219 0.9004597 0.8176917 1.5781757 0.9835220 1.0142479 1.1294403 0.9525426 1.0286852 1.0452611 1.0378933 1.0268662 0.9355010 0.9132083 0.9483543 0.8644469 1.0518014 0.8726109 1.2045365 1.1373334 1.4917244 1.0414805 0.8080279 1.3951624 0.5819150 1.7057347 
Emue_Em0019g288a.t1                                               0.8281842 1.0111035 0.5202685 0.6783053 0.5279274 0.6219186 0.5360715 0.3831195 0.4497673 0.4919274 0.5789024 0.5570646 0.6582947 0.6080161 0.6219664 0.6417784 0.6753590 0.6034420 0.5909584 0.6166307 0.6156544 0.6132037 0.5395300 0.6672508 0.6415713 0.5851279 0.5162343 0.5057226 0.5304613 0.5834889 0.5778056 0.5215381 0.7621041 0.6642743 0.6642743 0.0270990 0.0000000 0.1417412 0.4429171 0.4633373 0.6608731 0.4730096 0.5556550 0.5802152 0.7329779 0.7339249 0.7618770 0.6708380 0.6811273 0.8520991 0.8910169 0.6713609 0.8253211 0.7397866 0.9786224 0.8726095 0.8568862 0.8568862 0.8688155 0.8807056 0.8611463 0.8611463 0.9538482 0.6427718 0.6567875 0.6389413 0.6555308 0.7271146 0.8109295 0.7329526 1.5174628 0.8941613 0.9920221 1.0126674 0.8642404 0.9555721 1.0281079 1.0252933 0.8919344 0.8128473 0.7848105 0.8644959 0.7917385 0.9277472 0.7941253 1.0122771 0.9485231 1.3472621 0.9672863 0.6967913 1.4828975 0.5450124 0.9724452 
Spolac_c83338_g1_i1_m.3234c83338-g1                               0.8390648 0.7943916 0.5746920 0.7982409 0.6111641 0.6907457 0.6312505 0.4567944 0.4895294 0.5579026 0.6566469 0.6505112 0.7544507 0.6820129 0.6392334 0.6715733 0.7345685 0.6371438 0.6473373 0.6501691 0.6702328 0.6657103 0.5237556 0.7108251 0.6588069 0.6272051 0.5862148 0.5750555 0.5820400 0.6246377 0.5857743 0.5721097 0.8324845 0.7322893 0.7322893 0.1901457 0.1417412 0.0000000 0.4584757 0.4399009 0.6587924 0.4621629 0.5665658 0.5694516 0.7201928 0.8788711 0.7508471 0.6669389 0.6924158 0.9188983 0.8927822 0.6529352 0.8372016 0.7713883 1.0415164 0.8686699 0.7929909 0.7929909 0.8646861 0.8445386 0.8879934 0.8879934 0.9567182 0.7148429 0.7187360 0.7396648 0.7437772 0.7636052 0.8647073 0.8663057 1.6150658 0.9408732 1.0530375 1.0430173 0.9048540 1.0215063 1.1347580 1.0831432 0.9257598 0.8517180 0.7786755 0.8490520 0.9315841 0.9086784 0.8961533 1.0113108 0.9472573 1.4056492 1.0343047 0.7359476 1.5282742 0.5437822 1.1517576 
Stycar_snap_masked-SC_scaffold4735-processed-gene-0.32-mRNA-1     1.0416140 0.8553892 0.4627669 0.8064976 0.6054677 0.7579654 0.6535323 0.3909024 0.6046947 0.6772142 0.6777264 0.6365089 0.8330461 0.7773579 0.7113128 0.6884999 0.7331047 0.6671994 0.8274937 0.8169538 0.8163604 0.8128607 0.5517952 0.8403740 0.6531119 0.7039162 0.6129417 0.6170017 0.6321441 0.5605501 0.6398071 0.6331324 0.8502580 0.7670982 0.7670982 0.5307358 0.4429171 0.4584757 0.0000000 0.0000010 0.7415397 0.4650959 0.6475712 0.6393642 0.7889918 0.8455668 0.7821802 0.6608923 0.6843189 1.0336044 0.9923049 0.6071864 0.7850675 0.6970203 1.0829712 0.9748766 0.8846723 0.8846723 1.0303651 1.0516618 1.0460012 1.0460012 1.0721608 0.8859263 0.7439835 0.7732827 0.7373284 0.7849902 0.9110543 0.9256123 1.4525798 0.9317853 1.0545970 1.0512034 1.0090128 1.2031094 1.1293421 1.0666961 1.0309084 0.8756914 0.8825815 0.8067992 1.0110816 0.8901078 0.9037802 1.0934205 0.9961168 1.4061525 1.0736858 0.7228419 1.4756255 0.6065304 1.2926098 
Stycar_augustus_masked-SC_scaffold47135-processed-gene-0.0-mRNA-1 0.0000010 0.9378705 1.3349054 0.9801169 0.6202199 0.8719469 0.7088296 0.5829369 0.6385320 0.6337396 0.7548315 0.6394646 0.9233578 0.9274253 0.8066544 0.6802980 0.8521682 0.7041435 0.7212763 0.6759014 0.7253256 0.7178079 0.6818380 0.7648515 0.6818083 0.9585301 0.7531108 0.7531108 0.6523036 0.6759608 0.7446706 0.6779851 1.4070623 0.9176365 0.9176365 0.5067678 0.4633373 0.4399009 0.0000010 0.0000000 1.0802427 0.5804538 0.6979892 0.7007327 0.8371988 1.1897889 0.9410039 0.9410039 0.9998816 0.7808858 1.0524771 0.0000010 1.1170561 1.1170561 1.1151007 0.8287633 1.0739576 1.0739576 1.0003941 1.0003941 0.9654539 0.9654539 1.1292332 1.0478736 0.9073714 1.0349439 0.9646040 0.7473277 0.9275226 1.1626324 1.7756304 1.1173167 1.6006454 1.7899031 1.5513285 2.0256828 1.7547136 1.7177262 1.5839741 0.9893900 1.2623257 1.1792989 1.3170063 1.2182530 1.3346663 1.7038958 1.6106449 4.1862705 1.5798864 0.9716419 4.6742944 0.9073714 0.0000010 
