101
Lcom_lcpid206806                                              0.0000000 1.2862557 1.3654799 1.3417434 1.2167763 2.4950388 2.4950388 1.1107953 1.1647352 1.0795771 1.1097692 0.9869110 1.3060621 1.1358659 1.0752808 1.2210412 0.7703391 1.0369001 1.0357359 0.8130210 0.8231120 0.8981353 0.8306537 0.7228455 0.7228455 0.8158471 0.7863105 0.7503185 0.6968536 0.7578306 0.6677053 0.5820542 0.6899291 0.8233145 0.7970490 0.8682043 0.6942384 0.8625946 0.8128808 0.7051545 0.7341381 0.7341381 0.9519792 0.9519792 0.8008722 0.7732579 0.8624791 0.9724517 0.9724517 0.8554332 0.7899068 0.9989517 0.9876562 0.8095925 0.9354307 0.9758653 0.9758653 2.5352405 1.4556860 1.3014032 1.0400954 0.9553205 1.0400954 1.0400954 2.7861535 0.9442113 0.9345361 2.1121479 8.6788854 0.9529043 1.5737410 1.0533198 1.0715354 1.0715354 0.8927544 1.2018118 1.0034794 0.9206863 1.0625263 1.0272043 1.0361635 0.8686762 0.8707463 0.8762745 0.8273609 0.8521004 0.8184615 0.8427687 0.9792451 0.0000010 1.1851310 1.2255661 1.2411120 1.3269309 1.3269309 1.1684571 1.2155140 1.3195952 0.9985414 0.0000010 2.3739666 
Emue_Em0006g1507a.t1                                          1.2862557 0.0000000 0.0231887 1.7410774 0.1982915 0.0000010 0.0000010 0.8184102 0.9868705 0.6420071 0.6540113 0.6681918 0.9011581 0.8632093 0.7858521 0.6672751 1.4527256 0.9449517 0.9258391 0.7956668 0.7685758 1.2604446 0.9852913 0.8800645 0.8800645 0.8310651 0.7803925 0.8061239 0.8116365 0.9210686 0.8760187 0.9124696 0.6269843 0.7319996 0.7319996 0.6111471 0.6912906 0.0000010 0.6799595 0.8465828 0.7933970 0.7933970 0.7846477 0.7846477 0.9919138 1.1028691 0.7614518 0.7545971 0.8561683 0.7155347 0.7966419 0.9115266 0.7530536 1.1069710 0.8341462 1.3425378 1.3678857 0.0000010 2.7145455 2.5133455 1.6471337 3.5130073 0.9236137 1.4109949 9.0000000 1.5292132 1.2978856 0.0000010 0.0000010 3.6004031 0.0000010 1.9704756 1.3376354 1.3376354 1.2760568 1.3221351 0.8537722 1.3786860 1.4533061 1.0733898 1.0063990 1.2059612 1.1004532 1.1207728 1.3202917 1.3063129 0.7746822 0.8185997 1.0762630 0.0000010 0.9858983 1.2773735 1.0896482 1.4800525 1.4800525 1.0417584 1.2963082 0.4996177 0.0000010 0.0000010 3.5517793 
Emue_Em0006g1511a.t1                                          1.3654799 0.0231887 0.0000000 0.0765119 0.1593851 0.3062989 0.2784606 0.8065703 0.7407327 0.6276997 0.6294598 0.6444142 0.9737188 0.9096222 0.8670291 0.7922757 0.9810481 0.9086932 0.9099035 1.0201420 0.8845352 0.9978173 1.0561968 1.1497847 0.9630304 0.9404871 0.9521032 0.9071497 0.9081284 0.9698118 0.9305331 0.8846386 0.8271876 0.8351197 0.8086875 0.8301646 0.8568213 0.8622991 0.8318302 0.9825667 0.9419866 0.9468627 1.0223244 1.0223244 1.0051108 0.9603581 0.9441881 0.9237363 0.9580682 0.8744892 0.9556948 0.9290999 0.9815358 1.0574539 0.9786977 1.4023794 1.1551014 0.8647162 0.9947665 0.9738716 1.2151955 1.0195101 1.0594580 1.1248763 1.1355312 0.9990268 1.0645750 1.2356339 1.0761794 1.1328543 1.1926304 1.2974622 1.0888940 1.1071781 1.0523059 1.0740729 1.2243582 1.1458962 1.0907119 1.0275040 0.9063925 1.1927802 1.0421454 1.2551785 1.2270566 1.1970364 1.0217941 1.0992009 1.3534627 1.1400100 1.2113181 1.3067744 1.2680776 1.4632101 1.8939534 1.1490300 1.2290263 0.5986882 0.5664214 2.2889279 2.9457105 
Emue_Em0006g1508a.t1                                          1.3417434 1.7410774 0.0765119 0.0000000 0.1207675 0.2470275 0.2904077 0.6854312 0.5878894 0.5332299 0.5229569 0.5435936 0.8848389 0.8084323 0.8182437 0.7622902 0.7884498 0.7628789 0.7704053 0.9724357 0.8521425 0.8422247 0.9527571 1.1108006 0.8335077 0.8262068 0.8490558 0.7977569 0.8048786 0.8051489 0.7949865 0.7263507 2.1643918 0.7955234 0.8135830 0.8258567 0.8375776 0.7376236 0.7966697 0.8695131 0.8548023 0.8599856 0.9378806 0.9378806 0.9649894 0.8034123 0.9111649 0.9180243 0.9180243 0.8399579 0.8444265 0.8049582 0.8912491 0.9278586 0.9012219 1.3162308 0.9462453 0.7329633 0.8349654 0.8456717 0.9435462 0.8215334 0.9172014 0.9569785 0.8010145 0.8241922 0.8884753 0.9901366 0.8277160 0.9098275 1.0167216 0.9361136 0.8883243 0.9673491 0.8621202 0.9120682 1.2025360 0.9910316 0.9064077 0.9257241 0.7643833 1.0160422 0.8362230 1.1564821 1.0463845 0.9855143 1.0797012 1.0811020 1.2314707 0.8772277 1.0660599 1.0979869 1.1214636 1.2314140 1.9745951 1.0196777 1.0085703 0.6246584 0.5266300 1.2660315 2.5165355 
Spolac_c102993_g1_i1_m.32008c102993-g1                        1.2167763 0.1982915 0.1593851 0.1207675 0.0000000 0.2435270 0.3214940 0.6913215 0.6836547 0.5598517 0.5306068 0.5645188 0.8006240 0.7321059 0.7249954 0.6941559 0.8290209 0.7913475 0.7949854 0.9407132 0.8154149 0.9307113 1.0015032 0.9894525 0.8121289 0.8105100 0.8197650 0.7916084 0.8133100 0.8332513 0.8186661 0.7731899 0.8420974 0.7754303 0.7775367 0.7622469 0.7638286 0.7454226 0.7727609 0.9169550 0.8591638 0.8631175 0.9168841 0.9168841 0.9384241 0.8627875 0.8383550 0.8231970 0.8437605 0.8164053 0.7439544 0.8194227 0.8565942 1.0015927 0.8419012 1.2205812 0.9925812 0.7555349 0.8214526 0.8289426 1.0169371 0.8758582 0.8934569 0.9438307 0.9118353 0.8572707 0.9232040 1.1046867 0.9004020 1.0169490 0.9862077 1.0384326 0.9289977 0.9826565 0.8647143 0.9131975 0.9514039 1.0092986 0.8969920 0.9436664 0.7854826 1.0893826 0.9092365 1.1842458 1.1524978 1.0800987 0.9943238 0.9888803 1.2595776 0.9131478 1.0226171 1.1498591 1.1044553 1.3444194 1.7288364 1.0034054 1.1138667 0.5686472 0.6142046 1.2560477 2.7041369 
Emue_Em0006g1555a.t1                                          2.4950388 0.0000010 0.3062989 0.2470275 0.2435270 0.0000000 0.0276962 0.5680337 0.4199257 0.5292088 0.5097505 0.5355073 0.8192933 0.7919775 0.8166720 0.7044737 0.6143740 0.6318808 0.6318808 0.6510024 0.5585157 0.6079680 0.8845681 3.4195529 0.8185671 0.7705865 0.8089434 0.6349521 0.7003942 0.7138317 0.6934418 0.6483035 0.2305079 0.6541429 0.8999764 0.7145373 0.5722994 0.5559002 0.5335252 0.8226747 0.8026179 0.8026179 0.8555508 0.8555508 1.0507962 0.6065869 0.8267160 0.5945524 0.5945524 0.6960441 0.7177724 0.8007016 0.8175103 0.7455826 0.7726295 2.2055140 0.7764751 0.6341567 0.6285029 0.6826398 0.6955129 0.5584089 0.6955129 0.6955129 0.5584089 0.5584089 0.6589342 0.6400641 0.6400641 0.6400641 0.6522845 0.7123127 0.6112354 0.5876828 0.6478626 0.7313126 3.5089067 0.7328680 0.6437042 0.6926080 0.5882798 0.9470128 0.8202126 1.3192466 1.2679861 1.2141349 1.4019514 1.4565635 1.3902060 1.0331515 1.0432473 1.1176327 1.2159143 1.1359035 3.9062373 0.9473456 1.0913922 1.1363148 1.8414530 0.9441534 3.0285350 
Emue_Em0155g7a.t1                                             2.4950388 0.0000010 0.2784606 0.2904077 0.3214940 0.0276962 0.0000000 0.6177243 0.4700148 0.5867050 0.5226334 0.6232040 0.7990494 0.8093400 0.8166720 0.6717860 0.6274492 0.6392997 0.6392997 0.7223356 0.6162009 0.5538370 0.9109258 3.4195529 0.8217218 0.8519863 0.8856237 0.7100026 0.7507779 0.7738523 0.6757346 0.7459601 0.2305079 0.6977434 0.8989150 0.7912273 0.6186944 0.6160677 0.5764260 0.8834866 0.8646507 0.8646507 0.9158295 0.9158295 1.1934939 0.6873359 0.8966760 0.6041167 0.6041167 0.7059364 0.7177724 0.8377812 0.8162731 0.7567967 0.7757299 2.2055140 0.7908689 0.6593168 0.6536294 0.7043407 0.7157319 0.5888029 0.7157319 0.7157319 0.5888029 0.5888029 0.6806692 0.6669144 0.6669144 0.6669144 0.6522845 0.6934739 0.6361634 0.5876828 0.6702250 0.7488748 3.5089067 0.6987545 0.6398353 0.6878839 0.6442818 1.0049617 0.8441533 1.2461360 1.1934512 1.1616288 1.5039255 1.3669785 1.3363453 0.9529346 1.0383433 1.1666048 1.2252462 1.1065460 4.4436194 0.9483854 1.0896600 1.1151944 1.8414530 0.9441534 3.0285350 
Aque_Aqu2.1.19258_001                                         1.1107953 0.8184102 0.8065703 0.6854312 0.6913215 0.5680337 0.6177243 0.0000000 0.3295830 0.4878053 0.6247347 0.8120868 0.8560182 0.7832180 0.7971303 0.8033641 0.8173660 0.8519048 0.8571322 0.8770887 0.8187778 0.9119830 0.9590835 1.0496856 0.8682630 0.8570624 0.8584556 0.8102915 0.8235581 0.8295317 0.9191877 0.8472095 1.2678396 0.8035633 0.8670595 0.7779128 0.8392786 0.6783427 0.8454291 0.8193960 0.7880404 0.8026454 0.8383953 0.8383953 1.0240703 0.8276283 0.8023754 0.9497682 0.9691839 0.8172637 0.8402729 0.8094020 0.8630033 0.9517330 0.8383749 1.2021976 0.9672587 0.6527489 0.8794479 0.8710308 1.0824351 0.9508530 0.9579271 1.0148676 1.0334779 0.9381403 0.8844194 0.9771993 0.8463289 0.9416326 0.9836125 1.0401767 0.9418416 0.9836449 0.9191802 0.9880004 0.9621199 1.0155269 0.9143767 0.9884448 0.8795865 0.9660709 0.8513448 1.0594684 1.1070146 0.9914302 1.2182359 1.1122632 1.2331512 0.9369682 1.0358067 1.0112976 1.0300614 1.2322701 1.7249427 1.1036880 1.0702158 0.8100619 0.7494852 1.1769872 2.5345265 
Halamb_c45636_g1_i2mm.1728                                    1.1647352 0.9868705 0.7407327 0.5878894 0.6836547 0.4199257 0.4700148 0.3295830 0.0000000 0.3506070 0.6340049 0.7243222 0.8693418 0.8686725 0.8113406 0.8175347 0.8929144 0.8322872 0.8349433 0.8576335 0.8579447 0.8630745 1.0058592 0.9072319 0.7511043 0.7917275 0.8075012 0.7124545 0.7362878 0.7421970 0.8603932 0.8194053 1.2600289 0.7812038 0.8306454 0.8078949 0.8151187 0.6731161 0.8044018 0.8127183 0.8053798 0.8146385 0.8078538 0.8078538 0.9272151 0.7767555 0.8754925 0.9495175 0.9687748 0.8610545 0.9553037 0.8317508 0.9022125 0.8875765 0.8105573 1.2781211 0.9814989 0.6180303 0.8122559 0.8245727 1.0763784 0.9334691 0.9729756 1.0314638 0.9773091 0.9242912 0.9255842 0.8828367 0.7676770 0.8579833 1.0484703 1.0658455 0.9641968 1.0473344 0.9619042 0.9731650 1.0769443 1.0854932 1.0137890 0.9583995 0.8993144 0.9358162 0.9176211 1.0572513 1.0340805 0.9532400 1.1039611 1.0283769 1.1783272 0.9029599 1.0862139 1.0417989 1.0763732 1.1761870 1.7934812 1.1042929 1.1176800 0.7796519 0.6715418 1.3715416 2.6200446 
Xestes_maker-XT_scaffold5642-augustus-gene-0.30-mRNA-1        1.0795771 0.6420071 0.6276997 0.5332299 0.5598517 0.5292088 0.5867050 0.4878053 0.3506070 0.0000000 0.5221076 0.6472880 0.8606178 0.8452282 0.7763781 0.8372100 0.8116865 0.6224604 0.6223367 0.7956632 0.7217313 0.7855924 0.9088878 0.9745862 0.7356137 0.7786937 0.7815620 0.7026971 0.7174320 0.7777126 0.7501486 0.6925823 1.3089024 0.7389768 0.7646806 0.7393992 0.7478246 0.6973694 0.7809653 0.7538447 0.7593125 0.7634502 0.7508795 0.7508795 0.9914738 0.7762921 0.7636871 0.9312266 0.9312266 0.7894597 0.8788471 0.7986991 0.9233397 0.8164771 0.7838497 0.9524760 0.7961209 0.6164143 0.8507981 0.8358380 0.9388406 0.9063490 0.9363196 0.9388406 0.8849087 0.9177098 0.8488872 1.0183370 0.8396990 0.8997134 1.1734993 0.9188548 0.8433883 0.9249978 0.8077130 0.8453737 0.9473477 0.9633686 0.8532005 0.8895826 0.7641090 0.9900692 0.9404322 1.1167813 1.0204101 0.9756295 1.1454995 1.1261239 1.1911221 0.8480054 0.9990183 1.0614805 1.0233162 1.0976942 1.7246228 1.0120876 0.9433129 0.6799898 0.6868579 1.1751232 2.7818461 
Tetwil_g13814.t1                                              1.1097692 0.6540113 0.6294598 0.5229569 0.5306068 0.5097505 0.5226334 0.6247347 0.6340049 0.5221076 0.0000000 0.4430017 0.6137377 0.5793193 0.5401885 0.5376660 0.7134186 0.7651927 0.7773879 0.7754088 0.6285806 0.7994566 0.8313056 0.9268461 0.7581785 0.7626496 0.7632629 0.7289572 0.7084215 0.7570810 0.7699889 0.6988611 0.6833632 0.6574393 0.6799784 0.6535722 0.7028310 0.7050307 0.7094063 0.7718201 0.7849995 0.7951982 0.7830406 0.7830406 0.9476056 0.8109680 0.7480150 0.7427074 0.7574138 0.6729304 0.6684889 0.7086241 0.8226204 0.8868133 0.7735152 1.2423073 0.9669579 0.7099466 0.8406383 0.8656431 1.0431570 0.9211415 0.9370368 0.9952250 0.9609070 0.9384823 0.8676833 0.9103123 0.7574603 0.8667263 0.9730939 1.0322189 0.9334933 0.9431435 0.8905899 1.0112476 0.9528425 0.9412252 0.8475182 0.9498030 0.8132738 0.9899465 0.9155179 0.9834256 0.8836405 0.8132505 0.9018451 0.8207646 1.0589081 0.8751672 0.8734518 0.9747330 0.9338469 1.1252697 1.6958957 0.9211611 0.9585966 0.5267151 0.5665532 1.1951083 2.6990646 
Plespi_Pspi_scaffold13724_01                                  0.9869110 0.6681918 0.6444142 0.5435936 0.5645188 0.5355073 0.6232040 0.8120868 0.7243222 0.6472880 0.4430017 0.0000000 0.7891359 0.7519406 0.6830784 0.7318015 0.7897983 0.8882443 0.9076957 0.8127065 0.7431709 0.8848625 0.9517589 0.9056418 0.7629740 0.7418097 0.7474570 0.7401695 0.7155961 0.7649406 0.7816925 0.7094903 0.6093301 0.6837334 0.6424715 0.6724084 0.6940553 0.7847429 0.7718979 0.7556016 0.7521791 0.7531532 0.7204515 0.7204515 0.8402203 0.7672225 0.7556294 0.7898244 0.8076957 0.7311254 0.6393983 0.8226606 0.9087113 0.9279013 0.7783264 1.2556868 0.9436031 0.5778659 0.8638864 0.8520806 0.9570948 0.7929703 0.8538743 0.9045140 0.8110961 0.7937694 0.8700119 0.9089023 0.7160716 0.8533678 0.9099401 1.0027711 0.9818833 1.0466349 0.9170579 0.9627526 1.0637385 0.9683780 0.9281331 0.9833096 0.9759098 1.0609862 0.9157835 1.0848041 0.9551859 0.9479790 0.9565128 0.9141061 1.0921344 0.6779889 0.9852114 1.0095694 0.9381445 1.1752878 1.7237512 0.8586331 0.9977770 0.5248404 0.5718997 1.3935077 2.8023149 
Lcom_lcpid69773                                               1.3060621 0.9011581 0.9737188 0.8848389 0.8006240 0.8192933 0.7990494 0.8560182 0.8693418 0.8606178 0.6137377 0.7891359 0.0000000 0.2453342 0.2018003 0.2134762 1.0274826 0.9347628 0.9559478 1.0037631 0.8096195 0.8648657 0.9521026 1.0239809 0.9114669 0.8704938 0.8876210 0.8803527 0.8718642 0.8762229 0.9151710 0.9825382 1.2390063 0.8144949 0.8534900 0.7962522 0.7995424 0.5846292 0.8580747 0.8984519 0.9258452 0.9271594 0.8998202 0.8998202 1.0823370 0.9938058 0.9728560 0.9685137 0.9999537 0.7408502 0.6090521 0.8553025 0.8563455 1.1591337 1.0150057 1.1687042 1.0433053 0.9770166 0.9294463 0.9670248 1.1122124 0.9357637 1.0434347 1.0874664 1.0090530 0.9464227 1.0701049 1.0157344 0.9201111 0.9062016 1.1184360 1.1814146 1.0181992 1.0222231 0.9741453 1.0168568 1.1174235 1.1242204 1.0845438 1.2061157 1.1222458 1.1211316 1.2300441 1.2523502 1.1582369 1.1387805 1.2403196 1.0636536 1.2929756 1.0128269 1.1483159 1.1807861 1.1414066 1.2942217 1.7881971 1.0815344 1.0769245 0.8336392 0.8526501 1.0711583 3.1218187 
Gracom_Gcom_scaffold16302_01                                  1.1358659 0.8632093 0.9096222 0.8084323 0.7321059 0.7919775 0.8093400 0.7832180 0.8686725 0.8452282 0.5793193 0.7519406 0.2453342 0.0000000 0.1650784 0.2258412 0.9290705 0.8579611 0.8761273 0.9009869 0.7975587 0.7991384 0.9100121 1.0061551 0.8624237 0.8509905 0.8608834 0.8554417 0.8453926 0.8631973 0.8815361 0.8233790 1.2251570 0.7742294 0.7644285 0.8124922 0.8395395 0.6488669 0.8165790 0.8894530 0.8826828 0.8839062 0.9132961 0.9132961 1.0089603 0.9340294 0.8500820 0.8453991 0.8740547 0.7292826 0.5804838 0.8131952 0.7901485 1.0889249 0.9677913 1.1611898 1.0201823 0.9341445 0.9494892 0.9752601 1.0834549 0.8828172 0.9835803 1.0233379 0.9857741 0.8925064 1.0356024 1.0502257 0.9289108 0.9258310 1.1646544 1.1980413 1.0412941 1.0527677 0.9616099 1.0388578 1.1000845 1.0873643 1.0569125 1.1630328 1.0267478 1.0749319 1.0438025 1.1479598 1.1581233 1.1054023 1.1744016 1.0740172 1.2267623 0.9560918 1.1150755 1.1901147 1.1939859 1.2127667 1.6065828 1.1673466 1.0723622 0.8307196 0.8516255 0.8476109 2.7982744 
Leuniv_Lniv_scaffold6931_01                                   1.0752808 0.7858521 0.8670291 0.8182437 0.7249954 0.8166720 0.8166720 0.7971303 0.8113406 0.7763781 0.5401885 0.6830784 0.2018003 0.1650784 0.0000000 0.1561501 0.9216785 0.8741040 0.8934598 0.8515739 0.7187591 0.7785438 0.8690067 0.9178064 0.8120660 0.7736464 0.7885596 0.7895029 0.7959959 0.8138268 0.8256983 0.7813523 1.1545592 0.7674396 0.7117012 0.7546500 0.7985719 0.6226216 0.7384590 0.8074575 0.8412767 0.8425198 0.8404007 0.8404007 0.8885045 0.8511063 0.8075268 0.9033114 0.9368349 0.7159947 0.5178869 0.7011555 0.7438886 1.1218959 0.9691543 1.0617542 0.9688348 0.8890663 0.8619033 0.8998823 1.0427004 0.7969079 0.9285569 0.9771658 0.9193520 0.8098188 0.9412829 0.8241936 0.7737524 0.7622394 0.8932323 1.1032147 0.9589140 0.9484073 0.8621687 0.9599510 0.8917449 0.9769486 1.0565499 1.1800730 1.0438784 0.9829314 1.1057792 1.0790772 1.0708577 1.0443896 1.1387242 1.0243462 1.2389821 0.9485982 0.9650008 1.1502186 1.1015609 1.1797310 1.5970315 1.0756191 1.0235559 0.6846390 0.6649244 0.9102422 2.9749869 
Scil_scict013833.1                                            1.2210412 0.6672751 0.7922757 0.7622902 0.6941559 0.7044737 0.6717860 0.8033641 0.8175347 0.8372100 0.5376660 0.7318015 0.2134762 0.2258412 0.1561501 0.0000000 0.9125209 0.9107672 0.9320115 0.9176539 0.7907109 0.7912827 0.8629989 0.9127989 0.8113297 0.8153839 0.8162067 0.8272238 0.8259241 0.8536434 0.8130798 0.8016204 1.0453400 0.7595661 0.7902095 0.7573488 0.7602377 0.6082930 0.7259482 0.8231840 0.8187004 0.8197514 0.8247338 0.8247338 1.0534341 0.8923079 0.8585466 0.8327387 0.8607289 0.6755675 0.5942058 0.7398515 0.7532853 1.1181215 0.9843847 1.1724671 0.9990273 0.8897771 0.9103426 0.9361629 1.0248045 0.8142345 0.9274675 0.9804729 0.8595965 0.8257100 0.9596987 0.8450075 0.7872727 0.7884055 0.9372118 1.0840232 0.9721784 1.0043940 0.8843438 0.9706898 1.0253736 1.0713086 0.9399265 1.0838932 1.0332212 1.0156308 1.1082370 1.1155818 1.1530697 1.0938743 1.1539783 0.9876592 1.1451915 1.0532806 0.9673168 1.0461850 0.9802168 1.1774571 1.6975462 1.0706232 1.0601338 0.6911558 0.7241419 1.0533558 2.9390392 
Bralan_BLAG19000072_1                                         0.7703391 1.4527256 0.9810481 0.7884498 0.8290209 0.6143740 0.6274492 0.8173660 0.8929144 0.8116865 0.7134186 0.7897983 1.0274826 0.9290705 0.9216785 0.9125209 0.0000000 0.6752510 0.6741055 0.5949943 0.5972467 0.7363907 0.8424663 0.9438748 0.6806487 0.6849723 0.6852081 0.6846464 0.6972166 0.6720306 0.7415916 0.7306907 1.2460505 0.8026972 0.9354001 0.7762999 0.8035527 0.7700427 0.7561450 0.7865179 0.8469875 0.8589651 0.8019112 0.8019112 0.9674009 0.7329818 0.7439272 0.7982030 0.7982030 0.7799766 0.7916576 0.9623676 0.9712904 0.7697825 0.8026004 0.9140793 0.8184007 0.8194885 0.8445904 0.8037358 0.9235642 0.8391425 0.9235642 0.9235642 0.8410801 0.8496641 0.8431983 0.9372982 0.9171815 0.8334030 0.8610020 0.8644422 0.7998030 0.8028928 0.7671098 0.9258915 0.8922414 0.8775281 0.8311172 0.9300836 0.7590911 0.9351840 0.9568468 1.0406987 0.9477874 0.8891096 1.1466759 1.0241178 1.0674591 0.7360745 0.9299094 1.1235757 1.0543233 1.2302253 1.9216456 1.1924084 1.0656898 1.1047379 1.1505303 1.0757088 2.8337226 
Spur_XM_030992717.1                                           1.0369001 0.9449517 0.9086932 0.7628789 0.7913475 0.6318808 0.6392997 0.8519048 0.8322872 0.6224604 0.7651927 0.8882443 0.9347628 0.8579611 0.8741040 0.9107672 0.6752510 0.0000000 0.0120574 0.5261074 0.6664496 0.9600751 1.0406426 1.0198144 0.7905240 0.7672841 0.7748119 0.7325796 0.7357330 0.7812797 0.7939934 0.7676981 0.9473320 0.8002688 0.8466657 0.7483076 0.8027802 0.7881752 0.7352205 0.7295458 0.7285634 0.7371520 0.7593361 0.7593361 1.0695043 0.8759241 0.6891689 0.9131971 0.9099190 0.8059107 0.9940100 0.8663028 0.8351823 0.8115290 0.7301486 1.1328836 0.9776323 0.7705162 0.8745580 0.8539138 1.0322317 0.9085905 1.0187899 1.0459297 0.9110307 0.9257539 0.9460101 0.9748809 0.8924117 0.9256748 0.9345587 1.0133431 0.9626453 0.9859188 0.8944222 0.8735038 0.9650280 0.9686289 0.8684484 0.9214328 0.8290285 1.0542304 0.9673585 1.0085009 1.0540079 0.9821867 1.1408208 1.0445875 1.1110029 0.7978316 1.0750297 1.1404226 1.1315027 1.1357967 1.5455573 1.0025107 1.0237087 0.9259757 0.8648637 1.1350807 3.0172495 
Spur_XM_030992745.1                                           1.0357359 0.9258391 0.9099035 0.7704053 0.7949854 0.6318808 0.6392997 0.8571322 0.8349433 0.6223367 0.7773879 0.9076957 0.9559478 0.8761273 0.8934598 0.9320115 0.6741055 0.0120574 0.0000000 0.5391612 0.6665137 0.9674123 1.0347998 1.0439751 0.8074086 0.7825615 0.7900860 0.7474933 0.7505473 0.8046739 0.7965450 0.7701747 0.9776495 0.8110001 0.8595420 0.7576338 0.8124368 0.7870350 0.7456681 0.7276153 0.7242847 0.7328006 0.7700253 0.7700253 1.0888821 0.8789043 0.6814020 0.9349597 0.9316718 0.8253588 1.0111351 0.8859032 0.8301378 0.8062064 0.7385836 1.1312237 0.9838083 0.7873316 0.8843820 0.8629682 1.0506042 0.9191628 1.0275260 1.0546335 0.9260038 0.9363255 0.9613182 0.9881607 0.9088334 0.9368901 0.9519349 1.0225803 0.9770052 1.0022629 0.8873554 0.8596752 0.9643344 0.9887198 0.8761763 0.9289488 0.8218320 1.0679142 0.9780900 1.0217642 1.0831238 0.9939628 1.1365877 1.0511105 1.1247809 0.8148917 1.0765777 1.1520491 1.1505907 1.1672682 1.5898136 1.0111314 1.0413902 0.9312010 0.8394104 1.1350807 3.0754230 
Skow_XM_002733283.2                                           0.8130210 0.7956668 1.0201420 0.9724357 0.9407132 0.6510024 0.7223356 0.8770887 0.8576335 0.7956632 0.7754088 0.8127065 1.0037631 0.9009869 0.8515739 0.9176539 0.5949943 0.5261074 0.5391612 0.0000000 0.5475752 0.9386168 0.8952045 1.0918048 0.8461873 0.8562203 0.8591690 0.8382453 0.8084371 0.8465789 0.8666100 0.8064037 0.8720322 0.6925223 0.7365680 0.6568280 0.7087932 0.7303830 0.6989991 0.6542805 0.7177148 0.7260979 0.6615867 0.6615867 0.9938810 0.7926392 0.6475837 0.8161742 0.8376559 0.8007512 0.8326291 0.7634049 0.7725026 0.7072643 0.6489646 1.1051408 0.9323872 0.7434979 0.9535716 0.9614866 1.0001658 0.8770362 0.9873975 1.0499891 0.9293752 0.8939276 0.9138884 0.9604683 0.8500735 0.8915938 0.8603116 0.9731421 0.9586772 0.9754188 0.9154208 0.9237563 1.0518999 0.9054161 0.8792895 0.7960851 0.7571469 0.9786125 0.9706321 0.9183552 0.9462139 0.9686836 0.9984678 0.9542616 1.0258960 0.6428119 1.0534342 1.0755397 1.1332521 1.1437760 1.6129183 0.9699172 1.0445203 0.9881091 1.1147704 1.0141506 2.9318661 
Hsap_ENST00000285093                                          0.8231120 0.7685758 0.8845352 0.8521425 0.8154149 0.5585157 0.6162009 0.8187778 0.8579447 0.7217313 0.6285806 0.7431709 0.8096195 0.7975587 0.7187591 0.7907109 0.5972467 0.6664496 0.6665137 0.5475752 0.0000000 0.7552605 0.7637492 0.9177222 0.7365718 0.7317562 0.7479779 0.7092047 0.7227054 0.7318159 0.7812800 0.7035241 0.8227262 0.6850449 0.7317425 0.6616241 0.7118733 0.6515545 0.6890975 0.7847154 0.8382134 0.8472111 0.7899395 0.7899395 0.8744296 0.7928305 0.7182645 0.7899633 0.8172506 0.7131509 0.7176030 0.8233712 0.9203153 0.7638858 0.7414240 1.0119877 0.9484081 0.9260430 0.9390227 0.9433888 1.0139510 0.9017489 0.9649382 1.0118738 1.0655406 0.9102670 0.8788030 1.0434371 0.9056658 0.9469462 1.0171968 1.0222142 0.9554997 0.9621928 0.8801530 0.9158600 0.8984162 0.9060864 0.8331831 0.8114083 0.7558752 0.9374310 0.8827147 1.0987110 0.9443575 0.8797316 1.0469833 0.9253175 1.1302282 0.6689755 1.0100103 1.0680930 1.0951434 1.0167546 1.4760291 0.8961671 1.0140323 0.9058811 1.0655425 1.1400735 2.8023066 
Lcom_lcpid115293                                              0.8981353 1.2604446 0.9978173 0.8422247 0.9307113 0.6079680 0.5538370 0.9119830 0.8630745 0.7855924 0.7994566 0.8848625 0.8648657 0.7991384 0.7785438 0.7912827 0.7363907 0.9600751 0.9674123 0.9386168 0.7552605 0.0000000 0.5061054 0.7869327 0.6229202 0.6828989 0.6939501 0.6904648 0.6995253 0.6847352 0.6134095 0.6098659 1.0255460 0.7720238 0.7929860 0.8124882 0.8014792 0.6509913 0.7642083 0.6964585 0.7272351 0.7332291 0.7161060 0.7161060 0.6906869 0.6069039 0.7159102 0.8285202 0.8420106 0.8179162 0.7992546 0.9656849 0.9371899 0.9035239 0.8725737 1.0187201 0.9092061 0.8504068 0.8539045 0.8498636 0.9881573 0.8782257 0.9137471 0.9944348 1.0980599 0.8609559 0.8873243 1.0038918 1.0004973 0.9108116 0.8784922 1.0017257 0.9802559 1.0042211 0.9161262 0.9476416 0.9618141 0.9578014 0.7658401 1.0159028 0.8013056 0.8449715 0.9249251 1.0470001 0.9142918 0.8633439 1.0772860 1.0316336 1.1595248 0.6916112 1.0195486 1.0177144 0.9996167 1.1729470 1.6308541 0.9780637 1.0306460 1.1633176 1.2081274 1.0669523 3.2753935 
Cgig_XM_011417830.3                                           0.8306537 0.9852913 1.0561968 0.9527571 1.0015032 0.8845681 0.9109258 0.9590835 1.0058592 0.9088878 0.8313056 0.9517589 0.9521026 0.9100121 0.8690067 0.8629989 0.8424663 1.0406426 1.0347998 0.8952045 0.7637492 0.5061054 0.0000000 0.9068956 0.7826593 0.8374603 0.8493711 0.8366625 0.8368250 0.8110398 0.7478566 0.7706727 0.9084051 0.7459027 0.7987228 0.7481429 0.7301680 0.5613578 0.8218426 0.7486156 0.7726456 0.7783813 0.7838302 0.7838302 0.8711126 0.7779047 0.8268593 0.8200452 0.8299793 0.8072648 0.8089582 1.0209362 1.0401771 0.7453765 0.8718436 1.0894149 1.0062337 0.9606369 1.0519309 1.0718582 1.0805399 0.9635283 0.9905242 1.0396854 1.1078194 0.9685344 0.9592784 1.1546147 1.0799693 1.0443420 1.0622374 1.1291995 1.1091584 1.1285754 0.9911830 1.1470735 1.0598155 1.0018069 1.0499822 0.9800785 0.9484087 0.9718688 1.0633634 1.0653709 1.0644759 0.9843361 1.1309520 1.1056951 1.2295780 0.9108020 1.1467285 1.0627953 1.1007101 1.1333518 1.4911367 1.0067788 1.0207187 1.0782844 1.1661129 1.1123548 2.9884486 
Adig_XM_015898653.1                                           0.7228455 0.8800645 1.1497847 1.1108006 0.9894525 3.4195529 3.4195529 1.0496856 0.9072319 0.9745862 0.9268461 0.9056418 1.0239809 1.0061551 0.9178064 0.9127989 0.9438748 1.0198144 1.0439751 1.0918048 0.9177222 0.7869327 0.9068956 0.0000000 0.0526269 0.2593806 0.2331688 0.2243223 0.2537917 0.2158127 0.5347199 0.5005359 0.7289742 0.8380796 0.8226933 0.7821062 0.8169221 0.8193967 0.8062874 0.8394663 0.8910359 0.8986841 0.8388242 0.8388242 0.7467530 0.7386720 0.9385216 0.9472015 0.9643946 0.7957484 0.8444874 0.8325620 0.8694092 1.1209713 0.9953680 1.1401796 1.2842893 1.9644660 1.3246286 1.2068635 1.2656016 1.2001334 1.1249487 1.1954662 1.5882577 1.1992485 1.0928466 1.4462124 1.3878656 1.2444902 1.4043716 1.3091146 1.1673627 1.1673627 1.1728876 1.3479134 0.8263477 1.1793668 1.1796103 1.1927738 1.1595753 1.0160790 0.9565538 1.0803422 0.9881695 1.0041920 1.0906727 0.9888839 1.3079695 1.3123300 0.9547322 1.0616172 1.0576984 1.3178675 1.5120641 1.1292821 1.1013554 1.0033033 1.1002732 1.2676289 3.1865835 
Amil_Amillepora09568-RA                                       0.7228455 0.8800645 0.9630304 0.8335077 0.8121289 0.8185671 0.8217218 0.8682630 0.7511043 0.7356137 0.7581785 0.7629740 0.9114669 0.8624237 0.8120660 0.8113297 0.6806487 0.7905240 0.8074086 0.8461873 0.7365718 0.6229202 0.7826593 0.0526269 0.0000000 0.2000692 0.1754961 0.1694107 0.1921825 0.1563316 0.4410571 0.4154878 0.7289742 0.6683843 0.7227558 0.6422874 0.6844942 0.5825057 0.6771063 0.7003510 0.7375150 0.7429557 0.6975123 0.6975123 0.6861755 0.6172042 0.7673976 0.7937024 0.8067690 0.6451545 0.8444874 0.7397191 0.7512366 0.8774308 0.8537161 1.1401796 1.0458471 0.9822823 0.9888880 0.9344558 1.0557551 0.9195731 0.9247511 0.9779706 1.0331888 0.9209041 0.8797650 1.0156626 0.8991694 0.9456796 0.9075810 1.0607323 0.9830350 0.9818870 0.9769078 1.1126654 0.9040070 0.9685195 0.9353934 0.9605738 0.8752072 0.8875634 0.7832869 1.0286903 0.9132411 0.9221177 1.0889353 0.9372762 1.2111464 0.7470975 0.8510291 0.9652925 1.0169944 1.0808831 1.5253172 0.9335688 0.8936606 1.0126626 1.1378448 1.2676289 3.0743843 
Spis_XP_022804372_1                                           0.8158471 0.8310651 0.9404871 0.8262068 0.8105100 0.7705865 0.8519863 0.8570624 0.7917275 0.7786937 0.7626496 0.7418097 0.8704938 0.8509905 0.7736464 0.8153839 0.6849723 0.7672841 0.7825615 0.8562203 0.7317562 0.6828989 0.8374603 0.2593806 0.2000692 0.0000000 0.0390314 0.0911893 0.1343832 0.1403443 0.4070101 0.4300216 0.6654004 0.5919231 0.6639463 0.5596618 0.6127817 0.5115969 0.5606817 0.6606975 0.7101133 0.7153128 0.6522777 0.6522777 0.7092858 0.6212193 0.7436547 0.8661161 0.8812165 0.7036679 0.7964893 0.7535324 0.7386531 0.9042730 0.8545897 1.2545575 1.0577689 0.8594880 0.9360920 0.9054995 1.1008229 0.9090839 0.9297745 0.9839235 0.9900063 0.9116530 0.8950376 0.9710040 0.8842550 0.9456754 0.8926370 1.1518244 0.9593767 0.9646768 0.9579006 1.0890318 0.8564832 1.0360915 0.8842104 1.1242517 0.9498017 0.8818527 0.7856771 0.9940379 0.9032559 0.8924903 1.0640686 0.9473003 1.1398020 0.6171994 0.8525707 0.9102633 0.9861550 1.1300728 1.6046226 0.9036524 0.9711178 0.9886937 1.1499218 1.2172515 3.0633620 
Pocdam_XM_027200238.1                                         0.7863105 0.7803925 0.9521032 0.8490558 0.8197650 0.8089434 0.8856237 0.8584556 0.8075012 0.7815620 0.7632629 0.7474570 0.8876210 0.8608834 0.7885596 0.8162067 0.6852081 0.7748119 0.7900860 0.8591690 0.7479779 0.6939501 0.8493711 0.2331688 0.1754961 0.0390314 0.0000000 0.0816202 0.1135316 0.1341397 0.4185678 0.4170377 0.6392293 0.5908937 0.6561292 0.5667059 0.6054360 0.5329922 0.5645031 0.6595980 0.7046009 0.7097769 0.6574491 0.6574491 0.7237317 0.6178913 0.7544065 0.8687146 0.8839310 0.6931350 0.7823511 0.7442936 0.7362844 0.9115964 0.8446398 1.2372781 1.0578793 0.8806039 0.9574660 0.9179146 1.1111542 0.9232086 0.9470842 1.0054699 1.0093739 0.9279386 0.9050468 0.9923727 0.9090397 0.9632327 0.9106985 1.1573335 0.9792404 0.9855145 0.9948588 1.1063148 0.8767880 1.0471416 0.9015556 1.0906667 0.9458246 0.8896844 0.7820021 0.9957923 0.8991865 0.9242902 1.0516074 0.9526428 1.1640318 0.6513989 0.8244575 0.9670105 0.9831898 1.1376141 1.6299459 0.9217055 0.9679993 0.9795485 1.1499218 1.2172515 3.0929299 
Gasp_gasp1.m3.27397.m1                                        0.7503185 0.8061239 0.9071497 0.7977569 0.7916084 0.6349521 0.7100026 0.8102915 0.7124545 0.7026971 0.7289572 0.7401695 0.8803527 0.8554417 0.7895029 0.8272238 0.6846464 0.7325796 0.7474933 0.8382453 0.7092047 0.6904648 0.8366625 0.2243223 0.1694107 0.0911893 0.0816202 0.0000000 0.0778321 0.1305010 0.4015896 0.4006490 0.6281223 0.5905009 0.6652182 0.5615335 0.6298761 0.5271645 0.5867186 0.6289982 0.6595674 0.6644293 0.6240212 0.6240212 0.7142145 0.6143404 0.7377586 0.8768457 0.8922999 0.6738154 0.8137426 0.7457951 0.7245632 0.8760682 0.8208609 1.2469056 1.0910681 0.9225980 0.9479695 0.9161397 1.0919904 0.9150128 0.9313792 0.9865057 0.9998055 0.9221012 0.9092222 1.0113938 0.8992563 0.9629908 0.9542022 1.1143816 0.9665647 0.9932671 1.0067537 1.1344444 0.8599818 1.0556313 0.8740898 1.0373957 0.8787680 0.8626732 0.7634306 0.9764546 0.8891823 0.8931645 1.0403816 0.9364698 1.1850057 0.6703360 0.8686668 1.0051261 1.0588836 1.1071819 1.5932175 0.9235147 0.9833203 0.9683987 1.1276186 1.1704756 3.0339703 
Fspp_ffun1.m4.33062.m1                                        0.6968536 0.8116365 0.9081284 0.8048786 0.8133100 0.7003942 0.7507779 0.8235581 0.7362878 0.7174320 0.7084215 0.7155961 0.8718642 0.8453926 0.7959959 0.8259241 0.6972166 0.7357330 0.7505473 0.8084371 0.7227054 0.6995253 0.8368250 0.2537917 0.1921825 0.1343832 0.1135316 0.0778321 0.0000000 0.1601169 0.4035058 0.3870472 0.5583431 0.5842644 0.6412646 0.5760931 0.6040620 0.5762731 0.5823515 0.6341891 0.6646417 0.6706148 0.6276520 0.6276520 0.6958891 0.5730657 0.7131785 0.8546754 0.8698247 0.6605154 0.7858755 0.7116463 0.6949203 0.8692135 0.8156019 1.2089549 1.0377045 0.8480089 0.9520597 0.9254819 1.0722472 0.9116909 0.9257880 0.9831467 0.9631782 0.9188477 0.8981528 0.9462747 0.8276892 0.9211864 0.9952461 1.1301638 0.9873211 1.0332897 1.0193235 1.1228532 0.9182970 1.0585980 0.9306191 1.0136720 0.8625385 0.8406302 0.7606304 0.9418398 0.8548914 0.8565833 1.0115953 0.9145413 1.1443909 0.6766477 0.8646872 0.9584673 1.0025905 1.0890357 1.5594160 0.9467040 0.9611905 0.9361998 1.0799136 1.2901114 3.0281228 
Gfas_gfas1.m1.13851.m1                                        0.7578306 0.9210686 0.9698118 0.8051489 0.8332513 0.7138317 0.7738523 0.8295317 0.7421970 0.7777126 0.7570810 0.7649406 0.8762229 0.8631973 0.8138268 0.8536434 0.6720306 0.7812797 0.8046739 0.8465789 0.7318159 0.6847352 0.8110398 0.2158127 0.1563316 0.1403443 0.1341397 0.1305010 0.1601169 0.0000000 0.4440172 0.4516787 0.7034583 0.6245052 0.7009964 0.6100674 0.6517310 0.5821994 0.6246134 0.6443050 0.6676555 0.6725767 0.6592797 0.6592797 0.7086146 0.6260583 0.7320079 0.8864996 0.9018130 0.6746763 0.8211318 0.7823297 0.7983001 0.9015471 0.8289550 1.1806344 1.0495732 0.9150440 0.9920337 0.9337741 1.0433828 0.9170051 0.9150712 0.9594621 0.9779740 0.9138661 0.9091917 1.0312541 0.9387524 0.9687596 0.9091490 1.0997356 0.9821687 1.0012336 1.0227528 1.1230342 0.9287364 1.0415064 0.9290196 1.0178945 0.9069606 0.8646993 0.8075391 1.0329270 0.9016742 0.9250212 1.0969330 0.9485996 1.1883746 0.6669425 0.8802419 1.0032013 1.0349200 1.1373242 1.6034199 0.9353617 0.9304737 1.0330936 1.1720671 1.2247001 3.1254226 
Exapal_XM_021052888.2                                         0.6677053 0.8760187 0.9305331 0.7949865 0.8186661 0.6934418 0.6757346 0.9191877 0.8603932 0.7501486 0.7699889 0.7816925 0.9151710 0.8815361 0.8256983 0.8130798 0.7415916 0.7939934 0.7965450 0.8666100 0.7812800 0.6134095 0.7478566 0.5347199 0.4410571 0.4070101 0.4185678 0.4015896 0.4035058 0.4440172 0.0000000 0.2919354 0.5961164 0.6291710 0.6751966 0.5894950 0.6348007 0.6646267 0.5448427 0.6532666 0.6931704 0.6994216 0.6662732 0.6662732 0.7302034 0.6190728 0.7290843 0.8544701 0.8696874 0.7186799 0.7398138 0.8006571 0.7724785 0.9213765 0.8315780 1.2680003 1.0614575 0.8285257 0.9281571 0.9347538 1.0950910 0.8534657 0.9062663 0.9733209 0.9983266 0.8524916 0.9730951 0.9891077 0.9458922 0.8528747 0.8715815 1.1466389 1.1123429 1.1613512 1.0355708 1.0913519 1.0603128 1.1212608 0.8978712 0.9782667 0.9150608 0.9012613 0.7763129 0.9837387 0.8962150 0.9327879 0.9661353 0.8708447 1.0387767 0.7081829 0.8005393 0.9793333 0.9694654 1.2010579 1.7375700 0.9185781 1.0039063 0.8889052 0.9909693 1.0023061 2.7889104 
Nvec_v1g188937                                                0.5820542 0.9124696 0.8846386 0.7263507 0.7731899 0.6483035 0.7459601 0.8472095 0.8194053 0.6925823 0.6988611 0.7094903 0.9825382 0.8233790 0.7813523 0.8016204 0.7306907 0.7676981 0.7701747 0.8064037 0.7035241 0.6098659 0.7706727 0.5005359 0.4154878 0.4300216 0.4170377 0.4006490 0.3870472 0.4516787 0.2919354 0.0000000 0.6452774 0.6698762 0.6615267 0.6438176 0.6321199 0.7033198 0.6113384 0.6689929 0.6758247 0.6791231 0.6996801 0.6996801 0.6147138 0.5194500 0.7479981 0.8041665 0.8049369 0.6823960 0.6539069 0.7355507 0.7002806 0.9055800 0.8566193 1.3450448 1.1435638 0.9492034 1.0127934 1.0038207 1.1403628 0.9087327 0.9654614 1.0355311 0.9853074 0.9104588 0.9493892 1.0664303 1.0173891 0.9533943 0.9311110 1.1733153 1.1140481 1.1338585 1.0341213 1.0826282 0.9388439 1.1091345 0.9001791 1.0432629 0.9278456 0.8468789 0.7183650 0.9733012 0.9396713 0.9526759 0.9862748 0.9004549 1.0332802 0.6863806 0.8518423 0.9433420 0.9382976 1.0595048 1.5171348 0.9539266 1.0446179 0.8536184 0.9400588 1.0345053 2.9078184 
Sanmal_Sma_022780-T1                                          0.6899291 0.6269843 0.8271876 2.1643918 0.8420974 0.2305079 0.2305079 1.2678396 1.2600289 1.3089024 0.6833632 0.6093301 1.2390063 1.2251570 1.1545592 1.0453400 1.2460505 0.9473320 0.9776495 0.8720322 0.8227262 1.0255460 0.9084051 0.7289742 0.7289742 0.6654004 0.6392293 0.6281223 0.5583431 0.7034583 0.5961164 0.6452774 0.0000000 0.2814106 0.2880843 0.2374588 0.2937142 0.8559570 0.7158765 0.6934518 0.6592818 0.6592818 0.7197246 0.7197246 0.7542406 0.7577605 0.8846520 0.8354277 0.9192063 0.8729967 1.0509329 0.9734183 0.8608779 1.1633704 0.8699029 1.5061858 1.5617700 1.4571386 2.3489127 1.8147918 1.3732826 1.7753367 1.1611091 1.3745570 3.0842958 1.8512350 1.2094295 1.6452281 1.8421782 2.1357588 1.8498275 1.6847524 1.3606828 1.3606828 1.2987047 1.3279452 1.1074116 1.3108744 1.0795308 1.0364723 1.0491627 1.1197629 1.1690698 1.1502890 1.1793492 1.2219115 1.0223049 1.0511350 1.0909236 2.2284127 1.0698594 0.9884774 0.8761129 1.3051870 1.2878979 1.0345797 1.2442049 0.6439407 2.5844205 5.3872551 6.1389564 
Nemnom_g2661.t1                                               0.8233145 0.7319996 0.8351197 0.7955234 0.7754303 0.6541429 0.6977434 0.8035633 0.7812038 0.7389768 0.6574393 0.6837334 0.8144949 0.7742294 0.7674396 0.7595661 0.8026972 0.8002688 0.8110001 0.6925223 0.6850449 0.7720238 0.7459027 0.8380796 0.6683843 0.5919231 0.5908937 0.5905009 0.5842644 0.6245052 0.6291710 0.6698762 0.2814106 0.0000000 0.0210853 0.1326666 0.2198895 0.3325316 0.4482819 0.6415743 0.6674167 0.6703195 0.6921970 0.6921970 0.8424572 0.6847204 0.7908795 0.8376423 0.8500766 0.7805323 0.7668853 0.7194060 0.6948727 0.9196320 0.7061459 1.1808004 1.0517880 0.8212043 0.8920838 0.8911333 1.0194541 0.8482563 0.8873691 0.9405643 0.9948219 0.8522091 0.8540958 0.9849039 0.8967105 0.9196098 0.9430830 1.0714210 0.9321722 0.9396820 0.9376875 0.9991031 0.8726785 0.9462700 0.9643125 0.9291845 0.8558215 0.9075865 0.8877492 1.0133187 1.0206687 1.0537356 0.9942538 1.0051558 1.0020594 0.7488912 0.9540543 0.9748797 0.9539818 1.1942854 1.6481896 0.9942315 1.0408500 0.8537122 1.1536020 0.8303869 2.8946824 
Nemnom_g14007.t1                                              0.7970490 0.7319996 0.8086875 0.8135830 0.7775367 0.8999764 0.8989150 0.8670595 0.8306454 0.7646806 0.6799784 0.6424715 0.8534900 0.7644285 0.7117012 0.7902095 0.9354001 0.8466657 0.8595420 0.7365680 0.7317425 0.7929860 0.7987228 0.8226933 0.7227558 0.6639463 0.6561292 0.6652182 0.6412646 0.7009964 0.6751966 0.6615267 0.2880843 0.0210853 0.0000000 0.1537261 0.2517148 0.4075837 0.4948837 0.6879431 0.7111927 0.7148340 0.7385678 0.7385678 0.8115627 0.7270643 0.8330645 0.8806108 0.8953074 0.8170224 0.6913988 0.6946567 0.6836936 1.0089928 0.7206563 1.1769057 1.1041014 0.9572748 0.8752614 0.8755733 1.0361977 0.8283773 0.8801254 0.9437983 0.9688025 0.8334188 0.8643159 0.9879287 0.9711508 0.9156704 0.8442277 1.0867264 0.9609781 0.9241892 0.9738730 1.0113846 0.8493210 0.9518426 0.9846116 0.9813512 0.8971793 0.9996481 0.9848707 0.9792932 0.9696416 0.9995514 0.8572648 0.9489181 0.9380187 0.8226810 0.9700202 1.0022672 0.9617559 1.2764730 1.6298336 1.0461592 1.1465223 0.8481015 0.9150059 0.8579376 2.6335416 
Rhoesc_Res_003780-T1                                          0.8682043 0.6111471 0.8301646 0.8258567 0.7622469 0.7145373 0.7912273 0.7779128 0.8078949 0.7393992 0.6535722 0.6724084 0.7962522 0.8124922 0.7546500 0.7573488 0.7762999 0.7483076 0.7576338 0.6568280 0.6616241 0.8124882 0.7481429 0.7821062 0.6422874 0.5596618 0.5667059 0.5615335 0.5760931 0.6100674 0.5894950 0.6438176 0.2374588 0.1326666 0.1537261 0.0000000 0.1885016 0.3273356 0.4004911 0.6011288 0.6422397 0.6449826 0.6478799 0.6478799 0.8097308 0.6740974 0.7782282 0.8194884 0.8428613 0.7586252 0.7848820 0.7291025 0.6657115 0.8687336 0.6680382 1.2059887 1.0458235 0.7918598 0.8262091 0.8399574 0.9758480 0.7886906 0.8368488 0.8863742 0.9266035 0.7927830 0.8591777 0.9496046 0.8336706 0.8880181 0.8995097 1.0461825 0.9065198 0.9138915 0.9269169 0.9583113 0.8389135 0.9549318 0.8986341 0.9306745 0.8482525 0.9033955 0.8212311 0.9812568 1.0197290 1.0422373 0.9784028 0.9536889 1.0222973 0.7470037 0.9341770 0.9242035 0.9246530 1.1736511 1.6059754 0.8971426 0.9608314 0.8050427 1.1338880 0.7590797 2.9536161 
Aaur_scaffold2971.g2.t2                                       0.6942384 0.6912906 0.8568213 0.8375776 0.7638286 0.5722994 0.6186944 0.8392786 0.8151187 0.7478246 0.7028310 0.6940553 0.7995424 0.8395395 0.7985719 0.7602377 0.8035527 0.8027802 0.8124368 0.7087932 0.7118733 0.8014792 0.7301680 0.8169221 0.6844942 0.6127817 0.6054360 0.6298761 0.6040620 0.6517310 0.6348007 0.6321199 0.2937142 0.2198895 0.2517148 0.1885016 0.0000000 0.2959255 0.4384539 0.6106513 0.6351699 0.6379102 0.6550378 0.6550378 0.8513617 0.6966536 0.7760168 0.8176431 0.8408854 0.7471352 0.7936698 0.7071479 0.6226543 0.8735132 0.6490208 1.2028605 1.0716372 0.8576360 0.8901065 0.9052517 0.9836079 0.8390984 0.8411249 0.8938588 0.9144935 0.8431392 0.8956534 1.0256011 0.9499625 0.9873699 0.9660829 1.0640928 0.9729752 1.0038880 0.9434262 1.0435061 0.9408418 1.0036537 1.0018733 0.9746557 0.9162585 0.9264509 0.8446721 1.0221200 1.0719318 1.1058771 1.0589450 0.9780018 1.0503563 0.8226017 0.9581134 0.9344140 0.9168711 1.1951761 1.7399527 0.9508169 0.9548535 0.8937431 1.2297236 0.8177354 2.9482707 
