127
Lcom_lcpid143536                                          0.0000000 1.6478684 2.1804059 2.1039402 1.7357411 0.0000010 4.8593638 2.1219396 1.3683732 1.3409254 1.2033220 1.2699765 1.4493704 1.2597238 1.3176668 1.3180367 1.4536402 1.6188153 1.6907560 1.6419961 1.5102222 1.5453287 1.3067582 1.3067582 1.3711269 1.3711269 1.4492758 1.3755797 1.3755797 1.4069211 1.3764089 1.5343540 1.2831093 1.2996435 1.1448119 1.3600264 1.2824276 1.2088540 1.2674642 1.5606609 1.7678944 1.5598830 1.7302670 1.2070840 1.2175050 1.3575681 1.5610457 1.3963514 1.6223457 1.3636008 1.5885523 1.5408389 1.2867089 1.3943659 1.2816790 1.1929152 1.3761877 1.3544534 1.4396189 1.4634476 1.3015477 3.7345085 1.7874678 2.0581584 1.8019743 1.8019743 1.8019743 1.8019743 1.7305468 1.7305468 1.3136237 1.7618790 2.1870781 1.7327245 1.7327245 1.9368847 1.9368847 3.6366928 1.9368847 1.9368847 3.6366928 1.9368847 1.9368847 1.9368847 1.9368847 1.6334017 1.6334017 1.6334017 1.6334017 1.6334017 1.6334017 1.6334017 1.6334017 1.8585543 1.8413141 0.0000010 2.1290514 2.0401385 1.3993409 1.3993409 1.7080086 1.1855568 1.5889495 1.3362634 1.7704552 1.8660259 1.8175314 1.6846383 1.5835821 1.8297646 1.7308400 1.6467285 1.5318200 2.2717452 0.0000010 0.0000010 2.5524815 2.3508931 2.3508931 2.6291439 1.5622660 0.3765873 2.6236462 0.3669139 8.9999990 0.0000010 1.4677010 
Lcom_lcpid185024                                          1.6478684 0.0000000 1.4357862 2.4917723 1.2089117 0.0000010 2.8672503 1.9891800 1.2898924 1.1972508 0.9295027 0.9526372 1.0786240 1.0028456 1.0942530 1.2507111 1.0854924 1.0908825 1.3589595 1.3818097 1.2459900 1.2267302 1.0099249 0.9816909 1.0183185 1.0137839 1.0722933 1.1350096 1.1350096 1.2253112 1.2202020 1.4053009 1.3603585 1.3666083 1.2737378 1.6529983 1.2318014 1.3806436 1.0411781 1.3377568 1.4325719 1.2630897 1.3131102 1.2896824 1.2968394 1.2811389 1.2392067 1.0868362 1.2091713 1.4523521 1.3674158 1.0785595 1.1650031 1.1406328 1.0792720 1.0298446 1.1107947 1.0759980 1.2009914 1.0540528 1.2475134 1.6935204 1.1558090 1.3536471 1.2516150 1.2516150 1.2516150 1.2115872 1.1598427 1.1598427 0.9048742 0.9557733 1.4119292 1.1247913 1.1247913 1.1303447 1.1303447 1.4184018 1.1303447 1.1303447 1.4184018 1.1303447 1.1303447 1.1303447 1.1303447 1.2777995 1.2777995 1.2777995 1.2777995 1.2777995 1.2777995 1.2777995 1.2777995 1.1637657 1.0442922 0.0000010 1.2512953 1.2814442 1.2006023 1.2006023 1.0190415 1.1383344 1.4372567 1.1190815 1.1561713 1.2757626 1.3175667 1.2234925 1.0879484 1.4000232 1.0906871 1.2711800 0.9913544 1.6090589 1.4203512 1.6952550 1.2120045 1.7709855 2.0261815 2.1448254 0.9523336 0.3968155 1.5169710 2.7892570 6.5297528 0.2393589 1.3205328 
Xestes_maker-XT_scaffold188124-augustus-gene-0.132-mRNA-1 2.1804059 1.4357862 0.0000000 2.9109799 1.9351615 1.1166639 2.2281271 1.7792955 1.8040981 1.6087701 1.4014907 1.5184338 1.6024245 1.5795778 1.6261812 1.4282040 1.6112828 1.4330805 1.5900501 1.5247189 1.3448571 1.6949911 1.4624846 1.5035638 1.4354178 1.4324355 1.4671239 1.4655880 1.4655880 1.4100103 1.4743605 1.3857381 1.4363026 1.3471897 1.4688525 1.5730213 1.4701927 1.4243085 1.5959403 1.5693916 1.6049749 1.4302824 1.5690139 1.5614007 1.5652402 1.5090996 1.5448869 1.1645001 1.4844151 1.6609306 1.6251379 1.6949715 1.5083046 1.5078957 1.4619223 1.6419681 1.4404956 1.6719388 1.4314589 1.8126389 1.6039455 1.9882448 1.8823592 2.0835515 1.8075213 1.8075213 1.8075213 1.8274289 1.8560956 1.8560956 1.4187999 1.5647594 1.9152880 1.8247241 1.8247241 1.7267922 1.7267922 2.2549849 1.7267922 1.7267922 2.2549849 1.7267922 1.7267922 1.8306531 1.8306531 1.4323447 1.4323447 1.2928761 1.2928761 1.2928761 1.2928761 1.2928761 1.2928761 1.6835448 1.6381656 0.0000010 1.8639976 1.8754049 1.9221339 1.9221339 1.5749161 1.6139156 1.7462081 1.6929610 1.5606895 1.5832708 1.5678798 2.0673264 1.6839347 1.8905123 1.3557762 1.7845027 1.5726739 1.8998458 1.6590894 1.7107641 1.8594325 1.6689883 1.4963233 2.3071116 2.3022666 1.3225354 2.0276215 1.0037833 8.9999986 0.9955559 0.8361301 
Gasp_gasp1.m3.18841.m1                                    2.1039402 2.4917723 2.9109799 0.0000000 6.4111655 4.3888164 4.8544718 5.7327371 1.5743787 3.1024848 3.0932067 3.0979995 3.0176491 2.7601426 2.6311340 3.1959159 3.0887713 3.2505818 2.9302112 3.0147239 2.0795588 3.1249516 3.1223063 3.0725951 3.1005263 3.1005263 3.1083670 3.1661023 3.1661023 2.9991602 3.0416902 2.0251479 2.6261892 2.6454499 3.1828081 2.9696034 2.9061408 2.9439874 3.0543803 3.1699835 3.2680481 3.1282173 3.1456436 2.8872240 2.8686382 3.2690104 2.8665683 3.4727023 3.2431989 3.1158575 2.4615416 3.1376257 2.7901345 3.1154850 2.8966786 2.9033691 2.8635849 3.1996746 3.1971072 2.9209327 3.0219871 4.6859591 3.0064983 3.1632865 3.8128067 3.8128067 3.7892755 3.7179034 3.7874700 3.7969670 2.1096690 3.1983820 4.0377430 3.7619855 3.3572242 2.8225917 2.8943721 5.4096689 2.8225917 2.8943721 5.4096689 3.2298446 3.2298446 2.8399483 2.8399483 1.5928962 1.5928962 2.4191201 1.6040389 2.4191201 1.6040389 1.7376881 1.7376881 3.3661617 3.4610436 7.7135606 3.6758112 3.6445021 3.3899574 2.9463237 3.4421096 2.9594388 3.0782904 3.3190911 3.1509770 3.3286513 3.5975133 4.0945025 3.3611764 3.3645406 3.1957380 3.6700831 3.3915878 4.6774652 6.9673570 6.3084124 6.0041144 4.1757293 3.6165095 4.0980955 4.4204762 4.0810168 4.7274701 3.3715628 4.8655855 4.0513561 3.6039517 
Lcom_lcpid208072                                          1.7357411 1.2089117 1.9351615 6.4111655 0.0000000 0.0000010 1.1059580 1.2688619 1.7784942 0.9742954 1.1071233 1.4100919 1.2704564 1.3513669 1.2179684 1.1002649 1.2433991 1.1043359 1.0591691 1.1465029 3.5282330 1.2440379 1.2442354 1.1870320 1.2456889 1.2456889 1.2205380 1.2200421 1.2200421 1.1380873 1.0789441 3.2265258 1.7940308 1.4836730 1.3422112 1.5833014 1.0271936 1.0932435 1.0153665 1.0711138 1.0871560 1.0149134 1.1535315 1.2519226 1.2519226 1.1605438 1.0553291 2.5832320 1.0153902 1.1644787 1.0729337 1.1052665 1.1253248 1.0644750 1.0939553 1.1517726 1.1019354 1.1359459 1.5474949 1.2208978 1.4289083 1.0718174 1.0718174 1.1850457 1.1438528 1.1438528 1.1438528 1.0224952 1.2040353 1.2040353 0.0000010 0.9206798 1.1347991 1.1347991 1.1347991 1.1613301 1.1613301 1.1613301 1.1613301 1.1613301 1.1613301 1.1613301 1.1613301 1.1613301 1.1613301 0.0000010 0.0000010 0.0000010 0.0000010 0.0000010 0.0000010 0.0000010 0.0000010 1.1385210 0.9986590 0.0000010 1.0199793 1.1623648 0.9481765 0.9481765 1.2003871 1.2506659 1.3027906 0.9794453 1.1386455 1.0568024 1.1352632 2.5167045 0.9381667 1.2187443 1.0668571 1.4822617 1.1164317 1.3306162 1.3317511 1.3885254 1.0568471 1.3595648 2.9706388 1.3708678 5.1627447 0.0000010 8.9730429 0.0000010 5.1950130 0.7876002 0.0000010 
Lcom_lcpid255035                                          0.0000010 0.0000010 1.1166639 4.3888164 0.0000010 0.0000000 0.6219910 0.0000010 0.0000010 0.5944448 0.8076574 0.5462359 0.6039158 0.6342666 0.0000010 0.5617716 0.5762804 0.4964983 0.6316423 0.5393732 0.2154690 0.6914222 0.6928906 0.7154668 0.6928906 0.6928906 0.7545234 0.7620526 0.7620526 0.9098254 0.9790877 1.0034554 0.7616940 0.7695679 0.9065833 0.9079169 0.6585973 0.6203669 0.5244642 0.7974628 0.7541943 0.7342389 0.0000010 0.8883598 0.8758540 0.9896728 0.7795843 1.0705187 1.0705187 0.6396076 0.0000010 0.6007812 0.5735895 0.6713294 0.8650082 0.8919320 0.7210046 0.9394921 0.6016461 0.9044121 0.6567337 0.0000010 0.0000010 0.0000010 1.0416131 1.0416131 1.5820032 1.0416131 1.1610546 1.1610546 0.8928203 1.1773993 0.0000010 1.1073283 1.0675684 0.6202206 1.4881992 0.0000010 0.6202206 1.4881992 0.0000010 1.4016668 1.4016668 1.4644857 1.4644857 1.4644857 1.4644857 1.4016668 0.6202206 1.4016668 0.6202206 1.4881992 1.4881992 1.1302247 1.0519784 1.1600131 0.9287375 0.9206042 0.9159390 0.5493064 0.8645786 0.6772642 0.8086849 0.5579322 0.9065979 1.1263330 1.2871497 1.1619300 1.1619300 1.2275260 1.1818139 0.9215458 0.8872038 0.8671749 0.0000010 0.0000010 0.0000010 6.1350633 6.1350633 4.0955981 0.8191318 1.1702128 1.1123665 1.2823344 0.6169304 0.5470393 2.3124443 
Sros_EGD80576                                             4.8593638 2.8672503 2.2281271 4.8544718 1.1059580 0.6219910 0.0000000 0.8352376 3.0929418 1.0550786 1.1093872 1.0626229 0.9946155 1.2061770 1.3807894 0.9972247 0.9255680 0.9591110 0.9892993 1.0044509 1.9105707 1.0516678 1.1016859 1.0791174 1.1101545 1.1082650 1.1315702 1.0780313 1.0780313 1.1636623 1.1535900 1.8978021 1.2849408 1.2239479 1.2409064 1.3896587 1.1587514 1.1395872 1.0136915 1.1946802 1.1447607 1.1715093 1.5153824 1.1455905 1.1581325 1.2956459 1.1486647 1.2932766 1.2171615 1.2386540 1.3086358 0.7546384 0.6488696 0.4856972 0.7960087 0.8442712 0.7582206 0.7294863 0.9626788 0.9345085 1.0535892 0.9306532 1.3663434 1.2340984 1.2748963 1.2748963 1.5134206 1.1721981 1.3593357 1.4179038 1.8096959 1.2262097 1.2199129 1.4072281 1.3624487 1.3264466 1.3455836 0.9283846 1.3264466 1.3455836 0.9283846 1.3516654 1.3516654 1.3948303 1.3948303 2.4256520 2.4256520 1.8483562 2.1584222 1.8483562 2.1584222 2.1471138 2.1471138 1.2692867 1.1829197 1.0378359 1.2764215 1.2893321 1.2451936 1.2318923 0.9595033 1.0196877 1.1119791 1.0530574 1.1202818 1.0984879 1.0680310 1.6920379 1.2757806 1.3215278 1.0633679 1.3554380 1.2984019 1.4322509 1.1241931 1.4884274 0.7919949 2.1723999 2.9627219 2.4729575 1.2369560 1.2286615 1.7743574 1.0213401 1.0993211 1.0144650 2.3805662 
Gasp_gasp1.m3.18838.m1                                    2.1219396 1.9891800 1.7792955 5.7327371 1.2688619 0.0000010 0.8352376 0.0000000 1.5884029 0.7788113 0.7246390 0.8419976 0.8536361 0.7971581 0.8687462 0.6867060 0.6717609 0.7272419 0.6395211 0.6867963 3.3975757 0.6975831 0.7610895 0.7891620 0.7774011 0.7774011 0.8165009 0.7528614 0.7528614 0.2540448 0.2108134 1.3455295 0.3963445 0.4576828 0.3004796 0.4660913 0.4869862 0.4703909 0.8290737 0.7107121 0.6948875 0.6471213 0.8434378 0.7058972 0.7058972 0.7867703 0.8192481 2.6375577 0.8793703 0.6817674 0.5958297 0.6728959 0.8197672 0.7114347 0.6684586 0.7601645 0.6805149 0.8176543 0.9276687 0.8510217 0.9489138 0.8702353 0.8782915 0.9299819 0.9284545 0.9284545 0.9284545 0.8163377 1.0593377 1.0593377 2.2955639 0.8336160 1.0688831 1.0688831 1.0688831 1.1529670 1.1529670 1.1581861 1.1529670 1.1529670 1.1581861 1.1529670 1.1529670 1.1529670 1.1529670 6.2793241 6.2793241 6.2793241 6.2793241 6.2793241 6.2793241 6.2793241 6.2793241 1.1625361 0.9772800 0.0000010 0.9882297 1.1600959 1.1138218 1.1138218 0.9193499 0.9162533 0.9134140 0.7901399 0.7996392 0.7948381 0.6834579 2.0762735 1.0707682 0.8790543 1.0609327 1.0344998 0.9468658 1.2619502 1.1172845 1.2311115 0.7876367 1.3572531 2.6870735 1.0885232 3.4699223 0.0000010 4.9445379 0.0000010 6.2989218 0.8145014 1.1597447 
Ocar_g1827                                                1.3683732 1.2898924 1.8040981 1.5743787 1.7784942 0.0000010 3.0929418 1.5884029 0.0000000 0.1005526 0.4906815 0.7547561 0.8207580 0.6794257 0.7999555 0.8070799 0.9302315 1.0580890 0.9083971 0.9790102 1.5788435 0.9544489 0.8111595 0.8166023 0.8256830 0.8256830 0.7699618 0.8436374 0.8436374 0.8771148 0.8712977 0.8239671 0.8582735 0.7802130 1.0070033 0.9997380 0.9208236 0.7981300 0.8274311 0.7070775 0.9516244 0.8513916 1.1648355 0.5185485 0.5223528 0.6714904 0.6970700 0.7932362 0.7384346 1.0029067 0.7738754 1.0626436 0.7828609 0.9609526 0.8263315 0.7929541 0.7274909 0.8473272 1.0828812 1.1002484 0.9286294 1.9642935 1.4125407 1.2385744 1.2894857 1.2894857 1.2894857 1.2954079 1.2707305 1.2707305 1.0601489 1.2138583 1.2903282 1.0905592 1.0905592 1.2139062 1.2139062 1.8248778 1.2139062 1.2139062 1.8248778 1.2139062 1.2139062 1.2139062 1.2139062 1.0242637 1.0242637 1.0242637 1.0242637 1.0242637 1.0242637 1.0242637 1.0242637 1.0974619 1.0116396 0.0000010 1.3361793 1.3623110 1.2509460 1.2509460 0.9913614 0.8755919 0.9070699 1.1713201 1.0428473 1.1821964 1.2789987 1.3039132 1.0664780 1.2740168 1.0552357 0.9748954 0.8658267 1.9774786 1.6255522 2.6390765 1.0826459 1.5360102 1.4954665 2.4488694 3.7925413 0.7999336 3.9612807 0.7233605 4.1940486 0.0000010 1.3714045 
Opea_EP00118_Oscarella_pearsei_P025052                    1.3409254 1.1972508 1.6087701 3.1024848 0.9742954 0.5944448 1.0550786 0.7788113 0.1005526 0.0000000 0.4732472 0.6447504 0.6683807 0.6012600 0.5928320 0.6237600 0.7305307 0.6527371 0.6886193 0.6794341 0.7960762 0.7003899 0.6304048 0.6454011 0.6432919 0.6494105 0.6621570 0.6887762 0.6887762 0.6623460 0.6550105 0.7336921 0.7816149 0.6946529 0.6746101 0.7289484 0.7687232 0.7077328 0.7127643 0.5943140 0.6080212 0.6158289 0.7495874 0.6028200 0.5964009 0.7243971 0.5609405 0.8534823 0.6852436 0.7804733 0.6001038 0.7890595 0.5615782 0.6908177 0.6859701 0.7099258 0.6557861 0.8048966 0.8391534 0.8304468 0.8275901 1.0958557 0.9777599 0.9689449 1.0236660 1.0236660 1.0996849 0.9664006 1.0323479 1.0385922 0.8176055 0.9721923 0.9679751 1.0111929 0.9666434 0.9380579 0.9918193 1.2304236 0.9380579 0.9918193 1.2304236 1.0838054 1.0838054 0.9843992 0.9843992 0.8742116 0.8742116 1.0733293 0.7920784 1.0733293 0.7920784 0.8962076 0.8962076 0.9689454 0.9637681 1.0664030 0.9757872 1.0074002 0.9629078 0.9229212 0.8953085 0.6790337 0.7965291 0.6993036 0.8427596 0.8568415 0.9168189 1.5147553 1.1107673 0.9772104 0.9686637 0.9614778 0.8724978 1.0965492 1.0303259 1.1640575 0.6899192 1.6632396 2.0758528 1.4289306 0.8926502 0.8612805 1.3278449 0.9510912 1.0497610 0.9345098 1.7439769 
Plajan_Pjan_C560338_01                                    1.2033220 0.9295027 1.4014907 3.0932067 1.1071233 0.8076574 1.1093872 0.7246390 0.4906815 0.4732472 0.0000000 0.6143060 0.6661910 0.5783461 0.5194905 0.5914046 0.6691772 0.6501886 0.7383755 0.7173193 0.6780461 0.7419897 0.5625283 0.5831092 0.5875018 0.5865855 0.6171768 0.5991496 0.5991496 0.6244389 0.6481384 0.7178654 0.7003612 0.6086161 0.6634373 0.7129248 0.6865478 0.6761837 0.7027840 0.6314843 0.6887033 0.6097766 0.7712225 0.6369221 0.6444677 0.7025215 0.5878695 0.8394966 0.7082324 0.8140346 0.5557913 0.7776386 0.5927678 0.6743580 0.6867065 0.7346394 0.6772636 0.8081954 0.7338602 0.6869618 0.6643706 1.0243558 0.8450582 0.9151367 1.0050524 1.0050524 1.1201260 0.9514757 0.9893223 1.0209614 0.8094890 0.9547372 0.8930437 0.9937100 0.9532331 0.9138069 0.9658169 1.2134419 0.9138069 0.9658169 1.2134419 1.1161950 1.1161950 0.9496591 0.9496591 0.8356490 0.8356490 1.1428987 0.7753136 1.1428987 0.7753136 0.8746223 0.8746223 1.0441216 0.9727306 1.1387794 1.0399937 1.0742174 1.0211391 0.8876035 0.7789871 0.7724360 0.8281084 0.7238248 0.8631399 0.9025205 0.9331328 1.3298288 0.9802651 1.0266402 0.9070531 1.0009196 0.8458478 1.1763052 1.0832751 1.3202766 0.6995165 1.4734430 1.7147427 1.2611715 0.8773253 1.0214987 1.5017189 1.0948033 1.2846480 1.0168548 1.6837749 
Lcom_lcpid67672                                           1.2699765 0.9526372 1.5184338 3.0979995 1.4100919 0.5462359 1.0626229 0.8419976 0.7547561 0.6447504 0.6143060 0.0000000 0.1796565 0.1379253 0.1792555 0.4884204 0.6316327 0.5724751 0.7035899 0.6798199 0.7815190 0.7501630 0.6931999 0.7202599 0.6963380 0.6952575 0.7360686 0.7590007 0.7590007 0.7330409 0.7371996 0.8091666 0.7165356 0.6821831 0.7397579 0.7934834 0.6673927 0.7343558 0.6220573 0.7305202 0.7165998 0.7142550 0.9584586 0.6792781 0.6724363 0.7588465 0.6429945 0.7948226 0.7971695 0.7847667 0.5952921 0.6740076 0.6421653 0.6916360 0.7382721 0.7663067 0.6666494 0.7916080 0.7986222 0.8035565 0.6890084 0.9939505 0.8739090 0.9235667 1.0131045 1.0131045 1.0941773 0.9513875 0.9607575 0.9975909 0.6622526 0.9524065 1.0138192 1.0436039 0.9955120 0.8860275 0.9384966 1.0551674 0.8860275 0.9384966 1.0551674 1.0434834 1.0434834 0.9070565 0.9070565 0.8250200 0.8250200 1.0738896 0.7888176 1.0738896 0.7888176 0.8883794 0.8883794 0.9780874 0.9426147 1.3331296 0.9790221 1.0212816 1.0051287 0.8777637 0.7935137 0.7645664 0.8467212 0.8265528 0.8264119 0.8689849 0.9089747 1.2498433 0.9213247 0.9360180 0.8950353 0.9766905 0.8800507 1.1402731 0.8741798 1.4838422 0.7719009 1.5610466 1.8848966 1.4011262 0.9003900 0.9253815 1.3182235 0.9433957 1.0422993 0.8559630 1.8177387 
Gracom_Gcom_C548652_01                                    1.4493704 1.0786240 1.6024245 3.0176491 1.2704564 0.6039158 0.9946155 0.8536361 0.8207580 0.6683807 0.6661910 0.1796565 0.0000000 0.1014681 0.1508442 0.4671459 0.5919536 0.4802378 0.6554355 0.6299215 0.7694408 0.7679306 0.6901209 0.7170275 0.6556747 0.6546520 0.6854879 0.7368133 0.7368133 0.7393126 0.7498491 0.8521113 0.7033821 0.6911928 0.7692178 0.8066112 0.6099975 0.6977439 0.6058042 0.7624505 0.6760753 0.6926444 0.8915912 0.7055543 0.7028586 0.7283064 0.6597966 0.8191255 0.7711449 0.7068015 0.5531437 0.6132068 0.6153435 0.6935466 0.7535141 0.7325142 0.6551515 0.7806965 0.8288929 0.8069666 0.6850972 0.9489093 0.8576884 0.8921742 0.9950045 0.9950045 1.1139403 0.9361902 0.9876054 1.0407194 0.7253618 0.9817952 0.9676950 1.0810355 1.0372436 0.8905623 0.9486275 1.0077832 0.8905623 0.9486275 1.0077832 1.0834391 1.0834391 0.9055289 0.9055289 0.8993338 0.8993338 1.2032278 0.8701481 1.2032278 0.8701481 0.9838096 0.9838096 0.9948694 0.9754466 1.2558475 0.9797903 1.0025615 1.0337169 0.8569590 0.7387883 0.7145539 0.7593836 0.7623817 0.8280454 0.8919298 0.9282268 1.2309619 0.8809020 0.8657513 0.8577155 0.9518192 0.8159513 1.0409386 0.7760812 1.4578207 0.7414947 1.4910271 1.8638731 1.4578452 0.8593189 1.0642158 1.2394028 0.8688889 1.0739863 0.8254328 2.0252885 
Leuniv_Lniv_scaffold15387_01                              1.2597238 1.0028456 1.5795778 2.7601426 1.3513669 0.6342666 1.2061770 0.7971581 0.6794257 0.6012600 0.5783461 0.1379253 0.1014681 0.0000000 0.1396877 0.5010143 0.6112387 0.5863511 0.6569244 0.6592128 0.7275355 0.7118838 0.6757076 0.7030049 0.6426338 0.6413910 0.6578191 0.7712372 0.7712372 0.6496577 0.6352397 0.6906483 0.6659806 0.6219647 0.6626899 0.7212973 0.5612320 0.6422807 0.6531960 0.6660483 0.6923170 0.6926028 0.9555973 0.6413931 0.6416739 0.6700751 0.5763983 0.5639233 0.6073959 0.7184740 0.5813665 0.6233070 0.6092466 0.7610791 0.6292219 0.6066051 0.5227377 0.7435946 0.8636870 0.7733100 0.6848481 0.9127009 0.8634498 0.8600652 0.9715367 0.9715367 0.9715367 0.8920674 0.8850810 0.8850810 0.7235966 0.8693607 0.9532750 0.9143261 0.9143261 0.8331248 0.8841925 0.9572347 0.8331248 0.8841925 0.9572347 0.8479454 0.8479454 0.8394101 0.8394101 0.7898881 0.7898881 0.8163645 0.7793994 0.8163645 0.7793994 0.8770326 0.8770326 0.8176090 0.8356463 0.0000010 0.9197840 0.9409755 0.8641573 0.8700923 0.6713647 0.6835768 0.7717847 0.7466225 0.7348853 0.8255447 0.8367500 1.1715782 0.7900611 0.7267830 0.8306117 0.9606452 0.8541600 1.1958767 0.7041107 1.4744599 0.7357672 1.2572784 1.5168084 1.3176780 0.8667430 1.0702643 1.1257494 1.2053943 1.5926163 0.6437545 1.9940147 
Scil_scict022177.1                                        1.3176668 1.0942530 1.6261812 2.6311340 1.2179684 0.0000010 1.3807894 0.8687462 0.7999555 0.5928320 0.5194905 0.1792555 0.1508442 0.1396877 0.0000000 0.5395737 0.6136287 0.6716408 0.7589087 0.7104090 0.8616759 0.7545109 0.6091920 0.6406062 0.5823126 0.5809371 0.6387819 0.6582682 0.6582682 0.6991950 0.6714280 0.7464183 0.7888548 0.6768582 0.7375133 0.8172161 0.6659580 0.7433905 0.6237635 0.7593119 0.7253309 0.7209467 1.0134758 0.6520145 0.6541425 0.7172805 0.6873921 0.6105918 0.6883618 0.7301619 0.6248391 0.6590785 0.6532706 0.7339062 0.6984695 0.7062527 0.6119844 0.6911617 0.9705323 0.8028703 0.6924313 0.9792457 0.8744813 0.9414252 1.0117305 1.0117305 1.0117305 0.9221294 0.9230737 0.9230737 0.6592505 0.8962244 1.0817075 0.9525546 0.9525546 0.9529484 0.9529484 1.1284175 0.9529484 0.9529484 1.1284175 0.9529484 0.9529484 0.9529484 0.9529484 0.8306144 0.8306144 0.8306144 0.8306144 0.8306144 0.8306144 0.8306144 0.8306144 0.8953733 0.8773592 0.0000010 0.9629728 0.9880215 0.9058907 0.9058907 0.7487442 0.7720688 0.8748237 0.9073254 0.7216550 0.7885351 0.8216288 1.1944362 0.7679964 0.7393034 0.9045760 0.9535896 0.8539330 1.2718739 0.8066394 1.4927207 0.8263292 0.9873313 1.0192354 1.3007641 0.8471182 0.7119788 1.1699875 0.8017427 2.5356926 0.7222973 1.5602449 
Clacor_Ccor_C540279_01                                    1.3180367 1.2507111 1.4282040 3.1959159 1.1002649 0.5617716 0.9972247 0.6867060 0.8070799 0.6237600 0.5914046 0.4884204 0.4671459 0.5010143 0.5395737 0.0000000 0.4841394 0.4712890 0.6012163 0.5855917 0.6909755 0.6382782 0.5963592 0.6041059 0.5935381 0.5926327 0.6233815 0.5904685 0.5904685 0.6484504 0.6852640 0.7018846 0.6791563 0.6473800 0.6283274 0.6790840 0.5576828 0.6052049 0.5964219 0.7108896 0.6121213 0.6384676 0.6160767 0.6673407 0.6700589 0.6852809 0.5348993 0.8451754 0.6914386 0.6568176 0.4027012 0.6061151 0.5942804 0.6700163 0.7286555 0.7466193 0.6518111 0.7755859 0.7635055 0.6803111 0.6594382 0.7848789 0.7364685 0.7275618 0.8557623 0.8557623 0.9482116 0.8159784 0.8604131 0.8990828 0.6656662 0.8079159 0.7916599 0.9203798 0.8696688 0.8249733 0.8821916 0.9032101 0.8249733 0.8821916 0.9032101 0.9910965 0.9910965 0.8560279 0.8560279 0.8656777 0.8656777 1.0893129 0.8050284 1.0893129 0.8050284 0.9156768 0.9156768 0.9202820 0.8436344 1.1711241 0.8536193 0.8897805 0.8873581 0.7249114 0.6883024 0.6704298 0.7124705 0.6261531 0.7864159 0.8266822 0.8298346 1.2715754 0.9041805 0.9204650 0.8026317 0.9952071 0.6842492 0.9448087 1.0195480 1.4178258 0.7371180 1.4888986 1.7942521 1.3734891 0.8515483 0.8735304 1.2640513 0.7114944 1.0231448 0.7960324 1.7005876 
Cgig_XM_011428854.3                                       1.4536402 1.0854924 1.6112828 3.0887713 1.2433991 0.5762804 0.9255680 0.6717609 0.9302315 0.7305307 0.6691772 0.6316327 0.5919536 0.6112387 0.6136287 0.4841394 0.0000000 0.5354030 0.5983057 0.5717630 0.5954435 0.6823021 0.6248915 0.6149030 0.6031050 0.6021706 0.6372404 0.6322631 0.6322631 0.6223390 0.6138719 0.7152639 0.6551587 0.5884736 0.6092840 0.6422764 0.5387630 0.5731059 0.5457379 0.6003831 0.5952781 0.5758475 0.6774936 0.6674008 0.6751782 0.7679525 0.5934943 0.7951212 0.6982068 0.5302027 0.3193033 0.5424026 0.6274618 0.6213429 0.7367959 0.7387473 0.7094563 0.7433939 0.7136556 0.6475507 0.6956136 0.8149811 0.7328296 0.7696758 0.8349157 0.8349157 0.9532277 0.7917383 0.8695367 0.9150424 0.7951964 0.8340267 0.8999793 0.9505433 0.9142601 0.7639024 0.7834209 1.0230835 0.7639024 0.7834209 1.0230835 0.9675225 0.9675225 0.8071878 0.8071878 0.7248369 0.7248369 1.0143692 0.6499812 1.0143692 0.6499812 0.6896436 0.6896436 0.8672565 0.7987839 0.8991276 0.8069740 0.8030679 0.9096756 0.7931705 0.6611892 0.5888036 0.6892941 0.7152004 0.6871984 0.7595333 0.8741042 1.2320962 0.9121557 0.9716619 0.7980355 0.8201758 0.6825059 0.9590158 0.9703049 1.4814799 0.7657153 1.5246667 1.8035759 1.2790599 0.9547610 1.3520170 1.3069134 0.7020299 0.8986292 0.8618391 1.6868381 
Bralan_BLAG19000166_1                                     1.6188153 1.0908825 1.4330805 3.2505818 1.1043359 0.4964983 0.9591110 0.7272419 1.0580890 0.6527371 0.6501886 0.5724751 0.4802378 0.5863511 0.6716408 0.4712890 0.5354030 0.0000000 0.5669442 0.5647752 0.4417857 0.6443216 0.5858840 0.6033364 0.5612310 0.5671147 0.6078527 0.6335140 0.6335140 0.6174510 0.6426971 0.7387349 0.6342006 0.6182347 0.5718727 0.6379691 0.5151606 0.5541216 0.5044766 0.6322607 0.5582045 0.5897658 0.6465118 0.6554142 0.6631926 0.6690657 0.6244782 0.7123851 0.7016059 0.5774019 0.4721002 0.5913412 0.5686542 0.6291956 0.6024418 0.6275003 0.6273935 0.6730511 0.7298648 0.6590737 0.6767194 0.8853170 0.8473885 0.8319334 0.9115709 0.9115709 0.9824596 0.8969588 0.9663521 1.0024221 0.7606714 0.8342709 0.8555549 1.0015229 0.9319778 0.7878575 0.8252150 0.9252647 0.7878575 0.8252150 0.9252647 0.9708706 0.9708706 0.8282551 0.8282551 0.8577674 0.8577674 1.0956356 0.7738895 1.0956356 0.7738895 0.8486595 0.8486595 0.9158283 0.8807486 1.3692955 0.8952966 0.9217937 1.0072348 0.8568468 0.7114782 0.5997537 0.6803175 0.5956431 0.7212093 0.7733652 0.8465774 1.2313775 0.8690977 0.8554186 0.8450154 0.8957702 0.7733700 0.9699279 1.0494155 1.0311507 0.8797359 1.7145362 2.1644103 1.3792245 0.8647553 0.9811142 1.2118028 0.7001891 1.2135889 0.7155251 1.6613016 
Nemnom_g3133.t1                                           1.6907560 1.3589595 1.5900501 2.9302112 1.0591691 0.6316423 0.9892993 0.6395211 0.9083971 0.6886193 0.7383755 0.7035899 0.6554355 0.6569244 0.7589087 0.6012163 0.5983057 0.5669442 0.0000000 0.1040574 0.3093390 0.3562394 0.6598203 0.6511551 0.6292285 0.6282831 0.6349542 0.6648765 0.6648765 0.5856902 0.5941324 0.6912030 0.5831351 0.5820077 0.6096154 0.6601793 0.5379782 0.5833156 0.5699238 0.7118757 0.6919361 0.6531875 0.4985007 0.5619270 0.5689697 0.6338957 0.6666311 0.8015056 0.7295488 0.6361425 0.5519436 0.7739636 0.6409641 0.7001316 0.7364012 0.7654043 0.7167521 0.7551736 0.8384855 0.7765922 0.7898545 0.8391380 0.8018231 0.7357554 0.9030601 0.9030601 0.9965322 0.8390901 0.8853804 0.9146030 0.7767931 0.8147604 0.7574769 0.8987180 0.8479535 0.7676011 0.8127661 0.9396250 0.7676011 0.8127661 0.9396250 0.9395731 0.9395731 0.8131538 0.8131538 0.7979493 0.7979493 1.0153415 0.7108306 1.0153415 0.7108306 0.7984192 0.7984192 0.8220758 0.8523030 1.0148278 0.8276849 0.8400831 0.8446700 0.7326898 0.8068931 0.7150268 0.5768019 0.5775369 0.7738039 0.9043765 0.9145649 1.3102046 0.9457856 0.9413248 0.8688946 0.8543795 0.7978015 1.1449594 1.1158042 1.2398347 0.7002077 1.7006735 2.0284927 1.3899847 0.7816364 1.1009985 1.2798156 0.6580392 1.1234838 0.7189110 1.4979865 
Rhoesc_Res_004390-T1                                      1.6419961 1.3818097 1.5247189 3.0147239 1.1465029 0.5393732 1.0044509 0.6867963 0.9790102 0.6794341 0.7173193 0.6798199 0.6299215 0.6592128 0.7104090 0.5855917 0.5717630 0.5647752 0.1040574 0.0000000 0.2763643 0.3074112 0.6431706 0.6471838 0.6151407 0.6142168 0.6276156 0.6222449 0.6222449 0.5600529 0.5801746 0.6369003 0.5579312 0.5370168 0.5852126 0.6288539 0.4935600 0.5273114 0.5754108 0.6869106 0.6886192 0.6874746 0.4703342 0.5458986 0.5528061 0.6457619 0.6787614 0.7949734 0.7398828 0.6479445 0.5739660 0.7710837 0.6699735 0.6607661 0.7540439 0.7945395 0.7279879 0.7735605 0.8041247 0.8102673 0.7659976 0.9144933 0.8252657 0.7582894 0.8759932 0.8759932 0.9662388 0.8289657 0.8726446 0.9140023 0.7132652 0.8346863 0.8481300 0.9377109 0.8878641 0.7676475 0.8183061 0.9814899 0.7676475 0.8183061 0.9814899 0.9058101 0.9058101 0.8137864 0.8137864 0.7498663 0.7498663 0.9229288 0.6656210 0.9229288 0.6656210 0.7629286 0.7629286 0.7931760 0.8513670 1.0030387 0.8316732 0.8288435 0.8297824 0.7364276 0.7739054 0.7019542 0.5954220 0.5849637 0.7808430 0.8802725 0.8764662 1.2659218 0.9590916 0.9883708 0.8868659 0.8626030 0.7805640 1.1056657 1.2539264 1.3618900 0.7693447 1.7122718 1.9957863 1.3717760 0.7446365 1.0972568 1.3115741 0.6257749 1.0944835 0.6568155 1.4678263 
Aaur_scaffold93.g13.t1                                    1.5102222 1.2459900 1.3448571 2.0795588 3.5282330 0.2154690 1.9105707 3.3975757 1.5788435 0.7960762 0.6780461 0.7815190 0.7694408 0.7275355 0.8616759 0.6909755 0.5954435 0.4417857 0.3093390 0.2763643 0.0000000 0.3902087 0.4853329 0.5022266 0.4176235 0.4154871 0.4577840 0.4901081 0.4901081 0.4812301 0.5154327 0.4621387 0.4612164 0.4924962 0.4949166 0.4888399 0.4893037 0.5255887 0.5802276 0.5913897 0.6800351 0.5559736 0.5959907 0.6145250 0.6189395 0.5490887 0.6942643 0.5077469 0.6567817 0.5701357 0.7079524 0.7669328 0.7746889 0.9135338 0.9304210 0.9101662 0.8519970 0.8196245 0.9413072 0.8091032 0.8241061 2.3832799 0.8954589 1.2669912 0.7801431 0.7801431 0.7801431 0.7801431 0.6883315 0.6883315 0.7061736 0.6489450 1.7811936 0.7144189 0.7144189 0.7922795 0.7922795 2.1617239 0.7922795 0.7922795 2.1617239 0.7922795 0.7922795 0.8650166 0.8650166 0.8269638 0.8269638 0.7552412 0.7552412 0.7552412 0.7552412 0.7552412 0.7552412 0.7844116 0.7209817 0.0000010 0.7847180 0.7403666 0.7274981 0.7274981 0.7577785 0.5912769 0.5652070 0.5689871 0.6497397 0.7015491 0.8598816 0.8109822 0.9028166 0.9467832 0.9838032 0.8502302 0.7861178 0.8974846 0.0000010 4.5968781 0.8579575 1.2156004 1.1635145 1.3402928 0.3550882 0.8239954 0.7566078 0.6420824 3.5733737 9.0000000 1.7521564 
Sanmal_Sma_023322-T1                                      1.5453287 1.2267302 1.6949911 3.1249516 1.2440379 0.6914222 1.0516678 0.6975831 0.9544489 0.7003899 0.7419897 0.7501630 0.7679306 0.7118838 0.7545109 0.6382782 0.6823021 0.6443216 0.3562394 0.3074112 0.3902087 0.0000000 0.7133873 0.7193667 0.7060688 0.7049498 0.7263309 0.7181944 0.7181944 0.6082403 0.6006801 0.6941820 0.6473122 0.6941738 0.7313580 0.7735361 0.6599277 0.6152382 0.6616469 0.7623461 0.7440851 0.7126608 0.5475831 0.6139970 0.6219797 0.6953906 0.6482854 0.8483208 0.7465692 0.7556910 0.6627160 0.8430830 0.6730811 0.6956507 0.7423070 0.7865090 0.7200464 0.6954458 0.8572968 0.8199750 0.8425204 0.7885473 0.7665249 0.7193810 0.9484149 0.9484149 0.9862366 0.8805671 0.9308262 0.8998576 0.7567443 0.8369435 0.7562922 0.8796989 0.8242465 0.7238488 0.7787228 0.8655744 0.7238488 0.7787228 0.8655744 0.8850884 0.8850884 0.7588746 0.7588746 0.7520791 0.7520791 0.9685267 0.6835603 0.9685267 0.6835603 0.7913433 0.7913433 0.8433754 0.8706284 1.4317851 0.8685521 0.8947798 0.8460969 0.7602020 0.8696221 0.7487054 0.7300168 0.6196083 0.7908731 0.8343855 0.9225379 1.3269564 0.9960992 0.9595388 0.9827318 0.9172041 0.8439661 1.1374352 0.9119203 1.2880117 0.6647304 1.5199203 1.9752516 1.4027936 0.8853393 1.0356633 1.5250552 0.9487945 1.1930542 0.7274454 1.9676209 
HoiH23_PlH23_000831-RA                                    1.3067582 1.0099249 1.4624846 3.1223063 1.2442354 0.6928906 1.1016859 0.7610895 0.8111595 0.6304048 0.5625283 0.6931999 0.6901209 0.6757076 0.6091920 0.5963592 0.6248915 0.5858840 0.6598203 0.6431706 0.4853329 0.7133873 0.0000000 0.0237126 0.0457691 0.0425889 0.0911953 0.1450610 0.1450610 0.5707074 0.5676904 0.6248016 0.6637015 0.5820742 0.5433101 0.5899863 0.5851142 0.5846576 0.5615243 0.6148766 0.6510109 0.6237201 0.8244603 0.6829814 0.6761262 0.7111442 0.6442208 0.7691784 0.7102592 0.6227229 0.5306495 0.7215645 0.6223087 0.7104479 0.8150758 0.8457429 0.7202930 0.8044816 0.8173232 0.6839211 0.7300022 1.1240084 0.8431574 0.9677034 0.9910087 0.9910087 1.1189637 0.9526075 0.9533685 0.9756831 0.7263012 0.8899697 1.0758187 1.0520393 1.0261142 0.8532804 0.9321845 1.2269552 0.8532804 0.9321845 1.2269552 1.0358084 1.0358084 0.9002089 0.9002089 0.7545811 0.7545811 1.0221120 0.6777534 1.0221120 0.6777534 0.8232015 0.8232015 0.9329341 0.8948535 0.9241923 0.9529423 0.9740532 1.0068854 0.8603846 0.8366482 0.7328633 0.7679535 0.7240778 0.8130753 0.8662185 0.8969901 1.2126235 0.8748620 1.0129885 0.8333630 0.9365544 0.7942237 1.0831338 1.0802073 1.2844090 0.7087978 1.6200428 1.9077647 1.2715227 0.8790299 0.9657202 1.3867453 0.7184811 0.9290363 1.0739084 1.7171156 
HoiH06_mRNA2112                                           1.3067582 0.9816909 1.5035638 3.0725951 1.1870320 0.7154668 1.0791174 0.7891620 0.8166023 0.6454011 0.5831092 0.7202599 0.7170275 0.7030049 0.6406062 0.6041059 0.6149030 0.6033364 0.6511551 0.6471838 0.5022266 0.7193667 0.0237126 0.0000000 0.0489667 0.0521603 0.0980013 0.1341203 0.1341203 0.5688763 0.5569503 0.6272173 0.6938598 0.5993569 0.5605578 0.6052842 0.6209228 0.5947125 0.5527268 0.6083662 0.6576970 0.6238682 0.8455652 0.6902264 0.6832916 0.6970183 0.6360962 0.7453350 0.6906306 0.5975743 0.5232496 0.7203052 0.6092285 0.7142575 0.8041588 0.8215388 0.7188850 0.7822524 0.8065336 0.6575136 0.7298225 1.0999137 0.8360240 0.9489570 0.9913899 0.9913899 1.1178969 0.9529653 0.9531676 0.9864068 0.7404317 0.9133594 1.0541525 1.0518571 1.0340492 0.8526452 0.9313780 1.2001522 0.8526452 0.9313780 1.2001522 1.0394860 1.0394860 0.8994464 0.8994464 0.7753133 0.7753133 1.0443731 0.6965663 1.0443731 0.6965663 0.8429937 0.8429937 0.9287286 0.8946396 1.0163234 0.9671470 0.9883441 1.0338861 0.8733546 0.8425051 0.7465189 0.7575088 0.7218748 0.8346699 0.8890228 0.9082025 1.2134323 0.8626263 1.0165002 0.8090281 0.9344942 0.7875218 1.0781231 1.0101999 1.2512942 0.6910525 1.6189463 1.9347149 1.2346496 0.8636299 0.9939194 1.4333960 0.6975497 0.9196759 1.0445426 1.7652876 
Hhon_g04051.t1                                            1.3711269 1.0183185 1.4354178 3.1005263 1.2456889 0.6928906 1.1101545 0.7774011 0.8256830 0.6432919 0.5875018 0.6963380 0.6556747 0.6426338 0.5823126 0.5935381 0.6031050 0.5612310 0.6292285 0.6151407 0.4176235 0.7060688 0.0457691 0.0489667 0.0000000 0.0029504 0.0881300 0.1464377 0.1464377 0.5507695 0.5585079 0.5710868 0.6406498 0.5578581 0.5296220 0.5788610 0.5746307 0.5962239 0.5597451 0.6009787 0.6408863 0.6162256 0.7621327 0.6872137 0.6802990 0.6944454 0.6353615 0.7149214 0.7030985 0.5979295 0.5308426 0.7398522 0.6109939 0.7342223 0.7911806 0.8078290 0.7015023 0.7992151 0.8065864 0.6828396 0.7166531 1.1225992 0.8459898 0.9524721 0.9638507 0.9638507 1.0908554 0.9372205 0.9308169 0.9536383 0.7071995 0.8653587 1.0469789 0.9914992 0.9787390 0.8127949 0.8902935 1.2244255 0.8127949 0.8902935 1.2244255 0.9997541 0.9997541 0.8574466 0.8574466 0.6479666 0.6479666 0.9423037 0.5819941 0.9423037 0.5819941 0.7202822 0.7202822 0.8950480 0.8606969 0.9794554 0.9297561 0.9506449 0.9736498 0.8112298 0.8205707 0.7397050 0.7484302 0.7047772 0.7954561 0.8629671 0.9086305 1.1807090 0.8544439 0.9732580 0.8100368 0.9583295 0.7875135 1.0730069 1.1189698 1.3328891 0.7948247 1.6060795 1.8277744 1.2738217 0.8417387 0.9648454 1.3630129 0.7056034 0.9124030 1.0739084 1.6319588 
HoiH04_mRNA3705                                           1.3711269 1.0137839 1.4324355 3.1005263 1.2456889 0.6928906 1.1082650 0.7774011 0.8256830 0.6494105 0.5865855 0.6952575 0.6546520 0.6413910 0.5809371 0.5926327 0.6021706 0.5671147 0.6282831 0.6142168 0.4154871 0.7049498 0.0425889 0.0521603 0.0029504 0.0000000 0.0915072 0.1501362 0.1501362 0.5499298 0.5576561 0.5694859 0.6395322 0.5568417 0.5286882 0.5779243 0.5737436 0.5895234 0.5532652 0.6071757 0.6473579 0.6224507 0.7603075 0.6861536 0.6792491 0.6933519 0.6341574 0.7129346 0.7019928 0.6039991 0.5295722 0.7387038 0.6100459 0.7330830 0.7899623 0.8065786 0.7003883 0.7979539 0.8053276 0.6817578 0.7155346 1.1225992 0.8439632 0.9524721 0.9618098 0.9618098 1.0882907 0.9352294 0.9293620 0.9521307 0.7046701 0.8639409 1.0469789 0.9899688 0.9771122 0.8102202 0.8875951 1.2244255 0.8102202 0.8875951 1.2244255 0.9974054 0.9974054 0.8547062 0.8547062 0.6434833 0.6434833 0.9386429 0.5780914 0.9386429 0.5780914 0.7158240 0.7158240 0.8930757 0.8593265 0.9794554 0.9283019 0.9491736 0.9720996 0.8094214 0.8187783 0.7385764 0.7472592 0.7036785 0.7942237 0.8616203 0.9072491 1.1788064 0.8531306 0.9717998 0.8087520 0.9568561 0.7862839 1.0711407 1.1189698 1.3328891 0.7948247 1.6038671 1.8244650 1.2704016 0.8390069 0.9591241 1.3574076 0.7056034 0.9124030 1.0739084 1.6264207 
HoiH11_mRNA4244                                           1.4492758 1.0722933 1.4671239 3.1083670 1.2205380 0.7545234 1.1315702 0.8165009 0.7699618 0.6621570 0.6171768 0.7360686 0.6854879 0.6578191 0.6387819 0.6233815 0.6372404 0.6078527 0.6349542 0.6276156 0.4577840 0.7263309 0.0911953 0.0980013 0.0881300 0.0915072 0.0000000 0.1699926 0.1699926 0.5696947 0.5685430 0.5947320 0.6386198 0.5664980 0.5518716 0.6034331 0.6048635 0.5984871 0.6053398 0.6340586 0.6557105 0.6580883 0.8595374 0.6799994 0.6878707 0.7098975 0.6510061 0.7197031 0.7040027 0.6295399 0.5394865 0.7493730 0.6548559 0.7657060 0.8160238 0.8176234 0.7444053 0.8276959 0.8226432 0.7473734 0.7644620 1.1813136 0.8927450 1.0168887 0.9956174 0.9956174 1.1150715 0.9587649 0.9706792 0.9887316 0.7760962 0.9089726 1.1075682 1.0446052 1.0401764 0.8719058 0.9394733 1.3099916 0.8719058 0.9394733 1.3099916 1.0560424 1.0560424 0.9309457 0.9309457 0.7336052 0.7336052 0.9972949 0.6415848 0.9972949 0.6415848 0.7637060 0.7637060 0.9367839 0.9232185 1.0787350 0.9901820 1.0172187 1.0225474 0.8706840 0.8523487 0.7759502 0.7863684 0.7530742 0.8560676 0.9258359 0.9471707 1.2631778 0.9132044 1.0067028 0.8481762 0.9888737 0.8582332 1.2124268 1.2851791 1.3204325 0.8709055 1.5857676 1.7535082 1.3810148 0.7965708 0.9769361 1.3904296 0.7047338 0.9606128 1.0508479 1.7484948 
TrH2_TrispH2_007011-RA                                    1.3755797 1.1350096 1.4655880 3.1661023 1.2200421 0.7620526 1.0780313 0.7528614 0.8436374 0.6887762 0.5991496 0.7590007 0.7368133 0.7712372 0.6582682 0.5904685 0.6322631 0.6335140 0.6648765 0.6222449 0.4901081 0.7181944 0.1450610 0.1341203 0.1464377 0.1501362 0.1699926 0.0000000 0.0000010 0.5851891 0.5932445 0.6857090 0.6858067 0.6065425 0.5587156 0.6209886 0.6108500 0.5877385 0.5600846 0.6255619 0.6966636 0.6503426 0.7931361 0.7300118 0.7227474 0.7307158 0.7107532 0.8426838 0.7357124 0.6507000 0.5165073 0.7529630 0.6520416 0.7445124 0.8526614 0.8644915 0.8131984 0.8224199 0.8063540 0.6919159 0.7109517 1.1706964 0.8860584 0.9848137 1.0151153 1.0151153 1.1381233 1.0106081 1.0071113 1.0326127 0.7948011 0.9431918 1.1021651 1.0848404 1.0782831 0.8981696 0.9760852 1.2403223 0.8981696 0.9760852 1.2403223 1.1214794 1.1214794 0.9481795 0.9481795 0.8241734 0.8241734 1.1468964 0.7397323 1.1468964 0.7397323 0.8843590 0.8843590 0.9995963 0.9403982 1.1950794 1.0387832 1.0600940 1.0332692 0.8675410 0.8627482 0.7797694 0.7823136 0.7431921 0.8627661 0.8956544 0.9586001 1.2523488 0.9104943 1.0661045 0.8258456 0.9091994 0.7753024 1.0970117 1.0870930 1.2949192 0.7884073 1.6950589 1.9750041 1.3137425 0.8482768 1.0674652 1.6025740 0.6943099 0.8758477 1.0875064 1.8208684 
Tadh_TriadT49733                                          1.3755797 1.1350096 1.4655880 3.1661023 1.2200421 0.7620526 1.0780313 0.7528614 0.8436374 0.6887762 0.5991496 0.7590007 0.7368133 0.7712372 0.6582682 0.5904685 0.6322631 0.6335140 0.6648765 0.6222449 0.4901081 0.7181944 0.1450610 0.1341203 0.1464377 0.1501362 0.1699926 0.0000010 0.0000000 0.5851891 0.5932445 0.6857090 0.6858067 0.6065425 0.5587156 0.6209886 0.6108500 0.5877385 0.5600846 0.6255619 0.6966636 0.6503426 0.7931361 0.7300118 0.7227474 0.7307158 0.7107532 0.8426838 0.7357124 0.6507000 0.5165073 0.7529630 0.6520416 0.7445124 0.8526614 0.8644915 0.8131984 0.8224199 0.8063540 0.6919159 0.7109517 1.1706964 0.8860584 0.9848137 1.0151153 1.0151153 1.1381233 1.0106081 1.0071113 1.0326127 0.7948011 0.9431918 1.1021651 1.0848404 1.0782831 0.8981696 0.9760852 1.2403223 0.8981696 0.9760852 1.2403223 1.1214794 1.1214794 0.9481795 0.9481795 0.8241734 0.8241734 1.1468964 0.7397323 1.1468964 0.7397323 0.8843590 0.8843590 0.9995963 0.9403982 1.1950794 1.0387832 1.0600940 1.0332692 0.8675410 0.8627482 0.7797694 0.7823136 0.7431921 0.8627661 0.8956544 0.9586001 1.2523488 0.9104943 1.0661045 0.8258456 0.9091994 0.7753024 1.0970117 1.0870930 1.2949192 0.7884073 1.6950589 1.9750041 1.3137425 0.8482768 1.0674652 1.6025740 0.6943099 0.8758477 1.0875064 1.8208684 
Spis_XP_022802454_1                                       1.4069211 1.2253112 1.4100103 2.9991602 1.1380873 0.9098254 1.1636623 0.2540448 0.8771148 0.6623460 0.6244389 0.7330409 0.7393126 0.6496577 0.6991950 0.6484504 0.6223390 0.6174510 0.5856902 0.5600529 0.4812301 0.6082403 0.5707074 0.5688763 0.5507695 0.5499298 0.5696947 0.5851891 0.5851891 0.0000000 0.0583437 0.1124992 0.2745192 0.2950623 0.3452526 0.3736710 0.4779828 0.4513471 0.6697440 0.6873884 0.6919789 0.6174106 0.6736907 0.6237493 0.6240595 0.6455255 0.6828663 0.7719643 0.7496313 0.6716341 0.5024007 0.7361343 0.6483758 0.7778899 0.7665890 0.7781256 0.6757196 0.8584565 0.8518892 0.8175223 0.7932170 0.7688963 0.6953463 0.6955821 0.8661127 0.8661127 0.9326322 0.8304686 0.8693576 0.9181746 0.7375777 0.8212179 0.8526180 0.9277912 0.8738227 0.7548212 0.8276588 1.0667529 0.7548212 0.8276588 1.0667529 0.9828819 0.9828819 0.7803823 0.7803823 0.6651512 0.6651512 1.0334020 0.6229964 1.0334020 0.6229964 0.7587688 0.7587688 0.9193064 0.8706552 1.2625926 0.9133240 0.9299006 0.8984234 0.7273019 0.8067777 0.7638165 0.7289351 0.6146596 0.7676077 0.8560310 0.8154348 1.1781374 0.8997777 0.9599641 0.9927031 1.0102304 0.8574692 1.1380084 1.1122897 1.2606811 0.6986703 1.6249336 1.9453513 1.1995002 0.7936668 1.1826457 1.4215731 0.8807419 1.0879973 1.2255895 1.7542954 
