89
Lcom_lcpid22293                                        0.0000000 0.4273164 0.4233652 0.5106947 0.4023231 0.7998044 1.6352417 1.6014208 1.6646518 1.5374578 1.5543681 1.4854681 1.5577793 1.7104170 2.2972672 0.8966025 1.5018689 1.4311480 1.4560048 1.5277922 1.4221218 1.3989128 1.4970006 1.6143095 1.6657285 1.7837522 1.6741773 1.1038330 1.0848276 1.7885302 1.5131935 1.5984700 1.7040705 1.3450927 1.3711183 1.8974450 1.8277031 1.7814040 1.7716933 1.7945244 1.8438245 1.7361744 1.0811508 1.6912568 1.6306646 1.6734198 1.8521353 1.4730853 2.5690848 1.7525157 2.7799113 2.5996707 2.6809995 2.5893430 1.9111749 2.7757935 1.6322495 1.8233924 1.6761481 2.9219114 2.4437967 2.6628906 2.3989441 2.7722498 2.9109420 3.4014610 2.5899891 2.5130450 2.9461071 3.0489375 2.7481863 2.7238960 2.6498413 2.8269044 2.4999634 2.7902351 2.2216674 2.8998509 2.4033048 2.7060302 3.1834756 2.9996653 3.6740256 4.3343102 4.0439329 3.9204552 3.1977775 3.5311990 3.6136817 
Gracom_Gcom_scaffold852_01                             0.4273164 0.0000000 0.4299540 0.5075693 0.3655416 0.6509234 1.6483102 1.7713711 1.7657664 1.7413660 1.7196111 1.6202473 1.6719314 1.7576125 2.4389126 0.8756826 1.6189617 1.5499850 1.4646163 1.6417723 1.5416860 1.5273487 1.6288058 1.5794370 1.7012904 1.8493859 1.7031304 1.1110451 1.0739678 1.6719170 1.4128671 1.6879190 1.9128784 1.4219246 1.5371935 1.7459967 1.9101775 1.8304358 1.8428667 1.8760190 1.9368993 1.8399247 1.1141875 1.7714683 1.5994612 1.5730133 1.8425146 1.5161244 2.8515501 1.7776622 3.0769262 2.8323332 2.6042531 2.4776329 1.8552800 2.7805706 1.7121355 2.0248108 1.8518460 2.8066889 2.3134779 2.8839684 2.6088843 2.8758017 2.9358022 3.4879532 2.6021156 2.3829201 2.8303591 2.8346794 2.8045787 2.7733455 2.5443496 2.7069931 2.4785390 2.6598962 2.1155064 2.8021731 2.3825926 2.7211624 3.0812447 3.0113581 3.6842402 4.4634688 4.1458627 3.9289887 3.1227551 3.2121951 3.6684429 
Scil_scict017433.2                                     0.4233652 0.4299540 0.0000000 0.4502778 0.3640165 0.7737457 1.6838862 1.5641800 1.5733516 1.5768521 1.5735981 1.4791729 1.4611498 1.6113642 2.2124018 0.8529392 1.5335065 1.4637011 1.3571580 1.5575070 1.4904779 1.3848144 1.4500896 1.5053455 1.6014354 1.7377718 1.5836568 1.1159910 1.0774728 1.8483077 1.4537599 1.8465352 1.7915691 1.3723343 1.5041147 1.9256951 1.7037978 1.6910026 1.6650865 1.6890425 1.7036027 1.6561858 0.9753224 1.7114214 1.5999050 1.5842466 1.7378610 1.3581878 2.5203972 1.8171507 2.8009769 2.6446752 2.5673572 2.5231418 1.8166705 2.6835841 1.5412605 1.9531138 1.8896103 3.2783148 2.1108417 2.7525964 2.4685005 2.6747817 2.8530242 3.4039676 2.4266674 2.2491197 2.6670110 2.7718136 2.5455626 2.6729297 2.5099924 2.7692288 2.3846293 2.6386089 2.0977618 2.6469774 2.5476421 2.7369392 3.2295602 3.1160291 3.4640669 4.4225109 4.1412299 3.9325970 3.1068228 3.4656148 3.5243845 
Clacor_Ccor_C517839_01                                 0.5106947 0.5075693 0.4502778 0.0000000 0.4516372 0.5724389 0.8695045 0.8106286 0.7729921 0.7702443 0.7460659 0.7097451 0.7267651 0.8622454 1.7371516 0.6508713 0.7068856 0.7825094 0.8180374 0.9416856 0.8304040 1.0175843 1.4581727 1.1418238 1.0858638 1.0293035 0.9305342 0.8054821 0.8604117 0.9801245 0.7094397 1.0082700 1.2228106 0.7105324 0.8658995 1.2767281 1.0279282 0.9849922 0.9641442 0.9912820 0.9537693 0.9383958 0.9457057 0.9132835 0.9906392 1.3413244 1.2803207 1.1994413 1.3392364 1.1624408 1.5052518 1.5883370 1.4594116 0.0000010 1.4280316 1.5369585 1.3147014 0.9379110 1.2705124 4.4066606 1.9233261 1.7490424 2.2957320 2.5342693 2.3500780 2.9134270 2.0812973 1.9991625 2.5933655 2.6152459 2.5465166 2.4396294 2.3195389 2.2381700 1.6812113 1.4588833 1.4588833 1.6518283 1.4573906 1.6572614 1.7154781 2.8243825 3.4883757 3.1707194 2.9044756 3.2474333 3.8541113 3.8507396 2.9280392 
Leuniv_Lniv_scaffold21873_01                           0.4023231 0.3655416 0.3640165 0.4516372 0.0000000 0.7263286 1.5906178 1.5626929 1.6031517 1.5278825 1.5852550 1.4562230 1.4835107 1.6102854 2.1955247 0.8390357 1.4503464 1.3794068 1.2992480 1.5608521 1.4643364 1.4281264 1.5304158 1.4781022 1.5839293 1.7655729 1.6059792 1.1235262 1.0639404 1.6528766 1.3991674 1.6211813 1.7135135 1.3004793 1.4288579 1.8381668 1.7921079 1.7344619 1.6972313 1.7279748 1.8045683 1.7087958 1.0871193 1.6954268 1.4670816 1.6216251 1.8694380 1.4845838 2.5831779 1.7796887 2.8431092 2.7802635 2.8074905 2.4841234 1.8185326 2.7038300 1.6821640 1.7794418 1.6096579 2.7273586 2.2908846 2.6531087 2.5468099 2.7732161 2.9562108 3.4713194 2.4970518 2.3835251 2.8706661 2.8988870 2.7988005 2.7794855 2.4404553 2.6388127 2.3572516 2.7959970 2.1629168 2.9548463 2.3644060 2.5701570 3.1150508 3.1853679 3.3893371 4.4243716 4.1468154 3.6247227 2.9584602 3.1470392 3.5831690 
Bralan_BLAG03001254_1                                  0.7998044 0.6509234 0.7737457 0.5724389 0.7263286 0.0000000 0.3650582 0.5184410 0.4610729 0.4158103 0.4112777 0.4262231 0.3902251 0.5630615 2.1603003 0.4510202 0.4477728 0.4100405 0.4498489 0.4803992 0.5353704 0.7219917 1.0325313 0.6904577 0.7294288 0.6907005 0.8506803 0.7361125 0.6884961 0.9454756 0.5657961 0.5708143 0.7374302 0.5341578 0.5894039 1.9058549 0.9341163 0.8900031 0.8684946 0.8865905 0.8277916 0.9013552 0.9208338 0.6324653 0.6589110 1.1034435 1.0538560 0.8990836 1.3762750 0.9739505 1.2333022 1.3457907 1.3314031 0.0000010 1.0063076 2.1044421 1.4513144 0.5514459 4.5289267 0.0000010 1.4603317 1.5027107 2.3638727 2.5968158 2.4112149 5.8206719 1.7824837 1.9620385 2.5188752 2.6043292 1.8228622 2.2174374 2.0141599 2.2981141 1.6872791 1.6865276 1.6865276 1.6117776 1.7257453 1.9062482 9.0000000 2.6307209 3.0171539 5.3546610 3.2535492 3.4287977 3.0814081 3.0814081 2.6308347 
Cgig_XM_034473581.1                                    1.6352417 1.6483102 1.6838862 0.8695045 1.5906178 0.3650582 0.0000000 1.3527031 1.3805197 1.3363774 1.2582886 1.2981216 1.4424357 1.4908834 2.2365878 0.7245110 1.0640045 0.9813840 1.2800392 1.3050984 1.5058338 1.2755466 1.4228897 1.4818059 1.5820047 1.5815264 1.7422525 1.1372397 1.0054486 1.7325099 1.3482927 0.8275741 2.0466940 1.5150663 1.4476278 1.9149634 1.7740476 1.7327162 1.7317233 1.7474095 1.7239220 1.7775086 1.1495827 1.6104354 1.1407701 1.2412623 1.7027315 1.3875509 2.2807552 1.7173800 2.4777135 2.5573348 2.6550963 2.4682436 1.7003477 2.5538008 1.5206326 1.1573542 1.2747434 3.8288524 2.3805694 2.8460838 2.4257967 2.6191671 2.9813217 2.9915651 2.4155055 2.2271213 2.6355125 2.8028439 2.3274745 2.4949369 2.2562585 2.5890058 2.2339853 2.7338751 2.1708106 2.9425030 2.6304112 2.7675970 3.0957321 2.7497217 3.4439051 3.9635818 3.5527923 3.9768737 3.4468559 3.9442402 3.6603017 
Spis_XP_022796242_1                                    1.6014208 1.7713711 1.5641800 0.8106286 1.5626929 0.5184410 1.3527031 0.0000000 0.1498230 0.2741941 0.2657620 0.3501879 0.3864216 0.4405831 0.5957509 0.6307411 1.1748813 1.2374504 1.4178071 0.8432966 0.9758174 0.6554658 0.9913249 1.2519255 1.2874837 1.2462622 1.5975329 1.0593326 0.9286105 1.6803441 1.1167825 1.6366426 1.4467352 1.1745550 1.2294614 1.7246957 1.5032177 1.4386900 1.4867328 1.5018635 1.4806652 1.4630513 0.9995831 1.1044688 1.2971552 1.4324818 1.9182926 1.4423219 2.5677883 1.8754204 2.6296494 2.4307669 2.4471928 1.7474411 1.3906746 2.8278302 1.6925993 1.4269888 1.3586399 2.4421899 2.2420045 2.9913127 2.4622687 2.1685770 2.5827312 2.7979277 2.2726387 2.1472212 2.3200912 2.5653479 2.3371269 2.3604062 2.2852605 2.2935365 2.0370158 2.5796878 2.2379475 2.6372030 2.4937507 2.9891446 3.0867554 3.0195351 3.8496416 4.8388035 4.4374417 3.5133089 2.6498516 2.7166328 3.6938902 
Pocdam_XM_027188331.1                                  1.6646518 1.7657664 1.5733516 0.7729921 1.6031517 0.4610729 1.3805197 0.1498230 0.0000000 0.2805453 0.2539037 0.3422445 0.3855830 0.4440257 0.6380928 0.6166976 1.1899593 1.2056836 1.4065496 0.8241349 0.9518343 0.6514783 1.0330217 1.2189077 1.2732745 1.2548996 1.5500294 1.0606387 0.9231266 1.6239528 1.1291091 1.6205411 1.5067272 1.2027891 1.2066429 1.8307535 1.4834475 1.4257601 1.4484236 1.4610750 1.4339948 1.3942128 1.0120284 1.0684101 1.2760542 1.3775980 1.9424904 1.4459843 2.5189884 1.9381837 2.6985096 2.4084246 2.4682199 1.5524720 1.3324104 2.7557585 1.6408999 1.5221813 1.3629885 2.4704347 2.2719337 2.9502175 2.5204247 2.1842066 2.6349505 2.7795167 2.2300756 2.1351334 2.3082742 2.5369490 2.3823379 2.4771680 2.3046265 2.3019301 2.1349369 2.6707266 2.3091262 2.7946537 2.5640096 2.9874006 3.3512274 3.1837913 4.0061342 4.7171267 4.4246236 3.5460978 2.7584612 2.8428579 3.6650971 
Gasp_gasp1.m3.9021.m1                                  1.5374578 1.7413660 1.5768521 0.7702443 1.5278825 0.4158103 1.3363774 0.2741941 0.2805453 0.0000000 0.1738290 0.3163799 0.3579552 0.4023125 0.5828601 0.6488712 1.1970186 1.1486417 1.3794118 0.8421529 0.9051055 0.6259818 0.9968597 1.3117970 1.3208599 1.2113431 1.5848942 1.0522561 0.8805531 1.6551530 1.1450102 1.5337199 1.4771906 1.1724159 1.1890911 1.7749853 1.3672240 1.3196744 1.3443751 1.3564730 1.3372178 1.3582671 0.9839072 1.0305929 1.2688335 1.3074707 1.8923545 1.3857096 2.5408255 1.7510409 2.6655402 2.3107239 2.3799322 1.5712644 1.3548249 2.6315980 1.6018481 1.4125159 1.3568733 2.6240082 2.2620256 2.9829248 2.4940552 2.2370716 2.5920696 2.8390111 2.2259882 2.1288872 2.3337811 2.5354846 2.3227832 2.3217463 2.3025782 2.3487551 2.1427387 2.7480058 2.3197112 2.8765445 2.5639791 2.9700176 3.0119208 3.1744192 3.7039797 4.1295342 3.8651216 3.3376497 2.7140517 2.8512752 3.4477796 
Fspp_ffun1.m4.52.m1                                    1.5543681 1.7196111 1.5735981 0.7460659 1.5852550 0.4112777 1.2582886 0.2657620 0.2539037 0.1738290 0.0000000 0.2692060 0.3314410 0.3734946 0.5557953 0.6104912 1.1504166 1.0797485 1.3787434 0.8449570 0.9074390 0.6274580 1.0088955 1.2276954 1.3310649 1.2414188 1.5648023 1.0042909 0.8400773 1.5580885 1.0657027 1.5075873 1.4435420 1.1478818 1.1796004 1.6740670 1.4101021 1.3346125 1.3941603 1.4091413 1.3651832 1.3532745 0.9314667 1.0714540 1.2365203 1.3430288 1.8400152 1.3465902 2.5848660 1.8102364 2.6642131 2.3852042 2.4167755 1.5286096 1.3427686 2.7352232 1.5851804 1.4429402 1.3589246 2.3743212 2.2567673 2.9189841 2.4783838 2.2603714 2.5892825 2.7827796 2.2198792 2.1517612 2.4045089 2.5435710 2.3902306 2.3890976 2.2573780 2.2604880 2.0837393 2.6650383 2.3190897 2.7303284 2.5585155 2.9342490 2.9997006 3.0864200 3.8988629 4.4207235 4.1105011 3.4405333 2.7162877 2.9825830 3.5949149 
Gfas_gfas1.m1.10956.m1                                 1.4854681 1.6202473 1.4791729 0.7097451 1.4562230 0.4262231 1.2981216 0.3501879 0.3422445 0.3163799 0.2692060 0.0000000 0.3350588 0.3820157 0.5625491 0.5029371 1.1708776 1.2052048 1.3899501 0.7750715 0.9255730 0.6283484 1.0465674 1.2456656 1.3208516 1.1849271 1.5778460 1.0149742 0.8767348 1.4990269 1.0513943 1.5763799 1.4725565 1.1524371 1.2092636 1.6474596 1.4594568 1.4036098 1.4163256 1.4329652 1.3961870 1.4074860 0.9614237 1.0792369 1.2685739 1.3427059 1.8616838 1.4237437 2.5982887 1.7958276 2.6552251 2.3586821 2.4356556 1.6433373 1.3864256 2.7815632 1.6414689 1.5313407 1.3500899 2.0359576 2.1916601 2.7588094 2.3895767 2.1979663 2.5915228 2.8343122 2.1930764 2.1215955 2.3300067 2.5050693 2.3532052 2.4090873 2.3007778 2.1666736 2.2437447 2.7741181 2.3108715 2.8871278 2.5185392 2.9685608 3.3462603 3.0266942 3.6960338 4.3896871 4.0184460 3.5034481 2.8343047 2.8590183 3.6330919 
Adig_XM_015896614.1                                    1.5577793 1.6719314 1.4611498 0.7267651 1.4835107 0.3902251 1.4424357 0.3864216 0.3855830 0.3579552 0.3314410 0.3350588 0.0000000 0.0466644 0.1019797 0.5655473 1.2309797 1.2698107 1.4343086 0.8880352 0.8856869 0.6437307 1.0498537 1.2344108 1.3605965 1.2599108 1.6036236 1.0691103 0.9019737 1.5675578 1.1061170 1.6331352 1.5291286 1.1910552 1.2642821 1.7668639 1.6117617 1.5119572 1.5301274 1.5439194 1.5462303 1.5973046 1.0573756 1.1150909 1.2697200 1.3183123 1.7542995 1.4401969 2.6013073 1.7422891 2.8618051 2.5179992 2.5200117 1.6511979 1.4242062 2.6577115 1.6159884 1.5826962 1.5068960 2.3114203 2.2939251 3.1027879 2.4972720 2.2342996 2.3956422 2.7138407 2.2000137 2.1415635 2.3316758 2.5476345 2.2967732 2.3867332 2.3140028 2.2755870 2.2856511 2.8535872 2.3465562 3.0925885 2.7181136 3.0177450 3.2153249 3.3010399 3.8668703 4.7276156 4.3092233 3.7433467 2.8385189 3.0617698 3.6887870 
Amil_Amillepora20171-RA                                1.7104170 1.7576125 1.6113642 0.8622454 1.6102854 0.5630615 1.4908834 0.4405831 0.4440257 0.4023125 0.3734946 0.3820157 0.0466644 0.0000000 0.1022307 0.8397629 1.3175857 1.3375733 1.5932289 0.9631336 0.9731896 0.7348035 1.0685900 1.3689648 1.4496729 1.3528308 1.7273740 1.1625724 1.0046632 1.6374374 1.2024720 1.6995176 1.5238441 1.2851311 1.3647722 1.8067180 1.7043382 1.5942675 1.6143670 1.6289976 1.6296625 1.6926596 1.1623782 1.2344725 1.3375671 1.4542641 1.7997666 1.5281702 2.6531640 1.8750458 2.9775635 2.6659907 2.6718308 1.6679846 1.5033657 2.5234052 1.6425758 1.5911158 1.5034112 2.2563947 2.4275672 3.2328998 2.7329321 2.4395988 2.5872477 2.5794185 2.4099229 2.3005402 2.5897345 2.7550851 2.5571923 2.6207118 2.5296475 2.5360929 2.4349463 3.0566259 2.5545787 3.2840005 2.7821180 3.0469305 3.2012604 3.5189421 4.1948251 4.7244889 4.5770185 3.9792738 2.8877441 3.1191027 3.8602223 
Adig_XM_015896617.1                                    2.2972672 2.4389126 2.2124018 1.7371516 2.1955247 2.1603003 2.2365878 0.5957509 0.6380928 0.5828601 0.5557953 0.5625491 0.1019797 0.1022307 0.0000000 2.4142404 1.8334749 1.8224413 2.1549694 1.2351721 1.3355172 0.9175453 1.0551578 1.7087771 1.7965677 1.6549390 2.1568792 1.5663983 1.4016027 2.0155440 1.5137075 2.3137961 1.5691085 1.6806361 1.7325052 1.9522232 2.0945218 2.0283507 2.0758201 2.0856635 2.0665093 2.1126855 1.4154459 1.5207893 1.7225770 4.3799538 2.6608719 2.5161856 3.8675719 2.8187269 4.1764999 3.6320924 3.8701728 1.7417649 1.7474935 3.6589649 2.4218914 1.8029169 1.6048826 2.3303731 3.3447315 4.7032920 3.0869858 2.7843489 2.8686295 2.7321546 3.0750362 2.7434435 2.7943481 2.9122903 3.0311596 3.0203357 2.8532378 2.8246643 3.1031703 4.4826451 3.7876466 4.3681908 3.9390870 4.2899476 3.7363378 3.6703382 4.7040494 5.0864081 4.9920696 4.6675826 3.1877263 3.5222783 5.4212923 
Spur_XM_030986466.1                                    0.8966025 0.8756826 0.8529392 0.6508713 0.8390357 0.4510202 0.7245110 0.6307411 0.6166976 0.6488712 0.6104912 0.5029371 0.5655473 0.8397629 2.4142404 0.0000000 0.6310506 0.8631869 0.8047776 0.6220815 0.7607344 0.5717577 1.1844154 0.7236909 0.7092499 0.6040031 1.0806388 0.7996878 0.8651385 1.1906902 0.8080918 0.7420665 2.2871367 0.8647719 0.9898397 1.9240089 1.3042549 1.2587236 1.2295846 1.2780422 1.1690432 1.1283119 1.0382320 0.9667317 0.9047971 1.2758206 1.4148394 1.1044179 1.6385494 1.2267410 1.4421128 1.4869722 1.4096120 2.8830960 0.8501560 2.2630727 1.5921979 2.0006862 4.5700411 7.8249686 1.5132621 1.6224504 2.0166307 2.3079905 2.0983790 4.9486054 1.9036748 1.9980199 2.1677326 2.5557034 1.9014576 2.1430310 1.9598123 1.9385766 1.6381318 1.5720392 1.6282331 1.7229392 1.5441869 1.8900832 9.0000000 2.7650856 2.9295187 4.3482186 2.8646997 2.9227964 3.0962241 3.0962241 2.5413264 
Skow_XM_002733967.2                                    1.5018689 1.6189617 1.5335065 0.7068856 1.4503464 0.4477728 1.0640045 1.1748813 1.1899593 1.1970186 1.1504166 1.1708776 1.2309797 1.3175857 1.8334749 0.6310506 0.0000000 1.0707638 1.2052358 1.1531444 1.3601656 1.0828985 1.3478360 1.3922896 1.4598403 1.5239090 1.5885189 1.0476173 0.9027330 1.5388137 1.1422714 1.2160270 1.7213033 1.3947877 1.3967118 1.7772552 1.5221543 1.4140430 1.4102969 1.4382342 1.5018343 1.4051497 0.8995410 1.4916957 1.1167303 1.3382976 1.8564130 1.4989576 2.4865131 1.8638900 2.6258502 2.3774041 2.4629655 2.0884104 1.5949935 3.0629001 1.8201544 1.1092384 1.0640011 3.5712455 2.3682705 2.7389766 2.3723550 2.4394812 2.7765487 2.9165149 2.3512588 2.1847809 2.3090317 2.5104622 2.3570157 2.3250663 2.2888229 2.3337661 2.2034846 2.9927185 2.5044690 2.9832118 2.6970913 2.9397372 3.1937456 2.8484408 3.2081509 4.3756300 3.9271232 3.7840943 3.1789833 3.3432927 4.1242340 
Ctel_gnl_WGS_AMQN_CAPTEDRAFT_mRNA169992                1.4311480 1.5499850 1.4637011 0.7825094 1.3794068 0.4100405 0.9813840 1.2374504 1.2056836 1.1486417 1.0797485 1.2052048 1.2698107 1.3375733 1.8224413 0.8631869 1.0707638 0.0000000 1.2185094 1.2033986 1.1707888 1.2953889 1.1866289 1.4933764 1.4763287 1.3477539 1.5133498 1.1443315 1.0086484 1.5580402 1.2693295 1.0257528 1.5599404 1.3139981 1.3731376 1.5767943 1.5317417 1.4754364 1.4352812 1.4632277 1.3895787 1.4773805 0.9866467 1.3445770 1.0273690 1.4965337 1.6571408 1.4324054 2.4639289 1.7124297 2.6371708 2.3092675 2.3147574 1.6847807 1.6063594 2.4329352 1.4608808 1.1763496 1.3150755 2.6431361 2.3016635 2.6711090 2.4949703 2.4984849 3.0984523 2.9450886 2.2777840 2.2165197 2.5183096 2.5072214 2.4043985 2.4250429 2.3525726 2.4008544 2.3220332 2.7605060 2.1740822 2.8549735 2.6604468 2.6041060 3.0820868 2.6500410 3.2265499 4.2732713 4.0635253 3.9622411 3.2125790 3.6885622 3.9776583 
Hsap_ENST00000299206                                   1.4560048 1.4646163 1.3571580 0.8180374 1.2992480 0.4498489 1.2800392 1.4178071 1.4065496 1.3794118 1.3787434 1.3899501 1.4343086 1.5932289 2.1549694 0.8047776 1.2052358 1.2185094 0.0000000 1.4133089 1.5778189 1.3854308 1.4766865 1.4165898 1.6264422 1.7160710 1.7381662 1.0705538 1.0288617 1.7159271 1.3815926 1.4144173 1.9636250 1.4625487 1.4206921 1.9579694 1.7725092 1.6760166 1.7000424 1.7205625 1.7028996 1.6980262 1.0264845 1.5910734 1.1518490 1.2410800 1.7739484 1.5302699 2.6544624 1.9376133 2.6812943 2.6039994 2.5343950 2.4185090 1.8006320 2.7859530 1.7131424 1.3730829 1.4349822 3.0257844 2.2047519 2.7145642 2.5759856 2.4580406 2.8138400 2.8883937 2.4755057 2.2679568 2.6332711 2.6781899 2.7472443 2.6951133 2.4988472 2.5633180 2.4096703 2.8632099 2.2896231 3.0159735 2.7284200 3.0259988 3.2002232 2.6405562 3.5028832 4.4190064 4.0416450 3.8704554 3.8998097 3.7739131 3.9542215 
Exapal_XM_021042493.2                                  1.5277922 1.6417723 1.5575070 0.9416856 1.5608521 0.4803992 1.3050984 0.8432966 0.8241349 0.8421529 0.8449570 0.7750715 0.8880352 0.9631336 1.2351721 0.6220815 1.1531444 1.2033986 1.4133089 0.0000000 1.0238793 0.7027613 0.9806481 1.1518529 1.2400414 1.2003954 1.5487464 1.2045933 1.0325322 1.5355147 1.1581566 1.3849241 1.4468195 1.2202218 1.3539713 1.7028741 1.5718380 1.5255951 1.5596874 1.5676520 1.5034009 1.6023754 1.1558899 1.1507193 1.1371109 1.4895225 1.7179657 1.4882701 2.5109066 1.9131864 2.4900956 2.1651094 2.2624629 1.6900399 1.3227394 2.5761325 1.6084176 1.4626513 1.4212946 2.6903130 2.3965237 2.7915113 2.1583671 2.1934160 2.5148352 2.6052118 2.2792245 2.2225553 2.3395261 2.4951409 2.3384092 2.3830261 2.3155457 2.1306729 2.2107922 2.6980569 2.2171821 2.7534978 2.5753676 2.9695070 3.0489517 3.3159607 3.6738980 4.3144543 3.8963004 3.5737302 3.1296551 3.4800702 4.0112737 
Dgig_XM_028539439.1                                    1.4221218 1.5416860 1.4904779 0.8304040 1.4643364 0.5353704 1.5058338 0.9758174 0.9518343 0.9051055 0.9074390 0.9255730 0.8856869 0.9731896 1.3355172 0.7607344 1.3601656 1.1707888 1.5778189 1.0238793 0.0000000 0.8949270 0.9961003 1.0490641 1.1819338 1.1456472 1.5251777 1.0437615 1.0371160 1.4166459 1.1567534 1.5896090 1.4041887 1.1612012 1.2164013 1.5304355 1.4895253 1.4552491 1.4884503 1.5138592 1.4420391 1.5407700 1.0197827 0.7124154 1.3964621 1.6881947 1.9499980 1.6100303 2.6479447 1.8250518 2.6718935 2.3425712 2.7381987 1.6736152 1.4238842 2.6890781 1.5239280 1.6056079 1.6426242 2.3861919 2.4224143 2.8000817 2.5381808 2.3143893 2.5204628 2.7138716 2.3518161 2.1217212 2.2551818 2.4234968 2.4807197 2.4837563 2.4978325 2.3524132 2.4024183 2.7166034 2.2255631 2.7483324 2.6177558 2.7385883 3.0954482 2.8955999 3.3278459 4.2045790 4.0893484 3.5070576 2.7679252 3.0649181 3.4632334 
Nvec_v1g190712                                         1.3989128 1.5273487 1.3848144 1.0175843 1.4281264 0.7219917 1.2755466 0.6554658 0.6514783 0.6259818 0.6274580 0.6283484 0.6437307 0.7348035 0.9175453 0.5717577 1.0828985 1.2953889 1.3854308 0.7027613 0.8949270 0.0000000 0.9328659 1.1170528 1.2000815 1.1345438 1.5774185 1.1832056 1.1815866 1.5362737 1.3384079 1.5100031 1.5881700 1.3265835 1.3069151 1.9030729 1.4359872 1.3542957 1.3726990 1.3868012 1.3012707 1.3489459 1.0719468 1.1793612 1.1955417 1.7142345 1.6493751 1.5796280 2.2869524 1.9552342 2.1760014 2.0749414 2.1777767 1.6186081 1.3520153 2.2351036 1.6875531 1.3281607 1.4696259 4.1877294 2.1247668 2.4054068 2.4006287 2.3419334 2.4496193 2.6746110 2.0782400 2.1087021 2.3705260 2.4729021 2.3609540 2.4491530 2.4053130 2.4069853 2.1433138 2.7072302 2.3849745 2.6530221 2.2283280 2.5101540 3.1009004 3.1166384 3.5590546 4.3194277 4.0147462 3.4922940 4.0984661 4.9977194 3.8651779 
Aaur_scaffold559.g9.t1                                 1.4970006 1.6288058 1.4500896 1.4581727 1.5304158 1.0325313 1.4228897 0.9913249 1.0330217 0.9968597 1.0088955 1.0465674 1.0498537 1.0685900 1.0551578 1.1844154 1.3478360 1.1866289 1.4766865 0.9806481 0.9961003 0.9328659 0.0000000 0.6597170 0.5111790 0.7211149 1.7673408 1.3524052 1.4602889 1.5781134 1.7033393 1.3442784 1.2619827 1.2666537 1.3953865 1.6666753 1.4526335 1.4197736 1.4387159 1.4477996 1.3647999 1.3992622 1.0916735 0.9656258 1.4541480 3.3255851 2.2257704 2.0117669 2.7299793 2.4004372 3.2096823 2.7088655 3.0568433 1.0427357 1.0639751 2.1744014 1.7490651 1.3123829 1.1865918 3.9605626 2.7408523 3.2163267 2.5787519 2.6587966 2.6775500 2.3530236 2.9839638 2.2949380 2.4242731 2.5169166 2.7994722 2.7175222 2.5534197 2.1864126 2.4502447 3.3145418 2.6999394 3.2551517 3.2907192 3.4960003 3.1748932 2.5645170 3.4283087 3.9575605 3.7804431 3.6542416 4.2200692 5.5592169 4.2188194 
Nemnom_g4872.t1                                        1.6143095 1.5794370 1.5053455 1.1418238 1.4781022 0.6904577 1.4818059 1.2519255 1.2189077 1.3117970 1.2276954 1.2456656 1.2344108 1.3689648 1.7087771 0.7236909 1.3922896 1.4933764 1.4165898 1.1518529 1.0490641 1.1170528 0.6597170 0.0000000 0.3471951 0.9459638 1.6023931 1.3029755 1.1243410 1.5450545 1.3812500 1.3607810 1.6995116 1.3246616 1.3890961 1.8793060 1.5619437 1.4901040 1.5579116 1.5741123 1.4743896 1.4507608 1.1367384 1.2822352 1.5459278 1.6785678 2.1483644 1.6232932 2.7644824 1.9693050 2.6493184 2.6607761 2.5964892 1.3838844 1.0880845 2.5609273 1.7490159 1.4762108 1.4955761 2.6778071 2.7930219 2.7016433 2.6650003 2.6230691 2.9476180 3.1757311 2.6233411 2.2333578 2.6226186 2.5790336 2.5178559 2.4924558 2.7755500 2.5446345 2.5267185 2.7215254 2.3956219 2.7443858 2.9300520 2.8903779 2.9133409 3.0260582 3.2106162 4.0005344 3.6916684 3.4849066 2.8798188 3.1349695 3.5897231 
Rhoesc_Res_003551-T1                                   1.6657285 1.7012904 1.6014354 1.0858638 1.5839293 0.7294288 1.5820047 1.2874837 1.2732745 1.3208599 1.3310649 1.3208516 1.3605965 1.4496729 1.7965677 0.7092499 1.4598403 1.4763287 1.6264422 1.2400414 1.1819338 1.2000815 0.5111790 0.3471951 0.0000000 1.0349027 1.8445699 1.3522497 1.2758374 1.7666664 1.5105979 1.5791628 1.7703112 1.4363715 1.5071498 1.9569298 1.7349265 1.6202252 1.6851922 1.7066838 1.6317749 1.6349738 1.1625572 1.3728463 1.5140132 1.6086539 1.9961064 1.6413268 2.8421712 2.0180179 2.6126281 2.7573522 2.5494558 1.5407176 1.2231856 2.6030791 1.6301849 1.7045811 1.4977772 2.4089130 2.5089765 2.6845124 2.6446872 2.8031581 3.0799744 3.3230377 2.7528675 2.4315127 2.7226741 2.7514497 2.6471833 2.5337982 2.6456747 2.5847660 2.4486042 2.8161255 2.2684666 2.7828295 2.7023753 2.8582499 3.1512746 2.8778858 3.0308873 3.8121974 3.5662177 3.6706142 2.9458922 3.2994753 3.6993919 
Morvir_scaffold413.g8.t1                               1.7837522 1.8493859 1.7377718 1.0293035 1.7655729 0.6907005 1.5815264 1.2462622 1.2548996 1.2113431 1.2414188 1.1849271 1.2599108 1.3528308 1.6549390 0.6040031 1.5239090 1.3477539 1.7160710 1.2003954 1.1456472 1.1345438 0.7211149 0.9459638 1.0349027 0.0000000 1.7358487 1.1889370 1.2108183 1.5203746 1.3581847 1.6134835 1.5960231 1.3647385 1.5787177 1.8802906 1.7112202 1.6802076 1.7585183 1.7732689 1.7184018 1.6616653 1.1155083 1.2673564 1.4680743 1.5588425 2.0017986 1.6862054 2.9629386 2.0721340 2.9582721 2.4407043 3.0522381 1.5386019 1.2734398 2.6802628 1.6324655 1.9272879 1.6954685 3.1178376 2.5208348 2.8470617 2.5902454 2.6185663 2.8829039 3.2241836 2.7149694 2.4107216 2.5479486 2.5727654 2.4358680 2.4752269 2.8200248 2.3804309 2.4803001 2.7938452 2.2479952 2.9208923 2.9950017 3.1324724 3.0202657 3.0634701 3.3886160 4.1970113 3.7422670 3.6387198 2.8176607 3.0980060 3.8798655 
Tetwil_g23065.t2                                       1.6741773 1.7031304 1.5836568 0.9305342 1.6059792 0.8506803 1.7422525 1.5975329 1.5500294 1.5848942 1.5648023 1.5778460 1.6036236 1.7273740 2.1568792 1.0806388 1.5885189 1.5133498 1.7381662 1.5487464 1.5251777 1.5774185 1.7673408 1.6023931 1.8445699 1.7358487 0.0000000 0.6031630 0.4631308 1.1326872 1.1618388 1.7780664 1.6287364 1.4257510 1.4760907 1.1601932 1.7780310 1.7345105 1.8024259 1.8098626 1.6820412 1.7154992 1.2240415 1.7316114 1.8312610 1.9049115 2.0796109 1.7818884 3.0301833 1.9843434 2.7773935 2.6765855 2.6082637 2.2778963 1.8594912 3.0304155 2.0187841 1.8748986 1.7186044 2.5930295 2.2526740 3.0706397 2.4385364 2.4718078 2.9119346 3.1325725 2.4994560 2.2371426 2.7006021 2.6899447 2.3959454 2.4085722 2.6279219 2.2771811 2.5093629 3.0034439 2.5241763 2.7625778 2.9472033 2.9524707 2.9449099 3.2565212 3.8780222 5.1505173 4.6028583 4.0400664 2.2937075 2.3831972 3.9888477 
Spolac_c93195_g1_i1_m.8575c93195-g1                    1.1038330 1.1110451 1.1159910 0.8054821 1.1235262 0.7361125 1.1372397 1.0593326 1.0606387 1.0522561 1.0042909 1.0149742 1.0691103 1.1625724 1.5663983 0.7996878 1.0476173 1.1443315 1.0705538 1.2045933 1.0437615 1.1832056 1.3524052 1.3029755 1.3522497 1.1889370 0.6031630 0.0000000 0.5203084 0.8977820 0.7995681 1.1054605 1.4110381 1.1864052 1.1965297 0.9627431 1.3731075 1.3268348 1.2741468 1.2941699 1.2393650 1.3038547 1.1267924 1.1731457 1.3299425 1.7583326 1.6047323 1.5439000 1.9570629 1.5983410 2.1297637 2.3417990 2.0969619 1.5705464 1.4218112 2.0813627 1.7615640 1.0914952 1.3219222 4.7976927 2.3851647 2.2306733 2.3584923 2.4735000 2.6851037 2.8994463 2.4469302 2.1895977 2.5523785 2.6027014 2.5081509 2.5838497 2.2774224 2.2828486 2.1838748 2.4008803 2.3276286 2.6802401 2.3755171 2.2045541 2.6075625 2.8057819 3.3420814 3.9769832 3.4198381 3.2073409 4.9984107 6.3508931 3.6362841 
Stycar_maker-SC_scaffold4112-augustus-gene-0.7-mRNA-1  1.0848276 1.0739678 1.0774728 0.8604117 1.0639404 0.6884961 1.0054486 0.9286105 0.9231266 0.8805531 0.8400773 0.8767348 0.9019737 1.0046632 1.4016027 0.8651385 0.9027330 1.0086484 1.0288617 1.0325322 1.0371160 1.1815866 1.4602889 1.1243410 1.2758374 1.2108183 0.4631308 0.5203084 0.0000000 0.6321884 0.6471931 1.0602541 1.0421126 0.9307224 1.0090119 0.8408068 1.1318192 1.1172457 1.0955704 1.1162696 1.0379982 1.1372716 1.1506338 1.1511004 1.1146477 1.6896139 1.5324725 1.4109342 1.7820441 1.4775922 1.9045509 1.9903130 1.8028233 1.1976619 1.3221019 1.8792641 1.6100549 0.9091875 1.2508781 3.8029343 1.9213769 2.0604361 2.1298340 2.3908818 2.4456165 2.6941362 2.4966218 2.3737569 2.7151829 2.5469852 2.4027226 2.5445840 2.3262714 2.1599940 1.8699802 2.1570141 2.1570141 2.2644860 2.0849827 2.1782283 2.5965202 2.8534223 3.2279573 3.5307529 3.3515226 3.3331544 4.6806710 4.5137278 2.9686821 
Aque_Aqu2.1.38148_001                                  1.7885302 1.6719170 1.8483077 0.9801245 1.6528766 0.9454756 1.7325099 1.6803441 1.6239528 1.6551530 1.5580885 1.4990269 1.5675578 1.6374374 2.0155440 1.1906902 1.5388137 1.5580402 1.7159271 1.5355147 1.4166459 1.5362737 1.5781134 1.5450545 1.7666664 1.5203746 1.1326872 0.8977820 0.6321884 0.0000000 1.1157099 1.7237357 1.8711572 1.5817630 1.6707502 0.6854453 1.9621041 1.8553954 1.8550909 1.8707145 1.9005004 1.8768493 1.3304858 1.6533728 1.9318228 1.8216310 2.1385661 1.8650544 3.1656486 2.2147581 3.1501626 2.9447532 2.9153545 1.9658761 1.8807526 2.9255452 1.8304231 1.8697911 1.8584183 1.8327825 2.6163458 3.1730746 2.8048750 2.4664472 3.0335576 2.6213250 2.8947142 2.5550306 2.9714774 3.0092849 2.9257618 2.7008380 2.9806439 2.5275721 2.7154427 3.1415213 2.6874725 3.1617313 3.0080814 3.0667163 3.5614554 3.3284674 3.6086015 4.6841602 4.2371993 4.3089076 2.9498280 3.1353323 4.1060120 
Plespi_Pspi_scaffold19947_01                           1.5131935 1.4128671 1.4537599 0.7094397 1.3991674 0.5657961 1.3482927 1.1167825 1.1291091 1.1450102 1.0657027 1.0513943 1.1061170 1.2024720 1.5137075 0.8080918 1.1422714 1.2693295 1.3815926 1.1581566 1.1567534 1.3384079 1.7033393 1.3812500 1.5105979 1.3581847 1.1618388 0.7995681 0.6471931 1.1157099 0.0000000 1.5400590 1.5244118 1.2189639 1.0959869 1.2705930 1.5869086 1.5109188 1.5474349 1.5548650 1.4824841 1.5534628 1.0317976 1.3763608 1.3704531 1.4262391 1.7252070 1.5812257 2.5821045 1.7755482 2.6595684 2.6171637 2.5967654 1.7600314 1.5135167 2.4835490 1.5207131 1.4407042 1.3680196 2.5280632 2.5157649 2.8235186 2.4596530 2.6327324 2.9496583 3.0738450 2.4181205 2.3387930 2.4412659 2.6237198 2.4979229 2.5609320 2.2581372 2.3555947 2.2649966 2.7609929 2.2428627 2.9454084 2.5991441 2.9079446 3.1391146 2.7024101 3.0966893 4.6274542 4.0343574 3.7749170 3.0207262 3.2280000 3.3772005 
Acagra_model.g2065.t1                                  1.5984700 1.6879190 1.8465352 1.0082700 1.6211813 0.5708143 0.8275741 1.6366426 1.6205411 1.5337199 1.5075873 1.5763799 1.6331352 1.6995176 2.3137961 0.7420665 1.2160270 1.0257528 1.4144173 1.3849241 1.5896090 1.5100031 1.3442784 1.3607810 1.5791628 1.6134835 1.7780664 1.1054605 1.0602541 1.7237357 1.5400590 0.0000000 2.0015507 1.5760311 1.6092080 1.8187443 2.0611866 2.0015395 2.0145593 2.0386346 2.0001931 2.0357860 1.2537544 1.6563590 1.1401881 1.4722418 1.7984873 1.4532748 2.4264540 1.8803464 2.8789438 2.6398156 2.9292848 2.1491793 1.6114727 2.8010213 1.6451054 1.3329494 1.3490610 4.3250784 2.2332812 3.0329552 2.5015188 2.5119032 3.2252219 3.0180616 2.7636185 2.3594998 2.7969666 2.7837973 2.4170869 2.4436028 2.5998275 2.3443990 2.3215301 3.2182045 2.3814399 3.1179858 2.8964625 2.6306988 3.1194531 2.8080365 3.1817867 4.5365477 3.9047801 3.9071685 3.3696749 3.5288778 3.7352888 
Ocar_g8023                                             1.7040705 1.9128784 1.7915691 1.2228106 1.7135135 0.7374302 2.0466940 1.4467352 1.5067272 1.4771906 1.4435420 1.4725565 1.5291286 1.5238441 1.5691085 2.2871367 1.7213033 1.5599404 1.9636250 1.4468195 1.4041887 1.5881700 1.2619827 1.6995116 1.7703112 1.5960231 1.6287364 1.4110381 1.0421126 1.8711572 1.5244118 2.0015507 0.0000000 0.0228104 0.8821908 1.7837755 1.5778975 1.5386521 1.6729718 1.6821379 1.6211596 1.6335863 1.0948406 1.7003206 1.8371936 5.6239410 2.6714653 2.1931753 3.6216564 2.4193488 3.5909387 3.3615261 3.5103955 1.7490529 1.6835449 3.5887507 2.0331717 1.4890914 1.5892946 2.2246050 2.7270973 3.3518985 3.1602904 2.7002194 3.1684612 2.5017735 3.1262633 2.6459191 2.8138818 2.9500827 2.9902465 2.8872836 2.8110550 2.4685349 2.8892459 3.6127953 3.1755069 3.5648858 3.7488479 3.5359621 3.7650233 2.8510162 3.8348192 4.5757447 4.6293838 3.9620711 2.0275791 2.1449915 4.9225715 
Opea_EP00118_Oscarella_pearsei_P001714                 1.3450927 1.4219246 1.3723343 0.7105324 1.3004793 0.5341578 1.5150663 1.1745550 1.2027891 1.1724159 1.1478818 1.1524371 1.1910552 1.2851311 1.6806361 0.8647719 1.3947877 1.3139981 1.4625487 1.2202218 1.1612012 1.3265835 1.2666537 1.3246616 1.4363715 1.3647385 1.4257510 1.1864052 0.9307224 1.5817630 1.2189639 1.5760311 0.0228104 0.0000000 0.6672850 1.7057858 1.3818327 1.3233674 1.4205185 1.4358271 1.3345056 1.3411859 0.9772616 1.3416654 1.4546524 1.3148259 1.8794241 1.4288873 2.5067853 1.7983605 2.6236681 2.5094478 2.5174709 1.7305111 1.5153606 2.6486810 1.5803158 1.4101715 1.5204415 2.2246050 2.1394829 2.6253920 2.8289364 2.3911795 2.6309395 2.8861148 2.5261324 2.2917303 2.6440295 2.6922987 2.4705379 2.4171145 2.4605311 2.3549498 2.2117256 2.6323027 2.2488188 2.7243893 2.8128205 2.8400818 3.1057116 2.6616597 3.4139341 4.1250198 3.7974891 3.3048149 2.4273187 2.5989363 3.6216411 
Plajan_Pjan_scaffold12586_01                           1.3711183 1.5371935 1.5041147 0.8658995 1.4288579 0.5894039 1.4476278 1.2294614 1.2066429 1.1890911 1.1796004 1.2092636 1.2642821 1.3647722 1.7325052 0.9898397 1.3967118 1.3731376 1.4206921 1.3539713 1.2164013 1.3069151 1.3953865 1.3890961 1.5071498 1.5787177 1.4760907 1.1965297 1.0090119 1.6707502 1.0959869 1.6092080 0.8821908 0.6672850 0.0000000 1.7523200 1.4451216 1.3589144 1.4165869 1.4341931 1.4780889 1.4348274 0.9889777 1.4122345 1.3769708 1.4882226 1.9434148 1.6702137 2.6056749 1.7248404 2.4608329 2.5433870 2.5303430 1.7760679 1.5456967 2.5487746 1.5669637 1.4173894 1.3419704 2.2085012 2.2218450 2.6955058 2.7850485 2.5946887 2.6929279 2.8983949 2.5247041 2.4247769 2.5177184 2.5160777 2.4297641 2.5502428 2.4842804 2.4769118 2.2855701 2.4109613 2.0953052 2.4900803 2.5238432 2.8991589 3.1935283 2.9880610 3.4091510 4.2403482 3.9577484 3.5690410 2.6344501 3.0395991 3.2213589 
Xestes_maker-XT_scaffold4288-augustus-gene-0.35-mRNA-1 1.8974450 1.7459967 1.9256951 1.2767281 1.8381668 1.9058549 1.9149634 1.7246957 1.8307535 1.7749853 1.6740670 1.6474596 1.7668639 1.8067180 1.9522232 1.9240089 1.7772552 1.5767943 1.9579694 1.7028741 1.5304355 1.9030729 1.6666753 1.8793060 1.9569298 1.8802906 1.1601932 0.9627431 0.8408068 0.6854453 1.2705930 1.8187443 1.7837755 1.7057858 1.7523200 0.0000000 1.8366938 1.8022755 1.7845448 1.7973683 1.8976802 1.8390795 1.4376666 1.8521512 2.0211789 2.2979896 2.3312410 2.2503498 3.3279350 2.4787848 3.4122014 3.2620018 3.0197490 1.8556502 1.9467269 3.1391296 2.0073618 1.7239183 1.6918215 1.6712017 2.7488430 3.1564451 2.9173821 2.8551711 3.3163160 2.9185344 3.2874807 2.8662932 3.2451471 3.3051410 3.0871115 2.9381724 3.0514711 2.6497517 2.9648760 3.3864703 2.9253632 3.4366234 3.2345643 3.5312854 3.2356406 3.3449751 3.6691672 4.6211758 4.3297186 4.0574574 2.7157725 3.0394747 4.3217155 
HoiH06_mRNA8268                                        1.8277031 1.9101775 1.7037978 1.0279282 1.7921079 0.9341163 1.7740476 1.5032177 1.4834475 1.3672240 1.4101021 1.4594568 1.6117617 1.7043382 2.0945218 1.3042549 1.5221543 1.5317417 1.7725092 1.5718380 1.4895253 1.4359872 1.4526335 1.5619437 1.7349265 1.7112202 1.7780310 1.3731075 1.1318192 1.9621041 1.5869086 2.0611866 1.5778975 1.3818327 1.4451216 1.8366938 0.0000000 0.0648815 0.1357550 0.1408327 0.1384783 0.3129635 0.2041197 1.7232493 1.6692935 1.8907370 1.9235673 1.4681873 2.8745666 1.9735293 2.9591577 2.6181559 2.8446131 2.1000572 1.7925665 3.0001177 1.8535125 1.7546606 1.9305436 2.8322463 2.3438985 2.7665181 2.6713211 2.5722471 2.7210021 2.6842266 2.2664238 2.1387588 2.4258649 2.2307692 2.4766339 2.1917675 2.4200808 2.4204979 2.4969432 3.0408306 2.4436319 2.9569803 2.8726763 3.2393950 2.5830425 2.6978389 3.6449240 4.7137729 4.1346338 3.5812759 3.3416682 3.3929847 4.1518833 
HoiH23_PlH23_003267-RA                                 1.7814040 1.8304358 1.6910026 0.9849922 1.7344619 0.8900031 1.7327162 1.4386900 1.4257601 1.3196744 1.3346125 1.4036098 1.5119572 1.5942675 2.0283507 1.2587236 1.4140430 1.4754364 1.6760166 1.5255951 1.4552491 1.3542957 1.4197736 1.4901040 1.6202252 1.6802076 1.7345105 1.3268348 1.1172457 1.8553954 1.5109188 2.0015395 1.5386521 1.3233674 1.3589144 1.8022755 0.0648815 0.0000000 0.1228057 0.1299700 0.1546551 0.3041527 0.2102467 1.6918526 1.6102140 1.8139793 1.8962446 1.5266542 2.8270460 1.9303573 2.8825681 2.5528160 2.7411258 2.0397232 1.7226747 3.0124137 1.8950771 1.7403583 1.9096660 2.7238651 2.3178692 2.7739152 2.7070825 2.5844694 2.8084250 2.7971511 2.2924985 2.1520138 2.4160101 2.2626490 2.5360664 2.2039603 2.3653505 2.3712390 2.4479828 2.8964881 2.3460559 2.8419997 2.7772826 3.2214006 2.6844721 2.7056536 3.7638482 4.9223555 4.3488027 3.7297257 3.4326545 3.4238863 4.2055264 
Hhon_g02264.t1                                         1.7716933 1.8428667 1.6650865 0.9641442 1.6972313 0.8684946 1.7317233 1.4867328 1.4484236 1.3443751 1.3941603 1.4163256 1.5301274 1.6143670 2.0758201 1.2295846 1.4102969 1.4352812 1.7000424 1.5596874 1.4884503 1.3726990 1.4387159 1.5579116 1.6851922 1.7585183 1.8024259 1.2741468 1.0955704 1.8550909 1.5474349 2.0145593 1.6729718 1.4205185 1.4165869 1.7845448 0.1357550 0.1228057 0.0000000 0.0107409 0.1956925 0.3376448 0.2294471 1.7250000 1.6155888 1.7641602 1.8135696 1.4626402 2.9145854 1.9871637 2.8624580 2.6070603 2.8033906 2.0094595 1.7468033 2.8648073 1.8291844 1.6791196 1.9031760 2.8163682 2.2140382 2.7981832 2.5774168 2.4948842 2.7054832 2.5997912 2.2588934 2.0748327 2.3443056 2.2838577 2.4147399 2.1927076 2.3060002 2.3868392 2.4779238 3.0084666 2.4481351 2.9819257 2.7544558 3.1676120 2.5834529 2.8023339 3.7584425 4.9086060 4.3285576 3.6462349 3.6724798 3.6893777 4.2318886 
HoiH04_mRNA5804                                        1.7945244 1.8760190 1.6890425 0.9912820 1.7279748 0.8865905 1.7474095 1.5018635 1.4610750 1.3564730 1.4091413 1.4329652 1.5439194 1.6289976 2.0856635 1.2780422 1.4382342 1.4632277 1.7205625 1.5676520 1.5138592 1.3868012 1.4477996 1.5741123 1.7066838 1.7732689 1.8098626 1.2941699 1.1162696 1.8707145 1.5548650 2.0386346 1.6821379 1.4358271 1.4341931 1.7973683 0.1408327 0.1299700 0.0107409 0.0000000 0.2033579 0.3503283 0.2402038 1.7447543 1.6415796 1.8252693 1.8271547 1.4745982 2.9138390 1.9752496 2.8719251 2.6203346 2.8588079 2.0143437 1.7449333 2.9224003 1.8448612 1.6936280 1.9158768 2.8747403 2.1936183 2.8149756 2.5800416 2.4666773 2.6908457 2.6026546 2.2700470 2.0842017 2.3646469 2.2627080 2.4411434 2.1980583 2.3107141 2.3792759 2.4425611 3.0697944 2.4967417 2.9980298 2.7130217 3.1743377 2.6154159 2.8336725 3.7634117 4.8848922 4.2866963 3.6669437 3.6437968 3.6592477 4.3253425 
HoiH11_mRNA589                                         1.8438245 1.9368993 1.7036027 0.9537693 1.8045683 0.8277916 1.7239220 1.4806652 1.4339948 1.3372178 1.3651832 1.3961870 1.5462303 1.6296625 2.0665093 1.1690432 1.5018343 1.3895787 1.7028996 1.5034009 1.4420391 1.3012707 1.3647999 1.4743896 1.6317749 1.7184018 1.6820412 1.2393650 1.0379982 1.9005004 1.4824841 2.0001931 1.6211596 1.3345056 1.4780889 1.8976802 0.1384783 0.1546551 0.1956925 0.2033579 0.0000000 0.3419783 0.1854773 1.6833846 1.6331589 1.7733765 1.8779213 1.4837483 2.9114466 1.9647138 2.9156198 2.5886108 2.8278853 2.0687065 1.7501041 2.8737037 1.8145481 1.7096041 1.8406585 3.1381165 2.2068719 2.8630601 2.7125637 2.5883997 2.7891808 2.7416713 2.2611419 2.0738249 2.4022590 2.2650289 2.4915918 2.2497457 2.3670810 2.3808742 2.4770752 2.9332591 2.3685407 2.8262302 2.7040697 3.1773766 2.6817784 2.8814792 3.8797866 4.8072711 4.2374028 3.7912167 3.4631820 3.5621721 4.3676749 
TrH2_TrispH2_005144-RA                                 1.7361744 1.8399247 1.6561858 0.9383958 1.7087958 0.9013552 1.7775086 1.4630513 1.3942128 1.3582671 1.3532745 1.4074860 1.5973046 1.6926596 2.1126855 1.1283119 1.4051497 1.4773805 1.6980262 1.6023754 1.5407700 1.3489459 1.3992622 1.4507608 1.6349738 1.6616653 1.7154992 1.3038547 1.1372716 1.8768493 1.5534628 2.0357860 1.6335863 1.3411859 1.4348274 1.8390795 0.3129635 0.3041527 0.3376448 0.3503283 0.3419783 0.0000000 0.0064019 1.7232130 1.6404621 1.6986376 1.8228579 1.3659282 3.0257566 1.8839608 2.7805081 2.6111191 2.9039875 2.0169887 1.6994723 2.8989498 1.7479068 1.7623425 1.7812035 3.0687190 2.1649690 2.8847247 2.6618343 2.5639924 2.8582474 2.7844073 2.3866786 2.2341776 2.5167579 2.3407749 2.5719887 2.2875858 2.5046929 2.5604614 2.5088379 2.8681850 2.3457598 2.7693013 2.7960729 2.9812270 2.7862752 2.7189756 3.7928233 4.7098675 4.1052555 3.9370011 3.4589739 3.4777753 4.3017019 
