85
Emue_Em0019g804a.t1                               0.0000000 0.2161213 0.7030365 0.6046143 0.7561272 0.8044107 0.6171759 0.6171759 1.0262667 1.2433732 1.1125891 1.1955734 1.0612470 0.9032019 0.9136609 0.8828158 0.9525087 0.8811770 0.8662981 1.0816355 0.9706822 0.9287091 0.9506709 0.6920877 1.0180061 0.9476185 0.9974116 1.0121380 0.9942896 0.8854550 0.9862904 0.7948942 0.8027574 1.0244265 1.0244265 0.9534568 0.9597217 0.8812281 0.9556309 0.8940932 1.0313628 0.8992237 0.9186084 0.9356998 1.1871262 0.9494808 1.1107317 0.8378866 1.3133005 0.9776743 1.0306300 0.9568731 0.9405669 1.0201595 1.5192126 1.3348655 1.2933996 1.1535311 1.0353013 1.3336397 1.0910855 1.2586069 1.2917053 1.2917053 1.6079991 1.3547334 1.5575841 1.5575841 1.9668087 1.5047944 1.1132773 1.6173266 1.6107656 1.6981273 1.5723062 1.7146746 1.9648440 1.9165844 1.9165844 1.6899182 1.8115210 1.7089115 1.9251002 1.9251002 2.7008329 
Spolac_c101106_g1_i1_m.24547c101106-g1            0.2161213 0.0000000 0.6726152 0.5762666 0.8010957 0.7500613 0.7038057 0.7038057 0.9812533 1.1602149 1.1753224 1.2453306 1.0027041 0.9094982 0.9095948 0.8858200 0.9932578 0.9324660 0.9199754 1.0676588 1.0221057 0.9042746 0.9620537 0.6926873 0.9598828 0.9005017 1.0094396 1.0624855 0.9607704 0.9363417 1.0538996 0.7938143 0.8687825 0.9092955 0.9092955 1.0264211 1.0441661 0.9448011 1.0244630 0.9321568 1.0981415 0.9748301 0.8908214 0.8869413 1.1541740 0.8862038 1.0458219 0.8664669 1.2434652 0.9926250 1.0468086 0.9101960 0.8993831 1.0112998 1.4812901 1.2884887 1.1484850 1.0669103 1.1287770 1.2649704 1.1099227 1.2747657 1.2150098 1.2150098 1.6717334 1.4076662 1.5966461 1.5966461 1.9394985 1.5016178 1.1102129 1.5056163 1.5317863 1.6397522 1.4888619 1.7380338 1.9409182 1.9534265 1.9534265 1.5820541 1.7072582 1.7570595 1.9376400 1.9376400 2.9189990 
Tetwil_g20139.t1                                  0.7030365 0.6726152 0.0000000 0.3842118 0.7548625 0.8777936 0.9321286 0.9321286 1.2636299 1.1207987 1.2205019 1.2707118 1.1666704 0.9920271 0.9864913 1.0141870 1.1613781 1.0782417 1.1097793 1.2682377 0.9784569 0.8723013 0.9806805 0.8176586 1.0945513 1.0243939 0.9487154 1.0829699 1.0815700 0.9530461 1.0564954 0.7619831 0.8520121 0.9654014 0.9654014 1.2555571 1.2055723 1.1246293 1.2233399 1.1112933 1.2263901 1.0715070 1.0140964 0.9893723 0.9140294 0.9316904 0.9641188 1.0233282 1.4176348 1.0889921 1.1612143 1.0519296 1.1838094 1.0338351 1.4676934 1.2387074 1.2221887 1.2352774 1.1924922 1.4042180 1.2264707 1.3627970 1.3032145 1.3032145 1.7147718 1.4823889 1.8132269 1.8132269 1.8815819 1.3719219 1.1123413 1.5671504 1.6204919 1.6268779 1.7261102 1.7842232 2.0884845 1.9557448 1.9557448 1.7520806 1.7695000 1.6748380 2.0497228 2.0497228 2.7478722 
Stycar_maker-SC_scaffold7762-snap-gene-0.5-mRNA-1 0.6046143 0.5762666 0.3842118 0.0000000 0.5354415 0.7134254 0.6672071 0.6672071 0.9899100 0.8165033 0.9167649 0.8935013 0.7821150 0.9268387 0.9420172 0.9754021 1.1136946 1.0400018 0.9761715 1.0355812 0.8124985 0.7103369 0.6321786 0.6923171 0.9955365 0.9735463 0.8548330 0.9036507 0.6920958 0.8650020 0.9976980 0.6266995 0.7559020 0.8273381 0.8273381 0.9090303 0.8799765 0.9066574 0.9066574 0.9133632 0.8637136 0.8637136 0.7807679 0.8921155 0.8905545 0.9860423 0.8042866 0.9642251 1.2832703 0.8940781 1.0573565 0.8220567 0.9873574 0.7734521 1.5327256 1.2082120 1.0687814 1.0249928 0.9190086 1.0942891 1.0487940 1.2071379 1.2395879 1.2395879 1.4253787 1.3113950 1.4150893 1.4150893 1.4000187 1.1894042 1.0485726 1.5542589 1.6783714 1.7564080 1.8405485 1.6006429 1.5583878 1.9476565 1.9476565 1.6688643 1.6161221 1.6895762 1.8625266 1.8625266 2.7160032 
Plespi_Pspi_scaffold20620_01                      0.7561272 0.8010957 0.7548625 0.5354415 0.0000000 0.7249935 0.7290304 0.7290304 0.9062610 0.8721362 0.9091682 0.9559189 0.7802716 1.0460535 1.0185008 0.9122759 1.1160476 1.0074380 0.9437797 1.1243022 0.9640688 0.7983655 0.8846624 0.7480256 0.8912760 0.8406354 0.8088686 0.8434858 0.8590977 0.8557234 0.9021461 0.7120598 0.7706095 0.8050939 0.8050939 1.0480305 1.0025925 0.8916319 0.9874594 0.8493515 1.0596430 0.9131685 0.8643547 0.8608133 1.1535845 0.8526187 1.0151356 0.9090019 1.0382846 0.9602682 0.9329131 0.9378886 1.1279414 0.9315793 1.6248969 1.3600623 1.2290808 1.1639940 1.0519718 1.3348380 1.0941408 1.3099047 1.3836118 1.3836118 1.6622774 1.5426093 1.6906570 1.6906570 1.8792435 1.5077951 0.9153631 1.4821226 1.4522596 1.4954937 1.7391633 1.6198676 1.9238074 1.7352174 1.7352174 1.6763368 1.6398830 1.6950047 1.7974015 1.7974015 2.5591796 
Spur_XM_786152.5                                  0.8044107 0.7500613 0.8777936 0.7134254 0.7249935 0.0000000 0.6371519 0.6371519 0.8943859 0.9723544 0.8795298 0.8399843 0.9135821 0.9196893 0.9408614 0.8438812 1.0134188 0.9284737 0.9418301 1.0862067 0.8245148 0.6786105 0.7435439 0.6844386 0.9212470 0.7552904 1.0056717 0.9445596 0.9225327 0.9149771 1.1001103 0.7598511 0.9379140 0.8627420 0.8627420 0.8827157 0.8841131 0.7856972 0.8572553 0.8135171 0.9666604 0.8572051 0.8262547 0.9756050 1.0755006 0.9347261 1.0600381 0.7890854 1.0268499 0.8304857 0.8429634 0.9541948 1.0640025 1.0949022 1.5120874 1.3269914 1.2403805 0.9891370 1.0233023 1.1275104 0.9880268 1.2382216 1.2255209 1.2255209 1.6391228 1.4291635 1.5686315 1.5686315 1.6527201 1.3341322 1.0394998 1.4918398 1.4139257 1.6061333 1.7355729 1.5908714 1.8032207 1.8188943 1.8188943 1.7135355 1.6860038 1.5185495 1.8686538 1.8686538 3.0413264 
Plajan_Pjan_scaffold5400_01                       0.6171759 0.7038057 0.9321286 0.6672071 0.7290304 0.6371519 0.0000000 0.0000010 1.0201887 0.9241305 0.9951534 0.9122918 0.8729846 0.9448957 0.9781646 0.9792291 1.0440530 0.9687688 0.9199813 1.0105279 0.9977444 0.8040726 0.8226054 0.6207280 0.9721742 0.7641917 1.0229106 0.9466587 0.9051320 0.8542988 1.0475948 0.7580239 0.8453375 0.9329860 0.9329860 0.7725572 0.7298707 0.7518879 0.7518879 0.8527333 0.8395990 0.8395990 0.7499682 1.0761248 1.1295523 1.0650539 1.1593435 0.7954831 0.9872915 0.9331602 0.9755908 1.0802830 1.2014368 1.1315815 1.6259282 1.3405656 1.2637401 1.2531676 1.3327880 1.0317742 1.1280823 1.1914677 1.2797261 1.2797261 1.4275233 1.1957337 1.4676580 1.4676580 1.6439632 1.2755913 1.0755766 1.6007058 1.4730667 1.8334805 1.8224604 1.8709988 1.8963956 1.9075619 1.9075619 1.7926365 1.7618247 2.0097881 2.2360847 2.2360847 2.1260928 
Plajan_Pjan_scaffold5401_01                       0.6171759 0.7038057 0.9321286 0.6672071 0.7290304 0.6371519 0.0000010 0.0000000 1.0201887 0.9241305 0.9951534 0.9122918 0.8729846 0.9448957 0.9781646 0.9792291 1.0440530 0.9687688 0.9199813 1.0105279 0.9977444 0.8040726 0.8226054 0.6207280 0.9721742 0.7641917 1.0229106 0.9466587 0.9051320 0.8542988 1.0475948 0.7580239 0.8453375 0.9329860 0.9329860 0.7725572 0.7298707 0.7518879 0.7518879 0.8527333 0.8395990 0.8395990 0.7499682 1.0761248 1.1295523 1.0650539 1.1593435 0.7954831 0.9872915 0.9331602 0.9755908 1.0802830 1.2014368 1.1315815 1.6259282 1.3405656 1.2637401 1.2531676 1.3327880 1.0317742 1.1280823 1.1914677 1.2797261 1.2797261 1.4275233 1.1957337 1.4676580 1.4676580 1.6439632 1.2755913 1.0755766 1.6007058 1.4730667 1.8334805 1.8224604 1.8709988 1.8963956 1.9075619 1.9075619 1.7926365 1.7618247 2.0097881 2.2360847 2.2360847 2.1260928 
Morvir_scaffold105.g15.t1                         1.0262667 0.9812533 1.2636299 0.9899100 0.9062610 0.8943859 1.0201887 1.0201887 0.0000000 0.8204425 0.6772443 0.7394702 0.7599283 1.1689222 1.1228673 1.0533868 1.1927779 1.1283465 1.0092803 1.1408202 1.0434068 0.9746523 1.1350198 0.9101284 0.9596515 0.8778929 0.8509302 0.8930678 0.8829287 1.0309620 1.1943232 0.9650752 1.1150281 0.9231074 0.9231074 1.0581721 1.0556378 1.0168935 1.0211987 0.9137657 1.0499526 1.0417701 1.0557170 1.1219720 1.2038925 1.2409101 1.3949450 1.0732119 1.2895880 0.8511399 0.8171201 1.3913587 1.3071271 1.3519952 1.6832957 1.5265336 1.5048328 1.2655269 1.2781860 1.2466286 1.2044860 1.2535118 1.6079156 1.6079156 1.5990351 1.3883441 1.8171394 1.8171394 2.0336025 1.4672375 1.2476770 1.8417564 1.9656964 1.8099459 1.9795538 2.3191755 2.3575316 1.7421418 1.7421418 1.7289045 1.7249640 1.9543221 2.1412407 2.1412407 2.2076001 
Sanmal_Sma_027373-T1                              1.2433732 1.1602149 1.1207987 0.8165033 0.8721362 0.9723544 0.9241305 0.9241305 0.8204425 0.0000000 0.5475546 0.5543471 0.5917732 1.0279813 1.0214182 0.9416488 1.0617286 1.0270472 1.0347842 1.1176591 1.0290951 0.9661319 1.0649513 0.9024482 0.9302006 0.8365727 0.7342507 0.9280866 1.1382989 1.0261715 1.1195593 0.9466059 1.0711382 0.9278447 0.9278447 1.0969997 1.0734238 0.9527380 1.0486279 0.8134598 1.0842442 0.9563088 1.0562531 1.2090289 1.2895145 1.1944644 1.3398831 0.9809294 0.9782329 1.0139371 0.9889394 1.2085122 1.3698047 1.2820262 1.5793706 1.3803741 1.4584710 1.2573058 1.3488245 1.4522623 1.3146279 1.3512094 1.3968701 1.3968701 1.8541511 1.7209498 1.9444862 1.9444862 2.0556360 1.4376563 1.1965606 1.8335171 1.9046834 1.8903204 1.8895481 2.0785898 2.3458633 2.0266314 2.0266314 1.8639141 1.8189373 1.7380390 2.3133351 2.3133351 2.8920183 
Rhoesc_Res_002077-T1                              1.1125891 1.1753224 1.2205019 0.9167649 0.9091682 0.8795298 0.9951534 0.9951534 0.6772443 0.5475546 0.0000000 0.2072189 0.4777977 0.9595766 0.9736220 0.8613826 1.0628028 1.0327728 0.9855132 1.1085449 0.9375367 0.8988502 1.0511833 0.9281129 0.9522761 0.8680969 0.8039345 0.8746274 1.1434617 1.0667631 1.1048717 0.9471776 1.0604952 1.0880608 1.0880608 0.9532004 0.9344133 0.8682035 0.9353153 0.7912474 1.0131723 0.9076277 1.0698251 1.1033886 1.1525928 1.0822813 1.2122950 0.9893719 1.1851911 1.0162534 1.0397394 1.2421108 1.2870396 1.2491372 1.5987054 1.4010838 1.3280400 1.1886534 1.2117438 1.3916035 1.1783468 1.2999370 1.5030292 1.5030292 1.7324709 1.5736746 1.8446131 1.8446131 1.9694764 1.3903889 1.2722331 1.6481396 1.5973917 1.7895246 1.9011161 1.9633073 2.1664170 1.8499934 1.8499934 1.7524607 1.7487940 1.8970952 2.3186853 2.3186853 2.7889722 
Nemnom_g9039.t1                                   1.1955734 1.2453306 1.2707118 0.8935013 0.9559189 0.8399843 0.9122918 0.9122918 0.7394702 0.5543471 0.2072189 0.0000000 0.4889466 0.9939903 0.9793575 0.9414582 1.2210775 1.1410477 1.1170441 1.2186311 1.0707728 0.8622511 1.0390598 0.9744624 1.0050819 0.9049860 0.7923089 0.9142440 1.1205079 1.0350702 1.1374589 0.9871908 1.1388026 1.0497186 1.0497186 0.8847309 0.9021911 0.8440376 0.9123658 0.7161946 1.0204757 0.8658581 1.0662816 1.1543201 1.2729994 1.1123510 1.3386454 0.9766348 1.0713043 1.0410980 1.0117579 1.3494086 1.3636020 1.3368371 1.6460846 1.4184902 1.4022297 1.3219030 1.3570053 1.4099278 1.2590270 1.3513849 1.5500404 1.5500404 1.8239504 1.6638320 1.9611805 1.9611805 1.9601614 1.4567457 1.2747082 1.7834256 1.7748748 1.8123726 2.0534386 2.0818986 2.3276336 1.9092450 1.9092450 1.7713477 1.8233170 1.9479721 2.2647343 2.2647343 2.8152373 
Aaur_scaffold955.g2.t1                            1.0612470 1.0027041 1.1666704 0.7821150 0.7802716 0.9135821 0.8729846 0.8729846 0.7599283 0.5917732 0.4777977 0.4889466 0.0000000 0.9387806 0.9112616 0.8678645 1.1115926 1.0286870 0.9525208 1.0817960 0.9925069 0.9312641 0.8728621 0.8180202 1.0120064 0.9329443 0.7616280 0.8011900 1.0214637 1.0550529 1.0183627 0.8494996 0.9302883 1.0304845 1.0304845 0.9125787 0.9234668 0.8467813 0.9046445 0.7551894 0.9862827 0.8730585 0.9542480 1.0533384 1.2107096 1.0838391 1.1126341 0.9612085 1.1796001 0.9791824 0.9521572 1.2432597 1.2507371 1.0845578 1.7401167 1.4363393 1.3490122 1.1664522 1.2603563 1.3803765 1.1381559 1.2783121 1.4512400 1.4512400 1.6182688 1.4692259 1.8580493 1.8580493 1.9006054 1.3361074 1.1946348 1.7958203 1.7566681 1.8274161 1.8867060 2.0785748 2.2815177 1.8551428 1.8551428 1.7016799 1.7213583 1.8564069 1.8735558 1.8735558 2.5068860 
Spis_XP_022788083_1                               0.9032019 0.9094982 0.9920271 0.9268387 1.0460535 0.9196893 0.9448957 0.9448957 1.1689222 1.0279813 0.9595766 0.9939903 0.9387806 0.0000000 0.0583453 0.2606677 0.5291231 0.4691752 0.3916575 0.3356541 0.8527755 0.7984203 0.9936632 0.7453300 0.8784551 0.7950921 0.9072621 1.1052722 0.9791358 1.0452009 1.1768304 1.0355377 1.0942727 1.2370318 1.2370318 1.0355363 1.0337806 0.9214990 1.0216656 0.8853443 1.0611945 0.9549518 1.1593401 1.0322743 1.2180666 1.1472242 1.1530411 1.0858900 1.6858827 1.0017852 0.9867381 1.2041793 1.1940195 1.3767943 1.4937349 1.3848152 1.3588197 1.0568019 1.2752834 1.3716429 1.3282422 1.5331768 1.3462774 1.3462774 1.8188085 1.5840363 1.7076618 1.7076618 1.8227065 1.3826345 1.2418471 1.4536483 1.6231864 1.6483777 1.4541287 1.7464772 1.9172519 1.7489670 1.7489670 1.4993192 1.4923488 1.5811557 2.0367339 2.0367339 2.2985113 
Pocdam_XM_027186738.1                             0.9136609 0.9095948 0.9864913 0.9420172 1.0185008 0.9408614 0.9781646 0.9781646 1.1228673 1.0214182 0.9736220 0.9793575 0.9112616 0.0583453 0.0000000 0.2596795 0.5252021 0.4659686 0.3709863 0.3569129 0.8791841 0.8034800 1.0124144 0.7419698 0.8790503 0.8249376 0.8874291 1.0943373 0.9544125 1.0592818 1.1722370 1.0486241 1.1150624 1.2138601 1.2138601 1.0294878 1.0267902 0.8981829 1.0093896 0.8555607 1.0379365 0.9337170 1.1748865 1.0411071 1.2379197 1.1639670 1.1385351 1.0723094 1.5709532 1.0217035 1.0285226 1.1984245 1.1719466 1.3644027 1.5615410 1.4479899 1.3734315 1.0899736 1.2512693 1.3696577 1.3445311 1.4718024 1.3323599 1.3323599 1.8639381 1.5931516 1.7130531 1.7130531 1.8701602 1.3875722 1.2774009 1.5026929 1.7378686 1.6725442 1.4967777 1.7838498 1.9569699 1.7149689 1.7149689 1.5854071 1.5653453 1.5423069 1.9794123 1.9794123 2.2698422 
Fspp_ffun1.m4.2549.m1                             0.8828158 0.8858200 1.0141870 0.9754021 0.9122759 0.8438812 0.9792291 0.9792291 1.0533868 0.9416488 0.8613826 0.9414582 0.8678645 0.2606677 0.2596795 0.0000000 0.4314266 0.3911810 0.2943845 0.2833901 0.8485796 0.7658685 0.9615552 0.7271915 0.7829085 0.6796667 0.8689634 0.9827411 0.9453673 1.0064705 1.1558574 0.8969284 0.9306859 0.9446485 0.9446485 0.8901990 0.8569357 0.8266269 0.9261609 0.8334901 0.9216817 0.8219891 1.0737138 0.9979392 1.2452794 1.0223013 1.1331914 1.0101896 1.2108524 0.9167440 0.8998693 1.1152482 1.1200934 1.2032919 1.4499344 1.3425165 1.3013131 1.1186232 1.1088672 1.3186140 1.2581894 1.3905309 1.3540857 1.3540857 1.8319487 1.5736173 1.6240600 1.6240600 1.8076543 1.3328537 1.1795127 1.5116772 1.6048910 1.7210569 1.6358637 1.8367282 2.0569474 1.8010503 1.8010503 1.5908611 1.5970647 1.6362297 2.0079558 2.0079558 2.6785081 
Amil_Amillepora15152-RA                           0.9525087 0.9932578 1.1613781 1.1136946 1.1160476 1.0134188 1.0440530 1.0440530 1.1927779 1.0617286 1.0628028 1.2210775 1.1115926 0.5291231 0.5252021 0.4314266 0.0000000 0.0085241 0.2560955 0.6015537 1.0184711 0.8830273 1.1263822 0.8529569 0.8535386 0.6853404 1.0619591 1.2188921 1.0690206 1.1235092 1.2802004 1.0784231 1.0835466 1.2695469 1.2695469 1.1037508 1.0588326 0.9442904 1.0389845 1.0006150 1.1891928 1.0231941 1.2693070 1.0997689 1.3511610 1.2293710 1.2758528 1.1261787 1.2732766 0.9193480 1.0241592 1.2649671 1.3180685 1.4092489 1.6773393 1.6622552 1.3768426 1.1923728 1.3059348 1.5004173 1.5104832 1.5769275 1.5099967 1.5099967 2.1470717 1.6469074 1.8603242 1.8603242 2.0412809 1.5730385 1.3455696 1.7874159 1.8410391 2.0319635 1.8290153 2.0605289 2.2788047 2.4307840 2.4307840 1.9789893 1.8604590 1.8508883 2.2013259 2.2013259 2.6334581 
Adig_XM_015903419.1                               0.8811770 0.9324660 1.0782417 1.0400018 1.0074380 0.9284737 0.9687688 0.9687688 1.1283465 1.0270472 1.0327728 1.1410477 1.0286870 0.4691752 0.4659686 0.3911810 0.0085241 0.0000000 0.2358243 0.5211325 0.9565591 0.8330848 1.0674278 0.7431384 0.7636330 0.6530673 0.9949133 1.0924613 0.9948887 1.0487563 1.1845621 0.9862602 1.0228015 1.1182081 1.1182081 1.0086852 0.9644010 0.8617339 0.9401162 0.9060250 1.0682858 0.9459591 1.1627714 0.9957074 1.2695138 1.1583198 1.1500641 1.0798301 1.3015055 0.8922018 0.9874886 1.1913112 1.2341525 1.3082003 1.6523957 1.6395918 1.3622747 1.1613698 1.2696766 1.4292589 1.3945352 1.4573623 1.4567731 1.4567731 1.8714412 1.4978559 1.7640190 1.7640190 1.8931126 1.5385819 1.2250626 1.6312537 1.6117053 1.8751773 1.7187004 1.8765287 2.0675255 2.0594216 2.0594216 1.8253469 1.7592510 1.7458079 2.3710484 2.3710484 2.4050011 
Gfas_gfas1.m1.2175.m1                             0.8662981 0.9199754 1.1097793 0.9761715 0.9437797 0.9418301 0.9199813 0.9199813 1.0092803 1.0347842 0.9855132 1.1170441 0.9525208 0.3916575 0.3709863 0.2943845 0.2560955 0.2358243 0.0000000 0.4281904 0.8608996 0.8544600 1.0659009 0.7463620 0.7210593 0.6555752 0.9502851 1.0205854 0.9158940 1.0881233 1.2023439 0.9585556 1.0140474 1.1129088 1.1129088 0.9808258 0.9590157 0.8806617 0.9633921 0.8344235 0.9919069 0.8622708 1.1585799 1.0255445 1.2585125 1.0770135 1.1379777 1.0907340 1.3625275 0.9802543 1.0345943 1.1493447 1.1124690 1.3012790 1.6096869 1.5184025 1.2089342 1.0658225 1.1859676 1.3295443 1.3210268 1.3587744 1.3944910 1.3944910 1.9062264 1.5710635 1.6437631 1.6437631 1.6563287 1.4800648 1.2590387 1.4513772 1.5502064 1.7510893 1.6230177 1.7313739 1.9130516 1.7404916 1.7404916 1.7349663 1.6881552 1.6931997 2.1393619 2.1393619 2.5819928 
Gasp_gasp1.m3.27563.m1                            1.0816355 1.0676588 1.2682377 1.0355812 1.1243022 1.0862067 1.0105279 1.0105279 1.1408202 1.1176591 1.1085449 1.2186311 1.0817960 0.3356541 0.3569129 0.2833901 0.6015537 0.5211325 0.4281904 0.0000000 1.0264328 0.9473341 1.1222390 0.9587706 0.9233192 0.8990169 1.0551588 1.2478482 1.0901363 1.1643066 1.4153751 1.0758622 1.0809165 1.0297468 1.0297468 0.9798754 1.0201425 1.0368640 0.9745813 0.8253192 1.1038345 1.0223705 1.1960411 1.1895791 1.5099074 1.2508704 1.3122916 1.4104741 1.4979386 1.1198130 1.2111058 1.4381162 1.3636744 1.5937154 1.6940554 1.5970853 1.5550854 1.3740804 1.5358329 1.5551485 1.4619142 1.7376647 1.6632068 1.6632068 2.0530640 1.8600313 1.8729727 1.8729727 2.0662008 1.5739959 1.4314509 1.8215085 2.0053065 1.9809969 1.7525636 2.0563903 2.2599719 1.8938570 1.8938570 1.7110635 1.8546393 1.9627028 2.3243197 2.3243197 2.9430079 
Acagra_model.g15854.t1.1.5d3b8833                 0.9706822 1.0221057 0.9784569 0.8124985 0.9640688 0.8245148 0.9977444 0.9977444 1.0434068 1.0290951 0.9375367 1.0707728 0.9925069 0.8527755 0.8791841 0.8485796 1.0184711 0.9565591 0.8608996 1.0264328 0.0000000 0.5639489 0.7682926 0.7599029 0.9544911 0.8895265 0.9910795 0.8807394 0.9305762 0.7718495 1.0672560 0.9330753 1.0533681 0.8841092 0.8841092 1.0492410 1.0780915 0.9476351 1.0130623 0.8668578 1.0205426 0.9600934 0.9454362 1.0366572 1.1253563 0.9490776 1.0999336 1.0672596 1.4293738 1.0081631 0.9756615 1.2206998 1.1052247 1.0593805 1.6604068 1.3596421 1.4608793 1.0230485 1.1580318 1.2682943 1.1743358 1.5045192 1.4966456 1.4966456 1.8890435 1.5385138 1.7462729 1.7462729 2.0873524 1.5825876 0.9984282 1.6904432 1.7112464 1.8536830 1.6190527 1.8384888 2.0624579 1.9438705 1.9438705 1.6675088 1.7170130 1.7746671 1.9181805 1.9181805 2.5894713 
Cgig_XM_034470317.1                               0.9287091 0.9042746 0.8723013 0.7103369 0.7983655 0.6786105 0.8040726 0.8040726 0.9746523 0.9661319 0.8988502 0.8622511 0.9312641 0.7984203 0.8034800 0.7658685 0.8830273 0.8330848 0.8544600 0.9473341 0.5639489 0.0000000 0.6225103 0.6273225 0.7604484 0.7633808 0.8490440 0.6848302 0.7338727 0.7454379 1.0153464 0.8897191 1.0332058 0.8138920 0.8138920 0.8698185 0.9064951 0.7905457 0.8483460 0.7448429 0.9038063 0.8307111 0.7418383 0.9480231 1.0544203 0.8841326 0.9943993 0.9259292 1.2269594 0.8409809 0.8719154 1.0284920 1.0009459 1.0468662 1.4055529 1.2215774 1.3358601 0.8914181 1.1653565 1.1975982 1.0553292 1.3629630 1.2006138 1.2006138 1.6977081 1.4463373 1.6838635 1.6838635 2.0311724 1.3881361 0.8413926 1.4794260 1.5115589 1.6509835 1.6674401 1.6568044 1.9513043 1.6939163 1.6939163 1.3901183 1.3963411 1.5803428 1.7072446 1.7072446 2.7543726 
Ctel_gnl_WGS_AMQN_CAPTEDRAFT_mRNA154277           0.9506709 0.9620537 0.9806805 0.6321786 0.8846624 0.7435439 0.8226054 0.8226054 1.1350198 1.0649513 1.0511833 1.0390598 0.8728621 0.9936632 1.0124144 0.9615552 1.1263822 1.0674278 1.0659009 1.1222390 0.7682926 0.6225103 0.0000000 0.6670251 0.9648236 0.9550007 0.9450880 0.8368530 0.8631553 0.8456637 1.0418946 0.9021782 0.9890632 0.9375857 0.9375857 0.9625487 0.9596190 0.8982846 0.9456727 0.8700851 0.9890812 0.9220324 0.8003576 0.9129651 1.0526014 0.8655422 1.1114153 1.0017973 1.3743328 1.0600003 1.0894175 0.9376325 0.9653860 0.9931405 1.3279952 1.1247521 1.1707003 0.9378180 1.2463496 1.2734869 1.0349209 1.2201315 1.3129029 1.3129029 1.7934697 1.5243801 1.6133110 1.6133110 1.8530976 1.4721859 0.8615978 1.6584887 1.6933999 1.7927386 1.6671093 1.6560220 1.8560545 1.8422760 1.8422760 1.7050493 1.7067959 1.7125312 1.7702030 1.7702030 2.7623694 
Skow_XM_002731271.2                               0.6920877 0.6926873 0.8176586 0.6923171 0.7480256 0.6844386 0.6207280 0.6207280 0.9101284 0.9024482 0.9281129 0.9744624 0.8180202 0.7453300 0.7419698 0.7271915 0.8529569 0.7431384 0.7463620 0.9587706 0.7599029 0.6273225 0.6670251 0.0000000 0.7504118 0.6169561 0.7918312 0.7526941 0.7294675 0.6912726 0.8421238 0.7837002 0.9629068 0.7767500 0.7767500 0.9048973 0.9026135 0.7629781 0.8375585 0.7294855 0.9947156 0.8407430 0.7684904 0.7078667 0.9674255 0.7523276 0.9865325 0.7384856 0.8476722 0.8666178 0.8970800 0.9356334 0.9076114 0.9927507 1.2042484 1.1957262 1.2202942 0.8805046 1.0225984 1.2798892 0.9451723 1.0418545 1.2549155 1.2549155 1.4286959 1.2977926 1.6066529 1.6066529 1.8876462 1.3343322 0.8796268 1.5590865 1.5011001 1.6132710 1.7315519 1.6413690 1.9462843 1.6907454 1.6907454 1.5024655 1.6564599 1.7145086 1.8825913 1.8825913 2.7018722 
Exapal_XM_021039294.2                             1.0180061 0.9598828 1.0945513 0.9955365 0.8912760 0.9212470 0.9721742 0.9721742 0.9596515 0.9302006 0.9522761 1.0050819 1.0120064 0.8784551 0.8790503 0.7829085 0.8535386 0.7636330 0.7210593 0.9233192 0.9544911 0.7604484 0.9648236 0.7504118 0.0000000 0.4715425 0.8695349 0.8980468 0.9412917 0.9435647 0.9857096 1.0657722 1.0804423 0.9860204 0.9860204 0.8782909 0.8858774 0.8407033 0.9045936 0.7507107 0.9116780 0.8007490 0.9460451 1.0938961 1.3010318 1.1428271 1.2629831 0.9653127 1.1804054 0.8474744 0.9518354 1.0272252 1.1703945 1.1150846 1.7176009 1.6239142 1.3982259 1.0188945 1.2291294 1.4237891 1.2036636 1.4203966 1.5272110 1.5272110 1.7412302 1.4561919 1.8568280 1.8568280 1.9023752 1.5080053 1.0032249 1.6211799 1.6990004 1.6949009 1.6456948 1.8247248 2.1231036 1.9451820 1.9451820 1.5637261 1.5147855 1.7191699 1.8281379 1.8281379 2.6367980 
Nvec_v1g230412                                    0.9476185 0.9005017 1.0243939 0.9735463 0.8406354 0.7552904 0.7641917 0.7641917 0.8778929 0.8365727 0.8680969 0.9049860 0.9329443 0.7950921 0.8249376 0.6796667 0.6853404 0.6530673 0.6555752 0.8990169 0.8895265 0.7633808 0.9550007 0.6169561 0.4715425 0.0000000 0.8301079 0.8818762 0.9666001 0.9677169 1.1648715 0.9384636 0.9326603 1.0275900 1.0275900 1.0378368 1.0325620 0.8741280 0.9834519 0.8846145 0.9793113 0.8569111 0.8880228 0.9250270 1.1434518 1.0648126 1.1461785 0.8874830 1.2019717 0.8380355 0.8508369 0.9356713 1.0336364 1.1429139 1.6188066 1.4702658 1.3198392 0.9656695 1.1858350 1.2074998 1.0957022 1.3413105 1.3356727 1.3356727 1.6422984 1.4013722 1.6797436 1.6797436 1.7899718 1.5102568 0.9705724 1.6091017 1.5168694 1.7905295 1.7025041 1.9850651 2.1425805 1.9575549 1.9575549 1.6753027 1.6026011 1.8666401 2.1847354 2.1847354 3.1743754 
Hvul_g33355_1                                     0.9974116 1.0094396 0.9487154 0.8548330 0.8088686 1.0056717 1.0229106 1.0229106 0.8509302 0.7342507 0.8039345 0.7923089 0.7616280 0.9072621 0.8874291 0.8689634 1.0619591 0.9949133 0.9502851 1.0551588 0.9910795 0.8490440 0.9450880 0.7918312 0.8695349 0.8301079 0.0000000 0.6173270 0.9675618 0.8968960 1.1220294 0.9999455 1.0405553 1.0720998 1.0720998 1.0037731 1.0233782 0.8629139 0.9571895 0.8095048 0.9598890 0.8416269 0.9411961 0.9812026 1.0776169 1.0234582 1.1181937 0.9611702 1.3842545 0.9521422 1.0252487 1.2336216 1.2048387 1.2243485 1.2579421 1.2603869 1.3679720 1.1617874 1.1985912 1.6053859 1.3002759 1.2890708 1.2559266 1.2559266 1.5766428 1.4538396 1.8693079 1.8693079 2.0523441 1.4458348 1.2791016 1.5679234 1.5202499 1.6653039 1.6826542 1.9302373 2.1632084 1.8301295 1.8301295 1.6938937 1.5802843 1.7550376 2.3525761 2.3525761 2.3507562 
Chem_TCONS_00056820                               1.0121380 1.0624855 1.0829699 0.9036507 0.8434858 0.9445596 0.9466587 0.9466587 0.8930678 0.9280866 0.8746274 0.9142440 0.8011900 1.1052722 1.0943373 0.9827411 1.2188921 1.0924613 1.0205854 1.2478482 0.8807394 0.6848302 0.8368530 0.7526941 0.8980468 0.8818762 0.6173270 0.0000000 0.9249720 0.9420692 1.0574770 0.9466761 1.0316989 0.8811064 0.8811064 1.0690060 1.1246752 0.9880112 1.0669985 0.8763820 1.0644230 0.9513844 0.9307187 0.9536888 0.9554332 0.9127622 1.0716962 1.0727611 1.4308438 1.0028333 1.0417061 1.1182610 1.1810500 1.2276217 1.4202870 1.3392803 1.5712631 1.0138891 1.2481551 1.5581061 1.1753324 1.2556392 1.3204732 1.3204732 1.7422355 1.6462127 2.0419427 2.0419427 2.2343314 1.5244312 0.9906019 1.5843406 1.6515394 1.7435479 1.6435073 1.8904183 2.1560999 1.7411322 1.7411322 1.5640953 1.5324084 1.7194184 2.0131280 2.0131280 2.5785057 
Bralan_BLAG04002063_1                             0.9942896 0.9607704 1.0815700 0.6920958 0.8590977 0.9225327 0.9051320 0.9051320 0.8829287 1.1382989 1.1434617 1.1205079 1.0214637 0.9791358 0.9544125 0.9453673 1.0690206 0.9948887 0.9158940 1.0901363 0.9305762 0.7338727 0.8631553 0.7294675 0.9412917 0.9666001 0.9675618 0.9249720 0.0000000 0.8607336 1.0737888 1.1444575 1.3186485 0.7226894 0.7226894 1.0750443 1.0988917 1.0974758 1.0908230 0.8882058 1.1276836 1.0891612 0.8151949 1.0157152 1.2125374 1.1361727 1.2508426 1.0980276 1.1871286 0.8302703 0.9025535 1.0673541 1.0593638 1.1973825 1.5828608 1.4174189 1.2915993 1.1328515 1.2559097 1.4719030 1.2326036 1.3258353 1.4178344 1.4178344 2.0976529 1.7455388 1.9019275 1.9019275 2.1084489 1.6302317 0.9557996 1.7647775 1.9003390 1.8184376 1.8993712 1.8623258 1.7577094 1.5758031 1.5758031 1.5716802 1.7444277 1.6310888 1.5154733 1.5154733 2.6515254 
Tcas_TC001622_001                                 0.8854550 0.9363417 0.9530461 0.8650020 0.8557234 0.9149771 0.8542988 0.8542988 1.0309620 1.0261715 1.0667631 1.0350702 1.0550529 1.0452009 1.0592818 1.0064705 1.1235092 1.0487563 1.0881233 1.1643066 0.7718495 0.7454379 0.8456637 0.6912726 0.9435647 0.9677169 0.8968960 0.9420692 0.8607336 0.0000000 0.5809407 1.0634416 1.1298363 0.7592044 0.7592044 1.0961517 1.0481276 0.9769369 1.0586845 0.9787404 1.1807794 1.0450954 0.8146569 1.0426686 1.0531077 0.9487298 1.2158811 0.9125015 1.0670824 0.9884994 0.9120203 1.1197215 0.9975389 0.9659534 1.4868093 1.3047104 1.5417408 1.0875774 1.2522291 1.3875161 1.1414455 1.4443340 1.4758874 1.4758874 1.7737358 1.5432786 1.8156246 1.8156246 1.9135409 1.5585160 0.8769009 1.6588055 1.6775065 1.6429841 1.6805419 1.8212071 2.1567260 1.8381608 1.8381608 1.5201019 1.6340380 1.6762368 1.7003078 1.7003078 2.7373154 
Tcas_TC031106_001                                 0.9862904 1.0538996 1.0564954 0.9976980 0.9021461 1.1001103 1.0475948 1.0475948 1.1943232 1.1195593 1.1048717 1.1374589 1.0183627 1.1768304 1.1722370 1.1558574 1.2802004 1.1845621 1.2023439 1.4153751 1.0672560 1.0153464 1.0418946 0.8421238 0.9857096 1.1648715 1.1220294 1.0574770 1.0737888 0.5809407 0.0000000 1.2250272 1.2130309 1.0215426 1.0215426 1.2356378 1.1674484 1.0329246 1.1476066 1.0967836 1.2800592 1.1103181 1.1266529 1.1312895 1.1664369 1.0243176 1.3158484 1.0707851 1.3137084 1.0897903 1.0491262 1.3721416 1.4258306 1.3020981 1.9253895 1.5949500 1.7105460 1.3146654 1.4048468 1.6241326 1.2808153 1.7487615 1.7380859 1.7380859 1.7608066 1.7215128 2.1713734 2.1713734 2.2332279 1.7307725 1.1385241 1.8689182 1.9524760 1.7657484 1.8654826 1.8012480 2.1318513 1.7769396 1.7769396 1.7797064 1.8543560 1.8474421 1.8261822 1.8261822 2.7576267 
Aque_Aqu2.1.35254_001                             0.7948942 0.7938143 0.7619831 0.6266995 0.7120598 0.7598511 0.7580239 0.7580239 0.9650752 0.9466059 0.9471776 0.9871908 0.8494996 1.0355377 1.0486241 0.8969284 1.0784231 0.9862602 0.9585556 1.0758622 0.9330753 0.8897191 0.9021782 0.7837002 1.0657722 0.9384636 0.9999455 0.9466761 1.1444575 1.0634416 1.2250272 0.0000000 0.2944055 0.6710917 0.6710917 1.0117218 0.9651133 0.8332912 0.9107482 0.8790588 0.9784302 0.8817266 1.0941849 0.8559834 0.9505164 0.8957429 0.8753331 0.8631835 0.9784384 1.1204181 1.1916423 1.0577440 1.0364812 0.8554323 1.3012597 1.1483170 1.2194507 1.1614097 1.0854279 1.1985372 1.0173849 1.2811318 1.2867178 1.2867178 1.4878585 1.2843722 1.4802951 1.4802951 1.5924916 1.2783581 1.1662405 1.6375554 1.6257998 1.7677463 1.9159139 1.8254953 2.1137350 1.9627642 1.9627642 1.8029680 1.8799459 1.7650998 2.0980706 2.0980706 2.9847456 
Halamb_c55875_g2_i5mm.6821                        0.8027574 0.8687825 0.8520121 0.7559020 0.7706095 0.9379140 0.8453375 0.8453375 1.1150281 1.0711382 1.0604952 1.1388026 0.9302883 1.0942727 1.1150624 0.9306859 1.0835466 1.0228015 1.0140474 1.0809165 1.0533681 1.0332058 0.9890632 0.9629068 1.0804423 0.9326603 1.0405553 1.0316989 1.3186485 1.1298363 1.2130309 0.2944055 0.0000000 0.8317229 0.8317229 1.0942502 1.0214226 0.8845150 1.0140139 0.9304537 1.0917441 0.9386264 1.1372335 0.9725151 1.0354446 0.9224301 0.9603326 0.9626753 1.1922777 1.1611864 1.2657928 1.1490915 1.1376640 0.8921546 1.3248901 1.3248901 1.3120879 1.2848158 1.1205333 1.2127527 1.0395654 1.3147160 1.5135927 1.5135927 1.4958806 1.4894568 1.4640486 1.4640486 1.5033480 1.4146748 1.2376110 1.6308364 1.5516485 1.5977801 1.6365523 1.6792307 2.0120971 1.6289061 1.6289061 1.7626757 1.8109217 1.8196381 2.0704372 2.0704372 2.7206584 
Clacor_Ccor_scaffold5568_01                       1.0244265 0.9092955 0.9654014 0.8273381 0.8050939 0.8627420 0.9329860 0.9329860 0.9231074 0.9278447 1.0880608 1.0497186 1.0304845 1.2370318 1.2138601 0.9446485 1.2695469 1.1182081 1.1129088 1.0297468 0.8841092 0.8138920 0.9375857 0.7767500 0.9860204 1.0275900 1.0720998 0.8811064 0.7226894 0.7592044 1.0215426 0.6710917 0.8317229 0.0000000 0.0000010 0.9401212 0.8875160 0.9213021 0.9213021 0.9779305 0.9379047 0.9379047 0.7970610 0.9394864 0.8676104 0.7673862 1.0133708 1.0121924 1.3411089 0.9232852 0.9431773 0.9590129 1.0039547 0.8361060 1.7901278 1.4275652 1.2579763 1.1043585 1.1370381 1.2330215 1.2232647 1.3443370 1.5021705 1.5021705 1.5966328 1.4499696 1.5131234 1.5131234 1.6236034 1.4942777 1.1295481 1.4685989 1.3214346 1.5362666 1.7183617 1.9072637 1.8964543 1.7308249 1.7308249 1.5187160 1.4903247 1.5639409 1.6515118 1.6515118 1.5165990 
Clacor_Ccor_scaffold5569_01                       1.0244265 0.9092955 0.9654014 0.8273381 0.8050939 0.8627420 0.9329860 0.9329860 0.9231074 0.9278447 1.0880608 1.0497186 1.0304845 1.2370318 1.2138601 0.9446485 1.2695469 1.1182081 1.1129088 1.0297468 0.8841092 0.8138920 0.9375857 0.7767500 0.9860204 1.0275900 1.0720998 0.8811064 0.7226894 0.7592044 1.0215426 0.6710917 0.8317229 0.0000010 0.0000000 0.9401212 0.8875160 0.9213021 0.9213021 0.9779305 0.9379047 0.9379047 0.7970610 0.9394864 0.8676104 0.7673862 1.0133708 1.0121924 1.3411089 0.9232852 0.9431773 0.9590129 1.0039547 0.8361060 1.7901278 1.4275652 1.2579763 1.1043585 1.1370381 1.2330215 1.2232647 1.3443370 1.5021705 1.5021705 1.5966328 1.4499696 1.5131234 1.5131234 1.6236034 1.4942777 1.1295481 1.4685989 1.3214346 1.5362666 1.7183617 1.9072637 1.8964543 1.7308249 1.7308249 1.5187160 1.4903247 1.5639409 1.6515118 1.6515118 1.5165990 
HoiH23_PlH23_006882-RA                            0.9534568 1.0264211 1.2555571 0.9090303 1.0480305 0.8827157 0.7725572 0.7725572 1.0581721 1.0969997 0.9532004 0.8847309 0.9125787 1.0355363 1.0294878 0.8901990 1.1037508 1.0086852 0.9808258 0.9798754 1.0492410 0.8698185 0.9625487 0.9048973 0.8782909 1.0378368 1.0037731 1.0690060 1.0750443 1.0961517 1.2356378 1.0117218 1.0942502 0.9401212 0.9401212 0.0000000 0.0557429 0.1364301 0.1221596 0.1452722 0.1636021 0.1762717 0.9129016 1.0812519 1.0817411 1.1209098 1.2886198 0.8806154 0.9387993 1.0727052 1.0332779 1.2029833 1.1678019 1.1893652 1.6642159 1.4442230 1.3763661 1.2183111 1.2528281 1.4079887 1.2694482 1.2831411 1.5440799 1.5440799 1.8552980 1.4708827 1.6570592 1.6570592 1.8058259 1.4544448 1.0863771 2.0140445 2.3653178 1.9995928 1.9021977 2.0767669 2.1607134 1.7892796 1.7892796 1.5646610 1.7627408 1.9903892 1.8075816 1.8075816 3.4699231 
HoiH06_mRNA6100                                   0.9597217 1.0441661 1.2055723 0.8799765 1.0025925 0.8841131 0.7298707 0.7298707 1.0556378 1.0734238 0.9344133 0.9021911 0.9234668 1.0337806 1.0267902 0.8569357 1.0588326 0.9644010 0.9590157 1.0201425 1.0780915 0.9064951 0.9596190 0.9026135 0.8858774 1.0325620 1.0233782 1.1246752 1.0988917 1.0481276 1.1674484 0.9651133 1.0214226 0.8875160 0.8875160 0.0557429 0.0000000 0.1565429 0.1415382 0.1469718 0.2193007 0.1969328 1.0469218 1.0708082 1.0872874 1.0782851 1.3131767 0.8792429 0.8874932 1.0459029 1.0214968 1.1412316 1.1045741 1.2152514 1.5837251 1.3823288 1.3304974 1.2284547 1.2181858 1.4258878 1.2884411 1.2816373 1.5049148 1.5049148 1.7564062 1.4097611 1.6392924 1.6392924 1.7751771 1.4018893 1.1431711 1.9194495 2.2354295 1.9435460 1.8954582 2.0061225 2.3152042 1.8024847 1.8024847 1.6360950 1.8025582 1.9391673 1.8117802 1.8117802 3.1964560 
Hhon_g03076.t1                                    0.8812281 0.9448011 1.1246293 0.9066574 0.8916319 0.7856972 0.7518879 0.7518879 1.0168935 0.9527380 0.8682035 0.8440376 0.8467813 0.9214990 0.8981829 0.8266269 0.9442904 0.8617339 0.8806617 1.0368640 0.9476351 0.7905457 0.8982846 0.7629781 0.8407033 0.8741280 0.8629139 0.9880112 1.0974758 0.9769369 1.0329246 0.8332912 0.8845150 0.9213021 0.9213021 0.1364301 0.1565429 0.0000000 0.0297166 0.1414311 0.2063151 0.1718657 0.9725446 1.0222494 1.0183649 1.0149079 1.1299999 0.7487934 0.8939661 0.9263516 0.9467313 1.1257814 0.9812920 1.0723187 1.4538254 1.2706684 1.2161455 1.0615134 1.0416490 1.2115039 1.1471121 1.1330898 1.3107515 1.3107515 1.4546204 1.2121034 1.6653796 1.6653796 1.7536954 1.3336642 1.1360415 1.6732786 1.7550903 1.7884341 1.5949193 1.7922964 2.1149823 1.8371801 1.8371801 1.5318857 1.5625042 1.6339572 1.8444954 1.8444954 2.9097886 
HoiH04_mRNA5755                                   0.9556309 1.0244630 1.2233399 0.9066574 0.9874594 0.8572553 0.7518879 0.7518879 1.0211987 1.0486279 0.9353153 0.9123658 0.9046445 1.0216656 1.0093896 0.9261609 1.0389845 0.9401162 0.9633921 0.9745813 1.0130623 0.8483460 0.9456727 0.8375585 0.9045936 0.9834519 0.9571895 1.0669985 1.0908230 1.0586845 1.1476066 0.9107482 1.0140139 0.9213021 0.9213021 0.1221596 0.1415382 0.0297166 0.0000000 0.1428985 0.1732500 0.1914264 0.9440898 1.1125658 1.1034530 1.1102111 1.2236414 0.8622993 0.8939661 1.0118008 1.0548058 1.2209377 1.0764926 1.1773663 1.5862227 1.3801067 1.3253161 1.1472850 1.1709544 1.3622434 1.2695639 1.2229443 1.4710414 1.4710414 1.6932047 1.3635629 1.7951062 1.7951062 1.9243737 1.4525764 1.1285796 1.9425017 2.1541280 2.0010525 1.8045591 1.9598255 2.0663252 1.8371801 1.8371801 1.5468128 1.7083456 1.8374734 1.8444954 1.8444954 3.1867184 
HoiH11_mRNA3925                                   0.8940932 0.9321568 1.1112933 0.9133632 0.8493515 0.8135171 0.8527333 0.8527333 0.9137657 0.8134598 0.7912474 0.7161946 0.7551894 0.8853443 0.8555607 0.8334901 1.0006150 0.9060250 0.8344235 0.8253192 0.8668578 0.7448429 0.8700851 0.7294855 0.7507107 0.8846145 0.8095048 0.8763820 0.8882058 0.9787404 1.0967836 0.8790588 0.9304537 0.9779305 0.9779305 0.1452722 0.1469718 0.1414311 0.1428985 0.0000000 0.1757754 0.1808052 0.8700764 0.9392576 1.0465777 1.0415528 1.1328489 0.7418504 0.8606421 0.9102570 0.8978388 1.1711371 1.0380681 1.1010477 1.4548682 1.2460318 1.2042016 1.0126744 1.1576792 1.2218557 1.1129400 1.0432937 1.3122826 1.3122826 1.3983189 1.1705150 1.5239006 1.5239006 1.5145680 1.1906437 1.0440845 1.6783936 1.8286030 1.7197160 1.6802892 1.9051748 1.9720387 1.8100421 1.8100421 1.6089259 1.5779511 1.6332025 1.8763210 1.8763210 2.5707821 
TrH2_TrispH2_009040-RA                            1.0313628 1.0981415 1.2263901 0.8637136 1.0596430 0.9666604 0.8395990 0.8395990 1.0499526 1.0842442 1.0131723 1.0204757 0.9862827 1.0611945 1.0379365 0.9216817 1.1891928 1.0682858 0.9919069 1.1038345 1.0205426 0.9038063 0.9890812 0.9947156 0.9116780 0.9793113 0.9598890 1.0644230 1.1276836 1.1807794 1.2800592 0.9784302 1.0917441 0.9379047 0.9379047 0.1636021 0.2193007 0.2063151 0.1732500 0.1757754 0.0000000 0.0579028 1.0566551 1.0972341 1.1663964 1.1013297 1.3358710 0.9851558 0.9506230 1.0326647 1.0630560 1.2339599 1.1644528 1.2054110 1.7129725 1.4321599 1.3232071 1.2326470 1.2738827 1.4485207 1.2742170 1.2783272 1.5198148 1.5198148 1.7930574 1.4989088 1.7081455 1.7081455 1.7861493 1.4672807 1.2325930 1.9966656 2.3090789 2.0182726 1.8358151 2.1634570 2.3734064 1.8468239 1.8468239 1.6511648 1.8375491 1.9226643 1.9147512 1.9147512 4.0062804 
Tadh_TriadT37128                                  0.8992237 0.9748301 1.0715070 0.8637136 0.9131685 0.8572051 0.8395990 0.8395990 1.0417701 0.9563088 0.9076277 0.8658581 0.8730585 0.9549518 0.9337170 0.8219891 1.0231941 0.9459591 0.8622708 1.0223705 0.9600934 0.8307111 0.9220324 0.8407430 0.8007490 0.8569111 0.8416269 0.9513844 1.0891612 1.0450954 1.1103181 0.8817266 0.9386264 0.9379047 0.9379047 0.1762717 0.1969328 0.1718657 0.1914264 0.1808052 0.0579028 0.0000000 0.9530034 0.9708866 1.0552511 1.0033587 1.1895280 0.8558434 0.9506230 0.9393882 0.9198053 1.1161507 1.0834649 1.1019858 1.5967588 1.3349542 1.1954308 1.1182989 1.1586757 1.2678718 1.1628676 1.1815569 1.3929948 1.3929948 1.6122158 1.3752221 1.5687477 1.5687477 1.5564508 1.3162047 1.1729547 1.7292217 1.8967267 1.7878710 1.6383730 1.8999119 2.2653962 1.8468239 1.8468239 1.5784195 1.6077583 1.6809310 1.9147512 1.9147512 3.2678981 
Hsap_ENST00000379383                              0.9186084 0.8908214 1.0140964 0.7807679 0.8643547 0.8262547 0.7499682 0.7499682 1.0557170 1.0562531 1.0698251 1.0662816 0.9542480 1.1593401 1.1748865 1.0737138 1.2693070 1.1627714 1.1585799 1.1960411 0.9454362 0.7418383 0.8003576 0.7684904 0.9460451 0.8880228 0.9411961 0.9307187 0.8151949 0.8146569 1.1266529 1.0941849 1.1372335 0.7970610 0.7970610 0.9129016 1.0469218 0.9725446 0.9440898 0.8700764 1.0566551 0.9530034 0.0000000 0.9371947 1.1418317 1.0312362 1.2105119 1.0327040 1.2190026 1.0452335 1.0752479 1.0553307 1.0789061 1.0967489 1.6505335 1.4920723 1.2768950 1.0974272 1.3455058 1.4780544 1.1810410 1.3150913 1.3675505 1.3675505 2.0991908 1.8131501 1.9338734 1.9338734 2.1176115 1.6938091 0.8726456 1.7007720 1.8098721 1.7360907 1.8607955 1.9344356 2.0444730 1.7426061 1.7426061 1.6706785 1.8670720 1.9355237 1.5707617 1.5707617 3.3446837 
Lcom_lcpid96020                                   0.9356998 0.8869413 0.9893723 0.8921155 0.8608133 0.9756050 1.0761248 1.0761248 1.1219720 1.2090289 1.1033886 1.1543201 1.0533384 1.0322743 1.0411071 0.9979392 1.0997689 0.9957074 1.0255445 1.1895791 1.0366572 0.9480231 0.9129651 0.7078667 1.0938961 0.9250270 0.9812026 0.9536888 1.0157152 1.0426686 1.1312895 0.8559834 0.9725151 0.9394864 0.9394864 1.0812519 1.0708082 1.0222494 1.1125658 0.9392576 1.0972341 0.9708866 0.9371947 0.0000000 0.7304719 0.7116668 0.8710497 1.2124594 1.5660433 1.1595747 1.2953701 0.9629918 0.9124829 0.9428541 1.3404124 1.2022071 1.1651543 1.1092253 1.2054482 1.2935069 1.1885137 1.2942616 1.2937231 1.2937231 1.6905791 1.5122156 1.7199680 1.7199680 1.6641602 1.3492182 1.1801791 1.5756512 1.5206339 1.7549156 1.6386736 1.7690521 2.0077058 1.8536919 1.8536919 1.5502168 1.5705524 1.6388809 1.8130944 1.8130944 3.2705713 
