77
Emue_Em0023g753a.t1                                               0.0000000 0.1319158 0.1490862 0.7889028 0.7950543 0.8106229 0.6188770 0.4619698 1.8590571 1.5501870 1.6089059 0.9204216 1.5494124 1.5168125 1.7054221 1.7111051 1.6956573 1.6680399 1.5882353 0.9225214 1.6981058 0.8911041 1.6329654 1.7736838 1.4902386 1.6772709 1.6952987 1.8125828 3.3343761 1.6488483 1.7797506 1.6526987 0.6818533 1.2445492 2.1208366 2.0908126 1.7515055 1.7515055 1.6785135 1.6785135 1.2930506 2.3520403 1.1106663 1.7009691 1.7840160 1.0954622 1.6450124 1.8383544 1.8540339 1.9198434 1.9141577 1.9967738 1.1778373 1.5093113 1.1192501 1.9258494 1.9503018 2.6170451 2.7202459 2.6421714 2.2316600 2.8867887 1.8313729 2.2789129 2.8738591 2.4856322 2.4087299 1.5759291 2.0197129 1.8763792 1.8413679 2.0218435 2.8649989 2.8649989 2.5060121 2.2441681 3.2076333 
Spolac_c98522_g1_i1_m.17417c98522-g1                              0.1319158 0.0000000 0.0065393 0.7114412 0.7264805 0.7558242 0.6013243 0.3781046 1.8652778 1.4146605 1.4923679 0.6021505 1.4368271 1.4377906 1.7219695 1.7706637 1.7561498 1.6628669 1.5427777 0.6315704 1.6195452 0.5577559 1.6413674 1.8369998 1.3881639 1.6547697 1.7593105 1.7932033 4.0043632 1.5908880 1.5879122 1.4115813 0.6665890 0.9455530 2.1895587 2.0592317 1.5703227 1.5703227 1.4596211 1.4596211 0.6718851 2.1327066 0.9737410 1.6881918 1.7263061 0.9883117 1.6367876 1.7908053 1.8853028 1.9325170 1.9308930 1.9764543 1.1183515 1.4467192 0.6700594 1.9576509 1.9674836 2.4157799 2.5292906 2.5954130 1.4180189 2.9149315 1.6405540 2.2425342 2.9835399 2.3177194 2.2554333 1.5014166 1.6400791 1.7864212 1.7354697 1.9922388 3.0625157 3.0625157 2.5399401 1.8522434 3.2189563 
Spolac_c98522_g1_i2_m.17420c98522-g1                              0.1490862 0.0065393 0.0000000 0.7643881 0.7565182 0.7955982 0.6115632 0.4516544 1.8597996 1.4997762 1.5694943 0.8688212 1.5016064 1.5203708 1.7063426 1.7319846 1.7244873 1.6750588 1.5910830 0.8906742 1.6749285 0.8455722 1.6552630 1.8123538 1.5218967 1.6977737 1.6901975 1.8255932 3.4462322 1.6410574 1.7924880 1.6675175 0.6665890 1.1948887 2.1604801 2.1124382 1.7543091 1.7543091 1.6710844 1.6710844 1.2299233 2.3525208 1.0987206 1.7390946 1.8012226 1.0914049 1.6759156 1.7942127 1.8998154 1.9565022 1.9633301 2.0356807 1.1964190 1.5211518 1.0806363 1.9540945 2.0098976 2.5257840 2.7213463 2.6476219 2.2251278 2.9189342 1.8165145 2.3075744 2.9835399 2.5088659 2.3712657 1.5637661 2.0399724 1.8968569 1.8553543 2.0473428 2.9668372 2.9668372 2.5399401 2.2491457 3.2189563 
Aque_Aqu2.1.33061_001                                             0.7889028 0.7114412 0.7643881 0.0000000 0.2357775 0.1694729 0.6809253 0.4124596 1.6727614 1.4177598 1.4328475 0.8663334 1.4234670 1.5443116 1.6043054 1.5948148 1.5899557 1.5463378 1.5686020 0.7977149 1.5368693 0.7841659 1.5225428 1.6002168 1.4563026 1.6220898 1.5995608 1.6207907 2.9749786 1.5368185 1.7711612 1.6248231 0.5529932 1.1730335 1.9902343 2.0236329 1.6580812 1.6580812 1.5048479 1.5048479 1.1720874 2.2702001 1.0725253 1.5777684 1.5467732 0.9401229 1.6103586 1.6432070 1.7353795 1.6527590 1.6007443 1.7181420 1.2209614 1.4353094 1.0404555 1.9944915 1.8774760 2.6058105 2.5543790 2.5471449 1.6024653 2.5486454 1.7772706 2.1791435 2.9115089 2.3304843 2.1780198 1.5014131 2.0919243 1.7930412 1.7350779 1.8539881 2.9047712 2.9047712 2.5484526 2.1109977 3.2622040 
Xestes_augustus_masked-XT_scaffold4785-processed-gene-0.11-mRNA-1 0.7950543 0.7264805 0.7565182 0.2357775 0.0000000 0.1899708 0.6531476 0.4243479 1.5948603 1.3972638 1.4243342 0.8724291 1.4267053 1.4453812 1.5368539 1.5465244 1.5298860 1.4741141 1.4840960 0.7631314 1.5358438 0.7603457 1.5003154 1.5875364 1.4282110 1.5805480 1.5399445 1.5860047 2.7325603 1.4656960 1.7803614 1.6089786 0.5450111 1.1810824 1.9379096 1.9613058 1.6207299 1.6207299 1.5227592 1.5227592 1.2069805 2.2764279 1.0581605 1.5719003 1.5952048 1.0129535 1.5197817 1.6724879 1.6850937 1.7436114 1.6896807 1.7124246 1.2393455 1.4091920 1.0454238 1.8497114 1.8119094 2.5891856 2.4699844 2.5892057 1.8355980 2.4749499 1.7892547 2.2762524 3.2206382 2.4020295 2.3309643 1.4852320 2.0269741 1.7889464 1.7517422 1.8648209 2.9175507 2.9175507 2.4601692 2.1613092 3.1233031 
Halamb_c24726_g1_i1m.4517                                         0.8106229 0.7558242 0.7955982 0.1694729 0.1899708 0.0000000 0.6758415 0.3978780 1.6251974 1.4089021 1.4267761 0.8655571 1.4267473 1.4272425 1.5559028 1.5535156 1.5185005 1.4992294 1.4538865 0.7606014 1.5705274 0.7523862 1.4844757 1.5587679 1.4252223 1.5725673 1.5852217 1.6278251 2.9615833 1.4609805 1.7635837 1.5935969 0.5479093 1.1775691 1.9859229 1.9742716 1.6084023 1.6084023 1.5324609 1.5324609 1.1876373 2.2164591 1.0382395 1.5630746 1.5652944 0.9659390 1.5161528 1.6744787 1.7190007 1.7030513 1.6596956 1.7710070 1.2223125 1.4508276 1.0345747 1.8657498 1.8374590 2.5607204 2.3917554 2.4645369 1.5225539 2.4453908 1.8131339 2.2316835 2.9189581 2.3314181 2.2473491 1.4969846 1.9145000 1.8813623 1.8267905 1.8710908 2.8727215 2.8727215 2.4679217 2.1204269 3.1339448 
Tetwil_g21678.t1                                                  0.6188770 0.6013243 0.6115632 0.6809253 0.6531476 0.6758415 0.0000000 0.2174232 1.6776317 1.4185131 1.4232180 0.8229643 1.4851739 1.5602482 1.6597920 1.6427078 1.6488294 1.5915904 1.6121463 0.8372691 1.7373695 0.7721097 1.5052004 1.6405863 1.5217392 1.6212405 1.6425036 1.7237432 2.9911216 1.5912150 1.8369244 1.6820281 0.6912513 1.2872056 2.2356743 2.1327737 1.7729645 1.7729645 1.6486136 1.6486136 1.3429628 2.4540665 1.0825856 1.6066091 1.7592782 1.0258792 1.6170883 1.8471824 1.7435011 1.9278229 1.8778592 1.9597365 1.1351254 1.5834928 1.0408092 1.9895222 1.9603487 2.4562834 2.4451909 2.6298768 1.8071920 2.7517485 1.7623295 2.4122171 2.9893893 2.5152718 2.4354759 1.5444259 2.0859854 1.8657743 1.8289442 2.0178672 3.1308364 3.1308364 2.7296274 2.1353785 3.3627488 
Stycar_augustus_masked-SC_scaffold30472-processed-gene-0.0-mRNA-1 0.4619698 0.3781046 0.4516544 0.4124596 0.4243479 0.3978780 0.2174232 0.0000000 1.0963494 1.1518497 1.1013067 0.8465203 1.1048684 1.0401518 1.1752660 1.1717647 1.1991315 1.2478097 1.1658739 0.8451546 1.0459424 0.7811360 0.9504419 0.9472277 1.0785652 1.1128943 0.9782557 1.2269399 2.3816291 1.0532479 1.3654780 1.3535866 0.6574295 1.3050710 1.3988893 1.4426939 1.3597123 1.3597123 1.3735958 1.3735958 1.2865813 1.6105331 0.8745969 1.0037606 1.1239408 0.6988939 1.0342328 1.1355741 1.1559142 1.2415971 1.1781879 1.2724911 0.9549387 1.2313593 1.0469938 1.2399504 1.2333280 2.4667199 2.5335393 2.0409744 1.8013633 1.7980898 1.6213835 1.6613193 1.6863805 1.9251684 2.0134365 1.4814392 1.9843706 1.1335609 1.1335609 1.2544089 2.1053921 2.1053921 2.2253768 2.0043271 1.8215372 
Lcom_lcpid28666                                                   1.8590571 1.8652778 1.8597996 1.6727614 1.5948603 1.6251974 1.6776317 1.0963494 0.0000000 0.4744938 0.4197438 0.3715278 0.4679447 1.8639069 1.7750878 1.7963935 1.7599536 1.6955784 1.6949985 0.7646923 1.8137826 0.8129149 1.7978105 1.9031944 1.6468075 1.7555936 1.9504413 1.9407561 3.6462781 1.7434246 2.2406985 2.0873561 0.5612376 1.4494577 2.4498719 2.5686083 2.1358213 2.1358213 1.9288423 1.9288423 1.2387179 2.7278088 1.1370720 1.8293977 1.9495244 1.6244376 1.7987391 1.9716228 2.1432644 2.0183726 1.9262530 1.9545895 1.3343165 1.6896011 0.6454550 1.8935731 1.8290171 2.2770655 2.1553864 2.6581962 2.2158501 3.0512134 1.9257760 2.3141150 3.7605643 2.5160696 2.4990014 1.5307639 1.7848544 2.0941755 2.0481817 2.0782718 3.3084023 3.3084023 2.5977405 2.1565219 3.4634738 
Gracom_Gcom_scaffold14876_01                                      1.5501870 1.4146605 1.4997762 1.4177598 1.3972638 1.4089021 1.4185131 1.1518497 0.4744938 0.0000000 0.3499644 0.3927158 0.4662785 1.6606399 1.5746912 1.5633878 1.4872656 1.5362117 1.5918012 0.7625629 1.6376740 0.8919866 1.5098977 1.5380390 1.5802662 1.6026507 1.5347641 1.6685321 3.4336291 1.5916266 1.9654639 1.9623098 0.6057567 1.4948587 2.0919616 2.1442618 2.0404396 2.0404396 2.0047468 2.0047468 1.2805253 2.3972650 1.0399913 1.6126560 1.6128097 1.7720066 1.6035412 1.7845632 1.8372858 1.8043633 1.7127314 1.7328558 1.1175216 1.5980849 0.7018078 1.6260356 1.6023385 2.4833288 2.1105604 2.5541981 2.2904845 2.7994695 1.9129911 2.1053145 3.3591149 2.3794433 2.2697486 1.5862145 1.8212260 1.8915043 1.8870090 1.7929982 2.8273304 2.8273304 2.3914725 2.1812747 2.5285007 
Scil_scict010169.3                                                1.6089059 1.4923679 1.5694943 1.4328475 1.4243342 1.4267761 1.4232180 1.1013067 0.4197438 0.3499644 0.0000000 0.3431981 0.4028511 1.7004888 1.5450881 1.5561177 1.6015933 1.5515283 1.6553028 0.7565056 1.7074578 0.8525049 1.4532703 1.4679146 1.5831871 1.6460800 1.5807273 1.6769690 3.5469154 1.6028376 2.0281486 1.9897389 0.5139902 1.4622482 2.2325647 2.1074504 2.0282498 2.0282498 1.9304088 1.9304088 1.2877801 2.3524880 0.9765265 1.6722674 1.6658054 1.7469163 1.6473027 1.7495188 1.8203823 1.8301353 1.7382124 1.7340580 1.2028588 1.5628031 0.6289683 1.6426224 1.6749767 2.3725011 2.3063130 2.6721827 2.4344181 2.8940841 1.9093156 2.0302007 3.2104547 2.2931843 2.2179380 1.5349222 1.8190547 2.0215111 2.0171509 1.8196220 2.9120513 2.9120513 2.2926599 2.2806032 2.8370754 
Clacor_Ccor_scaffold5260_01                                       0.9204216 0.6021505 0.8688212 0.8663334 0.8724291 0.8655571 0.8229643 0.8465203 0.3715278 0.3927158 0.3431981 0.0000000 0.3457939 0.8143215 0.8989118 0.9056694 0.9048156 0.9238635 0.8309281 0.7667183 0.7608618 0.7672446 0.7525828 0.7525828 0.8260065 0.7821150 0.6321734 0.9331558 2.0761409 0.7580704 1.2788244 1.2762693 0.5445659 1.1340577 1.0433365 1.0646907 1.1092283 1.1092283 1.1092283 1.1092283 1.1584821 1.3850447 0.7630174 0.7822560 0.8409205 0.9825652 0.8335291 0.8019690 0.8672406 0.8422649 0.8175085 0.8926870 1.0272155 0.8590586 0.5157080 0.8565197 0.8260917 2.4927521 2.2491771 1.5155542 1.9622773 1.5863875 1.6443339 1.5847423 1.6523176 1.6284022 1.5851278 1.5128624 1.8128982 0.8951442 0.8951442 0.9452873 1.6102790 1.6102790 2.0414330 2.0770902 1.3371580 
Leuniv_Lniv_scaffold24878_01                                      1.5494124 1.4368271 1.5016064 1.4234670 1.4267053 1.4267473 1.4851739 1.1048684 0.4679447 0.4662785 0.4028511 0.3457939 0.0000000 1.6508081 1.5972646 1.6452144 1.6058466 1.5505642 1.6013956 0.7706210 1.7144168 0.8418192 1.5029670 1.5217170 1.5823204 1.6795115 1.6182476 1.7462241 3.6802147 1.5330773 2.1459163 2.1005409 0.6111941 1.4519887 2.1260272 2.0928862 2.1121710 2.1121710 2.0271674 2.0271674 1.3078278 2.5515776 0.9910646 1.6567971 1.5851834 1.8023039 1.4927490 1.7185823 1.7688696 1.7620946 1.6861510 1.6741495 1.2564074 1.5169901 0.5969755 1.7283302 1.6465811 2.4703395 2.3269386 2.4808727 2.3793426 2.7334799 1.9554383 2.0882222 3.0952134 2.2267043 2.1691259 1.5212432 1.9188903 1.9178377 1.9090442 1.6593690 2.7208689 2.7208689 2.2411636 2.1782432 2.8928827 
Bralan_BLAG01000251_1                                             1.5168125 1.4377906 1.5203708 1.5443116 1.4453812 1.4272425 1.5602482 1.0401518 1.8639069 1.6606399 1.7004888 0.8143215 1.6508081 0.0000000 1.3712575 1.3715358 1.4039322 1.4162977 1.3370475 0.5052442 1.3234364 0.5030122 1.2632855 1.3399012 1.1008956 1.2248298 1.5418682 1.5350229 2.4991991 0.9330165 1.8423605 1.6770759 0.6022197 1.2342811 2.1074791 1.9256997 1.7577139 1.7577139 1.6247170 1.6247170 1.0725814 2.3026197 0.7810351 1.2747359 1.5819032 1.6032240 1.1102866 1.4582355 1.7789330 1.6757452 1.6854312 1.7485360 1.2917843 1.4940953 1.0974946 1.7075488 1.7281114 2.6807106 2.0816828 2.4265988 1.7509818 2.8073213 2.0409381 2.4272273 2.9141713 2.2582970 2.3412398 1.4105120 1.8967966 2.0523872 2.0174466 1.9485197 3.1430310 3.1430310 2.3590263 2.0897002 3.8169890 
Spis_XP_022781380_1                                               1.7054221 1.7219695 1.7063426 1.6043054 1.5368539 1.5559028 1.6597920 1.1752660 1.7750878 1.5746912 1.5450881 0.8989118 1.5972646 1.3712575 0.0000000 0.0636985 0.3097186 0.3140290 1.0389270 0.5248232 1.4576107 0.6599682 1.4050128 1.5547617 1.3627271 1.4164771 0.5138156 0.5124315 0.6036885 1.3294281 1.8696439 1.7435246 0.7472191 1.3343931 2.0970487 2.2323532 1.8995521 1.8995521 1.7552484 1.7552484 1.2201062 2.3924996 1.0920976 1.5425058 1.7198812 1.4979079 1.4521398 1.8049523 1.7706389 1.7887253 1.7439917 1.6860706 1.1326435 1.5890428 1.0449294 1.5942753 1.5309307 2.5954189 2.5613767 2.5929751 2.1326529 3.2174586 1.7213468 2.0399296 3.0404826 2.2786989 2.3934276 1.4273190 2.0298670 2.2767612 2.2204584 1.8252358 2.6850660 2.6850660 2.4153506 2.1973431 3.2209429 
Pocdam_XM_027184508.1                                             1.7111051 1.7706637 1.7319846 1.5948148 1.5465244 1.5535156 1.6427078 1.1717647 1.7963935 1.5633878 1.5561177 0.9056694 1.6452144 1.3715358 0.0636985 0.0000000 0.2940965 0.2946957 1.0335455 0.5173133 1.4352346 0.6698509 1.4312525 1.5687449 1.3944105 1.4250561 0.5073427 0.4944743 0.5700628 1.3503063 1.9064599 1.7675602 0.7961947 1.3696390 2.1384308 2.3092598 1.9274163 1.9274163 1.7785883 1.7785883 1.2716625 2.3867050 1.0886334 1.5249591 1.7324979 1.5201988 1.4507451 1.7691982 1.7497670 1.7864115 1.7339839 1.6769713 1.1216000 1.5930363 1.0600768 1.5901854 1.5087988 2.5739186 2.5236977 2.5306057 2.1282009 3.2744289 1.7318161 2.0666630 3.0837742 2.2822434 2.3603084 1.4672241 2.1666737 2.3492841 2.2793646 1.9018899 2.7661591 2.7661591 2.4328196 2.2629488 3.3366720 
Gasp_gasp1.m3.7901.m1                                             1.6956573 1.7561498 1.7244873 1.5899557 1.5298860 1.5185005 1.6488294 1.1991315 1.7599536 1.4872656 1.6015933 0.9048156 1.6058466 1.4039322 0.3097186 0.2940965 0.0000000 0.1927748 0.9833777 0.4650342 1.4692102 0.6784658 1.3927539 1.5439498 1.3133746 1.4143964 0.4480379 0.4459430 0.5147951 1.3742305 1.9271739 1.8132590 0.8058817 1.4435960 2.1921624 2.3917877 1.9880691 1.9880691 1.8609772 1.8609772 1.3365582 2.4038192 1.0914282 1.4802575 1.6312661 1.5543861 1.4196734 1.8061256 1.6599665 1.7610093 1.6831875 1.6516065 1.1347402 1.6326735 1.0333161 1.6145016 1.5434528 2.7944561 2.6195521 2.5328571 2.0637997 3.0915807 1.7501385 2.1778532 3.1154473 2.3360292 2.5167690 1.4473094 2.0936093 2.3009570 2.2442458 1.9133437 2.7493397 2.7493397 2.4837774 2.1920839 3.0648516 
Fspp_ffun1.m4.14927.m1                                            1.6680399 1.6628669 1.6750588 1.5463378 1.4741141 1.4992294 1.5915904 1.2478097 1.6955784 1.5362117 1.5515283 0.9238635 1.5505642 1.4162977 0.3140290 0.2946957 0.1927748 0.0000000 0.9874867 0.4990195 1.4591493 0.6627431 1.4348478 1.5762218 1.2933809 1.4355683 0.4499568 0.4446649 0.5122962 1.4555722 1.9474275 1.8244288 0.9009171 1.4539600 2.2048388 2.2672416 1.9951669 1.9951669 1.8640683 1.8640683 1.3500457 2.3798527 1.0754835 1.4869950 1.6182851 1.4756105 1.4227538 1.7741583 1.7008820 1.8080114 1.7468870 1.6617115 1.1595218 1.7004005 1.0573503 1.5983324 1.5566928 2.6936176 2.5058149 2.5215493 2.0367927 2.9711937 1.7420249 1.9843603 2.8564080 2.1725613 2.3383452 1.4835344 2.1450206 2.3582097 2.3077454 1.8805293 2.5651829 2.5651829 2.3962874 2.2418869 2.9133435 
Exapal_XM_021046587.2                                             1.5882353 1.5427777 1.5910830 1.5686020 1.4840960 1.4538865 1.6121463 1.1658739 1.6949985 1.5918012 1.6553028 0.8309281 1.6013956 1.3370475 1.0389270 1.0335455 0.9833777 0.9874867 0.0000000 0.2887868 1.4711012 0.5701652 1.4703567 1.6112515 1.3488549 1.4749783 1.1313904 1.1771458 1.7028098 1.4670777 1.8863945 1.7900949 0.5638774 1.3067466 2.2855019 2.3197859 1.9102395 1.9102395 1.7522393 1.7522393 1.0649982 2.4443796 0.9572165 1.5729762 1.7003365 1.5249235 1.5906563 1.7861414 1.7658728 1.7876438 1.7593947 1.6825715 1.2343126 1.4336204 1.0102147 1.5549698 1.5502158 2.7312852 2.2354506 2.5402631 2.1636687 3.1619651 1.9479165 2.2732652 3.9199462 2.6268435 2.7543194 1.4448196 1.9573778 2.2520635 2.1964196 2.1757310 3.2503102 3.2503102 2.3146765 2.2401427 3.4395956 
Nvec_v1g120850                                                    0.9225214 0.6315704 0.8906742 0.7977149 0.7631314 0.7606014 0.8372691 0.8451546 0.7646923 0.7625629 0.7565056 0.7667183 0.7706210 0.5052442 0.5248232 0.5173133 0.4650342 0.4990195 0.2887868 0.0000000 0.4592581 0.5546727 0.5131516 0.5131516 0.5293701 0.4786404 0.3998233 0.5636314 0.9479877 0.5642852 0.8908315 0.8883931 0.6091685 0.9150779 0.8536303 0.9006181 0.9058879 0.9058879 0.9058879 0.9058879 0.9750962 1.0643993 0.6168831 0.5585373 0.6162819 0.8614358 0.5668804 0.6657623 0.5804599 0.6560632 0.6349992 0.6500022 0.7091223 0.6751308 0.8976609 0.6049295 0.6496546 2.8525218 2.2824309 1.3647105 1.4781198 1.2126546 1.4152276 1.3707702 1.2822924 1.5030197 1.5297859 1.2350253 1.7174135 0.9433710 0.9433710 1.0129882 1.3645753 1.3645753 1.7798810 1.9226529 1.1131467 
Cscu_XM_023367881.1                                               1.6981058 1.6195452 1.6749285 1.5368693 1.5358438 1.5705274 1.7373695 1.0459424 1.8137826 1.6376740 1.7074578 0.7608618 1.7144168 1.3234364 1.4576107 1.4352346 1.4692102 1.4591493 1.4711012 0.4592581 0.0000000 0.3731150 0.8209086 0.9297701 0.8500936 1.4242367 1.6671487 1.5854006 2.6901637 1.1836343 1.8308156 1.7198331 0.5066920 1.1536559 2.2017134 2.1489841 1.7216871 1.7216871 1.5950563 1.5950563 0.9946808 2.4223847 0.7835778 1.2696226 1.5650640 1.5191261 1.3939510 1.7366960 2.0154499 1.9455251 1.8452740 1.8066823 1.1387337 1.4724547 0.9552270 1.9282751 1.9561053 2.4957532 2.0506837 2.6321276 1.8727036 3.2104860 1.9530638 2.3998838 3.5326740 2.4316387 2.4019092 1.3413130 1.9440379 2.1310244 2.0621745 2.0651615 3.1237593 3.1237593 2.4449718 1.9803944 3.6597004 
Dpul_mRNA17529                                                    0.8911041 0.5577559 0.8455722 0.7841659 0.7603457 0.7523862 0.7721097 0.7811360 0.8129149 0.8919866 0.8525049 0.7672446 0.8418192 0.5030122 0.6599682 0.6698509 0.6784658 0.6627431 0.5701652 0.5546727 0.3731150 0.0000000 0.3303188 0.3303188 0.3327356 0.3634074 0.4695924 0.6805580 1.2693155 0.4392946 0.9334106 0.9359044 0.5896548 0.8719928 0.9461175 0.9208163 0.8846554 0.8846554 0.8846554 0.8846554 1.0282557 1.1229979 0.5464428 0.4178681 0.4538592 0.8119646 0.5070575 0.5472362 0.6601964 0.6152264 0.5987777 0.6208003 0.7172814 0.6891366 0.9400508 0.6727791 0.6754973 2.6905028 2.4183938 1.4114687 1.7841678 1.2691549 1.4880602 1.4324291 1.0751649 1.4963550 1.5700105 1.2400896 1.9428695 1.0020066 1.0020066 0.9267730 1.4206924 1.4206924 1.9766240 1.7875089 1.0985703 
Cscu_XM_023385233.1                                               1.6329654 1.6413674 1.6552630 1.5225428 1.5003154 1.4844757 1.5052004 0.9504419 1.7978105 1.5098977 1.4532703 0.7525828 1.5029670 1.2632855 1.4050128 1.4312525 1.3927539 1.4348478 1.4703567 0.5131516 0.8209086 0.3303188 0.0000000 0.0726691 0.8034758 1.1852158 1.6347681 1.5797934 2.7275369 1.0928904 1.9304219 1.7457954 0.5281065 1.1562648 2.2568600 2.3457249 1.8431665 1.8431665 1.6549010 1.6549010 1.0352177 2.4314254 0.6906986 1.1870043 1.4728992 1.5450837 1.1946580 1.6339253 1.7899985 1.7959518 1.6945051 1.6890362 1.2621505 1.3196997 0.9188945 1.6040375 1.6156355 2.6187434 2.4605968 2.6684709 2.0887588 3.1347569 2.0086932 2.3380843 3.3695192 2.3741031 2.3873040 1.3446712 1.9909402 2.0135891 1.9697271 1.9485303 2.7552853 2.7552853 2.1554764 2.0354021 3.6758196 
Cscu_XM_023384549.1                                               1.7736838 1.8369998 1.8123538 1.6002168 1.5875364 1.5587679 1.6405863 0.9472277 1.9031944 1.5380390 1.4679146 0.7525828 1.5217170 1.3399012 1.5547617 1.5687449 1.5439498 1.5762218 1.6112515 0.5131516 0.9297701 0.3303188 0.0726691 0.0000000 0.8535779 1.3067259 1.8049272 1.7160648 3.1387562 1.1884941 1.9227653 1.7416007 0.5281065 1.1562648 2.3260606 2.3881038 1.8615705 1.8615705 1.6582348 1.6582348 1.0352177 2.5548819 0.7677338 1.3387574 1.5399842 1.6073421 1.3259668 1.7166815 1.9042746 1.9190912 1.8266944 1.8225042 1.3105882 1.3408851 0.9188945 1.6978228 1.7125900 2.5162862 2.3987024 2.6684697 2.0937343 3.2476639 2.0309783 2.3854359 3.6390646 2.4682189 2.4358676 1.3446712 1.9909402 2.1079354 2.0204236 2.0928431 2.8091875 2.8091875 2.2412714 2.0354021 3.8131292 
Tcas_TC030986_001                                                 1.4902386 1.3881639 1.5218967 1.4563026 1.4282110 1.4252223 1.5217392 1.0785652 1.6468075 1.5802662 1.5831871 0.8260065 1.5823204 1.1008956 1.3627271 1.3944105 1.3133746 1.2933809 1.3488549 0.5293701 0.8500936 0.3327356 0.8034758 0.8535779 0.0000000 1.1339398 1.4263472 1.4740596 2.5370969 1.1316889 1.7645495 1.6723550 0.5092601 1.1881826 2.0446947 2.0008825 1.6599524 1.6599524 1.5605942 1.5605942 1.0756754 2.2075897 0.7692348 1.1196935 1.3521467 1.5410965 1.2602274 1.4244420 1.6816019 1.6647203 1.5787824 1.6412942 1.2521587 1.4643614 1.0286062 1.7589093 1.7865898 2.5215319 2.2825934 2.8126006 2.0065902 2.6525454 1.9994275 2.5665148 3.3709339 2.3903133 2.3822055 1.4249357 1.9204757 2.0070073 1.9743052 1.8612130 2.6953980 2.6953980 2.4662684 2.0262695 2.9867003 
Skow_XM_002738450.2                                               1.6772709 1.6547697 1.6977737 1.6220898 1.5805480 1.5725673 1.6212405 1.1128943 1.7555936 1.6026507 1.6460800 0.7821150 1.6795115 1.2248298 1.4164771 1.4250561 1.4143964 1.4355683 1.4749783 0.4786404 1.4242367 0.3634074 1.1852158 1.3067259 1.1339398 0.0000000 1.5784754 1.5495887 2.6362491 1.1817392 1.9258138 1.8594469 0.6785357 1.2697235 2.1366547 2.2087224 2.0619329 2.0619329 1.9024410 1.9024410 1.2403252 2.6104125 0.8020192 1.2880241 1.6301448 1.5623999 1.3547839 1.6255113 1.7521113 1.8546949 1.7301161 1.7365986 1.2584792 1.5393502 1.0261874 1.7801569 1.8092995 2.5732338 2.3244990 2.7537209 1.7861327 2.9248396 2.0721090 2.4698979 3.4772222 2.4596896 2.4456587 1.4067929 2.0016506 2.0759485 2.0420013 2.0036231 3.0610234 3.0610234 2.4690394 2.2581362 4.0784215 
Amil_Amillepora20320-RA                                           1.6952987 1.7593105 1.6901975 1.5995608 1.5399445 1.5852217 1.6425036 0.9782557 1.9504413 1.5347641 1.5807273 0.6321734 1.6182476 1.5418682 0.5138156 0.5073427 0.4480379 0.4499568 1.1313904 0.3998233 1.6671487 0.4695924 1.6347681 1.8049272 1.4263472 1.5784754 0.0000000 0.0093095 0.3897743 1.5297886 1.8633086 1.6949120 0.7663335 1.2069593 2.2173141 2.3354499 1.8383771 1.8383771 1.6622568 1.6622568 0.8224787 2.4236986 0.8424929 1.5857564 1.7073549 1.4044375 1.7411914 1.9723993 1.9478272 1.8824370 1.8550668 1.8320376 1.1319701 1.6094965 0.6199972 1.6269021 1.5921604 2.3140661 2.2008659 2.4962752 1.3478530 3.3822626 1.5874669 2.1187903 3.5501990 2.2857471 2.3766434 1.4348816 1.6924723 2.3066752 2.2214439 2.0626767 2.8490471 2.8490471 2.4348632 1.9345770 3.2615789 
Adig_XM_015914040.1                                               1.8125828 1.7932033 1.8255932 1.6207907 1.5860047 1.6278251 1.7237432 1.2269399 1.9407561 1.6685321 1.6769690 0.9331558 1.7462241 1.5350229 0.5124315 0.4944743 0.4459430 0.4446649 1.1771458 0.5636314 1.5854006 0.6805580 1.5797934 1.7160648 1.4740596 1.5495887 0.0093095 0.0000000 0.3381641 1.4880884 1.9407803 1.8187192 0.7679131 1.4878790 2.2496828 2.3645284 1.9191023 1.9191023 1.7760435 1.7760435 1.2639237 2.6283942 1.0773885 1.5807652 1.6512715 1.5709454 1.6477230 1.8974048 1.9163102 1.8657195 1.8040662 1.8151493 1.2294966 1.6852703 1.0460702 1.5951355 1.5684175 2.7722298 2.4518070 2.5071679 1.9908826 3.2735134 1.7671116 2.1650274 3.5022456 2.3964435 2.5401772 1.4568708 2.1187217 2.2973105 2.2253438 2.0824748 2.9131043 2.9131043 2.4268485 2.3107207 3.3174355 
Gfas_gfas1.m1.14226.m1                                            3.3343761 4.0043632 3.4462322 2.9749786 2.7325603 2.9615833 2.9911216 2.3816291 3.6462781 3.4336291 3.5469154 2.0761409 3.6802147 2.4991991 0.6036885 0.5700628 0.5147951 0.5122962 1.7028098 0.9479877 2.6901637 1.2693155 2.7275369 3.1387562 2.5370969 2.6362491 0.3897743 0.3381641 0.0000000 2.3933599 3.7105416 3.7228656 0.0000010 3.2511468 4.1136972 4.6072148 3.8882288 3.8882288 3.6391364 3.6391364 2.2408515 5.4729925 2.4312688 2.4761002 3.2446910 2.6262573 2.7447171 3.4881749 3.3207770 3.5752534 3.3808126 3.1210304 3.1937542 3.3829508 2.8308281 3.1241685 2.9404850 5.0387117 2.6983743 4.9217493 3.1242664 6.4711980 2.8697500 3.6470738 6.3821811 4.2526952 5.3774227 1.8409119 2.5318522 4.5912750 4.4895184 3.6054504 4.9957583 4.9957583 4.7771170 3.6770783 7.0057822 
Hsap_ENST00000253339                                              1.6488483 1.5908880 1.6410574 1.5368185 1.4656960 1.4609805 1.5912150 1.0532479 1.7434246 1.5916266 1.6028376 0.7580704 1.5330773 0.9330165 1.3294281 1.3503063 1.3742305 1.4555722 1.4670777 0.5642852 1.1836343 0.4392946 1.0928904 1.1884941 1.1316889 1.1817392 1.5297886 1.4880884 2.3933599 0.0000000 1.7521023 1.6112489 0.4695693 1.2055073 1.9425060 2.0604033 1.6860922 1.6860922 1.5578203 1.5578203 0.9916427 2.3403394 0.7993099 1.1843297 1.5467654 1.4534776 0.8028299 1.4285044 1.7989200 1.5982562 1.5468261 1.5716547 1.2925997 1.4003566 0.9940240 1.7388373 1.7344821 2.5686053 2.5180294 2.7202662 1.9838461 2.8803006 2.0164674 2.3586498 3.6234475 2.4593383 2.4689845 1.4435596 2.0668770 2.0468558 1.9868302 1.8810834 2.9784621 2.9784621 2.2683011 2.3362257 3.7332058 
Horcal_Hcv1.av93.c3.g842.i1                                       1.7797506 1.5879122 1.7924880 1.7711612 1.7803614 1.7635837 1.8369244 1.3654780 2.2406985 1.9654639 2.0281486 1.2788244 2.1459163 1.8423605 1.8696439 1.9064599 1.9271739 1.9474275 1.8863945 0.8908315 1.8308156 0.9334106 1.9304219 1.9227653 1.7645495 1.9258138 1.8633086 1.9407803 3.7105416 1.7521023 0.0000000 0.0166461 0.3929569 0.5280924 0.8969122 0.8714253 0.5674578 0.5674578 0.4562212 0.4562212 0.3745353 0.7326009 1.5344675 1.8439870 1.8280550 1.8586973 1.9120535 2.1534717 2.1989986 2.1317063 2.0475359 2.1898744 1.4777862 1.9561600 1.2752361 1.9091868 1.8365203 2.8620589 2.6894043 2.6988434 2.5274396 3.0639775 2.2048049 2.5380935 3.4020639 2.4975806 2.5688340 1.7263824 1.9545888 2.2767521 2.2092182 2.5221524 3.0183998 3.0183998 2.5194867 2.4805128 3.0420596 
Pbac_sb2655080                                                    1.6526987 1.4115813 1.6675175 1.6248231 1.6089786 1.5935969 1.6820281 1.3535866 2.0873561 1.9623098 1.9897389 1.2762693 2.1005409 1.6770759 1.7435246 1.7675602 1.8132590 1.8244288 1.7900949 0.8883931 1.7198331 0.9359044 1.7457954 1.7416007 1.6723550 1.8594469 1.6949120 1.8187192 3.7228656 1.6112489 0.0166461 0.0000000 0.3929569 0.5289931 0.8107706 0.7777072 0.5040389 0.5040389 0.4598497 0.4598497 0.3758162 0.6282733 1.3557669 1.6983778 1.6187618 1.7243393 1.7643533 1.9337595 2.0273984 1.9373030 1.8613797 2.0351810 1.3083912 1.8559992 1.2656763 1.8361489 1.7897981 2.9501289 2.7367556 2.6957426 2.4341814 2.9392702 2.2053033 2.4515614 3.1756608 2.3727071 2.4410270 1.7242592 1.9457230 1.9865859 1.9865859 2.1811881 2.7364176 2.7364176 2.4441374 2.4818999 2.5645325 
Eupdun_Edun_sb10700395                                            0.6818533 0.6665890 0.6665890 0.5529932 0.5450111 0.5479093 0.6912513 0.6574295 0.5612376 0.6057567 0.5139902 0.5445659 0.6111941 0.6022197 0.7472191 0.7961947 0.8058817 0.9009171 0.5638774 0.6091685 0.5066920 0.5896548 0.5281065 0.5281065 0.5092601 0.6785357 0.7663335 0.7679131 0.0000010 0.4695693 0.3929569 0.3929569 0.0000000 0.2011781 0.2283907 0.2431631 0.3011332 0.3011332 0.3011332 0.3011332 0.2882306 0.3243678 0.7854295 0.5966026 0.6520649 0.5432081 0.6489668 0.8503114 0.8039994 0.6200448 0.6384226 0.6427076 0.5629999 0.7725879 0.6748072 0.6367155 0.6545317 2.1477171 2.1477171 1.2163992 0.8968783 1.0590034 1.1020036 0.9465598 0.5136465 0.9704167 1.0003585 0.9157822 1.5446306 0.7775578 0.7775578 0.8707493 1.0269860 1.0269860 2.1621545 1.6999071 0.8865751 
Lampan_Lpan_15192_01                                              1.2445492 0.9455530 1.1948887 1.1730335 1.1810824 1.1775691 1.2872056 1.3050710 1.4494577 1.4948587 1.4622482 1.1340577 1.4519887 1.2342811 1.3343931 1.3696390 1.4435960 1.4539600 1.3067466 0.9150779 1.1536559 0.8719928 1.1562648 1.1562648 1.1881826 1.2697235 1.2069593 1.4878790 3.2511468 1.2055073 0.5280924 0.5289931 0.2011781 0.0000000 0.4065151 0.4294513 0.3929267 0.3929267 0.3929267 0.3929267 0.4326393 0.5357612 1.1804577 1.2797140 1.3283733 1.3360809 1.2701954 1.4622362 1.3847677 1.3799676 1.3631478 1.4550875 1.0235037 1.4145152 1.2300270 1.3291819 1.2880439 2.6279129 2.6548616 2.0660952 2.3120094 1.8708941 2.0269810 1.8413728 2.1106150 1.9565970 1.9602109 1.6921898 1.9009287 1.5009779 1.5009779 1.5532768 2.0392910 2.0392910 1.9816002 2.3488440 1.9794509 
Vmul_SimC406484                                                   2.1208366 2.1895587 2.1604801 1.9902343 1.9379096 1.9859229 2.2356743 1.3988893 2.4498719 2.0919616 2.2325647 1.0433365 2.1260272 2.1074791 2.0970487 2.1384308 2.1921624 2.2048388 2.2855019 0.8536303 2.2017134 0.9461175 2.2568600 2.3260606 2.0446947 2.1366547 2.2173141 2.2496828 4.1136972 1.9425060 0.8969122 0.8107706 0.2283907 0.4065151 0.0000000 0.4334028 0.8772702 0.8772702 0.7727442 0.7727442 0.4398700 1.0610171 1.4774079 2.1365891 2.4364719 2.0230087 2.3149746 2.5263041 2.5366926 2.6837210 2.5763684 2.5474568 1.4198370 2.1556739 1.1259322 2.3113659 2.1674169 2.5990977 2.3575696 3.0650065 2.5932235 3.8053765 2.2729198 2.8529178 4.1227530 2.6992071 2.8143925 1.6712329 1.9135579 2.7393635 2.6649276 2.7061158 3.7854528 3.7854528 2.4270692 2.5103853 3.9836264 
Coemet_Cmet_scaffold13333_01                                      2.0908126 2.0592317 2.1124382 2.0236329 1.9613058 1.9742716 2.1327737 1.4426939 2.5686083 2.1442618 2.1074504 1.0646907 2.0928862 1.9256997 2.2323532 2.3092598 2.3917877 2.2672416 2.3197859 0.9006181 2.1489841 0.9208163 2.3457249 2.3881038 2.0008825 2.2087224 2.3354499 2.3645284 4.6072148 2.0604033 0.8714253 0.7777072 0.2431631 0.4294513 0.4334028 0.0000000 0.7684901 0.7684901 0.6806108 0.6806108 0.4479858 0.9790542 1.4965421 2.1462743 2.2332270 1.9955014 2.2735448 2.6753172 2.5459619 2.5389234 2.3999457 2.3941861 1.4739109 2.1100670 1.0725007 2.2461453 2.2039379 2.6622703 2.3366510 2.8359791 2.6830495 3.5264714 2.1655981 2.6937415 3.7754174 2.5903781 2.6643737 1.5199475 1.8230339 2.8123443 2.7314967 2.7474868 3.3357237 3.3357237 2.5166511 2.6183024 3.8304964 
Beraby_Baby_sb344788                                              1.7515055 1.5703227 1.7543091 1.6580812 1.6207299 1.6084023 1.7729645 1.3597123 2.1358213 2.0404396 2.0282498 1.1092283 2.1121710 1.7577139 1.8995521 1.9274163 1.9880691 1.9951669 1.9102395 0.9058879 1.7216871 0.8846554 1.8431665 1.8615705 1.6599524 2.0619329 1.8383771 1.9191023 3.8882288 1.6860922 0.5674578 0.5040389 0.3011332 0.3929267 0.8772702 0.7684901 0.0000000 0.0000010 0.0063773 0.0063773 0.1796518 0.5263836 1.3611633 1.8843690 1.8411976 1.6892423 1.8095456 2.2037538 2.1389038 1.9454278 1.8916388 2.0183188 1.2371953 1.9368809 1.2926688 1.7545754 1.7666927 2.4881696 2.2542569 2.5090917 2.8027587 2.8243230 2.1705466 2.6161963 3.3214518 2.4349194 2.2781600 1.6035178 1.7929242 2.1673688 2.1247663 2.1547102 2.8457379 2.8457379 2.2794925 2.5869214 3.1093939 
Beraby_Baby_sb344789                                              1.7515055 1.5703227 1.7543091 1.6580812 1.6207299 1.6084023 1.7729645 1.3597123 2.1358213 2.0404396 2.0282498 1.1092283 2.1121710 1.7577139 1.8995521 1.9274163 1.9880691 1.9951669 1.9102395 0.9058879 1.7216871 0.8846554 1.8431665 1.8615705 1.6599524 2.0619329 1.8383771 1.9191023 3.8882288 1.6860922 0.5674578 0.5040389 0.3011332 0.3929267 0.8772702 0.7684901 0.0000010 0.0000000 0.0063773 0.0063773 0.1796518 0.5263836 1.3611633 1.8843690 1.8411976 1.6892423 1.8095456 2.2037538 2.1389038 1.9454278 1.8916388 2.0183188 1.2371953 1.9368809 1.2926688 1.7545754 1.7666927 2.4881696 2.2542569 2.5090917 2.8027587 2.8243230 2.1705466 2.6161963 3.3214518 2.4349194 2.2781600 1.6035178 1.7929242 2.1673688 2.1247663 2.1547102 2.8457379 2.8457379 2.2794925 2.5869214 3.1093939 
Beraby_Baby_sb344790                                              1.6785135 1.4596211 1.6710844 1.5048479 1.5227592 1.5324609 1.6486136 1.3735958 1.9288423 2.0047468 1.9304088 1.1092283 2.0271674 1.6247170 1.7552484 1.7785883 1.8609772 1.8640683 1.7522393 0.9058879 1.5950563 0.8846554 1.6549010 1.6582348 1.5605942 1.9024410 1.6622568 1.7760435 3.6391364 1.5578203 0.4562212 0.4598497 0.3011332 0.3929267 0.7727442 0.6806108 0.0063773 0.0063773 0.0000000 0.0000010 0.1796518 0.4506984 1.2637181 1.7338668 1.7355954 1.6588416 1.6424187 2.0738341 1.9608902 1.7625632 1.7125094 1.8361059 1.1553786 1.8600253 1.2926688 1.6039289 1.6212129 2.4881696 2.2542569 2.3617797 2.8160963 2.5773727 2.1551026 2.4145415 2.8627222 2.2518271 2.1059415 1.6035178 1.7929242 1.8971116 1.8971116 1.9163345 2.5484432 2.5484432 2.2794925 2.6045006 2.5697515 
Beraby_Baby_sb344791                                              1.6785135 1.4596211 1.6710844 1.5048479 1.5227592 1.5324609 1.6486136 1.3735958 1.9288423 2.0047468 1.9304088 1.1092283 2.0271674 1.6247170 1.7552484 1.7785883 1.8609772 1.8640683 1.7522393 0.9058879 1.5950563 0.8846554 1.6549010 1.6582348 1.5605942 1.9024410 1.6622568 1.7760435 3.6391364 1.5578203 0.4562212 0.4598497 0.3011332 0.3929267 0.7727442 0.6806108 0.0063773 0.0063773 0.0000010 0.0000000 0.1796518 0.4506984 1.2637181 1.7338668 1.7355954 1.6588416 1.6424187 2.0738341 1.9608902 1.7625632 1.7125094 1.8361059 1.1553786 1.8600253 1.2926688 1.6039289 1.6212129 2.4881696 2.2542569 2.3617797 2.8160963 2.5773727 2.1551026 2.4145415 2.8627222 2.2518271 2.1059415 1.6035178 1.7929242 1.8971116 1.8971116 1.9163345 2.5484432 2.5484432 2.2794925 2.6045006 2.5697515 
Drygla_Dgla_sb296148                                              1.2930506 0.6718851 1.2299233 1.1720874 1.2069805 1.1876373 1.3429628 1.2865813 1.2387179 1.2805253 1.2877801 1.1584821 1.3078278 1.0725814 1.2201062 1.2716625 1.3365582 1.3500457 1.0649982 0.9750962 0.9946808 1.0282557 1.0352177 1.0352177 1.0756754 1.2403252 0.8224787 1.2639237 2.2408515 0.9916427 0.3745353 0.3758162 0.2882306 0.4326393 0.4398700 0.4479858 0.1796518 0.1796518 0.1796518 0.1796518 0.0000000 0.4280962 1.1836401 1.0060807 1.2001997 1.2776021 1.1555660 1.2488856 1.2800116 1.2392320 1.2061958 1.3817795 0.6876176 1.2952292 1.3517480 1.0813589 1.1030012 2.2880184 2.4677157 1.6804928 2.3324919 1.6647441 1.6779984 1.6703742 0.6256106 1.7435545 1.6513087 1.2902348 1.8874137 1.3324594 1.3324594 1.4340947 1.6734950 1.6734950 1.7249793 2.4622359 0.8176913 
Mlei_ML1893.g30.i1                                                2.3520403 2.1327066 2.3525208 2.2702001 2.2764279 2.2164591 2.4540665 1.6105331 2.7278088 2.3972650 2.3524880 1.3850447 2.5515776 2.3026197 2.3924996 2.3867050 2.4038192 2.3798527 2.4443796 1.0643993 2.4223847 1.1229979 2.4314254 2.5548819 2.2075897 2.6104125 2.4236986 2.6283942 5.4729925 2.3403394 0.7326009 0.6282733 0.3243678 0.5357612 1.0610171 0.9790542 0.5263836 0.5263836 0.4506984 0.4506984 0.4280962 0.0000000 1.5058337 2.5307129 2.3720212 2.1974644 2.3736062 2.9355259 2.8735466 2.6785247 2.5234292 2.6334966 1.4527705 2.3334674 1.5477085 2.6283233 2.6512733 2.4661256 2.9691389 2.8918899 3.5811739 3.9268582 2.3971248 2.9891888 4.0790700 2.9822371 2.9299472 1.5639415 2.4183380 2.8278763 2.7929341 2.7197499 3.8511398 3.8511398 2.5132082 2.6772342 3.4180067 
Ctel_gnl_WGS_AMQN_CAPTEDRAFT_mRNA224671                           1.1106663 0.9737410 1.0987206 1.0725253 1.0581605 1.0382395 1.0825856 0.8745969 1.1370720 1.0399913 0.9765265 0.7630174 0.9910646 0.7810351 1.0920976 1.0886334 1.0914282 1.0754835 0.9572165 0.6168831 0.7835778 0.5464428 0.6906986 0.7677338 0.7692348 0.8020192 0.8424929 1.0773885 2.4312688 0.7993099 1.5344675 1.3557669 0.7854295 1.1804577 1.4774079 1.4965421 1.3611633 1.3611633 1.2637181 1.2637181 1.1836401 1.5058337 0.0000000 0.7877940 0.8474842 1.0782069 0.8759657 0.8737895 1.0891707 1.1043746 1.1003033 1.1353544 1.0804496 0.9985777 1.0508184 1.0781929 1.0874446 2.5491667 2.1425630 1.6498910 1.8687495 1.8783466 1.6759950 1.6430386 2.0993161 1.8661708 1.9035405 1.3995831 1.8584915 1.3517013 1.3517013 1.3493924 2.1758138 2.1758138 2.0332255 1.7581250 2.2923893 
Acagra_model.g24839.t1_model.g24840.t1.1.5d401002                 1.7009691 1.6881918 1.7390946 1.5777684 1.5719003 1.5630746 1.6066091 1.0037606 1.8293977 1.6126560 1.6722674 0.7822560 1.6567971 1.2747359 1.5425058 1.5249591 1.4802575 1.4869950 1.5729762 0.5585373 1.2696226 0.4178681 1.1870043 1.3387574 1.1196935 1.2880241 1.5857564 1.5807652 2.4761002 1.1843297 1.8439870 1.6983778 0.5966026 1.2797140 2.1365891 2.1462743 1.8843690 1.8843690 1.7338668 1.7338668 1.0060807 2.5307129 0.7877940 0.0000000 1.3077063 1.5506947 1.3489953 1.6264228 1.8958671 1.8408216 1.7883013 1.8113966 1.2313037 1.5373905 0.9110398 1.9292407 1.9296212 2.6536238 2.1632264 2.6709753 2.2437302 3.0402944 1.8866001 2.5001594 3.1279925 2.3286410 2.4845501 1.3492938 2.0621897 2.2433502 2.1986291 2.2785657 2.9696498 2.9696498 2.3632319 2.2522686 3.4195018 
Cgig_XM_034477135.1                                               1.7840160 1.7263061 1.8012226 1.5467732 1.5952048 1.5652944 1.7592782 1.1239408 1.9495244 1.6128097 1.6658054 0.8409205 1.5851834 1.5819032 1.7198812 1.7324979 1.6312661 1.6182851 1.7003365 0.6162819 1.5650640 0.4538592 1.4728992 1.5399842 1.3521467 1.6301448 1.7073549 1.6512715 3.2446910 1.5467654 1.8280550 1.6187618 0.6520649 1.3283733 2.4364719 2.2332270 1.8411976 1.8411976 1.7355954 1.7355954 1.2001997 2.3720212 0.8474842 1.3077063 0.0000000 1.6643830 1.4274862 1.5709864 1.8665556 1.5363393 1.5328232 1.7154559 1.1955054 1.3935702 0.9615151 1.7667336 1.7386914 2.4405129 2.2707173 2.8301386 2.4289722 2.8976287 1.8028059 2.2687264 3.7536015 2.5228365 2.4953818 1.3758708 1.8805727 2.3324975 2.2721051 2.0785113 2.9692436 2.9692436 2.3976654 2.1070203 2.9216400 
Plespi_Pspi_scaffold18968_01                                      1.0954622 0.9883117 1.0914049 0.9401229 1.0129535 0.9659390 1.0258792 0.6988939 1.6244376 1.7720066 1.7469163 0.9825652 1.8023039 1.6032240 1.4979079 1.5201988 1.5543861 1.4756105 1.5249235 0.8614358 1.5191261 0.8119646 1.5450837 1.6073421 1.5410965 1.5623999 1.4044375 1.5709454 2.6262573 1.4534776 1.8586973 1.7243393 0.5432081 1.3360809 2.0230087 1.9955014 1.6892423 1.6892423 1.6588416 1.6588416 1.2776021 2.1974644 1.0782069 1.5506947 1.6643830 0.0000000 1.5879892 1.5670838 1.7774157 1.7945062 1.7546267 1.6710268 1.2818894 1.6515097 1.1040386 1.9127089 1.8453788 2.4086727 2.1753354 2.5164083 2.1032518 2.5659597 2.0146911 2.3713553 3.0725297 2.3069262 2.2767531 1.4533787 1.9035179 1.9179477 1.9179477 1.7949344 2.5609801 2.5609801 2.3036041 2.3448693 2.6036027 
Hsap_ENST00000382592                                              1.6450124 1.6367876 1.6759156 1.6103586 1.5197817 1.5161528 1.6170883 1.0342328 1.7987391 1.6035412 1.6473027 0.8335291 1.4927490 1.1102866 1.4521398 1.4507451 1.4196734 1.4227538 1.5906563 0.5668804 1.3939510 0.5070575 1.1946580 1.3259668 1.2602274 1.3547839 1.7411914 1.6477230 2.7447171 0.8028299 1.9120535 1.7643533 0.6489668 1.2701954 2.3149746 2.2735448 1.8095456 1.8095456 1.6424187 1.6424187 1.1555660 2.3736062 0.8759657 1.3489953 1.4274862 1.5879892 0.0000000 1.4209419 1.6807277 1.5639266 1.5267436 1.6113896 1.2617867 1.3738907 0.9943272 1.7931058 1.9165541 2.7177111 2.4372626 2.7116797 1.7563167 2.7590439 2.0927233 2.5854804 3.4810788 2.3922250 2.4710907 1.3859497 1.9197892 2.0006155 1.9650353 1.9353965 3.1131887 3.1131887 2.3739033 2.1612045 3.3634183 
