127
Lcom_lcpid198741                                      0.0000000 0.0000010 0.0000010 1.9389164 2.3071333 2.0707698 2.1243018 1.7185700 2.0492075 1.9514013 1.8944535 2.0367952 1.8496500 1.6729467 0.0000010 2.2751808 0.0000010 2.3843926 2.3182092 2.3182092 2.3182092 2.3773254 2.3563199 2.2692036 1.6042089 1.9691929 1.9618074 1.2663275 1.7355273 1.9169340 0.0000010 0.0000010 0.0000010 0.0000010 1.7746747 2.3914669 1.8385238 0.0000010 0.0000010 2.4117084 1.9664826 1.9629613 2.0387708 2.5130479 2.4669049 2.4669049 2.2273381 2.2273381 0.0000010 1.2498854 1.5055714 1.5441429 1.8153518 1.7072738 1.5841197 1.6354437 0.8984468 1.4639727 1.4393175 1.2976315 1.0147924 1.9977760 1.8013301 1.8013301 1.7827513 1.7827513 1.8240337 1.8359491 1.8302660 0.0000010 2.0708556 4.9562727 2.0838816 0.0000010 2.0153823 2.5353904 2.2132139 1.6984175 0.0000010 1.4658836 2.0445250 2.0808420 2.0454347 2.4978839 2.4978839 2.4978839 2.4479976 8.3153899 2.8239038 2.8239038 0.0000010 2.7904501 2.9829461 2.9598678 0.0000010 3.0446276 3.0446276 2.8640031 0.0000010 2.8329146 2.8329146 3.0208476 2.9375456 2.9375456 2.6107119 2.6107119 2.6107119 2.6107119 2.6137012 2.6137012 2.6137012 2.6137012 2.8157830 2.8157830 3.4529313 3.4529313 1.9893847 8.9999985 2.4149731 2.1746334 0.8308606 2.1472683 2.5304589 3.3239465 2.7575848 8.7967078 0.0000010 
Lcom_lcpid247699                                      0.0000010 0.0000000 0.0000010 0.6738494 0.6977184 0.6547754 0.5839085 0.6915167 0.6174807 0.6023958 0.6624296 0.6789568 0.7298407 0.7491792 0.6669190 0.5564372 0.0000010 0.7525678 0.8112923 0.8112923 0.8112923 0.7052474 0.7767441 0.6477882 0.6557137 0.6427112 0.6181707 0.9543359 0.6887335 0.7582516 0.9916176 0.9371361 0.9371361 0.9371361 0.9325769 1.1793304 0.9781500 0.0000010 0.8190003 0.7241133 0.7923152 0.0000010 0.9098086 0.8573714 0.8888445 0.8798614 0.9309535 0.9309535 0.0000010 1.1574564 1.1183681 1.2008495 1.1762464 1.1762691 1.2600253 1.3091789 1.1949690 1.8530289 1.7947146 1.3278376 1.4199432 1.0071768 0.7417113 0.7529460 0.7323973 0.7118332 0.7446905 0.7608658 0.7608658 0.8435300 0.9236431 0.9841655 0.9841655 0.6512631 0.7456150 0.5944453 1.4763811 1.5255345 1.4166650 1.1161031 1.3348719 0.8883074 0.8883074 0.9104620 0.9104620 0.9104620 0.9104620 0.9254096 0.0000010 0.9254096 1.1184949 0.9591501 0.8277814 0.0000010 9.0000000 1.4910813 1.0564428 0.9661765 0.9366158 9.0000000 9.0000000 0.0000010 0.0000010 0.0000010 0.0000010 0.0000010 0.0000010 0.0000010 0.8800807 0.8800807 0.0000010 0.0000010 0.0000010 0.0000010 0.0000010 0.0000010 1.5033561 0.9875004 0.0000010 1.3472789 0.0000010 2.1893732 0.0000010 3.1858872 0.0000010 5.3358124 0.3497053 
Lcom_lcpid159985                                      0.0000010 0.0000010 0.0000000 0.1186417 0.1105120 0.1107323 0.1484147 0.1710837 0.1505207 0.1349418 0.1326522 0.1546968 0.1563859 0.1426013 0.0000010 0.1172508 0.1683841 0.2459022 0.2568715 0.2568715 0.2568715 0.2601400 0.2664508 0.2055810 0.1804885 0.2709282 0.1497479 0.3144180 0.1915764 0.2148878 0.0000010 0.0000010 0.0000010 0.0000010 0.2681735 0.3003445 0.2120972 0.4167220 0.0000010 0.2678186 0.2010159 0.0000010 0.2194206 0.1915675 0.2869982 0.2725407 0.2364967 0.2364967 0.5161520 0.2790778 0.3861779 0.4681592 0.4471883 0.5033249 0.3719407 0.4075643 0.3426636 0.3950867 0.3736463 0.3730308 0.3524771 0.4509561 0.2861856 0.2861856 0.2861856 0.2861856 0.2861856 0.2888754 0.2888754 0.3511276 0.3156426 0.3557934 0.3053765 0.0000010 0.2020574 0.2716402 0.4331715 0.5119044 0.0000010 0.3900750 0.4447526 1.6762722 1.6762722 0.4500663 0.4500663 0.4558321 0.4500663 0.4944066 0.0000010 0.4944066 0.0000010 0.4701613 0.4753257 0.0000010 0.0000010 0.0000010 8.9999982 0.4958707 0.0000010 0.0000010 0.0000010 0.0000010 0.0000010 0.0000010 0.0000010 0.0000010 0.0000010 0.0000010 0.3108799 0.3108799 0.0000010 0.0000010 0.0000010 0.0000010 0.0000010 0.0000010 0.4930749 0.0000010 0.0000010 0.0000010 0.0000010 0.2892763 0.0000010 0.9082699 0.0000010 0.1519844 2.4593192 
Acagra_model.g30264.t1                                1.9389164 0.6738494 0.1186417 0.0000000 0.2943669 0.2472914 0.3817889 0.3349492 0.5185100 0.5151135 0.5382769 0.5249387 0.5281857 0.5364549 0.2848163 0.3936896 0.4019005 0.5443937 0.5213901 0.5280043 0.5290431 0.5417585 0.5627604 0.5614134 0.3969144 0.5748386 0.4887973 0.5109181 0.5037836 0.5235897 0.6869873 0.6244158 0.6244158 0.6048669 0.6729416 0.7635944 0.5899582 0.5637227 0.4681080 0.5214259 0.4975518 1.2031841 0.5063569 0.4140343 0.5416799 0.7119266 0.5328315 0.5463074 0.4459753 0.7143213 0.7863617 0.9567667 0.9677611 0.9520852 0.9335121 0.8556988 0.9313299 1.0414370 1.0238480 0.9224744 0.9546166 0.8811442 0.6419181 0.6328109 0.6206413 0.6233875 0.6455415 0.6381951 0.5894639 0.4556638 0.6275715 0.4824575 0.5500304 0.1895132 0.4764147 0.5306143 1.0228480 1.0891409 0.8435537 0.8211491 1.0303638 0.6403670 0.6442887 0.8268164 0.8048820 0.8683618 0.7577015 0.5153836 1.6592381 0.8588338 0.6760797 0.8208084 0.8059939 2.7955941 0.6297681 0.8586420 0.8770668 0.8011115 0.6868417 1.4939439 1.2758253 1.7004282 1.7696635 1.7696635 2.1956203 1.9843087 2.1956203 1.9843087 0.9743129 0.9206413 1.5170601 1.6548855 2.5697737 2.5697737 2.6223060 2.6223060 0.8719697 1.0102267 3.0968143 1.3661564 1.2397856 1.1430487 1.1989651 1.7538308 1.5655997 1.2327921 1.6164423 
Ctel_gnl_WGS_AMQN_CAPTEDRAFT_mRNA148159               2.3071333 0.6977184 0.1105120 0.2943669 0.0000000 0.3268976 0.4435394 0.4012411 0.5234099 0.5284454 0.5650909 0.5685145 0.5476186 0.5532633 0.3475775 0.4367232 0.4164540 0.6023787 0.5973413 0.6009137 0.5819496 0.6190707 0.6143956 0.5598624 0.4354703 0.6181880 0.5142449 0.5088359 0.5437778 0.5520661 0.7439856 0.6667263 0.6667263 0.6587204 0.7085136 0.8346175 0.6062409 0.5519439 0.5613323 0.5573794 0.5410132 1.2606751 0.5848607 0.4501742 0.5898206 0.7681126 0.6019349 0.6086324 0.5090554 0.7897727 0.8424879 1.0689768 1.0250328 0.9905460 0.9927117 0.9573942 1.0284617 1.0637358 1.0374877 0.9219731 1.0025448 0.9540291 0.6747293 0.6578429 0.6589732 0.6564313 0.6496186 0.6709919 0.6176138 0.4845414 0.6937183 0.5387182 0.6083264 0.2997713 0.4590901 0.6031208 1.0308212 1.1439696 0.8797463 0.9167837 1.0771562 0.6598021 0.6658964 0.8979616 0.8720245 0.9451000 0.8163733 0.5547630 1.7717599 0.9398591 0.8025808 0.9017036 0.8977878 3.0770250 0.6632937 0.9080499 0.9546105 0.8923751 0.7507649 1.6278283 1.4312243 2.0418463 1.8322242 1.8322242 2.5058628 2.2213280 2.5058628 2.2213280 1.0483943 0.9808293 1.6644341 1.8435931 2.9404773 2.9404773 3.1886095 3.1886095 0.8858135 1.0109692 2.6542445 1.3581471 1.1977526 1.1816000 1.1832352 1.8345626 1.3620586 1.3000855 1.4870748 
Cgig_XM_034480492.1                                   2.0707698 0.6547754 0.1107323 0.2472914 0.3268976 0.0000000 0.3844743 0.3687598 0.4654476 0.4556556 0.5015101 0.4932639 0.4808284 0.4942456 0.3347809 0.3954999 0.3923518 0.5538734 0.5319161 0.5389530 0.5396051 0.5611072 0.5659690 0.5463068 0.3978653 0.5618560 0.4634081 0.5361704 0.4883772 0.5113061 0.6913648 0.5997393 0.5997393 0.5806843 0.6695751 0.7921333 0.5510052 0.5492573 0.4311168 0.5215345 0.4766844 1.0860606 0.5256831 0.4393280 0.5449541 0.6958432 0.5271496 0.5401181 0.4243762 0.7045152 0.8197197 0.9218630 0.9119505 0.9433756 0.9147826 0.8932327 0.9261651 1.0536050 1.0267183 0.8511988 0.8790089 0.8686188 0.6430154 0.6390288 0.6375236 0.6402816 0.6417267 0.6378248 0.5836825 0.4502326 0.6305360 0.5175297 0.5672344 0.3090274 0.4648741 0.5732119 0.9963816 1.0343524 0.8140908 0.8456409 1.0063372 0.6879241 0.6965974 0.8189160 0.8066891 0.8488683 0.7560402 0.5188480 1.7131334 0.8607247 0.6675245 0.8125290 0.7914840 2.7034341 0.5854784 0.7736416 0.7935772 0.8172954 0.6617875 1.3845829 1.2416223 1.8084082 1.7790136 1.7790136 2.0518031 1.8468967 2.0518031 1.8468967 0.9433107 0.8952102 1.4362606 1.5654582 2.4967799 2.4967799 2.6816020 2.6816020 0.8572506 0.9265049 2.5203483 1.2776907 1.0890631 1.1408941 1.1348003 1.7018678 1.3762831 1.2532375 1.5975811 
Spur_XM_030986781.1                                   2.1243018 0.5839085 0.1484147 0.3817889 0.4435394 0.3844743 0.0000000 0.3550582 0.4887861 0.4719014 0.4956570 0.4860942 0.4921975 0.4888894 0.2551836 0.4006646 0.4266789 0.5426572 0.5234582 0.5294821 0.5380684 0.5431689 0.5723411 0.5203730 0.3776362 0.5883456 0.4770456 0.5456405 0.5176634 0.5302286 0.7485862 0.5796520 0.5796520 0.5607140 0.6327628 0.7524579 0.5352133 0.4599397 0.3666185 0.5268633 0.4952276 1.3376917 0.5250735 0.4491273 0.5241506 0.6954079 0.5256865 0.5385500 0.4087788 0.6846248 0.7987521 0.8843227 0.8877892 0.8690423 0.8608740 0.8168254 0.8602281 0.9859678 0.9691741 0.8794972 0.8895619 0.8811778 0.6280124 0.6189452 0.6100909 0.6127829 0.6177487 0.6496486 0.6053370 0.4514077 0.6485899 0.4770760 0.5630165 0.3228908 0.4833565 0.5973050 0.9600423 1.0386559 0.8379469 0.8211784 1.0055485 0.6458841 0.6569823 0.7815525 0.7637107 0.8151813 0.7156739 0.5581219 1.6335448 0.8909498 0.6681849 0.8314876 0.7680987 2.2600882 0.5737495 0.8109052 0.8445631 0.8100969 0.6531604 1.4151833 1.2640379 1.7535637 1.6919318 1.6919318 2.0004630 1.8268639 2.0004630 1.8268639 0.9449055 0.8978138 1.4066600 1.5208758 2.0262367 2.0262367 1.9747175 1.9747175 0.8866779 0.8835761 2.2325872 1.2644902 1.4125081 1.1547160 1.0251003 1.6264718 1.3628919 1.2006813 1.4156428 
Hsap_ENST00000333188                                  1.7185700 0.6915167 0.1710837 0.3349492 0.4012411 0.3687598 0.3550582 0.0000000 0.4346583 0.4303034 0.4579236 0.4283275 0.4349228 0.4291285 0.2470079 0.3307555 0.3319453 0.4604957 0.4549740 0.4595474 0.4579787 0.4539697 0.4990676 0.4722934 0.2950262 0.5045836 0.4325625 0.4330672 0.4771661 0.5000948 0.7718786 0.6576575 0.6576575 0.6408566 0.6493470 0.7728436 0.5417532 0.4722651 0.4465491 0.4955847 0.4586175 1.0291252 0.4492553 0.4446411 0.5197961 0.6569685 0.4558844 0.4647606 0.4268843 0.6353448 0.7730439 0.8365876 0.8518898 0.9146173 0.8488516 0.8157460 0.8863531 0.9599037 0.9452374 0.8256118 0.8583022 0.8146213 0.5808652 0.5772500 0.5597631 0.5623685 0.5926272 0.5945444 0.5673643 0.4650939 0.5467306 0.4743880 0.4884639 0.3305800 0.4445430 0.4947644 0.9056721 0.9735274 0.8502583 0.7679875 0.9588739 0.6213571 0.6325600 0.7950065 0.7950065 0.8716972 0.7419885 0.5443765 1.7015237 0.9050162 0.7350706 0.7619982 0.7569621 2.0322667 0.6811496 0.9732586 0.9606799 0.7513925 0.7433032 1.2978260 1.2361013 1.7011165 1.7609273 1.7609273 1.8610024 1.8610024 1.8610024 1.8610024 0.8823339 0.8823339 1.4621996 1.4621996 2.0826088 2.0826088 2.0567492 2.0567492 0.8514335 1.0397014 2.3106985 1.3459102 1.1537521 1.0586014 1.0369531 1.6993546 1.6851836 1.2698968 1.5459252 
Spis_XP_022809620_1                                   2.0492075 0.6174807 0.1505207 0.5185100 0.5234099 0.4654476 0.4887861 0.4346583 0.0000000 0.0245428 0.1001116 0.0800562 0.1013239 0.1225173 0.3563239 0.5128233 0.2702565 0.4832736 0.4876348 0.4938487 0.4748302 0.4656264 0.4905544 0.4890306 0.4784189 0.4819411 0.2487740 0.2620989 0.3483236 0.3770729 0.8227637 0.6797884 0.6797884 0.6625420 0.6568482 0.7450494 0.5430020 0.4368684 0.5344621 0.5128724 0.5241144 1.2300949 0.5421875 0.5674859 0.5831475 0.7796968 0.5430957 0.5567018 0.4344988 0.6817141 0.8179390 0.9564190 0.9732395 0.9349214 0.8526911 0.8448668 0.8619153 0.9685908 0.9341380 0.8945689 0.9386412 0.9077037 0.6335058 0.6273033 0.6384205 0.6412219 0.6183705 0.6454342 0.5759477 0.4777906 0.6728084 0.5318759 0.5555055 0.3594823 0.1248855 0.6451981 0.9636979 1.1082329 0.9527896 0.9238832 1.0418796 0.5813150 0.6070889 0.8739013 0.8458840 0.8641033 0.7638969 0.5657010 1.9230830 0.9847562 0.8209778 0.9079903 0.8600669 2.7693093 0.7292637 0.9524722 0.9476962 0.8761011 0.7940950 1.6318390 1.3619446 1.8419864 1.8294596 1.8294596 2.1547022 2.0668881 2.1547022 2.0668881 1.0410714 1.0075636 1.6566729 1.7255129 2.5299979 2.5299979 2.7695862 2.7695862 0.8872476 0.9267217 2.5633162 1.3580405 1.1395467 1.1310306 1.3938518 1.8487797 1.4196657 1.0348379 1.7059922 
Pocdam_XM_027197696.1                                 1.9514013 0.6023958 0.1349418 0.5151135 0.5284454 0.4556556 0.4719014 0.4303034 0.0245428 0.0000000 0.0874536 0.0702030 0.0930469 0.1161969 0.3536808 0.5140144 0.2727818 0.4744187 0.4798762 0.4842261 0.4643180 0.4629508 0.4743887 0.4711199 0.4682554 0.4751359 0.2465774 0.2530024 0.3483162 0.3711344 0.7946430 0.6656912 0.6656912 0.6486757 0.6486729 0.7359238 0.5355995 0.4255926 0.5178402 0.5102683 0.5194457 1.2254395 0.5357893 0.5759948 0.5830621 0.7900280 0.5353766 0.5466692 0.4143080 0.6633924 0.8125844 0.9366451 0.9411388 0.9210446 0.8445661 0.8256254 0.8567266 0.9501542 0.9241707 0.8844725 0.9350914 0.8960333 0.6373871 0.6311626 0.6378095 0.6406076 0.6097176 0.6434036 0.5737961 0.4699798 0.6586648 0.5339280 0.5457038 0.3594823 0.1160064 0.6377602 0.9613292 1.0980208 0.9527896 0.9102425 1.0312873 0.5738255 0.5995081 0.8703097 0.8444239 0.8554246 0.7573171 0.5636874 1.8571766 0.9747445 0.8154162 0.8917652 0.8519148 2.7032331 0.7371393 0.9399446 0.9370172 0.8681410 0.7913969 1.6421288 1.3698407 1.7677946 1.7877319 1.7877319 2.2075379 2.1161923 2.2075379 2.1161923 1.0535926 1.0197632 1.7101241 1.7808691 2.4073355 2.4073355 2.5833261 2.5833261 0.8890465 0.9217890 2.5535817 1.3465005 1.0976938 1.1293257 1.3606394 1.8165164 1.3536649 1.0170221 1.6498450 
Gasp_gasp1.m3.1275.m1                                 1.8944535 0.6624296 0.1326522 0.5382769 0.5650909 0.5015101 0.4956570 0.4579236 0.1001116 0.0874536 0.0000000 0.0484221 0.0983907 0.1265470 0.3382883 0.5476011 0.1741420 0.4772756 0.4777521 0.4792172 0.4651185 0.4851462 0.4828949 0.5244534 0.5106270 0.5412686 0.2797131 0.2751955 0.3759604 0.4007132 0.8668315 0.8030047 0.8030047 0.7691948 0.6665596 0.7841720 0.5825457 0.4781034 0.6353861 0.5548459 0.5557684 1.2917713 0.5659345 0.6102374 0.6113636 0.8605660 0.5680733 0.5680733 0.4075308 0.6717844 0.8460724 1.0322243 1.0500232 1.0007516 0.8791576 0.8570324 0.9078252 1.0095184 0.9775819 0.9168499 0.9935175 0.9460661 0.6648044 0.6558708 0.6680447 0.6696550 0.6437815 0.6797459 0.5918054 0.4306276 0.7279021 0.5641120 0.5931854 0.3976441 0.1050107 0.6909971 1.0193422 1.1203049 0.9890468 0.9307343 1.0611658 0.6554863 0.6881765 0.9412883 0.9032627 0.9054362 0.7900388 0.5407962 1.8583597 0.9708578 0.7638159 0.9462495 0.8992688 3.1614071 0.6803438 0.9032084 0.9067250 0.8984598 0.7528597 1.7235722 1.3588949 1.7843650 1.8161507 1.8161507 2.4504452 2.2557598 2.4504452 2.2557598 1.1207608 1.0626299 1.7631255 1.8935469 2.7697810 2.7697810 3.0725291 3.0725291 0.9445543 1.2581931 2.3321491 1.3073357 1.1254659 1.1859867 1.3155634 1.9312851 1.4252664 1.0856018 1.7424128 
Fspp_ffun1.m4.27579.m1                                2.0367952 0.6789568 0.1546968 0.5249387 0.5685145 0.4932639 0.4860942 0.4283275 0.0800562 0.0702030 0.0484221 0.0000000 0.0815426 0.1096503 0.3389449 0.5190831 0.2445730 0.4694015 0.4748580 0.4808909 0.4707253 0.4597177 0.4892675 0.4982583 0.4917389 0.5078580 0.2578492 0.2621405 0.3486983 0.3721428 0.8137643 0.6826494 0.6826494 0.6652785 0.6584433 0.7624774 0.5529422 0.4731269 0.5041350 0.5202330 0.5468139 1.2391254 0.5337306 0.5874435 0.5792363 0.7720395 0.5447349 0.5582528 0.4042781 0.6858234 0.8506107 0.9978783 1.0034790 0.9452051 0.8740749 0.8417622 0.8755791 0.9981932 0.9392532 0.9019290 0.9308848 0.8993343 0.6455425 0.6377220 0.6391936 0.6420059 0.6434336 0.6585350 0.5784687 0.4679729 0.6891895 0.5635829 0.5819118 0.3859456 0.1169408 0.6531933 1.0071785 1.1353148 0.9322919 0.9301920 1.0339394 0.6081714 0.6360407 0.9014956 0.8653931 0.8890648 0.7822642 0.5439572 1.9226069 0.9731574 0.7993764 0.9097088 0.8683043 2.8233851 0.7122785 0.9308192 0.9502611 0.8677683 0.7616710 1.7323347 1.4394726 1.7872371 1.8428973 1.8428973 2.2526311 2.0373539 2.2526311 2.0373539 1.0393016 0.9814979 1.6599028 1.8066547 2.4683091 2.4683091 2.6354217 2.6354217 0.8816929 0.9794115 2.4495547 1.3576190 1.1320423 1.1895041 1.3048798 1.7966895 1.3739846 1.0217762 1.7174652 
Gfas_gfas1.m1.13348.m1                                1.8496500 0.7298407 0.1563859 0.5281857 0.5476186 0.4808284 0.4921975 0.4349228 0.1013239 0.0930469 0.0983907 0.0815426 0.0000000 0.0978141 0.3939687 0.5297658 0.2696767 0.4639763 0.4765635 0.4826125 0.4725557 0.4648378 0.4772360 0.4788695 0.4997924 0.4996646 0.2660536 0.2686611 0.3615355 0.3832706 0.7918499 0.6976172 0.6976172 0.6798267 0.6450910 0.7471676 0.5419920 0.4594211 0.5388357 0.5325779 0.5359541 1.2319330 0.5485448 0.5951086 0.5833947 0.7940185 0.5417524 0.5552267 0.4011466 0.6633505 0.8372916 0.9705842 0.9818884 0.9545013 0.8566588 0.8296097 0.8738560 0.9730305 0.9449829 0.8892543 0.9211324 0.9269003 0.6364000 0.6326566 0.6302810 0.6330702 0.6444228 0.6438026 0.5823785 0.4933071 0.6802987 0.5617313 0.5698471 0.3951161 0.0994813 0.6431530 0.9859228 1.1266651 0.9263101 0.9458186 1.0332165 0.5982488 0.6246334 0.8885214 0.8545076 0.8814978 0.7730268 0.5435758 1.7988404 0.9430090 0.7933410 0.8946942 0.8419320 2.6043270 0.6976108 0.9510502 0.9498528 0.8502500 0.7698544 1.6165725 1.3276386 1.7711755 1.8018659 1.8018659 2.2649909 1.9922693 2.2649909 1.9922693 1.0467884 0.9766733 1.6141470 1.7949173 2.3378311 2.3378311 2.4118225 2.4118225 0.8875264 0.9773095 2.5528448 1.3426817 1.1609196 1.1520551 1.2950244 1.8026303 1.3711925 1.0427459 1.7414924 
Amil_Amillepora32283-RA                               1.6729467 0.7491792 0.1426013 0.5364549 0.5532633 0.4942456 0.4888894 0.4291285 0.1225173 0.1161969 0.1265470 0.1096503 0.0978141 0.0000000 0.3992555 0.5181341 0.2729753 0.4739048 0.4813316 0.4847581 0.4809695 0.4944074 0.4993949 0.4680983 0.5075868 0.4937116 0.2679644 0.2533133 0.3530025 0.3713030 0.8708527 0.7458103 0.7458103 0.7268828 0.6521205 0.7661396 0.5820997 0.4541726 0.5686293 0.5283440 0.5361596 1.1769617 0.5387628 0.5913570 0.5647151 0.7595961 0.5606174 0.5747622 0.3938620 0.6645909 0.8307017 0.9602413 0.9456747 0.9479591 0.8328475 0.8312773 0.8479928 0.9552368 0.9287030 0.8689576 0.9184153 0.9523506 0.6319392 0.6257526 0.6304869 0.6333423 0.6296208 0.6439947 0.5807794 0.5059887 0.6984094 0.5830299 0.5749631 0.4126906 0.0328561 0.6113942 1.0011342 1.0947394 0.9751640 0.9065683 0.9998384 0.5904165 0.6099097 0.8656599 0.8289038 0.8409788 0.7489876 0.5446883 1.7474739 0.9184530 0.8081145 0.8720038 0.8247265 2.4870215 0.7026646 0.9613962 0.9392855 0.8231271 0.7562420 1.5144914 1.2348215 1.4853937 1.6120737 1.6120737 2.0355616 1.8394005 2.0355616 1.8394005 0.9980520 0.9448587 1.5231069 1.6557617 2.3034159 2.3034159 2.3912379 2.3912379 0.8624796 0.9548858 2.1696504 1.2589544 1.0668580 1.1342800 1.2549752 1.7664319 1.3358641 1.0090041 1.7297376 
Cscu_XM_023358852.1                                   0.0000010 0.6669190 0.0000010 0.2848163 0.3475775 0.3347809 0.2551836 0.2470079 0.3563239 0.3536808 0.3382883 0.3389449 0.3939687 0.3992555 0.0000000 0.0000010 0.0000010 0.3526070 0.3620417 0.3620417 0.3620417 0.3775750 0.3882404 0.3816639 0.2954450 0.3684683 0.3432369 0.3506327 0.3271097 0.3775659 0.6464011 0.6773923 0.6773923 0.6789782 0.6228545 0.7023142 0.4823415 0.0000010 0.4993908 0.4822041 0.4617369 0.0000010 0.4735980 0.3446946 0.4743257 0.4987695 0.4737838 0.4737838 0.0000010 0.6730359 0.7157033 0.9150820 0.8211151 0.8384526 0.8022103 0.9042539 0.9843993 0.9938057 0.9407781 0.8134615 0.7832506 0.8900228 0.4017687 0.4027676 0.3865898 0.3979540 0.4187355 0.4338835 0.4338835 0.4267078 0.4503716 0.6469016 0.5193472 0.6110334 0.3980277 0.5661490 0.9207350 0.7878868 1.5885782 0.6243386 0.8702287 0.4447470 0.4447470 0.8932871 0.8932871 0.8932871 0.8932871 0.8427591 0.4557866 0.7958465 0.7796180 0.7196293 0.7287711 0.0000010 0.4615040 0.6873717 0.7540369 0.7359261 0.7257731 0.5792431 0.5792431 0.0000010 0.3856826 0.3856826 0.0000010 0.0000010 0.0000010 0.0000010 0.7542585 0.7542585 0.5608836 0.5608836 0.0000010 0.0000010 0.0000010 0.0000010 0.8379535 1.5653079 0.0000010 0.6339932 0.1283771 1.0881373 0.1455212 2.6818900 0.4461462 8.9718904 1.0373547 
Cscu_XM_023368811.1                                   2.2751808 0.5564372 0.1172508 0.3936896 0.4367232 0.3954999 0.4006646 0.3307555 0.5128233 0.5140144 0.5476011 0.5190831 0.5297658 0.5181341 0.0000010 0.0000000 0.4030542 0.5851222 0.5779454 0.5811425 0.5707695 0.5671924 0.5944544 0.5332662 0.4200631 0.6059051 0.5163497 0.4896586 0.5062054 0.5256513 0.7525601 0.6194849 0.6194849 0.5980925 0.6947186 0.8723527 0.6128237 0.5644131 0.4179586 0.5326462 0.4616258 1.1477876 0.5014826 0.4141156 0.5866672 0.7768978 0.5562197 0.5686346 0.4679400 0.6858722 0.7856846 0.9887815 0.9395542 0.9482621 0.9563619 0.8741578 0.9361849 1.0285578 1.0009369 0.9838409 0.9981102 0.8995517 0.6283561 0.6207779 0.6166846 0.6191847 0.6299109 0.6381393 0.5785090 0.4391794 0.6472956 0.4649263 0.5514440 0.4160347 0.4543447 0.5253577 1.0314317 1.0902605 0.9259165 0.8448562 1.0097756 0.6597111 0.6728508 0.8944455 0.8450118 0.8934962 0.7779971 0.5677320 1.9343120 0.9595055 0.7508077 0.8786606 0.8704190 3.1887919 0.5922747 0.8515798 0.9250805 0.8261692 0.7720958 1.5762918 1.2856407 1.9405098 1.8574685 1.8574685 2.5708272 2.2580986 2.5708272 2.2580986 1.0833458 1.0156611 1.6525181 1.8390179 3.3078437 3.3078437 3.8774415 3.8774415 0.9482598 1.0357610 3.7207004 1.4241033 1.2256572 1.1757250 1.1140131 1.8152580 1.5614425 1.2314414 1.5087724 
Aaur_scaffold657.g5.t1                                0.0000010 0.0000010 0.1683841 0.4019005 0.4164540 0.3923518 0.4266789 0.3319453 0.2702565 0.2727818 0.1741420 0.2445730 0.2696767 0.2729753 0.0000010 0.4030542 0.0000000 0.1063049 0.1450232 0.1450232 0.1450232 0.1448117 0.1820151 0.2287730 0.3114014 0.2555839 0.2723863 2.2047728 0.3742611 0.3943031 0.0000010 4.1928840 4.1928840 4.1928840 0.6583679 0.6890778 0.3283294 0.5327984 2.5299367 0.4487914 0.4540887 0.0000010 0.4228913 0.4803382 0.4600562 2.5299367 0.3981609 0.3981609 0.5263685 0.4676494 0.5027201 0.5909480 0.6047695 0.5798901 0.5416874 0.5243999 0.4933299 0.7256062 0.7823478 0.5370784 0.5720173 0.6675728 0.5861216 0.5791546 0.5807964 0.5807964 0.5666537 0.5861952 0.5861952 0.6001556 0.4153499 4.1928840 0.3811588 2.5299367 0.2729753 0.5615002 0.5886182 0.6636605 5.6464392 0.6825418 0.5767743 2.5299367 2.5299367 0.6189490 0.6189490 2.7143911 0.6189490 0.5944982 0.0000010 0.6204905 0.0000010 0.5507248 0.6002750 0.0000010 0.0000010 0.0000010 0.0000010 0.5816736 0.0000010 0.0000010 0.0000010 0.0000010 0.0000010 0.0000010 0.0000010 0.0000010 0.0000010 0.0000010 2.7355826 2.7355826 0.0000010 0.0000010 0.0000010 0.0000010 0.0000010 0.0000010 0.7638900 4.1928840 0.0000010 0.0000010 0.0000010 2.5148764 0.0000010 1.2683658 0.0000010 0.2700161 2.7081691 
Rhoesc_Res_010213-T1                                  2.3843926 0.7525678 0.2459022 0.5443937 0.6023787 0.5538734 0.5426572 0.4604957 0.4832736 0.4744187 0.4772756 0.4694015 0.4639763 0.4739048 0.3526070 0.5851222 0.1063049 0.0000000 0.0770557 0.0804030 0.0959807 0.2070213 0.3232059 0.3010168 0.5007239 0.3487404 0.4400175 0.4714460 0.4644234 0.4760228 0.7847513 0.6313479 0.6313479 0.6133909 0.7291071 0.8009937 0.6060966 0.5413464 0.5351067 0.5861999 0.5805812 1.5207552 0.5795865 0.5956298 0.5784661 0.7463028 0.5738282 0.5729794 0.4492464 0.7551507 0.8764786 0.9457957 0.9682286 1.0064896 0.9405271 0.8753852 0.9606447 1.0578608 1.0273782 0.9517578 1.0092298 0.9909408 0.6975784 0.6955769 0.6858015 0.6837206 0.6678709 0.6991489 0.6487675 0.5466359 0.7284211 0.5305385 0.6164831 0.3732202 0.4353348 0.7221769 0.9959220 1.0916110 0.8493976 0.9497578 1.0892486 0.6382206 0.6628508 0.9596153 0.9205904 0.9491364 0.8402449 0.6118832 1.6699802 0.9552339 0.8555951 0.9457645 0.9056726 2.8452825 0.7324887 1.0287010 0.9699856 0.9145321 0.8602026 1.6885932 1.3869770 1.7610562 1.6390146 1.6390146 2.5000183 2.2393601 2.5000183 2.2393601 1.1191984 1.0570857 1.7489549 1.9145136 2.8421201 2.8421201 3.0438829 3.0438829 0.8942988 0.9131746 2.8035377 1.4273733 1.3395570 1.2508330 1.3596136 1.9122501 1.4051886 1.2894856 1.6304809 
Nemnom_g17307.t1                                      2.3182092 0.8112923 0.2568715 0.5213901 0.5973413 0.5319161 0.5234582 0.4549740 0.4876348 0.4798762 0.4777521 0.4748580 0.4765635 0.4813316 0.3620417 0.5779454 0.1450232 0.0770557 0.0000000 0.0036265 0.0180798 0.2167202 0.3234693 0.3066311 0.4811981 0.3571689 0.4394521 0.4478848 0.4316932 0.4631792 0.7835306 0.6128904 0.6128904 0.5967382 0.7051353 0.7935126 0.5962290 0.5671548 0.5206987 0.5691828 0.5800738 1.3732349 0.5562212 0.5627315 0.5430102 0.6837279 0.5524592 0.5516180 0.4423572 0.7505662 0.8547883 0.9473293 0.9476023 0.9751363 0.9314297 0.8568926 0.9549894 1.0278677 1.0222953 0.9265268 0.9963357 0.9593328 0.6640217 0.6622551 0.6551028 0.6579748 0.6531921 0.6713273 0.6316949 0.5509610 0.7220692 0.5209588 0.6148534 0.3923337 0.4573207 0.7063343 0.9838259 1.0704569 0.8369970 0.9207805 1.0934924 0.6468385 0.6682305 0.9398359 0.8882641 0.9060601 0.8130985 0.6130654 1.6908440 0.9511177 0.8949124 0.9271840 0.9113284 2.7573856 0.7332182 1.0290723 0.9985737 0.8871693 0.8446897 1.6266607 1.3573448 1.6091167 1.5705398 1.5705398 2.2858138 1.9921469 2.2858138 1.9921469 1.0858817 1.0122954 1.6202580 1.8132421 2.7285533 2.7285533 2.8494847 2.8494847 0.9060038 0.9327641 2.5188882 1.3438831 1.2083967 1.1642061 1.2969912 1.8314087 1.4250922 1.3008385 1.6401513 
Nemnom_g4154.t1                                       2.3182092 0.8112923 0.2568715 0.5280043 0.6009137 0.5389530 0.5294821 0.4595474 0.4938487 0.4842261 0.4792172 0.4808909 0.4826125 0.4847581 0.3620417 0.5811425 0.1450232 0.0804030 0.0036265 0.0000000 0.0193540 0.2220540 0.3277140 0.3125416 0.4853424 0.3641452 0.4468461 0.4478848 0.4367698 0.4688233 0.7835306 0.6128904 0.6128904 0.5967382 0.7096729 0.8041832 0.6049030 0.5967298 0.5206987 0.5746341 0.5856475 1.3732349 0.5616194 0.5692742 0.5481391 0.6837279 0.5576339 0.5567885 0.4620237 0.7578279 0.8604771 0.9552114 0.9577283 0.9839534 0.9399081 0.8649764 0.9636663 1.0373470 1.0316457 0.9348901 1.0115514 0.9682775 0.6640217 0.6647144 0.6596635 0.6604224 0.6556993 0.6774782 0.6316949 0.5508493 0.7231818 0.5209588 0.6207034 0.3923337 0.4564349 0.7127028 0.9965199 1.0852688 0.8369970 0.9345048 1.1074177 0.6468385 0.6682305 0.9517075 0.8962405 0.9060601 0.8207460 0.6130654 1.6908440 0.9511177 0.8949124 0.9314667 0.9169905 2.7169788 0.7332182 1.0290723 0.9985737 0.8928148 0.8446897 1.6235589 1.3514588 1.6091167 1.5705398 1.5705398 2.2775305 2.0094320 2.2775305 2.0094320 1.0848699 1.0154465 1.6306662 1.8088563 2.7158375 2.7158375 2.8322505 2.8322505 0.9144560 0.9327641 2.5521680 1.3509248 1.2083967 1.1642061 1.3046134 1.8494091 1.4250922 1.3008385 1.6401513 
Nemnom_g7303.t1                                       2.3182092 0.8112923 0.2568715 0.5290431 0.5819496 0.5396051 0.5380684 0.4579787 0.4748302 0.4643180 0.4651185 0.4707253 0.4725557 0.4809695 0.3620417 0.5707695 0.1450232 0.0959807 0.0180798 0.0193540 0.0000000 0.2411836 0.3322349 0.3267683 0.4877869 0.3819826 0.4347181 0.4478848 0.4382444 0.4743101 0.7835306 0.6204849 0.6204849 0.6027204 0.7166021 0.8074977 0.6037118 0.5967298 0.5206987 0.5710855 0.5734831 1.3480282 0.5432283 0.5785475 0.5418508 0.6764218 0.5482824 0.5482824 0.4620237 0.7578279 0.8628402 0.9434777 0.9416493 0.9881705 0.9295675 0.8756099 0.9495385 1.0196152 1.0112688 0.9355683 0.9788976 0.9766252 0.6561114 0.6555379 0.6594339 0.6602039 0.6606165 0.6686008 0.6266777 0.5508493 0.7216139 0.5209588 0.6012390 0.3923337 0.4439115 0.7034715 0.9884916 1.0695102 0.8369970 0.9241963 1.0979961 0.6468385 0.6697035 0.9338071 0.8816932 0.9060601 0.8207460 0.6130654 1.8356774 0.9310241 0.8949124 0.9267414 0.9081442 2.8405454 0.7332182 1.0290723 0.9985737 0.8855806 0.8446897 1.5987206 1.3573448 1.6091167 1.6396188 1.6396188 2.3411427 2.0221155 2.3411427 2.0221155 1.0761048 1.0014413 1.6208166 1.8237955 2.7788397 2.7788397 2.9342690 2.9342690 0.9389299 0.9327641 2.9506805 1.3364817 1.2083967 1.1447725 1.3162299 1.8331942 1.4401009 1.2457708 1.6401513 
Sanmal_Sma_020535-T1                                  2.3773254 0.7052474 0.2601400 0.5417585 0.6190707 0.5611072 0.5431689 0.4539697 0.4656264 0.4629508 0.4851462 0.4597177 0.4648378 0.4944074 0.3775750 0.5671924 0.1448117 0.2070213 0.2167202 0.2220540 0.2411836 0.0000000 0.3446059 0.3205496 0.5317121 0.3681938 0.4234114 0.4355965 0.4640145 0.4705122 0.7206485 0.6216802 0.6216802 0.6058208 0.7002036 0.7806561 0.5933782 0.5744969 0.5028050 0.5903118 0.5667656 1.4768721 0.5690235 0.5959906 0.5884530 0.7649324 0.5829380 0.5865876 0.4415800 0.7641582 0.8761159 0.9260207 0.9378337 0.9604674 0.9203996 0.8632888 0.9482288 1.0396346 1.0316073 0.9299874 0.9810912 0.9558427 0.6960535 0.6890354 0.6774562 0.6758308 0.6596091 0.7020464 0.6425249 0.5528932 0.6596900 0.5228648 0.5853823 0.3863243 0.4648691 0.7046700 1.0328248 1.0960506 0.8749553 0.9555601 1.1207394 0.6268978 0.6506845 0.9197485 0.8890007 0.9114888 0.8041347 0.5976086 1.7502364 0.9778869 0.8508683 0.9491485 0.8875705 2.8112942 0.7381304 1.0271377 0.9929895 0.9372924 0.8199844 1.5821581 1.3366854 1.6429370 1.5639904 1.5639904 2.3014676 2.1507318 2.3014676 2.1507318 1.0980389 1.0553047 1.6936466 1.7964453 2.8620416 2.8620416 3.0243684 3.0243684 0.8875869 0.9437150 2.6447236 1.3067781 1.2484149 1.2339465 1.3323176 1.8842429 1.4304035 1.2500168 1.7946910 
Hvul_g23699_1                                         2.3563199 0.7767441 0.2664508 0.5627604 0.6143956 0.5659690 0.5723411 0.4990676 0.4905544 0.4743887 0.4828949 0.4892675 0.4772360 0.4993949 0.3882404 0.5944544 0.1820151 0.3232059 0.3234693 0.3277140 0.3322349 0.3446059 0.0000000 0.3286333 0.5168328 0.2899444 0.4694835 0.4683999 0.4955333 0.5258537 0.8112690 0.6357985 0.6357985 0.6120734 0.7609444 0.8478228 0.5848931 0.6524199 0.5277068 0.5656702 0.5966455 1.5635642 0.6285554 0.6192477 0.5878842 0.7413684 0.5998536 0.6027164 0.4309031 0.7946394 0.8933789 0.9890718 0.9914128 0.9979323 0.9727817 0.8694364 0.9667212 1.0937040 1.0679311 0.9492684 0.9962502 1.0100433 0.7005357 0.7007518 0.6951499 0.6982159 0.6862685 0.7128078 0.6459737 0.5569186 0.6970924 0.5499768 0.6261674 0.4693100 0.4644970 0.7401043 1.0519613 1.1032699 0.9118237 0.9354642 1.1174900 0.6980764 0.7184362 0.9398743 0.9003611 0.9399298 0.8330903 0.6235726 1.7549248 0.9480710 0.9690710 0.9154765 0.9000896 2.6224479 0.7573724 1.0374315 1.0558295 0.9015758 0.8473753 1.5399623 1.3062056 1.5796004 1.6569863 1.6569863 2.0661261 1.8560698 2.0661261 1.8560698 1.0321608 0.9759379 1.5710201 1.7141213 2.6893806 2.6893806 2.9162460 2.9162460 0.9139492 0.9481983 2.7485428 1.3875499 1.2731718 1.2540565 1.5174951 1.8828936 1.6708961 1.2808423 1.6546331 
Morvir_scaffold108.g27.t2                             2.2692036 0.6477882 0.2055810 0.5614134 0.5598624 0.5463068 0.5203730 0.4722934 0.4890306 0.4711199 0.5244534 0.4982583 0.4788695 0.4680983 0.3816639 0.5332662 0.2287730 0.3010168 0.3066311 0.3125416 0.3267683 0.3205496 0.3286333 0.0000000 0.5311788 0.3551454 0.4520514 0.4164688 0.4833004 0.5077316 0.7534239 0.5889500 0.5889500 0.5734224 0.6551332 0.7655687 0.5447474 0.5491447 0.4735040 0.5991594 0.5701386 1.6109057 0.5686487 0.6061785 0.5732205 0.7548098 0.6122567 0.6122567 0.4182116 0.7664511 0.8865846 0.9156655 0.9522103 0.9262261 0.9033841 0.8412759 0.9085336 1.0308430 1.0327382 0.9654114 1.0657650 0.9712690 0.6796597 0.6801408 0.6860375 0.6839590 0.6748725 0.6964286 0.6394769 0.5258866 0.7285347 0.5365284 0.6136827 0.3612002 0.4112581 0.7028381 0.9977387 1.0919196 0.7997965 0.9575988 1.0887591 0.6511775 0.6757518 0.9340153 0.9002492 0.9454460 0.8230003 0.5773759 1.8454936 0.9625242 0.8971143 0.9338444 0.8975413 2.7587573 0.7664632 1.0520438 1.0076801 0.8835357 0.7501900 1.6425555 1.3935502 1.7764405 1.9120159 1.9120159 2.2061132 1.9901532 2.2061132 1.9901532 1.0720484 1.0107319 1.6887403 1.8406031 2.5635983 2.5635983 2.6272042 2.6272042 0.9100934 0.9504798 2.5373718 1.3008527 1.3438378 1.2224747 1.4917198 1.8610407 1.4728993 1.2743179 1.5613341 
Bralan_BLAG11101275_1                                 1.6042089 0.6557137 0.1804885 0.3969144 0.4354703 0.3978653 0.3776362 0.2950262 0.4784189 0.4682554 0.5106270 0.4917389 0.4997924 0.5075868 0.2954450 0.4200631 0.3114014 0.5007239 0.4811981 0.4853424 0.4877869 0.5317121 0.5168328 0.5311788 0.0000000 0.5549580 0.4633625 0.4760623 0.5148146 0.5327075 0.7094795 0.5726731 0.5726731 0.5487690 0.6365316 0.7568671 0.5516174 0.6142862 0.4297194 0.4884337 0.4936666 1.2059467 0.4764108 0.4335090 0.5448954 0.6598010 0.5260760 0.5394783 0.4964174 0.7087200 0.8116227 0.9174396 0.9127851 0.9181130 0.9195642 0.8030929 0.8600510 1.0105852 0.9968067 0.9059541 0.9644626 0.8794338 0.6190575 0.6116267 0.6103927 0.6131113 0.6405145 0.6492231 0.6059414 0.4798855 0.6516619 0.4519039 0.5537532 0.3606252 0.4786646 0.5223915 0.9582883 1.0349546 0.8537311 0.8706879 1.0264010 0.6060571 0.6137866 0.8525745 0.8235183 0.8751874 0.7716862 0.5875349 1.9196718 0.9609335 0.7398923 0.8231551 0.8414908 2.3535756 0.6253341 0.9328700 0.9254762 0.8311454 0.7510414 1.4626917 1.3653971 1.8497386 1.8971544 1.8971544 2.1658290 2.0609596 2.1658290 2.0609596 0.9896422 0.9544106 1.5789692 1.6564891 2.2478155 2.2478155 2.4144602 2.4144602 0.8654441 0.9716658 2.4260314 1.2754536 1.0505674 1.1231987 1.0897758 1.7494981 1.4260322 1.3098965 1.3404150 
Chem_TCONS_00059500                                   1.9691929 0.6427112 0.2709282 0.5748386 0.6181880 0.5618560 0.5883456 0.5045836 0.4819411 0.4751359 0.5412686 0.5078580 0.4996646 0.4937116 0.3684683 0.6059051 0.2555839 0.3487404 0.3571689 0.3641452 0.3819826 0.3681938 0.2899444 0.3551454 0.5549580 0.0000000 0.4516455 0.4199994 0.4856425 0.4830822 0.7971842 0.6267493 0.6267493 0.6104414 0.7056879 0.8048944 0.5974614 0.6310950 0.5357741 0.5437084 0.5764827 1.4249308 0.5750329 0.6516002 0.5764449 0.7404216 0.5832046 0.5872433 0.4827250 0.7780561 0.8314126 0.9614405 0.9513397 0.9644264 0.8964447 0.8825946 0.8924881 1.0551472 1.0233392 0.9658646 0.9795535 0.9396429 0.6857201 0.6747812 0.6934484 0.6913695 0.6735439 0.6921725 0.6593685 0.5564937 0.6759660 0.5047581 0.5883152 0.4406063 0.4628574 0.7300922 1.0147135 1.0773325 0.8551215 0.9184043 1.0697211 0.6538386 0.6763373 0.9278196 0.8992942 0.8992856 0.8141241 0.6400578 1.6715147 0.9717355 0.9590039 0.9484269 0.8932984 2.7471943 0.7493870 1.0004414 1.0237522 0.9304194 0.8483195 1.5607945 1.3649471 1.7251253 1.7154616 1.7154616 2.0766822 1.9910792 2.0766822 1.9910792 1.0434562 1.0108954 1.6558970 1.7226886 2.6982110 2.6982110 2.7031170 2.7031170 0.9556972 0.9207593 2.3149358 1.2200192 1.0934774 1.1608688 1.5437584 1.7802045 1.3945938 1.3382684 2.0399950 
Nvec_v1g239070                                        1.9618074 0.6181707 0.1497479 0.4887973 0.5142449 0.4634081 0.4770456 0.4325625 0.2487740 0.2465774 0.2797131 0.2578492 0.2660536 0.2679644 0.3432369 0.5163497 0.2723863 0.4400175 0.4394521 0.4468461 0.4347181 0.4234114 0.4694835 0.4520514 0.4633625 0.4516455 0.0000000 0.0383212 0.3334568 0.3622526 0.8003019 0.6205124 0.6205124 0.6043275 0.6423032 0.7325274 0.5353811 0.4610151 0.4891747 0.5051932 0.4920692 1.2177082 0.4998110 0.5686380 0.5809520 0.7760891 0.5066993 0.5197812 0.4117924 0.6539494 0.8564697 0.9454762 0.9444760 0.9179843 0.8576862 0.8088071 0.8370597 0.9609456 0.9091218 0.8665992 0.9626773 0.8832228 0.6446379 0.6329627 0.6402557 0.6382074 0.6392742 0.6551191 0.5968879 0.4608410 0.6579202 0.4746889 0.5566133 0.4091636 0.2457117 0.6403393 1.0081414 1.0968009 0.8681584 0.9083911 1.0969425 0.5763714 0.6039803 0.8584504 0.8339136 0.8573382 0.7582101 0.5616886 1.9235062 0.9857805 0.8375983 0.8906332 0.8456202 2.4798821 0.7207109 0.9667811 0.9577867 0.8717222 0.7248556 1.6432292 1.4052074 1.9113340 1.8690995 1.8690995 2.2657051 2.0182231 2.2657051 2.0182231 1.0579005 0.9944223 1.6467820 1.8110604 2.3295756 2.3295756 2.6219554 2.6219554 0.8911939 0.9566144 2.4569499 1.3147416 1.1544865 1.1508065 1.3917985 1.7935399 1.6244290 1.0538333 1.7262419 
Nvec_NVE5646                                          1.2663275 0.9543359 0.3144180 0.5109181 0.5088359 0.5361704 0.5456405 0.4330672 0.2620989 0.2530024 0.2751955 0.2621405 0.2686611 0.2533133 0.3506327 0.4896586 2.2047728 0.4714460 0.4478848 0.4478848 0.4478848 0.4355965 0.4683999 0.4164688 0.4760623 0.4199994 0.0383212 0.0000000 0.3513201 0.3822325 0.8491706 0.7085788 0.7085788 0.6740356 0.8043063 0.9135472 0.6991047 1.5883447 0.4998843 0.6182661 0.6439307 0.8604673 0.6418425 0.6533820 0.6481951 0.6492948 0.5875925 0.5875925 1.0817140 0.9079266 1.0749725 1.1205157 1.1000956 1.1684632 1.0577743 1.1889687 1.1399455 1.2284373 1.2015312 1.0520452 1.1195493 1.1666394 0.7455251 0.7361501 0.7595649 0.7537793 0.7614313 0.7487521 0.7487521 0.5105332 0.7106888 0.5910930 0.7036173 0.4446164 0.2696024 0.8179638 1.1693953 1.0548912 0.9561267 1.0428417 1.2567414 0.5371094 0.5371094 0.8872546 0.8872546 0.8802503 0.8872546 0.7309286 1.1041191 0.8994169 0.9292505 0.8953441 0.8962926 1.2987832 0.8175833 1.0592480 1.0132124 0.8831468 0.8416756 0.9346191 0.9346191 1.1896989 1.1939436 1.1939436 0.9675524 0.9675524 0.9675524 0.9675524 0.8120571 0.8120571 0.9275370 0.9275370 1.2265922 1.2265922 1.0382558 1.0382558 1.1106898 1.0729601 1.5366380 0.9876284 1.1544865 1.2144658 0.8932666 1.9684819 1.4151799 2.9571043 1.2214866 
Dgig_XM_028538323.1                                   1.7355273 0.6887335 0.1915764 0.5037836 0.5437778 0.4883772 0.5176634 0.4771661 0.3483236 0.3483162 0.3759604 0.3486983 0.3615355 0.3530025 0.3271097 0.5062054 0.3742611 0.4644234 0.4316932 0.4367698 0.4382444 0.4640145 0.4955333 0.4833004 0.5148146 0.4856425 0.3334568 0.3513201 0.0000000 0.1140469 0.7604261 0.6861051 0.6861051 0.6700761 0.6516780 0.7894128 0.5982329 0.4900462 0.5345809 0.5381214 0.5217694 1.1836965 0.5398506 0.6135185 0.6288867 0.8411675 0.6309224 0.6460235 0.4261838 0.7534969 0.8648405 0.9005794 0.8968317 0.9464705 0.8727386 0.7989821 0.8930667 0.9610638 0.9679064 0.8306720 0.9315194 0.9061180 0.6373747 0.6325116 0.6171584 0.6198850 0.6467798 0.6538795 0.5944044 0.5341795 0.6491365 0.5188759 0.5765890 0.5315201 0.3517508 0.6856449 0.9834492 1.0569907 0.8963345 0.8790487 1.0610439 0.6704647 0.6989546 0.7763571 0.7753129 0.8366592 0.7288321 0.5721280 1.5626070 0.9078354 0.7779912 0.8445706 0.8265005 2.1620579 0.6749200 0.8764719 0.9165707 0.8100268 0.7567425 1.3888978 1.2123630 1.6412015 1.5462804 1.5462804 1.6738037 1.6738037 1.6738037 1.6738037 0.9784708 0.9784708 1.4683946 1.4683946 2.0074275 2.0074275 2.0922357 2.0922357 0.8970149 1.0608684 2.1592013 1.2948480 1.0703563 1.2116441 1.4895835 1.8274266 1.3484743 1.1557557 1.5901385 
Xesp_012613-T1                                        1.9169340 0.7582516 0.2148878 0.5235897 0.5520661 0.5113061 0.5302286 0.5000948 0.3770729 0.3711344 0.4007132 0.3721428 0.3832706 0.3713030 0.3775659 0.5256513 0.3943031 0.4760228 0.4631792 0.4688233 0.4743101 0.4705122 0.5258537 0.5077316 0.5327075 0.4830822 0.3622526 0.3822325 0.1140469 0.0000000 0.8115822 0.7127018 0.7127018 0.6962363 0.6784205 0.8220629 0.6160438 0.4872580 0.5454356 0.5486976 0.5219478 1.1849611 0.5509467 0.6227452 0.6337534 0.8539481 0.6149808 0.6298927 0.4470674 0.7774452 0.9014890 0.8895071 0.9099815 0.9469643 0.8970561 0.8230008 0.9051018 1.0107291 1.0070647 0.8286162 0.9397398 0.9347239 0.6353506 0.6335542 0.6247931 0.6227270 0.6464841 0.6451564 0.6055163 0.5543053 0.6681119 0.5576923 0.6020243 0.5727463 0.3796791 0.6988054 1.0269090 1.0877898 0.8688604 0.9039407 1.0628390 0.6713012 0.7033851 0.8411143 0.8375342 0.9076261 0.7951382 0.5995869 1.6573195 0.9397913 0.7979256 0.8591199 0.8473147 2.2268190 0.6810967 0.8590559 0.9270442 0.8278633 0.7532900 1.4120968 1.2651459 1.6054408 1.5730466 1.5730466 1.7531042 1.7531042 1.7531042 1.7531042 0.9996209 0.9996209 1.5058076 1.5058076 2.1961006 2.1961006 2.3417019 2.3417019 0.9229205 1.0356679 2.4709146 1.2810236 1.1537402 1.2008372 1.4744649 1.9015547 1.3156891 1.1795350 1.5221029 
