95
Lcom_lcpid106884                                   0.0000000 1.2064558 2.5781511 3.2325946 7.1747649 2.5084351 2.6931756 2.7966465 0.9148193 3.3090044 3.8355789 2.8078155 2.6184536 2.6349288 2.7444839 2.4994039 2.2081717 2.5611630 2.4689893 2.4870031 2.6438809 2.0650366 2.3683773 2.4009667 2.3344803 2.1265984 2.1762674 2.1498442 2.1498442 2.8058549 2.8168799 2.8445737 2.8445737 7.1275395 3.6113537 3.6113537 3.1396039 2.6316749 2.7101944 2.7210969 2.4689775 2.3672888 2.6381761 3.4365177 2.1695478 3.1250466 3.1398454 3.7123507 2.8461286 2.2732312 2.8441066 2.8259822 2.5345906 3.0690504 3.1424781 3.3086763 2.7626549 2.7172285 3.2607602 2.3397038 3.2197241 3.1177221 3.1140173 3.6758555 3.3613803 2.8016341 2.4240756 2.6968541 2.6031846 2.7668236 3.2005225 3.6022376 3.3384435 3.8153859 4.3569283 4.5604116 3.7907662 4.5253646 4.5253646 3.2165265 3.6164313 3.1032659 3.3756468 6.5375702 6.9597600 2.9307219 5.1607309 5.1607309 4.4487787 5.5208587 5.5208587 7.6880663 8.9999990 4.3345885 8.7091294 
Leuniv_Lniv_C812710_01                             1.2064558 0.0000000 2.6218141 1.7059108 1.7007656 2.9568427 2.6433528 2.6573812 1.3685675 2.9670220 3.4163642 2.4785277 2.7499423 2.6817470 2.6907116 2.9571092 2.2723497 2.6185868 2.3246620 2.3349312 2.3912590 2.2406938 2.6189970 2.6183875 2.6103949 2.6555133 2.5450100 2.5480768 2.5480768 2.5732619 3.3112895 2.6398677 2.6145627 2.2932802 3.1535592 3.1535592 2.5757460 2.7196539 2.5921003 2.5628572 2.5756750 2.7512583 2.5347384 3.1270080 1.6231283 2.9994867 3.0932396 3.2822891 2.8653297 3.2420610 3.1856498 3.1207671 2.6955544 2.9027224 3.5755765 3.3632467 3.4236979 2.9203852 3.2351512 2.5771182 3.2507336 1.8842420 3.6311893 3.0666510 2.8617232 2.1468333 2.8502609 3.2211470 2.7954265 3.3643070 3.3940517 4.4057507 3.2051130 3.9096313 4.2837829 4.3988260 2.7661364 3.7189552 3.7189552 3.1146192 3.3378867 2.9228673 3.1255147 2.5670302 2.3428909 2.8857407 4.9883702 4.9883702 4.0278424 5.4191353 5.4191353 5.9621837 5.0886720 4.7580497 5.2436807 
Aque_Aqu2.1.19905_001                              2.5781511 2.6218141 0.0000000 0.7115761 0.6491112 1.3157559 2.3669841 2.5004740 1.6968859 3.0687071 2.2168550 2.2634341 2.3354629 2.2383899 2.3579746 2.6390179 2.2664482 2.4963128 2.5489125 2.5850771 2.3794430 2.0393724 2.4471051 2.4176038 2.1607426 2.0808813 2.1091697 2.1044821 2.1044821 2.3695538 3.6147771 2.9228685 2.8892954 2.3055873 2.2492991 2.2492991 2.0611090 2.0069040 2.4271283 2.3166976 2.6056000 2.5495396 2.2617654 2.7630691 1.7696639 2.7716296 3.1408503 2.7279464 2.2730105 2.0970451 2.5428570 2.5727622 2.4605792 2.0109033 2.4582283 2.4134938 2.3494875 2.4289207 3.0391803 2.2758381 3.1444462 1.6483189 2.7404385 2.8600420 3.0163271 2.1546689 1.6882140 1.5766826 1.1920827 3.3852132 2.9678901 3.5902286 3.1524687 3.3604703 3.6131420 4.2045108 3.4727676 3.7017478 3.7017478 3.7301166 3.5016937 2.6559577 2.7568028 3.9713962 3.5847693 3.0395034 4.6147840 4.6147840 3.7553085 4.5664133 4.5664133 4.4180174 4.2306660 5.5355580 5.1408391 
Halamb_c19884_g1_i1m.3504                          3.2325946 1.7059108 0.7115761 0.0000000 0.0354718 0.5972128 1.5781543 1.5996256 3.5749006 2.1102272 1.1218664 1.2676401 1.8311059 1.4893142 1.4732611 2.0555183 1.5213512 1.5685267 1.3488537 1.3763845 1.2960124 1.8965330 1.4154228 1.4154228 1.3649664 1.3721176 1.3412879 1.3412879 1.3412879 1.5083246 2.7661955 1.7250746 1.6641738 1.0857819 2.4617850 2.4617850 1.7116464 1.6596032 1.7076660 1.7491308 1.3584857 1.4241736 1.7222747 1.7092298 1.4278132 1.7349981 1.8432004 1.9209156 2.2508858 2.4608519 1.7054522 1.7054522 1.7054522 1.6551422 1.7415863 1.7549167 1.8702777 1.8368469 2.1743682 1.5634336 1.8210136 1.2406991 1.9205982 1.6047349 1.9357331 1.7473224 1.1011043 1.8720504 0.5876651 3.9409790 2.2400214 3.9790849 2.5513672 6.2605027 6.2605027 3.0271932 3.2310043 3.0656440 3.0656440 2.8945649 2.5197663 2.2499171 1.8604294 1.7985844 1.8216523 6.4654280 2.0002039 2.0002039 2.3170563 3.0458842 3.0458842 2.7917175 2.7930225 5.4643437 5.2005686 
Halamb_c39645_g2_i1m.11933                         7.1747649 1.7007656 0.6491112 0.0354718 0.0000000 0.5899646 1.5843182 1.5594850 3.5666353 1.9893830 1.1227133 1.3762013 1.6792186 1.5469823 1.3249903 1.9412540 1.4393194 1.5322587 1.5558006 1.5198505 1.5053831 1.7754044 1.4771220 1.4771220 1.4580798 1.2405299 1.5452716 1.5452716 1.5452716 1.5022976 0.2615407 1.6542607 1.6047003 1.5607673 1.0333423 1.0333423 1.5931214 1.5882468 1.8689925 1.7807299 1.7183081 1.6099916 1.8623074 2.0380489 1.6658455 1.6317836 1.7506052 2.0173003 2.1862687 1.7348952 2.0052982 2.0052982 1.9718117 1.4630670 1.5590311 1.5958974 1.5240711 1.8213466 2.1263860 1.5515467 2.0147005 1.3995370 1.8286820 1.7299690 1.8425560 1.6934228 0.8754367 1.7770234 0.0893993 6.3369897 1.7080271 0.0000010 2.2283396 0.0000010 0.0000010 2.5674898 2.9460770 2.6573514 2.6573514 3.1145866 2.4956986 2.1344043 2.1662774 1.5281213 1.5892537 8.7935934 2.0002039 2.0002039 2.8665165 4.4329834 4.4329834 3.5142816 3.4487067 5.6720581 3.4231011 
Xestes_maker-XT_scaffold6190-snap-gene-0.33-mRNA-1 2.5084351 2.9568427 1.3157559 0.5972128 0.5899646 0.0000000 2.2454474 2.3359150 1.1369839 3.0365173 2.5112766 2.2951110 2.4107316 2.3067887 2.2659637 2.6402942 2.4214190 2.5555854 2.4101760 2.4211451 2.3291946 2.2491610 2.3254550 2.3446150 2.3680720 2.3821505 2.3341814 2.3506343 2.3506343 2.8986138 3.1771891 2.7021857 2.6755931 2.3189416 2.8949217 2.8949217 2.2763792 2.4248496 2.5446049 2.4900556 2.2897233 2.4235017 2.1801084 3.0168981 2.1350662 3.2365685 3.3755470 3.1017750 3.0032617 3.0623768 2.8191112 2.8332834 2.6975325 2.3261876 2.7576201 2.7908430 2.7240554 2.9554332 3.2738285 2.4453679 3.0968199 1.5676527 2.9506631 3.1032281 3.2875718 2.1068000 1.5737516 1.7891859 1.7426529 3.2254581 3.5162943 3.8491781 3.1425905 3.4091104 4.3314667 3.8594522 3.7285635 4.2249875 4.2249875 4.5871809 3.7975557 3.2520003 3.2615840 3.6222066 4.2247587 3.2921812 5.5787829 5.5787829 4.1027247 4.9598149 4.9598149 4.8078389 4.7429999 4.4399150 4.8190217 
Spis_XP_022794078_1                                2.6931756 2.6433528 2.3669841 1.5781543 1.5843182 2.2454474 0.0000000 0.2065247 0.9919225 2.5345441 2.3976232 1.1463343 0.8287141 0.8205643 0.7095662 0.7161627 1.7205255 1.7611497 1.9771625 1.9842147 1.5183995 1.9052865 1.7226879 1.7200283 1.8368997 1.8821594 1.8574083 1.8627623 1.8627623 1.9558484 2.3376900 2.0195024 1.9998939 1.8393783 2.4308647 2.4308647 2.0295594 1.9704776 1.6908882 1.5594519 2.1109227 1.9328142 1.8487037 2.5750322 1.6153759 2.8844439 2.5799504 2.6975872 2.3542458 2.8198567 2.7250636 2.6692043 2.4561976 2.2190454 2.0871884 2.1252632 2.0540809 2.2503654 2.4147004 2.0509063 2.3136709 1.6774436 2.2148622 2.7118574 2.4491047 1.5726416 2.1086820 2.2355427 2.5685711 2.6115754 3.0636464 3.2057069 2.9908228 2.7653880 3.3181876 3.4425329 3.1475891 3.5136791 3.5136791 3.9568156 3.8196234 2.6583850 2.6941723 3.3102312 3.9366766 2.7237006 4.1574426 4.1574426 4.3879140 5.3029772 5.3029772 4.8153881 4.6422301 4.6857219 3.4437078 
Pocdam_XM_027194909.1                              2.7966465 2.6573812 2.5004740 1.5996256 1.5594850 2.3359150 0.2065247 0.0000000 0.9368319 2.4365981 2.6126455 1.1646437 0.8676369 0.8753107 0.7382622 0.7036046 1.6783579 1.6926448 2.0229276 2.0429033 1.5087224 1.8861893 1.8185766 1.8080121 1.7625482 1.7571578 1.8480053 1.8722784 1.8722784 2.1051364 2.3807716 2.0224688 2.0033837 1.8579578 2.4772260 2.4772260 2.0568386 2.0018353 1.6759780 1.4926660 2.0866549 1.8357819 1.6831645 2.7216187 1.7169785 2.9660307 2.6464057 2.7310300 2.5427785 2.9498844 2.7645233 2.8103748 2.4654266 2.3404090 2.1535903 2.1666631 2.0286262 2.5163580 2.4216729 1.9255762 2.4534983 1.6591011 2.3777020 2.7876170 2.5542529 1.5798214 2.3264037 2.4561469 2.5056212 2.6296953 3.3049787 3.4809822 3.1429845 2.7155849 3.7045106 3.4833307 3.3798504 3.7347332 3.7347332 3.8206885 3.9337048 2.7509133 2.5486656 3.3573929 3.8215845 2.9058559 3.9587245 3.9587245 4.5037671 5.4549734 5.4549734 5.1413440 4.6780261 5.0099261 3.3785715 
Salurc_EP00051_Salpingoeca_urceolata_P021409       0.9148193 1.3685675 1.6968859 3.5749006 3.5666353 1.1369839 0.9919225 0.9368319 0.0000000 0.5271037 0.9340715 0.9869143 1.0506553 1.0506553 0.8749551 0.9441245 1.0754407 1.1038379 1.2993883 1.2494701 1.2256203 1.1063948 1.3333476 1.2674793 1.3031084 1.2619598 1.2412895 1.2412895 1.2412895 1.3183961 0.9653691 1.1848646 1.1728783 9.0000000 1.9101193 1.9101193 2.0059930 1.4043943 1.1645696 1.2615045 1.0482079 1.4220792 1.1926655 1.3418227 2.6012900 1.5410935 1.2480237 1.6311153 1.4160545 0.7330256 1.1720997 1.1720997 1.1720997 1.2952218 1.5472264 1.5845772 1.1059965 1.3149041 1.5686569 1.6271374 1.6703889 3.1724818 1.2515815 1.6147600 1.3713276 1.2153655 1.0270727 1.4699799 1.3015404 1.0757861 2.9123193 2.5932952 2.7202212 1.1201551 2.7712968 3.0176322 4.0447663 2.5972314 2.5972314 3.8223861 3.5607923 1.1905445 1.6341474 5.7528302 4.5491460 1.1143110 0.4036421 0.4036421 2.8626386 5.3982321 5.3982321 5.1658034 5.5713913 4.7395294 7.3781037 
Salurc_EP00051_Salpingoeca_urceolata_P021411       3.3090044 2.9670220 3.0687071 2.1102272 1.9893830 3.0365173 2.5345441 2.4365981 0.5271037 0.0000000 2.9422658 2.1150478 2.7186846 2.7214520 2.3481059 2.5083429 2.4043506 2.1778146 2.5801977 2.5259060 2.4216006 1.4705994 2.6329955 2.6114400 2.2762519 2.2396138 2.3633013 2.3705311 2.3705311 2.5928058 3.1493239 2.6338767 2.6063746 2.2762679 3.0389198 3.0389198 2.5878320 2.6914431 2.6730930 2.5417117 2.7877909 2.6623676 2.9031776 2.4332862 1.4959551 2.7224027 2.2455548 2.4322922 1.8687895 2.3669646 2.5023729 2.5314573 2.2476100 1.8757642 2.8941367 2.8046137 2.6987364 2.4120286 2.6814044 3.0106053 2.7767808 1.9901063 2.9992379 2.5831576 2.5180022 2.0570988 2.5854546 3.3276074 2.6725073 2.4796518 3.7241744 4.0273253 3.3069337 3.4659400 4.3962771 4.1416833 3.9108003 3.4571062 3.4571062 4.4537495 3.7706318 2.5061828 2.6035309 4.0077030 4.2318153 2.8231360 4.4734508 4.4734508 3.9818119 5.5727387 5.5727387 5.4621863 4.6849769 4.4533065 5.4709853 
Tetwil_g5173.t1                                    3.8355789 3.4163642 2.2168550 1.1218664 1.1227133 2.5112766 2.3976232 2.6126455 0.9340715 2.9422658 0.0000000 2.2599201 2.6035258 2.4261547 2.3130576 2.7185757 2.7136704 2.5150212 2.7290989 2.6533820 2.6529322 2.0409205 2.8817026 2.8880034 2.6479476 2.7466312 2.7771675 2.7929449 2.7929449 2.6563606 3.2443039 2.6711648 2.6442706 1.7082875 3.2367734 3.2367734 2.7186451 2.8970490 3.1878456 2.9712332 2.8680108 2.7659013 2.8780745 3.2394447 1.7358146 3.7872497 3.5112512 3.5496284 2.9639758 3.0863993 3.1224892 3.3951062 2.6489136 2.5607143 3.1362390 3.0091454 3.0554908 3.0250078 3.7563854 2.9810938 3.4023937 1.8180055 3.2991051 3.4626347 3.3316787 2.1833624 2.1714813 2.6946858 2.8113788 4.0716458 3.6561735 4.8151761 3.5748099 3.2862165 4.6909703 4.3721101 3.1386161 4.1632486 4.1632486 3.2236633 4.0739955 3.3534395 3.1824996 3.3883139 4.6264405 3.6854601 7.2532809 7.2532809 4.8868314 6.4614043 6.4614043 5.3464051 4.6044117 6.1471702 5.9586929 
Exapal_XM_021038709.2                              2.8078155 2.4785277 2.2634341 1.2676401 1.3762013 2.2951110 1.1463343 1.1646437 0.9869143 2.1150478 2.2599201 0.0000000 1.3368811 1.2962617 1.1119912 1.2429782 1.6926602 1.6936687 1.7336484 1.7512977 1.1247597 1.9901307 1.8722930 1.8597088 1.8211940 1.6957607 1.9022958 1.9295703 1.9295703 1.6202148 2.2226559 1.9086451 1.8889464 2.1101339 2.5614827 2.5614827 1.8736525 2.1417036 1.3955149 1.3828321 1.8691655 1.8691463 1.7260757 2.6312953 1.9035735 2.5113252 2.5349266 2.4158167 2.2975715 2.6686095 2.5305595 2.5305595 2.4218830 2.0866087 1.8334812 2.0104454 1.6968489 2.3249154 1.9818316 2.0019996 2.2089558 1.7068623 1.9793006 2.4322956 2.1872530 1.7335151 1.4744144 2.0789334 2.2098931 3.0614035 2.7210118 3.2968778 3.1351486 2.5510535 2.9269088 3.1597156 3.2945051 3.3665951 3.3665951 3.8747130 3.3111074 2.7709370 3.1579117 3.4561959 3.1877220 2.4693390 4.3141134 4.3141134 3.8596772 5.1765405 5.1765405 4.1798100 4.1078323 4.3917020 4.0101167 
Amil_Amillepora09007-RA                            2.6184536 2.7499423 2.3354629 1.8311059 1.6792186 2.4107316 0.8287141 0.8676369 1.0506553 2.7186846 2.6035258 1.3368811 0.0000000 0.0290058 0.6156843 0.7708371 1.7016365 1.8914852 2.0198554 2.0161839 1.6651090 2.0611700 1.9413331 1.9170952 1.8785116 1.8974022 1.8592032 1.8653625 1.8653625 2.0269922 2.5837789 2.2547567 2.2325242 2.1222791 2.5520984 2.5520984 2.0686987 2.1417566 1.6551542 1.5084099 2.0912692 2.0932266 2.0258993 3.0329381 1.7818827 2.9434427 2.9839893 3.0081446 2.5986421 3.3267653 2.8016383 2.8863590 2.5005619 2.4555902 2.1874790 2.2658835 2.0383984 2.2821040 2.3872889 2.1062920 2.6138550 2.0321067 2.4238474 2.8177807 2.6025356 1.5664358 2.1624342 2.3547481 2.5399613 2.5465128 3.5316444 3.3825684 3.0741805 2.7967598 3.3860533 3.6818130 3.3772828 3.9849293 3.9849293 3.9580181 3.5514645 2.5580741 2.7656186 3.7079549 4.6799137 2.9182268 3.4775322 3.4775322 3.6012758 4.5636715 4.5636715 4.2443903 4.6843027 4.2000490 3.1893304 
Adig_XM_015900926.1                                2.6349288 2.6817470 2.2383899 1.4893142 1.5469823 2.3067887 0.8205643 0.8753107 1.0506553 2.7214520 2.4261547 1.2962617 0.0290058 0.0000000 0.6297604 0.7644967 1.6860314 1.8087416 1.9795750 1.9792446 1.6313484 2.0402363 1.8754928 1.8533553 1.8521960 1.8527993 1.8181426 1.8239464 1.8239464 2.0244522 2.6641196 2.2408807 2.2200163 1.8756795 2.5780648 2.5780648 2.0330659 2.0296573 1.6397675 1.4969593 2.0706310 2.0393112 1.9686575 2.9081948 1.7709743 2.8168278 2.8833829 2.9874757 2.5794147 3.3245083 2.7011005 2.7693662 2.3866784 2.3733747 2.2275743 2.2153190 2.0213011 2.2534129 2.3679333 2.1099717 2.6242508 1.8636924 2.3804638 2.7885880 2.5491751 1.5979154 2.0097964 2.3556980 2.5873367 2.8517291 3.5104102 3.3637299 2.9287849 2.7553574 3.2842822 3.4700054 3.2583977 3.7400233 3.7400233 3.8323130 3.4984902 2.5658698 2.7156059 3.3340946 4.2419325 2.9304479 3.3654710 3.3654710 3.6084920 4.6160491 4.6160491 4.2336039 4.5905619 3.9249576 3.2976759 
Gfas_gfas1.m1.17935.m1                             2.7444839 2.6907116 2.3579746 1.4732611 1.3249903 2.2659637 0.7095662 0.7382622 0.8749551 2.3481059 2.3130576 1.1119912 0.6156843 0.6297604 0.0000000 0.5952597 1.6866050 1.8219024 1.9152266 1.8928642 1.5250043 1.9308493 1.8898681 1.8818319 1.8650170 1.8710161 1.9300567 1.9343015 1.9343015 1.9264738 2.5226833 2.1113793 2.0922038 1.8020959 2.5549852 2.5549852 2.0621001 1.9500285 1.7673650 1.5066368 2.2140977 1.8050023 1.7910340 2.7928927 1.5937209 2.7725335 2.8158140 2.9888742 2.4472575 2.8222001 2.5404190 2.5681125 2.2797083 2.2089878 2.1396267 2.1807559 1.9789669 2.4202181 2.3964420 2.1528210 2.5651008 1.7157064 2.2743303 2.6812875 2.5662219 1.5395612 1.9190913 2.5698045 2.4519265 2.8140689 3.5488298 3.5299238 3.0698755 3.0798749 3.9983542 3.6043297 3.0898266 3.5646270 3.5646270 3.4467455 3.6367722 2.5273769 2.6855772 3.4952995 4.1507207 2.8970658 3.8899272 3.8899272 3.7861041 4.7066917 4.7066917 4.3861162 4.2879064 4.2365688 3.2417858 
Gasp_gasp1.m3.2476.m1                              2.4994039 2.9571092 2.6390179 2.0555183 1.9412540 2.6402942 0.7161627 0.7036046 0.9441245 2.5083429 2.7185757 1.2429782 0.7708371 0.7644967 0.5952597 0.0000000 1.7218400 1.7439582 1.8073432 1.8240461 1.6604376 2.1167076 1.9713136 1.9538182 2.0181235 1.9956290 2.0472282 2.0687567 2.0687567 2.1426485 2.4470232 2.1616965 2.1414693 1.7168354 2.4868307 2.4868307 2.0698645 2.1409559 1.7214493 1.4451965 2.1259677 1.8348785 1.8955246 3.1094803 1.8412787 3.3076612 2.9441789 2.8569879 2.5949458 3.0898083 2.9542501 2.8357457 2.4386488 2.2818648 2.2244302 2.4253578 2.0623678 2.5576683 2.3642075 2.0859108 2.6350989 2.0767630 2.1726483 2.6749140 2.7005543 1.5690969 2.0312362 2.1654572 2.4711566 2.6504631 3.3604641 3.5164681 3.1335799 2.7663329 3.5216864 3.6667589 3.2155760 3.6442912 3.6442912 4.3807546 3.8036366 2.7300599 2.8040377 4.0457343 4.9692511 2.7204593 3.6209396 3.6209396 3.8901102 5.2630422 5.2630422 4.7736710 4.8897368 3.9580537 3.2755577 
Bralan_BLAG07000803_1                              2.2081717 2.2723497 2.2664482 1.5213512 1.4393194 2.4214190 1.7205255 1.6783579 1.0754407 2.4043506 2.7136704 1.6926602 1.7016365 1.6860314 1.6866050 1.7218400 0.0000000 1.5892309 1.6855442 1.7130187 1.9272568 1.5730260 2.1423849 2.1263985 2.1485576 2.1324023 2.0140171 2.0321597 2.0321597 1.9097518 2.2592369 1.9796105 1.9623484 2.1405114 2.9304337 2.9304337 2.1871775 2.3766292 1.8921749 1.8367269 1.8603985 1.7653349 1.7897922 2.7033331 1.4449952 2.8141313 2.8036130 2.6375435 2.3866780 3.5056576 2.8194081 2.9229703 2.5696768 2.1769790 2.2770978 2.2194077 2.0165115 2.3565570 2.4362491 2.1228454 2.7099997 1.7688559 2.5437003 2.3046615 2.5013531 1.6165818 2.1078414 2.3965028 2.6815780 2.7117116 3.7196633 4.3350329 3.2971997 3.1809435 4.1652484 4.1931224 2.8958616 3.7166670 3.7166670 4.0091408 4.0909597 2.7266678 2.6211410 3.5168464 4.0025845 2.9791755 5.2991820 5.2991820 3.6202874 4.8024248 4.8024248 5.3451431 5.3386842 4.2980328 5.3071322 
Skow_XM_006823579.1                                2.5611630 2.6185868 2.4963128 1.5685267 1.5322587 2.5555854 1.7611497 1.6926448 1.1038379 2.1778146 2.5150212 1.6936687 1.8914852 1.8087416 1.8219024 1.7439582 1.5892309 0.0000000 1.5871276 1.6232097 1.6977439 2.0145477 2.1887537 2.1692961 2.1396456 2.1244376 2.0839396 2.0880884 2.0880884 1.7815353 2.0184992 1.7455773 1.7289420 1.8819651 2.8204809 2.8204809 2.2368793 2.1733319 1.9186788 1.9343364 1.8074270 1.7098294 2.0231821 2.5807655 1.5778140 3.1438675 3.0280366 2.8728992 2.4626340 2.9282798 2.4747937 2.5858937 2.1726949 2.3529932 2.5711804 2.6578319 2.2600947 2.6293667 2.3799991 2.3083391 2.5683826 1.5454236 2.6295594 2.9743729 2.5857963 1.7165386 2.2300824 2.2450720 2.5159930 2.9600041 3.3098242 4.0325027 3.4443911 3.2963481 3.8754718 4.5377876 3.3237059 3.6808692 3.6808692 3.5726965 3.7007116 2.6422902 2.5623578 3.6786901 4.7905059 2.7160824 4.7337856 4.7337856 4.3146974 4.5438154 4.5438154 4.6410802 4.5035603 4.2737307 8.1565264 
Spur_XM_030975646.1                                2.4689893 2.3246620 2.5489125 1.3488537 1.5558006 2.4101760 1.9771625 2.0229276 1.2993883 2.5801977 2.7290989 1.7336484 2.0198554 1.9795750 1.9152266 1.8073432 1.6855442 1.5871276 0.0000000 0.0519313 2.0236664 1.6348380 1.9707487 1.9616985 2.0070606 1.9366124 1.8760793 1.9116690 1.9116690 1.6916317 2.0483903 1.8329174 1.8168601 1.8507320 2.9569518 2.9569518 2.0984785 2.1772524 2.0506801 2.1505504 1.6407713 1.4813773 1.9013216 2.5625607 1.5976008 2.6940947 2.8346803 2.6025000 2.4593137 2.6698899 2.4414088 2.5492341 2.1029385 2.1063812 2.0486734 2.2530635 2.0873029 2.0095717 2.2468812 1.9229848 2.3465265 1.8396029 2.6117676 2.7505616 2.3899040 1.6736718 2.1699102 2.4263324 2.3997293 2.9545100 3.0845869 3.9258637 2.9050414 3.4073896 3.9603478 3.9502314 2.3040897 3.2528629 3.2528629 3.3236814 3.6619649 2.7722810 2.8912615 3.5136007 3.4809454 2.5672869 3.8230951 3.8230951 3.7992496 4.0408144 4.0408144 4.3272876 4.6232591 3.7587027 4.8489964 
Spur_XM_030975831.1                                2.4870031 2.3349312 2.5850771 1.3763845 1.5198505 2.4211451 1.9842147 2.0429033 1.2494701 2.5259060 2.6533820 1.7512977 2.0161839 1.9792446 1.8928642 1.8240461 1.7130187 1.6232097 0.0519313 0.0000000 2.0389883 1.6817074 1.9627370 1.9537398 2.0013367 1.9185145 1.8832131 1.9189180 1.9189180 1.6974728 2.0607904 1.8504119 1.8341552 1.9293845 2.9827775 2.9827775 2.1015821 2.1767797 1.9549705 2.0928836 1.6314683 1.4802643 1.8932794 2.6041264 1.6348833 2.6928316 2.8638901 2.6817851 2.4409775 2.6788263 2.4846467 2.5926976 2.1541406 2.1212726 2.0352237 2.2674802 2.0521878 1.9905622 2.2531064 1.9038098 2.3854283 1.8058281 2.5536037 2.7068151 2.3575323 1.6469460 2.1718735 2.4307327 2.4230739 3.0371132 3.1915375 4.0896725 3.0240026 3.4244199 3.9240872 3.9740125 2.4813786 3.3246747 3.3246747 3.1210347 3.4927177 2.7864815 2.8183121 3.4980693 3.5488458 2.5924453 3.8291950 3.8291950 3.7737334 4.0873450 4.0873450 4.4120843 4.6808735 3.8579245 4.9575861 
Nvec_v1g90751                                      2.6438809 2.3912590 2.3794430 1.2960124 1.5053831 2.3291946 1.5183995 1.5087224 1.2256203 2.4216006 2.6529322 1.1247597 1.6651090 1.6313484 1.5250043 1.6604376 1.9272568 1.6977439 2.0236664 2.0389883 0.0000000 1.9763270 2.0393361 2.0294837 2.1178774 1.9787569 2.1201352 2.1116642 2.1116642 2.1348931 2.2190892 2.0582073 2.0382076 3.1280155 2.7538978 2.7538978 2.1478481 2.3440437 1.6292869 1.5679545 2.1891363 2.3630578 1.9212710 2.8689898 1.7617482 2.8827606 2.7186830 2.5261680 2.3794206 2.8190016 2.5993397 2.6317197 2.2553004 2.2400921 2.2128424 2.4278174 2.2023894 2.5129751 2.3239764 2.0470189 2.2433432 2.1076254 2.5159147 2.8367050 2.5327016 1.6568976 1.9651205 2.1927461 2.5086206 2.6426928 3.0214003 3.3769271 2.8720165 2.3218660 3.1633005 3.5093670 3.7936433 3.8421979 3.8421979 4.5217012 3.6831911 2.9865565 2.9240202 3.5031440 4.6373200 2.6697352 3.3015181 3.3015181 4.0748963 4.3001816 4.3001816 4.4576783 4.8685859 3.4966269 5.7763823 
Salkve_EP00050_Salpingoeca_kvevrii_P001140         2.0650366 2.2406938 2.0393724 1.8965330 1.7754044 2.2491610 1.9052865 1.8861893 1.1063948 1.4705994 2.0409205 1.9901307 2.0611700 2.0402363 1.9308493 2.1167076 1.5730260 2.0145477 1.6348380 1.6817074 1.9763270 0.0000000 1.9349482 1.9135120 2.0170539 1.9513207 1.9860444 1.9860444 1.9860444 1.8538861 1.8959955 2.0656532 2.0349770 2.2434041 2.2563105 2.2563105 2.1993114 1.7932738 1.9924076 1.8735930 2.0192584 1.9676367 2.3065684 1.9440021 1.2873999 1.8446323 1.9442172 1.7205843 1.3348314 1.9271643 1.8976594 1.8976594 1.9234695 1.5647929 1.9529379 1.9838103 1.8595076 1.6166899 1.9351907 2.1614413 2.2924993 1.6584166 2.1882970 1.7207136 1.6507844 1.9342575 1.8999073 2.3134939 1.7267007 1.9276655 2.7776938 2.8024014 2.3567504 2.0058172 2.5261344 2.6701184 2.6962750 2.5717943 2.5717943 3.3904486 2.8138285 1.7825564 2.0761357 3.3395567 2.9676376 1.9338071 3.5417962 3.5417962 3.0982607 5.1500620 5.1500620 4.4511023 4.2948566 4.0222277 5.1453010 
TrH2_TrispH2_001588-RA                             2.3683773 2.6189970 2.4471051 1.4154228 1.4771220 2.3254550 1.7226879 1.8185766 1.3333476 2.6329955 2.8817026 1.8722930 1.9413331 1.8754928 1.8898681 1.9713136 2.1423849 2.1887537 1.9707487 1.9627370 2.0393361 1.9349482 0.0000000 0.0086447 0.5429583 0.5898690 0.5363281 0.5236065 0.5236065 2.1227035 2.5487851 2.2671822 2.2470720 2.2900041 2.7969566 2.7969566 2.2626774 2.1743328 2.3151036 2.2570268 2.1127843 2.2707293 2.1244944 3.2368859 1.7653395 3.1188652 2.8856841 2.7161053 2.7481484 3.2924113 2.7185673 2.7453154 2.5999996 2.3458573 2.3810444 2.4074019 2.2590925 2.4291664 2.3880675 2.1369086 2.5307025 1.7544565 2.6547651 2.8917880 2.9768258 1.7351636 2.2640926 2.4533116 2.5286215 2.6083597 3.2286133 3.5442027 2.7298251 3.1810262 3.7212501 3.5253163 2.8257235 3.0593213 3.0593213 4.1406085 4.0351401 2.9263952 2.5977930 4.3761704 4.2401406 3.1015503 4.0723945 4.0723945 3.6426452 5.0406373 5.0406373 4.7491654 5.1491107 3.6078057 4.0917255 
Tadh_TriadT55696                                   2.4009667 2.6183875 2.4176038 1.4154228 1.4771220 2.3446150 1.7200283 1.8080121 1.2674793 2.6114400 2.8880034 1.8597088 1.9170952 1.8533553 1.8818319 1.9538182 2.1263985 2.1692961 1.9616985 1.9537398 2.0294837 1.9135120 0.0086447 0.0000000 0.5525731 0.6014646 0.5483795 0.5354134 0.5354134 2.1278036 2.6102823 2.3057972 2.2852660 2.2900041 2.7550935 2.7550935 2.2465802 2.1434278 2.3285668 2.2408807 2.1118800 2.2588038 2.1128424 3.2075463 1.7653395 3.1136694 2.8998688 2.7048878 2.7531506 3.3772165 2.7501510 2.7759932 2.6329349 2.3575862 2.3978623 2.4380273 2.2730868 2.4017728 2.4067195 2.1559471 2.5418461 1.7544565 2.6595761 2.8710192 2.9639264 1.7461662 2.2669407 2.4612001 2.5071413 2.6403797 3.1869904 3.4923118 2.7095100 3.1019933 3.6558101 3.4975766 2.8257235 3.0433476 3.0433476 4.1408646 4.0614338 2.8951519 2.5661967 4.3389960 4.2652912 3.0719495 4.0723945 4.0723945 3.6564787 5.0755462 5.0755462 4.7661123 5.1780502 3.6078057 4.1276368 
HoiH23_PlH23_002796-RA                             2.3344803 2.6103949 2.1607426 1.3649664 1.4580798 2.3680720 1.8368997 1.7625482 1.3031084 2.2762519 2.6479476 1.8211940 1.8785116 1.8521960 1.8650170 2.0181235 2.1485576 2.1396456 2.0070606 2.0013367 2.1178774 2.0170539 0.5429583 0.5525731 0.0000000 0.0822267 0.2487324 0.2597767 0.2597767 2.3973636 2.6145460 2.3218080 2.3008261 2.3669980 2.6838899 2.6838899 2.2963178 2.2570752 2.3139338 2.3019802 2.1437258 2.2968095 2.2231110 3.2465441 1.7555018 3.0708065 2.6827671 2.6691606 2.7719271 3.4019092 2.9813891 2.9472272 2.7303964 2.2121994 2.3088408 2.4973096 2.1570589 2.4528308 2.5092495 2.2829358 2.7133120 1.8717239 2.6374479 2.9072509 2.8442730 1.9175930 2.1345617 2.5041162 2.4448173 2.3276745 3.1427897 3.5639167 2.8978428 3.1248257 3.5928360 3.9066889 2.9704253 3.4136157 3.4136157 4.4618799 3.9526025 2.7662944 2.7767327 4.3098222 4.3293926 3.0081059 3.7372114 3.7372114 3.4794593 5.1422162 5.1422162 5.2385847 5.3065352 3.8190592 4.7939213 
HoiH06_mRNA10124                                   2.1265984 2.6555133 2.0808813 1.3721176 1.2405299 2.3821505 1.8821594 1.7571578 1.2619598 2.2396138 2.7466312 1.6957607 1.8974022 1.8527993 1.8710161 1.9956290 2.1324023 2.1244376 1.9366124 1.9185145 1.9787569 1.9513207 0.5898690 0.6014646 0.0822267 0.0000000 0.2573028 0.2699339 0.2699339 2.3161612 2.5603412 2.2876008 2.2647119 2.6605485 2.6632808 2.6632808 2.3096412 2.2718137 2.1673822 2.2112293 2.1179420 2.2358374 2.1359390 3.2427770 1.5871650 3.0355230 2.8531171 2.5618471 2.7390341 3.4307479 2.9753778 2.9396194 2.6365868 2.2687466 2.4183802 2.5720554 2.1916957 2.5528556 2.4512247 2.3301332 2.6416116 1.4290845 2.7021084 2.8478268 2.8519387 1.8528279 2.1527893 2.4556071 2.5046629 2.1973675 3.2558586 3.6023018 3.0267006 3.3422214 3.7648891 4.1495110 3.0680224 3.5905001 3.5905001 3.9133944 3.6115871 2.8704019 2.6900866 4.5393887 4.7551549 3.0298176 3.7199137 3.7199137 3.3264024 4.7034985 4.7034985 4.8339273 5.1732892 3.7838215 6.9388826 
Hhon_g08213.t1                                     2.1762674 2.5450100 2.1091697 1.3412879 1.5452716 2.3341814 1.8574083 1.8480053 1.2412895 2.3633013 2.7771675 1.9022958 1.8592032 1.8181426 1.9300567 2.0472282 2.0140171 2.0839396 1.8760793 1.8832131 2.1201352 1.9860444 0.5363281 0.5483795 0.2487324 0.2573028 0.0000000 0.0063716 0.0063716 2.2871692 2.6040520 2.3636149 2.3421312 2.3677472 2.6834308 2.6834308 2.2912789 2.1974913 2.2786114 2.2471855 2.1631180 2.2837904 2.2262366 3.1225637 1.7565100 2.9611975 2.7267142 2.5631577 2.5919561 3.4940078 2.9428865 2.9141714 2.6579966 2.2027539 2.2315981 2.3760896 2.1060084 2.4749746 2.4791067 2.2798652 2.5658860 1.7239132 2.6628298 2.9299848 2.8881014 1.8824942 2.1078082 2.5517477 2.3239784 2.2510546 3.4054774 3.4965474 2.9117970 3.0272362 3.5263751 3.9251442 3.0894377 3.1710916 3.1710916 4.2141232 3.7218251 2.7059807 2.7270896 4.4780933 4.3571294 2.9869359 4.0196282 4.0196282 3.2934024 4.7381256 4.7381256 5.1187409 5.3518882 3.8391781 5.3697623 
HoiH04_mRNA17086                                   2.1498442 2.5480768 2.1044821 1.3412879 1.5452716 2.3506343 1.8627623 1.8722784 1.2412895 2.3705311 2.7929449 1.9295703 1.8653625 1.8239464 1.9343015 2.0687567 2.0321597 2.0880884 1.9116690 1.9189180 2.1116642 1.9860444 0.5236065 0.5354134 0.2597767 0.2699339 0.0063716 0.0000000 0.0000010 2.2920216 2.5695188 2.3412573 2.3200033 2.3655926 2.6834308 2.6834308 2.2882677 2.1946293 2.2623708 2.2509014 2.1905434 2.2950343 2.2186587 3.1171795 1.7565100 2.9340190 2.7309146 2.5685894 2.5735172 3.4940078 2.9421338 2.9283137 2.6569316 2.2069883 2.2204969 2.3523539 2.1270538 2.4836771 2.4607226 2.2951131 2.5646721 1.7239132 2.7096285 2.9274462 2.9017562 1.8776585 2.0997501 2.5441411 2.2987410 2.2473555 3.4204524 3.5069011 2.9214365 3.0233862 3.5458248 3.9360835 3.0894377 3.1818902 3.1818902 4.2141232 3.7334966 2.7479267 2.7513020 4.4496327 4.3729917 3.0218946 4.0563010 4.0563010 3.3087784 4.7619345 4.7619345 5.1119692 5.3518882 3.8492470 5.3697623 
HoiH04_mRNA11121                                   2.1498442 2.5480768 2.1044821 1.3412879 1.5452716 2.3506343 1.8627623 1.8722784 1.2412895 2.3705311 2.7929449 1.9295703 1.8653625 1.8239464 1.9343015 2.0687567 2.0321597 2.0880884 1.9116690 1.9189180 2.1116642 1.9860444 0.5236065 0.5354134 0.2597767 0.2699339 0.0063716 0.0000010 0.0000000 2.2920216 2.5695188 2.3412573 2.3200033 2.3655926 2.6834308 2.6834308 2.2882677 2.1946293 2.2623708 2.2509014 2.1905434 2.2950343 2.2186587 3.1171795 1.7565100 2.9340190 2.7309146 2.5685894 2.5735172 3.4940078 2.9421338 2.9283137 2.6569316 2.2069883 2.2204969 2.3523539 2.1270538 2.4836771 2.4607226 2.2951131 2.5646721 1.7239132 2.7096285 2.9274462 2.9017562 1.8776585 2.0997501 2.5441411 2.2987410 2.2473555 3.4204524 3.5069011 2.9214365 3.0233862 3.5458248 3.9360835 3.0894377 3.1818902 3.1818902 4.2141232 3.7334966 2.7479267 2.7513020 4.4496327 4.3729917 3.0218946 4.0563010 4.0563010 3.3087784 4.7619345 4.7619345 5.1119692 5.3518882 3.8492470 5.3697623 
Cgig_XM_011434303.3                                2.8058549 2.5732619 2.3695538 1.5083246 1.5022976 2.8986138 1.9558484 2.1051364 1.3183961 2.5928058 2.6563606 1.6202148 2.0269922 2.0244522 1.9264738 2.1426485 1.9097518 1.7815353 1.6916317 1.6974728 2.1348931 1.8538861 2.1227035 2.1278036 2.3973636 2.3161612 2.2871692 2.2920216 2.2920216 0.0000000 2.0689249 1.7626926 1.7475414 1.8326405 2.7847995 2.7847995 2.3490436 2.1210914 2.1285528 2.0340712 1.8273602 1.8617162 1.9937659 2.6916180 1.5771316 3.0403071 2.8298139 2.4383188 2.8857361 3.3436924 2.8230789 2.9824406 2.6088596 2.4832895 2.1544030 2.2354602 2.3420095 2.6695047 2.6107744 2.3611757 2.3297743 1.9399614 2.3728823 2.8723890 2.6381521 1.4343091 2.3379061 3.1743586 2.5637190 3.6953922 4.5835719 4.6988297 3.4409860 2.5820787 3.8087952 4.0619249 2.9050410 3.8128388 3.8128388 3.1226644 3.6546010 2.6272010 2.6669767 4.0372134 4.1146427 2.8241769 4.2942536 4.2942536 3.7259364 3.8170880 3.8170880 4.8379801 4.6409404 4.1734343 4.9645748 
Acagra_model.g29949.t1.2.5d3b8ccc                  2.8168799 3.3112895 3.6147771 2.7661955 0.2615407 3.1771891 2.3376900 2.3807716 0.9653691 3.1493239 3.2443039 2.2226559 2.5837789 2.6641196 2.5226833 2.4470232 2.2592369 2.0184992 2.0483903 2.0607904 2.2190892 1.8959955 2.5487851 2.6102823 2.6145460 2.5603412 2.6040520 2.5695188 2.5695188 2.0689249 0.0000000 0.0000010 0.0000010 9.0000000 2.8613198 2.8613198 2.8128585 3.0070152 2.2243501 2.3291463 2.2645053 1.9238587 2.0802709 3.3748519 0.2462735 3.6971930 4.1967328 3.4879750 2.9203881 2.7951066 3.1769636 3.3118254 2.6879514 2.7853956 3.1046158 3.3221396 3.1306998 2.7083017 2.8939258 2.9899443 3.0025160 4.4004895 3.0655103 3.3024509 2.9141593 1.6295193 2.3659411 2.6847500 3.1577113 2.7694288 4.1413735 3.7572395 3.5562998 3.8948377 4.4379493 5.4534617 5.1231225 4.8059782 4.8059782 3.9218339 5.3272418 3.2190281 3.4958585 7.8924956 8.6735337 2.8264242 4.4773001 4.4773001 5.3609357 6.8432125 6.8432125 5.9393820 7.8769323 4.2266577 7.8860179 
Acagra_model.g29949.t1                             2.8445737 2.6398677 2.9228685 1.7250746 1.6542607 2.7021857 2.0195024 2.0224688 1.1848646 2.6338767 2.6711648 1.9086451 2.2547567 2.2408807 2.1113793 2.1616965 1.9796105 1.7455773 1.8329174 1.8504119 2.0582073 2.0656532 2.2671822 2.3057972 2.3218080 2.2876008 2.3636149 2.3412573 2.3412573 1.7626926 0.0000010 0.0000000 0.0021198 1.9836006 2.7219389 2.7219389 2.1333093 2.4569837 2.0424326 2.1712925 2.0254837 1.8503013 1.9466588 2.8246531 1.7581319 2.8529770 3.2827966 3.0905107 2.7363628 2.8955549 2.6781770 2.7764461 2.3763771 2.5610166 2.6434102 2.8194952 2.6568514 2.6522964 2.5502252 2.6051271 2.9421123 2.1312724 2.7652194 2.6554642 2.5281672 1.7843618 2.1865765 2.8176238 3.1285868 3.1975161 3.7083853 3.7572395 2.8357520 3.8948377 4.4379493 4.1209271 3.4645938 3.7376034 3.7376034 3.2441609 4.8059880 2.8211442 3.2143458 4.1701086 4.1546753 3.1061448 4.4180897 4.4180897 4.3508049 5.4325818 5.4325818 4.4576837 4.0974862 4.3349623 5.8006335 
Acagra_model.g29949.t1.1.5d3b8ccc                  2.8445737 2.6145627 2.8892954 1.6641738 1.6047003 2.6755931 1.9998939 2.0033837 1.1728783 2.6063746 2.6442706 1.8889464 2.2325242 2.2200163 2.0922038 2.1414693 1.9623484 1.7289420 1.8168601 1.8341552 2.0382076 2.0349770 2.2470720 2.2852660 2.3008261 2.2647119 2.3421312 2.3200033 2.3200033 1.7475414 0.0000010 0.0021198 0.0000000 1.9836006 2.6550905 2.6550905 2.1087835 2.4309270 2.0234681 2.1505304 2.0056822 1.8335643 1.9277211 2.7931560 1.7059304 2.8225101 3.2459086 3.0541778 2.7059956 2.8955549 2.6457029 2.7437442 2.3456422 2.5341028 2.6175616 2.7917354 2.6312915 2.6217667 2.5262198 2.5742493 2.9114727 2.0713356 2.7652194 2.6272973 2.4994886 1.7643325 2.1633728 2.7810782 3.0809471 3.1975161 3.6235368 3.7572395 2.8008370 3.8948377 4.4379493 4.0694698 3.3672450 3.6873611 3.6873611 3.1701544 4.7323656 2.7866925 3.1728384 4.1023120 4.0967932 3.0559764 4.4188000 4.4188000 4.2842615 5.4280096 5.4280096 4.4529233 4.0902520 4.2352060 5.6503989 
Opea_EP00118_Oscarella_pearsei_P013872             7.1275395 2.2932802 2.3055873 1.0857819 1.5607673 2.3189416 1.8393783 1.8579578 9.0000000 2.2762679 1.7082875 2.1101339 2.1222791 1.8756795 1.8020959 1.7168354 2.1405114 1.8819651 1.8507320 1.9293845 3.1280155 2.2434041 2.2900041 2.2900041 2.3669980 2.6605485 2.3677472 2.3655926 2.3655926 1.8326405 9.0000000 1.9836006 1.9836006 0.0000000 6.9306031 6.9306031 0.2232020 1.6644822 1.8307205 1.9216063 2.1788149 1.9609292 1.9416495 2.3350013 1.5331855 2.1723689 2.5076068 2.6314243 3.3763104 0.0000010 2.7738531 2.7738531 2.8766745 2.3626785 2.5813637 2.6794484 2.5295796 2.9051817 2.2190712 2.4243759 3.9839605 2.1711354 3.1956225 2.6941509 2.6797101 2.7476051 1.3454658 4.8402033 9.0000000 6.4645630 0.0000010 8.9999990 3.3242801 8.9999980 8.9999980 2.4428502 2.2276893 2.6653540 2.6653540 3.0092684 3.9833338 2.7560148 3.1422025 2.0547225 1.9631800 8.9999980 9.0000000 9.0000000 4.2995529 5.8786985 5.8786985 3.8767835 3.6380739 8.9999990 2.3282988 
Opea_EP00118_Oscarella_pearsei_P013871             3.6113537 3.1535592 2.2492991 2.4617850 1.0333423 2.8949217 2.4308647 2.4772260 1.9101193 3.0389198 3.2367734 2.5614827 2.5520984 2.5780648 2.5549852 2.4868307 2.9304337 2.8204809 2.9569518 2.9827775 2.7538978 2.2563105 2.7969566 2.7550935 2.6838899 2.6632808 2.6834308 2.6834308 2.6834308 2.7847995 2.8613198 2.7219389 2.6550905 6.9306031 0.0000000 0.0000010 0.1908979 3.2483855 2.7878006 2.4689257 3.0575080 2.7721551 3.0543368 3.7793128 1.2647459 3.5106508 3.5602817 3.4463935 2.6481991 2.5874518 2.7259553 2.7831790 2.5991376 2.6764386 3.1215399 3.1433050 3.2717021 2.6502891 3.3935065 3.2604861 3.2678406 2.3758897 3.5057532 3.4623906 3.5993482 2.4360676 2.7916507 2.9051935 2.7564961 3.5110178 3.2706272 3.4392664 2.8247941 3.5771514 4.6746320 4.3885639 3.3954944 4.6437276 4.6437276 5.6763497 3.8367488 2.8884499 3.2610085 7.7539164 6.1570226 3.3320799 6.5221428 6.5221428 5.7235726 8.8530848 8.8530848 8.8797910 8.9999987 5.8166484 8.9999989 
Ocar_g4160                                         3.6113537 3.1535592 2.2492991 2.4617850 1.0333423 2.8949217 2.4308647 2.4772260 1.9101193 3.0389198 3.2367734 2.5614827 2.5520984 2.5780648 2.5549852 2.4868307 2.9304337 2.8204809 2.9569518 2.9827775 2.7538978 2.2563105 2.7969566 2.7550935 2.6838899 2.6632808 2.6834308 2.6834308 2.6834308 2.7847995 2.8613198 2.7219389 2.6550905 6.9306031 0.0000010 0.0000000 0.1908979 3.2483855 2.7878006 2.4689257 3.0575080 2.7721551 3.0543368 3.7793128 1.2647459 3.5106508 3.5602817 3.4463935 2.6481991 2.5874518 2.7259553 2.7831790 2.5991376 2.6764386 3.1215399 3.1433050 3.2717021 2.6502891 3.3935065 3.2604861 3.2678406 2.3758897 3.5057532 3.4623906 3.5993482 2.4360676 2.7916507 2.9051935 2.7564961 3.5110178 3.2706272 3.4392664 2.8247941 3.5771514 4.6746320 4.3885639 3.3954944 4.6437276 4.6437276 5.6763497 3.8367488 2.8884499 3.2610085 7.7539164 6.1570226 3.3320799 6.5221428 6.5221428 5.7235726 8.8530848 8.8530848 8.8797910 8.9999987 5.8166484 8.9999989 
Opea_EP00118_Oscarella_pearsei_P013873             3.1396039 2.5757460 2.0611090 1.7116464 1.5931214 2.2763792 2.0295594 2.0568386 2.0059930 2.5878320 2.7186451 1.8736525 2.0686987 2.0330659 2.0621001 2.0698645 2.1871775 2.2368793 2.0984785 2.1015821 2.1478481 2.1993114 2.2626774 2.2465802 2.2963178 2.3096412 2.2912789 2.2882677 2.2882677 2.3490436 2.8128585 2.1333093 2.1087835 0.2232020 0.1908979 0.1908979 0.0000000 2.3074085 2.1158571 2.0043948 2.2960123 2.2729865 2.2670198 2.8331514 1.4947799 2.6702986 2.7504080 2.8305711 2.3445312 3.4697999 2.8408425 2.9037627 2.6109251 2.4824597 2.3797157 2.4616571 2.3028522 2.4819112 2.3671146 2.2229785 2.5980472 1.6641368 2.7799269 2.8385765 2.9339852 2.2799367 2.1255660 2.4733466 3.0622662 3.6957129 3.9835941 3.9079421 2.9252426 3.5913498 5.4701581 4.1558956 2.9791829 3.3403413 3.3403413 3.3223845 3.5304355 2.7843688 2.9721879 3.5967761 3.9555326 4.0365947 4.8279216 4.8279216 4.1579784 4.9380980 4.9380980 5.5097411 5.2162385 5.5700287 5.9272645 
Tcas_TC032573_001                                  2.6316749 2.7196539 2.0069040 1.6596032 1.5882468 2.4248496 1.9704776 2.0018353 1.4043943 2.6914431 2.8970490 2.1417036 2.1417566 2.0296573 1.9500285 2.1409559 2.3766292 2.1733319 2.1772524 2.1767797 2.3440437 1.7932738 2.1743328 2.1434278 2.2570752 2.2718137 2.1974913 2.1946293 2.1946293 2.1210914 3.0070152 2.4569837 2.4309270 1.6644822 3.2483855 3.2483855 2.3074085 0.0000000 2.4377161 2.1531089 1.9625801 2.2193788 1.9417381 2.8873240 1.5438369 2.7641285 2.9258986 2.9695480 3.0350396 2.8014026 2.9061863 2.9843867 2.6979413 2.4341756 2.4794794 2.4093974 2.2736814 2.3762447 2.7037272 2.2573182 2.9155075 1.8098062 3.0026834 2.7233067 2.5877732 1.7773125 2.5040392 3.2238133 2.6076137 3.4689172 3.3764147 3.3996303 2.7829520 2.5342489 3.6240379 3.1690514 2.5764307 3.2156011 3.2156011 2.5108636 3.2626649 2.8894566 3.0063311 4.0781358 4.4155231 2.9826958 4.0800880 4.0800880 3.8572820 4.3453978 4.3453978 5.0634581 5.4167194 4.5100167 5.5182482 
Xesp_006991-T1                                     2.7101944 2.5921003 2.4271283 1.7076660 1.8689925 2.5446049 1.6908882 1.6759780 1.1645696 2.6730930 3.1878456 1.3955149 1.6551542 1.6397675 1.7673650 1.7214493 1.8921749 1.9186788 2.0506801 1.9549705 1.6292869 1.9924076 2.3151036 2.3285668 2.3139338 2.1673822 2.2786114 2.2623708 2.2623708 2.1285528 2.2243501 2.0424326 2.0234681 1.8307205 2.7878006 2.7878006 2.1158571 2.4377161 0.0000000 0.9570501 2.0331164 2.0686546 2.0354007 3.1751885 2.1087342 2.8345757 3.2214366 3.0214690 2.7392057 3.3222769 2.8690023 2.8978731 2.7748988 2.4314654 2.3218508 2.2297532 2.0394672 2.6319008 2.4637090 2.3610211 2.6677428 2.6305222 2.2119533 2.7757515 2.8684056 1.9172421 2.4646069 2.4650517 2.5001774 3.2962708 4.1800703 4.0218220 3.6274404 3.5333218 3.7815416 4.2136052 3.3897524 3.8849442 3.8849442 4.9515390 3.7635100 2.9482351 2.9924568 3.9812233 3.8327803 3.0078287 4.5729184 4.5729184 3.8822908 5.2352499 5.2352499 5.5078209 5.6093197 3.7898339 4.4682485 
