125
Lcom_lcpid212537                                                   0.0000000 1.3933697 1.4744029 1.5309668 1.3789530 1.9727509 2.6902461 2.2934342 1.5192092 1.3441457 0.0000010 1.3514283 1.3562139 1.5857929 1.6871111 1.3381275 1.6619366 1.4896320 1.3715220 1.6065752 1.5312667 1.6583201 1.4826372 1.2643163 1.3274964 1.1289464 1.2580346 0.0000010 0.8031792 1.5050179 1.4200905 1.5685682 1.4189688 1.1621136 1.1609554 1.3400144 1.2969738 1.2265033 1.3636175 1.5834967 0.0000010 1.3989821 1.5462718 2.5236571 1.4858859 1.4022289 1.4318887 1.3916399 1.6415303 2.3457319 1.2653518 1.4580031 1.1151619 2.7737251 1.3902015 1.5574445 1.5415612 1.7505231 0.0000010 1.3594511 1.7019786 1.7019786 0.0000010 1.2448623 1.9223980 1.9223980 1.4942428 0.0000010 1.4942428 0.0000010 1.4942428 1.4942428 1.4942428 1.7988723 1.1523188 1.3494214 1.3494214 3.0197410 1.2616243 1.2616243 2.9447642 2.9447642 1.2027821 1.7163023 8.9999982 1.6705393 1.2867074 1.4375966 1.3353496 1.4780627 1.4449561 1.4407365 1.2659060 1.9101405 1.8615421 2.0484691 2.0755625 1.8958414 1.7399781 1.7140002 1.6680989 1.6755075 1.6259566 1.6755075 1.3789979 1.9975775 1.9975775 0.0000010 0.0000010 0.0000010 1.7865645 1.3064358 1.8217657 1.4620692 1.8782494 1.5919136 1.6624291 1.4510147 1.8618486 1.7489710 1.6975190 9.0000000 1.6962541 6.1850077 0.0000010 
Cscu_XM_023361787.1                                                1.3933697 0.0000000 0.4006468 0.9602490 0.8536929 1.2837216 1.2983380 1.4793911 1.5229176 1.4597193 1.5822680 1.2139461 1.2271422 1.2892655 1.3664204 1.3061327 1.1443446 1.1163314 1.0274431 1.1178205 1.0317624 1.0465017 1.0343973 1.0991618 0.9998682 1.4167325 1.2498150 0.9632106 1.2001960 1.6056513 1.5190235 1.5051071 1.2484612 1.3515063 1.2481729 1.0787668 1.2421082 1.3004867 1.3491780 1.4398351 1.4132923 1.3888680 1.4570355 1.3769544 1.5594017 1.2877016 1.3635393 1.0750150 1.1059125 1.4036401 1.1013223 1.4986748 1.0609194 1.2121712 1.1345172 1.2215436 1.1578034 1.3171706 1.5278162 1.4956589 1.4493966 1.4493966 1.3381333 1.2297223 1.4407123 1.4407123 1.6930197 2.2811044 1.6930197 2.2811044 1.3308395 1.3308395 1.3671995 1.4149980 1.2845442 1.4639095 1.4639095 1.6389203 1.3482280 1.3482280 1.3518947 1.3518947 1.3085992 1.2311119 1.4620616 1.2758312 1.4545941 1.2967320 1.1241913 1.1569551 2.7888879 2.4307707 1.0099630 1.4345390 1.4426099 1.5152746 1.5152746 1.5251918 1.4749350 1.4749350 1.3725288 1.2686817 1.2816198 1.4543571 1.1261862 1.3974451 1.3951314 1.1517967 1.7627510 1.6681012 1.4087918 1.3313539 1.3201736 1.1789119 1.5493708 1.1262747 1.3649293 1.1530580 1.4178786 1.1868917 2.6534335 2.7640082 1.5679035 2.8456047 1.6666443 
Cscu_XM_023365248.1                                                1.4744029 0.4006468 0.0000000 0.9137387 0.9259976 1.3824203 1.4223449 1.6266913 1.5968737 1.4318562 1.4720875 1.1431880 1.1776440 1.2555346 1.3454212 1.2791864 1.1363315 1.0809972 1.0059735 1.0796796 1.0284282 1.1001133 0.9469693 1.0856327 1.0178173 1.3480453 1.2290713 0.7850928 1.2306471 1.5683843 1.4794625 1.4601455 1.2760079 1.4104477 1.2537440 1.1239758 1.2278108 1.3300492 1.3175508 1.3612602 1.5059656 1.4448078 1.4040846 1.5591792 1.6402182 1.2174026 1.3469249 1.0990007 1.1318107 1.3827439 1.1259883 1.4135082 1.0096952 1.3120110 1.1885173 1.2806262 1.0892308 1.3535402 1.3613761 1.4135310 1.4187093 1.4187093 1.2233859 1.2090485 1.2673998 1.2673998 1.6939469 2.2544981 1.6939469 2.2544981 1.3060343 1.3060343 1.3582898 1.3382770 1.1534424 1.3776471 1.3776471 1.5808785 1.5613998 1.5613998 1.4782835 1.4782835 1.2156415 1.1349378 1.6808684 1.3756706 1.5225681 1.3758185 1.0699335 1.1068004 2.2886405 1.8649655 1.0314040 1.3898915 1.3828569 1.4321348 1.4321348 1.4432852 1.3870819 1.3870819 1.4922527 1.3816503 1.4007040 1.5466503 1.2884791 1.4733787 1.4876801 1.3267650 1.8395899 1.6618955 1.4501975 1.3840450 1.6409087 1.1792236 1.4988796 1.1264985 1.3203374 1.1743208 1.3300706 1.2275056 2.5895112 2.3643887 1.7025258 2.8171518 2.0044528 
Tcas_TC009301_001                                                  1.5309668 0.9602490 0.9137387 0.0000000 0.8201562 1.5279532 1.5052741 1.8702932 1.6541135 1.4787653 2.4440498 1.4323235 1.3656192 1.5798748 1.3747920 1.3690983 1.4045129 1.3954861 1.3616404 1.4254271 1.2291955 1.3927363 1.2138415 1.3263199 1.3897609 1.4280234 1.3426303 1.1827812 1.4777214 1.7447423 1.6346186 1.5660878 1.3094116 1.4531001 1.4803236 1.4536832 1.3441933 1.4003385 1.2452867 1.5370263 3.1333297 1.4693076 1.4851389 1.3759436 1.6126718 1.6175672 1.5321484 1.3678296 1.2385362 1.4575634 1.4528600 1.3139471 1.2036805 1.5442224 1.3075976 1.4426588 1.5479141 1.7220065 1.7101865 1.6698426 1.6142257 1.6142257 1.7544294 1.5103876 1.7375221 1.7375221 1.6811906 1.8037740 1.6811906 1.8037740 1.5089658 1.5089658 1.4760405 1.6204032 1.4985898 1.6484640 1.6484640 1.9155209 1.5925700 1.5925700 1.6359836 1.6359836 1.3970044 1.4126086 2.4790657 1.5489586 1.6312278 1.3209662 1.5787649 1.6301252 2.5461257 1.8325403 1.5100495 1.4079531 1.4576781 1.5303094 1.5303094 1.4743736 1.5315637 1.5315637 1.6937839 1.6101544 1.7091187 1.6101544 1.4995604 1.7056133 1.7031330 3.0774368 2.1007010 1.7566488 1.7106399 1.5657660 1.9301047 1.4756836 1.7222170 1.2920775 1.4338635 1.4006600 1.5732977 1.4871589 2.5949914 3.4292392 1.3148758 3.0883918 3.2574191 
Dpul_mRNA18923                                                     1.3789530 0.8536929 0.9259976 0.8201562 0.0000000 1.4986548 1.4545700 1.6618154 1.3541837 1.4520786 1.7626567 1.4613744 1.4805062 1.5936966 1.4744672 1.5638113 1.3449513 1.2225850 1.2537418 1.3405106 1.1233877 1.2525805 1.2289904 1.3202316 1.2308263 1.4001411 1.2325312 0.7344138 1.4607735 1.6540174 1.6100642 1.5985567 1.2617140 1.4071678 1.2498752 1.4698149 1.4038851 1.4135481 1.2048300 1.5138429 1.6106051 1.3997218 1.4768569 1.1901983 1.5872413 1.4257618 1.4297065 1.4109628 1.4042420 1.7002688 1.3479787 1.4272777 1.2328895 1.4386898 1.2172738 1.3876970 1.4027048 1.5359807 1.5876456 1.6155848 1.6314325 1.6314325 1.6324519 1.4835279 1.6187958 1.6187958 1.8620546 2.8049042 1.8620546 2.8049042 1.5348535 1.5348535 1.3331572 1.6039549 1.5875435 1.5523265 1.5523265 1.8324517 1.5993633 1.5993633 1.6244480 1.6244480 1.3987481 1.3594311 1.9075305 1.4092352 1.4817945 1.2716747 1.4753531 1.5297973 2.6019333 3.2456998 1.5277298 1.5235391 1.4959820 1.6500782 1.6500782 1.6188584 1.5606321 1.5606321 1.6583674 1.5383884 1.5395933 1.7496377 1.5021422 1.5721688 1.5698545 1.6677884 1.9335803 1.8180760 1.7396818 1.6460382 1.9432125 1.4068251 1.4995252 1.3437664 1.4978291 1.1754648 1.4013801 1.5447534 2.5782626 2.4949505 1.9090770 3.6213186 2.5564980 
Cscu_XM_023372329.1                                                1.9727509 1.2837216 1.3824203 1.5279532 1.4986548 0.0000000 0.0621848 1.4421328 1.3785607 1.3078667 1.8083761 1.2159981 1.2812127 1.1733885 1.3528134 1.1371104 1.1331913 1.1429244 1.1404919 1.1227037 1.0633867 1.0500819 1.0507838 1.2360068 1.0528723 1.4113200 1.2329055 0.9105559 1.1862397 1.5348863 1.5477337 1.5346999 1.1915053 1.2476215 1.2754517 1.0931359 1.2422574 1.2148811 1.4182585 1.3528640 1.8270831 1.6239381 1.7208394 1.2950024 1.9427335 1.6753498 1.5214234 1.0685827 1.2017008 1.6735765 1.2228898 1.9268276 1.2700450 1.4750273 1.2326418 1.1814833 1.3300530 1.4684896 1.1522822 1.2342769 1.2811758 1.2811758 0.9943719 1.2570241 1.5241564 1.5241564 1.9383362 2.5277552 1.9383362 2.5277552 1.4152014 1.4152014 1.6075479 1.5092320 1.2385614 1.3313780 1.3313780 1.6359737 1.6040777 1.6040777 1.5538247 1.5538247 1.3709258 1.3486443 1.6982650 1.4349885 1.4327453 1.3722781 1.0680612 1.1028565 2.3075408 2.3845191 1.1611501 1.3081972 1.3273884 1.3498807 1.3522282 1.3928662 1.3169056 1.3144312 1.4426629 1.2966016 1.2487472 1.5100501 1.1508174 1.3085992 1.3085992 1.6341778 1.6658858 1.5997331 1.4157779 1.4629271 1.8737116 1.2285293 1.5721951 1.0629338 1.5227956 1.2596023 1.4156611 1.3568231 2.5682587 2.0061017 1.7504380 3.0537189 1.2993851 
Cscu_XM_023372306.1                                                2.6902461 1.2983380 1.4223449 1.5052741 1.4545700 0.0621848 0.0000000 1.5348583 1.4484811 1.2913958 0.0000010 1.0768130 1.3049487 1.2269730 1.3153778 0.9443289 1.1452139 1.1640040 1.2873676 1.0871555 1.1328543 1.0720013 1.1125976 1.2721151 0.9295189 1.3090466 1.2807863 0.0000010 0.9991493 1.8130861 1.9501587 1.5779905 1.1926831 1.1647427 1.4253459 1.0567578 1.1373927 1.2401591 1.5924310 1.1763656 0.0000010 1.5518487 1.8553128 1.2076369 1.7316194 1.6373743 1.5430479 1.0531192 1.2570851 1.6356301 1.2517617 1.9362867 1.3767337 1.4412950 1.3675802 0.9823368 1.4562494 1.5329984 1.2129611 1.2579521 1.3412987 1.3412987 0.0000010 1.3135971 1.6149463 1.6149463 1.4991068 0.0000010 1.4991068 0.0000010 1.4991068 1.4991068 1.5193515 1.6390720 1.4478354 1.6130547 1.6130547 1.5300564 1.6737823 1.6737823 1.1438658 1.1438658 1.4325112 1.5761259 2.1846840 1.3429151 1.4946647 1.2686980 0.9450649 1.0077966 8.9999985 2.5682461 1.2044159 1.1719876 1.1778106 1.1785804 1.1850158 1.2002524 1.1641955 1.1576160 1.0898995 1.2044195 1.0810643 1.2044195 1.0135723 1.3047001 1.3047001 0.0000010 1.4734736 1.4734736 1.3738205 1.6990227 1.9647586 1.2387839 1.7862660 1.0097792 1.6654375 1.1446374 1.2471150 1.4373193 1.7404533 6.9014190 2.2025818 2.2981020 0.0000010 
Aaur_scaffold738.g7.t1                                             2.2934342 1.4793911 1.6266913 1.8702932 1.6618154 1.4421328 1.5348583 0.0000000 0.7300295 0.9026451 0.9290657 1.2007310 1.2454902 1.2343137 1.1739707 1.0967439 1.2309513 1.1208679 1.1041256 1.0732487 1.1432451 1.1792500 1.1212449 1.0949551 1.0010538 1.1416636 1.0107799 0.5058463 0.9332954 1.1860456 1.1569226 1.1323663 0.9520573 0.9818660 1.0269579 1.0095760 1.2608007 0.8986881 1.1472757 0.9407071 0.9308197 0.9434166 1.2166208 0.8440485 1.2232640 1.0428873 1.0268813 1.0513565 1.0408475 1.3413584 1.0666347 1.6835251 0.9959330 1.1524437 1.1126583 1.1433650 1.1749386 1.2607579 0.9467168 0.9839698 0.9839698 0.9839698 0.7735974 1.0198667 1.0809294 1.0809294 1.5502025 1.6757007 1.5502025 1.6757007 1.0371423 1.0371423 0.9961875 1.0156697 1.0719058 1.0400326 1.0400326 1.0162505 1.1049138 1.1049138 1.0393204 1.0393204 1.0690931 1.0238130 1.3755052 1.0335696 1.1152769 1.1001639 1.0292200 1.0617212 4.8890789 3.0648752 1.0116972 1.0933716 1.0836736 1.1251460 1.1251460 1.1464531 1.1576641 1.1576641 1.3556237 1.2378936 1.1690557 1.4775062 1.2256326 1.2942119 1.2977433 0.8078357 1.1257143 1.1997267 1.2781715 1.3431178 2.2358375 1.0944508 0.9157898 1.1168450 1.3787091 1.2138671 1.3529774 1.2659974 2.7408993 2.1706690 1.3219839 2.3186902 1.6420758 
Ctel_gnl_WGS_AMQN_CAPTEDRAFT_mRNA95741                             1.5192092 1.5229176 1.5968737 1.6541135 1.3541837 1.3785607 1.4484811 0.7300295 0.0000000 0.8547545 0.6406182 1.2588294 1.2881414 1.3662198 1.2536858 1.1971130 1.1319325 1.1010981 1.0928641 1.0703575 1.1311748 1.0102985 1.1320575 1.0245903 1.0813640 1.2147231 1.1149894 0.6411027 1.0305618 1.3938163 1.3976848 1.2934640 0.9834205 1.0871021 0.9858815 1.0613908 1.1287179 1.1154630 1.1506201 0.9951684 0.8866757 1.2223386 1.3285841 1.0247387 1.3826582 0.9983276 1.0238150 1.1376839 1.2896899 1.5929556 1.0886292 1.6621814 1.0032151 1.4964408 1.2244916 1.0709392 1.0486026 1.1714080 0.9197457 1.1310097 1.1062283 1.1062283 0.9034852 1.1322467 1.3121157 1.3121157 1.6482938 1.9443695 1.6482938 1.9443695 1.1653802 1.1653802 1.2825773 1.1672660 0.9844970 1.0635890 1.0635890 1.3602653 1.2975229 1.2975229 1.1170693 1.1170693 0.9867146 1.2342286 1.2518512 1.1044864 1.2418919 1.0796740 1.1019235 1.1328054 1.9072646 1.8669146 1.0904938 1.2965760 1.2889848 1.3409619 1.3409619 1.3622039 1.2785666 1.2785666 1.3715257 1.3036943 1.2389503 1.4815577 1.3080539 1.3008272 1.3037711 0.7582727 1.1952020 1.2388933 1.3533495 1.3070459 1.9163890 1.2113230 1.2112357 1.0688092 1.2870216 1.2450271 1.3265169 1.1960465 2.5541493 1.1766636 1.3270533 3.7945211 1.5224665 
Ctel_gnl_WGS_AMQN_CAPTEDRAFT_mRNA147092                            1.3441457 1.4597193 1.4318562 1.4787653 1.4520786 1.3078667 1.2913958 0.9026451 0.8547545 0.0000000 1.0284912 1.1745318 1.1881640 1.2275691 1.0914858 1.0102036 1.0773333 1.0319514 0.9712659 0.9450515 1.0935723 1.0466544 1.0505382 1.0813155 1.1459183 1.1282156 1.0055917 0.5197916 0.9140337 1.3229134 1.2563546 1.2304928 0.8907348 0.9113114 1.0258595 1.0103712 1.1364685 1.0197857 1.0615086 1.1766271 0.9232576 1.0587899 1.1465748 1.0037798 1.3364745 1.2105891 1.0994625 1.1743907 1.1175912 1.4671280 1.1585956 1.7011498 1.1073019 1.2987025 1.1281002 1.0340517 1.1774712 1.2229238 1.2097900 1.4249727 1.3491874 1.3491874 1.1075137 1.2918987 1.3362404 1.3362404 1.7388821 2.3080630 1.7388821 2.3080630 1.2578017 1.2578017 1.2388285 1.2390147 1.2037830 1.2655420 1.2655420 1.5127487 1.3143671 1.3143671 1.2567310 1.2567310 1.0535998 1.1548538 1.7088749 1.1295727 1.2651121 1.2628434 1.0508234 1.0721449 1.7799683 1.5294701 1.1628283 1.1250110 1.1117080 1.1275052 1.1275052 1.1817492 1.1340648 1.1340648 1.2479385 1.2337313 1.1741405 1.3986462 1.1615992 1.2159200 1.2185850 0.8485463 1.3986796 1.5315452 1.3709664 1.3296509 1.5613821 1.2289910 1.3449294 1.0270336 1.2537116 1.2744251 1.3051027 1.2189841 2.3704435 1.6744067 1.6191271 2.9914195 1.9240259 
Ctel_gnl_WGS_AMQN_CAPTEDRAFT_mRNA97112                             0.0000010 1.5822680 1.4720875 2.4440498 1.7626567 1.8083761 0.0000010 0.9290657 0.6406182 1.0284912 0.0000000 0.9944814 1.0607115 1.7093158 1.2293510 1.1420835 1.2259848 1.0990306 1.0643198 0.9658181 1.1359139 1.1359139 1.0130753 1.2028395 1.3734317 1.6013978 1.0430363 0.0000010 0.9229086 1.5155815 1.4545690 1.3720117 1.0880788 1.0699435 0.7372371 0.9002519 1.4119846 0.8913648 1.2697588 1.0715625 1.0229906 1.0708932 1.2518416 3.0860491 1.6644606 1.0447302 1.0566323 1.3748068 1.2623344 1.3786117 1.1195879 0.0000010 1.0224531 1.3456059 1.2042620 1.2371480 1.1785841 1.7641244 1.2102917 1.2102917 1.2102917 1.2102917 1.2012890 1.1545445 1.4159380 1.4159380 5.7435103 5.7435103 5.7435103 5.7435103 1.2469523 1.2469523 0.0000010 1.2082930 1.2252897 1.2306478 1.2306478 1.3433037 1.5255515 1.5255515 1.5255515 1.5255515 1.1967183 1.0125913 0.9299409 0.9299409 1.3087502 1.6323260 1.1398430 1.1398430 9.0000000 5.8779502 0.9616014 1.3040770 1.3040770 1.3799520 1.3799520 1.4369051 1.3922513 1.3922513 1.7769484 1.4150972 1.3535309 2.2242731 1.3277364 1.2836460 1.2836460 1.0301092 1.4746207 1.5581859 1.3177071 1.6452297 0.0000010 1.1161617 1.1864924 1.7594737 1.8390774 0.0000010 1.9968463 1.9578331 6.4400425 2.1126808 1.4535148 7.0038362 2.1886607 
Emue_Em0021g36a.t1                                                 1.3514283 1.2139461 1.1431880 1.4323235 1.4613744 1.2159981 1.0768130 1.2007310 1.2588294 1.1745318 0.9944814 0.0000000 0.1619824 0.6018959 0.5738330 0.5177481 0.9308053 0.9631162 0.9558446 0.8527173 1.0113859 1.0044632 0.9025260 0.8569984 0.7234502 1.1135001 1.0095911 0.6702438 0.7666918 1.1043442 1.1145742 0.9497521 0.9703275 1.0266650 0.9276937 0.9163880 1.0742370 0.8900189 1.0660366 1.0315370 1.2393509 1.0620539 1.0729543 0.9172745 1.2695326 1.0042413 1.0463510 0.8874131 0.8828679 1.1627833 0.7553826 1.3573393 0.8574266 1.2679823 1.0609734 0.9152068 1.0961987 1.2352983 1.0315572 1.1156127 1.1043197 1.1043197 0.7703423 0.9927375 1.0915484 1.0915484 1.4567683 2.0206467 1.4567683 2.0206467 1.0905025 1.0905025 1.1182877 1.0571428 0.9538446 0.9880090 0.9880090 1.3386518 1.1572668 1.1572668 1.0393320 1.0393320 0.9461102 1.0570542 1.5641770 0.9816027 1.0729604 1.1103383 0.8327606 0.8497373 1.6792657 1.4726816 0.9188953 1.0412522 1.0138996 1.0605618 1.0605618 1.0624763 1.0290696 1.0290696 1.2323054 1.1473722 1.1098739 1.3083536 1.0641406 1.1744272 1.1865635 1.0049002 1.1226086 1.1387039 0.9625588 0.9039894 1.0515128 1.0046221 1.1494522 1.1416266 1.1309557 0.9009761 1.5635417 1.1138330 2.0936809 2.1140693 1.6119246 2.0158700 2.1599018 
Spolac_c101770_g1_i1_m.26726c101770-g1                             1.3562139 1.2271422 1.1776440 1.3656192 1.4805062 1.2812127 1.3049487 1.2454902 1.2881414 1.1881640 1.0607115 0.1619824 0.0000000 0.6606458 0.6099616 0.5083462 0.9956755 0.9938015 0.9233407 0.9037921 1.0482667 1.0272673 0.9259683 0.8762576 0.7853732 1.1421087 1.0119155 0.5962742 0.7689201 1.1301261 1.1757502 1.0115028 1.0630118 1.0845514 0.9749581 0.9432630 1.0517854 0.9414812 1.1394642 1.0230869 1.2190754 1.1097738 1.1111247 0.9090053 1.2659786 1.0279173 1.0731389 0.9141663 0.9380046 1.2092567 0.7947979 1.5048805 0.9213136 1.2601129 1.0719110 1.0804333 1.0499677 1.1819555 1.1179061 1.1802302 1.1803717 1.1803717 0.8775207 1.0821472 1.1664446 1.1664446 1.5108094 1.9358058 1.5108094 1.9358058 1.1328075 1.1328075 1.1687282 1.1020983 0.9619297 1.0343174 1.0343174 1.3620849 1.1200690 1.1200690 0.9619922 0.9619922 0.9346137 1.1084623 1.5116331 1.0617898 1.1758226 1.1267275 0.8598293 0.8779122 1.8131880 1.5922468 0.9347650 1.1080764 1.0886854 1.1407510 1.1429538 1.1659018 1.0952707 1.0929419 1.3367257 1.1926420 1.1807544 1.3821467 1.1483179 1.2143139 1.2172802 1.1003356 1.0845090 1.1070845 0.9175766 0.9358337 1.0937929 1.1115410 1.1988388 1.1866815 1.1903520 0.9777576 1.5526319 1.0594525 2.1486508 2.7315917 1.7107764 1.9640759 2.0885756 
Tetwil_g5277.t1                                                    1.5857929 1.2892655 1.2555346 1.5798748 1.5936966 1.1733885 1.2269730 1.2343137 1.3662198 1.2275691 1.7093158 0.6018959 0.6606458 0.0000000 0.3921189 0.4056656 0.9331708 0.9150117 0.8843939 0.8325936 0.9449041 0.9312233 0.8396990 0.9302773 0.8521135 1.2434764 1.0823098 0.5471436 0.8054725 1.0597425 1.0530869 1.1053031 1.0155286 1.0325776 0.9750115 0.8230753 0.9587946 0.9880247 1.0730013 1.0650882 0.9305950 0.9636534 1.0780483 0.8269347 1.1860197 1.1246064 1.1582473 0.8916805 0.9071817 1.1478294 0.8285540 1.3097089 0.9046592 1.1058681 0.8636186 0.8822557 0.8687401 0.9277817 1.0710833 1.1673812 1.2043869 1.2043869 0.9387362 1.0358881 1.0153689 1.0153689 1.3152552 1.7829148 1.3152552 1.7829148 1.0002435 1.0002435 1.0256543 0.9803415 0.8290966 0.9932495 0.9932495 1.2571865 1.0335466 1.0335466 0.8443741 0.8443741 1.0661956 1.0298942 1.6831951 1.0503470 1.0572979 1.2463378 0.8132708 0.8243938 1.5267246 1.3741219 0.9762049 0.9308946 0.9184395 1.0047259 1.0078808 1.0026341 0.9688855 0.9655980 1.3784522 1.1548566 1.1815754 1.3663537 1.1060041 1.2414670 1.2539947 1.2482794 1.0734033 1.0916813 0.9173039 0.8024898 1.1241517 0.9729430 1.2195448 1.0022124 1.2236606 0.9118392 1.3789735 1.0252211 2.0339630 1.3724418 1.7050017 2.3139474 1.1735967 
Stycar_augustus_masked-SC_scaffold117567-processed-gene-0.1-mRNA-1 1.6871111 1.3664204 1.3454212 1.3747920 1.4744672 1.3528134 1.3153778 1.1739707 1.2536858 1.0914858 1.2293510 0.5738330 0.6099616 0.3921189 0.0000000 0.0000010 0.8880632 0.8925741 0.8977120 0.8480628 0.8492333 0.8232756 0.8589832 0.9467809 0.8537102 1.1666130 0.9404865 0.5009396 0.7227874 0.7962849 0.8967624 0.9049437 0.9074837 0.9093469 0.9124523 0.7741510 0.9424526 0.9410218 1.0091912 0.9226655 0.6741101 1.0300931 1.1182109 0.8185734 1.2851160 1.0310261 0.9453676 0.8782147 0.9648510 1.2657863 0.8558812 1.4363067 0.8748509 1.1724292 0.9383142 0.9374422 0.8963469 0.8950739 0.9517350 1.1863267 1.1676844 1.1676844 0.7573604 1.0755164 1.1234356 1.1234356 1.3357552 1.3451537 1.3357552 1.3451537 1.1291856 1.1291856 1.2014799 1.1220167 0.9129659 1.0789131 1.0789131 1.2735673 0.9204640 0.9204640 0.6915299 0.6915299 1.0458018 0.9456596 1.8061402 0.9722984 0.9385034 1.0384342 0.8191590 0.8317693 1.6387882 1.2398073 1.1200034 1.0087130 1.0280475 1.0422497 1.0620547 1.1557169 0.9602532 0.9415547 1.2518191 1.1392003 1.1347958 1.3065183 1.0993154 1.2776957 1.2921249 0.8581334 1.0064380 1.0471942 0.9025896 0.7794041 1.2770092 1.0611093 1.1371682 1.1015565 1.0982195 1.0643093 1.4802782 0.9112628 1.4507662 2.0951499 1.6942746 2.4872807 2.2465033 
Stycar_augustus_masked-SC_scaffold4961-processed-gene-0.3-mRNA-1   1.3381275 1.3061327 1.2791864 1.3690983 1.5638113 1.1371104 0.9443289 1.0967439 1.1971130 1.0102036 1.1420835 0.5177481 0.5083462 0.4056656 0.0000010 0.0000000 0.8150919 0.8594360 0.8426633 0.7692331 0.7815194 0.7385638 0.7242852 0.7852086 0.7556940 1.0349024 0.8560176 0.5009396 0.7909382 0.8386637 0.8964139 0.8275681 0.8344644 0.8517020 0.7862376 0.7201908 0.9161207 0.8094387 0.8719748 0.8571926 0.7938199 0.8671150 0.8988076 0.9484077 1.1058302 0.9309732 0.9061609 0.8137866 0.7930671 1.0322247 0.7051971 1.2546825 0.7394554 0.7521543 0.7822430 0.8503959 0.7829285 0.8295248 0.9798974 0.9591388 0.9591388 0.9591388 0.7841529 0.8888616 0.9116416 0.9116416 1.3093390 1.6431043 1.3093390 1.6431043 0.8764865 0.8764865 0.9206711 0.8678811 0.8767754 0.8988978 0.8988978 0.7965373 0.8402233 0.8402233 0.8150855 0.8150855 0.8820590 0.8118498 1.4305036 0.9698661 0.9370625 1.0230675 0.7294926 0.7394960 5.4923573 2.7351604 0.8902704 0.8571417 0.8743198 0.8736719 0.8736719 0.9620278 0.8487634 0.8487634 1.1431253 1.0106282 1.0154660 1.1875695 1.0342593 1.0647015 1.0794762 0.9692901 1.0037109 1.0325196 0.8637375 0.7771950 1.0926307 0.8939312 1.0291637 0.8921193 1.0429749 1.0085010 1.2459401 0.8878624 2.1219533 2.0264941 0.5985754 1.4043913 1.5731316 
Spis_XP_022785850_1                                                1.6619366 1.1443446 1.1363315 1.4045129 1.3449513 1.1331913 1.1452139 1.2309513 1.1319325 1.0773333 1.2259848 0.9308053 0.9956755 0.9331708 0.8880632 0.8150919 0.0000000 0.1102230 0.2649491 0.2415654 0.3438336 0.3365295 0.2625330 0.7543814 0.6536848 0.9453405 0.8338724 0.5222564 0.8166524 1.0622912 1.1257408 1.0166368 0.8876685 0.7859569 0.8199945 0.6825669 0.8181440 0.8573512 0.7837151 0.9671292 0.8632352 0.9174740 0.9677090 0.7755999 1.1204984 1.0119742 1.0450586 0.8689248 0.7439250 0.9463608 0.7695848 1.0600210 0.6708229 0.8964631 0.7445895 0.8090848 0.7205163 0.8050900 0.8527348 1.0608267 1.0981151 1.0981151 0.6552327 0.8658668 1.0955496 1.0955496 1.4753735 1.8348545 1.4753735 1.8348545 1.0903586 1.0903586 1.1410287 1.0554233 0.9170406 1.0877740 1.0877740 1.2380763 0.9948474 0.9948474 0.7779651 0.7779651 0.8921849 1.0413042 1.1934836 0.9290681 1.0576100 0.9883421 0.9054352 0.9324354 2.3125999 2.5121588 0.7547867 0.9904336 1.0123244 1.0275712 1.0275712 1.0577968 0.9605735 0.9605735 1.1677040 1.0561515 1.0478175 1.2153617 0.9956154 1.2143274 1.2265272 0.8138242 1.0432466 1.1064558 1.1626931 1.0402345 1.5845967 0.9495320 1.1712033 1.0044490 1.1251918 0.9153298 1.3097523 0.7125901 2.1855931 1.3021862 1.5096824 2.5943024 1.3316635 
Pocdam_XM_027180775.1                                              1.4896320 1.1163314 1.0809972 1.3954861 1.2225850 1.1429244 1.1640040 1.1208679 1.1010981 1.0319514 1.0990306 0.9631162 0.9938015 0.9150117 0.8925741 0.8594360 0.1102230 0.0000000 0.2455405 0.2616554 0.3669812 0.3589094 0.3202841 0.7784617 0.6386999 0.9462469 0.8339595 0.6060752 0.7899968 1.0158446 1.1041928 0.9814608 0.8967851 0.7741169 0.7674635 0.7199611 0.8794086 0.8412080 0.8043724 0.9272997 0.8653136 0.9017879 0.9675700 0.7791094 1.0739112 0.9689386 1.0141485 0.8407559 0.7706473 0.9857977 0.7373959 0.9470530 0.6609305 0.8634771 0.6894119 0.8527948 0.7094773 0.8032643 0.8586354 1.0836852 1.1387236 1.1387236 0.7273438 0.9164679 1.0705823 1.0705823 1.4916035 2.0137351 1.4916035 2.0137351 1.0818436 1.0818436 1.1176562 1.0472926 0.9332568 1.1087544 1.1087544 1.2590624 1.0388214 1.0388214 0.8428624 0.8428624 0.8912482 0.9747347 1.1508613 0.9334734 1.0377902 0.9312879 0.8877061 0.9134953 1.9744419 2.3394664 0.7177239 0.9513261 0.9623547 0.9790204 0.9790204 1.0014061 0.9155139 0.9155139 1.1620405 1.0080966 1.0188174 1.1698878 0.9660427 1.2016978 1.1993637 0.7845749 1.0151070 1.0747295 1.0936399 0.9883805 1.4149837 0.9574155 1.1890132 0.9611893 1.0722635 0.8995088 1.2678130 0.7306770 2.1239260 1.4385655 1.5859964 2.5211836 1.1246383 
Gasp_gasp1.m3.13680.m1                                             1.3715220 1.0274431 1.0059735 1.3616404 1.2537418 1.1404919 1.2873676 1.1041256 1.0928641 0.9712659 1.0643198 0.9558446 0.9233407 0.8843939 0.8977120 0.8426633 0.2649491 0.2455405 0.0000000 0.1947240 0.3075093 0.3107647 0.2762992 0.7658455 0.6900690 0.9492005 0.8024358 0.4731116 0.7751646 1.0014096 1.0494227 0.9685878 0.8884102 0.7669684 0.7626773 0.6644527 0.8105219 0.8435651 0.8349725 0.9657027 0.8244415 0.9089280 0.9777292 0.8449272 1.1245656 0.9381098 1.0099479 0.8347571 0.7389252 0.9635952 0.7748564 1.1377054 0.6542287 0.7821421 0.6149843 0.8483246 0.7145019 0.7910120 0.8427362 1.0793921 1.1216498 1.1216498 0.7094286 0.9320132 1.0485083 1.0485083 1.3890865 1.7573223 1.3890865 1.7573223 1.0018809 1.0018809 1.0534855 1.0078580 0.8646693 1.0357513 1.0357513 1.2572592 0.9248780 0.9248780 0.7565492 0.7565492 0.9086550 0.9454207 1.0970877 0.9545061 1.0513049 0.9229384 0.8271411 0.8501122 2.0677410 2.0306201 0.6936579 0.9904662 1.0017726 1.0491400 1.0491400 1.0988592 0.9961117 0.9961117 1.1296376 1.0324774 1.0120784 1.1761293 0.9282228 1.2021380 1.1997985 0.7874499 0.9438911 0.9950423 1.0612928 0.9117287 1.5296572 0.8919470 1.1692840 0.9832731 1.0149068 0.9182581 1.2804015 0.6831790 2.0654271 1.2566215 1.3935421 2.5361697 1.1983361 
Fspp_ffun1.m4.2061.m1                                              1.6065752 1.1178205 1.0796796 1.4254271 1.3405106 1.1227037 1.0871555 1.0732487 1.0703575 0.9450515 0.9658181 0.8527173 0.9037921 0.8325936 0.8480628 0.7692331 0.2415654 0.2616554 0.1947240 0.0000000 0.3237260 0.3459446 0.2434731 0.6903681 0.6732142 0.8584310 0.7671012 0.4463661 0.6891937 0.9822559 1.0735660 0.9611956 0.8535925 0.7182486 0.7561513 0.6156709 0.7447902 0.8245273 0.7802246 0.9213129 0.7683502 0.8467329 0.9243900 0.7788240 1.0796820 0.9010533 0.9547495 0.8425667 0.6979886 0.9498679 0.7276255 1.1481485 0.6155758 0.8310552 0.6385592 0.7344069 0.6463920 0.7528979 0.9003282 1.0910027 1.1408019 1.1408019 0.7053683 0.8950241 1.0508215 1.0508215 1.4785837 1.9039188 1.4785837 1.9039188 1.0692318 1.0692318 1.1015185 1.0493903 0.8603504 1.0527161 1.0527161 1.2413225 0.9495456 0.9495456 0.7527693 0.7527693 0.8878743 0.8961652 1.0777168 0.9140518 1.0186967 0.8943836 0.8259921 0.8486661 2.0589589 2.0395473 0.6587211 0.9871693 0.9918411 0.9998661 1.0031330 1.0555069 0.9760869 0.9727773 1.1257993 1.0356309 1.0173678 1.1923265 0.9522591 1.2277535 1.2400523 0.6560187 0.9790218 1.0351337 1.1017748 0.9692303 1.4914401 0.9402029 1.1089851 1.0264739 1.0126377 0.8136852 1.3549267 0.6661365 2.2154285 1.3715671 1.5108547 2.4523647 1.2848664 
Amil_Amillepora21918-RA                                            1.5312667 1.0317624 1.0284282 1.2291955 1.1233877 1.0633867 1.1328543 1.1432451 1.1311748 1.0935723 1.1359139 1.0113859 1.0482667 0.9449041 0.8492333 0.7815194 0.3438336 0.3669812 0.3075093 0.3237260 0.0000000 0.0324982 0.2194088 0.7056470 0.7334225 0.8966607 0.8006552 0.6033016 0.8171285 1.0506022 1.0374749 1.0436100 0.8332175 0.7387736 0.7454739 0.6348258 0.7381877 0.8163330 0.7706183 0.9156845 0.9103887 0.8813812 0.9472812 0.7848570 1.0709484 0.9333881 0.9092535 0.8764520 0.7397826 1.0434570 0.8136010 1.0364633 0.6006329 0.8056562 0.6194031 0.7849624 0.6849961 0.8008870 0.8613276 1.1152527 1.1284872 1.1284872 0.6809100 0.9265533 1.0456451 1.0456451 1.4257220 1.8583836 1.4257220 1.8583836 1.0131326 1.0131326 1.1315892 1.0352963 0.8956457 1.0791555 1.0791555 1.2280028 1.0303873 1.0303873 0.9805609 0.9805609 0.8591722 0.9318523 1.2435829 0.9364320 1.0312545 1.0056739 0.8379309 0.8609711 1.8379542 1.9891993 0.8066020 1.0002905 1.0045248 1.0577348 1.0577348 1.0355638 0.9851814 0.9851814 1.2509618 1.1328188 1.1176989 1.2879740 1.0589876 1.2861858 1.2838575 0.7271421 1.1254971 1.1535382 1.1623514 1.0478042 1.6491198 0.9125099 1.0836596 0.8697580 0.9988868 0.9741308 1.2690060 0.7064388 2.0821577 1.1905051 1.4159658 3.0265565 1.0848958 
Adig_XM_015899400.1                                                1.6583201 1.0465017 1.1001133 1.3927363 1.2525805 1.0500819 1.0720013 1.1792500 1.0102985 1.0466544 1.1359139 1.0044632 1.0272673 0.9312233 0.8232756 0.7385638 0.3365295 0.3589094 0.3107647 0.3459446 0.0324982 0.0000000 0.2177338 0.6936430 0.7597536 0.9081098 0.7877351 0.6164785 0.8091583 0.9613784 0.9599819 0.9390726 0.8112624 0.7123907 0.7343167 0.6311854 0.7150473 0.8121494 0.7403134 0.9038217 0.9103887 0.8348934 0.8719472 0.7613292 1.0086226 0.9365465 0.8812765 0.8452447 0.6978684 0.9553487 0.6974801 3.8116350 0.5827188 0.7756369 0.5515182 0.8569013 0.6697309 0.8067979 0.8475623 0.9919360 0.9967593 0.9967593 0.6627852 0.8616169 0.9782629 0.9782629 1.5138119 1.8323442 1.5138119 1.8323442 0.9965078 0.9965078 1.1621027 1.0227221 0.8626565 0.9954761 0.9954761 1.1901558 1.0239937 1.0239937 0.9722001 0.9722001 0.7659963 0.8753144 1.1905647 0.9672850 0.9982635 1.0214788 0.8116835 0.8116835 1.8379542 1.9891993 0.7463528 0.9145390 0.9329633 1.0000878 1.0000878 0.9889371 0.9588339 0.9588339 1.1379513 1.0161289 1.0129863 1.1895393 1.0168349 1.0953096 1.0924584 0.7271421 1.1305436 1.1591641 1.0528406 0.9816374 1.6138881 0.7862623 1.0655463 0.8812468 1.0387746 0.9137795 1.3019376 0.7520726 2.3804564 1.0558724 1.2199253 2.3330953 1.0848958 
Gfas_gfas1.m1.1793.m1                                              1.4826372 1.0343973 0.9469693 1.2138415 1.2289904 1.0507838 1.1125976 1.1212449 1.1320575 1.0505382 1.0130753 0.9025260 0.9259683 0.8396990 0.8589832 0.7242852 0.2625330 0.3202841 0.2762992 0.2434731 0.2194088 0.2177338 0.0000000 0.7113509 0.6984868 0.8982566 0.7803475 0.4562689 0.7879419 0.9733314 0.9990065 0.9351346 0.7922222 0.7474547 0.7852141 0.6246932 0.7146320 0.8272726 0.7814244 0.9071672 0.9429694 0.8651489 0.9456409 0.7945292 1.0637256 0.9773268 0.9639221 0.7458784 0.6545529 0.8962166 0.7479220 1.0749991 0.6037321 0.7936118 0.6278405 0.8253329 0.6658859 0.7527404 0.8377322 1.0403978 1.0484157 1.0484157 0.5904807 0.8334640 1.0235931 1.0235931 1.3205516 1.6675647 1.3205516 1.6675647 0.9146484 0.9146484 1.0230988 0.9393145 0.8447004 1.0148256 1.0148256 1.1281485 1.0361105 1.0361105 0.8911462 0.8911462 0.8078676 0.9220503 1.2155710 0.9073458 1.0387170 1.0191544 0.7815806 0.8018084 2.1496104 1.9310925 0.6660072 0.9053771 0.9177885 0.9557702 0.9557702 0.9581551 0.8792369 0.8792369 1.1093591 1.0057000 1.0022329 1.1444961 0.9401766 1.1806462 1.1927258 0.8675946 0.9878145 1.0042037 1.0877738 0.9450681 1.5232458 0.8766079 1.0731680 0.8862933 1.0055323 0.9006215 1.2183739 0.7073286 2.0558008 1.2773625 1.2727908 2.6675416 1.0505571 
Acagra_model.g8187.t1                                              1.2643163 1.0991618 1.0856327 1.3263199 1.3202316 1.2360068 1.2721151 1.0949551 1.0245903 1.0813155 1.2028395 0.8569984 0.8762576 0.9302773 0.9467809 0.7852086 0.7543814 0.7784617 0.7658455 0.6903681 0.7056470 0.6936430 0.7113509 0.0000000 0.4682606 0.8236492 0.7472327 0.4019079 0.7767497 1.1221796 1.0974012 1.0640065 0.8106954 0.8098618 0.7351155 0.6594665 0.7004758 0.7995927 0.7878877 0.8017494 1.2007305 0.8786080 0.9433501 0.7506781 0.9473354 0.9149231 0.9965802 0.7042391 0.7288217 1.0800428 0.7516121 0.9109149 0.6539945 0.9313142 0.6876890 0.8494024 0.8032035 0.9543695 0.9309547 1.0635541 1.0592355 1.0592355 0.7123607 0.8826480 1.0179768 1.0179768 1.2649675 1.6179339 1.2649675 1.6179339 0.9706395 0.9706395 0.9820433 0.9905310 0.8222324 0.9362408 0.9362408 1.1991812 1.0929807 1.0929807 1.0058449 1.0058449 0.7685959 0.7439575 1.4303684 0.9767595 1.0926658 0.9628932 0.7461763 0.7467588 2.1603624 1.9059768 0.7054986 0.9577826 0.9485265 0.9567011 0.9667594 0.9383666 0.9498132 0.9399048 1.0305948 1.0550481 1.0147033 1.1364910 0.9568977 1.1550611 1.1669560 1.2063950 0.9416941 0.9945133 0.9773502 0.9598720 1.2072479 0.8521899 1.1001161 1.0592213 1.0232475 0.8415622 1.1136487 0.6845903 2.1163801 3.8975939 1.4663081 2.5265775 1.3814737 
Cgig_XM_034458328.1                                                1.3274964 0.9998682 1.0178173 1.3897609 1.2308263 1.0528723 0.9295189 1.0010538 1.0813640 1.1459183 1.3734317 0.7234502 0.7853732 0.8521135 0.8537102 0.7556940 0.6536848 0.6386999 0.6900690 0.6732142 0.7334225 0.7597536 0.6984868 0.4682606 0.0000000 0.8867474 0.7638512 0.3908564 0.6366145 1.1027549 1.1255423 1.0075916 0.7213965 0.7491594 0.7836295 0.6891249 0.8494304 0.6590327 0.8060899 0.7079896 1.2275260 0.8163229 0.9655235 0.6560537 1.0530166 0.8706690 0.9585062 0.7001941 0.6537390 0.9868584 0.8038221 0.9040497 0.6395686 0.9198092 0.7467218 0.8092290 0.8969901 0.9599239 0.8007171 0.9181446 0.9613804 0.9613804 0.6836452 0.7468916 0.9060972 0.9060972 1.1522531 1.9299965 1.1522531 1.9299965 0.8467688 0.8467688 0.7904614 0.8444649 0.7599482 0.8137796 0.8137796 1.1445480 0.9095617 0.9095617 0.7962151 0.7962151 0.7843098 0.6770326 1.4105636 0.8776089 0.8813896 0.7548245 0.6758335 0.6779787 2.2761047 2.1240120 0.6495634 0.9880668 0.9854262 1.0135967 1.0135967 1.0540021 0.9756536 0.9756536 1.1605383 1.0553353 1.0236885 1.2081379 0.9428125 1.1140579 1.1257280 0.9523648 1.1675420 1.2478616 1.0502346 0.8695299 1.1229565 0.8514675 0.9881920 0.9710741 1.0025313 0.7520065 1.0333710 0.8116451 2.1679091 1.4199376 1.5490375 2.2595484 1.3895909 
Choper_EP00045_Choanoeca_perplexa_P005310                          1.1289464 1.4167325 1.3480453 1.4280234 1.4001411 1.4113200 1.3090466 1.1416636 1.2147231 1.1282156 1.6013978 1.1135001 1.1421087 1.2434764 1.1666130 1.0349024 0.9453405 0.9462469 0.9492005 0.8584310 0.8966607 0.9081098 0.8982566 0.8236492 0.8867474 0.0000000 0.2003746 0.3897937 0.8512557 1.1602326 1.2067167 1.0944326 0.6076084 0.5810835 0.6888823 0.8146273 0.8429963 0.6435829 0.6019681 0.7991749 0.8269736 0.6870073 0.8082880 0.6175649 0.7513137 0.7100490 0.8020465 0.9995751 0.9932709 1.3499397 0.9273709 1.0074361 0.7917320 1.2865154 0.8674609 0.8566570 0.9070003 1.0130693 0.9307095 1.1507640 1.1364702 1.1364702 0.9262087 1.1679933 1.3256369 1.3256369 1.4620033 1.5750789 1.4620033 1.5750789 1.2045804 1.2045804 1.2378605 1.2605907 1.0927998 1.1754211 1.1754211 1.3720366 1.3924083 1.3924083 1.1367343 1.1367343 0.7272514 1.0420066 1.6864928 0.8873135 0.9378700 0.8585388 0.9813179 0.9994161 2.4168449 2.4136394 0.9857580 1.2123764 1.2155254 1.2251659 1.2251659 1.1650395 1.2738814 1.2738814 1.3365958 1.3006134 1.3168669 1.2877821 1.2064970 1.4288213 1.4432446 1.2076336 1.5706804 1.6555657 1.4432755 1.2571481 1.5308338 1.2225902 0.9035682 1.2043328 1.3355701 1.0483689 1.5681230 0.9213355 2.2481220 4.9402512 1.5795449 2.6807334 1.8086559 
Chofle_EP00730_Choanoeca_flexa_P012508                             1.2580346 1.2498150 1.2290713 1.3426303 1.2325312 1.2329055 1.2807863 1.0107799 1.1149894 1.0055917 1.0430363 1.0095911 1.0119155 1.0823098 0.9404865 0.8560176 0.8338724 0.8339595 0.8024358 0.7671012 0.8006552 0.7877351 0.7803475 0.7472327 0.7638512 0.2003746 0.0000000 0.2861485 0.6496747 1.0280771 1.0226473 1.0151764 0.4813112 0.4252207 0.6167416 0.7360073 0.8203131 0.6177039 0.4733065 0.7650825 0.5354687 0.6183206 0.7631980 0.6495544 0.8363977 0.6063918 0.6505025 0.8842913 0.8010531 1.1911573 0.8396577 0.9217195 0.6873766 1.1910729 0.9044897 0.7735649 0.7830246 0.8771752 0.8308596 1.0679569 1.0401132 1.0401132 0.7434314 1.0471596 1.2318559 1.2318559 1.4705259 1.6792646 1.4705259 1.6792646 1.1221975 1.1221975 1.2145630 1.1770282 0.9474772 1.1124272 1.1124272 1.2157169 1.2019930 1.2019930 0.9370405 0.9370405 0.5751212 0.8871220 1.0649955 0.7007806 0.7589510 0.6849509 0.7966155 0.8063647 2.1414758 2.1311256 0.8974158 1.0030460 1.0183059 1.0168402 1.0168402 1.0832261 1.0433165 1.0433165 1.2386798 1.0974734 1.1108353 1.2204067 1.0298443 1.2434176 1.2561643 0.7605375 1.1792955 1.2137847 1.2208271 1.0313987 1.4857130 1.0330269 0.7996596 1.0478452 1.1486382 1.0383445 1.3445417 0.8222905 2.1401962 1.4040367 1.3807789 2.6424176 1.8924536 
Codhol_EP00042_Codosiga_hollandica_P000745                         0.0000010 0.9632106 0.7850928 1.1827812 0.7344138 0.9105559 0.0000010 0.5058463 0.6411027 0.5197916 0.0000010 0.6702438 0.5962742 0.5471436 0.5009396 0.5009396 0.5222564 0.6060752 0.4731116 0.4463661 0.6033016 0.6164785 0.4562689 0.4019079 0.3908564 0.3897937 0.2861485 0.0000000 0.2887852 0.3530238 0.3861768 0.3490650 0.4012607 0.4279123 0.4058353 0.4783501 0.3819871 0.4388547 0.4566913 0.4608156 0.0000010 0.5774087 0.6690246 0.5391847 0.5369067 0.5675192 0.5191731 0.3583409 0.4067099 0.5857784 0.4343855 2.4080428 0.5491836 0.5315542 0.5522371 0.5507046 0.4091093 0.4976970 0.4213112 0.4213112 0.4213112 0.4213112 0.5707529 0.5145326 0.5922276 0.5922276 0.4321534 0.3940575 0.4321534 0.3940575 0.4321534 0.4321534 0.3839065 0.4029513 0.4818207 0.4772413 0.4772413 0.4002632 0.4912257 0.4912257 0.4912257 0.4912257 0.4918591 0.4030545 2.1153532 0.4552959 0.5833546 0.5088800 0.3496110 0.3496110 0.0000010 0.0000010 0.6018341 0.5086434 0.5086434 0.5059762 0.5059762 0.5598749 0.6263794 0.6263794 0.7145285 0.7709259 0.7607489 0.7709259 0.7330853 0.9720170 0.9855099 0.0000010 0.6307137 0.6400178 0.5403041 0.4801159 0.9840192 0.5913649 0.4193943 0.5504172 0.5319548 0.6759121 0.3529760 0.4616843 1.6310926 0.5816247 0.0000010 1.7287183 0.0000010 
Clacor_Ccor_scaffold11630_01                                       0.8031792 1.2001960 1.2306471 1.4777214 1.4607735 1.1862397 0.9991493 0.9332954 1.0305618 0.9140337 0.9229086 0.7666918 0.7689201 0.8054725 0.7227874 0.7909382 0.8166524 0.7899968 0.7751646 0.6891937 0.8171285 0.8091583 0.7879419 0.7767497 0.6366145 0.8512557 0.6496747 0.2887852 0.0000000 0.6768912 0.6456672 0.6519847 0.6687512 0.6726744 0.7306928 0.6727386 0.8034628 0.6448102 0.8163237 0.7008506 0.9013095 0.7529026 0.9175996 0.7313608 1.1272740 0.8363516 0.9007851 0.7061990 0.8164842 1.0275101 0.7110739 3.0585933 0.6640970 0.7169551 0.6874835 0.7769422 0.8622498 1.0173070 0.9352578 0.9527564 0.9527564 0.9527564 0.8391160 0.9391816 0.9514357 0.9514357 1.6129620 2.0749672 1.6129620 2.0749672 0.9986932 0.9986932 0.8689524 0.9766437 0.9025602 0.9522695 0.9522695 0.9873542 1.0462520 1.0462520 1.0271828 1.0271828 0.8046490 0.6475008 1.4351092 0.8067690 0.7190900 0.7429943 0.5746508 0.5746508 7.4993337 2.7209314 0.8252656 0.8370228 0.8368556 0.8639526 0.8639526 0.9118161 0.8728628 0.8728628 1.0782966 0.9366201 0.9632523 1.1513096 0.9872268 0.9861021 0.9722702 0.9016132 1.0261807 1.0894956 0.9272167 0.8822210 0.8615035 0.7973414 0.9412332 0.9112922 1.0130214 0.9460081 1.1011157 0.8824551 2.2107134 1.6000187 0.4156766 1.4074194 1.4594604 
Gracom_Gcom_C552568_01                                             1.5050179 1.6056513 1.5683843 1.7447423 1.6540174 1.5348863 1.8130861 1.1860456 1.3938163 1.3229134 1.5155815 1.1043442 1.1301261 1.0597425 0.7962849 0.8386637 1.0622912 1.0158446 1.0014096 0.9822559 1.0506022 0.9613784 0.9733314 1.1221796 1.1027549 1.1602326 1.0280771 0.3530238 0.6768912 0.0000000 0.2621505 0.3084401 1.0619302 0.9864893 0.9094092 1.0128484 1.1524200 1.0782002 1.1045788 1.0335564 1.1691420 1.2763242 1.3075389 1.1023131 1.4605476 1.1405054 1.1448315 0.9362558 1.1476280 1.3499312 1.0321488 2.0989710 1.0202143 1.3785729 1.1615309 1.2911654 1.1702283 1.2507864 1.0373713 1.2578146 1.2285290 1.2285290 0.8787098 1.1638778 1.2992686 1.2992686 1.7880386 1.9599875 1.7880386 1.9599875 1.3782655 1.3782655 1.4412242 1.3976752 1.0413669 1.2362021 1.2362021 1.6169994 1.1592102 1.1592102 0.9475793 0.9475793 1.1276533 1.0424163 1.4903330 1.0356340 1.2095872 1.0870148 0.8647669 0.8827130 1.3786844 1.4499391 1.1579367 1.2356072 1.2570376 1.3211996 1.3422503 1.3402594 1.2877506 1.2671587 1.4896200 1.3721798 1.3606686 1.6002990 1.1894914 1.4445526 1.4590075 1.1669720 1.0536610 1.1024797 1.1670650 1.0204422 1.5459546 1.4094187 1.3396652 1.2679378 1.4143527 1.0674627 1.4054658 1.3012118 0.8970313 1.5954304 2.1891746 3.6098170 1.6572878 
