134
Emue_Em0246g4a.t1                                   0.0000000 0.0000010 9.0000000 0.0550058 0.0502824 1.3226183 1.3226183 0.5144213 0.7211338 1.3570832 1.6912616 1.7935819 1.7456432 0.8811268 1.7181986 1.6114572 1.7114441 1.7114441 1.5810196 9.0000000 2.3760238 1.7173623 1.7032737 1.4911618 1.7007039 1.8874624 1.5724781 1.6449601 1.8983542 1.9231700 2.2331847 1.3856769 1.8380490 1.6365951 1.2995276 1.3392274 1.7218184 1.6344388 1.7085089 2.0421599 1.4220110 1.4220110 2.2366608 2.1971861 2.0329002 9.0000000 1.9867640 9.0000000 9.0000000 2.3059423 9.0000000 2.1441283 9.0000000 9.0000000 9.0000000 5.3410939 9.0000000 9.0000000 9.0000000 9.0000000 3.1147046 3.1147046 1.9862429 1.9702294 1.9702294 1.9862429 1.9862429 2.0470178 2.7507282 3.7681177 3.7681177 3.7307787 3.7307787 2.6460958 2.6460958 2.5224201 2.5224201 5.2411921 0.0000010 1.6546852 1.6975650 1.6912869 1.6792015 1.6970368 1.6486589 2.2509045 9.0000000 1.8940579 1.7752894 9.0000000 2.1714563 2.1663909 9.0000000 0.9068756 0.8951559 1.5446893 1.3528446 1.2424036 1.3674108 1.3674108 9.0000000 0.7887676 0.7480163 9.0000000 0.6830358 2.8342034 3.4385443 3.3729390 3.7369614 3.6849439 1.4674953 1.0854572 1.0937715 3.1942116 6.3059871 2.3582554 2.5345145 2.5345145 2.4539289 2.4556498 2.8629068 2.5276912 2.5276912 2.4975987 2.6225453 2.5683276 3.0163995 1.6727893 1.8758604 2.6499677 3.2099391 4.1246713 1.6017562 2.3627227 
Emue_Em0019g916a.t1                                 0.0000010 0.0000000 9.0000000 0.0539800 0.0493483 1.3226183 1.3226183 0.5144213 0.7147127 1.3602702 1.6973167 1.7571698 1.6778905 0.8811268 1.6779491 1.5953645 1.7023364 1.7023364 1.6093399 9.0000000 2.3231283 1.7062367 1.6926235 1.4911618 1.6866257 1.8674947 1.5625260 1.6328705 1.8835786 1.8827936 2.1761539 1.3856769 1.8204442 1.6304826 1.2932015 1.3381049 1.6991710 1.5896800 1.7029977 2.0678699 1.4792238 1.4792238 2.2595037 2.1971861 2.0586905 9.0000000 1.9867640 9.0000000 9.0000000 2.3272321 9.0000000 2.1683393 9.0000000 9.0000000 9.0000000 5.3410939 9.0000000 0.8765637 9.0000000 9.0000000 3.0317968 3.0317968 1.9775443 1.9702294 1.9702294 1.9775443 1.9775443 2.0361118 2.6522957 3.7681177 3.7681177 3.7307787 3.7307787 2.6460958 2.6460958 2.5224201 2.5224201 5.2411921 0.0000010 1.6384137 1.6798012 1.6649388 1.6534044 1.6970368 1.6579003 2.2135008 9.0000000 1.8940579 1.7752894 9.0000000 2.1298916 2.1663909 9.0000000 0.9114475 0.9000132 1.5680118 1.3412452 1.2338819 1.3763132 1.3763132 9.0000000 0.8001330 0.7452832 9.0000000 0.6850963 2.7418626 3.2686155 3.2292174 3.6708396 3.4519510 1.4502109 1.0854572 1.0937715 3.1942116 6.5376503 2.3285292 2.4576491 2.4576491 2.3505443 2.4165489 2.8043584 2.5186811 2.5186811 2.4718278 2.5886822 2.5217884 3.0091593 1.6018849 1.8988748 2.5866961 3.1688869 3.7390270 1.6128631 2.3627227 
Spolac_c103460_g4_i3_m.34372c103460-g4              9.0000000 9.0000000 0.0000000 0.0000010 1.2725774 0.0839878 0.0839878 0.8770300 1.0314309 0.7243539 1.7158698 1.7619135 0.5105089 0.0000010 1.5387801 1.4668675 1.3615500 1.4472936 1.3747268 1.0892331 1.4665899 1.4572305 1.3995181 0.8506340 1.5145266 1.3948174 1.3666160 1.5424013 1.6098542 1.8322675 1.7770570 0.0000010 1.9343031 1.5013094 1.8534293 1.9962195 1.5335703 1.4410627 1.6212015 0.0000010 0.0000010 0.0000010 5.5480224 9.0000000 1.6834401 1.6808123 1.8521707 1.5953804 1.1265393 1.8330000 2.0183422 1.7503222 1.5308635 1.8658636 1.8658636 1.0448517 1.6836426 1.7617949 1.7443367 1.7443367 0.0000010 0.0000010 0.9698216 0.0000010 0.0000010 1.8893719 7.7018327 0.7659049 1.6027778 1.7825223 1.7825223 2.5781754 2.5781754 1.7825223 1.7825223 2.5781754 2.5781754 0.7761377 3.4064526 1.4170794 1.4440757 1.4381082 1.4501970 1.5571184 1.5133648 1.6804470 1.2299599 1.4248512 1.7412733 1.8717625 1.7559706 1.1717765 1.0125012 1.0125012 9.0000000 1.4664743 1.4217629 1.6328395 2.6316058 0.8868919 1.4964681 1.1723614 1.1122919 1.1122919 0.9919128 1.7259025 1.8077497 2.0697155 1.2863057 1.7746464 1.9684685 2.2412028 2.1305701 2.1305701 1.9649972 1.9649972 2.1993917 2.1993917 2.1483922 1.9470760 2.2019660 1.8033025 1.8111756 2.2043169 4.9222875 2.9094383 2.2967661 3.0639380 0.9779848 3.5796922 2.5572105 2.0553225 1.9555616 3.0491564 
Spolac_c103460_g4_i1_m.34369c103460-g4              0.0550058 0.0539800 0.0000010 0.0000000 0.0338861 0.1082073 0.1082073 0.8622384 0.8663625 1.2552153 1.6948658 1.7666551 1.7450863 0.8758250 1.6301490 1.6040343 1.5378627 1.5811081 1.5208487 1.0892331 1.8161012 1.5591736 1.5170913 1.3723620 1.5253485 1.6145164 1.5180831 1.6547065 1.6966125 1.8149260 1.9036552 1.4201018 1.8892096 1.6138618 1.6556547 1.7924564 1.6502548 1.5675243 1.7390076 2.3906237 1.4384335 1.5450612 2.3610192 2.2265886 1.9886883 1.6808123 2.0508629 1.5953804 1.1265393 2.1515905 2.0183422 1.9453949 1.5308635 2.1210514 2.0020869 1.1002966 1.6836426 1.7382197 1.7443367 1.7443367 2.9392463 3.1766159 1.9366883 2.2015431 2.3450918 2.0575522 2.1211849 2.0084107 2.6617497 2.2906496 2.2910785 2.9306075 2.9353829 2.0663997 2.0657375 2.6948942 2.6987036 1.8409721 3.4064526 1.6039996 1.6159779 1.6333326 1.6336669 1.7363370 1.6465834 1.7918335 1.2299599 1.4198584 1.7318392 1.8717625 1.7981456 1.7729269 1.0125012 1.0380655 0.9211664 1.5881967 1.5005036 1.5240330 1.8793417 1.5012434 1.4964681 1.0841917 1.0233648 1.1225202 0.9382372 2.4277887 2.5983967 2.4953901 1.3526983 2.4027958 1.7922908 2.1382509 1.7520670 2.2096543 2.3138914 2.1394459 2.4903380 2.4903380 2.4496693 2.0077841 2.5022437 2.2208547 2.2252294 2.4358373 2.8651429 2.7821942 2.8220844 1.6990738 1.7933978 2.8057271 2.9791054 2.1704599 1.6480406 2.8319054 
Spolac_c103460_g4_i4_m.34373c103460-g4              0.0502824 0.0493483 1.2725774 0.0338861 0.0000000 1.0912136 1.0912136 0.8249133 0.7131127 1.2747465 1.6621000 1.7272045 1.6022405 0.8758250 1.6475570 1.6432359 1.6547212 1.6547212 1.5540290 1.4867758 2.2050289 1.6616466 1.6082369 1.6781654 1.7451822 1.8522110 1.5268515 1.6095483 1.8392518 1.8312991 2.1297037 1.4201018 1.8757732 1.5281364 1.3116792 1.3578788 1.6144985 1.5445145 1.7538019 2.0929130 1.4384335 1.5450612 2.2174551 2.2010025 2.0714874 1.9243477 2.0433214 2.2268161 4.0102671 2.3323805 2.2268161 2.1121050 2.2268161 3.9040659 2.8927382 3.8781230 2.2268161 1.8638888 2.5854886 2.5854886 3.0089212 3.0089212 2.0475147 2.0174948 2.0174948 2.0191274 2.0248002 2.0720868 2.8161974 3.6204758 3.6204758 3.6204758 3.6204758 2.5856884 2.5856884 2.5856884 2.5856884 5.4923926 0.0000010 1.6186434 1.6057703 1.6456872 1.6316117 1.7337165 1.6039995 2.1526715 0.0000010 2.1485024 3.7436613 2.0668524 1.9962533 2.2403402 4.2618122 0.9992765 0.8888567 1.6140816 1.4061128 1.2947120 1.3994922 1.3994922 1.1880208 0.8121620 0.7455549 1.2319188 0.7036227 2.7205768 3.1126337 2.9133535 2.3814004 3.1613599 1.5057828 1.5290326 1.2003534 3.1819424 5.9837393 2.4022596 2.3606926 2.3606926 2.2958134 2.3764359 2.6822796 2.5213300 2.5213300 2.4470803 2.5661255 2.4982205 2.8596737 1.4306834 1.7898966 2.5883741 3.2292212 4.7287402 1.6187348 2.4393166 
Emue_Em0246g3a.t1                                   1.3226183 1.3226183 0.0839878 0.1082073 1.0912136 0.0000000 0.0000010 1.0121628 0.9884296 1.4067263 1.7463240 1.8194254 2.5306507 2.2883653 1.6112750 1.5965034 1.4867768 1.5516515 1.5359239 1.0729464 1.7029378 1.5245020 1.4781547 1.4055992 1.4516768 1.4434435 1.5836876 1.7376825 1.6961425 1.8649513 1.8224216 2.3991077 1.9135699 1.6392306 1.8715547 2.0464237 1.6784085 1.6100095 1.8027810 3.4697235 1.8371795 1.8371795 3.3653838 2.2184058 1.9181392 1.6532224 2.0112549 1.5549583 1.1155789 2.0468223 1.9668739 1.8185329 1.4707977 2.0366222 1.8955268 1.0217988 1.6488393 1.7383509 1.7309453 1.7309453 2.8863612 3.3734299 1.9031027 2.9756241 3.4051806 2.2412615 3.8809994 1.8935783 2.5642642 2.0102056 2.0092063 2.6685129 2.6724212 2.0102056 2.0092063 2.6685129 2.6724212 1.7636906 3.1835243 1.6264733 1.6463695 1.6562230 1.6667354 1.7344476 1.6794124 1.7402395 1.2628036 1.4475723 1.8124138 1.8665359 1.7351362 1.6374566 0.9969877 1.1142703 2.2512278 1.6419779 1.6429164 1.7125352 2.4629954 1.8228649 1.5360313 1.3128719 1.2585177 1.1538331 1.1366401 2.2364959 2.3459409 2.3180564 1.2886520 2.0445506 2.0528760 2.2648654 2.1367968 2.0927532 2.0573584 2.0771965 2.5365203 2.5365203 2.4584214 1.9209380 2.3867725 2.1186600 2.1251629 2.4348507 5.3197829 3.0604220 2.8034582 2.3758309 1.9281194 3.4064801 2.8460808 2.0045180 2.1011606 2.8739956 
Emue_Em0019g915a.t1                                 1.3226183 1.3226183 0.0839878 0.1082073 1.0912136 0.0000010 0.0000000 1.0121628 0.9884296 1.4067263 1.7463240 1.8194254 2.5306507 2.2883653 1.6112750 1.5965034 1.4867768 1.5516515 1.5359239 1.0729464 1.7029378 1.5245020 1.4781547 1.4055992 1.4516768 1.4434435 1.5836876 1.7376825 1.6961425 1.8649513 1.8224216 2.3991077 1.9135699 1.6392306 1.8715547 2.0464237 1.6784085 1.6100095 1.8027810 3.4697235 1.8371795 1.8371795 3.3653838 2.2184058 1.9181392 1.6532224 2.0112549 1.5549583 1.1155789 2.0468223 1.9668739 1.8185329 1.4707977 2.0366222 1.8955268 1.0217988 1.6488393 1.7383509 1.7309453 1.7309453 2.8863612 3.3734299 1.9031027 2.9756241 3.4051806 2.2412615 3.8809994 1.8935783 2.5642642 2.0102056 2.0092063 2.6685129 2.6724212 2.0102056 2.0092063 2.6685129 2.6724212 1.7636906 3.1835243 1.6264733 1.6463695 1.6562230 1.6667354 1.7344476 1.6794124 1.7402395 1.2628036 1.4475723 1.8124138 1.8665359 1.7351362 1.6374566 0.9969877 1.1142703 2.2512278 1.6419779 1.6429164 1.7125352 2.4629954 1.8228649 1.5360313 1.3128719 1.2585177 1.1538331 1.1366401 2.2364959 2.3459409 2.3180564 1.2886520 2.0445506 2.0528760 2.2648654 2.1367968 2.0927532 2.0573584 2.0771965 2.5365203 2.5365203 2.4584214 1.9209380 2.3867725 2.1186600 2.1251629 2.4348507 5.3197829 3.0604220 2.8034582 2.3758309 1.9281194 3.4064801 2.8460808 2.0045180 2.1011606 2.8739956 
Stycar_maker-SC_scaffold20889-snap-gene-0.4-mRNA-1  0.5144213 0.5144213 0.8770300 0.8622384 0.8249133 1.0121628 1.0121628 0.0000000 0.8277439 1.1169316 2.7911400 2.7749143 1.5908259 0.6460222 2.6801963 2.6304866 2.5453574 2.5453574 2.5713384 1.9752452 2.7116429 2.8874168 2.5805253 3.7246251 2.4637482 2.3333727 2.2546379 2.5661314 2.5545421 2.6362259 2.5518778 2.2132398 1.5343216 2.3578186 2.8559543 2.7497766 2.1232934 2.0348876 2.1181127 1.2320441 1.6706993 4.3168940 2.2476923 3.1474736 2.8028204 2.9265181 2.9500151 3.0287965 1.9200469 3.0463382 3.1485498 2.7445215 2.6123818 3.4334648 3.4334648 1.7259645 3.2684108 3.3154845 3.2513866 3.2513866 9.0000000 9.0000000 2.5260990 1.4914923 1.4914923 2.0824597 2.0824597 1.8660618 0.6890212 3.2474201 3.2474201 3.7296849 3.7296849 3.2474201 3.2474201 3.7296849 3.7296849 2.6344894 4.8295290 1.8246073 1.8572964 1.8500730 1.8500730 1.9657281 1.8164519 2.7587236 1.8943441 2.0541674 2.2297284 3.0770370 2.8521433 0.0000010 1.6100843 1.5545974 0.7589892 2.2166232 2.3470713 2.7408323 4.2809340 3.0604171 2.1925973 1.8991744 1.8225587 1.8381360 1.5030103 2.6513366 2.6178078 2.6022234 1.7406266 1.9210634 2.2508364 2.3114010 2.3711328 2.5081688 3.5175589 3.4410872 3.5545619 3.5545619 3.0294669 2.3631548 2.6158256 2.5332594 2.5332594 3.3790707 2.5973435 3.8790411 3.4654812 1.1011319 2.1940847 3.5863943 3.0779061 2.9795624 1.5992678 2.7862417 
Tetwil_g25732.t1                                    0.7211338 0.7147127 1.0314309 0.8663625 0.7131127 0.9884296 0.9884296 0.8277439 0.0000000 1.2192681 1.9893225 2.0158536 1.7361508 0.8843714 1.7770737 1.7216702 1.6222770 1.6497097 1.5881507 2.0385429 1.9150964 1.5746470 1.5719759 1.1590503 1.6965698 1.7667797 1.7532026 1.9027883 1.9686251 2.0654977 2.0091657 1.5668644 1.6281958 1.6998888 1.7236868 1.8433488 1.7080848 1.6369131 1.7225028 2.0202349 1.2414723 1.3118832 2.0862513 2.0893800 2.1117032 2.3028441 2.1410578 2.6159839 2.0430831 2.2264673 3.0372974 2.0379637 2.5327834 2.4862543 2.4985857 2.0413089 2.8460284 2.2486956 2.3428120 2.3428120 2.6048987 2.8639832 1.8897983 2.0541456 2.2109680 1.9830539 2.1608900 2.1232069 2.8737752 2.5981047 2.6061490 2.6562283 2.6656276 2.3019993 2.3090768 2.3271905 2.3354318 1.5277956 2.8139622 1.7332590 1.7273067 1.7795068 1.7843066 1.9630528 1.7642760 2.0738658 2.7548964 1.8017351 2.7494426 3.0485178 2.0366666 1.5151969 1.3056380 1.1869395 0.9026339 1.8120017 1.7268063 1.7306824 1.8660217 1.4827669 2.1349823 1.3016077 1.2682514 1.6775984 1.1155375 3.0491202 3.0211073 2.7557186 1.9052067 2.7109445 2.0234006 2.3971932 2.0910060 2.5954733 3.1272484 2.4996656 3.0271538 3.0271538 2.9330339 2.2995543 2.7776436 2.8484490 2.8494404 2.9194920 3.0220882 3.2939049 3.1690213 1.6386253 1.7524261 2.3893071 3.3267736 2.6555974 1.8590138 2.3342635 
Lcom_lcpid150757                                    1.3570832 1.3602702 0.7243539 1.2552153 1.2747465 1.4067263 1.4067263 1.1169316 1.2192681 0.0000000 0.3878661 0.4173873 1.2190310 0.6188013 1.1494464 1.3199976 1.3581660 1.3733412 1.3809187 0.0000010 1.9475604 1.2516841 1.3181171 0.6061126 0.9374541 0.9913171 1.3640063 1.2555227 0.9620179 0.6301218 1.2649526 0.7468566 1.0133499 1.1874829 0.9665127 0.9939220 1.1858960 1.3307946 1.1100602 1.1338255 1.0422374 1.1049858 1.1585823 1.1283050 1.0836454 0.7243539 0.9865433 0.0000010 0.0000010 1.1463038 0.0000010 1.1490745 0.0000010 1.1272061 2.5508511 9.0000000 0.0000010 0.9511642 0.7870355 0.7870355 3.1188092 3.1188092 1.1418194 0.9664100 0.9664100 1.1643205 1.1643205 1.1643205 1.0639121 1.3232389 1.3232389 1.3232389 1.3232389 1.1272061 1.1272061 1.1272061 1.1272061 2.4828839 0.0000010 1.3274398 1.3615994 1.3132664 1.3190438 1.0932454 1.3206716 1.1531061 0.0000010 1.0537673 1.1323236 0.0000010 1.7268941 2.2135700 0.7243539 1.2739034 1.3127719 1.3493210 1.3455219 1.2019232 1.2812955 1.2812955 0.7243539 1.2804523 1.2504022 2.3203765 1.3625503 2.7203751 2.8677679 2.5803963 4.9744602 2.7343438 1.4393929 2.5675553 0.9422259 2.5410881 3.7574990 1.6346779 1.5439279 1.5439279 1.4602978 2.4478108 2.0148579 2.4673770 2.4673770 2.0976185 2.0968107 2.1752225 2.3077467 1.5457713 1.4174196 2.0480681 1.9095540 2.5028805 1.7377604 2.6613489 
Cgig_XM_011415063.3                                 1.6912616 1.6973167 1.7158698 1.6948658 1.6621000 1.7463240 1.7463240 2.7911400 1.9893225 0.3878661 0.0000000 0.4772942 1.7984625 0.6136001 1.0910459 1.1225967 1.1825045 1.2005881 1.1563303 0.5620362 1.3733479 1.2119449 1.1823428 1.1427739 0.8560398 0.9472931 1.2445843 1.2901538 1.0531088 0.7559892 1.2169014 0.9323472 1.2042773 1.4472866 1.3768711 1.3839499 1.4499645 1.4433103 1.4516326 1.9496333 0.9874047 1.0453128 1.9389568 1.7092612 1.4486347 1.1737937 1.4139617 1.0080284 0.6068469 1.4763773 1.1922053 1.3868016 0.9668037 1.2427200 1.1794079 0.6253893 1.0253122 1.1651124 1.1245925 1.1245925 3.2135070 2.9952539 1.5984961 1.8042048 1.8061782 1.8369532 1.8262888 1.7767920 2.4953498 1.6013209 1.6077226 2.1278456 2.1402161 1.4553179 1.4618593 2.0012948 2.0150667 1.5334362 2.1992167 1.5454858 1.5709173 1.5937272 1.5814936 1.6350381 1.6169244 1.1488408 0.8737736 0.7295951 1.5815985 0.6403772 1.1865480 0.7165204 1.4022278 1.5178143 1.7186728 1.7090683 1.6304358 1.7696282 2.2668569 1.7972810 1.5596531 1.7471884 1.7173918 1.9480748 1.7257136 2.6006174 2.8016897 2.6803656 1.5472244 2.2974616 1.8667666 2.1211476 1.8860851 2.1353414 2.1083886 2.0746478 2.5215175 2.5215175 2.3707141 2.0551858 2.4256928 2.4356755 2.4405754 2.4726677 2.8200185 2.5723260 2.6627623 1.8093053 1.8924642 2.4293539 2.6308487 2.3286656 1.7840731 1.9696813 
Acagra_model.g16394.t1                              1.7935819 1.7571698 1.7619135 1.7666551 1.7272045 1.8194254 1.8194254 2.7749143 2.0158536 0.4173873 0.4772942 0.0000000 1.6075728 0.4922434 1.1599243 1.1660816 1.1669455 1.1919716 1.1125488 0.6092401 1.3168441 1.1520944 1.1469996 1.1319727 0.9230800 0.8664335 1.2534598 1.2759370 1.1080988 0.6490026 1.1595629 0.9700186 1.2051476 1.5496825 1.3635607 1.4915312 1.4069298 1.3740963 1.3695343 1.9334051 1.1067617 1.1701593 1.9903158 1.9207151 1.3875566 1.0690027 1.3713760 0.9642327 0.6217742 1.4162285 1.0809498 1.3617650 0.9140856 1.2115523 1.1303988 0.6033995 0.9718942 1.0689323 1.0271245 1.0271245 2.8062904 2.6959069 1.5911869 1.9107181 1.9206286 1.8734683 1.8971376 1.9058585 2.6767242 1.5000777 1.5059572 2.0154543 2.0269865 1.2778270 1.2833061 1.7484753 1.7598544 1.5933598 1.9001290 1.5236616 1.5477714 1.5540034 1.5404682 1.5782037 1.5456398 1.2361034 0.8687024 0.7764828 1.5282532 0.6429295 1.1402280 0.6878517 1.4395865 1.5465545 1.7797985 1.6674082 1.6091604 1.7361523 2.2616864 1.8521768 1.4909268 1.8453547 1.8087043 1.8787977 1.8629368 2.5412721 2.6761116 2.5532743 1.6661684 2.1907262 1.8893611 2.1003081 1.9283580 2.1254007 2.3063518 2.2134457 2.5619565 2.5619565 2.3774500 2.1016643 2.3780272 2.4183482 2.4232813 2.4092054 2.9103755 2.5874327 2.7007270 1.7323736 1.9302622 2.2759670 2.6038628 2.3137966 1.7488974 2.3760604 
Fspp_ffun1.m4.8510.m1                               1.7456432 1.6778905 0.5105089 1.7450863 1.6022405 2.5306507 2.5306507 1.5908259 1.7361508 1.2190310 1.7984625 1.6075728 0.0000000 0.2904935 0.9098313 1.0787192 0.4326185 0.4326185 0.4389163 0.0000010 0.6306461 0.3391400 0.3613934 1.8912293 1.3831795 1.4372280 1.2716073 1.2971915 1.6727972 1.6892211 1.6756508 1.0098672 1.4696457 1.3453248 1.4437076 1.4378225 1.7436248 1.6717873 1.6809903 1.3902582 1.0513081 1.1103753 1.5945520 1.5812069 1.6407052 1.0958227 1.7853883 0.0000010 0.0000010 1.8227493 0.0000010 1.6184984 0.0000010 4.0594669 4.7322378 6.1832745 0.0000010 2.0857417 0.6976057 0.6976057 4.0915758 4.4783401 1.7648616 1.6136269 1.8176473 1.4613440 1.4305359 1.4084361 2.1377616 4.2617764 4.2617764 4.2617764 4.2617764 4.5152688 4.5152688 4.5152688 4.5152688 4.0480097 0.7598431 1.7498344 1.8007350 1.7313292 1.7072902 1.9715621 1.7965513 1.8517690 0.0000010 3.9065623 1.5479590 1.1146538 1.8109666 3.8398257 0.7377170 1.7805297 1.5320742 2.0897803 2.0775440 1.8953626 1.7608067 1.7394372 2.2343995 2.0931162 1.9525636 3.8142654 1.8010819 3.4090447 3.0442795 2.8504974 3.0911688 3.0693390 1.7618577 3.3003802 1.8834351 3.4928455 5.5973660 2.6454598 2.4266146 2.4266146 2.5047663 3.0209159 2.6196113 2.8086108 2.8086108 3.4230914 2.6026243 2.9092412 2.9606692 1.2421915 1.5736912 1.7911442 3.5110643 3.3877079 1.7573896 2.7350908 
Nvec_v1g225572                                      0.8811268 0.8811268 0.0000010 0.8758250 0.8758250 2.2883653 2.2883653 0.6460222 0.8843714 0.6188013 0.6136001 0.4922434 0.2904935 0.0000000 0.0144006 0.2114818 0.3378139 0.3378139 0.3309909 0.0000010 0.5740678 0.4168176 0.4385015 0.0000010 0.4840807 0.4884059 0.5096043 0.5912222 0.4531579 0.6011051 0.6525810 0.7639904 0.6107543 0.5477905 0.7168502 0.6903733 0.6780329 0.7117622 0.7570376 0.7609493 0.5667681 0.5667681 0.8186426 0.8567960 0.7603956 0.0000010 0.8186426 0.0000010 0.0000010 0.8163646 0.0000010 0.8121771 0.0000010 0.0000010 7.4486440 7.4486440 0.0000010 0.0000010 0.0000010 0.0000010 0.0000010 0.0000010 0.7756542 0.7756542 0.7756542 0.7756542 0.7756542 0.7756542 1.1533938 2.1252831 2.1252831 2.1252831 2.1252831 0.0000010 0.0000010 0.0000010 0.0000010 5.0006057 0.0000010 0.6605370 0.6592739 0.6512766 0.6512766 0.7248232 0.5801643 0.7893684 0.0000010 2.2833903 0.6025213 0.0000010 1.0931306 2.3422609 0.0000010 0.6448968 0.6448968 1.0076978 0.9149600 0.9140190 0.9118290 0.9118290 0.0000010 0.8421858 0.9038104 0.0000010 0.7952979 2.2582703 2.0386734 2.6552441 0.0000010 2.4731562 0.9564149 0.0000010 0.7612939 2.7244966 9.0000000 1.6549243 1.7034806 1.7034806 1.7572283 1.8115659 1.4429757 1.7125290 1.7125290 1.8821391 1.8821391 1.7129186 1.7703377 1.3146741 0.8234608 1.6421564 1.8296455 2.6619700 0.9564149 2.3994450 
Nvec_v1g134867                                      1.7181986 1.6779491 1.5387801 1.6301490 1.6475570 1.6112750 1.6112750 2.6801963 1.7770737 1.1494464 1.0910459 1.1599243 0.9098313 0.0144006 0.0000000 0.4144427 0.6449407 0.6595104 0.6201332 0.4131537 0.7483317 0.6817789 0.6637428 0.5881072 0.9874985 0.9774504 0.8176921 0.8209410 1.1393331 1.3076917 1.3690734 0.9359567 1.3526759 1.0629293 1.1266199 1.2394750 1.1776178 1.1285325 1.2101905 1.5911131 0.8420705 0.8870398 1.6437943 1.4767488 1.3622230 1.1611785 1.3711320 1.0373377 0.6564126 1.3868863 1.2829603 1.2693334 1.0064814 1.3571172 1.2825764 0.6230394 1.0959471 1.1886914 1.1475509 1.1475509 2.5068237 2.6884682 1.3680494 1.6088039 1.7318748 1.4721227 1.3129869 1.3142915 1.9038894 1.4830298 1.4830298 2.0650319 2.0650319 1.3082894 1.3082894 1.8918435 1.8918435 1.6782214 2.3435875 1.3250979 1.3456029 1.3116099 1.3068717 1.3500069 1.2743475 1.3583938 0.8861565 0.9462599 1.6011735 1.2117647 1.2553316 1.2778217 1.3979376 1.5120005 1.5910046 1.4919375 1.4131427 1.4784706 1.9123523 1.5691009 1.1943198 1.6877773 1.7155819 1.8938045 1.5783398 2.7709897 2.9604739 2.4353677 1.6386160 2.0642264 1.6184678 1.8763523 1.6781697 1.9269470 2.1826612 2.0854660 2.4645937 2.4645937 2.2253773 1.9455899 2.3379958 2.1653253 2.1697860 2.4666916 3.0350962 2.5969573 2.5464254 1.8573356 1.6502370 2.4525962 2.5110040 1.8597090 1.6109932 2.3460586 
Exapal_XM_021046167.1                               1.6114572 1.5953645 1.4668675 1.6040343 1.6432359 1.5965034 1.5965034 2.6304866 1.7216702 1.3199976 1.1225967 1.1660816 1.0787192 0.2114818 0.4144427 0.0000000 0.5991799 0.6100623 0.6289313 0.4005086 0.6939640 0.6821532 0.6671762 0.6298980 0.9610544 1.0725548 0.8259124 0.8670819 1.1723853 1.2123590 1.2795438 1.1003686 1.4580717 1.0678779 1.0821330 1.1855698 1.1950930 1.1685392 1.2423875 1.7923270 1.0973677 1.1785925 1.8105473 1.6087303 1.4985119 1.2079058 1.4539058 1.1762009 0.7847025 1.5438802 1.3597522 1.4239899 1.0817452 1.4701687 1.3859280 0.6063338 1.0579423 1.2085389 1.1768212 1.1768212 2.8103970 2.9019318 1.5468506 1.8503636 1.9442088 1.6640261 1.5352243 1.4909015 2.0968732 1.5469878 1.5488396 2.1252541 2.1313325 1.3819102 1.3832618 1.9693615 1.9754864 1.8310122 2.6261870 1.3351138 1.3369767 1.3057672 1.3028010 1.3399053 1.3093797 1.2097646 0.8214257 0.8616788 1.6221762 1.1184422 1.2897127 1.1174155 1.3133219 1.4607334 1.7276642 1.4888581 1.4405847 1.4767882 1.9221813 1.5802431 1.2022935 1.7535329 1.7183544 1.8169912 1.5683020 2.6641726 2.7970353 2.5315939 1.6787247 1.9359575 1.5538629 1.8419861 1.7135330 1.8916350 2.2413548 2.1426132 2.4082382 2.4082382 2.2544562 2.0138100 2.2903067 2.2046063 2.2090229 2.6472639 3.1862404 2.6306879 2.5810370 1.6519825 1.6680702 2.5190284 2.9503788 1.9500164 1.8772289 2.0473347 
Amil_Amillepora16629-RA                             1.7114441 1.7023364 1.3615500 1.5378627 1.6547212 1.4867768 1.4867768 2.5453574 1.6222770 1.3581660 1.1825045 1.1669455 0.4326185 0.3378139 0.6449407 0.5991799 0.0000000 0.0000010 0.1209818 0.0966955 0.0715879 0.2321670 0.2139603 0.1936806 0.9593008 1.1015709 0.8635302 0.8466170 1.1350646 1.2085690 1.4154812 1.0578012 1.2815302 1.0116753 1.0692500 1.1761801 1.2063654 1.1357829 1.2602899 1.7751855 1.1895227 1.2552917 1.7750799 1.6468206 1.4618661 1.1672843 1.4682404 1.2154977 0.8615773 1.5756905 1.4121429 1.4089713 1.1721435 1.5344705 1.4104652 0.6959394 1.1756630 1.2297389 1.2149690 1.2149690 2.1911051 2.3053992 1.4738128 1.6590767 1.7492409 1.5515960 1.5139660 1.5081550 2.0022493 1.6228838 1.6176992 2.1171530 2.1110038 1.4842778 1.4782431 2.0002038 1.9926040 1.5858197 2.3723854 1.4050181 1.4104272 1.3805169 1.3682769 1.4454581 1.3852253 1.2375496 0.6768594 1.0481820 1.4882751 1.0857169 1.2923756 1.1352555 1.1950507 1.3804452 1.6086743 1.5540728 1.4702138 1.5255177 1.8438655 1.5024241 1.2332475 1.6960265 1.6235496 1.6032486 1.5533560 2.7173030 2.7535957 2.3260316 1.4990454 2.0675203 1.6675138 1.9906852 1.7872194 1.9225241 2.3895412 2.1239435 2.4157685 2.4157685 2.3631748 2.0084038 2.2840824 2.3980351 2.4030753 2.4556281 2.8420883 2.5714084 2.6337301 1.5418304 1.7010618 2.2447402 2.9159024 2.1084688 1.7991366 2.2678570 
Amil_Amillepora16579-RA                             1.7114441 1.7023364 1.4472936 1.5811081 1.6547212 1.5516515 1.5516515 2.5453574 1.6497097 1.3733412 1.2005881 1.1919716 0.4326185 0.3378139 0.6595104 0.6100623 0.0000010 0.0000000 0.1238269 0.0966955 0.0734126 0.2351026 0.2140366 0.1863677 0.9723979 1.1262105 0.8808347 0.8638001 1.1541079 1.2296598 1.4398420 1.0578012 1.2815302 1.0222163 1.0938790 1.1942813 1.2300326 1.1564766 1.2780456 1.7751855 1.1895227 1.2552917 1.7750799 1.6468206 1.4771085 1.1824858 1.4878301 1.2154977 0.8615773 1.5913050 1.4121429 1.4197980 1.1721435 1.5593584 1.4308670 0.6959394 1.1756630 1.2411210 1.2274687 1.2274687 2.1911051 2.3053992 1.4945860 1.6590767 1.7492409 1.5515960 1.5009873 1.5081550 2.0022493 1.6457591 1.6404054 2.1781420 2.1718044 1.5039114 1.4976420 2.0648139 2.0568969 1.6527621 2.3723854 1.4212362 1.4268575 1.3935294 1.3808619 1.4632436 1.3994251 1.2560468 0.6768594 1.0855757 1.4882751 1.0941547 1.3225280 1.1549497 1.2362061 1.4041770 1.6086743 1.5821132 1.5105640 1.5608960 1.8993314 1.5504513 1.2770693 1.7289615 1.6629940 1.6962513 1.5851589 2.7319316 2.7667395 2.3162809 1.4990454 2.0216011 1.6567777 1.9853657 1.7842544 1.9253645 2.3297431 2.0794442 2.4196323 2.4196323 2.3730110 1.9677913 2.2922446 2.3964141 2.3964141 2.4940838 2.8516440 2.6130879 2.6126546 1.5298887 1.7010618 2.2184819 2.9426812 2.1099241 1.7991366 2.3429721 
Gfas_gfas1.m1.16717.m1                              1.5810196 1.6093399 1.3747268 1.5208487 1.5540290 1.5359239 1.5359239 2.5713384 1.5881507 1.3809187 1.1563303 1.1125488 0.4389163 0.3309909 0.6201332 0.6289313 0.1209818 0.1238269 0.0000000 0.0480048 0.1867362 0.1971435 0.1948447 0.1622481 0.9240960 1.0871081 0.8815684 0.8683989 1.1749299 1.1957196 1.3824092 1.1276887 1.2770734 1.0332937 0.9769349 1.1097065 1.1942255 1.1207234 1.1862485 1.8753247 1.2804721 1.3508218 1.8777984 1.6438028 1.4672166 1.1360530 1.3804838 1.0910613 0.7920555 1.5121682 1.3328361 1.3688310 1.0950173 1.4430481 1.3390828 0.6654620 1.1285449 1.1904158 1.1551356 1.1551356 2.2794238 2.3724996 1.4524855 1.6638001 1.7505923 1.5937799 1.5420125 1.5502813 2.0144659 1.5055515 1.5003964 2.0354290 2.0289788 1.3716606 1.3658847 1.8973932 1.8896978 1.5891562 2.1069192 1.3657862 1.3725555 1.3655683 1.3576635 1.4336859 1.3557245 1.2447157 0.7736212 0.9902782 1.5512789 1.0920421 1.2795533 1.0905725 1.2806829 1.3583301 1.4598769 1.5475888 1.4226278 1.5068002 1.7845641 1.4833938 1.2969819 1.7264253 1.6491136 1.7117354 1.5504511 2.6190839 2.6778689 2.2666627 1.5523179 2.0263834 1.6583147 1.9726855 1.7686646 1.9142997 2.2352132 2.0788262 2.3491523 2.3491523 2.2717641 1.9857927 2.2177770 2.3129852 2.3176650 2.3380659 2.8132214 2.4911138 2.5699267 1.5884545 1.7836364 2.1993589 2.7725004 1.9847538 1.7564537 2.0756533 
Gasp_gasp1.m3.21314.m1                              9.0000000 9.0000000 1.0892331 1.0892331 1.4867758 1.0729464 1.0729464 1.9752452 2.0385429 0.0000010 0.5620362 0.6092401 0.0000010 0.0000010 0.4131537 0.4005086 0.0966955 0.0966955 0.0480048 0.0000000 0.1255060 0.1205048 0.1202090 0.5114652 0.5991004 0.6383061 0.5900384 0.5186715 0.7591575 0.6668042 0.8340010 0.0000010 0.0000010 0.7137767 0.7161315 0.7285747 0.7185118 0.7169884 0.8070560 0.0000010 0.0000010 0.0000010 4.3257540 0.0000010 0.8080628 0.8574805 0.8810612 0.8157970 0.7383652 0.8824678 0.8660158 0.8406907 0.8406907 0.7846799 0.7846799 0.5714496 0.8398994 0.8844470 0.8844470 0.8844470 0.0000010 0.0000010 1.1639734 0.0000010 0.0000010 1.4764474 0.0000010 0.8434648 1.5972730 0.7573967 0.7573967 2.1592830 2.1592830 0.7573967 0.7573967 2.1592830 2.1592830 0.0000010 2.2093830 0.9891504 0.9895520 0.9897988 0.9897988 0.9966715 1.0208437 0.6193333 0.7736212 0.6759089 1.5424512 0.6668742 0.7870117 0.0000010 1.1414811 1.1414811 1.7660914 0.8386016 0.8370538 0.8630118 3.9652827 0.0000010 0.9236399 1.2550428 1.2614753 1.2614753 1.0945995 1.5904851 1.3974142 1.2279805 1.4080291 0.9996116 1.2121944 1.6362713 1.2728943 1.2728943 1.3263615 1.3263615 1.6676498 1.6676498 1.7145862 1.3907631 1.1924325 1.5301333 1.5301333 1.4739642 2.7823077 1.7179525 1.6950251 3.7976665 0.0000010 2.9781439 2.0732743 1.5274567 3.1892294 3.7112751 
Adig_XM_015923680.1                                 2.3760238 2.3231283 1.4665899 1.8161012 2.2050289 1.7029378 1.7029378 2.7116429 1.9150964 1.9475604 1.3733479 1.3168441 0.6306461 0.5740678 0.7483317 0.6939640 0.0715879 0.0734126 0.1867362 0.1255060 0.0000000 0.2769428 0.2607767 0.2729639 1.1169040 1.2650414 0.9940078 1.0003407 1.2884458 1.4025826 1.5685566 1.5913531 1.6952835 1.1916511 1.2404403 1.4037932 1.3083283 1.2601642 1.3692155 2.2471616 1.7437194 1.7437194 2.4016399 2.3357455 1.6986259 1.2141180 1.7491441 1.2784974 0.9476072 1.7849545 1.5026905 1.6417864 1.2245917 1.6633645 1.5498885 0.7588578 1.2050623 1.4082239 1.2875979 1.2875979 2.1382912 2.2583111 1.7963094 1.9192751 2.0086543 2.0123540 2.0254875 2.1949064 2.0022493 1.7128257 1.7077827 2.3043428 2.2983785 1.5852386 1.5793709 2.2153772 2.2079767 1.7144604 2.5774940 1.6817535 1.6654787 1.6397918 1.6255513 1.6463803 1.6699846 1.4261283 0.9123356 1.1592472 1.7181790 1.2276216 1.3339921 1.4307556 1.2954672 1.6743870 2.2951489 1.7779803 1.6926720 1.7727339 2.0870224 1.7347742 1.3218119 2.0278447 1.9636436 1.7926054 1.8772571 2.9074394 2.9552857 2.5973306 1.4817192 2.1469603 1.9988411 2.1983712 2.0982790 2.1207724 2.2277909 2.2183481 2.7385987 2.7385987 2.6518745 2.2588076 2.5183589 2.6037688 2.6096084 2.6310483 3.5647097 2.7801377 2.8173232 2.1969960 2.3250469 2.7348322 3.1382931 2.1319718 2.3377319 2.7373462 
Spis_XP_022777591_1                                 1.7173623 1.7062367 1.4572305 1.5591736 1.6616466 1.5245020 1.5245020 2.8874168 1.5746470 1.2516841 1.2119449 1.1520944 0.3391400 0.4168176 0.6817789 0.6821532 0.2321670 0.2351026 0.1971435 0.1205048 0.2769428 0.0000000 0.0529293 0.1490033 0.9846006 1.1329078 0.9029365 0.9194071 1.2477150 1.1346136 1.3804702 1.0253993 1.2387335 1.1387595 1.0713375 1.2412916 1.2205000 1.1454883 1.2271161 1.7193384 1.1482754 1.2118130 1.8356541 1.6184124 1.4715499 1.2276716 1.4733015 1.2005206 0.7745854 1.5560666 1.4778180 1.4015554 1.2045219 1.5569959 1.4499646 0.6927536 1.1797081 1.2780656 1.2596346 1.2596346 2.1165347 2.3086970 1.4478859 1.6717247 1.7952027 1.5605008 1.5508130 1.5511285 2.1811849 1.5669895 1.5653200 2.0844215 2.0843423 1.4243101 1.4219621 1.9563952 1.9555904 1.4060980 3.1547756 1.4512023 1.4621935 1.4569249 1.4468039 1.4962290 1.4625301 1.2560606 0.8370542 1.0889618 1.6858410 1.2396006 1.2808067 1.1208930 1.3336279 1.4490138 1.6508243 1.5232423 1.4437215 1.4992654 1.8430624 1.4993716 1.3444822 1.8133052 1.7238850 1.8076588 1.5381782 2.6081440 2.7451909 2.2569107 1.6056141 2.0529308 1.6323889 1.9242748 1.7148252 1.8450305 2.1803976 2.0583458 2.4300184 2.4300184 2.3713503 2.1192582 2.2461362 2.2944964 2.2990765 2.4936814 2.8855193 2.5160490 2.7270567 1.6551052 1.6607948 2.3541085 2.8513846 1.9788934 1.8081659 2.0442080 
Pocdam_XM_027187170.1                               1.7032737 1.6926235 1.3995181 1.5170913 1.6082369 1.4781547 1.4781547 2.5805253 1.5719759 1.3181171 1.1823428 1.1469996 0.3613934 0.4385015 0.6637428 0.6671762 0.2139603 0.2140366 0.1948447 0.1202090 0.2607767 0.0529293 0.0000000 0.1483558 0.9635036 1.1175081 0.8770814 0.8842461 1.2403849 1.1830564 1.3713828 1.0265046 1.2705012 1.0871285 1.0696244 1.2215390 1.2019369 1.1356796 1.1891411 1.7695627 1.2610160 1.3303782 1.9044604 1.7044598 1.4860316 1.2215593 1.4535088 1.0829101 0.7809308 1.5384545 1.3860138 1.3784870 1.1098731 1.4988419 1.3969533 0.6927536 1.1025727 1.2482807 1.2231457 1.2231457 2.0787841 2.2720463 1.4483988 1.6734242 1.7967240 1.5705655 1.5916103 1.5979449 2.2262084 1.5841888 1.5826039 2.0954405 2.0954138 1.4443591 1.4421325 1.9691005 1.9683902 1.3835483 2.5103325 1.4637696 1.4621064 1.4249531 1.4183106 1.4870566 1.4279906 1.2727624 0.8370542 1.0654746 1.6840472 1.2566105 1.2811376 1.1290962 1.3377555 1.4698503 1.7030650 1.5687258 1.5009343 1.5643024 1.8652257 1.5233940 1.3549711 1.7855289 1.7102862 1.7639141 1.5673056 2.6243201 2.7228944 2.3180845 1.6034189 2.0829448 1.6603625 1.9284884 1.7600949 1.8954834 2.1702706 2.0608958 2.4169096 2.4169096 2.3498130 2.0660613 2.2414859 2.3186087 2.3232538 2.4371214 3.0493716 2.4980055 2.6847608 1.7011135 1.6668420 2.3675083 2.8397658 1.9414750 1.7625797 2.0422248 
Gasp_gasp1.m3.21312.m1                              1.4911618 1.4911618 0.8506340 1.3723620 1.6781654 1.4055992 1.4055992 3.7246251 1.1590503 0.6061126 1.1427739 1.1319727 1.8912293 0.0000010 0.5881072 0.6298980 0.1936806 0.1863677 0.1622481 0.5114652 0.2729639 0.1490033 0.1483558 0.0000000 0.8483824 1.0419218 0.8958334 0.8478448 1.0136566 1.1909301 1.4225890 0.0000010 1.0484875 0.9965414 0.9746736 1.1029968 0.9974166 0.9255412 1.0280333 2.2995259 0.0000010 0.0000010 2.4295008 1.9057572 1.5843222 0.9813649 1.5236205 0.5910411 0.5910411 1.5171584 1.3941733 1.4183148 0.5910411 1.6514872 1.3778437 0.5910411 0.5910411 1.1673055 0.9916975 0.9916975 1.9453116 2.1414039 1.4610677 1.9453116 2.1414039 1.7935530 1.8215874 8.9999987 2.2173221 1.6323106 1.6338221 1.6480479 1.6496995 1.6115741 1.6129906 1.6277023 1.6292666 1.2562356 1.3250510 1.4223741 1.4048552 1.4595803 1.4595803 1.4775536 1.3031411 1.0978613 0.5114652 0.9641096 1.2387803 0.9773359 1.0286392 1.0524770 0.9031043 1.2192140 1.6059230 1.3795208 1.2048774 1.3310342 1.4193579 1.3127141 0.8573682 1.6609943 1.5015809 1.2931983 1.4866993 4.1139849 5.2281536 3.1636285 0.5114652 2.6214849 1.7116573 1.6674068 1.8262415 1.8720122 3.0013781 3.0096127 3.3902747 3.3902747 3.0328899 1.7568293 3.2085154 2.5404904 2.5557703 2.7491936 5.9300505 3.1203198 4.1824661 1.3992203 1.8250302 4.5266547 3.7432734 1.9582161 0.0000010 1.5455786 
Hsap_ENST00000261973                                1.7007039 1.6866257 1.5145266 1.5253485 1.7451822 1.4516768 1.4516768 2.4637482 1.6965698 0.9374541 0.8560398 0.9230800 1.3831795 0.4840807 0.9874985 0.9610544 0.9593008 0.9723979 0.9240960 0.5991004 1.1169040 0.9846006 0.9635036 0.8483824 0.0000000 0.8214832 1.0481426 1.1052656 1.0353653 1.0354504 1.0628886 0.8905773 0.9566057 1.2233510 1.1453239 1.2994196 1.2860092 1.2202577 1.3507329 1.7501176 0.9332774 0.9893341 1.7822649 1.6304730 1.3829946 1.1387777 1.3748327 1.1033331 0.6949269 1.4405012 1.2054218 1.3043122 1.0166848 1.2508399 1.1468794 0.6231828 1.1399891 1.0992989 1.0655259 1.0655259 2.3551320 2.3608982 1.3691692 1.6171173 1.6647829 1.5883594 1.6914340 1.6129871 2.2050402 1.5016915 1.5028059 1.9630550 1.9671248 1.3721036 1.3728051 1.8480143 1.8520440 1.1777379 2.1290135 1.3246663 1.3584852 1.3714128 1.3620794 1.3958547 1.3899373 1.0371563 0.8220118 0.6242182 1.7193675 1.0798544 1.0593735 0.7917791 1.3541393 1.4064765 1.5992180 1.5007812 1.4899343 1.5683638 1.8330803 1.4758580 1.4987339 1.7129129 1.7792159 1.8392551 1.6746369 2.7384177 2.8719312 2.5271334 1.8371929 2.1440417 1.6498320 1.9587502 1.7043661 1.9721443 2.1117225 1.9492392 2.3636005 2.3636005 2.2748943 1.8169750 2.3074932 2.2648603 2.2654214 2.4810654 2.8644400 2.5029243 2.4212596 1.5383299 1.8026924 2.3989539 2.6107915 2.0186411 1.5919053 2.0619212 
Skow_XM_006821429.1                                 1.8874624 1.8674947 1.3948174 1.6145164 1.8522110 1.4434435 1.4434435 2.3333727 1.7667797 0.9913171 0.9472931 0.8664335 1.4372280 0.4884059 0.9774504 1.0725548 1.1015709 1.1262105 1.0871081 0.6383061 1.2650414 1.1329078 1.1175081 1.0419218 0.8214832 0.0000000 1.1850481 1.3235007 1.0252759 1.0968256 1.2933306 1.1061594 1.0426347 1.3271581 1.2725431 1.3495765 1.3775474 1.3728489 1.4013739 1.6411519 0.9375576 0.9906994 1.8516152 1.8089081 1.4397967 1.1498125 1.3601936 1.0862171 0.7342381 1.4606548 1.2542316 1.3480961 1.0415434 1.3026122 1.2803204 0.6973419 1.1714659 1.1913734 1.0703626 1.0703626 2.6258209 2.7192823 1.5113947 1.6816923 1.7533427 1.6392581 1.7511692 1.7433755 2.3432300 1.5405205 1.5470046 2.1553612 2.1692381 1.2869635 1.2929504 1.8499000 1.8638197 1.7095389 2.1195196 1.3001921 1.2853133 1.3073878 1.3037637 1.2991509 1.3118072 1.2317896 0.9085696 0.7072689 1.7744809 1.0949846 1.3128254 1.0899522 1.2804183 1.5136556 1.7378773 1.6534405 1.5595730 1.7473212 2.1034332 1.7487993 1.3670124 1.7156484 1.7239811 1.7700460 1.5974344 2.6495638 2.6436541 2.4848099 1.4940046 2.4061545 1.7052730 1.9261606 1.8136321 1.8977955 2.1962911 2.0775600 2.5614697 2.5614697 2.2895519 2.1478831 2.4883353 2.2364730 2.2370345 2.3528733 2.9527957 2.5335828 2.3257844 1.7228294 1.7925617 2.2217976 2.4831886 2.0642752 1.9263815 2.7474318 
Dgig_XM_028553822.1                                 1.5724781 1.5625260 1.3666160 1.5180831 1.5268515 1.5836876 1.5836876 2.2546379 1.7532026 1.3640063 1.2445843 1.2534598 1.2716073 0.5096043 0.8176921 0.8259124 0.8635302 0.8808347 0.8815684 0.5900384 0.9940078 0.9029365 0.8770814 0.8958334 1.0481426 1.1850481 0.0000000 0.3111793 1.1902037 1.3481342 1.5023934 1.1846985 1.5194483 1.1560806 1.2404306 1.2960940 1.2869802 1.2252064 1.2301161 1.6301495 0.9916911 1.0486149 1.8902934 1.6495578 1.3989815 1.1888438 1.5192477 0.9893147 0.6996226 1.5418045 1.3743279 1.4633821 1.0027026 1.5428123 1.4353730 0.6523524 1.0239684 1.2950630 1.2494904 1.2494904 2.4669605 2.5439425 1.5981404 1.7847347 1.8595493 1.5965078 1.5122412 1.4383761 2.1449504 1.5785671 1.5761620 2.1293874 2.1290052 1.4485829 1.4453083 2.0334622 2.0323504 2.0030275 2.6351438 1.3638759 1.3692305 1.3688817 1.3654715 1.4182451 1.3768190 1.3390599 0.8728369 0.9992043 1.4887838 1.2279110 1.3357671 1.2648609 1.3936028 1.5237981 1.6936577 1.5526044 1.5157382 1.5193898 1.9560766 1.6119628 1.1915764 1.7304001 1.6902932 1.7071491 1.6038526 2.5606575 2.7390383 2.4882413 1.6067327 2.1381637 1.7092125 1.8301662 1.6142647 1.8450578 2.4050873 2.2170351 2.4562930 2.4562930 2.3162070 2.1351239 2.3020494 2.1957526 2.1963013 2.6675210 3.2688863 2.6901274 2.8349116 2.0333841 1.9935527 2.5322565 2.9749767 2.1603880 1.9668241 2.4964039 
Xesp_000970-T1                                      1.6449601 1.6328705 1.5424013 1.6547065 1.6095483 1.7376825 1.7376825 2.5661314 1.9027883 1.2555227 1.2901538 1.2759370 1.2971915 0.5912222 0.8209410 0.8670819 0.8466170 0.8638001 0.8683989 0.5186715 1.0003407 0.9194071 0.8842461 0.8478448 1.1052656 1.3235007 0.3111793 0.0000000 1.2194810 1.3292542 1.5763263 1.3273628 1.5333997 1.1872317 1.2561928 1.2960359 1.3095424 1.2439824 1.2614049 1.6926275 1.0968221 1.1612733 1.9817784 1.6924608 1.4820218 1.2416495 1.5474230 1.1932219 0.8254486 1.6291406 1.4724105 1.5079959 1.1433106 1.6173215 1.5027931 0.6832398 1.1586496 1.3779697 1.3210308 1.3210308 2.4251948 2.5138038 1.5801162 1.7495756 1.8314427 1.6134885 1.5117476 1.5071433 2.2376193 1.6868810 1.6889392 2.2658658 2.2724522 1.5793589 1.5811719 2.2189643 2.2265515 1.9299365 2.7907585 1.2678022 1.2714616 1.2861056 1.2863586 1.3747132 1.2600000 1.3815008 0.9126525 1.1225119 1.5759585 1.3397784 1.3967326 1.3124320 1.3076273 1.4778444 1.6144454 1.5646830 1.5746358 1.5673621 2.0044055 1.6534871 1.2491520 1.7869765 1.7085678 1.7933337 1.6903415 2.5608381 2.6583553 2.5799180 1.5661013 2.0921119 1.6499638 1.8550325 1.6636349 1.9646419 2.6579011 2.3860003 2.5449318 2.5449318 2.2983460 2.1955234 2.3921720 2.2769464 2.2775472 2.7495232 3.2650133 2.8059703 3.0416360 1.9099126 1.9313521 2.4213915 3.1453123 2.3159534 1.8371608 2.4100328 
