140
Lcom_lcpid158424                                       0.0000000 0.0000010 1.7412354 1.6588029 1.6066332 1.6213932 1.6689220 1.5602967 1.5602967 2.1447767 0.0000010 1.7245569 1.2305568 0.0000010 1.6913504 0.0000010 1.6236818 2.3069005 1.6464268 0.0000010 1.7400769 1.7822294 1.8069661 1.0081134 1.5154426 0.0000010 1.6305294 1.7919545 1.6464436 1.8036027 1.5093875 1.5232316 1.6227703 1.5678871 1.6714984 1.9568402 1.7921449 1.7921449 1.0518598 1.9858207 0.9663656 1.8560304 1.7333355 0.8995107 1.7188928 1.6378229 1.9584120 1.9920595 1.8550003 1.2644825 2.0198660 2.0287330 2.0073608 2.0073608 2.0414434 2.0833119 2.0833119 1.8266226 1.9959966 0.0000010 1.8879205 1.8338297 1.5055374 1.5940492 2.0112464 1.5426614 1.6177052 1.8298651 1.6413256 1.6214824 1.9631598 2.0294626 1.9154983 1.8909692 1.9572288 2.1080938 2.0060206 1.9228881 1.7848222 0.0000010 0.0000010 0.0000010 0.0000010 0.0000010 0.0000010 1.4668939 1.4668939 0.0000010 0.0000010 0.0000010 0.0000010 0.0000010 0.0000010 2.0424577 0.0000010 0.0000010 0.0000010 1.9002878 1.4248065 1.4887327 9.0000000 1.5277958 1.8543630 2.2041890 1.9878600 1.8937032 0.0000010 0.0000010 1.9716323 1.9410104 2.1083581 0.0000010 2.1219410 0.0000010 0.0000010 0.0000010 0.0000010 0.0000010 0.0000010 0.0000010 0.0000010 0.0000010 1.8408421 2.3905886 2.1193907 4.0592776 1.3407485 0.0000010 0.0000010 5.1961427 0.0000010 0.0000010 0.0000010 0.0000010 2.5080776 0.0000010 0.0000010 0.0000010 0.0000010 0.0000010 
Lcom_lcpid121886                                       0.0000010 0.0000000 1.5856519 1.5693674 1.6067812 1.5419492 1.5957515 1.5887438 1.5887438 2.2976229 0.0000010 1.6500579 0.0000010 1.8480417 1.5168996 1.9329174 1.4559368 0.0000010 1.5438664 0.0000010 1.6285931 1.5576958 1.4594271 0.7379307 1.7229801 1.6543258 1.8277394 1.5775637 1.6635957 1.2452330 1.6256066 1.5823857 0.7773105 1.5035719 1.6889830 0.2194885 1.6912385 1.6912385 0.0000010 1.6150038 9.0000000 1.7919652 1.8109043 1.9784937 1.5391748 1.5702331 2.1355377 2.1411761 2.1066593 1.5616129 2.2050253 2.1739234 2.2081700 2.2376794 2.3613570 2.1978910 2.1982260 0.9956509 0.8793505 0.0000010 0.9526523 0.9764530 1.2110097 1.1365626 0.8229957 1.0443192 0.9585151 0.8686311 1.1865175 1.2526816 1.0591734 1.0728111 1.0567173 1.0704950 3.0577275 1.7429334 1.9394178 1.8754201 2.0507587 1.8781189 2.2294731 2.2294731 1.8781189 2.3184979 2.3184979 1.9409728 1.9409728 1.9409728 1.9108072 0.0000010 0.0000010 0.0000010 0.0000010 1.7346343 1.7598455 0.0000010 0.0000010 2.0307992 2.0307992 2.0307992 2.5468111 2.2489040 2.0307992 2.2414482 1.8583700 1.7559713 2.0181264 2.0181264 1.8141669 1.6898275 1.8539116 0.0000010 1.8508946 1.8382886 1.6721929 0.0000010 1.8628481 1.8572746 1.6579008 1.8002739 2.0574094 1.9883738 0.9826058 0.0000010 0.9573655 0.0000010 1.5166047 1.7047294 2.5943546 2.4863863 1.9724855 2.4476625 2.0040637 1.7938028 1.8672797 3.0798279 0.0000010 0.9000435 0.0000010 5.9861951 
Spis_XP_022798916_1                                    1.7412354 1.5856519 0.0000000 0.0286061 0.0618221 0.0348617 0.0426880 0.0730916 0.0728297 0.0921969 0.2204585 0.2418887 0.2367835 0.2240665 0.2152662 0.2989920 0.5125832 0.5446835 0.5468037 0.2974211 0.4539915 0.5342373 0.5619459 0.2437714 0.5764718 0.6376210 0.5530153 0.6333154 0.5204169 0.6281244 0.4917403 0.4925759 0.3064126 0.5165180 0.5450786 0.2510041 0.6719732 0.6719732 0.4196421 0.6119805 0.6177756 0.7307630 0.7108497 0.6791372 0.4141652 0.4302485 0.8140562 0.8162784 0.7930074 0.5523701 0.6520648 0.6601416 0.6678919 0.6709568 0.6844255 0.6355223 0.6236269 1.1842213 1.0585590 0.6231545 0.9597850 1.0264727 1.1531712 1.1157333 1.0403513 1.0801066 1.0721809 1.0968559 1.1120351 1.1414161 1.1721553 1.1733378 1.1248372 1.1036063 0.7609574 0.9450241 0.9737014 0.9615972 1.0232028 1.1037221 1.2084787 1.2084787 1.1037221 1.1908391 1.1908391 0.9778152 0.9778152 1.0902953 0.9270241 0.6636669 0.6636669 0.6876980 0.6876980 0.9817176 0.9751620 0.5825337 0.5825337 0.9905436 0.9615010 0.9807077 1.1801010 1.1950392 0.9961929 1.0343407 0.9864128 0.9795839 1.2066932 1.2066932 1.1304393 1.0282021 1.0255566 0.9828312 1.1507227 1.5342148 0.9705776 0.8716004 1.1230073 1.3928749 1.0051010 1.0871901 1.5901098 0.5611366 1.1194328 1.0429743 0.9798299 0.5110791 0.5126453 0.9349429 1.1138520 1.1565050 1.0007595 0.8266124 0.8614850 1.1924829 0.6635731 1.5718697 3.9247652 2.1576703 1.5859728 1.9078516 
Pocdam_XM_027192389.1                                  1.6588029 1.5693674 0.0286061 0.0000000 0.0695839 0.0413246 0.0535873 0.0838649 0.0837550 0.1038984 0.2204585 0.2687211 0.2127115 0.1995647 0.2389724 0.5640902 0.5235911 0.4898068 0.5428373 0.3336233 0.4524957 0.5280512 0.5615393 0.2431100 0.5753645 0.7215625 0.5398951 0.6453280 0.5260332 0.6397476 0.5137968 0.5094424 0.2880690 0.5285563 0.5507554 0.2324413 0.6653376 0.6653376 0.3988079 0.6070472 0.6256509 0.7134028 0.7040252 0.6677301 0.4301924 0.4400095 0.7967332 0.7978560 0.7816914 0.5827093 0.6470825 0.6485750 0.6589833 0.6623357 0.6734831 0.6307724 0.6177030 1.1735961 1.0558810 0.6195034 0.9324137 0.9768413 1.1612239 1.0459022 1.0399898 1.0246502 1.0526099 1.0798135 1.0972996 1.1217893 1.1421399 1.1556008 1.1068963 1.1066394 0.6976433 0.9011812 0.9371232 0.9165366 0.9675799 1.1283228 1.2199976 1.2199976 1.1283228 1.1794171 1.1794171 0.9537919 0.9537919 1.0811108 0.8078802 0.6733123 0.6733123 0.6907322 0.6907322 0.9501736 0.9878514 0.5796124 0.5796124 0.9633086 0.9402249 0.9581897 1.2064187 1.2060775 0.9765231 1.0637916 0.9647193 0.9670627 1.2653040 1.2653040 1.1429739 1.0134722 1.0066410 1.0012545 1.1432760 1.7191691 0.9830027 0.8961248 1.1576508 1.5837452 1.0171257 1.1106394 1.9182269 0.6186940 1.0812152 0.9855174 0.9716845 0.5235208 0.5302342 0.9668081 1.1211424 1.1729688 1.0105413 0.8537137 1.0266013 1.1925815 0.6961364 1.7519411 3.9247652 2.2502630 1.5184212 1.7876172 
Gfas_gfas1.m1.4754.m1                                  1.6066332 1.6067812 0.0618221 0.0695839 0.0000000 0.0390225 0.0426350 0.0572063 0.0566484 0.0685987 0.2331101 0.2365722 0.2127115 0.2055785 0.2106077 0.3180126 0.4919775 0.4808008 0.5406299 0.3005925 0.4536636 0.5250524 0.5511174 0.2414021 0.5654531 0.6494267 0.5435159 0.6357901 0.5078916 0.6328887 0.4910746 0.4758956 0.2898320 0.5112070 0.5308407 0.2421570 0.6517443 0.6517443 0.3988079 0.5947607 0.6141113 0.7104763 0.7194694 0.6959494 0.4021807 0.4225105 0.8371748 0.8317203 0.7949996 0.5476478 0.6427629 0.6582899 0.6601823 0.6632150 0.6735085 0.6337106 0.6231435 1.1649301 1.0340096 0.6097922 0.9276178 1.0178905 1.1413720 1.0911264 1.0311164 1.0723318 1.0617494 1.0869061 1.0956836 1.1092954 1.1455089 1.1584633 1.1204147 1.1175278 0.6561799 0.9534584 0.9560906 0.9479162 1.0393494 1.0907072 1.2042163 1.2042163 1.0907072 1.1720965 1.1720965 0.9661466 0.9661466 1.0858879 0.9398414 0.6675993 0.6675993 0.6914473 0.6914473 0.9787053 0.9944792 0.5460857 0.5460857 1.0187918 1.0032059 1.0176392 1.2659794 1.2640268 1.0367343 1.0971748 0.9995158 0.9832273 1.1737415 1.1737415 1.1031805 1.0046488 1.0195618 1.0001717 1.1535602 1.5608156 0.9946765 0.8844085 1.1477368 1.4892120 1.0711816 1.1542634 1.6943024 0.5632822 1.1007202 0.9622636 0.9785227 0.5209215 0.5067803 0.9393568 1.1140055 1.1611463 1.0223242 0.8957327 0.7931009 1.1895961 0.6571888 1.6066219 3.8248183 2.3183919 1.6044976 1.8944994 
Gasp_gasp1.m3.2654.m1                                  1.6213932 1.5419492 0.0348617 0.0413246 0.0390225 0.0000000 0.0288171 0.0552232 0.0546502 0.0681028 0.2078667 0.2162012 0.2127115 0.1100481 0.1845089 0.2685176 0.4521839 0.4970585 0.4797839 0.3119899 0.4290593 0.4765467 0.5079932 0.2196773 0.5324060 0.7381386 0.4767496 0.5618078 0.4699697 0.5897132 0.4463325 0.4353182 0.2844600 0.4889868 0.4812192 0.2366267 0.6019348 0.6019348 0.3988079 0.5507553 0.5527881 0.6389257 0.6463751 0.6124857 0.3552660 0.3762633 0.7196580 0.7174220 0.6998096 0.4867252 0.5813852 0.5798106 0.5897793 0.5928495 0.5969660 0.5631255 0.5631255 1.0363443 0.9659342 0.6023521 0.8556203 0.8914388 1.0008522 0.9844384 0.9258199 0.9440702 0.9461381 0.9857801 0.9783655 1.0294426 1.0442045 1.0451538 1.0164489 0.9828681 0.6326692 0.8872236 0.8994334 0.8591711 0.9460781 0.8865264 0.9963923 0.9963923 0.8865264 0.9918761 0.9918761 0.8462616 0.8462616 0.9304423 0.8719297 0.6154069 0.6154069 0.6154069 0.6154069 0.8709691 0.8241566 0.5577162 0.5577162 0.8894177 0.8582275 0.8787341 1.0213497 1.0594892 0.8853747 0.9098214 0.8725539 0.8826338 0.9987106 0.9987106 0.9729682 0.9005911 0.8838759 0.7080519 0.9775224 1.4707663 0.8524783 0.6713343 0.9802447 1.3541276 0.9520287 1.0258390 1.5628104 0.5295583 1.0143456 1.0212084 0.8606796 0.5208584 0.4479488 0.8426432 0.9583439 1.0104607 0.9639796 0.8359797 0.8824176 1.0551912 0.6225859 1.5943695 3.8859311 1.9015549 1.5563860 1.6493767 
Fspp_ffun1.m4.12586.m1                                 1.6689220 1.5957515 0.0426880 0.0535873 0.0426350 0.0288171 0.0000000 0.0613745 0.0609210 0.0730395 0.2226197 0.2355941 0.2369296 0.1100481 0.2017131 0.3203012 0.4892147 0.4902733 0.5306132 0.3119899 0.4401115 0.5098317 0.5389913 0.2257063 0.5655767 0.7036264 0.5280409 0.6253373 0.5006225 0.6375554 0.4757232 0.4649480 0.2993564 0.4996252 0.5337645 0.2225394 0.6371529 0.6371529 0.3781653 0.5798634 0.6094295 0.6800176 0.6960330 0.6649336 0.3926579 0.4129013 0.7823248 0.7750553 0.7540635 0.5457762 0.6317350 0.6490091 0.6517338 0.6548723 0.6673561 0.6215620 0.6094172 1.1398593 1.0172744 0.6038750 0.9313621 0.9755303 1.1129272 1.0707683 1.0088986 1.0382562 1.0283592 1.0658250 1.0808669 1.1126401 1.1392588 1.1506396 1.1062394 1.0867888 0.6346984 0.9250307 0.9398699 0.9192293 1.0042141 1.0620673 1.1532394 1.1532394 1.0620673 1.1476976 1.1476976 0.9333373 0.9333373 1.0432522 0.8622519 0.6464894 0.6464894 0.6700001 0.6700001 0.9506260 0.9572342 0.5344520 0.5344520 0.9653265 0.9410767 0.9583633 1.1771439 1.1897817 0.9759776 1.0344157 0.9535437 0.9455267 1.1596383 1.1596383 1.0777164 0.9786761 0.9946210 0.9664428 1.1180070 1.6175435 0.9637257 0.8618600 1.1213934 1.4738013 1.0138050 1.1089260 1.7360078 0.5784565 1.1128954 0.9871638 0.9472454 0.5208863 0.4980958 0.9328802 1.1169082 1.1644466 1.0299640 0.9202752 0.8957844 1.2038938 0.6481863 1.6610015 3.7825624 2.3421569 1.6329802 1.7726137 
Amil_Amillepora05009-RA                                1.5602967 1.5887438 0.0730916 0.0838649 0.0572063 0.0552232 0.0613745 0.0000000 0.0000010 0.0143345 0.2657676 0.2335012 0.2155473 0.2055785 0.2221866 0.3633474 0.5018064 0.4904059 0.5199303 0.3263286 0.4514212 0.5328198 0.5521397 0.2421295 0.5772973 0.6562730 0.5462995 0.6336983 0.5079682 0.6370430 0.5020058 0.4761235 0.2937081 0.5005797 0.5445843 0.2324413 0.6747187 0.6747187 0.4016083 0.6193296 0.6253485 0.7077665 0.7257102 0.6943101 0.4138205 0.4348095 0.8390328 0.8300940 0.8076639 0.5470020 0.6691207 0.6812887 0.6881156 0.6913302 0.6701341 0.6493491 0.6371464 1.2017073 1.0569849 0.6294448 0.9466761 1.0117095 1.1634382 1.0949581 1.0200448 1.0579061 1.0898146 1.0932516 1.1081540 1.1065238 1.1871895 1.1838573 1.1357291 1.1169803 0.7175560 0.9320960 0.9763127 0.9355102 1.0308140 1.1538394 1.2622326 1.2622326 1.1538394 1.2439447 1.2439447 0.9939008 0.9939008 1.1238568 0.9265179 0.6878891 0.6878891 0.7124384 0.7124384 1.0274885 1.0774745 0.5442063 0.5442063 1.0093424 0.9926341 1.0085329 1.2710359 1.2564479 1.0293687 1.1112332 1.0100713 1.0032796 1.2598846 1.2598846 1.1483868 1.0502236 1.0412691 1.0213627 1.1774415 1.6095672 1.0061812 0.9101501 1.1679846 1.4238513 1.0342594 1.1086066 1.6084916 0.5932398 1.1245369 1.0261919 0.9836379 0.5518192 0.5096592 0.9470005 1.1787262 1.2286718 1.0442976 1.0966452 0.7903195 1.1324858 0.6782982 1.6762394 3.6779641 2.3593942 1.6563115 1.8266440 
Amil_Amillepora04980-RA                                1.5602967 1.5887438 0.0728297 0.0837550 0.0566484 0.0546502 0.0609210 0.0000010 0.0000000 0.0146109 0.2657676 0.2316662 0.2155473 0.2055785 0.2191750 0.3633474 0.4958618 0.4904059 0.5250138 0.3263286 0.4448656 0.5328198 0.5522566 0.2421295 0.5747075 0.6562730 0.5461154 0.6273665 0.5090810 0.6314348 0.5084164 0.4817049 0.2937081 0.5005797 0.5506317 0.2324413 0.6728759 0.6728759 0.4016083 0.6165468 0.5949171 0.7123067 0.7340915 0.7027690 0.4144844 0.4327752 0.8369339 0.8251812 0.8069668 0.5539025 0.6781513 0.6905364 0.6975143 0.7008033 0.6830619 0.6587902 0.6463253 1.2104972 1.0525795 0.6366709 0.9455034 1.0051681 1.1692303 1.1002515 1.0177095 1.0568043 1.0874791 1.0912687 1.1081540 1.1084522 1.1888449 1.1864572 1.1404188 1.1250065 0.7175560 0.9362103 0.9824764 0.9410444 1.0379762 1.1816954 1.2871145 1.2871145 1.1816954 1.2712675 1.2712675 1.0029361 1.0029361 1.1238568 0.9265179 0.6688774 0.6688774 0.6939900 0.6939900 1.0257727 1.0747158 0.5056684 0.5056684 1.0138242 0.9971980 1.0131839 1.2910449 1.2701790 1.0349527 1.1267323 1.0187717 1.0056200 1.2751632 1.2751632 1.1483868 1.0554745 1.0423723 1.0239682 1.1774415 1.6095672 1.0099583 0.9147185 1.1765454 1.4238513 1.0342594 1.1086066 1.6084916 0.6079775 1.1283910 1.0261919 0.9715798 0.4528581 0.5096592 0.9614248 1.1758497 1.2271775 1.0556844 1.0966452 0.7903195 1.1329476 0.6715025 1.5929674 3.0257939 2.3593942 1.6563115 1.8266440 
Adig_XM_015901721.1                                    2.1447767 2.2976229 0.0921969 0.1038984 0.0685987 0.0681028 0.0730395 0.0143345 0.0146109 0.0000000 0.3379942 0.2660233 0.2298905 0.0000010 0.2570181 0.3425690 0.5648391 0.5336460 0.6024996 0.4002548 0.5171456 0.6139246 0.6563414 0.2260371 0.6660020 0.7342804 0.6112523 0.7558588 0.5882718 0.7683982 0.5487435 0.5287534 0.3516752 0.5636893 0.6321766 0.2366155 0.8023389 0.8023389 0.7582140 0.6994012 0.6531609 0.8071745 0.8125020 0.7798756 0.4501097 0.4693760 0.9736736 0.9479074 0.9321800 0.6024055 0.7376944 0.7495341 0.7577163 0.7577163 0.7913121 0.7278182 0.7121211 1.3876480 1.2650872 0.6088566 1.1391160 1.1690405 1.3565778 1.3189317 1.2586732 1.2623166 1.2270779 1.2653447 1.3283105 1.2978030 1.3124083 1.3303950 1.2935492 1.2780014 0.7272565 1.1167863 1.1221408 1.0688991 1.2010413 1.1240923 1.1883621 1.1883621 1.1240923 1.2193541 1.2193541 1.0015600 1.0015600 1.0815460 0.7034228 0.7295896 0.7295896 0.7559268 0.7559268 1.0330192 1.0546758 0.5892621 0.5892621 1.0255033 1.0059378 1.0252990 1.2616599 1.2156328 0.9952125 1.0890961 1.0252577 1.0278787 1.2461284 1.2461284 1.2496962 1.0880012 1.0787408 1.0596324 1.2429243 1.6939690 0.9750411 0.9467013 1.1180506 1.4182338 0.9649073 1.0884476 1.7671377 0.5981846 1.3255953 1.2018915 1.1101254 0.5923305 0.5973101 1.0887193 1.1767523 1.2353221 1.1034489 0.9809449 1.1941141 1.3297251 0.7139132 1.8897311 3.6403235 2.3940834 1.6563115 1.6554534 
Nvec_v1g224147                                         0.0000010 0.0000010 0.2204585 0.2204585 0.2331101 0.2078667 0.2226197 0.2657676 0.2657676 0.3379942 0.0000000 0.1886659 0.0000010 0.0000010 0.0599946 0.0000010 0.5135081 0.0000010 0.6433484 0.3239796 0.4699831 0.7639833 0.7284349 0.0000010 0.5351736 0.0000010 0.5332857 0.5847622 0.6111096 0.6474798 0.5533515 0.5021905 0.0000010 1.8653032 0.4439698 0.0000010 0.7902722 0.7902722 0.0000010 0.7641017 0.7267550 0.7879472 0.6904467 0.6958844 0.4231127 0.3747576 0.8592911 0.7895391 0.7341533 0.4019023 0.7623780 0.7564198 0.7056687 0.7056687 0.7371598 0.6836816 0.6836816 1.0027676 0.8881064 4.4625408 0.7411253 0.8127506 0.8008302 0.6937837 0.8445978 0.8938539 0.8026438 0.7989006 0.8595779 0.8409037 0.8427537 0.9146411 0.9323529 1.0341461 0.0000010 1.3487828 1.2426618 1.2218527 1.2690049 0.7972786 0.7972786 0.7972786 0.7972786 0.7972786 0.7972786 0.7972786 0.7972786 0.7972786 0.0000010 0.8027655 0.8027655 0.8027655 0.8027655 0.7668272 0.7668272 1.8476759 1.8476759 0.8153786 0.8153786 0.8153786 0.8153786 0.8153786 0.8153786 0.8153786 0.8645460 0.8428868 0.8067780 0.8067780 0.6632343 0.8529718 0.7728012 0.7779367 0.6575525 0.0000010 0.7179581 0.7179581 0.7179581 0.0000010 0.0000010 0.0000010 0.0000010 0.4712738 0.8592590 0.0000010 0.8346419 0.5752565 0.9593015 0.7649847 0.9180190 0.9180190 0.6474443 0.0000010 3.0899178 1.1967187 0.5496386 0.6895220 3.7308385 0.8159031 0.0000010 8.2675057 
Exapal_XM_021046078.2                                  1.7245569 1.6500579 0.2418887 0.2687211 0.2365722 0.2162012 0.2355941 0.2335012 0.2316662 0.2660233 0.1886659 0.0000000 0.1145527 0.0954598 0.1682405 0.1974958 0.4901459 0.4994395 0.5252526 0.3077780 0.4553834 0.5321887 0.5571085 0.2490862 0.5690863 0.7449139 0.5440306 0.6262088 0.5186490 0.5875705 0.4963528 0.4722506 0.3092776 0.4653423 0.5602997 0.2299757 0.6423916 0.6423916 0.4687152 0.5645521 0.5388162 0.6886016 0.6808828 0.6910151 0.4145484 0.4315291 0.8161102 0.7995614 0.7977517 0.5389423 0.6658641 0.6671705 0.6636500 0.6666839 0.6995506 0.6748151 0.6633476 1.1018551 1.0085071 0.6909927 0.8956723 0.9763052 1.1729267 1.1273258 0.9721659 1.0747648 1.0490521 1.0709094 1.1407417 1.1263074 1.0657551 1.0843961 1.0852780 1.0261916 0.6537815 0.9718773 0.9877984 0.9392954 1.0383642 1.1596432 1.2536870 1.2536870 1.1596432 1.2454961 1.2454961 0.9693669 0.9693669 1.1035148 0.9194998 0.6688418 0.6688418 0.6860823 0.6860823 0.9676047 1.0257150 0.5563145 0.5563145 0.9699220 0.9698774 0.9760823 1.2213814 1.2180846 1.0081243 1.0944050 0.9718228 0.9394682 1.2006883 1.2006883 1.0835517 0.9814755 0.9650676 0.9955245 1.0603431 1.5137059 1.0224748 0.8991668 1.1776452 1.5352293 1.1032668 1.1694567 1.7168499 0.5688898 1.0179742 0.9228035 0.9559055 0.5709861 0.5210554 0.9185814 1.1377660 1.1813350 0.9986634 1.0631397 0.8352016 1.2943256 0.6885466 1.6631640 4.3722622 1.8420575 1.8079548 1.8340940 
Nvec_v1g224507                                         1.2305568 0.0000010 0.2367835 0.2127115 0.2127115 0.2127115 0.2369296 0.2155473 0.2155473 0.2298905 0.0000010 0.1145527 0.0000000 0.0000010 0.0176711 0.0000010 0.1573779 0.2159566 0.2377257 0.0000010 0.2347793 0.2310106 0.3018139 0.3603933 0.3130965 0.0000010 0.2878311 0.3964706 0.2387561 0.3260432 0.4643887 0.3948327 0.3481488 0.3806262 0.2969839 0.0000010 0.6324851 0.6324851 0.7276269 0.5969002 0.0000010 0.4679554 0.6335224 0.6295363 0.4559491 0.4450357 0.5057184 0.5140165 0.5067995 0.0000010 0.4872803 0.5038537 0.5038537 0.5038537 0.5056666 0.4947425 0.4947425 0.3719495 0.5506027 0.0000010 0.4743674 0.4663665 0.6448890 0.4525244 0.4872802 0.4295467 0.3926452 0.4831777 0.4157314 0.4118570 0.6361464 0.7276130 0.6585223 0.5503659 0.3095714 0.5864538 0.5102501 0.4285002 0.5282489 0.0000010 0.0000010 0.0000010 0.0000010 0.0000010 0.0000010 0.6430294 0.6430294 0.0000010 0.0000010 0.0000010 0.0000010 0.0000010 0.0000010 0.7216697 0.0000010 0.0000010 0.0000010 0.7523729 0.4436678 0.7420205 0.0000010 0.0000010 2.9584111 2.9584111 0.7057057 0.7383397 0.0000010 0.0000010 0.6831171 0.7885212 0.6792880 0.0000010 0.6950930 0.0000010 0.0000010 0.0000010 0.0000010 0.0000010 0.0000010 0.0000010 0.0000010 0.0000010 0.5242317 0.6263290 0.6365478 0.0000010 0.0000010 0.0000010 0.0000010 4.1817735 0.0000010 0.0000010 0.0000010 0.0000010 0.4057020 0.0000010 0.0000010 0.0000010 0.0000010 0.0000010 
Nvec_NVE344                                            0.0000010 1.8480417 0.2240665 0.1995647 0.2055785 0.1100481 0.1100481 0.2055785 0.2055785 0.0000010 0.0000010 0.0954598 0.0000010 0.0000000 0.0181785 0.0000010 1.0167519 0.0000010 0.8397610 0.0000010 0.7285714 0.8900597 0.6816707 0.4638520 0.7885549 1.1696723 0.9547207 0.6165971 0.8902916 0.6128493 0.7458224 0.7486157 0.0000010 0.7445227 0.4589408 0.0000010 0.7477419 0.7477419 0.0000010 0.8386877 0.0000010 0.9661098 1.1248990 1.1156251 0.5537394 0.5978887 0.8333062 0.9366097 0.9411863 0.7463282 1.0337773 1.0337773 1.0897349 1.0897349 1.0119598 0.9935080 0.9935080 1.9972172 1.3071907 0.0000010 0.9649547 1.2918406 1.8728552 1.2457068 1.1315593 0.8830055 1.9928671 1.6619519 1.2973421 1.5432005 1.1143147 0.9930051 1.1573845 1.2696613 1.8378973 1.0689298 1.4072361 1.2401598 1.5399560 0.8996211 3.0948190 3.0948190 0.8996211 0.8996211 0.8996211 1.5642237 1.5642237 1.5642237 1.6006042 0.0000010 0.0000010 0.0000010 0.0000010 1.6378988 3.5561898 0.0000010 0.0000010 1.6672464 1.6672464 1.6672464 8.0847333 1.6672464 1.6672464 8.0847333 1.5887566 1.5134456 1.4863810 1.4863810 1.4863810 1.5575801 1.5162691 0.0000010 1.5162691 1.5859242 1.5051273 0.0000010 1.5051273 1.5051273 1.5051273 1.4450530 1.4450530 1.4148749 0.9107634 0.0000010 1.8007495 0.0000010 0.3850778 0.9454579 5.0913842 5.0913842 0.9942887 9.0000000 0.7919546 1.6425178 0.7151777 1.1156251 0.0000010 0.8263235 0.0000010 5.5806971 
Nvec_v1g124098                                         1.6913504 1.5168996 0.2152662 0.2389724 0.2106077 0.1845089 0.2017131 0.2221866 0.2191750 0.2570181 0.0599946 0.1682405 0.0176711 0.0181785 0.0000000 0.0156741 0.4926857 0.4319794 0.5289083 0.3446736 0.4447339 0.5129213 0.5331535 0.2325954 0.5674096 0.7010952 0.5580816 0.6101904 0.5179910 0.5975077 0.4667628 0.4456118 0.2505287 0.4714531 0.5485157 0.2266259 0.6823662 0.6823662 0.4808904 0.5915224 0.6368066 0.6868726 0.6710519 0.6825894 0.4162628 0.4300703 0.8104120 0.7935364 0.7775232 0.5547325 0.6536036 0.6687723 0.6600550 0.6630885 0.6749091 0.6802141 0.6680807 1.1176151 0.9647085 0.5673779 0.8879029 1.0003758 1.1986038 1.0753285 0.9643117 1.0966704 1.0181900 1.0688671 1.1138940 1.1178674 1.1071822 1.1336255 1.0768378 1.0333198 0.5815217 0.9888562 0.9861553 0.9685828 1.0440047 1.1003137 1.2151757 1.2151757 1.1003137 1.1979001 1.1979001 0.9489215 0.9489215 1.0778526 0.9465337 0.6692848 0.6692848 0.6867456 0.6867456 0.9377581 1.0160527 0.6287810 0.6287810 1.0076570 0.9992556 1.0077238 1.2709221 1.2758941 1.0407703 1.1151199 0.9729465 0.9615902 1.2283612 1.2283612 1.0778130 0.9950866 0.9641131 1.0016993 1.0622337 1.5040619 0.9991540 0.8689762 1.1485838 1.4854911 1.0744668 1.1471998 1.6687648 0.5458379 1.0343112 0.9956819 0.9886841 0.5545088 0.4868687 0.8597664 1.0615097 1.1049161 0.9669240 1.1104041 0.8983419 1.3450391 0.6680253 1.5960456 3.9811863 1.9214906 1.7430138 1.9889909 
Nvec_v1g67943                                          0.0000010 1.9329174 0.2989920 0.5640902 0.3180126 0.2685176 0.3203012 0.3633474 0.3633474 0.3425690 0.0000010 0.1974958 0.0000010 0.0000010 0.0156741 0.0000000 0.7112502 0.0000010 0.9840175 0.0000010 0.9963626 0.7706885 0.8354290 0.0000010 0.9876170 0.6809655 0.8521193 0.9833433 0.8960717 0.8168991 0.7452435 0.6109628 2.1720162 0.5883828 0.8558387 0.0000010 1.0444477 1.0444477 0.0000010 0.8296342 0.0000010 1.0738912 1.0849351 1.2141037 0.8115523 0.9029433 1.3813651 1.3402410 1.3702510 0.8548896 1.1810692 1.2582040 1.1573346 1.1573346 1.3812852 1.3726342 1.2615457 1.9864245 1.7817199 0.0000010 1.8148637 2.1465210 2.0090425 2.5939785 1.6355426 2.2798096 1.9063980 1.9416364 2.3865818 2.3517561 2.1188055 2.0097127 1.9092534 1.7249303 0.0000010 1.9579601 1.8785142 2.1084453 2.5905459 2.4537379 1.7597696 1.7597696 2.4537379 2.1378865 2.1378865 1.7597696 1.7597696 1.7597696 1.3219027 0.0000010 0.0000010 0.0000010 0.0000010 1.5849156 1.7400588 0.0000010 0.0000010 1.9359876 1.9359876 1.9359876 3.0730114 1.9359876 1.9359876 9.0000000 1.5788362 1.7245503 2.0739780 2.0739780 2.0782188 1.8288200 1.5410293 0.0000010 1.5835678 1.4591901 1.5281152 0.0000010 1.5281152 1.5281152 1.5281152 1.5349938 1.5349938 0.5555446 2.4242961 0.0000010 1.8290949 0.0000010 0.5667826 1.0872032 1.3236844 1.2744188 1.3738671 1.4349231 1.0668267 0.0000010 4.1108661 2.1687081 0.0000010 0.0000010 0.0000010 3.7998446 
Bralan_BLAG18000439_1                                  1.6236818 1.4559368 0.5125832 0.5235911 0.4919775 0.4521839 0.4892147 0.5018064 0.4958618 0.5648391 0.5135081 0.4901459 0.1573779 1.0167519 0.4926857 0.7112502 0.0000000 0.3946053 0.3140340 0.3091349 0.3297773 0.3947927 0.3885956 0.2081305 0.4562446 0.3851683 0.4101435 0.4813252 0.4321571 0.4915771 0.5454100 0.5517119 0.3240382 0.5274850 0.6403736 0.1986329 0.6099288 0.6099288 0.4141851 0.5571419 0.5264448 0.6805619 0.6831305 0.6864041 0.5200866 0.5417579 0.8253752 0.8047928 0.7976879 0.6271982 0.7313263 0.7383357 0.7451786 0.7484210 0.7551999 0.7398707 0.7271116 1.0644181 0.9500035 0.6939731 0.8825704 0.8777086 1.2073801 1.1079016 0.9602921 1.0320931 1.0682317 1.0423869 1.0947277 1.1064932 1.0443714 1.0382653 1.0160853 0.9722777 0.5387386 0.8807011 0.8948121 0.8698325 0.9606603 1.0977318 1.1499223 1.1499223 1.0977318 1.1648814 1.1648814 0.9173748 0.9173748 1.0160001 0.8318032 0.6799322 0.6799322 0.6978688 0.6978688 0.9043960 0.9325362 0.6523186 0.6523186 0.9388688 0.9377222 0.9366857 1.1693235 1.1432610 0.9733887 1.0501115 0.9644358 0.9037283 1.1608070 1.1608070 1.0231780 0.9416383 0.9128435 0.8570409 1.0045885 1.4231367 0.8977568 0.7855939 1.0319150 1.3245694 0.9595705 1.0606293 1.5558394 0.6922919 0.9703296 0.7781345 0.8876601 0.5707931 0.6378011 0.9089986 1.0729805 1.1139663 0.9899457 0.9168712 0.7240640 1.3219601 0.5210953 1.7033093 4.6468366 1.4014031 1.9075535 1.9613332 
Chem_TCONS_00060108                                    2.3069005 0.0000010 0.5446835 0.4898068 0.4808008 0.4970585 0.4902733 0.4904059 0.4904059 0.5336460 0.0000010 0.4994395 0.2159566 0.0000010 0.4319794 0.0000010 0.3946053 0.0000000 0.5249113 0.0000010 0.4703799 0.4652010 0.5125702 0.4601758 0.6235056 0.0000010 0.5760570 0.6369032 0.6678173 0.6042257 0.5561183 0.4917003 0.4405538 0.4820920 0.3513887 0.0000010 0.9223478 0.9223478 0.6004100 0.8906997 0.0000010 0.6346105 0.6484968 0.4806474 0.4582218 0.4718317 0.9209518 0.9688892 0.8598973 0.0000010 0.7513663 0.7603444 0.7570187 0.7570187 0.7626786 0.7645447 0.7645447 0.9255745 1.0075739 0.0000010 0.9588316 0.9917006 1.1290585 1.2734010 0.9296861 0.9799265 0.9966140 1.0860310 1.2949364 1.3002930 1.2319453 1.1312535 0.9813012 0.9883186 0.4780710 1.0876157 1.0523449 1.0033683 0.9963345 0.0000010 0.0000010 0.0000010 0.0000010 0.0000010 0.0000010 0.7168129 0.7168129 0.0000010 0.0000010 0.0000010 0.0000010 0.0000010 0.0000010 1.0319785 0.0000010 0.0000010 0.0000010 0.9932727 0.8884230 0.9001795 8.5332471 0.0000010 2.9584111 2.9584111 1.0586876 1.0158660 0.0000010 0.0000010 1.0793436 1.1669590 1.2458252 0.0000010 1.2607793 0.0000010 0.0000010 0.0000010 0.0000010 0.0000010 0.0000010 0.0000010 0.0000010 0.0000010 0.8654186 1.0213334 0.8862756 0.0000010 0.0000010 0.0000010 0.0000010 4.1787559 0.0000010 0.0000010 0.0000010 0.0000010 0.4057020 0.0000010 0.0000010 0.0000010 0.0000010 0.0000010 
Hsap_ENST00000249923                                   1.6464268 1.5438664 0.5468037 0.5428373 0.5406299 0.4797839 0.5306132 0.5199303 0.5250138 0.6024996 0.6433484 0.5252526 0.2377257 0.8397610 0.5289083 0.9840175 0.3140340 0.5249113 0.0000000 0.2212206 0.3221218 0.4295296 0.4143208 0.2313991 0.4719195 0.4404795 0.4135468 0.5436064 0.4151377 0.5014564 0.5594087 0.5348106 0.3123155 0.5740929 0.6547257 0.2444870 0.6414893 0.6414893 0.3691918 0.5405646 0.5668550 0.6324643 0.6569223 0.6419773 0.5083729 0.5740908 0.7794702 0.7619935 0.7721451 0.6678028 0.6991069 0.7074029 0.7252534 0.7284744 0.7163386 0.7067066 0.6942740 1.0814678 0.9928009 0.6298414 0.8559718 0.9015703 1.2029712 1.1095836 0.9814621 1.1054862 1.0834205 1.0499372 1.1792341 1.1596245 1.0783069 1.1172852 1.0320720 1.0099854 0.5717437 0.8734896 0.9133113 0.9005439 0.9240105 1.0675945 1.1305331 1.1305331 1.0675945 1.1661178 1.1661178 0.8937052 0.8937052 1.0383472 0.8665389 0.6417143 0.6417143 0.6785192 0.6785192 0.9177059 0.9066813 0.5607251 0.5607251 0.9503585 0.9604307 0.9550779 1.2234333 1.1864414 1.0010391 1.0625302 0.9753523 0.9104100 1.1698091 1.1698091 1.0411818 0.9180232 0.9247438 0.9131456 1.0208669 1.5311210 0.9502203 0.8153411 1.1038813 1.4827314 1.0448458 1.1598057 1.7533215 0.7370314 1.0509197 0.9693553 0.9529595 0.5382904 0.6444508 0.7917754 1.0180292 1.0639968 0.9807674 0.7219394 0.7811128 1.1846526 0.5131682 1.5586773 4.6555545 1.3887862 1.5312803 1.9255603 
Lcom_lcpid205942                                       0.0000010 0.0000010 0.2974211 0.3336233 0.3005925 0.3119899 0.3119899 0.3263286 0.3263286 0.4002548 0.3239796 0.3077780 0.0000010 0.0000010 0.3446736 0.0000010 0.3091349 0.0000010 0.2212206 0.0000000 0.2263802 0.0000010 0.2881594 0.0000010 0.3398041 0.0000010 0.2833741 0.3164077 0.3084694 0.3517965 0.3301346 0.3638682 0.0000010 0.5852738 0.3430633 0.0000010 0.3392506 0.3392506 0.0000010 0.2826453 0.3286554 0.5617530 0.5076617 0.4892909 0.3566164 0.3402863 0.6966393 0.5974810 0.6872410 0.3968788 0.3415224 0.3607819 0.3812721 0.3812721 0.3449866 0.3430363 0.3430363 0.6058510 0.6910950 0.5821242 0.4388486 0.5605781 0.5397429 0.5138683 0.5826077 0.5551468 0.4379771 0.4906296 0.4179982 0.4105335 0.5472929 0.5555593 0.5106805 0.6017905 1.7126712 0.7865736 0.8440177 0.8211982 0.7913933 0.4463324 0.4463324 0.4463324 0.4463324 0.4463324 0.4463324 0.4463324 0.4463324 0.4463324 0.0000010 0.4655233 0.4655233 0.4655233 0.4655233 0.4920745 0.4920745 0.4351863 0.4351863 0.4853391 0.4853391 0.4853391 0.4853391 0.4853391 0.4853391 0.4853391 0.5138961 0.5141875 0.5251468 0.5251468 0.6743312 0.5454507 0.5909859 0.5891918 0.1333800 0.0000010 0.5031612 0.5031612 0.5031612 0.0000010 0.0000010 0.0000010 0.0000010 0.3403282 0.5458586 0.0000010 0.7224827 0.3704178 0.3981796 0.4793548 0.4627869 0.4627869 0.5829535 0.0000010 3.0899178 1.1013323 0.2474945 1.8254146 4.1828952 0.2368680 1.7013549 8.5089552 
Skow_XM_006812851.1                                    1.7400769 1.6285931 0.4539915 0.4524957 0.4536636 0.4290593 0.4401115 0.4514212 0.4448656 0.5171456 0.4699831 0.4553834 0.2347793 0.7285714 0.4447339 0.9963626 0.3297773 0.4703799 0.3221218 0.2263802 0.0000000 0.3925896 0.3994007 0.1852092 0.4337243 0.2760392 0.3760576 0.4606244 0.3302332 0.4653698 0.5022914 0.5071599 0.3046271 0.5765781 0.6040471 0.2175941 0.5773529 0.5773529 0.3581018 0.4907484 0.5455407 0.6189091 0.6150679 0.6122525 0.5093450 0.5358202 0.7767594 0.7348761 0.7070484 0.5897727 0.6897330 0.7016462 0.7101207 0.7133749 0.7081640 0.6858112 0.6766567 1.0128430 0.9205514 0.5656962 0.8650389 0.8817317 1.1146858 1.0460846 0.9201483 1.0729536 1.0230382 1.0151336 1.0595351 1.0395865 1.0399686 1.0703404 1.0035610 0.9683657 0.6137396 0.8848524 0.9057825 0.8585568 0.9206927 0.8712878 1.0079112 1.0079112 0.8712878 1.0023344 1.0023344 0.8389598 0.8389598 0.9377473 0.9254660 0.5991282 0.5991282 0.5991282 0.5991282 0.8789252 0.7588219 0.6332455 0.6332455 0.8921202 0.8778485 0.8802140 1.0508245 1.0674913 0.9148600 0.8577773 0.8990774 0.8816995 1.0402205 1.0402205 0.9957138 0.9050480 0.8980697 0.6861261 0.9929361 1.6588888 0.9065877 0.6634345 1.0440424 1.5517393 1.1017431 1.1867616 1.7704521 0.7206304 0.9876154 0.8672318 0.8677121 0.5887725 0.6511277 0.8107447 1.0018433 1.0508884 0.9205230 0.9239343 0.7168738 1.0925491 0.5044748 1.6478990 3.9282247 1.4119993 1.9383406 1.7636437 
Acagra_model.g3693.t1                                  1.7822294 1.5576958 0.5342373 0.5280512 0.5250524 0.4765467 0.5098317 0.5328198 0.5328198 0.6139246 0.7639833 0.5321887 0.2310106 0.8900597 0.5129213 0.7706885 0.3947927 0.4652010 0.4295296 0.0000010 0.3925896 0.0000000 0.2479273 0.1322582 0.3261384 0.1790859 0.3897358 0.5510622 0.4511393 0.4879525 0.6817595 0.6554815 0.3755276 0.5561375 0.7699968 0.2531917 0.6968677 0.6968677 0.5077994 0.6202205 0.9629764 0.7034172 0.7195616 0.7238975 0.6005753 0.6289775 0.8393916 0.8143644 0.8214243 0.7332167 0.8225210 0.8337105 0.8193306 0.8237728 0.8602931 0.8199384 0.8066681 1.2523732 1.0723047 0.0000010 1.0799981 1.0214283 1.4106555 1.2258938 1.0645867 1.2132981 1.2674419 1.2532104 1.3024521 1.2966723 1.2530555 1.2537841 1.2464019 1.1511230 0.6516101 0.9622446 0.9921460 0.9741596 1.0557674 1.8676036 1.6658327 1.6658327 1.8676036 1.8563816 1.8563816 1.0782598 1.0782598 1.3028246 0.8771933 1.6188121 1.6188121 1.9679654 1.9679654 1.0664897 1.5871687 3.0067113 3.0067113 1.0777771 1.1025813 1.0985800 1.9228299 1.5740803 1.1617471 1.7358314 1.1277824 1.0579885 1.7002439 1.7002439 1.1421903 1.0993467 1.0632288 2.2923798 1.0636874 1.5678039 1.2298641 2.3989377 1.5659710 1.4771194 1.0445199 1.1493888 1.7291341 1.0649042 1.1794093 0.7458344 1.0973424 1.2007374 0.7007966 1.0321104 1.6408601 1.7082971 1.1071670 0.4483111 0.6488652 2.0456578 0.0348671 1.2952210 0.0000010 1.5437167 0.0000010 1.5565511 
Cgig_XM_020067234.2                                    1.8069661 1.4594271 0.5619459 0.5615393 0.5511174 0.5079932 0.5389913 0.5521397 0.5522566 0.6563414 0.7284349 0.5571085 0.3018139 0.6816707 0.5331535 0.8354290 0.3885956 0.5125702 0.4143208 0.2881594 0.3994007 0.2479273 0.0000000 0.1295028 0.3524104 0.2571845 0.4322759 0.5443271 0.4876068 0.4935120 0.6319293 0.6287591 0.3580721 0.5700246 0.6702660 0.3035435 0.6479414 0.6479414 0.4241985 0.5949070 0.5783992 0.6940174 0.7065898 0.7059391 0.5521939 0.5729480 0.8176842 0.8106592 0.8215212 0.6776997 0.7511190 0.7546032 0.7707366 0.7741198 0.7527191 0.7473820 0.7372661 1.0859169 0.9891531 0.6790083 0.9044143 0.9540500 1.2107822 1.0960621 0.9410449 1.0967878 1.0817636 1.0565160 1.1395754 1.1315340 1.1061787 1.0937974 1.0409878 0.9825359 0.5987724 0.9235206 0.9601905 0.9139394 0.9580553 1.1351253 1.2228589 1.2228589 1.1351253 1.2167983 1.2167983 0.9650871 0.9650871 1.0795628 0.9429279 0.7299046 0.7299046 0.7297672 0.7297672 0.9990481 0.9975124 0.6315283 0.6315283 1.0115569 0.9977710 1.0059141 1.2054513 1.2178989 1.0351303 1.0719601 1.0253791 0.9584874 1.2472296 1.2472296 1.0952753 0.9941793 0.9967615 0.9778439 1.0900300 1.6584565 1.0220442 0.9488460 1.1822005 1.4961140 1.0677282 1.1417203 1.6898623 0.8077573 1.0150512 0.8530595 1.0392656 0.7299450 0.6481548 0.8944660 1.1682018 1.2165634 1.0144164 0.3837131 0.8351906 1.3403342 0.3311504 1.7617966 4.2237996 1.5056005 1.9747223 2.1238862 
Lcom_lcpid128226                                       1.0081134 0.7379307 0.2437714 0.2431100 0.2414021 0.2196773 0.2257063 0.2421295 0.2421295 0.2260371 0.0000010 0.2490862 0.3603933 0.4638520 0.2325954 0.0000010 0.2081305 0.4601758 0.2313991 0.0000010 0.1852092 0.1322582 0.1295028 0.0000000 0.1506824 0.0000010 0.1745232 0.1861290 0.2098908 0.2019565 0.2983727 0.2886325 0.2499818 0.3034814 0.2992933 0.2850664 0.3191435 0.3191435 0.3190172 0.3089779 1.3388140 0.2420975 0.3069381 0.2905525 0.2456406 0.2371611 0.3469886 0.3341031 0.3259476 0.3011105 0.4028100 0.4236170 0.4212052 0.4287862 0.3912492 0.3845034 0.3845034 0.5554586 0.4629713 0.0000010 0.3904848 0.4274714 0.7413991 0.4769334 0.4616458 0.4672234 0.5709307 0.5347713 0.5392997 0.5108414 0.6375388 0.6436776 0.5861760 0.5256287 0.5985606 0.4106519 0.4318114 0.4007008 0.4487446 1.2977559 1.2977559 1.2977559 1.2977559 0.0000010 0.0000010 0.5505586 0.5505586 0.7121203 0.7121203 0.0000010 0.0000010 0.0000010 0.0000010 0.6014845 0.0000010 0.0000010 0.0000010 0.5940455 0.5541335 0.5940455 0.0000010 1.2305650 0.6261871 2.9584111 0.5659328 0.5814846 1.2932647 1.2932647 0.6142702 0.5987338 0.6051807 0.0000010 0.6186875 1.6153583 0.6755699 0.0000010 1.7701783 1.7701783 0.6755699 0.6755699 1.7701783 0.0000010 0.5220512 0.5135228 0.6231631 1.7392034 0.2810485 0.2160963 0.0000010 0.8627600 0.6346484 0.0000010 0.5649784 0.7630336 1.8004783 0.3709689 0.0000010 0.7936605 0.0000010 0.5597186 
Ctel_gnl_WGS_AMQN_CAPTEDRAFT_mRNA184257                1.5154426 1.7229801 0.5764718 0.5753645 0.5654531 0.5324060 0.5655767 0.5772973 0.5747075 0.6660020 0.5351736 0.5690863 0.3130965 0.7885549 0.5674096 0.9876170 0.4562446 0.6235056 0.4719195 0.3398041 0.4337243 0.3261384 0.3524104 0.1506824 0.0000000 0.1976928 0.4455994 0.5898660 0.5274010 0.5598733 0.6308045 0.5965796 0.3701520 0.5951283 0.7392963 0.2583386 0.6545336 0.6545336 0.4374143 0.5958133 0.5897906 0.7219980 0.7119835 0.7068285 0.5697737 0.5876588 0.8303718 0.8212330 0.7837734 0.6822505 0.6985796 0.7090721 0.7038332 0.7070131 0.7009613 0.7233076 0.7100468 1.1310858 1.0216367 0.6285950 0.9722370 0.9810237 1.2430513 1.1506458 1.0662215 1.1224292 1.1328020 1.1125698 1.1539668 1.1588948 1.1632743 1.1755469 1.0198387 1.0696807 0.8772471 0.9726553 1.0055518 0.9673234 1.0284538 1.2065815 1.2676939 1.2676939 1.2065815 1.2612703 1.2612703 0.9522557 0.9522557 1.0863589 0.8626822 0.8200939 0.8200939 0.8490202 0.8490202 0.9947691 1.1381712 0.7068076 0.7068076 1.0030824 1.0020803 1.0080509 1.3352054 1.2735949 1.0507948 1.1865477 1.0033210 0.9531910 1.2947483 1.2947483 1.1018112 1.0049136 1.0164360 1.0174566 1.1065369 1.5287182 1.0353509 0.9377825 1.2087438 1.5183733 1.0677199 1.1163753 1.6684751 0.7721504 1.0641377 0.8588424 1.0541289 0.7425230 0.6391251 0.9409103 1.1966910 1.2388231 1.0213327 0.6998793 0.7175445 1.4022113 0.4957824 1.7253510 4.2819057 1.7203022 1.8247703 2.0150030 
Lcom_lcpid187970                                       0.0000010 1.6543258 0.6376210 0.7215625 0.6494267 0.7381386 0.7036264 0.6562730 0.6562730 0.7342804 0.0000010 0.7449139 0.0000010 1.1696723 0.7010952 0.6809655 0.3851683 0.0000010 0.4404795 0.0000010 0.2760392 0.1790859 0.2571845 0.0000010 0.1976928 0.0000000 0.3391146 0.4915554 0.3167193 0.3574083 0.8146532 0.7759813 4.8300503 0.9294875 1.0087798 0.0000010 0.6665924 0.6665924 0.0000010 0.6226577 0.0000010 0.8486589 0.7721014 0.7958850 0.6499306 0.7152703 1.0677344 1.0992212 1.0256887 0.8988421 1.0887513 1.1042867 1.0529833 1.0529833 1.0532762 0.9866796 0.9866796 1.5169231 1.2522046 0.0000010 1.2351233 1.4716676 1.4551648 2.0231685 1.3279619 1.7805456 1.3544018 1.2620889 1.6968250 1.6096591 1.4454393 1.4765810 1.5283981 1.4828900 3.5271436 1.1241893 1.2422174 1.2608237 1.3873185 0.0000010 1.3444631 1.3444631 0.0000010 1.7542670 1.7542670 1.3914900 1.3914900 1.3914900 1.2685463 0.0000010 0.0000010 0.0000010 0.0000010 1.3080065 0.0000010 0.0000010 0.0000010 1.4372559 1.4372559 1.4372559 2.7631680 1.4372559 1.4372559 0.0000010 1.4595911 1.3492343 1.4859688 1.4859688 1.4859688 1.4723353 1.2881979 0.0000010 1.2891075 1.3080065 1.2737377 0.0000010 1.2737377 1.2737377 1.2737377 1.2737377 1.2737377 0.7019252 1.6727688 0.0000010 1.2913959 0.0000010 0.8685959 0.8951589 1.0627313 1.0017476 0.8601012 0.0000010 0.5718466 0.9206833 0.0000010 1.2446459 0.0000010 1.1162125 0.0000010 4.2366826 
Cscu_XM_023381900.1                                    1.6305294 1.8277394 0.5530153 0.5398951 0.5435159 0.4767496 0.5280409 0.5462995 0.5461154 0.6112523 0.5332857 0.5440306 0.2878311 0.9547207 0.5580816 0.8521193 0.4101435 0.5760570 0.4135468 0.2833741 0.3760576 0.3897358 0.4322759 0.1745232 0.4455994 0.3391146 0.0000000 0.4837446 0.4390425 0.4753490 0.5876417 0.5773671 0.3708688 0.5561620 0.6760181 0.2852678 0.6461174 0.6461174 0.4374065 0.5559866 0.6264126 0.6574921 0.6820916 0.6832562 0.5925443 0.5943273 0.7926251 0.7771924 0.7558443 0.6435384 0.7271570 0.7369135 0.7420711 0.7453388 0.7504365 0.7595844 0.7453842 1.1074935 1.0108980 0.6190527 0.9490420 0.9281823 1.2714152 1.1696098 0.9899678 1.1413741 1.0628160 1.1200995 1.1732830 1.1879849 1.1562115 1.1382640 1.0394740 1.0385540 0.6739039 0.8694876 0.8841097 0.8731945 0.9240093 1.0164527 1.1231764 1.1231764 1.0164527 1.1445742 1.1445742 0.9198616 0.9198616 1.0423878 0.9456400 0.6990068 0.6990068 0.7458630 0.7458630 0.9638054 0.9875479 0.7045227 0.7045227 0.9490267 0.9407840 0.9458900 1.1434552 1.1340692 0.9843209 1.0038528 0.9767077 0.9593718 1.1773644 1.1773644 1.0669764 0.9876966 0.9849856 0.9003009 1.0795747 1.5003602 0.9919418 0.8033330 1.1363490 1.6290369 1.1606473 1.2220324 1.8043297 0.7692937 1.0419324 0.9486165 0.9582479 0.5940762 0.6620081 0.8601402 1.0702155 1.1110757 0.9996588 0.8331109 0.7373398 1.3839676 0.5526479 1.6494794 4.8433884 1.3925915 1.8347382 2.1649160 
