94
Lcom_lcpid186056                                  0.0000000 1.0332384 0.9994671 1.1602740 0.9339333 0.9339333 0.9558393 1.0439054 1.4648757 1.1180778 1.0894964 1.4604094 1.1289125 1.4391012 1.2869015 1.5373268 1.6169803 1.4912304 1.3789931 1.8025632 1.3228551 1.3476194 1.1633395 1.3464779 1.3700403 1.5878412 1.5960134 1.5717831 1.6064219 1.4722892 1.4722892 1.6246133 1.5994798 1.6409185 1.5791881 1.4609992 1.3047028 1.3664697 2.0635254 1.3496369 1.3244785 1.4420796 1.4656284 1.3624325 1.5548841 1.4159917 1.4159917 1.6648179 1.3301446 1.7150632 1.7598655 1.6941721 1.9476270 1.8338140 1.8338140 2.0045942 2.0045942 1.5647932 1.6711279 1.6711279 1.6711279 1.7272632 1.6683100 1.7479157 1.7479157 1.9678994 2.0086436 2.0160901 1.2406363 1.2406363 1.2854745 1.2854745 0.0000010 1.5052648 1.8991495 1.8692245 2.0109065 1.2858717 0.0000010 1.7109465 1.7658722 1.6334249 1.4824307 0.0000010 0.0000010 1.6226803 1.6977152 1.5601221 0.9372841 1.5052137 1.8239024 2.1615744 1.7244889 2.7318288 
Chofle_EP00730_Choanoeca_flexa_P019041            1.0332384 0.0000000 0.6747050 0.6185753 1.5621462 1.9451925 1.2739547 2.2023309 2.6228336 2.0369829 2.2472460 1.3809553 2.5587754 1.6592695 2.1617093 1.5230392 2.2682711 1.9824828 1.7291745 1.8108046 2.7770544 1.4613533 2.1997245 3.1268961 2.8719362 3.2107533 3.2570436 3.2681534 1.5853223 3.2915570 1.5432953 2.9070604 1.6903668 3.2467694 3.3402302 3.2452168 2.7963429 1.7089852 3.4734057 2.9558869 3.4077282 3.1155714 3.0288058 1.4260999 2.4189500 1.8251371 2.2246259 1.6021626 1.9093053 1.9723742 2.0000975 2.2576203 3.2074405 2.0297205 2.0297205 2.4777836 2.4777836 1.8954949 2.4202045 2.0894217 2.0081941 2.2591901 3.2188344 2.9382260 2.4525119 3.4136812 2.8372539 4.1169262 1.7166832 1.7166832 1.7094987 1.7094987 2.1444364 2.5903487 3.1130977 3.0579070 1.9664602 3.6747059 1.5727093 3.3508305 3.2929882 3.0839427 3.1307767 2.8837579 4.1567035 3.3084789 2.8262281 3.0114286 2.3650860 3.7430817 3.6661688 3.6256322 3.7288315 4.1884315 
Choper_EP00045_Choanoeca_perplexa_P012453         0.9994671 0.6747050 0.0000000 0.5911467 1.4681988 1.9943828 1.2783888 2.2551372 2.8202092 2.2961770 2.4325006 1.4215346 2.7248022 1.5498301 2.1169270 1.5874431 2.6058697 1.9384494 1.7946891 1.5710414 2.8271190 1.4451469 2.1798029 3.3260230 2.9412697 3.0449944 3.2716926 3.2580363 1.5064758 3.2065087 1.4695174 2.9390155 1.7279798 3.3189458 3.3173578 3.4067027 3.0518971 1.6631520 3.5405218 3.1301243 3.5484898 3.1979768 3.3794479 1.5890967 2.5630047 1.8636874 2.4041606 1.6960237 2.0763428 2.0166339 1.9376133 2.1611423 3.3022352 1.9993533 1.9993533 2.5855996 2.5855996 1.9305383 2.6191429 2.2063008 2.0617790 2.1762410 3.3070172 3.1441433 2.6561610 3.6177580 2.9644283 4.1798300 1.7887576 1.7887576 1.7898731 1.7898731 2.5255581 2.5574830 3.0802173 3.1955497 1.9666226 3.6406993 1.6734415 3.3011912 3.2996903 3.2970686 3.4668429 3.0109407 4.1671605 3.3733914 2.8044263 3.0437631 2.7119268 3.7878907 3.6628455 3.6840809 3.8221526 3.9736306 
Mbre_EDQ92219                                     1.1602740 0.6185753 0.5911467 0.0000000 1.3818075 1.2251362 1.0964424 1.2498154 1.2745435 1.1639062 1.1367186 1.3349464 1.3428777 1.3293327 1.4322799 1.1129928 1.0849863 1.0622236 1.1922898 1.8219015 1.3932700 1.5709765 1.3619929 1.4785504 1.5196361 1.5880202 1.5315663 1.4948032 1.4961449 1.4620551 1.4635816 1.6432201 1.6589862 1.7086747 1.6775326 1.7217880 1.5580427 1.6496692 1.8234750 1.5023488 1.5998668 1.6533865 1.5855391 1.7004062 1.5032336 1.4917641 1.4917641 1.5191497 1.2783986 1.5085989 1.6967620 1.6898288 1.5530629 1.6811460 1.6811460 1.6266187 1.6266187 1.6380555 1.6893527 1.6893527 1.6893527 1.9403546 1.7026844 1.6292498 2.3654791 1.7405507 1.7478360 1.7778078 1.5430747 1.5430747 1.5408671 1.5408671 1.4235124 1.3085081 1.6460361 1.6927845 1.9300681 1.6593153 1.6533112 1.7795328 1.8306705 1.8164620 1.6722914 2.9410057 2.0119692 1.6817116 1.7369323 1.6988130 1.2953884 1.5658753 1.6773522 1.7832878 1.7146012 2.2895223 
Salurc_EP00051_Salpingoeca_urceolata_P016782      0.9339333 1.5621462 1.4681988 1.3818075 0.0000000 0.1390140 1.0727192 1.2208762 1.4882215 1.3973660 1.4106214 1.6989295 1.5630041 1.5961993 1.4697501 1.5011103 1.8056797 1.6749906 1.5518062 1.5888636 1.5968352 1.6029571 1.6282723 1.6601742 1.5648990 1.9748205 1.9152224 1.8838262 1.8396126 1.8384329 1.8395987 2.0602322 1.5720498 1.7891992 1.8791099 1.7609076 1.8536138 1.7381128 2.2209594 1.7105184 1.8871938 1.8881934 1.8928914 1.5510134 1.6997051 1.5881755 1.5881755 1.9900885 1.9396572 1.8587702 2.0521185 1.9536547 2.2530613 2.1479877 2.1479877 2.2252069 2.2252069 1.9844231 2.0899014 2.0899014 2.0899014 2.0626801 2.1055975 1.9956537 2.1771568 2.1770461 2.2896658 2.2101197 1.7116567 1.7116567 1.6652973 1.6652973 4.0789110 1.4890906 1.8461309 1.9919210 2.2136222 1.8815264 3.6925429 1.8005984 1.7832320 2.0025540 1.7161918 4.0206807 5.2356666 1.8985844 2.0586836 1.6880405 1.6027198 1.9494781 2.1180623 2.3614654 2.2752822 2.4044954 
Salurc_EP00051_Salpingoeca_urceolata_P016784      0.9339333 1.9451925 1.9943828 1.2251362 0.1390140 0.0000000 1.0531842 1.4634427 1.9079756 1.8049147 1.8867922 1.5123283 2.0267909 1.5717755 1.4596346 1.5680202 2.2910115 1.8873692 1.4892162 1.6002372 2.1891761 1.5067624 1.9363044 2.2628045 2.1863278 2.6328669 2.4664635 2.4385145 1.5284718 2.5565058 1.5368961 2.6195701 1.5720498 2.3689143 2.3379250 2.4579319 2.2506068 1.6547988 2.7089616 2.3095914 2.4207427 2.4533070 2.4300683 1.5510134 1.9718139 1.9072042 1.8892211 1.8947710 1.9759536 1.9287642 2.0361638 1.9536547 2.6842018 2.0564440 2.0564440 2.5081836 2.5081836 1.8432656 2.5273979 2.1350572 2.1177673 2.0288956 2.7879883 2.4112702 2.4892342 2.7644611 2.8446829 2.7302997 1.7116567 1.7116567 1.6652973 1.6652973 2.2932985 1.9374196 2.5544071 2.7404472 2.2347615 2.4771043 2.1911656 2.4463100 2.6305281 2.7183489 2.5143517 2.8085418 2.8452457 2.6196717 2.2851390 2.5054078 2.6020245 2.6607512 2.5655884 2.6347855 3.1814125 3.1480183 
Saldol_EP00054_Salpingoeca_dolichothecata_P008786 0.9558393 1.2739547 1.2783888 1.0964424 1.0727192 1.0531842 0.0000000 0.9949394 1.0747999 1.2536618 1.2732443 1.1805027 1.1599476 1.0493010 1.0923607 1.2538362 1.5753636 1.4924030 1.1452129 1.4988825 1.3783325 1.1484940 1.2623280 1.2883675 1.3794658 1.5137845 1.4932442 1.4857891 1.2286867 1.4699982 1.2151213 1.5381116 1.3053005 1.4918172 1.4202369 1.5367823 1.3827661 1.3433021 1.6813221 1.3450833 1.4155513 1.5087310 1.5786842 1.4255796 1.3885244 1.3537200 1.4058408 1.1219542 1.1326334 1.8422637 1.9622243 2.0888864 2.1026930 2.0298606 2.0298606 2.0340740 2.0340740 1.8219715 1.9361095 1.9360537 1.9360537 2.0947979 2.0295770 1.9152833 2.6860735 2.2610164 2.2579713 2.2505481 1.5527966 1.5527966 1.5785403 1.5785403 1.9117639 1.2546750 1.8259225 1.7833751 1.7362238 1.6593449 1.5943634 1.7547164 1.7890221 1.7710942 1.7041674 2.5639569 2.2492030 1.7079381 1.6581128 1.7121086 1.3317763 1.2461914 1.6512906 1.7797781 1.7798585 2.1756713 
Salkve_EP00050_Salpingoeca_kvevrii_P016532        1.0439054 2.2023309 2.2551372 1.2498154 1.2208762 1.4634427 0.9949394 0.0000000 2.1320340 2.0466744 2.2294632 1.3482794 2.2109712 1.5119172 1.8586917 1.5332648 2.7041313 2.0531417 1.2999998 1.5877995 2.7036175 1.3643888 1.9698086 2.4763766 2.5247959 3.0154067 2.9325844 2.9000525 1.3495708 2.8614118 1.3007220 2.8390183 1.4657044 2.5568427 2.5176930 2.5780343 2.4091955 1.4819224 2.7282329 2.5602652 2.7299755 2.6976963 2.6324876 1.6925770 2.3188053 1.9063694 2.3048978 1.5168689 1.7920028 1.7908196 1.7965888 1.7936842 2.9766265 1.8031827 1.8031827 2.1863658 2.1863658 1.6395860 2.3489069 1.9412278 1.8737218 1.9416433 2.9888388 2.8553997 2.4431917 2.8517305 2.4242122 3.3363102 1.7813284 1.7813284 1.8190098 1.8190098 2.3445566 2.1645256 2.9596282 2.7138314 2.1236692 2.9541096 1.4863538 2.7932537 2.8701594 2.5149924 2.8339297 2.4175577 3.0405803 2.6498244 2.2917027 2.6853689 2.3276190 3.3692432 2.8245004 2.7787951 3.3853090 3.5151496 
Codhol_EP00042_Codosiga_hollandica_P052982        1.4648757 2.6228336 2.8202092 1.2745435 1.4882215 1.9079756 1.0747999 2.1320340 0.0000000 2.5653057 2.6418500 1.4281614 2.5993088 1.6433117 1.9650135 1.5555882 3.1495248 2.1858851 1.8347670 1.5689256 3.1000344 1.2445636 2.2336435 2.5685688 2.8737384 3.3130653 3.1752587 3.1534451 1.3186313 3.2458724 1.2930788 3.2042400 1.1695284 2.7482942 2.6539607 2.7288068 2.8067502 1.7302446 2.7965333 2.6792729 2.9883821 3.1032884 3.1920493 1.3785912 2.5876876 1.9862620 2.4336654 1.5854995 1.9938046 2.1773219 1.9461926 2.0565167 3.1439637 2.0780786 2.0780786 2.3591654 2.3591654 1.8706715 2.4170439 2.1772806 2.1144631 2.0428756 3.0395359 3.0753020 2.7958870 3.0774124 2.5503566 3.5454488 1.8165994 1.8165994 1.8711222 1.8711222 2.1273085 2.4851439 3.6082321 3.2389972 2.0587689 3.4300610 1.6850326 3.1115193 3.1363670 3.0221648 3.2598137 2.6703791 3.6167454 3.2758401 2.8533820 3.2194334 3.2322423 3.8943304 3.2828805 3.3309642 3.3800710 3.5241043 
Acaspe_EP00035_Acanthoeca_spectabilis_P022620     1.1180778 2.0369829 2.2961770 1.1639062 1.3973660 1.8049147 1.2536618 2.0466744 2.5653057 0.0000000 0.5067149 1.1821476 1.8579998 1.1722755 2.2154091 1.5191407 2.6957966 2.3103893 1.7185224 1.7673136 2.7100799 1.3051132 1.9737933 2.9616981 2.6529292 2.9912523 3.1202920 3.1148495 1.4856624 3.0851524 1.4300381 2.8913208 1.4478674 2.7989850 2.8065058 2.9219498 2.7899581 1.7777297 3.1287325 2.8181314 2.9884024 2.8922865 3.0150611 1.6598825 2.6160557 1.8003309 2.2216014 1.5044747 1.8319823 2.0910120 1.9179825 2.2153459 3.3221196 1.9503158 1.9503158 2.5702148 2.5702148 1.7077115 2.6347474 2.2550429 2.0996891 2.2060275 3.4914892 3.0578055 2.9913651 3.2886353 2.8643999 4.0975680 1.9007394 1.9007394 1.8528831 1.8528831 1.8942829 2.4265594 2.8664538 2.6466421 1.9622339 3.1426052 1.8151664 3.2728306 3.3350900 3.1143828 3.1715033 2.5339199 3.6429160 2.9097728 2.3453710 2.7455379 2.2886930 3.9279988 3.2063829 3.2573725 3.6678466 3.6410540 
Helnan_EP00037_Helgoeca_nana_P025844              1.0894964 2.2472460 2.4325006 1.1367186 1.4106214 1.8867922 1.2732443 2.2294632 2.6418500 0.5067149 0.0000000 1.2665368 1.7434569 1.1452467 2.1336795 1.5753314 2.8058299 2.2252492 1.8051566 1.7053217 2.8857951 1.2821391 2.0207660 3.0192750 2.6832370 3.0703929 3.0818026 3.0902083 1.4572012 3.0973105 1.3290369 2.9640406 1.3782217 2.8157310 2.8088549 3.0513196 2.9491705 1.7685124 3.1579700 2.8732492 3.0051144 2.8716733 2.7991395 1.6821962 2.4471797 1.7596322 2.1334469 1.4366815 1.8971753 1.9416972 1.9466118 2.1328561 3.3888729 2.0145957 2.0145957 2.5430432 2.5430432 1.7726000 2.5672834 2.2176897 2.0700987 2.1550896 3.2836636 2.8753611 2.8044284 3.1528452 2.7911269 3.7868486 1.6347511 1.6347511 1.6809576 1.6809576 1.8171948 2.5011719 2.7934882 2.7299338 1.9325696 3.2496901 1.8250283 3.0824021 3.2357545 2.9442122 3.1568663 2.4867189 4.0833401 2.9429171 2.3476856 2.6412344 2.3212162 3.8087919 3.4455615 3.4306850 3.4680670 3.5371825 
Didcos_EP00039_Didymoeca_costata_P026690          1.4604094 1.3809553 1.4215346 1.3349464 1.6989295 1.5123283 1.1805027 1.3482794 1.4281614 1.1821476 1.2665368 0.0000000 1.2133311 1.2668280 1.4220465 1.2669910 1.6000301 1.6536363 1.4235047 1.9261575 1.7936113 1.4532999 1.5481120 1.6428533 1.6558949 1.7845499 1.7508176 1.7371314 1.6514841 1.7179266 1.6307577 1.7995627 1.6403246 1.7593862 1.7855235 1.6913508 1.7323885 1.7864125 2.0633532 1.8308497 1.7458831 1.7100693 1.7954658 1.6822117 1.6502239 1.6571131 1.6330446 1.7591067 1.5623751 2.2686021 2.1663346 2.2088571 2.1520479 2.1338192 2.1338192 2.2990369 2.2990369 2.0313820 2.0350721 2.0350721 2.0350721 2.1186676 2.1107768 2.0252685 2.9357875 1.9778903 1.9125410 1.9895333 2.0385980 2.0385980 1.9610771 1.9610771 1.8689737 1.3431678 1.8626773 1.8090521 2.2849994 1.9181524 2.1444781 1.8705774 2.1294296 1.8163307 1.8378264 2.2574412 2.1897812 1.9891682 2.2478797 1.9529689 1.5338434 1.5726618 1.7491914 1.8613962 1.9313524 2.2542088 
Stedip_EP00041_Stephanoeca_diplocostata_P030259   1.1289125 2.5587754 2.7248022 1.3428777 1.5630041 2.0267909 1.1599476 2.2109712 2.5993088 1.8579998 1.7434569 1.2133311 0.0000000 1.0692406 2.1668207 1.6191246 3.1548590 2.5397853 1.7499777 2.0418289 2.9817430 1.4268757 2.2435170 2.9874549 2.9792509 3.1644100 3.2913362 3.2645744 1.4236701 3.0834897 1.3245595 3.2710034 1.6120483 2.8785361 2.7610214 2.8627458 2.7629787 1.7426404 3.0221888 2.8153367 2.8543588 3.0321249 2.8805759 1.6159202 2.4378724 1.9046343 2.3936650 1.3767317 1.8154045 2.0689578 2.1254264 2.1925077 3.3514255 2.1468360 2.1468360 2.5239673 2.5239673 1.8809088 2.8756000 2.3183191 2.2413569 2.4153480 3.3832063 2.7855565 2.8470893 3.3370634 2.9830136 4.0271000 1.8058830 1.8058830 1.8339563 1.8339563 2.1800693 2.7465965 3.2245876 3.4513681 2.0365309 3.2554072 1.9864714 3.1239050 3.3025035 3.0928806 3.1715161 2.6523690 3.5337477 3.1769178 2.6629337 2.9542155 2.7600483 3.9718346 3.2338790 3.2231061 3.5437194 3.5246203 
Diagra_EP00040_Diaphanoeca_grandis_P032785        1.4391012 1.6592695 1.5498301 1.3293327 1.5961993 1.5717755 1.0493010 1.5119172 1.6433117 1.1722755 1.1452467 1.2668280 1.0692406 0.0000000 1.4937132 1.2880287 1.7424674 1.6787430 1.4682625 1.7164544 1.7093197 1.4376568 1.5715563 1.7214110 1.8227966 2.1275330 2.0324692 2.0156993 1.5200399 1.9672366 1.4395771 2.1792707 1.4224323 1.8692494 1.8456368 2.0787494 1.9349449 1.7225818 2.0878977 1.8331453 1.8750853 1.8450628 1.7781743 1.6807956 1.6845902 1.6423500 1.6827113 1.4466978 1.4765279 2.0361513 2.1203938 2.2384279 2.4354321 2.0857780 2.0857780 2.0541192 2.0541192 1.8606471 2.0811927 1.9694507 1.9151210 2.3799895 2.1735815 2.1232311 2.8759807 2.6135958 2.6813079 2.6188422 2.0126964 2.0126964 2.0928226 2.0928226 1.9246935 1.7266484 2.0552810 1.8057188 2.0520123 2.2294598 2.1202313 2.1702354 2.1945670 2.3403278 2.0053439 2.9852292 2.4553494 2.0729183 1.9117619 1.9167422 1.6514660 1.8066350 2.0739755 2.1337733 2.0583036 2.6433543 
Salpun_EP00053_Salpingoeca_punica_P018606         1.2869015 2.1617093 2.1169270 1.4322799 1.4697501 1.4596346 1.0923607 1.8586917 1.9650135 2.2154091 2.1336795 1.4220465 2.1668207 1.4937132 0.0000000 1.4102567 2.2823017 1.9313584 1.3283928 2.0436200 2.1434385 1.4400953 1.5809079 2.2494477 2.1731965 2.3881377 2.3832069 2.3711165 1.4745717 2.3782504 1.4599521 2.1476928 1.3859649 2.1216191 2.0640618 2.0824450 1.9462877 1.4974864 2.3626973 2.4488065 2.4767756 2.4333269 2.1581851 1.5994481 1.9461342 1.6071946 1.7770266 2.1705274 1.5297346 2.1608234 2.3339075 2.3891798 2.6279251 2.1924326 2.1924326 2.4992029 2.4992029 1.9301355 2.2715492 2.2158467 2.2158467 2.3710252 2.6252604 2.4613790 2.7804183 2.6411637 2.1242118 2.7804977 2.0464019 2.0464019 2.0558589 2.0558589 1.4823295 2.0950272 2.2672651 2.2602605 1.8501873 2.7189842 2.0679364 2.6537713 2.7704973 2.3836952 2.6208995 2.6404426 3.7696513 2.6793309 2.2144523 2.3999036 2.2404562 2.6064964 2.6788554 2.8226763 2.5924553 2.8116283 
Salinf_EP00049_Salpingoeca_infusionum_P010058     1.5373268 1.5230392 1.5874431 1.1129928 1.5011103 1.5680202 1.2538362 1.5332648 1.5555882 1.5191407 1.5753314 1.2669910 1.6191246 1.2880287 1.4102567 0.0000000 1.3089475 1.3656322 1.4558617 1.6687260 1.9473540 1.3150411 1.6773123 1.6849093 1.8858099 1.9776379 1.9176956 1.8876573 1.5252310 1.9913369 1.4951735 1.9880921 1.6552121 1.9203418 1.8227974 1.8261903 1.7996390 1.5965108 2.0450565 1.9104665 1.9465622 1.9318191 1.9216645 1.4714661 1.6995158 1.6769338 1.6784514 1.8923755 1.5870142 1.8696792 2.0294206 2.2774129 2.1932928 1.9153419 1.9153419 2.2724410 2.2724410 1.8929082 2.0895181 2.0966612 2.0406359 2.2697948 2.0815502 2.0181924 2.3539661 2.2575593 2.0355571 2.3013099 2.0076071 2.0076071 2.0189311 2.0189311 1.8126732 1.4958509 2.0800424 1.8527124 1.9279540 2.0615417 1.8712073 1.9108326 2.1864672 1.9239036 1.9349759 2.7375666 2.4370281 2.1017541 2.0116533 1.9288568 1.7536198 1.8103478 1.7433884 1.8917116 2.3056933 2.5725853 
Sros_EGD72697                                     1.6169803 2.2682711 2.6058697 1.0849863 1.8056797 2.2910115 1.5753636 2.7041313 3.1495248 2.6957966 2.8058299 1.6000301 3.1548590 1.7424674 2.2823017 1.3089475 0.0000000 1.5045308 1.7971943 1.9546989 3.1860768 1.7491258 2.7932835 3.2603982 3.0229729 3.6501791 3.4862753 3.5019004 1.6622149 3.5421035 1.6244201 3.4589815 1.6499826 3.1924222 3.0389196 3.2645493 3.1467797 1.8865786 3.3565518 3.1784436 3.7135010 3.4878786 3.3964041 1.5863011 2.8281852 2.2561591 2.6343493 2.1014636 2.2987546 1.7675567 1.6690611 1.9340633 3.1061310 1.9695157 1.9695157 2.3900038 2.3900038 1.8461411 2.4791796 2.0679015 2.0528318 1.8841980 3.2381373 2.9267991 2.4314090 3.2032304 2.8774021 3.7630100 1.5775748 1.5775748 1.5237921 1.5237921 2.8428605 2.8114572 3.5045059 3.1291064 1.9004630 3.9062654 1.9051834 3.3284468 3.7028697 3.3311555 3.4255832 3.1536201 3.6900329 3.6706112 3.3957032 3.2174031 3.2666376 4.1598192 3.3335984 3.4914501 3.6753320 4.0577586 
Microa_EP00043_Microstomoeca_roanoka_P012345      1.4912304 1.9824828 1.9384494 1.0622236 1.6749906 1.8873692 1.4924030 2.0531417 2.1858851 2.3103893 2.2252492 1.6536363 2.5397853 1.6787430 1.9313584 1.3656322 1.5045308 0.0000000 1.5201769 1.9554527 2.6302897 1.4377435 2.2089308 2.6232525 2.7463758 2.8540599 2.8927851 2.8495685 1.7476825 2.6406644 1.5426739 2.7293495 1.6409218 2.4425260 2.6113701 2.7912215 2.3957304 1.8227098 2.7870955 2.8906649 2.8423443 2.8430688 2.8631202 1.4031235 2.2272135 1.8741478 2.0889884 1.5173889 1.7989679 1.9133326 1.8715156 1.9894208 2.7923711 2.0448332 2.0448332 2.2329233 2.2329233 1.9628256 2.3050784 2.0921905 2.0649116 2.0175934 2.7493862 2.4834901 2.3878918 2.7165109 2.4258768 2.6875587 1.6528954 1.6528954 1.6570637 1.6570637 2.4006923 2.1291324 2.8002372 2.8450825 1.9702997 2.9176219 1.9156473 2.9389288 2.9590093 2.8648623 2.7006130 3.0854963 2.8503908 3.1666505 2.5157500 2.5335145 2.7633795 2.8737212 2.7589418 2.9015528 3.1025782 3.5506546 
Salmac_EP00052_Salpingoeca_macrocollata_P003627   1.3789931 1.7291745 1.7946891 1.1922898 1.5518062 1.4892162 1.1452129 1.2999998 1.8347670 1.7185224 1.8051566 1.4235047 1.7499777 1.4682625 1.3283928 1.4558617 1.7971943 1.5201769 0.0000000 1.8603790 2.1184496 1.4028152 1.5739852 1.7758581 1.9954669 2.1071222 2.0297021 2.0239718 1.4047336 1.9672407 1.3244284 1.8953585 1.4304418 2.1145401 2.1128324 2.0925057 2.0146617 1.6233116 2.0961478 2.0205479 2.1535847 1.9616018 2.0963712 1.6309641 1.7093093 1.7115051 1.8542176 1.8381568 1.5609840 1.5057313 1.8494014 1.8869963 2.2457226 1.8583642 1.8583642 1.8970146 1.8970146 1.6452962 1.7829840 1.7829840 1.7829840 1.8511540 2.2111771 2.0939391 2.2349289 2.3075886 1.7410149 2.0197384 1.6800560 1.6800560 1.6769317 1.6769317 1.6927930 1.7263018 2.0833796 2.2527513 1.8599450 2.2775134 1.7810698 1.9671522 2.0661568 2.0055794 1.9632197 2.6661818 2.6721230 2.0779896 1.8737669 2.1547213 1.8465348 2.4354932 2.3155583 2.4002974 2.0659488 2.7229149 
Tetwil_g23639.t2                                  1.8025632 1.8108046 1.5710414 1.8219015 1.5888636 1.6002372 1.4988825 1.5877995 1.5689256 1.7673136 1.7053217 1.9261575 2.0418289 1.7164544 2.0436200 1.6687260 1.9546989 1.9554527 1.8603790 0.0000000 1.1076928 0.8093011 1.3726733 1.2706375 1.0328458 1.5118613 1.4996147 1.4513482 1.5260881 1.4491247 1.5221915 1.8691541 1.2670696 1.2526330 1.2137326 1.2884671 1.3489617 1.3302231 1.7625295 1.3531688 1.5172920 1.2214981 0.9959902 1.2387231 1.5333074 1.3434692 1.3542251 0.0000010 2.8727536 2.1767892 2.1793391 2.1793391 2.2588478 2.2509845 2.2509845 2.3819668 2.3819668 2.2351073 2.3065584 2.3065584 2.3065584 2.2427091 2.0951805 2.1856238 2.1767535 2.2934854 5.8422213 2.2045177 2.2665568 2.2665568 2.2665568 2.2665568 0.0000010 1.5638411 1.1669115 1.3814622 1.8750950 1.6516927 0.0000010 1.6396196 1.5411469 1.9800645 1.3672592 0.0000010 1.2463648 1.4443873 1.4525074 1.6257140 1.7274905 1.0050265 1.4468282 1.5678151 0.7996429 1.4150868 
Bralan_BLAG19000855_1                             1.3228551 2.7770544 2.8271190 1.3932700 1.5968352 2.1891761 1.3783325 2.7036175 3.1000344 2.7100799 2.8857951 1.7936113 2.9817430 1.7093197 2.1434385 1.9473540 3.1860768 2.6302897 2.1184496 1.1076928 0.0000000 0.9689267 1.4779131 1.9790152 1.0897686 2.0742372 2.1261140 2.1130464 0.9903795 2.0657917 0.9231816 2.1350341 0.9747155 1.8680161 1.7955174 1.8704731 1.8010484 1.3511564 2.0242439 1.8396646 1.9518538 1.3440470 1.6667109 1.3064910 2.2047438 1.4627393 1.8059927 1.3497347 1.4439204 1.7937204 1.9592804 2.1555142 2.8455434 1.9559618 1.9559618 2.5224252 2.5224252 1.7608679 2.4338658 2.2076112 2.1316811 2.2210390 2.6438873 2.6269083 2.6673951 3.1379694 2.7114970 3.8651907 1.6427086 1.6427086 1.6001349 1.6001349 1.7621987 3.0427188 1.4986766 1.4115469 1.2693287 2.4410008 1.6410706 2.3414924 2.3943602 2.4268061 2.6560410 2.0108037 3.1737842 2.4775536 2.0658635 1.6729590 2.0610628 3.0941144 2.2934037 2.3142826 2.4787016 1.9586017 
Spolac_c99917_g2_i2_m.20955c101062-g1             1.3476194 1.4613533 1.4451469 1.5709765 1.6029571 1.5067624 1.1484940 1.3643888 1.2445636 1.3051132 1.2821391 1.4532999 1.4268757 1.4376568 1.4400953 1.3150411 1.7491258 1.4377435 1.4028152 0.8093011 0.9689267 0.0000000 0.9198411 0.9834314 0.9685557 1.2432274 1.2304242 1.2002252 1.2054711 1.1711918 1.1648699 1.2897746 1.2649720 1.1024192 1.1375783 1.1537025 1.1099887 1.3749757 1.3610822 1.0849582 1.1347549 1.0906225 0.9679575 1.3342970 1.1152838 1.2824272 1.2824272 1.1225248 0.9054119 1.9565660 1.8728284 2.2949420 1.6404891 1.7038301 1.7038301 1.7419239 1.7419239 1.5779021 1.5889155 1.5889155 1.5889155 2.2147820 1.5808405 1.5483111 2.3717329 1.7561386 1.4406867 1.7395421 1.6412092 1.6412092 1.7754697 1.7754697 0.9856633 1.4480131 1.3076601 1.2367721 1.6044161 1.3086041 1.3750450 1.2020642 1.2528860 1.2951050 1.1422777 1.7743936 1.5925765 1.2087164 1.3259814 1.2685316 0.1740063 0.7506402 1.1104015 1.2676671 0.9684626 1.7874399 
Plajan_Pjan_C566862_01                            1.1633395 2.1997245 2.1798029 1.3619929 1.6282723 1.9363044 1.2623280 1.9698086 2.2336435 1.9737933 2.0207660 1.5481120 2.2435170 1.5715563 1.5809079 1.6773123 2.7932835 2.2089308 1.5739852 1.3726733 1.4779131 0.9198411 0.0000000 1.3385874 1.5751861 1.8359540 1.9110498 1.9134105 1.0540679 1.8564231 1.0445323 2.0077305 1.2770521 1.8214189 1.8462023 1.8252777 1.7162158 1.4154269 1.9429745 1.6787659 1.7820482 1.9676358 1.6105557 1.4107420 1.6374340 1.3408773 1.4804987 1.1778395 1.2938703 1.7501509 1.7202763 1.7657266 2.1930641 1.8130790 1.8130790 2.3134847 2.3134847 1.5966009 2.4001421 2.1138304 2.0574629 1.9465137 2.5268437 2.4777756 2.6364216 2.5242000 2.5301321 2.4182468 1.6033719 1.6033719 1.6187431 1.6187431 1.6887896 2.3249723 2.1201082 1.9550658 1.5568413 2.0329359 1.3385603 2.3680383 2.4523159 2.2839147 2.4682218 1.9558062 2.4211228 1.9622936 1.9654716 1.8782541 1.6649312 1.7146346 2.2557895 2.3793546 2.3214271 2.4472123 
Opea_EP00118_Oscarella_pearsei_P009360            1.3464779 3.1268961 3.3260230 1.4785504 1.6601742 2.2628045 1.2883675 2.4763766 2.5685688 2.9616981 3.0192750 1.6428533 2.9874549 1.7214110 2.2494477 1.6849093 3.2603982 2.6232525 1.7758581 1.2706375 1.9790152 0.9834314 1.3385874 0.0000000 1.9598727 2.3282610 2.3177154 2.3008757 0.8423759 2.2874154 0.8432193 2.2701955 1.0701319 2.0924677 2.1110657 2.1343182 1.9652288 1.2767631 2.1860562 1.9570133 2.1883202 2.1884911 2.1916341 1.1989435 2.0299927 1.4106911 1.8233875 1.1791113 1.4120069 1.6648838 1.7083226 1.7698496 2.9064978 1.7696265 1.7696265 2.4425403 2.4425403 1.6118533 2.4875476 2.1421387 2.0626398 1.8888052 2.7956898 2.7877739 2.3697011 2.9413616 2.8081239 3.6682241 1.3665897 1.3665897 1.3788600 1.3788600 2.0902222 2.9326439 2.4247602 2.2044529 1.4442813 2.6233874 1.5493883 2.4375714 2.5947117 2.4851463 2.6639486 2.1789643 2.9775997 2.5205457 2.2297452 2.3406031 2.3142274 3.1908748 2.3634922 2.3737492 2.4216716 2.6789136 
Skow_XM_006813937.1                               1.3700403 2.8719362 2.9412697 1.5196361 1.5648990 2.1863278 1.3794658 2.5247959 2.8737384 2.6529292 2.6832370 1.6558949 2.9792509 1.8227966 2.1731965 1.8858099 3.0229729 2.7463758 1.9954669 1.0328458 1.0897686 0.9685557 1.5751861 1.9598727 0.0000000 1.9361103 1.8899519 1.8965901 0.8864379 1.9047260 0.8340316 1.9423913 0.9129226 1.9568626 1.9737811 1.9429264 1.9249378 1.0927221 2.0996960 1.7822367 1.8512101 1.5369831 1.4842691 1.2538867 2.1850025 1.4941385 1.8601403 1.2874581 1.3534745 1.7033579 1.8239228 1.9409685 2.4642627 1.9585655 1.9585655 2.4402035 2.4402035 1.7943167 2.4784192 2.2164876 2.1341160 2.1398618 2.5127120 2.4901451 2.6589432 2.6996256 2.6380183 3.6637686 1.8161834 1.8161834 1.7866614 1.7866614 1.8704584 3.0362457 1.5613410 1.4095081 1.3176308 2.3124295 1.3080937 2.0985146 2.1705390 2.2639891 2.3419511 1.8139905 3.0874518 2.3901467 2.1800019 1.5075240 1.8854301 3.0245073 2.1294830 2.1443717 2.4143589 1.8139660 
HoiH23_PlH23_000857-RA                            1.5878412 3.2107533 3.0449944 1.5880202 1.9748205 2.6328669 1.5137845 3.0154067 3.3130653 2.9912523 3.0703929 1.7845499 3.1644100 2.1275330 2.3881377 1.9776379 3.6501791 2.8540599 2.1071222 1.5118613 2.0742372 1.2432274 1.8359540 2.3282610 1.9361103 0.0000000 0.2688020 0.2683231 0.1046753 0.4333436 0.1608364 0.1651543 1.2058487 2.4300516 2.4318896 2.5051600 2.1726245 1.3602677 2.5479089 2.1440060 2.3089346 2.1811939 2.4200503 1.4376104 2.4315981 1.7616007 2.1747113 1.4078476 1.5822639 1.9610505 2.0551818 2.0382127 3.3238240 2.0674204 2.0674204 2.7922647 2.7922647 1.9004917 2.9913809 2.4791400 2.3644895 2.3691993 3.3376783 3.0918334 2.8477129 3.5313831 2.8933557 4.0738060 1.6959381 1.6959381 1.6829118 1.6829118 2.5007464 3.3494596 2.3979081 2.2706666 1.6226152 2.6320805 1.4296429 2.8913337 2.8266636 2.9137960 3.1522255 1.9931893 3.2633527 2.6117001 2.1851520 2.3405766 2.4955293 3.9776797 2.9518448 3.0014222 3.1292899 2.7120616 
Hhon_g04025.t1                                    1.5960134 3.2570436 3.2716926 1.5315663 1.9152224 2.4664635 1.4932442 2.9325844 3.1752587 3.1202920 3.0818026 1.7508176 3.2913362 2.0324692 2.3832069 1.9176956 3.4862753 2.8927851 2.0297021 1.4996147 2.1261140 1.2304242 1.9110498 2.3177154 1.8899519 0.2688020 0.0000000 0.0086616 0.0849919 0.4155038 0.1251639 0.2874261 1.1655815 2.3644280 2.4130931 2.4518328 2.2904140 1.3416368 2.5172876 2.2299408 2.3045767 2.1171819 2.4728060 1.4486716 2.4772873 1.8135908 2.1913010 1.4119405 1.5782094 1.9395744 2.0554512 2.0407226 3.2713957 2.0898250 2.0898250 2.7796252 2.7796252 1.8524491 2.9305649 2.4155121 2.2890528 2.2769836 3.3212932 3.1080972 2.7069569 3.4930304 3.2010597 4.2720236 1.7160306 1.7160306 1.7336603 1.7336603 2.4345189 3.2607645 2.2842482 2.1322818 1.6354465 2.6324133 1.3892786 2.8609107 2.8040586 2.8786639 3.1175134 2.1145685 3.4961371 2.5989675 2.1137463 2.3154520 2.5242217 3.9515234 2.8733723 2.9502913 3.0274598 2.8474621 
HoiH04_mRNA8034                                   1.5717831 3.2681534 3.2580363 1.4948032 1.8838262 2.4385145 1.4857891 2.9000525 3.1534451 3.1148495 3.0902083 1.7371314 3.2645744 2.0156993 2.3711165 1.8876573 3.5019004 2.8495685 2.0239718 1.4513482 2.1130464 1.2002252 1.9134105 2.3008757 1.8965901 0.2683231 0.0086616 0.0000000 0.0813016 0.4139908 0.1134166 0.2879165 1.1399539 2.3682902 2.4135141 2.4404264 2.2823217 1.3317843 2.5077441 2.2304258 2.3025805 2.1135655 2.4826965 1.4360347 2.4768334 1.8019744 2.1797144 1.3994252 1.5617061 1.9716634 2.0158518 2.0166792 3.2768531 2.0543558 2.0543558 2.7690456 2.7690456 1.8586791 2.9147013 2.4006766 2.2744626 2.2570845 3.3162337 3.0974916 2.6719961 3.5104636 3.2072565 4.2888203 1.7379499 1.7379499 1.7570797 1.7570797 2.4260376 3.2613463 2.2929315 2.1514887 1.6071819 2.6237709 1.3892786 2.8516471 2.8068713 2.8826915 3.0953247 2.1145685 3.5082826 2.5904631 2.0762087 2.3062991 2.5213206 3.9472222 2.8436514 2.9198246 2.9989849 2.8547946 
HoiH11_mRNA2966                                   1.6064219 1.5853223 1.5064758 1.4961449 1.8396126 1.5284718 1.2286867 1.3495708 1.3186313 1.4856624 1.4572012 1.6514841 1.4236701 1.5200399 1.4745717 1.5252310 1.6622149 1.7476825 1.4047336 1.5260881 0.9903795 1.2054711 1.0540679 0.8423759 0.8864379 0.1046753 0.0849919 0.0813016 0.0000000 0.1293703 0.1285733 0.1289158 1.2042041 1.1822220 1.2357775 1.2928862 1.1273914 1.2643639 1.4408147 1.1064290 1.1244141 1.0047664 1.0709126 1.4485466 1.2556655 1.2412606 1.2412606 1.2844535 0.7765365 1.8310452 1.9654581 1.9746805 1.8183701 1.8661404 1.8661404 1.8740540 1.8740540 1.6643689 1.9272861 1.9272861 1.9272861 2.2683783 1.9082497 1.8230601 2.5328946 1.8483295 1.7495024 1.8597269 1.6614747 1.6614747 1.6563116 1.6563116 0.9216583 1.5225338 1.2233583 1.2618991 1.6200606 1.2412629 1.3059588 1.4139709 1.4920682 1.5032469 1.3489263 2.0726562 1.1105071 1.2267011 1.2959053 1.2572011 1.1287127 1.2130239 1.1944426 1.3505823 1.3270711 1.8967662 
TrH2_TrispH2_000007-RA                            1.4722892 3.2915570 3.2065087 1.4620551 1.8384329 2.5565058 1.4699982 2.8614118 3.2458724 3.0851524 3.0973105 1.7179266 3.0834897 1.9672366 2.3782504 1.9913369 3.5421035 2.6406644 1.9672407 1.4491247 2.0657917 1.1711918 1.8564231 2.2874154 1.9047260 0.4333436 0.4155038 0.4139908 0.1293703 0.0000000 0.0066607 0.3932770 1.0976632 2.3063963 2.3661569 2.4269614 2.2485650 1.2849776 2.5747443 2.2683507 2.4342826 2.1421514 2.2929268 1.4180014 2.4275169 1.7412399 2.1866447 1.1493468 1.6176806 1.9644241 2.0147388 2.0052085 3.1219037 1.9618238 1.9618238 2.5664689 2.5664689 1.7728871 2.5327796 2.1653144 2.0501626 2.1644132 2.9451829 3.0172057 2.4813876 3.4213095 2.9805246 4.0780657 1.5659226 1.5659226 1.6202145 1.6202145 2.2963211 3.1912011 2.3459753 2.1373895 1.6511805 2.6556075 1.4678511 2.8359932 2.7689466 2.8872395 3.1482460 1.9715188 3.3195621 2.7221520 2.0923599 2.2412221 2.4833292 3.8278161 2.7781869 2.9118396 3.0336511 2.7680865 
Tadh_TriadT19410                                  1.4722892 1.5432953 1.4695174 1.4635816 1.8395987 1.5368961 1.2151213 1.3007220 1.2930788 1.4300381 1.3290369 1.6307577 1.3245595 1.4395771 1.4599521 1.4951735 1.6244201 1.5426739 1.3244284 1.5221915 0.9231816 1.1648699 1.0445323 0.8432193 0.8340316 0.1608364 0.1251639 0.1134166 0.1285733 0.0066607 0.0000000 0.1749358 1.0891505 1.1318369 1.2082059 1.2263033 1.1292298 1.2306603 1.4270480 1.1042791 1.0979327 0.9973240 1.0165349 1.4046828 1.2408237 1.2519345 1.2519345 1.0528778 0.7639822 1.8951943 2.0071844 1.9854570 1.8135552 1.8757087 1.8757087 1.8076916 1.8076916 1.6186635 1.7429981 1.7429981 1.7429981 2.1526205 1.7363136 1.7375694 2.4059641 1.8664768 1.6969720 1.8416512 1.5538368 1.5538368 1.6069037 1.6069037 0.8558731 1.4647873 1.2128063 1.2474444 1.6454912 1.2711650 1.4822813 1.3725293 1.4889350 1.5006254 1.3636027 2.1617774 1.2946183 1.2078595 1.2401337 1.2104784 1.0582064 1.0622968 1.1340382 1.3005671 1.2104719 1.8852829 
HoiH06_mRNA1311                                   1.6246133 2.9070604 2.9390155 1.6432201 2.0602322 2.6195701 1.5381116 2.8390183 3.2042400 2.8913208 2.9640406 1.7995627 3.2710034 2.1792707 2.1476928 1.9880921 3.4589815 2.7293495 1.8953585 1.8691541 2.1350341 1.2897746 2.0077305 2.2701955 1.9423913 0.1651543 0.2874261 0.2879165 0.1289158 0.3932770 0.1749358 0.0000000 1.3203961 2.5011234 2.5113710 2.5121171 2.2111310 1.4048955 2.6647779 2.2389174 2.3524324 2.2005764 2.4268893 1.5744977 2.4806942 1.8309875 2.1924691 1.4351492 1.6055726 2.1147865 2.2162593 2.2990602 3.3494419 2.0825094 2.0825094 2.8129002 2.8129002 1.8432693 2.9836503 2.4572649 2.3199041 2.4838743 3.2872005 2.9905284 2.9790732 3.2754613 2.8683394 3.5575333 1.7838879 1.7838879 1.7776356 1.7776356 2.1622581 3.0613304 2.3842847 2.2039562 1.7373271 2.3867416 1.4066524 3.1116936 2.9336086 2.9453426 3.2310466 1.9650594 3.0923462 2.7423497 2.2156900 2.3342379 2.3965009 3.4667045 2.9886321 3.0301839 3.1651032 2.9484664 
Fspp_ffun1.m4.31328.m1                            1.5994798 1.6903668 1.7279798 1.6589862 1.5720498 1.5720498 1.3053005 1.4657044 1.1695284 1.4478674 1.3782217 1.6403246 1.6120483 1.4224323 1.3859649 1.6552121 1.6499826 1.6409218 1.4304418 1.2670696 0.9747155 1.2649720 1.2770521 1.0701319 0.9129226 1.2058487 1.1655815 1.1399539 1.2042041 1.0976632 1.0891505 1.3203961 0.0000000 0.2169219 0.2146652 0.1926460 0.4644293 0.5634591 0.3455430 0.9493504 1.0961636 1.0823319 1.1931224 1.5609625 1.5086297 1.3906556 1.3906556 2.1938400 1.2068666 2.1344808 2.3041694 2.1250143 2.2807966 2.4054499 2.4054499 2.2465118 2.2465118 1.8937856 2.3255408 2.3255408 2.3255408 2.4066428 2.2099968 2.2026628 2.2026628 2.0643234 1.9979823 2.1303869 1.9057103 1.9057103 1.8991038 1.8991038 0.0000010 1.7804631 1.3645141 1.4897856 1.2947263 1.2687893 0.0000010 1.4885891 1.5763733 1.6014807 1.3647035 0.0000010 0.0000010 1.4440962 1.4586714 1.2444109 1.6393301 1.9979225 0.2252548 0.4624082 1.3950614 1.6469808 
Spis_XP_022797676_1                               1.6409185 3.2467694 3.3189458 1.7086747 1.7891992 2.3689143 1.4918172 2.5568427 2.7482942 2.7989850 2.8157310 1.7593862 2.8785361 1.8692494 2.1216191 1.9203418 3.1924222 2.4425260 2.1145401 1.2526330 1.8680161 1.1024192 1.8214189 2.0924677 1.9568626 2.4300516 2.3644280 2.3682902 1.1822220 2.3063963 1.1318369 2.5011234 0.2169219 0.0000000 0.1667710 0.6041155 1.0572675 0.9139163 0.5471203 1.5012729 1.6797044 2.0853465 2.2097319 1.5765002 2.2792387 1.6033975 1.9464845 1.7233251 1.6458520 2.2303068 2.3143126 2.2332746 2.9455026 2.1074419 2.1074419 2.7543747 2.7543747 1.9495200 2.6890518 2.2552935 2.1875424 2.4975560 2.8154278 2.7721585 2.8363126 2.8508260 2.7935684 3.6229823 1.9905698 1.9905698 2.0117552 2.0117552 2.6723302 3.0826120 2.3181673 2.1811735 1.2964075 2.5130291 1.3082021 2.3210197 2.3275872 2.2640158 2.4711161 2.0724196 3.0217915 2.5546321 2.1922782 2.0960214 2.4373101 3.5723330 0.9779169 0.9722028 2.7187092 2.5888732 
Pocdam_XM_027188823.1                             1.5791881 3.3402302 3.3173578 1.6775326 1.8791099 2.3379250 1.4202369 2.5176930 2.6539607 2.8065058 2.8088549 1.7855235 2.7610214 1.8456368 2.0640618 1.8227974 3.0389196 2.6113701 2.1128324 1.2137326 1.7955174 1.1375783 1.8462023 2.1110657 1.9737811 2.4318896 2.4130931 2.4135141 1.2357775 2.3661569 1.2082059 2.5113710 0.2146652 0.1667710 0.0000000 0.5596680 1.0161628 0.8766517 0.5201846 1.4649471 1.6803141 2.0877876 2.2034808 1.5372230 2.2455937 1.6174031 1.9794390 1.7581666 1.6113643 2.2056385 2.2606921 2.1967654 2.9705563 2.1076634 2.1076634 2.7354869 2.7354869 1.9377211 2.6513466 2.2733028 2.2130652 2.5719332 2.7445534 2.7637838 2.9136164 2.8586887 2.8998161 3.8007306 1.9506822 1.9506822 1.9620418 1.9620418 2.6439846 3.0477689 2.3194345 2.1917839 1.3781602 2.5824630 1.2991885 2.3095758 2.2474453 2.3132593 2.4810619 1.9757548 2.8696223 2.5614467 2.1762525 2.0951231 2.4663127 3.5982868 0.9422619 0.9306029 2.6537234 2.6172430 
Gfas_gfas1.m1.18850.m1                            1.4609992 3.2452168 3.4067027 1.7217880 1.7609076 2.4579319 1.5367823 2.5780343 2.7288068 2.9219498 3.0513196 1.6913508 2.8627458 2.0787494 2.0824450 1.8261903 3.2645493 2.7912215 2.0925057 1.2884671 1.8704731 1.1537025 1.8252777 2.1343182 1.9429264 2.5051600 2.4518328 2.4404264 1.2928862 2.4269614 1.2263033 2.5121171 0.1926460 0.6041155 0.5596680 0.0000000 1.0322442 0.8796223 0.6138534 1.5542459 1.7114045 2.3175255 2.3293082 1.4191777 2.3888468 1.6897582 2.0395041 1.6655503 1.9231722 2.2487476 2.2700012 2.2447371 3.0235173 2.1584286 2.1584286 2.8682674 2.8682674 2.0095501 2.9717736 2.5256943 2.4664010 2.5874417 2.8135798 2.8096880 2.8504105 2.7881462 2.8186539 3.7085858 2.1330042 2.1330042 2.1128444 2.1128444 2.7595619 3.0595186 2.2718281 2.2625974 1.4598861 2.6020781 1.4624856 2.3552218 2.3438667 2.3253465 2.5074050 2.3883435 2.9869821 2.6832256 2.3838410 2.0928392 2.6345796 3.6152457 0.8697993 0.8370608 2.7327557 2.6400319 
Exapal_XM_021045759.2                             1.3047028 2.7963429 3.0518971 1.5580427 1.8536138 2.2506068 1.3827661 2.4091955 2.8067502 2.7899581 2.9491705 1.7323885 2.7629787 1.9349449 1.9462877 1.7996390 3.1467797 2.3957304 2.0146617 1.3489617 1.8010484 1.1099887 1.7162158 1.9652288 1.9249378 2.1726245 2.2904140 2.2823217 1.1273914 2.2485650 1.1292298 2.2111310 0.4644293 1.0572675 1.0161628 1.0322442 0.0000000 0.5236941 1.1538369 1.5390825 1.6232970 2.1901072 2.0866888 1.4469412 2.1806935 1.6268621 1.9482777 1.7888159 1.6642535 2.1075737 2.2584627 2.0159828 2.8411074 2.0254194 2.0254194 2.6745099 2.6745099 1.9327693 2.6463929 2.3538028 2.2693668 2.2272848 2.8591095 2.8691194 2.7980678 2.9108102 2.6404376 3.6849136 1.8158546 1.8158546 1.8744945 1.8744945 1.6774128 2.7522001 2.2378084 2.2181539 1.3613530 2.4343031 1.4194982 2.2401124 2.3517448 2.1781835 2.5085613 2.2872535 2.7277703 2.2491548 2.2297896 2.0598868 2.2121156 3.5235574 1.3850079 1.4451202 2.6291782 2.2405445 
Nvec_v1g120073                                    1.3664697 1.7089852 1.6631520 1.6496692 1.7381128 1.6547988 1.3433021 1.4819224 1.7302446 1.7777297 1.7685124 1.7864125 1.7426404 1.7225818 1.4974864 1.5965108 1.8865786 1.8227098 1.6233116 1.3302231 1.3511564 1.3749757 1.4154269 1.2767631 1.0927221 1.3602677 1.3416368 1.3317843 1.2643639 1.2849776 1.2306603 1.4048955 0.5634591 0.9139163 0.8766517 0.8796223 0.5236941 0.0000000 1.0048879 1.1986198 1.2619038 1.4754874 1.3801538 1.4163729 1.5376606 1.5622370 1.5637553 2.4145362 1.4777263 2.0209631 2.4340772 2.0762221 2.2150860 2.2275273 2.2275273 2.1391421 2.1391421 1.9656753 2.0313770 2.0313770 2.0313770 2.1327944 2.0506201 2.1693641 2.5724621 2.1238499 2.3336392 2.1503089 1.7625036 1.7625036 1.7979842 1.7979842 1.7635712 1.8388965 1.4662365 1.6108307 1.6267974 1.5804003 2.4154583 1.6685759 1.7251668 1.6596513 1.6171268 2.5148398 2.0308092 1.6838553 1.7758130 1.4769092 1.7382180 1.7679366 1.0607691 1.1982638 2.2963794 1.8601684 
Gasp_gasp1.m3.4073.m1                             2.0635254 3.4734057 3.5405218 1.8234750 2.2209594 2.7089616 1.6813221 2.7282329 2.7965333 3.1287325 3.1579700 2.0633532 3.0221888 2.0878977 2.3626973 2.0450565 3.3565518 2.7870955 2.0961478 1.7625295 2.0242439 1.3610822 1.9429745 2.1860562 2.0996960 2.5479089 2.5172876 2.5077441 1.4408147 2.5747443 1.4270480 2.6647779 0.3455430 0.5471203 0.5201846 0.6138534 1.1538369 1.0048879 0.0000000 1.6825663 1.7784761 2.3665457 2.2688716 2.0849272 2.3220781 1.7634608 2.1421957 1.6261240 1.8687435 2.6292301 2.5768681 2.8342236 3.0089768 2.2328099 2.2328099 3.0169730 3.0169730 2.0985907 3.0542679 2.5830195 2.5485217 3.4134748 3.0384556 3.0575441 3.2090134 3.0765523 2.9382275 3.9050788 2.7152741 2.7152741 2.7448420 2.7448420 2.6557844 3.0547365 2.5236631 2.2856391 1.6599471 2.7654370 1.2968727 2.3860433 2.3961973 2.4342648 2.5872479 2.0318919 2.8368619 2.6896623 2.2325729 2.3207717 2.4608125 3.5347208 0.9707111 0.9357027 2.5781678 2.7124526 
Dgig_XM_028546619.1                               1.3496369 2.9558869 3.1301243 1.5023488 1.7105184 2.3095914 1.3450833 2.5602652 2.6792729 2.8181314 2.8732492 1.8308497 2.8153367 1.8331453 2.4488065 1.9104665 3.1784436 2.8906649 2.0205479 1.3531688 1.8396646 1.0849582 1.6787659 1.9570133 1.7822367 2.1440060 2.2299408 2.2304258 1.1064290 2.2683507 1.1042791 2.2389174 0.9493504 1.5012729 1.4649471 1.5542459 1.5390825 1.1986198 1.6825663 0.0000000 0.6865897 2.2059472 2.1523180 1.3783642 2.1228307 1.5154071 1.8882284 1.4852377 1.5522345 2.5382434 2.6483172 2.7263478 3.1331710 2.3113448 2.3113448 2.8445637 2.8445637 2.0656045 2.7772350 2.4297917 2.3767192 2.8267786 2.7189078 2.9071475 3.0582578 3.0251994 2.7532126 3.8613213 2.0038748 2.0038748 2.0183421 2.0183421 2.1383510 2.6976647 2.1791805 2.1261546 1.5298717 2.3620634 1.4835369 1.9286503 2.0323036 2.0225829 2.3723574 2.1131885 2.7299985 2.3183678 2.0574716 2.1522192 2.2156644 3.4913423 1.8397339 1.8058650 2.6119154 2.7597071 
