122
Emue_Em0004g240a.t1                                 0.0000000 0.1441933 0.2675924 0.4322927 1.3161586 1.1810616 1.1849753 1.1917889 1.2336047 1.1122179 1.2833091 2.3603579 2.3935699 2.4310372 2.4348570 2.4921585 2.7555826 4.5960058 2.8266087 2.2156888 2.2256297 2.2731138 2.0454918 2.3322993 2.1692797 2.2422935 2.5072409 2.4946101 3.3120258 2.4248816 2.4254298 2.8087954 2.4582367 2.5032129 2.4411697 2.9338826 2.6441615 2.7125504 2.6401300 2.5298600 2.3520103 2.6261487 2.5997688 2.3522217 2.2893587 2.4954866 2.5989418 2.6393217 2.4677532 2.0346070 2.2698870 2.4038556 2.0001622 2.4657491 2.4027790 2.4216446 2.3722468 2.3796335 2.5783315 2.3484223 2.2264070 2.5292669 2.4088882 2.5008993 2.7234766 2.7813455 2.4676936 3.8567912 4.7582924 4.5720022 3.7001017 3.0249889 3.2355820 3.3063726 3.5928983 4.1750683 3.3063726 3.5928983 4.1750683 2.9352606 2.8011344 2.6739728 2.6739728 2.7191536 3.1532838 3.0091111 3.1381742 3.0929032 2.2085733 3.8288577 2.5770962 3.0308250 2.9560166 2.6286458 2.6507188 3.7721775 3.5423163 3.5036981 3.4764776 3.5105654 4.6170443 3.5668778 3.5430448 2.7114550 2.5998974 3.8925583 2.8990561 2.6510397 2.8028031 2.7293030 2.6895403 2.8306266 2.7053204 3.2288404 3.2905648 5.0097316 5.2359214 4.1961898 4.1961898 4.9439160 6.3117132 7.3571990 
Spolac_c104053_g8_i1_m.37876c104053-g8              0.1441933 0.0000000 0.0000010 1.0738509 1.0239032 0.8930008 0.8741185 1.1525963 1.1033484 1.2083803 1.1771936 2.0546267 2.1184808 2.2864241 2.4643479 2.0761762 2.3895616 5.4424467 2.3478356 2.1976112 2.1912636 2.2607911 2.1592471 2.6547887 2.1016846 2.2256654 2.3139611 2.2705562 2.6004304 2.5136784 2.6263407 2.7818752 2.1952171 2.0799317 1.9584458 2.4593231 2.4229807 2.2104068 2.3393946 2.2338337 2.0305150 2.0973429 2.1485781 2.1860892 2.1325326 2.4960980 3.0647364 0.0000010 3.2028056 0.0000010 2.0129208 3.1699891 2.1374190 2.6347573 2.1662698 2.1916597 2.1738524 2.1738524 2.2370512 2.1381604 2.1381604 1.9999693 2.4717998 2.5308948 2.5516181 2.8440225 2.1625859 4.2154238 0.0000010 0.0000010 3.0989665 2.3568163 2.2539156 2.3568163 2.2539156 3.0989665 2.3568163 2.2539156 3.0989665 2.3447287 1.8314121 2.3518706 2.3518706 2.0219887 2.1461454 2.5744896 2.5507912 2.6028964 4.2154238 3.8217362 2.5448643 2.6359512 2.4159960 2.7871810 2.4182001 4.0378806 3.2984058 3.0368329 3.0352899 2.8484902 4.3278845 2.9409955 3.7664804 2.0900036 2.4274085 0.0000010 2.3053861 2.3053861 2.2736313 2.0978224 2.2707524 2.3516986 2.0994363 2.6026531 2.9315395 4.6664288 4.7869511 4.0509073 4.0509073 4.7379231 0.0000010 7.8883054 
Spolac_c105646_g1_i1_m.44926c105646-g1              0.2675924 0.0000010 0.0000000 1.6120812 1.1327392 1.1449141 1.1216200 1.4031898 1.4297887 0.9349337 1.2133955 2.4575128 2.6374822 2.2617295 1.9827139 2.4805334 2.8537879 3.3157952 2.8958886 2.1526581 2.1965349 2.2849345 8.2719595 2.0852100 2.2686903 2.4225918 2.4139027 2.6949645 3.6167358 2.2758691 2.1031885 2.5702363 2.4558932 2.6677115 2.6172414 2.7481583 2.2362880 3.0478558 2.2463325 2.1834051 2.0947295 2.2863796 2.3267715 2.1530009 2.2555894 2.6707478 1.5782755 3.4040778 2.5240040 2.9867454 2.4429042 2.4429042 1.8464653 2.5520549 2.4077550 2.3656876 2.4013209 2.3807454 2.4677752 2.2207787 2.1270829 2.6886836 1.9178807 1.8901739 2.4771605 2.5573848 2.3929989 4.4656887 7.1112688 8.2716215 3.4911796 3.4911796 3.4911796 3.6409577 3.6409577 3.6409577 3.6409577 3.6409577 3.6409577 3.7657422 4.0711988 2.9638899 2.9638899 3.4412442 3.7717110 3.1416414 3.3779088 3.4132892 2.1618546 3.5682073 3.0840286 3.0313346 3.1480828 2.5259881 2.6506153 3.5862953 3.1415190 3.0152451 9.0000000 2.8338533 5.5005634 2.7376074 2.7820803 3.2157274 2.7381567 3.7239968 3.3686412 3.1960120 3.2388903 3.1563442 3.2259360 3.3307871 2.8217872 2.9913912 3.3073989 4.6823253 4.3656423 0.0000010 0.0000010 4.5861377 4.7093438 7.0540196 
Spolac_c26758_g1_i1_m.612c105646-g1                 0.4322927 1.0738509 1.6120812 0.0000000 1.4089807 1.3494128 1.3840395 1.1173011 1.1826747 1.3903434 1.1680951 2.2086553 2.0060372 2.4494794 2.2986245 2.7412593 2.8149151 3.2831330 2.8832602 2.2130870 2.3047539 2.0519852 0.8917680 2.0628810 1.9619011 1.9277387 2.2353802 2.3076774 5.1687517 2.0947433 2.0991293 2.8570715 2.6893098 2.6933200 2.6626001 2.7544004 2.4939743 2.4405545 2.7882527 2.5615611 2.5620113 2.7576936 2.5810716 2.0936859 2.1267227 2.3725999 1.7855700 2.0968890 2.2524901 1.4514824 2.1829535 2.1993609 1.5958635 2.0062994 2.5844186 2.4427740 2.7016663 2.7016663 2.9136271 2.7293618 1.7684445 2.8382856 1.8408939 1.8876056 2.0739395 2.4218631 2.2146061 3.5689724 3.5498063 4.5313965 3.9891687 3.8695259 3.8695259 5.1205634 5.1205634 5.2699149 5.1205634 5.1205634 5.2699149 6.1769397 3.8427143 3.7124916 3.7124916 3.6414689 3.8544648 3.5433055 3.5169293 3.8682377 2.5986154 4.0590460 3.2336127 3.8663204 3.7086918 3.0968477 3.5386700 3.2838823 4.6067426 4.3952033 9.0000000 4.9765395 8.9999983 4.8681328 3.8970556 3.5916959 3.1870504 5.4660170 5.5527998 3.9250274 3.8558359 3.6626584 3.6422204 3.7092741 3.9799633 3.9366907 4.1669516 5.5853486 6.5496536 8.9999989 8.9999989 4.8291845 5.8323275 6.8260121 
Aque_Aqu2.1.33590_001                               1.3161586 1.0239032 1.1327392 1.4089807 0.0000000 0.7166690 0.6718198 1.2121164 1.2781911 1.3753175 1.2911451 2.8427316 2.7929080 2.7325488 2.7605264 2.5810681 2.6224133 4.0596750 2.7165100 2.3820515 2.4738418 2.4845839 2.0042242 2.6339980 2.2764810 2.5142118 2.4587375 2.8637767 3.1649736 2.4376037 2.3734536 2.9289080 2.4737273 2.5841304 2.5392507 2.8765133 2.5932957 2.7109237 2.7718774 2.7517335 2.7058694 2.5204263 2.5464380 2.5650636 2.3681017 2.6976788 2.0519381 2.7683361 2.2299123 2.5199431 2.4571059 2.6047691 2.1136057 2.4820742 2.5439118 2.5574526 2.7509088 2.7464983 2.6345275 2.6739998 2.5420858 2.8013329 2.7973480 2.9400813 2.9678730 2.9879645 2.6775713 3.9531869 4.9469895 5.2924677 3.4496732 3.1279450 3.2246833 3.2949091 3.4299026 3.7064802 3.2949091 3.4299026 3.7064802 3.2053958 2.8488461 2.7064746 2.7064746 2.8092769 3.3997297 3.5232647 3.8056362 3.8141665 2.2313579 4.2974043 2.7527491 3.0158733 3.0830567 2.8058348 2.9640370 2.9163786 3.4428824 3.6700118 3.5892767 3.5408431 5.7174754 3.5890505 3.7273179 2.6608000 2.7193792 3.6164650 3.2929150 3.0432154 3.0939126 2.9735364 3.2014645 2.9129079 3.0200780 2.9588022 3.4256582 5.1179215 5.5706022 5.4615768 5.4615768 4.9796768 4.7143762 6.5324074 
Xestes_maker-XT_scaffold116716-snap-gene-0.6-mRNA-1 1.1810616 0.8930008 1.1449141 1.3494128 0.7166690 0.0000000 0.5700982 1.0176448 1.0429682 1.0901520 1.0405125 2.4009998 2.4149010 2.4559899 2.4255871 2.3059996 2.4655620 3.8846907 2.3120086 2.4424214 2.3549838 2.3811833 2.2098633 2.5815508 2.2799225 2.3189610 2.3197793 2.2787184 2.6472114 2.1332316 2.1521879 2.4757863 2.1288257 2.2052401 2.0529354 2.5991312 2.3644439 2.2799158 2.3294842 2.3326114 2.2530749 2.0670413 2.0620660 2.1271808 2.1669944 2.3457991 2.3538312 2.1043463 2.1903656 1.8727483 2.2057551 2.4896296 2.0740016 2.4161833 2.2313244 2.2488550 2.3180925 2.3158404 2.2094841 2.2905049 2.0909403 2.4047352 2.3617451 2.4991183 2.5529420 2.4843050 2.3892432 3.5436184 4.1716487 4.2887559 3.1310007 2.6787893 2.7460611 2.8161497 2.9189438 3.3585589 2.8161497 2.9189438 3.3585589 2.8955678 2.6534176 2.4030103 2.4030103 2.3806802 3.1808332 3.1115807 3.2729490 3.2569344 1.9648196 3.9485557 2.4702550 2.7118031 2.8384686 2.2352137 2.4054485 2.7413873 3.2151444 3.1895125 3.2719322 3.1687541 4.1447742 2.9410844 3.2343409 2.3058051 2.4013967 3.0447637 3.0119602 2.7596009 2.5732104 2.6688998 2.8195620 2.5907946 2.6547748 2.7181158 3.1231740 4.5262218 4.9251113 4.4092140 4.4092140 4.4534281 3.6731065 6.7389616 
Halamb_c54449_g1_i1m.38319                          1.1849753 0.8741185 1.1216200 1.3840395 0.6718198 0.5700982 0.0000000 1.0762045 1.0898984 1.1160100 1.2175666 2.6286263 2.6508876 2.5073810 2.5823683 2.4350210 2.6828260 4.3658994 2.7554325 2.2739189 2.3278562 2.4950333 1.9478605 2.5334488 2.2763052 2.4530517 2.4684500 2.6271537 2.7584335 2.4326229 2.3482246 2.7664384 2.3538848 2.4585959 2.3572260 2.9319655 2.7722198 2.6226937 2.6168370 2.5151465 2.3655243 2.3064768 2.3057297 2.3286971 2.4094260 2.6800159 2.6324229 2.7144624 2.3632238 2.4439978 2.3615711 2.6894516 2.2299053 2.3027894 2.5171092 2.6308971 2.5566081 2.5641081 2.5523955 2.5522056 2.3777250 2.6150572 2.3820111 2.4977598 2.8189317 2.8592713 2.7628985 4.0233852 4.7051304 5.3706167 3.5438082 2.9427425 3.1087536 3.1208513 3.3279693 3.8200313 3.1208513 3.3279693 3.8200313 2.9668962 2.9234877 2.6109469 2.6109469 2.6830778 3.2075700 3.2603818 3.4945172 3.4146609 2.2143511 3.8655307 2.6354479 2.9556730 2.9811204 2.5258117 2.7615114 3.0820370 3.6110270 3.5248859 3.3243470 3.5218734 4.8664142 3.4168461 3.5726694 2.6717454 2.5892471 3.7657559 3.0783604 2.8351050 2.8233000 2.6889552 3.0409345 2.8929184 2.8788273 2.9386194 3.3906982 4.9282138 5.2525865 5.0293489 5.0293489 5.0196991 4.1477606 6.7901732 
Stycar_maker-SC_scaffold18340-snap-gene-0.13-mRNA-1 1.1917889 1.1525963 1.4031898 1.1173011 1.2121164 1.0176448 1.0762045 0.0000000 0.0212446 1.1063036 0.9390426 2.7427583 2.7676662 2.4543024 2.5918628 2.7208297 2.7073964 4.3217511 2.6445186 2.4430007 2.4422243 2.5049219 2.3440411 2.8142334 2.3533238 2.4425436 2.4157044 2.3092090 3.2714477 2.5462198 2.4294799 2.9895247 2.7961654 2.8847986 2.6013755 3.1287202 2.8967336 2.4720886 2.8341402 2.8538160 2.6617272 2.4818908 2.3639751 2.4086908 2.4930999 2.6813328 2.4287167 3.2090749 2.4939695 2.1133742 2.4914486 2.7498517 2.2761896 2.2901167 2.5721674 2.6393403 2.8305947 2.8240728 2.6653808 2.6978865 2.4959360 2.7232932 2.5259469 2.5339430 2.6190268 2.6444526 2.5718331 3.6846867 4.5903642 4.5368271 3.5205665 2.9521922 3.0493701 3.3382440 3.4664332 4.0652123 3.3382440 3.4664332 4.0652123 3.0406028 3.1814867 2.4713649 2.4713649 2.8078899 3.3384726 3.3415796 3.4565445 3.5111152 2.4090672 5.0420202 2.7378153 2.8078678 2.9613988 2.5750155 2.6643167 3.0967720 3.2712469 3.2276371 3.2957486 3.2951593 5.6180546 3.2315919 3.3597965 2.5933897 2.7417527 3.9552119 3.3738858 3.0469640 2.9441821 2.8014643 3.0035744 2.9310064 3.1440297 3.0336566 3.0359091 4.9253065 5.3889449 4.8481668 4.8481668 4.4551837 5.0614649 5.5778387 
Stycar_maker-SC_scaffold623-snap-gene-0.46-mRNA-1   1.2336047 1.1033484 1.4297887 1.1826747 1.2781911 1.0429682 1.0898984 0.0212446 0.0000000 1.0419400 0.9927017 2.6543220 2.6933079 2.4316746 2.6655093 2.7146597 2.6838995 4.3539770 2.5683848 2.3754822 2.4033708 2.4548725 1.9659500 2.6242281 2.2862613 2.3462079 2.4702924 2.2094606 2.9153060 2.4592827 2.4031590 2.8371297 2.8190103 2.8844873 2.5299998 3.0772549 2.7540709 2.4396381 2.7010607 2.7039556 2.4489579 2.4770424 2.3754969 2.3165681 2.5494018 2.6978038 2.4576224 3.1913225 2.5534737 2.1664681 2.4920118 2.8083919 2.3383793 2.4117683 2.5004232 2.5659227 2.7387334 2.7302083 2.5571029 2.6108277 2.4344085 2.6589797 2.4839207 2.5761823 2.7090969 2.5941739 2.6685891 3.7456676 4.6850332 4.7155711 3.5256357 3.0318904 3.1373465 3.3387521 3.5173674 4.0150389 3.3387521 3.5173674 4.0150389 3.0345554 3.0797383 2.5997394 2.5997394 2.7127998 3.3590800 3.3482062 3.6645188 3.5954131 2.4570101 3.9133998 2.6643111 2.8630782 3.0678907 2.6035577 2.7205835 3.0664143 3.1264543 3.1209868 3.0420818 3.2366796 4.4176262 3.3145182 3.4245182 2.6983947 2.8411728 3.9307090 3.3022145 3.0414639 2.9913808 2.9190850 3.1474023 2.9097953 3.2148363 3.0589603 3.2651009 5.0038684 5.5462310 4.3543925 4.3543925 4.6417557 5.0680428 6.3627848 
Plespi_Pspi_scaffold4805_01                         1.1122179 1.2083803 0.9349337 1.3903434 1.3753175 1.0901520 1.1160100 1.1063036 1.0419400 0.0000000 0.9586096 1.9804386 1.8420396 2.0372235 2.2785839 2.1519076 2.1504250 3.1686599 2.2656485 1.5925617 1.5783325 1.6627907 1.8456505 1.8188899 1.5669482 1.6814244 1.9940759 1.8440161 2.1075714 2.0510638 1.9235356 2.1736209 1.8934549 1.9197117 1.7285780 2.4244461 2.0460517 2.1672273 2.0301541 2.0882800 1.8967517 1.8235274 1.8134070 2.0265233 2.1227552 2.2907991 2.2633693 2.5129577 2.4621539 1.8175031 1.7918912 1.9286027 1.8976776 2.1760165 1.8994669 1.9994521 1.9779376 1.9746597 2.0159587 1.8640348 1.8843238 2.1058796 2.1641787 2.1995993 2.2822391 2.5592256 2.6266975 2.5776658 4.7630702 8.9999988 3.2178178 2.2862428 2.5824121 2.2862428 2.5824121 3.2178178 2.2862428 2.5824121 3.2178178 2.1937315 2.1319337 2.0001935 2.0001935 2.1264651 2.4575122 2.3394816 2.4299737 2.4471228 1.8246563 2.9011192 2.1483692 2.4141082 2.2882065 2.3022764 2.0660167 3.4924464 2.6512659 2.5807721 2.5914704 2.6852358 3.4326814 2.5761909 2.8847064 1.8396470 1.8526308 3.7137273 2.2810433 2.2810433 2.2320729 2.1962189 2.3336799 2.2644605 2.0025263 2.2403594 2.4869076 4.5147306 4.5019325 3.8256949 3.8256949 4.6803761 0.0000010 6.9068243 
Tetwil_g11000.t1                                    1.2833091 1.1771936 1.2133955 1.1680951 1.2911451 1.0405125 1.2175666 0.9390426 0.9927017 0.9586096 0.0000000 2.5778123 2.5959692 2.4819357 2.6448305 2.5343658 2.7364084 4.2798049 2.5002727 2.2135508 2.2143833 2.3085561 2.0115827 2.2324118 2.0491679 2.0743396 2.1983735 2.2907916 2.7683506 2.4546350 2.3016074 2.7337655 2.5265712 2.5385426 2.4282929 2.6580287 2.4000945 2.5022454 2.4488825 2.4202101 2.2625611 2.3180290 2.2466610 2.1804974 2.3852501 2.6819986 2.3286704 2.5912074 2.3367924 1.8756922 2.2087336 2.4240405 2.0812845 2.3251299 2.2421300 2.3130638 2.3802922 2.3917991 2.4707702 2.3377703 2.2870220 2.4244952 2.3630173 2.4206959 2.5245151 2.6908957 2.7158423 3.4537097 4.2943608 4.2774059 3.3920410 2.8915300 2.9991642 3.0676084 3.2185269 3.6788830 3.0676084 3.2185269 3.6788830 3.0357327 2.7505683 2.5615496 2.5615496 2.5836378 3.1777198 3.0491672 3.1005912 3.0751546 2.3199202 4.0898362 2.5499599 2.8845586 2.9129161 2.6837249 2.7198881 3.3695274 3.0692874 3.0257011 3.0301400 3.0125033 4.5040501 3.1956621 3.5012592 2.5251831 2.7636565 3.2789033 3.0004932 2.7556029 2.8676907 2.7096105 3.0085672 2.8297381 2.9947833 2.7949355 2.9674908 4.7885001 4.9831507 4.0668481 4.0668481 4.3960998 4.2066230 6.0422346 
Bralan_BLAG10000273_1                               2.3603579 2.0546267 2.4575128 2.2086553 2.8427316 2.4009998 2.6286263 2.7427583 2.6543220 1.9804386 2.5778123 0.0000000 0.4211152 1.5311672 1.6461799 1.8454946 1.5588730 3.1754543 2.2365424 2.0884418 1.9992484 2.0707991 1.9698139 2.2095096 1.9811023 2.0262918 2.2722634 2.0596868 2.2884367 1.9232726 1.9497449 2.0966275 2.1039163 2.1183704 2.1573854 2.2225236 1.9809613 1.5896807 1.8586925 1.8650366 2.0561120 2.1139771 2.0831275 1.5830268 2.3868769 2.5251245 2.0997857 3.1966517 2.4904441 2.3594259 2.1637647 2.2467505 1.8837383 1.7303249 2.0161296 2.1231514 2.0896736 2.0881653 2.0389364 2.1200006 1.8733846 2.4601963 1.7275098 1.7883650 1.6612209 2.0846063 1.9764871 3.9036712 5.0884284 5.8440594 3.4124389 2.9797703 3.4287431 3.2758686 3.8027678 3.8704801 3.2758686 3.8027678 3.8704801 3.0817651 2.9483488 2.6727187 2.6727187 2.7562928 3.4346984 2.9876665 3.1024384 3.0641581 2.4658910 3.0642665 2.4656289 2.5060152 2.7800688 2.1635377 2.2869350 3.2249833 3.1126122 3.3142768 3.5111843 3.1524650 3.6936170 3.1431316 3.4213342 2.6180162 2.6327150 2.9398203 2.7133700 2.5023022 3.1604478 3.1703254 2.8862001 2.8097530 3.0091541 2.7136994 3.5051647 4.4598108 4.2929790 3.3284458 3.3284458 4.5502273 6.1505380 5.9687083 
Bralan_BLAG10000275_1                               2.3935699 2.1184808 2.6374822 2.0060372 2.7929080 2.4149010 2.6508876 2.7676662 2.6933079 1.8420396 2.5959692 0.4211152 0.0000000 1.7054592 1.6410174 1.8198361 1.5560292 2.9599162 2.2979094 2.0127896 1.9237598 2.0816947 1.9376097 2.1986678 1.8346252 1.9767989 2.2069699 2.1669693 2.1735016 1.9568766 1.8135139 2.1973272 2.0457332 2.1157803 2.1929355 2.3142471 1.9150451 1.5465833 1.9200540 1.9706597 2.2595379 2.2832202 2.2371425 1.5962418 2.3199840 2.3110780 2.3920313 2.7708970 2.4466619 2.4578380 2.1312244 2.2259654 1.8958088 1.8475193 2.0161437 2.1015638 2.1569444 2.1555744 2.0473203 2.0831920 1.9049926 2.3499764 1.7407078 1.8532858 1.7311157 1.9800401 1.9947380 3.5609862 4.1692613 5.0255105 3.1248743 2.8092302 3.1376687 2.9618636 3.3187124 3.3498649 2.9618636 3.3187124 3.3498649 3.0083100 2.9616046 2.5552886 2.5552886 2.8832880 3.4079819 2.7986285 3.0087958 3.0609564 2.4786400 2.9417219 2.3162595 2.5730945 2.5910234 2.1945347 2.2906767 3.2545759 3.1180744 3.1705502 3.2078065 3.2359630 3.9613652 3.1531025 3.1944453 2.6811290 2.6033570 3.2500228 2.7137436 2.5047536 3.1393232 3.0313271 2.7976747 2.8247469 2.8770538 2.7966633 3.6123566 4.4185851 4.4057984 3.2692840 3.2692840 4.2529226 4.9742193 5.8233751 
Acagra_model.g19678.t1.1.5d3b89c0                   2.4310372 2.2864241 2.2617295 2.4494794 2.7325488 2.4559899 2.5073810 2.4543024 2.4316746 2.0372235 2.4819357 1.5311672 1.7054592 0.0000000 1.1286240 1.7353936 1.5738571 2.8346772 1.9421071 1.8434305 1.8078985 1.8414346 1.7490917 1.9153166 1.6842370 1.6984339 2.0587135 1.8062775 2.0962992 1.8755960 1.7591079 1.9996476 1.9241237 2.0290171 1.9364304 2.2233197 1.9485911 1.3995977 1.7693519 1.7573179 1.9828449 2.0059958 1.9277423 1.5692580 2.3806262 2.6018117 2.5832507 3.3422285 2.7513990 2.5229502 2.3724472 2.4836358 2.1412297 1.4473235 2.1032734 2.1318779 2.2585210 2.2554863 2.2201822 2.0378733 1.9301878 2.2013229 1.5854960 1.7173159 1.5860943 1.8975002 1.6199722 3.3746242 4.1147165 4.4865729 3.4544122 3.1089227 3.5165608 3.3632644 3.8443573 3.8604624 3.3632644 3.8443573 3.8604624 3.2132668 2.7854798 2.6725143 2.6725143 2.8824505 3.2251151 3.0368303 3.2308009 3.1756302 2.7934892 1.5067801 2.4054960 2.6276173 2.6404634 2.2852255 2.3288323 2.4947354 2.7544543 2.6899452 2.6929121 3.1602084 2.9405619 2.4851297 3.0096808 2.2692286 2.2039749 3.0870605 2.5048143 2.3464827 2.8956931 2.8354657 2.7806189 2.6897949 2.6111218 2.5468497 3.1435464 4.6297990 4.8087911 3.8248767 3.8248767 4.8290189 4.9190496 5.8029171 
Acagra_model.g19813.t1                              2.4348570 2.4643479 1.9827139 2.2986245 2.7605264 2.4255871 2.5823683 2.5918628 2.6655093 2.2785839 2.6448305 1.6461799 1.6410174 1.1286240 0.0000000 1.4408843 1.4744393 2.7048960 2.2416985 1.9594177 1.9912648 2.0352623 2.1018748 2.1293630 1.8830494 1.9738390 2.1372944 2.2235342 2.7215710 2.2679707 1.9846940 2.1887107 2.0254426 2.1635370 2.1100551 2.2766385 2.0759100 1.5062853 1.6715167 1.7122441 2.0212088 1.9079405 1.8457425 1.7996732 2.3325788 2.2000710 2.1192381 2.7559281 2.4272426 2.3176392 2.6414519 2.6011754 2.2741052 1.5768148 1.9552189 1.9914616 2.1516746 2.1375103 1.8211622 2.0575880 2.0116603 2.2713315 2.0298415 2.0428218 1.8218169 1.9016169 1.8393828 3.4264117 4.2453150 4.4924489 3.3025325 3.1968490 3.3453649 3.3791346 3.5771739 3.5921493 3.3791346 3.5771739 3.5921493 3.2406623 2.9745002 3.1482143 3.1482143 3.3327920 3.3666269 3.0645310 3.1291819 3.0658169 2.4774679 2.6226540 2.3349869 2.6288489 2.5382679 2.3849699 2.4947575 2.8240465 2.6707231 2.8159698 2.7493574 3.0527177 4.3614786 2.7019997 3.0898472 2.5447299 2.4674354 2.7559527 2.4010959 2.2351772 3.1189676 2.9385968 2.6464074 3.0174764 2.6558360 2.5106199 3.2006600 4.9439747 4.7376179 4.0252650 4.0252650 4.3139503 4.8456528 6.4575457 
Ctel_gnl_WGS_AMQN_CAPTEDRAFT_mRNA161375             2.4921585 2.0761762 2.4805334 2.7412593 2.5810681 2.3059996 2.4350210 2.7208297 2.7146597 2.1519076 2.5343658 1.8454946 1.8198361 1.7353936 1.4408843 0.0000000 0.9759511 2.9538255 2.5058680 2.0372248 2.0691990 2.3046351 2.2191246 2.2470807 1.9918899 2.1405855 2.5282583 2.2438941 2.4772494 2.0507814 1.9339646 2.2494184 2.2441876 2.3232587 2.1666852 2.5196427 2.1818118 1.7911729 2.0218754 1.9962735 2.4675308 2.4392726 2.4132038 1.8337137 2.6409879 2.8111415 2.6174531 3.2927727 2.7795632 2.7510790 2.4514028 2.6948857 2.1306967 1.8580536 2.1124323 2.1350226 2.2393552 2.2435198 2.0714885 2.2609758 2.1630911 2.2596676 2.1106582 2.1058800 1.9416085 1.9255258 1.8699932 3.7044113 4.3132811 4.8932037 3.4685994 2.9105518 3.2815783 3.0427490 3.4380387 3.6608210 3.0427490 3.4380387 3.6608210 2.7872430 2.8064305 2.8363394 2.8363394 3.0414975 3.2177922 3.1129552 3.2294392 3.2022087 3.1291717 2.9999053 2.6098946 2.5596630 2.6692932 2.4064152 2.4071464 2.6052234 2.9034748 2.8964941 2.5845340 2.8311198 3.6296803 2.5963820 2.7783727 2.4351705 2.4691227 3.4369777 2.6694697 2.5178053 2.7813389 2.7953799 2.7362829 2.8448689 2.5899990 2.4909198 2.8740465 5.0386117 4.7360183 4.0535516 4.0535516 4.7678849 5.1271941 7.3449285 
Ctel_gnl_WGS_AMQN_CAPTEDRAFT_mRNA5305               2.7555826 2.3895616 2.8537879 2.8149151 2.6224133 2.4655620 2.6828260 2.7073964 2.6838995 2.1504250 2.7364084 1.5588730 1.5560292 1.5738571 1.4744393 0.9759511 0.0000000 0.7371240 2.2760615 2.0274874 2.1043334 2.1389148 1.9639723 2.2762647 1.9344752 2.0420227 2.3342658 2.1996164 2.7510665 2.2472332 2.1279830 2.5842373 2.1120889 2.3178635 1.9312932 2.2294660 1.9433152 1.6235867 1.9695145 1.9026816 2.2711510 2.1271832 2.0651743 1.9103695 2.5978033 2.5796132 1.9675590 3.2586913 2.6297285 3.2101857 2.6602228 2.9902683 2.4985422 1.8050189 2.1248372 2.0908497 2.3303795 2.3222125 2.1233534 2.1182067 2.1053097 2.2796845 2.1860912 2.1796704 1.9817130 2.0201275 1.8418473 4.2014250 5.4781554 6.3057482 3.9721674 3.3748182 3.7942495 3.3711862 3.7890410 3.9652072 3.3711862 3.7890410 3.9652072 3.0319434 2.9429120 3.0740203 3.0740203 3.1240835 3.4404117 3.4098963 3.4278079 3.4102717 2.6969751 2.6853789 2.3736684 2.7428559 2.6911696 2.5523379 2.6018936 2.9461581 2.7910634 2.6619948 2.4389763 2.5752618 2.8363958 2.5089786 2.7411625 2.2027791 2.4337125 2.9922295 2.5946878 2.3628928 2.8308311 3.0344283 2.5794892 2.5697580 2.2544200 2.2189340 2.7374990 4.7411985 4.6179982 3.5650516 3.5650516 4.5890228 3.9773209 7.3644651 
Ctel_gnl_WGS_AMQN_CAPTEDRAFT_mRNA197742             4.5960058 5.4424467 3.3157952 3.2831330 4.0596750 3.8846907 4.3658994 4.3217511 4.3539770 3.1686599 4.2798049 3.1754543 2.9599162 2.8346772 2.7048960 2.9538255 0.7371240 0.0000000 3.0285856 3.2044037 3.2324362 3.3161970 3.1096651 3.3047177 3.1406476 3.4177746 3.4717858 3.3431114 4.3077582 3.2159035 2.8856099 3.3819850 3.0963553 3.4223036 2.7979909 3.6442925 3.3057952 2.4769384 2.8806463 2.6962991 3.0204844 3.1135672 3.1049678 3.2314476 4.5109312 4.0205993 3.9207531 5.2340349 4.1437638 5.3898551 4.9997595 5.1500065 4.6760635 2.9686359 3.3230219 3.2386064 3.3842329 3.3584518 3.2266319 3.1639295 3.3417828 2.9554391 3.6355935 3.6028780 2.9823319 3.2842399 3.2639461 5.0283918 6.1767981 8.9999988 5.4532708 5.0778334 4.9964733 5.0778334 4.9964733 5.4532708 5.0778334 4.9964733 5.4532708 4.5633923 4.8788279 4.3564767 4.3564767 4.4996584 4.0801088 5.2804279 5.3057843 5.3841919 3.7280108 6.6062005 3.7890060 4.9523935 4.8409777 3.8375898 3.9219186 2.7620707 3.8542244 3.8709996 6.3374687 4.1205433 6.8742816 3.9104709 3.9958810 3.6146258 3.9459659 3.4379873 4.2921887 4.3059850 3.7102059 4.1467139 3.7588624 3.8319769 3.6959195 3.3822962 3.6810577 6.3794323 6.0649616 5.6635579 5.6635579 6.6841709 2.3441823 8.1351246 
Morvir_scaffold20.g1.t1                             2.8266087 2.3478356 2.8958886 2.8832602 2.7165100 2.3120086 2.7554325 2.6445186 2.5683848 2.2656485 2.5002727 2.2365424 2.2979094 1.9421071 2.2416985 2.5058680 2.2760615 3.0285856 0.0000000 1.9147477 1.8523271 1.7178555 1.1532563 2.1155132 1.8140645 1.8328181 2.0340635 2.0553647 1.9155143 1.7142506 1.6033845 1.8781960 1.3205388 1.3723327 1.2953698 2.1467320 1.7473942 2.1456494 2.2550451 2.2981296 2.1338426 2.0803594 2.0295262 2.1553088 2.4248997 2.3294018 2.2113197 3.4820353 2.6398364 2.4952469 2.5957853 3.0323743 2.4509323 2.3612283 1.9167749 1.9443564 2.0880635 2.0946355 1.9418074 1.8849308 1.8760882 1.9216680 2.0085813 2.1396990 2.1750022 2.4429433 2.2387269 3.7603090 4.6411659 3.9142344 3.3458955 2.9740351 3.1823577 3.0544224 3.2840385 3.4737729 3.0544224 3.2840385 3.4737729 3.1380641 2.8613070 2.7238617 2.7238617 2.9125049 3.2633683 3.0015369 3.2141308 3.1164396 2.8073327 3.2236061 2.4253080 2.6442518 2.7744334 2.3790575 2.6398511 2.6845706 2.8810532 2.8417498 2.8500211 2.9758571 3.3738773 2.9539456 3.3767966 2.1665266 2.3643099 3.3238692 2.7387178 2.5558330 2.8441937 2.9722369 2.7515342 2.8060947 2.8577556 2.5048753 3.4357374 4.7277937 4.8295287 3.8434874 3.8434874 4.7315203 2.7532421 5.9433752 
Spis_XP_022787374_1                                 2.2156888 2.1976112 2.1526581 2.2130870 2.3820515 2.4424214 2.2739189 2.4430007 2.3754822 1.5925617 2.2135508 2.0884418 2.0127896 1.8434305 1.9594177 2.0372248 2.0274874 3.2044037 1.9147477 0.0000000 0.1056300 0.4782262 0.3057863 0.3663761 0.2724736 0.4261903 1.0200869 1.1834189 2.0460294 1.8979191 1.7362058 1.9466261 1.8713596 1.9645109 1.7925890 1.9069928 1.6518833 1.8185108 1.9695061 1.9350970 1.7336285 1.9540533 1.9216170 1.9093135 2.5137952 2.7080490 3.0601856 3.4787711 2.7110532 2.6557427 2.2804765 2.6379374 2.4065882 1.9800392 1.9195062 1.9412207 2.0516190 2.0495779 2.0781205 1.8458581 1.6583765 1.8602070 1.9345960 2.0859753 1.9990793 2.2664656 2.1483483 3.9553097 4.7665269 4.9171000 3.7620563 3.0695349 3.3850226 3.3441288 3.7233232 4.1822544 3.3441288 3.7233232 4.1822544 3.0519168 2.9338084 2.7359340 2.7359340 2.8878305 3.6993884 3.1481502 3.2390208 3.1468319 3.1953626 2.6369933 2.3003981 2.1937346 2.4416727 2.0318139 2.2522638 2.5582493 3.0115389 3.1000268 3.0447248 3.2547744 3.6962909 2.8138634 3.0759994 2.1702746 2.0885664 3.3358889 2.6531789 2.4921805 2.6675364 2.5796028 2.8023942 2.4658800 2.7653784 2.5986482 3.2257417 4.7215073 5.3301872 4.1881536 4.1881536 5.0555060 6.0889475 5.5162723 
Pocdam_XM_027203249.1                               2.2256297 2.1912636 2.1965349 2.3047539 2.4738418 2.3549838 2.3278562 2.4422243 2.4033708 1.5783325 2.2143833 1.9992484 1.9237598 1.8078985 1.9912648 2.0691990 2.1043334 3.2324362 1.8523271 0.1056300 0.0000000 0.4995362 0.3311362 0.3718222 0.2705992 0.4526138 1.0143210 1.1741482 2.1255762 1.8882056 1.6971681 1.8963137 1.8386342 1.9098014 1.8138261 1.9220078 1.6583548 1.7832115 1.9650204 1.9667562 1.7377030 1.9214195 1.8920719 1.8775170 2.5398044 2.6850881 3.1154296 3.5740488 2.6890117 2.6202235 2.3274231 2.6178693 2.3208058 2.0566074 1.9189109 1.9390560 2.0514535 2.0526779 2.0850239 1.8481517 1.6599926 1.9182730 1.9369985 2.0800434 1.8728674 2.2027509 2.1037926 3.9531188 4.6472455 4.6597349 3.5810905 2.9474242 3.2114571 3.1944504 3.5121784 3.9510473 3.1944504 3.5121784 3.9510473 2.9380119 2.8700757 2.6992848 2.6992848 2.7996197 3.5278230 3.0396242 3.1428522 3.0863690 2.9396174 2.6918534 2.2782070 2.1657603 2.4176143 2.0305478 2.2325886 2.5110317 2.9405787 3.0050251 2.9634012 3.1518961 3.6896284 2.7883120 3.0859929 2.1440695 2.0807777 3.2884463 2.6588754 2.4846489 2.6583165 2.5256848 2.7592101 2.4158338 2.7913741 2.5580751 3.2600537 4.8229568 5.4878640 4.1203395 4.1203395 4.8364922 5.4105590 5.5641936 
Amil_Amillepora03267-RA                             2.2731138 2.2607911 2.2849345 2.0519852 2.4845839 2.3811833 2.4950333 2.5049219 2.4548725 1.6627907 2.3085561 2.0707991 2.0816947 1.8414346 2.0352623 2.3046351 2.1389148 3.3161970 1.7178555 0.4782262 0.4995362 0.0000000 0.0649657 0.5341204 0.4172071 0.4027825 1.0998442 1.1032576 2.2226704 1.8737699 1.8142507 2.1029771 1.6333388 1.7675936 1.6850231 1.9285281 1.7023538 1.8010995 2.1124489 2.0428341 1.7339606 1.8881740 1.8739204 1.8342622 2.4719739 2.4748142 2.7728495 3.2736483 2.5098622 2.5327702 2.2275172 2.4902427 2.3265670 1.9987735 1.9160323 1.9704489 2.0412455 2.0387913 2.0321598 1.8198986 1.7052139 2.0253200 2.0182428 2.1697585 2.1194994 2.2208946 2.1911393 3.8048383 4.6112011 4.6925793 3.8274604 3.0659288 3.4738937 3.3126748 3.7811938 4.2152620 3.3126748 3.7811938 4.2152620 3.1277933 3.0123972 2.7347231 2.7347231 2.7442742 3.5786941 2.9971849 3.1155833 3.0614660 2.7841218 2.9896143 2.2498312 2.2713044 2.4582336 1.9779251 2.2219315 2.5050664 2.6829770 2.7714238 2.8845153 3.0385541 3.9041470 2.7535659 2.9170746 2.1962782 2.1270188 3.4681300 2.7509027 2.5748218 2.6712916 2.5333563 2.6327701 2.3413500 2.4834579 2.4992651 3.1292651 4.3235953 5.0298400 3.7159921 3.7159921 4.7482778 5.6420473 5.7644999 
Adig_XM_015924786.1                                 2.0454918 2.1592471 8.2719595 0.8917680 2.0042242 2.2098633 1.9478605 2.3440411 1.9659500 1.8456505 2.0115827 1.9698139 1.9376097 1.7490917 2.1018748 2.2191246 1.9639723 3.1096651 1.1532563 0.3057863 0.3311362 0.0649657 0.0000000 0.7443028 0.2764282 0.3328197 1.4494515 1.0766245 1.5699979 1.7960947 1.7025594 2.2818358 1.2143704 1.2336701 1.1159308 1.6944894 1.5137928 1.4990337 1.9048273 2.0000649 1.3225468 1.4033507 1.3190006 1.6711708 2.0860928 2.1714327 3.2441497 0.0000010 2.1764032 2.7231230 1.7552343 3.7047183 2.6833610 2.0813357 1.8185103 1.8328316 1.9595814 1.9572761 1.8144197 1.8879414 1.8879414 1.8950583 1.6755139 1.6850203 1.6979136 2.3679979 2.2000503 3.6592557 7.4780722 0.0000010 5.6065883 2.4140008 2.9851751 2.4140008 2.9851751 5.6065883 2.4140008 2.9851751 5.6065883 2.3363624 2.2151915 2.5128483 2.5128483 2.6595544 2.5608570 2.5514475 2.5590862 2.4929617 4.0421679 1.8487198 2.2716888 2.3374939 2.1780856 2.5844147 2.1493148 3.7706732 2.5172968 2.4149585 2.2976049 2.8674609 2.6346391 2.7143971 2.6713383 1.5294518 1.7224928 8.9999987 2.3058631 2.3058631 1.9695648 1.9017159 2.0949963 2.0046404 2.0408676 2.1028837 3.2044912 3.6381653 3.6644725 3.9853114 3.9853114 5.2497577 0.0000010 6.6513370 
Gasp_gasp1.m3.19541.m1                              2.3322993 2.6547887 2.0852100 2.0628810 2.6339980 2.5815508 2.5334488 2.8142334 2.6242281 1.8188899 2.2324118 2.2095096 2.1986678 1.9153166 2.1293630 2.2470807 2.2762647 3.3047177 2.1155132 0.3663761 0.3718222 0.5341204 0.7443028 0.0000000 0.2017688 0.4330931 1.1844226 1.1186119 2.7599556 2.0600924 1.9499890 2.0726997 1.9983217 2.1259990 1.9987612 2.1961224 1.8973214 2.0021597 2.1565011 2.0736400 1.7610604 2.0949628 2.0711356 2.0440934 2.8239754 2.9831317 2.8493070 3.5610274 2.7232568 2.5322032 2.4794336 2.5636523 2.4994789 2.2704785 2.0044764 2.0485104 2.1014243 2.1024250 2.2230755 1.9865770 1.8088978 2.0857881 2.2673247 2.4311821 2.1957228 2.4086587 2.4212468 3.5388467 4.1392874 4.4132784 3.6075011 3.3653022 3.7009721 3.7503969 4.1731101 4.1522625 3.7503969 4.1731101 4.1522625 3.4073735 2.9494624 3.0020305 3.0020305 2.8616256 3.9552602 3.2447804 3.3369463 3.3267352 2.7163420 3.7119347 2.3328339 2.4739043 2.5876358 1.8970556 2.1980278 2.5912975 3.0807070 3.1612438 3.6852597 3.1203885 3.4109671 2.9264865 3.1720544 2.5174993 2.2407087 2.8975968 2.7052962 2.4952589 2.8538443 2.6872138 2.9237637 2.5609115 2.7522346 2.7415706 3.4673231 4.7814602 5.5438889 3.9332909 3.9332909 5.0810923 6.0409072 5.6683516 
Fspp_ffun1.m4.3944.m1                               2.1692797 2.1016846 2.2686903 1.9619011 2.2764810 2.2799225 2.2763052 2.3533238 2.2862613 1.5669482 2.0491679 1.9811023 1.8346252 1.6842370 1.8830494 1.9918899 1.9344752 3.1406476 1.8140645 0.2724736 0.2705992 0.4172071 0.2764282 0.2017688 0.0000000 0.3007663 1.0171029 1.0654753 2.1413383 1.8848535 1.7603580 1.9771374 1.7421410 1.8442585 1.7334799 1.9254195 1.6432952 1.7017590 1.9757169 1.9407286 1.5941701 1.8103251 1.7898881 1.7540893 2.4912307 2.6550759 2.7816260 3.3327838 2.4737556 2.4021534 2.2018355 2.5192781 2.2054930 1.9455814 1.8096523 1.8476565 1.9763615 1.9773187 1.9138990 1.8143069 1.6663191 1.8578370 1.8804938 1.9945965 1.9557385 2.1926230 2.0975242 3.5784949 4.2634647 4.0791829 3.4378785 2.8550359 3.1164362 3.1622719 3.5030614 3.9326152 3.1622719 3.5030614 3.9326152 2.9716019 2.6573948 2.5529846 2.5529846 2.6306225 3.4974867 2.9284957 3.0178758 2.9326426 2.5626313 2.7253021 2.1817676 2.2114293 2.3438197 1.8527451 2.0704740 2.5106921 2.8245472 2.8587527 2.8270818 2.8604237 3.8163016 2.7257171 2.8942141 2.0821583 2.0754585 2.9503025 2.5994102 2.3983710 2.5572606 2.4600374 2.5675154 2.2734912 2.5852183 2.4689258 3.1543890 4.3736804 4.8990328 3.6856254 3.6856254 4.6276498 5.8085218 5.1144863 
Gfas_gfas1.m1.20795.m1                              2.2422935 2.2256654 2.4225918 1.9277387 2.5142118 2.3189610 2.4530517 2.4425436 2.3462079 1.6814244 2.0743396 2.0262918 1.9767989 1.6984339 1.9738390 2.1405855 2.0420227 3.4177746 1.8328181 0.4261903 0.4526138 0.4027825 0.3328197 0.4330931 0.3007663 0.0000000 1.0326461 1.0780827 2.0924495 1.9256548 1.6814144 2.0025102 1.7477397 1.8547548 1.7863357 1.9241211 1.7034510 1.7542297 2.0099687 1.9502531 1.6536531 1.7859958 1.7837654 1.7432968 2.7045933 2.7395529 3.0371980 3.5828151 2.7251538 2.5414567 2.2368541 2.4733588 2.2544834 1.9877274 1.9143568 1.9522804 1.9739607 1.9718894 1.9776489 1.8533066 1.7041488 1.9982478 1.9794534 2.0922061 1.9537160 2.1806244 2.1761780 3.5725867 4.2527084 4.3997823 3.3595051 2.8610579 3.1513536 3.1058729 3.4496242 3.7263257 3.1058729 3.4496242 3.7263257 3.0521918 2.6813302 2.5778139 2.5778139 2.6870661 3.4589162 2.9450270 3.0036257 2.9316787 2.9021022 2.8025394 2.2224906 2.1799645 2.3750049 1.9130569 2.1311426 2.7430373 2.7762131 2.8565600 2.8844942 3.0742242 3.8176246 2.8324772 3.0368692 2.1618194 2.0609580 3.0376813 2.6951871 2.5026594 2.5778417 2.5494346 2.8293576 2.3474174 2.6314698 2.4427532 3.1049476 4.6534884 5.2211139 3.7885758 3.7885758 5.0803103 5.5755816 5.3193232 
Exapal_XM_021043127.2                               2.5072409 2.3139611 2.4139027 2.2353802 2.4587375 2.3197793 2.4684500 2.4157044 2.4702924 1.9940759 2.1983735 2.2722634 2.2069699 2.0587135 2.1372944 2.5282583 2.3342658 3.4717858 2.0340635 1.0200869 1.0143210 1.0998442 1.4494515 1.1844226 1.0171029 1.0326461 0.0000000 0.8938603 2.8351249 1.9514119 1.9383663 2.3350567 1.9761265 2.1141717 2.0780794 2.1332715 2.1147128 2.0214573 2.3143270 2.3309236 1.9491306 2.2088303 2.1504030 2.0751733 2.6725629 3.0117358 2.6215795 3.8090446 2.7763934 2.5183159 2.4896818 2.6298357 2.2034586 2.0871653 2.1653507 2.2216368 2.2420740 2.2432911 2.3291738 2.2576925 2.0056756 2.4295091 2.1109004 2.1020276 2.2976189 2.5239850 2.4660399 4.0542993 5.3471291 5.6288347 3.5280815 2.8763983 2.9761152 3.1388381 3.2632998 3.8686307 3.1388381 3.2632998 3.8686307 2.6862946 2.7076314 2.6979266 2.6979266 2.7744957 3.2546992 3.0892460 3.0603412 3.0171737 2.8647133 4.1236040 2.3957413 2.2424547 2.3953059 2.1606198 2.4721501 2.4924759 2.9229010 2.8862839 2.6397411 2.9064723 3.7671038 2.7854109 2.6146540 2.3304109 2.2265405 3.4595610 2.7165882 2.5086266 2.8891143 2.8066347 2.5357829 2.4202304 2.7744047 2.3499932 3.0273245 4.6105282 4.9464240 4.0848862 4.0848862 4.9056491 5.6387392 5.6278655 
Nvec_v1g97531                                       2.4946101 2.2705562 2.6949645 2.3076774 2.8637767 2.2787184 2.6271537 2.3092090 2.2094606 1.8440161 2.2907916 2.0596868 2.1669693 1.8062775 2.2235342 2.2438941 2.1996164 3.3431114 2.0553647 1.1834189 1.1741482 1.1032576 1.0766245 1.1186119 1.0654753 1.0780827 0.8938603 0.0000000 2.4559949 1.9813680 1.9417911 2.2025174 2.0652565 2.0636056 2.1737210 2.1322378 1.9506776 1.8930633 2.2164850 2.2307575 2.0697897 2.0137244 1.9467794 2.2536451 2.7025320 2.6774490 2.4972228 3.0925969 2.6473630 2.6397312 2.3740287 2.6559301 2.0957314 2.1550533 1.9798766 2.0701544 2.2113529 2.2254286 2.1712016 2.0883992 1.8905915 2.1705260 2.0948625 2.1227547 2.3028920 2.2401612 2.2673288 3.5823966 4.4542142 4.8452029 3.3825773 2.9127872 3.1002157 3.3036268 3.5908813 4.0142093 3.3036268 3.5908813 4.0142093 2.8650076 2.6325508 2.5871584 2.5871584 2.5927649 3.1474434 2.8882018 2.9007724 2.8515567 2.6837837 3.4792389 2.0665537 2.3984772 2.5263234 2.0519979 2.1161837 2.3471886 2.7303270 2.9501413 2.6395695 2.8964639 3.0622777 2.5649646 2.7973652 2.1347289 2.0650678 3.1144402 2.5892628 2.4257604 2.6881131 2.5767986 2.7109579 2.3762977 2.5363492 2.4085558 2.8877205 4.7315073 4.7275630 3.6078662 3.6078662 4.8125307 5.0914403 6.3064693 
Hvul_g14853_1                                       3.3120258 2.6004304 3.6167358 5.1687517 3.1649736 2.6472114 2.7584335 3.2714477 2.9153060 2.1075714 2.7683506 2.2884367 2.1735016 2.0962992 2.7215710 2.4772494 2.7510665 4.3077582 1.9155143 2.0460294 2.1255762 2.2226704 1.5699979 2.7599556 2.1413383 2.0924495 2.8351249 2.4559949 0.0000000 0.5237708 0.2938294 0.6458311 1.6483676 1.8313012 1.6040062 2.1561516 1.8011367 2.6877191 2.6356911 2.7963301 2.4589372 2.5261392 2.4950994 2.6270497 2.5076579 2.5120475 4.8198547 9.0000000 6.8272928 4.3870960 2.7991909 5.8049119 3.3933891 2.9053021 2.5698813 2.6719887 2.6216563 2.6185921 2.7001955 2.5574008 2.5634308 2.8448177 2.3978608 2.4073203 2.5572638 2.8890972 2.6820663 5.4108505 9.0000000 9.0000000 4.2291240 3.0387762 3.1790052 3.0387762 3.1790052 4.2291240 3.0387762 3.1790052 4.2291240 2.8636639 2.6872813 3.3963434 3.3963434 3.4952453 2.7744114 3.2018693 3.2184049 3.2329533 5.4380152 2.2916166 2.9293735 3.2535291 2.9346695 3.5327388 3.1171103 7.2683183 3.6264803 3.6826398 2.7127929 3.9368082 4.4429726 3.8175425 3.5888270 2.4430226 2.7486126 8.9999989 3.4109406 3.4109406 3.1145628 2.9664409 3.2016623 2.8968767 2.9352762 3.2339495 4.2776065 5.4396363 5.3407088 3.8228407 3.8228407 5.3738156 0.0000010 7.0006866 
Hvul_g32191_1                                       2.4248816 2.5136784 2.2758691 2.0947433 2.4376037 2.1332316 2.4326229 2.5462198 2.4592827 2.0510638 2.4546350 1.9232726 1.9568766 1.8755960 2.2679707 2.0507814 2.2472332 3.2159035 1.7142506 1.8979191 1.8882056 1.8737699 1.7960947 2.0600924 1.8848535 1.9256548 1.9514119 1.9813680 0.5237708 0.0000000 0.4814281 0.5158713 1.3742449 1.4298556 1.3484535 1.7453188 1.3711642 1.9640256 2.1341525 2.1612698 2.0758847 2.0201266 2.0262035 2.1061138 2.0482207 2.1601882 2.5343524 1.9453709 2.1427102 2.3256678 2.2955628 2.5825710 2.0775924 2.3924215 1.7790110 1.8356095 1.9340170 1.9258653 1.8521357 1.7633852 1.7676576 1.6944784 2.0341859 2.0319049 1.9788329 2.0613246 2.1900413 2.7806540 3.5933915 3.7624607 2.7710512 2.6812530 2.6967854 2.7036032 2.7249613 2.8077076 2.7036032 2.7249613 2.8077076 2.8411602 2.4688438 2.6325317 2.6325317 2.7479798 2.6988204 2.6984198 2.7873492 2.7460829 2.4864419 2.7392319 2.4973510 2.7208588 2.5379926 2.5228347 2.3863892 3.0427662 2.9497377 2.9631307 2.7183881 3.3787809 3.9971935 2.9042383 3.0631802 2.3256365 2.6353020 3.1961727 3.0060961 2.7541224 2.7479976 2.8683433 2.5497893 2.5100073 2.2339468 2.5892497 3.2193052 4.6377865 4.8001553 4.1267303 4.1267303 4.1342280 2.2566300 6.5680231 
Hvul_g14854_1                                       2.4254298 2.6263407 2.1031885 2.0991293 2.3734536 2.1521879 2.3482246 2.4294799 2.4031590 1.9235356 2.3016074 1.9497449 1.8135139 1.7591079 1.9846940 1.9339646 2.1279830 2.8856099 1.6033845 1.7362058 1.6971681 1.8142507 1.7025594 1.9499890 1.7603580 1.6814144 1.9383663 1.9417911 0.2938294 0.4814281 0.0000000 0.5132799 1.3520560 1.5146822 1.2981488 1.6517381 1.3417718 1.9476950 2.0709660 2.0498920 1.9763138 1.9542853 1.9452500 2.0935170 2.1572700 2.1750002 2.2796278 2.5268130 2.1327176 2.3516470 2.4541158 2.8414937 2.4265765 2.3729178 1.9126142 1.9428225 1.9935784 1.9868254 1.9895444 1.8390117 1.8731073 1.9046424 2.1092559 2.1079400 2.0248312 2.1228380 2.1262066 2.8238644 3.8909983 3.6060966 3.0199509 2.9359162 2.9138398 2.9605326 2.9430289 3.0579949 2.9605326 2.9430289 3.0579949 2.9042647 2.5901141 2.6913276 2.6913276 2.8607188 2.5758999 2.7213548 2.7806162 2.7471102 2.2136672 3.0537719 2.2546797 2.5862846 2.5375691 2.4769835 2.4257093 2.8793371 3.0880453 3.0252733 2.8006147 3.1009219 3.9127675 2.7511018 2.8512831 2.3494362 2.2280469 3.0583800 2.9313492 2.6905048 2.6267173 2.5429898 2.4875525 2.6468327 2.2780966 2.4353201 3.1229092 4.5067812 4.5608048 3.5719097 3.5719097 4.2170744 1.9819192 5.8753754 
