112
Lcom_lcpid223008                                  0.0000000 1.7549696 1.9924902 1.7549696 1.7966540 1.7549696 1.9924902 1.7549696 1.7966540 1.9924902 2.9969243 1.7549696 1.9924902 1.7549696 1.7966540 2.3054512 2.3054512 2.3054512 2.3054512 2.0092573 2.0092573 2.3054512 2.3054512 2.3054512 2.3054512 1.9439724 1.7119910 2.2118030 2.2118030 2.4194463 1.6704900 1.6544126 1.6181094 2.1912222 4.5859529 1.7114077 1.6941664 2.2783543 2.3086801 1.5813661 2.3127083 1.8600535 7.1540248 2.2976266 2.0517692 2.9655437 2.1594986 2.9375879 2.6540006 3.9028286 2.7951443 2.6636456 2.2778685 2.2192902 2.0201030 2.3566227 2.1207853 1.8047703 2.0470035 2.0470035 2.3556277 2.6084525 2.8239976 2.0220700 1.0120994 3.3367925 2.0759991 3.5243123 2.8116423 2.3288523 2.1266187 2.2729463 2.4252073 2.2608139 2.2608139 2.2237236 1.9875862 2.0141548 2.1687165 2.1088052 2.5282217 2.5282217 2.8126714 2.0579509 2.0579509 2.5098806 2.6730589 2.3929645 2.1112555 2.6795960 3.6433179 2.7724168 2.7422777 2.7422777 3.3291618 3.1943597 4.5705466 7.3947506 3.0049418 4.7085144 4.1243651 5.0056537 2.1373057 2.2276764 2.8650512 1.6322879 1.5123181 5.9116070 6.3548544 2.8541660 2.7531443 3.8479382 
Bolinf_Binf_sb1273841                             1.7549696 0.0000000 0.0000010 0.0000010 0.0000010 0.1290783 0.1290783 0.1290783 0.1290783 0.1163221 0.0000010 0.1292918 0.1292918 0.1292918 0.1292918 0.0723589 0.0723589 0.0723589 0.0723589 0.1740564 0.1740564 0.2385416 0.2385416 0.2288184 0.2288184 0.1610720 0.2195380 0.2447902 0.2447902 0.2623554 0.2589409 0.4157135 0.4157135 0.4803817 0.4247274 0.4677490 0.5081727 0.3338237 0.3453398 0.5123658 0.6210845 0.5109380 0.6185113 1.7057226 1.5770577 1.8355014 1.5163074 1.7684022 1.5656262 2.5261599 2.6177837 1.9986582 1.7870404 1.7066673 1.7057004 1.7663002 2.0398395 1.7251244 1.7830991 2.1977054 1.6958479 1.7629521 1.6349768 1.8757606 1.0915575 1.7195337 1.6670973 1.9566305 1.8873830 1.7108868 2.0342860 1.7836011 1.9891302 1.7433559 1.7433559 1.7532609 1.8182876 1.8367701 1.6367375 1.6747302 2.0167532 2.0167532 2.1751785 1.6478560 1.6478560 1.8700112 2.3517823 2.4814811 2.4497327 2.3134366 2.1821486 2.4611660 2.1879091 2.1879091 2.3619268 2.2649386 2.3883207 6.8968958 0.0000010 2.8551939 2.2717920 1.5920907 1.9804994 1.6311281 2.0161394 1.9058754 2.4103427 8.9999987 8.9999989 2.9385216 1.8498135 4.9800003 
Bolinf_Binf_sb1273844                             1.9924902 0.0000010 0.0000000 0.0000010 0.0109837 0.1290783 0.0713447 0.1290783 0.1245461 0.0672075 0.0000010 0.1292918 0.0727217 0.1292918 0.1248798 0.2741612 0.2741612 0.2741612 0.2741612 0.4454353 0.4454353 0.4350630 0.4350630 0.4222878 0.4222878 0.2987863 0.4032214 0.4621818 0.4621818 0.5843480 0.3080933 0.6213043 0.4762099 0.6861695 0.4247274 0.5007548 0.5081727 0.6411727 0.6384390 0.6864640 0.9404173 0.5109380 0.6185113 2.1054688 1.7136266 2.2559373 2.1826542 2.2104893 2.2349738 2.5830651 2.7770379 2.3112906 2.1281274 2.0147620 2.0163036 1.8878343 2.2837870 2.1622414 2.2110800 2.5025333 2.0717323 1.9427780 2.0236741 2.0883089 1.0915575 3.0000127 1.9256418 3.4531134 1.9961634 1.8645734 2.2403110 1.9621245 2.1632205 1.9207801 1.9252323 2.0260170 1.9918587 1.8367701 1.7344932 1.9945593 2.2465259 2.2692268 2.4138831 2.2415492 2.2415492 2.4507912 2.6202660 2.4814811 2.9264550 2.1949557 2.1821486 2.5407686 2.1879091 2.1879091 2.4431742 2.5010519 2.4375900 3.4664600 2.9408334 3.4885681 2.2717920 1.5920907 2.1813153 1.8401197 2.1672019 2.0074375 2.5632792 8.9999987 8.9999989 3.5149541 2.7081074 4.5945172 
Bolinf_Binf_sb1273855                             1.7549696 0.0000010 0.0000010 0.0000000 0.0000010 0.1290783 0.1290783 0.1290783 0.1290783 0.1163221 0.0000010 0.1292918 0.1292918 0.1292918 0.1292918 0.0723589 0.0723589 0.0723589 0.0723589 0.1740564 0.1740564 0.2385416 0.2385416 0.2288184 0.2288184 0.1610720 0.2195380 0.2447902 0.2447902 0.2623554 0.2589409 0.4157135 0.4157135 0.4803817 0.4247274 0.4677490 0.5081727 0.3338237 0.3453398 0.5123658 0.6210845 0.5109380 0.6185113 1.7057226 1.5770577 1.8355014 1.5163074 1.7684022 1.5656262 2.5261599 2.6177837 1.9986582 1.7870404 1.7066673 1.7057004 1.7663002 2.0398395 1.7251244 1.7830991 2.1977054 1.6958479 1.7629521 1.6349768 1.8757606 1.0915575 1.7195337 1.6670973 1.9566305 1.8873830 1.7108868 2.0342860 1.7836011 1.9891302 1.7433559 1.7433559 1.7532609 1.8182876 1.8367701 1.6367375 1.6747302 2.0167532 2.0167532 2.1751785 1.6478560 1.6478560 1.8700112 2.3517823 2.4814811 2.4497327 2.3134366 2.1821486 2.4611660 2.1879091 2.1879091 2.3619268 2.2649386 2.3883207 6.8968958 0.0000010 2.8551939 2.2717920 1.5920907 1.9804994 1.6311281 2.0161394 1.9058754 2.4103427 8.9999987 8.9999989 2.9385216 1.8498135 4.9800003 
Bolinf_Binf_sb1273858                             1.7966540 0.0000010 0.0109837 0.0000010 0.0000000 0.1290783 0.1245461 0.1290783 0.1058089 0.1138398 0.1147201 0.1292918 0.1248798 0.1292918 0.1067246 0.1698499 0.1698499 0.1698499 0.1698499 0.3403078 0.3403078 0.3559522 0.3559522 0.3421920 0.3421920 0.2076320 0.2905176 0.3597113 0.3597113 0.4898689 0.3080933 0.5687449 0.4780343 0.5618803 0.4247274 0.4677490 0.5081727 0.5275455 0.5294062 0.5741520 0.8062875 0.5109380 0.6185113 1.7918782 1.5770577 2.0614048 1.7232871 1.8004465 1.9644920 2.5155912 2.9152703 2.1654399 2.0066062 1.9362956 1.9181767 1.8958644 2.2998427 2.2296498 2.0533183 2.4267965 1.9036277 2.0101928 1.8175196 1.9940473 1.0915575 1.9182045 1.8635740 2.4630572 2.0442219 1.9990684 2.2239691 2.0210249 2.3332602 1.9758213 1.9814686 2.1025570 2.0306051 1.8367701 1.8998925 1.8380098 2.1511212 2.1511212 2.3276404 1.9322913 1.9322913 2.2939803 2.4989801 2.4814811 2.7083891 2.4202863 2.1821486 2.7067752 2.1879091 2.1879091 2.5198713 2.4284725 2.3883207 5.7174207 4.5955877 3.0117539 2.2717920 1.5920907 2.1059137 1.7753520 2.1496267 1.9249255 2.4467403 8.9999982 8.9999989 3.1033998 2.0434492 5.1356941 
Bolinf_Binf_sb1273842                             1.7549696 0.1290783 0.1290783 0.1290783 0.1290783 0.0000000 0.0000010 0.0000010 0.0000010 0.0278974 9.0000000 0.0090544 0.0090544 0.0090544 0.0090544 0.2385416 0.2713980 0.2385416 0.2713980 0.3279539 0.3279539 0.0769250 0.0769250 0.0903362 0.0903362 0.0926196 0.1097388 0.2781590 0.2781590 0.3485113 0.3459753 0.3742566 0.3742566 0.5034021 0.5095254 0.4913992 0.4849422 0.4048658 0.4813977 0.5869734 0.6188583 0.5009446 0.5956661 2.0455215 1.8923083 2.1651382 1.7433676 2.0226689 1.7165512 2.7318120 2.4626527 2.1007449 2.1250534 1.7585588 1.7574715 1.8113272 1.8248134 1.7205402 1.7904172 2.2159929 1.7403980 1.7826989 1.8208720 1.8889641 1.1126465 1.6438040 1.5753230 1.9070676 1.9687256 1.7436333 1.9947089 1.8214605 1.9561787 1.8025608 1.8025608 1.8265162 1.8575280 1.8581085 1.6000075 1.7588051 2.0659892 2.0659892 2.2276784 1.7816524 1.7816524 1.7780742 2.3443933 2.5336595 2.4014045 2.3605606 2.2866946 2.5939137 2.0181946 2.0181946 2.2033060 2.1613851 2.2782343 7.8724560 0.0000010 2.4872487 2.2806142 1.4167455 2.0119486 1.7563679 2.1899687 2.0598293 2.6688310 8.9999989 8.9999989 2.4183171 1.8305349 4.6098406 
Bolinf_Binf_sb1273845                             1.9924902 0.1290783 0.0713447 0.1290783 0.1245461 0.0000010 0.0000000 0.0000010 0.0115449 0.0162784 0.0282241 0.0090544 0.0053305 0.0090544 0.0199224 0.4350630 0.4587839 0.4350630 0.4587839 0.5594358 0.5594358 0.2870632 0.2870632 0.3043838 0.3043838 0.2467581 0.3212091 0.4975521 0.4975521 0.6837800 0.4044237 0.5954776 0.4376702 0.7185181 0.5095254 0.5266482 0.4849422 0.7033951 0.7734285 0.7717671 0.9567647 0.5009446 0.5956661 2.3992130 2.0500702 2.5414458 2.4240796 2.5065472 2.4415204 2.7843068 2.6678189 2.4046084 2.4006204 2.0652490 2.0664650 1.9366108 2.1242240 2.1621575 2.2384904 2.5313949 2.1306640 1.9661587 2.1879708 2.1089500 1.1126465 2.9956652 1.8713989 3.4955844 2.0545521 1.8949456 2.2230522 1.9999352 2.1409583 1.9740304 1.9787770 2.0979070 2.0302185 1.8581085 1.7202840 2.0737401 2.2911275 2.3152844 2.4717261 2.3919337 2.3919337 2.3948600 2.6284176 2.5336595 2.8952069 2.2186529 2.2866946 2.6410812 2.0181946 2.0181946 2.3350996 2.4302545 2.3357806 3.4580007 2.8377706 3.1971981 2.2806142 1.4167455 2.2192891 1.9627243 2.3250610 2.1650719 2.8057621 8.9999983 8.9999989 3.1045607 2.6841372 4.3184607 
Bolinf_Binf_sb1273856                             1.7549696 0.1290783 0.1290783 0.1290783 0.1290783 0.0000010 0.0000010 0.0000000 0.0000010 0.0278974 9.0000000 0.0090544 0.0090544 0.0090544 0.0090544 0.2385416 0.2713980 0.2385416 0.2713980 0.3279539 0.3279539 0.0769250 0.0769250 0.0903362 0.0903362 0.0926196 0.1097388 0.2781590 0.2781590 0.3485113 0.3459753 0.3742566 0.3742566 0.5034021 0.5095254 0.4913992 0.4849422 0.4048658 0.4813977 0.5869734 0.6188583 0.5009446 0.5956661 2.0455215 1.8923083 2.1651382 1.7433676 2.0226689 1.7165512 2.7318120 2.4626527 2.1007449 2.1250534 1.7585588 1.7574715 1.8113272 1.8248134 1.7205402 1.7904172 2.2159929 1.7403980 1.7826989 1.8208720 1.8889641 1.1126465 1.6438040 1.5753230 1.9070676 1.9687256 1.7436333 1.9947089 1.8214605 1.9561787 1.8025608 1.8025608 1.8265162 1.8575280 1.8581085 1.6000075 1.7588051 2.0659892 2.0659892 2.2276784 1.7816524 1.7816524 1.7780742 2.3443933 2.5336595 2.4014045 2.3605606 2.2866946 2.5939137 2.0181946 2.0181946 2.2033060 2.1613851 2.2782343 7.8724560 0.0000010 2.4872487 2.2806142 1.4167455 2.0119486 1.7563679 2.1899687 2.0598293 2.6688310 8.9999989 8.9999989 2.4183171 1.8305349 4.6098406 
Bolinf_Binf_sb1273859                             1.7966540 0.1290783 0.1245461 0.1290783 0.1058089 0.0000010 0.0115449 0.0000010 0.0000000 0.0366292 0.2965948 0.0090544 0.0199224 0.0090544 0.0076043 0.3559522 0.3873537 0.3559522 0.3873537 0.4998392 0.4998392 0.1801429 0.1801429 0.1976818 0.1976818 0.1442151 0.1878462 0.3985447 0.3985447 0.6100011 0.4044237 0.5337948 0.4393776 0.5894724 0.5095254 0.4913992 0.4849422 0.6032327 0.6871984 0.6537668 0.8170558 0.5009446 0.5956661 2.1077199 1.8923083 2.3913493 1.9574933 2.0563511 2.1553583 2.7174044 2.7683224 2.2596588 2.3431201 1.9979920 1.9784713 1.9496527 2.0935169 2.2300276 2.0781544 2.4594609 1.9623953 2.0456105 2.0041411 2.0141815 1.1126465 1.8583747 1.7897294 2.4450832 2.1279310 2.0494056 2.2003905 2.0746787 2.3015512 2.0491187 2.0552439 2.2025763 2.0830624 1.8581085 1.8922528 1.9259805 2.2032801 2.2032801 2.3889274 2.0865460 2.0865460 2.2204852 2.5007788 2.5336595 2.6664215 2.4713443 2.2866946 2.8555997 2.0181946 2.0181946 2.3815293 2.3422666 2.2782343 6.0535603 3.6799615 2.6767459 2.2806142 1.4167455 2.1450107 1.9110419 2.3308285 2.0808275 2.7056237 8.9999988 8.9999989 2.6197992 2.0226866 4.7641852 
Mertsp_Mesp_sb585183                              1.9924902 0.1163221 0.0672075 0.1163221 0.1138398 0.0278974 0.0162784 0.0278974 0.0366292 0.0000000 0.0132628 0.0176765 0.0105140 0.0176765 0.0272905 0.4011414 0.4056111 0.4011414 0.4056111 0.5594358 0.5594358 0.3213636 0.3213636 0.3012048 0.3012048 0.2045589 0.3212091 0.4315192 0.4315192 0.6148639 0.3505659 0.5437053 0.3903423 0.6795766 0.4612259 0.5017843 0.5076796 0.7033951 0.7027836 0.7967344 1.0282492 0.6113250 0.7922774 2.2015997 1.8416991 2.3191158 2.2378337 2.3027152 2.3737504 2.7843068 2.6678189 2.4046084 2.1808905 2.0937882 2.0947362 1.9823679 2.1242240 2.1621575 2.2415062 2.5154566 2.1077780 1.9338930 2.0101527 2.0583559 1.2920766 2.8957463 1.8639056 3.3486845 1.9928451 1.8768512 2.2157013 2.0295108 2.1409583 2.0049351 2.0093951 2.1231425 2.0581918 1.9122860 1.8159827 2.0422099 2.2765217 2.2990566 2.3877664 2.2807229 2.2807229 2.5107343 2.5981028 2.5042599 2.8952069 2.1682680 2.1224072 2.4610830 2.0224901 2.0224901 2.3181242 2.3925587 2.2691044 3.4739842 2.8377706 3.2370815 2.1738194 1.4956899 2.1687852 1.8765616 2.2001041 2.1315794 2.6753341 8.9999985 8.9938637 3.3973335 2.6841372 4.3184607 
Mertsp_Mesp_sb585184                              2.9969243 0.0000010 0.0000010 0.0000010 0.1147201 9.0000000 0.0282241 9.0000000 0.2965948 0.0132628 0.0000000 0.0000010 0.0000010 0.0000010 0.1147201 0.9232604 0.9223282 0.9232604 0.9223282 0.9232604 0.9232604 0.9982001 0.9982001 0.9365347 0.9365347 0.7190788 0.7128367 1.0454544 1.0454544 1.5054860 4.3988987 1.1889268 2.1515266 2.3653423 2.2820617 3.2463687 2.7075258 1.5263160 1.5378101 7.5965041 1.9378636 0.0000010 0.0000010 3.4903394 9.0000000 3.5439518 5.6162031 8.9999989 7.8483442 4.5734420 3.1174000 4.9296380 3.2212601 2.8051051 2.8689656 3.0580623 3.0020717 2.8662614 3.4122414 3.3789093 3.2165417 2.3496270 3.1919876 2.8278363 4.0057676 8.9999988 2.8050989 8.9999980 2.2863903 2.2559997 2.8548453 2.4839606 2.4002568 2.4287507 2.4458280 2.8545300 2.4649320 9.0000000 1.9318230 3.0161065 2.8384404 2.9303792 3.3929087 4.6074785 4.6074785 5.0643150 3.9897808 7.3090650 4.1473800 1.9613718 4.9438443 2.6039223 4.9438443 4.9438443 2.6788980 3.6232119 4.7382246 2.6238251 2.9374675 5.5150228 1.7269231 5.0575873 3.0274923 3.1527847 3.1527847 4.8464164 3.6797855 8.2938623 0.0000010 7.3874783 9.0000000 3.1149541 
Bolinf_Binf_sb1273843                             1.7549696 0.1292918 0.1292918 0.1292918 0.1292918 0.0090544 0.0090544 0.0090544 0.0090544 0.0176765 0.0000010 0.0000000 0.0000010 0.0000010 0.0000010 0.2341684 0.2401569 0.2341684 0.2401569 0.3279539 0.3279539 0.0904505 0.0904505 0.0772298 0.0772298 0.0745389 0.1097388 0.2619797 0.2619797 0.3100418 0.3070153 0.3538889 0.3538889 0.4766308 0.4425000 0.4632019 0.5053767 0.4048658 0.4565345 0.5829786 0.5912327 0.4770886 0.5461527 1.8638352 1.7211273 1.9550457 1.5667068 1.9213483 1.7856880 2.7318120 2.5055344 2.1007449 1.9970346 1.7642078 1.7631168 1.8169926 1.8248134 1.7205402 1.7971082 2.2210431 1.6878785 1.7396828 1.7504209 1.8775926 1.0623628 1.6268646 1.5592743 1.9045506 1.9893517 1.7745782 2.0062718 1.7591494 1.9561787 1.7413825 1.7413825 1.7667236 1.7938915 1.7928686 1.8213222 1.7566573 1.9769297 1.9769297 2.2238060 1.7270686 1.7270686 1.7715478 2.4034359 2.5529660 2.4014045 2.2593351 2.0650966 2.4345910 1.9594753 1.9594753 2.1427491 2.1021996 2.1635744 7.6275558 0.0000010 2.5854846 2.1080468 1.4064227 1.9985333 1.7401114 2.1682025 2.0969707 2.5856409 8.9999988 8.9999986 2.7383280 1.8305349 4.7358531 
Bolinf_Binf_sb1273846                             1.9924902 0.1292918 0.0727217 0.1292918 0.1248798 0.0090544 0.0053305 0.0090544 0.0199224 0.0105140 0.0000010 0.0000010 0.0000000 0.0000010 0.0115336 0.4258864 0.4303487 0.4258864 0.4303487 0.5594358 0.5594358 0.3047730 0.3047730 0.2881175 0.2881175 0.2295894 0.3212091 0.4820949 0.4820949 0.6434046 0.3620213 0.5746766 0.4156320 0.6903062 0.4425000 0.4976613 0.5053767 0.7033951 0.7493517 0.7667565 0.9260873 0.4770886 0.5461527 2.2503798 1.8703872 2.3685672 2.2528097 2.3973958 2.4914373 2.7843068 2.6993800 2.4046084 2.3016411 2.0685908 2.0697783 1.9414285 2.1242240 2.1621575 2.2420005 2.5338290 2.0842291 1.9325683 2.1301809 2.0999002 1.0623628 2.9613697 1.8576023 3.4672059 2.0678601 1.9169095 2.2285553 1.9520383 2.1409583 1.9270763 1.9317246 2.0488758 1.9812154 1.7928686 1.8389953 2.0700510 2.2266392 2.2499379 2.4637619 2.3365527 2.3365527 2.3849741 2.6794857 2.5529660 2.8952069 2.1538690 2.0650966 2.5255182 1.9594753 1.9594753 2.2911271 2.3799417 2.2222432 3.4698787 2.9408334 3.2764943 2.1080468 1.4064227 2.2067155 1.9473322 2.3058027 2.2005696 2.7323302 8.9999988 8.9999986 3.3795453 2.6841372 4.4129530 
Bolinf_Binf_sb1273857                             1.7549696 0.1292918 0.1292918 0.1292918 0.1292918 0.0090544 0.0090544 0.0090544 0.0090544 0.0176765 0.0000010 0.0000010 0.0000010 0.0000000 0.0000010 0.2341684 0.2401569 0.2341684 0.2401569 0.3279539 0.3279539 0.0904505 0.0904505 0.0772298 0.0772298 0.0745389 0.1097388 0.2619797 0.2619797 0.3100418 0.3070153 0.3538889 0.3538889 0.4766308 0.4425000 0.4632019 0.5053767 0.4048658 0.4565345 0.5829786 0.5912327 0.4770886 0.5461527 1.8638352 1.7211273 1.9550457 1.5667068 1.9213483 1.7856880 2.7318120 2.5055344 2.1007449 1.9970346 1.7642078 1.7631168 1.8169926 1.8248134 1.7205402 1.7971082 2.2210431 1.6878785 1.7396828 1.7504209 1.8775926 1.0623628 1.6268646 1.5592743 1.9045506 1.9893517 1.7745782 2.0062718 1.7591494 1.9561787 1.7413825 1.7413825 1.7667236 1.7938915 1.7928686 1.8213222 1.7566573 1.9769297 1.9769297 2.2238060 1.7270686 1.7270686 1.7715478 2.4034359 2.5529660 2.4014045 2.2593351 2.0650966 2.4345910 1.9594753 1.9594753 2.1427491 2.1021996 2.1635744 7.6275558 0.0000010 2.5854846 2.1080468 1.4064227 1.9985333 1.7401114 2.1682025 2.0969707 2.5856409 8.9999988 8.9999986 2.7383280 1.8305349 4.7358531 
Bolinf_Binf_sb1273860                             1.7966540 0.1292918 0.1248798 0.1292918 0.1067246 0.0090544 0.0199224 0.0090544 0.0076043 0.0272905 0.1147201 0.0000010 0.0115336 0.0000010 0.0000000 0.3470816 0.3528849 0.3470816 0.3528849 0.4998392 0.4998392 0.1979683 0.1979683 0.1809223 0.1809223 0.1258757 0.1878462 0.3807573 0.3807573 0.5597134 0.3620213 0.5090427 0.4171874 0.5614701 0.4425000 0.4632019 0.5053767 0.6032327 0.6584981 0.6493395 0.7835901 0.4770886 0.5461527 1.9412027 1.7211273 2.1866094 1.7809321 1.9550402 2.2139520 2.7174044 2.8115428 2.2596588 2.2183245 2.0025946 1.9831083 1.9548683 2.0935169 2.2300276 2.0833629 2.4630076 1.9089168 2.0000247 1.9359731 2.0032065 1.0623628 1.8403843 1.7727825 2.4341922 2.1460934 2.0799671 2.2078794 2.0112166 2.3015512 1.9870106 1.9929782 2.1367734 2.0189504 1.7928686 2.0852172 1.9226365 2.1212622 2.1212622 2.3815043 2.0272726 2.0272726 2.2101980 2.5562276 2.5529660 2.6664215 2.3780134 2.0650966 2.6972193 1.9594753 1.9594753 2.3235012 2.2852226 2.1635744 5.9740088 4.5955877 2.7666486 2.1080468 1.4064227 2.1309908 1.8937384 2.3084908 2.1179444 2.6235890 8.9999982 8.9999986 2.9247525 2.0226866 4.8910265 
Bolinf_Binf_sb1273847                             2.3054512 0.0723589 0.2741612 0.0723589 0.1698499 0.2385416 0.4350630 0.2385416 0.3559522 0.4011414 0.9232604 0.2341684 0.4258864 0.2341684 0.3470816 0.0000000 0.0000010 0.0000010 0.0000010 0.0174316 0.0174316 0.0729165 0.0729165 0.0713413 0.0713413 0.4120445 0.5908676 0.4624208 0.4624208 0.5302781 0.3024142 0.6755771 0.5214887 0.6983473 0.4247274 0.5313512 0.5541659 0.5674831 0.5619473 0.6406573 0.8672901 0.4998474 0.6185113 2.1935360 1.6391334 2.0338226 2.1978764 2.0763633 2.1885876 2.6683411 2.7082024 2.3219872 1.9663259 1.9810585 1.9262815 1.8671184 2.2226672 2.0293681 1.9792387 2.2341941 1.9399045 1.8655837 1.9230524 2.0368512 1.0915575 3.0214605 1.9555187 3.3280902 1.9526438 1.8639530 2.0406455 1.8884636 2.0425029 1.8236447 1.8240711 1.9259097 1.9172369 1.7780507 1.9482530 1.9674974 2.1702529 2.1925289 2.3859499 2.0678815 2.0678815 2.2635362 2.6335752 2.4814811 2.9958924 2.4176194 2.1821486 2.4081086 2.2129670 2.2129670 2.5006373 2.5831134 2.4487388 3.6730038 2.7844341 3.5620870 2.2473119 1.5920907 2.2454903 1.6764971 1.9409752 2.0048215 2.5637874 8.8544191 8.9999989 3.5068709 2.6949646 4.8013873 
Mertsp_Mesp_sb591173                              2.3054512 0.0723589 0.2741612 0.0723589 0.1698499 0.2713980 0.4587839 0.2713980 0.3873537 0.4056111 0.9223282 0.2401569 0.4303487 0.2401569 0.3528849 0.0000010 0.0000000 0.0000010 0.0000010 0.0174316 0.0174316 0.0892821 0.0892821 0.0742874 0.0742874 0.4163957 0.5908676 0.4586077 0.4586077 0.5138314 0.2901621 0.6649566 0.5136351 0.7007216 0.4499302 0.5399854 0.5463659 0.5674831 0.5644045 0.6406573 0.8876611 0.5261717 0.6665520 2.1908396 1.6526492 2.0400339 2.2157002 2.0832632 2.1816808 2.6683411 2.6761327 2.3219872 2.0043945 2.0010416 1.9466393 1.8953609 2.2226672 2.0293681 2.0020205 2.2519543 1.9774377 1.8870965 1.9407172 2.0846976 1.2757320 3.0483658 1.9885370 3.3517058 1.9585883 1.9153617 2.0950917 1.9433883 2.0425029 1.8779572 1.8783821 1.9807659 1.9725723 1.8568110 2.0018389 2.0283492 2.1799361 2.2018573 2.4398065 2.1296830 2.1296830 2.3245193 2.6939867 2.5582199 2.9958924 2.4035314 2.1583301 2.3877082 2.1999684 2.1999684 2.4846098 2.5637040 2.4150908 3.6730038 2.6859116 3.5165981 2.2052075 1.5866924 2.2419993 1.7250975 1.9861541 2.0264189 2.6480756 8.4091217 8.9999989 3.4485068 2.6949646 4.6898842 
Bolinf_Binf_sb1273848                             2.3054512 0.0723589 0.2741612 0.0723589 0.1698499 0.2385416 0.4350630 0.2385416 0.3559522 0.4011414 0.9232604 0.2341684 0.4258864 0.2341684 0.3470816 0.0000010 0.0000010 0.0000000 0.0000010 0.0174316 0.0174316 0.0729165 0.0729165 0.0713413 0.0713413 0.4120445 0.5908676 0.4624208 0.4624208 0.5302781 0.3024142 0.6755771 0.5214887 0.6983473 0.4247274 0.5313512 0.5541659 0.5674831 0.5619473 0.6406573 0.8672901 0.4998474 0.6185113 2.1935360 1.6391334 2.0338226 2.1978764 2.0763633 2.1885876 2.6683411 2.7082024 2.3219872 1.9663259 1.9810585 1.9262815 1.8671184 2.2226672 2.0293681 1.9792387 2.2341941 1.9399045 1.8655837 1.9230524 2.0368512 1.0915575 3.0214605 1.9555187 3.3280902 1.9526438 1.8639530 2.0406455 1.8884636 2.0425029 1.8236447 1.8240711 1.9259097 1.9172369 1.7780507 1.9482530 1.9674974 2.1702529 2.1925289 2.3859499 2.0678815 2.0678815 2.2635362 2.6335752 2.4814811 2.9958924 2.4176194 2.1821486 2.4081086 2.2129670 2.2129670 2.5006373 2.5831134 2.4487388 3.6730038 2.7844341 3.5620870 2.2473119 1.5920907 2.2454903 1.6764971 1.9409752 2.0048215 2.5637874 8.8544191 8.9999989 3.5068709 2.6949646 4.8013873 
Mertsp_Mesp_sb591174                              2.3054512 0.0723589 0.2741612 0.0723589 0.1698499 0.2713980 0.4587839 0.2713980 0.3873537 0.4056111 0.9223282 0.2401569 0.4303487 0.2401569 0.3528849 0.0000010 0.0000010 0.0000010 0.0000000 0.0174316 0.0174316 0.0892821 0.0892821 0.0742874 0.0742874 0.4163957 0.5908676 0.4586077 0.4586077 0.5138314 0.2901621 0.6649566 0.5136351 0.7007216 0.4499302 0.5399854 0.5463659 0.5674831 0.5644045 0.6406573 0.8876611 0.5261717 0.6665520 2.1908396 1.6526492 2.0400339 2.2157002 2.0832632 2.1816808 2.6683411 2.6761327 2.3219872 2.0043945 2.0010416 1.9466393 1.8953609 2.2226672 2.0293681 2.0020205 2.2519543 1.9774377 1.8870965 1.9407172 2.0846976 1.2757320 3.0483658 1.9885370 3.3517058 1.9585883 1.9153617 2.0950917 1.9433883 2.0425029 1.8779572 1.8783821 1.9807659 1.9725723 1.8568110 2.0018389 2.0283492 2.1799361 2.2018573 2.4398065 2.1296830 2.1296830 2.3245193 2.6939867 2.5582199 2.9958924 2.4035314 2.1583301 2.3877082 2.1999684 2.1999684 2.4846098 2.5637040 2.4150908 3.6730038 2.6859116 3.5165981 2.2052075 1.5866924 2.2419993 1.7250975 1.9861541 2.0264189 2.6480756 8.4091217 8.9999989 3.4485068 2.6949646 4.6898842 
Mertsp_Mesp_sb591176                              2.0092573 0.1740564 0.4454353 0.1740564 0.3403078 0.3279539 0.5594358 0.3279539 0.4998392 0.5594358 0.9232604 0.3279539 0.5594358 0.3279539 0.4998392 0.0174316 0.0174316 0.0174316 0.0174316 0.0000000 0.0000010 0.0706995 0.0706995 0.0706995 0.0706995 0.5796031 0.5890844 0.6389280 0.6389280 0.7164585 0.4136561 0.8987368 0.7415725 0.9335104 2.5153334 0.6978440 0.7417094 0.7240548 0.7537257 0.7487922 1.0115292 0.4793382 0.8276341 2.9758485 2.2157091 2.7002602 3.2123407 3.0731433 2.9390212 2.8763451 2.6963618 2.3219872 2.6460272 2.3119301 2.2201130 2.2183795 2.2671148 2.0015811 2.4184709 2.8114276 2.4321571 2.3374360 2.5081969 2.3935937 0.0000010 4.5059220 2.4069270 5.3787083 2.3832671 2.0687828 2.3694262 2.2211834 2.2102623 2.1463104 2.1469868 2.3010038 2.2475658 2.2314131 2.1962976 2.3922577 2.5348701 2.5716680 2.9385699 2.8969697 2.8969697 2.7747579 3.5203481 3.5964479 3.0878239 2.6827157 9.0000000 2.7006478 3.0070221 3.0070221 3.0988063 3.3090856 7.8106931 3.5641891 2.7844341 4.6491632 3.2027182 2.4632547 2.6919433 2.1703118 2.6496428 2.7359621 2.6099222 8.4039313 8.9999982 2.9645854 3.8716972 4.7247818 
Mertsp_Mesp_sb591175                              2.0092573 0.1740564 0.4454353 0.1740564 0.3403078 0.3279539 0.5594358 0.3279539 0.4998392 0.5594358 0.9232604 0.3279539 0.5594358 0.3279539 0.4998392 0.0174316 0.0174316 0.0174316 0.0174316 0.0000010 0.0000000 0.0706995 0.0706995 0.0706995 0.0706995 0.5796031 0.5890844 0.6389280 0.6389280 0.7164585 0.4136561 0.8987368 0.7415725 0.9335104 2.5153334 0.6978440 0.7417094 0.7240548 0.7537257 0.7487922 1.0115292 0.4793382 0.8276341 2.9758485 2.2157091 2.7002602 3.2123407 3.0731433 2.9390212 2.8763451 2.6963618 2.3219872 2.6460272 2.3119301 2.2201130 2.2183795 2.2671148 2.0015811 2.4184709 2.8114276 2.4321571 2.3374360 2.5081969 2.3935937 0.0000010 4.5059220 2.4069270 5.3787083 2.3832671 2.0687828 2.3694262 2.2211834 2.2102623 2.1463104 2.1469868 2.3010038 2.2475658 2.2314131 2.1962976 2.3922577 2.5348701 2.5716680 2.9385699 2.8969697 2.8969697 2.7747579 3.5203481 3.5964479 3.0878239 2.6827157 9.0000000 2.7006478 3.0070221 3.0070221 3.0988063 3.3090856 7.8106931 3.5641891 2.7844341 4.6491632 3.2027182 2.4632547 2.6919433 2.1703118 2.6496428 2.7359621 2.6099222 8.4039313 8.9999982 2.9645854 3.8716972 4.7247818 
Bolinf_Binf_sb1273849                             2.3054512 0.2385416 0.4350630 0.2385416 0.3559522 0.0769250 0.2870632 0.0769250 0.1801429 0.3213636 0.9982001 0.0904505 0.3047730 0.0904505 0.1979683 0.0729165 0.0892821 0.0729165 0.0892821 0.0706995 0.0706995 0.0000000 0.0000010 0.0054365 0.0054365 0.3555013 0.4885796 0.4991572 0.4991572 0.6238391 0.3968062 0.6501909 0.4836596 0.7318715 0.5095254 0.5595478 0.5339349 0.6272555 0.6871478 0.7190120 0.8791662 0.4892782 0.5956661 2.5139803 1.9598597 2.2814783 2.4464297 2.3516106 2.3896089 2.8782225 2.6002316 2.4140331 2.2092552 2.0299481 1.9713754 1.9141819 2.0660105 2.0284982 1.9935304 2.2479338 1.9881091 1.8845378 2.0759329 2.0545604 1.1126465 3.0181717 1.9015480 3.3623547 2.0081989 1.8945918 2.0152951 1.9214470 2.0211107 1.8700189 1.8704729 1.9899927 1.9507544 1.7944074 1.9458824 2.0456888 2.2103752 2.2340101 2.4418674 2.1983774 2.1983774 2.2047837 2.6424702 2.5336595 2.9640200 2.4581842 2.2866946 2.4952794 2.0430277 2.0430277 2.3900249 2.5139465 2.3482892 3.6762183 2.6859116 3.2604736 2.2539289 1.4167455 2.2886208 1.7795903 2.0700851 2.1629440 2.8092624 8.5776091 8.9999989 3.0930599 2.6711530 4.5040796 
Bolinf_Binf_sb1273851                             2.3054512 0.2385416 0.4350630 0.2385416 0.3559522 0.0769250 0.2870632 0.0769250 0.1801429 0.3213636 0.9982001 0.0904505 0.3047730 0.0904505 0.1979683 0.0729165 0.0892821 0.0729165 0.0892821 0.0706995 0.0706995 0.0000010 0.0000000 0.0054365 0.0054365 0.3555013 0.4885796 0.4991572 0.4991572 0.6238391 0.3968062 0.6501909 0.4836596 0.7318715 0.5095254 0.5595478 0.5339349 0.6272555 0.6871478 0.7190120 0.8791662 0.4892782 0.5956661 2.5139803 1.9598597 2.2814783 2.4464297 2.3516106 2.3896089 2.8782225 2.6002316 2.4140331 2.2092552 2.0299481 1.9713754 1.9141819 2.0660105 2.0284982 1.9935304 2.2479338 1.9881091 1.8845378 2.0759329 2.0545604 1.1126465 3.0181717 1.9015480 3.3623547 2.0081989 1.8945918 2.0152951 1.9214470 2.0211107 1.8700189 1.8704729 1.9899927 1.9507544 1.7944074 1.9458824 2.0456888 2.2103752 2.2340101 2.4418674 2.1983774 2.1983774 2.2047837 2.6424702 2.5336595 2.9640200 2.4581842 2.2866946 2.4952794 2.0430277 2.0430277 2.3900249 2.5139465 2.3482892 3.6762183 2.6859116 3.2604736 2.2539289 1.4167455 2.2886208 1.7795903 2.0700851 2.1629440 2.8092624 8.5776091 8.9999989 3.0930599 2.6711530 4.5040796 
Bolinf_Binf_sb1273850                             2.3054512 0.2288184 0.4222878 0.2288184 0.3421920 0.0903362 0.3043838 0.0903362 0.1976818 0.3012048 0.9365347 0.0772298 0.2881175 0.0772298 0.1809223 0.0713413 0.0742874 0.0713413 0.0742874 0.0706995 0.0706995 0.0054365 0.0054365 0.0000000 0.0000010 0.3300995 0.4885796 0.4785613 0.4785613 0.5802675 0.3482450 0.6222203 0.4531189 0.6964250 0.4245801 0.5218712 0.5456224 0.6272555 0.6557771 0.7145301 0.8334825 0.4461044 0.5078071 2.3440479 1.7755915 2.1207727 2.2620135 2.2377613 2.4325908 2.8782225 2.6280148 2.4140331 2.1074328 2.0384435 1.9795906 1.9252583 2.0660105 2.0284982 2.0031570 2.2575615 1.9500363 1.8573456 2.0086351 2.0458614 1.0583377 2.9852148 1.8869393 3.3402268 2.0262833 1.9165066 2.0222458 1.8751024 2.0211107 1.8252910 1.8257362 1.9434900 1.9034765 1.7309814 2.0822943 2.0418987 2.1536306 2.1765739 2.4199962 2.1499628 2.1499628 2.1696962 2.6954593 2.5547702 2.9640200 2.3904641 2.0830919 2.3942321 1.9909039 1.9909039 2.3501187 2.4685361 2.2496672 3.6852443 2.7726201 3.3353852 2.0944097 1.4120105 2.2720458 1.7628604 2.0507917 2.1507912 2.6969338 8.7824457 8.9999986 3.3596165 2.6711530 4.5806099 
Bolinf_Binf_sb1273852                             2.3054512 0.2288184 0.4222878 0.2288184 0.3421920 0.0903362 0.3043838 0.0903362 0.1976818 0.3012048 0.9365347 0.0772298 0.2881175 0.0772298 0.1809223 0.0713413 0.0742874 0.0713413 0.0742874 0.0706995 0.0706995 0.0054365 0.0054365 0.0000010 0.0000000 0.3300995 0.4885796 0.4785613 0.4785613 0.5802675 0.3482450 0.6222203 0.4531189 0.6964250 0.4245801 0.5218712 0.5456224 0.6272555 0.6557771 0.7145301 0.8334825 0.4461044 0.5078071 2.3440479 1.7755915 2.1207727 2.2620135 2.2377613 2.4325908 2.8782225 2.6280148 2.4140331 2.1074328 2.0384435 1.9795906 1.9252583 2.0660105 2.0284982 2.0031570 2.2575615 1.9500363 1.8573456 2.0086351 2.0458614 1.0583377 2.9852148 1.8869393 3.3402268 2.0262833 1.9165066 2.0222458 1.8751024 2.0211107 1.8252910 1.8257362 1.9434900 1.9034765 1.7309814 2.0822943 2.0418987 2.1536306 2.1765739 2.4199962 2.1499628 2.1499628 2.1696962 2.6954593 2.5547702 2.9640200 2.3904641 2.0830919 2.3942321 1.9909039 1.9909039 2.3501187 2.4685361 2.2496672 3.6852443 2.7726201 3.3353852 2.0944097 1.4120105 2.2720458 1.7628604 2.0507917 2.1507912 2.6969338 8.7824457 8.9999986 3.3596165 2.6711530 4.5806099 
Mlei_ML0057.g3.i1                                 1.9439724 0.1610720 0.2987863 0.1610720 0.2076320 0.0926196 0.2467581 0.0926196 0.1442151 0.2045589 0.7190788 0.0745389 0.2295894 0.0745389 0.1258757 0.4120445 0.4163957 0.4120445 0.4163957 0.5796031 0.5796031 0.3555013 0.3555013 0.3300995 0.3300995 0.0000000 0.0106945 0.4326934 0.4326934 0.6403396 0.3760878 0.5485428 0.4025621 0.6484414 0.4704380 0.4999631 0.5132739 0.6634262 0.6620811 0.7730860 0.9257295 0.6060176 0.8061887 2.1563507 1.8424966 2.2540287 2.0817172 2.2343537 2.3540211 2.7286201 2.4988568 2.3833026 2.0730984 1.9605110 1.9047593 2.0392398 2.0861403 1.9768374 2.0550045 2.3288937 1.9796587 1.8451466 1.8906481 2.0297709 1.2831294 2.9064879 1.7708394 3.2823676 1.8688592 1.8851914 2.0628814 2.0420888 2.1626760 2.0275035 2.0282247 2.1271406 2.0196781 1.8892103 1.8162478 2.0526817 2.1741833 2.1960328 2.3296316 2.1309565 2.1309565 2.3100375 2.5723537 2.5377705 2.7656599 2.1296642 2.1193268 2.3032250 2.0256036 2.0256036 2.2677034 2.2752296 2.2444513 3.2786156 2.6817516 3.1437660 2.2075294 1.5136658 2.1980255 1.8793207 2.1696376 2.1346982 2.7880189 8.8043833 8.9742616 3.3806394 2.5405726 4.5959747 
Vmul_sbMO423908                                   1.7119910 0.2195380 0.4032214 0.2195380 0.2905176 0.1097388 0.3212091 0.1097388 0.1878462 0.3212091 0.7128367 0.1097388 0.3212091 0.1097388 0.1878462 0.5908676 0.5908676 0.5908676 0.5908676 0.5890844 0.5890844 0.4885796 0.4885796 0.4885796 0.4885796 0.0106945 0.0000000 0.6005018 0.6005018 0.8259963 0.4302733 0.7963672 0.6284236 0.8314146 4.2351376 0.5970491 0.6288979 0.8494603 0.8846955 0.9154542 1.0232405 0.5151268 1.1421623 2.7388894 2.4113030 3.0597756 2.8865750 3.4185101 3.2528997 2.7259438 2.3520053 2.3833026 2.6440151 2.1072187 2.0203601 2.2813487 2.0569735 1.9676940 2.3149684 2.7533740 2.2963831 2.1563007 2.3099212 2.3208031 2.6113111 4.1714811 2.0152907 5.0402238 2.1044123 2.0775098 2.1837224 2.3305253 2.2927159 2.3129379 2.3141705 2.4595723 2.2695826 2.2024395 1.8786746 2.3323775 2.3899190 2.4255469 2.7384170 2.8446278 2.8446278 2.6789407 2.9942852 3.1594401 2.6016649 2.2070515 9.0000000 2.5725797 2.4784821 2.4784821 2.6490789 2.6940883 5.8601039 3.1756911 2.7805836 3.9776486 2.8723490 2.2070893 2.3530225 2.4666404 3.0542546 2.5324197 2.6106578 7.5942545 7.3189226 2.8611952 3.3466076 4.8457470 
Beraby_Baby_sb332156                              2.2118030 0.2447902 0.4621818 0.2447902 0.3597113 0.2781590 0.4975521 0.2781590 0.3985447 0.4315192 1.0454544 0.2619797 0.4820949 0.2619797 0.3807573 0.4624208 0.4586077 0.4624208 0.4586077 0.6389280 0.6389280 0.4991572 0.4991572 0.4785613 0.4785613 0.4326934 0.6005018 0.0000000 0.0000010 0.6988848 0.3875709 0.5500167 0.4503667 0.6990469 0.4157526 0.5086152 0.5163356 0.6856981 0.6817380 0.8012706 0.9853529 0.5607925 0.7670165 2.4172874 1.8863412 2.4639691 2.2805797 2.2967575 2.5099213 2.5353254 2.7383201 2.4158348 2.2045019 2.0737786 2.0200087 2.1169396 2.1810986 2.0686007 2.3160938 2.5507745 2.0274979 1.9200942 1.9834160 2.1331115 1.3740384 3.0757455 2.0233470 3.6776117 1.9967900 2.0232671 2.2430083 2.1400608 2.2514124 2.1003174 2.1007622 2.2032414 2.1057631 2.0557348 1.8724910 2.0667668 2.1072154 2.1276927 2.3943112 2.2570357 2.2570357 2.4618097 2.7896812 2.6206964 3.1111964 2.4160552 2.0628074 2.4207900 2.2147678 2.2147678 2.4433155 2.4296790 2.5045833 3.3817209 2.2976945 3.4212439 2.2969123 1.6569530 2.3211523 1.8609843 2.1827122 2.2142197 2.8137209 8.7834756 8.2664586 3.5046973 2.8182825 5.0763587 
Beraby_Baby_sb332157                              2.2118030 0.2447902 0.4621818 0.2447902 0.3597113 0.2781590 0.4975521 0.2781590 0.3985447 0.4315192 1.0454544 0.2619797 0.4820949 0.2619797 0.3807573 0.4624208 0.4586077 0.4624208 0.4586077 0.6389280 0.6389280 0.4991572 0.4991572 0.4785613 0.4785613 0.4326934 0.6005018 0.0000010 0.0000000 0.6988848 0.3875709 0.5500167 0.4503667 0.6990469 0.4157526 0.5086152 0.5163356 0.6856981 0.6817380 0.8012706 0.9853529 0.5607925 0.7670165 2.4172874 1.8863412 2.4639691 2.2805797 2.2967575 2.5099213 2.5353254 2.7383201 2.4158348 2.2045019 2.0737786 2.0200087 2.1169396 2.1810986 2.0686007 2.3160938 2.5507745 2.0274979 1.9200942 1.9834160 2.1331115 1.3740384 3.0757455 2.0233470 3.6776117 1.9967900 2.0232671 2.2430083 2.1400608 2.2514124 2.1003174 2.1007622 2.2032414 2.1057631 2.0557348 1.8724910 2.0667668 2.1072154 2.1276927 2.3943112 2.2570357 2.2570357 2.4618097 2.7896812 2.6206964 3.1111964 2.4160552 2.0628074 2.4207900 2.2147678 2.2147678 2.4433155 2.4296790 2.5045833 3.3817209 2.2976945 3.4212439 2.2969123 1.6569530 2.3211523 1.8609843 2.1827122 2.2142197 2.8137209 8.7834756 8.2664586 3.5046973 2.8182825 5.0763587 
Lampan_Lpan_4641_01                               2.4194463 0.2623554 0.5843480 0.2623554 0.4898689 0.3485113 0.6837800 0.3485113 0.6100011 0.6148639 1.5054860 0.3100418 0.6434046 0.3100418 0.5597134 0.5302781 0.5138314 0.5302781 0.5138314 0.7164585 0.7164585 0.6238391 0.6238391 0.5802675 0.5802675 0.6403396 0.8259963 0.6988848 0.6988848 0.0000000 0.0218371 0.8214560 0.7182144 0.7619881 0.5812837 0.5598503 0.5049391 0.6235161 0.5792233 0.6318762 0.9071829 0.5977951 0.8036710 2.1100031 1.9395139 2.0682865 2.1723241 2.1873479 2.5390703 3.2265233 2.6825073 2.6655669 2.1437965 1.8967926 1.9629260 2.0113175 2.5942232 2.3387526 2.3125625 2.5878834 1.9370163 1.8484416 2.0255636 2.0634092 1.3865214 3.5082033 2.0900352 3.3406834 1.9235931 1.8963946 2.2735575 2.1195773 2.2241309 2.0427075 2.0431508 2.0632442 2.0795840 1.9927502 1.8823095 1.9926578 2.1128415 2.1343420 2.4316773 2.2184109 2.2184109 2.4341313 2.5515511 2.4576698 3.1504198 2.5358153 2.2938974 2.2647781 2.3216658 2.3216658 2.5076099 2.6177919 2.5158422 3.3874260 2.3029327 3.4818176 2.5671448 1.6790934 1.9525440 2.0909358 2.1724813 1.9248761 2.2966919 8.0693045 8.8261245 4.0448352 2.8819891 4.7060655 
Lampan_Lpan_4643_01                               1.6704900 0.2589409 0.3080933 0.2589409 0.3080933 0.3459753 0.4044237 0.3459753 0.4044237 0.3505659 4.3988987 0.3070153 0.3620213 0.3070153 0.3620213 0.3024142 0.2901621 0.3024142 0.2901621 0.4136561 0.4136561 0.3968062 0.3968062 0.3482450 0.3482450 0.3760878 0.4302733 0.3875709 0.3875709 0.0218371 0.0000000 0.5871334 0.5457891 0.5319826 0.5812837 0.5104619 0.5049391 0.3982678 0.3729698 0.5299116 0.5924722 0.5977951 0.8036710 1.8921384 1.8195801 1.8658045 1.7813703 1.9038999 1.9026389 3.1411337 2.6975947 2.2520545 1.9174079 1.8910175 1.8898986 1.8465551 2.4298434 1.8994122 1.9577275 2.3538781 1.7042892 1.7552244 1.7719862 1.8472834 1.3865214 1.9502992 1.8993598 2.0654932 1.9248891 1.9322925 2.2098970 2.1297445 2.3131635 2.1126298 2.1126298 2.1064540 2.1481609 1.9927502 2.1077493 1.7755106 2.0808289 2.0808289 2.3488701 1.9106537 1.9106537 2.3052069 2.4135989 2.4576698 2.6869137 2.6905460 2.2938974 2.6269986 2.3216658 2.3216658 2.4093767 2.3808681 2.4889769 6.4127156 2.4169356 2.6877215 2.5671448 1.6790934 1.9070443 1.8647125 1.9537873 1.9327904 2.3519205 8.3158014 8.8261245 3.2372355 2.0829718 5.2222230 
Drygla_Dgla_sb297972                              1.6544126 0.4157135 0.6213043 0.4157135 0.5687449 0.3742566 0.5954776 0.3742566 0.5337948 0.5437053 1.1889268 0.3538889 0.5746766 0.3538889 0.5090427 0.6755771 0.6649566 0.6755771 0.6649566 0.8987368 0.8987368 0.6501909 0.6501909 0.6222203 0.6222203 0.5485428 0.7963672 0.5500167 0.5500167 0.8214560 0.5871334 0.0000000 0.0073335 0.8893296 0.4748443 0.6611090 0.6886737 0.9006804 0.8973163 0.8837692 1.1327076 0.7580853 0.9443042 2.0738190 1.8553221 2.1874084 1.8780414 2.1044201 2.3453530 2.9960081 2.3789350 2.4796830 2.1267888 1.9480584 1.9706733 1.9412614 2.3383875 2.2188544 2.1106828 2.2995646 1.9166336 1.7697457 1.8703641 2.1003832 1.2542401 3.0875481 1.8840829 3.5728324 2.0214959 1.9336553 2.2200319 2.0474150 2.2041041 2.0067929 2.0075004 2.1548726 2.0254334 1.9435023 1.7046235 1.8986277 2.0088518 2.0290564 2.3710925 1.9250057 1.9250057 2.1474307 2.6573436 2.5431176 2.8838147 2.1098876 1.7546440 2.1045591 1.9549920 1.9549920 2.1190089 2.2582266 2.3258829 2.9797368 1.9467426 3.1208455 2.0385161 1.4692576 2.3008747 1.7228613 1.9978676 2.1872568 2.6604595 8.9999982 8.6899980 3.7485856 2.5830505 4.3518613 
Drygla_Dgla_sb297973                              1.6181094 0.4157135 0.4762099 0.4157135 0.4780343 0.3742566 0.4376702 0.3742566 0.4393776 0.3903423 2.1515266 0.3538889 0.4156320 0.3538889 0.4171874 0.5214887 0.5136351 0.5214887 0.5136351 0.7415725 0.7415725 0.4836596 0.4836596 0.4531189 0.4531189 0.4025621 0.6284236 0.4503667 0.4503667 0.7182144 0.5457891 0.0073335 0.0000000 0.7182329 0.4748443 0.6114338 0.6886737 0.7617804 0.7727188 0.7408401 1.0761998 0.7580853 0.9443042 1.9738862 1.7607411 2.2166959 1.7166352 1.8463562 1.9663099 2.8647087 2.6962321 2.3957825 2.0046008 1.9735779 1.9593633 1.9216016 2.1460315 2.0335988 1.9333815 2.2394635 1.9187699 1.8767360 1.9781834 2.1176906 1.2542401 1.9080254 1.8660880 2.5524259 2.1299795 2.1184561 2.2512366 2.1370219 2.4027855 2.1210892 2.1210892 2.1401976 2.1733050 1.9435023 2.1289767 1.9129415 2.0479251 2.0479251 2.2339599 1.8676264 1.8676264 2.1794197 2.5973080 2.5431176 2.8969917 2.3175025 1.7546440 2.3108140 1.9549920 1.9549920 2.2820056 2.3390108 2.2463364 7.2439613 1.8117657 2.7653647 2.0385161 1.4692576 2.2627510 1.8340829 2.1692482 2.2359625 2.8081514 8.9999981 8.6899980 3.2436742 2.2170553 5.0072470 
Horcal_Hcv1.av93.c5.g80.i1                        2.1912222 0.4803817 0.6861695 0.4803817 0.5618803 0.5034021 0.7185181 0.5034021 0.5894724 0.6795766 2.3653423 0.4766308 0.6903062 0.4766308 0.5614701 0.6983473 0.7007216 0.6983473 0.7007216 0.9335104 0.9335104 0.7318715 0.7318715 0.6964250 0.6964250 0.6484414 0.8314146 0.6990469 0.6990469 0.7619881 0.5319826 0.8893296 0.7182329 0.0000000 0.0000010 0.0357806 0.0473423 0.7359180 0.7254066 0.8260221 1.1415036 0.8469029 1.1480960 2.1936068 1.8624924 2.1556026 2.0269784 2.1863778 1.9959748 3.1565129 3.6594161 2.9091491 2.3767886 2.3311270 2.3389416 2.0342513 2.7023454 2.6307345 2.4274758 2.9071705 2.1623353 1.9538545 2.2588012 2.2506344 1.1424519 2.7200693 2.0979969 2.8181424 2.2914668 2.2418734 2.3589434 2.3336103 2.8756977 2.3438680 2.3438680 2.3860880 2.3074107 1.9090301 2.2829883 2.4275476 2.2961226 2.2831341 2.5391699 2.2932416 2.2932416 2.4338983 2.5033026 2.4125773 3.1769971 2.5760006 1.9382303 2.7188806 2.3467019 2.3467019 2.7659660 2.5083086 2.5573601 5.8398633 4.8888259 3.7022906 2.3223411 1.4508935 1.9935087 2.0975208 2.3423743 2.3041736 3.2699162 8.9999987 8.9999986 3.4533414 2.6347352 5.1638505 
