117
Bralan_BLAG03001354_1                                   0.0000000 1.1765359 1.2417158 2.9406004 2.9995400 3.3249424 1.0011046 1.8303935 2.0494695 2.4300648 2.5133538 3.2349756 3.4634921 3.3783390 3.5510636 2.7189448 2.8268643 1.1676920 1.8282007 1.8189131 1.9030449 1.7962589 1.8603929 1.5369425 1.2405960 0.9681225 1.4038832 2.0186296 1.8625947 2.2592716 2.5384760 2.0366392 2.0725720 2.0081813 2.0478961 1.6226103 1.5990780 1.6373479 1.7273457 1.7208064 1.7944761 2.2199683 1.5491726 1.7007006 1.6801788 2.2616645 2.0577520 2.2284551 2.8493686 1.9363040 1.6720923 1.6468167 1.6104952 2.3641152 1.4082367 2.3999154 3.0387430 2.6670217 1.7783420 2.4835721 2.3181408 3.6007822 2.2128227 3.4111544 2.3118976 3.3014012 3.7723848 4.1024411 2.5547410 5.7809469 1.6351938 3.6779869 2.4017599 2.0524663 2.2664584 2.1665787 3.6364677 3.6364677 1.7239644 3.0590938 2.6464533 2.5107279 2.2458113 1.6351713 2.0197273 2.5510757 2.2141969 2.1324463 2.1833193 2.5429916 2.5127833 2.4397655 1.5641385 3.4429726 2.5898863 3.2880294 6.7830274 7.6796641 5.9361048 5.7079533 5.7521402 5.3755000 6.7365525 4.8675890 3.6908561 2.7839368 2.9501337 2.8423253 3.4165470 3.6887123 2.8456331 2.8933076 1.8583626 3.6405817 2.1288609 3.2149944 3.7455802 
Skow_XM_006812994.1                                     1.1765359 0.0000000 1.1641543 3.6738292 3.8349109 3.6999015 4.1040791 3.2020812 3.5483995 3.1443816 3.4073782 4.2799140 3.7723719 4.4310544 3.1823792 4.4455894 2.9913211 0.7176662 1.9146658 1.8957191 2.0090178 2.0669149 2.2004502 1.6538689 2.9345396 2.7294028 1.5719479 3.5070284 2.2440019 3.2724520 2.5914091 1.9525202 2.0885752 2.0662168 2.0384752 1.5610699 1.6299789 1.7525672 1.6792828 2.5467091 1.8207704 1.6458330 1.4658624 1.5951637 1.6065996 2.6491108 3.6413478 2.5360626 1.9946392 3.8551372 1.4488890 1.3952472 3.3949602 4.1858611 2.9726578 3.3425454 8.9999980 9.0000000 2.5993297 3.4036861 3.6336691 3.1714124 2.2456624 3.0374736 1.9724681 2.8045382 3.3251034 8.3021272 4.4247747 4.9609918 3.8428121 3.0683168 4.7613841 3.6812498 2.5085946 1.9454919 1.9920378 1.9920378 3.5926868 3.3470891 3.3042649 2.8926187 3.0020771 1.5698505 2.4905638 2.6908501 2.1983752 2.1331800 2.2649082 7.8178698 6.4452942 3.2353554 2.5615228 5.6544209 5.4317485 5.6685110 6.0293044 8.2847202 5.8537379 5.3521601 5.8749638 5.3748964 6.0549718 4.2860948 5.1031851 3.9137032 3.3622712 2.8493120 3.4570690 4.2081657 3.2142667 3.4277570 4.3194591 3.5872815 2.1206597 2.6083727 3.4921721 
Hsap_ENST00000356792                                    1.2417158 1.1641543 0.0000000 3.1183713 3.2834321 3.2912936 1.2226817 2.0289656 2.1629030 2.3926842 2.4902974 3.4820311 3.7019670 3.2957567 3.6683484 3.0732680 2.8234549 1.2000186 1.8857536 1.8693389 1.9419016 1.9512272 1.8996421 1.6737517 1.3544351 0.8937619 1.4659298 2.1599633 1.9549614 2.2773973 2.5569732 1.8954113 1.9791388 1.8846017 1.8584916 1.5891488 1.6024911 1.6160658 1.6325181 1.6409252 1.7433037 2.0855736 1.5071146 1.5922482 1.6854024 2.3276492 2.1651149 2.2167393 2.4943530 2.0460016 1.6356162 1.5120717 1.5991959 2.0054686 1.2678541 2.3883062 3.6151828 3.6170922 1.7441503 2.5394824 2.2809738 3.8599587 2.4182255 4.2788094 2.6450287 3.1877451 3.7978091 3.8033179 2.4043242 5.8280722 1.7127783 3.4848301 2.4550901 1.9643778 2.3776891 2.4911503 3.7083433 3.7083433 2.1441586 2.4191999 2.6523919 2.5739529 2.1841028 1.8193702 2.0310526 2.8055677 2.0001043 2.1231066 2.0162104 2.6482190 2.6205554 2.5300505 1.5824710 3.5866079 2.7853206 3.4762330 6.7075280 6.1651995 5.7318388 6.3065923 5.8072170 6.6855322 7.1448602 4.5431994 4.0679067 3.2373903 2.8940381 3.1771994 3.4121767 3.7674332 3.0588520 3.1602301 2.1686396 3.6089480 2.3696441 3.6450170 3.5030659 
Acaspe_EP00035_Acanthoeca_spectabilis_P034397           2.9406004 3.6738292 3.1183713 0.0000000 0.4869228 1.9907938 0.6948482 1.7840548 1.8850858 2.3836007 2.4042866 2.7578998 3.1639719 2.9383495 3.1736411 2.4302381 2.7321466 2.6123924 3.4389973 3.4209587 3.2908696 3.4133511 3.5260877 3.3163060 3.2036838 2.0000890 3.1656939 3.5372394 3.4428904 3.4281178 4.5990678 3.4600221 3.4657401 3.5569830 3.5131899 3.0607548 3.0885662 3.0039191 3.1486616 2.9630378 3.3496320 4.4493393 2.8793237 4.2980455 3.2810991 3.8110647 3.3059091 3.6785107 5.4248795 3.0054643 3.0556572 3.9208002 2.0251330 2.9536493 1.8828213 2.9868355 3.7863493 2.2578638 2.2703891 3.4622450 3.0124441 5.5396660 3.9868173 6.4291787 4.1753979 5.1549779 5.7953386 5.8468170 3.2301873 8.5288520 2.4120921 3.4275917 2.5535482 2.0407294 3.5755495 4.9135808 8.7759384 8.7759384 2.7071276 5.3410076 4.1240432 3.8144380 3.3082209 3.2545940 3.0574768 4.4451600 3.4117172 3.4626812 3.4655896 2.6262055 2.6918629 2.1764109 2.7474849 3.9046115 3.0589507 3.7702392 6.8250983 5.6254980 6.1315018 5.7879098 5.9068680 5.3630747 6.6666741 4.8542536 4.8646107 2.9574663 3.1941718 2.5529235 3.8480215 4.7117917 3.0486877 2.9599014 1.7431292 2.9279633 4.5539528 5.0021563 3.4967319 
Helnan_EP00037_Helgoeca_nana_P028525                    2.9995400 3.8349109 3.2834321 0.4869228 0.0000000 2.0409414 0.7584263 1.8542141 1.9543486 2.4274590 2.3199919 2.7287889 3.2797731 2.9049817 3.2621024 2.5377580 2.7575999 2.6855003 3.3788068 3.3637075 3.2276912 3.4098932 3.5956357 3.3922142 3.4193656 2.0341232 3.1956404 3.7647455 3.5831934 3.4492510 4.6101291 3.2806203 3.4369634 3.4032342 3.3533722 3.1019427 3.1569109 3.0308372 3.1157295 3.0622588 3.3535881 4.0970513 2.8677339 4.3041390 3.3367110 3.7863376 3.1948701 3.8379340 5.1766962 3.0444691 2.9183157 3.8124901 1.9582629 2.8543819 1.8799085 3.1167638 3.9596473 2.7359487 2.2472851 3.4417324 2.8638282 5.4049470 4.8014552 6.3994384 4.3531938 5.3491902 5.7944557 6.0377756 3.1410656 7.6151434 2.7700848 3.3903878 2.8939205 2.2869499 3.5661000 4.8417663 8.1431870 8.1431870 2.6132682 5.0656477 4.2233898 3.8837453 3.2309250 3.2678793 3.2481012 4.0489285 3.5188343 3.4800701 3.5869371 3.0562869 3.0252246 2.2749920 2.8839444 3.9532713 3.1003553 3.8723722 6.4606997 6.3404042 6.2702052 6.3789950 6.3583446 6.5563908 6.6093829 5.3427465 4.6684912 2.5671791 3.1510041 2.7558641 4.2886197 4.7337872 2.8893856 2.8438443 1.8512774 3.0774950 4.1061979 4.5573955 3.6014800 
Stedip_EP00041_Stephanoeca_diplocostata_P031100         3.3249424 3.6999015 3.2912936 1.9907938 2.0409414 0.0000000 0.6704700 1.7866274 1.8288478 2.6479023 2.5802110 3.0287345 3.3506552 3.2700316 3.5279638 2.9074131 2.7469377 2.8528627 3.4541537 3.4343005 3.6205136 3.6080533 3.6735489 3.4074271 2.7904510 1.7211955 3.2046048 3.3337500 3.3557558 3.3481890 4.5145740 3.5405423 3.6564875 3.4465612 3.7120185 3.1907584 3.2738786 3.2277692 3.2016063 2.9798296 3.4464874 4.2460229 3.0678534 4.1447168 3.3315714 3.7323686 3.1884711 3.7490980 5.2056689 2.7770574 3.4644780 4.0988932 2.2426437 3.0443760 2.0591028 3.2840779 3.7954991 4.4210319 2.4552567 3.5830856 2.5996344 5.8744721 4.4839702 5.8199710 4.4601070 5.1760528 6.0789418 6.1525227 3.3355464 7.4795032 2.8346863 3.6465277 3.6671817 2.9057660 3.9331308 4.3820552 6.8628430 6.8628430 2.9128972 5.9559961 4.1435855 3.7061719 3.4734051 3.4518050 3.4528992 4.5576359 3.7448199 3.6981576 3.6000615 2.5755803 2.4816273 2.3969831 2.6779695 4.3945561 3.2682074 4.2461241 7.5896728 7.6732119 7.3738164 7.4162179 7.4762727 7.6042369 7.7917635 5.2666668 4.7526820 2.6266153 3.1204870 2.5415341 4.0633078 4.5465909 3.2304688 3.3059483 1.2399232 3.4867749 4.3512921 7.4748170 4.2808244 
Diagra_EP00040_Diaphanoeca_grandis_P025390              1.0011046 4.1040791 1.2226817 0.6948482 0.7584263 0.6704700 0.0000000 0.8238511 0.8051599 0.9504446 0.9882442 1.2446290 1.2446290 1.0483462 1.2053295 1.0472269 0.9168139 1.0821495 1.1386089 1.1473628 1.3721393 1.0570375 1.1085632 1.2698562 3.5266502 2.3184154 0.9583726 1.6680399 1.1551689 1.1996550 1.9990301 1.2372565 1.2305623 1.0967483 1.1444075 1.1394852 1.1286666 1.1621268 1.1909630 1.1339900 1.4024944 0.0000010 0.8234821 0.0000010 1.0413197 1.0905780 0.9808627 1.1795532 0.0000010 1.0937601 1.1582145 9.0000000 1.2791931 2.4354218 1.3863153 1.5238578 6.6516443 3.6465547 1.4407103 1.5497005 2.7874265 0.0000010 0.0000010 0.0000010 1.7632975 1.8187954 0.0000010 0.0000010 1.2041819 0.0000010 2.1925741 1.1446538 4.2813487 2.0975315 1.4634306 9.0000000 9.0000000 9.0000000 1.2965017 3.7616758 1.8611833 1.2840842 1.3483151 0.9741290 1.0419525 4.3572568 1.0411308 1.0373243 0.9176550 2.5009655 2.1323168 0.7729858 1.2104768 1.5705060 1.5528341 1.5528341 9.0000000 9.0000000 9.0000000 9.0000000 9.0000000 0.0000010 0.0000010 5.7899023 1.6561279 2.4855711 1.0699656 2.7364090 5.2557767 4.9244233 1.0875347 1.1008462 2.0560087 1.1596773 1.9639806 0.0000010 0.8147286 
Saldol_EP00054_Salpingoeca_dolichothecata_P026900       1.8303935 3.2020812 2.0289656 1.7840548 1.8542141 1.7866274 0.8238511 0.0000000 1.4771377 1.4381271 1.9953315 2.3801883 2.4307790 1.8238089 2.3271545 1.8272145 1.6777540 1.6785206 2.0625085 2.0468484 2.1974141 2.0832009 2.3841594 2.1774147 2.5692421 1.5712075 2.0346335 2.4489719 2.2391742 2.2592648 4.3574913 2.2582606 2.3854573 2.2511997 1.9901604 2.0604450 2.0319366 1.9903412 2.0764931 2.0460666 2.2512864 4.3365388 1.7146255 2.9887846 2.0074968 2.3900694 2.3185586 2.4613395 3.0399777 2.3092472 2.3502051 5.3110277 1.7990419 2.5166366 1.7737934 2.4246855 4.1224130 2.9060711 2.2276347 2.7566656 3.0938934 5.9828706 4.2863980 3.6776327 5.4108323 4.4650380 7.6943740 9.0000000 2.5005513 7.4779251 2.2164023 2.5212989 2.2853438 2.1112909 2.5081007 4.8495282 6.2920047 6.2920047 2.5600560 5.0154500 4.8824937 2.4490933 2.3768230 2.0220047 2.2282471 4.1969413 2.4450817 2.3772684 2.3153137 2.9185458 2.9082278 1.4218778 1.9547858 2.8145662 2.7383810 2.7823691 4.6457116 4.4131703 5.8218328 7.2352260 5.4387981 7.0135363 3.9797222 4.3637730 3.0644301 1.7818824 2.1977627 5.2626489 4.9558456 4.8395070 1.9229321 1.9797176 1.4458054 2.4026518 4.5870058 4.4144270 3.6491377 
Salkve_EP00050_Salpingoeca_kvevrii_P019348              2.0494695 3.5483995 2.1629030 1.8850858 1.9543486 1.8288478 0.8051599 1.4771377 0.0000000 1.6327151 1.8885574 2.7109795 2.7145404 1.9801855 2.3933691 2.2761683 1.7860726 1.8880404 2.1508773 2.1521938 2.3666732 2.2437494 2.0985298 2.2374009 2.8912189 1.8252394 2.0230136 2.7697603 2.4415418 2.7110198 3.9316092 2.2615539 2.3362079 1.9832497 2.2386720 2.2813185 2.2721159 2.1994340 2.2618388 2.2610650 2.4836711 4.1344916 1.7556005 3.7952694 2.1054510 2.5344652 2.4370545 2.5875517 8.9999985 2.2027389 2.2853972 8.2170150 2.2239873 2.4433940 1.8936929 2.3244950 4.3129028 4.8796546 2.3319693 2.5540181 2.8177895 4.7750669 2.2545634 3.1153189 9.0000000 5.1840104 4.3560692 3.1887206 2.3349073 4.8864436 2.6766888 2.5416152 2.4826970 2.2325732 2.3478517 1.1533678 0.0000010 0.0000010 2.2193298 2.9558606 3.8760513 2.7318616 2.5435555 2.0980878 2.4062682 2.0697771 2.6764206 2.3670447 2.1176471 3.0734843 2.9134365 1.5391785 2.1027527 3.0177275 2.9697792 3.0177275 6.4754960 0.0000010 7.1049098 8.0049683 7.1049098 8.0049683 6.4754960 4.8912512 3.1032265 2.0741414 2.1075074 3.0497968 5.8624429 4.8040823 2.0064721 2.0324406 1.5424361 2.5052516 2.9645074 6.3659027 3.0468247 
Salpun_EP00053_Salpingoeca_punica_P015092               2.4300648 3.1443816 2.3926842 2.3836007 2.4274590 2.6479023 0.9504446 1.4381271 1.6327151 0.0000000 2.0347089 2.2904306 2.6217752 2.5910427 2.6681481 1.9579936 2.0354161 1.7680463 2.6418529 2.6472156 2.6855473 2.9150947 2.7664414 2.6392173 2.1195754 1.7399608 2.5366135 2.6016368 2.7928151 2.9487051 3.7086077 2.6743353 2.7014804 2.6494115 2.8030903 2.4882249 2.4521402 2.5486211 2.5703136 2.4333851 2.7034455 3.2978189 2.5610225 3.0323606 2.6079782 2.9898796 2.6874062 3.0578168 4.2102131 2.5071192 2.5407375 3.3152792 1.9977784 2.6764335 1.9027627 2.8079353 4.4279361 3.7548324 2.2475992 3.1695341 3.0061899 4.3682293 3.1982671 3.6935300 3.3300357 4.3083034 4.5453756 6.2039188 2.9586541 7.4771480 2.3311850 2.7295370 2.1632781 1.9200154 2.7431200 2.8244317 2.8303602 2.8303602 2.1500043 3.8741637 3.6586656 3.2139488 2.9106510 2.7830465 2.7540526 3.4522179 3.0965947 3.0818773 3.1029885 3.2602001 3.1838083 1.6669065 2.3629993 3.7272028 3.0205900 3.7303669 6.2255094 6.4110017 5.4685206 5.7721619 5.6145047 6.0913756 6.5163045 5.9043532 4.2739285 1.8671971 2.3279997 2.3521078 2.9563709 2.9924723 2.5103107 2.5456382 1.8207881 3.0011516 2.8909982 4.0742988 2.6779255 
Microa_EP00043_Microstomoeca_roanoka_P011825            2.5133538 3.4073782 2.4902974 2.4042866 2.3199919 2.5802110 0.9882442 1.9953315 1.8885574 2.0347089 0.0000000 0.8906231 1.2267740 0.8057646 1.3259545 0.8740531 2.5378355 2.6509498 2.7881170 2.7805109 2.7500880 2.7671749 2.5104255 2.8674968 6.2978932 5.0059591 2.5059836 3.5158553 3.0097963 2.6899606 5.3862260 3.2143331 3.1511066 2.8205648 3.1409107 2.6086579 2.6098974 2.6855194 2.7003133 2.7972666 3.1357037 3.2437739 1.9304000 2.9236240 2.2019444 3.0395638 2.8205880 2.9015339 4.7521298 2.0235907 2.5549936 4.6461427 2.6906283 8.9999983 2.7812737 2.9860486 8.2297016 4.6268900 2.7203433 3.2555847 8.6437386 6.3901329 5.6499376 9.0000000 5.5509337 6.6607597 8.9999982 8.9999986 2.5600049 9.0000000 4.2476697 2.3356737 4.9529665 4.2813514 2.8617852 1.6862019 0.0000010 0.0000010 2.0180797 4.8831261 4.1268427 2.9254285 2.8556401 2.5684413 2.4125204 3.8809208 3.0576461 2.8464122 1.8496926 6.0478407 5.6942216 1.5528589 2.5356766 3.9366190 3.6200162 3.9366190 9.0000000 0.0000010 9.0000000 9.0000000 9.0000000 9.0000000 9.0000000 4.7877857 3.8645262 7.3456744 2.4036248 3.6941348 4.3154894 4.2650483 2.1920224 2.2348487 3.6942184 2.1664415 3.4686742 3.1395191 3.1308255 
Sros_EGD80883                                           3.2349756 4.2799140 3.4820311 2.7578998 2.7287889 3.0287345 1.2446290 2.3801883 2.7109795 2.2904306 0.8906231 0.0000000 0.0559066 0.0648967 0.2336663 0.1754021 3.0940629 2.6097892 3.3132057 3.2883071 3.5382067 3.6579582 3.6074088 3.7105641 5.0667898 4.8562820 3.1551841 4.3575102 3.8135435 3.6484916 5.4684582 3.4381250 3.4050457 3.2725459 3.0326402 3.3503958 3.2928759 3.2353651 3.2473162 3.2950308 3.6564853 4.7103332 2.3861438 3.2149175 3.0391997 3.7057653 3.5458559 3.7584184 8.7035521 3.2421154 3.4845266 8.9999985 2.6803505 5.9917814 2.4881266 3.2716607 4.8433112 5.7372926 2.8818344 3.4806674 4.7809180 8.0822767 9.0000000 0.0000010 8.7170013 2.5362466 8.9999984 0.0000010 3.1381411 7.8194159 3.6317253 2.8504405 7.1069060 5.3033697 3.8557241 4.7253993 0.0000010 0.0000010 2.8415124 2.9358983 4.6933691 4.1105567 3.7792029 3.3229360 3.3368287 2.7156391 3.1281422 3.2978938 2.4657932 3.7411801 3.9088669 1.8273446 3.4504540 4.0988557 4.0490768 4.0988557 7.2610330 0.0000010 6.7583396 8.9999986 6.7583396 8.9999986 7.2610330 6.2561237 3.8563402 5.5915545 3.3654077 4.1910630 6.9941978 4.8972781 2.5293854 2.5168643 4.2784994 2.5601781 5.8528509 9.0000000 2.5985232 
Sros_EGD75923                                           3.4634921 3.7723719 3.7019670 3.1639719 3.2797731 3.3506552 1.2446290 2.4307790 2.7145404 2.6217752 1.2267740 0.0559066 0.0000000 0.1001605 0.1868372 0.1134114 3.2832237 2.7955137 3.5862979 3.5696553 3.8144851 4.0744568 4.2575327 3.7971320 4.9632389 4.5696218 3.4290426 4.0110891 3.7729177 3.6278500 4.5156094 3.9623147 3.8083177 3.8123798 3.4698762 3.6805773 3.6966450 3.4132178 3.5966172 3.6994135 3.8889006 4.4521532 3.1193945 3.9103348 3.4697681 4.0431923 4.0241781 4.0201196 3.6683852 3.6079614 3.6827285 4.3122192 2.6550764 5.5846937 2.4621146 3.5209690 4.8397392 5.7372926 2.8458042 3.7221305 4.5880060 5.1295953 4.2225127 5.4568179 4.0750840 4.7948485 5.6933093 6.2814299 3.5585296 7.7838573 3.6461870 3.0878004 6.7736900 5.0463669 4.0666206 3.5411237 3.5894925 3.5894925 2.7674206 5.2821238 5.0174551 4.0322087 3.8735277 3.9945870 3.6956713 3.8442893 3.7150776 3.8222530 3.2628808 3.5764295 3.7291170 2.2736000 3.4559075 5.1690480 4.0475038 5.0974794 8.9999982 8.9999987 8.9999981 8.9999988 8.9999990 8.8557711 8.9999984 6.1890967 5.1642878 4.9003579 3.4646961 2.3564047 4.0904064 4.0204382 2.7401091 2.7617454 4.1877805 2.8643424 3.9699536 4.4132557 3.0237327 
Sros_EGD79900                                           3.3783390 4.4310544 3.2957567 2.9383495 2.9049817 3.2700316 1.0483462 1.8238089 1.9801855 2.5910427 0.8057646 0.0648967 0.1001605 0.0000000 0.1136111 0.0255170 3.3434626 2.2448720 3.7786948 3.8030800 3.9203885 3.7187845 4.0929583 3.9174991 2.5706824 2.1443755 3.5041441 3.2778150 3.7434475 3.6528801 5.1898679 3.8460009 3.8562659 4.1214489 3.3861842 3.4934859 3.5682608 3.4819133 3.5094826 3.1092481 3.7763326 4.8484008 3.5215356 3.9939665 3.5030034 4.2404463 3.3923365 4.1105124 6.0348329 3.3714423 3.5037155 6.0588214 1.9011090 3.5729232 2.0787874 3.4760116 2.2398215 0.0000010 2.1148329 3.7324250 2.7140955 6.8946992 7.5207653 8.4341338 8.9999989 6.3730895 7.1758583 5.8150492 3.3643197 7.8132801 2.0747845 3.1311113 3.7901522 1.4518503 4.0331022 7.6961639 7.4003347 7.4003347 2.7464930 5.1807478 4.6835386 4.1376870 3.8051623 3.7439028 3.6660439 5.1024064 3.7898338 3.9384189 3.5580549 2.0372430 2.0732498 2.0303431 2.7957990 4.6852243 3.3373344 4.3874930 8.9999987 8.9332674 8.9999984 8.9999981 8.9999988 8.9999987 8.9999987 5.9982097 4.6846580 5.5994690 3.3936348 3.6511582 5.2043910 5.3732724 2.7468973 2.9333139 1.8505184 2.9118130 4.9458854 6.5223069 4.8443442 
Sros_EGD81943                                           3.5510636 3.1823792 3.6683484 3.1736411 3.2621024 3.5279638 1.2053295 2.3271545 2.3933691 2.6681481 1.3259545 0.2336663 0.1868372 0.1136111 0.0000000 0.1129232 3.1955831 2.7054884 3.6520056 3.6559329 3.9484968 3.9083294 4.2633543 3.9109188 4.7763889 3.2748362 3.5242607 3.9181203 3.9253179 3.7080851 4.7068226 3.9745266 3.9914431 4.0177264 3.7183642 3.6847604 3.7048248 3.5740344 3.6708613 3.6514053 3.8450152 4.3605629 3.2426139 3.5794803 3.4703378 4.5091175 3.9867956 4.5961646 5.6008677 3.6760746 3.5228949 3.9267255 2.6900548 5.0992985 2.4718826 3.7649421 6.4507733 6.2191628 2.8145183 3.8336937 3.8540037 5.8925889 3.8767978 5.9291376 3.5676458 5.0166675 5.9498155 6.8861857 3.8586481 8.9999984 3.7484428 3.3379051 5.4196695 3.8495609 4.0429563 4.1171606 5.8201929 5.8201929 2.7576538 5.2091406 4.4273216 4.0266364 3.7587548 3.8682069 3.6257687 4.0830774 3.9796391 4.0350268 3.4216153 3.9425784 4.0058116 2.3195433 3.4210003 5.0273696 3.7611690 4.7230966 8.2289594 8.6730566 8.6058960 7.9059461 7.9804001 6.8396736 7.4467637 5.9224572 5.1473561 4.1386253 3.3906151 2.4922776 4.1458107 4.3350628 2.7175199 2.8967403 2.2894161 2.8347195 3.9201646 4.7867751 3.3922227 
Sros_EGD74670                                           2.7189448 4.4455894 3.0732680 2.4302381 2.5377580 2.9074131 1.0472269 1.8272145 2.2761683 1.9579936 0.8740531 0.1754021 0.1134114 0.0255170 0.1129232 0.0000000 2.4542361 2.2280881 3.1329331 3.2054230 3.1598511 3.2919398 3.1281227 3.0196408 6.1393996 8.9999980 2.7916619 4.1523529 3.5572114 2.8988759 4.5958370 2.8801985 3.0809434 3.4284895 2.6525908 2.7697868 2.7559497 2.8551220 2.7162385 2.6899158 2.8222048 3.5222987 2.1626051 2.7881067 2.9599243 3.3993709 3.2614537 3.5486604 8.9999985 2.7223732 2.9119629 0.0000010 2.2121447 5.9570675 2.1609390 3.0004810 7.1514118 1.9261276 2.9752929 3.3313864 3.4909652 5.5593097 9.0000000 0.0000010 9.0000000 0.7631070 7.3905962 0.0000010 3.3509483 5.3919841 2.5020955 2.4159684 8.2440622 3.6253827 3.3547065 0.0000010 0.0000010 0.0000010 2.3210989 2.9358983 4.1831166 3.4974659 3.7271567 3.0090968 3.3180295 2.6550262 2.8227627 2.8003094 1.6365562 2.9268569 3.1236934 1.3721632 2.9092721 3.8843041 3.6918553 3.6918553 9.0000000 9.0000000 8.9999984 9.0000000 2.3025956 0.0000010 0.0000010 8.9999988 3.7892574 6.3756503 2.8654947 4.0272847 8.9999990 7.5524991 2.5508437 2.8670542 2.1637020 1.9953643 3.0314108 9.0000000 2.5775136 
Salurc_EP00051_Salpingoeca_urceolata_P013251            2.8268643 2.9913211 2.8234549 2.7321466 2.7575999 2.7469377 0.9168139 1.6777540 1.7860726 2.0354161 2.5378355 3.0940629 3.2832237 3.3434626 3.1955831 2.4542361 0.0000000 2.4053449 3.1825824 3.1656392 3.3125373 3.4618627 3.3568576 3.0226639 3.0479439 1.7932605 2.9922303 3.1111211 3.2086994 3.2561999 4.0673498 3.4125576 3.5918097 3.2885209 3.2977840 3.0279787 3.0746676 3.0835147 3.3037514 2.8567758 3.3444738 4.3553918 3.3307480 4.0701107 3.2114201 3.6560386 3.1547312 3.7035262 4.7902301 2.8433910 3.3285030 3.8953467 1.9951224 2.3311494 1.7911906 3.0437498 5.1158394 4.8000933 2.2178195 3.2657765 2.9620687 4.5577897 3.9821494 5.9936805 3.4533534 4.2511004 5.5622212 5.2569189 2.9400356 8.0676881 2.4313200 3.1699315 2.8999776 2.6931734 3.4086099 4.3767435 7.7012711 7.7012711 2.5105517 3.9413906 5.1496506 3.7182806 3.2840064 3.3555122 3.2650172 4.4522828 3.4641945 3.7737788 3.6288329 2.5883620 2.5720004 1.9728220 2.6984271 4.4206681 3.2127587 4.2155519 7.2663131 7.8262550 7.6897913 6.9611608 7.5396531 6.5244755 6.9939665 5.6260933 5.0184423 2.5847453 2.7058163 2.3545897 3.2739389 3.6714198 2.6662752 2.9874579 1.9332506 3.2903509 4.3346080 5.0180719 3.0220838 
Skow_XM_002741274.2                                     1.1676920 0.7176662 1.2000186 2.6123924 2.6855003 2.8528627 1.0821495 1.6785206 1.8880404 1.7680463 2.6509498 2.6097892 2.7955137 2.2448720 2.7054884 2.2280881 2.4053449 0.0000000 1.4894875 1.4872256 1.5022009 1.5730365 1.5840330 1.4118457 1.4809237 1.0295080 1.3571195 2.1452362 1.9051897 2.0727795 2.8849137 1.5858393 1.5647806 1.4647327 1.6192451 1.3851579 1.3809983 1.3744574 1.4517625 1.4876598 1.5332616 1.8588846 1.2170731 2.1538809 1.5027379 1.6380513 1.6755828 1.6713385 1.6251650 1.1444904 1.2340382 1.5758134 1.5392118 2.1103155 1.3239901 2.2678700 3.0299789 3.2520047 1.6377840 2.3933997 2.2369706 5.8107604 3.1274877 0.0000010 2.9922297 4.1421619 5.1824081 5.8566042 2.4020563 8.9999989 1.6659226 3.0936817 2.2003975 1.7808495 2.0446801 2.0742714 0.0000010 0.0000010 1.5406451 2.7864378 3.3268537 2.2337010 2.0795598 1.6633828 1.7368023 1.8074670 1.8245697 1.6529966 1.3397864 2.7312477 2.5374254 1.7955780 1.3689954 2.8195085 2.2908705 2.8195085 8.9000223 0.0000010 7.2243434 4.7165856 7.2243434 4.7165856 8.9000223 4.3676906 2.9638142 2.8969629 2.4658253 3.1763464 3.7646511 3.9671075 2.8446060 2.7183663 1.7694252 3.2234488 1.9294357 9.0000000 2.4815692 
Dgig_XM_028558783.1                                     1.8282007 1.9146658 1.8857536 3.4389973 3.3788068 3.4541537 1.1386089 2.0625085 2.1508773 2.6418529 2.7881170 3.3132057 3.5862979 3.7786948 3.6520056 3.1329331 3.1825824 1.4894875 0.0000000 0.0090573 0.5410291 2.4204256 2.2838306 2.1287866 1.6793081 1.0228428 1.9499427 2.5809762 2.4413191 2.4679851 3.1835203 2.1855549 2.1692190 2.0362759 1.9332643 1.5528072 1.5439329 1.5550688 1.5739211 1.4453139 1.6598207 2.0647940 1.5909878 1.6784658 1.5715200 2.3859901 2.1271974 2.3936380 2.9615796 2.0305739 2.0280443 2.1923681 1.6886886 2.3276411 1.5263663 2.4182407 2.7192711 2.1896829 1.8003395 2.7152424 2.2069022 4.0159341 2.6390781 3.9768997 2.4248133 3.4975351 3.6893345 4.0635706 2.7174679 5.5451667 1.8129615 3.5137889 2.4117151 1.8506173 2.5007304 2.6920800 3.5110396 3.5110396 1.8394279 3.7463611 3.9072618 2.8045814 2.2442493 2.1964419 2.3613625 2.6633034 2.0403561 2.0759353 2.1853761 1.9303019 1.9332899 2.5313364 1.4322916 4.0332911 2.8151763 3.7698627 8.4985837 8.9999986 8.1271674 8.6832563 7.6777651 8.1155923 8.0165957 4.3355807 4.3729641 2.3504878 3.0409188 3.4678851 4.1541297 4.6485912 3.0618942 3.2133631 1.9352192 3.3706448 2.7711042 4.3828961 3.3207583 
Dgig_XM_028558925.1                                     1.8189131 1.8957191 1.8693389 3.4209587 3.3637075 3.4343005 1.1473628 2.0468484 2.1521938 2.6472156 2.7805109 3.2883071 3.5696553 3.8030800 3.6559329 3.2054230 3.1656392 1.4872256 0.0090573 0.0000000 0.5388271 2.4189348 2.2880456 2.1038898 1.6570834 0.9963720 1.9389042 2.5672986 2.4098062 2.4453167 3.1749522 2.1859976 2.1595082 2.0251082 1.9146968 1.5423950 1.5364826 1.5531828 1.5662107 1.4366595 1.6485159 2.0428809 1.5859180 1.6724572 1.5581183 2.3838360 2.1145003 2.3889898 2.9817280 2.0032678 2.0405605 2.2230854 1.6941584 2.3542611 1.5271663 2.4136126 2.7300794 2.1896829 1.7865965 2.7007949 2.2120361 3.9820723 2.5922317 3.9187241 2.3870300 3.4695446 3.6732763 4.0669261 2.7250632 5.5654296 1.8112002 3.4889573 2.3754978 1.8096644 2.4889540 2.6627325 3.5110396 3.5110396 1.8266866 3.8255369 3.9071710 2.8105849 2.2187673 2.1824968 2.3457116 2.6295005 2.0301092 2.0566653 2.1752786 1.9353807 1.9384462 2.5313364 1.4268150 4.0207230 2.8009912 3.7672000 8.4471636 8.9999984 8.1148840 8.6179621 7.7518719 8.1905286 8.0731676 4.3410569 4.3945280 2.4162310 3.0427433 3.4597611 4.1158991 4.6013091 3.0364885 3.1838745 1.9393958 3.3778249 2.7494267 4.3828961 3.3068779 
Xesp_011686-T1                                          1.9030449 2.0090178 1.9419016 3.2908696 3.2276912 3.6205136 1.3721393 2.1974141 2.3666732 2.6855473 2.7500880 3.5382067 3.8144851 3.9203885 3.9484968 3.1598511 3.3125373 1.5022009 0.5410291 0.5388271 0.0000000 2.3930893 2.1834473 2.1549521 1.6010760 0.9973282 1.9491602 2.5840779 2.2962445 2.3267226 3.1376518 2.1628186 2.1800295 2.0720318 2.0101266 1.6432985 1.6140884 1.6451511 1.6708706 1.6809673 1.7934031 2.3557594 1.6423084 1.9176414 1.6965762 2.4588838 2.1369613 2.4232615 3.4593718 1.9068089 2.0880517 2.6333469 1.6692946 2.3197858 1.4783969 2.3220198 2.8773343 3.3443410 1.7785276 2.5678676 2.2952588 4.0202485 2.5336812 4.4594774 2.1381227 3.6428919 3.6761572 4.3360583 2.6676180 5.0025252 1.7016022 3.5716668 2.2524534 1.9105150 2.7624532 2.9157900 4.1761127 4.1761127 1.9850504 4.8699237 3.8890905 2.8490837 2.4977813 2.1753151 2.4848956 2.9286868 2.0514420 2.1327558 2.3634733 2.4312832 2.3195620 2.7328348 1.5228715 4.0792651 2.9174452 3.9931776 8.5839698 8.1734650 7.7949676 8.4619704 8.4445635 8.9999986 8.9999985 4.6864264 4.1011355 2.7398236 3.2032064 3.5691798 3.9558995 4.3715755 3.2488677 3.4397136 2.5183833 3.4222151 2.5952565 3.7581715 4.0363894 
Ctel_gnl_WGS_AMQN_CAPTEDRAFT_mRNA225050                 1.7962589 2.0669149 1.9512272 3.4133511 3.4098932 3.6080533 1.0570375 2.0832009 2.2437494 2.9150947 2.7671749 3.6579582 4.0744568 3.7187845 3.9083294 3.2919398 3.4618627 1.5730365 2.4204256 2.4189348 2.3930893 0.0000000 1.9755177 1.6929295 1.0938961 0.7496551 1.8410174 2.2219187 2.2319073 2.5915994 3.4232308 2.5419080 2.4787890 2.5814648 2.5345113 2.0663822 2.0326496 2.1449862 2.1540988 2.1232182 2.3102062 3.1411996 2.1618717 2.7658390 2.1648300 3.0163817 2.5158647 2.8522021 4.3416457 2.2288858 2.2630934 2.0420723 1.5500227 2.0530432 1.3830352 2.5975131 3.6827553 3.7633006 1.5739667 2.6624535 2.3873288 4.6626836 2.7730025 4.5529692 2.7984980 3.9261099 4.4965350 5.7241220 2.6381854 8.2747334 1.6834756 4.0165125 2.0922195 1.4549651 2.5658082 2.7262019 5.0257983 5.0257983 2.0187151 3.8521006 3.2827116 2.4963104 2.2398747 1.8328223 2.3174170 2.9647046 2.5380411 2.4538462 2.8283465 2.1913209 2.0182621 2.7083478 1.8594133 3.8243429 2.6680491 3.6146265 7.7861057 8.9999987 7.4698278 7.1610384 7.1942423 6.6580165 7.5039196 4.0368609 4.1065456 2.9916030 3.2451404 3.8025647 5.1700833 5.5248082 3.5757981 3.6391848 2.1563407 3.9973832 2.8594889 3.3948890 4.0361662 
Tcas_TC000196_001                                       1.8603929 2.2004502 1.8996421 3.5260877 3.5956357 3.6735489 1.1085632 2.3841594 2.0985298 2.7664414 2.5104255 3.6074088 4.2575327 4.0929583 4.2633543 3.1281227 3.3568576 1.5840330 2.2838306 2.2880456 2.1834473 1.9755177 0.0000000 1.7668931 1.0029283 0.6709240 1.5912668 1.8019662 1.8985757 1.9781238 2.8430758 2.4836227 2.3539092 2.2838943 2.2758385 2.1258045 2.1175227 2.0988486 2.1458945 2.0618708 2.3165568 3.0837865 2.1362665 2.6309333 2.2117756 2.6932534 2.2990766 2.6121204 3.5758351 2.1546608 2.0914471 2.4572131 1.6570277 2.5106571 1.5410960 2.3325650 3.0500824 2.0152570 1.7635316 2.6619057 2.6896544 3.9146529 2.9901629 5.2943962 2.8897801 3.3343694 4.0882480 3.3317479 2.5974510 5.7037617 1.6820327 3.8288670 2.2818994 1.7356259 2.7747251 2.6357914 3.5372590 3.5372590 2.4699765 3.6985679 4.4453496 2.9447341 2.4682827 1.9149484 2.2927300 3.1643368 2.4422522 2.4487647 2.5292392 2.3359297 2.3439137 2.5786884 1.8325440 4.1647735 2.7980101 3.9674351 8.9999982 8.9999984 8.9202489 8.3791306 8.9999981 8.3689760 8.9999988 5.4293234 3.8923168 3.4516323 3.4729775 3.5045485 4.6210788 5.2185890 3.6672123 3.6087471 1.8886098 4.0332809 2.7955157 3.3080215 3.6794060 
Acagra_model.g18021.t1.1.5d3b8936                       1.5369425 1.6538689 1.6737517 3.3163060 3.3922142 3.4074271 1.2698562 2.1774147 2.2374009 2.6392173 2.8674968 3.7105641 3.7971320 3.9174991 3.9109188 3.0196408 3.0226639 1.4118457 2.1287866 2.1038898 2.1549521 1.6929295 1.7668931 0.0000000 1.1455220 0.7785635 1.5181063 1.9791941 2.1206680 2.5101115 3.0940210 2.2812557 2.3062900 2.1882307 2.3695629 1.7119634 1.7157564 1.7774074 1.7955423 1.8016770 1.9166337 2.1714245 1.7064016 1.9720611 1.8285516 2.4593209 2.2651944 2.3867813 2.9390535 1.9838321 1.8713198 1.8184404 1.6841508 2.2713335 1.4691548 2.2609457 2.9228320 3.5355438 1.7933669 2.5729464 1.8611461 3.5190789 2.5939602 4.3402131 2.5061715 3.3044000 3.7429914 4.1839542 2.6196967 5.9130675 1.6214640 3.7054430 2.6489790 1.9642573 2.5135521 2.3467947 3.6586900 3.6586900 2.0144583 3.4167818 3.1469176 2.6813598 2.1239595 1.5097552 2.0848922 2.6527813 2.4070632 2.3414684 2.4118271 2.5905024 2.3940333 2.5572604 1.7328675 3.5851519 2.5861282 3.4940263 7.5341010 6.8896795 6.3938371 6.1807251 6.6936227 6.5656661 8.3573389 4.3723587 3.7421281 3.5078690 3.1116811 2.9546088 3.6122433 4.0229324 3.1715070 3.2263852 1.9869184 3.7923874 2.3177143 3.7164400 3.3734327 
Cscu_XM_023371181.1                                     1.2405960 2.9345396 1.3544351 3.2036838 3.4193656 2.7904510 3.5266502 2.5692421 2.8912189 2.1195754 6.2978932 5.0667898 4.9632389 2.5706824 4.7763889 6.1393996 3.0479439 1.4809237 1.6793081 1.6570834 1.6010760 1.0938961 1.0029283 1.1455220 0.0000000 0.0099976 0.0229166 1.5300628 1.1825266 2.2271328 1.4065780 1.8940811 1.9322909 1.4594903 2.1134899 1.7924487 1.7523571 1.8033572 1.6976071 1.7091581 1.6984370 3.3948482 2.8258759 1.7943726 2.1253572 1.6666516 1.6673803 1.6926527 0.0000010 1.2500179 1.8915682 3.6874759 2.7474674 2.1286105 2.0101762 2.4960086 3.1136008 3.5220920 2.3873794 2.5984485 2.2261529 0.7830904 0.5736526 0.0000010 1.1659026 0.0000010 0.7830904 0.0000010 3.7872394 0.0000010 2.1572503 4.1882309 2.0107197 1.5699034 2.2036219 0.0000010 0.0000010 0.0000010 2.7051397 0.0000010 2.8357654 2.4099328 2.2173591 1.4012430 2.3278316 0.6605886 2.8599283 1.8472538 1.7950074 2.2350769 2.1234077 4.9464309 1.8438342 3.4701646 3.4899451 3.4701646 1.7164853 0.0000010 3.0321472 4.7367309 3.0321472 4.7367309 1.7164853 3.8025465 4.1512693 2.5726197 2.9925325 9.0000000 5.6142389 6.3366455 4.0499795 3.6526764 2.1146852 5.0685840 3.0798191 1.7512722 2.7549704 
Cscu_XM_023358684.1                                     0.9681225 2.7294028 0.8937619 2.0000890 2.0341232 1.7211955 2.3184154 1.5712075 1.8252394 1.7399608 5.0059591 4.8562820 4.5696218 2.1443755 3.2748362 8.9999980 1.7932605 1.0295080 1.0228428 0.9963720 0.9973282 0.7496551 0.6709240 0.7785635 0.0099976 0.0000000 0.0101501 1.1862195 0.6521751 1.2496974 0.0000010 1.7054210 1.5541186 0.7568469 1.5561921 1.0242768 1.0242768 0.9806495 0.9740312 0.9984364 1.0301334 0.0000010 0.0000010 9.0000000 9.0000000 1.2433889 1.2838086 1.2164183 0.0000010 1.0795506 1.2776773 3.7366723 1.9639461 1.4705458 1.2364467 1.7741496 2.3081930 1.7196240 1.9652697 1.7494656 1.7876159 0.0000010 1.2988577 0.0000010 0.0000010 0.0000010 0.0000010 0.0000010 9.0000000 0.0000010 1.8980463 2.8128417 1.5657077 1.5657077 1.5304321 0.0000010 0.0000010 0.0000010 0.0000010 0.0000010 2.5331235 1.6460685 1.4435151 1.0597763 1.6188884 0.0000010 1.5145941 1.3014996 0.0000010 1.8754950 1.8754950 5.3011826 1.1526273 1.9678842 1.9678842 1.9678842 0.0000010 0.0000010 0.0000010 0.0000010 0.0000010 0.0000010 0.0000010 2.1715520 3.0340972 1.7052364 2.4729634 8.7404063 4.1422200 6.9005049 3.1552681 2.3978638 1.5780254 3.5827352 3.4912678 0.0000010 2.4445225 
Cscu_XM_023371182.1                                     1.4038832 1.5719479 1.4659298 3.1656939 3.1956404 3.2046048 0.9583726 2.0346335 2.0230136 2.5366135 2.5059836 3.1551841 3.4290426 3.5041441 3.5242607 2.7916619 2.9922303 1.3571195 1.9499427 1.9389042 1.9491602 1.8410174 1.5912668 1.5181063 0.0229166 0.0101501 0.0000000 1.5487918 1.6307227 1.8317499 2.5068231 2.1728786 2.1833559 2.1878086 2.0914056 1.7476904 1.7505702 1.8513991 1.8323739 1.7764743 1.9078846 2.4092831 1.7917048 1.8103562 1.7836952 2.3916013 2.0240284 2.3671516 3.3213399 2.0562016 1.7862978 1.8650693 1.4950889 2.1286105 1.2924987 2.0234408 2.3097058 1.3764702 1.4337220 2.2294062 1.9580959 3.4286014 2.2788627 3.5769820 2.2468851 2.9883552 3.4403473 3.3295326 2.2938483 5.0118936 1.5045991 3.6522095 2.0885192 1.4851865 2.4392528 2.4088659 3.0275545 3.0275545 2.1817165 3.1170764 3.2138780 2.3940670 2.2386079 1.5561698 2.1451244 2.7322744 2.0729134 2.2203671 2.2180181 1.8339054 1.8357487 2.6982928 1.6571981 3.6601480 2.6186470 3.5592436 7.5650906 6.8826388 6.6110064 6.3091137 6.9719834 6.7361881 8.4599638 4.4995063 4.0024797 2.1293544 3.0301819 2.9061692 4.1306343 4.5454905 3.1245161 3.2813355 1.5532212 3.5821520 2.4192568 3.4910800 3.2799736 
Dpul_mRNA16424                                          2.0186296 3.5070284 2.1599633 3.5372394 3.7647455 3.3337500 1.6680399 2.4489719 2.7697603 2.6016368 3.5158553 4.3575102 4.0110891 3.2778150 3.9181203 4.1523529 3.1111211 2.1452362 2.5809762 2.5672986 2.5840779 2.2219187 1.8019662 1.9791941 1.5300628 1.1862195 1.5487918 0.0000000 0.2303949 0.4177735 0.1968387 2.3913842 2.3006168 2.0904807 2.4431859 2.2502529 2.3327701 2.4030729 2.3621083 2.4010442 2.4210448 3.3081484 2.3376349 3.4679769 2.3370908 2.4673001 2.3923769 2.4831859 2.7608981 2.0219242 2.4250890 2.9368100 2.0672457 1.8932077 1.3120432 2.5082169 3.9743274 6.3698700 1.7880933 2.6232516 2.7342982 4.8143936 1.0969597 0.0000010 6.5612298 3.7780084 4.4400184 4.0056036 3.1274257 6.8261374 1.7391081 4.2229628 3.2506074 2.5533003 3.0460276 2.8985432 0.0000010 0.0000010 2.6136408 4.2731172 4.4501970 2.8618297 2.9276745 2.2003160 2.5285936 2.8813117 2.5286805 2.6495235 2.4727307 2.8062977 2.7027481 2.8312754 2.4547402 3.4970090 2.9157402 3.4970090 8.9999983 9.0000000 7.2068753 8.2624741 7.2068753 8.2624741 8.9999983 5.0216043 3.6847996 3.7358749 3.2291840 3.5973261 4.4939819 4.1895251 4.1140169 3.7863623 2.7932779 3.9897832 2.5053817 9.0000000 3.1302329 
Dpul_mRNA23979                                          1.8625947 2.2440019 1.9549614 3.4428904 3.5831934 3.3557558 1.1551689 2.2391742 2.4415418 2.7928151 3.0097963 3.8135435 3.7729177 3.7434475 3.9253179 3.5572114 3.2086994 1.9051897 2.4413191 2.4098062 2.2962445 2.2319073 1.8985757 2.1206680 1.1825266 0.6521751 1.6307227 0.2303949 0.0000000 0.1255522 0.2662215 2.6228210 2.6387453 2.5336672 2.6850893 2.1879614 2.1805327 2.2473911 2.2012133 2.0525695 2.3370131 3.0228760 2.3311315 2.9494638 2.3654089 2.7488895 2.4530402 2.7768707 3.4797156 2.3106685 2.2888058 2.4455774 1.7108921 1.9292938 1.3453761 2.5449847 3.8120707 4.2919269 1.7247272 2.7006607 2.4036172 4.8046123 3.2684062 4.8829387 2.9545085 4.0712099 4.6281669 5.0412511 2.8528297 6.0922255 1.6038595 3.9497337 2.6600174 1.9595003 2.9885319 2.8117830 3.6205088 3.6205088 2.4646720 4.5784976 4.0429683 3.1717173 2.6928622 2.1479317 2.4248001 2.7342352 2.6469157 2.7731368 2.8233765 2.7479856 2.5626230 2.8431040 2.1140860 3.8774453 2.7603450 3.6397266 7.9958529 8.9101536 7.2421030 7.4674396 6.6370964 6.5581293 7.3572189 5.4091695 4.3101079 2.7214683 3.5366567 3.1043924 4.6525260 4.8931805 3.7143195 3.6778007 2.4668091 3.9819515 2.6127994 4.4619072 3.9742036 
Dpul_mRNA16418                                          2.2592716 3.2724520 2.2773973 3.4281178 3.4492510 3.3481890 1.1996550 2.2592648 2.7110198 2.9487051 2.6899606 3.6484916 3.6278500 3.6528801 3.7080851 2.8988759 3.2561999 2.0727795 2.4679851 2.4453167 2.3267226 2.5915994 1.9781238 2.5101115 2.2271328 1.2496974 1.8317499 0.4177735 0.1255522 0.0000000 0.3115309 2.7784360 2.7782847 2.5793060 2.6002555 2.5098490 2.5046056 2.3713335 2.4161786 2.4202170 2.6849341 3.7544845 2.4029504 4.4443181 2.2877300 2.9713304 2.6405043 3.0460617 4.6349895 2.6047690 2.5455352 2.7823390 1.7391937 2.6340378 1.3873388 2.8372494 5.3719363 3.8827669 1.8313315 2.8263466 4.0604490 5.3135715 3.4052942 5.5085222 3.0487199 4.5157501 5.0207397 5.5775306 2.8685745 6.1264336 1.7974675 4.2169047 3.6348170 3.2478099 3.2537236 3.1360067 7.4828405 7.4828405 2.5540278 5.7470969 4.6511917 3.2376630 2.8722198 2.5113243 2.6004896 3.0802377 2.6994528 2.9243763 2.7047173 5.8226422 5.8226422 2.6765293 2.2849719 3.5704372 2.7075131 3.5289564 8.9999982 8.4836776 8.9999985 9.0000000 8.9999981 8.9999988 8.9999989 5.0658735 3.8919848 4.5293501 3.8304031 3.3062865 4.2993429 4.2177825 3.9274529 3.5395121 4.1108108 3.8875903 3.9429604 4.6254210 3.0532043 
Dpul_mRNA27525                                          2.5384760 2.5914091 2.5569732 4.5990678 4.6101291 4.5145740 1.9990301 4.3574913 3.9316092 3.7086077 5.3862260 5.4684582 4.5156094 5.1898679 4.7068226 4.5958370 4.0673498 2.8849137 3.1835203 3.1749522 3.1376518 3.4232308 2.8430758 3.0940210 1.4065780 0.0000010 2.5068231 0.1968387 0.2662215 0.3115309 0.0000000 3.1555930 3.3439478 3.3665768 3.3270347 2.7418847 2.8350648 2.7698576 2.7358116 3.0861038 2.6986517 2.9944945 3.0636417 3.0011846 2.8754721 4.0692566 4.7010014 4.1698744 3.2388260 5.5182699 2.9247348 2.7256138 2.9680266 0.0000010 2.9120754 3.6890022 9.0000000 0.0000010 2.3888605 4.1811697 9.0000000 4.5327808 3.9311494 5.2468040 3.1787750 3.7669687 4.6909813 4.9570185 4.6930253 5.8689530 2.2787349 4.8067674 9.0000000 9.0000000 3.8230215 2.7752298 2.8645690 2.8645690 4.4544129 4.8696789 3.9156979 4.3508530 3.7987123 2.8228721 3.3757140 3.0723345 3.3900031 3.6613737 3.8894362 1.6988348 0.0000010 5.1879057 3.3232273 5.5789647 4.6798551 5.5097839 7.4868174 8.9999983 6.6048145 7.5896363 6.4281678 7.2707344 7.2395720 7.4967646 6.1174271 3.7483970 4.4417071 3.3912618 4.1192289 4.1458696 4.4433630 4.2011698 2.1206160 4.4179896 2.6295066 4.2800993 3.8532398 
Nemnom_g19294.t1                                        2.0366392 1.9525202 1.8954113 3.4600221 3.2806203 3.5405423 1.2372565 2.2582606 2.2615539 2.6743353 3.2143331 3.4381250 3.9623147 3.8460009 3.9745266 2.8801985 3.4125576 1.5858393 2.1855549 2.1859976 2.1628186 2.5419080 2.4836227 2.2812557 1.8940811 1.7054210 2.1728786 2.3913842 2.6228210 2.7784360 3.1555930 0.0000000 0.2919163 0.7958116 1.1574223 1.8736927 1.8446168 1.9167164 1.9568796 1.8249594 2.0441032 2.4572121 1.9483567 1.9036079 2.0567944 2.5798288 2.3416425 2.6021059 3.3339231 2.3774470 2.1824694 2.0250637 1.7248630 2.2263850 1.4981715 2.5020572 2.7659359 2.0400506 1.8212154 2.8942590 2.0319211 4.1887847 2.2744053 3.9476438 1.9277909 3.2114747 3.9824493 4.4914678 2.9094781 6.4783180 1.6734819 3.9886090 2.4577922 2.2555135 2.7182936 2.8289110 4.2946669 4.2946669 2.3058931 3.6018666 3.2332182 2.6988052 2.2927970 2.4023298 2.3957958 2.9438037 1.7448213 2.0330433 1.8416470 2.3338924 2.1896877 2.6942241 1.8301647 4.0238296 2.9837373 3.7804650 7.1862821 8.9999984 6.5256385 6.8608370 5.9558909 6.0085198 6.5348541 4.5398371 4.2219286 2.4439822 3.1348959 2.9906203 3.7705323 4.1367958 3.3155648 3.4874021 1.8362494 3.8611950 2.2691212 3.5951786 3.5828013 
