100
Lcom_lcpid247701                                       0.0000000 3.2021148 2.2328327 3.2576598 3.3281560 3.9887091 1.7398559 3.5395997 2.9495687 2.9495687 2.9495687 2.9495687 2.9495687 1.5826718 0.0000010 0.0000010 0.0000010 0.8481116 2.5167702 2.5844562 2.8463406 2.9738274 2.9738274 2.6154201 3.0701944 2.2827479 3.2917628 3.1030014 3.4750941 3.0398930 2.1126321 2.0999523 2.0737434 2.0516688 2.2078721 1.7958219 2.0256423 1.8867490 2.0234253 1.9106910 1.5829888 2.2274315 2.0376042 1.7357809 1.8657754 2.2075415 1.8361996 2.0276516 1.9127663 1.9785055 1.8756440 2.0586935 1.6974909 2.3668409 1.9880078 2.5187558 2.5187558 2.4110170 2.4645680 2.3182323 2.1145857 1.4645366 1.4588067 2.2343021 2.1527768 2.0036759 1.7045183 0.7347815 2.1074965 2.2998165 2.7130487 2.6053214 1.2221779 1.9462791 0.0000010 1.9460671 1.9460671 2.5000790 2.4296729 2.5745249 1.6674193 3.0042567 2.2928538 2.7637653 1.8312542 1.7321193 1.6988619 1.7964481 3.0880653 2.1505360 2.2117846 2.3875214 2.1323137 2.2585976 2.5759732 2.6889984 3.9375042 2.7398964 1.2296808 0.0000010 
Aque_Aqu2.1.19866_001                                  3.2021148 0.0000000 0.0307947 0.0000010 0.0153241 0.0000010 0.9727542 6.1670217 3.6667625 3.6667625 3.6667625 3.6667625 3.6350262 0.7337526 0.0000010 0.0000010 0.0000010 0.0000010 2.6988234 2.3630533 1.6209027 2.7845158 2.7845158 2.5522195 2.6208185 2.0659405 2.5521793 2.9290007 1.8507255 1.8188985 3.0735804 1.7559356 1.8223722 1.3803542 1.6138046 1.9275806 1.6527957 1.5599601 2.5003115 2.7505001 1.9255972 2.2594206 2.3518311 3.0208134 2.3247404 2.8316898 2.4391763 2.7332678 2.6849170 2.5820832 2.1943564 1.7731775 1.6592018 3.0356428 2.1065312 2.3802404 2.3802404 2.8643033 3.2819258 2.9015544 2.8552356 1.6349507 1.4964001 2.5420858 2.3980247 2.6358518 2.3746919 9.0000000 3.3346870 2.2015208 3.4950604 2.4649288 7.4310623 2.4978707 4.3106755 1.9244954 1.9244954 4.0776567 1.8924916 1.5767080 1.9703663 3.9461685 2.6620182 1.7235791 2.2408977 2.2740362 2.4234394 2.5187252 3.8718046 3.4062885 2.3859168 1.6741552 1.3900687 2.2392554 3.9499116 2.3189372 2.2840155 2.3067613 2.4193978 9.0000000 
Aque_Aqu2.1.29037_001                                  2.2328327 0.0307947 0.0000000 0.1255632 0.0910431 0.3416063 0.5492340 1.6102818 1.6728699 1.6728699 1.6728699 1.7063654 2.1218977 1.4412711 2.0161251 2.0161251 2.0161251 1.0608889 1.5854642 1.3914611 1.4344496 1.5670633 1.5670633 1.5632688 1.3990196 1.3420702 1.4353673 1.9393633 1.5738452 1.7670641 1.1179184 1.0863973 1.1189176 1.1061409 1.0788449 1.2372277 2.0887794 1.0724319 1.1734041 1.2897429 1.2653863 1.3896381 1.4020513 1.3183173 1.2528422 1.3097075 1.2036902 1.2427539 1.3557837 1.4176614 1.2674847 0.9692938 1.0695533 1.2261742 1.1375134 1.2520411 1.2656874 1.8019461 1.9120738 1.9239930 1.2666175 1.1825571 1.0687631 1.2039736 1.3335461 1.2590030 1.3657361 1.1156587 1.9015825 1.5787761 1.7607382 1.6022845 1.0180915 1.3818636 1.7893712 1.3601759 1.4310173 1.6614107 1.2336367 1.3796989 1.2531074 1.6169565 1.8866193 1.5435401 1.3191627 1.7859154 1.1974879 1.4412978 1.4925564 1.4213255 1.2372292 1.1269475 1.6468523 1.3847438 1.4813914 1.5133446 1.4912081 1.8959671 1.3748644 1.1398331 
Aque_Aqu2.1.03109_001                                  3.2576598 0.0000010 0.1255632 0.0000000 0.0674372 0.0706631 0.8031940 6.5132757 2.9363165 2.9363165 2.9363165 2.5046075 2.5629008 1.5342558 2.9021163 2.9021163 2.9021163 9.0000000 2.1494378 2.0570605 1.5613706 2.7075098 2.7075098 2.6779530 1.8227583 2.0731423 1.9804677 2.0413944 1.5990720 1.9276795 3.0389245 1.9315311 1.9533557 1.7450690 1.7581537 2.0731162 1.9887183 1.6629994 2.0280795 2.0470221 1.9689776 2.3049432 2.7224287 2.6029912 2.0774135 2.1717023 1.9530777 2.0566898 2.9825256 2.3647840 2.2020592 1.6137674 1.5803148 2.3141088 1.9265409 2.1092743 2.1464842 2.6380305 2.8652151 2.7337806 1.6236192 1.6165659 1.8252860 2.2502356 2.4160531 2.3803631 2.2202745 9.0000000 2.8702820 1.9909605 2.5002118 2.1434611 9.0000000 1.7297731 1.6612764 1.7895187 2.2547242 2.7849869 1.7208334 2.0651059 1.5090852 2.6987943 3.0811823 1.9252442 1.9142894 2.2940320 1.7670673 2.8995735 4.3208367 2.4380330 2.2112493 1.7056931 1.6272046 2.0031774 2.8092173 2.3014334 1.3035857 2.2042416 1.3564853 0.0000010 
Aque_Aqu2.1.19869_001                                  3.3281560 0.0153241 0.0910431 0.0674372 0.0000000 0.0599410 0.7972463 6.7701420 2.6240757 2.6240757 2.6240757 2.6240757 2.6195622 1.2971409 0.8534310 0.8534310 0.8534310 9.0000000 1.7542151 1.7537200 1.3909468 2.7304014 2.7304014 2.0267617 1.7821649 1.6337298 2.1713667 2.0542702 1.5195832 1.5031381 3.0389245 1.5664548 1.6034134 1.4339436 1.4864029 1.6853210 1.5304981 1.3780855 1.9186940 2.1471359 1.6946542 1.9698775 2.1863949 2.2760356 1.8194651 2.0278677 1.7760053 1.9131458 3.0180188 2.1469093 1.9387683 1.4872100 1.4242953 2.2384862 1.9105907 2.1604931 2.1877707 2.2728493 2.6813731 2.4027267 1.9020927 1.3007574 1.5314928 2.0395465 2.2000613 1.9691266 1.8750680 9.0000000 2.6250827 1.7736424 2.3408249 2.0182036 9.0000000 1.6501900 1.2492082 1.7099539 2.3826076 2.5796289 1.4892162 1.5343250 1.4738926 2.7395668 2.5329604 1.7089239 1.9804955 2.4231551 1.7357294 2.3126152 4.4147485 2.1234210 1.8202400 1.4278356 1.4667753 1.6125867 2.7123824 2.2943163 1.5938502 1.8201176 1.1064055 0.0000010 
Aque_Aqu2.1.11165_001                                  3.9887091 0.0000010 0.3416063 0.0706631 0.0599410 0.0000000 1.3990478 4.5413455 3.1552031 3.1552031 3.1552031 3.2475562 3.2081791 1.4461500 2.8696101 2.8696101 2.8696101 2.9164071 2.7557205 2.5547990 1.9513690 3.1156987 3.1156987 2.7138419 2.9549474 2.4371559 3.2161819 2.4846778 2.0970048 2.0728677 2.3738148 1.9672594 1.9162299 1.7943655 1.9266028 2.1628954 2.3332657 1.6846734 2.1681150 2.4808580 2.3790232 2.3259022 2.3673428 2.6776395 2.6963474 2.8241251 2.6827864 2.6827864 2.7408769 2.8844291 2.8867161 1.8124824 1.8986573 2.8350484 2.7375323 2.4267278 2.4267278 2.9186786 3.4189505 3.1597382 2.9056451 2.4100574 2.1218270 2.4569713 2.6215023 2.4353687 2.8249219 3.5403421 2.7337169 2.1485775 3.1932396 2.6482687 2.7743700 2.1159056 5.1898396 2.5877584 2.5522344 2.8925190 2.0810677 2.3041883 2.3008727 3.4137222 3.2954962 2.1493936 2.5967520 3.2302618 2.3550502 3.0740097 3.4655313 2.9952534 2.1849997 2.1612097 2.3512486 2.1864474 3.4915401 2.8864422 2.0949286 1.9728640 2.8413965 3.7918197 
Halamb_c44471_g1_i1m.17528                             1.7398559 0.9727542 0.5492340 0.8031940 0.7972463 1.3990478 0.0000000 1.7036657 1.7821153 1.7821153 1.7821153 1.7899243 2.3411036 1.4507109 2.0421467 2.0421467 2.0421467 1.0078460 1.7610038 1.5914017 1.5852721 1.6824665 1.6824665 1.7940729 1.5127143 1.5111133 1.6372286 1.9478211 1.7350409 1.9981363 0.9886642 1.2874337 1.3055628 1.2951964 1.3627452 1.3757693 2.2577145 1.3275982 1.2797560 1.1949809 1.2895752 1.2203436 1.4946534 1.3255667 1.3165162 1.3297378 1.2520077 1.2577378 1.1440197 1.3740531 1.3153121 0.9360924 1.0543259 1.2479854 1.2128360 1.1426985 1.1550047 2.0052746 2.0755298 2.0522107 1.4492455 1.3214065 1.4572247 1.3579533 1.5077109 1.4202387 1.5930191 1.0024313 1.6947513 1.5471647 1.6892012 1.4246659 1.0104557 1.2798078 2.0894817 1.3024738 1.4660910 1.6003927 1.3222895 1.4485693 1.1523933 1.5625610 1.8102158 1.7597157 1.3756827 1.6826366 1.2980687 1.6066110 1.4737057 1.4898605 1.2727987 1.4672700 1.4796375 1.3561430 1.6825820 1.6164499 1.9069731 1.9048695 1.4074637 1.2108889 
Bolinf_Binf_sb1184657                                  3.5395997 6.1670217 1.6102818 6.5132757 6.7701420 4.5413455 1.7036657 0.0000000 0.0000010 0.0000010 0.0000010 0.0069502 0.0000010 0.0000010 1.1411323 1.1411323 1.1411323 0.1217701 0.5208148 0.3912836 0.6797112 0.4215563 0.4215563 0.5653101 0.4576630 0.5963434 0.7334824 1.6682811 1.0662563 0.8426331 1.3858417 1.3193491 1.3849150 1.3864874 1.2330094 1.7644848 7.8102012 1.3838611 1.4984194 1.6998324 1.5538830 1.6428795 1.5600151 1.4684061 1.6776186 1.8437648 1.7018726 1.7714352 1.6829431 1.8257193 1.7069536 1.6440126 1.2136509 1.4462108 1.7885988 2.1094970 2.1094970 2.1119368 2.1512250 2.4811684 1.6032031 1.4972470 1.5687384 1.6078390 1.5936783 1.7923530 1.3806385 1.3420369 1.8693722 1.9950967 1.6565687 1.8718236 1.2306827 1.5710297 2.0931470 1.1824634 1.1824634 1.3957120 1.1950713 1.1636445 1.4025002 1.6792070 2.0446207 2.0967046 1.7127582 1.6317277 1.4213447 1.6626242 1.6475584 1.3947620 1.4552338 1.4587605 1.8019941 1.5178038 1.7464269 2.2785415 5.2538619 2.2703982 1.4383072 0.4011772 
Beraby_Baby_sb331967                                   2.9495687 3.6667625 1.6728699 2.9363165 2.6240757 3.1552031 1.7821153 0.0000010 0.0000000 0.0000010 0.0000010 0.0147180 0.0000010 0.0000010 0.0383119 0.0283884 0.0283884 0.1217701 0.7163514 0.5075667 0.4326441 0.3942302 0.3942302 0.6491651 0.5122622 0.8116261 0.6967015 1.0388702 0.6251691 0.8123689 1.3859203 1.4997749 1.6282437 1.5790375 1.5210953 1.7899452 2.7160836 1.5401545 1.7058385 1.4832317 1.7065519 1.7928160 1.7026894 1.7162844 1.6082585 1.6864672 1.6470906 1.6868685 1.6205249 1.7435786 1.6738407 1.7008455 1.2755755 1.5058168 1.8596074 1.9508071 1.9305150 2.0354827 2.2024336 2.4008113 1.5131240 1.4643846 1.7105243 1.8871684 1.8571919 1.7342416 1.6723346 1.3420369 2.0795352 1.9950932 1.6101875 2.0630813 1.2306827 1.7050909 1.7676800 1.2765335 1.4161198 1.2864553 1.6580775 1.4326348 1.3951987 1.5780482 2.1007676 1.9126812 1.6887783 1.6932140 1.5793369 1.7869032 1.4760759 1.8027846 1.7230043 1.6214699 1.4773069 1.4504885 2.1323137 2.3164126 3.3652872 2.2607766 1.5422557 0.4011772 
Beraby_Baby_sb331969                                   2.9495687 3.6667625 1.6728699 2.9363165 2.6240757 3.1552031 1.7821153 0.0000010 0.0000010 0.0000000 0.0000010 0.0147180 0.0000010 0.0000010 0.0383119 0.0283884 0.0283884 0.1217701 0.7163514 0.5075667 0.4326441 0.3942302 0.3942302 0.6491651 0.5122622 0.8116261 0.6967015 1.0388702 0.6251691 0.8123689 1.3859203 1.4997749 1.6282437 1.5790375 1.5210953 1.7899452 2.7160836 1.5401545 1.7058385 1.4832317 1.7065519 1.7928160 1.7026894 1.7162844 1.6082585 1.6864672 1.6470906 1.6868685 1.6205249 1.7435786 1.6738407 1.7008455 1.2755755 1.5058168 1.8596074 1.9508071 1.9305150 2.0354827 2.2024336 2.4008113 1.5131240 1.4643846 1.7105243 1.8871684 1.8571919 1.7342416 1.6723346 1.3420369 2.0795352 1.9950932 1.6101875 2.0630813 1.2306827 1.7050909 1.7676800 1.2765335 1.4161198 1.2864553 1.6580775 1.4326348 1.3951987 1.5780482 2.1007676 1.9126812 1.6887783 1.6932140 1.5793369 1.7869032 1.4760759 1.8027846 1.7230043 1.6214699 1.4773069 1.4504885 2.1323137 2.3164126 3.3652872 2.2607766 1.5422557 0.4011772 
Beraby_Baby_sb331968                                   2.9495687 3.6667625 1.6728699 2.9363165 2.6240757 3.1552031 1.7821153 0.0000010 0.0000010 0.0000010 0.0000000 0.0147180 0.0000010 0.0000010 0.0380128 0.0283884 0.0281703 0.1217701 0.7199478 0.5115483 0.4326441 0.3942302 0.3942302 0.6491651 0.5122622 0.8116261 0.6967015 1.0388702 0.6328666 0.8183305 1.3859203 1.4997749 1.6291636 1.5790375 1.5362230 1.8062145 2.7470629 1.5519524 1.7215288 1.4832317 1.7219592 1.8090177 1.7026894 1.7315518 1.6082585 1.6864672 1.6470906 1.6868685 1.6205249 1.7435786 1.6738407 1.7008455 1.2755755 1.5058168 1.8757983 1.9508071 1.9415667 2.0354827 2.2024336 2.4008113 1.5131240 1.4643846 1.7264098 1.9037728 1.8572779 1.7469795 1.6877874 1.3420369 2.0996143 2.0158486 1.6113859 2.0814116 1.2306827 1.7050909 1.7676800 1.2765335 1.4301462 1.2886495 1.6709832 1.4227586 1.4080730 1.5791845 2.1126522 1.9253679 1.6887783 1.6940018 1.5805393 1.8006766 1.4760759 1.8132426 1.7393037 1.6374029 1.5038534 1.4504885 2.1323137 2.3353005 3.3652872 2.2898197 1.5902242 0.4011772 
Mertsp_Mesp_sb620858                                   2.9495687 3.6667625 1.7063654 2.5046075 2.6240757 3.2475562 1.7899243 0.0069502 0.0147180 0.0147180 0.0147180 0.0000000 0.0000010 0.0164993 0.0739128 0.0606513 0.0606513 0.1529065 0.7129741 0.4618947 0.4326441 0.4449740 0.4449740 0.5952285 0.5493190 0.7338453 0.7599408 1.0388702 0.6257242 0.6039732 1.5835980 1.3407718 1.4598847 1.3990911 1.3178036 1.6141265 2.3920028 1.3231585 1.5497282 1.4652573 1.5282424 1.6883018 1.5494727 1.5689431 1.4168562 1.5181677 1.4619328 1.5077429 1.7062275 1.5574459 1.4693765 1.5959445 1.1605021 1.4043137 1.6517662 1.8422211 1.8266630 1.8644436 1.8982930 2.0991215 1.4435340 1.1910941 1.5770975 1.6457910 1.6977288 1.6221625 1.5598344 1.3966565 1.8741616 1.8604910 1.7747406 2.2619539 1.3299929 1.8441319 1.7360782 1.2263096 1.3772346 1.4213701 1.4301777 1.1819460 1.3650645 1.6980403 1.9335829 1.9892738 1.7403674 1.7620949 1.6761266 1.5945869 1.5489891 1.7159376 1.7012693 1.4686490 1.3423954 1.3603127 1.9154353 1.9681935 3.2613180 1.7643472 1.4754105 0.4348866 
Drygla_Dgla_sb273499                                   2.9495687 3.6350262 2.1218977 2.5629008 2.6195622 3.2081791 2.3411036 0.0000010 0.0000010 0.0000010 0.0000010 0.0000010 0.0000000 0.0000010 0.0000010 0.0000010 0.0000010 0.0461810 0.7964547 0.5029822 0.3862531 0.5296715 0.5296715 0.6566853 0.5051698 0.7903441 0.7872651 1.0388702 0.5777156 0.5343521 2.0983367 1.2536425 1.3450722 1.4054027 1.1965600 1.6344388 1.7282221 1.2749448 1.4299269 1.6601146 1.4805309 1.6703137 1.5445058 1.6214353 1.7701619 1.9900120 1.8516724 1.9639216 2.2556477 1.8656910 1.7231311 1.8298905 1.2375213 1.6484024 2.0494731 2.3692806 2.3395924 1.8624871 2.0907437 2.3609863 1.4343342 1.1730305 1.4810395 1.7440849 1.5996187 1.8200933 1.2835379 1.1814087 1.9628006 2.0135575 1.6522720 2.0425773 1.3029116 1.7783784 0.5786402 0.9256382 1.1389932 1.3742743 1.1525441 0.9909352 1.3452648 1.7462355 2.0820827 1.9735950 1.8852333 1.3173576 1.7104362 1.7722999 1.9135816 1.5420931 1.6723878 1.4476351 1.0678702 1.4018658 2.2414101 2.1799375 3.4543641 1.5101815 0.5822194 0.0000010 
Bolinf_Binf_sb1184658                                  1.5826718 0.7337526 1.4412711 1.5342558 1.2971409 1.4461500 1.4507109 0.0000010 0.0000010 0.0000010 0.0000010 0.0164993 0.0000010 0.0000000 0.0145904 0.0000010 0.0000010 0.0000010 0.7486734 0.4155300 0.3614923 0.1714249 0.1714249 0.5097372 0.4372594 0.7001866 0.6258529 0.5739400 0.4820220 0.4820220 1.0301966 1.0434900 1.1353192 1.0986941 1.1594904 1.1752749 1.1714229 1.0377567 1.3859948 1.1278061 1.4292531 1.3874564 1.2851458 1.3740323 0.9597032 0.9626634 1.0383211 1.0383211 1.1714139 1.0351803 1.0351803 1.1261051 0.9689769 1.1282326 1.3535200 1.3692563 1.3297174 1.6566870 1.6777837 1.6701606 1.3653969 0.8769353 1.2432645 1.3840626 1.2808545 1.2793512 1.4865947 0.0000010 1.7658112 1.5552580 1.5789340 2.3371710 0.0000010 1.8670214 1.6132662 1.2828496 1.8217618 1.2471081 1.6265300 1.2140731 1.2340254 1.3490679 1.4815726 1.6579741 1.5105422 1.5093481 1.6683406 1.4390014 0.8351392 1.4186798 1.5243693 1.3183327 1.2464218 1.0212365 1.6911516 1.4198296 1.3440289 1.3353284 1.2872293 0.0000010 
Beraby_Baby_sb331970                                   0.0000010 0.0000010 2.0161251 2.9021163 0.8534310 2.8696101 2.0421467 1.1411323 0.0383119 0.0383119 0.0380128 0.0739128 0.0000010 0.0145904 0.0000000 0.0091425 0.0090750 0.0000010 1.0548909 0.8583328 0.4035786 0.9905405 0.9905405 0.9857825 0.8536418 1.5168911 0.6078582 0.0000010 0.6696210 1.0697040 1.1411323 2.6740727 3.0770965 2.5619503 3.0103192 2.7166051 2.9523418 2.5295449 2.7724443 1.1959472 2.6123360 2.7250467 2.4226095 2.8517312 1.7262760 1.6595097 1.7669103 1.7669103 1.1411323 2.0663779 2.0663779 2.5148057 1.8271609 2.0383773 2.1369061 2.0161486 2.0201778 2.1215594 2.4671691 2.4076526 1.3942388 2.0959415 2.5711526 3.2496890 3.0378779 2.1636435 3.2922152 1.1411323 2.5883387 2.1900716 1.8409382 2.8601027 1.1411323 2.0975056 2.0987664 1.9650968 3.5223987 1.3217831 3.1713244 2.3912689 1.7780106 1.6682067 2.7228267 1.9265390 1.4018463 2.2456204 2.1339256 2.3332204 0.8042874 3.5307720 2.4276578 2.6305564 1.4321548 1.6615939 3.2596401 2.9405701 2.3748950 3.6346966 1.9989079 1.1411323 
Beraby_Baby_sb331972                                   0.0000010 0.0000010 2.0161251 2.9021163 0.8534310 2.8696101 2.0421467 1.1411323 0.0283884 0.0283884 0.0283884 0.0606513 0.0000010 0.0000010 0.0091425 0.0000000 0.0000010 0.0000010 1.0893607 0.8867468 0.4442150 0.9905405 0.9905405 0.9857825 0.8536418 1.5168911 0.6078582 0.0000010 0.6183802 1.0197967 1.1411323 2.6740727 2.9687689 2.5619503 2.8166455 2.5555497 2.7667142 2.5124631 2.6150557 1.1959472 2.5861426 2.6470345 2.4226095 2.6896078 1.7262760 1.6595097 1.7669103 1.7669103 1.1411323 2.0663779 2.0663779 2.5148057 1.8271609 2.0383773 2.0150871 1.9455537 1.9177593 2.1215594 2.4671691 2.4076526 1.3942388 2.0959415 2.5140678 3.0532430 3.1401854 2.0365122 3.0829450 1.1411323 2.5198764 2.1129354 1.8400912 2.7667440 1.1411323 2.0975056 2.0987664 1.9650968 3.3932062 1.3083419 3.0630808 2.4568353 1.7149523 1.6353553 2.7957208 1.9850057 1.4018463 2.2512002 2.0409712 2.2856563 0.8042874 3.4857406 2.4348038 2.4698025 1.2798911 1.6615939 3.2596401 2.7689728 2.3748950 3.3977522 1.8325550 1.1411323 
Beraby_Baby_sb331971                                   0.0000010 0.0000010 2.0161251 2.9021163 0.8534310 2.8696101 2.0421467 1.1411323 0.0283884 0.0283884 0.0281703 0.0606513 0.0000010 0.0000010 0.0090750 0.0000010 0.0000000 0.0000010 1.0966631 0.8962355 0.4442150 0.9905405 0.9905405 0.9857825 0.8536418 1.5168911 0.6078582 0.0000010 0.6329005 1.0282864 1.1411323 2.6740727 2.9522973 2.5619503 2.8853462 2.6147362 2.8329680 2.5613190 2.6725458 1.1959472 2.6487327 2.7114142 2.4226095 2.7482278 1.7262760 1.6595097 1.7669103 1.7669103 1.1411323 2.0663779 2.0663779 2.5148057 1.8271609 2.0383773 2.0635685 1.9455537 1.9495872 2.1215594 2.4671691 2.4076526 1.3942388 2.0959415 2.5711526 3.1211180 3.1215460 2.0789901 3.1548130 1.1411323 2.5883387 2.1778342 1.8409382 2.8601027 1.1411323 2.0975056 2.0987664 1.9650968 3.5223987 1.3152744 3.1199742 2.3912689 1.7780106 1.6384945 2.8395211 2.0297870 1.4018463 2.2456204 2.0386708 2.3332204 0.8042874 3.5307720 2.4930309 2.5295416 1.3592863 1.6615939 3.2596401 2.8303920 2.3748950 3.4764266 1.8998517 1.1411323 
Pbac_sb2650760                                         0.8481116 0.0000010 1.0608889 9.0000000 9.0000000 2.9164071 1.0078460 0.1217701 0.1217701 0.1217701 0.1217701 0.1529065 0.0461810 0.0000010 0.0000010 0.0000010 0.0000010 0.0000000 0.0000010 0.0446288 0.0000010 0.1158666 0.1158666 0.0965717 0.1450031 0.2068497 0.2714571 0.3722150 0.0000010 1.2119659 0.7722809 0.8193361 0.8193361 0.8339176 0.8533996 0.8363729 9.0000000 0.8648038 1.0176660 0.8987754 0.8965422 0.8052078 0.8847571 0.8643771 0.9472905 0.9472905 0.9008466 0.9472905 0.9472905 0.9356564 0.9356564 1.0283214 0.9305823 1.0375042 1.4153080 1.3331714 1.3331714 1.0962916 1.0721789 1.2545188 0.9936598 1.0548604 1.3921244 0.9651388 1.0873427 1.2184383 1.1059648 1.4462706 1.4783836 1.4951804 1.2152276 1.7742366 1.6057724 1.6057724 0.0000010 0.9382839 0.9382839 1.0467034 0.8874945 0.9014384 0.9712449 0.9747920 1.9288712 1.9422003 1.3084082 1.9071595 0.9080518 0.9414869 1.1100274 1.1986156 0.9406641 0.9296451 0.7003246 1.0968124 1.2886715 1.3280160 3.7584552 0.0000010 0.0000010 0.0000010 
Horcal_Hcv1.av93.c7.g721.i1                            2.5167702 2.6988234 1.5854642 2.1494378 1.7542151 2.7557205 1.7610038 0.5208148 0.7163514 0.7163514 0.7199478 0.7129741 0.7964547 0.7486734 1.0548909 1.0893607 1.0966631 0.0000010 0.0000000 0.4087158 0.4277621 0.4754843 0.4754843 0.7374896 0.4624863 0.6624928 0.5481464 0.2006940 0.5404666 0.6607098 1.4931903 1.4436873 1.5254394 1.4605556 1.3810750 1.5800101 2.2667624 1.4792498 1.7868125 1.4706395 1.7429246 1.7744629 1.5487335 1.7116730 1.5576577 1.5850845 1.5608993 1.5984855 1.7152224 1.6538198 1.4902807 1.6534368 1.4572543 1.7320464 2.0092550 1.9097797 1.9328847 2.0164823 2.0487153 2.1666481 1.5239423 1.4914054 1.7987313 1.6561270 1.9070050 1.6973625 1.7524989 1.3023272 2.0780180 1.9102891 1.7302602 2.0483369 1.3670396 1.8140300 1.4690994 1.4492855 1.6979284 1.5212983 1.7046913 1.4593209 1.6572130 1.7543194 1.9419999 1.6850526 1.7272536 1.7958900 1.7412508 1.8063229 1.3706555 1.7811715 1.8246066 1.6324413 1.6229344 1.6290681 2.0296113 2.1011044 3.0510112 2.1643191 1.6736193 0.0681722 
Mlei_ML0854.g5.i1                                      2.5844562 2.3630533 1.3914611 2.0570605 1.7537200 2.5547990 1.5914017 0.3912836 0.5075667 0.5075667 0.5115483 0.4618947 0.5029822 0.4155300 0.8583328 0.8867468 0.8962355 0.0446288 0.4087158 0.0000000 0.0000010 0.2630932 0.2630932 0.5390578 0.3360791 0.5226195 0.6310850 0.7537034 0.4217188 0.6255696 1.4697841 1.1995460 1.3388389 1.4136470 1.2813600 1.5659772 2.2555123 1.3658181 1.5991507 1.4681298 1.5806073 1.8675895 1.6588668 1.6115524 1.5248605 1.5641388 1.5402429 1.5870523 1.6739284 1.6144603 1.4842989 1.6428217 1.4035423 1.5915788 1.7051626 1.8395553 1.8611141 1.8902562 1.9256451 2.0017346 1.5122642 1.3744516 1.5435843 1.5769761 1.7086967 1.6846108 1.4570835 1.3653780 2.0598749 1.7199616 1.7443964 1.9505078 1.3565635 1.7208600 1.5497798 1.1712737 1.3439687 1.3545063 1.6906800 1.4190196 1.3649842 1.6257569 2.0345244 1.8127278 1.7553607 1.8851007 1.6062726 1.6512099 1.4241994 1.6508762 1.6895331 1.5777305 1.5438171 1.5357710 1.8320739 1.8949436 3.2979513 1.7221259 1.6799147 0.3604636 
Vmul_sbMO397031                                        2.8463406 1.6209027 1.4344496 1.5613706 1.3909468 1.9513690 1.5852721 0.6797112 0.4326441 0.4326441 0.4326441 0.4326441 0.3862531 0.3614923 0.4035786 0.4442150 0.4442150 0.0000010 0.4277621 0.0000010 0.0000000 0.3597658 0.3597658 0.4629688 0.3183937 0.4889244 0.6988115 0.6576613 0.4013676 0.4013676 1.6496651 0.9706920 1.0269457 1.2642782 1.1262258 1.3281715 1.2998917 1.1234884 1.3292527 1.3145621 1.4245728 1.5911916 1.4940286 1.2989069 1.4296236 1.4263542 1.4867263 1.4867263 2.1760235 1.5475194 1.5475194 1.3481218 1.2965726 1.6886055 1.5275296 1.6559655 1.6559655 1.8476613 1.6525781 1.7185337 1.3031001 0.9928752 1.4227164 1.3536505 1.4872705 1.6604955 1.2090021 0.0000010 1.6179275 1.5384963 1.9082028 2.0717560 0.0000010 2.0153313 1.4155895 0.9909634 1.3226309 1.6028340 1.4773610 1.0698531 1.3742083 1.6138457 1.7795033 1.6166644 1.8155669 1.6294167 1.7979126 1.5227424 1.4780540 1.5487977 1.4582707 1.6331901 1.4687530 1.0901299 1.9452032 1.4581581 1.7418028 1.3064651 1.2542637 0.0000010 
Mertsp_Mesp_sb556132                                   2.9738274 2.7845158 1.5670633 2.7075098 2.7304014 3.1156987 1.6824665 0.4215563 0.3942302 0.3942302 0.3942302 0.4449740 0.5296715 0.1714249 0.9905405 0.9905405 0.9905405 0.1158666 0.4754843 0.2630932 0.3597658 0.0000000 0.0000010 0.5294400 0.3516155 0.5147445 0.6340498 0.7607736 0.3615714 0.3855957 1.6567301 1.1780775 1.2316508 1.3014557 1.2012681 1.4696405 3.6737311 1.3704639 1.6549103 1.6902956 1.5429779 1.5519953 1.5154940 1.3364063 1.6565677 1.6574335 1.5781825 1.6933608 1.5979526 1.7275433 1.5181345 1.5674712 1.4705694 1.4898736 1.6213012 1.9114041 1.9114041 1.9582745 2.0408711 2.1446176 1.9098903 1.4586097 1.5024245 1.4150979 1.4951952 1.8257640 1.3794008 1.5676138 1.8736501 1.6744236 1.8552103 1.9409174 1.5407606 1.7026311 2.7160632 1.2788854 1.2605112 1.4611113 1.3228600 1.1005066 1.4451967 1.6347297 1.9480734 1.9315050 1.8316169 1.5890597 1.7035265 1.6146827 1.3358800 1.5150268 1.4806411 1.4406483 1.8001351 1.5498334 1.9031067 2.0166836 4.3976129 1.8903025 1.5403356 0.4483791 
Mertsp_Mesp_sb556133                                   2.9738274 2.7845158 1.5670633 2.7075098 2.7304014 3.1156987 1.6824665 0.4215563 0.3942302 0.3942302 0.3942302 0.4449740 0.5296715 0.1714249 0.9905405 0.9905405 0.9905405 0.1158666 0.4754843 0.2630932 0.3597658 0.0000010 0.0000000 0.5294400 0.3516155 0.5147445 0.6340498 0.7607736 0.3615714 0.3855957 1.6567301 1.1780775 1.2316508 1.3014557 1.2012681 1.4696405 3.6737311 1.3704639 1.6549103 1.6902956 1.5429779 1.5519953 1.5154940 1.3364063 1.6565677 1.6574335 1.5781825 1.6933608 1.5979526 1.7275433 1.5181345 1.5674712 1.4705694 1.4898736 1.6213012 1.9114041 1.9114041 1.9582745 2.0408711 2.1446176 1.9098903 1.4586097 1.5024245 1.4150979 1.4951952 1.8257640 1.3794008 1.5676138 1.8736501 1.6744236 1.8552103 1.9409174 1.5407606 1.7026311 2.7160632 1.2788854 1.2605112 1.4611113 1.3228600 1.1005066 1.4451967 1.6347297 1.9480734 1.9315050 1.8316169 1.5890597 1.7035265 1.6146827 1.3358800 1.5150268 1.4806411 1.4406483 1.8001351 1.5498334 1.9031067 2.0166836 4.3976129 1.8903025 1.5403356 0.4483791 
Coemet_Cmet_scaffold18366_01                           2.6154201 2.5522195 1.5632688 2.6779530 2.0267617 2.7138419 1.7940729 0.5653101 0.6491651 0.6491651 0.6491651 0.5952285 0.6566853 0.5097372 0.9857825 0.9857825 0.9857825 0.0965717 0.7374896 0.5390578 0.4629688 0.5294400 0.5294400 0.0000000 0.5591506 0.7031267 0.6457226 1.1000615 0.5714090 0.7589252 1.3726406 1.4354810 1.4429980 1.3632288 1.4707224 1.4841638 2.2532338 1.4886630 1.7431566 1.4171181 1.5146460 1.5396308 1.7108381 1.4085580 1.5805113 1.6415796 1.5845448 1.6360112 1.3999297 1.5751089 1.5248837 1.6141501 1.3926238 1.6013444 1.7559883 1.7613151 1.7947855 1.9313021 2.2946808 2.2650592 1.6613148 1.3723815 1.5519702 1.6870643 1.5885138 1.6056229 1.5173962 1.3233893 2.0481594 1.7210178 1.7422232 1.9047531 1.3526843 2.0209092 1.7666367 1.2296779 1.3190682 1.4408267 1.4394069 1.3981837 1.4282105 1.5848284 1.7802722 1.8390322 1.5613276 1.5985545 1.3767746 1.5634922 1.3753346 1.7020918 1.3427298 1.5610345 1.5068317 1.7072984 1.9375117 2.0369091 3.0227145 1.9599544 1.2532867 0.4709856 
Drygla_Dgla_sb278416                                   3.0701944 2.6208185 1.3990196 1.8227583 1.7821649 2.9549474 1.5127143 0.4576630 0.5122622 0.5122622 0.5122622 0.5493190 0.5051698 0.4372594 0.8536418 0.8536418 0.8536418 0.1450031 0.4624863 0.3360791 0.3183937 0.3516155 0.3516155 0.5591506 0.0000000 0.5422206 0.5796226 0.6214426 0.4255201 0.4785935 1.5626984 1.1986158 1.2646160 1.2833145 1.2262339 1.4258037 2.0693723 1.3620672 1.6129003 1.4954525 1.5805010 1.6469893 1.5461008 1.3711091 1.4382030 1.5262319 1.4881771 1.4802900 1.5723586 1.5380492 1.4035195 1.4848690 1.3584122 1.3495881 1.6824606 1.6353789 1.6245756 1.8501747 1.8546228 2.0917144 1.5241171 1.2736281 1.5037982 1.4430158 1.5373791 1.5744686 1.3835409 1.3897126 1.9240965 1.6912606 1.7092729 2.1131567 1.4749826 1.8237881 1.5810421 1.2648052 1.4506406 1.5452933 1.5585915 1.2978385 1.4153082 1.6841714 1.9492413 1.8689956 1.7414823 1.7164990 1.6189632 1.6257216 1.3893846 1.7142589 1.4894563 1.4917038 1.4551859 1.2940776 1.7515977 1.9167837 3.0248711 2.0533184 1.5926795 0.4286445 
Lampan_Lpan_16147_01                                   2.2827479 2.0659405 1.3420702 2.0731423 1.6337298 2.4371559 1.5111133 0.5963434 0.8116261 0.8116261 0.8116261 0.7338453 0.7903441 0.7001866 1.5168911 1.5168911 1.5168911 0.2068497 0.6624928 0.5226195 0.4889244 0.5147445 0.5147445 0.7031267 0.5422206 0.0000000 0.5180172 0.6973368 0.5722530 0.7843047 1.3623508 1.2279880 1.2722175 1.3146605 1.2025956 1.4838894 2.1690063 1.3579928 1.6071473 1.5054123 1.5356864 1.6607528 1.6311447 1.4745358 1.4729175 1.5391722 1.4165498 1.4850376 1.3342847 1.5735704 1.4633881 1.6229614 1.3987699 1.4394152 1.7423940 1.8202927 1.7758339 2.0023405 2.0244637 2.1367756 1.4080605 1.4284967 1.5421405 1.3771594 1.7635977 1.6858942 1.4894398 1.3512530 2.1167261 1.7092163 1.7351408 1.7883448 1.3353057 1.7316406 1.3469154 1.2513971 1.5441986 1.5001777 1.3788663 1.2157280 1.4331095 1.4552312 1.7737656 1.5785492 1.5265794 1.7680633 1.5883861 1.5460848 1.3210995 1.7395666 1.4605209 1.6548855 1.4316298 1.5672277 1.7756867 2.1103027 2.9585235 1.7954955 1.3593205 0.5102209 
Eupdun_Edun_sb10640324                                 3.2917628 2.5521793 1.4353673 1.9804677 2.1713667 3.2161819 1.6372286 0.7334824 0.6967015 0.6967015 0.6967015 0.7599408 0.7872651 0.6258529 0.6078582 0.6078582 0.6078582 0.2714571 0.5481464 0.6310850 0.6988115 0.6340498 0.6340498 0.6457226 0.5796226 0.5180172 0.0000000 0.6809357 0.5398070 0.5195887 1.3856413 1.1509340 1.1812963 1.1486027 1.1296627 1.2175230 2.0266435 1.2659257 1.2499404 1.3206883 1.3327019 1.3536825 1.3067997 1.1996313 1.3896633 1.4416103 1.4016121 1.4566777 1.5628345 1.4646485 1.2868487 1.5713501 1.3544655 1.5475953 1.5252312 1.6763308 1.6630227 1.9407322 1.8707668 1.9790027 1.5444869 1.0781791 1.2453900 1.2756913 1.4326321 1.2437963 1.2683669 1.3939887 1.7295944 1.5281797 1.6602720 1.7579291 1.2511212 1.5992980 1.1500093 1.2245545 1.4428646 1.4616541 1.2204831 1.0911230 1.4601643 1.4674515 1.6679262 1.6253747 1.7376276 1.7650637 1.6533993 1.4836008 1.3053044 1.2091701 1.3002777 1.2882636 1.7649698 1.3398459 1.6774858 1.6702569 3.0736919 1.4689952 0.6969965 0.7063049 
Pbac_sb2665769                                         3.1030014 2.9290007 1.9393633 2.0413944 2.0542702 2.4846778 1.9478211 1.6682811 1.0388702 1.0388702 1.0388702 1.0388702 1.0388702 0.5739400 0.0000010 0.0000010 0.0000010 0.3722150 0.2006940 0.7537034 0.6576613 0.7607736 0.7607736 1.1000615 0.6214426 0.6973368 0.6809357 0.0000000 0.3849218 0.3889632 2.3089301 1.4741348 1.5298064 1.3669321 1.3598816 1.5516279 1.5328993 1.5408213 1.5579181 1.5015569 1.5485562 1.8780654 1.5646102 1.7246482 1.6831547 1.9463151 1.7411259 1.8769856 2.1083605 1.6141310 1.6306179 1.9262245 1.8886590 1.9620593 1.9043052 2.0638315 2.0257950 2.5712887 2.7534245 3.2627206 1.8275468 1.3566052 1.9042684 1.8560916 1.4956055 1.9727258 1.5790404 0.9264288 2.3813663 1.7893662 1.9329891 2.3763073 0.7243711 2.2515084 0.9062154 1.3239198 1.5905671 1.6267747 1.3003536 1.1061515 1.7812449 1.6207165 1.9556209 1.5691762 2.3480264 1.2997192 1.8060190 2.2157721 1.3268588 1.8790453 1.7176165 1.3259965 1.7401563 1.1748336 2.2811932 1.9293929 2.9592743 1.5795083 0.8002236 0.0000010 
Bolinf_Binf_sb1295757                                  3.4750941 1.8507255 1.5738452 1.5990720 1.5195832 2.0970048 1.7350409 1.0662563 0.6251691 0.6251691 0.6328666 0.6257242 0.5777156 0.4820220 0.6696210 0.6183802 0.6329005 0.0000010 0.5404666 0.4217188 0.4013676 0.3615714 0.3615714 0.5714090 0.4255201 0.5722530 0.5398070 0.3849218 0.0000000 0.0069755 2.1539404 1.2759559 1.3924015 1.1751334 1.1838588 1.3961430 1.4247068 1.3867920 1.5010173 1.2148693 1.6197985 1.6294361 1.3830769 1.6138531 1.4619235 1.5121200 1.5656644 1.5656644 1.8437324 1.5064155 1.5064155 1.5914518 1.6542918 1.5683455 1.5229930 1.5723733 1.6702706 2.1198325 1.9867180 2.1857647 1.3631661 1.1406857 1.6077434 1.6512847 1.3643337 1.4762434 1.5344087 0.0000010 2.3287795 1.8108210 1.9707223 2.3081257 0.0000010 2.3802939 1.7019405 1.5136628 2.0085943 1.4898951 1.8126570 1.1744598 1.7107048 1.4410756 1.7585858 1.6386162 1.4307090 1.6728996 1.5863821 1.5225740 1.1791653 1.7056180 1.3417327 1.2875061 1.4884511 1.2566831 1.7503072 1.8825670 1.7783986 1.4497067 1.3232556 0.0000010 
Mertsp_Mesp_sb549558                                   3.0398930 1.8188985 1.7670641 1.9276795 1.5031381 2.0728677 1.9981363 0.8426331 0.8123689 0.8123689 0.8183305 0.6039732 0.5343521 0.4820220 1.0697040 1.0197967 1.0282864 1.2119659 0.6607098 0.6255696 0.4013676 0.3855957 0.3855957 0.7589252 0.4785935 0.7843047 0.5195887 0.3889632 0.0069755 0.0000000 1.8289713 1.5505446 1.7436638 1.5808255 1.4472870 1.6672415 1.7400440 1.5629939 1.6629454 1.1436880 1.7494843 1.6295601 1.5273616 1.6962886 1.8479339 1.8325949 1.9448604 1.9209180 1.6510224 1.7560204 1.7560204 1.9360199 1.7143028 1.8226043 1.8867550 1.9994832 2.1045818 2.4029795 2.1844642 2.4151875 1.2927490 1.3914891 1.9185578 1.8403461 1.5418732 1.6634294 1.6080803 0.0000010 2.4884777 2.0303327 1.9224385 2.1459685 0.0000010 2.2363871 1.7019405 1.4507114 1.8960608 1.4234827 1.9323475 1.3453787 1.6145360 1.4402533 2.0575423 1.5892689 1.2542313 1.7455692 1.6764737 1.8840234 1.1511720 1.9887138 1.4442862 1.5494825 1.4858399 1.7080660 2.0062389 2.3498392 2.2285306 1.7068168 1.5180715 0.0000010 
Nvec_v1g241132                                         2.1126321 3.0735804 1.1179184 3.0389245 3.0389245 2.3738148 0.9886642 1.3858417 1.3859203 1.3859203 1.3859203 1.5835980 2.0983367 1.0301966 1.1411323 1.1411323 1.1411323 0.7722809 1.4931903 1.4697841 1.6496651 1.6567301 1.6567301 1.3726406 1.5626984 1.3623508 1.3856413 2.3089301 2.1539404 1.8289713 0.0000000 0.5055556 0.5359590 0.5410033 0.5183093 0.6601339 3.2174677 0.5735044 0.6804897 0.8001687 0.7276444 0.6886989 0.8806664 0.6882471 0.9524740 1.0255830 0.9659711 0.9851753 0.9700565 0.9655113 0.7967583 1.2474205 0.8235471 0.8900031 1.1406403 1.0593985 1.0593985 1.2224774 1.3267883 1.3593583 1.0623256 0.9993165 0.9868844 0.8691538 0.9611053 0.9942369 1.0392320 0.9613359 1.1093480 1.1851728 1.8055610 1.5432451 1.0688945 1.3346113 7.1131952 0.8729634 0.8729634 1.4149861 1.0316753 0.8700534 0.9108693 1.4414659 1.3843111 1.3588047 1.0701759 1.6233627 0.6781442 0.9511187 1.1670036 1.1493039 0.7020440 0.8713167 1.3976173 1.1084389 0.9868040 1.3997432 4.3732679 2.1076217 2.0885719 1.3233789 
Spis_XP_022795304_1                                    2.0999523 1.7559356 1.0863973 1.9315311 1.5664548 1.9672594 1.2874337 1.3193491 1.4997749 1.4997749 1.4997749 1.3407718 1.2536425 1.0434900 2.6740727 2.6740727 2.6740727 0.8193361 1.4436873 1.1995460 0.9706920 1.1780775 1.1780775 1.4354810 1.1986158 1.2279880 1.1509340 1.4741348 1.2759559 1.5505446 0.5055556 0.0000000 0.0657991 0.2619313 0.2625225 0.4644336 0.9531092 0.3717354 0.9416594 0.7948601 0.9290238 0.9620651 0.8601784 0.7779635 1.1955527 1.2678150 1.2271796 1.2315973 1.1255216 1.3390492 1.2937818 1.1878831 0.8475303 1.0378102 1.3558031 1.2885579 1.2728752 1.4949881 1.5206048 1.4839039 1.0662624 0.9774244 1.0842903 0.9271378 1.2053988 0.9532091 1.0281731 0.9043704 1.7338885 1.5295323 1.6192468 1.7191990 1.1386444 1.5777361 1.6266544 1.0571907 1.1399794 1.5030858 1.1836326 1.1802774 1.0735556 1.4207371 1.8564212 1.5320027 1.1587253 1.6866598 0.8316120 1.1978448 1.0511572 1.3266798 0.7673199 0.9471577 1.2928983 1.1643269 1.3701892 1.3547175 2.8793114 1.3982800 1.6731458 1.3854436 
Pocdam_XM_027185053.1                                  2.0737434 1.8223722 1.1189176 1.9533557 1.6034134 1.9162299 1.3055628 1.3849150 1.6282437 1.6282437 1.6291636 1.4598847 1.3450722 1.1353192 3.0770965 2.9687689 2.9522973 0.8193361 1.5254394 1.3388389 1.0269457 1.2316508 1.2316508 1.4429980 1.2646160 1.2722175 1.1812963 1.5298064 1.3924015 1.7436638 0.5359590 0.0657991 0.0000000 0.2890860 0.2985758 0.5149074 1.0175123 0.4216525 0.9822537 0.8546755 1.0096250 1.0228670 0.9280740 0.8438641 1.2412971 1.3074454 1.2665426 1.2713278 1.1050119 1.4021214 1.3695893 1.2458864 0.8365238 1.1034548 1.4503288 1.3516950 1.3377172 1.6128016 1.5984584 1.5843738 1.1048685 1.0039450 1.1221215 0.9207075 1.3195629 0.9995776 1.1322970 0.9043704 1.7766615 1.5205585 1.6508254 1.8233077 1.1489336 1.5819688 1.5826355 1.0808129 1.1671637 1.6105457 1.2273559 1.2812852 1.0961090 1.4730331 1.9819951 1.5748279 1.1851182 1.7567459 0.8652460 1.2733161 1.0539073 1.3654532 0.8449414 1.0300788 1.3257921 1.2690464 1.3942149 1.3883653 2.9109987 1.4412567 1.8179208 1.3660245 
Gasp_gasp1.m3.19814.m1                                 2.0516688 1.3803542 1.1061409 1.7450690 1.4339436 1.7943655 1.2951964 1.3864874 1.5790375 1.5790375 1.5790375 1.3990911 1.4054027 1.0986941 2.5619503 2.5619503 2.5619503 0.8339176 1.4605556 1.4136470 1.2642782 1.3014557 1.3014557 1.3632288 1.2833145 1.3146605 1.1486027 1.3669321 1.1751334 1.5808255 0.5410033 0.2619313 0.2890860 0.0000000 0.2307549 0.4368468 0.8731642 0.3204877 1.0082411 0.7981109 1.0292994 0.9687196 0.9149470 0.8867747 1.2807081 1.3848216 1.3609321 1.3852756 1.2628833 1.4589159 1.3602959 1.2721586 0.9115265 1.1298215 1.4487243 1.3818497 1.3745583 1.4341522 1.5932264 1.5078432 1.2105707 1.1202218 1.1015994 0.9863057 1.2033346 1.0759282 1.0793953 0.8796206 1.6923761 1.4325135 1.6060339 1.7545202 1.1711483 1.7481828 1.6223302 1.1080717 1.2303536 1.4891172 1.2992169 1.2962304 1.2076041 1.4646083 1.8017739 1.4433743 1.3271857 1.6146935 0.8489022 1.1868407 1.0776456 1.3071386 0.7596107 0.8896551 1.4280015 1.2246580 1.4205022 1.5320810 2.8404367 1.4817111 1.8558127 1.2661674 
Fspp_ffun1.m4.25327.m1                                 2.2078721 1.6138046 1.0788449 1.7581537 1.4864029 1.9266028 1.3627452 1.2330094 1.5210953 1.5210953 1.5362230 1.3178036 1.1965600 1.1594904 3.0103192 2.8166455 2.8853462 0.8533996 1.3810750 1.2813600 1.1262258 1.2012681 1.2012681 1.4707224 1.2262339 1.2025956 1.1296627 1.3598816 1.1838588 1.4472870 0.5183093 0.2625225 0.2985758 0.2307549 0.0000000 0.4381816 0.8861803 0.3267771 0.8930274 0.7708883 0.9039932 0.9814681 0.9285305 0.8510489 1.2803249 1.3872879 1.3147905 1.3338432 1.1848034 1.4162525 1.3276549 1.2195259 0.8523103 1.0685448 1.4205822 1.3798564 1.3626386 1.5436602 1.6204443 1.5089178 1.1337477 1.0246979 1.0669541 0.8952304 1.1892095 0.9639334 1.0226844 0.8724760 1.6893746 1.5178717 1.6887623 1.8222075 1.1241179 1.6328261 1.4928183 1.0529819 1.1703591 1.4689505 1.1922572 1.2383403 1.2061535 1.4583172 1.8216380 1.5647245 1.2862072 1.5986413 0.8307023 1.2623711 1.0934242 1.3165088 0.8087171 0.9725441 1.3005743 1.2628154 1.4564753 1.3988913 2.7141261 1.3659472 1.2976974 1.2496072 
Amil_Amillepora00751-RA                                1.7958219 1.9275806 1.2372277 2.0731162 1.6853210 2.1628954 1.3757693 1.7644848 1.7899452 1.7899452 1.8062145 1.6141265 1.6344388 1.1752749 2.7166051 2.5555497 2.6147362 0.8363729 1.5800101 1.5659772 1.3281715 1.4696405 1.4696405 1.4841638 1.4258037 1.4838894 1.2175230 1.5516279 1.3961430 1.6672415 0.6601339 0.4644336 0.5149074 0.4368468 0.4381816 0.0000000 0.1395304 0.3105913 1.0413684 0.7983471 1.0333521 1.0379923 0.9784504 0.8933366 1.3629100 1.4025183 1.3404916 1.3223196 1.2539310 1.4502572 1.3587074 1.2826040 0.8657452 1.0889205 1.4628217 1.3679106 1.3699640 1.5129314 1.7291913 1.6251343 1.1923497 1.0216047 1.1020819 0.9369600 1.3002809 0.9991260 1.1932747 0.9381411 1.9140334 1.6356272 1.7514132 1.7913723 1.2481130 1.8357305 1.6673007 1.0607222 1.1865092 1.7838010 1.3367228 1.3988671 1.0976180 1.6320347 2.0080921 1.8409928 1.2556450 1.8580844 0.9586623 1.3620113 1.2235153 1.5250098 0.9280256 1.2043518 1.3955411 1.2746616 1.4787321 1.5186156 3.0484706 1.3368007 1.8691944 1.4958398 
Adig_XM_015897745.1                                    2.0256423 1.6527957 2.0887794 1.9887183 1.5304981 2.3332657 2.2577145 7.8102012 2.7160836 2.7160836 2.7470629 2.3920028 1.7282221 1.1714229 2.9523418 2.7667142 2.8329680 9.0000000 2.2667624 2.2555123 1.2998917 3.6737311 3.6737311 2.2532338 2.0693723 2.1690063 2.0266435 1.5328993 1.4247068 1.7400440 3.2174677 0.9531092 1.0175123 0.8731642 0.8861803 0.1395304 0.0000000 0.6318192 1.6649717 1.3267925 1.6857693 1.5957000 1.7380172 1.7830210 2.7010945 2.7188601 2.3930140 2.3397580 3.6778242 2.7256193 2.6781782 2.3150214 1.5455077 1.9868974 2.2628672 2.1370145 2.1322317 2.6746992 2.9409781 2.7502063 1.5863120 1.5315574 1.7280520 1.5723902 2.2357063 1.7260676 2.0113352 9.0000000 3.4768875 2.7189909 2.9178889 2.8065730 9.0000000 3.3259848 1.7216871 1.5834215 2.0672034 2.7066138 2.4505821 2.4581267 1.8805454 2.4061696 2.8982321 2.4056408 2.8209624 2.5787591 1.4065426 2.3450837 3.2481537 2.8160183 1.7136155 1.9695390 1.9243714 2.2629752 2.9561901 2.3638850 3.3153341 1.2486473 1.8472325 8.8419337 
