103
Emue_Em0006g1403a.t1                                   0.0000000 9.0000000 0.1784249 0.2293378 0.3756963 1.4048740 1.3810610 1.2870293 2.4826124 2.2769806 1.9123760 1.9356777 1.7839446 1.7737304 1.8661345 1.8651175 1.0610930 1.7135695 1.6905949 1.6984664 1.5979225 1.6979362 1.6824483 1.8593744 1.8842879 1.9378744 1.7364511 1.7718350 1.7348855 1.7240707 1.7970644 1.7155658 1.6563424 1.7724746 1.7137292 1.6045271 1.6485184 1.6378680 1.6577268 1.6564188 1.6629918 0.7715657 1.2690689 1.5515319 1.6406261 1.8051622 1.7671755 1.7559109 1.7597788 1.8356492 1.8639454 1.8776391 2.1195629 1.1531381 1.7571051 2.0786104 2.0907148 2.1846654 2.8342046 1.2109780 2.1023729 2.0441336 3.0893163 2.7868848 1.7448761 1.5817483 1.7293430 1.6920196 1.6940190 2.2032467 2.2200563 1.1859416 2.2487438 3.0182784 2.1251702 3.9601278 2.2594229 2.1528158 2.1874632 2.1472623 1.3806760 2.1298273 2.1062052 2.2083222 2.1256708 2.1090049 2.4635202 2.5582623 2.3120456 2.3120456 2.4257338 2.2141025 2.6375909 0.7724248 3.1558303 2.5586977 7.2983123 2.4650207 2.7918695 2.6927063 1.4301230 1.0497147 3.2682587 
Spolac_c98177_g1_i2_m.16631c98177-g1                   9.0000000 0.0000000 0.0261841 0.0261841 0.0000010 2.8389487 2.1262884 2.7553649 0.0000010 0.0000010 9.0000000 9.0000000 5.6305272 6.2380639 4.6148081 9.0000000 0.0000010 5.4029343 7.6944627 8.0226880 0.7740699 6.6638013 5.8211702 5.7101717 5.2534887 5.6610152 5.7332768 5.2426027 6.4252532 9.0000000 5.4561872 5.3030008 5.7263581 4.4372247 5.5312245 6.0409613 6.2166183 7.0983940 5.7078665 6.0367061 5.7432658 6.2641355 6.2641355 7.4561086 5.0032237 6.8552471 6.9334462 6.8276282 6.8276282 6.1042989 6.1042989 6.9840532 7.2695502 0.0000010 7.1324384 4.5397355 9.0000000 6.0613227 9.0000000 0.0000010 3.7574254 4.6232062 0.0000010 9.0000000 9.0000000 4.7816902 4.5152114 4.5152114 4.9119269 9.0000000 8.9999986 0.0000010 8.9999981 9.0000000 8.9999988 0.0000010 6.0584011 8.9999983 4.8488097 9.0000000 9.0000000 7.7491063 9.0000000 3.9852705 5.1179454 5.9617971 4.2703233 5.4679230 8.0308548 8.0308548 0.0000010 7.3675101 8.3409284 4.3762238 0.0000010 7.8753798 0.0000010 8.1016406 7.5037337 8.3330068 2.1180536 1.6109024 8.9999987 
Spolac_c98177_g1_i4_m.16635c98177-g1                   0.1784249 0.0261841 0.0000000 0.0000010 0.0233515 1.5712218 1.5194405 1.5120062 2.3506639 2.1752670 2.3506616 2.2815208 2.4982593 2.6192551 2.5837995 1.9461449 2.8488697 2.3475775 2.3586662 2.3755260 1.9723964 2.4165436 2.4165154 2.3848861 2.4728404 2.6223665 2.3490345 2.3622036 2.4405649 1.7829025 2.5034251 2.4931728 2.4596645 2.3844917 2.3561143 2.2724918 2.2802718 2.3673136 2.2743390 2.2184940 2.3364164 2.5195272 2.1853339 2.3013407 2.2410349 2.3708088 2.3568407 2.3866741 2.3901676 2.4315451 2.4499442 2.5924774 2.5879661 1.1473492 3.8018359 2.6621651 2.2417605 2.8184217 2.7694558 1.5976469 2.6414382 2.6246982 3.0584108 2.7247719 2.4834992 2.2797886 2.0779697 2.2721705 2.0974236 3.0023301 2.9122023 1.8449433 3.0012486 3.2820820 2.8097607 4.0550793 2.9017037 2.7245157 2.6311831 2.5844253 2.8711374 2.6117249 2.5276671 2.6167416 2.6712455 2.7341692 2.8882023 2.9603766 2.8507693 2.8507693 3.5939164 2.8581159 3.2833305 2.4633820 3.2659671 3.1055385 6.8608934 3.0827168 3.0250712 3.0006790 1.6922593 1.2151824 4.1665433 
Spolac_c98177_g1_i1_m.16628c98177-g1                   0.2293378 0.0261841 0.0000010 0.0000000 0.0300564 1.8748194 1.8352718 2.2295907 3.2368502 2.9728668 2.9983107 2.7140152 3.2265125 3.6959673 3.2965490 3.2717399 4.2554540 2.8154933 2.8870061 2.9156393 2.3099104 3.0121532 3.0397781 2.8392413 2.9468990 3.3452177 2.8306916 2.8378183 2.9499356 5.8826165 3.1290283 3.0588919 3.0923563 2.9415060 2.7551646 2.7893525 2.8053888 2.9124305 2.8161988 2.6374080 2.9053569 4.5442865 2.8372280 2.9567047 2.7834740 2.7719787 2.7562528 2.8192752 2.8192752 2.8794577 2.9202024 3.0306681 3.3226752 0.0000010 4.4234719 3.3899328 2.8954854 3.5894583 3.3708924 3.3176372 3.3564362 3.4120050 3.0928794 2.9618286 3.1890321 2.8249580 2.5134785 3.2002158 2.4894908 4.1616593 3.9918480 3.2176919 3.9336701 3.1549156 3.7231066 4.0550793 3.6862424 3.4821606 3.2103764 3.1513754 3.3335871 3.2157602 3.2738668 3.1541848 3.3144778 3.2377185 3.5812804 3.6454813 3.5420057 3.5420057 3.3327689 3.6055839 4.2755769 4.1199814 3.1133386 3.7395252 6.8608934 4.0688484 3.8290806 3.9918229 2.2008419 1.2920523 4.7508849 
Spolac_c98177_g1_i3_m.16632c98177-g1                   0.3756963 0.0000010 0.0233515 0.0300564 0.0000000 1.7300006 1.5920788 1.5975907 0.0000010 0.0000010 3.6041825 3.1478462 3.5281633 3.3443826 3.4861795 3.3709467 2.8488697 3.3746157 3.4535475 3.4901308 2.4137744 3.5437082 3.5725005 3.2009824 3.3387333 3.3452040 2.9962084 2.9801567 3.3146638 0.0000010 3.2921694 3.5120696 3.2497860 3.3017518 3.5640407 3.1320605 3.1541750 3.1571673 3.1870814 2.8852350 3.2642626 3.1617796 3.1960552 3.3939709 3.1213928 3.1848564 3.1717776 3.2340394 3.2454205 3.1798640 3.1739277 3.7064662 3.3916882 1.6361569 3.8018359 3.5674903 2.6117797 3.6797332 4.8983010 2.1177369 3.3706081 3.4875544 4.0580265 4.9926948 3.5221182 3.2560427 2.5647722 2.5176656 2.7024334 4.0418699 3.8980724 2.5365488 4.2811109 6.7490724 3.8794153 3.7674459 3.9845185 3.6709617 3.3235611 3.3225155 2.8252454 3.3463854 3.2660376 3.2678598 3.5762894 3.6331900 3.8038643 3.8484448 3.5741204 3.5741204 3.4385765 3.8626251 4.5003165 3.0079578 9.0000000 4.0297579 2.0105987 3.7755828 3.2880356 3.3206275 1.7969229 1.3090158 4.2136976 
Aque_Aqu2.1.39661_001                                  1.4048740 2.8389487 1.5712218 1.8748194 1.7300006 0.0000000 0.3655621 0.5757567 2.2466986 2.0028943 2.1068783 2.1400233 2.2982618 2.3955830 2.3141876 1.8172501 2.9531626 2.1026213 2.2039729 2.2059637 1.7905922 2.0659682 2.1273030 2.2058753 2.1200624 2.3640845 2.0327072 2.0169646 2.0847566 1.5787513 2.1982897 2.1769303 2.2059400 2.0745274 2.0839628 2.0023637 2.0408471 2.0791653 2.0177623 2.0324973 2.0545371 2.5376481 2.1249551 1.9787079 1.9247892 1.9406536 1.9391715 1.9285586 1.9334846 1.9690313 1.9846192 2.1393067 2.2728853 1.3047549 3.0586192 2.3925625 1.9681038 2.5867973 2.6333069 1.7303842 2.3762600 2.2984710 2.8318894 2.5234820 2.1137476 2.1008877 1.9626764 2.3219034 1.9351607 3.0934902 3.0626208 2.1034631 3.0421493 3.0004405 2.8403430 3.2463991 2.8491718 2.8015031 2.5731459 2.5023373 2.8077221 2.5136459 2.2845480 2.5269026 2.3591085 2.4696143 2.9732724 3.0589768 2.9971181 2.9971181 3.0165396 2.7749763 3.1739553 2.7703520 3.2470369 3.1903938 5.1747613 2.7685704 2.9378867 3.0272931 1.6802501 1.2498791 4.1592568 
Halamb_c51876_g1_i1m.31616                             1.3810610 2.1262884 1.5194405 1.8352718 1.5920788 0.3655621 0.0000000 0.4599967 2.3144867 2.1242496 2.2324036 2.1326823 2.1757710 2.3431106 2.2267544 1.9009423 2.7272264 2.0079060 2.0926753 2.1096357 1.7232287 2.0025556 2.0418446 2.1480108 2.0137082 2.1881314 1.8823018 1.8795810 1.8894587 1.6662978 2.0848153 2.0573015 2.1031280 1.9773832 1.9712854 1.9179660 1.9223823 1.9553312 1.8910263 1.9208839 1.9640004 2.1024775 1.9006434 1.8934544 1.8633222 1.8596812 1.8482693 1.8321376 1.8318309 1.9018482 1.9147324 2.0116734 2.1729172 1.3733436 2.8408443 2.2058143 1.8833276 2.3375739 2.4164801 1.7044157 2.2145371 2.1476496 2.7736435 2.4049462 2.0185702 1.9615731 1.8837956 2.2587905 1.8793894 2.9244971 2.8803509 1.9875171 2.8073005 2.8384439 2.7377181 3.3669345 2.7939078 2.6228981 2.3085431 2.4048340 2.8240657 2.4103455 2.1986641 2.4250972 2.3422937 2.4423503 2.7787610 2.7899723 2.6927047 2.6927047 2.6589799 2.6149389 2.9131752 2.5021625 3.1087903 3.0779870 4.6129716 2.7284248 2.8865347 2.8642204 1.5523498 1.0480666 4.0237639 
Xestes_maker-XT_scaffold4274-augustus-gene-0.15-mRNA-1 1.2870293 2.7553649 1.5120062 2.2295907 1.5975907 0.5757567 0.4599967 0.0000000 2.5851291 2.3637044 2.3750683 2.2879561 2.2830560 2.1872394 2.3101460 1.7849930 2.6003720 2.2228186 2.3688426 2.3769554 1.7972367 2.2119581 2.2189969 2.2425201 2.1835392 2.3746507 2.1623872 2.1677297 2.2617691 1.6085826 2.3608297 2.3207432 2.2435339 2.0929345 2.3244094 2.1314884 2.0835985 2.2635214 2.1860533 2.2476385 2.2170326 2.2592859 2.2321392 2.1017180 2.1517818 2.1648378 2.1761604 2.1500702 2.1494154 2.0774728 2.0876393 2.2335599 2.2375444 1.2331927 2.8664594 2.5473361 1.7888458 2.6772298 2.5801848 1.6529841 2.4776765 2.4496362 3.1025350 2.6288848 2.3323322 2.2436872 2.0706639 2.3002849 2.1489576 3.0676662 3.0587544 1.9605274 3.2036412 4.3404518 2.8096048 2.5423482 2.8461824 2.9141811 2.5084341 2.5946863 3.0061514 2.4879772 2.2885269 2.4991095 2.4674087 2.6441415 2.9639906 2.8677639 3.1692859 3.1692859 3.1522513 3.0035884 2.9454780 2.5341481 7.0036393 3.3698531 1.9029197 2.2801943 2.5654393 2.7625482 1.5980575 1.2953925 4.0701575 
Lcom_lcpid168791                                       2.4826124 0.0000010 2.3506639 3.2368502 0.0000010 2.2466986 2.3144867 2.5851291 0.0000000 0.0000010 0.3698237 0.5938581 1.4013360 1.5412303 1.3339034 1.5813928 0.0000010 1.2515210 1.4315759 1.4315759 1.4650496 1.7745254 1.7160540 1.5823835 1.6744971 1.5441555 1.7082490 1.7325234 1.6280247 1.8978016 1.7049830 1.4534186 1.6646470 1.5447343 1.3781852 1.3694779 1.4491214 1.3112343 1.5034244 1.7598220 1.3539968 0.7371739 0.8296594 1.4436373 1.2446663 1.7853947 1.7665828 1.7900641 1.7900641 1.6809071 1.6809071 1.5513485 1.5119081 1.5103118 0.0000010 1.5632096 1.6082899 1.5962852 1.2308615 1.6922240 1.6679041 1.6356808 1.4587827 1.7233742 1.3317480 1.7984778 1.1623237 1.4068480 1.4411195 2.4887303 2.4247019 9.0000000 2.1971788 2.9446051 2.2218086 3.3096079 2.4821982 2.1454399 2.4283705 2.3333908 0.0000010 2.5723732 2.3973083 2.7318574 2.2455112 2.5241566 3.3298754 3.6401207 3.1594917 3.1594917 1.8933416 3.2713011 3.0766211 0.0000010 3.3551989 4.6450813 0.0000010 1.7273333 3.0117185 3.3579843 2.6746623 0.0000010 3.8946107 
Lcom_lcpid171011                                       2.2769806 0.0000010 2.1752670 2.9728668 0.0000010 2.0028943 2.1242496 2.3637044 0.0000010 0.0000000 0.3906532 0.6318738 1.3333331 1.4449699 1.2382187 1.4779505 0.0000010 1.1477450 1.3018501 1.3018501 1.3397422 1.6176034 1.5558798 1.4537114 1.5430322 1.4189829 1.6032472 1.6275304 1.5379695 1.8279927 1.5927568 1.3380699 1.5397493 1.4464218 1.2666270 1.2568067 1.3347805 1.1716202 1.4198721 1.7332677 1.2661746 0.5721224 0.6587915 1.3646747 1.1467009 1.7133169 1.6948812 1.6959187 1.6959187 1.6110658 1.6110658 1.4733861 1.4461357 1.4151221 0.0000010 1.4957272 1.5409386 1.5396564 1.1993502 1.6803157 1.6562848 1.5719641 0.9853917 1.7041323 1.2559602 1.6169364 1.1071773 1.3694756 1.3664770 2.2650289 2.2038729 9.0000000 2.0143467 2.4497093 2.0271537 2.7226349 2.2892579 1.9855986 2.1731058 2.1686519 0.0000010 2.3719484 2.1748058 2.4962437 2.1172387 2.3204294 3.1041576 3.3360343 2.9542182 2.9542182 3.9283051 3.0446354 2.9127330 0.0000010 1.5912323 4.4865685 0.0000010 1.6152245 2.7357823 3.0181606 2.6368616 0.6247480 3.8946107 
Leuniv_Lniv_scaffold23556_01                           1.9123760 9.0000000 2.3506616 2.9983107 3.6041825 2.1068783 2.2324036 2.3750683 0.3698237 0.3906532 0.0000000 0.4989536 1.4645455 1.6080597 1.5051938 1.2054675 2.2881928 1.4411253 1.5042066 1.5112848 1.5746334 1.5863228 1.6647669 1.5744600 1.4705877 1.7901161 1.4953250 1.5560592 1.5548370 1.2695938 1.5813343 1.4838769 1.6384073 1.5656957 1.4729018 1.4091838 1.4040420 1.3654297 1.4095685 1.5280184 1.3822025 1.7222853 1.3479714 1.4182879 1.4133420 1.6222670 1.6038936 1.6176587 1.6232948 1.6713209 1.6850902 1.8007644 1.8682244 1.0517889 3.3089546 1.9228160 1.6424258 1.8846721 1.4892285 1.5205815 1.9793992 1.9300734 2.3214145 2.0130460 1.5036421 1.7153138 1.4110794 1.7350967 1.3896205 2.1940239 2.2218527 1.9391375 2.2272883 2.4302159 2.0778780 2.6961842 2.2994101 2.1528027 2.1494359 2.0892033 4.5817154 2.1230455 2.2318695 2.1527209 2.0039983 1.9898406 2.5709808 2.8043082 2.3470076 2.3470076 4.7256906 2.2353298 2.8280045 1.4165127 2.5946434 2.8710204 5.8223770 2.3623638 2.7012890 2.6078221 2.3779173 2.3545694 1.2464523 
Gracom_Gcom_scaffold19088_01                           1.9356777 9.0000000 2.2815208 2.7140152 3.1478462 2.1400233 2.1326823 2.2879561 0.5938581 0.6318738 0.4989536 0.0000000 1.4827377 1.6399387 1.4771457 1.3404896 1.8756445 1.5209953 1.5553713 1.5556304 1.5447106 1.5248030 1.6043474 1.6707224 1.5068057 1.7304150 1.4235293 1.4899115 1.4938752 1.4506557 1.5644651 1.5035115 1.6349040 1.5390688 1.5215641 1.4768811 1.4379942 1.4470267 1.4650617 1.5904093 1.4569130 1.8414324 1.4015779 1.4467115 1.4806355 1.6317651 1.6166601 1.6291106 1.6344416 1.6738405 1.6787736 1.8299618 1.9626160 1.2107712 2.8082925 1.9805995 1.7460191 1.9896398 1.6184443 1.6737559 2.0658181 2.0013991 2.4395565 2.0879865 1.5414497 1.6535129 1.4305804 1.7516918 1.4123769 2.3814858 2.5030446 1.9925737 2.3651986 2.5252479 2.1779148 2.8394625 2.2854578 2.3191156 2.2034479 2.1139060 3.7545446 2.1380630 2.2355760 2.2940441 2.0563825 2.0247694 2.7209013 2.8422544 2.5735675 2.5735675 4.2762503 2.4511236 3.0650145 1.3164506 2.7246201 2.9361799 6.0192820 2.4246091 2.8484588 2.5290764 2.3045680 2.2237643 0.5699049 
Lcom_lcpid20629                                        1.7839446 5.6305272 2.4982593 3.2265125 3.5281633 2.2982618 2.1757710 2.2830560 1.4013360 1.3333331 1.4645455 1.4827377 0.0000000 0.4736134 0.4681869 0.3569651 0.5001740 1.7543896 1.7728303 1.7910713 1.4732755 1.8437479 1.8762153 1.9877509 1.9114415 1.8707474 1.7749930 1.7772820 1.7481138 1.1556846 1.7539397 1.7774443 1.8322535 1.7676371 1.7502251 1.6923983 1.6682347 1.7485851 1.7465570 1.6477707 1.6460223 1.9285498 1.7549915 1.6595737 1.7342086 1.7435108 1.7155610 1.6944937 1.6992218 1.7700369 1.7994329 1.9083436 2.0353826 0.9007082 3.2905177 2.1454932 1.6322744 2.1806939 1.4027733 1.2527589 2.1925053 2.1946963 2.4419597 2.0391542 1.7756403 1.7721052 1.4420912 1.5585280 1.4914236 2.4959654 2.5881499 1.5823133 2.7010048 3.1949324 2.2246408 3.2460596 2.3281891 2.2718512 2.1883046 2.1266478 3.2087410 2.1603186 2.0687807 2.1616949 2.2820473 2.1264033 2.3725448 2.6148466 2.3583724 2.3583724 3.3105462 2.3229467 2.8162022 1.0121519 2.8855349 2.6139194 5.2816358 2.4813618 2.8426419 2.5219135 2.2632069 2.3827954 3.3699175 
Gracom_Gcom_scaffold14495_01                           1.7737304 6.2380639 2.6192551 3.6959673 3.3443826 2.3955830 2.3431106 2.1872394 1.5412303 1.4449699 1.6080597 1.6399387 0.4736134 0.0000000 0.4120026 0.3330736 0.4717247 1.8495812 1.9078043 1.9248165 1.6029129 1.9570960 2.0431571 2.0226577 2.0317569 1.8286934 1.8365415 1.8329388 1.8342069 1.2596219 1.8140845 1.9053557 1.8541425 1.8484447 1.8707758 1.7669590 1.7184562 1.8228765 1.8095397 1.7443695 1.6874485 1.9546535 1.8197028 1.8085141 1.8294206 1.9359685 1.8939501 1.9118692 1.9181373 1.9212978 1.9201792 2.0515373 2.1720027 0.9121053 3.5139037 2.3029010 1.6177365 2.3425386 1.4491255 1.3433244 2.3496120 2.3256159 2.5563926 2.1885815 1.9456906 1.8452239 1.5225286 1.6674618 1.6520515 2.6798767 2.7434477 1.4724827 2.7908838 3.9317614 2.4800437 3.2841226 2.4213807 2.4363633 2.2892729 2.3755293 3.2434879 2.3755322 2.1788137 2.4268205 2.4284746 2.0993963 2.7736256 2.9757018 2.6723661 2.6723661 3.4065460 2.5672650 2.8293721 1.1113937 4.9533340 2.9343796 5.4541942 2.2745637 3.0398028 2.6206369 2.3857270 2.6811910 3.7595031 
Scil_scict008854.2                                     1.8661345 4.6148081 2.5837995 3.2965490 3.4861795 2.3141876 2.2267544 2.3101460 1.3339034 1.2382187 1.5051938 1.4771457 0.4681869 0.4120026 0.0000000 0.3055185 0.5495209 1.8463573 1.9016943 1.9191618 1.5347132 1.9676093 1.9613969 2.0380848 1.9964958 2.0274846 1.7890711 1.8232798 1.8298541 1.1703491 1.8761148 1.9254085 1.9451103 1.8931452 1.8717282 1.8013362 1.7760948 1.8911663 1.8703533 1.7414267 1.7528244 2.3025539 1.9168642 1.7623794 1.8117385 1.7919077 1.7673127 1.8061874 1.8111765 1.8681156 1.8716389 2.1009697 2.0862564 0.9213938 3.4162888 2.1943752 1.6785377 2.2966724 1.4973614 1.3121837 2.2873751 2.2990153 2.3362001 2.1178717 1.9543251 1.8005578 1.5901797 1.7657425 1.5713510 2.6139988 2.7115325 1.5957530 2.8374081 3.3253765 2.3481675 3.3643885 2.4279263 2.3856374 2.1248092 2.1956535 3.1918153 2.1743660 2.1197709 2.1633389 2.4020511 2.1137145 2.5409831 2.8440542 2.5907140 2.5907140 3.5159071 2.4503505 2.9327011 1.0843544 3.3472809 2.7577002 5.0618015 2.5445303 2.8988476 2.5005728 2.5533318 2.4303342 3.8493193 
Leuniv_Lniv_C778245_01                                 1.8651175 9.0000000 1.9461449 3.2717399 3.3709467 1.8172501 1.9009423 1.7849930 1.5813928 1.4779505 1.2054675 1.3404896 0.3569651 0.3330736 0.3055185 0.0000000 0.0000010 1.1950547 1.2758140 1.2758140 1.0381637 1.3945463 1.4365030 1.3969812 1.4133365 1.3241677 1.2968208 1.3030260 1.3290366 1.2544584 1.4353942 1.1563133 1.1774374 1.4122337 1.0664530 1.0780727 1.1026930 1.0569339 1.1157826 1.4722598 1.0589104 0.2901772 0.3153479 1.1440781 1.0726401 1.2612560 1.2365835 1.2236937 1.2236937 1.2540820 1.2540820 1.1550985 1.4808319 1.0979221 0.0000010 1.4652501 1.4923686 1.4977325 1.6319441 1.0604614 1.4979423 1.5577382 2.9714711 1.9855279 1.1831891 1.2390256 0.9736729 1.2798789 1.1604813 1.8383075 1.8604689 0.9770501 1.7914635 3.5417348 1.8648997 4.1709373 2.0554316 1.9601133 1.9265504 1.9472218 0.0000010 1.8516958 1.9186655 2.1009690 1.6501985 1.4858561 1.9901029 2.2400098 2.3278652 2.3278652 5.9687159 2.1048287 1.9346990 0.1147954 8.8553102 2.3069822 0.0000010 1.5016697 2.6007100 2.1353575 2.1653428 1.6342338 0.0000010 
Leuniv_Lniv_scaffold5851_01                            1.0610930 0.0000010 2.8488697 4.2554540 2.8488697 2.9531626 2.7272264 2.6003720 0.0000010 0.0000010 2.2881928 1.8756445 0.5001740 0.4717247 0.5495209 0.0000010 0.0000000 2.5753830 2.3328551 2.3274165 1.9463990 2.4715454 2.6440980 2.7859706 2.7298975 2.2858020 2.2638907 2.2345800 2.4743524 0.0000010 2.4686223 2.6127520 2.6713792 2.5496917 2.9718015 2.4748457 2.3499649 2.4230744 2.6643992 1.8273988 2.3183116 2.1294080 2.1294080 2.4123877 2.2093428 2.3281655 2.2667794 2.2942482 2.3146705 2.2895906 2.3073540 2.8318274 2.5467338 0.8850513 3.0806397 2.8085489 1.5173931 2.6630492 0.0000010 1.6602135 2.8048960 2.7152905 1.8249019 0.0000010 2.3280518 2.3656879 1.9572543 1.9572543 2.1537169 2.6849580 2.8440180 1.7924510 3.1669695 8.9999982 2.5683302 0.0000010 2.7897071 2.2369323 2.5546751 2.4379419 2.5938198 2.3248317 2.5115125 2.6799211 3.3486780 2.6800078 2.8877768 2.8776993 2.5489142 2.5489142 3.3994083 2.6979873 3.1461223 1.0278618 6.7242775 3.1317465 1.8668270 2.6782049 3.2460919 3.0087595 2.7696104 2.8069697 3.0646473 
Bralan_BLAG06001168_1                                  1.7135695 5.4029343 2.3475775 2.8154933 3.3746157 2.1026213 2.0079060 2.2228186 1.2515210 1.1477450 1.4411253 1.5209953 1.7543896 1.8495812 1.8463573 1.1950547 2.5753830 0.0000000 0.9231122 0.9272646 0.5898705 0.9260801 0.9614305 1.0124846 0.8973043 1.4568669 1.3497009 1.3209764 1.3461608 0.8060492 1.3636874 1.3149903 1.3970477 0.8832158 1.2711495 1.1803318 1.1482761 1.1945302 1.1543063 1.2048778 1.1343075 1.5852249 1.2497953 1.1009079 1.1941647 1.2976328 1.2942272 1.2776059 1.2809880 1.3122937 1.3394253 1.4071131 1.8640597 0.8611489 2.8247847 1.9907724 1.4487852 2.0555208 1.4436404 1.2260070 1.9942888 1.9642530 2.0742460 1.8388627 1.4073637 1.0325330 1.4228474 1.6516743 1.3832660 2.4190187 2.4116413 1.6239467 2.3877343 2.5468294 2.1632236 3.0972110 2.1720442 2.1146980 2.0097715 1.9213312 2.7468296 2.0075979 2.0418169 1.9141772 1.3075016 1.3673943 2.3161662 2.6515699 2.4288196 2.4288196 3.0624068 2.3557047 2.6358963 2.2222865 2.6629969 2.4478611 5.8870805 1.6745185 2.3595936 2.3779661 2.5129493 2.4722617 5.2071966 
Spur_XM_030994982.1                                    1.6905949 7.6944627 2.3586662 2.8870061 3.4535475 2.2039729 2.0926753 2.3688426 1.4315759 1.3018501 1.5042066 1.5553713 1.7728303 1.9078043 1.9016943 1.2758140 2.3328551 0.9231122 0.0000000 0.0100705 0.5603791 1.0249722 0.9717510 1.0713124 1.1032218 1.5426957 1.3913876 1.3885471 1.4487573 0.8332843 1.4947730 1.3672918 1.4573030 1.0220263 1.3104023 1.2416499 1.2056283 1.2601483 1.2481353 1.3125779 1.1980965 1.7200454 1.3347209 1.1638104 1.2708351 1.3198934 1.3184005 1.3142890 1.3177575 1.3516660 1.3716842 1.4381664 1.8624552 0.9313552 2.6707863 2.0306280 1.5281237 2.1872444 1.3528609 1.2823804 1.9864743 1.9410272 2.2638313 1.9346795 1.4303865 1.0848594 1.5780295 1.8737301 1.5889384 2.4921386 2.5592304 1.5024911 2.6277661 2.7880315 2.3025611 3.6228900 2.4117867 2.1635388 2.0540939 1.9271688 2.8947689 2.0830166 2.0578010 2.0467643 1.4867367 1.4640915 2.3452030 2.6005747 2.4546335 2.4546335 2.8125071 2.3273288 2.8216980 2.1479831 2.6655820 2.6441983 5.4869077 1.7616772 2.3962600 2.2738438 2.4806675 2.4411333 4.3482617 
Spur_XM_030993211.1                                    1.6984664 8.0226880 2.3755260 2.9156393 3.4901308 2.2059637 2.1096357 2.3769554 1.4315759 1.3018501 1.5112848 1.5556304 1.7910713 1.9248165 1.9191618 1.2758140 2.3274165 0.9272646 0.0100705 0.0000000 0.5674097 1.0234873 0.9657286 1.0829606 1.1109495 1.5501307 1.3981527 1.3971100 1.4538117 0.8332843 1.4924261 1.3816386 1.4533050 1.0272574 1.3111226 1.2419638 1.2078278 1.2627015 1.2567321 1.3240815 1.2012155 1.7266452 1.3379924 1.1648385 1.2849859 1.3320527 1.3238246 1.3196821 1.3231609 1.3543150 1.3743317 1.4405244 1.8544610 0.9313552 2.6417245 2.0258893 1.5324178 2.1904075 1.3528609 1.2823804 1.9758920 1.9428240 2.2637192 1.9348717 1.4254182 1.0953875 1.5836612 1.8702469 1.5964544 2.5130556 2.5589959 1.5062538 2.6293985 2.8107761 2.3153312 3.6687051 2.4185927 2.1951746 2.0873424 1.9341774 2.8947689 2.0999619 2.0597115 2.0630424 1.4945821 1.4761575 2.3734570 2.6069896 2.4634680 2.4634680 2.8125071 2.3497995 2.8256814 2.1553170 2.7114997 2.6636154 5.7392007 1.7639142 2.4035146 2.2866572 2.4734820 2.4531776 4.3669263 
Skow_XM_006825131.1                                    1.5979225 0.7740699 1.9723964 2.3099104 2.4137744 1.7905922 1.7232287 1.7972367 1.4650496 1.3397422 1.5746334 1.5447106 1.4732755 1.6029129 1.5347132 1.0381637 1.9463990 0.5898705 0.5603791 0.5674097 0.0000000 0.6775173 0.6906591 0.7867848 0.7494143 1.2291463 0.9514959 0.9994920 1.0143212 0.5419407 1.0555946 1.0363413 1.1462800 0.7726240 0.9502364 0.8747189 0.8450429 0.8131039 0.8753651 0.9886866 0.8508044 0.9606462 0.8673805 0.8871536 0.9010521 0.9879219 0.9839736 0.9802362 0.9841912 0.9963216 1.0249983 1.1335776 1.7967123 0.9714911 2.2828238 1.7591857 1.5704372 1.7800012 2.5215323 1.2853281 1.8362677 1.7274831 2.4633953 2.4065915 0.9967295 0.8591730 1.3380226 1.5966123 1.2707435 2.0328161 2.0399887 1.4662286 2.0555724 2.5778901 1.8314971 3.8172689 2.0248886 1.7994735 1.7867656 1.7154480 2.3979879 1.7272470 1.7961849 1.7081756 1.1674763 1.1862321 1.8871075 2.0791103 1.7897872 1.7897872 2.4794548 1.7350483 2.2426971 1.4155645 2.3700393 2.0861164 7.0012538 1.7039851 2.4306273 2.0445690 1.8559558 1.9063889 3.2038602 
Acagra_model.g727.t1_model.g728.t1                     1.6979362 6.6638013 2.4165436 3.0121532 3.5437082 2.0659682 2.0025556 2.2119581 1.7745254 1.6176034 1.5863228 1.5248030 1.8437479 1.9570960 1.9676093 1.3945463 2.4715454 0.9260801 1.0249722 1.0234873 0.6775173 0.0000000 0.6747309 1.2020529 1.1393512 1.4806492 1.3455287 1.3134928 1.3639297 0.7360306 1.4264841 1.2965990 1.4204175 0.7868459 1.3112421 1.2542566 1.2438041 1.3130653 1.2586493 1.3654235 1.2577740 1.6848690 1.3316692 1.1647263 1.2371224 1.3584630 1.3535683 1.3336080 1.3371324 1.3348045 1.3563269 1.4264516 1.9471843 0.9368083 2.7650176 2.1647056 1.5766976 2.2836064 1.7783979 1.1854269 2.1130419 2.1224901 2.3194737 2.0261277 1.3987751 1.0180552 1.4926060 1.8612018 1.4266236 2.4476838 2.4578941 1.5126160 2.5678293 2.7119527 2.1906195 3.1928504 2.2942478 2.2042863 2.1349201 1.7954597 2.1249736 2.1316656 1.8695656 1.9512381 1.4324750 1.4640142 2.3209667 2.5617485 2.4715088 2.4715088 2.5538845 2.3573709 2.8053857 2.2310456 2.9171562 2.5785980 4.9677467 1.7548799 2.3563676 2.2975186 2.4236446 2.4450981 4.7103094 
Cgig_XM_034471027.1                                    1.6824483 5.8211702 2.4165154 3.0397781 3.5725005 2.1273030 2.0418446 2.2189969 1.7160540 1.5558798 1.6647669 1.6043474 1.8762153 2.0431571 1.9613969 1.4365030 2.6440980 0.9614305 0.9717510 0.9657286 0.6906591 0.6747309 0.0000000 1.1451161 1.0812838 1.5111598 1.3697776 1.3455904 1.3527617 0.7457770 1.4455195 1.4202521 1.4098120 0.8080362 1.3771373 1.3035798 1.2729639 1.2923349 1.2920118 1.3636458 1.2911739 1.6812682 1.3541662 1.2675029 1.2628678 1.3481378 1.3524972 1.3180920 1.3215528 1.3744965 1.3957945 1.4651559 1.8277117 0.9062036 2.7008436 1.9171544 1.4556783 2.0114597 1.5617772 1.1109493 1.9809899 1.9655631 2.2400015 1.8938155 1.3416595 0.9979942 1.5887863 1.9661663 1.5125592 2.4096612 2.4733708 1.4711481 2.6336160 2.8628435 2.0074720 3.0398879 2.1779745 2.1690096 2.0158789 1.8460470 2.4340332 2.0536167 1.9791694 1.9239921 1.4334657 1.5190487 2.3965947 2.5509797 2.4053621 2.4053621 2.7045793 2.2801662 2.6630168 2.2509444 2.8700750 2.6583405 4.0759385 1.7159825 2.4818782 2.1809461 2.5039530 2.3204872 4.2419021 
Hsap_ENST00000356834                                   1.8593744 5.7101717 2.3848861 2.8392413 3.2009824 2.2058753 2.1480108 2.2425201 1.5823835 1.4537114 1.5744600 1.6707224 1.9877509 2.0226577 2.0380848 1.3969812 2.7859706 1.0124846 1.0713124 1.0829606 0.7867848 1.2020529 1.1451161 0.0000000 0.5700642 1.6025194 1.4050010 1.3987448 1.4419603 1.0053143 1.5738473 1.4649982 1.4938272 1.0639484 1.3564809 1.3022114 1.2920792 1.3083388 1.3444125 1.4070672 1.3204304 1.6500123 1.3817196 1.3331134 1.3287520 1.3670927 1.3569220 1.3710310 1.3746763 1.3840277 1.4060275 1.4503484 1.9183569 1.0108799 2.7251243 2.0469851 1.6806213 2.1854764 1.5224020 1.4424529 2.1021759 2.0156703 2.2083235 2.0170021 1.4659862 1.2211613 1.5490075 1.8043656 1.4818265 2.5659963 2.5287747 1.7850075 2.6108247 2.7683462 2.2114481 3.0952655 2.3498289 2.1037157 2.2038861 2.0238765 3.0335912 2.1407869 2.0129896 1.9935633 1.0983365 1.0454992 2.4032957 2.6121244 2.6239335 2.6239335 3.2012955 2.5033395 2.7936389 2.1142004 2.7949576 2.8033862 5.7109480 1.9353864 2.4721608 2.3158782 2.3951317 2.4860717 4.3553058 
Hsap_ENST00000442267                                   1.8842879 5.2534887 2.4728404 2.9468990 3.3387333 2.1200624 2.0137082 2.1835392 1.6744971 1.5430322 1.4705877 1.5068057 1.9114415 2.0317569 1.9964958 1.4133365 2.7298975 0.8973043 1.1032218 1.1109495 0.7494143 1.1393512 1.0812838 0.5700642 0.0000000 1.4780779 1.3204629 1.3116869 1.3624723 0.9358788 1.4309935 1.3461288 1.4989166 1.0563773 1.2835536 1.2105062 1.1652856 1.2161281 1.2115501 1.3242397 1.2152382 1.7196681 1.3733645 1.2451035 1.2053641 1.3020469 1.3119661 1.3114513 1.3149428 1.3031818 1.3339126 1.3787841 1.9343944 0.9619075 2.8923127 2.0696156 1.6432512 2.1466093 1.5649156 1.2900692 2.0867215 2.0453419 2.2661570 2.0280503 1.3988035 1.1580798 1.5140109 1.8400776 1.4390700 2.4503940 2.4295624 1.8337801 2.4839300 2.4062325 2.1481624 2.9990474 2.2620913 2.0639813 2.0291243 1.9202059 2.7873482 2.0287317 1.9729953 1.9197730 1.0847377 1.0468344 2.3188108 2.5464575 2.4276910 2.4276910 3.1064398 2.3293009 2.8057799 2.3504604 2.6204818 2.6501774 5.0228908 1.9082348 2.4087364 2.2174765 2.4645918 2.5116833 4.1934550 
Morvir_scaffold169.g36.t1                              1.9378744 5.6610152 2.6223665 3.3452177 3.3452040 2.3640845 2.1881314 2.3746507 1.5441555 1.4189829 1.7901161 1.7304150 1.8707474 1.8286934 2.0274846 1.3241677 2.2858020 1.4568669 1.5426957 1.5501307 1.2291463 1.4806492 1.5111598 1.6025194 1.4780779 0.0000000 0.7360217 0.6850248 0.7081765 0.3395613 0.7171905 0.9615688 1.0259797 1.3847428 1.2698447 1.2111557 1.1999630 1.2478813 1.2184154 1.2759602 1.1928727 1.3486916 1.2763793 1.1295749 1.1671549 1.3809834 1.3960016 1.3845832 1.3882862 1.3871952 1.4151752 1.3821244 2.0713802 0.8884056 3.0421281 2.1182079 1.6332565 2.2482559 1.5360072 1.2013505 2.1570159 2.1414638 2.1002496 2.1855586 1.3567655 1.4708247 1.4831605 1.5464037 1.5259085 2.3952832 2.4625281 1.4729394 2.5755515 2.8101106 2.1665431 2.8949183 2.2854758 2.1392419 2.1715934 1.9854358 2.3404094 2.0009140 1.9652570 1.8924360 1.9425689 1.7941374 2.4724246 2.7140860 2.3579230 2.3579230 2.6933620 2.3612014 2.5954696 1.8870345 3.3774730 2.6175083 5.9759954 2.2074368 2.3386611 2.4425598 2.3587408 2.6443951 3.8877357 
Nemnom_g2684.t1                                        1.7364511 5.7332768 2.3490345 2.8306916 2.9962084 2.0327072 1.8823018 2.1623872 1.7082490 1.6032472 1.4953250 1.4235293 1.7749930 1.8365415 1.7890711 1.2968208 2.2638907 1.3497009 1.3913876 1.3981527 0.9514959 1.3455287 1.3697776 1.4050010 1.3204629 0.7360217 0.0000000 0.1235237 0.2676824 0.1713087 0.4539167 0.8810135 0.9182052 1.2294724 1.1068818 1.0602041 1.0231774 1.0643168 1.0735089 1.1670933 1.0489705 1.4180982 1.1164446 1.0129698 1.0360704 1.1434491 1.1339230 1.1460130 1.1491226 1.1734566 1.2050783 1.2594606 1.8510206 0.9908727 2.6617799 1.9167776 1.4772548 2.0214434 1.5687006 1.2802095 1.9942519 1.9906897 2.2433938 1.9479673 1.2846338 1.2489377 1.2106501 1.3761756 1.3679459 2.3274860 2.3842160 1.4706762 2.3935609 2.5042364 2.0360498 2.9639760 2.1656448 2.1311502 2.0893288 1.8627581 2.5768214 1.8930623 1.7355083 1.8578738 1.7170719 1.5796284 2.2586545 2.5132007 2.3037193 2.3037193 2.5794550 2.1829544 2.6769741 1.7360424 2.3986847 2.4190119 5.5737235 2.1803915 2.3889662 2.2842645 2.0933124 2.1049502 3.6585781 
Rhoesc_Res_003798-T1                                   1.7718350 5.2426027 2.3622036 2.8378183 2.9801567 2.0169646 1.8795810 2.1677297 1.7325234 1.6275304 1.5560592 1.4899115 1.7772820 1.8329388 1.8232798 1.3030260 2.2345800 1.3209764 1.3885471 1.3971100 0.9994920 1.3134928 1.3455904 1.3987448 1.3116869 0.6850248 0.1235237 0.0000000 0.2477483 0.1178972 0.4541702 0.8681997 0.8882528 1.2574553 1.1391380 1.0875770 1.0612697 1.0860221 1.0765939 1.1816369 1.0542885 1.3987383 1.1109052 0.9955991 1.0211957 1.1604487 1.1575617 1.1733119 1.1764271 1.1995731 1.2313177 1.2766431 1.8742284 1.0116011 2.7424752 1.9445909 1.4652603 2.0366373 1.5520382 1.2705556 2.0311051 2.0536839 2.2060928 1.9427477 1.2906506 1.2543462 1.2470544 1.4212338 1.3584714 2.3799266 2.4176621 1.4435096 2.4391397 2.5651829 2.0193157 3.0232637 2.2089777 2.1088489 2.0558525 1.8896542 2.6569507 1.8892493 1.7636415 1.9003097 1.6999838 1.5877701 2.2809949 2.4994568 2.3291397 2.3291397 2.6491299 2.2401185 2.7309723 1.6655133 2.4235148 2.4061229 6.0572584 2.1512470 2.3780035 2.2844534 2.0985239 2.0493405 3.6016689 
Aaur_scaffold2.g22.t2                                  1.7348855 6.4252532 2.4405649 2.9499356 3.3146638 2.0847566 1.8894587 2.2617691 1.6280247 1.5379695 1.5548370 1.4938752 1.7481138 1.8342069 1.8298541 1.3290366 2.4743524 1.3461608 1.4487573 1.4538117 1.0143212 1.3639297 1.3527617 1.4419603 1.3624723 0.7081765 0.2676824 0.2477483 0.0000000 0.0000010 0.4066142 0.9191152 0.9100929 1.2827707 1.1876579 1.1574479 1.0902387 1.1520213 1.1384024 1.2021399 1.1063819 1.4524837 1.1522977 1.0393563 1.0675025 1.2377384 1.2426844 1.2378238 1.2410796 1.2806259 1.3053831 1.3739164 1.8747940 0.9799760 2.8630907 1.9527099 1.4466877 2.1449418 1.5190772 1.2697862 2.0664046 2.0782935 2.1099769 1.8923751 1.3758321 1.3045063 1.2722771 1.4598567 1.4230185 2.4331139 2.4741885 1.5207209 2.4938406 2.4796305 2.0383115 2.8023882 2.2069945 2.1202491 2.2119161 1.8597972 2.4272527 1.9122357 1.8107511 1.8928422 1.7600674 1.6035789 2.3830816 2.5461561 2.3865782 2.3865782 2.6042561 2.2725855 2.7105028 1.8168620 2.4692125 2.5318005 5.8904580 2.1096983 2.4484907 2.3042210 2.1868230 2.2582521 3.9898807 
Aaur_scaffold4853.g1.t1                                1.7240707 9.0000000 1.7829025 5.8826165 0.0000010 1.5787513 1.6662978 1.6085826 1.8978016 1.8279927 1.2695938 1.4506557 1.1556846 1.2596219 1.1703491 1.2544584 0.0000010 0.8060492 0.8332843 0.8332843 0.5419407 0.7360306 0.7457770 1.0053143 0.9358788 0.3395613 0.1713087 0.1178972 0.0000010 0.0000000 0.2036835 0.5721714 0.6382906 0.7357165 0.7822562 0.7841425 0.7657745 0.7548178 0.7914999 1.2276952 0.7296993 0.2093325 0.2312862 0.7776503 0.6503735 0.7422366 0.7342564 0.7405728 0.7405728 0.7746207 0.7746207 0.6939098 1.4369897 1.2243426 0.0000010 1.2935437 1.3845695 1.3388859 1.7984183 1.1632142 1.4723915 1.5281072 1.5227870 2.2982069 0.7081622 0.8610933 0.8988550 1.3863849 1.1114645 1.5877791 1.5704025 0.9192739 1.4993007 1.5465074 1.2888937 0.0000010 1.7192951 1.3422938 1.1904563 1.4989813 0.0000010 1.2957343 1.3818198 1.2137998 1.1288150 1.1530897 1.6314763 1.6723405 1.4530471 1.4530471 2.6923923 1.5644476 1.4587207 0.2904957 6.6886684 2.1647463 0.0000010 1.3665268 1.8598825 1.4983946 1.7400972 1.6342338 0.0000010 
Sanmal_Sma_022770-T1                                   1.7970644 5.4561872 2.5034251 3.1290283 3.2921694 2.1982897 2.0848153 2.3608297 1.7049830 1.5927568 1.5813343 1.5644651 1.7539397 1.8140845 1.8761148 1.4353942 2.4686223 1.3636874 1.4947730 1.4924261 1.0555946 1.4264841 1.4455195 1.5738473 1.4309935 0.7171905 0.4539167 0.4541702 0.4066142 0.2036835 0.0000000 0.9628274 0.9845227 1.3080019 1.2255288 1.1815708 1.1597586 1.2457596 1.2043691 1.3392081 1.1812980 1.4424574 1.2227061 1.1072373 1.1115459 1.2844257 1.2859689 1.2818262 1.2849560 1.2925336 1.3203821 1.3618002 1.9245074 0.9727210 2.7933584 1.9940132 1.5370055 2.0627612 1.4353547 1.2458430 2.0617713 2.0367995 2.2704843 1.9603353 1.3753362 1.3197636 1.2864209 1.3974218 1.5016691 2.5124777 2.6010784 1.5679878 2.5598983 2.8196798 2.0730442 2.7966774 2.2903882 2.2057733 2.2198071 1.9191945 2.4901355 1.9153404 1.8783470 1.8061834 1.9016132 1.6892255 2.5285690 2.6759763 2.3381613 2.3381613 2.7541581 2.3544018 2.8801288 1.9292768 2.5356256 2.5344129 5.3086803 2.1522114 2.5102820 2.3010282 2.2797066 2.3398270 3.6945837 
Chem_TCONS_00016792                                    1.7155658 5.3030008 2.4931728 3.0588919 3.5120696 2.1769303 2.0573015 2.3207432 1.4534186 1.3380699 1.4838769 1.5035115 1.7774443 1.9053557 1.9254085 1.1563133 2.6127520 1.3149903 1.3672918 1.3816386 1.0363413 1.2965990 1.4202521 1.4649982 1.3461288 0.9615688 0.8810135 0.8681997 0.9191152 0.5721714 0.9628274 0.0000000 0.5804428 1.2390608 1.1315326 1.0904916 1.0756520 1.1523872 1.1298368 1.1847481 1.0873016 1.4895912 1.1846245 1.0696419 1.1623461 1.3222536 1.3380694 1.3243982 1.3279108 1.3626491 1.3881332 1.4901052 1.8352494 0.9455817 2.8589326 1.9032850 1.4346333 2.0658435 1.5341244 1.3375016 2.0043691 1.9940915 2.1271907 1.7397684 1.3001536 1.3094879 1.3156476 1.5321661 1.3826224 2.3116071 2.4096149 1.6151656 2.5151908 2.5541143 2.0436587 2.7434717 2.1318991 2.0812759 2.1176419 1.8389120 2.6122836 1.8993626 1.8185791 1.9270085 1.6997739 1.5795526 2.4010336 2.6531978 2.3150512 2.3150512 3.2370229 2.2854514 2.6546272 1.9865798 2.5946755 2.6854071 5.1667914 2.0850071 2.3236880 2.3203664 2.4354328 2.4962010 3.9102580 
Hvul_g14067_1                                          1.6563424 5.7263581 2.4596645 3.0923563 3.2497860 2.2059400 2.1031280 2.2435339 1.6646470 1.5397493 1.6384073 1.6349040 1.8322535 1.8541425 1.9451103 1.1774374 2.6713792 1.3970477 1.4573030 1.4533050 1.1462800 1.4204175 1.4098120 1.4938272 1.4989166 1.0259797 0.9182052 0.8882528 0.9100929 0.6382906 0.9845227 0.5804428 0.0000000 1.3058539 1.2795715 1.2132955 1.1746609 1.2573025 1.2249134 1.2908082 1.2071681 1.5622848 1.3129817 1.1510371 1.2113301 1.4246215 1.4217747 1.4092039 1.4133107 1.4140005 1.4304851 1.5342404 1.8678443 0.9555547 2.8884112 1.9640766 1.4650684 2.1307525 1.6194832 1.2995592 2.0247006 2.0638119 2.3634612 1.8217518 1.4215710 1.3893803 1.3952054 1.5841272 1.4807200 2.4260062 2.4796524 1.9011016 2.6417049 2.8275524 2.0417141 2.7109516 2.2790162 2.1625877 2.1609875 1.8879092 2.7548267 1.9914536 1.8881867 1.9640018 1.7651073 1.6622400 2.2660444 2.5632184 2.4785897 2.4785897 3.1005015 2.3209538 2.7248327 2.1682442 2.7269066 2.5866821 4.5970814 1.9836201 2.2078458 2.3306889 2.2452698 2.5549721 3.8536688 
Ctel_gnl_WGS_AMQN_CAPTEDRAFT_mRNA186677                1.7724746 4.4372247 2.3844917 2.9415060 3.3017518 2.0745274 1.9773832 2.0929345 1.5447343 1.4464218 1.5656957 1.5390688 1.7676371 1.8484447 1.8931452 1.4122337 2.5496917 0.8832158 1.0220263 1.0272574 0.7726240 0.7868459 0.8080362 1.0639484 1.0563773 1.3847428 1.2294724 1.2574553 1.2827707 0.7357165 1.3080019 1.2390608 1.3058539 0.0000000 1.1908347 1.1367469 1.1042558 1.1118359 1.1165380 1.2148529 1.0852100 1.3843308 1.1547303 1.0394277 1.1494474 1.3436663 1.3402586 1.3243095 1.3279207 1.3784993 1.3999996 1.4325842 1.8619701 0.8695873 2.8373710 1.9454127 1.5067957 1.9429767 1.4279314 1.2549505 1.9327662 1.9256354 2.0892852 1.8698989 1.2920679 1.0173019 1.4708629 1.8086086 1.4336617 2.4215050 2.4368955 1.4430003 2.4141582 2.6570106 2.0092305 3.0777742 2.2603030 1.9933829 1.8973036 1.7764490 2.4094548 1.9856347 1.9734680 1.8775486 1.4719805 1.4668279 2.2773818 2.3277236 2.1687381 2.1687381 2.6481144 2.1124665 2.5835273 2.2953672 2.6813870 2.4699182 5.4175106 1.7362889 2.3737428 2.3241103 2.4129173 2.2314301 3.8529985 
Spis_XP_022783021_1                                    1.7137292 5.5312245 2.3561143 2.7551646 3.5640407 2.0839628 1.9712854 2.3244094 1.3781852 1.2666270 1.4729018 1.5215641 1.7502251 1.8707758 1.8717282 1.0664530 2.9718015 1.2711495 1.3104023 1.3111226 0.9502364 1.3112421 1.3771373 1.3564809 1.2835536 1.2698447 1.1068818 1.1391380 1.1876579 0.7822562 1.2255288 1.1315326 1.2795715 1.1908347 0.0000000 0.0833054 0.1986092 0.2024049 0.3267740 0.3878071 0.2529775 0.8093466 0.6545501 0.4968890 0.9306861 1.2699942 1.2760672 1.2435649 1.2469304 1.2788699 1.2968662 1.3486595 1.8114753 1.0025134 2.7802804 1.9737390 1.4069404 2.1214956 1.2968693 1.2502143 1.9358489 1.8733552 2.1863746 1.6898321 1.1557250 1.3234207 1.3222880 1.6023541 1.3681848 2.5535028 2.4659204 1.7053263 2.5624969 2.6106859 2.1048518 2.8521303 2.2690277 2.0926596 2.1823768 1.8021073 2.4104511 1.9268394 1.8426496 1.9656725 1.7487838 1.5944877 2.3782692 2.6342842 2.5842066 2.5842066 2.8617896 2.3200293 2.6680460 2.2007390 2.5585512 2.5691130 6.4902014 2.0980149 2.3406099 2.2297439 2.3651164 2.3456198 4.1709193 
Pocdam_XM_027180383.1                                  1.6045271 6.0409613 2.2724918 2.7893525 3.1320605 2.0023637 1.9179660 2.1314884 1.3694779 1.2568067 1.4091838 1.4768811 1.6923983 1.7669590 1.8013362 1.0780727 2.4748457 1.1803318 1.2416499 1.2419638 0.8747189 1.2542566 1.3035798 1.3022114 1.2105062 1.2111557 1.0602041 1.0875770 1.1574479 0.7841425 1.1815708 1.0904916 1.2132955 1.1367469 0.0833054 0.0000000 0.1650710 0.1711318 0.2836004 0.3416395 0.2225191 0.7400369 0.6028812 0.4469965 0.8679456 1.1842606 1.1864853 1.1574721 1.1605742 1.1890862 1.2062850 1.2980466 1.7448335 0.8300068 2.8197885 1.9013224 1.3571753 2.0334208 1.3446011 1.0639630 1.8508785 1.8195470 2.1683780 1.6820877 1.0845602 1.2777813 1.2605197 1.4653880 1.3125732 2.4019433 2.3684555 1.5450166 2.4461569 2.5801797 2.0114598 2.8344670 2.2049266 2.0025428 2.1177398 1.7239442 2.3682490 1.8454345 1.7749725 1.9024986 1.6773995 1.5272579 2.2462259 2.5270234 2.4422390 2.4422390 2.8733355 2.2027082 2.6213910 1.9463635 2.4802663 2.4037147 6.2066797 1.9858291 2.2552888 2.1446699 2.2436763 2.3900336 4.1480607 
