72
Emue_Em0007g331a.t1                                              0.0000000 0.1482381 1.9219187 2.3993048 3.4441125 3.2173826 1.1900997 3.4159747 2.1051152 3.3523906 3.4599447 3.4673711 1.3476501 3.0871937 3.4114459 1.6946943 3.3760477 3.5194468 3.4898349 2.2319666 3.4749611 3.2635397 4.0228862 1.7827043 2.2822533 3.1320593 1.8206494 3.2285571 2.7942844 2.6762415 2.9627529 3.2394532 3.0703505 2.9555807 1.8717204 1.9265356 3.5802946 3.1932837 1.9291351 3.4479278 3.7550301 4.2584395 5.2890083 3.0057929 7.0289005 6.1789993 7.2321110 6.7385855 4.7027597 3.5154342 2.1558413 3.4874935 3.7326522 3.1485429 3.0216570 1.8139893 2.6553109 3.7367339 3.9698266 4.0507563 3.0848557 2.9547614 3.1505402 4.6918319 2.9972965 4.1849523 4.4546069 3.2765835 4.1554900 2.9594961 2.0121488 6.0312049 
Spolac_c94656_g1_i1_m.10364c101327-g1                            0.1482381 0.0000000 1.0793142 1.3624010 1.7065368 1.3687414 1.2898909 1.6012630 1.7389608 1.6870544 1.8665848 1.7624591 1.7096495 1.7249902 1.7067523 1.4385861 1.5277524 1.5199743 1.4465636 0.0000010 1.4465636 1.5505240 4.4098922 1.4509387 1.7241394 1.4676919 1.7650640 1.6016642 1.5790164 1.5401491 1.5490164 1.6249139 1.4815078 1.7537585 1.7836045 1.7800930 2.2379873 2.2603410 2.1091645 2.1067252 2.1853734 2.0563926 2.3299805 1.1617515 0.0000010 0.0000010 0.0000010 0.0000010 2.2741880 1.8504110 1.5203156 1.6904672 1.6918217 1.9695801 2.2384200 1.7007661 2.0744061 2.1779886 1.7282601 1.8238663 1.7584679 1.9517507 2.7128376 2.5739095 2.5508995 2.4208865 2.4695542 1.7419736 2.2775257 1.6827883 1.7208241 6.4773569 
Stycar_maker-SC_scaffold3571-snap-gene-0.16-mRNA-1               1.9219187 1.0793142 0.0000000 1.4922395 3.3253161 2.9968910 1.1207559 3.2747775 1.9175783 3.2064367 3.2251336 3.2428547 1.3180012 2.6287429 3.2190166 1.5634878 3.2611906 3.3953866 3.2866010 4.1554776 3.2680195 3.1126763 3.8985687 1.4398750 1.8810809 2.9556878 1.8174589 3.0884561 2.2968047 2.2242147 2.5406199 2.9561591 2.7672933 2.6285807 1.3901947 1.2531522 3.1769247 2.8495923 1.6025625 3.0623611 3.3866484 3.9526970 5.0171399 2.2821785 6.1950104 6.6369877 5.9437377 6.0483249 4.0479184 3.4386693 2.2185068 3.3290184 3.5810365 2.7426652 2.4908273 1.6647368 2.7265001 3.5333500 4.0791022 4.4380202 3.0999974 2.7366712 2.8222308 4.7197113 2.5601433 4.1047466 4.3269059 3.4972164 4.1466682 2.7698079 1.4425051 6.5478450 
Tetwil_g2979.t1                                                  2.3993048 1.3624010 1.4922395 0.0000000 3.7745140 3.5683417 1.2018792 3.6225469 2.1715317 3.3442469 3.8484802 3.7547590 1.5126766 3.2264295 3.6917831 1.6249492 3.4390720 3.6141443 3.5600045 2.9508102 3.5458027 3.3877107 3.7664622 2.0768570 2.3328030 3.4025469 1.8843274 3.2353031 2.9417212 2.9434614 3.3998986 3.4279334 3.2767678 2.9193115 1.8619278 1.7486772 4.0784396 3.4951253 1.8795583 4.0757204 3.8735921 4.3942898 5.6520866 3.2626053 7.2228287 6.1685208 7.0007908 6.1132279 4.7291505 3.6624300 2.4661849 3.4669466 3.8893030 2.9970788 2.9263606 1.9877531 3.0935328 3.8119202 3.9514512 4.3554667 3.3315252 2.9098054 3.2273611 5.2395557 2.9282687 4.5245382 4.8767326 4.1573672 4.8575366 3.1828559 1.9837791 6.7741396 
Lcom_lcpid14397                                                  3.4441125 1.7065368 3.3253161 3.7745140 0.0000000 0.8470377 0.2277778 0.7421428 1.1830418 3.0964574 3.7067899 3.7067679 1.3373540 3.2906818 3.9707332 2.1165387 3.7903932 3.8976103 3.8047423 3.2372585 3.7944725 3.7368086 4.6553534 1.9691100 2.2798620 3.4313133 1.6225561 3.4312229 2.9363085 2.8459159 3.3124126 3.4976599 3.3520885 3.9559365 2.4040057 2.1944605 3.5844017 3.1490818 1.6890309 3.5198879 3.6384090 3.9389780 5.3994086 3.1054677 6.3631001 5.9813347 6.0615953 5.5956914 3.9929883 3.9053479 2.5397754 3.6723038 4.0919419 3.3859820 2.9162081 1.8630239 3.2794186 4.0906286 4.5161931 4.2409567 3.7347571 3.3774885 3.1300383 4.8419488 2.9330652 4.2036119 4.6140685 3.6373475 4.6091621 4.0220213 1.9599876 6.6985251 
Gracom_Gcom_C560778_01                                           3.2173826 1.3687414 2.9968910 3.5683417 0.8470377 0.0000000 0.1784441 0.6184875 1.2762568 2.8098263 3.2530272 3.2337617 1.2293282 2.9630337 3.5597423 1.9769637 3.2886661 3.3950291 3.4743960 3.4163850 3.4498676 3.2569765 4.2342349 2.0042396 2.3741075 3.3095169 1.5952482 3.2289058 2.9748263 2.9493859 3.2664872 3.3509369 3.1335854 3.7708830 2.3387933 2.1103922 3.5324389 3.0634688 1.5563006 3.2761837 3.4762894 3.4242700 4.6804041 3.1697276 6.7862633 6.1978149 6.3593954 5.8068335 3.4980257 3.6106908 2.4269218 3.3061460 3.6411109 3.3397756 3.0077622 1.8024798 3.1482981 3.8045892 3.7957898 3.7958357 3.5603416 3.1311171 2.7666413 4.4667289 2.9764198 3.4757772 4.2688304 3.2865517 4.1325948 4.0380964 1.9585323 6.9601883 
Leuniv_Lniv_scaffold20482_01                                     1.1900997 1.2898909 1.1207559 1.2018792 0.2277778 0.1784441 0.0000000 0.1808817 0.7074919 1.0665856 1.1472592 1.0446123 1.0475668 1.0925559 1.1586682 1.4318138 1.0399535 1.2679136 1.2551026 2.5125125 1.2551026 1.1163425 0.0000010 1.2548359 1.4144422 1.1026852 1.3639018 1.1285463 1.0006637 0.9786740 1.0275191 0.9393488 1.0751389 1.3632317 1.2110329 1.4269430 1.3719729 1.4612003 1.4771807 1.9001206 1.4406064 1.4099908 2.0850166 0.0000010 0.0000010 0.0000010 0.0000010 0.0000010 1.5210647 1.0969969 1.4049235 1.1411909 1.1792321 1.4754761 1.2546742 1.6805453 1.2985373 1.7455499 1.5531014 1.4131316 1.3372589 1.5964369 1.5593918 1.7120283 1.3796671 1.2643162 1.9910891 1.1125816 1.8633540 1.5630440 1.0966335 3.9603260 
Scil_scict004669.1                                               3.4159747 1.6012630 3.2747775 3.6225469 0.7421428 0.6184875 0.1808817 0.0000000 1.2329020 3.0197523 3.7887865 3.7412630 1.2513639 3.1842819 3.9546751 2.1568373 3.8786731 3.9810091 3.9731213 3.4163850 3.9400213 3.7093403 4.6835242 1.8739882 2.3023744 3.6749553 1.7065059 3.5964431 3.1287540 3.0854801 3.5944047 3.5705901 3.4016729 4.0321090 2.2118685 2.0572545 3.7660773 3.2367240 1.5462319 3.4738047 3.8041523 3.9387107 5.3961800 3.5412919 7.9456769 6.8299253 7.3765157 6.3014123 4.2998087 3.7156641 2.5630735 3.5881485 4.0079046 3.3129281 3.0080871 1.8560389 3.2729356 4.0868982 4.1340053 4.2223587 3.7355064 3.3031319 3.1064730 5.0541428 2.7541356 4.0031788 4.5153065 3.4947485 4.4951292 4.1067097 1.8310231 7.1814747 
Clacor_Ccor_C540289_01                                           2.1051152 1.7389608 1.9175783 2.1715317 1.1830418 1.2762568 0.7074919 1.2329020 0.0000000 2.1092691 1.9652881 1.9065669 1.2177834 2.0680808 2.1348013 2.0122718 1.8889794 1.9956811 2.0568057 3.0779792 2.0455689 1.8783747 2.9120530 2.0734163 2.2047117 2.1374106 1.5199754 2.0936559 2.0800573 1.9139390 2.2987541 2.2580548 2.1798773 2.3919114 2.2427020 2.0683681 3.4271209 2.6092103 1.7227508 2.9128935 2.4383829 2.5839859 3.8808074 3.4678536 9.0000000 9.0000000 7.9804915 7.9804915 2.5099347 1.9613541 2.3511132 2.0019941 2.2951525 2.8684393 2.7428878 1.6779744 2.7416853 2.9295725 2.7267290 3.0635865 2.8738104 2.4050322 2.7751631 2.9192481 2.5970115 2.4982160 2.9126728 2.1489758 2.8175942 2.7618778 1.8428696 5.3741262 
Cscu_XM_023387741.1                                              3.3523906 1.6870544 3.2064367 3.3442469 3.0964574 2.8098263 1.0665856 3.0197523 2.1092691 0.0000000 3.0527511 3.0540186 1.1145555 2.7076979 2.9447531 1.6715101 3.0720779 3.2015264 3.3001245 3.6774050 3.3060133 3.0588691 4.3807264 1.8362818 2.2427754 2.8679737 1.4166427 3.0687432 2.3059232 2.3533046 2.8401812 3.0837714 3.0902755 3.4526691 2.4599751 2.2592630 3.7365618 3.3580285 1.6787663 3.6268931 3.5133809 3.9602693 5.6799853 3.4993595 7.4518561 7.7788030 6.8199353 6.7319813 3.5799162 2.7821796 2.2237486 2.9369500 3.5115747 3.3183188 3.0863798 1.7870111 3.2572574 4.0750128 3.8152512 4.1714114 3.8847140 3.3763099 3.3636097 4.3944417 2.7146841 3.8272758 4.3106102 2.8876228 3.9016691 3.9886500 1.8543887 6.2650851 
Nemnom_g14743.t1                                                 3.4599447 1.8665848 3.2251336 3.8484802 3.7067899 3.2530272 1.1472592 3.7887865 1.9652881 3.0527511 0.0000000 0.4777296 0.9343125 2.9913797 2.5638816 1.9879900 3.4195659 3.4713917 3.6079115 3.5616489 3.5870590 3.4588619 4.8359541 1.5993361 2.1346829 3.0874557 1.6823125 3.1425215 2.6694305 2.7713076 2.9335144 3.1188630 3.1339185 3.6528621 2.2237267 2.1182580 4.1658277 3.4324706 1.5473834 3.7307416 3.7979319 4.0871580 5.3249915 3.1097787 7.0405016 8.8174146 7.2342941 8.5798924 4.2537459 3.4404466 2.3935330 3.3452209 3.7471427 3.0913903 3.0552126 1.7979650 3.0438191 4.0971092 3.9759614 4.1396047 3.9729067 3.0285794 3.1544797 5.1832139 2.2995404 4.5396063 4.3808662 3.5292646 4.7622965 3.8515374 0.9576636 6.5305300 
Rhoesc_Res_005082-T1                                             3.4673711 1.7624591 3.2428547 3.7547590 3.7067679 3.2337617 1.0446123 3.7412630 1.9065669 3.0540186 0.4777296 0.0000000 0.8935043 3.0304783 2.5765714 2.0847892 3.4176834 3.5112686 3.6457467 2.9709010 3.6309911 3.3964954 4.6223541 1.5690957 2.0714561 3.1297649 1.7352735 3.1501115 2.5112441 2.5786292 2.8004537 3.1003575 3.0349422 3.5753604 2.1454569 2.0711007 4.2616612 3.5932962 1.7252955 3.7576579 3.8333344 4.0725520 5.2270409 3.3050382 6.8843266 8.9988721 7.2659870 8.9999989 4.2763477 3.3815937 2.4109180 3.4385143 3.9871521 3.1947941 3.0215103 1.8036838 2.9440280 4.1954322 4.2098491 4.2577244 3.7299160 3.1604956 3.1774893 5.0027424 2.2315632 4.5161231 4.4829826 3.4730467 4.6792071 3.7918927 0.9452724 6.8444811 
Chem_TCONS_00051481                                              1.3476501 1.7096495 1.3180012 1.5126766 1.3373540 1.2293282 1.0475668 1.2513639 1.2177834 1.1145555 0.9343125 0.8935043 0.0000000 1.1217185 1.0002655 1.4172124 1.1121218 1.2956440 1.3212119 2.3240967 1.3212119 1.0750695 4.1804834 1.1067409 1.2491276 1.2748496 1.1915076 1.3010425 1.1713918 1.1674408 1.2820245 1.2889284 1.4431225 1.3308912 1.4734184 1.4432293 2.7448132 1.8258867 1.7318930 2.2364664 1.6857315 1.6676179 2.3342761 1.1617515 0.0000010 0.0000010 0.0000010 0.0000010 1.7064745 1.2709306 1.2364173 1.2706171 1.4091949 1.6128267 1.4592898 1.8150647 1.7169263 1.8414255 1.4724658 1.5969140 1.7040487 1.6072024 1.9636126 1.9484713 0.7831087 1.8477029 1.9742943 1.2751980 2.0609106 1.6929728 0.9412927 3.4101639 
Spur_XM_011683824.2                                              3.0871937 1.7249902 2.6287429 3.2264295 3.2906818 2.9630337 1.0925559 3.1842819 2.0680808 2.7076979 2.9913797 3.0304783 1.1217185 0.0000000 3.0974198 1.6188354 3.0953335 3.1657293 3.0738787 7.2977332 3.0667453 3.0213167 3.7343599 1.6477692 1.9962797 2.6319013 1.8845662 2.7262681 2.5594716 2.4628274 2.6145793 2.7325985 2.5145843 3.2281672 2.0914214 1.9858811 3.7610689 3.3003244 1.5858034 3.4705636 3.6100870 3.9192556 4.9210773 3.1802551 6.1317714 7.1359297 5.6752403 5.9451510 4.0224630 2.9352729 2.2104727 2.7028777 2.9858807 2.9395299 2.7860673 1.9475432 3.1948788 3.6694199 3.7264709 3.9989657 3.4119473 2.8818791 2.8092533 4.1350362 2.6060089 4.1819842 4.0738432 2.7608018 4.3153998 3.4233008 1.5904783 5.5154946 
Morvir_scaffold209.g23.t1                                        3.4114459 1.7067523 3.2190166 3.6917831 3.9707332 3.5597423 1.1586682 3.9546751 2.1348013 2.9447531 2.5638816 2.5765714 1.0002655 3.0974198 0.0000000 1.9601643 3.5054240 3.5429692 3.5933512 1.8538629 3.5887286 3.4701151 4.4744291 1.9288627 2.2482609 3.2864781 1.7979994 3.3219838 2.7417417 2.8326254 3.0897324 3.3408867 3.3968583 3.8932309 2.2228652 2.2826934 3.7368649 3.3895678 1.7835957 3.6334443 3.9060208 4.1679469 5.4101963 2.7243745 7.8724278 8.6256313 6.8474275 6.5551230 4.1723120 3.6959833 2.3023896 3.6910183 4.2793259 3.0097022 2.8049724 1.9139819 2.9461537 4.3976820 4.3399383 4.3763764 3.4860081 3.0974252 3.0411177 5.3554326 2.4709136 4.5812108 5.0060393 3.6737795 4.9186421 3.7707418 1.3384376 6.0475398 
Ctel_gnl_WGS_AMQN_CAPTEDRAFT_mRNA168112                          1.6946943 1.4385861 1.5634878 1.6249492 2.1165387 1.9769637 1.4318138 2.1568373 2.0122718 1.6715101 1.9879900 2.0847892 1.4172124 1.6188354 1.9601643 0.0000000 1.7219944 1.8878273 1.8389525 3.7925029 1.8419670 1.7585615 4.2428394 1.8962032 2.1873101 1.7226427 1.7125031 1.7791963 1.8571032 1.8080792 2.1469173 2.1404821 2.0242351 2.0755053 2.1364909 2.0337919 2.9209483 2.2031853 1.8233748 2.4379508 2.1534525 2.0810081 3.0800986 3.5971998 0.0000010 0.0000010 5.2833694 5.2833694 2.0573578 1.6285124 2.2009280 1.5860055 1.8925102 2.2771812 2.5203647 1.7453627 2.5841517 2.3903843 2.3769028 2.4151358 2.6053833 2.2744502 2.5435699 2.6857963 2.1336919 2.3750389 2.5262190 2.2746783 2.7717698 2.5236707 2.0378962 4.4438541 
HoiH23_PlH23_010303-RA                                           3.3760477 1.5277524 3.2611906 3.4390720 3.7903932 3.2886661 1.0399535 3.8786731 1.8889794 3.0720779 3.4195659 3.4176834 1.1121218 3.0953335 3.5054240 1.7219944 0.0000000 0.1085508 0.2505965 1.1365749 0.2539851 0.5276306 0.6112500 1.8022294 2.0319462 3.1254952 1.6162913 3.1760291 2.8441102 2.7498296 3.2836665 3.4458757 3.1941121 3.6487341 2.0325422 1.9896036 3.6603557 3.2950590 1.5386591 3.6890589 3.5446852 4.2925012 5.5405158 3.4110922 6.6047115 6.5474618 6.6255887 6.6009459 4.2683346 3.7213297 2.1385442 3.7416040 3.8420394 3.0797656 3.0187047 1.6403602 2.8042958 4.0809705 3.9543512 4.1858104 3.2235695 3.0152128 3.0940419 5.0490150 2.8166919 4.3345905 4.7596194 3.1412507 4.4600631 3.9124549 1.5796719 5.5056932 
HoiH06_mRNA4388                                                  3.5194468 1.5199743 3.3953866 3.6141443 3.8976103 3.3950291 1.2679136 3.9810091 1.9956811 3.2015264 3.4713917 3.5112686 1.2956440 3.1657293 3.5429692 1.8878273 0.1085508 0.0000000 0.2477424 0.1906264 0.2517148 0.5440409 0.6300411 1.9390280 2.2338406 3.1596631 1.6509850 3.2101009 2.9245387 2.8160495 3.3458496 3.6048930 3.2702376 3.6984704 2.1449377 2.1043334 3.8225102 3.6583874 1.9167453 3.8048104 3.7916226 4.5347838 5.5103460 3.5196474 6.1663988 6.4045301 6.2453588 6.4821156 4.3904543 3.7628586 2.2884534 3.8008488 3.8462310 3.2350926 3.2075670 1.8061173 2.9497346 4.1618030 3.9466856 4.2673462 3.2787722 3.1512801 3.2418489 5.2410611 2.9838510 4.3396601 4.8866050 3.1283435 4.4307058 3.9323265 1.7409733 5.6446564 
Hhon_g07020.t1                                                   3.4898349 1.4465636 3.2866010 3.5600045 3.8047423 3.4743960 1.2551026 3.9731213 2.0568057 3.3001245 3.6079115 3.6457467 1.3212119 3.0738787 3.5933512 1.8389525 0.2505965 0.2477424 0.0000000 0.0000010 0.0101356 0.5835455 0.6345261 1.8718718 2.2082054 3.1523210 1.5918606 3.3166380 2.9306196 2.8131786 3.2483657 3.5021190 3.3441358 3.6200057 2.1583245 2.1798428 3.7626835 3.5957263 1.9545632 3.6754199 3.7160968 4.4574525 5.3273877 3.3516473 6.3778603 5.9421080 6.4194343 6.1466583 4.4596295 3.6982695 2.3897816 3.8776349 3.8875214 3.3161873 3.2666838 1.7625266 3.0323702 4.2674932 3.9773227 4.3521352 3.4810912 3.3865543 3.2874454 5.2713983 2.9710675 4.4366602 4.8506301 3.1781002 4.4928298 3.8733404 1.7643947 5.5643939 
HoiH04_mRNA5626                                                  2.2319666 0.0000010 4.1554776 2.9508102 3.2372585 3.4163850 2.5125125 3.4163850 3.0779792 3.6774050 3.5616489 2.9709010 2.3240967 7.2977332 1.8538629 3.7925029 1.1365749 0.1906264 0.0000010 0.0000000 0.0000010 2.3437486 0.0000010 4.3201781 8.9999981 2.6171423 0.0000010 2.0788341 2.5846295 3.0839700 0.0000010 2.0380376 2.5887604 2.4157421 2.0128451 8.3113552 0.0000010 8.1118163 7.3858374 8.9999986 7.8970257 7.5119782 0.0000010 0.0000010 0.0000010 0.0000010 0.0000010 0.0000010 8.2686933 3.5191940 5.2449769 2.5465309 2.8410153 4.3935954 6.0664195 8.3386041 3.4460590 2.7651077 4.6937815 8.9999984 3.6094418 4.5392487 6.3729568 4.9380545 3.1615478 2.2371292 8.0992380 0.0000010 8.8773708 0.0000010 2.8498018 0.0000010 
HoiH04_mRNA16844                                                 3.4749611 1.4465636 3.2680195 3.5458027 3.7944725 3.4498676 1.2551026 3.9400213 2.0455689 3.3060133 3.5870590 3.6309911 1.3212119 3.0667453 3.5887286 1.8419670 0.2539851 0.2517148 0.0101356 0.0000010 0.0000000 0.5861997 0.6398886 1.8690941 2.2098903 3.1436440 1.5918606 3.3451533 2.9384889 2.8210809 3.2130928 3.4860372 3.3047725 3.5837796 2.1581960 2.1784663 3.7723893 3.6017932 1.9545632 3.7024310 3.7073955 4.4677148 5.3512950 3.4136328 6.4026191 5.9912554 6.4494807 6.1990066 4.4803194 3.7180555 2.3924840 3.8986271 3.8919280 3.2964501 3.2547530 1.7659262 3.0281962 4.2859819 3.9816301 4.3553040 3.5294526 3.4067761 3.2759424 5.2202987 2.9762421 4.4238454 4.8127866 3.1975898 4.4825835 3.8757318 1.7769678 5.5832984 
TrH2_TrispH2_009495-RA                                           3.2635397 1.5505240 3.1126763 3.3877107 3.7368086 3.2569765 1.1163425 3.7093403 1.8783747 3.0588691 3.4588619 3.3964954 1.0750695 3.0213167 3.4701151 1.7585615 0.5276306 0.5440409 0.5835455 2.3437486 0.5861997 0.0000000 0.0067673 1.7532512 1.9760273 3.0405897 1.6259973 3.1412721 2.8799293 2.8616547 3.3293838 3.3892150 3.1282237 3.5035123 2.0721520 2.0405279 3.9840374 3.5315649 1.7106344 3.5735256 3.6994807 4.3133694 5.3911048 3.4929433 6.4955777 6.4665313 6.4871338 6.4599279 4.2234875 3.5576749 2.1567747 3.7684035 3.8445203 3.0689709 2.8701782 1.6305558 2.9480977 4.1526310 3.8241275 4.3819836 3.4103929 2.9733551 3.0651694 5.1408601 2.8286617 4.3158028 4.4183387 3.0888727 4.4993699 3.7079086 1.5384536 5.7910343 
Tadh_hyp_clust4107.t1                                            4.0228862 4.4098922 3.8985687 3.7664622 4.6553534 4.2342349 0.0000010 4.6835242 2.9120530 4.3807264 4.8359541 4.6223541 4.1804834 3.7343599 4.4744291 4.2428394 0.6112500 0.6300411 0.6345261 0.0000010 0.6398886 0.0067673 0.0000000 2.8439261 2.9035425 3.8753142 3.0454987 3.8439892 3.9392807 3.6190266 4.2867574 3.8540937 3.4740280 4.6076852 3.3735397 2.7837975 4.7340975 5.9440048 3.4195979 5.0473247 5.0915082 5.7873223 5.5790050 3.4997895 5.9634339 5.9083744 6.6291171 6.6976072 5.5462024 4.2886548 3.2886576 4.7933508 5.3826828 4.4587750 4.7842488 3.0706608 4.4746907 6.1523277 5.1642274 5.5218313 5.4054361 4.2983719 4.5217838 7.1097509 3.7104156 5.5320008 6.5847878 3.9592235 6.1376223 4.0395675 2.8374755 6.2436718 
Dgig_XM_028541260.1                                              1.7827043 1.4509387 1.4398750 2.0768570 1.9691100 2.0042396 1.2548359 1.8739882 2.0734163 1.8362818 1.5993361 1.5690957 1.1067409 1.6477692 1.9288627 1.8962032 1.8022294 1.9390280 1.8718718 4.3201781 1.8690941 1.7532512 2.8439261 0.0000000 0.7068179 1.6632543 1.6405507 1.4194267 1.5384960 1.4015218 1.4501072 1.7009947 1.6096450 2.1477319 1.9020116 1.9485904 3.0998132 2.4826014 1.8970143 2.7171465 2.6263996 2.5177727 3.3374076 3.2130607 0.0000010 0.0000010 7.5936525 7.5936525 2.3176024 1.9237257 2.1674669 1.9078504 1.9464559 2.4884039 2.4654556 1.7407844 2.4088074 2.8720223 2.5965522 2.6175461 2.7143818 2.5014340 2.2911486 2.5521718 2.0941816 2.5244039 2.7036680 1.8246684 2.7256687 2.2487129 1.7762739 4.8515861 
Xesp_009529-T1                                                   2.2822533 1.7241394 1.8810809 2.3328030 2.2798620 2.3741075 1.4144422 2.3023744 2.2047117 2.2427754 2.1346829 2.0714561 1.2491276 1.9962797 2.2482609 2.1873101 2.0319462 2.2338406 2.2082054 8.9999981 2.2098903 1.9760273 2.9035425 0.7068179 0.0000000 1.9220021 1.6503179 1.7195498 1.7690086 1.6603508 1.7064298 1.9795680 1.8574218 2.6980635 2.1919289 2.2127552 3.2433473 2.6060830 1.8912110 2.8225146 2.6519129 2.4512827 3.3549694 3.7068257 0.0000010 0.0000010 6.3024720 6.3024720 2.4069170 2.2190300 2.4818600 2.0557179 2.2153848 2.6416134 2.7255038 1.6137643 2.8724342 3.0612648 2.8230961 2.8286547 2.9746651 2.7968788 2.5885051 2.8311824 2.6430949 3.2241571 2.8715213 2.1079008 3.0819038 2.7248189 2.0114989 4.4180304 
Exapal_XM_021061638.2                                            3.1320593 1.4676919 2.9556878 3.4025469 3.4313133 3.3095169 1.1026852 3.6749553 2.1374106 2.8679737 3.0874557 3.1297649 1.2748496 2.6319013 3.2864781 1.7226427 3.1254952 3.1596631 3.1523210 2.6171423 3.1436440 3.0405897 3.8753142 1.6632543 1.9220021 0.0000000 1.5238455 1.5799378 1.6829356 1.6604798 1.8184682 2.0636699 1.9035657 3.3714950 2.2703068 2.1343985 3.6693602 3.1956114 1.5885625 3.6180353 3.3788741 3.8210800 4.5837385 2.9617968 5.2424193 6.8084267 5.2599748 6.3225164 3.6435181 3.4471501 2.3480364 3.1242704 3.3983621 3.0193754 2.7871820 1.6049073 3.1448178 3.8327264 3.6976773 4.0953725 3.6811072 3.0801760 3.5227728 5.2167590 2.8885322 4.3468316 4.5729777 3.3783269 4.4913336 3.4610015 1.5606596 5.3884814 
Plajan_Pjan_C531819_01                                           1.8206494 1.7650640 1.8174589 1.8843274 1.6225561 1.5952482 1.3639018 1.7065059 1.5199754 1.4166427 1.6823125 1.7352735 1.1915076 1.8845662 1.7979994 1.7125031 1.6162913 1.6509850 1.5918606 0.0000010 1.5918606 1.6259973 3.0454987 1.6405507 1.6503179 1.5238455 0.0000000 1.5367873 1.7169334 1.6869572 1.6496246 1.9267729 1.6601639 1.8437104 1.9540290 1.8324771 2.7991244 2.4293993 1.9440757 2.3225608 2.3165144 2.2110145 2.8395926 3.2245855 7.9811501 9.0000000 3.9478328 3.9572798 2.1978153 1.7544877 1.7257095 1.7214344 2.0102790 2.1681769 2.4007876 1.9004212 2.3228959 2.3067368 2.1292472 2.1751418 2.2761409 2.6969679 2.5484363 2.6877662 1.7129248 2.5691129 2.3966368 1.7885394 2.8227225 2.1886149 1.5059535 4.5668587 
Nvec_v1g241520                                                   3.2285571 1.6016642 3.0884561 3.2353031 3.4312229 3.2289058 1.1285463 3.5964431 2.0936559 3.0687432 3.1425215 3.1501115 1.3010425 2.7262681 3.3219838 1.7791963 3.1760291 3.2101009 3.3166380 2.0788341 3.3451533 3.1412721 3.8439892 1.4194267 1.7195498 1.5799378 1.5367873 0.0000000 1.6682176 1.5745273 1.8117105 1.8940602 1.7901320 3.4898658 2.0898999 1.9060345 3.0689044 2.7947307 1.6340130 3.2089547 3.4911819 4.0060887 5.1068859 2.9921821 5.2703674 6.2174339 5.2674114 5.9187359 3.8873953 3.5083937 2.0933403 3.2637817 3.4208688 3.0922108 2.7460394 1.6830875 2.9426254 3.6993146 3.7669886 3.9132558 3.5173380 3.0271234 3.1443243 4.6066998 2.6425656 4.1540898 4.3839136 3.0081357 4.1405415 3.6356558 1.7752130 6.0612720 
Gasp_gasp1.m3.24225.m1                                           2.7942844 1.5790164 2.2968047 2.9417212 2.9363085 2.9748263 1.0006637 3.1287540 2.0800573 2.3059232 2.6694305 2.5112441 1.1713918 2.5594716 2.7417417 1.8571032 2.8441102 2.9245387 2.9306196 2.5846295 2.9384889 2.8799293 3.9392807 1.5384960 1.7690086 1.6829356 1.7169334 1.6682176 0.0000000 0.3567272 0.6000012 0.8060707 0.6783277 3.2170398 1.9637773 1.9926965 3.4162872 3.0504163 1.4306937 3.3151050 3.1492497 3.2437672 4.3242797 3.1559658 4.8484353 5.1455095 4.8319655 5.0409687 2.9279775 2.9839394 2.3499455 2.7660196 2.8784442 2.9102221 3.0188135 1.5167940 3.1363482 3.5518807 3.5169722 3.5610569 3.4024548 3.1479270 3.1753954 4.0844030 2.6822909 3.3624966 4.6233497 3.1292463 4.2423458 3.3906953 1.7129724 5.5233596 
Fspp_ffun1.m4.21242.m1                                           2.6762415 1.5401491 2.2242147 2.9434614 2.8459159 2.9493859 0.9786740 3.0854801 1.9139390 2.3533046 2.7713076 2.5786292 1.1674408 2.4628274 2.8326254 1.8080792 2.7498296 2.8160495 2.8131786 3.0839700 2.8210809 2.8616547 3.6190266 1.4015218 1.6603508 1.6604798 1.6869572 1.5745273 0.3567272 0.0000000 0.5340865 0.7977326 0.5778087 3.0847008 1.8757239 1.7087039 3.1443671 2.9480212 1.4915585 3.2716438 3.1578843 3.2315518 4.1257583 2.9417835 5.3770719 5.3125709 5.5312058 5.5499415 3.1020905 2.8171567 2.1394267 2.6962573 2.8564114 3.0322204 2.9223172 1.5171381 3.0442300 3.5673837 3.2681075 3.4607581 3.2104280 3.1113996 3.1326410 4.2207255 2.4282630 3.5079759 4.3775596 2.7634053 4.2572959 3.2141419 1.6006028 5.4925809 
Pocdam_XM_027185695.1                                            2.9627529 1.5490164 2.5406199 3.3998986 3.3124126 3.2664872 1.0275191 3.5944047 2.2987541 2.8401812 2.9335144 2.8004537 1.2820245 2.6145793 3.0897324 2.1469173 3.2836665 3.3458496 3.2483657 0.0000010 3.2130928 3.3293838 4.2867574 1.4501072 1.7064298 1.8184682 1.6496246 1.8117105 0.6000012 0.5340865 0.0000000 1.0300109 0.7900746 3.2861560 2.1787711 1.8951509 3.4364406 3.5467507 1.5388712 3.5887500 3.6991338 3.8176294 4.5392099 2.9247644 5.3377681 5.9799584 5.3643338 5.8096283 3.5244501 3.2286626 2.3791593 2.9568901 3.2176133 3.3002671 3.2236904 1.4293110 3.4168200 4.2301868 3.5992240 3.7598493 3.7537137 3.4289968 3.4766232 4.4664830 2.8461544 4.0401916 4.7651652 3.0119253 4.8803287 3.4604068 1.7938800 5.9109162 
Amil_Amillepora11120-RA                                          3.2394532 1.6249139 2.9561591 3.4279334 3.4976599 3.3509369 0.9393488 3.5705901 2.2580548 3.0837714 3.1188630 3.1003575 1.2889284 2.7325985 3.3408867 2.1404821 3.4458757 3.6048930 3.5021190 2.0380376 3.4860372 3.3892150 3.8540937 1.7009947 1.9795680 2.0636699 1.9267729 1.8940602 0.8060707 0.7977326 1.0300109 0.0000000 0.5962023 3.5680556 2.3314228 2.0360580 3.3407636 3.2950725 1.5069989 3.7442100 3.5317952 4.1319438 4.7664266 3.0276168 5.3984891 5.3511480 5.4655324 5.4784882 4.0720689 3.5927450 2.6494313 3.1473080 3.6575409 3.1700466 3.3980994 1.5043499 3.6691753 4.1054486 4.1772882 4.5170627 3.9215618 3.4529485 3.2242269 4.7334273 3.0643181 4.3743374 5.0346167 3.5520452 4.7153659 3.4322454 1.7937374 6.0528332 
Gfas_gfas1.m1.16310.m1                                           3.0703505 1.4815078 2.7672933 3.2767678 3.3520885 3.1335854 1.0751389 3.4016729 2.1798773 3.0902755 3.1339185 3.0349422 1.4431225 2.5145843 3.3968583 2.0242351 3.1941121 3.2702376 3.3441358 2.5887604 3.3047725 3.1282237 3.4740280 1.6096450 1.8574218 1.9035657 1.6601639 1.7901320 0.6783277 0.5778087 0.7900746 0.5962023 0.0000000 3.3766219 2.1548949 2.0016237 3.2715829 3.2211026 1.6288252 3.6382946 3.4062721 3.8632120 4.3448656 2.6632731 5.4677377 5.8553811 5.5046276 5.7923159 3.8747618 3.4409996 2.3897616 3.0106084 3.4230520 3.2652430 3.2233110 1.6183228 3.6226386 3.8965781 3.9551598 4.3594764 3.5042833 3.3219954 3.2624297 4.7569574 2.9998268 4.3470821 4.8107192 3.3756506 4.7665790 3.2133403 1.8657221 6.0057824 
Aque_Aqu2.1.36409_001                                            2.9555807 1.7537585 2.6285807 2.9193115 3.9559365 3.7708830 1.3632317 4.0321090 2.3919114 3.4526691 3.6528621 3.5753604 1.3308912 3.2281672 3.8932309 2.0755053 3.6487341 3.6984704 3.6200057 2.4157421 3.5837796 3.5035123 4.6076852 2.1477319 2.6980635 3.3714950 1.8437104 3.4898658 3.2170398 3.0847008 3.2861560 3.5680556 3.3766219 0.0000000 0.8072728 0.8466403 4.5184356 3.7233507 1.8658674 3.8399536 4.1425823 4.6047651 5.6321830 3.8940424 6.3794317 6.7876660 6.6629530 7.2212383 4.8807690 3.8198250 2.7231074 3.7191723 4.0883641 3.4086612 3.0991757 2.0356710 3.6158892 4.0116516 4.0814688 4.1957666 3.8097930 2.9769144 3.1493726 4.9915320 2.8901742 4.3283061 4.2530502 3.9066850 4.7080940 3.4709238 2.1610339 5.9716325 
Halamb_c43078_g1_i1m.15698                                       1.8717204 1.7836045 1.3901947 1.8619278 2.4040057 2.3387933 1.2110329 2.2118685 2.2427020 2.4599751 2.2237267 2.1454569 1.4734184 2.0914214 2.2228652 2.1364909 2.0325422 2.1449377 2.1583245 2.0128451 2.1581960 2.0721520 3.3735397 1.9020116 2.1919289 2.2703068 1.9540290 2.0898999 1.9637773 1.8757239 2.1787711 2.3314228 2.1548949 0.8072728 0.0000000 0.6725469 4.0751787 3.2130457 2.0075709 3.0114339 3.0159750 2.9223967 3.8632411 3.4924613 8.6491172 8.6491172 6.8691256 6.8691256 2.8828786 2.1376518 2.6057377 2.4044743 2.5864496 2.9184427 2.8325355 2.1826346 2.9930503 2.9861655 2.8070653 2.7932732 2.9040666 2.4816377 2.7294481 3.3460877 2.4945728 2.7532896 3.2506319 2.5316767 3.2353373 2.4855119 2.0314449 4.5358239 
Xestes_augustus_masked-XT_scaffold3650-processed-gene-0.6-mRNA-1 1.9265356 1.7800930 1.2531522 1.7486772 2.1944605 2.1103922 1.4269430 2.0572545 2.0683681 2.2592630 2.1182580 2.0711007 1.4432293 1.9858811 2.2826934 2.0337919 1.9896036 2.1043334 2.1798428 8.3113552 2.1784663 2.0405279 2.7837975 1.9485904 2.2127552 2.1343985 1.8324771 1.9060345 1.9926965 1.7087039 1.8951509 2.0360580 2.0016237 0.8466403 0.6725469 0.0000000 3.0664776 2.5693004 1.8975294 2.5162773 2.6300354 2.5629298 3.3069751 2.8837028 9.0000000 9.0000000 5.4699393 5.4699393 2.6337967 2.0594250 2.4674167 2.0995825 2.3899723 2.8143865 2.7292494 2.0572154 2.7537682 2.9297907 2.5306726 2.6043288 2.9878374 2.4449787 2.4896948 2.8528916 2.2607349 2.6614930 3.1536707 2.4321663 2.6811820 2.1918749 2.0935580 4.9057962 
Bolinf_Binf_sb1224810                                            3.5802946 2.2379873 3.1769247 4.0784396 3.5844017 3.5324389 1.3719729 3.7660773 3.4271209 3.7365618 4.1658277 4.2616612 2.7448132 3.7610689 3.7368649 2.9209483 3.6603557 3.8225102 3.7626835 0.0000010 3.7723893 3.9840374 4.7340975 3.0998132 3.2433473 3.6693602 2.7991244 3.0689044 3.4162872 3.1443671 3.4364406 3.3407636 3.2715829 4.5184356 4.0751787 3.0664776 0.0000000 0.0070513 0.5694198 0.9325701 1.0443244 1.1630635 1.2794275 0.5796038 3.2068436 3.2068436 2.5619536 2.5619536 1.3346928 3.8470161 3.5593057 3.6118863 3.9406749 4.1057363 4.0464298 1.8698952 4.8482241 5.3479237 4.4639895 4.8906654 5.2647020 4.1727215 4.1794411 5.0491394 3.5673445 4.6663669 5.6103329 3.8041926 4.9215957 4.3776055 3.2132938 6.4132393 
Mertsp_Mesp_sb561119                                             3.1932837 2.2603410 2.8495923 3.4951253 3.1490818 3.0634688 1.4612003 3.2367240 2.6092103 3.3580285 3.4324706 3.5932962 1.8258867 3.3003244 3.3895678 2.2031853 3.2950590 3.6583874 3.5957263 8.1118163 3.6017932 3.5315649 5.9440048 2.4826014 2.6060830 3.1956114 2.4293993 2.7947307 3.0504163 2.9480212 3.5467507 3.2950725 3.2211026 3.7233507 3.2130457 2.5693004 0.0070513 0.0000000 0.3680816 0.8957142 0.9815214 1.0179623 1.3092818 0.5796038 2.9100632 2.9100632 2.6098302 2.6098302 1.2323964 3.4274428 2.8099751 3.4442948 3.3306346 3.2535924 3.0816066 1.8310886 3.7307796 4.2035914 3.8873335 4.1389420 4.3769155 3.6838859 3.5849749 4.2962954 3.2807292 3.9224836 4.4945123 3.3114842 4.0624781 4.4229335 2.3677263 6.0392638 
Beraby_Baby_sb329241                                             1.9291351 2.1091645 1.6025625 1.8795583 1.6890309 1.5563006 1.4771807 1.5462319 1.7227508 1.6787663 1.5473834 1.7252955 1.7318930 1.5858034 1.7835957 1.8233748 1.5386591 1.9167453 1.9545632 7.3858374 1.9545632 1.7106344 3.4195979 1.8970143 1.8912110 1.5885625 1.9440757 1.6340130 1.4306937 1.4915585 1.5388712 1.5069989 1.6288252 1.8658674 2.0075709 1.8975294 0.5694198 0.3680816 0.0000000 0.4641817 0.5657789 0.6068709 1.2991621 1.0239127 0.0000010 0.0000010 0.0000010 0.0000010 0.6318813 1.7434693 1.8011506 1.8299303 1.7989098 1.8913089 1.7584337 1.9113870 2.1288445 2.7037725 2.0829229 2.1736120 2.3124355 2.2594831 2.6142009 2.4832925 2.0781742 2.1982742 2.6582240 1.7386075 2.3105513 2.3862646 1.6883782 4.2061248 
Mlei_ML0019.g12.i1                                               3.4479278 2.1067252 3.0623611 4.0757204 3.5198879 3.2761837 1.9001206 3.4738047 2.9128935 3.6268931 3.7307416 3.7576579 2.2364664 3.4705636 3.6334443 2.4379508 3.6890589 3.8048104 3.6754199 8.9999986 3.7024310 3.5735256 5.0473247 2.7171465 2.8225146 3.6180353 2.3225608 3.2089547 3.3151050 3.2716438 3.5887500 3.7442100 3.6382946 3.8399536 3.0114339 2.5162773 0.9325701 0.8957142 0.4641817 0.0000000 1.1835794 1.1897544 1.3694326 0.6875108 2.4386247 2.4386247 2.4743138 2.4743138 1.4711448 3.6260717 2.9445775 3.9449707 3.5234018 3.4568027 3.4974431 2.3522663 3.7890419 4.4296411 3.9852440 3.9068695 4.3459565 3.8827915 3.8217240 4.7531848 3.8330113 4.1804711 4.8013660 3.2647872 4.3975311 4.2201521 2.7278976 6.2549635 
Lampan_Lpan_15862_01                                             3.7550301 2.1853734 3.3866484 3.8735921 3.6384090 3.4762894 1.4406064 3.8041523 2.4383829 3.5133809 3.7979319 3.8333344 1.6857315 3.6100870 3.9060208 2.1534525 3.5446852 3.7916226 3.7160968 7.8970257 3.7073955 3.6994807 5.0915082 2.6263996 2.6519129 3.3788741 2.3165144 3.4911819 3.1492497 3.1578843 3.6991338 3.5317952 3.4062721 4.1425823 3.0159750 2.6300354 1.0443244 0.9815214 0.5657789 1.1835794 0.0000000 1.3568187 1.6066265 0.9526136 1.8722271 1.7916099 1.9290656 1.8909451 1.2356385 3.8694249 2.6215051 3.9075068 4.2328448 2.9441129 2.9778238 2.0105464 3.1536648 4.1781773 4.0990677 3.8571077 4.2185549 3.4423814 3.2775845 4.4394077 3.0094289 4.1824628 4.3875823 3.3568091 4.1709445 4.5782615 2.2124624 6.6787639 
Horcal_Hcv1.av93.c2.g1654.i1                                     4.2584395 2.0563926 3.9526970 4.3942898 3.9389780 3.4242700 1.4099908 3.9387107 2.5839859 3.9602693 4.0871580 4.0725520 1.6676179 3.9192556 4.1679469 2.0810081 4.2925012 4.5347838 4.4574525 7.5119782 4.4677148 4.3133694 5.7873223 2.5177727 2.4512827 3.8210800 2.2110145 4.0060887 3.2437672 3.2315518 3.8176294 4.1319438 3.8632120 4.6047651 2.9223967 2.5629298 1.1630635 1.0179623 0.6068709 1.1897544 1.3568187 0.0000000 0.0838042 1.0837095 2.4052630 2.3942986 2.3902589 2.3717640 1.7275886 4.1991325 2.8833453 4.5781110 4.5145339 3.1249499 2.9379018 2.0833193 3.3651554 4.1142467 4.4706578 4.8759839 4.1130516 3.4445355 3.3237831 5.5074196 3.5744618 5.0706073 4.5292596 3.6217820 4.7115997 4.5456769 2.3396441 6.5440649 
Pbac_sb2656074                                                   5.2890083 2.3299805 5.0171399 5.6520866 5.3994086 4.6804041 2.0850166 5.3961800 3.8808074 5.6799853 5.3249915 5.2270409 2.3342761 4.9210773 5.4101963 3.0800986 5.5405158 5.5103460 5.3273877 0.0000010 5.3512950 5.3911048 5.5790050 3.3374076 3.3549694 4.5837385 2.8395926 5.1068859 4.3242797 4.1257583 4.5392099 4.7664266 4.3448656 5.6321830 3.8632411 3.3069751 1.2794275 1.3092818 1.2991621 1.3694326 1.6066265 0.0838042 0.0000000 1.0396160 2.4271850 2.3231976 2.4081469 2.3213794 2.0786385 5.4980601 3.5940072 5.8191127 5.8971060 4.0739573 4.1991255 2.2998822 4.3342329 5.2187347 5.4757299 5.8065465 5.2526601 4.0792518 3.5663399 6.6144003 4.4196360 6.6764510 5.3571351 4.8064948 5.6852950 5.2159642 3.5054309 7.8268933 
Beraby_Baby_sb329240                                             3.0057929 1.1617515 2.2821785 3.2626053 3.1054677 3.1697276 0.0000010 3.5412919 3.4678536 3.4993595 3.1097787 3.3050382 1.1617515 3.1802551 2.7243745 3.5971998 3.4110922 3.5196474 3.3516473 0.0000010 3.4136328 3.4929433 3.4997895 3.2130607 3.7068257 2.9617968 3.2245855 2.9921821 3.1559658 2.9417835 2.9247644 3.0276168 2.6632731 3.8940424 3.4924613 2.8837028 0.5796038 0.5796038 1.0239127 0.6875108 0.9526136 1.0837095 1.0396160 0.0000000 2.3703806 0.0000010 2.6743505 2.6997515 1.1107036 2.8908832 3.4226258 2.9502856 3.9236983 3.5682252 4.1473359 1.4598496 3.4244570 3.6051229 5.0112218 5.2749325 4.6071626 2.7517375 3.2252640 4.0083793 3.0376311 3.8693035 3.7459760 3.5629292 4.1013299 3.3173294 3.6074145 6.8082767 
Coeast_Cast_sb803478                                             7.0289005 0.0000010 6.1950104 7.2228287 6.3631001 6.7862633 0.0000010 7.9456769 9.0000000 7.4518561 7.0405016 6.8843266 0.0000010 6.1317714 7.8724278 0.0000010 6.6047115 6.1663988 6.3778603 0.0000010 6.4026191 6.4955777 5.9634339 0.0000010 0.0000010 5.2424193 7.9811501 5.2703674 4.8484353 5.3770719 5.3377681 5.3984891 5.4677377 6.3794317 8.6491172 9.0000000 3.2068436 2.9100632 0.0000010 2.4386247 1.8722271 2.4052630 2.4271850 2.3703806 0.0000000 0.0000010 0.0200819 0.0446486 0.1760608 7.5512249 5.3343690 7.0603707 7.2415944 5.8497067 7.9146948 4.9011979 8.9999989 7.8183734 7.6167282 6.4648807 8.1110544 5.2513033 7.0026883 8.6499441 6.7191492 8.2785133 7.5916735 8.4989014 6.0499211 6.0216211 0.0000010 8.1983201 
Coeast_Cast_sb803480                                             6.1789993 0.0000010 6.6369877 6.1685208 5.9813347 6.1978149 0.0000010 6.8299253 9.0000000 7.7788030 8.8174146 8.9988721 0.0000010 7.1359297 8.6256313 0.0000010 6.5474618 6.4045301 5.9421080 0.0000010 5.9912554 6.4665313 5.9083744 0.0000010 0.0000010 6.8084267 9.0000000 6.2174339 5.1455095 5.3125709 5.9799584 5.3511480 5.8553811 6.7876660 8.6491172 9.0000000 3.2068436 2.9100632 0.0000010 2.4386247 1.7916099 2.3942986 2.3231976 0.0000010 0.0000010 0.0000000 0.0446486 0.0446486 0.2112339 6.9812162 5.6203260 5.4941217 5.8922608 5.2563464 7.9146948 0.0000010 8.9999989 6.8718921 8.9999984 6.9235272 8.5095029 5.2468098 7.0026883 8.9999987 6.5354970 8.0149110 8.6341338 7.0859059 5.8030166 5.5120657 0.0000010 6.9253789 
Coeast_Cast_sb803479                                             7.2321110 0.0000010 5.9437377 7.0007908 6.0615953 6.3593954 0.0000010 7.3765157 7.9804915 6.8199353 7.2342941 7.2659870 0.0000010 5.6752403 6.8474275 5.2833694 6.6255887 6.2453588 6.4194343 0.0000010 6.4494807 6.4871338 6.6291171 7.5936525 6.3024720 5.2599748 3.9478328 5.2674114 4.8319655 5.5312058 5.3643338 5.4655324 5.5046276 6.6629530 6.8691256 5.4699393 2.5619536 2.6098302 0.0000010 2.4743138 1.9290656 2.3902589 2.4081469 2.6743505 0.0200819 0.0446486 0.0000000 0.0000010 0.1901660 6.8963743 5.9770056 6.6171832 7.0362311 6.8521259 8.9999988 4.9011979 7.9327285 7.7185048 7.4449545 6.5417663 7.9780781 5.5589469 5.5111202 7.7441522 5.8429078 7.6704448 8.2235915 7.5830412 6.2197045 6.3857289 6.5041595 8.9999988 
Coeast_Cast_sb803485                                             6.7385855 0.0000010 6.0483249 6.1132279 5.5956914 5.8068335 0.0000010 6.3014123 7.9804915 6.7319813 8.5798924 8.9999989 0.0000010 5.9451510 6.5551230 5.2833694 6.6009459 6.4821156 6.1466583 0.0000010 6.1990066 6.4599279 6.6976072 7.5936525 6.3024720 6.3225164 3.9572798 5.9187359 5.0409687 5.5499415 5.8096283 5.4784882 5.7923159 7.2212383 6.8691256 5.4699393 2.5619536 2.6098302 0.0000010 2.4743138 1.8909451 2.3717640 2.3213794 2.6997515 0.0446486 0.0446486 0.0000010 0.0000000 0.2272744 6.1754516 6.1139400 5.3142812 6.0135683 6.7156874 8.9999988 0.0000010 7.9327285 7.0824649 8.5442211 6.9095501 8.2197984 5.5609408 5.5111202 8.0237575 5.6810204 7.0479393 8.9999980 6.5640782 6.2204343 6.2185463 6.5041595 8.9999981 
Coemet_Cmet_C607824_01                                           4.7027597 2.2741880 4.0479184 4.7291505 3.9929883 3.4980257 1.5210647 4.2998087 2.5099347 3.5799162 4.2537459 4.2763477 1.7064745 4.0224630 4.1723120 2.0573578 4.2683346 4.3904543 4.4596295 8.2686933 4.4803194 4.2234875 5.5462024 2.3176024 2.4069170 3.6435181 2.1978153 3.8873953 2.9279775 3.1020905 3.5244501 4.0720689 3.8747618 4.8807690 2.8828786 2.6337967 1.3346928 1.2323964 0.6318813 1.4711448 1.2356385 1.7275886 2.0786385 1.1107036 0.1760608 0.2112339 0.1901660 0.2272744 0.0000000 4.1940936 2.4790839 4.0144333 4.5029166 3.4076377 3.2042583 1.9909840 3.2024845 4.3816862 4.8853800 4.6138423 3.8614610 3.1567107 3.1481177 5.0396399 3.1458257 5.1565562 4.5670429 3.7007257 4.7105971 4.4863766 2.1647468 7.0214083 
Cgig_XM_034459695.1                                              3.5154342 1.8504110 3.4386693 3.6624300 3.9053479 3.6106908 1.0969969 3.7156641 1.9613541 2.7821796 3.4404466 3.3815937 1.2709306 2.9352729 3.6959833 1.6285124 3.7213297 3.7628586 3.6982695 3.5191940 3.7180555 3.5576749 4.2886548 1.9237257 2.2190300 3.4471501 1.7544877 3.5083937 2.9839394 2.8171567 3.2286626 3.5927450 3.4409996 3.8198250 2.1376518 2.0594250 3.8470161 3.4274428 1.7434693 3.6260717 3.8694249 4.1991325 5.4980601 2.8908832 7.5512249 6.9812162 6.8963743 6.1754516 4.1940936 0.0000000 2.3121960 2.6934681 3.5674148 3.3467528 2.8419121 1.8646565 3.2127958 3.8535907 4.2862410 4.2096643 3.5346509 3.2894288 3.2081730 4.9071823 3.2296345 4.4535804 4.4285548 3.1704042 4.5406771 4.1107783 1.7982044 5.9738241 
