98
Lcom_lcpid36342                                              0.0000000 0.4415157 0.5089194 0.9297387 1.4327664 1.5564531 1.8610867 1.4386400 1.6858472 1.4578368 1.2748093 1.5908454 1.5111396 1.4260382 1.4260382 1.4840467 1.6381580 1.5071515 1.4753036 1.4638782 1.4098579 1.3114362 1.4399690 1.4081040 1.5493426 1.4217299 1.3907626 1.4468399 1.1971749 1.8182489 1.5403987 1.5678556 1.3085200 1.3085200 1.4020534 1.5122273 1.4469606 1.4625195 1.5192191 1.4150505 1.5513174 1.4660557 1.3145245 1.3603807 1.3632362 1.3877525 1.6498073 1.2731925 1.5412734 1.4948646 1.4261616 1.3074720 1.6121223 1.5464713 1.4314023 1.4898658 1.5290546 1.5273049 1.4731628 1.5621878 1.5621878 1.5569377 1.4216950 1.6961743 1.4606464 1.6996386 1.2938081 1.5049599 1.6074505 1.6843454 1.6843454 1.7797062 2.2219528 1.7692799 1.8524322 4.9458708 2.4112767 2.2170831 2.4204571 1.7389698 1.8167728 2.0255150 1.9763160 2.2033012 1.9069525 2.0151268 2.3088753 2.0311178 2.1189749 1.9867428 2.4194770 2.0561003 2.5173569 2.6726770 2.3976563 2.4783384 2.2060656 2.8902319 
Leuniv_Lniv_scaffold15213_01                                 0.4415157 0.0000000 0.4519177 1.0803171 1.5867716 1.6998464 1.7629007 1.5835715 1.9078218 1.7151488 1.4665211 1.7051099 1.5973424 1.5406510 1.5406510 1.5695810 1.8074082 1.6426500 1.6227269 1.5557030 1.6311231 1.4502451 1.7131445 1.7016105 1.6621540 1.6775458 1.6822462 1.7052012 1.3240819 1.9033914 1.8060663 1.8471020 1.4909481 1.4937112 1.4619008 1.7486353 1.6028284 1.6398863 1.7167101 1.7018000 1.7832232 1.7206626 1.5378462 1.5976572 1.5389694 1.6627787 1.9855308 1.5152263 1.7091566 1.7095665 1.5906726 1.3684448 1.2572312 1.5573506 1.6866209 1.7405625 1.7000028 1.5646424 1.6698099 2.0935849 2.0935849 1.7841558 1.7003941 1.8677652 1.8801521 1.8840855 1.6288092 1.9186895 1.8316400 1.8703010 1.8703010 1.9422182 2.4108654 2.0027057 2.0817747 5.8110323 2.4274384 2.3892314 2.3952023 1.8706802 1.8621698 2.1504470 2.0562923 2.2894848 2.1322261 2.1709491 2.4951286 2.1594240 2.1814923 2.0264789 2.5350087 2.0745620 2.6316669 2.7821190 2.4723966 2.5525951 2.2618789 2.9073066 
Gracom_Gcom_C552524_01                                       0.5089194 0.4519177 0.0000000 0.9761413 1.5498069 1.7138771 1.8767100 1.5652920 1.8864937 1.5337425 1.3396359 1.6352380 1.5202572 1.5003814 1.5003814 1.5617199 1.7066663 1.5168718 1.4922620 1.4671518 1.6051712 1.4960042 1.6599884 1.6999221 1.6905514 1.6295456 1.7143974 1.5307003 1.2662752 1.9510174 1.6279865 1.6822226 1.3439127 1.3439127 1.5036784 1.6277439 1.4898748 1.5954314 1.5745444 1.5143476 1.6946333 1.6846402 1.5089991 1.5772659 1.5603131 1.6184967 1.9068130 1.4994518 1.7290363 1.6768891 1.5432106 1.2559252 1.4494862 1.5984106 1.4680502 1.5437432 1.6234906 1.4391547 1.6423439 1.8989204 1.8989204 1.7077468 1.5962875 1.7953347 1.6821894 1.8537175 1.4268140 1.6895106 1.7877781 1.8643614 1.8643614 1.8806711 2.3405296 1.9103930 2.0197399 9.0000000 2.3346251 2.1801346 2.2508181 1.9418030 1.8636669 2.0877702 1.9926393 2.1521241 2.0468466 2.0606566 2.3681187 2.2186267 2.1141057 1.8352354 2.4409426 1.8267679 2.5011244 2.6287138 2.3121607 2.3685324 2.1502925 2.7445394 
Clacor_Ccor_scaffold10885_01                                 0.9297387 1.0803171 0.9761413 0.0000000 1.5156286 1.4951510 0.0000010 1.4371397 0.0000010 1.6331630 1.1921698 1.7092907 1.7118641 1.6122568 1.6122568 1.6122568 1.6784722 1.7846525 1.6404391 1.3876987 1.3506523 1.3501836 1.5393243 1.5393243 1.3408726 1.4872687 1.4802006 1.3225936 1.9820823 2.7546250 1.4827134 1.1549968 1.2440460 1.2552796 1.1838121 1.5503571 1.6395985 0.9063681 1.5350214 1.5276853 1.4536998 1.4437011 1.3642021 1.4555891 1.4979891 0.0000010 3.8373512 1.2413098 1.9335989 1.4803650 1.4663598 1.0808380 0.0000010 0.0000010 1.5432962 1.7454344 1.6294990 1.6859037 1.5182034 1.8208814 1.8208814 1.6044875 1.6044875 1.7204363 1.5568484 1.6526677 1.2780661 1.5193151 1.5923999 1.5923999 1.5923999 1.4188750 3.1053987 1.5331552 1.5703218 8.9999990 2.7963022 2.5512281 1.3850775 1.8336690 1.8605733 1.9892277 2.1888452 2.0833129 2.3572747 2.2927738 2.1562571 2.1562571 2.1125325 2.4446519 2.4285981 2.2607255 0.7988314 7.6061489 2.5468486 2.8973491 2.4953147 3.9225002 
Aque_Aqu2.1.24283_001                                        1.4327664 1.5867716 1.5498069 1.5156286 0.0000000 0.5569339 0.8667023 0.9002444 1.0372543 1.0389598 1.0584137 1.4454538 1.3992372 1.3662823 1.3662823 1.4238373 1.4195145 1.4356731 1.3597616 1.2591653 1.2857163 1.2887268 1.4238026 1.4396834 1.2917749 1.2160127 1.0540457 1.2697489 2.1902590 1.3092080 1.4333004 1.3308220 1.3281283 1.3281283 1.3374796 1.3497940 1.2198288 1.4161345 1.4652264 1.4094553 1.6274313 1.3868554 1.2651669 1.3492797 1.4316503 1.3567967 1.4096932 1.3020666 1.6530280 1.5027060 1.4537896 1.7322271 2.4761604 1.7994954 1.2672994 1.3766460 1.5106936 1.4954387 1.5521737 2.0327919 2.0327919 1.6564846 1.6090085 1.6647745 1.8649461 1.5715074 1.5332298 1.8374398 1.8308922 1.8220603 1.8220603 1.6859954 2.0160510 1.8374043 1.9317271 8.9999984 2.0127452 2.1709850 2.0803831 1.9033925 1.7783180 2.0718905 1.7259214 1.9125418 1.7318682 1.9791520 2.2101120 1.8904537 1.9229741 1.6045942 2.0060641 1.9256706 2.2923498 2.5749066 2.2001154 2.2796779 2.1030820 2.5974067 
Halamb_c50035_g1_i1m.27442                                   1.5564531 1.6998464 1.7138771 1.4951510 0.5569339 0.0000000 0.5327776 0.9336030 1.0917085 1.1774364 1.0791780 1.5001827 1.5033143 1.4346854 1.4346854 1.4852017 1.5532263 1.5139573 1.4498955 1.3210420 1.5103166 1.5432633 1.7026185 1.5509608 1.4050373 1.4326364 1.2145238 1.3948328 2.3483636 1.5804337 1.5137040 1.5114711 1.5492826 1.5492826 1.4538054 1.2577776 1.4115702 1.5339624 1.5554679 1.5069758 1.6671533 1.4166362 1.2968210 1.3329180 1.5161237 1.6032258 1.6220627 1.3359277 1.6639766 1.5574053 1.5957652 2.0069329 2.3988285 2.0016784 1.2093535 1.2860172 1.4340469 1.6101132 1.6363547 1.8898407 1.8898407 1.6481151 1.5016991 1.5564572 1.7247013 1.5653042 1.4676359 1.7807817 1.7292131 1.7224943 1.7224943 1.7008942 2.2600420 1.8883852 1.9599208 5.6613414 2.2467693 2.1958432 2.4222522 1.9702248 1.9345738 2.1367335 1.8117939 2.0843535 1.8850217 1.9989894 2.6727413 2.1832490 2.0229843 1.9072743 2.1268581 2.1843155 2.2603332 2.6249123 2.2454230 2.4621420 2.1841453 2.8591599 
Xestes_maker-XT_scaffold1998-snap-gene-0.40-mRNA-1           1.8610867 1.7629007 1.8767100 0.0000010 0.8667023 0.5327776 0.0000000 1.0758517 1.1000418 1.4283783 1.3052297 2.2495984 1.9857662 1.7699067 1.7699067 1.9382577 2.3059632 1.8399632 1.8399632 1.7014245 2.1575912 2.1093852 2.5051242 0.0000010 1.7770669 1.8270605 3.9852094 2.2438066 2.3719304 1.8723746 2.2336643 2.4973424 1.8638034 1.8638034 2.0756026 1.8473531 1.7912860 2.1655410 2.4458748 2.3667496 2.3894239 1.9386853 1.8191636 1.8010037 1.8465536 2.0801506 2.0961573 1.8478764 1.8815536 2.3991203 2.1143183 2.1872640 2.8476400 2.3787192 2.3300649 1.8695661 2.0196674 7.4189240 2.3427525 0.0000010 0.0000010 2.5225720 2.5049699 2.5835168 0.0000010 2.1837290 0.0000010 0.0000010 2.2318061 2.2618036 2.2618036 2.4511074 2.4479180 2.5488113 2.8238776 2.8181539 2.8250206 3.0533502 2.3268308 2.4161806 2.4101552 2.2928808 2.2589627 3.0331479 2.0168480 2.2651558 4.0593192 2.0913849 2.8649373 2.5161649 2.8308584 3.3320282 3.2954301 2.6956833 2.6956833 2.5096121 1.9168625 2.9018153 
Tetwil_g22986.t1                                             1.4386400 1.5835715 1.5652920 1.4371397 0.9002444 0.9336030 1.0758517 0.0000000 0.6760999 1.0149070 0.9779445 1.2866633 1.2238040 1.2044519 1.2044519 1.2433442 1.2166306 1.3112300 1.2386209 1.2264910 1.2277711 1.2958574 1.3584747 1.3317026 1.2933499 1.2028520 1.2024816 1.3410107 1.9313947 1.4039859 1.4927286 1.4722894 1.3253137 1.3270196 1.2434082 1.2702312 1.2747924 1.4068673 1.4375062 1.3375696 1.4909022 1.2921221 1.1779896 1.1526249 1.2477414 1.1669865 1.4724303 1.1213794 1.4241402 1.2880464 1.2934138 1.7568516 2.0650631 1.5870503 1.1454304 1.4343018 1.4818588 1.6899532 1.4546254 1.6282188 1.6282188 1.4777121 1.4386382 1.5265986 1.7223516 1.5116135 1.6104131 1.8956813 1.6408201 1.6462891 1.6462891 1.6133593 2.0373099 1.7190468 1.7742554 5.1821862 2.2214047 2.2393729 2.2020929 1.8522703 1.8927590 1.9400512 1.5887645 2.0486104 1.8933841 1.8116128 2.1566623 1.8217143 1.9074809 1.7936272 2.2616108 2.0447270 2.3582841 2.3276252 2.0465964 2.4444040 1.9490262 2.7818421 
Stycar_snap_masked-SC_scaffold2381-processed-gene-0.2-mRNA-1 1.6858472 1.9078218 1.8864937 0.0000010 1.0372543 1.0917085 1.1000418 0.6760999 0.0000000 1.1751602 1.0410863 1.6016088 1.5198447 1.4862656 1.4862656 1.5199918 1.5812968 1.4447283 1.4447283 1.2991592 1.5300322 1.8820099 1.7105984 0.0000010 1.5924234 1.6670106 4.7684390 1.9590788 2.4306060 2.1994168 1.9899574 2.1780515 1.7272557 1.7272557 1.8785356 1.5301472 1.8325511 1.9612520 2.0654492 1.9868033 2.1993711 1.6190198 1.6440344 1.6378937 1.7549155 1.7836524 1.8236740 1.6531562 1.6171515 2.0836562 1.8031530 1.9678106 2.2637379 1.8639468 1.3814985 1.3673351 1.7577136 1.6825184 1.9356666 0.0000010 0.0000010 2.0974298 2.3471522 2.2491368 0.0000010 2.0101159 0.0000010 0.0000010 2.0164819 2.2402888 2.2402888 2.4213599 2.2785027 2.3938155 2.4415356 4.8409915 2.4216905 2.5561096 3.0216188 2.1313410 2.1822211 1.8633755 2.1876390 2.2912996 1.7205685 1.8959972 4.1744548 2.0767009 2.9432362 2.0773961 2.8242414 3.1145288 3.2315366 2.5753115 2.5753115 2.8321269 1.9971707 3.2131454 
Spolac_c96942_g1_i1_m.14016c96942-g1                         1.4578368 1.7151488 1.5337425 1.6331630 1.0389598 1.1774364 1.4283783 1.0149070 1.1751602 0.0000000 1.0271779 1.5116033 1.4342593 1.3730133 1.3730133 1.4003447 1.5122229 1.4903324 1.3906410 1.2903025 1.4130368 1.3078046 1.4739684 1.4513011 1.4338833 1.2437723 1.2082320 1.2517437 2.0776799 1.2782020 1.4188941 1.4163862 1.4939139 1.4980835 1.3319247 1.3081177 1.2455641 1.3584749 1.5433582 1.4169026 1.5448756 1.5331460 1.4450868 1.4361231 1.7040151 1.5936622 2.1795039 1.4446753 1.8398056 1.5803267 1.5415625 1.6761410 2.0811078 1.7482937 1.1925191 1.4296208 1.5315964 1.8549203 1.5293068 1.7731664 1.7731664 1.5976073 1.4765473 1.5390678 1.5433732 1.5714457 1.4140231 1.6019306 1.5993969 1.6116011 1.6116011 1.6117705 2.0458865 1.7243606 1.7933238 5.2198628 2.2333090 2.2458768 2.2867527 1.8037455 1.7723438 2.1627779 1.8101852 2.1880216 1.7339224 1.8891508 2.5361495 2.3131065 1.7269177 1.9094267 2.4228095 1.9826584 2.6381158 2.5561917 2.3292181 2.4710162 2.1349704 2.5666633 
Plespi_Pspi_C605970_01                                       1.2748093 1.4665211 1.3396359 1.1921698 1.0584137 1.0791780 1.3052297 0.9779445 1.0410863 1.0271779 0.0000000 1.2984406 1.2540328 1.1810511 1.1810511 1.2137358 1.2573489 1.3832902 1.2741748 1.1447532 1.2699260 1.2676116 1.3427999 1.2925816 1.4325746 1.3539266 1.6056136 1.3516053 2.7008934 1.5230550 1.4923082 1.3080299 1.3347952 1.3435579 1.2915644 1.2432028 1.3043177 1.4676924 1.3332356 1.2530116 1.3277809 1.3962357 1.2785948 1.2947913 1.4153081 1.2587194 1.4907893 1.2120785 1.5069352 1.2820185 1.2797931 1.7267195 2.2855230 1.5266913 1.2162213 1.2808806 1.4402444 1.5044653 1.4885934 1.5014560 1.5014560 1.4177998 1.2448644 1.3719413 1.2500445 1.3574109 1.1162124 1.2780010 1.5091677 1.5357730 1.5357730 1.4741370 1.9236415 1.5822044 1.6785529 6.1239066 2.2280981 2.1035319 2.7134595 1.8169815 1.6120090 1.8945194 1.7826316 2.0091944 1.9804996 1.8464074 2.5137983 2.0002570 1.9760548 1.8353282 2.2050085 2.0422855 2.5975444 2.7482938 2.3457497 2.3868319 2.1124276 2.6523950 
HoiH23_PlH23_001011-RA                                       1.5908454 1.7051099 1.6352380 1.7092907 1.4454538 1.5001827 2.2495984 1.2866633 1.6016088 1.5116033 1.2984406 0.0000000 0.0605849 0.1265183 0.1265183 0.1236100 0.1380379 0.2739957 0.2514471 1.3790537 1.3043563 1.4276085 1.3228824 1.2258152 1.3350473 1.3843098 1.3620014 1.3786920 2.0374092 1.5640795 1.4622105 1.4465751 1.4485347 1.4485347 1.3400733 1.4253699 1.3092885 1.4831650 1.2779144 1.1900274 1.3960243 1.3823711 1.2857369 1.3179727 1.2964633 1.4091105 1.4780692 1.2236750 1.6404176 1.3904089 1.4233164 2.1069991 1.6467036 1.5940599 1.2332746 1.3793245 1.3761302 1.4794986 1.3411887 1.3819031 1.3819031 1.4094855 1.1991900 1.4677051 1.4054936 1.4283503 1.2193837 1.4077691 1.5710575 1.5823384 1.5823384 1.5786584 2.8969349 1.6959295 1.7735373 7.0303058 2.0309261 1.9152468 2.9434936 2.0305839 2.1169181 2.2194069 1.8978890 2.2678190 2.1660226 2.1009778 2.5669067 2.1383709 2.0254451 2.0337790 2.3734016 1.9794207 2.5363548 2.7655825 2.3448911 2.5489363 2.2399329 2.7833651 
HoiH06_mRNA5934                                              1.5111396 1.5973424 1.5202572 1.7118641 1.3992372 1.5033143 1.9857662 1.2238040 1.5198447 1.4342593 1.2540328 0.0605849 0.0000000 0.1002795 0.1002795 0.0939852 0.1539038 0.2390912 0.2217326 1.3233742 1.2542173 1.3900660 1.2282056 1.1956291 1.2969106 1.3041702 1.3457841 1.3276209 2.2588005 1.5684546 1.4124734 1.3669830 1.3793052 1.3793052 1.2921433 1.3401188 1.2440944 1.3565518 1.2293477 1.1699323 1.3350239 1.3377046 1.2494789 1.2720776 1.2585895 1.4563713 1.4729742 1.1810799 1.5749636 1.3832032 1.3424565 1.4216639 2.0992621 1.5030340 1.2216594 1.2717971 1.3262698 1.4612607 1.3335755 1.3583844 1.3583844 1.3609242 1.1556161 1.3858952 1.3809499 1.3985083 1.2008589 1.3851461 1.4443490 1.5350800 1.5350800 1.4930576 2.4419799 1.6400680 1.7235205 7.6684706 1.9514318 1.8272802 2.4596155 1.9456307 2.0333693 2.1348522 1.8332009 2.2092185 2.1059434 2.0164260 2.4858792 2.0475831 2.0021083 2.0243855 2.3039351 2.0063943 2.2036803 2.6188468 2.2801648 2.3884206 2.1271741 2.6128984 
Hhon_g01658.t1                                               1.4260382 1.5406510 1.5003814 1.6122568 1.3662823 1.4346854 1.7699067 1.2044519 1.4862656 1.3730133 1.1810511 0.1265183 0.1002795 0.0000000 0.0000010 0.0343976 0.1542554 0.2052889 0.1928804 1.3077033 1.2304948 1.3227691 1.2033135 1.1660920 1.2579672 1.3097643 1.3248102 1.2980894 1.8069040 1.5976005 1.3722292 1.3328137 1.3400912 1.3400912 1.2457405 1.3356431 1.2449717 1.3128066 1.1540609 1.0738550 1.2637024 1.2754162 1.2149138 1.2506611 1.2074317 1.3787760 1.5018724 1.1626885 1.5175861 1.3369964 1.3242162 1.4401050 1.6812282 1.4102640 1.2242149 1.2206304 1.2654393 1.4355329 1.2855267 1.3191056 1.3191056 1.2977623 1.1311520 1.3614135 1.3520964 1.3251640 1.2076701 1.3939689 1.4559577 1.4883453 1.4883453 1.4518121 2.2182769 1.6074480 1.6733857 6.4219358 1.9104878 1.8032914 2.1563012 1.9234389 1.9073099 2.0455703 1.8385771 2.1372521 2.0070693 1.9436928 2.4375549 2.0054655 1.8979249 2.0090150 2.2251474 1.9618409 2.1806444 2.5964178 2.2850937 2.3990916 2.0591877 2.6795278 
Hhon_g08511.t1                                               1.4260382 1.5406510 1.5003814 1.6122568 1.3662823 1.4346854 1.7699067 1.2044519 1.4862656 1.3730133 1.1810511 0.1265183 0.1002795 0.0000010 0.0000000 0.0343976 0.1542554 0.2052889 0.1928804 1.3077033 1.2304948 1.3227691 1.2033135 1.1660920 1.2579672 1.3097643 1.3248102 1.2980894 1.8069040 1.5976005 1.3722292 1.3328137 1.3400912 1.3400912 1.2457405 1.3356431 1.2449717 1.3128066 1.1540609 1.0738550 1.2637024 1.2754162 1.2149138 1.2506611 1.2074317 1.3787760 1.5018724 1.1626885 1.5175861 1.3369964 1.3242162 1.4401050 1.6812282 1.4102640 1.2242149 1.2206304 1.2654393 1.4355329 1.2855267 1.3191056 1.3191056 1.2977623 1.1311520 1.3614135 1.3520964 1.3251640 1.2076701 1.3939689 1.4559577 1.4883453 1.4883453 1.4518121 2.2182769 1.6074480 1.6733857 6.4219358 1.9104878 1.8032914 2.1563012 1.9234389 1.9073099 2.0455703 1.8385771 2.1372521 2.0070693 1.9436928 2.4375549 2.0054655 1.8979249 2.0090150 2.2251474 1.9618409 2.1806444 2.5964178 2.2850937 2.3990916 2.0591877 2.6795278 
HoiH04_mRNA2698                                              1.4840467 1.5695810 1.5617199 1.6122568 1.4238373 1.4852017 1.9382577 1.2433442 1.5199918 1.4003447 1.2137358 0.1236100 0.0939852 0.0343976 0.0343976 0.0000000 0.1542554 0.2542225 0.2355280 1.3551201 1.2479702 1.3649350 1.2033135 1.1660920 1.2824548 1.3574540 1.2911227 1.3257277 2.2710342 1.5384224 1.4084961 1.3526990 1.3998391 1.3998391 1.3198594 1.3774066 1.2547048 1.3353917 1.2077700 1.1260591 1.3282557 1.2706457 1.2095564 1.2553299 1.2037592 1.3787760 1.5018724 1.1712916 1.5426489 1.3205825 1.3489465 1.5342478 2.0974970 1.4711982 1.2242149 1.2206304 1.2938047 1.4355329 1.3048754 1.3191056 1.3191056 1.3253814 1.1311520 1.3825205 1.3520964 1.3596742 1.2076701 1.3939689 1.4559577 1.5353764 1.5353764 1.4679353 2.3525575 1.6412070 1.7038570 5.4755869 1.9808799 1.8032914 2.9439870 1.9461791 1.9487403 2.0969072 1.9081359 2.2101801 2.1098794 2.0394310 2.3897222 2.0498308 1.8737450 2.0850680 2.3307146 1.9951881 2.2448256 2.6921647 2.3372160 2.4719051 2.1625051 2.6550189 
HoiH11_mRNA6074                                              1.6381580 1.8074082 1.7066663 1.6784722 1.4195145 1.5532263 2.3059632 1.2166306 1.5812968 1.5122229 1.2573489 0.1380379 0.1539038 0.1542554 0.1542554 0.1542554 0.0000000 0.2299610 0.2156243 1.3454562 1.2392625 1.3784423 1.2913984 1.1730183 1.2725265 1.3208206 1.3475340 1.3652668 9.0000000 1.6807999 1.4753083 1.4501929 1.4061587 1.4061587 1.3701338 1.4332248 1.2679875 1.3684930 1.2634546 1.1630255 1.3632569 1.3751328 1.2468634 1.2805957 1.2094015 1.3748936 1.4493145 1.1664031 1.5725216 1.4346151 1.4671833 3.7741857 0.0000010 1.6429275 1.2291169 1.3213527 1.3721059 1.4576838 1.3153702 1.3098771 1.3098771 1.3673964 1.1848956 1.4118201 1.3420730 1.4025027 1.2122923 1.3629437 1.5904325 1.5904325 1.5904325 1.5497497 3.5219880 1.6292536 1.6917195 6.9492699 1.9838159 1.9193886 3.0064777 2.0737138 1.9918519 2.2077328 1.9140984 2.2616073 2.1693868 2.0276691 2.3327046 2.0592907 1.9661208 2.0692065 2.4034128 2.0880687 2.2401311 2.7715412 2.3067220 2.5618575 2.2625190 2.7989350 
TrH2_TrispH2_002269-RA                                       1.5071515 1.6426500 1.5168718 1.7846525 1.4356731 1.5139573 1.8399632 1.3112300 1.4447283 1.4903324 1.3832902 0.2739957 0.2390912 0.2052889 0.2052889 0.2542225 0.2299610 0.0000000 0.0029347 1.3258419 1.3455370 1.4128641 1.3490418 1.4463239 1.3301942 1.3574287 1.3783028 1.3574937 1.5972488 1.3504016 1.4332386 1.4544522 1.4288832 1.4288832 1.3875441 1.3415413 1.3090132 1.3302079 1.2138723 1.1393771 1.2415991 1.3800411 1.3058126 1.3154182 1.2319674 1.4052764 1.5615285 1.1900635 1.6351426 1.5103610 1.4656737 1.4926004 1.8304395 1.4768818 1.5734073 1.3258120 1.4172442 1.4186861 1.3408739 1.4963174 1.4963174 1.4154501 1.2662845 1.3893935 1.5638969 1.3831080 1.3214818 1.6185955 1.5098722 1.5464126 1.5464126 1.5045697 2.1355181 1.7248745 1.7571223 6.6605864 1.9163010 1.7655162 2.4467095 1.9622196 2.0067679 1.9763531 1.7622025 2.0637324 2.0013379 2.0146412 2.5936171 2.0634999 2.0123553 2.0013055 2.2609486 2.1111051 2.3377516 2.6496332 2.3744509 2.4501561 2.1418289 2.7796877 
Tadh_TriadT53567                                             1.4753036 1.6227269 1.4922620 1.6404391 1.3597616 1.4498955 1.8399632 1.2386209 1.4447283 1.3906410 1.2741748 0.2514471 0.2217326 0.1928804 0.1928804 0.2355280 0.2156243 0.0029347 0.0000000 1.2710604 1.2522003 1.3305988 1.2788414 1.3061443 1.2745177 1.2946530 1.3783028 1.2650056 1.5972488 1.5009031 1.3114393 1.3471077 1.3630960 1.3630960 1.3194534 1.3283480 1.2520646 1.3302079 1.2082217 1.1326279 1.2110198 1.3006951 1.2436240 1.2559888 1.2105820 1.4052764 1.5615285 1.1322983 1.5220166 1.3676063 1.3462261 1.4675447 1.8304395 1.4768818 1.2174366 1.2745100 1.3815579 1.3694531 1.2894646 1.3673185 1.3673185 1.3509986 1.2010287 1.3349603 1.3910392 1.3486885 1.1642508 1.3530827 1.4376517 1.4736932 1.4736932 1.4520338 2.1765242 1.6053670 1.6651421 6.2190023 1.9625447 1.8443981 2.4467095 1.9136173 1.9097718 2.0114843 1.8244408 2.0433246 1.9804908 1.9615105 2.4209373 2.0167137 1.9567495 1.9379398 2.2448794 2.0175744 2.3377516 2.7207658 2.3219009 2.4218592 2.0999206 2.7169968 
Bralan_BLAG12000595_1                                        1.4638782 1.5557030 1.4671518 1.3876987 1.2591653 1.3210420 1.7014245 1.2264910 1.2991592 1.2903025 1.1447532 1.3790537 1.3233742 1.3077033 1.3077033 1.3551201 1.3454562 1.3258419 1.2710604 0.0000000 0.8904941 0.9089806 1.0206147 0.9628218 0.9192655 1.1091406 1.1011760 1.2379360 2.1316131 1.2376343 1.3746891 1.2036424 0.9263514 0.9263514 0.9528301 1.1884091 1.1926285 1.1854748 1.0437312 1.0245380 1.0376345 1.2220494 1.1277836 1.1694428 1.1888630 1.1298381 1.4878632 1.1226123 1.3427117 1.2272780 1.2396745 1.6966651 2.3007089 1.5791408 1.2671884 1.1965654 1.3617879 1.4346099 1.0804925 1.3556137 1.3556137 1.2816496 1.1545511 1.3106462 1.5276830 1.3331153 1.2510168 1.5032677 1.3471834 1.3908238 1.3908238 1.4823254 1.8304984 1.6083045 1.6534760 3.9438312 2.2060613 2.3140169 2.8423577 1.8111293 1.7261959 2.1267286 1.8297771 2.2235321 1.7648562 1.7446674 2.2996656 1.9161473 1.8109618 1.9857800 2.3106613 2.1756617 2.0882126 2.5263540 2.3206238 2.5121782 2.0137979 2.7122067 
Acagra_model.g6067.t1                                        1.4098579 1.6311231 1.6051712 1.3506523 1.2857163 1.5103166 2.1575912 1.2277711 1.5300322 1.4130368 1.2699260 1.3043563 1.2542173 1.2304948 1.2304948 1.2479702 1.2392625 1.3455370 1.2522003 0.8904941 0.0000000 0.5994471 0.9041997 0.7879862 0.9442387 0.9231406 1.0332581 1.2268811 1.7436472 1.3033065 1.3861715 1.3109114 1.0093702 1.0122518 0.9369791 1.1567150 1.2162288 1.2194442 1.1110389 1.0845624 1.1762939 1.0687522 0.9801477 1.0979946 1.1446392 1.0635277 1.3748635 1.0405438 1.2591965 1.3151267 1.3051499 1.4443547 1.6584284 1.3975611 1.1283308 1.0851431 1.2527809 1.3645281 1.1010525 1.2801780 1.2801780 1.3549325 1.1838039 1.4072394 1.3352277 1.3948446 1.1233822 1.3422909 1.4154751 1.4769576 1.4769576 1.4295126 1.8535365 1.5561898 1.6158301 6.3644030 2.2357552 2.2148077 3.0351527 1.6621004 1.6706352 1.7913252 1.6994328 1.9474586 1.9854515 1.7058809 2.1498603 1.9285332 1.8794574 1.8541395 2.3196685 1.9539970 2.4492872 2.6329662 2.3231974 2.5853890 1.7707538 2.4159073 
Cgig_XM_034466721.1                                          1.3114362 1.4502451 1.4960042 1.3501836 1.2887268 1.5432633 2.1093852 1.2958574 1.8820099 1.3078046 1.2676116 1.4276085 1.3900660 1.3227691 1.3227691 1.3649350 1.3784423 1.4128641 1.3305988 0.9089806 0.5994471 0.0000000 0.8535575 0.7039466 1.0428538 1.0522627 1.2585963 1.2745124 1.6283516 1.1501476 1.4476724 1.2907325 1.0969794 1.0969794 1.1823538 1.1120613 1.1132326 1.2331962 1.1213396 1.0785539 1.1939536 1.2233295 1.1239555 1.1911338 1.3432788 1.3493576 1.5485956 1.1778141 1.4006583 1.4317436 1.4171006 1.5648786 1.8611703 1.6348245 1.0861640 1.1777210 1.2702856 1.2862672 0.9982326 1.1093526 1.1093526 1.3289363 1.1533186 1.3283633 1.1371584 1.3551745 1.0188710 1.1955190 1.3063612 1.3397348 1.3397348 1.3594832 1.8614607 1.5310674 1.5999752 4.8476608 2.3346470 2.3308282 3.1849632 1.9316017 1.8079423 1.9844458 1.6568827 2.1645326 1.7884718 2.0528416 2.2207801 1.9285000 1.9227327 1.9615682 2.1318097 2.0732383 2.5749346 2.5699091 2.4166171 2.7528875 2.0786055 2.6619216 
Ctel_gnl_WGS_AMQN_CAPTEDRAFT_mRNA169509                      1.4399690 1.7131445 1.6599884 1.5393243 1.4238026 1.7026185 2.5051242 1.3584747 1.7105984 1.4739684 1.3427999 1.3228824 1.2282056 1.2033135 1.2033135 1.2033135 1.2913984 1.3490418 1.2788414 1.0206147 0.9041997 0.8535575 0.0000000 0.0000010 1.0983122 1.1845519 1.3957808 1.3421332 0.9122570 1.4008068 1.5049748 1.3564974 1.2501550 1.2501550 1.2544260 1.3621591 1.3443077 1.6331333 1.3830506 1.3430747 1.3407395 1.2886282 1.1872263 1.2826470 1.4474706 1.3952122 1.6642102 1.2699543 1.5046894 1.4439567 1.4203060 1.2209949 1.6310220 1.5413802 1.1977085 1.3920858 1.4478050 1.2513084 1.3274538 1.3048664 1.3048664 1.3036964 1.2626886 1.2903670 1.3047026 1.3063081 1.1988276 1.4326821 1.4345257 1.4345257 1.4345257 1.3317923 1.6500029 1.5290451 1.5753635 4.7975986 2.2275335 2.2484698 2.0259225 1.7460151 1.7670732 1.9244988 1.6173546 2.0677955 2.0608797 1.8044638 1.9701876 1.9141436 1.8151152 1.8691077 2.4896901 2.0517465 2.3462668 2.5360970 2.4328028 2.7791428 2.0882651 2.4767293 
Ctel_gnl_WGS_AMQN_CAPTEDRAFT_mRNA145248                      1.4081040 1.7016105 1.6999221 1.5393243 1.4396834 1.5509608 0.0000010 1.3317026 0.0000010 1.4513011 1.2925816 1.2258152 1.1956291 1.1660920 1.1660920 1.1660920 1.1730183 1.4463239 1.3061443 0.9628218 0.7879862 0.7039466 0.0000010 0.0000000 1.0733072 1.2023629 1.2375057 1.2699981 7.3162568 1.8904170 1.4517283 1.2286561 1.0774186 1.0774186 1.0896349 1.3320223 1.1793658 1.4950204 1.3630321 1.3786177 1.2442995 1.1873006 1.0988323 1.1353258 1.3790767 0.0000010 2.2520516 1.1226188 1.5100340 1.3621439 1.3647180 1.1187757 0.0000010 0.0000010 1.1417017 1.4465466 1.5087251 1.2392234 1.1958830 1.3048664 1.3048664 1.2268869 1.2268869 1.1604725 1.3047026 1.2330102 1.1988276 1.4326821 1.4099497 1.4099497 1.4099497 1.1519770 2.7775314 1.3874615 1.4525181 4.7975986 2.3865030 2.2730370 2.3259438 1.7633996 1.6635110 2.1706181 1.6677287 1.9362394 2.1049646 1.9576895 1.9741545 1.9741545 1.6413529 2.0308492 2.4451038 1.9766788 1.5730430 4.3682015 2.9145921 3.2202754 2.2211163 2.8917767 
Dpul_mRNA22277                                               1.5493426 1.6621540 1.6905514 1.3408726 1.2917749 1.4050373 1.7770669 1.2933499 1.5924234 1.4338833 1.4325746 1.3350473 1.2969106 1.2579672 1.2579672 1.2824548 1.2725265 1.3301942 1.2745177 0.9192655 0.9442387 1.0428538 1.0983122 1.0733072 0.0000000 0.9121896 1.0138477 1.1695750 1.7666771 1.1939361 1.2832202 1.2005314 1.1018638 1.1065042 1.0381159 1.2676904 1.2411142 1.3115365 1.1684019 1.1814201 1.1569858 1.1021793 1.0457356 1.1302034 1.2147846 1.2122640 1.4819268 1.0502970 1.3466569 1.2677974 1.2971213 1.7177892 2.3006396 1.5977133 1.0179509 1.1948539 1.2607039 1.1414545 1.1669649 1.2738949 1.2738949 1.3609372 1.2076257 1.2966939 1.1854500 1.3473491 1.1184901 1.2797576 1.2198942 1.2933439 1.2933439 1.3325625 1.9767391 1.4652498 1.5480636 4.2814683 2.2860999 2.1792125 2.6589206 1.9029844 1.8155853 1.8758063 1.7019591 2.0397987 1.8798480 1.8867782 2.1514645 1.9198416 1.9131231 1.7995854 2.1815951 1.9947928 2.1294226 2.4319624 2.3010800 2.5134843 2.2226973 2.3306954 
Cscu_XM_023357003.1                                          1.4217299 1.6775458 1.6295456 1.4872687 1.2160127 1.4326364 1.8270605 1.2028520 1.6670106 1.2437723 1.3539266 1.3843098 1.3041702 1.3097643 1.3097643 1.3574540 1.3208206 1.3574287 1.2946530 1.1091406 0.9231406 1.0522627 1.1845519 1.2023629 0.9121896 0.0000000 0.9629682 1.1874482 3.1476223 1.0755572 1.3152044 1.1983532 1.1271305 1.1208068 1.0754163 1.1294245 1.2327954 1.6369045 1.2497433 1.1966049 1.1985659 1.0631659 1.0001509 1.1146798 1.2787523 1.2772095 1.5133675 1.1218435 1.4069059 1.1553319 1.1984977 1.8782674 3.1596863 1.5503320 0.9327531 1.0759874 1.2974007 1.0647129 1.2863083 1.0825005 1.0825005 1.3820554 1.1428625 1.4142246 1.0303244 1.4705425 1.0674590 1.1650931 1.4723545 1.5064149 1.5064149 1.5858413 2.1100967 1.5308745 1.6206772 3.8189858 2.2800361 2.1983587 3.3063099 1.7608048 1.8012593 1.9062887 1.8002475 2.0419858 2.0393370 1.8820314 2.1367096 2.0432164 2.0462711 1.9859401 2.3537758 2.1400275 2.6059463 2.6990462 2.4715209 2.6318948 2.1591817 2.8042608 
Opea_EP00118_Oscarella_pearsei_P019169                       1.3907626 1.6822462 1.7143974 1.4802006 1.0540457 1.2145238 3.9852094 1.2024816 4.7684390 1.2082320 1.6056136 1.3620014 1.3457841 1.3248102 1.3248102 1.2911227 1.3475340 1.3783028 1.3783028 1.1011760 1.0332581 1.2585963 1.3957808 1.2375057 1.0138477 0.9629682 0.0000000 0.1502016 1.0627725 1.2607998 0.2121829 0.9841354 1.1718224 1.1718224 1.0023033 1.0513910 1.1799437 1.3852497 1.2463394 1.2711677 1.3843151 1.6127911 1.2460391 1.2166125 1.1389850 3.4976094 2.0267454 1.2533508 1.2010980 1.4641002 1.4817615 0.0000010 1.0627725 5.0517692 2.2637577 1.4794141 1.6270367 1.3989833 1.3805472 1.5692693 1.5692693 1.5974928 1.4644325 1.6246286 1.2463744 1.5963183 1.2287673 1.6210437 1.7988305 1.7804706 1.7804706 1.6610296 5.4226529 1.6948826 1.6666435 4.9328516 2.3178773 2.4143231 2.1265253 1.8039915 1.8083438 2.0151484 1.5213926 1.8451532 1.7802827 1.7267576 1.5362658 1.6877567 1.5008934 2.0285690 1.9431116 1.9977921 2.7812293 2.2830728 2.2000314 2.1126389 2.1449143 2.6771465 
Opea_EP00118_Oscarella_pearsei_P019170                       1.4468399 1.7052012 1.5307003 1.3225936 1.2697489 1.3948328 2.2438066 1.3410107 1.9590788 1.2517437 1.3516053 1.3786920 1.3276209 1.2980894 1.2980894 1.3257277 1.3652668 1.3574937 1.2650056 1.2379360 1.2268811 1.2745124 1.3421332 1.2699981 1.1695750 1.1874482 0.1502016 0.0000000 0.0606775 0.1021744 0.0030112 0.8617997 1.3230024 1.3230024 1.1275358 1.1825285 1.0942054 1.1729829 1.2546917 1.2335115 1.3137461 1.3249833 1.1500956 1.1891970 1.2491896 1.1931537 1.4379931 1.1449537 1.4148622 1.2930793 1.3064084 1.5479655 1.5486230 1.4182722 1.2504719 1.2977620 1.3612078 1.2306853 1.4306984 1.4022097 1.4022097 1.5234124 1.3784505 1.6690370 1.3041813 1.4832361 1.3517070 1.5515432 1.5780415 1.6255097 1.6255097 1.6594923 2.1533745 1.7353904 1.8270520 4.5722954 2.2359606 2.2692709 2.7441359 1.7436309 1.6856304 1.9610495 1.6955963 1.9909912 1.8335063 1.9436000 1.9579872 1.9009600 1.8160536 1.8996175 2.2686556 2.0133229 2.5060873 2.5098747 2.2150450 2.5523515 2.1798282 2.6543567 
Opea_EP00118_Oscarella_pearsei_P019172                       1.1971749 1.3240819 1.2662752 1.9820823 2.1902590 2.3483636 2.3719304 1.9313947 2.4306060 2.0776799 2.7008934 2.0374092 2.2588005 1.8069040 1.8069040 2.2710342 9.0000000 1.5972488 1.5972488 2.1316131 1.7436472 1.6283516 0.9122570 7.3162568 1.7666771 3.1476223 1.0627725 0.0606775 0.0000000 0.9784505 0.0812480 1.7548310 1.7766833 1.7766833 1.2180444 1.6134130 1.9359758 1.8681486 1.9419989 1.6424859 2.1744773 1.7708959 1.6515831 1.8382609 1.5208168 0.0000010 0.0000010 1.5264218 1.7478102 7.8603190 1.7639001 1.4950574 1.5486230 1.4772609 3.5193649 1.1301867 1.0403295 3.1115632 1.9422118 1.5771179 1.5771179 1.6493112 1.5771179 1.9636774 1.6565625 1.8753199 2.6771583 2.6771583 1.6265737 1.9691083 1.9691083 2.2147538 2.2258458 2.0966526 2.4333605 4.3783732 3.3667027 9.0000000 2.7328041 1.7846940 1.8594686 2.4963867 2.9010943 2.7666173 2.4656320 2.6085088 8.9999984 2.2585778 2.5763221 2.2075796 2.6415287 2.7975409 3.5506767 2.3475195 2.7942435 2.4716190 2.7964700 3.9253845 
Opea_EP00118_Oscarella_pearsei_P019171                       1.8182489 1.9033914 1.9510174 2.7546250 1.3092080 1.5804337 1.8723746 1.4039859 2.1994168 1.2782020 1.5230550 1.5640795 1.5684546 1.5976005 1.5976005 1.5384224 1.6807999 1.3504016 1.5009031 1.2376343 1.3033065 1.1501476 1.4008068 1.8904170 1.1939361 1.0755572 1.2607998 0.1021744 0.9784505 0.0000000 0.0846517 0.9986020 1.6105035 1.6105035 1.1590999 1.1343888 0.8700754 0.9191649 1.1732269 1.0776307 1.2758568 0.8919858 0.9408643 1.1145121 0.9683314 0.9637605 0.9719642 1.0751362 1.2954645 1.4458522 1.4534705 1.0963483 1.9498484 1.0866122 1.7601841 1.2330935 1.2518808 1.7364784 1.2870768 1.4123041 1.4123041 1.7383158 1.4195322 1.6329212 1.4123041 1.3417621 1.4123041 1.4123041 1.4862228 1.4938886 1.4938886 1.7531698 2.2632100 1.8449705 1.9290549 0.8134828 2.1351930 1.9175486 8.9999988 1.4837613 1.3978352 1.9452044 1.1972392 1.8706300 2.3554137 2.2331168 9.0000000 2.1333893 2.0983143 1.7351887 3.1332731 2.2838427 2.6199893 2.4431396 2.4502287 3.7571120 1.8904600 1.9617780 
Ocar_g707                                                    1.5403987 1.8060663 1.6279865 1.4827134 1.4333004 1.5137040 2.2336643 1.4927286 1.9899574 1.4188941 1.4923082 1.4622105 1.4124734 1.3722292 1.3722292 1.4084961 1.4753083 1.4332386 1.3114393 1.3746891 1.3861715 1.4476724 1.5049748 1.4517283 1.2832202 1.3152044 0.2121829 0.0030112 0.0812480 0.0846517 0.0000000 0.9342534 1.4875088 1.4875088 1.2153411 1.3215670 1.2310111 1.3347258 1.3712834 1.3409329 1.4232974 1.3072521 1.2751068 1.3465206 1.4684611 1.2490827 1.7838223 1.2664577 1.6765354 1.4662766 1.4560411 1.6168556 1.6453725 1.4166504 1.2568065 1.4512961 1.4703285 1.2306853 1.6257419 1.4022097 1.4022097 1.5612805 1.3615446 1.7412789 1.3041813 1.4949481 1.4696236 1.4696236 1.5452724 1.6122975 1.6122975 1.7064923 2.1972061 1.7424354 1.8624962 3.8125658 2.4721361 2.4879470 2.8609324 1.9686857 1.8845030 2.2342847 1.9269191 2.1808193 2.0037556 2.0513034 2.3907653 2.1172671 2.0378947 2.0082288 2.6694951 2.2287642 2.6634498 3.0745540 2.6489865 3.2995195 2.4116909 2.9863171 
Plajan_Pjan_C557627_01                                       1.5678556 1.8471020 1.6822226 1.1549968 1.3308220 1.5114711 2.4973424 1.4722894 2.1780515 1.4163862 1.3080299 1.4465751 1.3669830 1.3328137 1.3328137 1.3526990 1.4501929 1.4544522 1.3471077 1.2036424 1.3109114 1.2907325 1.3564974 1.2286561 1.2005314 1.1983532 0.9841354 0.8617997 1.7548310 0.9986020 0.9342534 0.0000000 1.3216394 1.3216394 1.2672611 1.2631293 1.3462890 1.5713789 1.4458858 1.4181255 1.5062193 1.3211830 1.2048333 1.1833932 1.2560874 1.1957454 1.3329325 1.0986304 1.3663564 1.2050796 1.2368927 1.8700589 2.0377475 1.4973558 1.0409353 1.2813228 1.4495202 1.4927562 1.6127158 1.5222781 1.5222781 1.6120847 1.3924560 1.6933885 1.2420717 1.5850163 1.1592532 1.3368876 1.5302771 1.5416941 1.5416941 1.7197987 2.5397452 1.8134012 1.8400067 4.6032921 2.3462073 2.2638687 3.0884032 1.9215217 1.7605984 1.9623856 1.7713074 2.1646643 2.0051540 2.0007604 2.6553309 2.3382939 1.7092300 2.0868485 2.2575945 2.1036681 2.3963333 2.6605401 2.2853481 2.6910761 2.2271955 3.1032507 
Spur_XM_030987079.1                                          1.3085200 1.4909481 1.3439127 1.2440460 1.3281283 1.5492826 1.8638034 1.3253137 1.7272557 1.4939139 1.3347952 1.4485347 1.3793052 1.3400912 1.3400912 1.3998391 1.4061587 1.4288832 1.3630960 0.9263514 1.0093702 1.0969794 1.2501550 1.0774186 1.1018638 1.1271305 1.1718224 1.3230024 1.7766833 1.6105035 1.4875088 1.3216394 0.0000000 0.0026305 0.8014246 1.3191620 1.2291679 1.5769166 1.3642983 1.3500341 1.2743654 1.1695181 1.0525833 1.0785465 1.0638145 1.0414776 1.3063033 1.0145820 1.3282781 1.1776132 1.1971523 1.5054871 2.1195154 1.4476843 1.1158411 1.3577560 1.5556281 1.2845959 1.2369752 1.2396894 1.2396894 1.4141659 1.2076009 1.4702363 1.2872504 1.3904349 1.0738166 1.2925462 1.4220335 1.4995058 1.4995058 1.5554136 2.0163193 1.5954921 1.6845525 5.6597651 2.4098263 2.3906371 2.0271864 1.8128599 1.6763859 1.9452500 1.9047525 1.9121466 1.9698522 1.9015371 2.5044665 2.1900163 2.0806084 2.0132252 2.3375436 2.0559792 2.5209239 2.7136840 2.3858344 2.4923539 2.0287435 2.8594389 
Spur_XM_779998.4                                             1.3085200 1.4937112 1.3439127 1.2552796 1.3281283 1.5492826 1.8638034 1.3270196 1.7272557 1.4980835 1.3435579 1.4485347 1.3793052 1.3400912 1.3400912 1.3998391 1.4061587 1.4288832 1.3630960 0.9263514 1.0122518 1.0969794 1.2501550 1.0774186 1.1065042 1.1208068 1.1718224 1.3230024 1.7766833 1.6105035 1.4875088 1.3216394 0.0026305 0.0000000 0.8014246 1.3191620 1.2291679 1.5769166 1.3642983 1.3500341 1.2743654 1.1695181 1.0525833 1.0785465 1.0638145 1.0414776 1.3063033 1.0145820 1.3332441 1.1776132 1.1971523 1.5054871 2.1195154 1.4476843 1.1158411 1.3577560 1.5601451 1.2845959 1.2369752 1.2458513 1.2458513 1.4168680 1.2109454 1.4761317 1.2872504 1.3930852 1.0738166 1.2925462 1.4249604 1.5023816 1.5023816 1.5583655 2.0163193 1.6018254 1.6909414 5.6597651 2.4098263 2.3906371 2.0271864 1.8128599 1.6763859 1.9452500 1.9116992 1.9121466 1.9709905 1.8910448 2.5069697 2.1913602 2.0806084 2.0132252 2.3375436 2.0542446 2.5209239 2.7251551 2.3921539 2.4923539 2.0358423 2.8667883 
Skow_NM_001184817.1                                          1.4020534 1.4619008 1.5036784 1.1838121 1.3374796 1.4538054 2.0756026 1.2434082 1.8785356 1.3319247 1.2915644 1.3400733 1.2921433 1.2457405 1.2457405 1.3198594 1.3701338 1.3875441 1.3194534 0.9528301 0.9369791 1.1823538 1.2544260 1.0896349 1.0381159 1.0754163 1.0023033 1.1275358 1.2180444 1.1590999 1.2153411 1.2672611 0.8014246 0.8014246 0.0000000 1.3501775 1.1973888 1.5971418 1.2822521 1.2288112 1.2879015 1.0770846 1.0387210 1.1299088 1.1549764 1.4483294 1.7275670 1.0817653 1.4363458 1.1820712 1.1453973 1.2550919 1.6311454 1.5257374 0.9617560 1.2341193 1.3651122 1.1586263 1.1293265 1.1701361 1.1701361 1.4652737 1.2541615 1.4334684 1.1444019 1.4432343 1.1145008 1.3352057 1.4931458 1.5054062 1.5054062 1.6406853 2.4495606 1.7031811 1.8019816 5.8020843 2.3789720 2.3736681 2.8386969 1.6866282 1.5644501 1.9556562 1.7686551 1.7353907 1.9718124 1.8949777 2.2835344 2.0400347 1.8889810 1.9344404 2.4150432 2.0420408 2.5060922 2.5337385 2.3384906 2.4812168 1.8992973 2.7108258 
Morvir_scaffold56.g36.t1                                     1.5122273 1.7486353 1.6277439 1.5503571 1.3497940 1.2577776 1.8473531 1.2702312 1.5301472 1.3081177 1.2432028 1.4253699 1.3401188 1.3356431 1.3356431 1.3774066 1.4332248 1.3415413 1.3283480 1.1884091 1.1567150 1.1120613 1.3621591 1.3320223 1.2676904 1.1294245 1.0513910 1.1825285 1.6134130 1.1343888 1.3215670 1.2631293 1.3191620 1.3191620 1.3501775 0.0000000 0.8748751 0.8264723 0.8312641 0.8333259 0.8755472 1.0973426 1.0185105 1.0220365 1.1685554 0.9173606 1.3340770 1.0405591 1.1971205 1.1081487 1.1388758 1.4258382 2.0851644 1.1481657 1.1236326 1.0204937 1.0589380 1.2522693 1.2754544 1.2118108 1.2118108 1.2627947 1.0698381 1.4629706 1.2674490 1.4296132 1.1994507 1.4301931 1.3201677 1.3817836 1.3817836 1.4531562 2.0297447 1.6536085 1.6967336 5.0355980 2.2353641 2.0171188 3.2306493 1.7559922 1.7298736 1.8755353 1.8466290 2.0940666 1.7617400 1.7785799 2.4189146 2.0594573 1.7377459 1.9724522 2.1822673 2.0595164 2.2132152 2.4333005 2.1103333 2.4886926 2.1695310 2.7588688 
Hvul_g28289_1                                                1.4469606 1.6028284 1.4898748 1.6395985 1.2198288 1.4115702 1.7912860 1.2747924 1.8325511 1.2455641 1.3043177 1.3092885 1.2440944 1.2449717 1.2449717 1.2547048 1.2679875 1.3090132 1.2520646 1.1926285 1.2162288 1.1132326 1.3443077 1.1793658 1.2411142 1.2327954 1.1799437 1.0942054 1.9359758 0.8700754 1.2310111 1.3462890 1.2291679 1.2291679 1.1973888 0.8748751 0.0000000 0.5541441 0.7788244 0.7832089 0.8151474 0.9588526 0.8680907 0.9499558 0.9738444 0.9387926 1.2283581 0.9255087 1.1185367 1.0536611 1.0436125 1.3170880 1.2432612 0.9199031 1.0106442 1.0411043 1.1581917 0.7414509 1.2928204 1.3644909 1.3644909 1.3656296 1.2540310 1.4454408 1.2304698 1.3450996 1.0716274 1.2563353 1.3144968 1.3818712 1.3818712 1.5579650 2.0847300 1.6896109 1.7337713 5.3119162 2.1075604 1.9682925 2.5569014 1.7838062 1.7260913 1.9379219 1.6898828 2.0153561 1.8657161 1.9452244 2.1022469 1.9145345 1.8127766 1.9815297 2.1087955 2.1143028 2.0881979 2.4213189 2.3717412 2.5877549 2.1716979 2.7005803 
Chem_TCONS_00000477                                          1.4625195 1.6398863 1.5954314 0.9063681 1.4161345 1.5339624 2.1655410 1.4068673 1.9612520 1.3584749 1.4676924 1.4831650 1.3565518 1.3128066 1.3128066 1.3353917 1.3684930 1.3302079 1.3302079 1.1854748 1.2194442 1.2331962 1.6331333 1.4950204 1.3115365 1.6369045 1.3852497 1.1729829 1.8681486 0.9191649 1.3347258 1.5713789 1.5769166 1.5769166 1.5971418 0.8264723 0.5541441 0.0000000 0.7960862 0.7154782 1.0035962 1.0960794 0.8889973 0.9362744 0.8770739 0.8750879 0.7853175 0.9133003 0.9239135 0.9495613 0.9904444 1.5669921 1.5483165 1.1159675 1.8258364 0.9485399 1.0208413 2.7883986 1.4240566 0.0000010 0.0000010 1.6339819 1.2331895 1.8164148 0.0000010 1.8431745 1.3762998 0.0000010 1.6257321 1.7938957 1.7938957 2.0744224 2.3062067 1.9700077 2.0708968 8.9999987 1.7409642 1.7692643 3.3348996 1.6778879 1.7044113 1.8823370 1.5275711 2.4016088 1.7801217 1.8693132 2.2125526 1.8452770 1.8678461 2.2035009 2.2352098 2.1553067 2.3185166 1.9977103 2.0102076 2.4905765 1.9813200 2.2826103 
