79
Lcom_lcpid87999                                        0.0000000 0.5019431 0.4719631 0.8630392 1.6290430 1.3420318 1.7963419 1.4981447 1.4119801 1.7110147 1.4241049 1.2614496 1.2096972 1.2640788 1.2044690 1.2720444 1.2425161 1.0801037 1.3430469 1.2382293 1.5199450 1.5044000 1.5953280 1.1488931 1.5316287 1.4140423 1.5829069 1.3894193 1.3598234 1.3409407 1.7001931 2.4000364 1.7389813 1.4408249 1.4406145 1.5145899 1.4910070 1.5629324 2.3451469 1.7429502 1.8408728 1.7945255 1.7945255 1.6393316 1.6446235 1.7449740 2.0189657 2.8564211 1.4543008 2.2096861 2.4125326 2.2846304 2.0931369 2.3016944 1.6380473 2.0387360 2.0387360 2.2030219 2.0270791 2.7896985 2.6004831 2.5921286 2.2475985 2.6015272 2.1938191 3.1717242 2.5756537 2.4991535 2.6889053 2.4914741 2.4914741 2.8167024 2.4341608 2.6512213 2.7363638 2.7139034 2.0734986 2.5914986 3.2330342 
Gracom_Gcom_scaffold19138_01                           0.5019431 0.0000000 0.5120320 1.0587910 1.5571653 1.5102947 1.8001196 1.4978011 1.4347404 1.5499698 1.4548901 1.1774195 1.1434263 1.2028638 1.1962404 1.2450104 1.2785117 1.2686138 1.6802802 1.1206588 1.6146834 1.5980982 1.5858803 1.3437464 1.6979910 1.3918533 1.7024976 1.3497739 1.4437017 1.5968188 1.8643469 2.3679386 1.5320521 1.3582536 1.4077318 1.4809875 1.6850085 1.7927678 2.1097979 1.7099846 1.7844740 1.8315936 1.8315936 1.7193281 1.8052283 1.5792196 1.9254128 3.0505447 1.5212842 1.9885517 2.4394640 2.0987059 1.9955264 2.1990487 1.6181701 1.9932119 1.9932119 2.2086736 1.7109732 2.4562726 2.3458072 2.7543452 2.2182725 2.5009689 2.2291557 2.5922866 2.1020126 2.2259479 2.3779590 2.3639235 2.3639235 2.7692406 2.2803349 2.6226457 2.4693053 2.5934869 1.6904246 2.6703222 2.6816759 
Scil_scict002858.2                                     0.4719631 0.5120320 0.0000000 0.8182064 1.4726919 1.2331004 1.5423048 1.3041827 1.3308824 1.6098796 1.3371809 1.1341556 1.1341788 1.1487510 1.1538609 1.2221854 1.1111118 1.0166184 1.3532791 1.0735165 1.3975107 1.3829234 1.4025473 1.2089404 1.6004193 1.3309823 1.6404342 1.2076257 1.2825788 1.3912405 1.7862777 2.5007499 1.7372497 1.4621793 1.3623575 1.3747308 1.4319447 1.5789589 2.0550230 1.5327832 1.5660996 1.5570976 1.5570976 1.4675948 1.5351550 1.5115536 1.7174211 3.1422356 1.3832974 1.9089335 2.2353143 1.8870555 1.9553583 2.1637437 1.5094658 1.9981639 1.9981639 1.9053922 1.9563705 2.2324217 2.3905905 2.7757350 2.1727119 2.3493260 1.8090215 2.1790624 2.0257495 2.1978817 2.2852768 2.4526240 2.4526240 2.5847460 2.4421097 2.4899946 2.5783679 2.5104112 1.7585706 2.4182098 2.6979380 
Clacor_Ccor_scaffold8493_01                            0.8630392 1.0587910 0.8182064 0.0000000 1.5045890 1.2216837 1.5882751 1.3252978 1.3545842 1.5453335 1.4121485 1.1515762 0.9641072 0.9542928 0.8889967 1.0748900 1.0171904 0.9388603 1.2547449 0.9601496 1.3526764 1.3316728 1.3695452 1.2481419 1.4024615 1.1176296 1.4688897 0.9622455 1.1472453 1.3121310 1.5914363 1.5914363 1.7805646 1.3192858 1.1111433 1.2501766 1.5422989 1.5726434 1.8995480 1.5293802 1.5808124 1.4297917 1.4297917 1.5638471 1.6167256 1.3705167 1.9578839 1.9294757 1.7684890 2.0821682 2.4077772 2.0847175 2.0273521 2.3728875 1.1650769 2.2992464 2.2992464 2.1037702 2.0343549 2.3883902 1.8455124 2.6664174 2.7929087 3.5895471 2.4466874 2.0619627 1.8793678 2.2781133 2.7356620 2.9767245 2.9767245 2.6596917 2.5057964 2.4912968 2.7192653 3.0550711 2.2462241 2.7417338 2.7385809 
Aque_Aqu2.1.38482_001                                  1.6290430 1.5571653 1.4726919 1.5045890 0.0000000 0.4873008 0.6220908 0.9345859 0.8740505 1.2244933 1.1005793 1.3673484 1.4690912 1.4664451 1.5115442 1.5143402 1.4285904 1.2622691 1.4580071 1.5946878 1.6665746 1.7054507 1.8529692 1.3732334 1.9234067 1.5441243 1.7459061 1.5122985 1.5025854 1.6305397 1.9694826 2.4721733 1.6828427 1.4218810 1.5050111 1.3622260 1.7852849 1.7649054 1.7542442 1.4213319 1.5603883 1.6348984 1.6348984 1.6796121 1.6573846 1.7465547 1.6984815 2.3422327 1.5760447 2.3865088 2.4083528 2.0419812 1.9071941 2.3812985 1.8155194 2.1306615 2.1306615 2.1183556 1.8418720 2.3500208 2.0499509 3.1700168 2.5774529 3.1932919 2.2911558 2.6397913 2.3913210 1.9980574 1.8272774 2.0421614 2.0421614 2.2859956 1.7948060 2.1174447 2.1889165 2.5043422 2.1034068 2.5723069 2.5893950 
Halamb_c1311_g1_i1m.214                                1.3420318 1.5102947 1.2331004 1.2216837 0.4873008 0.0000000 0.4925727 0.7964881 0.7467181 1.0900560 0.9823338 1.2360295 1.4269427 1.4057376 1.4645265 1.4830879 1.5296193 1.0789851 1.0746517 1.3471040 1.3503991 1.3915385 1.5686099 1.1600639 1.5639914 1.4881137 1.5960619 1.4026432 1.2229159 1.3554918 1.5608520 2.6139754 1.0920231 1.1127049 1.2854165 1.1744699 1.4844598 1.3555008 1.5802756 1.4375184 1.4422979 1.5540254 1.5540254 1.4888112 1.4888112 1.8321696 1.7142006 2.8029975 1.2481972 1.9072954 2.3839977 2.1576268 1.7934344 2.3085583 1.8691097 1.8007591 1.8007591 1.5718353 1.6533117 2.1370313 1.9273588 2.5260272 2.1031091 2.0933320 1.8367644 2.5748626 1.8959213 1.8487168 1.7530385 2.1607374 2.1607374 2.1331675 1.9953371 2.1780546 2.2180953 2.6543620 1.7280060 2.0873747 2.4709941 
Xestes_maker-XT_scaffold91082-augustus-gene-0.6-mRNA-1 1.7963419 1.8001196 1.5423048 1.5882751 0.6220908 0.4925727 0.0000000 0.9083588 0.8211625 0.9128365 0.9530319 1.4498252 1.4139699 1.4047924 1.3561166 1.6485991 1.6434506 1.0183721 1.4646676 1.6386673 1.5824248 1.6204767 1.6519382 1.1302855 1.8160087 1.5401859 1.7704741 1.2888040 1.5622794 1.4858872 2.0926878 2.6903274 1.7453652 1.4824069 1.2901081 1.4103554 1.7514432 1.7375418 1.5933344 1.3821326 1.5354385 1.5437482 1.5437482 1.5358579 1.5876164 1.7390783 1.8480714 2.6342942 1.4608772 2.0220391 2.3137939 1.9931287 2.0166331 2.5339172 2.0012444 1.8597461 1.8597461 2.1445784 1.7900947 1.9709004 2.1561043 2.7027101 2.5306081 3.0981285 2.3618618 1.9333098 1.9337103 1.9528402 1.9391188 2.2773300 2.2773300 2.2590232 2.1244858 2.1233097 2.6187718 2.6108212 2.0494063 2.5685028 2.6539962 
Tetwil_g20353.t2                                       1.4981447 1.4978011 1.3041827 1.3252978 0.9345859 0.7964881 0.9083588 0.0000000 0.5824003 0.9055621 0.8102825 1.2726714 1.2728056 1.3471426 1.2718838 1.4046931 1.2930219 1.0109277 1.3150699 1.3237018 1.5439094 1.5775891 1.6980013 1.1424927 1.7321114 1.5563079 1.9847783 1.3029154 1.2784731 1.6088053 1.7719466 2.7178235 1.5662701 1.3053463 1.3359141 1.0956370 1.4670074 1.5100581 1.9108122 1.5154106 1.4388002 1.6396062 1.6396062 1.4349794 1.4507533 1.6183784 1.7265566 2.6527366 1.3369800 2.2098505 2.2895537 2.2583237 1.8641194 2.1636111 1.5579659 2.0977838 2.0977838 1.6369665 1.6215959 1.7917180 2.3704801 2.1632707 2.1398791 2.7373056 1.8967794 2.4491925 2.3233336 1.8048732 1.7633638 2.3586874 2.3586874 2.0680580 2.2100701 1.9618207 2.0120926 2.8491228 2.0060442 2.5766391 2.4956111 
Stycar_maker-SC_scaffold1526-augustus-gene-0.6-mRNA-1  1.4119801 1.4347404 1.3308824 1.3545842 0.8740505 0.7467181 0.8211625 0.5824003 0.0000000 0.8489787 0.7301617 1.1640558 1.2635908 1.1630416 1.1698744 1.3018814 1.2090540 0.9048943 1.1699773 1.2765513 1.4584270 1.4730979 1.5047736 1.2414858 1.6906712 1.3035520 1.5074461 1.2251088 1.3793380 1.4121529 1.5227226 2.2083663 1.6998011 1.2730417 1.1140980 1.0254916 1.3186006 1.5009783 1.6149031 1.4024020 1.3173648 1.4374430 1.4374430 1.2856411 1.3555048 1.4578592 1.6554010 2.6386145 1.2314837 1.9046797 2.2407816 1.9913943 1.9355207 2.2880709 1.3832177 1.8750594 1.8750594 1.7417643 1.6398165 1.8989189 2.0825302 2.5937908 2.1552466 2.4266053 1.9113928 1.9998788 1.9040451 2.1104580 1.9854332 2.1579519 2.1579519 2.2400485 2.2012110 1.9640129 2.1946814 2.8982502 1.7103948 2.2359638 2.4633346 
Emue_Em0020g359a.t1                                    1.7110147 1.5499698 1.6098796 1.5453335 1.2244933 1.0900560 0.9128365 0.9055621 0.8489787 0.0000000 0.3178947 1.3443525 1.4670188 1.3261134 1.2822214 1.2966513 1.4331400 1.3698637 1.2943315 1.3580259 1.4229035 1.4722018 1.6458732 1.2715383 1.6239798 1.3069085 1.7850513 1.3664974 1.6123053 1.6594114 2.0563561 3.7759364 1.1668985 1.2115762 1.3157184 1.1390397 1.6282564 1.4368742 1.2204141 1.4491030 1.4683583 1.5839617 1.5839617 1.5484510 1.5484510 1.5335259 1.6613773 1.9561639 1.1460064 1.9496222 1.7413759 1.6870613 1.4557011 1.9766620 1.7055324 1.3796254 1.3796254 1.5265808 1.5913375 2.0445769 2.1616148 1.7694480 2.1438945 2.2518592 1.7073663 1.8853443 1.7314362 1.8831522 1.9042103 2.2831110 2.2831110 2.0162818 2.2855092 1.9842761 2.3390788 2.6535737 1.5390501 1.7986544 2.5004079 
Spolac_c79371_g1_i2_m.2347c79371-g1                    1.4241049 1.4548901 1.3371809 1.4121485 1.1005793 0.9823338 0.9530319 0.8102825 0.7301617 0.3178947 0.0000000 1.2398847 1.2643629 1.1710081 1.1910789 1.1999765 1.1968066 1.1355255 1.3834744 1.2414822 1.3253350 1.3577410 1.4812866 1.0871841 1.5973861 1.2506081 1.3997017 1.1478118 1.2268037 1.2809255 1.4465903 2.2126806 1.6526811 1.1958392 1.2656698 1.1248287 1.3415542 1.3593756 1.4681563 1.3011162 1.2291809 1.3129301 1.3129301 1.2395932 1.2405790 1.3831914 1.6235836 1.6713151 1.3697512 1.6647006 1.8268928 1.7978637 1.6496745 2.1673780 1.3490025 1.5455165 1.5455165 1.7753700 1.4226119 1.7385563 2.0421908 2.1507254 1.9392341 2.6562048 1.9579676 1.9074450 1.8312909 1.7102811 1.7789805 2.0224191 2.0224191 2.2403952 2.0920971 1.8050376 2.1846769 2.5381048 1.7353948 1.9823397 2.5568365 
Bralan_BLAG01001182_1                                  1.2614496 1.1774195 1.1341556 1.1515762 1.3673484 1.2360295 1.4498252 1.2726714 1.1640558 1.3443525 1.2398847 0.0000000 0.8440899 0.8289569 0.8185183 0.8734878 0.8482014 0.6045495 0.7535188 0.8350354 0.9758819 0.9814528 1.0364117 0.7204677 1.1759432 0.9201543 1.1322031 0.9595175 0.9061727 0.6968770 1.6407671 2.0572573 1.0960252 1.0102255 0.9957678 0.8357709 0.9460228 0.8550155 1.0424859 0.9444394 1.1246141 1.0879999 1.0879999 1.0595037 1.0544775 1.1688959 1.2167421 2.0988669 1.0438420 1.5459091 1.8357766 1.7848597 1.4312074 1.7520099 1.3505364 1.9127702 1.9127702 1.8404142 1.5650688 1.9586592 2.0721363 2.3347577 1.9148964 2.2656175 1.8350712 2.2683393 1.9385833 2.0437691 2.0862285 2.4766064 2.4766064 2.1753861 2.1136095 1.9740617 2.2364804 2.7179949 1.8885359 2.2192604 2.7283504 
Spis_XP_022782032_1                                    1.2096972 1.1434263 1.1341788 0.9641072 1.4690912 1.4269427 1.4139699 1.2728056 1.2635908 1.4670188 1.2643629 0.8440899 0.0000000 0.1208684 0.2350087 0.3413706 0.3315544 0.5664772 0.7458102 0.5324873 0.9976390 0.9871817 0.9726463 0.8745262 1.0114342 0.8253524 0.9645019 0.2709752 1.0030862 1.2244440 1.5511882 2.1152879 1.2265720 1.0209336 1.1376573 0.9707215 1.1434001 1.0149156 1.4466454 1.2121257 1.1980034 1.1557983 1.1557983 1.1007513 1.0867192 1.1823609 1.4454737 2.3130681 1.3291325 1.5827770 2.2388972 2.0619828 1.7354099 2.0145499 0.7518234 2.0176291 2.0176291 2.1214191 1.6983048 2.0420973 2.3894197 2.5351538 1.8572736 2.1642844 1.8867511 2.0730364 2.0112135 2.0526108 1.9731783 2.3297421 2.3297421 2.3062273 2.3471355 2.0453336 2.4592407 2.5256633 1.8661289 2.2881147 2.6190690 
Pocdam_XM_027185213.1                                  1.2640788 1.2028638 1.1487510 0.9542928 1.4664451 1.4057376 1.4047924 1.3471426 1.1630416 1.3261134 1.1710081 0.8289569 0.1208684 0.0000000 0.2455369 0.3307757 0.3142648 0.6051995 0.7614478 0.4983991 1.1346745 1.1228472 1.0451931 0.9802965 1.0191940 0.7936773 1.0623703 0.2635502 0.9750255 1.2508239 1.5969341 2.1947121 1.3044433 1.1017405 1.1447010 0.9881543 1.0885510 1.0090659 1.3615018 1.1361305 1.1640907 1.1742251 1.1742251 1.1441008 1.1295690 1.1929729 1.5172327 2.1594157 1.2760524 1.5383915 2.1644663 2.0291394 1.7947492 2.0923002 0.7385727 2.0173724 2.0173724 2.2004905 1.7501122 1.9171044 2.3731183 2.6657481 1.8856735 2.1420194 1.8437350 2.0639257 1.9814196 2.0792272 2.0998857 2.2537474 2.2537474 2.2458293 2.5107194 2.1496936 2.4413333 2.5442367 1.9129361 2.2629146 2.7460389 
Gasp_gasp1.m3.20250.m1                                 1.2044690 1.1962404 1.1538609 0.8889967 1.5115442 1.4645265 1.3561166 1.2718838 1.1698744 1.2822214 1.1910789 0.8185183 0.2350087 0.2455369 0.0000000 0.2787263 0.3012592 0.5489959 0.7231459 0.5618658 1.0435935 1.0323927 0.9953271 0.9534622 1.0569008 0.8084540 1.0290701 0.2212425 1.0620016 1.1588645 1.3264553 1.8857949 1.2460456 0.9815066 1.0728304 1.0050685 1.0519740 1.0767490 1.5553262 1.2354134 1.1801188 1.1194460 1.1194460 1.1059018 1.0740952 1.1095703 1.5007981 2.2060846 1.2974212 1.6378794 2.0187996 1.9832693 1.6871554 1.9895790 0.6653803 1.9991636 1.9991636 2.1623239 1.7932322 1.8704903 2.3016176 2.1391175 1.8034281 2.2643793 1.8395134 2.3191916 2.1530770 1.8541046 1.8261815 2.0778269 2.0778269 2.2243943 2.2988749 1.9385426 2.2764772 2.4906681 1.9163282 2.2829654 2.7115186 
Gfas_gfas1.m1.10283.m1                                 1.2720444 1.2450104 1.2221854 1.0748900 1.5143402 1.4830879 1.6485991 1.4046931 1.3018814 1.2966513 1.1999765 0.8734878 0.3413706 0.3307757 0.2787263 0.0000000 0.2667168 0.6369661 0.8484704 0.6619398 1.0439063 1.0499070 1.1388773 0.8493061 1.1199564 0.9742643 1.1217412 0.4394456 1.1292744 1.2372406 1.5591361 2.1632881 1.2800131 1.0987350 1.1672527 1.0518004 1.0766717 1.2114032 1.4728006 1.3010182 1.3235761 1.2434294 1.2434294 1.2568068 1.3154290 1.3207657 1.4875285 2.1463632 1.2936012 1.7055299 2.0443600 1.9525344 1.5971863 1.7286265 0.7658827 1.9970384 1.9970384 2.2130639 1.7944280 2.1497202 2.5053216 2.4235221 1.9547220 2.3080748 2.1012191 2.4294705 2.2094939 2.1585922 2.1628015 2.3647226 2.3647226 2.2869693 2.6245334 2.2012763 2.4036259 2.7917130 2.0532943 2.1467260 2.5228678 
Adig_XM_015913491.1                                    1.2425161 1.2785117 1.1111118 1.0171904 1.4285904 1.5296193 1.6434506 1.2930219 1.2090540 1.4331400 1.1968066 0.8482014 0.3315544 0.3142648 0.3012592 0.2667168 0.0000000 0.6343590 0.8163154 0.6367865 1.0449352 1.0509297 1.0361885 0.8423216 1.1897636 0.9139050 1.0645829 0.3662219 1.0865467 1.2384015 1.5862723 2.1875010 1.3128177 1.0905023 1.1707471 1.0073446 1.0167213 1.1663039 1.4643726 1.1835692 1.1591116 1.1375887 1.1375887 1.1575789 1.1700050 1.3429780 1.4377078 2.0537013 1.3344212 1.6633335 2.1115269 1.9915717 1.5659687 1.6636387 0.4420864 2.0242444 2.0242444 2.1907505 1.8016788 1.9681202 2.2854727 2.2861264 2.0460973 2.5110585 1.8835417 2.1627572 2.0790636 1.9842563 1.9911879 2.0812553 2.0812553 2.2635827 2.4708876 2.0158842 2.3951390 2.5451161 2.0043258 2.1417903 2.5677515 
Nvec_v1g3189                                           1.0801037 1.2686138 1.0166184 0.9388603 1.2622691 1.0789851 1.0183721 1.0109277 0.9048943 1.3698637 1.1355255 0.6045495 0.5664772 0.6051995 0.5489959 0.6369661 0.6343590 0.0000000 0.0000010 0.6071546 0.9076482 0.8929169 0.9182825 0.8905276 0.9937311 0.7400516 0.8431904 0.6478432 0.7214532 1.0099174 1.1769935 1.9136622 0.9070300 0.8477052 0.8005422 1.0135182 0.9889714 0.9116312 1.0095918 0.9968568 0.9914760 1.0109517 1.0109517 0.8722438 0.8722438 0.8919659 1.0907363 2.6214153 1.0492505 1.1450001 1.7416966 1.5032596 1.2509782 1.8383561 0.9439458 1.7453465 1.7453465 1.3206004 1.3220971 1.6354262 1.7029816 2.1525993 1.5214977 1.5591578 1.5514859 1.9784772 1.3732813 1.6595292 1.6980206 1.8614905 1.8614905 1.8078432 1.9824527 1.5416357 1.8380348 2.0833419 1.7764405 1.4775954 2.2699897 
Nvec_v1g84725                                          1.3430469 1.6802802 1.3532791 1.2547449 1.4580071 1.0746517 1.4646676 1.3150699 1.1699773 1.2943315 1.3834744 0.7535188 0.7458102 0.7614478 0.7231459 0.8484704 0.8163154 0.0000010 0.0000000 0.8265107 1.0469338 1.0338897 1.0397309 0.9063725 1.3786710 0.9794110 1.0904704 0.9077844 1.0521893 1.2685155 1.8559626 2.1068398 1.3571590 1.1846444 1.0300477 1.1547067 1.1573205 1.0950628 1.2271731 0.9594283 1.2616689 1.3291076 1.3291076 1.0974956 1.1511250 1.1578762 1.4110760 2.6823505 1.5003962 1.5997231 1.9612027 1.8121130 1.7251588 2.5195193 1.0652312 2.1622898 2.1622898 1.8327550 1.2215899 1.8215684 2.1205896 3.1296452 2.1395694 2.2125808 2.0524062 1.8656358 2.0645852 1.8537463 1.8261861 2.1277292 2.1277292 2.0481965 2.4219802 1.8032742 2.1805582 2.4919646 2.2138449 2.0412740 2.6210629 
Exapal_XM_021044475.2                                  1.2382293 1.1206588 1.0735165 0.9601496 1.5946878 1.3471040 1.6386673 1.3237018 1.2765513 1.3580259 1.2414822 0.8350354 0.5324873 0.4983991 0.5618658 0.6619398 0.6367865 0.6071546 0.8265107 0.0000000 0.8360330 0.8268466 0.8607504 0.7989859 0.9905765 0.8379583 0.9697877 0.6810742 1.1268543 1.2326746 1.7463027 2.1901642 1.2617912 1.0804052 0.9899477 0.9736564 1.2113825 1.0206687 1.3312986 1.1593978 1.2181614 1.1645864 1.1645864 1.1360773 1.2125254 1.2190732 1.3823226 1.7770192 1.1864502 1.4492837 2.0057544 1.7994421 1.8530468 2.1400632 1.0706304 1.9956013 1.9956013 2.0571850 1.8983859 1.9592086 2.0847268 2.3348291 1.7754855 2.0648997 2.0907734 2.0006120 1.8154996 2.0587358 2.0737574 2.3889730 2.3889730 2.5911815 2.3116455 2.1873117 2.4605090 2.5906772 2.0175511 2.0850416 2.5242790 
Nemnom_g14764.t1                                       1.5199450 1.6146834 1.3975107 1.3526764 1.6665746 1.3503991 1.5824248 1.5439094 1.4584270 1.4229035 1.3253350 0.9758819 0.9976390 1.1346745 1.0435935 1.0439063 1.0449352 0.9076482 1.0469338 0.8360330 0.0000000 0.0047551 0.3523950 0.5348627 1.2346345 1.1314573 0.8367463 1.1817036 1.2679925 1.1297136 2.0294046 2.0679547 1.3836736 1.2431338 1.3016487 1.0972308 1.1978942 1.0985209 1.3962287 1.2008640 1.2379211 1.0857592 1.0857592 1.2570216 1.2677690 1.1715080 1.3005747 1.9792321 1.1206276 1.5072875 2.4671315 2.3324839 1.8418731 2.1466715 1.4405730 2.1038057 2.1038057 2.5319488 1.8074037 2.2359359 2.3846009 2.3213132 2.1778710 2.5839032 2.1157567 2.5543957 2.1264265 2.2167503 2.2920631 2.6294385 2.6294385 2.5176149 2.4781921 2.2761265 2.5220556 2.6104488 2.0404254 2.7796308 3.0062380 
Nemnom_g19679.t1                                       1.5044000 1.5980982 1.3829234 1.3316728 1.7054507 1.3915385 1.6204767 1.5775891 1.4730979 1.4722018 1.3577410 0.9814528 0.9871817 1.1228472 1.0323927 1.0499070 1.0509297 0.8929169 1.0338897 0.8268466 0.0047551 0.0000000 0.3405781 0.5417824 1.2503968 1.1195613 0.8279109 1.1670719 1.2547875 1.1176648 2.0294046 2.0679547 1.4272238 1.2728930 1.3143258 1.1279529 1.2257143 1.1107328 1.4261765 1.2412484 1.2672100 1.1119060 1.1119060 1.2862121 1.2971438 1.1574363 1.3301864 1.9792321 1.1049992 1.5064615 2.5246162 2.3854205 1.8836436 2.2153034 1.4405730 2.1529812 2.1529812 2.5596240 1.8379648 2.2229023 2.3575802 2.3213132 2.1551067 2.5458283 2.1641641 2.5094182 2.1049384 2.2755265 2.3585698 2.5985912 2.5985912 2.5383909 2.4967169 2.2928330 2.5528732 2.5820361 2.0878830 2.7639568 3.0278973 
Rhoesc_Res_006477-T1                                   1.5953280 1.5858803 1.4025473 1.3695452 1.8529692 1.5686099 1.6519382 1.6980013 1.5047736 1.6458732 1.4812866 1.0364117 0.9726463 1.0451931 0.9953271 1.1388773 1.0361885 0.9182825 1.0397309 0.8607504 0.3523950 0.3405781 0.0000000 0.5536293 1.3258252 1.1007738 0.8101333 1.1135472 1.2827699 1.3848594 1.9505708 2.0903850 1.4231324 1.2619824 1.2740062 1.0698405 1.3091190 1.1512655 1.3933768 1.3248927 1.3221372 1.1720244 1.1720244 1.1914891 1.1896130 1.3078979 1.4002265 2.1802170 1.2293848 1.4841605 2.4156514 2.2528313 2.0157201 2.4191565 1.4711620 1.9732492 1.9732492 2.6467389 1.9454096 2.2652378 2.2267048 2.4699536 2.0976581 2.3925457 2.1246735 2.3460600 2.0801682 2.3084951 2.2066482 2.6332298 2.6332298 2.5214337 2.3724844 2.2846564 2.6803482 2.5709950 2.2615678 2.6506727 3.0529226 
Aaur_scaffold363.g2.t1                                 1.1488931 1.3437464 1.2089404 1.2481419 1.3732334 1.1600639 1.1302855 1.1424927 1.2414858 1.2715383 1.0871841 0.7204677 0.8745262 0.9802965 0.9534622 0.8493061 0.8423216 0.8905276 0.9063725 0.7989859 0.5348627 0.5417824 0.5536293 0.0000000 0.9484043 1.0174207 0.6793402 1.0706812 0.9474973 1.1666529 1.2281902 1.5130860 0.7810713 0.7864880 0.9705343 1.0565277 1.0690604 1.1848115 1.2643219 1.0275997 1.0826118 0.8885216 0.8885216 0.9682261 0.9682261 1.1700094 1.1326647 2.2993397 1.0648784 1.1517148 1.6778137 1.4587038 1.2701569 1.8439993 1.2052157 1.4573984 1.4573984 1.7089055 1.2871241 1.9297828 1.6626031 1.8317165 1.7402791 1.8981173 1.7044582 2.2901131 1.4993643 1.7948417 1.9322607 2.0750049 2.0750049 1.9473632 1.9725690 1.8735170 2.3402190 2.5253333 1.8262414 1.7472389 2.2692581 
Xesp_017697-T1                                         1.5316287 1.6979910 1.6004193 1.4024615 1.9234067 1.5639914 1.8160087 1.7321114 1.6906712 1.6239798 1.5973861 1.1759432 1.0114342 1.0191940 1.0569008 1.1199564 1.1897636 0.9937311 1.3786710 0.9905765 1.2346345 1.2503968 1.3258252 0.9484043 0.0000000 0.6089224 1.4050994 1.1521919 1.4167955 1.4242926 2.0815521 2.6845262 1.6657536 1.4729092 1.4712642 1.3275290 1.4504975 1.3642249 1.9023251 1.3305578 1.4827900 1.4081345 1.4081345 1.3317650 1.3882577 1.5769655 1.8762786 2.6617919 1.4321428 1.8588112 2.2718766 2.0960958 1.9301485 2.4777163 1.8822524 2.0346451 2.0346451 2.7168442 1.9661641 2.4556944 2.5214710 1.9751533 2.0562158 2.3010070 2.2017720 2.0844149 2.2024903 2.3852886 2.4632931 2.7805110 2.7805110 2.8529990 2.5755808 2.4613610 2.8019445 3.0209981 2.4702619 2.6495012 2.9708039 
Dgig_XM_028539537.1                                    1.4140423 1.3918533 1.3309823 1.1176296 1.5441243 1.4881137 1.5401859 1.5563079 1.3035520 1.3069085 1.2506081 0.9201543 0.8253524 0.7936773 0.8084540 0.9742643 0.9139050 0.7400516 0.9794110 0.8379583 1.1314573 1.1195613 1.1007738 1.0174207 0.6089224 0.0000000 1.2013775 0.9224116 1.0158547 1.1478074 1.5598294 2.2504199 1.5410546 1.2426933 1.3026238 1.1260709 1.2189790 1.1146402 1.5129101 1.1389282 1.1800824 1.1516678 1.1516678 1.0857259 1.0872234 1.2467803 1.3832359 2.1030653 1.3120252 1.4796430 1.8606560 1.8059894 1.7223068 2.0837676 1.4246999 1.9044025 1.9044025 2.3534880 2.1408470 2.0385171 2.3063643 2.2102483 1.9088382 2.1348287 2.0076041 2.1568479 1.9124743 2.5978515 2.3241406 2.7999874 2.7999874 2.9081109 2.5384703 2.4581349 2.6324536 2.8397710 2.3072859 2.1862149 2.8021853 
Sanmal_Sma_019191-T1                                   1.5829069 1.7024976 1.6404342 1.4688897 1.7459061 1.5960619 1.7704741 1.9847783 1.5074461 1.7850513 1.3997017 1.1322031 0.9645019 1.0623703 1.0290701 1.1217412 1.0645829 0.8431904 1.0904704 0.9697877 0.8367463 0.8279109 0.8101333 0.6793402 1.4050994 1.2013775 0.0000000 1.1734528 1.4435149 1.4594518 1.8635155 2.3825483 1.9509238 1.5284138 1.3888819 1.0258137 1.2577455 1.2363938 1.3044229 1.2783725 1.3038460 1.2288751 1.2288751 1.2382888 1.2957019 1.5155622 1.4970817 2.4783063 1.4955743 1.5192449 2.3069782 1.9984873 1.8249689 2.1791357 1.4758377 2.2982678 2.2982678 2.4511560 2.2149670 2.7051762 2.1795766 2.8405883 2.4007650 2.6591869 2.3925392 2.9248727 2.3269721 2.3524619 2.3014310 2.4569179 2.4569179 2.3024365 2.6535108 2.4873931 2.5884043 2.5894796 2.4087644 2.7509590 2.8380839 
Fspp_ffun1.m4.30465.m1                                 1.3894193 1.3497739 1.2076257 0.9622455 1.5122985 1.4026432 1.2888040 1.3029154 1.2251088 1.3664974 1.1478118 0.9595175 0.2709752 0.2635502 0.2212425 0.4394456 0.3662219 0.6478432 0.9077844 0.6810742 1.1817036 1.1670719 1.1135472 1.0706812 1.1521919 0.9224116 1.1734528 0.0000000 1.1565946 1.4874605 1.5227838 2.0518909 2.0216434 1.3413336 1.2557978 1.1198498 1.2537587 1.1804334 1.6348902 1.1334461 1.1928922 1.1730022 1.1730022 1.2241203 1.2644410 1.3646182 1.6770488 2.2037572 1.3598588 1.7001367 2.3598597 2.2861723 1.6705091 1.8677193 0.6156445 2.3147757 2.3147757 2.1399686 2.3280780 1.9949042 2.1731673 2.1891604 1.9531123 2.6576679 2.0272672 2.3515864 2.2556405 2.0743901 1.8131697 2.5552995 2.5552995 2.3776310 2.4945830 2.1585184 2.4509997 2.3174519 2.0862105 2.3612578 2.5010863 
Cgig_XM_011420239.3                                    1.3598234 1.4437017 1.2825788 1.1472453 1.5025854 1.2229159 1.5622794 1.2784731 1.3793380 1.6123053 1.2268037 0.9061727 1.0030862 0.9750255 1.0620016 1.1292744 1.0865467 0.7214532 1.0521893 1.1268543 1.2679925 1.2547875 1.2827699 0.9474973 1.4167955 1.0158547 1.4435149 1.1565946 0.0000000 0.9869172 1.9142113 2.3702170 1.2442152 1.2673873 1.2602294 0.9671967 1.0331894 1.0932502 1.0833199 0.8753539 1.1273463 1.1499180 1.1499180 1.0896872 1.1314177 1.2969332 1.3467793 2.2244153 1.3467957 1.6866736 2.3350578 1.9738015 1.9439193 2.3145106 1.5357456 1.7880607 1.7880607 2.4050150 1.8460241 2.0653709 2.0470695 2.3099293 1.9545764 1.9730749 2.2238364 2.3769887 2.1677299 2.1696293 2.2849083 2.3712027 2.3712027 2.5055361 2.4435827 2.3762348 2.6273536 2.8632064 2.1242777 2.7803786 3.3263659 
Spur_XM_030984478.1                                    1.3409407 1.5968188 1.3912405 1.3121310 1.6305397 1.3554918 1.4858872 1.6088053 1.4121529 1.6594114 1.2809255 0.6968770 1.2244440 1.2508239 1.1588645 1.2372406 1.2384015 1.0099174 1.2685155 1.2326746 1.1297136 1.1176648 1.3848594 1.1666529 1.4242926 1.1478074 1.4594518 1.4874605 0.9869172 0.0000000 1.6907727 2.1796180 1.4556760 1.3483753 1.1894474 1.0068859 1.0657140 1.0296362 1.4071296 1.2162438 1.2960555 1.3555284 1.3555284 1.3735047 1.3680644 1.3153167 1.5788095 2.5659277 1.2905616 1.8685247 2.3355002 2.2270689 2.1542932 2.5311874 1.7677104 2.1317093 2.1317093 2.0828670 1.9992665 2.4179160 2.3037033 2.3077006 2.1737877 2.3529280 2.4871946 2.8305761 2.3049402 2.8071605 2.4742578 2.9559154 2.9559154 2.5124948 2.5035046 2.4765099 2.9171222 3.1349910 2.0332907 2.5729540 3.3422595 
Opea_EP00118_Oscarella_pearsei_P004920                 1.7001931 1.8643469 1.7862777 1.5914363 1.9694826 1.5608520 2.0926878 1.7719466 1.5227226 2.0563561 1.4465903 1.6407671 1.5511882 1.5969341 1.3264553 1.5591361 1.5862723 1.1769935 1.8559626 1.7463027 2.0294046 2.0294046 1.9505708 1.2281902 2.0815521 1.5598294 1.8635155 1.5227838 1.9142113 1.6907727 0.0000000 0.0096793 2.7399459 0.1844002 1.0531676 1.5693661 1.5569703 1.7768805 7.6330391 2.0572967 1.6260704 1.5041330 1.5041330 1.4913359 1.6745106 1.8046456 2.5385032 3.6994469 2.3491762 2.1558279 2.9155269 2.8957377 2.3728845 2.5807591 1.6673243 2.6830232 2.6830232 3.1621409 2.7524514 1.8201685 2.2533937 2.3519195 2.6742466 7.0861260 3.8656480 6.0140342 3.1217881 1.8910464 1.9361738 2.3850719 2.3850719 3.0838563 2.4061828 2.2297081 2.4079237 2.6595479 2.6347450 3.0153829 2.9299450 
Ocar_g1467                                             2.4000364 2.3679386 2.5007499 1.5914363 2.4721733 2.6139754 2.6903274 2.7178235 2.2083663 3.7759364 2.2126806 2.0572573 2.1152879 2.1947121 1.8857949 2.1632881 2.1875010 1.9136622 2.1068398 2.1901642 2.0679547 2.0679547 2.0903850 1.5130860 2.6845262 2.2504199 2.3825483 2.0518909 2.3702170 2.1796180 0.0096793 0.0000000 1.4040334 0.2836570 1.3645295 1.6518609 2.1115936 1.9276511 7.6330391 2.8782198 2.1119686 2.1160142 2.1160142 1.8597513 2.0093282 2.2695935 3.1193704 5.0752320 2.4770671 2.7378071 3.6511847 3.9546679 3.2064386 2.5011150 2.5740462 3.8657540 3.8657540 4.1102534 5.4181094 2.6083545 3.2193300 2.3519195 3.4249712 7.3673465 5.4388459 6.8266657 3.9708844 3.0154297 2.6665021 3.7254421 3.7254421 3.8170595 3.8704280 3.5034821 3.6048199 3.7016965 3.2156380 3.7790857 4.1322765 
Opea_EP00118_Oscarella_pearsei_P004921                 1.7389813 1.5320521 1.7372497 1.7805646 1.6828427 1.0920231 1.7453652 1.5662701 1.6998011 1.1668985 1.6526811 1.0960252 1.2265720 1.3044433 1.2460456 1.2800131 1.3128177 0.9070300 1.3571590 1.2617912 1.3836736 1.4272238 1.4231324 0.7810713 1.6657536 1.5410546 1.9509238 2.0216434 1.2442152 1.4556760 2.7399459 1.4040334 0.0000000 0.1262080 0.9991951 1.3061173 1.6332726 1.5140985 1.2603779 1.2595685 1.6407764 1.6426943 1.6426943 1.5957019 1.6198037 1.5463020 1.7870763 2.4153792 1.2233505 2.0414748 2.0473090 2.1793740 1.8526291 2.4982638 2.8045931 2.2252844 2.2252844 2.0367569 1.6161762 2.3076844 2.7616087 4.7345780 2.2942540 1.7951531 2.2520875 2.5075196 2.4818544 2.0152664 1.8567421 2.4561278 2.4561278 2.0876194 3.0933087 2.9278019 2.5223038 2.8472003 2.1834630 2.1646793 3.0879142 
Opea_EP00118_Oscarella_pearsei_P004922                 1.4408249 1.3582536 1.4621793 1.3192858 1.4218810 1.1127049 1.4824069 1.3053463 1.2730417 1.2115762 1.1958392 1.0102255 1.0209336 1.1017405 0.9815066 1.0987350 1.0905023 0.8477052 1.1846444 1.0804052 1.2431338 1.2728930 1.2619824 0.7864880 1.4729092 1.2426933 1.5284138 1.3413336 1.2673873 1.3483753 0.1844002 0.2836570 0.1262080 0.0000000 0.7234648 1.0892922 1.2816993 1.2235563 1.5544622 1.3205814 1.3665430 1.3526072 1.3526072 1.2918513 1.3674149 1.3432519 1.7404563 2.4236331 1.3079351 1.8414346 1.9071385 2.0168029 1.6979754 1.9788336 1.7625028 2.0901312 2.0901312 2.0746482 1.6773187 1.8646927 2.1958601 2.3356873 2.1187353 2.5061888 2.3371568 2.7775462 2.3006089 1.6967974 1.5882542 2.2744125 2.2744125 2.1854187 2.6131914 2.4411472 2.3268666 2.5179820 1.9473086 2.1362394 2.7306331 
Plajan_Pjan_C542508_01                                 1.4406145 1.4077318 1.3623575 1.1111433 1.5050111 1.2854165 1.2901081 1.3359141 1.1140980 1.3157184 1.2656698 0.9957678 1.1376573 1.1447010 1.0728304 1.1672527 1.1707471 0.8005422 1.0300477 0.9899477 1.3016487 1.3143258 1.2740062 0.9705343 1.4712642 1.3026238 1.3888819 1.2557978 1.2602294 1.1894474 1.0531676 1.3645295 0.9991951 0.7234648 0.0000000 0.9805222 1.2089596 1.1738310 1.2848107 1.1590894 1.3279498 1.2461395 1.2461395 1.1945056 1.1989638 1.3051346 1.7194586 3.2393442 1.5200192 1.7492546 1.8907176 1.7974001 1.9619156 2.4849997 1.5634792 1.9809803 1.9809803 2.0207948 1.5539388 1.7285932 2.0364891 2.5314518 2.2201205 2.6039506 2.3820716 2.5603420 2.0658846 1.9304150 2.0837210 2.3533086 2.3533086 2.2742276 2.3602154 2.1909400 2.0954293 2.4779984 1.9925156 2.2409389 2.9482281 
Skow_XM_006821918.1                                    1.5145899 1.4809875 1.3747308 1.2501766 1.3622260 1.1744699 1.4103554 1.0956370 1.0254916 1.1390397 1.1248287 0.8357709 0.9707215 0.9881543 1.0050685 1.0518004 1.0073446 1.0135182 1.1547067 0.9736564 1.0972308 1.1279529 1.0698405 1.0565277 1.3275290 1.1260709 1.0258137 1.1198498 0.9671967 1.0068859 1.5693661 1.6518609 1.3061173 1.0892922 0.9805222 0.0000000 0.9634199 1.0352540 1.7962061 0.9761330 1.1719897 1.0782924 1.0782924 1.0602843 1.0615645 1.1652083 1.3012664 2.5440574 1.3522462 1.4384599 2.1354473 1.8326804 1.8700808 2.3852999 1.2641193 1.8786858 1.8786858 1.9204420 1.4252528 2.3769564 1.7668570 2.8904769 2.2659408 2.4995106 2.0518899 2.3571683 2.1371327 2.2800890 2.2496996 2.7699729 2.7699729 2.6723198 2.3984078 2.3982340 2.8732160 3.2049615 2.0362093 1.9894135 2.8739677 
Ctel_gnl_WGS_AMQN_CAPTEDRAFT_mRNA120919                1.4910070 1.6850085 1.4319447 1.5422989 1.7852849 1.4844598 1.7514432 1.4670074 1.3186006 1.6282564 1.3415542 0.9460228 1.1434001 1.0885510 1.0519740 1.0766717 1.0167213 0.9889714 1.1573205 1.2113825 1.1978942 1.2257143 1.3091190 1.0690604 1.4504975 1.2189790 1.2577455 1.2537587 1.0331894 1.0657140 1.5569703 2.1115936 1.6332726 1.2816993 1.2089596 0.9634199 0.0000000 0.9281342 1.4990031 1.1808079 1.3199133 1.2346509 1.2346509 1.1464991 1.1708586 1.2394504 1.5987904 2.3503387 1.4714711 1.6585314 2.1701899 1.9722893 2.0045328 2.5219899 1.5731529 1.9283471 1.9283471 2.0452875 1.9422204 2.4377333 2.3214734 2.5863946 2.2242823 2.5948140 2.0362669 2.7589983 2.5237261 2.3059932 2.1666657 2.5076070 2.5076070 2.7585595 2.6186162 2.1064488 2.6943175 3.0704536 2.1761482 2.5008964 2.8377491 
Hsap_ENST00000341249                                   1.5629324 1.7927678 1.5789589 1.5726434 1.7649054 1.3555008 1.7375418 1.5100581 1.5009783 1.4368742 1.3593756 0.8550155 1.0149156 1.0090659 1.0767490 1.2114032 1.1663039 0.9116312 1.0950628 1.0206687 1.0985209 1.1107328 1.1512655 1.1848115 1.3642249 1.1146402 1.2363938 1.1804334 1.0932502 1.0296362 1.7768805 1.9276511 1.5140985 1.2235563 1.1738310 1.0352540 0.9281342 0.0000000 0.1708377 0.9621356 1.1997634 1.0494917 1.0494917 0.9468162 1.0195126 1.1892172 1.4725882 2.2885853 1.5717546 1.9025546 1.8362158 1.6880156 1.8020854 2.5365960 1.4746985 2.0055747 2.0055747 1.9834114 1.5636015 2.0059154 2.2379739 2.7785359 2.0151480 2.0672218 2.0367010 2.4031461 2.0985680 2.3560038 2.3538013 2.5388476 2.5388476 2.8023483 2.7171417 2.2737732 2.9148881 3.1921283 2.0758950 2.2379201 3.0675134 
Hsap_ENST00000587459                                   2.3451469 2.1097979 2.0550230 1.8995480 1.7542442 1.5802756 1.5933344 1.9108122 1.6149031 1.2204141 1.4681563 1.0424859 1.4466454 1.3615018 1.5553262 1.4728006 1.4643726 1.0095918 1.2271731 1.3312986 1.3962287 1.4261765 1.3933768 1.2643219 1.9023251 1.5129101 1.3044229 1.6348902 1.0833199 1.4071296 7.6330391 7.6330391 1.2603779 1.5544622 1.2848107 1.7962061 1.4990031 0.1708377 0.0000000 1.0275806 1.7114753 1.3373730 1.3373730 1.3536456 1.3536456 1.4755014 1.4692619 2.7414607 1.6654737 2.1951243 1.8171093 1.7254341 1.7492896 2.9712352 1.5001877 2.1101987 2.1101987 1.9864061 1.4193072 2.2519871 1.7388567 3.4076415 1.9900326 1.4362500 2.3130043 2.0248195 1.9993857 2.4005227 2.5602064 3.0929546 3.0929546 2.6468064 2.9462022 2.6302720 3.2703364 3.1997722 2.1248054 1.8872144 2.7290998 
HoiH06_mRNA9571                                        1.7429502 1.7099846 1.5327832 1.5293802 1.4213319 1.4375184 1.3821326 1.5154106 1.4024020 1.4491030 1.3011162 0.9444394 1.2121257 1.1361305 1.2354134 1.3010182 1.1835692 0.9968568 0.9594283 1.1593978 1.2008640 1.2412484 1.3248927 1.0275997 1.3305578 1.1389282 1.2783725 1.1334461 0.8753539 1.2162438 2.0572967 2.8782198 1.2595685 1.3205814 1.1590894 0.9761330 1.1808079 0.9621356 1.0275806 0.0000000 0.0644238 0.1720757 0.1720757 0.3935241 0.3935241 1.2244385 1.2097886 2.5579676 1.1909944 1.4782763 1.7446399 1.7542296 1.3798585 1.9547428 1.6774584 1.4552471 1.4552471 1.8568975 1.7649939 2.1011726 1.6034980 1.7713261 1.5850841 1.6281067 1.7213093 2.3665170 1.7444783 2.2159280 2.5199624 2.4526481 2.4526481 2.4259171 2.4213106 2.1724758 2.7773634 2.8570992 2.1146275 1.8486010 2.3291518 
HoiH23_PlH23_008483-RA                                 1.8408728 1.7844740 1.5660996 1.5808124 1.5603883 1.4422979 1.5354385 1.4388002 1.3173648 1.4683583 1.2291809 1.1246141 1.1980034 1.1640907 1.1801188 1.3235761 1.1591116 0.9914760 1.2616689 1.2181614 1.2379211 1.2672100 1.3221372 1.0826118 1.4827900 1.1800824 1.3038460 1.1928922 1.1273463 1.2960555 1.6260704 2.1119686 1.6407764 1.3665430 1.3279498 1.1719897 1.3199133 1.1997634 1.7114753 0.0644238 0.0000000 0.2076583 0.2076583 0.4197109 0.4201672 1.2238300 1.4176418 2.3959753 1.5778613 1.5264538 1.9755072 1.9944283 1.7868702 2.4649152 1.4311189 1.7392239 1.7392239 2.4895448 1.7605572 2.1016974 1.7647277 2.3778840 1.9116900 2.1724762 1.9218510 2.3055922 2.1648238 2.1550469 2.5872341 2.5101949 2.5101949 2.6269986 2.4686637 2.2673356 2.9057989 2.7632751 2.1364503 2.2777291 2.4886372 
Hhon_g10524.t1                                         1.7945255 1.8315936 1.5570976 1.4297917 1.6348984 1.5540254 1.5437482 1.6396062 1.4374430 1.5839617 1.3129301 1.0879999 1.1557983 1.1742251 1.1194460 1.2434294 1.1375887 1.0109517 1.3291076 1.1645864 1.0857592 1.1119060 1.1720244 0.8885216 1.4081345 1.1516678 1.2288751 1.1730022 1.1499180 1.3555284 1.5041330 2.1160142 1.6426943 1.3526072 1.2461395 1.0782924 1.2346509 1.0494917 1.3373730 0.1720757 0.2076583 0.0000000 0.0000010 0.3774562 0.3945470 1.2538687 1.2949570 2.4426354 1.5776354 1.5944652 2.0099423 2.0715598 1.6270539 2.1107551 1.5046818 1.7778841 1.7778841 2.4548630 1.7742468 2.2379803 1.7188715 2.2171618 1.7851040 2.0510301 1.8095435 2.5003165 2.2117122 2.4474779 2.6792503 2.9123429 2.9123429 2.7385437 2.5144865 2.3333703 2.8527290 2.7634157 2.2938247 2.3988796 2.4626436 
HoiH04_mRNA11791                                       1.7945255 1.8315936 1.5570976 1.4297917 1.6348984 1.5540254 1.5437482 1.6396062 1.4374430 1.5839617 1.3129301 1.0879999 1.1557983 1.1742251 1.1194460 1.2434294 1.1375887 1.0109517 1.3291076 1.1645864 1.0857592 1.1119060 1.1720244 0.8885216 1.4081345 1.1516678 1.2288751 1.1730022 1.1499180 1.3555284 1.5041330 2.1160142 1.6426943 1.3526072 1.2461395 1.0782924 1.2346509 1.0494917 1.3373730 0.1720757 0.2076583 0.0000010 0.0000000 0.3774562 0.3945470 1.2538687 1.2949570 2.4426354 1.5776354 1.5944652 2.0099423 2.0715598 1.6270539 2.1107551 1.5046818 1.7778841 1.7778841 2.4548630 1.7742468 2.2379803 1.7188715 2.2171618 1.7851040 2.0510301 1.8095435 2.5003165 2.2117122 2.4474779 2.6792503 2.9123429 2.9123429 2.7385437 2.5144865 2.3333703 2.8527290 2.7634157 2.2938247 2.3988796 2.4626436 
TrH2_TrispH2_008868-RA                                 1.6393316 1.7193281 1.4675948 1.5638471 1.6796121 1.4888112 1.5358579 1.4349794 1.2856411 1.5484510 1.2395932 1.0595037 1.1007513 1.1441008 1.1059018 1.2568068 1.1575789 0.8722438 1.0974956 1.1360773 1.2570216 1.2862121 1.1914891 0.9682261 1.3317650 1.0857259 1.2382888 1.2241203 1.0896872 1.3735047 1.4913359 1.8597513 1.5957019 1.2918513 1.1945056 1.0602843 1.1464991 0.9468162 1.3536456 0.3935241 0.4197109 0.3774562 0.3774562 0.0000000 0.0096623 1.2204048 1.4078854 2.7468155 1.5996708 1.6160437 2.3374942 2.0675473 1.8149624 2.5420204 1.4169882 1.7548232 1.7548232 2.3213725 1.8026102 2.2237816 1.9141814 2.1918446 1.6713425 1.9045931 2.0584047 2.3020046 1.9529374 2.3050910 2.5412270 2.6738226 2.6738226 2.8463462 2.5927228 2.4736870 2.9666567 3.0302247 2.3087960 2.3823422 2.5304581 
Tadh_TriadT60897                                       1.6446235 1.8052283 1.5351550 1.6167256 1.6573846 1.4888112 1.5876164 1.4507533 1.3555048 1.5484510 1.2405790 1.0544775 1.0867192 1.1295690 1.0740952 1.3154290 1.1700050 0.8722438 1.1511250 1.2125254 1.2677690 1.2971438 1.1896130 0.9682261 1.3882577 1.0872234 1.2957019 1.2644410 1.1314177 1.3680644 1.6745106 2.0093282 1.6198037 1.3674149 1.1989638 1.0615645 1.1708586 1.0195126 1.3536456 0.3935241 0.4201672 0.3945470 0.3945470 0.0096623 0.0000000 1.2802838 1.3550787 2.7468155 1.6639174 1.6691058 2.3862386 2.1106503 1.8213996 2.5565096 1.4288288 1.7548232 1.7548232 2.4446215 1.8026102 2.2257099 1.9691560 2.1918446 1.7703226 1.9045931 2.1077401 2.3020046 1.9529374 2.3050910 2.5412270 2.6613469 2.6613469 2.8564728 2.7386874 2.5593936 2.9381782 3.2214123 2.4515944 2.4800271 2.7131708 
Cscu_XM_023374858.1                                    1.7449740 1.5792196 1.5115536 1.3705167 1.7465547 1.8321696 1.7390783 1.6183784 1.4578592 1.5335259 1.3831914 1.1688959 1.1823609 1.1929729 1.1095703 1.3207657 1.3429780 0.8919659 1.1578762 1.2190732 1.1715080 1.1574363 1.3078979 1.1700094 1.5769655 1.2467803 1.5155622 1.3646182 1.2969332 1.3153167 1.8046456 2.2695935 1.5463020 1.3432519 1.3051346 1.1652083 1.2394504 1.1892172 1.4755014 1.2244385 1.2238300 1.2538687 1.2538687 1.2204048 1.2802838 0.0000000 1.5018360 1.5414451 1.3673976 1.8898594 2.4540374 2.4745931 2.0435405 2.7730735 1.5862278 2.3529848 2.3529848 2.3102621 1.7041762 2.3160450 2.2533447 2.6327598 2.4350714 2.5393227 2.3247346 2.6317770 2.4527366 2.4643688 2.5701979 2.5905663 2.5905663 2.8490036 2.7590245 2.6897213 2.4903948 2.7725046 2.4813056 2.6574490 2.8030749 
Tcas_TC002299_001                                      2.0189657 1.9254128 1.7174211 1.9578839 1.6984815 1.7142006 1.8480714 1.7265566 1.6554010 1.6613773 1.6235836 1.2167421 1.4454737 1.5172327 1.5007981 1.4875285 1.4377078 1.0907363 1.4110760 1.3823226 1.3005747 1.3301864 1.4002265 1.1326647 1.8762786 1.3832359 1.4970817 1.6770488 1.3467793 1.5788095 2.5385032 3.1193704 1.7870763 1.7404563 1.7194586 1.3012664 1.5987904 1.4725882 1.4692619 1.2097886 1.4176418 1.2949570 1.2949570 1.4078854 1.3550787 1.5018360 0.0000000 0.8352262 1.1261053 1.7710872 2.2788123 2.3692782 2.0876400 2.6531917 1.6979098 2.2333739 2.2333739 2.4416632 2.1447433 2.6671732 2.8496337 2.2156208 2.1128420 2.4774247 1.9231133 2.7150500 2.7487778 2.5284400 2.5822009 2.4751688 2.4751688 2.4624464 3.1529883 2.7109519 2.4735033 2.6806330 2.6368671 2.6305432 2.8622914 
