118
Lcom_lcpid35432                                                  0.0000000 0.4522071 0.5428186 2.1006304 1.3300185 2.0402272 1.7637760 2.3064075 2.5136172 1.7531668 1.9574425 2.0485999 1.6498223 1.7174584 1.7699387 1.1380685 1.8204848 1.7869663 1.6796246 1.6019137 1.6834946 1.5924455 1.8868405 1.3657182 1.6994852 1.2827519 1.8286407 1.7616495 1.8034410 2.2865348 1.6866399 2.0178930 1.4077060 2.2417803 2.3755028 2.8911448 1.8448505 2.5483923 1.3152109 1.7306167 1.7549778 1.9279733 2.5094222 2.2427010 1.9392975 2.9871960 1.5300880 1.2990451 1.3915391 1.9206147 1.7659032 1.7638969 2.1994843 1.9056569 2.5779975 2.0902205 2.1381599 3.2843863 2.5693593 2.5698717 3.9039249 2.5002543 1.3828169 2.2983511 1.3381011 2.6287343 2.7324822 1.6687367 2.1486254 2.2811442 2.3494192 2.1130364 2.7942181 3.2728702 3.2852496 1.8406677 2.3573686 2.4865571 2.3697820 2.4076904 2.3503385 2.4863885 3.6457404 2.8415791 3.0193482 2.4406816 2.8228262 2.3990490 2.1183668 2.8117252 3.3765239 3.3765239 2.6719817 3.8897929 2.8006891 3.2742283 2.9188869 2.5618847 2.2451505 2.5961376 2.0465042 1.2702267 1.2702267 0.5772456 1.2259772 2.2478482 2.2478482 3.4342933 3.0906612 2.7598042 2.9840513 3.2865208 2.0484731 3.1526127 2.0242536 3.6527688 1.9177822 3.8064917 
Gracom_Gcom_scaffold16560_01                                     0.4522071 0.0000000 0.4485994 2.1420083 1.3365131 1.4929267 1.5275659 2.1443556 1.9479547 1.5214820 1.3655445 1.4152939 1.1098545 1.1997405 1.2992821 1.1741206 1.1274921 1.2093501 1.1554330 1.2349401 1.1538979 1.1142967 1.3187484 1.2562746 1.2176815 1.2894886 1.2735228 1.2387159 1.2250666 1.5842625 1.1579369 1.3498006 1.1305825 0.9344594 1.7070129 1.7221200 1.2630937 0.5076139 1.2497043 1.2148469 1.2148469 1.1733051 1.5982655 1.3482233 1.2038948 0.7363422 1.5271615 1.4036634 1.4077089 1.3217364 1.1917203 1.1810986 1.6613165 2.1905936 3.4088334 2.1260844 3.0518095 3.9845108 1.8800770 1.7865967 3.7614771 1.7933615 1.4019067 1.7498203 1.2962739 1.6846828 2.0022798 1.4650742 1.4969249 1.6273237 1.7104324 2.2484995 2.0542612 2.6159277 0.0000010 1.2720701 1.5107539 1.3891658 1.5119038 1.5393712 1.5708379 1.6214753 1.6559747 2.3366227 2.3804112 2.4138836 2.2647963 2.1463226 2.0217561 2.2391510 1.3322741 1.3322741 1.6199041 2.0541298 3.1164844 3.1684951 3.8198732 1.7228742 1.9867320 1.9658882 1.5053572 3.9764310 3.9764310 1.5694607 0.0000010 2.9944638 2.9944638 4.4277894 3.1645291 1.9545499 2.2160353 2.2790291 0.9843143 3.5598499 1.2245863 2.5482862 1.5292072 3.3651104 
Scil_scict015667.1                                               0.5428186 0.4485994 0.0000000 2.0106828 1.2442363 2.7246101 1.8238098 2.3678374 2.9675186 1.7778864 2.3437791 2.5023252 1.7116947 2.2784808 2.4018379 1.1407902 2.4106589 2.4117407 2.2956209 1.4656499 2.2307274 1.6245533 2.4233655 1.2615060 1.8413439 1.2083800 2.2278296 2.1958352 2.1937402 2.6784494 1.5656373 2.4970580 1.3036766 1.9408594 4.3258767 5.7789609 2.3589701 3.0693372 1.2958216 2.2612472 2.2901763 2.4048306 3.0974455 2.7779097 2.1842184 5.1044061 1.4540858 1.2602347 1.4212259 2.4444212 2.4327062 2.4216974 2.5930565 4.3110563 3.4038030 2.5042981 2.6549713 4.7000716 3.0900317 3.0667814 4.6488245 3.1116472 1.5162057 2.7314875 1.3505159 3.0351524 3.1946596 1.8102438 2.6171875 2.7849587 2.3666317 2.2030640 3.2296953 3.7816807 5.8140277 2.2710059 2.8727172 2.9925120 2.8953752 2.9409262 2.9187675 3.2022325 4.3241976 3.2862245 3.3059925 2.4627825 2.7752140 2.3697748 1.9733411 3.3229308 4.7295078 4.7295078 3.5915269 6.1284630 3.6564036 3.1012853 3.7823150 2.8763827 2.4936605 3.1245998 4.6483500 1.9077507 1.9077507 1.2591655 3.2773785 3.1485259 3.1485259 4.4109938 3.4730106 3.0018678 6.1511137 3.4811422 4.4762063 3.7273948 4.7089827 4.8633462 2.5971083 5.2652859 
Aque_Aqu2.1.07301_001                                            2.1006304 2.1420083 2.0106828 0.0000000 3.3185900 0.6003580 0.8998149 3.1097841 3.3572035 3.3474900 1.6931411 1.7709095 0.5734680 2.0028492 1.9639807 1.8126432 1.9699436 2.0816764 2.1431410 1.4463484 1.6919954 1.7489231 1.7507443 1.0210317 1.9621235 1.9630847 1.8057078 1.8435026 2.0251822 2.3223061 1.9252248 1.5277333 2.0427621 1.4492975 0.0000010 0.0000010 1.9423260 0.5408651 1.3210844 2.0930254 2.0930254 2.1268216 2.1823996 2.1012660 2.2622133 0.0000010 2.1816804 3.3374153 2.5166706 1.8658956 1.8441472 1.8193282 2.0691233 2.1965414 4.1976022 2.0739477 0.0000010 5.3525448 2.8039520 2.5498914 4.6734722 2.4362102 4.2860331 2.5028802 7.3226422 2.5479800 2.6853946 1.3651826 2.3098078 2.7858694 2.6361858 1.9667894 2.5873139 3.2099859 0.0000010 1.4991062 2.2270617 2.0298365 2.1948425 2.3212866 2.3469582 2.3091102 0.0000010 2.8243582 2.0138101 4.8012557 3.0049307 2.7514791 4.6929840 3.0300671 0.0000010 0.0000010 1.8754250 0.0000010 3.3108656 3.2402450 3.2402281 2.3875130 3.9746374 2.6626043 0.0000010 5.5335605 5.5335605 2.1849835 0.0000010 3.3340364 3.3340364 5.1041624 6.1999197 2.9849049 0.7319873 2.2298557 1.8734188 2.9468668 1.6389679 1.8651505 0.8697625 6.4114191 
Aque_Aqu2.1.03578_001                                            1.3300185 1.3365131 1.2442363 3.3185900 0.0000000 0.0000010 0.1325291 0.4458167 0.6932851 0.2043335 1.0981962 1.1312976 0.0000010 1.0886641 0.9532174 1.0568635 1.1250757 1.0901305 1.2045680 1.1101245 1.1007093 0.9428935 1.0352122 0.0000010 0.9800823 1.1307021 1.1478845 1.2058714 1.1229572 0.9983259 0.9996520 1.2895317 1.1197143 0.0000010 9.0000000 9.0000000 1.2623750 0.0000010 9.0000000 1.0274843 1.0274843 0.9822643 5.4052071 1.1843547 1.2527636 0.0000010 1.2686213 1.3155522 1.3155522 1.1313992 1.0390376 1.0390376 1.0118926 0.0000010 2.0434377 0.9058592 0.0000010 3.2674612 1.5455186 1.7021429 4.5649503 1.6140227 1.4884248 1.2545163 1.9524402 1.5974173 1.5048666 4.4842317 1.4767796 1.5046699 1.6851948 4.2372020 2.3890221 2.5433435 0.0000010 2.1436096 1.5823792 1.6398585 1.6744156 1.6744156 1.6425321 2.2346703 3.7405899 2.0366383 2.8728210 2.1939800 1.6316324 1.6081891 1.7087263 1.7702774 2.2083025 2.2083025 2.2083025 2.2083025 3.7283675 3.8734388 4.0382727 1.7391461 1.6839170 1.9856091 9.0000000 2.6968838 2.6968838 9.0000000 9.0000000 3.8460652 3.8460652 3.7577748 9.0000000 1.6230197 0.0000010 2.1601511 9.0000000 3.8615360 2.6757279 1.8378803 3.4513262 2.4940319 
Aque_Aqu2.1.25124_001                                            2.0402272 1.4929267 2.7246101 0.6003580 0.0000010 0.0000000 0.3083442 1.0233407 2.3400168 0.6795147 2.2354070 2.2378392 0.9303401 2.0025872 2.1683647 1.1368838 2.0966125 2.1681482 2.0999504 1.5649863 2.0545067 1.6688139 2.1843009 2.3332833 2.0401137 1.4200081 2.3149265 2.1962513 2.2109739 2.5097313 1.8340144 2.3257849 1.5854278 1.8727360 3.1082252 3.0530583 2.2793565 3.3630449 1.4002185 2.0891010 2.1105257 2.1173053 2.5068154 2.3021261 2.3144640 2.6481809 1.7667476 1.5888318 1.4231067 2.2711088 2.2091688 2.2167197 1.8230268 2.5844531 1.8706923 1.6664499 1.9130314 2.7059679 2.9907057 2.9578224 4.1142156 3.0820534 1.5436427 2.8844744 2.1781012 3.0308522 3.0047713 2.1893141 2.7781952 2.8923731 2.5193902 2.0630037 3.2017709 3.7415881 4.2638269 2.2206611 2.7207097 2.7736404 2.7859450 2.8186404 2.7604671 2.9980235 4.1525363 3.2897517 3.1406318 3.7887709 2.8744579 2.3783991 1.9597022 3.1774567 3.9525933 3.9525933 3.3398482 4.0903862 2.8594753 3.3121395 2.8380157 2.8795562 2.6753766 2.9876925 2.8995518 3.0234834 3.0234834 2.7676643 2.6303048 2.9418008 2.9418008 3.9262762 3.9237918 3.0802709 1.9404141 3.4915958 2.9616504 3.2935078 2.9076580 3.8782132 2.7424586 4.8471598 
Halamb_c54269_g1_i3m.37830                                       1.7637760 1.5275659 1.8238098 0.8998149 0.1325291 0.3083442 0.0000000 1.1732534 1.6819114 0.3883285 1.4869307 1.5624689 0.9654216 1.4852378 1.5513615 1.1229859 1.4607598 1.5761041 1.5205618 1.5299084 1.4707490 1.4720609 1.4876564 2.4075553 1.5936918 1.4804829 1.7716608 1.6642525 1.6882923 1.9133645 1.6175421 1.6775476 1.6192635 1.9407990 0.0000010 0.0000010 1.6881947 1.2036703 1.2471141 1.5598177 1.5657726 1.6101089 2.0414624 1.8618187 1.8160344 0.0000010 1.8545659 1.5282516 1.4697150 1.6812234 1.5817739 1.5764312 1.4618225 2.3561248 2.3833254 1.7057597 3.1092719 4.0032926 2.4698134 2.4203245 5.1136035 2.5454509 1.6205787 2.2039669 2.0331888 2.3877040 2.4243873 1.9628197 2.0411795 2.3095087 2.1784258 2.0983831 2.6553031 3.2073632 0.0000010 1.7280381 2.2545054 2.2557263 2.2453735 2.2757027 2.2891562 2.6670295 3.7753552 2.6320208 2.5124126 3.6264410 2.6568351 2.4208086 1.9684760 2.6699810 0.0000010 0.0000010 2.3797783 0.0000010 3.2089638 3.8179625 3.6519890 2.3256168 2.4548003 2.5759833 1.1936091 3.5518518 3.5518518 2.0528648 0.0000010 3.5800791 3.5800791 5.0646031 3.2264042 2.5661220 0.7153765 3.0538267 0.6621047 3.7990821 1.6280074 2.1343804 2.8956962 3.8679273 
Aque_Aqu2.1.14975_001                                            2.3064075 2.1443556 2.3678374 3.1097841 0.4458167 1.0233407 1.1732534 0.0000000 2.3057662 0.3927450 2.1894429 2.5910322 8.0824269 1.9368873 1.7284524 2.0578326 2.2245371 2.5976736 2.0156348 2.4813323 2.0374724 1.9545522 2.2193932 3.2272973 2.0768940 2.6822473 2.2211710 2.2956428 2.3312765 2.7621503 2.3431035 2.3556704 2.2242007 2.1109086 1.6519781 0.7584043 2.1351048 0.0000010 3.5528237 2.1174907 2.1174907 1.9349611 2.1440665 2.1278145 2.1159192 0.0000010 1.9878070 2.1237312 1.9357986 2.3937987 2.2423554 2.2423554 2.4642434 3.9018708 2.7495584 2.5931896 2.6050454 3.6794090 1.7574319 1.9917760 2.0972571 1.9761585 1.5959292 2.5682623 2.1879959 2.5867557 2.3828768 2.9855421 2.1402891 2.8537417 2.1780022 3.0539163 2.9740468 3.2346472 0.0000010 2.4961870 2.8308146 3.0147564 2.7847225 2.9633671 2.9759334 3.0721530 1.2498721 3.7981190 4.2930573 4.2318045 3.1633261 2.8962128 3.5325920 3.8410435 1.0957574 1.0957574 2.5678967 0.0000010 2.8922746 3.0662862 3.4289173 2.3949148 2.7905414 2.4957305 1.0621497 3.9963673 3.9963673 1.7139295 0.0000010 5.0498392 5.0498392 4.7400699 9.0000000 2.9393168 1.1828770 3.1035825 1.4632414 4.8814786 2.4227170 5.8087227 1.3938689 3.1756181 
Tetwil_g20130.t1                                                 2.5136172 1.9479547 2.9675186 3.3572035 0.6932851 2.3400168 1.6819114 2.3057662 0.0000000 1.7847269 2.4541026 2.5265502 3.6189598 2.4173364 2.4384611 1.6197099 2.3765115 2.3926688 2.4635513 1.9146942 2.3399949 1.9501740 2.5496242 2.0446012 2.5491153 1.9514172 2.5459010 2.5168537 2.4675567 2.7693689 2.3111586 3.1470936 1.7368409 2.8070338 4.9751954 3.7494683 2.7245384 3.7097989 4.4733754 2.5007484 2.5012046 2.4037625 3.4313014 2.9764634 2.3656303 3.1033410 2.0057105 1.4872441 2.1195452 2.5100677 2.5957150 2.5945019 2.5739229 3.2948362 4.3135589 4.3223822 5.1603916 4.8684118 3.5602299 3.6136273 5.0146341 3.5451859 1.5097027 3.1350296 1.6676403 3.6881227 3.7850747 4.4337418 3.0486699 3.4251678 3.2195133 4.9327476 3.6247318 4.5202882 4.6077944 5.3001582 3.3932771 3.6541777 3.4396158 3.5546787 3.4540829 3.7294058 5.0789894 3.8443605 4.1532169 3.2118986 3.7693514 3.0497655 2.0127372 4.0249078 4.9426856 4.9426856 5.1613588 4.7629582 4.0707011 4.1237748 4.5791543 3.4281890 2.7248285 3.9450617 4.4738212 4.7498121 4.7498121 4.1317970 4.1285435 5.5703306 5.5703306 5.7689587 5.4001386 3.9488572 4.8959342 4.4612085 4.8673340 4.3408314 3.0978774 4.3760603 3.8691105 5.4845092 
Aque_Aqu2.1.11675_001                                            1.7531668 1.5214820 1.7778864 3.3474900 0.2043335 0.6795147 0.3883285 0.3927450 1.7847269 0.0000000 1.4804245 1.7039118 2.0584448 1.4965436 1.5323865 1.3287305 1.5517941 1.5860886 1.6511813 1.5957985 1.8331005 1.0516944 1.6111462 0.0000010 1.4044989 1.3464400 1.3729558 1.3532956 1.4507037 1.3270299 1.1540739 1.2751773 1.1495807 0.6248994 1.6293833 1.6100140 1.7770560 0.0000010 1.2086508 1.6554473 1.6407573 1.4161839 1.9407053 2.0971679 1.6689797 2.6332594 1.6262910 1.8083421 1.5120308 1.5716911 1.8806794 1.8806794 1.4595499 2.3171145 2.5576345 2.9227455 3.1142246 2.8038127 2.2343070 2.2646173 4.6162608 2.2799086 1.8472817 2.0381522 2.0981789 2.6989662 2.5814307 4.1942611 2.1040193 2.2535191 2.1646495 3.0012383 3.2667187 3.2174549 1.4929053 2.5916781 2.5264839 2.5728693 2.7114140 2.7114140 2.4876834 3.2885541 5.6112903 3.3104017 4.4013778 2.8635432 2.7125729 2.4427950 2.2458427 3.1919398 6.0761539 6.0761539 4.5370911 3.6754476 2.1919215 2.3911829 4.2258108 1.9552297 2.1673728 2.3028908 2.1911441 2.3602007 2.3602007 2.1216545 1.8116705 3.0006498 3.0006498 4.9123461 3.0998088 2.2349391 1.7227784 2.7637982 1.7379065 4.8856312 2.1413186 4.3788382 3.4234416 4.0663308 
Dgig_XM_028559370.1                                              1.9574425 1.3655445 2.3437791 1.6931411 1.0981962 2.2354070 1.4869307 2.1894429 2.4541026 1.4804245 0.0000000 0.6112318 1.5162993 1.6367201 1.8401028 0.9421631 1.6801223 1.7686221 1.6908682 1.0612335 1.5516097 1.2300682 1.7742757 0.9885088 1.4774386 0.9094209 1.5615072 1.5156784 1.5602577 1.8431370 1.2978945 1.6745025 1.1080462 1.5469088 2.2234453 2.0605009 2.0357555 3.4209074 1.1967447 1.7804236 1.7952089 1.6507971 1.9932426 1.8418004 1.6521518 1.7707347 1.5856472 1.2702294 1.3435656 1.8184205 2.0238202 2.0185431 2.1406960 2.5235434 2.6085954 2.6938095 2.7851035 3.2324376 2.8177375 2.8350286 3.7459772 2.7937212 1.6244172 2.4885406 2.0591122 2.9813970 2.9929323 2.1292314 2.3936342 2.5512686 2.5513489 2.2773069 3.0579099 3.5677245 2.2455097 2.0505437 2.5769393 2.6309895 2.5425510 2.5704806 2.5552078 2.8186150 3.8090905 3.0935754 2.9971003 3.1339103 2.6292650 2.1611394 1.8185628 2.9203110 3.6277244 3.6277244 3.0955636 3.2365854 2.3701412 3.0248279 2.6944713 2.7493257 2.1706760 2.8820167 2.5209007 2.8661207 2.8661207 2.5126287 2.0240850 2.7410300 2.7410300 3.7688786 4.3434032 2.8317370 2.8771621 3.3371467 2.5062921 2.7658300 2.3618853 3.6436699 2.3212574 5.1135882 
Xesp_005123-T1                                                   2.0485999 1.4152939 2.5023252 1.7709095 1.1312976 2.2378392 1.5624689 2.5910322 2.5265502 1.7039118 0.6112318 0.0000000 1.5219659 1.7627351 1.9363949 0.9350738 1.7837210 1.8088969 1.7324253 1.2017093 1.7362631 1.2463255 1.8913173 0.9798153 1.5729089 0.9868139 1.7400938 1.7460816 1.6994581 1.9713220 1.3351452 1.8300567 1.1747965 1.5719035 2.6704797 2.4569703 2.0393375 3.2291278 1.2152358 1.8840086 1.8924981 1.7335051 2.1282038 1.8759104 1.7529553 1.9339865 1.5410248 1.3100045 1.4246077 1.8937022 2.0065890 2.0025162 2.2860824 2.2532743 2.7534616 2.8989039 3.1938012 3.5859573 2.9865804 3.0487467 3.9282928 2.8456895 1.5722746 2.4888250 1.9857966 2.9173609 3.0343840 2.4276296 2.6093540 2.6981526 2.5469791 2.3511569 3.1573028 3.6462783 3.3686404 2.0523051 2.7881207 2.9096847 2.8147845 2.8480633 2.7435125 3.0538082 3.5121110 2.9304154 2.8554629 3.3272277 2.5073353 2.1073179 1.9925058 2.8650454 3.8602257 3.8602257 2.8825309 3.2868834 2.5840900 3.1099070 2.7017972 2.6930869 2.2959633 2.9030831 2.9009250 3.1191653 3.1191653 2.5582548 2.5835146 2.8277754 2.8277754 3.9247562 3.9760247 3.1376641 3.5678465 3.4821927 2.8241864 2.7629286 2.0224380 3.9075436 2.4094423 5.0073985 
Spolac_c114041_g1_i1_m.46253c114041-g1                           1.6498223 1.1098545 1.7116947 0.5734680 0.0000010 0.9303401 0.9654216 8.0824269 3.6189598 2.0584448 1.5162993 1.5219659 0.0000000 1.3276563 1.5186025 0.8954432 1.4580911 1.7788293 1.5095617 1.8161336 1.6465942 1.4608152 1.5273910 0.0000010 1.5517765 1.1768611 2.0250018 1.2748120 1.5046237 1.6590718 1.5362276 1.4408081 1.5973817 1.5973817 2.3177898 1.6568811 1.5128488 1.9462260 0.9007953 1.6089612 1.6119240 1.7518459 1.8121751 1.7448948 1.8438681 1.4143128 0.0000010 1.8521121 1.4028222 1.4907698 1.7812438 1.7812438 1.3434998 3.6266950 4.7305641 2.2875460 2.7668318 5.3042349 2.4580798 2.6878829 4.8753463 2.7819497 2.6105181 2.5216766 0.0000010 2.8473020 3.2220070 2.2145148 2.0572719 2.3542572 2.5268336 1.5937137 2.8346109 3.5665532 0.0000010 1.6721168 2.2814655 2.4117282 2.4505631 2.4505631 2.3493440 3.1069957 3.3336252 1.7358511 1.7044913 0.0000010 1.9069966 1.7815721 0.5150596 1.8608624 1.1702524 1.1702524 1.7845521 1.7483423 3.6719770 4.6829576 3.8266486 2.1423153 0.9852649 2.3505327 1.0051592 4.5795246 4.5795246 2.9187257 0.0000010 2.4282152 2.4282152 5.9153270 0.0000010 2.4268706 2.5623874 4.2022388 1.2343800 2.5157801 3.7465661 1.0754449 0.0000010 5.6742897 
Bralan_BLAG01001947_1                                            1.7174584 1.1997405 2.2784808 2.0028492 1.0886641 2.0025872 1.4852378 1.9368873 2.4173364 1.4965436 1.6367201 1.7627351 1.3276563 0.0000000 1.2179314 0.5689717 1.2482222 1.2116794 1.2205718 0.6912348 1.0372361 0.8476164 1.3192470 0.7946758 1.3651692 0.7197993 1.3822065 1.3572079 1.3861169 1.6107918 1.1161065 1.5299476 0.8894921 1.3008229 1.8845931 1.8611982 1.6894805 2.4907894 0.9391380 1.2828658 1.2753416 1.5179825 1.8210459 1.7298666 1.6461243 1.5299459 1.1476997 1.0224532 1.1527555 1.6006653 1.4012041 1.4013536 1.9733616 1.7004325 2.4612400 2.1329076 2.2940839 2.9537219 2.8192315 2.8171103 3.8257030 2.7237185 1.2819947 2.2573887 1.6309573 2.5434637 2.6504032 1.7612055 2.1561682 2.3764144 2.0853559 1.9301428 2.7305094 3.2360014 2.2362410 1.7899826 2.1005286 2.1925131 2.1554567 2.1965337 2.1039542 2.3085897 3.5880721 2.8400596 2.7928360 2.5339389 2.2549770 1.8565817 1.4744558 2.8301690 3.4325624 3.4325624 2.8795805 4.3199446 1.7378696 2.6209445 2.3036732 2.2761582 1.8682789 2.8143464 2.4693531 2.5224163 2.5224163 2.3094268 2.4778242 2.2724817 2.2724817 3.2214735 3.3325097 2.7879533 2.3987855 3.2217470 1.9720283 2.4150543 1.3869981 2.9071759 1.7193351 4.9065596 
Acagra_model.g14599.t1_model.g14600.t1                           1.7699387 1.2992821 2.4018379 1.9639807 0.9532174 2.1683647 1.5513615 1.7284524 2.4384611 1.5323865 1.8401028 1.9363949 1.5186025 1.2179314 0.0000000 0.5210639 1.1998309 1.2837410 0.7600593 0.8729761 1.3027155 0.9773451 1.0216248 0.8122600 1.5502011 0.9039315 1.6159265 1.5660525 1.6274714 1.9816156 1.3430183 1.8090173 1.0745865 2.2867015 2.0661748 2.0783924 2.0510290 3.1045321 1.1004038 1.5454656 1.5396388 1.7498655 2.1162353 1.9973485 1.7085995 1.9585532 1.0067360 0.8476660 1.2140621 1.7427653 1.7212855 1.7146746 2.2010742 1.7578875 2.4598057 2.0145873 2.1909331 3.2268500 2.7490401 2.8919936 3.7492189 2.6678116 1.4533597 2.3849287 1.7483651 2.8028455 2.7654614 2.2056509 2.3852772 2.5435239 2.2264100 1.9910920 2.7854607 3.2264370 2.7268160 2.3339438 2.4508298 2.5115342 2.4964773 2.5005018 2.4751076 2.7124183 3.5113660 2.9044265 2.8806275 2.7427359 2.3026150 2.0432064 1.6643721 2.8269728 3.4812411 3.4812411 2.8734569 3.9723862 1.6458424 2.8046456 2.2636444 2.4429303 2.0605655 2.8020835 2.4653865 2.7862025 2.7862025 2.2686380 2.7438101 2.4726480 2.4726480 3.4508929 3.1552825 2.7847268 2.7678744 3.5003582 2.1715352 2.6677956 2.1247937 3.2324939 1.7956507 4.8516639 
Cscu_XM_023357614.1                                              1.1380685 1.1741206 1.1407902 1.8126432 1.0568635 1.1368838 1.1229859 2.0578326 1.6197099 1.3287305 0.9421631 0.9350738 0.8954432 0.5689717 0.5210639 0.0000000 0.2866811 0.3559015 0.4912571 0.5802557 0.5789231 0.5893057 0.6114247 3.6440718 0.8005866 0.6883374 0.7824458 0.7746591 0.7800807 0.8472879 0.7516677 0.7074179 0.7602377 0.4822955 2.3778448 2.3778448 0.9236696 0.5076139 0.8081889 0.6967226 0.6967226 0.9583883 1.3336521 0.9763322 0.9864573 9.0000000 1.1909157 0.9369299 1.1420446 0.9502774 0.7650683 0.7652087 1.1421932 2.7351738 3.0522327 1.9176972 2.7188393 3.7767049 1.6102726 1.5932816 4.2818130 1.5887031 1.2575451 1.2383436 1.7407132 1.5777310 1.5885535 1.0984936 1.2488951 1.3517654 1.4987792 1.8475914 1.7442751 2.0553651 9.0000000 0.8931507 0.9949250 0.9788628 0.9690811 0.9690811 1.0588850 1.3423593 4.8871580 1.6981231 1.8628221 1.9892524 1.5560660 1.5352898 1.4387497 1.5663081 4.8871580 4.8871580 1.1238021 9.0000000 3.4151403 3.6731736 2.8889690 1.5369754 1.5356642 2.0292666 9.0000000 3.6538178 3.6538178 1.9628853 0.0000010 2.9770756 2.9770756 4.1470281 6.7905363 1.6607612 1.6631455 1.8602652 1.3600139 3.3557894 1.9102552 2.1271345 2.0869006 3.7198956 
Tcas_TC012042_001                                                1.8204848 1.1274921 2.4106589 1.9699436 1.1250757 2.0966125 1.4607598 2.2245371 2.3765115 1.5517941 1.6801223 1.7837210 1.4580911 1.2482222 1.1998309 0.2866811 0.0000000 0.7944425 1.0867204 0.8607642 1.3216389 0.9231266 1.1845366 0.7406184 1.4308459 0.8476434 1.6142963 1.5402143 1.6091364 1.9419803 1.3143856 1.7487973 1.0899268 1.8523540 2.2766637 2.3933640 1.8479891 2.6523402 0.9777636 1.4952808 1.4851729 1.7123534 2.1345328 1.9425177 1.7374818 1.9909925 1.3455076 1.0085361 1.2418662 1.8165662 1.5887221 1.5880761 1.9531419 2.1438996 2.4876858 1.9886529 2.3089190 3.3377319 2.8334588 2.9304203 3.9897904 2.7597160 1.3004820 2.3620581 1.9303693 2.7671037 2.7045941 1.7554496 2.3033913 2.3884798 2.2856301 1.9628316 2.8855842 3.3820580 2.7284587 1.9146766 2.2499601 2.3379520 2.2283563 2.2672381 2.2063824 2.4236799 3.4243373 2.7801888 2.7629931 2.7116391 2.4247599 2.0312724 1.5527273 2.7653279 3.4733910 3.4733910 2.8472129 3.9242014 1.5317627 2.9434194 2.5208569 2.4189843 2.0003029 2.8007941 2.8831968 2.8629334 2.8629334 2.4932776 2.6690301 2.4964963 2.4964963 3.5070642 3.2286663 2.6944873 3.2567656 3.2478188 2.3741082 2.8580444 1.7924374 3.0989880 1.8247157 4.6987033 
Dpul_mRNA29330                                                   1.7869663 1.2093501 2.4117407 2.0816764 1.0901305 2.1681482 1.5761041 2.5976736 2.3926688 1.5860886 1.7686221 1.8088969 1.7788293 1.2116794 1.2837410 0.3559015 0.7944425 0.0000000 1.1713887 0.9956219 1.3363436 1.0732573 1.3990935 0.8888951 1.4474483 0.9266159 1.6380717 1.6477150 1.5736492 1.8831835 1.3403419 1.7635937 1.1631545 1.7370336 2.4404606 2.1826518 1.9228927 2.9897044 1.0655321 1.4649326 1.4604726 1.7104955 2.1101889 1.9434258 1.6789262 2.0230632 1.4662227 1.1844703 1.3319418 1.7880452 1.6461621 1.6489370 2.1044061 2.1809569 2.5069323 2.1398146 2.5568811 3.2416261 3.0147064 2.9310946 3.9942852 2.9142420 1.3619110 2.4259136 1.7858715 2.6991326 2.6712347 1.6233110 2.3109152 2.3685780 2.1837967 1.8601287 2.9609727 3.3059081 2.3081016 1.9605471 2.1903553 2.2005026 2.2008329 2.2374268 2.2107782 2.4244565 3.2683076 2.7898774 2.7557902 3.2292546 2.4088014 2.1488234 1.6601868 2.7958182 3.0041822 3.0041822 2.7473657 3.7118537 1.4813517 3.2207466 2.4524510 2.3960934 2.2180761 2.8109370 3.0704624 2.8162241 2.8162241 2.4410159 2.8294909 2.6928839 2.6928839 3.1535383 2.7960542 2.7651148 2.9830091 3.2885416 2.3917215 2.6233942 1.8176351 3.1230713 2.1893808 4.6946437 
Cgig_XM_011415538.3                                              1.6796246 1.1554330 2.2956209 2.1431410 1.2045680 2.0999504 1.5205618 2.0156348 2.4635513 1.6511813 1.6908682 1.7324253 1.5095617 1.2205718 0.7600593 0.4912571 1.0867204 1.1713887 0.0000000 0.8938011 1.2612403 0.9686489 0.9970259 0.7448633 1.4678295 0.8915368 1.6149453 1.5975764 1.6159450 1.8826535 1.3481371 1.7761973 1.1056302 1.6061743 2.1590990 2.2758973 1.8969818 2.9067955 1.0693902 1.4665545 1.4602371 1.6675241 2.0380516 1.8182683 1.5618082 2.0607339 1.1846524 1.0037887 1.2378699 1.6490145 1.5553899 1.5582497 2.0906537 1.8252677 2.4620652 2.1090755 2.3549743 2.9243510 2.7536830 2.8517413 3.6559886 2.6518977 1.4836550 2.3241231 1.9318673 2.8321865 2.8223032 1.9121378 2.3835808 2.5055336 2.3604438 1.9775931 2.7565452 3.2918653 2.7298440 2.3113757 2.2183651 2.2576161 2.1688077 2.1885877 2.2031531 2.3800585 3.2515306 2.7536651 2.6826319 2.8011752 2.2230794 2.0000957 1.5819304 2.7135031 3.2885215 3.2885215 2.7220776 3.8447528 1.6476001 2.8979085 2.4134110 2.4002308 2.1415371 2.7018618 2.6672924 2.6482902 2.6482902 2.2354405 2.5788090 2.4312467 2.4312467 3.4842037 3.1349022 2.7980849 2.7524171 3.5602847 2.2413573 2.7731093 1.8919845 2.9798875 1.7540546 4.5623294 
Hsap_ENST00000646701                                             1.6019137 1.2349401 1.4656499 1.4463484 1.1101245 1.5649863 1.5299084 2.4813323 1.9146942 1.5957985 1.0612335 1.2017093 1.8161336 0.6912348 0.8729761 0.5802557 0.8607642 0.9956219 0.8938011 0.0000000 0.0057682 0.7836315 1.0732618 0.8140581 1.1247480 0.8099693 1.0952569 1.0309403 1.0746374 1.2304202 0.9965132 1.0859282 0.9473152 1.4335528 0.0000010 0.0000010 1.4264666 1.0442946 1.0486521 1.0109378 1.0068355 1.1787116 1.6772511 1.3879306 1.2143850 0.0000010 1.2680338 1.0261273 1.1105827 1.2387293 1.0305374 1.0278558 1.4910108 2.4315133 2.6175748 1.8501584 2.3121731 3.6260261 2.3588407 2.2758940 5.2657066 2.4059458 1.3720661 1.8872821 2.4904457 2.1527010 2.3758700 1.5657703 1.7723396 1.8873846 2.0639866 1.9684223 2.3045732 2.6200642 0.0000010 1.3760199 1.7575492 1.7103175 1.7123586 1.7969191 1.7461129 2.0570770 2.7630211 2.1873261 2.2229559 2.6012668 2.1237245 1.9676275 1.5792903 2.1243450 0.0000010 0.0000010 1.8323219 0.0000010 2.3958037 2.9986777 2.8982833 1.9121879 1.8717636 2.1925499 1.4139741 3.1019347 3.1019347 1.2500357 0.0000010 2.8827785 2.8827785 4.0318003 4.1143814 2.1966948 0.7319873 2.8605646 0.7080932 3.5954866 1.5574011 2.6929898 1.7013860 3.8104682 
Hsap_ENST00000382112                                             1.6834946 1.1538979 2.2307274 1.6919954 1.1007093 2.0545067 1.4707490 2.0374724 2.3399949 1.8331005 1.5516097 1.7362631 1.6465942 1.0372361 1.3027155 0.5789231 1.3216389 1.3363436 1.2612403 0.0057682 0.0000000 0.8411106 1.3643092 0.8277181 1.4105690 0.8050769 1.5238642 1.4966033 1.5205865 1.7490601 1.2315082 1.6632838 0.9287723 1.4469069 2.2214872 1.9564478 1.8604140 2.7269387 1.1519901 1.3483228 1.3552694 1.6290564 1.9653984 1.8258226 1.6591299 1.7510009 1.1769555 0.9842998 1.1045769 1.6664843 1.5334122 1.5300138 1.9899854 2.0235841 2.3609305 2.0544553 2.2524909 3.1641483 2.7870518 2.6616973 3.8400402 2.8001868 1.2392021 2.2951405 1.7126850 2.6045663 2.6629490 2.0151072 2.1869123 2.3105799 2.2335373 1.9684223 2.7202855 3.1587478 2.0121219 2.2577992 2.1224381 2.2076690 2.1271235 2.1791811 2.1607638 2.3572867 3.4143495 2.7339738 2.7456839 2.1632918 2.2257466 1.8581279 1.4450225 2.7447975 3.2506819 3.2506819 2.7779375 3.5264001 1.8238202 2.7187670 2.2922689 2.3983400 1.9383568 2.4986861 2.7808567 2.6589982 2.6589982 2.1034394 2.3463719 2.3827802 2.3827802 3.1641116 2.9167433 2.7026164 2.8255644 3.2277017 2.1781214 2.6137475 1.3775490 3.0418552 1.7855997 4.6238863 
Skow_XM_006824275.1                                              1.5924455 1.1142967 1.6245533 1.7489231 0.9428935 1.6688139 1.4720609 1.9545522 1.9501740 1.0516944 1.2300682 1.2463255 1.4608152 0.8476164 0.9773451 0.5893057 0.9231266 1.0732573 0.9686489 0.7836315 0.8411106 0.0000000 1.0192897 0.7317419 1.1259185 0.7560934 1.1981236 1.1347676 1.1551596 1.4167941 1.0237532 1.2342051 0.9205077 1.5619495 2.2586161 1.7082524 1.4037515 3.6511337 0.9298462 1.0164236 1.0062153 1.2084083 1.7604709 1.5562766 1.3976436 0.6054836 1.1299798 0.9314321 1.0805611 1.2069870 1.0789774 1.0752217 1.6714582 2.2183300 2.7767485 1.5801764 2.4640954 3.4694579 2.2012002 2.0943158 4.8770578 2.1562934 1.3391998 1.8051801 1.6843550 2.0600451 2.1073927 1.3893427 1.7456597 1.7700633 1.9465108 1.9490181 2.2849861 2.7341781 1.2505002 1.2933754 1.8674017 1.8369769 1.7889437 1.8363497 1.8251995 2.1401936 3.3512188 2.3938271 2.5609239 2.3046863 2.1134252 1.9194047 1.5838694 2.2354001 3.8248329 3.8248329 2.0205986 3.8050816 2.6001251 3.1312138 2.9457713 1.9909559 1.8343835 2.1560791 2.3427795 2.9105815 2.9105815 2.4676643 4.2517907 3.0828173 3.0828173 3.8120789 4.9581171 2.1814242 1.8216584 2.7510279 2.7413581 3.3564815 1.7460568 2.4377069 2.0024620 3.3243136 
Ctel_gnl_WGS_AMQN_CAPTEDRAFT_mRNA139536                          1.8868405 1.3187484 2.4233655 1.7507443 1.0352122 2.1843009 1.4876564 2.2193932 2.5496242 1.6111462 1.7742757 1.8913173 1.5273910 1.3192470 1.0216248 0.6114247 1.1845366 1.3990935 0.9970259 1.0732618 1.3643092 1.0192897 0.0000000 0.8189607 1.6856133 0.9690656 1.7359449 1.6607887 1.7484669 2.0652713 1.4571167 1.8927033 1.0697397 1.5505468 2.4298664 2.1091363 1.9821997 3.4313287 1.0478782 1.5770950 1.5685982 1.7387545 2.1458214 1.9824674 1.7563001 1.6768941 1.2888915 0.9889474 1.2326227 1.7788144 1.6769712 1.6824945 2.2378842 1.6029625 2.6984809 2.3215785 2.5656076 3.2472513 2.9165050 2.9337094 3.8913183 2.8124767 1.5362194 2.4520632 1.7869097 2.7474334 2.8581435 1.9243470 2.3277915 2.5120140 2.3764550 2.1511580 2.9260649 3.2122018 2.3344836 2.1850972 2.3799471 2.3966754 2.3582902 2.4154792 2.3675743 2.5453815 3.6298517 2.9350984 2.9872905 2.6788321 2.5016930 2.0444342 1.6151969 2.8140464 3.6231731 3.6231731 3.0298606 3.8269521 1.7232102 2.5475769 2.4772234 2.5746693 2.0449579 2.6503013 2.4455558 2.8657818 2.8657818 2.3437157 2.7203005 2.6999388 2.6999388 3.2578109 3.3541266 2.7215403 2.6939215 3.4715674 2.3829490 2.9001978 1.8077339 3.0277291 2.1169456 4.5912036 
Cscu_XM_023376378.1                                              1.3657182 1.2562746 1.2615060 1.0210317 0.0000010 2.3332833 2.4075553 3.2272973 2.0446012 0.0000010 0.9885088 0.9798153 0.0000010 0.7946758 0.8122600 3.6440718 0.7406184 0.8888951 0.7448633 0.8140581 0.8277181 0.7317419 0.8189607 0.0000000 0.9140961 0.9809118 0.8765206 0.8041910 0.9344145 3.0732407 0.8777357 1.9029388 0.8769585 0.0000010 0.0000010 0.0000010 1.2069877 0.0000010 3.6440718 0.8465008 0.8465008 0.7487548 1.2597972 2.8071288 0.7189026 0.0000010 1.5302236 0.9234289 0.9503174 0.7258895 1.0590139 1.0590139 2.2033515 2.9334805 2.2897997 0.8939444 0.0000010 2.9494896 1.9462192 2.0470175 4.9410272 2.2618549 0.0000010 2.0580887 2.5909634 1.9827229 2.9606823 2.4589490 1.8381283 2.5274120 1.9985262 1.1252503 1.9472029 2.3302083 0.0000010 2.7684535 2.3909800 1.5671231 2.0242398 2.2310149 2.0073268 2.0073268 1.1998250 3.1437879 3.6978002 3.1760478 3.0540842 2.9138681 1.8410572 2.6830414 0.4245490 0.4245490 1.5260395 1.1998250 2.6896240 2.8039211 3.0324488 1.8834478 2.8170432 1.8583028 0.6097741 2.7155127 2.7155127 0.0000010 0.0000010 1.1612664 1.1612664 3.9798143 6.2232753 2.1812867 0.6193651 2.9135653 1.5965621 2.5803108 1.9138705 2.6635889 1.4488963 1.5071604 
Exapal_XM_028657158.1                                            1.6994852 1.2176815 1.8413439 1.9621235 0.9800823 2.0401137 1.5936918 2.0768940 2.5491153 1.4044989 1.4774386 1.5729089 1.5517765 1.3651692 1.5502011 0.8005866 1.4308459 1.4474483 1.4678295 1.1247480 1.4105690 1.1259185 1.6856133 0.9140961 0.0000000 0.5542537 1.1262033 1.0908864 1.0176176 1.2872069 0.9432624 1.1804930 0.7001789 0.9962159 1.6683596 1.2771906 1.8128713 3.1568334 1.0058738 1.4605242 1.4759303 1.4984148 2.0155242 1.8593465 1.5542718 1.1141949 1.2237859 1.2422843 1.1121257 1.4980690 1.7075671 1.7070015 1.9813105 1.9517892 2.7580338 2.1322341 2.3632855 3.3546162 2.6688816 2.7178634 4.5737836 2.7165651 1.4259704 2.2304221 1.6130941 2.5956141 2.9598344 1.7089711 2.2594705 2.3206379 2.3050566 1.9969597 2.5883690 3.2192641 1.3779792 1.6996871 2.2830599 2.4362209 2.2801704 2.3161547 2.2786187 2.5590094 3.0384776 2.4807630 2.5635067 2.5860101 2.3590637 1.9573548 1.4297889 2.4172147 3.0271526 3.0271526 2.5073950 2.7927528 2.4050457 2.3481058 2.3810167 2.3281086 2.1898734 2.6525329 1.9998078 2.5476668 2.5476668 2.2678607 3.2234349 2.6269376 2.6269376 3.8208157 3.4789714 2.8100054 0.9752061 3.3070719 1.6083255 2.8836239 1.9693990 3.7966265 2.3914769 5.0505027 
Nvec_v1g102703                                                   1.2827519 1.2894886 1.2083800 1.9630847 1.1307021 1.4200081 1.4804829 2.6822473 1.9514172 1.3464400 0.9094209 0.9868139 1.1768611 0.7197993 0.9039315 0.6883374 0.8476434 0.9266159 0.8915368 0.8099693 0.8050769 0.7560934 0.9690656 0.9809118 0.5542537 0.0000000 0.6863441 0.6264560 0.6748624 0.8321054 0.6240022 0.5870552 0.6373382 0.7475201 0.0000010 0.0000010 1.1630917 1.2241593 0.9421650 0.8779450 0.8779450 0.8451282 1.3018453 0.9731621 0.9286410 9.0000000 1.2869557 1.2151999 1.1523224 0.9547810 1.0128891 1.0155684 1.3985658 2.6255760 3.4019210 2.0249238 6.5920332 4.2341761 2.1757989 2.1189131 8.5290451 1.9947580 1.3175159 1.5628127 1.8320446 1.8077295 1.8690074 1.6822015 1.4962843 1.5711367 1.7663087 2.3954965 1.9536952 2.4916954 9.0000000 1.1850927 1.3458709 1.1237547 1.3230753 1.3524950 1.3339119 1.5534589 2.1229930 2.2450317 2.1790433 2.9908371 2.1797529 1.9930197 1.8164620 2.2183305 9.0000000 9.0000000 1.7760465 0.0000010 3.1348435 2.8412809 3.1551479 1.6816941 1.8996524 2.0885512 1.1711023 3.6977380 3.6977380 4.0039083 0.0000010 3.2440041 3.2440041 4.4634091 4.8103991 2.0431832 1.1775294 2.3886039 1.9364936 3.7304335 1.6215155 2.7969219 2.6326975 3.9543963 
Spis_XP_022787625_1                                              1.8286407 1.2735228 2.2278296 1.8057078 1.1478845 2.3149265 1.7716608 2.2211710 2.5459010 1.3729558 1.5615072 1.7400938 2.0250018 1.3822065 1.6159265 0.7824458 1.6142963 1.6380717 1.6149453 1.0952569 1.5238642 1.1981236 1.7359449 0.8765206 1.1262033 0.6863441 0.0000000 0.1616130 0.5228179 0.6847565 0.4119272 0.4260831 0.2413157 0.8091713 0.3969389 0.5310313 2.0143857 3.2272988 1.3757806 1.6125981 1.6246959 1.6295289 2.0321507 1.8948637 1.6621858 1.7746970 1.2037522 1.1315795 1.3528675 1.6506422 1.8029356 1.7926459 2.1329526 1.4375625 2.7026408 2.2068582 2.3617362 3.0235132 2.9395918 2.9617886 3.9372111 2.7903823 1.4210324 2.3846968 1.8083199 2.7704695 2.8417140 2.1012654 2.3536716 2.5640518 2.2379374 2.1006065 2.9882419 3.2085035 1.6143947 2.8929116 2.5490191 2.6840411 2.4761072 2.5237990 2.5208877 2.7100906 3.3731026 2.7862947 2.8940095 2.7910030 2.7273869 2.2416663 1.5906307 2.8680669 3.3121223 3.3121223 3.0243663 3.0585379 2.3634322 3.6753734 2.3231567 2.4308459 1.9865504 2.6336536 2.5365603 2.7632346 2.7632346 2.3353797 2.8118578 2.3286955 2.3286955 3.4908565 3.6447113 2.9705482 2.8049107 3.2440329 1.3557937 2.5355001 1.8010674 3.3393127 1.7923507 4.8519721 
Pocdam_XM_027201765.1                                            1.7616495 1.2387159 2.1958352 1.8435026 1.2058714 2.1962513 1.6642525 2.2956428 2.5168537 1.3532956 1.5156784 1.7460816 1.2748120 1.3572079 1.5660525 0.7746591 1.5402143 1.6477150 1.5975764 1.0309403 1.4966033 1.1347676 1.6607887 0.8041910 1.0908864 0.6264560 0.1616130 0.0000000 0.4738184 0.5984769 0.3708815 0.3762168 0.1949438 0.4017568 0.3867494 0.4822687 1.8871511 2.7470335 1.1733852 1.5564490 1.5695945 1.5862625 1.9292309 1.7789075 1.5658778 1.7969674 1.2460691 1.1254889 1.2307295 1.6138880 1.7015616 1.6996722 2.1114979 1.4880637 2.6082984 2.1221630 2.2206755 3.0497054 2.7473652 2.7529725 3.8188308 2.7325691 1.4376823 2.2873194 1.8918372 2.7859456 2.8744767 1.7454956 2.2925347 2.5975139 2.2688370 2.0631361 2.8709043 3.2981807 1.5790374 2.2587087 2.5015200 2.6034251 2.4165913 2.4617933 2.5241097 2.8049527 3.3647066 2.7635473 2.7832595 2.9295422 2.5355892 2.0605341 1.6643382 2.8131210 3.4313517 3.4313517 2.7735015 3.2389292 2.2600034 2.8740967 2.4073959 2.3496086 2.0637389 2.6517784 2.4879473 2.8439075 2.8439075 2.4748544 3.1495131 2.3178912 2.3178912 3.4558761 3.5113724 2.9315170 2.8070798 3.2787531 1.3723859 2.5949786 1.8121726 2.9870372 2.0121409 5.0438892 
Amil_Amillepora22631-RA                                          1.8034410 1.2250666 2.1937402 2.0251822 1.1229572 2.2109739 1.6882923 2.3312765 2.4675567 1.4507037 1.5602577 1.6994581 1.5046237 1.3861169 1.6274714 0.7800807 1.6091364 1.5736492 1.6159450 1.0746374 1.5205865 1.1551596 1.7484669 0.9344145 1.0176176 0.6748624 0.5228179 0.4738184 0.0000000 0.0612565 0.3118667 0.4475090 0.3030775 0.6237332 0.4803470 0.3252659 1.9252816 2.5986450 1.2986918 1.6225128 1.6349480 1.5654963 1.9042521 1.7968154 1.6011295 1.8293339 1.2112311 1.1084800 1.1463498 1.5849252 1.7176073 1.7064805 2.0397708 1.4243318 2.5921599 2.1360755 2.2574961 2.9474630 2.7408040 2.8767966 4.0881542 2.8043220 1.4100851 2.2280458 1.7112047 2.7501210 2.9464844 1.8290760 2.2955073 2.5235627 2.2129485 1.9244976 2.7643931 3.3175420 1.4199455 2.0253519 2.4049587 2.4451858 2.3342013 2.3781248 2.4111559 2.7048063 3.2137166 2.6373901 2.7500166 2.6217886 2.3711570 1.9839294 1.4494818 2.6938576 3.2677081 3.2677081 2.7237792 2.9291971 2.1985201 2.5938532 2.3449510 2.3302997 2.1145869 2.5708615 2.4502857 2.8604547 2.8604547 2.4173078 2.8517305 2.4067294 2.4067294 3.4254553 3.3573814 2.8550735 2.9011459 3.2369005 1.3654655 2.5875419 1.8205248 3.0118148 1.9422254 4.6735069 
Adig_XM_015923950.1                                              2.2865348 1.5842625 2.6784494 2.3223061 0.9983259 2.5097313 1.9133645 2.7621503 2.7693689 1.3270299 1.8431370 1.9713220 1.6590718 1.6107918 1.9816156 0.8472879 1.9419803 1.8831835 1.8826535 1.2304202 1.7490601 1.4167941 2.0652713 3.0732407 1.2872069 0.8321054 0.6847565 0.5984769 0.0612565 0.0000000 0.3996950 0.5234748 0.5096566 0.6861042 0.5583869 0.4451105 2.1999505 2.6689062 1.3863701 1.9438351 1.9577208 1.9434715 2.0991802 2.0602761 2.0915953 1.8198834 1.1745949 1.1813732 1.1586136 1.9029477 2.0232536 2.0081324 2.2570647 1.2435806 2.6724381 2.2183979 2.2547270 3.2322248 3.2994718 3.4979840 4.0441358 3.2767417 1.5394949 2.5089431 8.9999982 3.4474203 3.4735491 2.1099322 2.6896857 2.8358224 2.7239539 2.7984017 3.2429910 3.7345513 1.4740594 2.2552573 2.7980281 2.7578709 2.7612317 2.8031822 2.8399058 3.3261382 3.3184159 2.9222594 2.9063977 5.7442007 2.5913616 2.1272193 1.2673889 2.9358735 3.5067720 3.5067720 2.9836665 3.4902591 2.2439396 2.3107130 2.4775770 2.7138330 2.1552027 3.0056406 2.7348128 2.9536088 2.9536088 2.5694168 3.3721193 2.3337924 2.3337924 3.4559494 3.2768603 3.1532866 2.8104449 3.7198660 1.4672338 2.5298547 1.7444100 3.0015896 2.0776587 5.0199952 
Gfas_gfas1.m1.7913.m1                                            1.6866399 1.1579369 1.5656373 1.9252248 0.9996520 1.8340144 1.6175421 2.3431035 2.3111586 1.1540739 1.2978945 1.3351452 1.5362276 1.1161065 1.3430183 0.7516677 1.3143856 1.3403419 1.3481371 0.9965132 1.2315082 1.0237532 1.4571167 0.8777357 0.9432624 0.6240022 0.4119272 0.3708815 0.3118667 0.3996950 0.0000000 0.3632914 0.1853336 0.4286273 0.7495725 1.7634675 1.6041813 2.8571251 1.2701782 1.2690718 1.2826758 1.3572335 1.8692270 1.7062994 1.4451353 1.8470389 1.1773441 1.1096965 1.1772875 1.3995985 1.4045495 1.3991982 1.7399252 2.2022580 2.4461019 1.9009737 1.9896552 2.9111917 2.5930305 2.6241725 4.1406737 2.5548924 1.4424809 1.9850241 1.6796607 2.5133271 2.5600803 1.6611479 2.0665098 2.2555840 1.9806954 2.0633203 2.6151892 3.1014673 1.8479694 1.6853633 2.1996305 2.2584514 2.1606668 2.2181093 2.2075913 2.5148419 3.4419489 2.5472934 2.6876194 2.5744588 2.4407838 1.9917993 1.4630221 2.4778488 3.8212610 3.8212610 2.5356978 8.9999987 2.2742191 2.6486254 2.6344292 2.2813964 1.9191654 2.4956421 1.4313274 2.5201151 2.5201151 1.9301530 1.2455262 2.2143993 2.2143993 3.7063787 3.4551064 2.6085487 2.2161923 3.2612603 1.4038101 2.9321878 2.0924213 3.2427741 1.5631893 4.1534802 
Gasp_gasp1.m3.8376.m1                                            2.0178930 1.3498006 2.4970580 1.5277333 1.2895317 2.3257849 1.6775476 2.3556704 3.1470936 1.2751773 1.6745025 1.8300567 1.4408081 1.5299476 1.8090173 0.7074179 1.7487973 1.7635937 1.7761973 1.0859282 1.6632838 1.2342051 1.8927033 1.9029388 1.1804930 0.5870552 0.4260831 0.3762168 0.4475090 0.5234748 0.3632914 0.0000000 0.1298195 0.2636010 0.2322321 0.3702927 2.0717007 2.9476526 1.1522721 1.7917984 1.7977868 1.7888116 1.9287788 1.7573346 1.7948205 1.8082679 1.0963751 1.0198369 1.1879545 1.7655371 1.8948122 1.8779926 2.1906713 1.3915741 2.4500579 2.1708627 2.3234783 2.9735281 2.9769929 3.1244898 3.7785516 2.9609427 1.6108905 2.4389819 0.0000010 3.0804573 3.0977252 1.8061265 2.3938436 2.7172822 2.6031588 2.0440366 3.0626726 3.4741444 1.4257650 2.0187153 2.5974876 2.6489977 2.5887503 2.5883749 2.6835287 3.0358986 3.3462784 2.8026249 2.7108408 5.2332391 2.6363575 1.9531005 1.3245588 2.8256564 3.5006974 3.5006974 2.9232708 3.1975855 2.3047620 2.7691121 2.1873775 2.5491511 2.1685436 2.8525685 2.4705830 2.7605719 2.7605719 2.2671159 3.0897818 2.3471088 2.3471088 3.4710703 3.5029711 3.0115825 2.7921365 3.4225357 1.3638491 2.4992259 1.7396396 3.1347913 1.9295489 5.2951102 
