126
Emue_Em0005g1540a.t1                                                0.0000000 0.2154820 0.6941004 0.6656386 0.6878635 0.6196040 0.5490089 0.4812771 0.8116336 0.8338504 0.8879076 0.9704290 0.9186091 0.7741491 1.1608377 0.8443393 0.9989067 0.8587476 0.9759418 1.0135791 1.0050791 0.9605605 1.0369012 1.0857361 1.0177227 1.0381126 1.5801649 1.0492172 1.0338201 1.0256649 1.3060888 1.4572965 1.2191610 0.8983442 0.7924569 0.9563570 1.2123673 0.9250772 0.9990918 1.0122927 1.0864565 1.0250489 1.0433301 0.9726377 0.9772213 1.0337474 1.5558175 1.1427060 1.1647780 1.0684438 1.0405883 1.1791053 1.0082455 1.0618793 1.0569182 1.0666563 1.1577916 1.4252509 1.1443631 1.2191238 1.1292515 1.3974474 0.5695857 1.1946275 0.9067999 1.0799276 1.0608634 1.2169918 1.0679314 1.3202450 2.0806474 1.3083958 1.3718360 1.2647144 1.5406840 0.9040157 0.8259911 1.0436341 1.1367095 1.1818461 1.2450517 1.0850621 1.2619675 1.3860130 1.3061522 1.5051077 1.5643785 1.6585368 1.3835379 1.2645395 1.6750519 1.3547543 1.5744363 1.5744363 1.2949089 1.2949089 1.3357382 1.4977907 1.3357382 1.4977907 1.2156027 1.3396405 1.6727073 1.8604786 1.9297782 1.5662655 1.7119684 1.7140908 1.1926139 1.6550190 1.4049148 1.6788594 0.9683450 1.3379194 1.2649941 1.3460714 1.2860454 1.1613747 1.0283000 1.0617471 3.0170636 1.2859304 4.5149983 2.6586881 2.0766918 1.7993943 
Spolac_c99611_g3_i1_m.20116c99611-g3                                0.2154820 0.0000000 0.6683212 0.6915091 0.7169859 0.6255302 0.5225224 0.5328892 0.7321960 0.8241883 0.8968071 0.9452116 0.9349685 0.7943552 1.1834814 0.7819790 0.9462855 0.8183192 0.9042130 0.9687826 0.9456171 0.8700402 0.9318975 0.9749632 0.9546588 0.9730677 1.8004445 0.9608359 0.9667579 0.9477254 1.2113496 1.1931474 1.2763881 0.8951300 0.7653073 0.9406918 1.0923585 0.8585979 0.8983011 1.0734463 1.1279506 1.0630364 1.0859857 0.9692476 0.9998378 1.0630815 1.5915586 1.1343044 1.1706627 1.0718046 1.0365710 1.2100769 0.9511490 1.0362837 1.0295186 1.0071119 1.1292187 1.3880756 1.1031469 1.1538765 1.0749215 1.3145213 0.5695857 1.1378391 0.8845843 1.0840215 1.1203743 1.1526548 1.0456254 1.3565943 2.1718685 1.3410438 1.4050681 1.2341511 1.5088901 0.8508766 0.8285444 1.0017448 1.1340714 1.1589999 1.2069474 0.9999461 1.1769930 1.3381466 1.2820187 1.4794364 1.4979593 1.5826876 1.3223772 1.2183498 1.6122403 1.2969560 1.5002409 1.5002409 1.1835011 1.1835011 1.2647583 1.3997528 1.2647583 1.3997528 1.1765362 1.2981722 1.7164381 1.7480766 1.8086398 1.5671444 1.7195367 1.6944623 1.2346085 1.6834069 1.3198106 1.4330398 0.9490925 1.3081594 1.2347881 1.4116745 1.3066361 1.2022822 0.9427496 0.9736506 3.0039356 1.2016803 4.3087659 2.6094390 1.8325314 1.7398732 
Aque_Aqu2.1.12144_001                                               0.6941004 0.6683212 0.0000000 0.1099310 0.2694283 0.3637962 0.4359908 0.0000010 0.8001967 1.1724607 1.7347171 1.2945505 1.3100438 0.0000010 1.1663983 0.8997077 0.9552401 0.0000010 1.3187604 1.0094455 0.9292262 1.0386497 1.2858338 1.3985048 1.4183344 1.3276746 0.0000010 1.1720212 1.2062085 1.3029773 1.1962366 0.0000010 0.0000010 1.2571216 1.2976878 1.0519157 1.1620010 1.6681731 0.9648476 1.5409966 2.4758956 1.7179661 1.7179661 9.0000000 1.5207230 1.5207230 0.0000010 1.5883690 1.5883690 1.1769401 1.1500222 1.9531623 1.0528920 1.1957779 1.0900953 0.9346185 1.2340615 1.2436921 0.0000010 1.3537764 0.0000010 1.7661872 0.0000010 1.6118395 0.9867338 1.1368601 1.5993564 0.0000010 1.7127181 1.9078540 0.0000010 1.9325230 2.0366006 1.5383445 1.5796571 0.9722050 1.0795058 0.9346124 1.7784955 1.3771741 1.7028604 2.3319414 2.1942920 1.6977893 0.0000010 2.1306674 1.7304247 1.9185276 2.0448710 2.0047847 0.0000010 1.7957390 0.9953683 0.9953683 0.9953683 0.9953683 0.9953683 0.9953683 0.9953683 0.9953683 0.0000010 0.0000010 2.3693675 2.2152585 2.8668871 2.7517734 2.6260482 1.8343337 1.7225191 2.1542863 2.0061577 0.0000010 0.4581264 0.0000010 0.0000010 0.0000010 0.0000010 0.0000010 1.1725304 1.2122872 1.3257790 0.3398599 7.2753906 0.0000010 1.6945410 2.2616316 
Aque_Aqu2.1.28649_001                                               0.6656386 0.6915091 0.1099310 0.0000000 0.2660334 0.3624401 0.5620779 0.3576011 0.8593280 1.0942056 1.0915006 1.0962340 1.1030699 0.9174053 1.3530163 0.9410767 1.0598275 0.8559994 1.0152666 1.1360173 1.0550463 1.0501145 1.0593635 1.0988721 1.0930881 1.0876118 2.3918934 0.9586286 1.0698272 1.0457398 1.2212902 1.2695910 1.1505224 1.0110902 0.9661887 1.0341637 1.2365546 1.1432058 1.0177509 1.1243601 1.1806790 1.1079514 1.1153216 1.0398832 1.0353071 1.1282646 1.9360975 1.2069098 1.2488393 1.2266987 1.1851029 1.2521229 1.0358290 1.0783229 1.0702169 1.1289433 1.1182601 1.5667793 1.1257105 1.2160318 1.0656972 1.4437075 0.7876115 1.3064347 1.0383896 1.1546845 1.1730575 1.1192663 1.1641558 1.3459846 1.9169419 1.4391017 1.4680728 1.3406013 1.8325509 0.9622564 0.9619243 1.1355223 1.2144047 1.1939182 1.2980015 1.1254271 1.2155942 1.3851527 0.8443422 1.6454567 1.6580422 1.7554565 1.5566768 1.4746394 1.6771674 1.3735665 1.8072541 1.8072541 1.4736851 1.4736851 1.5290273 1.6452739 1.5290273 1.6452739 1.3042103 1.4340432 1.7767872 1.8208556 1.9139285 1.6673546 1.7746226 1.7923611 1.4913716 1.8552485 1.5737698 1.2437720 1.0323342 0.8816902 1.4251506 1.4362948 1.3425752 1.3192394 1.3469684 1.3924751 3.1627288 1.3252299 4.9199734 2.9735859 2.0547696 1.6973810 
Halamb_c52009_g1_i3m.31918                                          0.6878635 0.7169859 0.2694283 0.2660334 0.0000000 0.3690588 0.5516038 0.3437504 0.8445169 1.0204884 1.0078964 1.0313885 1.0815404 0.9659245 1.2813934 1.0027973 1.1298279 0.8717195 1.0350893 1.1845035 1.1571065 1.0316306 1.1071280 1.1362356 1.0760823 1.1177000 2.3389732 0.9999082 1.0635687 1.0457200 1.2660395 1.1905770 1.0921211 1.0862322 1.0157097 1.0637572 1.2451681 1.0766342 1.0693145 1.1379711 1.1761505 1.1050209 1.1152232 1.0716014 1.0891235 1.1642614 1.7131218 1.2337008 1.2776923 1.1539840 1.1251391 1.3329530 1.0238459 1.1474911 1.1294679 1.1885246 1.1742876 1.5673168 1.1860206 1.2410780 1.1158741 1.5119341 0.8181040 1.3408104 1.0959392 1.1797868 1.2593219 1.1647463 1.2146428 1.3852968 1.8377627 1.4199949 1.5012417 1.3717389 1.8625135 0.9578774 1.0284867 1.1800478 1.2073217 1.2561227 1.3861415 1.2883619 1.2776656 1.4220056 0.7550460 1.5722308 1.5892804 1.6846323 1.6048224 1.5099452 1.8735439 1.4191463 1.7059006 1.7059006 1.3320280 1.3320280 1.4033503 1.5522288 1.4033503 1.5522288 1.3255553 1.4218114 1.8815061 1.8039950 1.9255289 1.7105712 1.7742246 1.8266228 1.5712010 1.7986512 1.5939219 1.2379922 0.9837254 0.9150666 1.3727554 1.4490553 1.3355230 1.3154019 1.1098661 1.1476970 3.2105413 1.4892570 4.8603580 3.0747115 1.7653275 1.7095605 
Xestes_maker-XT_scaffold128028-augustus-gene-0.10-mRNA-1            0.6196040 0.6255302 0.3637962 0.3624401 0.3690588 0.0000000 0.5544926 2.2507443 0.9140881 0.9977453 1.0614482 0.9266139 1.0236426 0.8062917 1.3461653 0.8339519 0.9980439 1.0014144 0.9560375 1.2050262 1.0665476 0.9504584 1.0473527 1.0637669 1.0119984 1.0612335 1.7367504 1.0441443 0.9892553 0.9636225 1.4683337 9.0000000 2.1590980 0.9407456 1.0050792 1.0109846 1.2172857 0.9539080 0.9562005 1.0336335 1.0879982 1.0581424 1.0535676 0.9191172 1.0769500 1.0812420 1.3018203 1.3181502 1.3181502 1.0756771 1.0669219 1.4463979 0.9750294 1.1206272 1.0324639 1.0826120 1.1084616 1.4659337 1.2894375 1.3153654 1.2660319 1.6946223 0.0000010 1.2445780 1.0174561 1.1200654 1.2091912 1.0565871 1.1544903 1.2565601 2.2139925 1.3551456 1.3062324 1.2165346 1.7226749 0.9458848 1.0144666 0.9430711 1.2992810 1.3410551 1.3446745 1.3172861 1.5038666 1.3910812 1.8193328 2.0180302 1.8125157 1.9998780 1.7532423 1.6882821 2.3672441 1.5817359 1.9785825 1.9785825 2.0840063 2.0840063 2.0811496 2.0811496 2.0811496 2.0811496 1.3141259 2.4861898 2.1224536 2.0461873 2.1592956 1.8898969 1.7750095 1.7926725 1.3664565 1.8416346 1.4164045 0.0000010 1.1186507 1.5233884 2.3983862 1.4239550 1.6285314 1.0966745 1.1938984 1.2342893 2.3156563 1.2481518 4.5524091 2.1479856 1.9670652 1.6551584 
Tetwil_g23916.t1                                                    0.5490089 0.5225224 0.4359908 0.5620779 0.5516038 0.5544926 0.0000000 0.2436639 0.7420965 0.9050671 0.9191547 0.9492718 0.9568724 0.8384714 1.2582198 0.8258440 0.9441497 0.8029902 0.9052826 0.9531593 0.9372258 0.8596001 0.9220266 0.9521907 0.9449611 0.9328521 2.1601516 0.9036474 0.8878543 0.8503873 1.1370584 1.2472915 0.9259969 0.9091931 0.8029189 0.8887587 0.9649061 0.8944530 0.9228709 0.9745336 1.0049532 0.9520245 0.9721054 0.8902523 0.8993009 0.9865439 2.0345313 1.0366835 1.0682348 1.0511433 1.0154252 1.2224924 0.9764701 1.0560296 1.0458713 1.0501013 1.0611032 1.3609671 1.0861827 1.2038389 1.0806745 1.3647340 0.5258754 1.0979230 1.0276285 1.0514993 1.1397399 1.3452113 1.0860176 1.2701540 1.9387252 1.2547794 1.3353928 1.1623067 1.5625426 0.8244708 0.8943183 1.0578446 1.1043328 1.1480819 1.2135401 0.9830930 1.1249558 1.2786799 0.9538761 1.4668832 1.4430093 1.5180126 1.3142199 1.1761618 1.7401467 1.2337968 1.5224988 1.5224988 1.2216221 1.2216221 1.2433111 1.4368143 1.2433111 1.4368143 1.1537696 1.2809926 1.5380414 1.7437156 1.7702686 1.5908185 1.6485233 1.6475256 1.2958776 1.6677071 1.3341708 1.5090102 0.9335949 1.0272392 1.2559568 1.3191442 1.1664776 1.1248772 1.0057622 1.0391337 2.8914269 1.2713018 4.6934459 2.7561281 2.0374473 1.6763469 
Stycar_maker-SC_scaffold76957-snap-gene-0.5-mRNA-1                  0.4812771 0.5328892 0.0000010 0.3576011 0.3437504 2.2507443 0.2436639 0.0000000 0.6499729 0.7565909 0.7249262 0.8067576 0.9340582 0.7535587 1.1081163 0.7308255 0.8192699 0.8366166 0.7117062 0.7780389 0.7728927 0.7623229 0.7543295 0.8268393 0.7670980 0.7926874 0.0000010 0.7775627 0.8047190 0.8543175 0.7767268 1.2905511 0.4183852 0.7968978 0.7354382 0.8042160 0.0000010 3.2941623 0.8241578 0.8275632 0.8660019 0.7171034 0.7602055 0.7108644 0.7804576 0.8073334 0.0000010 0.8175814 0.8813586 0.9877861 0.9997232 0.8426539 0.7771516 0.7025341 0.7015436 0.7764424 0.7270572 2.1350485 0.7858718 0.7773612 0.7811085 0.9055168 0.5976580 0.9252111 0.7566105 0.6936120 0.9277639 1.0918193 1.0388011 1.1281679 1.5139420 1.1691907 1.2820901 1.0751414 9.0000000 0.6438386 0.7284316 4.1790133 0.9734691 1.0918101 1.1834993 0.7740309 0.8295439 0.8730780 0.6686292 0.7986240 0.9660589 1.0274858 1.1628551 0.9715443 1.5894865 1.1103204 1.3302269 1.3302269 1.2551581 1.2551581 1.2551581 1.2551581 1.2551581 1.2551581 1.1840995 1.0940081 1.1120521 1.4501720 1.3878910 1.1701680 1.3091357 1.3490489 1.2025684 1.3039985 1.3443962 1.1774950 0.6409917 0.9094152 1.2971768 1.3097645 1.0541415 0.8538019 0.0000010 0.0000010 4.9424246 0.0000010 5.0957822 4.3997138 2.0182416 0.0000010 
Plespi_Pspi_C611012_01                                              0.8116336 0.7321960 0.8001967 0.8593280 0.8445169 0.9140881 0.7420965 0.6499729 0.0000000 0.9436388 1.0103734 0.9738202 0.9534607 0.9027319 1.2143240 0.9386164 1.0387139 0.9049426 0.9800442 1.1108022 1.0434379 1.0426495 0.9862146 1.0215384 1.0164469 1.0186455 1.3181646 0.9962795 0.9702761 0.9662284 1.2040582 1.2280838 0.8426731 1.0289485 0.9956347 0.9786382 1.2289362 1.0950867 1.0249757 1.1260307 1.1484554 1.1262037 1.1513892 1.0845205 1.1393561 1.1486161 1.2619425 1.2267671 1.2457095 1.0348225 1.0283704 1.4014236 0.9790012 1.0369286 1.0180827 1.0216867 1.1148040 1.6251471 1.1134013 1.2056493 1.0721739 1.4437266 0.7726463 1.1713191 1.1119526 1.0614385 1.1693085 1.4370349 1.2101825 1.3517016 1.9339405 1.3377408 1.3850226 1.2723169 1.4826552 1.0042835 0.9015084 1.1949967 1.1494940 1.1457449 1.2942725 1.1492662 1.2464947 1.4304078 1.1077442 1.5025279 1.5567529 1.6551554 1.4311629 1.3671204 1.3328891 1.3638762 1.8171566 1.8171566 1.3576855 1.3576855 1.4507872 1.5752899 1.4507872 1.5752899 1.2590932 1.2763373 1.8642836 1.7228554 1.7443920 1.4986286 1.7284515 1.6621992 1.4250534 1.7002288 1.4614738 1.4962781 0.9435874 1.4166111 1.1060230 1.3922511 1.4457377 1.1240144 1.2680697 1.3099686 2.9125480 1.4268185 4.4557192 2.6264059 1.9680794 1.6088162 
Lcom_lcpid45064                                                     0.8338504 0.8241883 1.1724607 1.0942056 1.0204884 0.9977453 0.9050671 0.7565909 0.9436388 0.0000000 0.2313992 0.2717075 0.3002136 0.4761864 0.6276684 0.9716942 1.0948548 1.0324444 0.8555657 0.9965267 1.0647752 0.9873795 0.8993575 0.9556629 0.8721096 0.9127403 1.4198000 0.9291755 0.8009407 0.8516514 1.1654669 1.4057262 1.1492176 0.9261957 0.8589065 0.9972424 1.3132708 1.0362612 1.0250126 0.9118009 0.9541361 0.9104878 0.9127369 0.8612536 0.9023505 0.9241954 1.1104650 1.0028556 1.0308233 1.1252407 1.1154653 1.2652475 1.0762190 1.1404774 1.1414186 1.1533230 1.1897251 1.4932776 1.3295498 1.3477644 1.3499999 1.5230312 0.6893707 1.1828365 1.1885094 1.1443650 1.0415247 1.7060636 1.1550427 1.2601324 1.9248558 1.2373454 1.4060919 1.2647979 1.5467322 0.8993929 0.8723093 0.9862586 1.1394730 1.2475127 1.2481046 1.1479041 1.2129756 1.1892126 1.2686092 1.5216093 1.5851244 1.7011627 1.1759082 1.0860058 1.3842271 1.2429567 1.8542233 1.8542233 1.4276573 1.4276573 1.5303863 1.5303863 1.5303863 1.5303863 1.1332222 1.3152889 1.7701145 1.6696189 1.7283580 1.5646974 1.6353327 1.6704238 1.3394102 1.6950642 1.4138697 1.7396366 0.9330787 1.7270348 1.4586988 1.5258033 1.6281833 1.2498120 1.3078720 1.3517562 2.7435672 1.1771709 4.5573247 2.7254724 1.9917538 1.4525747 
Leuniv_Lniv_scaffold20864_01                                        0.8879076 0.8968071 1.7347171 1.0915006 1.0078964 1.0614482 0.9191547 0.7249262 1.0103734 0.2313992 0.0000000 0.2472601 0.3043598 0.5178436 0.6515498 1.0666157 1.1926761 1.0131812 0.9199862 1.0058457 1.1327357 1.0007225 0.9418836 1.0010441 0.9177252 0.9593991 1.2453105 0.9366532 0.8350966 0.8936442 1.1882837 1.3351099 1.1235760 0.9509915 0.9168081 1.0257657 1.4096084 1.0913110 1.1011804 0.9425992 0.9831775 0.9427233 0.9626524 0.9029357 0.9819628 0.9966364 1.0478235 1.0510785 1.0812410 1.1330569 1.1310051 1.2517402 1.1219337 1.1157945 1.1217233 1.1734271 1.1588082 1.3477098 1.3173781 1.2935141 1.2517905 1.4515677 0.8216851 1.1379712 1.2122015 1.1895433 1.0569748 1.5619753 1.2004982 1.3251444 1.8572303 1.2606182 1.4445566 1.3824626 1.9466983 0.9585993 0.9900394 1.1475606 1.1285090 1.2643227 1.2659408 1.1236307 1.2463471 1.2596103 1.2795988 1.3984089 1.6013016 1.7092021 1.3074834 1.2032003 1.5643107 1.3610156 2.0288406 2.0288406 1.6020831 1.6020831 1.7118083 1.7118083 1.7118083 1.7118083 1.2158142 1.4008971 1.7943828 1.6077018 1.6584991 1.4552606 1.5256309 1.6591469 0.9506489 1.7546446 1.4314808 1.7829529 0.9508469 1.5494541 1.3446251 1.4500650 1.5199618 1.2703047 2.2290021 2.2290021 3.1961181 1.4544880 4.6949626 2.6800241 2.7204695 1.0109698 
Scil_scict011060.2                                                  0.9704290 0.9452116 1.2945505 1.0962340 1.0313885 0.9266139 0.9492718 0.8067576 0.9738202 0.2717075 0.2472601 0.0000000 0.2823345 0.5061008 0.5924969 1.0270353 1.0997508 0.9959495 0.8904444 0.9972612 1.1237070 0.9735586 0.9551884 1.0315976 0.9489421 0.9793511 1.4885519 0.9771957 0.8594096 0.8998523 1.2148449 1.4662774 1.1888379 0.9683177 0.8901785 0.9708601 1.4163041 1.0564447 1.0702840 0.9566324 0.9831783 0.9484033 0.9617019 0.8764057 0.9744799 1.0066402 1.2506520 1.0543569 1.0875029 1.1226679 1.1189799 1.3675774 1.0640946 1.1402063 1.1216412 1.1799553 1.1678977 1.5881723 1.2639144 1.2822829 1.2468750 1.5413003 0.7569273 1.2025614 1.1736319 1.1498810 1.0253213 1.5886890 1.2380702 1.3659996 1.9010618 1.3429987 1.4024673 1.2904399 1.6354850 0.9517324 0.9261465 1.1163633 1.1664546 1.3095010 1.2109915 1.1386394 1.2325656 1.3213490 1.3372663 1.3919659 1.5655050 1.6631302 1.2591397 1.1417697 1.6036636 1.2380546 1.8693189 1.8693189 1.5094348 1.5094348 1.6073729 1.6073729 1.6073729 1.6073729 1.1748406 1.3219499 1.6883673 1.6851290 1.7246058 1.5566524 1.6033290 1.5648379 1.4418175 1.6919271 1.4298507 1.7425337 0.9933007 2.0889583 1.3879188 1.4466393 1.5592380 1.2884797 1.5680282 1.6207039 3.0781506 1.1923736 4.7001684 2.5428029 2.2327450 1.4615555 
Gracom_Gcom_scaffold14856_01                                        0.9186091 0.9349685 1.3100438 1.1030699 1.0815404 1.0236426 0.9568724 0.9340582 0.9534607 0.3002136 0.3043598 0.2823345 0.0000000 0.5383387 0.5288757 1.0261881 1.1150219 1.0171739 0.9345336 1.0153130 1.1463707 0.9675209 1.0146270 1.0708471 0.9852374 1.0205395 1.3300529 1.0353115 0.9342437 0.9544551 1.2791029 1.4964189 1.1868515 0.9682109 0.8834485 1.0037117 1.4526483 1.0893079 1.1268941 0.9470377 0.9580006 0.9212137 0.9410674 0.8713938 0.9240652 0.9454474 1.0622584 1.0193816 1.0415165 1.1238268 1.1200777 1.3634236 1.1013290 1.1978541 1.1813515 1.2134828 1.2546742 1.5554138 1.3216388 1.3512071 1.3085629 1.5029916 0.8353912 1.2197141 1.1567441 1.1896354 1.0669825 1.6154117 1.1932542 1.3449764 1.9849139 1.3191263 1.4458354 1.2660899 1.7471211 0.9483837 0.9509863 1.1473913 1.2056391 1.3451746 1.2469331 1.1260529 1.2715209 1.3727729 1.3052597 1.5485837 1.5960454 1.7070680 1.2430008 1.1759873 1.4731892 1.3222406 1.8229188 1.8229188 1.4884638 1.4884638 1.5744584 1.5744584 1.5744584 1.5744584 1.1743534 1.3413558 1.8250735 1.7495535 1.8620721 1.5689737 1.6508218 1.7197745 1.3119738 1.7504889 1.4811446 1.9227259 1.0651544 1.8813877 1.5326499 1.7098323 1.6266913 1.2142257 1.5592643 1.6110512 2.7660994 1.4686291 4.7057755 2.4929318 2.1900029 1.4013412 
Clacor_Ccor_C541183_01                                              0.7741491 0.7943552 0.0000010 0.9174053 0.9659245 0.8062917 0.8384714 0.7535587 0.9027319 0.4761864 0.5178436 0.5061008 0.5383387 0.0000000 0.8195149 0.8805015 0.9793544 0.9357976 0.8202213 0.9043901 1.0231498 0.8672330 0.8051347 0.8696055 0.7770288 0.8396558 1.3979731 0.7581491 0.7992335 0.8012582 0.9775264 1.3164177 1.0761355 0.9158593 0.7472062 0.8644738 1.0536634 0.8138417 0.9862705 0.8608753 0.8912220 0.8372161 0.8574638 0.8183370 0.8460802 0.9217771 1.6922387 1.0201985 1.0438821 1.0288020 1.0267879 1.1929631 0.9799622 1.0256056 1.0251642 1.1238754 1.0530112 1.3640756 1.2232603 1.2331395 1.2998467 1.3738644 0.6806482 0.9349441 1.0519324 1.0587591 0.8445021 1.5141363 1.0113338 1.0884131 1.8945108 1.0539358 1.1475829 1.1052183 1.3706281 0.8124481 0.7852350 0.9815087 0.9285091 1.0577875 1.1128299 0.9357208 1.0277189 1.1207813 1.1076066 1.3447591 1.4770310 1.5466316 1.1964352 1.0255628 1.6270199 1.2104512 1.7073222 1.7073222 1.3816486 1.3816486 1.5514779 1.5657591 1.5514779 1.5657591 1.1649381 1.2993948 1.5244829 1.5865076 1.5899211 1.3794262 1.4176445 1.5807882 1.1222367 1.6107057 1.2287842 1.6923905 0.9521060 1.6176616 1.3294584 1.5373075 1.4143539 1.0793417 0.0000010 0.0000010 3.4479712 1.2920549 4.4430107 2.4885964 3.4614251 0.9961016 
Gracom_Gcom_scaffold5585_01                                         1.1608377 1.1834814 1.1663983 1.3530163 1.2813934 1.3461653 1.2582198 1.1081163 1.2143240 0.6276684 0.6515498 0.5924969 0.5288757 0.8195149 0.0000000 1.3192042 1.4366594 1.3519876 1.2561052 1.2432260 1.4171985 1.2167684 1.2752272 1.3070899 1.3442791 1.3237464 1.9045830 1.2620805 1.1734454 1.1963227 1.4316949 1.3651532 1.1878894 1.3173866 1.2923100 1.2944188 1.5044323 1.4059622 1.3130956 1.2118284 1.2168663 1.2219712 1.2168402 1.2354824 1.3105621 1.3214467 1.6265504 1.3534477 1.3803735 1.4386179 1.4412355 1.5280079 1.3123278 1.3351464 1.3353045 1.3735727 1.3421400 1.6900557 1.5450700 1.5793659 1.6053955 1.6895170 1.1001875 1.5745131 1.4609812 1.4255103 1.4141219 1.8175699 1.5226326 1.5716579 2.1681084 1.5547287 1.6577973 1.6564608 1.9793856 1.1795026 1.1167503 1.6665753 1.4531390 1.5667581 1.5146211 1.3041832 1.4784725 1.4520438 1.3307742 1.5435938 1.6030505 1.7446969 1.5564347 1.5551225 1.3570306 1.5994541 1.7920201 1.7920201 1.3861580 1.3861580 1.5940040 1.5940040 1.5940040 1.5940040 1.4839806 1.4482921 2.0046915 2.0186173 2.0617935 1.8501230 1.8487996 1.9192911 0.6998866 1.9688992 1.7232400 2.0097266 1.2267526 2.3479906 1.6244919 1.7695836 1.7313661 1.3596679 1.6004126 1.6004126 3.5110399 2.1496588 5.3186657 3.2014410 3.7912747 1.2327819 
Bralan_BLAG16000439_1                                               0.8443393 0.7819790 0.8997077 0.9410767 1.0027973 0.8339519 0.8258440 0.7308255 0.9386164 0.9716942 1.0666157 1.0270353 1.0261881 0.8805015 1.3192042 0.0000000 0.1835666 0.5125220 0.6907002 0.7724625 0.7302291 0.6841818 0.7697893 0.7940949 0.7706593 0.8137940 1.9206314 0.7131664 0.7385065 0.7622016 0.9151913 1.3321416 1.1674246 0.7609933 0.6592285 0.7174306 0.8654181 0.7297139 0.8529055 0.8251531 0.8521533 0.8232440 0.8211742 0.7689925 0.7723748 0.8597928 2.0485952 0.9434408 0.9633285 0.8363182 0.8161215 0.9705599 0.9017607 0.8579814 0.8713715 0.9036500 0.8976577 1.1751757 1.0376992 0.9920207 0.9643131 1.2416772 0.4288389 0.9279380 0.9464562 0.9243387 1.0881867 1.3418911 1.0092964 1.1475938 1.7828278 1.1471794 1.1503267 1.0384652 1.3315086 0.8108001 0.8971631 0.8413676 1.0880065 1.0999330 1.1407387 0.8235673 0.9736744 1.1042661 1.4832435 1.2889205 1.2953275 1.4661923 1.2552692 1.1410550 1.7059114 1.1559120 1.7197566 1.7197566 1.3067813 1.3067813 1.4158574 1.5523412 1.4158574 1.5523412 1.0861400 1.4475010 1.6019798 1.6621140 1.7252869 1.5312196 1.6296100 1.5438065 1.2597872 1.5521896 1.3035629 1.4490826 0.7998291 1.6233836 1.4628404 1.6938145 1.5800758 1.0286357 1.3341617 1.3798880 2.6401878 1.4816967 4.4420933 2.4011740 1.8687298 1.8265376 
Bralan_BLAG16000441_1                                               0.9989067 0.9462855 0.9552401 1.0598275 1.1298279 0.9980439 0.9441497 0.8192699 1.0387139 1.0948548 1.1926761 1.0997508 1.1150219 0.9793544 1.4366594 0.1835666 0.0000000 0.5534227 0.7741025 0.8752843 0.8112014 0.7770328 0.8591623 0.9004659 0.8471114 0.9216238 1.5073537 0.8696203 0.8628666 0.8651628 1.0092037 1.2950713 1.0880089 0.8575704 0.7743051 0.8841201 1.1212621 0.8858241 0.9443776 0.9369502 0.9711084 0.9350689 0.9384465 0.8740724 0.9149760 0.9924995 1.8006606 1.0682632 1.1020931 0.9652544 0.9414581 1.0560393 0.9486055 0.9718441 0.9607372 0.9816615 0.9949488 1.2666825 1.0764241 1.0777747 1.0003845 1.3201967 0.5050496 1.0844212 0.9699033 1.0144728 1.2411645 1.3736922 1.1517480 1.2263975 1.8629167 1.2439720 1.2488108 1.1317384 1.4925502 0.8596445 0.9530811 0.8647431 1.2277296 1.2537780 1.2163716 0.9626645 1.0351975 1.1846361 1.5480679 1.3497656 1.3565335 1.5095647 1.2736452 1.1763307 1.7253941 1.2287842 1.6013387 1.6013387 1.1883450 1.1883450 1.3406346 1.4970997 1.3406346 1.4970997 1.1591708 1.4420994 1.6582792 1.8072536 1.8450286 1.5727124 1.7329902 1.6578887 1.4094780 1.6884589 1.4495558 1.5517859 0.8228448 1.7384159 1.4981006 1.7667491 1.7043461 0.9379853 1.4314441 1.4801121 2.7696784 1.9521445 4.3513482 2.4822658 1.7686193 1.8130585 
Skow_XM_006813063.1                                                 0.8587476 0.8183192 0.0000010 0.8559994 0.8717195 1.0014144 0.8029902 0.8366166 0.9049426 1.0324444 1.0131812 0.9959495 1.0171739 0.9357976 1.3519876 0.5125220 0.5534227 0.0000000 0.5910904 0.6865412 0.6470030 0.5746797 0.6111643 0.6734851 0.5253432 0.6846183 0.7402803 0.6556824 0.5999903 0.6295763 0.6485252 1.1775477 0.5222428 0.7370206 0.5521699 0.6608167 0.0000010 2.3201051 0.8183106 0.7132281 0.7329141 0.6675294 0.7389987 0.6763421 0.7160016 0.7249081 0.0000010 0.6955254 0.7096190 0.6942702 0.7043394 0.9171089 0.8404520 0.9282865 0.8785141 0.8362456 0.9076141 5.6245059 0.8350294 0.8104759 0.8724778 0.9229098 0.4315664 0.8397520 0.8023077 0.8701089 0.9597212 1.5689396 0.9462940 1.0161275 1.8811817 1.0092969 1.0914039 1.0910308 0.0000010 0.8108361 0.8874280 4.0234871 0.9901788 1.0810576 1.0849859 0.6506133 0.8186555 0.8368980 1.3690985 1.1165013 1.2111606 1.3049295 1.0208587 0.9169480 1.0478269 1.0023578 1.1744436 1.1744436 1.0297502 1.0297502 1.0297502 1.0297502 1.0297502 1.0297502 1.0101741 1.1368439 1.2227907 1.5020454 1.4585645 1.3507696 1.4222698 1.6946044 1.3080412 1.3624199 1.2017322 1.4659478 0.6064714 1.3751770 1.7125517 1.9338477 1.5770240 0.9398735 0.0000010 0.0000010 4.8314308 0.0000010 4.1108773 3.2695315 1.8590229 0.0000010 
Hsap_ENST00000643939                                                0.9759418 0.9042130 1.3187604 1.0152666 1.0350893 0.9560375 0.9052826 0.7117062 0.9800442 0.8555657 0.9199862 0.8904444 0.9345336 0.8202213 1.2561052 0.6907002 0.7741025 0.5910904 0.0000000 0.8186492 0.8269727 0.7158446 0.7486340 0.8015371 0.7565779 0.7846244 2.5209173 0.7086341 0.6995576 0.7446887 0.9571195 1.2523063 1.2753913 0.8341980 0.6668785 0.7814562 0.8716063 0.8168878 0.8788198 0.8539938 0.8708299 0.8339458 0.8561287 0.7140083 0.7807830 0.8631366 1.8572067 0.9540641 0.9683906 0.9598253 0.9424999 1.0779112 0.9392282 1.0523006 1.0340557 1.0255524 1.0569396 1.4148247 1.0384517 1.0533178 1.0043854 1.2430688 0.6205126 1.0265996 1.0259153 1.0521030 1.0695741 1.7028724 1.0459476 1.1761650 2.0201904 1.0909313 1.2267483 1.0549492 1.4562040 0.8442804 0.8385859 0.8492814 0.9686190 1.0980118 1.1370919 0.8796960 1.0608942 1.0672226 1.1161144 1.4119424 1.5278332 1.5997239 1.1421486 0.9664810 1.8579987 1.0111530 1.6589585 1.6589585 1.2970296 1.2970296 1.5177715 1.6931712 1.5177715 1.6931712 0.9839276 1.3364835 1.4454170 1.6411106 1.7035989 1.5038274 1.6964458 1.6395203 1.5163496 1.5747543 1.3254792 1.4901230 0.8494260 1.5563310 1.4236754 1.6265789 1.5571051 1.2830612 1.8713785 1.9370914 2.8783837 1.4230370 4.2825368 2.4013106 1.7993096 1.5314643 
Cscu_XM_023356175.1                                                 1.0135791 0.9687826 1.0094455 1.1360173 1.1845035 1.2050262 0.9531593 0.7780389 1.1108022 0.9965267 1.0058457 0.9972612 1.0153130 0.9043901 1.2432260 0.7724625 0.8752843 0.6865412 0.8186492 0.0000000 0.6154441 0.6728770 0.8759934 0.8780506 0.8889109 0.8849998 1.9778842 0.8292338 0.8944918 0.8745913 1.0181507 1.1549552 0.9393940 0.8778252 0.8161863 0.8779128 1.0004451 0.7822414 0.8483600 0.9979325 1.0225612 0.9982071 1.0084681 0.9158805 0.9246441 1.0015129 1.7272829 1.0568594 1.0817332 0.8805120 0.8528214 1.1988009 1.0579534 1.0467228 1.0889920 1.0296274 1.1330227 1.3926651 1.1626815 1.1515407 1.1914204 1.4181092 0.5228103 1.0863431 1.1297236 1.1289397 1.0094541 1.5292057 1.1262015 1.2376475 2.0811370 1.2164729 1.3348604 1.1746467 1.4384939 0.9167748 0.9851788 1.1010487 1.0460019 1.0653915 1.1814577 0.9542710 1.0403531 1.1725673 1.1185629 1.3317804 1.3806832 1.4768603 1.1524649 1.0322904 1.6443016 1.0537200 1.3804410 1.3804410 1.1535992 1.1535992 1.2419770 1.3949518 1.2419770 1.3949518 1.0763228 1.5189565 1.4134900 1.7293207 1.8477759 1.6027776 1.7362685 1.6553884 1.3651031 1.6669082 1.3130035 1.5891096 0.8000077 1.4101010 1.4216928 1.5704477 1.5192566 1.1569207 1.4521448 1.5011978 3.0011973 1.6620741 4.2515513 2.3671812 1.7261809 1.7306969 
Tcas_TC016323_001                                                   1.0050791 0.9456171 0.9292262 1.0550463 1.1571065 1.0665476 0.9372258 0.7728927 1.0434379 1.0647752 1.1327357 1.1237070 1.1463707 1.0231498 1.4171985 0.7302291 0.8112014 0.6470030 0.8269727 0.6154441 0.0000000 0.5671885 0.8464732 0.8497917 0.8878434 0.8660559 1.6046541 0.8446416 0.8378571 0.8719974 1.0598884 1.1386698 0.9649769 0.8572483 0.7414110 0.9303318 0.7701296 0.7068205 0.7907269 0.9872391 0.9997450 0.9781066 0.9936091 0.9321686 0.9476977 1.0492365 2.0725861 1.0940264 1.1303789 0.8533418 0.8356004 1.1966731 1.0226860 1.0417866 1.0082777 1.0030616 1.0688209 1.2934472 1.1954325 1.2090194 1.1121646 1.4530614 0.6327070 1.0340933 0.9809330 1.0398685 1.0976635 1.5104857 1.0381193 1.1698110 1.7653978 1.1059111 1.2392376 1.1555950 1.2597267 0.8449705 0.9247764 0.8530793 1.1330394 1.2156237 1.2454809 0.9860771 1.1011847 1.1370370 1.2763019 1.3863906 1.4470974 1.5540821 1.2316527 1.0624601 1.7738055 1.0946886 1.4701114 1.4701114 1.2614249 1.2614249 1.3611470 1.4781543 1.3611470 1.4781543 1.0873398 1.4467934 1.5836748 1.7084354 1.8124886 1.5685602 1.8471616 1.7587757 1.1709338 1.7078477 1.3876879 1.6524760 0.7894896 1.5851939 1.6799705 2.0833562 1.7266822 1.0746386 1.4239359 1.4728332 2.8142419 1.4798991 4.1417538 2.6481818 1.7583593 1.3661775 
Dpul_mRNA2464                                                       0.9605605 0.8700402 1.0386497 1.0501145 1.0316306 0.9504584 0.8596001 0.7623229 1.0426495 0.9873795 1.0007225 0.9735586 0.9675209 0.8672330 1.2167684 0.6841818 0.7770328 0.5746797 0.7158446 0.6728770 0.5671885 0.0000000 0.8622530 0.8469228 0.8632855 0.8846813 1.9612833 0.8290212 0.8180144 0.8186923 1.0863757 1.2822415 0.8941279 0.8707568 0.7142756 0.7202034 0.7880509 0.7409672 0.8147421 0.8687705 0.8824888 0.8779183 0.8710455 0.8012169 0.8283571 0.8968943 1.5228388 0.9571220 0.9857831 0.8533197 0.8262298 1.1589379 0.9798491 1.0683173 1.0374498 1.0309884 1.0516094 1.3109808 1.2155520 1.1913461 1.1663559 1.3220898 0.7186651 1.0608073 1.0046044 1.0397058 1.1289000 1.6191774 1.0467518 1.1611476 1.8775690 1.1210721 1.2904424 1.0299214 1.1386565 0.8287809 0.9092352 0.8880105 1.1373579 1.2085898 1.2354587 1.0094353 1.0100118 1.1908583 1.3582437 1.3349096 1.3820191 1.4768210 1.2123213 1.0599111 1.6356938 1.1101954 1.2835704 1.2835704 1.0627513 1.0627513 1.1604965 1.2369595 1.1604965 1.2369595 1.1103880 1.3618474 1.5517103 1.7395396 1.7771651 1.4814811 1.5956839 1.6631137 1.4109586 1.6384190 1.2863118 1.4152274 0.7897955 1.5355636 1.5711747 1.8459442 1.5846789 1.0572141 1.2780087 1.3224356 2.9285389 1.6489780 4.4471276 2.5578970 1.7833932 1.5064881 
Spis_XP_022795248_1                                                 1.0369012 0.9318975 1.2858338 1.0593635 1.1071280 1.0473527 0.9220266 0.7543295 0.9862146 0.8993575 0.9418836 0.9551884 1.0146270 0.8051347 1.2752272 0.7697893 0.8591623 0.6111643 0.7486340 0.8759934 0.8464732 0.8622530 0.0000000 0.1420948 0.1290160 0.1705599 0.2418710 0.2279764 0.3534228 0.3901506 0.3096715 0.4326784 0.4320389 0.6362127 0.5263445 0.8089031 0.8553098 0.9378112 0.9120020 0.9248613 0.9616252 0.9044519 0.9188926 0.8228709 0.8669077 0.9713957 1.9557282 1.0271043 1.0702997 0.9573891 0.9327759 0.9533698 0.8004624 0.8312473 0.8262075 0.8358077 0.8208173 1.0361604 0.9317380 0.9512607 0.8998383 1.2064283 0.4224546 0.9357904 0.8998569 0.9833286 1.1220316 1.3062254 1.0218376 1.1202659 1.6895191 1.0402861 1.1414850 1.1114440 1.5799490 0.8372290 0.8879929 0.9036005 0.8675617 1.0370919 1.1280445 0.4387731 0.5775736 0.5731665 1.0925718 1.2776309 1.3515490 1.3931601 1.2622587 1.1085039 1.8803273 1.1716389 1.6607817 1.6607817 1.3914989 1.3914989 1.5321965 1.7414543 1.5321965 1.7414543 1.0534074 1.5213131 1.5987629 1.6808321 1.6485383 1.6332239 1.7686931 1.7473853 1.2508491 1.7238126 1.1864793 1.2628811 0.8381930 1.4072518 1.5389032 1.7070263 1.5152151 1.0630772 1.9011597 1.9685317 1.7569285 1.4628779 4.0741559 2.3747679 1.8136678 1.5601660 
Gasp_gasp1.m3.170.m1                                                1.0857361 0.9749632 1.3985048 1.0988721 1.1362356 1.0637669 0.9521907 0.8268393 1.0215384 0.9556629 1.0010441 1.0315976 1.0708471 0.8696055 1.3070899 0.7940949 0.9004659 0.6734851 0.8015371 0.8780506 0.8497917 0.8469228 0.1420948 0.0000000 0.0722205 0.1480841 0.1210006 0.2011200 0.3570470 0.3718566 0.2802172 0.2295693 0.3838409 0.6046153 0.5171863 0.8106686 0.8562967 0.8717453 0.9449260 0.9340817 0.9625465 0.9169829 0.9296539 0.8349008 0.8706796 0.9770858 1.9360154 1.0692554 1.1070198 1.0096431 0.9837019 0.9459690 0.7978771 0.8306870 0.8498326 0.8666822 0.8396705 0.9968737 0.9401500 0.9265182 0.9033466 1.1925028 0.4361184 0.9094074 0.9340893 0.9724540 1.1891493 1.3929822 1.0362549 1.1132154 1.7022691 1.0595332 1.1802370 1.1176571 1.5506085 0.8517780 0.9278084 0.8016213 0.8891724 1.0765010 1.1216651 0.4171343 0.5847473 0.5887601 1.0868728 1.2968967 1.3923861 1.4330264 1.2909038 1.1149504 1.9277984 1.1840135 1.7285447 1.7285447 1.3644393 1.3644393 1.5089961 1.7304881 1.5089961 1.7304881 1.1446395 1.5603679 1.5267688 1.6994611 1.6910809 1.6212143 1.7311417 1.7346870 1.3023301 1.7490011 1.2241659 1.2971559 0.8688764 1.3595680 1.5228690 1.7917248 1.5546675 1.0882745 2.2217057 2.3024069 1.8915780 1.6099900 4.0054191 2.3160341 1.8756492 1.4847129 
Fspp_ffun1.m4.7438.m1                                               1.0177227 0.9546588 1.4183344 1.0930881 1.0760823 1.0119984 0.9449611 0.7670980 1.0164469 0.8721096 0.9177252 0.9489421 0.9852374 0.7770288 1.3442791 0.7706593 0.8471114 0.5253432 0.7565779 0.8889109 0.8878434 0.8632855 0.1290160 0.0722205 0.0000000 0.1439349 0.1167501 0.1876172 0.3475212 0.3361675 0.2615612 0.2704192 0.4346958 0.6108519 0.4485988 0.7770493 0.8896407 0.8407161 0.9603029 0.9021103 0.9196951 0.8737648 0.8921889 0.7790370 0.7960552 0.9183391 1.8230614 1.0201864 1.0594967 1.0180396 0.9885954 1.0614141 0.8170547 0.8945406 0.9041840 0.8731896 0.8886347 0.9524134 1.1712954 1.0935843 1.0799303 1.3925470 0.4215443 0.8730093 0.9563689 0.9705637 1.1545177 1.5227399 0.9680739 1.0663990 1.6691387 0.9885571 1.1551770 1.0559426 1.4470791 0.8224795 0.9718067 0.8042995 0.8901282 1.0466087 1.0795134 0.3938139 0.5891952 0.5691482 1.2893372 1.3339700 1.4253941 1.4641599 1.1819514 1.0572273 1.8259005 1.1026219 1.2296798 1.2296798 0.9734367 0.9734367 1.2118150 1.5109169 1.2118150 1.5109169 1.0342566 1.4495721 1.5888451 1.5912963 1.5535391 1.5276400 1.6157494 1.6474136 1.2813275 1.5677685 1.1177569 1.2702162 0.9184311 1.5550784 1.4892938 1.5834604 1.4500820 1.1425360 2.2095529 2.2883187 1.6944338 1.4710430 4.1769094 2.3856003 1.8998202 1.4680320 
Gfas_gfas1.m1.17405.m1                                              1.0381126 0.9730677 1.3276746 1.0876118 1.1177000 1.0612335 0.9328521 0.7926874 1.0186455 0.9127403 0.9593991 0.9793511 1.0205395 0.8396558 1.3237464 0.8137940 0.9216238 0.6846183 0.7846244 0.8849998 0.8660559 0.8846813 0.1705599 0.1480841 0.1439349 0.0000000 0.3667931 0.1711310 0.3704256 0.3939224 0.2729684 0.3725604 0.4291857 0.6144592 0.5250700 0.8288429 0.8103371 0.8665197 0.9730785 0.9353878 0.9680359 0.9206654 0.9411562 0.8153039 0.8798977 0.9635048 1.4057724 1.0162529 1.0564568 0.9888400 0.9542373 0.9682763 0.8297304 0.8607609 0.8632261 0.9166401 0.8569850 1.0244921 0.9782028 0.9745577 0.9731622 1.2211561 0.4215443 0.9373161 0.9728178 1.0318728 1.1518357 1.4781874 1.0553421 1.1483125 1.8332253 1.0750823 1.1751756 1.1489013 1.5929317 0.8673575 0.9411583 0.8894555 0.8565816 1.0626158 1.1354426 0.4469589 0.5573229 0.5659740 1.1208872 1.3103127 1.4063737 1.4826278 1.2193186 1.0620624 2.0386653 1.1345468 1.4632267 1.4632267 1.3230164 1.3230164 1.4476804 1.6698579 1.4476804 1.6698579 1.0632894 1.4837665 1.5547905 1.6462916 1.6577369 1.6223365 1.7409389 1.7534476 1.2890299 1.7438480 1.2377847 1.4197907 0.8810004 1.6053213 1.5567749 1.6444034 1.5150387 1.1827444 2.1186929 2.1934125 1.9559303 1.4976556 4.1396208 2.5292374 1.8292803 1.4885072 
Fspp_ffun1.m4.7439.m1                                               1.5801649 1.8004445 0.0000010 2.3918934 2.3389732 1.7367504 2.1601516 0.0000010 1.3181646 1.4198000 1.2453105 1.4885519 1.3300529 1.3979731 1.9045830 1.9206314 1.5073537 0.7402803 2.5209173 1.9778842 1.6046541 1.9612833 0.2418710 0.1210006 0.1167501 0.3667931 0.0000000 1.9845888 0.8750263 0.8681766 0.2584587 0.0435661 0.5148707 1.4234940 1.0596929 1.6435292 0.0000010 1.3755327 2.6818069 1.7864394 1.8450094 1.7411095 1.6554076 1.7476922 1.3823260 1.7239213 1.9188178 1.5971571 1.5971571 2.2542980 1.8612412 1.6259070 1.3236555 1.3220748 1.2402964 1.3420046 1.4856450 0.0000010 1.8260271 1.7132306 1.6029894 3.2229843 1.1217829 1.3475002 1.5946490 1.6191360 2.2308584 1.5686082 1.5399927 2.4704402 2.0364305 1.7458216 3.2775432 1.6746531 0.0000010 1.2676611 1.0913091 0.0000010 1.0288213 1.3979493 2.0206173 1.9721170 0.9265855 1.3591609 1.4023403 1.9765824 1.8448468 1.9215520 2.0756613 1.0596929 2.0800071 1.4784873 4.5001296 4.5001296 1.0345172 1.0345172 1.7890845 2.6777455 1.7890845 2.6777455 2.2214158 2.4572441 1.8430409 2.7889324 2.2340736 1.7651636 2.1671408 2.5419999 0.0000010 2.2216615 1.8027550 9.0000000 2.1510793 1.7313923 1.7193742 2.1856653 2.1189271 1.4651476 0.0000010 0.0000010 5.0384018 0.0000010 4.3458172 1.2224798 0.0000010 0.0000010 
Adig_XM_015907182.1                                                 1.0492172 0.9608359 1.1720212 0.9586286 0.9999082 1.0441443 0.9036474 0.7775627 0.9962795 0.9291755 0.9366532 0.9771957 1.0353115 0.7581491 1.2620805 0.7131664 0.8696203 0.6556824 0.7086341 0.8292338 0.8446416 0.8290212 0.2279764 0.2011200 0.1876172 0.1711310 1.9845888 0.0000000 0.3408682 0.3707872 0.1339621 0.5434366 0.4270565 0.6137038 0.5858038 0.7663547 0.8431221 0.8231419 0.8776866 0.8384863 0.8495472 0.8230404 0.8492631 0.7223483 0.8294848 0.8734373 9.0000000 0.9292785 0.9718725 0.8822345 0.8664801 0.9323147 0.7805601 0.8085427 0.8077704 0.8806299 0.7735830 1.0907764 0.8892583 0.9153075 0.8161077 1.1033629 0.4839346 0.9012202 0.9057528 0.9356593 1.0413198 0.9859066 1.0300995 1.0833410 1.7447026 1.0413241 1.0944671 1.0888494 1.5912916 0.8222018 0.9269388 0.9425026 0.8780762 1.0472687 1.1251903 0.4428660 0.6010736 0.6343785 0.9718122 1.2619312 1.4056664 1.4642153 1.2356841 1.1461357 1.6319767 1.1685759 1.5738489 1.5738489 1.3937814 1.3937814 1.3937814 1.4541657 1.3937814 1.4541657 1.0205332 1.2855390 1.6162264 1.6127349 1.6611181 1.6592027 1.7665903 1.7199934 1.2684146 1.7305351 1.2186925 1.2449449 0.7607125 1.0623322 1.4467398 1.5801430 1.4978663 1.0531400 2.1154537 2.1907679 1.8156224 1.5785016 4.2806080 2.6335135 1.8960064 1.4825461 
Exapal_XM_028659470.1                                               1.0338201 0.9667579 1.2062085 1.0698272 1.0635687 0.9892553 0.8878543 0.8047190 0.9702761 0.8009407 0.8350966 0.8594096 0.9342437 0.7992335 1.1734454 0.7385065 0.8628666 0.5999903 0.6995576 0.8944918 0.8378571 0.8180144 0.3534228 0.3570470 0.3475212 0.3704256 0.8750263 0.3408682 0.0000000 0.2369561 0.4975896 0.6549593 0.6622030 0.6287142 0.5075984 0.8100836 0.8183603 0.7590352 0.8955397 0.8549661 0.8899930 0.8384502 0.8521898 0.7929709 0.8289720 0.8948735 1.5146102 0.9729571 1.0008756 0.9763478 0.9614898 0.9886001 0.8518365 0.8546957 0.8633959 0.8996906 0.8516728 0.9504461 0.9886270 0.9423107 0.9933573 1.1610963 0.4849503 0.9094229 0.9838847 0.9583445 1.0992661 1.2394159 0.9955208 1.1486624 1.5899273 1.1149451 1.1625882 1.0562222 1.3889498 0.7880737 0.8780529 0.8520930 0.8801254 1.0362130 1.0696990 0.5925430 0.7566322 0.8207285 0.9343840 1.2627411 1.3796587 1.4522494 1.2034464 1.0741170 1.6308312 1.0937450 1.4749449 1.4749449 1.1509322 1.1509322 1.3083025 1.4862057 1.3083025 1.4862057 1.0208482 1.2442792 1.4152605 1.7472380 1.6634803 1.4582936 1.6437368 1.6100375 1.2004711 1.6585249 1.3164702 1.3626311 0.9475537 1.2595878 1.3039413 1.5052924 1.5071123 1.1210774 1.6239673 1.6812837 2.2435595 1.4983654 4.2156676 2.4702684 1.6066763 1.2960653 
Nvec_v1g180776                                                      1.0256649 0.9477254 1.3029773 1.0457398 1.0457200 0.9636225 0.8503873 0.8543175 0.9662284 0.8516514 0.8936442 0.8998523 0.9544551 0.8012582 1.1963227 0.7622016 0.8651628 0.6295763 0.7446887 0.8745913 0.8719974 0.8186923 0.3901506 0.3718566 0.3361675 0.3939224 0.8681766 0.3707872 0.2369561 0.0000000 0.5124809 0.6531302 0.5771955 0.5996496 0.5386553 0.7683370 0.8687116 0.7991716 0.8720365 0.8270499 0.8780055 0.8119631 0.8239959 0.7784531 0.8315712 0.8492361 0.9799744 0.9244313 0.9392790 0.9716892 0.9595840 0.9754314 0.7766861 0.8506378 0.8527662 0.8877066 0.8299240 0.9683556 0.9659393 0.9555400 0.9190729 1.1392429 0.5177028 0.9247023 0.9688281 0.9168743 1.0557183 1.1992946 1.0074579 1.1041535 1.5481328 1.0902423 1.1502120 1.0880799 1.3414438 0.7815774 0.8814304 0.8091986 0.8815211 1.0150817 1.0748637 0.6151587 0.7513719 0.8044716 0.8466850 1.2583834 1.3038282 1.3873198 1.2571365 1.1152536 1.6108111 1.1683353 1.5917641 1.5917641 1.2777950 1.2777950 1.3928453 1.5658982 1.3928453 1.5658982 1.1058141 1.3513416 1.4529048 1.7275868 1.7250459 1.4932198 1.7282697 1.7461326 1.3168987 1.6517796 1.2860352 1.4703891 0.8734425 1.2784473 1.4500961 1.6431655 1.5635298 0.9661188 1.9580176 2.0259888 2.1369959 1.3751618 4.1782796 2.3434685 1.5942717 1.4274967 
