116
Tetwil_g14473.t1                                       0.0000000 1.5997665 2.1162128 3.1511809 2.6869263 7.7993062 7.4203360 0.0000010 3.7748263 5.5183875 8.9999988 6.9137686 7.2720017 8.3950283 8.9999984 7.3422041 5.7376406 3.0228163 6.8826224 3.0612473 2.1268168 0.7896330 1.7052127 0.3632411 0.8172787 3.3052200 0.0000010 0.6088514 0.0000010 2.4445349 1.9936186 2.5965552 1.5997601 0.0000010 3.0840618 3.7194798 2.3731903 1.5977854 2.2452822 3.9152833 2.5731090 2.1709982 2.2567375 1.3115612 3.2904274 3.4032656 3.3952962 3.2866546 3.4973261 3.4351928 1.1806704 3.0595329 1.2257370 3.2096387 3.2351729 3.2065995 3.1877268 1.2702780 0.0000010 3.4361676 3.4674259 2.6768632 3.2479863 1.3154634 0.0000010 0.0000010 3.4681390 3.1699757 2.1663765 3.2779581 2.5163352 1.4890069 1.9397346 1.9397346 0.0000010 0.0000010 2.8874707 2.7107701 1.3753740 1.8346456 2.5106871 3.1424305 0.7586103 2.3045250 2.3045250 1.1530111 3.4849640 2.9830967 2.1514691 2.8857847 1.7209396 3.0573020 3.9484121 2.9387439 1.5913144 3.5785732 2.6245790 2.4788302 2.8606194 2.9025620 3.1409722 3.3181319 3.1750775 3.3516533 2.6243094 2.7492654 3.1048063 2.6384493 6.8474719 6.5901438 8.0752173 2.6425234 3.7641322 3.9156040 6.4174162 2.3713390 
Xesp_010439-T1                                         1.5997665 0.0000000 0.3729241 0.3028351 0.5145032 0.2818040 0.3027634 0.1447560 0.1931746 0.5726829 0.3054733 0.1260238 0.2164045 0.2762587 0.3568656 0.3454456 0.3086147 0.5637234 0.4285924 0.5483902 0.2717353 1.0782335 1.2314274 1.0989900 2.1874115 0.9764422 0.5523465 1.0430817 0.6383502 0.8328065 0.7941500 0.8168432 1.5060240 0.6447394 1.2859580 1.2545134 1.2856234 1.3510588 1.2693645 1.1890114 0.7965571 0.7941906 0.8277335 1.0448314 1.0448314 1.2176920 1.2055797 1.1464612 1.2052019 1.2007671 1.1531118 1.1441269 1.1270207 1.1276776 1.1377799 1.1169854 1.0804314 0.8718319 0.8377146 0.9229508 1.0851801 0.9206421 0.6100031 1.1264763 0.9417555 1.0730354 1.3921286 0.9354787 0.5939661 1.2074975 1.3063033 1.2422946 1.2389487 1.2389487 1.1358590 1.5335043 0.9136339 0.9020809 1.2205505 1.2858457 0.9808157 0.9486760 1.0817305 1.0538776 1.0538776 0.0000010 0.9588662 1.0153949 0.8239038 1.2579256 1.4878313 1.5517544 1.7143436 0.9510418 6.1605612 1.4585509 1.2772025 1.0480573 1.0604378 1.7895863 1.0408241 1.1090753 1.0962488 1.3993687 1.7009080 0.5306584 1.2328381 0.7559874 0.1485132 1.1936349 3.8453545 4.0458489 2.4429246 2.3850795 0.2260319 3.5145334 
Xesp_028454-T1                                         2.1162128 0.3729241 0.0000000 0.1103694 1.1005833 0.1184517 0.1111180 0.1446469 0.3002828 0.2052111 0.2079415 0.2085631 0.2153577 0.3943326 0.5365577 0.1496693 0.0942199 0.4119278 0.1255582 0.1680419 0.4369088 1.1222161 1.1670196 0.8509210 2.3732702 0.9895324 0.3718792 0.7270550 0.5887368 0.7684664 0.7626923 0.8337802 1.4941293 0.2882069 1.3601948 1.3061815 1.1526585 1.2409304 1.2912536 1.2046931 0.7833156 0.8138770 0.8455550 1.1137178 1.1916502 1.3479382 1.3360214 1.2631954 1.3301904 1.3067351 1.0679783 1.1290208 1.0326312 1.1315632 1.1466578 1.1418466 1.0056582 0.7329500 0.6916193 1.0639475 1.0861386 1.0270983 0.7339558 0.9858819 0.8664146 0.8299594 1.4406117 0.9979567 0.5515440 1.2958743 1.3218691 1.1224577 1.1418230 1.1418230 0.9462486 1.4776797 0.9082981 0.9523999 1.2984984 1.2011965 0.9404021 0.9864289 1.0007233 1.0584326 1.0584326 9.0000000 0.8716534 0.9778379 0.5734596 1.1160941 1.2841396 1.6465851 1.6580964 0.8540324 5.2475613 1.3827228 1.2604180 1.1489778 1.1595264 1.8085606 0.9882749 1.0986433 1.2289189 1.3109001 1.6803763 0.6327055 1.2632853 0.7974620 0.3769631 1.0309736 3.5343499 5.8000421 2.2551962 2.2106447 0.3004090 4.3152851 
Xesp_010511-T1                                         3.1511809 0.3028351 0.1103694 0.0000000 0.0344875 0.7076442 0.5226349 0.1290571 0.7136278 0.4735401 0.7373863 1.9443343 1.1954632 1.4525150 2.4090198 0.9097625 0.4322747 0.6500661 0.7005320 0.2165796 0.5668564 1.0936884 1.7276389 0.7602451 1.6909675 2.1854155 0.5173896 0.8148350 0.5450306 1.2810870 1.2752248 1.3559788 1.3602728 0.4888051 2.2213095 2.3146958 1.5334232 1.3028359 1.5693457 2.4653797 1.3476501 1.4700831 1.4561077 1.0142944 1.9426882 1.9910014 1.9873653 1.9157972 2.0270768 1.9861377 0.9943097 1.8419438 0.9555849 1.9245787 1.9297886 1.8801671 1.8438512 0.7962938 0.6934754 1.9461495 2.2095600 1.6636845 1.8538587 1.0239190 0.8075951 0.8546329 2.3885116 2.8315619 0.5276694 2.3515178 1.9369063 1.1459728 1.4526411 1.4526411 0.8216781 1.3274904 1.7237318 1.7772095 1.2356874 1.3412066 1.1613991 2.0545390 1.1074082 1.6887381 1.6887381 0.9201715 1.8183451 1.6405197 1.1863384 2.0200134 1.3553908 2.3751581 3.0052221 2.0139251 1.9456758 2.2233024 1.6573964 1.7926606 1.8047611 2.4625848 1.9406142 2.2269350 1.8668181 2.2317490 2.1779107 2.0421618 1.9754498 1.5540618 2.2637103 2.1659192 4.3534550 2.4183821 3.2067189 3.1243094 2.0932481 2.3952983 
Xesp_028305-T1                                         2.6869263 0.5145032 1.1005833 0.0344875 0.0000000 3.3479483 4.1546116 0.0000010 2.5532283 4.0600915 4.5154688 3.7854733 3.7254003 3.8642842 4.3063963 3.4687689 2.9370360 0.8230184 3.8614054 1.2626707 2.3715277 1.1378740 2.0756941 0.7848928 1.2740381 2.4927544 0.0000010 1.0352474 0.0000010 1.8187876 1.7675010 1.8948364 1.3950759 0.0000010 3.1861075 3.2436705 2.0092681 1.4452112 2.0796685 3.4897037 1.9190632 1.9359146 1.8880944 1.0444575 2.7386701 2.7502490 2.7514699 2.6293789 2.7926297 2.7150968 1.1238486 2.7516839 1.1142243 2.9654370 2.9857787 2.8763327 2.8261491 1.3653724 0.0000010 2.7381969 3.0094990 1.9465407 2.6114172 1.1980248 0.0000010 0.0000010 3.1917344 3.1642191 0.0000010 3.5216114 2.8924037 1.3159272 1.9966422 1.9966422 0.0000010 0.0000010 2.5164864 2.4608629 1.3546335 1.5341542 2.7265577 2.3131669 1.5334135 2.0683647 2.0683647 0.8988606 2.6093998 2.3169008 1.9771764 2.7643028 1.7295642 2.6922102 3.6466916 2.0700110 1.6193188 3.0867155 2.0767566 2.5655671 2.5606539 2.8674084 2.3480411 2.3918570 2.4754842 2.9053666 2.8328105 2.0164990 2.6709679 2.2902231 3.6240224 3.4236122 4.8890987 2.5566033 3.8624985 3.5689680 5.4266400 2.2808686 
Xesp_010474-T1                                         7.7993062 0.2818040 0.1184517 0.7076442 3.3479483 0.0000000 0.1119646 0.1630603 0.0931275 0.1837323 0.1727285 0.1375929 0.1664163 0.1451236 0.1195939 0.1306244 0.0879323 1.0421501 0.1320479 0.1313733 0.5153993 1.1862641 1.6588586 1.6564469 2.7107713 2.0180628 0.5599875 0.9498300 0.6040260 1.6763274 1.5798829 1.7169088 1.6802907 0.4971954 2.3217001 2.3642458 1.7465235 1.4980386 1.6766989 2.6486242 1.7867927 1.7849209 1.7989122 1.2148916 2.2557358 2.3066289 2.2978578 2.1422742 2.3401459 2.3371994 1.2333418 2.2593331 1.2233712 2.3311146 2.3401182 2.2126868 2.2309492 0.7256925 0.7531883 1.8439902 2.0055674 1.6834982 1.6827668 1.2400841 0.7939417 0.9118740 2.5243804 4.3386000 0.5892406 2.4246227 1.9284566 1.3775290 1.6903858 1.6903858 0.9265606 1.2982130 2.0923879 2.1183558 1.5133202 1.6634195 0.9886642 1.9463737 1.2820646 1.8072468 1.8072468 6.4044665 1.8373742 1.9756128 1.0905037 1.7283880 1.5858616 2.3469746 2.8045669 1.7785255 8.1716255 2.4924901 1.8508342 2.0417617 2.1269247 2.4173779 2.1208703 2.0223559 2.1233969 2.2256006 2.3272782 2.1842585 2.4813175 1.7307227 0.0697077 0.5310205 0.7476990 5.9099181 3.2938667 3.3228465 0.7463671 6.0288061 
Xesp_010493-T1                                         7.4203360 0.3027634 0.1111180 0.5226349 4.1546116 0.1119646 0.0000000 0.1199941 0.1289152 0.1928053 0.2306100 0.1590756 0.2420482 0.2087875 0.3448255 0.1619977 0.1412345 0.7910759 0.0616204 0.1579853 0.4215196 1.2905519 1.5989533 1.6756547 2.9786799 1.6866346 0.5120909 0.9308678 0.5455668 1.3419315 1.2423714 1.4066918 1.6261516 0.5162579 2.0555460 2.1015766 1.6448418 1.4967066 1.6239169 1.9990613 1.4186302 1.4224787 1.4185983 1.1778458 1.7439282 1.9235263 1.9135125 1.8014657 1.9049306 1.9104124 1.2285693 1.8736003 1.2087635 1.9460915 1.9547520 1.8668890 1.8505777 0.7481561 0.7132927 1.5098700 1.6462715 1.4559841 1.2056905 1.2200026 0.8069750 0.8840066 2.1598120 3.4718427 0.5469815 1.9976589 1.6722330 1.3354178 1.4342297 1.4342297 0.8611767 1.3712654 1.6586806 1.7333080 1.5012067 1.4894387 0.9879290 1.5735995 1.2155444 1.5993316 1.5993316 7.8367695 1.5499265 1.6521437 0.9719511 1.5706629 1.4940699 2.1917521 2.4367104 1.4793861 8.9999986 2.0815076 1.6131264 1.6803093 1.7990474 2.2216466 1.7353742 1.8013063 1.7682885 2.0090614 2.1429079 1.6730717 2.1147624 1.3003083 0.2166179 0.8824382 0.9848405 7.5104942 2.9577867 2.8870829 0.5229676 6.3243096 
Xesp_010457-T1                                         0.0000010 0.1447560 0.1446469 0.1290571 0.0000010 0.1630603 0.1199941 0.0000000 0.1081347 0.4125062 0.2390958 0.1278005 0.1505575 0.1315589 0.1526312 0.2289662 0.1823657 0.3221697 0.2759508 0.4805964 0.1936640 0.6874365 0.7112638 0.6486770 1.4649304 0.7096472 0.5521317 0.6193340 0.5550264 0.5224967 0.5282239 0.5445686 0.9962296 0.5522982 0.8422578 0.9116556 0.9827077 1.0338495 1.0189068 0.7847378 0.5529498 0.5626150 0.5418967 0.7891337 0.7891337 0.8989753 0.8989753 0.8637894 0.8468642 0.8164565 0.8785713 0.8785713 0.8214271 0.8435142 0.8435142 0.8388525 0.7674122 0.6754234 0.6128081 0.6084945 0.7008986 0.6538572 0.4845415 0.7308594 0.6423844 0.7318986 0.7607581 0.4340509 0.5659436 0.7083247 0.7918071 0.8198753 0.8178984 0.8178984 0.9010949 0.9832319 0.5858200 0.6408022 0.8351263 0.7737696 0.6423519 0.5490934 0.6918720 0.7045845 0.7045845 0.0000010 0.6160729 0.7316350 0.7176506 0.9369409 0.3265159 0.9864787 1.1689047 0.6742543 3.7078554 1.0026194 0.7879779 0.6574265 0.6574265 1.2994378 0.7032440 0.7968563 0.6018478 1.0660969 1.1156421 0.3523793 0.9631615 0.5513820 0.1939865 1.1371468 2.3112451 1.6481805 1.6326865 1.5767269 0.0986907 2.4393998 
Xesp_028321-T1                                         3.7748263 0.1931746 0.3002828 0.7136278 2.5532283 0.0931275 0.1289152 0.1081347 0.0000000 0.3064715 0.2294312 0.0654747 0.1312385 0.0703238 0.1902711 0.1560476 0.2852732 1.0297342 0.1988874 0.3058684 0.4416655 1.2289428 1.5661579 1.7640298 3.0584807 1.6321659 0.4749474 1.2349589 0.6805688 1.3024090 1.2621555 1.3483763 1.9535542 0.5561247 1.9108790 1.8173147 2.0751182 1.9037445 2.1683687 1.9476861 1.3431996 1.2891652 1.3063060 1.5503126 1.5940239 1.8317969 1.8317969 1.7081084 1.7326060 1.7431347 1.7352971 1.7744573 1.8769423 1.8738963 1.8991873 1.8944531 1.8882351 0.7784272 0.6308926 1.3602243 1.4225233 1.3059405 0.9030621 1.8058573 0.7142030 0.7703972 1.7598702 2.0471803 0.5391416 1.5969260 1.7608595 1.6887007 1.9577778 1.9577778 1.0283460 0.9765495 1.4555386 1.4732760 1.7536111 1.7406296 1.3837124 1.4317938 1.4318477 1.5394898 1.5394898 6.4044665 1.3526891 1.5587931 1.5231783 1.7037905 1.6880859 2.0687429 2.1123890 1.4399497 8.9999987 2.0697357 1.7657680 1.6755657 1.6829675 2.3965362 1.8962570 1.4355760 1.4016334 2.0144815 2.5250483 1.2097128 2.2314561 1.0246099 0.1128493 0.3186896 0.7271866 6.2905514 2.1938521 2.1923683 0.8588407 5.2098942 
Xesp_028396-T1                                         5.5183875 0.5726829 0.2052111 0.4735401 4.0600915 0.1837323 0.1928053 0.4125062 0.3064715 0.0000000 0.2436047 0.0674035 0.3538236 0.3843122 0.2060180 0.2659652 0.3001718 0.8587113 0.3286123 0.3562531 0.7749526 1.5343668 1.6173563 2.2260013 3.3776233 1.6408623 1.3050814 1.3056938 0.9577165 1.3097425 1.2645561 1.2585502 2.1380801 1.1305281 2.1037782 2.0354062 2.0106018 1.8958261 1.9625975 2.0580073 1.3135949 1.3219251 1.3389861 1.5560115 1.6945043 1.8667339 1.8539372 1.7953778 1.8250356 1.8335121 1.5877423 1.7028591 1.5782890 1.7468635 1.7653012 1.7112584 1.6339320 1.5653853 0.9593134 1.5310400 1.6056584 1.5097782 1.2899586 1.5705752 0.9418715 1.1634407 2.0396872 2.9341407 0.9734503 1.9003282 1.9094013 1.8023277 1.8373962 1.8373962 1.4414464 1.6254238 1.4737861 1.5014956 1.8538548 1.8257512 1.4117777 1.6126354 1.3719538 1.6789179 1.6789179 7.2042934 1.4005341 1.5255484 1.3462766 1.7517179 2.5389307 2.5107959 2.5403575 1.4243025 8.6105501 2.1373107 1.9641854 1.7263800 1.7298245 2.2309351 1.5757585 1.7773795 1.6094463 2.1070113 2.6832490 1.5915382 2.0514549 1.1687226 0.2149528 1.0207582 1.6323491 8.1976732 3.4173491 3.4526810 1.1073851 6.3923469 
Xesp_025914-T1                                         8.9999988 0.3054733 0.2079415 0.7373863 4.5154688 0.1727285 0.2306100 0.2390958 0.2294312 0.2436047 0.0000000 0.1759407 0.2229854 0.2886319 0.1614633 0.1828528 0.1626997 0.9804890 0.3174051 0.2389112 0.6411494 1.3822634 1.7272727 2.4982701 3.7434883 2.0564408 0.6813845 1.1314499 0.6310860 1.6187710 1.5739220 1.6157067 1.7854586 0.6092291 2.0848036 2.2439967 1.9327764 1.6563521 1.8361630 2.4806745 1.6574787 1.6577766 1.6068538 1.3889968 2.0673131 2.0978435 2.0862857 2.0036531 2.0970134 2.0739991 1.3785019 2.0832842 1.3297796 2.2114157 2.2192505 2.0671997 2.0243363 0.8507643 0.8223027 1.6826694 1.9132154 1.6337868 1.4887961 1.3417570 0.8581783 1.0021932 2.5174433 4.4610724 0.7068789 2.2962632 1.9554110 1.4816138 1.8213405 1.8213405 1.0154104 1.4157487 1.9209859 1.9378259 1.6489357 1.7756108 1.1104628 1.9345609 1.4635232 1.9176758 1.9176758 6.8386230 1.6873425 1.8781497 1.2764544 1.8674904 1.7444092 2.3292678 2.8532871 1.6911277 8.9999986 2.3850398 1.8893341 2.0646014 2.0627761 2.3787659 2.1632401 2.0727120 1.9268898 2.1735062 2.4829157 1.9922524 2.3532766 1.4920538 0.1389849 0.7337719 0.9097724 6.7547934 3.5371197 3.5218162 0.8960686 7.0814378 
Xesp_010421-T1                                         6.9137686 0.1260238 0.2085631 1.9443343 3.7854733 0.1375929 0.1590756 0.1278005 0.0654747 0.0674035 0.1759407 0.0000000 0.0888803 0.1191735 0.0923621 0.2433855 0.2555810 2.0687221 0.1886629 0.1216858 0.6250305 1.3585695 2.4977110 1.6832254 2.8890859 3.3631875 0.4315987 1.4714992 0.2660318 2.9431634 2.9640887 3.0576649 2.1303431 0.2852758 3.5709931 3.8370103 2.9158195 2.1146508 2.7791218 4.3954240 3.1436330 3.0896936 3.4355063 1.7845975 3.3216139 3.5283553 3.5283553 3.6405889 3.6664913 3.6385830 1.9591923 3.6371486 2.0710119 4.0385434 4.0960025 3.8069785 3.7806550 0.6614751 0.4009594 3.2200736 2.9509279 2.7882259 2.3255396 2.1013887 0.5279757 0.4435875 3.4976860 3.4373765 0.4313772 3.5075775 2.9279319 1.7883729 2.6391323 2.6391323 0.8982327 0.6562936 3.2201068 3.5191173 1.9339960 2.3378941 1.6919531 3.2254731 2.0046327 2.8804081 2.8804081 6.4044665 2.7834556 3.1204134 1.9769875 2.4932892 1.4010936 2.8202644 4.1093166 3.0380102 8.6440773 3.9571732 2.5339299 3.5773510 3.6182641 3.5098672 4.2802464 2.4153278 2.9287846 3.4911794 3.2456830 3.2636421 5.4187892 2.6705371 0.0633740 0.1027591 0.5772340 6.9349038 4.0069151 4.2760403 1.3678426 8.9999988 
Xesp_010448-T1                                         7.2720017 0.2164045 0.2153577 1.1954632 3.7254003 0.1664163 0.2420482 0.1505575 0.1312385 0.3538236 0.2229854 0.0888803 0.0000000 0.1961852 0.0976937 0.2021678 0.1870311 1.4129830 0.3177112 0.2712974 0.3757103 1.0949278 1.7981568 1.6827778 2.4585057 2.1893893 0.4461941 1.0052516 0.6456788 2.0029065 1.7340521 2.0066274 1.6122000 0.4489170 2.3259022 2.5283317 1.8141946 1.4388142 1.6990497 2.6880721 2.0861149 2.1224243 2.1325427 1.2235888 2.5976091 2.6819388 2.6682909 2.4560412 2.7095003 2.6095205 1.3223180 2.7422805 1.3264049 2.8597160 2.8639249 2.7166770 2.6800998 0.7108640 0.8240149 2.0988249 2.2505505 1.9574911 1.8233711 1.2622222 0.6341642 0.9402968 2.6545710 4.0591675 0.6073319 2.5533702 1.9333800 1.3104230 1.7031726 1.7031726 0.9897375 1.1010063 2.3092306 2.4906304 1.4420804 1.5788384 1.0144429 2.3553766 1.3749509 1.9886882 1.9886882 6.0828827 2.0960513 2.1997511 1.1559727 1.8811851 1.6364753 2.5313623 2.8699879 2.1447209 8.9999981 2.7439408 2.0231890 2.5635991 2.6737939 2.4718325 2.6952603 2.3407995 2.2747082 2.5149611 2.4960802 2.3756195 2.8417365 1.9320702 0.0830874 0.4509377 0.6878355 6.6398428 3.3665152 3.4007128 0.8288983 7.2894100 
Xesp_010435-T1                                         8.3950283 0.2762587 0.3943326 1.4525150 3.8642842 0.1451236 0.2087875 0.1315589 0.0703238 0.3843122 0.2886319 0.1191735 0.1961852 0.0000000 0.1183843 0.2300258 0.3044207 1.5756286 0.3251066 0.3546912 0.4814299 1.0795369 2.0517662 1.7025177 3.0402362 2.6331126 0.5720029 1.1124646 0.6559592 2.2721941 2.1938650 2.3035308 1.7719789 0.4660382 2.7494727 2.8689538 2.1863377 1.6105455 1.9478355 3.0888123 2.3936132 2.3706815 2.4419423 1.4216172 2.9216482 2.9215610 2.9211882 2.7659383 2.9554402 2.9539681 1.5307118 3.0959395 1.6167877 3.3904039 3.4180020 3.0942600 3.1383903 0.8059466 0.7371856 2.3291277 2.4178030 2.1859005 1.8794025 1.5197760 0.7470061 0.8431062 2.9307971 4.2670665 0.6611009 2.9616752 2.3995657 1.5166957 2.0172293 2.0172293 1.2895175 1.2221792 2.7221955 2.9105564 1.5851064 1.7278588 1.2331334 2.6031143 1.4782573 2.3425037 2.3425037 6.4044665 2.4030088 2.6621569 1.5987565 2.1064479 1.3768727 2.5098041 3.1687195 2.3980184 8.9999987 3.2255150 2.1920380 2.7162837 2.7049067 2.8223214 3.0116832 2.2559845 2.5460802 2.6891194 2.4939285 2.2079154 3.5260967 2.1307107 0.0556055 0.3033770 0.4991663 7.6541090 3.3745754 3.3569969 0.8441795 7.3334571 
Xesp_010422-T1                                         8.9999984 0.3568656 0.5365577 2.4090198 4.3063963 0.1195939 0.3448255 0.1526312 0.1902711 0.2060180 0.1614633 0.0923621 0.0976937 0.1183843 0.0000000 0.1987164 0.3180264 2.3945339 0.4074572 0.4712887 1.4961432 1.7882206 3.4930829 2.5631196 3.9170991 4.2039797 0.4315987 2.1189658 0.2660318 4.3604050 3.9467770 3.9663913 2.7560807 0.3957295 4.9825641 4.9434944 4.0507872 2.9258483 3.4534610 5.1960666 4.0685238 3.8997356 4.3815110 2.1831855 4.4360420 4.3904407 4.3904407 4.1036820 4.5330734 4.3712684 2.6125726 5.2933358 2.6283359 5.4825887 5.4159695 4.7211175 4.8216921 0.9941083 0.4312826 3.2291974 3.1750519 3.5454668 3.0681317 2.4876124 0.5374870 0.4557086 4.9389451 4.7681787 0.6220014 4.8046596 3.3141486 2.3527073 3.5042600 3.5042600 0.8982327 0.8004231 4.4831750 4.6834288 2.8078003 3.0205282 2.2488477 4.0245012 2.9167476 3.4282628 3.4282628 6.3379659 3.7455196 4.4559133 2.7026547 3.3329445 2.5858858 3.5884988 5.5492874 4.1806455 8.9999985 5.1139965 3.2826155 4.3536176 4.4475563 3.9785779 6.0200824 3.4438283 3.6563907 4.4720916 5.0480785 4.0524913 7.3843288 3.5429687 0.1202936 0.1969336 0.4484496 6.6374031 4.2629517 4.6660129 1.8482629 8.0473024 
Xesp_010470-T1                                         7.3422041 0.3454456 0.1496693 0.9097625 3.4687689 0.1306244 0.1619977 0.2289662 0.1560476 0.2659652 0.1828528 0.2433855 0.2021678 0.2300258 0.1987164 0.0000000 0.1292543 1.2276842 0.1589396 0.1446498 0.7562316 1.4462018 1.9137978 1.9365540 2.7214741 2.3921438 0.6239287 1.1461591 0.6983724 1.9894186 1.7703250 2.0366832 1.9607153 0.8684049 2.8305154 2.8189960 2.0597335 1.7328807 1.9965434 3.1767302 2.0548284 2.0385839 2.1719271 1.3101909 2.4972086 2.5282767 2.5166265 2.3188649 2.5293118 2.5565678 1.4307336 2.7218431 1.4219823 2.8783782 2.9006795 2.6884649 2.7577259 0.9007354 0.8382863 2.1762559 2.3725929 2.0051490 2.2366303 1.4133910 0.9259957 1.1140696 3.0264099 5.5173550 0.7691446 2.9427522 2.1567882 1.6213469 2.0054975 2.0054975 0.8747610 1.4992780 2.5137543 2.5771690 1.8810489 1.9248263 1.1217136 2.4535912 1.5589190 2.1112989 2.1112989 6.1817076 2.2114029 2.3379225 1.3614128 2.2165122 1.6264604 3.0542523 3.2815827 2.1095469 8.9999983 2.9571592 2.1518687 2.4909021 2.6107397 2.8689871 2.6246858 2.4710733 2.4749840 2.7924957 3.0711988 3.1180275 2.5762001 1.9883624 0.1788099 0.5951571 0.8023603 7.1711583 3.7410473 3.8494926 1.3329811 6.6273623 
Xesp_010449-T1                                         5.7376406 0.3086147 0.0942199 0.4322747 2.9370360 0.0879323 0.1412345 0.1823657 0.2852732 0.3001718 0.1626997 0.2555810 0.1870311 0.3044207 0.3180264 0.1292543 0.0000000 0.7954410 0.2564804 0.2023353 0.4777264 1.2394781 1.4679247 1.5011667 2.5968943 1.3486489 0.3367323 0.9653640 0.4944128 1.2370365 1.0612001 1.2275242 1.5462525 0.4062505 1.7896064 1.8453260 1.4841612 1.3837068 1.4755828 1.8074037 1.2277765 1.2569874 1.3092175 1.1140691 1.6639471 1.6788945 1.6689178 1.6582077 1.7390708 1.7318734 1.1188809 1.6365674 1.0670742 1.6193598 1.6341775 1.6112572 1.5496310 0.7046279 0.7033532 1.4404113 1.6065686 1.4271786 1.3048882 1.1034815 0.8278132 0.9494299 2.0888944 3.0748606 0.5539541 1.9251725 1.5217093 1.4168784 1.6501911 1.6501911 1.0422224 1.2983348 1.3768678 1.5581831 1.5603724 1.6550517 0.8233120 1.3954121 1.2990955 1.4182121 1.4182121 6.0575805 1.3837461 1.5181574 0.8681806 1.5756222 1.7467421 2.0778861 2.3677745 1.3070156 8.4301393 1.9080289 1.6152529 1.5356660 1.6660460 2.2241145 1.5376653 1.5554188 1.6203566 1.8943136 2.3149704 1.4821224 1.7539391 1.1972423 0.5010020 1.0514772 2.6728838 6.7391298 2.9969682 2.9397940 0.3031425 5.1658945 
Dgig_XM_028555377.1                                    3.0228163 0.5637234 0.4119278 0.6500661 0.8230184 1.0421501 0.7910759 0.3221697 1.0297342 0.8587113 0.9804890 2.0687221 1.4129830 1.5756286 2.3945339 1.2276842 0.7954410 0.0000000 1.0393849 0.6461547 0.7754331 1.0281196 1.6350006 0.7480290 1.6498185 1.9980964 0.6743630 0.7526871 0.5498258 1.0572308 1.0342403 1.0867292 1.2594805 0.3896540 2.0423343 2.0992687 1.6351687 1.3349230 1.6019080 2.2052932 1.0871828 1.1812571 1.2125141 1.0167300 1.7707204 1.7929939 1.7870585 1.6856653 1.8452818 1.8253866 0.9401774 1.7210368 0.9141868 1.7029605 1.7086795 1.6639134 1.6491259 0.7172135 0.6559251 1.8093140 1.9615302 1.5149936 1.6362586 1.0283612 0.7808602 0.8912605 2.2849580 2.6058934 0.5854427 2.3489707 1.9482703 1.2111785 1.5395305 1.5395305 0.8596737 1.2827669 1.4975871 1.4937096 1.2479926 1.3489183 1.1101647 1.8481309 1.1062084 1.5190534 1.5190534 0.9579282 1.6423998 1.5098856 1.1515813 1.8883690 1.2489900 2.2642997 2.6387950 1.8435787 1.9816934 2.0624880 1.5290379 1.5974155 1.6182241 2.2164681 1.7085789 2.0161054 1.6779536 1.9856780 2.0838524 1.8256774 1.8195359 1.2800226 2.4359188 2.3815765 4.5170207 2.0510060 2.9227329 2.8445153 2.2137476 2.0917716 
Xesp_010426-T1                                         6.8826224 0.4285924 0.1255582 0.7005320 3.8614054 0.1320479 0.0616204 0.2759508 0.1988874 0.3286123 0.3174051 0.1886629 0.3177112 0.3251066 0.4074572 0.1589396 0.2564804 1.0393849 0.0000000 0.3034442 0.7198582 1.7532920 2.1066536 2.9540376 3.4592346 2.1907867 1.2519145 1.2876051 0.7290731 1.6247635 1.5558644 1.5796260 2.1066271 0.8338653 2.6952870 2.5043531 2.3426608 2.0710561 2.2251289 2.5478082 1.7117372 1.6496820 1.6692363 1.6393410 2.1356365 2.2866023 2.2753066 2.1782873 2.3443068 2.3144037 1.6292094 2.3527824 1.6339754 2.4856755 2.5050901 2.3855722 2.4209532 1.2171862 0.8703564 1.9990971 2.2461001 1.8664851 1.8025057 1.6456575 0.9782198 1.0886484 2.5525256 4.2897270 0.8758354 2.3244032 2.3057561 1.7559867 2.0975601 2.0975601 1.0818223 1.5860033 1.9407719 2.0348845 2.0096237 2.1939648 1.2763360 2.0347800 1.6909166 1.9307431 1.9307431 5.9881487 1.8333155 1.8556945 1.4081124 2.2882703 1.8188757 3.2268456 3.2153973 1.7381290 8.8046359 2.6245285 2.1773853 2.1537385 2.2202217 2.9034052 2.0265382 2.2295070 2.1555381 2.4369878 3.0547596 2.6050124 2.2726493 1.6346222 0.5533445 0.8052616 1.0119561 6.0663787 4.3147935 4.1425665 1.6096698 5.5541003 
Xesp_025908-T1                                         3.0612473 0.5483902 0.1680419 0.2165796 1.2626707 0.1313733 0.1579853 0.4805964 0.3058684 0.3562531 0.2389112 0.1216858 0.2712974 0.3546912 0.4712887 0.1446498 0.2023353 0.6461547 0.3034442 0.0000000 0.7241689 1.8857908 1.8244888 1.3394294 2.9784752 1.8359843 1.2428224 1.3287725 1.2344658 0.9998968 1.1141726 1.0595358 2.0648392 0.8147923 2.1562501 1.9271808 1.8195821 1.8407882 1.8401724 1.9455088 1.0374341 1.1259800 1.1440020 1.5053240 1.4248917 1.4550951 1.4550951 1.4458366 1.4839903 1.5374917 1.4679002 1.3511896 1.3951264 1.3560170 1.3613038 1.3336528 1.2869979 0.8298316 1.0496859 1.5141799 1.6615446 1.4596174 1.1891070 1.4410597 1.2220109 1.1315750 1.9974177 1.5266732 0.8013635 1.8050073 1.6967930 1.6166110 1.5695490 1.5695490 1.3963084 1.8813329 1.3067472 1.2723513 1.8018686 1.7867497 1.3849197 1.8270915 1.5418271 1.3941047 1.3941047 5.1928651 1.3032425 1.3296707 1.0813082 1.9438251 1.4454383 2.6547725 2.7537852 1.8519693 4.2285552 1.9214314 1.6816855 1.4719875 1.4251503 2.6027288 1.6982188 2.2490377 1.6621501 2.0251916 2.7053613 1.8424772 1.6863122 0.9712847 0.8838465 1.1837539 5.3270797 2.1182119 3.0964925 3.1788242 1.4067294 2.2207662 
Xesp_010911-T1                                         2.1268168 0.2717353 0.4369088 0.5668564 2.3715277 0.5153993 0.4215196 0.1936640 0.4416655 0.7749526 0.6411494 0.6250305 0.3757103 0.4814299 1.4961432 0.7562316 0.4777264 0.7754331 0.7198582 0.7241689 0.0000000 0.9444954 1.0910445 0.9604101 2.2775339 1.0842103 0.6104372 0.8600417 0.4870804 0.9508527 0.8931587 0.9311984 1.6088191 0.6213564 1.4608189 1.4332558 1.5014579 1.5366283 1.5349196 1.5932943 0.9255495 0.9521518 0.9710871 1.2494319 1.2701505 1.3665905 1.3530400 1.2447663 1.3117921 1.2728238 1.2885394 1.2835584 1.2765948 1.2724706 1.2897407 1.2971052 1.2600320 0.9281995 0.8717592 1.1820444 1.3057039 1.0438233 0.8286734 1.1463642 0.8166568 0.9788121 1.5147824 1.6625116 0.6872435 1.3970754 1.5348267 1.5150063 1.6482962 1.6482962 1.1071176 1.5216749 1.0533770 1.0902507 1.3895361 1.4988711 0.9299818 1.0233983 0.9878100 1.0881379 1.0881379 2.5109002 1.0944041 1.0785240 0.9529048 1.3155335 1.5499143 1.8100014 1.9307471 1.0234919 4.4837543 1.5746408 1.3375452 1.1849090 1.2020214 1.9557188 1.0892496 1.1453576 1.0916490 1.3617133 1.8143557 0.8048055 1.3030395 0.8345307 0.6855882 1.3596013 5.6561871 3.2040431 2.5215300 2.3137508 0.3639924 3.2882880 
Aque_Aqu2.1.21891_001                                  0.7896330 1.0782335 1.1222161 1.0936884 1.1378740 1.1862641 1.2905519 0.6874365 1.2289428 1.5343668 1.3822634 1.3585695 1.0949278 1.0795369 1.7882206 1.4462018 1.2394781 1.0281196 1.7532920 1.8857908 0.9444954 0.0000000 0.4427046 0.4761294 1.2364786 1.0926059 0.4924792 0.4896474 0.5174773 0.9723325 0.9732388 1.0070425 1.3746177 0.4204076 1.3604941 1.3332855 1.3154706 1.3129855 1.4100670 1.4833881 0.9670563 1.0012829 0.9665497 1.2985779 1.2985779 1.2775027 1.2671942 1.2514658 1.2522349 1.2352602 1.1612756 1.1543679 1.1624138 1.1336527 1.1312167 1.1405950 1.0616444 0.5875386 0.8474501 1.1329592 1.2378681 0.9914883 0.5867787 1.1141732 0.9311135 0.9616411 1.4054514 1.1809323 0.6258355 1.3658206 1.4529627 1.3002472 1.2640547 1.2640547 0.8832906 1.5735308 0.9246358 0.9544956 1.1234532 1.4369878 1.1548148 1.0294889 0.9854917 0.9612027 0.9612027 1.1283497 1.0289287 1.1087525 0.8349733 1.3749673 1.2842553 1.8333350 1.8042334 1.0234843 1.4539534 1.4509323 1.1817655 1.1369340 1.1546224 1.6403924 1.0411291 1.0742452 1.1444032 1.2846454 1.6996813 0.7506682 1.3076386 0.9465275 2.1368772 2.1883701 5.4264701 1.3730110 2.3175752 2.2057648 1.4119899 1.2250621 
Halamb_c51950_g1_i1m.31794                             1.7052127 1.2314274 1.1670196 1.7276389 2.0756941 1.6588586 1.5989533 0.7112638 1.5661579 1.6173563 1.7272727 2.4977110 1.7981568 2.0517662 3.4930829 1.9137978 1.4679247 1.6350006 2.1066536 1.8244888 1.0910445 0.4427046 0.0000000 0.4619625 1.1921202 1.6906733 0.5237530 0.4032878 0.4832553 1.3896054 1.2831780 1.4203253 1.4469148 0.3930283 2.0254277 2.0061829 1.6674911 1.3246043 1.7992361 2.1522321 1.3944424 1.3532158 1.3656157 1.1818422 1.7131345 1.7478293 1.7423375 1.7332599 1.7592952 1.7200506 1.0326363 1.6170184 0.9764626 1.5995765 1.6082274 1.5929632 1.5428733 0.6275747 0.7973145 1.7071277 1.7355827 1.4563752 1.4584196 1.0355075 0.9136531 0.9082231 2.0832245 2.4308738 0.6346375 2.0170323 1.7646629 1.2407786 1.4325269 1.4325269 0.7292468 1.4302524 1.3742579 1.4668515 1.2171180 1.5633903 1.1269364 1.5134337 0.9455901 1.4082074 1.4082074 1.0864950 1.7216318 1.7010832 1.2005845 1.8833309 1.3088688 2.3106440 2.3460398 1.4672397 1.6822714 2.0232284 1.7133530 1.5151623 1.7418531 2.1316499 1.5683383 1.8084809 1.7780876 2.0098193 1.9848302 1.6594261 2.0207720 1.5201189 3.1666397 3.1217197 5.9494948 2.4520588 2.9225079 2.7779174 2.1103298 2.0843876 
Spolac_c91980_g3_i1_m.7409c91980-g1                    0.3632411 1.0989900 0.8509210 0.7602451 0.7848928 1.6564469 1.6756547 0.6486770 1.7640298 2.2260013 2.4982701 1.6832254 1.6827778 1.7025177 2.5631196 1.9365540 1.5011667 0.7480290 2.9540376 1.3394294 0.9604101 0.4761294 0.4619625 0.0000000 0.0684782 0.8580461 0.0000010 0.4511105 0.0000010 0.6674643 0.7115589 0.7078183 1.2486626 0.4445610 1.2649806 1.2443906 1.2540471 1.2174324 1.2510097 1.2693650 0.7161970 0.6850615 0.6826445 0.7320596 0.7320596 0.7073508 0.7073508 0.6941177 0.7248166 0.7044189 0.7395299 0.7395299 0.7390975 0.7654982 0.7720879 0.7817167 0.7591698 0.7903004 0.8762871 0.7547067 0.8165673 0.6562318 0.6701222 0.8557298 0.5595630 0.8482454 0.8592028 0.8420225 0.8572311 0.8779365 0.8955858 0.9000194 0.8921339 0.8921339 0.0000010 0.0000010 0.6341626 0.6081505 0.6594812 1.0495568 1.0016090 0.6818631 0.6597739 0.6252135 0.6252135 0.5655991 0.8660763 0.8425088 0.8287675 1.2728030 1.3402318 1.3413454 1.2380111 0.7187879 0.8094708 1.1841703 0.8397657 0.7223361 0.7360215 1.4675027 0.8254467 0.8027125 0.8839995 1.0544595 1.4481262 0.7030329 0.7647774 0.6510574 2.7023020 1.5299954 7.2884596 0.7680534 1.6519557 1.4625769 2.5994837 0.5338066 
Emue_Em0005g1459a.t1                                   0.8172787 2.1874115 2.3732702 1.6909675 1.2740381 2.7107713 2.9786799 1.4649304 3.0584807 3.3776233 3.7434883 2.8890859 2.4585057 3.0402362 3.9170991 2.7214741 2.5968943 1.6498185 3.4592346 2.9784752 2.2775339 1.2364786 1.1921202 0.0684782 0.0000000 1.8455487 2.5139317 0.9689277 1.1821986 1.3055144 1.2896488 1.3617717 1.9356007 0.6122275 2.0242618 1.8756131 2.1855990 1.9675224 2.1436622 2.3109902 1.3638514 1.3032983 1.2800789 1.6217570 1.6903484 1.7091933 1.7091933 1.6774253 1.6643397 1.6626404 1.4931744 1.5877038 1.4413783 1.5653253 1.5816404 1.5634350 1.4954495 1.0305210 2.2248412 1.6121745 1.7815105 1.4342627 1.0648221 1.5598565 1.8171328 1.8540201 2.0842669 1.5522956 1.3010964 2.0888957 2.0839283 1.9331860 1.8830140 1.8830140 2.6356123 4.6825324 1.3537468 1.3077323 1.5467490 1.9529612 1.9111897 1.5505055 1.0652623 1.3731893 1.3731893 1.1394708 1.7272099 1.7165726 1.3991375 2.0050138 1.2587032 2.3704615 2.6770893 1.4746436 1.3009043 1.8224195 1.4437741 1.5409611 1.5726609 2.4045951 1.5791156 1.7333115 1.9173796 1.7503847 2.3248866 1.2206856 1.7246147 1.5491799 3.4889605 2.5960809 6.4502560 1.4710063 2.9351960 2.7536830 3.3307423 1.1743209 
Cscu_XM_023357049.1                                    3.3052200 0.9764422 0.9895324 2.1854155 2.4927544 2.0180628 1.6866346 0.7096472 1.6321659 1.6408623 2.0564408 3.3631875 2.1893893 2.6331126 4.2039797 2.3921438 1.3486489 1.9980964 2.1907867 1.8359843 1.0842103 1.0926059 1.6906733 0.8580461 1.8455487 0.0000000 0.0151650 0.8683152 0.5721889 1.8135581 1.4593534 1.9744926 1.4114203 0.4015286 2.1546045 2.7978313 1.5945618 1.2852108 1.7619590 2.9135156 1.9312985 1.5969530 1.7007966 1.0908146 2.4903654 2.4241820 2.4190511 2.4100072 2.4441914 2.4785984 1.0195934 2.3528015 1.0027134 2.2707042 2.2851429 2.2363702 2.2384693 0.7096448 0.9238696 2.5241824 2.6391552 2.0602597 2.4024515 1.0231331 0.9409216 0.9366258 3.0453864 3.4452462 0.6058972 2.5871147 2.0939448 1.2720002 1.4898580 1.4898580 0.8826307 1.4061632 2.0886229 2.0769779 1.1324196 1.5844482 1.1639105 2.3098385 1.2479706 1.9304296 1.9304296 1.0102241 2.4812092 2.2690572 1.3143136 1.9347506 1.3884179 2.3733687 3.0435103 2.2535446 1.7983374 2.5908375 2.0600421 1.6346255 2.2376360 2.4899036 2.2291451 2.3316119 2.4339345 2.8000256 2.1026535 2.1692542 2.4656598 1.9508240 4.0538820 3.8618937 6.9458081 3.4631419 4.1879572 4.0253852 2.7223817 2.6402225 
Cscu_XM_023357050.1                                    0.0000010 0.5523465 0.3718792 0.5173896 0.0000010 0.5599875 0.5120909 0.5521317 0.4749474 1.3050814 0.6813845 0.4315987 0.4461941 0.5720029 0.4315987 0.6239287 0.3367323 0.6743630 1.2519145 1.2428224 0.6104372 0.4924792 0.5237530 0.0000010 2.5139317 0.0151650 0.0000000 0.5960226 0.4727129 0.5515218 0.4933106 0.5367569 0.6750580 0.5494594 0.4627449 0.4769776 0.6585748 0.7251834 0.8632814 0.5134272 0.5111503 0.5706245 0.5340746 0.4777305 0.4777305 0.5744901 0.5744901 0.5521680 0.4840335 0.4729861 0.5953465 0.5953465 0.6621597 0.5897482 0.5897482 0.5984689 0.5972143 0.6730235 0.7106835 0.6041182 0.6549226 0.4866632 0.4866632 0.5310459 0.5823165 0.7314748 0.7412214 0.3285177 0.6850304 0.7630246 0.7354650 0.6802457 0.6810629 0.6810629 0.8285101 0.7107810 0.3967490 0.5931053 0.5619512 0.5534836 0.5026704 0.5426738 0.5665832 0.6537161 0.6537161 0.0000010 0.6448584 0.5772527 0.6959245 0.5015604 0.0000010 1.0180605 0.6443261 0.5339631 0.0000010 0.6372051 0.7201551 0.6427349 0.6427349 1.0242200 0.5273265 0.6382084 0.5538152 0.8356360 0.8416614 0.4223752 0.7550932 0.5640843 1.3534305 3.6811194 3.2866163 0.0000010 1.2011509 1.3338791 0.6229393 1.8883745 
Xestes_maker-XT_scaffold32578-augustus-gene-0.3-mRNA-1 0.6088514 1.0430817 0.7270550 0.8148350 1.0352474 0.9498300 0.9308678 0.6193340 1.2349589 1.3056938 1.1314499 1.4714992 1.0052516 1.1124646 2.1189658 1.1461591 0.9653640 0.7526871 1.2876051 1.3287725 0.8600417 0.4896474 0.4032878 0.4511105 0.9689277 0.8683152 0.5960226 0.0000000 0.3187086 0.6920408 0.7099724 0.7288209 1.1972138 0.3952237 1.1889425 1.1463993 1.2084793 1.1735893 1.2448714 1.2187379 0.7196862 0.7364844 0.7034457 0.9374305 0.9374305 0.9264093 0.9186396 0.9177878 0.9338427 0.9290800 0.9029845 0.9029845 0.8935405 0.8881953 0.8964665 0.9030489 0.8697099 0.6649857 0.7456193 0.8862955 0.9992143 0.7823962 0.5595274 0.9525538 0.7349597 0.8832379 1.1611268 1.1387223 0.5548869 1.0925027 1.1928603 1.1908922 1.1705940 1.1705940 0.7088306 1.1692300 0.7262284 0.7115233 1.0077608 1.1789955 0.9157578 0.7636989 0.5944748 0.6913762 0.6913762 0.9742744 0.8639018 0.9453116 0.7395517 1.1213788 1.4279475 1.5169321 1.5122617 0.7472391 1.3416699 1.3016740 0.9326748 0.8412451 0.8453737 1.4298272 0.7737174 0.9828610 0.8854857 1.0882708 1.4870443 0.6294950 1.0474083 0.6508439 2.2474148 2.2517920 5.1567060 1.1811880 2.1870822 2.0883014 1.2577333 1.1121911 
Spolac_c91980_g2_i1_m.7408c91980-g1                    0.0000010 0.6383502 0.5887368 0.5450306 0.0000010 0.6040260 0.5455668 0.5550264 0.6805688 0.9577165 0.6310860 0.2660318 0.6456788 0.6559592 0.2660318 0.6983724 0.4944128 0.5498258 0.7290731 1.2344658 0.4870804 0.5174773 0.4832553 0.0000010 1.1821986 0.5721889 0.4727129 0.3187086 0.0000000 0.3839112 0.4072760 0.4182099 0.8881985 0.5520525 0.7508594 0.8319510 0.8311984 0.8391137 0.9313156 0.8382818 0.4147846 0.4323570 0.4010819 0.6023627 0.6023627 0.6797736 0.6704663 0.6716944 0.6439911 0.6522302 0.5139512 0.5139512 0.5635466 0.5253490 0.5253490 0.5333778 0.5180206 0.7142977 0.6099625 0.6458247 0.7264749 0.5587295 0.5650054 0.5931405 0.5963221 0.8177908 0.7987359 0.5043831 0.5676265 0.7275559 0.8259269 0.7522458 0.7427747 0.7427747 0.8972174 0.8445271 0.4955347 0.5603668 0.7465146 0.8114937 0.4820583 0.5947963 0.3309475 0.4964306 0.4964306 0.0000010 0.6755907 0.6618718 0.6715658 0.7188322 0.0000010 1.0542943 1.0312582 0.4486311 3.2829800 0.7785984 0.7221954 0.7381727 0.7381727 0.8677028 0.5740252 0.9119326 0.6088782 0.8863547 0.9367103 0.3693737 0.7504673 0.3922801 0.7283358 2.9277634 2.9313959 0.0000010 1.7342043 1.8334942 0.4104741 2.3991634 
Adig_XM_015900593.1                                    2.4445349 0.8328065 0.7684664 1.2810870 1.8187876 1.6763274 1.3419315 0.5224967 1.3024090 1.3097425 1.6187710 2.9431634 2.0029065 2.2721941 4.3604050 1.9894186 1.2370365 1.0572308 1.6247635 0.9998968 0.9508527 0.9723325 1.3896054 0.6674643 1.3055144 1.8135581 0.5515218 0.6920408 0.3839112 0.0000000 0.3739737 0.4086013 1.2739542 0.4769977 1.8007786 1.8608931 1.5179715 1.2993489 1.5717586 1.9780614 0.4454691 0.4653800 0.3360190 0.8942303 1.5737944 1.5930246 1.5903122 1.5538545 1.5785661 1.5934182 0.8873399 1.5643191 0.8608219 1.5504509 1.5554421 1.5165470 1.5201321 0.6988227 0.6415081 1.6767331 1.8426573 1.2769184 1.3953231 0.8903874 0.6647701 0.8677694 2.0905858 2.3762570 0.5086165 2.1425037 1.7887871 1.1676442 1.3941750 1.3941750 0.8149506 1.3247566 1.2116495 1.3091877 1.0910571 1.3171841 0.9307668 1.7790703 0.9366007 1.4039632 1.4039632 0.9750983 1.4842233 1.3628532 0.9869289 1.7538496 1.2900452 2.1084357 2.7628278 1.4374898 1.8203014 1.9530299 1.4691795 1.4970102 1.4844115 2.0669631 1.5180425 1.7770738 1.6747529 1.8943803 1.9524713 1.3260613 1.7021675 0.1769649 3.3055720 3.2808924 4.6405668 1.8415031 2.7368316 2.7378235 2.2627857 1.5765412 
Fspp_ffun1.m4.11086.m1                                 1.9936186 0.7941500 0.7626923 1.2752248 1.7675010 1.5798829 1.2423714 0.5282239 1.2621555 1.2645561 1.5739220 2.9640887 1.7340521 2.1938650 3.9467770 1.7703250 1.0612001 1.0342403 1.5558644 1.1141726 0.8931587 0.9732388 1.2831780 0.7115589 1.2896488 1.4593534 0.4933106 0.7099724 0.4072760 0.3739737 0.0000000 0.2114301 1.2843248 0.4769977 1.8729692 1.9424270 1.5612962 1.2990799 1.5874738 1.9057332 0.2889908 0.2908397 0.3064057 0.9342728 1.5471997 1.5799600 1.5759406 1.4966629 1.5591195 1.5798792 0.8900266 1.5453508 0.8726247 1.5731231 1.5903714 1.4823093 1.4521826 0.6659854 0.6410250 1.6697543 1.8631334 1.0743042 1.1486126 0.9068486 0.6605473 0.8288341 2.1092888 2.4715600 0.4890524 1.9932355 1.8460775 1.1726836 1.4163656 1.4163656 0.7972266 1.2867899 1.1182841 1.3570903 1.1544504 1.3489558 0.8694529 1.3625258 0.9333902 1.2484769 1.2484769 1.0301713 1.3051572 1.2607254 0.9265259 1.7002382 1.2909433 1.9756347 2.3655094 0.8994738 1.6522285 1.9069713 1.3378236 1.4601964 1.4793341 1.9003018 1.2883261 1.3609228 1.5240876 1.9019358 1.8714005 0.9130266 1.7699083 0.4717100 3.3768470 3.3077758 5.0368808 1.9057491 2.8147542 2.7342172 1.6260699 1.6114456 
Gasp_gasp1.m3.10971.m1                                 2.5965552 0.8168432 0.8337802 1.3559788 1.8948364 1.7169088 1.4066918 0.5445686 1.3483763 1.2585502 1.6157067 3.0576649 2.0066274 2.3035308 3.9663913 2.0366832 1.2275242 1.0867292 1.5796260 1.0595358 0.9311984 1.0070425 1.4203253 0.7078183 1.3617717 1.9744926 0.5367569 0.7288209 0.4182099 0.4086013 0.2114301 0.0000000 1.3137976 0.5001627 1.8436301 1.9110468 1.5350475 1.2891216 1.5835744 1.9758357 0.3314094 0.3448298 0.3808548 0.9956343 1.6187055 1.6204211 1.6176043 1.5711556 1.6260448 1.6271452 0.9236989 1.5753336 0.8985489 1.5821485 1.5891007 1.5237256 1.5039869 0.6877574 0.6412543 1.7414746 1.9851918 1.2685118 1.3539658 0.9430125 0.7104303 0.8132902 2.1400384 2.4061147 0.5174558 2.1584404 1.8141632 1.1990913 1.3942060 1.3942060 0.7976827 1.3418517 1.2541955 1.3830804 1.1420217 1.3414853 1.0033941 1.8587425 0.9867877 1.3864016 1.3864016 1.0335333 1.5095677 1.4474720 1.0163778 1.7711378 1.3035446 2.1252883 2.7687348 1.5134525 1.9248026 1.9356974 1.4839944 1.5515895 1.5466137 2.0767480 1.5379942 1.8728445 1.6421399 1.9778763 1.9484626 1.4317372 1.7677973 0.5364306 3.2484480 3.1722108 4.9551781 1.8984657 2.8874268 2.8658301 2.2107086 1.6168657 
