99
Tetwil_g1439.t2                                        0.0000000 0.1633471 0.2653946 0.0909311 0.5802435 2.5711184 2.1329864 2.3990144 2.4015106 2.1259602 2.4995223 3.6383510 2.9220636 2.4098218 2.5599723 2.3305871 2.4293691 1.8149071 1.9823985 2.2163701 2.0875181 3.8544932 3.0952727 2.4572110 2.7645913 2.6642569 2.7340780 2.5233788 4.1235664 2.0583477 2.0357824 2.1982070 2.2477403 2.2220026 2.1208493 2.0570877 2.5394039 2.1234516 2.5021913 2.4194852 2.8581606 2.4728992 2.8492624 2.7523601 3.1347189 3.1482967 3.0582963 2.2657654 3.1640472 3.2974100 2.2965401 3.0144719 2.4322343 2.4363266 2.4414594 2.4342477 2.1169235 2.5616132 2.3058272 2.4514441 2.4421191 2.3359343 2.3787085 2.4900505 2.5956623 2.5036630 2.3827065 2.7606229 2.7267809 2.8444238 2.7994625 3.6660897 2.6683090 2.7466394 3.0099668 2.7375361 2.4975308 2.7753654 2.9037355 2.0652543 3.4444035 1.5754515 2.1165837 2.9495631 2.7134082 2.1839684 2.1985499 2.5308898 3.6791118 4.9193479 3.0763393 2.6604101 2.7777136 3.0099490 3.0529493 2.6966876 2.7932440 3.1725845 3.6463295 
Tetwil_g7790.t1                                        0.1633471 0.0000000 0.1281572 0.1493305 0.6510074 2.6368109 2.6150045 2.7785156 2.5700093 2.3890444 2.6004545 0.0000010 0.0000010 1.9932772 2.0758584 2.0602744 2.2118015 2.1081175 2.5904216 2.5234866 2.3774550 3.8924550 3.0542521 2.8709231 3.1328535 3.0997554 2.7483192 2.8880198 3.5433068 4.7880915 2.7127216 2.8834133 2.4581998 3.0910553 2.6293410 2.8066803 2.6926797 2.5735966 2.8010421 3.1128661 3.1769450 3.1482881 2.8226335 0.0000010 2.7694854 2.7403247 2.6214526 2.6214526 2.7874793 2.7322506 2.7307802 3.1504038 3.2301945 3.0874490 2.9811093 3.0533210 3.1552240 3.0743019 2.7674738 2.9771776 2.9561943 4.8108939 2.6181678 2.7013411 3.2699415 3.1866006 3.2273635 3.0080406 3.1264639 0.0000010 2.9848886 3.0255066 2.9676127 3.1266711 0.0000010 2.4992324 3.3811635 3.2851301 3.1506874 2.1700048 2.3332609 2.3044932 1.8252185 0.0000010 2.4743376 2.2795780 2.1203372 0.0000010 3.0515635 3.4758494 3.8702036 3.1191016 2.9712309 2.9863224 3.0916455 2.4398277 4.0446535 3.1361653 4.9226977 
Tetwil_g10100.t1                                       0.2653946 0.1281572 0.0000000 0.0985384 0.7387531 2.4918231 2.7351000 2.6168698 2.5690025 1.5805266 2.4418938 1.6274446 3.3740822 1.8837571 2.1779949 2.1724961 2.2701008 2.1555201 2.6858410 2.6852646 2.3695485 3.8008404 3.1065423 2.6520207 2.8845102 2.8112532 2.6106912 2.6674462 3.0076870 3.0812100 2.3111383 2.5609372 2.3808903 2.6287088 2.2905565 2.3925937 2.8170028 2.6874744 2.9239916 3.2493874 2.5927325 2.5743279 2.9908389 2.7126984 2.7333907 2.7028089 2.5970619 2.4365738 2.6842798 2.6703192 2.6917434 2.8385886 2.8154245 2.6973239 2.5863201 2.5657238 2.7504553 2.6741571 2.5608513 2.3248481 2.2761938 4.7053504 2.3759116 2.3708858 2.8637183 3.8643049 3.4752427 2.9687296 3.2163380 2.3375745 2.9449007 1.6623793 2.8273918 2.8273918 0.0000010 2.8524702 3.1392397 3.2226674 3.0101705 2.0597274 2.3325991 2.1170656 2.1682667 3.2898957 2.4243567 2.3328869 2.2418137 1.6580970 3.0605917 4.0790219 3.3210634 2.7861671 2.2914235 2.4566199 2.4672906 2.4678874 2.7636390 2.7946858 3.8424730 
Tetwil_g15856.t1                                       0.0909311 0.1493305 0.0985384 0.0000000 0.4514175 2.1979374 2.1535058 1.9093032 1.8601751 1.3236006 2.1775094 0.0000010 0.0000010 1.4984617 1.4984617 1.5765994 1.8484342 1.4955649 2.1996662 2.3399148 1.7810284 3.7157255 2.8386060 2.2040548 2.5754602 2.5991280 2.2251664 2.5083586 1.5381871 5.4536041 2.0361628 2.1120260 1.7074258 2.2443056 1.9510715 1.9417459 2.5184368 2.2329261 1.9063855 2.2281643 2.1829558 2.2886844 2.3628975 0.0000010 2.8329626 2.7195763 2.4491780 2.4491780 2.3248995 2.1364630 2.1912049 2.4527149 2.1571515 2.1132586 2.1892198 2.1781232 2.2925646 2.2740996 2.0787961 1.9257799 1.8906098 1.7607472 2.5272487 2.2203715 2.2753836 2.8262279 3.1884721 2.8726883 3.1549573 0.0000010 2.8787672 1.5196825 2.6985514 2.6985514 0.0000010 2.5502938 3.2515202 3.0637058 2.8010581 1.8011590 1.9304654 1.6419591 1.3471844 0.0000010 1.6526556 1.6037128 1.5646241 0.0000010 2.0757412 3.1479102 2.7189378 2.4638002 2.0670055 2.1143305 2.3353838 1.9927724 2.0187986 2.2326027 3.8937937 
Tetwil_g3658.t2                                        0.5802435 0.6510074 0.7387531 0.4514175 0.0000000 1.6024404 1.6364678 1.6367450 1.6609662 1.2866252 1.5220435 3.3865805 1.9077449 1.2880407 1.2992023 1.2264725 1.3726513 1.3087173 1.4141291 1.6925919 1.4285917 2.1448481 1.9131646 1.6663237 1.7551977 1.6842792 1.6789583 1.6704162 1.6748317 1.6679863 1.3727854 1.4212732 1.5829632 1.4663876 1.5082660 1.4729625 1.6757239 1.6743893 1.6838409 1.9756842 1.4740819 1.7971975 1.8507008 2.3209048 1.6825997 1.6624335 1.6574777 1.6384110 1.7224515 1.7461419 1.6638465 1.8355557 2.0244763 1.9843741 2.0092222 2.0601771 1.9150417 1.7249815 1.8305082 1.6656321 1.9256753 1.6271921 2.5770192 1.7728605 2.2133205 3.3612937 3.3668487 2.1193559 2.6705222 4.8387093 2.1001518 1.6211705 2.1814108 2.1996738 0.0000010 2.1745693 2.3240528 1.9874942 2.0389316 1.0607966 0.5873622 0.9582653 0.9364982 3.4896191 1.0674209 1.0959028 1.0875100 1.8314678 1.1473322 3.4876133 2.9908694 2.8694544 2.5861641 2.5720430 2.5261337 2.3894994 2.5258244 2.8928246 3.3862856 
Lcom_lcpid40612                                        2.5711184 2.6368109 2.4918231 2.1979374 1.6024404 0.0000000 0.1764567 0.1941923 0.2314876 0.4066654 1.0377414 0.7861581 0.9541433 0.9341361 0.9758762 0.9110436 0.9587532 0.9053809 1.0127229 0.9094992 0.9427140 1.3677999 1.2274353 1.1425864 1.1708897 1.1539750 1.1643509 1.1024396 1.3001085 1.1516024 0.8857410 0.9593274 1.0919239 1.0366138 1.1549464 1.1518655 1.0674914 1.1894685 0.9645086 1.5531338 1.2158181 1.5731930 1.3410335 1.1011231 1.5004887 1.4724350 1.4730932 1.3024108 1.5656956 1.5603699 1.4117710 1.4643946 1.3768991 1.3597297 1.3923612 1.4060689 1.3447476 1.3792310 1.2858357 1.3085860 1.3057394 1.4143586 1.6785522 1.5089654 1.5758380 2.0036195 1.6783927 1.6270629 1.7004791 1.5387290 1.6153335 1.4242148 1.7752240 1.8427630 9.0000000 1.6484980 1.9058426 1.7421085 1.7410431 1.5864544 1.9293397 1.6350787 1.8191800 2.1896488 1.8758051 1.8669861 1.8561380 1.9058044 2.6845564 4.5867861 2.0939059 2.0771684 1.9693815 2.0487475 2.1642419 2.7590354 2.7191561 2.6909470 3.6076891 
Leuniv_Lniv_scaffold23212_01                           2.1329864 2.6150045 2.7351000 2.1535058 1.6364678 0.1764567 0.0000000 0.1775698 0.2248921 0.3659068 1.1556061 1.8527355 1.0551229 0.9570281 1.0267097 0.9128143 1.0145268 0.9242586 1.0326252 1.0084561 0.9912204 1.5418240 1.4673894 1.2912843 1.3119404 1.2834282 1.3208734 1.2626667 1.3007884 1.2405852 0.9267924 0.9313515 1.1025561 1.0834267 1.2118607 1.1419311 1.1226903 1.1767792 1.0435396 1.5402215 1.1665692 1.6470701 1.4584370 1.2431327 1.5277214 1.4908455 1.4500524 1.3346954 1.5185901 1.5049084 1.5178479 1.4719650 1.4087995 1.4037653 1.4247460 1.4506823 1.3427607 1.3769920 1.3621420 1.3765963 1.3585894 1.4710893 1.8341627 1.5589630 1.5907925 1.9668613 1.7402678 1.5931534 1.6877986 1.2814798 1.6214262 1.3861354 1.7946614 1.8313891 0.0000010 1.6159452 1.9016545 1.7156333 1.7189699 1.4881772 1.8823805 1.7748523 1.8811337 2.6157414 1.9740280 2.0165600 1.9264195 2.0529908 2.4923122 4.8159459 2.2554310 2.2737897 2.1529695 2.2489908 2.2418766 3.0619155 2.8894121 2.9564249 3.5586236 
Scil_scict005039.1                                     2.3990144 2.7785156 2.6168698 1.9093032 1.6367450 0.1941923 0.1775698 0.0000000 0.1988494 0.4304260 1.0425932 0.8011245 0.9540717 0.9351525 0.9868198 0.9146083 0.9714092 0.9153648 1.0719512 0.9265584 0.9605269 1.3526768 1.2094920 1.1871930 1.2042129 1.1903171 1.2340428 1.1270053 1.3266913 1.1616657 0.9145372 0.9889885 1.0942618 1.0469219 1.1581991 1.2047034 1.0455096 1.1769638 0.9581438 1.5791944 1.2442165 1.6193098 1.3714754 1.2016424 1.5882870 1.5575230 1.5398321 1.3637316 1.5581373 1.5593317 1.4447997 1.4865370 1.4417308 1.4477759 1.4114953 1.4217873 1.3362955 1.4264288 1.3164116 1.3276701 1.3563985 1.3949545 1.7273707 1.5076561 1.5367620 2.1067374 1.7727579 1.6589633 1.7506608 1.6084915 1.6446426 1.3930188 1.7818579 1.8349180 2.9165252 1.6365476 1.8842595 1.6931784 1.7008872 1.5616943 1.9093412 1.7264932 1.8542491 2.1802801 1.8076779 1.8287395 1.8178616 1.9321563 2.8532092 4.6751220 2.0814115 2.1133691 1.9473997 2.0497426 2.2378626 2.7752484 2.6926734 2.7420101 3.2427869 
Gracom_Gcom_C559126_01                                 2.4015106 2.5700093 2.5690025 1.8601751 1.6609662 0.2314876 0.2248921 0.1988494 0.0000000 0.4005528 1.0356356 0.8224352 0.9313885 0.9274753 0.9577420 0.9091964 0.9883593 0.9166280 1.0483191 0.9423879 0.9535158 1.3214292 1.2015147 1.1174997 1.1412122 1.1254297 1.1393033 1.0907788 1.2635110 1.1783266 0.8880870 0.9578358 1.0741470 1.0161258 1.1811649 1.2190497 1.0628419 1.1893004 0.9862637 1.5125244 1.2502005 1.5531015 1.3517633 1.1166120 1.5575343 1.5498182 1.5279499 1.3876313 1.6022221 1.6153873 1.4329466 1.4645446 1.4209961 1.4272932 1.4230759 1.4452583 1.3745693 1.4219810 1.3121548 1.3091370 1.3720521 1.4334512 1.7048447 1.5169775 1.5246093 1.9883108 1.7532775 1.6271175 1.7311026 1.5852875 1.6377288 1.3579737 1.7595967 1.8296558 3.9348199 1.6603374 1.9490364 1.7335722 1.7270924 1.5602554 1.9645618 1.7428234 1.8198772 2.1521332 1.9158066 1.9061478 1.8875660 1.9301809 2.8725322 4.5941275 2.0391658 2.1130398 1.9699434 2.0828902 2.2397519 2.8049121 2.7235122 2.8054828 3.5085792 
Clacor_Ccor_scaffold14036_01                           2.1259602 2.3890444 1.5805266 1.3236006 1.2866252 0.4066654 0.3659068 0.4304260 0.4005528 0.0000000 0.9098837 0.0000010 0.0000010 0.8036474 0.7638083 0.6088295 0.7872975 0.7648721 0.8259584 0.8070777 0.8345827 0.8448826 1.3785024 0.9711853 1.0494742 0.9915961 1.0947034 1.0235199 1.2884953 2.2373328 0.7347877 0.8732539 1.0110858 1.0011756 1.0794894 1.0915396 0.8331980 0.8331980 0.9498935 1.0395404 0.9431379 1.4902443 1.2460121 3.3794377 1.1850683 1.1923755 1.1323034 1.1067989 1.1094326 1.1094326 1.1082425 1.4529918 1.6088297 1.5117613 1.4967319 1.6555554 1.4165385 1.3069051 1.2306441 1.1436329 1.3079273 1.5072258 3.6460084 1.3836566 1.8544489 0.0000010 2.8096400 1.3771704 1.6591235 3.5425724 1.3821707 1.3428832 1.4425877 1.5238687 0.0000010 1.2587033 2.0819048 1.4970549 1.4232908 1.0655929 1.1038512 1.5378697 1.4936588 9.0000000 1.4296924 1.5064214 1.3804188 0.0000010 1.4366960 3.0077975 2.2122367 2.3642386 2.5737093 2.5006325 2.7889580 8.9999990 2.5716118 3.0108136 4.0848374 
Dgig_XM_028539832.1                                    2.4995223 2.6004545 2.4418938 2.1775094 1.5220435 1.0377414 1.1556061 1.0425932 1.0356356 0.9098837 0.0000000 0.3702044 0.7419524 0.7021318 0.6625193 0.6547922 0.6875153 0.6237649 0.7743943 0.7082268 0.7073100 1.0038490 1.2070631 1.0904939 1.0001006 0.9640619 0.9938075 0.9405769 0.9150119 1.0021026 0.7916617 0.8174686 0.9079718 0.8839714 1.0417307 1.0793150 1.1581531 1.2492787 1.0236989 1.4229461 1.1564261 1.3618908 1.2157774 1.2249416 1.5537839 1.5463835 1.5528768 1.3966055 1.5655260 1.5668318 1.2068877 0.5642695 1.3486681 1.4070834 1.3784155 1.3852788 1.3166731 1.4165115 1.3615272 1.4078707 1.3959502 1.6714148 1.6536313 1.5624000 1.5463543 1.8676235 1.5875797 1.5477346 1.6100661 1.3913005 1.5308428 1.5163553 1.6436129 1.7228932 3.2162739 1.5949710 1.8596538 1.6328774 1.6763100 1.4466503 1.9086015 1.8174018 1.7707336 1.7231085 1.6879937 1.6459369 1.6512285 1.4448884 2.7074833 3.9159300 2.0852333 2.1789193 2.0620089 2.1144015 2.2304225 2.6732809 2.5901416 2.8175021 3.5553824 
Xesp_009797-T1                                         3.6383510 0.0000010 1.6274446 0.0000010 3.3865805 0.7861581 1.8527355 0.8011245 0.8224352 0.0000010 0.3702044 0.0000000 0.6178490 0.5544114 0.5883919 0.6427100 0.5224820 0.5480026 1.3595407 0.4579172 0.5535607 0.5558346 0.6232341 0.6716897 0.6772469 0.6589007 0.6523742 0.5970306 0.0000010 0.7210307 0.5957699 0.8086511 0.8284121 0.4949155 0.7159735 1.0832087 0.9527710 3.7713208 0.7313459 0.0000010 3.1639029 1.1240292 1.0398593 0.9016235 1.3666971 1.3818983 1.4591339 2.1928984 1.4502244 1.4731940 0.9077224 2.5866656 1.3641982 1.4677747 1.3590334 1.2778395 1.3467009 1.4206785 1.1719454 1.2403040 1.3965740 0.0000010 1.4592339 1.3674000 1.5482159 3.7547024 1.4713963 1.6687916 1.6687916 1.5838807 1.4950498 0.0000010 1.4180571 1.5112206 1.8503859 1.6530928 3.4281762 1.5902556 1.6485266 1.5416887 2.3759866 2.3723842 1.4447850 1.4393967 1.2906058 1.1054511 1.3287239 1.3992660 3.6503529 3.6590988 1.4865734 1.4665193 1.4704078 1.8138153 1.9713619 1.9530812 1.9680275 2.1998401 0.0000010 
Amil_Amillepora12361-RA                                2.9220636 0.0000010 3.3740822 0.0000010 1.9077449 0.9541433 1.0551229 0.9540717 0.9313885 0.0000010 0.7419524 0.6178490 0.0000000 0.2368611 0.2401968 0.2014962 0.1730261 0.1931023 0.4839197 0.4559878 0.5453491 0.0883890 1.0378358 1.0049048 0.9505373 0.9015307 0.9357476 0.8661480 0.0000010 0.8626907 0.7924887 0.8412566 0.9826027 0.7595996 0.9411267 0.9860956 1.0522239 1.1022433 0.9708172 2.5535924 3.0791860 1.3431782 1.0634666 1.2125026 1.6236343 1.6138863 1.6705454 1.5962525 1.6983760 1.7044382 1.3422372 1.1190793 1.1076774 1.1443038 1.1525294 1.1101074 1.0849596 1.1914339 1.0170345 1.1320603 1.3127269 0.0000010 1.4312696 1.1860206 1.2047750 1.4657781 1.5677093 1.5975576 1.5975576 1.4504423 1.5948172 0.0000010 1.5305539 1.6058970 2.9697387 1.6590745 1.8525213 1.7306685 1.6720510 1.5982129 2.7906996 1.6993933 1.9795019 1.9929223 1.8637125 1.7154414 1.9691645 1.4511484 4.5132829 4.4170915 1.5953729 1.5736940 1.4525916 1.6679382 1.6361444 2.5049775 2.5106755 2.2815886 0.0000010 
Spis_XP_022804622_1                                    2.4098218 1.9932772 1.8837571 1.4984617 1.2880407 0.9341361 0.9570281 0.9351525 0.9274753 0.8036474 0.7021318 0.5544114 0.2368611 0.0000000 0.0546478 0.0920591 0.1396572 0.0934373 0.3894277 0.4053928 0.4345738 0.4238367 1.1205256 1.0058189 0.9403858 0.8861096 0.8981465 0.8775766 1.0347182 0.8963133 0.7224960 0.7023579 0.8727731 0.8106969 0.8978002 0.9392255 1.0088425 1.0316981 0.9516213 1.3278252 0.9960412 1.2541244 1.1405223 1.2379045 1.3944163 1.3759978 1.3635089 1.1680044 1.3778065 1.3798446 1.2088914 1.0066036 1.2401666 1.2263009 1.2310078 1.1887601 1.1802027 1.2640862 1.1350984 1.1283770 1.1969663 1.5180631 1.5579763 1.3581348 1.5682123 1.7166208 1.6201906 1.4895302 1.6184819 1.5488196 1.4459354 1.2265033 1.5644494 1.6308550 3.3030797 1.6093703 1.9610771 1.6491988 1.6550705 1.3791098 1.7766027 1.5896085 1.6799348 1.9801301 1.7115941 1.6570958 1.7757619 1.5734050 2.4831322 3.7513768 1.8367089 1.8135380 1.8300442 1.8604341 2.0485419 2.7020553 2.6331777 2.4994332 2.9968747 
Pocdam_XM_027192466.1                                  2.5599723 2.0758584 2.1779949 1.4984617 1.2992023 0.9758762 1.0267097 0.9868198 0.9577420 0.7638083 0.6625193 0.5883919 0.2401968 0.0546478 0.0000000 0.0994107 0.1556797 0.0943036 0.3830892 0.4058516 0.4264504 0.4619848 1.1117550 1.0016898 0.9192201 0.8671184 0.8809324 0.8421404 0.9817843 0.8624004 0.7369557 0.6955711 0.8418969 0.7706620 0.9070372 0.9421885 1.0426872 1.0602668 0.9615835 1.3903506 1.0191984 1.2574983 1.1267088 1.2232168 1.4004915 1.3865355 1.3505132 1.2383242 1.3783456 1.3748731 1.1842023 0.9643528 1.2586665 1.2526737 1.2432073 1.2214502 1.2189683 1.3093064 1.1569904 1.1672216 1.2528314 1.4901602 1.5741839 1.3406207 1.5306580 1.8722172 1.6259534 1.4715476 1.5913320 1.4719202 1.4356530 1.2218374 1.5495319 1.6185856 3.4430604 1.5666200 1.9618787 1.6572047 1.6433232 1.3778954 1.7246763 1.5477416 1.6204652 1.9778575 1.6846340 1.6659607 1.7488864 1.5828353 2.4685200 3.8676122 1.8714633 1.8321769 1.8869231 1.8814119 2.0615832 2.6901013 2.6123728 2.5363835 3.0344916 
Fspp_ffun1.m4.23334.m1                                 2.3305871 2.0602744 2.1724961 1.5765994 1.2264725 0.9110436 0.9128143 0.9146083 0.9091964 0.6088295 0.6547922 0.6427100 0.2014962 0.0920591 0.0994107 0.0000000 0.1044906 0.0551233 0.3546204 0.3973205 0.4000331 0.4995889 1.1717827 0.9890316 0.9411374 0.8798637 0.9050954 0.8564388 0.9131146 0.9006450 0.6916231 0.6499984 0.8183705 0.7895706 0.9248579 0.8704375 1.0352553 1.0364668 0.9322871 1.3796163 0.9451462 1.3053411 1.0989052 1.2517890 1.4437976 1.4335079 1.4108230 1.2119829 1.4424367 1.4395449 1.2520548 0.8520109 1.1914820 1.1910580 1.1274622 1.1248987 1.1234388 1.2020722 1.0846904 1.1092587 1.1660155 1.2180098 1.6133176 1.2792214 1.4659318 1.9058501 1.7312206 1.5062536 1.6892554 1.5063453 1.4953497 1.0724557 1.5753157 1.5875936 1.8677635 1.6044715 1.9558873 1.6613727 1.6611041 1.3877486 1.7150097 1.4918034 1.6708424 2.1249898 1.7318021 1.7240367 1.8135279 1.7000783 2.4457183 4.1317598 1.8901691 1.8346499 1.8640901 1.9376743 2.0636463 2.8761081 2.6245950 2.5563535 3.0538817 
Gfas_gfas1.m1.18264.m1                                 2.4293691 2.2118015 2.2701008 1.8484342 1.3726513 0.9587532 1.0145268 0.9714092 0.9883593 0.7872975 0.6875153 0.5224820 0.1730261 0.1396572 0.1556797 0.1044906 0.0000000 0.1114153 0.4047780 0.4080807 0.4298159 0.5064099 1.1731075 1.0161457 0.9713372 0.9065421 0.9458126 0.8639667 1.0182489 0.8727047 0.7399266 0.6890422 0.8920943 0.8062072 0.9207640 0.9557798 1.0452472 1.0598728 0.9292064 1.3791342 0.9826067 1.2967088 1.1818410 1.2135391 1.4781768 1.4405807 1.4321882 1.2703862 1.4695379 1.4700798 1.2472097 0.9806102 1.3079145 1.2887323 1.2589059 1.1960332 1.2090975 1.3057945 1.1606690 1.1852030 1.2482454 1.4484360 1.6156654 1.3783980 1.5550572 2.1203522 1.7590449 1.5280190 1.6548893 1.5048726 1.5043003 1.0990668 1.6061655 1.6571563 2.6619095 1.6865494 2.0830549 1.7391004 1.7318561 1.4581613 1.8870670 1.6375593 1.6800110 1.8977417 1.7491950 1.6985085 1.7640445 1.4316110 2.6081392 4.0783238 1.8862441 1.8664685 1.8409029 1.9078983 2.0532342 2.6848767 2.6301050 2.4790800 3.1099444 
Gasp_gasp1.m1b.25229.m1                                1.8149071 2.1081175 2.1555201 1.4955649 1.3087173 0.9053809 0.9242586 0.9153648 0.9166280 0.7648721 0.6237649 0.5480026 0.1931023 0.0934373 0.0943036 0.0551233 0.1114153 0.0000000 0.3813009 0.3835897 0.3787528 0.4747536 1.1913199 1.0186108 0.9478496 0.8860225 0.8978418 0.8746848 0.9959768 0.8014241 0.7252902 0.6374165 0.8329545 0.7979806 0.9137194 0.9268628 0.9519235 0.9522880 0.9277318 1.3236829 0.9296807 1.2659486 1.1260918 1.0812575 1.4423529 1.4136500 1.3934877 1.2289377 1.4210660 1.4089290 1.1951444 0.9243850 1.2533631 1.2186317 1.2090615 1.2099228 1.1691213 1.2120380 1.1338298 1.1366735 1.1506574 1.4990915 1.4514921 1.3260100 1.5303135 1.9022103 1.6179467 1.4492129 1.5996133 1.3225763 1.4111123 1.2019486 1.5201022 1.5515303 0.0000010 1.4960768 1.8876008 1.6124341 1.6066029 1.2934105 1.6118351 1.5661883 1.5005040 1.5342129 1.6081083 1.5972923 1.6763593 1.3036014 2.3557717 4.1614365 1.9001038 1.9020585 1.8737552 1.8814689 1.9798116 2.5798191 2.5441012 2.4604801 3.1917154 
Exapal_XM_021052675.2                                  1.9823985 2.5904216 2.6858410 2.1996662 1.4141291 1.0127229 1.0326252 1.0719512 1.0483191 0.8259584 0.7743943 1.3595407 0.4839197 0.3894277 0.3830892 0.3546204 0.4047780 0.3813009 0.0000000 0.0000010 0.3530772 0.9949309 1.3633632 1.1318842 1.0365324 0.9396604 0.9718877 0.9450560 1.0541496 0.8907295 0.7374523 0.6843958 0.9248745 0.8496368 1.0372878 0.9939514 1.0600829 1.0547895 1.0680854 1.3712970 0.9695869 1.2880770 1.1446828 1.3858066 1.4070191 1.3462402 1.3378256 1.2585595 1.4021127 1.3960071 1.2546347 0.9382288 1.2892730 1.3011517 1.2280744 1.3237600 1.1356880 1.2512032 1.2160858 1.1409399 1.1960960 1.5265809 1.8609696 1.5030938 1.5777735 1.9305145 1.9086877 1.5926484 1.7956437 2.7760462 1.5516009 1.3919352 1.6528265 1.6995430 0.0000010 1.7879796 2.1105467 1.8102885 1.7340120 1.2747777 1.5631761 1.6288893 1.5642049 0.0000010 1.6671064 1.6828335 1.7622305 2.6636989 2.0765772 4.5953549 2.1269334 2.2492362 2.2857393 2.2784970 2.3643001 3.2303720 3.0145315 2.6848199 3.2302370 
Exapal_XM_021049686.1                                  2.2163701 2.5234866 2.6852646 2.3399148 1.6925919 0.9094992 1.0084561 0.9265584 0.9423879 0.8070777 0.7082268 0.4579172 0.4559878 0.4053928 0.4058516 0.3973205 0.4080807 0.3835897 0.0000010 0.0000000 0.2962062 0.9067520 1.0753459 0.9742523 0.9299777 0.8774772 0.9007406 0.8164445 0.1947724 0.7734824 0.7080750 0.6773573 0.8579574 0.7479989 0.9510999 0.9677968 1.0249883 1.2087004 0.9308880 1.7648259 1.1554027 1.3297518 1.0993657 1.1613485 1.5788386 1.5610062 1.5299295 1.3994475 1.6011998 1.6070634 1.3166537 0.9229634 1.1604001 1.1257672 1.0242311 1.0279234 1.0215255 1.1859359 1.0862689 1.1102381 1.1142956 1.4954458 1.4862010 1.4032816 1.4110387 1.9305145 1.6165724 1.6150624 1.6254603 1.4379043 1.5904334 2.0860158 1.6128669 1.6298490 2.2482327 1.7624157 1.9278845 1.8061816 1.7973920 1.4863417 2.2778560 1.7853818 1.7796848 1.7912374 1.8712328 1.7883208 1.7995755 1.4166005 3.3871646 4.1197297 1.8266353 1.9132192 1.7566042 1.8554114 1.9499241 2.7050577 2.6208854 2.7081498 3.0773700 
Nvec_v1g184544                                         2.0875181 2.3774550 2.3695485 1.7810284 1.4285917 0.9427140 0.9912204 0.9605269 0.9535158 0.8345827 0.7073100 0.5535607 0.5453491 0.4345738 0.4264504 0.4000331 0.4298159 0.3787528 0.3530772 0.2962062 0.0000000 0.8053454 1.1345209 0.9972903 0.9549109 0.8817335 0.9430053 0.8919547 1.1881969 0.8352066 0.7082943 0.6831826 0.9086982 0.8032593 0.9357200 0.9734521 0.9923443 1.0833825 0.9510055 1.3447507 1.0349525 1.2843369 1.1117506 1.1541230 1.4301595 1.4021638 1.3875102 1.2469014 1.4247852 1.4199823 1.2461028 1.0610158 1.1869667 1.2017698 1.1386457 1.2014305 1.1697513 1.2166110 1.1281434 1.2222758 1.1745128 1.6324573 1.5028272 1.3810935 1.5051153 1.9117705 1.6810538 1.5461308 1.6588909 1.4686724 1.5310245 1.3239144 1.6122109 1.6472411 2.3698944 1.7117555 1.9167605 1.6761297 1.7284232 1.3346300 1.8503669 1.6210442 1.6754753 1.7748674 1.7517197 1.7194232 1.7586126 1.5115168 2.5456286 4.0047099 1.9398478 1.9734158 1.9564715 1.9413429 2.0208432 2.8157064 2.7653848 2.6443927 3.1738731 
Adig_XM_015915947.1                                    3.8544932 3.8924550 3.8008404 3.7157255 2.1448481 1.3677999 1.5418240 1.3526768 1.3214292 0.8448826 1.0038490 0.5558346 0.0883890 0.4238367 0.4619848 0.4995889 0.5064099 0.4747536 0.9949309 0.9067520 0.8053454 0.0000000 1.5516449 1.4073185 1.3270923 1.2526701 1.2967933 1.2208282 0.9990674 1.4891913 1.1841186 1.1279195 1.3579792 1.1928987 1.4821611 1.4496135 1.4790203 1.5119515 1.4509640 2.0040284 1.7056247 1.7638175 1.5951356 1.3390604 1.8445982 1.8196529 1.8531108 2.0126112 1.8092717 1.7138056 1.6382578 1.6326761 1.7775432 1.7856418 1.7914203 1.7762141 1.7797540 1.7630009 1.6505617 1.6675579 1.8417636 1.6440008 2.2869047 1.7472093 2.1107000 3.7795441 2.5248925 1.9574125 2.2817755 1.6390061 1.9242344 1.2689682 2.0453863 2.1020898 3.0694914 2.1412062 3.1219600 2.1231344 2.1172775 1.7912497 2.2384924 2.1478685 2.1549727 2.2169398 2.1306581 2.0471645 2.1033165 1.6471462 2.7675960 4.5340489 2.4092539 2.4002867 2.4953569 2.5335584 2.6907237 3.7312824 3.2882659 3.0675236 4.7847013 
Hvul_g14672_1                                          3.0952727 3.0542521 3.1065423 2.8386060 1.9131646 1.2274353 1.4673894 1.2094920 1.2015147 1.3785024 1.2070631 0.6232341 1.0378358 1.1205256 1.1117550 1.1717827 1.1731075 1.1913199 1.3633632 1.0753459 1.1345209 1.5516449 0.0000000 0.8623153 0.9115197 0.8708434 0.9071907 0.7956901 2.1848761 1.2141419 1.1079206 1.1528097 1.2439786 1.1499096 1.2543106 1.3327013 1.4251464 1.8749622 1.2790983 2.6776125 1.8816770 1.6928076 1.3674643 1.5095404 1.8406416 1.8165261 1.8824419 1.7845026 1.9135837 1.9296120 1.5701331 1.5199578 1.7080848 1.6628189 1.6493439 1.6504041 1.5445819 1.6439316 1.6087916 1.6320002 1.6967150 2.9554174 2.0150222 1.6918156 1.7731256 2.7609227 2.1030247 1.9970980 2.0055917 1.6916082 1.9202594 2.2520881 2.0114018 2.0811126 3.9386280 1.9182556 2.1256440 2.0308408 2.0825471 1.8520466 2.7274423 2.2250470 2.1166598 2.0319413 2.0377960 2.0838552 2.1453772 1.6544301 3.5558031 4.2955803 2.1324802 2.1956483 2.2592237 2.3242353 2.5069570 2.9150993 2.9569049 2.7816993 3.7077354 
Chem_TCONS_00028160                                    2.4572110 2.8709231 2.6520207 2.2040548 1.6663237 1.1425864 1.2912843 1.1871930 1.1174997 0.9711853 1.0904939 0.6716897 1.0049048 1.0058189 1.0016898 0.9890316 1.0161457 1.0186108 1.1318842 0.9742523 0.9972903 1.4073185 0.8623153 0.0000000 0.7881631 0.7450704 0.7530108 0.7424818 0.7406068 1.0153214 0.9963420 1.0306888 1.1548972 1.0772214 1.1585881 1.1797140 1.3696873 1.4739234 1.1655662 1.5905326 1.3662896 1.5897547 1.3316137 1.3643941 1.6635084 1.6413618 1.6630785 1.4655399 1.6840456 1.7092353 1.4475168 1.5261914 1.4999541 1.4868757 1.4437830 1.4769022 1.3885143 1.4872493 1.4156173 1.4362359 1.4766732 1.6107466 1.7806040 1.5674659 1.6841634 2.2170953 1.8968002 1.8413571 1.8796702 1.8073333 1.7700875 1.6862717 1.8458122 1.9231825 4.7127356 1.7437275 2.0244606 1.8057092 1.9493474 1.6431966 2.1486972 1.9249959 1.9815082 2.0899388 1.8652451 1.8843260 1.9627518 1.7054843 2.8436624 3.8816667 2.1533099 2.2097083 2.2089829 2.2397769 2.3683031 2.8493556 2.7187669 2.6434656 3.5952163 
Nemnom_g5542.t1                                        2.7645913 3.1328535 2.8845102 2.5754602 1.7551977 1.1708897 1.3119404 1.2042129 1.1412122 1.0494742 1.0001006 0.6772469 0.9505373 0.9403858 0.9192201 0.9411374 0.9713372 0.9478496 1.0365324 0.9299777 0.9549109 1.3270923 0.9115197 0.7881631 0.0000000 0.1212880 0.2976897 0.4867411 1.0508521 1.0289992 0.9801059 1.0135133 1.0790542 0.9946182 1.1714272 1.2458556 1.3277783 1.5326965 1.2121969 1.7562973 1.3409635 1.5530998 1.3537446 1.3697683 1.7208233 1.7146559 1.6806175 1.5329909 1.7279737 1.7409908 1.4348336 1.4189127 1.4502718 1.4397789 1.3875629 1.4459202 1.3839681 1.4528858 1.4015417 1.4122998 1.4639922 1.7284299 1.8037442 1.5457274 1.6729326 1.8826167 1.8485291 1.8349033 1.9043501 1.7917258 1.8529992 1.7288837 1.9449623 1.9829909 3.2945928 1.9142015 2.1204522 1.9170082 2.0015067 1.6985156 2.3490690 1.8899166 1.9569995 2.0094059 2.0129674 1.9533843 2.0760672 1.6128008 2.7574192 4.4060872 2.1703905 2.2143629 2.0932221 2.2002156 2.2550007 2.6572340 2.7423406 2.7744719 3.5179112 
Rhoesc_Res_007880-T1                                   2.6642569 3.0997554 2.8112532 2.5991280 1.6842792 1.1539750 1.2834282 1.1903171 1.1254297 0.9915961 0.9640619 0.6589007 0.9015307 0.8861096 0.8671184 0.8798637 0.9065421 0.8860225 0.9396604 0.8774772 0.8817335 1.2526701 0.8708434 0.7450704 0.1212880 0.0000000 0.2507600 0.4313262 1.0315656 1.0184304 0.9449818 1.0019457 1.0682194 0.9886373 1.1712343 1.2248559 1.2806472 1.4628333 1.1660699 1.6484215 1.3234738 1.5275321 1.3240230 1.3131666 1.6635655 1.6512037 1.6120393 1.4772507 1.6476869 1.6776206 1.4296659 1.3863675 1.4370552 1.4017287 1.3726927 1.3958139 1.3664822 1.4631454 1.3821178 1.3868842 1.4231420 1.7566999 1.7642937 1.5323106 1.6479598 1.8675868 1.8062886 1.7931834 1.8721478 1.7611396 1.7793615 1.6199913 1.8981048 1.9364757 4.2708356 1.8170658 2.0301265 1.8350412 1.8739632 1.6573362 2.2554360 1.7842679 1.8863883 2.0225067 1.9620261 1.9125444 2.0236629 1.5910016 2.6977552 4.3762953 2.0845596 2.1023873 2.0837107 2.1833291 2.2406105 2.6409085 2.7353137 2.7365668 3.4012946 
Aaur_scaffold660.g3.t1                                 2.7340780 2.7483192 2.6106912 2.2251664 1.6789583 1.1643509 1.3208734 1.2340428 1.1393033 1.0947034 0.9938075 0.6523742 0.9357476 0.8981465 0.8809324 0.9050954 0.9458126 0.8978418 0.9718877 0.9007406 0.9430053 1.2967933 0.9071907 0.7530108 0.2976897 0.2507600 0.0000000 0.3776606 0.9827609 1.0681122 0.9349319 0.9992843 1.0971225 1.0025394 1.1538074 1.2354605 1.2834410 1.4635952 1.2214086 1.6740866 1.2866800 1.5497402 1.3629299 1.3175448 1.7092959 1.7256054 1.6635472 1.5052348 1.6876249 1.7228378 1.4167555 1.3627762 1.4938491 1.4513217 1.4417538 1.4507382 1.4480921 1.5286914 1.4263235 1.4589623 1.5060817 1.8544447 1.8225107 1.6466476 1.6781696 2.0789385 1.8747915 1.8300122 1.9007898 1.7731388 1.8349978 1.6600629 1.8614402 1.9272097 8.9999986 1.8478424 1.9303338 1.8362902 1.8975088 1.7198965 2.2227231 1.8802666 1.9405797 2.0308779 1.9466797 1.9691190 2.0404636 1.6723856 2.8138060 4.4721529 2.1806561 2.1934841 2.0900101 2.2635165 2.2646710 2.8733891 2.8621035 2.7553539 3.6034393 
Sanmal_Sma_015846-T1                                   2.5233788 2.8880198 2.6674462 2.5083586 1.6704162 1.1024396 1.2626667 1.1270053 1.0907788 1.0235199 0.9405769 0.5970306 0.8661480 0.8775766 0.8421404 0.8564388 0.8639667 0.8746848 0.9450560 0.8164445 0.8919547 1.2208282 0.7956901 0.7424818 0.4867411 0.4313262 0.3776606 0.0000000 0.9036713 1.0383194 0.9213089 0.9320346 0.9989460 0.9724773 1.1013500 1.1594742 1.1879659 1.3910796 1.1110879 1.6079798 1.2572233 1.4718826 1.3358566 1.1807793 1.6955156 1.6764322 1.6626063 1.4274636 1.7325777 1.7456200 1.4005700 1.3103431 1.5732499 1.5617179 1.5396544 1.4886040 1.4523770 1.4965194 1.4111730 1.4464507 1.4621141 1.9851948 1.7724642 1.5863164 1.7338787 2.0901814 1.8422938 1.8060655 1.8487234 1.7298939 1.7747674 1.7336045 1.8480808 1.8939274 3.8681939 1.7451453 1.9913327 1.7902625 1.8309485 1.5423407 2.1302329 1.8801773 1.8651737 1.9221517 1.9289906 1.9131895 1.9026434 1.6206282 2.8804232 4.2349187 2.1659089 2.1475238 2.1059546 2.2036061 2.2448460 2.8376450 2.8141727 2.7534117 3.6501770 
Hvul_g14671_1                                          4.1235664 3.5433068 3.0076870 1.5381871 1.6748317 1.3001085 1.3007884 1.3266913 1.2635110 1.2884953 0.9150119 0.0000010 0.0000010 1.0347182 0.9817843 0.9131146 1.0182489 0.9959768 1.0541496 0.1947724 1.1881969 0.9990674 2.1848761 0.7406068 1.0508521 1.0315656 0.9827609 0.9036713 0.0000000 0.0000010 1.2734693 1.2291801 1.4319526 1.3891526 1.4765801 1.4273801 1.4466138 1.4466138 1.4775363 1.9166020 1.2846630 1.4976633 1.4326745 0.0000010 1.2847820 1.3329194 1.2572375 1.2572375 1.2765102 1.2765102 1.5989657 1.6950799 1.6307756 1.6288056 1.6350593 1.9118744 1.6716106 1.7106258 1.8194162 1.6963659 1.6568725 1.8867400 0.0000010 1.5597120 2.0227257 0.0000010 0.0000010 1.6546231 0.0000010 0.0000010 1.6345836 1.6345836 1.6747539 1.7771849 0.0000010 1.0873212 0.0000010 1.5904154 1.6969342 1.4096642 1.4629313 1.9405608 1.8708724 0.0000010 1.7341127 1.8635335 1.7105446 0.0000010 1.7483191 4.2311516 2.7228103 2.7128857 2.8739346 2.9017298 2.8677593 0.0000010 3.0402807 3.1073419 4.7809728 
Acagra_model.g22599.t1                                 2.0583477 4.7880915 3.0812100 5.4536041 1.6679863 1.1516024 1.2405852 1.1616657 1.1783266 2.2373328 1.0021026 0.7210307 0.8626907 0.8963133 0.8624004 0.9006450 0.8727047 0.8014241 0.8907295 0.7734824 0.8352066 1.4891913 1.2141419 1.0153214 1.0289992 1.0184304 1.0681122 1.0383194 0.0000010 0.0000000 0.6717167 0.6305293 0.8274330 0.4930889 0.6465788 0.9806206 1.1952691 1.5625637 1.0100446 2.2357575 0.6698832 1.2724826 1.0730888 1.2855190 1.7914237 1.7666534 1.7597247 1.7482718 1.8257804 1.9213728 1.2301362 1.3334799 1.2391260 1.2452800 1.1424309 1.2523607 1.1303688 1.2134761 1.2693949 1.2205742 1.2804521 0.0000010 1.4642094 1.4417362 1.4411975 2.4700128 1.7921489 1.8445328 1.8445328 1.5302772 1.7655694 0.0000010 1.9009305 1.8939370 0.0000010 1.7759805 1.9151253 1.9420554 1.9812180 1.5962684 2.6184569 2.1728447 1.9538834 1.6724878 1.8188224 1.8783540 1.8313132 1.2315991 3.7918827 3.9496061 1.9590108 2.0867106 1.8028406 1.8722642 1.9129867 2.6435969 2.6435969 2.4205516 1.3811040 
Bralan_BLAG10000312_1                                  2.0357824 2.7127216 2.3111383 2.0361628 1.3727854 0.8857410 0.9267924 0.9145372 0.8880870 0.7347877 0.7916617 0.5957699 0.7924887 0.7224960 0.7369557 0.6916231 0.7399266 0.7252902 0.7374523 0.7080750 0.7082943 1.1841186 1.1079206 0.9963420 0.9801059 0.9449818 0.9349319 0.9213089 1.2734693 0.6717167 0.0000000 0.4474444 0.6682503 0.6162411 0.7982241 0.7676182 0.9277463 1.0203540 0.8782569 1.2877576 0.7693785 1.2964015 1.0357927 1.0838114 1.3493609 1.3379169 1.3452876 1.2396138 1.3894894 1.3973981 1.0567285 1.1372589 1.2432733 1.2248965 1.2096739 1.2133308 1.1239284 1.1293767 1.2821192 1.2062595 1.1677476 1.5317721 1.6854370 1.4068209 1.6221319 1.7946439 1.5902451 1.5275980 1.6216615 1.5509320 1.4836555 1.3046724 1.6582031 1.6832198 0.0000010 1.6255435 1.8221612 1.6459500 1.6913731 1.2411782 1.7828816 1.7033884 1.6525797 1.5364949 1.6361663 1.6433837 1.7116770 1.3727083 2.6756017 4.2987294 2.0156309 2.0572479 1.9732226 2.0538710 2.1314477 2.5949253 2.5724963 2.6936681 3.2167947 
Skow_XM_006824008.1                                    2.1982070 2.8834133 2.5609372 2.1120260 1.4212732 0.9593274 0.9313515 0.9889885 0.9578358 0.8732539 0.8174686 0.8086511 0.8412566 0.7023579 0.6955711 0.6499984 0.6890422 0.6374165 0.6843958 0.6773573 0.6831826 1.1279195 1.1528097 1.0306888 1.0135133 1.0019457 0.9992843 0.9320346 1.2291801 0.6305293 0.4474444 0.0000000 0.5690547 0.5690884 0.7709972 0.7927198 1.0426870 1.0868661 0.9333430 1.3902463 0.7286881 1.1443854 0.9692984 1.2000339 1.3321785 1.2919730 1.3171535 1.1250622 1.4096579 1.4218592 1.1029566 1.1027267 1.1589395 1.1735097 1.1489980 1.1542659 1.1299444 1.1618903 1.2282188 1.2167170 1.1972688 1.5443310 1.5931612 1.4773236 1.5332296 2.0724669 1.6223348 1.5625271 1.6482723 1.4674200 1.5014605 1.3277832 1.6566200 1.7081846 2.6028457 1.6147757 1.7298876 1.6196144 1.6973091 1.3535418 1.9778613 1.8547838 1.7875768 1.6975944 1.6933084 1.6471480 1.7391702 1.4490013 2.6959442 3.9175880 2.0043554 2.0107061 1.9579394 1.9320002 2.0658877 2.5784420 2.5468723 2.5508779 3.1210889 
Spur_XM_030990053.1                                    2.2477403 2.4581998 2.3808903 1.7074258 1.5829632 1.0919239 1.1025561 1.0942618 1.0741470 1.0110858 0.9079718 0.8284121 0.9826027 0.8727731 0.8418969 0.8183705 0.8920943 0.8329545 0.9248745 0.8579574 0.9086982 1.3579792 1.2439786 1.1548972 1.0790542 1.0682194 1.0971225 0.9989460 1.4319526 0.8274330 0.6682503 0.5690547 0.0000000 0.6915230 0.9419240 0.9477838 1.1282883 1.2419413 0.9742877 1.4183548 0.9508139 1.3312230 1.1039921 1.2300923 1.5101174 1.4749475 1.5284981 1.3923254 1.5221463 1.5586281 1.1767401 1.2767739 1.3054741 1.3590678 1.2960999 1.2640287 1.2316331 1.3514072 1.3203367 1.2759496 1.2727749 1.6390853 1.5947152 1.4832707 1.6333773 2.0462494 1.7394278 1.6980143 1.7717678 1.6042849 1.6766652 1.4883864 1.7307335 1.7789503 3.0850283 1.7463617 1.8803456 1.7430985 1.7977689 1.4532798 2.0504183 2.0257224 1.8329226 1.6573551 1.8967523 1.8308438 1.9154794 1.6156527 2.9223439 4.0004213 1.9449426 1.9891514 2.0720827 2.1058475 2.2169200 2.6164671 2.5932634 2.8102703 3.1700571 
Ctel_gnl_WGS_AMQN_CAPTEDRAFT_mRNA174173                2.2220026 3.0910553 2.6287088 2.2443056 1.4663876 1.0366138 1.0834267 1.0469219 1.0161258 1.0011756 0.8839714 0.4949155 0.7595996 0.8106969 0.7706620 0.7895706 0.8062072 0.7979806 0.8496368 0.7479989 0.8032593 1.1928987 1.1499096 1.0772214 0.9946182 0.9886373 1.0025394 0.9724773 1.3891526 0.4930889 0.6162411 0.5690884 0.6915230 0.0000000 0.6894468 0.9404573 1.0512475 1.2577576 0.9917625 1.3534240 0.6679760 1.1571220 0.9760509 1.1382549 1.4958800 1.4497669 1.4825104 1.3254822 1.5328749 1.5648185 1.0537520 1.2466087 1.2249177 1.2119655 1.1776033 1.2302363 1.1800987 1.2323749 1.2090812 1.2914788 1.2359898 1.7600296 1.5401851 1.4550974 1.6134579 2.0328990 1.7919849 1.6987485 1.8005842 1.6344850 1.6160471 1.4736116 1.7611786 1.7782513 0.0000010 1.6614090 1.8083375 1.6388592 1.7262181 1.4626890 1.8340531 1.7158270 1.7148938 1.6628661 1.6796942 1.6870472 1.6980839 1.3430749 2.5751200 3.9877497 2.0831452 2.0597377 1.9599218 1.9555314 2.1792056 2.5185332 2.5500473 2.5765547 3.3394902 
Cgig_XM_034454916.1                                    2.1208493 2.6293410 2.2905565 1.9510715 1.5082660 1.1549464 1.2118607 1.1581991 1.1811649 1.0794894 1.0417307 0.7159735 0.9411267 0.8978002 0.9070372 0.9248579 0.9207640 0.9137194 1.0372878 0.9510999 0.9357200 1.4821611 1.2543106 1.1585881 1.1714272 1.1712343 1.1538074 1.1013500 1.4765801 0.6465788 0.7982241 0.7709972 0.9419240 0.6894468 0.0000000 1.0841031 1.2709435 1.5157793 1.0978087 1.6639236 0.7911998 1.2620213 1.1368416 1.3912981 1.5292023 1.5117373 1.5248975 1.3276442 1.5771404 1.6159523 1.1314751 1.4129432 1.3677785 1.3572983 1.3862955 1.3742869 1.3519689 1.3817393 1.4115276 1.4264381 1.3515605 1.8561856 1.6790544 1.6141273 1.7301777 1.8998818 1.6710952 1.6504283 1.7100193 1.5339437 1.6115681 1.6423353 1.6823970 1.7089045 2.6875650 1.7162810 1.9821954 1.8102406 1.8305093 1.4977952 2.0710267 1.9315026 1.8196700 1.6588459 1.7026777 1.7612248 1.7529440 1.4041645 2.8640455 4.1544846 2.1605247 2.1413431 2.0442171 2.0736955 2.1937554 2.5611393 2.7082793 2.5459957 3.4493674 
Hsap_ENST00000310301                                   2.0570877 2.8066803 2.3925937 1.9417459 1.4729625 1.1518655 1.1419311 1.2047034 1.2190497 1.0915396 1.0793150 1.0832087 0.9860956 0.9392255 0.9421885 0.8704375 0.9557798 0.9268628 0.9939514 0.9677968 0.9734521 1.4496135 1.3327013 1.1797140 1.2458556 1.2248559 1.2354605 1.1594742 1.4273801 0.9806206 0.7676182 0.7927198 0.9477838 0.9404573 1.0841031 0.0000000 1.1851882 1.2093838 1.1619726 1.5593232 1.0091885 1.3892294 1.2731944 1.3976128 1.6005428 1.5480588 1.5489015 1.4121021 1.5953098 1.6111871 1.3338255 1.4170585 1.5001294 1.5088070 1.4460923 1.4620061 1.3881126 1.3417156 1.4570791 1.4430396 1.3849458 1.5812911 1.7023914 1.5632406 1.7021500 1.8678116 1.8205901 1.7400878 1.8790000 1.8753727 1.7182865 1.3230007 1.8854481 1.9054384 2.4557310 1.8425394 1.9687725 1.7959594 1.8598053 1.4612386 1.9429016 1.7267730 1.7725194 2.0001604 1.7757676 1.7184404 1.7719500 1.6973003 2.7237843 3.9205509 2.2397353 2.2331783 2.2306123 2.2460426 2.3180950 2.9091022 2.8663681 2.8548604 3.0945446 
Opea_EP00118_Oscarella_pearsei_P016747                 2.5394039 2.6926797 2.8170028 2.5184368 1.6757239 1.0674914 1.1226903 1.0455096 1.0628419 0.8331980 1.1581531 0.9527710 1.0522239 1.0088425 1.0426872 1.0352553 1.0452472 0.9519235 1.0600829 1.0249883 0.9923443 1.4790203 1.4251464 1.3696873 1.3277783 1.2806472 1.2834410 1.1879659 1.4466138 1.1952691 0.9277463 1.0426870 1.1282883 1.0512475 1.2709435 1.1851882 0.0000000 0.0437022 0.6977532 1.1622143 1.2781691 1.6626498 1.3665738 1.0271620 1.7437117 1.7003785 1.7085249 1.5653479 1.7089297 1.7291057 1.4905861 1.4632727 1.4778694 1.5107266 1.4329541 1.4488553 1.3820605 1.4503366 1.4161364 1.3568115 1.4898165 1.5265353 1.7264986 1.5761610 1.6515271 2.5830786 1.8905494 1.8264656 1.9416709 1.5817734 1.7962113 1.4238295 1.7583335 1.7854399 3.1684144 1.7860172 2.1724028 1.8314029 1.7851439 1.5924939 2.0918925 1.7696877 1.8778577 1.9999103 1.9033585 1.8731786 1.9771535 1.5605451 2.7198684 4.1344094 2.1055084 2.1271319 2.0529570 2.1024083 2.1722993 2.8585994 2.8485992 2.6535723 2.0545898 
Ocar_g7590                                             2.1234516 2.5735966 2.6874744 2.2329261 1.6743893 1.1894685 1.1767792 1.1769638 1.1893004 0.8331980 1.2492787 3.7713208 1.1022433 1.0316981 1.0602668 1.0364668 1.0598728 0.9522880 1.0547895 1.2087004 1.0833825 1.5119515 1.8749622 1.4739234 1.5326965 1.4628333 1.4635952 1.3910796 1.4466138 1.5625637 1.0203540 1.0868661 1.2419413 1.2577576 1.5157793 1.2093838 0.0437022 0.0000000 0.8065787 1.1200271 1.2326219 1.8356013 1.5031476 1.5488085 1.7582118 1.6829380 1.6849731 1.5649592 1.6973149 1.6221595 1.6449177 1.4186508 1.6842254 1.7005134 1.6171163 1.6824754 1.4883962 1.6362574 1.5718230 1.5418049 1.6414942 1.5265353 2.0001287 1.7595280 1.8775273 2.4870117 2.2202789 1.8952427 2.1434713 1.9365852 1.8222479 1.4238295 1.8177325 1.8121896 0.0000010 1.8534250 2.2782575 1.9203446 1.8372775 1.6229321 2.0834087 1.8341817 1.9874505 3.3443922 2.0686470 2.0141547 2.0765871 3.1282249 2.3217602 4.2909062 2.2859301 2.2662433 2.2791619 2.3219350 2.4386781 3.2668076 3.0618592 2.9408420 3.5377966 
