130
Lcom_lcpid248105                                             0.0000000 1.9684369 1.9116074 1.8412016 1.9559779 1.8675486 2.1097663 1.9200256 2.1155443 2.3286602 2.0729434 2.1048163 0.0000010 2.0732295 2.3166248 2.3561171 2.3930452 2.3930452 2.3930452 2.4576866 2.4576866 2.5628021 2.5202897 2.3324423 2.2990696 2.0112321 3.6375240 3.6375240 3.6375240 3.6375240 3.6375240 3.6375240 3.6375240 1.7821651 1.7821651 1.7821651 1.7821651 3.7570450 3.7570450 3.7570450 3.7570450 3.9015119 3.9015119 3.1995558 3.0558481 3.0558481 3.4627540 0.0000010 3.3267283 3.3267283 3.3267283 3.3267283 3.3267283 3.1077653 3.2269776 3.7145878 2.9865728 2.9837744 0.0000010 3.1695269 3.0454153 3.0454153 3.0454153 3.0454153 3.0454153 3.0454153 3.0454153 3.0454153 0.0000010 0.0000010 0.0000010 0.0000010 0.0000010 0.0000010 2.1986414 2.1986414 2.1986414 2.1986414 2.1986414 2.1986414 2.6293387 2.8577620 1.7998661 1.8280324 2.0495918 2.6303941 2.1783788 2.1439388 3.5623250 2.5765090 3.9710370 3.2211998 2.7416908 1.6427516 2.6919857 2.8359283 3.0067870 2.8487844 3.1217606 3.2175199 3.1598302 3.2175199 0.0000010 2.1125078 2.3470701 3.5741598 1.9584838 5.6406125 3.6012583 3.9990961 4.8038184 5.0633591 3.8166664 2.3659598 2.3659598 4.1201316 3.2803872 5.1770150 5.4220872 4.9020170 3.7317841 4.3452270 6.7064307 6.2794825 8.9999984 6.3456573 7.3968584 7.3968584 4.9857059 7.0749536 
Spis_XP_022785584_1                                          1.9684369 0.0000000 0.3432689 0.1647886 0.1193627 0.7775699 0.3168565 0.6232280 0.7858216 1.1430022 1.9501776 1.9228061 1.5398798 1.7948821 2.4113268 2.0524966 2.5334091 2.5334091 2.5564367 2.1702718 2.1475258 2.2443465 2.3985706 2.0918879 2.3323671 1.8384387 3.1579834 3.1254141 3.1254141 3.1387761 2.3621941 2.6156761 2.4165242 4.7355076 5.0280529 4.7355076 4.3453646 2.6803498 2.6514740 2.4491901 2.6314905 3.0898790 2.8220604 2.1957613 2.1635658 2.1635658 3.1648638 8.9999982 2.9606520 2.9206466 2.8506164 2.2178214 2.4856226 3.1213193 3.0580739 3.2522448 3.1937681 3.3646647 3.8557436 3.3054695 2.3298671 2.3298671 3.1896817 3.1808040 3.2764978 3.2672358 3.1536684 3.1440619 3.7001718 3.6841563 3.6992663 3.6851767 3.9290265 3.9141569 6.0084207 5.9951242 7.4373183 7.4392297 6.8661431 6.8724627 1.9769607 1.9416319 1.8370459 1.7071994 2.1155139 1.7327832 2.1413898 2.0495641 2.0531936 2.6488056 2.8876341 2.7149391 2.4532744 1.9879627 2.2455949 2.1365686 1.9639221 2.2329952 2.5918088 2.8147856 2.8215500 2.8749475 1.7491630 2.1368241 2.5492531 2.5623224 1.9359430 3.4383902 2.6802549 2.9143391 2.7357436 3.1095447 3.0209265 2.6890759 2.6890759 3.0395421 3.3884020 3.4670417 3.1135376 3.0716368 3.1266623 3.0384488 3.7650062 4.0786585 3.3968766 3.2304317 3.6481610 3.6481610 3.5366282 5.2882593 
Gasp_gasp1.m3.19736.m1                                       1.9116074 0.3432689 0.0000000 0.1091257 0.3452526 0.6458915 0.2953688 0.5189152 0.7748476 1.0594069 1.9444403 1.8732890 1.4791969 1.6528898 2.4075657 1.9353754 2.4280102 2.4280102 2.4498816 2.1460312 2.1268695 2.2514383 2.2921633 2.2360638 2.3272053 1.7073218 3.2484090 3.1977146 3.1977146 3.2339460 2.2473758 2.5412337 2.2563406 7.2744819 7.4409588 7.2744819 6.4157337 2.6794696 2.6383630 2.3770365 2.5511051 3.0828518 2.6966378 2.1859266 2.1622729 2.1622729 3.2871982 8.9999981 3.0876720 3.0336966 2.7475691 2.2055280 2.3677207 3.1146013 3.0630196 3.1689673 2.9565999 3.1768593 3.8330547 3.2552634 2.4299041 2.4299041 3.2483485 3.2170538 3.2417659 3.2088770 3.0927887 3.0600705 3.4015142 3.3409936 3.6503444 3.5946735 3.6760230 3.6151009 6.2892395 6.1470284 7.0393652 6.8611718 6.0902921 6.2674024 2.0545738 1.9814894 1.9259768 1.7046254 2.0428030 1.5490776 2.0078050 1.9944636 2.1272423 2.6235556 2.9242231 2.7145525 2.4285605 1.8680349 2.4350989 2.1451777 2.0574774 2.3736125 2.6274969 2.7875869 2.7895253 2.8443139 1.9432687 2.1570780 2.5863931 2.6054381 2.0625415 3.2340971 2.7070197 3.1148446 3.0202905 3.0162372 2.8002841 2.5761989 2.5761989 3.2705942 3.3242760 3.4606617 3.0573844 3.1371445 3.2779848 3.0294820 3.6937095 4.1799932 3.2618325 3.0238833 3.8544537 3.8544537 3.6690875 5.3110804 
Fspp_ffun1.m4.961.m1                                         1.8412016 0.1647886 0.1091257 0.0000000 0.1630174 0.3319637 0.3380187 0.2410315 0.8718981 0.9056142 1.1749993 1.2436108 0.0000010 1.2059631 1.3559699 1.3838792 1.4649130 1.4649130 1.4649130 1.3608723 1.3608723 1.4644549 1.4857799 1.3861895 1.4361902 1.3759166 2.1716642 2.1716642 2.1716642 2.1716642 2.1716642 2.1716642 2.1716642 1.2497895 1.2497895 1.2497895 1.2497895 2.1840632 2.1840632 2.1840632 2.1840632 2.2847270 2.2847270 2.1249650 1.9699742 1.9699742 2.3226982 0.0000010 2.3378059 2.3378059 2.3378059 2.3378059 2.3378059 2.3436321 2.2002565 2.5609820 2.4860012 2.7576650 0.6208630 2.2215498 2.4419933 2.4419933 2.4419933 2.4419933 2.4419933 2.4419933 2.4419933 2.4419933 0.4639448 0.4639448 0.4639448 0.4639448 0.4639448 0.4639448 2.1986414 2.1986414 2.1986414 2.1986414 2.1986414 2.1986414 1.4693440 1.4859686 1.4058779 1.5888255 1.6064519 1.6577721 1.6365173 1.8302479 1.8635619 2.2164213 2.5578633 2.0949074 2.0975065 1.5741086 1.8649709 1.9001347 2.2983790 2.0812690 2.0539423 2.6283668 2.3211003 2.3259055 2.1086857 1.4389397 2.0826985 2.4803786 1.9574036 3.4761524 2.5127567 3.1009647 2.9119404 3.1350035 2.4206406 2.5620145 2.5620145 2.2590486 2.6494064 3.5532584 3.2396244 2.8315009 2.8639317 3.3335567 4.4760425 6.3626403 3.7418023 3.3855391 3.6381718 3.6381718 3.4090675 4.9411785 
Pocdam_XM_027184271.1                                        1.9559779 0.1193627 0.3452526 0.1630174 0.0000000 0.7536112 0.2898947 0.5876977 0.7813744 1.0662363 1.8392459 1.8310018 1.5822208 1.8183022 2.4356348 2.0634995 2.5739506 2.5739506 2.5972381 2.1792906 2.1563944 2.2555482 2.3307968 2.1849101 2.2899298 1.8481916 3.1743732 3.1023444 3.1023444 3.1302756 2.3255576 2.5911778 2.3701965 5.4387573 5.1712586 5.4387573 4.5886406 2.6688735 2.6298099 2.4522691 2.5844037 3.1393764 2.7891464 2.2038788 2.1528870 2.1528870 3.2531004 8.9999983 3.1174364 3.0377605 2.9124836 2.2432433 2.5178591 3.2053175 3.1417597 3.2122632 3.1166664 3.4264668 3.7573090 3.1559320 2.4203776 2.4203776 3.2883055 3.3005808 3.3720493 3.3857414 3.2398842 3.2526737 3.7356200 3.7670375 3.7645968 3.7926506 3.9822062 4.0165825 6.3641527 6.5064171 7.8685424 8.0990804 7.4537683 7.2351111 2.0471315 1.9011401 1.7719005 1.6362549 2.0355198 1.6587904 2.1454962 1.9752049 2.0861861 2.5594508 2.7714266 2.6297371 2.3640082 1.9882739 2.2686777 2.1989077 2.0017411 2.3484477 2.5248970 2.7423998 2.8223227 2.8756758 1.6143684 2.1664772 2.5552034 2.5270925 1.9927547 3.5038494 2.7454427 2.8859869 2.7557882 2.9842493 2.9292511 2.6500307 2.6500307 3.1353637 3.4796057 3.3473679 3.0439424 3.1247505 3.3102124 3.0876444 3.6405448 3.9913729 3.4967444 3.3180735 3.6761165 3.6761165 3.6197657 5.4189490 
Amil_Amillepora01891-RA                                      1.8675486 0.7775699 0.6458915 0.3319637 0.7536112 0.0000000 0.0094749 0.5733061 0.6667622 1.4632139 1.9039313 1.8296754 2.1570081 1.7497372 2.4962943 2.0151830 2.4955618 2.4955618 2.5212113 2.1364229 2.1132955 2.2228215 2.5103890 2.2062481 2.5043953 1.6444094 3.5514342 3.5514342 3.5514342 3.5771641 2.4359420 2.9669584 2.4053880 5.4590722 5.4590722 5.4590722 5.4619787 2.6732406 2.6280257 2.5357308 2.7332530 3.1620911 2.8658149 2.3198935 2.1678584 2.1678584 3.2242686 7.1335621 3.0790869 3.0790869 2.8886043 2.1925501 2.5527655 3.1917180 3.1444214 3.3105677 3.2721999 2.9648859 4.2488815 3.2817236 2.3715686 2.3715686 3.6289586 3.5778279 3.6214550 3.5693908 3.4935866 3.4411843 4.4935102 4.3848707 4.6966468 4.5937827 4.7226477 4.6156261 6.6254437 6.3975669 6.8608829 6.6080742 6.1938004 6.4521117 2.0604366 1.9349925 1.8426949 1.8952063 2.1982759 1.7362210 2.4787758 2.0193015 2.3457297 2.5541175 3.1087031 2.8241676 2.6163547 2.1361704 2.5332301 2.2535918 2.1471028 2.5009218 2.9991021 2.7391226 2.6678782 2.7242659 2.1358812 2.3731022 3.0963977 2.8184021 2.0881742 4.2063778 2.6132672 2.9326216 2.9219262 2.8075628 2.8745053 2.6127006 2.6127006 3.1437799 3.2878948 3.5206004 3.0284633 3.0368814 2.9617237 2.8554700 4.0525107 3.7303709 3.4333612 3.1594960 4.3850308 4.3850308 3.7253116 6.4170591 
Adig_XM_015910285.1                                          2.1097663 0.3168565 0.2953688 0.3380187 0.2898947 0.0094749 0.0000000 0.2040096 0.8236284 0.8791279 1.2388900 1.3479931 0.3544850 1.3428916 1.7102939 1.7503995 1.7347212 1.7347212 1.7631478 1.5253738 1.5203998 1.5568340 1.7101551 1.6157069 1.5929017 1.4037532 2.5913148 2.5913148 2.5913148 2.5913148 2.5529892 2.5913148 2.4888458 2.5758658 2.5758658 2.5758658 2.5758658 2.5153216 2.4930844 2.4930844 2.5153216 2.4889328 2.4889328 2.4401497 2.2451156 2.2451156 2.5370496 0.0000010 2.3550332 2.3550332 2.3550332 2.3550332 2.3550332 2.3908544 2.2215907 2.8462792 2.6605302 2.9971813 2.4647770 2.3652327 2.5535095 2.5535095 2.7646300 2.7646300 2.7646300 2.7646300 2.7646300 2.7646300 2.9537990 2.9537990 2.9537990 2.9537990 2.9537990 2.9537990 2.1986414 2.1986414 2.1986414 2.1986414 2.1986414 2.1986414 1.4939588 1.5805747 1.4400589 1.8200733 1.6404026 1.8439389 1.9515366 2.1901904 2.1871600 2.3286589 2.8890662 2.5459347 2.3915649 2.1309636 1.9531851 2.2133594 2.1913244 2.0012676 2.3060356 3.0417328 2.2599391 2.3380399 2.4273198 1.7826098 2.0139383 2.5501872 2.1010036 3.0428973 2.8755281 3.1683261 2.8926990 3.2737130 2.8143393 2.8012280 2.8012280 2.9881235 3.3894468 4.1670131 3.5404754 3.3812422 3.5243341 3.7028819 5.1836108 5.6105446 4.3914544 3.8914440 4.2074423 4.2074423 3.8667223 5.2638510 
Gfas_gfas1.m1.8154.m1                                        1.9200256 0.6232280 0.5189152 0.2410315 0.5876977 0.5733061 0.2040096 0.0000000 0.6423125 1.1497758 1.9996552 1.8908655 1.5133595 1.8360761 2.7325082 2.1093193 2.8466788 2.8466788 2.8745322 2.4021938 2.3741277 2.2688250 2.5321752 2.3963967 2.6254178 1.8971415 3.5677939 3.5127391 3.5127391 3.5987590 2.2751224 2.6956919 2.2860873 8.9999983 8.9999987 8.9999983 8.9999980 2.9711754 2.8841258 2.6005651 2.7723609 3.4555983 3.0334009 2.4366839 2.2460818 2.2460818 3.5430751 7.9677150 3.1266149 3.0621366 2.9429715 2.1690653 2.5372575 3.4130510 3.3676197 3.2383485 3.2396439 3.8577486 4.1542475 3.6879502 2.2885312 2.2885312 3.5516513 3.5228553 3.5233894 3.4931496 3.3781956 3.3471905 4.0866628 4.0365943 4.3213928 4.2771986 4.3345048 4.2867373 6.6945461 6.6272955 7.2323739 7.1584664 6.6030562 6.6875177 2.1529507 2.1103270 2.0444864 1.8168857 2.2412715 1.7004552 2.3779710 2.0149934 2.3931299 2.7890951 3.1890397 2.9392191 2.4669151 2.0216609 2.4102027 2.3460692 2.1682136 2.6452828 3.1995367 2.5428400 2.9009355 2.9408840 1.8019779 2.1252643 3.0804898 2.6641927 2.0955446 3.7716271 3.0913509 3.2722845 2.9926512 3.0537926 3.0683409 2.7059676 2.7059676 3.3784355 3.7097229 3.5785506 3.0281732 3.0927002 3.3184671 3.3483461 3.8033747 3.9923876 3.4934004 3.1459119 4.1925966 4.1925966 3.6156820 5.5111806 
Nvec_NVE11750                                                2.1155443 0.7858216 0.7748476 0.8718981 0.7813744 0.6667622 0.8236284 0.6423125 0.0000000 0.8282098 1.1531459 1.5137481 0.0000010 1.8374210 1.4040660 1.4948241 1.6486662 1.6486662 1.6486662 1.5528964 1.5528964 1.7263637 2.0031258 1.9230434 1.8926808 1.5071259 2.6371946 2.6371946 2.6371946 2.5475908 2.6371946 2.6371946 2.6371946 2.2003009 2.2003009 2.2003009 1.4645276 2.1381301 2.1245258 2.1245258 2.1245258 2.3930520 2.4738830 2.4988741 2.2551298 2.2551298 2.3382941 0.0000010 2.8630263 2.8630263 2.8630263 2.8630263 2.8630263 3.0337136 2.4557474 3.0481293 2.6506211 2.5685243 0.0000010 2.2005513 2.0760963 2.0760963 2.0119597 2.0119597 2.0760963 2.0760963 2.0760963 2.0760963 0.0000010 0.0000010 0.0000010 0.0000010 0.0000010 0.0000010 0.6990664 0.6990664 2.1986414 2.1986414 2.1986414 2.1986414 2.1002445 1.3898389 1.7929075 2.0403066 1.7973380 3.4544641 1.7985426 2.3692055 2.0721512 1.6262278 1.7805209 1.5596185 1.3973233 1.1681874 2.2596195 2.1320507 2.5567098 2.2092878 2.4525164 2.3498046 2.2733943 2.3924042 0.0000010 1.6077006 2.0208620 1.7804914 1.3271503 3.0243858 2.7038160 4.2774445 4.6790460 3.4886787 3.2222953 2.7205196 2.7205196 2.2330002 3.1558683 4.6280790 3.5228959 3.3704968 3.8016494 3.2503242 4.8523758 8.9999987 6.9365183 4.6288201 3.8253257 3.8253257 3.3708368 5.5173269 
Exapal_XM_021049228.2                                        2.3286602 1.1430022 1.0594069 0.9056142 1.0662363 1.4632139 0.8791279 1.1497758 0.8282098 0.0000000 1.9775424 2.0850247 0.9523893 1.8985789 2.7937816 2.4032421 2.7769926 2.7769926 2.8028566 2.8110208 2.7616738 2.5036809 2.5564231 2.3781140 2.4978025 2.0166901 3.5121357 3.4069252 3.4069252 3.4968371 2.6393929 2.8749970 2.7181310 8.9999981 8.9999981 8.9999981 8.9068733 2.7586312 2.8107400 2.4735234 2.6163042 3.1557200 2.7941136 2.6168180 2.3430369 2.3430369 3.3246891 6.4482123 3.4768943 3.4677548 3.2176856 2.6612270 2.8049751 3.7526484 3.6209934 3.3623218 3.2220756 4.3981775 3.8699920 3.4134088 2.7335005 2.7335005 3.5259328 3.5157729 3.5274184 3.5168292 3.4458437 3.4346757 3.6787655 3.6623948 3.7863607 3.7722459 3.8068598 3.7919370 5.3442229 5.3394327 5.6208333 5.6199875 5.4129974 5.4174639 2.5298851 2.0137085 2.0706169 1.8642059 2.1741390 2.1577055 2.2198174 2.0940960 2.5342171 2.8136350 2.9135249 2.6847004 2.7149413 2.0913679 2.5624579 2.3797439 2.2815409 2.5494049 2.7412083 2.6679001 3.1237571 3.1713341 1.7274758 2.3612175 2.9884064 2.9828409 2.6547994 3.1365023 2.8741162 3.6305034 3.3177986 3.1516473 3.0628223 2.9212212 2.9212212 3.3369994 3.6218841 3.5800579 2.9128669 3.2416830 3.7808071 3.2026967 3.8295665 4.0540245 4.1010533 3.8594644 4.4140217 4.4140217 3.5748077 5.9182892 
Dgig_XM_028551200.1                                          2.0729434 1.9501776 1.9444403 1.1749993 1.8392459 1.9039313 1.2388900 1.9996552 1.1531459 1.9775424 0.0000000 1.0185201 2.5380068 1.9825593 2.9855203 2.7403839 2.8914729 2.8914729 2.9199068 2.7584699 2.7551222 2.5626652 2.3452058 2.4293760 2.6149326 2.1961594 3.5100296 3.3855608 3.3855608 3.4919846 2.8041896 3.0750183 2.9818661 6.4746971 5.7829945 6.4746971 5.8110614 3.0165815 3.0038800 2.6435871 2.8653486 3.3768393 3.0882991 2.7405008 2.3889554 2.3889554 3.4051426 7.0814808 3.4805273 3.4677939 3.2732990 2.6487727 2.8477051 3.5497260 3.5347528 3.4414976 3.2293179 3.3965986 3.6316837 3.2178555 2.3909920 2.3909920 3.3134504 3.3333680 3.2694324 3.2894869 3.2422737 3.2625057 3.8933318 3.9491924 3.9586116 4.0099806 3.9150051 3.9687179 6.0947830 6.3094402 6.3147728 6.5727905 6.8510499 6.5507473 2.3618230 2.3186118 2.2184667 1.9579402 2.3994634 2.0504293 2.3775857 2.3037268 2.7797315 2.6254129 2.8658799 2.5480677 2.4411978 1.6384635 2.7298973 2.1489542 2.0727220 2.4850529 2.6288937 2.5984848 2.8649681 2.9067075 1.5765339 2.3541016 2.6579005 2.9383076 2.4505242 3.8607790 3.0892284 3.1577669 3.1748543 2.7915996 3.0425161 3.0129686 3.0129686 3.3642108 3.1013678 3.6092935 3.2087359 3.5334277 3.2872035 3.3314996 3.8304946 4.3768390 4.2812404 3.7542573 4.2319092 4.2319092 3.6651079 5.8143318 
Xesp_003056-T1                                               2.1048163 1.9228061 1.8732890 1.2436108 1.8310018 1.8296754 1.3479931 1.8908655 1.5137481 2.0850247 1.0185201 0.0000000 2.4522620 2.2882137 2.8268770 2.5939912 2.7030105 2.7030105 2.7359574 2.8965117 2.8714265 2.4774749 2.2085710 2.3757286 2.2519046 2.4231941 3.5298242 3.4546641 3.4546641 3.4938314 2.9428526 3.0843260 3.0811466 8.4105113 8.3589242 8.4105113 6.6479185 2.9504559 2.9113120 2.6604775 2.7690428 3.0940018 2.8721082 2.7002644 2.3932988 2.3932988 3.3704898 8.9999982 3.1236299 3.1477685 3.0355816 2.4263343 2.7758848 3.2085226 3.1918851 3.2451093 3.2146120 3.6537997 3.4664132 3.2127437 2.5084793 2.5084793 3.3655704 3.3655704 3.2658336 3.2658336 3.1896609 3.1896609 3.7538732 3.7538732 4.0700624 4.0700624 3.9094281 3.9094281 6.6104926 6.6104926 6.6458278 6.6458278 6.2310499 6.2310499 2.2697611 2.4650322 2.3821958 2.3623430 2.2817172 2.1469174 2.4231682 2.1032418 2.6602686 2.9802586 3.1588096 2.9362678 2.8273294 1.9478578 2.5692709 2.0987364 1.9515116 2.4944554 2.8565037 3.2724239 2.8878826 2.9821793 1.6799587 2.6492454 2.7224605 2.9818339 2.3569990 3.6021464 3.4140222 3.7860697 4.1503504 3.3397201 3.1158811 3.2573250 3.2573250 3.2669148 3.3874133 3.5506632 3.4490675 3.5584946 3.2305439 3.4385786 3.7232101 4.3520289 4.0102439 3.6819116 5.2183162 5.2183162 3.4763335 6.1642948 
Nvec_NVE11752                                                0.0000010 1.5398798 1.4791969 0.0000010 1.5822208 2.1570081 0.3544850 1.5133595 0.0000010 0.9523893 2.5380068 2.4522620 0.0000000 1.8218436 3.2701557 2.6134636 3.3290277 3.3290277 3.3290277 3.0980330 3.0363716 3.1892488 3.0841721 3.7921867 3.1806940 2.0316915 3.7035929 3.7035929 3.7035929 3.5936383 1.1890699 3.0058963 0.6154965 9.0000000 9.0000000 9.0000000 5.7359963 3.3358834 3.2859731 2.7065976 2.9697552 3.9699303 3.5209594 2.0889561 2.2995148 2.2995148 4.1500783 6.6868397 4.1442279 4.1442279 3.7879837 1.5324276 3.1564629 3.7025775 3.7025775 3.6491415 4.0366914 4.9106884 3.8593118 3.7243726 0.0000010 0.0000010 3.9785721 3.9692448 4.1217919 4.1137487 4.0096337 4.0000256 4.0096337 4.0000256 3.9785721 3.9692448 4.1217919 4.1137487 5.7291707 5.7502994 6.2456469 6.2818242 6.0935085 6.0609768 2.8606614 2.5764878 2.6067950 1.7277226 2.4141639 1.5256315 2.8027214 1.7857572 2.9522934 3.0406069 3.1853642 3.2021443 3.3722196 3.3966024 2.9268062 2.2664253 1.5965358 3.2086263 3.8193571 0.0000010 3.1459184 3.1459184 1.3798332 2.7951304 3.0153888 2.5746179 1.6584820 3.8029132 2.8023305 2.8816882 2.8816882 2.7456576 3.1811549 2.6068840 2.6068840 4.2116439 4.7105564 2.7653781 1.9974746 3.7045480 3.0427641 2.4770324 2.8355922 2.8355922 2.8841855 2.8841855 5.2342866 5.2342866 3.8794888 7.3544388 
Skow_XM_006814063.1                                          2.0732295 1.7948821 1.6528898 1.2059631 1.8183022 1.7497372 1.3428916 1.8360761 1.8374210 1.8985789 1.9825593 2.2882137 1.8218436 0.0000000 2.2893204 2.0274354 2.2808035 2.2808035 2.2791815 2.2209931 2.1901016 2.5134066 2.2620195 2.3176153 2.5109374 1.7399671 3.0975920 2.9786794 2.9786794 3.0051981 2.6315481 2.6729072 2.8007264 7.9868557 7.0745825 7.9868557 4.9618220 2.7203979 2.7013464 2.5837319 2.6025484 2.8906739 2.5651565 2.6100848 2.4767735 2.4767735 2.9285349 6.9829575 3.1240366 3.0812463 2.9910720 2.4592331 2.6541714 3.0280135 3.0103470 3.0338350 3.0404673 3.2370433 3.6771744 3.0470394 2.5482549 2.5482549 2.9142009 2.8478606 2.9090019 2.8397641 2.8448425 2.7753027 3.1429518 3.0021452 3.2544483 3.1261430 3.2737257 3.1342347 4.2328600 3.9513587 4.5047296 4.1626691 3.8205935 4.1688309 2.3615298 2.0713453 2.0742387 1.7364063 1.8410626 1.8746622 1.9649629 2.0579366 2.6743903 2.8568550 2.7930880 2.6955035 2.6744445 1.8892973 2.2380180 2.3306860 2.1578638 2.4070579 2.7286019 2.7795095 2.9267153 2.9226980 1.7024958 2.1160217 2.1292559 3.0938220 2.5971272 3.5106610 2.8620982 3.3047454 3.3308459 3.2841575 2.6644206 3.0612601 3.0612601 3.6599470 3.4970568 3.8477933 3.4310814 3.3766690 3.6365670 3.0104411 3.6757201 3.9747532 3.4334378 3.1612283 4.5378318 4.6024745 3.3241177 6.5702573 
HoiH23_PlH23_000538-RA                                       2.3166248 2.4113268 2.4075657 1.3559699 2.4356348 2.4962943 1.7102939 2.7325082 1.4040660 2.7937816 2.9855203 2.8268770 3.2701557 2.2893204 0.0000000 0.0776721 0.2708874 0.2708874 0.2663906 0.5290609 0.5196422 3.0035148 2.9837008 2.7322947 3.0351729 2.4178638 3.0485789 3.0405164 3.0405164 2.9931517 3.1369532 2.9438553 3.0321987 4.5076045 4.7849600 4.5076045 3.9172130 3.0742418 3.0337093 2.7830220 3.0462798 3.2001226 2.9398734 2.6817271 2.6483728 2.6483728 3.6541921 7.1398077 3.5787344 3.5671620 3.4846442 3.0819925 3.0508916 3.4254042 3.3064868 4.0883963 3.5261261 3.7176727 4.2480171 3.4474045 2.7352992 2.7352992 3.8836396 3.8309083 3.8885929 3.8334678 3.7560919 3.7003175 4.2956280 4.1988502 4.4702108 4.3823831 4.5267428 4.4320049 7.7198608 7.5401290 8.6625259 8.4427910 7.8317640 8.0557184 2.6938293 2.8988283 3.1556021 2.4033170 2.8553357 2.6292013 2.7216058 2.5024174 3.0787386 2.9704516 2.9429099 2.7512820 2.6867951 2.1294321 3.4798553 3.0517305 3.1363479 3.0879788 3.0881707 2.7473747 3.3654731 3.4018026 2.3615458 2.6198700 3.4180624 3.3530043 2.7165192 3.7499335 4.1434357 4.0138817 4.2132658 3.1984509 3.4961264 3.2913776 3.2913776 3.6726892 3.3203353 3.4107286 3.6136656 3.8760207 3.1276312 3.6363418 3.8242128 4.2592829 4.0536591 3.6552344 5.0452139 5.0452139 4.1544952 6.8963894 
HoiH06_mRNA9851                                              2.3561171 2.0524966 1.9353754 1.3838792 2.0634995 2.0151830 1.7503995 2.1093193 1.4948241 2.4032421 2.7403839 2.5939912 2.6134636 2.0274354 0.0776721 0.0000000 0.2014943 0.2014943 0.2007060 0.3771086 0.3690101 2.4572771 2.5011848 2.4029377 2.6314801 2.0672573 3.0136904 3.0136904 3.0136904 3.0136904 3.2290179 3.0376663 3.0054237 5.2371100 5.2371100 5.2371100 5.2371100 3.1211877 3.1207830 2.7976434 3.0882539 2.9350751 2.8927802 2.7559957 2.7288374 2.7288374 3.1985514 5.8674259 3.2304435 3.2304435 3.2304435 3.1442967 3.0927237 3.2608059 3.1070749 3.5694981 3.2303927 3.4274306 3.4462252 2.9543211 2.7731516 2.7731516 3.3093105 3.2477295 3.3093105 3.2477295 3.3093105 3.2477295 3.4763649 3.3614582 3.4763649 3.3614582 3.4763649 3.3614582 6.5888634 6.2701465 6.5888634 6.2701465 6.2701465 6.5888634 2.4136264 2.5508288 3.0404327 2.2766782 2.6529645 2.6585068 2.4323040 2.5097299 3.0944162 2.7959876 2.7455552 2.5821879 2.5130561 2.1710468 2.9923357 2.8731294 3.1309803 2.9179782 2.7493037 2.7627226 2.7956049 2.8416437 2.3872225 2.4599734 2.8700792 3.0210405 2.7953135 3.4231327 3.9863079 3.7206770 3.8650349 3.2250395 3.2396294 3.3888188 3.3888188 3.3180597 3.2564884 3.4312265 3.7113387 3.6010068 3.2508973 3.5932771 3.7744463 4.0720571 4.0729566 3.6774399 4.6338980 4.6338980 3.6582831 6.7857596 
Hhon_g05893.t1                                               2.3930452 2.5334091 2.4280102 1.4649130 2.5739506 2.4955618 1.7347212 2.8466788 1.6486662 2.7769926 2.8914729 2.7030105 3.3290277 2.2808035 0.2708874 0.2014943 0.0000000 0.0000010 0.0058611 0.5832833 0.5763924 3.0660104 2.9011182 2.6492568 3.0483650 2.4059103 3.4092969 3.3390965 3.3390965 3.3658710 3.0905796 3.0627131 2.9960323 5.9673630 5.8705351 5.9673630 5.2101975 3.2151409 3.2019788 2.8249392 3.1655319 3.4905681 3.0794278 2.6818120 2.6204949 2.6204949 3.7559707 8.6224180 3.7013200 3.6513427 3.5215509 3.0206242 3.0474590 3.5294668 3.4352971 4.1598709 3.5863410 3.8170343 4.5109023 3.6169443 2.9198013 2.9198013 4.1779514 4.1213171 4.0983919 4.0398404 3.9742476 3.9149938 4.4993899 4.3983184 4.8153216 4.7217116 4.7100774 4.6110467 8.9999980 8.9999980 8.9999983 8.9999982 8.9999982 8.9999984 2.6634737 2.8896497 3.1958574 2.3333455 3.0359900 2.5956750 2.6874682 2.5500804 3.0308368 3.1470125 3.0888201 2.9301537 2.8573344 2.3056009 3.4789356 2.8167911 2.7805743 2.8338791 2.9912345 2.6853678 3.2593199 3.2907368 2.2934475 2.5243840 3.5230756 3.2408365 2.7523623 3.7257860 3.9784139 3.8125132 3.9976591 3.1456363 3.3772373 3.3301479 3.3301479 3.7015688 3.3331841 3.5544947 3.7536805 3.9375296 3.1248326 3.4466259 3.7625598 4.1037987 4.0290993 3.7525237 4.8707500 4.8707500 4.0909855 6.6640094 
Hhon_g05895.t1                                               2.3930452 2.5334091 2.4280102 1.4649130 2.5739506 2.4955618 1.7347212 2.8466788 1.6486662 2.7769926 2.8914729 2.7030105 3.3290277 2.2808035 0.2708874 0.2014943 0.0000010 0.0000000 0.0058611 0.5832833 0.5763924 3.0660104 2.9011182 2.6492568 3.0483650 2.4059103 3.4092969 3.3390965 3.3390965 3.3658710 3.0905796 3.0627131 2.9960323 5.9673630 5.8705351 5.9673630 5.2101975 3.2151409 3.2019788 2.8249392 3.1655319 3.4905681 3.0794278 2.6818120 2.6204949 2.6204949 3.7559707 8.6224180 3.7013200 3.6513427 3.5215509 3.0206242 3.0474590 3.5294668 3.4352971 4.1598709 3.5863410 3.8170343 4.5109023 3.6169443 2.9198013 2.9198013 4.1779514 4.1213171 4.0983919 4.0398404 3.9742476 3.9149938 4.4993899 4.3983184 4.8153216 4.7217116 4.7100774 4.6110467 8.9999980 8.9999980 8.9999983 8.9999982 8.9999982 8.9999984 2.6634737 2.8896497 3.1958574 2.3333455 3.0359900 2.5956750 2.6874682 2.5500804 3.0308368 3.1470125 3.0888201 2.9301537 2.8573344 2.3056009 3.4789356 2.8167911 2.7805743 2.8338791 2.9912345 2.6853678 3.2593199 3.2907368 2.2934475 2.5243840 3.5230756 3.2408365 2.7523623 3.7257860 3.9784139 3.8125132 3.9976591 3.1456363 3.3772373 3.3301479 3.3301479 3.7015688 3.3331841 3.5544947 3.7536805 3.9375296 3.1248326 3.4466259 3.7625598 4.1037987 4.0290993 3.7525237 4.8707500 4.8707500 4.0909855 6.6640094 
HoiH04_mRNA2210                                              2.3930452 2.5564367 2.4498816 1.4649130 2.5972381 2.5212113 1.7631478 2.8745322 1.6486662 2.8028566 2.9199068 2.7359574 3.3290277 2.2791815 0.2663906 0.2007060 0.0058611 0.0058611 0.0000000 0.5753359 0.5685588 3.0697630 2.9139491 2.6496533 3.0852027 2.4328355 3.4390307 3.3687722 3.3687722 3.3948032 3.0871134 3.0604182 2.9960323 6.4269491 6.3495437 6.4269491 5.5484363 3.2197599 3.2066172 2.8292828 3.1703232 3.5634348 3.1196391 2.7205124 2.6324851 2.6324851 3.7477951 8.5915945 3.7664003 3.7170156 3.5688550 3.0769468 3.0919518 3.5898144 3.4956819 4.2282486 3.6175660 3.7941988 4.5952744 3.6561957 2.8726286 2.8726286 4.1882463 4.1315832 4.1089114 4.0503310 3.9847066 3.9254267 4.5765265 4.4747087 4.8912243 4.7969783 4.7888110 4.6890609 8.9999984 8.9999983 8.9999988 8.9999987 8.9999990 8.9999982 2.7092568 2.8701174 3.1982686 2.3612754 3.0459604 2.5629774 2.7113581 2.5843903 3.0765202 3.1032315 3.0653636 2.9086226 2.8513935 2.3017611 3.4661521 2.8264682 2.7910809 2.8636814 3.0127937 2.6636660 3.2961180 3.3186287 2.3899236 2.5513909 3.5212905 3.3100074 2.8116118 3.7257860 3.9793791 3.8469733 4.0549994 3.1426468 3.4266195 3.2929255 3.2929255 3.6835682 3.2775834 3.5306563 3.7306651 3.9446389 3.1142095 3.4281360 3.7399365 4.0748557 4.0171815 3.7442985 4.7810814 4.7810814 4.0752690 6.6703515 
TrH2_TrispH2_001317-RA                                       2.4576866 2.1702718 2.1460312 1.3608723 2.1792906 2.1364229 1.5253738 2.4021938 1.5528964 2.8110208 2.7584699 2.8965117 3.0980330 2.2209931 0.5290609 0.3771086 0.5832833 0.5832833 0.5753359 0.0000000 0.0059295 2.9530283 2.5907505 2.5322836 2.8632940 2.4028217 3.5248470 3.5539726 3.5539726 3.4708108 3.1725872 3.1110442 3.1500057 5.8972101 7.0085712 5.8972101 5.0724202 3.1119506 3.0696799 2.6939947 2.9550488 3.4996850 3.1779274 2.6412833 2.7810251 2.7810251 3.7137975 7.5927492 3.7994156 3.8606184 3.6270379 3.0180855 3.1209078 3.6387170 3.5588418 3.9341693 3.5091244 4.0807250 4.2831041 3.6110872 2.9870348 2.9870348 4.0492466 3.9960190 4.0202797 3.9648916 3.9062547 3.8501666 4.3573409 4.2604583 4.5702020 4.4818117 4.5546667 4.4600525 7.8121992 7.6487591 8.4075872 8.2187523 7.7777994 7.9797408 2.6458244 2.7813729 3.1664938 2.4483289 3.0606000 2.6373918 2.8466543 2.5763519 3.1863841 3.0030290 2.9283858 2.7886663 2.7460922 2.2631949 3.2725882 2.9000454 2.7947914 2.9251172 3.0911130 2.6756870 3.2959744 3.3270809 2.2815385 2.6508341 3.2335123 3.3211033 2.7994999 3.7353396 4.2336081 4.0629637 4.0096258 3.1003077 3.4910830 3.4584562 3.4584562 3.7900035 3.4108717 3.7103897 3.8179688 4.1266842 3.1787745 3.5084431 3.8943387 4.3009586 4.0873993 3.7507986 4.6592357 4.6592357 4.1469295 6.4044024 
Tadh_TriadT63767                                             2.4576866 2.1475258 2.1268695 1.3608723 2.1563944 2.1132955 1.5203998 2.3741277 1.5528964 2.7616738 2.7551222 2.8714265 3.0363716 2.1901016 0.5196422 0.3690101 0.5763924 0.5763924 0.5685588 0.0059295 0.0000000 2.9610758 2.5713749 2.5080576 2.8399635 2.4039007 3.4970585 3.5251066 3.5251066 3.4437971 3.1607979 3.0658063 3.1500057 5.8972101 7.0085712 5.8972101 5.0724202 3.1046582 3.0624212 2.6869700 2.9477447 3.4575156 3.1324570 2.6339971 2.7721232 2.7721232 3.6832844 7.3794731 3.7567110 3.8157767 3.5828219 3.0079111 3.0725103 3.5982438 3.5166614 3.9152063 3.5242459 4.0669140 4.3114844 3.6267211 2.9870348 2.9870348 4.0421161 3.9888991 4.0128948 3.9575183 3.8989107 3.8428371 4.3437621 4.2469057 4.5573702 4.4690023 4.5409730 4.4463859 7.8012126 7.6393923 8.3854033 8.1993096 7.7643780 7.9636676 2.6244388 2.7476836 3.1270404 2.4367487 3.0609552 2.6229592 2.8204904 2.5600224 3.1744355 3.0086984 2.9382939 2.8006247 2.7746110 2.2420752 3.2352284 2.8931595 2.7873843 2.9298966 3.0866691 2.6756870 3.3336847 3.3645461 2.2615804 2.6211166 3.1999877 3.3370117 2.7871258 3.7408914 4.2409467 4.0755067 4.0241770 3.0764956 3.4864976 3.3835145 3.3835145 3.7923233 3.4390362 3.6846122 3.7902030 4.0743932 3.1564100 3.4860149 3.8830931 4.2863636 4.0747417 3.7397293 4.6616030 4.6616030 4.1850121 6.4227739 
Sanmal_Sma_007567-T1                                         2.5628021 2.2443465 2.2514383 1.4644549 2.2555482 2.2228215 1.5568340 2.2688250 1.7263637 2.5036809 2.5626652 2.4774749 3.1892488 2.5134066 3.0035148 2.4572771 3.0660104 3.0660104 3.0697630 2.9530283 2.9610758 0.0000000 1.4442695 1.4959662 1.6968771 2.2950059 4.1191752 3.9598113 3.9598113 4.0748623 3.2904102 3.6719225 3.4284696 6.3066357 6.0316607 6.3066357 5.5697130 3.4932255 3.5061349 3.0593869 3.3532422 4.0194525 3.7151002 2.9213816 2.7802368 2.7802368 4.2949522 8.9999982 3.9152494 3.7466184 3.5748982 2.6544300 3.0997781 4.0351454 4.1230200 3.6043593 4.3834174 4.3804923 5.1722520 4.1258654 3.2421521 3.2421521 3.8017713 3.7297483 3.8621363 3.7863239 3.7914344 3.7138738 4.0567520 3.9195349 4.0427303 3.9219355 4.1757612 4.0439205 6.5433602 6.3308039 7.5961834 7.3430188 7.2356080 7.5058671 2.0015214 2.3010616 2.0982930 2.2643656 2.5376293 2.0547697 2.6257432 1.9776326 2.9613300 2.8053543 2.9556038 2.9074669 2.8020868 2.4124763 2.1540771 2.4960929 2.3696108 2.8588889 2.9180854 2.5181597 2.8575756 2.9245097 2.0725585 2.7754538 2.2540126 2.9581969 2.4531326 3.5460581 3.4337443 3.7158422 3.3834806 3.4420974 3.6510392 3.4056143 3.4056143 3.1638278 3.4392225 3.2793912 3.6680519 3.5693133 3.5384555 3.5187458 4.3456930 4.7392683 3.6192867 3.3728182 5.3926771 5.3926771 3.6683631 5.4881247 
Rhoesc_Res_011936-T1                                         2.5202897 2.3985706 2.2921633 1.4857799 2.3307968 2.5103890 1.7101551 2.5321752 2.0031258 2.5564231 2.3452058 2.2085710 3.0841721 2.2620195 2.9837008 2.5011848 2.9011182 2.9011182 2.9139491 2.5907505 2.5713749 1.4442695 0.0000000 1.0546547 0.9535546 2.3342252 4.2014035 4.2307873 4.2307873 4.1212591 3.3423393 3.7721228 3.5119573 6.4847174 6.5186370 6.4847174 5.4779859 3.4794085 3.4424092 3.1513489 3.3963423 4.0707262 3.6382378 3.2269717 3.6123742 3.6123742 4.6132780 8.9999982 4.0461407 3.9800181 3.8260036 2.8044807 3.3215088 3.8688463 3.7663897 3.9825311 4.1848478 4.2406857 5.4002272 4.3105528 2.8994541 2.8994541 3.7018894 3.6268697 3.6066576 3.5293219 3.5702602 3.4912494 3.8642714 3.7296325 4.0588330 3.9353206 3.9155568 3.7856733 6.0086716 5.7619715 5.9018072 5.6288306 5.6476400 5.9414887 2.0515811 2.6708078 2.4641405 1.9727042 2.6793998 1.8282183 2.4537143 2.0350041 2.6165044 3.0714080 3.1626469 3.0778084 2.9499124 2.1246823 2.1677852 2.4750371 2.3840230 3.0400249 2.6743360 2.6725465 3.1270513 3.1674201 2.0774743 2.3669238 2.4821491 2.4734479 2.2592919 2.9191141 3.5504917 3.4257366 3.2288236 3.0892638 2.9061124 3.2006130 3.2006130 3.2374670 3.4009890 3.2867567 3.7672069 3.4632880 3.4137144 3.3174368 4.1058724 4.4728752 3.3220331 3.3225683 4.4785757 4.4785757 3.7457228 6.1067083 
Aaur_scaffold478.g9.t1                                       2.3324423 2.0918879 2.2360638 1.3861895 2.1849101 2.2062481 1.6157069 2.3963967 1.9230434 2.3781140 2.4293760 2.3757286 3.7921867 2.3176153 2.7322947 2.4029377 2.6492568 2.6492568 2.6496533 2.5322836 2.5080576 1.4959662 1.0546547 0.0000000 1.2847477 2.1036256 3.6959787 3.5501955 3.5501955 3.6501486 3.1002696 3.0409527 3.3270854 8.9999988 8.9999989 8.9999988 7.7934266 3.4181050 3.3730363 3.0615453 3.3102851 3.8641190 3.3877314 3.2662691 2.9681936 2.9681936 4.0472968 8.3029876 3.8276705 3.7198172 3.6150865 3.0186889 3.2140238 4.1212023 3.9047951 3.9646628 3.6591214 3.8545991 4.2919638 3.6720307 2.9568258 2.9568258 3.9990911 3.9333332 3.9192792 3.8514194 3.9286264 3.8587180 4.4276919 4.3040445 4.4983496 4.3872451 4.3857460 4.2683589 7.0122807 6.7851383 7.0960423 6.8350540 7.2736341 7.5632157 1.9795156 2.6017432 2.1190681 2.2406919 2.6971424 1.8225179 2.6459541 2.0008105 2.6068183 2.9549699 3.2348416 3.0115875 2.9213644 2.1011236 2.0887415 2.5977817 2.4647405 2.9143639 2.8158926 2.9976716 3.1733918 3.2487058 2.2316712 2.5393157 2.3283157 3.1304004 2.5344685 3.5297708 3.2190908 3.6677844 3.4552730 3.1536238 2.9497507 3.2168925 3.2168925 3.0036263 3.3151201 3.3545829 3.3416117 3.3166308 2.9031009 2.9840006 4.1182163 4.7729818 3.6933185 3.5735205 4.4471495 4.4471495 3.5951177 6.3905592 
Nemnom_g10033.t1                                             2.2990696 2.3323671 2.3272053 1.4361902 2.2899298 2.5043953 1.5929017 2.6254178 1.8926808 2.4978025 2.6149326 2.2519046 3.1806940 2.5109374 3.0351729 2.6314801 3.0483650 3.0483650 3.0852027 2.8632940 2.8399635 1.6968771 0.9535546 1.2847477 0.0000000 2.1353863 4.0782345 3.9762488 3.9762488 3.9810775 3.1867189 3.5678341 3.2359985 8.1882451 7.7170603 8.1882451 6.5276355 3.2041598 3.2054087 2.8808599 3.1620773 3.7526266 3.2962526 3.0606885 3.3385451 3.3385451 4.5344589 8.9999987 4.2050933 4.2605812 4.0661131 3.0240823 3.4990595 4.3258191 4.2000588 4.1801811 3.9089410 3.8702528 4.7415759 4.0915547 3.0658303 3.0658303 4.1014817 4.0685645 4.1254503 4.0911857 4.0584805 4.0234373 4.6864031 4.6233612 4.6984562 4.6419791 4.7897990 4.7292236 6.5390012 6.4493382 7.0032211 6.9025051 6.8258192 6.9327188 2.0971606 2.5725712 2.3069802 2.0938044 2.5695159 2.0078852 2.3520594 1.9845834 2.6496702 2.8206396 2.9261824 2.8769207 2.6987493 1.9506376 2.2829985 2.7574100 2.4836786 3.1739936 3.0162523 2.9446065 3.1395216 3.2160509 2.5547809 2.5702524 2.4611248 2.8402410 2.1009548 3.6999223 3.3571847 3.5768825 3.5794463 3.1017108 2.7697910 3.2654842 3.2654842 3.2425458 3.4592750 3.3334890 3.7555594 3.3737854 3.3629561 3.3030817 4.0178573 4.4035042 3.7445836 3.3941281 4.9571590 4.9571590 3.6324102 7.1512005 
Spur_XM_030976734.1                                          2.0112321 1.8384387 1.7073218 1.3759166 1.8481916 1.6444094 1.4037532 1.8971415 1.5071259 2.0166901 2.1961594 2.4231941 2.0316915 1.7399671 2.4178638 2.0672573 2.4059103 2.4059103 2.4328355 2.4028217 2.4039007 2.2950059 2.3342252 2.1036256 2.1353863 0.0000000 3.3335044 3.3335044 3.3335044 3.2996077 3.1692283 3.0463182 3.4560352 5.5696260 5.5696260 5.5696260 4.4294765 2.9513946 2.9509193 2.7610423 2.9697549 2.7794841 2.6846954 2.7187655 2.5887519 2.5887519 3.3713315 8.9999990 3.1166300 3.1166300 3.1166300 2.7153706 2.5770185 3.0402726 2.8617317 3.2034696 3.5888093 4.2191724 3.9603202 3.4843045 3.0064488 3.0064488 3.0462197 3.0053754 3.1368464 3.0962121 3.1368464 3.0962121 3.2820724 3.2049734 3.0977134 3.0192098 3.2820724 3.2049734 4.6374959 4.5690963 5.5812673 5.6293532 5.6293532 5.5812673 2.4785732 2.1227000 2.0224011 1.6809860 2.0088505 2.0155202 2.1175236 2.2130487 2.2520747 2.3123309 2.5683174 2.3871584 2.4759745 1.9652572 2.1232860 2.2483281 2.2199117 2.2521269 2.4006299 2.2850249 2.3128105 2.3561622 1.4839558 2.0929298 2.2052046 2.5526682 2.0418622 2.6063346 2.8746508 2.9034460 3.0199878 3.0559177 2.6667379 2.8741970 2.8741970 3.0253008 3.6313043 3.0687593 3.2684925 3.2900031 3.2187242 3.1951411 3.8495420 4.0535431 3.9425876 3.4219126 5.0425678 5.0545491 3.5112008 6.3201309 
Bolinf_Binf_sb1245442                                        3.6375240 3.1579834 3.2484090 2.1716642 3.1743732 3.5514342 2.5913148 3.5677939 2.6371946 3.5121357 3.5100296 3.5298242 3.7035929 3.0975920 3.0485789 3.0136904 3.4092969 3.4092969 3.4390307 3.5248470 3.4970585 4.1191752 4.2014035 3.6959787 4.0782345 3.3335044 0.0000000 0.0000010 0.0000010 0.0000010 0.0041315 0.0000010 0.0099575 0.4327155 0.4844426 0.4327155 0.4327155 0.7489546 0.7544743 0.6208388 0.6720495 0.9938473 0.7357254 0.6583672 0.5293527 0.5293527 1.1620065 4.0682300 1.4960202 1.4661582 1.3285862 0.8014097 0.9593313 1.4894607 1.5930425 1.6397651 1.0038081 1.1025455 1.6918374 1.2801807 0.8158997 0.8158997 1.4733002 1.4478704 1.4495236 1.4232114 1.4002588 1.3731937 1.9866257 1.9411359 2.0846437 2.0443290 2.0703016 2.0274947 5.1759683 5.2211206 5.6267252 5.7061017 5.6713460 5.5891149 3.5918572 3.4114052 3.2980696 2.6937938 3.5566566 3.3042447 3.1517518 3.2275603 3.7799976 3.9724274 3.9592532 3.6203127 3.6346117 2.9877509 4.0263816 3.5234413 3.2280133 3.7644199 3.9193348 4.0640892 4.0923072 4.1296057 2.7482889 3.3490643 4.6469287 4.0921576 3.3154990 4.1857458 3.9545742 4.5246222 4.4517683 3.7977750 3.9581517 4.0916828 4.0916828 4.4147134 4.5815932 3.8817955 3.4941699 3.8967349 3.9546178 3.7170982 5.2320154 5.5092754 4.5358625 4.2313641 4.6726747 4.7211596 5.0686207 6.4391842 
Bolinf_Binf_sb1245443                                        3.6375240 3.1254141 3.1977146 2.1716642 3.1023444 3.5514342 2.5913148 3.5127391 2.6371946 3.4069252 3.3855608 3.4546641 3.7035929 2.9786794 3.0405164 3.0136904 3.3390965 3.3390965 3.3687722 3.5539726 3.5251066 3.9598113 4.2307873 3.5501955 3.9762488 3.3335044 0.0000010 0.0000000 0.0000010 0.0000010 0.0041315 0.0000010 0.0099575 0.5627182 0.5627182 0.5627182 0.5627182 0.7489546 0.7544743 0.6208388 0.6720495 0.9531961 0.7357254 0.6583672 0.5293527 0.5293527 1.1029837 3.7744679 1.4661582 1.4661582 1.3285862 0.8014097 0.9593313 1.4593540 1.5613426 1.6397651 1.0038081 1.1025455 1.5870582 1.2165545 0.8158997 0.8158997 1.3991982 1.3730886 1.4495236 1.4232114 1.4002588 1.3731937 1.9866257 1.9411359 1.9452350 1.9020366 2.0703016 2.0274947 4.8605558 4.8896932 5.6267252 5.7061017 5.6713460 5.5891149 3.5364040 3.2550644 3.2173388 2.6937938 3.4930803 3.3042447 3.1517518 3.2275603 3.7799976 3.9724274 3.9592532 3.6203127 3.6346117 2.9877509 3.8437837 3.5234413 3.2280133 3.7644199 3.8405704 4.0640892 3.9836367 4.0223075 2.7482889 3.2678802 4.5047581 4.0242629 3.3154990 4.1857458 3.9545742 4.5246222 4.4517683 3.7977750 3.9581517 4.0916828 4.0916828 4.4147134 4.5815932 3.8817955 3.4941699 3.8967349 3.9546178 3.7170982 5.2320154 5.5092754 4.5358625 4.2313641 4.6726747 4.7211596 5.0686207 6.3045597 
Bolinf_Binf_sb1245444                                        3.6375240 3.1254141 3.1977146 2.1716642 3.1023444 3.5514342 2.5913148 3.5127391 2.6371946 3.4069252 3.3855608 3.4546641 3.7035929 2.9786794 3.0405164 3.0136904 3.3390965 3.3390965 3.3687722 3.5539726 3.5251066 3.9598113 4.2307873 3.5501955 3.9762488 3.3335044 0.0000010 0.0000010 0.0000000 0.0000010 0.0041315 0.0000010 0.0099575 0.5627182 0.5627182 0.5627182 0.5627182 0.7489546 0.7544743 0.6208388 0.6720495 0.9531961 0.7357254 0.6583672 0.5293527 0.5293527 1.1029837 3.7744679 1.4661582 1.4661582 1.3285862 0.8014097 0.9593313 1.4593540 1.5613426 1.6397651 1.0038081 1.1025455 1.5870582 1.2165545 0.8158997 0.8158997 1.3991982 1.3730886 1.4495236 1.4232114 1.4002588 1.3731937 1.9866257 1.9411359 1.9452350 1.9020366 2.0703016 2.0274947 4.8605558 4.8896932 5.6267252 5.7061017 5.6713460 5.5891149 3.5364040 3.2550644 3.2173388 2.6937938 3.4930803 3.3042447 3.1517518 3.2275603 3.7799976 3.9724274 3.9592532 3.6203127 3.6346117 2.9877509 3.8437837 3.5234413 3.2280133 3.7644199 3.8405704 4.0640892 3.9836367 4.0223075 2.7482889 3.2678802 4.5047581 4.0242629 3.3154990 4.1857458 3.9545742 4.5246222 4.4517683 3.7977750 3.9581517 4.0916828 4.0916828 4.4147134 4.5815932 3.8817955 3.4941699 3.8967349 3.9546178 3.7170982 5.2320154 5.5092754 4.5358625 4.2313641 4.6726747 4.7211596 5.0686207 6.3045597 
