98
Lcom_lcpid240837                                      0.0000000 0.7119215 2.4375847 2.5066505 2.2387553 3.2251518 2.3867613 2.4193091 2.2666309 2.3772734 6.3698587 2.9305898 2.9632992 2.6785221 2.3154724 2.2108524 2.2109368 2.2108524 0.0000010 6.6296992 1.6715669 1.6715669 1.8630297 1.8630297 1.5418367 1.6447028 1.6467166 1.9176433 1.7563517 1.7632046 1.5306434 1.6550298 1.7242749 1.6107351 1.7458351 1.6344030 1.7036657 2.6959903 1.4899514 1.6018996 1.6850233 1.6268761 1.7526466 1.9791690 1.8266756 1.8153371 1.9696767 2.0250287 2.0250287 2.0954215 1.8401305 1.8401305 1.9250013 2.1154283 0.7974149 1.7037992 1.8363691 1.9014818 1.6765516 1.8287419 1.4296395 1.4931054 1.5678022 1.5788822 1.5788822 1.5448149 1.5891362 1.8289790 2.1863756 1.9392441 4.5468530 2.4424654 2.1971226 1.6916316 3.6530412 1.8296370 1.8642087 2.8307892 2.2677325 2.1659776 2.1815800 2.4111955 2.2629117 2.7626636 2.1837189 1.9509271 2.4600311 2.2538324 2.5208387 2.8326548 2.0608185 2.3415242 3.3775410 3.6591132 2.5417310 5.4140591 2.1032422 6.4318751 
Bolinf_Binf_sb1322145                                 0.7119215 0.0000000 0.0000010 1.7173205 0.0000010 0.0000010 1.2736200 0.1324626 1.1947305 4.1619131 3.0032355 0.0000010 0.7613671 0.9164261 1.0500464 0.7491278 0.7491278 0.7491278 0.0000010 0.0000010 3.0509558 3.0509558 3.0815543 3.0815543 3.9011991 3.2388270 4.1587308 2.5923316 1.4543072 2.7388063 2.3739186 2.0549401 2.0963813 2.1248650 2.1110415 2.0403089 2.1626336 2.9422934 2.3569885 2.2616064 0.0000010 2.2015695 2.3903590 1.8349508 2.2426928 2.1990102 1.3588676 2.4230627 2.4230627 2.3959319 1.8294308 1.9977327 2.0798611 3.5166621 0.0000010 2.1643608 2.2679625 2.4145545 3.4009840 2.9996038 2.9637395 2.0902434 2.4349410 2.6997011 2.8009262 2.8530092 2.8851061 1.0861680 3.0316859 2.4302125 0.0000010 3.4694792 3.1877265 2.8150369 2.7210629 3.2550380 3.0469328 2.5957791 3.1263029 3.0942118 2.9673149 3.1013340 3.1891472 3.2177593 2.7433587 0.0000010 3.8667507 3.4078520 3.4696009 2.8610848 1.9620277 2.8224116 3.8276026 4.9426173 2.4616697 5.9526787 3.2217086 8.9999984 
Mertsp_Mesp_sb567058                                  2.4375847 0.0000010 0.0000000 0.0158706 0.3508601 0.4071725 0.6727264 0.4217504 0.7378577 0.7050715 1.3596608 0.5638139 0.7212414 0.8037876 0.7642390 0.7414701 0.7787583 0.7414701 2.1461914 2.4801459 2.0543504 2.0543504 2.1410945 2.1477512 2.2038339 1.5593296 2.1725275 1.9957574 1.6830303 2.0634468 1.8804729 1.8360869 1.8235331 1.8418860 1.8242033 1.8466408 1.8906262 1.9751725 1.7624632 1.7465614 1.3955673 1.8582769 1.8574701 1.6154311 1.8119189 1.7943707 1.6520201 1.9482784 1.9482784 1.9590559 1.7404437 1.7431166 1.8009613 2.1389842 1.3390570 1.7688970 1.9896779 1.9804323 2.2408530 1.9879315 1.9168680 1.6559049 1.7055630 1.7912562 1.8841703 1.9465620 1.9022849 1.3554890 2.0272104 1.9759475 2.0322214 2.1817025 2.1219890 2.0065153 2.0915886 2.1873373 2.2556542 2.1421589 2.0818696 2.1956713 2.2062090 2.2257974 2.0994450 2.1553580 2.4340236 1.8164708 2.3614247 2.3710295 2.3540830 2.1752467 1.9898295 2.4697638 2.7075736 3.5913156 2.3560041 5.3963618 3.4261460 7.7084729 
Bolinf_Binf_sb1194344                                 2.5066505 1.7173205 0.0158706 0.0000000 0.3508601 0.4071725 0.4420730 0.4692828 0.5970418 0.6514923 1.1747528 0.5638139 0.7086394 0.7541780 0.6436064 0.7610746 0.8201270 0.7610746 2.1461914 2.4801459 1.6665326 1.6665326 1.8266745 1.7672286 1.7156750 1.5536485 1.7790938 1.6877527 1.7029451 1.7295737 1.6831822 1.6742582 1.6372106 1.7643908 1.6796779 1.6839589 1.7401002 1.6573202 1.6045413 1.6158179 1.3955673 1.6026525 1.5811833 1.4692514 1.6529496 1.6701338 1.7819017 1.6535528 1.6535528 1.7494755 1.6929061 1.6929061 1.5798083 1.6919931 1.3390570 1.5882208 1.8242138 1.7629431 1.8034923 1.6761959 1.5756400 1.5749784 1.5352277 1.4919766 1.4934383 1.5433573 1.4858807 1.4451010 1.7595021 1.7647406 2.0322214 1.6953525 1.7274879 1.6704625 1.7591585 1.8508640 1.9531299 2.0499797 1.6989992 1.8950743 1.8792151 1.9000271 1.7347975 1.8103787 2.3579033 1.8164708 2.0050077 2.0235509 1.9589676 1.9785111 1.9767128 2.1791193 2.5514652 3.0541135 2.1454079 5.1418417 3.6468107 7.5726526 
Bolinf_Binf_sb1229342                                 2.2387553 0.0000010 0.3508601 0.3508601 0.0000000 0.0000010 0.1043017 0.3170706 0.5400845 0.5161045 1.1472766 0.6239522 0.6211693 0.6829088 0.5727166 0.7236893 0.7156494 0.7236893 2.5018205 2.9163770 1.3090216 1.3090216 1.6560529 1.4576379 1.5571789 1.4930063 1.6055155 1.5912139 1.6086407 1.6086407 1.5262106 1.5324704 1.4866375 1.5202087 1.5134178 1.5191249 1.5544266 1.6962669 1.6074351 1.5696696 1.6673655 1.6019472 1.5891650 1.5404160 1.5628318 1.5587498 1.7708892 1.4919409 1.4919409 1.6017943 1.6086637 1.6086637 1.5503649 1.7769665 1.8483855 1.5676877 1.5668707 1.5548654 1.6359289 1.3619400 1.6100730 1.6237299 1.5542070 1.5572808 1.5572808 1.5916419 1.2444551 1.4891411 1.8420099 1.3805935 4.5551939 1.6610428 1.4394092 1.5339831 1.6400842 1.7219903 1.7627051 1.7634761 1.5981154 1.6107493 1.7278834 1.5618505 1.7270838 1.6987602 2.3137747 1.6579994 1.6243091 1.6502156 1.6053126 1.8498695 1.6792368 1.9867745 2.4646801 2.7862090 1.8400931 4.6998313 4.0085027 7.6237025 
Mertsp_Mesp_sb607468                                  3.2251518 0.0000010 0.4071725 0.4071725 0.0000010 0.0000000 0.0803432 0.2954893 0.4530141 0.4515229 0.9413820 0.5594479 0.5556823 0.6235330 0.5811107 0.6254784 0.4635015 0.6254784 2.5018205 2.9163770 1.1359566 1.1359566 1.4744909 1.1038022 1.4371357 1.4103292 1.4015922 1.6262796 1.4091344 1.4091344 1.5673008 1.5866486 1.5385454 1.6654757 1.6195132 1.6306384 1.6017428 1.5757730 1.5286798 1.5406365 1.7335341 1.6406253 1.5790629 1.5264179 1.5718215 1.5485285 1.8094338 1.4746505 1.4746505 1.5090497 1.5369641 1.5369641 1.6431442 1.8177089 1.8483855 1.7140616 1.4084075 1.6127428 1.7337768 1.3805133 1.6174490 1.6378322 1.5809474 1.5368055 1.5368055 1.5719822 0.9902957 1.5461769 1.7461708 1.5753137 4.3841394 1.5660475 1.3787003 1.5210564 1.5074203 1.7301142 1.8547517 1.5723367 1.6176019 1.5435810 1.8207650 1.5270797 1.6376132 1.6303573 2.5443471 1.7107325 1.4714236 1.5940335 1.5280936 1.6284793 1.5314227 9.0000000 2.7812880 2.8033281 2.3215423 4.6655319 5.3522395 6.4732033 
Mlei_ML0953.g21.i1                                    2.3867613 1.2736200 0.6727264 0.4420730 0.1043017 0.0803432 0.0000000 0.3684445 0.7597153 0.7412226 1.4967549 0.6257932 0.8323703 1.0544868 0.8722360 0.9157139 0.9369473 0.9157139 2.7675639 3.1813457 1.9097881 1.9097881 2.2135883 2.1456579 2.2659348 1.5692934 2.2264453 2.1392330 1.7010599 2.0409157 2.0724357 1.8714683 1.8549668 1.8755971 1.8882510 1.8946541 1.9437864 2.1118321 2.0264145 2.0451417 1.6656531 2.0686935 1.9340357 1.7678448 1.9830324 1.9209733 1.9620187 2.0780962 2.0780962 1.9221093 1.9763003 1.9914947 1.9379442 1.9869675 1.8527718 1.9118503 1.8723045 2.0498167 2.3408254 2.0638622 2.1929368 1.9039457 1.9816073 2.0443633 2.0835432 2.0781072 1.9892408 1.5488569 2.1605373 2.1558631 2.2661375 2.2140126 2.0255407 2.0200732 2.1045906 2.4555663 2.5971043 2.3735257 2.3092543 2.1437632 2.3138140 2.1386566 2.3810500 2.3667953 2.5889334 1.8562342 2.3740171 2.2481066 2.4576342 2.1777630 2.0580473 2.6689552 2.8139849 3.7132081 2.1387296 6.4894707 3.3399943 8.8579696 
Beraby_Baby_sb330451                                  2.4193091 0.1324626 0.4217504 0.4692828 0.3170706 0.2954893 0.3684445 0.0000000 0.6460286 0.7140794 1.1805165 0.6723606 0.7719239 0.7478297 0.7075806 0.8213734 0.9290912 0.8213734 2.0778667 2.4022165 1.5285211 1.5285211 1.6210546 1.5500562 1.5779194 1.4765577 1.5879115 1.5861662 1.6112745 1.6352025 1.6214413 1.5210669 1.5131399 1.6198634 1.5446955 1.5486928 1.5990694 1.5332802 1.4321141 1.5313970 1.2401508 1.5576123 1.5756552 1.4779440 1.5687123 1.5914358 1.6831200 1.5510210 1.5510210 1.6693162 1.7326325 1.7326325 1.5214736 1.7603326 1.4239972 1.6142563 1.6311700 1.6823482 1.7885421 1.6235239 1.6165994 1.6145857 1.5724778 1.5733144 1.5753767 1.5963897 1.5593292 1.5752537 1.7370056 1.5517570 2.4393671 1.6992188 1.4704675 1.6813163 1.6167116 1.8602978 2.0462142 1.9962257 1.7863350 1.8176800 1.8615718 1.7632665 1.7238290 1.7150346 2.4484171 1.9571156 1.7341503 1.9708928 1.9357192 1.9960610 1.9596301 2.1898815 2.4410932 2.8410125 1.8332184 5.7263347 3.7381469 7.9572581 
Horcal_Hcv1.av93.c11.g914.i1                          2.2666309 1.1947305 0.7378577 0.5970418 0.5400845 0.4530141 0.7597153 0.6460286 0.0000000 0.1182574 0.4829676 0.5894058 0.7649249 0.8788887 0.8532696 0.8082653 0.8319770 0.8082653 2.7229668 3.0923537 2.0452021 2.0452021 2.0529255 1.9976179 2.1787191 1.5776179 2.1535843 1.8670209 1.6896540 1.8800429 1.7825036 1.6486812 1.6528564 1.7125914 1.6037786 1.6321589 1.7640941 2.1645191 1.6094124 1.6141559 1.4684020 1.6513383 1.7195029 1.5357408 1.7214527 1.6981694 1.5912010 1.8209012 1.8209012 1.7440457 1.7478746 1.7635854 1.6635584 1.8890106 1.4634155 1.6404229 1.6364845 1.8339506 2.0229958 1.9255975 2.0272462 1.6757350 1.8489389 1.9981479 1.9599067 1.9973494 1.9261854 1.4833978 1.6105482 1.8572034 1.9269263 2.0106045 1.9384399 1.8629723 1.9940448 1.9671588 2.0297639 1.9937878 1.9678345 2.1221184 2.0950578 1.9069382 2.0982775 1.8159227 2.2420036 1.9714096 1.9919264 2.1385680 1.9732559 1.9332935 1.9384071 2.2329549 2.5837765 3.3749469 1.8604945 5.2717445 3.1782190 7.8762826 
Pbac_sb2647783                                        2.3772734 4.1619131 0.7050715 0.6514923 0.5161045 0.4515229 0.7412226 0.7140794 0.1182574 0.0000000 0.3192470 0.6080109 0.7598287 0.8064413 0.8273600 0.8566532 0.9215724 0.8566532 2.6946436 3.0771972 1.8054660 1.8054660 1.8362516 1.6749288 1.9641640 1.6933728 2.0558599 1.9894326 1.8627030 1.9657915 1.8891976 1.9973749 1.9666782 2.1219718 1.9307875 1.9575401 2.1041135 1.9532051 1.7374019 1.8295539 1.5366190 1.8776110 1.7826833 1.7358791 1.8608750 1.8352982 1.9154411 1.8009977 1.8009977 1.9383227 2.0422267 2.0540986 1.8904268 2.0831653 1.4829968 1.8316797 1.7404869 1.9773393 2.1102287 1.8062240 1.9503941 1.9716701 1.9965894 1.9362188 1.9362188 2.0533827 1.8376001 1.7998777 1.7365093 1.9921898 4.6142268 2.0141761 1.8263581 1.8194786 1.9287812 1.9073990 2.0179619 2.1064237 1.9477507 2.1050283 2.0092576 1.8474203 1.8752598 1.7325025 2.8057485 2.0566652 1.8761854 1.9019720 1.6647555 2.0672290 1.9930695 2.9391740 2.3721856 2.9917844 2.5018311 4.7081581 5.2169290 7.7573317 
Pbac_sb2647784                                        6.3698587 3.0032355 1.3596608 1.1747528 1.1472766 0.9413820 1.4967549 1.1805165 0.4829676 0.3192470 0.0000000 1.0119604 1.1704629 1.5432470 1.5334824 1.8859913 3.9072786 1.8859913 2.5176210 2.5176210 3.8557247 3.8557247 3.0810758 3.9183972 3.0370647 2.4822197 2.9604700 3.3593804 2.8109989 3.3076801 3.2595875 2.6957620 2.5871892 2.5602392 2.5562216 2.6631234 2.5460782 2.1408036 2.4739834 2.5414061 2.3568166 2.9025151 2.5042394 2.3820939 2.5341817 2.4244032 2.5745365 2.4801812 2.4801812 3.0385339 2.8798568 2.8798568 2.7113198 2.5262523 2.0732521 2.7617565 2.7570615 3.2487689 3.2948538 2.5942481 2.8819644 2.8819644 2.9683336 2.7845163 2.7845163 2.9946433 3.8692367 2.4029509 2.1522442 2.6699223 0.0000010 2.8803968 2.6186804 3.1184789 2.7987658 3.5829366 3.2547391 2.9115600 2.8936904 3.0869402 2.7362197 2.8144502 2.6585620 3.3532140 3.3676618 2.9191034 2.7397325 3.3420658 2.6346901 2.6510186 2.8035457 4.1525114 4.0092030 4.6416749 9.0000000 7.8657063 6.5099715 6.5620566 
Coeast_Cast_sb786971                                  2.9305898 0.0000010 0.5638139 0.5638139 0.6239522 0.5594479 0.6257932 0.6723606 0.5894058 0.6080109 1.0119604 0.0000000 0.0109030 0.2493843 0.5112186 0.6772856 0.6205734 0.6772856 2.6166190 3.1692458 1.2458541 1.2458541 1.4568588 1.1635973 1.3796788 1.3463928 1.3889767 1.4481225 1.5665117 1.5665117 1.2827672 1.2266561 1.1840179 1.2128531 1.1532948 1.2919582 1.3002753 1.4930485 1.2912641 1.3583159 1.2773999 1.2737836 1.2617407 1.1705985 1.2097991 1.2001069 1.3764907 1.1873229 1.1873229 1.3633865 1.4432022 1.4432022 1.2635736 1.4056652 1.4635532 1.5014297 1.2488507 1.3921831 1.3743031 1.1421023 1.3638548 1.3591833 1.3751316 1.3889822 1.3889822 1.4190407 1.1143358 1.1764502 1.4366665 1.4473370 4.2407848 1.4636813 1.3135115 1.1950606 1.4447970 1.5713735 1.6274773 1.6651022 1.3688078 1.5886525 1.5244107 1.3083780 1.2556943 1.4997791 2.1236714 1.5251072 1.2569491 1.4776236 1.3641107 1.4681614 1.5146927 1.3618757 2.2283960 2.6074700 1.6927965 5.1578769 3.7547407 7.3625948 
Coemet_Cmet_scaffold5057_01                           2.9632992 0.7613671 0.7212414 0.7086394 0.6211693 0.5556823 0.8323703 0.7719239 0.7649249 0.7598287 1.1704629 0.0109030 0.0000000 0.4108983 0.6157675 0.7701004 0.7832669 0.7701004 2.5516052 3.1078025 1.8244317 1.8244317 1.9060407 1.8275408 2.0565539 1.5994330 1.9566134 1.8827995 1.8193555 1.9744474 1.6121650 1.4758269 1.4611651 1.4837718 1.4846251 1.5018244 1.5389333 1.8294195 1.5904944 1.6684491 1.2531194 1.5736643 1.6086432 1.4554977 1.5828648 1.5580008 1.5429111 1.6545299 1.6545299 1.6028749 1.7272736 1.7635659 1.4361295 1.6645176 1.4155227 1.6041901 1.5750196 1.6717180 1.8968217 1.6422885 1.9260346 1.6819313 1.7955278 1.8827867 1.8868074 1.8936901 1.8542989 1.3707321 1.7442191 1.8441172 2.4890901 1.9464580 1.8540396 1.8511156 1.8750238 2.2409492 2.2145231 2.1595455 2.0192215 2.0138199 1.9344376 1.8883509 1.9722854 1.9915401 2.3099310 1.7850336 1.8944393 2.0754871 2.0577006 1.8597133 1.8595894 2.2040457 2.6639581 3.4865077 1.9499297 5.7724056 3.1374590 8.0759031 
Vmul_Simscaffold14638_01                              2.6785221 0.9164261 0.8037876 0.7541780 0.6829088 0.6235330 1.0544868 0.7478297 0.8788887 0.8064413 1.5432470 0.2493843 0.4108983 0.0000000 0.7235995 0.9149285 0.9445354 0.9149285 2.5943890 3.2109038 1.8390101 1.8390101 1.9276767 1.8704842 2.0094790 1.5413042 1.9501532 1.9226183 1.6958580 1.8887798 1.7085805 1.6217346 1.6154899 1.6299260 1.6327610 1.6334057 1.7029547 1.9588585 1.6702564 1.6876103 1.4353635 1.6345326 1.6621818 1.5982578 1.7198967 1.6680952 1.6251017 1.6999217 1.6999217 1.7534878 1.7095484 1.7520898 1.6243785 1.9055905 1.5832008 1.8101614 1.7417869 1.7092613 1.9076156 1.7828986 1.9012178 1.6453804 1.6982934 1.8755021 1.8664459 1.8686617 1.7739743 1.3915177 2.0484239 1.8214534 2.5219412 2.1048601 1.9292082 2.0093055 2.0355182 2.1971438 2.3098897 2.1915554 2.0282272 2.1410469 2.2559128 1.8068109 2.0341119 2.1149781 2.1240595 1.8268066 2.0216853 2.3921393 2.2248917 2.0543855 1.8887517 2.3220956 2.7243714 3.7602111 2.0301484 6.0026720 3.2219940 8.1952477 
Lampan_Lpan_C412421_01                                2.3154724 1.0500464 0.7642390 0.6436064 0.5727166 0.5811107 0.8722360 0.7075806 0.8532696 0.8273600 1.5334824 0.5112186 0.6157675 0.7235995 0.0000000 0.7623004 0.7861405 0.7623004 1.9550609 2.3174816 1.8574167 1.8574167 1.8897398 1.9127197 2.0109563 1.5114020 1.8410091 1.9280693 1.6324918 1.8419192 1.8479204 1.5930219 1.5974250 1.6013962 1.6042530 1.6243631 1.6223156 2.0302726 1.5665251 1.6112174 1.2843607 1.6839890 1.6885337 1.6159170 1.7160760 1.7164583 1.5229950 1.6545642 1.6545642 1.6518499 1.6622015 1.5952982 1.5428434 1.8338371 1.4538149 1.6367326 1.6583102 1.7404933 2.0280326 1.8592551 2.0104920 1.7517765 1.8029320 1.9177200 1.9063236 1.9072999 1.9225532 1.3735357 1.8172818 1.8226210 2.2905774 1.9961062 1.9246308 2.0316753 2.0181262 2.1791731 2.2715057 1.9624237 2.1142632 2.1306662 2.0436051 1.9327767 2.0283997 2.0270053 2.3058093 1.7703489 2.1528799 2.0355077 2.1207611 2.1292791 1.9854923 2.2408221 2.6472036 3.3243090 1.6626429 6.0958029 3.0102778 8.9999990 
Eupdun_Edun_sb10636159                                2.2108524 0.7491278 0.7414701 0.7610746 0.7236893 0.6254784 0.9157139 0.8213734 0.8082653 0.8566532 1.8859913 0.6772856 0.7701004 0.9149285 0.7623004 0.0000000 0.0000010 0.0000010 1.7899299 2.2327008 1.5693622 1.5693622 1.5758582 1.5665392 1.5325690 1.3657192 1.5617366 1.4327261 1.5480455 1.4975183 1.3231480 1.1366405 1.1289720 1.1901114 1.1739438 1.1757874 1.2011488 1.3395716 1.2213626 1.3156907 1.0911990 1.2866059 1.3146329 1.1887331 1.2331522 1.2459453 1.4053367 1.2456900 1.2456900 1.3092780 1.3834915 1.3834915 1.2320841 1.3776711 1.4335296 1.1565136 1.2965318 1.4193587 1.6826414 1.3120004 1.2136073 1.2165614 1.2295010 1.2355618 1.2368661 1.2421215 1.2302489 1.2567569 1.3200364 1.5015205 1.8883486 1.4285610 1.3917114 1.3769827 1.5358071 1.5869536 1.6110510 1.5343764 1.3919582 1.5317772 1.4844243 1.4791365 1.6419251 1.4217784 2.2092382 1.7200604 1.4525616 1.9346281 1.7490689 1.6657051 1.7361416 1.5825234 2.5048766 2.9680379 1.6626338 4.9241330 2.8568469 7.2993192 
Eupdun_Edun_sb10636160                                2.2109368 0.7491278 0.7787583 0.8201270 0.7156494 0.4635015 0.9369473 0.9290912 0.8319770 0.9215724 3.9072786 0.6205734 0.7832669 0.9445354 0.7861405 0.0000010 0.0000000 0.0000010 0.0000010 5.0841143 1.7136309 1.7136309 1.7483173 1.7483173 1.6359500 1.5306994 1.7229951 1.5152203 1.7603064 1.6309115 1.3420023 1.2211195 1.2324280 1.3116063 1.2922184 1.2613509 1.3190994 2.0571701 1.3017738 1.3990341 1.0217324 1.3187553 1.3840672 1.2884044 1.3275177 1.3598076 1.4923359 1.3275450 1.3275450 1.3309091 1.3762708 1.3762708 1.2942218 1.5214369 2.6018586 1.1429182 1.3687021 1.4351653 1.8683484 1.4107822 1.2250412 1.2291539 1.2497916 1.2701450 1.2720294 1.2550653 1.2825933 1.1941184 1.4071411 1.6606104 1.9243669 1.5564898 1.4902493 1.4826238 1.7655726 1.6642972 1.7024394 1.6912560 1.4540705 1.6107926 1.7166540 1.5702691 1.8193369 1.4301342 2.0408917 1.7722406 1.5930261 2.0724128 1.9554366 1.8031611 1.7602120 1.5825234 2.4493567 3.3218039 1.6626338 4.7026201 2.2914083 7.8853258 
Eupdun_Edun_sb10636157                                2.2108524 0.7491278 0.7414701 0.7610746 0.7236893 0.6254784 0.9157139 0.8213734 0.8082653 0.8566532 1.8859913 0.6772856 0.7701004 0.9149285 0.7623004 0.0000010 0.0000010 0.0000000 1.7899299 2.2327008 1.5693622 1.5693622 1.5758582 1.5665392 1.5325690 1.3657192 1.5617366 1.4327261 1.5480455 1.4975183 1.3231480 1.1366405 1.1289720 1.1901114 1.1739438 1.1757874 1.2011488 1.3395716 1.2213626 1.3156907 1.0911990 1.2866059 1.3146329 1.1887331 1.2331522 1.2459453 1.4053367 1.2456900 1.2456900 1.3092780 1.3834915 1.3834915 1.2320841 1.3776711 1.4335296 1.1565136 1.2965318 1.4193587 1.6826414 1.3120004 1.2136073 1.2165614 1.2295010 1.2355618 1.2368661 1.2421215 1.2302489 1.2567569 1.3200364 1.5015205 1.8883486 1.4285610 1.3917114 1.3769827 1.5358071 1.5869536 1.6110510 1.5343764 1.3919582 1.5317772 1.4844243 1.4791365 1.6419251 1.4217784 2.2092382 1.7200604 1.4525616 1.9346281 1.7490689 1.6657051 1.7361416 1.5825234 2.5048766 2.9680379 1.6626338 4.9241330 2.8568469 7.2993192 
Emue_Em0005g1683a.t1                                  0.0000010 0.0000010 2.1461914 2.1461914 2.5018205 2.5018205 2.7675639 2.0778667 2.7229668 2.6946436 2.5176210 2.6166190 2.5516052 2.5943890 1.9550609 1.7899299 0.0000010 1.7899299 0.0000000 0.0496889 2.9167373 2.9167373 0.3365678 2.9516185 0.7288709 0.5947215 0.7001870 0.8716418 1.1209523 1.1209523 1.2466752 0.8761686 0.9109307 0.9669612 0.9789883 0.8250420 0.8960798 0.8960798 1.5504646 1.4645916 1.4595646 1.7871197 1.3652153 1.2326024 1.1781911 1.0563782 1.3259377 1.0939108 1.0939108 1.4783420 1.4601578 1.4601578 1.5478921 1.3961825 1.6478037 1.2158303 1.2724655 1.7296867 1.7296867 1.3381979 1.5627059 1.5627059 1.6227658 1.7327628 1.7327628 1.6102505 9.0000000 2.2048330 1.3833756 1.7300474 9.0000000 2.0976778 1.6189232 1.8545392 1.5841407 2.1569106 2.1662324 2.1244989 2.1562076 1.6895539 1.5475330 2.1518645 1.5840589 1.6352725 2.2890682 2.7229549 1.9807138 2.7258487 2.0461952 1.7540854 3.4533041 0.0000010 5.0963868 4.8430870 0.0000010 7.0903818 6.2063662 6.8935484 
Emue_Em0074g10a.t1                                    6.6296992 0.0000010 2.4801459 2.4801459 2.9163770 2.9163770 3.1813457 2.4022165 3.0923537 3.0771972 2.5176210 3.1692458 3.1078025 3.2109038 2.3174816 2.2327008 5.0841143 2.2327008 0.0496889 0.0000000 2.6762142 2.6762142 0.5780782 2.5411170 1.0749295 0.9794526 1.1004606 1.1604304 1.2934146 1.2934146 1.5390608 1.3004299 1.3340107 1.2687370 1.4068014 1.2368364 1.3505827 1.3678069 1.8408262 1.8287970 1.8806887 2.0566248 1.6896130 1.5466779 1.5454494 1.4143409 1.9608684 1.5452297 1.5452297 1.6616048 1.6023975 1.6023975 2.0954241 2.0413814 1.7455743 1.5692048 1.5975017 1.9171726 1.7757696 1.6611133 1.6738241 1.7599753 1.7218007 1.8167522 1.8167522 1.7156952 2.6573693 2.4532337 1.8225861 2.0777638 4.7845652 2.6083287 1.7766003 2.2771682 1.9609842 2.3134193 2.4672570 2.3026627 2.3207958 2.4378521 1.9861706 2.3209297 1.9518740 1.9487000 2.7247225 2.8773349 2.4406639 3.2437051 2.5260276 2.0555408 3.6083043 1.5784064 4.4840723 4.7833899 4.0127161 7.1311963 6.6178372 5.9451924 
Emue_Em0074g12a.t1                                    1.6715669 3.0509558 2.0543504 1.6665326 1.3090216 1.1359566 1.9097881 1.5285211 2.0452021 1.8054660 3.8557247 1.2458541 1.8244317 1.8390101 1.8574167 1.5693622 1.7136309 1.5693622 2.9167373 2.6762142 0.0000000 0.0000010 0.2179382 0.1720065 1.2810296 0.6427766 1.0385979 0.9158955 0.6455226 1.0228189 1.4691147 1.2529248 1.2322490 1.3259237 1.2510747 1.2874133 1.3771526 2.0079072 1.2451120 1.2520862 0.7898783 1.4379429 1.5557949 1.4588360 1.4868418 1.4571249 0.8961597 1.3776056 1.3776056 1.3772094 1.2861637 1.0606935 1.4511692 1.7094029 0.7978676 1.5430316 1.4285242 1.3211570 1.6797412 1.2632147 1.3937636 1.0311550 1.1832079 1.4097635 1.6536634 1.6433984 1.3599183 0.9055574 1.6137805 1.6190563 1.2743500 1.8646314 1.7235218 1.8809306 1.8532057 1.8682030 1.9141874 1.6143274 1.6248532 1.8781592 1.9054473 1.6193273 1.4399465 1.9513225 1.7443882 1.2419173 2.0467958 2.2065147 2.0258717 1.9469482 2.0636331 1.3163914 2.2546669 3.8491217 1.7021983 6.2341326 2.3944590 7.3720398 
Emue_Em0005g1681a.t1                                  1.6715669 3.0509558 2.0543504 1.6665326 1.3090216 1.1359566 1.9097881 1.5285211 2.0452021 1.8054660 3.8557247 1.2458541 1.8244317 1.8390101 1.8574167 1.5693622 1.7136309 1.5693622 2.9167373 2.6762142 0.0000010 0.0000000 0.2179382 0.1720065 1.2810296 0.6427766 1.0385979 0.9158955 0.6455226 1.0228189 1.4691147 1.2529248 1.2322490 1.3259237 1.2510747 1.2874133 1.3771526 2.0079072 1.2451120 1.2520862 0.7898783 1.4379429 1.5557949 1.4588360 1.4868418 1.4571249 0.8961597 1.3776056 1.3776056 1.3772094 1.2861637 1.0606935 1.4511692 1.7094029 0.7978676 1.5430316 1.4285242 1.3211570 1.6797412 1.2632147 1.3937636 1.0311550 1.1832079 1.4097635 1.6536634 1.6433984 1.3599183 0.9055574 1.6137805 1.6190563 1.2743500 1.8646314 1.7235218 1.8809306 1.8532057 1.8682030 1.9141874 1.6143274 1.6248532 1.8781592 1.9054473 1.6193273 1.4399465 1.9513225 1.7443882 1.2419173 2.0467958 2.2065147 2.0258717 1.9469482 2.0636331 1.3163914 2.2546669 3.8491217 1.7021983 6.2341326 2.3944590 7.3720398 
Spolac_c97895_g1_i1_m.15980c97895-g1                  1.8630297 3.0815543 2.1410945 1.8266745 1.6560529 1.4744909 2.2135883 1.6210546 2.0529255 1.8362516 3.0810758 1.4568588 1.9060407 1.9276767 1.8897398 1.5758582 1.7483173 1.5758582 0.3365678 0.5780782 0.2179382 0.2179382 0.0000000 0.0147046 1.0810088 0.5686200 0.8729477 0.8522010 0.5910645 0.9432269 1.3840092 1.2055816 1.2035986 1.2794048 1.1994134 1.2414425 1.3290490 1.7180730 1.2670204 1.2859787 0.8648362 1.4709910 1.5045206 1.3706094 1.4082991 1.3582451 0.8858431 1.3004546 1.3004546 1.4056906 1.2567415 1.0644951 1.4709863 1.6156289 0.9410550 1.5291861 1.3768330 1.3847901 1.7036911 1.2526411 1.3981576 1.0392467 1.1874823 1.4481048 1.6529580 1.6220126 1.4584307 1.0092461 1.5221337 1.6083442 1.3544231 1.8703239 1.6845615 1.8659732 1.7753737 1.9473745 1.9791188 1.5675552 1.6570038 1.8933749 1.8240422 1.6278225 1.4361165 1.8870498 1.7772092 1.3979967 1.9459057 2.1528091 1.9974822 1.8175515 2.2596793 1.3558239 2.3511668 3.8000181 1.7377347 5.8151432 2.7713061 7.6045571 
Spolac_c97895_g1_i2_m.15981c97895-g1                  1.8630297 3.0815543 2.1477512 1.7672286 1.4576379 1.1038022 2.1456579 1.5500562 1.9976179 1.6749288 3.9183972 1.1635973 1.8275408 1.8704842 1.9127197 1.5665392 1.7483173 1.5665392 2.9516185 2.5411170 0.1720065 0.1720065 0.0147046 0.0000000 1.1878664 0.6127304 0.9526357 0.9296842 0.5562616 0.9809849 1.4338065 1.2859795 1.2690231 1.3664292 1.2599744 1.3259240 1.4165418 2.0534437 1.2508661 1.2847805 0.6831448 1.4065803 1.5450790 1.4211255 1.4483802 1.4184926 0.8603311 1.3418684 1.3418684 1.4412471 1.2806571 1.0565752 1.4730093 1.6735384 0.5040843 1.6091106 1.4203985 1.3820563 1.7638658 1.2895519 1.4227088 1.0033057 1.1770512 1.4628573 1.6998263 1.6849989 1.4537851 0.8654268 1.5498082 1.6071952 1.3544231 1.8537530 1.7557313 1.8826567 1.8552832 1.9536780 1.9608350 1.5607791 1.6141948 1.9652705 1.8987322 1.5626820 1.4448026 1.9517726 1.7131987 1.1571076 1.9376879 2.1133548 1.9503727 1.8546958 2.1450515 1.3558239 2.2509407 4.0205336 1.7377347 5.8614022 2.4409880 7.7588842 
Aque_Aqu2.1.28664_001                                 1.5418367 3.9011991 2.2038339 1.7156750 1.5571789 1.4371357 2.2659348 1.5779194 2.1787191 1.9641640 3.0370647 1.3796788 2.0565539 2.0094790 2.0109563 1.5325690 1.6359500 1.5325690 0.7288709 1.0749295 1.2810296 1.2810296 1.0810088 1.1878664 0.0000000 0.3101744 0.2879801 1.0825416 0.6696956 0.9937396 1.3655177 1.2667756 1.2239017 1.3088340 1.2933781 1.2718535 1.3247785 1.6684181 1.3250230 1.3552059 0.7893320 1.3693421 1.5038748 1.2017143 1.2647978 1.2364504 0.8462279 1.2802154 1.2802154 1.3212164 1.4000541 1.2109255 1.3632879 1.4461804 0.8687282 1.5137375 1.3241783 1.3889370 1.6475407 1.2662395 1.3675007 1.0663530 1.1973450 1.4115778 1.5308576 1.5675614 1.3701191 1.0308694 1.7280797 1.4633943 1.4873407 1.9704538 1.7239701 1.8220806 1.8670335 1.8279243 1.8953330 1.4554991 1.7580800 1.8881971 2.0125720 1.8121638 1.3978726 1.8253237 1.9578413 1.4584538 1.8170237 2.1525591 2.0729663 1.9190692 2.1048800 1.4647998 2.1433888 2.9540405 1.9292636 5.4167289 2.8244589 7.3636931 
Xestes_maker-XT_scaffold2279-augustus-gene-0.7-mRNA-1 1.6447028 3.2388270 1.5593296 1.5536485 1.4930063 1.4103292 1.5692934 1.4765577 1.5776179 1.6933728 2.4822197 1.3463928 1.5994330 1.5413042 1.5114020 1.3657192 1.5306994 1.3657192 0.5947215 0.9794526 0.6427766 0.6427766 0.5686200 0.6127304 0.3101744 0.0000000 0.2164866 0.5314186 0.7061403 0.7061403 0.8657405 0.8560976 0.8353911 0.8711992 0.8452071 0.8493851 0.8916041 1.0599433 0.8665696 0.8330032 0.8099431 0.7942697 0.9012977 0.7514651 0.7991897 0.7794963 0.8652179 0.7263888 0.7263888 0.8670937 0.9087537 0.9087537 0.9234399 0.9625167 0.8585959 1.0523491 0.8602375 0.8473925 0.8611806 0.7732479 0.8188017 0.8180501 0.8619862 0.8842638 0.8834894 0.8843452 0.7895061 0.9424954 0.9976007 1.0600601 1.4646210 1.1737520 0.9785384 1.1501554 1.2755554 1.2209335 1.3191946 1.3704176 1.0903274 1.2781089 1.2828429 1.2131211 0.7857185 1.1649623 1.4878585 1.2363525 1.1598888 1.5338733 1.3056007 1.4700959 1.6139447 0.6057244 1.9837133 2.5772006 1.1356329 4.9664714 2.3433578 6.7778657 
Halamb_c52368_g1_i1m.32868                            1.6467166 4.1587308 2.1725275 1.7790938 1.6055155 1.4015922 2.2264453 1.5879115 2.1535843 2.0558599 2.9604700 1.3889767 1.9566134 1.9501532 1.8410091 1.5617366 1.7229951 1.5617366 0.7001870 1.1004606 1.0385979 1.0385979 0.8729477 0.9526357 0.2879801 0.2164866 0.0000000 0.8390339 0.6864517 0.8728996 1.1963650 1.1323077 1.1049099 1.1809041 1.1402949 1.1123593 1.1374232 1.5816193 1.1550131 1.1966625 0.8434603 1.1514853 1.2840766 1.1120558 1.1688471 1.1731211 0.9004561 1.0930627 1.0930627 1.1968951 1.2873772 1.1627110 1.2839845 1.2719713 0.7944534 1.3008441 1.1684175 1.1905807 1.3659861 1.1602025 1.2274459 1.0960677 1.2482650 1.2498849 1.3048930 1.2940236 1.2432329 1.0100550 1.4686530 1.3572520 1.6272230 1.6990606 1.4076166 1.5652791 1.5780780 1.6730870 1.7159628 1.4574512 1.5925634 1.5366041 1.6989478 1.5151420 1.3625618 1.6238890 1.7625133 1.4029259 1.7261159 2.0312979 1.8603190 1.9181091 1.7850357 1.0923419 2.0051198 2.8281067 1.5980644 5.2728011 2.5149323 7.3734370 
Tetwil_g1738.t2                                       1.9176433 2.5923316 1.9957574 1.6877527 1.5912139 1.6262796 2.1392330 1.5861662 1.8670209 1.9894326 3.3593804 1.4481225 1.8827995 1.9226183 1.9280693 1.4327261 1.5152203 1.4327261 0.8716418 1.1604304 0.9158955 0.9158955 0.8522010 0.9296842 1.0825416 0.5314186 0.8390339 0.0000000 0.5825470 1.0350104 1.4099967 1.1893343 1.1831723 1.1884684 1.1916343 1.1797468 1.2889247 1.5462339 1.2088037 1.2110395 0.7411776 1.4785498 1.5374562 1.3160446 1.4213715 1.3641630 0.7960272 1.2977944 1.2977944 1.2885012 1.1776385 0.9789517 1.3390012 1.4438185 0.9427076 1.5172651 1.3596482 1.2609791 1.5383661 1.0986477 1.1842124 0.9050066 1.0490808 1.2346253 1.6536797 1.6515700 1.2029501 0.8407341 1.5173957 1.8053523 1.2146091 1.8057959 1.6200769 1.5388133 1.8606030 1.7597864 1.8737514 1.5471296 1.6675376 1.6186965 1.7069311 1.6692418 1.5501613 1.7206521 1.6356813 1.2003663 1.6149639 2.2525305 2.1408726 1.8899504 2.1122264 0.9238618 2.2298955 3.4148658 1.9344926 5.0726385 2.4340313 6.7583311 
Plespi_Pspi_scaffold15016_01                          1.7563517 1.4543072 1.6830303 1.7029451 1.6086407 1.4091344 1.7010599 1.6112745 1.6896540 1.8627030 2.8109989 1.5665117 1.8193555 1.6958580 1.6324918 1.5480455 1.7603064 1.5480455 1.1209523 1.2934146 0.6455226 0.6455226 0.5910645 0.5562616 0.6696956 0.7061403 0.6864517 0.5825470 0.0000000 0.0000010 0.8083767 0.7728396 0.7193434 0.7647875 0.7714344 0.7293583 0.7567590 0.8491595 0.8300280 0.8371983 0.8006101 0.8170459 0.9225319 0.8398715 0.8785125 0.8810747 0.8850694 0.7747316 0.7747316 0.8562900 0.9045446 0.9045446 0.9532489 1.0155478 0.8090194 1.0280723 0.8931256 0.8656932 0.9018300 0.8095036 0.9020861 0.9015606 0.9174488 0.9159548 0.9081956 0.9213731 0.8294370 1.0331628 1.0496783 1.0834732 1.4739677 1.1035827 0.9826389 0.9889824 1.4001817 1.2305875 1.2864481 1.2378363 1.0851806 1.1851013 1.0724599 0.9492299 1.0301851 1.2614480 1.5275715 1.4052470 1.2241533 1.5535460 1.3754156 1.6319710 1.6131510 0.7011515 1.9489237 2.1768733 1.4307248 4.7787171 2.4808044 6.9166433 
Plespi_Pspi_scaffold15017_01                          1.7632046 2.7388063 2.0634468 1.7295737 1.6086407 1.4091344 2.0409157 1.6352025 1.8800429 1.9657915 3.3076801 1.5665117 1.9744474 1.8887798 1.8419192 1.4975183 1.6309115 1.4975183 1.1209523 1.2934146 1.0228189 1.0228189 0.9432269 0.9809849 0.9937396 0.7061403 0.8728996 1.0350104 0.0000010 0.0000000 0.8860764 0.8661870 0.8270593 0.7656460 0.8741430 0.8683976 0.9121787 0.8972439 0.9326730 0.9425975 0.8006101 1.0519492 1.1349066 0.9983444 1.0097687 0.9268702 0.8370412 1.0028646 1.0028646 1.0692222 1.0317929 0.9193769 1.0857362 1.3349065 0.8090194 1.0813345 1.0943317 0.9748056 1.2249127 0.8834369 1.0045275 0.8653883 0.9115896 1.0254201 1.0839000 1.0876870 0.9562947 1.0103876 1.1652125 1.4197206 1.4739677 1.4431696 1.2696677 1.2836044 1.5913145 1.6034220 1.6253518 1.2741836 1.4148501 1.3284768 1.4570626 1.2824201 1.4965257 1.5523069 1.7178681 1.4052470 1.3538065 2.0653706 1.9279413 1.9868331 1.8526948 1.3025738 2.1202816 2.8014519 1.6948776 4.6990626 2.2967738 6.9224269 
Bralan_BLAG16000757_1                                 1.5306434 2.3739186 1.8804729 1.6831822 1.5262106 1.5673008 2.0724357 1.6214413 1.7825036 1.8891976 3.2595875 1.2827672 1.6121650 1.7085805 1.8479204 1.3231480 1.3420023 1.3231480 1.2466752 1.5390608 1.4691147 1.4691147 1.3840092 1.4338065 1.3655177 0.8657405 1.1963650 1.4099967 0.8083767 0.8860764 0.0000000 0.7773287 0.7639460 0.7578937 0.7753446 0.7618603 0.8005946 1.1034681 0.7938140 0.7616243 0.5378657 0.8662633 1.0084211 0.7626871 0.8278456 0.8026629 0.5053189 0.7424464 0.7424464 0.7923207 0.8456071 0.6591041 0.8523164 0.9489633 0.6659967 0.9020881 0.8567896 0.9737013 1.2324204 0.9965487 1.0216905 0.7487994 0.8628488 0.9573629 1.1939524 1.2368708 0.9957624 0.8138402 0.9838841 1.3712900 1.3852498 1.5965308 1.4718594 1.2959894 1.6129296 1.5429426 1.5922777 1.2553144 1.3107866 1.2741929 1.5097135 1.4202415 1.3325809 1.5217562 1.6921502 1.3090470 1.4022667 2.0094216 2.0057179 1.8171200 1.9965995 1.2903086 1.7443086 2.9020484 1.4843145 4.5750508 2.3074031 6.9103969 
Spis_XP_022788821_1                                   1.6550298 2.0549401 1.8360869 1.6742582 1.5324704 1.5866486 1.8714683 1.5210669 1.6486812 1.9973749 2.6957620 1.2266561 1.4758269 1.6217346 1.5930219 1.1366405 1.2211195 1.1366405 0.8761686 1.3004299 1.2529248 1.2529248 1.2055816 1.2859795 1.2667756 0.8560976 1.1323077 1.1893343 0.7728396 0.8661870 0.7773287 0.0000000 0.0535989 0.1219585 0.1450641 0.1705507 0.2437434 0.3334984 0.6931353 0.6393628 0.4756413 0.8201435 0.8667978 0.5482043 0.5148177 0.4650409 0.5732549 0.8564013 0.8564013 0.8398344 0.8261057 0.6813829 0.7283230 0.7707624 0.8677179 0.8180958 0.9233607 0.9555827 1.1976681 0.8926860 0.9400077 0.7067303 0.8101840 0.9111529 1.2459172 1.2273089 0.8529199 0.6736481 0.8429563 1.3432343 1.3973608 1.3392930 1.3168989 1.2785120 1.3477406 1.4420889 1.4641031 1.0805658 1.3180955 1.1604952 1.3856835 1.2712036 1.2737926 1.3661322 1.3830188 1.2481602 1.1761676 1.9445305 1.8526268 1.7942445 1.7947770 1.3143865 1.8009740 2.9494158 1.4780025 4.2818340 1.9175631 6.2460816 
Pocdam_XM_027190842.1                                 1.7242749 2.0963813 1.8235331 1.6372106 1.4866375 1.5385454 1.8549668 1.5131399 1.6528564 1.9666782 2.5871892 1.1840179 1.4611651 1.6154899 1.5974250 1.1289720 1.2324280 1.1289720 0.9109307 1.3340107 1.2322490 1.2322490 1.2035986 1.2690231 1.2239017 0.8353911 1.1049099 1.1831723 0.7193434 0.8270593 0.7639460 0.0535989 0.0000000 0.1242431 0.1451012 0.1857115 0.2425905 0.3470040 0.6696868 0.6147546 0.4759256 0.7872172 0.8722131 0.5334774 0.5287032 0.4725878 0.5757934 0.8373915 0.8373915 0.8435335 0.8301238 0.6820741 0.7407940 0.7715680 0.8380412 0.8407899 0.9346605 0.9139305 1.1490278 0.8894612 0.9534066 0.7084616 0.8145277 0.9238605 1.2420392 1.2235024 0.8531946 0.6830419 0.8425719 1.3629985 1.3382875 1.3727009 1.3074473 1.2671382 1.3789057 1.4804703 1.5111483 1.0728523 1.3237179 1.1757813 1.3958842 1.2791646 1.2484897 1.3906333 1.3612692 1.2526837 1.1896303 1.9801258 1.8574660 1.7801259 1.8097205 1.2976513 1.7487589 2.9657217 1.4659497 4.1924745 1.8803806 6.1870179 
Gasp_gasp1.m3.9424.m1                                 1.6107351 2.1248650 1.8418860 1.7643908 1.5202087 1.6654757 1.8755971 1.6198634 1.7125914 2.1219718 2.5602392 1.2128531 1.4837718 1.6299260 1.6013962 1.1901114 1.3116063 1.1901114 0.9669612 1.2687370 1.3259237 1.3259237 1.2794048 1.3664292 1.3088340 0.8711992 1.1809041 1.1884684 0.7647875 0.7656460 0.7578937 0.1219585 0.1242431 0.0000000 0.0812882 0.1246204 0.1713508 0.2704386 0.6770310 0.6322534 0.5306085 0.7779188 0.8102086 0.5093401 0.4722070 0.4468952 0.5322659 0.8472695 0.8472695 0.8129782 0.8187794 0.7064940 0.6757973 0.7196112 0.8626275 0.8522524 0.8876793 0.8880579 1.1004285 0.8726211 0.9688364 0.7493720 0.8632951 0.9257676 1.1578105 1.1473666 0.9149378 0.6898495 0.8753167 1.3053429 0.8718998 1.3564891 1.2662364 1.2185204 1.3527600 1.4279012 1.4343136 1.1005506 1.2412982 1.1595445 1.3816625 1.1950014 1.2773745 1.3150263 1.3900640 1.2495083 1.2359026 1.9020056 1.7863739 1.7249703 1.8259807 1.2653563 1.8884790 3.0844302 1.3394992 4.5714457 1.8901164 6.0422104 
Fspp_ffun1.m4.20891.m1                                1.7458351 2.1110415 1.8242033 1.6796779 1.5134178 1.6195132 1.8882510 1.5446955 1.6037786 1.9307875 2.5562216 1.1532948 1.4846251 1.6327610 1.6042530 1.1739438 1.2922184 1.1739438 0.9789883 1.4068014 1.2510747 1.2510747 1.1994134 1.2599744 1.2933781 0.8452071 1.1402949 1.1916343 0.7714344 0.8741430 0.7753446 0.1450641 0.1451012 0.0812882 0.0000000 0.1404238 0.1942447 0.2479214 0.6663166 0.6215206 0.5063939 0.8012911 0.8395736 0.5108052 0.4926797 0.4409573 0.5784030 0.8763578 0.8763578 0.8579837 0.8312192 0.6928333 0.7421323 0.8153822 0.8331740 0.8342820 0.9549925 0.9275624 1.2048778 0.8794048 0.9441788 0.7076863 0.8192892 0.9245767 1.2502670 1.2368227 0.8602508 0.6690457 0.8430996 1.3788205 1.3803338 1.4212720 1.2840574 1.2599069 1.3683394 1.4579323 1.5382793 1.0824702 1.3666226 1.2116359 1.4267584 1.2421429 1.2340260 1.3449840 1.3103156 1.2338983 1.2071634 1.9472711 1.8995527 1.7849178 1.8588108 1.2579988 1.7783462 2.7210879 1.4686549 4.2183611 1.9871950 6.3994555 
Gfas_gfas1.m1.19196.m1                                1.6344030 2.0403089 1.8466408 1.6839589 1.5191249 1.6306384 1.8946541 1.5486928 1.6321589 1.9575401 2.6631234 1.2919582 1.5018244 1.6334057 1.6243631 1.1757874 1.2613509 1.1757874 0.8250420 1.2368364 1.2874133 1.2874133 1.2414425 1.3259240 1.2718535 0.8493851 1.1123593 1.1797468 0.7293583 0.8683976 0.7618603 0.1705507 0.1857115 0.1246204 0.1404238 0.0000000 0.1798128 0.2258642 0.6683863 0.6027452 0.4573783 0.7744993 0.8697978 0.5344028 0.5111482 0.4546153 0.5555942 0.8602635 0.8602635 0.8715724 0.8113024 0.6902480 0.7008885 0.7714581 0.8552129 0.8225731 0.9062282 0.8946078 1.1356680 0.8624991 0.9463030 0.6923040 0.7829577 0.9056079 1.1996706 1.1917538 0.8802437 0.6774362 0.8661295 1.3230688 1.4618830 1.3531456 1.3143830 1.2674068 1.3864917 1.4572547 1.5165921 1.1028393 1.3120497 1.1707849 1.4041147 1.2218372 1.2614971 1.3794442 1.4419506 1.2929495 1.2101669 1.9348019 1.7984207 1.7848740 1.8768476 1.2964692 1.9007701 2.9352544 1.4729311 4.2468568 1.9975628 6.4838376 
Amil_Amillepora20815-RA                               1.7036657 2.1626336 1.8906262 1.7401002 1.5544266 1.6017428 1.9437864 1.5990694 1.7640941 2.1041135 2.5460782 1.3002753 1.5389333 1.7029547 1.6223156 1.2011488 1.3190994 1.2011488 0.8960798 1.3505827 1.3771526 1.3771526 1.3290490 1.4165418 1.3247785 0.8916041 1.1374232 1.2889247 0.7567590 0.9121787 0.8005946 0.2437434 0.2425905 0.1713508 0.1942447 0.1798128 0.0000000 0.0748581 0.6882480 0.6091574 0.4577017 0.7844745 0.8797707 0.5857427 0.5439579 0.4946809 0.5722946 0.8757484 0.8757484 0.9144499 0.8379580 0.6883576 0.7169128 0.8589934 0.9221589 0.8343840 0.9654679 0.8965350 1.1158050 0.8874719 0.9265268 0.7082308 0.8085930 0.9062175 1.2334512 1.2187097 0.8442078 0.7260588 0.9422198 1.3692786 1.4511138 1.4743938 1.3529550 1.2936848 1.4728533 1.5629833 1.6090425 1.1176537 1.3635007 1.2375592 1.4102718 1.2889987 1.3063729 1.3855674 1.5349356 1.3516283 1.2029051 1.9823138 1.8973498 1.9386883 1.8267706 1.3893187 1.9056296 2.6861033 1.4359940 4.1162950 2.0864426 6.4736180 
Adig_XM_015914383.1                                   2.6959903 2.9422934 1.9751725 1.6573202 1.6962669 1.5757730 2.1118321 1.5332802 2.1645191 1.9532051 2.1408036 1.4930485 1.8294195 1.9588585 2.0302726 1.3395716 2.0571701 1.3395716 0.8960798 1.3678069 2.0079072 2.0079072 1.7180730 2.0534437 1.6684181 1.0599433 1.5816193 1.5462339 0.8491595 0.8972439 1.1034681 0.3334984 0.3470040 0.2704386 0.2479214 0.2258642 0.0748581 0.0000000 1.0392587 0.9269178 0.6389517 1.0793160 1.0433972 0.7733936 0.7438384 0.6681444 0.8680961 1.0785019 1.0785019 1.1496801 1.0253985 0.7892210 0.9946502 1.0986787 0.9221589 1.0898197 1.2881470 1.2226766 1.3961669 1.2424264 1.2813898 0.9092998 1.0481113 1.1839712 1.6166779 1.6053452 1.1720579 0.9555470 1.2799081 1.6972804 4.3240620 1.7265201 1.4935080 1.5745308 1.5860650 1.8373212 1.8979337 1.2900357 1.7301544 1.4658538 1.5698673 1.5296418 1.6263910 1.6404267 2.0726995 1.9212744 1.4764716 2.4008153 2.4961312 1.9020266 2.3062734 3.1894903 2.2343190 2.5744541 2.8170979 4.3930956 3.3706373 6.4823722 
