109
Aque_Aqu2.1.38138_001                                   0.0000000 0.4075619 0.5177218 1.5627041 1.4656243 1.4900578 1.5934310 2.3352493 2.2434137 2.2848459 2.3547702 2.3463217 2.1829450 2.2981607 2.3249984 2.2919614 2.4157787 2.3089908 2.2771405 2.2715092 2.2433446 2.2491488 2.5609121 2.2998851 2.2403076 2.3235678 2.2178305 2.2178305 2.1684516 2.1942546 2.2559213 2.1765914 2.1667190 2.2111834 2.1556629 2.2203133 2.2898830 2.2898830 2.6979026 2.4907581 2.5267870 2.4921813 2.4921813 2.4890934 2.4159606 2.3616708 2.4580481 2.5710491 3.0168844 3.2516048 3.4522396 2.8329971 2.9953563 2.9071705 3.3145313 2.2820629 2.2335247 2.6167385 2.6167385 2.8940732 2.8940732 2.6484561 2.6484561 2.6015637 2.7875440 2.1592922 2.1592922 2.5529351 2.2975496 2.9004335 2.4226886 2.7703152 2.5001604 2.4601479 2.3285019 2.7197405 2.7699760 3.0416781 2.9601338 2.7681438 2.7681438 2.6052569 3.0025768 3.1927544 2.5695307 3.0025768 2.6895533 3.5803932 4.2293381 4.0697666 3.8015855 3.7820152 3.2943516 3.7297544 3.9916868 3.8080921 3.8949440 3.4921850 3.8862752 3.6569516 3.9587136 4.1131218 3.6788881 3.9577619 2.7202137 2.4227830 2.4227830 3.3420995 4.0941009 
Halamb_c49854_g4_i1m.27072                              0.4075619 0.0000000 0.3994415 1.4180975 1.4083917 1.3407109 1.3437211 2.4330324 2.2678099 2.3284744 2.1643796 2.1390075 2.0419823 2.3274702 2.2486582 2.2571504 2.5581976 2.2372820 2.0556832 2.1946773 2.1674107 2.2549448 2.4735536 2.2353161 2.0607623 2.0824827 2.1115846 2.1115846 2.0810158 2.0680935 2.1394397 2.0613809 2.0521006 2.0384638 2.1893210 2.1118002 2.0062604 2.0062604 2.3719166 2.4944295 2.5499806 2.5062066 2.5062066 2.4664485 2.4512450 2.3861046 2.1352685 2.3223812 2.5595512 2.8950800 3.2512978 2.4303913 2.5143021 2.4396740 2.9025451 2.1679780 2.0285490 2.4216725 2.4216725 2.2955800 2.2955800 2.3728076 2.3728076 2.4109372 2.5400661 2.5276314 2.5276314 2.4615137 2.6950747 2.4495854 2.3485815 2.4906185 2.4303795 2.8860774 2.7555750 2.5168408 2.5833223 2.5572631 2.2999996 2.3318536 2.3318536 2.4597198 2.3684328 2.5508823 2.4273646 2.3684328 2.1999378 2.7864099 4.0265390 3.8560030 4.0122775 3.9316410 2.9490356 3.5869441 3.2948839 3.4318582 4.0069278 3.2840830 3.5563116 3.4523218 3.5429814 4.1654931 3.7321764 4.3683697 2.7220402 2.4394991 2.4394991 2.8858196 3.6886827 
Xestes_maker-XT_scaffold17187-augustus-gene-0.24-mRNA-1 0.5177218 0.3994415 0.0000000 1.4166264 1.3761347 1.4018012 1.3733822 2.3455155 2.2721663 2.4980498 2.2556764 2.1200845 2.1067401 2.1800228 2.2427796 2.1566411 2.2195856 2.2648536 2.2779718 2.1818910 2.1740664 2.2024859 2.3527659 2.3234516 2.0410479 2.2209675 2.1939356 2.2179092 2.1810655 2.1547542 2.2629068 2.1409802 2.1824977 2.1213660 2.0526526 1.9110734 2.2338044 2.2338044 2.5521480 2.4575730 2.4681085 2.4789411 2.4789411 2.4220983 2.3735947 2.3393137 2.2090755 2.3552777 2.7923252 3.0673849 3.2224058 2.6899452 2.6112610 2.6319085 2.9832981 2.1118555 2.3216161 2.4742140 2.4742140 2.6492459 2.6492459 2.4940489 2.4940489 2.5522083 2.5400447 2.4023191 2.4023191 2.7679925 2.5579653 3.0181241 2.6420344 2.4882363 2.2733103 2.5036982 2.4913803 2.5610168 2.6991455 2.9119061 2.9120095 2.6315249 2.6315249 2.5189378 2.7882269 2.9476517 2.3989612 2.8036091 2.5505671 3.1094244 4.5432115 4.3964031 4.0316432 4.0178593 3.1416477 3.5752057 3.7340002 3.7708916 3.9913412 3.4914962 3.6161068 3.8580842 3.4762203 4.4728946 3.9466359 4.5423164 3.2476482 2.9213611 2.9213611 3.3379411 3.6948785 
Spolac_c99434_g1_i2_m.19663c99434-g1                    1.5627041 1.4180975 1.4166264 0.0000000 0.1512675 0.3980836 1.3075791 2.5176357 2.5041678 2.6476811 2.3429330 2.6303802 2.4987590 2.5979930 2.5914402 2.7921790 4.0350479 2.5707345 2.2356889 2.5859483 2.5859483 2.9391300 2.7445599 2.9506280 2.4713027 2.0356446 2.4566178 2.4566178 2.4391713 2.4894351 2.4809160 2.4073778 2.4832173 2.4741489 2.4057136 2.7921600 2.4860230 2.4860230 3.0079128 2.5920501 2.6251071 2.6315943 2.6315943 2.6083338 2.4875162 2.5170823 3.0624972 3.2266998 2.8085774 2.6178151 2.6475592 2.6620318 2.6177966 2.5431735 2.8514065 2.1549026 2.4319718 3.5210997 3.5210997 3.4737477 3.4737477 3.4940649 3.4940649 3.2545693 3.9282091 7.5144594 7.5144594 3.3518436 7.5144594 2.9165335 3.3016891 3.8797465 3.3389937 8.1990646 6.8761010 3.2229100 3.2556059 2.8600421 3.2675059 2.8139168 2.8139168 3.2070694 2.9881510 4.9659300 3.2070694 2.9881510 2.9248720 2.8675636 4.7192220 4.6302825 4.0110624 4.0068136 3.5193965 4.0550455 3.5220733 4.2384897 4.0460580 3.6121041 4.1457117 3.4866176 4.4638963 4.8349580 4.1558337 5.2658011 2.7276895 2.7252635 2.7252635 6.5604936 3.4061861 
Spolac_c99434_g1_i1_m.19662c99434-g1                    1.4656243 1.4083917 1.3761347 0.1512675 0.0000000 0.2019263 1.3539360 2.1464420 2.0619004 2.2062777 2.0164369 2.1348600 2.0591806 2.3340594 2.0577781 2.1350131 2.0028511 2.1773163 2.2356889 2.1716078 2.1716078 2.4142608 2.3199360 2.3638226 2.1891559 2.0686045 2.1003830 2.1003830 2.0548889 2.0768951 2.1003613 2.0721821 2.0419542 2.1182681 2.1446047 2.0931756 1.9811398 1.9811398 2.2462762 2.3729513 2.3668766 2.4587530 2.4587530 2.4289951 2.2945645 2.2702889 2.5911264 2.8921851 2.9342520 3.1902884 3.4252485 2.7038337 2.7339221 2.5431735 3.3667022 1.8899799 2.4319718 2.8114374 2.8114374 3.4737477 3.4737477 2.8677420 2.8677420 2.7607507 2.9796620 2.4360702 2.4360702 2.7055310 2.4360702 2.9605106 2.5284643 2.7949507 2.6107846 3.4228321 2.4390889 2.6423404 2.6404524 3.2589901 3.2675059 2.8217493 2.8217493 2.5290291 2.9881510 4.9659300 2.5290291 2.9881510 2.4463213 2.9122497 4.8202171 4.8120152 4.0682720 4.0493010 3.6237359 4.1191942 4.0049895 4.0625147 3.7427354 3.5636905 4.0652452 3.4762056 3.8816188 3.8429736 3.9822132 4.8606399 3.2881477 2.7252635 2.7252635 6.5604936 4.0923639 
Emue_Em0012g1092a.t1                                    1.4900578 1.3407109 1.4018012 0.3980836 0.2019263 0.0000000 1.3246493 2.4898429 2.3306240 2.4834560 2.2345424 2.3045387 2.2963025 2.7388028 2.2209908 2.2603487 2.2581586 2.2302670 2.9582082 2.5734660 2.5779024 2.9106076 2.5936153 2.6471267 2.3008831 2.2277787 2.1154953 2.1276413 2.1936585 2.1226131 2.1151206 2.0649879 2.1019872 2.2624945 2.2554177 2.1415331 2.3058460 2.3058460 2.6020749 2.7265366 2.6943905 2.8056617 2.8056617 2.7765336 2.6634115 2.6321452 2.6644453 2.9871369 3.2992651 3.6067276 3.6707226 3.2228456 3.1131303 3.0921523 3.7389997 2.3826329 2.9182682 2.8012889 2.8012889 3.1530517 3.1530517 2.6495074 2.6495074 2.6173055 2.9258795 2.2664290 2.2664290 2.6600324 2.4172550 2.9468815 2.5790114 2.7339672 2.4298186 3.4300910 2.4754997 2.4703058 2.5790122 2.8718552 2.9182802 2.6896637 2.6896637 2.5336867 2.8322575 3.0232498 2.5338303 2.8322575 2.5173908 3.2435935 5.4085969 5.1145612 4.5629913 4.0623444 3.8389416 3.8946002 3.7442461 3.9064418 3.9395098 4.0051256 4.3570646 3.8314187 3.8404872 3.6727282 3.9100982 5.0933566 3.1929242 2.5067809 2.5067809 4.5766514 4.9868808 
Tetwil_g5813.t1                                         1.5934310 1.3437211 1.3733822 1.3075791 1.3539360 1.3246493 0.0000000 2.5701605 2.6542764 2.5969464 2.4648735 2.4187199 2.4112277 2.5334599 2.5294285 2.4592964 2.3081783 2.4456297 2.5004566 2.6493725 2.6458844 2.7107356 2.8256418 2.8058149 2.4380697 2.3727464 2.5736165 2.5741406 2.4945639 2.4802050 2.5841534 2.5170638 2.5352080 2.4308517 2.4329203 2.3156666 2.4432004 2.4432004 2.7107602 2.9542799 2.9672650 2.9527586 2.9527586 2.8087460 2.7551372 2.7883395 2.4880691 2.4460474 3.2392188 3.8022254 3.9819779 2.9911403 3.2067925 3.1414454 4.0623132 2.8449730 2.9046646 3.0898492 3.0898492 3.3273186 3.3273186 3.0345392 3.0345392 2.7220411 2.9289785 2.7826224 2.7826224 2.8857801 2.9755675 2.9686647 2.8991792 3.1317851 2.9581628 3.9007518 2.9124606 2.7648958 2.9393593 3.3102967 2.9832342 2.8830167 2.8830167 2.9254464 2.8973228 3.1394626 2.8295435 2.8752005 2.5724188 3.4298645 4.9867414 4.7474371 4.6197746 4.4299416 3.5906670 4.1309523 3.9424778 3.9261490 4.1921564 4.1950700 4.4498843 4.4407843 3.9994214 4.1796174 4.6593012 4.4749941 2.9298318 2.8952443 2.8952443 3.2894135 4.9962218 
Bralan_BLAG17000617_2                                   2.3352493 2.4330324 2.3455155 2.5176357 2.1464420 2.4898429 2.5701605 0.0000000 0.5377735 0.5156498 0.5551258 0.4718066 0.4948006 0.5917334 0.5394290 0.5039183 0.7918759 0.4965849 0.5716892 0.9714403 0.9750882 1.0574017 0.8544766 1.0752423 0.7714213 0.5182171 0.8456877 0.8526004 0.8688821 0.8449488 0.8717180 0.8154931 0.7928051 0.8751869 0.6456614 0.5120029 1.0183003 1.0183003 1.2350869 1.2393986 1.1383987 1.2684828 1.2684828 1.2485777 1.2387805 0.9977719 1.1396808 1.3553352 1.3416563 1.4246508 1.6206770 1.2404021 1.2996081 1.2006764 1.4204100 1.1528534 0.5612575 2.1447003 2.1447003 2.1897866 2.1897866 2.1762612 2.1762612 2.0832991 2.3930699 2.1476051 2.1476051 2.1773913 2.1476051 2.3963415 2.1269630 2.1041989 2.2961914 2.2713052 2.1304517 2.4458168 2.5328596 2.6689506 2.6114645 2.2543287 2.2543287 2.3338240 2.4917523 2.4850665 2.3443682 2.4093728 2.5456114 2.6735311 3.7773166 3.9995281 3.0773257 2.9891374 3.5029831 3.2326430 3.1015778 3.0044667 3.5779544 3.2784722 3.9809427 3.0175496 3.6839291 3.5308258 3.4929113 3.2775614 1.9364862 1.8269002 1.8269002 1.9297960 2.7162780 
Spur_XM_030974528.1                                     2.2434137 2.2678099 2.2721663 2.5041678 2.0619004 2.3306240 2.6542764 0.5377735 0.0000000 0.2943832 0.3795237 0.3575187 0.3471687 0.4668766 0.4316373 0.4608592 0.7095326 0.4208577 0.6700977 0.8499162 0.8660011 0.9482766 0.8505176 1.0025672 0.5830379 0.4218826 0.7457860 0.7557253 0.7483908 0.7418116 0.7934352 0.7770530 0.7476165 0.7377543 0.6047288 0.2839559 0.9438673 0.9438673 1.0633727 1.1290953 1.1419967 1.1708480 1.1708480 1.1613493 1.1148939 0.9660966 1.0757723 1.2531942 1.5162183 1.6229760 1.7810356 1.4000320 1.4876906 1.4844073 1.6366444 0.9714337 0.5171116 2.0827491 2.0827491 2.0765196 2.0765196 1.9879871 1.9879871 2.0198961 2.2685525 2.1384395 2.1384395 2.1471841 2.1384395 2.3723754 2.0689570 1.7789599 1.9031281 1.7152436 1.9215337 2.1248802 2.2719384 2.4790994 2.2431050 2.1104823 2.1104823 2.2715170 2.2765330 2.3628596 2.2195802 2.3810123 2.1814125 2.6180791 3.8772204 3.8252036 2.8573895 2.8979706 3.3644900 2.8493272 3.1835758 2.7230453 3.3354913 3.4714932 4.3385402 3.3226464 3.3249112 3.3586845 3.4170057 3.4913492 2.0919911 2.0466282 2.0466282 2.1528756 2.8654182 
Skow_XM_006812757.1                                     2.2848459 2.3284744 2.4980498 2.6476811 2.2062777 2.4834560 2.5969464 0.5156498 0.2943832 0.0000000 0.3729788 0.3247819 0.3320626 0.5330615 0.4817129 0.4806155 0.7163676 0.4731753 0.5703306 1.0027267 1.0019091 1.0279090 0.8666461 1.0282579 0.6151445 0.3723489 0.7759548 0.7802079 0.7816214 0.7289968 0.7960861 0.7104157 0.7525819 0.7599094 0.5737465 0.2858186 0.9617792 0.9617792 1.1042886 1.1604169 1.0959062 1.2049993 1.2049993 1.1973336 1.1368346 0.9092235 1.0971065 1.2768991 1.4692758 1.6003231 1.8298319 1.3547548 1.3926134 1.3587452 1.5591053 1.0977687 0.6062623 2.0290735 2.0290735 1.8971453 1.8971453 2.0307292 2.0307292 2.0153685 2.3651828 2.1183538 2.1183538 2.0595586 2.2166289 2.2334759 1.9710835 1.8566361 1.9917762 1.9899025 1.9394812 2.0510677 2.2353741 2.3170908 2.1328907 2.0171279 2.0171279 2.1602194 2.1590705 2.2109595 2.1367667 2.1434696 2.1547758 2.4740009 3.9784362 3.8139097 3.0471024 2.9857648 3.3949129 3.0113522 2.9301704 2.9921388 3.2135601 3.3322460 3.6872274 3.1171456 3.1540269 3.2639706 3.3469573 3.4755531 1.9620504 1.9808438 1.9808438 1.9056523 2.6930876 
Tcas_TC033242_001                                       2.3547702 2.1643796 2.2556764 2.3429330 2.0164369 2.2345424 2.4648735 0.5551258 0.3795237 0.3729788 0.0000000 0.2713675 0.3209484 0.5490533 0.4490229 0.4929624 0.7681343 0.4433152 0.5019600 0.8995424 0.9093617 0.9275288 0.8568706 0.9626925 0.6054979 0.3825419 0.7590298 0.7765053 0.7805080 0.7105223 0.7621198 0.7223924 0.7211982 0.7662893 0.5753996 0.2080264 0.9437765 0.9437765 1.1253535 1.0803975 1.0153407 1.1402539 1.1402539 1.1503994 1.0621503 0.8877248 1.0653472 1.2479159 1.3746292 1.4934626 1.7042529 1.2286659 1.3732717 1.3365027 1.4905323 1.0552185 0.3427478 2.0223319 2.0223319 2.0101304 2.0101304 1.9703367 1.9703367 1.9150516 2.1699109 1.9436496 1.9436496 1.9455784 2.0344105 2.1450089 1.9037334 1.9781918 2.1699364 1.9127043 2.2211458 2.2043147 2.2219115 2.1461693 2.0811756 1.9693480 1.9693480 2.1262164 2.1399938 1.7414701 2.1959715 2.1666549 2.2042307 2.5394641 3.7223484 3.7283644 3.1600787 3.1304297 3.2323201 3.0708843 2.7977384 2.7668854 3.3477137 3.1836068 3.6878165 3.0598536 3.0460904 3.1183161 3.3235336 3.5664376 1.8322104 1.7727768 1.7727768 1.4386267 2.4858182 
Dpul_mRNA16681                                          2.3463217 2.1390075 2.1200845 2.6303802 2.1348600 2.3045387 2.4187199 0.4718066 0.3575187 0.3247819 0.2713675 0.0000000 0.3330444 0.4678163 0.4457921 0.4121897 0.7129389 0.3990229 0.4607678 0.7928281 0.7915073 0.8737279 0.8599375 0.9504919 0.4965055 0.3489421 0.7216344 0.7161325 0.7382012 0.6984731 0.7408559 0.7219924 0.6954619 0.7111509 0.6329667 0.2789904 0.8760851 0.8760851 1.0480038 1.0701256 1.0865280 1.1424316 1.1424316 1.1265756 1.0809584 0.9542082 1.0224554 1.1748315 1.2347210 1.3608423 1.4905989 1.1204163 1.2239895 1.1943585 1.3591449 0.9419220 0.2004746 2.0275105 2.0275105 1.9893007 1.9893007 1.9857295 1.9857295 1.9370030 2.1358569 2.1134199 2.1134199 2.0169344 2.1134199 2.1719259 1.9800911 1.9344366 2.0262957 1.5025824 1.9022372 2.2251856 2.1734095 2.2542478 2.1190176 1.9560217 1.9560217 2.2218707 2.1443338 1.8014989 2.1849399 2.0971460 2.3264876 2.4110765 3.5286381 3.5730012 2.9527221 3.0077920 3.1877961 2.8279475 2.8603493 2.6580794 3.0570372 3.1000895 3.9727985 3.0724756 3.2267045 3.2590289 3.2844955 3.4920054 1.8351284 1.5687014 1.5687014 1.1562972 2.3685256 
Acagra_model.g21221.t1                                  2.1829450 2.0419823 2.1067401 2.4987590 2.0591806 2.2963025 2.4112277 0.4948006 0.3471687 0.3320626 0.3209484 0.3330444 0.0000000 0.5541216 0.4051989 0.4127793 0.7060282 0.4516430 0.5580525 0.7214985 0.7092046 0.7867925 0.7396176 0.8249337 0.3775461 0.3079856 0.6613866 0.6661684 0.6679107 0.6668299 0.6823266 0.6512521 0.6761205 0.6217211 0.5703337 0.2459458 0.8043283 0.8043283 0.9620329 1.0423985 1.0257570 1.0879488 1.0879488 1.0904902 1.0049498 0.8660217 0.9666508 1.1653316 1.3187621 1.4377988 1.5955313 1.2040582 1.3193286 1.2597783 1.3925394 0.8508594 0.4504526 1.9773517 1.9773517 2.0252021 2.0252021 1.9297106 1.9297106 1.8568539 2.1539477 2.0026274 2.0026274 2.0401212 2.0026274 2.2720544 1.9805119 1.8596603 1.9440254 1.4942492 1.7704897 2.0034880 2.0993027 2.2205092 2.1116625 1.9772676 1.9772676 2.0940276 2.1544019 1.9671761 2.0466391 2.1211267 2.1463458 2.4674534 3.9009557 3.7742799 2.9583885 3.0012687 3.3185647 2.7440697 2.9462011 2.7055800 3.4099653 3.4730535 3.8934529 3.1687905 3.2604793 3.2402925 3.4112020 3.5063616 2.0475615 2.0252964 2.0252964 1.5952692 2.8102989 
Hsap_ENST00000301050                                    2.2981607 2.3274702 2.1800228 2.5979930 2.3340594 2.7388028 2.5334599 0.5917334 0.4668766 0.5330615 0.5490533 0.4678163 0.5541216 0.0000000 0.3439440 0.3114505 0.4849521 0.3701040 0.5441775 0.8597902 0.8357092 0.9175273 0.8419580 1.0105619 0.7116734 0.5081131 0.8668700 0.8602665 0.8627324 0.8058218 0.8419577 0.7876497 0.8105657 0.8063010 0.6025893 0.5114119 0.9279784 0.9279784 1.1746434 1.2395564 1.1864772 1.2643023 1.2643023 1.2800011 1.2552443 1.1045523 1.2334163 1.3548468 1.4064956 1.5570483 1.6455997 1.3104930 1.3748984 1.3341490 1.4721827 1.0113780 0.5201675 2.1582222 2.1582222 2.2238717 2.2238717 2.1260835 2.1260835 2.0987025 2.2399031 2.0610014 2.0610014 2.2024469 2.0610014 2.3734723 2.1107601 1.9001248 2.1286702 2.3134782 2.2837795 2.2487021 2.4401662 2.5586216 2.3633717 2.2567658 2.2567658 2.2326513 2.4701363 2.4614563 2.2600409 2.4708192 2.2660222 2.5201443 3.6257399 3.7611518 3.0233351 3.0507048 3.1879297 3.2970264 2.9673386 3.0817373 3.4990272 3.2664004 4.0964615 3.4767027 3.2818603 3.4788688 3.5271848 3.5355711 1.9308847 1.9875552 1.9875552 1.8358231 2.6272331 
Hsap_ENST00000324631                                    2.3249984 2.2486582 2.2427796 2.5914402 2.0577781 2.2209908 2.5294285 0.5394290 0.4316373 0.4817129 0.4490229 0.4457921 0.4051989 0.3439440 0.0000000 0.2733358 0.4300695 0.2225340 0.4712327 0.8783126 0.9212982 0.9463097 0.8915104 1.0218379 0.6782060 0.4740169 0.8221645 0.8263495 0.8199711 0.7913599 0.8291894 0.7829472 0.7783192 0.7919898 0.6385954 0.4044355 0.9209938 0.9209938 1.0426739 1.1327968 1.0905213 1.1845388 1.1845388 1.2116248 1.1026917 0.8604379 1.0791762 1.2486061 1.3797398 1.5200748 1.6077893 1.2397076 1.3195184 1.2828838 1.5005589 1.0434186 0.4263234 2.1349747 2.1349747 1.9388149 1.9388149 2.0990435 2.0990435 2.0181092 2.2825494 2.1808993 2.1808993 2.0101435 2.2792959 2.0964960 1.9542249 1.9551126 2.3051104 2.4842589 2.2512552 2.2616324 2.3664421 2.2596284 2.0397615 1.9583315 1.9583315 2.1822773 2.0808663 1.8485228 2.1624252 1.9949488 2.1106145 2.4734081 4.0558837 3.9337809 3.1277388 2.9716756 3.2849221 2.9117549 2.5824585 2.8063154 3.4746079 3.2539401 3.8261529 3.1714168 3.1112088 3.1428832 3.4285300 3.3497668 1.8517302 1.8219576 1.8219576 1.6420755 2.6757288 
Hsap_ENST00000539935                                    2.2919614 2.2571504 2.1566411 2.7921790 2.1350131 2.2603487 2.4592964 0.5039183 0.4608592 0.4806155 0.4929624 0.4121897 0.4127793 0.3114505 0.2733358 0.0000000 0.1090759 0.3169366 0.4314106 0.7775899 0.7862114 0.8942052 0.7533298 0.9271276 0.6001130 0.4374294 0.8165548 0.8035611 0.8029989 0.7608030 0.7995518 0.7386313 0.7381564 0.7444501 0.5821386 0.4240335 0.8361109 0.8361109 0.9939691 1.0986459 1.0473912 1.1384068 1.1384068 1.1439555 1.0963565 0.8798493 1.1413734 1.3122181 1.2185931 1.3540815 1.4708432 1.1018753 1.1925765 1.1216483 1.4041871 1.0865330 0.4274686 2.0495152 2.0495152 1.8895454 1.8895454 2.0404789 2.0404789 1.9502716 2.1302320 2.2311266 2.2311266 1.9997647 2.2311266 1.9459765 1.9019985 1.8635876 2.1187679 2.3150135 2.4559207 2.2246011 2.2430630 2.1961982 1.9718349 1.9754358 1.9754358 2.0978797 2.0871532 1.8896406 2.0668161 2.0511336 1.9615805 2.3755329 3.8044331 3.7184404 2.9141097 2.8028859 3.1796130 2.9297159 2.5934103 2.7362335 3.3251952 3.2050086 3.7736417 3.2652237 3.1853064 3.0311655 3.5313933 3.1733727 1.8674049 1.7035240 1.7035240 1.3924157 2.5351260 
Hsap_ENST00000637559                                    2.4157787 2.5581976 2.2195856 4.0350479 2.0028511 2.2581586 2.3081783 0.7918759 0.7095326 0.7163676 0.7681343 0.7129389 0.7060282 0.4849521 0.4300695 0.1090759 0.0000000 0.5289714 1.9609189 1.1724550 1.1836717 1.2179893 1.1741151 1.4160240 1.0305646 0.9388915 1.2797629 1.2301738 1.2831312 1.2133684 1.3391087 1.1450979 1.1770091 1.1816409 0.8880747 0.5551815 1.1330250 1.1330250 1.2011966 1.6925836 1.6260728 1.7853069 1.7853069 1.7798135 1.6028340 1.2660609 1.7026092 1.9580171 1.8157064 2.3197043 2.7404132 1.4151343 1.7301070 2.1563273 2.3321646 1.1551385 2.6544559 2.1387900 2.1387900 1.5926128 1.5926128 2.0686680 2.0686680 2.0546235 2.0790978 2.2311266 2.2311266 2.0882878 2.2311266 1.9413381 1.9518402 2.0180877 2.2072685 2.4183549 2.3700720 2.4689124 2.4191942 2.4522143 1.8270918 1.5814331 1.5814331 2.0734113 1.6468051 1.6468051 2.1675720 1.6468051 2.0146826 2.1852697 4.0648597 4.1169665 2.9432982 2.9507968 3.3037729 3.3564410 6.7133035 3.1233618 3.5249066 3.6223049 4.3728273 3.6554381 3.1784155 3.4718715 3.1542835 2.9741797 2.6442812 2.7634066 2.7634066 2.5100463 3.1044779 
Hsap_ENST00000394303                                    2.3089908 2.2372820 2.2648536 2.5707345 2.1773163 2.2302670 2.4456297 0.4965849 0.4208577 0.4731753 0.4433152 0.3990229 0.4516430 0.3701040 0.2225340 0.3169366 0.5289714 0.0000000 0.4836749 0.8220549 0.8627354 0.9114318 0.7806349 0.9506208 0.6741675 0.4833246 0.7989181 0.8104601 0.8071211 0.7597759 0.7695085 0.7296215 0.7410944 0.7710153 0.5476704 0.3932464 0.9357751 0.9357751 1.0565575 1.1541309 1.1233291 1.1874905 1.1874905 1.2068780 1.1669360 0.9625510 1.0894276 1.2451571 1.4149661 1.5448889 1.7203009 1.2750153 1.4240583 1.3847065 1.5417181 1.0021452 0.4779517 2.0688353 2.0688353 2.0612376 2.0612376 2.0636225 2.0636225 1.9148077 2.1645313 2.0344463 2.0344463 2.0227625 2.1342565 2.0994565 1.9730415 1.8576575 2.1403625 2.5677453 2.2597741 2.1729569 2.2991629 2.2773074 2.1061246 2.0072035 2.0072035 2.1036574 2.1078560 1.8486708 2.0654655 2.0712185 2.0870934 2.2685637 3.6901532 3.6888024 2.9250750 2.7636596 3.1724246 2.8762389 2.3495392 2.6015784 3.1839852 3.0061244 3.8814875 3.1598581 2.9282393 3.0541230 3.3950056 3.3769691 2.0157551 1.8282094 1.8282094 1.7360531 2.6020454 
Morvir_scaffold458.g9.t1                                2.2771405 2.0556832 2.2779718 2.2356889 2.2356889 2.9582082 2.5004566 0.5716892 0.6700977 0.5703306 0.5019600 0.4607678 0.5580525 0.5441775 0.4712327 0.4314106 1.9609189 0.4836749 0.0000000 0.3138703 0.3049357 0.4163425 0.4607303 0.5293019 0.6200052 0.5168770 0.6467793 0.6565242 0.5823907 0.6473345 0.6421078 0.6690880 0.6421078 0.5537511 0.4255510 0.6140218 0.7035586 0.7035586 0.9783439 0.8587081 0.8781974 0.8688424 0.8688424 0.8610255 0.8175169 0.8175169 1.0323372 1.2031302 1.1872826 1.1597238 1.1392950 1.1963210 1.1753177 1.1705954 1.1860407 0.5485993 0.5576653 2.0240381 2.0240381 2.0240381 2.0240381 2.1199004 2.1199004 1.9999433 2.7280047 0.0000010 0.0000010 2.0950951 0.0000010 2.1200637 2.0776214 1.9025556 2.0904906 0.0000010 0.0000010 2.1088991 2.4017081 2.4017081 2.2483544 2.1935131 2.1935131 2.1815923 2.1497540 1.9335197 2.1457106 2.1497540 2.1138850 2.5750005 3.3607910 3.3801001 3.0127125 3.0127125 3.1952654 2.7987878 2.4850057 2.3993784 3.0471530 2.6488891 3.7971429 3.1134016 3.2168743 3.2456485 4.1163052 4.1127501 1.6346465 1.9254797 1.9254797 1.5923414 2.9472671 
Nemnom_g3069.t1                                         2.2715092 2.1946773 2.1818910 2.5859483 2.1716078 2.5734660 2.6493725 0.9714403 0.8499162 1.0027267 0.8995424 0.7928281 0.7214985 0.8597902 0.8783126 0.7775899 1.1724550 0.8220549 0.3138703 0.0000000 0.0459345 0.2399559 0.5312975 0.7173765 0.9843731 0.7399089 0.9232215 0.9023742 0.9001222 0.8694544 0.9418331 0.8829879 0.8946789 0.7818842 0.6529511 0.9865673 1.0690557 1.0690557 1.3126323 1.3297740 1.2640608 1.3408347 1.3408347 1.3707495 1.2458475 1.0147970 1.0943606 1.3400199 1.4404115 1.4838953 1.6824542 1.2295501 1.3670261 1.2991583 1.5044081 0.1998419 0.6993222 2.0295651 2.0295651 1.9656714 1.9656714 2.0043314 2.0043314 2.0832702 2.3248332 2.2095669 2.2095669 2.0777383 2.3201406 2.2037476 2.0526689 1.8864179 2.2301878 2.4759044 2.2339643 2.2450902 2.4366555 2.3578752 2.1944865 2.1128076 2.1128076 2.2273501 2.2085369 2.0635470 2.3437221 2.2085369 2.2702652 2.5359037 3.8144797 3.5013356 2.9950579 2.9745723 3.6712677 3.1145775 2.8665967 2.9577633 3.5753881 3.3533842 3.9121670 3.5705007 3.2996867 3.4097689 3.5562506 3.9409913 1.9855447 1.9433784 1.9433784 1.6461639 2.8839698 
Rhoesc_Res_004329-T1                                    2.2433446 2.1674107 2.1740664 2.5859483 2.1716078 2.5779024 2.6458844 0.9750882 0.8660011 1.0019091 0.9093617 0.7915073 0.7092046 0.8357092 0.9212982 0.7862114 1.1836717 0.8627354 0.3049357 0.0459345 0.0000000 0.2523703 0.5367922 0.7202619 0.9905509 0.7376973 0.9037704 0.8832240 0.8709806 0.8560609 0.9327089 0.8554140 0.8943454 0.8020083 0.6466577 0.9934772 1.0657948 1.0657948 1.3579954 1.3595495 1.2619999 1.3706439 1.3706439 1.4070168 1.2700743 1.0185714 1.1052900 1.3272032 1.4457475 1.4871601 1.6588602 1.2383631 1.3758727 1.3100251 1.5129128 0.1930155 0.7306827 2.0170537 2.0170537 1.9428662 1.9428662 1.9892001 1.9892001 2.0752698 2.3227601 2.2635460 2.2635460 2.0914928 2.3775643 2.1812363 2.0303897 1.8328864 2.1821709 2.0563797 2.2419599 2.2565178 2.3981538 2.3569077 2.1926005 2.1108726 2.1108726 2.2230267 2.2066777 2.0589252 2.3116754 2.2066777 2.2824077 2.5655743 3.7597782 3.4225880 3.0077557 3.0579950 3.6328636 3.1709452 3.0259026 2.9692410 3.5193247 3.3474264 3.8893965 3.6142590 3.2934352 3.6235076 3.5180172 3.9194268 1.9314389 1.9850015 1.9850015 1.6758336 2.9049730 
Sanmal_Sma_023598-T1                                    2.2491488 2.2549448 2.2024859 2.9391300 2.4142608 2.9106076 2.7107356 1.0574017 0.9482766 1.0279090 0.9275288 0.8737279 0.7867925 0.9175273 0.9463097 0.8942052 1.2179893 0.9114318 0.4163425 0.2399559 0.2523703 0.0000000 0.5911716 0.7542935 1.0957066 0.8160327 0.9124125 0.9056336 0.8990658 0.8886096 0.9694633 0.8819037 0.9289756 0.8846967 0.7618341 1.0178047 1.1774654 1.1774654 1.3465130 1.3807793 1.3143415 1.3843047 1.3843047 1.4218934 1.2587992 1.0531077 1.1473350 1.3431223 1.3549922 1.4068169 1.7149026 1.2132350 1.3235938 1.2310857 1.4514461 0.2720062 0.8580424 2.1241933 2.1241933 1.9908612 1.9908612 2.1990287 2.1990287 2.1485973 2.3271995 2.2991439 2.2991439 2.0745296 2.4126073 2.1381567 2.0474975 1.9185573 2.4012389 2.8139066 2.4633366 2.2601503 2.4020447 2.2638655 2.0375465 1.9787496 1.9787496 2.2789388 2.1946628 1.7773679 2.3957523 2.1946628 2.1612608 2.5319356 3.8378902 3.6917573 3.0432076 3.0683017 3.6433695 3.3438265 3.2524713 3.0097905 3.5781921 3.2885925 3.8196503 3.6435494 3.3182759 3.5275245 3.5438718 3.7737941 1.9228872 1.9038256 1.9038256 1.6261379 2.9652220 
Hvul_g23284_1                                           2.5609121 2.4735536 2.3527659 2.7445599 2.3199360 2.5936153 2.8256418 0.8544766 0.8505176 0.8666461 0.8568706 0.8599375 0.7396176 0.8419580 0.8915104 0.7533298 1.1741151 0.7806349 0.4607303 0.5312975 0.5367922 0.5911716 0.0000000 0.5107114 0.9362186 0.7583568 0.8603771 0.8497750 0.8776284 0.8818586 0.9026011 0.8609516 0.8648218 0.8231424 0.6607686 1.0047680 1.0050016 1.0050016 1.1933257 1.1831285 1.1573318 1.2326261 1.2326261 1.2260519 1.1741158 0.9576898 0.9819462 1.1535636 1.2188831 1.3213924 1.5062542 1.1072994 1.1581187 1.0371469 1.2735669 0.5768952 0.7322459 2.0752179 2.0752179 2.0730354 2.0730354 2.1874770 2.1874770 2.0785326 2.3418566 2.0199193 2.0199193 2.1222976 2.0199193 2.3909688 2.1141223 1.9069028 2.1042812 1.7035133 1.7014648 2.0568358 2.1478146 2.4072097 2.1822276 2.0964128 2.0964128 2.1266150 2.3314883 2.0921252 2.1223275 2.3314883 2.1619578 2.3982264 3.7061284 3.6012757 3.0103454 2.9316888 3.3044336 2.9016142 2.8343748 2.6595565 3.2841474 3.2983353 3.8498561 3.0307148 3.3344059 3.2009725 3.3199327 3.6948459 1.8489617 1.6731388 1.6731388 1.3407100 2.5640941 
Chem_TCONS_00071763                                     2.2998851 2.2353161 2.3234516 2.9506280 2.3638226 2.6471267 2.8058149 1.0752423 1.0025672 1.0282579 0.9626925 0.9504919 0.8249337 1.0105619 1.0218379 0.9271276 1.4160240 0.9506208 0.5293019 0.7173765 0.7202619 0.7542935 0.5107114 0.0000000 1.0866190 0.8745215 0.9865235 0.9709969 0.9775489 0.9683230 1.0073041 0.9398570 0.9742086 0.9934467 0.7671200 1.1303972 1.2209141 1.2209141 1.2961650 1.3618938 1.3099441 1.3589985 1.3589985 1.4547872 1.3428833 1.1094114 1.0703264 1.2902444 1.4334401 1.5179168 1.7454285 1.2802423 1.3751264 1.2131409 1.4648075 0.7017743 0.8252454 2.2049962 2.2049962 2.0668297 2.0668297 2.2737597 2.2737597 2.1993631 2.6033470 2.2490724 2.2490724 2.3458764 2.3547767 2.6515540 2.2718931 1.9012112 2.2791925 2.0314594 1.8931106 2.0633329 2.2917571 2.3822973 2.0884251 2.1821128 2.1821128 2.1933720 2.2931497 2.0522744 2.2233429 2.2931497 2.1601183 2.6594019 3.9503000 3.7745610 3.2837102 3.2353423 3.4481896 2.9433974 2.7180302 3.0317464 3.5702156 3.5301654 3.8497721 3.3686011 3.4727816 3.6534641 3.8939902 4.0103438 2.1276447 1.7917401 1.7917401 1.4677409 3.0796342 
Cgig_XM_011431286.3                                     2.2403076 2.0607623 2.0410479 2.4713027 2.1891559 2.3008831 2.4380697 0.7714213 0.5830379 0.6151445 0.6054979 0.4965055 0.3775461 0.7116734 0.6782060 0.6001130 1.0305646 0.6741675 0.6200052 0.9843731 0.9905509 1.0957066 0.9362186 1.0866190 0.0000000 0.4519272 0.8881104 0.8769245 0.8975607 0.8578640 0.9697995 0.8804299 0.9086045 0.8768617 0.7022273 0.5534614 1.0951941 1.0951941 1.1408361 1.0828602 1.0427278 1.1422982 1.1422982 1.1227918 1.0952367 0.8976864 0.9993193 1.2107064 1.4051106 1.5560351 1.6697868 1.2865790 1.3430656 1.3366277 1.5322431 1.1684639 0.6616905 2.1635388 2.1635388 2.0731359 2.0731359 2.1452695 2.1452695 2.0312467 2.4103348 2.2303406 2.2303406 2.1067305 2.2303406 2.2219120 2.0630946 2.0290231 2.0467817 2.2771932 2.1795008 2.1954055 2.2658073 2.4089413 2.2476837 2.0293846 2.0293846 2.1462525 2.1597560 2.0983963 2.1402257 2.2147578 2.2811306 2.3560887 3.7250197 3.7875716 3.1910071 3.2162516 3.4677016 3.0053277 3.0317352 2.6850573 3.4131801 3.5247099 4.1157782 3.1758052 3.4138543 3.4240187 3.3073903 3.7306314 2.0614965 1.9706646 1.9706646 1.4543615 2.7897458 
Ctel_gnl_WGS_AMQN_CAPTEDRAFT_mRNA181389                 2.3235678 2.0824827 2.2209675 2.0356446 2.0686045 2.2277787 2.3727464 0.5182171 0.4218826 0.3723489 0.3825419 0.3489421 0.3079856 0.5081131 0.4740169 0.4374294 0.9388915 0.4833246 0.5168770 0.7399089 0.7376973 0.8160327 0.7583568 0.8745215 0.4519272 0.0000000 0.6741153 0.6683589 0.6944791 0.7040426 0.7121493 0.6998974 0.6399131 0.6442722 0.6086088 0.3324151 0.9082239 0.9082239 1.0509681 1.0939635 1.1083522 1.1248917 1.1248917 1.1331567 1.1286502 0.9201442 0.9117010 1.1515846 1.2767929 1.2989576 1.3852235 1.1596721 1.2496258 1.2312149 1.2709135 0.8994575 0.3395989 2.1150282 2.1150282 2.1059222 2.1059222 2.0079415 2.0079415 1.9871643 2.3070879 2.0391437 2.0391437 1.9709260 2.0391437 2.1301070 1.9149182 1.7656070 1.9039575 0.7311412 1.5423485 2.0491339 2.1478900 2.3887544 2.2546909 2.1026996 2.1026996 2.1738646 2.3378275 2.1285962 2.0301356 2.2451833 2.1415634 2.4928785 3.5538441 3.6339892 2.8524710 2.8524710 3.3947882 2.7079924 2.5832656 2.3254381 3.2799591 3.1352516 3.8643667 3.0555845 3.1860575 3.0438077 3.1552100 3.7681798 1.8507483 1.8085855 1.8085855 1.3994621 2.4437263 
Spis_XP_022790765_1                                     2.2178305 2.1115846 2.1939356 2.4566178 2.1003830 2.1154953 2.5736165 0.8456877 0.7457860 0.7759548 0.7590298 0.7216344 0.6613866 0.8668700 0.8221645 0.8165548 1.2797629 0.7989181 0.6467793 0.9232215 0.9037704 0.9124125 0.8603771 0.9865235 0.8881104 0.6741153 0.0000000 0.0217640 0.1055787 0.1048983 0.1356615 0.1127740 0.1369565 0.3691051 0.3291792 0.7841514 0.8452157 0.8452157 1.0337583 1.2107670 1.1899207 1.2453231 1.2453231 1.2372942 1.1810126 0.9946164 1.1764874 1.3521096 1.2849734 1.3677987 1.6300893 1.1831556 1.3070602 1.2091180 1.4497542 1.0434010 0.6519887 2.0756719 2.0756719 2.0886459 2.0886459 2.0001179 2.0001179 1.9120485 2.2336503 1.9749303 1.9749303 2.0837735 1.9749303 2.3527632 1.9987578 1.7815270 2.0423908 2.2418320 2.1016490 2.1026084 2.1273516 2.1235508 1.9979453 1.7744282 1.7744282 2.0520536 2.0192055 1.7392993 2.1148004 2.0192055 2.1413757 2.2959806 3.7688249 3.8330494 2.9165465 2.9552772 3.1931278 3.0641352 3.2337421 2.7772000 3.1492597 3.0609053 4.1126425 2.8303191 3.2728831 3.3100113 3.1342701 3.2607102 1.8847193 1.7143470 1.7143470 1.4533047 2.8040008 
Pocdam_XM_027199329.1                                   2.2178305 2.1115846 2.2179092 2.4566178 2.1003830 2.1276413 2.5741406 0.8526004 0.7557253 0.7802079 0.7765053 0.7161325 0.6661684 0.8602665 0.8263495 0.8035611 1.2301738 0.8104601 0.6565242 0.9023742 0.8832240 0.9056336 0.8497750 0.9709969 0.8769245 0.6683589 0.0217640 0.0000000 0.1120989 0.1115622 0.1334802 0.1171172 0.1348080 0.3686122 0.3292252 0.7943806 0.8577058 0.8577058 1.0448266 1.2214598 1.2007181 1.2457531 1.2457531 1.2367787 1.1809500 1.0001205 1.1764874 1.3521096 1.2964719 1.3687194 1.6440280 1.1804668 1.3199675 1.2183288 1.4608302 0.9931421 0.6485041 2.0656334 2.0656334 2.0886459 2.0886459 1.9840937 1.9840937 1.9156129 2.2220127 1.9883731 1.9883731 2.0896781 1.9883731 2.3527632 1.9803186 1.7815270 2.0276649 2.1876289 2.0703493 2.0906001 2.1171948 2.1235508 1.9979453 1.7744282 1.7744282 2.0403257 2.0192055 1.7392993 2.1029337 2.0192055 2.1467990 2.3097791 3.7812683 3.9173207 2.9191529 2.9579160 3.1966641 3.0311710 3.2337421 2.7395405 3.1808492 3.0902607 4.1126425 2.8617627 3.2501299 3.3476731 3.1753299 3.2674132 1.8978311 1.7318059 1.7318059 1.4474449 2.7969918 
Gasp_gasp1.m3.5484.m1                                   2.1684516 2.0810158 2.1810655 2.4391713 2.0548889 2.1936585 2.4945639 0.8688821 0.7483908 0.7816214 0.7805080 0.7382012 0.6679107 0.8627324 0.8199711 0.8029989 1.2831312 0.8071211 0.5823907 0.9001222 0.8709806 0.8990658 0.8776284 0.9775489 0.8975607 0.6944791 0.1055787 0.1120989 0.0000000 0.0567996 0.1141214 0.0907492 0.1356098 0.3778322 0.3228240 0.7839035 0.8381646 0.8381646 1.0747784 1.2382103 1.1933210 1.2671601 1.2671601 1.2711173 1.1881459 0.9538867 1.1738258 1.3577404 1.2970898 1.4197989 1.6639699 1.1926040 1.3306622 1.2349225 1.4441952 1.0668656 0.6699196 2.1439146 2.1439146 2.0716598 2.0716598 2.0156713 2.0156713 1.9356681 2.3207936 2.0082879 2.0082879 2.0570501 2.0082879 2.2765547 1.9437158 1.8721970 2.1514934 2.3739851 2.2188043 2.2203098 2.2040845 2.0927386 1.9747308 1.7315390 1.7315390 2.0405189 1.9128920 1.6912672 2.1503159 1.9128920 2.1021203 2.2512008 3.7385876 3.9432348 2.9401587 2.9806369 3.1205425 3.2102685 3.2348153 2.7509720 3.1908810 3.1096370 3.9780893 2.8754076 3.4175678 3.4718537 3.2142264 3.3646295 1.8450545 1.6731041 1.6731041 1.3649611 2.8140299 
Fspp_ffun1.m4.11790.m1                                  2.1942546 2.0680935 2.1547542 2.4894351 2.0768951 2.1226131 2.4802050 0.8449488 0.7418116 0.7289968 0.7105223 0.6984731 0.6668299 0.8058218 0.7913599 0.7608030 1.2133684 0.7597759 0.6473345 0.8694544 0.8560609 0.8886096 0.8818586 0.9683230 0.8578640 0.7040426 0.1048983 0.1115622 0.0567996 0.0000000 0.1233207 0.1166188 0.1188000 0.3188959 0.3217906 0.7344894 0.7668338 0.7668338 0.9727485 1.1680732 1.1762294 1.2047529 1.2047529 1.1990776 1.1604690 0.9812970 1.2088688 1.3728617 1.3110076 1.4124608 1.6539201 1.2072177 1.3428534 1.2498772 1.4722638 0.9634266 0.6479595 2.0879976 2.0879976 2.0751814 2.0751814 1.9802464 1.9802464 1.9221389 2.2514855 1.9451230 1.9451230 2.0322517 1.9451230 2.2792736 1.8901586 1.8067911 1.9909199 1.9005603 2.1216818 2.0946443 2.1162103 2.1130383 1.9810921 1.7367338 1.7367338 2.0757649 1.9698789 1.6900749 2.0757649 1.9698789 2.1373888 2.2825294 3.7238713 3.8883084 2.9909061 3.0030807 3.1446829 3.1055866 3.2390025 2.6352594 3.1779743 3.1221722 4.0714319 2.9062635 3.4008595 3.3028020 3.2128416 3.4562229 1.8887734 1.6330301 1.6330301 1.3922514 2.7154058 
Amil_Amillepora27356-RA                                 2.2559213 2.1394397 2.2629068 2.4809160 2.1003613 2.1151206 2.5841534 0.8717180 0.7934352 0.7960861 0.7621198 0.7408559 0.6823266 0.8419577 0.8291894 0.7995518 1.3391087 0.7695085 0.6421078 0.9418331 0.9327089 0.9694633 0.9026011 1.0073041 0.9697995 0.7121493 0.1356615 0.1334802 0.1141214 0.1233207 0.0000000 0.0570920 0.0322433 0.3388286 0.3446266 0.7648287 0.7838378 0.7838378 1.0046740 1.2537532 1.2430012 1.3081592 1.3081592 1.2824353 1.2611748 1.0359830 1.2239608 1.3857023 1.2148246 1.3848544 1.5320573 1.2107684 1.2432098 1.2295101 1.4202805 1.1502226 0.6257700 2.2275874 2.2275874 2.0788113 2.0788113 2.1314499 2.1314499 2.0638193 2.4177930 2.2526356 2.2526356 2.1502469 2.2526356 2.2435673 2.0648386 1.8756884 2.1206370 2.2364235 2.4525229 2.1946558 2.2219236 2.0830800 1.9517152 1.7127509 1.7127509 2.1142685 1.9401389 1.6889260 2.1623777 1.9401389 2.0857376 2.3197132 3.8063478 3.9246701 3.0204372 3.0546087 3.1163607 3.2088508 3.1719101 2.8274132 3.4786091 3.5299485 4.0337162 2.9214692 3.4587930 3.4013573 3.5715310 3.4930498 1.7873640 1.6993117 1.6993117 1.4068368 2.6383612 
Gfas_gfas1.m1.15490.m1                                  2.1765914 2.0613809 2.1409802 2.4073778 2.0721821 2.0649879 2.5170638 0.8154931 0.7770530 0.7104157 0.7223924 0.7219924 0.6512521 0.7876497 0.7829472 0.7386313 1.1450979 0.7296215 0.6690880 0.8829879 0.8554140 0.8819037 0.8609516 0.9398570 0.8804299 0.6998974 0.1127740 0.1171172 0.0907492 0.1166188 0.0570920 0.0000000 0.0680443 0.3382266 0.3508904 0.7489015 0.7540899 0.7540899 0.9885667 1.2030357 1.2127490 1.2316179 1.2316179 1.2296849 1.2042851 1.0084218 1.1863262 1.3539707 1.2333731 1.3533877 1.5452971 1.1696393 1.2728823 1.2059312 1.3885442 0.9604721 0.6516097 2.1319143 2.1319143 2.0847989 2.0847989 2.0343870 2.0343870 1.9688465 2.2811963 2.0113608 2.0113608 2.0601211 2.0113608 2.2521488 1.9636530 1.8366134 2.0111676 1.7637203 2.0631420 2.0880117 2.1233250 2.1063302 1.9793673 1.7342861 1.7342861 2.0684354 1.9680677 1.6954639 2.0684354 1.9680677 2.1422748 2.3104181 3.8110691 3.9562621 2.9563980 2.9676128 3.0461321 3.1191789 3.2429905 2.6551047 3.3446681 3.1942030 4.1091198 2.9286546 3.3368997 3.3077916 3.3487318 3.2644620 1.8591127 1.6845537 1.6845537 1.3707601 2.5970234 
Adig_XM_015898058.1                                     2.1667190 2.0521006 2.1824977 2.4832173 2.0419542 2.1019872 2.5352080 0.7928051 0.7476165 0.7525819 0.7211982 0.6954619 0.6761205 0.8105657 0.7783192 0.7381564 1.1770091 0.7410944 0.6421078 0.8946789 0.8943454 0.9289756 0.8648218 0.9742086 0.9086045 0.6399131 0.1369565 0.1348080 0.1356098 0.1188000 0.0322433 0.0680443 0.0000000 0.3366813 0.3405944 0.7324710 0.7669872 0.7669872 0.9798566 1.1638549 1.1317265 1.2111197 1.2111197 1.1853545 1.1307204 0.9889629 1.2239608 1.3857023 1.2377732 1.3653137 1.5919181 1.1611406 1.2641592 1.2295101 1.3901607 1.0596803 0.6257700 2.0346568 2.0346568 2.0788113 2.0788113 1.9908121 1.9908121 1.9154230 2.1505305 1.8931145 1.8931145 2.0097045 1.8931145 2.2435673 1.9353349 1.8104864 2.0611979 1.9013552 2.0926291 2.0995373 2.1645608 2.0830800 1.9517152 1.7127509 1.7127509 2.0650822 1.9401389 1.6889260 2.0857420 1.9401389 2.0939944 2.3197132 3.6513225 3.8525481 3.0188868 3.0425982 3.0630031 2.9472199 3.1719101 2.6757251 3.2548102 3.2358979 3.9655910 2.7454088 3.3406824 3.3060069 3.3536326 3.3697263 1.8958083 1.6993117 1.6993117 1.4068368 2.6386236 
Exapal_XM_021037380.2                                   2.2111834 2.0384638 2.1213660 2.4741489 2.1182681 2.2624945 2.4308517 0.8751869 0.7377543 0.7599094 0.7662893 0.7111509 0.6217211 0.8063010 0.7919898 0.7444501 1.1816409 0.7710153 0.5537511 0.7818842 0.8020083 0.8846967 0.8231424 0.9934467 0.8768617 0.6442722 0.3691051 0.3686122 0.3778322 0.3188959 0.3388286 0.3382266 0.3366813 0.0000000 0.2275324 0.8228900 0.8071058 0.8071058 0.9468970 1.2029686 1.1505478 1.2019647 1.2019647 1.2132453 1.1596830 0.9665040 1.0942936 1.2978768 1.4135762 1.4845645 1.7358028 1.2722854 1.4017624 1.3060941 1.4948729 0.9619572 0.6014495 2.0401974 2.0401974 2.1231906 2.1231906 1.9790164 1.9790164 1.8974366 2.2460846 1.8158455 1.8158455 2.0046833 1.8158455 2.3461129 1.9430586 1.8731428 1.9827312 2.0096541 1.7308789 2.0030164 2.0947739 2.1162279 2.0008057 1.8032375 1.8032375 1.9798840 1.9995053 1.8758275 2.0572480 1.9995053 2.0443470 2.2944809 3.6179581 3.5725223 3.1109746 3.0793780 3.1149218 2.9084688 3.0027215 2.7234488 3.3818292 3.4950166 4.2060987 2.9899826 3.2197620 3.1571605 3.2321028 3.4168280 2.0690921 1.7546733 1.7546733 1.4441748 2.6313547 
