72
Aque_Aqu2.1.11317_001                                              0.0000000 4.7916905 5.2733036 4.2143401 4.7123972 6.1511720 8.1906986 8.9366569 5.2416606 5.4167971 8.9999982 7.0919734 5.5778899 5.5042344 5.4402452 5.9882847 4.8987173 3.7223176 4.3906183 4.2714346 4.2975098 4.3087084 4.9415300 4.9594902 5.6518427 4.2244865 4.3921555 5.3798466 5.5372481 5.8627323 5.7728937 5.9606774 5.3179443 5.6212265 4.8760553 4.2057357 5.3858996 4.8934661 4.1202070 3.8850468 4.7959454 5.3824579 5.3564629 4.6461482 4.8334644 5.5946627 7.2229108 5.4734502 4.0675605 5.0885323 4.1783412 4.9924546 5.3607670 6.1944621 6.4175123 5.3087534 5.9988919 6.0793908 5.4819176 6.3785572 5.1749744 5.9683578 6.1905509 5.9417409 5.9417409 8.9999982 7.0545465 7.7885504 5.8902569 7.2586699 6.4162628 6.7250076 
Aque_Aqu2.1.27560_001                                              4.7916905 0.0000000 0.3383178 0.6378476 0.9505374 1.1251577 1.3057029 1.5468452 1.3442689 1.3416589 1.8719620 3.1135278 2.4923509 2.4788110 2.6127291 2.3803206 2.8396659 2.9360100 2.1514984 2.1339550 2.2874165 2.1854019 2.4896709 2.2964475 2.3828423 2.2818217 2.5328683 2.6132841 2.6167762 2.6986211 2.7311006 2.6105758 1.7901666 2.5534424 1.9932443 2.5306499 1.9567405 2.2183552 2.8932030 2.3210035 2.2453818 2.2135681 2.0468646 2.0822400 2.1381742 2.8642817 2.1538811 3.2651911 2.2708707 2.8155797 2.8528653 2.9316923 3.6575349 3.4271731 2.9600100 3.1818100 3.4985907 3.3517626 3.9286522 3.6226926 4.1354993 4.0338665 4.0005517 2.8850123 2.8850123 3.2201557 3.5465318 3.4406973 3.0530791 3.1870460 3.7458683 3.1458687 
Halamb_c51810_g3_i1m.31458                                         5.2733036 0.3383178 0.0000000 0.6228655 0.9763445 1.1222999 1.1891478 1.4600549 1.3384612 1.3356009 1.8913611 3.5648172 2.7968501 2.6051050 2.9980078 2.7407914 2.9824557 2.9869248 2.4544828 2.4229190 2.4712920 2.4407651 2.7150378 2.3241078 2.5090556 2.4407249 2.6932923 2.5655928 2.5871740 2.6658019 2.7348372 2.6506521 1.8925959 2.5362469 1.9947793 2.7544876 2.0426639 2.4047868 2.7018098 2.2379258 2.1075160 1.9861378 1.9151088 2.0317148 2.0081878 2.9007797 2.3564378 3.0183663 2.3040452 2.8048948 2.5832100 3.3248140 3.4404555 3.2286734 3.0955518 3.0735010 3.9648833 3.5867989 3.6849506 3.8257485 3.7386965 4.3930979 4.5520756 2.7048537 2.7048537 3.0523840 3.7336002 3.4511333 3.2697250 3.0342684 3.5646557 3.1494376 
Xestes_augustus_masked-XT_scaffold129746-processed-gene-0.2-mRNA-1 4.2143401 0.6378476 0.6228655 0.0000000 1.4121288 1.0864219 0.5433476 0.0000010 1.5342975 1.5582981 1.6775471 3.1831739 3.5959958 3.5193816 2.5728776 3.2620701 3.3861889 4.2563942 2.8650165 2.8267878 3.0763781 3.0516269 3.1590812 3.0542204 2.7099727 3.3409603 2.7037206 2.8974639 2.9610539 3.0729602 3.1072678 2.9699920 0.7289978 2.6628552 2.4754478 3.0918127 2.4076485 2.7706815 2.8674965 2.4045105 1.9750614 1.8630777 1.9626005 1.8276524 1.8589945 3.6836376 1.7006708 3.3239153 2.5850618 2.4852744 2.8647989 3.0367716 4.3888525 4.0347384 4.1699378 3.3346800 3.7412985 4.3844211 3.9974546 3.7737827 3.8268043 4.3278626 3.8396185 2.6277173 2.6277173 4.5240920 4.4109764 4.5131920 2.8936550 3.9775124 3.3387357 3.3409587 
Tetwil_g7497.t1                                                    4.7123972 0.9505374 0.9763445 1.4121288 0.0000000 0.6753348 0.8393248 1.0406012 0.9191604 0.8912896 1.3295001 3.0657534 2.7735231 2.6202143 3.3593558 2.7171217 2.8653014 2.9955949 2.6227341 2.5108209 2.6178700 2.7371813 2.4235467 2.3925138 2.4567682 2.4946689 2.6872780 2.5291983 2.5344739 2.5172341 2.6356617 2.5787092 2.0811502 2.5463510 2.0672774 2.9028554 2.1619959 2.2537049 2.6839274 2.3785808 2.2097370 2.0549340 2.0728034 2.0800521 2.0833574 3.0474155 2.3189596 3.4912382 2.3302686 2.9949300 2.6028283 2.9286623 3.6109982 3.0450745 3.0491061 3.3381174 3.8116686 3.4962844 4.4095738 4.4211136 4.1721933 4.4185162 4.3216402 2.8606178 2.8606178 4.0183779 3.3036027 2.9880372 3.4696834 3.3370506 3.9650868 3.3732297 
Stycar_maker-SC_scaffold144696-snap-gene-0.4-mRNA-1                6.1511720 1.1251577 1.1222999 1.0864219 0.6753348 0.0000000 0.1004156 0.0455693 1.0673385 1.0673385 1.1138212 3.4552221 3.4577407 3.3847644 3.0683196 3.6922468 4.4490088 3.8904770 3.5043267 3.1185907 3.2760225 3.6316476 3.5490363 3.5199737 3.5562303 3.4926415 3.5756699 3.5367836 3.6757346 3.6757346 3.6419656 3.6005119 5.4158201 3.4461955 6.9346721 3.8830575 2.8278536 3.3127045 3.7740163 3.5026068 3.1111030 2.8971580 2.8336940 3.1217377 3.1383833 3.6077578 3.3787113 4.8172608 3.5685007 3.3514804 3.7110496 3.7721050 4.9117700 3.9128256 3.9683140 3.9924394 5.8087901 7.7339196 6.1513905 6.4425003 6.6551417 6.1143956 5.0409818 4.9801484 4.9801484 5.5226056 5.0366556 4.3371431 3.5029455 4.5667234 4.2900442 3.6790720 
Stycar_maker-SC_scaffold113037-snap-gene-0.3-mRNA-1                8.1906986 1.3057029 1.1891478 0.5433476 0.8393248 0.1004156 0.0000000 0.1886033 0.9760894 0.9760894 1.1167397 2.6897690 2.2735756 2.1853667 2.2735374 2.8646127 2.8786395 3.1601773 2.8187882 2.7648669 3.0204214 3.1095795 2.7573496 2.4651851 2.7372979 9.0000000 4.4642312 2.2799361 2.3063286 2.3063286 2.3213720 2.3829133 7.2350926 2.5818948 5.5274914 3.1119220 2.3617814 1.7963317 3.2837925 3.3567422 3.0641687 2.4723310 2.3798563 2.6978133 3.0227138 2.5863380 2.3014128 3.6650407 3.2002442 3.4244277 3.2220761 3.6861197 2.9525175 3.7319770 2.8372353 4.0266473 4.2840975 4.2613966 5.0325323 3.8294128 4.0308956 4.5843055 4.7731207 3.2754477 3.2754477 3.3513122 5.1315684 4.1808516 3.7743518 3.8769591 3.6737690 2.6508985 
Stycar_maker-SC_scaffold125639-augustus-gene-0.6-mRNA-1            8.9366569 1.5468452 1.4600549 0.0000010 1.0406012 0.0455693 0.1886033 0.0000000 1.4986059 1.4986059 1.7816162 4.0786817 4.1150486 3.8619736 3.2716956 4.4805580 5.3356995 3.9072995 3.7230896 3.5126484 3.7305542 3.7732399 3.6667432 3.5233873 3.6921565 3.3017490 5.1033634 4.0605211 4.1388175 4.2332229 4.0853927 4.1172137 5.5156416 4.2419022 5.3522634 4.0724265 2.8948145 2.7956619 4.3552960 3.9202934 3.4565366 3.5150632 3.0386119 3.3716338 3.7648457 3.4489061 3.5892902 6.0035941 4.4864081 3.8786155 4.2651903 4.5405624 4.2618331 4.8905515 4.5115749 5.8177820 6.9138941 6.8268148 6.7209933 5.8397903 6.3223992 7.3876438 4.9095179 5.7823706 5.7823706 4.0251041 4.6154920 4.7945355 5.4129704 3.7641910 5.3579656 3.2113654 
Spolac_c103453_g2_i1_m.34318c103453-g2                             5.2416606 1.3442689 1.3384612 1.5342975 0.9191604 1.0673385 0.9760894 1.4986059 0.0000000 0.0039802 0.2567452 2.6612341 2.5038285 2.4793836 2.6644685 2.4523376 2.7135888 2.7176362 2.3075103 2.1140275 2.1465878 2.4007412 2.3500689 2.2152068 2.3413070 2.3820382 2.6865892 2.2557076 2.3026023 2.3970260 2.3939251 2.3217659 1.8621150 2.3532922 1.8508542 2.6535049 1.8940530 2.0763984 2.5962818 2.6985337 2.2897043 2.2430653 2.0987080 2.1770690 2.2013175 2.8621908 1.9730872 3.1310648 2.5839752 2.9137018 2.7169488 3.1487940 4.3696865 3.1520350 3.2586664 2.8019105 3.9458098 3.5074251 3.6992597 3.8726238 3.8889696 4.2447502 4.0963400 3.2737502 3.2737502 3.6195856 4.0655422 3.0249018 3.0323948 3.5106215 3.8766939 2.8063331 
Spolac_c103453_g2_i3_m.34319c103453-g2                             5.4167971 1.3416589 1.3356009 1.5582981 0.8912896 1.0673385 0.9760894 1.4986059 0.0039802 0.0000000 0.2484844 2.6612341 2.5615643 2.5360134 2.7269622 2.3734774 2.6761607 2.7480709 2.4170107 2.2052890 2.2213675 2.4961598 2.4054154 2.2507078 2.3522270 2.2383393 2.7068551 2.3265224 2.3961692 2.3970260 2.3973841 2.3217659 1.8621150 2.3065294 1.9727354 2.7952519 1.9763080 2.1598856 2.7376405 2.8460655 2.3460675 2.3110280 2.1579580 2.2395675 2.2533502 2.9612011 1.9730872 3.0004303 2.6432659 3.1305139 2.7859690 3.3094408 4.2691349 3.2705137 3.3494517 2.9775058 3.8390781 3.3019422 3.7766177 3.8938059 3.8953126 4.1797777 4.1949811 3.2737502 3.2737502 3.7715090 4.0822921 3.2175075 3.3148199 3.4898221 3.9942787 3.0521739 
Emue_Em0005g75a.t1                                                 8.9999982 1.8719620 1.8913611 1.6775471 1.3295001 1.1138212 1.1167397 1.7816162 0.2567452 0.2484844 0.0000000 2.9834949 3.1737183 3.0839981 2.6481307 3.3814723 3.6666232 3.8001855 3.1492642 2.8713195 2.8223830 3.4303534 3.2269012 3.3486055 3.2731996 3.4211622 3.7836991 3.4320652 3.5402597 3.5330364 3.7164686 3.4721080 4.3058603 3.4149903 3.4123617 3.8303932 2.8707928 3.3925323 3.9265718 3.6167865 2.8220398 3.0968207 2.6364797 2.9490149 3.0044138 4.1939026 2.9109993 3.4123329 3.7243403 3.9033169 3.3088909 3.6921322 4.7907928 4.7520436 4.1748136 3.8477307 4.1102868 3.9666210 4.3543923 4.5516152 4.9290274 4.8770467 4.3829482 4.1370423 4.1370423 5.3230663 7.0130787 3.7425589 3.7993408 4.4939720 4.3354197 3.7782112 
Morvir_scaffold972.g1.t2                                           7.0919734 3.1135278 3.5648172 3.1831739 3.0657534 3.4552221 2.6897690 4.0786817 2.6612341 2.6612341 2.9834949 0.0000000 1.1260588 1.0342231 0.9658049 0.9724976 1.2596964 1.2095359 1.8669939 1.7900579 1.8498412 1.8437525 1.7500081 1.7233679 2.0637604 2.1544713 2.3524458 2.5120751 2.5419255 2.5751138 2.5229675 2.5100885 5.5128073 2.7035043 4.3525117 2.7699665 2.3648048 2.5298365 2.9332219 3.1163232 2.5787209 3.1661682 3.5607086 3.2993166 3.3329932 2.7389269 1.9912240 1.6090180 2.9202784 2.5360177 2.9616962 3.3828061 3.1850486 2.5776786 2.2954319 3.3967391 3.6956223 3.5751216 3.7842326 3.4612546 4.1943378 3.7815739 3.7386378 3.3448043 3.3448043 3.0067814 4.2484201 3.2955432 3.6292114 3.8711417 3.5080709 3.5815503 
Nemnom_g17559.t1                                                   5.5778899 2.4923509 2.7968501 3.5959958 2.7735231 3.4577407 2.2735756 4.1150486 2.5038285 2.5615643 3.1737183 1.1260588 0.0000000 0.2405762 0.6045175 0.8088002 1.4539836 1.7971159 2.1069002 2.0713187 2.1366899 2.0143307 2.2533969 2.2822395 2.1874042 2.3149337 2.2642068 2.2067242 2.1552199 2.2208361 2.3406002 2.3762592 2.4312690 2.2656816 1.9335064 2.1693640 1.8948696 1.9490472 2.7123717 3.0678067 2.5355057 2.6129763 2.9384905 2.6993083 2.7745740 2.6435758 2.2544845 2.2885475 2.6410629 3.3325236 2.5877355 3.1066070 3.4423908 3.2156420 2.6714043 2.7023711 3.4718712 3.1007713 3.3457951 3.2304610 3.2401869 3.4659367 4.2511363 2.8324000 2.8324000 2.8626409 3.7070388 3.0028360 3.4307547 3.4077373 3.2491878 3.8400993 
Rhoesc_Res_007272-T1                                               5.5042344 2.4788110 2.6051050 3.5193816 2.6202143 3.3847644 2.1853667 3.8619736 2.4793836 2.5360134 3.0839981 1.0342231 0.2405762 0.0000000 0.5117901 0.6986097 1.5096054 1.7222148 1.9911204 1.9370137 1.9960681 1.9088164 2.1073595 2.0191580 2.0270480 2.3259514 2.2266036 2.3367090 2.2476829 2.3210330 2.4491456 2.4215639 2.5167592 2.2530516 2.0482355 2.1632446 1.7938880 1.9551082 2.5054188 3.0131448 2.5909626 2.5842030 2.9124731 2.7881660 2.7053596 2.5023622 2.2010171 2.2924614 2.5046538 3.2089680 2.6563510 2.9786716 3.3328749 2.8442836 2.5020347 2.5646815 3.2634295 3.0442196 3.0850697 2.9922583 3.0625593 3.2897356 4.1308310 2.6222546 2.6222546 3.0986051 3.6888829 2.9286860 3.2407644 3.3206989 3.2986170 3.6512392 
Aaur_scaffold751.g2.t1                                             5.4402452 2.6127291 2.9980078 2.5728776 3.3593558 3.0683196 2.2735374 3.2716956 2.6644685 2.7269622 2.6481307 0.9658049 0.6045175 0.5117901 0.0000000 0.5816599 1.4114532 1.5553545 2.0211772 1.8712579 1.9797792 1.9872469 1.8772645 2.0034703 1.8314276 2.2015596 2.4989016 2.1373889 2.0537334 2.1257595 2.1816922 2.1578128 4.4920989 2.0272400 4.6130804 2.2569814 1.8516213 2.0422981 2.7264900 2.8110282 2.5151460 2.9235039 2.9938150 3.0499857 2.9848513 2.6889386 2.2393779 2.0140268 2.7005378 2.5966590 2.3606040 3.1259684 2.9657725 2.7159882 2.4316790 2.9565951 3.9512166 4.9079482 3.8236409 3.5897514 3.8145694 4.2634919 3.6675616 3.8366821 3.8366821 2.7968729 4.4178186 3.0452320 3.7224827 3.3483677 3.6479734 2.8826894 
Sanmal_Sma_015225-T1                                               5.9882847 2.3803206 2.7407914 3.2620701 2.7171217 3.6922468 2.8646127 4.4805580 2.4523376 2.3734774 3.3814723 0.9724976 0.8088002 0.6986097 0.5816599 0.0000000 1.4955270 1.7040818 1.9275028 1.8504182 1.8996052 1.8845072 2.0726843 1.9963961 2.0172474 2.1925669 2.1399389 2.3896518 2.3035530 2.2089233 2.2898438 2.2100598 2.3701333 2.0886396 2.1871900 2.4062649 2.0280597 2.1785751 2.6697392 2.7998062 2.4116967 2.8481390 2.8460962 2.8374754 2.6529071 2.8766865 2.0237427 2.3288154 2.5979714 3.4878250 2.8743840 3.4975060 3.0201807 3.0350146 2.8654262 2.7182538 3.9514951 4.1509942 3.5139376 3.5591004 3.6990164 4.1840243 5.2424759 3.0118518 3.0118518 3.1034984 3.8425635 3.4059436 3.1946097 3.9169909 3.6435937 3.9315075 
Chem_TCONS_00032210                                                4.8987173 2.8396659 2.9824557 3.3861889 2.8653014 4.4490088 2.8786395 5.3356995 2.7135888 2.6761607 3.6666232 1.2596964 1.4539836 1.5096054 1.4114532 1.4955270 0.0000000 1.2948596 2.1145679 2.1235623 2.1467746 1.9610930 2.1408547 2.1782827 2.1665865 2.0637480 2.1981124 2.6757496 2.4596783 2.4909858 2.7149603 2.7247999 2.5633705 2.6378041 1.8105844 2.3029130 2.1466949 2.2446525 2.2065767 3.1207004 2.5720491 2.7868866 2.9242845 2.8783271 2.6802542 2.5434287 2.3031482 2.6088111 2.9715273 3.4729118 3.0828671 3.3389565 3.4803218 2.7925769 2.8363392 3.1092279 3.5859326 3.6036204 3.5907444 3.3737774 3.6224141 3.8388759 4.2695471 3.2211438 3.2211438 2.9169869 3.4439717 3.5544701 4.0162766 3.1102002 3.5937100 3.4229130 
Hvul_g3129_1                                                       3.7223176 2.9360100 2.9869248 4.2563942 2.9955949 3.8904770 3.1601773 3.9072995 2.7176362 2.7480709 3.8001855 1.2095359 1.7971159 1.7222148 1.5553545 1.7040818 1.2948596 0.0000000 1.9675163 1.8931461 2.0011713 2.0448041 2.1047655 2.2039301 2.2017389 1.9735930 2.2563070 2.4616685 2.3715211 2.4019746 2.4398378 2.5345377 1.8704703 2.4906973 2.1733159 2.6716581 2.2202803 2.3666670 2.8815766 2.9510337 2.5699604 2.6806043 2.8337739 2.7829536 2.8730453 2.6717413 2.1999276 2.4476446 3.0692771 3.6161355 3.0437169 3.3504446 3.8067973 3.5006646 2.8172441 3.5178746 3.9362551 2.8212318 3.9718896 4.0258393 4.0377785 4.2637998 4.7750957 3.9800152 3.9800152 3.4721331 4.1473467 3.7229068 3.5580895 3.5582391 3.9900315 3.4725415 
Spis_XP_022791206_1                                                4.3906183 2.1514984 2.4544828 2.8650165 2.6227341 3.5043267 2.8187882 3.7230896 2.3075103 2.4170107 3.1492642 1.8669939 2.1069002 1.9911204 2.0211772 1.9275028 2.1145679 1.9675163 0.0000000 0.1122748 0.2506664 0.3822144 0.6029579 1.0057088 0.9981451 0.6031529 0.7434867 1.8918052 1.8874281 1.9735008 2.0353523 2.0036003 1.4241019 1.9307903 1.6341536 1.9158268 1.7300235 1.8285960 2.2631522 2.3183049 1.9273689 1.8814117 1.9552383 1.8406016 1.9598413 2.0998122 1.7933239 2.2130554 2.0862571 2.7727009 2.3581785 2.4696048 3.2781660 2.9643913 2.7130804 2.4799886 3.6176468 3.4199163 3.8726261 3.7632728 3.8374568 4.5033450 4.3841327 2.7345561 2.7345561 3.1490116 2.9061480 2.9583756 2.5857775 3.3256668 3.4296086 3.2182675 
Pocdam_XM_027202575.1                                              4.2714346 2.1339550 2.4229190 2.8267878 2.5108209 3.1185907 2.7648669 3.5126484 2.1140275 2.2052890 2.8713195 1.7900579 2.0713187 1.9370137 1.8712579 1.8504182 2.1235623 1.8931461 0.1122748 0.0000000 0.2400998 0.3908808 0.5107338 0.9715990 0.9952331 0.5464874 0.7396976 1.9107331 1.9272698 2.0158846 2.0219065 2.0061325 1.3246588 1.9204739 1.6449460 1.8200285 1.6476126 1.7862374 2.2427881 2.2056393 1.9318458 1.9154072 1.9152452 1.8168719 1.8853989 2.1017676 1.8030982 2.2303018 2.1248608 2.8936343 2.3826357 2.4136445 3.3299422 2.9154945 2.6299611 2.4767472 3.6781118 3.3459151 3.6331984 3.4889096 3.7130471 4.3072123 4.3202862 2.7490468 2.7490468 3.0844266 3.0196182 2.9742717 2.6873630 3.2681768 3.4469562 3.0995337 
Fspp_ffun1.m4.862.m1                                               4.2975098 2.2874165 2.4712920 3.0763781 2.6178700 3.2760225 3.0204214 3.7305542 2.1465878 2.2213675 2.8223830 1.8498412 2.1366899 1.9960681 1.9797792 1.8996052 2.1467746 2.0011713 0.2506664 0.2400998 0.0000000 0.3041316 0.5103857 0.9143597 0.9684044 0.5353940 0.7616044 1.8234703 1.8569924 1.9159071 1.8992963 1.9022623 1.2741476 1.8240660 1.5958626 1.7704886 1.5413840 1.7588794 2.0492975 2.1171898 1.9215203 1.9837329 1.9673859 1.8519741 1.9069188 2.1589012 1.7946045 2.1153876 2.1141164 2.7797851 2.3241943 2.3553405 3.1926231 2.9670102 2.7243759 2.5662480 3.3872831 3.2484031 3.4843648 3.4722057 3.3849371 4.1908496 4.0266231 2.7696216 2.7696216 3.0745928 3.1670188 2.8706111 2.7250166 3.1185348 3.2434938 3.0731794 
Gfas_gfas1.m1.4312.m1                                              4.3087084 2.1854019 2.4407651 3.0516269 2.7371813 3.6316476 3.1095795 3.7732399 2.4007412 2.4961598 3.4303534 1.8437525 2.0143307 1.9088164 1.9872469 1.8845072 1.9610930 2.0448041 0.3822144 0.3908808 0.3041316 0.0000000 0.7205617 0.9055236 1.0151296 0.6080162 0.7932976 1.9230068 1.9396513 2.0072650 1.9852854 1.9885739 1.3864275 1.9777077 1.5853024 1.7919124 1.6088073 1.8233665 2.0885954 2.3876638 2.0858743 2.0618614 2.0693499 2.0295514 2.0676993 2.1908967 1.9434993 2.4517255 2.0458627 2.8614450 2.2383079 2.2807861 3.1720264 2.8830088 2.6490467 2.7252494 3.6512662 3.3810168 3.6111484 3.6731729 3.5652875 4.2952268 4.2535246 2.9640672 2.9640672 3.0273580 3.1876953 2.7846933 2.5049762 3.1619781 3.1683587 3.0611792 
Gasp_gasp1.m3.7109.m1                                              4.9415300 2.4896709 2.7150378 3.1590812 2.4235467 3.5490363 2.7573496 3.6667432 2.3500689 2.4054154 3.2269012 1.7500081 2.2533969 2.1073595 1.8772645 2.0726843 2.1408547 2.1047655 0.6029579 0.5107338 0.5103857 0.7205617 0.0000000 1.1600052 1.3651358 0.9515586 1.2292059 2.1720203 2.1963911 2.1687293 2.1665972 2.1977327 1.3752386 2.1636415 1.5207926 2.2730060 1.9909638 2.1759320 2.6612543 2.5306249 1.9719323 2.1421264 2.0806573 2.0677023 2.1436578 2.5786959 1.7248420 2.3422007 2.1888096 2.7271721 2.4015580 2.4981400 3.7224245 3.0604578 3.0203187 2.7385932 3.5850175 3.7498234 3.5326096 3.4799144 3.4765390 4.0628778 4.5911443 2.9147081 2.9147081 3.3758149 3.3437265 3.3036137 3.2299731 3.0755523 3.5395411 3.9476059 
Exapal_XM_021052388.2                                              4.9594902 2.2964475 2.3241078 3.0542204 2.3925138 3.5199737 2.4651851 3.5233873 2.2152068 2.2507078 3.3486055 1.7233679 2.2822395 2.0191580 2.0034703 1.9963961 2.1782827 2.2039301 1.0057088 0.9715990 0.9143597 0.9055236 1.1600052 0.0000000 0.6697762 1.3741674 1.5529642 2.1401191 2.0965823 2.1598839 2.2551704 2.2060911 1.4835237 2.1709546 1.6851071 1.9004390 1.6461560 1.9171867 2.0807229 2.0392069 1.9742585 1.9980728 1.8930810 1.8398853 1.9147651 2.3664474 1.7243905 2.8984572 2.1113693 2.4887579 2.7850678 2.8385255 3.2855703 3.1774826 2.6730181 2.9522024 3.0713041 2.8796007 2.8896555 3.1153710 3.0105023 3.6467482 3.4388404 2.6197366 2.6197366 3.1520526 3.3977968 2.9598429 2.8552882 3.6336276 3.4607465 3.0637680 
Nvec_v1g105700                                                     5.6518427 2.3828423 2.5090556 2.7099727 2.4567682 3.5562303 2.7372979 3.6921565 2.3413070 2.3522270 3.2731996 2.0637604 2.1874042 2.0270480 1.8314276 2.0172474 2.1665865 2.2017389 0.9981451 0.9952331 0.9684044 1.0151296 1.3651358 0.6697762 0.0000000 1.3443487 1.4711744 2.0957150 2.0708290 2.1191872 2.1932378 2.1614719 1.5936262 2.1363524 1.6701099 2.0325162 1.4845413 1.8910810 2.0294438 2.1321963 2.0881829 1.7895868 1.7919026 1.8153512 1.8296509 2.3033627 1.8553055 2.8336729 2.1946574 2.5582363 2.3024621 2.9139539 3.1050405 2.7693075 2.3729452 2.8164152 3.4573154 3.1199033 3.2874164 3.3754900 3.1669686 3.9911552 3.9452542 2.9418141 2.9418141 2.9954179 3.5346406 3.2110025 2.6523371 3.6861647 3.5667116 3.1466254 
Amil_Amillepora24276-RA                                            4.2244865 2.2818217 2.4407249 3.3409603 2.4946689 3.4926415 9.0000000 3.3017490 2.3820382 2.2383393 3.4211622 2.1544713 2.3149337 2.3259514 2.2015596 2.1925669 2.0637480 1.9735930 0.6031529 0.5464874 0.5353940 0.6080162 0.9515586 1.3741674 1.3443487 0.0000000 0.0878544 2.2735244 2.3151207 2.2322142 2.2827653 2.1404578 1.1553988 2.1455470 1.0459238 2.0750275 1.5802315 1.9851258 2.2713309 2.6206740 2.1965388 2.0114562 2.1006888 2.0496103 1.9162249 2.3018733 1.7410812 2.3029641 2.0909772 2.8990159 2.4808575 2.6177557 4.0358709 3.4653396 3.4882584 3.0612834 3.8775102 3.4362554 3.6861441 3.6964466 3.6442011 4.3292157 5.3926907 3.0641315 3.0641315 3.2879001 2.7273030 2.9544760 3.3989688 3.3702329 3.6108196 3.7998834 
Adig_XM_015893332.1                                                4.3921555 2.5328683 2.6932923 2.7037206 2.6872780 3.5756699 4.4642312 5.1033634 2.6865892 2.7068551 3.7836991 2.3524458 2.2642068 2.2266036 2.4989016 2.1399389 2.1981124 2.2563070 0.7434867 0.7396976 0.7616044 0.7932976 1.2292059 1.5529642 1.4711744 0.0878544 0.0000000 2.5203701 2.5580709 2.6050473 2.6104606 2.5387267 1.0416660 2.4242225 1.2198111 2.4001879 1.8710713 2.2494950 2.4760884 2.5862647 2.1723472 2.2441706 2.3089564 2.3579316 2.1885111 2.5643880 2.5074688 2.1392815 2.3530469 3.1650192 2.8802387 3.0226424 3.8702108 3.3207502 3.3267275 3.1643454 3.6596935 3.1522607 3.8653645 3.5888688 3.8364592 4.1061947 4.9494484 3.4184700 3.4184700 3.6450440 3.2600042 3.6826631 3.2712642 3.8912088 3.5065154 4.3345543 
HoiH23_PlH23_003972-RA                                             5.3798466 2.6132841 2.5655928 2.8974639 2.5291983 3.5367836 2.2799361 4.0605211 2.2557076 2.3265224 3.4320652 2.5120751 2.2067242 2.3367090 2.1373889 2.3896518 2.6757496 2.4616685 1.8918052 1.9107331 1.8234703 1.9230068 2.1720203 2.1401191 2.0957150 2.2735244 2.5203701 0.0000000 0.0749632 0.0689370 0.0576562 0.1214394 0.3279458 0.2589968 1.7797851 2.0817835 1.8142675 1.8071501 2.1773275 2.4547894 2.2767154 2.1067265 2.1239105 2.2522736 2.2069759 2.2296222 2.0989213 2.5913162 2.1100830 2.5405195 2.2173354 2.7676935 3.6268297 3.5375976 2.8264006 2.7946847 3.3919182 3.3425353 3.0914572 3.1650963 3.4096860 3.8647648 3.5197573 2.7693510 2.7693510 3.0319745 3.5704806 2.9747125 3.0663121 3.6352152 3.5715350 3.3432363 
Hhon_g06815.t1                                                     5.5372481 2.6167762 2.5871740 2.9610539 2.5344739 3.6757346 2.3063286 4.1388175 2.3026023 2.3961692 3.5402597 2.5419255 2.1552199 2.2476829 2.0537334 2.3035530 2.4596783 2.3715211 1.8874281 1.9272698 1.8569924 1.9396513 2.1963911 2.0965823 2.0708290 2.3151207 2.5580709 0.0749632 0.0000000 0.0000010 0.0944130 0.1426698 0.3486492 0.2400855 1.8555841 2.0317646 1.8999312 1.7553923 2.2086432 2.4539217 2.2584705 2.1100032 2.1177443 2.2468038 2.2236871 2.2590606 1.9811676 2.5866590 2.0228998 2.4822686 2.3070445 2.9011797 3.5888534 3.5261089 2.8154822 2.7460410 3.4391964 3.3322945 2.9785358 3.0887687 3.2878285 3.8945359 3.6328896 2.5964603 2.5964603 3.1834225 3.5906493 3.0572943 3.1133357 3.5567893 3.5379831 3.2815095 
HoiH04_mRNA11253                                                   5.8627323 2.6986211 2.6658019 3.0729602 2.5172341 3.6757346 2.3063286 4.2332229 2.3970260 2.3970260 3.5330364 2.5751138 2.2208361 2.3210330 2.1257595 2.2089233 2.4909858 2.4019746 1.9735008 2.0158846 1.9159071 2.0072650 2.1687293 2.1598839 2.1191872 2.2322142 2.6050473 0.0689370 0.0000010 0.0000000 0.0726559 0.1426698 0.3423057 0.1959069 1.9777732 2.1869997 1.9788258 1.8237492 2.3699333 2.5333210 2.3321224 2.1950891 2.2039106 2.3442486 2.3202300 2.3614402 2.0091170 2.4913567 2.1420204 2.6672900 2.3856390 2.9613856 3.6166315 3.7703650 2.9529900 2.9314177 3.4330651 3.3140584 2.9942078 3.0839833 3.2709049 3.8718997 3.7279398 2.6101748 2.6101748 3.3047841 3.6262423 3.1502974 3.3189563 3.4963412 3.6158554 3.6264669 
HoiH06_mRNA12035                                                   5.7728937 2.7311006 2.7348372 3.1072678 2.6356617 3.6419656 2.3213720 4.0853927 2.3939251 2.3973841 3.7164686 2.5229675 2.3406002 2.4491456 2.1816922 2.2898438 2.7149603 2.4398378 2.0353523 2.0219065 1.8992963 1.9852854 2.1665972 2.2551704 2.1932378 2.2827653 2.6104606 0.0576562 0.0944130 0.0726559 0.0000000 0.0961591 0.3026849 0.2168398 1.9382448 2.2582847 1.9808361 1.8809740 2.3170990 2.5525250 2.4444091 2.3000299 2.3089330 2.4485714 2.3996018 2.3904610 2.0924750 2.6100394 2.2738621 2.7062970 2.3904205 2.9093253 3.6445059 3.7838588 3.0337179 2.9921413 3.5828950 3.5713797 3.0559388 3.1429810 3.4303361 3.9009788 3.6296421 2.7450399 2.7450399 3.2111782 3.5870282 3.1438993 3.3134280 3.5076745 3.5955108 3.6322905 
HoiH11_mRNA6142                                                    5.9606774 2.6105758 2.6506521 2.9699920 2.5787092 3.6005119 2.3829133 4.1172137 2.3217659 2.3217659 3.4721080 2.5100885 2.3762592 2.4215639 2.1578128 2.2100598 2.7247999 2.5345377 2.0036003 2.0061325 1.9022623 1.9885739 2.1977327 2.2060911 2.1614719 2.1404578 2.5387267 0.1214394 0.1426698 0.1426698 0.0961591 0.0000000 0.3069593 0.1925468 1.9590787 2.1235431 1.8821008 1.8310148 2.2875492 2.5417897 2.4300602 2.2359959 2.1887494 2.3807299 2.3361683 2.3889328 2.0409761 2.3043773 2.2335079 2.7023103 2.4070382 2.9757367 3.5885261 3.8520148 3.1421335 2.9451803 3.3614907 3.1629611 3.0802913 3.0610202 3.3365799 3.8622222 3.6859108 2.8840231 2.8840231 3.1498938 3.6010067 3.1011537 3.3070405 3.6395131 3.8196942 3.7128094 
TrH2_TrispH2_007166-RA                                             5.3179443 1.7901666 1.8925959 0.7289978 2.0811502 5.4158201 7.2350926 5.5156416 1.8621150 1.8621150 4.3058603 5.5128073 2.4312690 2.5167592 4.4920989 2.3701333 2.5633705 1.8704703 1.4241019 1.3246588 1.2741476 1.3864275 1.3752386 1.4835237 1.5936262 1.1553988 1.0416660 0.3279458 0.3486492 0.3423057 0.3026849 0.3069593 0.0000000 0.1509634 1.5389978 2.0894465 1.8366983 1.7089135 2.2916303 2.1836016 1.9030453 1.7232137 1.6877605 1.6122883 1.6076969 2.5749449 2.3728514 1.7876967 1.8992980 4.4885127 2.6290352 3.0582176 4.8660919 4.7206708 3.3043304 2.9335502 2.6127394 2.6127394 2.5608015 2.6641670 2.5440505 3.6308227 5.6684856 3.1382512 3.1382512 2.8549546 3.2195410 2.8026524 3.0145306 2.6271842 4.0080018 5.8275071 
Tadh_TriadT51338                                                   5.6212265 2.5534424 2.5362469 2.6628552 2.5463510 3.4461955 2.5818948 4.2419022 2.3532922 2.3065294 3.4149903 2.7035043 2.2656816 2.2530516 2.0272400 2.0886396 2.6378041 2.4906973 1.9307903 1.9204739 1.8240660 1.9777077 2.1636415 2.1709546 2.1363524 2.1455470 2.4242225 0.2589968 0.2400855 0.1959069 0.2168398 0.1925468 0.1509634 0.0000000 1.8620584 2.1847102 1.9592395 1.9854437 2.4276433 2.5286067 2.3796731 2.3463649 2.3435450 2.4941229 2.4328274 2.5222405 2.1393558 2.5861392 2.2203908 2.5769959 2.4440589 2.8126244 3.7002715 3.6623720 2.9915672 3.0070998 3.3199549 3.0753128 3.0135698 3.0018726 3.3625571 4.0772732 3.8107596 2.6505633 2.6505633 3.3402477 3.8431548 3.1568342 3.1126812 3.8337375 3.5181222 3.8384619 
Plajan_Pjan_scaffold3683_01                                        4.8760553 1.9932443 1.9947793 2.4754478 2.0672774 6.9346721 5.5274914 5.3522634 1.8508542 1.9727354 3.4123617 4.3525117 1.9335064 2.0482355 4.6130804 2.1871900 1.8105844 2.1733159 1.6341536 1.6449460 1.5958626 1.5853024 1.5207926 1.6851071 1.6701099 1.0459238 1.2198111 1.7797851 1.8555841 1.9777732 1.9382448 1.9590787 1.5389978 1.8620584 0.0000000 1.8735733 1.3686865 1.5818146 2.1107205 1.9507054 1.7068035 2.0054292 1.8948420 1.6205975 1.8712820 2.3169514 2.1544658 2.0107300 1.9904701 5.2387927 2.1621634 2.9500302 3.8796537 3.3515660 2.9134887 2.4856607 3.4998627 3.0468773 3.1815379 3.4036060 3.5789923 3.6685143 3.8145266 3.5935464 3.5935464 2.8295790 3.6730273 2.9718786 3.8234096 3.0810621 3.4805751 4.9057935 
Acagra_model.g25120.t1.1.5d3b8b68                                  4.2057357 2.5306499 2.7544876 3.0918127 2.9028554 3.8830575 3.1119220 4.0724265 2.6535049 2.7952519 3.8303932 2.7699665 2.1693640 2.1632446 2.2569814 2.4062649 2.3029130 2.6716581 1.9158268 1.8200285 1.7704886 1.7919124 2.2730060 1.9004390 2.0325162 2.0750275 2.4001879 2.0817835 2.0317646 2.1869997 2.2582847 2.1235431 2.0894465 2.1847102 1.8735733 0.0000000 0.9862221 1.3352047 1.1203259 2.5868034 2.3907125 2.2427712 2.2035628 2.3716918 2.2873157 2.0084523 2.3416286 2.9356581 2.2358866 2.6822480 2.5911919 2.6305748 3.1377293 2.7801306 2.6233169 2.8897576 4.0307419 3.2777425 3.8289594 3.6008490 3.5077797 4.3413533 4.9443685 3.4668280 3.4668280 2.7788718 2.7277836 2.4349205 2.9577788 2.7573095 3.2555946 2.2718936 
Bralan_BLAG01000842_1                                              5.3858996 1.9567405 2.0426639 2.4076485 2.1619959 2.8278536 2.3617814 2.8948145 1.8940530 1.9763080 2.8707928 2.3648048 1.8948696 1.7938880 1.8516213 2.0280597 2.1466949 2.2202803 1.7300235 1.6476126 1.5413840 1.6088073 1.9909638 1.6461560 1.4845413 1.5802315 1.8710713 1.8142675 1.8999312 1.9788258 1.9808361 1.8821008 1.8366983 1.9592395 1.3686865 0.9862221 0.0000000 0.9357885 1.5982277 2.0881137 1.9291433 2.0263188 1.9296557 1.9390322 2.0168314 1.6292757 2.1975178 2.4840977 1.8438106 2.4517918 2.3409178 2.4596977 3.1204041 2.8437382 2.7293947 2.7413294 3.2284285 3.2975798 3.0356960 3.0329259 3.1434073 3.8659442 3.8538857 2.6917859 2.6917859 2.3285678 2.4674003 2.5487632 3.1409563 2.6775286 3.2058356 2.4633310 
Skow_XM_002741378.2                                                4.8934661 2.2183552 2.4047868 2.7706815 2.2537049 3.3127045 1.7963317 2.7956619 2.0763984 2.1598856 3.3925323 2.5298365 1.9490472 1.9551082 2.0422981 2.1785751 2.2446525 2.3666670 1.8285960 1.7862374 1.7588794 1.8233665 2.1759320 1.9171867 1.8910810 1.9851258 2.2494950 1.8071501 1.7553923 1.8237492 1.8809740 1.8310148 1.7089135 1.9854437 1.5818146 1.3352047 0.9357885 0.0000000 1.8474052 2.4277299 2.0820158 2.1562680 2.1853314 2.0920556 2.2055373 1.7973134 2.1706187 2.7730415 2.0389418 2.7354783 2.7010513 2.5811110 3.8976349 3.5338290 3.0218328 2.7763599 3.8845416 3.3157691 3.5264063 3.5320799 3.3589598 3.7265155 3.8817115 2.3794751 2.3794751 2.5762318 2.8902835 2.4621394 2.9314958 2.8525567 3.3936139 2.8880551 
Cgig_XM_034482174.1                                                4.1202070 2.8932030 2.7018098 2.8674965 2.6839274 3.7740163 3.2837925 4.3552960 2.5962818 2.7376405 3.9265718 2.9332219 2.7123717 2.5054188 2.7264900 2.6697392 2.2065767 2.8815766 2.2631522 2.2427881 2.0492975 2.0885954 2.6612543 2.0807229 2.0294438 2.2713309 2.4760884 2.1773275 2.2086432 2.3699333 2.3170990 2.2875492 2.2916303 2.4276433 2.1107205 1.1203259 1.5982277 1.8474052 0.0000000 2.8481002 2.2788574 2.4759820 2.4518172 2.4180860 2.4440039 2.1854034 2.6074403 2.7008168 2.5040524 3.1497429 2.7034403 2.9075170 3.8361828 3.0428099 2.8172272 2.7337576 5.2807884 4.8785466 4.0755445 4.0173572 3.8467752 4.6654761 5.0059987 3.3526494 3.3526494 2.9178626 3.2436509 2.9998234 3.2875589 3.2424546 3.5543392 2.8628945 
Clacor_Ccor_C538147_01                                             3.8850468 2.3210035 2.2379258 2.4045105 2.3785808 3.5026068 3.3567422 3.9202934 2.6985337 2.8460655 3.6167865 3.1163232 3.0678067 3.0131448 2.8110282 2.7998062 3.1207004 2.9510337 2.3183049 2.2056393 2.1171898 2.3876638 2.5306249 2.0392069 2.1321963 2.6206740 2.5862647 2.4547894 2.4539217 2.5333210 2.5525250 2.5417897 2.1836016 2.5286067 1.9507054 2.5868034 2.0881137 2.4277299 2.8481002 0.0000000 0.9887101 1.1978319 1.0438887 1.1171034 1.0382115 2.9026696 2.5956989 3.0592343 1.9534119 2.1805527 2.2725840 2.5927875 3.4048740 2.9167217 3.1161197 2.8785300 3.1591551 3.3122393 3.0797427 3.3365185 3.2856413 3.3921771 3.4269643 2.7028744 2.7028744 3.1647485 3.7779375 3.2212284 3.0689766 3.7301988 2.8559690 3.7259570 
Clacor_Ccor_scaffold87_01                                          4.7959454 2.2453818 2.1075160 1.9750614 2.2097370 3.1111030 3.0641687 3.4565366 2.2897043 2.3460675 2.8220398 2.5787209 2.5355057 2.5909626 2.5151460 2.4116967 2.5720491 2.5699604 1.9273689 1.9318458 1.9215203 2.0858743 1.9719323 1.9742585 2.0881829 2.1965388 2.1723472 2.2767154 2.2584705 2.3321224 2.4444091 2.4300602 1.9030453 2.3796731 1.7068035 2.3907125 1.9291433 2.0820158 2.2788574 0.9887101 0.0000000 0.9878651 0.8847106 0.9667577 0.9054662 2.5164536 2.1859731 2.6968641 1.9310633 2.2450981 2.0263010 2.2420622 3.1569497 2.9375411 2.8563775 2.8255646 3.3799841 3.5529034 2.9145820 3.1584235 3.6422737 3.3886008 3.6187325 3.0250926 3.0250926 3.1358564 2.9056898 3.0764877 3.1179473 2.9935917 2.4348738 3.3870588 
Lcom_lcpid66828                                                    5.3824579 2.2135681 1.9861378 1.8630777 2.0549340 2.8971580 2.4723310 3.5150632 2.2430653 2.3110280 3.0968207 3.1661682 2.6129763 2.5842030 2.9235039 2.8481390 2.7868866 2.6806043 1.8814117 1.9154072 1.9837329 2.0618614 2.1421264 1.9980728 1.7895868 2.0114562 2.2441706 2.1067265 2.1100032 2.1950891 2.3000299 2.2359959 1.7232137 2.3463649 2.0054292 2.2427712 2.0263188 2.1562680 2.4759820 1.1978319 0.9878651 0.0000000 0.2660412 0.2613000 0.3248348 2.5600697 2.1604710 2.9000629 1.9926967 2.2379235 2.0826058 2.7086178 3.0879549 2.8864817 2.7497501 2.8736061 3.7773837 3.6728463 3.3909898 3.5991371 3.5231078 3.8097209 3.9707465 3.0095275 3.0095275 3.0300045 3.7405544 2.9925646 2.7628400 3.0802485 2.5057486 2.9985016 
Scil_scict010398.2                                                 5.3564629 2.0468646 1.9151088 1.9626005 2.0728034 2.8336940 2.3798563 3.0386119 2.0987080 2.1579580 2.6364797 3.5607086 2.9384905 2.9124731 2.9938150 2.8460962 2.9242845 2.8337739 1.9552383 1.9152452 1.9673859 2.0693499 2.0806573 1.8930810 1.7919026 2.1006888 2.3089564 2.1239105 2.1177443 2.2039106 2.3089330 2.1887494 1.6877605 2.3435450 1.8948420 2.2035628 1.9296557 2.1853314 2.4518172 1.0438887 0.8847106 0.2660412 0.0000000 0.2741788 0.2738631 2.5890288 2.0046035 2.7904130 1.9490738 2.0236291 2.0427453 2.4881180 2.9810763 2.8674667 2.6946231 2.8017200 3.2819204 3.1755324 3.0552782 3.1589342 3.1404014 3.5774697 3.6351413 3.0086997 3.0086997 3.0921062 3.7609273 3.1979437 2.4598484 3.1149524 2.5280324 3.1855569 
Leuniv_Lniv_scaffold25526_01                                       4.6461482 2.0822400 2.0317148 1.8276524 2.0800521 3.1217377 2.6978133 3.3716338 2.1770690 2.2395675 2.9490149 3.2993166 2.6993083 2.7881660 3.0499857 2.8374754 2.8783271 2.7829536 1.8406016 1.8168719 1.8519741 2.0295514 2.0677023 1.8398853 1.8153512 2.0496103 2.3579316 2.2522736 2.2468038 2.3442486 2.4485714 2.3807299 1.6122883 2.4941229 1.6205975 2.3716918 1.9390322 2.0920556 2.4180860 1.1171034 0.9667577 0.2613000 0.2741788 0.0000000 0.3240857 2.6579426 2.1607192 2.8086895 2.0440658 2.2871587 2.1224426 2.7252638 3.0676616 2.9812878 2.6606682 2.8903021 3.4996228 3.2512199 3.0672806 3.3845045 3.2464719 3.7711833 3.9558329 2.9251440 2.9251440 3.1956135 3.8211179 3.1195653 2.6583469 3.1747867 2.6944976 3.2345363 
Gracom_Gcom_C545622_01                                             4.8334644 2.1381742 2.0081878 1.8589945 2.0833574 3.1383833 3.0227138 3.7648457 2.2013175 2.2533502 3.0044138 3.3329932 2.7745740 2.7053596 2.9848513 2.6529071 2.6802542 2.8730453 1.9598413 1.8853989 1.9069188 2.0676993 2.1436578 1.9147651 1.8296509 1.9162249 2.1885111 2.2069759 2.2236871 2.3202300 2.3996018 2.3361683 1.6076969 2.4328274 1.8712820 2.2873157 2.0168314 2.2055373 2.4440039 1.0382115 0.9054662 0.3248348 0.2738631 0.3240857 0.0000000 2.5784412 2.1391177 2.8473927 1.9580645 2.1539240 1.9784270 2.5573585 2.9479539 2.7445802 2.7048590 2.9192689 3.3825842 3.1851432 3.1541790 3.2997625 3.3806456 3.4685024 3.8354705 3.0872257 3.0872257 2.9781345 3.8469526 3.1784753 2.6524273 3.4427676 2.6604186 3.3342324 
Spur_XM_030978277.1                                                5.5946627 2.8642817 2.9007797 3.6836376 3.0474155 3.6077578 2.5863380 3.4489061 2.8621908 2.9612011 4.1939026 2.7389269 2.6435758 2.5023622 2.6889386 2.8766865 2.5434287 2.6717413 2.0998122 2.1017676 2.1589012 2.1908967 2.5786959 2.3664474 2.3033627 2.3018733 2.5643880 2.2296222 2.2590606 2.3614402 2.3904610 2.3889328 2.5749449 2.5222405 2.3169514 2.0084523 1.6292757 1.7973134 2.1854034 2.9026696 2.5164536 2.5600697 2.5890288 2.6579426 2.5784412 0.0000000 2.6633489 3.1608372 2.6435696 2.6803355 2.5197889 2.5328010 3.0824262 3.2108329 3.1314436 2.8657766 3.6014025 3.6392701 3.0439296 3.2185583 3.0925302 3.3789592 3.3110595 2.4263341 2.4263341 2.9716326 2.7203608 2.3766364 3.0323182 3.2965214 3.8653344 2.6618744 
Dgig_XM_028557494.1                                                7.2229108 2.1538811 2.3564378 1.7006708 2.3189596 3.3787113 2.3014128 3.5892902 1.9730872 1.9730872 2.9109993 1.9912240 2.2544845 2.2010171 2.2393779 2.0237427 2.3031482 2.1999276 1.7933239 1.8030982 1.7946045 1.9434993 1.7248420 1.7243905 1.8553055 1.7410812 2.5074688 2.0989213 1.9811676 2.0091170 2.0924750 2.0409761 2.3728514 2.1393558 2.1544658 2.3416286 2.1975178 2.1706187 2.6074403 2.5956989 2.1859731 2.1604710 2.0046035 2.1607192 2.1391177 2.6633489 0.0000000 0.6664674 2.4191072 2.5341724 2.2150104 2.8722377 2.5866661 2.7441488 2.2487057 2.4427866 3.4254889 3.2120483 3.3460226 3.3711196 3.8872145 3.9242421 3.6212611 3.5344688 3.5344688 3.1110981 3.4479208 2.9133330 2.8767000 2.5960916 3.4642433 2.4796964 
Xesp_014667-T1                                                     5.4734502 3.2651911 3.0183663 3.3239153 3.4912382 4.8172608 3.6650407 6.0035941 3.1310648 3.0004303 3.4123329 1.6090180 2.2885475 2.2924614 2.0140268 2.3288154 2.6088111 2.4476446 2.2130554 2.2303018 2.1153876 2.4517255 2.3422007 2.8984572 2.8336729 2.3029641 2.1392815 2.5913162 2.5866590 2.4913567 2.6100394 2.3043773 1.7876967 2.5861392 2.0107300 2.9356581 2.4840977 2.7730415 2.7008168 3.0592343 2.6968641 2.9000629 2.7904130 2.8086895 2.8473927 3.1608372 0.6664674 0.0000000 2.9422900 3.7813028 2.9688518 2.9811448 4.0107265 3.2891743 3.3556722 2.9523417 4.3752205 4.7441075 3.5212902 3.9560723 4.3247126 4.3054503 4.5046219 3.2500662 3.2500662 3.5786298 4.3719315 4.1502306 3.5166332 3.6650986 3.8611401 4.6645073 
Opea_EP00118_Oscarella_pearsei_P024538                             4.0675605 2.2708707 2.3040452 2.5850618 2.3302686 3.5685007 3.2002442 4.4864081 2.5839752 2.6432659 3.7243403 2.9202784 2.6410629 2.5046538 2.7005378 2.5979714 2.9715273 3.0692771 2.0862571 2.1248608 2.1141164 2.0458627 2.1888096 2.1113693 2.1946574 2.0909772 2.3530469 2.1100830 2.0228998 2.1420204 2.2738621 2.2335079 1.8992980 2.2203908 1.9904701 2.2358866 1.8438106 2.0389418 2.5040524 1.9534119 1.9310633 1.9926967 1.9490738 2.0440658 1.9580645 2.6435696 2.4191072 2.9422900 0.0000000 1.2520802 2.5059678 2.4118975 3.3311489 3.0469355 2.9680324 2.6148478 3.1969688 3.2494939 3.3078227 3.1499852 3.1463179 3.7751706 3.3423952 2.5619101 2.5619101 2.8242492 3.5111069 3.1197587 2.9282015 4.1967187 3.0847511 3.4981517 
Plajan_Pjan_scaffold3682_01                                        5.0885323 2.8155797 2.8048948 2.4852744 2.9949300 3.3514804 3.4244277 3.8786155 2.9137018 3.1305139 3.9033169 2.5360177 3.3325236 3.2089680 2.5966590 3.4878250 3.4729118 3.6161355 2.7727009 2.8936343 2.7797851 2.8614450 2.7271721 2.4887579 2.5582363 2.8990159 3.1650192 2.5405195 2.4822686 2.6672900 2.7062970 2.7023103 4.4885127 2.5769959 5.2387927 2.6822480 2.4517918 2.7354783 3.1497429 2.1805527 2.2450981 2.2379235 2.0236291 2.2871587 2.1539240 2.6803355 2.5341724 3.7813028 1.2520802 0.0000000 2.9733216 2.9127582 4.0279243 3.0228144 3.4943446 3.0790319 3.5763109 3.5000586 3.4016933 3.4503564 3.8823162 4.0220515 3.3584454 3.0377086 3.0377086 4.1396569 4.6292767 3.7528066 3.3319150 4.8100282 3.2409725 3.8005420 
