117
Lcom_lcpid88291                                       0.0000000 0.0000010 0.0000010 0.9474819 4.7199174 2.8543200 2.3453308 0.9650125 3.5058187 0.6636135 2.8472861 2.9388719 2.9386402 2.8671699 2.6601170 2.9002487 2.7066223 2.1082416 2.5598126 0.0000010 2.3796979 3.7599995 3.3991997 3.0540347 2.8604830 2.9038732 3.0203792 2.6563055 3.0691618 3.1484176 2.9116355 3.6113734 2.7533186 3.1470813 2.6045708 3.3219139 3.1746302 3.8221408 2.3654783 2.8833132 2.7527718 2.6949193 2.9738024 3.0664552 2.5978057 2.6750997 2.6740260 2.7547164 1.4482531 2.4221069 2.7642497 2.7461878 2.8114290 2.7983467 2.8019249 2.6451771 2.8280170 2.5634663 2.4264398 3.1666346 2.9667355 2.3033619 2.1536494 3.0410226 5.0776342 2.4918612 2.4918612 2.2097029 3.2023301 2.4918612 0.0000010 2.6984290 2.5904274 4.1464281 2.4118931 3.5576372 3.4228554 2.7424318 0.0000010 9.0000000 2.7940218 2.8305902 2.2596770 2.9555556 2.9128804 3.9303567 2.3546679 2.1634485 2.6712601 3.7763749 3.9582849 3.9269882 3.8579094 3.5165531 4.3591899 4.3799331 4.3877829 1.9638032 4.3723857 3.4958753 4.4917328 3.8319707 3.4586068 3.4621969 3.3568559 3.3676261 3.4260790 3.3933966 3.5660884 2.6093869 2.7933364 2.7034963 3.1856974 2.9237588 5.0622307 1.9038694 4.1975219 
Lcom_lcpid86178                                       0.0000010 0.0000000 0.0026758 0.7862568 0.0000010 0.0000010 0.0000010 0.8521462 4.1362613 0.6268295 2.8394526 2.6746716 2.6852862 2.8146557 2.7454234 2.7217882 2.6095754 2.2278658 2.5095958 0.0000010 1.6234041 0.0000010 2.7455202 2.8708481 2.6021282 2.6880293 3.4636850 0.0000010 0.9187515 2.1961580 2.3274623 3.6113734 2.6925150 2.9832321 0.0000010 3.0202010 2.8963774 3.4468761 2.6903087 2.6896259 2.7795577 2.9200883 2.6070511 0.0000010 2.6345073 2.6636943 2.6577807 2.5600908 1.7572404 2.4216797 2.7693671 2.5360659 2.7268202 2.5908254 2.7100235 2.6238867 2.8830943 2.8007646 2.6984015 3.0848210 3.0473580 2.5256828 2.5213757 2.2870328 6.9499580 0.0000010 0.0000010 1.2869827 1.7549996 0.0000010 0.0000010 0.0000010 0.0000010 1.4731366 2.3959805 3.1697414 3.1697414 2.5675818 0.0000010 9.0000000 2.6030052 2.6130153 0.0000010 2.7756186 0.0000010 3.9924178 0.0000010 0.0000010 0.0000010 4.0730831 3.9281090 4.1548055 4.3869782 3.6544832 4.7813462 4.6890430 4.5959780 0.0000010 4.5135839 3.7986772 4.7252509 2.5874787 3.1082960 3.1075830 3.0838575 3.1012349 3.1423408 3.1183977 3.2999612 2.7383135 2.9026232 2.6194628 2.9112339 2.3093709 5.1975268 1.8989424 4.1482493 
Lcom_lcpid106250                                      0.0000010 0.0026758 0.0000000 0.8524168 0.0000010 0.0000010 0.0000010 0.9187448 3.9282416 0.6708592 2.8232395 2.6390228 2.6434976 2.7923639 2.6841327 2.7470649 2.6236817 2.1601794 2.5119079 0.0000010 1.5704102 0.0000010 2.7948640 2.9020573 2.5885645 2.7108113 3.4636850 0.0000010 0.5132542 2.2062975 2.5664256 3.6113734 2.6446400 3.1139242 0.0000010 3.1733084 2.9156538 3.2055999 2.4351448 2.6894140 2.7054967 2.7229517 2.7755529 0.0000010 2.5999829 2.6943321 2.6221198 2.5416473 1.5697488 2.4507432 2.7575925 2.5224013 2.6824784 2.5623919 2.6978728 2.5428515 2.7514244 2.5807810 2.6984015 2.9422706 2.9196180 2.3405949 2.1331486 2.2341214 7.9059423 0.0000010 0.0000010 1.2869827 2.0858897 0.0000010 0.0000010 0.0000010 0.0000010 0.0000010 2.4091855 3.3680948 3.3680948 2.6043136 0.0000010 9.0000000 2.6291755 2.6593265 0.0000010 2.7142938 0.0000010 3.9268934 0.0000010 0.0000010 0.0000010 3.9868520 3.7505378 4.0310584 4.2768216 3.5185141 4.8279574 4.5590844 4.4391032 0.0000010 4.5222853 3.7548728 4.6146595 3.7994411 3.0993725 3.0957561 3.0650738 3.0827022 3.1310182 3.1523794 3.3042344 2.6646679 2.8393425 2.5741311 2.9212609 2.3326050 5.4096166 1.8989424 4.1445871 
Scil_scict012654.1                                    0.9474819 0.7862568 0.8524168 0.0000000 4.2201087 3.4137807 2.6904100 1.0276249 3.9954813 0.6516628 2.9247014 3.4516310 3.1240588 3.1709050 2.7152501 2.8942110 2.7718808 2.1707709 3.0149114 4.6186468 3.1163183 3.5269490 3.2647353 3.2511457 3.0144612 3.0728127 3.3221944 3.1229181 3.1930099 3.3455775 3.3554265 3.0906549 3.1003046 3.3332841 3.9510166 3.3116126 3.5524216 4.0015432 2.9101555 3.2530658 3.0599513 3.0448641 3.3519947 1.9264006 2.7774587 2.8111966 3.0576771 2.8287924 1.6389280 2.7211191 3.0278798 2.7807037 3.0779871 3.1614014 2.7527547 2.9837163 3.0280704 2.9921591 3.6704605 3.0969355 3.1202679 2.5241021 2.2904594 3.1363402 3.9222768 7.2033570 7.2033570 4.8473435 4.5066696 6.1860281 3.7156543 5.6554465 7.0804490 8.0055574 2.5359865 3.4513496 3.3301564 3.1515343 6.7076761 5.0906427 3.1059832 3.0538557 6.7181448 3.2996677 4.9803507 4.2119148 4.3057608 3.6376870 6.6335015 4.1015347 4.0214786 3.7481087 4.3455568 3.5892290 5.3422844 4.7595917 4.6958427 3.8321016 4.6035942 4.3509711 4.5184063 6.7282804 3.6920826 3.7205397 3.6803400 3.7075757 3.6835418 3.6195804 3.9876338 3.0996916 3.2262110 2.7802325 3.0476542 3.2232410 5.1722570 2.0732318 4.1923483 
Lcom_lcpid213399                                      4.7199174 0.0000010 0.0000010 4.2201087 0.0000000 0.0412859 0.5854821 0.5431158 1.8354741 0.0000010 1.8599803 5.2627529 9.0000000 7.9806259 0.0000010 2.1608487 0.0000010 0.0000010 1.9789914 5.9992616 1.9816123 1.9740978 1.9801180 2.0553484 1.9983173 1.9485691 1.9073089 1.7310531 1.8987350 1.8987350 2.0923157 0.0000010 2.0365855 1.8490088 2.3652183 1.8491328 2.1004547 5.9828218 2.8985162 2.2608179 1.6275961 0.0000010 1.7744453 2.2013278 2.0587821 2.0587821 2.8660275 2.3371943 0.0000010 2.4579581 2.2870724 2.3850530 1.6807168 2.2757886 2.4570791 1.7449872 1.7415618 0.5884374 1.7188156 1.8000711 1.6322312 0.0000010 0.0000010 1.6720579 2.3622087 2.2451313 2.2451313 2.1259414 2.0308080 2.0308080 0.0000010 2.3438107 1.9374841 1.9374841 0.0000010 0.0000010 0.0000010 2.3176264 0.0000010 0.0000010 4.1342426 2.5679495 2.2451313 2.3798426 2.3000923 4.0767261 4.0767261 2.2125334 2.2690151 2.6755393 2.7805979 2.5132197 2.0489074 2.5472714 3.1401975 2.9968393 2.9519868 3.0319531 3.3675958 2.7133714 3.1507549 2.7411743 0.0000010 2.6997003 2.5318666 2.5318666 2.4570073 2.5090236 2.4752998 0.0000010 8.5846979 3.9880231 3.9880231 1.6249450 4.5881425 9.0000000 8.9999989 
Lcom_lcpid155808                                      2.8543200 0.0000010 0.0000010 3.4137807 0.0412859 0.0000000 0.3181621 0.3314957 0.9335371 0.0000010 3.6755997 2.0584295 9.0000000 3.8723749 0.0000010 1.2805335 0.0000010 0.0000010 1.9040887 5.9992616 1.2769018 1.2347038 1.2500448 1.2660091 1.2287294 1.2126100 1.1861950 1.0808712 1.2411030 1.2411030 1.2742981 8.9999987 1.2626702 1.1925603 1.4008825 1.1744926 1.2914257 5.9307220 2.8985162 1.3841422 1.0978958 0.0000010 1.1673082 0.6076912 1.3111190 1.3111190 1.5091023 1.2278976 0.0000010 1.4052506 1.2725454 1.3188006 1.1356763 1.4565885 1.3619492 1.1191831 1.1273281 0.5884374 1.6551999 1.1582282 1.1825725 0.0000010 0.0000010 1.0493773 1.2619759 1.3418063 1.3582071 1.2372607 1.1719702 1.1719702 3.8229093 1.3298560 1.1770843 1.1770843 0.0000010 0.0000010 0.0000010 1.3216071 0.0000010 0.0000010 3.0982588 1.4045974 1.9378131 1.3356668 2.3000923 1.8995759 1.8995759 1.3866231 2.1830053 1.5502919 1.6346828 1.5364093 1.4019030 1.4905357 1.9255126 1.9734073 1.9482913 1.9447132 2.3758125 1.5836506 1.9836884 2.5493093 7.0578844 1.9935035 1.8818070 1.8818070 1.8207914 1.8573646 1.7997406 0.0000010 6.3236086 2.4587309 2.4587309 3.5660221 2.7054135 9.0000000 5.6833662 
Leuniv_Lniv_scaffold11868_01                          2.3453308 0.0000010 0.0000010 2.6904100 0.5854821 0.3181621 0.0000000 0.4585380 1.4192919 0.0000010 6.3845072 2.7329825 4.2956344 4.1088541 0.0000010 1.9893915 8.9999988 0.0000010 2.4700766 2.9859637 2.0657313 1.9488684 1.9678852 1.8877069 1.8585569 1.7891661 1.6714449 0.9908373 1.8651944 1.8651944 1.8111363 9.0000000 1.8245137 1.8824329 1.2950187 1.8987689 2.0154884 5.2406201 2.6720259 1.7747650 1.6409700 0.0000010 1.7058806 1.6165137 1.7560988 1.7560988 2.0170338 1.9296918 0.0000010 2.1258740 1.7175063 2.0092197 1.9279625 2.0169942 1.9846665 1.7048663 1.6071140 0.0000010 1.4228804 1.9644040 1.8171540 0.0000010 0.0000010 1.5524055 1.3768647 1.2530648 1.6537583 2.1547270 2.1790937 2.1790937 1.8735296 1.9378881 1.2540974 2.1534783 0.0000010 0.0000010 0.0000010 2.4653122 3.4154254 4.3804972 3.7442748 2.3930770 2.3664602 1.9879811 1.9161232 2.8934809 1.8598706 1.4903426 2.7962984 2.3627772 2.5861069 2.3074723 2.5262812 2.4192119 2.9609083 2.8645324 3.0574736 1.8212377 3.3377981 2.4221189 3.2422602 2.4963061 5.7459788 2.6066702 2.5969375 2.5952869 2.5878670 2.4839065 2.2876911 0.0000010 4.3514709 2.8560223 2.9018063 2.9474158 3.0454177 2.8427150 3.7219200 
Gracom_Gcom_scaffold10736_01                          0.9650125 0.8521462 0.9187448 1.0276249 0.5431158 0.3314957 0.4585380 0.0000000 2.1013242 0.6628731 3.3402226 3.1473135 3.5202692 3.4252069 3.1275686 2.6449612 3.3759743 2.7541938 2.8978990 3.0266172 2.3472268 2.1836754 2.5240784 2.7086589 2.5343014 2.6907448 1.9818574 1.1630963 2.3204792 2.4303436 2.4044302 3.7591654 2.6759771 2.5903368 1.2826354 2.5891845 2.8814288 4.3589717 3.1324527 2.6724570 2.4495595 3.1508219 2.1027964 1.6755360 2.5246532 2.5193533 2.5847631 2.4941308 1.6255120 2.5166195 2.5756484 2.5607455 2.5018670 2.8275976 2.5855673 2.5741004 2.5410060 3.1315043 1.6303231 2.6734281 2.5361732 2.9144902 2.9483149 2.0517034 1.8725186 1.3225962 1.8411148 2.2522812 2.5570047 2.3015294 2.2443504 1.9942965 1.3685953 2.6663438 2.6700702 3.9450754 3.8405947 2.8616855 3.8461121 4.6850561 3.3972135 2.8774890 2.5592176 2.6043927 2.1005631 3.5965137 1.9071510 1.5748298 3.0936463 3.2581959 3.2759540 3.2184737 3.2989605 3.0769678 4.0186438 3.8172289 4.0067179 1.8362177 4.1720161 3.5276002 4.1678597 2.4722484 3.9395876 3.2266609 3.2279988 3.2337161 3.1702470 3.1122347 3.0029358 3.1284782 3.2652169 3.0563958 3.2872613 3.3581729 4.4524078 2.2982967 4.6096914 
Clacor_Ccor_scaffold14063_01                          3.5058187 4.1362613 3.9282416 3.9954813 1.8354741 0.9335371 1.4192919 2.1013242 0.0000000 5.8871696 5.4357526 3.0565074 3.8193978 4.1336456 4.8526747 2.3973218 4.3925463 5.7675258 2.7998025 2.7275786 1.8775217 1.6847536 1.9370820 2.2002525 2.1314785 2.1837472 1.6826284 0.9283726 1.7319024 1.8460293 2.0423302 4.8243574 2.4189721 2.0630324 1.0242844 2.0555903 2.2229848 5.4248646 5.4021948 2.4557782 2.1649014 6.1183314 1.6862942 1.4647502 2.1185385 2.0682386 2.2853018 2.4889330 5.4148919 2.6955276 2.3757964 2.4937548 2.4702261 2.7592442 2.5121673 2.2781250 2.3023651 5.5869033 1.4329228 2.5369612 2.3616792 6.6607913 6.3190078 1.7091609 1.5021443 1.0884746 1.5426499 1.8983273 2.1995649 2.0500683 1.8764519 1.7361841 1.1087141 2.1043661 6.1512425 3.8029757 3.9833998 2.7057611 3.4084291 3.7897846 3.9763501 2.8490098 2.0610808 2.5081104 1.7777500 3.7252314 2.0331248 1.5718145 2.6642619 3.1047030 3.0038109 3.3016370 3.6249396 2.8502285 3.6101100 3.6218481 3.7809372 1.5759808 4.0262041 3.2590310 3.5992150 1.9178730 4.5974675 2.9057676 3.0424366 3.0451391 2.9942814 3.0450534 2.7902330 5.1185932 4.5614428 3.2316283 2.6483816 3.6764946 4.0212542 5.5893350 6.3170616 
Leuniv_Lniv_C762885_01                                0.6636135 0.6268295 0.6708592 0.6516628 0.0000010 0.0000010 0.0000010 0.6628731 5.8871696 0.0000000 2.2723636 2.2295327 2.4299744 2.2538211 2.4416809 2.1035630 2.1643261 2.1662629 2.2062352 0.0000010 0.0000010 0.0000010 0.0000010 3.2974263 2.2404672 2.5973652 3.7584442 0.0000010 0.0000010 0.0000010 0.0000010 0.0000010 2.5222416 0.0000010 0.0000010 0.0000010 2.4374403 2.4549730 2.6031868 2.2191795 2.5468396 2.5468396 0.0000010 0.0000010 2.3291900 2.2853170 2.4300095 2.3290187 1.5440799 2.0092750 2.4400579 2.5202169 2.6212730 2.5207061 2.4280250 2.0533701 2.2971794 2.2971794 2.1754959 2.5427958 2.6681779 2.3477724 2.3959628 0.0000010 3.0343025 0.0000010 0.0000010 1.0737636 0.0000010 0.0000010 0.0000010 0.0000010 0.0000010 0.0000010 2.1522228 0.0000010 0.0000010 2.2686853 0.0000010 0.0000010 2.3434905 2.2729181 0.0000010 2.6479797 0.0000010 3.2745718 0.0000010 0.0000010 0.0000010 3.5121184 3.1277868 3.2915407 4.2676925 3.8990335 4.2132765 3.6815701 3.8763117 0.0000010 3.9466543 3.6599797 3.8827102 0.0000010 3.1128049 3.1014773 3.1973703 3.2727037 3.0228390 3.1358447 3.2960079 2.5289746 2.5289746 2.3197013 0.0000010 4.2127085 4.1749773 1.7007549 6.0036296 
Hvul_g15025_1                                         2.8472861 2.8394526 2.8232395 2.9247014 1.8599803 3.6755997 6.3845072 3.3402226 5.4357526 2.2723636 0.0000000 0.4387813 0.7517612 1.8748356 1.4899586 1.1268198 1.6726270 1.1228149 1.9459388 8.9999990 5.5644354 6.5534429 3.4061792 2.7913187 1.9574112 2.1607946 4.8360108 3.9610249 5.7254431 5.7254431 3.7389056 1.4905535 1.2799144 1.6553956 3.7397703 1.7451560 2.6274228 1.3772623 0.8218261 2.3866396 2.4899294 1.8258759 5.5619669 6.7315191 2.4459834 2.5084778 2.2523145 1.9721863 1.0117272 2.0534627 2.3658004 2.0615022 2.2280369 2.5316171 2.1758184 2.5868565 2.6970505 2.3686339 3.5356988 2.3537531 2.4014539 2.6220128 1.7360385 4.3709255 3.6946888 5.5405422 7.3378728 4.1204443 5.2463543 5.2463543 0.0000010 6.5640957 5.8693364 6.5713650 2.2300852 2.5888301 2.5888301 2.4562115 9.0000000 8.2341951 2.4704405 2.5129931 8.5346548 2.1784806 4.3096251 3.7474915 3.8618068 3.8618068 3.8942722 3.2646371 3.6224749 3.3045062 4.1131479 3.2697790 5.5968048 4.7420567 5.1636538 7.6747753 5.7541757 4.1031241 4.7564596 4.0031448 2.3322310 2.6456064 2.6979302 2.7005009 2.6979784 2.7595455 2.9622349 1.9340410 1.9897666 2.3723859 4.1251249 2.8547791 6.0466889 2.9313761 3.1733515 
Hvul_g15023_1                                         2.9388719 2.6746716 2.6390228 3.4516310 5.2627529 2.0584295 2.7329825 3.1473135 3.0565074 2.2295327 0.4387813 0.0000000 0.9445543 1.6874837 1.4348233 1.3260544 1.5011279 1.0150715 2.0182458 2.4364488 1.9999431 1.9936428 1.9391276 1.9206539 1.7310200 1.7727510 1.5663344 1.1427526 2.0704134 2.0119232 1.7152417 1.3899098 1.4340841 1.6201396 1.1094667 1.6108409 1.9961145 2.9798994 0.9588068 2.1094433 2.1564901 1.9045920 2.2506615 1.5930103 2.2218653 2.2028299 1.8977740 2.0331447 1.2120515 2.1554545 2.0983334 1.8917952 2.1111661 2.5482415 2.1352087 2.2243193 2.2061427 2.1470030 4.5335203 2.2071624 2.2010898 2.5633332 2.1613392 2.1287062 1.7891162 1.4471300 2.1328960 2.3210494 2.8579258 2.6969508 1.5860699 2.1737869 1.7517649 2.9380833 1.9031294 2.7467923 2.6022551 2.5152347 3.5037975 3.5546749 2.8595412 2.5151444 3.5172299 2.2320361 7.4287581 3.5634883 2.0746476 2.0336941 7.1808615 3.2656767 3.9109845 3.0066791 3.4363960 3.1310697 4.2487940 4.3808869 4.5353100 2.5876056 4.7995843 3.9881983 4.2650446 4.7417321 2.4495791 2.6432153 2.7104318 2.7146905 2.6870198 2.6638250 2.6812908 1.8124833 1.9492651 2.4872470 2.9253697 2.5205871 4.4560801 2.7309827 3.4136230 
Chem_TCONS_00057251                                   2.9386402 2.6852862 2.6434976 3.1240588 9.0000000 9.0000000 4.2956344 3.5202692 3.8193978 2.4299744 0.7517612 0.9445543 0.0000000 1.6047098 1.3454010 1.4062958 1.5765649 1.3385906 1.8214765 2.1883099 2.1007056 2.5662585 2.2353320 2.1610054 1.8621811 1.8629784 2.2405289 1.1493172 2.7871436 2.6500071 2.1253489 0.8314196 1.3426938 1.6599457 9.0000000 1.7610930 2.2850335 1.8605560 0.7384529 2.4013804 2.2817638 1.7974304 2.8998269 3.5758871 2.2654579 2.2481702 2.0733894 2.1184798 1.2638830 2.3778950 2.1758417 2.2117617 2.2843294 2.6436430 2.2540764 2.4832181 2.4796547 2.1351149 3.1525590 2.3960097 2.2070048 2.4276729 2.0067125 2.5870186 2.3547436 0.7211559 2.8792744 3.1635417 4.2669261 4.9408439 2.1660933 3.7689111 9.0000000 4.3290972 1.9787693 2.4219700 2.3344606 2.6790617 3.9524553 3.8564751 2.6707806 2.6635265 3.3629244 2.4199461 0.4737543 3.7377820 2.1173897 2.1173897 5.0448945 3.5126787 4.6755570 3.5724252 4.2182166 3.7126059 5.0167928 4.9113797 5.0135400 2.0031732 4.9230343 4.0102133 4.7112174 2.9622809 2.1036685 2.6286005 2.6053099 2.6185030 2.6419682 2.6631561 2.7226051 1.6955074 1.7149510 2.4472762 2.7371719 2.3372306 4.8484106 2.6633383 3.0090000 
Exapal_XM_021053943.2                                 2.8671699 2.8146557 2.7923639 3.1709050 7.9806259 3.8723749 4.1088541 3.4252069 4.1336456 2.2538211 1.8748356 1.6874837 1.6047098 0.0000000 0.4027140 1.4560920 0.7117732 0.6355211 0.8859108 4.7683760 1.5678425 2.6473417 1.2609264 1.1240640 0.8808468 0.8967672 2.9300661 2.1518780 2.5083283 2.1907017 2.1394735 1.4910985 1.6121522 1.7842605 2.0983397 1.8885830 1.6910296 2.5884949 1.4147341 1.7190011 1.8685324 1.5444707 2.4974789 2.4888820 1.9238406 1.9437681 1.7030351 1.6816675 1.2164233 1.8866660 1.7819114 1.7398859 1.7574813 2.0070338 1.8089343 1.8801800 1.9254388 1.7692472 3.2910443 2.1066105 2.0884082 1.9077434 1.7004625 2.3966405 2.7298053 2.8643796 3.6926409 3.4098191 3.0787997 4.1747962 1.7758193 2.7635111 2.6337083 3.7952805 1.8210698 2.8772796 2.7796477 2.2598220 5.0078694 5.9367874 2.2309873 2.3581168 5.4168227 1.9656991 5.6036570 3.4976727 4.3022576 3.3992064 6.1541853 3.2222232 3.6179826 3.2940822 3.3282282 3.2215451 4.4973660 3.9953402 4.2077997 2.4213305 4.5518323 3.7240372 4.4789823 2.2887765 2.1974194 2.3084364 2.2848237 2.2702476 2.2709643 2.3822066 2.3358604 1.2683862 1.3104939 2.1407542 2.4661351 2.3175267 4.5762972 2.4879642 3.5011656 
Nvec_v1g172080                                        2.6601170 2.7454234 2.6841327 2.7152501 0.0000010 0.0000010 0.0000010 3.1275686 4.8526747 2.4416809 1.4899586 1.4348233 1.3454010 0.4027140 0.0000000 1.2503982 0.4818707 0.5477664 0.4986540 0.0000010 0.7704300 0.0000010 0.7232763 0.7734061 0.4765911 0.5137879 2.2407456 0.0000010 0.6945029 0.6945029 2.2039352 1.3294810 1.3126118 1.3448786 0.0000010 1.2823285 1.2800532 1.4095875 1.3296059 1.5133132 1.5586871 1.6940045 0.6689294 0.0000010 1.4592974 1.4458141 1.3952315 1.4931746 1.2354043 1.5894229 1.7869270 1.5522967 1.5188637 1.4739929 1.6150372 1.7907333 1.8226589 1.8388134 2.6155925 2.0516436 1.9644308 2.0443085 1.7760284 0.7858206 2.5739077 0.0000010 0.0000010 0.5028571 1.4077563 0.0000010 0.0000010 0.0000010 0.0000010 0.0000010 2.0571733 1.7355680 1.7355680 1.9007340 0.0000010 0.0000010 1.8999783 1.9813744 0.0000010 1.8113203 0.0000010 2.9597859 0.0000010 0.0000010 0.0000010 3.0795707 3.4768793 3.1239393 3.0951916 2.6936481 4.9366533 4.1058188 4.3136545 0.0000010 4.4405100 3.3367448 4.1546592 1.9031926 1.7816986 1.8175579 1.8239772 1.8248590 1.7962188 2.2480469 2.1142962 1.1161146 1.1161146 1.9792172 2.1678537 2.3362002 5.1805248 2.5890861 3.1490501 
Morvir_scaffold289.g3.t1                              2.9002487 2.7217882 2.7470649 2.8942110 2.1608487 1.2805335 1.9893915 2.6449612 2.3973218 2.1035630 1.1268198 1.3260544 1.4062958 1.4560920 1.2503982 0.0000000 1.2329237 1.1386067 1.4228531 1.8526933 1.3586809 1.3722969 1.3330755 1.3989049 1.2376091 1.2481839 1.1754561 0.5619054 1.3443365 1.3787125 1.0208176 0.7846691 0.8542693 1.0109329 0.5506089 1.0345344 1.3983930 1.9399769 0.6686674 1.6569582 1.4704413 1.5108712 1.4777571 1.1793771 1.5381638 1.5308633 1.4726249 1.5901256 1.4033210 1.8405252 1.5803491 1.7561912 1.5985794 1.9916734 1.6956775 1.7633906 1.7725713 2.0048684 1.1876216 1.8376022 1.7218456 2.1448171 2.1949684 1.3917593 1.1521490 0.9290933 1.5323199 1.7916605 2.2179065 2.0880026 1.8068709 1.5390302 1.0883936 2.2776192 2.2268125 2.7492813 2.5937862 2.1963577 3.1976785 3.5265107 2.7202361 2.2344731 1.7298469 1.8441165 2.1632952 3.2770580 1.7981858 1.4893092 3.0813885 3.1800130 3.1240291 2.8648580 3.0552776 2.7437064 3.6483431 3.5807737 3.7155193 1.3877083 3.6708674 3.1762863 3.7356542 1.3484996 2.2719086 2.2050611 2.2627833 2.2719525 2.2020674 2.2715072 2.2159340 1.4650625 1.5464355 1.9661312 2.1184391 2.0605314 3.8153824 2.4382180 3.3426907 
Spis_XP_022780914_1                                   2.7066223 2.6095754 2.6236817 2.7718808 0.0000010 0.0000010 8.9999988 3.3759743 4.3925463 2.1643261 1.6726270 1.5011279 1.5765649 0.7117732 0.4818707 1.2329237 0.0000000 0.0743645 0.2356690 1.3972816 0.3901056 1.7914405 0.1034402 0.2482276 0.1786491 0.1982200 2.8520015 1.3962106 1.1376260 1.2663143 1.5591818 1.4580889 1.3405399 1.4590022 0.0000010 1.3486113 1.2465972 1.9190656 1.2652729 1.7676017 1.6433445 1.4738181 2.0045834 5.4059328 1.6697251 1.6863322 1.6944553 1.5716435 1.0991889 1.9184998 1.6926785 1.6278478 1.5990401 1.9868129 1.7912351 1.8703006 1.8892827 1.7752693 2.9355020 1.9231637 1.9190277 1.9858119 1.8026563 1.9295190 3.9838091 0.0000010 9.0000000 2.8537435 3.1256628 9.0000000 9.0000000 9.0000000 0.0000010 7.2443941 1.9670798 2.6118199 2.5713215 2.1311575 8.1378947 5.1894837 2.0905411 2.2187740 0.0000010 1.8584611 0.0000010 3.3177394 9.0000000 9.0000000 0.0000010 3.4052774 3.7938611 3.2665556 3.3017504 2.8104500 4.7706725 4.4971044 4.7558718 0.0000010 4.5841539 3.5899885 4.9747005 1.9739935 2.0760050 2.1533895 2.1816176 2.1924612 2.1593339 2.3143971 2.2789558 1.1672386 1.2701120 1.8882071 2.0854448 1.8656856 4.4634032 2.3599618 3.2950814 
Pocdam_XM_027192752.1                                 2.1082416 2.2278658 2.1601794 2.1707709 0.0000010 0.0000010 0.0000010 2.7541938 5.7675258 2.1662629 1.1228149 1.0150715 1.3385906 0.6355211 0.5477664 1.1386067 0.0743645 0.0000000 0.2057035 0.0000010 0.0000010 0.0000010 0.0000010 0.5366651 0.1782867 0.2198203 2.1435344 0.0000010 0.0000010 0.0000010 0.0000010 0.0000010 1.2714913 0.0000010 0.0000010 0.0000010 1.2226929 1.2772681 1.1633140 1.5406892 1.7837031 1.7837031 0.0000010 0.0000010 1.5979789 1.6306685 1.5206069 1.3265810 1.0709696 1.4977488 1.6387139 1.4221069 1.6471039 1.6516775 1.3840311 1.7887857 1.8272619 1.8272619 2.8999945 2.1399384 1.9737249 1.8605010 1.7910902 0.0000010 2.8696151 0.0000010 0.0000010 0.3521610 0.0000010 0.0000010 0.0000010 0.0000010 0.0000010 0.0000010 2.1905319 0.0000010 0.0000010 1.9115222 0.0000010 0.0000010 1.8996294 2.0144472 0.0000010 1.6950901 0.0000010 2.4262938 0.0000010 0.0000010 0.0000010 2.7874182 3.0836499 2.4624389 2.6800723 2.6805733 4.5977996 3.7154930 3.8970066 0.0000010 4.0020860 3.1346790 4.2018722 0.0000010 1.6438358 1.6545982 1.7083659 1.7427992 1.6934774 2.4151310 2.5264362 1.2638282 1.2638282 1.9279372 0.0000010 2.8054730 4.3767914 2.3506552 4.9344496 
Amil_Amillepora22366-RA                               2.5598126 2.5095958 2.5119079 3.0149114 1.9789914 1.9040887 2.4700766 2.8978990 2.7998025 2.2062352 1.9459388 2.0182458 1.8214765 0.8859108 0.4986540 1.4228531 0.2356690 0.2057035 0.0000000 0.0595142 0.0364807 0.3840577 0.3823319 0.3544620 0.2958154 0.2388832 0.9275086 0.4999808 1.2719026 1.3169547 1.4401485 1.5362592 1.3680402 1.4570892 0.8011660 1.4595495 1.3621490 2.2194389 1.2426287 1.7800045 1.7200440 1.5282247 1.8048885 2.6231211 1.6478693 1.6637930 1.5852396 1.6720183 1.0695465 2.0831450 1.6684108 1.7423241 1.6996946 2.2835781 1.8777610 1.9502212 2.0045501 1.7357858 1.1645827 2.3191661 1.9554812 1.8684308 1.8280489 1.7977713 1.6929422 1.3981250 2.8452561 2.8890522 3.2480622 3.3312293 2.7777358 2.7399175 1.7643491 3.3459226 1.9562619 3.0696196 3.0297768 2.5690697 4.4784857 4.5147113 2.6307704 2.6444593 2.1375772 1.9819574 1.2101574 4.0446808 3.1949577 1.7945386 1.9315148 3.3105583 3.6360395 3.1144663 3.4198057 3.0922401 4.0269819 3.9919418 4.2565032 1.1658650 3.9006155 3.4433813 4.1399038 1.0129760 2.1827084 2.4538617 2.4906219 2.4998794 2.4658249 2.5997598 2.5472219 1.1393162 1.2550558 1.8982897 1.9904361 2.1007061 4.1911305 2.4753350 2.9374335 
Adig_XM_015897265.1                                   0.0000010 0.0000010 0.0000010 4.6186468 5.9992616 5.9992616 2.9859637 3.0266172 2.7275786 0.0000010 8.9999990 2.4364488 2.1883099 4.7683760 0.0000010 1.8526933 1.3972816 0.0000010 0.0595142 0.0000000 0.0453001 0.5024231 0.5092987 0.4882351 0.4685360 0.4326802 1.0545613 0.7204502 1.6176492 1.6176492 1.7603517 2.1281176 1.7688005 1.8992492 5.6100176 1.8796722 2.0331552 4.7486593 3.6260748 1.9262461 2.3108590 0.0000010 2.1589352 3.1155289 2.2178217 2.2178217 2.0673758 2.3734426 0.0000010 2.9713205 2.2532493 2.1588395 2.2438987 3.6772216 2.6204747 2.7500764 2.8599908 0.0000010 1.4685154 3.8742732 2.3203780 0.0000010 0.0000010 2.2300446 2.5430386 2.2368479 3.3515991 4.2002847 4.4791923 4.5117315 3.1438012 3.9914672 9.0000000 4.4250173 0.0000010 0.0000010 0.0000010 4.6452927 4.0774870 4.2756712 4.3695131 4.1836950 5.2498953 2.5684984 4.0233198 6.1001127 5.1197105 3.8413828 8.9999989 4.8600245 4.9521165 4.3525202 4.9130829 4.4277275 4.7536102 4.8545059 5.4469334 3.4707005 5.0414156 4.0373698 5.1845858 3.3299866 4.2955926 4.1284847 4.1936799 4.1985185 4.3199982 4.3373680 4.3448364 0.0000010 9.0000000 1.8775802 1.8775802 2.3588514 4.5150514 0.0000010 3.0507891 
Adig_XM_015897266.1                                   2.3796979 1.6234041 1.5704102 3.1163183 1.9816123 1.2769018 2.0657313 2.3472268 1.8775217 0.0000010 5.5644354 1.9999431 2.1007056 1.5678425 0.7704300 1.3586809 0.3901056 0.0000010 0.0364807 0.0453001 0.0000000 0.3579247 0.3743197 0.3376428 0.3298563 0.2670971 0.7001486 0.3527436 1.1119821 1.1573115 1.2689544 1.8585334 1.2641359 1.3055786 0.7453284 1.3435495 1.2559258 4.3229659 5.9854133 1.6358853 1.5394246 0.0000010 1.4770982 1.6919623 1.4920091 1.4920091 1.4722537 1.6079075 2.1117485 2.1145797 1.4825517 1.7632123 1.5876433 2.4492980 1.8662527 1.7451065 1.8082601 1.6332852 1.0973376 2.1329067 1.6653983 0.0000010 0.0000010 1.5997681 1.1512931 1.1826714 1.5541650 2.1626580 2.5192272 2.4188604 3.1490899 1.9188231 1.2681697 2.4161582 3.0877957 3.1453770 3.0823750 2.5405856 4.1653615 4.3432730 3.7364709 2.6081166 1.7620401 1.9078613 1.6291630 3.6472285 2.0931908 1.5956899 2.5115964 3.0830156 3.2061781 2.7406011 2.9220839 2.7815727 3.1471942 3.1927585 3.4732031 1.2596743 3.4236736 2.8472569 3.3458231 1.2226768 2.6831798 2.4404509 2.4729565 2.4754496 2.4460577 2.3976330 2.3086269 0.9674407 2.8116088 1.9334882 1.9334882 2.0269662 3.1712113 2.0879037 2.7320255 
Spis_XP_022780969_1                                   3.7599995 0.0000010 0.0000010 3.5269490 1.9740978 1.2347038 1.9488684 2.1836754 1.6847536 0.0000010 6.5534429 1.9936428 2.5662585 2.6473417 0.0000010 1.3722969 1.7914405 0.0000010 0.3840577 0.5024231 0.3579247 0.0000000 0.0881534 0.2047966 0.2078806 0.2352620 0.6057023 0.2824490 1.0386755 1.0326913 1.1676275 1.8172677 1.1697739 1.1914701 0.6111991 1.2042240 1.1815030 4.0266111 5.8816858 1.4237351 1.4098441 0.0000010 1.3932846 1.2784926 1.3334952 1.3334952 1.1535272 1.4369350 2.8986774 1.7775450 1.2493360 1.6578451 1.5854796 2.0073942 1.7345007 1.6864191 1.6826910 0.5884374 1.0958796 1.9759498 1.5145376 0.0000010 0.0000010 1.4128244 0.9844900 1.0119270 1.5869657 1.7920358 2.2923195 2.1505601 1.8739364 1.6102718 1.0658023 2.1135581 0.0000010 4.0253912 0.0000010 2.1894874 3.2144363 3.4503344 3.4343468 2.2691618 1.9232372 1.7857790 1.6329998 3.2079074 1.8164134 1.4587228 2.5333917 2.7018065 2.7317849 2.3477696 2.4827423 2.6101917 2.8890590 2.8628918 3.0858281 1.2717637 3.3195136 2.5089566 2.9506649 1.1060925 4.7236025 2.3434647 2.4516735 2.4626444 2.4960054 2.4071154 2.2859216 0.0000010 2.8528752 2.0687564 2.0687564 2.9700956 3.0611759 2.2928425 2.6298284 
Pocdam_XM_027192751.1                                 3.3991997 2.7455202 2.7948640 3.2647353 1.9801180 1.2500448 1.9678852 2.5240784 1.9370820 0.0000010 3.4061792 1.9391276 2.2353320 1.2609264 0.7232763 1.3330755 0.1034402 0.0000010 0.3823319 0.5092987 0.3743197 0.0881534 0.0000000 0.1912252 0.1988856 0.2319103 0.6019201 0.2826814 1.0804536 1.1162761 1.1817865 1.5107172 1.1908610 1.2557813 0.6158179 1.2091532 1.2359728 3.8255656 5.8816858 1.5751609 1.4628469 0.1769036 1.4676021 1.3102562 1.4546067 1.4546067 1.3768794 1.4959523 2.8784095 1.9114381 1.3618549 1.7250708 1.5768728 2.1482930 1.8235880 1.6698050 1.6736867 1.0124269 1.0746810 1.8112590 1.5716331 0.0000010 0.0000010 1.4655322 1.1491944 0.9956622 1.5833444 1.8190172 2.3335747 2.1367744 1.9065135 1.6099607 1.0482985 2.1633321 1.6519626 2.7160722 2.6444750 2.2596608 3.2598907 3.4457052 2.9824392 2.3508169 1.9048386 1.8100662 1.6023160 3.4177795 1.8663477 1.4655733 2.5021880 2.8440438 3.0713760 2.6237372 2.7513434 2.7093931 3.2452258 3.3545397 3.5914810 1.2805775 3.6037217 2.8395566 3.5272043 1.1983615 2.7449788 2.3087483 2.4000199 2.4072816 2.4262101 2.3402941 2.2559021 1.3746755 1.7023266 1.9292548 2.0176337 2.0733486 3.3075558 2.4117228 2.5701094 
Fspp_ffun1.m4.13255.m1                                3.0540347 2.8708481 2.9020573 3.2511457 2.0553484 1.2660091 1.8877069 2.7086589 2.2002525 3.2974263 2.7913187 1.9206539 2.1610054 1.1240640 0.7734061 1.3989049 0.2482276 0.5366651 0.3544620 0.4882351 0.3376428 0.2047966 0.1912252 0.0000000 0.1794597 0.2402412 0.5890447 0.2754092 0.9782557 1.0177500 1.1295131 1.5277825 1.2891844 1.2125968 0.6727551 1.1941413 1.2019737 3.2640465 2.4501090 1.6558942 1.5622949 1.9606815 1.4389987 1.1918118 1.5470619 1.5504808 1.4919937 1.5849514 2.6324515 1.9230972 1.4926085 1.6716308 1.5921737 2.0860822 1.8199943 1.8246893 1.8524926 2.2887148 1.2793182 2.0353092 1.7483993 2.7612657 3.3775856 1.4240303 1.2022492 1.0533440 1.6654541 1.7917359 2.3077408 2.1289080 1.9786223 1.5723239 1.0699709 2.1007966 2.3853764 2.5860320 2.5527725 2.2205144 3.0760969 3.3042829 2.6754652 2.2932208 2.0533316 1.9423160 1.5622692 3.4836023 1.8992320 1.4261089 2.4190457 3.0254743 3.2073818 2.8513427 2.9561103 2.7904456 3.7078903 3.6763905 3.8292524 1.3672087 3.9338675 3.1021344 3.7995137 1.2696713 2.4885091 2.2626800 2.3594891 2.3710885 2.3402651 2.3899441 2.2844933 1.5149447 1.6627635 2.0387974 1.9660900 2.1778610 3.7415754 2.8409312 3.2531831 
Gasp_gasp1.m3.1153.m1                                 2.8604830 2.6021282 2.5885645 3.0144612 1.9983173 1.2287294 1.8585569 2.5343014 2.1314785 2.2404672 1.9574112 1.7310200 1.8621811 0.8808468 0.4765911 1.2376091 0.1786491 0.1782867 0.2958154 0.4685360 0.3298563 0.2078806 0.1988856 0.1794597 0.0000000 0.2157986 0.5840122 0.2596317 0.9975046 1.0391455 1.2090768 1.4857217 1.2045434 1.2678834 0.5949954 1.2360976 1.1936372 2.6239378 1.2977999 1.5175300 1.4999352 1.4726641 1.4935789 1.2366845 1.4582492 1.4597103 1.3963993 1.4826268 1.0353241 1.8119159 1.3891709 1.6179794 1.5138157 1.9438853 1.6670300 1.7725438 1.7672044 1.7388135 1.1836576 1.8319923 1.6294997 1.8628080 1.7831512 1.4317459 1.1516693 1.0334498 1.5982888 1.8478370 2.2940662 2.1953920 1.9259923 1.6738672 1.0850409 2.1432119 1.8938170 2.9204705 2.8532123 2.1304054 3.3519219 3.4816867 2.5316898 2.2240434 1.9824306 1.7668190 1.7090884 3.2520694 1.8243802 1.4710487 2.5824048 2.9096304 3.1408906 2.6893220 2.8392434 2.5980718 3.6986243 3.5921502 3.7431656 1.3431491 3.7690499 2.9794510 3.7615910 1.2048808 2.3227593 2.1706798 2.2485923 2.2589276 2.2330125 2.2896168 2.2116079 1.1601054 1.3483425 1.9520138 2.0955042 2.1879449 3.6621057 2.4642182 2.9464241 
Gfas_gfas1.m1.14252.m1                                2.9038732 2.6880293 2.7108113 3.0728127 1.9485691 1.2126100 1.7891661 2.6907448 2.1837472 2.5973652 2.1607946 1.7727510 1.8629784 0.8967672 0.5137879 1.2481839 0.1982200 0.2198203 0.2388832 0.4326802 0.2670971 0.2352620 0.2319103 0.2402412 0.2157986 0.0000000 0.6231475 0.2676395 1.0239823 1.0683332 1.1693261 1.4161131 1.2121011 1.2222373 0.6559738 1.2115196 1.1893435 2.6879330 1.4823574 1.5809738 1.4985780 1.6642523 1.4503075 1.2362255 1.4337418 1.4367382 1.4107685 1.4797066 1.4036092 1.8667919 1.4567008 1.5954549 1.5207481 2.0550149 1.7623326 1.7123404 1.7633773 1.9512424 1.1950880 1.9389492 1.7075745 2.2405827 2.2335914 1.4548354 1.1995357 1.0234209 1.5748085 1.8346921 2.3000529 2.1455765 1.8521263 1.6511769 1.1111329 2.1143171 2.0786270 2.8601442 2.7921769 2.2270550 3.3722931 3.5776914 2.6288890 2.2757687 1.9390922 1.7723877 1.4714885 3.3100344 1.8108415 1.3929881 2.2874711 2.9182224 3.0100831 2.7830971 2.8647450 2.6737989 3.6030157 3.3700725 3.7130440 1.3466507 3.6940392 2.9447981 3.6680143 1.2531512 2.2407840 2.1500754 2.2228134 2.2337533 2.2307427 2.2479343 2.2307764 1.2679140 1.4268606 1.9806704 2.0687270 2.2139023 3.6324351 2.4567655 3.1634678 
Exapal_XM_028661673.1                                 3.0203792 3.4636850 3.4636850 3.3221944 1.9073089 1.1861950 1.6714449 1.9818574 1.6826284 3.7584442 4.8360108 1.5663344 2.2405289 2.9300661 2.2407456 1.1754561 2.8520015 2.1435344 0.9275086 1.0545613 0.7001486 0.6057023 0.6019201 0.5890447 0.5840122 0.6231475 0.0000000 0.1616849 0.8781982 0.8811763 0.9923744 1.4345613 1.0125942 1.0238136 0.6341266 1.0800411 1.0209485 3.4148533 2.4595970 1.1933354 1.3003178 1.8204676 1.2608498 1.2715359 1.3219644 1.3219644 1.2412597 1.3321688 3.2095539 1.5740815 1.2591662 1.4496997 1.3656348 1.8658304 1.5862547 1.4670597 1.4160720 1.5659899 1.1101083 1.7728501 1.4069868 1.1247185 2.0077267 1.1467833 0.9720921 1.0300966 1.5135044 1.8289543 2.0585841 2.0385544 1.7547318 1.6584369 1.0178501 2.0832826 3.0933186 0.0000010 0.0000010 2.0771704 3.2480138 3.6591167 3.2048204 2.0175766 1.9696374 1.5241937 1.6879437 2.9123369 1.8288440 1.4415686 2.6351680 2.1996098 2.4074318 2.0841824 2.3522531 2.3293226 2.5862137 3.0568806 2.9189921 1.2507618 2.8087954 2.4038813 2.9492144 1.2197553 3.3837658 2.1606007 2.1918012 2.2061538 2.1978755 2.1456798 1.9791802 2.1159089 2.3953705 2.3671780 2.4014215 2.6598782 3.2266248 2.5024652 3.3800762 
Nvec_v1g123513                                        2.6563055 0.0000010 0.0000010 3.1229181 1.7310531 1.0808712 0.9908373 1.1630963 0.9283726 0.0000010 3.9610249 1.1427526 1.1493172 2.1518780 0.0000010 0.5619054 1.3962106 0.0000010 0.4999808 0.7204502 0.3527436 0.2824490 0.2826814 0.2754092 0.2596317 0.2676395 0.1616849 0.0000000 0.4380487 0.4380487 0.4911241 1.7009312 0.5201532 0.5772385 0.6080246 0.5499345 0.4666481 4.0312501 4.2031787 0.7345345 0.7006555 0.0000010 0.7060447 0.5994488 0.7001803 0.7001803 0.8213618 0.8051033 0.0000010 0.8921797 0.6991635 0.9684799 0.7504527 1.0835811 0.8568563 0.9551116 0.9605629 0.5884374 1.2025113 1.0353818 0.9563631 0.0000010 0.0000010 0.7684473 0.9324270 0.9926934 1.1071670 1.0758893 1.0572463 1.0572463 1.2346009 1.0554916 0.9403881 0.9913787 0.0000010 0.0000010 0.0000010 1.0682639 1.4148120 1.4148120 1.7249593 1.0903934 1.7892913 1.0290742 1.5596805 1.7302186 1.7302186 1.3784310 2.4141543 1.3600373 1.2872603 1.2535075 1.3635718 1.3167073 1.4857456 1.9109004 1.8861199 1.4402730 1.8213744 1.4549709 1.7996890 1.2067038 5.3429519 1.2826854 1.2779882 1.2779882 1.2859072 1.2964805 1.2806830 0.0000010 2.4124302 1.4754239 1.4754239 3.4638560 2.5139768 2.6619016 2.8783069 
Dgig_XM_028541023.1                                   3.0691618 0.9187515 0.5132542 3.1930099 1.8987350 1.2411030 1.8651944 2.3204792 1.7319024 0.0000010 5.7254431 2.0704134 2.7871436 2.5083283 0.6945029 1.3443365 1.1376260 0.0000010 1.2719026 1.6176492 1.1119821 1.0386755 1.0804536 0.9782557 0.9975046 1.0239823 0.8781982 0.4380487 0.0000000 0.0000010 1.2724251 1.7134143 1.2952361 1.3291424 0.5525285 1.3107372 0.4174541 4.2015388 4.8542092 1.3848456 1.4081379 0.0000010 1.4003825 1.1968143 1.3515612 1.3515612 1.0900417 1.4140207 1.2238742 1.6441908 1.2318461 1.6361915 1.5225926 2.0686286 1.6685739 1.6245607 1.5706534 0.5884374 0.6957137 1.6897949 1.4026970 0.0000010 0.0000010 1.2652790 0.8494740 0.9785188 1.4454818 1.9056814 2.3857613 2.1934471 1.9304148 1.6708901 1.0242133 2.3513219 0.0000010 2.1197669 1.6570831 2.3121726 3.2679520 3.6605156 3.5126059 2.3941693 1.7662195 1.6746308 1.3767463 3.3187680 1.9562029 1.4468701 2.3663030 2.8187216 2.9389943 2.4567989 2.9535029 2.4916301 3.0152957 3.3216018 3.3819232 1.3473004 3.2261008 2.8848665 3.4549727 1.3042781 4.5331881 2.3099339 2.3991994 2.4106778 2.4196287 2.2977468 2.2368687 0.0000010 3.3764145 2.3854450 2.3854450 2.4922693 3.4619503 1.1636023 3.2164060 
Dgig_XM_028559454.1                                   3.1484176 2.1961580 2.2062975 3.3455775 1.8987350 1.2411030 1.8651944 2.4303436 1.8460293 0.0000010 5.7254431 2.0119232 2.6500071 2.1907017 0.6945029 1.3787125 1.2663143 0.0000010 1.3169547 1.6176492 1.1573115 1.0326913 1.1162761 1.0177500 1.0391455 1.0683332 0.8811763 0.4380487 0.0000010 0.0000000 1.3191101 1.7134143 1.3501551 1.3887295 0.5525285 1.3639569 0.4165318 4.5053691 4.8542092 1.4248071 1.5059129 0.0000010 1.4932424 1.1968143 1.4447741 1.4447741 1.2150325 1.4927161 1.2238742 1.7076810 1.3140450 1.6611132 1.5407036 2.1026590 1.7586318 1.6535682 1.6033260 0.5884374 0.6957137 1.7198878 1.4660542 0.0000010 0.0000010 1.3660081 0.8718145 0.9785188 1.4454818 1.9056814 2.3670178 2.1934471 1.9304148 1.6708901 1.0242133 2.3410111 0.0000010 2.8095037 2.5536572 2.4024212 3.2679520 3.6605156 3.5538463 2.4482007 1.7662195 1.7773245 1.3767463 3.4677688 1.9562029 1.4468701 2.3663030 2.8324665 3.0093183 2.5995525 3.1219034 2.6228040 3.0622165 3.4899559 3.5810361 1.3473004 3.3493078 3.0573376 3.5299014 1.3042781 3.7152260 2.3449730 2.4186193 2.4289878 2.4199423 2.3139755 2.2597604 0.0000010 0.3863794 2.4835828 2.4835828 2.3755249 3.4225078 1.1636023 3.5905556 
Nemnom_g18991.t1                                      2.9116355 2.3274623 2.5664256 3.3554265 2.0923157 1.2742981 1.8111363 2.4044302 2.0423302 0.0000010 3.7389056 1.7152417 2.1253489 2.1394735 2.2039352 1.0208176 1.5591818 0.0000010 1.4401485 1.7603517 1.2689544 1.1676275 1.1817865 1.1295131 1.2090768 1.1693261 0.9923744 0.4911241 1.2724251 1.3191101 0.0000000 1.1746774 0.1548311 0.3100478 0.4066587 0.4982069 1.3959933 4.0235810 5.9983269 1.6611045 1.4608968 0.0000010 1.4923105 1.1363289 1.5453649 1.5453649 1.4776236 1.5867664 2.2111991 1.9025382 1.4935672 1.7381079 1.6537830 2.3092798 1.8493918 1.8583398 1.8258011 0.5884374 1.2181211 1.9299888 1.6827513 0.0000010 0.0000010 1.5344294 1.0148051 0.9517474 1.4520592 1.9052914 2.3474468 2.1399251 1.5033705 1.5685522 1.0790572 2.1047638 0.0000010 2.8397146 2.6981472 2.2885764 3.2447511 3.3198160 3.2871395 2.2939719 1.8453276 2.0418774 1.7829864 3.3486261 1.9787219 1.5579751 2.4398764 2.8094594 2.7950908 2.4485495 2.7109568 2.7093725 3.1170492 3.5149995 3.5571528 1.3336093 3.3758192 3.0286757 3.3106793 1.0551497 3.5720307 2.5644320 2.5325687 2.5419440 2.5602649 2.5227232 2.4560555 8.9999988 2.7075215 2.1718803 2.1718803 2.1519713 3.1916874 2.0957773 3.5026018 
Nemnom_g18992.t1                                      3.6113734 3.6113734 3.6113734 3.0906549 0.0000010 8.9999987 9.0000000 3.7591654 4.8243574 0.0000010 1.4905535 1.3899098 0.8314196 1.4910985 1.3294810 0.7846691 1.4580889 0.0000010 1.5362592 2.1281176 1.8585334 1.8172677 1.5107172 1.5277825 1.4857217 1.4161131 1.4345613 1.7009312 1.7134143 1.7134143 1.1746774 0.0000000 0.1936568 0.3071468 1.7418246 0.5196627 1.4426070 3.1169486 0.0000010 1.5892526 1.5695680 1.0214180 3.1718118 1.6053664 1.8560096 1.8560096 1.5771498 1.6821015 0.0000010 1.6606463 1.9798766 1.5374906 1.6050545 1.7226863 1.7579770 2.2698860 2.1188089 1.8258642 0.0000010 1.8213102 1.7763448 0.0000010 0.0000010 2.4450522 2.3451126 1.4106639 1.4106639 3.1035683 3.2801853 3.2801853 0.0000010 1.3353424 1.9242326 3.5455713 1.8323001 2.0422436 2.0422436 1.9278601 9.0000000 4.4433175 1.9056057 2.1377022 9.0000000 1.8264173 0.0000010 3.3078537 6.3071976 6.3071976 0.0000010 3.1043941 3.7484499 3.1303143 4.0204409 3.2344988 4.2214626 4.9390298 4.4158266 8.1574081 5.2063415 4.0751881 5.2805004 2.8746962 2.5160403 2.6512324 2.5710687 2.5710687 2.5938955 2.5901131 2.5680853 1.4118684 1.4279201 2.1944821 3.5211087 1.8780927 4.5951987 2.7635199 1.9832825 
