108
Emue_Em0006g502a.t1                                   0.0000000 0.0000010 0.1589869 0.1205748 0.3632084 0.6171690 0.8612550 0.7295518 0.7203110 0.6144421 0.4812838 0.6668229 1.0977318 0.9181406 0.9546562 0.9902291 1.9008527 1.1050644 1.0105456 1.0787919 1.1020199 1.0521320 1.0288061 1.1809795 1.0566187 1.0466591 1.1380019 1.0656591 1.0881691 1.4756675 0.9067921 0.9352147 0.7856171 0.9532000 0.9686951 0.9575497 0.8505110 1.0116745 0.9397160 1.0696554 1.0694155 1.2863296 1.2304373 1.2097252 1.1793209 1.1679820 1.1697633 1.2072205 1.2072205 1.1103472 1.1165849 1.1527767 1.1388918 1.1617479 1.1030355 1.0778809 1.1675200 1.7133227 2.3784928 2.0339238 1.3657475 1.5059394 1.6715255 1.5275155 1.4590518 1.4590518 1.8813393 1.8813393 1.5278233 1.5278233 1.4430226 1.4860339 1.4847866 1.3644908 1.6419702 1.1362839 1.4175471 1.4175471 1.4249200 1.4117606 2.2898729 2.2898729 1.4384201 1.2720526 1.0700934 1.6941389 3.1591550 1.5142777 1.0405557 2.0265170 1.9567329 1.8116424 1.9687922 2.1043194 1.8479730 3.1737994 1.7647482 1.6833601 1.6911841 2.2783815 2.0208709 2.1002063 1.8867864 1.8867864 2.0628382 1.9199032 2.1932190 3.1806482 
Emue_Em0039g30a.t1                                    0.0000010 0.0000000 0.1589869 0.1205748 0.3632084 0.6171690 0.8612550 0.7295518 0.7203110 0.6144421 0.4812838 0.6668229 1.0977318 0.9181406 0.9546562 0.9902291 1.9008527 1.1050644 1.0105456 1.0787919 1.1020199 1.0521320 1.0288061 1.1809795 1.0566187 1.0466591 1.1380019 1.0656591 1.0881691 1.4756675 0.9067921 0.9352147 0.7856171 0.9532000 0.9686951 0.9575497 0.8505110 1.0116745 0.9397160 1.0696554 1.0694155 1.2863296 1.2304373 1.2097252 1.1793209 1.1679820 1.1697633 1.2072205 1.2072205 1.1103472 1.1165849 1.1527767 1.1388918 1.1617479 1.1030355 1.0778809 1.1675200 1.7133227 2.3784928 2.0339238 1.3657475 1.5059394 1.6715255 1.5275155 1.4590518 1.4590518 1.8813393 1.8813393 1.5278233 1.5278233 1.4430226 1.4860339 1.4847866 1.3644908 1.6419702 1.1362839 1.4175471 1.4175471 1.4249200 1.4117606 2.2898729 2.2898729 1.4384201 1.2720526 1.0700934 1.6941389 3.1591550 1.5142777 1.0405557 2.0265170 1.9567329 1.8116424 1.9687922 2.1043194 1.8479730 3.1737994 1.7647482 1.6833601 1.6911841 2.2783815 2.0208709 2.1002063 1.8867864 1.8867864 2.0628382 1.9199032 2.1932190 3.1806482 
Spolac_c102931_g1_i1_m.31702c102931-g1                0.1589869 0.1589869 0.0000000 0.0000010 0.1087619 0.6354378 0.8458737 0.7327029 0.7341633 0.5757185 0.4372545 0.6577567 1.0442408 0.8571964 0.8996003 0.9774756 1.9812229 1.1049809 0.9539514 0.9715849 1.0599534 1.0441149 1.0277619 1.0977421 1.0392264 1.0196388 1.1105606 1.0578707 1.0238718 1.2520355 0.8881366 0.9177730 0.8087483 0.9379206 0.9512095 0.9339482 0.8195965 0.9716488 0.8953831 1.0166402 1.0182330 1.3840333 1.2102706 1.1931833 1.1432369 1.1321140 1.1273447 1.1416260 1.1416260 1.0689503 1.0996806 1.1018414 1.1103108 1.0606704 1.0765839 1.0512727 1.0811615 1.5118789 2.0710880 1.6872853 1.2595817 1.3389022 1.4902078 1.4323619 1.3689162 1.3689162 1.6750077 1.6750077 1.4038553 1.4038553 1.3556410 1.4732268 1.4742946 1.3629329 1.6914496 1.1367204 1.3419587 1.3419587 1.3489131 1.3395174 1.9723493 1.9723493 1.3303483 1.2204859 1.0532442 1.5969092 2.5778342 1.4556931 1.0872403 1.9589165 1.9142763 1.8152380 1.8694721 2.0406900 1.8114842 2.8157208 1.8120408 1.7135094 1.6261599 2.2043793 1.9642409 2.0401089 1.8391449 1.8391449 2.0123021 1.8434934 2.0699333 2.9860128 
Spolac_c102931_g1_i2_m.31706c102931-g1                0.1205748 0.1205748 0.0000010 0.0000000 1.8276997 0.6272674 0.7825463 0.6268395 0.7190514 0.5330694 0.5377327 0.7465223 1.0149188 0.7399016 0.8917696 0.8978170 0.0000010 1.2502623 0.9434434 0.8976844 0.9134647 1.0494035 1.0017148 1.2450323 0.9824015 1.0208972 1.0749061 1.0175631 0.9293208 0.0000010 0.7835269 0.8203820 0.8384633 0.8512212 0.7963649 0.8288666 0.5094609 0.9762257 0.8119326 1.0029725 1.0220027 1.3726056 1.1702775 1.1242635 1.0925607 1.0925607 1.0818393 1.0540527 1.0540527 0.9699109 1.0150568 1.0069133 1.0916108 0.6721616 0.9775215 0.9200500 0.9862766 3.7077839 0.0000010 0.0000010 1.1503255 1.0818027 0.0000010 1.5284707 1.3665710 1.3665710 2.7395130 2.7395130 1.4798582 1.4798582 1.3281032 1.5359968 1.5384073 1.4448705 1.6914496 1.2184639 1.3889449 1.3889449 1.4046249 1.3889449 8.9999987 8.9999987 1.3805139 1.1201725 1.1201725 1.4591197 0.0000010 1.3552281 1.0872403 1.8178762 1.8461768 1.7702110 1.9145509 1.7680642 1.6913560 0.0000010 1.5494489 1.6762360 1.4244971 1.8277469 1.6231696 1.6343856 1.4815837 1.4815837 1.7115314 1.3665320 1.6177915 1.3861333 
Spolac_c102931_g1_i3_m.31708c102931-g1                0.3632084 0.3632084 0.1087619 1.8276997 0.0000000 2.3568830 2.0410886 1.9280515 2.4231754 1.8375104 4.5809394 8.9999986 2.4061074 2.0006177 2.3252569 2.6322577 2.3672434 2.5843912 2.0791129 2.7872305 3.1939510 2.6490450 2.1668865 2.1159493 2.3564059 2.2038526 2.6821813 2.5891657 2.3356087 5.2281383 2.1187767 2.0671474 8.4257741 2.0778652 2.2293756 2.2293756 2.0470639 2.2833041 2.7459505 2.4747336 2.4572595 9.0000000 2.5901630 2.6099318 2.4667392 2.4331015 2.4094116 2.4597165 2.4597165 2.7433628 3.0307738 2.5947227 2.6219805 2.4480259 2.2865763 2.1799196 2.9237197 2.4171214 2.4171214 2.0658342 2.3682818 2.2440558 2.2440558 2.4635246 2.5334389 2.5334389 2.4270034 2.4270034 2.4270034 2.4270034 2.9776780 2.7757246 2.7766723 8.9999989 8.9999989 9.0000000 2.4024576 2.4024576 2.4024576 8.9999980 2.0937940 2.0937940 2.3118138 2.4673163 9.0000000 2.9023428 3.1809161 2.5389405 8.9999988 3.2702393 3.4311769 2.9766923 4.3275530 8.9999989 3.4036089 2.8982157 4.2103228 3.5600074 3.4891454 4.5476020 4.2451692 4.3228848 3.6951595 3.6951595 3.6801679 3.0252305 4.4033467 3.3489234 
Aque_Aqu2.1.01257_001                                 0.6171690 0.6171690 0.6354378 0.6272674 2.3568830 0.0000000 0.0219425 0.3662935 0.3415271 0.4731773 0.5582494 0.9790899 0.9764216 1.3823942 1.0206580 1.1295225 0.0000010 1.5286496 1.3266589 0.9440148 1.1291653 1.1078452 1.1277359 0.9386169 0.9682927 1.0272236 1.0912310 0.9674381 0.8944555 0.0000010 0.8649780 0.9093833 0.9163571 0.8892391 0.8614206 0.8614206 0.7073914 0.9404090 0.8550356 1.0727809 1.1161836 1.1602390 1.0164691 1.0061365 1.0114344 1.0114344 1.0136293 1.0153400 1.0153400 1.0108837 1.1549792 1.1417004 1.1842952 0.0000010 1.1340698 1.1340698 0.9505773 0.0000010 0.0000010 0.0000010 1.6250896 0.0000010 0.0000010 1.5969063 1.5959118 1.5959118 0.0000010 0.0000010 1.5752412 1.5752412 1.4201963 1.5329598 1.5502147 1.5551181 1.5011157 1.4830001 1.4571636 1.4571636 1.4857779 1.4571636 9.0000000 9.0000000 1.4533570 1.3242314 1.3242314 1.3729796 0.0000010 1.2338594 0.8964655 1.7133555 1.7543554 1.8139804 1.7796590 1.6750297 1.6237372 0.0000010 1.5977862 1.5944400 1.5538311 1.8878828 1.9735344 1.6806695 1.5334999 1.5334999 1.8081198 1.4860244 1.4232648 3.5103419 
Aque_Aqu2.1.31222_001                                 0.8612550 0.8612550 0.8458737 0.7825463 2.0410886 0.0219425 0.0000000 0.3462463 0.4777856 0.7276642 0.5384253 0.7707537 1.1299260 1.0516397 0.9952550 1.1082952 1.6210676 1.1149236 1.0616775 1.0175345 1.1102739 0.9840746 1.0749967 1.0815514 1.0917498 1.0799174 1.1127857 1.0595226 1.0866950 1.2041929 0.9286681 0.9499201 0.9503438 0.9675372 0.9644638 0.9450124 0.8878604 1.0147391 0.9561779 1.1193766 1.1183600 1.4581906 1.2537658 1.2384114 1.2375409 1.2387791 1.2020362 1.1957529 1.1957529 1.1571263 1.1500150 1.1795801 1.1705124 1.0953562 1.1320640 1.1270793 1.2345965 1.6044781 2.0211503 1.8196411 1.4049366 1.3791825 1.6069790 1.5304369 1.4693845 1.4693845 1.7156437 1.7156437 1.4546831 1.4546831 1.3815180 1.4545345 1.4579822 1.5680794 1.7600101 1.4210337 1.4031363 1.4031363 1.4103712 1.3856249 1.8915951 1.8915951 1.3838999 1.3964589 1.1985843 1.6921612 2.5072101 1.4861961 1.1115839 2.0671821 2.0229835 1.8215156 1.9489916 2.1440206 1.8666411 3.2397893 1.9238496 1.8031946 1.8518806 2.3049480 2.1064568 2.1273715 1.9684389 1.9684389 2.0738507 1.9274105 2.0697188 3.4306228 
Halamb_c54568_g2_i1m.38643                            0.7295518 0.7295518 0.7327029 0.6268395 1.9280515 0.3662935 0.3462463 0.0000000 0.3537804 0.6730449 0.5263311 0.7836867 1.0485092 0.9590712 0.9795691 1.0290325 1.5721986 1.0268962 0.9454936 0.9418216 0.9648318 0.9019665 1.0091461 1.0119714 1.0203435 1.0407553 1.0645616 1.0078075 1.0271530 1.2479007 0.9006093 0.9308034 0.8621051 0.8941929 0.8890382 0.8739601 0.8594174 0.9533410 0.8669046 1.0124822 1.0323974 1.3030015 1.2061557 1.1870215 1.1567175 1.1579266 1.1039222 1.1225509 1.1225509 1.1518078 1.1008357 1.1453248 1.1353901 1.1096400 1.0546418 1.0429210 1.1491716 1.5997968 2.0554178 1.8531483 1.3686170 1.4316582 1.7135389 1.4757998 1.4502543 1.4502543 1.7133564 1.7133564 1.4321630 1.4321630 1.3816181 1.4438479 1.4440281 1.3999723 1.6970901 1.2276532 1.4187038 1.4187038 1.4259770 1.4131807 2.1214615 2.1214615 1.3852912 1.2557769 1.1233455 1.6044122 2.4586989 1.5584289 1.0095208 2.1541043 2.0479771 1.7818261 2.0127571 2.1453332 1.8204240 2.9475908 1.9283184 1.8057104 1.8310992 2.3165302 2.1045994 2.1118981 2.0200752 2.0200752 2.0519405 1.8877397 2.0588417 3.3162993 
Xestes_maker-XT_scaffold1920-augustus-gene-0.9-mRNA-1 0.7203110 0.7203110 0.7341633 0.7190514 2.4231754 0.3415271 0.4777856 0.3537804 0.0000000 0.6861177 0.6548179 0.9400839 1.0868724 0.9494857 1.0793676 1.1807275 0.0000010 1.4487884 1.2081597 0.9024017 1.2443196 1.2494645 1.1522051 0.9167650 0.9503076 1.0628339 1.1712383 1.0391723 1.0722293 0.0000010 1.1375152 1.1384325 1.1026984 1.0615808 1.1417801 1.2059772 0.6501168 1.1758083 0.9391912 1.2011776 1.1381188 1.4366631 1.2496077 1.2247934 1.2110587 1.2110587 1.1410789 1.1604047 1.1604047 1.2481848 1.2204464 1.0554769 1.3441976 0.0000010 1.1622324 1.1209809 1.0878505 0.0000010 0.0000010 0.0000010 1.1560680 0.6375256 0.0000010 1.6041338 1.4066848 1.4066848 3.3590979 3.3590979 1.4027915 1.4027915 1.4178944 1.5760289 1.5789682 1.5772659 1.7482144 1.3311628 1.6899662 1.6899662 1.7173584 1.6899662 9.0000000 9.0000000 1.6368468 1.2035423 1.2035423 1.6105261 0.0000010 1.4569280 1.1651658 1.8953791 2.0040154 1.7528213 1.7106599 2.0535143 1.7491377 0.0000010 1.5807901 1.7122613 1.9082423 1.9142622 1.8280904 1.7142082 1.4703988 1.4703988 1.6694971 1.2993216 1.2238775 2.6367086 
Tetwil_g25011.t1                                      0.6144421 0.6144421 0.5757185 0.5330694 1.8375104 0.4731773 0.7276642 0.6730449 0.6861177 0.0000000 0.3542255 0.7289226 1.0567756 0.9355960 0.9095374 0.9899614 1.6688862 1.1085491 0.9546661 0.9908435 0.9827083 1.0318922 1.0191898 1.0737445 1.0415569 1.0569081 1.1899607 1.1199015 1.0745411 1.4252815 0.8416629 0.8911563 0.7581613 0.8711190 0.9146303 0.9023330 0.7930227 0.9593729 0.8841877 0.9943283 1.0016928 1.2869062 1.1586864 1.1592639 1.1000188 1.1021350 1.1435218 1.1055285 1.1055285 1.0564088 1.0304714 1.0368696 1.0765688 0.9952259 0.9902240 0.9702230 1.0938224 1.4402933 1.9165187 1.7843650 1.2984028 1.3341470 1.5496000 1.4418741 1.3720930 1.3720930 1.6192808 1.6192808 1.3916456 1.3916456 1.3451355 1.4541232 1.4546984 1.5405435 1.8888446 1.2434933 1.3354351 1.3354351 1.3421626 1.3480707 1.9165473 1.9165473 1.3442253 1.2286866 1.0333481 1.5906256 2.4912382 1.5544362 1.1963365 1.8892241 1.8893432 1.7059634 1.7674604 1.9299628 1.6434307 2.3992628 1.8319871 1.7163626 1.7123197 2.0360239 1.9285982 1.9708621 1.8630417 1.8630417 2.0007473 1.9411782 1.9165027 2.7814576 
Stycar_maker-SC_scaffold3903-augustus-gene-0.8-mRNA-1 0.4812838 0.4812838 0.4372545 0.5377327 4.5809394 0.5582494 0.5384253 0.5263311 0.6548179 0.3542255 0.0000000 0.6410996 0.7690384 0.6732992 0.7273182 0.7904428 0.0000010 0.8593981 0.8067041 0.6900017 0.8522001 0.8207959 0.8711021 0.8094736 0.8584217 0.8528080 0.9226564 0.8824917 0.8378595 0.8716514 0.6902465 0.7134589 0.7292140 0.7183469 0.7419686 0.7325084 0.5797082 0.8152640 0.7086726 0.8527811 0.7768792 1.1660297 0.9975858 0.9971649 0.9680592 0.9680592 0.9498595 0.9512486 0.9512486 0.8917584 0.8412884 0.7730920 0.8864012 0.6240719 0.8317343 0.8310618 0.8795869 1.0254459 2.1293151 1.3160052 1.0775374 0.9178915 1.0003785 1.3052791 1.1622432 1.1622432 1.0666978 1.0666978 1.1483892 1.1483892 1.1974512 1.3856698 1.3868939 1.4732653 1.7417672 1.2686978 1.1742131 1.1742131 1.1824147 1.1742131 2.4017043 2.4017043 1.2845592 1.0105531 1.0162019 1.4271310 0.0000010 1.3934705 1.2070856 1.7211909 1.7541878 1.5744440 1.6422361 1.6168040 1.6663685 0.0000010 1.6720628 1.5719950 1.5504308 1.9270622 1.7157955 1.7586918 1.5760703 1.5760703 1.6716924 1.5963668 1.6316554 1.9908775 
Plespi_Pspi_C604336_01                                0.6668229 0.6668229 0.6577567 0.7465223 8.9999986 0.9790899 0.7707537 0.7836867 0.9400839 0.7289226 0.6410996 0.0000000 0.9474134 0.7422919 0.8410803 0.8607895 0.0000010 0.9799728 0.8891605 0.8153314 0.9612809 0.9150567 0.9940886 0.9617162 1.0277817 1.0140448 0.9710824 0.9443029 0.9511030 0.0000010 0.7993190 0.7841316 0.8864394 0.7611953 0.7959468 0.7833364 0.7015542 0.8510862 0.7603301 0.8705987 0.7874128 1.2822506 1.1060177 1.0856813 1.0978086 1.0978086 1.0985587 1.0615581 1.0615581 1.0399166 0.9660436 0.9960767 0.9528844 0.6854592 0.9121480 0.9181430 0.9397576 1.0361205 9.0000000 0.0000010 0.9536896 0.7998239 0.9004004 1.1890456 1.0798391 1.0798391 1.2474185 1.2474185 1.1247379 1.1247379 1.0848186 1.1774788 1.1854370 1.1871798 1.2352578 1.0335688 1.1703484 1.1703484 1.1704358 1.1703484 8.9999988 8.9999988 1.1437979 0.9310894 0.9310894 1.4483573 0.0000010 1.3170820 1.6244408 1.6890084 1.7202751 1.4774915 1.6135788 1.7735818 1.7596510 0.0000010 1.6440983 1.4307077 1.4744401 1.7110286 1.6470435 1.6546250 1.5457386 1.5457386 1.7179685 1.6526739 1.7565017 3.2067212 
Bralan_BLAG07101643_3                                 1.0977318 1.0977318 1.0442408 1.0149188 2.4061074 0.9764216 1.1299260 1.0485092 1.0868724 1.0567756 0.7690384 0.9474134 0.0000000 0.4259638 0.5242061 0.5879346 0.4501810 0.6338942 0.5738771 0.6016818 0.6885371 0.6816810 0.7364642 0.7790336 0.8561672 0.8488317 0.9097532 0.9198623 0.8920453 1.6525748 0.6785106 0.6662007 0.7046279 0.6999329 0.7194750 0.7214578 0.6477962 0.7317154 0.7979042 0.8249079 0.8735049 1.2469057 0.9592524 0.9630099 0.9210949 0.9170578 0.9221535 0.9148666 0.9148666 1.1090024 1.0690620 1.0467482 1.1501180 0.9085325 0.9866793 0.9907845 0.9581806 1.1218561 1.3886452 1.2070542 1.1504730 1.0414798 1.1438758 1.3351765 1.2817883 1.2817883 1.2789681 1.2789681 1.2533434 1.2533434 1.2257586 1.3331830 1.3302987 1.5879738 1.8442949 1.3683929 1.3240906 1.3240906 1.3311973 1.3584180 1.3698480 1.3698480 1.2801999 1.0975685 1.0695243 1.4218537 2.1265479 1.4059998 0.9592174 1.7415408 1.8627414 1.5187725 1.6316275 1.8178097 1.6307867 2.3893720 1.7336748 1.5355818 1.6483646 2.2575908 1.7963000 1.7965421 1.6596429 1.6596429 1.6718778 1.7500405 1.9199844 2.3824979 
Skow_XM_002738692.2                                   0.9181406 0.9181406 0.8571964 0.7399016 2.0006177 1.3823942 1.0516397 0.9590712 0.9494857 0.9355960 0.6732992 0.7422919 0.4259638 0.0000000 0.4576425 0.4542469 0.4966325 0.4526189 0.5178526 0.5311303 0.5742450 0.5835109 0.6278289 0.7433127 0.7728457 0.7278521 0.7628848 0.7356116 0.7240768 1.3983999 0.6138127 0.6219752 0.5788570 0.6370158 0.6393778 0.6124763 0.6451742 0.5971512 0.6728653 0.6994534 0.7209732 1.2841217 0.8862394 0.8836831 0.8708085 0.8662900 0.8442741 0.8562991 0.8562991 0.9710680 0.9757652 1.0343205 1.0435780 0.8865566 0.8037387 0.8079384 0.8466814 1.1537019 1.3533238 1.2462131 1.1360187 1.0684398 1.1415292 1.2727256 1.2616695 1.2616695 1.2473210 1.2473210 1.2036616 1.2036616 1.2254594 1.3110678 1.3209487 1.4009159 2.1408248 1.2681417 1.1994047 1.1994047 1.1994047 1.2202957 1.2302094 1.2302094 1.2046973 1.2137222 1.2272847 1.4961442 1.8688230 1.3778975 4.0643115 1.5971355 1.6453769 1.5275352 1.4911111 1.7322043 1.6638837 2.3375036 1.7011331 1.4883137 1.5007236 2.1865297 1.7658986 1.7297331 1.7843169 1.7843169 1.7886140 1.9508082 1.9895627 2.2152543 
Acagra_model.g28954.t1                                0.9546562 0.9546562 0.8996003 0.8917696 2.3252569 1.0206580 0.9952550 0.9795691 1.0793676 0.9095374 0.7273182 0.8410803 0.5242061 0.4576425 0.0000000 0.3764340 0.5042947 0.6216006 0.5993848 0.5991879 0.5627837 0.5991743 0.6983243 0.7765682 0.8142561 0.8230239 0.8577502 0.8558053 0.8719096 1.0791187 0.6943862 0.6846747 0.6643238 0.7124975 0.7294708 0.7215184 0.6820727 0.7090259 0.7460181 0.7692679 0.7535281 1.1231100 0.8949098 0.9063940 0.8926393 0.8922595 0.8703064 0.8490055 0.8490055 0.9229613 0.9068406 0.9322557 0.9762069 0.7986079 0.9521290 0.9481285 0.9683156 1.1973069 1.3931528 1.1964195 1.1862500 1.1997269 1.2467778 1.3770987 1.2629968 1.2629968 1.3256469 1.3256469 1.2417409 1.2417409 1.2950161 1.4267784 1.4233833 1.4571019 1.7968490 1.2128189 1.3123549 1.3123549 1.3125048 1.3172771 1.3807939 1.3807939 1.2771184 1.1638316 1.1114717 1.4671564 1.9218892 1.3637930 0.6948691 1.7611119 1.7439365 1.5161026 1.5721593 1.8315688 1.6573892 2.4205369 1.6879017 1.5784623 1.7310967 2.1634917 1.6647873 1.8136502 1.8457264 1.8457264 1.8767441 1.8194125 1.9269239 2.0981376 
Cgig_XM_011453388.3                                   0.9902291 0.9902291 0.9774756 0.8978170 2.6322577 1.1295225 1.1082952 1.0290325 1.1807275 0.9899614 0.7904428 0.8607895 0.5879346 0.4542469 0.3764340 0.0000000 0.5752727 0.6260717 0.6339803 0.5911823 0.5873030 0.6498315 0.6747234 0.8469887 0.9087453 0.8280975 0.8585583 0.8385695 0.8916185 1.2869551 0.7362212 0.7344952 0.6819423 0.7510884 0.7895144 0.7836262 0.6928953 0.8103300 0.7841179 0.8921346 0.8535360 1.1264073 0.8923730 0.9169461 0.8977585 0.8986532 0.8704392 0.8511232 0.8511232 0.9860615 0.9668115 0.9845156 1.0444426 0.8857918 1.0006711 0.9928837 0.9868988 1.1064692 1.2983047 1.1597369 1.1546945 1.0871361 1.1439846 1.2783333 1.2110864 1.2110864 1.2088072 1.2088072 1.1716011 1.1716011 1.2235891 1.3501994 1.3649976 1.4412168 1.6800439 1.2826115 1.2137453 1.2137453 1.2138317 1.2359084 1.2725088 1.2725088 1.1993909 1.2304468 1.1954978 1.5291860 2.0643068 1.4173896 0.6832388 1.7399147 1.8068402 1.5174844 1.6043221 1.9453447 1.5467628 1.9491325 1.6308427 1.6319744 1.6424532 2.0680703 1.6737407 1.7771764 1.7408930 1.7408930 1.6991655 1.9638867 1.9365456 2.0310163 
Cscu_XM_023372588.1                                   1.9008527 1.9008527 1.9812229 0.0000010 2.3672434 0.0000010 1.6210676 1.5721986 0.0000010 1.6688862 0.0000010 0.0000010 0.4501810 0.4966325 0.5042947 0.5752727 0.0000000 0.0000010 0.8452230 1.0912353 0.7897233 0.5766753 0.5906344 0.9819671 0.9384363 0.7934937 1.0692947 1.0554184 1.0067581 2.0738798 0.7164183 0.7371290 0.0000010 0.7037435 0.6918599 0.6918599 0.7105375 0.8202345 1.1057868 0.8678414 1.0249102 0.0000010 0.8564232 0.8505222 0.7793149 0.7637564 0.8531114 0.8907084 0.8907084 1.3275982 1.4743930 1.6117764 1.4773033 1.4187578 1.3149519 1.3149519 1.3368395 1.3930735 1.3930735 1.3387552 1.3769444 1.3769444 1.3769444 1.4263248 1.3479155 1.3479155 1.3479155 1.3479155 1.3479155 1.3479155 1.2779613 1.3352939 1.3563801 0.0000010 0.0000010 0.0000010 1.2800620 1.2800620 1.2800620 1.8748495 1.2800620 1.2800620 1.1779798 1.3225094 0.0000010 1.9375951 1.9590062 1.7531857 0.0000010 2.3791520 2.7766583 2.0306526 2.2067765 5.5927144 2.6247163 2.5135904 2.5678646 2.6788593 2.6392132 3.7761039 2.7573104 2.6138546 3.0208473 3.0208473 2.7592167 2.5967715 2.8325096 2.1709728 
Cscu_XM_023372571.1                                   1.1050644 1.1050644 1.1049809 1.2502623 2.5843912 1.5286496 1.1149236 1.0268962 1.4487884 1.1085491 0.8593981 0.9799728 0.6338942 0.4526189 0.6216006 0.6260717 0.0000010 0.0000000 0.7021986 0.6445223 0.6985183 0.6095932 0.6375525 0.9257963 0.9589252 0.9150870 1.0009212 0.9958873 0.9739438 1.2978733 0.8334704 0.8244077 0.8257854 0.8326049 0.8549835 0.8391841 0.6646236 0.8381589 0.8717560 0.9765936 0.9211438 1.9492769 0.9959270 1.0047444 0.9586746 0.9543439 0.9785139 0.9456845 0.9456845 1.0423154 1.0620078 1.1133948 1.1299491 0.8998889 1.0424723 1.0340479 1.0453505 1.2161629 1.3280460 1.2397810 1.1552427 1.1615869 1.2502646 1.3981397 1.2799992 1.2799992 1.2443891 1.2443891 1.1862316 1.1862316 1.2635719 1.3862206 1.3863173 1.6447102 2.3566385 1.2363170 1.3711631 1.3711631 1.3642818 1.4383007 1.3239810 1.3239810 1.2888198 1.2043978 1.2636002 1.6639449 1.9276373 1.5371146 2.7845144 1.9787903 2.0899349 1.6318305 1.6641869 2.0629957 1.8924904 2.5135904 1.8727899 1.7344409 1.8921038 2.5678774 2.0214376 2.1453503 2.0902815 2.0902815 2.0661718 2.0286645 2.1542219 2.0047074 
Spur_XM_030975093.1                                   1.0105456 1.0105456 0.9539514 0.9434434 2.0791129 1.3266589 1.0616775 0.9454936 1.2081597 0.9546661 0.8067041 0.8891605 0.5738771 0.5178526 0.5993848 0.6339803 0.8452230 0.7021986 0.0000000 0.6682276 0.6469047 0.7861417 0.8260949 0.7834654 0.8170784 0.8140328 0.8826256 0.8290785 0.8419615 1.3639948 0.6559885 0.6728311 0.6843447 0.6991518 0.7130213 0.6887225 0.6681021 0.6768517 0.7454065 0.7747737 0.7784979 1.2293363 0.8788550 0.8822304 0.8629227 0.8597783 0.8793038 0.8531718 0.8531718 1.0782326 1.0347798 1.0621963 1.0596854 0.9649528 0.9611672 0.9595249 1.0900861 1.1879489 1.3930700 1.2420350 1.1754529 1.1124564 1.1280842 1.3652941 1.2424595 1.2424595 1.1583750 1.1583750 1.1735819 1.1735819 1.3254089 1.3705695 1.3563964 1.4517378 1.8825096 1.2154103 1.3256187 1.3256187 1.3257867 1.3666688 1.3592104 1.3592104 1.3022279 1.2240505 1.2259960 1.5308316 2.1068933 1.4478688 0.7306773 1.7336273 1.8486377 1.6491957 1.6393952 1.9503678 1.7111982 2.3697491 1.6966905 1.6037298 1.6000133 1.9672332 1.7952609 1.7247504 1.7749989 1.7749989 1.7858981 1.8743949 2.0330004 2.1678487 
Hsap_ENST00000621317                                  1.0787919 1.0787919 0.9715849 0.8976844 2.7872305 0.9440148 1.0175345 0.9418216 0.9024017 0.9908435 0.6900017 0.8153314 0.6016818 0.5311303 0.5991879 0.5911823 1.0912353 0.6445223 0.6682276 0.0000000 0.6739068 0.6637903 0.7142274 0.8291678 0.8724208 0.8373396 0.9494836 0.9383545 0.8898615 1.5475052 0.7598849 0.7505300 0.6492095 0.7337415 0.8226342 0.8080293 0.7212332 0.7803547 0.7424226 0.8687035 0.8358977 1.2916322 0.9467801 0.9606648 0.9444917 0.9412551 0.9041000 0.9090239 0.9090239 1.0160054 1.0345159 1.1015750 1.0963448 0.8751295 0.8894332 0.8949183 0.9434970 1.2339551 1.5764079 1.3862651 1.2040182 1.1896254 1.3402028 1.3245130 1.2969518 1.2969518 1.4461039 1.4461039 1.2586658 1.2586658 1.1835796 1.3130972 1.3082308 1.2715179 1.5033972 1.1964212 1.2490273 1.2490273 1.2546923 1.2458170 1.5387549 1.5387549 1.2478556 1.1564641 1.0755996 1.4150258 2.3112518 1.4145441 1.3157780 1.8774078 1.9291003 1.4647909 1.5477721 1.7366647 1.7441574 2.4235184 1.8051840 1.6644384 1.6750646 2.2713777 1.7843075 1.7810834 1.6991097 1.6991097 1.8104129 1.8895719 2.0176412 2.1292456 
Ctel_gnl_WGS_AMQN_CAPTEDRAFT_mRNA149947               1.1020199 1.1020199 1.0599534 0.9134647 3.1939510 1.1291653 1.1102739 0.9648318 1.2443196 0.9827083 0.8522001 0.9612809 0.6885371 0.5742450 0.5627837 0.5873030 0.7897233 0.6985183 0.6469047 0.6739068 0.0000000 0.7182509 0.7570724 0.9085135 0.9357678 0.9156530 1.0014124 0.9856712 0.9669277 1.7397931 0.8592743 0.8582815 0.8222328 0.8714352 0.8532451 0.8650070 0.7942573 0.8395143 0.8656354 0.9107978 0.8585463 1.2666021 0.9808112 0.9910322 0.9764801 0.9819459 0.9791891 0.9495038 0.9495038 1.0938872 1.0278563 1.0030581 1.0663892 0.9811382 0.9996388 0.9743786 0.9997251 1.3343908 1.7931955 1.5972938 1.2525453 1.2366970 1.3950480 1.4346966 1.4035908 1.4035908 1.5297907 1.5297907 1.3584200 1.3584200 1.3442947 1.3917790 1.3870405 1.4779259 1.7732507 1.2141436 1.3747580 1.3747580 1.3749513 1.3460736 1.7497035 1.7497035 1.3190779 1.2776295 1.1454554 1.5935820 2.2458183 1.4329358 1.0558246 1.9028920 1.8409191 1.6402864 1.5676196 1.9455854 1.7333327 2.5226270 1.7797113 1.6395812 1.7544164 2.4091349 1.9670551 2.0664559 2.0349481 2.0349481 2.0541762 1.9339932 2.0993714 2.4397501 
Tcas_TC005070_001                                     1.0521320 1.0521320 1.0441149 1.0494035 2.6490450 1.1078452 0.9840746 0.9019665 1.2494645 1.0318922 0.8207959 0.9150567 0.6816810 0.5835109 0.5991743 0.6498315 0.5766753 0.6095932 0.7861417 0.6637903 0.7182509 0.0000000 0.6493974 0.9202098 0.9282572 0.9975736 0.9262819 0.8988190 0.9467076 1.2616948 0.8306878 0.8415969 0.8345317 0.8377059 0.8731862 0.8610106 0.8026957 0.8372532 0.8347471 0.9271367 0.9212896 1.6850927 1.0890263 1.0905598 1.0676525 1.0687935 1.0572887 1.0452563 1.0452563 1.0729534 1.0594374 1.1325718 1.1153738 0.9080882 0.9646276 0.9599711 0.9923997 1.1038543 1.1829654 1.1045157 1.1510776 1.0527385 1.1574213 1.2804859 1.2033164 1.2033164 1.1281659 1.1281659 1.1365936 1.1365936 1.1981188 1.2288492 1.2482407 1.5332402 1.9626547 1.3351527 1.2722369 1.2722369 1.2790760 1.3183093 1.2877347 1.2877347 1.2713633 1.0781822 1.1254574 1.4967111 1.7166221 1.4903344 1.3508770 1.8971353 1.9463974 1.4784956 1.5982940 1.9919218 1.8132108 2.1107844 1.7640508 1.8423963 1.7268394 2.2328608 1.7555084 1.8687303 1.8411414 1.8411414 1.9686943 1.8642993 1.9181864 2.3292180 
Dpul_mRNA14828                                        1.0288061 1.0288061 1.0277619 1.0017148 2.1668865 1.1277359 1.0749967 1.0091461 1.1522051 1.0191898 0.8711021 0.9940886 0.7364642 0.6278289 0.6983243 0.6747234 0.5906344 0.6375525 0.8260949 0.7142274 0.7570724 0.6493974 0.0000000 0.9914151 0.9079243 0.9432831 1.0957168 1.0623005 1.0311246 1.5095990 0.8905381 0.9041293 0.8917966 0.8815165 0.9385219 0.9260914 0.7743627 0.9022653 0.8865338 0.9767204 0.9993357 1.7612689 1.0913766 1.1108917 1.0789068 1.0743877 1.0750252 1.0722903 1.0722903 1.1404318 1.0999977 1.1659144 1.1451501 1.0662988 1.0612055 1.0489620 1.1168497 1.1871427 1.4771153 1.3699364 1.1621977 1.1333736 1.2404437 1.3603905 1.2064654 1.2064654 1.2374593 1.2374593 1.1739929 1.1739929 1.2732477 1.3576395 1.3507442 1.6369990 2.2655218 1.2590996 1.2421775 1.2421775 1.2489675 1.2868202 1.3638969 1.3638969 1.2833679 1.1865089 1.1432635 1.6482684 1.9824985 1.6394702 1.4506962 1.9528015 1.9608980 1.5995612 1.6345701 2.0717568 1.7714643 2.1578735 1.8744429 1.6915301 1.7447924 2.2338824 1.7872143 2.0077295 1.8875963 1.8875963 2.0195734 2.0141577 1.9930778 2.1697539 
Morvir_scaffold371.g8.t1                              1.1809795 1.1809795 1.0977421 1.2450323 2.1159493 0.9386169 1.0815514 1.0119714 0.9167650 1.0737445 0.8094736 0.9617162 0.7790336 0.7433127 0.7765682 0.8469887 0.9819671 0.9257963 0.7834654 0.8291678 0.9085135 0.9202098 0.9914151 0.0000000 0.4784683 0.5563833 0.5679903 0.5234827 0.5367050 0.6129476 0.5469341 0.5333073 0.6563908 0.5845218 0.6054195 0.6013468 0.5452646 0.6333684 0.6301821 0.7537134 0.7658757 0.9843776 1.0099355 1.0275939 1.0127512 1.0067724 0.9627136 0.9611537 0.9611537 1.2249815 1.1666156 1.1860151 1.2113864 1.0417130 1.0510532 1.0524720 1.0864301 1.3049414 1.6743530 1.4460849 1.2004997 1.1665059 1.2375122 1.4488657 1.2948370 1.2948370 1.3923212 1.3923212 1.2794643 1.2794643 1.3727863 1.4761805 1.4679189 1.6134511 1.7247933 1.2556201 1.3941187 1.3941187 1.3943524 1.3905847 1.6894067 1.6894067 1.3476829 1.2526103 1.1653892 1.5998445 2.2131193 1.4921181 1.0389700 1.8757088 1.8031572 1.7211348 1.8181398 2.0811831 1.9056300 2.7117798 1.8742520 1.8245494 1.9196017 2.1777491 1.9716941 1.8588246 1.8414074 1.8414074 1.9327557 1.8017995 2.0056381 2.7457440 
Hvul_g9412_1                                          1.0566187 1.0566187 1.0392264 0.9824015 2.3564059 0.9682927 1.0917498 1.0203435 0.9503076 1.0415569 0.8584217 1.0277817 0.8561672 0.7728457 0.8142561 0.9087453 0.9384363 0.9589252 0.8170784 0.8724208 0.9357678 0.9282572 0.9079243 0.4784683 0.0000000 0.3197530 0.6094327 0.5887819 0.5764378 0.7127999 0.6801990 0.6750480 0.8439274 0.6933552 0.7323782 0.7123461 0.6488782 0.6750837 0.6189877 0.8390364 0.7999904 1.3751976 0.9948220 0.9920761 0.9849419 0.9797932 0.9796142 0.9892188 0.9892188 1.2743844 1.2190063 1.2222656 1.2717496 1.0671247 1.1315504 1.1379885 1.1055721 1.4728185 1.8392391 1.5110864 1.3290083 1.3278405 1.4091234 1.4234139 1.3397562 1.3397562 1.4967431 1.4967431 1.3262278 1.3262278 1.3683569 1.4869792 1.4740588 1.5666143 1.7845859 1.3958978 1.4190393 1.4190393 1.4253187 1.4082820 1.7895835 1.7895835 1.3467318 1.3316412 1.2569168 1.6511959 2.2564905 1.5847677 1.3342245 1.9336528 1.9024202 1.6555851 1.7724876 2.0413811 1.7465334 2.6322511 1.7621581 1.6748324 1.7451218 2.2626038 1.8520943 1.9372631 1.8964548 1.8964548 1.9464073 1.8296871 1.8854167 2.7203851 
Chem_TCONS_00070297                                   1.0466591 1.0466591 1.0196388 1.0208972 2.2038526 1.0272236 1.0799174 1.0407553 1.0628339 1.0569081 0.8528080 1.0140448 0.8488317 0.7278521 0.8230239 0.8280975 0.7934937 0.9150870 0.8140328 0.8373396 0.9156530 0.9975736 0.9432831 0.5563833 0.3197530 0.0000000 0.6688788 0.6547169 0.6259074 0.9180208 0.6773464 0.6771557 0.8264283 0.7123185 0.7515793 0.7425589 0.6190072 0.6752297 0.6556335 0.8134818 0.7762720 1.4683684 1.0375144 1.0485085 1.0245956 1.0212054 1.0053667 1.0198988 1.0198988 1.2205856 1.2144111 1.1933666 1.1744075 1.0574180 1.1301616 1.1237608 1.0906446 1.3840898 1.6959662 1.5269007 1.2228302 1.2677457 1.2727458 1.4124871 1.3244242 1.3244242 1.4153049 1.4153049 1.3103844 1.3103844 1.3049400 1.4717539 1.4862428 1.4511646 1.8055054 1.1964326 1.3596507 1.3596507 1.3668800 1.3631320 1.7283921 1.7283921 1.3595991 1.2834468 1.1797154 1.6574111 2.1470777 1.5330477 1.5052742 1.9225449 1.9237557 1.7142888 1.8421628 2.1030370 1.6761060 2.4187944 1.7463602 1.6664767 1.8628753 2.3227731 1.9164336 2.0306614 1.9292201 1.9292201 1.9907034 1.7671391 1.9423025 2.3014734 
Nemnom_g13677.t1                                      1.1380019 1.1380019 1.1105606 1.0749061 2.6821813 1.0912310 1.1127857 1.0645616 1.1712383 1.1899607 0.9226564 0.9710824 0.9097532 0.7628848 0.8577502 0.8585583 1.0692947 1.0009212 0.8826256 0.9494836 1.0014124 0.9262819 1.0957168 0.5679903 0.6094327 0.6688788 0.0000000 0.1044017 0.4446025 0.5206353 0.6746188 0.6633016 0.8050756 0.7160170 0.7533705 0.7386550 0.6606132 0.7427633 0.7545352 0.9018916 0.8532948 1.2507366 1.0361283 1.0491507 1.0145222 1.0111269 1.0137812 1.0405705 1.0405705 1.1987445 1.2278867 1.2237039 1.2277068 1.0338064 1.0018611 1.0090609 1.2039454 1.4907091 1.9218201 1.5424849 1.3223639 1.2802877 1.3530565 1.5239619 1.4016374 1.4016374 1.4385929 1.4385929 1.3474779 1.3474779 1.4715815 1.5834641 1.5571539 1.6608033 1.9124904 1.4121540 1.4788708 1.4788708 1.4853573 1.4581459 1.9713427 1.9713427 1.4424404 1.3542086 1.2877645 1.6902879 2.2568039 1.7186365 1.9396118 2.2092225 2.1838809 1.9228283 1.8199836 2.2970141 1.8306876 2.6382237 1.8701014 1.8213393 1.7216339 2.4273871 1.8934378 1.9442471 1.8291870 1.8291870 1.9128231 1.8365355 1.9444796 2.7133500 
Rhoesc_Res_011210-T1                                  1.0656591 1.0656591 1.0578707 1.0175631 2.5891657 0.9674381 1.0595226 1.0078075 1.0391723 1.1199015 0.8824917 0.9443029 0.9198623 0.7356116 0.8558053 0.8385695 1.0554184 0.9958873 0.8290785 0.9383545 0.9856712 0.8988190 1.0623005 0.5234827 0.5887819 0.6547169 0.1044017 0.0000000 0.4237501 0.4247480 0.6340476 0.6385369 0.7588193 0.6608350 0.6980650 0.6870625 0.6092644 0.7201011 0.6999313 0.8624877 0.8301527 1.2283201 1.0504028 1.0515079 1.0354548 1.0320193 1.0269344 1.0243301 1.0243301 1.1551892 1.1756459 1.1512127 1.2126287 0.9794443 0.9803199 0.9690735 1.1633618 1.4639771 1.9525163 1.5764158 1.2753987 1.2183030 1.3083699 1.5048751 1.3568584 1.3568584 1.4163575 1.4163575 1.3003853 1.3003853 1.4152181 1.5298630 1.5167955 1.6891595 2.0138145 1.4139840 1.4323077 1.4323077 1.4386502 1.4138735 1.9271361 1.9271361 1.4073431 1.3095436 1.2339845 1.6705269 2.2299132 1.6641778 1.7339871 2.1626392 2.1436292 1.8979949 1.8034199 2.2153015 1.8023781 2.5593543 1.9092921 1.8559731 1.7240719 2.4103055 1.9149646 1.9445620 1.8706674 1.8706674 1.9496487 1.8161076 1.9816293 2.6006060 
Sanmal_Sma_025062-T1                                  1.0881691 1.0881691 1.0238718 0.9293208 2.3356087 0.8944555 1.0866950 1.0271530 1.0722293 1.0745411 0.8378595 0.9511030 0.8920453 0.7240768 0.8719096 0.8916185 1.0067581 0.9739438 0.8419615 0.8898615 0.9669277 0.9467076 1.0311246 0.5367050 0.5764378 0.6259074 0.4446025 0.4237501 0.0000000 0.6305043 0.6924675 0.6733904 0.7968710 0.7082065 0.7467867 0.7206402 0.6179487 0.7339040 0.7264194 0.8446529 0.7607544 1.1967082 1.0705126 1.0993513 1.0651454 1.0616123 1.0460327 1.0252874 1.0252874 1.2549042 1.2550612 1.2721899 1.2725741 1.0401352 1.0561221 1.0462515 1.1713008 1.4704792 1.8576153 1.5631268 1.3678425 1.3494826 1.4278147 1.5712635 1.3869429 1.3869429 1.4103276 1.4103276 1.3617546 1.3617546 1.4422567 1.5747780 1.5543919 1.6278142 1.8178848 1.3684176 1.4554451 1.4554451 1.4618729 1.4438992 1.9631048 1.9631048 1.4398544 1.3692912 1.2606012 1.6763931 2.5106875 1.6195241 1.5076975 1.9765643 1.8726593 1.7698789 1.7505272 2.1303234 1.8046151 2.2115770 1.9673634 1.7206835 1.6408851 2.2569487 1.8788163 1.9707141 1.7816010 1.7816010 1.8300418 1.9285629 2.0263877 2.6989562 
Aaur_scaffold603.g5.t1                                1.4756675 1.4756675 1.2520355 0.0000010 5.2281383 0.0000010 1.2041929 1.2479007 0.0000010 1.4252815 0.8716514 0.0000010 1.6525748 1.3983999 1.0791187 1.2869551 2.0738798 1.2978733 1.3639948 1.5475052 1.7397931 1.2616948 1.5095990 0.6129476 0.7127999 0.9180208 0.5206353 0.4247480 0.6305043 0.0000000 1.0444146 1.1045408 0.0000010 1.1365205 0.9968967 0.9968967 0.9992737 0.9710492 0.9439367 0.9592421 0.9927609 0.0000010 1.6287471 1.6056441 1.5340701 1.5340701 1.5275349 1.6538399 1.6538399 2.0779594 1.7994308 2.2226017 1.9331629 1.6016513 1.6365205 1.7191328 1.7764531 2.0977269 2.0977269 1.9531487 2.0562518 2.0562518 2.0562518 2.0823467 2.0522389 2.0522389 2.0522389 2.0522389 2.0522389 2.0522389 1.7607284 2.0623567 2.0623567 0.0000010 0.0000010 0.0000010 2.0689600 2.0689600 2.0689600 1.8017841 2.1814018 2.1814018 2.0339405 2.0211148 3.8310299 2.0615377 4.1630169 2.1947028 0.0000010 2.7831924 2.5284801 2.2408058 2.7016313 3.1177011 2.5920359 6.6176431 2.7604497 2.5015101 2.3667861 2.2222970 2.9403717 3.0168790 2.6136532 2.6136532 2.7649117 2.6011096 2.6451468 2.5553602 
Spis_XP_022799792_1                                   0.9067921 0.9067921 0.8881366 0.7835269 2.1187767 0.8649780 0.9286681 0.9006093 1.1375152 0.8416629 0.6902465 0.7993190 0.6785106 0.6138127 0.6943862 0.7362212 0.7164183 0.8334704 0.6559885 0.7598849 0.8592743 0.8306878 0.8905381 0.5469341 0.6801990 0.6773464 0.6746188 0.6340476 0.6924675 1.0444146 0.0000000 0.0447062 0.1287010 0.1192597 0.1463958 0.1389175 0.1137424 0.3799728 0.3766242 0.5952406 0.6029831 0.4065486 0.7923915 0.7878002 0.7550884 0.7523166 0.7653604 0.7658945 0.7658945 1.0583000 1.0024256 1.0422110 1.0564433 0.9842207 0.8627025 0.8726699 0.9706523 1.1155132 1.3363152 1.0952082 1.1446762 1.0718350 1.1433977 1.3081461 1.2396777 1.2396777 1.1892104 1.1892104 1.1759274 1.1759274 1.1803879 1.3554608 1.3562575 1.4660591 1.7493653 1.2663445 1.2261497 1.2261497 1.2324636 1.2492806 1.3992905 1.3992905 1.2362819 1.1468673 1.1485311 1.3713265 1.9185217 1.3444291 0.8203960 1.8100006 1.7618563 1.5562151 1.7323533 1.8484731 1.5872379 1.9690568 1.6979736 1.6412065 1.6083957 2.2809447 1.8997575 1.8409598 1.7354522 1.7354522 1.7829441 1.8362379 1.9992377 1.6301093 
Pocdam_XM_027181642.1                                 0.9352147 0.9352147 0.9177730 0.8203820 2.0671474 0.9093833 0.9499201 0.9308034 1.1384325 0.8911563 0.7134589 0.7841316 0.6662007 0.6219752 0.6846747 0.7344952 0.7371290 0.8244077 0.6728311 0.7505300 0.8582815 0.8415969 0.9041293 0.5333073 0.6750480 0.6771557 0.6633016 0.6385369 0.6733904 1.1045408 0.0447062 0.0000000 0.1331748 0.1172548 0.1497712 0.1399032 0.1174548 0.3705277 0.3729635 0.5889463 0.5897821 0.3779702 0.8198650 0.8116722 0.7786126 0.7757858 0.7832293 0.7666718 0.7666718 1.0666854 1.0031697 1.0369749 1.0569411 1.0000999 0.8878697 0.8984750 0.9669575 1.1413578 1.3814975 1.1058889 1.1688035 1.0944419 1.1602259 1.3124677 1.2491207 1.2491207 1.1993431 1.1993431 1.1830041 1.1830041 1.2036361 1.3650464 1.3658579 1.5203956 1.7767170 1.3074471 1.2316965 1.2316965 1.2380523 1.2745743 1.3632223 1.3632223 1.2387513 1.1667127 1.1560559 1.3993411 1.8921413 1.3128767 0.8482306 1.7957567 1.7489138 1.5383880 1.7502474 1.8596284 1.5624732 1.9854805 1.7010405 1.6373713 1.5985997 2.2665268 1.8754457 1.8163397 1.7027572 1.7027572 1.7793187 1.8627882 2.0056911 1.6322832 
Fspp_ffun1.m4.9751.m1                                 0.7856171 0.7856171 0.8087483 0.8384633 8.4257741 0.9163571 0.9503438 0.8621051 1.1026984 0.7581613 0.7292140 0.8864394 0.7046279 0.5788570 0.6643238 0.6819423 0.0000010 0.8257854 0.6843447 0.6492095 0.8222328 0.8345317 0.8917966 0.6563908 0.8439274 0.8264283 0.8050756 0.7588193 0.7968710 0.0000010 0.1287010 0.1331748 0.0000000 0.1022014 0.1842122 0.1687240 0.0583206 0.3601732 0.3522032 0.6675250 0.6526361 0.3344897 0.8288704 0.7989857 0.7726472 0.7726472 0.7695381 0.8065257 0.8065257 0.9708864 0.9155900 0.8727220 0.9608765 0.7597456 0.8165599 0.8169098 0.8762879 1.9621883 0.0000010 0.0000010 1.1665597 0.9782493 0.0000010 1.4850288 1.3668312 1.3668312 3.3725753 3.3725753 1.2509657 1.2509657 1.1715850 1.5113996 1.5054638 1.5045415 1.8195830 1.2462595 1.4330840 1.4330840 1.4461131 1.4330840 8.9999987 8.9999987 1.3913525 1.1226332 1.1226332 1.2121293 0.0000010 1.2265923 0.9006315 1.5531060 1.5685814 1.3721425 1.6389550 1.4030561 1.3981588 0.0000010 1.4041218 1.3964279 1.4190387 1.9764722 1.6283701 1.4507038 1.4086055 1.4086055 1.5148078 1.6655558 1.6888363 1.0117235 
Gfas_gfas1.m1.2898.m1                                 0.9532000 0.9532000 0.9379206 0.8512212 2.0778652 0.8892391 0.9675372 0.8941929 1.0615808 0.8711190 0.7183469 0.7611953 0.6999329 0.6370158 0.7124975 0.7510884 0.7037435 0.8326049 0.6991518 0.7337415 0.8714352 0.8377059 0.8815165 0.5845218 0.6933552 0.7123185 0.7160170 0.6608350 0.7082065 1.1365205 0.1192597 0.1172548 0.1022014 0.0000000 0.1306769 0.1235938 0.1330668 0.3687182 0.3846171 0.5655018 0.5990273 0.3945679 0.8176061 0.8194317 0.7798838 0.7770673 0.7906922 0.7991221 0.7991221 1.0992181 1.0092726 1.0537200 1.0800325 0.9840854 0.8851555 0.8899797 0.9824812 1.1579204 1.4481657 1.2043368 1.1931116 1.1488090 1.2346702 1.3440255 1.2731134 1.2731134 1.2587682 1.2587682 1.2123207 1.2123207 1.2005059 1.3997512 1.3961201 1.5172528 1.8477182 1.3016703 1.2817510 1.2817510 1.2882910 1.3025987 1.5153059 1.5153059 1.2460900 1.1881426 1.1388053 1.3989893 1.9523798 1.3910178 0.8562146 1.8222983 1.7450348 1.5571202 1.7002308 1.8462434 1.5663779 2.0245700 1.7390176 1.6663664 1.6638898 2.2173296 1.8921149 1.8357716 1.7110009 1.7110009 1.7962318 1.8528243 1.9771823 1.8096590 
Amil_Amillepora08835-RA                               0.9686951 0.9686951 0.9512095 0.7963649 2.2293756 0.8614206 0.9644638 0.8890382 1.1417801 0.9146303 0.7419686 0.7959468 0.7194750 0.6393778 0.7294708 0.7895144 0.6918599 0.8549835 0.7130213 0.8226342 0.8532451 0.8731862 0.9385219 0.6054195 0.7323782 0.7515793 0.7533705 0.6980650 0.7467867 0.9968967 0.1463958 0.1497712 0.1842122 0.1306769 0.0000000 0.0159713 0.1840639 0.4100788 0.4115801 0.6081634 0.6179744 0.4558615 0.8732232 0.8669297 0.8432429 0.8401974 0.8464350 0.8106378 0.8106378 1.1244915 1.0343689 1.0956899 1.1107967 1.0430255 0.9201114 0.9260211 1.0237143 1.1915388 1.5225730 1.2209040 1.1996717 1.2006497 1.2426182 1.3696389 1.2916442 1.2916442 1.3174061 1.3174061 1.2337349 1.2337349 1.2306476 1.4533681 1.4490201 1.4439413 1.6878879 1.2440893 1.2722719 1.2722719 1.2789684 1.3126749 1.4864758 1.4864758 1.2665859 1.1948224 1.1530670 1.4807043 1.9349471 1.3702876 0.7687191 1.8303642 1.7210213 1.6020958 1.7956183 1.9080511 1.6951500 2.3570102 1.8191604 1.7629858 1.7348067 2.2388727 2.0536799 1.8913586 1.8765963 1.8765963 1.9321255 1.8998879 2.0202423 1.9556902 
