104
Emue_Em0005g1223a.t1                                   0.0000000 6.2351395 6.2351395 5.3524470 4.0227328 3.9313712 5.0619779 6.1963835 5.2287283 6.9231124 4.0723240 4.5799300 4.0778378 3.6470125 4.8409675 2.8845172 2.2004348 1.7766290 3.6187371 3.7156358 2.8376643 3.6718451 3.7849799 3.8090257 4.7724158 4.3837788 3.6820980 3.7355883 3.4335353 3.4869950 3.5456105 8.9999988 4.3632850 4.8755576 4.3762873 4.2441015 4.5751351 4.0535753 4.0938489 4.1577261 4.3104864 5.1375095 3.2103568 6.1158814 4.0842207 4.1160056 2.5235196 3.7580471 3.7831874 3.8417582 3.6943978 3.7347031 3.8407295 4.3272667 4.3848932 4.2369122 4.8734283 5.3624453 5.0753170 4.3122725 5.6194608 5.8218368 5.5277291 5.7995859 5.4510533 5.1136267 3.1707413 4.5832234 3.9436293 5.6589607 4.1699592 3.5502241 3.4817076 3.0609962 4.3105585 3.9640746 3.1505624 4.6575960 5.6989584 3.7189682 3.4847784 4.0805918 3.8464896 4.2631853 4.0091368 4.7421045 5.0001332 3.9755873 4.0476498 3.5983804 3.9244645 4.7361926 4.0518555 4.4960984 3.9231492 4.4676822 4.1130663 5.0395969 4.4598013 4.1622712 3.7742276 3.0333968 6.2214139 2.8881536 
Lcom_lcpid147482                                       6.2351395 0.0000000 0.0122309 1.0913057 0.0000010 0.0000010 0.8051289 0.8051289 0.6980108 0.6776268 1.8910127 3.3150498 2.9676376 3.0117813 3.0360526 3.2199990 2.7844179 0.0000010 2.5071253 2.6751566 2.1552772 2.8067463 2.9886120 3.0471322 2.7243154 3.4190204 2.6218053 2.6962236 2.5449081 4.9415222 2.5327292 0.0000010 3.2061761 0.0000010 2.8369255 2.9570252 2.9166141 2.9375624 3.3317167 2.9467347 2.9338942 3.4837257 3.0320712 2.8617855 2.8617855 2.8617855 0.0000010 2.6883991 2.7189793 3.2523564 2.9326072 3.0850739 3.8078360 2.6541992 2.5719847 2.8782703 0.0000010 3.1519170 3.3402485 0.0000010 2.9037880 2.9037880 2.9234929 3.1850067 3.7121671 0.0000010 0.0000010 3.3156691 4.1128884 3.3429233 2.8229208 3.6880654 2.1332750 0.0000010 2.7369181 0.0000010 0.0000010 2.7369181 2.7369181 2.9120547 3.5962837 3.6348709 2.4040033 3.9275462 3.4910220 3.6870065 3.6213200 3.0744847 2.6419758 3.3777795 2.3901987 0.0000010 3.8625916 2.6068671 3.0647424 2.8120363 3.2106722 3.4910496 4.1148376 3.2400047 3.3536047 2.8403650 3.6357808 0.0000010 
Lcom_lcpid147497                                       6.2351395 0.0122309 0.0000000 1.0703693 0.0000010 0.0000010 0.7883207 0.7883207 0.6944525 0.6740155 1.8910127 3.2496444 2.9353724 2.9704884 3.0125651 3.2345847 2.8101278 0.0000010 2.4975936 2.6660900 2.1552772 2.7956688 2.9781588 3.0358804 2.7150811 3.4062095 2.6281957 2.7032334 2.5556160 4.9415222 2.5494822 0.0000010 3.2162812 0.0000010 2.8122481 2.9466040 2.8489531 2.8688317 3.3194219 2.9289210 2.9086572 3.4990985 2.9783728 2.8789092 2.8789092 2.8789092 0.0000010 2.7339027 2.7651458 3.3404324 2.9836816 3.1549489 3.8969390 2.6878804 2.5515392 2.8899195 0.0000010 3.2121593 3.4189005 0.0000010 2.9665510 2.9665510 2.9865833 3.2835246 3.7868593 0.0000010 0.0000010 3.3283653 4.1128884 3.3104014 2.8053974 3.6640591 2.1332750 0.0000010 2.7732215 0.0000010 0.0000010 2.7732215 2.7732215 2.9084503 3.5962837 3.6560899 2.3894921 3.9479668 3.5809517 3.7488499 3.5927640 3.0509651 2.6767195 3.3509140 2.3901987 0.0000010 3.9218325 2.6124161 3.0647424 2.8505607 3.0608756 3.4642801 4.1794775 3.3162629 3.3352657 2.8403650 3.6083271 0.0000010 
Scil_scict026025.1                                     5.3524470 1.0913057 1.0703693 0.0000000 0.6487467 0.9432344 0.6469745 0.6469745 0.6991027 0.8672872 0.6865745 2.3971014 2.3685928 2.2872023 2.2569711 2.2444314 2.1722515 1.4041964 1.8217444 1.9667227 1.6583305 2.0593960 2.1214555 2.0743224 2.1509922 2.3024813 2.3130035 2.4260174 1.9514683 3.6166418 2.2614855 2.0453993 2.7781754 2.0874383 2.2171923 2.1480131 2.1594135 2.3512442 2.7236084 2.2971964 2.2801112 3.9978793 2.4571588 2.4795122 2.3220497 2.3220497 2.3974713 2.2701581 2.1759562 2.2992151 2.5629171 2.1323641 2.9042638 2.3528997 2.4939719 2.0943987 3.4310285 3.1003088 2.8275507 2.4153995 2.8270063 2.7735286 2.8370576 2.9860728 3.3059366 3.0041545 0.0000010 2.5206999 1.9615674 2.5145831 2.4362630 2.3998465 1.9003045 1.5570585 2.3456602 1.7216846 1.7216846 2.3456602 2.6976854 2.4251491 7.5417667 2.7809868 2.5342609 2.9356261 2.7966869 2.6857705 2.2573968 2.3635178 2.5127741 3.0733994 2.2394596 4.1062830 2.8477396 2.7332594 2.8149042 2.6963323 2.6592528 3.1897729 2.7196725 2.8687120 2.8738194 2.4312264 3.5725299 1.2771189 
Lcom_lcpid162241                                       4.0227328 0.0000010 0.0000010 0.6487467 0.0000000 0.0000010 0.6373994 0.8614321 0.5885597 0.0000010 0.6099042 1.0999862 1.7848875 1.2335519 1.5114843 1.6131124 1.6298389 1.5438912 1.6850949 1.6483239 1.9366820 1.7901568 1.6607941 1.6405863 1.5565615 1.6906543 1.6472985 2.0008464 1.7894919 1.9832603 1.6662916 1.7078352 1.7467889 1.6376356 1.7457700 1.7421335 1.7669003 1.5909248 1.8527166 1.6357971 1.6898352 0.0000010 1.4910040 2.4717050 1.6478941 1.6377893 1.9484615 1.4619826 1.6222838 1.5783638 1.8676900 1.5881458 2.0396318 1.8677063 2.0463969 1.6931775 2.7498125 2.4098512 1.9366198 2.1176048 1.2513566 2.2726029 2.3206735 2.6450879 2.4835563 2.7542614 2.4878756 1.9504435 2.2733471 1.7139223 1.7936238 1.8093107 1.7203765 1.6865551 1.7203765 1.8092822 1.7928406 1.8187374 2.7711486 1.5532709 1.8632240 1.6908580 1.9176697 1.8155448 1.7284679 1.7520259 1.6918308 1.9607189 1.5539186 2.1884816 2.0193837 1.7625041 2.1822774 1.9942098 2.3326596 2.1105759 2.0072532 2.5258433 1.9787769 1.7510393 1.8350628 4.4104288 3.6054856 1.2705926 
Lcom_lcpid228276                                       3.9313712 0.0000010 0.0000010 0.9432344 0.0000010 0.0000000 0.9529080 1.7161843 0.7643958 0.0000010 0.7643958 0.0000010 2.4938318 0.0000010 2.4616581 2.1929692 1.9498012 1.7715208 2.5404046 2.4249835 2.4382801 2.3347122 2.3125429 2.2706068 8.8412725 2.5004568 2.0495170 2.1636960 2.1636960 1.9836988 2.3592525 2.2852589 1.9298168 1.6031152 2.2736773 2.2427314 2.4097130 1.9164697 2.0353661 1.9496121 1.8765945 0.0000010 1.7807612 5.9977147 1.9215550 1.9035859 2.0197061 1.9424584 2.1585311 2.0459076 2.0103206 2.0103206 2.0760557 2.4724661 2.9830017 1.8646884 2.6587731 2.7696258 2.2867106 2.2867106 0.0000010 2.4454075 2.5319205 2.9216028 3.0117020 2.7557488 2.6521488 2.2490289 2.2490289 1.9833470 1.9564312 1.8459674 1.8143532 1.8143532 1.8143532 1.8046570 1.8143532 1.9560527 5.7580007 1.7165968 1.5727633 1.6970621 2.1668345 2.0449102 1.8198882 1.8971947 2.4755809 2.7671135 2.1231127 2.1700344 2.1700344 1.7571671 2.6088039 2.0372354 2.1411834 2.3132687 2.0891792 2.7928161 2.0457958 1.7969688 1.8490532 9.0000000 5.0617074 1.3070561 
Gracom_Gcom_scaffold5600_01                            5.0619779 0.8051289 0.7883207 0.6469745 0.6373994 0.9529080 0.0000000 0.1163023 0.6603429 0.6865084 0.8644677 2.4198553 2.3289494 1.9204425 2.0328451 2.1078097 2.1447973 1.5884118 2.0137771 1.9812069 1.8358657 2.2768913 2.2069231 2.1200073 2.1903946 2.4660210 2.4630571 2.4135717 2.1782737 2.7184642 2.2052996 1.6687985 2.4344970 1.8106384 2.2293504 2.2466510 2.2330883 2.1692920 2.3979082 2.1623196 2.1592076 3.8602979 2.3458439 2.5267048 2.1942836 2.1930787 2.3518820 2.2302481 2.2356385 2.2510310 2.5164769 2.2118705 2.8204579 2.3478504 2.3970856 2.2094265 3.7191239 2.9754026 2.6530655 2.7602732 2.7164851 2.8904133 2.9235271 2.7514152 3.0387200 3.2143181 4.1482869 2.5816783 2.6447928 2.2699561 2.3465609 2.4440434 2.0367615 2.0054196 2.4044207 2.4236557 2.2761038 2.3316605 2.9039370 2.1006600 2.9412329 2.7954205 2.4791721 2.5679744 2.6198795 2.5241549 2.6329961 2.1197842 2.2632259 2.7546397 2.4228260 2.4828980 2.8519439 2.4949479 3.2571554 2.6302538 2.6406399 2.9953641 2.8211902 2.5945631 2.4958323 2.6573198 3.9030469 1.6609711 
Gracom_Gcom_scaffold5601_01                            6.1963835 0.8051289 0.7883207 0.6469745 0.8614321 1.7161843 0.1163023 0.0000000 0.7139501 0.6865084 1.1209327 2.4198553 2.5275518 1.9204425 2.0459972 2.2544776 2.3209549 2.0060877 2.1699319 2.1534329 2.1049849 2.4216620 2.3211067 2.2634863 2.1449969 2.4632975 3.0579113 2.8504099 2.5395785 5.3191350 2.3003464 1.8019173 2.6602203 2.1691964 2.4751353 2.4812059 2.5591836 2.3463894 2.8228927 2.4695536 2.4235724 3.8602979 2.7369106 2.3575542 2.3259595 2.3259595 4.4914230 2.5183998 2.5144400 2.6202260 2.8646182 2.5107192 3.3012819 2.5464760 2.4835355 2.5313934 5.2189986 3.1899359 2.9799809 3.9512749 2.7164851 3.1787717 3.2810290 3.3373481 3.3264018 4.3818589 8.0519377 2.7359990 3.2522845 2.5315204 2.6742087 2.9349519 2.0325475 1.9429865 2.4291235 1.9115757 2.3766320 2.4026767 2.7731694 2.4142440 4.9566823 3.0871178 2.6776924 2.9814428 3.0807973 2.8976519 2.6637781 2.1763548 2.4594495 3.2349109 2.9126669 4.1484231 3.2138304 2.7079148 4.0962000 2.8316730 2.9412872 3.2648277 3.0161660 3.1303433 2.8604559 2.7426942 3.8521751 3.1653413 
Leuniv_Lniv_scaffold16372_01                           5.2287283 0.6980108 0.6944525 0.6991027 0.5885597 0.7643958 0.6603429 0.7139501 0.0000000 0.0062143 0.0556511 2.2239382 2.3582840 2.1862303 2.0419372 2.2944984 2.3384199 1.8437523 2.1593553 2.1242831 2.0853022 2.4032042 2.3264948 2.1775073 2.2512792 2.6230645 2.7059323 2.5447811 2.2895942 2.7541757 2.4312541 1.5309222 2.3979602 1.6986730 2.4011065 2.3912950 2.4368429 2.3544597 2.6194237 2.4244525 2.3105624 3.9166666 2.6174189 2.8346247 2.4750617 2.4734473 2.5697845 2.4136349 2.4354637 2.4394553 2.5705558 2.1812829 2.8283048 2.4563003 2.3737815 2.1583819 4.1237591 3.2255306 2.8694139 2.8620704 3.2831936 3.2063281 3.3394898 3.1945465 3.4777501 3.6301930 3.8063634 2.7480654 2.8234302 2.5005328 2.2863315 2.4980749 2.2517155 2.3376489 2.6393680 2.3487842 2.3713304 2.3931293 3.0266995 2.2977444 3.3877815 2.8914776 2.4787423 2.6014274 2.7004020 2.5861155 2.5096932 2.2967315 2.3105908 2.9611532 2.4700120 2.8316475 2.7243920 2.7073548 3.1059060 2.8293272 3.0638392 3.2216997 2.8797621 2.6467913 2.7172964 2.6822207 4.2816287 2.3980576 
Leuniv_Lniv_scaffold16373_01                           6.9231124 0.6776268 0.6740155 0.8672872 0.0000010 0.0000010 0.6865084 0.6865084 0.0062143 0.0000000 1.8247952 3.8266394 2.9392092 3.4869761 2.9953206 3.5790194 3.4935042 0.0000010 2.9016857 2.6838483 5.1418204 3.2518153 3.1646697 3.2108396 2.6503305 3.3889152 2.8542490 2.8717729 2.7360018 4.9755173 3.0155578 0.0000010 2.9184896 0.0000010 3.3019870 3.1647259 3.7866601 3.1489154 3.7559757 3.5734950 2.8931544 3.9166666 3.0581824 3.0262194 3.0262194 3.0262194 0.0000010 3.2031192 3.4559264 4.2583509 3.0712384 3.6065300 3.5952865 2.9717078 2.6948463 2.9042371 0.0000010 3.9083690 3.9918849 0.0000010 4.0651274 4.0651274 4.3205479 3.6899228 3.8514069 0.0000010 0.0000010 4.0086604 3.6216045 3.6164404 2.7840048 4.0152939 2.6558636 0.0000010 3.0065047 0.0000010 0.0000010 3.0065047 3.0065047 3.5314986 5.9107223 3.9655995 2.9956421 3.5827702 3.8336953 3.5293332 3.8825859 3.1486052 2.9629773 3.7951576 3.1016486 0.0000010 3.3779196 3.2301950 3.1461345 3.4763123 3.9023739 4.2272025 3.8067377 3.6703517 3.4868975 2.6249331 4.1988580 0.0000010 
Leuniv_Lniv_scaffold16374_01                           4.0723240 1.8910127 1.8910127 0.6865745 0.6099042 0.7643958 0.8644677 1.1209327 0.0556511 1.8247952 0.0000000 0.7627224 2.3903430 9.0000000 1.8141746 2.2665940 2.3630351 2.1823442 2.0879109 2.0400273 2.0585807 2.3460636 2.1782058 1.8480777 2.5008683 2.5886822 3.1424860 2.4656659 2.4917265 2.5406259 2.4963471 1.9619170 2.2771801 2.0123692 2.2478844 2.3069079 2.1475880 2.5414618 2.4741998 2.2255073 2.4448704 2.7269410 2.2960675 3.6561703 2.5520458 2.5487285 2.4716799 2.0465570 2.0700612 2.0604631 1.9709724 1.7780682 2.0349658 2.4836510 2.2945813 1.9884703 4.1237591 3.4037488 2.8819162 2.8803439 5.8504686 3.3491845 3.4284264 3.6258178 3.7789120 3.6301930 3.8063634 2.6283868 2.7976483 2.2455294 2.2641674 2.4980900 2.3391360 2.6104769 2.6696494 2.3487842 2.3713304 2.1717000 6.3859407 2.2998673 3.2141308 2.6387582 2.4542475 2.3421741 2.3273977 2.2726869 2.2899259 2.2574434 2.3062433 2.9458921 2.9565988 2.8894952 2.5359553 2.8607210 3.2575484 2.7637163 2.9280169 3.1827526 2.7709859 2.2166618 2.5874250 4.1790068 4.6749772 2.3980576 
Aque_Aqu2.1.00122_001                                  4.5799300 3.3150498 3.2496444 2.3971014 1.0999862 0.0000010 2.4198553 2.4198553 2.2239382 3.8266394 0.7627224 0.0000000 0.0143449 0.5628744 0.4820981 0.9704155 1.1014884 0.4611429 1.2649800 1.2848818 0.8806476 1.1480413 1.1564314 1.1313041 1.3124259 1.3480271 1.4791129 1.8057489 1.3019118 1.8078113 1.1077233 0.7947082 1.5114608 0.7947082 1.7069121 1.6521141 1.7177858 1.3873081 1.5848108 1.3136019 1.4459625 1.6469959 1.0878852 2.1174963 2.1174963 2.1174963 0.3929875 1.4350088 1.4454200 1.5096676 2.0539883 1.5320160 2.2316656 1.6049630 1.7469175 1.7713111 0.0000010 1.9743639 1.9516640 1.2452376 2.3627136 2.1723826 2.1636138 1.8189377 2.2203470 2.2547397 0.0000010 1.7505197 4.7407164 1.4071545 1.8185287 1.0938609 1.9179444 1.0750426 2.1601336 0.0000010 0.0000010 2.1601336 2.2993571 2.2378300 3.0258600 2.1174033 1.9916266 2.1684842 2.2583689 1.8605865 1.3913760 1.4556667 1.2921418 1.8287708 0.9323674 3.1499149 2.4121677 2.0902846 4.5702670 1.7949114 2.1358572 1.7367806 2.0785819 1.9494130 2.4537333 0.4954220 2.3791264 0.0000010 
Aque_Aqu2.1.32902_001                                  4.0778378 2.9676376 2.9353724 2.3685928 1.7848875 2.4938318 2.3289494 2.5275518 2.3582840 2.9392092 2.3903430 0.0143449 0.0000000 0.5872688 0.6106172 1.1269704 1.3850328 1.2482040 1.4420958 1.5483992 1.4117867 1.4625767 1.4466149 1.5340695 1.5580885 2.0180820 1.7230396 1.6946578 1.5082123 2.2880292 1.5960535 0.9062520 1.7940473 1.5066493 1.7676901 1.7730199 1.8197251 1.5161259 1.5562025 1.6382898 1.5706260 1.4388381 1.4377838 2.3063059 2.0222260 2.0134896 0.8973446 1.7043549 1.6660924 1.7032316 1.8878782 1.6335532 1.9983285 1.7489745 1.6775828 1.6725993 2.1343958 2.0225134 2.1470564 2.0374400 2.5190626 2.2468092 2.2380207 2.2209533 2.3145277 2.6078552 2.5635136 2.1152973 2.6164889 1.7343438 1.8494002 1.5737064 2.0529689 1.9850490 2.2533919 2.2557668 2.1749430 2.1712075 2.6180528 2.1148122 2.4615019 2.3460207 2.0303591 2.2331999 2.2247905 1.9954826 1.9208039 1.7411900 1.7418150 1.8012926 1.5642493 2.1485110 2.6497252 2.2762128 2.7259179 2.3223334 2.4266689 2.4481451 2.3845768 1.9545413 2.3157171 0.8170972 3.9337300 1.8777135 
Xestes_maker-XT_scaffold33314-augustus-gene-0.2-mRNA-1 3.6470125 3.0117813 2.9704884 2.2872023 1.2335519 0.0000010 1.9204425 1.9204425 2.1862303 3.4869761 9.0000000 0.5628744 0.5872688 0.0000000 0.3899671 0.7548429 0.6802141 0.3209185 0.8315222 0.8388045 0.8708265 0.8840737 0.8840737 0.8659650 0.9260762 0.9181116 1.1644753 1.5417877 1.1388360 1.3352498 0.8136497 0.7049355 0.9914019 0.7049355 1.1920819 1.2065480 1.1323340 0.9524500 1.2406355 1.0540402 1.1385902 1.3819827 0.8616186 1.4979201 1.4979201 1.4979201 0.8420718 1.0717168 1.0967361 1.2242711 2.0174418 1.1465217 2.0888367 1.0660522 1.5092519 1.3127132 0.0000010 1.4303107 1.2814646 0.2963921 1.6696099 1.7273507 1.7186016 1.4205124 1.7805483 0.0000010 0.0000010 1.3201114 1.7437506 1.2732188 1.2772211 0.9297116 1.6297442 1.1519394 1.7251246 0.0000010 0.0000010 1.7251246 1.7251246 1.5091764 1.5527507 1.8438139 1.6840203 1.8709752 1.8811892 1.7386932 1.1651084 0.9852725 1.0680270 1.6631572 1.0426442 3.6092192 2.0930074 1.6747787 2.3826857 1.7136134 1.8600394 1.5776227 1.6873693 1.7576214 2.0465598 0.4954220 2.2619798 0.0000010 
Halamb_c35102_g1_i1m.8527                              4.8409675 3.0360526 3.0125651 2.2569711 1.5114843 2.4616581 2.0328451 2.0459972 2.0419372 2.9953206 1.8141746 0.4820981 0.6106172 0.3899671 0.0000000 0.9196690 0.9151780 0.7700113 1.2578288 1.2330982 1.1687356 1.2851137 1.2654982 1.2273077 1.2809575 1.4676069 1.4152762 1.4741096 1.2565367 1.6710076 1.2840904 0.8809291 1.4570351 0.8889203 1.6365093 1.6318204 1.6294196 1.2486889 1.2740952 1.3328616 1.2422256 1.3003407 1.2560142 1.9498436 1.9561935 1.9561935 1.2598255 1.4080058 1.3935648 1.3866757 1.7379118 1.3277358 1.7246041 1.5732108 1.4679333 1.6436418 2.2300348 2.0910800 2.1377253 2.0354459 2.3789319 2.1636505 2.1576884 2.1539593 2.1227926 3.0824729 6.9726925 1.7530125 1.9597311 1.6169996 1.4619634 1.3691024 1.5031460 1.3203295 1.7573263 1.4138399 1.4383907 1.7407689 2.0808232 1.8493890 2.8397800 1.9979811 1.8636412 2.1235449 2.0114200 1.7477688 1.5195967 1.3433735 1.1723436 1.8266205 1.4680395 2.2401853 2.2391508 2.1881629 2.7957361 1.9750343 2.2155903 2.1748733 2.1295666 1.9475348 2.0827722 1.0496988 3.0399246 1.2841526 
Tetwil_g7476.t1                                        2.8845172 3.2199990 3.2345847 2.2444314 1.6131124 2.1929692 2.1078097 2.2544776 2.2944984 3.5790194 2.2665940 0.9704155 1.1269704 0.7548429 0.9196690 0.0000000 0.9398104 1.0801313 1.2435682 1.3244658 1.3369264 1.2438844 1.2562807 1.2602390 1.4249427 1.7914291 1.7111634 1.7226406 1.5835315 1.8770484 1.4328917 0.9469825 1.3745431 1.0246848 1.5587652 1.6446918 1.5502402 1.3594978 1.4761652 1.4230557 1.2773517 0.7854547 0.6989356 2.1455014 1.8135689 1.8049729 1.2083063 1.4790070 1.4534793 1.4166710 1.6495035 1.2825216 1.8508813 1.5747226 1.6542553 1.4183720 1.9768731 1.6705845 1.7777577 1.9080388 1.7293689 1.9322743 1.8864643 1.8907736 1.8709621 2.2461564 2.0641790 1.7063891 1.6863072 1.5092583 1.5883743 1.4018406 1.7191077 1.6987183 2.0360093 1.8976753 1.8555969 1.8910118 2.4779454 1.6755814 2.1491637 1.9548304 1.8572515 1.8321294 2.0557016 1.6889070 1.6352447 1.4664622 1.6350914 1.7349026 1.6553689 1.9528056 2.4978719 1.9417101 2.4463776 1.9313375 2.1165488 2.1414174 1.9147356 1.9311209 2.0014772 0.9853643 3.4581228 1.9292356 
Emue_Em0005g1239a.t1                                   2.2004348 2.7844179 2.8101278 2.1722515 1.6298389 1.9498012 2.1447973 2.3209549 2.3384199 3.4935042 2.3630351 1.1014884 1.3850328 0.6802141 0.9151780 0.9398104 0.0000000 0.2921192 1.2778574 1.2890320 1.3590648 1.4335279 1.3809345 1.1335812 1.1775519 1.8542014 1.8848620 1.8154383 1.6547326 2.1696195 1.4561391 0.9457663 1.6262169 1.3690633 1.7742623 1.7634997 1.7680389 1.4922397 1.6683189 1.5291390 1.5149157 0.1206996 1.0675561 2.3797958 1.9996016 1.9897766 1.2336576 1.4037588 1.4604450 1.4706065 1.6870510 1.2946100 1.6930164 1.9093931 2.1692754 1.8486298 2.3396951 2.0368299 2.0804212 2.2023942 2.2646936 2.2823882 2.2632810 2.3573925 2.2534933 2.6173574 3.3465458 1.9261447 2.3582035 1.6331278 1.8230575 1.6300569 1.8185264 1.8932887 2.1096523 1.8037706 1.9349813 1.8702446 2.2408198 1.7093019 2.2709182 1.8636958 1.9872675 2.0271181 2.1016022 1.8072163 1.8344711 1.7315447 1.8763336 2.1224006 2.0170250 2.6861702 2.3561215 2.0376054 2.7582918 2.0582995 2.3014339 2.2822495 1.9554483 2.0784758 2.0465789 1.8080629 4.5557762 2.1073257 
Spolac_c95089_g1_i1_m.10943c95089-g1                   1.7766290 0.0000010 0.0000010 1.4041964 1.5438912 1.7715208 1.5884118 2.0060877 1.8437523 0.0000010 2.1823442 0.4611429 1.2482040 0.3209185 0.7700113 1.0801313 0.2921192 0.0000000 1.2654145 1.2652981 1.3309310 1.5385751 1.4537483 1.1422295 1.2352833 1.8434400 2.1320328 1.7611578 1.7174876 2.2616095 1.5053578 1.0141488 1.5774793 1.5284106 1.6407134 1.6483528 1.6003389 1.4399051 1.4817782 1.4611831 1.4572477 0.0000010 1.3535206 2.2603954 1.7032937 1.6897753 1.4106994 1.2853730 1.2964383 1.3150742 1.4367306 1.1372858 1.4403122 1.5045063 1.4083788 1.4136895 2.3194902 1.8710620 1.8350827 2.1582030 0.3202185 2.0578854 2.0289283 2.2161447 2.0500317 2.5769327 2.9038297 1.7090372 2.2686373 1.4826463 1.5358409 1.6863103 1.9383520 2.0750791 2.0974622 2.1686256 2.1373764 1.8358634 2.2839979 1.4333722 2.2242903 1.7195513 1.7641182 1.7773510 1.7871352 1.5957317 1.4806173 1.5329409 1.6800793 1.7633456 1.7817727 2.5804426 2.0011303 1.9516302 2.6576516 1.9281213 1.9891275 2.2924420 1.6924193 1.8457512 1.7793816 2.3380071 4.1573252 1.9510483 
Spis_XP_022795237_1                                    3.6187371 2.5071253 2.4975936 1.8217444 1.6850949 2.5404046 2.0137771 2.1699319 2.1593553 2.9016857 2.0879109 1.2649800 1.4420958 0.8315222 1.2578288 1.2435682 1.2778574 1.2654145 0.0000000 0.0771382 0.1984679 0.4230097 0.4091309 0.3849069 0.4046494 0.7426827 1.0966221 1.1505929 1.0571551 1.4247709 0.8603897 0.8301062 1.4322984 1.3712575 1.4053082 1.4442579 1.4819789 1.4627713 1.5466963 1.4561497 1.2425591 1.4995725 1.3151021 2.2424738 1.8721366 1.8639050 1.9538499 1.2701262 1.2648095 1.2433857 1.5094930 1.2218680 1.4903953 1.3510343 1.4790366 1.3886835 2.0950026 1.9980113 2.2001034 2.1707523 2.1369807 2.0528265 2.1078995 2.0348211 2.0749078 2.2428446 1.8888658 1.8866639 2.2834108 1.7535973 1.7525599 1.7136937 1.5859332 1.5221795 1.9239863 1.9213449 1.8175928 1.9288939 2.3840839 1.5207253 1.9506676 2.1290812 2.0379424 2.0111397 2.0532988 1.8724457 1.4425508 1.3919960 1.3635413 1.7056940 1.5991678 2.0537507 2.6336262 2.4945815 3.0553582 2.1061272 2.3935011 2.4832857 1.6748314 1.8690763 2.0949673 1.3579959 3.2797348 2.0973534 
Pocdam_XM_027189429.1                                  3.7156358 2.6751566 2.6660900 1.9667227 1.6483239 2.4249835 1.9812069 2.1534329 2.1242831 2.6838483 2.0400273 1.2848818 1.5483992 0.8388045 1.2330982 1.3244658 1.2890320 1.2652981 0.0771382 0.0000000 0.2202232 0.4269990 0.4360613 0.3955981 0.4232021 0.7099928 1.1108647 1.1702714 1.0982824 1.5216781 0.9410049 0.7771934 1.5183801 1.3285309 1.5104549 1.5087949 1.5525931 1.5626029 1.5687846 1.5403553 1.3158408 1.5669766 1.4021330 2.2163155 1.9041957 1.8962311 2.0418322 1.3432176 1.3322016 1.2502124 1.5399230 1.2026782 1.5175735 1.4118662 1.5977916 1.4446858 2.1103796 2.0263729 2.2601056 2.2159611 2.1693983 2.0564364 2.1070963 2.0454310 2.0414291 2.2323837 2.0341693 1.9656385 2.3106096 1.8108516 1.7422972 1.7664142 1.5899812 1.5398820 1.9063503 1.9089568 1.8443794 1.8956670 2.2797193 1.5341735 1.9083722 2.0651777 2.1373380 2.0261308 2.0850353 1.8548814 1.5004471 1.4151818 1.4931688 1.7641788 1.6073632 2.1116531 2.6005343 2.4661363 3.0604344 2.0333981 2.4249708 2.5844104 1.8019883 1.9208517 2.1201665 1.4246800 3.4089561 2.1090709 
Fspp_ffun1.m4.7437.m1                                  2.8376643 2.1552772 2.1552772 1.6583305 1.9366820 2.4382801 1.8358657 2.1049849 2.0853022 5.1418204 2.0585807 0.8806476 1.4117867 0.8708265 1.1687356 1.3369264 1.3590648 1.3309310 0.1984679 0.2202232 0.0000000 0.4474437 0.4159458 0.3802785 0.2951422 0.8262628 1.1141627 1.0238610 1.0917239 1.3936985 0.8741477 0.9548532 1.5875991 1.6320848 1.3556394 1.4296043 1.3404056 1.2723083 1.3763103 1.3330575 1.2587027 1.1790992 1.3737531 2.4029552 1.7443489 1.7314375 2.0805456 1.3480465 1.3064686 1.2577758 1.2135542 1.1673616 1.2032459 1.2260920 1.2704774 1.1884815 2.1380381 1.8932028 2.1095190 2.2376083 1.7962052 2.0633103 2.1806634 2.0552017 1.7644130 2.0989359 2.0781879 1.9428065 2.3428389 1.6924196 1.5676339 1.8704500 1.6087420 1.7178196 1.7315332 1.8675445 1.8137584 1.6826737 2.5728894 1.2589416 1.8550942 1.8255345 1.7533276 1.9574441 1.8818728 1.8449164 1.4412084 1.3307172 1.2507712 1.6911449 1.6522355 1.8968794 2.2520107 2.4162164 2.9626372 2.0350634 2.2471575 2.4016829 1.5017830 1.8253482 1.9632273 1.2869324 3.9620305 2.1418499 
Amil_Amillepora20472-RA                                3.6718451 2.8067463 2.7956688 2.0593960 1.7901568 2.3347122 2.2768913 2.4216620 2.4032042 3.2518153 2.3460636 1.1480413 1.4625767 0.8840737 1.2851137 1.2438844 1.4335279 1.5385751 0.4230097 0.4269990 0.4474437 0.0000000 0.0051664 0.3825256 0.5249840 0.8886953 1.1730720 1.3285247 1.1366559 1.4510051 0.9511987 1.0080047 1.4155292 1.5633258 1.4203325 1.3992303 1.5149699 1.4876529 1.5572114 1.3837861 1.2700374 1.5259504 1.3391550 2.0712130 1.7892646 1.7917552 1.9162615 1.4146434 1.3919050 1.3682840 1.5946652 1.2960823 1.6850875 1.4541074 1.6151763 1.5091953 2.0897837 2.0152252 2.2582490 2.2367823 1.8173850 1.9743134 2.0372469 2.0185084 2.2536596 2.2115966 1.6961538 1.8639923 2.1156035 1.6326954 1.7026154 1.5660075 1.7114357 1.6637204 1.9341171 2.0580072 1.8657829 1.9118329 2.1520241 1.6647001 2.1146975 2.0905601 2.0349617 2.1088926 2.1084498 1.9387657 1.4352950 1.3125018 1.3160889 1.7984867 1.7363006 1.8974420 2.4120746 2.4647477 2.9274326 2.1305035 2.4837219 2.5095114 1.8519949 1.8775566 2.2133814 1.2866635 3.3802217 2.1950709 
Adig_XM_015907184.1                                    3.7849799 2.9886120 2.9781588 2.1214555 1.6607941 2.3125429 2.2069231 2.3211067 2.3264948 3.1646697 2.1782058 1.1564314 1.4466149 0.8840737 1.2654982 1.2562807 1.3809345 1.4537483 0.4091309 0.4360613 0.4159458 0.0051664 0.0000000 0.3981151 0.5475166 0.8671867 1.1739822 1.3161709 1.1252912 1.4510051 1.0026740 1.0156812 1.5498040 1.5528371 1.4584966 1.4288582 1.5536603 1.5583487 1.6142531 1.3977934 1.3334389 1.6365446 1.3923023 2.1490527 1.8589280 1.8512298 1.8862561 1.4500321 1.4344906 1.3417155 1.6137227 1.2758850 1.6718182 1.5029817 1.7000107 1.5463943 2.0485512 2.0299030 2.2401831 2.1005601 1.9063694 1.9640742 2.0414722 1.9868512 2.2205290 2.1505928 1.6961538 1.9244764 2.1132987 1.6925295 1.7301315 1.5937892 1.6606809 1.6067372 1.9862579 1.9021797 1.7759285 1.9691318 2.3218774 1.6256628 2.0698966 2.1013169 2.0761871 2.0812481 2.1547537 1.8786271 1.4942137 1.3033502 1.3583784 1.8400918 1.7107194 1.8521362 2.4567018 2.4699153 2.9574716 2.1558658 2.4859354 2.5320039 1.9599103 1.8997889 2.2215181 1.4849578 3.3216519 2.1479751 
Gfas_gfas1.m1.17406.m1                                 3.8090257 3.0471322 3.0358804 2.0743224 1.6405863 2.2706068 2.1200073 2.2634863 2.1775073 3.2108396 1.8480777 1.1313041 1.5340695 0.8659650 1.2273077 1.2602390 1.1335812 1.1422295 0.3849069 0.3955981 0.3802785 0.3825256 0.3981151 0.0000000 0.4864208 0.7302725 1.1155851 1.2912974 1.0574630 1.5362507 1.0634787 1.0323853 1.6031778 1.4718114 1.4807699 1.4952035 1.6603764 1.4828508 1.6886851 1.5243958 1.3335381 1.8779826 1.3453039 2.1924512 1.7957763 1.7868974 1.8408415 1.2787848 1.2635050 1.1544256 1.5403670 1.1218305 1.4775296 1.5252255 1.7838987 1.5923323 1.7726160 2.0801859 2.1648269 1.9828682 2.1861742 2.0955507 2.1154769 1.8931810 2.1028907 2.2944334 1.1504398 1.9376978 2.1429448 1.8992433 1.9103387 1.9093604 1.4834273 1.2533989 1.8194298 1.5474592 1.4648537 1.9542026 2.4254467 1.4598397 1.8358611 1.9557327 1.9680769 2.0337084 2.0600781 1.8262681 1.3668876 1.3646298 1.4215716 1.8487457 1.5649929 2.1068737 2.6809355 2.3074127 3.0838330 2.1086038 2.2620645 2.4933137 1.8483142 1.9338103 2.1100624 1.8252477 3.1517963 1.8876209 
Fspp_ffun1.m4.10831.m1                                 4.7724158 2.7243154 2.7150811 2.1509922 1.5565615 8.8412725 2.1903946 2.1449969 2.2512792 2.6503305 2.5008683 1.3124259 1.5580885 0.9260762 1.2809575 1.4249427 1.1775519 1.2352833 0.4046494 0.4232021 0.2951422 0.5249840 0.5475166 0.4864208 0.0000000 0.4755290 1.2172946 1.2586145 1.1241169 2.9278847 1.0075600 0.8691967 1.5766430 1.0362473 1.5693361 1.6356454 1.7397797 1.5659111 1.7930203 1.8490565 1.4054231 1.6883784 1.4091928 1.9571252 1.9902210 1.9902210 3.7052508 1.3808227 1.4091047 1.2751075 1.8475781 1.2949152 1.9383537 1.5303413 1.7111438 1.5337682 7.9360390 2.1339115 2.3978675 2.6457214 2.0870088 2.1979744 2.3312370 2.0372982 2.1701474 3.6756711 8.9999987 1.9547630 3.8613218 1.6429063 1.8889264 1.7448730 1.5666799 1.1217886 1.9933535 1.4775094 2.6244401 1.9898109 2.0329215 1.8985087 2.3221373 2.4236310 2.5065912 2.1793461 2.3892844 2.1706635 1.6262850 1.3823031 1.5105994 2.0197357 1.5011100 4.1411992 2.9422223 2.6622839 4.6014118 2.2586109 2.5363193 2.7169485 2.1746717 2.0846967 2.2591184 1.6826284 2.4483770 4.9787194 
Gasp_gasp1.m3.167.m1                                   4.3837788 3.4190204 3.4062095 2.3024813 1.6906543 2.5004568 2.4660210 2.4632975 2.6230645 3.3889152 2.5886822 1.3480271 2.0180820 0.9181116 1.4676069 1.7914291 1.8542014 1.8434400 0.7426827 0.7099928 0.8262628 0.8886953 0.8671867 0.7302725 0.4755290 0.0000000 1.8947551 1.8206847 1.5266392 2.8479219 1.5688888 0.9269449 2.1129525 1.6324712 1.8958740 1.8003406 1.9177958 2.0862198 2.2181709 2.1990546 1.9758651 2.3076976 2.2726809 2.4189458 2.4226776 2.4226776 3.5652632 1.7991295 1.7536949 1.7323814 2.1245233 1.5721792 2.1655710 1.9728997 1.7772297 1.9640743 3.4893926 2.6572842 2.6745790 3.2435912 1.9876206 2.3966701 2.4783426 2.8511708 2.8022805 4.8955262 8.7609559 2.7281428 4.1630571 2.0543864 2.3508283 2.3496805 1.9728175 1.7809668 2.0744625 1.9958295 2.3446932 1.9592282 2.3633046 2.1598451 3.5129372 2.6756700 2.4534854 2.6090299 2.5688586 2.2997329 1.7514218 1.8030413 1.9005888 2.4588392 2.6691883 4.2838101 2.9548205 2.9883633 4.2250453 2.4070435 2.7774732 3.1256494 2.6901207 2.4596885 2.6259897 1.9088794 3.4724283 3.1622610 
Exapal_XM_028661305.1                                  3.6820980 2.6218053 2.6281957 2.3130035 1.6472985 2.0495170 2.4630571 3.0579113 2.7059323 2.8542490 3.1424860 1.4791129 1.7230396 1.1644753 1.4152762 1.7111634 1.8848620 2.1320328 1.0966221 1.1108647 1.1141627 1.1730720 1.1739822 1.1155851 1.2172946 1.8947551 0.0000000 0.0494144 0.0237725 0.2604304 0.8130576 1.0977961 1.6149875 1.7747899 1.5374234 1.5642649 1.6817765 1.5648249 1.8031688 1.7493058 1.4977426 1.6492335 1.7010114 2.7458822 2.1736917 2.1665342 2.1008590 1.5290285 1.5753590 1.5599995 2.0723282 1.6154862 2.0789819 1.6156693 1.8385657 1.5167741 2.2223560 2.2863439 2.5931163 2.0903725 2.3433146 2.4138275 2.4919999 2.5820003 2.5644149 2.3175500 2.7196921 2.0274741 2.5526207 1.9413775 1.8762191 1.8723033 2.3460656 2.3266231 2.2627741 4.6091378 2.8780033 2.1413674 2.2367599 1.8306986 2.7464382 2.8987079 2.2460689 2.3749872 2.4534350 2.1602279 1.7465395 1.5476037 1.6322209 1.7787007 1.4780570 1.7553991 2.7777559 3.2261644 3.7859020 2.7684277 2.8803161 3.0949681 2.3549224 2.1801750 2.5960891 1.0942389 3.6232578 2.4827649 
Exapal_XM_021050038.2                                  3.7355883 2.6962236 2.7032334 2.4260174 2.0008464 2.1636960 2.4135717 2.8504099 2.5447811 2.8717729 2.4656659 1.8057489 1.6946578 1.5417877 1.4741096 1.7226406 1.8154383 1.7611578 1.1505929 1.1702714 1.0238610 1.3285247 1.3161709 1.2912974 1.2586145 1.8206847 0.0494144 0.0000000 0.0172928 0.1638665 0.7246557 1.2392663 1.8322512 2.2332401 1.5968162 1.6616005 1.6504440 1.6008416 1.7570394 1.7153948 1.5739670 1.5646852 1.8029689 2.6251921 2.1902924 2.1843676 2.0534824 1.4510988 1.5289366 1.5022982 1.5836173 1.5273605 1.5315544 1.7218332 1.7826658 1.6011836 2.3550644 2.4719593 2.6643661 2.2463661 2.8172561 2.6457213 2.7490033 2.9257627 2.6841895 2.7285217 2.8579134 2.2672465 2.7422643 2.2529091 1.8210210 2.1242874 2.2097438 2.1306087 2.2223664 2.7034947 2.4750204 2.1004313 2.4652629 1.8622112 2.8792498 2.7092319 2.2620010 2.3501097 2.4391655 2.1509702 1.7087744 1.6127822 1.6435017 1.9732691 1.7861665 2.1107886 2.7199734 3.0199028 3.5613566 2.7888836 2.9732571 3.2582055 2.3617324 2.0364629 2.5337623 1.0800366 3.5231637 2.3375405 
Exapal_XM_028661306.1                                  3.4335353 2.5449081 2.5556160 1.9514683 1.7894919 2.1636960 2.1782737 2.5395785 2.2895942 2.7360018 2.4917265 1.3019118 1.5082123 1.1388360 1.2565367 1.5835315 1.6547326 1.7174876 1.0571551 1.0982824 1.0917239 1.1366559 1.1252912 1.0574630 1.1241169 1.5266392 0.0237725 0.0172928 0.0000000 0.1163414 0.5629385 1.0709422 1.6205182 1.9266089 1.3201591 1.3527519 1.3220588 1.4723522 1.6654421 1.5710300 1.4857848 1.7885578 1.7766387 2.1722004 1.8231217 1.8172398 2.0787683 1.3649307 1.4255745 1.4013960 1.8057479 1.4318042 1.8298533 1.4202240 1.4943147 1.3134580 2.3279143 2.3332360 2.3261504 2.2393578 2.4537279 2.4848064 2.5363583 2.4863871 2.4492176 2.7198334 2.7931686 2.1392011 2.7928719 2.0339801 1.8105255 1.9524729 1.9654750 1.9154821 1.9591115 2.6578357 2.4376851 1.8334138 1.9701737 1.6791774 2.7067908 2.2234354 2.0464791 2.0545841 2.1247767 1.8843688 1.2052260 1.4557447 1.4734513 1.8390507 1.6019174 2.1014768 2.5086043 2.3534549 2.9529898 2.5113023 2.5894515 2.6760358 1.8996876 1.8434095 2.2895045 1.2712022 3.6323505 2.3848069 
Exapal_XM_028661455.1                                  3.4869950 4.9415222 4.9415222 3.6166418 1.9832603 1.9836988 2.7184642 5.3191350 2.7541757 4.9755173 2.5406259 1.8078113 2.2880292 1.3352498 1.6710076 1.8770484 2.1696195 2.2616095 1.4247709 1.5216781 1.3936985 1.4510051 1.4510051 1.5362507 2.9278847 2.8479219 0.2604304 0.1638665 0.1163414 0.0000000 0.8558340 1.5006059 1.9629741 2.8635346 1.7296155 1.9271902 1.6195271 1.6588008 1.8429248 1.6216676 1.9401330 1.9693150 2.2624894 4.5427396 2.2379360 2.2379360 2.3312495 1.5642643 1.6817526 1.4572585 1.8258577 1.5803973 1.6848440 1.7195274 2.3318223 1.6829079 2.2807763 2.5190840 2.3257305 2.0274994 4.7387155 2.4553907 2.5856900 2.6485619 2.6891876 2.2294132 2.2825843 2.5206271 2.5540360 2.9136340 2.0456775 2.6538826 2.6062849 2.7153052 2.9069610 4.0863165 2.5785434 3.1051388 5.6745061 1.7501305 1.9199670 2.1607600 2.4708138 2.5368853 2.5532827 2.3454380 1.8362979 1.9624135 2.2902044 1.7568726 2.1838583 1.7883337 3.3384920 3.8989695 3.1882157 3.0156373 3.0326859 3.9723100 2.4333086 2.4552472 3.1141686 2.5594326 6.6222822 2.3605010 
Nvec_v1g161519                                         3.5456105 2.5327292 2.5494822 2.2614855 1.6662916 2.3592525 2.2052996 2.3003464 2.4312541 3.0155578 2.4963471 1.1077233 1.5960535 0.8136497 1.2840904 1.4328917 1.4561391 1.5053578 0.8603897 0.9410049 0.8741477 0.9511987 1.0026740 1.0634787 1.0075600 1.5688888 0.8130576 0.7246557 0.5629385 0.8558340 0.0000000 0.9005770 1.5395285 1.2807519 1.3204353 1.3061166 1.2573956 1.4697999 1.7205993 1.5695518 1.4187858 2.1147896 1.5486792 2.2579924 1.9791202 1.9763773 1.8450811 1.3748805 1.3905053 1.2866497 1.6762318 1.3727278 1.7449223 1.4030247 1.6440145 1.4969297 2.4088041 2.2914233 2.2711197 2.1340167 2.2577584 2.3006430 2.3232024 2.2143089 2.1498529 2.4563488 1.8493107 1.9172538 2.0255825 1.9670539 1.8670003 1.6693976 1.7533949 1.6539964 2.1867598 2.1888019 2.1775731 2.2103005 2.6447029 1.5109295 2.3203681 2.1848691 2.0919914 2.1028316 2.1599297 2.0093554 1.5121397 1.3412928 1.3967523 1.7449385 1.5967982 2.0998945 2.4266348 2.2135337 2.9177695 2.1195755 2.3588585 2.6190307 1.9719107 1.8882147 2.2220300 1.6516822 3.2839030 2.3590360 
Opea_EP00118_Oscarella_pearsei_P009556                 8.9999988 0.0000010 0.0000010 2.0453993 1.7078352 2.2852589 1.6687985 1.8019173 1.5309222 0.0000010 1.9619170 0.7947082 0.9062520 0.7049355 0.8809291 0.9469825 0.9457663 1.0141488 0.8301062 0.7771934 0.9548532 1.0080047 1.0156812 1.0323853 0.8691967 0.9269449 1.0977961 1.2392663 1.0709422 1.5006059 0.9005770 0.0000000 0.1404484 0.0931396 0.8377376 0.8584096 0.6990196 0.8110618 0.9962267 0.8648837 0.8967429 0.0000010 0.9320840 1.0355637 0.9430109 0.9430109 0.8222733 1.0239334 1.0105150 1.0339974 1.4327613 0.9531046 1.5294402 0.9843477 1.4252505 1.1044375 1.7262730 0.9400944 1.0130344 0.8340452 0.4200214 0.9997431 0.9997431 0.9423620 0.9454284 0.9116256 0.0000010 1.0237937 0.8696473 1.3157190 1.3518683 1.0025026 1.1709945 1.1709945 1.1709945 1.5588217 1.3253650 1.1709945 1.3506980 1.1422865 1.8904280 1.4568187 1.1345901 1.1635522 1.1803052 1.3566028 0.7798745 1.1649309 1.2808414 1.6260858 0.9765017 2.4242950 1.4137835 1.3978469 1.4229490 1.2821077 1.4883007 1.4565130 1.4036641 1.3817016 1.3821555 0.0000010 1.2591941 1.9523662 
Opea_EP00118_Oscarella_pearsei_P009557                 4.3632850 3.2061761 3.2162812 2.7781754 1.7467889 1.9298168 2.4344970 2.6602203 2.3979602 2.9184896 2.2771801 1.5114608 1.7940473 0.9914019 1.4570351 1.3745431 1.6262169 1.5774793 1.4322984 1.5183801 1.5875991 1.4155292 1.5498040 1.6031778 1.5766430 2.1129525 1.6149875 1.8322512 1.6205182 1.9629741 1.5395285 0.1404484 0.0000000 0.0183372 1.8942226 1.9469846 1.6952360 1.4850513 1.7244111 1.5115124 1.4160914 2.3574218 1.5403956 2.4194884 1.8435114 1.8426005 1.7636932 1.4604812 1.5145138 1.4171450 1.7325332 1.4247690 1.7277573 1.8573124 2.2512248 1.8142303 1.9567104 1.9909343 2.1003938 1.7017329 2.3803053 2.1775908 2.1859625 2.0713898 2.1154056 1.9455969 1.7007138 1.7919221 1.6056492 1.8363451 1.6901311 1.5004606 1.9134049 1.8194331 2.4500620 2.1096256 1.9567813 2.4197061 3.0342689 1.7115506 2.2326299 2.3355500 2.0809095 2.1239621 2.2470080 2.2275002 1.8645417 1.9662316 1.8476138 1.8968359 1.6535464 1.7223133 2.5411879 2.2413158 2.6029242 2.2114544 2.2950371 2.5429493 2.1661835 2.3379789 2.2950243 1.8913851 3.7200454 1.9616396 
Ocar_g3384                                             4.8755576 0.0000010 0.0000010 2.0874383 1.6376356 1.6031152 1.8106384 2.1691964 1.6986730 0.0000010 2.0123692 0.7947082 1.5066493 0.7049355 0.8889203 1.0246848 1.3690633 1.5284106 1.3712575 1.3285309 1.6320848 1.5633258 1.5528371 1.4718114 1.0362473 1.6324712 1.7747899 2.2332401 1.9266089 2.8635346 1.2807519 0.0931396 0.0183372 0.0000000 1.3608499 1.4073230 1.2516448 0.9844505 1.0571062 1.1397992 1.1086180 0.0000010 0.8168483 1.6960912 1.5063586 1.5034250 1.7656376 1.4366337 1.4335110 1.4521898 1.7436709 1.3626999 1.7824666 1.3991842 1.4686348 1.1809608 1.3619192 1.3278862 1.4089145 1.5300214 0.4200214 1.4110037 1.4110037 1.4306366 1.4226645 1.7712503 9.0000000 1.1782774 1.2710295 1.3394959 1.2419155 1.2051822 1.5656727 1.5656727 1.5656727 2.1860454 1.9037987 1.5656727 1.7098423 1.5461281 2.0074094 1.8060532 1.9433794 1.7806113 1.9103761 1.8386634 1.1435822 1.5052142 1.8414957 1.6878185 1.4187231 1.5575048 1.9585427 1.7723372 1.9849709 1.6632784 1.8141111 1.5797383 2.0306461 1.9963920 1.6815028 0.0000010 2.4536375 2.5116716 
Nemnom_g11378.t1                                       4.3762873 2.8369255 2.8122481 2.2171923 1.7457700 2.2736773 2.2293504 2.4751353 2.4011065 3.3019870 2.2478844 1.7069121 1.7676901 1.1920819 1.6365093 1.5587652 1.7742623 1.6407134 1.4053082 1.5104549 1.3556394 1.4203325 1.4584966 1.4807699 1.5693361 1.8958740 1.5374234 1.5968162 1.3201591 1.7296155 1.3204353 0.8377376 1.8942226 1.3608499 0.0000000 0.2315850 0.5848756 1.7756656 1.8240822 1.7451250 1.6476543 2.4417327 1.9698849 2.1402534 1.9879606 1.9869454 1.7127614 1.6603739 1.6257416 1.6165293 1.9169858 1.5677405 1.9929368 1.2035225 1.4785893 1.1706654 2.3530206 2.1364215 2.2329660 2.1872607 2.2698184 2.2281030 2.2213438 2.2905385 2.3399394 2.7678392 2.3091440 2.1633649 2.2431197 2.1357401 2.0636457 1.6839135 1.8877313 1.8347166 2.2085996 2.3753823 2.1741068 2.1774802 2.5328687 1.9407037 2.4399752 2.2983896 2.0671157 2.1086166 2.0698549 2.0584956 0.8375119 1.5418799 1.8533611 1.9662478 1.7692021 1.8684114 2.6195923 2.4270030 2.8239201 2.3936311 2.4166997 2.5134624 2.2382612 2.1804025 2.2448995 1.7252068 1.9485260 2.2154080 
Rhoesc_Res_012799-T1                                   4.2441015 2.9570252 2.9466040 2.1480131 1.7421335 2.2427314 2.2466510 2.4812059 2.3912950 3.1647259 2.3069079 1.6521141 1.7730199 1.2065480 1.6318204 1.6446918 1.7634997 1.6483528 1.4442579 1.5087949 1.4296043 1.3992303 1.4288582 1.4952035 1.6356454 1.8003406 1.5642649 1.6616005 1.3527519 1.9271902 1.3061166 0.8584096 1.9469846 1.4073230 0.2315850 0.0000000 0.5648250 1.7516161 1.8643080 1.7729363 1.7397302 2.1790361 1.9810993 2.1815823 2.0942186 2.0931506 1.7022445 1.5776571 1.5697339 1.5835402 1.8224958 1.5151103 1.9438695 1.2324224 1.4196568 1.2581261 2.5997833 2.2854501 2.3147856 2.2344726 2.2191921 2.2133380 2.2314999 2.3293087 2.3385541 2.7513733 2.5382082 2.2640882 2.3003259 2.1101124 2.1140140 1.7456619 1.9889851 1.9174482 2.3350736 2.4752735 2.2860013 2.3057589 2.6957324 2.0355639 2.3316339 2.2969196 2.0415901 2.1174382 2.0740485 2.0171605 0.9583623 1.6365305 1.8601871 1.9192327 1.8619148 1.8676200 2.5339920 2.4057201 2.8180725 2.5118006 2.4724668 2.5906834 2.2630802 2.1148895 2.2901994 1.5372363 2.2079688 2.4200021 
