96
Lcom_lcpid84251                                        0.0000000 0.5248523 0.5056650 0.5305104 1.0508928 2.1731332 2.0208051 2.0080752 1.9954755 1.8342706 2.1049186 1.9924433 1.9399377 2.0713411 2.1214474 2.1881316 2.1046556 2.1747589 2.0671410 2.1082493 2.1070440 2.1361557 2.3588503 2.1373328 2.0915096 2.1149049 2.0888975 2.0893214 2.0491328 2.4323864 2.2308080 2.2773447 2.5571090 2.3663155 2.4884986 2.0536794 2.0491881 2.0102176 2.1257426 2.0701413 2.0723002 2.7312226 2.5877565 2.7760654 2.3015309 3.5257891 3.4558936 3.5257910 3.3027701 2.3406245 2.3071245 2.9126385 2.2385367 2.2990038 2.4358597 2.8894579 2.2596383 2.2577229 8.2889167 2.3177857 2.0962822 2.1052874 1.9695954 2.1842160 2.9468337 3.2639021 2.7448877 2.5082014 2.9019784 2.5933041 2.7737475 2.7737475 2.5031068 2.4971701 2.7885357 2.5403654 2.5403654 2.6139900 2.6038862 3.0060569 3.1791933 2.6008597 3.1072541 2.6608191 2.5397261 2.9779700 2.7030252 2.6929395 2.6692202 3.4566025 3.5115785 3.1848147 3.9298473 3.1197118 2.5908699 3.4201964 
Gracom_Gcom_scaffold15909_01                           0.5248523 0.0000000 0.5407338 0.5549295 1.1800270 2.2083781 2.1675274 2.2453980 2.1832966 2.0223173 2.1468788 2.1148324 2.1751262 2.2134951 2.2179505 2.2184645 2.2214875 2.2739213 1.9797702 2.0752537 2.0474945 2.1207906 2.2416003 2.1204714 2.3173625 2.2725907 2.1583716 2.1762265 2.0642382 2.5651477 2.2231892 2.2114208 2.9428622 2.3743671 2.5293372 1.9847618 1.9885900 1.9740216 2.1485881 2.1387655 2.1911312 2.7295944 2.6840282 2.6345973 2.1452569 3.7413080 3.7505502 3.5269972 3.4345073 2.5324238 2.5010582 3.2022735 2.6894131 2.4622091 2.5997656 3.8328719 2.5272196 2.6655307 8.1103206 2.6266164 2.0211365 2.2097045 2.0715127 2.4211171 2.8510928 3.0466210 2.6493011 2.4371404 2.9582261 2.4628316 2.6887871 2.6887871 2.5423716 2.5580431 2.9592094 2.5360393 2.5360393 2.5625203 2.5002553 2.9041845 3.1481689 2.9357874 2.7769052 3.1262082 2.7695732 3.0944089 2.6804283 2.8559971 2.9767456 3.6797923 3.8246681 3.2738773 3.8142288 3.3287072 2.6065913 3.4377046 
Leuniv_Lniv_scaffold24712_01                           0.5056650 0.5407338 0.0000000 1.6635818 1.3514154 1.9965468 1.8199449 1.9649224 2.0161499 1.8009806 2.0567396 1.8573560 1.9109456 2.0787933 2.1143934 2.5070014 2.2363574 1.6905515 1.9724477 1.9872086 2.0367110 1.9452357 2.0572045 1.7959150 2.2360777 2.5541761 1.8045942 1.9636814 2.0256289 0.0000010 2.1898770 2.1492099 3.0511453 2.4567643 2.4586264 1.8599760 1.8599157 1.8579535 1.9289756 1.8724688 1.8551416 3.0646149 2.4946444 2.7400163 2.3965483 3.1499159 3.2409178 3.0792696 3.2079156 2.7924762 2.7740846 2.8686865 2.4538414 2.7389828 2.8476356 0.0000010 2.6488362 2.7986721 8.9999988 2.7458873 2.6086081 2.7764847 2.3290515 2.1881458 3.0613351 0.0000010 3.0613351 2.3159417 2.8553174 2.3408863 2.4654940 2.4654940 2.1272151 2.1572558 2.6843626 2.4645146 2.4645146 2.3207996 2.2530111 3.2193086 3.4718776 2.8388311 3.0663946 2.7453391 2.7902065 2.8330656 3.1884418 2.6370166 2.8718176 3.8700494 3.9946596 3.5537682 4.3160229 3.5974876 2.7781103 3.9937868 
Leuniv_Lniv_scaffold24713_01                           0.5305104 0.5549295 1.6635818 0.0000000 0.9309270 2.3179281 2.0167648 2.1321948 2.0303590 1.9212265 2.0935203 2.1568268 2.0104402 2.2979373 2.4059208 2.2262180 2.2480130 2.2886290 2.1394802 1.8450504 1.8923433 1.9974580 2.2720155 2.0572281 2.0607513 1.8743697 2.0301077 1.8854449 1.9052273 2.0405011 2.0000429 2.1799007 2.3534833 2.2308765 2.6459180 2.1312643 2.1225880 2.0960304 2.3363512 2.2515711 2.3188671 3.0756423 4.6918813 3.1180333 0.0000010 4.0780569 4.0751992 4.2487249 4.1687207 2.1844347 1.9487355 3.9099773 2.8124482 1.8871666 2.0818291 2.1038699 2.1710737 2.1324008 8.6505540 2.2198884 1.7831868 1.9506931 1.9111758 1.9696423 3.1232034 3.2450146 3.0040426 2.9471169 2.8362521 3.0038446 3.1467279 3.1467279 2.8436317 2.8417201 2.8417201 2.9873139 2.9873139 3.3917431 2.8613734 3.2334521 2.8530877 2.4814177 0.0000010 3.3221073 3.0008044 3.1002659 2.6806911 2.7769728 2.8991006 3.3492962 3.2440814 2.9973239 3.5835748 3.4431479 2.5088072 3.3698412 
Clacor_Ccor_scaffold4885_01                            1.0508928 1.1800270 1.3514154 0.9309270 0.0000000 1.7966573 1.9374757 1.9135074 1.6785547 1.7384373 1.9946626 1.7826140 1.9806174 1.9344305 1.9409372 1.8982604 2.0632119 2.1561084 1.9235178 1.9026422 1.9426266 1.9149839 2.0387367 1.9205831 2.1694434 2.0535730 1.9231470 1.6806897 1.7451655 2.0264995 1.8365677 1.8907248 2.3132874 2.1254690 2.0506245 1.8649861 1.8820509 1.8718928 1.9765814 1.9311537 1.8885702 2.9373943 2.4406887 2.2594801 2.2030778 2.6418584 2.8135072 2.9473720 3.2670177 1.9082403 1.9678398 2.3507033 2.0256250 2.0290229 2.0498421 2.3998661 2.1253812 2.0167480 6.9040485 1.9623752 1.8754952 2.1013574 1.7891474 1.9295887 2.3461846 2.5834063 2.1580515 2.1661310 2.2322922 2.2823473 2.2830643 2.2830643 2.1565843 2.1793026 2.4371074 2.1213825 2.1213825 2.3508231 2.1997351 2.4613840 2.7619917 2.6714362 2.9770047 2.5065796 2.4844820 2.6829425 2.5895539 2.5940790 2.4509064 2.8942913 3.1199515 2.8632014 3.2923271 3.1644166 2.5008363 3.1466106 
Bralan_BLAG12000260_1                                  2.1731332 2.2083781 1.9965468 2.3179281 1.7966573 0.0000000 0.6974901 0.6051892 0.6197009 0.7516934 0.6182564 0.7736371 1.0294370 1.0305587 1.0363078 0.9849061 1.0067221 1.1239420 1.0647971 1.0277693 1.0591733 1.0065397 1.1987568 1.0747531 1.2446926 1.1734259 1.0285408 0.9609857 1.0680005 1.6670585 1.1381764 1.3157927 1.4784830 1.1062741 1.2156402 1.1663264 1.1756822 1.2191682 1.3326950 1.2491202 1.2388683 3.3128780 2.7916418 2.6410691 2.4361434 2.8287146 3.0898671 2.6575784 2.5977022 1.9129786 1.9833446 1.9873632 1.6568664 1.8374379 1.8768076 3.6763761 2.1002421 1.9446814 5.6790814 1.7024420 1.7995012 1.9129831 1.8549088 2.2265545 2.0315629 2.3056875 1.8608158 1.9864477 1.9415506 2.0722466 2.1529378 2.1529378 2.0020289 1.9625661 2.1795002 2.0243742 2.0243742 1.9865194 1.9478495 1.9596344 2.4622645 2.3449331 2.2708221 2.1997614 1.9294997 2.3194317 2.0164518 2.2342769 2.5254791 2.6939412 2.5957939 2.4920128 3.2301870 2.9570273 2.8646338 3.0390808 
Acagra_model.g5793.t1                                  2.0208051 2.1675274 1.8199449 2.0167648 1.9374757 0.6974901 0.0000000 0.4112514 0.5304478 0.8517250 0.7549136 0.7922269 1.1758616 1.1705939 1.1741286 1.1356132 1.1548965 1.1733642 1.1659968 1.1654561 1.1874417 1.1928269 1.3697736 1.2583346 1.3872605 1.2875433 1.1443707 1.1162121 1.0896117 1.5561799 1.1885913 1.3002818 1.4750313 1.1567696 1.3103725 1.1912991 1.2030285 1.2137611 1.3302269 1.3157862 1.2878322 3.1373752 3.1394704 2.7585355 2.6726558 2.8574805 3.0443111 2.9001494 2.6689827 1.9548904 1.9195622 1.9557101 1.7400166 2.1142431 2.0168947 2.4295848 2.2386629 1.8243806 6.1453568 1.8338126 1.9279358 1.9788779 2.0028232 2.1324434 1.9227690 2.3313335 1.6957729 1.8622868 1.8654864 1.9667183 1.9954068 1.9954068 1.9133681 1.9068248 2.1295013 1.9083172 1.9083172 1.8012365 1.7139670 1.8740288 2.5664263 2.5155228 2.5378310 2.1174172 1.8730973 2.3315066 2.1422250 2.2356832 2.4000402 2.6045152 2.5744175 2.4157281 2.9912329 2.8952143 2.7711211 3.0770586 
Cgig_XM_011425678.3                                    2.0080752 2.2453980 1.9649224 2.1321948 1.9135074 0.6051892 0.4112514 0.0000000 0.5338031 0.8217661 0.6137839 0.8277234 1.1472789 1.1237263 1.1454893 1.1387562 1.0867105 1.2633566 1.1214204 1.0905838 1.0995401 1.1023786 1.2320171 1.1255469 1.2605236 1.1952082 1.0765974 1.1369517 1.1221756 1.6235490 1.2180549 1.3275351 1.5202380 1.0776243 1.2927674 1.1501527 1.1600372 1.1815264 1.2551218 1.2295607 1.2132260 3.2285733 2.9116900 2.4957435 2.3721637 2.7791698 2.9949936 2.9070523 2.3552401 2.0450056 2.0093996 2.0057970 1.7573628 1.8534134 1.8480629 3.2719547 2.0225484 1.7134288 5.6356572 1.7351414 1.7295287 1.7453591 1.9057584 2.2606471 1.8453406 1.9668778 1.7452313 1.8127683 1.8210718 1.9276388 1.9785495 1.9785495 1.7974412 1.7806429 1.9736263 1.8385974 1.8385974 1.7362098 1.6974960 1.7596657 2.4191666 2.2841309 2.6765247 2.0248943 1.9108285 2.3419075 2.0822254 2.2292278 2.4678272 2.7090193 2.5926700 2.3450269 2.7809968 2.6665377 2.8392409 3.0201386 
Ctel_gnl_WGS_AMQN_CAPTEDRAFT_mRNA175446                1.9954755 2.1832966 2.0161499 2.0303590 1.6785547 0.6197009 0.5304478 0.5338031 0.0000000 0.7679432 0.5898948 0.6793266 1.0094429 1.0260545 1.0573967 1.1385737 1.0643935 1.1631153 1.0713293 1.0727570 1.0811080 1.0842227 1.2746254 1.1699929 1.2733256 1.1606593 0.9859925 0.9839650 1.0027884 1.2086569 1.1003455 1.2117465 1.3505654 0.9219915 1.1644895 1.1624213 1.1784494 1.1907859 1.2648712 1.3027787 1.3025417 3.1996120 2.8381840 2.6850787 2.3435204 2.9532795 3.0911078 3.0007537 2.4383830 1.9136764 1.8546793 1.8870759 1.5707931 1.8439599 1.9433790 4.3663722 2.1115796 1.8529447 6.0199877 1.6936345 1.7245285 1.7920409 1.8597829 2.3611008 1.8575571 2.3071375 1.7045935 1.8389134 1.8225098 1.9063537 2.0350791 2.0350791 1.8330181 1.8059036 1.9547111 1.8561641 1.8561641 1.8394470 1.7393746 1.8535815 2.2675723 2.3204116 2.3223814 1.9442299 1.8629056 2.1008927 2.0743573 2.1338205 2.4313927 2.4056079 2.5521106 2.3623863 2.9887477 2.6875211 2.5937581 3.0436076 
Spur_XM_031000388.1                                    1.8342706 2.0223173 1.8009806 1.9212265 1.7384373 0.7516934 0.8517250 0.8217661 0.7679432 0.0000000 0.6419112 0.8141473 1.0995630 1.1628516 1.1554620 1.1960889 1.2031308 1.2677581 1.1379719 1.1395954 1.1529053 1.1477357 1.3554514 1.2696347 1.4172922 1.2922700 1.1480971 1.1066942 1.1572669 1.4904337 1.2110988 1.3824834 1.5346174 1.1825546 1.2971073 1.2573896 1.2606361 1.2591038 1.3777775 1.3845067 1.3899844 3.0109058 2.4110004 2.6182869 2.5427732 2.8786131 3.0549450 2.9584982 2.6633491 1.7416412 1.7062744 1.9188159 1.6235545 1.9440222 1.9052991 4.7170913 2.0950131 1.8582825 5.9471168 1.7562452 1.6529897 1.7487677 1.7918182 2.2669219 2.0356014 2.3152981 1.8589995 1.8384096 1.9791247 1.9400195 1.9171363 1.9171363 1.9555714 1.9749376 2.1069818 1.9371059 1.9371059 1.9629488 1.8824234 1.9931334 2.7029371 2.2933111 2.4427281 2.0854148 1.8306726 2.2288893 2.1039867 2.2166631 2.4279099 2.5250681 2.4553353 2.2366142 2.9700791 2.6312786 2.6054730 3.0002783 
Skow_XM_006815796.1                                    2.1049186 2.1468788 2.0567396 2.0935203 1.9946626 0.6182564 0.7549136 0.6137839 0.5898948 0.6419112 0.0000000 0.7623250 0.9950885 1.0501430 1.0550452 0.9871010 0.9546049 1.0927170 1.0408124 0.9982265 1.0192928 1.0251659 1.3088013 1.1766129 1.5136505 1.2994208 0.8923867 0.9109363 0.9942090 2.3402454 0.9947144 1.1270249 1.5095818 1.0248304 1.1102087 0.9638477 0.9805137 1.0352368 1.0548550 1.0145417 0.9644268 3.0089467 2.8054952 2.4396549 2.5688626 3.1186869 3.2145947 2.7648780 2.7782051 1.9529029 2.0387047 2.0602011 1.6646982 2.0344207 1.9765840 0.0000010 2.2367055 1.8685686 7.0419956 1.8571347 1.8782007 1.9528158 1.9247554 2.2710719 1.5865960 0.0000010 1.5865960 1.5512274 1.6742028 1.5590394 1.6264065 1.6264065 1.6741884 1.7418885 1.8878177 1.6952481 1.6952481 1.7095311 1.4207913 1.5205333 2.4725181 2.5605033 2.6338768 2.0802172 2.0604755 2.3388767 1.8390143 2.1106799 2.4493439 2.5303132 2.6494502 2.3980823 2.9830578 2.9659136 2.5547131 3.2926832 
Hsap_ENST00000251775                                   1.9924433 2.1148324 1.8573560 2.1568268 1.7826140 0.7736371 0.7922269 0.8277234 0.6793266 0.8141473 0.7623250 0.0000000 1.0944885 1.1663687 1.1603858 1.0840942 1.1868398 1.3022350 1.2429808 1.1766656 1.2147889 1.1972857 1.4139795 1.2526502 1.4232497 1.2386618 1.1511124 1.0780086 1.1111088 1.4729047 1.1755447 1.3289723 1.3065265 1.1233318 1.2316377 1.1672940 1.1856942 1.1665612 1.2957416 1.2817040 1.2856414 3.2460410 2.5163734 2.9282660 2.7883126 2.9130837 3.0230769 3.0095720 2.5748361 1.9422874 1.9250331 1.9906606 1.6057430 1.9203143 1.8756478 3.3265195 2.0555044 1.8555282 6.1329126 1.8099795 1.9131790 2.0049215 2.0125491 2.2056552 1.8164383 2.0262407 1.7313253 1.8362988 1.7817333 1.8966515 2.0189035 2.0189035 1.9711623 2.0244198 2.1191368 1.9777490 1.9777490 2.0145683 1.7141998 1.9450201 2.4110509 2.4516136 2.7251179 2.0432384 1.9901679 2.3144741 2.1666486 2.2885955 2.5764247 2.6728361 2.7418133 2.2079002 3.0335546 3.0182579 2.4194205 3.0009131 
Morvir_scaffold134.g2.t2                               1.9399377 2.1751262 1.9109456 2.0104402 1.9806174 1.0294370 1.1758616 1.1472789 1.0094429 1.0995630 0.9950885 1.0944885 0.0000000 0.6126372 0.6081032 0.6486455 0.7032469 0.7383324 0.6922685 0.9686539 0.9803778 0.9818363 1.1077377 1.1300722 1.1467040 1.0907685 0.9550836 0.9220110 1.0117352 1.3781302 1.0930661 1.2024463 1.6088657 1.3587959 1.5662794 1.3848320 1.3913322 1.3866337 1.4893030 1.4816771 1.5004502 3.1752314 2.8541928 2.7433781 2.3504433 3.0286724 3.0637186 3.2874863 2.5849225 2.0173791 1.9364226 1.9955738 1.9430378 2.0155312 1.8838472 2.9179748 1.8376329 1.6133104 6.3524037 1.8934193 1.8549919 1.8317522 1.9876376 2.1226077 2.0450751 2.5607781 1.8833433 1.9427357 1.9233178 1.9701455 2.1116396 2.1116396 2.1011977 2.1589622 2.1941217 2.0069442 2.0069442 2.1271959 1.9244805 2.0983835 2.7297072 2.4300656 2.5959954 2.1521107 1.9789706 2.4220016 1.9345403 2.5287352 2.4976634 2.8423173 2.8243755 2.5269327 3.3351496 3.0176503 2.5369610 3.2650513 
Nemnom_g13147.t1                                       2.0713411 2.2134951 2.0787933 2.2979373 1.9344305 1.0305587 1.1705939 1.1237263 1.0260545 1.1628516 1.0501430 1.1663687 0.6126372 0.0000000 0.0630752 0.1951320 0.3272814 0.7335251 0.6657099 0.9486434 0.9539594 0.9667489 1.0752093 1.0727647 1.1850304 1.1798205 1.0152723 0.9413336 1.0950842 1.4958486 1.1593052 1.3170877 1.5561646 1.3787383 1.5352989 1.3905112 1.3994654 1.4232248 1.5740611 1.5271692 1.5161322 3.0194430 2.4988890 2.7773807 2.4432014 3.1566984 3.2168110 3.1868422 2.5996745 2.1141878 2.0268495 2.1000293 1.9206463 2.0636955 1.9875448 3.2969375 1.9794634 1.8028863 6.0882544 1.9174287 2.0555407 2.2025334 2.1390680 2.1541539 2.2278545 2.5947760 2.0616145 2.0880617 2.1769436 2.1621422 2.2719433 2.2719433 2.2463376 2.2888210 2.4692282 2.2053801 2.2053801 2.1215070 2.0864896 2.3684357 2.5518173 2.3841176 2.5116104 2.0554280 2.0069108 2.4877749 2.0689605 2.5069160 2.4317357 2.8237900 2.7416488 2.6263225 3.5325483 2.9862593 2.3419877 3.5463864 
Rhoesc_Res_005943-T1                                   2.1214474 2.2179505 2.1143934 2.4059208 1.9409372 1.0363078 1.1741286 1.1454893 1.0573967 1.1554620 1.0550452 1.1603858 0.6081032 0.0630752 0.0000000 0.1663235 0.3190785 0.7016646 0.6535091 0.9778645 0.9838142 0.9952157 1.1015551 1.0920552 1.2257425 1.2380420 1.0333689 0.9695152 1.0870903 1.5326212 1.1636866 1.3276875 1.5706808 1.3480020 1.5275856 1.3753000 1.3936040 1.4149466 1.6069740 1.5478038 1.5410488 2.9675882 2.6110605 2.8413455 2.4850464 3.0803687 3.1180366 3.2515317 2.5613069 2.1297149 2.0845594 2.1509276 1.9290768 2.0395489 1.9382702 4.6657991 1.9444900 1.7237299 5.9951994 1.9565895 1.9987529 2.1316774 2.1607252 2.1006640 2.2308315 2.5638186 2.1476833 2.0974471 2.2660511 2.1322446 2.2788353 2.2788353 2.2817353 2.3232329 2.5140862 2.2090997 2.2090997 2.0816930 2.0685514 2.3725071 2.5422567 2.4603996 2.5332675 2.0669949 1.9719194 2.4975342 2.0244534 2.5169717 2.4817775 2.8246328 2.7383102 2.5814585 3.4341078 2.9116447 2.3876740 3.4772244 
Aaur_scaffold1658.g2.t1                                2.1881316 2.2184645 2.5070014 2.2262180 1.8982604 0.9849061 1.1356132 1.1387562 1.1385737 1.1960889 0.9871010 1.0840942 0.6486455 0.1951320 0.1663235 0.0000000 0.3043433 0.7822478 0.6907141 0.9623750 0.9942192 0.9897167 1.1376909 1.0813871 1.1490071 1.0546981 1.0573125 0.9573304 1.0788611 1.5283342 1.1387809 1.4518180 1.0531682 1.3891274 1.4520716 1.3916183 1.4031233 1.4086538 1.6425996 1.5344168 1.5290887 2.9999303 2.9086601 2.5804043 1.8228298 3.3294362 3.4151494 3.3839920 2.6522954 1.9857418 1.9660192 1.9440264 1.6080521 1.9730851 1.8419036 3.4476758 1.7982376 1.7715778 5.3445629 1.9334793 1.8097814 1.8709812 1.9165102 2.0902172 2.2683208 2.6693306 2.1159218 2.0821637 2.3437425 2.0756961 2.2151117 2.2151117 2.2468029 2.2535736 2.2889018 2.1115920 2.1115920 2.0058361 2.0795861 2.3676399 2.7490659 2.5991407 2.7901687 2.1102286 2.0670041 2.4727167 1.9535005 2.6665632 2.5058110 2.6700036 2.7346578 2.6507415 3.3971648 2.7792096 2.4734633 3.4047110 
Sanmal_Sma_005637-T1                                   2.1046556 2.2214875 2.2363574 2.2480130 2.0632119 1.0067221 1.1548965 1.0867105 1.0643935 1.2031308 0.9546049 1.1868398 0.7032469 0.3272814 0.3190785 0.3043433 0.0000000 0.7756721 0.6619640 0.9661035 0.9877262 1.0137988 1.1310668 1.0565076 1.2196686 1.2502316 1.0486646 1.0375001 1.1613475 1.5247103 1.1855759 1.3517697 1.5229267 1.3614119 1.5462626 1.4144441 1.4067154 1.4424965 1.5767155 1.5561381 1.5744315 3.0254639 2.9057518 2.8020743 2.4012694 3.1528952 3.2766220 3.1288905 2.6897204 2.1547777 2.1400353 2.1927369 1.9971494 2.1678882 2.1339200 8.9999987 2.1417908 1.8589132 5.9434982 1.9668723 1.9880766 2.1119957 2.0827821 2.1700899 2.3338668 2.7344861 2.2027100 2.1644921 2.4506447 2.1330098 2.2137227 2.2137227 2.2607132 2.2721646 2.4507740 2.1967014 2.1967014 2.1464290 2.0348784 2.2983514 2.6074411 2.5365066 2.4762315 2.2533827 2.2154748 2.5701272 2.0796891 2.5751660 2.5270830 3.0147126 2.8906004 2.6349381 3.5561063 2.9582498 2.5384520 3.5705951 
Hvul_g31055_1                                          2.1747589 2.2739213 1.6905515 2.2886290 2.1561084 1.1239420 1.1733642 1.2633566 1.1631153 1.2677581 1.0927170 1.3022350 0.7383324 0.7335251 0.7016646 0.7822478 0.7756721 0.0000000 0.4016041 1.0230683 1.0211030 1.0824840 1.1846259 1.1738759 1.4320145 1.3841272 1.0659609 1.0113018 1.0771774 1.5200598 1.1606288 1.4540131 1.4520864 1.4987668 1.6116235 1.3802462 1.3905754 1.4624276 1.6862919 1.6391704 1.6534019 3.6852369 3.2953929 3.2717981 3.0829404 3.1593420 3.4154214 3.0290683 2.7041101 2.1269472 2.1399422 2.0579394 2.0193690 2.1910985 2.0959985 5.6877020 2.1752891 1.8527170 7.1819687 1.8515828 1.9424480 1.9630416 1.9685413 2.0508537 2.2487250 2.9692881 1.8367725 2.2829900 2.0505791 2.1687190 2.3445693 2.3445693 2.3748796 2.4129135 2.5422060 2.2875108 2.2875108 2.3861462 2.2457074 2.2880387 2.8554562 2.5766191 2.6042832 2.0379283 1.9468185 2.5731823 2.1616452 2.6828619 2.5494917 2.9917338 2.9210101 2.7853054 3.7911822 3.5447838 2.8083233 3.4344515 
Chem_TCONS_00002643                                    2.0671410 1.9797702 1.9724477 2.1394802 1.9235178 1.0647971 1.1659968 1.1214204 1.0713293 1.1379719 1.0408124 1.2429808 0.6922685 0.6657099 0.6535091 0.6907141 0.6619640 0.4016041 0.0000000 0.9349247 0.9445876 0.9580472 1.0572150 1.0271296 1.1463837 1.1419598 0.9959660 0.9637311 1.0562840 1.4342825 1.1380224 1.3421936 1.3790191 1.2929535 1.5896689 1.3361571 1.3258268 1.3730925 1.4525004 1.4774948 1.4906999 3.3398065 3.0644870 2.6325241 2.4090603 2.8093281 3.0356560 2.9836791 2.3963608 1.9428740 1.8813487 2.0023664 1.9739185 2.0222096 1.9243547 5.2822464 1.9300224 1.8813808 6.3392334 1.8099427 1.8653151 1.9470235 1.9530989 2.1803555 2.0772921 2.8655121 1.7192831 2.0557910 2.0461458 2.0330899 2.1552018 2.1552018 2.0943464 2.1767695 2.2474788 2.1500059 2.1500059 2.1484416 2.0231094 2.2416992 2.6254000 2.5381560 2.6983096 1.9946533 1.9278674 2.3301983 1.9955083 2.6571101 2.2819795 2.8159560 2.8504105 2.6841543 3.4175294 3.0277343 2.4983002 3.2940027 
Spis_XP_022803809_1                                    2.1082493 2.0752537 1.9872086 1.8450504 1.9026422 1.0277693 1.1654561 1.0905838 1.0727570 1.1395954 0.9982265 1.1766656 0.9686539 0.9486434 0.9778645 0.9623750 0.9661035 1.0230683 0.9349247 0.0000000 0.0496056 0.1362869 0.1969927 0.2125027 0.4007825 0.3789415 0.5116319 0.4737829 0.9312941 1.2983676 0.9948920 1.1217085 1.3985434 1.3301242 1.4615854 1.2809390 1.2860575 1.3141101 1.4116087 1.4070055 1.4210484 3.3549461 2.7682465 2.7246190 2.5068566 2.9812735 3.1080409 2.6619492 2.4508380 2.0146823 2.0132991 2.1067082 1.8096235 2.1333944 2.1248221 1.4989384 2.2156704 2.0944347 6.8738277 2.0267041 1.7735711 1.9126496 1.8834746 2.1472456 2.1795845 2.7624407 1.9219224 2.1918160 2.2434733 2.1784001 2.2480074 2.2480074 2.1759111 2.1613841 2.4328040 2.0564291 2.0564291 2.1330412 2.0150375 2.1669468 2.4075615 2.2282289 2.7009152 2.3095927 2.1061360 2.4280099 2.2712779 2.5097533 2.2764045 3.0131210 3.0615698 2.5315940 3.7726845 3.2794201 2.6105900 3.4546449 
Pocdam_XM_027192485.1                                  2.1070440 2.0474945 2.0367110 1.8923433 1.9426266 1.0591733 1.1874417 1.0995401 1.0811080 1.1529053 1.0192928 1.2147889 0.9803778 0.9539594 0.9838142 0.9942192 0.9877262 1.0211030 0.9445876 0.0496056 0.0000000 0.1328894 0.1819736 0.2204763 0.4055333 0.3881089 0.5053561 0.4742459 0.9456735 1.3091199 1.0253173 1.1380271 1.4472716 1.3726752 1.4530492 1.3010090 1.3091470 1.3384606 1.4319008 1.4352974 1.4513663 3.3645060 2.7381346 2.7700637 2.6560135 3.0217908 3.1621946 2.7307477 2.4347698 2.0832305 2.0675163 2.1474137 1.8166472 2.1230960 2.0805650 1.4989384 2.1914055 2.0580284 6.8030974 2.0044925 1.8001927 1.9687559 1.9456017 2.1404436 2.1501793 2.7096431 1.9519351 2.1876282 2.2411365 2.2380601 2.3270307 2.3270307 2.2054611 2.1936118 2.4771476 2.0519739 2.0519739 2.1406429 2.0318296 2.2094784 2.3726469 2.2626466 2.8086310 2.3497784 2.1006310 2.4933070 2.2822297 2.5935111 2.3146201 2.9999371 3.0694483 2.5385978 3.7501943 3.2639443 2.7861025 3.5172702 
Fspp_ffun1.m4.6464.m1                                  2.1361557 2.1207906 1.9452357 1.9974580 1.9149839 1.0065397 1.1928269 1.1023786 1.0842227 1.1477357 1.0251659 1.1972857 0.9818363 0.9667489 0.9952157 0.9897167 1.0137988 1.0824840 0.9580472 0.1362869 0.1328894 0.0000000 0.1741213 0.1978640 0.4015586 0.3874079 0.5307937 0.4800900 0.9303772 1.3189279 1.0149604 1.1241241 1.4488511 1.3995368 1.5000705 1.3111504 1.3174476 1.3584873 1.4597155 1.4398167 1.4454384 3.2032456 2.7474621 2.7273644 2.6288066 3.1483152 3.2355318 2.7919452 2.5768631 2.1177833 2.1393852 2.2478061 1.8620263 2.0759115 2.0573155 1.6033843 2.1698586 2.0922234 6.7011698 1.9865958 1.8503387 2.0389506 1.9351294 2.2647234 2.0378520 2.4451441 1.8753186 2.1440538 2.1536332 2.2287234 2.3664926 2.3664926 2.1767041 2.1881930 2.4111033 2.0588093 2.0588093 2.1075890 1.9833280 2.1311740 2.4659636 2.2977503 2.9738275 2.2556631 2.1437925 2.5320547 2.2739828 2.5914125 2.3036282 3.0380367 3.1349036 2.6038339 3.8424441 3.3191490 2.7172527 3.3600326 
Gasp_gasp1.m3.12187.m1                                 2.3588503 2.2416003 2.0572045 2.2720155 2.0387367 1.1987568 1.3697736 1.2320171 1.2746254 1.3554514 1.3088013 1.4139795 1.1077377 1.0752093 1.1015551 1.1376909 1.1310668 1.1846259 1.0572150 0.1969927 0.1819736 0.1741213 0.0000000 0.2133875 0.4131216 0.5082074 0.6272814 0.5756979 1.0389100 1.2849103 1.1512482 1.1063163 1.9397468 1.5662503 1.7357406 1.3935702 1.4003842 1.4303097 1.5368485 1.5412837 1.5012301 3.6436235 2.8265837 2.7969622 2.6750632 3.2710342 3.3120340 2.8986067 2.5961103 2.2339337 2.2366367 2.5824714 2.2384713 2.2365688 2.2529755 1.5306671 2.3339904 2.3926908 6.7503339 2.1658685 2.0599703 2.3362152 2.2348089 2.4279844 2.5624664 2.6531603 2.5899317 2.5177337 2.7684657 2.5532866 2.6344076 2.6344076 2.4367400 2.4448845 2.7769185 2.3838289 2.3838289 2.4519969 2.4264536 2.6746034 2.6266969 2.3081185 2.8658612 2.4576991 2.3232916 2.8000360 2.5569693 2.6466291 2.3909412 3.1773466 3.1814905 2.9485845 3.6923917 3.4983690 2.9298187 3.6236761 
Gfas_gfas1.m1.13643.m1                                 2.1373328 2.1204714 1.7959150 2.0572281 1.9205831 1.0747531 1.2583346 1.1255469 1.1699929 1.2696347 1.1766129 1.2526502 1.1300722 1.0727647 1.0920552 1.0813871 1.0565076 1.1738759 1.0271296 0.2125027 0.2204763 0.1978640 0.2133875 0.0000000 0.3209536 0.3814177 0.5697141 0.5665246 1.0257465 1.3296679 1.1351130 1.1849099 1.7085580 1.4145653 1.5129310 1.4509207 1.4533144 1.4776039 1.5471736 1.5266409 1.5395537 3.2177895 2.5976833 2.7053601 2.5004819 2.9853574 3.1143637 2.6224838 2.3198568 2.2066549 2.1925144 2.2414953 2.0401149 2.1370344 2.0553826 2.7118599 2.1790946 2.2359406 7.2083304 2.0789757 1.9246060 2.1724857 2.0874263 2.0875918 2.2165826 2.4932521 2.2234026 2.2232961 2.4335739 2.2363341 2.3534702 2.3534702 2.1698617 2.1721338 2.4870424 2.1451873 2.1451873 2.1689858 2.0847479 2.3511591 2.5259930 2.2930144 2.7398682 2.1293978 2.1526374 2.5249904 2.3334541 2.4419386 2.2093435 3.0194042 2.9597533 2.4802775 3.6836871 3.1773337 2.7619942 3.4358328 
Amil_Amillepora12310-RA                                2.0915096 2.3173625 2.2360777 2.0607513 2.1694434 1.2446926 1.3872605 1.2605236 1.2733256 1.4172922 1.5136505 1.4232497 1.1467040 1.1850304 1.2257425 1.1490071 1.2196686 1.4320145 1.1463837 0.4007825 0.4055333 0.4015586 0.4131216 0.3209536 0.0000000 0.0818515 0.7601702 0.6968310 1.1539008 1.3325357 1.2116692 1.2722396 1.8294651 1.6434355 1.8990131 1.6045673 1.5964640 1.6272932 1.7348359 1.7361418 1.6878024 3.6433961 3.3412284 2.8663852 2.7496586 3.2126240 3.2654476 3.1257041 2.7950066 2.4095135 2.2734379 2.4424001 2.2698683 2.3701486 2.3381708 1.9997952 2.4002230 2.5884702 6.5962725 2.1659660 2.0790509 2.2377280 2.2466049 1.9084105 2.5224942 2.8126902 2.4118353 2.4641848 2.6703317 2.5988855 2.3614263 2.3614263 2.5657477 2.5590198 2.6730191 2.3116222 2.3116222 2.3312504 2.2146861 2.5206786 3.0972406 2.2894608 3.3271547 2.3161489 2.3742529 2.8548129 2.5003516 2.6615918 2.5486195 2.8825007 3.0834764 2.9222911 3.7188076 3.2237914 2.8749468 3.5243209 
Adig_XM_015918166.1                                    2.1149049 2.2725907 2.5541761 1.8743697 2.0535730 1.1734259 1.2875433 1.1952082 1.1606593 1.2922700 1.2994208 1.2386618 1.0907685 1.1798205 1.2380420 1.0546981 1.2502316 1.3841272 1.1419598 0.3789415 0.3881089 0.3874079 0.5082074 0.3814177 0.0818515 0.0000000 0.7541815 0.6553241 1.0735432 1.3035128 1.1313340 1.3509520 1.2637729 1.5122602 1.6211575 1.5662755 1.5590975 1.5999491 1.6822375 1.6713859 1.6982154 3.7429162 3.2213626 2.8619052 2.7485413 3.2623081 3.1941044 3.1997775 2.7220636 2.2266102 2.1309564 2.1634736 1.8481809 2.2019313 2.1881004 1.9997952 2.3187167 2.5499553 6.9513700 2.1186332 1.9666678 1.9446379 2.0239287 2.4652862 2.2535725 2.8359192 2.0293064 2.3248283 2.2838236 2.3853007 2.3200795 2.3200795 2.4469729 2.4462162 2.2977770 2.2051954 2.2051954 2.2965248 2.0329467 2.2213095 2.9864893 2.4266986 3.2219954 2.2111545 2.2151785 2.6550508 2.3592364 2.7362578 2.6281846 2.7321755 2.9450491 2.8405782 3.6451254 3.2521665 2.8886796 3.3682654 
Exapal_XM_021039420.2                                  2.0888975 2.1583716 1.8045942 2.0301077 1.9231470 1.0285408 1.1443707 1.0765974 0.9859925 1.1480971 0.8923867 1.1511124 0.9550836 1.0152723 1.0333689 1.0573125 1.0486646 1.0659609 0.9959660 0.5116319 0.5053561 0.5307937 0.6272814 0.5697141 0.7601702 0.7541815 0.0000000 0.3536789 0.9316387 1.4114154 0.9918056 1.1167191 1.4104826 1.2670467 1.4748498 1.3348911 1.3428408 1.3465015 1.4597458 1.4958643 1.5083907 3.3419179 2.5966784 2.7052547 2.5858720 2.8642392 3.0123515 2.6775502 2.3851674 2.0151435 2.0259319 1.9960305 1.7902112 2.0011194 2.0016655 2.6448321 2.1220450 2.0366489 7.2543509 1.9313626 1.9292072 2.1572278 1.9248721 2.3336504 2.0274299 2.4411475 1.9085344 1.9683938 1.9980158 2.1096816 2.1668269 2.1668269 1.9679881 1.9890542 2.2939550 2.0610490 2.0610490 1.9985109 1.9761650 2.0380182 2.5134625 2.3053508 2.7308124 2.1413031 2.0861418 2.5752827 2.3871493 2.4762471 2.4311256 2.8660271 2.8527672 2.6668467 3.4315741 3.1723592 2.4951863 3.5987839 
Nvec_v1g246794                                         2.0893214 2.1762265 1.9636814 1.8854449 1.6806897 0.9609857 1.1162121 1.1369517 0.9839650 1.1066942 0.9109363 1.0780086 0.9220110 0.9413336 0.9695152 0.9573304 1.0375001 1.0113018 0.9637311 0.4737829 0.4742459 0.4800900 0.5756979 0.5665246 0.6968310 0.6553241 0.3536789 0.0000000 0.9052584 1.6159281 0.9950963 1.1098510 1.3959079 1.2871712 1.4480376 1.3014728 1.3166368 1.3460192 1.4921907 1.4534667 1.4528973 3.3740781 2.6217088 2.5174287 2.3587401 2.5768025 2.6206526 2.4975562 2.2633922 1.9056629 1.9210130 2.0357887 1.6167121 1.7986373 1.7770156 1.7824716 1.8470703 1.8387926 6.7901520 1.8823522 1.6648780 1.8589671 1.8008338 2.2137404 2.1406083 2.6271530 2.0000613 1.9895428 2.0676911 2.1819266 2.2912828 2.2912828 2.0318310 2.0164900 2.2388699 2.0608271 2.0608271 2.0507437 2.0526795 2.3044284 2.3236345 2.2029767 2.1460867 2.1594570 1.9642802 2.4528622 2.2136274 2.4626692 2.3083024 2.8293114 2.7787438 2.6016312 3.3348361 3.1540404 2.3332538 3.1530791 
Dgig_XM_028540134.1                                    2.0491328 2.0642382 2.0256289 1.9052273 1.7451655 1.0680005 1.0896117 1.1221756 1.0027884 1.1572669 0.9942090 1.1111088 1.0117352 1.0950842 1.0870903 1.0788611 1.1613475 1.0771774 1.0562840 0.9312941 0.9456735 0.9303772 1.0389100 1.0257465 1.1539008 1.0735432 0.9316387 0.9052584 0.0000000 0.3229001 0.2345655 0.2955736 0.7155752 1.2956845 1.4489646 1.1744245 1.1818742 1.1654290 1.3289408 1.3638876 1.3770489 3.2609476 2.9879373 2.6897452 2.5666555 2.7869614 2.9859196 2.9895384 2.6671015 1.8912639 1.8954190 2.1024044 1.7565222 1.8086403 1.7911206 3.8010725 1.9418230 1.7911695 5.8460959 1.8576366 1.6752834 1.9398495 1.8793358 2.1931929 1.9524613 2.4225324 1.7544638 1.9108204 1.8168080 1.9696154 2.0066783 2.0066783 2.0216795 2.0313694 2.2456266 1.9119019 1.9119019 1.9901586 1.8490215 1.9050534 2.5864849 2.3991981 2.2927176 2.1444926 1.9996138 2.2308584 2.0931077 2.3384215 2.5051476 2.6664126 2.7560446 2.4904508 3.2338246 3.0690309 2.6326609 3.3280778 
Xesp_025173-T1                                         2.4323864 2.5651477 0.0000010 2.0405011 2.0264995 1.6670585 1.5561799 1.6235490 1.2086569 1.4904337 2.3402454 1.4729047 1.3781302 1.4958486 1.5326212 1.5283342 1.5247103 1.5200598 1.4342825 1.2983676 1.3091199 1.3189279 1.2849103 1.3296679 1.3325357 1.3035128 1.4114154 1.6159281 0.3229001 0.0000000 0.0425687 0.1348136 0.1585788 1.6793438 1.8777812 1.5242082 1.5274806 1.5577705 1.5011732 1.8504106 1.8684548 4.4253910 4.1273785 6.5936020 0.0000010 4.2580971 4.8539053 4.5080440 3.3080161 1.7957738 1.9440970 3.8054173 3.0574168 2.1537610 2.1123628 4.3978499 2.0116954 4.3978499 6.8707343 2.1879012 1.8792376 2.3341228 2.0023652 8.9999986 2.6866021 2.7353021 2.8613064 2.7236794 2.6800913 3.0757462 2.6768246 2.6768246 2.8508121 2.8033721 2.8033721 2.5395395 2.5395395 2.7639722 2.4508200 3.0610325 3.5630883 2.6559477 0.0000010 2.5356318 2.2831151 2.7378603 2.7227007 2.4132437 3.7217656 2.7933635 3.3874996 2.6602026 3.7003313 3.0721536 2.9767562 3.0963688 
Xesp_025178-T1                                         2.2308080 2.2231892 2.1898770 2.0000429 1.8365677 1.1381764 1.1885913 1.2180549 1.1003455 1.2110988 0.9947144 1.1755447 1.0930661 1.1593052 1.1636866 1.1387809 1.1855759 1.1606288 1.1380224 0.9948920 1.0253173 1.0149604 1.1512482 1.1351130 1.2116692 1.1313340 0.9918056 0.9950963 0.2345655 0.0425687 0.0000000 0.0507203 0.4759658 1.3779283 1.4739646 1.2747259 1.2850426 1.2884392 1.4367739 1.4444819 1.4673697 3.3982496 3.1701286 2.8563767 2.8211011 2.8894804 3.1588118 2.9303907 2.8120793 1.7976178 1.8530981 2.0519395 1.7564221 1.8173346 1.8162806 5.1788451 1.9711013 1.7808632 5.5332859 1.8184646 1.6929498 1.9529418 1.9435010 2.3542906 1.9615427 2.3899971 1.7669940 1.9476939 1.8847507 1.9980596 2.0106287 2.0106287 2.0854141 2.0793282 2.2601584 1.9884453 1.9884453 2.0273550 1.9198637 2.0409001 2.6678131 2.4054447 2.5472787 2.3417997 2.0738187 2.3247257 2.1563727 2.5210143 2.5399633 2.6769864 2.8293257 2.5614027 3.3590791 3.1511949 2.6622597 3.3276881 
Xesp_025170-T1                                         2.2773447 2.2114208 2.1492099 2.1799007 1.8907248 1.3157927 1.3002818 1.3275351 1.2117465 1.3824834 1.1270249 1.3289723 1.2024463 1.3170877 1.3276875 1.4518180 1.3517697 1.4540131 1.3421936 1.1217085 1.1380271 1.1241241 1.1063163 1.1849099 1.2722396 1.3509520 1.1167191 1.1098510 0.2955736 0.1348136 0.0507203 0.0000000 1.3134462 1.6449181 1.6581075 1.3517563 1.3555421 1.3363570 1.5088141 1.5205710 1.5267175 3.3721992 3.1594370 2.9861430 2.8376030 2.8847299 2.9372025 2.9378757 2.7801652 2.0663782 2.0229865 2.1893425 2.0835056 1.9085190 1.9483377 6.0920828 2.0880671 1.9024598 5.7211632 1.9220868 1.8859718 2.2863404 2.1792529 2.3518205 2.3533396 2.6110240 2.2276668 2.1685025 2.4061408 2.2483095 2.2386297 2.2386297 2.2837514 2.2936290 2.6105798 2.2396928 2.2396928 2.1145045 2.0751203 2.4805253 2.5376963 2.3416213 2.5792700 2.4667232 2.1847451 2.3891061 2.3777166 2.4570848 2.4966946 2.7467721 2.8071128 2.7319176 3.4076643 3.0940356 2.7958170 3.2544953 
Xesp_025177-T1                                         2.5571090 2.9428622 3.0511453 2.3534833 2.3132874 1.4784830 1.4750313 1.5202380 1.3505654 1.5346174 1.5095818 1.3065265 1.6088657 1.5561646 1.5706808 1.0531682 1.5229267 1.4520864 1.3790191 1.3985434 1.4472716 1.4488511 1.9397468 1.7085580 1.8294651 1.2637729 1.4104826 1.3959079 0.7155752 0.1585788 0.4759658 1.3134462 0.0000000 1.4019545 1.5634714 1.7044073 1.7023790 1.7699404 1.7649519 1.8003656 1.9619664 4.1480045 3.5297755 3.5692160 3.3144992 3.2624855 3.4801403 3.7452482 3.6107843 1.6250120 1.8035101 2.4443715 1.8845230 2.0881247 2.1142610 9.0000000 2.2012171 2.2522096 8.8998374 2.1203346 1.8891479 1.6894691 1.9960596 3.2717085 2.0328474 2.2363162 1.9812721 2.4041761 1.9570790 2.3689031 2.3839019 2.3839019 2.4361678 2.3667995 2.3418528 2.3008977 2.3008977 2.5512454 2.0709544 2.0142271 3.2181570 3.5334474 3.6326063 2.7227408 2.6045843 2.7503947 2.5189102 3.6148199 3.3183641 3.4044307 3.1959646 3.0535269 4.5003708 3.6101444 3.4007308 4.6001340 
Tcas_TC000603_001                                      2.3663155 2.3743671 2.4567643 2.2308765 2.1254690 1.1062741 1.1567696 1.0776243 0.9219915 1.1825546 1.0248304 1.1233318 1.3587959 1.3787383 1.3480020 1.3891274 1.3614119 1.4987668 1.2929535 1.3301242 1.3726752 1.3995368 1.5662503 1.4145653 1.6434355 1.5122602 1.2670467 1.2871712 1.2956845 1.6793438 1.3779283 1.6449181 1.4019545 0.0000000 1.0791482 1.4929308 1.5140229 1.4966381 1.5868550 1.6314679 1.6294594 3.1650617 2.8710851 2.9697575 2.8656533 3.4243460 3.5567106 3.1505704 2.7896388 2.0940583 1.9720049 2.1169153 2.0402023 2.1207163 2.1047450 2.4794840 2.2383801 2.1342122 6.3139067 2.1215299 2.2649874 2.4062234 2.0628664 2.1826074 1.9937933 2.2002997 1.9351341 2.0125718 1.9188840 2.0491051 2.1795003 2.1795003 2.0048078 2.0590952 2.0597420 2.0910742 2.0910742 2.1117517 1.9032099 1.9583628 2.4976571 2.4282163 2.5733652 2.1281765 2.1456151 2.5052411 2.1834311 2.5456906 2.6323425 2.9860812 2.8950272 2.7004335 3.1619277 2.9389475 2.7595333 3.5830926 
Dpul_mRNA26050                                         2.4884986 2.5293372 2.4586264 2.6459180 2.0506245 1.2156402 1.3103725 1.2927674 1.1644895 1.2971073 1.1102087 1.2316377 1.5662794 1.5352989 1.5275856 1.4520716 1.5462626 1.6116235 1.5896689 1.4615854 1.4530492 1.5000705 1.7357406 1.5129310 1.8990131 1.6211575 1.4748498 1.4480376 1.4489646 1.8777812 1.4739646 1.6581075 1.5634714 1.0791482 0.0000000 1.7354096 1.7602222 1.7175112 1.9504279 1.8869234 1.9093352 3.3281911 2.7172127 3.5938682 3.4934999 3.7323469 3.9090506 3.2853644 2.8704342 2.3205909 2.1948756 2.3949179 2.0518134 2.1360328 2.1728977 5.3205970 2.4278303 2.3889895 6.5187283 2.1719035 2.3424860 2.5982843 2.1777839 2.7677119 2.2951084 2.5423356 2.3719976 2.3011329 2.3077732 2.2564979 2.4979346 2.4979346 2.3564630 2.3732615 2.5123695 2.5223942 2.5223942 2.3811255 2.1100349 2.1911554 2.5757969 2.5426160 2.6435121 2.3010376 2.3470890 2.4123629 2.3580559 2.6916697 2.6590906 2.8223534 3.0070923 2.8340537 3.7912405 3.2206668 3.0736598 3.5835474 
HoiH23_PlH23_001001-RA                                 2.0536794 1.9847618 1.8599760 2.1312643 1.8649861 1.1663264 1.1912991 1.1501527 1.1624213 1.2573896 0.9638477 1.1672940 1.3848320 1.3905112 1.3753000 1.3916183 1.4144441 1.3802462 1.3361571 1.2809390 1.3010090 1.3111504 1.3935702 1.4509207 1.6045673 1.5662755 1.3348911 1.3014728 1.1744245 1.5242082 1.2747259 1.3517563 1.7044073 1.4929308 1.7354096 0.0000000 0.0273784 0.0764143 0.1677444 0.1934926 0.2071455 3.3680059 2.5679283 2.1689476 1.8458723 2.9549564 3.0446586 2.8655882 2.4507658 1.9902748 1.9766928 2.1878208 1.5960909 1.8675371 1.8597634 2.9057983 1.8563149 1.7139187 7.0193968 1.9068797 1.7718950 1.8226190 1.8288785 2.1087658 2.2944324 2.6242437 2.0768208 2.0151886 2.3607836 2.1614376 2.1702416 2.1702416 2.1105096 2.0976785 2.2899054 1.9648150 1.9648150 2.0087103 2.0464433 2.4186759 2.3111713 2.3656971 2.1640203 2.2859868 2.0468610 2.1783396 2.0742431 2.4826907 2.4390392 2.8292560 2.8933380 2.5515383 3.2525265 2.8183080 2.5558873 3.2265168 
HoiH06_mRNA6569                                        2.0491881 1.9885900 1.8599157 2.1225880 1.8820509 1.1756822 1.2030285 1.1600372 1.1784494 1.2606361 0.9805137 1.1856942 1.3913322 1.3994654 1.3936040 1.4031233 1.4067154 1.3905754 1.3258268 1.2860575 1.3091470 1.3174476 1.4003842 1.4533144 1.5964640 1.5590975 1.3428408 1.3166368 1.1818742 1.5274806 1.2850426 1.3555421 1.7023790 1.5140229 1.7602222 0.0273784 0.0000000 0.0736928 0.1505239 0.1854675 0.1984420 3.3287176 2.5673783 2.2305674 1.8843027 2.9521714 3.0195409 2.8571821 2.4693831 1.9831034 1.9568476 2.1535469 1.6180778 1.8482360 1.8538301 3.6634828 1.8463357 1.7312474 6.9412652 1.9031073 1.7618792 1.8329547 1.8623044 2.1664794 2.3269832 2.6745044 2.0971829 2.0325533 2.3994368 2.1431342 2.1562303 2.1562303 2.1284542 2.1155025 2.3063422 1.9639918 1.9639918 2.0203958 2.0704001 2.4217692 2.3728922 2.4001910 2.1460151 2.2735247 2.0607414 2.2038177 2.1229112 2.4756175 2.4537462 2.8882401 2.9137417 2.6067625 3.2510727 2.8741811 2.5752033 3.1949552 
Hhon_g01649.t1                                         2.0102176 1.9740216 1.8579535 2.0960304 1.8718928 1.2191682 1.2137611 1.1815264 1.1907859 1.2591038 1.0352368 1.1665612 1.3866337 1.4232248 1.4149466 1.4086538 1.4424965 1.4624276 1.3730925 1.3141101 1.3384606 1.3584873 1.4303097 1.4776039 1.6272932 1.5999491 1.3465015 1.3460192 1.1654290 1.5577705 1.2884392 1.3363570 1.7699404 1.4966381 1.7175112 0.0764143 0.0736928 0.0000000 0.1556212 0.2031853 0.2139193 3.2948245 2.4731295 2.2090561 1.8984730 3.0008828 3.0748969 2.8909025 2.5152586 2.0136486 1.9692062 2.2127939 1.6258850 1.8096964 1.8210234 2.2423658 1.8146836 1.6581850 6.5659511 1.9009035 1.8306527 1.8923718 1.9121170 2.2027927 2.2664306 2.6264389 2.0498242 2.0084947 2.3583475 2.1501171 2.1660985 2.1660985 2.0852615 2.0724855 2.2276127 1.9666737 1.9666737 2.0185546 2.0033688 2.3880605 2.3779077 2.3855420 2.1532100 2.3581687 2.0462965 2.2322014 2.1322855 2.4589390 2.4461663 2.9209816 2.9368530 2.6288725 3.2841414 2.8560936 2.6039592 3.2196015 
HoiH11_mRNA7631                                        2.1257426 2.1485881 1.9289756 2.3363512 1.9765814 1.3326950 1.3302269 1.2551218 1.2648712 1.3777775 1.0548550 1.2957416 1.4893030 1.5740611 1.6069740 1.6425996 1.5767155 1.6862919 1.4525004 1.4116087 1.4319008 1.4597155 1.5368485 1.5471736 1.7348359 1.6822375 1.4597458 1.4921907 1.3289408 1.5011732 1.4367739 1.5088141 1.7649519 1.5868550 1.9504279 0.1677444 0.1505239 0.1556212 0.0000000 0.1769320 0.1867078 3.5968654 2.5330623 2.2153498 1.8665331 3.2050955 3.3109469 3.1829381 2.9148081 2.2147175 2.1377868 2.2251366 1.6923387 2.0156603 2.0490223 6.0330146 2.0173917 1.8913453 7.4325090 2.1653453 1.9405341 1.8385445 2.0566536 2.2151028 2.4827809 2.9631474 2.1155282 2.2189966 2.4925600 2.3652763 2.3284438 2.3284438 2.2595119 2.2442182 2.4299088 2.1507511 2.1507511 2.2190513 2.2374154 2.6673174 2.6412847 2.5877035 2.2425608 2.3928463 2.2546518 2.5067150 2.3083654 2.6812438 2.6096937 3.1830135 3.2131251 2.8453273 3.4480846 3.0675219 2.8344650 3.4269495 
