127
Spur_XM_030981113.1                                               0.0000000 2.3134397 1.7496130 1.5794090 1.7150772 1.9318854 1.8482233 4.1306444 3.8140912 1.7008295 1.5294890 1.3296423 1.3374785 1.8332571 0.0000010 2.7273825 0.0000010 1.7096109 0.0000010 1.4528839 1.7291609 1.6695925 4.6702726 5.3076369 3.1070936 2.0432493 2.8869511 1.6226074 0.9078751 1.0406278 0.9079806 1.6613686 4.3437028 1.9362709 1.9131888 1.8236692 1.8236692 1.8864181 1.6375627 6.3373969 1.7788639 1.7922394 1.7922394 1.7922394 1.7922394 1.5581110 1.6137289 1.5581110 1.6687637 1.5441301 1.7284597 1.7009319 1.6023827 1.6023827 0.0000010 1.6970105 1.6543801 0.0000010 1.6281997 1.2855176 1.5620926 1.6859066 0.0000010 1.4033281 1.2532910 1.7724933 1.7338586 1.7317947 1.9290163 3.1995630 1.0363626 1.3044242 1.2298822 7.9615514 1.5783444 1.9902284 1.4522733 1.1795649 1.2741038 2.7152412 3.6860377 3.6860377 1.8466702 1.6973212 1.7072603 0.0000010 2.2592707 2.0583866 2.2102038 0.0000010 1.8641185 7.4678909 2.9845711 2.0356109 2.5607210 1.4123386 1.9391396 2.0915235 7.4145652 7.4145652 2.1200548 7.3962998 1.9306147 7.3962998 2.6315758 2.1494041 2.2673865 2.3910886 2.2498015 1.9982930 1.7892116 1.5822967 1.9608638 8.9999990 1.9839963 2.4383091 7.3765080 5.3453359 5.5016845 4.6473006 3.2771634 3.2771634 1.5735399 1.2813387 5.4494436 2.7780214 1.7784580 
Amil_Amillepora06411-RA                                           2.3134397 0.0000000 0.3082489 0.2816181 0.2480645 0.2312833 0.2161677 0.0340195 0.5316810 0.5906892 0.8711134 0.9826275 1.0449241 0.8798500 0.7471911 0.8624794 0.6231829 0.9305265 0.6465704 0.6606954 0.8011730 0.8109998 0.9831246 1.2037672 1.0204517 0.8766071 0.8565820 0.7227083 0.7850891 0.8442744 0.8058021 0.7456530 1.0188977 0.9213723 0.9300464 0.8994158 0.9002573 0.9066240 0.8749222 0.9992268 1.0327122 1.1534554 1.0536084 1.0669846 1.0917215 0.9814873 1.0811053 1.0339554 1.0431510 2.2258813 1.0669078 1.0594981 0.9816299 0.9816299 0.7725989 1.0378368 0.9743975 0.7948799 1.1922946 1.0858656 1.0170999 1.4603209 1.0563260 0.9012405 0.8403923 0.6972910 1.5596269 1.7177826 0.7431568 0.9055811 0.9163288 0.8238126 0.8954139 0.8531403 1.0422430 0.8787515 1.0095058 0.9701639 1.6494994 1.2661637 1.9692063 1.2301316 1.1240193 1.2848033 1.1506698 1.2472599 1.4619898 2.2301613 1.4321605 1.3349759 1.4124657 1.7779234 1.1099009 1.3535184 1.3800835 1.1729270 1.0703302 1.2800218 1.4243125 2.1723235 1.2332689 2.1716585 1.8906716 3.7284009 1.2775356 1.1921576 1.2507178 0.7738231 1.2287747 1.4174077 1.2979739 1.1976283 1.2179349 1.0729582 1.2135467 1.2883966 1.1668959 1.1594041 3.3276012 2.1016504 1.6595167 1.6595167 2.1145824 1.2067301 2.1358394 2.7725320 2.4281193 
Spis_XP_022794035_1                                               1.7496130 0.3082489 0.0000000 0.1147707 0.2404524 0.2347762 0.2504298 0.3600068 0.5893587 0.6226513 0.9637436 0.9974512 1.0146915 0.9125270 0.7610418 0.8839223 0.7718401 0.9707946 0.6134438 0.7174616 0.8508716 0.8249131 1.1182703 1.3474227 1.2157867 0.9624822 0.9211305 0.8080799 0.7632487 0.8760522 0.8450154 0.8134156 1.0555983 0.9182761 0.9280892 0.9090700 0.9097960 0.9324009 0.8900001 1.0752346 1.0813908 1.1343791 1.0925438 1.0198590 1.1244357 0.9616814 1.0921127 1.0508452 1.1049569 1.7802035 1.1567918 1.0775922 0.9665625 0.9665625 0.7485786 1.0832903 0.9169443 0.7051523 1.1724844 1.0878427 1.0495329 1.3386394 0.9658867 0.9344308 0.9181125 0.7232101 1.2132518 1.2225103 0.7513691 0.9024870 0.9481562 0.9045777 0.9374712 0.9102605 1.0298926 0.8838169 1.0490251 0.9309354 1.3008645 1.2890895 1.7582135 1.1397671 1.1234248 1.2724567 1.1667278 1.2002976 1.3400630 1.5756492 1.3480889 1.1305687 1.3092561 1.7459586 1.1639918 1.2257735 1.3675008 1.1508916 1.0827015 1.2505549 1.5012516 2.1589813 1.2416158 2.2329270 1.7867084 3.5191836 1.3617421 1.2194825 1.2565102 1.1328874 1.2831041 1.2906817 1.3189486 1.2166873 1.1652957 1.1109646 1.2045672 1.2935383 1.3417997 1.1584805 3.4574187 2.2374225 2.1057188 2.1057188 2.0941224 1.2719918 2.5225684 3.0016594 2.4939230 
Pocdam_XM_027204338.1                                             1.5794090 0.2816181 0.1147707 0.0000000 0.1999540 0.2013226 0.2226909 0.3313426 0.5812565 0.5836772 0.9108876 0.9437009 0.9781931 0.8626025 0.7710108 0.8138286 0.7194440 0.9150568 0.6159957 0.7138421 0.8314440 0.8170154 1.0850174 1.2383722 1.0820061 0.9239687 0.8736660 0.7877508 0.7433853 0.8379352 0.7923345 0.7959364 1.0237276 0.9144023 0.9162200 0.9010535 0.9017678 0.9222185 0.8787264 1.0670790 1.0879392 1.1533354 1.0597292 1.0532270 1.0886254 0.9799374 1.1101379 1.0802148 1.0923726 1.7864188 1.1383540 1.1053553 0.9692780 0.9692780 0.7557098 1.0585628 0.9637657 0.7796387 1.1473515 1.0912037 1.0623828 1.3710315 1.0146023 0.8648776 0.8650990 0.6889054 1.1299932 1.1444287 0.7175928 0.8997310 0.9450547 0.8840162 0.9276437 0.8776264 1.0127469 0.8559255 0.9693721 0.9628611 1.3022421 1.2553113 1.8241191 1.1206194 1.0677464 1.1942093 1.0840240 1.1667193 1.3440119 1.5875454 1.3095058 1.1626108 1.2857920 1.6766659 1.1331744 1.2154658 1.3549511 1.0891309 1.1326560 1.2715705 1.5278649 2.1747916 1.2297456 2.3545302 1.8784784 3.6683900 1.3089651 1.2147256 1.2947642 1.1616141 1.2746109 1.2757980 1.2983691 1.1974741 1.1215268 1.1128247 1.2149670 1.2541842 1.2763829 1.1081160 3.5713697 2.3110021 2.1067826 2.1067826 2.0557660 1.2063393 2.4172987 2.6817982 2.4680281 
Fspp_ffun1.m4.21566.m1                                            1.7150772 0.2480645 0.2404524 0.1999540 0.0000000 0.1371130 0.1535261 0.3005616 0.5848577 0.5824535 0.9549411 1.0194399 1.0496942 0.8887978 0.9430174 0.8025215 0.7517289 0.9686317 0.6794453 0.7402913 0.8503600 0.8791427 0.9727150 1.1462327 0.8981449 0.9298439 0.9350887 0.8209320 0.7336035 0.8539116 0.8322600 0.8275689 0.9819611 0.8952840 0.9066464 0.8603126 0.8568717 0.8938419 0.8528864 0.9661796 1.1060553 1.4868085 1.0994186 1.1692500 1.1384977 1.1880417 1.1869324 1.3675879 1.1098127 1.7173477 1.1435088 1.4022826 1.1897298 1.1897298 0.9998868 1.0676718 1.1052653 0.8065514 1.2290377 1.2748157 1.3981223 1.5622382 0.9640803 0.9535308 0.9564968 0.7168020 0.9858174 1.0115933 0.7538877 0.9108425 0.9259772 0.8739549 0.8907163 0.8067700 1.0331225 0.8024562 0.9350905 1.0313850 1.1997186 1.2705908 1.5251996 1.0456709 1.0768945 1.2987471 1.2333497 1.2252800 1.3914215 1.4632078 1.3218550 1.1088829 1.3913858 1.6949790 1.8615205 1.3123406 1.4382630 1.1812287 1.1830085 1.3969837 1.7910728 2.2237626 1.3364533 2.9836392 2.1439814 4.0203690 1.3685400 1.2481772 1.2828279 1.4891027 1.3642757 1.4669922 1.3760690 1.2723889 1.1922815 1.0170641 1.3022153 1.2942626 1.3485245 1.0860846 3.0659750 2.1122761 1.9949861 1.9949861 1.9835574 1.3395889 2.2407237 2.8983583 2.1696796 
Gasp_gasp1.m3.30216.m1                                            1.9318854 0.2312833 0.2347762 0.2013226 0.1371130 0.0000000 0.1870423 0.2534874 0.5464092 0.5541421 0.8956378 1.0152158 1.0400336 0.8746249 0.8293980 0.7490263 0.6698888 0.9281563 0.6523827 0.6876168 0.8451468 0.8427036 1.0724653 1.2017133 0.9454711 0.8679509 0.8384674 0.7508200 0.7149462 0.8045075 0.8017589 0.7924052 0.9341978 0.9169605 0.9286841 0.9016441 0.9024196 0.9306398 0.8846415 0.9475491 1.0559481 1.2995704 1.0643703 1.0868836 1.0900328 1.0933765 1.2288742 1.2276331 1.0757334 2.1587116 1.1168049 1.2715359 1.0832947 1.0832947 0.7575699 1.0346679 1.0295491 0.7366539 1.1562758 1.2005365 1.1156439 1.3676371 0.9234622 0.9193971 0.9191939 0.6884117 1.2523806 1.3052045 0.7282085 0.7680336 0.9207644 0.8578848 0.9159162 0.8036108 0.9976101 0.8381024 0.9494285 0.9879931 1.4883668 1.3057812 1.6239453 1.1244232 1.0928893 1.1963618 1.0836673 1.2101032 1.3606621 2.0166923 1.3329236 1.2953289 1.3136156 1.6024976 1.0664118 1.2584764 1.4107644 1.2304331 1.1162963 1.3056688 1.5229719 2.2188005 1.2459612 2.2434949 1.8303443 3.6168730 1.2891603 1.2136593 1.4237337 0.8752276 1.2660471 1.3070754 1.3360641 1.1995350 1.1321179 1.0436552 1.2089890 1.2885456 1.2825362 1.1039764 3.8074060 2.1285168 1.7508323 1.7508323 2.1526625 1.4874094 2.2139990 2.8998934 2.3014612 
Gfas_gfas1.m1.17594.m1                                            1.8482233 0.2161677 0.2504298 0.2226909 0.1535261 0.1870423 0.0000000 0.2381269 0.5521122 0.5888955 0.8968047 1.0290038 1.0203624 0.8401506 0.7504867 0.7825037 0.7258360 0.9013481 0.6490084 0.6963475 0.8143348 0.8161169 1.0902131 1.1545670 1.0744100 0.8980774 0.9058022 0.8037991 0.7604689 0.8423520 0.8129792 0.7867765 1.0648574 0.9322134 0.9365415 0.8999216 0.9006569 0.9177806 0.8814706 0.9864675 1.0433577 1.1976008 1.0665395 1.0838749 1.0946118 1.0254557 1.1584920 1.1143707 1.0513636 1.8257523 1.1073469 1.1531074 1.0286193 1.0286193 0.8110109 1.0171190 0.9946860 0.8106957 1.1551886 1.1457519 1.0960339 1.3607513 0.9393606 0.9199870 0.8704166 0.6953117 1.2285805 1.2367350 0.7615910 0.9086438 0.9044793 0.8537593 0.9335563 0.8611724 0.9788155 0.8237774 0.9794167 0.9964851 1.3427863 1.3068931 1.3816095 1.2692875 1.1073743 1.2180502 1.1331613 1.2486405 1.4006544 1.6306109 1.3469967 1.2246714 1.3366095 1.7637965 1.2036855 1.3031737 1.3471890 1.2420064 1.1048833 1.3222482 1.6079628 2.3644015 1.2498568 2.2485170 1.7782052 3.6179530 1.3510959 1.2192160 1.2973236 1.0894515 1.2862088 1.3816958 1.2772322 1.2067825 1.2051854 1.3578538 1.2666395 1.3188672 1.2980788 1.1188980 3.4451255 2.1685418 2.0438767 2.0438767 1.9913623 1.2888519 2.4301122 2.6213144 2.3475216 
Adig_XM_015918118.1                                               4.1306444 0.0340195 0.3600068 0.3313426 0.3005616 0.2534874 0.2381269 0.0000000 0.5474655 0.6212412 0.8578518 0.9792179 1.0340255 0.8953680 0.7390639 0.9227649 0.8247652 0.9757539 0.6073911 0.7337967 0.8528653 0.7922391 1.0501676 1.1684023 1.0623971 0.9453087 0.8427001 0.7522072 0.7675755 0.8594525 0.8351527 0.7409359 1.1365061 0.9453609 0.9546189 0.9273162 0.9282807 0.9378741 0.9149886 1.0459933 0.9945961 0.7888047 0.9805589 0.9353583 1.0154152 0.7927314 0.9992712 0.7637544 1.0131013 1.7179121 1.0307919 0.7797539 0.7894501 0.7894501 0.6660361 1.0046784 0.8365382 0.8072729 1.1239137 0.9420537 0.8171551 1.4013603 0.9962053 0.9107864 0.8290389 0.6878833 3.1133854 4.2409007 0.7615304 0.9316552 0.9656829 0.8261785 0.9117719 0.9396652 1.0711928 0.9394707 0.9927522 0.9711704 1.2312108 1.2539318 2.1674343 1.2867859 1.0952144 1.2841005 1.1682234 1.2169810 1.4321455 2.5761514 1.4374147 1.3204909 1.3603740 1.7349794 0.9658077 1.3717819 1.3707690 1.1897773 0.9676711 1.2499300 1.3108797 2.0826927 1.2375606 2.0197569 1.9075757 3.6729055 1.2406689 1.2685397 1.0131391 0.6286214 1.2605778 1.3661843 1.3432065 1.2247227 1.2120569 1.0742827 1.2766907 1.3245660 1.2819639 1.2373304 2.8988573 1.4136654 0.5919137 0.5919137 2.3804646 1.0298009 2.1822510 3.4858312 2.2289228 
Exapal_XM_028662330.1                                             3.8140912 0.5316810 0.5893587 0.5812565 0.5848577 0.5464092 0.5521122 0.5474655 0.0000000 0.4124525 0.7919423 0.9220915 0.9305152 0.7804305 0.6450258 0.7359697 0.8100002 1.0061108 0.5937828 0.8023595 0.8620638 0.8778233 0.9114944 1.2465137 0.9218219 0.9168612 0.8131999 0.8058282 0.7135233 0.8493486 0.7841198 0.7906108 0.9539202 0.9013055 0.9043222 0.8993081 0.8930248 0.9118239 0.8939227 1.0304300 1.0332273 1.0642528 1.0553253 1.0118569 1.0638224 1.0339971 1.2502540 1.0858379 1.0493576 2.1913691 1.0790024 1.0537987 1.0110501 1.0110501 0.8949723 1.0134091 0.9056714 0.7522159 1.1480701 1.0913499 0.9867380 1.3839907 0.9619890 0.8602051 0.7947877 0.7097393 1.9110088 1.6475293 0.7714381 0.8976831 0.8811419 0.8175362 0.8539298 0.8148174 1.0292073 0.8528811 0.9301781 0.9409585 1.2391222 1.2824368 1.3662885 1.0020525 1.0715421 1.2684394 1.1421544 1.1957227 1.3818268 2.0510753 1.4012819 1.4335506 1.3665418 1.7114513 0.9526778 1.4113690 1.3717131 1.1124223 1.0957644 1.2362336 1.3971164 2.0569007 1.2249893 2.2649722 1.9526945 3.7053810 1.2540841 1.2127747 1.2019627 1.1589283 1.2262871 1.2514670 1.4009571 1.2135305 1.1378836 1.0767954 1.2412285 1.2030229 1.2316605 1.1246230 3.2835864 2.4825806 2.4035408 2.4035408 2.3288097 1.1938126 2.3885541 2.6105907 2.3200463 
Nvec_NVE2825                                                      1.7008295 0.5906892 0.6226513 0.5836772 0.5824535 0.5541421 0.5888955 0.6212412 0.4124525 0.0000000 0.8563910 1.0185413 1.0268142 0.8414724 0.7028294 0.7889282 0.7231985 0.9620381 0.5608485 0.6816763 0.8414744 0.7961564 0.9789279 1.2405655 0.9117388 0.8796901 0.9081427 0.6982638 0.7452280 0.8375124 0.8107291 0.8278120 1.0422835 0.9636698 0.9710548 0.9605132 0.9574026 0.9361375 0.8796909 0.9975836 1.0611386 1.2001596 1.0924312 1.0334574 1.0963110 1.0532422 1.0505244 1.1630861 1.0956664 1.8853773 1.1144330 1.1502810 1.0130535 1.0130535 0.7942959 1.0653846 0.9192972 0.6845504 1.1454683 1.0297826 1.0652300 1.3415214 0.9282654 0.9347229 0.8968708 0.7389000 1.1367660 1.1303180 0.7314669 0.8813469 0.9106649 0.8556612 0.9161298 0.8291118 1.0096375 0.8966339 1.0052619 0.9718987 1.2587287 1.3010069 1.7127653 1.1310297 1.1016677 1.2091107 1.1076539 1.0969764 1.3687053 1.8383508 1.3510988 1.2279715 1.3301563 1.7743124 1.1061588 1.2718295 1.4264855 1.0478562 1.1295691 1.2501555 1.4875921 2.1712993 1.2381338 2.2738836 1.8415203 3.6367983 1.3818773 1.2209212 1.0588828 1.2600393 1.2437597 1.2131815 1.3042710 1.1527082 1.1317185 0.9961562 1.2001204 1.2591255 1.1986003 1.1133557 3.3463793 2.6149036 2.3191597 2.3191597 2.0660701 1.2772269 2.3257246 2.7146060 2.4686045 
Morvir_scaffold27.g111.t2                                         1.5294890 0.8711134 0.9637436 0.9108876 0.9549411 0.8956378 0.8968047 0.8578518 0.7919423 0.8563910 0.0000000 0.8346216 0.8227559 0.7084075 0.6188953 0.6547249 0.7677275 1.1420979 0.9826725 0.9051047 1.0074688 1.1261392 1.3468019 1.4952818 1.0876429 1.0594873 1.0486166 0.8969383 0.8746934 0.8961575 0.9397676 0.9021674 1.0695280 1.0510876 1.0337370 1.0285982 1.0282670 1.0432064 1.0193334 1.2067732 1.2225388 1.3396317 1.2025746 1.1809006 1.2053499 1.1279883 1.3803652 1.2735748 1.2033541 1.6391579 1.2016904 1.2530476 1.1017855 1.1017855 0.8418249 1.1944751 1.0924306 0.9520583 1.2945094 1.2391570 1.1701824 1.4656626 1.0654737 0.9892498 0.8973611 0.9326403 1.6697157 1.6133193 1.0526598 1.0603496 1.0477754 1.0212149 1.0658547 0.7287137 1.1179117 1.0263936 1.1004412 0.9040120 0.8687077 1.3764766 2.1888239 1.2848947 1.2074645 1.3168091 1.3095749 1.0922301 1.3932662 1.6038994 1.4204624 1.5541296 1.3722799 1.7916115 1.0512069 1.4660113 1.4965948 1.2779746 1.2581760 1.3954401 1.7210287 2.2891811 1.3328673 2.4372018 1.8917763 3.4719620 1.3971991 1.2992740 1.2783436 1.2398557 1.3258295 1.3060015 1.4615933 1.1741005 1.2020264 1.0765044 1.3301896 1.3540143 1.3680520 1.2276965 4.1303452 2.0777638 2.1174515 2.1174515 2.3134372 1.3685142 2.4247433 2.2538327 2.5037448 
Nemnom_g8032.t1                                                   1.3296423 0.9826275 0.9974512 0.9437009 1.0194399 1.0152158 1.0290038 0.9792179 0.9220915 1.0185413 0.8346216 0.0000000 0.2272670 0.6025798 0.5278260 0.4659274 0.9131999 1.2203851 1.0148231 1.0398288 1.1123001 1.1564814 1.3369830 1.5576785 1.2719680 1.1497998 1.2075967 1.0726658 0.9119441 1.0009358 0.9235766 1.0312512 1.0493819 1.0926662 1.0818451 1.0598373 1.0544503 1.1030835 1.0601503 1.2488357 1.3109917 1.4952061 1.2870973 1.2747411 1.2828313 1.3412113 1.4597141 1.4280578 1.2592735 1.4409597 1.3095477 1.5110740 1.2719144 1.2719144 1.1581442 1.2679875 1.1911478 1.0181247 1.3587695 1.3069246 1.3312229 1.6568619 1.1593059 1.1344710 1.0606949 1.0208466 1.5556851 1.6265104 1.1472160 1.1313615 1.1902396 1.1007739 1.2051543 0.7248099 1.1295228 1.0831963 1.1153360 0.9143575 1.1573247 1.4721395 1.9965682 1.2489005 1.2488540 1.3654582 1.3034939 1.2711129 1.4606230 1.8731386 1.5361468 2.2913378 1.3733375 1.7530441 1.1691036 1.4139720 1.5505700 1.1349991 1.3487900 1.4424949 1.7772531 2.3244072 1.4362612 2.7034562 2.0767130 3.8108596 1.4322669 1.3790010 1.5159060 1.2584051 1.4630045 1.3559577 1.4054030 1.3863340 1.2801888 1.0774200 1.4973347 1.5236039 1.3561074 1.2323577 4.5089647 3.0693425 2.8820984 2.8820984 2.3953201 1.3491654 2.4412839 0.8666421 2.6845136 
Rhoesc_Res_000903-T1                                              1.3374785 1.0449241 1.0146915 0.9781931 1.0496942 1.0400336 1.0203624 1.0340255 0.9305152 1.0268142 0.8227559 0.2272670 0.0000000 0.6024416 0.5608306 0.4497990 0.9240310 1.2430677 1.0232113 1.0646972 1.1303724 1.1765270 1.2957343 1.4319231 1.2898940 1.1753295 1.2107881 1.0806719 0.9175477 0.9914541 0.9572598 1.0099108 1.0608572 1.1012202 1.0763398 1.0630056 1.0584278 1.0849873 1.0493291 1.2123960 1.3238292 1.6190350 1.3211241 1.3142925 1.3172551 1.4213488 1.6010543 1.6168251 1.3046776 1.7242832 1.3331813 1.6357176 1.3728062 1.3728062 1.1321544 1.2711239 1.2139963 0.9001416 1.3917718 1.4536851 1.4630892 1.6774929 1.0655468 1.1050940 1.0277298 1.0049620 1.5947290 1.6695144 1.1720934 1.0706038 1.1285880 1.0758268 1.1776987 0.7000815 1.1639393 1.0580083 1.1079733 0.9435970 1.1511720 1.4221911 2.0573270 1.3699015 1.2916543 1.4248368 1.3325985 1.1831842 1.5065024 1.8428135 1.5062086 2.3227566 1.3668847 1.7372855 1.1311103 1.4796344 1.5754523 1.1958579 1.2864772 1.3823161 1.7117776 2.2494264 1.4741363 2.5499320 1.9675520 3.5878820 1.4560376 1.3729901 1.4437790 1.3335123 1.4023805 1.3779027 1.4071376 1.3796734 1.3213738 1.2418222 1.4547547 1.4878023 1.3695144 1.2166904 4.2572889 2.8728712 2.6555058 2.6555058 2.4452158 1.3182411 2.5792822 1.4087159 2.4912350 
Sanmal_Sma_010599-T1                                              1.8332571 0.8798500 0.9125270 0.8626025 0.8887978 0.8746249 0.8401506 0.8953680 0.7804305 0.8414724 0.7084075 0.6025798 0.6024416 0.0000000 0.2565305 0.3381348 0.8110439 1.0412640 0.7985185 0.8918698 0.9434197 1.0570603 1.1512967 1.2830488 1.1100267 1.0159373 1.0515486 0.8757571 0.8649461 0.9008359 0.8730042 0.8729203 1.0261304 0.9906451 0.9764205 0.9604633 0.9599307 0.9717467 0.9343825 1.1219818 1.1712345 1.3374258 1.1741530 1.1399444 1.1819531 1.1498268 1.3249625 1.3005221 1.1586864 1.6283729 1.2001646 1.3028885 1.0675976 1.0675976 0.8758059 1.1622633 1.0926212 0.9444909 1.2613632 1.2092524 1.1458971 1.4831231 0.9418224 0.9886851 0.8281664 0.8894703 1.5288328 1.5539233 0.9916394 0.9759359 1.0728674 0.9767341 1.0333075 0.6481306 1.0386687 0.9680724 1.0497906 0.7717599 0.9675577 1.3333990 2.1329121 1.2580384 1.1817308 1.2862385 1.2093246 1.1548266 1.3889664 1.6725778 1.3608691 1.7625990 1.2908381 1.6624294 1.0973072 1.3374347 1.5002399 1.0210583 1.2541801 1.3464602 1.6994668 2.2667078 1.3155287 2.5829518 1.9482997 3.7057705 1.3719637 1.2471032 1.3662679 1.2833556 1.3060285 1.2755357 1.4116284 1.2361293 1.1449701 0.9808203 1.3618303 1.3826411 1.2892806 1.1702817 4.7684795 3.3102621 3.1825451 3.1825451 2.1156367 1.3162706 2.2024934 2.1328281 2.1716300 
Aaur_scaffold3239.g1.t1                                           0.0000010 0.7471911 0.7610418 0.7710108 0.9430174 0.8293980 0.7504867 0.7390639 0.6450258 0.7028294 0.6188953 0.5278260 0.5608306 0.2565305 0.0000000 0.5390317 0.0000010 0.8216085 0.8947733 0.7863548 0.8171814 0.7709216 0.0000010 0.0000010 0.0000010 0.9731614 0.7759126 0.8072331 0.7958425 0.8876162 0.6436504 0.9096872 0.0000010 0.8460065 0.8608939 0.8164560 0.8164560 0.8100561 0.8100561 0.0000010 1.1906531 1.0950273 1.0950273 1.0950273 1.0950273 1.1050540 1.2440675 1.1050540 1.1192573 1.1519960 1.1082984 1.1082984 1.1024101 1.1024101 1.0205978 1.1180703 1.0751028 0.0000010 1.0685282 1.0795124 1.1844006 1.1906531 0.0000010 0.7329308 0.8862493 0.7965489 0.4213537 0.7777941 0.7722264 0.9134182 0.8338317 0.8432481 0.8214316 0.0000010 0.9109600 0.9695531 0.9066155 0.5985962 0.7944060 1.0976076 0.0000010 1.3597298 0.8324200 0.8324200 0.8567174 2.5505037 1.3455396 1.3785394 1.2658679 1.7128753 1.1528236 3.1982192 0.8841672 1.2063397 0.9895453 0.0000010 1.0346424 1.0357457 1.6240522 3.1508923 1.0356252 1.6240522 1.0357457 3.1508923 1.1775325 1.1842893 1.2067560 1.7126276 1.1811489 1.1734551 1.1599560 0.9786073 1.0975846 0.0000010 1.1213266 1.1975874 0.9314421 0.0000010 3.9815263 3.7624860 3.0199154 3.0199154 0.7544221 1.0550217 5.2993231 0.0000010 1.2769527 
Aaur_scaffold923.g7.t1                                            2.7273825 0.8624794 0.8839223 0.8138286 0.8025215 0.7490263 0.7825037 0.9227649 0.7359697 0.7889282 0.6547249 0.4659274 0.4497990 0.3381348 0.5390317 0.0000000 0.7525894 1.0340381 1.0579469 0.7462941 0.8796014 1.0656074 1.2476436 1.3846013 1.2549892 0.9700244 0.8830252 0.7302456 0.7669876 0.8396369 0.8181177 0.8334843 0.9991407 0.9573660 0.9457490 0.9245456 0.9229184 0.9640211 0.9505230 1.1518929 1.1262151 1.8144785 1.1136232 0.9838210 1.1227341 0.8559105 0.8483073 1.0486251 1.1130512 0.8509813 1.1666350 1.2927262 0.7932352 0.7932352 0.8563792 1.1369753 0.8679464 0.8609473 1.2252842 0.8483073 0.9371698 1.7469870 0.9561724 1.0391100 0.8514571 0.8845894 0.2454053 0.2454053 0.9421083 0.9850496 1.0333396 0.9004664 0.9706497 0.6052078 1.0558156 0.9371381 0.9576067 0.6584296 0.3235419 1.2818806 1.9622364 1.2772083 1.2185107 1.5456278 1.2280109 0.6853981 1.4199112 2.3015713 1.5223297 1.6061578 1.3128396 1.4476516 0.8537211 1.4306941 1.5591882 1.0610092 1.2034442 1.3664141 1.3930138 1.6216684 1.3658591 2.7909789 2.7120758 3.4481849 1.3226112 1.2754886 1.3226177 0.8600335 1.2779205 1.3570977 1.4102832 1.2312414 1.0846019 0.9516258 1.2507654 1.3703411 1.1818748 1.0790998 2.6248873 0.5538272 0.8482891 0.8482891 2.9322030 0.6457005 1.6598431 1.8267253 2.5273052 
Spolac_c96729_g1_i1_m.13631c82928-g1                              0.0000010 0.6231829 0.7718401 0.7194440 0.7517289 0.6698888 0.7258360 0.8247652 0.8100002 0.7231985 0.7677275 0.9131999 0.9240310 0.8110439 0.0000010 0.7525894 0.0000000 0.1651012 0.0000010 0.3726301 0.4775313 0.3979295 0.0000010 2.8390411 0.3292122 0.5331665 0.4688781 0.5558987 0.6663359 0.6783218 0.6607926 0.6925522 0.9881161 0.8996541 0.8591324 0.8829299 0.8827148 0.9062098 0.9062098 0.8106694 0.8123121 0.2265802 0.9041729 0.9041729 0.9041729 0.8198526 0.4077808 0.5702926 0.9038621 0.0000010 0.8695314 0.4346140 0.7955200 0.7955200 0.8198526 0.9018671 0.8440983 0.8896903 0.8633573 0.4077808 0.8862431 0.9920128 0.9147234 0.7251700 0.7345042 0.7457193 0.0000010 0.0000010 0.9013067 0.7426081 0.8524788 0.8126377 0.8387904 0.8715209 0.6456113 0.8496928 0.8103990 0.8949496 0.0000010 0.9938211 0.0000010 2.2034675 0.8825672 0.9564505 0.7306114 0.9625743 1.1414972 4.6534948 1.1949301 0.0000010 1.0805971 1.3113062 0.9175354 1.1108381 1.1057804 0.0000010 1.0840210 1.0922343 1.0922343 2.0752041 1.1966547 1.5197996 1.5197996 2.9502637 1.1271289 0.9938888 0.0000010 0.7251605 1.0549619 0.9815261 1.2199846 0.9442663 0.9382377 8.9999983 0.8240945 1.0287369 0.8948042 1.0131886 3.3745074 0.0000010 0.0000010 0.0000010 3.8263095 0.0000010 5.3240621 1.8313313 1.1278224 
Emue_Em0004g1079a.t1                                              1.7096109 0.9305265 0.9707946 0.9150568 0.9686317 0.9281563 0.9013481 0.9757539 1.0061108 0.9620381 1.1420979 1.2203851 1.2430677 1.0412640 0.8216085 1.0340381 0.1651012 0.0000000 0.2074071 0.4455404 0.6329733 0.5928824 0.7152367 0.2293320 0.9709463 0.6971118 0.7386554 0.5878997 0.8580907 0.9195664 0.9281514 0.8752304 1.2432999 1.0896139 1.0843085 1.0660590 1.0648943 1.0995289 1.0682700 1.0748856 1.0714304 1.1147258 1.1479553 1.0529752 1.1586554 0.9829159 1.1228448 1.0404822 1.1234120 1.3188919 1.1604945 1.0843180 0.9792427 0.9792427 0.8067335 1.1183828 0.9895113 0.8913934 1.2019109 1.0731903 1.0646163 1.4279541 1.0118394 0.9148386 0.9290185 0.9883954 1.4060080 1.3707639 1.1201436 0.9973467 1.0161943 0.9316315 0.9986271 1.0809789 0.9827788 1.0041928 1.0495311 0.9971800 1.3369778 1.3166926 1.4042196 1.1663811 1.1365360 1.3099912 1.1725809 1.2455817 1.3443424 1.5585728 1.4121306 1.4338823 1.3654748 1.8061817 1.1712892 1.3561833 1.3140979 1.0532145 1.2171637 1.3376427 1.6237170 2.3349784 1.3387826 2.3112030 1.8258106 3.6125569 1.3083162 1.2196117 1.2425556 1.2353742 1.2925650 1.3286550 1.3667127 1.2157495 1.1972017 1.0413263 1.0926260 1.4182554 1.2952600 1.2769118 3.1772871 2.1171457 1.7904199 1.7904199 2.0078765 1.4487410 2.7756650 3.1310496 2.3036909 
Spolac_c96729_g2_i1_m.13634c82928-g1                              0.0000010 0.6465704 0.6134438 0.6159957 0.6794453 0.6523827 0.6490084 0.6073911 0.5937828 0.5608485 0.9826725 1.0148231 1.0232113 0.7985185 0.8947733 1.0579469 0.0000010 0.2074071 0.0000000 0.3937239 0.3409251 0.3834382 0.0000010 0.0000010 0.0000010 0.5326897 0.4473025 0.5272180 0.4620927 0.5856043 0.4407739 0.5718011 0.0000010 0.6227835 0.6539381 0.5876745 0.5876745 0.5653543 0.5653543 0.0000010 0.9072478 0.9568651 0.9568651 0.9568651 0.9568651 0.9607816 1.0584301 0.9607816 0.9433891 1.2097848 0.9230800 0.9230800 0.9372216 0.9372216 0.8783692 0.9008002 0.8983915 0.0000010 0.9361951 0.9622699 0.9581341 0.9072478 0.0000010 0.5678069 0.6342920 0.7735755 1.1338663 0.9627833 0.8096990 0.9068350 0.6213434 0.6560598 0.5885339 0.5122809 0.6702342 0.7617070 0.6652251 0.9547571 1.3167523 0.9211128 0.0000010 1.3597298 0.8589612 0.8589612 0.8464066 1.8390343 1.0337408 0.9633862 1.0051395 1.3873428 0.9590383 3.5792158 1.0394970 0.9546605 0.9035043 0.0000010 0.8857651 0.9323466 1.2217811 2.7328290 0.8714342 1.2217811 0.9323466 2.7328290 0.9332466 0.8130872 0.7112689 1.5955327 0.8292629 0.8528754 0.8457987 0.8323871 0.7846542 0.0000010 0.7259050 1.0612583 0.7788987 3.2826638 2.4073164 1.9824832 1.6131334 1.6131334 0.5964928 0.9541856 5.0529080 0.0000010 2.4149656 
Stycar_augustus_masked-SC_scaffold14628-processed-gene-0.0-mRNA-1 1.4528839 0.6606954 0.7174616 0.7138421 0.7402913 0.6876168 0.6963475 0.7337967 0.8023595 0.6816763 0.9051047 1.0398288 1.0646972 0.8918698 0.7863548 0.7462941 0.3726301 0.4455404 0.3937239 0.0000000 0.3503574 0.0317594 0.0000010 1.0220035 1.1392435 0.5557876 0.5099146 0.5032631 0.6595701 0.6738647 0.6590926 0.7153743 0.8811858 0.7698837 0.7750890 0.7671461 0.7631604 0.7682362 0.7674645 0.8151139 0.8988202 0.9367252 0.9227484 0.8816419 0.9227484 0.8612208 0.9923138 0.9156055 0.9079750 1.2366078 0.8917513 0.9391481 0.8865851 0.8865851 0.7369006 0.8972925 0.8589089 0.7208914 0.9303531 1.0324584 0.9797531 0.9711776 0.9341458 0.7419585 0.7179768 0.8197520 1.3320171 1.3063346 0.9003918 0.8120213 0.8283373 0.8218145 0.8096791 0.8598071 0.6431033 0.7616032 0.8412781 0.9483540 1.3402901 1.0537615 0.0000010 1.6315213 0.9295194 0.9782785 0.8916100 1.0514523 1.1678545 1.4560251 1.2354840 1.5421778 1.1331703 1.8152109 0.9677198 1.0735643 1.0196477 0.0000010 1.0234409 1.0715325 1.4068467 2.4990422 1.0435591 1.7098758 1.3031157 3.0695261 1.0789835 1.0507964 1.1906084 1.0166911 1.0565216 1.0533938 1.0607991 0.9844629 0.9211522 3.8333140 0.9538259 1.1496723 1.0328137 0.9709244 3.5593571 2.6414138 2.1361194 2.1361194 1.6936044 1.2520621 5.4146942 1.5747055 1.3023448 
Tetwil_g24759.t1                                                  1.7291609 0.8011730 0.8508716 0.8314440 0.8503600 0.8451468 0.8143348 0.8528653 0.8620638 0.8414744 1.0074688 1.1123001 1.1303724 0.9434197 0.8171814 0.8796014 0.4775313 0.6329733 0.3409251 0.3503574 0.0000000 0.4308571 0.4619445 0.7849653 0.7714180 0.6889914 0.7078051 0.5667402 0.7479761 0.7706435 0.7835457 0.8504100 0.9064077 0.8754797 0.8880857 0.8621035 0.8600759 0.8628107 0.8318879 0.9546676 1.0207215 1.1814326 1.0287600 1.0030502 1.0348601 0.9780561 1.0366007 1.0795526 1.0292338 1.5620991 1.0542972 1.0726204 0.9612111 0.9612111 0.7632355 1.0008396 0.9540298 0.8055310 1.1280799 1.0327657 1.1082267 1.3921889 0.8808496 0.8728450 0.8277490 0.9615004 1.6163191 1.5623180 0.9957367 0.9271784 0.9492213 0.9372896 0.9327916 0.9291746 0.8602928 0.8958842 1.0274768 1.0478187 1.5356366 1.1620991 1.5593568 0.9958119 1.1015960 1.2624967 1.0570838 0.9830850 1.3211951 1.7534593 1.3697302 1.4274460 1.2217755 1.5954594 0.9761934 1.2011946 1.3583027 0.9476253 1.2137095 1.2635594 1.4882192 2.1335902 1.2434484 2.1546594 1.7596922 3.3346996 1.2666202 1.2068039 1.1246852 1.1146745 1.2810303 1.2629704 1.2586269 1.1381291 1.0162627 0.8241405 1.0800650 1.2315576 1.1641292 1.1196751 3.6157617 2.3777856 1.9800211 1.9800211 1.8816594 1.2558406 2.5401819 2.5710248 1.7085929 
Stycar_maker-SC_scaffold64429-snap-gene-0.35-mRNA-1               1.6695925 0.8109998 0.8249131 0.8170154 0.8791427 0.8427036 0.8161169 0.7922391 0.8778233 0.7961564 1.1261392 1.1564814 1.1765270 1.0570603 0.7709216 1.0656074 0.3979295 0.5928824 0.3834382 0.0317594 0.4308571 0.0000000 0.0250446 0.8351994 0.8170858 0.6967826 0.7378305 0.5141698 0.7308863 0.7863827 0.7340373 0.8521079 1.0204565 0.8788877 0.8906145 0.8459643 0.8400627 0.8476624 0.8261307 1.0982148 1.0837727 1.1076099 1.1080169 1.0148653 1.1310373 0.9306218 0.9806592 0.9988356 1.1140588 1.4102360 1.1354973 1.0424389 0.9753685 0.9753685 0.7381218 1.1134879 0.9399068 0.6116377 1.2375366 1.0218142 1.0588826 1.2189490 1.2203994 0.8303758 0.8777733 0.9562379 1.4865758 1.4593619 1.0110697 0.8803627 0.9465727 0.8295483 0.8562686 0.9886480 0.8335905 0.8979179 1.0205129 0.9475505 1.4169920 1.1627593 1.6560704 1.0650586 1.0345168 1.1123142 1.1005102 1.0605473 1.2968922 1.5401753 1.2651306 1.4885012 1.2508061 1.8870839 0.9879623 1.2203914 1.3338238 1.0779216 0.8696274 1.1275529 1.4221228 2.3022015 1.0253786 1.9015918 1.4318058 3.4879247 1.1263231 1.1299209 1.1589888 1.0583325 1.1620120 1.2152671 1.2321054 1.1277552 1.0262969 0.8957643 1.0555046 1.1815976 1.2494645 1.1042253 3.4730262 2.3984218 2.1361194 2.1361194 1.7472426 1.2665895 2.5328456 3.5428731 1.5260747 
Stycar_maker-SC_scaffold145929-augustus-gene-0.125-mRNA-1         4.6702726 0.9831246 1.1182703 1.0850174 0.9727150 1.0724653 1.0902131 1.0501676 0.9114944 0.9789279 1.3468019 1.3369830 1.2957343 1.1512967 0.0000010 1.2476436 0.0000010 0.7152367 0.0000010 0.0000010 0.4619445 0.0250446 0.0000000 0.7407487 0.8350455 0.7978024 0.8674849 0.0000010 0.8409375 1.1249637 0.8301237 0.9075010 1.0347609 1.0425766 1.0469593 0.9632652 0.9553632 0.9589662 0.9726133 1.1146793 1.1146793 9.0000000 1.1017429 9.0000000 1.2373650 0.0000010 0.0000010 0.0000010 1.2723760 0.0000010 1.3531277 0.0000010 0.0000010 0.0000010 0.0000010 1.2284398 0.0000010 0.0000010 1.7636641 0.0000010 0.0000010 4.9655311 9.0000000 0.9359371 1.1961708 1.0749742 0.0000010 0.0000010 1.1919037 5.7325034 1.1713456 0.0000010 0.9646715 1.1523126 1.2570771 1.0076286 1.3285259 0.0000010 0.0000010 1.2609280 1.6560704 1.0579298 1.2116865 2.6073043 1.4246246 0.0000010 1.5170324 3.2932744 1.4420749 0.0000010 1.3941596 1.3941596 0.0000010 1.5879233 2.0060879 1.0817568 0.0000010 1.3796486 1.3796486 1.3796486 1.3114368 8.7801382 8.7801382 8.7801382 1.2542785 1.5132322 0.0000010 0.0000010 1.2647680 1.7306093 1.4246481 1.4748231 1.1136098 0.8111088 1.2246035 1.3721239 1.6600747 1.1843582 2.8946679 0.3998518 0.0000010 0.0000010 2.4354014 0.0000010 1.2634735 4.5115859 1.8694028 
Spolac_c82928_g1_i1_m.3155c82928-g1                               5.3076369 1.2037672 1.3474227 1.2383722 1.1462327 1.2017133 1.1545670 1.1684023 1.2465137 1.2405655 1.4952818 1.5576785 1.4319231 1.2830488 0.0000010 1.3846013 2.8390411 0.2293320 0.0000010 1.0220035 0.7849653 0.8351994 0.7407487 0.0000000 0.9399135 0.8890582 0.8947106 1.5725281 1.1259532 1.1888373 1.1799427 1.1799858 1.3197075 1.2769028 1.2524057 1.2390983 1.2357792 1.3417768 1.3086877 1.3385022 1.3311709 5.0845051 1.4565690 4.0107117 1.5801585 4.2452858 0.0000010 1.2955472 1.3659500 0.0000010 1.5294729 1.2955472 2.8715663 2.8715663 4.2452858 1.3544516 2.7513129 3.2631268 1.8594537 0.0000010 1.2955472 7.7130773 1.4445696 1.1270085 1.2275661 1.2508189 0.0000010 0.0000010 1.4923098 2.8824705 1.3515975 1.7627687 1.3515063 1.3069710 1.3810089 1.2651066 1.3585549 1.5859703 0.0000010 1.6281066 1.4830483 1.0419871 1.4991643 2.9761808 1.7214629 0.0000010 1.7070519 2.1269329 1.8650381 0.0000010 1.6676598 1.6523703 4.4598005 1.6748967 1.9282311 0.9941517 2.7235474 1.6852632 1.6852632 1.6808772 1.5723018 4.5190162 4.5190162 4.5134269 1.4992832 1.6523636 0.0000010 0.9498544 1.6301004 1.8356866 1.6757186 1.6101315 1.5352245 0.8995376 1.4721305 1.7473696 1.8025682 1.4127701 2.1717963 0.3998518 0.0000010 0.0000010 2.7550468 0.0000010 1.4827643 3.6383400 2.3261811 
Halamb_c18072_g1_i1m.3071                                         3.1070936 1.0204517 1.2157867 1.0820061 0.8981449 0.9454711 1.0744100 1.0623971 0.9218219 0.9117388 1.0876429 1.2719680 1.2898940 1.1100267 0.0000010 1.2549892 0.3292122 0.9709463 0.0000010 1.1392435 0.7714180 0.8170858 0.8350455 0.9399135 0.0000000 0.3118999 0.4657083 0.8330687 0.9963756 1.0748669 1.0971469 0.9658102 1.0828451 1.0937867 1.0995862 1.1037234 1.0990932 1.0722709 1.0610250 1.0364715 1.0364715 9.0000000 0.9733436 3.1347090 1.0281123 0.0000010 0.0000010 0.0000010 0.9960956 0.0000010 1.1026360 0.0000010 0.0000010 0.0000010 0.0000010 1.0824199 0.0000010 0.0000010 1.5192313 0.0000010 0.0000010 6.0191839 1.8907234 1.0872145 1.0742443 0.9760334 0.0000010 0.0000010 1.0326484 3.0008334 1.1628384 0.8752416 0.9561613 1.2538394 1.3798912 1.0990032 1.2967754 1.6870310 0.0000010 1.5740694 2.0093912 1.0752390 1.2929862 2.6610499 1.4517667 0.0000010 1.4693595 3.5231145 1.3975789 0.0000010 1.7437225 1.7437225 0.0000010 1.7204782 2.0298550 1.1474524 8.9999988 1.5497429 1.5497429 1.5497429 1.3899250 6.7166921 6.7166921 6.7166921 1.5306109 1.3984341 0.0000010 0.0000010 1.3836245 1.7335685 1.6097092 1.3966024 1.1950739 0.9460064 1.2978437 1.3168837 1.4814975 1.2915958 4.0100354 0.3998518 0.0000010 0.0000010 2.7423149 0.0000010 1.3241037 3.9365051 2.4335405 
Aque_Aqu2.1.43701_001                                             2.0432493 0.8766071 0.9624822 0.9239687 0.9298439 0.8679509 0.8980774 0.9453087 0.9168612 0.8796901 1.0594873 1.1497998 1.1753295 1.0159373 0.9731614 0.9700244 0.5331665 0.6971118 0.5326897 0.5557876 0.6889914 0.6967826 0.7978024 0.8890582 0.3118999 0.0000000 0.5420700 0.4046480 0.9049692 0.9708322 0.9425395 0.8984741 1.1057525 0.9871054 0.9789144 0.9611385 0.9652128 0.9744517 0.9430118 0.9993253 1.0641777 1.2398686 1.0668258 1.0140924 1.0748936 1.0172188 1.3223028 1.1869176 1.0850767 1.5840700 1.0958590 1.1689534 0.9631465 0.9631465 0.7191829 1.0615540 1.0038525 0.7894479 1.2101471 1.2069462 1.1274592 1.3913042 0.9105588 0.9329638 0.9554419 0.9797056 1.6873477 1.6283563 1.0285748 1.0173097 1.0354460 0.9569160 0.9615784 0.9993802 0.9161328 1.0016965 1.0400226 1.1364932 1.5860055 1.2626971 1.6486731 1.2070813 1.1226367 1.2557562 1.1898989 1.2126631 1.2955832 1.4568580 1.3806293 1.6764852 1.3126901 1.7693791 1.1324761 1.3226548 1.3339071 1.2383775 1.2274015 1.4196113 1.6459724 2.2797339 1.2738091 2.3432665 1.9411796 3.5015977 1.3124035 1.3377758 1.1299666 1.2450161 1.2962117 1.3686434 1.3122718 1.2385846 1.1108351 1.1247663 1.1647516 1.3054939 1.3131121 1.2478584 3.7514486 2.4742261 2.2614729 2.2614729 2.1812793 1.3250335 2.9521536 2.6200118 1.8708912 
Xestes_maker-XT_scaffold27437-augustus-gene-0.17-mRNA-1           2.8869511 0.8565820 0.9211305 0.8736660 0.9350887 0.8384674 0.9058022 0.8427001 0.8131999 0.9081427 1.0486166 1.2075967 1.2107881 1.0515486 0.7759126 0.8830252 0.4688781 0.7386554 0.4473025 0.5099146 0.7078051 0.7378305 0.8674849 0.8947106 0.4657083 0.5420700 0.0000000 0.4640705 0.9252991 0.9434387 0.9369963 0.9563071 1.0566772 0.9846513 0.9754838 0.9833017 0.9821433 0.9833342 0.9522661 0.9222219 1.0485653 1.4284905 1.0720598 1.0849563 1.0827965 1.0878013 1.4177465 1.3742055 1.1000999 2.2076406 1.0829408 1.3516200 1.0734404 1.0734404 0.6525220 1.0760886 1.0779122 0.7795542 1.2072039 1.2865107 1.3066190 1.3917185 0.8821174 0.9576415 0.9843573 0.9383035 2.1834783 2.0166443 1.0353868 1.0219536 1.0483418 0.9735532 0.9965490 0.9142483 0.9196625 0.8597137 1.1280249 1.2349814 1.8132245 1.2870778 1.7207948 1.1637505 1.1302125 1.2707491 1.1366277 1.3279883 1.4750871 2.2637387 1.5032587 1.6644921 1.4538074 1.7673268 1.2003217 1.3814310 1.4184449 1.0348073 1.3112877 1.3765593 1.5360657 2.2215601 1.3658769 2.2320435 1.9420996 3.5164711 1.3070421 1.3050327 1.3954716 1.1885595 1.2834500 1.3903938 1.3819449 1.2449008 1.1201008 1.0247317 1.1953408 1.3908727 1.3335191 1.1636154 4.0991011 2.5420130 2.2280903 2.2280903 2.1799870 1.6144528 2.7085507 2.3597448 1.7110693 
Halamb_c48740_g1_i1m.24754                                        1.6226074 0.7227083 0.8080799 0.7877508 0.8209320 0.7508200 0.8037991 0.7522072 0.8058282 0.6982638 0.8969383 1.0726658 1.0806719 0.8757571 0.8072331 0.7302456 0.5558987 0.5878997 0.5272180 0.5032631 0.5667402 0.5141698 0.0000010 1.5725281 0.8330687 0.4046480 0.4640705 0.0000000 0.8266498 0.8514526 0.8052488 0.7493378 1.0430670 0.8396671 0.8334939 0.8359011 0.8355525 0.8445123 0.8329245 0.7681185 0.9199404 0.9616692 0.9384565 0.9273764 0.9384565 0.8836759 1.0592248 0.9832220 0.9419602 1.3708042 0.9104331 0.9410655 0.8352154 0.8352154 0.7155267 0.9298910 0.8985917 0.7831109 0.9538391 1.0047518 0.9194969 1.0225111 0.8022530 0.8151409 0.8682308 0.8969687 1.5380681 1.5641447 0.9233774 0.7747664 0.8959717 0.8808304 0.8306720 0.8620564 0.7186107 0.7953453 0.9218787 1.0026483 1.3517114 1.1035487 0.0000010 1.9993548 0.9670881 0.9829071 0.8836383 1.2488987 1.1892244 1.4739333 1.2675749 1.4294819 1.1824405 2.0155461 1.1122466 1.0960106 1.1508792 0.0000010 1.1456625 1.1765649 1.4558409 2.3871845 1.1218058 1.8238062 1.4675757 3.0470588 1.1573504 1.1391930 1.2147779 1.1613008 1.1144423 1.1217623 1.1801431 1.0462323 0.9579653 2.8256833 0.9566483 1.1525347 1.1718400 1.0334617 3.4581604 2.7483436 2.6038245 2.6038245 1.7532432 1.2629302 5.7521859 1.6433911 1.5502921 
Bralan_BLAG06000330_1                                             0.9078751 0.7850891 0.7632487 0.7433853 0.7336035 0.7149462 0.7604689 0.7675755 0.7135233 0.7452280 0.8746934 0.9119441 0.9175477 0.8649461 0.7958425 0.7669876 0.6663359 0.8580907 0.4620927 0.6595701 0.7479761 0.7308863 0.8409375 1.1259532 0.9963756 0.9049692 0.9252991 0.8266498 0.0000000 0.6577340 0.5601427 0.6698386 0.9232630 0.8253445 0.8164528 0.8035688 0.8032523 0.8375782 0.8135444 0.9921640 0.9618115 0.9427011 0.9564877 0.8478762 0.9510873 0.8180833 0.9282497 0.8925176 0.9440629 1.1767485 1.0005310 0.9232954 0.8148488 0.8148488 0.6701715 0.9268740 0.8062045 0.7199701 1.0460190 0.8596752 0.9000902 1.2127091 0.8632377 0.7580520 0.7064369 0.7515168 1.0330713 1.0449112 0.8824572 0.9130261 0.8860639 0.8322679 0.8638834 0.7403616 0.8782230 0.6949606 0.8964592 0.8937331 1.1849463 1.2731161 1.5814213 1.1677327 0.9717694 1.0573451 1.0376369 1.0379887 1.2894582 1.5248857 1.3127553 1.2369376 1.2777662 1.7720206 1.0297650 1.2161304 1.3479096 1.0872531 1.0320110 1.2135759 1.5359541 2.2249181 1.1405229 2.1714474 1.6425516 3.4255619 1.2421254 1.2263797 1.1814777 1.1666101 1.2382436 1.2420326 1.3115569 1.0778593 1.0605258 1.0063116 1.1781459 1.2718347 1.0917213 1.1043488 3.2745249 2.1482832 1.8168158 1.8168158 1.9954566 1.0443578 2.3090144 2.2862247 2.1081765 
