93
Emue_Em0006g942a.t1                                     0.0000000 0.0053939 0.1154127 0.3335016 0.4591656 0.5005980 0.8143304 0.5578289 0.8247468 0.8247468 0.6939786 0.8880461 0.8908677 0.6500325 0.7030558 0.9356663 0.9219526 0.9133750 0.9533459 0.8974981 0.7170709 0.9928614 1.0120526 0.9051980 0.8305810 0.7260807 0.7862514 0.6358514 0.9299995 0.8584578 0.8752005 0.7282971 0.8063136 0.4287618 1.3346023 1.3851278 1.2889613 1.0949561 1.0068998 1.1463640 1.4053197 1.3459621 1.3257648 2.2556085 1.6142713 1.4000265 1.7284526 1.4977740 1.5256324 2.0507786 1.4662366 1.5170877 1.4870592 1.3296070 1.0198530 1.1207397 1.2720384 1.2807358 1.2853171 1.3528863 1.5753404 1.0257529 1.2097206 1.2384185 1.3363923 1.9201567 1.7425858 1.9176410 1.7830222 2.1454849 2.0504380 1.7185069 1.9623585 2.2267132 1.6219135 2.1752037 2.0116066 2.0726220 1.5685690 2.0596090 3.3789404 3.1354087 3.1354087 3.1552231 3.1552231 3.1197675 2.9795086 2.9795086 2.9130762 3.0951075 2.8099721 3.4320385 2.8360038 
Emue_Em0006g957a.t1                                     0.0053939 0.0000000 0.1092181 0.3329578 0.4613927 0.5070493 0.8176849 0.5610448 0.8275487 0.8275487 0.6971601 0.8915471 0.8943840 0.6552546 0.7115562 0.9462513 0.9323813 0.9116338 0.9610109 0.9047230 0.7279431 1.0056892 1.0120526 0.9123555 0.8339811 0.7363335 0.8011437 0.6358514 0.9340721 0.8450074 0.8735207 0.7282971 0.8098002 0.4287618 1.3450739 1.3878648 1.2709770 1.0925183 1.0027148 1.1304593 1.4291411 1.3603437 1.3312531 2.2556085 1.6100016 1.3963415 1.7235768 1.5007387 1.5318548 2.0507786 1.4813074 1.4946144 1.5003439 1.3349094 1.0175832 1.1174301 1.2845443 1.2915874 1.2822299 1.3588089 1.5911769 1.0257529 1.2069845 1.2594524 1.3404325 1.9271631 1.7492219 1.9225153 1.7783026 2.1592266 2.0575291 1.6948165 1.9332430 2.1932462 1.5983468 2.1830299 2.0054464 2.0778383 1.5995561 2.0938209 3.4304407 3.1426972 3.1426972 3.1626866 3.1626866 3.1259354 2.9869725 2.9869725 2.8561011 3.0397109 2.8155574 3.4390486 2.8442778 
Spolac_c99094_g1_i1_m.18801c99094-g1                    0.1154127 0.1092181 0.0000000 0.3035838 0.4029386 0.4731464 0.7404313 0.5032987 0.7365367 0.7365367 0.6301507 0.8005785 0.8066389 0.6091803 0.6470132 0.9054199 0.8920051 0.8929582 0.9123829 0.8884674 0.7284004 0.9798867 0.9941247 0.8561404 0.7804503 0.6962910 0.8003743 0.6566481 0.9623885 0.7984401 0.8698060 0.7600031 0.8246979 0.4035445 1.3657683 1.4264282 1.2885565 1.0957546 1.0459921 1.1043296 1.3391561 1.3007366 1.2813351 2.1865224 1.4983831 1.2708562 1.6365098 1.3774950 1.4050446 1.8288860 1.3505058 1.5167651 1.4593920 1.2858482 1.0105122 1.1020545 1.2243004 1.2354252 1.2457446 1.3492990 1.6093231 1.0038436 1.1303991 1.2191958 1.3048177 1.8833316 1.7516237 1.8579451 1.7212514 2.1142966 2.0149560 1.6261929 1.8209578 2.1731597 1.6593856 2.2209448 2.0171174 2.1132299 1.6688598 2.2254557 3.4702949 3.3834040 3.3834040 3.4097512 3.4097512 3.4580637 3.2833102 3.2833102 3.0220068 3.1596743 2.9242686 3.4514787 3.0896123 
Stycar_maker-SC_scaffold6706-augustus-gene-0.17-mRNA-1  0.3335016 0.3329578 0.3035838 0.0000000 0.3839434 0.4503762 0.5450689 0.5704902 0.5222125 0.5222125 0.5222125 0.5988032 0.6098207 0.5723007 0.5483641 0.7859544 0.7597629 0.7899914 0.7916249 0.7555457 0.8190053 1.0185774 0.8149546 0.7749078 0.6530614 0.6578917 0.6862278 0.6200720 0.7823645 0.6432748 0.6677529 0.5738020 0.6763944 0.2318585 0.9087026 0.9097711 0.8157867 0.8463327 1.1408268 0.8630591 1.1079133 1.0773357 1.0593322 2.1053749 1.2564619 1.1455227 1.4950178 1.2609052 1.2809130 2.1221041 0.9664300 1.1170936 1.3709220 0.8919315 0.9705983 1.0099892 1.0058224 1.0473831 1.1270209 1.2508105 1.1451543 1.0589702 1.1236721 0.9970369 0.9817203 1.4958600 1.4018947 2.2576690 1.7431816 1.8324857 1.8761938 1.4463144 1.5672487 1.9744420 1.6522927 1.9153267 1.6762018 1.6485717 1.6228242 1.6541176 3.2220409 2.8568622 2.8568622 2.8568622 2.8568622 2.8341916 2.8778389 2.8778389 2.8221673 2.8372052 2.4686847 3.1510212 2.6366959 
Xestes_maker-XT_scaffold189419-augustus-gene-0.6-mRNA-1 0.4591656 0.4613927 0.4029386 0.3839434 0.0000000 0.2791806 0.6655712 0.3703818 0.6880370 0.6880370 0.4607225 0.6727281 0.7062350 0.4314613 0.6370612 0.7788913 0.7895850 0.8369415 0.8293130 0.7812545 0.6112268 0.9468069 0.9448362 0.8087750 0.8212887 0.6324586 0.8359454 0.6911199 0.9404071 0.6466139 0.8127865 0.5913225 0.6589689 0.4989384 1.2628515 1.2942509 1.2883349 1.1247370 1.1524683 1.3016883 1.3959445 1.3944131 1.2674857 2.6302880 1.6443117 1.3521403 1.7440400 1.3940598 1.3470263 1.8981830 1.3108520 1.3485587 1.4122937 1.2500758 0.9970286 1.0558767 1.1616389 1.2001321 1.3618792 1.4192604 1.5618545 1.1467209 1.3268788 1.1219301 1.3504872 1.7876608 1.7531368 1.8488695 1.9896749 2.2585237 2.1206097 2.0122103 2.1165334 2.5147584 1.9206002 2.1653292 2.2199053 2.1740106 1.8201974 2.1540054 3.0394520 3.0145158 3.0145158 3.0313103 3.0313103 3.3632286 2.9583730 2.9583730 2.9847699 3.1209043 2.8984524 3.1521742 2.8429647 
Halamb_c42833_g1_i6mm.1163                              0.5005980 0.5070493 0.4731464 0.4503762 0.2791806 0.0000000 0.7853664 0.4509005 0.7460132 0.7460132 0.5283894 0.7425173 0.7627240 0.4805424 0.7184223 0.8490037 0.8814878 0.9360071 0.8940672 0.8779833 0.6330920 1.0131771 1.0698539 0.9506307 0.8887896 0.7009710 0.9894398 0.7960508 1.0694248 0.7089547 0.8783050 0.6997664 0.8244122 0.5364515 1.2300260 1.3649559 1.3302918 1.1563821 0.9942899 1.3335686 1.5696169 1.4385959 1.5025050 2.5224572 1.6177539 1.5590288 1.8741140 1.4290505 1.4438370 2.2273467 1.2481539 1.2951039 1.5499661 1.3081184 1.0550915 1.1072981 1.1681727 1.1419106 1.4392657 1.4746242 1.6772944 1.2470385 1.3317055 1.2121652 1.2059164 1.7658846 1.8374588 1.9411189 1.7210528 2.1394090 2.0875468 2.0222961 1.9629469 2.3832083 1.7631611 2.3074789 2.1227899 2.2081737 1.7816460 2.2916912 3.1699979 3.2665159 3.2665159 3.3434508 3.3434508 3.3925450 2.9393631 2.9393631 3.0486640 3.1882923 2.6489111 2.8843216 2.8433218 
HoiH23_PlH23_004334-RA                                  0.8143304 0.8176849 0.7404313 0.5450689 0.6655712 0.7853664 0.0000000 0.0129719 0.0822553 0.0822553 0.1291143 0.1995099 0.1879603 0.7922230 0.8325458 1.0014345 0.9664724 1.0341026 0.9832783 0.9335529 0.6747794 1.2212964 1.1860362 0.8010700 0.8441223 0.7563491 0.9582956 0.9808795 1.0018999 0.5975480 0.8362195 0.7862136 0.8656479 0.8996726 1.3842686 1.4380606 1.3956305 1.1218874 0.9266001 1.3962670 1.3607522 1.3059224 1.3688514 2.1299203 1.4639475 1.2468127 1.7657507 1.3951042 1.2476665 1.7774999 1.2703515 1.3416294 1.1698366 1.0770014 0.9188185 0.9822749 1.0186997 1.0521886 1.3266952 1.2516325 1.4434099 1.0879486 1.2439864 1.2122202 1.4389626 1.8978971 2.0754373 1.9889595 1.9173355 2.2257184 1.9477403 1.7678364 1.9297776 2.3715847 1.7352496 2.1535807 1.8509363 1.8937001 1.6158407 2.0558271 2.6424965 2.7606840 2.7606840 2.7291784 2.7291784 2.6414368 2.7095330 2.7095330 2.6102931 2.4506924 2.5706268 2.3721954 2.6758758 
HoiH06_mRNA5632                                         0.5578289 0.5610448 0.5032987 0.5704902 0.3703818 0.4509005 0.0129719 0.0000000 0.0536688 0.0536688 0.1287588 0.1201805 0.1128324 0.4977380 0.4886720 0.7023256 0.6820246 0.7511006 0.6808111 0.6384616 0.6986889 0.8764118 0.8005665 0.5950674 0.6487257 0.6374810 0.7181822 0.9996541 0.7525622 0.4548956 0.5371819 0.4847657 0.5876699 0.5471828 1.0242272 0.9520622 1.0047386 0.7577634 0.9526895 0.9614834 1.0145136 1.0626531 1.0494186 1.4874985 1.1653449 1.1053707 1.4146692 1.0795647 1.0920830 1.4051428 0.9564004 1.0668856 1.2312940 0.7579588 0.8117177 1.0071613 0.9201164 0.9695423 1.1209842 0.8892225 1.0686087 0.9814044 0.9905907 0.9012247 0.7805554 1.5001260 1.5503690 1.6694893 1.6451058 1.8076098 1.6103969 1.3866239 1.7846781 2.2853073 1.6869529 1.8503105 1.6935146 1.6934635 1.5751872 1.7146451 2.6956875 2.6266980 2.6266980 2.7997468 2.7997468 2.7523452 2.8599148 2.8599148 2.4120969 2.4240652 2.6047275 2.4092139 2.4895372 
Hhon_g10744.t1                                          0.8247468 0.8275487 0.7365367 0.5222125 0.6880370 0.7460132 0.0822553 0.0536688 0.0000000 0.0000010 0.0725732 0.1777013 0.1663150 0.8215494 0.8451546 0.9761911 0.9668861 1.0351978 0.9762413 0.9474051 0.7129467 1.2471460 1.1456849 0.8516770 0.8793221 0.7700103 0.9838760 0.9868673 1.0087516 0.6184218 0.9090916 0.8594715 0.9582669 0.8905674 1.3692630 1.3839268 1.3558635 1.1608195 0.9972199 1.3725172 1.3914878 1.2523990 1.3918539 2.0813581 1.4587429 1.2641050 1.6737660 1.3483789 1.2413443 1.6468976 1.2167219 1.3746277 1.1750570 1.0372255 0.9677902 1.0333541 1.0293492 1.0621499 1.2804324 1.2162834 1.4312390 1.1161903 1.2136477 1.3015687 1.4106338 1.8547026 2.0139220 1.9437280 1.8765859 2.1529743 1.9212807 1.8014352 1.9825678 2.3411898 1.7725451 2.1568735 1.9081252 1.8901185 1.5781425 2.1163206 2.6929788 2.7856583 2.7856583 2.7542017 2.7542017 2.5632400 2.6793639 2.6793639 2.5574122 2.4359572 2.5928071 2.3148009 2.6276018 
HoiH04_mRNA5726                                         0.8247468 0.8275487 0.7365367 0.5222125 0.6880370 0.7460132 0.0822553 0.0536688 0.0000010 0.0000000 0.0725732 0.1777013 0.1663150 0.8215494 0.8451546 0.9761911 0.9668861 1.0351978 0.9762413 0.9474051 0.7129467 1.2471460 1.1456849 0.8516770 0.8793221 0.7700103 0.9838760 0.9868673 1.0087516 0.6184218 0.9090916 0.8594715 0.9582669 0.8905674 1.3692630 1.3839268 1.3558635 1.1608195 0.9972199 1.3725172 1.3914878 1.2523990 1.3918539 2.0813581 1.4587429 1.2641050 1.6737660 1.3483789 1.2413443 1.6468976 1.2167219 1.3746277 1.1750570 1.0372255 0.9677902 1.0333541 1.0293492 1.0621499 1.2804324 1.2162834 1.4312390 1.1161903 1.2136477 1.3015687 1.4106338 1.8547026 2.0139220 1.9437280 1.8765859 2.1529743 1.9212807 1.8014352 1.9825678 2.3411898 1.7725451 2.1568735 1.9081252 1.8901185 1.5781425 2.1163206 2.6929788 2.7856583 2.7856583 2.7542017 2.7542017 2.5632400 2.6793639 2.6793639 2.5574122 2.4359572 2.5928071 2.3148009 2.6276018 
HoiH04_mRNA10624                                        0.6939786 0.6971601 0.6301507 0.5222125 0.4607225 0.5283894 0.1291143 0.1287588 0.0725732 0.0725732 0.0000000 0.1939913 0.1854615 0.5879552 0.6649976 0.8450207 0.8651435 0.9280322 0.9010455 0.8578061 0.8372578 1.1393768 1.1019276 0.8146923 0.8618874 0.8536477 0.9194481 1.1236023 0.9387217 0.5834532 0.6996259 0.7293019 0.8633799 0.7406328 1.1004800 1.0164052 1.1240268 0.9131049 0.9972199 1.1928172 1.2105193 1.2513275 1.2629346 2.6870366 1.4201303 1.4146218 1.7765834 1.3452746 1.3509288 2.6155752 1.1413384 1.3221636 1.1750570 0.8980360 1.0525626 1.1097294 1.1327608 1.1573745 1.3467921 1.1083721 1.2887555 0.9808202 1.2107551 1.1005651 1.0294969 1.6422347 1.7133469 1.9857032 1.9301529 2.1337697 1.8714378 1.6702752 1.9802950 2.4492578 2.0353141 2.0325638 2.0308891 1.9309208 1.8758108 1.8661859 2.9778221 2.9337590 2.9337590 2.8506161 2.8506161 2.8740396 2.9864629 2.9864629 2.5742019 2.5868903 2.7221740 2.6494199 2.4014137 
TrH2_TrispH2_003734-RA                                  0.8880461 0.8915471 0.8005785 0.5988032 0.6727281 0.7425173 0.1995099 0.1201805 0.1777013 0.1777013 0.1939913 0.0000000 0.0209618 0.7769853 0.8041904 0.9835053 0.9627660 1.0187197 0.9159791 0.8920797 0.6934147 1.1083199 1.0676968 0.7901769 0.7840851 0.7868536 0.9472607 0.9649139 0.9779209 0.6393388 0.9251090 0.7297495 0.8272399 0.8181381 1.3265537 1.4570508 1.3281288 1.0662529 0.9598797 1.4213450 1.4195161 1.2491987 1.5143111 2.1272700 1.4307597 1.2423521 1.6635089 1.3582234 1.2578925 1.8483571 1.2180612 1.3432308 1.2775030 1.1412467 0.9795011 1.0717247 0.9774870 1.0313505 1.3006062 1.2914552 1.3767172 1.1624498 1.3060066 1.1847578 1.3032922 1.9113804 2.0342123 2.0063329 1.9031851 1.9797204 1.8433781 1.8159652 2.0274097 2.4846640 1.9326440 2.1364577 1.9819836 2.0663717 1.6208389 2.1998684 2.5064754 2.7565215 2.7565215 2.7253301 2.7253301 2.6283036 2.8628582 2.8628582 2.4824280 2.4313873 2.5681856 2.3293210 2.6325733 
Tadh_TriadT63972                                        0.8908677 0.8943840 0.8066389 0.6098207 0.7062350 0.7627240 0.1879603 0.1128324 0.1663150 0.1663150 0.1854615 0.0209618 0.0000000 0.7965068 0.7844985 0.9930843 0.9720632 1.0277808 0.9248983 0.8984748 0.6849892 1.1399428 1.0818134 0.8300935 0.8246978 0.7903054 0.9434174 0.9651522 0.9929510 0.6376828 0.9257902 0.7886498 0.8876862 0.8602608 1.3670394 1.4522712 1.3158421 1.1098251 0.9652227 1.4138283 1.4915022 1.3229737 1.5518876 2.2021354 1.4700444 1.3012560 1.6979696 1.3830003 1.2719894 1.8731192 1.2449138 1.3705102 1.3008530 1.1544134 1.0119334 1.0871295 1.0103758 1.0613961 1.3404234 1.3245428 1.3623379 1.2187193 1.2910165 1.2224188 1.3222724 1.8915600 2.0641378 1.9982271 1.9665015 2.0857189 1.9083279 1.8761266 2.0617781 2.5764378 1.9244837 2.2094052 2.0373107 2.1140046 1.6567329 2.1653468 2.5382087 2.7913239 2.7913239 2.7601063 2.7601063 2.6511627 2.9214314 2.9214314 2.5526211 2.5193402 2.5960789 2.4370685 2.7300029 
Aque_Aqu2.1.42756_001                                   0.6500325 0.6552546 0.6091803 0.5723007 0.4314613 0.4805424 0.7922230 0.4977380 0.8215494 0.8215494 0.5879552 0.7769853 0.7965068 0.0000000 0.7410907 0.9437551 0.9657648 0.9819514 0.9866730 0.9052651 0.7072092 1.1418243 1.1569285 0.9504452 0.9034370 0.7552483 0.9238446 0.8221450 1.0553482 0.7403316 0.8446246 0.6479627 0.7463162 0.7197339 1.4264421 1.4729625 1.2978816 1.0985308 1.1108498 1.3131306 1.3708302 1.4419220 1.2584446 2.3948840 1.5374663 1.3714803 1.9368213 1.4592432 1.3098656 1.9748232 1.1860959 1.3706556 1.7406316 1.2920731 0.9911827 1.1688579 1.0897717 1.1503460 1.3302013 1.2722151 1.7240744 1.3644108 1.4269436 1.3013566 1.1084340 1.7519229 1.8340150 2.1298617 1.9841310 2.3469218 2.1850456 1.9709306 1.9230553 2.3638742 1.6709676 2.1371019 2.0963093 2.0434557 1.6094469 2.2303607 3.1539527 2.9327032 2.9327032 2.9601197 2.9601197 3.2177915 3.0073352 3.0073352 2.8887743 3.0719757 2.4930021 3.0360037 3.0110564 
Opea_EP00118_Oscarella_pearsei_P009710                  0.7030558 0.7115562 0.6470132 0.5483641 0.6370612 0.7184223 0.8325458 0.4886720 0.8451546 0.8451546 0.6649976 0.8041904 0.7844985 0.7410907 0.0000000 0.8511645 0.8650210 0.8651492 0.7419931 0.7547036 0.4958967 0.9917142 0.9213984 0.9327023 0.9249423 0.7393691 0.9178308 0.7761970 0.9199487 0.5802934 0.9065622 0.6204107 0.6868798 0.8332428 1.1899338 1.3126209 1.3218924 1.2271966 1.0882782 1.2866946 1.4866507 1.4009107 1.3452625 2.1568362 1.4631559 1.3159355 1.8938909 1.4362444 1.2414736 1.6848433 1.2426499 1.2646022 1.5983803 1.2599207 1.0847116 1.1950307 1.0902516 1.1324189 1.3759024 1.4709149 1.5490440 1.3621744 1.2245500 1.4423036 1.1191585 1.8765751 1.8524760 1.7872927 1.9710399 2.5098101 2.2478884 2.1508559 1.9364274 2.3337296 1.8040192 2.0568158 1.9686240 2.0000851 1.6055625 2.5554212 3.5149787 3.0594420 3.0594420 3.1808264 3.1808264 3.1628622 3.2499420 3.2499420 2.9721958 3.0240020 2.9572474 2.9893444 3.2456360 
Spis_XP_022801313_1                                     0.9356663 0.9462513 0.9054199 0.7859544 0.7788913 0.8490037 1.0014345 0.7023256 0.9761911 0.9761911 0.8450207 0.9835053 0.9930843 0.9437551 0.8511645 0.0000000 0.1088509 0.2702511 0.3050898 0.3152386 0.3438149 0.3459301 0.3446566 0.8079625 0.8803251 0.5921058 0.7894868 0.7273961 0.9097087 0.9345224 0.9308778 0.9533439 1.0245924 1.1217739 0.8667118 1.1428671 1.4964201 1.2722825 1.2417319 1.3027715 1.4358505 1.4707440 1.3309068 2.5775695 1.6744443 1.5366343 1.8626691 1.4114583 1.3695723 1.9837262 1.4816744 1.5050551 1.4795443 1.2988906 1.0931314 1.2176451 1.2094348 1.2166715 1.3104662 1.1752502 1.6315016 1.5136449 1.3648891 1.1834595 0.8467667 1.5098663 1.4762098 1.2850838 2.1207875 2.2465816 2.1595950 1.9163394 2.1699982 2.6986326 1.9693173 2.4544467 2.5118474 2.4098891 2.0907008 2.2452523 3.0237411 3.5182723 3.5182723 3.5477934 3.5477934 3.5578091 2.7070775 2.7070775 2.8581852 3.0689295 2.6398864 2.8262298 2.7715104 
Pocdam_XM_027182113.1                                   0.9219526 0.9323813 0.8920051 0.7597629 0.7895850 0.8814878 0.9664724 0.6820246 0.9668861 0.9668861 0.8651435 0.9627660 0.9720632 0.9657648 0.8650210 0.1088509 0.0000000 0.2834895 0.3360770 0.3628720 0.3990522 0.3759897 0.3987113 0.7907380 0.8344953 0.5003893 0.6943850 0.6608920 0.8936506 0.9074609 0.8911692 0.9448411 1.0303669 1.1279060 0.8237563 1.1912088 1.4666430 1.2619688 1.1943166 1.2768158 1.4102404 1.4255420 1.3133473 2.3218057 1.6166768 1.5053784 1.8274998 1.3800819 1.3924397 1.9487906 1.4797391 1.5108449 1.5420664 1.3849327 1.0365735 1.1479061 1.2120314 1.2434882 1.2812738 1.2215685 1.6397375 1.4955736 1.3073195 1.1023017 0.9667020 1.5302020 1.4987178 1.4120434 2.0839806 2.2093635 2.0680692 1.9296963 2.1715253 2.7866311 1.8675604 2.5144223 2.4665180 2.4268047 2.0113140 2.1151958 2.8990365 3.4987859 3.4987859 3.5989587 3.5989587 3.6046934 2.9223358 2.9223358 2.9887768 3.1121720 2.7860649 2.9057197 2.7838037 
Gasp_gasp1.m3.30210.m1                                  0.9133750 0.9116338 0.8929582 0.7899914 0.8369415 0.9360071 1.0341026 0.7511006 1.0351978 1.0351978 0.9280322 1.0187197 1.0277808 0.9819514 0.8651492 0.2702511 0.2834895 0.0000000 0.2812838 0.2520525 0.3581675 0.1405034 0.3030273 0.7850878 0.8106356 0.6579829 0.8337486 0.8022990 0.9738212 0.8956492 0.9536100 0.9036874 0.9818750 1.1069136 0.9184605 1.1942839 1.4296161 1.2537898 1.1092729 1.2780713 1.4591647 1.5009073 1.4574038 2.5827769 1.6541133 1.5530430 1.9032404 1.4083617 1.4516586 2.1502077 1.5281690 1.4463317 1.6766311 1.3385082 1.0143324 1.1995134 1.1806634 1.2242720 1.3143655 1.2079094 1.5662138 1.6203633 1.3069701 1.2553702 0.8257144 1.5746858 1.5220787 1.2908411 2.1968090 2.3569466 2.1732618 1.9861535 2.2299774 2.6755050 2.0757791 2.3254935 2.3806724 2.3450340 1.8353203 2.1210516 2.8215872 3.3287032 3.3287032 3.3131373 3.3131373 3.5087392 2.8426280 2.8426280 2.9629932 3.2825791 2.9850527 3.1516036 2.6817320 
Adig_XM_015918254.1                                     0.9533459 0.9610109 0.9123829 0.7916249 0.8293130 0.8940672 0.9832783 0.6808111 0.9762413 0.9762413 0.9010455 0.9159791 0.9248983 0.9866730 0.7419931 0.3050898 0.3360770 0.2812838 0.0000000 0.1328571 0.3386739 0.3337931 0.0208130 0.7792325 0.8175128 0.5817958 0.7839568 0.8000904 0.8458980 0.8270828 0.9668297 0.9389603 1.0066661 1.1665541 0.6096198 1.2342974 1.5636151 1.3268798 1.2108788 1.3370970 1.5780334 1.5946681 1.4506532 2.4583671 1.7246202 1.6234369 1.8446258 1.3374552 1.3269472 1.8685979 1.4413201 1.5161256 1.5949957 1.3363998 1.0782425 1.3176842 1.2231023 1.2628516 1.3955200 1.3607066 1.6198927 1.6434858 1.3541737 1.3065186 0.7822657 1.5419708 1.5916242 1.3181220 2.3450135 2.5495623 2.4696107 2.0956419 2.2565847 2.5174814 1.9794050 2.3422981 2.4750668 2.5367392 1.9859814 2.5066451 3.2612180 3.4358328 3.4358328 3.5374006 3.5374006 3.5278096 3.1366713 3.1366713 2.9740401 3.1277971 2.7216497 2.8726646 2.8469338 
Gfas_gfas1.m1.17873.m1                                  0.8974981 0.9047230 0.8884674 0.7555457 0.7812545 0.8779833 0.9335529 0.6384616 0.9474051 0.9474051 0.8578061 0.8920797 0.8984748 0.9052651 0.7547036 0.3152386 0.3628720 0.2520525 0.1328571 0.0000000 0.3462008 0.3061938 0.1237892 0.8230679 0.8412448 0.6121972 0.8293026 0.8489041 0.8822422 0.8423684 0.9601652 0.8740671 0.9697061 1.1294809 0.7487307 1.1788135 1.4348983 1.2795193 1.1965502 1.3030976 1.4665204 1.4031148 1.4641481 2.3897224 1.6905067 1.4791790 1.7662530 1.3409286 1.3234174 1.9488773 1.3887922 1.4571540 1.5971482 1.2844456 1.0656428 1.3213635 1.1946674 1.2390073 1.3252957 1.2897789 1.5374127 1.5860747 1.3538025 1.4104076 0.7275404 1.4556230 1.5406611 1.2792277 2.2057764 2.4581739 2.2998100 1.9770738 2.2333259 2.6832972 1.9220364 2.3690900 2.4427112 2.3553072 1.9668218 2.3554938 3.0144547 3.2101941 3.2101941 3.2927541 3.2927541 3.3469839 2.9146990 2.9146990 3.0154773 3.3023534 2.8003745 3.1676162 2.9287856 
Nvec_v1g124990                                          0.7170709 0.7279431 0.7284004 0.8190053 0.6112268 0.6330920 0.6747794 0.6986889 0.7129467 0.7129467 0.8372578 0.6934147 0.6849892 0.7072092 0.4958967 0.3438149 0.3990522 0.3581675 0.3386739 0.3462008 0.0000000 0.4915991 0.3679102 0.5142452 0.5637369 0.6030986 0.5956637 0.6762429 0.6834443 0.5474004 0.5602663 0.6380234 0.7599977 0.8098125 0.7001713 0.7828272 1.1614646 1.0134177 1.0863768 1.1131733 1.2641026 1.2457307 1.1559045 1.8308183 1.2331757 1.3195699 1.8051180 1.2400269 1.2040239 1.8145332 0.9820143 1.2255186 1.2818839 0.9044508 1.0366046 1.2738471 1.0515819 1.1367555 1.2175265 1.0799805 1.2324083 1.4259524 1.1105328 0.9962392 0.2805623 1.2180699 1.1786328 0.7021696 1.8686235 2.0238859 1.9307685 1.7977083 2.1735501 2.7038400 1.9676513 2.1014559 2.2649232 2.2208020 1.9686506 2.0569385 3.2285828 3.0812927 3.0812927 3.1899437 3.1899437 2.9269176 2.9268429 2.9268429 2.9067444 2.9201893 2.8469986 3.0314743 2.3724694 
Fspp_ffun1.m4.15614.m1                                  0.9928614 1.0056892 0.9798867 1.0185774 0.9468069 1.0131771 1.2212964 0.8764118 1.2471460 1.2471460 1.1393768 1.1083199 1.1399428 1.1418243 0.9917142 0.3459301 0.3759897 0.1405034 0.3337931 0.3061938 0.4915991 0.0000000 0.2300097 0.8324414 0.9055080 0.7218425 0.9230735 0.6784697 0.9097325 0.9864773 1.1648271 0.8710507 0.9161687 1.0436005 1.0017894 1.4911541 1.6478881 1.4203900 1.5483360 1.5265025 1.5334050 1.5356359 1.6005108 2.8778036 1.8737556 1.8127103 1.8399774 1.5964700 1.5625333 1.9665911 1.7872299 1.6956606 1.9440371 1.6166050 1.1493334 1.2725851 1.2697027 1.3092920 1.3706680 1.4034987 1.8423039 1.5209692 1.3780005 1.3618183 1.2487629 1.7784516 1.7519161 1.3250393 2.4855890 2.7425348 2.3512249 2.2090550 2.7817684 2.8275084 2.3575700 2.8402348 2.9040489 2.8788724 2.1045347 2.6262026 3.4937438 3.5296407 3.5296407 3.5145021 3.5145021 3.7788500 3.1643873 3.1643873 3.1663718 3.5139745 3.1698978 3.4044898 2.7474542 
Adig_XM_015918253.1                                     1.0120526 1.0120526 0.9941247 0.8149546 0.9448362 1.0698539 1.1860362 0.8005665 1.1456849 1.1456849 1.1019276 1.0676968 1.0818134 1.1569285 0.9213984 0.3446566 0.3987113 0.3030273 0.0208130 0.1237892 0.3679102 0.2300097 0.0000000 0.8881805 0.9967070 0.7445988 0.9828654 0.7599267 0.9539432 0.9071245 1.1966445 0.9219955 0.9219955 1.1172151 0.9762549 1.2811925 1.5462907 1.4477770 1.1361425 1.4155997 1.5284443 1.6063267 1.6273717 2.5476004 1.8164005 1.6090037 1.2994839 1.3242628 1.3026222 1.7686368 1.4190153 1.6237363 1.4412764 1.2169683 1.2065297 1.6562976 1.3531762 1.3857942 1.5167874 1.4715483 1.9821521 1.6434858 1.4098193 1.3890277 1.2160042 1.4340341 1.4816166 0.9051592 2.6128036 2.8655911 2.7110597 2.6226354 2.6242651 2.5632759 2.0681118 2.8354565 2.8022893 3.0203149 2.2303265 3.1290870 5.5426239 3.9046479 3.9046479 4.0762584 4.0762584 4.0922767 3.5644796 3.5644796 3.5232003 3.6803613 3.1477818 3.5291797 3.6452826 
Dgig_XM_028546107.1                                     0.9051980 0.9123555 0.8561404 0.7749078 0.8087750 0.9506307 0.8010700 0.5950674 0.8516770 0.8516770 0.8146923 0.7901769 0.8300935 0.9504452 0.9327023 0.8079625 0.7907380 0.7850878 0.7792325 0.8230679 0.5142452 0.8324414 0.8881805 0.0000000 0.2808712 0.5511183 0.6862738 0.5705315 0.8503157 0.7308344 0.8784307 0.7300937 0.7585530 0.8983215 1.2732040 1.4172990 1.7189173 1.4105315 1.4104645 1.2044502 1.7077256 1.6012753 1.5542517 2.0449791 1.5290581 1.4846215 1.8859029 1.4141021 1.3476370 1.7874673 1.2703554 1.5717746 1.3807870 1.4252535 1.1974779 1.2741291 1.1470985 1.1433320 1.1933420 1.2005118 1.6503962 1.4176490 1.4199838 1.4501149 1.3430875 1.7177620 1.7389202 1.8064540 2.0764656 2.1475889 2.2348522 2.1027787 2.2938002 2.7773907 2.1592755 2.2083209 2.2060531 2.3437447 1.8095878 2.5117662 2.9754164 3.2027703 3.2027703 3.2633412 3.2633412 3.5677997 3.3293523 3.3293523 2.8241123 3.0343415 3.0789298 3.0417918 2.8135275 
Xesp_014649-T1                                          0.8305810 0.8339811 0.7804503 0.6530614 0.8212887 0.8887896 0.8441223 0.6487257 0.8793221 0.8793221 0.8618874 0.7840851 0.8246978 0.9034370 0.9249423 0.8803251 0.8344953 0.8106356 0.8175128 0.8412448 0.5637369 0.9055080 0.9967070 0.2808712 0.0000000 0.5549934 0.6682799 0.6829612 0.7122128 0.7416679 0.8912221 0.8451606 0.8594839 1.0105160 1.3679049 1.3495713 1.5444956 1.2752331 1.3248354 1.2555779 1.6399209 1.6134662 1.4840952 1.9286591 1.3882751 1.3836914 1.8311622 1.3666823 1.3541735 1.9415705 1.2833827 1.5438730 1.5690571 1.4580480 1.1282123 1.2430256 1.1315224 1.1331533 1.1317051 1.2337473 1.5990937 1.2554784 1.3742313 1.4297384 1.1398736 1.7535001 1.7370442 1.6650351 2.0930248 2.3342098 2.2530008 2.0193043 2.1216599 2.8168255 2.0380791 2.3462010 2.1804955 2.2533930 1.7887294 2.2468991 3.4183799 3.2192786 3.2192786 3.2986816 3.2986816 3.3854842 3.4511266 3.4511266 2.8818734 2.8591804 2.9755218 3.1606195 3.0399373 
Nemnom_g16420.t1                                        0.7260807 0.7363335 0.6962910 0.6578917 0.6324586 0.7009710 0.7563491 0.6374810 0.7700103 0.7700103 0.8536477 0.7868536 0.7903054 0.7552483 0.7393691 0.5921058 0.5003893 0.6579829 0.5817958 0.6121972 0.6030986 0.7218425 0.7445988 0.5511183 0.5549934 0.0000000 0.1275187 0.2276061 0.4579221 0.7802931 0.6495064 0.9335949 1.0077026 0.9262809 0.9246229 0.9204195 1.1038104 0.9872521 1.2252269 1.0573228 1.5495243 1.4607456 1.2219749 2.1584737 1.4938509 1.5972448 1.6731643 1.2785241 1.2329176 1.7709768 1.0825697 1.3694799 1.3741557 1.1633667 1.0094316 1.0369518 1.3580062 1.3640576 1.2071044 1.0432791 1.4298846 1.5606142 1.2441426 0.9871134 0.6746488 1.2797573 1.3146473 1.6862753 1.8422353 1.9861244 1.9439582 1.6357679 1.8766713 2.4915511 1.8150809 2.1458133 2.1571224 2.1360086 1.9178019 1.7525922 2.6845965 3.1545994 3.1545994 3.3655450 3.3655450 3.5584751 3.1563356 3.1563356 3.0639208 3.0954862 2.9473207 3.1316316 2.6342009 
Rhoesc_Res_000219-T1                                    0.7862514 0.8011437 0.8003743 0.6862278 0.8359454 0.9894398 0.9582956 0.7181822 0.9838760 0.9838760 0.9194481 0.9472607 0.9434174 0.9238446 0.9178308 0.7894868 0.6943850 0.8337486 0.7839568 0.8293026 0.5956637 0.9230735 0.9828654 0.6862738 0.6682799 0.1275187 0.0000000 0.2549188 0.4891650 0.8735275 0.7986425 1.0008516 1.0417006 1.2256980 1.1144649 1.1917833 1.2317711 1.2946198 1.1414149 1.3038821 1.6159407 1.5765453 1.4702704 2.0746291 1.5003188 1.5521678 1.9363234 1.4611575 1.2590802 1.6482572 1.3404109 1.3264530 1.3105071 1.5593525 1.0373216 1.1061397 1.3008337 1.3585204 1.2805908 1.1423912 1.6861698 1.6042914 1.2574197 1.0634666 1.0539914 1.6178461 1.7691072 1.9197347 1.8289989 2.3424255 2.1264914 1.7788071 1.7517370 2.3763043 1.7831972 2.1559744 2.0424558 2.2055538 1.9007294 1.9845133 2.8081686 3.0983333 3.0983333 3.3039302 3.3039302 3.3085678 3.2401989 3.2401989 2.8639657 2.7833200 2.8221635 3.1625729 2.7248337 
Aaur_scaffold526.g7.t1                                  0.6358514 0.6358514 0.6566481 0.6200720 0.6911199 0.7960508 0.9808795 0.9996541 0.9868673 0.9868673 1.1236023 0.9649139 0.9651522 0.8221450 0.7761970 0.7273961 0.6608920 0.8022990 0.8000904 0.8489041 0.6762429 0.6784697 0.7599267 0.5705315 0.6829612 0.2276061 0.2549188 0.0000000 0.3348182 0.7827049 0.8272727 0.9760669 0.9760669 0.8273229 1.1810273 0.8519358 0.8561831 0.9816762 1.3148326 1.0173620 1.2552455 1.2803759 1.2974349 2.2211122 1.5999581 1.5298259 1.0268155 1.0771794 1.1693348 1.5047718 1.0155953 1.3957989 1.0329496 1.0324448 0.9917480 1.1976720 1.5061425 1.4495629 1.1837912 1.2378090 1.6961535 1.4174650 1.3580534 1.0290043 1.0812273 1.0316310 1.0044214 1.0344925 1.9541840 2.0184083 1.8567561 2.0101396 1.7446167 2.6525468 2.1577949 2.0497273 1.9064213 2.0472656 1.9015220 1.9762760 5.2374373 4.1482919 4.1482919 4.3022009 4.3022009 4.0838830 3.5206633 3.5206633 3.5649629 3.6751132 3.2733463 3.7593198 3.0150792 
Sanmal_Sma_011151-T1                                    0.9299995 0.9340721 0.9623885 0.7823645 0.9404071 1.0694248 1.0018999 0.7525622 1.0087516 1.0087516 0.9387217 0.9779209 0.9929510 1.0553482 0.9199487 0.9097087 0.8936506 0.9738212 0.8458980 0.8822422 0.6834443 0.9097325 0.9539432 0.8503157 0.7122128 0.4579221 0.4891650 0.3348182 0.0000000 0.8218474 0.8990141 1.0696065 1.1550386 1.1905576 1.2673966 1.3532130 1.3760233 1.5252347 1.5020791 1.5747400 1.6855272 1.6934870 1.6782448 2.1368983 1.7355583 1.5968515 1.7722698 1.4680523 1.4753634 1.8173613 1.4152517 1.5076181 1.5721524 1.5556666 1.1844124 1.2786146 1.3972640 1.4461811 1.4636141 1.5147976 2.0008904 1.6215719 1.4295102 1.2306790 1.3190085 1.5568454 1.7132126 1.7258052 1.9647371 2.5220992 2.1844461 2.0212406 1.9204992 2.6439638 1.9135062 2.5161238 2.2004181 2.3129803 1.9540034 2.3430960 3.5593020 3.2685994 3.2685994 3.4982389 3.4982389 3.4142106 3.3326754 3.3326754 2.8642073 3.0659542 2.7236203 3.1901901 3.0168073 
Plajan_Pjan_C537582_01                                  0.8584578 0.8450074 0.7984401 0.6432748 0.6466139 0.7089547 0.5975480 0.4548956 0.6184218 0.6184218 0.5834532 0.6393388 0.6376828 0.7403316 0.5802934 0.9345224 0.9074609 0.8956492 0.8270828 0.8423684 0.5474004 0.9864773 0.9071245 0.7308344 0.7416679 0.7802931 0.8735275 0.7827049 0.8218474 0.0000000 0.7746735 0.7334967 0.8111704 0.7284145 1.3225641 1.3075026 1.4178362 1.3100226 1.2679608 1.3245748 1.2791094 1.3210003 1.2621865 2.0499219 1.3989149 1.4013058 1.4671004 1.2198425 1.2450578 1.5369222 1.1784566 1.3707327 1.3549545 0.9890490 1.1887889 1.2907386 1.1805952 1.2585970 1.4136397 1.4441196 1.6742838 1.3062088 1.3012654 1.3213847 1.0054980 1.7556536 1.8695080 1.8468807 2.1544999 2.2630923 2.2002012 2.0240576 2.1828539 2.1337741 1.9941098 2.1341256 1.9681131 1.9269231 1.6466197 2.3614929 4.0661625 2.9513272 2.9513272 2.9513512 2.9513512 2.9720434 2.9639823 2.9639823 2.9987009 2.8011279 2.7057201 3.1626670 2.7957516 
Morvir_scaffold7.g176.t1                                0.8752005 0.8735207 0.8698060 0.6677529 0.8127865 0.8783050 0.8362195 0.5371819 0.9090916 0.9090916 0.6996259 0.9251090 0.9257902 0.8446246 0.9065622 0.9308778 0.8911692 0.9536100 0.9668297 0.9601652 0.5602663 1.1648271 1.1966445 0.8784307 0.8912221 0.6495064 0.7986425 0.8272727 0.8990141 0.7746735 0.0000000 0.8485606 0.9278558 1.0456327 1.3257204 1.1481750 1.2847647 1.2645755 1.0731471 1.3016092 1.4733555 1.5038254 1.2613397 1.9833319 1.4124692 1.3116746 1.9452482 1.5053961 1.4617687 2.1024576 1.1660704 1.4487634 1.4259952 1.2820738 1.0288219 1.0537892 1.1380150 1.1451439 1.3132522 1.2172432 1.4584505 1.2362560 1.3455217 1.2551587 1.1215771 1.8569856 1.9436927 1.8100984 1.6881173 2.2898433 1.8046420 1.9262436 2.1146419 2.6967972 2.1254314 1.8851286 2.0083929 1.9035979 1.8180765 2.0116336 2.8314592 3.3045908 3.3045908 3.3668283 3.3668283 3.2936094 2.9683930 2.9683930 3.2882409 3.3002656 2.8326734 3.1833245 2.7741213 
Plespi_Pspi_scaffold767_01                              0.7282971 0.7282971 0.7600031 0.5738020 0.5913225 0.6997664 0.7862136 0.4847657 0.8594715 0.8594715 0.7293019 0.7297495 0.7886498 0.6479627 0.6204107 0.9533439 0.9448411 0.9036874 0.9389603 0.8740671 0.6380234 0.8710507 0.9219955 0.7300937 0.8451606 0.9335949 1.0008516 0.9760669 1.0696065 0.7334967 0.8485606 0.0000000 0.0000010 0.6550759 1.5839037 1.2622710 0.9806294 1.1189412 1.0456690 1.3712553 1.4088257 1.4356601 1.5635794 1.6044251 1.3171128 1.3560063 1.1051416 1.1318245 1.0960328 1.1840170 1.2606263 1.3463229 2.1599886 1.3453399 1.1328527 1.3421076 1.0084626 1.0812677 1.5500531 1.5168747 1.7285647 1.5239332 1.1701299 1.1295487 1.4904253 1.7640887 1.6239387 1.4181202 1.6977705 2.2603488 2.2529746 2.0282088 2.0165891 2.1831736 1.8862119 1.9309813 1.7611580 1.8318987 1.6003809 2.6049924 4.2595542 3.0481919 3.0481919 3.2833979 3.2833979 3.2557703 3.3523712 3.3523712 3.0485544 3.0978034 3.2487304 3.1082771 3.2176057 
Plespi_Pspi_scaffold766_01                              0.8063136 0.8098002 0.8246979 0.6763944 0.6589689 0.8244122 0.8656479 0.5876699 0.9582669 0.9582669 0.8633799 0.8272399 0.8876862 0.7463162 0.6868798 1.0245924 1.0303669 0.9818750 1.0066661 0.9697061 0.7599977 0.9161687 0.9219955 0.7585530 0.8594839 1.0077026 1.0417006 0.9760669 1.1550386 0.8111704 0.9278558 0.0000010 0.0000000 0.6550759 1.6418295 1.3400729 1.0597408 1.2474317 1.4859316 1.4611250 1.4931213 1.5105350 1.5324645 1.6044251 1.3161048 1.4064487 1.1978423 1.2657547 1.1790788 1.1840170 1.3675240 1.4350280 2.0978366 1.3668104 1.2291258 1.4732676 1.1039678 1.1618893 1.6081253 1.5788788 1.7915417 1.5239332 1.2548968 1.2293913 1.6112558 1.9426854 1.7935382 1.6227585 1.9143228 2.5957492 2.6003382 2.2496397 2.1828425 2.3219325 2.1319029 2.1059120 1.9249994 2.0131437 1.8047737 2.7737697 4.7121474 3.2125231 3.2125231 3.4490963 3.4490963 3.3712487 3.5924477 3.5924477 3.2735436 3.2947788 3.3497215 3.2986743 3.2315202 
Tetwil_g11635.t1                                        0.4287618 0.4287618 0.4035445 0.2318585 0.4989384 0.5364515 0.8996726 0.5471828 0.8905674 0.8905674 0.7406328 0.8181381 0.8602608 0.7197339 0.8332428 1.1217739 1.1279060 1.1069136 1.1665541 1.1294809 0.8098125 1.0436005 1.1172151 0.8983215 1.0105160 0.9262809 1.2256980 0.8273229 1.1905576 0.7284145 1.0456327 0.6550759 0.6550759 0.0000000 1.7552730 1.5325188 1.3717338 1.1511619 1.0680607 1.3283576 1.3523211 1.4561624 1.4574654 2.3998716 1.6284821 1.2553605 1.3701445 1.4173354 1.3536162 1.6801071 1.3395727 1.3961520 1.2603246 1.2446771 1.1934777 1.1819819 1.2889605 1.3415977 1.5484567 1.4109656 1.6568418 1.0299956 1.5129333 1.3988234 2.0170518 1.8322645 1.9208283 1.6629098 1.9304303 2.2523392 2.1555595 2.1718406 2.2714255 2.3159246 1.9239071 2.3752470 2.2398622 2.6423242 1.5440421 2.5070795 5.5964621 3.8709534 3.8709534 3.9381365 3.9381365 4.2739804 3.5721027 3.5721027 3.7465861 3.7412831 3.1216646 3.5501703 3.8849974 
Amil_Amillepora07001-RA                                 1.3346023 1.3450739 1.3657683 0.9087026 1.2628515 1.2300260 1.3842686 1.0242272 1.3692630 1.3692630 1.1004800 1.3265537 1.3670394 1.4264421 1.1899338 0.8667118 0.8237563 0.9184605 0.6096198 0.7487307 0.7001713 1.0017894 0.9762549 1.2732040 1.3679049 0.9246229 1.1144649 1.1810273 1.2673966 1.3225641 1.3257204 1.5839037 1.6418295 1.7552730 0.0000000 1.8121764 1.9965425 1.8151441 1.2108788 1.8809827 2.0621000 2.0251387 1.9189570 4.2401958 2.1936241 2.2008616 3.0716648 2.1546104 1.9807338 4.9434137 2.1253024 1.9941181 1.5240302 2.2302762 1.6284511 1.4989092 1.8082488 1.7704023 1.7952719 2.1205823 2.0126905 2.0046712 2.0395725 1.7121435 1.9114636 2.4722152 2.6324229 2.6735036 3.2524382 3.5245498 3.2426802 2.7584564 2.9774689 3.4377606 2.6980506 2.9157919 2.9022796 3.1953385 2.4232820 3.3460135 3.3960245 3.9297951 3.9297951 4.1266582 4.1266582 4.4151884 4.4566472 4.4566472 3.5042680 3.7352923 3.5315944 3.8131405 3.3994089 
Hvul_g10640_1                                           1.3851278 1.3878648 1.4264282 0.9097711 1.2942509 1.3649559 1.4380606 0.9520622 1.3839268 1.3839268 1.0164052 1.4570508 1.4522712 1.4729625 1.3126209 1.1428671 1.1912088 1.1942839 1.2342974 1.1788135 0.7828272 1.4911541 1.2811925 1.4172990 1.3495713 0.9204195 1.1917833 0.8519358 1.3532130 1.3075026 1.1481750 1.2622710 1.3400729 1.5325188 1.8121764 0.0000000 1.9355537 1.6071174 1.6087997 1.8661870 2.1707421 2.2178877 1.9025480 2.9985658 2.0367583 1.9683087 2.1014607 1.8206699 1.5113894 2.0871607 1.5838878 1.9510594 1.5340426 1.4829019 1.4955747 1.6252536 1.5827480 1.6207268 1.7143795 1.6479192 2.1692651 1.4664639 1.8714883 1.6913982 1.7870176 1.7739127 1.6117374 2.4149163 2.8266620 3.0754005 2.7933204 2.4620967 2.4883903 3.0603322 2.2477169 2.5685496 2.4285544 2.3640226 2.2120979 2.7283519 3.6625740 3.9731234 3.9731234 4.2212664 4.2212664 3.8913008 3.6116155 3.6116155 3.5390269 3.6706078 3.7496020 3.4310501 3.3081860 
Bralan_BLAG05000648_1                                   1.2889613 1.2709770 1.2885565 0.8157867 1.2883349 1.3302918 1.3956305 1.0047386 1.3558635 1.3558635 1.1240268 1.3281288 1.3158421 1.2978816 1.3218924 1.4964201 1.4666430 1.4296161 1.5636151 1.4348983 1.1614646 1.6478881 1.5462907 1.7189173 1.5444956 1.1038104 1.2317711 0.8561831 1.3760233 1.4178362 1.2847647 0.9806294 1.0597408 1.3717338 1.9965425 1.9355537 0.0000000 0.9495429 1.0314687 1.5212715 1.5749853 1.4861058 1.5660715 2.6797995 1.8267787 1.7205372 2.3062212 1.8596416 1.7264294 2.9279927 1.5381738 1.4858506 1.8317593 1.6023371 1.1557967 1.1250653 1.3140163 1.3376712 1.4434825 1.4892071 1.6070379 1.5667479 1.1914588 0.9685393 1.7192081 1.9660067 1.9976023 2.3946649 1.5970001 2.1662493 1.7893755 1.8063637 2.3792013 2.3725625 2.1061842 2.1383620 1.9371721 2.1957911 2.2196259 2.0490108 3.3024398 2.9681885 2.9681885 3.1818492 3.1818492 3.1427610 2.7730442 2.7730442 2.7106784 3.1160775 2.7085156 2.7918397 2.5566121 
Hsap_ENST00000300145                                    1.0949561 1.0925183 1.0957546 0.8463327 1.1247370 1.1563821 1.1218874 0.7577634 1.1608195 1.1608195 0.9131049 1.0662529 1.1098251 1.0985308 1.2271966 1.2722825 1.2619688 1.2537898 1.3268798 1.2795193 1.0134177 1.4203900 1.4477770 1.4105315 1.2752331 0.9872521 1.2946198 0.9816762 1.5252347 1.3100226 1.2645755 1.1189412 1.2474317 1.1511619 1.8151441 1.6071174 0.9495429 0.0000000 0.7525886 1.2047193 1.2396090 1.4069344 1.2724596 2.9225829 1.5804706 1.4063271 2.3249692 1.7384173 1.5651502 2.4202975 1.5206043 1.3858937 1.3413613 1.4180075 1.1283807 1.0257040 1.0691966 1.1088915 1.1249771 1.2471012 1.5392517 1.3414754 1.2879109 0.8300404 1.9125783 1.6414864 1.6882040 2.8141547 1.6204786 1.7595061 1.6796311 1.4243902 2.1381745 2.0950170 1.7635523 2.1467945 2.1322239 1.9745952 1.7708107 1.7618317 2.8268659 2.4586744 2.4586744 2.4974191 2.4974191 2.4183942 2.5107762 2.5107762 3.0244636 3.0316500 2.7378632 2.6007570 2.6803277 
Codhol_EP00042_Codosiga_hollandica_P018712              1.0068998 1.0027148 1.0459921 1.1408268 1.1524683 0.9942899 0.9266001 0.9526895 0.9972199 0.9972199 0.9972199 0.9598797 0.9652227 1.1108498 1.0882782 1.2417319 1.1943166 1.1092729 1.2108788 1.1965502 1.0863768 1.5483360 1.1361425 1.4104645 1.3248354 1.2252269 1.1414149 1.3148326 1.5020791 1.2679608 1.0731471 1.0456690 1.4859316 1.0680607 1.2108788 1.6087997 1.0314687 0.7525886 0.0000000 0.7116235 0.7108042 0.7300374 1.1025359 3.3589708 1.0484357 1.0100626 2.0931079 1.2623101 1.2662017 1.2947727 1.1453235 1.0050827 1.2336243 0.9031622 0.8540632 0.8540632 0.6425730 0.7870312 0.8756975 0.8457628 0.8119261 1.1413326 0.9461751 1.1727645 1.1428473 1.6543253 1.6011904 3.5592814 1.4405879 1.8830706 1.5138496 1.6364224 1.7998130 1.8887282 1.8615183 2.1808886 2.1424162 1.8625907 2.0072795 1.6595803 3.2724768 3.0801589 3.0801589 3.0801589 3.0801589 2.9088798 2.8754222 2.8754222 2.8501367 2.8712402 3.2099476 3.5486735 2.9073528 
Salmac_EP00052_Salpingoeca_macrocollata_P006138         1.1463640 1.1304593 1.1043296 0.8630591 1.3016883 1.3335686 1.3962670 0.9614834 1.3725172 1.3725172 1.1928172 1.4213450 1.4138283 1.3131306 1.2866946 1.3027715 1.2768158 1.2780713 1.3370970 1.3030976 1.1131733 1.5265025 1.4155997 1.2044502 1.2555779 1.0573228 1.3038821 1.0173620 1.5747400 1.3245748 1.3016092 1.3712553 1.4611250 1.3283576 1.8809827 1.8661870 1.5212715 1.2047193 0.7116235 0.0000000 0.9789790 1.0325562 0.9857328 1.7954090 1.1714691 1.0169045 1.4328900 1.1106730 1.1587486 1.4873621 1.0942045 1.0916199 1.2763809 1.0977222 0.8746454 0.9822951 0.9321586 0.8862068 0.7449691 1.0078164 1.4596381 1.1066341 1.3035824 1.6230473 1.8556857 1.9997835 2.1433202 2.4036346 1.9752547 2.2366943 2.2166985 1.9135961 2.3565700 2.5193735 2.2174951 2.3821909 2.2013463 2.4020427 1.8277343 1.9174167 2.8400632 3.0937118 3.0937118 3.1432280 3.1432280 3.1224694 2.8499819 2.8499819 2.8686510 3.2203095 3.2063353 3.2375449 3.1170010 
