78
Aque_Aqu2.1.34874_001                             0.0000000 0.3293778 0.8237149 1.2811330 0.7937944 0.9025563 0.9339591 0.8421167 0.8378589 0.9100299 1.0181232 0.9266426 1.0728034 1.3758497 1.3255278 1.3809033 1.1862942 1.1733159 1.4028674 1.3228426 1.1667168 1.0670045 1.1081059 1.1605793 1.1332150 1.2449155 1.1192170 1.0417088 1.3702488 1.2221636 1.1409573 1.6501607 1.2696980 1.0698406 0.9585599 1.4103212 1.1838108 1.1238036 1.3639205 1.2897432 1.4099338 1.3397562 1.3089443 1.2650694 1.4733667 1.3268142 1.1108601 1.3130839 1.3196623 1.6514448 1.7067979 1.6736186 1.8150022 4.1295823 2.5549435 1.6373554 1.6959080 1.6477013 1.6823085 1.7463956 1.8729665 1.4715406 2.2002704 1.7327721 1.8410885 1.7948074 2.3251711 2.0699140 2.0685848 2.2927505 1.9713281 1.6071753 1.9123546 1.9787581 2.1667229 1.9864508 2.1668844 2.6253726 
Halamb_c43606_g1_i1m.16383                        0.3293778 0.0000000 0.7729187 1.0894868 0.6799885 0.8397713 0.8699153 0.7874936 0.7832964 0.8177753 0.9026405 0.8404513 0.9305434 1.1922912 1.1854327 1.2170304 1.0532110 0.9742280 1.1840138 1.1423400 1.0884763 1.0158931 0.9959459 1.1056723 1.0557022 1.1848848 0.9474637 1.0431869 1.1793493 1.0944135 0.9938698 1.5896456 1.0655482 0.9875627 0.8620533 1.1608780 1.0305039 1.1035585 1.3683981 1.3055189 1.3036516 1.2762391 1.4595937 1.4128408 1.3812605 1.1426201 1.0878950 1.1680343 1.2833573 1.5782168 1.5947363 1.5692309 1.8139827 3.5318949 2.5420187 1.5695873 1.6488779 1.6940570 1.6338017 1.6568890 1.9209691 1.4899716 2.2320594 1.5447825 1.7327614 1.7647040 2.2017824 2.0820386 2.0329122 2.1320193 1.9802718 1.5611562 1.8099330 1.9214907 2.0802248 1.8654443 2.1951606 2.3583361 
Tetwil_g6726.t1                                   0.8237149 0.7729187 0.0000000 0.9459655 0.5782186 0.8049089 0.8168906 0.8037176 0.7929230 0.8099723 0.7990406 0.7981241 0.9407815 0.9992406 0.9447576 0.9255331 0.9201272 0.9201555 0.9482893 1.0307069 0.9657572 1.0528740 1.0342271 0.8815381 0.8025887 0.8753891 0.7965924 0.7976453 0.9645902 1.0124243 0.9690103 1.6313483 1.1158134 1.0103059 0.8980375 1.1293273 0.7378594 1.0701246 0.9813159 0.9762002 1.0507923 1.0463633 1.1661592 1.1505452 1.1745736 0.9371639 0.9638946 1.0897861 1.0861085 1.4002943 1.5685128 1.3767663 1.9401340 4.5887813 2.9099811 1.4352235 1.4108113 1.5059608 1.4798495 1.5901095 1.6857738 1.4145922 1.9691442 1.4441230 1.6979931 1.5734625 1.9039974 1.8652673 1.7426697 2.1112485 1.8966195 1.5122111 1.6367491 1.6337585 1.9036295 1.8747385 1.8670572 2.3179618 
Spolac_c96939_g1_i1_m.14006c96939-g1              1.2811330 1.0894868 0.9459655 0.0000000 0.2797941 1.2365709 1.2209435 1.2467704 1.2467704 1.3270401 1.2560809 1.2551664 1.4273152 1.4564158 1.4285872 1.2141904 1.1324209 1.3463196 1.5622481 2.4522148 2.9654620 1.4083489 0.9062276 1.4735178 1.4395042 1.5124535 1.3260325 1.3255862 1.5228432 1.6384989 1.3364299 6.9876544 1.6996125 1.0231977 1.3710459 1.5687056 1.3469991 1.5268135 1.3423217 1.3564936 1.5346035 1.6102563 1.7572322 1.7391364 1.6721661 1.3308280 1.6155771 1.5492616 1.3412941 1.7300678 1.7697225 1.7328659 2.3044141 4.4078984 2.4550736 1.8255947 1.7794908 2.7747237 2.1730126 2.3254844 2.6521044 2.3105257 2.5161018 1.7955688 2.3912246 2.0175192 2.8118440 2.8495716 2.5817531 2.4800368 2.3948593 2.2128114 1.9208103 1.8233102 2.1781497 1.9180063 2.5534723 1.5528162 
Spolac_c96939_g1_i4_m.14007c96939-g1              0.7937944 0.6799885 0.5782186 0.2797941 0.0000000 0.7018765 0.6860096 0.6835764 0.6931235 0.7089889 0.7445358 0.7491655 0.8936106 0.8864481 0.8954268 0.7647176 0.8261014 0.9055073 1.0310777 1.0012393 0.8710129 0.9368600 0.9812055 0.9024715 0.8993496 0.9575169 0.8793822 0.8294125 1.0095326 1.0354414 0.7894020 1.3543250 0.9871506 0.7842790 0.7420456 1.0735436 0.8219849 1.0418045 0.9035517 0.9423772 0.9545881 0.9508622 1.1139094 1.0691832 1.0449658 0.8762687 0.9173479 1.0361206 1.0237955 1.2215060 1.3857375 1.2517445 1.9295810 3.8182384 2.5221853 1.3947607 1.3873295 1.6077306 1.4787945 1.6456010 1.8481497 1.5823667 1.9704992 1.2650869 1.6376827 1.3367112 1.9045819 1.8630011 1.6966012 1.7722453 1.8046786 1.4121866 1.6475987 1.5483856 1.7112123 1.5298168 1.7762194 2.5771534 
HoiH23_PlH23_005078-RA                            0.9025563 0.8397713 0.8049089 1.2365709 0.7018765 0.0000000 0.0407348 0.1071455 0.1127572 0.1414651 0.1395439 0.1412962 0.8666176 0.9333345 0.9735607 0.8589213 0.9563318 0.9606557 0.9837503 0.8925683 0.7513492 0.9748310 1.1252416 0.9193774 1.1117417 1.0610567 1.0141309 0.9432924 1.1108451 1.2136937 0.8353845 1.1993136 1.0429895 0.8768480 0.7897862 1.2314707 0.9154448 0.9300080 1.1388424 1.1328899 1.0880766 1.0987194 1.1985966 1.1532674 1.2780111 1.0905748 1.1050344 1.0571372 1.1650045 1.5528773 1.5295634 1.4077208 1.7759355 4.1182266 2.6899870 1.4646361 1.4422057 1.4718822 1.4607097 1.5682365 1.6589820 1.5220307 1.8656285 1.2948486 1.6410347 1.5280599 1.9997957 2.0295986 1.7139468 1.9625039 1.7500665 1.5051209 1.7844618 1.6670547 1.8073041 1.7589368 1.8141931 2.8591847 
HoiH06_mRNA9544                                   0.9339591 0.8699153 0.8168906 1.2209435 0.6860096 0.0407348 0.0000000 0.1275011 0.1333246 0.1563441 0.1631025 0.1540642 0.8434783 0.9401948 1.0011455 0.8580765 0.9820765 0.9581898 1.0501204 0.9188109 0.7944775 0.9470065 1.0881243 0.9568898 1.0791131 1.0613864 0.9843999 0.9251395 1.1404313 1.2128212 0.9126323 1.3314160 1.0965679 0.8519484 0.8364385 1.2436847 0.9332383 0.9638262 1.1524984 1.1466381 1.1124427 1.0964186 1.1655710 1.1056333 1.2608817 1.1890002 1.1000646 1.1014319 1.1555317 1.5722584 1.6171745 1.4674949 1.9124086 4.3046161 2.7833214 1.5641052 1.5545711 1.5913872 1.5753072 1.6524914 1.7541358 1.6142990 1.9666714 1.3587608 1.7113197 1.5533410 1.9464099 1.9744207 1.7534049 1.9623445 1.7279643 1.5364252 1.8963283 1.8270128 1.9965646 1.8261147 1.8586558 3.1325449 
Hhon_g06768.t1                                    0.8421167 0.7874936 0.8037176 1.2467704 0.6835764 0.1071455 0.1275011 0.0000000 0.0048876 0.1535433 0.1705055 0.1726380 0.8546091 0.9172537 0.9590882 0.8329541 0.9545314 1.0181595 0.9347796 0.8777425 0.7456362 0.9280969 1.0593495 0.9423398 1.1085418 1.0974804 1.0629890 0.9534258 1.1302061 1.2109826 0.8939755 1.3674499 1.0617745 0.7739941 0.7449057 1.2109812 0.8360173 0.9340379 1.1784783 1.1726657 1.0871969 1.0588626 1.2047446 1.1590359 1.2601580 1.0864381 0.9906564 1.0958673 1.1767838 1.5610722 1.5304233 1.4859422 1.8127472 3.9756496 2.7613436 1.4343536 1.4238022 1.4276790 1.4589218 1.5151485 1.6191149 1.4650920 1.8501229 1.3647968 1.6731076 1.4934670 2.0608058 2.0910347 1.8411611 1.9932688 1.8102708 1.4691639 1.8913520 1.7581821 1.8328734 1.7295300 1.8318555 2.5096784 
HoiH04_mRNA13928                                  0.8378589 0.7832964 0.7929230 1.2467704 0.6931235 0.1127572 0.1333246 0.0048876 0.0000000 0.1593836 0.1765821 0.1787859 0.8433330 0.9057725 0.9474255 0.8437238 0.9659079 1.0300300 0.9463502 0.8777425 0.7615663 0.9393100 1.0593495 0.9536711 1.0957841 1.0848790 1.0629890 0.9586378 1.1358465 1.2169134 0.9050248 1.3970605 1.0742943 0.7786335 0.7549213 1.2242172 0.8467062 0.9457707 1.1653128 1.1594308 1.0743301 1.0464575 1.2180644 1.1721488 1.2462861 1.0987281 1.0023525 1.1080228 1.1897228 1.5770132 1.5459107 1.5012810 1.8029125 3.9742866 2.7606988 1.4389872 1.4284107 1.4336117 1.4635450 1.5061868 1.6100053 1.4545061 1.8555594 1.3638155 1.6730157 1.5093716 2.0818428 2.1123022 1.8600083 2.0135372 1.8289306 1.4847726 1.8844935 1.7650479 1.8515238 1.7476992 1.8130844 2.5096784 
HoiH11_mRNA1851                                   0.9100299 0.8177753 0.8099723 1.3270401 0.7089889 0.1414651 0.1563441 0.1535433 0.1593836 0.0000000 0.1711603 0.1628368 0.8618613 0.9794229 0.9299062 0.8626149 1.0095734 0.9869429 1.0376411 0.8843748 0.7301750 0.9760135 1.1547085 1.0173256 0.9837633 1.0236094 0.9788441 0.9240192 1.0778236 1.1496528 0.9069604 1.2440787 1.0440441 0.8060331 0.7902383 1.3100995 0.8818028 0.8758935 1.2583861 1.2552286 1.1376635 1.0969421 1.2125345 1.1668396 1.2240847 1.0866978 1.0601961 1.0955792 1.2183007 1.4645667 1.5039614 1.4489040 1.9387933 4.2333568 2.9634234 1.5783804 1.5510721 1.5683670 1.6687935 1.6977491 1.7884841 1.6543137 2.0564912 1.3935904 1.7783371 1.5446602 2.0190857 2.0564736 1.7405245 1.9401685 1.7275046 1.6261445 1.9127760 1.9379732 1.9992292 1.9322366 1.8797014 3.1273608 
TrH2_TrispH2_007795-RA                            1.0181232 0.9026405 0.7990406 1.2560809 0.7445358 0.1395439 0.1631025 0.1705055 0.1765821 0.1711603 0.0000000 0.0049331 0.7988845 1.0170112 1.0792797 1.0082940 0.9575997 1.0851862 1.1398178 0.8549778 0.7601298 0.8775897 0.9610374 1.0069564 1.0774466 1.1555675 0.9859215 0.8757902 1.2763329 1.1686750 0.8963331 1.4820740 1.0577660 0.8641086 0.8688398 1.2798112 1.1423193 1.0130805 1.4914196 1.4306974 1.2959725 1.2371358 1.4079422 1.3627477 1.4429123 1.2914086 1.0542423 1.3053030 1.2257983 1.7016835 1.6930588 1.6584310 1.8160991 4.3501254 2.7782543 1.5488062 1.5831991 1.4660855 1.5712852 1.6647447 1.7428728 1.5393082 2.0629795 1.4301825 1.6890050 1.7284528 1.9532665 1.9551184 1.6625295 2.0678388 1.7252952 1.5778154 1.8479359 1.9478988 2.2637658 1.9881628 1.9858690 2.9140764 
Tadh_TriadT22592                                  0.9266426 0.8404513 0.7981241 1.2551664 0.7491655 0.1412962 0.1540642 0.1726380 0.1787859 0.1628368 0.0049331 0.0000000 0.7957760 0.8585539 0.9279304 0.7893507 0.9641618 0.9869334 0.9589965 0.8549778 0.7633854 0.8837784 0.9610374 0.8930839 1.0034788 1.1042486 0.9936434 0.8820610 1.1143518 1.1763021 0.8263952 1.4376653 1.0650517 0.8601723 0.7545455 1.2878325 0.9699139 0.9110602 1.2511728 1.2471686 1.1808060 1.1156096 1.2724827 1.2260428 1.2754197 1.0852197 1.0613212 1.1189222 1.1319362 1.4526074 1.4810220 1.4298276 1.8020445 4.1134651 2.7667384 1.5464750 1.5180316 1.4777301 1.5391489 1.6592734 1.7373366 1.5329106 2.0566520 1.2854282 1.6832614 1.4998574 1.9623471 1.9641618 1.6283268 1.9505418 1.7335676 1.4914843 1.8483704 1.7728125 1.9280739 1.8133873 1.8857593 2.7128215 
Dgig_XM_028535610.1                               1.0728034 0.9305434 0.9407815 1.4273152 0.8936106 0.8666176 0.8434783 0.8546091 0.8433330 0.8618613 0.7988845 0.7957760 0.0000000 0.0886097 0.2977583 0.7845959 0.9242537 0.8372065 1.3376892 1.1961163 1.1682453 1.1262321 1.1737206 1.0170720 1.2045042 1.1700828 1.2471319 1.2808187 1.1470081 1.1821376 1.1148514 1.7969581 1.4318306 1.1359541 0.8785457 1.4103145 0.8494791 0.9544304 1.1262382 1.1404007 1.1488969 1.0723833 1.1276137 1.0917853 1.2039706 0.9297098 1.0303592 1.2185040 1.1772171 1.4060321 1.4966209 1.4272647 1.8875779 3.4286056 2.5854613 1.5033061 1.4879480 1.5828937 1.4282816 1.7548415 1.5524319 1.4399131 1.6510072 1.2828050 1.7089567 1.4244461 2.4087038 2.2499608 1.9020719 2.1267702 2.1228875 1.5163882 1.6168569 1.5582205 1.5875709 1.4665758 1.7370424 2.6026877 
Dgig_XM_028537701.1                               1.3758497 1.1922912 0.9992406 1.4564158 0.8864481 0.9333345 0.9401948 0.9172537 0.9057725 0.9794229 1.0170112 0.8585539 0.0886097 0.0000000 0.5268122 1.1927597 1.0446648 1.2558866 1.5691787 1.2073352 1.1815297 1.0725199 1.1508507 1.2534103 1.4000227 1.3814982 1.2343053 1.2614884 1.3722101 1.2796076 1.2207140 1.9092699 1.4527368 1.0891490 1.0480929 1.4429517 1.1054111 1.1748562 1.3709151 1.4449369 1.4094339 1.3122885 1.4352457 1.3862756 1.4478968 1.2470819 1.0978763 1.5992024 1.4451591 1.7408652 1.7206146 1.7631489 2.0360437 4.1673076 2.8713088 1.6114319 1.6668609 1.5920213 1.6362374 1.8688222 1.7359225 1.4679560 1.7672238 1.7831489 1.7725460 1.8656445 2.4651815 2.2808828 2.0317347 2.4104760 2.2047491 1.8736669 1.7228581 1.7777520 1.9487145 1.9211566 1.9463132 2.8522696 
Xesp_009862-T1                                    1.3255278 1.1854327 0.9447576 1.4285872 0.8954268 0.9735607 1.0011455 0.9590882 0.9474255 0.9299062 1.0792797 0.9279304 0.2977583 0.5268122 0.0000000 1.1374750 1.0434813 1.2842162 1.5840360 1.0061188 1.0261406 1.1641535 1.1872231 1.1374095 1.3916785 1.4370904 1.3152194 1.3146029 1.2871793 1.2290422 1.3187295 1.7960334 1.3899085 1.1509138 1.1002728 1.4418789 1.1590584 0.9633031 1.4602889 1.4636496 1.4230536 1.3369173 1.3298403 1.3145099 1.4333554 1.1692081 0.9760745 1.4880838 1.4748789 1.6237656 1.6696959 1.5730093 1.8376931 3.9307979 2.6992046 1.5963308 1.6404452 1.5361325 1.6883189 1.8249248 1.5592523 1.3868311 1.7019740 1.6121647 1.6167595 1.6881460 2.5925830 2.4724823 2.1255627 2.5198285 2.2650863 1.8340520 1.7320954 1.8046514 2.0751493 1.9016901 1.8595812 3.3453318 
Acagra_model.g26633.t1                            1.3809033 1.2170304 0.9255331 1.2141904 0.7647176 0.8589213 0.8580765 0.8329541 0.8437238 0.8626149 1.0082940 0.7893507 0.7845959 1.1927597 1.1374750 0.0000000 0.7112297 0.7312268 1.3430819 1.0170126 0.8326386 0.8133975 0.8714276 0.9552967 1.1354868 1.1691743 1.0554952 0.9018317 1.1274413 1.0277600 0.9302987 1.1984785 1.0978854 0.9033278 0.9698036 1.6215130 1.1050644 1.0503579 1.4485477 1.5052904 1.4318620 1.4445423 1.5218264 1.4643314 1.5223721 1.2232753 1.0692945 1.3338024 1.0397510 1.4247750 1.5978618 1.5432405 1.9034212 4.1779923 2.6734375 1.6143097 1.6761596 1.7352577 1.6369476 1.6281926 1.5201543 1.4442651 1.8998482 1.6391636 1.4281145 2.0215077 1.8879309 1.8491301 1.6192259 1.9779275 1.8245111 1.5167226 1.8022651 2.0731109 2.0456672 1.8745948 1.9080325 3.1163038 
Skow_XM_002739155.2                               1.1862942 1.0532110 0.9201272 1.1324209 0.8261014 0.9563318 0.9820765 0.9545314 0.9659079 1.0095734 0.9575997 0.9641618 0.9242537 1.0446648 1.0434813 0.7112297 0.0000000 0.7271842 1.2182267 1.2285196 1.0501313 0.8833777 0.9816825 0.8110477 0.9855982 0.9809996 0.8832242 0.8571296 0.8711716 0.9629124 1.0012745 1.6796901 1.1488826 1.0904731 0.9364878 1.3742721 0.8611741 0.8479098 1.1277324 1.1700916 1.2732835 1.2553029 1.3551117 1.3448869 1.2766461 0.9500011 1.1421807 1.1563684 0.9681106 1.4286229 1.6293949 1.5061054 1.9906058 4.4875094 2.7668726 1.5450776 1.5141257 1.8029666 1.5683250 1.6335614 1.7613223 1.5155706 1.7977877 1.3102530 1.6230472 1.7976988 2.1188182 2.1294452 1.9772064 2.1519245 1.9574523 1.5783393 1.7055076 1.7743762 1.6241455 1.6300186 1.8887522 2.8903619 
Ctel_gnl_WGS_AMQN_CAPTEDRAFT_mRNA150744           1.1733159 0.9742280 0.9201555 1.3463196 0.9055073 0.9606557 0.9581898 1.0181595 1.0300300 0.9869429 1.0851862 0.9869334 0.8372065 1.2558866 1.2842162 0.7312268 0.7271842 0.0000000 1.5777239 1.2779946 1.0974519 0.9105975 0.9996992 1.0706462 0.9228192 0.9510121 0.7403714 0.8225923 0.9369490 0.9327639 0.9931679 1.3654857 1.0094758 1.0444358 1.1447999 1.5215688 1.0180815 0.9473824 1.3478055 1.3260254 1.2986221 1.3116418 1.5037483 1.4710402 1.4265761 1.2223301 1.1083049 1.2164141 0.9810932 1.3583598 1.4739844 1.3477216 1.6552534 3.9861180 2.1875429 1.5226936 1.6026160 1.5975514 1.7834635 1.7447899 1.6213213 1.3230832 1.6831073 1.5638006 1.7022805 1.9863576 1.8814587 1.7480238 1.5566192 1.8749050 1.7084492 1.4833375 1.5225637 1.6429362 1.8532740 1.7385030 1.9086900 3.0928765 
Codhol_EP00042_Codosiga_hollandica_P033685        1.4028674 1.1840138 0.9482893 1.5622481 1.0310777 0.9837503 1.0501204 0.9347796 0.9463502 1.0376411 1.1398178 0.9589965 1.3376892 1.5691787 1.5840360 1.3430819 1.2182267 1.5777239 0.0000000 0.0923142 0.1252015 0.7592084 0.7461948 0.9217285 1.0281264 1.1409813 0.8917800 0.8441880 1.2280086 1.0020087 0.7299125 1.5884187 0.9445417 0.7812230 0.7674236 1.2494747 1.1619600 1.5304477 1.6948692 1.7859510 1.6314529 1.6164070 1.7977720 1.7650013 1.8264107 1.2587798 1.2527336 1.5147590 1.3490566 1.8730776 1.8809207 1.8129855 1.9524963 5.0337942 2.9212047 1.8906598 1.9148142 1.7615724 2.0481361 1.8684828 1.7803265 1.5184079 2.2519093 1.7839748 1.6570425 2.0281801 2.0840834 2.3007512 2.1328909 2.1626117 2.1793662 2.0370599 1.9187117 1.9062191 2.1064862 2.2726542 2.2722956 0.9883735 
Codhol_EP00042_Codosiga_hollandica_P033686        1.3228426 1.1423400 1.0307069 2.4522148 1.0012393 0.8925683 0.9188109 0.8777425 0.8777425 0.8843748 0.8549778 0.8549778 1.1961163 1.2073352 1.0061188 1.0170126 1.2285196 1.2779946 0.0923142 0.0000000 0.1589074 0.8929349 1.0832808 1.0406142 1.1411166 1.4631761 1.4619479 1.1314408 1.4587922 1.4082699 0.8923079 1.2576514 1.1890612 0.9209653 0.8295493 1.3747776 0.9837315 1.1739347 1.4092801 1.2905281 1.3349992 1.1254979 1.5740512 1.5076453 1.3981461 1.0450840 1.2850041 1.3961164 1.3839339 1.9511530 2.1210592 1.9124731 1.9089113 5.3982370 4.3551867 1.8237799 1.8336117 1.8237799 2.0429102 1.8420710 1.6924760 1.8979076 2.2464325 1.4363313 1.7252076 1.7556102 1.8304095 1.9013663 1.7615442 1.6282017 1.9033701 1.7184339 1.9246857 1.9244381 1.7519016 2.1186292 1.9298365 7.2861401 
Codhol_EP00042_Codosiga_hollandica_P033687        1.1667168 1.0884763 0.9657572 2.9654620 0.8710129 0.7513492 0.7944775 0.7456362 0.7615663 0.7301750 0.7601298 0.7633854 1.1682453 1.1815297 1.0261406 0.8326386 1.0501313 1.0974519 0.1252015 0.1589074 0.0000000 0.8051497 0.9906464 0.8106095 1.0289436 1.1236450 1.1445444 0.9307334 1.1343117 1.0468821 0.6720516 0.7531989 0.9523743 0.7993324 0.7394257 1.3901060 0.9752476 1.1351737 1.2448471 1.2769299 1.1324823 1.1021060 1.3858668 1.3377651 1.3373198 1.0066668 1.2162132 1.4033327 1.4149590 1.7654363 1.8163593 1.6909110 1.9626039 4.4560871 3.8414881 1.6927835 1.6972732 1.6927835 1.9425643 1.5704360 1.5382102 1.7598327 2.0406531 1.3460131 1.5316412 1.8651513 1.8146876 1.9718601 1.7519475 1.7360974 1.8050848 1.6184009 1.8822556 1.8701465 1.7768647 2.0462451 1.9112929 4.7678734 
Salurc_EP00051_Salpingoeca_urceolata_P009892      1.0670045 1.0158931 1.0528740 1.4083489 0.9368600 0.9748310 0.9470065 0.9280969 0.9393100 0.9760135 0.8775897 0.8837784 1.1262321 1.0725199 1.1641535 0.8133975 0.8833777 0.9105975 0.7592084 0.8929349 0.8051497 0.0000000 0.1122860 0.6030899 0.6582661 0.7796793 0.6815661 0.5865225 0.7202413 0.7915691 0.6713629 1.6085386 0.8521228 0.7007488 0.6914743 1.3782851 0.9853445 0.9669434 1.3759421 1.3628761 1.2884453 1.3400861 1.3356722 1.2979423 1.3628573 1.1319826 1.1576935 0.9497733 1.0472897 1.3610888 1.4852768 1.4500135 2.0215530 3.9298999 2.6140077 1.6514849 1.6500684 1.6494244 1.6872699 1.7404406 2.0345885 1.5427858 2.1032520 1.3582537 1.6833106 1.7379407 1.8821937 1.8656818 1.7323077 1.7566436 1.7714210 1.6285600 1.7184586 1.7065276 1.6345969 1.9228572 1.9916518 2.2159798 
Salurc_EP00051_Salpingoeca_urceolata_P009893      1.1081059 0.9959459 1.0342271 0.9062276 0.9812055 1.1252416 1.0881243 1.0593495 1.0593495 1.1547085 0.9610374 0.9610374 1.1737206 1.1508507 1.1872231 0.8714276 0.9816825 0.9996992 0.7461948 1.0832808 0.9906464 0.1122860 0.0000000 0.7417954 0.6888090 0.8271820 0.6535654 0.5918754 0.6854585 0.7891371 0.6129889 4.2215597 0.9162346 0.7041207 0.7030589 1.3860354 1.0903357 0.9420203 1.5141120 1.4846966 1.3910172 1.4152196 1.4545015 1.4149166 1.4543155 1.1514567 1.1882437 0.8631926 0.9792038 1.2720009 1.4967504 1.3985414 1.9960932 4.0480206 2.2792973 1.7882596 1.7916131 1.8492493 1.6082083 1.9544089 2.2876793 1.6693352 2.2020182 1.4350003 1.5637530 1.9538800 2.1273367 2.1651227 2.0895878 2.1334113 1.9598865 1.9267275 1.7236716 1.7108738 1.9495634 2.0507208 2.1344505 1.9545929 
Salkve_EP00050_Salpingoeca_kvevrii_P006429        1.1605793 1.1056723 0.8815381 1.4735178 0.9024715 0.9193774 0.9568898 0.9423398 0.9536711 1.0173256 1.0069564 0.8930839 1.0170720 1.2534103 1.1374095 0.9552967 0.8110477 1.0706462 0.9217285 1.0406142 0.8106095 0.6030899 0.7417954 0.0000000 0.7485258 0.8945637 0.6979495 0.5497403 0.7444794 0.8023387 0.6428370 1.4270700 0.7307804 0.7110150 0.7530288 1.2206188 1.0353979 1.0835708 1.3277893 1.3258583 1.4157581 1.4045918 1.3698159 1.3517695 1.4541226 1.1002141 1.0795716 1.2074367 1.4386196 1.4120919 1.6072830 1.3260396 1.8270224 3.9628238 2.6610487 1.5191634 1.6259968 1.4994896 1.6830586 1.7171966 1.8290422 1.5283128 1.9166044 1.3819309 1.4805800 1.6733845 2.3007613 2.2825215 2.0479217 2.4762328 2.1462467 1.7098044 1.5810651 1.7083164 1.7637543 1.6980030 1.9505109 2.3358947 
Salinf_EP00049_Salpingoeca_infusionum_P018586     1.1332150 1.0557022 0.8025887 1.4395042 0.8993496 1.1117417 1.0791131 1.1085418 1.0957841 0.9837633 1.0774466 1.0034788 1.2045042 1.4000227 1.3916785 1.1354868 0.9855982 0.9228192 1.0281264 1.1411166 1.0289436 0.6582661 0.6888090 0.7485258 0.0000000 0.3947297 0.2729285 0.2796909 0.4436701 0.4665201 0.7284670 1.7882293 0.7905959 0.7683954 0.9253358 1.5125174 1.1538752 1.0850698 1.4111970 1.4283691 1.3646909 1.2733452 1.4194919 1.4046490 1.3983356 1.0919857 1.2371109 1.2597696 1.2484827 1.6588197 1.7414374 1.6257307 2.0307188 4.1997759 2.4907666 1.5597951 1.6338111 1.6209257 1.8278195 1.8290667 1.8647114 1.5096383 2.1007347 1.6448696 1.6009216 1.9197704 1.9690054 1.8199191 1.6637626 1.9456557 1.8744946 1.7766129 1.6630500 1.9530603 1.8884947 2.0223587 2.2279073 2.3880481 
Microa_EP00043_Microstomoeca_roanoka_P027372      1.2449155 1.1848848 0.8753891 1.5124535 0.9575169 1.0610567 1.0613864 1.0974804 1.0848790 1.0236094 1.1555675 1.1042486 1.1700828 1.3814982 1.4370904 1.1691743 0.9809996 0.9510121 1.1409813 1.4631761 1.1236450 0.7796793 0.8271820 0.8945637 0.3947297 0.0000000 0.2518635 0.3853138 0.4451909 0.4052264 0.7960115 1.7747941 0.8854498 0.8833022 0.9698582 1.7229847 1.2662833 1.1139412 1.3059216 1.3673300 1.3467517 1.3770168 1.4097622 1.3996587 1.4401436 1.1974081 1.2312110 1.2954890 1.2702339 1.5977398 1.6544292 1.5718399 2.1235988 3.9919879 2.4045304 1.6070648 1.6601847 1.7411721 1.7331485 1.8137599 1.7586643 1.5590480 2.0100352 1.4781439 1.4617739 1.9208852 2.0067162 1.8016546 1.6847353 1.9173350 2.0383629 1.8637011 1.8463468 2.0985945 1.9355300 1.9252571 2.1148172 2.5205824 
Sros_EGD73383                                     1.1192170 0.9474637 0.7965924 1.3260325 0.8793822 1.0141309 0.9843999 1.0629890 1.0629890 0.9788441 0.9859215 0.9936434 1.2471319 1.2343053 1.3152194 1.0554952 0.8832242 0.7403714 0.8917800 1.4619479 1.1445444 0.6815661 0.6535654 0.6979495 0.2729285 0.2518635 0.0000000 0.3019572 0.3628624 0.4363878 0.6039514 1.5470824 0.7351674 0.8177158 0.8916395 1.4831860 1.0727673 1.0720671 1.2337522 1.2441301 1.2363399 1.3662593 1.3672662 1.3491799 1.3489697 0.9980823 1.2124070 1.1004933 0.9792356 1.4470469 1.6106764 1.4355339 1.9508987 4.0185512 2.5262002 1.5633608 1.5787232 1.6287080 1.5317697 1.8283384 1.8747947 1.6005281 2.1265596 1.3625964 1.4795520 1.8556008 1.8489392 1.7699724 1.6007266 1.9262298 1.8436928 1.9773482 1.5755571 1.6506848 1.8399432 1.9590467 1.9658980 2.1515794 
Mbre_EDQ85022                                     1.0417088 1.0431869 0.7976453 1.3255862 0.8294125 0.9432924 0.9251395 0.9534258 0.9586378 0.9240192 0.8757902 0.8820610 1.2808187 1.2614884 1.3146029 0.9018317 0.8571296 0.8225923 0.8441880 1.1314408 0.9307334 0.5865225 0.5918754 0.5497403 0.2796909 0.3853138 0.3019572 0.0000000 0.2821996 0.3262929 0.6334963 1.5674530 0.8184186 0.8031264 0.7910555 1.3773735 1.0022235 1.0464242 1.2106424 1.2070496 1.2596718 1.3410822 1.3331643 1.3091939 1.3672059 1.1038157 1.2429974 1.1412496 1.0423763 1.4782791 1.5310181 1.4791062 1.8802402 4.0394814 2.5720543 1.5029828 1.5358480 1.5277232 1.6164993 1.8143896 1.8751933 1.4941051 1.8967017 1.3927799 1.5578004 1.8607246 2.0466099 1.9464981 1.8503843 1.9792797 1.9709305 1.5977013 1.8258883 1.9139739 1.7576536 1.8961199 1.8530998 2.3991814 
Chofle_EP00730_Choanoeca_flexa_P001590            1.3702488 1.1793493 0.9645902 1.5228432 1.0095326 1.1108451 1.1404313 1.1302061 1.1358465 1.0778236 1.2763329 1.1143518 1.1470081 1.3722101 1.2871793 1.1274413 0.8711716 0.9369490 1.2280086 1.4587922 1.1343117 0.7202413 0.6854585 0.7444794 0.4436701 0.4451909 0.3628624 0.2821996 0.0000000 0.1294752 0.8254982 1.6289485 0.9605427 0.9046041 0.8766823 1.5745144 1.1524591 1.0956433 1.4285834 1.4696808 1.3949285 1.5212332 1.6323233 1.6067561 1.5923269 1.3067562 1.3425074 1.3866616 1.2850110 1.6581927 1.7594619 1.5953041 1.8866852 4.4797980 2.7436069 1.6716745 1.7881778 1.7589622 1.8611062 1.9787225 1.7874185 1.6019100 1.9452373 1.6077534 1.5829421 1.9604965 2.0291603 1.9392707 1.7573295 2.2315602 2.0847810 1.8454028 1.6258277 1.8468037 1.8593217 1.8881166 2.2532931 2.3996372 
Choper_EP00045_Choanoeca_perplexa_P013256         1.2221636 1.0944135 1.0124243 1.6384989 1.0354414 1.2136937 1.2128212 1.2109826 1.2169134 1.1496528 1.1686750 1.1763021 1.1821376 1.2796076 1.2290422 1.0277600 0.9629124 0.9327639 1.0020087 1.4082699 1.0468821 0.7915691 0.7891371 0.8023387 0.4665201 0.4052264 0.4363878 0.3262929 0.1294752 0.0000000 0.7257427 1.5156325 0.9806589 1.0160940 0.8353258 1.7166251 1.1637377 1.1136239 1.3635907 1.4106283 1.5043406 1.4969753 1.5447631 1.5187639 1.5924310 1.2570241 1.4519843 1.2829608 1.1737202 1.6652332 1.5674633 1.5840212 1.9726514 4.0876337 2.7360246 1.7066892 1.7393480 1.7675517 1.8728645 2.0223510 1.8166707 1.6534537 1.9406339 1.4725823 1.6064772 2.0070638 2.1849595 2.0380898 1.8427291 2.2285606 2.2966909 1.8692271 1.7451112 1.9065195 1.7934866 1.8603839 2.0968477 2.2331935 
Salmac_EP00052_Salpingoeca_macrocollata_P012117   1.1409573 0.9938698 0.9690103 1.3364299 0.7894020 0.8353845 0.9126323 0.8939755 0.9050248 0.9069604 0.8963331 0.8263952 1.1148514 1.2207140 1.3187295 0.9302987 1.0012745 0.9931679 0.7299125 0.8923079 0.6720516 0.6713629 0.6129889 0.6428370 0.7284670 0.7960115 0.6039514 0.6334963 0.8254982 0.7257427 0.0000000 0.2146725 0.5571203 0.6412713 0.5948980 1.3855505 1.0514329 1.1752173 1.3399435 1.3995678 1.3751893 1.4312716 1.4852663 1.4509323 1.5361991 1.3169350 1.1950177 1.2225483 1.1268484 1.3749090 1.5978158 1.4802937 1.6830688 4.0696453 2.7165231 1.6905475 1.7613465 1.7342441 1.8548770 1.7334448 1.8089862 1.5482710 2.0792331 1.3646509 1.5442180 1.7538376 1.9689552 2.0994524 1.7372061 2.1823807 1.9494304 1.7917616 1.6069252 1.6555906 1.8282504 1.9297090 2.0657538 1.8440728 
Salmac_EP00052_Salpingoeca_macrocollata_P012115   1.6501607 1.5896456 1.6313483 6.9876544 1.3543250 1.1993136 1.3314160 1.3674499 1.3970605 1.2440787 1.4820740 1.4376653 1.7969581 1.9092699 1.7960334 1.1984785 1.6796901 1.3654857 1.5884187 1.2576514 0.7531989 1.6085386 4.2215597 1.4270700 1.7882293 1.7747941 1.5470824 1.5674530 1.6289485 1.5156325 0.2146725 0.0000000 1.0252095 1.3998552 1.0814418 2.6789213 1.7448829 1.9034759 2.0803803 2.1277124 2.0145326 2.3829995 2.4724248 2.4047822 2.5014930 2.1766890 2.1117948 2.1742654 1.9308427 1.9606703 2.3692657 2.1193692 2.0618540 6.7441636 5.4183104 2.1328153 2.1932752 1.7504069 2.3104077 2.0238221 2.1898645 2.4589333 2.8202238 1.7634992 2.6110102 2.5317520 2.1237459 2.3390021 2.1170862 2.7214548 2.3220708 2.3823963 2.7731128 2.6197783 2.6175685 2.7436917 2.6695094 4.9166386 
Salpun_EP00053_Salpingoeca_punica_P003170         1.2696980 1.0655482 1.1158134 1.6996125 0.9871506 1.0429895 1.0965679 1.0617745 1.0742943 1.0440441 1.0577660 1.0650517 1.4318306 1.4527368 1.3899085 1.0978854 1.1488826 1.0094758 0.9445417 1.1890612 0.9523743 0.8521228 0.9162346 0.7307804 0.7905959 0.8854498 0.7351674 0.8184186 0.9605427 0.9806589 0.5571203 1.0252095 0.0000000 0.6836277 0.7477658 1.5003111 1.2008339 1.3380641 1.3038423 1.3749480 1.4494237 1.4871914 1.4972261 1.4865355 1.5275864 1.3415696 1.3355392 1.4341587 1.2940122 1.7421096 1.8788149 1.7276588 2.0003334 3.9983376 2.9472784 1.7372673 1.7845791 1.7086798 1.8812273 1.8936799 2.0517613 1.7050974 2.2087957 1.3763901 1.5757909 1.7309050 2.1416261 2.1579033 1.9868140 2.2423675 2.0161697 2.0794027 2.0127742 2.0042175 1.8406623 1.9258633 2.4120530 2.1323924 
Mylflu_EP00047_Mylnosiga_fluctuans_P017680        1.0698406 0.9875627 1.0103059 1.0231977 0.7842790 0.8768480 0.8519484 0.7739941 0.7786335 0.8060331 0.8641086 0.8601723 1.1359541 1.0891490 1.1509138 0.9033278 1.0904731 1.0444358 0.7812230 0.9209653 0.7993324 0.7007488 0.7041207 0.7110150 0.7683954 0.8833022 0.8177158 0.8031264 0.9046041 1.0160940 0.6412713 1.3998552 0.6836277 0.0000000 0.7063732 1.4849290 1.0871742 1.1958391 1.2425279 1.3379798 1.2581343 1.3036244 1.3122334 1.2591071 1.2988859 1.1437653 1.1601096 1.1756774 1.1359286 1.3826716 1.5925937 1.4459626 1.8435373 3.7129131 2.5957829 1.5440919 1.5168671 1.6842857 1.7646928 1.7233026 1.8328478 1.5934840 1.9797454 1.4745738 1.6637359 1.4894034 2.1109256 1.9768519 1.8311587 2.1167806 1.9916778 1.8686936 1.6618622 1.6462832 1.7045122 1.8028427 2.0914529 1.9937840 
Saldol_EP00054_Salpingoeca_dolichothecata_P017725 0.9585599 0.8620533 0.8980375 1.3710459 0.7420456 0.7897862 0.8364385 0.7449057 0.7549213 0.7902383 0.8688398 0.7545455 0.8785457 1.0480929 1.1002728 0.9698036 0.9364878 1.1447999 0.7674236 0.8295493 0.7394257 0.6914743 0.7030589 0.7530288 0.9253358 0.9698582 0.8916395 0.7910555 0.8766823 0.8353258 0.5948980 1.0814418 0.7477658 0.7063732 0.0000000 1.1371400 0.8668460 1.1425035 1.3931586 1.4001557 1.3638491 1.3191288 1.3839414 1.3504350 1.4330031 1.2473284 1.1008924 1.0912267 1.1373652 1.4939314 1.6984444 1.5702381 1.8073425 3.7579362 2.5657937 1.6541828 1.7141102 1.5337471 1.8291747 1.6601944 1.8658937 1.5714564 2.1237937 1.4177970 1.5987409 1.5413936 2.1809997 2.1000798 1.7023890 2.4263188 1.9716207 1.5644909 1.7604004 1.7870021 1.8369622 1.7084740 2.1085540 1.9601389 
Hsap_ENST00000277517                              1.4103212 1.1608780 1.1293273 1.5687056 1.0735436 1.2314707 1.2436847 1.2109812 1.2242172 1.3100995 1.2798112 1.2878325 1.4103145 1.4429517 1.4418789 1.6215130 1.3742721 1.5215688 1.2494747 1.3747776 1.3901060 1.3782851 1.3860354 1.2206188 1.5125174 1.7229847 1.4831860 1.3773735 1.5745144 1.7166251 1.3855505 2.6789213 1.5003111 1.4849290 1.1371400 0.0000000 0.6353105 1.4827500 1.3502612 1.3249685 1.2604903 1.2486357 1.2830856 1.2874959 1.4131337 1.2295350 1.3406604 1.3491431 1.4684101 1.8728955 1.9798322 1.7334143 1.9029920 4.0308763 2.7201542 1.6752091 1.6879952 1.6500953 1.8669340 2.0085440 1.9780333 1.7131789 2.2684302 1.7449563 2.1634431 1.7137699 2.6578389 2.9184854 2.4996890 2.7759707 2.6716190 1.8649083 2.1791020 2.0470538 2.2420016 2.2211956 2.2856095 2.4157094 
Hsap_ENST00000381344                              1.1838108 1.0305039 0.7378594 1.3469991 0.8219849 0.9154448 0.9332383 0.8360173 0.8467062 0.8818028 1.1423193 0.9699139 0.8494791 1.1054111 1.1590584 1.1050644 0.8611741 1.0180815 1.1619600 0.9837315 0.9752476 0.9853445 1.0903357 1.0353979 1.1538752 1.2662833 1.0727673 1.0022235 1.1524591 1.1637377 1.0514329 1.7448829 1.2008339 1.0871742 0.8668460 0.6353105 0.0000000 1.0800673 1.2812392 1.2820196 1.1194835 1.2490391 1.3013307 1.2954346 1.3879873 0.9659383 1.0394645 1.2144963 1.2250533 1.6408625 1.7259883 1.7073676 1.7097543 3.8573301 2.5502942 1.3342417 1.4174024 1.3061755 1.4858311 1.5530419 1.4370382 1.1518846 1.9477267 1.7339993 1.8148972 1.5890656 2.1820862 2.2843029 2.0979852 2.2781601 2.1318943 1.6675284 1.5579786 1.6884663 1.9927130 2.1644769 1.9161139 2.3707659 
Opea_EP00118_Oscarella_pearsei_P026702            1.1238036 1.1035585 1.0701246 1.5268135 1.0418045 0.9300080 0.9638262 0.9340379 0.9457707 0.8758935 1.0130805 0.9110602 0.9544304 1.1748562 0.9633031 1.0503579 0.8479098 0.9473824 1.5304477 1.1739347 1.1351737 0.9669434 0.9420203 1.0835708 1.0850698 1.1139412 1.0720671 1.0464242 1.0956433 1.1136239 1.1752173 1.9034759 1.3380641 1.1958391 1.1425035 1.4827500 1.0800673 0.0000000 1.2737286 1.2653455 1.1751772 1.1954744 1.2114712 1.1972836 1.2737087 1.0836506 1.0837888 1.1684735 1.3127801 1.3587333 1.4627604 1.4527784 1.8012512 3.4430376 2.2735856 1.5626458 1.6275584 1.6088031 1.4833100 1.5852826 1.5796038 1.5365298 1.7240467 1.4611584 1.4183678 1.6837611 2.1036453 2.0849873 1.7503744 1.8858836 1.8771672 1.7050055 1.6105934 1.6481512 2.0022897 1.8371545 1.8239963 3.3502121 
Spis_XP_022793772_1                               1.3639205 1.3683981 0.9813159 1.3423217 0.9035517 1.1388424 1.1524984 1.1784783 1.1653128 1.2583861 1.4914196 1.2511728 1.1262382 1.3709151 1.4602889 1.4485477 1.1277324 1.3478055 1.6948692 1.4092801 1.2448471 1.3759421 1.5141120 1.3277893 1.4111970 1.3059216 1.2337522 1.2106424 1.4285834 1.3635907 1.3399435 2.0803803 1.3038423 1.2425279 1.3931586 1.3502612 1.2812392 1.2737286 0.0000000 0.1082927 0.5434939 0.4844763 0.5914039 0.5778364 0.6294650 1.1658196 0.9588418 1.4785278 1.4616716 1.5504338 1.5692906 1.4910317 2.0379261 4.2477982 2.6764452 1.8520308 1.9087028 1.9733581 1.9039450 1.8397563 1.8422173 1.5987444 2.2340874 1.7473462 1.8214625 1.8045298 2.4054695 2.4758628 2.1732934 2.7904079 2.4186230 1.5001322 1.8909550 2.0489255 2.3207546 1.9780831 2.2507624 3.2801122 
Pocdam_XM_027191475.1                             1.2897432 1.3055189 0.9762002 1.3564936 0.9423772 1.1328899 1.1466381 1.1726657 1.1594308 1.2552286 1.4306974 1.2471686 1.1404007 1.4449369 1.4636496 1.5052904 1.1700916 1.3260254 1.7859510 1.2905281 1.2769299 1.3628761 1.4846966 1.3258583 1.4283691 1.3673300 1.2441301 1.2070496 1.4696808 1.4106283 1.3995678 2.1277124 1.3749480 1.3379798 1.4001557 1.3249685 1.2820196 1.2653455 0.1082927 0.0000000 0.5326292 0.4999746 0.6048596 0.5887871 0.6024836 1.1527746 0.9071630 1.5183422 1.4697695 1.4763770 1.5157674 1.4725802 2.0458499 4.2289398 2.6501694 1.8198379 1.9125638 1.9738892 1.8412667 1.9231295 1.8425722 1.6194016 2.3859317 1.7211223 1.7861236 1.7381917 2.3873557 2.4051894 2.1958606 2.7962407 2.4265896 1.5253036 1.9458471 2.1383162 2.2956429 2.0060971 2.1555080 3.3869939 
Gasp_gasp1.m3.22880.m1                            1.4099338 1.3036516 1.0507923 1.5346035 0.9545881 1.0880766 1.1124427 1.0871969 1.0743301 1.1376635 1.2959725 1.1808060 1.1488969 1.4094339 1.4230536 1.4318620 1.2732835 1.2986221 1.6314529 1.3349992 1.1324823 1.2884453 1.3910172 1.4157581 1.3646909 1.3467517 1.2363399 1.2596718 1.3949285 1.5043406 1.3751893 2.0145326 1.4494237 1.2581343 1.3638491 1.2604903 1.1194835 1.1751772 0.5434939 0.5326292 0.0000000 0.2667500 0.5353949 0.5126099 0.4738104 1.2358198 0.8931858 1.4873375 1.5209440 1.5019470 1.5359591 1.4005431 1.9925529 4.0552258 2.5670416 1.8208111 1.8833499 1.8014099 1.8704341 1.9551305 1.8119325 1.6185079 2.4878874 1.7277669 1.6772426 1.7321184 2.2343772 2.3581432 2.1260274 2.5892930 2.2471611 1.6506192 2.1457100 2.4191113 2.3597750 2.2836710 2.0066745 3.2763525 
Fspp_ffun1.m4.1051.m1                             1.3397562 1.2762391 1.0463633 1.6102563 0.9508622 1.0987194 1.0964186 1.0588626 1.0464575 1.0969421 1.2371358 1.1156096 1.0723833 1.3122885 1.3369173 1.4445423 1.2553029 1.3116418 1.6164070 1.1254979 1.1021060 1.3400861 1.4152196 1.4045918 1.2733452 1.3770168 1.3662593 1.3410822 1.5212332 1.4969753 1.4312716 2.3829995 1.4871914 1.3036244 1.3191288 1.2486357 1.2490391 1.1954744 0.4844763 0.4999746 0.2667500 0.0000000 0.4797589 0.4594844 0.3507726 1.1166014 0.8252014 1.4841671 1.4345140 1.4842994 1.5122594 1.3350657 2.0574005 4.2006961 2.6067818 1.8806628 1.9386754 1.8856515 1.9433987 1.9715134 1.9202429 1.6707690 2.3600322 1.6696172 1.5821891 1.7175129 2.3294885 2.3842920 2.1547763 2.4709744 2.2842826 1.6386056 2.1955390 2.3796257 2.2894108 2.1677072 2.0411130 3.6314036 
Amil_Amillepora12943-RA                           1.3089443 1.4595937 1.1661592 1.7572322 1.1139094 1.1985966 1.1655710 1.2047446 1.2180644 1.2125345 1.4079422 1.2724827 1.1276137 1.4352457 1.3298403 1.5218264 1.3551117 1.5037483 1.7977720 1.5740512 1.3858668 1.3356722 1.4545015 1.3698159 1.4194919 1.4097622 1.3672662 1.3331643 1.6323233 1.5447631 1.4852663 2.4724248 1.4972261 1.3122334 1.3839414 1.2830856 1.3013307 1.2114712 0.5914039 0.6048596 0.5353949 0.4797589 0.0000000 0.0179849 0.3216891 1.2890416 0.9183307 1.5661160 1.5202158 1.5245102 1.4100022 1.4245073 2.2056858 4.1432242 2.8323599 1.9450763 2.0375060 1.9873962 1.9437781 1.8537835 1.7795131 1.5256497 2.2929069 1.6298708 1.7244467 1.8617489 2.3803515 2.4663543 2.4252985 2.6988043 2.4079820 1.6799024 2.2526231 2.2790484 2.5729676 2.2845584 2.1577495 3.6850130 
Adig_XM_015910865.1                               1.2650694 1.4128408 1.1505452 1.7391364 1.0691832 1.1532674 1.1056333 1.1590359 1.1721488 1.1668396 1.3627477 1.2260428 1.0917853 1.3862756 1.3145099 1.4643314 1.3448869 1.4710402 1.7650013 1.5076453 1.3377651 1.2979423 1.4149166 1.3517695 1.4046490 1.3996587 1.3491799 1.3091939 1.6067561 1.5187639 1.4509323 2.4047822 1.4865355 1.2591071 1.3504350 1.2874959 1.2954346 1.1972836 0.5778364 0.5887871 0.5126099 0.4594844 0.0179849 0.0000000 0.3164913 1.2790661 0.8892786 1.4889767 1.4862834 1.5187195 1.4037578 1.4082060 2.2632260 4.1151247 2.8295624 1.9804665 2.0744906 2.0239612 1.9958732 1.8915094 1.8214921 1.5926459 2.3433541 1.5912995 1.7384330 1.8088545 2.4054110 2.4203523 2.3137436 2.6264473 2.3790629 1.6393817 2.2500115 2.2894370 2.5860215 2.2897065 2.0970085 3.6296394 
Gfas_gfas1.m1.2283.m1                             1.4733667 1.3812605 1.1745736 1.6721661 1.0449658 1.2780111 1.2608817 1.2601580 1.2462861 1.2240847 1.4429123 1.2754197 1.2039706 1.4478968 1.4333554 1.5223721 1.2766461 1.4265761 1.8264107 1.3981461 1.3373198 1.3628573 1.4543155 1.4541226 1.3983356 1.4401436 1.3489697 1.3672059 1.5923269 1.5924310 1.5361991 2.5014930 1.5275864 1.2988859 1.4330031 1.4131337 1.3879873 1.2737087 0.6294650 0.6024836 0.4738104 0.3507726 0.3216891 0.3164913 0.0000000 1.2526506 0.9541010 1.6170168 1.5237168 1.7130620 1.5883663 1.6116623 2.2164872 4.0163752 2.7366164 1.9580657 2.0119718 2.1111787 2.0749821 1.9394553 1.9985483 1.6861735 2.4048187 1.8208860 1.8244063 1.7619320 2.5414599 2.6350569 2.3438193 2.7632344 2.5018284 1.7352934 2.2289584 2.3774375 2.7407952 2.1689143 2.2086144 3.7549904 
Exapal_XM_021037991.2                             1.3268142 1.1426201 0.9371639 1.3308280 0.8762687 1.0905748 1.1890002 1.0864381 1.0987281 1.0866978 1.2914086 1.0852197 0.9297098 1.2470819 1.1692081 1.2232753 0.9500011 1.2223301 1.2587798 1.0450840 1.0066668 1.1319826 1.1514567 1.1002141 1.0919857 1.1974081 0.9980823 1.1038157 1.3067562 1.2570241 1.3169350 2.1766890 1.3415696 1.1437653 1.2473284 1.2295350 0.9659383 1.0836506 1.1658196 1.1527746 1.2358198 1.1166014 1.2890416 1.2790661 1.2526506 0.0000000 0.7679108 1.2673458 1.3203334 1.6071206 1.6188003 1.4640668 2.0055422 4.4745797 2.8413085 1.6044733 1.6846852 1.6744281 1.6443211 1.7687507 1.5529828 1.3349916 1.9299895 1.5239922 1.6906680 1.7700921 2.2249441 2.2253285 2.0460418 2.2793733 2.1082112 1.4232422 1.6723376 1.8491021 1.9834972 2.2348260 2.0789032 2.5990737 
Nvec_v1g121175                                    1.1108601 1.0878950 0.9638946 1.6155771 0.9173479 1.1050344 1.1000646 0.9906564 1.0023525 1.0601961 1.0542423 1.0613212 1.0303592 1.0978763 0.9760745 1.0692945 1.1421807 1.1083049 1.2527336 1.2850041 1.2162132 1.1576935 1.1882437 1.0795716 1.2371109 1.2312110 1.2124070 1.2429974 1.3425074 1.4519843 1.1950177 2.1117948 1.3355392 1.1601096 1.1008924 1.3406604 1.0394645 1.0837888 0.9588418 0.9071630 0.8931858 0.8252014 0.9183307 0.8892786 0.9541010 0.7679108 0.0000000 1.0618403 1.1592712 1.1113041 1.2347254 1.2060069 1.8051615 3.9312659 2.6303550 1.5614725 1.5274246 1.5199520 1.4786290 1.7058475 1.6475742 1.3773996 1.9544227 1.1559572 1.6213813 1.3998136 2.3774811 2.4821769 2.1309621 2.3207451 2.3236816 1.5964692 1.7559543 1.8935144 1.9970998 1.8861020 1.7642664 2.7167127 
Spur_XM_785975.5                                  1.3130839 1.1680343 1.0897861 1.5492616 1.0361206 1.0571372 1.1014319 1.0958673 1.1080228 1.0955792 1.3053030 1.1189222 1.2185040 1.5992024 1.4880838 1.3338024 1.1563684 1.2164141 1.5147590 1.3961164 1.4033327 0.9497733 0.8631926 1.2074367 1.2597696 1.2954890 1.1004933 1.1412496 1.3866616 1.2829608 1.2225483 2.1742654 1.4341587 1.1756774 1.0912267 1.3491431 1.2144963 1.1684735 1.4785278 1.5183422 1.4873375 1.4841671 1.5661160 1.4889767 1.6170168 1.2673458 1.0618403 0.0000000 1.2691580 1.4459420 1.5753901 1.5425180 1.9232969 3.9449145 2.5356327 1.5341244 1.6168992 1.5528158 1.7563921 1.7071856 1.6728350 1.5832102 2.0213649 1.4990447 1.8578287 1.6799661 2.1848791 2.1778151 2.0165476 2.2820130 2.0393255 1.4863582 1.8578561 2.0212119 2.3459620 2.2889871 1.8666193 2.9009302 
