117
Lcom_lcpid238189                                       0.0000000 0.8212569 0.0000010 0.5833124 1.0147110 1.0805198 0.7026591 0.0000010 0.6378877 0.6459707 0.6527181 0.6915392 0.7013558 0.6449047 0.6346740 0.6346740 0.8595287 0.7095804 1.3181979 0.0000010 1.1180169 1.1391410 5.4421017 1.3227213 1.3107057 0.0000010 1.9551952 1.6075782 0.8584070 0.8352773 0.8884100 0.8485263 0.9287153 0.8472611 0.8472611 0.9837258 0.9700504 0.8933939 0.8933939 0.0000010 5.8053634 1.1046004 1.1046004 1.0084752 0.6794049 1.1677809 1.1387001 0.0000010 1.4846612 1.4536233 1.5524102 5.1190894 1.3410915 1.3307767 1.8854769 1.8854769 1.8000616 2.0121888 2.1612615 0.0000010 2.2353331 1.7874700 1.9431810 1.9229194 1.9190848 1.6653355 1.8470924 2.0098594 2.1608345 1.5287763 0.0000010 3.5063847 2.9674663 2.9943838 3.1189936 2.9292652 2.8991432 0.0000010 2.2355246 2.2353116 2.0698147 1.9909571 3.0529520 2.7707364 2.1405107 2.2932139 0.0000010 2.1104101 2.1233266 0.0000010 2.2790011 2.2790011 4.3800094 1.9436905 0.0000010 1.9863353 2.3578195 1.9278919 1.9278919 1.9617346 0.0000010 1.8037042 1.8037042 1.6593266 2.0603998 0.9155826 3.2323498 2.7610776 0.0000010 0.0000010 0.0000010 2.7946094 2.5043846 2.5383600 2.5205259 0.5698155 0.5829296 
Bralan_BLAG18000672_13                                 0.8212569 0.0000000 0.4510173 0.7888130 1.0252510 0.9418759 0.6544844 0.9355127 0.8584181 0.9362046 0.9284642 0.9755693 0.9216412 0.9135036 1.0238692 0.9431664 0.9667899 0.9800218 1.6351591 0.8761490 1.3568188 1.2633830 1.9902513 1.7404040 1.8256401 1.0247034 1.7246178 1.1334179 1.2955728 1.5413138 1.3090212 1.3243742 1.3265473 1.3648198 1.1760386 1.1466287 1.4241882 1.4004946 1.4202056 0.9042274 4.5146478 0.8691973 0.8621914 1.3590166 0.7413466 1.5827315 1.8424512 2.0612265 1.9893105 2.0416870 1.9548653 2.7828515 1.4440464 1.6106075 1.7940359 1.7940359 2.3361973 2.1924107 2.2103497 1.1688345 2.3266232 2.0336200 1.8703673 2.0596399 2.1148796 1.9510678 2.0820696 2.0813770 1.9590857 1.1985841 1.3599763 3.3471502 1.4752385 3.2790468 3.1052395 3.0227188 2.8752151 1.9048940 2.4693270 2.5336945 2.1819843 2.8530931 2.7027106 2.7253456 2.6486318 2.4657164 2.2791955 2.6677137 2.3446631 1.2545659 2.4503962 3.3228886 3.7957201 2.9309401 3.6185115 2.3761409 2.3482826 2.6121483 2.5015445 2.6426305 1.2931679 3.0609226 3.0609226 1.6620216 2.5046529 0.9869502 2.7221257 3.3644215 1.9314555 1.9650074 1.8627560 2.5093497 3.0681388 1.2295012 3.0874050 2.0217497 2.4689621 
Cscu_XM_023356584.1                                    0.0000010 0.4510173 0.0000000 0.4859737 0.4869917 0.5424988 0.6088264 0.0000010 0.5536385 0.7260333 0.7365610 0.7276919 0.7596509 0.7493693 0.8009834 0.7247457 0.6225234 0.5910108 1.0724970 1.0157220 0.6209861 0.7167161 1.5794699 1.0481177 1.0261193 1.2588113 1.2264602 0.6920250 0.7398389 1.1319313 0.7354106 0.7354106 0.7569547 0.7250512 0.7250512 1.0153140 1.0180762 0.9543541 0.9543541 0.9418024 3.4861954 0.8481834 0.8481834 2.7356075 0.6018252 0.6306235 1.1502561 0.0000010 1.2219139 1.2283433 1.1726575 0.0000010 7.1050215 0.6472304 1.0826144 1.0826144 1.1880715 1.1367233 1.1615727 0.9197497 1.1568797 1.2459848 1.2058082 1.0008722 1.1973891 1.5573109 1.3801547 1.4253347 1.3840716 0.7552961 1.3641035 1.6373320 0.0000010 1.5701311 1.3851754 1.7935400 1.7862656 1.3999729 1.2437154 1.3134316 1.1253367 1.4634037 1.5195953 1.5480761 1.2189467 1.8341090 1.1123324 1.2015990 1.2875580 1.2076853 1.1429352 3.5170852 3.5170852 9.0000000 9.0000000 1.3149410 1.1603591 1.4275313 1.4275313 1.4275313 1.2052983 3.6308794 3.6308794 1.0222920 1.3431009 3.6324490 1.4113289 1.8838271 0.6765632 1.6853804 1.6401588 1.4545706 1.6856752 1.1735657 2.2938688 0.9258641 1.2732119 
Acagra_model.g6478.t1.1.5d3b84ff                       0.5833124 0.7888130 0.4859737 0.0000000 1.1516336 1.0747649 0.6410366 0.6400135 0.6599622 1.1886909 1.1956869 1.2477574 1.1990230 1.2195080 1.2439203 1.1957627 1.1580703 1.1849662 1.6553674 1.1564403 1.5296207 1.3679332 2.5486020 1.7612703 1.9409651 1.2067723 1.8807523 1.2845639 1.4737237 1.7494168 1.4681201 1.4859126 1.4923508 1.4578541 1.3249680 1.3201361 1.5498236 1.5397973 1.5750914 0.8834686 4.7813744 1.1027364 1.0958427 1.3445004 0.9961833 1.6186903 1.7690136 2.4450255 2.1037734 2.0718401 2.0391226 2.7669213 1.5234680 1.6776248 1.9103336 1.9103336 2.3171587 2.2613710 2.2894776 1.3481363 2.3692442 2.0714038 2.0878879 2.2235496 2.2197669 1.9807570 2.0540495 2.2292806 2.0002538 1.4562787 1.2964019 3.4098534 1.6627784 3.3830289 3.2837229 3.1973762 2.9278237 2.0656052 2.5575398 2.5874519 2.3952236 2.6714773 2.9129302 2.9262831 2.5848843 2.6342473 2.1146850 2.5786068 2.3145884 1.2665780 2.3177324 3.1222644 3.8814748 2.8612622 3.5166184 2.3011334 2.2416044 2.3434351 2.2420008 2.3585142 1.3757012 2.8584373 2.8584373 1.5701969 2.5981974 1.1653310 2.5915605 3.5419970 2.0456478 2.2291187 1.8604432 2.6435609 2.9958073 1.2706379 2.9530046 2.3924910 2.6249039 
Hsap_ENST00000216061                                   1.0147110 1.0252510 0.4869917 1.1516336 0.0000000 0.9399177 0.9732325 1.1056978 1.2490517 1.4036384 1.4365958 1.4350777 1.4437679 1.3904650 1.4761227 1.4044723 1.4809704 1.3722597 1.7599692 1.0024429 1.8102816 1.6326097 2.6294028 1.9821181 2.2169526 1.3584372 2.0899068 1.1833071 1.7136118 2.1324708 1.7244972 1.7318609 1.7414042 1.6895172 1.4039039 1.3628220 1.7437561 1.6821777 1.7107320 1.0936605 4.5160883 1.2868313 1.2858861 1.3545857 1.2058917 1.6391235 2.0452527 2.8928371 2.0980009 2.1243839 2.1782329 2.5990177 1.6806072 1.9214096 2.1864985 2.1864985 2.6162908 2.5188647 2.4035326 1.4020871 2.5612740 2.0561711 1.8381285 2.0684671 2.1463369 1.9790694 1.9952221 2.1558690 2.0785892 1.4514796 1.3898586 3.6437530 1.8249697 3.6180247 3.4452757 3.2888027 3.0435346 2.0725781 3.0587967 2.8210407 2.5242947 3.0281335 3.0526530 3.1157071 2.8807019 2.6923008 2.3988126 2.9808633 2.3895601 1.5977833 2.6208022 3.1957938 3.7459682 3.4279654 4.8099283 2.7190413 2.7259038 2.8094754 2.6357515 2.8238098 1.2943729 3.1442307 3.1442307 1.6158396 2.9137882 1.4203847 2.7764452 3.8561788 2.2157443 2.3656364 2.2295204 2.8961773 2.9465762 1.6118153 3.3556926 2.3588140 2.8043662 
Hsap_ENST00000393801                                   1.0805198 0.9418759 0.5424988 1.0747649 0.9399177 0.0000000 0.9536966 1.0453866 1.0574739 1.2447863 1.2532705 1.2707559 1.2729035 1.2318671 1.3551864 1.2691083 1.2393239 1.2552900 1.6740405 1.1442890 1.5061392 1.4013935 2.0586543 1.6918136 1.7977804 1.3572285 1.8238974 0.9405705 1.5738177 1.9160365 1.5547290 1.5683449 1.5680980 1.5850780 1.4059252 1.2941704 1.5802615 1.5528515 1.5867435 0.9540811 4.7562880 1.1486779 1.1505491 1.5073011 1.0949167 1.5382627 1.8858533 1.3922555 1.9389508 1.9831982 1.9197115 2.7327095 1.6600728 1.7668759 2.1236923 2.1236923 2.3538304 2.3978996 2.4551726 1.5079085 2.5723749 1.8714449 1.8366991 2.0613620 2.1074854 2.2244204 2.1229149 2.1973419 2.1612862 1.4471662 1.4277209 3.2333118 1.6893421 3.1905862 2.9511359 3.1690848 2.8414185 1.9321687 2.8936567 2.7402112 2.4843882 2.9212604 2.8531120 2.8429992 2.7708707 2.6999303 2.2020792 2.6644008 2.2520938 1.2467231 2.4120288 3.1436367 3.6298393 2.8915792 3.6156101 2.3075622 2.4903297 2.5066133 2.4180984 2.5259855 1.3274224 2.8817972 2.8817972 1.6487267 2.7575448 1.3296005 2.8061768 3.4002399 1.7064261 1.7363839 1.9726606 2.6107381 3.0121671 1.5765251 3.0749724 2.0547041 2.4573818 
Ctel_gnl_WGS_AMQN_CAPTEDRAFT_mRNA184298                0.7026591 0.6544844 0.6088264 0.6410366 0.9732325 0.9536966 0.0000000 0.5973576 0.5981034 0.8403824 0.8305713 0.8498055 0.8397078 0.8432245 0.8957889 0.8760720 0.8887348 0.9051091 1.5382313 0.8299098 1.2139922 1.1137470 2.2071210 1.4634158 1.4854585 1.2501406 1.6494223 1.0382005 1.3044864 1.5006007 1.3124962 1.3231655 1.3178702 1.3003595 1.3193185 1.2853806 1.2427597 1.2390604 1.2390604 1.0956304 3.3117715 0.7716002 0.7716002 1.5288435 0.7658541 1.3658168 1.5727985 1.2288526 1.7250468 1.6896742 1.5640985 2.0955768 1.5628421 1.3829217 1.6152563 1.6152563 1.9994087 1.9040271 1.8982220 1.2713158 2.0760593 1.8816421 1.8815227 1.8876959 1.9556197 1.9680747 2.1826800 2.1733071 1.9633436 1.4092607 1.4289483 2.9974578 1.4014098 2.8674556 2.8925864 2.8238185 2.7965125 1.8542602 2.5692162 2.4094072 2.0374119 2.5444100 2.4611575 2.4739600 2.2894822 2.3675563 2.1542812 2.3829485 2.2800442 1.2824524 2.4361077 3.5067799 4.1669416 2.9427642 3.4648800 2.2398873 2.1705578 2.1659197 2.1659197 2.1889097 1.2168710 2.8028342 2.8028342 1.5369150 2.2248403 0.9072286 2.4700767 2.9357691 1.1869633 1.2703446 1.7812057 2.4549188 2.6970502 1.4332600 2.7650880 1.6711768 2.0464689 
Lcom_lcpid178012                                       0.0000010 0.9355127 0.0000010 0.6400135 1.1056978 1.0453866 0.5973576 0.0000000 0.5086702 0.9850823 0.9875187 1.0170543 1.0068421 1.0529717 1.0865530 1.0865530 0.9856660 1.0143738 1.5902252 0.0000010 1.4392201 1.3639650 1.3569068 1.5073891 1.6395127 0.0000010 2.0508030 0.9894781 1.6104336 1.8682348 1.6143216 1.6143216 1.6132187 1.4934624 1.5096140 1.6974123 2.1542248 2.3123704 2.3123704 0.0000010 5.8116182 0.8065588 0.8065588 1.7808872 1.0005938 1.5096352 1.8334449 0.0000010 1.5369340 1.5955380 1.5677798 0.0000010 2.0862852 1.9162874 1.7803207 1.7803207 2.6601679 2.6873237 2.6073204 2.1851311 3.0816327 1.9683478 1.8924120 1.8773385 2.0330422 2.2641393 2.2279206 2.2142689 2.1737790 1.4863433 0.0000010 3.0869174 1.4947722 3.2915908 3.2910804 3.3864829 3.2043286 2.5394103 2.7133580 2.8750459 2.7768537 3.0072297 2.6539451 2.6758645 3.0015161 2.7184774 2.3498266 2.5777407 2.2350825 0.7746757 2.1659503 3.5186991 0.0000010 3.4321990 9.0000000 2.6548510 2.5384596 2.3678952 2.3678952 2.3680698 0.0000010 2.4724352 2.4724352 1.6520491 2.9819489 0.9414140 2.7522513 3.7862334 0.0000010 0.0000010 0.0000010 2.3184880 4.3809823 1.5950920 3.5678539 1.1154673 0.0000010 
Cgig_XM_034475823.1                                    0.6378877 0.8584181 0.5536385 0.6599622 1.2490517 1.0574739 0.5981034 0.5086702 0.0000000 1.1315951 1.1177272 1.1566800 1.1424880 1.1242611 1.1950782 1.1477489 1.0953938 1.1312848 1.6122092 1.0651726 1.4208272 1.3346249 2.1731902 1.8075098 1.9601901 1.3227627 1.7376468 1.3238181 1.5133547 1.7399929 1.5401286 1.5623844 1.5578905 1.5204170 1.3183469 1.1982008 1.4447654 1.4310094 1.4646289 1.0644201 3.8022996 1.0665882 1.0638191 1.4251058 0.8942928 1.6788351 1.8527909 1.8195767 2.1445787 2.1042332 1.9962284 2.4144316 1.5752942 1.7263280 1.8858978 1.8858978 2.3412397 2.3090762 2.3352965 1.4509844 2.4937954 2.0675378 1.9880288 2.1191079 2.2171977 2.0341693 2.1903409 2.2105126 2.1036641 1.4295121 1.3224461 3.2032687 1.6814451 3.3089810 3.1327031 3.1288115 2.7904588 1.9304201 2.7009190 2.3186281 2.2069813 2.6785456 2.7675652 2.8405157 2.5462809 2.5201210 2.3092957 2.5433762 2.4244064 1.2845380 2.4800899 3.3800802 4.0852127 2.9774900 3.8808765 2.4543049 2.5518697 2.4731406 2.2827273 2.5086068 1.2493913 3.0686459 3.0686459 1.6040163 2.4306044 1.0652404 2.5683743 3.3297371 1.8700198 1.8788016 1.6217672 2.5140679 2.9835393 1.4050470 3.0958618 2.0644479 2.2050353 
Spis_XP_022802722_1                                    0.6459707 0.9362046 0.7260333 1.1886909 1.4036384 1.2447863 0.8403824 0.9850823 1.1315951 0.0000000 0.0654844 0.1514547 0.1572829 0.1863999 0.2449795 0.2356354 0.5427013 0.5601027 1.5189599 0.9396526 1.2957692 1.0896013 2.1103869 1.5980941 1.7121915 0.9628067 1.8480745 1.3934623 1.3464846 1.5631670 1.3637933 1.3772197 1.3721132 1.3985234 1.2245347 1.1503123 1.4319677 1.4099007 1.4344733 1.1370792 4.3317851 1.0871403 1.0857603 1.2984501 1.0923973 1.6847669 1.8164080 2.0834369 1.9745010 1.9487796 1.9182887 2.9544634 1.4312918 1.6893025 1.8114656 1.8114656 2.3944769 2.2905736 2.1834660 1.2058998 2.3407199 2.0477730 1.8217940 1.9701169 2.1396612 1.9231227 2.0459999 2.0952328 1.9841627 1.3494825 1.3534959 3.1717028 1.6954485 3.1407841 3.0483977 2.9538114 2.7818239 1.9221240 2.4919434 2.3893714 2.1368943 2.9022639 2.6989510 2.6918635 2.5666985 2.3926037 2.4280876 2.9032751 2.4805986 1.3795854 2.6658877 3.4917099 4.2222250 3.2721341 4.2100550 2.6286867 2.6043537 2.7699649 2.6117333 2.8019942 1.5435137 3.3558159 3.3558159 1.7817754 2.5062517 1.2932633 2.6758720 3.2981846 1.8640215 1.8216394 1.6092402 2.4570414 3.1339635 1.4771089 3.0317159 2.1014878 2.5016037 
Pocdam_XM_027201874.1                                  0.6527181 0.9284642 0.7365610 1.1956869 1.4365958 1.2532705 0.8305713 0.9875187 1.1177272 0.0654844 0.0000000 0.1445913 0.1436402 0.1729201 0.2367730 0.2264394 0.5386490 0.5284598 1.5377482 0.8758496 1.2554148 1.0566324 2.1416135 1.5913884 1.7181666 0.9206851 1.8539816 1.4164164 1.3334603 1.5205923 1.3520162 1.3653662 1.3536604 1.3838745 1.2125285 1.1345230 1.4402085 1.4190262 1.4437880 1.1298556 4.2267327 1.0720765 1.0706649 1.2730211 1.0756543 1.7025155 1.8108756 2.0795550 1.9515322 1.9352602 1.8974627 2.7502074 1.4222458 1.6647207 1.7947631 1.7947631 2.3532317 2.2859278 2.2324579 1.1789482 2.3506733 2.0412412 1.7871478 1.9565419 2.1253344 1.9788134 2.0745318 2.0798840 2.0053223 1.3764143 1.3144385 3.1670146 1.6717553 3.1041149 2.9983672 2.9726284 2.7801990 1.8295309 2.4249290 2.2822198 2.1255042 2.8043785 2.6757037 2.6423429 2.5285584 2.3662839 2.4506244 2.8891944 2.5048168 1.3875622 2.6138499 3.4458941 4.1016457 3.2268386 4.1236100 2.6009390 2.5756394 2.7441854 2.5975411 2.7756094 1.5647864 3.2882150 3.2882150 1.7779988 2.3906802 1.3171945 2.6379925 3.2966048 1.8667157 1.7794279 1.6407649 2.3960286 3.0981645 1.4724865 2.9974859 2.0849131 2.4944690 
Gasp_gasp1.m3.16553.m1                                 0.6915392 0.9755693 0.7276919 1.2477574 1.4350777 1.2707559 0.8498055 1.0170543 1.1566800 0.1514547 0.1445913 0.0000000 0.0913827 0.1266533 0.1986792 0.1899806 0.5088709 0.5098965 1.5449823 0.8381851 1.2997824 1.0812466 2.1047824 1.6417737 1.7713221 0.9257204 1.8705393 1.4479011 1.3927898 1.5921359 1.4116085 1.4247162 1.4163323 1.4533216 1.2575109 1.1468541 1.4750955 1.4437677 1.4497199 1.0972401 4.7342864 1.1245834 1.1193809 1.4071197 1.0712783 1.7430681 1.8988313 2.0441814 2.0168485 2.0223580 1.9246716 2.8358378 1.4228172 1.6932473 1.8161874 1.8161874 2.5066518 2.3987295 2.2881680 1.2545156 2.4416255 2.0279574 1.8551310 1.9898918 2.1349285 1.8774988 2.1129886 2.1013503 1.9803636 1.3313574 1.3495726 3.2327949 1.8661899 3.2606565 3.0744712 2.8942260 2.8397100 2.0842762 2.4733127 2.4350582 2.1546765 2.8558296 2.7126595 2.6911453 2.6032654 2.4599272 2.4239311 2.8501197 2.4585735 1.3884017 2.7778135 3.6315104 4.4293838 3.2092237 4.1746289 2.5953855 2.6831412 2.8192443 2.6482540 2.8635947 1.5677914 3.1868858 3.1868858 1.7975041 2.4830191 1.3013709 2.6996739 3.4609798 1.8915765 1.7706077 1.6174586 2.5621099 3.1755269 1.4857868 3.0469393 2.1686053 2.5732020 
Fspp_ffun1.m4.32904.m1                                 0.7013558 0.9216412 0.7596509 1.1990230 1.4437679 1.2729035 0.8397078 1.0068421 1.1424880 0.1572829 0.1436402 0.0913827 0.0000000 0.1382930 0.2135537 0.2014093 0.5236207 0.5135757 1.5287302 0.8641416 1.2478317 1.0809982 2.0525391 1.6598273 1.7724769 0.9371319 1.8749461 1.4306368 1.3819974 1.5951120 1.3936023 1.4065085 1.4051943 1.4265020 1.2342554 1.1513097 1.4586155 1.4270137 1.4396253 1.1482902 4.2460977 1.1157136 1.1093666 1.3358848 1.0679578 1.7040121 1.8961493 2.0821140 1.9627619 1.9988472 1.9007920 2.7284797 1.3906138 1.6528157 1.8057810 1.8057810 2.4355585 2.3724308 2.2951602 1.2595587 2.4817938 2.0381444 1.8045212 1.9858453 2.1078586 1.8523851 2.0894519 2.0730253 1.9618701 1.3024240 1.4210474 3.1680720 1.8918489 3.1642428 3.0303021 2.8034161 2.7478932 2.0867825 2.4652104 2.4673202 2.1930890 2.8812783 2.7141684 2.6755890 2.5258086 2.4471196 2.4302508 2.8283988 2.4871538 1.4016837 2.7130925 3.4724741 4.2287392 3.1434725 4.0277604 2.5777038 2.6663538 2.7485059 2.5990752 2.7799973 1.6498959 3.1567601 3.1567601 1.7980005 2.4813840 1.2715348 2.7196378 3.4060232 1.8318793 1.7229144 1.6395777 2.4738914 3.0906710 1.4880627 3.0473955 2.0966071 2.5489668 
Gfas_gfas1.m1.1511.m1                                  0.6449047 0.9135036 0.7493693 1.2195080 1.3904650 1.2318671 0.8432245 1.0529717 1.1242611 0.1863999 0.1729201 0.1266533 0.1382930 0.0000000 0.1710550 0.1660922 0.5171875 0.5172717 1.5570438 0.8460660 1.2838922 1.0739289 2.1696818 1.6740714 1.8019823 1.0125439 1.8813288 1.4199069 1.4028081 1.6173037 1.4147674 1.4278970 1.4354228 1.4823359 1.2740986 1.1371407 1.4574653 1.4227825 1.4489187 1.1626320 4.6423081 1.1273686 1.1231495 1.3140681 1.0688247 1.7051517 1.8676840 1.8657775 1.9851218 2.0365554 1.9321047 3.0752558 1.4266829 1.6824202 1.7514402 1.7514402 2.4608325 2.3820776 2.2691042 1.2857497 2.4124956 1.9941239 1.8189086 1.9753901 2.1039834 1.8995270 2.0574324 2.0691085 1.9828000 1.3251230 1.3786308 3.3110748 1.9771373 3.2293402 3.0937928 2.9206804 2.8483667 2.0954412 2.5041611 2.4236434 2.1558435 2.9153459 2.6958984 2.6707238 2.5461126 2.4219624 2.5258015 2.8427634 2.4891013 1.4009470 2.7811215 3.5427226 4.3147847 3.1268943 3.9703707 2.5753355 2.6808196 2.7845186 2.6355617 2.8249560 1.6774339 3.2705422 3.2705422 1.7687484 2.4827899 1.2969561 2.7667650 3.3292823 1.9295754 1.7400375 1.5098061 2.4116583 3.1180402 1.5169794 3.0717837 1.9792950 2.3744659 
Amil_Amillepora04707-RA                                0.6346740 1.0238692 0.8009834 1.2439203 1.4761227 1.3551864 0.8957889 1.0865530 1.1950782 0.2449795 0.2367730 0.1986792 0.2135537 0.1710550 0.0000000 0.0131398 0.5764460 0.6012409 1.5789227 1.0084470 1.3691971 1.1702600 2.0250657 1.8207966 1.9051004 1.1125850 1.9663360 1.5211224 1.4508618 1.6113986 1.4706946 1.4854517 1.5000301 1.5125429 1.2771442 1.2280953 1.5912034 1.5133962 1.5376581 1.1221179 4.7794431 1.2411732 1.2390449 1.3697510 1.1773824 1.8014941 2.0173250 3.6009274 2.2368492 2.2586459 2.1519894 3.5046111 1.3385536 1.8025077 1.9935083 1.9935083 2.5965416 2.5086630 2.4916611 1.3604622 2.5590468 2.0772121 1.8611818 2.0409648 2.1433933 1.9100113 2.0834930 2.0734490 1.9187744 1.3449229 1.3708894 3.5570681 1.9312141 3.6183005 3.3704122 3.1372819 3.0643227 2.5462232 2.5072297 2.5957915 2.2673950 3.0883031 2.8965518 2.8950074 2.6888948 2.6540955 2.5322993 2.8445550 2.3670431 1.4402820 2.7425341 3.4217492 4.1413614 3.0005074 3.7294879 2.5103291 2.7190977 2.7445395 2.5219319 2.7779410 1.5615703 3.3028430 3.3028430 1.8470123 2.6810773 1.2714103 2.8033267 3.4839995 2.2152956 1.9027511 1.8030207 2.7238250 3.3211597 1.6864090 3.1927117 2.3718007 2.8429005 
Adig_XM_015924042.1                                    0.6346740 0.9431664 0.7247457 1.1957627 1.4044723 1.2691083 0.8760720 1.0865530 1.1477489 0.2356354 0.2264394 0.1899806 0.2014093 0.1660922 0.0131398 0.0000000 0.5572981 0.5614521 1.5631270 0.8136244 1.3208193 1.1299926 2.0800479 1.7119403 1.8240312 0.9820941 1.8894699 1.4642585 1.3986121 1.5921358 1.4166839 1.4298571 1.4425136 1.4566589 1.2503713 1.1589136 1.4644925 1.4215882 1.4448479 1.0730720 4.4233551 1.1697525 1.1629935 1.3697510 1.1007330 1.7647963 1.9222160 2.4064020 2.0883984 2.1140632 2.0303826 3.3211531 1.3459403 1.7263801 1.8878999 1.8878999 2.4704954 2.4070369 2.3496782 1.2591735 2.4497835 2.0588546 1.8338285 2.0360807 2.1171888 1.9198019 2.0969996 2.0608469 1.9516223 1.3449229 1.3503890 3.4446230 1.9312141 3.3817017 3.2220063 3.0339828 2.9698297 2.0465430 2.4447955 2.4639339 2.1661964 2.9050765 2.7665200 2.7614970 2.6116328 2.5642884 2.4711612 2.8472643 2.3811962 1.3921866 2.7369038 3.5008706 4.2551622 3.0510420 3.8248371 2.4958141 2.7309086 2.8230987 2.6103299 2.8556255 1.5615703 3.3356636 3.3356636 1.7550415 2.6212241 1.2735600 2.7151335 3.3568619 1.9598470 1.6792728 1.5731235 2.5976863 3.1902876 1.5263502 3.1369223 2.1952056 2.6858564 
Exapal_XM_028661692.1                                  0.8595287 0.9667899 0.6225234 1.1580703 1.4809704 1.2393239 0.8887348 0.9856660 1.0953938 0.5427013 0.5386490 0.5088709 0.5236207 0.5171875 0.5764460 0.5572981 0.0000000 0.3638407 1.5700028 0.9762145 1.3137984 1.0993659 2.2468354 1.7077212 1.8500398 0.9125422 1.8016860 1.5020906 1.4129052 1.6805583 1.4124019 1.4306935 1.4319901 1.4546097 1.2567213 1.2000953 1.5294846 1.5351097 1.5503582 1.0191420 4.5333894 1.1204215 1.1189466 1.3038934 1.0816624 1.6528869 1.7335721 1.7417219 1.8651576 1.9960366 1.8708715 3.2663736 1.4444287 1.6700223 1.7401487 1.7401487 2.4733884 2.4113763 2.3074751 1.3349778 2.4002325 2.0587944 1.8625637 2.0590411 2.1547912 1.9146310 2.0750746 2.2045631 2.0410725 1.3492543 1.3497284 3.3562395 1.8470911 3.3078963 3.1810967 3.0400767 2.8926010 1.8897290 2.3590241 2.5996650 2.2798582 2.9129792 2.7670346 2.7864466 2.5193376 2.4557469 2.3806829 2.6776116 2.3687153 1.3956117 2.6611491 3.4151211 4.2181927 3.0213290 3.9508244 2.5279823 2.4454027 2.7348659 2.6327063 2.7871509 1.7034705 3.1607175 3.1607175 1.8636524 2.4502858 1.2637043 2.7421261 3.5235192 1.9086331 1.9497296 1.6509988 2.4072710 3.1259790 1.4409486 3.1867497 2.2765222 2.5114970 
Nvec_v1g175233                                         0.7095804 0.9800218 0.5910108 1.1849662 1.3722597 1.2552900 0.9051091 1.0143738 1.1312848 0.5601027 0.5284598 0.5098965 0.5135757 0.5172717 0.6012409 0.5614521 0.3638407 0.0000000 1.6354352 0.8643314 1.3308090 1.0525170 2.3973972 1.6961259 1.8103591 0.9637434 1.8874927 1.3875046 1.3833238 1.6995070 1.3652287 1.3836404 1.3649667 1.4345398 1.2323102 1.2562441 1.5192946 1.5076760 1.5401141 0.9415234 4.1689311 1.1164452 1.1112384 1.3017623 1.0989685 1.6786573 1.8212575 1.9545299 1.8531737 1.9432315 1.9566870 3.2096977 1.4016099 1.6795598 1.7742181 1.7742181 2.3874735 2.3344876 2.2183068 1.2741250 2.4054363 1.9161082 1.7895156 2.0390164 2.0704353 1.9610010 2.0593484 2.1720085 2.0013439 1.3119898 1.4256791 3.2647973 1.7944914 3.0076750 2.9760114 3.0166362 2.8611343 1.8110336 2.4700239 2.4973995 2.1271757 2.9388466 2.6918819 2.6125131 2.6596090 2.3769797 2.4447091 2.6590644 2.3986258 1.2821649 2.6205599 3.4566745 4.0907999 3.0930079 4.3371964 2.5623852 2.4846430 2.7442350 2.7671589 2.7964960 1.5748585 3.0402899 3.0402899 1.8566685 2.3922807 1.3638768 2.6301311 3.4443313 2.0021466 1.9215051 1.7426470 2.4563404 3.1464407 1.4459666 3.1281097 2.4203584 2.6123070 
Tetwil_g8144.t1                                        1.3181979 1.6351591 1.0724970 1.6553674 1.7599692 1.6740405 1.5382313 1.5902252 1.6122092 1.5189599 1.5377482 1.5449823 1.5287302 1.5570438 1.5789227 1.5631270 1.5700028 1.6354352 0.0000000 0.5652426 1.8083794 1.6999194 3.5669942 1.2095345 1.2039496 1.1459498 2.0975849 1.7394509 1.8845854 2.4890715 2.0049608 2.0138085 1.9857493 2.0503353 2.0537350 1.9548650 1.9225640 1.9873189 1.9873189 1.3219096 5.2372706 1.6609453 1.6609453 1.5505883 1.7165999 1.9083667 1.4545870 8.9999984 1.4701963 1.4050356 1.3499553 4.4876839 1.0030880 1.9990161 2.2097979 2.2097979 2.6016618 2.6122021 2.5883370 1.4824393 2.8064586 2.3999398 2.3168314 2.2906366 2.4177563 2.4137975 2.5640685 2.6003150 2.6969158 2.4603151 1.3851884 3.5594903 2.2170351 3.3411083 3.5773291 3.0964915 3.0064973 2.2907195 2.8233134 2.7668710 2.5879795 2.8656774 2.8700969 2.8991144 2.8188291 2.8932854 2.8186484 2.6797834 2.5541787 1.5544376 2.8506749 3.7430735 6.3729044 3.3983623 5.9185208 2.5930865 2.7852033 2.6033585 2.6033585 2.6271032 1.0739839 3.2095976 3.2095976 2.1354209 2.9067858 2.5173339 2.9638912 3.7718069 4.3454366 3.6938305 3.3637983 3.0905960 3.3149943 1.6054386 3.2144781 3.2357623 6.2843181 
Stycar_maker-SC_scaffold804-snap-gene-0.3-mRNA-1       0.0000010 0.8761490 1.0157220 1.1564403 1.0024429 1.1442890 0.8299098 0.0000010 1.0651726 0.9396526 0.8758496 0.8381851 0.8641416 0.8460660 1.0084470 0.8136244 0.9762145 0.8643314 0.5652426 0.0000000 0.6776513 0.7211378 2.0389407 0.6924832 0.7015945 1.4133348 1.4965461 1.2449649 0.9165896 0.0000010 0.9179458 0.9179458 0.9401954 1.0650483 1.0650483 1.2687275 1.2440496 1.1837484 1.1837484 1.2916679 3.0171911 0.9831899 0.9831899 3.0914844 1.3823418 1.0164775 0.8408447 0.0000010 0.9197991 1.0523583 0.8942309 0.0000010 3.2588114 1.0341315 1.0344285 1.0344285 1.6095301 1.6079768 1.5289024 1.1644051 1.6546630 1.7873218 1.5326193 1.5239900 1.6381891 1.6447530 2.1910552 2.0548796 1.9749428 3.6253916 1.2457009 1.9617557 0.0000010 1.5349173 1.7509398 2.1163889 1.6329069 1.5257104 1.2700834 1.2719287 1.4370924 1.6226631 1.4097338 1.6139038 1.3578822 2.1484010 2.0800502 1.4437017 1.4290986 1.5005908 1.6626876 4.0504494 4.0504494 0.0000010 0.0000010 1.4967329 1.5808192 1.5844049 1.5844049 1.5844049 0.9052901 0.0000010 0.0000010 1.2999923 1.4605734 0.0000010 1.5396343 2.2251967 0.0000010 0.0000010 0.0000010 1.7191502 2.1797304 1.0080633 2.0235989 0.3879620 1.2925951 
Xesp_008102-T1                                         1.1180169 1.3568188 0.6209861 1.5296207 1.8102816 1.5061392 1.2139922 1.4392201 1.4208272 1.2957692 1.2554148 1.2997824 1.2478317 1.2838922 1.3691971 1.3208193 1.3137984 1.3308090 1.8083794 0.6776513 0.0000000 0.5465761 2.1579715 1.9280840 2.0891460 1.2125334 1.9798853 1.7483112 1.6995705 1.9431847 1.6963002 1.7316841 1.7511892 1.7557158 1.6143254 1.4875482 1.7291917 1.7300255 1.7741995 1.1077570 4.7933440 1.4268479 1.4234182 1.4456167 1.4018091 1.8315556 2.0971739 2.1523631 2.2433020 2.2092575 2.1086785 3.4000610 1.6962056 1.9169004 2.0402745 2.0402745 2.2628978 2.3994108 2.2862419 1.4535996 2.4248623 2.2924456 2.0049499 2.2472850 2.2964403 2.3860945 2.2677449 2.2037712 2.1483008 1.5304724 1.4323530 3.6101846 1.6930193 3.3952348 3.2642898 3.1028606 3.1214761 2.1416568 2.7739824 2.6354663 2.4458792 2.9464420 3.1055767 3.0406211 2.7881386 2.5853098 2.3538470 2.6642919 2.2607416 1.1986408 2.5865905 3.3183189 3.7525370 3.0496807 3.8487468 2.4389773 2.5210228 2.5967644 2.4657430 2.6248995 1.5638756 3.5472672 3.5472672 1.9444751 2.6458257 1.4966163 2.8818113 3.4177362 2.1130352 2.2311074 1.8916858 2.4419859 3.0674074 1.5247348 3.1510228 2.5100395 2.4957732 
Dgig_XM_028541232.1                                    1.1391410 1.2633830 0.7167161 1.3679332 1.6326097 1.4013935 1.1137470 1.3639650 1.3346249 1.0896013 1.0566324 1.0812466 1.0809982 1.0739289 1.1702600 1.1299926 1.0993659 1.0525170 1.6999194 0.7211378 0.5465761 0.0000000 2.1871738 1.7682780 1.9274320 1.1503785 1.8657211 1.6355752 1.5180261 1.7794311 1.5106887 1.5321154 1.5756587 1.5843999 1.4191934 1.3384880 1.6848281 1.6424951 1.6718896 1.1243766 4.9974657 1.2719808 1.2685456 1.4333383 1.2703076 1.9803877 1.9678971 1.7350863 2.0628380 2.0518048 1.9801894 3.5387357 1.7403307 1.9535937 1.9827703 1.9827703 2.2422628 2.2957347 2.2836150 1.2877844 2.2500074 2.1617027 1.8187459 2.1269630 2.2509224 2.0994850 2.0906076 2.0870165 2.0513745 1.2731822 1.5689660 3.5183086 1.6860998 3.1544005 3.0538220 3.1337823 3.0532374 1.9415074 2.6345024 2.5555285 2.2792808 2.9029959 2.7373793 2.8361497 2.7447399 2.4311146 2.3315491 2.6567586 2.3000460 1.1766064 2.5581323 3.3218186 3.9145990 3.0863629 4.1273112 2.4856397 2.5991861 2.4972426 2.3631802 2.5359696 1.5134797 3.3290329 3.3290329 1.9187299 2.5462427 1.4758850 2.6718652 3.4486068 2.3171198 2.2578935 1.8338341 2.5637044 2.9582837 1.5223502 2.9927755 2.6273493 2.7029098 
Emue_Em0458g2a.t1                                      5.4421017 1.9902513 1.5794699 2.5486020 2.6294028 2.0586543 2.2071210 1.3569068 2.1731902 2.1103869 2.1416135 2.1047824 2.0525391 2.1696818 2.0250657 2.0800479 2.2468354 2.3973972 3.5669942 2.0389407 2.1579715 2.1871738 0.0000000 0.2719306 0.4014433 2.6932997 2.9215042 2.2189300 2.3745742 2.4347927 2.4692930 2.5612633 2.5015214 2.5867047 2.7040954 2.0487407 2.3346837 2.1371534 2.1371534 2.0883910 3.6166012 1.9904437 1.9904437 2.3235622 1.9573152 2.8181272 1.6998082 2.2266820 1.3837046 1.4005381 1.3143428 2.7240174 2.5696552 2.2949417 2.1802528 2.1802528 3.0092280 2.4414840 2.4460434 1.8933275 2.7508680 2.8861378 1.9500353 2.5140427 2.4696306 3.5870036 2.7343733 2.7751458 2.5662727 2.0327822 1.5089908 4.3975202 4.6026673 4.1023416 4.5012371 4.6647914 4.6942591 1.7525718 3.5932760 3.6776629 3.2321832 4.3497789 3.4130289 3.6971123 2.8571301 3.5467506 1.1306204 3.2783253 3.0931627 3.0423805 3.1305510 3.8991177 3.8582066 3.1086053 3.5076459 2.9024846 3.3467964 3.5421082 3.4038110 3.6851361 7.5196599 3.5851566 3.5851566 3.0263126 2.8387550 1.8405911 2.7627057 3.3003024 2.2508446 2.3189722 2.9776920 4.0621261 3.2779835 2.9616541 3.1505624 2.3141949 2.3548173 
Emue_Em0021g340a.t1                                    1.3227213 1.7404040 1.0481177 1.7612703 1.9821181 1.6918136 1.4634158 1.5073891 1.8075098 1.5980941 1.5913884 1.6417737 1.6598273 1.6740714 1.8207966 1.7119403 1.7077212 1.6961259 1.2095345 0.6924832 1.9280840 1.7682780 0.2719306 0.0000000 0.1711543 1.1963622 2.4164492 1.9103711 1.9832739 2.4159751 2.0388989 2.0576693 2.0662651 2.0507959 1.9401002 1.8005855 2.1374477 2.1669971 2.1669971 1.2730690 5.0946825 1.7722166 1.7722166 1.6742878 1.7569151 2.1464901 1.4232890 1.7249084 1.2869250 1.2797722 1.1743826 1.9127440 1.0124298 2.1276574 2.0647220 2.0647220 2.7471226 2.8438068 2.4758800 1.6396548 2.5047306 2.3776384 2.0525426 2.1633029 2.2935875 2.3366594 2.2569798 2.4225058 2.1364394 2.2248469 1.3984758 3.4643505 2.5503266 3.2249393 3.1689914 3.3575379 3.2232433 1.8760256 2.7175490 2.5396955 2.4096103 3.0108265 2.7066976 2.8125135 2.7333001 2.8873684 2.4115361 2.7479885 2.3612457 1.6156627 2.6676062 3.4020031 4.6945972 2.9129726 3.8932607 2.4440332 2.5865281 2.6297822 2.5511152 2.6670365 1.4357521 3.0548736 3.0548736 2.3507363 2.7872435 2.1517317 2.5673322 3.3035749 2.7029620 2.9782583 2.8685694 2.9978819 2.8460616 1.5772495 2.9885515 2.9567393 2.9927671 
Spolac_c102234_g1_i1_m.28468c102234-g1                 1.3107057 1.8256401 1.0261193 1.9409651 2.2169526 1.7977804 1.4854585 1.6395127 1.9601901 1.7121915 1.7181666 1.7713221 1.7724769 1.8019823 1.9051004 1.8240312 1.8500398 1.8103591 1.2039496 0.7015945 2.0891460 1.9274320 0.4014433 0.1711543 0.0000000 1.2151580 2.4436544 1.9512101 2.0928947 2.6129338 2.1505137 2.1629787 2.1726099 2.1577793 1.9281317 1.7173642 2.2106417 2.2807201 2.2654766 1.3055184 5.1636495 1.9538846 1.9538846 1.6423840 1.8359035 2.2945494 1.5212803 1.9301718 1.4632971 1.4870300 1.3627082 1.7835395 0.9615852 2.1442517 2.1345240 2.1345240 2.8511067 2.9177284 2.6055712 1.5495021 2.6141993 2.4211754 2.0161631 2.1589864 2.3170739 2.1573716 2.2263390 2.3817573 2.1755202 2.0450088 1.3679048 3.7265027 2.3541764 3.2304998 3.1901346 3.4315894 3.2624520 1.8609156 2.6417297 2.5384785 2.4084196 3.1101893 2.6839972 2.7541803 2.9098289 2.9969429 2.3202319 2.7493843 2.2598038 1.6101446 2.5990593 3.3915510 4.6231773 3.0479139 4.2445169 2.5367755 2.6459573 2.7016154 2.5505502 2.7390150 1.4357521 3.0608010 3.0608010 2.3145858 2.7787976 2.1736529 2.6861101 3.2115289 3.2871616 3.6985602 2.9210587 2.9636841 2.7857525 1.5147722 3.1121678 2.9248473 3.3807560 
Hvul_g3554_1                                           0.0000010 1.0247034 1.2588113 1.2067723 1.3584372 1.3572285 1.2501406 0.0000010 1.3227627 0.9628067 0.9206851 0.9257204 0.9371319 1.0125439 1.1125850 0.9820941 0.9125422 0.9637434 1.1459498 1.4133348 1.2125334 1.1503785 2.6932997 1.1963622 1.2151580 0.0000000 0.8238795 1.4896184 1.2813995 9.0000000 1.2771142 1.2771142 1.3037189 1.3088487 1.3412516 0.9586235 0.9646169 0.9785438 0.9785438 0.8741936 2.9216302 1.1515772 1.1515772 4.2722238 1.4538436 1.2001235 1.3557121 0.0000010 1.3177774 1.2302925 1.2594161 2.4106365 3.3599257 1.2899112 1.4680610 1.4680610 1.6152709 1.5103853 1.4385722 1.2032823 1.6646413 1.8094939 1.5701967 1.5834478 1.6710998 2.3024524 1.9784831 1.7405789 1.7863374 2.3936229 1.8365177 1.6116185 0.0000010 1.7887418 2.1201840 1.5963655 1.6563229 2.4579100 1.2617888 1.5244208 1.3234622 1.6552538 1.6812385 1.6585636 1.3630186 1.6892533 2.3166190 1.9334530 1.9279471 1.6879409 2.0661043 3.9153827 2.2116880 9.0000000 9.0000000 1.8832796 1.9739067 1.9408917 1.9408917 1.9408917 1.5425751 9.0000000 9.0000000 1.3631643 1.6085829 9.0000000 1.7542144 1.7629889 2.4106365 2.4106365 2.3104450 1.8232733 1.6929299 1.0494697 1.9119520 0.3866438 2.3488651 
Chem_TCONS_00052683                                    1.9551952 1.7246178 1.2264602 1.8807523 2.0899068 1.8238974 1.6494223 2.0508030 1.7376468 1.8480745 1.8539816 1.8705393 1.8749461 1.8813288 1.9663360 1.8894699 1.8016860 1.8874927 2.0975849 1.4965461 1.9798853 1.8657211 2.9215042 2.4164492 2.4436544 0.8238795 0.0000000 2.0555389 2.0287873 2.3033719 2.0553101 2.0688713 2.1036861 2.0498998 1.8811279 1.3125460 1.6079896 1.5543951 1.5685029 1.0361817 4.3648354 1.7372498 1.7365794 1.9440360 1.8629566 2.1883086 2.3752879 2.6916555 2.6460587 2.6802573 2.5975257 3.8309069 2.8401702 2.5699333 2.3568310 2.3568310 2.8796375 2.7231280 2.7300738 1.7971261 3.0468650 2.4863905 2.3087076 2.6899970 2.5821655 2.5375195 2.6418083 2.4028234 2.5464594 0.9380241 1.4367584 3.7910162 1.2719192 3.3975105 3.5197397 3.2951475 3.1135572 2.1861162 3.2037860 2.9712632 2.3984613 3.3463173 3.3288400 3.3277732 3.1035430 3.1848080 2.2986887 3.1141027 2.6602633 1.4873763 2.9422804 4.3637604 4.9243992 3.3087092 4.4769408 2.6993078 2.6980152 2.8705978 2.6651396 2.9002861 1.2346226 3.9204278 3.9204278 2.1744351 2.8705396 2.0864613 3.0700058 3.5556442 2.3361975 2.1217418 1.0384291 3.0513117 3.2181502 1.1805006 3.3274496 2.8549076 2.8110139 
Hsap_ENST00000412770                                   1.6075782 1.1334179 0.6920250 1.2845639 1.1833071 0.9405705 1.0382005 0.9894781 1.3238181 1.3934623 1.4164164 1.4479011 1.4306368 1.4199069 1.5211224 1.4642585 1.5020906 1.3875046 1.7394509 1.2449649 1.7483112 1.6355752 2.2189300 1.9103711 1.9512101 1.4896184 2.0555389 0.0000000 1.7379097 2.0087516 1.7352739 1.7476001 1.7940294 1.8469601 1.6688948 1.4676913 1.8588759 1.8380912 1.8597540 1.3015073 5.7172422 1.3594603 1.3545689 1.7909634 1.2795547 1.8844868 1.8489563 3.1332932 2.1347023 2.2111537 2.1148129 2.4985865 1.8495363 1.8854242 2.2205137 2.2205137 2.4214072 2.5487016 2.5080813 1.5389644 2.5964590 1.9982435 1.8100024 2.1602653 2.2076709 1.9945572 2.0872090 2.1276905 2.0132835 1.4775664 1.5247506 3.5171486 1.8551295 3.4148884 3.3587101 3.1037020 3.0455833 1.8616333 2.9535469 2.9507674 2.5397414 3.1314676 3.0774859 3.1475808 2.8716234 2.7079214 2.3415521 3.1934446 2.7409034 1.4921225 2.7642633 3.9035544 4.2618420 3.5162810 4.6079843 2.8331150 2.6728924 2.8041518 2.6381953 2.8399726 1.6671447 3.4754974 3.4754974 1.8787412 2.8397889 1.7219287 3.0153336 3.4384318 2.1948542 2.3829780 2.1068991 2.6299255 3.0879355 1.4678285 3.3390138 2.5113147 2.8617104 
HoiH23_PlH23_002134-RA                                 0.8584070 1.2955728 0.7398389 1.4737237 1.7136118 1.5738177 1.3044864 1.6104336 1.5133547 1.3464846 1.3334603 1.3927898 1.3819974 1.4028081 1.4508618 1.3986121 1.4129052 1.3833238 1.8845854 0.9165896 1.6995705 1.5180261 2.3745742 1.9832739 2.0928947 1.2813995 2.0287873 1.7379097 0.0000000 0.0229010 0.0590786 0.0607565 0.0782331 0.1480043 0.1419334 1.5550832 1.6758481 1.6068099 1.6077956 1.1313833 5.3509408 1.5350002 1.5269805 1.2536878 1.5303826 1.8136442 2.0013436 3.1028047 2.2186811 2.2127110 2.2059867 3.4552183 1.7129582 1.9881039 1.9266270 1.9266270 2.6068163 2.4342119 2.4956900 1.4802114 2.5789382 2.3467426 2.2832793 2.3730364 2.4172283 2.2455372 2.6687934 2.5820194 2.5787519 1.7758586 1.2890161 3.3667778 1.3601519 3.4174263 3.1915226 3.1414950 3.1755985 1.7889330 2.6075432 2.7691782 2.3189156 3.0050283 2.9694172 3.0297785 2.6350516 2.6659712 2.4391806 2.7694665 2.4444361 1.2878604 2.8037164 4.0891301 4.3844781 3.2230249 3.9979382 2.5180843 2.6234354 2.7054256 2.6432402 2.7509143 1.4252221 3.4179581 3.4179581 2.1278601 2.7284992 1.6824693 2.7408335 3.5314729 2.1795313 2.4229833 2.4190880 2.8983870 3.3941589 1.4726134 2.9491412 2.7587726 2.9034662 
HoiH06_mRNA8832                                        0.8352773 1.5413138 1.1319313 1.7494168 2.1324708 1.9160365 1.5006007 1.8682348 1.7399929 1.5631670 1.5205923 1.5921359 1.5951120 1.6173037 1.6113986 1.5921358 1.6805583 1.6995070 2.4890715 0.0000010 1.9431847 1.7794311 2.4347927 2.4159751 2.6129338 9.0000000 2.3033719 2.0087516 0.0229010 0.0000000 0.0803231 0.0827025 0.0974455 0.1621436 0.1591910 1.6882816 1.8895145 1.8227574 1.8200915 2.0149970 6.0253165 1.7780622 1.7669139 0.9254079 1.6516265 2.2288709 2.5001309 3.1482392 2.6585174 2.6604326 2.6133798 3.2682661 1.8082644 2.5211488 2.4110998 2.4110998 3.0957818 2.9586738 3.0851241 2.8944204 3.0783178 2.7981055 2.7760669 2.8900938 3.0089646 2.5794946 3.2775242 3.1658599 3.2093566 1.9276087 0.0000010 4.3372528 1.3926424 4.3530230 4.1086052 3.8445959 3.8771187 2.0728093 3.3622837 3.7590694 2.9139395 3.6331629 3.7959747 3.8945785 3.3161993 3.2588928 3.7461136 3.7989491 3.3149627 0.0000010 3.7887854 4.1932335 4.6627290 3.2832412 4.0576654 3.3603188 3.4600316 3.5834971 3.5490519 3.6546092 0.0000010 3.6008918 3.6008918 2.5999608 3.4202735 1.6847196 3.4222521 4.3878321 2.1928276 2.4354231 2.4671146 3.7812795 4.1771895 2.9775421 3.3866506 2.7631697 2.9772876 
Hhon_g04693.t1                                         0.8884100 1.3090212 0.7354106 1.4681201 1.7244972 1.5547290 1.3124962 1.6143216 1.5401286 1.3637933 1.3520162 1.4116085 1.3936023 1.4147674 1.4706946 1.4166839 1.4124019 1.3652287 2.0049608 0.9179458 1.6963002 1.5106887 2.4692930 2.0388989 2.1505137 1.2771142 2.0553101 1.7352739 0.0590786 0.0803231 0.0000000 0.0066326 0.0695400 0.1405341 0.1337722 1.5761336 1.6739406 1.6182569 1.6178348 1.1274207 5.5797296 1.5248395 1.5168351 1.2587850 1.5132254 1.8366303 2.0137183 3.0556674 2.2200205 2.2200789 2.1674780 3.4510062 1.8419628 1.9901041 1.9666933 1.9666933 2.5784444 2.4428107 2.4851821 1.4632557 2.5804293 2.3386911 2.3039370 2.4574462 2.4532480 2.2530899 2.7559972 2.5969842 2.5902936 1.8011544 1.2932377 3.3181325 1.4157174 3.3525465 3.2079469 3.1526928 3.1865057 1.6845607 2.5804314 2.7824912 2.3300518 3.0031162 2.9834163 3.0575418 2.6694930 2.6606856 2.4630162 2.7930301 2.4962904 1.3097224 2.8126324 3.9829033 4.3038994 3.2497418 3.8643449 2.5415523 2.6384259 2.6578677 2.6093736 2.7063862 1.4288884 3.3897165 3.3897165 2.1499098 2.7182489 1.6687586 2.8091342 3.5889279 2.1489199 2.4299858 2.3668717 2.9049852 3.3107494 1.4273703 2.9700111 2.7547286 2.9619647 
HoiH04_mRNA10478                                       0.8485263 1.3243742 0.7354106 1.4859126 1.7318609 1.5683449 1.3231655 1.6143216 1.5623844 1.3772197 1.3653662 1.4247162 1.4065085 1.4278970 1.4854517 1.4298571 1.4306935 1.3836404 2.0138085 0.9179458 1.7316841 1.5321154 2.5612633 2.0576693 2.1629787 1.2771142 2.0688713 1.7476001 0.0607565 0.0827025 0.0066326 0.0000000 0.0712926 0.1454488 0.1360541 1.5892445 1.6709927 1.6022582 1.6067566 1.1274207 5.6279863 1.5399414 1.5319013 1.2405926 1.5338468 1.8338856 2.0227354 3.0556674 2.2303110 2.2311719 2.1813020 3.4510062 1.8019031 1.9944308 1.9771505 1.9771505 2.5763241 2.4436346 2.4795307 1.4632557 2.5606245 2.3376785 2.3028641 2.4741524 2.4702079 2.2374182 2.7553186 2.5914903 2.5895350 1.8011544 1.2932377 3.3584610 1.4157174 3.3645243 3.2135192 3.1425638 3.1651205 1.6845607 2.5758218 2.7915290 2.3466219 3.0361490 2.9653941 3.0328709 2.6848005 2.6546022 2.4630162 2.8175326 2.5207106 1.3097224 2.8403617 4.0534769 4.3658798 3.2521583 3.9271066 2.5427298 2.6558136 2.6529385 2.6042277 2.7013800 1.4288884 3.3637585 3.3637585 2.1479402 2.7242486 1.6935836 2.8303230 3.5955845 2.1896909 2.4701400 2.4375290 2.9259777 3.3047305 1.4273703 2.9598186 2.7840284 2.9996541 
