85
Lcom_lcpid82692                                        0.0000000 0.7155439 0.7049719 2.7708936 2.0822749 2.3885782 1.8152634 2.6220246 1.9532707 1.8268899 1.7138269 1.7747502 1.6983529 1.8391366 1.6805330 1.6619208 1.7096112 1.7082423 1.6333859 1.6725956 1.6756027 1.7214907 1.6945214 1.6713560 2.3539694 1.4354967 2.0993582 1.9823409 1.7493475 2.4786326 1.9630984 1.8706637 2.1091043 1.7674694 2.0109536 1.9230712 1.7889632 1.8771027 1.8771027 1.8770154 1.6761541 1.6761541 1.9339126 1.9981573 2.0985679 1.5006109 1.6266768 1.6902470 1.6453814 1.6453814 1.7559559 1.6857397 1.6857397 1.4800072 1.6610732 1.7297935 1.7699595 1.6616353 1.3458794 2.2047369 2.0608812 2.8209241 1.8025857 2.2083641 2.0743203 2.4643526 1.9202900 1.7914347 2.1498677 2.1254845 2.0333819 2.9705740 2.6686765 2.1589761 2.2548701 2.1753568 2.0294241 1.9095316 2.0371052 2.4831791 2.5142219 2.3595840 2.4973067 2.2379849 2.7782835 
Gracom_Gcom_scaffold17364_01                           0.7155439 0.0000000 0.6516835 2.9772113 2.0543130 2.3304629 1.9693565 2.8140629 1.7236118 1.6533136 1.5911740 1.7391524 1.7228933 1.8349265 1.6396508 1.5145556 1.5334955 1.5542388 1.5338796 1.6233778 1.5428241 1.5314884 1.6362963 1.4850727 2.2900874 1.3682857 1.9480178 2.0515650 1.5387026 2.0769376 1.7695605 1.8039266 2.1774076 1.8437144 1.8590428 2.0581157 1.8919845 1.8386061 1.8386061 1.8292455 1.7838531 1.7838531 1.7078937 1.9703066 1.7849671 1.4825176 1.7581781 1.8916912 1.5964289 1.5964289 1.7045405 1.5858995 1.5858995 1.5747253 1.6601222 1.7017225 1.7136717 1.5859655 1.4842792 2.0326912 2.0543518 2.8701248 1.8171281 2.4892355 2.3455470 2.6733577 2.1658598 2.1114449 2.5629445 2.5648076 2.3085505 3.5505540 3.1342855 2.3168367 2.1084641 1.9957901 2.0461511 2.1170023 1.9646185 2.1926125 2.8118672 2.3679622 2.0527937 1.9957892 2.7238856 
Scil_scict000089.1                                     0.7049719 0.6516835 0.0000000 3.0958876 2.3763127 2.6696463 2.3809877 2.7373781 2.1453775 2.0587337 1.9938691 2.1325291 1.8816573 2.1110304 1.9432854 1.8366100 1.9653990 1.9653990 1.8076526 1.8451525 1.7930119 1.7594444 1.8713354 1.8766127 2.7665286 1.4862567 2.2650658 2.2185764 1.8238634 2.4302558 1.9647707 1.8776392 2.5019750 2.0857793 2.3708505 2.5125260 2.4576791 2.4259104 2.4259104 2.3205692 2.3154967 2.3154967 1.9595670 2.1333253 2.1045177 1.4608103 1.6627186 1.6270834 1.6378199 1.6378199 1.6713997 1.5823283 1.5823283 1.5936934 1.7711001 1.8753838 1.7694866 1.6832714 1.7017971 2.8478545 2.2352519 2.8826490 2.1412873 2.7869661 2.6106192 3.0082021 2.4876994 2.2253361 3.0256138 3.0822551 2.6936375 4.3308542 3.9297044 3.2801763 2.6221854 2.5307042 2.6250478 2.6644828 2.0188149 2.6067506 3.4704128 2.2583485 2.3002373 2.3002373 2.5267144 
Aque_Aqu2.1.27457_001                                  2.7708936 2.9772113 3.0958876 0.0000000 0.0000010 0.3775644 0.7588390 0.4168945 1.2718453 1.1732849 1.7405466 1.8411600 1.7287685 1.5676237 1.6341196 1.3396314 1.8114018 1.8114018 1.6140112 1.6685650 1.6102676 1.6091541 1.8739036 1.9672667 2.1846237 0.6007603 1.9991156 1.7604428 1.7301911 1.2414175 1.6975458 1.7383703 2.1525427 1.8858833 1.9136833 2.1674656 1.9628280 2.1816872 2.1816872 2.1303133 2.1274321 2.1274321 1.7230441 1.8769029 2.2675039 2.0884167 2.0035742 1.8953026 1.8804421 1.8804421 2.2351729 2.0273985 2.0273985 2.0250930 2.1035350 2.0847046 1.9344363 1.9925495 2.0027282 2.1060335 1.5167335 2.0765934 2.6729796 2.5977894 2.5977894 2.9263647 2.4121495 1.8205693 3.3502557 3.3502557 3.2791396 6.6856281 4.1842947 3.7849323 2.3205565 3.8450214 3.5789556 2.4698473 2.3731046 2.3569616 2.6817467 3.0383421 2.7237774 2.7237774 3.1711502 
Aque_Aqu2.1.27460_001                                  2.0822749 2.0543130 2.3763127 0.0000010 0.0000000 0.4316925 0.5887379 0.3108820 0.9407080 0.9474208 1.1661555 1.1579666 1.1199290 0.9596680 1.0994531 0.9180974 1.1295549 1.1379086 1.0766505 1.1348124 1.1425658 1.1376335 1.1339799 1.3157389 1.5107496 0.8899905 1.1404727 1.2973886 1.0909649 1.2938064 1.1795372 1.3253075 1.2151283 1.2151283 1.3202389 1.4524264 1.1927231 1.2764327 1.2764327 1.2264455 1.2024394 1.2024394 1.2734396 1.0110808 1.4546123 1.3573125 1.4485357 1.5100511 1.4201722 1.4201722 1.5159178 1.4886506 1.4886506 1.4480143 1.4030956 1.4030956 1.5739245 1.2929160 1.2014528 1.6783975 1.3532854 1.7596308 2.2042654 2.0016075 1.8685776 2.0941272 1.6160646 1.6160646 2.2871729 2.1386032 1.9224909 2.6571875 2.4085554 2.0007139 1.4553276 2.7867363 2.2255133 2.5387274 1.8272390 2.0310860 1.7185236 1.9633586 2.1379020 2.1379020 2.7689052 
Halamb_c40871_g1_i1mm.866                              2.3885782 2.3304629 2.6696463 0.3775644 0.4316925 0.0000000 0.6971531 0.3839134 1.0444217 0.9339056 1.3851749 1.3611253 1.3242014 1.3197313 1.2484740 1.3398877 1.4025561 1.4094117 1.3515010 1.5345752 1.3449234 1.3702350 1.6865978 1.5126364 1.4329831 0.8332167 1.4106671 1.8979580 1.6713257 1.6034044 1.5920872 1.6269932 1.8146971 1.5978979 1.5820612 1.8325477 1.5370952 1.6268682 1.6268682 1.5804233 1.5519690 1.5519690 1.5548766 1.5057173 1.9484973 1.5462555 1.4690200 1.7743601 1.7159688 1.7159688 1.6689308 1.6367372 1.6367372 1.6766865 1.6390895 1.4322813 1.6581361 1.4633113 1.7204970 1.8584742 1.4725959 2.6872719 2.1314531 2.4709055 2.4342506 2.5826024 2.2228042 1.8586492 2.8902386 2.8414094 2.8935594 3.4648888 3.0970829 2.4488711 2.0621438 3.0471058 2.7141254 2.2709579 2.1065162 2.2093949 2.1173607 2.3910700 2.6383523 2.5901255 3.0835309 
Tetwil_g26703.t1                                       1.8152634 1.9693565 2.3809877 0.7588390 0.5887379 0.6971531 0.0000000 0.6910517 0.6923157 0.6495271 1.1687182 1.0994146 1.1481906 1.0886346 1.0919901 1.0816781 1.1311301 1.1148425 0.9888140 1.1607661 1.0377293 1.0552347 1.2455057 1.1790398 1.2058496 0.6538549 1.1756328 1.2968795 1.1329148 0.9517554 1.0912833 1.2222027 1.3983230 1.2454186 1.2934672 1.3499412 1.2588768 1.2482515 1.2482515 1.2639782 1.1587418 1.1587418 1.2246064 1.1699159 1.7056981 1.3888158 1.3461033 1.5198962 1.3693034 1.3693034 1.3972096 1.4294041 1.4294041 1.4725349 1.5656447 1.4393665 1.4719154 1.4434161 1.1938652 1.6246897 1.1778709 1.9523946 1.9907042 2.3540040 2.2970295 2.5046498 2.0972183 1.7347588 2.5120235 2.4731648 2.3072058 3.3669017 2.7763882 2.1691658 1.7208733 2.6690565 2.3054420 2.2440802 1.8422845 1.9079559 1.8780377 2.0735754 2.2999467 2.2999467 2.6020117 
Xestes_maker-XT_scaffold56538-augustus-gene-0.3-mRNA-1 2.6220246 2.8140629 2.7373781 0.4168945 0.3108820 0.3839134 0.6910517 0.0000000 1.1883528 1.1357252 1.5495535 1.6668704 1.5151228 1.4978178 1.4696925 1.3040741 1.5481661 1.5481661 1.4937900 1.5798511 1.5312302 1.5304235 1.7255582 1.8766921 1.8301995 0.5347218 1.8032610 1.7405291 1.7363572 1.3307998 1.4991768 1.7661141 2.1134516 1.6914358 1.6208128 2.1854335 2.0422136 2.1428195 2.1428195 2.0925450 2.1371103 2.1371103 1.5742065 1.7594900 2.0832635 1.8260716 1.7676822 1.8928446 2.0362285 2.0362285 2.1298433 1.9806743 1.9806743 2.0440471 2.1315937 2.0166208 2.0656131 1.8865403 1.9320605 2.2560632 1.6926919 2.2305242 2.1285797 2.8788145 2.8788145 3.2574830 2.6608002 2.0144580 3.4835038 3.4835038 3.4928157 6.4144921 4.3499259 3.9646581 2.3255420 3.3636653 3.6485198 2.8136468 2.3220810 2.5653133 2.6063127 2.7651538 3.0232624 3.0232624 3.1732470 
Emue_Em0015g1260a.t1                                   1.9532707 1.7236118 2.1453775 1.2718453 0.9407080 1.0444217 0.6923157 1.1883528 0.0000000 0.1778358 1.3713373 1.3514860 1.3287809 1.2271522 1.3254439 1.1484401 1.3432144 1.3250664 1.1391860 1.3893628 1.1949362 1.1924435 1.4190893 1.2407800 1.3727105 0.6603525 1.4111217 1.5419707 1.1729300 1.1784126 1.3277489 1.4235344 1.3432027 1.2499489 1.3425121 1.5540623 1.4178602 1.4364323 1.4364323 1.4021945 1.3403765 1.3403765 1.3893475 1.3521816 1.9303986 1.3484888 1.4387513 1.4851054 1.3752548 1.3752548 1.4078138 1.3802774 1.3802774 1.3974758 1.4991228 1.3926031 1.4866929 1.2647413 1.3927017 1.7386038 1.5071502 2.1536009 1.8902693 1.8415035 1.7672578 2.0169156 1.8634945 1.5262066 2.2915677 2.2345459 2.3951082 2.9347956 2.6477444 2.1564478 1.7249143 2.6381490 2.6420763 2.2791662 1.9626830 1.9458548 1.8115163 2.4054835 2.3599081 2.3599081 2.7059600 
Spolac_c95835_g1_i1_m.12105c95835-g1                   1.8268899 1.6533136 2.0587337 1.1732849 0.9474208 0.9339056 0.6495271 1.1357252 0.1778358 0.0000000 1.3829470 1.2583719 1.3106837 1.1908627 1.1952846 1.0535520 1.3358035 1.3177778 1.1952968 1.4010910 1.2205332 1.2179064 1.4025477 1.2305391 1.4382919 0.7624416 1.4384991 1.5035649 1.2810146 1.3252751 1.3509132 1.4871220 1.3075103 1.2527448 1.3510683 1.5365583 1.3897081 1.4493752 1.4493752 1.4446921 1.3456352 1.3456352 1.3875305 1.3191274 1.6744028 1.3069558 1.4522292 1.5298109 1.3798111 1.3798111 1.3564447 1.3317336 1.3317336 1.4024631 1.5060363 1.4123437 1.4438256 1.3470445 1.4641787 1.5889971 1.5921880 2.2033832 2.0037758 1.8827588 1.8533551 2.1199851 1.8900033 1.5497467 2.2350735 2.2315678 2.4652636 3.2710019 2.8115058 2.2301808 1.9065071 2.7032150 2.7086771 2.5135341 1.9525104 1.9384484 1.8489342 2.3913195 2.3659586 2.3659586 2.7586291 
Bralan_BLAG01001510_1                                  1.7138269 1.5911740 1.9938691 1.7405466 1.1661555 1.3851749 1.1687182 1.5495535 1.3713373 1.3829470 0.0000000 0.4415123 0.4725830 0.5303501 0.5330885 0.6152214 0.6737883 0.6775479 0.6231929 0.4803858 0.6312786 0.6620438 0.5292376 0.6202522 1.2198674 0.7275987 1.0428608 1.0195274 0.7798213 1.3866072 0.7032031 0.9485060 1.2740388 0.8461102 0.7831075 0.9759140 0.8832873 0.8786581 0.8786581 0.8749217 0.8100832 0.8100832 0.9859603 0.7370492 0.9617245 0.8986261 0.9697232 1.0009548 0.9551084 0.9551084 0.9201552 0.9168298 0.9168298 0.9702436 0.9809683 1.0674986 1.0492572 0.8661792 1.0614984 0.7701622 1.2751249 1.6621018 1.6748138 2.1917772 2.0762410 2.4796036 1.8052855 1.7998054 2.0947849 2.0646758 1.9021044 3.1723797 2.7870958 2.0302510 1.9381170 1.9408436 2.0430281 1.6998924 1.8093374 2.0638261 2.0199367 2.4462252 1.9359172 1.8288394 2.7563664 
Hsap_ENST00000326132                                   1.7747502 1.7391524 2.1325291 1.8411600 1.1579666 1.3611253 1.0994146 1.6668704 1.3514860 1.2583719 0.4415123 0.0000000 0.5421294 0.5277699 0.5526470 0.6965034 0.5011823 0.5038764 0.5402757 0.4091424 0.5597381 0.5717639 0.5027784 0.5670855 0.9912857 0.5709823 0.8100348 0.8539070 0.7625629 1.1790029 0.6979173 0.9237952 1.2408837 0.8105270 0.7416941 0.9166462 0.8161462 0.8623861 0.8623861 0.8643981 0.7886521 0.7886521 1.0278217 0.7123175 0.8278358 1.0802329 1.0577408 1.2459833 1.0545188 1.0545188 0.9980175 0.9868215 0.9868215 1.1051414 1.1356678 1.1950913 1.1681862 0.9343590 1.2008455 0.7406091 1.1550081 1.6257671 1.5757920 2.2978450 2.0805626 2.4911137 1.8058006 1.7770307 2.0439519 2.0198846 2.0048673 2.9235449 2.5945538 2.0343223 1.8333004 2.2628753 2.1864628 1.8433716 1.8255769 2.0905435 2.2992780 2.2510759 2.2160344 2.1199676 2.9084608 
Cgig_XM_011424255.3                                    1.6983529 1.7228933 1.8816573 1.7287685 1.1199290 1.3242014 1.1481906 1.5151228 1.3287809 1.3106837 0.4725830 0.5421294 0.0000000 0.4608196 0.4607308 0.5327209 0.5731860 0.5763620 0.5749316 0.4762108 0.5494763 0.5942066 0.4892811 0.6343042 0.9200978 0.4956669 0.8621228 0.9784713 0.8178546 1.2362208 0.7279020 0.8793207 1.2207716 0.7939375 0.7713644 0.9490971 0.8912241 0.9153090 0.9153090 0.8743700 0.8519422 0.8519422 0.8415725 0.6267538 1.0403606 1.0327217 1.0005570 1.2009998 1.0929314 1.0929314 1.0732761 1.0563482 1.0563482 1.1373344 1.1535171 1.3056825 1.1965992 0.9015941 1.1041372 0.6691751 1.2305216 1.6292210 1.6934750 2.1745251 2.1184297 2.2773100 1.9039343 1.7119941 2.1210106 2.1314246 1.9764163 2.9599807 2.6006504 2.0170463 1.7193922 2.0756780 1.9409132 1.7596486 1.8491225 2.1398948 2.1340893 2.3673123 2.0256502 1.9383987 2.5222344 
Cscu_XM_023353761.1                                    1.8391366 1.8349265 2.1110304 1.5676237 0.9596680 1.3197313 1.0886346 1.4978178 1.2271522 1.1908627 0.5303501 0.5277699 0.4608196 0.0000000 0.5678505 0.5138731 0.5118802 0.5189100 0.5657047 0.4988819 0.5810171 0.6074882 0.5050130 0.6643723 1.0420440 0.6053637 0.8881036 0.9850008 0.7294654 1.1241708 0.6909289 0.9419468 1.2582273 0.7469530 0.8524409 1.0253844 0.9156592 0.9461924 0.9461924 0.9036473 0.8739745 0.8739745 0.9114347 0.6243859 0.9530408 0.9887703 0.9403240 1.0478642 0.9865659 0.9865659 0.8797947 0.9219025 0.9219025 0.9557921 0.9153007 1.0191679 0.9276487 0.8945000 1.0975134 0.7272509 1.1234302 1.4944529 1.7029779 2.1965744 2.1627046 2.4197032 1.8680264 1.6784398 2.0656120 2.0392199 1.8876407 2.8705079 2.5049810 1.8509905 1.7100739 2.5118886 2.2743905 2.0118389 1.7733704 2.2740536 1.8744045 2.3365538 1.9856696 1.8442820 2.8771446 
Ctel_gnl_WGS_AMQN_CAPTEDRAFT_mRNA148333                1.6805330 1.6396508 1.9432854 1.6341196 1.0994531 1.2484740 1.0919901 1.4696925 1.3254439 1.1952846 0.5330885 0.5526470 0.4607308 0.5678505 0.0000000 0.5855457 0.6303308 0.6259925 0.6214402 0.4814587 0.6433623 0.6683138 0.5475435 0.6661025 0.9561209 0.6007466 0.8972608 0.9446301 0.7631646 1.3687158 0.7719957 0.8863321 1.2048695 0.8229286 0.9393487 0.9933220 0.8839003 0.9053913 0.9053913 0.9450879 0.8931778 0.8931778 0.8837434 0.8150671 1.1078106 0.9619592 0.9570685 1.1106066 1.0091949 1.0091949 0.9937426 0.9891899 0.9891899 0.9921304 1.0389891 1.1374077 1.0662458 0.8524147 1.1967646 0.8881947 1.3957448 1.5176960 1.7278615 2.2673396 2.1500442 2.4900452 1.8767877 1.6531621 2.1105017 2.0763562 1.8906187 2.6528959 2.3628531 1.9223499 1.6721677 2.3034385 2.1079435 1.6287755 1.7559772 2.2040665 1.9269021 2.3570269 2.1157306 2.0196204 3.2698928 
Tcas_TC012429_001                                      1.6619208 1.5145556 1.8366100 1.3396314 0.9180974 1.3398877 1.0816781 1.3040741 1.1484401 1.0535520 0.6152214 0.6965034 0.5327209 0.5138731 0.5855457 0.0000000 0.5486158 0.5589765 0.6913479 0.5413166 0.6963370 0.7185552 0.5737417 0.7443432 1.0557971 0.6212713 0.9724694 1.1258347 0.8454077 1.5232353 0.9164455 0.9279542 1.3044598 0.9251813 0.9155651 1.1944924 1.0772459 1.0643374 1.0643374 1.0698081 1.0179423 1.0179423 0.7786172 0.7747772 0.9530027 0.9943634 1.0637955 1.0442478 0.9510947 0.9510947 1.0004015 1.0041787 1.0041787 0.9778235 1.0813033 1.2293904 0.9528567 0.8815743 1.1567041 0.8393557 1.3712538 1.9657589 1.6980971 2.1712578 2.0965787 2.4018541 1.9374710 1.7287036 2.1508650 2.2070827 1.8304287 3.1604939 2.6156568 2.1286999 1.5515536 2.3219375 2.4238784 1.9339685 2.0202516 2.1664946 1.9755557 2.2514753 2.1385873 2.1231797 3.0580141 
Spur_XM_780309.5                                       1.7096112 1.5334955 1.9653990 1.8114018 1.1295549 1.4025561 1.1311301 1.5481661 1.3432144 1.3358035 0.6737883 0.5011823 0.5731860 0.5118802 0.6303308 0.5486158 0.0000000 0.0057863 0.5930498 0.4972119 0.5960261 0.6263229 0.5542824 0.6751355 0.9091245 0.5545207 0.8348300 1.0006152 0.7914155 1.2106923 0.7957522 0.8887100 1.2732957 0.8281256 0.8013199 0.8633039 0.8025851 0.8695548 0.8695548 0.8361882 0.7386927 0.7386927 0.9536987 0.7088826 0.9573644 0.9990773 1.0881646 1.1382888 1.0160793 1.0160793 1.0550920 1.0595395 1.0595395 1.0684020 1.1041398 1.2363532 1.1380368 0.9147677 1.1758079 0.7373452 1.1569077 1.5889677 1.6960498 2.3130548 2.2778506 2.4740767 2.0552855 1.8615257 2.1127240 2.1100520 2.0903043 2.6311327 2.3790269 1.9017591 1.6845815 2.2782055 2.0600269 1.8218422 1.7592660 2.0343948 1.9576811 2.3371166 2.1533828 2.0923935 3.1604885 
Spur_XM_030992178.1                                    1.7082423 1.5542388 1.9653990 1.8114018 1.1379086 1.4094117 1.1148425 1.5481661 1.3250664 1.3177778 0.6775479 0.5038764 0.5763620 0.5189100 0.6259925 0.5589765 0.0057863 0.0000000 0.5957808 0.4972119 0.6040138 0.6344413 0.5542824 0.6707387 0.9143945 0.5592587 0.8386210 1.0130221 0.7795480 1.1635779 0.7836224 0.8933487 1.2630785 0.8202357 0.8002890 0.8495883 0.7903411 0.8567714 0.8567714 0.8236553 0.7269918 0.7269918 0.9400902 0.6974220 0.9512066 0.9990773 1.0873312 1.1382888 1.0202991 1.0202991 1.0612027 1.0653383 1.0653383 1.0727197 1.0891707 1.2191155 1.1226856 0.9091477 1.1698296 0.7361169 1.1452986 1.5800850 1.7020150 2.3039006 2.2690107 2.4643699 2.0481514 1.8536858 2.1125599 2.1023494 2.0903043 2.6208452 2.3790028 1.9017591 1.6832168 2.2484006 2.0894656 1.8153629 1.7644249 2.0190498 1.9507673 2.3053440 2.1660753 2.1047365 3.1084746 
Spis_XP_022785779_1                                    1.6333859 1.5338796 1.8076526 1.6140112 1.0766505 1.3515010 0.9888140 1.4937900 1.1391860 1.1952968 0.6231929 0.5402757 0.5749316 0.5657047 0.6214402 0.6913479 0.5930498 0.5957808 0.0000000 0.0094762 0.0682512 0.0818036 0.2123133 0.2829453 0.5008299 0.1466267 0.2819419 0.7492491 0.6207968 1.0436479 0.5812466 0.8063574 0.9967525 0.6058761 0.7428839 0.8744371 0.7713845 0.8163664 0.8163664 0.8314496 0.7430409 0.7430409 0.8869878 0.7089239 0.9888842 0.9045640 0.9163220 1.0355886 0.8971408 0.8971408 0.8685893 0.8829098 0.8829098 0.9028069 0.9104377 0.9762324 1.0137128 0.7959587 0.9050246 0.9363409 1.3126346 1.2283515 1.5106093 2.0276362 2.0073166 2.2395469 1.8637233 1.7095684 1.9125874 1.9202505 2.1186543 2.6501895 2.3687982 2.0593161 1.6608320 2.1657982 2.0530164 1.8131090 1.4785833 2.0756378 2.2812630 2.1514331 1.9671976 1.9437469 2.6341655 
Pocdam_XM_027183865.1                                  1.6725956 1.6233778 1.8451525 1.6685650 1.1348124 1.5345752 1.1607661 1.5798511 1.3893628 1.4010910 0.4803858 0.4091424 0.4762108 0.4988819 0.4814587 0.5413166 0.4972119 0.4972119 0.0094762 0.0000000 0.0094686 0.0190530 0.1994915 0.2203829 0.8862409 0.0338973 0.3740462 0.6502136 0.4739281 0.6178819 0.4948452 0.7015560 1.1777154 0.5516124 0.6372324 0.8362570 0.8063774 0.8504327 0.8504327 0.8575664 0.8200254 0.8200254 0.8110628 0.5842673 1.1368083 1.0246853 1.0296955 1.0869663 1.0060504 1.0060504 0.9178870 0.9617290 0.9617290 1.0706366 1.1009967 1.2469807 1.1655011 0.8824304 1.0512744 0.8139050 1.3036124 0.8673213 1.4641337 2.6101661 2.6101661 3.3022821 2.1943915 1.9738154 2.3832225 2.3832225 2.4632263 4.4708443 3.3420613 2.7544531 2.0361939 2.1715225 2.3622692 1.7955085 1.5672952 1.9029162 2.3105984 2.2003315 1.8093891 1.8093891 2.7212955 
Fspp_ffun1.m4.9018.m1                                  1.6756027 1.5428241 1.7930119 1.6102676 1.1425658 1.3449234 1.0377293 1.5312302 1.1949362 1.2205332 0.6312786 0.5597381 0.5494763 0.5810171 0.6433623 0.6963370 0.5960261 0.6040138 0.0682512 0.0094686 0.0000000 0.0555212 0.2121823 0.2965591 0.4806306 0.1455322 0.2878019 0.6703013 0.5974131 0.9270220 0.5551921 0.8293836 1.0319204 0.6459579 0.7267376 0.8683906 0.7961350 0.8025471 0.8025471 0.8093407 0.7395158 0.7395158 0.8636035 0.7225235 1.0099846 0.9482027 0.9675949 1.0589395 0.9362995 0.9362995 0.8954595 0.9122211 0.9122211 0.9430492 0.9725018 1.0650369 1.0254620 0.8221963 0.9558923 0.8528483 1.2907934 1.2446265 1.5168446 2.2054399 2.1804054 2.4410029 2.0428743 1.8568347 2.0538482 2.0717148 2.1186543 3.0215686 2.6103254 2.1292927 1.7667353 2.1665889 1.9563877 1.7560436 1.4888690 1.9340345 2.3560576 2.0915576 1.9334405 1.8975771 2.6054445 
Gasp_gasp1.m3.27726.m1                                 1.7214907 1.5314884 1.7594444 1.6091541 1.1376335 1.3702350 1.0552347 1.5304235 1.1924435 1.2179064 0.6620438 0.5717639 0.5942066 0.6074882 0.6683138 0.7185552 0.6263229 0.6344413 0.0818036 0.0190530 0.0555212 0.0000000 0.2251529 0.3196262 0.5528371 0.1986040 0.3178202 0.6659511 0.5822169 0.9533286 0.5747189 0.8514310 0.9805991 0.6099750 0.7499098 0.9444630 0.8476008 0.8572572 0.8572572 0.8697015 0.8206187 0.8206187 0.9046979 0.7351631 1.0484923 0.9258921 0.9602496 1.0317002 0.9155981 0.9155981 0.8793973 0.8931386 0.8931386 0.9561474 0.9821716 1.0761757 0.9925073 0.8209994 0.9426485 0.9037835 1.2868441 1.2762479 1.5631202 2.1408356 2.1173944 2.3651600 1.9926686 1.8063155 2.0208132 2.0176395 2.1186543 2.8866251 2.5476801 2.1215750 1.7068215 2.1873391 2.0642583 1.7861199 1.4626273 1.9605863 2.4088749 2.1094464 2.0344977 1.9858164 2.6626261 
Nvec_v1g245009                                         1.6945214 1.6362963 1.8713354 1.8739036 1.1339799 1.6865978 1.2455057 1.7255582 1.4190893 1.4025477 0.5292376 0.5027784 0.4892811 0.5050130 0.5475435 0.5737417 0.5542824 0.5542824 0.2123133 0.1994915 0.2121823 0.2251529 0.0000000 0.2787657 1.2276759 0.3206424 0.6105841 0.6774023 0.5822766 0.8343377 0.4608349 0.7154904 1.3274504 0.6062779 0.6849515 0.8141033 0.8465066 0.8280360 0.8280360 0.8350472 0.8291698 0.8291698 0.7422980 0.5842430 1.1866172 0.9407122 0.9880026 1.0969723 1.0067469 1.0067469 0.9483830 0.9924372 0.9924372 1.0126438 1.0375310 1.1736826 1.0750800 0.9574984 1.0053461 0.7524227 1.3088125 0.9460882 1.5136294 2.3813473 2.3813473 2.9517034 2.0565968 1.7683158 2.2761085 2.2761085 2.4174418 3.4858761 3.1256503 2.6962585 2.0813675 2.2545335 2.2841078 1.8077191 1.3362381 1.8242519 2.5239847 2.0083841 1.7730909 1.7730909 2.8311067 
Exapal_XM_021059169.1                                  1.6713560 1.4850727 1.8766127 1.9672667 1.3157389 1.5126364 1.1790398 1.8766921 1.2407800 1.2305391 0.6202522 0.5670855 0.6343042 0.6643723 0.6661025 0.7443432 0.6751355 0.6707387 0.2829453 0.2203829 0.2965591 0.3196262 0.2787657 0.0000000 0.6486544 0.3313574 0.4935803 0.7961300 0.5968330 1.0734336 0.6007105 0.7387766 1.0790904 0.6953419 0.7016868 0.8139742 0.7634413 0.7618514 0.7618514 0.7644483 0.7086676 0.7086676 0.8407351 0.7662043 0.9964042 1.0259408 0.9635775 1.2016409 0.9810423 0.9810423 0.9179856 0.9303221 0.9303221 0.9429530 0.9034964 0.9657141 1.0175968 0.8776140 0.9186577 0.8260088 1.2132512 1.2465438 1.3356681 2.2574188 2.1919884 2.5006757 2.0130668 1.9310835 2.0677984 2.0468905 2.2004043 2.8928437 2.6661639 2.2050964 1.8672457 2.1365601 2.1644963 1.7797176 1.5626035 1.9249626 2.4260585 2.1032092 2.4082332 2.3041149 2.7326121 
Amil_Amillepora24943-RA                                2.3539694 2.2900874 2.7665286 2.1846237 1.5107496 1.4329831 1.2058496 1.8301995 1.3727105 1.4382919 1.2198674 0.9912857 0.9200978 1.0420440 0.9561209 1.0557971 0.9091245 0.9143945 0.5008299 0.8862409 0.4806306 0.5528371 1.2276759 0.6486544 0.0000000 0.0000010 0.3250962 0.9973258 1.0615739 1.2706595 1.0598702 1.1947158 1.0427293 1.0139476 1.2317583 1.1994539 1.0475542 1.0241554 1.0241554 1.0208564 0.9293495 0.9293495 1.3288104 1.2602651 1.2622807 1.4380400 1.2939161 2.0238955 1.2887908 1.2887908 1.2320825 1.2080611 1.2080611 1.2145970 1.1637103 1.0545407 1.2934218 1.3278942 1.0353353 1.7690203 1.5005013 1.8257894 1.6177236 2.4531289 2.4117502 2.4285315 2.2314746 2.1897939 2.1060895 2.1083153 2.0707401 2.6531763 2.2169056 1.8671977 1.7927913 2.5413096 2.2628273 2.2116281 1.8058210 2.3762279 2.3118192 2.4018805 2.3744020 2.3191327 3.1317539 
Adig_XM_015913727.1                                    1.4354967 1.3682857 1.4862567 0.6007603 0.8899905 0.8332167 0.6538549 0.5347218 0.6603525 0.7624416 0.7275987 0.5709823 0.4956669 0.6053637 0.6007466 0.6212713 0.5545207 0.5592587 0.1466267 0.0338973 0.1455322 0.1986040 0.3206424 0.3313574 0.0000010 0.0000000 0.0995341 0.6149721 0.6255757 1.1273690 0.6738619 0.8038342 0.6174754 0.6240049 0.8063830 0.6533173 0.5834383 0.5598297 0.5598297 0.5484147 0.4836075 0.4836075 0.8070873 0.8141776 0.7528850 0.5559483 0.7105802 0.6482354 0.6974768 0.6974768 0.6826538 0.6385872 0.6385872 0.6349670 0.6213755 0.6213755 0.7018514 0.6060824 0.5773939 1.1996630 0.9635086 1.2874326 1.0288344 1.6442725 1.6299206 1.5901406 1.5503276 1.5503276 1.4555693 1.4530264 1.3273026 1.6267259 1.4555693 1.3089404 1.0924569 1.6289165 1.4819773 1.4764106 1.2429683 1.7084625 1.5911478 1.7288080 1.8822728 1.8311861 2.1966771 
Gfas_gfas1.m1.16010.m1                                 2.0993582 1.9480178 2.2650658 1.9991156 1.1404727 1.4106671 1.1756328 1.8032610 1.4111217 1.4384991 1.0428608 0.8100348 0.8621228 0.8881036 0.8972608 0.9724694 0.8348300 0.8386210 0.2819419 0.3740462 0.2878019 0.3178202 0.6105841 0.4935803 0.3250962 0.0995341 0.0000000 0.9306238 0.8303793 1.1455981 0.8390324 1.1121354 0.9796501 0.9197206 0.9411737 0.9897367 0.8827758 0.9042754 0.9042754 0.9450209 0.8549179 0.8549179 1.1627813 1.0164509 1.0374710 1.1865933 1.1529413 1.4432705 1.1304085 1.1304085 1.1033342 1.0787801 1.0787801 1.0341131 1.1038476 0.9706290 1.2459245 1.1100378 1.1330607 1.4125478 1.3091427 1.2665379 1.5786110 2.2197123 2.2576437 2.2705707 2.1300513 1.8265528 2.0645758 2.1002343 1.8733908 3.3563694 2.7613657 2.1745266 1.7753061 2.2357913 2.1188963 2.1719849 1.6775633 2.3559929 2.4834906 2.5278923 2.2401439 2.1736466 2.9619390 
Sanmal_Sma_018737-T1                                   1.9823409 2.0515650 2.2185764 1.7604428 1.2973886 1.8979580 1.2968795 1.7405291 1.5419707 1.5035649 1.0195274 0.8539070 0.9784713 0.9850008 0.9446301 1.1258347 1.0006152 1.0130221 0.7492491 0.6502136 0.6703013 0.6659511 0.6774023 0.7961300 0.9973258 0.6149721 0.9306238 0.0000000 0.5142122 0.6514891 0.3637464 0.7329486 1.2418344 0.9885484 1.1617592 1.0865146 1.0723126 1.0916606 1.0916606 1.0851682 1.0300366 1.0300366 0.9057898 1.1203620 1.5989600 1.1550166 1.3572731 1.3604365 1.3108502 1.3108502 1.3331347 1.3459381 1.3459381 1.2643501 1.3486210 1.2156723 1.4894732 1.3359314 1.2726096 1.3295815 1.5238891 1.0717241 1.6960233 2.6091696 2.4028892 3.0879135 2.1733956 2.2083442 2.4546562 2.4420154 2.4370543 3.7639921 3.1110321 2.5432720 2.2686214 2.1831218 2.0570214 2.0856622 1.9449427 2.4099402 2.6255541 2.7219341 2.5494710 2.5001360 3.1844321 
Rhoesc_Res_006871-T1                                   1.7493475 1.5387026 1.8238634 1.7301911 1.0909649 1.6713257 1.1329148 1.7363572 1.1729300 1.2810146 0.7798213 0.7625629 0.8178546 0.7294654 0.7631646 0.8454077 0.7914155 0.7795480 0.6207968 0.4739281 0.5974131 0.5822169 0.5822766 0.5968330 1.0615739 0.6255757 0.8303793 0.5142122 0.0000000 0.5039196 0.2679374 0.6978254 1.2265892 0.8307627 0.9705397 0.9966604 0.9057415 0.8941442 0.8941442 0.8737349 0.8648262 0.8648262 0.6635284 0.8680568 1.2417245 0.9803717 1.0101808 1.1015172 0.9487846 0.9487846 0.9790809 0.9834863 0.9834863 0.9299728 0.9964909 1.1150754 1.0057678 0.9348220 1.0606506 1.0529721 1.2866786 0.8813592 1.6460555 2.2949689 2.0570217 2.5951952 1.8627384 1.7969163 2.2575766 2.1321182 2.0039012 3.2088850 2.9127191 1.9689361 1.8055491 2.2217252 2.0818948 2.0738026 1.8032740 2.0993412 2.4080823 2.2872513 2.1400822 2.1183811 2.7535803 
Aaur_scaffold1122.g10.t1                               2.4786326 2.0769376 2.4302558 1.2414175 1.2938064 1.6034044 0.9517554 1.3307998 1.1784126 1.3252751 1.3866072 1.1790029 1.2362208 1.1241708 1.3687158 1.5232353 1.2106923 1.1635779 1.0436479 0.6178819 0.9270220 0.9533286 0.8343377 1.0734336 1.2706595 1.1273690 1.1455981 0.6514891 0.5039196 0.0000000 0.0883707 1.1072486 1.3834284 1.3834284 1.6819133 1.3674352 1.0516781 1.1856823 1.1856823 1.1267469 0.9083867 0.9083867 1.0843760 1.3064038 1.4088754 1.2902343 1.1818957 2.2316143 1.0545817 1.0545817 1.3941455 1.3560539 1.3560539 1.1313238 1.1325995 1.1325995 1.0817258 1.1671216 0.9788526 1.2252336 1.7917274 5.6704215 1.8772189 2.1287523 1.9342667 2.0168516 1.9342667 1.9342667 2.1700600 2.0092098 1.3143674 2.1424793 2.3031357 1.4202532 1.6452963 1.9646508 1.8336691 2.1637116 1.7003557 1.9189387 2.3178226 2.0762321 2.9589844 2.7847989 2.4051968 
Aaur_scaffold1122.g9.t1                                1.9630984 1.7695605 1.9647707 1.6975458 1.1795372 1.5920872 1.0912833 1.4991768 1.3277489 1.3509132 0.7032031 0.6979173 0.7279020 0.6909289 0.7719957 0.9164455 0.7957522 0.7836224 0.5812466 0.4948452 0.5551921 0.5747189 0.4608349 0.6007105 1.0598702 0.6738619 0.8390324 0.3637464 0.2679374 0.0883707 0.0000000 0.5978273 1.3208968 0.8218142 0.9809934 1.0596051 0.9283756 0.9912400 0.9912400 0.9770456 0.8656397 0.8656397 0.6227392 0.8563060 1.1543679 0.9647771 0.9940918 1.1593817 1.0251853 1.0251853 1.1080791 1.0898061 1.0898061 1.0011608 1.0317146 1.1411828 1.0434286 0.9273114 1.1006404 1.0145849 1.3517269 1.1155671 1.6649086 2.2382608 2.1433991 2.5187289 1.8540791 1.8504700 2.1918809 2.1269092 2.1131544 3.1743896 2.8851070 1.9590404 2.0798171 1.9200614 1.8511580 2.0501606 1.6637261 1.9793474 2.3416471 2.4026028 2.3123063 2.2565986 2.8555645 
Chem_TCONS_00016833                                    1.8706637 1.8039266 1.8776392 1.7383703 1.3253075 1.6269932 1.2222027 1.7661141 1.4235344 1.4871220 0.9485060 0.9237952 0.8793207 0.9419468 0.8863321 0.9279542 0.8887100 0.8933487 0.8063574 0.7015560 0.8293836 0.8514310 0.7154904 0.7387766 1.1947158 0.8038342 1.1121354 0.7329486 0.6978254 1.1072486 0.5978273 0.0000000 1.3612734 0.9727973 1.2642415 1.2911211 1.2543978 1.2760911 1.2760911 1.2738261 1.1724202 1.1724202 0.5753561 1.1954803 1.4396091 1.0571007 1.1124941 1.1168831 1.0598991 1.0598991 1.0854702 1.0565246 1.0565246 1.0239407 1.1269215 1.1644024 1.1588454 0.9220847 1.3532717 1.2918452 1.3666741 1.4720698 1.4664725 2.3655591 2.4008098 2.9466786 2.1103688 2.0853793 2.3037742 2.2473789 2.2667587 3.2921213 3.0444491 2.1958771 2.3338262 2.1856172 2.1032036 2.2148115 1.8254978 2.2676828 2.7818326 2.6190001 2.2995282 2.1722867 3.2807163 
Dgig_XM_028544610.1                                    2.1091043 2.1774076 2.5019750 2.1525427 1.2151283 1.8146971 1.3983230 2.1134516 1.3432027 1.3075103 1.2740388 1.2408837 1.2207716 1.2582273 1.2048695 1.3044598 1.2732957 1.2630785 0.9967525 1.1777154 1.0319204 0.9805991 1.3274504 1.0790904 1.0427293 0.6174754 0.9796501 1.2418344 1.2265892 1.3834284 1.3208968 1.3612734 0.0000000 0.2005725 0.7572749 1.3611723 1.2523968 1.2846465 1.2846465 1.2657824 1.2417967 1.2417967 1.2719531 1.3248346 1.4938889 1.3922270 1.4081549 1.7547453 1.2929019 1.2929019 1.2324003 1.3094370 1.3094370 1.2598146 1.4078962 1.2570173 1.3047056 1.4437621 1.4154204 2.3093741 1.6179601 1.7824838 1.8072284 2.8684302 2.7380013 2.8580090 2.3549530 2.2318953 2.6151730 2.5734541 2.1727361 4.2196564 3.2706481 2.2800365 2.2965236 2.6835239 2.7273642 2.4413146 1.9153567 2.7394038 2.5451910 2.7827375 2.5644790 2.5503459 2.9707317 
Dgig_XM_028545175.1                                    1.7674694 1.8437144 2.0857793 1.8858833 1.2151283 1.5978979 1.2454186 1.6914358 1.2499489 1.2527448 0.8461102 0.8105270 0.7939375 0.7469530 0.8229286 0.9251813 0.8281256 0.8202357 0.6058761 0.5516124 0.6459579 0.6099750 0.6062779 0.6953419 1.0139476 0.6240049 0.9197206 0.9885484 0.8307627 1.3834284 0.8218142 0.9727973 0.2005725 0.0000000 0.4300123 1.0411542 0.9862303 1.0218019 1.0218019 1.0126938 0.9984633 0.9984633 0.8962996 0.9709751 1.2500366 1.1610222 1.2155723 1.4334439 1.1686604 1.1686604 1.0563602 1.0890426 1.0890426 1.1161306 1.1162365 1.1830055 1.0760050 1.0813431 1.1459548 1.4650785 1.4382673 1.8263564 1.5505336 2.5541179 2.4502852 2.9883190 1.8810836 2.0852640 2.2153608 2.1815441 2.0191396 3.4219166 2.8404112 1.9417855 1.9337484 2.3002776 2.2706511 2.1866931 1.7254134 2.2537245 2.2160890 2.3651019 2.4507042 2.4366418 3.0813115 
Xesp_004789-T1                                         2.0109536 1.8590428 2.3708505 1.9136833 1.3202389 1.5820612 1.2934672 1.6208128 1.3425121 1.3510683 0.7831075 0.7416941 0.7713644 0.8524409 0.9393487 0.9155651 0.8013199 0.8002890 0.7428839 0.6372324 0.7267376 0.7499098 0.6849515 0.7016868 1.2317583 0.8063830 0.9411737 1.1617592 0.9705397 1.6819133 0.9809934 1.2642415 0.7572749 0.4300123 0.0000000 1.1024435 1.0100783 1.0225644 1.0225644 1.0409506 0.9805023 0.9805023 1.0152274 0.9234497 1.1952588 1.1970877 1.2667153 1.4148398 1.2291211 1.2291211 1.0946324 1.1135632 1.1135632 1.2142279 1.2047971 1.3259666 1.3042440 1.1840136 1.2117376 1.1341968 1.5212363 2.0112959 1.5643329 2.3176514 2.2912419 2.5172136 1.8764232 1.8147507 2.1872524 2.1374459 2.2089440 3.3882473 2.9384951 2.2547334 2.0195005 2.4031626 2.3352354 1.9426908 1.8087323 2.2697925 2.2481190 2.5248482 2.5056569 2.4929906 3.1055914 
HoiH23_PlH23_010378-RA                                 1.9230712 2.0581157 2.5125260 2.1674656 1.4524264 1.8325477 1.3499412 2.1854335 1.5540623 1.5365583 0.9759140 0.9166462 0.9490971 1.0253844 0.9933220 1.1944924 0.8633039 0.8495883 0.8744371 0.8362570 0.8683906 0.9444630 0.8141033 0.8139742 1.1994539 0.6533173 0.9897367 1.0865146 0.9966604 1.3674352 1.0596051 1.2911211 1.3611723 1.0411542 1.1024435 0.0000000 0.0626481 0.1016931 0.1016931 0.0790989 0.0957462 0.0957462 1.2273690 1.0473510 1.4066944 1.4925981 1.5988429 1.6680639 1.5181460 1.5181460 1.5189100 1.5500586 1.5500586 1.5695993 1.5247984 1.5106751 1.5534034 1.2627868 1.3080205 1.3372522 1.4746477 1.8273965 1.6418092 2.7057330 2.4862464 3.0693411 2.1132679 1.9046574 2.4770147 2.4335166 2.9274511 3.7656064 3.2268559 2.3192694 1.9911095 2.5765790 2.4998990 2.4007014 1.9102277 2.3841471 2.6659449 2.8161866 2.7722178 2.6059363 3.2073846 
HoiH06_mRNA6714                                        1.7889632 1.8919845 2.4576791 1.9628280 1.1927231 1.5370952 1.2588768 2.0422136 1.4178602 1.3897081 0.8832873 0.8161462 0.8912241 0.9156592 0.8839003 1.0772459 0.8025851 0.7903411 0.7713845 0.8063774 0.7961350 0.8476008 0.8465066 0.7634413 1.0475542 0.5834383 0.8827758 1.0723126 0.9057415 1.0516781 0.9283756 1.2543978 1.2523968 0.9862303 1.0100783 0.0626481 0.0000000 0.1116986 0.1116986 0.0902805 0.1014154 0.1014154 1.1361130 0.9746799 1.2541427 1.4322749 1.4186157 1.6422385 1.3554634 1.3554634 1.3310888 1.3666008 1.3666008 1.4392435 1.3913716 1.3614604 1.4204177 1.2052646 1.1798720 1.1949535 1.3405878 1.7945857 1.5683584 2.3927388 2.2128133 2.6656145 1.9509507 1.7439339 2.2500380 2.1800341 2.4608339 3.0648138 2.8297116 1.9643278 1.7415450 2.3064013 2.1921511 2.1966783 1.6733897 2.2448291 2.4270300 2.4532758 2.4935692 2.3758590 2.8996695 
Hhon_g00732.t1                                         1.8771027 1.8386061 2.4259104 2.1816872 1.2764327 1.6268682 1.2482515 2.1428195 1.4364323 1.4493752 0.8786581 0.8623861 0.9153090 0.9461924 0.9053913 1.0643374 0.8695548 0.8567714 0.8163664 0.8504327 0.8025471 0.8572572 0.8280360 0.7618514 1.0241554 0.5598297 0.9042754 1.0916606 0.8941442 1.1856823 0.9912400 1.2760911 1.2846465 1.0218019 1.0225644 0.1016931 0.1116986 0.0000000 0.0000010 0.0749216 0.1158929 0.1158929 1.1968890 0.9313619 1.3115300 1.4214448 1.4365163 1.6934598 1.3997625 1.3997625 1.3643508 1.3989238 1.3989238 1.3752532 1.4005670 1.3416811 1.4544048 1.1793228 1.1515145 1.2706263 1.3364109 1.7833909 1.5318628 2.5882817 2.4457004 2.8286277 2.1486294 1.8913825 2.4722577 2.3762359 2.4465413 3.4406298 3.0945205 1.9561683 1.8127917 2.3106536 2.2936883 2.2852964 1.7650383 2.2526555 2.5190489 2.5090560 2.5549267 2.4942645 2.9556474 
HoiH04_mRNA15145                                       1.8771027 1.8386061 2.4259104 2.1816872 1.2764327 1.6268682 1.2482515 2.1428195 1.4364323 1.4493752 0.8786581 0.8623861 0.9153090 0.9461924 0.9053913 1.0643374 0.8695548 0.8567714 0.8163664 0.8504327 0.8025471 0.8572572 0.8280360 0.7618514 1.0241554 0.5598297 0.9042754 1.0916606 0.8941442 1.1856823 0.9912400 1.2760911 1.2846465 1.0218019 1.0225644 0.1016931 0.1116986 0.0000010 0.0000000 0.0749216 0.1158929 0.1158929 1.1968890 0.9313619 1.3115300 1.4214448 1.4365163 1.6934598 1.3997625 1.3997625 1.3643508 1.3989238 1.3989238 1.3752532 1.4005670 1.3416811 1.4544048 1.1793228 1.1515145 1.2706263 1.3364109 1.7833909 1.5318628 2.5882817 2.4457004 2.8286277 2.1486294 1.8913825 2.4722577 2.3762359 2.4465413 3.4406298 3.0945205 1.9561683 1.8127917 2.3106536 2.2936883 2.2852964 1.7650383 2.2526555 2.5190489 2.5090560 2.5549267 2.4942645 2.9556474 
HoiH11_mRNA5010                                        1.8770154 1.8292455 2.3205692 2.1303133 1.2264455 1.5804233 1.2639782 2.0925450 1.4021945 1.4446921 0.8749217 0.8643981 0.8743700 0.9036473 0.9450879 1.0698081 0.8361882 0.8236553 0.8314496 0.8575664 0.8093407 0.8697015 0.8350472 0.7644483 1.0208564 0.5484147 0.9450209 1.0851682 0.8737349 1.1267469 0.9770456 1.2738261 1.2657824 1.0126938 1.0409506 0.0790989 0.0902805 0.0749216 0.0749216 0.0000000 0.0896127 0.0896127 1.1730771 0.9675123 1.3041962 1.3906368 1.4136547 1.6539165 1.3680337 1.3680337 1.3109162 1.3474555 1.3474555 1.3954173 1.3897363 1.3210475 1.3771873 1.1029695 1.1409831 1.1973494 1.2804667 1.8413626 1.5387520 2.5856148 2.3710104 2.8021338 2.0940708 1.8156386 2.4026666 2.3098744 2.4524155 3.2314986 2.9514279 1.9821815 1.8586360 2.3255310 2.3013932 2.3109786 1.7588162 2.2699413 2.4034717 2.5330810 2.5900281 2.4811603 2.8587923 
TrH2_TrispH2_002036-RA                                 1.6761541 1.7838531 2.3154967 2.1274321 1.2024394 1.5519690 1.1587418 2.1371103 1.3403765 1.3456352 0.8100832 0.7886521 0.8519422 0.8739745 0.8931778 1.0179423 0.7386927 0.7269918 0.7430409 0.8200254 0.7395158 0.8206187 0.8291698 0.7086676 0.9293495 0.4836075 0.8549179 1.0300366 0.8648262 0.9083867 0.8656397 1.1724202 1.2417967 0.9984633 0.9805023 0.0957462 0.1014154 0.1158929 0.1158929 0.0896127 0.0000000 0.0000010 1.1098476 0.9088470 1.2258321 1.3920480 1.3632792 1.5909195 1.3197776 1.3197776 1.2771657 1.3148108 1.3148108 1.3935209 1.3750093 1.3179976 1.4123758 1.1707644 1.0960639 1.1541148 1.2489352 1.8176777 1.5344058 2.2951703 2.1102780 2.5522385 1.8756632 1.6756314 2.1343163 2.0745911 2.4287282 2.9541412 2.7107864 1.8887695 1.7676859 2.2280069 2.1872736 2.0916603 1.7551232 2.1639629 2.3588437 2.3878190 2.3956138 2.2589467 2.8112042 
Tadh_TriadT50677                                       1.6761541 1.7838531 2.3154967 2.1274321 1.2024394 1.5519690 1.1587418 2.1371103 1.3403765 1.3456352 0.8100832 0.7886521 0.8519422 0.8739745 0.8931778 1.0179423 0.7386927 0.7269918 0.7430409 0.8200254 0.7395158 0.8206187 0.8291698 0.7086676 0.9293495 0.4836075 0.8549179 1.0300366 0.8648262 0.9083867 0.8656397 1.1724202 1.2417967 0.9984633 0.9805023 0.0957462 0.1014154 0.1158929 0.1158929 0.0896127 0.0000010 0.0000000 1.1098476 0.9088470 1.2258321 1.3920480 1.3632792 1.5909195 1.3197776 1.3197776 1.2771657 1.3148108 1.3148108 1.3935209 1.3750093 1.3179976 1.4123758 1.1707644 1.0960639 1.1541148 1.2489352 1.8176777 1.5344058 2.2951703 2.1102780 2.5522385 1.8756632 1.6756314 2.1343163 2.0745911 2.4287282 2.9541412 2.7107864 1.8887695 1.7676859 2.2280069 2.1872736 2.0916603 1.7551232 2.1639629 2.3588437 2.3878190 2.3956138 2.2589467 2.8112042 
Hvul_g14471_1                                          1.9339126 1.7078937 1.9595670 1.7230441 1.2734396 1.5548766 1.2246064 1.5742065 1.3893475 1.3875305 0.9859603 1.0278217 0.8415725 0.9114347 0.8837434 0.7786172 0.9536987 0.9400902 0.8869878 0.8110628 0.8636035 0.9046979 0.7422980 0.8407351 1.3288104 0.8070873 1.1627813 0.9057898 0.6635284 1.0843760 0.6227392 0.5753561 1.2719531 0.8962996 1.0152274 1.2273690 1.1361130 1.1968890 1.1968890 1.1730771 1.1098476 1.1098476 0.0000000 0.8813309 1.4572670 1.2425787 1.3616262 1.3982544 1.2546272 1.2546272 1.2799470 1.2761642 1.2761642 1.2434362 1.1956327 1.3845016 1.3103002 1.1355815 1.2555020 1.0643275 1.4187966 1.5454547 1.5663440 2.0569976 2.0349708 2.4010305 1.8929167 1.7664080 2.1061398 2.1396093 2.2725166 3.3071887 3.0033642 2.1996113 1.9159441 2.0137742 1.9407571 2.3084860 1.8696458 2.2783407 2.6323651 2.1917401 2.0974283 2.0627735 2.5212347 
Dpul_mRNA11977                                         1.9981573 1.9703066 2.1333253 1.8769029 1.0110808 1.5057173 1.1699159 1.7594900 1.3521816 1.3191274 0.7370492 0.7123175 0.6267538 0.6243859 0.8150671 0.7747772 0.7088826 0.6974220 0.7089239 0.5842673 0.7225235 0.7351631 0.5842430 0.7662043 1.2602651 0.8141776 1.0164509 1.1203620 0.8680568 1.3064038 0.8563060 1.1954803 1.3248346 0.9709751 0.9234497 1.0473510 0.9746799 0.9313619 0.9313619 0.9675123 0.9088470 0.9088470 0.8813309 0.0000000 0.9834733 0.9721659 1.0816651 1.1048011 0.9813337 0.9813337 1.0454036 1.0415125 1.0415125 1.0004603 1.0452198 1.1579255 1.0469619 1.0457973 1.1643044 1.0302659 1.2240387 1.8295670 1.7168893 2.1538482 2.0505807 2.2975253 2.0014688 1.6877670 2.1071111 2.0778325 1.9217137 3.0517492 2.6551482 1.9074353 1.8396389 2.3036565 2.2699474 1.7548070 1.7921691 2.1606089 2.3331418 2.3378930 2.4588372 2.3389153 2.8976589 
