128
Lcom_lcpid239929                                  0.0000000 0.0000010 0.4969208 0.4982736 0.7083559 0.7143400 0.3483600 0.7504785 0.7062107 0.0000010 1.1934937 1.2313611 0.0000010 1.3581822 1.3043125 1.3522642 0.0000010 1.1034860 1.1727617 1.1739973 1.2589968 1.2089149 1.2544386 1.2191974 1.3755563 1.3321614 0.0000010 1.1409517 1.6530729 1.3060727 1.1607155 0.0000010 1.1045781 1.0262745 1.2072690 1.2141483 1.2811671 1.3014744 9.0000000 1.4902871 0.0000010 1.1858916 1.2295434 0.8119924 1.4063034 1.7261036 0.0000010 1.2663848 1.2458767 1.3206921 1.2948973 1.2764348 1.2764348 0.8377481 0.8059772 1.0022255 0.0000010 0.0000010 1.8426446 1.8426446 0.0000010 3.0351575 2.0003937 2.0003937 0.0000010 2.0538538 2.0538538 0.0000010 2.1265206 0.0000010 2.5298439 2.5298439 2.5790113 0.0000010 0.0000010 2.5790113 0.0000010 2.5790113 0.0000010 0.0000010 0.9033637 0.9033637 2.0351194 2.0351194 1.2085850 1.0851639 0.9482138 1.4258819 1.0676084 0.9018341 0.0000010 1.8721707 3.4894520 1.7856630 0.0000010 0.0000010 1.0579451 0.0000010 0.0000010 0.0000010 0.0000010 0.0000010 0.0000010 1.8603555 0.0000010 2.1872500 1.8423904 1.6134086 1.6134086 1.6910774 1.7796422 1.4311524 1.8855075 0.0000010 2.0307789 0.0000010 2.7396339 1.8870061 0.0000010 0.0000010 0.0000010 1.2572461 0.7082099 1.0788113 1.0889049 0.0000010 0.0000010 0.0000010 
Lcom_lcpid220936                                  0.0000010 0.0000000 0.4290632 0.3755799 0.4353370 0.4396223 0.3037838 0.4264797 0.4478793 0.3819241 0.4343258 0.5302562 0.0000010 0.7485543 0.5263328 0.5195283 0.0000010 0.5212018 0.5015912 0.4763062 0.5015912 0.4733556 0.5329750 0.4529055 0.5068188 0.5212320 2.2342743 0.5058827 0.4025274 0.5385904 0.5094233 0.0000010 0.5584950 0.6339045 0.6060050 0.6815408 2.3168651 0.4604585 0.0000010 2.3168651 0.0000010 0.6754727 0.4869733 0.4748814 0.5550577 0.8292516 0.7185883 0.6913025 8.9999987 0.6791940 0.6647562 0.6856647 0.6856647 0.4978977 0.5395174 0.6256495 3.7909954 3.7909954 3.7909954 3.7909954 0.0000010 3.7909954 0.7163589 0.7163589 0.0000010 0.7163334 0.0000010 0.0000010 3.7909954 3.7909954 0.6921404 0.6921404 3.7909954 0.0000010 3.7909954 3.7909954 3.7909954 0.0000010 0.0000010 2.3168651 2.3168651 2.3168651 0.9891212 0.9891212 0.9758846 1.0541070 0.7763634 0.0000010 0.5392315 0.8786383 4.4397315 0.6954100 0.0000010 0.5706382 2.3168651 2.8445936 0.9030960 0.0000010 0.5174570 0.8660055 0.3122916 0.6630663 0.6630663 1.0995142 3.8336994 1.2866891 0.8909424 1.0700665 1.0700665 0.9415122 4.7127046 0.0000010 1.0487574 0.0000010 0.7615403 0.0000010 0.0000010 0.7351072 3.7909954 3.7909954 2.3168651 0.0000010 0.0000010 0.0000010 0.0000010 2.3168651 2.2118934 3.9433626 
Salurc_EP00051_Salpingoeca_urceolata_P028079      0.4969208 0.4290632 0.0000000 0.5388768 0.5794445 0.5361967 0.5273114 0.7073196 0.7080954 0.4529289 0.8755751 0.7510662 0.5574432 0.9114442 0.8394503 0.8609056 0.9779688 0.8052297 0.8125040 0.7833842 0.7687113 0.7684996 0.8135080 0.9141668 0.8112785 0.8095675 0.9190367 0.8676121 0.9460311 0.8107291 0.8008746 0.8142035 0.8378948 0.8603568 0.8545802 0.9244086 1.0577324 0.9818511 1.3334599 0.9368705 0.8339402 0.9258012 0.7888011 0.6652957 0.9219730 1.1057162 0.9782694 0.9822029 1.0092002 0.9948688 0.9958303 0.9657083 1.0044149 0.7718612 0.7808521 0.8929149 1.0346437 1.0346437 1.0356670 1.0356670 1.1228810 1.0731625 1.0769888 1.0852211 0.9127585 1.0852301 1.2697657 1.2755164 1.0807767 0.8535857 1.1730569 1.1730569 1.2423443 1.2981337 1.1726199 1.2001789 0.9949817 1.2842750 1.0904848 1.0293857 0.8475595 1.0196489 1.1321783 1.1321783 0.9706532 0.9501051 0.9066660 1.2158558 0.8270585 0.8022540 0.7779546 1.1274999 1.1334538 0.9636850 0.9721084 0.6428541 0.8644881 0.6699482 1.0087842 1.5573564 0.3122916 0.9689474 0.9689474 1.5275654 1.8853847 1.6016144 1.3763521 1.3167200 1.3167200 1.4180820 1.6220887 1.2008704 1.5584895 1.1700148 1.3883448 1.6017968 1.5407098 1.5072459 1.3987391 1.1468592 1.3304557 1.3568714 0.6336010 2.0794840 1.5445889 1.4237693 2.2664156 3.5812823 
Salmac_EP00052_Salpingoeca_macrocollata_P030970   0.4982736 0.3755799 0.5388768 0.0000000 0.5407740 0.4016685 0.5227685 0.6073091 0.5994840 0.3060212 0.7474779 0.6252700 0.5585325 0.7605202 0.7267393 0.7396475 1.0315291 0.6940454 0.6929923 0.6516067 0.6527963 0.6258317 0.6755484 0.7225605 0.6708616 0.6704365 0.8114477 0.7328146 0.7223236 0.6684761 0.6817401 1.1621719 0.7290519 0.7166372 0.7474216 0.8205313 0.9901850 0.7985074 0.9951983 0.8200770 0.8373483 0.7979002 0.6799802 0.4595822 0.8024202 0.9604716 0.8518808 0.8747462 0.9535248 0.8832553 0.8791534 0.8644100 0.9007584 0.6895142 0.6793402 0.8011873 1.0169410 1.0169410 0.9998253 0.9998253 1.1993144 1.0154389 0.9333398 0.9759022 0.7625333 0.9793504 1.1082898 1.0577869 1.0147621 0.7716969 1.0786169 1.0786169 1.2156907 1.3783903 1.1704577 1.1207754 0.8918758 1.2317449 1.1399755 0.9606281 0.7861745 0.9281838 0.9876738 0.9876738 0.8965871 0.9034809 0.7577026 1.0872517 0.7711230 0.7160096 0.8431530 1.0142201 1.0368204 0.8350796 0.9075314 0.5924612 0.7935162 0.7066792 0.6448329 1.4004849 0.3122916 0.7465557 0.7465557 1.4541857 1.7014835 1.4921263 1.2518809 1.1858756 1.1858756 1.3018228 1.4264070 0.9903245 1.3890949 1.0066595 1.2508205 1.4627592 1.3412175 1.3993921 1.4290601 0.9766858 1.3012813 1.1731162 0.6957518 1.9640176 1.2800965 1.4877732 2.0481919 3.1045795 
Saldol_EP00054_Salpingoeca_dolichothecata_P008215 0.7083559 0.4353370 0.5794445 0.5407740 0.0000000 0.5795516 0.5527309 0.7247695 0.7046502 0.3296352 0.8113727 0.6806914 0.7096487 0.8180600 0.7655859 0.7650881 0.9642629 0.7340266 0.6980965 0.7107016 0.6915940 0.6996954 0.7243176 0.7854613 0.7305347 0.7242683 0.8045390 0.7955235 0.8438981 0.7254967 0.7082172 0.7855335 0.7631611 0.7699981 0.8096176 0.8862746 0.9609000 0.8435620 1.1252015 0.8379377 0.7357941 0.8941798 0.7969256 0.6458773 0.8645326 1.0142700 0.8626222 0.9135789 0.9704830 0.9129067 0.9150929 0.9140752 0.9703713 0.8022078 0.7848182 0.9467394 1.0343558 1.0343558 1.0255238 1.0255238 1.0707664 1.0773307 1.0061223 1.0254988 0.6747650 1.0521769 1.2686035 1.1610926 1.0584196 0.8695493 1.1505345 1.1505345 1.2632019 1.2803174 1.1747157 1.2386441 1.0220169 1.3334127 1.2378774 0.9028279 0.8089564 0.9537378 1.0532701 1.0532701 0.9530016 0.9120308 0.7247363 0.9422854 0.7812765 0.7374216 0.8058229 1.0174490 0.9843894 0.8568901 0.8109213 0.7599392 0.8136960 0.7176150 0.8707144 1.3766701 0.3122916 0.8767691 0.8767691 1.4457924 1.6943132 1.5400977 1.2842997 1.2572181 1.2572181 1.3231900 1.5001213 1.0904483 1.4221713 0.9692992 1.2475534 1.4362264 1.4786777 1.4283430 1.7229286 1.1026885 1.3295120 1.5289293 0.7056680 2.2373660 1.3298755 1.3469805 1.9188599 3.2007336 
Mylflu_EP00047_Mylnosiga_fluctuans_P003813        0.7143400 0.4396223 0.5361967 0.4016685 0.5795516 0.0000000 0.5565586 0.6198589 0.6292274 0.4012488 0.7904319 0.6376056 0.5828874 0.8120848 0.7671629 0.7612823 1.0463273 0.7224605 0.7373870 0.6963785 0.6913455 0.6977299 0.7172804 0.7929089 0.7040459 0.7009386 0.7811649 0.7682276 0.7920566 0.7149609 0.7310866 0.8044143 0.7417670 0.7564460 0.7954251 0.8624158 1.0167987 0.8694355 1.1455600 0.8713022 0.8321372 0.8651320 0.6649846 0.5589310 0.8344040 0.9947048 0.8186010 0.8962729 0.9694874 0.9013055 0.9036028 0.8947109 0.9404573 0.7356092 0.7359907 0.8632168 0.9759186 0.9759186 0.9654730 0.9654730 1.1699607 0.9765722 0.9332232 0.9698411 0.7480043 0.9735004 1.1635772 0.9260498 0.9761177 0.7727682 1.0491788 1.0491788 1.1736389 1.2253443 1.1459606 1.1192440 0.9813759 1.2058872 1.0819328 0.8825351 0.7707150 0.9130578 1.0169118 1.0169118 0.9486384 0.9424471 0.7966317 1.1101382 0.8050724 0.8188224 0.8461365 1.0104063 1.1272674 0.8538247 0.8103685 0.5822293 0.8015287 0.9101037 0.8234209 1.4154200 0.3122916 0.9129109 0.9129109 1.4148311 1.6168840 1.4486657 1.2663091 1.2354823 1.2354823 1.3135450 1.4722224 1.0124403 1.3175085 0.9013815 1.2475947 1.6244439 1.3282466 1.4598326 1.4483801 0.9342242 1.3878808 1.3513143 0.7319964 2.2164237 1.3556611 1.3211918 2.1681067 3.1189167 
Salkve_EP00050_Salpingoeca_kvevrii_P018636        0.3483600 0.3037838 0.5273114 0.5227685 0.5527309 0.5565586 0.0000000 0.6860186 0.7077846 0.4349199 0.7955480 0.6599225 0.6288248 0.8577885 0.7686200 0.7782878 1.1708929 0.7549146 0.7318572 0.6957327 0.6820463 0.6733678 0.7356638 0.7317989 0.7670997 0.7543677 0.9129842 0.8072328 0.7490552 0.7641961 0.7390353 1.2893077 0.8023731 0.7606682 0.7790062 0.8632586 1.1009463 0.8026907 0.8194151 0.7956721 0.6915417 0.8424354 0.7409132 0.6116553 0.8439236 1.0754820 0.8215837 0.9175577 0.9707921 0.9284819 0.9265156 0.9207401 0.9764260 0.7889906 0.7999568 0.9047055 1.0605235 1.0605235 1.0476204 1.0476204 1.4807089 1.1090096 0.9264372 1.0208727 0.7078463 1.0335971 1.2369397 0.9044344 1.0276793 0.7842780 1.1191811 1.1191811 1.2515913 1.4482485 1.2211143 1.1432021 0.9328094 1.2604204 1.1897163 0.9874831 0.8598372 1.0744005 1.0565531 1.0565531 0.9610641 0.9421907 0.7328729 1.0267305 0.7969963 0.7461892 0.8891026 1.0924451 1.3016285 0.8698703 1.0438271 0.6371392 0.8351428 1.1682675 0.8186498 1.3840753 0.3122916 0.8790178 0.8790178 1.4240500 1.9667170 1.5249034 1.3309608 1.1961381 1.1961381 1.3282585 1.4295831 1.0178555 1.3161204 0.8960617 1.3454737 1.7345206 1.1350593 1.4550958 1.6895685 1.1211659 1.4574574 1.2280674 0.7208411 2.3489339 1.2165481 1.6197171 1.9074135 4.3537799 
Microa_EP00043_Microstomoeca_roanoka_P028720      0.7504785 0.4264797 0.7073196 0.6073091 0.7247695 0.6198589 0.6860186 0.0000000 0.1513879 0.2919634 0.9785862 0.8100380 0.7629434 0.9713871 0.9098759 0.9506618 1.4509923 0.8994507 0.9137943 0.8801317 0.8483802 0.8129651 0.9103349 0.8903437 0.8931970 0.8857045 1.1290061 0.9593559 0.9649816 0.9160048 0.9204773 1.2546216 0.9080648 0.9386977 0.9639492 1.0046748 1.2656062 1.1007731 1.2816846 1.0783248 1.0642879 1.0037149 0.4973047 0.7704347 0.9948696 1.1495344 0.9132098 1.0430735 1.1577090 1.0381354 1.0382201 1.0475260 1.0939245 0.5726785 0.5497873 0.6722186 1.3184407 1.3184407 1.2289385 1.2289385 1.5550831 1.3003056 1.0709405 1.1531196 1.2504797 1.1700764 1.3420761 1.1768137 1.2314800 0.9906600 1.2499464 1.2499464 1.4095074 1.5807644 1.4536814 1.2945344 1.2056532 1.3551761 1.3780028 1.2722629 1.0000142 1.1638109 1.1756024 1.1756024 1.0600612 1.0633104 0.7757150 1.0704630 0.9395104 0.8892696 1.0483586 1.1987060 1.4686728 1.0436925 1.2921783 0.8340024 0.9201901 1.0308242 0.6436822 1.3851335 0.3122916 0.8891140 0.8891140 1.5847295 2.5631129 1.6659315 1.3411911 1.3430456 1.3430456 1.4592243 1.5459094 1.1344997 1.3715311 1.0013820 1.4235197 1.9428736 1.6518651 1.4347807 1.7764337 1.4204584 1.8291577 1.3167566 0.8014090 2.5116283 1.6218887 2.0689303 2.5422961 3.7634327 
Sros_EGD73851                                     0.7062107 0.4478793 0.7080954 0.5994840 0.7046502 0.6292274 0.7077846 0.1513879 0.0000000 0.3276454 0.9603612 0.7765117 0.7330202 0.9261927 0.8958668 0.9375382 1.5432669 0.8862399 0.8881360 0.8704090 0.8137574 0.8044304 0.8935989 0.8451425 0.8707385 0.8677681 1.0723318 0.9305065 0.9727978 0.8964275 0.8869628 1.3029856 0.9102282 0.9271457 0.9503735 0.9987103 1.2390965 1.0577458 1.3464816 1.0549083 1.0357975 0.9979817 0.4656919 0.7578508 0.9892026 1.1289622 0.9063948 1.0144790 1.1269401 1.0174812 1.0175713 1.0269071 1.0750775 0.5699217 0.5497993 0.6382093 1.3499703 1.3499703 1.2403587 1.2403587 1.5018704 1.2694650 1.0741605 1.1621636 1.2039339 1.1585481 1.2937989 1.2245205 1.2577935 1.0026816 1.2345447 1.2345447 1.4091886 1.6215629 1.5002496 1.2793859 1.2549182 1.3108294 1.4226942 1.2422995 0.9853705 1.1433205 1.1733503 1.1733503 1.0531286 1.0255524 0.7482161 0.9975793 0.9135464 0.8650412 1.0434461 1.1743630 1.4082318 1.0413898 1.2224606 0.8335074 0.9325349 1.0177414 0.6917176 1.3913674 0.3122916 0.8700201 0.8700201 1.5814702 2.3169878 1.6823481 1.3276050 1.3169271 1.3169271 1.4318885 1.5152599 1.0363946 1.3673945 0.8958855 1.3702285 1.9503730 1.5872162 1.4406472 1.6294197 1.3178067 1.7074535 1.2646771 0.7572994 2.4840135 1.6080420 2.0884779 2.7018552 3.3304366 
Opea_EP00118_Oscarella_pearsei_P021496            0.0000010 0.3819241 0.4529289 0.3060212 0.3296352 0.4012488 0.4349199 0.2919634 0.3276454 0.0000000 0.2376341 0.2427564 0.0000010 0.3325913 0.3581240 0.4286184 0.0000010 0.2633727 0.3032407 0.2864269 0.2834181 0.2822559 0.2822559 0.3307232 0.3218997 0.3209080 0.3343009 0.3241899 0.3223310 0.2879045 0.3175239 0.0000010 0.2462578 0.4458949 0.2874670 0.3323446 0.3318899 0.3307232 0.0000010 0.0937667 0.0000010 0.3283781 0.3971630 0.3348592 0.3835902 0.4417115 0.4340404 0.3830447 1.0239288 0.3375610 0.3613337 0.3575239 0.3575239 0.6094078 0.5852946 0.7677550 0.0000010 0.0000010 0.0000010 0.0000010 0.0000010 0.0000010 0.4558099 0.4217114 0.0000010 0.4483838 0.0000010 0.0000010 0.0000010 0.0000010 0.4353707 0.4353707 0.3876156 0.3876156 0.3876156 0.0000010 0.0000010 0.0000010 0.0000010 0.0000010 0.0000010 0.0000010 0.5267641 0.5267641 0.8764337 0.9338921 0.9160076 0.0000010 0.4109280 0.6181955 0.9643641 0.4285022 0.0000010 0.3849553 0.0000010 0.3152572 0.7371925 0.0000010 0.6040714 0.0000010 0.3122916 0.4849968 0.4849968 0.7971721 3.9905711 0.8206113 0.5640102 0.8028861 0.8028861 0.7053652 2.2367105 0.0000010 0.7772959 0.0000010 0.4906740 0.5121921 0.0000010 0.6246076 0.0000010 0.3876156 0.0000010 0.0000010 0.0000010 0.0000010 0.0000010 0.0000010 0.0000010 2.3562397 
Nvec_v1g200609                                    1.1934937 0.4343258 0.8755751 0.7474779 0.8113727 0.7904319 0.7955480 0.9785862 0.9603612 0.2376341 0.0000000 0.3567283 0.4511016 0.6986962 0.5353323 0.5029260 0.3994168 0.2296114 0.2802114 0.2801523 0.2617385 0.2261479 0.3040387 0.2285942 0.4816850 0.4800540 0.7356101 0.4995266 0.4404236 0.4396852 0.4622227 2.0705684 0.5363578 0.5628322 0.4714072 0.5733198 0.5868045 0.3400071 0.8358289 0.6685140 0.6278360 0.6276790 0.9759652 0.8684410 0.5471734 0.8506339 0.5582033 0.7112607 0.8064881 0.7151798 0.7184102 0.7032012 0.7321036 1.1040706 1.0532811 1.1811000 1.1414710 1.1414710 1.0421813 1.0421813 1.7538697 1.1116120 0.7392992 0.8699878 0.6186619 0.8919529 0.9059536 0.7654687 0.9511860 0.6815295 1.0369324 1.0369324 1.2586126 1.8321215 1.3869020 1.0123776 0.9095314 1.0564250 1.1823835 0.9650493 0.5041900 0.8719189 0.7420551 0.7420551 1.1867587 1.2034829 0.8836438 1.0809077 1.0417888 0.9913833 1.2662621 0.8105744 1.5443198 0.7533509 0.7271672 0.7778221 1.0410668 3.1050290 0.7858270 0.9004455 0.3122916 0.5400635 0.5400635 1.2822948 1.3336007 1.2996336 1.2324685 1.1257006 1.1257006 1.1908146 1.4264800 0.7187951 1.1560799 1.2816989 1.2823332 2.0985640 0.7513985 1.3640347 1.2886654 1.1433911 1.5895886 1.0958652 0.9533346 1.7242331 1.0998459 0.9365572 2.2090903 4.0037081 
Morvir_scaffold93.g51.t2                          1.2313611 0.5302562 0.7510662 0.6252700 0.6806914 0.6376056 0.6599225 0.8100380 0.7765117 0.2427564 0.3567283 0.0000000 0.2179512 0.4885364 0.4387003 0.4323294 0.7742498 0.3790928 0.3602611 0.3684941 0.3616441 0.3657266 0.3988181 0.4640326 0.2908201 0.2906258 0.2600054 0.2769223 0.3681381 0.4274853 0.4223945 0.7742498 0.5059459 0.4784065 0.4702524 0.5156347 0.5443244 0.4711152 0.7447086 0.5862623 0.5172201 0.5743157 0.8346222 0.7454596 0.4986764 0.7445433 0.4861343 0.5996130 0.6914343 0.5911532 0.5950986 0.6090361 0.6058911 0.8577954 0.8534876 0.9712741 0.8083294 0.8083294 0.7551451 0.7551451 2.2588182 0.7852889 0.7154032 0.7122077 0.6879201 0.7360113 0.9064170 0.7545700 0.7325019 0.5897218 0.7679477 0.7679477 0.8803969 0.4058506 0.8674514 0.9071604 0.9354561 0.8863963 0.4712737 0.4850960 0.5538961 0.5550113 0.8027435 0.8027435 1.0068431 1.0486743 0.9360990 1.2671664 0.8665318 0.8671271 0.9054371 0.7219615 1.3476597 0.5129597 0.5078714 0.7199121 0.9689941 0.0000010 0.7073354 0.9522820 0.3122916 0.5521626 0.5521626 1.1367307 1.3786743 1.1784188 1.0961563 0.9089128 0.9089128 0.9792284 1.1880951 0.8293046 1.2416997 1.1664324 1.1089812 1.3771653 1.0429334 1.3343242 0.9337299 0.9093237 1.0140995 1.1610441 1.0557416 1.8920573 1.1455378 0.4754001 0.3339435 1.7076345 
Chem_TCONS_00044748                               0.0000010 0.0000010 0.5574432 0.5585325 0.7096487 0.5828874 0.6288248 0.7629434 0.7330202 0.0000010 0.4511016 0.2179512 0.0000000 0.0108724 0.3140198 0.2923849 0.0000010 0.3703808 0.3659108 0.3984650 0.3502014 0.3777869 0.4703084 0.4162820 0.3663451 0.3663451 0.4019817 0.3233866 2.6240794 0.3792627 0.3823907 0.0000010 0.5837179 0.4861899 0.3898184 0.4256422 0.3811580 0.3811580 0.0000010 0.4934661 0.5279706 0.4539104 0.7419743 0.6741986 0.4907256 0.5337228 0.0000010 0.4602736 0.4602736 0.4808490 0.4808490 0.4513939 0.4513939 0.8815036 0.7974827 0.8540957 0.0000010 0.0000010 0.4639807 0.4639807 0.0000010 0.5059477 0.4499301 0.4499301 0.0000010 0.5205646 0.5257412 0.0000010 0.5233029 0.4683582 0.5470926 0.5470926 0.5421494 0.0000010 0.0000010 0.5421494 0.0000010 0.5421494 1.8693456 0.0000010 0.5091660 0.5091660 0.4088342 0.4088342 0.6148074 0.6299434 0.8727852 0.8727852 0.6084972 0.7382877 0.7698245 0.6589357 0.0000010 0.3648221 0.6679609 0.0000010 0.7627318 0.0000010 0.0000010 0.0000010 0.0000010 0.0000010 0.0000010 0.6676875 1.7945941 0.7804349 0.7298683 0.6881770 0.6881770 0.6011911 0.8272459 0.0000010 9.0000000 0.0000010 0.5714949 0.6848802 2.0232014 1.1052017 0.0000010 0.0000010 0.0000010 0.0000010 1.0016299 0.0000010 0.0000010 0.0000010 0.0000010 0.0000010 
Chem_TCONS_00013225                               1.3581822 0.7485543 0.9114442 0.7605202 0.8180600 0.8120848 0.8577885 0.9713871 0.9261927 0.3325913 0.6986962 0.4885364 0.0108724 0.0000000 0.6356243 0.6313451 0.9480053 0.6206356 0.5762721 0.5757264 0.5591343 0.5600039 0.5949353 0.5480034 0.5187400 0.5159750 0.4983389 0.5718055 0.6865389 0.6276701 0.6266979 0.6722336 0.6853206 0.6797626 0.6263203 0.7110071 0.7896137 0.7177778 1.0182621 0.7702402 0.7282791 0.7261799 0.9753767 0.9062892 0.6936030 0.9312802 0.7005532 0.8364942 0.8875032 0.8375060 0.8418141 0.8542629 0.8895963 1.0590442 1.0431856 1.1792442 0.9663910 0.9663910 0.9175556 0.9175556 0.9483245 0.9642837 0.8073257 0.8492507 0.9095279 0.9104146 1.0727722 0.8500931 0.9295254 0.7457901 1.0014488 1.0014488 1.1181572 1.1412557 1.1346660 1.0792834 1.0512258 1.0756380 1.1284201 0.9782857 0.7265063 0.9037209 0.9194456 0.9194456 1.1709937 1.1524943 1.0314288 1.3877550 1.0575828 0.9974708 1.0986921 0.9623078 0.5386340 0.4723705 0.8517296 0.9091199 1.0818610 1.3041270 0.8494865 1.2412704 0.7820596 0.6732559 0.6732559 1.3371127 1.8271887 1.3997707 1.2519401 1.2272131 1.2272131 1.3006046 1.4530210 0.9515363 1.3922124 1.4004827 1.2888511 1.4658431 1.2515533 1.5131063 1.5464286 1.2601567 1.2598815 1.2835668 1.1955345 2.0698264 1.3308666 1.2231579 2.2837427 2.8958009 
Acagra_model.g18997.t1                            1.3043125 0.5263328 0.8394503 0.7267393 0.7655859 0.7671629 0.7686200 0.9098759 0.8958668 0.3581240 0.5353323 0.4387003 0.3140198 0.6356243 0.0000000 0.2634865 0.7687948 0.4452404 0.4046708 0.4053006 0.4029749 0.4063663 0.4345879 0.4931793 0.4598967 0.4526515 0.5310729 0.5247763 0.4890298 0.3490539 0.3502760 0.4073140 0.3237385 0.4556809 0.5161490 0.6026944 0.6502019 0.5151598 0.8403914 0.6218357 0.6243079 0.6440305 0.8965102 0.8766722 0.4831932 0.7952801 0.5016008 0.7107695 0.8075104 0.7072502 0.7102945 0.7036769 0.7249097 0.9928657 0.9683101 1.0601332 0.9006376 0.9006376 0.8432293 0.8432293 0.9497559 0.8940075 0.7553069 0.8015403 0.7056428 0.8102997 0.9871495 0.8088150 0.8558921 0.6687981 0.9198278 0.9198278 1.0584771 1.2138463 1.0813910 0.9826556 0.9110096 1.0393017 1.1679639 0.8622436 0.6328704 0.8100877 0.7417712 0.7417712 1.1086017 1.0967736 0.9162380 1.4022815 0.9901668 0.9538227 1.0680990 0.6991095 0.6511353 0.6597237 0.6984370 0.8165353 1.0386893 1.2425529 0.8240194 0.9281158 0.3122916 0.5899524 0.5899524 1.2024940 1.4240066 1.2336004 1.0797536 1.0938990 1.0938990 1.1536123 1.3656600 0.7759249 1.2543827 1.0831362 1.1446071 1.5041846 1.0516718 1.4500144 1.4374313 0.9620604 1.2097471 1.2748402 1.0317625 1.8088246 1.0680375 1.0074430 2.0441660 3.3590316 
Cgig_XM_011431405.3                               1.3522642 0.5195283 0.8609056 0.7396475 0.7650881 0.7612823 0.7782878 0.9506618 0.9375382 0.4286184 0.5029260 0.4323294 0.2923849 0.6313451 0.2634865 0.0000000 0.5814891 0.4257811 0.4254070 0.4186004 0.4354738 0.4095767 0.4694800 0.5100077 0.4629748 0.4573943 0.5491581 0.5428380 0.5265359 0.3910988 0.3632246 0.3756898 0.3333918 0.4520835 0.5218279 0.6044315 0.6666743 0.5599958 0.8618962 0.6777375 0.6929972 0.6751100 0.9126551 0.8719443 0.4795255 0.8161571 0.5635318 0.6782118 0.7422508 0.6884059 0.6880493 0.6893808 0.7051273 1.0099017 0.9846281 1.1001292 0.8995993 0.8995993 0.8401039 0.8401039 0.8650513 0.8726199 0.7745010 0.8042068 0.6962485 0.8363854 1.1228721 0.8108564 0.8583410 0.6541661 0.9242814 0.9242814 1.0593292 1.1650035 1.0773571 0.9849870 0.9056201 1.0665760 1.0583704 0.8405437 0.6424711 0.8158547 0.7781558 0.7781558 1.1260431 1.1152661 0.9175725 1.4202056 0.9666008 0.9694674 1.0714244 0.7176015 0.7051348 0.6375067 0.6888246 0.8368947 1.0275406 1.2549195 0.8014541 0.8685080 0.3122916 0.6043913 0.6043913 1.2394503 1.3990089 1.2453384 1.0801026 1.0975898 1.0975898 1.1590058 1.3550668 0.7589199 1.2195350 1.0714919 1.1437618 1.3648408 0.9895759 1.4110067 1.7293263 1.0757096 1.2458009 1.3976154 1.0683990 1.8323285 1.0638332 1.0079189 2.0549378 2.7780282 
Nvec_v1g224647                                    0.0000010 0.0000010 0.9779688 1.0315291 0.9642629 1.0463273 1.1708929 1.4509923 1.5432669 0.0000010 0.3994168 0.7742498 0.0000010 0.9480053 0.7687948 0.5814891 0.0000000 0.1865001 0.3555297 0.3502360 0.4140413 0.3394643 0.3612088 0.0000010 0.6399234 0.6176021 0.7212521 0.8072294 4.8820986 0.4498566 0.5204083 0.5005262 0.5543346 0.6170452 0.5698501 0.6874672 0.3496179 0.7283839 2.0621832 0.7776038 1.0404203 0.9589524 1.5226995 1.1728502 0.7590563 1.0281202 0.0000010 0.8009391 0.7693363 0.8422088 0.8422088 0.7505533 0.7505533 1.4675137 1.4441697 1.4627284 0.9702176 0.9702176 0.9702176 0.9702176 0.8199986 1.0255401 0.0000010 0.9745196 0.0000010 1.0863785 2.8185748 0.0000010 1.0368628 1.5216626 1.2368858 1.2368858 1.2340391 1.2340391 1.2340391 0.0000010 0.0000010 0.0000010 1.6396472 1.3512795 5.7266082 1.2507160 0.0000010 0.0000010 1.7236283 1.5560900 0.0000010 0.0000010 1.2036001 1.2687307 1.2179243 0.5694314 0.7022690 0.6362075 0.9122428 0.8983188 0.9085077 1.4826131 0.0000010 0.0000010 0.0000010 0.0000010 0.0000010 1.7546555 9.0000000 1.7634470 1.4048595 2.4933038 2.4933038 2.0565064 2.4114126 0.0000010 0.0000010 0.0000010 1.3137847 1.3137847 0.0000010 2.0706836 0.0000010 1.0736573 1.5638937 0.0000010 0.0000010 0.0000010 0.4671625 1.4575347 5.2636021 5.0673307 
Exapal_XM_028657655.1                             1.1034860 0.5212018 0.8052297 0.6940454 0.7340266 0.7224605 0.7549146 0.8994507 0.8862399 0.2633727 0.2296114 0.3790928 0.3703808 0.6206356 0.4452404 0.4257811 0.1865001 0.0000000 0.2027915 0.2027193 0.2137708 0.1974167 0.2229708 0.2627709 0.4166434 0.4154721 0.4801648 0.4794890 0.4792796 0.3719355 0.3783604 0.4572128 0.4740206 0.4738781 0.4027521 0.4800147 0.3788057 0.3292527 0.8598753 0.6120054 0.5207443 0.5804211 0.9037945 0.8329827 0.4822509 0.7802612 0.5477102 0.6412212 0.7206604 0.6448400 0.6481980 0.6355382 0.6552794 0.9862782 0.9454101 1.0587443 0.7935843 0.7935843 0.7920443 0.7920443 0.8302865 0.8165265 0.7150572 0.7453599 0.6726239 0.7655122 0.9662199 0.8018364 0.7777716 0.5807467 0.8850004 0.8850004 0.9573164 1.0226901 0.9556699 0.9055485 0.8219531 0.9605382 0.9403783 0.7188272 0.5464817 0.7181147 0.7546248 0.7546248 1.0783410 1.1129519 0.9289505 1.2809773 0.9865733 0.9162044 0.9756434 0.7022977 0.6521417 0.6237133 0.5941013 0.6965013 0.9452705 1.4017066 0.8003829 0.8737871 0.3122916 0.5735840 0.5735840 1.1556145 1.3015731 1.1948683 1.1180828 1.0651626 1.0651626 1.1412926 1.3525619 0.7881392 1.2526581 1.3960788 1.1375820 1.3500289 0.8085858 1.4264115 1.3454651 1.0175860 1.1655521 1.1835705 1.0273899 1.7278548 1.1073025 0.5320800 1.8114859 3.3765466 
Spis_XP_022800796_1                               1.1727617 0.5015912 0.8125040 0.6929923 0.6980965 0.7373870 0.7318572 0.9137943 0.8881360 0.3032407 0.2802114 0.3602611 0.3659108 0.5762721 0.4046708 0.4254070 0.3555297 0.2027915 0.0000000 0.0584179 0.0404893 0.0504765 0.0767089 0.1281221 0.3794721 0.3807379 0.5031000 0.4264385 0.4369327 0.3568899 0.3373278 0.3004191 0.4384624 0.4678191 0.3905909 0.4665583 0.1606551 0.1887383 0.7463127 0.5851892 0.4764238 0.5683865 0.9465507 0.8216812 0.4683886 0.7557108 0.5119230 0.6166499 0.6858736 0.6087389 0.6117510 0.6114175 0.6358671 1.0187484 0.9766400 1.0729550 0.8569821 0.8569821 0.8210606 0.8210606 0.8015550 0.8365243 0.7344307 0.7736348 0.6469903 0.7890048 0.9391950 0.8434485 0.8358046 0.5967311 0.9015997 0.9015997 0.9809824 1.1663401 0.9727563 0.9047974 0.7401694 0.9588587 1.5099463 0.7810618 0.5932181 0.7770433 0.7724955 0.7724955 1.0785054 1.0867591 0.9481870 1.2549481 0.9171252 0.9180862 0.9553636 0.6871871 0.6374439 0.6191872 0.6187094 0.8616228 0.9670649 1.2652543 0.7859589 0.9022542 0.3122916 0.5953850 0.5953850 1.1879666 1.5400257 1.2064558 1.1044282 1.0584567 1.0584567 1.1303141 1.3373301 0.7720682 1.2206661 1.2151550 1.1356792 1.3866384 0.4900200 1.3499660 1.3558950 1.1226742 1.2870662 1.1660617 1.0346087 1.8313283 1.0553966 0.6351777 1.6857362 3.0674410 
Gasp_gasp1.m3.349.m1                              1.1739973 0.4763062 0.7833842 0.6516067 0.7107016 0.6963785 0.6957327 0.8801317 0.8704090 0.2864269 0.2801523 0.3684941 0.3984650 0.5757264 0.4053006 0.4186004 0.3502360 0.2027193 0.0584179 0.0000000 0.0791841 0.0346996 0.0680546 0.1315268 0.3772686 0.3763847 0.4602236 0.4256393 0.4220360 0.3551142 0.3470686 0.3807050 0.4412022 0.4552342 0.3920540 0.4609416 0.2398305 0.1843271 0.7835921 0.5805095 0.4845215 0.5389524 0.9096690 0.7936654 0.4636620 0.7593618 0.5176470 0.5918163 0.6546453 0.5930928 0.5958876 0.6009359 0.6230885 0.9762010 0.9207562 1.0435786 0.7815745 0.7815745 0.7776735 0.7776735 0.7967894 0.7980471 0.7362106 0.7643742 0.6296409 0.7726272 0.9583190 0.8385769 0.8007773 0.5667501 0.8998215 0.8998215 0.9545825 1.0252348 0.9183271 0.9084727 0.7656165 0.9845656 0.8705899 0.6841896 0.5525182 0.7228076 0.7725383 0.7725383 1.1050533 1.1005393 0.9519066 1.3023010 0.9598545 0.8759206 0.9573417 0.6953804 0.6631555 0.6133389 0.5958032 0.7106441 0.9108067 1.1914447 0.7986680 0.8572761 0.3122916 0.6448984 0.6448984 1.1936064 1.5111947 1.2325881 1.1274831 1.0480643 1.0480643 1.1045292 1.2874925 0.7482404 1.2537833 1.2563285 1.1374758 1.3643476 0.4763432 1.4148005 1.1834378 0.9415200 1.1353178 1.0682828 1.0862274 1.9220999 1.0776302 0.6338067 1.6913702 3.1410437 
Pocdam_XM_027186626.1                             1.2589968 0.5015912 0.7687113 0.6527963 0.6915940 0.6913455 0.6820463 0.8483802 0.8137574 0.2834181 0.2617385 0.3616441 0.3502014 0.5591343 0.4029749 0.4354738 0.4140413 0.2137708 0.0404893 0.0791841 0.0000000 0.0708345 0.0865569 0.1325931 0.3643356 0.3699781 0.4661517 0.4208865 0.4416467 0.3642048 0.3552440 0.3391235 0.4435473 0.4535951 0.4043331 0.4690588 0.2462235 0.1686050 0.8143549 0.5904494 0.4413644 0.5347090 0.9001257 0.7790789 0.4794398 0.7405985 0.4758279 0.6023331 0.6740521 0.5993834 0.6026112 0.5956591 0.6131543 0.9495144 0.9160934 1.0111782 0.7795182 0.7795182 0.7832425 0.7832425 0.7945319 0.8084590 0.7345164 0.7601176 0.6266616 0.7808408 1.0114785 1.0332521 0.8181409 0.5792375 0.8529569 0.8529569 0.9347471 0.9760334 0.9002154 0.9070680 0.8034849 0.9551822 0.6627805 0.6182623 0.5407221 0.6790305 0.7486805 0.7486805 1.0831751 1.1080162 0.9679646 1.1268581 0.9311706 0.8827707 0.9535212 0.7202688 0.7729719 0.6424680 0.6026144 0.7722707 0.9334288 1.1490770 0.7300595 0.7836341 0.3122916 0.5406115 0.5406115 1.1664076 1.4878355 1.2079656 1.1633876 1.0204217 1.0204217 1.0619044 1.2261921 0.7736443 1.2362230 1.2854242 1.1734040 1.5726797 0.4191217 1.3546433 1.2622406 1.0034026 1.0872110 1.1359581 1.0580699 1.7839850 1.2069612 0.5403453 1.0402423 2.1751143 
Fspp_ffun1.m4.8061.m1                             1.2089149 0.4733556 0.7684996 0.6258317 0.6996954 0.6977299 0.6733678 0.8129651 0.8044304 0.2822559 0.2261479 0.3657266 0.3777869 0.5600039 0.4063663 0.4095767 0.3394643 0.1974167 0.0504765 0.0346996 0.0708345 0.0000000 0.0721585 0.1358254 0.3691145 0.3754012 0.4507865 0.3690681 0.4247607 0.3567311 0.3352083 0.3049889 0.4441154 0.4487818 0.3866314 0.4520119 0.2700795 0.1987575 0.7618370 0.5498769 0.4438672 0.5452243 0.8702454 0.7569714 0.4260013 0.7324071 0.5050358 0.5969738 0.6629441 0.5961982 0.5993263 0.5922844 0.6193804 0.9294202 0.8825042 0.9852349 0.7413349 0.7413349 0.7683612 0.7683612 0.7457190 0.7741131 0.7178109 0.7377650 0.5790570 0.7579029 0.9922050 0.8272038 0.7911104 0.5155868 0.8824938 0.8824938 0.9419193 1.0372711 0.8732249 0.8847869 0.6560603 1.0004015 0.8372373 0.6672030 0.5086815 0.6569742 0.7339180 0.7339180 1.0719091 1.0831430 0.9260182 1.2841027 0.9031554 0.8631855 0.9266233 0.6663285 0.6838120 0.5818450 0.6635367 0.6996356 0.9389432 1.2561112 0.8103798 0.8949598 0.3122916 0.6291018 0.6291018 1.1062524 1.5119452 1.1568769 1.0716039 0.9746511 0.9746511 1.0292829 1.2115230 0.7645192 1.2079840 1.1790660 1.1189446 1.4183841 0.5151532 1.3265638 1.1911617 0.9388970 1.0265609 1.1136403 1.0709612 1.9194418 1.1114059 0.8152689 1.6772723 2.7458483 
Gfas_gfas1.m1.7711.m1                             1.2544386 0.5329750 0.8135080 0.6755484 0.7243176 0.7172804 0.7356638 0.9103349 0.8935989 0.2822559 0.3040387 0.3988181 0.4703084 0.5949353 0.4345879 0.4694800 0.3612088 0.2229708 0.0767089 0.0680546 0.0865569 0.0721585 0.0000000 0.1277162 0.4010240 0.3950149 0.4517550 0.4426303 0.4701598 0.3693220 0.3738500 0.3952275 0.4576496 0.4876477 0.4171858 0.4815905 0.2377959 0.1790207 0.7670381 0.6020722 0.4845215 0.5739236 0.9350826 0.8261266 0.4907518 0.7717656 0.5025168 0.6147236 0.6924305 0.6196814 0.6227185 0.6294112 0.6538716 0.9973867 0.9549976 1.0505044 0.7923614 0.7923614 0.8152164 0.8152164 0.8406702 0.8299280 0.7821871 0.8036121 0.6296409 0.8121590 1.1479860 1.0081585 0.8508579 0.5972282 0.9379016 0.9379016 0.9914002 1.0043851 0.9124665 0.9653495 0.7685740 1.0780122 0.9124361 0.6977620 0.5426245 0.7139338 0.7959687 0.7959687 1.1316587 1.1310652 1.0133215 1.4362746 0.9777508 0.8836178 0.9731818 0.7241730 0.6606821 0.6341730 0.6119535 0.7104756 0.9350504 1.2613585 0.7972203 0.7997397 0.3122916 0.6030213 0.6030213 1.2296788 1.5577539 1.2688582 1.2010119 1.1230685 1.1230685 1.1727372 1.3457754 0.8054664 1.2809291 1.3199917 1.1989639 1.3221792 0.4172999 1.4422038 1.1685824 0.9298427 1.1567164 1.0581070 1.1597330 1.7172417 1.2027589 0.6341788 1.7021332 3.0872422 
Adig_XM_015917480.1                               1.2191974 0.4529055 0.9141668 0.7225605 0.7854613 0.7929089 0.7317989 0.8903437 0.8451425 0.3307232 0.2285942 0.4640326 0.4162820 0.5480034 0.4931793 0.5100077 0.0000010 0.2627709 0.1281221 0.1315268 0.1325931 0.1358254 0.1277162 0.0000000 0.4216363 0.4253366 0.4464078 0.4040353 0.4990785 0.4358084 0.4296934 0.0000010 0.5232129 0.5229221 0.4273886 0.5053253 0.0197621 0.1560522 0.7337138 0.5785621 0.3948509 0.5414500 0.8957885 0.8800834 0.4974417 0.8325512 0.6716155 0.6306875 0.6490376 0.6347482 0.6394600 0.6545247 0.6826490 1.0613617 0.9936566 1.0568782 0.4131533 0.4131533 0.7748764 0.7748764 0.0000010 0.7722760 0.8179445 0.8157648 0.4725073 0.8659874 0.9561578 0.8467555 0.8090257 0.4447583 0.9786399 0.9786399 0.9629654 0.0000010 0.4406360 0.9678807 0.4529905 0.9869322 0.6085427 0.2683375 0.6288590 0.6247576 0.9494300 0.9494300 1.1224147 1.1360293 1.0700142 1.3190968 0.9237682 0.9317042 0.8607757 0.8043328 2.6851861 0.6865212 0.3641324 0.8304233 1.0749890 0.0000010 0.9210593 1.5551404 0.3122916 0.9619851 0.9619851 1.0874891 1.6315542 1.1807988 1.0771889 0.9328181 0.9328181 0.9993028 1.1171673 0.8140950 1.3965144 1.3229409 1.1261256 1.3257250 0.3722737 1.3860112 0.0000010 0.0000010 7.9690557 1.1407229 1.1035120 1.9050925 1.1271240 1.2694223 0.5028285 1.2077206 
Nemnom_g803.t1                                    1.3755563 0.5068188 0.8112785 0.6708616 0.7305347 0.7040459 0.7670997 0.8931970 0.8707385 0.3218997 0.4816850 0.2908201 0.3663451 0.5187400 0.4598967 0.4629748 0.6399234 0.4166434 0.3794721 0.3772686 0.3643356 0.3691145 0.4010240 0.4216363 0.0000000 0.0323219 0.1111907 0.1895245 0.1543720 0.4365762 0.4613794 0.5157172 0.4884851 0.5508479 0.4899987 0.5758482 0.5804871 0.5282399 0.7489842 0.6326528 0.6240216 0.6390779 0.8653252 0.8166205 0.5494217 0.8008405 0.5553493 0.6416253 0.7216091 0.6451895 0.6468715 0.6409622 0.6674658 0.9561815 0.9282003 1.0085051 0.9324923 0.9324923 0.8729644 0.8729644 1.0659388 0.9082476 0.7616435 0.8314630 0.6587075 0.8237088 0.9403796 0.8705582 0.8712708 0.6187916 0.9224288 0.9224288 1.0368716 1.2893773 1.1016793 0.9278854 0.8788213 0.9741024 1.2262276 0.8575500 0.6363188 0.8352635 0.7700528 0.7700528 1.1221862 1.1145318 0.9074950 1.2791914 0.9531300 0.9197171 1.1008518 0.7755913 0.5338475 0.5662980 0.7508701 0.8829169 0.9695229 1.2988125 0.6742242 0.9311408 0.3122916 0.6178124 0.6178124 1.2705408 1.5765789 1.2749924 1.1469164 1.1470404 1.1470404 1.2211082 1.4410606 0.7583003 1.2976110 1.0861330 1.1621525 1.3506808 0.8315111 1.3655760 1.1758059 0.8682178 1.2687454 1.2496850 1.0699230 1.8424086 1.1145802 1.0180987 1.9305742 2.9808718 
Rhoesc_Res_012954-T1                              1.3321614 0.5212320 0.8095675 0.6704365 0.7242683 0.7009386 0.7543677 0.8857045 0.8677681 0.3209080 0.4800540 0.2906258 0.3663451 0.5159750 0.4526515 0.4573943 0.6176021 0.4154721 0.3807379 0.3763847 0.3699781 0.3754012 0.3950149 0.4253366 0.0323219 0.0000000 0.1145811 0.1903423 0.1388930 0.4351036 0.4478882 0.5325572 0.4844499 0.5513314 0.4834516 0.5663316 0.6041488 0.5160105 0.7586770 0.6262375 0.6240216 0.6229210 0.8522921 0.8060296 0.5348307 0.8025085 0.5445667 0.6357759 0.7177680 0.6392542 0.6409000 0.6427040 0.6669308 0.9443695 0.9230788 0.9938007 0.9139163 0.9139163 0.8543187 0.8543187 1.0263751 0.8741753 0.7540885 0.8180211 0.6587075 0.8150812 0.9185724 0.8250923 0.8647111 0.6104489 0.9142018 0.9142018 1.0183144 1.2010941 1.0725130 0.9228435 0.8801791 0.9671517 1.1861953 0.8410417 0.6369748 0.8278900 0.7748685 0.7748685 1.1327341 1.1176334 0.8975354 1.2925275 0.9680374 0.9205393 1.0835338 0.7830960 0.5379531 0.5624523 0.7235697 0.8546887 0.9785640 1.3541462 0.6980944 0.9311408 0.3122916 0.6177751 0.6177751 1.2784676 1.5473956 1.2836203 1.1471937 1.1441518 1.1441518 1.2240343 1.4461545 0.7493573 1.3085668 1.1456032 1.1614327 1.4099866 0.8072687 1.3914295 1.4748082 1.0064589 1.2554563 1.2738830 1.0552059 1.7278762 1.0708152 0.9961711 2.0181037 3.1821895 
Aaur_scaffold861.g9.t1                            0.0000010 2.2342743 0.9190367 0.8114477 0.8045390 0.7811649 0.9129842 1.1290061 1.0723318 0.3343009 0.7356101 0.2600054 0.4019817 0.4983389 0.5310729 0.5491581 0.7212521 0.4801648 0.5031000 0.4602236 0.4661517 0.4507865 0.4517550 0.4464078 0.1111907 0.1145811 0.0000000 0.2839189 2.2893943 0.4980177 0.5292642 0.5561770 0.6142535 0.6275639 0.5448974 0.6384777 0.7569873 0.5529433 1.4901043 0.6534694 0.6026641 0.7032915 0.9928237 0.8927770 0.7049794 0.8051449 0.0000010 0.8340264 0.8383229 0.8270893 0.8270893 0.7876056 0.8112759 1.0833094 1.0362601 1.2096777 0.8866458 0.8866458 0.8281067 0.8281067 1.0700204 0.8660605 0.6637007 0.8603852 0.6150119 0.8483799 2.2978201 0.0000010 0.8440396 0.6200676 0.9754538 0.9754538 0.9986716 1.1892149 1.0539925 0.7931508 0.8445335 0.7690332 1.1399701 0.8065319 0.5525155 0.8334377 0.6106479 0.6106479 1.2954740 1.2485369 0.0000010 0.0000010 1.1205025 0.9479701 1.1011415 0.7808200 0.4687617 0.5814219 0.7284638 0.8427122 0.8763270 1.3219469 2.0769622 0.0000010 0.0000010 0.0000010 0.0000010 1.5590110 1.3795869 1.5231833 1.5461160 1.5430012 1.5430012 1.5254805 1.5740003 0.0000010 0.4187585 0.0000010 1.2579356 1.3694639 2.2339322 2.8028069 1.6021779 1.0397110 1.2966768 0.0000010 0.0000010 0.0000010 1.0375674 0.9881222 1.8167781 3.2780294 
Sanmal_Sma_016863-T1                              1.1409517 0.5058827 0.8676121 0.7328146 0.7955235 0.7682276 0.8072328 0.9593559 0.9305065 0.3241899 0.4995266 0.2769223 0.3233866 0.5718055 0.5247763 0.5428380 0.8072294 0.4794890 0.4264385 0.4256393 0.4208865 0.3690681 0.4426303 0.4040353 0.1895245 0.1903423 0.2839189 0.0000000 0.1671468 0.4898722 0.5123584 1.7342407 0.5773501 0.6176561 0.5436126 0.6214081 0.6691865 0.4961296 0.7533188 0.6789192 0.5713079 0.6553969 0.9227638 0.8788025 0.6114587 0.8812828 0.5555151 0.6979411 0.7737083 0.7040215 0.7071502 0.6990078 0.7301544 1.0238812 0.9953127 1.0968407 1.1818160 1.1818160 1.0093822 1.0093822 1.9128152 1.0305982 0.7435861 0.8987027 0.6102738 0.9285727 0.9454407 0.8426441 0.9421966 0.6269720 1.0195765 1.0195765 1.1675313 1.8763381 1.3510152 0.9171387 0.8459923 0.9595163 1.3088118 1.0060617 0.6334271 0.9269240 0.7564420 0.7564420 1.1921488 1.1974332 0.8930646 1.2707362 1.0357593 0.9775899 1.2208359 0.8465147 1.0964521 0.6529929 0.7466419 0.8786389 1.0392784 2.3066565 0.6977262 0.9856955 0.3122916 0.6411693 0.6411693 1.3295285 1.4638265 1.3625474 1.2666432 1.2216381 1.2216381 1.2719649 1.4640688 0.7700088 1.2960984 1.1529469 1.2643062 1.9959273 0.8764885 1.3795029 1.4159926 1.0415050 1.6041808 1.2288258 1.0527803 1.4223852 0.9933600 1.3459031 2.2743413 3.6073401 
Aaur_scaffold861.g10.t1                           1.6530729 0.4025274 0.9460311 0.7223236 0.8438981 0.7920566 0.7490552 0.9649816 0.9727978 0.3223310 0.4404236 0.3681381 2.6240794 0.6865389 0.4890298 0.5265359 4.8820986 0.4792796 0.4369327 0.4220360 0.4416467 0.4247607 0.4701598 0.4990785 0.1543720 0.1388930 2.2893943 0.1671468 0.0000000 0.4646181 0.4663726 0.0000010 0.4895843 0.5902526 0.5515660 0.6530077 1.1465972 0.6218877 0.7327295 0.7757694 2.5745491 0.7544186 0.9717894 0.8975448 0.5603951 0.9484351 0.5663179 0.7143911 0.8932001 0.7207592 0.7248714 0.7196439 0.7817655 1.0776340 1.0678388 1.1027582 2.9225575 2.9225575 1.7927398 1.7927398 7.5939648 2.9036287 0.8534616 0.9133940 1.7017184 0.9191174 0.8761453 0.7797469 1.0351220 2.4920953 1.0309166 1.0309166 1.6348940 5.1827673 3.2524960 1.4782673 1.8749827 1.4523183 8.9999984 4.5193066 3.0930975 4.0015593 0.9697352 0.9697352 1.2272733 1.1907299 0.9314088 3.1726129 0.9907945 1.0332219 4.6102492 0.9659353 4.2760315 0.6637715 2.9761836 2.6585053 1.2198948 2.0199234 0.7534003 1.4146747 0.3122916 0.6962232 0.6962232 1.3565693 3.1192331 1.3693066 1.1327911 1.1240608 1.1240608 1.1751825 1.5379820 0.7748357 1.3090180 1.2238897 1.1482800 5.8013669 0.6516717 1.2379642 0.0000010 2.8908317 7.4211486 1.2723064 2.2841278 1.9551230 1.1973429 2.3770539 2.7676146 3.6329449 
Bralan_BLAG16000147_1                             1.3060727 0.5385904 0.8107291 0.6684761 0.7254967 0.7149609 0.7641961 0.9160048 0.8964275 0.2879045 0.4396852 0.4274853 0.3792627 0.6276701 0.3490539 0.3910988 0.4498566 0.3719355 0.3568899 0.3551142 0.3642048 0.3567311 0.3693220 0.4358084 0.4365762 0.4351036 0.4980177 0.4898722 0.4646181 0.0000000 0.2995554 0.3267008 0.3501983 0.3951721 0.4795389 0.5330778 0.5960440 0.4853225 0.8511369 0.6187795 0.6605101 0.6014580 0.9060335 0.8057659 0.4107947 0.7824032 0.5114011 0.6441054 0.7107084 0.6392106 0.6421355 0.6468530 0.6650184 1.0157461 0.9758016 1.1065920 0.8693355 0.8693355 0.8304526 0.8304526 0.9276904 0.8531779 0.7445859 0.7901652 0.7106375 0.7958847 0.9334175 0.8439820 0.8223505 0.6179090 0.9070060 0.9070060 0.9809321 1.0924406 0.9817019 0.9129208 0.8088497 0.9829940 0.9368057 0.7102751 0.5712168 0.7496450 0.7647840 0.7647840 1.1175845 1.1120285 0.9086714 1.3600153 0.9199931 0.9339216 1.0276881 0.7257883 0.6142672 0.6324894 0.6633828 0.7550961 0.9884404 1.2798288 0.8674767 0.9826376 0.3122916 0.6327648 0.6327648 1.2034268 1.4207544 1.2545691 1.0857683 1.0508033 1.0508033 1.1104710 1.3138663 0.7606051 1.2489605 1.1947365 1.1605635 1.3357998 0.7970939 1.3628557 1.7425698 0.9670966 1.2144921 1.2077544 0.9221181 1.5725459 1.0776497 0.8544871 1.9902896 3.2613500 
