120
Lcom_lcpid238798                                         0.0000000 0.0000010 0.0000010 0.0000010 0.0000010 0.0000010 0.0000010 0.0000010 0.0000010 3.2597069 0.0000010 8.9999982 0.0000010 2.8839361 2.8290193 3.1589696 3.7453045 3.3572385 0.0000010 2.6008516 2.6475036 2.7982264 2.7103688 2.3946852 2.4108056 0.0000010 3.1721116 3.0204628 2.7184783 0.0000010 0.0000010 2.2135279 1.9727984 2.8508122 0.4267797 2.4038322 2.5912334 2.4767329 2.9875618 0.0000010 0.0000010 8.9999988 0.0000010 2.8640284 2.5537597 3.7893965 2.9271875 2.5349267 2.7843376 0.0000010 5.4939976 2.4486247 2.3550212 2.3265012 0.0000010 3.3044338 3.0160476 2.8170490 2.7977333 2.9118139 2.9118139 2.7178296 2.7178296 3.0401756 3.2487515 3.2487515 7.7924167 3.6272437 2.3889460 2.4856768 2.9909379 2.6465989 2.6256432 2.8590512 2.5298773 3.0287684 2.4031043 2.6153411 0.0000010 2.9467926 2.5303100 4.8263413 3.2928366 3.1831993 3.1718742 3.0472403 0.0000010 5.5586222 5.6835316 0.0000010 4.0182615 5.2876362 4.3219393 4.3219393 4.0888901 4.0287588 0.0000010 7.4826678 7.4826678 0.0000010 2.8626512 0.0000010 3.7814968 0.0000010 4.3837176 4.5594390 3.7716531 0.0000010 0.0000010 3.1261171 1.2676111 2.4972362 2.7455186 3.0396429 3.2762001 8.9999989 9.0000000 0.0000010 1.4810980 6.5177554 
Codhol_EP00042_Codosiga_hollandica_P054255               0.0000010 0.0000000 0.0880888 0.3996000 0.1483414 0.6319911 0.7028651 0.6317371 0.6919005 6.1613893 8.9999989 6.0884910 0.0000010 1.9269803 1.8721830 2.0354416 2.0634903 2.1883453 0.0000010 2.3440020 2.2869029 2.6015887 2.0232170 2.4334282 2.4334282 0.0000010 1.2327416 2.4044074 2.1619931 7.4764250 0.0000010 2.7149016 2.5352735 2.0584159 2.5587662 2.4612753 2.5521429 2.5553074 1.7254635 0.0000010 9.0000000 2.4450727 2.6866963 2.7022901 2.7164363 2.7351309 2.5521216 2.2047421 2.5540047 0.0000010 2.3619148 2.2833292 2.3513288 2.0569966 2.2223872 2.4570402 2.4570402 2.3582810 2.5455758 2.3997289 2.5172461 2.4779469 2.4779469 2.5911567 2.4829178 2.4884475 1.0453412 2.2698859 2.3144260 2.2260162 2.4707733 2.2962783 2.2391350 2.0398877 2.2581535 2.2145735 2.2677318 2.7529427 0.0000010 2.1413876 1.2167662 5.7023181 2.0670048 2.3150887 2.0115666 2.2059162 8.9999986 2.3011772 1.7365693 1.1613013 2.5893699 2.5848641 2.6656717 0.0000010 0.0000010 0.0000010 8.9999986 1.8782563 2.6679546 0.0000010 1.7846109 0.0000010 2.7226696 0.0000010 2.3559758 1.6064722 0.0000010 0.0000010 0.0000010 0.0000010 0.0000010 0.0000010 0.0000010 0.0000010 0.0000010 0.0000010 3.3644795 0.0000010 0.0000010 1.0692711 
Codhol_EP00042_Codosiga_hollandica_P054246               0.0000010 0.0880888 0.0000000 0.2857693 0.0279987 0.2104398 0.5066893 0.3888417 0.4990648 6.8461915 8.9999990 6.7835812 0.0000010 2.3114289 2.2063742 2.2442877 2.4248593 2.0789708 0.0000010 2.6457924 2.6063798 3.0716768 2.5772191 2.7051574 2.7183315 3.8749058 1.9247368 2.6800710 2.3810625 7.6108113 2.5866308 2.6837209 2.5781186 2.2682985 2.5681238 2.7742843 2.9097476 2.7162935 2.0590569 0.0000010 8.9999987 3.0269817 2.8501577 2.8861191 2.8013240 2.9959080 2.5373310 2.5390528 2.5998920 9.0000000 2.5176927 2.5968647 2.6295181 1.9792952 2.0908497 2.5605852 2.7943984 2.7339942 2.5777433 2.6930284 2.7766063 2.7495194 2.7495194 2.8163075 2.7381175 2.7418899 1.2343867 2.6138178 2.6629316 2.6040268 2.7117541 2.5875659 2.5905980 2.3064603 2.3955046 2.4767499 2.3397394 3.2703346 0.0000010 2.2931232 1.3633549 7.3415771 2.4234303 2.4974810 2.4140729 2.5010995 9.0000000 2.8531561 2.0588986 1.2404549 2.7932996 2.9123232 3.0294224 8.9999987 7.6977536 4.0212242 8.9999982 1.9596978 2.9877452 0.0000010 1.7565264 3.2563836 3.2090643 3.7281630 2.7121830 1.6940256 8.9999988 0.0000010 9.0000000 9.0000000 0.0000010 5.7103148 0.0000010 0.0000010 8.4000143 0.0000010 4.1688191 8.9999982 5.0451784 1.3922486 
Codhol_EP00042_Codosiga_hollandica_P054249               0.0000010 0.3996000 0.2857693 0.0000000 0.1213955 0.1817851 0.1134498 0.0788255 0.1329820 3.0080184 3.7720676 2.9788045 0.0000010 1.5660464 1.5243010 1.4849246 1.6429125 1.5613249 0.0000010 1.9074744 1.8510603 2.2035986 1.9988931 1.9592806 1.9140148 3.8749058 1.9247368 1.8861857 1.8018255 2.7812403 2.5866308 1.8650082 1.8263820 1.5172228 1.9715407 1.9475914 1.9282453 1.9118102 1.5481773 0.0000010 7.3719092 2.2122113 2.0008769 2.1787382 2.1761612 2.1017724 1.8681280 1.9371646 1.8854268 9.0000000 1.8144082 1.9470171 1.9844708 1.4998979 1.3084913 1.8263684 1.9718765 2.0563790 1.8380849 2.0238548 2.0325543 1.9816441 1.9816441 2.0601371 1.9364849 1.9387872 1.2343867 1.8327684 1.9082524 2.0020962 2.1129000 1.9179071 1.9372106 1.5958324 1.6828563 1.6377067 1.6474771 2.2366270 0.0000010 1.6579062 1.1545206 9.0000000 1.8090942 1.8753369 1.7574215 1.8993256 6.2546683 2.1825831 1.7961818 1.2404549 1.9885245 2.1503508 2.2137831 8.9999987 7.6977536 4.0212242 3.3265888 1.7912733 2.1250360 0.0000010 1.6107707 3.2563836 2.2837809 3.7281630 2.0644065 1.6940256 8.9999988 0.0000010 9.0000000 9.0000000 0.0000010 5.7103148 0.0000010 0.0000010 8.4000143 0.0000010 4.1419092 8.9999982 4.5506475 1.3922486 
Codhol_EP00042_Codosiga_hollandica_P054252               0.0000010 0.1483414 0.0279987 0.1213955 0.0000000 0.1017952 0.1605264 0.0875469 0.2302754 5.6798311 9.0000000 5.5873401 0.0000010 1.6124263 1.6011303 1.5881716 1.6925952 1.5252418 0.0000010 1.9390227 1.9539493 2.1952529 2.0420183 1.9301756 1.9013627 3.8749058 1.9247368 1.9359186 1.8808542 4.9197445 2.5866308 1.9491819 1.8920826 1.6308367 1.9606904 2.0850640 2.0964466 2.0852657 1.4864022 0.0000010 9.0000000 2.2984594 2.0095389 2.1447489 2.0807849 2.1563854 1.8396021 1.9685337 1.9520501 9.0000000 1.6559462 1.8546899 1.8805948 1.7601138 1.3347974 1.6851014 1.8789065 1.9944938 1.9579421 2.0398710 2.0231833 2.0522053 2.0522053 2.1235537 2.0095703 2.0129541 1.3035455 2.0028156 2.0288250 1.8669276 2.2549298 2.0079705 1.9657536 1.6456248 1.6158941 1.7040174 1.6060746 2.2664857 0.0000010 1.7079995 1.2707625 3.5197617 1.8544346 1.9468056 1.6357056 1.9024078 8.9999980 2.1889047 1.9128980 1.3113203 2.1842614 2.2715594 2.2806789 8.9999987 7.6977536 4.0212242 8.9999983 1.8450055 2.2639719 0.0000010 1.6019742 3.2563836 2.6305357 3.7281630 2.0509917 1.6940256 8.9999988 0.0000010 9.0000000 9.0000000 0.0000010 5.7103148 0.0000010 0.0000010 8.4000143 0.0000010 4.1419092 8.9999982 5.8304009 1.3922486 
Codhol_EP00042_Codosiga_hollandica_P054256               0.0000010 0.6319911 0.2104398 0.1817851 0.1017952 0.0000000 0.3630591 0.2054707 0.2353464 5.7725769 8.9999984 5.7161079 0.0000010 2.0147635 1.9608245 1.8263605 2.0644540 2.0049248 0.0000010 2.4873649 2.4532082 2.8759233 2.5736188 2.4948147 2.5031492 3.8749058 1.9247368 2.4407955 2.3060495 4.8643310 2.5866308 2.4068301 2.3309469 1.9348674 2.3359133 2.5493843 2.4971000 2.4302202 1.9714164 0.0000010 8.9999985 2.7657308 2.4882721 2.6675668 2.5958181 2.6812381 2.3196764 2.4249176 2.4136498 9.0000000 2.2278967 2.3293446 2.3768705 1.7187729 1.7895408 2.1614589 2.3317082 2.5919761 2.3622788 2.4464586 2.4635748 2.4196677 2.4196677 2.4880832 2.4042939 2.4071907 1.2343867 2.2377342 2.2862854 2.2981409 2.5725177 2.2940444 2.3722747 2.0550685 2.2549761 2.2389061 2.1272247 3.0190269 0.0000010 1.9780606 1.1545206 9.0000000 2.2175520 2.1826766 2.1575894 2.2930582 8.9999986 2.7443948 1.7961818 1.2404549 2.5069692 2.6672888 2.7946563 8.9999987 7.6977536 4.0212242 8.7593198 1.7912733 2.7121216 0.0000010 1.6107707 3.2563836 3.0621898 3.7281630 2.5225928 1.6940256 8.9999988 0.0000010 9.0000000 9.0000000 0.0000010 5.7103148 0.0000010 0.0000010 8.4000143 0.0000010 4.4162208 8.9999982 6.8137576 1.3922486 
Codhol_EP00042_Codosiga_hollandica_P054250               0.0000010 0.7028651 0.5066893 0.1134498 0.1605264 0.3630591 0.0000000 0.0601927 0.1922237 0.6225393 0.4165108 0.8616211 0.0000010 1.1164500 1.1137507 1.1231146 1.1773255 1.1809431 0.0000010 1.4889103 1.4879612 1.6061947 1.4495676 1.4961182 1.4795799 3.8749058 1.9247368 1.4875689 1.7816754 1.4627498 2.5866308 1.4218739 1.3505345 1.1545247 1.6704596 1.5005027 1.5082063 1.4743478 1.1540769 0.0000010 1.2116242 1.6104637 1.6055114 1.6190254 1.6269668 1.5293080 1.3913961 1.4835587 1.4141089 1.4924808 1.3038247 1.3981383 1.4321715 1.5481686 1.1258376 1.3778136 1.4613621 1.5002785 1.4192854 1.7379276 1.6947043 1.6467848 1.6467848 1.7006294 1.5794647 1.5808786 1.2343867 1.5343858 1.4572165 1.5204862 1.5722857 1.4196245 1.4674344 1.1594127 1.3106699 1.2579593 1.2858158 1.6303514 0.4634898 1.2665805 1.1748389 8.9999989 1.3269562 1.4138215 1.3557911 1.4427597 1.1820340 1.6120409 1.8489480 1.2404549 1.5980487 1.7012417 1.8685601 8.9999987 7.6977536 4.0212242 1.5496615 1.8271267 1.6463239 0.0000010 1.6477062 3.0750331 1.9734457 3.7281630 1.6850783 1.6940256 8.9999988 0.3793438 9.0000000 9.0000000 0.0000010 5.7103148 0.0000010 0.0000010 8.4000143 0.0000010 3.6534365 8.9535821 1.4233580 1.4740328 
Codhol_EP00042_Codosiga_hollandica_P054258               0.0000010 0.6317371 0.3888417 0.0788255 0.0875469 0.2054707 0.0601927 0.0000000 0.0718520 0.9687088 0.6808846 0.9787762 0.0000010 1.2936692 1.3228081 1.2551475 1.3808577 1.3974665 0.0000010 1.8172141 1.7650738 1.9870055 1.7688948 1.7830099 1.7333506 3.8749058 1.9247368 1.7924891 2.0435141 2.1779758 2.5866308 1.6673099 1.6108144 1.3338430 1.7692079 1.8469818 1.7779389 1.7763722 1.3221094 0.0000010 1.7755234 1.9610157 1.7894252 1.9472748 1.9515352 1.9164239 1.6467835 1.7288940 1.6656582 9.0000000 1.6341547 1.7245513 1.8070052 1.7275869 1.3441634 1.6171139 1.7382049 1.9332969 1.7254467 1.8948753 1.8721272 1.8303784 1.8303784 1.8825088 1.7891437 1.7911352 1.2343867 1.5850762 1.6744635 1.7619887 1.9087902 1.6914830 1.7164293 1.3778027 1.5124143 1.4660457 1.3988478 1.9980206 0.0000010 1.4602810 1.1545206 8.9999986 1.5807081 1.6248522 1.4825433 1.6247331 2.8898024 1.8803006 1.7961818 1.2404549 1.6999247 1.8153350 1.8870880 8.9999987 7.6977536 4.0212242 1.9660999 1.7912733 1.8088837 0.0000010 1.6107707 3.2563836 2.2238409 3.7281630 1.8370258 1.6940256 8.9999988 0.0000010 9.0000000 9.0000000 0.0000010 5.7103148 0.0000010 0.0000010 8.4000143 0.0000010 3.6534365 8.9999982 6.1858878 1.3922486 
Codhol_EP00042_Codosiga_hollandica_P054254               0.0000010 0.6919005 0.4990648 0.1329820 0.2302754 0.2353464 0.1922237 0.0718520 0.0000000 0.8555073 1.5305494 0.9482204 0.0000010 1.1665388 1.2326219 1.1470977 1.2143410 1.3734413 0.0000010 1.6906079 1.6231382 1.9300490 1.6493364 1.6417673 1.6417673 0.0000010 1.1922266 1.6404534 1.8963683 2.6008329 0.0000010 1.6096343 1.5459173 1.1580901 1.6265941 1.7610471 1.6540275 1.6111041 1.2184898 0.0000010 3.0207691 1.7949847 1.7448664 1.8859392 1.8588005 1.8424400 1.6777996 1.6960232 1.7595058 0.0000010 1.6088005 1.5342027 1.6749485 1.4855459 1.3716350 1.5517337 1.5517337 1.7428969 1.7302319 1.7469747 1.7744287 1.7302301 1.7302301 1.7975845 1.6891912 1.6918279 0.9802268 1.3748326 1.4522795 1.5128007 1.7566616 1.4873473 1.5103816 1.2147717 1.4729979 1.3926372 1.4161881 1.8753519 0.0000010 1.2283720 0.7284362 6.3181865 1.4884982 1.5755122 1.3209571 1.5559428 5.5847773 1.8024417 1.4507177 1.0409508 1.6701077 1.7755560 1.8780825 0.0000010 0.0000010 0.0000010 3.1555742 1.4982289 1.8402104 0.0000010 1.3147982 9.0000000 2.0311526 9.0000000 1.6336117 1.6848870 0.0000010 0.0000010 0.0000010 0.0000010 0.0000010 0.0000010 0.0000010 0.0000010 0.0000010 0.0000010 2.7404779 0.0000010 9.0000000 0.8558756 
Codhol_EP00042_Codosiga_hollandica_P054243               3.2597069 6.1613893 6.8461915 3.0080184 5.6798311 5.7725769 0.6225393 0.9687088 0.8555073 0.0000000 0.1741750 0.4426262 0.0000010 2.2099205 2.2992480 2.4967800 2.3835673 2.2654756 0.0000010 2.6236651 2.5251093 2.8151278 2.4468548 2.7093959 2.6209985 6.6246142 6.9288782 2.7144957 3.6306311 1.1949266 8.9999986 2.7444360 2.6228957 2.4558076 4.3238550 2.6016535 2.6004647 2.6906066 2.3334699 0.0000010 1.1681254 2.9083544 2.9251165 2.7313275 2.8236870 2.7620600 2.7061378 2.8196217 2.5448198 1.4924808 2.0312022 2.7480194 2.7806461 8.7019289 3.0036584 2.8560647 2.7994856 2.9705222 2.6050153 3.2048838 3.1060120 3.0933300 3.0933300 3.0201805 3.0222374 3.0222374 7.9871357 2.8648481 2.5295004 2.5863969 2.7611427 2.6084031 2.6196097 2.2206965 2.5339241 2.5339855 2.5844596 2.5151748 0.4634898 2.5427063 7.7862172 8.9999987 2.4402318 2.5942148 2.6831129 2.5326280 0.9708769 2.8322316 8.9999981 8.8720473 2.7523600 3.0091896 3.8770090 6.2893793 7.4444486 8.9999989 1.4523225 8.9999989 2.5978923 0.0000010 8.3066829 8.9999988 3.6871284 8.9999987 2.9456815 8.9999989 5.4754007 0.3793438 2.3965821 6.9868558 9.0000000 8.9999989 4.4058594 3.7875853 4.1104742 0.0000010 5.2723031 3.4510355 1.0461264 8.9999980 
Codhol_EP00042_Codosiga_hollandica_P054248               0.0000010 8.9999989 8.9999990 3.7720676 9.0000000 8.9999984 0.4165108 0.6808846 1.5305494 0.1741750 0.0000000 0.3088970 0.0000010 1.6402932 1.6638039 1.9308749 1.7398006 1.8530019 0.0000010 2.1404664 2.0216002 2.0997909 1.9677872 2.2139843 2.1655787 0.0000010 9.0000000 2.0903082 3.2824494 1.1949266 0.0000010 2.0617283 2.0547420 1.8545309 4.6347192 2.1935019 2.2130824 2.1286431 1.8062877 0.0000010 1.1681254 2.1048181 2.7371067 2.1681438 2.2055059 2.1024561 2.1697139 2.2980990 1.9940811 0.3793438 2.1271267 2.1291782 2.1614213 8.9999990 4.1554484 2.3040993 2.3602263 2.3568855 2.1315296 2.6437853 2.5312329 2.5209386 2.5209386 2.4612376 2.3819252 2.3819252 9.0000000 2.6815724 2.1813272 2.3391701 2.2675481 2.3810968 2.1713316 1.7051015 2.0275359 1.9069490 1.9796044 1.5563507 0.4634898 2.1799884 8.9999989 8.9999980 1.8780997 2.0774105 2.0341689 2.1120543 0.9708769 2.2584743 2.0665087 9.0000000 2.3856874 2.4008279 3.2433996 0.0000010 0.0000010 0.0000010 1.4523225 9.0000000 2.2614819 0.0000010 9.0000000 2.4351379 3.2152086 9.0000000 2.6635958 9.0000000 0.0000010 0.3793438 0.0000010 0.0000010 0.0000010 9.0000000 0.0000010 0.0000010 0.0000010 0.0000010 1.3350239 4.3984769 0.8343215 3.1291428 
Codhol_EP00042_Codosiga_hollandica_P054245               8.9999982 6.0884910 6.7835812 2.9788045 5.5873401 5.7161079 0.8616211 0.9787762 0.9482204 0.4426262 0.3088970 0.0000000 0.0000010 2.4683252 2.4340339 2.7172141 2.6721526 2.6261701 0.0000010 3.1153735 2.9801006 3.1738239 2.8073124 3.0090666 2.9097846 3.1435756 4.2185468 3.0268684 4.4476662 1.7572747 4.8696049 2.9776184 3.0562244 3.2294358 3.1776739 2.8987066 2.9069976 2.9762527 2.6070090 0.0000010 1.7414206 3.4681959 3.2044810 3.0613988 3.1655655 2.9949423 2.9064472 3.0464097 2.6882899 9.0000000 2.9952161 3.1796358 3.1761269 5.3668276 2.9994797 3.2621681 3.4007973 3.5066502 2.9149680 3.1929243 3.0957860 3.0812119 3.0812119 2.9965959 3.0497590 3.0497590 4.8971508 2.4373681 2.7014553 3.0194547 2.9103512 2.8945154 2.8329574 2.5889080 2.5088219 2.6654839 2.8631827 2.5861224 0.0000010 2.9289955 4.6601721 8.6000095 3.0043692 2.8967570 2.9834176 2.6503496 1.6414369 3.1650047 3.2566766 7.6170588 2.8527700 3.2819560 3.2524343 6.4687067 4.3778644 5.6790316 2.0888600 4.4510007 2.8632520 0.0000010 4.1037801 1.4054625 4.2648459 4.3260350 3.2114622 6.3946045 2.7554214 0.0000010 2.4205275 7.0823724 5.0604672 4.8595230 4.0676825 3.4827416 3.1839909 6.0191519 3.6478955 5.7579064 3.9330218 8.9999981 
Codhol_EP00042_Codosiga_hollandica_P054259               0.0000010 0.0000010 0.0000010 0.0000010 0.0000010 0.0000010 0.0000010 0.0000010 0.0000010 0.0000010 0.0000010 0.0000010 0.0000000 1.3144096 1.3600469 1.1386295 1.0513690 1.1252467 1.7958996 0.9627008 0.9321035 1.4735476 0.9625374 1.0203685 1.0203685 0.0000010 0.0000010 1.0443466 0.9767304 1.0043674 0.0000010 1.1662876 1.0885119 1.0583223 0.0000010 0.9076716 0.8553308 1.0400501 1.2126902 0.0000010 0.9166689 0.8483203 1.8637361 1.2188816 1.0904673 0.9978822 0.9775502 1.0381333 1.0082705 1.6836120 1.1637032 1.0793977 1.1169205 0.0000010 0.0000010 1.2821896 1.2821896 1.1966669 1.3488374 1.1477971 1.1042955 1.2448185 1.2448185 1.1298368 1.1660259 1.1660259 0.0000010 1.8563734 1.1836514 1.0805830 1.2236123 1.2429546 1.1807153 0.9888863 1.1911975 1.3163239 1.0600124 0.8796165 1.1898809 1.1372908 0.0000010 0.0000010 1.0168564 0.9485295 1.2986513 1.2294120 1.2724958 1.3641955 0.0000010 0.0000010 1.4537438 1.2459848 0.0000010 0.0000010 0.0000010 0.0000010 1.0460348 0.0000010 1.2793118 0.0000010 0.0000010 3.7920758 1.6932561 0.0000010 1.7551710 0.0000010 0.0000010 0.1250881 0.0000010 0.0000010 0.0000010 0.0000010 0.0000010 0.9216977 0.0000010 0.0000010 0.0000010 0.0000010 1.2195920 3.5180894 
Acaspe_EP00035_Acanthoeca_spectabilis_P022186            2.8839361 1.9269803 2.3114289 1.5660464 1.6124263 2.0147635 1.1164500 1.2936692 1.1665388 2.2099205 1.6402932 2.4683252 1.3144096 0.0000000 0.0951638 0.3499732 0.4313335 0.5337043 0.7351816 0.8493809 0.8650167 0.9215751 0.8520555 0.9119518 0.8899499 0.7094070 0.9273257 0.8947777 1.0630485 0.8776689 0.6318764 0.9494568 0.8749599 0.7386754 0.8844803 0.9452336 0.9820016 0.9137734 0.6420072 0.8840123 0.9291739 1.3752565 0.8208971 1.0220938 1.0143766 1.0909357 0.8850150 0.9549566 0.9556196 1.0452767 0.9478283 1.0148221 0.9908726 1.0343129 0.6945152 0.9264312 1.0297831 0.9640690 0.9458476 1.0659534 1.0626569 1.0886167 1.0880529 1.0775988 1.0227783 1.0253910 0.6909355 1.0523605 1.0498309 1.0342411 1.0997469 0.9941136 1.0277080 0.6696779 0.6972648 0.7341071 0.7680759 1.1809878 1.0430928 0.9597406 0.9533088 1.8633759 1.0544958 1.0177545 0.9819224 1.2026406 1.1691656 1.4248699 1.7876750 0.5495501 1.2647809 1.3366701 1.3718845 2.7828969 2.4825568 2.0101517 1.2756549 1.0416027 1.1524810 1.2767520 1.0396333 0.9003218 1.4855432 1.0066368 1.4174674 1.2460620 2.4377306 1.0503319 1.3790470 1.7592978 1.8751484 1.5074526 1.8084823 1.5710933 2.0016581 1.4491525 1.4786321 1.0823760 1.4607622 3.2833223 
Helnan_EP00037_Helgoeca_nana_P032530                     2.8290193 1.8721830 2.2063742 1.5243010 1.6011303 1.9608245 1.1137507 1.3228081 1.2326219 2.2992480 1.6638039 2.4340339 1.3600469 0.0951638 0.0000000 0.3521832 0.4428266 0.5505697 0.7748321 0.8749552 0.9016976 0.9697990 0.8763394 0.9383505 0.9211890 0.7294861 0.9490385 0.9094991 1.0815486 0.8907094 0.6476378 0.9455478 0.8683129 0.7655332 0.9004371 0.9425296 0.9873201 0.9251739 0.6550438 0.9189336 0.9552386 1.4294411 0.8253321 1.0442495 1.0394213 1.0961413 0.9018276 0.9829528 0.9440613 1.0250096 0.9645308 1.0249267 0.9989221 1.0530558 0.7265105 0.9205797 1.0099779 0.9668101 0.9790281 1.0685319 1.0660092 1.0972003 1.0966253 1.0718266 1.0292147 1.0318435 0.6837887 1.0717050 1.0671528 1.0306979 1.1083841 1.0336155 1.0448793 0.6852741 0.7090247 0.7608694 0.7930094 1.1884998 1.0620235 1.0040258 1.0136039 1.8299665 1.0540241 1.0306387 1.0128700 1.2451400 1.2008086 1.4694175 1.8601459 0.6041456 1.3044846 1.3552747 1.4153473 2.8408770 2.7100701 2.0949255 1.2809531 1.0856499 1.1746025 1.2970455 1.0359622 0.8515814 1.4925019 1.0613165 1.3953901 1.2331480 2.6281682 1.0660811 1.3654856 1.7311914 1.7958809 1.4954416 1.8530522 1.5856799 1.9779754 1.3908555 1.5514986 1.0759338 1.5334493 3.2235103 
Stedip_EP00041_Stephanoeca_diplocostata_P000915          3.1589696 2.0354416 2.2442877 1.4849246 1.5881716 1.8263605 1.1231146 1.2551475 1.1470977 2.4967800 1.9308749 2.7172141 1.1386295 0.3499732 0.3521832 0.0000000 0.4391833 0.5405975 0.6600026 0.8267420 0.8483663 0.9096255 0.8328115 0.9037938 0.8586216 0.7676715 0.9500472 0.9093231 1.0500043 0.8423693 0.5739748 0.9088451 0.8723100 0.7382087 0.8920843 0.8989150 0.9456944 0.9188250 0.6370376 0.7899097 0.8285493 1.3852227 0.7830051 1.0483149 1.0322390 1.0894762 0.8843227 0.9068978 0.9162353 0.9296180 0.8935282 0.9831526 0.9902926 1.0828715 0.7392253 0.9605236 1.0679091 0.9732420 0.9669622 1.0853084 1.0787134 1.0834756 1.0829150 1.0705762 1.0461471 1.0488120 0.6629422 1.0493338 1.0215896 1.0079458 1.0996656 1.0169938 0.9879539 0.6371161 0.6499857 0.7363976 0.7742094 1.1284961 0.9217893 0.9796942 1.0127084 1.9422008 1.0694121 1.0562990 1.0329564 1.2514346 1.1203866 1.4140233 1.7906387 0.6060715 1.2761134 1.3901861 1.4579604 2.8578365 2.5997582 2.1090012 1.3120326 1.0711247 1.1490819 1.2222227 1.0180906 0.9685369 1.4602077 0.9268865 1.3763178 1.2652423 2.2325092 0.8558581 1.7962888 1.9660505 1.5979635 1.5316034 1.8362472 1.6220162 2.0894715 1.3237452 1.5639937 0.9150234 1.5284459 3.4960417 
Diagra_EP00040_Diaphanoeca_grandis_P027104               3.7453045 2.0634903 2.4248593 1.6429125 1.6925952 2.0644540 1.1773255 1.3808577 1.2143410 2.3835673 1.7398006 2.6721526 1.0513690 0.4313335 0.4428266 0.4391833 0.0000000 0.5372612 0.8601355 0.8296845 0.8370727 0.9248516 0.8242538 0.8543453 0.8597936 0.6820686 0.9173774 0.9052130 0.9858052 0.8251033 0.6225978 0.9262251 0.8536258 0.7798207 0.9032362 0.9109767 0.9221200 0.9231370 0.6870995 0.8058674 0.7882001 1.3926164 0.7369047 1.0585754 1.0320817 1.0735132 0.8859866 0.9566537 0.9016944 0.8812485 0.8480219 1.0065585 0.9936969 1.1042083 0.7070649 0.9385638 1.0548309 0.9472739 0.9459891 1.0646545 1.0564512 1.0585212 1.0579795 1.0545911 1.0298575 1.0355615 0.6531333 1.0674631 1.0582262 0.9215509 1.1406706 1.0624763 1.0512513 0.6646453 0.7202811 0.7847306 0.8072252 1.1522673 0.9510826 1.0369042 1.0415933 1.7624808 1.0761895 1.0526832 1.0534423 1.2047627 1.0817767 1.4576203 1.9189852 0.5534350 1.2899727 1.3538450 1.4507071 2.9950522 2.9157582 2.2724076 1.2802084 1.0928538 1.1287751 1.0980963 1.0053933 1.0585236 1.5071059 0.9964702 1.3926870 1.3161895 2.7165867 0.8715225 1.7734413 1.9579243 2.4045555 1.7542174 2.0865556 1.5902987 2.0875783 1.3795183 1.7496591 0.8606225 1.4103646 3.3532126 
Didcos_EP00039_Didymoeca_costata_P019334                 3.3572385 2.1883453 2.0789708 1.5613249 1.5252418 2.0049248 1.1809431 1.3974665 1.3734413 2.2654756 1.8530019 2.6261701 1.1252467 0.5337043 0.5505697 0.5405975 0.5372612 0.0000000 0.6822140 0.7792280 0.7833924 0.8748073 0.7756395 0.8539618 0.8245739 0.6127822 0.8516961 0.8183882 0.9537658 0.7371960 0.5201950 0.8375655 0.7559846 0.6823716 0.8039739 0.8772939 0.8910834 0.8466935 0.5655308 0.7461080 0.7618204 1.3332471 0.8076176 1.0224302 0.9870264 0.9950514 0.7812029 0.8548382 0.8257733 0.8975684 0.8433269 0.9367679 0.9092923 0.9541604 0.6852500 0.8661273 0.9758971 0.9043834 0.8839671 1.0131073 1.0067548 1.0070554 1.0065526 0.9834866 0.9673103 0.9698451 0.6527497 1.0089748 0.9693249 0.9594875 1.0646785 1.0275816 0.9647013 0.6186714 0.6663323 0.6994117 0.7263963 1.0388337 0.9313020 0.9396956 0.9418195 1.8667031 1.0469545 1.0060268 1.0117814 1.1836280 1.0807855 1.3694930 1.7069788 0.6777413 1.2282519 1.2823766 1.3683221 2.5011295 2.4561790 1.9346864 1.1522272 1.0849645 1.0749631 1.0685910 0.9969713 1.0788461 1.4905147 0.8326209 1.2878717 1.2783323 2.1629498 0.8369359 1.3625667 1.8109930 1.5121269 1.3799876 1.6755711 1.2969649 1.8679690 1.3971339 1.4634088 0.9381518 1.3768148 3.1852974 
Gasp_gasp1.m3.23706.m1                                   0.0000010 0.0000010 0.0000010 0.0000010 0.0000010 0.0000010 0.0000010 0.0000010 0.0000010 0.0000010 0.0000010 0.0000010 1.7958996 0.7351816 0.7748321 0.6600026 0.8601355 0.6822140 0.0000000 0.0207865 0.0423640 0.0424144 0.0640265 0.6747706 0.0890645 0.0000010 0.0000010 0.2588193 3.4566055 0.2050758 0.0000010 0.3900354 0.4120932 0.6525682 0.0000010 0.3936765 0.4341047 0.5234390 0.6476328 0.4036464 0.3530029 0.3878780 0.3950845 0.5529049 0.5293038 0.5542974 0.3343877 0.4583857 0.6007157 0.4918210 0.5282557 0.5284881 0.5320296 0.0000010 0.0000010 0.4939110 0.4801178 0.4560385 0.5865772 0.5767486 0.6023708 0.6002971 0.6002971 0.5312585 0.5246711 0.5246711 0.0000010 0.4744924 0.5163254 0.5170351 0.8366503 0.6376238 0.6104698 0.5472441 0.7183155 0.5543198 0.6311668 0.9697917 1.1761086 1.0126755 0.0000010 0.0000010 2.6408641 0.9159277 1.2604141 0.9434751 0.7592929 0.7819058 0.0000010 9.0000000 0.7095522 0.9495265 0.0000010 0.0000010 0.0000010 0.0000010 1.7170560 0.0000010 1.0353670 0.9625666 0.0000010 1.9582737 0.7939811 2.7170479 0.9495766 0.0000010 0.0000010 0.8377850 0.0000010 0.0000010 0.0000010 0.0000010 0.0000010 0.0000010 0.0000010 0.0000010 0.0000010 0.3123903 2.7613034 3.7305439 
Spis_XP_022790700_1                                      2.6008516 2.3440020 2.6457924 1.9074744 1.9390227 2.4873649 1.4889103 1.8172141 1.6906079 2.6236651 2.1404664 3.1153735 0.9627008 0.8493809 0.8749552 0.8267420 0.8296845 0.7792280 0.0207865 0.0000000 0.0325384 0.1146796 0.0861606 0.1110528 0.1203482 0.1434738 0.2185596 0.2291844 0.1368833 0.2481485 0.3108809 0.5269162 0.4967426 0.7090446 0.5545025 0.4650815 0.4883997 0.5572369 0.6991278 0.4422078 0.4229620 0.9364339 0.4317189 0.5843971 0.5586934 0.5739766 0.4969701 0.5231841 0.5191831 0.5760981 0.5727780 0.6801535 0.6831473 0.7379571 0.4387814 0.6489025 0.7358383 0.5933004 0.6098929 0.7178584 0.7183723 0.7242035 0.7217062 0.7261730 0.7050510 0.7073897 0.5274485 0.7511005 0.6940857 0.7072083 0.8697878 0.8083614 0.7622591 0.7198993 0.7287457 0.7678457 0.7736754 0.7142066 1.0214344 0.9677376 1.0391834 2.2439474 1.0904018 1.0633330 1.0970663 1.2208585 0.7700660 1.1195290 1.4605800 0.4676174 1.0622883 1.0861251 1.2356882 2.3625043 2.2970960 1.7873177 1.0017109 0.9469143 0.9388821 0.8447964 0.6585263 0.7519856 1.1739122 0.8115754 1.1027956 1.0839224 1.9985770 0.8053822 1.9423578 1.8344353 1.4200998 1.2871790 1.0285661 1.1407293 0.4183968 0.2262676 1.4814478 0.7590390 1.1943444 3.7357738 
Pocdam_XM_027204481.1                                    2.6475036 2.2869029 2.6063798 1.8510603 1.9539493 2.4532082 1.4879612 1.7650738 1.6231382 2.5251093 2.0216002 2.9801006 0.9321035 0.8650167 0.9016976 0.8483663 0.8370727 0.7833924 0.0423640 0.0325384 0.0000000 0.1118917 0.0760567 0.1056962 0.1180372 0.1434738 0.2156974 0.2244971 0.1298790 0.2358094 0.3283747 0.5329194 0.5108191 0.7185826 0.5644609 0.4827777 0.4961942 0.5585839 0.7059945 0.4478158 0.4226980 0.9371358 0.4369509 0.5875858 0.5607273 0.5737340 0.5019691 0.5265120 0.5207885 0.5548465 0.5887480 0.7029333 0.7044974 0.7471916 0.4499767 0.6579173 0.7429286 0.5895420 0.6257485 0.7147346 0.7148169 0.7219730 0.7194698 0.7234498 0.7073158 0.7096631 0.5225098 0.7619948 0.6975743 0.7141091 0.8808057 0.8026895 0.7600906 0.7300973 0.7480179 0.7747207 0.7850051 0.7177542 1.0296809 0.9821807 1.0393233 2.1869327 1.1017802 1.0769985 1.1007010 1.2479192 0.8070025 1.1451344 1.4648941 0.4561761 1.0735980 1.0935238 1.2336159 2.3286874 2.2926718 1.7738399 1.0085177 0.9398947 0.9412498 0.8564012 0.6575136 0.7519856 1.1820328 0.8264628 1.1157027 1.0839224 2.0023854 0.8669443 1.8031519 1.8097383 1.4847411 1.2820323 1.0401871 1.1420476 0.3966431 0.1981469 1.4958915 0.8561344 1.1624839 3.7121807 
Fspp_ffun1.m4.30089.m1                                   2.7982264 2.6015887 3.0716768 2.2035986 2.1952529 2.8759233 1.6061947 1.9870055 1.9300490 2.8151278 2.0997909 3.1738239 1.4735476 0.9215751 0.9697990 0.9096255 0.9248516 0.8748073 0.0424144 0.1146796 0.1118917 0.0000000 0.1093618 0.1488969 0.1634458 0.1435789 0.2717058 0.2933515 0.1650553 0.2984281 0.3200415 0.6370731 0.6117402 0.7838944 0.5884917 0.5598806 0.5772656 0.6637058 0.7695715 0.4628703 0.5051928 1.1145095 0.4449915 0.6452310 0.6178190 0.6397520 0.6052122 0.6094788 0.6344919 0.6757947 0.6302163 0.7967486 0.8042330 0.8879911 0.5312305 0.7911685 0.8630426 0.7221791 0.7406940 0.8176156 0.8192437 0.8257583 0.8201523 0.8254453 0.8041424 0.8039485 0.5579084 0.8460552 0.7990523 0.8417584 0.9588863 0.8950536 0.8588755 0.8345947 0.8324535 0.8809479 0.8391175 0.8396151 1.1382586 1.0526309 1.2235652 2.5645722 1.1597505 1.1340363 1.1860832 1.3013835 0.9166805 1.2787446 1.6178764 0.4963492 1.1973310 1.2280959 1.3059322 2.3956250 2.3139440 1.7245119 1.1873995 1.0050726 1.0418699 1.2189457 0.7773693 0.6424609 1.2953006 0.8387665 1.1972726 1.1421545 2.0778283 1.0880217 1.8862821 2.0224280 1.3549415 1.5766980 1.2272484 1.5258242 0.4654289 0.1500550 1.5917449 1.0281182 1.0655332 3.5147837 
Gfas_gfas1.m1.963.m1                                     2.7103688 2.0232170 2.5772191 1.9988931 2.0420183 2.5736188 1.4495676 1.7688948 1.6493364 2.4468548 1.9677872 2.8073124 0.9625374 0.8520555 0.8763394 0.8328115 0.8242538 0.7756395 0.0640265 0.0861606 0.0760567 0.1093618 0.0000000 0.0806666 0.1000824 0.1288687 0.2190899 0.2178890 0.1334348 0.2120377 0.3466287 0.5445003 0.5153674 0.7039843 0.5345684 0.4703171 0.4847983 0.5581782 0.6998349 0.4667801 0.4163584 0.9274206 0.4160606 0.5888617 0.5572581 0.5772095 0.5032371 0.5160844 0.5103897 0.5606262 0.5920197 0.7136798 0.7138610 0.7819388 0.4234965 0.6611088 0.7466730 0.6029336 0.6106335 0.7147723 0.7147164 0.7263081 0.7231338 0.7198291 0.7128730 0.7123233 0.5159262 0.7501226 0.6983101 0.7250921 0.8698678 0.7877921 0.7589915 0.7110456 0.7005201 0.7661548 0.7729250 0.7246047 0.9937862 0.9701702 1.0718901 2.1982701 1.0833653 1.0799211 1.1034733 1.2292034 0.7497804 1.1082551 1.4605608 0.4668617 1.0425881 1.0552797 1.2486698 2.4268428 2.3312608 1.7613331 0.9780664 0.9072058 0.8980794 0.8057426 0.6740811 0.7519856 1.1935789 0.8167852 1.1319266 1.1278331 1.9758191 0.8524368 1.6929575 1.8252165 1.4569875 1.2856546 1.0869443 1.1358171 0.3664480 0.1770296 1.5206637 0.7171456 1.0401254 3.7057436 
Amil_Amillepora22664-RA                                  2.3946852 2.4334282 2.7051574 1.9592806 1.9301756 2.4948147 1.4961182 1.7830099 1.6417673 2.7093959 2.2139843 3.0090666 1.0203685 0.9119518 0.9383505 0.9037938 0.8543453 0.8539618 0.6747706 0.1110528 0.1056962 0.1488969 0.0806666 0.0000000 0.0245965 0.1196214 0.2380737 0.2408854 0.1501082 0.3020382 0.3312366 0.5653095 0.5407772 0.7825205 0.5708943 0.5248813 0.5282028 0.6046889 0.7798242 2.9793920 0.5071362 1.0640049 0.4494512 0.6269686 0.5951832 0.5865318 0.5453572 0.5601084 0.5295007 0.7056381 0.6267966 0.7582293 0.7535214 0.7846910 0.4662796 0.6879897 0.7668627 0.6399134 0.6425202 0.7426033 0.7361597 0.7508552 0.7492895 0.7522540 0.7372179 0.7399546 0.5323168 0.8241449 0.7534142 0.7922560 0.8896905 0.8402768 0.7904046 0.7710744 0.7904520 0.8538482 0.8329750 0.7265166 0.9810497 1.0075453 1.1184035 2.2867001 1.1277100 1.1415836 1.1330213 1.3343173 0.7960153 1.2268717 1.5326447 0.4576964 1.0639603 1.1248456 1.2798984 2.4970750 2.3967243 1.8731061 0.9847117 0.9227879 0.8889081 0.4352597 0.6690401 0.5467521 1.2301660 0.7677809 1.1482358 1.0113634 2.0051164 1.0337236 1.8937186 1.8884434 1.4299089 1.2880024 1.0915092 1.1585577 0.4407001 0.2429045 1.4754155 1.2047430 0.8042745 3.6872753 
Adig_XM_015920901.1                                      2.4108056 2.4334282 2.7183315 1.9140148 1.9013627 2.5031492 1.4795799 1.7333506 1.6417673 2.6209985 2.1655787 2.9097846 1.0203685 0.8899499 0.9211890 0.8586216 0.8597936 0.8245739 0.0890645 0.1203482 0.1180372 0.1634458 0.1000824 0.0245965 0.0000000 0.1196214 0.2469604 0.2527204 0.1894794 0.2953838 0.3318807 0.5443197 0.5374730 0.7527041 0.5659442 0.4976511 0.5165903 0.5868938 0.7411649 0.4398183 0.4275890 0.9536690 0.4706035 0.6151579 0.5899597 0.6013810 0.5212110 0.5513095 0.5332566 0.5490941 0.6213936 0.7126491 0.7120060 0.7765853 0.4662796 0.6506969 0.7341360 0.6141519 0.6253195 0.7193909 0.7129914 0.7278702 0.7264958 0.7205360 0.7033214 0.7057465 0.5451861 0.7379785 0.6864887 0.7195994 0.8623586 0.8072054 0.7511742 0.7377019 0.7561979 0.8082877 0.7807650 0.7197385 1.0030139 0.9880612 1.0781483 2.2410913 1.1256398 1.0986307 1.1276299 1.2474237 0.7712643 1.1486246 1.5172368 0.4524370 1.0443819 1.0912352 1.2621471 2.5245031 2.4071182 1.9321573 0.9707275 0.9164495 0.8986559 0.7812984 0.6672761 0.8583687 1.1497524 0.8505042 1.1038240 1.0284661 2.1174700 0.8542602 2.0891393 1.8707159 1.5032809 1.1864350 1.0609982 1.1679293 0.4110377 0.2429045 1.4898196 0.7507115 1.1806029 3.7935604 
Nvec_NVE6030                                             0.0000010 0.0000010 3.8749058 3.8749058 3.8749058 3.8749058 3.8749058 3.8749058 0.0000010 6.6246142 0.0000010 3.1435756 0.0000010 0.7094070 0.7294861 0.7676715 0.6820686 0.6127822 0.0000010 0.1434738 0.1434738 0.1435789 0.1288687 0.1196214 0.1196214 0.0000000 0.0000010 0.0753703 0.1156668 9.0000000 0.1616867 0.4680870 0.4509358 0.4920154 0.5074252 0.3467372 0.3180139 0.6084862 0.5726185 0.0000010 0.0000010 8.5375392 1.1203711 0.7374695 0.6690342 0.6467453 0.4731714 0.5519237 0.6020003 0.7251589 6.7070592 0.8096504 0.7836586 0.7584855 0.0000010 0.8560588 0.7958520 0.6131661 0.6202071 0.6030574 0.5928003 0.5808086 0.5808086 0.5940950 0.5988852 0.5988852 8.9999983 0.6735753 0.6527883 0.7103123 0.7621471 0.7543085 0.6565636 0.5379100 0.6376071 0.7428091 0.7033546 0.6341910 0.0000010 1.2677702 1.4242805 8.9999985 1.0405072 0.9845500 1.2586848 1.5096041 0.0000010 1.3088862 1.2837775 0.0000010 1.4508367 1.1460853 1.1857219 1.4234435 1.5657792 1.4367767 0.0000010 1.0873846 1.0873846 0.0000010 0.5537502 0.0000010 1.6401057 0.0000010 0.9916989 2.6791390 1.4517694 0.0000010 1.3521685 2.0941798 1.1484044 0.8978056 0.2316461 0.0000010 1.2092337 0.0000010 1.4906560 3.5536924 0.7869724 3.1607176 
Nvec_v1g176303                                           3.1721116 1.2327416 1.9247368 1.9247368 1.9247368 1.9247368 1.9247368 1.9247368 1.1922266 6.9288782 9.0000000 4.2185468 0.0000010 0.9273257 0.9490385 0.9500472 0.9173774 0.8516961 0.0000010 0.2185596 0.2156974 0.2717058 0.2190899 0.2380737 0.2469604 0.0000010 0.0000000 0.2019933 0.2025891 9.0000000 0.2669483 0.5567685 0.5022073 0.7615114 0.5138382 0.4802090 0.5093131 0.5900844 0.7345966 0.0000010 0.6124717 1.8502749 0.4075126 0.6903191 0.6692510 0.6972892 0.6029599 0.5907031 0.5290291 0.7251589 0.5327813 0.8064956 0.7918991 0.7960645 0.2455798 0.7486884 0.8682154 0.6473224 0.6606224 0.8107132 0.8109756 0.8230635 0.8140791 0.8333243 0.8368119 0.8379748 0.5467337 0.8225475 0.8179046 0.8108858 0.8907726 0.8529334 0.7982528 0.7820539 0.7997055 0.9198062 0.8195860 0.9001047 0.0000010 1.0683337 1.1192871 2.0778920 1.1898850 1.1966102 1.1842406 1.3519879 2.7564631 1.4084316 1.6076514 0.5377237 1.2393943 1.3043284 1.3033253 2.3378000 2.3847243 1.8561394 0.0000010 0.8592081 0.8592081 0.0000010 0.7480782 0.2985763 1.3879873 0.7237857 1.2398284 1.0735864 2.0779160 0.0000010 2.1720306 1.9874118 1.4900959 1.2212828 1.0610369 1.2988309 0.6187801 0.3477274 1.4632603 1.8135926 1.0996214 3.4460604 
Exapal_XM_021041971.2                                    3.0204628 2.4044074 2.6800710 1.8861857 1.9359186 2.4407955 1.4875689 1.7924891 1.6404534 2.7144957 2.0903082 3.0268684 1.0443466 0.8947777 0.9094991 0.9093231 0.9052130 0.8183882 0.2588193 0.2291844 0.2244971 0.2933515 0.2178890 0.2408854 0.2527204 0.0753703 0.2019933 0.0000000 0.3247670 0.2105825 0.3408920 0.5557116 0.5011677 0.7438339 0.5933318 0.4550639 0.4833553 0.5586479 0.7306094 0.4058583 0.4127910 0.9747930 0.4434434 0.5898625 0.5357201 0.5646247 0.4962616 0.5513134 0.5124105 0.5423748 0.5679831 0.6669317 0.6586499 0.7286974 0.4366969 0.6394199 0.7197586 0.5773754 0.6325826 0.7294217 0.7277623 0.7363473 0.7353500 0.7278705 0.7034219 0.7057723 0.5269877 0.7329631 0.7078744 0.7323451 0.8778537 0.7988949 0.7544681 0.7555378 0.7785730 0.8073093 0.8039504 0.6979384 1.0925942 1.0620606 1.1198516 2.3513059 1.1704858 1.1380216 1.1201353 1.2497912 0.8212707 1.1539408 1.4825506 0.4502558 1.0394575 1.0972534 1.2678855 2.5462592 2.5267957 1.9722485 0.9809958 0.8903846 0.9007467 0.9047617 0.6261989 0.7758482 1.2008047 0.8174658 1.1319220 1.0906654 2.3888529 0.8583194 2.1894638 2.0201878 1.3361471 1.1322851 1.0605978 1.2092822 0.7545967 0.4041604 1.5827626 0.7488937 1.2899320 3.4809696 
Gasp_gasp1.m3.23707.m1                                   2.7184783 2.1619931 2.3810625 1.8018255 1.8808542 2.3060495 1.7816754 2.0435141 1.8963683 3.6306311 3.2824494 4.4476662 0.9767304 1.0630485 1.0815486 1.0500043 0.9858052 0.9537658 3.4566055 0.1368833 0.1298790 0.1650553 0.1334348 0.1501082 0.1894794 0.1156668 0.2025891 0.3247670 0.0000000 0.6174742 0.3238444 0.6548577 0.6278265 0.8891031 0.6519746 0.6032692 0.6110400 0.7134725 0.8480614 8.3718671 1.1174049 1.3449907 0.5414526 0.7050529 0.6739184 0.6942840 0.6553790 0.6518087 0.6200837 1.3150872 0.8051381 0.8690169 0.8830690 0.7863367 0.7453778 0.8168507 0.8991943 0.7660681 0.7495306 0.8621713 0.8629496 0.8722260 0.8662836 0.8765306 0.8745626 0.8775797 0.5219887 0.9315301 0.8438016 0.8535279 0.9652247 0.9170029 0.8975161 0.8933351 0.8854808 0.9720180 0.9244275 0.8302632 1.2404007 1.0974406 1.0525728 2.1478217 1.1885355 1.2371071 1.2320117 1.4283203 1.5132713 1.4238883 1.4686595 0.4733670 1.2310233 1.3170688 1.4070237 2.4158360 2.3837461 1.7971043 1.6595982 0.9622256 1.1411265 3.8135457 0.6789797 0.8608748 1.3765562 0.7431663 1.3353439 1.0977949 2.0825942 1.6622191 1.9752189 1.8702938 1.4680047 1.2929089 1.0695652 1.1430808 0.3113510 0.1294999 1.4930925 1.6188452 1.2207240 3.5201134 
Nvec_v1g105068                                           0.0000010 7.4764250 7.6108113 2.7812403 4.9197445 4.8643310 1.4627498 2.1779758 2.6008329 1.1949266 1.1949266 1.7572747 1.0043674 0.8776689 0.8907094 0.8423693 0.8251033 0.7371960 0.2050758 0.2481485 0.2358094 0.2984281 0.2120377 0.3020382 0.2953838 9.0000000 9.0000000 0.2105825 0.6174742 0.0000000 9.0000000 0.5416925 0.5733846 0.7251165 1.0219147 0.4965836 0.5035290 0.5497723 0.6702949 0.4393253 0.4282055 0.4925172 0.5501432 0.5394333 0.5056710 0.4966634 0.4621515 0.5181223 0.5792527 0.5671027 0.6510494 0.6041878 0.6250208 1.1312843 0.8089194 0.6167690 0.6909330 0.5801305 0.6743150 0.6746573 0.6624671 0.6658954 0.6658954 0.6479170 0.6146805 0.6204678 0.0000010 0.6866964 0.6169778 0.6051714 0.8103769 0.7734746 0.7524460 0.6875260 0.7715630 0.7610311 0.7845848 0.6574922 1.0052818 1.0227674 1.7934043 9.0000000 1.1225873 1.0319157 1.0825538 1.1825272 0.7997594 0.9597046 1.6161256 0.0000010 0.9965164 0.9796453 1.4413191 9.0000000 0.0000010 9.0000000 1.0401654 1.7009789 1.0273787 0.8903055 0.8390943 1.9154209 1.1012398 3.3065930 1.0229273 0.0000010 9.0000000 0.9036698 0.0000010 0.0000010 0.0000010 9.0000000 0.0000010 1.9856314 0.0000010 0.0000010 2.1728029 0.5389977 1.1222810 3.6235140 
Lcom_lcpid236784                                         0.0000010 0.0000010 2.5866308 2.5866308 2.5866308 2.5866308 2.5866308 2.5866308 0.0000010 8.9999986 0.0000010 4.8696049 0.0000010 0.6318764 0.6476378 0.5739748 0.6225978 0.5201950 0.0000010 0.3108809 0.3283747 0.3200415 0.3466287 0.3312366 0.3318807 0.1616867 0.2669483 0.3408920 0.3238444 9.0000000 0.0000000 0.1911893 0.2307226 0.2524003 0.3349865 0.2862429 0.2658260 0.3213413 0.3479954 0.0000010 0.0000010 1.2801549 0.6423495 0.5563168 0.5234271 0.4868900 0.3266107 0.3717376 0.3269101 0.7251589 0.0000010 0.3985384 0.3642588 0.3765018 0.0000010 0.4374067 0.4374067 0.4573985 0.3884140 0.4729300 0.4854024 0.4935989 0.5283305 0.4919376 0.4672458 0.4672458 0.8613176 0.5001764 0.4816875 0.4576393 0.4870451 0.4090058 0.4273018 0.5390979 0.4189328 0.5440029 0.4081080 0.5087974 0.0000010 0.6892953 0.8460463 0.0000010 0.8694226 0.7496741 0.7830989 0.9611298 3.0985353 0.8588460 0.8605335 0.0000010 0.8359578 0.7606909 0.8196939 1.4853036 1.2024337 0.8782452 0.0000010 0.7155328 0.7155328 0.0000010 0.5351331 0.0000010 0.8596526 0.7329569 0.6889509 1.7533927 9.0000000 0.0000010 0.0000010 0.0000010 0.0000010 0.7707743 0.0000010 0.0000010 0.0000010 0.0000010 0.7537997 3.5666481 0.2955758 2.5061154 
