107
Aque_Aqu2.1.38495_001                                             0.0000000 0.4631371 0.5177025 0.4161361 2.8653414 2.9342069 1.2392724 2.5476270 2.5409688 1.1715239 2.2334771 2.7834649 2.4541242 2.5906721 2.7247642 2.7654871 2.5296510 2.5782066 2.9071786 1.8556887 2.6731678 2.7322968 3.2681592 2.5367177 2.6179899 2.4858439 2.9435965 2.2922334 2.5226634 1.8021083 2.9115408 2.7016696 2.8885228 2.1634659 3.2552085 2.9828251 2.7574665 3.1397193 2.5370112 3.1512793 2.9624828 3.2005133 3.2328600 3.0857848 3.3175235 3.5165048 3.1351651 2.1385424 2.3722888 3.3897249 2.9028280 2.9886786 2.8354812 2.7415494 3.1012803 3.3789139 3.7947553 3.4542245 3.4052972 3.4796114 3.7003200 3.0385156 3.5123494 3.0740958 3.8869481 2.8739401 3.0426173 3.1676475 2.7477038 2.6755637 2.6755637 3.2675279 3.1853081 2.9784003 2.9760788 2.4347154 3.0032674 2.7977052 2.7977052 2.8766313 2.5940241 2.5940241 1.6138918 1.6677238 1.8710605 2.2787160 2.9631284 4.5643099 1.7555494 3.3606560 3.4745344 3.3617616 1.6872001 1.6992529 1.8727200 2.7460576 2.6620297 2.6162262 3.7355500 3.7520707 2.9517094 3.9210232 4.7611220 3.8042091 4.3247161 6.5392144 5.4188484 
Xestes_maker-XT_scaffold28346-augustus-gene-0.20-mRNA-1           0.4631371 0.0000000 0.4252542 0.4252542 2.5815692 2.5231098 1.3342755 2.1733119 2.1568072 0.0000010 2.4977011 3.0640781 2.1055241 2.4842959 2.4836664 2.5106945 2.3278198 2.2428440 2.2378406 1.9343314 2.2687297 2.2843787 3.0333378 2.3101654 2.2988627 2.6624361 2.4337886 1.9324554 2.4192940 2.1241876 2.4391192 2.3300883 2.1723942 2.1901784 2.6373972 2.1323500 2.6902334 2.6902334 2.4494222 2.6489035 2.4922582 2.6008000 2.5851090 2.5507622 2.5840154 2.5637364 3.3209147 2.4642085 2.6209084 3.2583166 2.9937166 2.8423360 2.9319822 3.2015319 3.0420304 3.4416783 9.0000000 3.4126658 4.3268171 3.4236695 3.5644038 3.0339736 3.3476806 3.0339736 6.7693157 3.1809232 3.6259387 2.8714534 2.6783467 2.5666810 2.5666810 3.0901312 3.0901312 2.8414400 2.8414400 2.0948697 3.3195882 2.7844633 2.7844633 2.5103130 2.8910753 2.8910753 1.6425055 1.6425085 2.1722960 2.1722960 2.9509572 0.0000010 1.4659799 3.5312428 2.9533973 2.5683636 1.6850634 1.8253639 0.0000010 2.4121260 3.1219263 2.8200931 3.3900054 3.5262144 3.3249931 0.0000010 0.0000010 3.6376209 6.8216189 7.5601905 5.1278096 
Halamb_c47742_g1_i1mm.2371                                        0.5177025 0.4252542 0.0000000 0.0961673 2.9694202 3.0491060 1.1702107 2.7059804 2.4804619 1.1379474 2.2425444 2.8141834 2.6452838 2.7149681 2.7590211 2.7478289 2.4707304 2.5819248 2.8311602 1.7150909 2.4697103 2.5776797 3.0050059 2.6388800 2.5250549 2.5548476 2.6977860 2.3677868 2.6970438 1.8466812 3.0283446 2.7025041 2.8187109 2.0237729 3.1433434 3.1188112 2.8485423 3.2084129 2.7498805 3.5957205 3.4300168 3.7037809 3.7447507 3.4252128 3.6762016 3.8917157 3.1727198 2.2544163 2.3558636 3.7152009 3.1393219 3.2141602 2.8774259 2.6359960 3.0547659 3.2099858 3.6107660 3.3617277 3.8933529 3.9849087 3.8862824 3.2247518 3.7871374 3.3898143 3.2640226 3.0318957 3.5268058 3.3362739 3.1770899 2.7775163 2.7775163 3.2984394 3.2823465 3.2593543 3.2567120 2.6809055 3.3483160 2.8555210 2.8555210 2.8806028 2.7602184 2.7982255 1.7323181 1.7796151 1.9090110 2.3755322 2.8567187 3.9296627 1.7647919 3.4873665 3.5838332 3.5601670 1.8389910 1.8506130 1.9987936 3.0155586 3.2153895 2.8486290 3.5588284 3.4286634 3.7224963 4.2175904 4.6171288 3.8885289 4.2554042 6.2456329 6.2460544 
Halamb_c44990_g1_i3mm.1580                                        0.4161361 0.4252542 0.0961673 0.0000000 2.6785607 2.9552548 1.1702107 2.6918105 2.3219295 1.1379474 2.2119647 2.6324191 2.4790440 2.6263311 2.7054632 2.6378365 2.3969279 2.4517777 2.6962955 1.7150909 2.4092069 2.4816685 2.9337241 2.4729857 2.3953682 2.4961588 2.6723926 2.2696204 2.5835909 1.8466812 2.8553067 2.5295677 2.6751536 2.0237729 2.8724383 2.9275044 2.6710043 3.0730447 2.5308770 3.0922261 2.9130545 3.0679352 3.1014680 2.8973190 3.0908261 3.2595273 2.9260889 2.2544163 2.3558636 3.6010190 3.0690956 2.9204364 2.6728992 2.6359960 3.0298258 3.1306872 3.3750519 3.1963156 3.8933529 3.7894077 3.6264581 3.1908584 3.8985908 3.3733405 3.3501478 2.9408992 3.5268058 3.1603928 2.9154234 2.5889913 2.5889913 3.3153719 3.2681579 3.0632858 3.0632858 2.6809055 3.3483160 2.7190148 2.7190148 2.7464643 2.5495262 2.5852084 1.6032616 1.8305918 1.9081818 2.2106289 2.6457662 3.3492182 1.6263021 3.3412775 3.4572322 3.3587327 1.6753053 1.8578700 1.5598920 2.8535345 2.9555653 2.7645420 3.4677214 3.1919419 3.4595309 3.3839328 4.3805137 3.6874500 4.2089898 6.2456329 5.3177065 
Bralan_BLAG09001150_1                                             2.8653414 2.5815692 2.9694202 2.6785607 0.0000000 1.1686208 0.6371892 1.1995033 1.0524344 0.5521181 1.3294252 2.0112073 1.1770045 1.3450408 1.4200922 1.5131505 1.2976751 1.3359418 1.3688125 0.7578679 1.3557834 1.5725995 1.8065062 1.5090828 1.1391119 0.6824510 1.0893725 1.2992328 1.0675048 1.7851084 1.5514213 1.3299454 1.8724674 1.0755849 2.4061475 1.4791503 1.4526527 1.7493690 1.5444474 2.0228955 1.9878314 2.0891352 2.1149671 2.0437568 2.0960259 2.1749035 2.6991369 1.7643555 2.0562290 2.4480562 2.5673441 2.2831007 2.1833948 2.2185689 2.5222620 2.7602167 3.7835643 2.8235104 2.9309549 2.9896919 2.8402764 2.4715356 3.1939791 2.6801061 2.5988031 2.2186756 2.5479962 2.7802729 2.2833456 2.0676855 2.0676855 2.7625572 2.7673360 2.3469135 2.3574673 1.5880803 1.1895211 1.9388052 1.9363240 2.2570885 2.0409661 2.0340049 2.3356489 2.3949907 1.9060197 2.2243084 2.2275025 2.4267823 2.6138304 2.1203597 2.0398426 2.0020251 2.8526491 2.9427211 3.2354470 1.9130511 2.3143114 2.3121853 3.0693486 2.7724816 3.1560664 2.8774165 4.3151644 2.8996821 3.6883308 5.4757696 5.8023941 
Acagra_model.g2846.t1.1.5d3b81fb                                  2.9342069 2.5231098 3.0491060 2.9552548 1.1686208 0.0000000 0.4921135 1.3584102 0.8577778 0.7097363 1.2815603 1.9419888 1.3106805 1.6674858 1.6976505 1.8147100 1.4873811 1.4618391 1.5551881 1.1935410 1.6273701 1.9472793 2.1338502 1.6331365 1.3891524 0.8148547 1.5866555 1.4903925 1.5293900 1.9839374 1.9004798 0.9952144 1.9816082 1.3597116 2.3973722 1.5782773 1.5762580 2.0026757 1.7102204 2.3677578 2.2701908 2.4057594 2.4344242 2.2881660 2.4377337 2.5467881 2.9715411 1.9512052 2.1591843 2.8276161 2.7445861 2.7157920 2.3873262 2.2386311 2.4318814 2.7497464 3.5295677 2.9236365 3.0300116 3.1817537 3.1002506 2.8021803 3.5538932 2.9366762 2.6484202 2.6208409 2.6557624 2.8400662 2.3201730 2.1754671 2.1754671 2.8157768 2.7863645 2.5399704 2.5261454 1.5662693 1.4730205 2.1025903 2.0998387 2.4728305 2.2406062 2.2473431 2.3431227 2.3951742 1.9477162 2.3651867 2.5613786 3.2509212 2.7626001 2.4027999 2.3428608 2.3936446 2.7730877 2.9330654 2.9744934 2.2386097 2.3312297 2.6589593 3.2168255 2.9105644 3.2540929 3.3403026 3.7328730 2.7281192 4.3621767 5.5498320 6.1398744 
Morvir_scaffold3729.g1.t1                                         1.2392724 1.3342755 1.1702107 1.1702107 0.6371892 0.4921135 0.0000000 0.6609999 0.7042429 1.9109763 1.0162676 2.6874072 0.6623867 0.5229072 0.5665304 0.6530379 0.6609686 0.7120550 0.6447048 0.0000010 0.7478103 0.6556971 3.5340349 0.7120550 0.8056685 0.6758381 0.8554359 0.9461365 0.8903016 1.5563983 0.5321265 0.7513192 1.1945731 0.0000010 1.1107039 0.8611114 1.0340283 1.0340283 1.1691863 0.9512211 0.9512211 0.9968248 0.9968248 1.1635175 0.9886092 0.9808979 1.5345162 0.0000010 0.9359749 1.1589932 1.2517827 1.4232655 1.1201967 1.5857911 1.4160485 1.5060851 3.2291305 1.6726695 3.7393059 1.2210424 1.3453960 1.3707607 4.1400624 1.8425791 2.5614207 1.6688687 3.8609724 1.1682304 1.2224934 1.2773532 1.2773532 1.2301526 1.2301526 1.0909367 1.0909367 0.9197329 0.0000010 1.1906723 1.1906723 0.9903067 1.2388061 1.2388061 0.8916390 1.1357112 1.2626379 1.2626379 1.6608571 1.5067872 1.2168421 3.1576344 0.9840434 0.7758913 1.2403617 0.0000010 1.6108806 1.6188391 2.0727313 1.8094605 1.6314707 1.7597270 2.1450106 1.8526975 0.8365212 1.7508722 2.6016905 7.7883075 8.9999989 
Cscu_XM_023386745.1                                               2.5476270 2.1733119 2.7059804 2.6918105 1.1995033 1.3584102 0.6609999 0.0000000 1.0526961 0.4757706 1.1524980 1.7295427 0.8697782 1.6760258 1.7178571 1.8642746 1.6303326 1.6863082 1.7710921 0.7604844 1.6984113 1.8609706 1.9167278 2.1063176 1.4314125 0.9155034 1.3849087 1.8539014 1.3970496 2.1759620 1.8545887 1.5270436 2.0191537 1.1143890 2.6280803 1.8322741 1.7812283 2.0854893 1.7381543 2.2730463 2.2363831 2.2599617 2.2612386 2.2448356 2.2964360 2.4351217 2.6819798 2.0900113 2.0577389 2.8095273 2.4555168 2.6380922 2.3616204 1.9350985 2.3132657 2.4303014 2.7073454 2.9427873 3.4347309 3.0720658 3.0550822 2.6897242 3.4803882 2.8332431 2.9989906 2.6188757 2.7591900 2.6562512 2.1521193 2.0959742 2.0959742 2.9169579 2.8499473 2.4164720 2.4164720 1.8224920 1.4695254 2.0147277 2.0120713 2.3610495 2.3186046 2.2875013 2.2428328 2.1951136 1.8135296 2.4236258 2.5535609 2.9149178 2.4574355 2.3508815 2.3472623 2.3958766 2.9025485 2.6851003 3.4353685 2.1267937 2.4700887 2.7143676 3.0719932 3.3297859 3.6405023 3.5284938 3.9019224 2.9257248 4.8956378 4.8771412 5.8982832 
Ctel_gnl_WGS_AMQN_CAPTEDRAFT_mRNA155141                           2.5409688 2.1568072 2.4804619 2.3219295 1.0524344 0.8577778 0.7042429 1.0526961 0.0000000 0.3579531 1.1911821 1.5847533 1.0810819 1.7785842 1.7776319 1.7609284 1.4101246 1.4426117 1.5630068 0.7583566 1.5985143 1.7642041 1.9470764 1.7107784 1.1289715 0.8341345 1.2520391 1.3641760 1.2946237 1.5580040 1.8411889 1.1681465 1.7504606 1.1695350 2.2072672 1.4952099 1.6419878 1.9694595 1.5986129 2.0974366 2.0471941 2.1146771 2.1080032 2.0568620 2.0986831 2.1877700 2.8703537 2.0688750 2.0970478 2.8735752 2.5386584 2.3883106 2.1720877 2.0530908 2.1271952 2.4852944 2.6424867 2.6740233 3.0550480 2.9253008 2.7894813 2.3563529 3.1630968 2.4272365 2.3648414 2.3467715 2.4783666 2.6938887 2.1609460 1.9743137 1.9743137 2.8179531 2.7534957 2.1392116 2.1495672 1.4173057 1.4560024 1.8792943 1.8815542 1.9863279 2.0280997 2.0063835 2.2612395 1.9825486 1.7022863 2.2342879 2.5114261 2.4770348 2.4508796 2.4497106 2.0315539 2.0793158 2.4331644 2.4472840 2.5512387 2.0683453 2.4338914 2.4642486 2.9566677 2.6258198 3.1719771 3.3389411 2.9867781 2.6919655 4.1642833 6.1436786 6.8466925 
Dpul_mRNA30410                                                    1.1715239 0.0000010 1.1379474 1.1379474 0.5521181 0.7097363 1.9109763 0.4757706 0.3579531 0.0000000 0.0493982 0.0760954 0.4905393 0.6306747 0.6306747 0.6306747 0.7648093 0.8118391 1.5247051 0.0000010 0.6911866 1.0396996 1.0711099 0.8054880 0.5811987 0.6795545 0.6951122 0.7266858 0.6754455 1.1939559 0.5944568 0.6445495 1.2816214 0.0000010 1.4274330 2.4534201 1.2412085 1.2412085 1.0335773 1.0182737 1.0053664 1.0379885 1.0379885 1.0786957 0.9793901 1.4801863 0.9724687 0.0000010 1.4629421 0.9231242 0.8404934 0.7507039 1.0533277 1.2460610 0.9629070 0.9256925 0.7227769 0.8946492 0.0000010 1.4602481 1.4204790 0.8150228 0.0000010 2.3098598 0.6379358 0.8371528 4.3106022 1.3269483 1.3269483 1.2984421 1.2984421 1.2527518 1.2527518 1.0394522 1.0394522 5.5733951 0.0000010 1.0212775 1.0212775 0.9848350 0.9995700 0.9995700 0.9303126 6.3915866 0.9785835 0.9785835 0.7378163 0.5749634 0.7518129 0.7157961 1.5027269 8.1842739 0.9973321 0.0000010 0.9973321 1.3807343 1.0360575 1.2763933 1.1306425 1.2072936 1.1976816 0.6885297 0.5393520 1.6427512 1.1099692 3.5989804 3.6763118 
Dpul_mRNA5975                                                     2.2334771 2.4977011 2.2425444 2.2119647 1.3294252 1.2815603 1.0162676 1.1524980 1.1911821 0.0493982 0.0000000 0.3458584 1.0501325 1.6486187 1.6724696 1.6455624 1.6832585 1.6372077 1.7413225 0.9109812 1.5704352 1.6601827 2.0073518 1.5931709 1.3409020 1.5418266 1.4595426 1.6034053 1.5550632 1.9643550 1.7060189 1.2573515 1.9317476 1.2099585 2.5695466 1.8660341 1.9808484 2.0639643 1.7759056 2.0823874 1.9531250 2.1157262 2.1297944 2.0266161 1.9977265 2.1338424 2.4203462 2.1109961 2.0207137 2.3779659 2.3331693 2.0580569 2.0357749 2.0992070 2.3478683 2.5836771 2.2061825 2.6371086 3.4698236 2.6388585 2.5694386 2.4848555 3.3959525 2.9215389 1.2816989 2.4021420 2.7874325 2.2123754 1.8972948 1.8165496 1.8165496 2.1098275 2.1098275 1.9353423 1.9353423 1.7935762 1.7599389 1.6823783 1.6845864 1.9491614 1.9563779 1.9306487 2.0504849 2.1854104 1.9296745 2.1206443 2.4412728 1.7283409 1.9939775 2.4344784 2.0489642 2.5137813 2.2564920 2.6496091 1.8620413 1.8551267 2.1168878 2.0915132 2.4213519 2.7094783 2.6653214 1.7745963 2.1156959 2.5480588 2.6335388 6.2606409 4.4227400 
Dpul_mRNA3240                                                     2.7834649 3.0640781 2.8141834 2.6324191 2.0112073 1.9419888 2.6874072 1.7295427 1.5847533 0.0760954 0.3458584 0.0000000 1.5520726 2.1486292 2.2672418 2.2396411 2.5140118 2.5591636 3.3128557 0.0000010 2.3502500 2.8562792 2.7401634 1.9349012 1.6225863 1.9534775 2.0026030 2.3623803 2.0574569 1.8989924 2.2361079 1.8464223 3.4773841 5.8709825 3.2160937 3.7620077 2.8526821 3.0535658 2.0793618 2.8696290 2.9305294 2.9086192 2.9082539 2.8992807 2.5873831 3.1894361 2.9330644 4.4849121 2.9732788 2.6552879 2.6556640 2.2636171 2.1762288 2.4602438 2.3967428 3.0381950 1.5165758 3.0289019 7.6822055 3.2663796 2.9160902 2.6267884 6.6355538 4.4929209 1.1669164 2.4903516 3.5652300 2.6964098 2.8374241 2.8024655 2.8024655 2.4100146 2.4100146 2.8057619 2.8057619 2.0750338 8.9999981 2.3435075 2.3619430 2.3959629 2.8489735 2.7668333 3.2486994 5.3114332 2.4159909 2.7262848 3.0288774 1.4196004 2.3396018 2.3195281 3.1483488 5.4524495 2.8002433 4.6982579 2.0446549 2.2158302 3.0292528 2.6656250 2.9708717 3.1720422 2.8823468 1.3320368 1.5507649 2.7849456 2.1622852 5.2082771 4.6475786 
Tcas_TC012374_001                                                 2.4541242 2.1055241 2.6452838 2.4790440 1.1770045 1.3106805 0.6623867 0.8697782 1.0810819 0.4905393 1.0501325 1.5520726 0.0000000 1.6940553 1.7553593 1.8008295 1.4881700 1.4936512 1.5882198 0.5312168 1.6431885 1.9001817 2.1804086 1.6445882 1.3019818 0.9707450 1.2179328 1.6696885 1.3956198 1.7512977 1.9081088 1.3979363 1.9527125 1.0406093 2.4148732 1.7078893 1.7173705 1.9848232 1.8077741 2.3619497 2.2789699 2.3733135 2.4150946 2.4678515 2.2532615 2.3991518 2.6940712 2.0848209 2.0988749 2.7669737 2.6498433 2.3171422 2.1250670 1.9440556 2.3912808 2.6552763 2.9295422 2.8300984 3.2340962 3.1676828 3.0515902 2.8646967 3.5821778 2.8657129 3.1603758 2.6568678 2.7674804 2.7881467 2.2255145 2.1434827 2.1434827 2.8837576 2.8093040 2.3823237 2.3823237 1.9172827 1.3463703 2.0285201 2.0258135 2.2566461 2.3043596 2.2728070 2.3209098 2.3604138 1.7512364 2.0851612 2.4099288 2.8723698 2.8023495 2.3079070 2.0776885 2.3172709 2.5200185 2.6474890 2.7520360 2.1407769 2.3979596 2.8363462 3.1655096 2.9576897 3.3151895 3.3367992 4.3175198 3.1309849 4.1640116 5.8107778 6.2008791 
Nemnom_g9244.t1                                                   2.5906721 2.4842959 2.7149681 2.6263311 1.3450408 1.6674858 0.5229072 1.6760258 1.7785842 0.6306747 1.6486187 2.1486292 1.6940553 0.0000000 0.1537735 0.4472281 1.3510409 1.3593365 1.4861191 1.2009182 1.3674125 1.7021999 1.8104000 1.4749030 1.5655340 1.2964169 1.9478097 1.5218172 1.8271798 1.7826548 0.6790244 1.9676916 1.9364778 1.1325587 2.4106428 1.6965996 1.8642571 2.2148696 1.8978806 2.2567754 2.1585896 2.2931322 2.3470143 2.2059739 2.4292578 2.5511417 2.5686282 1.9248533 2.0620045 2.4852634 2.5304504 2.3544654 2.2763438 2.2037316 2.4508517 2.4383490 3.1084486 2.7237517 3.2912610 3.1907917 3.0611972 2.3786519 3.2378932 2.6215034 2.2872549 2.2552655 2.7082202 2.8224835 2.5112609 2.3660313 2.3660313 2.7498424 2.7639668 2.3103035 2.3103035 1.7305153 1.9026720 2.0278080 2.0250968 2.4229021 2.2783635 2.2857056 2.1389926 2.2964317 1.9709008 2.5157906 2.4393306 2.3515354 2.4161496 1.4620697 1.5738996 1.8646334 2.8788936 3.2309610 2.8795375 2.0044483 2.3718678 2.6297530 2.8861813 3.0113900 3.4055097 3.2170226 4.7206386 2.8295815 3.5204198 5.3495539 6.8924049 
Rhoesc_Res_014537-T1                                              2.7247642 2.4836664 2.7590211 2.7054632 1.4200922 1.6976505 0.5665304 1.7178571 1.7776319 0.6306747 1.6724696 2.2672418 1.7553593 0.1537735 0.0000000 0.4003573 1.4163389 1.4198362 1.5495284 1.2474026 1.4342517 1.7305852 1.8256143 1.5563252 1.6335377 1.3261964 1.9651990 1.5690779 1.8568135 1.8523675 0.6357455 2.0406389 1.8964368 1.0341593 2.4223742 1.7825221 1.9846941 2.4060869 1.9370413 2.3190535 2.2159104 2.3376423 2.3868451 2.2101395 2.3919455 2.5020580 2.6416451 1.9799903 2.0392931 2.6692925 2.5951096 2.4013480 2.4087250 2.2516086 2.5991568 2.5589830 3.2639466 2.7966303 3.2196451 3.1767135 3.1688567 2.4015294 3.1040565 2.5464467 2.4088320 2.3138011 2.6115114 3.0022341 2.5750392 2.4576601 2.4576601 2.8560102 2.8724260 2.2900849 2.2900849 1.7534964 1.8292613 2.1066319 2.1037976 2.3797693 2.3100796 2.3177059 2.0660302 2.2970856 1.9894504 2.5179728 2.3928347 2.0774404 2.5651371 1.4361101 1.6831827 1.7807865 2.8151041 3.4000425 2.5991594 2.0908043 2.4127193 2.6992675 2.8256600 3.0244579 3.5564572 3.1246924 3.6052829 3.0472371 3.5848214 5.1290831 6.6672009 
Aaur_scaffold2349.g3.t3                                           2.7654871 2.5106945 2.7478289 2.6378365 1.5131505 1.8147100 0.6530379 1.8642746 1.7609284 0.6306747 1.6455624 2.2396411 1.8008295 0.4472281 0.4003573 0.0000000 1.4420159 1.4019395 1.5163603 1.1159246 1.4321712 1.6524966 1.8498186 1.5680529 1.6948197 1.2881358 1.9686014 1.4678116 1.7810534 1.6684073 0.7113194 1.9175220 2.0844152 1.0488151 2.6991881 1.7284238 2.0313848 2.4805019 1.9320408 2.4364420 2.3328327 2.3776862 2.4394124 2.3213568 2.4187673 2.5376223 2.6588014 1.9715689 2.2146154 2.6416362 2.6486600 2.4134176 2.5177633 2.3204431 2.5073299 2.5835312 3.4698546 2.9319774 3.4161183 3.1271732 3.1761079 2.4922133 3.3966900 2.6885805 2.4397672 2.2607352 2.6531374 3.1963769 2.6281910 2.4078131 2.4078131 3.1285317 3.0160291 2.4981004 2.5094430 1.6378903 1.8353396 2.1921047 2.1891364 2.5028594 2.1875395 2.1939646 2.1396277 2.2173146 2.0158325 2.4654684 2.3576084 2.5569648 2.5607568 1.4187168 1.7879642 1.8654806 2.8704772 3.1167451 3.0146597 2.3070622 2.8545831 2.7309311 2.7388595 3.2094832 3.8222759 2.9524963 4.3281013 3.1660380 3.8184353 5.3359581 7.3397242 
Spis_XP_022780221_1                                               2.5296510 2.3278198 2.4707304 2.3969279 1.2976751 1.4873811 0.6609686 1.6303326 1.4101246 0.7648093 1.6832585 2.5140118 1.4881700 1.3510409 1.4163389 1.4420159 0.0000000 0.0830501 0.2058720 0.1436008 0.2661686 0.4494237 0.4927818 0.1975993 1.6188867 1.0985963 1.6147454 0.8477746 1.6499511 1.7356053 1.5625504 1.5849488 1.5117377 1.0353079 1.7353218 0.9861727 1.7090566 2.1296532 1.6812863 2.0591372 1.9480689 2.1484148 2.1526743 2.0117403 2.2544119 2.3849793 2.8416665 1.8832952 2.2294943 2.6294133 2.6852198 2.5743340 2.2261025 2.1488261 2.5494157 2.7097034 3.2270959 2.8841923 3.1167546 3.0242492 3.0343447 2.8487653 3.3094223 2.9225684 2.9478551 2.6229705 2.7606804 2.9497396 2.4138782 2.3430478 2.3430478 2.8757911 2.8025801 2.4374427 2.4374427 1.5965484 1.8451466 2.0315132 2.0288386 2.2831874 2.3901293 2.3986854 2.1501226 2.2773800 1.8183555 2.3066398 2.4517038 2.6873874 2.4383872 1.9206990 1.9368868 2.2857618 2.5685070 2.5913956 2.7374113 2.1736278 2.4797052 2.7480211 3.1169885 2.9190361 3.3286402 3.3920213 3.5703406 2.5322033 3.8672205 5.6515931 6.6126887 
Pocdam_XM_027197455.1                                             2.5782066 2.2428440 2.5819248 2.4517777 1.3359418 1.4618391 0.7120550 1.6863082 1.4426117 0.8118391 1.6372077 2.5591636 1.4936512 1.3593365 1.4198362 1.4019395 0.0830501 0.0000000 0.1619439 0.0921807 0.2322139 0.4596970 0.5131554 0.1584050 1.5926581 1.1299042 1.6386118 0.8191828 1.6278870 1.7469157 1.5085069 1.5706453 1.4885817 1.0503229 1.6907465 0.9277898 1.6819533 2.1158690 1.6600481 2.0399379 1.9676785 2.1103079 2.1480250 1.9761861 2.2541040 2.3774468 2.7382810 1.7488960 2.2223323 2.6299718 2.6560625 2.5722452 2.2071381 2.0886528 2.5121027 2.6085375 2.9913505 2.9190778 3.0209680 2.9171157 2.9333098 2.8453781 3.3281004 2.8789382 2.9943533 2.5726275 2.7445489 2.8017195 2.2635649 2.1877084 2.1877084 2.6966637 2.6643847 2.3424886 2.3424886 1.6066088 1.8065183 1.9778920 1.9752739 2.2656938 2.2969790 2.3082362 2.1409008 2.2305787 1.7939873 2.2448810 2.3979815 2.4586431 2.3879778 1.8332121 1.8673261 2.1436047 2.5333698 2.5369259 2.7125202 2.1601001 2.3976578 2.6649663 2.8835288 2.9252387 3.2928976 3.3047312 3.3100126 2.5558228 3.5190071 5.5000946 6.1392587 
Fspp_ffun1.m4.12769.m1                                            2.9071786 2.2378406 2.8311602 2.6962955 1.3688125 1.5551881 0.6447048 1.7710921 1.5630068 1.5247051 1.7413225 3.3128557 1.5882198 1.4861191 1.5495284 1.5163603 0.2058720 0.1619439 0.0000000 0.0536243 0.2499449 0.4384526 0.4630584 0.1890917 1.7002463 1.3031822 1.7655945 0.8796372 1.8268864 2.3296104 1.6488371 1.7363019 1.5799876 0.9955993 1.7338333 0.7808396 1.7385370 2.2081675 1.6745345 2.1585586 2.1239606 2.2811779 2.3241551 2.0927192 2.4142229 2.3787055 2.9142466 1.6642036 2.1441899 2.9208690 2.8469260 2.6009824 2.3636641 2.2864303 2.7212867 2.9834446 5.2976978 3.2725347 2.9884429 3.0786071 3.0574793 3.0059765 3.0555881 2.8150304 4.5829645 2.7202664 2.5540937 3.0275521 2.2005041 2.1969040 2.1969040 2.9259411 2.8248910 2.3750014 2.3750014 1.6077114 1.6248929 1.9227062 1.9200247 2.2207202 2.3864837 2.3994763 2.2433169 2.2047020 2.0260732 2.4239546 2.5790778 3.7799615 2.7073856 1.9813467 1.8941196 1.8853818 2.7019189 2.4764483 3.4354696 2.1702961 2.3919360 2.8056931 3.1846803 3.1369054 3.6948887 4.4523366 5.3755776 2.6487957 4.2396783 6.4092743 8.3919181 
Gasp_gasp1.m1b.29457.m1                                           1.8556887 1.9343314 1.7150909 1.7150909 0.7578679 1.1935410 0.0000010 0.7604844 0.7583566 0.0000010 0.9109812 0.0000010 0.5312168 1.2009182 1.2474026 1.1159246 0.1436008 0.0921807 0.0536243 0.0000000 0.2213511 0.2668984 0.2668984 0.0000010 0.9680063 0.0000010 0.7261763 0.6432492 0.6906948 0.0000010 1.2013042 0.7646583 0.9917902 1.2154502 3.5276194 0.4988950 1.5066138 1.5066138 0.8000905 2.4643270 1.7104545 2.3799768 2.5757113 2.2534880 2.5142274 2.5142274 2.3197693 2.0158349 2.0370796 2.0199949 1.6748521 2.1036547 2.0463816 1.9934894 1.8886464 2.1058272 0.0000010 2.0184152 2.5204231 2.5204231 3.2895000 2.5806096 2.5806096 2.5806096 0.0000010 2.0645761 2.6437965 0.0000010 1.7083320 1.7061605 1.7061605 0.0000010 0.0000010 2.0466798 2.0466798 3.6616262 2.3463002 1.7023163 1.7023163 1.7995824 2.1365024 2.1365024 1.7596996 1.7596996 1.5586599 1.5586599 2.4657847 0.0000010 1.4728857 1.8649427 1.0951379 1.2747270 1.5521274 1.5521274 0.0000010 1.5429764 1.4200438 1.5795197 1.8081949 1.7118884 0.0000010 0.0000010 0.0000010 1.3655041 9.0000000 7.6546052 9.0000000 
Gfas_gfas1.m1.3106.m1                                             2.6731678 2.2687297 2.4697103 2.4092069 1.3557834 1.6273701 0.7478103 1.6984113 1.5985143 0.6911866 1.5704352 2.3502500 1.6431885 1.3674125 1.4342517 1.4321712 0.2661686 0.2322139 0.2499449 0.2213511 0.0000000 0.4469998 0.5273943 0.2545609 1.6582472 1.1498929 1.6501038 0.8588408 1.7190340 1.7068112 1.5811576 1.6414556 1.5749042 1.0434853 1.8304259 0.9294211 1.6144202 2.0233968 1.5455077 2.1162729 2.0032347 2.1191796 2.1710639 2.0732765 2.3276270 2.4405709 2.8760189 1.9251894 2.2426063 2.7986236 2.7149649 2.5345923 2.3640282 2.2263114 2.7562078 2.6543867 3.0228839 2.9079967 3.2579123 3.0303031 3.0936368 2.7444480 3.2460667 2.8660621 3.0307732 2.5249775 2.8402041 3.4578148 2.5681945 2.3279219 2.3279219 2.9361727 2.8601039 2.6525594 2.6424849 1.6691993 1.8249167 2.0861098 2.0834116 2.3948345 2.5093187 2.5227150 2.2252792 2.2771731 1.8509697 2.2713995 2.3214209 2.9529825 2.4726870 1.9890081 1.8942140 2.1847921 2.4827396 2.4187231 2.7332759 2.2695010 2.4339209 2.6386334 2.8227476 3.0485926 3.1933300 3.4882679 3.4011072 2.8087977 3.3640531 5.6321936 6.4044752 
Amil_Amillepora14418-RA                                           2.7322968 2.2843787 2.5776797 2.4816685 1.5725995 1.9472793 0.6556971 1.8609706 1.7642041 1.0396996 1.6601827 2.8562792 1.9001817 1.7021999 1.7305852 1.6524966 0.4494237 0.4596970 0.4384526 0.2668984 0.4469998 0.0000000 0.1377038 0.4329208 1.9072573 1.4426104 1.8650229 1.0563823 1.9567983 2.4360143 1.9655424 1.9558130 1.8409030 1.3077959 2.2473051 1.2199287 1.8209853 2.3618825 1.7902247 2.6179175 2.4817002 2.7324119 2.7311034 2.4187962 2.9701220 3.1465969 2.8118096 2.0131739 2.2197346 2.8478970 2.7970144 2.7925876 2.7815923 2.3057375 3.0529767 2.8266709 3.9783535 2.9924660 2.4554243 3.1523823 3.1087683 2.7975391 3.1045635 2.7193362 3.3532178 2.4559318 2.4838438 4.5866335 2.7931928 2.5947088 2.5947088 3.8710215 3.7441330 2.8703400 2.8862677 1.8483148 1.7973345 2.2408639 2.2371883 2.6248802 2.5987867 2.6370898 2.5441084 2.5135053 2.0880942 2.5172636 2.4114188 4.3628939 2.6925282 2.2180265 2.3324876 2.2943100 2.4557912 2.4365026 2.8645203 2.8419884 2.7660968 2.8162247 3.1929363 3.1688705 4.2741750 3.8761244 3.7082766 3.1841972 4.3564358 8.9059308 6.8480988 
Adig_XM_015897366.1                                               3.2681592 3.0333378 3.0050059 2.9337241 1.8065062 2.1338502 3.5340349 1.9167278 1.9470764 1.0711099 2.0073518 2.7401634 2.1804086 1.8104000 1.8256143 1.8498186 0.4927818 0.5131554 0.4630584 0.2668984 0.5273943 0.1377038 0.0000000 0.6557106 2.1989869 1.7885550 2.1188726 1.2201524 2.1939507 1.8647718 2.0210895 2.1266764 2.2359449 1.3077959 2.7990940 1.2939382 2.1157182 2.6482368 2.0612039 2.7847137 2.5599682 2.7894731 2.8069485 2.5292408 2.9492721 3.1416435 3.1387536 2.0131739 2.8373775 3.1036738 3.1007411 2.9527820 2.7655246 2.5868855 3.2341549 3.1612399 3.4277947 3.2843117 3.2588339 3.4667972 3.4246955 3.2561652 3.2365652 3.5856873 2.9071236 3.1189036 3.5616888 4.9167485 3.0189243 2.9210623 2.9210623 4.4149599 4.2920079 3.2674386 3.2841685 4.4651538 1.7973345 2.4988435 2.4949919 2.9493169 2.9350749 2.9782277 2.9724094 2.8968001 2.3762007 2.6374762 2.5948324 3.3955564 2.7447863 2.0946382 2.5267169 2.5804238 2.8983494 2.6747815 2.5649285 2.8649179 3.0073125 3.3328091 3.7322161 3.5158915 4.7455168 3.5996096 3.7378980 3.3399516 4.4729422 7.5188496 7.9793142 
Gasp_gasp1.m1b.29455.m1                                           2.5367177 2.3101654 2.6388800 2.4729857 1.5090828 1.6331365 0.7120550 2.1063176 1.7107784 0.8054880 1.5931709 1.9349012 1.6445882 1.4749030 1.5563252 1.5680529 0.1975993 0.1584050 0.1890917 0.0000010 0.2545609 0.4329208 0.6557106 0.0000000 1.8912042 0.9538519 2.0211855 0.8650044 2.2475736 1.6925885 1.9164040 1.8982001 1.8318302 0.0000010 1.6971148 1.2362138 1.8552207 2.6973477 1.9382968 2.1059810 2.1391343 2.2269740 2.2527499 2.0133419 2.5856843 2.8587076 2.9038693 0.0000010 2.0010301 2.9274782 2.7706621 2.5805863 2.1678901 1.8304204 2.6627931 2.6683979 2.7263245 3.0707494 6.8168032 3.0148591 2.9740628 2.6264497 4.4999471 2.9601223 2.7541893 2.3569072 3.3610258 2.5276465 2.4652583 2.4535455 2.4535455 2.5951446 2.4878593 2.4477572 2.4477572 1.2593220 0.0000010 2.1522514 2.1467548 2.6645232 2.8448407 2.8796919 2.0075058 2.6176245 1.5699691 2.3795611 2.2551367 2.4997829 3.0843720 1.9514680 2.2813178 2.8902560 2.4288195 4.0533118 2.4475845 2.4230576 2.7175494 3.1327897 3.1084203 2.8437521 3.2468416 3.2913041 3.4630045 2.9234342 3.3924965 4.8929276 5.1683404 
Spur_XM_030984247.1                                               2.6179899 2.2988627 2.5250549 2.3953682 1.1391119 1.3891524 0.8056685 1.4314125 1.1289715 0.5811987 1.3409020 1.6225863 1.3019818 1.5655340 1.6335377 1.6948197 1.6188867 1.5926581 1.7002463 0.9680063 1.6582472 1.9072573 2.1989869 1.8912042 0.0000000 0.6651697 1.5755491 1.5407009 1.3332774 2.3864184 1.8218425 1.4207901 1.9449871 1.1620120 2.4291210 1.6118828 1.7174426 2.1946441 1.7468197 2.2276160 2.2546418 2.2405536 2.2652126 2.2717781 2.2845003 2.4109972 2.7931643 2.0240774 2.4221479 2.5983621 2.7113717 2.4895303 2.4327167 2.0924378 2.2400654 2.6666026 2.9812565 2.7457708 3.2741784 3.4240167 2.8779957 2.5584600 3.4438457 2.8809051 2.3580346 2.5377597 2.8376525 2.7469564 2.1346001 1.9117029 1.9117029 2.4787726 2.4496471 2.2755026 2.3008584 1.2838635 1.2787137 2.0039457 2.0012934 2.2828302 2.0335530 2.0384683 2.5324874 2.6726172 1.9649925 2.2602890 2.2913961 2.4173716 2.2313775 2.5448146 2.1026252 2.0898883 2.4858746 2.6539796 2.5103005 2.1793762 2.4746418 2.4760111 3.0521220 2.8766138 2.8750368 2.9915889 3.6496881 2.9643700 3.8068971 5.6504537 5.6380074 
Skow_XM_006816656.1                                               2.4858439 2.6624361 2.5548476 2.4961588 0.6824510 0.8148547 0.6758381 0.9155034 0.8341345 0.6795545 1.5418266 1.9534775 0.9707450 1.2964169 1.3261964 1.2881358 1.0985963 1.1299042 1.3031822 0.0000010 1.1498929 1.4426104 1.7885550 0.9538519 0.6651697 0.0000000 0.9389198 1.1563277 1.0414843 1.8838442 1.3098517 0.8857662 1.4760836 1.2867818 1.6289020 1.5462504 1.5542478 1.6624497 1.5727322 1.5839951 1.5222317 1.5864752 1.5982015 1.6083467 1.5707487 1.6530573 2.6302828 2.2499134 2.2753347 2.3293394 2.1967417 2.0564380 2.3225885 2.3235353 2.2547248 2.5230933 2.4424923 2.9255029 4.4270142 2.7367812 2.4835399 2.3654000 3.4520903 2.8375754 2.1470652 2.3822451 2.8265001 2.1637189 2.0113441 2.0163120 2.0163120 2.1854051 2.1854051 1.9746569 1.9746569 1.1514887 0.4270524 1.7453923 1.7691058 1.7226612 1.6808386 1.6700349 2.1028165 2.6648188 1.8566253 2.1228558 2.3743059 1.7986788 1.9843398 1.5591412 1.6684684 2.5152106 2.3663754 3.2793212 1.9452591 1.9261653 2.3799641 2.3161096 2.7636310 2.6184901 2.4073498 1.6853463 2.6423331 3.0172518 2.9499390 5.4440956 3.9933616 
Hsap_ENST00000647930                                              2.9435965 2.4337886 2.6977860 2.6723926 1.0893725 1.5866555 0.8554359 1.3849087 1.2520391 0.6951122 1.4595426 2.0026030 1.2179328 1.9478097 1.9651990 1.9686014 1.6147454 1.6386118 1.7655945 0.7261763 1.6501038 1.8650229 2.1188726 2.0211855 1.5755491 0.9389198 0.0000000 1.6656432 0.8378793 2.2020702 2.0274343 1.6896443 2.0683935 1.0418618 2.4642546 1.8121937 1.9575585 2.0944033 1.8018497 2.3896254 2.3998229 2.4784466 2.4869931 2.4406249 2.4937217 2.5976320 2.6000330 1.6891891 2.0861033 2.7404890 2.5739342 2.6228886 2.5440706 2.1860607 2.5216976 2.6682987 3.2328538 2.8175061 3.7090905 3.3750268 2.8941765 3.0358235 3.8421696 3.1807202 2.8659128 2.8528178 2.9619904 2.5878167 2.3886174 2.2146790 2.2146790 2.5310088 2.5167764 2.4005407 2.4073639 1.3898166 1.4697702 1.9515757 1.9455445 2.2147836 2.3847262 2.3803656 2.4115991 2.4607012 2.0557136 2.6739375 2.5765490 2.7722892 2.7332594 2.6554386 2.3780093 2.4438888 3.0830337 3.0052502 3.6232922 2.1281437 2.6308858 2.5249290 3.0910115 3.0738317 3.1762792 3.1595449 4.4029892 2.9177695 4.1531459 5.7945918 6.4414150 
Nvec_v1g169554                                                    2.2922334 1.9324554 2.3677868 2.2696204 1.2992328 1.4903925 0.9461365 1.8539014 1.3641760 0.7266858 1.6034053 2.3623803 1.6696885 1.5218172 1.5690779 1.4678116 0.8477746 0.8191828 0.8796372 0.6432492 0.8588408 1.0563823 1.2201524 0.8650044 1.5407009 1.1563277 1.6656432 0.0000000 1.7277906 1.8348939 1.4924258 1.7170768 1.5971119 1.0962954 2.0286526 0.9721696 1.7401622 2.1088929 1.8772997 2.0337872 1.9922309 2.1005640 2.1090789 1.9702807 2.2783920 2.3727076 2.7056864 1.6434987 2.0342817 2.7893079 2.6416779 2.2841002 2.2879771 2.2212716 2.4389463 2.9791316 3.4347468 3.1388644 3.6634945 3.2856395 3.0672942 2.7346081 3.2915372 2.7318183 2.9375566 2.4620364 2.6348374 2.7256257 2.2423620 2.1830745 2.1830745 2.6050623 2.5445657 2.3404671 2.3404671 1.3221702 1.5107287 2.0108580 2.0081926 2.1926275 2.2395651 2.2139810 2.3228770 2.3896559 1.9921177 2.5691585 2.1942212 2.3122786 2.5482400 1.8814551 1.9069365 2.1997408 2.7122077 2.6598706 2.9865120 2.1860120 2.5550124 2.5922875 3.0785245 3.0068506 2.9066811 3.1895113 4.2303434 2.9290294 3.9123271 6.1630899 4.6868741 
Hsap_ENST00000587747                                              2.5226634 2.4192940 2.6970438 2.5835909 1.0675048 1.5293900 0.8903016 1.3970496 1.2946237 0.6754455 1.5550632 2.0574569 1.3956198 1.8271798 1.8568135 1.7810534 1.6499511 1.6278870 1.8268864 0.6906948 1.7190340 1.9567983 2.1939507 2.2475736 1.3332774 1.0414843 0.8378793 1.7277906 0.0000000 2.2976272 1.7508941 1.6791191 2.0637407 1.1771459 2.6694603 1.8479769 2.0359310 2.2349871 1.7301547 2.2634781 2.1437073 2.2159801 2.2263339 2.3177928 2.1781896 2.2662119 2.6774833 1.9054484 2.1983276 2.6368471 2.2780406 2.1989542 2.4411081 2.1634637 2.4369002 2.5166758 3.3800721 2.7148699 3.3448644 3.0664120 3.0236747 2.9219713 3.6556543 3.0917348 2.8921391 2.5303727 2.9138855 2.4761192 2.1199726 2.1079438 2.1079438 2.7221672 2.7532738 2.3419667 2.3419667 1.3453496 1.6083190 1.9479117 1.9416978 2.1275900 2.1235650 2.1129352 2.2674420 2.3268507 2.0599758 2.5596680 2.4004710 2.6169656 2.6245110 2.5085816 1.9440060 2.4931422 2.9416467 2.9026544 3.4806267 1.9552258 2.2564713 2.3471126 3.2434330 2.9206375 3.1604439 2.9442423 4.5952921 2.8034227 3.9766217 5.6503273 5.7277099 
Lcom_lcpid255795                                                  1.8021083 2.1241876 1.8466812 1.8466812 1.7851084 1.9839374 1.5563983 2.1759620 1.5580040 1.1939559 1.9643550 1.8989924 1.7512977 1.7826548 1.8523675 1.6684073 1.7356053 1.7469157 2.3296104 0.0000010 1.7068112 2.4360143 1.8647718 1.6925885 2.3864184 1.8838442 2.2020702 1.8348939 2.2976272 0.0000000 1.7951004 1.8900501 2.9885080 0.0000010 2.5153316 2.7474658 2.4268478 2.5785139 1.8485215 2.2977068 2.3707401 2.3943269 2.3943269 2.2238489 2.4185857 2.7150263 1.8514081 0.0000010 1.9393176 1.8531053 1.4046833 1.6791555 1.4474343 1.4014678 1.6993343 1.8517655 1.3953732 1.8769248 0.0000010 1.6865417 1.6999144 1.5149930 1.9356068 3.8888938 1.3018600 1.5279837 2.6654854 2.4054688 2.3940700 2.6023040 2.6023040 2.3741366 2.3741366 2.2901337 2.2901337 2.2902073 0.0000010 2.2067478 2.2067478 2.0905561 2.2438201 2.2438201 2.0559041 2.0846972 1.1671933 1.8469344 2.1628411 1.6865296 1.7107680 1.9481468 2.5457274 6.1641893 2.1466607 0.0000010 2.1317423 2.6117343 2.4196035 2.2600095 1.9613191 1.5823768 2.6501846 1.2826309 1.9399016 2.2387433 2.8289240 3.6946257 5.5823114 
Sanmal_Sma_012623-T1                                              2.9115408 2.4391192 3.0283446 2.8553067 1.5514213 1.9004798 0.5321265 1.8545887 1.8411889 0.5944568 1.7060189 2.2361079 1.9081088 0.6790244 0.6357455 0.7113194 1.5625504 1.5085069 1.6488371 1.2013042 1.5811576 1.9655424 2.0210895 1.9164040 1.8218425 1.3098517 2.0274343 1.4924258 1.7508941 1.7951004 0.0000000 1.9849394 1.9640421 1.1455870 2.3767880 1.7591243 2.0984835 2.5559825 1.9335585 2.5724978 2.5102633 2.6290200 2.6374040 2.5574929 2.5658680 2.6761140 2.4303918 1.9185753 2.0484734 2.6585498 2.7062073 2.4152517 2.3825208 2.3256521 2.5796023 2.6250236 3.7059664 2.9292095 3.3700103 3.1974661 3.1477832 2.6748532 3.4818317 2.8364678 2.6238187 2.3212468 2.7515784 3.1629041 2.6058298 2.4914580 2.4914580 3.2459834 3.1900294 2.4098682 2.4206769 1.6017399 1.6389919 2.1452554 2.1423833 2.4784529 2.4083741 2.4179426 2.2587994 2.2188603 2.0560614 2.5452150 2.4053258 2.7739795 2.9846525 1.4797303 1.8281184 1.7087159 2.8151884 2.8547039 3.2755984 2.4121126 2.6833417 2.7657991 2.9009996 3.0071347 3.6716588 3.1819341 4.5603015 2.9240169 3.5001894 5.8256447 7.4082048 
Cgig_XM_011457987.3                                               2.7016696 2.3300883 2.7025041 2.5295677 1.3299454 0.9952144 0.7513192 1.5270436 1.1681465 0.6445495 1.2573515 1.8464223 1.3979363 1.9676916 2.0406389 1.9175220 1.5849488 1.5706453 1.7363019 0.7646583 1.6414556 1.9558130 2.1266764 1.8982001 1.4207901 0.8857662 1.6896443 1.7170768 1.6791191 1.8900501 1.9849394 0.0000000 2.2050993 1.3273534 2.4484580 1.5827742 1.9503204 2.3244664 1.9084122 2.4329557 2.3411056 2.4541988 2.4468130 2.4440866 2.5495591 2.6645899 3.1867955 1.9303285 2.4088049 2.7453725 2.9148463 2.7922079 2.4445823 2.1069979 2.2524226 2.8685807 3.8908886 2.8762447 3.4250613 3.3372459 3.1667474 2.6306831 3.4506543 2.8948724 2.7667433 2.5120244 2.7514356 2.9667406 2.4338650 2.2665218 2.2665218 3.0197363 2.9181336 2.4300285 2.4413905 1.4432383 1.5736742 2.0613240 2.0613240 2.5389690 2.1496178 2.1630029 2.2634607 2.1444260 1.7296769 2.2083737 2.7823066 3.2412679 2.6012918 2.5026495 2.0675317 2.4120964 2.6680808 2.6340948 3.0634148 2.2044247 2.4652265 2.6130113 3.0931553 3.0428124 3.6083121 3.6853952 4.0535045 2.7373969 5.5247335 5.7722775 6.2376702 
Dgig_XM_028539445.1                                               2.8885228 2.1723942 2.8187109 2.6751536 1.8724674 1.9816082 1.1945731 2.0191537 1.7504606 1.2816214 1.9317476 3.4773841 1.9527125 1.9364778 1.8964368 2.0844152 1.5117377 1.4885817 1.5799876 0.9917902 1.5749042 1.8409030 2.2359449 1.8318302 1.9449871 1.4760836 2.0683935 1.5971119 2.0637407 2.9885080 1.9640421 2.2050993 0.0000000 0.5570070 0.6271017 1.6020057 1.8892998 2.2986277 1.8628460 2.3879191 2.3874861 2.5113504 2.5236016 2.3283689 2.5323389 2.6330380 2.8445652 2.0172269 2.2028557 3.0258216 2.6589630 2.6818553 2.2909943 2.5378143 2.9351165 3.0464494 3.3715200 3.4752905 3.0937010 3.3237218 3.0627694 2.8789364 3.4523595 2.9583057 3.2683695 2.8920409 2.4124266 3.0038943 2.7202791 2.4433064 2.4433064 2.9898729 2.9489634 2.6391892 2.6509057 2.0271359 1.7052229 2.3699757 2.3731247 2.8365653 2.4472896 2.4677730 2.3762247 2.1841303 2.0370713 2.4257337 2.7447722 3.4603769 2.3719776 2.4315558 2.2031570 2.2023325 2.6716379 2.6350689 3.1202602 2.4559308 3.0522785 3.0199676 3.0848979 3.2771754 3.4843792 4.4012337 5.4593866 3.5716940 4.5728688 5.1438851 8.0165306 
Xesp_018329-T1                                                    2.1634659 2.1901784 2.0237729 2.0237729 1.0755849 1.3597116 0.0000010 1.1143890 1.1695350 0.0000010 1.2099585 5.8709825 1.0406093 1.1325587 1.0341593 1.0488151 1.0353079 1.0503229 0.9955993 1.2154502 1.0434853 1.3077959 1.3077959 0.0000010 1.1620120 1.2867818 1.0418618 1.0962954 1.1771459 0.0000010 1.1455870 1.3273534 0.5570070 0.0000000 4.5092003 1.1922571 1.3466171 1.3466171 1.4274063 2.0461999 1.6480722 2.0110760 2.1090186 1.9675232 1.8538952 1.8912523 2.1239038 2.1802399 2.1452826 2.5441389 1.9357501 1.9202346 2.0869976 2.5989274 2.4011411 2.4785422 0.0000010 2.5363825 2.2872608 2.2872608 2.5267335 2.3193008 2.3193008 2.3193008 0.0000010 2.3276479 2.4927439 0.0000010 1.8727504 1.7505053 1.7505053 4.7925682 4.7925682 1.8528072 1.8528072 1.9818424 2.2079669 1.8503075 1.8503075 1.7261682 1.9126498 1.9126498 1.6519319 1.6519319 1.7385001 1.7385001 1.9942118 0.0000010 1.7301058 1.7972932 1.5837696 1.4040804 2.1242953 2.1242953 0.0000010 1.6950458 1.9295356 2.2823566 2.9187661 2.2355312 4.9568676 0.0000010 0.0000010 2.5299827 9.0000000 7.2864712 8.8199653 
Xesp_018331-T1                                                    3.2552085 2.6373972 3.1433434 2.8724383 2.4061475 2.3973722 1.1107039 2.6280803 2.2072672 1.4274330 2.5695466 3.2160937 2.4148732 2.4106428 2.4223742 2.6991881 1.7353218 1.6907465 1.7338333 3.5276194 1.8304259 2.2473051 2.7990940 1.6971148 2.4291210 1.6289020 2.4642546 2.0286526 2.6694603 2.5153316 2.3767880 2.4484580 0.6271017 4.5092003 0.0000000 2.0141266 2.3319649 2.8479159 2.3784750 2.5316091 2.6484153 2.6466025 2.6076177 2.4795153 2.5977075 2.6606674 2.9657858 3.5605029 2.3829483 3.2561667 3.4061621 3.0736716 2.4356632 2.4434367 2.9130165 3.4500637 4.0151159 3.8562912 4.1114538 3.8034009 3.3171178 2.9779077 3.8479584 3.0796501 3.1285569 3.1357439 2.8784677 3.0380828 3.2592898 2.8639135 2.8639135 3.2173851 3.1779042 3.2183170 3.2363171 2.1136345 3.4925355 2.7168466 2.7066755 3.1631041 2.8129986 2.8440892 2.8920544 3.3238435 2.5916197 2.9610772 3.3048382 3.4456096 3.2347226 2.7362064 2.3778257 2.7996683 3.4895704 5.0102323 3.4343700 2.7942898 3.4487161 3.5959346 3.5041536 3.5166765 3.6462092 3.7748764 5.3963223 3.7999395 4.4041029 5.1722193 8.3692125 
