77
Lcom_lcpid89568                                     0.0000000 0.6950004 0.7346607 0.5822519 2.0481496 2.1475793 2.3620128 2.2223101 2.3398898 4.9611129 2.3626320 2.4676116 3.0592194 2.4262368 2.0936805 2.0850675 2.1095160 2.0514434 2.2360243 2.1149812 2.3858367 2.3923845 2.3787028 2.3434873 2.0663150 2.7165072 2.8523440 2.6233984 2.1488203 2.7596989 2.5906254 2.4442682 2.6914720 2.6798143 2.7065492 2.6852613 2.1808468 2.8079362 2.7540563 2.2570826 1.7697287 1.7697287 2.6446002 2.6595871 2.6864363 3.4397633 2.5556011 3.0516596 2.4847747 3.0388464 3.0512345 3.4439082 3.3552233 2.9141790 2.8180184 2.8280826 2.0891703 2.4695911 2.9833538 2.3965898 3.3336048 3.2036175 2.5918823 2.7333224 2.9370293 2.2934880 2.0114940 2.4915223 3.0353799 2.3627229 2.3183886 2.8601788 2.8592248 2.7852861 2.7370229 2.6903326 4.0931747 
Gracom_Gcom_scaffold8638_01                         0.6950004 0.0000000 0.5230814 0.4599903 2.1970730 2.3522126 2.3696428 2.2362246 2.2375768 4.5169872 2.2966469 2.4749885 2.9351675 2.7433706 2.4548047 2.1323960 2.3053185 2.2151206 2.2365500 2.3570956 2.2744699 2.5074740 2.6833028 2.4139438 2.0611678 2.7434556 2.7361380 2.6689204 2.3327846 3.0575927 2.6313996 2.5638973 2.7441722 2.7382658 2.8388572 2.8794654 2.1210437 2.5353641 2.8841233 2.3332149 2.1197785 2.1197785 2.7078167 2.6737737 2.9097110 2.6681676 2.4728751 2.8966555 2.6508567 2.8861603 3.1187818 3.3699006 3.0040644 2.9390832 2.9677361 3.1795720 2.5417749 2.6643766 3.4082838 2.8814348 4.0078460 3.2343298 2.6237010 2.7925110 2.6932042 2.1162382 1.7578083 2.4387912 3.0773597 2.3847441 2.3963060 2.8399640 2.5945990 2.8411964 2.8069306 2.8646232 4.6868276 
Scil_scict016240.1                                  0.7346607 0.5230814 0.0000000 0.4405219 2.1580333 2.3568120 2.3515462 2.2880959 2.2061150 4.8179075 2.2691434 2.5291272 3.0708244 2.4418424 2.1492985 2.0358581 2.1683714 2.0852227 2.0673209 1.9004298 2.3181649 2.3895364 2.4673438 2.4493503 2.0188954 3.0025400 2.9628898 2.5281817 2.2042433 2.7907039 2.5824343 2.6880260 2.6878391 2.7070125 2.7771695 2.8166303 2.3195615 2.8435036 2.7602422 2.2043821 2.0481453 2.0481453 2.6592576 2.7351058 2.7816255 2.6237152 2.3491806 2.7279484 2.5516021 2.9375482 3.1068089 3.4724353 3.1267977 2.9317418 3.2044718 3.1299274 2.2216127 2.4410043 2.5784259 2.4208729 3.2275446 2.9465786 2.3193058 2.5959554 2.8291498 2.5011705 2.0195253 2.7557247 3.1766948 2.4786005 2.3955153 3.0495843 3.2963271 3.2449483 3.3416244 2.8932079 4.2603282 
Leuniv_Lniv_C796184_01                              0.5822519 0.4599903 0.4405219 0.0000000 1.9934044 1.4985786 1.5322079 1.5146251 1.3820238 1.1287581 1.5497164 1.5410010 1.3661081 1.8941873 1.4502654 1.3539425 1.4708356 1.3932467 1.6422511 1.7577808 1.6687656 1.5825126 2.1901170 1.6754782 2.1472245 2.0973470 2.1180132 1.6884865 1.7896849 2.1176428 1.9333173 1.6650456 1.9686292 1.9933214 2.1337940 2.1337940 1.7937580 2.3549101 2.1884362 2.1884362 1.7436202 1.7436202 1.6613496 1.9091383 1.9611432 1.9730837 1.9245559 1.9634851 2.5167169 2.2336134 2.1102554 2.2839373 2.2799955 2.2174388 2.0179519 2.0768368 2.1852072 1.7260871 2.3159759 1.7568874 2.3542968 1.9118318 2.0442917 2.0710318 1.8843794 2.4070733 1.8321104 2.1095997 2.3465303 2.4485409 2.3450308 2.4086168 2.2283532 2.3945106 2.4273413 1.8276480 4.1343826 
Bralan_BLAG07001478_1                               2.0481496 2.1970730 2.1580333 1.9934044 0.0000000 1.3039310 1.3565146 1.4090892 1.3714888 1.8968268 1.3911222 1.6048696 1.5051515 1.4288710 1.4083429 1.2085344 1.1236260 1.0923490 1.3262370 1.3164835 1.6079172 1.2379331 1.9755569 1.5708002 1.5628213 1.7649231 1.4622026 1.3486911 1.2822447 1.5863315 1.9375866 1.8913934 2.0063794 2.0193377 2.1209901 2.1521233 2.2642964 2.1165901 2.2110184 2.0519551 1.7851294 1.7851294 2.5357069 2.7556291 2.7088142 2.8935546 2.0060774 2.4120680 2.2039384 2.3142171 2.1965619 3.2199605 3.2431488 2.4264410 2.9537330 2.6659004 2.0919992 2.2492762 2.4579470 2.3332641 3.4532309 2.5402151 2.6424542 2.3022900 2.8859848 2.1417180 1.8635545 2.0424916 2.8048754 2.0237604 1.9179622 2.1070214 2.3100110 2.7209019 2.7025606 1.4396072 3.1497487 
Spis_XP_022789986_1                                 2.1475793 2.3522126 2.3568120 1.4985786 1.3039310 0.0000000 0.1024684 0.2491263 0.2529910 0.3526652 0.3977634 0.4448842 0.4722862 1.0398112 0.9661933 0.9841880 1.0225229 1.0246670 1.3403569 1.1897930 1.5831528 1.7243755 1.3812469 1.5773063 1.3575178 1.5495684 1.4806740 1.5244446 1.7691959 1.9843288 1.8993413 2.1646734 1.9979404 1.9707828 1.8929046 1.8929046 2.1194103 2.3135824 2.0389059 1.8215317 1.6686118 1.6686118 2.1626303 2.2350196 2.3053923 3.3657328 2.0209391 2.5108414 1.8075821 2.6125057 1.9876143 2.7858471 2.8679998 2.6376591 2.8161593 2.3730719 1.7069861 2.2992485 1.4857588 1.8768578 2.0066000 2.4197557 2.6402695 2.2839261 2.6853679 1.9841692 1.9480012 2.1796588 3.0208799 1.9692808 1.8339017 2.6842111 2.8877831 2.6990583 2.7011104 1.5759819 3.4674166 
Pocdam_XM_027190472.1                               2.3620128 2.3696428 2.3515462 1.5322079 1.3565146 0.1024684 0.0000000 0.2530770 0.2602446 0.3708148 0.3693015 0.4276702 0.4484690 1.0255878 0.9713010 0.9674686 1.0208251 1.0139717 1.3495166 1.2394805 1.5553280 1.6182627 1.3767808 1.4541629 1.3748359 1.4956551 1.4768168 1.4702314 1.6840880 1.9866740 1.8547011 2.1405603 2.0142302 1.9869608 1.9163286 1.9163286 2.1424286 2.3509253 2.1515042 1.9164144 1.7696997 1.7696997 2.2019327 2.2896670 2.3897287 3.1408141 1.9598995 2.4187438 1.7223283 2.5694733 2.0091515 2.7922545 2.7975003 2.6777090 2.8658084 2.4772400 1.6353785 2.3728546 1.5847585 1.9068210 2.0599484 2.5001585 2.6824319 2.3311900 2.8151667 2.0747872 1.9285629 2.2450979 2.9060246 1.9403537 1.7904644 2.6920948 2.8063694 2.7046828 2.7072742 1.5375209 3.2062176 
Gasp_gasp1.m3.15900.m1                              2.2223101 2.2362246 2.2880959 1.5146251 1.4090892 0.2491263 0.2530770 0.0000000 0.1643720 0.2381276 0.2830575 0.4084225 0.4502014 0.9766393 1.0028786 0.9641598 1.0609160 1.0593534 1.4019851 1.1880800 1.5720357 1.6645335 1.4860628 1.5034842 1.4964188 1.6187851 1.5546289 1.3253276 1.6460020 1.9253254 1.7782162 1.9985965 1.8635994 1.8383418 1.8711723 1.8711723 2.0790993 2.3083484 2.1837181 2.0374325 1.7152809 1.7152809 2.0851541 2.2091677 2.4045315 3.1259541 1.8707969 2.4523090 1.5580331 2.5306886 2.1080047 2.6589646 2.7981529 2.7693760 2.6442001 2.3770044 1.6529687 2.2574801 1.6611755 2.0521533 2.2222830 2.6235225 2.4702989 2.2115495 2.5246907 1.9126075 1.8726054 2.2095155 2.8226766 1.8495333 1.6737227 2.5517667 2.6514150 2.4733067 2.4593674 1.5403071 3.7094260 
Fspp_ffun1.m4.15762.m1                              2.3398898 2.2375768 2.2061150 1.3820238 1.3714888 0.2529910 0.2602446 0.1643720 0.0000000 0.0526899 0.2901215 0.3562310 0.3656604 1.0575512 0.9076380 0.9559124 1.0380914 1.0346568 1.3604298 1.1721606 1.5930616 1.7795280 1.4356669 1.5357285 1.3096469 1.5973663 1.6809464 1.4530128 1.7411722 1.9238438 1.8813783 2.0914276 1.8836898 1.8583709 2.0228358 2.0228358 2.1373261 2.3295383 2.1848545 1.9620388 1.7032455 1.7032455 2.1591167 2.3291501 2.4081964 3.0815070 1.9349699 2.4064751 1.6408571 2.4742016 2.2683220 2.8457842 2.8228049 2.8500861 2.7493885 2.4093816 1.6554902 2.3387035 1.8776595 2.1307352 2.5398048 2.4941749 2.5239244 2.3136837 2.6378051 1.9790533 1.8236462 2.0949564 3.0235075 1.8960594 1.7505153 2.6577962 2.6423696 2.6708221 2.6483490 1.4668230 3.6212846 
Fspp_ffun1.m4.31349.m1                              4.9611129 4.5169872 4.8179075 1.1287581 1.8968268 0.3526652 0.3708148 0.2381276 0.0526899 0.0000000 0.4826884 0.4565180 0.5220703 1.4833379 1.3732403 1.4289402 1.7598559 1.7598559 3.0723513 4.4967651 2.5789539 2.6182089 3.4420294 2.3656769 1.1645536 2.1011955 2.0608799 1.8719169 2.4372639 2.7495708 3.9318522 3.5554373 3.3053115 3.2023143 4.0027219 4.0027219 2.6791802 2.6058631 2.7842850 2.2373679 2.2577735 2.2577735 4.3202937 4.6542061 4.3996779 3.5027904 3.2785199 5.1131441 0.0000010 3.5346893 4.5028753 5.9261364 5.0982248 5.2024895 4.4009156 4.4799069 0.0000010 3.7800224 6.6144897 4.0229987 8.9999983 5.8068961 4.9199292 4.8807948 4.4459078 2.9487836 0.3166227 4.2405009 6.0159915 3.5271090 2.1760992 6.3574715 5.6873586 3.7120857 3.7120857 2.1120207 1.5369532 
Gfas_gfas1.m1.9437.m1                               2.3626320 2.2966469 2.2691434 1.5497164 1.3911222 0.3977634 0.3693015 0.2830575 0.2901215 0.4826884 0.0000000 0.3455351 0.3176421 0.8905165 1.0144903 0.9672445 1.0884689 1.0828299 1.4581408 1.3080295 1.5924011 1.6499364 1.4091205 1.4728487 1.4159902 1.5117531 1.5096388 1.3387342 1.6004581 1.9643548 1.8745314 2.0494643 1.8787612 1.8536807 1.9827042 2.0055516 2.1005515 2.2193719 2.1386558 2.0279296 1.6662247 1.6662247 2.0934339 2.4557991 2.5610681 2.8751473 1.7952784 2.3472848 1.7401062 2.6171474 2.0151271 2.8545475 2.7887976 2.6000376 2.8166832 2.3533741 1.6125441 2.2568993 1.6406426 2.0403972 2.2783867 2.6422876 2.4006767 2.4195336 2.7441446 2.0822196 1.8401997 2.4581201 2.9967089 2.0044243 1.8330537 2.7271631 2.7183314 2.8587326 2.8219989 1.4553448 4.0227308 
Amil_Amillepora08964-RA                             2.4676116 2.4749885 2.5291272 1.5410010 1.6048696 0.4448842 0.4276702 0.4084225 0.3562310 0.4565180 0.3455351 0.0000000 0.0142932 1.1838203 1.1489379 1.1155982 1.1505764 1.1440605 1.6188805 1.3679171 1.7234325 1.9360778 1.6196951 1.5286491 1.7225312 1.8205294 1.8506718 1.6603708 1.8048928 2.2895601 1.8262785 2.2424587 2.0186286 1.9967663 2.0889879 2.1144367 2.3910189 2.4824793 2.4247680 2.2104789 1.7536711 1.7536711 2.3382088 2.5665590 2.5272720 3.4751967 2.0762270 2.5518850 1.5957320 2.5578941 2.2728261 2.9799917 2.8764609 2.8788810 3.1833668 2.5248221 1.7130934 2.5561309 1.7567817 2.2782924 2.3303194 2.6417058 2.8447684 2.3584628 2.9125191 2.3886066 1.8708763 2.5965634 3.0180572 2.0192656 1.9103741 2.9713818 2.9891715 2.9495136 2.8875662 1.7011200 3.9402767 
Adig_XM_015915071.1                                 3.0592194 2.9351675 3.0708244 1.3661081 1.5051515 0.4722862 0.4484690 0.4502014 0.3656604 0.5220703 0.3176421 0.0142932 0.0000000 1.0732434 0.9889786 1.0337852 1.0886353 1.0785756 2.0531575 1.5416938 1.9817053 1.8587151 1.2673446 1.6389489 1.1326567 1.6533658 1.8363893 1.3654939 2.2997976 2.3894480 2.1369751 2.0909450 2.0107846 1.9879573 2.3537532 2.4485328 2.9119381 2.8374112 2.4944099 2.0983634 2.1787190 2.1787190 2.8931738 3.2811307 2.9318695 2.7284167 2.4777346 2.9765342 1.6285031 2.7831711 2.5902268 3.5507622 3.7204672 3.1368275 3.2377198 2.9815206 1.4595010 2.5803230 6.0733011 2.7989955 8.9999989 3.1962080 2.9488189 3.0197970 3.2412218 2.1609090 1.7339756 2.7128165 3.5851105 1.9712741 1.6446075 3.8352126 3.7218217 2.9886192 2.9489387 1.5937660 2.9374067 
Nvec_v1g117903                                      2.4262368 2.7433706 2.4418424 1.8941873 1.4288710 1.0398112 1.0255878 0.9766393 1.0575512 1.4833379 0.8905165 1.1838203 1.0732434 0.0000000 0.8914884 1.0490593 1.1594961 1.1314632 1.5720112 1.1686455 1.6206927 1.7542721 1.4382217 1.6761734 1.3760892 1.8030675 1.7989880 1.3666664 1.5983699 2.0167440 1.9526690 2.2206336 2.0357161 2.0663505 2.0872745 2.0992604 2.2462779 2.6131663 2.3109691 2.0475496 1.8645793 1.8645793 2.1587581 2.4801520 2.4407099 3.1097524 1.8883347 2.2760745 1.7765499 2.5673707 2.1044042 2.9337621 2.9270430 2.7938537 3.2025433 2.8258510 1.8344726 2.2165372 1.7541688 2.1056084 2.2432774 2.6571557 2.2247220 2.5624122 3.0669873 2.0587061 1.9465220 2.7458795 2.6187396 2.1841017 1.9807132 2.7741261 3.0646965 2.6406832 2.6516046 1.6907321 4.4629295 
Exapal_XM_021041733.2                               2.0936805 2.4548047 2.1492985 1.4502654 1.4083429 0.9661933 0.9713010 1.0028786 0.9076380 1.3732403 1.0144903 1.1489379 0.9889786 0.8914884 0.0000000 0.8674484 0.8941230 0.8772207 1.3677758 1.1169173 1.6885118 1.4625544 1.4369636 1.6346700 1.3317579 1.8360212 1.8109609 1.4593995 1.6835753 1.6275565 1.9845545 1.8733534 1.9833364 1.9914863 2.2779766 2.2779766 2.6253555 2.6059390 2.3014300 1.8604919 1.7552267 1.7552267 2.4202575 2.5618013 2.5951498 2.6074946 1.9134649 2.2577574 1.8947173 2.1901629 2.2452991 2.5874721 2.8915306 2.9885097 2.7157673 2.9176255 1.6371569 2.4226342 1.9652832 1.8575345 3.2526821 2.8458596 2.3093475 2.5286641 3.2206150 1.7138441 1.6799600 2.1455244 2.4048568 2.0120261 1.8857140 2.4072606 2.2975816 2.3880148 2.3593984 1.7684450 3.3437146 
Dgig_XM_028536717.1                                 2.0850675 2.1323960 2.0358581 1.3539425 1.2085344 0.9841880 0.9674686 0.9641598 0.9559124 1.4289402 0.9672445 1.1155982 1.0337852 1.0490593 0.8674484 0.0000000 0.4516975 0.4078077 1.3627789 1.2003064 1.3034163 1.4181577 1.4226338 1.5187650 1.3512369 1.4956565 1.3501593 1.2059076 1.4516812 1.7266011 1.8600882 1.8761920 1.8973256 1.8979025 1.9740737 1.9970708 2.0087353 2.2479906 2.0089267 1.7224820 1.6659204 1.6659204 2.2736196 2.1325311 2.2209003 2.9091672 1.9015057 2.3362158 1.5475421 2.4203848 2.2700025 2.6627282 2.6954204 2.6191495 3.4664326 2.5758999 1.5902843 1.9281003 2.0807489 2.1722048 2.3501427 2.5517324 2.1611469 2.2670321 2.5764674 1.8466447 1.8436551 2.1589139 2.7892452 1.9597635 1.8415219 2.4024622 2.5683071 2.4563968 2.4972542 1.4252396 2.9624447 
Xesp_005479-T1                                      2.1095160 2.3053185 2.1683714 1.4708356 1.1236260 1.0225229 1.0208251 1.0609160 1.0380914 1.7598559 1.0884689 1.1505764 1.0886353 1.1594961 0.8941230 0.4516975 0.0000000 0.0220155 1.3866911 1.1437257 1.3637869 1.4626409 1.5389991 1.7213963 1.3429775 1.8002009 1.6642948 1.3801390 1.8564258 2.0487073 1.9987273 2.0715885 2.0919597 2.0903224 2.1249794 2.1508682 2.1487386 2.2813448 2.1053990 1.7179527 1.7805989 1.7805989 2.3064777 2.0723295 2.1137743 2.9241785 1.9124622 2.2877666 1.6047382 2.3884008 2.2312281 2.6786603 3.0515264 2.8331234 3.1720184 2.5807096 1.9046728 2.0421894 2.1870964 2.2691553 2.3580556 2.4884704 2.1928950 2.2963933 2.7103525 1.8849556 1.8375871 2.0332501 2.6575494 1.9881729 1.8240921 2.6107039 2.7882454 2.3500460 2.4135925 1.4644279 3.3662412 
Xesp_005461-T1                                      2.0514434 2.2151206 2.0852227 1.3932467 1.0923490 1.0246670 1.0139717 1.0593534 1.0346568 1.7598559 1.0828299 1.1440605 1.0785756 1.1314632 0.8772207 0.4078077 0.0220155 0.0000000 1.3617298 1.1070553 1.3164942 1.4705568 1.4955612 1.6557937 1.2714116 1.7536182 1.6478073 1.3133294 1.8084918 1.9974016 1.9343124 1.9620797 1.9855533 1.9841594 2.0901901 2.1154704 2.0793798 2.1779702 2.0649320 1.6746504 1.6771410 1.6771410 2.2274948 2.0184495 2.0570140 2.9241785 1.8539078 2.1873069 1.4681667 2.2900758 2.1675927 2.5868201 2.9666319 2.8519637 3.2209833 2.6083631 1.8207869 1.9409078 2.1870964 2.2057782 2.4365722 2.4185378 2.1761300 2.1870380 2.6087282 1.8411938 1.8326318 2.0185657 2.5915402 1.9092292 1.7544551 2.5360011 2.7312609 2.3041208 2.3660845 1.4563808 3.4743030 
Hsap_ENST00000358154                                2.2360243 2.2365500 2.0673209 1.6422511 1.3262370 1.3403569 1.3495166 1.4019851 1.3604298 3.0723513 1.4581408 1.6188805 2.0531575 1.5720112 1.3677758 1.3627789 1.3866911 1.3617298 0.0000000 1.1076286 1.2437686 1.4254693 1.4037574 1.3969818 1.2811866 1.6524194 1.6364352 1.8812644 1.7919020 1.8623989 1.7036100 1.9956918 1.8624166 1.8834199 2.0036983 2.0148419 2.0624081 2.2624321 2.0912221 1.8437173 1.8178347 1.8178347 2.1145339 2.5101286 2.3991745 4.1847811 2.2957586 2.6985465 1.6788637 2.6760014 2.1766004 2.9241998 2.8264398 3.2628641 3.4260246 2.8371302 2.0255241 2.3050753 2.0383062 2.2308902 2.5750182 2.4972843 2.3537739 2.3943786 2.5459200 2.1124291 1.9693815 2.1662340 2.7357491 1.9293314 1.8506643 2.4466025 2.6768329 2.6920103 2.6520505 1.5360977 4.1575026 
Skow_XM_006824923.1                                 2.1149812 2.3570956 1.9004298 1.7577808 1.3164835 1.1897930 1.2394805 1.1880800 1.1721606 4.4967651 1.3080295 1.3679171 1.5416938 1.1686455 1.1169173 1.2003064 1.1437257 1.1070553 1.1076286 0.0000000 1.0125860 1.4481415 1.4824286 1.3377771 1.6835531 1.7098531 1.7515236 1.4848133 1.4108940 1.8785730 1.4873714 2.1181956 1.6122719 1.6271921 1.5503466 1.5737867 1.9478597 2.2475863 1.9582005 1.7270442 1.8281053 1.8281053 1.4833058 1.6771511 1.8199484 2.8983886 1.5465469 1.8750324 1.6129249 2.0158928 1.9709547 2.5125920 2.7063566 2.4917492 2.6903053 2.3204480 1.8454541 1.8847575 1.8936064 1.8909775 1.7672486 2.1965009 1.9597755 1.9353527 2.5302937 2.2476593 1.9438153 1.9890105 2.0517664 1.9408697 1.9408697 1.9624902 2.1764237 2.3591581 2.4938460 1.4973178 4.3729332 
Cgig_XM_011435584.2                                 2.3858367 2.2744699 2.3181649 1.6687656 1.6079172 1.5831528 1.5553280 1.5720357 1.5930616 2.5789539 1.5924011 1.7234325 1.9817053 1.6206927 1.6885118 1.3034163 1.3637869 1.3164942 1.2437686 1.0125860 0.0000000 1.1255549 1.7734648 1.4159317 1.5493603 1.7885977 1.5902627 1.8055384 1.4907097 1.5640072 1.9865472 2.4118526 1.8929587 1.9189500 1.9938227 2.0048989 2.2098953 2.3298216 2.1910286 1.8638761 2.0012763 2.0012763 2.2804883 2.1436433 2.1758170 3.0961480 2.0092792 2.2772134 2.4090085 2.9335631 2.3594760 2.9203894 2.7786392 2.9802882 3.4516537 2.6904438 2.2750681 2.4425349 1.9214098 2.1743072 2.5820019 2.9296421 2.4390880 2.2508017 3.1584153 2.4717267 2.1374990 2.4534794 2.9658003 2.3209477 2.1606232 2.7384724 2.9360959 2.4383401 2.4200687 0.8073521 3.7115280 
Ctel_gnl_WGS_AMQN_CAPTEDRAFT_mRNA167325             2.3923845 2.5074740 2.3895364 1.5825126 1.2379331 1.7243755 1.6182627 1.6645335 1.7795280 2.6182089 1.6499364 1.9360778 1.8587151 1.7542721 1.4625544 1.4181577 1.4626409 1.4705568 1.4254693 1.4481415 1.1255549 0.0000000 1.7288090 1.6945607 1.5578545 1.7243202 1.8396985 1.8867361 1.6804034 1.5458780 2.1621485 2.3746595 2.3929381 2.4122584 2.4802352 2.5572926 2.5119208 2.2076683 2.5320471 2.0509216 2.1727968 2.1727968 2.5797147 2.9615204 2.7517041 2.9552285 2.4124776 2.3965761 1.8046699 2.2201324 2.5408170 3.3181264 3.4101467 3.1332476 3.0890601 3.0407453 2.2267737 2.3656134 1.8968175 2.1101451 3.1212927 4.0152761 2.6978348 2.7414028 3.0501091 2.3587859 1.7564166 2.6384350 3.2231851 2.1131078 1.9696763 2.5918912 2.5039247 2.3211313 2.3146691 1.0258930 3.3425795 
Hvul_g14142_1                                       2.3787028 2.6833028 2.4673438 2.1901170 1.9755569 1.3812469 1.3767808 1.4860628 1.4356669 3.4420294 1.4091205 1.6196951 1.2673446 1.4382217 1.4369636 1.4226338 1.5389991 1.4955612 1.4037574 1.4824286 1.7734648 1.7288090 0.0000000 1.6231958 1.3404948 1.3233228 1.3889512 1.4365762 1.3970351 1.8271172 1.6616280 1.9903062 1.6811871 1.6658391 1.8671712 1.8966915 2.1156846 2.0596187 2.0818337 1.9981696 1.5054005 1.5054005 2.2575941 2.3748407 2.3954030 2.9574582 1.9619079 2.1679569 1.9066104 2.3502418 2.0799993 2.4750081 2.4921746 2.5732139 2.7410623 2.6760608 2.1749911 2.2775290 2.3072329 2.0966881 2.3811564 2.3800011 2.4527972 2.4260846 2.6146868 2.0583623 2.1323294 2.4611221 2.4810102 2.1365061 2.0816770 2.3137936 2.1924950 2.5640537 2.5488514 1.8897387 4.5038551 
Spur_XM_011662435.2                                 2.3434873 2.4139438 2.4493503 1.6754782 1.5708002 1.5773063 1.4541629 1.5034842 1.5357285 2.3656769 1.4728487 1.5286491 1.6389489 1.6761734 1.6346700 1.5187650 1.7213963 1.6557937 1.3969818 1.3377771 1.4159317 1.6945607 1.6231958 0.0000000 1.7153723 2.1076862 2.0259025 1.7529251 1.4783719 1.7816783 1.8853748 2.2369727 1.9538432 1.9881050 2.0823555 2.1067775 2.1166007 2.2561411 2.3114428 1.8665093 1.7941974 1.7941974 2.3696078 2.2734062 2.3604546 3.8663954 2.1804278 2.4246296 1.4872845 2.5208207 2.3201020 2.8080228 3.0302036 3.2398251 3.3151147 3.2006351 1.7934223 2.5453758 1.9456231 2.1147230 2.4090008 2.6126559 2.7171932 2.1024974 3.0211191 2.3995960 2.0183408 2.8528427 2.6129280 1.9952277 1.9171775 2.7998740 2.7200915 3.0324797 3.0758921 1.6513871 3.3092725 
Morvir_scaffold265.g22.t1                           2.0663150 2.0611678 2.0188954 2.1472245 1.5628213 1.3575178 1.3748359 1.4964188 1.3096469 1.1645536 1.4159902 1.7225312 1.1326567 1.3760892 1.3317579 1.3512369 1.3429775 1.2714116 1.2811866 1.6835531 1.5493603 1.5578545 1.3404948 1.7153723 0.0000000 1.1671105 1.3656815 1.2256750 1.4397327 1.7728257 1.8782112 1.6367566 1.7635585 1.7837738 2.0485506 2.0485506 1.8912343 2.0650969 1.9343871 1.9343871 1.6360338 1.6360338 2.1108414 2.1333900 2.2717711 1.9625173 1.7964648 1.9084481 2.1206926 2.3522041 1.9938061 2.2990294 2.3059302 2.1459717 2.0990767 2.2103204 2.0664803 1.7409972 1.9803896 1.5898217 1.8761963 2.0061341 2.3756644 1.9137000 2.4312770 1.8379940 2.0374608 2.2544821 1.9380400 1.7936041 1.7936041 1.7754847 1.6377488 2.3261164 2.2378967 1.5579394 4.0081640 
Nemnom_g18251.t1                                    2.7165072 2.7434556 3.0025400 2.0973470 1.7649231 1.5495684 1.4956551 1.6187851 1.5973663 2.1011955 1.5117531 1.8205294 1.6533658 1.8030675 1.8360212 1.4956565 1.8002009 1.7536182 1.6524194 1.7098531 1.7885977 1.7243202 1.3233228 2.1076862 1.1671105 0.0000000 0.3202471 1.1611073 1.6854159 2.1840243 1.9825768 2.5343571 1.9061678 1.9025183 2.1731896 2.1731896 2.0408005 2.2263851 2.1945294 1.9572338 1.6572860 1.6572860 2.3529888 2.6331528 2.7561013 3.1727136 2.0784185 2.1430382 1.5722733 2.3315478 2.2707985 3.1008365 3.1856186 2.6085508 2.5272655 2.3498249 2.1062677 2.1498936 1.7210406 2.1013769 1.9319522 2.7455220 2.2231927 2.6255015 2.4025957 2.3186909 1.8062372 2.3404901 2.8699102 1.9264315 1.9529242 2.2326880 2.5319950 2.5844847 2.6076197 1.7821060 3.9886973 
Rhoesc_Res_010574-T1                                2.8523440 2.7361380 2.9628898 2.1180132 1.4622026 1.4806740 1.4768168 1.5546289 1.6809464 2.0608799 1.5096388 1.8506718 1.8363893 1.7989880 1.8109609 1.3501593 1.6642948 1.6478073 1.6364352 1.7515236 1.5902627 1.8396985 1.3889512 2.0259025 1.3656815 0.3202471 0.0000000 1.0479441 1.6496526 2.0242348 1.9624177 2.1494210 2.0014890 2.0120546 2.0352976 2.0591272 2.0585148 2.3957109 2.2116897 1.9123861 1.8876946 1.8876946 2.4827830 2.7654250 2.9898126 3.1742055 2.1705476 2.4326286 1.6717944 2.6441145 2.5496298 3.3601071 2.9884840 2.7120121 2.9769772 2.5425775 2.1223407 2.2333087 1.8687693 2.4222958 2.1255354 2.9436235 2.4030510 2.7799127 2.7425704 2.1377555 1.7898909 2.1818177 3.1014264 2.1604045 1.9583000 2.6785818 2.9120121 2.6963033 2.7339308 1.5968567 2.6473147 
Sanmal_Sma_025370-T1                                2.6233984 2.6689204 2.5281817 1.6884865 1.3486911 1.5244446 1.4702314 1.3253276 1.4530128 1.8719169 1.3387342 1.6603708 1.3654939 1.3666664 1.4593995 1.2059076 1.3801390 1.3133294 1.8812644 1.4848133 1.8055384 1.8867361 1.4365762 1.7529251 1.2256750 1.1611073 1.0479441 0.0000000 1.7836282 1.7470337 2.0614049 2.1724818 1.9433209 1.9646454 2.0138485 2.0138485 2.1443245 2.3335545 2.5175254 2.0967690 1.7694685 1.7694685 2.3832799 2.5487443 2.5831018 2.3290576 2.0293038 2.6261324 1.5557543 2.2341156 2.3574858 3.3667614 2.8379926 3.0729976 3.1459554 3.1623887 1.9124359 2.2033263 2.5706251 2.1695520 3.2647845 2.9099240 2.5278479 2.2880830 2.9415737 1.6957552 1.5676596 2.1230721 2.7545948 1.8559442 1.5919683 2.4619219 2.6355439 2.1077659 2.1494072 1.6430599 2.1305542 
Tcas_TC003894_001                                   2.1488203 2.3327846 2.2042433 1.7896849 1.2822447 1.7691959 1.6840880 1.6460020 1.7411722 2.4372639 1.6004581 1.8048928 2.2997976 1.5983699 1.6835753 1.4516812 1.8564258 1.8084918 1.7919020 1.4108940 1.4907097 1.6804034 1.3970351 1.4783719 1.4397327 1.6854159 1.6496526 1.7836282 0.0000000 1.1967907 1.7895503 2.0750130 1.9214001 1.9014248 1.9425855 1.9489564 1.9824155 1.9763414 2.3985051 1.9183860 1.4738346 1.4738346 2.4488285 2.7484326 2.7205300 3.2801003 2.1287027 2.2615494 1.8381488 2.6026745 2.5995127 2.9914948 3.1447322 2.5489104 3.2166817 2.7454810 1.9659380 2.3081523 1.9614306 2.1279645 2.5387277 2.8071961 2.3113739 2.3002894 2.7043931 1.7532081 1.6345647 2.3946605 2.8302285 1.7644524 1.7594782 2.4336349 2.4261241 2.7844871 2.7981533 1.5512124 2.7157397 
Cscu_XM_023359774.1                                 2.7596989 3.0575927 2.7907039 2.1176428 1.5863315 1.9843288 1.9866740 1.9253254 1.9238438 2.7495708 1.9643548 2.2895601 2.3894480 2.0167440 1.6275565 1.7266011 2.0487073 1.9974016 1.8623989 1.8785730 1.5640072 1.5458780 1.8271172 1.7816783 1.7728257 2.1840243 2.0242348 1.7470337 1.1967907 0.0000000 1.8744585 1.5687459 1.9037701 1.9168911 2.0830526 2.0830526 2.1765274 2.1263630 2.5893094 2.1221761 2.0049294 2.0049294 2.6126752 3.0132551 3.1552961 3.8775797 2.7036239 2.9624564 2.3129655 3.1035582 2.8441370 3.2452850 3.2347422 3.2047157 2.9585522 3.2576057 2.2405629 2.3383876 2.2278820 2.3072584 2.6580401 2.8418183 2.5865151 3.0308303 3.0516388 2.3388815 2.1665376 2.5334545 3.0050764 2.3437679 2.2995341 2.9047684 2.7600741 2.8512625 2.9138466 1.4512410 3.1920429 
HoiH23_PlH23_003322-RA                              2.5906254 2.6313996 2.5824343 1.9333173 1.9375866 1.8993413 1.8547011 1.7782162 1.8813783 3.9318522 1.8745314 1.8262785 2.1369751 1.9526690 1.9845545 1.8600882 1.9987273 1.9343124 1.7036100 1.4873714 1.9865472 2.1621485 1.6616280 1.8853748 1.8782112 1.9825768 1.9624177 2.0614049 1.7895503 1.8744585 0.0000000 0.1247799 0.3041914 0.3019831 0.3910227 0.3959425 2.3199675 2.5549485 2.7025661 2.3343992 1.6339904 1.6339904 2.6048579 2.8114281 2.6498251 3.2501678 2.3943882 2.5593932 2.1151547 2.8478063 2.4339924 3.2842186 3.2737464 3.1856025 3.3862001 3.2417543 1.9379166 2.4608886 2.5308722 2.5609870 3.1547250 2.6652588 2.2189313 2.5646116 2.7177585 2.2550164 2.2975508 2.2661866 2.3859757 2.1442884 2.0761300 2.3406121 2.3369345 2.6847250 2.6885758 2.1032360 3.8953941 
HoiH06_mRNA359                                      2.4442682 2.5638973 2.6880260 1.6650456 1.8913934 2.1646734 2.1405603 1.9985965 2.0914276 3.5554373 2.0494643 2.2424587 2.0909450 2.2206336 1.8733534 1.8761920 2.0715885 1.9620797 1.9956918 2.1181956 2.4118526 2.3746595 1.9903062 2.2369727 1.6367566 2.5343571 2.1494210 2.1724818 2.0750130 1.5687459 0.1247799 0.0000000 0.3141792 0.3052641 0.3944332 0.3944332 2.4983921 2.9859507 3.1225792 2.6392389 2.1934797 2.1934797 2.6889600 2.8570844 2.6735953 2.7270882 2.2868582 2.5471452 1.6087678 2.2703618 2.5837532 3.7809635 3.5128595 2.9444770 2.8856315 3.1781830 2.1424379 2.7090394 4.6077940 2.5854262 4.7271963 2.6551805 2.2068975 3.0363637 2.9626499 2.1415334 2.1784159 2.1032931 2.6540198 1.8518742 1.7745979 2.2095160 1.9302360 2.7254514 2.7092724 2.1856749 3.7887000 
Hhon_g02589.t1                                      2.6914720 2.7441722 2.6878391 1.9686292 2.0063794 1.9979404 2.0142302 1.8635994 1.8836898 3.3053115 1.8787612 2.0186286 2.0107846 2.0357161 1.9833364 1.8973256 2.0919597 1.9855533 1.8624166 1.6122719 1.8929587 2.3929381 1.6811871 1.9538432 1.7635585 1.9061678 2.0014890 1.9433209 1.9214001 1.9037701 0.3041914 0.3141792 0.0000000 0.0103014 0.4388496 0.4444763 2.5546788 2.5988184 2.5619440 2.2253275 1.8332607 1.8332607 2.6509192 2.7724007 2.6670454 3.3624443 2.5047802 2.5140171 2.2667813 2.8695442 2.5254324 2.8372365 2.8342345 2.8156806 3.2740999 3.1571693 2.0981933 2.7803380 2.7056915 2.4810181 3.2565277 2.9476653 2.1884173 2.6961861 2.6824380 2.4802229 2.3374891 2.4336215 2.5302740 2.3367693 2.2210758 2.5427222 2.5626129 2.8875160 2.8677709 2.0755524 3.7888616 
HoiH04_mRNA14761                                    2.6798143 2.7382658 2.7070125 1.9933214 2.0193377 1.9707828 1.9869608 1.8383418 1.8583709 3.2023143 1.8536807 1.9967663 1.9879573 2.0663505 1.9914863 1.8979025 2.0903224 1.9841594 1.8834199 1.6271921 1.9189500 2.4122584 1.6658391 1.9881050 1.7837738 1.9025183 2.0120546 1.9646454 1.9014248 1.9168911 0.3019831 0.3052641 0.0103014 0.0000000 0.4364356 0.4420455 2.5490515 2.6206863 2.5705097 2.2601017 1.8724795 1.8724795 2.6451083 2.7741899 2.6769650 3.3006266 2.4929227 2.5046959 2.2474754 2.8349466 2.4943346 2.8816127 2.8627978 2.8091931 3.2366986 3.1240086 2.1076640 2.7477218 2.7611259 2.4778114 3.3198178 2.9233543 2.1920697 2.6877317 2.6703380 2.5068764 2.3597678 2.5010139 2.5668148 2.3512675 2.2342412 2.5384969 2.5541044 2.9153452 2.8953457 2.1154330 3.8822626 
TrH2_TrispH2_001555-RA                              2.7065492 2.8388572 2.7771695 2.1337940 2.1209901 1.8929046 1.9163286 1.8711723 2.0228358 4.0027219 1.9827042 2.0889879 2.3537532 2.0872745 2.2779766 1.9740737 2.1249794 2.0901901 2.0036983 1.5503466 1.9938227 2.4802352 1.8671712 2.0823555 2.0485506 2.1731896 2.0352976 2.0138485 1.9425855 2.0830526 0.3910227 0.3944332 0.4388496 0.4364356 0.0000000 0.0000010 2.4968811 2.6407159 2.6601482 2.2578842 1.6905517 1.6905517 2.7543984 2.5851428 2.5823704 3.4498297 2.3963881 2.6514867 2.0510464 2.9718484 2.5504370 3.0224247 3.1264948 2.7593177 3.3232097 3.2288164 1.9467906 2.5501277 2.5068410 2.4833716 3.0625238 2.7389640 2.1466098 2.6296351 2.9588165 2.7056626 2.6159498 2.6612711 2.5721792 2.5820860 2.4624993 2.6143124 2.7487929 2.9963309 3.0064307 2.1948451 3.6828318 
Tadh_TriadT55668                                    2.6852613 2.8794654 2.8166303 2.1337940 2.1521233 1.8929046 1.9163286 1.8711723 2.0228358 4.0027219 2.0055516 2.1144367 2.4485328 2.0992604 2.2779766 1.9970708 2.1508682 2.1154704 2.0148419 1.5737867 2.0048989 2.5572926 1.8966915 2.1067775 2.0485506 2.1731896 2.0591272 2.0138485 1.9489564 2.0830526 0.3959425 0.3944332 0.4444763 0.4420455 0.0000010 0.0000000 2.5175535 2.7311424 2.6977169 2.2578842 1.6905517 1.6905517 2.7543984 2.5851428 2.6044957 3.5403484 2.4259640 2.7157815 2.0510464 3.0177815 2.5856793 3.0635772 3.1757639 2.8005128 3.3035135 3.2866070 1.9467906 2.6125336 2.5068410 2.4833716 3.0625238 2.7470039 2.1955126 2.6690625 3.0363988 2.7056626 2.6159498 2.6612711 2.5628621 2.5820860 2.4624993 2.6143124 2.7487929 2.9963309 3.0064307 2.1948451 3.6828318 
Tetwil_g6239.t1                                     2.1808468 2.1210437 2.3195615 1.7937580 2.2642964 2.1194103 2.1424286 2.0790993 2.1373261 2.6791802 2.1005515 2.3910189 2.9119381 2.2462779 2.6253555 2.0087353 2.1487386 2.0793798 2.0624081 1.9478597 2.2098953 2.5119208 2.1156846 2.1166007 1.8912343 2.0408005 2.0585148 2.1443245 1.9824155 2.1765274 2.3199675 2.4983921 2.5546788 2.5490515 2.4968811 2.5175535 0.0000000 0.8602239 2.0848034 1.8897573 1.4782329 1.4782329 2.3084997 2.3984909 2.3607451 2.5809753 1.9084846 2.2819131 1.9638899 2.2556103 2.3346239 2.7265199 2.8251226 2.3045265 2.3475507 2.0914557 1.8706861 2.2781147 1.9796335 2.2908717 2.8222062 2.6694912 2.1455887 2.0596593 2.4015662 1.9883800 2.1480788 2.6287118 2.8873038 1.7852760 1.6672667 2.2288114 2.6468840 2.8967549 2.9406860 2.2976009 3.9115794 
Stycar_maker-SC_scaffold6867-snap-gene-0.126-mRNA-1 2.8079362 2.5353641 2.8435036 2.3549101 2.1165901 2.3135824 2.3509253 2.3083484 2.3295383 2.6058631 2.2193719 2.4824793 2.8374112 2.6131663 2.6059390 2.2479906 2.2813448 2.1779702 2.2624321 2.2475863 2.3298216 2.2076683 2.0596187 2.2561411 2.0650969 2.2263851 2.3957109 2.3335545 1.9763414 2.1263630 2.5549485 2.9859507 2.5988184 2.6206863 2.6407159 2.7311424 0.8602239 0.0000000 2.0753385 1.8194347 1.4418126 1.4418126 2.6403637 2.4036611 2.3622478 3.6542627 2.2305015 2.5306963 2.3308575 2.6623674 2.2869953 2.3322287 2.6569791 2.0926364 2.0121050 1.9056452 1.9511561 2.1127149 2.2010373 2.0761741 2.0457392 2.5240454 2.1227243 2.2348981 2.2165968 2.2825408 2.2019221 2.5704406 2.8423114 2.2719197 2.3335338 2.5983844 2.6084712 2.9965183 3.0506196 2.7095881 5.2003347 
Opea_EP00118_Oscarella_pearsei_P004258              2.7540563 2.8841233 2.7602422 2.1884362 2.2110184 2.0389059 2.1515042 2.1837181 2.1848545 2.7842850 2.1386558 2.4247680 2.4944099 2.3109691 2.3014300 2.0089267 2.1053990 2.0649320 2.0912221 1.9582005 2.1910286 2.5320471 2.0818337 2.3114428 1.9343871 2.1945294 2.2116897 2.5175254 2.3985051 2.5893094 2.7025661 3.1225792 2.5619440 2.5705097 2.6601482 2.6977169 2.0848034 2.0753385 0.0000000 0.0000010 1.0651128 1.0651128 2.9274092 2.6763264 2.4831044 4.1193552 2.5013440 2.6224127 2.4839663 3.1271672 3.1090266 3.2898780 3.0878176 2.7022196 2.7918296 2.6436641 2.2023960 2.9452854 2.3137783 2.1875233 2.5436060 3.0584532 2.7145500 2.6384003 2.6611188 2.4340496 2.5171477 3.0094710 2.9440590 2.3032326 2.2251827 2.6203654 3.0136065 3.2141467 3.2083604 2.1620233 5.0826075 
Ocar_g5200                                          2.2570826 2.3332149 2.2043821 2.1884362 2.0519551 1.8215317 1.9164144 2.0374325 1.9620388 2.2373679 2.0279296 2.2104789 2.0983634 2.0475496 1.8604919 1.7224820 1.7179527 1.6746504 1.8437173 1.7270442 1.8638761 2.0509216 1.9981696 1.8665093 1.9343871 1.9572338 1.9123861 2.0967690 1.9183860 2.1221761 2.3343992 2.6392389 2.2253275 2.2601017 2.2578842 2.2578842 1.8897573 1.8194347 0.0000010 0.0000000 1.0651128 1.0651128 2.3985360 1.9954346 1.8636257 3.3300008 1.9595632 2.0494561 2.4839663 2.6059926 2.5633776 2.5361107 2.4251501 2.1758136 2.1439719 2.1210045 2.2023960 2.2979047 2.2055833 1.8207693 2.1622933 2.0920362 2.2514401 2.0143130 2.3917380 2.4391310 2.5171477 2.6463702 2.2564431 2.2738308 2.1429627 2.1399269 2.4621816 2.7803607 2.7719325 2.0331547 4.8019644 
Plajan_Pjan_scaffold20241_01                        1.7697287 2.1197785 2.0481453 1.7436202 1.7851294 1.6686118 1.7696997 1.7152809 1.7032455 2.2577735 1.6662247 1.7536711 2.1787190 1.8645793 1.7552267 1.6659204 1.7805989 1.6771410 1.8178347 1.8281053 2.0012763 2.1727968 1.5054005 1.7941974 1.6360338 1.6572860 1.8876946 1.7694685 1.4738346 2.0049294 1.6339904 2.1934797 1.8332607 1.8724795 1.6905517 1.6905517 1.4782329 1.4418126 1.0651128 1.0651128 0.0000000 0.0000010 2.1263565 1.9864205 1.7785494 4.2219135 1.8658880 1.7708995 2.1237051 2.4643938 2.1683636 2.1899751 2.3343735 2.0494792 1.9976712 1.9489002 1.7983380 1.8633417 2.2038596 1.8028207 2.1441018 2.1354000 1.9308061 1.7287210 2.2151811 2.0228658 2.0475831 2.4435830 1.9417556 1.8323737 1.9000962 1.9148728 1.9646021 2.3335018 2.3456245 2.1988539 3.8986656 
Plajan_Pjan_scaffold20242_01                        1.7697287 2.1197785 2.0481453 1.7436202 1.7851294 1.6686118 1.7696997 1.7152809 1.7032455 2.2577735 1.6662247 1.7536711 2.1787190 1.8645793 1.7552267 1.6659204 1.7805989 1.6771410 1.8178347 1.8281053 2.0012763 2.1727968 1.5054005 1.7941974 1.6360338 1.6572860 1.8876946 1.7694685 1.4738346 2.0049294 1.6339904 2.1934797 1.8332607 1.8724795 1.6905517 1.6905517 1.4782329 1.4418126 1.0651128 1.0651128 0.0000010 0.0000000 2.1263565 1.9864205 1.7785494 4.2219135 1.8658880 1.7708995 2.1237051 2.4643938 2.1683636 2.1899751 2.3343735 2.0494792 1.9976712 1.9489002 1.7983380 1.8633417 2.2038596 1.8028207 2.1441018 2.1354000 1.9308061 1.7287210 2.2151811 2.0228658 2.0475831 2.4435830 1.9417556 1.8323737 1.9000962 1.9148728 1.9646021 2.3335018 2.3456245 2.1988539 3.8986656 
Codhol_EP00042_Codosiga_hollandica_P022726          2.6446002 2.7078167 2.6592576 1.6613496 2.5357069 2.1626303 2.2019327 2.0851541 2.1591167 4.3202937 2.0934339 2.3382088 2.8931738 2.1587581 2.4202575 2.2736196 2.3064777 2.2274948 2.1145339 1.4833058 2.2804883 2.5797147 2.2575941 2.3696078 2.1108414 2.3529888 2.4827830 2.3832799 2.4488285 2.6126752 2.6048579 2.6889600 2.6509192 2.6451083 2.7543984 2.7543984 2.3084997 2.6403637 2.9274092 2.3985360 2.1263565 2.1263565 0.0000000 1.8756725 1.8453015 2.6778493 1.7788853 1.7629347 1.3842771 1.9699870 1.5931238 2.7600511 2.8193836 2.5144601 2.2030565 2.1597063 1.5880787 1.8680440 1.5393560 1.7154487 2.1560756 1.9023857 1.9447849 2.1098836 2.2757582 2.1034487 1.9060713 2.3077014 2.6451796 2.5309394 2.4092323 2.8899084 2.6249300 2.5881916 2.6115114 2.4510331 4.6122078 
Acaspe_EP00035_Acanthoeca_spectabilis_P008221       2.6595871 2.6737737 2.7351058 1.9091383 2.7556291 2.2350196 2.2896670 2.2091677 2.3291501 4.6542061 2.4557991 2.5665590 3.2811307 2.4801520 2.5618013 2.1325311 2.0723295 2.0184495 2.5101286 1.6771511 2.1436433 2.9615204 2.3748407 2.2734062 2.1333900 2.6331528 2.7654250 2.5487443 2.7484326 3.0132551 2.8114281 2.8570844 2.7724007 2.7741899 2.5851428 2.5851428 2.3984909 2.4036611 2.6763264 1.9954346 1.9864205 1.9864205 1.8756725 0.0000000 0.3740133 1.5150869 1.0273799 1.5541578 1.4862641 2.0041135 1.7509249 2.4052175 2.5270123 2.6825428 2.5098505 2.3137060 1.7995611 1.6410052 1.7759212 1.8987016 2.0061141 1.9017483 1.9050798 1.8181493 2.6882411 2.4632673 2.2706422 2.8259628 3.4765000 2.5424315 2.3142544 3.1686070 3.3922549 2.9039734 2.9943916 2.7033861 4.7258038 
Helnan_EP00037_Helgoeca_nana_P025015                2.6864363 2.9097110 2.7816255 1.9611432 2.7088142 2.3053923 2.3897287 2.4045315 2.4081964 4.3996779 2.5610681 2.5272720 2.9318695 2.4407099 2.5951498 2.2209003 2.1137743 2.0570140 2.3991745 1.8199484 2.1758170 2.7517041 2.3954030 2.3604546 2.2717711 2.7561013 2.9898126 2.5831018 2.7205300 3.1552961 2.6498251 2.6735953 2.6670454 2.6769650 2.5823704 2.6044957 2.3607451 2.3622478 2.4831044 1.8636257 1.7785494 1.7785494 1.8453015 0.3740133 0.0000000 1.7108377 1.2151435 1.6304422 1.5230134 1.8493157 1.6967023 2.2142994 2.3997276 2.5473532 2.2002903 2.2875137 1.8455280 1.6543407 1.7614067 1.8002498 2.0984348 1.8915333 1.8073683 1.8778942 2.6598837 2.4844662 2.4279050 2.9133797 3.4652455 2.5000236 2.3525230 3.2214414 3.0827999 2.9824264 3.0593122 2.7145800 4.1373339 
Stedip_EP00041_Stephanoeca_diplocostata_P018683     3.4397633 2.6681676 2.6237152 1.9730837 2.8935546 3.3657328 3.1408141 3.1259541 3.0815070 3.5027904 2.8751473 3.4751967 2.7284167 3.1097524 2.6074946 2.9091672 2.9241785 2.9241785 4.1847811 2.8983886 3.0961480 2.9552285 2.9574582 3.8663954 1.9625173 3.1727136 3.1742055 2.3290576 3.2801003 3.8775797 3.2501678 2.7270882 3.3624443 3.3006266 3.4498297 3.5403484 2.5809753 3.6542627 4.1193552 3.3300008 4.2219135 4.2219135 2.6778493 1.5150869 1.7108377 0.0000000 0.1077543 1.9304901 8.9999984 1.7245776 2.6613550 3.3872230 3.4851361 2.5154345 2.3288357 2.6986026 2.7812729 3.1199615 8.6898073 2.8631047 8.9999983 3.3760714 2.7947024 2.7160619 3.7529581 2.5720174 2.5996706 2.9556027 4.0241973 2.6979895 2.3461451 3.4472365 3.5330051 3.1622920 3.2066293 3.3823604 3.9448156 
Stedip_EP00041_Stephanoeca_diplocostata_P018685     2.5556011 2.4728751 2.3491806 1.9245559 2.0060774 2.0209391 1.9598995 1.8707969 1.9349699 3.2785199 1.7952784 2.0762270 2.4777346 1.8883347 1.9134649 1.9015057 1.9124622 1.8539078 2.2957586 1.5465469 2.0092792 2.4124776 1.9619079 2.1804278 1.7964648 2.0784185 2.1705476 2.0293038 2.1287027 2.7036239 2.3943882 2.2868582 2.5047802 2.4929227 2.3963881 2.4259640 1.9084846 2.2305015 2.5013440 1.9595632 1.8658880 1.8658880 1.7788853 1.0273799 1.2151435 0.1077543 0.0000000 1.4095531 1.1159825 1.4787997 1.7306820 2.2919145 2.2445230 2.0507187 2.1418531 2.1237031 1.3005077 1.8947504 1.7527185 1.7144608 2.0723733 1.9507877 1.8945994 1.7806350 2.4991737 2.0614712 1.9085468 2.4664050 3.0890538 2.2519621 2.1317035 2.6960068 2.6356113 2.4978247 2.4634272 2.5788272 4.0342792 
Diagra_EP00040_Diaphanoeca_grandis_P026482          3.0516596 2.8966555 2.7279484 1.9634851 2.4120680 2.5108414 2.4187438 2.4523090 2.4064751 5.1131441 2.3472848 2.5518850 2.9765342 2.2760745 2.2577574 2.3362158 2.2877666 2.1873069 2.6985465 1.8750324 2.2772134 2.3965761 2.1679569 2.4246296 1.9084481 2.1430382 2.4326286 2.6261324 2.2615494 2.9624564 2.5593932 2.5471452 2.5140171 2.5046959 2.6514867 2.7157815 2.2819131 2.5306963 2.6224127 2.0494561 1.7708995 1.7708995 1.7629347 1.5541578 1.6304422 1.9304901 1.4095531 0.0000000 1.4708824 1.6156615 1.9364394 2.4874831 2.4783557 2.6128168 2.6214452 2.3948779 1.7519257 1.7591086 1.8975817 1.7216830 2.1518796 2.0946937 2.1011277 2.2148934 2.3806561 2.2486516 1.8170140 2.6033964 2.9793305 2.0455639 1.9061868 2.6512534 2.4426399 3.1142482 3.1986132 2.5286791 5.7509037 
