120
Lcom_lcpid34897                                    0.0000000 0.3564975 0.2413981 0.8351050 0.8693542 1.2611462 1.9202300 1.8878410 2.1373126 1.8506289 1.9797024 2.3412748 1.9733532 2.2169823 1.9886288 2.1772883 2.1457469 2.2039634 1.9573908 1.9477367 1.8799711 1.9286336 1.9854614 1.9926401 1.8597826 1.8400105 1.7711709 1.7797326 1.7767850 1.7806901 1.7342311 1.7401956 1.9890102 2.2306519 2.4550105 3.2658140 2.3161999 3.0486001 2.9999235 1.7945038 1.7560812 2.0240536 1.9076594 2.0993496 1.8290133 1.9017388 2.5635874 2.0863646 1.8403661 1.8136755 1.9083265 2.0242200 1.5205877 1.8808324 1.8780047 2.0967036 2.0749404 2.0497912 2.0582961 2.8910574 2.5929221 2.2960233 2.3602392 1.8323810 2.7769690 1.5760250 2.8722825 3.0308781 2.8740187 3.6946978 1.8365339 2.4611839 3.3757029 3.3998524 3.5243356 1.8833083 1.9953248 1.9287107 1.8102565 3.2723979 3.2723979 3.2904541 3.3713908 3.1680075 3.4400650 2.5708808 3.6108624 2.3583607 3.2708251 5.0110833 2.0345676 2.0345676 2.5590854 3.1047607 2.8837370 3.1414230 3.3133455 3.4144102 6.6016894 3.4744960 3.4762141 5.8476844 3.4608160 4.9937477 1.8993768 2.1584547 2.2730785 3.2861872 2.4819467 2.1788096 2.1788096 2.4421420 3.6031916 3.7865248 3.1045507 2.6242820 3.3667860 2.4420291 2.2102432 2.7257109 
Gracom_Gcom_C559862_01                             0.3564975 0.0000000 0.2511486 1.0442236 0.7696694 1.2207497 1.9903726 1.9541162 2.2126344 1.8787641 2.0207995 2.3494762 1.9821900 2.2622585 1.9693588 2.1550608 1.8708286 2.2827973 2.0336658 2.0237760 1.6170584 1.9048387 2.0936772 2.1836256 1.7749075 1.7746277 1.7397770 1.7335170 1.7304346 1.7145754 1.7236944 1.7290194 1.9078576 2.2052616 2.4783068 3.3282945 2.1252391 3.0865990 2.9548072 1.7886639 1.7692423 2.0790557 1.9549731 2.1304888 1.8479155 1.9061035 2.5228258 1.9599373 1.7986516 1.7409466 1.8893875 2.0351713 1.3461790 1.8901460 1.8796428 2.0881854 2.0513963 1.9978347 2.0046529 3.1488717 2.4651349 2.2177684 2.3378662 1.8807696 2.7685025 1.4721616 2.8281921 3.0854658 2.7474577 3.8960359 1.7828447 2.5080924 3.4256189 3.3788031 3.3200488 1.8183618 1.9346535 1.8602169 1.7682912 3.3195393 3.3195393 3.3330636 3.4314179 3.1061168 3.4685845 2.7234205 3.7236881 2.2386826 3.2296665 4.8091672 1.8908513 1.8908513 2.2638206 3.0797091 2.9232707 3.1405643 3.0754300 3.4247148 6.3151652 3.3545814 3.4135995 6.2686826 3.3008635 4.7551492 1.9391683 2.2749120 2.3469063 3.4259668 2.5194639 2.1112314 2.1112314 2.5716673 3.4391436 3.7901834 2.9738405 2.7567988 3.3074807 2.4123873 2.2694185 2.7458032 
Leuniv_Lniv_scaffold17016_01                       0.2413981 0.2511486 0.0000000 1.7131941 3.4989839 1.0412848 1.9906769 1.6653635 0.0000010 1.0841819 2.2224413 0.0000010 1.8865348 1.8427698 1.5637622 1.8790032 1.7937100 0.0000010 0.0000010 2.3426313 0.0000010 1.9392234 2.0650109 2.2049276 1.9021874 1.9122012 1.8838016 1.8713723 1.8768866 1.8460524 1.8101699 1.7703761 1.8096728 1.8280764 3.0912002 3.0593630 2.0421281 3.0593630 7.8068717 1.7274670 1.6244605 1.9715141 1.9501371 2.1818868 1.7353813 2.0367633 2.5287240 2.2796243 1.8387733 1.8087206 1.9381530 1.9237106 1.4628125 1.7919983 2.0174855 2.2480997 2.0438118 2.1068838 2.1153254 3.3563364 2.6287154 2.1763886 2.3367412 2.0224123 2.8353660 1.6294205 2.7900330 3.0242432 2.7183548 4.8642006 1.7194581 2.4057505 3.7692823 3.6027754 3.3200776 1.9293526 2.6114408 2.1567052 2.1567052 3.5580540 3.5580540 3.5250896 3.6229714 3.1000641 1.9852756 0.0000010 0.0000010 2.4023974 2.9886063 4.7588248 1.9455346 1.9455346 2.0108141 3.0406240 0.0000010 2.9888420 3.0953437 3.2450303 6.0911079 3.2860080 3.3205958 7.3452624 9.0000000 3.9332305 1.7317456 2.0792021 2.1777290 4.3715622 1.9093694 2.2837031 2.2837031 2.6152451 3.2782889 3.8548211 2.8466028 3.1660146 3.2678841 2.5801618 1.8671416 4.1348193 
Clacor_Ccor_C519129_01                             0.8351050 1.0442236 1.7131941 0.0000000 0.9559061 2.2526750 2.1034683 1.9470088 0.0000010 1.9500525 1.9973188 2.8953187 2.1165503 0.0000010 9.0000000 3.1879626 0.0000010 2.1727858 1.9442335 1.9089622 1.6015968 2.2174690 5.5351121 4.0979950 3.5104628 3.0521258 1.8695410 1.8396731 1.8396731 1.8881743 1.8796774 1.8803901 2.5998229 3.2786658 2.7551939 3.9735293 0.6494638 2.9583111 2.7068356 1.8482662 1.9509289 2.6936019 2.0185025 2.4284708 1.7018019 1.9053812 2.6744556 2.0089501 1.9786536 1.9632976 2.0010964 2.3910935 6.4517292 2.2605129 2.0513886 2.0798271 2.0578955 2.0554110 2.0554110 2.6557096 3.6777879 5.2037255 2.4642447 1.9673682 2.2437534 0.6963925 2.3613508 2.7525262 4.2999720 2.9007889 2.0128770 4.4797555 3.2668281 3.3346018 7.7516288 2.1772497 1.9406517 3.8939301 1.4659800 2.8827169 2.8827169 3.0661529 2.8492993 4.3660933 2.9598404 1.8927193 2.8687219 3.4367570 3.0383661 9.0000000 2.6783179 2.6783179 4.2718482 2.9424068 3.1430262 3.3523360 5.6841976 3.4389310 8.9999987 3.4919067 3.7719531 9.0000000 3.1998798 5.1504145 1.7487369 2.2458189 2.4161116 2.5595401 2.4993422 3.5867582 3.5867582 1.7944932 3.4473676 3.4388923 2.6849424 2.0233224 3.4897596 2.9455112 2.0606183 2.4988263 
Scil_scict018825.1                                 0.8693542 0.7696694 3.4989839 0.9559061 0.0000000 2.6199495 2.8369792 2.2542856 2.3025059 2.0165664 2.1321324 2.6651292 2.8253033 2.3667269 3.0482028 5.7825981 5.3106515 2.0753271 1.9146940 1.9386148 1.6453613 2.6543945 3.4709898 2.8172781 6.2716517 2.7755934 2.1755262 2.1660588 2.1660588 2.2028546 2.1908862 2.1808220 2.4767105 4.2077325 2.5594527 5.5183936 8.5871610 4.3086070 3.2822824 2.2568003 2.2087348 4.4231579 2.3918181 2.4927151 2.1241118 2.2126898 3.0869030 2.1706172 2.1639242 2.0989060 2.1379470 2.4974652 3.4140554 2.2765986 2.1735505 2.3815460 2.6230285 2.6246343 2.6369723 3.4752123 4.2705818 4.8391762 2.8799467 1.9763308 3.4023481 4.6537253 3.0437025 3.7046268 6.3829643 3.4565222 2.1901309 3.9146625 3.8615270 3.6996578 5.5777695 2.2573098 1.8283468 2.0554068 1.6551203 3.3825349 3.3825349 3.4549216 3.8893522 4.6128626 3.1472720 1.7082483 3.5870476 8.9999984 4.6674136 7.7128307 6.2573089 6.2573089 7.5283872 4.2360339 3.0426408 4.0084789 6.0347843 5.4931838 8.9999987 4.7279703 5.2699592 7.8035444 3.3790369 5.4459119 1.8104078 2.8219555 2.8224598 2.9673582 2.4924579 3.5266139 3.5266139 4.8672921 3.9512791 4.2401013 3.6819142 2.6021542 5.1041091 2.9627378 2.3574148 2.7420557 
Clacor_Ccor_scaffold10938_01                       1.2611462 1.2207497 1.0412848 2.2526750 2.6199495 0.0000000 2.2094937 2.5155658 3.7906247 2.6840545 2.9744663 6.0168803 2.2324718 1.9480798 2.2673376 2.3358911 2.3513967 2.1188476 3.0232808 3.2143006 1.9332038 2.1894607 2.3443666 2.5572488 1.5195785 1.9244655 1.9593238 1.9465481 1.9598927 1.9524660 1.9706681 1.9513190 2.1103642 2.1213158 2.7878926 3.5138229 2.0612868 3.4123833 3.4377806 1.9623397 1.8632033 2.0434032 2.0583441 2.2019033 2.0720669 2.3227118 2.5868659 2.4064866 2.0853998 1.9829938 2.0938066 2.0758601 2.0825867 2.0551535 2.0344814 2.2156008 2.0900382 2.0873871 2.0833014 2.7275261 2.6445462 2.0918794 2.3466330 2.2548754 2.9044963 1.3259153 2.8111055 2.9559208 2.5657302 4.1522653 1.9639471 2.4978091 3.7420266 3.8150625 3.3394260 2.0025955 2.4416291 2.3752811 2.3392176 3.1864602 3.1864602 3.0692246 3.6296862 2.9125066 2.5443899 1.7146406 3.0253852 2.5634385 3.2670098 4.4928016 1.9102906 1.9102906 2.8556694 3.1125885 2.7503435 3.4988575 3.0970315 3.4098044 4.8798345 3.4761347 3.5753952 6.7113222 3.6673433 5.0480048 2.3184687 2.3157071 2.4356414 3.5326102 2.7094265 2.0242337 2.0242337 2.5481389 3.7503117 3.6432430 2.8889640 2.9335590 3.4767811 2.7200711 2.5737007 3.1175298 
Aque_Aqu2.1.33325_001                              1.9202300 1.9903726 1.9906769 2.1034683 2.8369792 2.2094937 0.0000000 0.3659448 1.8708596 1.1741515 1.3583028 1.9812771 1.1925327 1.7152970 1.3630448 1.3661795 1.2115717 1.0169593 0.9877123 1.0236954 0.7522832 1.1667928 1.2404611 1.2942726 0.8285058 1.8669088 1.8648973 1.8411841 1.8455403 1.8873735 1.8847690 1.9106203 2.0200411 2.3845211 2.8106628 3.5455963 2.4089664 3.2273034 3.0235629 1.8236781 1.8228919 2.1812343 1.9951599 1.9855404 1.7561858 2.1540414 2.3333348 2.0034086 1.7874850 1.7175536 1.7995319 1.9328496 1.8142652 1.7506883 1.9355514 2.2766424 2.0448819 2.0029360 1.9839840 2.3581737 2.6363504 2.3581443 2.3693852 2.0487805 2.8537585 1.6261782 2.8854068 3.2294996 2.4184142 4.2865970 1.9429886 2.7292929 3.7626243 3.4809428 3.7099081 1.8557989 1.9382854 2.2237152 1.9806899 3.2477170 3.2477170 3.2964770 3.3390455 3.0102549 3.3355859 2.5820611 3.6223452 2.4831945 3.3989205 4.7939166 1.7706332 1.7706332 2.6466389 3.5433713 4.5491946 3.3890495 3.3638918 3.6310692 5.2353908 3.5337900 3.7099514 6.0660841 4.0527623 5.9399992 1.7728446 2.2964664 2.3647242 2.9815093 2.4254875 1.8490885 1.8490885 1.1094742 3.4190962 3.7444164 2.9179382 3.0975997 3.6347693 2.4275179 2.3962202 2.8224591 
Halamb_c46293_g2_i1m.20362                         1.8878410 1.9541162 1.6653635 1.9470088 2.2542856 2.5155658 0.3659448 0.0000000 1.6102898 1.0758868 1.2646613 1.7076964 0.9996534 1.4072089 1.1811676 1.2554591 0.8573033 0.9828504 0.9153288 0.9689199 0.7285530 0.9824714 0.9121397 0.8812806 2.0935502 1.8973054 1.8958970 1.8639462 1.8656540 1.9560703 1.9212825 2.0212084 1.9915857 3.3463878 2.0982348 4.8739474 2.6001110 3.6543397 3.0340080 1.7216601 1.7004388 2.3372830 1.8844845 1.8288189 1.7928649 2.0101386 2.3093644 2.0942353 1.7094194 1.7572092 1.7481092 1.9730351 1.5897757 1.7443664 1.9343339 2.4052816 2.1175699 2.0754027 2.0612539 2.6126502 3.3276662 8.4371787 2.5653328 2.0133643 3.0978900 0.0000010 3.1335351 3.7607507 3.6114336 3.7979215 1.8816067 3.1494319 3.5100605 3.3706699 8.9999983 1.7449052 1.8717239 2.0381372 1.7922681 3.4319101 3.4319101 3.5258647 3.4240778 3.2851727 3.6734427 2.6790781 3.9180502 3.0356043 3.5901307 2.7353181 2.8838270 2.8838270 6.1474487 3.9012474 4.2773643 3.4945750 3.6695178 4.3315072 3.4012090 3.9065951 4.2425097 3.9836114 4.0090892 5.5783356 1.8670983 2.1111444 2.2388910 2.2699942 2.3114357 1.4374479 1.4374479 1.7992973 3.4096124 3.7797634 3.1179244 3.3774243 3.3251560 2.3751967 2.4578579 3.0045138 
Tetwil_g15524.t1                                   2.1373126 2.2126344 0.0000010 0.0000010 2.3025059 3.7906247 1.8708596 1.6102898 0.0000000 0.0180641 0.0186204 0.0467841 0.0180641 0.0598659 0.0846535 2.7249536 0.0000010 0.0000010 0.0000010 0.0000010 0.0000010 1.1937937 1.2823056 1.2823056 0.0000010 1.9780689 2.1219951 2.3656249 2.3656249 2.2504740 2.2168715 2.2168715 3.3168055 3.0880328 3.2311390 6.3570626 1.6255413 6.3570626 7.3607017 2.4838157 2.0998725 0.0000010 2.8786209 2.3463172 1.9512556 2.7260145 2.8796438 2.0459241 2.1853424 2.2094732 1.8981114 1.9675768 9.0000000 2.6787342 2.9520243 2.9908605 3.0568089 2.9783194 2.9783194 7.6503918 0.0000010 0.0000010 3.1514837 3.0166895 5.3770322 0.0000010 4.1714489 4.0432737 6.4406913 4.0432737 1.9542713 2.8997102 4.9463540 4.0778614 0.0000010 2.6692470 3.3864631 3.0954528 3.0954528 5.9390821 5.9390821 6.1430377 4.6639717 4.1268007 4.4560362 0.0000010 5.0895232 0.0000010 5.1421886 0.0000010 0.0000010 0.0000010 9.0000000 6.1128346 3.0716762 4.1355269 5.7618828 4.6509901 0.0000010 5.5462275 5.3951836 5.3629363 3.7870427 5.6638066 2.8881689 3.4458184 3.3190166 2.7820670 3.1189453 1.4422260 1.4422260 1.9426129 3.8860918 4.3619350 4.6559595 3.8126753 8.0569573 2.8443204 2.9223713 3.9332771 
Tetwil_g4093.t1                                    1.8506289 1.8787641 1.0841819 1.9500525 2.0165664 2.6840545 1.1741515 1.0758868 0.0180641 0.0000000 0.0181742 0.0260861 0.0155619 0.1066040 0.1313228 1.6561759 1.4629213 0.3342920 0.0052933 0.0154040 0.5425401 0.8891359 1.0962352 1.0962352 2.0320060 1.8183314 1.6703019 1.6876999 1.6876999 1.6684778 1.6701430 1.6701430 2.0146404 4.4171049 2.0309383 4.6023743 1.6255413 3.6288493 3.2631111 1.4145446 1.5198299 1.2968111 1.7645405 1.7896322 1.4120101 1.7155906 2.0642154 1.6328222 1.5554574 1.5911082 1.4688812 1.6694152 1.2252972 1.7210937 1.7148123 1.9717761 2.1260643 2.0809954 2.0776761 2.6456374 4.2571989 9.0000000 2.1920854 1.9003654 3.1224023 0.0000010 3.1259196 3.3485486 6.4406913 3.3485486 1.7205214 2.9248472 4.1453527 3.3572727 8.9999989 1.7460799 1.8292348 2.2165697 1.7334003 3.5987678 3.5987678 3.5884383 3.7074052 3.1096215 3.2261307 1.6089085 3.5606529 0.0000010 3.5238231 3.7537340 1.8821920 1.8821920 5.3160970 3.8989609 3.8991363 3.5022738 3.2233064 5.7289376 3.0701585 3.8117353 4.2321102 4.3465257 3.5329815 5.7249307 1.8155197 2.0888959 2.1857099 2.2741863 2.4283576 1.5506873 1.5506873 2.1548613 3.3238404 3.6307900 3.4164737 2.8153870 4.1774728 2.0315490 2.2803635 2.5838933 
Tetwil_g2852.t2                                    1.9797024 2.0207995 2.2224413 1.9973188 2.1321324 2.9744663 1.3583028 1.2646613 0.0186204 0.0181742 0.0000000 0.0260861 0.0218532 0.0275175 0.1827726 2.2430663 0.0000010 0.4168450 0.0058928 0.0057315 0.5995272 0.9895792 1.2429946 1.2429946 2.0320060 1.7943764 1.6907001 1.7059548 1.7059548 1.6934919 1.6969835 1.6969835 2.1597306 4.6589758 2.1871834 5.1964821 1.6255413 4.1196443 3.5691611 1.5837855 1.7194240 1.2968111 1.9693130 1.8477341 1.5369767 1.8695969 2.1147952 1.5965095 1.5582201 1.6053527 1.4969820 1.6838067 2.5292217 1.7980735 1.7968580 2.0855946 2.2320303 2.2329402 2.2288348 2.5314647 1.8654604 9.0000000 2.4000296 2.0088943 3.4190754 0.0000010 3.4127208 3.5279245 6.4406913 3.5279245 1.8236448 2.7153824 4.3127284 3.5294458 0.0000010 1.8845431 2.0043403 2.2822002 1.7627096 3.8030553 3.8030553 3.7900848 3.6498693 3.4283349 3.7827979 1.9889672 3.9426014 0.0000010 3.9041687 0.0000010 1.8821920 1.8821920 6.1766792 4.3098049 3.8991363 4.0194360 3.5095972 6.8551146 0.0000010 4.3041205 4.3435815 4.8036496 3.9299008 5.7249307 1.9302832 2.3570944 2.4524787 2.5624035 2.6718288 1.5291488 1.5291488 3.0158881 3.4192718 3.7914383 3.6443427 2.7037812 3.5542890 2.2755368 2.4562968 2.6308330 
Tetwil_g13137.t1                                   2.3412748 2.3494762 0.0000010 2.8953187 2.6651292 6.0168803 1.9812771 1.7076964 0.0467841 0.0260861 0.0260861 0.0000000 0.0260861 0.0000010 0.6262755 6.3015219 0.0000010 0.0000010 0.0000010 0.0000010 0.0000010 1.4628451 1.5030168 1.5030168 0.0000010 2.2064101 2.0901479 2.1508607 2.1508607 2.1081133 2.2556782 2.2556782 2.4760885 4.9018309 2.7722889 3.5962660 1.6255413 3.9873003 4.8209372 2.0095635 2.0042519 0.0000010 2.7574249 2.2436347 2.0193366 2.7144077 2.3114056 2.1651734 2.0171417 2.2611277 1.7842466 2.7483838 0.0000010 2.1373394 2.1085507 2.4475531 2.3253168 2.4910085 2.4910085 0.0000010 1.8654604 0.0000010 2.8828955 2.4654002 4.7991998 0.0000010 5.5494174 5.8301128 6.4406913 5.8301128 2.3356389 9.0000000 5.1313661 4.8006916 0.0000010 2.2065516 3.1200496 2.0025681 2.0025681 6.0872607 6.0872607 5.2628083 5.5286701 1.7544398 8.1277367 0.0000010 6.2726422 0.0000010 6.5758102 0.0000010 0.0000010 0.0000010 5.0142840 5.7599964 6.1036059 5.9238979 0.0000010 0.0000010 0.0000010 7.0097752 6.7901147 5.4809626 4.3794931 5.3989184 2.9958028 2.9063920 2.6270889 2.9205755 2.9205755 3.2854009 3.2854009 9.0000000 4.5487630 4.9950394 4.4439746 3.9029325 4.2862488 2.7419644 2.7728891 3.9865062 
Tetwil_g12936.t1                                   1.9733532 1.9821900 1.8865348 2.1165503 2.8253033 2.2324718 1.1925327 0.9996534 0.0180641 0.0155619 0.0218532 0.0260861 0.0000000 0.1066040 0.0729315 0.1062365 0.0606794 0.2661707 0.0350557 0.0511084 0.6529654 0.9670353 1.1283099 1.1565928 0.5140243 1.8654182 1.8031414 1.8155795 1.8203341 1.8339642 1.8189493 1.8492486 1.9576063 2.2963552 2.6881730 3.2789629 1.5595064 3.2188601 3.4750222 1.8469084 1.8529379 2.0848937 2.0072405 2.0690615 1.7304508 2.1320218 2.3966156 2.0291833 1.7992795 1.7083184 1.7140007 1.8605538 1.6889759 1.7896129 1.9058574 2.3421270 2.1786541 2.1247524 2.1144423 2.1086022 3.2389257 2.4834839 2.3658610 2.1929789 2.8834762 1.3801068 2.8795995 3.1222838 2.7011184 4.1431960 1.9145191 2.5006376 3.7109847 3.4385603 3.5288213 1.9751578 2.0649332 2.1899943 1.9447552 3.5591616 3.5591616 3.4906051 3.4657528 3.0474630 3.8073271 2.8396984 3.7490258 2.8866580 3.5502773 4.4868501 2.1088714 2.1088714 2.7322021 3.5988254 3.8934276 3.6956707 3.3872316 3.5451135 5.4245306 3.8803565 3.9851937 5.8800398 3.8504227 6.1863089 1.8737669 2.2294769 2.3370598 3.1669858 2.5685292 1.7883830 1.7883830 1.9503248 3.2179502 3.4450834 3.0091565 3.0695573 3.5403835 2.3457749 2.4060238 2.9123967 
Tetwil_g13136.t1                                   2.2169823 2.2622585 1.8427698 0.0000010 2.3667269 1.9480798 1.7152970 1.4072089 0.0598659 0.1066040 0.0275175 0.0000010 0.1066040 0.0000000 0.1236694 2.7459452 0.0000010 0.0000010 0.0000010 3.7534905 0.0000010 1.4161113 1.3594918 1.3594918 0.0000010 1.5877324 1.6295794 1.7065840 1.7065840 1.6410837 1.6484115 1.6484115 1.9250785 0.0000010 1.9219412 6.4413803 0.0000010 6.4413803 7.0171783 1.8665314 1.8641817 0.0000010 1.6895291 2.1295454 1.8201291 2.2395611 1.8953429 1.7581803 1.6875980 1.7180257 1.7485777 1.2048393 3.5156251 2.1513536 2.0563532 1.8690181 1.8624674 1.7455504 1.7455504 4.1982593 0.0000010 0.0000010 1.8037259 2.0682266 3.6505897 0.0000010 3.4199313 3.3564865 0.0000010 3.3564865 1.7022139 1.5129037 3.6814504 3.3649906 0.0000010 2.0181616 2.0181616 2.3545591 2.3545591 3.4467015 3.4467015 3.6529376 3.6825125 3.3998036 0.0000010 0.0000010 4.5566890 0.0000010 3.7522764 0.0000010 0.0000010 0.0000010 9.0000000 4.0611372 0.0000010 3.9335905 3.8078289 5.1744609 0.0000010 4.8248530 4.6942921 3.8605083 3.6495451 6.6637866 2.0948835 2.7716737 2.7981636 2.4209162 3.1230756 1.2837613 1.2837613 2.6334924 2.7503232 3.2360844 3.7102117 0.0000010 1.5580464 2.4568022 2.1200197 1.4525424 
Tetwil_g15911.t1                                   1.9886288 1.9693588 1.5637622 9.0000000 3.0482028 2.2673376 1.3630448 1.1811676 0.0846535 0.1313228 0.1827726 0.6262755 0.0729315 0.1236694 0.0000000 0.3364905 0.0305504 0.0000010 1.7949406 2.1261415 0.0000010 1.0450204 0.9622129 0.9588681 0.0000010 1.7982695 1.9696900 2.0193125 2.0294113 1.9997864 1.9237833 1.9197604 2.1761409 3.2532897 2.2435202 4.4546127 0.0000010 4.6324317 9.0000000 1.9072868 1.7889949 2.3662928 2.0562424 2.1814248 1.7282569 2.4259682 2.7181446 2.6931423 1.9525290 1.8360542 1.6755909 1.7090419 1.4525421 1.9681824 2.0918756 2.6488385 2.6963801 2.5664469 2.5467745 4.0444393 3.3657270 3.3873218 2.5252898 2.1587141 4.2790063 0.0000010 4.3486147 3.8215447 5.6146915 3.8215447 1.9119154 2.6963399 4.3530743 4.1628059 3.0924870 2.1034002 2.4129037 2.2263096 2.2263096 4.5994099 4.5994099 4.8513418 4.4159911 3.8513851 8.7590294 0.0000010 5.4627860 3.7891610 3.9257354 3.7935611 0.0000010 0.0000010 8.9999987 4.3655027 8.9999981 4.0973449 3.5261846 3.4444882 4.1557260 4.7923328 4.7585084 4.2216188 4.2272628 8.0866848 2.0501868 2.2928684 2.2152972 3.2496174 3.2021694 1.6022595 1.6022595 3.0205447 3.7177512 4.4729458 3.7935593 5.8064040 3.2215861 2.5119520 2.4199216 3.0843681 
Tetwil_g8410.t1                                    2.1772883 2.1550608 1.8790032 3.1879626 5.7825981 2.3358911 1.3661795 1.2554591 2.7249536 1.6561759 2.2430663 6.3015219 0.1062365 2.7459452 0.3364905 0.0000000 0.0504128 1.0246873 0.0000010 7.9542167 0.0000010 1.1718156 1.3003950 1.4595601 0.4807720 2.1246350 2.0791779 2.0998675 2.1008386 2.0873320 2.0690175 2.0567224 2.0693584 1.8058562 3.7437194 3.1349840 1.5564183 3.1532775 7.1234492 2.2105606 2.1724216 2.1562085 2.2972810 2.4253594 1.9538921 2.4213786 2.6116599 2.5713516 2.1009968 1.9235171 1.9673188 2.0725159 1.7512848 2.0046370 2.1613111 2.5400441 2.2571140 2.2520473 2.2372724 1.9104735 3.2250619 2.4273527 2.4708995 2.7049400 2.8477547 1.3513258 2.9879449 3.2097623 2.6699316 5.2996498 2.1365540 2.5115861 4.1144254 3.9456194 3.5055392 2.3027700 3.3072006 2.5718481 2.6052717 3.5215444 3.5215444 3.5125511 3.4357851 3.0812307 1.8360424 0.0000010 5.6606636 2.9002290 3.7413985 4.4447185 2.0936436 2.0936436 2.5280061 3.5853530 0.0000010 4.0205881 3.5805724 3.5201246 5.3693470 4.0384928 4.1293875 6.8235188 6.3529394 8.9999985 2.2260744 2.4116828 2.4411354 4.7068101 3.1885547 2.0754062 2.0754062 1.9058733 3.3070224 3.4386416 2.9333089 3.8193257 3.4617801 2.6975643 2.8387956 4.0621049 
Tetwil_g4097.t1                                    2.1457469 1.8708286 1.7937100 0.0000010 5.3106515 2.3513967 1.2115717 0.8573033 0.0000010 1.4629213 0.0000010 0.0000010 0.0606794 0.0000010 0.0305504 0.0504128 0.0000000 0.0000010 0.0000010 7.9542167 0.0000010 0.9374536 0.9174920 0.9174920 0.0000010 2.0599339 2.0690601 2.0568892 2.0504293 2.0986446 2.0625501 2.0625501 2.0245016 4.2928303 2.3365163 3.8042211 8.9999989 3.8042211 0.0000010 1.8903470 1.5999261 2.1369270 1.9696319 2.0491317 1.8670867 2.9342006 3.7936824 3.9535071 1.7396592 1.7794079 1.6449867 1.8953909 1.6944237 1.8145257 2.1318761 2.8079016 2.4242429 2.5525996 2.4975476 4.5702727 2.8123765 2.8155308 2.4101438 1.5908407 4.1041107 9.0000000 5.8482315 3.7369832 6.3456798 3.7369832 1.8027929 1.1503311 4.7607919 5.7279837 3.5052807 2.0653261 3.3104331 1.8937881 1.8937881 4.8803292 4.8803292 4.7222573 4.6282276 4.6521750 3.0175844 0.0000010 0.0000010 9.0000000 4.1226981 3.5992071 9.0000000 9.0000000 8.9999981 3.6556238 0.0000010 5.1792240 4.0338327 3.0833495 4.0416206 5.6370943 5.3954537 5.3368084 9.0000000 0.0000010 2.0621273 1.8358927 1.7782457 0.0000010 2.3071521 1.8250035 1.8250035 4.6448575 4.1424873 5.1423977 3.2538966 6.5491177 2.9391443 2.4769295 2.1088086 6.9067511 
Tetwil_g13224.t1                                   2.2039634 2.2827973 0.0000010 2.1727858 2.0753271 2.1188476 1.0169593 0.9828504 0.0000010 0.3342920 0.4168450 0.0000010 0.2661707 0.0000010 0.0000010 1.0246873 0.0000010 0.0000000 0.1993032 0.1893724 0.9001080 0.8773628 0.0000010 0.0000010 2.0320060 9.0000000 1.9901977 1.9537942 1.9806898 2.0615851 2.1149119 2.3151326 2.3809713 4.7744298 2.5115407 3.3060444 2.1450537 2.6152456 2.5734082 1.7630801 2.0051666 3.0528348 1.6444639 1.9888261 1.8166984 2.1976165 3.0717843 2.1234622 2.0772967 1.9432168 2.2694596 2.3659113 0.0000010 2.1172321 1.9462813 2.3123622 2.5277009 1.7853227 1.7853227 2.0904896 4.7830381 3.5929783 2.7587276 2.1826097 2.4912765 0.0000010 2.4351745 2.5463186 0.4948230 2.5463186 1.9323761 3.6534312 2.3578358 2.4940583 0.0000010 2.1576915 2.2741186 1.8240762 2.2174246 2.9242902 2.9242902 2.9836022 2.5145954 3.0493665 3.4397473 2.7932523 2.7279051 0.0000010 2.6730866 0.0000010 1.8821920 1.8821920 2.2706245 2.8274185 2.9581129 2.5613467 3.2756877 4.5215705 0.0000010 2.9950056 2.9347140 0.0000010 3.1790265 4.8856486 2.0347565 1.8813612 2.3968118 1.7690195 2.3317551 2.4904212 2.4904212 1.8303140 2.9580901 2.7925481 3.3095061 2.6943026 3.4886645 2.2830776 2.7064038 2.3918781 
Tetwil_g8407.t1                                    1.9573908 2.0336658 0.0000010 1.9442335 1.9146940 3.0232808 0.9877123 0.9153288 0.0000010 0.0052933 0.0058928 0.0000010 0.0350557 0.0000010 1.7949406 0.0000010 0.0000010 0.1993032 0.0000000 0.0113404 0.6370372 0.8458174 1.2578617 1.2578617 2.0320060 1.2090149 1.6960565 1.6643346 1.6689182 1.6981120 1.7799425 1.8986076 2.0831128 5.1541937 2.1740771 2.7762956 1.8699144 2.8533298 2.8390645 1.5405908 1.7344092 1.2968111 1.7068674 1.9861120 1.6635444 1.9870971 2.4479685 1.7726895 1.7113856 1.6591154 1.7604762 1.9959440 0.0000010 1.8090297 1.6618796 2.1609307 2.2660450 1.8646345 1.8593157 2.5165523 5.6695172 9.0000000 2.4955358 1.9534537 2.7731855 0.0000010 2.7898769 3.1249912 0.0000010 3.1249912 1.8720664 2.9853429 3.0176982 2.8594643 0.0000010 1.7423264 1.9774417 1.5558727 1.6739923 3.4836412 3.4836412 3.4668334 3.2461272 2.8310193 3.9064070 2.6453284 3.2625360 0.0000010 3.2927861 0.0000010 1.8821920 1.8821920 2.5660942 3.3461891 3.9074265 3.5227351 2.3229139 9.0000000 0.0000010 3.5374704 3.9016000 2.5912582 3.7133707 5.8469169 1.9902319 1.9534156 2.2433737 2.1561971 2.3898875 2.5331333 2.5331333 1.9342044 3.3650799 3.0970848 3.2318816 2.9757352 3.7759144 2.2311151 2.5728905 2.5245975 
Tetwil_g2181.t1                                    1.9477367 2.0237760 2.3426313 1.9089622 1.9386148 3.2143006 1.0236954 0.9689199 0.0000010 0.0154040 0.0057315 0.0000010 0.0511084 3.7534905 2.1261415 7.9542167 7.9542167 0.1893724 0.0113404 0.0000000 0.6062958 0.8471746 1.5537396 1.5537396 2.0320060 1.2561495 1.6295017 1.6067392 1.6084336 1.6361496 1.7042547 1.8101308 2.0814414 4.8514403 2.1743458 2.8451182 1.8699144 2.7519838 2.7443302 1.4886842 1.6860925 1.2968111 1.6933843 1.9366115 1.6151531 1.9649946 2.5235044 1.7492070 1.6917630 1.6464323 1.7116858 1.9796934 0.7205386 1.7688105 1.6726843 2.1517287 2.2525630 1.8803635 1.8754026 2.2415077 5.6695172 9.0000000 2.5054521 1.9396041 2.7510130 0.0000010 2.7467999 3.0423094 0.0000010 3.0423094 1.8297226 2.9400174 2.9200452 2.9384814 2.0998319 1.7284496 1.9245937 1.8289181 1.7022254 3.5290793 3.5290793 3.4215211 3.2882684 2.5594175 3.9241605 2.6443844 3.4110860 0.0000010 3.4414450 2.2243022 1.8821920 1.8821920 3.2964965 3.3777441 3.8991363 3.6079011 2.5911577 8.8010183 4.0331511 3.5150559 3.7994065 2.9182956 3.7397343 5.4107333 1.9342430 1.9824588 2.2243281 2.1446691 2.2886946 2.6865445 2.6865445 1.9501585 3.3387939 3.0940428 3.2045891 2.8825100 3.8310161 2.3130699 2.4577568 2.5670387 
Spolac_c78999_g1_i1_m.2260c78999-g1                1.8799711 1.6170584 0.0000010 1.6015968 1.6453613 1.9332038 0.7522832 0.7285530 0.0000010 0.5425401 0.5995272 0.0000010 0.6529654 0.0000010 0.0000010 0.0000010 0.0000010 0.9001080 0.6370372 0.6062958 0.0000000 0.1502914 0.0000010 0.0000010 0.6381751 9.0000000 1.6230286 1.5853588 1.4971907 1.5332917 1.6855915 1.8545268 1.9791438 3.8338279 2.1398202 2.2264976 0.8759025 2.2488849 2.2488849 1.4756588 1.6785446 3.1041516 1.4827858 1.5693201 1.5477551 1.6143346 2.5665718 1.7128591 1.7128591 1.7143130 1.7342333 1.7042563 0.0000010 1.5784059 1.8626568 2.1581102 2.2501334 1.7528389 1.7528389 4.3036826 0.0000010 9.0000000 2.3775304 1.9449760 2.3705349 0.0000010 2.6577407 2.3633138 0.0000010 2.3633138 1.7621327 2.8961941 2.4795740 2.3383048 0.0000010 1.6541409 1.6541409 0.0000010 1.3687225 2.8034197 2.8034197 2.8656441 2.8918961 2.7249526 2.2970099 2.3245454 2.6384260 0.0000010 2.6365902 0.0000010 1.8821920 1.8821920 4.2336936 2.7430325 2.6802275 2.4536958 4.8982599 9.0000000 0.0000010 2.2970099 2.5262514 0.0000010 2.8888901 4.3703505 1.7479438 1.2729199 1.5384769 1.1703090 1.3914215 3.2680771 3.2680771 1.1077328 3.1133670 2.7359953 2.8858445 2.8275754 4.6632927 2.1088582 2.0879369 2.5013618 
Emue_Em0023g379a.t1                                1.9286336 1.9048387 1.9392234 2.2174690 2.6543945 2.1894607 1.1667928 0.9824714 1.1937937 0.8891359 0.9895792 1.4628451 0.9670353 1.4161113 1.0450204 1.1718156 0.9374536 0.8773628 0.8458174 0.8471746 0.1502914 0.0000000 0.2033504 0.2297775 0.6379579 1.8607947 1.7533005 1.7491598 1.7498763 1.7586877 1.7517276 1.7524152 1.9092471 2.3436475 2.5592202 3.6061519 1.8396787 3.4306506 3.4084143 1.8158439 1.8594982 2.0865357 1.9796062 2.0639767 1.7404659 2.1026383 2.3810819 2.0128395 1.8599809 1.6272987 1.7718754 1.9448121 1.7552702 1.7432334 1.8653436 2.1562021 2.0663085 2.0576256 2.0446629 2.3816784 2.8687420 2.5051477 2.2339475 2.1995983 2.8184280 1.1973249 2.9596704 3.1306169 2.7909177 4.1182185 1.8881382 2.5652473 3.6574161 3.4394514 3.1867893 1.8251604 1.8493267 1.9626635 1.8096847 3.4064484 3.4064484 3.3718837 3.3307643 3.0141738 3.1383334 2.3118773 3.2787117 2.3797496 3.0589712 3.6189804 1.6549434 1.6549434 2.4761263 3.2147784 3.3337279 3.0845785 3.1296339 3.1663099 4.8550578 3.3352137 3.4096553 5.2117212 3.4506286 4.9453604 1.8695659 2.1933767 2.2417905 3.0763819 2.2841815 1.7126969 1.7126969 1.8269198 3.4945492 3.7223837 3.0754497 2.9184861 3.4317580 2.4209707 2.1209161 2.9263202 
Spolac_c99980_g2_i1_m.21146c99980-g2               1.9854614 2.0936772 2.0650109 5.5351121 3.4709898 2.3443666 1.2404611 0.9121397 1.2823056 1.0962352 1.2429946 1.5030168 1.1283099 1.3594918 0.9622129 1.3003950 0.9174920 0.0000010 1.2578617 1.5537396 0.0000010 0.2033504 0.0000000 0.0188140 0.5823410 1.9965195 1.9823393 2.0344232 2.0426077 2.0085043 1.9712120 1.9116100 2.0582399 2.1570948 2.7729562 4.0012105 3.6200919 4.0012105 7.6315566 2.0617626 2.0030739 2.2318437 2.1061464 2.3657952 1.8544521 2.1900122 2.5361511 2.1793662 1.9137764 1.7216302 1.7951384 2.0780327 1.6828421 1.8390481 2.0936358 2.3774145 2.1456658 2.2786235 2.2713070 3.9269037 2.7342435 2.7773242 2.3735491 2.1044179 3.2111630 1.2136125 3.5194658 3.7034862 3.5161939 5.0716046 1.9867935 3.2082540 4.2911611 3.9023950 3.1037901 1.9388625 2.0869328 1.8444437 1.8444437 4.1327230 4.1327230 4.3266583 3.8524211 3.6791267 3.3762256 0.0000010 4.7786797 2.8880536 3.4432312 3.5808079 1.7543551 1.7543551 2.6841849 3.8940832 1.3043665 3.2954916 3.7214311 3.8363778 5.0114082 3.7824017 3.7333556 4.6053059 3.7018966 5.6949744 1.9025726 2.5394545 2.5316425 4.0456604 2.4537611 1.8702242 1.8702242 1.5850504 3.7634143 4.1397839 3.2694054 4.1565321 3.5966353 3.0342160 1.8593449 2.9978095 
Spolac_c99980_g2_i2_m.21147c99980-g2               1.9926401 2.1836256 2.2049276 4.0979950 2.8172781 2.5572488 1.2942726 0.8812806 1.2823056 1.0962352 1.2429946 1.5030168 1.1565928 1.3594918 0.9588681 1.4595601 0.9174920 0.0000010 1.2578617 1.5537396 0.0000010 0.2297775 0.0188140 0.0000000 0.0000010 2.0835360 2.0804452 2.1071281 2.1189348 2.1093555 2.0924562 2.0074787 2.2706782 3.5507190 2.3431111 5.0099682 8.9999988 5.0099682 6.2394431 2.1341299 2.0760865 3.6181714 2.2893199 2.6225722 2.0468185 2.4379204 2.8942351 2.3702242 1.9597581 1.6835814 1.7936818 2.1313826 1.3456621 1.9243290 2.1520535 2.8008052 2.5960754 2.8066346 2.7921671 3.8015869 4.9894613 5.5822170 2.7501828 2.1767936 3.7931171 0.0000010 4.3434112 4.1375492 5.8971898 4.1375492 2.0157633 3.4655202 4.5326803 4.2021958 2.8840028 2.0041005 2.1041577 1.8236788 1.8236788 4.8300452 4.8300452 5.2564706 4.2294007 4.4237943 3.3762256 0.0000010 4.7786797 4.5971020 3.8158645 3.4893738 0.0000010 0.0000010 9.0000000 4.2946189 1.3043665 3.4722479 3.8364393 4.1614895 4.5112431 3.9353838 3.8329025 4.4636434 3.7018966 4.6943800 1.8502025 2.7239958 2.7089320 3.7389429 2.4537611 1.8438821 1.8438821 1.8411182 4.1171680 4.4257494 3.6419014 3.8629176 3.9711589 2.8729782 1.8046621 2.9091173 
Stycar_maker-SC_scaffold5391-snap-gene-0.56-mRNA-1 1.8597826 1.7749075 1.9021874 3.5104628 6.2716517 1.5195785 0.8285058 2.0935502 0.0000010 2.0320060 2.0320060 0.0000010 0.5140243 0.0000010 0.0000010 0.4807720 0.0000010 2.0320060 2.0320060 2.0320060 0.6381751 0.6379579 0.5823410 0.0000010 0.0000000 1.5469739 1.5012527 1.5198085 1.5198085 1.4896711 1.4739678 1.4739678 1.5584222 1.6031358 4.2077163 2.2715164 1.9061966 2.3297488 9.0000000 1.6405509 1.5393781 1.6686914 1.4940330 1.7859318 1.3693702 1.7852824 1.8006369 1.6137899 1.6075257 1.6545468 1.5935523 1.6721910 2.3183564 1.7069289 1.5176821 1.6645995 1.4182980 1.4629469 1.4629469 2.6419432 2.2363278 2.0298787 1.7226528 1.7706720 1.5955768 1.1758890 1.9893095 2.2192814 2.1431763 5.8984572 1.8181644 2.8279030 2.9447951 2.8427661 2.3811955 1.6612572 2.2198086 2.4539731 2.7256380 2.3813542 2.3813542 2.2667516 2.4794705 1.9089511 3.0281842 3.0281842 3.0281842 2.4987856 2.4637112 0.0000010 2.0612916 2.0612916 2.0574265 2.4503304 3.0281842 2.4030777 2.6726391 2.4120891 0.0000010 2.8283509 2.8592650 9.0000000 1.7993886 7.8389763 3.2940281 1.8520251 1.9363201 7.7475395 3.8781027 1.5046893 1.5046893 0.9306288 2.6975906 2.8476564 1.9668908 3.8287734 3.2269639 2.4953422 3.3651807 3.3944043 
HoiH06_mRNA12518                                   1.8400105 1.7746277 1.9122012 3.0521258 2.7755934 1.9244655 1.8669088 1.8973054 1.9780689 1.8183314 1.7943764 2.2064101 1.8654182 1.5877324 1.7982695 2.1246350 2.0599339 9.0000000 1.2090149 1.2561495 9.0000000 1.8607947 1.9965195 2.0835360 1.5469739 0.0000000 0.0455420 0.0716700 0.0756247 0.1366200 0.1814771 0.1846106 1.7789812 1.7366071 2.8269884 3.4218331 1.8735820 3.4353404 4.4968484 1.5742939 1.6058322 1.6891033 1.7962963 1.8434069 1.7103291 1.9020039 2.2772485 1.8205394 1.5488697 1.5085472 1.5578045 1.6120767 1.3422086 1.5792287 1.6065807 1.8975389 1.7835321 1.8017178 1.8018641 2.1407263 2.6824728 1.8548371 2.0139575 1.6983836 2.7710655 1.2908441 2.8269988 2.9720401 2.4473782 4.2724731 1.7047396 2.3156623 3.5542998 3.3644042 2.9763351 1.6977017 1.9950318 1.9480997 1.9726377 3.0474386 3.0474386 3.0682920 3.1101382 2.8868799 2.8850250 0.0000010 5.7261416 2.3231664 3.3011514 4.5165028 1.6043365 1.6043365 2.2634076 3.0840930 2.2650337 3.3028043 2.9185122 3.1068083 6.5719049 3.3816642 3.3612549 5.1351975 3.9836849 3.9668032 1.9472203 2.4484571 2.5037136 4.1939057 2.9741498 2.1917598 2.1917598 2.3085771 2.9931966 3.4968877 2.6534100 3.3642264 3.1925674 2.3776205 1.6078194 3.5479536 
HoiH23_PlH23_003186-RA                             1.7711709 1.7397770 1.8838016 1.8695410 2.1755262 1.9593238 1.8648973 1.8958970 2.1219951 1.6703019 1.6907001 2.0901479 1.8031414 1.6295794 1.9696900 2.0791779 2.0690601 1.9901977 1.6960565 1.6295017 1.6230286 1.7533005 1.9823393 2.0804452 1.5012527 0.0455420 0.0000000 0.0683856 0.0667534 0.1224365 0.1556308 0.1665096 1.7348010 1.8381929 2.4409041 3.4390043 1.9952186 3.0156592 2.5571165 1.5713338 1.5853743 1.6615563 1.7380780 1.7644836 1.6655881 1.8516420 2.3018909 1.7465176 1.5606338 1.4996349 1.5840994 1.5776976 1.3208202 1.6044596 1.6108310 1.8908408 1.7746056 1.6791854 1.6829678 2.1693795 2.5477985 1.8904754 2.0211847 1.7172215 2.5743605 1.2473070 2.6946140 2.9066721 2.4309732 3.6600994 1.7126654 2.2913628 3.3197390 3.1486174 3.0310574 1.7178042 1.8068142 2.0025341 1.8537012 2.9006393 2.9006393 2.9262104 2.8559097 2.8299496 3.2622408 2.5144957 3.5097394 2.2900967 3.2034208 4.5574468 1.5212288 1.5212288 2.2979101 2.9907644 2.8928286 3.1009786 3.0512622 3.1219324 6.6898083 3.2372840 3.2696848 4.9283603 3.1610613 4.6941354 1.9036162 2.2215483 2.3408699 3.1738203 2.4091942 2.1715469 2.1715469 2.1446994 2.9486803 3.2888748 2.5664022 2.5186390 3.2626359 2.2257250 1.9198498 2.4851259 
Hhon_g00214.t1                                     1.7797326 1.7335170 1.8713723 1.8396731 2.1660588 1.9465481 1.8411841 1.8639462 2.3656249 1.6876999 1.7059548 2.1508607 1.8155795 1.7065840 2.0193125 2.0998675 2.0568892 1.9537942 1.6643346 1.6067392 1.5853588 1.7491598 2.0344232 2.1071281 1.5198085 0.0716700 0.0683856 0.0000000 0.0036362 0.1334712 0.1667519 0.1785626 1.7152390 1.8237498 2.3919478 3.5429121 1.9846829 3.0684161 2.5880614 1.5559109 1.5505225 1.6887453 1.7059027 1.7765910 1.6714511 1.8230118 2.2504926 1.7223157 1.5378440 1.5154820 1.5743344 1.5565197 1.3247889 1.5784903 1.6131037 1.8828295 1.7414939 1.6566889 1.6640956 2.0871526 2.6284012 1.8687954 2.0535702 1.7419077 2.5719710 1.2580736 2.7051060 2.8901274 2.4419831 3.6137432 1.6933136 2.2369554 3.2738509 3.0973130 2.9618548 1.7099365 1.8485621 1.9980373 1.8332533 2.9068497 2.9068497 2.9260122 2.9302568 2.8436024 3.2570536 2.4908545 3.5948698 2.3197534 3.1910087 4.0702056 1.5862196 1.5862196 2.4058419 2.9534625 2.9784438 3.0887416 3.0040613 3.0549250 6.3048687 3.2837762 3.2717280 5.0021356 3.3116611 4.9334688 1.8784012 2.2068291 2.2907804 3.1905253 2.3256323 2.1173182 2.1173182 2.1822070 2.9257902 3.2934354 2.6036834 2.5762322 3.2386564 2.2776927 1.8964709 2.5177802 
HoiH04_mRNA481                                     1.7767850 1.7304346 1.8768866 1.8396731 2.1660588 1.9598927 1.8455403 1.8656540 2.3656249 1.6876999 1.7059548 2.1508607 1.8203341 1.7065840 2.0294113 2.1008386 2.0504293 1.9806898 1.6689182 1.6084336 1.4971907 1.7498763 2.0426077 2.1189348 1.5198085 0.0756247 0.0667534 0.0036362 0.0000000 0.1352494 0.1560472 0.1673846 1.7015212 1.8209362 2.3876052 3.5412205 1.8834017 3.0910355 2.6127648 1.5454386 1.5464756 1.6887453 1.7106520 1.7891789 1.6568485 1.8216164 2.2467181 1.7109136 1.5259300 1.5005013 1.5617034 1.5614336 1.3247889 1.5665222 1.6084076 1.8523194 1.7188171 1.6566454 1.6640484 2.0764802 2.6327263 1.8684543 2.0309663 1.7377538 2.5565644 1.2600818 2.7273409 2.8695160 2.4481508 3.5960484 1.6723887 2.2369554 3.2617225 3.0780902 2.9845545 1.6963791 1.8204463 2.0083051 1.8292425 2.8690835 2.8690835 2.9070254 2.9131197 2.8509085 3.2804835 2.4012899 3.4999954 2.3240042 3.1587196 4.1151209 1.5966412 1.5966412 2.4076536 2.9375887 2.9784438 3.0937112 2.9972134 3.0479671 6.3222116 3.3050953 3.2825536 4.9960059 3.1960120 4.9334688 1.8360335 2.2021048 2.2862637 3.1941896 2.3276105 2.1316753 2.1316753 2.1915934 2.9117070 3.3071898 2.5840353 2.5382237 3.2386564 2.2663416 1.8608123 2.5144894 
HoiH11_mRNA3755                                    1.7806901 1.7145754 1.8460524 1.8881743 2.2028546 1.9524660 1.8873735 1.9560703 2.2504740 1.6684778 1.6934919 2.1081133 1.8339642 1.6410837 1.9997864 2.0873320 2.0986446 2.0615851 1.6981120 1.6361496 1.5332917 1.7586877 2.0085043 2.1093555 1.4896711 0.1366200 0.1224365 0.1334712 0.1352494 0.0000000 0.1566614 0.1717019 1.7320957 1.8852481 2.3753156 3.4065907 1.7936700 3.1174051 2.8345800 1.5477384 1.5533944 1.6780881 1.7426802 1.8652112 1.6616872 1.8644349 2.0975418 1.6628996 1.4744718 1.4363440 1.4687010 1.5435660 1.2614081 1.5478964 1.5931103 1.8039316 1.7555784 1.6575792 1.6632992 2.1335487 2.6324288 1.8077519 1.9746095 1.7087228 2.6801553 1.1934273 2.7016822 2.8480478 2.3858013 3.6576585 1.7089345 2.2387805 3.3714320 3.1646653 2.7993214 1.6410889 1.9221855 1.9381172 1.7655534 2.8227888 2.8227888 2.9044184 2.8986690 2.6915121 3.1252098 2.3982566 3.5138021 2.3418117 3.1307525 4.2496076 1.6657279 1.6657279 2.4355388 2.9032413 2.9833987 3.0941797 2.9603047 3.1286365 6.0670283 3.2026477 3.2684861 5.2888306 3.1007602 4.9116620 1.8181770 2.1893003 2.2890937 3.2113512 2.5094936 2.1510639 2.1510639 2.1448819 2.9043573 3.3283039 2.5778779 2.4559976 3.2392184 2.3329894 1.9133193 2.5497716 
TrH2_TrispH2_000472-RA                             1.7342311 1.7236944 1.8101699 1.8796774 2.1908862 1.9706681 1.8847690 1.9212825 2.2168715 1.6701430 1.6969835 2.2556782 1.8189493 1.6484115 1.9237833 2.0690175 2.0625501 2.1149119 1.7799425 1.7042547 1.6855915 1.7517276 1.9712120 2.0924562 1.4739678 0.1814771 0.1556308 0.1667519 0.1560472 0.1566614 0.0000000 0.0088536 1.6910943 1.8278503 2.3220224 3.3430812 1.8342716 3.0670166 2.8096464 1.5684115 1.5703285 1.7013367 1.6788015 1.7975019 1.6168814 1.8461746 2.2167376 1.6995599 1.5250140 1.5020330 1.5767412 1.5559707 1.3203151 1.5469756 1.6083219 1.8327512 1.7677391 1.7250460 1.7193440 2.0509217 2.5516839 1.8576306 2.0591410 1.7124955 2.6135865 1.1977500 2.7176335 2.8585163 2.3703730 3.5980670 1.6638863 2.1553149 3.2147388 3.0687982 2.6900435 1.7156130 1.8982537 1.9177372 1.8031665 2.9352526 2.9352526 2.9761567 2.8319157 2.7128510 3.2501912 2.3867474 3.5019853 2.3988341 3.1825163 4.2911100 1.5891680 1.5891680 2.4637976 2.9860699 2.9725003 3.1198654 2.9361210 3.1216602 6.1536159 3.2652735 3.2752572 5.1007551 3.3579760 4.9287623 1.8373584 2.1982909 2.2919302 3.1666355 2.3587234 2.1109162 2.1109162 2.1225938 2.9509088 3.1453555 2.5483264 2.7933947 3.2189252 2.2649159 1.9572786 2.4788788 
