121
Lcom_lcpid71596                                              0.0000000 0.1478634 0.1562569 0.1904508 0.3733208 0.4338472 0.4489573 0.4434977 0.4158591 0.4158591 0.3380844 0.4546637 0.4511568 0.4815921 0.4939495 0.4550261 0.3608167 0.5090088 0.4926235 0.4926235 0.4654829 0.4183281 0.4288021 0.4235523 0.4326256 0.4612749 0.4190196 0.4903239 0.4982405 0.4698995 0.5416308 0.3494507 0.8032682 0.4987562 0.4922283 0.4124287 0.4873631 0.4361276 0.4212659 0.4166144 0.4624902 0.5081874 0.4715972 0.4195409 0.8047337 0.8047337 0.8631221 0.5590544 0.8460750 0.8460750 0.9086051 0.5769040 0.5688535 0.5929674 0.5847956 0.6284507 0.6458078 1.2400721 1.2937868 0.5515519 0.5515519 0.4482684 0.5574375 1.3400912 0.5546617 0.7656919 0.5931232 0.4833463 0.5848886 0.5476689 0.7494980 0.5993566 0.5993566 0.6072057 0.6072057 0.5976718 0.6054780 0.7031502 0.5612067 0.5598902 0.5475211 0.5475211 0.5718742 0.5718742 0.4134991 0.9334376 1.3267746 0.4294385 0.3731872 0.3888076 0.5747616 0.5392316 0.5555458 0.9241677 0.5291280 0.5596089 0.3278416 0.5838528 1.0824733 0.7838602 1.2924684 0.8600471 0.8762034 0.8524060 0.8886728 1.0095582 0.7967987 0.8835988 0.8532199 0.9082593 0.9434311 0.9091019 1.2169741 1.0000960 1.0462844 1.6026399 1.0964679 1.0411486 1.0307023 0.6966918 0.7835502 
Gracom_Gcom_C550362_01                                       0.1478634 0.0000000 0.1549202 0.1767388 0.3251365 0.3965486 0.4011522 0.4034040 0.3986425 0.3986425 0.2953630 0.4376612 0.4479525 0.4428729 0.4995471 0.4542534 0.3762475 0.4809987 0.5061129 0.5061129 0.4405632 0.4505605 0.4565779 0.4073114 0.4292953 0.4167674 0.4009497 0.4365506 0.4642209 0.4088494 0.4362504 0.2718177 0.7192971 0.4815199 0.4647371 0.4340895 0.4308975 0.4272809 0.4062831 0.4133163 0.4589733 0.5395980 0.4491319 0.3762608 0.8016426 0.8016426 0.8604341 0.5092431 0.8433776 0.8433776 0.9063943 0.5460275 0.5380451 0.5618930 0.5537915 0.6018088 0.6190016 1.4110529 1.4704270 0.4963559 0.4963559 0.3508258 0.5017248 1.1758404 0.4904601 0.7867872 0.5453016 0.3982176 0.5374999 0.4841170 0.7696115 0.5377129 0.5377129 0.5470084 0.5470084 0.5358311 0.5450798 0.6798726 0.4977900 0.5106478 0.5197764 0.5197764 0.5386136 0.5386136 0.3257423 0.8921878 1.2655710 0.3623427 0.3376305 0.4080006 0.5560550 0.5114383 0.5233404 0.9638528 0.4843711 0.5523488 0.2641075 0.5423537 1.0686801 0.8413061 1.4828007 0.8736889 0.9282796 0.8542712 0.9333754 0.9217673 0.8120707 0.8331192 0.7650412 0.7736282 0.9971146 0.8731251 1.1833925 0.9677381 1.0273080 1.6388477 1.1075965 1.0375914 0.9036135 0.6163874 0.8243730 
Leuniv_Lniv_scaffold21297_01                                 0.1562569 0.1549202 0.0000000 0.1905682 0.3478528 0.4319449 0.4425443 0.4416273 0.4327099 0.4327099 0.2897510 0.4529781 0.4635951 0.4667349 0.5094547 0.4616851 0.3569215 0.5005075 0.4451696 0.4451696 0.4443705 0.4094523 0.4237839 0.4453023 0.4494561 0.4511998 0.4514892 0.4885563 0.4760388 0.4544899 0.5329142 0.3222248 0.7988771 0.5168135 0.5133939 0.4408484 0.4268584 0.4180138 0.4063271 0.4187330 0.4540172 0.5445129 0.4629778 0.4067344 0.7608460 0.7608460 0.8145850 0.5421290 0.8008312 0.8008312 0.8585576 0.5622509 0.5622509 0.5917804 0.5917804 0.6248109 0.6567690 1.3036223 1.4040888 0.5099499 0.5099499 0.4304436 0.5283572 1.1595757 0.5375244 0.7787402 0.5694960 0.4557809 0.5466181 0.5175799 0.7361771 0.5445167 0.5445167 0.5501577 0.5501577 0.5560492 0.5621914 0.6849878 0.5252871 0.5272121 0.5292431 0.5292431 0.5484262 0.5484262 0.3930277 0.8715080 1.2528106 0.4343079 0.3738844 0.3720148 0.5590539 0.4861147 0.5241417 0.8818824 0.4757162 0.5093224 0.2803473 0.5405394 0.9351192 0.8428003 1.3950295 0.8367536 0.8562760 0.8550257 0.9025763 0.8420756 0.8118803 0.7776695 0.7957314 0.8182917 0.9968141 0.8598827 1.1819916 0.9959070 1.0650152 1.5720139 1.0350999 1.0213689 0.8977212 0.7117838 0.7782933 
Scil_scict008054.1                                           0.1904508 0.1767388 0.1905682 0.0000000 0.2754524 0.4535485 0.4542423 0.4634731 0.4438647 0.4438647 0.2923080 0.4177712 0.4166111 0.4436396 0.4787588 0.4398916 0.3390076 0.4888740 0.4903815 0.4903815 0.4837261 0.4243618 0.4412829 0.4120107 0.4350871 0.4489706 0.4091568 0.4558286 0.4854368 0.4598699 0.5216734 0.2692934 0.8172474 0.4975136 0.5028894 0.4267676 0.4384288 0.4281701 0.4313924 0.4149734 0.4105351 0.5124872 0.4666194 0.4123753 0.7461559 0.7461559 0.7985638 0.4895100 0.7857983 0.7857983 0.8421060 0.5360315 0.5157075 0.5644088 0.5436256 0.5705725 0.6005729 1.1855983 1.2762379 0.4981679 0.4981679 0.4042821 0.5034732 0.9216358 0.5008976 0.7617874 0.5780172 0.4917334 0.5552681 0.4820611 0.7209090 0.5417061 0.5417061 0.5470590 0.5470590 0.5527676 0.5585815 0.6428442 0.4867397 0.5036960 0.5227345 0.5227345 0.5458908 0.5458908 0.3626100 0.9183608 1.3213634 0.4408108 0.3699007 0.3719981 0.5178002 0.4839618 0.4875014 0.8828501 0.4645575 0.5075588 0.3310952 0.5361756 1.0009250 0.8452484 1.4323875 0.8801165 0.8680580 0.8437127 0.9175763 0.9037363 0.7893108 0.8009068 0.7754637 0.8778331 0.9408035 0.8380412 1.1591979 1.0480897 1.1005673 1.5391813 1.0618452 1.0104260 0.9336757 0.7324685 0.7830340 
Clacor_Ccor_scaffold7238_01                                  0.3733208 0.3251365 0.3478528 0.2754524 0.0000000 0.4316438 0.4213608 0.4290096 0.4374820 0.4374820 0.2508541 0.4087782 0.4091061 0.4007703 0.4353875 0.4060492 0.3272886 0.4543080 0.4740889 0.4740889 0.4493627 0.4203044 0.4207182 0.3620934 0.3829551 0.3741650 0.3656556 0.3961572 0.4107651 0.4265764 0.4321404 0.2666906 0.6902542 0.4305526 0.4060993 0.4111679 0.4170567 0.4054803 0.3868584 0.3992401 0.4237462 0.4758018 0.4134113 0.3652020 0.5973671 0.5973671 0.6497921 0.4029897 0.6387345 0.6387345 0.6951050 0.4261110 0.4261110 0.4433630 0.4433630 0.4962933 0.5152573 0.9288501 0.9809987 0.4261802 0.4261802 0.3741582 0.4227393 0.6621668 0.3966714 0.5585190 0.4239108 0.4118126 0.4137541 0.3878281 0.5403641 0.4250824 0.4250824 0.4360700 0.4360700 0.4269704 0.4380859 0.5193868 0.4007881 0.3871748 0.4164824 0.4164824 0.4412177 0.4412177 0.3130295 0.7371578 1.0367054 0.4492757 0.3615317 0.3448165 0.5130995 0.4767521 0.4855398 0.7273215 0.4232387 0.4476038 0.2945068 0.4292285 0.7840720 0.7995725 1.2524854 0.9002930 0.8471772 0.8410878 0.9453044 0.9010320 0.7941348 0.7772658 0.7684350 0.8471207 0.9865377 0.9423731 1.1708527 0.9202945 1.0743392 1.4134134 1.0405535 1.0063856 0.9892103 0.8251426 0.8065442 
HoiH23_PlH23_010802-RA                                       0.4338472 0.3965486 0.4319449 0.4535485 0.4316438 0.0000000 0.0336024 0.0249605 0.0511316 0.0511316 0.0254756 0.3740593 0.3835399 0.3727626 0.3974818 0.3692081 0.3538908 0.4082679 0.4481208 0.4481208 0.4277563 0.3884238 0.3995144 0.3075022 0.3425758 0.4017027 0.3452716 0.3775985 0.3924632 0.3597088 0.3686225 0.2593335 0.7430975 0.4152231 0.4016243 0.4094014 0.4248681 0.4486386 0.4282726 0.4405508 0.4675527 0.5450194 0.4666013 0.3474695 0.6192225 0.6192225 0.6762292 0.4310147 0.6495465 0.6495465 0.7085334 0.4186807 0.4186807 0.4315184 0.4315184 0.4835009 0.4969652 0.9521309 0.9814119 0.4188896 0.4188896 0.3307670 0.4087781 0.7338410 0.4024725 0.5663065 0.4240325 0.3484448 0.4186079 0.3975837 0.5582655 0.4599642 0.4599642 0.4694335 0.4694335 0.4543839 0.4635072 0.5142232 0.4175402 0.4119732 0.4517480 0.4517480 0.4652532 0.4652532 0.3351887 0.7290708 1.0398699 0.4389823 0.3612321 0.4776736 0.5195875 0.5083498 0.5627723 0.9029556 0.5332145 0.5546050 0.3433930 0.4749615 1.0982984 0.8312733 1.4219203 0.8277878 0.8858124 0.8708908 0.8659836 0.9293356 0.8356653 0.9448976 0.7819674 0.8647479 0.9031764 0.9093646 1.1152575 0.9105427 0.9486734 1.3025622 1.0141650 0.9877967 0.9394215 0.7756010 0.6703783 
Hhon_g09102.t1                                               0.4489573 0.4011522 0.4425443 0.4542423 0.4213608 0.0336024 0.0000000 0.0082192 0.0511867 0.0511867 0.0322289 0.3836490 0.3932568 0.3790506 0.4082526 0.3785002 0.3568886 0.4152647 0.4515877 0.4515877 0.4373151 0.3995566 0.4096442 0.3200360 0.3565906 0.4121166 0.3476560 0.3816221 0.3974368 0.3695734 0.3768937 0.2745651 0.7533948 0.4094926 0.3989582 0.4059743 0.4490105 0.4521932 0.4319189 0.4441612 0.4744126 0.5674786 0.4739771 0.3574606 0.6278009 0.6278009 0.6853195 0.4339056 0.6579617 0.6579617 0.7174691 0.4286973 0.4286973 0.4415974 0.4415974 0.4946494 0.5081364 0.9881854 1.0172467 0.4258377 0.4258377 0.3254827 0.4155753 0.7801486 0.4038890 0.5715039 0.4255841 0.3422327 0.4201789 0.3990142 0.5635606 0.4609465 0.4609465 0.4704995 0.4704995 0.4553273 0.4645319 0.5254670 0.4224911 0.4190638 0.4545448 0.4545448 0.4679815 0.4679815 0.3306029 0.7453555 1.0559723 0.4409884 0.3728998 0.5016448 0.5272142 0.5164494 0.5707083 0.9027208 0.5415291 0.5701835 0.3558476 0.4867048 1.0933050 0.8432855 1.4212076 0.8485684 0.8809282 0.8932937 0.8904689 0.8973504 0.8230254 0.9235652 0.7776700 0.8733748 0.9237450 0.9168102 1.1079093 0.9277975 0.9387909 1.3360028 1.0427272 1.0067323 0.9699954 0.7778791 0.6731654 
HoiH04_mRNA10857                                             0.4434977 0.4034040 0.4416273 0.4634731 0.4290096 0.0249605 0.0082192 0.0000000 0.0513724 0.0513724 0.0256448 0.3771211 0.3866856 0.3726387 0.4010367 0.3721527 0.3574814 0.4082137 0.4449398 0.4449398 0.4307484 0.3943357 0.4044787 0.3140234 0.3504194 0.4057297 0.3506074 0.3848923 0.4008143 0.3676455 0.3705390 0.2745651 0.7550721 0.4183269 0.4064633 0.4146026 0.4468328 0.4468058 0.4264717 0.4387204 0.4690052 0.5621119 0.4686002 0.3524009 0.6154070 0.6154070 0.6720173 0.4272276 0.6457154 0.6457154 0.7043212 0.4219422 0.4219422 0.4348764 0.4348764 0.4875010 0.5010349 0.9708144 1.0000186 0.4191420 0.4191420 0.3274945 0.4089381 0.7376710 0.3985964 0.5620949 0.4196607 0.3447111 0.4142164 0.3936913 0.5540578 0.4540054 0.4540054 0.4632906 0.4632906 0.4484698 0.4574130 0.5146947 0.4157865 0.4124081 0.4479058 0.4479058 0.4613796 0.4613796 0.3306029 0.7317792 1.0423612 0.4433947 0.3728998 0.4945812 0.5248793 0.5094423 0.5636680 0.8885714 0.5391087 0.5692722 0.3558476 0.4795372 1.0862529 0.8355497 1.4029935 0.8427396 0.8749373 0.8856032 0.8826269 0.9000861 0.8172581 0.9285818 0.7800687 0.8762924 0.9159000 0.9193958 1.1014444 0.9218557 0.9328237 1.3156297 1.0342408 0.9983573 0.9637807 0.7821896 0.6859356 
TrH2_TrispH2_001058-RA                                       0.4158591 0.3986425 0.4327099 0.4438647 0.4374820 0.0511316 0.0511867 0.0513724 0.0000000 0.0000010 0.0393121 0.3571780 0.3664577 0.3460366 0.3887816 0.3553171 0.3297482 0.3813478 0.4411447 0.4411447 0.4036399 0.3795911 0.3896172 0.3028911 0.3288725 0.4013058 0.3389726 0.3644079 0.3749428 0.3452640 0.3422366 0.2430687 0.7382514 0.3993570 0.3827975 0.3983195 0.4402082 0.4516817 0.4318930 0.4438001 0.4492205 0.5342762 0.4472735 0.3504981 0.6062730 0.6062730 0.6614790 0.4173609 0.6363215 0.6363215 0.6935006 0.3911334 0.3911334 0.4038028 0.4038028 0.4527125 0.4660133 0.8722696 0.9009876 0.3997391 0.3997391 0.3188033 0.3899041 0.6578807 0.3834985 0.5372348 0.3948319 0.3238501 0.3894656 0.3786792 0.5293200 0.4525382 0.4525382 0.4615826 0.4615826 0.4471255 0.4558417 0.4884473 0.3956029 0.3924457 0.4327716 0.4327716 0.4460378 0.4460378 0.3206006 0.6859518 0.9905276 0.4234450 0.3579406 0.4521187 0.5195389 0.4933551 0.5304913 0.8413459 0.5128457 0.5578019 0.3404339 0.4515219 1.0110427 0.7620477 1.2618084 0.8649048 0.8862119 0.8850675 0.8623291 0.9286655 0.8057852 0.8937039 0.7424452 0.8570301 0.9131068 0.8798978 1.0815739 0.9016520 0.9282542 1.2347913 0.9679993 0.9367573 0.9081924 0.7457843 0.6560285 
Tadh_TriadT25357                                             0.4158591 0.3986425 0.4327099 0.4438647 0.4374820 0.0511316 0.0511867 0.0513724 0.0000010 0.0000000 0.0393121 0.3571780 0.3664577 0.3460366 0.3887816 0.3553171 0.3297482 0.3813478 0.4411447 0.4411447 0.4036399 0.3795911 0.3896172 0.3028911 0.3288725 0.4013058 0.3389726 0.3644079 0.3749428 0.3452640 0.3422366 0.2430687 0.7382514 0.3993570 0.3827975 0.3983195 0.4402082 0.4516817 0.4318930 0.4438001 0.4492205 0.5342762 0.4472735 0.3504981 0.6062730 0.6062730 0.6614790 0.4173609 0.6363215 0.6363215 0.6935006 0.3911334 0.3911334 0.4038028 0.4038028 0.4527125 0.4660133 0.8722696 0.9009876 0.3997391 0.3997391 0.3188033 0.3899041 0.6578807 0.3834985 0.5372348 0.3948319 0.3238501 0.3894656 0.3786792 0.5293200 0.4525382 0.4525382 0.4615826 0.4615826 0.4471255 0.4558417 0.4884473 0.3956029 0.3924457 0.4327716 0.4327716 0.4460378 0.4460378 0.3206006 0.6859518 0.9905276 0.4234450 0.3579406 0.4521187 0.5195389 0.4933551 0.5304913 0.8413459 0.5128457 0.5578019 0.3404339 0.4515219 1.0110427 0.7620477 1.2618084 0.8649048 0.8862119 0.8850675 0.8623291 0.9286655 0.8057852 0.8937039 0.7424452 0.8570301 0.9131068 0.8798978 1.0815739 0.9016520 0.9282542 1.2347913 0.9679993 0.9367573 0.9081924 0.7457843 0.6560285 
HoiH11_mRNA7527                                              0.3380844 0.2953630 0.2897510 0.2923080 0.2508541 0.0254756 0.0322289 0.0256448 0.0393121 0.0393121 0.0000000 0.2333956 0.2333956 0.2125369 0.2923154 0.2493945 0.0958117 0.2376372 0.2773266 0.2773266 0.2888647 0.2397489 0.2399883 0.2266809 0.2584473 0.2998307 0.2728360 0.3234829 0.3203144 0.2669801 0.2921968 0.2420869 0.9225655 0.3297705 0.2974454 0.2839144 0.2968939 0.2775737 0.2624235 0.2797379 0.3257613 0.3811092 0.2869255 0.3129215 0.4324128 0.4324128 0.4905780 0.3057474 0.4757419 0.4757419 0.5382881 0.3140529 0.3140529 0.3330141 0.3330141 0.3140529 0.3330141 0.8383463 0.8807290 0.3133614 0.3133614 0.0952396 0.3001199 0.7292967 0.2710505 0.3706471 0.2630963 0.0815034 0.2555391 0.2635595 0.3583457 0.2788764 0.2788764 0.2788764 0.2788764 0.2744625 0.2744625 0.3648012 0.3091286 0.3189409 0.3188853 0.3188853 0.3387549 0.3387549 0.1673637 0.5899508 1.0522447 0.3504095 0.2418630 0.2879054 0.3354722 0.3615048 0.4481475 0.7737271 0.3560402 0.3483804 0.1307348 0.2966067 0.8322164 0.5437714 1.2722623 0.5910957 0.5676488 0.6115563 0.6956101 0.6315290 0.6195176 0.6155700 0.5743459 0.6226189 0.7355448 0.7218005 0.7984710 0.6274406 0.6149035 1.1257527 0.6404383 0.6682173 0.6773909 0.9312314 0.7999872 
Spis_XP_022787817_1                                          0.4546637 0.4376612 0.4529781 0.4177712 0.4087782 0.3740593 0.3836490 0.3771211 0.3571780 0.3571780 0.2333956 0.0000000 0.0041327 0.0467235 0.0843445 0.0734092 0.0616213 0.0616753 0.2490344 0.2490344 0.2602303 0.3000211 0.2926262 0.3164828 0.3392796 0.3553964 0.3324974 0.3650329 0.3961230 0.3378623 0.3530714 0.3495225 0.7243706 0.4176663 0.3896105 0.3603441 0.3378414 0.3061581 0.2832193 0.3279803 0.3903317 0.4136381 0.3715737 0.3761928 0.6734978 0.6734978 0.7340460 0.5075716 0.7216217 0.7216217 0.7872977 0.4959113 0.4959113 0.5164951 0.5164951 0.5547848 0.5771320 1.0716048 1.1405251 0.4886850 0.4886850 0.4136267 0.4769851 0.7650430 0.5090162 0.6889816 0.5198598 0.4148499 0.5160182 0.5055661 0.6814478 0.4992459 0.4992459 0.4929728 0.4929728 0.5013042 0.4950741 0.5408794 0.4571970 0.4609608 0.4991788 0.4991788 0.5147794 0.5147794 0.3867218 0.7286090 1.0037566 0.4421818 0.4308638 0.4406843 0.4321649 0.4073983 0.4131781 0.5362325 0.4746427 0.5221528 0.2995589 0.4114329 0.9660213 0.7801651 1.3230714 0.8788166 0.8108314 0.8276539 0.9238865 0.9799231 0.8415438 0.8264949 0.8117069 0.9240494 0.9380377 0.9254063 1.1149149 0.8509958 0.9463121 1.2411262 0.9765532 0.9227427 0.8926213 0.8718959 0.6396095 
Pocdam_XM_027193541.1                                        0.4511568 0.4479525 0.4635951 0.4166111 0.4091061 0.3835399 0.3932568 0.3866856 0.3664577 0.3664577 0.2333956 0.0041327 0.0000000 0.0513776 0.0838333 0.0730231 0.0615415 0.0562594 0.2473738 0.2473738 0.2605720 0.2907682 0.2884831 0.3253850 0.3384391 0.3645845 0.3300954 0.3615217 0.4059595 0.3469125 0.3622421 0.3495225 0.7184251 0.4282625 0.3998091 0.3594257 0.3370242 0.3147247 0.2915324 0.3261551 0.3892576 0.4079293 0.3808542 0.3856348 0.6713701 0.6713701 0.7315273 0.5067131 0.7192846 0.7192846 0.7845240 0.4950679 0.4950679 0.5156050 0.5156050 0.5537763 0.5760678 1.0647033 1.1331665 0.4873363 0.4873363 0.4148948 0.4756709 0.7650430 0.5096093 0.6885021 0.5204638 0.4162976 0.5166382 0.5061718 0.6810424 0.4983957 0.4983957 0.4921089 0.4921089 0.5004474 0.4942035 0.5394884 0.4564619 0.4602136 0.4983382 0.4983382 0.5139039 0.5139039 0.3855475 0.7260647 1.0002529 0.4528543 0.4308638 0.4399471 0.4423446 0.4067485 0.4091278 0.5361154 0.4857074 0.5340028 0.3152410 0.4124360 0.9660213 0.7785573 1.3230714 0.8955886 0.8263857 0.8247262 0.9416537 0.9982362 0.8385407 0.8264949 0.8105201 0.9413605 0.9359638 0.9431194 1.1083378 0.8399174 0.9329815 1.2411262 0.9732550 0.9196845 0.9100368 0.8933871 0.6644161 
Fspp_ffun1.m4.9816.m1                                        0.4815921 0.4428729 0.4667349 0.4436396 0.4007703 0.3727626 0.3790506 0.3726387 0.3460366 0.3460366 0.2125369 0.0467235 0.0513776 0.0000000 0.0687257 0.0598732 0.0554480 0.0329362 0.2546886 0.2546886 0.2221644 0.2706009 0.2617619 0.2959204 0.3425728 0.3480948 0.3133041 0.3464328 0.4015654 0.3265679 0.3230355 0.3520878 0.7097943 0.4037605 0.3740145 0.3298904 0.3082154 0.2987684 0.2893195 0.3091379 0.3584779 0.3964217 0.3530130 0.3529197 0.6127135 0.6127135 0.6677469 0.4794112 0.6591245 0.6591245 0.7189490 0.4940310 0.4798949 0.5139970 0.4997438 0.5361218 0.5576251 1.0175808 1.0830449 0.4783426 0.4783426 0.4110030 0.4669050 0.6927036 0.4877325 0.6355049 0.5248421 0.4499418 0.5210245 0.4844512 0.6285455 0.4968347 0.4968347 0.4906355 0.4906355 0.4988392 0.4926808 0.5040099 0.4538396 0.4471191 0.4889515 0.4889515 0.5039992 0.5039992 0.3986653 0.6916389 0.9649651 0.4505869 0.4580259 0.4443159 0.4341457 0.3936648 0.3930335 0.4770807 0.4507422 0.5166395 0.3279019 0.3817394 0.9124524 0.7577420 1.2651449 0.8941876 0.8116102 0.8314508 0.9104199 1.0160798 0.8755582 0.8353052 0.7978835 0.9184268 0.9675701 0.9515701 1.1064279 0.8952557 0.9520775 1.2800736 1.0122246 0.9581258 0.9217394 0.8543389 0.6618795 
Amil_Amillepora08437-RA                                      0.4939495 0.4995471 0.5094547 0.4787588 0.4353875 0.3974818 0.4082526 0.4010367 0.3887816 0.3887816 0.2923154 0.0843445 0.0838333 0.0687257 0.0000000 0.0000010 0.0360705 0.0763111 0.2618630 0.2618630 0.2745075 0.2662491 0.2618850 0.3731295 0.3752885 0.3780107 0.3770586 0.3919135 0.4429581 0.3951725 0.3649164 0.4613194 0.7968784 0.4904644 0.4399367 0.4030511 0.3599755 0.3583005 0.3361130 0.3143930 0.4040435 0.4305525 0.4052656 0.3517680 0.5953359 0.5953359 0.5953359 0.4973178 0.6576399 0.6576399 0.6576399 0.4902198 0.4902198 0.5183501 0.5183501 0.5544740 0.5852815 0.9392705 1.0222467 0.4929187 0.4929187 0.4208390 0.4850903 0.7458989 0.5204193 0.6526939 0.5460784 0.4385650 0.5351977 0.5109499 0.6338716 0.5003153 0.5003153 0.4934846 0.4934846 0.5076386 0.5010221 0.5189381 0.4488160 0.4521430 0.4990469 0.4990469 0.5211113 0.5211113 0.4478220 0.6967030 1.0312430 0.4775581 0.5845255 0.4731054 0.4861765 0.4365448 0.4382804 0.4817909 0.5220516 0.5774881 0.3785266 0.4385914 0.9360191 0.8616841 1.4321531 1.0206321 0.9472829 0.9875255 1.0343618 0.9998331 0.9270513 0.9391500 0.8623147 0.9210457 1.0655223 1.0006432 1.1916952 1.0194795 1.0626163 1.3290581 1.0684183 0.9919209 0.9650456 0.6971333 0.7313282 
Adig_XM_015914797.1                                          0.4550261 0.4542534 0.4616851 0.4398916 0.4060492 0.3692081 0.3785002 0.3721527 0.3553171 0.3553171 0.2493945 0.0734092 0.0730231 0.0598732 0.0000010 0.0000000 0.0296048 0.0656349 0.2425616 0.2425616 0.2410002 0.2441298 0.2404438 0.3349842 0.3577169 0.3761459 0.3397226 0.3515721 0.3997643 0.3524558 0.3337251 0.3656198 0.7148332 0.4394510 0.3950842 0.3594540 0.3294696 0.3338558 0.3146534 0.2976711 0.3757117 0.4036151 0.3899029 0.3244963 0.5940467 0.5940467 0.6466331 0.4786957 0.6486816 0.6486816 0.7067058 0.4672589 0.4672589 0.4918586 0.4918586 0.5223603 0.5490169 0.9857206 1.0644224 0.4764626 0.4764626 0.4095850 0.4695172 0.7458989 0.5005880 0.6469316 0.5206295 0.4222267 0.5112356 0.4922718 0.6304765 0.4765833 0.4765833 0.4698667 0.4698667 0.4829810 0.4764278 0.4799136 0.4317906 0.4347421 0.4824039 0.4824039 0.5018492 0.5018492 0.3952195 0.6935472 0.9704347 0.4514125 0.4598155 0.4247953 0.4480278 0.3975362 0.4050775 0.4754335 0.4810474 0.5279744 0.3136910 0.4014251 0.9393043 0.7808173 1.3919117 0.9145095 0.8732379 0.8710130 0.9364504 0.9947844 0.8567848 0.8638682 0.8015892 0.8820870 0.9596367 0.9040408 1.1263273 0.9257708 0.9609460 1.3034703 0.9727580 0.9175502 0.8885774 0.8541367 0.7002180 
Gfas_gfas1.m1.1818.m1                                        0.3608167 0.3762475 0.3569215 0.3390076 0.3272886 0.3538908 0.3568886 0.3574814 0.3297482 0.3297482 0.0958117 0.0616213 0.0615415 0.0554480 0.0360705 0.0296048 0.0000000 0.0597592 0.1645663 0.1645663 0.1609451 0.2046364 0.1981444 0.2822266 0.3174272 0.3507279 0.2916862 0.3082021 0.3378462 0.3172097 0.3019789 0.2632793 0.2972292 0.3620557 0.3936436 0.2862146 0.2696647 0.2934009 0.2816739 0.2696254 0.3003900 0.3494190 0.3211770 0.3402112 0.5254013 0.5254013 0.6248203 0.4049834 0.5254013 0.5254013 0.6248203 0.4201441 0.4006695 0.4201441 0.4006695 0.4705797 0.4705797 1.6529134 1.6529134 0.3924497 0.3924497 0.4133700 0.3924497 0.0000010 0.4133700 0.5480265 0.4628727 0.4628727 0.4628727 0.4133700 0.5480265 0.4642054 0.4642054 0.4541548 0.4541548 0.4642054 0.4541548 0.3583142 0.3590410 0.3840750 0.3855115 0.3855115 0.3855115 0.3855115 0.3390675 0.6315256 0.6315256 0.4316798 0.4564418 0.3920028 0.3376763 0.3562692 0.3157640 0.4775341 0.3911260 0.4615428 0.3674390 0.4539369 1.1170742 0.7241740 1.9208178 0.8667560 0.8552477 0.7748638 0.8474640 1.0202708 0.7563830 0.7768707 0.7674424 0.8829287 0.8820772 0.8585447 1.0791691 0.7623306 0.8162817 1.2894154 0.8650933 0.8471016 0.7902972 0.7472145 0.4429422 
Gasp_gasp1.m3.12594.m1                                       0.5090088 0.4809987 0.5005075 0.4888740 0.4543080 0.4082679 0.4152647 0.4082137 0.3813478 0.3813478 0.2376372 0.0616753 0.0562594 0.0329362 0.0763111 0.0656349 0.0597592 0.0000000 0.2636696 0.2636696 0.2450093 0.2888542 0.2873954 0.3420010 0.3826554 0.4002499 0.3483302 0.4066471 0.4578485 0.3550839 0.3755438 0.4082349 0.7843650 0.4883682 0.4408419 0.3817105 0.3559994 0.3450030 0.3224421 0.3334742 0.3942612 0.4347753 0.4044434 0.4112703 0.6527944 0.6527944 0.7125107 0.5388697 0.7011273 0.7011273 0.7660789 0.5591311 0.5410709 0.5821621 0.5637748 0.6077256 0.6326142 1.0112619 1.0811607 0.5289497 0.5289497 0.4478654 0.5162233 0.8223221 0.5403663 0.6612495 0.5833837 0.4917842 0.5789042 0.5365838 0.6540315 0.5542305 0.5542305 0.5492337 0.5492337 0.5566791 0.5517412 0.5579631 0.5098796 0.5118483 0.5490731 0.5490731 0.5662147 0.5662147 0.4591170 0.6707320 0.9575816 0.5016340 0.5970978 0.4897398 0.4863241 0.4295118 0.4360779 0.5129244 0.5332926 0.6062080 0.3774480 0.4372121 0.9839705 0.8509985 1.2365828 0.9761059 0.9055607 0.9439569 0.9939376 1.1341392 0.9286424 0.8527145 0.8598249 1.0426816 1.0374334 1.0456694 1.1842547 0.9572928 0.9833458 1.2768147 1.0857087 1.0151033 0.9956350 0.9720325 0.6778866 
Exapal_XM_021057103.2                                        0.4926235 0.5061129 0.4451696 0.4903815 0.4740889 0.4481208 0.4515877 0.4449398 0.4411447 0.4411447 0.2773266 0.2490344 0.2473738 0.2546886 0.2618630 0.2425616 0.1645663 0.2636696 0.0000000 0.0000010 0.1700093 0.3431915 0.3363629 0.4217916 0.4477474 0.4299720 0.4108014 0.4664553 0.4777336 0.4503174 0.4910267 0.3974808 0.8274070 0.5355860 0.4948859 0.4687353 0.4019682 0.3835368 0.3700030 0.3453698 0.4039854 0.4153897 0.4166618 0.4300635 0.6544346 0.6544346 0.6992796 0.5152439 0.6943724 0.6943724 0.7425468 0.5190799 0.5025627 0.5494168 0.5327255 0.5614968 0.5935572 1.1149364 1.2064193 0.4883695 0.4883695 0.4136172 0.4891435 0.8442232 0.5062660 0.6599944 0.5409745 0.4477367 0.5231197 0.4903005 0.6291932 0.5385493 0.5385493 0.5449331 0.5449331 0.5503351 0.5571685 0.5633849 0.5008120 0.4996708 0.4794428 0.4794428 0.4920488 0.4920488 0.3709569 0.7226262 1.0180290 0.5558621 0.5228183 0.4854322 0.4546597 0.4591647 0.4670987 0.5612894 0.4461766 0.5078564 0.3535880 0.4144896 0.9292197 0.8190286 1.2895403 1.0164661 0.9708119 0.9473330 1.1370912 1.0456219 0.8191583 0.8868174 0.8616401 0.9477006 1.1131896 0.9995369 1.2442160 0.8935851 0.9419346 1.1922257 1.0160985 1.0150553 0.9556375 0.9530427 0.8963677 
Exapal_XM_021057105.2                                        0.4926235 0.5061129 0.4451696 0.4903815 0.4740889 0.4481208 0.4515877 0.4449398 0.4411447 0.4411447 0.2773266 0.2490344 0.2473738 0.2546886 0.2618630 0.2425616 0.1645663 0.2636696 0.0000010 0.0000000 0.1700093 0.3431915 0.3363629 0.4217916 0.4477474 0.4299720 0.4108014 0.4664553 0.4777336 0.4503174 0.4910267 0.3974808 0.8274070 0.5355860 0.4948859 0.4687353 0.4019682 0.3835368 0.3700030 0.3453698 0.4039854 0.4153897 0.4166618 0.4300635 0.6544346 0.6544346 0.6992796 0.5152439 0.6943724 0.6943724 0.7425468 0.5190799 0.5025627 0.5494168 0.5327255 0.5614968 0.5935572 1.1149364 1.2064193 0.4883695 0.4883695 0.4136172 0.4891435 0.8442232 0.5062660 0.6599944 0.5409745 0.4477367 0.5231197 0.4903005 0.6291932 0.5385493 0.5385493 0.5449331 0.5449331 0.5503351 0.5571685 0.5633849 0.5008120 0.4996708 0.4794428 0.4794428 0.4920488 0.4920488 0.3709569 0.7226262 1.0180290 0.5558621 0.5228183 0.4854322 0.4546597 0.4591647 0.4670987 0.5612894 0.4461766 0.5078564 0.3535880 0.4144896 0.9292197 0.8190286 1.2895403 1.0164661 0.9708119 0.9473330 1.1370912 1.0456219 0.8191583 0.8868174 0.8616401 0.9477006 1.1131896 0.9995369 1.2442160 0.8935851 0.9419346 1.1922257 1.0160985 1.0150553 0.9556375 0.9530427 0.8963677 
Nvec_v1g180130                                               0.4654829 0.4405632 0.4443705 0.4837261 0.4493627 0.4277563 0.4373151 0.4307484 0.4036399 0.4036399 0.2888647 0.2602303 0.2605720 0.2221644 0.2745075 0.2410002 0.1609451 0.2450093 0.1700093 0.1700093 0.0000000 0.3548315 0.3442715 0.3496758 0.4069752 0.3990338 0.3483357 0.3761853 0.4117287 0.3825559 0.3986560 0.2887618 0.7450173 0.4158035 0.3981890 0.4156234 0.4101835 0.3982555 0.3808332 0.3653201 0.4361521 0.4730306 0.4412492 0.3925880 0.6390484 0.6390484 0.6968460 0.4678021 0.7009145 0.7009145 0.7652031 0.4516158 0.4516158 0.4907583 0.4907583 0.5057200 0.5478295 1.0271931 1.1549838 0.4699256 0.4699256 0.3802602 0.4830633 1.0662471 0.4961906 0.6923940 0.5127080 0.3866171 0.4952969 0.4804555 0.6611257 0.4696766 0.4696766 0.4654038 0.4654038 0.4911590 0.4876098 0.5156777 0.4463406 0.4473250 0.4803072 0.4803072 0.5028390 0.5028390 0.3297751 0.7022070 0.9882729 0.4618400 0.4097543 0.4594878 0.4997321 0.4675508 0.5006088 0.6672098 0.4802400 0.5324200 0.3117812 0.4126522 0.9940086 0.7046927 1.1978817 0.9578165 0.9258955 0.8898912 1.0370161 0.9709443 0.8150745 0.8086285 0.7533464 0.8496965 1.0517308 0.8956331 1.2275118 0.9113142 0.9214317 1.3300217 0.9906657 0.9842198 0.9589345 0.8107067 0.7482808 
Dgig_XM_028545524.1                                          0.4183281 0.4505605 0.4094523 0.4243618 0.4203044 0.3884238 0.3995566 0.3943357 0.3795911 0.3795911 0.2397489 0.3000211 0.2907682 0.2706009 0.2662491 0.2441298 0.2046364 0.2888542 0.3431915 0.3431915 0.3548315 0.0000000 0.0251350 0.3376382 0.3962889 0.4121945 0.3508955 0.3947590 0.4058329 0.3895060 0.3846031 0.3394231 0.7957627 0.4291490 0.4201742 0.3627707 0.3594642 0.3508071 0.3553372 0.3116763 0.3720369 0.3964932 0.3703808 0.3416496 0.5942777 0.5942777 0.6471619 0.4973213 0.6322553 0.6322553 0.6885189 0.5130958 0.5130958 0.5295385 0.5295385 0.5619402 0.5795081 1.0844651 1.1335648 0.5296927 0.5296927 0.4321689 0.5224947 0.8293537 0.4962468 0.6028302 0.5161758 0.4499133 0.5068915 0.4880500 0.5871635 0.5095431 0.5095431 0.5086417 0.5086417 0.5076317 0.5066623 0.5695535 0.5002611 0.4939819 0.5391073 0.5391073 0.5504239 0.5504239 0.3919770 0.8167245 1.1088210 0.4314464 0.4217995 0.4805811 0.4964814 0.4203389 0.4177842 0.6083066 0.4732732 0.4700515 0.2960344 0.4134875 0.9654141 0.7596927 1.3633080 0.8033278 0.8015546 0.8624713 0.9159863 0.9747428 0.7644937 0.8840411 0.7458540 0.8938454 0.9739014 0.9214030 1.1510959 0.8902244 0.9359236 1.3230672 1.0370553 0.9767278 0.9222475 0.7566546 0.7768481 
Xesp_014499-T1                                               0.4288021 0.4565779 0.4237839 0.4412829 0.4207182 0.3995144 0.4096442 0.4044787 0.3896172 0.3896172 0.2399883 0.2926262 0.2884831 0.2617619 0.2618850 0.2404438 0.1981444 0.2873954 0.3363629 0.3363629 0.3442715 0.0251350 0.0000000 0.3381273 0.3936855 0.4081321 0.3452598 0.3867315 0.4196898 0.3854902 0.3989110 0.3260444 0.7911034 0.4166967 0.4225712 0.3645374 0.3488443 0.3523634 0.3568868 0.3128084 0.3741571 0.3920259 0.3877137 0.3346265 0.5557467 0.5557467 0.6038099 0.4708513 0.5922229 0.5922229 0.6434399 0.4889426 0.4889426 0.5049508 0.5049508 0.5354738 0.5525675 1.0146264 1.0614962 0.5019516 0.5019516 0.3932475 0.4949120 0.8293537 0.4671898 0.5615459 0.4833576 0.4037030 0.4743353 0.4592050 0.5464222 0.4784035 0.4784035 0.4763964 0.4763964 0.4766123 0.4745461 0.5426907 0.4770807 0.4677342 0.5143622 0.5143622 0.5254545 0.5254545 0.3809540 0.7554974 1.0382282 0.4226556 0.3914009 0.4606692 0.4918088 0.4063734 0.4098002 0.5747137 0.4639027 0.4634434 0.2951670 0.3982447 0.9264199 0.7416239 1.3672939 0.8123533 0.8099628 0.8606998 0.9163823 0.9926627 0.7625093 0.8789409 0.7420659 0.8699696 0.9588225 0.9104323 1.1260289 0.8950429 0.9290970 1.3145427 1.0331317 0.9732659 0.9064335 0.7408586 0.7905477 
Bralan_BLAG06000137_1                                        0.4235523 0.4073114 0.4453023 0.4120107 0.3620934 0.3075022 0.3200360 0.3140234 0.3028911 0.3028911 0.2266809 0.3164828 0.3253850 0.2959204 0.3731295 0.3349842 0.2822266 0.3420010 0.4217916 0.4217916 0.3496758 0.3376382 0.3381273 0.0000000 0.1357521 0.1736533 0.1598459 0.1779445 0.1718219 0.1619602 0.1638531 0.2253436 0.4247784 0.1974478 0.2038569 0.2320849 0.3622105 0.3613080 0.3344996 0.3386194 0.3829719 0.4123397 0.3950218 0.3284166 0.6472193 0.6472193 0.7063751 0.4707505 0.6891800 0.6891800 0.7524546 0.4806667 0.4806667 0.4978973 0.4978973 0.5477712 0.5665840 1.0856617 1.1415952 0.4662001 0.4662001 0.3678572 0.4619983 0.7935199 0.4688516 0.6321661 0.4867298 0.3738687 0.4766533 0.4600704 0.6138591 0.5105971 0.5105971 0.5044188 0.5044188 0.5117552 0.5056089 0.5632145 0.4701017 0.4548467 0.5001909 0.5001909 0.5143851 0.5143851 0.3366117 0.7145736 0.9913331 0.3436088 0.3039824 0.3847279 0.3977483 0.4537953 0.4824380 0.7009599 0.4336720 0.4524474 0.3150315 0.4136844 0.9536298 0.7417615 1.2691140 0.7534068 0.7730450 0.7742880 0.8825700 0.8515393 0.7053529 0.7979675 0.7073463 0.8197044 0.8504328 0.7800710 1.0685197 0.8479783 0.9210046 1.1276661 0.9284437 0.8610129 0.8818670 0.6495631 0.3447480 
Hsap_ENST00000398491                                         0.4326256 0.4292953 0.4494561 0.4350871 0.3829551 0.3425758 0.3565906 0.3504194 0.3288725 0.3288725 0.2584473 0.3392796 0.3384391 0.3425728 0.3752885 0.3577169 0.3174272 0.3826554 0.4477474 0.4477474 0.4069752 0.3962889 0.3936855 0.1357521 0.0000000 0.1220857 0.1695207 0.1929927 0.1749442 0.1772103 0.1848003 0.2434740 0.3262449 0.2698691 0.2669737 0.2468406 0.3794366 0.3863063 0.3595435 0.3766305 0.3681993 0.4125643 0.3673654 0.3590437 0.6119198 0.6119198 0.6645584 0.4908788 0.6509675 0.6509675 0.7071817 0.4795235 0.4795235 0.4968425 0.4968425 0.5173307 0.5354857 1.0170536 1.0696321 0.4710182 0.4710182 0.3830120 0.4668802 0.7485387 0.4767230 0.6012099 0.4677256 0.3566071 0.4579420 0.4678113 0.5839170 0.4932969 0.4932969 0.4779045 0.4779045 0.4944314 0.4790513 0.5359214 0.4596415 0.4519985 0.4926225 0.4926225 0.5068329 0.5068329 0.3271162 0.6419447 0.9000508 0.4263066 0.4013358 0.4186982 0.3905634 0.4698357 0.4821878 0.6535812 0.4417508 0.4748766 0.3285759 0.4277409 0.8895776 0.7180332 1.1664394 0.8239057 0.8486161 0.7405378 0.9256265 0.8158415 0.6807634 0.8165896 0.7070177 0.7957616 0.8982950 0.8169405 1.0319712 0.8588534 0.8932598 1.2062242 1.0067630 0.9671571 0.9234915 0.7975195 0.3998448 
Hsap_ENST00000506618                                         0.4612749 0.4167674 0.4511998 0.4489706 0.3741650 0.4017027 0.4121166 0.4057297 0.4013058 0.4013058 0.2998307 0.3553964 0.3645845 0.3480948 0.3780107 0.3761459 0.3507279 0.4002499 0.4299720 0.4299720 0.3990338 0.4121945 0.4081321 0.1736533 0.1220857 0.0000000 0.1842169 0.2239436 0.1903296 0.1919815 0.2185172 0.2541972 0.3319508 0.2899464 0.2728027 0.2827675 0.4046894 0.3769646 0.3457421 0.3803677 0.3861381 0.4264337 0.4001440 0.3553269 0.6399924 0.6399924 0.6840492 0.5000944 0.6803764 0.6803764 0.7280990 0.5159534 0.5159534 0.5339273 0.5339273 0.5778878 0.5972816 1.1337098 1.1906330 0.4695502 0.4695502 0.4046678 0.4653543 0.6787006 0.4998329 0.6575021 0.5078584 0.4000275 0.4974872 0.4905985 0.6389069 0.5072136 0.5072136 0.4957552 0.4957552 0.5083690 0.4969331 0.5757667 0.4897679 0.4863506 0.5392080 0.5392080 0.5541346 0.5541346 0.3442626 0.6909353 0.9594462 0.3951232 0.3902184 0.4478367 0.3985174 0.4851952 0.5171395 0.6495478 0.4354382 0.4664160 0.3109053 0.4469968 0.8277976 0.7256993 1.0939513 0.8475781 0.8816647 0.8316273 0.9445622 0.7985033 0.7102183 0.8127152 0.7181175 0.8119717 0.9301011 0.7564589 1.0505394 0.8305444 0.8768302 1.1283898 0.9769856 0.9105308 0.9322353 0.7072673 0.4864549 
Cscu_XM_023364832.1                                          0.4190196 0.4009497 0.4514892 0.4091568 0.3656556 0.3452716 0.3476560 0.3506074 0.3389726 0.3389726 0.2728360 0.3324974 0.3300954 0.3133041 0.3770586 0.3397226 0.2916862 0.3483302 0.4108014 0.4108014 0.3483357 0.3508955 0.3452598 0.1598459 0.1695207 0.1842169 0.0000000 0.1144576 0.1448930 0.1725244 0.1752201 0.1385529 0.3863720 0.2205606 0.2120834 0.2022309 0.3736440 0.4102800 0.3825823 0.4083792 0.4001557 0.4600928 0.4278601 0.3200501 0.6260409 0.6260409 0.6800267 0.4429103 0.6824037 0.6824037 0.7421060 0.4488241 0.4488241 0.4732958 0.4732958 0.5042772 0.5309661 1.0880024 1.1765903 0.4376159 0.4376159 0.3264220 0.4334946 0.9230668 0.4567067 0.6581989 0.4678802 0.3178788 0.4580917 0.4481165 0.6397050 0.4635331 0.4635331 0.4633296 0.4633296 0.4726841 0.4728489 0.5458763 0.4531569 0.4500784 0.4782366 0.4782366 0.5001030 0.5001030 0.2823244 0.6797797 0.9383336 0.3169644 0.2183320 0.4129570 0.4101630 0.4235361 0.4942574 0.7201878 0.3971104 0.4250035 0.2466582 0.3938098 0.8872916 0.7691335 1.2968056 0.8127394 0.8192151 0.7680436 0.9063708 0.8655582 0.7721894 0.7985769 0.6367556 0.8204227 0.8658598 0.7981323 1.0641460 0.8574735 0.8560323 1.2214524 1.0055613 0.9501948 0.9349722 0.6039660 0.3164488 
Tcas_TC002990_001                                            0.4903239 0.4365506 0.4885563 0.4558286 0.3961572 0.3775985 0.3816221 0.3848923 0.3644079 0.3644079 0.3234829 0.3650329 0.3615217 0.3464328 0.3919135 0.3515721 0.3082021 0.4066471 0.4664553 0.4664553 0.3761853 0.3947590 0.3867315 0.1779445 0.1929927 0.2239436 0.1144576 0.0000000 0.0925607 0.2137043 0.1732520 0.1441720 0.4196174 0.2150353 0.2013411 0.2215264 0.4134941 0.4739943 0.4480732 0.4554952 0.4297537 0.5381996 0.4969591 0.3676412 0.6343425 0.6343425 0.6913948 0.4614518 0.6825820 0.6825820 0.7448427 0.4796557 0.4671745 0.5115644 0.4989941 0.5266475 0.5613426 1.1300106 1.2424989 0.4673329 0.4673329 0.3473631 0.4813614 1.1720628 0.5008010 0.7031389 0.5522540 0.3865550 0.5271108 0.4791859 0.6602535 0.5128329 0.5128329 0.5129392 0.5129392 0.5421875 0.5434952 0.5510411 0.4743929 0.4467632 0.4878237 0.4878237 0.5168217 0.5168217 0.3273161 0.6560047 0.8840667 0.3836005 0.3070563 0.4386754 0.4400057 0.4704614 0.4824024 0.8387808 0.4190060 0.4732025 0.2993437 0.4348474 0.9205073 0.8185318 1.4038035 0.8776379 0.8766906 0.7904518 0.9211837 0.9218355 0.8016439 0.8019637 0.6968284 0.8454232 0.9376813 0.7930073 1.1516367 0.8755659 0.8796362 1.2234332 1.0119882 1.0133952 0.9645232 0.6484027 0.3137688 
Dpul_mRNA649                                                 0.4982405 0.4642209 0.4760388 0.4854368 0.4107651 0.3924632 0.3974368 0.4008143 0.3749428 0.3749428 0.3203144 0.3961230 0.4059595 0.4015654 0.4429581 0.3997643 0.3378462 0.4578485 0.4777336 0.4777336 0.4117287 0.4058329 0.4196898 0.1718219 0.1749442 0.1903296 0.1448930 0.0925607 0.0000000 0.2103578 0.1995012 0.1898026 0.3716931 0.2376709 0.2464120 0.2476913 0.4072313 0.4452672 0.4040437 0.4335984 0.3899628 0.4971785 0.4704538 0.4076429 0.6383606 0.6383606 0.6951546 0.4916068 0.6686480 0.6686480 0.7284765 0.4958530 0.5019100 0.5193163 0.5257048 0.5642443 0.5900733 1.1424411 1.2201482 0.4829319 0.4829319 0.3816234 0.4968834 1.1066826 0.5230255 0.6875035 0.5714288 0.4175590 0.5458088 0.5011952 0.6451369 0.5501387 0.5501387 0.5536411 0.5536411 0.5708027 0.5751852 0.5536428 0.4714593 0.4600680 0.5187543 0.5187543 0.5393208 0.5393208 0.3711774 0.6518558 0.8770787 0.3852521 0.3402978 0.4677965 0.4296420 0.5044991 0.5355068 0.8467592 0.4263206 0.4738647 0.2835416 0.4828560 0.9428322 0.8244622 1.3479247 0.8522925 0.8647981 0.7894397 0.9098486 0.8521144 0.7604162 0.8007483 0.6961018 0.8729116 0.9141757 0.7835666 1.2081147 0.8755656 0.8985947 1.2135292 1.0052090 0.9908414 1.0190294 0.6309872 0.3404527 
Skow_XM_002730426.2                                          0.4698995 0.4088494 0.4544899 0.4598699 0.4265764 0.3597088 0.3695734 0.3676455 0.3452640 0.3452640 0.2669801 0.3378623 0.3469125 0.3265679 0.3951725 0.3524558 0.3172097 0.3550839 0.4503174 0.4503174 0.3825559 0.3895060 0.3854902 0.1619602 0.1772103 0.1919815 0.1725244 0.2137043 0.2103578 0.0000000 0.1851168 0.2301028 0.4123953 0.2433195 0.2219047 0.2559833 0.3664299 0.3817960 0.3708710 0.3848659 0.4166045 0.4624536 0.4091429 0.3387721 0.7184682 0.7184682 0.7844205 0.5034469 0.7793192 0.7793192 0.8520874 0.4982332 0.4982332 0.5237357 0.5237357 0.5635106 0.5914911 1.1918555 1.2860323 0.5057282 0.5057282 0.3485780 0.5015847 1.0824505 0.4725597 0.6710459 0.4902208 0.3503498 0.4800289 0.4636530 0.6520724 0.5207965 0.5207965 0.5070808 0.5070808 0.5299868 0.5164545 0.6183074 0.5054997 0.4973627 0.4989669 0.4989669 0.5212961 0.5212961 0.2923901 0.7525938 1.0302964 0.3848245 0.3485178 0.4224905 0.2913433 0.4482440 0.4973513 0.6677222 0.4181090 0.4489537 0.2835436 0.4030809 0.8968224 0.7695229 1.3476797 0.7200761 0.7619615 0.7951905 0.8219931 0.7808565 0.6991298 0.7598594 0.6805320 0.8073049 0.8706073 0.8065241 1.1633311 0.8600159 0.8757311 1.2606403 1.0212645 0.9204783 0.9258682 0.7049296 0.4352444 
Spur_XM_784959.5                                             0.5416308 0.4362504 0.5329142 0.5216734 0.4321404 0.3686225 0.3768937 0.3705390 0.3422366 0.3422366 0.2921968 0.3530714 0.3622421 0.3230355 0.3649164 0.3337251 0.3019789 0.3755438 0.4910267 0.4910267 0.3986560 0.3846031 0.3989110 0.1638531 0.1848003 0.2185172 0.1752201 0.1732520 0.1995012 0.1851168 0.0000000 0.2480060 0.4615167 0.2846703 0.2742237 0.2809724 0.4104251 0.4318130 0.3963703 0.4189261 0.4539806 0.5150599 0.4388691 0.3684601 0.6448103 0.6448103 0.7027112 0.4990375 0.6860377 0.6860377 0.7479183 0.5121616 0.4971290 0.5301305 0.5149816 0.5593730 0.5787576 1.1148641 1.1715695 0.5155720 0.5155720 0.3914064 0.5114063 0.9389743 0.5254492 0.7160817 0.5608568 0.4156730 0.5496942 0.5157821 0.6957000 0.5285147 0.5285147 0.5192273 0.5192273 0.5297215 0.5204618 0.5525008 0.4956369 0.4843694 0.5337922 0.5337922 0.5487820 0.5487820 0.3385933 0.7170252 0.9844381 0.4193189 0.4230479 0.4545143 0.3974641 0.5173859 0.5055434 0.7343952 0.4725800 0.5394846 0.3695448 0.4737017 0.9573880 0.8528056 1.3682937 0.8581041 0.8917883 0.8605278 0.9456367 0.8824018 0.8024061 0.8912288 0.7628299 0.8847473 0.9963521 0.8300622 1.0756336 0.9304753 0.9859416 1.2177419 1.0538907 0.9650613 0.9069963 0.7421758 0.4536076 
