97
Emue_Em0006g1187a.t1                               0.0000000 0.2809758 0.3414421 0.4429809 1.4802161 1.7421266 1.5054102 1.5162550 1.2444895 2.0590297 2.0942167 1.2408079 1.8185401 1.9238625 1.8876628 2.3632706 2.1347539 2.1603185 1.7026371 1.7679182 1.8858619 2.1915385 1.5619023 2.2516513 1.5895468 1.9731908 2.4118527 2.1846499 1.7365613 1.8465831 1.7272172 1.8260390 1.6813501 1.6700052 1.8516471 1.8616086 1.8263439 1.8982822 1.8860826 1.9710169 1.7901615 1.8485017 2.0062069 2.1209198 2.2993298 1.8352839 2.1305172 1.8126293 1.5927225 1.8408992 2.1292881 2.4233847 2.2487203 2.0593600 1.7430894 1.6626951 1.7389143 1.7370433 1.6508437 1.7201649 1.6782871 1.7818035 2.2540694 2.3577376 1.9751592 2.2149862 2.1668786 2.5540646 2.5014080 2.5014080 2.2332341 2.2332341 1.6287582 2.3514458 2.8414946 2.7919336 2.7290044 2.5603623 2.5208546 2.9566669 2.8993822 2.5695938 2.2506760 1.6740205 1.8960292 2.2255595 2.0275488 2.0379453 2.3289252 2.0909960 3.4862522 2.3847847 2.9816266 2.6950772 2.6925901 5.0870852 6.1294700 
Spolac_c101634_g1_i2_m.26256c101634-g1             0.2809758 0.0000000 0.0000010 0.7403516 1.2776557 1.7380660 1.5881741 1.4888663 1.2000870 2.0982470 2.0967106 1.1454244 1.8057203 2.0114983 1.7464011 2.4999194 2.1194672 2.1497846 1.5359916 1.7683975 1.8056789 2.1435058 1.4321439 2.2447472 1.4622530 2.0302786 2.4525892 2.0085252 1.8569236 1.9138805 1.6559782 1.6177827 1.6506508 1.6602012 1.6968411 1.6050073 1.7227002 1.6801518 1.6571003 1.8120899 1.6072755 1.6891117 1.9433106 2.1302901 2.4039855 1.7079129 2.0715800 1.7865935 1.5900055 1.5957463 2.1097127 2.4000680 2.1721988 2.0393868 1.9170553 1.8827968 1.9815129 1.9795241 1.8380877 1.9778271 1.9136432 1.7957406 2.2296651 2.4379215 2.1320342 2.1938480 2.2216399 2.6095607 2.5749522 2.5749522 2.2748887 2.2748887 1.7729158 2.4608395 2.7726623 2.9694136 2.4844414 2.7967758 2.7771114 2.9505410 2.8409506 2.4433035 2.3445023 1.8770719 1.9857947 2.2748602 2.0493816 1.9686686 2.1681451 2.0712548 3.4834718 2.3895220 3.1693438 2.7579059 2.7733449 5.3118228 5.6380103 
Spolac_c101634_g1_i1_m.26255c101634-g1             0.3414421 0.0000010 0.0000000 1.4837140 1.3492937 1.5528130 1.3863257 1.5015477 1.1831304 2.0967508 1.8945691 1.1454244 1.6026980 1.7257864 1.7877984 2.0570243 1.9465833 1.8490523 1.2542725 1.4249169 1.9231868 2.0891792 1.4321439 2.1526027 1.4622530 1.7139487 2.1960333 2.0085252 1.9788079 1.8392083 1.7031455 1.3901186 1.4590919 1.6034747 1.6942137 1.4055451 1.6866181 1.6232448 1.6197481 1.6589583 1.6072755 1.5943258 1.7257046 2.0815697 2.0510224 1.8203884 2.1381382 1.6561760 1.5424859 1.8688851 1.9929379 2.0380306 1.9438376 1.8713421 1.6396485 1.6419172 1.6814021 1.6814021 1.5739308 1.7543611 1.7543611 1.6526022 2.1202106 2.2983635 2.0967545 2.3390162 1.8813071 2.4939450 2.4939450 2.4939450 2.2773745 2.2773745 1.7580884 2.2612351 2.3439418 2.6869797 2.3498465 2.3384909 2.3814922 2.8753841 2.7982912 2.3587060 2.3213519 1.7458726 1.5803668 1.7922436 1.7675017 2.1496085 1.8026772 2.0998703 8.9783869 2.1325204 2.3987174 2.7001103 2.4883627 6.9076631 4.6862172 
Emue_Em0006g1207a.t1                               0.4429809 0.7403516 1.4837140 0.0000000 1.1233764 2.4860815 2.4686643 2.1907422 2.1849854 3.2897150 3.4499928 5.4246115 3.2330854 3.1164726 3.5549833 3.6869108 4.1132226 3.9393472 6.2239519 2.9201463 2.8186292 3.3349633 6.1153244 3.2498099 3.6208584 2.2106897 2.2064425 2.4283331 2.6865564 2.6020367 2.3144771 2.5518456 2.4429578 2.3854609 2.7121878 2.0891899 2.6435858 2.5982258 2.9874373 2.7467523 3.0016901 2.5883220 2.5990178 2.6989752 2.9968117 2.3350823 2.7630982 2.7723809 2.3088685 3.3710701 3.8614469 4.0800403 3.5829988 3.5614393 2.5323473 2.3616642 2.5796134 2.5762058 2.4446072 2.6019224 2.5128637 2.3535464 3.4299497 3.3910097 2.5819699 3.5093946 3.3469226 3.5737745 3.4411632 3.4411632 2.9947995 2.9947995 2.7221209 3.1056905 3.9258060 4.2153916 3.5311278 3.5247871 3.6132181 4.0032545 3.7965740 3.4665411 2.6861916 5.5202754 2.8008811 2.0337597 2.9621187 3.3159414 2.0297296 2.9905208 5.1767471 4.1446846 8.9999984 4.0670132 3.9025116 3.9868407 6.2365935 
Stycar_maker-SC_scaffold54896-snap-gene-0.4-mRNA-1 1.4802161 1.2776557 1.3492937 1.1233764 0.0000000 1.5524355 1.4929292 1.6979478 0.9685388 2.0336817 1.9655737 0.8307659 1.5986518 1.6775145 1.9079590 2.1668473 1.9494078 2.1813080 0.7883499 1.4670234 1.9164366 1.6493984 2.3124203 2.1144422 1.2930191 1.5224740 1.5224740 1.2930191 1.6603607 2.0024310 1.6297163 1.6146768 1.6845642 1.4453212 1.5944513 1.4774465 1.4795029 1.4052704 1.4444506 1.5244880 1.6501236 1.5308479 1.7194032 1.8277781 1.7989400 1.2245104 1.5918403 1.5613169 1.5377766 1.4088575 1.6095745 1.9487007 1.6329202 1.7429027 1.8878116 1.8527399 1.7968645 1.7968645 1.7803129 1.9297601 1.9297601 1.6193194 2.3538955 1.9796500 1.7030852 2.0523008 1.8214882 2.3738676 2.3738676 2.3738676 2.2840798 2.2840798 1.7973031 2.1374701 2.3441541 2.5173978 2.1706239 1.8311212 1.9348672 2.4668877 2.5610932 2.3887939 1.9732417 1.6604429 1.7941472 1.9705272 2.0615465 2.6989201 2.3935141 2.0379529 4.5788194 2.3047628 9.0000000 2.2662345 3.2386189 7.5616375 5.1442905 
Aque_Aqu2.1.29921_001                              1.7421266 1.7380660 1.5528130 2.4860815 1.5524355 0.0000000 0.8109746 1.2929306 1.4900150 2.0916405 1.9172770 1.2129135 2.1079443 2.1982602 2.3139379 2.2018744 2.2133137 2.2840093 1.6414737 2.2455732 2.2744711 2.2273420 0.9420995 2.0694199 1.3663153 2.4205111 2.8808266 2.2108470 2.1071044 1.8236473 1.8069044 2.0691172 2.0561986 2.0619697 2.0642704 1.9378174 1.9716338 1.9494096 1.8391070 1.9536280 1.8148348 2.1067028 2.1687150 2.2371062 2.5239296 1.8924443 2.1307622 2.1370745 1.8595888 1.9447767 2.2647762 2.5801428 2.1695522 2.0540352 2.2566719 2.2546618 2.2251351 2.2411631 2.2715015 2.3939849 2.4058501 2.2780217 2.2806767 2.3640896 2.3930251 2.3905708 2.4687754 2.4448527 2.4448527 2.4448527 2.3462160 2.3462160 1.6203376 2.4227992 2.3086160 2.5740836 2.4448793 2.2421278 2.4166472 2.8722186 2.7427972 2.6115200 2.4658869 2.0410585 2.0014999 2.3425700 2.4374333 2.4244902 3.2314597 2.2818960 3.9004793 2.4914816 4.1410493 2.5499113 2.6178176 5.7467377 5.5529671 
Halamb_c13482_g1_i1m.2202                          1.5054102 1.5881741 1.3863257 2.4686643 1.4929292 0.8109746 0.0000000 1.0234866 1.3191482 1.8493862 1.8736261 1.2631568 1.8917796 1.8964147 1.9658743 1.9867768 1.9212120 2.0836241 1.3257285 2.1037449 1.9628463 1.9759450 1.0473040 1.9471427 1.2933706 1.9876238 2.5608387 2.2074595 2.0320479 2.0290398 1.6245640 1.9504688 1.7586106 1.9155841 1.8614958 1.8469018 1.8763247 2.0078046 1.5874596 1.7555728 1.7707882 1.7941528 1.9432835 2.1144851 2.6888978 2.0941845 2.0689708 1.7178757 1.8136597 1.7697809 2.0136439 2.0657069 1.9275987 2.0969099 1.9841465 1.9736882 2.0896588 2.1039089 1.9843140 2.0767044 2.0735628 2.1165246 2.4455901 2.0509781 2.3595150 2.2307457 2.6590805 2.5407784 2.5407784 2.5407784 2.5882008 2.5882008 2.0064531 2.5101381 2.4505506 2.6532809 2.3222446 2.6673538 2.5655788 2.9822211 3.0015277 2.7952369 2.4250763 1.8072381 1.9593889 2.3261423 2.3873381 2.4091833 3.0133583 2.1133962 3.6433099 2.4563320 3.9298739 2.3953956 2.6629946 7.1531606 7.0408419 
Xestes_maker-XT_scaffold123-snap-gene-0.18-mRNA-1  1.5162550 1.4888663 1.5015477 2.1907422 1.6979478 1.2929306 1.0234866 0.0000000 1.3339802 2.0583677 2.0210027 1.0975176 1.9527074 1.8692321 1.8525953 2.3702433 2.2454883 2.2702706 1.5030088 1.8976824 1.9645626 1.9664545 1.3177693 2.1177541 1.4641645 2.1573110 2.6949926 2.1683248 2.1516090 1.9526337 1.7566576 1.9306660 1.7459784 1.8218186 2.1758916 2.0405540 1.8568030 1.9296270 1.6407946 1.8519133 1.7614200 1.9723262 1.6639623 2.0852127 2.6120735 1.9339824 1.9329621 1.7493546 1.8109267 1.8781660 2.0394520 2.2217446 2.0913808 2.1439557 1.8182719 1.8041930 1.9063264 1.9190818 1.9078013 2.0730244 2.0233123 2.2315619 2.2588508 2.2416874 2.1693843 2.2799956 2.5255381 2.5518760 2.5866119 2.5866119 2.2998505 2.2998505 1.8476924 2.5906935 2.5209157 2.4331368 2.1072478 2.4805227 2.4207187 2.5608085 2.5171956 2.5730986 2.4383631 1.8412869 2.2543160 2.7200927 2.4838863 2.1177804 2.8562052 2.2606812 3.4049778 2.4518707 3.9385458 2.5483300 2.6874180 5.5873724 5.9400714 
Tetwil_g7743.t2                                    1.2444895 1.2000870 1.1831304 2.1849854 0.9685388 1.4900150 1.3191482 1.3339802 0.0000000 1.6229363 1.4332443 0.9143776 1.4627565 1.5669750 1.4155606 1.5100118 1.5509682 1.9620462 1.3589083 1.5869628 1.4657770 1.6606637 1.2244039 1.7895150 1.4144565 1.9030654 2.4460616 2.1567567 1.5263028 1.4554385 1.3295462 1.4776841 1.4296507 1.5289992 1.6599611 1.4520675 1.4400093 1.2961396 1.3427089 1.4216370 1.4375545 1.4425163 1.4992414 1.8734559 1.9366082 1.4680769 1.5427128 1.2657147 1.3811369 1.6855980 1.7572310 1.8003152 1.5942687 1.8217898 1.4428837 1.4309976 1.5037162 1.5037162 1.4596950 1.4184872 1.4184872 1.7038551 1.7909230 1.6274586 1.6104022 1.8864418 2.0231926 2.2979528 2.2979528 2.2979528 2.1352786 2.1352786 1.6409154 1.9483581 2.2215720 2.1167200 2.3042722 2.1877096 2.1749712 2.3470554 2.3692971 2.0917097 1.6715240 1.7457561 1.6253650 1.9153814 1.5794579 1.9258260 1.9065592 1.6525349 3.3967495 1.7661680 2.0449002 2.1563126 2.1921467 6.6192760 5.0985498 
Acaspe_EP00035_Acanthoeca_spectabilis_P033577      2.0590297 2.0982470 2.0967508 3.2897150 2.0336817 2.0916405 1.8493862 2.0583677 1.6229363 0.0000000 0.2619127 0.8740953 1.7754069 1.5870116 1.6796287 1.9786018 1.7023620 1.8851280 1.1369698 1.6777888 1.6047639 1.0516750 1.3465806 1.2019462 0.8273253 1.2126564 1.5941214 1.1263361 1.5810502 2.2136128 1.6677839 1.8909321 2.1201861 1.9310024 2.0926541 2.1238247 1.8209784 1.8625716 1.6608646 1.9003465 1.7715982 1.7968432 1.8796515 2.2477513 2.9340741 2.0367966 2.0384992 1.9339620 1.9930879 2.0711956 1.9220405 2.0396944 2.0732607 2.0556240 2.0926393 2.0135383 2.1304637 2.1255043 2.1554384 2.0524472 2.0585805 2.1215367 2.1981933 2.1883855 2.0655144 1.5925349 2.0064216 2.5246466 2.4881474 2.4881474 2.3870202 2.3870202 2.1449897 2.4430575 2.4357964 2.5565884 2.2774076 2.4417056 2.4751133 2.7972911 2.8550263 2.6016259 2.3314931 1.7073411 2.2103885 2.8089675 2.2328957 2.2479127 3.3757224 1.9997684 3.4447298 2.2501208 3.1431430 2.0312071 3.0894592 5.2934609 4.4843942 
Helnan_EP00037_Helgoeca_nana_P034228               2.0942167 2.0967106 1.8945691 3.4499928 1.9655737 1.9172770 1.8736261 2.0210027 1.4332443 0.2619127 0.0000000 0.7764645 1.7527085 1.6057874 1.7657759 2.0565738 1.7964201 1.9111769 1.0898697 1.6160744 1.6204258 1.0496365 1.0558249 1.2163063 0.8185153 1.1912552 1.5342078 1.1686125 1.6085883 2.0951392 1.6899365 1.9181425 2.0570325 1.9783504 2.1334902 2.2288666 1.9227672 1.8853111 1.6082446 1.9564673 1.6514001 1.9768895 1.8870719 2.2350817 3.0183638 2.1201604 2.2921158 1.9590337 1.9214712 2.0490907 2.1021944 2.1279006 2.2411661 2.1636805 2.1107067 2.0468147 2.1595429 2.1544429 2.2688787 1.9855166 1.9900121 2.2161073 2.4499928 2.1321993 2.2423350 1.7080000 1.9615839 2.6607066 2.6220148 2.6220148 2.3721203 2.3721203 1.9072126 2.6241726 2.6275589 2.6093503 2.5055422 2.6545219 2.6867636 2.8736506 2.8289484 2.7267221 2.2689660 1.5149503 2.3134898 3.1333319 2.2530101 1.9461047 3.6084686 2.0765679 3.8863485 2.2647923 2.7631101 1.9113445 2.9362564 5.6710179 4.8539573 
Salurc_EP00051_Salpingoeca_urceolata_P020324       1.2408079 1.1454244 1.1454244 5.4246115 0.8307659 1.2129135 1.2631568 1.0975176 0.9143776 0.8740953 0.7764645 0.0000000 0.8288346 0.8543886 1.0736293 0.9440941 0.9336151 1.0801581 1.0801581 0.9856588 1.1661092 1.0728495 1.3217270 1.1543350 1.1543350 0.9766369 1.6332595 1.6332595 1.1414320 0.9478612 1.0635525 1.2632765 1.0554268 1.2622870 1.6453577 0.9941080 1.3808978 1.5417255 1.2496006 1.2496006 1.2496006 1.3709048 1.3371574 1.3918873 1.6488580 1.4641832 1.6654449 0.9886491 1.2876659 1.3862304 1.4444049 1.4703701 1.4017584 1.3051221 1.2924151 1.2670232 1.2887768 1.2887768 1.3793486 1.2951884 1.2951884 1.4709143 1.5588651 1.5409208 1.3367878 1.3823469 0.4545588 2.0404782 2.0404782 2.0404782 1.8832512 1.8832512 1.8832512 1.8867321 1.8478797 1.7496735 1.6021744 1.5703997 1.4855712 1.7455959 1.8952233 1.8369418 2.0572228 1.6023293 1.4165135 2.1772668 1.2661498 1.4862389 0.9410268 1.3349940 8.9168653 1.2350207 1.4822466 1.4786548 1.7757275 4.7218773 3.1987065 
Microa_EP00043_Microstomoeca_roanoka_P018133       1.8185401 1.8057203 1.6026980 3.2330854 1.5986518 2.1079443 1.8917796 1.9527074 1.4627565 1.7754069 1.7527085 0.8288346 0.0000000 1.6846592 0.6868563 1.6026251 1.3778474 1.6243101 0.9386332 1.8060582 1.5295749 1.6820029 1.4899896 1.9261758 1.1557111 1.7746431 2.3986064 1.7128347 1.6645109 2.3433872 2.0331831 1.9075095 1.9362743 1.7937489 2.0652765 2.1433996 1.7664587 1.7136929 1.5572870 1.8558592 1.4357596 1.8922225 1.9400201 2.1873037 2.6302808 1.9148207 2.2828596 1.8942681 1.6885417 1.7775417 1.8195437 2.1054074 2.1185055 2.1897872 2.1722332 2.1583706 2.2286346 2.2286346 2.2500396 2.2472727 2.2268373 2.0485012 2.1100425 2.0282966 2.1770465 1.9347162 1.9161695 2.5679516 2.5679516 2.5679516 2.3477363 2.3477363 1.5836595 2.3682340 2.5660805 2.4279326 2.1369174 2.3888240 2.4481559 2.6862916 2.7597214 2.4888127 2.4066484 1.7912380 2.2288913 2.9640594 2.3537774 2.2450895 3.3202660 2.0288654 2.5040268 1.9566976 2.5287871 1.8713568 2.7889924 6.2709564 8.3235618 
Salmac_EP00052_Salpingoeca_macrocollata_P029633    1.9238625 2.0114983 1.7257864 3.1164726 1.6775145 2.1982602 1.8964147 1.8692321 1.5669750 1.5870116 1.6057874 0.8543886 1.6846592 0.0000000 1.7297155 1.9971514 1.7111439 1.7262949 1.2693070 1.7310549 1.2010598 1.5373878 1.3558698 1.7475010 1.0069297 1.3694264 1.7758638 1.4087388 1.3332915 1.8977967 1.6188228 2.0383485 1.8115828 1.7230194 1.8812146 1.8715595 1.7558522 1.6672686 1.5102877 1.7091649 1.6312155 1.7024140 1.7197286 1.9780432 2.4874579 2.0125425 1.8504925 1.7368965 1.8879179 1.7411959 1.7719336 2.1345656 1.9418077 2.0165414 1.7394793 1.7129491 1.8666224 1.8793902 1.9239761 1.9989739 1.9793568 2.0396665 2.3336913 2.0792055 2.2996808 1.8564377 1.7461251 2.4549619 2.4434672 2.4434672 2.2228000 2.2228000 1.7496574 2.3459399 2.4629953 2.6005995 2.1778844 2.0680339 2.0773966 2.6246241 2.6667446 2.4709074 2.1787843 1.7898082 1.9625760 2.4243445 2.1126500 2.1614379 3.0545282 2.1647599 3.3772332 2.0944077 2.8276935 2.0677113 2.5342305 5.6400145 5.2128986 
Sros_EGD82791                                      1.8876628 1.7464011 1.7877984 3.5549833 1.9079590 2.3139379 1.9658743 1.8525953 1.4155606 1.6796287 1.7657759 1.0736293 0.6868563 1.7297155 0.0000000 1.4993178 1.3109052 1.6393844 1.1008976 1.8672451 1.6642491 1.6425305 1.7576069 1.6891754 1.1378752 1.5507162 2.1738830 1.5996109 1.5824567 2.3994799 2.1963041 1.9120704 2.0872690 1.8109375 1.9235265 2.0442477 1.7833999 1.7642582 1.5258319 1.8749728 1.4586217 1.8431542 1.9859779 2.3403793 2.5090107 2.0483468 2.2411910 1.8761599 1.7578903 1.8027286 1.7525738 1.9306401 1.9691565 2.1608162 2.0793390 2.0489151 2.1420047 2.1420047 2.0977184 2.0454244 2.0696318 1.9830520 2.0160397 2.0779904 2.1361864 1.7603663 1.9146678 2.4984520 2.4984520 2.4984520 2.3123094 2.3123094 1.6484053 2.2209100 2.4076705 2.3127932 2.3154912 2.4968277 2.3987881 2.5368050 2.7057108 2.4679841 2.2959673 2.2237267 2.1817616 2.6134777 2.3049402 2.3546029 2.9249101 2.0237955 2.5013636 1.8173007 2.1729400 2.0397670 2.9936487 6.2171204 6.7643513 
Mbre_EDQ92361                                      2.3632706 2.4999194 2.0570243 3.6869108 2.1668473 2.2018744 1.9867768 2.3702433 1.5100118 1.9786018 2.0565738 0.9440941 1.6026251 1.9971514 1.4993178 0.0000000 1.6234567 1.4446727 1.1504359 1.8293136 1.8535937 2.1239861 1.2809155 2.1036363 1.3927736 1.9932278 2.4549994 2.0868439 1.7695715 2.3573529 2.2621598 2.2715443 2.2723515 2.2204822 2.4085405 2.4902968 2.3551910 2.2983008 2.2292521 2.7771007 2.2999508 2.4488050 2.2240480 2.4861471 3.0284321 2.5047117 2.3843178 2.4729417 2.1027800 2.0477511 2.2313573 2.3258323 2.1488628 2.2875155 2.3258425 2.3033316 2.4624734 2.4727373 2.3365064 2.1844850 2.1941744 2.4008272 2.6278708 2.2123496 2.6202371 1.6961051 2.0082165 2.6339768 2.5778614 2.5778614 2.2827079 2.2827079 1.6496750 2.4079290 2.6517874 2.5546519 2.7469639 2.5843342 2.5919190 3.2848302 3.3574666 2.7330251 2.4563427 2.1556151 2.3089908 2.7028530 2.2248745 2.1710291 3.2277525 2.0763116 3.7573715 2.4178771 3.1330602 1.6298566 2.8892011 6.1738696 8.0473827 
Salinf_EP00049_Salpingoeca_infusionum_P026867      2.1347539 2.1194672 1.9465833 4.1132226 1.9494078 2.2133137 1.9212120 2.2454883 1.5509682 1.7023620 1.7964201 0.9336151 1.3778474 1.7111439 1.3109052 1.6234567 0.0000000 1.8547416 1.2590651 2.0248711 1.8465058 1.6434754 1.5833659 1.6287195 1.0757811 1.3462593 1.8725500 1.5488120 1.6925378 2.0948795 2.0527050 2.1161409 1.9124854 2.0497940 2.0676816 2.0097194 1.9279678 1.8361344 1.5770042 1.8809818 1.8171766 1.9114949 2.1376159 2.2512218 2.4762988 2.0678619 2.0656048 1.9603673 1.8147521 1.6564475 2.0338231 1.9821645 2.1113390 2.1575244 2.1315708 2.1418071 2.2324000 2.2324000 2.2200481 2.0144119 2.0382725 2.1537349 1.9285951 1.9400469 1.9758272 1.8640894 1.8318484 2.5534859 2.5534859 2.5534859 2.3848333 2.3848333 1.9339106 2.2900567 2.3215803 2.3156736 2.2599960 2.6227246 2.5247055 2.6588778 2.7273890 2.7605416 2.4063664 2.8829540 2.3639109 2.5369152 2.2465187 2.6425397 2.8366408 2.0761819 2.8913663 1.9324363 3.1411849 2.0843325 3.0637553 7.4036091 6.2150759 
Chofle_EP00730_Choanoeca_flexa_P007930             2.1603185 2.1497846 1.8490523 3.9393472 2.1813080 2.2840093 2.0836241 2.2702706 1.9620462 1.8851280 1.9111769 1.0801581 1.6243101 1.7262949 1.6393844 1.4446727 1.8547416 0.0000000 0.1094509 1.8328406 1.7786071 1.7851572 1.3527682 2.0005385 1.0844967 1.6493862 2.2086822 1.6101021 1.6807891 2.3904621 2.2137878 2.1427698 1.9780926 1.9592365 2.2166689 2.3660742 2.2044497 2.2251454 1.6956715 2.0956719 1.6978790 2.1272197 2.0759497 2.4770866 2.8361270 2.5225512 2.3930061 2.3519137 2.2348675 1.8153204 2.0574387 2.2725181 2.3595241 2.0086236 2.1144348 2.0873892 2.1459852 2.1464853 2.1453784 2.0735152 2.0315364 2.1840368 2.6357789 2.4002077 2.4020698 1.8866690 1.9168804 2.8677704 2.8005992 2.8005992 2.5643893 2.5643893 1.8349227 2.9371285 3.1458681 3.3901717 2.9201982 3.2611927 3.2073069 3.2442294 3.3498483 2.8280897 2.5188997 2.1134398 2.3598036 2.8092322 2.3856459 2.4914707 3.1879294 2.3900227 3.5018972 2.3463090 2.9185753 0.7895846 2.7396944 6.0229998 5.6893159 
Chofle_EP00730_Choanoeca_flexa_P007928             1.7026371 1.5359916 1.2542725 6.2239519 0.7883499 1.6414737 1.3257285 1.5030088 1.3589083 1.1369698 1.0898697 1.0801581 0.9386332 1.2693070 1.1008976 1.1504359 1.2590651 0.1094509 0.0000000 1.1170296 1.2580387 1.1153167 1.3708101 1.2378854 1.0520773 0.9904272 1.9620800 1.8212149 1.2399368 1.5371267 1.7271803 1.5306610 1.3956943 1.3843880 1.6000225 1.5102737 1.5258150 1.5952432 1.2174426 1.4643548 1.2174426 1.5816470 1.2458965 1.7727747 2.0537867 1.9944465 1.6527395 1.5710633 1.5841070 1.2713312 1.3446566 1.4737573 1.8383853 1.4600573 1.8366015 1.7796807 1.8077103 1.8077103 1.7698905 1.8737314 1.8880981 1.6556768 1.6718395 1.7233794 1.5570537 1.7105294 1.6275569 2.3882353 2.3882353 2.3882353 2.1370204 2.1370204 1.6875577 2.2395553 2.3340417 2.2249675 2.2160301 2.2208135 2.1966229 2.2667762 2.3867413 2.0267874 1.4847997 1.6965117 1.8680431 2.8389627 1.8135498 2.0025356 2.7383069 1.9164516 7.0203883 1.7584978 2.2640733 1.4551263 2.0638738 4.6388050 4.0630641 
Saldol_EP00054_Salpingoeca_dolichothecata_P035551  1.7679182 1.7683975 1.4249169 2.9201463 1.4670234 2.2455732 2.1037449 1.8976824 1.5869628 1.6777888 1.6160744 0.9856588 1.8060582 1.7310549 1.8672451 1.8293136 2.0248711 1.8328406 1.1170296 0.0000000 1.5963886 1.7465861 1.2753911 2.0062274 1.2034022 1.8305232 2.3632145 1.8355621 1.6616451 1.7145250 1.6253641 1.7314123 1.6698635 1.5109117 1.9225010 1.9155151 1.7783779 1.8643903 1.6391193 1.9914592 1.7530418 2.0145122 1.7810588 2.2046226 2.5554706 2.0080822 2.0199830 1.9275556 1.6775738 1.7789633 1.9438622 2.0860207 1.9395628 2.0172150 1.6358862 1.5958111 1.7170004 1.7045500 1.6526772 1.6828562 1.6770442 1.8571980 2.5289988 1.8707485 2.1137120 1.7681717 2.0000820 2.5076413 2.4484748 2.4484748 2.1773853 2.1773853 1.7269432 2.3351537 2.8405856 2.6830995 2.4912745 2.5109076 2.6048772 2.8330712 2.8192945 2.6822285 2.1171033 1.8150937 2.0309233 2.4867656 2.3305055 2.1758561 2.9876643 2.0479500 2.8888059 1.9765255 2.6687999 2.1520645 2.9056251 5.1727654 5.5989119 
Salpun_EP00053_Salpingoeca_punica_P012158          1.8858619 1.8056789 1.9231868 2.8186292 1.9164366 2.2744711 1.9628463 1.9645626 1.4657770 1.6047639 1.6204258 1.1661092 1.5295749 1.2010598 1.6642491 1.8535937 1.8465058 1.7786071 1.2580387 1.5963886 0.0000000 1.5753729 1.3421052 1.8591373 1.2610718 1.6355022 2.1796083 1.9338227 1.2109132 1.7048375 1.5536681 1.8502684 1.6680705 1.7700785 1.7989343 1.9502530 1.7931093 1.7247061 1.7178330 1.7533713 1.8859682 1.7801966 1.6538686 2.0509935 2.4017066 1.7367708 1.8725495 1.5818711 1.5743257 1.7731355 1.6820343 1.9877059 2.0763828 1.9939296 1.8309186 1.8081155 1.9379026 1.9508049 1.8308824 1.8720689 1.8588063 2.0514734 1.8835304 2.0594666 1.9036407 1.8414822 1.9312707 2.4400056 2.4070786 2.4070786 2.2230803 2.2230803 1.9450303 2.4124505 2.5318193 2.4616630 2.2699258 2.3249263 2.4231766 2.7350165 2.6607790 2.2566231 2.2426407 2.0118483 1.9567911 2.3135873 1.8776782 2.0354163 2.3369571 1.9326176 2.2943329 1.6918092 2.1943591 2.2745607 2.2610786 6.0263921 6.7013347 
Diagra_EP00040_Diaphanoeca_grandis_P023370         2.1915385 2.1435058 2.0891792 3.3349633 1.6493984 2.2273420 1.9759450 1.9664545 1.6606637 1.0516750 1.0496365 1.0728495 1.6820029 1.5373878 1.6425305 2.1239861 1.6434754 1.7851572 1.1153167 1.7465861 1.5753729 0.0000000 1.2852587 1.2103475 0.8082910 1.1222472 1.5174276 1.1024082 1.6465336 2.2103515 1.8489637 2.2051356 1.8342200 1.8949277 2.0982835 2.0844417 2.1538211 2.0428242 1.8244456 2.1269502 1.9136229 2.0052238 1.9924518 2.3835035 2.7883513 2.2853509 2.3320595 2.0688188 2.0139178 1.8235452 1.9928130 2.0471074 2.0510902 1.9922432 2.1796882 2.1482454 2.2666811 2.2502733 2.3251767 2.2516024 2.2478722 2.0022968 2.5544183 2.2160859 1.9058911 1.4163460 2.0185593 2.3137811 2.2783449 2.2783449 2.1992516 2.1992516 1.7081622 2.2873891 2.3074617 2.4435846 2.1292711 2.3850093 2.4815776 2.5274480 2.5941778 2.1365785 2.4450089 1.8009021 2.2489837 2.9143982 2.1337933 1.9948637 2.7829441 2.1131787 2.8092178 2.1475644 4.0071195 2.1709504 2.6206148 5.8923887 5.7840967 
Stedip_EP00041_Stephanoeca_diplocostata_P013881    1.5619023 1.4321439 1.4321439 6.1153244 2.3124203 0.9420995 1.0473040 1.3177693 1.2244039 1.3465806 1.0558249 1.3217270 1.4899896 1.3558698 1.7576069 1.2809155 1.5833659 1.3527682 1.3708101 1.2753911 1.3421052 1.2852587 0.0000000 0.1401579 0.1401579 1.8537370 2.4560145 2.4560145 1.3961329 1.3024536 1.5826268 1.3254693 1.4450167 1.7190135 2.2977580 2.9173209 2.2357803 2.4688624 2.2942303 2.2942303 2.2942303 2.2945627 1.6347839 1.6546043 1.9718597 2.0180654 2.1872429 1.7329935 1.9340333 1.6078792 1.4025175 1.6328011 1.8110106 2.0387816 1.9689121 1.8626392 2.0853978 2.0853978 1.8025117 2.3831635 2.3831635 1.8673524 1.3277299 1.0803249 1.7381813 1.4086188 3.2814655 1.3924145 1.3924145 1.3924145 1.0281609 1.0281609 1.0281609 1.1190088 1.0274406 1.2323600 0.9397515 1.0380279 1.0100906 1.3524428 1.2159641 0.9235809 1.8019179 1.6190038 1.3154694 1.6021936 1.5512209 1.5688334 1.8082451 2.1526905 8.9999986 2.1469467 2.2057360 4.9436197 1.3969464 7.2770230 1.7480727 
Stedip_EP00041_Stephanoeca_diplocostata_P013882    2.2516513 2.2447472 2.1526027 3.2498099 2.1144422 2.0694199 1.9471427 2.1177541 1.7895150 1.2019462 1.2163063 1.1543350 1.9261758 1.7475010 1.6891754 2.1036363 1.6287195 2.0005385 1.2378854 2.0062274 1.8591373 1.2103475 0.1401579 0.0000000 0.0241549 0.3897282 0.7277394 0.3684976 1.8095944 2.2510257 1.9924955 2.2798995 2.0607499 2.2015844 2.3719741 2.4286695 2.3658123 2.4182149 1.9185886 2.3356134 2.1333133 2.3281233 2.0830282 2.2425138 2.6559395 2.3896562 2.5154611 2.0575409 2.1112607 1.8757861 1.8515864 2.2082311 1.9718708 2.0334008 2.0845145 2.0964087 2.2261672 2.2211514 2.1607263 2.1668873 2.1830562 2.0286135 2.2918411 1.8543974 2.0472411 1.5922773 2.1516178 2.4770864 2.4008220 2.4008220 2.2244058 2.2244058 1.5481387 2.3146134 2.3694490 2.5003434 2.1777008 2.5363407 2.5595610 2.8042416 2.7558536 2.2634965 2.5112267 1.8127382 2.4277752 3.2183317 2.5099482 2.5883570 3.8153209 2.0190633 3.1107671 2.3192841 3.8827348 2.1650312 2.7940561 5.9747333 6.2322632 
Stedip_EP00041_Stephanoeca_diplocostata_P013884    1.5895468 1.4622530 1.4622530 3.6208584 1.2930191 1.3663153 1.2933706 1.4641645 1.4144565 0.8273253 0.8185153 1.1543350 1.1557111 1.0069297 1.1378752 1.3927736 1.0757811 1.0844967 1.0520773 1.2034022 1.2610718 0.8082910 0.1401579 0.0241549 0.0000000 0.0364030 0.3684976 0.3005662 1.2515221 1.3755129 1.3686554 1.3963339 1.3939495 1.5399948 1.7122405 1.3744608 1.6599441 1.8380476 1.6431667 1.6134891 1.6446351 1.6475422 1.2570960 1.4748680 1.5879567 1.6992138 1.9743933 1.4624043 1.5432917 1.3502557 1.0839103 1.2873506 1.3733897 1.4840375 1.5503610 1.5218138 1.5786761 1.5786761 1.4904906 1.6551794 1.6551794 1.3497117 1.3256539 1.1798512 1.3628049 1.0375487 1.6306717 1.4096557 1.4096557 1.4096557 1.3806201 1.3806201 1.3806201 1.2392493 1.3528103 1.4146829 1.3332018 1.2811471 1.2664680 1.7448245 1.7297735 1.2937983 1.7387390 1.6257315 1.4724012 2.1819011 1.6222204 1.7344830 2.0621095 1.6170789 8.9085219 1.9284124 2.8373060 1.6526815 1.5937253 4.2937584 3.5915104 
Stedip_EP00041_Stephanoeca_diplocostata_P013883    1.9731908 2.0302786 1.7139487 2.2106897 1.5224740 2.4205111 1.9876238 2.1573110 1.9030654 1.2126564 1.1912552 0.9766369 1.7746431 1.3694264 1.5507162 1.9932278 1.3462593 1.6493862 0.9904272 1.8305232 1.6355022 1.1222472 1.8537370 0.3897282 0.0364030 0.0000000 0.0923267 0.2416663 1.6450862 1.9359559 1.8932765 2.0888580 1.8353836 1.9338983 1.9548463 1.8326722 1.9347371 1.9464550 1.8162603 1.9191339 1.6233328 1.9357283 1.7725106 2.1019958 2.2100112 2.1526238 2.4070958 2.1989931 1.8320219 1.8146986 1.4336577 1.7394840 1.6085914 1.7693552 1.7993984 1.8198664 1.7960424 1.7960424 1.9007850 1.8225357 1.8225357 1.8072899 1.9494444 1.7385178 1.8281527 1.4671756 1.7551604 1.9915025 1.9915025 1.9915025 2.2453814 2.2453814 2.1237103 2.0151089 2.2153464 2.1313142 2.3333655 2.1236401 2.0871261 2.5026406 2.6370524 1.9803825 2.2673166 2.0623754 2.0876739 2.7642979 2.3548290 2.7338176 3.1102233 1.8031504 4.4667440 2.1957039 6.6420856 1.5415216 2.5445065 4.6469405 5.9144024 
Stedip_EP00041_Stephanoeca_diplocostata_P013887    2.4118527 2.4525892 2.1960333 2.2064425 1.5224740 2.8808266 2.5608387 2.6949926 2.4460616 1.5941214 1.5342078 1.6332595 2.3986064 1.7758638 2.1738830 2.4549994 1.8725500 2.2086822 1.9620800 2.3632145 2.1796083 1.5174276 2.4560145 0.7277394 0.3684976 0.0923267 0.0000000 0.0327722 2.0643910 2.4725035 2.2079469 2.5475946 2.3519087 2.6548161 2.4059891 2.0573805 2.3448335 2.4197785 2.3701167 2.4538438 2.2372325 2.4510999 2.3869910 2.5667589 2.6818544 2.6521291 2.9672325 2.7610846 2.4168387 2.3750168 1.7774341 2.2047299 1.9710037 2.1690354 2.2296555 2.2569426 2.1597749 2.1597749 2.2702395 2.2298178 2.2298178 2.3185545 2.4286445 2.2255295 2.2554409 1.9469765 2.2092304 2.4888478 2.4888478 2.4888478 2.6514703 2.6514703 2.6095277 2.5524373 2.7430443 2.5140194 2.9161366 2.4672809 2.4663952 2.8181626 2.8755167 2.3156273 2.6492294 2.7691865 2.4038564 2.7599322 2.6764636 3.1298022 3.1102233 2.2711481 4.7952696 2.4954497 8.9999984 1.9419121 3.0182939 5.2633873 6.2500141 
Stedip_EP00041_Stephanoeca_diplocostata_P013886    2.1846499 2.0085252 2.0085252 2.4283331 1.2930191 2.2108470 2.2074595 2.1683248 2.1567567 1.1263361 1.1686125 1.6332595 1.7128347 1.4087388 1.5996109 2.0868439 1.5488120 1.6101021 1.8212149 1.8355621 1.9338227 1.1024082 2.4560145 0.3684976 0.3005662 0.2416663 0.0327722 0.0000000 1.7636543 2.0566978 1.6668136 1.9855133 1.9702358 2.3497644 2.1337236 1.6667931 1.9876462 2.2616548 2.2057630 2.1458473 2.2088546 2.1151674 1.7954527 1.9601359 2.0093709 2.1692734 2.6376712 1.8992165 2.1814262 1.9674004 1.4043143 1.6745584 1.6603528 1.6867938 1.9584476 1.9469022 1.8392414 1.8392414 1.7988618 1.9030520 1.9030520 1.7656699 1.9677608 1.8373630 1.7683326 1.4445708 1.7010700 2.1327142 2.1327142 2.1327142 2.0688592 2.0688592 2.0688592 1.9662243 2.2384620 1.9987228 2.2785552 1.9320783 1.9764529 2.3243520 2.2808985 1.8798413 2.1238119 2.6549996 1.9334103 2.1633994 2.0522671 2.4777351 2.0621095 1.8963581 8.4910785 2.2446476 9.0000000 1.4210836 2.3074840 4.1314281 3.4804230 
Salkve_EP00050_Salpingoeca_kvevrii_P008535         1.7365613 1.8569236 1.9788079 2.6865564 1.6603607 2.1071044 2.0320479 2.1516090 1.5263028 1.5810502 1.6085883 1.1414320 1.6645109 1.3332915 1.5824567 1.7695715 1.6925378 1.6807891 1.2399368 1.6616451 1.2109132 1.6465336 1.3961329 1.8095944 1.2515221 1.6450862 2.0643910 1.7636543 0.0000000 1.7211632 1.4741745 1.7660911 1.7070071 1.6685456 1.6977553 1.7782696 1.6666993 1.6645646 1.7040969 1.6782574 1.8115425 1.6574940 1.5387139 2.0531951 2.3101622 1.7647455 1.6454071 1.7734977 1.4660678 1.8289738 1.7625776 2.1245299 2.0400314 1.9160320 1.7099211 1.6820459 1.7568946 1.7645675 1.8195079 1.8964269 1.8652356 1.9246712 2.0883769 1.8634612 1.8470696 1.7084621 1.6839955 2.0819678 2.1510179 2.1510179 2.0278808 2.0278808 1.7818333 2.1673672 2.4537783 2.4004240 2.0367738 2.2811100 2.2831867 2.8133281 2.9326900 2.5150318 2.1251054 2.0917831 2.0953250 2.3597705 2.1052557 2.2552684 2.8497880 2.0655866 2.6084282 1.8249248 2.5987960 1.7913159 2.7189690 5.3340121 6.2741467 
Hsap_ENST00000372876                               1.8465831 1.9138805 1.8392083 2.6020367 2.0024310 1.8236473 2.0290398 1.9526337 1.4554385 2.2136128 2.0951392 0.9478612 2.3433872 1.8977967 2.3994799 2.3573529 2.0948795 2.3904621 1.5371267 1.7145250 1.7048375 2.2103515 1.3024536 2.2510257 1.3755129 1.9359559 2.4725035 2.0566978 1.7211632 0.0000000 1.6848638 1.9906780 1.6760611 1.5845819 1.8258863 1.7590915 1.8240269 1.7038538 1.9703647 1.8879499 2.0292819 1.7992030 1.6944289 1.9551375 2.1281123 1.8746043 1.8976492 1.6719366 1.4605432 2.0628640 2.1754885 2.3328789 2.0492768 1.9471056 1.6961361 1.6788189 1.7844300 1.7964755 1.8257233 1.7626931 1.7403532 1.8968260 2.1974541 2.2139056 2.2590777 2.2068984 2.2736131 2.3095883 2.2879282 2.2879282 2.1341171 2.1341171 1.5113292 2.4075977 2.6038587 2.5126856 2.2798185 2.4234900 2.7028518 3.1610499 2.9544769 2.7673539 2.0398067 1.8193527 1.8874550 2.1946603 1.9575936 1.9914919 2.3778812 2.3142222 4.0224294 2.5454164 2.5878085 2.4034188 2.5732903 5.5723233 7.4676549 
Skow_XM_002735163.2                                1.7272172 1.6559782 1.7031455 2.3144771 1.6297163 1.8069044 1.6245640 1.7566576 1.3295462 1.6677839 1.6899365 1.0635525 2.0331831 1.6188228 2.1963041 2.2621598 2.0527050 2.2137878 1.7271803 1.6253641 1.5536681 1.8489637 1.5826268 1.9924955 1.3686554 1.8932765 2.2079469 1.6668136 1.4741745 1.6848638 0.0000000 1.4398803 1.3509677 1.2267054 1.6434840 1.5197250 1.6900626 1.6224852 1.5509719 1.6038464 1.8459043 1.6244911 1.3760124 1.7569978 2.1884226 1.7943503 1.6965458 1.5109465 1.2647001 1.7712950 1.8867399 1.9568140 1.7961757 1.9814242 1.5486129 1.5191722 1.5835264 1.5942064 1.6618255 1.7209968 1.7390403 1.9649284 2.0789574 2.0530597 1.8071600 2.1684123 2.0758645 2.6964411 2.6309453 2.6309453 2.5334432 2.5334432 1.9573022 2.5888619 2.8501396 2.6869926 2.3647817 2.6822228 2.5911960 2.7239074 2.6501581 2.4697432 1.9017808 1.9332768 1.9380977 2.2301312 2.0266559 2.2878740 2.4733335 2.0680283 3.2994201 2.4764634 3.4786020 2.2764915 2.3655744 5.4343438 5.7420629 
Ctel_gnl_WGS_AMQN_CAPTEDRAFT_mRNA191128            1.8260390 1.6177827 1.3901186 2.5518456 1.6146768 2.0691172 1.9504688 1.9306660 1.4776841 1.8909321 1.9181425 1.2632765 1.9075095 2.0383485 1.9120704 2.2715443 2.1161409 2.1427698 1.5306610 1.7314123 1.8502684 2.2051356 1.3254693 2.2798995 1.3963339 2.0888580 2.5475946 1.9855133 1.7660911 1.9906780 1.4398803 0.0000000 1.6559675 1.4236809 1.7815785 1.8753102 1.8687265 1.8655035 1.5766239 1.7775967 1.6378717 1.9990718 1.4335382 1.9885584 2.2089352 1.9185695 1.7693973 1.8113594 1.4377878 1.7460585 1.9196112 2.0206354 1.7423478 2.1687231 1.8038839 1.7813561 1.8498187 1.8579535 1.9278383 1.8442618 1.7862082 1.7067130 2.1165402 2.0897289 1.8442183 2.2546903 2.2847372 2.8099858 2.7920325 2.7920325 2.2566304 2.2566304 1.8845124 2.4140791 2.7966511 2.7934530 2.5853936 2.7736188 2.7122230 2.9530170 2.9075904 2.5030539 2.0870916 1.8674961 2.1025233 2.5844799 2.0874722 2.0587070 2.5455761 2.1999848 4.3007765 2.5387992 4.2663839 2.6052097 2.6100622 6.5806528 5.7766872 
Cscu_XM_023360387.1                                1.6813501 1.6506508 1.4590919 2.4429578 1.6845642 2.0561986 1.7586106 1.7459784 1.4296507 2.1201861 2.0570325 1.0554268 1.9362743 1.8115828 2.0872690 2.2723515 1.9124854 1.9780926 1.3956943 1.6698635 1.6680705 1.8342200 1.4450167 2.0607499 1.3939495 1.8353836 2.3519087 1.9702358 1.7070071 1.6760611 1.3509677 1.6559675 0.0000000 1.5824374 1.5473559 1.4954891 1.5166337 1.4985364 1.5125122 1.5524972 1.6816648 1.5642124 1.6107397 1.9546236 2.2508325 1.9124900 1.8297069 1.5839534 1.5692717 1.6283796 2.0055667 1.8748398 1.8039475 1.9129701 1.5107152 1.4556499 1.5343472 1.5452381 1.5858416 1.5503770 1.5754123 1.6940296 2.0456435 2.2230479 1.9416081 2.2542327 2.1470205 2.5185205 2.4800137 2.4800137 2.2931931 2.2931931 1.7814692 2.4262734 2.4990914 2.5084201 2.4150754 2.5969398 2.6907665 2.5131212 2.5355094 2.5184158 2.0166840 1.7208098 1.7710498 2.0412385 1.9578752 2.1064016 2.3714718 2.1084876 3.2038826 2.1999457 3.3930488 2.3835969 2.4353081 5.9302192 6.4410896 
Spur_XM_003726435.3                                1.6700052 1.6602012 1.6034747 2.3854609 1.4453212 2.0619697 1.9155841 1.8218186 1.5289992 1.9310024 1.9783504 1.2622870 1.7937489 1.7230194 1.8109375 2.2204822 2.0497940 1.9592365 1.3843880 1.5109117 1.7700785 1.8949277 1.7190135 2.2015844 1.5399948 1.9338983 2.6548161 2.3497644 1.6685456 1.5845819 1.2267054 1.4236809 1.5824374 0.0000000 1.6353817 1.5972478 1.6099410 1.5622753 1.3723893 1.5569622 1.4971675 1.5174270 1.4211317 1.8100054 2.1935263 1.6588245 1.8262619 1.5805594 1.3419680 1.8258963 2.0215954 1.9672330 1.6930137 1.8758849 1.6571821 1.6456123 1.6896848 1.7012806 1.6937284 1.7295555 1.7350406 1.6131322 1.9435660 1.9567705 1.9476477 2.0641066 2.4068826 2.4290253 2.4189704 2.4189704 2.2687394 2.2687394 1.6788773 2.4560973 2.5261692 2.6559689 2.1268113 2.2230636 2.3214036 2.6746526 2.5886930 2.4866143 2.0188769 2.1846656 2.0966919 2.4485045 2.2482947 2.3569983 2.3612897 2.1024036 3.1849835 2.5312607 3.5327826 2.3278981 2.5088769 5.3481927 4.5231725 
Spis_XP_022789918_1                                1.8516471 1.6968411 1.6942137 2.7121878 1.5944513 2.0642704 1.8614958 2.1758916 1.6599611 2.0926541 2.1334902 1.6453577 2.0652765 1.8812146 1.9235265 2.4085405 2.0676816 2.2166689 1.6000225 1.9225010 1.7989343 2.0982835 2.2977580 2.3719741 1.7122405 1.9548463 2.4059891 2.1337236 1.6977553 1.8258863 1.6434840 1.7815785 1.5473559 1.6353817 0.0000000 0.1370773 0.3429714 0.3212331 0.6001460 0.5782157 0.6406285 0.4695511 1.5416734 1.6867114 2.0687578 1.3738359 1.1773374 1.5866264 1.7862390 1.5601949 1.9672396 2.0621506 1.7996448 1.6614311 1.8083661 1.7629762 1.7271481 1.7389533 1.8659638 1.9630981 1.9510904 1.7509478 1.8669274 1.9538683 1.9655344 2.2404851 2.2043756 2.5491373 2.5482796 2.5482796 2.5161432 2.5161432 2.1773277 2.3545008 2.5963398 2.7945661 2.6503740 2.5777955 2.5806377 2.7844494 2.7380994 2.3187078 2.0332855 1.9485886 2.1072105 2.4916874 2.0946496 2.1822569 2.8324795 2.1563671 2.7948730 2.3192449 3.6575400 2.4759973 2.4773368 5.4135219 6.0692465 
Pocdam_XM_027199935.1                              1.8616086 1.6050073 1.4055451 2.0891899 1.4774465 1.9378174 1.8469018 2.0405540 1.4520675 2.1238247 2.2288666 0.9941080 2.1433996 1.8715595 2.0442477 2.4902968 2.0097194 2.3660742 1.5102737 1.9155151 1.9502530 2.0844417 2.9173209 2.4286695 1.3744608 1.8326722 2.0573805 1.6667931 1.7782696 1.7590915 1.5197250 1.8753102 1.4954891 1.5972478 0.1370773 0.0000000 0.3341534 0.2950105 0.5098025 0.5361759 0.5273809 0.4680102 1.6547807 1.6870157 2.2121431 1.3210043 1.2163955 1.5723738 1.7017364 1.5540956 1.9482315 2.1317251 1.7455397 1.6454870 1.7935727 1.7515275 1.7625376 1.7769868 1.9205029 1.9620718 1.9476873 1.8828854 1.8718508 2.1176946 2.0008249 2.1302466 1.8776334 2.6038625 2.6028761 2.6028761 2.5707070 2.5707070 2.0751605 2.5133473 2.5364974 2.9960224 2.8509714 2.6986565 2.7905573 2.5276959 2.4931864 2.2940004 2.1066873 2.0013356 2.1068680 2.3054475 2.2482282 2.4575086 2.7530138 2.0736215 2.8834340 2.1734927 6.7277047 2.0130714 2.6781171 5.6633760 6.4314337 
Gasp_gasp1.m3.30360.m1                             1.8263439 1.7227002 1.6866181 2.6435858 1.4795029 1.9716338 1.8763247 1.8568030 1.4400093 1.8209784 1.9227672 1.3808978 1.7664587 1.7558522 1.7833999 2.3551910 1.9279678 2.2044497 1.5258150 1.7783779 1.7931093 2.1538211 2.2357803 2.3658123 1.6599441 1.9347371 2.3448335 1.9876462 1.6666993 1.8240269 1.6900626 1.8687265 1.5166337 1.6099410 0.3429714 0.3341534 0.0000000 0.2097128 0.4630489 0.5035651 0.5113581 0.4025542 1.6081869 1.6278096 2.0272619 1.2573649 1.1510585 1.4481627 1.8303188 1.5363544 1.8180205 1.8249846 1.8167315 1.6849255 1.6892893 1.6943571 1.7492255 1.7611449 1.8011243 1.8627202 1.8502190 1.7055437 1.8611185 1.8972451 1.8868482 2.1784124 2.2126641 2.5503740 2.5495081 2.5495081 2.4163860 2.4163860 1.9711479 2.4026752 2.4467504 2.6137791 2.3793177 2.3697505 2.4020640 2.4335954 2.3900191 2.1796342 1.9917616 1.9310522 2.0931625 2.4566641 2.0875317 2.2918037 2.9485873 2.2541957 2.9435258 2.2963080 4.0027170 2.4586636 2.5446909 5.7511622 5.8779736 
Fspp_ffun1.m4.13285.m1                             1.8982822 1.6801518 1.6232448 2.5982258 1.4052704 1.9494096 2.0078046 1.9296270 1.2961396 1.8625716 1.8853111 1.5417255 1.7136929 1.6672686 1.7642582 2.2983008 1.8361344 2.2251454 1.5952432 1.8643903 1.7247061 2.0428242 2.4688624 2.4182149 1.8380476 1.9464550 2.4197785 2.2616548 1.6645646 1.7038538 1.6224852 1.8655035 1.4985364 1.5622753 0.3212331 0.2950105 0.2097128 0.0000000 0.4136581 0.4140990 0.4186782 0.3509836 1.5286466 1.7007560 1.9763470 1.1469750 1.1178433 1.4871978 1.7050533 1.4910735 1.9729257 1.9540924 1.8825948 1.7364412 1.7351037 1.7147159 1.7019079 1.7136429 1.8732347 1.7926170 1.7797649 1.7215996 1.8559000 1.9550195 1.8352999 2.2262514 2.1538802 2.5055959 2.5047193 2.5047193 2.2975925 2.2975925 1.9568741 2.2795859 2.4473698 2.5102682 2.3335963 2.3855211 2.4317719 2.5373573 2.4956992 2.1892332 1.8274812 2.1063508 2.0708728 2.3044343 2.1094835 2.2225699 2.5476697 2.2200242 2.7236808 2.3131065 4.1284599 2.3805731 2.6275608 5.4254595 5.8853314 
Amil_Amillepora27506-RA                            1.8860826 1.6571003 1.6197481 2.9874373 1.4444506 1.8391070 1.5874596 1.6407946 1.3427089 1.6608646 1.6082446 1.2496006 1.5572870 1.5102877 1.5258319 2.2292521 1.5770042 1.6956715 1.2174426 1.6391193 1.7178330 1.8244456 2.2942303 1.9185886 1.6431667 1.8162603 2.3701167 2.2057630 1.7040969 1.9703647 1.5509719 1.5766239 1.5125122 1.3723893 0.6001460 0.5098025 0.4630489 0.4136581 0.0000000 0.0373147 0.0290275 0.3342903 1.3470275 1.6530824 1.7184801 1.3102140 1.2580083 1.4036996 1.7922829 1.5714329 1.4404063 1.6541916 1.5922630 1.6171786 1.7549016 1.7312243 1.7038803 1.7038803 1.7986466 1.6556738 1.6556738 1.6101059 1.6621472 1.7771917 1.6440026 2.0332555 1.9917318 2.2905889 2.2905889 2.2905889 2.3581964 2.3581964 2.1700963 2.3170596 2.2636234 2.3359117 2.1989868 2.1265462 2.1809788 2.3935235 2.3433465 2.0423058 1.8732450 1.8783654 1.9868684 2.4685533 1.9121305 2.2825248 2.4865938 2.1076441 3.3537238 2.1001032 3.3473834 2.1398153 2.3662673 6.0249353 5.4999210 
