67
Lcom_lcpid87159                                   0.0000000 0.3338136 0.2551335 0.2656002 1.1272309 1.6115985 1.7603495 1.7450749 1.7450749 1.8099121 1.7320442 1.7858138 1.9305474 1.8676140 1.7335332 1.7846083 1.7047952 1.4719232 1.3977893 1.4959804 1.6772564 1.6163354 1.5331633 1.5331633 1.4716041 1.4044202 1.4044202 1.4311881 1.4311881 1.3926680 1.3926680 1.8933336 1.5288088 1.5316126 1.6976062 1.7984690 1.9872375 1.7974467 1.8014826 1.6442929 1.8949176 1.8076205 1.7213403 1.7788744 1.7893625 1.8029788 1.4670649 1.6854417 1.6893168 1.6908515 1.6078936 1.7042122 1.8221833 1.8564087 1.8268168 2.1036799 1.5850089 1.8939800 1.9150735 1.9104219 1.7883184 1.8795263 1.8094059 1.9939543 1.8318053 1.9208622 3.0008496 
Gracom_Gcom_scaffold7643_01                       0.3338136 0.0000000 0.2001549 0.2199776 1.0162580 1.4001961 1.4526455 1.5725291 1.5725291 1.6442809 1.3551001 1.4378562 1.7543051 1.5155057 1.5033050 1.7514601 1.5652402 1.4127640 1.3291235 1.3696817 1.5131711 1.4701299 1.3879540 1.3879540 1.3648339 1.1639010 1.1639010 1.2132077 1.2132077 1.2256272 1.2256272 1.6404266 1.3547219 1.3795566 1.5253961 1.6256707 1.6976262 1.6103622 1.6139782 1.4908546 1.6668174 1.5621685 1.5462153 1.5490075 1.5367009 1.5775221 1.4275308 1.5109310 1.5134253 1.5007492 1.6007776 1.4787671 1.6372140 1.8202203 1.8011704 2.0539196 1.4830445 1.6965702 1.6389914 1.6625534 1.5900800 1.7274722 1.7017459 1.9029775 1.7160958 2.0290031 3.0346772 
Scil_scict004797.1                                0.2551335 0.2001549 0.0000000 0.1688350 1.1031513 1.4405651 1.6217503 1.6770294 1.6770294 1.6782881 1.5911094 1.6653320 1.8821548 1.7547384 1.5706616 1.7383986 1.6562155 1.3844473 1.2941835 1.3700054 1.5445490 1.4709647 1.4075154 1.4075154 1.3656561 1.2799702 1.2799702 1.3351825 1.3351825 1.2886166 1.2886166 1.7524652 1.4864969 1.4764986 1.6613949 1.7241949 1.8205702 1.6734725 1.7755344 1.5955504 1.7781292 1.7540831 1.6598184 1.6862380 1.6940639 1.7674015 1.4406936 1.5753302 1.5448752 1.5330843 1.6122802 1.5950460 1.8225446 1.9097152 1.7840219 1.9221134 1.5329626 1.8102595 1.7870034 1.8389023 1.7068448 1.8241832 1.7813803 2.0346467 1.8871934 1.9251850 2.7909066 
Leuniv_Lniv_C793900_01                            0.2656002 0.2199776 0.1688350 0.0000000 0.9746011 1.5411798 1.7202211 1.7708228 1.7708228 1.7937107 1.6794558 1.7743732 1.9947613 1.7831410 1.6712508 1.8188654 1.7154077 1.5107702 1.4110847 1.5598988 1.7498392 1.6567219 1.5790311 1.5790311 1.5431779 1.3292204 1.3292204 1.3723154 1.3723154 1.3842831 1.3842831 1.8142469 1.5421294 1.5734683 1.6593914 1.8380296 1.9388526 1.7514115 1.8869913 1.7140642 1.7579999 1.7146230 1.6978386 1.7113816 1.8195047 1.7507051 1.5095098 1.5601214 1.5538405 1.5829715 1.5641679 1.6073685 1.8771399 2.0803784 1.9216374 2.0231358 1.6132050 1.9262793 1.9115419 1.9290897 1.7515959 1.8600289 1.8476668 2.0418200 1.8405749 2.0513150 3.0469366 
Clacor_Ccor_scaffold235_01                        1.1272309 1.0162580 1.1031513 0.9746011 0.0000000 1.6249039 1.9177877 1.9042029 1.9042029 1.6852989 1.5982067 1.7459273 2.1048608 1.7733623 1.9255479 1.6656692 1.8706602 1.4672230 1.4274682 1.6182996 1.6276988 1.4892734 1.5546051 1.5546051 1.6261473 1.9200014 1.9200014 1.9420724 1.9420724 1.7487035 1.7487035 2.2142491 1.4970707 1.5969646 1.8908322 1.9480645 1.8399814 1.7826545 1.8815513 1.7108214 1.8201613 1.7451515 1.7231616 1.8295843 1.7622214 1.8225332 1.6894497 1.8753628 1.9442282 1.9255248 1.7694343 1.6908338 2.2275364 2.0833095 2.0782043 2.2502566 1.7877722 2.0349482 1.9639087 1.9845009 1.7841658 1.9599551 1.9941721 2.5952849 2.1354250 2.4802607 3.6888447 
Bralan_BLAG15000402_1                             1.6115985 1.4001961 1.4405651 1.5411798 1.6249039 0.0000000 0.5066774 0.4200500 0.4200500 0.4015674 0.4525614 0.4335595 0.7783716 0.5835808 0.4578303 0.5476389 0.4884159 0.7470488 0.7511118 0.8739670 0.9393896 0.5968406 0.7221550 0.7221550 0.8070635 0.6003726 0.5894007 0.5924501 0.5924501 0.6429084 0.6429084 0.8421141 0.8512119 0.8457287 0.8091637 0.8660860 0.7134926 0.7321681 0.7470821 0.7348377 0.8284122 0.7899768 0.7539411 0.7724795 0.6714751 0.8009860 0.7767480 0.8835211 0.9319032 0.8495249 0.9973732 0.8906221 0.9680701 0.8643485 1.1595135 1.5421040 1.3651414 1.3541215 1.4136261 1.2947139 1.2554106 1.2731432 1.2146407 1.1657197 1.3313729 1.3692382 2.8062135 
Acagra_model.g4662.t1                             1.7603495 1.4526455 1.6217503 1.7202211 1.9177877 0.5066774 0.0000000 0.3886183 0.3886183 0.5897491 0.4686547 0.5049411 0.8193870 0.6535200 0.6465586 0.6279393 0.6999180 0.9375729 0.8987097 0.9106554 0.8381503 0.6280241 0.8511792 0.8511792 0.8433911 0.6849282 0.6731447 0.6837451 0.6837451 0.6822330 0.6822330 1.0111850 0.9447465 0.9204124 0.9837532 0.9599153 0.9193162 0.8697749 0.8935491 0.8693045 0.9486447 0.9805291 0.9763384 0.9349941 0.7806711 1.0269645 1.0014227 1.0434857 1.1239368 1.1352643 1.2813091 1.0327007 1.1414130 1.0523907 1.4170639 1.6743762 1.4819970 1.3939872 1.4587493 1.3453329 1.3930577 1.3837246 1.2315024 1.2557612 1.5050554 1.4019201 3.0194546 
Cgig_XM_034455803.1                               1.7450749 1.5725291 1.6770294 1.7708228 1.9042029 0.4200500 0.3886183 0.0000000 0.0000010 0.5241766 0.4642067 0.4610022 0.8213087 0.6473030 0.5849058 0.4999652 0.6105187 0.8786100 0.8343045 0.9438608 1.0007300 0.7063260 0.8319238 0.8319238 0.8587187 0.7526677 0.7393791 0.7271787 0.7271787 0.7576935 0.7576935 1.1412964 1.0235674 1.0049206 0.9119350 0.9114300 0.8024806 0.7650638 0.8629522 0.9280702 1.0526110 1.0514943 0.8945354 0.9246690 0.7344390 1.0534864 1.0142854 0.9874861 1.0792240 0.9608602 1.1055285 0.8824126 1.0725633 1.0132774 1.4546112 1.6090196 1.3674332 1.2991696 1.3729898 1.3423460 1.3201939 1.2772058 1.1947947 1.2390473 1.4392549 1.4566609 2.9449378 
Cgig_XM_034455792.1                               1.7450749 1.5725291 1.6770294 1.7708228 1.9042029 0.4200500 0.3886183 0.0000010 0.0000000 0.5241766 0.4642067 0.4610022 0.8213087 0.6473030 0.5849058 0.4999652 0.6105187 0.8786100 0.8343045 0.9438608 1.0007300 0.7063260 0.8319238 0.8319238 0.8587187 0.7526677 0.7393791 0.7271787 0.7271787 0.7576935 0.7576935 1.1412964 1.0235674 1.0049206 0.9119350 0.9114300 0.8024806 0.7650638 0.8629522 0.9280702 1.0526110 1.0514943 0.8945354 0.9246690 0.7344390 1.0534864 1.0142854 0.9874861 1.0792240 0.9608602 1.1055285 0.8824126 1.0725633 1.0132774 1.4546112 1.6090196 1.3674332 1.2991696 1.3729898 1.3423460 1.3201939 1.2772058 1.1947947 1.2390473 1.4392549 1.4566609 2.9449378 
Hsap_ENST00000296509                              1.8099121 1.6442809 1.6782881 1.7937107 1.6852989 0.4015674 0.5897491 0.5241766 0.5241766 0.0000000 0.5527233 0.5436033 0.8642132 0.6410919 0.7343144 0.5618225 0.6342549 0.8680715 0.9231311 0.9830008 0.9742923 0.7478036 0.8380864 0.8380864 0.9161942 0.7463087 0.7335645 0.7516024 0.7516024 0.7611579 0.7611579 0.9411627 1.1175974 1.1162670 1.1051599 1.0436706 0.9120402 0.8608336 0.9501240 0.9376511 0.9447077 0.9599522 0.9448289 0.9521888 0.9283199 1.1285275 0.9904241 0.9684182 1.0119646 1.0202162 1.2197339 0.9728401 1.2063936 1.1634148 1.2861375 1.5644367 1.3343444 1.3059852 1.3472920 1.3661172 1.3167395 1.2537676 1.2137113 1.3473340 1.3667198 1.5098903 2.9054137 
Dgig_XM_028537296.1                               1.7320442 1.3551001 1.5911094 1.6794558 1.5982067 0.4525614 0.4686547 0.4642067 0.4642067 0.5527233 0.0000000 0.1552382 0.6940781 0.4971949 0.5757801 0.7123993 0.7245177 0.6946983 0.6927393 0.7061583 0.7994544 0.5947826 0.6351135 0.6351135 0.6872722 0.6249331 0.6136434 0.6297416 0.6297416 0.6588320 0.6588320 0.8788729 0.6749064 0.6653120 0.7387675 0.7555611 0.8139771 0.6449172 0.7826290 0.8971557 0.8766003 0.8497014 0.7204409 0.7491064 0.6608892 0.8195056 0.9389645 0.9396084 0.9936390 0.9847498 1.0647787 0.8770429 0.9687967 0.8048122 1.2628107 1.2563992 1.3250748 1.3842508 1.4779852 1.3230002 1.2708499 1.2711653 1.2082052 1.1123259 1.2282525 1.3679837 2.6996533 
Xesp_022153-T1                                    1.7858138 1.4378562 1.6653320 1.7743732 1.7459273 0.4335595 0.5049411 0.4610022 0.4610022 0.5436033 0.1552382 0.0000000 0.8007544 0.5093371 0.6105251 0.7652626 0.7619493 0.7381115 0.7331418 0.8075485 0.9070993 0.6678881 0.7115547 0.7115547 0.7819183 0.6469952 0.6353985 0.6500544 0.6500544 0.6910163 0.6910163 0.9008724 0.7801682 0.7264401 0.7601673 0.8085336 0.8023651 0.6487519 0.7940446 0.8722862 0.8677093 0.8405414 0.8046156 0.8020999 0.6624542 0.8269199 0.9352578 0.9183554 0.9941240 0.9530439 1.0744563 0.8658056 1.0132958 0.8541769 1.3848240 1.3083720 1.3179891 1.3245912 1.4045784 1.3072358 1.1410569 1.1521582 1.1234967 1.1449793 1.2345070 1.2487664 2.7172930 
Exapal_XM_028663860.1                             1.9305474 1.7543051 1.8821548 1.9947613 2.1048608 0.7783716 0.8193870 0.8213087 0.8213087 0.8642132 0.6940781 0.8007544 0.0000000 0.4106241 0.9318466 0.8192389 0.9310187 0.7479929 0.7500766 0.8000305 0.7945314 0.4137952 0.6521369 0.6521369 0.7134176 0.9615219 0.9631884 0.9705337 0.9705337 0.9562556 0.9562556 1.1894709 1.0113990 0.9995911 1.1153334 1.1303314 1.2059419 1.2899475 1.0948081 1.1113088 1.1444844 1.1383457 1.0154930 1.0218923 1.0977649 1.2388274 1.0981629 1.1560084 1.2106852 1.1531712 1.5499865 1.2593813 1.4348466 1.2055119 1.2526499 2.1548740 1.7045894 1.5822479 1.5195734 1.5037611 1.5801088 1.5146980 1.4742981 1.3285323 1.5684199 1.6085918 3.4750048 
Nvec_v1g235892                                    1.8676140 1.5155057 1.7547384 1.7831410 1.7733623 0.5835808 0.6535200 0.6473030 0.6473030 0.6410919 0.4971949 0.5093371 0.4106241 0.0000000 0.7523061 0.7175326 0.6895842 0.6591813 0.6665681 0.7209560 0.8064196 0.5495287 0.6048072 0.6048072 0.6760414 0.7915765 0.7784798 0.7970721 0.7970721 0.8526500 0.8526500 1.0587884 0.9851967 0.8731596 0.9918040 0.9716062 1.0226875 1.0362197 0.9927457 1.0593364 0.9951359 0.9730163 0.9777301 0.9893941 0.9086304 1.0867162 1.0496105 1.0440924 1.0930486 1.1450907 1.3814601 1.1290547 1.2409306 0.9744021 1.1738559 1.7038320 1.4090377 1.4579439 1.5315122 1.4351060 1.3546310 1.4083507 1.3687005 1.1625437 1.3834811 1.3621550 2.8891306 
Skow_XM_002735380.2                               1.7335332 1.5033050 1.5706616 1.6712508 1.9255479 0.4578303 0.6465586 0.5849058 0.5849058 0.7343144 0.5757801 0.6105251 0.9318466 0.7523061 0.0000000 0.7625129 0.6332052 0.8646409 0.8877461 0.9679550 1.1060570 0.8188130 0.8428993 0.8428993 0.8424941 0.8330903 0.8194737 0.8389269 0.8389269 0.7913124 0.7913124 1.1513299 0.9205041 0.9053319 0.9408545 0.9581183 0.9208207 0.8880066 0.9208498 0.8708098 1.0318152 0.9826991 0.9099920 0.8909257 0.8053456 0.9916370 0.9115040 0.9615584 1.0489380 1.0241975 1.0626241 1.0361071 1.3076057 1.0645122 1.3660246 1.3531037 1.3678795 1.3454960 1.4586735 1.3127725 1.2219994 1.2265392 1.2663254 1.4759009 1.2120375 1.6010311 3.2144998 
Ctel_gnl_WGS_AMQN_CAPTEDRAFT_mRNA166738           1.7846083 1.7514601 1.7383986 1.8188654 1.6656692 0.5476389 0.6279393 0.4999652 0.4999652 0.5618225 0.7123993 0.7652626 0.8192389 0.7175326 0.7625129 0.0000000 0.7190148 0.9311175 0.9028084 1.0104202 0.9656579 0.8135967 0.8969005 0.8969005 0.9003821 0.8592068 0.8454113 0.8609154 0.8609154 0.8471928 0.8471928 1.2160674 1.1553776 1.1008226 1.1769629 1.0589754 1.0055009 0.9511451 0.8881645 0.9406956 0.9622464 0.9782910 0.9098302 0.9258707 0.8509556 1.0618744 1.0093253 0.9242027 0.9955485 1.0180742 1.1639814 1.0821332 1.0642875 1.1507392 1.4609231 1.7916087 1.3394591 1.4254180 1.5337165 1.4251150 1.3862747 1.2831443 1.2945057 1.3328453 1.5247339 1.5292696 2.7742491 
Spur_XM_030979398.1                               1.7047952 1.5652402 1.6562155 1.7154077 1.8706602 0.4884159 0.6999180 0.6105187 0.6105187 0.6342549 0.7245177 0.7619493 0.9310187 0.6895842 0.6332052 0.7190148 0.0000000 1.0071995 0.9757211 1.0646518 1.0159341 0.8694393 0.9481319 0.9481319 0.9728694 0.8355823 0.8217528 0.8414368 0.8414368 0.9002573 0.9002573 1.2535612 1.1628734 1.1868796 1.0998923 1.1520838 1.0030569 0.9531683 1.0515692 1.0672742 1.0263899 0.9977870 1.0112801 0.9921986 0.9154199 1.1284486 1.0685312 1.1173286 1.1282866 1.1871123 1.1837369 1.0827903 1.2351703 1.1751398 1.5086194 1.8181901 1.3556100 1.3404999 1.4137466 1.2668730 1.3038452 1.2661166 1.1434035 1.5320595 1.6431539 1.6251326 3.2005076 
Spis_XP_022782454_1                               1.4719232 1.4127640 1.3844473 1.5107702 1.4672230 0.7470488 0.9375729 0.8786100 0.8786100 0.8680715 0.6946983 0.7381115 0.7479929 0.6591813 0.8646409 0.9311175 1.0071995 0.0000000 0.1102769 0.2165403 0.2869717 0.2720269 0.2587264 0.2587264 0.2823331 0.9872401 0.9720162 0.9791352 0.9791352 1.0134411 1.0134411 1.2909294 1.0783104 1.0000479 1.1134107 1.1258188 1.2538220 1.0412935 1.1097657 1.0190241 1.1221798 1.0566595 1.0714218 1.0505292 0.9870307 1.1591717 1.2100568 1.2105714 1.2349596 1.1863195 1.1966032 1.0702811 1.3551403 1.1556486 1.2484938 1.9862474 1.5551844 1.5669842 1.6491451 1.6231611 1.5303945 1.4902028 1.5127280 1.4115182 1.5747202 1.3992799 2.7192502 
Pocdam_XM_027190326.1                             1.3977893 1.3291235 1.2941835 1.4110847 1.4274682 0.7511118 0.8987097 0.8343045 0.8343045 0.9231311 0.6927393 0.7331418 0.7500766 0.6665681 0.8877461 0.9028084 0.9757211 0.1102769 0.0000000 0.1878626 0.2630087 0.3037220 0.2699969 0.2699969 0.2702961 0.9336015 0.9189475 0.9243608 0.9243608 0.9555482 0.9555482 1.2373619 1.0307931 0.9753655 1.0676775 1.1060037 1.1921038 0.9943271 1.0698636 0.9759020 1.0722209 1.0215405 1.0557341 1.0415630 0.9592100 1.1918316 1.1905663 1.1265171 1.1480152 1.1121546 1.1239051 1.0197052 1.3660211 1.1481387 1.1839295 1.7962272 1.4179014 1.5685628 1.6512915 1.6067225 1.5348939 1.4654186 1.5402386 1.3060267 1.5847843 1.4333587 2.9453965 
Gasp_gasp1.m3.16910.m1                            1.4959804 1.3696817 1.3700054 1.5598988 1.6182996 0.8739670 0.9106554 0.9438608 0.9438608 0.9830008 0.7061583 0.8075485 0.8000305 0.7209560 0.9679550 1.0104202 1.0646518 0.2165403 0.1878626 0.0000000 0.1189078 0.2218866 0.2444208 0.2444208 0.2147518 1.0227549 1.0071005 1.0127280 1.0127280 1.0311919 1.0311919 1.3396201 1.0980701 1.1128993 1.1793167 1.1250227 1.2177277 1.0857646 1.2061487 1.1444178 1.1408912 1.0941836 1.1949207 1.1585976 0.9973309 1.2596784 1.2400959 1.2549811 1.2266605 1.2637766 1.2234172 1.1232833 1.5024089 1.1538489 1.2646514 1.7112894 1.4609570 1.6588141 1.7674023 1.6310488 1.5511281 1.5313598 1.5533556 1.3451034 1.7759005 1.4301355 2.9836981 
Fspp_ffun1.m4.3033.m1                             1.6772564 1.5131711 1.5445490 1.7498392 1.6276988 0.9393896 0.8381503 1.0007300 1.0007300 0.9742923 0.7994544 0.9070993 0.7945314 0.8064196 1.1060570 0.9656579 1.0159341 0.2869717 0.2630087 0.1189078 0.0000000 0.2160236 0.2864767 0.2864767 0.2830515 1.0376491 1.0453232 1.0520145 1.0520145 1.0004806 1.0004806 1.1814794 1.0100411 1.0561056 1.1888827 1.1820259 1.1902757 1.1768661 1.2598205 1.1156470 1.1907714 1.1614420 1.1988577 1.1562291 1.0995906 1.4545206 1.4387674 1.2071751 1.2088780 1.2589578 1.3122425 1.2704549 1.4885912 1.2806044 1.3738409 1.7558823 1.4535975 1.6521987 1.7254478 1.6694225 1.6125381 1.6571169 1.5512174 1.4184901 1.9363776 1.5431774 2.6263574 
Amil_Amillepora27217-RA                           1.6163354 1.4701299 1.4709647 1.6567219 1.4892734 0.5968406 0.6280241 0.7063260 0.7063260 0.7478036 0.5947826 0.6678881 0.4137952 0.5495287 0.8188130 0.8135967 0.8694393 0.2720269 0.3037220 0.2218866 0.2160236 0.0000000 0.0089028 0.0089028 0.1184389 0.8286720 0.8309001 0.8379938 0.8379938 0.8520451 0.8520451 0.8756643 0.9320967 0.9326722 1.1469792 1.0051466 1.0410349 1.1125562 1.1306464 0.8715078 1.1769596 1.1048901 1.0782816 1.0449892 0.9215302 1.2310182 1.0664986 1.1886856 1.1754099 1.2715929 1.3712042 1.1898474 1.6356707 1.2175746 1.1876724 1.3571827 1.3225345 1.5155797 1.5155797 1.4815031 1.3097531 1.4426752 1.2447717 1.1861318 1.7957584 1.3143059 1.9382286 
Adig_XM_015916673.1                               1.5331633 1.3879540 1.4075154 1.5790311 1.5546051 0.7221550 0.8511792 0.8319238 0.8319238 0.8380864 0.6351135 0.7115547 0.6521369 0.6048072 0.8428993 0.8969005 0.9481319 0.2587264 0.2699969 0.2444208 0.2864767 0.0089028 0.0000000 0.0000010 0.1381711 0.9168039 0.9183133 0.9251568 0.9251568 0.9335937 0.9335937 1.2587154 1.0391270 1.0320121 1.0567586 1.0577190 1.1206457 1.0212016 1.0804879 0.9492740 1.0508459 0.9972695 1.0771853 1.0768408 0.9292093 1.1745276 1.1593003 1.0981575 1.1249874 1.1474254 1.1804899 1.1242692 1.4104674 1.0912423 1.2224010 1.6839061 1.4497199 1.5669873 1.6499766 1.5175576 1.5384388 1.5879087 1.4159994 1.1616550 1.6111943 1.3647504 2.8979138 
Adig_XM_015917211.1                               1.5331633 1.3879540 1.4075154 1.5790311 1.5546051 0.7221550 0.8511792 0.8319238 0.8319238 0.8380864 0.6351135 0.7115547 0.6521369 0.6048072 0.8428993 0.8969005 0.9481319 0.2587264 0.2699969 0.2444208 0.2864767 0.0089028 0.0000010 0.0000000 0.1381711 0.9168039 0.9183133 0.9251568 0.9251568 0.9335937 0.9335937 1.2587154 1.0391270 1.0320121 1.0567586 1.0577190 1.1206457 1.0212016 1.0804879 0.9492740 1.0508459 0.9972695 1.0771853 1.0768408 0.9292093 1.1745276 1.1593003 1.0981575 1.1249874 1.1474254 1.1804899 1.1242692 1.4104674 1.0912423 1.2224010 1.6839061 1.4497199 1.5669873 1.6499766 1.5175576 1.5384388 1.5879087 1.4159994 1.1616550 1.6111943 1.3647504 2.8979138 
Gfas_gfas1.m1.9397.m1                             1.4716041 1.3648339 1.3656561 1.5431779 1.6261473 0.8070635 0.8433911 0.8587187 0.8587187 0.9161942 0.6872722 0.7819183 0.7134176 0.6760414 0.8424941 0.9003821 0.9728694 0.2823331 0.2702961 0.2147518 0.2830515 0.1184389 0.1381711 0.1381711 0.0000000 0.9847521 0.9684943 0.9760918 0.9760918 1.0151703 1.0151703 1.2947415 1.1168011 1.0271992 1.0774295 1.0736146 1.2411793 1.0194810 1.1774436 1.0489041 1.0963177 1.0487651 1.1336535 1.1099727 1.0748040 1.3434585 1.2146543 1.2270781 1.2167185 1.2210978 1.2775968 1.1613487 1.4680183 1.0170672 1.2807709 1.5740037 1.4115851 1.5263048 1.6359047 1.5053611 1.4951791 1.4871895 1.4844411 1.1090902 1.6221895 1.3578088 3.0990335 
HoiH23_PlH23_000521-RA                            1.4044202 1.1639010 1.2799702 1.3292204 1.9200014 0.6003726 0.6849282 0.7526677 0.7526677 0.7463087 0.6249331 0.6469952 0.9615219 0.7915765 0.8330903 0.8592068 0.8355823 0.9872401 0.9336015 1.0227549 1.0376491 0.8286720 0.9168039 0.9168039 0.9847521 0.0000000 0.0053205 0.0216672 0.0216672 0.1420187 0.1420187 0.2211206 0.9107885 0.8910939 0.8628845 0.9311219 1.0478539 0.9494868 1.0231948 0.9617325 1.0511791 1.0379616 1.0154769 1.0009452 0.9138783 1.1068637 1.0533206 1.1614190 1.1248992 1.0674817 1.3283943 1.2400245 1.1437207 1.1809359 1.2278326 1.5477634 1.3195546 1.3769366 1.3721019 1.3814626 1.4035718 1.4540316 1.1351416 1.2474486 1.3532624 1.4499390 2.9126264 
HoiH06_mRNA5690                                   1.4044202 1.1639010 1.2799702 1.3292204 1.9200014 0.5894007 0.6731447 0.7393791 0.7393791 0.7335645 0.6136434 0.6353985 0.9631884 0.7784798 0.8194737 0.8454113 0.8217528 0.9720162 0.9189475 1.0071005 1.0453232 0.8309001 0.9183133 0.9183133 0.9684943 0.0053205 0.0000000 0.0161968 0.0161968 0.1425246 0.1425246 0.2134208 0.9164520 0.8947844 0.8683432 0.9492479 1.0546321 0.9342779 1.0070603 0.9617325 1.0511791 1.0379616 1.0154769 1.0009452 0.9138783 1.1068637 1.0533206 1.1614190 1.1248992 1.0674817 1.3542739 1.2400245 1.1242259 1.1633145 1.2313110 1.5477634 1.3259601 1.3863857 1.3830397 1.3882859 1.4071485 1.4578657 1.1472857 1.2710477 1.3532624 1.4534681 2.9126264 
Hhon_g01226.t1                                    1.4311881 1.2132077 1.3351825 1.3723154 1.9420724 0.5924501 0.6837451 0.7271787 0.7271787 0.7516024 0.6297416 0.6500544 0.9705337 0.7970721 0.8389269 0.8609154 0.8414368 0.9791352 0.9243608 1.0127280 1.0520145 0.8379938 0.9251568 0.9251568 0.9760918 0.0216672 0.0161968 0.0000000 0.0000010 0.1575492 0.1575492 0.2306097 0.9473413 0.9124163 0.8569753 0.9651812 1.0760377 0.9668632 1.0298930 0.9911877 1.0793947 1.0643896 1.0346502 1.0200034 0.9293663 1.1276108 1.0712316 1.1799147 1.1432077 1.0768105 1.3696103 1.2486204 1.1358666 1.1490642 1.2573628 1.6281362 1.3417855 1.4030486 1.4023650 1.4206947 1.4227854 1.4737357 1.1600822 1.2700565 1.3557209 1.4626772 3.0316998 
HoiH04_mRNA1439                                   1.4311881 1.2132077 1.3351825 1.3723154 1.9420724 0.5924501 0.6837451 0.7271787 0.7271787 0.7516024 0.6297416 0.6500544 0.9705337 0.7970721 0.8389269 0.8609154 0.8414368 0.9791352 0.9243608 1.0127280 1.0520145 0.8379938 0.9251568 0.9251568 0.9760918 0.0216672 0.0161968 0.0000010 0.0000000 0.1575492 0.1575492 0.2306097 0.9473413 0.9124163 0.8569753 0.9651812 1.0760377 0.9668632 1.0298930 0.9911877 1.0793947 1.0643896 1.0346502 1.0200034 0.9293663 1.1276108 1.0712316 1.1799147 1.1432077 1.0768105 1.3696103 1.2486204 1.1358666 1.1490642 1.2573628 1.6281362 1.3417855 1.4030486 1.4023650 1.4206947 1.4227854 1.4737357 1.1600822 1.2700565 1.3557209 1.4626772 3.0316998 
TrH2_TrispH2_001332-RA                            1.3926680 1.2256272 1.2886166 1.3842831 1.7487035 0.6429084 0.6822330 0.7576935 0.7576935 0.7611579 0.6588320 0.6910163 0.9562556 0.8526500 0.7913124 0.8471928 0.9002573 1.0134411 0.9555482 1.0311919 1.0004806 0.8520451 0.9335937 0.9335937 1.0151703 0.1420187 0.1425246 0.1575492 0.1575492 0.0000000 0.0000010 0.3356573 0.8923096 0.8506576 0.8734157 0.9572437 1.0322838 1.0420454 1.0703549 0.9664353 1.0765166 1.0791466 0.9012287 0.8996558 0.9003714 1.1491781 1.0214503 1.1663788 1.1649403 1.0834349 1.3301336 1.2419816 1.1800720 1.1371537 1.1542463 1.5518830 1.2749159 1.3759845 1.3714510 1.3165043 1.3359025 1.4243889 1.1192399 1.2855733 1.3804198 1.4923966 3.0364350 
Tadh_TriadT23206                                  1.3926680 1.2256272 1.2886166 1.3842831 1.7487035 0.6429084 0.6822330 0.7576935 0.7576935 0.7611579 0.6588320 0.6910163 0.9562556 0.8526500 0.7913124 0.8471928 0.9002573 1.0134411 0.9555482 1.0311919 1.0004806 0.8520451 0.9335937 0.9335937 1.0151703 0.1420187 0.1425246 0.1575492 0.1575492 0.0000010 0.0000000 0.3356573 0.8923096 0.8506576 0.8734157 0.9572437 1.0322838 1.0420454 1.0703549 0.9664353 1.0765166 1.0791466 0.9012287 0.8996558 0.9003714 1.1491781 1.0214503 1.1663788 1.1649403 1.0834349 1.3301336 1.2419816 1.1800720 1.1371537 1.1542463 1.5518830 1.2749159 1.3759845 1.3714510 1.3165043 1.3359025 1.4243889 1.1192399 1.2855733 1.3804198 1.4923966 3.0364350 
HoiH11_mRNA9619                                   1.8933336 1.6404266 1.7524652 1.8142469 2.2142491 0.8421141 1.0111850 1.1412964 1.1412964 0.9411627 0.8788729 0.9008724 1.1894709 1.0587884 1.1513299 1.2160674 1.2535612 1.2909294 1.2373619 1.3396201 1.1814794 0.8756643 1.2587154 1.2587154 1.2947415 0.2211206 0.2134208 0.2306097 0.2306097 0.3356573 0.3356573 0.0000000 1.2223461 1.2036996 1.2027444 1.3139569 1.3212983 1.3374025 1.3151147 1.3456019 1.4120530 1.3691904 1.4021993 1.3595001 1.3279741 1.4920178 1.3661672 1.5302760 1.5354609 1.5067070 1.8142555 1.6971442 1.5630303 1.5345019 1.2199352 2.3703870 1.8780466 1.6484111 1.5089266 1.7991281 1.8730779 1.9899042 1.5875914 1.7150076 1.7766065 1.9907826 3.3766445 
Nemnom_g3066.t1                                   1.5288088 1.3547219 1.4864969 1.5421294 1.4970707 0.8512119 0.9447465 1.0235674 1.0235674 1.1175974 0.6749064 0.7801682 1.0113990 0.9851967 0.9205041 1.1553776 1.1628734 1.0783104 1.0307931 1.0980701 1.0100411 0.9320967 1.0391270 1.0391270 1.1168011 0.9107885 0.9164520 0.9473413 0.9473413 0.8923096 0.8923096 1.2223461 0.0000000 0.1618477 0.4834084 0.8317076 1.2375189 1.1087717 1.0994664 1.0843632 1.0746212 1.0844840 0.9351391 0.9761531 1.0400505 1.2150640 1.0239155 1.1818199 1.1781981 1.1355932 1.2999456 1.2279381 1.3162387 1.2043135 1.1481825 1.2515391 1.4718568 1.5586346 1.5165925 1.6994666 1.7511784 1.7472165 1.6644074 1.5298638 1.6927382 1.6932176 2.7689709 
Rhoesc_Res_004325-T1                              1.5316126 1.3795566 1.4764986 1.5734683 1.5969646 0.8457287 0.9204124 1.0049206 1.0049206 1.1162670 0.6653120 0.7264401 0.9995911 0.8731596 0.9053319 1.1008226 1.1868796 1.0000479 0.9753655 1.1128993 1.0561056 0.9326722 1.0320121 1.0320121 1.0271992 0.8910939 0.8947844 0.9124163 0.9124163 0.8506576 0.8506576 1.2036996 0.1618477 0.0000000 0.4671209 0.8796278 1.2373480 1.1327124 1.1063865 1.1098456 1.1186303 1.1389292 0.9260257 0.9778180 1.0405814 1.2025704 0.9589559 1.1618260 1.1520106 1.1358619 1.2885840 1.2128716 1.3754475 1.1179674 1.1607476 1.2134802 1.3692650 1.5746004 1.6762427 1.5933601 1.6180745 1.6174581 1.5626694 1.3816844 1.5472981 1.5991270 2.6819598 
Sanmal_Sma_023592-T1                              1.6976062 1.5253961 1.6613949 1.6593914 1.8908322 0.8091637 0.9837532 0.9119350 0.9119350 1.1051599 0.7387675 0.7601673 1.1153334 0.9918040 0.9408545 1.1769629 1.0998923 1.1134107 1.0676775 1.1793167 1.1888827 1.1469792 1.0567586 1.0567586 1.0774295 0.8628845 0.8683432 0.8569753 0.8569753 0.8734157 0.8734157 1.2027444 0.4834084 0.4671209 0.0000000 0.7777681 1.2343243 1.0097581 1.0739840 1.2158332 1.1419597 1.1194977 0.9450445 0.9755239 1.1108201 1.1126486 0.9539658 1.1711260 1.1960822 1.2122220 1.2295849 1.1748061 1.3864067 1.1640668 1.1150591 1.3116295 1.5312875 1.4866894 1.5426544 1.6931806 1.5969617 1.6707533 1.6283517 1.4468561 1.5921529 1.8166036 3.2665652 
Morvir_scaffold3.g92.t1                           1.7984690 1.6256707 1.7241949 1.8380296 1.9480645 0.8660860 0.9599153 0.9114300 0.9114300 1.0436706 0.7555611 0.8085336 1.1303314 0.9716062 0.9581183 1.0589754 1.1520838 1.1258188 1.1060037 1.1250227 1.1820259 1.0051466 1.0577190 1.0577190 1.0736146 0.9311219 0.9492479 0.9651812 0.9651812 0.9572437 0.9572437 1.3139569 0.8317076 0.8796278 0.7777681 0.0000000 1.1041047 1.0395999 1.1869815 1.1583547 1.1711965 1.1453894 1.0773191 1.1397988 1.0428882 1.2893666 1.1710784 1.2813853 1.3442249 1.4362691 1.5240859 1.2344419 1.2489836 1.2815292 1.0766091 1.3098064 1.6084355 1.5320294 1.6406248 1.5401741 1.4505311 1.4321977 1.3883805 1.4900597 1.4366439 1.5526273 3.3184246 
Codhol_EP00042_Codosiga_hollandica_P024014        1.9872375 1.6976262 1.8205702 1.9388526 1.8399814 0.7134926 0.9193162 0.8024806 0.8024806 0.9120402 0.8139771 0.8023651 1.2059419 1.0226875 0.9208207 1.0055009 1.0030569 1.2538220 1.1921038 1.2177277 1.1902757 1.0410349 1.1206457 1.1206457 1.2411793 1.0478539 1.0546321 1.0760377 1.0760377 1.0322838 1.0322838 1.3212983 1.2375189 1.2373480 1.2343243 1.1041047 0.0000000 0.5552623 0.6577550 0.6786855 0.6851538 0.7285771 0.6975732 0.7289884 0.5595647 0.8136174 0.8665789 0.9336374 0.9565652 0.7598811 1.0107495 0.8571331 0.9422148 1.3477024 1.4003838 1.6489109 1.4470626 1.4574672 1.5596376 1.3444241 1.3363388 1.4053087 1.3938643 1.6495281 1.5581023 1.8753412 3.0545704 
Salurc_EP00051_Salpingoeca_urceolata_P035003      1.7974467 1.6103622 1.6734725 1.7514115 1.7826545 0.7321681 0.8697749 0.7650638 0.7650638 0.8608336 0.6449172 0.6487519 1.2899475 1.0362197 0.8880066 0.9511451 0.9531683 1.0412935 0.9943271 1.0857646 1.1768661 1.1125562 1.0212016 1.0212016 1.0194810 0.9494868 0.9342779 0.9668632 0.9668632 1.0420454 1.0420454 1.3374025 1.1087717 1.1327124 1.0097581 1.0395999 0.5552623 0.0000000 0.4585358 0.6062713 0.5793312 0.5469918 0.5162605 0.5559819 0.4497514 0.5785535 0.7197100 0.7768977 0.7827859 0.7433290 0.7435375 0.5941629 0.8119892 1.2069234 1.4231896 1.3741481 1.6315727 1.6089238 1.6821638 1.4935398 1.3828695 1.3555057 1.3655464 1.3011211 1.4781735 1.7028621 3.0222139 
Salkve_EP00050_Salpingoeca_kvevrii_P016920        1.8014826 1.6139782 1.7755344 1.8869913 1.8815513 0.7470821 0.8935491 0.8629522 0.8629522 0.9501240 0.7826290 0.7940446 1.0948081 0.9927457 0.9208498 0.8881645 1.0515692 1.1097657 1.0698636 1.2061487 1.2598205 1.1306464 1.0804879 1.0804879 1.1774436 1.0231948 1.0070603 1.0298930 1.0298930 1.0703549 1.0703549 1.3151147 1.0994664 1.1063865 1.0739840 1.1869815 0.6577550 0.4585358 0.0000000 0.5469769 0.6324730 0.5923425 0.5266858 0.5534968 0.4557953 0.5146368 0.7325631 0.6473411 0.6890000 0.6720467 0.7277813 0.7343144 0.8364626 1.2373182 1.4643978 1.6884355 1.4704191 1.7196660 1.9092160 1.6323588 1.5479281 1.6521181 1.5549526 1.5579816 1.4931527 1.7976504 3.2555460 
Saldol_EP00054_Salpingoeca_dolichothecata_P037574 1.6442929 1.4908546 1.5955504 1.7140642 1.7108214 0.7348377 0.8693045 0.9280702 0.9280702 0.9376511 0.8971557 0.8722862 1.1113088 1.0593364 0.8708098 0.9406956 1.0672742 1.0190241 0.9759020 1.1444178 1.1156470 0.8715078 0.9492740 0.9492740 1.0489041 0.9617325 0.9617325 0.9911877 0.9911877 0.9664353 0.9664353 1.3456019 1.0843632 1.1098456 1.2158332 1.1583547 0.6786855 0.6062713 0.5469769 0.0000000 0.5830651 0.6295919 0.5418064 0.5616298 0.4279660 0.5234619 0.7528092 0.5882568 0.6387057 0.6323326 0.7930881 0.8219092 0.7771315 1.2455709 1.2116747 1.4135489 1.4218918 1.6023350 1.6804425 1.3214703 1.3430533 1.3730294 1.2842173 1.3070177 1.5362468 1.6483857 2.7362864 
Microa_EP00043_Microstomoeca_roanoka_P025460      1.8949176 1.6668174 1.7781292 1.7579999 1.8201613 0.8284122 0.9486447 1.0526110 1.0526110 0.9447077 0.8766003 0.8677093 1.1444844 0.9951359 1.0318152 0.9622464 1.0263899 1.1221798 1.0722209 1.1408912 1.1907714 1.1769596 1.0508459 1.0508459 1.0963177 1.0511791 1.0511791 1.0793947 1.0793947 1.0765166 1.0765166 1.4120530 1.0746212 1.1186303 1.1419597 1.1711965 0.6851538 0.5793312 0.6324730 0.5830651 0.0000000 0.1267532 0.4100109 0.4343849 0.4868754 0.5485977 0.6464571 0.5981781 0.6547681 0.6335480 0.7766237 0.7317654 0.6013812 1.2518355 1.5552677 1.3874509 1.5481325 1.6343416 1.7344164 1.3384922 1.6503792 1.6368011 1.5475430 1.4061602 1.5398557 1.8232052 3.1164243 
Sros_EGD78152                                     1.8076205 1.5621685 1.7540831 1.7146230 1.7451515 0.7899768 0.9805291 1.0514943 1.0514943 0.9599522 0.8497014 0.8405414 1.1383457 0.9730163 0.9826991 0.9782910 0.9977870 1.0566595 1.0215405 1.0941836 1.1614420 1.1048901 0.9972695 0.9972695 1.0487651 1.0379616 1.0379616 1.0643896 1.0643896 1.0791466 1.0791466 1.3691904 1.0844840 1.1389292 1.1194977 1.1453894 0.7285771 0.5469918 0.5923425 0.6295919 0.1267532 0.0000000 0.4526474 0.4450217 0.5684168 0.5858695 0.6130192 0.6135832 0.6756106 0.6626438 0.7828672 0.7264032 0.6565938 1.2639888 1.5944397 1.2807094 1.5116021 1.4770279 1.5764708 1.2790357 1.4670451 1.4773004 1.4547034 1.3476996 1.4222753 1.7760971 3.0167380 
Chofle_EP00730_Choanoeca_flexa_P013948            1.7213403 1.5462153 1.6598184 1.6978386 1.7231616 0.7539411 0.9763384 0.8945354 0.8945354 0.9448289 0.7204409 0.8046156 1.0154930 0.9777301 0.9099920 0.9098302 1.0112801 1.0714218 1.0557341 1.1949207 1.1988577 1.0782816 1.0771853 1.0771853 1.1336535 1.0154769 1.0154769 1.0346502 1.0346502 0.9012287 0.9012287 1.4021993 0.9351391 0.9260257 0.9450445 1.0773191 0.6975732 0.5162605 0.5266858 0.5418064 0.4100109 0.4526474 0.0000000 0.0604160 0.4438663 0.5659487 0.5027049 0.6599996 0.6892062 0.6798269 0.7669198 0.6914943 0.4628196 1.1478880 1.4016158 1.3119415 1.4759719 1.5154292 1.5578512 1.3091699 1.3642616 1.4109922 1.3102136 1.3478230 1.3608338 1.6089701 3.1763321 
Choper_EP00045_Choanoeca_perplexa_P000706         1.7788744 1.5490075 1.6862380 1.7113816 1.8295843 0.7724795 0.9349941 0.9246690 0.9246690 0.9521888 0.7491064 0.8020999 1.0218923 0.9893941 0.8909257 0.9258707 0.9921986 1.0505292 1.0415630 1.1585976 1.1562291 1.0449892 1.0768408 1.0768408 1.1099727 1.0009452 1.0009452 1.0200034 1.0200034 0.8996558 0.8996558 1.3595001 0.9761531 0.9778180 0.9755239 1.1397988 0.7289884 0.5559819 0.5534968 0.5616298 0.4343849 0.4450217 0.0604160 0.0000000 0.4553081 0.5857325 0.5450240 0.6508887 0.6575084 0.6757720 0.8431360 0.6972678 0.5098028 1.1495228 1.4271710 1.3130946 1.5269238 1.5022875 1.5425533 1.3397245 1.3662717 1.4100385 1.2822272 1.3837514 1.4382955 1.6217465 3.2946668 
Salpun_EP00053_Salpingoeca_punica_P006307         1.7893625 1.5367009 1.6940639 1.8195047 1.7622214 0.6714751 0.7806711 0.7344390 0.7344390 0.9283199 0.6608892 0.6624542 1.0977649 0.9086304 0.8053456 0.8509556 0.9154199 0.9870307 0.9592100 0.9973309 1.0995906 0.9215302 0.9292093 0.9292093 1.0748040 0.9138783 0.9138783 0.9293663 0.9293663 0.9003714 0.9003714 1.3279741 1.0400505 1.0405814 1.1108201 1.0428882 0.5595647 0.4497514 0.4557953 0.4279660 0.4868754 0.5684168 0.4438663 0.4553081 0.0000000 0.3624786 0.6040404 0.6542306 0.6654108 0.6652886 0.6908314 0.6329364 0.6938299 1.1051703 1.2534271 1.3395692 1.5386496 1.7492678 1.8360076 1.5062517 1.4465460 1.4620829 1.4410096 1.3017964 1.3711802 1.6507529 3.0508564 
Salmac_EP00052_Salpingoeca_macrocollata_P032027   1.8029788 1.5775221 1.7674015 1.7507051 1.8225332 0.8009860 1.0269645 1.0534864 1.0534864 1.1285275 0.8195056 0.8269199 1.2388274 1.0867162 0.9916370 1.0618744 1.1284486 1.1591717 1.1918316 1.2596784 1.4545206 1.2310182 1.1745276 1.1745276 1.3434585 1.1068637 1.1068637 1.1276108 1.1276108 1.1491781 1.1491781 1.4920178 1.2150640 1.2025704 1.1126486 1.2893666 0.8136174 0.5785535 0.5146368 0.5234619 0.5485977 0.5858695 0.5659487 0.5857325 0.3624786 0.0000000 0.6788220 0.7065902 0.7675070 0.7272404 0.8591316 0.7883326 0.7927298 1.3257945 1.3821026 1.7633569 1.7083794 1.7213892 1.8391038 1.6034686 1.5482345 1.6747515 1.5646346 1.5207210 1.3935097 1.8005782 3.2465172 
Salinf_EP00049_Salpingoeca_infusionum_P019421     1.4670649 1.4275308 1.4406936 1.5095098 1.6894497 0.7767480 1.0014227 1.0142854 1.0142854 0.9904241 0.9389645 0.9352578 1.0981629 1.0496105 0.9115040 1.0093253 1.0685312 1.2100568 1.1905663 1.2400959 1.4387674 1.0664986 1.1593003 1.1593003 1.2146543 1.0533206 1.0533206 1.0712316 1.0712316 1.0214503 1.0214503 1.3661672 1.0239155 0.9589559 0.9539658 1.1710784 0.8665789 0.7197100 0.7325631 0.7528092 0.6464571 0.6130192 0.5027049 0.5450240 0.6040404 0.6788220 0.0000000 0.7233257 0.7674057 0.7754465 0.8345034 0.8002423 0.9210525 1.4175403 1.1251477 1.3519302 1.4891813 1.5427527 1.6249261 1.4181218 1.3589113 1.4124788 1.3625116 1.3180233 1.3447457 1.7030084 2.9007633 
Acaspe_EP00035_Acanthoeca_spectabilis_P020971     1.6854417 1.5109310 1.5753302 1.5601214 1.8753628 0.8835211 1.0434857 0.9874861 0.9874861 0.9684182 0.9396084 0.9183554 1.1560084 1.0440924 0.9615584 0.9242027 1.1173286 1.2105714 1.1265171 1.2549811 1.2071751 1.1886856 1.0981575 1.0981575 1.2270781 1.1614190 1.1614190 1.1799147 1.1799147 1.1663788 1.1663788 1.5302760 1.1818199 1.1618260 1.1711260 1.2813853 0.9336374 0.7768977 0.6473411 0.5882568 0.5981781 0.6135832 0.6599996 0.6508887 0.6542306 0.7065902 0.7233257 0.0000000 0.1349059 0.4554851 0.5575407 0.6587900 0.8084413 1.3424412 1.3308465 1.6530745 1.4423228 1.6329373 1.7157809 1.5842234 1.4803415 1.6203997 1.5479081 1.3451598 1.4666142 1.9017714 3.1500476 
Helnan_EP00037_Helgoeca_nana_P025510              1.6893168 1.5134253 1.5448752 1.5538405 1.9442282 0.9319032 1.1239368 1.0792240 1.0792240 1.0119646 0.9936390 0.9941240 1.2106852 1.0930486 1.0489380 0.9955485 1.1282866 1.2349596 1.1480152 1.2266605 1.2088780 1.1754099 1.1249874 1.1249874 1.2167185 1.1248992 1.1248992 1.1432077 1.1432077 1.1649403 1.1649403 1.5354609 1.1781981 1.1520106 1.1960822 1.3442249 0.9565652 0.7827859 0.6890000 0.6387057 0.6547681 0.6756106 0.6892062 0.6575084 0.6654108 0.7675070 0.7674057 0.1349059 0.0000000 0.4790501 0.5601160 0.6644285 0.8969049 1.3025692 1.3614181 1.5399796 1.3691830 1.6338057 1.6916665 1.5563617 1.4876930 1.5958446 1.5006227 1.4077565 1.5349621 1.9217396 3.2742614 
Stedip_EP00041_Stephanoeca_diplocostata_P022446   1.6908515 1.5007492 1.5330843 1.5829715 1.9255248 0.8495249 1.1352643 0.9608602 0.9608602 1.0202162 0.9847498 0.9530439 1.1531712 1.1450907 1.0241975 1.0180742 1.1871123 1.1863195 1.1121546 1.2637766 1.2589578 1.2715929 1.1474254 1.1474254 1.2210978 1.0674817 1.0674817 1.0768105 1.0768105 1.0834349 1.0834349 1.5067070 1.1355932 1.1358619 1.2122220 1.4362691 0.7598811 0.7433290 0.6720467 0.6323326 0.6335480 0.6626438 0.6798269 0.6757720 0.6652886 0.7272404 0.7754465 0.4554851 0.4790501 0.0000000 0.6046551 0.5274800 0.8795054 1.3305796 1.4528782 1.6173264 1.5697183 1.6891226 1.7232784 1.7742247 1.6069431 1.6356594 1.5594042 1.4261200 1.6485261 1.8311006 3.2926248 
Diagra_EP00040_Diaphanoeca_grandis_P042193        1.6078936 1.6007776 1.6122802 1.5641679 1.7694343 0.9973732 1.2813091 1.1055285 1.1055285 1.2197339 1.0647787 1.0744563 1.5499865 1.3814601 1.0626241 1.1639814 1.1837369 1.1966032 1.1239051 1.2234172 1.3122425 1.3712042 1.1804899 1.1804899 1.2775968 1.3283943 1.3542739 1.3696103 1.3696103 1.3301336 1.3301336 1.8142555 1.2999456 1.2885840 1.2295849 1.5240859 1.0107495 0.7435375 0.7277813 0.7930881 0.7766237 0.7828672 0.7669198 0.8431360 0.6908314 0.8591316 0.8345034 0.5575407 0.5601160 0.6046551 0.0000000 0.5825162 1.0442176 1.4337100 1.6243967 1.8239142 1.5630966 1.8571620 1.9484266 1.6688388 1.6156695 1.6348566 1.6531453 1.6329052 1.7237099 2.1437832 3.0873981 
Didcos_EP00039_Didymoeca_costata_P020451          1.7042122 1.4787671 1.5950460 1.6073685 1.6908338 0.8906221 1.0327007 0.8824126 0.8824126 0.9728401 0.8770429 0.8658056 1.2593813 1.1290547 1.0361071 1.0821332 1.0827903 1.0702811 1.0197052 1.1232833 1.2704549 1.1898474 1.1242692 1.1242692 1.1613487 1.2400245 1.2400245 1.2486204 1.2486204 1.2419816 1.2419816 1.6971442 1.2279381 1.2128716 1.1748061 1.2344419 0.8571331 0.5941629 0.7343144 0.8219092 0.7317654 0.7264032 0.6914943 0.6972678 0.6329364 0.7883326 0.8002423 0.6587900 0.6644285 0.5274800 0.5825162 0.0000000 0.9264563 1.4394498 1.4463439 1.6626317 1.5192288 1.7493921 1.8522448 1.5740837 1.4970145 1.4729046 1.4798012 1.5527840 1.3978027 1.7616284 3.2784721 
Mbre_EDQ87152                                     1.8221833 1.6372140 1.8225446 1.8771399 2.2275364 0.9680701 1.1414130 1.0725633 1.0725633 1.2063936 0.9687967 1.0132958 1.4348466 1.2409306 1.3076057 1.0642875 1.2351703 1.3551403 1.3660211 1.5024089 1.4885912 1.6356707 1.4104674 1.4104674 1.4680183 1.1437207 1.1242259 1.1358666 1.1358666 1.1800720 1.1800720 1.5630303 1.3162387 1.3754475 1.3864067 1.2489836 0.9422148 0.8119892 0.8364626 0.7771315 0.6013812 0.6565938 0.4628196 0.5098028 0.6938299 0.7927298 0.9210525 0.8084413 0.8969049 0.8795054 1.0442176 0.9264563 0.0000000 1.3862575 1.8899055 1.5936204 1.6687804 1.6112873 1.7421963 1.5018263 1.5724448 1.5094048 1.4509144 1.6067522 1.5631183 1.8612831 3.4004902 
Cscu_XM_023386069.1                               1.8564087 1.8202203 1.9097152 2.0803784 2.0833095 0.8643485 1.0523907 1.0132774 1.0132774 1.1634148 0.8048122 0.8541769 1.2055119 0.9744021 1.0645122 1.1507392 1.1751398 1.1556486 1.1481387 1.1538489 1.2806044 1.2175746 1.0912423 1.0912423 1.0170672 1.1809359 1.1633145 1.1490642 1.1490642 1.1371537 1.1371537 1.5345019 1.2043135 1.1179674 1.1640668 1.2815292 1.3477024 1.2069234 1.2373182 1.2455709 1.2518355 1.2639888 1.1478880 1.1495228 1.1051703 1.3257945 1.4175403 1.3424412 1.3025692 1.3305796 1.4337100 1.4394498 1.3862575 0.0000000 1.8343247 1.9858599 1.6950267 1.7303788 1.8387912 1.6222376 1.6098170 1.7578782 1.6742952 1.2133562 1.6790910 1.4592489 3.1000336 
Chem_TCONS_00017488                               1.8268168 1.8011704 1.7840219 1.9216374 2.0782043 1.1595135 1.4170639 1.4546112 1.4546112 1.2861375 1.2628107 1.3848240 1.2526499 1.1738559 1.3660246 1.4609231 1.5086194 1.2484938 1.1839295 1.2646514 1.3738409 1.1876724 1.2224010 1.2224010 1.2807709 1.2278326 1.2313110 1.2573628 1.2573628 1.1542463 1.1542463 1.2199352 1.1481825 1.1607476 1.1150591 1.0766091 1.4003838 1.4231896 1.4643978 1.2116747 1.5552677 1.5944397 1.4016158 1.4271710 1.2534271 1.3821026 1.1251477 1.3308465 1.3614181 1.4528782 1.6243967 1.4463439 1.8899055 1.8343247 0.0000000 1.1556967 1.6331161 1.8679145 2.0033705 2.0121630 1.6803497 1.7623505 1.6242724 1.6303177 1.7145142 2.0594049 2.0483043 
