84
Lcom_lcpid80316                                                  0.0000000 0.2997104 0.2720930 0.3125299 0.8568523 1.7888375 1.7578602 1.7728709 1.7685460 1.5514371 1.5642392 1.6209672 1.6394205 1.7377502 1.7988914 1.7191956 1.7331594 2.1687693 1.3550160 1.6376951 1.8001483 1.7796720 1.7147016 1.6801177 3.1023668 1.7755266 1.7997285 1.8356634 1.7812715 1.7763020 1.5688092 1.5252788 1.9263845 1.7972258 1.5386566 1.7393888 1.8764942 1.8213712 1.9515353 1.9162171 2.0027942 2.8954237 2.4069946 1.5453866 1.5278802 1.4274592 1.4074440 1.4818427 1.8814556 1.5895527 1.5288020 1.8133136 1.7813647 2.1920162 2.4259278 2.4654550 2.4860694 2.2222763 2.4709534 2.6503978 2.6503978 2.3481702 2.2520595 2.0768347 3.4334696 1.4924872 2.6541779 2.7230870 2.7197191 2.3152686 2.9236229 2.1596515 2.8815076 2.5857187 2.3002620 2.4274452 2.3491920 2.2090221 3.0516764 3.0850183 2.7491143 3.0159232 2.7566880 3.0380422 
Gracom_Gcom_C544596_01                                           0.2997104 0.0000000 0.1981976 0.2523039 1.1004542 1.9765534 1.9589623 1.9282725 1.8356474 1.7284189 1.5492608 1.6091558 1.7911125 1.9314365 1.8849263 1.8081765 1.7284822 2.3346099 1.4887944 1.7750344 1.8945747 1.8491077 1.9130814 1.8267030 3.2234608 1.8878039 1.8444470 1.8703854 1.7908626 1.7164660 1.8793438 1.8488732 1.9380701 1.6058096 1.5385090 1.6719367 1.9370972 1.8678569 1.9104145 1.8871357 1.9747275 2.2036810 2.2772351 1.5406930 1.5701263 1.3990560 1.4749634 1.5206094 1.8132530 1.5697682 1.5410447 1.9004981 1.8114776 2.3401682 2.6120586 2.9412677 2.7059398 2.6822068 2.8759267 2.6811930 2.6811930 2.3381174 2.4020463 2.5635362 3.6241029 1.5699176 2.7013759 2.8007721 2.9763225 2.5173501 2.6960569 2.3754019 2.9907831 2.8965898 2.4451390 2.5666112 2.4422552 2.3267433 3.2127587 3.1031792 2.7910334 3.1480906 2.9004226 3.0496376 
Scil_scict006352.1                                               0.2720930 0.1981976 0.0000000 0.1983009 0.9193536 1.8548553 1.8644329 1.8921470 1.8800076 1.6101856 1.5524389 1.5837393 1.6857002 1.8711591 1.8776928 1.8137549 1.7763297 2.3023448 1.3860735 1.7941326 1.8158012 1.8059981 1.8855519 1.7966557 3.4000501 1.8256292 1.7742166 1.7754947 1.7199068 1.6979069 1.8016111 1.7690009 2.0345046 1.6482597 1.5809780 1.7747100 1.9649223 1.9025182 1.9291971 1.9054273 2.0504549 2.8063141 2.3821247 1.4735430 1.5104491 1.4557910 1.5182744 1.4592301 1.9697558 1.5419601 1.5867150 1.9218986 1.8605931 2.0727094 2.2262831 2.5203906 2.4840998 2.3708286 2.5770637 2.4701914 2.4701914 2.2158088 2.2046522 2.2671143 3.1297890 1.4732921 2.5315309 2.6321072 2.7127844 2.3770741 2.7816203 2.2681158 2.9018223 2.5693028 2.3558929 2.2653170 2.3558721 2.4882720 3.0384621 3.0628701 2.6533579 3.0317873 2.7809227 3.0199731 
Leuniv_Lniv_C803558_01                                           0.3125299 0.2523039 0.1983009 0.0000000 1.0590911 1.8179732 1.9826178 2.0446555 2.0605810 1.7060565 1.6945933 1.6879919 1.7730792 1.9736670 1.9590314 1.9133240 1.8595783 2.2053626 1.4463157 1.7693686 1.8898645 1.9141994 1.8992837 1.8244228 3.3702307 1.9836519 1.8641954 1.8337435 1.7882393 1.7442260 1.8344239 1.8423002 2.0698624 1.6500264 1.5985883 1.8280035 1.9991777 1.9371248 1.9855231 1.9615689 2.0846945 2.6671988 2.3959353 1.5423542 1.6304488 1.5731668 1.5775838 1.5298546 2.0086551 1.6325260 1.7927504 2.1207030 2.0100602 2.0335624 2.3796832 2.5345434 2.4294578 2.2963582 2.4774193 2.4329306 2.4329306 2.1461224 2.1527941 2.4141074 3.3680095 1.5595995 2.6786451 2.6988123 2.6756094 2.4241105 2.8675463 2.3752180 2.9361644 2.7172137 2.5116523 2.5267267 2.4079334 2.3797308 2.9347582 3.0252779 2.9131693 3.1887152 2.9414314 3.1593720 
Clacor_Ccor_scaffold12809_01                                     0.8568523 1.1004542 0.9193536 1.0590911 0.0000000 1.3654361 1.7230608 1.7158345 1.7731190 1.4682896 1.4956110 1.8755184 1.5591177 1.8751391 2.1296747 1.7607413 1.9278239 1.7205802 1.8853316 1.9776634 1.8104422 1.8326351 1.8095965 1.6663793 0.0000010 1.7299552 1.6011963 1.7193637 1.7894625 1.6574161 2.0315838 1.6632784 1.9710208 1.9440281 1.6510901 1.6510901 1.7532476 1.7211234 1.7562583 1.7020327 2.1774085 0.0000010 3.4096048 1.6687786 1.5590404 1.5117267 1.3953513 1.2721405 2.6427956 1.3531366 1.4843718 1.4843718 1.5457973 2.3483227 2.2868778 1.8849422 2.0461921 1.9206609 1.9453039 2.4189245 2.4189245 1.9717979 1.7948273 2.2384869 2.2964767 1.4485014 3.0449663 2.8356331 2.9764747 2.9086018 2.8030688 2.6924943 2.9755133 3.1993408 2.6082008 2.6101333 2.4409189 3.0864693 3.5621948 2.6670035 3.6627748 3.6627748 3.4582463 3.3712626 
Stycar_augustus_masked-SC_scaffold1136-processed-gene-0.6-mRNA-1 1.7888375 1.9765534 1.8548553 1.8179732 1.3654361 0.0000000 1.9281061 1.9140535 2.1408623 1.9281859 1.8418161 2.0156201 1.7581199 2.1402174 2.0994352 1.9206766 2.0163421 1.5223519 1.4362769 1.8592183 1.8245850 1.8137057 1.8784369 1.8686297 5.1470566 2.0586423 1.8104572 1.9586700 1.7947254 1.6493610 1.9821380 1.8662661 2.2319189 1.8164415 2.4895165 2.4574955 2.3458503 2.2728732 2.5585259 2.5317731 3.0153272 5.2449598 5.4295054 1.1250557 1.1119964 1.1640130 1.1369949 1.0451823 2.6590999 1.4046931 1.5485134 1.7700688 2.0614675 2.3975302 2.3783545 2.3818871 2.6465630 2.0394064 2.4322400 2.4656979 2.4656979 2.0073564 1.9522286 2.0986071 2.9289929 1.3536317 2.7989829 3.3608075 3.1292646 2.9670167 3.4381896 2.7780524 3.1258087 3.3918604 2.8420067 2.8312866 2.7603139 3.2139303 3.3446293 3.5364199 2.8131352 3.2587789 2.8994373 3.0702618 
Acagra_model.g20790.t1                                           1.7578602 1.9589623 1.8644329 1.9826178 1.7230608 1.9281061 0.0000000 0.6904827 1.0948881 1.0950690 1.1387040 1.2251415 1.1452214 1.5826814 1.7194944 1.5863470 1.5173479 2.0283948 1.2491046 1.4571529 1.4638478 1.4548243 1.4832051 1.3985657 1.9252755 1.5529418 1.3991986 1.4351971 1.3475287 1.4802152 0.9330184 1.1245326 1.7466981 1.7368473 1.3472289 1.5570358 1.5389558 1.5341816 1.5615440 1.5546055 1.5611634 5.1741470 3.0464590 1.6528904 1.7351290 1.6824744 1.8281473 1.7201062 2.0907166 1.6448411 1.5419476 1.8947723 1.7814512 1.9782341 2.0224120 2.1502200 2.3021793 2.0776521 2.0960633 2.3999982 2.3999982 2.0373379 2.0062843 2.1950322 2.8888111 1.1319769 2.5959139 3.4315358 3.5598135 3.0950925 3.4151893 2.8540013 2.9156611 2.7589132 2.3724029 2.6304601 2.7843631 3.1466494 3.2781789 3.0530243 3.0473954 3.3410381 3.0435005 4.0199301 
Cgig_XM_011420879.3                                              1.7728709 1.9282725 1.8921470 2.0446555 1.7158345 1.9140535 0.6904827 0.0000000 0.8926586 1.0094598 1.0062661 1.0976763 1.0659250 1.4239810 1.5612226 1.5226497 1.5269881 1.8639889 1.1598282 1.3943859 1.4006890 1.4279285 1.4207837 1.4042521 2.3465320 1.4427422 1.3671977 1.4200065 1.4341215 1.4714091 1.0677909 1.0375545 1.5151597 1.6091959 1.1646561 1.4603202 1.5014660 1.4434244 1.4931322 1.4549885 1.5217164 4.0315504 2.5433213 1.5627348 1.5917732 1.4586645 1.6983767 1.5755876 1.8320487 1.5721247 1.4355490 1.6870563 1.5272499 2.5360705 2.5361722 2.1477561 2.4359774 2.2038269 2.3732173 2.5001460 2.5001460 2.1080021 2.0907054 2.3659234 3.1482584 1.0576991 2.5968421 3.2543694 3.3127744 2.9480939 2.9156723 2.3787603 2.7658553 2.6821283 2.5329791 2.5745308 2.2876304 3.0344164 2.8021599 2.9993975 2.7726771 2.9596205 2.7630264 3.5333751 
Ctel_gnl_WGS_AMQN_CAPTEDRAFT_mRNA168725                          1.7685460 1.8356474 1.8800076 2.0605810 1.7731190 2.1408623 1.0948881 0.8926586 0.0000000 1.1987429 1.2122020 1.1354371 1.1490065 1.6264889 1.7583794 1.6265488 1.5551481 2.1159123 1.3091496 1.6250500 1.4815427 1.4546199 1.4077226 1.4052021 2.4342524 1.5536959 1.4371664 1.4191542 1.5370784 1.6536724 1.3162517 1.3675958 1.6174330 1.7571190 1.2858842 1.5821463 1.6494806 1.6453281 1.7393725 1.7322116 1.8017883 3.7874046 2.8898357 1.8205314 1.7865666 1.8383820 1.8370636 1.6680704 2.3582225 1.6519250 1.6990735 2.0009547 1.6040682 2.5485376 2.5999920 2.5027442 2.3744525 2.6855445 2.7958933 2.8048057 2.8048057 2.4722883 2.5002945 2.5082230 3.3137729 1.2936621 2.9289480 3.3821677 3.3673868 3.1436208 2.6394289 2.8299896 3.0826896 3.1554782 2.8974322 2.5629834 2.5305010 3.0776096 3.3176249 3.1965552 3.0152995 3.2719709 2.8789958 3.7025301 
Cscu_XM_023387914.1                                              1.5514371 1.7284189 1.6101856 1.7060565 1.4682896 1.9281859 1.0950690 1.0094598 1.1987429 0.0000000 0.9684065 1.0103220 0.9855117 1.4813973 1.5604717 1.2095771 1.2245134 1.7349360 1.1062249 1.2998387 1.2543784 1.2652671 1.2402436 1.2883623 1.9474852 1.2874072 1.3010997 1.2528896 1.3708849 1.3284775 0.8826074 0.8617117 1.6128681 1.7046909 1.2055159 1.3726839 1.3624189 1.3595310 1.4042705 1.3949927 1.2741167 3.9626914 2.7735529 1.4174663 1.3898799 1.5985805 1.6191847 1.6184252 2.0483598 1.4394397 1.3516716 1.6052254 1.3773141 1.9675935 2.2388988 2.2010064 2.2436444 2.1288275 2.3074389 2.2785616 2.2785616 2.0844914 2.0388066 2.1400551 3.3957380 0.9112360 2.3168835 2.9880510 3.0167519 2.6631368 2.7748427 2.5190482 2.4488709 2.6706917 2.2348700 2.2577932 2.4181619 2.9051623 3.2304010 3.0548084 2.9815249 3.1096554 3.0310516 3.4111228 
Bralan_BLAG08000486_1                                            1.5642392 1.5492608 1.5524389 1.6945933 1.4956110 1.8418161 1.1387040 1.0062661 1.2122020 0.9684065 0.0000000 0.8083773 0.8858364 1.3964998 1.3604491 1.2879506 1.2722167 1.5488716 0.9075026 1.3087839 1.3047163 1.2891854 1.2277868 1.2761425 2.4469300 1.1854810 1.1775772 1.1429294 1.2013563 1.3076352 1.1441412 1.1553630 1.4957648 1.5532777 1.1655676 1.3843153 1.3720219 1.3314343 1.3940471 1.3576375 1.5041875 3.6762291 2.7667286 1.4699908 1.4976703 1.4629809 1.4948004 1.4972016 2.0054552 1.4636566 1.2879161 1.5655499 1.4767951 2.3697892 2.4970468 2.5569618 2.6644200 2.3256883 2.8794922 2.6092047 2.6092047 2.2830507 2.1362992 2.6470019 3.5493904 0.7121279 2.2825497 2.6271953 2.5858982 2.6219555 2.5813155 2.7022329 2.5331850 2.7326713 2.2554762 2.2373988 2.4613792 2.8149190 2.9288714 2.9970908 2.6514962 2.7021352 2.6813115 2.7509132 
Spur_XM_030997491.1                                              1.6209672 1.6091558 1.5837393 1.6879919 1.8755184 2.0156201 1.2251415 1.0976763 1.1354371 1.0103220 0.8083773 0.0000000 0.9451968 1.4583997 1.5902562 1.2280267 1.3148969 1.7315908 1.0189813 1.3023544 1.2745258 1.2791048 1.2055403 1.2086077 2.1230767 1.3651935 1.2268600 1.1370421 1.1985709 1.2907916 1.3195409 1.2556129 1.5785894 1.5490758 1.2664502 1.4779473 1.3405209 1.2979353 1.3727734 1.3530446 1.4528052 2.5557037 1.9022505 1.5922808 1.5978304 1.6369501 1.6932763 1.4716896 1.9611701 1.4018449 1.4542636 1.7493152 1.5776912 2.4211550 2.5630369 2.5863845 2.7052157 2.3554618 2.8153708 2.5494986 2.5494986 2.1314932 2.0216108 2.6493485 3.4745395 0.6927161 2.4029131 2.6722185 2.6899433 2.6294365 2.5296893 2.6874494 2.6923947 2.4819240 2.1915513 2.2254332 2.3931856 2.4800304 3.1930436 3.2294484 2.8512280 2.9877753 2.6416449 2.7641945 
Hsap_ENST00000372447                                             1.6394205 1.7911125 1.6857002 1.7730792 1.5591177 1.7581199 1.1452214 1.0659250 1.1490065 0.9855117 0.8858364 0.9451968 0.0000000 1.4421374 1.5248298 1.3349197 1.3304133 1.8421666 1.0937647 1.2768775 1.2656646 1.2843504 1.2420043 1.3175749 1.8710268 1.3717065 1.2169728 1.1696814 1.1768564 1.2834665 1.0189272 1.1738321 1.6545096 1.5359051 1.2094176 1.4156136 1.3409005 1.3418452 1.4163335 1.3973528 1.2851074 3.3338104 2.4497533 1.5678353 1.5340008 1.5032476 1.5127364 1.5925711 1.9592866 1.4866463 1.5327849 1.8361104 1.6676135 2.1875899 2.4757496 2.3920861 2.5300990 2.4311954 2.5823136 2.6911319 2.6911319 2.2410368 2.1635041 2.6064328 3.4870473 0.9937163 2.7598410 3.1405353 3.2767553 2.9834121 2.8793452 2.6043753 2.9128364 2.5851192 2.4374429 2.3213282 2.7389670 3.1155023 3.3822145 3.2427712 2.8469572 3.0258190 2.8239123 3.6546506 
Dgig_XM_028551900.1                                              1.7377502 1.9314365 1.8711591 1.9736670 1.8751391 2.1402174 1.5826814 1.4239810 1.6264889 1.4813973 1.3964998 1.4583997 1.4421374 0.0000000 0.2564062 0.9811867 1.0044645 1.3975580 0.8048076 0.9537057 0.8716197 0.9035604 0.8592412 0.8427774 1.3514841 1.2627170 1.3175389 1.4071635 1.2006999 1.4043327 1.5697672 1.3660450 1.3116223 1.2953867 1.4380337 1.6857323 1.6793328 1.6509781 1.6657975 1.6640501 1.7388449 3.8820257 3.1644265 1.6541184 1.6035700 1.7940572 1.8684410 1.7470637 2.1605159 1.7373343 1.7021939 2.0513075 1.5589572 2.5749690 2.8260254 2.7587260 2.6081724 2.5376959 2.9560493 2.8803842 2.8803842 2.6755666 2.6062679 2.7599068 3.7402044 1.3300376 2.6797757 3.1577423 3.2878605 3.1711194 3.0186020 3.0223670 2.8765842 2.7146164 2.3754244 2.4734747 3.2797033 2.7466726 3.1240017 3.1426819 2.9123269 2.9423224 2.7945303 3.0825332 
Xesp_008298-T1                                                   1.7988914 1.8849263 1.8776928 1.9590314 2.1296747 2.0994352 1.7194944 1.5612226 1.7583794 1.5604717 1.3604491 1.5902562 1.5248298 0.2564062 0.0000000 1.0390162 1.0453663 1.4385020 0.8385673 1.0714571 0.9715062 1.0039848 0.9436803 0.9515624 1.6461829 1.3633682 1.3449706 1.4289410 1.2284004 1.4286426 1.6290487 1.4584838 1.3953661 1.3059874 1.5769128 1.8082428 1.7022839 1.6610170 1.7324973 1.7306326 1.7740871 3.7154741 3.1179849 1.6595634 1.6887319 1.8037698 1.7762504 1.7850965 2.1348430 1.7670851 1.7085980 2.1013759 1.5766992 2.5625720 2.7826093 3.0149307 2.7043976 2.7006522 3.1254382 2.8378444 2.8378444 2.6727043 2.6224674 3.1157970 3.8117778 1.2627901 2.4810495 3.0251985 3.1232212 3.0668567 3.0594114 2.9808942 3.0496724 2.8840014 2.3730631 2.6529168 3.2095247 2.6356141 2.9831430 3.0673836 2.7462831 2.8072114 2.8327956 3.2851699 
Exapal_XM_021059112.2                                            1.7191956 1.8081765 1.8137549 1.9133240 1.7607413 1.9206766 1.5863470 1.5226497 1.6265488 1.2095771 1.2879506 1.2280267 1.3349197 0.9811867 1.0390162 0.0000000 0.5179791 0.9925232 0.5256323 0.5915828 0.5531921 0.5190751 0.5288070 0.5539105 0.8588034 1.0209281 0.9943053 1.0203430 0.9972510 1.1289730 1.3288104 1.3200471 1.3190497 1.2801859 1.4645227 1.6142677 1.6289109 1.6283119 1.6825987 1.6734170 1.6808984 3.2736850 2.2303542 1.3490678 1.3896012 1.5645875 1.4892046 1.6183457 1.9855355 1.5548757 1.4934223 1.7917450 1.3449025 2.3623899 2.6912954 2.4808522 2.4835826 2.3224158 2.7475585 2.7104070 2.7104070 2.3105608 2.1399656 2.5189964 3.3486903 0.9593319 2.5923212 3.0374591 3.1777758 2.8457235 2.7955626 2.9458709 2.7615704 2.9772220 2.5512167 2.2610459 2.8494663 2.5044413 3.8914846 3.7035206 2.9074713 2.8971048 2.7239817 3.4276860 
Nvec_v1g160725                                                   1.7331594 1.7284822 1.7763297 1.8595783 1.9278239 2.0163421 1.5173479 1.5269881 1.5551481 1.2245134 1.2722167 1.3148969 1.3304133 1.0044645 1.0453663 0.5179791 0.0000000 0.9139309 0.5555488 0.6029022 0.5535682 0.5374117 0.5932564 0.5765409 0.9751639 1.0668645 1.1012750 1.1408998 1.1052433 1.1964090 1.3682290 1.2897384 1.4139470 1.2848878 1.5052175 1.6308743 1.6907711 1.7291917 1.7326858 1.7061045 1.7892747 2.8360758 1.9473847 1.3255696 1.4059705 1.3530843 1.4075411 1.5694252 1.7745144 1.5298866 1.3989929 1.7901446 1.4495333 2.0704868 2.3817233 2.4206021 2.2794581 2.2148245 2.5713349 2.7134891 2.7134891 2.3886686 2.2724297 2.3807222 3.3736249 1.1170159 2.3072491 2.8817140 3.0285106 2.6299678 2.4399058 2.5599196 2.7572737 2.4735486 2.2021674 2.1423211 2.9032831 2.7705702 3.5683434 3.4425935 2.8433632 2.9564210 2.6129575 3.2513938 
Adig_XM_015897717.1                                              2.1687693 2.3346099 2.3023448 2.2053626 1.7205802 1.5223519 2.0283948 1.8639889 2.1159123 1.7349360 1.5488716 1.7315908 1.8421666 1.3975580 1.4385020 0.9925232 0.9139309 0.0000000 0.2246575 0.2480344 0.5462035 0.4924021 0.4260318 0.4485361 4.5562579 1.4296077 1.4720390 1.4770999 1.4671742 1.5936840 2.4538107 1.9764721 1.8765040 1.8131222 2.2597472 2.2773792 2.1736478 2.1647680 2.2556383 2.2331593 2.9824769 0.0000010 4.5724030 1.6492801 1.6816307 1.7724790 1.5100365 1.9410756 2.8713128 1.6407350 1.6938748 1.6938748 1.7332167 2.6125705 2.7951129 2.7516500 2.6398762 2.3619507 2.6388023 2.9204191 2.9204191 2.5553319 2.5269727 2.0976236 2.9003253 1.1814456 2.2593899 3.5167162 3.5281756 2.9707962 2.7905902 3.4888815 3.1770339 3.0883665 2.9550334 2.5142774 2.8438265 3.4611466 3.5468816 3.9221140 3.2441505 3.2441505 3.0509181 3.0847972 
Gfas_gfas1.m1.23445.m1                                           1.3550160 1.4887944 1.3860735 1.4463157 1.8853316 1.4362769 1.2491046 1.1598282 1.3091496 1.1062249 0.9075026 1.0189813 1.0937647 0.8048076 0.8385673 0.5256323 0.5555488 0.2246575 0.0000000 0.1413628 0.1998550 0.2013762 0.1782408 0.2030383 0.0000010 0.8003374 0.7359805 0.7334848 0.7371778 0.8481253 1.4293313 1.1590119 0.9674713 0.8827428 1.3835109 1.3993528 1.3826771 1.3735547 1.3881972 1.3761673 1.3268716 0.7728731 2.3275591 1.1216413 1.1075216 1.2507501 1.0879164 1.3392773 1.3209494 1.1461865 1.1459564 1.1459564 0.8847423 1.9289347 2.1541039 2.1280509 1.9097976 1.8134206 2.1035320 1.7943311 1.7943311 1.8501741 1.9386942 2.3995088 2.6479860 1.0549607 1.7708504 2.6894707 2.7188070 2.4133080 2.2223943 2.7442405 2.2615723 1.9885450 2.1375824 1.8180330 2.0043361 2.6540488 2.5979664 2.8549402 2.4023369 2.4023369 2.4127466 2.6974567 
Amil_Amillepora01225-RA                                          1.6376951 1.7750344 1.7941326 1.7693686 1.9776634 1.8592183 1.4571529 1.3943859 1.6250500 1.2998387 1.3087839 1.3023544 1.2768775 0.9537057 1.0714571 0.5915828 0.6029022 0.2480344 0.1413628 0.0000000 0.2940852 0.2637781 0.2247719 0.2565801 0.2829369 1.0629570 1.0770888 1.0729808 1.0501727 1.2293046 1.5049661 1.3531335 1.2430168 1.2832038 1.4340953 1.5525038 1.5903373 1.6246651 1.6370495 1.6250786 1.6271579 2.8280272 1.9462745 1.2415320 1.2921915 1.4474965 1.3280308 1.4618169 1.5718118 1.5496576 1.5090720 1.7944688 1.2983178 1.9124108 2.4190263 2.5124630 2.3232188 2.0905704 2.5592484 2.3045646 2.3045646 2.2221768 2.2710850 2.2420304 3.3162530 1.0786441 2.3630109 2.9480738 3.1650033 2.7790873 2.8861795 2.9419127 2.7202617 2.4739910 2.4609321 2.3513471 2.7840478 2.6700983 3.3103793 3.6285790 2.7404095 2.8466432 2.5564116 3.0716707 
Spis_XP_022786376_1                                              1.8001483 1.8945747 1.8158012 1.8898645 1.8104422 1.8245850 1.4638478 1.4006890 1.4815427 1.2543784 1.3047163 1.2745258 1.2656646 0.8716197 0.9715062 0.5531921 0.5535682 0.5462035 0.1998550 0.2940852 0.0000000 0.0661023 0.1265473 0.1925800 0.2991274 1.0932042 1.0318133 1.0641764 1.0449389 1.1455093 1.4620646 1.4102398 1.2304012 1.2286402 1.4781248 1.6662436 1.6522782 1.6495342 1.6425903 1.6561327 1.6926954 3.3434787 2.1357229 1.3157074 1.3200010 1.4621333 1.4410739 1.4637211 1.8824859 1.5088563 1.5303809 1.9321823 1.4066473 1.9654187 2.3314158 2.2993449 2.3051970 2.1506699 2.4092589 2.4305682 2.4305682 2.1530697 2.1617732 2.1171919 3.0708458 0.9474198 2.3358392 2.8426703 3.1629462 2.8074080 2.5739892 3.0127243 2.6903104 2.3933190 2.2505586 2.0574560 2.7813567 2.5880135 3.3223874 3.4039745 2.6757936 2.7117529 2.4344461 3.1704705 
Pocdam_XM_027198779.1                                            1.7796720 1.8491077 1.8059981 1.9141994 1.8326351 1.8137057 1.4548243 1.4279285 1.4546199 1.2652671 1.2891854 1.2791048 1.2843504 0.9035604 1.0039848 0.5190751 0.5374117 0.4924021 0.2013762 0.2637781 0.0661023 0.0000000 0.1260494 0.1783847 0.2834312 1.1227710 1.0552177 1.0700036 1.0541548 1.1915942 1.4911414 1.4184773 1.2134713 1.2236034 1.4271115 1.5923307 1.6264546 1.6238349 1.6369054 1.6499385 1.6613611 3.4304012 2.1601314 1.3294712 1.3723945 1.4173833 1.3995712 1.4621495 1.7912173 1.4650814 1.4619577 1.8648398 1.3327460 1.9435400 2.3498957 2.2423338 2.2650630 2.0968315 2.4899195 2.3309691 2.3309691 2.1166079 2.1368158 2.0809304 3.0150224 0.9580830 2.3416569 2.8581773 3.1903105 2.7866831 2.5453668 3.0089127 2.7605924 2.3679375 2.2466765 2.0919112 2.8050777 2.6082399 3.3121456 3.4123955 2.6166429 2.7426611 2.4031556 3.1396722 
Gasp_gasp1.m3.20206.m1                                           1.7147016 1.9130814 1.8855519 1.8992837 1.8095965 1.8784369 1.4832051 1.4207837 1.4077226 1.2402436 1.2277868 1.2055403 1.2420043 0.8592412 0.9436803 0.5288070 0.5932564 0.4260318 0.1782408 0.2247719 0.1265473 0.1260494 0.0000000 0.1319326 0.2733555 1.0932524 1.0524804 1.0369250 1.0345486 1.1754245 1.4029358 1.3372264 1.2159054 1.2333590 1.4043155 1.5652151 1.5758120 1.5735052 1.5730959 1.5872562 1.7217800 3.1718635 2.1233012 1.1599386 1.2210327 1.4386821 1.3602080 1.4075373 1.7630321 1.4316348 1.4839517 1.8875470 1.3445363 1.9988291 2.3284187 2.3164626 2.3418804 2.0850051 2.5719064 2.3746755 2.3746755 2.0972126 2.1143751 2.2191784 3.2498471 0.9555905 2.3622358 2.7952958 3.1277418 2.7972941 2.6592092 2.9726529 2.8154925 2.4265763 2.4150820 2.0669540 2.7349019 2.4743270 3.1226319 3.4027547 2.7480272 2.8520757 2.5697399 3.0446253 
Fspp_ffun1.m4.11507.m1                                           1.6801177 1.8267030 1.7966557 1.8244228 1.6663793 1.8686297 1.3985657 1.4042521 1.4052021 1.2883623 1.2761425 1.2086077 1.3175749 0.8427774 0.9515624 0.5539105 0.5765409 0.4485361 0.2030383 0.2565801 0.1925800 0.1783847 0.1319326 0.0000000 0.2676433 1.0420253 0.9810686 1.0117877 1.0255002 1.1645659 1.4155319 1.2899334 1.1500583 1.1805934 1.4932311 1.6436979 1.6278732 1.6252546 1.6180760 1.6315105 1.7412828 3.4110159 2.2290210 1.2374349 1.3253996 1.4930257 1.4321967 1.4718311 1.8298896 1.4658135 1.5094373 1.9073717 1.3595253 1.9575285 2.3023339 2.3312993 2.2526767 2.1208847 2.5820561 2.3072755 2.3072755 2.0811439 2.0846088 2.2657785 3.3553203 0.9771231 2.2103272 2.6407398 3.0134691 2.5669767 2.5570339 2.9389461 2.6898877 2.3107590 2.3216109 2.0449391 2.6654261 2.5861609 3.0546287 3.2585485 2.6685314 2.8867604 2.4552295 3.0359397 
Gfas_gfas1.m1.23447.m1                                           3.1023668 3.2234608 3.4000501 3.3702307 0.0000010 5.1470566 1.9252755 2.3465320 2.4342524 1.9474852 2.4469300 2.1230767 1.8710268 1.3514841 1.6461829 0.8588034 0.9751639 4.5562579 0.0000010 0.2829369 0.2991274 0.2834312 0.2733555 0.2676433 0.0000000 1.6340243 1.7508902 1.8241920 1.9771048 2.1963849 1.6619685 2.1389838 2.2189935 2.3641231 1.6981711 2.2899318 2.2458496 2.3830767 2.3000576 2.3037998 2.4422255 3.8143689 2.2403390 1.8432070 2.1068119 2.1269839 2.2776998 1.9399162 2.4859878 2.9500691 2.6965782 4.8708733 2.5556959 2.4239772 4.7214424 5.5428724 5.1839497 5.4535410 6.5451117 6.1201535 6.1201535 6.1201535 5.0904476 0.0000010 6.5103035 0.0000010 5.1930625 3.7436557 4.7561379 4.6947423 5.4317124 4.3459733 5.1932730 4.9496017 4.5982444 5.0594287 6.6225880 5.1152840 6.7102053 5.7116882 3.8189062 9.0000000 2.8272081 8.6938848 
Morvir_scaffold216.g30.t1                                        1.7755266 1.8878039 1.8256292 1.9836519 1.7299552 2.0586423 1.5529418 1.4427422 1.5536959 1.2874072 1.1854810 1.3651935 1.3717065 1.2627170 1.3633682 1.0209281 1.0668645 1.4296077 0.8003374 1.0629570 1.0932042 1.1227710 1.0932524 1.0420253 1.6340243 0.0000000 0.8592388 0.8895316 0.8773028 0.8434779 1.3434117 1.3251999 1.1618155 1.0640060 1.3814856 1.5972449 1.7147249 1.7043087 1.6450988 1.6343707 1.7771178 3.1138382 2.3513438 1.5607209 1.5156729 1.7653266 1.6389648 1.5839941 1.9439695 1.6362030 1.6955646 2.0433311 1.6323505 2.3916082 2.5733487 2.5881884 2.7661176 2.4630553 2.7199089 2.7940285 2.7940285 2.4686824 2.5022981 2.6997198 3.5839159 0.9284076 2.8164127 2.8376354 3.0339609 2.8371765 2.5455181 2.8822049 3.0491519 2.8737016 2.4799151 2.4314730 2.7588156 2.9615194 3.4147860 3.3225137 3.0095033 2.8912605 2.8975695 3.4661982 
Nemnom_g7361.t1                                                  1.7997285 1.8444470 1.7742166 1.8641954 1.6011963 1.8104572 1.3991986 1.3671977 1.4371664 1.3010997 1.1775772 1.2268600 1.2169728 1.3175389 1.3449706 0.9943053 1.1012750 1.4720390 0.7359805 1.0770888 1.0318133 1.0552177 1.0524804 0.9810686 1.7508902 0.8592388 0.0000000 0.1761881 0.3958521 0.5990680 1.5519809 1.3858915 1.0974630 1.2235637 1.3802745 1.5917871 1.5519762 1.5438494 1.5715782 1.5590751 1.7206796 3.6934823 2.3761852 1.4043376 1.4155464 1.6956373 1.5447266 1.7071189 1.9915450 1.6473717 1.6176400 1.9786752 1.4810923 2.1475489 2.4214704 2.5829813 2.4819493 2.2419395 2.5101564 2.8794755 2.8794755 2.5121820 2.3533907 2.5477728 3.4598162 0.9770322 2.3739195 2.8318184 2.8622193 2.6714963 2.5227072 2.8120532 2.6924709 2.4507759 2.1079816 2.2805820 2.5567117 2.8926823 3.0397854 3.2100237 2.7547182 2.9768388 2.5747700 3.4712340 
Rhoesc_Res_000379-T1                                             1.8356634 1.8703854 1.7754947 1.8337435 1.7193637 1.9586700 1.4351971 1.4200065 1.4191542 1.2528896 1.1429294 1.1370421 1.1696814 1.4071635 1.4289410 1.0203430 1.1408998 1.4770999 0.7334848 1.0729808 1.0641764 1.0700036 1.0369250 1.0117877 1.8241920 0.8895316 0.1761881 0.0000000 0.4142772 0.5520975 1.4787489 1.3605385 1.1301021 1.1876750 1.3583430 1.5674192 1.5029370 1.4776707 1.5603542 1.5414602 1.7221952 3.9296790 2.5460886 1.4585018 1.4694612 1.7795531 1.6335298 1.8267182 2.2187675 1.7477808 1.7273168 2.0748405 1.5016340 2.2191925 2.4605625 2.6056769 2.5935376 2.2129048 2.5744913 2.8431974 2.8431974 2.5149659 2.4556073 2.6206719 3.5921155 0.9709483 2.3696355 2.9126959 2.9072083 2.8617944 2.7795592 2.9189847 2.8991096 2.6345691 2.2402207 2.3564293 2.6115431 3.0248822 3.2657407 3.3135097 2.8592399 3.0368679 2.7416659 3.4020988 
Aaur_scaffold2495.g2.t1                                          1.7812715 1.7908626 1.7199068 1.7882393 1.7894625 1.7947254 1.3475287 1.4341215 1.5370784 1.3708849 1.2013563 1.1985709 1.1768564 1.2006999 1.2284004 0.9972510 1.1052433 1.4671742 0.7371778 1.0501727 1.0449389 1.0541548 1.0345486 1.0255002 1.9771048 0.8773028 0.3958521 0.4142772 0.0000000 0.5321178 1.4670447 1.3949036 1.0960711 1.2286956 1.3681025 1.5438965 1.5966045 1.5788891 1.6003935 1.5849410 1.6284563 3.5417124 2.4514389 1.4568668 1.5454730 1.6141498 1.5847408 1.7117011 1.9382560 1.6044091 1.7092085 2.0658280 1.5894416 2.3963154 2.5221438 2.6367265 2.6501041 2.3805593 2.6313475 3.0237082 3.0237082 2.4946215 2.3126994 2.7223447 3.5728931 0.9926314 2.4576907 2.9590809 2.8966021 2.8140752 2.7707972 3.0237540 2.8192360 2.7103264 2.1936713 2.3981565 2.6436889 2.8531118 3.2118759 3.3842914 2.6938285 2.9071485 2.6902144 3.5192158 
Sanmal_Sma_010698-T1                                             1.7763020 1.7164660 1.6979069 1.7442260 1.6574161 1.6493610 1.4802152 1.4714091 1.6536724 1.3284775 1.3076352 1.2907916 1.2834665 1.4043327 1.4286426 1.1289730 1.1964090 1.5936840 0.8481253 1.2293046 1.1455093 1.1915942 1.1754245 1.1645659 2.1963849 0.8434779 0.5990680 0.5520975 0.5321178 0.0000000 1.3399887 1.4684937 1.0736046 1.0157353 1.4850582 1.6647516 1.6297144 1.6122041 1.6895657 1.7003446 1.8202327 3.1670008 2.8681786 1.3769365 1.4626970 1.6007439 1.4832740 1.6201239 1.9700309 1.5611889 1.7144674 2.0946050 1.7738409 2.5034413 2.5065634 2.5418922 2.5218315 2.0311545 2.7099306 2.9883229 2.9883229 2.4831404 2.2544585 2.9233917 3.8713679 1.0292994 2.9063065 3.1630966 3.3383674 3.1446058 3.0187095 2.9181153 2.9151588 2.8299371 2.4293751 2.6107201 2.6093161 2.9486505 3.4609247 3.4709613 2.9024584 3.1755371 2.9950829 3.7467600 
Tcas_TC003173_001                                                1.5688092 1.8793438 1.8016111 1.8344239 2.0315838 1.9821380 0.9330184 1.0677909 1.3162517 0.8826074 1.1441412 1.3195409 1.0189272 1.5697672 1.6290487 1.3288104 1.3682290 2.4538107 1.4293313 1.5049661 1.4620646 1.4911414 1.4029358 1.4155319 1.6619685 1.3434117 1.5519809 1.4787489 1.4670447 1.3399887 0.0000000 0.7791968 1.5760103 1.3925299 1.3747667 1.5657780 1.5027771 1.4736213 1.4533710 1.4753107 1.3435180 3.4779973 2.5137458 1.4530567 1.3934755 1.5037191 1.5249626 1.4930140 1.9467567 1.5200950 1.5181272 1.6982855 1.5086383 2.5041436 2.7039860 2.5853373 2.7703379 2.4043930 2.7087255 2.9736021 2.9736021 2.4831675 2.4872195 2.6334218 3.4178129 1.5974964 2.3525521 3.0667932 3.3041256 3.0134866 2.9827231 2.5139803 2.6355934 2.4991419 2.4219988 2.2008588 2.2957875 3.1553845 3.3281770 2.9457242 2.8609144 2.8912306 2.8499439 4.0087054 
Dpul_mRNA18826                                                   1.5252788 1.8488732 1.7690009 1.8423002 1.6632784 1.8662661 1.1245326 1.0375545 1.3675958 0.8617117 1.1553630 1.2556129 1.1738321 1.3660450 1.4584838 1.3200471 1.2897384 1.9764721 1.1590119 1.3531335 1.4102398 1.4184773 1.3372264 1.2899334 2.1389838 1.3251999 1.3858915 1.3605385 1.3949036 1.4684937 0.7791968 0.0000000 1.5078542 1.5379202 1.3254462 1.5263577 1.4894214 1.4826561 1.4691526 1.4439020 1.3566786 4.2512388 3.0565191 1.3483963 1.3933918 1.5748142 1.4712330 1.5914005 1.8955526 1.5006575 1.5441813 1.6625848 1.4952516 1.9626250 2.2389189 2.2782533 2.2515268 2.1618468 2.4222721 2.2331648 2.2331648 2.0760890 2.0361630 2.1461672 3.1426765 1.2556060 2.2714663 2.5726770 2.8164917 2.7119181 2.6105608 2.2878312 2.2940533 2.5863589 2.3098234 2.0364488 2.5554051 2.7803836 2.8106599 2.8012468 2.6162002 2.7973579 2.6129928 3.4418679 
Hvul_g11607_1                                                    1.9263845 1.9380701 2.0345046 2.0698624 1.9710208 2.2319189 1.7466981 1.5151597 1.6174330 1.6128681 1.4957648 1.5785894 1.6545096 1.3116223 1.3953661 1.3190497 1.4139470 1.8765040 0.9674713 1.2430168 1.2304012 1.2134713 1.2159054 1.1500583 2.2189935 1.1618155 1.0974630 1.1301021 1.0960711 1.0736046 1.5760103 1.5078542 0.0000000 0.7873879 1.4296058 1.7347940 1.8812497 1.8385050 1.8027537 1.8171382 1.8350028 5.3383378 3.6149125 1.8739498 1.8165816 1.9424547 1.9954315 1.8648335 2.1818514 1.8216261 1.9177986 2.1909899 1.6220800 2.2481740 2.4783581 2.4679883 2.2794087 2.3628372 2.6589352 2.7547613 2.7547613 2.4041966 2.3726337 2.9498259 4.0652590 1.1912111 3.1233065 3.6773712 3.9604076 3.4529784 3.2560672 3.5184781 3.2593923 3.1800592 2.6728336 3.3304774 2.6328606 3.0942738 3.3023551 3.4376650 3.2214625 3.0401121 3.2560140 3.7423837 
Chem_TCONS_00021095                                              1.7972258 1.6058096 1.6482597 1.6500264 1.9440281 1.8164415 1.7368473 1.6091959 1.7571190 1.7046909 1.5532777 1.5490758 1.5359051 1.2953867 1.3059874 1.2801859 1.2848878 1.8131222 0.8827428 1.2832038 1.2286402 1.2236034 1.2333590 1.1805934 2.3641231 1.0640060 1.2235637 1.1876750 1.2286956 1.0157353 1.3925299 1.5379202 0.7873879 0.0000000 1.6873359 1.9598628 1.8862066 1.8425546 1.7974984 1.8146338 1.9415013 4.1663985 2.5773532 1.5215034 1.5508436 1.7517611 1.7042864 1.7631103 2.0108704 1.6345428 1.7031942 2.0959987 1.5246845 2.2041224 2.4157077 2.3282867 2.3976942 2.2983246 2.6974849 2.8767967 2.8767967 2.3589622 2.3884433 2.5305353 3.5923350 1.4341915 2.7264327 2.8774274 3.2136372 2.8890552 2.9118911 2.7065827 2.9561319 2.9211922 2.7898122 2.8743091 2.4507283 3.1362167 3.1094073 3.6064868 3.2257213 3.3173354 3.0763002 3.3101980 
Tadh_TriadT50676                                                 1.5386566 1.5385090 1.5809780 1.5985883 1.6510901 2.4895165 1.3472289 1.1646561 1.2858842 1.2055159 1.1655676 1.2664502 1.2094176 1.4380337 1.5769128 1.4645227 1.5052175 2.2597472 1.3835109 1.4340953 1.4781248 1.4271115 1.4043155 1.4932311 1.6981711 1.3814856 1.3802745 1.3583430 1.3681025 1.4850582 1.3747667 1.3254462 1.4296058 1.6873359 0.0000000 0.0076554 0.2803359 0.2557126 0.2221888 0.2227343 0.2667141 2.2749230 2.2574815 1.7344828 1.7299084 1.5920328 1.7878089 1.5557663 1.6000572 1.6182150 1.6062563 2.0002496 1.1733368 2.9353345 2.8162566 2.6423875 2.7939567 2.5178267 2.8160364 3.1353784 3.1353784 2.7944493 2.4502059 2.7302288 3.3628734 1.2163698 2.8040730 3.3878861 3.3281941 3.5144270 2.8422848 2.7087766 2.6262559 3.2636182 2.6255995 2.7634369 2.5572840 3.1007179 3.0475852 2.9153077 3.3760210 3.9548517 3.1760223 3.8252159 
TrH2_TrispH2_002031-RA                                           1.7393888 1.6719367 1.7747100 1.8280035 1.6510901 2.4574955 1.5570358 1.4603202 1.5821463 1.3726839 1.3843153 1.4779473 1.4156136 1.6857323 1.8082428 1.6142677 1.6308743 2.2773792 1.3993528 1.5525038 1.6662436 1.5923307 1.5652151 1.6436979 2.2899318 1.5972449 1.5917871 1.5674192 1.5438965 1.6647516 1.5657780 1.5263577 1.7347940 1.9598628 0.0076554 0.0000000 0.3141243 0.2925071 0.2723694 0.2696103 0.3191157 2.8539636 2.6374297 1.8943063 1.8819355 1.7459554 1.8695683 1.7126721 1.9096575 1.8484455 1.7004793 2.0892539 1.4332441 2.8457197 2.9442079 2.7787918 2.9575604 2.6732605 2.9757059 3.2466455 3.2466455 2.8834439 2.5674453 2.6804233 3.6139274 1.2349280 3.0116928 3.6968630 3.6091595 3.8519870 3.1140640 2.9450317 2.9247631 3.4969728 2.8155930 3.0169487 2.9044238 3.1983148 3.3625066 3.1804019 3.5825991 3.9973375 3.4580230 4.1935323 
HoiH23_PlH23_010237-RA                                           1.8764942 1.9370972 1.9649223 1.9991777 1.7532476 2.3458503 1.5389558 1.5014660 1.6494806 1.3624189 1.3720219 1.3405209 1.3409005 1.6793328 1.7022839 1.6289109 1.6907711 2.1736478 1.3826771 1.5903373 1.6522782 1.6264546 1.5758120 1.6278732 2.2458496 1.7147249 1.5519762 1.5029370 1.5966045 1.6297144 1.5027771 1.4894214 1.8812497 1.8862066 0.2803359 0.3141243 0.0000000 0.0351861 0.1013754 0.0972580 0.1995389 2.9214135 2.4407424 1.9242905 1.9780432 1.6193361 1.7423189 1.7114688 1.9508290 1.8736001 1.6191928 1.9897324 1.4963881 3.0312850 3.0724590 3.0326804 3.2386967 2.8299904 3.0150072 3.5027171 3.5027171 3.0009503 2.6727277 3.0264092 3.7316690 1.1878454 2.9579049 3.8663503 3.7087275 3.6849934 3.3536227 2.9146861 3.0780441 3.3859972 2.7988565 3.0091838 2.8334591 3.3186965 3.5097609 3.2804092 3.5049571 3.8914637 3.5134045 4.3620441 
HoiH06_mRNA11135                                                 1.8213712 1.8678569 1.9025182 1.9371248 1.7211234 2.2728732 1.5341816 1.4434244 1.6453281 1.3595310 1.3314343 1.2979353 1.3418452 1.6509781 1.6610170 1.6283119 1.7291917 2.1647680 1.3735547 1.6246651 1.6495342 1.6238349 1.5735052 1.6252546 2.3830767 1.7043087 1.5438494 1.4776707 1.5788891 1.6122041 1.4736213 1.4826561 1.8385050 1.8425546 0.2557126 0.2925071 0.0351861 0.0000000 0.1053444 0.1012039 0.1887113 2.8786745 2.4705614 1.8915002 1.9404896 1.5624634 1.7317955 1.6888693 1.8922427 1.8348376 1.5978473 1.9661783 1.4865462 3.0215037 3.0205362 3.0175139 3.1772778 2.8101332 2.9932975 3.4232900 3.4232900 2.9083612 2.6518645 2.9645224 3.7078075 1.1773321 2.9839983 3.8189516 3.7275492 3.7404821 3.4285201 2.9676176 3.0582240 3.3527477 2.7384385 2.9650682 2.7936425 3.2890723 3.4816181 3.2815595 3.5073700 3.9756888 3.4459362 4.2864468 
Hhon_g00737.t1                                                   1.9515353 1.9104145 1.9291971 1.9855231 1.7562583 2.5585259 1.5615440 1.4931322 1.7393725 1.4042705 1.3940471 1.3727734 1.4163335 1.6657975 1.7324973 1.6825987 1.7326858 2.2556383 1.3881972 1.6370495 1.6425903 1.6369054 1.5730959 1.6180760 2.3000576 1.6450988 1.5715782 1.5603542 1.6003935 1.6895657 1.4533710 1.4691526 1.8027537 1.7974984 0.2221888 0.2723694 0.1013754 0.1053444 0.0000000 0.0247451 0.1964390 3.5300568 2.8249933 1.9856042 2.0033812 1.6964513 1.9141960 1.7686236 2.0158149 1.9114086 1.7417062 2.1425719 1.5736832 3.0355960 3.0862353 2.8155814 3.2308010 2.8859675 2.9806337 3.4652610 3.4652610 2.8872533 2.6441905 3.0148368 3.8787927 1.1677689 3.0237687 3.9154628 3.7068834 3.8255981 3.3176570 2.9983584 3.0477445 3.4278254 2.7823807 3.0996628 2.8129130 3.3193340 3.6779396 3.4506935 3.5184195 3.8701130 3.5498141 4.0988031 
HoiH04_mRNA13081                                                 1.9162171 1.8871357 1.9054273 1.9615689 1.7020327 2.5317731 1.5546055 1.4549885 1.7322116 1.3949927 1.3576375 1.3530446 1.3973528 1.6640501 1.7306326 1.6734170 1.7061045 2.2331593 1.3761673 1.6250786 1.6561327 1.6499385 1.5872562 1.6315105 2.3037998 1.6343707 1.5590751 1.5414602 1.5849410 1.7003446 1.4753107 1.4439020 1.8171382 1.8146338 0.2227343 0.2696103 0.0972580 0.1012039 0.0247451 0.0000000 0.1867217 3.4173743 2.7133020 2.0329261 2.0508470 1.7019500 1.8980268 1.7593417 1.9857725 1.9016622 1.6975736 2.0894317 1.5498004 3.0694711 3.1107993 2.8295650 3.2579106 2.8733084 2.9957964 3.4716545 3.4716545 2.8771788 2.6347500 2.9426061 3.8140270 1.1439282 3.0300283 3.8885078 3.6954039 3.8219259 3.2429433 2.9541959 3.0263375 3.4334015 2.7690935 3.0683895 2.7995042 3.2940479 3.5987618 3.4357667 3.5076149 3.8888264 3.4491114 4.0784081 
HoiH11_mRNA4069                                                  2.0027942 1.9747275 2.0504549 2.0846945 2.1774085 3.0153272 1.5611634 1.5217164 1.8017883 1.2741167 1.5041875 1.4528052 1.2851074 1.7388449 1.7740871 1.6808984 1.7892747 2.9824769 1.3268716 1.6271579 1.6926954 1.6613611 1.7217800 1.7412828 2.4422255 1.7771178 1.7206796 1.7221952 1.6284563 1.8202327 1.3435180 1.3566786 1.8350028 1.9415013 0.2667141 0.3191157 0.1995389 0.1887113 0.1964390 0.1867217 0.0000000 3.0048097 2.3239170 1.9357901 2.0240352 1.7160493 1.8082253 1.8991826 1.7987373 2.0697029 1.9183669 2.4952031 1.5319524 2.7507257 3.1093799 3.2943542 3.0007647 3.2045364 2.9752979 2.9172739 2.9172739 2.9383238 2.8081968 3.0104871 3.9866907 1.3329819 3.0864216 4.3531426 4.1342491 4.3513040 3.9768840 3.1649435 3.2291863 3.3269589 2.7867406 3.1191356 3.1932864 3.5954027 3.9091654 3.7456512 3.1511500 3.4957750 3.7510894 4.7436129 
Stycar_maker-SC_scaffold1136-snap-gene-0.25-mRNA-1               2.8954237 2.2036810 2.8063141 2.6671988 0.0000010 5.2449598 5.1741470 4.0315504 3.7874046 3.9626914 3.6762291 2.5557037 3.3338104 3.8820257 3.7154741 3.2736850 2.8360758 0.0000010 0.7728731 2.8280272 3.3434787 3.4304012 3.1718635 3.4110159 3.8143689 3.1138382 3.6934823 3.9296790 3.5417124 3.1670008 3.4779973 4.2512388 5.3383378 4.1663985 2.2749230 2.8539636 2.9214135 2.8786745 3.5300568 3.4173743 3.0048097 0.0000000 0.1265301 1.5304800 1.6240856 1.4114996 1.5307332 0.8752684 1.4480228 1.6705765 2.3220809 4.4456634 3.7082652 1.8996375 3.0640864 3.5406100 4.1844656 3.1683275 4.0835091 3.1119543 3.1119543 3.1119543 2.5706451 2.8549579 6.7932018 0.7728731 4.9279855 5.4227766 4.7676657 5.4265824 4.9784717 3.6034851 4.0187225 4.7822425 4.0249417 6.1989188 5.2329772 6.9496821 7.8413083 5.6741069 3.7856797 8.9999990 3.4974523 5.3613602 
Stycar_maker-SC_scaffold6758-augustus-gene-0.52-mRNA-1           2.4069946 2.2772351 2.3821247 2.3959353 3.4096048 5.4295054 3.0464590 2.5433213 2.8898357 2.7735529 2.7667286 1.9022505 2.4497533 3.1644265 3.1179849 2.2303542 1.9473847 4.5724030 2.3275591 1.9462745 2.1357229 2.1601314 2.1233012 2.2290210 2.2403390 2.3513438 2.3761852 2.5460886 2.4514389 2.8681786 2.5137458 3.0565191 3.6149125 2.5773532 2.2574815 2.6374297 2.4407424 2.4705614 2.8249933 2.7133020 2.3239170 0.1265301 0.0000000 1.3086309 1.3297015 1.3792697 1.4333283 1.0174358 1.2529828 1.6131376 2.0452054 3.4165573 2.2045678 4.6324674 5.1957859 5.6540099 5.6419147 5.2275086 6.0845883 6.4816901 6.4816901 6.2660629 5.7692912 8.9999990 5.6728276 1.7391313 4.2989273 3.5800365 3.8234317 4.5082603 3.6755610 3.2839227 3.2663238 4.4662532 3.5461391 4.8449256 4.0418419 4.8245136 6.1971405 5.6256855 3.4351635 6.8512437 3.3346668 5.5673454 
Emue_Em0016g1104a.t1                                             1.5453866 1.5406930 1.4735430 1.5423542 1.6687786 1.1250557 1.6528904 1.5627348 1.8205314 1.4174663 1.4699908 1.5922808 1.5678353 1.6541184 1.6595634 1.3490678 1.3255696 1.6492801 1.1216413 1.2415320 1.3157074 1.3294712 1.1599386 1.2374349 1.8432070 1.5607209 1.4043376 1.4585018 1.4568668 1.3769365 1.4530567 1.3483963 1.8739498 1.5215034 1.7344828 1.8943063 1.9242905 1.8915002 1.9856042 2.0329261 1.9357901 1.5304800 1.3086309 0.0000000 0.1238699 0.6481025 0.6964970 0.7919715 1.0066001 0.8863651 1.2876455 1.6109513 1.2689030 1.8010302 1.9227138 2.0917490 2.1997351 2.0449300 2.1931014 2.2088345 2.2088345 1.9562654 1.8060133 2.1346274 2.8905452 1.4690671 2.4158003 2.7130244 2.9918530 2.8153405 2.7293087 2.4650640 2.3827778 2.5703839 2.3249958 2.3096755 2.4834005 2.4170535 2.7033850 2.8274249 2.2853844 2.5761808 2.4729668 2.8820694 
