70
Lcom_lcpid56146                                                 0.0000000 0.6000841 0.6481886 2.3610083 2.3451502 3.0032602 3.0290990 3.1953343 2.2633455 2.6213914 2.8020663 2.9003761 2.8829105 2.4441363 2.7203008 2.7655953 1.5933472 2.7978141 2.6827420 2.8138668 2.9928731 3.2752054 2.9028709 2.0821537 2.9285106 2.7854700 3.0280737 3.2159831 3.7932053 3.9687883 3.3897634 3.4290573 3.0993310 3.7638249 4.2592346 3.4190303 2.6122560 2.5397954 2.1240378 3.0941875 4.0480456 3.5407934 3.3586433 3.6491755 3.6934995 4.0637607 4.0525409 3.8094746 2.8504851 3.3682327 3.3682327 3.0678245 3.2679930 4.2487570 3.6976656 4.0120907 3.6139710 3.5914481 3.4165989 3.0712195 1.9833145 3.7038021 3.8083725 3.7408810 3.8859147 2.9876603 2.2219731 4.1794092 3.7740002 4.7170454 
Leuniv_Lniv_scaffold24385_01                                    0.6000841 0.0000000 0.5972722 2.3124582 1.7832780 2.5761621 2.5021436 2.6305731 1.7734458 2.2303014 2.5128273 2.5400035 2.5868179 2.2273133 2.6155155 2.6576725 1.5550596 2.9380684 2.2529148 2.4735929 2.8108496 2.5742195 2.2755105 1.9262030 2.2901491 2.4867451 2.7929806 3.1093440 3.3590785 3.1795359 3.2474347 3.1763714 2.8649567 3.3588754 3.1993129 3.0992410 2.3666444 2.2637799 1.7154717 2.6839375 3.3946037 2.8790019 3.1075594 3.7734886 3.8556085 4.1340137 4.1346562 3.6806970 2.4626452 3.2040172 3.2040172 3.4391540 3.3777696 3.7181419 3.5128026 3.3567032 3.1354125 2.7720368 3.1708359 2.8079650 1.9266998 3.2694709 3.0657618 3.5592298 3.7367254 2.9455386 1.9250891 3.5735927 3.7154064 4.6240515 
Gracom_Gcom_C541946_01                                          0.6481886 0.5972722 0.0000000 2.3424543 1.9866634 2.6505177 2.5497228 2.8667933 1.9907153 2.4082250 2.4926635 2.5964742 2.5793268 2.3299277 2.4665389 2.4821767 1.5874320 2.8447184 2.3952210 2.7611364 2.8514861 2.6104154 2.3651216 1.8918610 2.6955444 2.6543070 2.8773370 3.0239734 3.7660087 3.7257693 3.2048077 3.1899513 2.7337819 3.1621231 3.4621875 3.0166167 2.4146894 2.3042434 1.8873367 2.8584027 3.7829728 3.2907826 3.7229082 3.7985207 3.8510260 3.7965356 3.7986178 3.6432925 2.8896182 3.6467334 3.6467334 2.9994893 3.4595429 3.8936345 3.4048147 3.3185839 3.0987925 3.2762724 3.2408090 2.9721297 2.1208550 3.3965508 3.4833265 3.7380499 4.4591519 3.0031455 2.0671898 4.0507627 3.6473387 4.4374888 
Bralan_BLAG02001731_1                                           2.3610083 2.3124582 2.3424543 0.0000000 2.0844885 2.1785762 2.1787444 2.3002064 1.4718506 1.7350604 1.8050435 1.8638328 2.1456853 1.9044030 2.0245623 2.0214518 1.2632933 2.4479151 2.0295636 2.0624593 2.1775146 2.9133974 1.4626737 1.5080258 2.1177051 1.9402998 2.0234675 2.5324007 2.8773390 3.0604864 3.3369559 3.3216179 2.6695880 3.2794396 3.5321413 2.8761460 1.8081160 2.4257693 1.7428702 2.2387670 2.8282534 2.1212352 2.6755223 3.4375697 3.3709881 3.2389009 3.2408092 3.4285379 3.1714177 3.4470890 3.4470890 3.8732790 2.7139569 3.7308474 3.4518800 3.7703936 3.6787607 3.2771423 3.2879678 2.8276111 3.3120013 3.1249718 3.3301590 3.2268070 4.1827194 2.6522379 2.5886345 4.5760834 2.5193537 3.6484002 
Morvir_scaffold178.g11.t1                                       2.3451502 1.7832780 1.9866634 2.0844885 0.0000000 1.1028639 1.0514226 1.2775169 0.7553472 1.2294172 1.8964691 1.7806628 2.0470408 1.4916729 1.5264382 1.5278850 2.4013609 1.6026079 1.9108496 1.8271171 1.4675947 1.9047135 1.8389924 1.5299453 1.6323413 2.0936820 1.9338530 2.3667881 8.9999981 3.8964475 4.2912659 3.1206276 3.2211712 2.9140493 2.9793269 4.0027533 3.0206071 3.3835775 3.4823142 2.3791254 0.0000010 4.1570886 2.9467767 2.6264620 2.6264620 2.6814517 2.6862701 2.3688746 3.6791756 3.0293145 3.0293145 4.3824013 2.6880740 3.8798391 3.7259435 3.7441118 3.9904412 3.0875507 4.0441542 4.0416515 2.8958029 3.0784571 2.7407858 4.2174933 3.9278924 3.4521856 1.8211436 4.7196028 0.0000010 2.3497877 
Nemnom_g1805.t1                                                 3.0032602 2.5761621 2.6505177 2.1785762 1.1028639 0.0000000 0.7553653 0.3294544 0.2985484 1.5231807 1.6838326 1.6735184 1.6672104 1.5971028 1.8461201 1.8338509 1.1689272 2.0791319 1.7648040 1.7271391 1.9977858 2.1658485 1.6794711 1.7020183 1.7384575 2.8749184 2.0386726 3.1902632 2.7818685 2.7429164 2.9691827 3.0802593 2.3888178 2.9571132 2.9491512 2.7663062 2.1730558 1.8851088 1.6297677 2.4485593 2.0799209 3.0773038 2.5837194 2.7559144 2.7593718 3.1333410 3.1342163 3.1538325 2.6743216 3.1650753 3.1650753 4.3893588 3.2146247 3.9381244 3.8930821 3.6482733 3.4475673 3.3513924 3.7832215 3.2241484 3.0394580 2.6985756 3.4270611 4.1064699 4.0081643 2.8999252 2.3825111 4.5057354 1.7442190 3.3843870 
Sanmal_Sma_007800-T1                                            3.0290990 2.5021436 2.5497228 2.1787444 1.0514226 0.7553653 0.0000000 0.7815777 0.3697249 1.7743907 1.4946185 1.5198493 1.3891106 1.2381941 1.5377326 1.5275516 1.2200537 1.7279377 1.7660538 1.6758974 2.1007472 2.0537246 1.7129006 1.7895917 1.5534198 2.8026763 2.0450551 3.1769626 3.0957166 3.0072533 3.6479579 3.4515974 2.6794490 2.8616551 3.3270848 3.1494517 2.4880427 1.9664350 1.6298357 2.5083022 1.9498289 2.5951807 2.5460546 2.7599462 2.7147381 2.6600130 2.6609717 2.6238787 2.9676722 3.4231058 3.4231058 4.8543349 2.6297677 4.2710860 4.0440540 3.4056630 3.3673911 3.5722126 3.8691844 3.3577871 2.9889007 3.3221563 3.2444413 4.5432543 3.6839503 3.0808725 2.4553161 4.6662627 1.6234816 3.4679111 
Rhoesc_Res_012076-T1                                            3.1953343 2.6305731 2.8667933 2.3002064 1.2775169 0.3294544 0.7815777 0.0000000 0.3367811 1.8755091 1.9103394 1.9489100 1.8940109 1.7882102 2.0092946 1.9962152 1.2795666 2.2273599 2.1325540 1.8451652 1.9680251 2.3793624 2.0118431 1.9326056 1.8608662 3.0255362 2.1581096 3.5081988 2.9046438 2.9052792 3.1581079 3.0279511 2.5261323 2.7508777 3.2400510 2.8334559 2.4797842 1.8325680 1.8319854 2.8243446 2.6278043 3.1221298 2.8760042 2.8681244 2.9136761 3.1632132 3.1640865 2.9269423 3.1092106 3.8225151 3.8225151 4.3602082 3.2499702 4.7397363 4.2336213 3.8316024 3.4458625 3.6596177 4.0197597 3.5400116 3.4662744 3.0624139 3.7274552 3.8641238 4.0249472 3.1792618 2.4978231 5.2987344 1.8587933 3.5541894 
Aaur_scaffold199.g6.t1                                          2.2633455 1.7734458 1.9907153 1.4718506 0.7553472 0.2985484 0.3697249 0.3367811 0.0000000 1.0039620 1.1403462 1.1067267 1.2466192 1.1134380 1.2597651 1.2597651 1.1897554 1.4791145 1.3664671 1.2083070 1.3297980 1.5602275 1.4087608 1.1841333 0.9876394 1.6436965 1.4386532 2.3830630 2.8482472 2.7998775 3.3230471 3.1760753 3.1356984 2.5540994 2.4228402 2.1970047 1.6090357 1.4637285 1.1639348 2.4051055 1.1199606 1.4663712 2.0348301 2.1797504 2.1797504 2.1929003 2.1946083 2.1319434 2.2574491 2.7202828 2.7202828 2.9080991 2.3384432 2.8109236 2.1511761 2.4670239 2.3234180 2.1713926 2.3826583 2.6837065 2.9761031 2.2524895 2.0711145 2.6298682 3.1124220 2.1712390 2.2352526 2.8771411 0.6671559 2.8826485 
Hsap_ENST00000297632                                            2.6213914 2.2303014 2.4082250 1.7350604 1.2294172 1.5231807 1.7743907 1.8755091 1.0039620 0.0000000 1.7291810 1.7026112 1.6592220 1.6717462 1.8309621 1.8279640 1.0974763 2.2832353 2.0109832 1.6687913 1.7487091 2.2671825 1.5084358 1.4823751 2.1768803 2.1729378 1.8804820 2.6119089 3.3648484 3.2848678 3.0388360 2.9833603 2.9556551 3.0598381 2.8543920 2.9874194 2.2248540 2.0830340 1.6873633 2.5272915 2.7409288 2.8813043 3.1942282 2.4840452 2.4829509 2.5866761 2.5882703 2.6624241 2.6914953 3.3049371 3.3049371 3.9310095 2.9012933 3.7801279 3.3824753 3.8749667 3.4893178 3.0805482 3.5717245 2.8193189 2.7449899 2.4311516 3.4328769 3.0701213 3.3063008 2.7960285 2.3828162 4.0799229 3.1425396 2.6952097 
Spis_XP_022803533_1                                             2.8020663 2.5128273 2.4926635 1.8050435 1.8964691 1.6838326 1.4946185 1.9103394 1.1403462 1.7291810 0.0000000 0.0693883 0.2375841 0.2437049 0.3547050 0.3530453 1.0179418 0.8557738 1.0370960 1.1185967 1.1281214 1.6959962 1.5295102 1.5180208 1.7583421 2.2264916 1.9120019 2.5858421 2.3856890 2.2384104 2.4383797 2.4555447 2.1716518 2.3394408 2.5286102 1.9837804 2.0634070 1.8900780 1.5401545 2.2669768 1.9525116 2.5016043 1.8727302 2.1986130 2.2037709 2.3411576 2.3339438 2.2725169 2.4132834 3.2819173 3.2819173 3.5402805 2.7988332 3.0333953 3.4636046 2.9642987 2.8478592 3.0782654 3.1240948 2.6666023 2.8253884 2.9486219 3.0607387 3.2873994 3.1077059 2.8303419 2.5206173 4.2854775 1.9294125 1.5181902 
Pocdam_XM_027185199.1                                           2.9003761 2.5400035 2.5964742 1.8638328 1.7806628 1.6735184 1.5198493 1.9489100 1.1067267 1.7026112 0.0693883 0.0000000 0.2297157 0.2122999 0.3427727 0.3411853 1.0490072 0.9316800 1.0068890 1.1456236 1.1123789 1.7262840 1.6132864 1.6048649 1.7710203 2.4138166 1.9456137 2.8079318 2.3950172 2.2896643 2.4732202 2.5185918 2.2007487 2.3733698 2.5713836 1.9725760 2.1717347 1.9297293 1.6071160 2.4366589 1.9189886 2.4895452 1.9226645 2.2547750 2.2333209 2.3139625 2.3068624 2.2094604 2.5372097 3.4013623 3.4013623 3.5370606 2.9067869 3.2477194 3.7532072 3.0981405 2.9735054 3.1085153 3.2047353 2.8088445 2.8094552 3.0799356 3.3470331 3.3593476 3.3794470 2.9068531 2.5957833 4.4382726 1.9481251 1.4722298 
Gasp_gasp1.m3.22070.m1                                          2.8829105 2.5868179 2.5793268 2.1456853 2.0470408 1.6672104 1.3891106 1.8940109 1.2466192 1.6592220 0.2375841 0.2297157 0.0000000 0.1706978 0.3462115 0.3382950 1.1917721 0.9053878 1.0480798 1.2471677 1.2105318 1.7778735 1.5785120 1.5528997 1.8537949 2.6009753 2.0419395 2.6568734 2.7483499 2.7966497 2.6196921 2.8781295 2.5056139 2.6290935 2.8179665 2.1986384 2.3061436 2.0413124 1.7023028 2.5099414 1.9110084 2.8275801 2.1701870 2.4235185 2.4360089 2.4265806 2.4191900 2.4281240 2.7443668 3.6277178 3.6277178 3.9064170 2.9625489 3.6554169 4.1534472 3.3690354 3.1619394 3.3780280 3.4577921 2.8312813 2.8413964 3.1042613 3.5476676 3.4342163 3.1703444 3.3803154 2.6502918 4.5648528 2.4359966 1.4692637 
Fspp_ffun1.m4.11038.m1                                          2.4441363 2.2273133 2.3299277 1.9044030 1.4916729 1.5971028 1.2381941 1.7882102 1.1134380 1.6717462 0.2437049 0.2122999 0.1706978 0.0000000 0.3124245 0.3128120 0.9107506 0.8365691 0.8424513 1.2011103 1.0455082 1.5719049 1.5293320 1.4464271 1.7225611 2.4439485 1.8190323 2.4364385 2.6150106 2.4252016 2.1098108 2.3714002 1.8755465 2.1854365 2.3627604 1.9120811 2.1924442 1.5992294 1.2256891 2.4339964 2.1246783 2.7110354 1.9436559 2.3197391 2.3197391 2.2079392 2.2004605 2.2046247 2.2435408 3.2400774 3.2400774 3.3474034 3.1193553 3.4851213 3.7708105 3.0540850 2.8725032 3.0026177 2.8180898 2.5267086 2.9113321 2.7275096 3.0970632 2.9442609 3.2443756 3.0115359 2.5368860 3.6225656 2.2037707 1.0669013 
Amil_Amillepora22549-RA                                         2.7203008 2.6155155 2.4665389 2.0245623 1.5264382 1.8461201 1.5377326 2.0092946 1.2597651 1.8309621 0.3547050 0.3427727 0.3462115 0.3124245 0.0000000 0.0102802 1.1467624 1.0273198 1.0163524 1.3270120 1.2372913 1.7944965 1.5730709 1.6547948 2.0295252 2.3718170 2.2019704 2.5839727 2.5094432 2.6282208 2.5211675 2.5693683 2.2064411 2.5641913 2.6781958 2.3320822 2.1778482 1.9419555 1.7529506 2.3203503 2.1478634 2.6865955 2.0618000 2.5110171 2.5285019 2.4872023 2.4881573 2.3638418 2.6737276 3.5998094 3.5998094 3.8359118 2.7875024 3.4570974 3.8302789 3.4553527 3.2952061 3.0936816 3.2885922 3.0791263 3.0483703 2.9044891 3.6851445 3.3189462 3.8270491 2.6198826 2.7224676 4.1632897 2.4270837 1.5169946 
Adig_XM_015892883.1                                             2.7655953 2.6576725 2.4821767 2.0214518 1.5278850 1.8338509 1.5275516 1.9962152 1.2597651 1.8279640 0.3530453 0.3411853 0.3382950 0.3128120 0.0102802 0.0000000 1.1477771 1.0208360 1.0154896 1.3253884 1.2129907 1.7656469 1.5720412 1.6434356 2.0322530 2.3743807 2.1985114 2.5405708 2.5094432 2.6282495 2.5212659 2.5702546 2.2067616 2.5642639 2.6781917 2.3329685 2.1781294 1.9558593 1.7538155 2.2851806 2.1850377 2.6904742 2.0742953 2.5111189 2.5231543 2.4825379 2.4834917 2.3595646 2.6737264 3.5907496 3.5907496 3.9035645 2.7511317 3.4931797 3.8195908 3.4464287 3.2777347 3.0962608 3.2514558 3.0905224 3.0390274 2.9043189 3.6842783 3.3184431 3.8273687 2.5918135 2.7414419 4.1953957 2.4078785 1.5349873 
Ctel_gnl_WGS_AMQN_CAPTEDRAFT_mRNA37881                          1.5933472 1.5550596 1.5874320 1.2632933 2.4013609 1.1689272 1.2200537 1.2795666 1.1897554 1.0974763 1.0179418 1.0490072 1.1917721 0.9107506 1.1467624 1.1477771 0.0000000 1.2251841 1.3021674 1.4221340 1.4110814 1.1377113 1.2769849 1.2230732 1.2702235 1.1594522 1.2266334 1.0985826 2.1023266 1.7719718 1.8416111 1.9452862 1.9119539 1.8372491 1.6029121 1.5226327 1.5202069 1.5697612 1.2786440 1.6107186 1.3138836 1.5132916 1.9287358 1.7314236 1.7314236 1.7642232 1.7663502 1.6730594 1.8088749 1.7673911 1.7673911 1.8184011 1.9214837 1.9939018 1.8999225 1.7932616 1.5597675 1.8600894 1.9657124 1.6194961 2.3143903 2.1938577 2.0764114 1.9163618 1.8783517 1.5790877 1.7455286 1.6637380 0.9586838 2.1466393 
Exapal_XM_021040410.2                                           2.7978141 2.9380684 2.8447184 2.4479151 1.6026079 2.0791319 1.7279377 2.2273599 1.4791145 2.2832353 0.8557738 0.9316800 0.9053878 0.8365691 1.0273198 1.0208360 1.2251841 0.0000000 1.1657168 1.3220575 1.2749585 2.2213155 1.8077510 1.7690087 2.0532176 2.3573441 2.0901297 2.7858382 2.5804407 2.7570256 2.8499804 2.9728952 2.0107219 2.8612471 2.7673504 3.0483038 2.4236627 1.9506151 1.6029189 2.8711614 2.5694865 2.4931148 2.2984098 2.6793909 2.7711225 2.7135953 2.7057055 2.8751551 2.5758966 3.1743106 3.1743106 3.6624626 2.4116453 3.0494219 2.9012768 3.3292493 3.2133481 3.2728079 2.8222942 2.9764297 2.7914293 2.7077180 2.8862701 3.2898158 2.8477415 2.9370585 2.7439037 4.3237923 2.6970056 1.8826578 
Nvec_v1g86363                                                   2.6827420 2.2529148 2.3952210 2.0295636 1.9108496 1.7648040 1.7660538 2.1325540 1.3664671 2.0109832 1.0370960 1.0068890 1.0480798 0.8424513 1.0163524 1.0154896 1.3021674 1.1657168 0.0000000 1.4232561 1.3725554 2.0165378 1.6730721 1.5469353 1.6207241 2.0726792 2.0233771 2.3832337 2.3469517 2.2780657 2.2764736 2.4403373 2.0002887 2.2149382 2.3665654 2.2415071 2.0563768 1.9539710 1.6041272 2.7336788 2.0911218 2.3933323 2.1409124 2.6276877 2.6274351 2.7894619 2.8028218 2.8029137 2.5864288 3.4512713 3.4512713 3.1684784 2.4291628 3.4493358 3.3583518 2.8828767 3.2273976 2.8313832 3.0299343 2.3909733 3.0795709 2.4451332 2.8255624 3.1734905 3.2207995 2.6901044 2.2084976 4.1498891 2.1310414 2.1466516 
Dgig_XM_028550351.1                                             2.8138668 2.4735929 2.7611364 2.0624593 1.8271171 1.7271391 1.6758974 1.8451652 1.2083070 1.6687913 1.1185967 1.1456236 1.2471677 1.2011103 1.3270120 1.3253884 1.4221340 1.3220575 1.4232561 0.0000000 0.4741969 1.8662663 1.7393117 1.7687373 1.7628519 2.1715189 2.1561869 2.7021259 2.7479271 2.9427257 2.6030130 2.4925763 2.3416010 2.7021546 2.3733627 2.4147923 2.1198302 1.7981758 1.9730506 2.5564551 2.0829298 2.2449233 2.3835389 2.4826833 2.3368909 2.2223179 2.2154385 2.1738413 3.1751289 3.5617814 3.5617814 3.7349726 2.9065622 3.1376145 3.5366054 3.4749916 3.4125861 3.2029897 3.8470047 3.5085402 3.1658879 3.2946542 3.1365757 3.6554949 3.8553330 2.9480639 2.1072762 4.0842373 2.0171822 2.3204837 
Xesp_019278-T1                                                  2.9928731 2.8108496 2.8514861 2.1775146 1.4675947 1.9977858 2.1007472 1.9680251 1.3297980 1.7487091 1.1281214 1.1123789 1.2105318 1.0455082 1.2372913 1.2129907 1.4110814 1.2749585 1.3725554 0.4741969 0.0000000 1.8038491 1.9786444 1.9276015 1.8798183 2.4674417 2.2189324 2.5109963 2.6742469 2.9431050 2.6197050 2.3358380 2.7945195 2.7592873 2.4342748 2.2674339 2.2660399 2.0158306 2.0796025 3.1619955 1.7250075 2.3299247 2.2507129 2.4792711 2.4391862 2.4717111 2.4636585 2.3607346 3.1536532 4.3496714 4.3496714 4.7149011 3.3035781 3.8060495 4.3264825 3.5220791 3.3907489 3.5051091 4.0663037 3.5525751 3.2577439 3.5593735 3.6722136 4.0121701 3.8818070 3.0761206 2.1691969 4.0341037 2.0802127 2.5217732 
Opea_EP00118_Oscarella_pearsei_P013326                          3.2752054 2.5742195 2.6104154 2.9133974 1.9047135 2.1658485 2.0537246 2.3793624 1.5602275 2.2671825 1.6959962 1.7262840 1.7778735 1.5719049 1.7944965 1.7656469 1.1377113 2.2213155 2.0165378 1.8662663 1.8038491 0.0000000 2.0926149 2.0479392 2.3429378 3.0000610 2.5180534 2.7277841 3.2435251 2.9602851 2.6119621 2.8244447 2.1774943 2.5893769 2.8420753 2.8467367 2.0816952 1.7865265 1.2371126 2.6874391 3.0238519 2.6651105 2.8401347 2.3792240 2.3839777 2.3885139 2.3969155 2.2071360 2.5582380 2.8522946 2.8522946 3.3204624 3.2826910 3.8323901 3.3027520 2.9875610 3.1230739 3.2249415 3.0785426 2.9984262 2.8651897 2.7119627 2.9034756 2.9665151 3.0228527 2.8029559 2.5281942 3.7887491 3.8004839 2.5363662 
Cscu_XM_023381068.1                                             2.9028709 2.2755105 2.3651216 1.4626737 1.8389924 1.6794711 1.7129006 2.0118431 1.4087608 1.5084358 1.5295102 1.6132864 1.5785120 1.5293320 1.5730709 1.5720412 1.2769849 1.8077510 1.6730721 1.7393117 1.9786444 2.0926149 0.0000000 1.3644782 1.9098248 1.6807681 1.6827970 2.1717006 2.5001410 2.7785221 2.4373720 2.5352735 2.6282603 2.7994163 2.4990367 2.4990155 2.0370026 2.1156790 1.8871371 1.5914456 2.1314393 2.7108378 2.2784990 2.8492146 2.8347921 2.9018500 2.9036792 2.7254257 2.7465433 3.3491833 3.3491833 3.1526398 2.6924626 3.4761910 2.9695116 3.0343840 3.1640750 2.7313412 3.0958974 2.8369524 3.0943274 2.4300080 2.3538691 3.2114887 3.2217092 2.8361937 2.0591050 3.3980326 2.4826727 3.2418371 
Skow_XM_006814785.1                                             2.0821537 1.9262030 1.8918610 1.5080258 1.5299453 1.7020183 1.7895917 1.9326056 1.1841333 1.4823751 1.5180208 1.6048649 1.5528997 1.4464271 1.6547948 1.6434356 1.2230732 1.7690087 1.5469353 1.7687373 1.9276015 2.0479392 1.3644782 0.0000000 1.8854185 1.9174536 1.4502153 2.2144126 2.7922572 2.6804572 2.5613232 2.4361543 2.4940164 2.4691365 2.3536363 2.4707297 2.0928622 2.3555118 1.9264287 2.1569659 2.2820570 2.3472441 2.4159996 2.5713341 2.5358586 2.4771324 2.4892450 2.5371768 2.8144697 3.0232884 3.0232884 3.2146175 2.4890213 3.1813890 3.0714632 2.7011382 2.6621299 2.9549326 2.9858998 2.6668710 2.2858528 2.2447047 2.6646828 2.3816794 3.5651130 2.0080957 2.1939254 3.2352739 2.9959793 3.4045604 
Chem_TCONS_00007817                                             2.9285106 2.2901491 2.6955444 2.1177051 1.6323413 1.7384575 1.5534198 1.8608662 0.9876394 2.1768803 1.7583421 1.7710203 1.8537949 1.7225611 2.0295252 2.0322530 1.2702235 2.0532176 1.6207241 1.7628519 1.8798183 2.3429378 1.9098248 1.8854185 0.0000000 2.5610682 2.0242979 2.6137565 2.7270626 2.7329938 3.2257288 3.5176906 2.4473470 2.7950558 2.6952462 2.4265515 2.3710389 1.6992225 1.5627284 2.0296697 1.6153670 2.7083543 2.5039570 3.6256327 3.5490831 3.2230447 3.2248751 3.2243008 3.0045347 4.0983696 4.0983696 4.4856331 3.1771932 3.6727342 3.2985208 3.5095291 3.6530134 3.1684269 3.9527378 3.6069554 3.1700501 3.3900190 3.5213381 3.5365685 3.5925378 3.1220428 2.5006317 4.8029475 2.2735578 3.3820376 
Acagra_model.g11732.t1                                          2.7854700 2.4867451 2.6543070 1.9402998 2.0936820 2.8749184 2.8026763 3.0255362 1.6436965 2.1729378 2.2264916 2.4138166 2.6009753 2.4439485 2.3718170 2.3743807 1.1594522 2.3573441 2.0726792 2.1715189 2.4674417 3.0000610 1.6807681 1.9174536 2.5610682 0.0000000 2.2072572 2.4154807 2.8385711 3.1588043 2.6430713 2.6667952 2.6746395 2.9924658 2.8085184 3.0116767 2.6302913 2.4108745 2.5780588 2.6070407 2.5147334 2.8856933 2.9495092 3.4179089 3.5258372 3.8408650 3.8429959 3.4869711 3.2432960 4.2545033 4.2545033 4.5170033 3.2185089 3.8498913 3.7567838 4.1130026 4.1215277 3.1363503 4.6641361 3.2421440 2.6170101 3.4425671 3.4343661 3.2601721 3.8309426 2.8272680 2.5760611 4.1293040 3.6031777 3.9303090 
Spur_XM_787810.4                                                3.0280737 2.7929806 2.8773370 2.0234675 1.9338530 2.0386726 2.0450551 2.1581096 1.4386532 1.8804820 1.9120019 1.9456137 2.0419395 1.8190323 2.2019704 2.1985114 1.2266334 2.0901297 2.0233771 2.1561869 2.2189324 2.5180534 1.6827970 1.4502153 2.0242979 2.2072572 0.0000000 2.7601201 2.5740212 2.6940579 2.9177167 2.9948711 1.9881481 2.7487060 3.3003959 2.7562596 2.5903085 2.2985567 1.8911639 2.6107181 2.1208974 2.5508836 2.2346432 3.0078729 2.9804442 3.1492721 3.1510553 3.2862207 2.7974402 3.4561698 3.4561698 3.5981643 3.1030029 3.9060168 3.2313488 3.6951100 3.1238738 3.4365674 3.6637034 3.6470949 3.0570598 2.7875095 3.1911249 3.1248351 3.6302357 3.0767819 2.8493323 4.0686717 2.6656333 3.2641133 
Dpul_mRNA25318                                                  3.2159831 3.1093440 3.0239734 2.5324007 2.3667881 3.1902632 3.1769626 3.5081988 2.3830630 2.6119089 2.5858421 2.8079318 2.6568734 2.4364385 2.5839727 2.5405708 1.0985826 2.7858382 2.3832337 2.7021259 2.5109963 2.7277841 2.1717006 2.2144126 2.6137565 2.4154807 2.7601201 0.0000000 4.2689071 3.9919498 3.2694229 3.4430959 3.3924529 3.1859137 3.4862082 3.4586912 2.8223377 2.5396517 1.5395567 2.7417019 2.6699950 3.1622289 3.2446179 4.0877577 4.1803888 3.7108677 3.7131442 3.7129083 3.0976686 3.1973870 3.1973870 3.6091919 2.7363307 3.9723298 3.8022613 2.8492324 2.6521983 3.0036865 4.0204527 3.4842228 3.5109958 3.0202463 3.7055043 3.5573477 4.1505962 3.3423820 3.1198173 4.0828173 3.8498713 4.1728267 
Horcal_Hcv1.av93.c9.g477.i1                                     3.7932053 3.3590785 3.7660087 2.8773390 8.9999981 2.7818685 3.0957166 2.9046438 2.8482472 3.3648484 2.3856890 2.3950172 2.7483499 2.6150106 2.5094432 2.5094432 2.1023266 2.5804407 2.3469517 2.7479271 2.6742469 3.2435251 2.5001410 2.7922572 2.7270626 2.8385711 2.5740212 4.2689071 0.0000000 0.0892449 0.7123746 0.7373412 0.6238869 0.7483221 0.6707899 0.9221825 2.8998157 2.7374572 2.0862380 3.2014990 1.9919039 4.2732245 3.3704203 3.1608439 3.0992172 3.4463721 3.4595548 3.2440810 4.5767453 4.8589447 4.8589447 4.6075352 3.9001202 4.8071719 4.3492720 4.6709824 4.5952194 4.3535822 3.9392843 4.0336722 4.3207851 3.8398709 3.8578405 3.2948278 4.5376602 3.4667119 3.4475154 3.5521644 3.0539121 4.7467124 
Pbac_sb2653288                                                  3.9687883 3.1795359 3.7257693 3.0604864 3.8964475 2.7429164 3.0072533 2.9052792 2.7998775 3.2848678 2.2384104 2.2896643 2.7966497 2.4252016 2.6282208 2.6282495 1.7719718 2.7570256 2.2780657 2.9427257 2.9431050 2.9602851 2.7785221 2.6804572 2.7329938 3.1588043 2.6940579 3.9919498 0.0892449 0.0000000 0.8794192 0.8509550 0.6776767 0.8326666 0.8876873 1.1690629 3.1600751 2.8413868 2.5907319 3.1276428 2.5591164 4.4659319 3.4127689 3.6784656 3.5517630 3.5131839 3.5234453 3.2908648 4.3186797 4.3976859 4.3976859 4.2422998 3.4886274 4.7191725 4.5239586 4.6113335 4.5278588 4.0742019 4.7275629 4.2841819 3.6913984 4.0283572 3.8169025 3.4639993 3.9222211 3.5316566 3.2084401 4.0716657 3.3193766 5.0367213 
Coemet_Cmet_scaffold9181_01                                     3.3897634 3.2474347 3.2048077 3.3369559 4.2912659 2.9691827 3.6479579 3.1581079 3.3230471 3.0388360 2.4383797 2.4732202 2.6196921 2.1098108 2.5211675 2.5212659 1.8416111 2.8499804 2.2764736 2.6030130 2.6197050 2.6119621 2.4373720 2.5613232 3.2257288 2.6430713 2.9177167 3.2694229 0.7123746 0.8794192 0.0000000 0.3336267 0.8961722 0.8935963 0.9344210 1.0280266 2.8851321 2.6836136 2.3976666 3.4364576 2.4608575 4.8293189 3.2598662 3.4516078 3.4821200 3.5107235 3.5212873 3.4588531 3.7338501 3.7134410 3.7134410 4.5299005 4.1284125 4.5898931 5.2695126 4.5766533 4.8026905 3.5889972 3.7896867 3.0682005 3.4270900 3.4777713 3.6743720 3.2312530 3.8171103 3.7957381 2.6474501 3.6107330 3.9328352 4.7708708 
Vmul_sbMO422751                                                 3.4290573 3.1763714 3.1899513 3.3216179 3.1206276 3.0802593 3.4515974 3.0279511 3.1760753 2.9833603 2.4555447 2.5185918 2.8781295 2.3714002 2.5693683 2.5702546 1.9452862 2.9728952 2.4403373 2.4925763 2.3358380 2.8244447 2.5352735 2.4361543 3.5176906 2.6667952 2.9948711 3.4430959 0.7373412 0.8509550 0.3336267 0.0000000 0.9061289 1.0322892 0.9664288 1.1162738 3.0894845 2.4931719 1.9021261 3.7462421 2.7271309 5.1202688 3.3656593 3.6492006 3.6815334 3.5109077 3.5216823 3.4546089 4.2385017 4.3971442 4.3971442 4.7495270 4.0038553 4.8325280 4.8772063 4.9936974 4.9479267 3.6317395 4.2341360 3.4574892 3.7302279 3.9640729 4.3688090 3.5634056 3.7865684 3.5065671 2.8134250 3.5959077 4.3115119 5.1306868 
Drygla_Dgla_sb285774                                            3.0993310 2.8649567 2.7337819 2.6695880 3.2211712 2.3888178 2.6794490 2.5261323 3.1356984 2.9556551 2.1716518 2.2007487 2.5056139 1.8755465 2.2064411 2.2067616 1.9119539 2.0107219 2.0002887 2.3416010 2.7945195 2.1774943 2.6282603 2.4940164 2.4473470 2.6746395 1.9881481 3.3924529 0.6238869 0.6776767 0.8961722 0.9061289 0.0000000 0.7635775 0.8973431 0.8496138 2.2616358 2.6064649 2.4912258 3.1450238 1.9705098 2.3594175 2.1952540 2.5382755 2.5185472 2.7674359 2.7783280 2.5326696 4.0965214 3.3625944 3.3625944 3.6830453 2.9052137 3.5958852 3.4755291 3.2203615 3.4235175 3.5173932 3.6261336 3.0373586 2.9035409 3.3423149 3.6362724 2.7350748 3.9643204 2.8984689 2.9964396 3.2269079 2.8588261 4.5797015 
Beraby_Baby_sb325561                                            3.7638249 3.3588754 3.1621231 3.2794396 2.9140493 2.9571132 2.8616551 2.7508777 2.5540994 3.0598381 2.3394408 2.3733698 2.6290935 2.1854365 2.5641913 2.5642639 1.8372491 2.8612471 2.2149382 2.7021546 2.7592873 2.5893769 2.7994163 2.4691365 2.7950558 2.9924658 2.7487060 3.1859137 0.7483221 0.8326666 0.8935963 1.0322892 0.7635775 0.0000000 0.8264194 1.1135796 2.9089101 2.7982734 2.5148256 4.0498900 2.6466162 3.5679270 3.1236444 3.6190540 3.5008585 3.0323292 3.0420105 3.0513802 3.4914216 4.1092556 4.1092556 4.5039554 3.4770198 4.8240660 5.0465474 4.1918151 4.6808686 3.7222194 4.3311968 3.7708847 3.2350813 3.5211870 4.1424468 3.3304392 3.8124769 3.2461970 2.8967878 4.5094859 3.1494975 5.0074626 
Lampan_Lpan_C405441_01                                          4.2592346 3.1993129 3.4621875 3.5321413 2.9793269 2.9491512 3.3270848 3.2400510 2.4228402 2.8543920 2.5286102 2.5713836 2.8179665 2.3627604 2.6781958 2.6781917 1.6029121 2.7673504 2.3665654 2.3733627 2.4342748 2.8420753 2.4990367 2.3536363 2.6952462 2.8085184 3.3003959 3.4862082 0.6707899 0.8876873 0.9344210 0.9664288 0.8973431 0.8264194 0.0000000 1.1475402 2.8184681 2.5361890 2.1276483 3.5493653 2.2351192 3.8054397 3.1037417 4.0022753 3.9680087 3.6398677 3.6420558 3.4851245 3.5583153 4.1162649 4.1162649 3.9923940 3.6337410 4.1880857 3.7519420 4.3598711 4.4427709 3.4531642 4.0457051 3.4426749 3.1069301 3.7144488 4.1720619 3.5253831 3.5209290 3.6077649 2.7515373 3.8168119 3.1030971 4.8540276 
Eupdun_Edun_sb10600657                                          3.4190303 3.0992410 3.0166167 2.8761460 4.0027533 2.7663062 3.1494517 2.8334559 2.1970047 2.9874194 1.9837804 1.9725760 2.1986384 1.9120811 2.3320822 2.3329685 1.5226327 3.0483038 2.2415071 2.4147923 2.2674339 2.8467367 2.4990155 2.4707297 2.4265515 3.0116767 2.7562596 3.4586912 0.9221825 1.1690629 1.0280266 1.1162738 0.8496138 1.1135796 1.1475402 0.0000000 2.7584160 2.6903130 1.8964213 3.5926710 2.6232387 3.6205772 3.0281714 3.0982714 3.0501114 3.4182259 3.4077365 3.3465752 3.5999957 4.1725826 4.1725826 4.3219393 3.5831835 4.7248332 4.3030673 4.3703031 4.5856335 3.6358028 3.6087028 3.1536444 3.1832576 3.5120051 3.9450481 3.4393023 3.9932420 3.4397832 2.7151271 3.9215094 3.6491544 3.5076705 
Aque_Aqu2.1.41388_001                                           2.6122560 2.3666444 2.4146894 1.8081160 3.0206071 2.1730558 2.4880427 2.4797842 1.6090357 2.2248540 2.0634070 2.1717347 2.3061436 2.1924442 2.1778482 2.1781294 1.5202069 2.4236627 2.0563768 2.1198302 2.2660399 2.0816952 2.0370026 2.0928622 2.3710389 2.6302913 2.5903085 2.8223377 2.8998157 3.1600751 2.8851321 3.0894845 2.2616358 2.9089101 2.8184681 2.7584160 0.0000000 1.7218586 1.2717098 2.4451034 2.7190832 1.1267254 1.6558804 3.4329505 3.4273418 3.1073446 3.1082378 2.9455913 2.4755482 3.0439436 3.0439436 3.2707913 2.6285696 3.5162097 3.2014873 2.6715782 2.6857362 2.9698109 3.3143783 2.6435361 2.3388010 2.4891024 2.9072377 2.6379580 3.3288935 2.4180830 2.6176771 3.3481680 2.3337294 3.6102751 
Tetwil_g12931.t1                                                2.5397954 2.2637799 2.3042434 2.4257693 3.3835775 1.8851088 1.9664350 1.8325680 1.4637285 2.0830340 1.8900780 1.9297293 2.0413124 1.5992294 1.9419555 1.9558593 1.5697612 1.9506151 1.9539710 1.7981758 2.0158306 1.7865265 2.1156790 2.3555118 1.6992225 2.4108745 2.2985567 2.5396517 2.7374572 2.8413868 2.6836136 2.4931719 2.6064649 2.7982734 2.5361890 2.6903130 1.7218586 0.0000000 0.7934226 2.8433682 1.5691351 1.3829214 1.5400114 2.9234883 3.0654420 3.0940907 3.0832184 2.9079189 2.9229590 2.5607050 2.5607050 2.9446849 2.2857932 2.6371133 2.4396266 2.7213265 2.5036840 2.6154474 3.4050694 2.3450549 2.9161211 2.4387192 2.6450386 2.0178622 2.6829632 2.3110255 2.1236452 3.4957933 1.6894072 3.7452595 
Stycar_maker-SC_scaffold140058-augustus-gene-0.16-mRNA-1        2.1240378 1.7154717 1.8873367 1.7428702 3.4823142 1.6297677 1.6298357 1.8319854 1.1639348 1.6873633 1.5401545 1.6071160 1.7023028 1.2256891 1.7529506 1.7538155 1.2786440 1.6029189 1.6041272 1.9730506 2.0796025 1.2371126 1.8871371 1.9264287 1.5627284 2.5780588 1.8911639 1.5395567 2.0862380 2.5907319 2.3976666 1.9021261 2.4912258 2.5148256 2.1276483 1.8964213 1.2717098 0.7934226 0.0000000 2.5595084 1.0847075 0.5113958 1.2081119 2.1656834 2.1971600 2.1095639 2.1123975 2.0714201 2.4327419 1.9269347 1.9269347 2.2355367 1.5441862 2.3178744 1.8324219 2.0483376 2.1036950 1.9008514 2.2237817 2.1442006 2.2383666 1.9698233 2.2162177 1.8185782 2.7139918 1.5662349 1.5219556 2.4435074 0.4467650 2.5315048 
Tcas_TC011682_001                                               3.0941875 2.6839375 2.8584027 2.2387670 2.3791254 2.4485593 2.5083022 2.8243446 2.4051055 2.5272915 2.2669768 2.4366589 2.5099414 2.4339964 2.3203503 2.2851806 1.6107186 2.8711614 2.7336788 2.5564551 3.1619955 2.6874391 1.5914456 2.1569659 2.0296697 2.6070407 2.6107181 2.7417019 3.2014990 3.1276428 3.4364576 3.7462421 3.1450238 4.0498900 3.5493653 3.5926710 2.4451034 2.8433682 2.5595084 0.0000000 2.8500747 3.1843073 3.0555001 3.8800032 3.9151166 3.7739969 3.7761821 3.7208741 2.9595971 3.8055438 3.8055438 3.5367882 2.9313592 4.0377175 3.3710805 4.1852817 3.4123131 3.6876829 4.3787716 3.6666490 2.8868422 3.1951046 3.5810058 3.7391727 4.2325590 3.4600084 3.1242706 3.6372321 3.5588714 3.8885822 
Hvul_g23849_1                                                   4.0480456 3.3946037 3.7829728 2.8282534 0.0000010 2.0799209 1.9498289 2.6278043 1.1199606 2.7409288 1.9525116 1.9189886 1.9110084 2.1246783 2.1478634 2.1850377 1.3138836 2.5694865 2.0911218 2.0829298 1.7250075 3.0238519 2.1314393 2.2820570 1.6153670 2.5147334 2.1208974 2.6699950 1.9919039 2.5591164 2.4608575 2.7271309 1.9705098 2.6466162 2.2351192 2.6232387 2.7190832 1.5691351 1.0847075 2.8500747 0.0000000 3.5836622 3.0791515 2.8889630 2.9580682 2.9129272 2.9129272 3.0372686 3.3647190 6.3482859 6.3482859 4.5463080 4.1727496 4.4270847 4.1909277 4.1752977 4.3621432 3.8865611 4.7935626 3.2767621 5.7168839 4.1348276 4.6122764 3.8271368 4.0972950 4.6548396 3.6551056 4.4437310 1.9933984 4.2810174 
Xestes_augustus_masked-XT_scaffold402-processed-gene-0.1-mRNA-1 3.5407934 2.8790019 3.2907826 2.1212352 4.1570886 3.0773038 2.5951807 3.1221298 1.4663712 2.8813043 2.5016043 2.4895452 2.8275801 2.7110354 2.6865955 2.6904742 1.5132916 2.4931148 2.3933323 2.2449233 2.3299247 2.6651105 2.7108378 2.3472441 2.7083543 2.8856933 2.5508836 3.1622289 4.2732245 4.4659319 4.8293189 5.1202688 2.3594175 3.5679270 3.8054397 3.6205772 1.1267254 1.3829214 0.5113958 3.1843073 3.5836622 0.0000000 1.7571079 3.9008548 3.9982808 4.1635883 4.1663947 4.1925079 2.5059461 3.5525552 3.5525552 3.4182722 3.5155023 3.4683129 2.8497409 2.7980350 3.0468523 2.8378097 3.9086175 3.7323487 2.6494601 3.3262184 3.5827674 2.9163469 4.5103000 3.4394658 3.7390976 3.7789566 2.8517000 4.1978426 
Plespi_Pspi_C592780_01                                          3.3586433 3.1075594 3.7229082 2.6755223 2.9467767 2.5837194 2.5460546 2.8760042 2.0348301 3.1942282 1.8727302 1.9226645 2.1701870 1.9436559 2.0618000 2.0742953 1.9287358 2.2984098 2.1409124 2.3835389 2.2507129 2.8401347 2.2784990 2.4159996 2.5039570 2.9495092 2.2346432 3.2446179 3.3704203 3.4127689 3.2598662 3.3656593 2.1952540 3.1236444 3.1037417 3.0281714 1.6558804 1.5400114 1.2081119 3.0555001 3.0791515 1.7571079 0.0000000 3.1247722 3.1900849 3.6294928 3.6458372 3.7372807 2.6429601 3.0996768 3.0996768 3.6913162 2.9851232 2.7939748 2.7426094 2.8484326 3.1197673 2.6939322 3.5219648 2.8636169 2.8665946 2.5443805 3.2612556 2.7715924 3.3158570 3.4314356 3.2642317 3.1092757 3.0425916 3.9202938 
TrH2_TrispH2_000553-RA                                          3.6491755 3.7734886 3.7985207 3.4375697 2.6264620 2.7559144 2.7599462 2.8681244 2.1797504 2.4840452 2.1986130 2.2547750 2.4235185 2.3197391 2.5110171 2.5111189 1.7314236 2.6793909 2.6276877 2.4826833 2.4792711 2.3792240 2.8492146 2.5713341 3.6256327 3.4179089 3.0078729 4.0877577 3.1608439 3.6784656 3.4516078 3.6492006 2.5382755 3.6190540 4.0022753 3.0982714 3.4329505 2.9234883 2.1656834 3.8800032 2.8889630 3.9008548 3.1247722 0.0000000 0.0090206 0.4353793 0.4383748 0.3975039 4.8069399 4.4093054 4.4093054 5.2401067 4.8108990 4.9230501 4.5695476 4.2962365 3.9452912 4.5399752 4.8565094 4.1662072 3.4337164 4.0580400 4.7299960 4.4410638 5.2432407 4.2215335 3.2195645 3.7882766 3.2232760 3.8971601 
Tadh_TriadT58081                                                3.6934995 3.8556085 3.8510260 3.3709881 2.6264620 2.7593718 2.7147381 2.9136761 2.1797504 2.4829509 2.2037709 2.2333209 2.4360089 2.3197391 2.5285019 2.5231543 1.7314236 2.7711225 2.6274351 2.3368909 2.4391862 2.3839777 2.8347921 2.5358586 3.5490831 3.5258372 2.9804442 4.1803888 3.0992172 3.5517630 3.4821200 3.6815334 2.5185472 3.5008585 3.9680087 3.0501114 3.4273418 3.0654420 2.1971600 3.9151166 2.9580682 3.9982808 3.1900849 0.0090206 0.0000000 0.4299026 0.4328405 0.3926323 4.7727201 4.3290682 4.3290682 5.1443485 4.8036618 4.8366285 4.5402138 4.2174650 3.9199693 4.5373919 4.9151047 4.3069531 3.4337164 4.0325173 4.6835936 4.5288208 5.1974268 4.2257751 3.1958294 3.8363283 3.3313766 3.9517741 
Hhon_g00138.t1                                                  4.0637607 4.1340137 3.7965356 3.2389009 2.6814517 3.1333410 2.6600130 3.1632132 2.1929003 2.5866761 2.3411576 2.3139625 2.4265806 2.2079392 2.4872023 2.4825379 1.7642232 2.7135953 2.7894619 2.2223179 2.4717111 2.3885139 2.9018500 2.4771324 3.2230447 3.8408650 3.1492721 3.7108677 3.4463721 3.5131839 3.5107235 3.5109077 2.7674359 3.0323292 3.6398677 3.4182259 3.1073446 3.0940907 2.1095639 3.7739969 2.9129272 4.1635883 3.6294928 0.4353793 0.4299026 0.0000000 0.0047644 0.1601587 4.6630902 4.9519213 4.9519213 5.5440817 4.5652210 4.9416148 4.7398854 4.3950610 3.9831093 4.8692285 4.7165740 4.9122706 3.5647868 4.5207415 5.9777201 4.3589372 4.7200660 3.6948025 3.4816866 3.5742189 3.4295260 4.1182943 
HoiH04_mRNA4306                                                 4.0525409 4.1346562 3.7986178 3.2408092 2.6862701 3.1342163 2.6609717 3.1640865 2.1946083 2.5882703 2.3339438 2.3068624 2.4191900 2.2004605 2.4881573 2.4834917 1.7663502 2.7057055 2.8028218 2.2154385 2.4636585 2.3969155 2.9036792 2.4892450 3.2248751 3.8429959 3.1510553 3.7131442 3.4595548 3.5234453 3.5212873 3.5216823 2.7783280 3.0420105 3.6420558 3.4077365 3.1082378 3.0832184 2.1123975 3.7761821 2.9129272 4.1663947 3.6458372 0.4383748 0.4328405 0.0047644 0.0000000 0.1613756 4.6456031 4.9640689 4.9640689 5.5471548 4.5680277 4.9793854 4.7425929 4.4539053 4.0351425 4.7943659 4.7318240 4.9294083 3.5802890 4.5388185 5.9990055 4.3467413 4.7207480 3.7074609 3.4705058 3.5904405 3.4295260 4.0984883 
HoiH06_mRNA3137                                                 3.8094746 3.6806970 3.6432925 3.4285379 2.3688746 3.1538325 2.6238787 2.9269423 2.1319434 2.6624241 2.2725169 2.2094604 2.4281240 2.2046247 2.3638418 2.3595646 1.6730594 2.8751551 2.8029137 2.1738413 2.3607346 2.2071360 2.7254257 2.5371768 3.2243008 3.4869711 3.2862207 3.7129083 3.2440810 3.2908648 3.4588531 3.4546089 2.5326696 3.0513802 3.4851245 3.3465752 2.9455913 2.9079189 2.0714201 3.7208741 3.0372686 4.1925079 3.7372807 0.3975039 0.3926323 0.1601587 0.1613756 0.0000000 4.4969296 4.6770007 4.6770007 5.4658943 4.5837324 4.9134797 4.5920884 4.1237864 3.7365617 5.1519874 4.7706819 4.5523894 3.4585790 4.0958007 5.6105164 4.1167114 4.5117680 3.8385033 3.4189521 3.6299979 3.2252946 4.1427430 
Codhol_EP00042_Codosiga_hollandica_P028850                      2.8504851 2.4626452 2.8896182 3.1714177 3.6791756 2.6743216 2.9676722 3.1092106 2.2574491 2.6914953 2.4132834 2.5372097 2.7443668 2.2435408 2.6737276 2.6737264 1.8088749 2.5758966 2.5864288 3.1751289 3.1536532 2.5582380 2.7465433 2.8144697 3.0045347 3.2432960 2.7974402 3.0976686 4.5767453 4.3186797 3.7338501 4.2385017 4.0965214 3.4914216 3.5583153 3.5999957 2.4755482 2.9229590 2.4327419 2.9595971 3.3647190 2.5059461 2.6429601 4.8069399 4.7727201 4.6630902 4.6456031 4.4969296 0.0000000 1.5830814 1.5830814 1.6726850 2.2150201 1.8055713 2.0529036 2.0198526 1.8413710 1.9615590 1.7961040 1.9240384 3.0741989 1.7595667 1.8598144 1.6896328 2.3740460 1.8234546 2.3015633 2.9265451 3.7453613 2.7429251 
Salkve_EP00050_Salpingoeca_kvevrii_P016859                      3.3682327 3.2040172 3.6467334 3.4470890 3.0293145 3.1650753 3.4231058 3.8225151 2.7202828 3.3049371 3.2819173 3.4013623 3.6277178 3.2400774 3.5998094 3.5907496 1.7673911 3.1743106 3.4512713 3.5617814 4.3496714 2.8522946 3.3491833 3.0232884 4.0983696 4.2545033 3.4561698 3.1973870 4.8589447 4.3976859 3.7134410 4.3971442 3.3625944 4.1092556 4.1162649 4.1725826 3.0439436 2.5607050 1.9269347 3.8055438 6.3482859 3.5525552 3.0996768 4.4093054 4.3290682 4.9519213 4.9640689 4.6770007 1.5830814 0.0000000 0.0000010 1.7657847 1.7828703 1.9106823 1.9439821 2.0591918 1.8567217 2.3864679 1.6559480 1.7472309 3.0267866 1.8978882 2.1865883 2.1865264 2.2847320 1.9026278 2.6744363 3.0678611 6.3667624 4.1141097 
Salkve_EP00050_Salpingoeca_kvevrii_P016862                      3.3682327 3.2040172 3.6467334 3.4470890 3.0293145 3.1650753 3.4231058 3.8225151 2.7202828 3.3049371 3.2819173 3.4013623 3.6277178 3.2400774 3.5998094 3.5907496 1.7673911 3.1743106 3.4512713 3.5617814 4.3496714 2.8522946 3.3491833 3.0232884 4.0983696 4.2545033 3.4561698 3.1973870 4.8589447 4.3976859 3.7134410 4.3971442 3.3625944 4.1092556 4.1162649 4.1725826 3.0439436 2.5607050 1.9269347 3.8055438 6.3482859 3.5525552 3.0996768 4.4093054 4.3290682 4.9519213 4.9640689 4.6770007 1.5830814 0.0000010 0.0000000 1.7657847 1.7828703 1.9106823 1.9439821 2.0591918 1.8567217 2.3864679 1.6559480 1.7472309 3.0267866 1.8978882 2.1865883 2.1865264 2.2847320 1.9026278 2.6744363 3.0678611 6.3667624 4.1141097 
Salurc_EP00051_Salpingoeca_urceolata_P035472                    3.0678245 3.4391540 2.9994893 3.8732790 4.3824013 4.3893588 4.8543349 4.3602082 2.9080991 3.9310095 3.5402805 3.5370606 3.9064170 3.3474034 3.8359118 3.9035645 1.8184011 3.6624626 3.1684784 3.7349726 4.7149011 3.3204624 3.1526398 3.2146175 4.4856331 4.5170033 3.5981643 3.6091919 4.6075352 4.2422998 4.5299005 4.7495270 3.6830453 4.5039554 3.9923940 4.3219393 3.2707913 2.9446849 2.2355367 3.5367882 4.5463080 3.4182722 3.6913162 5.2401067 5.1443485 5.5440817 5.5471548 5.4658943 1.6726850 1.7657847 1.7657847 0.0000000 1.9750250 1.9523870 1.8725284 2.2242138 2.1703253 2.7157622 1.5464295 1.9380355 3.0533633 1.8394546 2.0037040 1.9826287 2.9092249 1.7809782 3.0747986 2.9701231 4.1314725 3.4172240 
