129
Tetwil_g9501.t1                                                0.0000000 2.0019571 1.6663235 1.7431145 1.7337334 1.8969418 0.0000010 1.8452097 1.8452097 1.3320971 1.4247865 0.8849622 1.7069026 1.7925651 1.3996676 2.0734043 0.8587834 1.6117052 1.3864708 0.4322907 0.9777293 1.4247865 1.5069522 1.7435080 1.0523906 1.9181957 1.4983385 1.6642783 1.7205712 1.6660327 1.9815356 1.9427882 1.9887321 1.4079690 1.6283071 1.6214909 1.4584372 0.0000010 2.6434626 2.3336685 2.3336685 1.6556403 1.6008640 1.3298689 1.7288688 0.0000010 1.4247865 1.4247865 1.4247865 1.7859689 1.4247865 1.2771112 2.1322662 1.4418498 2.2168842 2.2168842 1.1788738 2.3700255 1.6663011 1.5290052 1.3763207 1.5688642 2.2811101 1.4953717 1.4247865 1.4247865 1.4247865 2.0381294 1.7803209 1.7585415 1.3918916 1.7823921 1.4621427 2.1316471 2.2082997 2.2500227 2.3282410 0.0000010 2.1103875 2.1103875 2.3614387 2.3614387 2.8719367 1.8152609 2.9060165 3.0412055 1.4247865 2.1353161 1.4247865 1.9817607 1.9826117 1.4247865 2.2526098 1.8826496 2.2526098 1.4247865 2.0063105 2.4340676 1.9350625 2.3989834 2.2971175 1.3579908 2.0533277 1.8067703 2.3513044 2.3281634 2.0751829 2.4817190 2.3380025 2.3025118 1.0959912 2.1443325 1.9532878 1.2716202 1.9987392 2.3145213 2.1391082 2.3475065 0.0000010 5.9609857 2.5355928 1.4247865 1.2500928 1.4702102 3.2449511 5.8381420 0.0000010 2.7756788 0.0000010 
Morvir_scaffold149.g58.t2                                      2.0019571 0.0000000 0.4924603 0.4762089 0.4862024 0.5530064 0.1822037 0.5600038 0.6388559 0.3723886 0.4869807 0.3592139 0.5229033 0.4547036 0.6706844 0.4801440 0.2531731 0.6973798 1.4685921 0.2794775 0.9649706 0.7480504 0.7120531 0.6843008 0.5541935 0.5657424 0.5952021 0.6420938 0.4917306 0.4967623 0.4840221 0.4539480 0.4225277 0.3014368 0.5747447 0.7296205 1.6278481 0.5039963 0.4494577 0.6580959 0.6580959 0.6399079 0.6335148 0.5322316 0.6339953 0.4009230 0.5744735 0.6365531 0.4191265 0.5357724 0.3667288 0.3555481 0.8007983 0.6803389 0.8111921 0.8111921 0.6363303 0.8347836 0.8669688 0.9555827 0.9127499 0.8491690 0.8046490 0.9276528 0.6124086 0.6203288 0.6353603 0.4861028 0.9184637 1.0687197 0.8017195 1.0033685 1.1270706 0.9412974 0.8985719 0.9629718 0.9704107 1.0381928 0.9896978 0.9896978 0.9551146 0.9551146 0.8779964 0.9209299 0.9626191 0.9903316 0.8481060 0.9806867 0.8276389 0.9892895 0.9692742 0.9108302 0.8462400 0.9937509 0.8812893 1.0373987 1.0109656 1.0233828 1.0228113 0.8450813 1.1930843 0.7033645 0.9561896 0.9998023 1.2919498 1.2739084 1.2322552 1.0006929 1.0683759 1.1025121 0.9684490 1.2219755 1.1683702 1.1467483 1.2653383 1.3668693 1.3744820 1.3450879 0.9060500 1.4250085 0.9419606 0.6834360 0.7668016 0.6452001 0.6727349 1.5443396 0.8071704 1.5396397 1.6130392 
Spis_XP_022782180_1                                            1.6663235 0.4924603 0.0000000 0.1318570 0.1366218 0.2369345 0.0605449 0.2493981 0.2453623 0.1499579 0.3242419 0.2033670 0.2913435 0.2645391 0.6154867 0.3508867 0.2460898 0.6329838 1.2359140 0.2967480 0.9501958 0.9980491 0.7171485 0.6574734 0.4929704 0.4903646 0.4782217 0.5520808 0.3665614 0.3538067 0.5478809 0.5376900 0.4875679 0.3362004 0.5155925 0.6716022 1.1972483 0.4735977 0.3545937 0.6157820 0.6157820 0.6047525 0.5446673 0.4957672 0.5389355 0.3282973 0.6562577 0.7408084 0.4434967 0.5845788 0.5400131 0.4760903 0.7031084 0.6406015 0.6925743 0.6925743 0.6234490 0.7171163 0.8092322 0.8964268 0.6882752 0.8083642 0.8926552 0.9161557 0.8166849 0.8009155 0.7644487 0.5641153 0.8662323 1.0170509 0.7330585 0.8841897 1.0407490 0.9096389 0.9277850 0.9449252 0.9330039 0.9567259 0.9273191 0.9273191 0.9371683 0.9371683 0.8548222 0.8869389 0.9537066 0.9684558 0.8528996 0.9147017 0.9121119 0.9392669 0.9160946 0.8644594 0.8314597 0.8963848 0.8700675 1.0073086 0.9284250 0.8860881 0.9302626 0.8664145 1.0978722 0.5888949 0.8807314 0.9371453 1.1486408 1.1558567 0.9793173 1.0692987 1.0025089 1.0386656 0.9814985 1.1731781 1.1484064 1.1572734 1.1896237 1.2914570 1.3468531 1.3031435 0.8786812 1.3619262 0.8335162 0.5142507 0.8541248 0.6290443 0.3564978 1.6292098 1.3476570 1.1303440 1.6942242 
Gasp_gasp1.m3.465.m1                                           1.7431145 0.4762089 0.1318570 0.0000000 0.0759339 0.1772700 0.0605449 0.2276124 0.2699364 0.0986699 0.2018508 0.1830724 0.2780440 0.2460129 0.5961687 0.3376074 0.2761520 0.6088016 1.2697377 0.3019077 1.0053461 0.7566183 0.6790691 0.6301191 0.5204724 0.5007402 0.4684743 0.5569096 0.3605360 0.3755242 0.5413091 0.5270117 0.4657826 0.3246158 0.5267696 0.6887092 1.0530855 0.5190040 0.4697747 0.6509512 0.6509512 0.6442666 0.5701357 0.4829328 0.5537866 0.3425032 0.5370451 0.6044029 0.3144180 0.6160840 0.4733886 0.4408431 0.6907340 0.6176194 0.6778419 0.6778419 0.5854722 0.6907458 0.7904860 0.8629519 0.7589974 0.7922253 0.8869555 0.9266790 0.6713539 0.4701066 0.5129963 0.5288120 0.8400321 1.0385898 0.7862886 0.9026616 1.0210826 0.8615030 0.8702130 0.9140490 0.9348555 0.8570459 0.9513239 0.9513239 0.9416346 0.9416346 0.8542635 0.9012029 0.9266231 0.9431102 0.8881018 0.9600768 0.9031692 0.9704154 0.9395439 0.8679833 0.8482452 0.9515811 0.8908538 1.0073216 0.9702476 0.8934155 0.9690405 1.1621123 1.0186691 0.5843688 0.8520129 0.9085795 1.0670563 1.0748558 1.0203107 0.9038318 0.9370411 0.9230105 0.8560237 1.1046415 1.0372021 1.0913767 1.1227040 1.2500366 1.2965842 1.2614916 0.8598331 1.4437519 0.7949049 0.6250459 0.7668016 0.6369353 0.2264835 1.2246899 0.8084630 1.4738581 2.0106986 
Fspp_ffun1.m4.2580.m1                                          1.7337334 0.4862024 0.1366218 0.0759339 0.0000000 0.2030674 0.0605449 0.2135291 0.2537890 0.1116058 0.1910797 0.2186751 0.2937511 0.2639760 0.6273855 0.3302843 0.2603385 0.6089471 1.2092150 0.3219853 0.9921186 0.7220914 0.6801213 0.6422845 0.4745600 0.5076563 0.4809649 0.5718574 0.3761431 0.3991649 0.5553110 0.5338332 0.4835750 0.3143067 0.5403939 0.6866825 1.0317027 0.4735977 0.3888520 0.6646252 0.6646252 0.6543311 0.5956829 0.4983689 0.5535463 0.3630650 0.5343847 0.6003573 0.3080367 0.5849954 0.4492319 0.4559878 0.7384789 0.6616156 0.7280063 0.7280063 0.6380889 0.7415935 0.7654547 0.8885692 0.7408339 0.8272661 0.8968914 0.9270781 0.7565103 0.4508267 0.4848880 0.5419742 0.8631306 1.0071758 0.6939038 0.8998949 1.0958175 0.8779133 0.8740728 0.8863777 0.9253032 1.0666619 0.9647530 0.9647530 0.9568082 0.9568082 0.8739833 0.9084303 0.9703332 0.9909044 0.8651864 0.9626181 0.8617084 0.9660382 0.9541505 0.8479461 0.8587257 0.9500127 0.9002497 0.9790737 0.9716103 0.9158094 0.9656775 0.8048870 1.1287579 0.5995009 0.8662228 0.9137552 1.1358018 1.1517204 1.0307870 1.0138698 0.9680701 1.0210128 0.9283048 1.2059748 1.0958460 1.1471176 1.1703652 1.2805378 1.3211497 1.2883978 1.2184064 1.4152206 1.0124160 0.6072606 0.8489256 0.5793256 0.3311771 1.1231451 0.8382396 1.2105986 1.9304561 
Amil_Amillepora25282-RA                                        1.8969418 0.5530064 0.2369345 0.1772700 0.2030674 0.0000000 0.0000010 0.0566378 0.0760622 0.1659191 0.0401649 0.2592511 0.3711021 0.3294354 0.6482330 0.3574462 0.2491777 0.6885825 1.3281133 0.2813472 0.8660212 0.9417774 0.7852668 0.7350985 0.4964002 0.5848925 0.5482567 0.5924924 0.4341279 0.4567002 0.6071491 0.5599900 0.5020628 0.3209133 0.5663308 0.7456610 1.2559412 0.5661572 0.4702981 0.6816007 0.6816007 0.6651190 0.6258342 0.5622640 0.6272263 0.4005434 0.5781511 0.6483893 0.4663074 0.6062528 0.5401565 0.4759771 0.7666277 0.6744660 0.7650458 0.7650458 0.6676199 0.7748957 0.8613180 0.9200595 0.7234311 0.8361335 0.9145544 0.9524341 0.7639657 0.7467982 0.7408752 0.5914193 0.9414656 1.0337783 0.7507374 0.9023391 1.0715432 0.9474049 0.9783561 0.9823391 0.9623664 0.9983367 0.9811332 0.9811332 0.9613149 0.9613149 0.8661535 0.9044017 0.9501110 0.9716854 0.8463701 0.9537072 0.9794249 0.9995425 0.9475790 0.8740714 0.8600050 0.9465809 0.9096538 1.0316743 0.9909740 0.9541874 0.9804178 1.0708217 1.0430060 0.5744183 0.9459022 0.9828106 1.1165282 1.1804196 0.9870315 1.0712670 1.0416662 0.9826789 0.9254875 1.2067854 1.0509418 1.1129584 1.1100952 1.2422862 1.3301312 1.2945031 1.0095725 1.5080807 0.9164330 0.5728742 0.8579185 0.6798708 0.3443330 1.0711149 0.8677002 1.6482733 2.2839325 
Adig_XM_015919979.1                                            0.0000010 0.1822037 0.0605449 0.0605449 0.0605449 0.0000010 0.0000000 0.0000010 0.0147713 0.0759939 0.0576275 0.0000010 0.2732970 0.1176640 0.2517988 0.0000010 0.0000010 0.3006763 0.0000010 0.0000010 0.0000010 0.0000010 0.2726104 0.2835546 0.0000010 0.1497989 0.1924224 0.2973115 0.1811796 0.1631101 0.2322727 0.2131158 0.1957842 0.1844640 0.2656796 0.3047407 0.0000010 0.3394368 0.0000010 0.2767230 0.2767230 0.2767230 0.1972689 0.2986704 0.2074265 0.1579137 0.2087188 0.3342276 0.2333945 0.0000010 0.2681397 0.2681397 0.4136386 0.4136386 0.4136386 0.4136386 0.4136386 0.4136386 0.3345098 0.5147262 0.0000010 0.3378277 0.4655065 0.5009369 0.3037435 0.4397392 1.1296784 0.2298351 0.3305901 0.6756652 0.0000010 0.6569011 0.6796729 0.3362815 0.2487442 0.1953424 0.2263423 0.0000010 0.5248070 0.5248070 0.5248070 0.5248070 0.5248070 0.5248070 0.5248070 0.5248070 0.5020172 0.5110560 0.0000010 0.5033511 0.5164187 0.5695995 0.5695995 0.5384187 1.4355098 1.4355098 0.5397542 0.5114636 0.6220683 0.0000010 0.6220683 0.0000010 0.2834984 0.5261040 0.4958187 0.4702820 0.0000010 0.4966813 0.3665547 0.3221345 0.4626755 9.0000000 0.7485627 0.5103224 0.3889624 0.5507665 0.5208712 0.5876772 0.0000010 5.5862626 0.0000010 0.5323136 0.4514546 0.5886346 0.2746292 2.0514134 2.0784506 6.2227820 1.8635841 
Adig_XM_015919961.1                                            1.8452097 0.5600038 0.2493981 0.2276124 0.2135291 0.0566378 0.0000010 0.0000000 0.0979179 0.1891951 0.0418314 0.3053420 0.4033416 0.3561314 0.6923173 0.4653053 0.2491777 0.6751469 1.3535077 0.3019077 0.9601528 0.8913721 0.7723591 0.7588120 0.5628878 0.5888151 0.5501865 0.6146875 0.4588572 0.4844540 0.6024352 0.5676409 0.5350493 0.3235351 0.5738857 0.7444707 1.3796441 0.5646159 0.3801799 0.6875002 0.6875002 0.6731384 0.6453103 0.5512439 0.6299199 0.4182443 0.6121484 0.6742222 0.4449874 0.6114374 0.5536591 0.4950410 0.7836593 0.7024765 0.7876577 0.7876577 0.6733298 0.7954882 0.8200023 0.9686518 0.7484120 0.8544906 0.9255752 0.9665686 0.8272058 0.6738529 0.7276279 0.6302181 0.9228704 1.0719356 0.7173978 0.9627835 1.1802059 0.9514594 0.9743197 0.9363146 0.9636777 1.1853614 1.0228645 1.0228645 1.0327198 1.0327198 0.9343594 0.9553492 1.0683873 1.1042673 0.9039740 1.0048645 0.9440569 1.0303139 1.0080517 0.9430215 0.9200580 0.9879848 0.9705505 1.0903687 1.0367321 1.0147015 1.0254482 0.7616390 1.2071161 0.5621889 0.9378957 0.9448011 1.2457510 1.2755269 1.0607420 1.2112535 1.0206208 1.0861004 0.9865827 1.2928289 1.1509365 1.1923598 1.2447567 1.3626629 1.4298385 1.3297165 1.4540253 1.5783461 1.0961459 0.6781402 0.9339300 0.6538560 0.4886559 1.3718978 0.8404940 1.3126260 1.9818135 
Adig_XM_015921311.1                                            1.8452097 0.6388559 0.2453623 0.2699364 0.2537890 0.0760622 0.0147713 0.0979179 0.0000000 0.2257500 0.2136018 0.2896768 0.4450487 0.3902194 0.7811915 0.3318378 0.2707790 0.7768292 1.4294824 0.3293559 1.0254737 1.3110467 0.8941566 0.8727717 0.5099332 0.6598659 0.6363701 0.6815886 0.4959771 0.4898327 0.6949558 0.6541604 0.6072646 0.3859949 0.6500320 0.8249235 1.3796441 0.5933296 0.4184942 0.7541317 0.7541317 0.7376314 0.6732397 0.6134003 0.7176376 0.4689562 0.8638504 0.9662962 0.7463124 0.5857517 0.7327363 0.5642431 0.8548482 0.7715691 0.8545349 0.8545349 0.7521667 0.8643088 0.9214350 1.0385519 0.7884761 0.9286412 0.9974677 1.0670645 1.0638250 1.3413545 1.0980601 0.7141551 1.0177341 1.1350953 0.7380301 1.0442498 1.3316374 1.0559037 1.0964267 1.0473256 1.0137918 1.1101653 1.0582709 1.0582709 1.0662950 1.0662950 0.9729736 0.9890310 1.1068727 1.1473509 1.0544547 1.0450531 0.9829836 1.0847543 1.0407279 1.0464907 0.9752773 1.0379051 1.0347233 1.2607989 1.0784852 1.0431398 1.0571268 0.7616390 1.2454560 0.5896657 1.0571586 1.0644982 1.3128925 1.3354084 1.1001240 1.2783812 1.1275178 1.1492505 1.0522619 1.2890175 1.2280717 1.2923513 1.3311232 1.4526742 1.5473703 1.4882898 1.3032342 1.6129379 1.0888552 0.9090422 1.1119833 0.7688043 0.5105865 2.1738872 1.7856664 1.3695635 1.8990142 
Gfas_gfas1.m1.4395.m1                                          1.3320971 0.3723886 0.1499579 0.0986699 0.1116058 0.1659191 0.0759939 0.1891951 0.2257500 0.0000000 0.1750394 0.1838380 0.2471952 0.2016912 0.4758204 0.2886975 0.2755586 0.5559735 0.9323006 0.3019077 0.9275839 0.7581145 0.5956411 0.5797897 0.4767245 0.4215367 0.4122118 0.5018924 0.2991910 0.3106818 0.4449099 0.4469014 0.4246599 0.3002125 0.4485231 0.6257022 1.1374482 0.4946182 0.3782748 0.5919517 0.5919517 0.5854977 0.4915655 0.4795853 0.5009753 0.3380082 0.5119416 0.5681650 0.3525334 0.4857294 0.4664641 0.4266543 0.6435133 0.6281502 0.6412058 0.6412058 0.6039272 0.6471559 0.6766802 0.8093698 0.5487239 0.7616521 0.8484698 0.8536241 0.6601482 0.5475829 0.5904015 0.4722432 0.7706834 0.9916116 0.5903241 0.8941565 1.1066480 0.7649912 0.7626791 0.8068498 0.8032567 0.9203430 0.8628675 0.8628675 0.9124818 0.9124818 0.8395924 0.8566216 0.9224784 0.9341905 0.8216825 0.8520808 0.7676361 0.8788096 0.8522960 0.9046671 0.8496807 0.8826760 0.8863611 1.0263204 0.8912703 0.8485813 0.8719101 0.8297603 1.0325199 0.5522613 0.7757887 0.8414356 1.0739810 1.0780582 0.8465721 1.0103097 0.8764647 0.8870438 0.9187582 1.0744177 0.9750006 1.1296559 1.0854228 1.1853195 1.2048915 1.1573141 0.8737579 1.2345341 0.8205631 0.6190011 0.7718300 0.5418141 0.3473064 1.1451277 0.8164238 1.2392920 1.6527326 
Amil_Amillepora25283-RA                                        1.4247865 0.4869807 0.3242419 0.2018508 0.1910797 0.0401649 0.0576275 0.0418314 0.2136018 0.1750394 0.0000000 0.4425248 0.4050173 0.3972931 0.7315548 0.0000010 0.0000010 0.8639967 0.0000010 0.0000010 0.0000010 0.9246747 0.8292513 0.8217078 0.2855523 0.6506822 0.6478493 0.6711809 0.5434966 0.6347643 0.6571451 0.6314245 0.4982905 0.2962848 0.6118452 1.0638631 0.0000010 1.0808420 1.3001740 0.9710041 0.9710041 0.9710041 0.7528702 0.8267209 0.7347497 0.7424746 0.6892162 0.6892162 0.5510818 0.0000010 0.5857601 0.5885229 0.9989627 1.0244225 1.0247691 1.0247691 1.0198614 1.0414288 1.0803062 1.4103768 0.0000010 1.3147259 1.3062009 1.3569229 0.7392157 0.6870475 0.7273255 0.6283940 1.2131559 1.6588848 9.0000000 1.4922306 1.4462783 1.1288652 1.2340852 1.0993278 1.2105329 0.0000010 1.2358080 1.2358080 1.2358080 1.2358080 1.2358080 1.2358080 1.2358080 1.2358080 1.0749940 1.1482394 0.9794249 1.1739482 1.1584707 1.0524038 1.2154198 1.2145996 1.2491289 1.0799920 1.2305966 1.2008060 1.2271605 0.0000010 1.2364820 3.4617069 1.2555197 1.1520289 1.6091229 1.5484662 0.0000010 1.4995787 1.4333867 1.2141874 1.5318024 2.3115506 1.3802767 1.6825363 1.6555033 1.6807150 1.7556603 1.6925666 3.4077366 1.6057711 3.1807610 0.7269272 0.9326004 0.5445939 0.3349478 0.2694642 0.3520868 4.4541521 2.4387409 
Exapal_XM_021039062.2                                          0.8849622 0.3592139 0.2033670 0.1830724 0.2186751 0.2592511 0.0000010 0.3053420 0.2896768 0.1838380 0.4425248 0.0000000 0.0016261 0.1450387 0.4687486 0.3184311 0.2410917 0.5290550 0.2817272 0.2706366 0.2817272 0.9128394 0.5810843 0.5206821 0.3835176 0.3913671 0.3881088 0.4898125 0.2809024 0.2905307 0.4564662 0.4493318 0.3984727 0.2533168 0.3927651 0.5939371 0.1333680 0.0000010 0.3784003 0.6456247 0.6456247 0.6125883 0.4519948 0.5048737 0.5003106 2.8192767 0.8181056 0.8181056 0.6431215 0.3034151 0.6691737 0.4188398 0.5953557 0.5949079 0.5891670 0.5891670 0.5868030 0.6025959 0.7048904 0.7866391 0.2797505 0.7269628 0.9256920 0.7871337 0.8030784 0.9915832 0.8106436 0.3609938 0.7362686 0.8676139 0.4393908 0.7594615 1.0801332 0.7470554 0.7608173 0.7653869 0.7260578 0.9615866 0.7711345 0.7711345 0.9616436 0.9616436 0.8551858 0.7711345 0.9442981 0.9739304 0.7555909 0.6448658 0.7640821 0.7204971 0.7280403 0.8213844 0.8074970 0.7192331 0.8074970 0.8213844 0.7248055 0.7009362 0.7300257 0.7802193 0.9119885 0.1462603 0.7365986 0.8182347 0.9987895 1.0321130 0.3955652 1.1462845 0.8549446 0.8689649 0.9943778 0.9352302 0.9426472 1.1327659 0.9436352 1.1926083 1.1921754 1.1731369 0.7476127 0.7812420 0.8501270 0.2324006 0.8836362 0.6545794 1.9454944 2.1412739 0.0000010 0.8615490 1.7048068 
Exapal_XM_021056297.2                                          1.7069026 0.5229033 0.2913435 0.2780440 0.2937511 0.3711021 0.2732970 0.4033416 0.4450487 0.2471952 0.4050173 0.0016261 0.0000000 0.2020167 0.6349273 0.3184311 0.2410917 0.6586661 1.1445405 0.2706366 0.9124065 0.8232978 0.7081829 0.6791238 0.4520028 0.5381682 0.5121489 0.6443236 0.4064877 0.4218916 0.6237762 0.5942552 0.5460467 0.3558061 0.5350420 0.7205355 1.2658295 0.7739385 0.3986482 0.6639667 0.6639667 0.6509877 0.6174411 0.5457877 0.6507258 0.5638649 0.6662098 0.6662098 0.5345341 0.5641097 0.5943487 0.4584982 0.7874401 0.6992444 0.7670134 0.7670134 0.6546797 0.8110416 0.8204302 0.9799161 0.7880886 0.8835882 0.9513009 0.9669091 0.7136824 0.6314734 0.6921035 0.5620074 0.9420986 1.0836328 0.7371904 0.9637381 1.1806220 0.9605696 0.9330660 0.9502168 0.9456802 0.9615866 0.9981047 0.9981047 1.0359561 1.0359561 0.9288677 0.9465251 1.0657067 1.1009374 1.0623014 0.9491202 0.8485339 0.9931187 0.9772539 1.0370642 0.8805983 0.9759182 0.8832053 1.0532498 0.9966618 0.9693421 1.0251876 0.7802193 1.2045132 0.5772032 0.9618850 0.9224751 1.1937101 1.2353058 0.9549463 1.1491201 1.0700608 1.0970863 1.0226929 1.1465289 1.1124833 1.2321550 1.2668916 1.4584761 1.3928959 1.3629428 0.7476127 1.3248092 0.8501270 0.8503892 0.8503161 0.5808981 0.6376258 1.0289258 0.4156156 1.0528282 1.8112824 
Nvec_v1g234599                                                 1.7925651 0.4547036 0.2645391 0.2460129 0.2639760 0.3294354 0.1176640 0.3561314 0.3902194 0.2016912 0.3972931 0.1450387 0.2020167 0.0000000 0.5331216 0.2993221 0.2396014 0.6161283 1.1915132 0.2993158 1.0151547 0.7386388 0.6515210 0.6038957 0.4476751 0.4647989 0.4518644 0.5579183 0.3524026 0.3572168 0.5222410 0.4987199 0.4582229 0.3486653 0.4635142 0.6291009 1.1826157 0.4493058 0.3831531 0.6097927 0.6097927 0.6032813 0.5386264 0.4921567 0.5766518 0.3398835 0.5341264 0.5975441 0.4067325 0.5677289 0.4708630 0.4345351 0.7252652 0.6407231 0.7102640 0.7102640 0.6072956 0.7256136 0.7381467 0.8541273 0.6993302 0.8022001 0.8362902 0.8940659 0.6281263 0.6113326 0.6236546 0.4853278 0.8371827 0.9406521 0.6748604 0.8680537 1.0514207 0.8476528 0.8363430 0.8966309 0.8684870 0.9343327 0.9174575 0.9174575 0.9184140 0.9184140 0.8342275 0.8727053 0.9356549 0.9557992 0.8620003 0.8941345 0.8094855 0.9370582 0.9014859 0.8577405 0.8171917 0.9101459 0.8471588 0.9589314 0.9060050 0.8973231 0.9088105 0.7455942 1.0636420 0.5723991 0.8921242 0.8927051 1.1645416 1.1734644 0.9478143 1.0285963 0.9914017 1.0336615 0.9423494 1.1694339 1.0656129 1.1535424 1.1360194 1.2499740 1.2821517 1.2504345 0.7708259 1.2981336 0.7417572 0.7002660 0.7843843 0.6370550 0.5409396 1.3516544 0.8589934 1.2952870 1.6400734 
Emue_Em0011g852a.t1                                            1.3996676 0.6706844 0.6154867 0.5961687 0.6273855 0.6482330 0.2517988 0.6923173 0.7811915 0.4758204 0.7315548 0.4687486 0.6349273 0.5331216 0.0000000 0.0393687 0.0508526 0.6591739 0.9261581 0.2029900 0.7128261 0.5600280 0.4635817 0.4166277 0.3246016 0.5806796 0.5758843 0.6450243 0.6095367 0.6301859 0.7302256 0.7202943 0.6617686 0.4753426 0.6212134 0.6659589 1.5321717 0.5370144 0.2682193 0.5682171 0.5682171 0.5568676 0.6261649 0.5219282 0.6432586 0.2881031 0.0633793 0.0822426 0.2113634 0.7383144 0.6561581 0.5884744 0.8122961 0.7219789 0.8320173 0.8320173 0.6882598 0.8570395 0.7901167 0.8463881 0.7440109 0.8171908 0.8134825 0.8607429 0.5134205 0.2881434 0.3241980 0.6326761 0.8855443 0.9618276 0.8273327 0.9435409 0.9533389 0.8929564 0.8562171 0.9254221 0.9427720 1.0328234 1.0532459 1.0532459 0.9732340 0.9732340 0.8796339 0.9665990 1.0045490 1.0340812 0.9687091 1.0177903 0.9349475 1.0365046 1.0128332 1.0808511 0.8695544 1.0105818 0.8995106 1.2431311 1.0615225 1.0241597 1.0352291 0.6795639 1.2057973 0.7336356 0.8528072 0.8979182 1.2456440 1.2385596 1.2162492 0.9511388 1.0336500 1.0726672 0.9369223 1.1954951 1.1124053 1.0911333 1.0973721 1.3433331 1.3169403 1.2515776 0.4467766 1.0549622 0.6932436 0.6009649 0.7987370 0.7750004 0.6805186 1.7260056 1.0504581 1.5257576 1.9910404 
Spolac_c104349_g1_i1_m.39810c104349-g1                         2.0734043 0.4801440 0.3508867 0.3376074 0.3302843 0.3574462 0.0000010 0.4653053 0.3318378 0.2886975 0.0000010 0.3184311 0.3184311 0.2993221 0.0393687 0.0000000 0.0000010 0.4373228 0.0000010 0.0000010 0.0000010 0.0000010 0.2427549 0.2474303 0.2362954 0.3304093 0.3760057 0.4438759 0.2833025 0.3179168 0.5713307 0.5347516 0.4121501 0.4184092 0.4537537 0.3913784 0.0000010 0.0000010 0.1855539 0.3498768 0.3498768 0.3498768 0.4280092 0.3979378 0.3863966 0.0000010 0.0000010 0.0000010 0.0000010 0.4992520 0.0000010 0.4861310 0.5886951 0.5955231 0.5985763 0.5985763 0.6107414 0.6146349 0.5727481 0.5327620 0.0000010 0.5144773 0.5340231 0.5163569 0.8661105 0.0000010 0.0000010 0.4734232 0.4596821 0.6802229 0.8244188 0.6143314 0.6089633 0.5085780 0.5037893 0.4752548 0.4302341 0.8252237 0.7022144 0.7022144 0.7022144 0.7022144 0.7022144 0.7022144 0.6912331 0.7036553 0.0000010 0.6433694 0.0000010 0.6559380 0.6941266 0.0000010 0.7085288 0.6939564 0.7085288 0.0000010 0.6836199 0.5956154 0.6300306 0.5616976 1.1455563 0.0000010 0.4976948 0.6362215 0.9138567 0.9486976 1.9372494 0.6258010 0.5944125 0.7501341 0.8872598 0.8872598 0.7704414 0.7602040 0.7612672 0.9565669 0.9988241 0.9614775 0.3394559 0.1977737 0.5470211 0.0000010 0.5629033 2.1401427 2.1333533 3.7776867 0.0000010 2.2440710 1.0475186 
Spolac_c104349_g4_i1_m.39817c104349-g4                         0.8587834 0.2531731 0.2460898 0.2761520 0.2603385 0.2491777 0.0000010 0.2491777 0.2707790 0.2755586 0.0000010 0.2410917 0.2410917 0.2396014 0.0508526 0.0000010 0.0000000 0.1927919 0.1189275 0.0000010 0.1189275 0.0000010 0.1798794 0.1639309 0.3203537 0.2177354 0.2521512 0.2569276 0.2579930 0.2943298 0.2984623 0.2901881 0.2926401 0.2434094 0.2257269 0.2551746 0.0000010 0.0000010 0.2859243 0.2814511 0.2814511 0.2814511 0.2829964 0.2982576 0.2814109 0.0000010 0.0000010 0.0000010 0.0000010 0.3681889 0.0000010 0.3681889 0.3988256 0.4023763 0.3951924 0.3951924 0.3928365 0.3800606 0.2606499 0.3917865 0.2280683 0.2757771 0.0000010 0.2984963 0.0000010 0.0000010 0.0000010 0.3268279 0.4687725 0.3885273 0.3540762 0.3517139 0.0000010 0.4818956 0.4075940 0.4939460 0.3362127 0.0000010 0.4677054 0.4677054 1.2308966 1.2308966 0.4677054 0.4677054 0.0000010 0.0000010 0.0000010 0.4521805 0.0000010 0.4656690 0.5174215 0.0000010 0.4684237 0.4684237 0.4684237 0.0000010 0.4455896 0.4820000 0.5447663 1.2308966 0.5428146 0.2036546 0.4479145 0.3619829 0.5436171 0.5204771 0.4155059 0.0000010 0.3411882 0.4160368 0.3860966 0.3860966 0.3868460 1.0969964 0.3957235 0.4396967 0.4139396 0.4528346 0.0000010 0.9937192 0.0000010 0.0000010 0.0000010 0.7406000 0.0000010 0.9345037 0.0000010 0.2460898 0.0000010 
Cscu_XM_023379573.1                                            1.6117052 0.6973798 0.6329838 0.6088016 0.6089471 0.6885825 0.3006763 0.6751469 0.7768292 0.5559735 0.8639967 0.5290550 0.6586661 0.6161283 0.6591739 0.4373228 0.1927919 0.0000000 1.1889514 0.1995360 0.9100706 1.0057074 0.7415855 0.6839752 0.5198425 0.5285053 0.4989414 0.5058344 0.6360107 0.6711246 0.7369178 0.7326900 0.7041682 0.4713060 0.5529983 0.7797178 1.6087538 0.5368358 0.4316616 0.7296222 0.7296222 0.7239221 0.5841113 0.4426147 0.4579633 0.4794259 0.6744654 0.6995767 0.4838556 0.6430450 0.7016646 0.5942663 0.7578078 0.6716962 0.7570734 0.7570734 0.6437614 0.7781846 0.5769852 0.9161180 0.7882030 0.8443324 0.8690477 0.8835764 0.7025116 0.7287462 0.7978631 0.6145581 0.9215498 1.0807039 0.8517684 1.0009724 1.1377545 0.9628858 0.9529567 0.9311297 1.0093655 1.0270966 1.0136951 1.0136951 1.0225929 1.0225929 0.9132434 0.9711844 1.0275318 1.0628438 0.8588453 0.9399480 0.8007015 0.9936602 0.9732944 0.9754472 0.8508179 0.9406086 0.8926787 1.1468828 0.9764405 0.9812554 1.0122261 0.8365089 1.1805435 0.6663888 0.9273178 0.7498228 1.2563873 1.2650404 1.0160153 1.1703669 1.1367390 1.1106296 0.9904053 1.1886850 1.1735925 1.2292954 1.2310136 1.3770398 1.3976239 1.4086283 0.9161527 1.4525715 0.9184714 0.6363119 0.8425768 0.7880965 0.8863788 1.7945186 1.1020704 1.5758692 2.0491168 
Aque_Aqu2.1.06164_001                                          1.3864708 1.4685921 1.2359140 1.2697377 1.2092150 1.3281133 0.0000010 1.3535077 1.4294824 0.9323006 0.0000010 0.2817272 1.1445405 1.1915132 0.9261581 0.0000010 0.1189275 1.1889514 0.0000000 0.0118091 0.0925202 0.0000010 0.0055166 0.4391519 0.2164296 1.1357272 0.9828477 1.2600018 1.3037144 1.4021716 1.3202008 1.2871595 1.2966213 0.9289876 1.1727250 1.2027449 1.8056100 0.0000010 9.0000000 0.7815788 0.7815788 0.5881290 1.2219070 0.7413076 1.2311257 0.0000010 0.0000010 0.0000010 0.0000010 1.2973265 0.0000010 0.7243984 1.4403521 0.8759523 1.3269339 1.3269339 0.5984984 1.4569446 1.0947042 1.2128885 1.1047216 1.0455397 0.0000010 1.1128501 0.0000010 0.0000010 0.0000010 1.4157398 1.6336204 1.2343600 1.1290742 1.0590639 0.0000010 1.4949198 1.5773971 1.7119311 1.6236292 0.0000010 1.4719706 1.4719706 0.0000010 0.0000010 0.4045661 1.1665161 9.0000000 9.0000000 0.0000010 1.4684692 0.0000010 1.3374636 1.4061228 0.0000010 0.4266664 1.3186414 0.4266664 0.0000010 1.3729104 1.5664222 1.4591593 0.0000010 1.5077640 1.0007867 1.6800845 1.2107910 1.3451886 1.3658441 1.3724788 0.0000010 1.5193991 2.0392240 0.2895301 1.3372382 1.4071510 0.7276680 1.6236188 1.5300241 1.6423986 1.7023238 0.0000010 8.9999984 0.0000010 0.0000010 0.0000010 1.6819170 0.0000010 6.1004409 0.0000010 0.3738302 0.0000010 
Aque_Aqu2.1.30254_001                                          0.4322907 0.2794775 0.2967480 0.3019077 0.3219853 0.2813472 0.0000010 0.3019077 0.3293559 0.3019077 0.0000010 0.2706366 0.2706366 0.2993158 0.2029900 0.0000010 0.0000010 0.1995360 0.0118091 0.0000000 0.0118091 0.0000010 0.0118091 0.0804529 0.0911823 0.2108940 0.2021954 0.2401215 0.2536821 0.2515616 0.3661977 0.3545458 0.3842519 0.3588580 0.2397917 0.3560849 0.3836671 0.0000010 0.0000010 0.7761372 0.7761372 0.3756748 0.2654696 0.2949555 0.2915966 0.0000010 0.0000010 0.0000010 0.0000010 0.3294472 0.0000010 0.3294472 0.3588037 0.3588037 0.3578167 0.3578167 0.3752082 0.3588037 0.2728869 0.2800046 0.2830118 0.2572919 0.0000010 0.2498177 0.0000010 0.0000010 0.0000010 0.2793643 0.2897278 0.3337250 0.3087548 0.3295758 0.0000010 0.3630357 0.3853253 0.3511280 0.3216612 0.0000010 0.3910882 0.3910882 0.0000010 0.0000010 0.3553340 0.3910882 0.0000010 0.0000010 0.0000010 0.4040083 0.0000010 0.3740955 0.3604928 0.0000010 0.3863924 0.3514179 0.3863924 0.0000010 0.3437880 0.3829234 0.3092222 0.0000010 0.3092222 0.2949555 0.3720379 0.3639960 0.3766141 0.3668368 0.3483067 0.0000010 0.4192248 0.4273182 0.2713136 0.2713136 0.2748244 0.2511504 0.3438626 0.3249233 0.2861106 0.2664055 0.0000010 4.3899442 0.0000010 0.0000010 0.0000010 0.0000010 0.0000010 3.8654166 0.0000010 0.3631607 0.0000010 
Aque_Aqu2.1.00709_001                                          0.9777293 0.9649706 0.9501958 1.0053461 0.9921186 0.8660212 0.0000010 0.9601528 1.0254737 0.9275839 0.0000010 0.2817272 0.9124065 1.0151547 0.7128261 0.0000010 0.1189275 0.9100706 0.0925202 0.0118091 0.0000000 0.0000010 0.0846936 0.3688215 0.1637444 0.8774193 0.8011043 0.8915834 0.8869332 0.8862916 1.0881192 1.0622553 1.0955980 0.8599341 0.9169368 1.0743612 1.6653137 0.0000010 9.0000000 0.7815788 0.7815788 0.5516245 1.0107171 0.7413076 0.9342353 0.0000010 0.0000010 0.0000010 0.0000010 0.9380271 0.0000010 0.7243984 1.2196578 0.8759523 1.1672278 1.1672278 0.5984984 1.2303502 0.8928916 0.8636830 0.8313486 0.7534757 0.0000010 0.8205103 0.0000010 0.0000010 0.0000010 1.1332483 1.1015581 1.1094697 0.8492181 1.0181739 0.0000010 1.2407000 1.2776609 1.3967032 1.0632483 0.0000010 0.9887883 0.9887883 0.0000010 0.0000010 0.4045661 0.9887883 0.0000010 0.0000010 0.0000010 1.2683389 0.0000010 1.1401640 0.9682373 0.0000010 0.4266664 1.2525224 0.4266664 0.0000010 1.2293838 1.1225875 1.1625494 0.0000010 1.2141720 0.8888148 1.2814004 1.0693631 1.1087149 1.0885819 1.1323482 0.0000010 1.1942780 1.4797182 0.2895301 1.0719190 1.1499338 0.7276680 1.1408494 1.2442777 1.0757997 1.0921727 0.0000010 6.8255614 0.0000010 0.0000010 0.0000010 1.6819170 0.0000010 4.5226746 0.0000010 0.3738302 0.0000010 
Aque_Aqu2.1.05043_001                                          1.4247865 0.7480504 0.9980491 0.7566183 0.7220914 0.9417774 0.0000010 0.8913721 1.3110467 0.7581145 0.9246747 0.9128394 0.8232978 0.7386388 0.5600280 0.0000010 0.0000010 1.0057074 0.0000010 0.0000010 0.0000010 0.0000000 0.0052956 0.2240171 0.5414272 0.8286595 0.8738527 1.0435491 0.8657519 1.2288704 0.7308717 0.7516020 0.7007179 0.2686289 0.8982363 0.9167536 0.0000010 0.0000010 1.3001740 0.9439788 0.9439788 0.9439788 0.8136115 1.1270701 1.0138041 2.4207108 0.6052086 0.6052086 0.2123492 0.0000010 0.7623919 0.7623919 0.9706512 0.9741156 0.9936830 0.9936830 0.9591682 0.9717822 1.1223531 1.2472960 0.0000010 1.2350659 1.0338418 1.1448202 0.5779804 0.5061694 0.4667742 0.5083516 1.3610148 1.5560064 0.0000010 1.5125582 1.3881368 1.0737372 1.0036002 1.2544319 1.3193305 0.0000010 1.2494130 1.2494130 1.2494130 1.2494130 1.2494130 1.2494130 1.2494130 1.2494130 0.9109016 0.9997435 0.9109127 1.1371876 1.1605962 1.0627402 1.1253554 1.1253554 1.1253554 1.0627402 1.1128395 1.0947055 1.2242815 0.0000010 1.2242815 0.8248840 1.1597416 1.6319993 1.8754964 1.6885687 0.0000010 1.6175006 1.3462486 1.2430596 1.6032316 1.6541645 1.6368615 1.6490663 1.6022678 1.7110287 2.0795612 1.8554924 0.0000010 0.6262577 3.3651422 0.4330920 0.8056075 0.8422503 6.4672238 1.1585789 0.1670419 3.3697878 1.7688430 
Aque_Aqu2.1.30253_001                                          1.5069522 0.7120531 0.7171485 0.6790691 0.6801213 0.7852668 0.2726104 0.7723591 0.8941566 0.5956411 0.8292513 0.5810843 0.7081829 0.6515210 0.4635817 0.2427549 0.1798794 0.7415855 0.0055166 0.0118091 0.0846936 0.0052956 0.0000000 0.2073816 0.1559936 0.6704012 0.6509600 0.7664332 0.7021963 0.7237429 0.7643347 0.7541676 0.7110967 0.5554092 0.6879157 0.7615025 1.7720042 0.4571543 0.4374578 0.6846648 0.6846648 0.6682633 0.7452304 0.6824566 0.7522914 0.3235901 0.4804963 0.5311817 0.2170492 0.7749560 0.6788142 0.6539902 0.9436512 0.8478910 0.9310373 0.9310373 0.8076234 0.9403892 0.9061635 0.9064691 0.8871451 0.8575706 0.8104678 0.8757450 0.5807197 0.4562651 0.4779404 0.6929082 0.9754803 1.0689036 0.9665657 1.0138396 1.0496626 0.9233593 0.8898486 1.0377089 0.9824906 1.1814889 1.0932334 1.0932334 1.0564197 1.0564197 0.9918084 1.0398405 1.0841732 1.1168398 0.9388842 1.0258399 0.9279194 1.0573354 1.0748998 1.0692797 0.9568619 1.0365001 1.0018664 1.2362392 1.0453023 1.0687118 1.1251195 0.6180184 1.3259316 1.0474822 0.9344438 1.0147683 1.3020223 1.2864294 1.1643821 1.1124190 1.0807030 1.1888421 1.0391568 1.2368001 1.2288520 1.1172390 1.2617423 1.3392605 1.4017890 1.3947692 0.0271135 1.1049780 0.7327872 0.6711707 0.8223311 0.8020562 0.8084485 1.7236940 1.0549780 1.9651126 1.7894375 
Halamb_c51796_g2_i3mm.4168                                     1.7435080 0.6843008 0.6574734 0.6301191 0.6422845 0.7350985 0.2835546 0.7588120 0.8727717 0.5797897 0.8217078 0.5206821 0.6791238 0.6038957 0.4166277 0.2474303 0.1639309 0.6839752 0.4391519 0.0804529 0.3688215 0.2240171 0.2073816 0.0000000 0.1627768 0.6202833 0.6214664 0.6883995 0.6474990 0.6677704 0.7185389 0.7308243 0.6782034 0.5553902 0.6570839 0.7173445 1.8218218 0.3905599 0.3648378 0.6430832 0.6430832 0.6280101 0.6833908 0.6170719 0.6839875 0.2945343 0.4066973 0.4509749 0.1826243 0.7651473 0.6808160 0.6677342 0.8542930 0.7798607 0.8519906 0.8519906 0.7435864 0.8648937 0.8334852 0.8267105 0.8086569 0.7880800 0.7753031 0.8166902 0.5158921 0.3697658 0.4256525 0.6600458 0.9048209 0.9708774 0.8901814 0.9698756 0.9332973 0.9057921 0.8613930 0.9778002 0.9391742 1.0192839 1.0545236 1.0545236 0.9734336 0.9734336 0.8990078 0.9838994 0.9875718 0.9981804 0.9400500 1.0216563 0.9964089 1.0161587 1.0010786 1.0154127 0.8766528 0.9913695 0.9129580 1.1739557 1.0037723 1.0303723 1.0723194 0.6244945 1.2486225 0.9200477 0.8476859 0.9255163 1.2815837 1.2356894 1.1408314 1.0255970 1.0477491 1.0644679 1.0457420 1.2085636 1.1889260 1.1322029 1.2236601 1.3625717 1.3163729 1.2777449 0.2161447 1.0969528 0.6921165 0.6490468 0.7433156 0.7836763 0.7937435 1.6352112 0.9689097 1.6351267 1.9269684 
Xestes_maker-XT_scaffold128-augustus-gene-0.8-mRNA-1           1.0523906 0.5541935 0.4929704 0.5204724 0.4745600 0.4964002 0.0000010 0.5628878 0.5099332 0.4767245 0.2855523 0.3835176 0.4520028 0.4476751 0.3246016 0.2362954 0.3203537 0.5198425 0.2164296 0.0911823 0.1637444 0.5414272 0.1559936 0.1627768 0.0000000 0.4382865 0.4914718 0.5425732 0.4366907 0.4556218 0.6769144 0.6671325 0.5877325 0.6084034 0.5278267 0.5552071 0.9078506 0.0000010 0.4153637 0.5770688 0.5770688 0.5288162 0.5679493 0.4778939 0.5435700 0.0000010 0.3616842 0.3616842 0.0000010 0.5940194 0.2023561 0.5268712 0.7324103 0.7060694 0.7228287 0.7228287 0.6310334 0.7386709 0.6405247 0.6454779 0.5927633 0.5785755 0.6241533 0.6089515 0.6022525 0.3981520 0.3981520 0.5740625 0.7222805 0.7110230 0.7714434 0.6464869 0.6109726 0.7160906 0.6742621 0.7191887 0.6666553 0.8923104 0.7650871 0.7650871 0.7751047 0.7751047 0.7444497 0.7536615 0.7380438 0.7273514 0.4899174 0.7916850 0.4899174 0.7753407 0.7730524 0.4899174 0.7999690 0.8217889 0.7999690 0.4899174 0.7909567 0.7618385 0.8137972 0.7646060 1.1387053 0.7720165 0.6857931 0.6776143 0.9781531 0.9038237 0.8492242 0.7650052 0.7650785 0.9205632 0.8093833 0.9388302 0.8588219 0.8116395 0.8417874 1.0142485 1.0007013 1.0093457 0.1958313 0.5735931 0.5916261 0.0000010 0.5607941 0.8657887 1.9772614 4.3393212 0.0000010 1.4303752 0.7631983 
Hsap_ENST00000230640                                           1.9181957 0.5657424 0.4903646 0.5007402 0.5076563 0.5848925 0.1497989 0.5888151 0.6598659 0.4215367 0.6506822 0.3913671 0.5381682 0.4647989 0.5806796 0.3304093 0.2177354 0.5285053 1.1357272 0.2108940 0.8774193 0.8286595 0.6704012 0.6202833 0.4382865 0.0000000 0.3834773 0.4667371 0.5280502 0.5756107 0.6242373 0.6000856 0.5612239 0.4137490 0.4358874 0.6752151 1.6663162 0.3799085 0.3517728 0.6264827 0.6264827 0.6183325 0.4300139 0.4065371 0.5041315 0.4067826 0.6082289 0.6767593 0.4102088 0.6327534 0.4857101 0.4724294 0.7337011 0.6557793 0.7284566 0.7284566 0.6190108 0.7538531 0.6736865 0.8996813 0.7918908 0.8415298 0.8659258 0.9030596 0.6704934 0.5761174 0.5889195 0.5515941 0.9012172 1.0226119 0.8499596 0.9131649 1.0413636 0.8745787 0.8431749 0.9050001 0.9127029 0.8570303 0.9099768 0.9099768 0.8612139 0.8612139 0.7874724 0.8631939 0.8647567 0.8795443 0.8080444 0.8976579 0.7916641 0.9157485 0.9076944 0.8297239 0.7766874 0.8872082 0.8196420 0.9743842 0.9643153 0.9069313 0.9411859 0.8426487 1.1208975 0.6705926 0.8684249 0.8316489 1.2021587 1.1826282 1.0394539 1.0475632 1.0018727 1.0240861 0.9413495 1.1723647 1.1257300 1.0996399 1.1373992 1.3396841 1.3458596 1.3197625 0.8511190 1.3906178 0.8236613 0.6959341 0.8063852 0.6373715 0.7371133 1.7173816 1.0930009 1.5379508 1.6707967 
Skow_XM_006825533.1                                            1.4983385 0.5952021 0.4782217 0.4684743 0.4809649 0.5482567 0.1924224 0.5501865 0.6363701 0.4122118 0.6478493 0.3881088 0.5121489 0.4518644 0.5758843 0.3760057 0.2521512 0.4989414 0.9828477 0.2021954 0.8011043 0.8738527 0.6509600 0.6214664 0.4914718 0.3834773 0.0000000 0.5022410 0.5229369 0.5461103 0.5928018 0.5809317 0.5543218 0.4126978 0.3970102 0.7190823 1.3236357 0.5314682 0.3872548 0.6476376 0.6476376 0.6380748 0.3952278 0.3793557 0.4750159 0.4210010 0.6174942 0.6800154 0.4183214 0.6012985 0.5982225 0.5090340 0.7116074 0.6334460 0.7164694 0.7164694 0.5867997 0.7117009 0.6957744 0.8929714 0.6869369 0.8571031 0.9052245 0.8927089 0.6025876 0.6481852 0.6889367 0.5853296 0.8450556 1.0243351 0.8015130 0.9938105 1.1024816 0.8930928 0.8837083 0.9042172 0.9194888 0.9107301 0.9396574 0.9396574 0.9373602 0.9373602 0.8517383 0.9022813 0.9333824 0.9470667 0.8182486 0.8723090 0.7402592 0.9152443 0.8924405 0.8240051 0.8073779 0.9051552 0.8477266 0.9498979 0.9613725 0.9099618 0.9556095 0.8708834 1.1148629 0.5381069 0.8721539 0.8414627 1.2008237 1.2257785 0.9084300 1.0504517 0.9896384 1.0185280 0.9067869 1.1033370 1.0774293 1.1058346 1.1660436 1.3463287 1.3021659 1.2852376 0.7819753 1.3677977 0.7889954 0.7887464 0.7534028 0.7129892 0.8059061 1.6157706 1.0530758 1.5514277 2.1179795 
Cgig_XM_034459186.1                                            1.6642783 0.6420938 0.5520808 0.5569096 0.5718574 0.5924924 0.2973115 0.6146875 0.6815886 0.5018924 0.6711809 0.4898125 0.6443236 0.5579183 0.6450243 0.4438759 0.2569276 0.5058344 1.2600018 0.2401215 0.8915834 1.0435491 0.7664332 0.6883995 0.5425732 0.4667371 0.5022410 0.0000000 0.5791676 0.6087065 0.6690813 0.6576440 0.6385607 0.4956478 0.5345539 0.7691638 1.4840934 0.6651206 0.4375847 0.6902678 0.6902678 0.6902300 0.5403756 0.3233377 0.3241031 0.4282736 0.6679579 0.7309303 0.4650377 0.6888071 0.6559313 0.5792767 0.7799075 0.7105339 0.7801448 0.7801448 0.6832876 0.7959395 0.6627864 0.8536384 0.7047092 0.8149043 0.8619986 0.8951926 0.7843191 0.6966619 0.7374803 0.6622305 0.8773838 1.0135843 0.8070180 0.9038148 0.9874490 0.8633456 0.9093290 0.9709536 0.9315688 0.8799685 0.9318457 0.9318457 0.9886485 0.9886485 0.8814468 0.9094504 1.0070173 1.0233211 0.9725046 0.8844349 0.9741377 0.9084060 0.8964161 0.9488870 0.8269458 0.8933785 0.8613414 1.0944489 0.9303589 0.9075787 0.9273700 0.7344151 1.0988374 0.5479940 0.9000493 0.7958987 1.2121108 1.2031229 0.8373126 1.0995746 1.0675470 1.0675778 0.9838827 1.0774985 1.0834588 1.1447202 1.1362653 1.3259064 1.2323326 1.2214299 0.8328129 1.3857305 0.8985516 0.6984345 0.9033812 0.8026829 0.8768393 1.7725566 1.1818110 1.6242216 2.0213772 
Dgig_XM_028557181.1                                            1.7205712 0.4917306 0.3665614 0.3605360 0.3761431 0.4341279 0.1811796 0.4588572 0.4959771 0.2991910 0.5434966 0.2809024 0.4064877 0.3524026 0.6095367 0.2833025 0.2579930 0.6360107 1.3037144 0.2536821 0.8869332 0.8657519 0.7021963 0.6474990 0.4366907 0.5280502 0.5229369 0.5791676 0.0000000 0.1381596 0.5381192 0.5296924 0.4780148 0.3451431 0.5334057 0.7085214 1.5288421 0.4987326 0.3738511 0.6271327 0.6271327 0.6212929 0.5570675 0.5198009 0.5931168 0.4068911 0.6941142 0.7760564 0.4617486 0.6607039 0.5133015 0.4850832 0.7651423 0.6959009 0.7749004 0.7749004 0.6504184 0.7861205 0.8708913 0.8790742 0.7430729 0.8002406 0.8359592 0.8778690 0.7001773 0.8130680 0.8066735 0.5404173 0.8425812 1.0005518 0.7415245 0.9367058 1.0641662 0.9402514 0.8609891 0.9432004 0.9324866 0.9969282 0.9416630 0.9416630 0.9339770 0.9339770 0.8564248 0.8797657 0.9597868 0.9900610 0.9131828 0.9199789 0.9940089 0.9313212 0.9314598 0.9244204 0.8231044 0.9136137 0.8688661 1.0990388 0.9319028 0.8952827 0.9535310 0.6735103 1.1239098 0.7198015 0.8807064 0.9699348 1.1392111 1.1378897 0.9686248 0.9969994 0.9811608 1.0199582 0.9566462 1.1278254 1.1372193 1.1918088 1.1294290 1.3641312 1.3554019 1.3008748 0.8203280 1.3389830 0.8195602 0.6451294 0.8308345 0.2849793 0.7354659 1.5206293 0.9584309 1.4472815 1.8119158 
