87
Tetwil_g6805.t1                                   0.0000000 4.0650677 3.2660122 3.2660122 2.8280797 1.5290956 3.5423541 7.2733403 3.6551130 3.6551130 7.2733403 2.3005267 3.2441830 2.6351996 2.7661445 3.2946359 1.3543279 3.7394967 2.9541066 2.9541066 2.9725627 1.1222406 2.6936565 2.8788728 2.6425574 2.7044199 2.7181492 3.2201466 2.8601288 3.0613865 2.4012341 3.0592444 3.0306491 2.8186259 2.6649636 3.7937830 2.8099920 2.0069452 1.6511398 2.9409130 1.7795176 1.6540607 1.3007208 2.8645168 1.9345767 1.9299762 3.0453908 2.6366468 3.7713335 2.9955387 3.3406914 3.1477254 2.1756246 3.2416590 3.3437323 3.3979698 3.3314891 3.9874552 3.1905288 3.1220860 2.2922085 3.6438997 4.2869237 5.0069534 5.0775473 3.9370744 3.6442226 3.2037434 3.5607051 3.6880622 4.3308962 3.7359696 4.3517258 3.7096881 3.4230213 4.0114377 4.3141897 4.3750986 4.8864735 4.2323314 3.5520191 3.6040366 3.2946274 3.9805066 4.4626630 1.4032714 3.7886864 
Bolinf_Binf_sb1220416                             4.0650677 0.0000000 0.0000010 0.0000010 0.4345489 0.2839062 0.4484733 0.8514025 0.6323984 0.6323984 0.8514025 0.4906931 0.6187232 0.5254286 0.5312465 0.5423208 0.6041737 1.1310672 1.2815946 1.2815946 3.7066039 1.4050704 3.1847867 2.7657736 3.4053331 3.4986457 3.7392580 3.7733625 3.6404465 3.6558015 3.5205604 4.0522774 3.8482604 3.3823684 3.7299529 5.0794497 3.7857685 2.2436816 1.6354230 3.8269380 2.5163817 2.5163817 2.5163817 4.2389022 3.6688913 3.7546152 3.1627888 3.3215768 4.6734109 3.7773616 3.8186245 7.0343420 4.1750935 4.2553248 4.0239336 4.0484517 4.2935199 4.3472301 4.6370348 4.8017525 4.5078230 6.0880479 5.0388995 6.0995027 6.1649405 4.0046384 5.0824021 4.3445042 4.9041763 5.2683863 5.9299668 4.4797810 6.2523795 4.1402753 4.5638679 6.5015476 5.5296767 5.2565089 5.6597026 5.9815390 4.8754819 4.8880725 4.3260006 4.8564162 4.8797495 0.0000010 5.3137473 
Mertsp_Mesp_sb558790                              3.2660122 0.0000010 0.0000000 0.0000010 0.4112698 0.3340702 0.4201331 0.7817647 0.5382203 0.5382203 0.7817647 0.4779488 0.4993007 0.4121839 0.3978033 0.5550713 0.5183957 0.9490018 1.1360434 1.1360434 2.8552752 1.0704331 2.6846292 2.2977446 2.7712306 2.8274727 2.7527008 3.4784488 2.9036766 3.1131097 2.8612998 3.2305548 3.1722037 2.7679018 3.0240412 3.7134238 2.9780388 1.9449669 1.7499514 2.9592663 2.2978300 2.4277173 2.1604254 3.4913099 2.9738984 2.9823935 2.6210104 2.7332488 3.5114580 3.0653232 2.9780340 5.1983970 3.2103206 3.5292026 3.1787703 3.1887559 3.4124961 4.1707834 4.3941172 3.4401725 3.4179813 4.8144952 4.2490025 4.9199428 4.9449994 3.3101937 3.7457612 2.9124403 3.5856456 4.0703245 4.8262482 3.5898589 4.7015589 3.4142310 3.3217181 4.2839111 4.4282064 4.3017968 4.7300903 4.3709961 4.3126854 3.5899886 3.4769969 3.8101340 3.9624386 1.7709510 3.9761048 
Mertsp_Mesp_sb558791                              3.2660122 0.0000010 0.0000010 0.0000000 0.4112698 0.3340702 0.4201331 0.7817647 0.5382203 0.5382203 0.7817647 0.4779488 0.4993007 0.4121839 0.3978033 0.5550713 0.5183957 0.9490018 1.1360434 1.1360434 2.8552752 1.0704331 2.6846292 2.2977446 2.7712306 2.8274727 2.7527008 3.4784488 2.9036766 3.1131097 2.8612998 3.2305548 3.1722037 2.7679018 3.0240412 3.7134238 2.9780388 1.9449669 1.7499514 2.9592663 2.2978300 2.4277173 2.1604254 3.4913099 2.9738984 2.9823935 2.6210104 2.7332488 3.5114580 3.0653232 2.9780340 5.1983970 3.2103206 3.5292026 3.1787703 3.1887559 3.4124961 4.1707834 4.3941172 3.4401725 3.4179813 4.8144952 4.2490025 4.9199428 4.9449994 3.3101937 3.7457612 2.9124403 3.5856456 4.0703245 4.8262482 3.5898589 4.7015589 3.4142310 3.3217181 4.2839111 4.4282064 4.3017968 4.7300903 4.3709961 4.3126854 3.5899886 3.4769969 3.8101340 3.9624386 1.7709510 3.9761048 
Bolinf_Binf_sb1232397                             2.8280797 0.4345489 0.4112698 0.4112698 0.0000000 0.0936354 0.1607591 0.8801001 0.3960375 0.3960375 0.8801001 0.5427972 0.5105447 0.4676461 0.0000010 0.5825034 0.6314120 1.0884382 0.8222117 0.8222117 2.5876921 1.0701839 2.4735279 2.4870511 2.4065854 2.4380529 2.8323955 3.5618896 2.5541950 2.6466503 2.4618826 2.9688473 3.3437920 2.4616154 2.7304550 2.5612607 2.4955213 2.0987022 1.8394762 2.7836106 2.1153794 2.2847142 2.1788266 3.1209656 2.4309800 2.3201730 2.4390264 2.1420137 2.5204667 2.5688704 2.6929985 3.8358518 3.2042455 3.6132435 3.1873832 3.1697653 3.3321364 4.4824017 3.7403750 2.6788980 2.7994140 3.8377489 3.2719103 4.1734741 4.1938905 3.3110208 3.0513466 2.7540582 3.4606174 3.3129841 3.9091463 3.7923867 4.0832422 2.9957332 2.9991859 3.8117084 3.8186550 3.9455976 4.1901340 3.5819437 3.5909758 3.4813234 3.0106608 3.1987039 3.3453444 1.7897986 3.0718230 
Vmul_sbMO403041                                   1.5290956 0.2839062 0.3340702 0.3340702 0.0936354 0.0000000 0.0146643 0.0000010 0.2583026 0.2583026 0.0000010 0.4016481 0.2747497 0.2747497 0.0000010 0.4930360 0.6050598 0.6753016 0.5704343 0.5704343 1.2958807 0.8228749 1.4422927 1.4366375 1.3650941 1.3593451 1.5533849 2.0094820 1.3370271 1.4324423 1.3757733 1.4484965 1.5298535 1.3758585 1.5064172 1.3144638 1.4504647 1.5043489 1.5564286 1.2689545 1.2432914 1.7696583 1.6166607 1.6426321 1.3719855 1.3503421 1.3964839 1.4784102 1.3769244 1.4096435 1.3654078 1.9986369 1.9986369 2.0365710 1.8067406 1.7933591 1.9033516 2.6492482 2.0654771 1.5579021 1.5506947 3.0176397 2.6761108 2.8599526 2.8550336 2.8701212 1.8190141 1.9841917 2.4662881 2.4662881 2.5537597 2.4568027 2.7999417 2.3112222 2.3000953 2.7929413 2.7032182 2.9113552 3.1321122 2.1359919 2.9756458 1.7004866 2.0694761 2.6853277 2.2988371 1.7552467 2.0610696 
Mlei_ML1932.g1.i1                                 3.5423541 0.4484733 0.4201331 0.4201331 0.1607591 0.0146643 0.0000000 0.5780093 0.4398523 0.4398523 0.5780093 0.5203987 0.5237904 0.4721802 0.4910743 0.5543178 0.6050598 0.9763030 1.0535972 1.0535972 2.8172937 1.0311378 2.6600246 2.7772524 2.7944805 2.7975818 2.7062003 3.4647528 2.9710188 3.0702908 2.9485800 3.0399098 3.3017512 2.6960166 3.0518099 3.8774706 2.9048334 2.0413632 1.8620872 3.0383537 2.3073677 2.5687089 2.3282754 3.5586587 2.8232165 3.0180413 2.6182174 3.2459623 3.4194376 3.0324198 2.8744687 5.1256321 3.1582935 3.4232413 3.1983389 3.3380542 3.2709748 3.9406268 3.6886576 3.2613970 3.3030687 4.9274453 4.3868893 5.0879461 5.1121760 4.0020478 3.9025462 3.5071226 4.0362241 4.4043730 4.7542095 3.7438641 5.0536602 3.8280833 3.6000757 4.7552108 5.2920527 4.6647064 5.1080939 4.6960613 4.5043600 3.6061799 3.4524226 3.9523740 4.4222421 1.9485907 4.3882003 
Drygla_Dgla_sb294707                              7.2733403 0.8514025 0.7817647 0.7817647 0.8801001 0.0000010 0.5780093 0.0000000 0.0034770 0.0034770 0.0000010 1.1752406 0.8247143 0.9564824 0.9061637 0.7873690 0.0000010 1.3931879 2.1564688 2.1564688 3.9623859 9.0000000 3.7634720 4.6867675 4.1585277 4.1742548 3.7095072 3.9195195 4.3863640 4.4273685 4.2526765 3.9718025 4.7543306 4.1440985 4.4995809 8.9999981 8.9999985 8.9999987 5.8526278 4.7054834 5.1422966 5.1422966 5.1422966 5.2912754 5.0282422 4.5346846 3.7186716 7.4134943 7.8600447 4.9681912 4.3528151 8.9999989 8.9999988 5.0645573 4.7762067 5.8178985 5.3846639 5.4310826 4.9892883 7.1060469 5.4503111 6.5127532 7.0735682 7.7834740 7.7834740 8.9149386 5.2665995 8.9999986 8.9999985 6.3464009 7.5691026 7.8934797 6.8025741 6.3942055 8.9999988 6.5409735 8.9999982 5.5633206 7.1211832 6.9425130 8.9999986 5.9772464 5.0293202 8.9999981 8.7121038 0.0000010 8.9209885 
Drygla_Dgla_sb294705                              3.6551130 0.6323984 0.5382203 0.5382203 0.3960375 0.2583026 0.4398523 0.0034770 0.0000000 0.0000010 0.0034770 0.5039563 0.5979515 0.4538943 0.9061637 0.6495761 0.6600639 1.0730543 1.2591978 1.2591978 2.8945027 0.9937803 2.7812485 2.3775995 2.8337676 2.8742054 2.8583746 3.3830009 2.9633733 3.1960660 2.9865448 2.9945547 3.4229914 2.8390458 3.1309795 4.3769230 3.2853805 1.9701660 1.8130623 3.1949880 1.9877777 2.2096003 2.0176795 3.8833086 3.1885658 3.0641364 2.6777809 3.0311374 3.7236615 2.9782529 3.0367679 5.4208372 3.1232448 3.9359736 3.6370540 3.8857170 3.9800021 4.6630491 4.0147420 3.3358770 3.6685822 4.8234405 4.5721089 5.6837065 5.7213643 3.8720370 3.8808234 3.4885688 3.5345966 4.2796570 5.1919680 3.7233317 4.9087390 4.1709227 3.4484425 4.2590931 5.3068869 4.5810943 5.1392003 4.6930721 4.5334220 4.2214951 3.7888129 4.4969107 4.2734068 1.6572249 4.5602433 
Drygla_Dgla_sb294704                              3.6551130 0.6323984 0.5382203 0.5382203 0.3960375 0.2583026 0.4398523 0.0034770 0.0000010 0.0000000 0.0034770 0.5039563 0.5979515 0.4538943 0.9061637 0.6495761 0.6600639 1.0730543 1.2591978 1.2591978 2.8945027 0.9937803 2.7812485 2.3775995 2.8337676 2.8742054 2.8583746 3.3830009 2.9633733 3.1960660 2.9865448 2.9945547 3.4229914 2.8390458 3.1309795 4.3769230 3.2853805 1.9701660 1.8130623 3.1949880 1.9877777 2.2096003 2.0176795 3.8833086 3.1885658 3.0641364 2.6777809 3.0311374 3.7236615 2.9782529 3.0367679 5.4208372 3.1232448 3.9359736 3.6370540 3.8857170 3.9800021 4.6630491 4.0147420 3.3358770 3.6685822 4.8234405 4.5721089 5.6837065 5.7213643 3.8720370 3.8808234 3.4885688 3.5345966 4.2796570 5.1919680 3.7233317 4.9087390 4.1709227 3.4484425 4.2590931 5.3068869 4.5810943 5.1392003 4.6930721 4.5334220 4.2214951 3.7888129 4.4969107 4.2734068 1.6572249 4.5602433 
Drygla_Dgla_sb294706                              7.2733403 0.8514025 0.7817647 0.7817647 0.8801001 0.0000010 0.5780093 0.0000010 0.0034770 0.0034770 0.0000000 1.1752406 0.8247143 0.9564824 0.9061637 0.7873690 0.0000010 1.3931879 2.1564688 2.1564688 3.9623859 9.0000000 3.7634720 4.6867675 4.1585277 4.1742548 3.7095072 3.9195195 4.3863640 4.4273685 4.2526765 3.9718025 4.7543306 4.1440985 4.4995809 8.9999981 8.9999985 8.9999987 5.8526278 4.7054834 5.1422966 5.1422966 5.1422966 5.2912754 5.0282422 4.5346846 3.7186716 7.4134943 7.8600447 4.9681912 4.3528151 8.9999989 8.9999988 5.0645573 4.7762067 5.8178985 5.3846639 5.4310826 4.9892883 7.1060469 5.4503111 6.5127532 7.0735682 7.7834740 7.7834740 8.9149386 5.2665995 8.9999986 8.9999985 6.3464009 7.5691026 7.8934797 6.8025741 6.3942055 8.9999988 6.5409735 8.9999982 5.5633206 7.1211832 6.9425130 8.9999986 5.9772464 5.0293202 8.9999981 8.7121038 0.0000010 8.9209885 
Lampan_Lpan_1362_01                               2.3005267 0.4906931 0.4779488 0.4779488 0.5427972 0.4016481 0.5203987 1.1752406 0.5039563 0.5039563 1.1752406 0.0000000 0.5966475 0.6067428 0.2100322 0.7214223 0.4806798 0.7503812 0.6074162 0.6074162 2.1063117 0.8166059 1.9410170 1.9878209 1.9063599 1.9711905 2.0376769 2.6205811 2.0305778 2.2264025 1.9623225 2.5480839 2.5152948 2.1242264 2.2733580 2.0775602 2.0773243 1.7908760 1.6260277 2.2389955 1.8415195 1.8919938 1.8463735 2.8850995 2.1907365 1.9643023 1.9402625 1.7931677 1.9768820 2.3564077 2.1341214 3.1555459 2.9751445 3.1021964 2.4833390 2.5881652 2.7824899 3.6799666 2.9339322 2.0818132 2.5613320 3.2887292 2.9414963 4.0137322 4.0605069 3.0414005 2.8806835 2.5032549 2.8557025 2.6720545 3.3813162 3.3009658 3.5565387 2.8816790 2.8757208 3.2607038 3.4026180 3.4325990 3.5253600 3.2390661 3.0485987 2.6964209 2.5575119 3.0198214 3.0268671 1.5798758 2.6331785 
Horcal_Hcv1.av93.c1.g300.i3                       3.2441830 0.6187232 0.4993007 0.4993007 0.5105447 0.2747497 0.5237904 0.8247143 0.5979515 0.5979515 0.8247143 0.5966475 0.0000000 0.0000010 0.0101681 0.0577456 0.5469168 1.1124330 1.2122180 1.2122180 2.9401399 1.2719725 2.7697282 2.4505082 2.8611552 2.8989158 2.6816730 3.4577411 3.1780926 3.3859118 2.7735450 3.1248997 3.1838108 2.6460272 2.9041626 4.0240901 2.6312395 1.9128450 1.8111303 2.9409111 2.4606868 2.4247987 2.2723793 3.5794740 2.8869626 2.8116056 2.8131947 3.2707732 3.6380826 3.1166988 2.9835751 5.2088078 3.1461520 3.4226733 3.2982961 3.4576499 3.6316197 4.3661493 3.8936995 3.4849021 3.6200033 4.7214194 4.8250843 5.1145379 5.1451364 3.8498849 3.6192696 2.9439505 3.7902524 4.0910671 5.2669052 3.9896116 4.9334787 3.3531039 3.3085584 4.7371498 4.9271219 4.6363534 4.8387150 4.2155808 4.3531213 3.4965569 3.6196294 3.6188104 4.0158940 1.4415818 4.3934239 
Horcal_Hcv1.av93.c1.g300.i2                       2.6351996 0.5254286 0.4121839 0.4121839 0.4676461 0.2747497 0.4721802 0.9564824 0.4538943 0.4538943 0.9564824 0.6067428 0.0000010 0.0000000 0.0000010 0.1098329 0.5469168 1.0092518 0.8914572 0.8914572 2.2529972 1.2719725 2.4188129 2.3461232 2.4419059 2.4759926 2.5917975 3.5716645 2.5947218 2.8873607 2.3993007 2.8082114 3.0450225 2.4865002 2.6652838 2.3409177 2.2514227 1.9128450 1.8111303 2.7103296 2.2865222 2.3101566 2.1616016 3.5490400 2.5210608 2.3228534 2.5341366 2.4080729 2.5958447 2.5868496 2.7113508 3.4138692 3.1461520 3.5087028 3.1144127 3.2070869 3.7232290 5.6407295 4.1453900 2.6366829 3.2778929 4.1963084 3.9286676 3.9100802 3.9326213 3.8985291 2.8062290 2.6057547 3.2265491 3.2265491 4.1023020 3.8644448 3.9627946 2.8877396 2.8844052 3.6009244 4.1334088 3.7021167 4.1713638 3.5550139 3.3891300 3.1671238 3.1681586 3.0231468 3.2873680 1.4415818 2.8749482 
Horcal_Hcv1.av93.c1.g300.i1                       2.7661445 0.5312465 0.3978033 0.3978033 0.0000010 0.0000010 0.4910743 0.9061637 0.9061637 0.9061637 0.9061637 0.2100322 0.0101681 0.0000010 0.0000000 0.0204117 0.0000010 1.5296394 1.9898471 1.9898471 2.6662168 0.0000010 2.0416465 0.0000010 1.7681377 1.8369036 1.9360185 1.9630849 2.0735995 2.0747787 2.0768676 1.9555930 2.1462147 1.7644203 2.2702127 8.9999990 8.9999981 0.0000010 0.0000010 2.0664529 9.0000000 9.0000000 9.0000000 2.1109577 2.5493304 2.0739313 2.1709531 8.9836575 4.7630415 1.5211550 1.7837280 8.9999989 0.0000010 2.2142663 1.8716068 1.8679046 1.9425968 1.9425968 2.0668155 5.6173039 2.1989894 4.4273314 5.7346853 5.3873859 5.3873859 9.0000000 3.5759271 0.0000010 9.0000000 3.8104336 4.2378518 0.0000010 5.5420778 3.4551626 8.9999988 4.8329693 6.4175362 4.0289000 2.8787582 2.8432141 3.3205897 2.0352198 2.1782592 4.5411203 6.8827465 0.0000010 7.9951941 
Pbac_sb2642574                                    3.2946359 0.5423208 0.5550713 0.5550713 0.5825034 0.4930360 0.5543178 0.7873690 0.6495761 0.6495761 0.7873690 0.7214223 0.0577456 0.1098329 0.0204117 0.0000000 0.7698070 1.1442499 1.2419635 1.2419635 2.9533160 0.8373432 2.7837725 2.5465374 2.8365419 2.8758657 2.6975108 3.6254584 3.2606457 3.4852620 2.7924766 3.0157618 3.0846167 2.6590341 2.9349866 4.4414410 3.0154105 2.0966932 2.2595786 2.8722575 1.9515029 2.5858092 2.1722023 3.4818249 2.8999549 2.8300354 2.8395031 3.4438485 3.7279641 3.2464593 3.0438222 4.9854947 2.9417495 3.2685303 3.2420162 3.3678983 3.5428714 4.3218805 3.7925634 3.7868979 3.4949504 4.5988452 4.5990946 5.1534955 5.1857061 3.7484351 3.6942076 3.3697859 4.1560623 4.3583508 5.4630055 4.5196328 5.2429764 3.7652846 3.7454938 5.1193566 5.0193869 4.4523932 5.0546887 4.2068937 4.3922787 3.4629959 3.8542682 3.9328082 4.0994645 2.2215894 5.1873729 
Coemet_Cmet_scaffold14364_01                      1.3543279 0.6041737 0.5183957 0.5183957 0.6314120 0.6050598 0.6050598 0.0000010 0.6600639 0.6600639 0.0000010 0.4806798 0.5469168 0.5469168 0.0000010 0.7698070 0.0000000 0.1904883 0.6568539 0.6568539 1.1745304 0.8092905 1.1659468 1.2151587 1.1938151 1.1941888 1.2515636 1.7125944 1.1753399 1.4004028 1.2098709 1.3135343 1.2503123 1.2565257 1.3183057 1.1618581 1.1140201 1.1765346 1.3913924 1.1190847 1.3155831 1.5367744 1.3850064 1.4378180 1.4944245 1.4609561 1.3476297 1.4289289 1.4384362 1.3271993 1.4770215 1.7628680 1.7628680 1.6609867 1.6512447 1.6511275 1.6104061 2.4594519 1.9448474 1.3572093 1.5159063 2.5696330 2.4885733 2.7857030 2.6170513 2.5269575 1.5758605 1.9546696 2.0770554 2.0770554 2.5594778 2.5401759 2.4627368 2.1188183 2.1102333 2.5426716 2.3183469 2.6825889 2.9402132 2.0631734 2.4854769 1.6048214 1.7626321 2.7747601 2.0437903 1.3839370 1.9041108 
Vmul_Simscaffold15807_01                          3.7394967 1.1310672 0.9490018 0.9490018 1.0884382 0.6753016 0.9763030 1.3931879 1.0730543 1.0730543 1.3931879 0.7503812 1.1124330 1.0092518 1.5296394 1.1442499 0.1904883 0.0000000 1.3773288 1.3773288 3.1492184 1.0645405 2.6316385 2.4364530 2.7568530 2.8266426 2.8564401 3.4240493 2.8266485 3.0696999 3.1160238 3.2342874 3.3416576 2.7914185 3.1299842 4.0750299 3.0998670 1.8846085 1.7807580 3.1058055 2.8767502 2.6132284 2.2730903 3.7156901 3.4790403 3.4237145 2.9703940 3.0686830 3.9045711 3.3902745 2.9142871 5.0823717 3.3845501 3.8023379 3.5683557 3.7736002 3.5837161 4.3424760 4.1780650 3.4055704 3.3822680 4.6559433 4.5982560 5.1784210 5.1114470 3.7206159 3.9279196 3.4475831 4.0121255 4.1702203 5.0344863 3.5627752 5.2065795 4.0181257 3.8213053 4.5328443 4.5691145 4.7264676 5.9251312 4.7394887 4.6399691 3.7582608 3.6751965 3.7986055 4.1366393 1.4073542 4.1943782 
Eupdun_Edun_sb10646188                            2.9541066 1.2815946 1.1360434 1.1360434 0.8222117 0.5704343 1.0535972 2.1564688 1.2591978 1.2591978 2.1564688 0.6074162 1.2122180 0.8914572 1.9898471 1.2419635 0.6568539 1.3773288 0.0000000 0.0000010 2.3863653 1.2052085 2.3847921 2.6498702 2.5445916 2.6053328 2.5866960 3.0618168 2.6990102 2.8611044 2.5989276 2.8753764 2.9390936 2.7268850 3.1248018 3.6541381 2.9012358 1.9892818 1.8754022 2.6667941 2.3290458 2.2434896 2.1181934 3.7037304 2.4954398 2.6432392 2.8601332 2.6988144 3.6337597 3.0860365 3.0072464 4.3779532 3.0541681 3.1900184 3.2284552 3.4376416 3.4215657 4.0445347 3.4804954 3.5406922 3.3365025 4.2355744 4.2516433 4.3976534 4.4555147 3.3440434 3.6931287 2.8013644 3.4261791 3.6536335 4.5988045 3.6642014 4.8935499 3.7412601 3.3321349 4.6527307 4.7220155 4.1465058 4.7498580 4.3885650 3.8703906 3.6469820 3.6544462 3.8927410 4.2627536 1.3963098 3.7613853 
Eupdun_Edun_sb10646187                            2.9541066 1.2815946 1.1360434 1.1360434 0.8222117 0.5704343 1.0535972 2.1564688 1.2591978 1.2591978 2.1564688 0.6074162 1.2122180 0.8914572 1.9898471 1.2419635 0.6568539 1.3773288 0.0000010 0.0000000 2.3863653 1.2052085 2.3847921 2.6498702 2.5445916 2.6053328 2.5866960 3.0618168 2.6990102 2.8611044 2.5989276 2.8753764 2.9390936 2.7268850 3.1248018 3.6541381 2.9012358 1.9892818 1.8754022 2.6667941 2.3290458 2.2434896 2.1181934 3.7037304 2.4954398 2.6432392 2.8601332 2.6988144 3.6337597 3.0860365 3.0072464 4.3779532 3.0541681 3.1900184 3.2284552 3.4376416 3.4215657 4.0445347 3.4804954 3.5406922 3.3365025 4.2355744 4.2516433 4.3976534 4.4555147 3.3440434 3.6931287 2.8013644 3.4261791 3.6536335 4.5988045 3.6642014 4.8935499 3.7412601 3.3321349 4.6527307 4.7220155 4.1465058 4.7498580 4.3885650 3.8703906 3.6469820 3.6544462 3.8927410 4.2627536 1.3963098 3.7613853 
Ctel_gnl_WGS_AMQN_CAPTEDRAFT_mRNA227094           2.9725627 3.7066039 2.8552752 2.8552752 2.5876921 1.2958807 2.8172937 3.9623859 2.8945027 2.8945027 3.9623859 2.1063117 2.9401399 2.2529972 2.6662168 2.9533160 1.1745304 3.1492184 2.3863653 2.3863653 0.0000000 0.7990056 1.9310119 2.4956141 2.0183920 1.9423069 2.1939369 2.5920645 2.1394743 2.1424758 2.0190215 1.7492826 1.8621313 1.7014342 1.6757846 3.1658048 2.2623188 1.4999181 1.6497173 1.5406919 1.4435387 1.8095830 1.4755473 3.0569242 2.3341454 1.9691688 1.9866277 2.3345819 3.1301091 2.5807600 1.8706289 3.4449233 2.8664736 2.7722674 2.6928710 2.7188302 2.7148512 3.1847884 2.4182573 2.6667084 2.5299615 3.6977788 3.7538379 4.6992013 4.7522692 2.8740548 3.1710931 2.5253492 3.0720751 3.4083074 4.6113872 3.0682093 4.4059743 3.4600271 3.0800561 3.8046935 3.9299936 3.3529881 4.0050016 3.6227517 3.8203654 2.6218703 2.3840581 3.8424979 3.3182187 1.0287626 3.0966461 
Exapal_XM_021036213.2                             1.1222406 1.4050704 1.0704331 1.0704331 1.0701839 0.8228749 1.0311378 9.0000000 0.9937803 0.9937803 9.0000000 0.8166059 1.2719725 1.2719725 0.0000010 0.8373432 0.8092905 1.0645405 1.2052085 1.2052085 0.7990056 0.0000000 0.2331368 0.2765043 0.2864178 0.2794533 0.4112865 0.4992216 0.3864428 0.4613050 0.4447201 0.5645817 0.8525463 0.7326725 0.7002196 0.8651205 1.0157928 1.0210922 0.8096936 0.7272381 1.0311474 0.8931463 0.8931463 0.9074755 0.9640067 0.8808259 0.7281892 0.7570776 0.7443219 0.7173614 1.0965136 1.1068387 1.1068387 1.4767982 0.9237598 0.9218149 0.9674933 1.2821575 0.8106038 0.7261607 1.4350003 2.3146517 2.3199427 2.0751293 2.1368686 2.2514177 1.7639764 1.7820910 1.8225332 1.8225332 2.4058976 2.1988570 1.8015931 2.0031284 2.0031284 2.0625984 2.2111023 2.1714899 2.8450959 2.1866494 1.7245629 1.2622744 1.4129205 2.1177763 2.0663208 0.3210556 0.8460260 
Nvec_v1g81185                                     2.6936565 3.1847867 2.6846292 2.6846292 2.4735279 1.4422927 2.6600246 3.7634720 2.7812485 2.7812485 3.7634720 1.9410170 2.7697282 2.4188129 2.0416465 2.7837725 1.1659468 2.6316385 2.3847921 2.3847921 1.9310119 0.2331368 0.0000000 0.6517893 0.6679784 0.6460231 0.6683215 0.8647211 0.7254484 0.7582525 0.9712241 1.5383295 1.7973914 1.3602685 1.7210377 2.9640059 1.8699131 1.2219708 0.9771901 1.5799149 1.2866163 1.3569206 1.1176356 2.4328951 1.9586321 2.0526561 1.3495626 1.6318547 2.2834806 1.6189722 1.9323167 3.6315589 2.5839065 2.3150350 1.6766547 1.9417962 1.7582021 1.9382634 1.6196110 1.9114705 2.3964544 3.6395063 3.7283280 4.4417348 4.5012084 2.9510241 3.1037138 2.8465955 2.8292245 2.9528092 4.3732269 3.4273271 3.9267937 3.1887210 2.8395716 3.3848112 3.7374206 3.2680457 4.0090720 3.5487650 3.6283200 2.9617164 2.7052696 3.5623735 3.5087771 0.4767972 2.9422241 
Gfas_gfas1.m1.17112.m1                            2.8788728 2.7657736 2.2977446 2.2977446 2.4870511 1.4366375 2.7772524 4.6867675 2.3775995 2.3775995 4.6867675 1.9878209 2.4505082 2.3461232 0.0000010 2.5465374 1.2151587 2.4364530 2.6498702 2.6498702 2.4956141 0.2765043 0.6517893 0.0000000 0.3246645 0.3392190 0.3920403 0.4074463 0.3888539 0.4266862 1.0854634 1.8470172 2.0372950 1.6838567 1.9660194 2.1116267 2.0484064 1.4850383 1.4156391 1.9228380 1.3983443 1.5767286 1.4385794 2.8976254 2.1310298 2.3882333 1.6403516 1.4651229 1.9033968 1.8337992 2.5457927 3.2578795 2.8854749 3.3698493 2.7064753 2.7831211 2.6943584 3.5272296 2.1459912 1.8184349 2.4678722 3.5801658 3.4460179 4.1607346 4.2398731 2.9839036 2.8688724 2.8387138 3.1659739 3.3716990 3.9917496 3.2515687 3.7286575 3.1421335 2.8983967 3.2739119 3.9885948 3.7287101 4.4241907 3.8294566 3.1278600 3.4790322 3.1618406 3.2174529 3.3572123 1.0159567 2.5633671 
Spis_XP_022797208_1                               2.6425574 3.4053331 2.7712306 2.7712306 2.4065854 1.3650941 2.7944805 4.1585277 2.8337676 2.8337676 4.1585277 1.9063599 2.8611552 2.4419059 1.7681377 2.8365419 1.1938151 2.7568530 2.5445916 2.5445916 2.0183920 0.2864178 0.6679784 0.3246645 0.0000000 0.0805444 0.2612805 0.3101899 0.3890764 0.3946104 0.9997023 1.5394399 1.6873460 1.4794735 1.6773735 2.9040033 2.0198489 1.2955776 1.0837925 1.7469312 1.3368379 1.4238883 1.1771526 2.6695497 1.9081933 1.9620482 1.4146543 1.7309378 2.4306175 1.7385099 1.9745891 3.6976526 2.7188862 2.4317905 1.9442296 2.1349004 1.8279397 2.0148415 1.6230134 2.1095912 2.5769579 3.5219063 3.7967612 4.4661100 4.5233585 3.0090204 3.1930645 2.7906225 2.9958096 3.2007387 4.5865915 3.1243329 4.0852889 3.2927695 3.0647044 3.3199477 4.4004112 3.4740240 3.9714052 3.5378665 3.2206317 2.8506935 2.7705317 3.2495775 3.6428694 0.4502997 2.8386579 
Pocdam_XM_027185060.1                             2.7044199 3.4986457 2.8274727 2.8274727 2.4380529 1.3593451 2.7975818 4.1742548 2.8742054 2.8742054 4.1742548 1.9711905 2.8989158 2.4759926 1.8369036 2.8758657 1.1941888 2.8266426 2.6053328 2.6053328 1.9423069 0.2794533 0.6460231 0.3392190 0.0805444 0.0000000 0.2433878 0.3154813 0.3921298 0.4078828 1.0042149 1.5232289 1.6813061 1.4402573 1.6709490 2.7868392 1.9985048 1.2327874 1.0633908 1.7165263 1.3182927 1.3775058 1.1390437 2.6294558 1.8508433 1.9540987 1.4479432 1.7025354 2.4500013 1.7185456 1.8996993 3.7474842 2.6065681 2.4411034 1.9496240 2.1478040 1.8523246 2.0437197 1.6521936 2.0992903 2.5959447 3.4806744 3.6715144 4.2874516 4.3407553 3.0325359 3.1942023 2.7065320 2.9789775 3.1324379 4.4457989 3.0332480 3.9551270 3.2498567 3.0234159 3.2515921 4.2894111 3.2753863 3.7326875 3.3866668 3.2792653 2.7666791 2.7269349 3.0299269 3.5485288 0.4184920 2.9904674 
Gasp_gasp1.m3.6239.m1                             2.7181492 3.7392580 2.7527008 2.7527008 2.8323955 1.5533849 2.7062003 3.7095072 2.8583746 2.8583746 3.7095072 2.0376769 2.6816730 2.5917975 1.9360185 2.6975108 1.2515636 2.8564401 2.5866960 2.5866960 2.1939369 0.4112865 0.6683215 0.3920403 0.2612805 0.2433878 0.0000000 0.2120810 0.3660778 0.3612214 1.0811307 1.6305225 1.6952622 1.5100641 1.7689924 3.0158905 2.4161756 1.3382065 1.0622393 1.6764190 1.6931921 1.5399853 1.1867358 2.7341211 1.8836052 1.9482661 1.3859248 2.0866685 2.6706139 1.5907618 1.9917969 3.9744223 2.9323331 2.6645650 2.0113835 2.2072723 1.7976305 2.0292147 1.7002023 2.2574171 2.5444689 3.8034639 3.8421761 4.2523402 4.3205853 3.0818648 3.2525543 3.3682650 3.2084230 3.2350504 4.7546479 3.4070693 4.1762994 3.6893565 3.6494478 3.0136865 5.0743451 3.3659949 3.9957384 3.4977760 3.4962411 2.5775090 2.6256210 3.3486674 4.0272312 0.4552277 3.0258344 
Fspp_ffun1.m4.22351.m1                            3.2201466 3.7733625 3.4784488 3.4784488 3.5618896 2.0094820 3.4647528 3.9195195 3.3830009 3.3830009 3.9195195 2.6205811 3.4577411 3.5716645 1.9630849 3.6254584 1.7125944 3.4240493 3.0618168 3.0618168 2.5920645 0.4992216 0.8647211 0.4074463 0.3101899 0.3154813 0.2120810 0.0000000 0.4624160 0.4718689 1.2672797 1.8224112 2.1198420 1.8637885 2.0665330 3.5315708 3.0091253 2.0841410 1.7483219 2.1493220 1.7190272 2.3078834 2.0249482 3.0659656 2.3138072 2.6911510 1.6016421 2.4406006 3.0737723 2.1744289 2.4061951 4.9722292 4.2448269 3.0976280 2.4807299 2.8073490 2.3834143 2.4928852 1.9024964 2.9680848 2.9110438 4.6815607 4.5068463 5.0529299 5.1304976 3.8107525 3.9333236 4.0995370 4.2833444 4.1286769 5.1149139 3.6730082 4.9812828 4.1815367 4.6897733 4.1202422 5.6205299 3.7972604 4.4243408 4.1309620 4.7110446 3.2574986 3.2433517 3.6680234 4.3307620 1.4464746 3.8268605 
Adig_XM_015920222.1                               2.8601288 3.6404465 2.9036766 2.9036766 2.5541950 1.3370271 2.9710188 4.3863640 2.9633733 2.9633733 4.3863640 2.0305778 3.1780926 2.5947218 2.0735995 3.2606457 1.1753399 2.8266485 2.6990102 2.6990102 2.1394743 0.3864428 0.7254484 0.3888539 0.3890764 0.3921298 0.3660778 0.4624160 0.0000000 0.0069590 1.0849821 1.6999406 1.8231348 1.4177676 1.6774024 2.8671971 2.2168636 1.3743189 1.1641008 1.7233775 1.3945368 1.5067126 1.2673785 2.7033842 2.0282901 2.1842320 1.3726065 1.7115032 2.3384857 1.7813572 2.0301687 3.5466510 2.4697463 2.5101972 2.1304681 2.4258748 2.0727351 2.3367841 1.7302464 2.2035092 2.5728283 3.5387334 3.6460751 4.3658379 4.4204377 2.9004611 3.2539129 2.8736032 3.1193284 3.4674828 4.3300477 3.0438629 3.8766545 3.2572812 2.9979675 3.1683040 4.1224296 3.4945311 4.1751271 3.5738009 3.3087188 3.0044162 2.5743006 3.4028430 3.7191213 0.6939617 3.0608584 
Amil_Amillepora04457-RA                           3.0613865 3.6558015 3.1131097 3.1131097 2.6466503 1.4324423 3.0702908 4.4273685 3.1960660 3.1960660 4.4273685 2.2264025 3.3859118 2.8873607 2.0747787 3.4852620 1.4004028 3.0696999 2.8611044 2.8611044 2.1424758 0.4613050 0.7582525 0.4266862 0.3946104 0.4078828 0.3612214 0.4718689 0.0069590 0.0000000 1.1184793 1.7110572 1.8809824 1.4605832 1.7328699 2.9223890 2.4172422 1.5331427 1.4190610 1.7597726 1.6889789 1.7949108 1.4675304 2.7755318 2.1530885 2.2528356 1.3371716 1.8626072 2.4312644 1.8049977 1.9494473 3.8827676 2.8437692 2.4634338 2.1667085 2.4801354 2.1565143 2.3301692 1.6913297 2.4762202 2.7288776 3.8393447 4.0857435 4.5230927 4.5878709 3.4413194 3.4110412 2.8767201 3.4450051 3.6842949 4.5010924 3.1716837 4.1145863 3.4762418 3.2359769 3.2839773 4.4733489 3.4852190 4.4877642 3.8040719 3.8890372 3.0888521 2.6743043 3.9574819 4.0804983 0.8423868 3.5570500 
Dgig_XM_028535838.1                               2.4012341 3.5205604 2.8612998 2.8612998 2.4618826 1.3757733 2.9485800 4.2526765 2.9865448 2.9865448 4.2526765 1.9623225 2.7735450 2.3993007 2.0768676 2.7924766 1.2098709 3.1160238 2.5989276 2.5989276 2.0190215 0.4447201 0.9712241 1.0854634 0.9997023 1.0042149 1.0811307 1.2672797 1.0849821 1.1184793 0.0000000 1.6528055 1.6585167 1.3690811 1.6569533 2.9988699 2.2912206 1.2299499 1.1923230 1.7616115 1.1753607 1.3247344 1.0929615 2.6432881 2.0162425 1.9357646 1.3127051 1.6589869 2.5004214 1.6491971 1.8355008 3.6576149 2.5417659 2.4060223 2.0216612 2.1947937 2.0575528 2.2588394 0.9645039 2.0531056 2.2308574 3.4243000 3.5771310 4.4639299 4.5252312 2.7872924 3.3825823 2.7453990 3.6151045 3.5440781 4.1664277 2.9765841 3.7763589 3.2245106 2.9903723 3.3238909 3.8873121 3.3312820 4.2081916 3.6116726 3.8728357 3.1325985 2.7941609 3.2199409 4.1966643 0.4395645 3.0587980 
Skow_XM_006820955.1                               3.0592444 4.0522774 3.2305548 3.2305548 2.9688473 1.4484965 3.0399098 3.9718025 2.9945547 2.9945547 3.9718025 2.5480839 3.1248997 2.8082114 1.9555930 3.0157618 1.3135343 3.2342874 2.8753764 2.8753764 1.7492826 0.5645817 1.5383295 1.8470172 1.5394399 1.5232289 1.6305225 1.8224112 1.6999406 1.7110572 1.6528055 0.0000000 2.0972169 1.2193509 1.6363710 3.7020340 2.6517930 1.6576997 1.4923900 1.5733218 1.5431887 1.5308878 1.5019829 2.7461781 2.3986780 2.3412895 1.8327714 2.3140154 3.2334201 2.1313857 1.7266170 4.0083290 2.9411022 2.6328727 2.4588081 2.4869063 2.2695680 2.5498960 2.2434216 2.7526650 2.6985804 3.8277684 3.8312999 4.5046086 4.5521259 3.4224024 2.8513168 2.7754752 3.3881664 3.5621968 4.2749697 3.4192014 4.3484932 3.2777086 2.9098011 3.4030277 4.0602893 3.6591184 4.0480234 3.6733957 3.4728801 3.0101364 2.8680503 4.4100728 4.1798096 0.8859856 3.2987198 
Cscu_XM_023354831.1                               3.0306491 3.8482604 3.1722037 3.1722037 3.3437920 1.5298535 3.3017512 4.7543306 3.4229914 3.4229914 4.7543306 2.5152948 3.1838108 3.0450225 2.1462147 3.0846167 1.2503123 3.3416576 2.9390936 2.9390936 1.8621313 0.8525463 1.7973914 2.0372950 1.6873460 1.6813061 1.6952622 2.1198420 1.8231348 1.8809824 1.6585167 2.0972169 0.0000000 1.6028455 1.8193699 3.6356777 3.0520462 1.9360639 1.5697260 1.6667579 1.5928441 1.6531861 1.3490948 3.0038876 2.3915792 2.2109616 2.0503306 2.4173267 3.5968344 2.3315006 1.8825530 3.7567025 2.7100994 2.8607675 2.5241900 2.5724754 2.5271078 2.9052626 2.3419246 3.1307527 2.8305132 3.9301777 3.9315630 4.6385343 4.6828816 3.4037177 3.7239986 3.3757861 3.3904271 3.5206520 4.7105921 3.9964456 4.5243512 3.4289174 3.0724253 3.2554113 3.9311247 3.5017407 4.8972496 3.6406771 3.3603650 2.7400234 2.6229514 3.7324804 4.4491514 0.8989782 3.0446053 
Bralan_BLAG02001159_10                            2.8186259 3.3823684 2.7679018 2.7679018 2.4616154 1.3758585 2.6960166 4.1440985 2.8390458 2.8390458 4.1440985 2.1242264 2.6460272 2.4865002 1.7644203 2.6590341 1.2565257 2.7914185 2.7268850 2.7268850 1.7014342 0.7326725 1.3602685 1.6838567 1.4794735 1.4402573 1.5100641 1.8637885 1.4177676 1.4605832 1.3690811 1.2193509 1.6028455 0.0000000 1.4527216 2.8321255 2.1840005 1.3933672 1.3719414 1.7065104 1.3385630 1.4218017 1.0466140 2.2804219 1.9174924 1.8629571 1.8645418 2.3096767 3.1137200 2.1615828 1.4651646 3.7906070 2.6086605 2.5049235 2.2724745 2.3621240 2.1811440 2.4912773 2.0134759 2.6759674 2.4571391 3.1343239 3.3956152 3.7507845 3.7880699 2.6251385 2.9837886 2.5978596 2.7449089 3.1280255 3.5720037 2.8024560 3.5906042 3.5366035 3.2634902 3.2998743 3.4630087 2.8774199 3.2028219 3.1623561 3.6289156 2.4820152 2.5687555 3.2810371 3.5016759 0.8651574 3.0712682 
Hsap_ENST00000254900                              2.6649636 3.7299529 3.0240412 3.0240412 2.7304550 1.5064172 3.0518099 4.4995809 3.1309795 3.1309795 4.4995809 2.2733580 2.9041626 2.6652838 2.2702127 2.9349866 1.3183057 3.1299842 3.1248018 3.1248018 1.6757846 0.7002196 1.7210377 1.9660194 1.6773735 1.6709490 1.7689924 2.0665330 1.6774024 1.7328699 1.6569533 1.6363710 1.8193699 1.4527216 0.0000000 3.3323141 2.6590471 1.8155628 1.4331666 1.8966931 1.6228815 1.6923372 1.4010276 2.4621679 2.0437992 2.1018440 2.0436857 2.1613719 3.3544610 2.4516195 1.9245542 3.3851012 2.3561769 2.8147274 2.4928230 2.7574386 2.3598609 2.7124065 2.4012931 2.9395940 2.6444652 4.2059652 4.3235923 4.5462668 4.5990605 3.0578152 3.6551991 2.8581951 3.7861858 3.7066680 4.5412408 3.3887039 4.2455002 3.1700352 3.0394840 3.7673182 4.4273066 3.3003287 4.2936186 3.4279647 3.7719219 2.6662554 2.5511783 4.3646858 4.7541571 1.0113549 3.1580205 
Gracom_Gcom_scaffold19020_01                      3.7937830 5.0794497 3.7134238 3.7134238 2.5612607 1.3144638 3.8774706 8.9999981 4.3769230 4.3769230 8.9999981 2.0775602 4.0240901 2.3409177 8.9999990 4.4414410 1.1618581 4.0750299 3.6541381 3.6541381 3.1658048 0.8651205 2.9640059 2.1116267 2.9040033 2.7868392 3.0158905 3.5315708 2.8671971 2.9223890 2.9988699 3.7020340 3.6356777 2.8321255 3.3323141 0.0000000 0.7434820 0.4098122 0.9230728 3.4391168 1.4094830 1.5362576 1.3320069 4.3570756 3.0203720 2.8017842 3.2752131 2.8816331 3.7428426 3.0886327 3.1435375 3.7315187 2.4593245 3.4356147 3.6171794 3.6866207 3.7761292 4.5371742 4.0877870 2.9641690 3.6629136 4.9106516 5.0946271 5.1554430 5.2209707 2.5340729 4.4050869 2.8123078 4.8913267 5.3176171 5.4187587 3.1288547 5.4124253 4.2250920 2.9920287 4.8889911 4.6588317 4.2600873 5.1972562 4.5352451 3.7777914 4.1320257 4.4220684 3.9100120 4.7521889 1.0047048 4.1493614 
Scil_scict017235.1                                2.8099920 3.7857685 2.9780388 2.9780388 2.4955213 1.4504647 2.9048334 8.9999985 3.2853805 3.2853805 8.9999985 2.0773243 2.6312395 2.2514227 8.9999981 3.0154105 1.1140201 3.0998670 2.9012358 2.9012358 2.2623188 1.0157928 1.8699131 2.0484064 2.0198489 1.9985048 2.4161756 3.0091253 2.2168636 2.4172422 2.2912206 2.6517930 3.0520462 2.1840005 2.6590471 0.7434820 0.0000000 0.3418386 0.9936648 2.3913106 1.2409365 1.5314458 1.2413279 3.2971390 2.4731378 2.1974889 2.6284394 2.2285040 2.9135274 2.5227991 2.5148267 2.7219526 2.1646358 2.4575531 2.9270560 3.1502830 3.1914931 3.9949131 3.0954579 2.3800995 2.6268846 3.7712108 3.6561843 3.9734931 4.0382287 2.8203144 3.4270306 3.0700353 3.8290554 4.3139884 3.5663199 2.9697555 3.4611186 3.6940963 3.1172422 3.6148827 3.9461501 3.4761945 4.2206035 3.9824372 3.0081198 3.3533205 3.4899639 3.2288575 3.8389670 1.1459578 2.9627077 
Leuniv_Lniv_scaffold25353_01                      2.0069452 2.2436816 1.9449669 1.9449669 2.0987022 1.5043489 2.0413632 8.9999987 1.9701660 1.9701660 8.9999987 1.7908760 1.9128450 1.9128450 0.0000010 2.0966932 1.1765346 1.8846085 1.9892818 1.9892818 1.4999181 1.0210922 1.2219708 1.4850383 1.2955776 1.2327874 1.3382065 2.0841410 1.3743189 1.5331427 1.2299499 1.6576997 1.9360639 1.3933672 1.8155628 0.4098122 0.3418386 0.0000000 0.8934806 1.5671028 1.2835309 1.5846238 1.2656166 1.7774077 1.5438489 1.4162974 1.8024739 1.6574752 1.7355560 1.6448034 1.8290275 1.7471971 1.6200427 1.5772903 2.0316691 1.9905977 2.1648089 2.6537088 2.2114623 1.6195462 1.6004079 2.8158225 2.8001916 3.2782847 3.3514325 2.5501109 2.1892043 2.3950172 3.0363310 3.0363310 2.3566757 2.1579917 2.3345589 2.6359570 2.4347951 3.3106964 2.6775856 2.4662954 3.2498906 2.7319808 2.2921290 2.1252274 2.1695801 2.6459943 2.4689882 1.0630826 2.4290369 
Clacor_Ccor_C528945_01                            1.6511398 1.6354230 1.7499514 1.7499514 1.8394762 1.5564286 1.8620872 5.8526278 1.8130623 1.8130623 5.8526278 1.6260277 1.8111303 1.8111303 0.0000010 2.2595786 1.3913924 1.7807580 1.8754022 1.8754022 1.6497173 0.8096936 0.9771901 1.4156391 1.0837925 1.0633908 1.0622393 1.7483219 1.1641008 1.4190610 1.1923230 1.4923900 1.5697260 1.3719414 1.4331666 0.9230728 0.9936648 0.8934806 0.0000000 1.5121586 1.2423312 1.6680040 1.3989862 1.7844822 1.4072788 1.4286130 1.5251102 1.3382439 1.4908854 1.4970948 1.4397348 1.6558811 1.6558811 1.6596259 1.8655816 1.9737174 1.9146474 2.5872628 1.6155621 1.3471888 1.5061037 2.5594373 2.5870037 2.8044872 2.8453299 2.2296162 2.3150784 2.0812522 2.1790360 2.1790360 2.5215031 2.2429906 2.3316664 2.4081668 2.2222389 2.9467556 2.5157913 2.4055234 3.1248968 2.2982851 2.4228373 2.0196184 1.9130180 2.5473579 2.4849461 1.0447365 2.3310720 
Cgig_XM_011443850.3                               2.9409130 3.8269380 2.9592663 2.9592663 2.7836106 1.2689545 3.0383537 4.7054834 3.1949880 3.1949880 4.7054834 2.2389955 2.9409111 2.7103296 2.0664529 2.8722575 1.1190847 3.1058055 2.6667941 2.6667941 1.5406919 0.7272381 1.5799149 1.9228380 1.7469312 1.7165263 1.6764190 2.1493220 1.7233775 1.7597726 1.7616115 1.5733218 1.6667579 1.7065104 1.8966931 3.4391168 2.3913106 1.5671028 1.5121586 0.0000000 1.5756942 1.8991215 1.5522852 2.5567379 2.0960665 2.0908018 1.8855880 2.2615822 3.2427713 2.3893433 1.7928778 3.8664312 2.8330073 2.5164521 2.3467364 2.5134836 2.3892484 2.7008942 2.1808426 3.1633508 2.5884349 3.7761668 3.5070656 4.2225665 4.2760864 2.9645865 3.0818152 2.8147844 2.9528396 3.4633929 4.4873445 3.2171385 4.3420724 3.4169293 2.9301872 3.5984690 3.6161527 3.5345986 4.0175178 3.3067293 3.5923856 2.6375202 2.2229181 3.7944023 3.8621320 1.0882829 2.9975399 
Spolac_c102176_g1_i1_m.28218c102176-g1            1.7795176 2.5163817 2.2978300 2.2978300 2.1153794 1.2432914 2.3073677 5.1422966 1.9877777 1.9877777 5.1422966 1.8415195 2.4606868 2.2865222 9.0000000 1.9515029 1.3155831 2.8767502 2.3290458 2.3290458 1.4435387 1.0311474 1.2866163 1.3983443 1.3368379 1.3182927 1.6931921 1.7190272 1.3945368 1.6889789 1.1753607 1.5431887 1.5928441 1.3385630 1.6228815 1.4094830 1.2409365 1.2835309 1.2423312 1.5756942 0.0000000 0.0358954 0.0360788 0.2930624 1.3089231 1.2473681 1.6300977 1.7942043 1.5790363 1.7100180 1.5764800 1.9218131 1.9217135 1.6067701 1.6746359 1.6147926 1.7848433 2.0799015 1.7394691 1.5679319 1.8302401 2.1991592 2.5087193 3.0914978 3.1211484 2.6407449 2.5803365 2.5900571 3.1778209 3.3207482 3.2012370 2.9838213 2.4549264 3.6279379 3.5338901 2.9480388 2.4523270 2.3426129 3.4130674 3.1558496 2.0701310 2.4263330 2.3817382 3.0900530 2.8013606 0.8727098 1.6954789 
Spolac_c102176_g1_i3_m.28220c102176-g1            1.6540607 2.5163817 2.4277173 2.4277173 2.2847142 1.7696583 2.5687089 5.1422966 2.2096003 2.2096003 5.1422966 1.8919938 2.4247987 2.3101566 9.0000000 2.5858092 1.5367744 2.6132284 2.2434896 2.2434896 1.8095830 0.8931463 1.3569206 1.5767286 1.4238883 1.3775058 1.5399853 2.3078834 1.5067126 1.7949108 1.3247344 1.5308878 1.6531861 1.4218017 1.6923372 1.5362576 1.5314458 1.5846238 1.6680040 1.8991215 0.0358954 0.0000000 0.2645384 0.4082632 1.2916752 1.2958523 1.7049477 1.8249274 1.6472550 1.9483868 1.7067901 1.8395780 1.8386708 1.8306381 1.9315558 1.8497659 1.9271851 2.6390506 2.0718499 1.5862838 1.7510660 2.7617368 3.0189498 3.5253396 3.5566491 3.0708026 2.4235904 2.7344754 3.0709842 3.1612656 3.7294141 3.5644356 2.8994116 3.2927642 3.1120325 3.2100544 2.8048706 2.8363911 3.3570615 3.0581893 2.9690585 2.3841583 2.6585130 3.1550599 3.0273421 1.8235434 2.6060912 
Spolac_c102176_g1_i2_m.28219c102176-g1            1.3007208 2.5163817 2.1604254 2.1604254 2.1788266 1.6166607 2.3282754 5.1422966 2.0176795 2.0176795 5.1422966 1.8463735 2.2723793 2.1616016 9.0000000 2.1722023 1.3850064 2.2730903 2.1181934 2.1181934 1.4755473 0.8931463 1.1176356 1.4385794 1.1771526 1.1390437 1.1867358 2.0249482 1.2673785 1.4675304 1.0929615 1.5019829 1.3490948 1.0466140 1.4010276 1.3320069 1.2413279 1.2656166 1.3989862 1.5522852 0.0360788 0.2645384 0.0000000 0.3962211 1.0341012 1.1333282 1.5524403 1.5673201 1.5073485 1.7042971 1.4735263 1.6149312 1.6120799 1.5319762 1.6698194 1.5547119 1.7245997 2.2385819 1.5231858 1.3601641 1.3937115 2.5811524 2.8232277 3.0727825 3.0908786 2.7021812 2.2507194 2.5344566 2.8085924 2.8994290 2.9594442 2.7479187 2.5326743 3.3529077 2.8661431 2.7931748 2.3215943 2.4576391 3.1523788 2.8200853 2.8299828 2.2652014 2.2339917 2.7969754 2.7032185 1.3055258 2.1840161 
