70
Bralan_BLAG04000283_1                                               0.0000000 0.5658861 0.5278637 0.5703259 0.5251563 0.5691580 0.5770913 0.5519575 0.5313791 0.5837306 0.7684884 0.7615022 0.7605298 0.7806488 0.7685156 0.7511776 0.7840035 0.7911539 0.7975799 0.8686047 0.8101719 0.8744366 0.7459283 0.7675456 0.8291583 0.7362891 0.5789652 1.5604372 0.8558297 0.9131293 0.7516902 0.7878897 0.7511180 1.3623170 1.1742344 1.2304710 1.3087500 1.4404483 1.4826020 1.3025688 1.2109269 0.7529710 1.2532849 0.9524172 1.0499741 0.8601656 0.8875089 0.8480463 0.8367224 0.8469142 0.8511450 0.8976782 0.8641124 0.8641124 1.2463849 1.1887329 1.1725034 1.2651236 1.3225496 1.1995025 1.2353526 1.0920275 1.4602804 1.4426388 1.3387354 1.4426751 1.2761612 1.6416551 1.6902034 3.9301981 
Acagra_model.g15310.t1.1.5d3b87d5                                   0.5658861 0.0000000 0.3993083 0.4882523 0.5101834 0.5873747 0.5293207 0.5837063 0.5421953 0.6196468 0.7836458 0.7827305 0.7889124 0.7968273 0.7717176 0.7578952 0.7709034 0.7841318 0.7824254 0.7772577 0.7927969 0.8900068 0.7693470 0.7816034 0.8016857 0.7729506 0.5695529 1.5483438 0.8785458 0.9019672 0.7733313 0.8229708 0.6459287 1.4406247 1.3308082 1.2303837 1.3254457 1.5044846 1.5147114 1.1358396 1.2208871 0.7499364 1.2787100 0.8561454 0.9795345 0.8413388 0.9597643 0.8279005 0.8369473 0.8602954 0.8542698 0.9319102 0.8899764 0.8899764 1.1874794 1.1747789 1.1139277 1.2977770 1.2711900 1.1612427 1.2476895 1.1633318 1.4405880 1.3701586 1.1992595 1.3569901 1.0700681 1.6817327 1.6531470 3.5960845 
Cgig_XM_011426352.3                                                 0.5278637 0.3993083 0.0000000 0.4498489 0.5498043 0.5482486 0.5364207 0.6036014 0.5275863 0.6743902 0.8132123 0.8210236 0.8313449 0.8536002 0.8469534 0.8021521 0.8506581 0.8689532 0.8833030 0.8080399 0.9237211 0.9796875 0.8638442 0.8780930 1.0100387 0.8561882 0.6339925 1.3511944 0.9099473 0.9382750 0.8574526 0.9000214 0.6578615 1.5050782 1.3034226 1.2414909 1.4428232 1.5867731 1.5625548 1.1700761 1.2511912 0.8028872 1.3521978 0.9138333 1.0157280 0.8436155 1.0087563 0.9048810 0.9238026 0.9260838 0.9256451 0.9775726 0.9003083 0.9003083 1.2430964 1.2480509 1.2461381 1.3504178 1.3570424 1.2550001 1.3632735 1.2007904 1.5419612 1.5278818 1.3841343 1.4220488 1.2827271 1.6764611 1.7118538 3.9300175 
Ctel_gnl_WGS_AMQN_CAPTEDRAFT_mRNA229262                             0.5703259 0.4882523 0.4498489 0.0000000 0.5848178 0.5811108 0.5499520 0.5950514 0.5597498 0.6821856 0.8002783 0.7636889 0.7802374 0.7680159 0.8081390 0.7852992 0.8156049 0.8396471 0.8287648 0.6821887 0.8206367 0.8742420 0.8160808 0.8289974 0.8295028 0.7959164 0.6312640 0.7663482 0.8610166 0.8917881 0.7784104 0.8000806 0.5660430 1.3935455 1.1392095 1.6084115 1.4533035 1.4887288 1.4759152 1.3308811 1.3128069 0.8593905 1.3031463 0.9519489 0.9647185 0.8424239 1.0567440 0.8856657 0.8918693 0.8944974 0.8896183 0.9518434 0.8741233 0.8741233 1.2983662 1.2044965 1.2989009 1.3543457 1.3232318 1.2939638 1.3465397 1.2107971 1.4981623 1.4978047 1.2136502 1.4751816 1.0895133 1.5494524 1.7134971 4.0613341 
Cscu_XM_023361969.1                                                 0.5251563 0.5101834 0.5498043 0.5848178 0.0000000 0.4894524 0.4583062 0.6179883 0.5330837 0.6276464 0.7320680 0.7333602 0.7688912 0.7393510 0.7233482 0.7095583 0.7443939 0.7461079 0.7480939 0.6066483 0.7206442 0.7931244 0.7314708 0.7572187 0.7482008 0.7317205 0.6240836 0.5814510 0.7754235 0.8126189 0.7016915 0.7605990 0.7461606 1.3748214 1.2568538 1.4206242 1.3516357 1.4750732 1.4413952 1.1102685 1.2399880 0.6961621 1.2483562 0.8139993 0.7493342 0.7388587 1.0827874 0.8065916 0.8215742 0.8204741 0.8185540 0.8648769 0.8104292 0.8104292 1.2821822 1.2260780 1.2313756 1.3375173 1.3910061 1.1606808 1.1878059 1.1784079 1.5284997 1.5335372 1.4597089 1.4242921 0.9396190 1.6064177 1.7593808 3.8783296 
Tcas_TC032730_001                                                   0.5691580 0.5873747 0.5482486 0.5811108 0.4894524 0.0000000 0.4202210 0.6267014 0.5752780 0.6421489 0.7892412 0.8151802 0.7895654 0.8339652 0.7948799 0.7764867 0.8257201 0.8333865 0.8489409 0.8345523 0.8879806 0.9469083 0.7907054 0.8210241 0.8590909 0.7960581 0.5371590 1.6725070 0.8797091 0.8903578 0.7979913 0.8081898 0.7279653 1.4094827 1.2893854 1.2011514 1.2957106 1.4012474 1.5012762 1.2519552 1.2701700 0.8421683 1.3419857 0.8799579 1.0805601 0.8484138 1.1255578 0.9237175 0.9208196 0.9414615 0.9455763 0.9909221 0.9342965 0.9342965 1.2592405 1.2295783 1.2490177 1.3422262 1.2954327 1.1420949 1.2127859 1.1190218 1.4780140 1.4712438 1.2447981 1.3805348 1.4618092 1.6078708 1.6620395 3.6670918 
Dpul_mRNA24396                                                      0.5770913 0.5293207 0.5364207 0.5499520 0.4583062 0.4202210 0.0000000 0.6138026 0.5568149 0.6069759 0.8000026 0.8233689 0.8612148 0.8485606 0.7862259 0.7633074 0.7956121 0.8018561 0.8133192 0.7557403 0.8320837 0.9043609 0.7731271 0.8048768 0.8890648 0.7638568 0.4792893 1.7259691 0.8417623 0.8855757 0.7610522 0.8270302 0.6637588 1.3384489 1.1982387 1.3219756 1.3047727 1.4591263 1.3751830 1.2017510 1.2331180 0.7307190 1.3173294 0.8423039 0.9388874 0.7921954 1.0258959 0.8743169 0.8780717 0.9020173 0.9024690 0.9582640 0.8639387 0.8639387 1.2446890 1.1662624 1.2342652 1.2649146 1.2732457 1.1414864 1.1702202 1.0855309 1.5710767 1.5350875 1.1042020 1.4742065 1.1859060 1.5473609 1.6538661 3.5024626 
Spur_XM_030998904.1                                                 0.5519575 0.5837063 0.6036014 0.5950514 0.6179883 0.6267014 0.6138026 0.0000000 0.5098824 0.6155266 0.7949141 0.7638526 0.7569922 0.7809478 0.7466070 0.7382658 0.7575486 0.7627815 0.7652385 0.6915059 0.7839764 0.8789196 0.7432881 0.7968140 0.8303252 0.7712622 0.4909094 1.4492122 0.8629774 0.8758403 0.7505580 0.7833946 0.7417582 1.3625691 1.2963365 1.1664032 1.2911730 1.4496709 1.4867786 1.2945652 1.2120723 0.7725824 1.3427189 0.8888581 1.0014172 0.8243531 0.9391650 0.8260894 0.8301023 0.8454033 0.8413363 0.8763982 0.8114766 0.8114766 1.2316879 1.2281499 1.2321159 1.3252123 1.3129191 1.1927063 1.2275083 1.0937268 1.4633772 1.4310715 1.1506573 1.4828641 1.2462500 1.7441173 1.7452923 3.6666751 
Skow_XM_006817899.1                                                 0.5313791 0.5421953 0.5275863 0.5597498 0.5330837 0.5752780 0.5568149 0.5098824 0.0000000 0.6242707 0.7837716 0.7618770 0.7514693 0.7739312 0.7935905 0.7811134 0.7984980 0.8165751 0.7915689 0.7483013 0.8484877 0.8926331 0.7959924 0.8132703 0.8407296 0.7755978 0.4975311 1.3137826 0.8633978 0.8620278 0.7452305 0.7952042 0.7434358 1.4049048 1.1913702 1.3558313 1.3262059 1.5173799 1.5278873 1.2976158 1.2220319 0.7019606 1.3248237 0.8984479 1.0273529 0.7999799 1.0061769 0.9517357 0.9415905 0.9388541 0.9422482 0.9950568 0.9203028 0.9203028 1.1692412 1.1478258 1.2279825 1.3047109 1.3250686 1.1630670 1.2187209 1.1228193 1.4850202 1.4207761 1.1428577 1.3752753 1.2429446 1.6956411 1.6990603 3.6612880 
Hsap_ENST00000393955                                                0.5837306 0.6196468 0.6743902 0.6821856 0.6276464 0.6421489 0.6069759 0.6155266 0.6242707 0.0000000 0.8749655 0.8573586 0.8706614 0.9174435 0.7999933 0.7889764 0.8388222 0.8183095 0.8182485 0.7427083 0.8293765 0.8939001 0.7814937 0.8197816 0.8018087 0.7872018 0.6373696 1.2044457 0.9438484 0.9411239 0.7855540 0.7887296 0.8222331 1.4051721 1.1995387 1.2753528 1.2901338 1.4883023 1.4831059 1.2151386 1.2243261 0.7447920 1.2611521 0.9558172 1.0751173 0.8324049 0.8195299 0.9119004 0.9097893 0.9114986 0.9066887 0.9471157 0.9056430 0.9056430 1.3175621 1.2583808 1.2317194 1.3740762 1.3880082 1.2269198 1.2600138 1.1420865 1.4706970 1.4430754 1.1462229 1.4588018 1.2291265 1.6328036 1.7016160 3.6889483 
Morvir_scaffold324.g17.t1                                           0.7684884 0.7836458 0.8132123 0.8002783 0.7320680 0.7892412 0.8000026 0.7949141 0.7837716 0.8749655 0.0000000 0.4057554 0.3832801 0.3963639 0.6412894 0.6217039 0.6375115 0.6340840 0.6411931 0.6682839 0.6394269 0.7354212 0.5892112 0.6048578 0.6734745 0.5922039 0.4053629 1.1531351 0.5191195 0.5584932 0.6545938 0.6715140 0.9190311 1.4496011 1.1895482 1.4264779 1.3561865 1.5980768 1.5546612 1.3816242 1.3484353 0.8583075 1.4532330 0.9665868 1.0951289 0.8098853 0.8862922 0.9109408 0.9210084 0.8927311 0.8982847 0.9664016 0.9231682 0.9231682 1.2527022 1.2509123 1.2709933 1.3270185 1.3438160 1.2546945 1.3345441 1.1511709 1.5565860 1.5281237 1.4718319 1.5073960 1.4047462 1.7365727 1.6514140 3.8520589 
Nemnom_g9004.t1                                                     0.7615022 0.7827305 0.8210236 0.7636889 0.7333602 0.8151802 0.8233689 0.7638526 0.7618770 0.8573586 0.4057554 0.0000000 0.0905631 0.2711182 0.6009807 0.5804242 0.5919194 0.5974585 0.5874493 0.7290092 0.6245532 0.7265007 0.5414922 0.5800444 0.6702163 0.5717831 0.4647333 1.2583344 0.5608780 0.5650771 0.6680838 0.6819344 0.8567095 1.5123816 1.3055283 1.4162396 1.4216255 1.6209647 1.6024327 1.4125505 1.3659848 0.8514016 1.4656023 0.9592568 1.0442675 0.8405921 1.0357513 0.9493794 0.9595588 0.9459402 0.9467178 0.9957231 0.9103597 0.9103597 1.2972231 1.2818740 1.3381464 1.3714444 1.4403191 1.3254366 1.3873147 1.2280173 1.5810437 1.5496328 1.3410889 1.5951153 1.2768931 1.6562178 1.6881504 4.2464861 
Rhoesc_Res_002041-T1                                                0.7605298 0.7889124 0.8313449 0.7802374 0.7688912 0.7895654 0.8612148 0.7569922 0.7514693 0.8706614 0.3832801 0.0905631 0.0000000 0.2496352 0.5793397 0.5604743 0.5748408 0.5778931 0.5739383 0.6753552 0.6069080 0.6834763 0.5231697 0.5590161 0.6291708 0.5538116 0.4555938 0.9972716 0.5522116 0.5650682 0.6609280 0.6776287 0.8778703 1.5143107 1.3886866 1.4214210 1.4454719 1.5760546 1.6154530 1.4285061 1.3879400 0.8864567 1.5014125 0.9501410 1.0566199 0.8448568 1.0581737 0.9416750 0.9336732 0.9404567 0.9412268 0.9765859 0.8863106 0.8863106 1.3209549 1.2635183 1.3552562 1.3624624 1.4247121 1.3532722 1.4055984 1.2128710 1.5984064 1.5728980 1.3718682 1.5823651 1.3496563 1.6503589 1.6967757 4.2717628 
Sanmal_Sma_026698-T1                                                0.7806488 0.7968273 0.8536002 0.7680159 0.7393510 0.8339652 0.8485606 0.7809478 0.7739312 0.9174435 0.3963639 0.2711182 0.2496352 0.0000000 0.5766588 0.5486351 0.5837809 0.5760014 0.5755617 0.6691869 0.6063237 0.6592566 0.5498776 0.5868551 0.6793200 0.5738741 0.4913890 0.9709208 0.5404945 0.5494449 0.6162382 0.6415141 0.9032303 1.4804233 1.2947213 1.3842376 1.4305138 1.6191955 1.6514953 1.3754457 1.3877835 0.8521290 1.4822218 0.9612073 1.0923657 0.8238941 1.1232648 0.9443239 0.9410763 0.9413863 0.9387793 0.9778475 0.8910613 0.8910613 1.2739769 1.2993124 1.3114982 1.3412811 1.3794812 1.3308978 1.4077636 1.1890910 1.5533199 1.5143994 1.3589796 1.5674537 1.3329971 1.7807827 1.5938655 4.0857668 
Spis_XP_022805785_1                                                 0.7685156 0.7717176 0.8469534 0.8081390 0.7233482 0.7948799 0.7862259 0.7466070 0.7935905 0.7999933 0.6412894 0.6009807 0.5793397 0.5766588 0.0000000 0.0334412 0.1517209 0.1640903 0.1671414 0.2125082 0.2013577 0.2544706 0.3423829 0.3859957 0.3999307 0.3493952 0.2550513 0.4977498 0.7197995 0.7139240 0.6252237 0.6641599 0.8873776 1.4942734 1.3964436 1.2936226 1.4286578 1.5300175 1.5471194 1.2775225 1.3939267 0.9649828 1.4250377 0.9222038 1.0128235 0.8693736 1.0637371 0.9002213 0.9015902 0.8915061 0.8911083 0.9528728 0.9070786 0.9070786 1.2109488 1.2346531 1.2174602 1.3877959 1.4162899 1.2565224 1.3154599 1.1648353 1.5339245 1.4949430 0.9712020 1.5036197 1.4138048 1.7400835 1.8674794 3.8237913 
Pocdam_XM_027194388.1                                               0.7511776 0.7578952 0.8021521 0.7852992 0.7095583 0.7764867 0.7633074 0.7382658 0.7811134 0.7889764 0.6217039 0.5804242 0.5604743 0.5486351 0.0334412 0.0000000 0.1372583 0.1464909 0.1612386 0.2012638 0.1903956 0.2389711 0.3287768 0.3774689 0.3923316 0.3386609 0.2670569 0.4548730 0.6956898 0.6961763 0.5854796 0.6323600 0.8615893 1.4824820 1.4282185 1.2528373 1.4312702 1.5222855 1.5537407 1.2909431 1.3688768 0.9654962 1.4016350 0.8921499 1.0148190 0.8508264 1.0565499 0.8691757 0.8723578 0.8633944 0.8624983 0.9164377 0.8714352 0.8714352 1.2095508 1.2194281 1.2129802 1.3753495 1.4083124 1.2558103 1.3144856 1.1498756 1.5108141 1.4756510 0.9382563 1.4867364 1.3661458 1.7262559 1.8741109 3.7359364 
Gasp_gasp1.m3.30600.m1                                              0.7840035 0.7709034 0.8506581 0.8156049 0.7443939 0.8257201 0.7956121 0.7575486 0.7984980 0.8388222 0.6375115 0.5919194 0.5748408 0.5837809 0.1517209 0.1372583 0.0000000 0.1021669 0.1426114 0.2037874 0.1750853 0.2288939 0.3519888 0.3916288 0.4030094 0.3697885 0.3113911 0.4942694 0.7195211 0.7030274 0.6218933 0.6720843 0.8680375 1.4862043 1.4471750 1.2523291 1.4261491 1.5472508 1.5295091 1.3477799 1.3796642 1.0433103 1.3759405 0.9109371 1.0427056 0.8513366 1.0752901 0.9055867 0.9054591 0.8986740 0.8977786 0.9605041 0.9042072 0.9042072 1.1952642 1.2418701 1.2523121 1.3967578 1.4229594 1.3011219 1.3603054 1.1720772 1.5302190 1.4872426 0.9523205 1.4840783 1.3471827 1.7387037 1.7909565 3.7863930 
Fspp_ffun1.m4.17627.m1                                              0.7911539 0.7841318 0.8689532 0.8396471 0.7461079 0.8333865 0.8018561 0.7627815 0.8165751 0.8183095 0.6340840 0.5974585 0.5778931 0.5760014 0.1640903 0.1464909 0.1021669 0.0000000 0.1546965 0.2164809 0.1816606 0.2391164 0.3442089 0.4013792 0.3936104 0.3687151 0.2955682 0.4481377 0.7366566 0.6907684 0.6222012 0.6857444 0.9102502 1.5371334 1.5202309 1.2112939 1.5288434 1.5895796 1.5725280 1.3362480 1.3906376 1.0171758 1.4284933 0.9340100 1.0586380 0.8726585 1.0879917 0.9117916 0.9173888 0.9063119 0.9020186 0.9726964 0.9108169 0.9108169 1.2454123 1.2685920 1.2925486 1.4235300 1.4362955 1.3023630 1.3452593 1.1847093 1.5306374 1.5063356 0.8927728 1.5314620 1.3115044 1.7825436 1.8668726 3.9145719 
Gfas_gfas1.m1.14192.m1                                              0.7975799 0.7824254 0.8833030 0.8287648 0.7480939 0.8489409 0.8133192 0.7652385 0.7915689 0.8182485 0.6411931 0.5874493 0.5739383 0.5755617 0.1671414 0.1612386 0.1426114 0.1546965 0.0000000 0.1544699 0.1202141 0.1741383 0.3434773 0.3906638 0.4049108 0.3720668 0.3113468 0.5904466 0.7320695 0.6934975 0.6225792 0.6770925 0.9068970 1.5028346 1.4177840 1.3254721 1.4511435 1.5670041 1.5792605 1.4083892 1.3717438 1.0187536 1.4022979 0.9341319 1.0678147 0.8523725 0.8479981 0.9118589 0.9155188 0.9163708 0.9092524 0.9653894 0.9315416 0.9315416 1.2312635 1.2690147 1.2511920 1.3827804 1.4174098 1.3033535 1.3668823 1.1878554 1.5251058 1.4667311 1.0589529 1.4983886 1.4486430 1.7740088 1.8121329 3.7442216 
Adig_XM_015894991.1                                                 0.8686047 0.7772577 0.8080399 0.6821887 0.6066483 0.8345523 0.7557403 0.6915059 0.7483013 0.7427083 0.6682839 0.7290092 0.6753552 0.6691869 0.2125082 0.2012638 0.2037874 0.2164809 0.1544699 0.0000000 0.0137187 0.1106195 0.3754659 0.4333338 0.4920002 0.3598304 0.2913684 0.6305732 0.8003789 0.6495745 0.6889382 0.6956695 0.7938679 1.0901518 0.6956070 1.3281120 0.7806469 1.2336207 1.1873745 1.3005119 1.0306110 0.9587721 1.2550634 0.9151563 1.1214153 0.7727269 0.9102039 0.8886946 0.8698374 0.8802263 0.8802263 0.8972106 0.8482850 0.8482850 1.1812215 1.1181407 1.0934354 1.0228647 1.1927193 0.8429714 1.1762660 0.9489835 1.2569894 1.2486708 1.0148771 1.2878207 1.4085179 1.2074535 1.5414980 1.3614004 
Amil_Amillepora15123-RA                                             0.8101719 0.7927969 0.9237211 0.8206367 0.7206442 0.8879806 0.8320837 0.7839764 0.8484877 0.8293765 0.6394269 0.6245532 0.6069080 0.6063237 0.2013577 0.1903956 0.1750853 0.1816606 0.1202141 0.0137187 0.0000000 0.0398373 0.3721318 0.4150150 0.4316235 0.3888651 0.3424530 0.7778647 0.7359460 0.7030554 0.6500044 0.6747907 0.9306013 1.6137043 1.4537139 1.6501340 1.4893301 1.6686837 1.6688416 1.4573017 1.3890465 1.0752589 1.4681351 0.9096130 1.0665022 0.8787767 0.8873091 0.9053471 0.9132329 0.9041550 0.8962946 0.9720674 0.9283555 0.9283555 1.2871531 1.2437064 1.3146949 1.4375670 1.5082334 1.3596181 1.4249892 1.2407271 1.5063507 1.5248533 1.0949753 1.5394792 1.6035285 1.7715216 1.9326123 4.2932700 
Adig_XM_015903348.1                                                 0.8744366 0.8900068 0.9796875 0.8742420 0.7931244 0.9469083 0.9043609 0.8789196 0.8926331 0.8939001 0.7354212 0.7265007 0.6834763 0.6592566 0.2544706 0.2389711 0.2288939 0.2391164 0.1741383 0.1106195 0.0398373 0.0000000 0.4382776 0.4864580 0.5649899 0.4474492 0.2445121 0.6506533 0.8217969 0.7895812 0.7135059 0.7586858 1.0169743 1.5738495 2.4434694 1.3331479 1.5020764 1.6986797 1.7374834 1.7649046 1.4013056 1.2794619 1.5472974 0.9808155 1.5927867 1.0366540 8.9999987 0.9590821 0.9707191 0.9782768 0.9639773 1.0066056 0.9785128 0.9785128 1.2718480 1.2879889 1.3176641 1.4387720 1.4566908 1.4044353 1.4475585 1.1974055 1.5676609 1.5581034 1.0148771 1.5403421 1.6353428 2.0663146 2.1430823 4.2122324 
Exapal_XM_021041126.2                                               0.7459283 0.7693470 0.8638442 0.8160808 0.7314708 0.7907054 0.7731271 0.7432881 0.7959924 0.7814937 0.5892112 0.5414922 0.5231697 0.5498776 0.3423829 0.3287768 0.3519888 0.3442089 0.3434773 0.3754659 0.3721318 0.4382776 0.0000000 0.2755458 0.3039785 0.2600419 0.2089607 0.2346193 0.7090300 0.6980207 0.5747476 0.6187182 0.9080243 1.5345103 1.3856448 1.2483762 1.4413735 1.6043810 1.5640263 1.3557413 1.3603019 0.8967797 1.4075140 0.8927053 0.9766158 0.8554305 0.8905460 0.8468080 0.8455708 0.8455389 0.8471861 0.8586933 0.8257744 0.8257744 1.2651102 1.2538593 1.2474722 1.3691787 1.4152497 1.2937665 1.3167757 1.2115288 1.5009184 1.4455276 0.9537153 1.5057712 1.3241041 1.6098267 1.6766875 3.9613101 
Nvec_v1g159334                                                      0.7675456 0.7816034 0.8780930 0.8289974 0.7572187 0.8210241 0.8048768 0.7968140 0.8132703 0.8197816 0.6048578 0.5800444 0.5590161 0.5868551 0.3859957 0.3774689 0.3916288 0.4013792 0.3906638 0.4333338 0.4150150 0.4864580 0.2755458 0.0000000 0.0149177 0.1904898 0.1360192 0.3769166 0.6821798 0.7159315 0.6147872 0.6350675 0.9034185 1.5398077 1.3815082 1.3480485 1.4992157 1.6129580 1.5735959 1.4437215 1.3119075 0.8881313 1.3886947 0.9210412 1.0077524 0.9087247 0.9758643 0.8752857 0.8675056 0.8647514 0.8679912 0.9133235 0.8776166 0.8776166 1.2787037 1.2831973 1.2241939 1.4146954 1.4044271 1.2760442 1.3160907 1.1838459 1.5077037 1.4622386 0.9835930 1.4779770 1.3661361 1.5824796 1.7167618 3.8110420 
Nvec_NVE23257                                                       0.8291583 0.8016857 1.0100387 0.8295028 0.7482008 0.8590909 0.8890648 0.8303252 0.8407296 0.8018087 0.6734745 0.6702163 0.6291708 0.6793200 0.3999307 0.3923316 0.4030094 0.3936104 0.4049108 0.4920002 0.4316235 0.5649899 0.3039785 0.0149177 0.0000000 0.2156955 0.1914738 0.6431253 0.7061085 0.7121846 0.6867164 0.7121454 0.9164283 1.2763797 1.0660597 1.3796762 1.0971492 1.3028888 1.2945804 1.4044810 1.1614754 0.9004618 1.2849678 0.9473777 0.9871345 0.8924913 0.9579772 0.9813913 0.9709878 0.9430503 0.9385570 1.0042191 0.9770155 0.9770155 1.2644166 1.1081125 1.1343257 1.2751403 1.3058811 1.1040313 1.2494574 1.0843586 1.3242849 1.3089505 1.2541704 1.3599646 1.3685531 1.4703470 1.6044020 3.1247218 
Nvec_v1g178585                                                      0.7362891 0.7729506 0.8561882 0.7959164 0.7317205 0.7960581 0.7638568 0.7712622 0.7755978 0.7872018 0.5922039 0.5717831 0.5538116 0.5738741 0.3493952 0.3386609 0.3697885 0.3687151 0.3720668 0.3598304 0.3888651 0.4474492 0.2600419 0.1904898 0.2156955 0.0000000 0.0000010 0.0460737 0.6756128 0.6905836 0.5949300 0.6207184 0.8717697 1.5345936 1.4292601 1.2813627 1.4382839 1.5462927 1.5197615 1.3541110 1.2938354 0.8057191 1.3282267 0.9254697 1.0180011 0.8702579 0.9966035 0.8142680 0.8219134 0.8102476 0.8133565 0.8596034 0.8223288 0.8223288 1.2300148 1.2421198 1.2671918 1.3920622 1.3881189 1.2938547 1.2747248 1.1896783 1.4383670 1.4462555 1.0080379 1.4225790 1.3121880 1.5639970 1.6697043 3.8577813 
Nvec_v1g152547                                                      0.5789652 0.5695529 0.6339925 0.6312640 0.6240836 0.5371590 0.4792893 0.4909094 0.4975311 0.6373696 0.4053629 0.4647333 0.4555938 0.4913890 0.2550513 0.2670569 0.3113911 0.2955682 0.3113468 0.2913684 0.3424530 0.2445121 0.2089607 0.1360192 0.1914738 0.0000010 0.0000000 0.3135672 0.4568994 0.4736646 0.5968455 0.6024039 0.6907921 0.9131234 0.6213861 1.1104077 0.7167738 0.9234080 0.8830245 1.0491793 0.8786792 0.8161620 0.8335266 0.6231188 0.7834366 0.6076582 0.9793632 0.7754220 0.7766343 0.7574838 0.7574838 0.7733847 0.7225151 0.7225151 1.1270605 1.1133627 0.8977688 0.9303447 1.1662935 0.9062583 0.8370849 0.8645963 1.0652223 0.9971131 1.2273117 0.9836234 1.0053326 0.8530975 1.4605804 1.4262270 
Nvec_v1g68074                                                       1.5604372 1.5483438 1.3511944 0.7663482 0.5814510 1.6725070 1.7259691 1.4492122 1.3137826 1.2044457 1.1531351 1.2583344 0.9972716 0.9709208 0.4977498 0.4548730 0.4942694 0.4481377 0.5904466 0.6305732 0.7778647 0.6506533 0.2346193 0.3769166 0.6431253 0.0460737 0.3135672 0.0000000 1.2900276 0.9001215 0.8660546 0.9428916 0.7881695 2.2762857 0.0000010 1.8771166 0.0000010 2.7777744 2.4320234 3.6388762 4.2001210 0.0000010 2.2542323 2.1280723 4.1343680 1.4626763 0.0000010 1.2396156 1.1747728 1.1749809 1.1749809 1.2509215 1.0435389 1.0435389 1.7353387 2.2522617 1.8368936 1.5918820 1.5160142 0.0000010 2.3968834 1.1287271 1.9504791 2.1042884 0.9219584 1.8365390 2.4298927 0.0000010 4.4965052 2.3367176 
Hvul_g33135_1                                                       0.8558297 0.8785458 0.9099473 0.8610166 0.7754235 0.8797091 0.8417623 0.8629774 0.8633978 0.9438484 0.5191195 0.5608780 0.5522116 0.5404945 0.7197995 0.6956898 0.7195211 0.7366566 0.7320695 0.8003789 0.7359460 0.8217969 0.7090300 0.6821798 0.7061085 0.6756128 0.4568994 1.2900276 0.0000000 0.5173558 0.7508721 0.7711792 0.9058161 1.4211928 1.3855282 1.4272929 1.3351870 1.4925567 1.5260404 1.5881801 1.3992311 0.8596101 1.4579915 0.9806676 1.2236106 0.9038492 1.0605881 0.9367288 0.9427792 0.9437787 0.9425989 0.9676137 0.9288601 0.9288601 1.2739354 1.3753952 1.3771832 1.3143356 1.3629265 1.3512367 1.3944033 1.2181219 1.5141159 1.5061571 1.2604852 1.4903105 1.3476933 1.6933741 1.6954230 3.7889212 
Chem_TCONS_00035219                                                 0.9131293 0.9019672 0.9382750 0.8917881 0.8126189 0.8903578 0.8855757 0.8758403 0.8620278 0.9411239 0.5584932 0.5650771 0.5650682 0.5494449 0.7139240 0.6961763 0.7030274 0.6907684 0.6934975 0.6495745 0.7030554 0.7895812 0.6980207 0.7159315 0.7121846 0.6905836 0.4736646 0.9001215 0.5173558 0.0000000 0.7239780 0.7469376 0.9525010 1.5084527 1.3929860 1.4237564 1.3784526 1.5300140 1.4982986 1.4330847 1.3735901 0.9599255 1.4110456 1.0420060 1.2301037 0.8183665 0.9904078 0.9608193 0.9695078 0.9582291 0.9564522 1.0055150 0.9714669 0.9714669 1.3447443 1.3401160 1.3312819 1.3939304 1.4206830 1.3130834 1.3621827 1.2782839 1.5070547 1.5117978 1.2920283 1.4870449 1.3899594 1.6540033 1.5943937 3.6135984 
Dgig_XM_028540571.1                                                 0.7516902 0.7733313 0.8574526 0.7784104 0.7016915 0.7979913 0.7610522 0.7505580 0.7452305 0.7855540 0.6545938 0.6680838 0.6609280 0.6162382 0.6252237 0.5854796 0.6218933 0.6222012 0.6225792 0.6889382 0.6500044 0.7135059 0.5747476 0.6147872 0.6867164 0.5949300 0.5968455 0.8660546 0.7508721 0.7239780 0.0000000 0.2124442 0.8790977 1.4579443 1.2256386 1.2646757 1.3672322 1.5696239 1.5502814 1.4674176 1.3208984 0.8187410 1.3812887 0.8616922 1.1136383 0.8376741 1.0091852 0.8653123 0.8677672 0.8508305 0.8416723 0.8920255 0.8447035 0.8447035 1.2559762 1.2259763 1.3081579 1.3723097 1.3804091 1.2717149 1.3580088 1.1678608 1.5659736 1.5074122 1.1784696 1.4733541 1.5262897 1.6068195 1.7044101 3.7711188 
Xesp_011947-T1                                                      0.7878897 0.8229708 0.9000214 0.8000806 0.7605990 0.8081898 0.8270302 0.7833946 0.7952042 0.7887296 0.6715140 0.6819344 0.6776287 0.6415141 0.6641599 0.6323600 0.6720843 0.6857444 0.6770925 0.6956695 0.6747907 0.7586858 0.6187182 0.6350675 0.7121454 0.6207184 0.6024039 0.9428916 0.7711792 0.7469376 0.2124442 0.0000000 0.8969134 1.4427434 1.2238694 1.3294294 1.3474206 1.5755691 1.6195841 1.4338409 1.3482258 0.8457961 1.5063094 0.8695118 1.0634793 0.8864113 0.8515226 0.8876821 0.8963471 0.8925444 0.8939021 0.9282145 0.8756323 0.8756323 1.2363102 1.2417242 1.3090262 1.4035918 1.4339234 1.2931057 1.3780082 1.2122479 1.5526113 1.5476618 1.1291454 1.4886218 1.5922258 1.7036716 1.7361337 3.7446471 
Ctel_gnl_WGS_AMQN_CAPTEDRAFT_mRNA220007                             0.7511180 0.6459287 0.6578615 0.5660430 0.7461606 0.7279653 0.6637588 0.7417582 0.7434358 0.8222331 0.9190311 0.8567095 0.8778703 0.9032303 0.8873776 0.8615893 0.8680375 0.9102502 0.9068970 0.7938679 0.9306013 1.0169743 0.9080243 0.9034185 0.9164283 0.8717697 0.6907921 0.7881695 0.9058161 0.9525010 0.8790977 0.8969134 0.0000000 1.5277663 1.3685710 1.6369070 1.4772774 1.5325459 1.5082400 1.4605351 1.3430844 0.9448457 1.3024705 1.0121152 1.1910867 0.9428283 1.1525140 0.9516767 0.9402704 0.9538325 0.9490126 0.9889721 0.9762253 0.9762253 1.3718246 1.3858624 1.4154886 1.5164216 1.5709259 1.3393310 1.3482673 1.2881165 1.4780670 1.4757093 1.3064578 1.4458162 0.9786696 1.6411668 1.7369295 4.2768585 
Horcal_Hcv1.av93.c8.g477.i1                                         1.3623170 1.4406247 1.5050782 1.3935455 1.3748214 1.4094827 1.3384489 1.3625691 1.4049048 1.4051721 1.4496011 1.5123816 1.5143107 1.4804233 1.4942734 1.4824820 1.4862043 1.5371334 1.5028346 1.0901518 1.6137043 1.5738495 1.5345103 1.5398077 1.2763797 1.5345936 0.9131234 2.2762857 1.4211928 1.5084527 1.4579443 1.4427434 1.5277663 0.0000000 0.0143730 0.0325517 0.4820695 0.4449305 0.4529737 0.4104196 1.1584545 0.7245719 1.3070075 1.4395292 1.4510189 1.3547710 0.8919456 1.4809312 1.4931843 1.4695890 1.4666472 1.5287647 1.4422639 1.4422639 1.4696964 1.5487982 1.6210376 1.4892015 1.5754097 1.4437963 1.5685345 1.4593327 1.6957984 1.6857459 1.1964600 1.5938571 1.1502965 1.5528283 1.9228734 4.0298160 
Pbac_sb2665206                                                      1.1742344 1.3308082 1.3034226 1.1392095 1.2568538 1.2893854 1.1982387 1.2963365 1.1913702 1.1995387 1.1895482 1.3055283 1.3886866 1.2947213 1.3964436 1.4282185 1.4471750 1.5202309 1.4177840 0.6956070 1.4537139 2.4434694 1.3856448 1.3815082 1.0660597 1.4292601 0.6213861 0.0000010 1.3855282 1.3929860 1.2256386 1.2238694 1.3685710 0.0143730 0.0000000 2.1295731 0.4996007 0.4416118 0.4546954 0.2528545 1.1521196 0.6067383 1.1124426 1.2668456 0.8807680 1.5665106 0.8819711 1.3949300 1.3750792 1.3846121 1.3846121 1.4561775 1.4347937 1.4347937 1.4514621 1.4025142 1.5441779 1.4135097 1.6085470 1.5354759 1.5293772 1.3978028 1.6829614 1.5949920 0.0000010 1.6293708 0.8895822 1.9893538 2.0067953 3.2907052 
Pbac_sb2668171                                                      1.2304710 1.2303837 1.2414909 1.6084115 1.4206242 1.2011514 1.3219756 1.1664032 1.3558313 1.2753528 1.4264779 1.4162396 1.4214210 1.3842376 1.2936226 1.2528373 1.2523291 1.2112939 1.3254721 1.3281120 1.6501340 1.3331479 1.2483762 1.3480485 1.3796762 1.2813627 1.1104077 1.8771166 1.4272929 1.4237564 1.2646757 1.3294294 1.6369070 0.0325517 2.1295731 0.0000000 0.5410500 0.5126231 0.4301864 0.5633743 1.7434026 0.8987143 1.3022288 1.1959029 2.2177791 1.2649532 0.0000010 1.4086146 1.4097350 1.4146613 1.4146613 1.3213137 1.3236410 1.3236410 1.3128020 1.2957983 1.1605972 1.5649066 1.6772597 1.1448089 1.5823114 1.5187254 1.1778210 1.1884565 1.1509476 1.1021080 1.0572374 9.0000000 1.8431317 3.1284554 
Beraby_Baby_sb345319                                                1.3087500 1.3254457 1.4428232 1.4533035 1.3516357 1.2957106 1.3047727 1.2911730 1.3262059 1.2901338 1.3561865 1.4216255 1.4454719 1.4305138 1.4286578 1.4312702 1.4261491 1.5288434 1.4511435 0.7806469 1.4893301 1.5020764 1.4413735 1.4992157 1.0971492 1.4382839 0.7167738 0.0000010 1.3351870 1.3784526 1.3672322 1.3474206 1.4772774 0.4820695 0.4996007 0.5410500 0.0000000 0.4217030 0.4505443 0.2896164 0.9965284 0.6077754 1.1461655 1.3881526 0.9468613 1.2311714 0.8238051 1.4173263 1.4368037 1.4253536 1.4265485 1.4794442 1.4056517 1.4056517 1.3358725 1.4307058 1.5259713 1.4149783 1.5507717 1.3753274 1.3764180 1.3266557 1.5182325 1.5269570 0.0000010 1.4723378 0.6879469 1.6458498 1.7321742 3.7069631 
Lampan_Lpan_14578_01                                                1.4404483 1.5044846 1.5867731 1.4887288 1.4750732 1.4012474 1.4591263 1.4496709 1.5173799 1.4883023 1.5980768 1.6209647 1.5760546 1.6191955 1.5300175 1.5222855 1.5472508 1.5895796 1.5670041 1.2336207 1.6686837 1.6986797 1.6043810 1.6129580 1.3028888 1.5462927 0.9234080 2.7777744 1.4925567 1.5300140 1.5696239 1.5755691 1.5325459 0.4449305 0.4416118 0.5126231 0.4217030 0.0000000 0.4596108 0.4751014 1.1567109 0.7303546 1.3598770 1.5594572 1.5858852 1.3913836 0.8758957 1.5088884 1.5363244 1.5421185 1.5389427 1.5848732 1.4854526 1.4854526 1.4965268 1.5751077 1.6983260 1.6115833 1.6576219 1.5204755 1.6790469 1.4566042 1.6381799 1.6183121 1.4576640 1.5818572 1.4051985 1.6883147 1.8312757 3.9429501 
Coemet_Cmet_scaffold994_01                                          1.4826020 1.5147114 1.5625548 1.4759152 1.4413952 1.5012762 1.3751830 1.4867786 1.5278873 1.4831059 1.5546612 1.6024327 1.6154530 1.6514953 1.5471194 1.5537407 1.5295091 1.5725280 1.5792605 1.1873745 1.6688416 1.7374834 1.5640263 1.5735959 1.2945804 1.5197615 0.8830245 2.4320234 1.5260404 1.4982986 1.5502814 1.6195841 1.5082400 0.4529737 0.4546954 0.4301864 0.4505443 0.4596108 0.0000000 0.4876739 1.1840526 0.6663833 1.3103828 1.5749521 1.5527579 1.4186246 0.8430469 1.4244766 1.4339509 1.4338011 1.4294132 1.4897560 1.4245871 1.4245871 1.4999117 1.6109527 1.6438752 1.5335697 1.6163754 1.4330095 1.5157720 1.3849084 1.6558799 1.6177900 1.3027304 1.6038866 1.2983635 1.6102759 1.8548256 3.9980778 
Mlei_ML0592.g12.i1                                                  1.3025688 1.1358396 1.1700761 1.3308811 1.1102685 1.2519552 1.2017510 1.2945652 1.2976158 1.2151386 1.3816242 1.4125505 1.4285061 1.3754457 1.2775225 1.2909431 1.3477799 1.3362480 1.4083892 1.3005119 1.4573017 1.7649046 1.3557413 1.4437215 1.4044810 1.3541110 1.0491793 3.6388762 1.5881801 1.4330847 1.4674176 1.4338409 1.4605351 0.4104196 0.2528545 0.5633743 0.2896164 0.4751014 0.4876739 0.0000000 1.2289901 0.7853388 1.3082854 1.3553138 1.6418109 1.2856702 0.9555338 1.2635133 1.2662774 1.2930829 1.2930829 1.2572945 1.1826448 1.1826448 1.4286040 1.3941972 1.2948599 1.4472293 1.6580854 0.8484318 1.3936725 1.4604133 1.2767994 1.3546896 2.4684841 1.2070558 1.2750720 1.8249516 1.5201149 2.3023509 
Mylflu_EP00047_Mylnosiga_fluctuans_P018321                          1.2109269 1.2208871 1.2511912 1.3128069 1.2399880 1.2701700 1.2331180 1.2120723 1.2220319 1.2243261 1.3484353 1.3659848 1.3879400 1.3877835 1.3939267 1.3688768 1.3796642 1.3906376 1.3717438 1.0306110 1.3890465 1.4013056 1.3603019 1.3119075 1.1614754 1.2938354 0.8786792 4.2001210 1.3992311 1.3735901 1.3208984 1.3482258 1.3430844 1.1584545 1.1521196 1.7434026 0.9965284 1.1567109 1.1840526 1.2289901 0.0000000 0.6436978 0.7583509 1.2404678 0.9669768 1.1694880 0.7842134 1.3061007 1.3018597 1.2864035 1.2927852 1.3174740 1.3173675 1.3173675 1.3271873 1.3660686 1.4440437 1.3966389 1.4450721 1.1822827 1.2192295 1.2341616 1.3969530 1.3828938 7.1158864 1.3440049 0.8977388 1.5343501 1.7896931 3.7607661 
Lcom_lcpid172155                                                    0.7529710 0.7499364 0.8028872 0.8593905 0.6961621 0.8421683 0.7307190 0.7725824 0.7019606 0.7447920 0.8583075 0.8514016 0.8864567 0.8521290 0.9649828 0.9654962 1.0433103 1.0171758 1.0187536 0.9587721 1.0752589 1.2794619 0.8967797 0.8881313 0.9004618 0.8057191 0.8161620 0.0000010 0.8596101 0.9599255 0.8187410 0.8457961 0.9448457 0.7245719 0.6067383 0.8987143 0.6077754 0.7303546 0.6663833 0.7853388 0.6436978 0.0000000 0.7161927 0.7585398 0.7585398 0.7430628 0.9206165 0.8222655 0.7978009 0.8058956 0.8058956 0.8791754 0.7827543 0.7827543 0.8355782 0.8995756 0.7802631 0.9398437 1.0272801 0.8141562 0.8709637 0.8351770 0.8097352 0.8593384 0.0000010 0.8857313 0.8237736 0.9250634 1.1010164 0.5967669 
Salpun_EP00053_Salpingoeca_punica_P007579                           1.2532849 1.2787100 1.3521978 1.3031463 1.2483562 1.3419857 1.3173294 1.3427189 1.3248237 1.2611521 1.4532330 1.4656023 1.5014125 1.4822218 1.4250377 1.4016350 1.3759405 1.4284933 1.4022979 1.2550634 1.4681351 1.5472974 1.4075140 1.3886947 1.2849678 1.3282267 0.8335266 2.2542323 1.4579915 1.4110456 1.3812887 1.5063094 1.3024705 1.3070075 1.1124426 1.3022288 1.1461655 1.3598770 1.3103828 1.3082854 0.7583509 0.7161927 0.0000000 1.3145424 1.3329208 1.2423777 0.7903561 1.3695828 1.3963607 1.3914841 1.3844775 1.4641147 1.4040241 1.4040241 1.3146400 1.3899253 1.4403597 1.3139438 1.3467223 1.2055942 1.3597029 1.2503517 1.4342178 1.4023451 1.6419207 1.3600159 0.6304329 1.6484322 1.6901089 3.9755345 
Opea_EP00118_Oscarella_pearsei_P021380                              0.9524172 0.8561454 0.9138333 0.9519489 0.8139993 0.8799579 0.8423039 0.8888581 0.8984479 0.9558172 0.9665868 0.9592568 0.9501410 0.9612073 0.9222038 0.8921499 0.9109371 0.9340100 0.9341319 0.9151563 0.9096130 0.9808155 0.8927053 0.9210412 0.9473777 0.9254697 0.6231188 2.1280723 0.9806676 1.0420060 0.8616922 0.8695118 1.0121152 1.4395292 1.2668456 1.1959029 1.3881526 1.5594572 1.5749521 1.3553138 1.2404678 0.7585398 1.3145424 0.0000000 0.2687801 0.6728297 1.0015745 0.9978159 0.9965070 1.0029332 1.0061696 1.0600036 0.9973324 0.9973324 1.2874963 1.2940290 1.3005549 1.3047047 1.3550631 1.2343572 1.2737601 1.1909153 1.4943771 1.5083895 1.3309875 1.4003101 1.0422945 1.5973157 1.6628366 3.7991700 
Ocar_g1981                                                          1.0499741 0.9795345 1.0157280 0.9647185 0.7493342 1.0805601 0.9388874 1.0014172 1.0273529 1.0751173 1.0951289 1.0442675 1.0566199 1.0923657 1.0128235 1.0148190 1.0427056 1.0586380 1.0678147 1.1214153 1.0665022 1.5927867 0.9766158 1.0077524 0.9871345 1.0180011 0.7834366 4.1343680 1.2236106 1.2301037 1.1136383 1.0634793 1.1910867 1.4510189 0.8807680 2.2177791 0.9468613 1.5858852 1.5527579 1.6418109 0.9669768 0.7585398 1.3329208 0.2687801 0.0000000 0.9548087 1.0015745 1.1965580 1.1639731 1.1754560 1.1754560 1.1847392 1.1517300 1.1517300 1.4340661 1.3212611 1.3136046 1.4718873 1.5334628 0.9349997 1.3673127 1.3429219 1.5266966 1.4651359 4.6632769 1.6357494 1.4166717 1.3387965 1.3012589 2.8218037 
Plajan_Pjan_scaffold2382_01                                         0.8601656 0.8413388 0.8436155 0.8424239 0.7388587 0.8484138 0.7921954 0.8243531 0.7999799 0.8324049 0.8098853 0.8405921 0.8448568 0.8238941 0.8693736 0.8508264 0.8513366 0.8726585 0.8523725 0.7727269 0.8787767 1.0366540 0.8554305 0.9087247 0.8924913 0.8702579 0.6076582 1.4626763 0.9038492 0.8183665 0.8376741 0.8864113 0.9428283 1.3547710 1.5665106 1.2649532 1.2311714 1.3913836 1.4186246 1.2856702 1.1694880 0.7430628 1.2423777 0.6728297 0.9548087 0.0000000 1.0672259 0.9535923 0.9465152 0.9438839 0.9438839 0.9904512 0.9331405 0.9331405 1.1506734 1.1167522 1.1079966 1.3249576 1.2668841 1.2168280 1.2435044 1.0887199 1.2675406 1.2309529 1.4774694 1.2535512 1.2033785 1.7954025 1.6446223 2.6741445 
Didcos_EP00039_Didymoeca_costata_P016165                            0.8875089 0.9597643 1.0087563 1.0567440 1.0827874 1.1255578 1.0258959 0.9391650 1.0061769 0.8195299 0.8862922 1.0357513 1.0581737 1.1232648 1.0637371 1.0565499 1.0752901 1.0879917 0.8479981 0.9102039 0.8873091 8.9999987 0.8905460 0.9758643 0.9579772 0.9966035 0.9793632 0.0000010 1.0605881 0.9904078 1.0091852 0.8515226 1.1525140 0.8919456 0.8819711 0.0000010 0.8238051 0.8758957 0.8430469 0.9555338 0.7842134 0.9206165 0.7903561 1.0015745 1.0015745 1.0672259 0.0000000 0.9390611 0.9486386 0.9769132 0.9769132 0.9564831 0.9817288 0.9817288 0.9560173 1.0238601 1.0608454 0.9996856 1.1794491 1.1478610 1.0207726 1.0459895 1.0553537 0.9379619 0.0000010 1.1203948 0.7410023 1.0694194 1.2671981 1.1195710 
HoiH23_PlH23_000423-RA                                              0.8480463 0.8279005 0.9048810 0.8856657 0.8065916 0.9237175 0.8743169 0.8260894 0.9517357 0.9119004 0.9109408 0.9493794 0.9416750 0.9443239 0.9002213 0.8691757 0.9055867 0.9117916 0.9118589 0.8886946 0.9053471 0.9590821 0.8468080 0.8752857 0.9813913 0.8142680 0.7754220 1.2396156 0.9367288 0.9608193 0.8653123 0.8876821 0.9516767 1.4809312 1.3949300 1.4086146 1.4173263 1.5088884 1.4244766 1.2635133 1.3061007 0.8222655 1.3695828 0.9978159 1.1965580 0.9535923 0.9390611 0.0000000 0.0350141 0.1183975 0.1196971 0.1588948 0.2743069 0.2743069 1.2958173 1.2887496 1.4027321 1.3916184 1.3690223 1.3440199 1.4396027 1.2453169 1.5480926 1.5148347 1.3531153 1.4957918 1.4661840 1.8153796 1.7117773 3.7573429 
HoiH06_mRNA14839                                                    0.8367224 0.8369473 0.9238026 0.8918693 0.8215742 0.9208196 0.8780717 0.8301023 0.9415905 0.9097893 0.9210084 0.9595588 0.9336732 0.9410763 0.9015902 0.8723578 0.9054591 0.9173888 0.9155188 0.8698374 0.9132329 0.9707191 0.8455708 0.8675056 0.9709878 0.8219134 0.7766343 1.1747728 0.9427792 0.9695078 0.8677672 0.8963471 0.9402704 1.4931843 1.3750792 1.4097350 1.4368037 1.5363244 1.4339509 1.2662774 1.3018597 0.7978009 1.3963607 0.9965070 1.1639731 0.9465152 0.9486386 0.0350141 0.0000000 0.0985035 0.0997661 0.1462701 0.2590245 0.2590245 1.3154830 1.2867708 1.4015372 1.3967660 1.3719772 1.3529727 1.4337569 1.2626848 1.5467087 1.5201004 1.3667115 1.4720848 1.4454644 1.8381740 1.7014541 3.8112017 
Hhon_g05818.t1                                                      0.8469142 0.8602954 0.9260838 0.8944974 0.8204741 0.9414615 0.9020173 0.8454033 0.9388541 0.9114986 0.8927311 0.9459402 0.9404567 0.9413863 0.8915061 0.8633944 0.8986740 0.9063119 0.9163708 0.8802263 0.9041550 0.9782768 0.8455389 0.8647514 0.9430503 0.8102476 0.7574838 1.1749809 0.9437787 0.9582291 0.8508305 0.8925444 0.9538325 1.4695890 1.3846121 1.4146613 1.4253536 1.5421185 1.4338011 1.2930829 1.2864035 0.8058956 1.3914841 1.0029332 1.1754560 0.9438839 0.9769132 0.1183975 0.0985035 0.0000000 0.0050136 0.1539141 0.2742881 0.2742881 1.2978033 1.2885364 1.4216683 1.4544441 1.4342941 1.3939319 1.4638776 1.2752618 1.5328573 1.5263720 1.3268950 1.4691297 1.4385656 1.8838960 1.7649854 3.8474204 
HoiH04_mRNA1699                                                     0.8511450 0.8542698 0.9256451 0.8896183 0.8185540 0.9455763 0.9024690 0.8413363 0.9422482 0.9066887 0.8982847 0.9467178 0.9412268 0.9387793 0.8911083 0.8624983 0.8977786 0.9020186 0.9092524 0.8802263 0.8962946 0.9639773 0.8471861 0.8679912 0.9385570 0.8133565 0.7574838 1.1749809 0.9425989 0.9564522 0.8416723 0.8939021 0.9490126 1.4666472 1.3846121 1.4146613 1.4265485 1.5389427 1.4294132 1.2930829 1.2927852 0.8058956 1.3844775 1.0061696 1.1754560 0.9438839 0.9769132 0.1196971 0.0997661 0.0050136 0.0000000 0.1539340 0.2747651 0.2747651 1.2980608 1.2875150 1.4160709 1.4484243 1.4351014 1.3923249 1.4594997 1.2649912 1.5302430 1.5243584 1.3268950 1.4671451 1.4385656 1.8838960 1.7643968 3.8430417 
HoiH11_mRNA8164                                                     0.8976782 0.9319102 0.9775726 0.9518434 0.8648769 0.9909221 0.9582640 0.8763982 0.9950568 0.9471157 0.9664016 0.9957231 0.9765859 0.9778475 0.9528728 0.9164377 0.9605041 0.9726964 0.9653894 0.8972106 0.9720674 1.0066056 0.8586933 0.9133235 1.0042191 0.8596034 0.7733847 1.2509215 0.9676137 1.0055150 0.8920255 0.9282145 0.9889721 1.5287647 1.4561775 1.3213137 1.4794442 1.5848732 1.4897560 1.2572945 1.3174740 0.8791754 1.4641147 1.0600036 1.1847392 0.9904512 0.9564831 0.1588948 0.1462701 0.1539141 0.1539340 0.0000000 0.2648736 0.2648736 1.3508910 1.3417311 1.4763648 1.4401108 1.4181906 1.4368199 1.4870855 1.3721259 1.5551331 1.5612662 1.4226561 1.5097897 1.3630389 1.7359020 1.7873053 3.8975108 
