170
Tetwil_g24188.t1                                                 0.0000000 2.0523750 1.7479763 1.5360447 1.5360447 1.5695908 3.1294462 3.4621017 3.5168774 3.3487226 2.8381573 2.8381573 3.0789335 3.0789335 3.1261929 2.8456101 2.8456101 3.1050934 2.9732400 2.9415281 3.1055444 2.9932527 2.9503464 3.3860693 2.8094825 1.7544093 2.6797573 2.1886728 1.6682496 2.0141476 2.4992148 2.3735000 2.5731153 2.5165566 1.9881712 2.8709190 2.2817428 2.8274728 2.3038766 3.0401788 3.0047430 2.9544936 3.1001296 3.2614367 1.5123974 2.4252696 2.4413380 2.2587186 2.1563710 2.6948308 2.6470980 2.6968999 2.4499083 2.4621853 2.8983895 8.9999989 2.7168502 2.8976177 2.1678362 5.5853562 3.4062833 2.0973641 2.0973641 3.4730098 3.6025647 3.8485442 3.5324837 2.0614067 4.0213330 3.9597310 2.1412270 2.5481351 3.5583055 3.1799822 3.5738202 3.7057647 4.4376061 3.5211773 3.7933659 2.7125444 4.1003011 3.4786405 3.3996630 2.4006635 3.3045687 2.4433147 2.6414759 3.5966769 3.6316068 2.4380086 3.7889298 2.6836347 3.5679973 3.2533198 2.2822818 1.8527874 2.2130163 3.4493455 3.6673659 2.0192931 1.9080989 1.9677599 1.9877597 3.4614862 3.6026429 3.6846538 3.7353922 3.1528662 3.1387871 3.2622712 2.4308993 3.2240013 3.3861876 2.4607085 2.8254425 2.8687565 3.4455546 3.7715482 5.1445325 3.9603518 3.9265428 3.9324011 3.7300852 3.4403704 2.1995493 3.7016644 2.1464175 4.2532254 4.7557224 2.9544524 3.4406953 3.1001950 2.7075736 3.3046235 3.3340132 3.7416741 3.3008907 3.2960766 2.6635117 2.9295661 3.1236938 3.0412459 2.2312451 2.3166457 2.9924150 2.9052674 3.0037984 3.2194825 3.3553256 3.2244950 2.7769809 3.9810847 3.2651943 2.9912105 3.6088230 3.5219423 3.3671587 3.3671587 3.3871544 3.5616904 3.2293998 3.2416361 3.1110024 4.0579506 3.4875338 4.0088865 3.8574829 3.6665475 3.1229131 3.6667479 
Emue_Em0016g157a.t1                                              2.0523750 0.0000000 0.4898850 1.4337041 1.4515367 1.4543716 3.1981551 3.0869134 3.0795218 3.3224046 3.0990714 3.0969818 3.0788085 3.0788085 3.1199760 2.8997309 2.8997309 3.2817024 3.2835816 2.7277232 3.1711534 3.2235606 3.0010351 3.2768302 2.8818538 1.6419064 2.0789182 1.9938352 1.6233098 2.0666995 2.4987322 2.4443540 2.7543289 2.5564751 1.7782892 2.9245954 2.4937420 2.7193055 2.0740941 3.3097650 3.3407118 3.3856203 3.3382670 3.5462830 1.6688164 2.6720274 2.2100239 2.0835247 2.3280762 2.7569076 3.1973307 3.0327113 2.2008606 2.7713705 2.9347247 8.9999989 2.9225932 3.1200248 2.4342178 5.4184332 3.6762012 1.9302451 1.9302451 3.7214096 4.0252395 3.8628103 3.6331438 1.7677422 3.6371365 4.1423910 1.5391438 2.1913272 3.4429793 3.9438299 4.1397039 3.7991411 4.3831445 3.5342363 3.5907464 2.4372961 4.0121954 3.9090868 3.6884310 2.2596383 3.3020637 2.3750114 2.7423563 3.8463323 4.1528099 2.2378500 3.4053136 3.1846747 3.9762749 3.2843839 2.4196637 1.9472404 2.4632283 3.7154678 3.6512041 2.2921943 2.2552650 1.8242384 1.8204735 3.7190390 3.5399251 3.8758364 4.0454611 3.5776465 3.5092807 3.3812803 2.6695868 3.2840845 3.5507666 2.6111672 2.9320917 3.2419184 3.6191585 3.4576300 4.5049938 4.0571130 4.0488571 4.0103620 3.7996247 3.3261780 1.6034117 4.0480130 2.1916686 3.9279761 4.2501063 2.9500885 3.4641230 3.2554916 3.3215108 3.2256497 3.5883899 4.2536605 3.9809366 2.9994692 2.7205542 3.2200869 3.1594091 3.0442370 2.1124475 2.0638618 2.9747653 2.9102601 3.3763804 3.2887126 3.2976726 3.1605958 3.4122123 4.1311060 3.2088885 3.0791370 3.4433515 3.8037927 3.5033498 3.5033498 3.5380991 3.7041285 3.9595392 3.4645700 3.2641616 3.3708802 4.0403048 4.7033154 4.8173392 4.3535715 3.1860062 4.0273782 
Spolac_c100379_g1_i1_m.22273c100379-g1                           1.7479763 0.4898850 0.0000000 1.5221078 1.5395697 1.5542794 2.8822624 2.8487628 2.8500471 3.2057641 3.0854491 3.0854491 3.1557552 3.1557552 3.0176372 3.0234765 3.0234765 3.2215059 3.1522795 2.7608178 2.9779410 3.0902436 2.9464821 4.2041575 2.7337474 1.7289148 2.4152238 1.9541280 1.6024848 1.9418990 2.3553962 2.3286914 2.7507777 2.3508498 1.7735298 2.5855743 2.1958446 2.6533672 2.1108664 3.3181240 3.1895238 3.3274643 3.3027171 3.4400796 1.6251685 2.6074405 2.1669805 2.0598068 2.0549236 2.8338534 3.1477011 2.8656159 2.0520700 2.8667007 2.8766051 8.9999985 2.8918582 2.8691924 2.3435779 5.5099363 3.7216741 2.0390785 2.0390785 3.5292575 4.0630698 3.8478317 3.5284385 1.8372566 3.8293200 4.0025922 1.5482790 2.2784637 3.7904812 3.9033461 3.7044523 3.5731193 4.2919429 3.4938235 3.6898656 2.4375526 3.9394691 3.6020925 3.7241148 2.0568140 3.1122065 2.6324813 2.8486861 3.9495805 3.9791076 2.8353540 3.8420943 3.3555433 4.0315317 3.4346814 2.8559737 2.1217762 2.7477345 3.7627756 3.5737230 2.5844142 2.7452791 2.0749139 2.0612517 3.7181084 3.7452080 3.8145076 3.7604340 3.6891982 3.7326606 3.5526261 2.9618228 3.4739772 3.4320850 2.7490102 3.1411152 3.4844886 3.7316103 3.4003216 5.1390462 3.8362631 3.8283170 3.8442936 3.9882809 3.4032575 1.6495753 3.9375683 2.4707429 3.7212398 3.8221740 3.6256579 3.2427306 3.0167161 2.8702326 3.3050284 3.0952286 3.9754907 3.3092716 3.1517950 2.6819724 3.2025116 2.9526132 3.0317039 2.2146399 2.1722031 3.1554132 2.8983229 3.2390881 3.2222673 2.8742528 3.1266682 3.0193833 3.9911401 3.1872109 2.9145397 3.2364409 3.3842757 3.0746984 3.0746984 3.4614636 3.8272012 3.6355852 3.2871614 3.1912220 3.3907389 4.6909441 4.7488076 4.6711053 4.3118338 2.9592544 3.7320743 
Lcom_lcpid160219                                                 1.5360447 1.4337041 1.5221078 0.0000000 0.0057830 0.0000010 0.3588304 0.4053521 0.4053521 0.4590540 1.4461467 1.4461467 1.4154295 1.4154295 1.4161026 1.4250443 1.4250443 1.4698032 1.5004732 1.4375058 1.5074618 1.5545327 1.6379391 2.4487481 1.0953790 1.5019122 3.7231452 1.4298462 1.4885167 1.4823920 1.3947709 1.3927218 1.3687605 1.6099543 1.5926528 1.8755346 1.5594441 1.6212534 1.8517363 1.5371641 1.5286139 1.5144033 1.5191257 1.6233090 1.4832165 1.5902357 1.3730163 1.1536002 1.4482148 1.3832936 1.6740831 1.4105506 0.7291416 1.6094447 1.5857571 0.0000010 1.5403116 1.5403116 1.6140974 1.5952087 1.7628783 1.7440595 1.7440595 1.7561027 1.7869804 1.7077420 1.6483974 1.6211826 1.8013692 1.8815805 1.5346079 2.0676883 1.7353789 1.7684314 2.2271147 2.0747224 2.3983072 2.0108101 1.6279645 2.0928342 1.8867127 1.8405632 1.7774911 1.6464371 1.7062404 1.7062404 1.7062404 1.7600107 1.7434378 1.5000672 1.6664414 1.8895714 1.9678776 1.7004935 1.9890416 1.6114008 1.7539316 1.8773853 1.6629258 1.7690921 1.8692426 1.8821355 1.9474321 2.1573870 1.6959899 1.8385696 1.8985506 1.8159408 1.8481487 1.6645112 1.6650949 1.8494040 1.8514520 1.8635287 2.0164421 2.0526410 1.7527546 1.6519535 1.8544784 1.9972244 2.0040122 2.0040122 2.3757026 1.8583937 1.7367539 1.8240028 1.8906063 1.8478648 2.1308227 1.8048637 1.7356748 1.7502187 1.1870184 1.4162705 1.5455012 2.1862358 1.4800866 1.4618112 1.2817481 1.6854011 1.6776455 1.7943956 1.7156196 1.7156196 1.6897724 1.9093693 1.5084586 2.0535597 1.6442306 1.7455516 1.9116590 2.5651848 2.1786883 1.7612836 2.0303023 1.5305504 1.9641553 1.9641553 1.7938187 1.6941416 1.7149390 1.4054837 1.7332486 1.7023471 3.1936459 3.1933491 3.1283511 2.3086571 1.9527443 2.6193475 
Lcom_lcpid160223                                                 1.5360447 1.4515367 1.5395697 0.0057830 0.0000000 0.0000010 0.3626999 0.4062653 0.4062653 0.4594057 1.4624220 1.4624220 1.4314002 1.4314002 1.4320421 1.4411452 1.4411452 1.4869106 1.5177541 1.4375058 1.5245431 1.5772311 1.6449255 2.4487481 1.0953790 1.5019122 3.7231452 1.4279320 1.4885167 1.4823920 1.4041089 1.4085673 1.3843780 1.6336217 1.5926528 1.8822132 1.5923379 1.6550789 1.8517363 1.5412680 1.5326828 1.5184092 1.5231618 1.6346155 1.4832165 1.5973418 1.3790591 1.1591246 1.4784491 1.4123903 1.6931035 1.4320051 0.7291416 1.6335770 1.5927127 0.0000010 1.5461081 1.5461081 1.6140974 1.5952087 1.7628783 1.7440595 1.7440595 1.7561027 1.7869804 1.7077420 1.6483974 1.6211826 1.8288710 1.8875896 1.5346079 2.0676883 1.7353789 1.7684314 2.2763787 2.1202980 2.4657245 2.0108101 1.6327863 2.0928342 1.9013767 1.8621504 1.7774911 1.6464371 1.7062404 1.7062404 1.7062404 1.7831049 1.7434378 1.5000672 1.6664414 1.8895714 1.9678776 1.7004935 1.9890416 1.6114008 1.7539316 1.8773853 1.6629258 1.7690921 1.8692426 1.8821355 1.9474321 2.1573870 1.6959899 1.8626396 1.8985506 1.8159408 1.8481487 1.6645112 1.6650949 1.8494040 1.8514520 1.8635287 2.0164421 2.0526410 1.7527546 1.6519535 1.8544784 1.9972244 2.0040122 2.0040122 2.3757026 1.8583937 1.7367539 1.8240028 1.8906063 1.8478648 2.1308227 1.8048637 1.7356748 1.7858525 1.1964980 1.4337224 1.5682425 2.1973250 1.5021461 1.4618112 1.2904306 1.7052095 1.7026905 1.7935768 1.7156196 1.7156196 1.7100765 1.9180679 1.5187784 2.0626233 1.6497328 1.7505212 1.9328401 2.5779171 2.2026528 1.7811979 2.0530120 1.5533569 1.9730994 1.9730994 1.8158699 1.7146313 1.7358245 1.4054837 1.7528380 1.7023471 3.1936459 3.1933491 3.1455436 2.3210439 1.9527443 2.6193475 
Lcom_lcpid157471                                                 1.5695908 1.4543716 1.5542794 0.0000010 0.0000010 0.0000000 0.3446526 0.3872650 0.3872650 0.4371658 1.4565928 1.4565928 1.4126969 1.4126969 1.4096131 1.4361279 1.4361279 1.4649536 1.4944974 1.4431522 1.5013109 1.5532806 1.6210984 2.3568351 1.0953790 1.5561964 3.5903943 1.4659629 1.5190761 1.4550198 1.3450109 1.3738999 1.4142629 1.6720717 1.6581242 1.8296012 1.6168325 1.6641122 1.8629316 1.5664899 1.5304316 1.5440003 1.5487371 1.6498096 1.4832165 1.5928217 1.3867560 1.1747609 1.5249559 1.4278831 1.6423486 1.4205842 0.7291416 1.6071680 1.5407112 0.0000010 1.5998587 1.5998587 1.6140974 1.5952087 1.7628783 1.7440595 1.7440595 1.7561027 1.7869804 1.7077420 1.6483974 1.6211826 1.7996246 1.8614057 1.5346079 2.0676883 1.7353789 1.7684314 2.2628597 2.1070929 2.4482873 2.0108101 1.6094965 2.0928342 1.8874946 1.8307436 1.7774911 1.6464371 1.7062404 1.7062404 1.7062404 1.7632007 1.7434378 1.5000672 1.6664414 1.8895714 1.9678776 1.7004935 1.9890416 1.6114008 1.7539316 1.8773853 1.6629258 1.7690921 1.8692426 1.8821355 1.9474321 2.1573870 1.6959899 1.8423099 1.8985506 1.8159408 1.8481487 1.6645112 1.6650949 1.8494040 1.8514520 1.8635287 2.0164421 2.0526410 1.7527546 1.6519535 1.8544784 1.9972244 2.0040122 2.0040122 2.3757026 1.8583937 1.7367539 1.8240028 1.8906063 1.8478648 2.1308227 1.8048637 1.7356748 1.8396827 1.1844662 1.4948011 1.5819547 2.2589535 1.5516930 1.7236937 1.4083812 1.7125457 1.6820679 1.8145755 1.7940719 1.7940719 1.7707455 1.9126317 1.6237884 2.0657778 1.6289949 1.7542129 1.9221050 2.6546724 2.2823101 1.8415320 2.0775139 1.6871062 2.0043835 2.0043835 1.8485287 1.7954808 1.7653750 1.3978894 1.7642324 1.8815014 3.1936459 3.1933491 3.1030876 2.2885334 1.9527443 2.5715897 
Gracom_Gcom_scaffold9462_01                                      3.1294462 3.1981551 2.8822624 0.3588304 0.3626999 0.3446526 0.0000000 0.5260940 0.5301684 0.5808914 2.6920611 2.6920611 2.6823645 2.6823645 2.5652159 2.6908350 2.6908350 2.7094275 2.6897842 2.4019709 2.5770887 2.6455974 2.7783239 3.4437312 2.6425626 2.3020880 3.2909703 2.7356935 2.6571116 2.1465616 2.5707911 2.4164597 2.7562991 2.5103542 2.2476203 2.9299810 2.3678619 2.6080900 2.2591689 2.6968526 2.6781971 2.7059594 2.7083024 2.8804545 1.5103834 2.6167398 2.7685541 2.5691584 2.9507963 2.3888804 2.4837486 2.7540265 1.2260658 2.7385301 2.7053579 6.2218151 2.7385548 2.8193301 2.3382518 4.7165696 3.4992834 2.1027169 2.1027169 3.3512621 3.5231901 3.6111935 3.4566673 1.8870861 3.8148225 4.4095556 1.8071528 2.6724197 3.8720523 3.6702321 3.3840517 3.2921289 4.4150573 3.7286457 2.9766253 2.4390327 3.6131921 3.2095570 3.3306664 2.0067237 3.1458836 2.2087623 2.4540273 3.5588510 3.3888202 2.2962837 3.2762102 2.7501398 4.0100858 3.2227803 2.7619339 1.7484345 2.5088832 3.6526399 3.4892163 2.8044291 2.8122420 2.0848004 2.0890028 4.0213928 3.3321103 3.9784346 4.2880458 3.7601572 3.7495712 3.6772147 2.5450260 3.6366064 3.9246317 2.6854627 2.9524254 3.0498439 3.5905303 3.3460791 4.3358759 3.4421174 3.4448685 3.4826913 3.3700295 3.0603236 1.8490682 3.3548047 2.1969741 3.2578022 4.0122042 2.9300451 3.0951349 3.2719096 2.6784569 3.2125696 3.5847520 3.4436076 3.2291858 3.0422320 2.5276875 3.1069662 3.3232468 3.4546224 2.6980041 2.8977788 2.7793898 2.8477076 3.0614043 3.0167253 2.8950409 3.2969598 2.9887682 4.1138259 3.0953899 3.1781565 3.2937143 3.4200396 3.4486217 3.4486217 3.5949464 3.4490616 3.2034753 3.2021199 3.2468660 3.4862007 3.6249268 3.4516075 4.0197463 3.5069335 3.3720021 3.9307616 
Leuniv_Lniv_scaffold2295_01                                      3.4621017 3.0869134 2.8487628 0.4053521 0.4062653 0.3872650 0.5260940 0.0000000 0.0000010 0.5862754 2.7839244 2.7839244 2.6998530 2.6998530 2.5911738 2.7867464 2.7867464 2.7145919 2.6493394 2.4257561 2.5925240 2.6585708 2.6864764 3.1372650 2.7380787 2.3344098 3.6355438 2.7542393 2.6054421 2.1051805 2.6646710 2.5418703 2.6427025 2.6080698 2.0412785 3.0548930 2.3792205 2.5807579 2.2998685 2.9718759 2.9096304 2.9959928 3.0068570 3.0758856 1.4151849 2.5521044 2.5554797 2.3535327 2.5213858 2.4290104 2.3912920 2.5947745 1.1727381 2.7993473 2.7504170 5.8912093 3.0067816 3.1537950 2.3351984 5.4516133 3.5214711 1.8389151 1.8389151 3.3815969 3.5885780 3.5167407 3.4638569 1.7001454 3.7981564 4.0546485 1.6874595 1.9218436 3.6575622 3.4069306 3.4569691 3.3081158 4.2428967 3.7355546 2.9765663 1.9590282 3.6714897 3.1361772 3.0919106 1.6168129 3.0079924 1.8362533 2.0733584 3.5614339 3.6765344 2.6122474 3.2961585 2.3663884 4.1986520 3.2372842 2.6094236 1.9009912 2.3720411 3.4976746 3.5343387 2.5680367 2.6349195 1.9822888 1.9572949 3.8242942 3.5864192 3.6677264 4.3449107 3.5814265 3.5752825 3.4393786 2.2852416 3.5034534 3.5834649 2.3611280 2.5573111 2.6322991 3.7834135 3.3613301 4.8755704 3.4025733 3.4004043 3.4422772 3.3460520 3.0610068 1.8602683 3.3277277 2.0719274 3.2309098 3.8910012 2.7627342 3.2428709 3.1489802 2.5520216 3.1081410 3.4006984 3.4865936 3.2295330 3.0582540 2.5410105 2.7029669 3.2668349 3.1777511 2.5845574 2.6905852 2.8172331 2.8754222 3.2539136 3.2932436 2.7125445 3.2734909 2.9713092 4.0649357 3.1474871 3.1365185 3.4004523 3.2358214 3.6356416 3.6356416 3.3063475 3.3625904 3.2922239 2.9363653 3.2491038 3.5770207 3.6278109 3.7809498 4.0682908 3.4972679 3.2628579 3.9920487 
Leuniv_Lniv_scaffold2296_01                                      3.5168774 3.0795218 2.8500471 0.4053521 0.4062653 0.3872650 0.5301684 0.0000010 0.0000000 0.5858361 2.7903963 2.7903963 2.7269942 2.7269942 2.5944783 2.7897484 2.7897484 2.7444707 2.6790448 2.4621916 2.6045083 2.6893429 2.6871786 3.1097326 2.7380787 2.3543268 3.6537113 2.7643143 2.6054421 2.0978871 2.6743919 2.5574497 2.6523026 2.5844721 2.0412785 3.0548930 2.4210490 2.5844719 2.2901370 2.9700647 2.8939699 3.0039681 2.9875234 3.1192797 1.4151849 2.5980060 2.5576840 2.3565575 2.5242950 2.4471998 2.3912920 2.5843821 1.1727381 2.8427070 2.7287160 5.8912093 2.9875064 3.1336051 2.3351984 5.4516133 3.5800931 1.9008966 1.9008966 3.3975393 3.6119993 3.6133016 3.4894165 1.7189047 3.8062605 4.0976097 1.7107895 2.0564583 3.6788415 3.4577926 3.4435977 3.3032873 4.2176621 3.7781412 2.9655141 1.8899599 3.6342621 3.1477864 3.1387915 1.7300419 3.0679646 1.9141311 2.1500475 3.6260822 3.6765344 2.6122474 3.2595240 2.4459319 4.1947897 3.2372842 2.6094236 1.9009912 2.3720411 3.4956879 3.5447865 2.5680367 2.6349195 1.9822888 1.9572949 3.8161520 3.6087831 3.6647217 4.3449107 3.4694755 3.4634622 3.3248844 2.1871049 3.5034534 3.6934405 2.4754950 2.7129191 2.7867737 3.8091095 3.4250580 4.8755704 3.4025733 3.4004043 3.4422772 3.3460520 3.0610068 1.8602683 3.3277277 2.0719274 3.2309098 3.8910012 2.7627342 3.2428709 3.0863610 2.5520216 3.0472960 3.3984516 3.4865936 3.1589216 3.0437481 2.5641600 2.7029669 3.2714823 3.1437561 2.5651606 2.6697702 2.8148288 2.9326140 3.2942200 3.3286219 2.7466133 3.3020339 3.0164747 4.1066932 3.1969774 3.1827041 3.4449655 3.2962894 3.6216496 3.6216496 3.3588048 3.4246303 3.4220443 2.9625503 3.2160320 3.6020359 3.6278109 3.7809498 4.0682908 3.4972679 3.2628579 3.9920487 
Scil_scict013459.1                                               3.3487226 3.3224046 3.2057641 0.4590540 0.4594057 0.4371658 0.5808914 0.5862754 0.5858361 0.0000000 2.6479102 2.6479102 2.7639482 2.7639482 2.7122808 2.7885443 2.7885443 2.7430267 2.7111460 2.4428728 2.9001949 2.9240971 2.8022197 3.1795192 2.8076774 2.5221149 3.7720974 2.7002720 2.5795656 2.4051462 2.6924187 2.6232690 2.9183787 2.5949226 2.2384480 3.1396965 2.6489587 2.9234902 2.4489196 2.9864143 2.8879295 2.9057310 2.8956022 3.0227617 1.5241619 2.7579089 2.7366615 2.6642182 2.9384430 2.5907236 2.5334243 2.7500307 1.2279660 2.6931545 2.7781659 5.9994720 2.7723874 2.7723807 2.5751583 5.1200672 3.2605542 1.9609657 1.9609657 3.2314176 3.3342070 3.4065953 3.3352992 1.7646068 3.7162000 4.0496929 1.7319536 2.2912745 3.4743265 3.3684460 3.1764176 3.1237046 4.1962626 3.5971051 3.0836785 2.1379393 3.5538050 2.9015432 3.1773543 1.9768540 2.9274036 2.0114980 2.2309220 3.6894500 3.2702668 2.4957943 3.1729356 2.5136502 3.5614510 3.1814767 2.5353086 1.9659094 2.3192018 3.4963028 3.4028379 2.5503892 2.6995921 2.0098203 2.0171187 3.8820505 3.0214625 3.7033485 4.3149572 3.1528070 3.2621164 3.1917927 2.4501966 3.1348522 3.5108425 2.6575212 2.7838905 2.8318346 3.3727782 3.0942469 4.5711780 3.2320114 3.2350422 3.2424632 3.2914636 2.9471818 1.6881570 3.5302295 2.0735140 3.4311781 3.7601264 2.4600763 2.8229751 3.0922607 2.1976717 3.0025515 3.1967805 3.4170531 2.9397444 3.5069152 2.7318517 2.8276151 3.4226472 3.5419656 2.8667634 3.0399479 2.9977147 3.0015279 3.0797261 3.3363339 3.2130216 3.5337837 3.0676779 3.9346528 3.3840979 3.0563025 3.2553895 3.3386571 3.1872123 3.1872123 4.0025757 4.0602422 3.3362884 3.1949760 3.3174328 3.5504292 3.2662535 3.3467638 3.5939890 3.0245468 3.3059689 3.6185264 
Bolinf_Binf_sb1208962                                            2.8381573 3.0990714 3.0854491 1.4461467 1.4624220 1.4565928 2.6920611 2.7839244 2.7903963 2.6479102 0.0000000 0.0000010 0.2424480 0.2424480 0.2633336 0.3447865 0.3447865 0.4488250 0.4444444 0.5544668 0.4335013 0.4825188 0.5199036 0.6191498 0.5699756 2.5250806 3.6217729 2.7824798 2.2681501 1.9994017 2.4342159 2.2198430 2.4551121 2.3596671 1.7677720 2.5172777 2.3404249 2.2985208 2.0538899 2.7563430 2.8584591 2.9575382 2.9641244 3.1146235 1.3826034 2.5343139 2.4307657 2.3947673 2.8854634 2.5163205 2.5949243 2.8849671 2.2743352 2.8041443 2.6917281 5.1223234 2.6976268 2.7680221 2.1884450 4.7347009 3.1735630 1.9136393 1.9136393 3.0265422 3.2515836 3.2514695 3.0484548 1.8624564 3.5201012 3.7536931 1.6385152 1.9803719 3.3519482 3.0299965 2.9538064 2.9366804 4.2164534 3.2228939 2.8844381 2.3186597 3.1524325 2.8529002 3.0607990 2.0624109 3.0135352 2.0702132 2.3488755 3.2817714 3.2140309 2.0439237 2.9834437 2.4937995 3.2621246 2.9021484 1.9215368 1.8029698 1.8973748 3.0231811 3.0296675 2.3294863 2.3857234 1.9397646 1.9245389 3.7879268 2.9686929 3.2173700 3.3241381 2.9976990 2.9316530 3.1202254 2.3741255 2.9046976 2.9837546 2.3204326 2.5101523 2.5475362 3.0772580 2.7068194 3.8723759 3.5277533 3.5091653 3.5016713 3.7065559 3.1477770 2.0827006 3.5377504 2.1817748 3.5682508 3.6107011 2.5200173 2.5858091 3.3361621 2.7961629 3.3493881 2.8376053 3.6423623 3.3810943 3.2535585 2.7537015 3.1572901 2.9825792 3.0919527 2.1994023 2.3017447 2.7718795 2.9106531 2.9249250 3.5153483 2.8488135 3.2280458 2.8791742 3.7187128 3.1737686 3.1539832 3.2579489 3.8073799 3.1430855 3.1430855 4.1988133 4.1101155 3.6037831 2.8630040 3.3095031 3.7818368 3.4895885 3.4803414 3.4829487 3.0991621 2.7736851 3.3372463 
Mertsp_Mesp_sb539812                                             2.8381573 3.0969818 3.0854491 1.4461467 1.4624220 1.4565928 2.6920611 2.7839244 2.7903963 2.6479102 0.0000010 0.0000000 0.2419260 0.2419260 0.2627484 0.3447865 0.3447865 0.4522949 0.4478980 0.5544668 0.4324221 0.4866696 0.5240597 0.6191498 0.5699756 2.5250806 3.6217729 2.7824798 2.2681501 1.9994017 2.4342159 2.2198430 2.4551121 2.3596671 1.7677720 2.5172777 2.3483087 2.3046436 2.0538899 2.7563430 2.8584591 2.9575382 2.9641244 3.1146235 1.3826034 2.5343139 2.4307657 2.3947673 2.8918969 2.5244266 2.6049888 2.8943043 2.2743352 2.8041443 2.6917281 5.1367071 2.6976268 2.7710980 2.1884450 4.6348115 3.1417502 1.9136393 1.9136393 3.0399080 3.2440197 3.2437377 3.0451670 1.8624564 3.5341710 3.7536931 1.6385152 1.9803719 3.3519482 3.0299965 2.9538064 2.9366804 4.2164534 3.2276389 2.8844381 2.3186597 3.1653667 2.8529002 3.0729738 2.0624109 3.0135352 2.0702132 2.3488755 3.2817714 3.2283896 2.0439237 2.9970367 2.4937995 3.2666353 2.9021484 1.9215368 1.8029698 1.8973748 3.0333906 2.9998404 2.3294863 2.3857234 1.9397646 1.9245389 3.8036806 2.9824996 3.2441181 3.3241381 2.9976990 2.9316530 3.1202254 2.3741255 2.9046976 2.9837546 2.3204326 2.5101523 2.5475362 3.0918694 2.7068194 3.8723759 3.5277533 3.5091653 3.5016713 3.7065559 3.1477770 2.0827006 3.5546821 2.1817748 3.5848103 3.6229155 2.5200173 2.5914915 3.3467471 2.7961629 3.3493881 2.8466534 3.6319747 3.3904398 3.2535585 2.7537015 3.1572901 2.9825792 3.0722079 2.1994023 2.3017447 2.7718795 2.9106531 2.9249250 3.5153483 2.8488135 3.2255140 2.8791742 3.7288466 3.1737686 3.1495219 3.2684175 3.8100543 3.1681994 3.1681994 4.1988133 4.1101155 3.6037831 2.8630040 3.3095031 3.7818368 3.4895885 3.4803414 3.4829487 3.0991621 2.7736851 3.3372463 
Beraby_Baby_sb324898                                             3.0789335 3.0788085 3.1557552 1.4154295 1.4314002 1.4126969 2.6823645 2.6998530 2.7269942 2.7639482 0.2424480 0.2419260 0.0000000 0.0000010 0.2628091 0.3850976 0.3850976 0.4426341 0.4549874 0.5235125 0.4409257 0.5093775 0.5051865 0.6821268 0.5741442 2.6195053 3.7562972 3.0004159 2.3134848 2.0590142 2.5112086 2.2866648 2.5211142 2.4052627 1.8492213 2.5234983 2.4270087 2.3035381 2.0815734 2.9050568 2.9768926 2.9561508 2.9996039 3.1749454 1.4448237 2.7197800 2.4617953 2.4273408 3.0226943 2.5475611 2.6785611 2.9055652 2.1716999 2.8912200 2.8513428 4.9467579 3.0030755 3.0472450 1.8198603 4.9299785 3.2395290 1.8639765 1.8639765 3.1998371 3.3755071 3.2547124 3.2460704 1.9138009 3.8354485 3.7794681 1.7286910 2.0867786 3.3501581 3.1296585 3.1703011 3.1547139 4.4504583 3.6414249 2.7898451 2.6632543 3.3414696 3.1146211 3.0789297 2.2634028 2.9831173 2.1568171 2.4594643 3.3973961 3.3761463 2.0096909 3.2878596 2.6449594 3.3758777 3.0915924 2.1419900 1.9232502 2.0660663 2.9794061 3.0688695 2.3907214 2.4397421 2.0160727 1.9728985 3.6446230 3.1015404 3.3262045 3.2143364 3.2058685 3.1280418 3.2052541 2.4966445 3.1072982 3.1154707 2.4324048 2.7254114 2.7570065 3.1349309 2.7673686 3.5898970 3.8741354 3.8534857 3.8453347 4.0785827 3.3537287 2.2586766 3.7934424 2.1584965 3.6939330 3.7905479 2.7379904 2.9570330 3.4481563 2.8979182 3.4212533 3.0006409 3.9388892 3.4844925 3.5560298 2.9014658 3.0495132 2.8805647 3.0338422 2.1383430 2.2495584 2.7410518 3.0421536 2.9829854 3.6461071 3.0282204 3.4415219 2.9053510 3.7519547 3.1444786 3.0440013 3.3752467 3.8843117 3.3782954 3.3782954 4.1174364 4.0990742 3.7098315 2.8826795 3.3327778 3.7118438 3.7373902 3.7303342 3.6270537 3.2289405 2.6999254 3.3925463 
Beraby_Baby_sb324899                                             3.0789335 3.0788085 3.1557552 1.4154295 1.4314002 1.4126969 2.6823645 2.6998530 2.7269942 2.7639482 0.2424480 0.2419260 0.0000010 0.0000000 0.2628091 0.3850976 0.3850976 0.4426341 0.4549874 0.5235125 0.4409257 0.5093775 0.5051865 0.6821268 0.5741442 2.6195053 3.7562972 3.0004159 2.3134848 2.0590142 2.5112086 2.2866648 2.5211142 2.4052627 1.8492213 2.5234983 2.4270087 2.3035381 2.0815734 2.9050568 2.9768926 2.9561508 2.9996039 3.1749454 1.4448237 2.7197800 2.4617953 2.4273408 3.0226943 2.5475611 2.6785611 2.9055652 2.1716999 2.8912200 2.8513428 4.9467579 3.0030755 3.0472450 1.8198603 4.9299785 3.2395290 1.8639765 1.8639765 3.1998371 3.3755071 3.2547124 3.2460704 1.9138009 3.8354485 3.7794681 1.7286910 2.0867786 3.3501581 3.1296585 3.1703011 3.1547139 4.4504583 3.6414249 2.7898451 2.6632543 3.3414696 3.1146211 3.0789297 2.2634028 2.9831173 2.1568171 2.4594643 3.3973961 3.3761463 2.0096909 3.2878596 2.6449594 3.3758777 3.0915924 2.1419900 1.9232502 2.0660663 2.9794061 3.0688695 2.3907214 2.4397421 2.0160727 1.9728985 3.6446230 3.1015404 3.3262045 3.2143364 3.2058685 3.1280418 3.2052541 2.4966445 3.1072982 3.1154707 2.4324048 2.7254114 2.7570065 3.1349309 2.7673686 3.5898970 3.8741354 3.8534857 3.8453347 4.0785827 3.3537287 2.2586766 3.7934424 2.1584965 3.6939330 3.7905479 2.7379904 2.9570330 3.4481563 2.8979182 3.4212533 3.0006409 3.9388892 3.4844925 3.5560298 2.9014658 3.0495132 2.8805647 3.0338422 2.1383430 2.2495584 2.7410518 3.0421536 2.9829854 3.6461071 3.0282204 3.4415219 2.9053510 3.7519547 3.1444786 3.0440013 3.3752467 3.8843117 3.3782954 3.3782954 4.1174364 4.0990742 3.7098315 2.8826795 3.3327778 3.7118438 3.7373902 3.7303342 3.6270537 3.2289405 2.6999254 3.3925463 
Mlei_ML0901.g11.i1                                               3.1261929 3.1199760 3.0176372 1.4161026 1.4320421 1.4096131 2.5652159 2.5911738 2.5944783 2.7122808 0.2633336 0.2627484 0.2628091 0.2628091 0.0000000 0.3514299 0.3514299 0.4756236 0.4833045 0.5451685 0.4672628 0.5381323 0.5576476 0.5412975 0.6080365 2.4804799 3.4871044 2.9403642 2.2706253 1.9549157 2.4007054 2.2276954 2.4966905 2.4765232 1.8034197 2.4638005 2.5164782 2.2345083 2.0069282 2.7571483 2.7937688 2.9181524 2.9691181 2.9694566 1.2642602 2.4210213 2.4056967 2.3727589 3.0998876 2.3888602 2.4034612 2.9860331 2.2955481 2.7316312 2.8968398 5.0135233 2.9343993 3.0540204 1.9714611 4.5464459 3.2679698 1.7926780 1.7926780 3.2876259 3.3962569 3.3044041 3.3210709 1.7881125 3.8295608 4.1092278 1.6232824 1.9211703 3.2162985 3.1320390 3.2232057 3.1613160 4.1187264 3.5108967 3.0150072 2.1457214 3.2977103 3.0463759 3.1229072 2.1099382 3.0782978 2.0810310 2.3551598 3.4438191 3.6854699 1.9751993 3.3573342 2.4294206 3.5004842 2.8744606 2.0728693 1.7272317 1.9820043 3.0761542 3.2468283 2.3767138 2.3761682 1.9661687 1.9703356 3.7029164 3.2582378 3.3069529 3.6424247 3.3565761 3.3049725 3.3365420 2.3693530 3.1072117 3.1947404 2.2784722 2.5512441 2.5790759 3.2685043 2.8486845 4.0156399 3.8430547 3.8239213 3.8510438 3.8154308 3.0980752 1.9962846 3.7338703 2.2443444 3.5205900 3.6757536 2.6486761 2.7707221 3.1730897 2.9714287 3.4063320 2.8636852 3.8466626 3.3179776 3.3024226 2.6884955 3.0457406 2.9934309 3.0937797 2.1975393 2.3060304 2.6146132 2.8746571 2.9447363 3.4671888 2.9528352 3.3852393 2.8869489 4.0860051 3.3709021 3.2314475 3.5523001 4.0121661 3.1867995 3.1867995 4.3303705 4.2817449 3.7196163 2.9546887 3.3195997 3.8270170 3.5318923 3.8426071 3.4623228 3.2738103 2.9773886 3.9687374 
Drygla_Dgla_sb302873                                             2.8456101 2.8997309 3.0234765 1.4250443 1.4411452 1.4361279 2.6908350 2.7867464 2.7897484 2.7885443 0.3447865 0.3447865 0.3850976 0.3850976 0.3514299 0.0000000 0.0000010 0.4869113 0.4833054 0.5648136 0.5057061 0.5713886 0.5971084 0.6736917 0.7443379 2.5719565 3.8178246 2.8972197 2.3460543 2.0259144 2.4556756 2.2097572 2.4738192 2.3858711 1.7465294 2.5371492 2.4156389 2.3547638 2.0627115 2.8512122 2.8915951 2.9447937 2.9958611 3.2454726 1.3908620 2.5101890 2.3598862 2.3474568 2.9398378 2.5824899 2.4939265 2.8417563 2.3077621 2.7379393 2.8339067 5.7948489 2.7274076 2.8156942 2.1487402 5.2919414 3.3785712 1.9147818 1.9147818 3.2356828 3.4116923 3.5247665 2.9994716 1.7133356 3.5663465 3.5240724 1.6202092 2.0540660 3.4227216 3.0629268 2.8611142 2.8715111 4.2661010 3.1669700 2.7531347 2.2798162 3.3290296 2.8128059 3.1161759 2.0427149 3.0712866 2.0850111 2.3765319 3.2641075 3.2428044 1.8905519 3.1125063 2.2639937 3.3117551 2.9311648 1.8707214 1.6581904 1.9427296 2.9043626 2.9721409 2.3131938 2.3284960 1.7464925 1.9122722 3.7883302 3.1283929 3.2462936 3.5662533 3.0886766 3.0076149 3.1725054 2.4604378 3.0510422 3.0901076 2.3574850 2.5245295 2.5388969 3.1082284 2.8390816 3.9128827 3.4644355 3.4467729 3.4396221 3.6270032 3.1208529 1.8528682 3.5551844 2.1438415 3.5520833 3.6696313 2.5116850 2.5575516 3.4102651 2.6367796 3.2069585 2.7142359 3.7552286 3.3772872 2.9925804 2.6735364 2.9762753 2.8471369 3.1997465 2.1525921 2.2334877 2.7010991 2.8469351 2.8768662 3.5698196 2.7110909 3.2194652 2.8336853 3.8898086 3.1829661 3.3494389 3.6989387 3.6676554 3.1718289 3.1718289 4.2007865 4.1946314 3.5787180 2.8781808 3.4429896 3.7492933 3.6380225 3.7093576 3.5327130 3.1858679 2.7184261 3.2256185 
Drygla_Dgla_sb302870                                             2.8456101 2.8997309 3.0234765 1.4250443 1.4411452 1.4361279 2.6908350 2.7867464 2.7897484 2.7885443 0.3447865 0.3447865 0.3850976 0.3850976 0.3514299 0.0000010 0.0000000 0.4869113 0.4833054 0.5648136 0.5057061 0.5713886 0.5971084 0.6736917 0.7443379 2.5719565 3.8178246 2.8972197 2.3460543 2.0259144 2.4556756 2.2097572 2.4738192 2.3858711 1.7465294 2.5371492 2.4156389 2.3547638 2.0627115 2.8512122 2.8915951 2.9447937 2.9958611 3.2454726 1.3908620 2.5101890 2.3598862 2.3474568 2.9398378 2.5824899 2.4939265 2.8417563 2.3077621 2.7379393 2.8339067 5.7948489 2.7274076 2.8156942 2.1487402 5.2919414 3.3785712 1.9147818 1.9147818 3.2356828 3.4116923 3.5247665 2.9994716 1.7133356 3.5663465 3.5240724 1.6202092 2.0540660 3.4227216 3.0629268 2.8611142 2.8715111 4.2661010 3.1669700 2.7531347 2.2798162 3.3290296 2.8128059 3.1161759 2.0427149 3.0712866 2.0850111 2.3765319 3.2641075 3.2428044 1.8905519 3.1125063 2.2639937 3.3117551 2.9311648 1.8707214 1.6581904 1.9427296 2.9043626 2.9721409 2.3131938 2.3284960 1.7464925 1.9122722 3.7883302 3.1283929 3.2462936 3.5662533 3.0886766 3.0076149 3.1725054 2.4604378 3.0510422 3.0901076 2.3574850 2.5245295 2.5388969 3.1082284 2.8390816 3.9128827 3.4644355 3.4467729 3.4396221 3.6270032 3.1208529 1.8528682 3.5551844 2.1438415 3.5520833 3.6696313 2.5116850 2.5575516 3.4102651 2.6367796 3.2069585 2.7142359 3.7552286 3.3772872 2.9925804 2.6735364 2.9762753 2.8471369 3.1997465 2.1525921 2.2334877 2.7010991 2.8469351 2.8768662 3.5698196 2.7110909 3.2194652 2.8336853 3.8898086 3.1829661 3.3494389 3.6989387 3.6676554 3.1718289 3.1718289 4.2007865 4.1946314 3.5787180 2.8781808 3.4429896 3.7492933 3.6380225 3.7093576 3.5327130 3.1858679 2.7184261 3.2256185 
Horcal_Hcv1.av93.c5.g131.i1                                      3.1050934 3.2817024 3.2215059 1.4698032 1.4869106 1.4649536 2.7094275 2.7145919 2.7444707 2.7430267 0.4488250 0.4522949 0.4426341 0.4426341 0.4756236 0.4869113 0.4869113 0.0000000 0.0297114 0.0635601 0.5471668 0.6593644 0.6396487 0.8120675 0.7606754 2.5966380 3.6521033 2.9883599 2.3243755 2.0432413 2.5600293 2.3957333 2.6528768 2.6015702 2.0837694 2.7686338 2.5194270 2.2554082 2.0825298 3.0011636 3.0674879 3.0488406 3.1246356 3.2892843 1.3996102 2.5120046 2.5716837 2.4875885 3.1187769 2.4845126 2.4772892 2.9310179 2.1626445 2.6475087 2.8466785 4.7185488 2.8335986 2.9020675 1.8379814 4.5487993 2.9573743 1.6217244 1.6217244 3.0497562 3.1284982 3.0039509 3.0643441 1.6356642 3.6020200 3.6571453 1.5965884 2.1464579 3.4308292 3.0301114 3.1407425 3.1469886 4.4312801 3.3810099 2.9770440 2.3648808 3.3535537 2.9609488 3.2631066 2.0276588 3.0996853 2.0770287 2.3589356 3.1056509 3.3325285 2.0347713 3.2154330 2.3772249 3.4783264 2.8443279 2.2794099 1.8842283 2.0012291 3.1862236 3.3007949 2.1490343 2.1582046 1.7593744 1.7824157 3.7306795 3.0089932 3.3004725 3.6926973 3.0862904 3.0898643 3.3169769 2.3640943 3.0018632 2.9342981 2.0507155 2.4806922 2.5167287 3.3611240 2.8965402 4.0305820 3.6561947 3.6378917 3.6635574 3.6740037 3.0097712 1.9860974 3.5855208 2.1633537 3.4664900 3.5872946 2.6050368 2.5312920 3.4132031 2.8241890 3.2590063 3.0563189 3.6788036 3.4990430 3.4128397 2.6386578 3.0503672 2.9485457 3.2009363 2.3476201 2.4524299 2.6593808 2.9728155 3.0058068 3.3766497 2.6484762 3.3081999 2.7915833 3.7047774 3.0782469 3.1823603 3.5348962 3.6883841 3.4028356 3.4028356 3.9965349 4.0413057 3.6982243 3.0166366 3.5620115 3.7389513 3.7542028 3.9472429 3.8506997 3.5638746 2.8080123 4.2674440 
Pbac_sb2662006                                                   2.9732400 3.2835816 3.1522795 1.5004732 1.5177541 1.4944974 2.6897842 2.6493394 2.6790448 2.7111460 0.4444444 0.4478980 0.4549874 0.4549874 0.4833045 0.4833054 0.4833054 0.0297114 0.0000000 0.0700853 0.5492439 0.6673130 0.6382077 0.8147042 0.7456515 2.5739353 3.5165452 2.9497399 2.3321962 2.0083697 2.5218873 2.3573018 2.6236347 2.5331297 2.0232474 2.6874907 2.4837853 2.3037584 2.0630402 3.0245399 3.0915998 3.0742098 3.1511977 3.2666373 1.3908839 2.4840876 2.5490875 2.4605800 3.0708506 2.4938293 2.4477854 2.9523180 2.2318612 2.6025287 2.7757358 6.0723678 2.8044456 2.9356047 1.8944182 4.7694494 3.0085531 1.6429114 1.6429114 3.1827771 3.1465920 3.1424684 2.9670680 1.5848614 3.6462404 3.6827835 1.5996684 2.1025267 3.3662605 3.0250992 3.1452532 3.2141760 4.5418271 3.3723645 2.9687652 2.3714322 3.4339971 2.9965128 3.1913062 2.0326713 3.1147402 2.1006065 2.3831535 3.3608429 3.4539173 2.0909486 3.2911613 2.3208912 3.5117095 2.8237246 2.2459256 1.8189862 1.9198885 3.0704958 3.2408612 2.1009375 2.1407863 1.7188483 1.7695910 3.6033104 2.9561903 3.2992164 3.7301749 3.1162011 3.1122537 3.2283045 2.3751650 2.9605644 2.8364018 2.0740698 2.3425897 2.3756909 3.3092962 2.8749564 3.9700130 3.7174669 3.6986089 3.6910943 3.6248117 2.9442273 1.9288612 3.6186670 2.1550291 3.4336576 3.4333548 2.5094051 2.4689057 3.4167802 2.9330994 3.2671828 3.0827149 3.6167128 3.5278598 3.3425331 2.6414697 3.0515055 2.9512729 3.1397998 2.3616203 2.4666628 2.6649034 3.0009308 2.8855629 3.4265665 2.7051212 3.3312161 2.8272864 3.7255321 3.1492824 3.1530408 3.5483377 3.7125338 3.3743749 3.3743749 3.9581167 3.9742441 3.6699589 3.0168599 3.6352336 3.7353783 3.6904283 3.7380620 3.5429890 3.3273115 2.8317063 4.1859166 
Pbac_sb2667975                                                   2.9415281 2.7277232 2.7608178 1.4375058 1.4375058 1.4431522 2.4019709 2.4257561 2.4621916 2.4428728 0.5544668 0.5544668 0.5235125 0.5235125 0.5451685 0.5648136 0.5648136 0.0635601 0.0700853 0.0000000 0.5745285 0.7111885 0.6937265 0.8049536 0.9035490 2.6032552 3.6596507 2.8530788 2.1681462 1.9658667 2.1085837 2.0601272 2.1719603 2.3504302 2.0808213 2.1815992 2.3286392 2.0600159 2.0713716 2.6304701 2.6173603 2.6150057 2.6971628 2.8086015 1.3847155 2.4746215 2.2107877 2.1672608 2.6852292 2.3714213 2.5370763 2.6211895 1.9750529 2.3278155 2.3678922 0.0000010 2.5422246 2.5771992 1.6436198 3.0775201 2.1490908 1.6368716 1.6368716 2.2362634 2.1662135 2.0883866 2.0103179 1.6288085 2.3454041 2.5411270 1.6129371 2.1430794 2.6551644 2.2936114 2.2561028 2.3631211 3.2531658 2.2569176 2.2164074 2.4139329 2.5992089 2.2599376 2.2164486 2.0301585 2.3430338 2.0988511 2.1605410 2.4606528 2.3107759 2.0366785 2.1982164 2.1969887 2.3022039 2.2027970 2.2670029 1.7921396 1.9629407 2.1725044 2.2286605 2.0997112 2.1630857 1.7035277 1.7870847 2.7091414 2.1867287 2.2900776 2.8429006 2.4010704 2.3914826 2.5526962 2.3968840 2.2451655 2.1584400 2.0706378 2.3305555 2.3647606 2.4675591 2.0669913 2.4881681 3.0675063 3.0479938 3.0398916 3.4316542 2.6774057 1.9884618 2.9155513 2.1656070 2.7250352 2.8848290 2.0268272 1.7737887 3.0374097 2.2321968 2.7773494 2.7980423 2.9598253 3.1437805 3.3974567 2.5474505 2.4394762 2.5951920 2.8325765 2.3105079 2.4146668 2.6285325 2.9038492 2.7086673 2.9461479 2.1191726 2.9875262 2.4834455 3.3736317 3.0936843 2.8795804 3.0970852 3.1619458 2.9467006 2.9467006 3.4434877 3.4864748 3.4414532 2.5387688 3.1827447 3.3006333 3.6277779 3.5929008 3.1081021 2.5882185 2.1429656 3.8292769 
Lampan_Lpan_C417539_01                                           3.1055444 3.1711534 2.9779410 1.5074618 1.5245431 1.5013109 2.5770887 2.5925240 2.6045083 2.9001949 0.4335013 0.4324221 0.4409257 0.4409257 0.4672628 0.5057061 0.5057061 0.5471668 0.5492439 0.5745285 0.0000000 0.5332770 0.5548731 0.6945685 0.5914781 2.6947724 3.9166680 2.7248862 2.2245326 1.8751351 2.4216611 2.2534036 2.4398082 2.3681473 1.8003046 2.5575005 2.2548369 2.1492938 2.1197055 2.6842169 2.6755395 2.7815295 2.7690085 3.0025802 1.3781052 2.4924625 2.3500289 2.2665749 3.1379548 2.5786235 2.5983965 2.7595751 1.9400316 2.5962596 2.7579250 5.5885412 2.6991836 2.8156016 1.7212973 4.8123923 3.2767561 1.8426020 1.8426020 3.3317729 3.3788782 3.1122384 3.1510719 1.8861061 3.9916964 3.7366502 1.6185767 2.2302800 3.1867698 3.1084708 2.8979130 2.8677149 4.0289165 3.2796532 2.9819108 2.2983264 3.4208811 3.0415056 3.2443988 2.0473955 2.7763676 1.9693568 2.2276800 3.2191572 3.4423457 1.8208157 3.0038464 2.3930160 3.1718547 2.7855108 2.0155164 1.7381236 1.9128028 2.9390207 3.2708169 2.5280238 2.6446661 1.9935710 2.0203751 3.6868598 3.2917078 3.2639837 3.2511604 3.2580466 3.2049901 3.2222701 2.3905452 2.9884149 2.9953028 2.2160172 2.3980017 2.4327574 3.3901934 2.7389315 3.6324343 3.6578579 3.6394572 3.6652619 3.7964235 2.8556776 1.9011887 3.4470351 2.1370773 3.5071958 3.3897116 2.4547039 2.9839044 3.6867493 2.9467819 3.3568908 3.0126725 3.8090445 3.5104023 3.1895315 2.7104338 3.1849207 2.9346792 3.2190634 2.2912460 2.3992744 2.5773051 3.0479689 2.9932466 3.2760742 2.6636735 3.3603828 2.7898202 3.7543752 3.2395718 3.2584858 3.8356246 3.6545763 3.3811346 3.3811346 4.1770918 4.0351143 3.6836961 2.8478498 3.3405127 3.8384635 3.5946433 3.8221999 3.6686629 3.1890957 2.6890613 3.5705928 
Coemet_Cmet_C606192_01                                           2.9932527 3.2235606 3.0902436 1.5545327 1.5772311 1.5532806 2.6455974 2.6585708 2.6893429 2.9240971 0.4825188 0.4866696 0.5093775 0.5093775 0.5381323 0.5713886 0.5713886 0.6593644 0.6673130 0.7111885 0.5332770 0.0000000 0.3475061 0.6983043 0.7226120 2.5760556 3.6976697 3.0306598 2.2759313 1.9440163 2.5274627 2.2736062 2.5682191 2.3127984 1.7452961 2.4344520 2.3392648 2.2626686 2.1481958 2.7719037 2.7934482 2.8204214 2.8381320 2.9201759 1.3802881 2.5118734 2.5326595 2.4968126 2.9580086 2.6269951 2.6671641 2.7754248 2.1406520 2.7100692 2.8636711 3.9106358 2.7502122 2.7411784 1.8154244 3.9593730 2.8834977 1.8405339 1.8405339 3.0351938 3.1019648 3.0079935 2.9361178 1.7735105 3.6409121 3.7410303 1.6913734 2.0158966 3.2730212 2.9062364 3.0894520 3.1002127 3.9832173 3.2051321 2.9251404 2.5037606 3.5583357 2.9709148 3.1681583 2.0540264 2.9098181 1.9707861 2.2500395 2.9344402 3.1331979 1.9403725 2.8657976 2.5217532 3.2682163 2.9207691 1.9837815 1.9519114 1.9176921 2.9875650 3.0567755 2.2653053 2.2617693 2.0811640 2.0513811 3.4614607 3.1033122 3.1306098 2.9905192 3.2435832 3.1741596 3.1750315 2.2459818 2.8169793 2.8607999 2.0241609 2.4134127 2.4388821 3.4245010 2.9155894 3.4795974 3.3547860 3.3379417 3.3611381 3.3895228 3.0931721 2.0577702 3.3651194 2.1521079 3.5695427 3.7583382 2.5778863 2.6358835 3.4131823 2.9939148 3.2015167 2.8833035 3.6455774 3.2921881 3.1819088 2.7586081 2.9569195 2.9655496 3.2079251 2.1264640 2.2422342 2.7778098 2.9909161 2.9376826 3.4287254 2.6333795 3.3340686 2.8675823 3.6505931 3.3020792 3.1284851 3.5696051 3.8161979 3.1988105 3.1988105 4.1076218 4.1400671 3.6752089 2.9630713 3.3389828 4.2758733 3.9379128 4.0779360 3.8568105 3.3397291 2.5658937 3.7498385 
