141
Emue_Em0007g136a.t1                                     0.0000000 0.0841958 0.0926909 0.2142457 0.0000010 1.6354699 0.0000010 0.0000010 2.1944976 1.6109098 1.2060455 1.1679980 1.1368323 1.1287807 1.1858163 0.0000010 1.1491461 1.1205052 1.0829841 2.7954124 1.0968354 1.1314442 1.1360640 1.3023250 0.0000010 0.0000010 0.0000010 0.0000010 2.0942858 1.2220777 1.2423985 1.1789578 1.8508801 1.3063350 1.4284810 1.6145987 1.3330699 1.1841216 1.9091067 2.1976337 2.2771481 2.1976337 2.8137843 2.8137843 1.6547545 2.8137843 1.7319974 1.7319974 2.3060959 2.7371493 2.7371493 2.7371493 2.7371493 2.7371493 2.7371493 2.3974530 1.7493890 2.0156946 2.6973457 1.0463921 0.9956923 1.2385095 0.0000010 1.3477840 0.0000010 1.7312398 1.1263900 1.0194395 0.9864918 0.7180132 1.3374112 1.3517149 1.2245719 1.3401772 1.3401772 1.3731527 1.3731527 1.3382925 2.2943530 1.7261711 1.5247911 1.7524596 1.3937547 1.3738052 1.6203702 1.4883631 2.1943377 1.4475116 1.2433007 1.5117237 1.8198162 1.6389732 1.5586758 4.7189177 1.5994340 1.4751924 1.4485632 1.8053210 1.6446336 1.4080017 2.3309693 2.1385898 0.0000010 1.6052187 1.5096797 0.0000010 1.8335500 1.7641878 1.6183282 1.8200010 3.3398063 1.6918494 1.7401920 1.8006652 1.6714796 1.5755700 1.5535773 2.5393641 4.0950546 3.0276372 2.6059364 0.0000010 1.3723484 1.5716407 1.1752664 1.2681588 1.2262793 2.4724510 2.5788169 1.3894226 1.3167104 1.1755341 0.8155731 1.1238601 2.2473728 3.1583454 1.8818442 2.2985678 8.9999990 1.5340531 0.0000010 
Emue_Em0007g171a.t1                                     0.0841958 0.0000000 0.2422009 0.1620057 0.0000010 1.3307360 9.0000000 0.0000010 0.0000010 0.0000010 1.1495071 1.1633784 0.8885773 0.8811006 1.0060557 0.0000010 0.9760609 0.9437380 1.0048197 0.0000010 0.9506577 0.9743404 0.9556939 1.2325422 2.4308450 3.4364907 2.2234452 2.0244670 9.0000000 1.2103536 1.1046167 1.2020450 0.0000010 1.1263645 1.6207843 1.6710064 1.1506008 1.1380956 0.0000010 0.0000010 0.0000010 0.0000010 0.0000010 0.0000010 1.5709799 0.0000010 1.5860430 1.5860430 0.0000010 0.0000010 0.0000010 0.0000010 0.0000010 0.0000010 0.0000010 0.0000010 1.9518365 1.2436329 2.0748778 0.9405690 0.9608830 1.5362020 0.0000010 1.5424907 0.0000010 0.0000010 1.0434166 0.0000010 1.1250156 0.6900503 1.1909795 1.1462888 1.1717890 1.1805760 1.1805760 1.3137556 1.3137556 1.4906978 1.7679916 1.7679916 1.6357109 2.6902390 1.5333852 1.7672063 1.6593743 1.6353188 0.4897253 1.6336721 1.7047484 1.4695450 1.9213041 1.7848318 1.2719244 0.0000010 1.9381287 2.0411814 1.5786877 2.3832798 1.6523251 1.5014381 0.4897253 2.1385898 0.0000010 1.4869687 1.2828425 0.0000010 1.8878607 1.8154910 1.9669468 1.0796428 0.0000010 1.6948248 2.4236860 2.3174544 1.7151327 1.3403768 1.8320201 2.1313949 2.2234452 2.4416382 2.2275976 1.9946460 1.3749436 1.4631273 1.1878381 1.4384706 1.2536229 2.5152084 2.5049580 1.5123995 1.5123995 1.5123995 0.9462144 0.0000010 1.9675758 3.8839481 0.0000010 0.0000010 0.0000010 2.0749833 0.0000010 
Spolac_c105082_g1_i1_m.44760c103425-g4                  0.0926909 0.2422009 0.0000000 0.0991207 0.0487957 0.0000010 0.1586129 0.0000010 0.0000010 0.0000010 0.6574188 0.6891831 0.6120904 0.5906988 0.6554929 0.0000010 0.6421434 0.6260257 0.5549548 0.0000010 0.6220476 0.6173424 0.6142915 0.8019644 0.5906291 0.8019335 0.5503721 1.1255385 2.8462249 0.6608997 0.7409794 0.7075766 0.0000010 0.7019648 0.9608523 0.0000010 0.7587217 0.8230359 0.0000010 0.0000010 1.2857366 0.0000010 0.0000010 0.0000010 1.2542774 0.0000010 1.4312842 1.4312842 3.5208427 0.0000010 0.0000010 0.0000010 0.0000010 0.0000010 0.0000010 0.0000010 1.5430565 0.0000010 0.0000010 0.6787475 0.7868013 1.0131835 2.9309969 1.0659158 2.9309969 0.0000010 0.5603680 0.0000010 0.5443135 0.5308357 0.7307863 0.7708024 0.7905808 0.7579044 0.7568224 0.8402449 0.8402449 0.9962596 1.3422885 0.0000010 1.1549162 1.7856572 1.1396419 1.2658622 1.2784539 1.2144598 0.0000010 1.1228922 1.2885429 1.3240176 1.3962396 1.2432820 1.1755764 0.0000010 1.0264619 1.0264619 0.9088547 1.2528213 0.9565796 1.1929941 0.0000010 3.0899294 0.0000010 1.2040683 0.8666988 0.9668413 1.0373759 0.9795095 3.7117348 0.0000010 0.0000010 1.4584110 1.7020659 1.5663624 1.3597754 0.0000010 1.2841870 1.0945228 0.6264843 0.6680920 1.3391593 1.1644364 0.8564572 0.7912815 1.1004499 0.7442863 0.7985635 0.9607503 1.4533268 1.5242785 1.5242785 1.5242785 0.6555886 0.0000010 1.7200411 0.0000010 0.0000010 0.0000010 0.0000010 1.5471913 1.1502971 
Emue_Em0007g240a.t1                                     0.2142457 0.1620057 0.0991207 0.0000000 0.0648781 0.1447761 0.4643041 0.3982728 0.4065238 0.0831609 0.9174546 0.9210957 0.7940594 0.7958234 0.7954144 0.3294048 0.7551339 0.7867919 0.7026517 0.4084180 0.8360489 0.8149110 0.8409309 0.9400926 0.8636277 0.8858554 0.8445664 1.0231195 1.2350385 0.8665196 0.9300220 0.8431421 0.8096261 0.9545687 1.1146938 1.1440243 0.9065082 0.9636314 0.5741073 0.5419480 0.8688527 0.5741073 0.5601590 0.5795912 1.2119709 0.5666589 1.2723019 1.2723019 0.8725935 0.5838444 0.5838444 0.5838444 0.5838444 0.5143829 0.5143829 0.6703850 1.2368461 1.2727944 1.3774213 0.8637085 0.8692908 1.0197981 1.3675029 1.1662648 0.7966108 0.7595864 0.8967934 0.9047671 0.8617157 0.6487704 1.0598594 1.0867825 1.2340306 1.0829012 1.0826287 1.0818154 1.0826386 1.1915606 1.8411196 1.3680536 1.4307968 1.3191662 1.1723362 1.1855900 1.2677625 1.2328698 0.9397618 1.2845102 1.1786502 1.3964621 1.4864868 1.3471898 1.2061312 1.2787858 1.4141149 1.4886840 1.3353196 1.7207551 1.3350698 1.2408983 0.6438387 1.5176127 1.3109771 1.0710391 1.0403883 0.7378395 1.3935373 1.0955659 1.4986366 1.3068788 3.8406926 1.4833142 1.5397208 1.5240229 1.4978456 1.1855034 1.2154523 2.3903106 1.1200313 1.1945376 1.5706330 0.9888607 1.1448783 1.2994906 1.2881694 1.0743084 1.1448195 1.3663892 1.7843034 1.6152657 1.4979233 1.3534501 0.8660801 1.9448300 1.8552511 1.3680182 0.7337296 1.1296157 1.5118937 1.4464790 1.0816586 
Spolac_c103425_g4_i1_m.34189c103425-g4                  0.0000010 0.0000010 0.0487957 0.0648781 0.0000000 0.0000010 0.4178256 0.0000010 0.0000010 0.0000010 0.7479823 0.7442124 0.6725699 0.6551318 0.6299732 0.0000010 0.6203992 0.6672577 0.6203992 0.0000010 0.7185003 0.6343853 0.6449195 0.8978465 0.9287671 0.8575536 0.9287671 0.9127024 1.0809078 0.7363817 1.0599652 0.7549672 0.0000010 0.9321390 1.2103784 0.0000010 3.8640948 1.0865335 0.0000010 0.0000010 0.0000010 0.0000010 0.0000010 0.0000010 1.0529859 0.0000010 0.0000010 0.0000010 0.0000010 0.0000010 0.0000010 0.0000010 0.0000010 0.0000010 0.0000010 0.0000010 1.0939972 0.0000010 0.0000010 0.7659570 0.8519293 1.2027403 2.9380507 1.2829180 2.9380507 0.0000010 0.7452177 0.0000010 0.5762616 0.0000010 0.9675390 1.0291674 1.0234226 0.9989221 0.9967079 0.9686066 0.9686066 1.4597107 1.3422885 0.0000010 1.0956972 0.9875621 1.2316084 1.1023504 1.3794518 1.4965483 0.0000010 1.2695815 1.1490258 1.6363053 0.0000010 2.3326709 1.1829291 0.0000010 1.1498084 1.1498084 1.0885517 1.3815394 1.0334143 1.3294303 0.0000010 3.4407377 0.0000010 0.9110123 0.6388035 0.7288227 0.8905096 0.7525586 0.0000010 0.0000010 0.0000010 1.9942965 1.6964374 1.7614924 2.4001830 0.0000010 1.1429382 1.0315494 1.2085750 0.9547540 0.9001675 0.8504036 1.0361598 1.3666526 2.4418296 0.7785024 0.7373826 0.0000010 2.8003885 1.2373646 1.1933653 0.8243441 0.7738214 1.5445001 2.9175020 0.0000010 0.0000010 0.0000010 1.3875429 1.0854726 1.0928638 
Spolac_c97602_g1_i1_m.15367c103425-g4                   1.6354699 1.3307360 0.0000010 0.1447761 0.0000010 0.0000000 0.0000010 0.0000010 0.0000010 0.0000010 1.2215914 1.2567746 0.9492132 0.9521562 0.9339094 0.0000010 0.8114209 0.9868616 0.7593178 0.0000010 1.1498482 1.0712438 0.9382442 1.1664206 0.0000010 0.0000010 0.0000010 0.0000010 0.0000010 1.0185354 1.2069448 1.0279295 0.9228574 1.0682261 1.1373130 0.8755868 1.0031566 1.1314103 0.0000010 0.0000010 2.2329473 0.0000010 0.0000010 0.0000010 1.3384243 0.7718671 1.3953659 1.3953659 0.0000010 0.0000010 0.0000010 0.0000010 0.0000010 0.0000010 0.0000010 0.0000010 1.4158967 1.3841663 1.6209387 1.0376501 0.9947431 1.2710896 9.0000000 1.2062905 9.0000000 1.1961354 1.3200968 0.0000010 1.3306513 0.9283818 1.2788410 1.3014617 1.3069245 1.3232978 1.3232978 1.2726834 1.2726834 1.3566424 1.4737766 1.3167478 1.4192128 1.5881397 1.3132881 1.4880498 1.5117769 1.5181340 0.0000010 1.5729546 1.2594543 1.7446566 0.0000010 1.5602259 1.3208038 3.9695820 1.8350421 1.8350421 1.7048370 2.3981386 1.8036162 1.5508112 0.0000010 0.0000010 0.0000010 0.9646186 1.4587081 0.0000010 3.5383839 2.3785985 1.8988322 1.3337289 5.5802830 1.3554135 1.2966866 1.3407470 1.3744390 0.8780432 1.2779762 3.2680548 1.8241566 1.8158365 2.1131485 0.0000010 6.4891232 3.3076786 1.5023857 1.4823412 1.8421660 3.0840429 1.7608068 1.4710941 2.0976001 1.3756995 0.0000010 2.1610191 1.9204125 1.3575161 0.0000010 0.9014179 2.6658172 2.4417582 0.0000010 
Tetwil_g4784.t1                                         0.0000010 9.0000000 0.1586129 0.4643041 0.4178256 0.0000010 0.0000000 0.0000010 0.0000010 0.0000010 0.8042440 0.8224507 0.6702714 0.6532643 0.7556971 0.0000010 0.6996517 0.7827914 0.6996517 0.0000010 0.7479251 0.6982721 0.7061660 1.0352817 1.0293992 0.9725818 1.0293992 1.0361841 1.2651460 0.8721526 1.2113070 0.6995655 0.0000010 1.0306750 1.3914929 0.0000010 1.7829640 1.1075480 0.0000010 0.0000010 0.0000010 0.0000010 0.0000010 0.0000010 1.2269472 0.0000010 2.4198349 2.4198349 5.6164818 0.0000010 0.0000010 0.0000010 0.0000010 0.0000010 0.0000010 0.0000010 1.2711811 0.0000010 0.0000010 0.8498077 0.8760096 1.2759933 2.9380507 1.3455463 2.9380507 0.0000010 0.7572200 0.0000010 0.5518481 2.1324751 0.9724326 1.0398315 1.0343736 1.0484730 1.0462803 1.0264653 1.0264653 1.3632296 1.3422885 0.0000010 1.0332728 1.3590595 1.3369617 1.3435224 1.6264931 1.6977796 0.0000010 1.2867830 1.3187247 1.8076832 3.9881772 2.5283850 1.4090608 0.0000010 0.9845596 0.9845596 1.1319460 1.5979619 1.0402282 1.7547426 0.0000010 2.7291375 0.0000010 1.1145297 0.6998032 0.7201728 2.5794745 0.7784812 0.0000010 0.0000010 0.0000010 2.4388715 1.9842213 2.0595100 2.7643975 0.0000010 1.3627973 1.0165053 1.3843348 1.1189897 1.0861518 1.0133945 1.0682945 1.4816089 2.4418296 0.8568932 0.8676322 1.6228176 3.1944752 1.4349736 1.3735157 1.1026702 0.9302390 5.6576913 2.7676733 0.0000010 0.0000010 0.0000010 1.6328305 1.2621665 1.1453584 
Stycar_maker-SC_scaffold82321-augustus-gene-0.24-mRNA-1 0.0000010 0.0000010 0.0000010 0.3982728 0.0000010 0.0000010 0.0000010 0.0000000 0.1242800 0.4098599 0.5673303 0.5122814 0.5208077 0.5391816 0.5200752 0.4373076 0.4464111 0.5428461 0.7828931 0.6216804 0.6216804 0.5182148 2.6329445 0.5351080 0.0000010 0.0000010 0.0000010 0.0000010 1.1436154 0.5640124 0.5121884 0.5498218 0.6041894 0.5230895 0.6182178 0.0000010 0.5889820 0.5572946 0.6032286 0.6032286 0.6032286 0.6032286 0.6282119 0.5801333 0.5801333 0.6282119 0.6120193 0.6120193 0.6120193 0.5413662 0.5413662 0.5413662 0.5413662 0.5413662 0.5413662 0.4987975 0.4987975 0.6093427 0.6230460 0.5902754 0.4181063 0.4992846 1.0296953 1.0169924 0.5230763 0.6424155 0.6424155 2.0403386 0.7498251 0.4957694 0.5580842 0.5963109 0.0000010 0.5988044 0.5988044 0.5714028 0.5714028 0.7212803 4.1680584 9.0000000 0.8907013 0.6974730 0.7384571 0.7975564 0.7190039 0.6610209 0.7038014 0.7711650 0.7602767 0.7413660 0.0000010 0.8548949 0.6596484 0.8304147 0.8304147 0.0000010 0.7010678 0.9959708 0.8747039 0.7924441 0.6464909 0.0000010 0.0000010 0.7920182 0.7241688 0.0000010 0.0000010 0.0000010 0.0000010 0.0000010 2.2723685 0.8309752 1.5926635 1.6444717 1.1046325 1.9624252 0.7368473 2.5378547 9.0000000 1.5845830 2.2592746 0.0000010 2.1944738 2.7348068 0.0000010 0.0000010 0.0000010 0.0000010 0.8638293 0.0000010 1.1269471 0.0000010 0.9944822 0.0000010 1.2002579 0.0000010 0.6851775 2.7416330 0.0000010 0.0000010 0.0000010 
Stycar_maker-SC_scaffold82321-augustus-gene-0.25-mRNA-1 2.1944976 0.0000010 0.0000010 0.4065238 0.0000010 0.0000010 0.0000010 0.1242800 0.0000000 0.6032344 0.7992281 0.7591087 0.6997595 0.6971945 0.6845793 0.4565201 0.7023287 0.7006049 0.7721856 0.4142357 0.6931967 0.6944349 0.9698494 0.8082726 0.0000010 0.0000010 0.0000010 0.0000010 1.9892909 0.8199406 0.7934256 0.7003136 0.7986491 0.8413964 0.8947572 0.0000010 0.7635302 0.8100772 0.7950139 0.5041365 0.7950139 0.7611759 0.5635230 0.7416847 0.7416847 0.5699316 0.7851364 0.7851364 0.7851364 0.6891061 0.6891061 0.5689158 0.5689158 0.4783835 0.4783835 0.7315513 0.7315513 0.8196491 0.8753514 0.8768330 0.7909994 0.7507305 1.0779768 1.1119418 0.5362298 0.7369368 0.8957150 0.9112740 0.8810064 0.6179740 0.8414579 0.8190865 0.0000010 0.8249063 0.8249063 0.8614771 0.8614771 1.0435004 3.9594926 2.5483287 0.8907013 1.0839732 0.9574598 1.0348795 0.9456764 0.9088811 1.1562508 1.4628979 1.1159650 1.1620217 0.0000010 1.0851932 0.8279928 1.1322131 1.3359450 5.9713233 1.2732760 1.4856551 1.3038521 1.0029995 1.0061373 0.0000010 0.0000010 1.0925127 0.9407113 0.0000010 0.0000010 0.0000010 0.0000010 0.0000010 3.2738053 1.3437541 1.7329586 1.8255903 1.6472367 2.5865304 1.0768486 3.1619785 9.0000000 2.5130992 2.5992671 0.0000010 2.5563962 3.3777207 9.0000000 0.0000010 0.0000010 0.0000010 1.3436312 0.0000010 1.1269471 0.0000010 3.6495276 9.0000000 1.3637672 2.6514999 0.9814768 1.5288471 0.0000010 0.0000010 0.0000010 
Spolac_c95758_g1_i1_m.11994c103425-g4                   1.6109098 0.0000010 0.0000010 0.0831609 0.0000010 0.0000010 0.0000010 0.4098599 0.6032344 0.0000000 0.5974633 0.5850717 0.5672734 0.5688795 0.5529299 0.3587624 0.5341363 0.5422677 0.6064263 0.4315829 0.5768547 0.5725887 0.6462261 0.6060606 0.0000010 0.0000010 0.0000010 0.0000010 2.0524647 0.5745415 0.5541736 0.5941982 0.5939323 0.6401155 0.8307799 0.0000010 0.5846752 0.6103842 0.6923992 0.5462220 0.6923992 0.6776643 0.6109800 0.7132566 0.7301251 0.6151651 0.7554309 0.7554309 0.7554309 0.6845862 0.6845862 0.6271216 0.6271216 0.5513321 0.5513321 0.7245719 0.7314707 0.7517624 0.7945916 0.6026529 0.6465976 0.6072541 0.9493231 0.9641328 0.5093487 0.6248916 0.6425026 0.5759257 0.7041145 0.4753968 0.6524600 0.6692083 0.0000010 0.6775003 0.6775003 0.6713981 0.6713981 0.9354765 3.4298695 1.3475681 0.8629822 0.9367052 0.8755670 0.9325881 0.9268568 0.8408464 0.9325005 1.1922577 0.9239474 1.0982354 0.0000010 0.9726620 0.7785516 1.1814667 1.1190732 1.2504598 1.1501332 1.7258002 1.1297600 0.9254386 0.6804484 0.0000010 0.0000010 0.8662605 0.7642685 0.0000010 0.0000010 0.0000010 0.0000010 0.0000010 1.8629210 1.2999308 1.6228866 1.6835645 1.4448075 3.3320492 0.8792018 2.7766060 9.0000000 2.5398515 2.5852224 0.0000010 2.0604250 3.2255236 0.6534757 0.0000010 0.0000010 0.0000010 1.2315895 0.0000010 1.2887776 0.0000010 4.7950932 0.8723282 1.1719398 0.8597217 0.8638500 1.0329517 0.0000010 0.0000010 0.0000010 
Nemnom_g12927.t1                                        1.2060455 1.1495071 0.6574188 0.9174546 0.7479823 1.2215914 0.8042440 0.5673303 0.7992281 0.5974633 0.0000000 0.0658237 0.6233719 0.6144691 0.6081656 0.3108692 0.5932873 0.6302705 0.5544259 0.2764165 0.6304312 0.6104939 0.6324976 0.7338822 0.5994110 0.6457322 0.5841804 0.7403246 0.9766151 0.6832872 0.3125773 0.6668842 0.6137161 0.7828883 0.9666682 0.5271793 0.7136209 0.8166762 0.7727646 0.4765243 0.9888690 0.7047965 0.6548982 0.7337625 1.1855852 0.6591219 1.2045087 1.2045087 1.0626237 0.7281357 0.7281357 0.6675674 0.6675674 0.5052743 0.5052743 0.9446095 1.1994254 1.1530865 1.3707425 0.7230503 0.7079471 0.8732791 1.3529381 1.0574895 0.7421646 0.6420969 0.7846381 1.1452417 0.7653819 0.9590247 0.9226789 0.9294867 0.9901601 0.9111273 0.9109473 0.9355006 0.9354998 1.0313139 1.7085390 1.1787980 1.3107859 1.2677930 1.1875186 1.1448169 1.1357461 1.1227632 0.8732201 1.1397288 1.1127643 1.2701795 1.4899842 1.2098445 1.0159159 1.1788145 1.3662632 1.4395761 1.3287238 1.7198559 1.3727670 1.1907485 0.8295685 2.4336940 2.0145373 1.3931414 1.3945484 1.3594060 1.6943011 1.5513762 2.1738284 1.8871023 1.7783330 1.3654104 1.6272817 1.6061736 1.4360729 0.9908659 1.1685607 2.5621901 1.0365225 1.2078469 1.5277141 0.8719425 0.9924510 1.1018748 0.8844692 0.5027159 0.6541001 1.2361998 1.7802159 1.5697529 1.4259754 1.3518375 1.1438270 1.2644360 1.5708052 1.1006681 0.4013782 0.8658183 1.3449837 1.4440878 0.9620150 
Rhoesc_Res_005778-T1                                    1.1679980 1.1633784 0.6891831 0.9210957 0.7442124 1.2567746 0.8224507 0.5122814 0.7591087 0.5850717 0.0658237 0.0000000 0.6079603 0.5978248 0.5959883 0.3080727 0.5792451 0.6151752 0.5414571 0.3063308 0.6333383 0.6029258 0.6177667 0.7270764 0.5961372 0.6170577 0.5809488 0.7364176 0.9891861 0.6806528 0.3180866 0.6558574 0.6033625 0.7840616 0.9623630 0.4903888 0.7027892 0.7892253 0.7859269 0.4960595 1.0225145 0.7069990 0.6468981 0.7243607 1.2028222 0.6361983 1.2270558 1.2270558 1.0949363 0.7292638 0.7292638 0.6684375 0.6684375 0.5255475 0.5255475 0.9803564 1.2126896 1.1508367 1.3719350 0.7136417 0.7079052 0.8525317 1.2919079 1.0614542 0.7758079 0.6544253 0.7888669 1.1578866 0.7748028 0.9572574 0.9157831 0.9209789 0.9882479 0.9043915 0.9065365 0.9328194 0.9328182 1.0278734 1.7253758 1.1586687 1.2977810 1.2654198 1.1961003 1.1513229 1.1201984 1.1186764 0.8936405 1.1598432 1.1075826 1.2732208 1.4771940 1.2193178 1.0022558 1.1745421 1.3478046 1.4171646 1.3278498 1.7229421 1.3639635 1.1837644 0.8307122 2.3408815 1.9528654 1.3888924 1.3923779 1.3186638 1.7270697 1.5277135 2.1448527 1.8586082 1.7509384 1.3625519 1.6378546 1.6162639 1.4470809 0.9479987 1.1589332 2.5684491 1.1169808 1.2751067 1.4947644 0.8668939 1.0040506 1.1050198 0.8824132 0.4957007 0.6510431 1.2243668 1.7786960 1.6062764 1.4294930 1.3323694 1.1548584 1.3125309 1.5685802 1.1085141 0.3898890 0.8388795 1.3195334 1.4334705 0.9199670 
Spis_XP_022788515_1                                     1.1368323 0.8885773 0.6120904 0.7940594 0.6725699 0.9492132 0.6702714 0.5208077 0.6997595 0.5672734 0.6233719 0.6079603 0.0000000 0.0191806 0.0685854 0.0681861 0.1366440 0.1046987 0.1431606 0.1671438 0.2975739 0.2975246 0.0572711 0.5543055 0.5294884 0.5334459 0.5220968 0.6263387 0.8430804 0.4823715 0.6247754 0.5069698 0.6582926 0.6474695 0.8409737 0.5813247 0.5793223 0.6410557 0.6936980 0.4286718 0.8775484 0.6466135 0.5452847 0.6263763 1.0553539 0.5246184 1.0668652 1.0668652 0.9052078 0.6579717 0.6579717 0.5770736 0.5770736 0.4740742 0.4740742 0.9132283 1.1163137 1.1172395 1.2869472 0.5809551 0.5615131 0.7244227 1.3137164 0.9183641 0.8020934 0.5318838 0.6344376 0.7332129 0.6094461 0.8756836 0.8061139 0.8072002 0.8498265 0.7930483 0.7930137 0.8214993 0.8214796 0.9074526 1.6021168 1.0856946 1.1826117 1.1581443 1.1176325 1.0865280 1.0925413 1.0635827 0.9364085 1.0436003 0.9583380 1.2655745 1.1692690 1.0772027 0.9119346 1.1031722 1.2016623 1.2538489 1.1680534 1.5960396 1.2517054 1.0500105 0.7986177 2.2810346 1.9133476 1.3118416 1.2443305 1.1387515 1.7495626 1.4413974 1.8710378 1.7223611 2.0340413 1.2817244 1.3756501 1.3789591 1.3467542 1.0136529 1.0673622 2.3476995 0.9944425 1.1705099 1.4101690 0.8122245 0.8709638 1.0036321 0.9318862 0.6869916 0.8458286 1.2515326 1.6465182 1.3993858 1.1826147 1.1160088 0.9803124 1.2218007 1.5385580 0.9530115 0.6980550 0.8146908 1.2941952 1.2969082 0.9055068 
Pocdam_XM_027184424.1                                   1.1287807 0.8811006 0.5906988 0.7958234 0.6551318 0.9521562 0.6532643 0.5391816 0.6971945 0.5688795 0.6144691 0.5978248 0.0191806 0.0000000 0.0648973 0.0798656 0.1355253 0.1061552 0.1393079 0.1594950 0.2946562 0.2878609 0.0525748 0.5555163 0.5224285 0.4988934 0.5150631 0.6185624 0.8223335 0.4823810 0.6195740 0.5073326 0.6471852 0.6441190 0.8435534 0.5813247 0.5768630 0.6420260 0.6824298 0.4188272 0.8679929 0.6394840 0.5375721 0.6196384 1.0519056 0.5171416 1.0646022 1.0646022 0.8912306 0.6505318 0.6505318 0.5692075 0.5692075 0.4637747 0.4637747 0.8908610 1.1143167 1.1281520 1.2922400 0.5854802 0.5605960 0.7152079 1.3462062 0.9172826 0.8247881 0.5291126 0.6369400 0.7453218 0.5972928 0.8648833 0.8097539 0.8100616 0.8631686 0.8013580 0.8013227 0.8257505 0.8257315 0.8934620 1.5952037 1.1023912 1.1833514 1.1484307 1.1189618 1.0845788 1.0984472 1.0661045 0.9168467 1.0425440 0.9499195 1.2568899 1.1689323 1.0824515 0.9137214 1.1079259 1.1861445 1.2331921 1.1573578 1.5837664 1.2426862 1.0433695 0.7987716 2.2718282 1.9138426 1.3001597 1.2363564 1.1139572 1.7495626 1.4276642 1.8365054 1.7128566 2.0277588 1.2933987 1.3746137 1.3754357 1.3539701 1.0076486 1.0672907 2.3774803 1.0176824 1.1895620 1.4063166 0.8028327 0.8660167 1.0194629 0.9246276 0.6851532 0.8462681 1.2515326 1.6494330 1.4117614 1.1903256 1.1270512 0.9992658 1.2039303 1.5349107 0.9356923 0.7048073 0.8029475 1.2941952 1.3224908 0.8960747 
Gasp_gasp1.m3.23734.m1                                  1.1858163 1.0060557 0.6554929 0.7954144 0.6299732 0.9339094 0.7556971 0.5200752 0.6845793 0.5529299 0.6081656 0.5959883 0.0685854 0.0648973 0.0000000 0.0800431 0.1148065 0.0923976 0.1273723 0.1520512 0.2863994 0.2858023 0.0477182 0.5321193 0.4610602 0.4506512 0.4542925 0.5674705 0.7804696 0.4868479 0.6271314 0.5071054 0.6475285 0.6350027 0.8477438 0.5661639 0.5819045 0.6396715 0.6586089 0.4162723 0.8499601 0.6282055 0.5294144 0.6310898 1.0311236 0.5025625 1.0373706 1.0373706 0.8734716 0.6346993 0.6346993 0.5664106 0.5664106 0.4608824 0.4608824 0.8783893 1.0893761 1.1009124 1.2937855 0.5829648 0.5480291 0.7196388 1.3230782 0.9044679 0.7945102 0.5364788 0.6441837 0.6707887 0.5967477 0.8619401 0.7948985 0.7913244 0.8334712 0.7813389 0.7813056 0.8108623 0.8108409 0.9096652 1.5898801 1.0812043 1.1611571 1.1655492 1.1132575 1.0790263 1.0903500 1.0609797 0.9233927 1.0512923 0.9345251 1.2809679 1.1640319 1.0706067 0.9000427 1.1048880 1.2055399 1.2564162 1.1695431 1.5797836 1.2494159 1.0400669 0.7980694 2.2759644 1.9030339 1.3131274 1.2465709 1.1052348 1.5970254 1.3449851 1.7836981 1.6722885 2.0339234 1.2725920 1.3959614 1.3812794 1.3498427 1.0218211 1.0655142 2.3294766 0.9513871 1.1132231 1.3549917 0.7465237 0.8306897 0.9640142 0.8864758 0.6805578 0.8297209 1.3763933 1.6330610 1.4185585 1.1911199 1.1366889 1.0043331 1.1714430 1.5250591 0.9369943 0.7227030 0.8107430 1.2191646 1.2553883 0.8884415 
Adig_XM_015900543.1                                     0.0000010 0.0000010 0.0000010 0.3294048 0.0000010 0.0000010 0.0000010 0.4373076 0.4565201 0.3587624 0.3108692 0.3080727 0.0681861 0.0798656 0.0800431 0.0000000 0.0000010 0.0931861 0.1849222 0.1981186 0.1981186 0.1648175 1.9413467 0.2891393 0.0000010 0.0000010 0.0000010 0.0000010 1.6000724 0.2845449 0.2902361 0.3411272 0.3194302 0.4092438 0.4694330 0.0000010 0.3943514 0.3756190 0.4351794 0.4351794 0.4351794 0.4351794 0.4385307 0.4460998 0.4460998 0.4385307 0.4214658 0.4214658 0.4214658 0.4195910 0.4195910 0.4195910 0.4195910 0.4195910 0.4195910 0.4240472 0.4240472 0.4622815 0.5557060 0.4282968 0.3137612 0.3631834 1.1067675 0.8062902 0.5192674 0.4309142 0.4309142 0.0000010 0.4467976 0.5298790 0.4692659 0.4570497 0.0000010 0.4473312 0.4473312 0.5061334 0.5061334 0.5995154 3.7259944 0.0000010 0.9275505 0.5555757 0.5950895 0.6149320 0.5786951 0.5710822 0.6003123 0.5994400 0.5983959 0.5290154 0.0000010 0.6493230 0.4598372 0.7597048 0.7597048 0.0000010 0.7167851 0.8532002 0.8064057 0.7083622 0.4835607 0.0000010 0.0000010 0.6963070 0.6503673 0.0000010 0.0000010 0.0000010 0.0000010 0.0000010 2.4775359 0.7335508 1.1725470 1.1720431 0.9128568 2.1449382 0.6420360 3.5631963 0.0000010 1.6009966 1.9837796 0.0000010 2.0604250 2.8482045 0.0000010 0.0000010 0.0000010 0.0000010 0.7464517 0.0000010 1.2887776 0.0000010 1.1716868 0.0000010 0.9396614 0.0000010 0.5139709 1.7014476 0.0000010 0.0000010 0.0000010 
Adig_XM_015900488.1                                     1.1491461 0.9760609 0.6421434 0.7551339 0.6203992 0.8114209 0.6996517 0.4464111 0.7023287 0.5341363 0.5932873 0.5792451 0.1366440 0.1355253 0.1148065 0.0000010 0.0000000 0.1050017 0.0208796 0.1834944 0.2988172 0.3000473 0.1158242 0.5391218 0.5007550 0.5234163 0.4934900 0.6355583 0.8865063 0.4809898 0.6054951 0.4920481 0.6428987 0.6398801 0.8390205 0.5381891 0.5617824 0.6436469 0.6614437 0.4302619 0.8642681 0.6358571 0.5446617 0.6322830 1.0300591 0.5228066 1.0585861 1.0585861 0.9105466 0.6196166 0.6196166 0.5580907 0.5580907 0.4397566 0.4397566 0.9014874 1.1051483 1.0826788 1.2822287 0.5867642 0.5285843 0.7085927 1.3018807 0.8869502 0.7771785 0.5651603 0.6404569 0.6511296 0.5935661 0.8162235 0.7791696 0.7719906 0.8202600 0.7600133 0.7599792 0.7872137 0.7871860 0.9039252 1.6627187 1.0487186 1.1577169 1.1565285 1.1073379 1.0641594 1.0653910 1.0355278 0.8998128 1.0175534 0.9491661 1.2233884 1.2200694 1.0592411 0.8796712 1.0663465 1.1596046 1.2115448 1.1335904 1.5796405 1.2350814 1.0239060 0.7515859 2.0171706 1.6457973 1.3069306 1.1903710 1.0896615 1.6661729 1.3578405 1.6738199 1.5576781 1.8954830 1.2448442 1.3549514 1.3710708 1.3100005 1.1006912 1.0421636 2.1927066 0.8633006 1.0551830 1.3722101 0.7888995 0.8912821 1.0441846 0.9118085 0.6961752 0.8120429 1.3807944 1.6826108 1.4664635 1.2189595 1.1679912 1.0025973 1.1750562 1.5148563 0.8695323 0.7440410 0.7868041 1.2954795 1.2906221 0.8833320 
Gfas_gfas1.m1.6285.m1                                   1.1205052 0.9437380 0.6260257 0.7867919 0.6672577 0.9868616 0.7827914 0.5428461 0.7006049 0.5422677 0.6302705 0.6151752 0.1046987 0.1061552 0.0923976 0.0931861 0.1050017 0.0000000 0.1225251 0.1967388 0.2905570 0.3057665 0.0918231 0.5484646 0.5368737 0.5713121 0.5293277 0.6851531 0.8866302 0.4894262 0.6363662 0.5215694 0.6696131 0.6407426 0.8468144 0.6190882 0.5894327 0.6513622 0.6834623 0.4372676 0.8896465 0.6367040 0.5326348 0.6153690 1.0403278 0.5057635 1.0477203 1.0477203 0.9074782 0.6352741 0.6352741 0.5596185 0.5596185 0.4723822 0.4723822 0.9089975 1.1092536 1.1043363 1.2968710 0.6004586 0.5753710 0.7299466 1.2954551 0.9039933 0.7864609 0.5511714 0.6432384 0.6726298 0.6084628 0.8612312 0.8079684 0.8043394 0.8291935 0.7961132 0.7960784 0.8177642 0.8177438 0.9067534 1.6043478 1.0911570 1.2034054 1.1609108 1.1286559 1.0901447 1.0859486 1.0518326 0.9398353 1.0291884 0.9439782 1.2700696 1.1598318 1.0688271 0.9080971 1.1472673 1.2168184 1.2614958 1.1752547 1.6108499 1.2609324 1.0418426 0.7797827 2.2098169 1.8563672 1.3098171 1.2420908 1.1903416 1.6662577 1.3904204 1.8506911 1.7155860 1.9573446 1.2872170 1.3889311 1.3851381 1.3433459 1.0873315 1.0627946 2.2752648 0.9802756 1.1708137 1.4278868 0.7941007 0.8893671 1.0261705 0.9008252 0.7038969 0.8672206 1.3676326 1.6514886 1.4069677 1.1956094 1.1048038 1.0225637 1.2869007 1.5257571 0.9042096 0.7001584 0.8085228 1.4594841 1.2863167 0.9085420 
Amil_Amillepora14733-RA                                 1.0829841 1.0048197 0.5549548 0.7026517 0.6203992 0.7593178 0.6996517 0.7828931 0.7721856 0.6064263 0.5544259 0.5414571 0.1431606 0.1393079 0.1273723 0.1849222 0.0208796 0.1225251 0.0000000 0.2699166 0.2880527 0.3012729 0.1113823 0.5153951 0.4986835 0.5234163 0.4913298 0.6355583 0.8865063 0.4433291 0.5697980 0.4754235 0.6610535 0.6095140 0.8456609 0.5250056 0.5484145 0.6504312 0.7049101 0.5744292 0.8496445 0.7402358 0.6621008 0.7342874 0.9683210 0.6365046 0.9783308 0.9783308 0.8798735 0.7225474 0.7225474 0.6672720 0.6672720 0.5796200 0.5796200 0.8476099 0.9989913 0.9612905 1.1383918 0.5668654 0.5035334 0.7121808 1.4016398 0.8127284 1.1026552 0.5949631 0.6011736 0.6077461 0.5711644 0.7682697 0.7179574 0.7235488 0.7251431 0.7110068 0.7109724 0.7269200 0.7268747 0.8458941 1.5503490 0.7920292 1.0544129 1.1621408 1.0806349 1.0447615 1.0280915 0.9956913 0.9839787 1.0172849 0.9174252 1.1848344 1.0264507 1.0397486 0.8541316 1.2027792 1.1156976 1.1269872 1.0778913 1.5508346 1.1657211 0.9878903 0.8049715 1.8663201 1.3081997 1.1757134 1.0753593 1.0896615 1.5242292 1.2669541 1.5635716 1.3453173 1.7735536 1.2023473 1.3592758 1.3362425 1.3429584 1.0823254 0.9948670 2.2046212 0.9549096 1.1437298 1.4690679 0.7888995 0.9072008 1.0672317 0.7502298 0.6212069 0.6724931 1.1047940 1.6026079 1.5116380 1.2089509 1.0661830 0.9188343 1.1027817 1.3858435 0.8318393 0.7484055 0.8244322 1.2954795 1.2511178 0.8833320 
Exapal_XM_021059025.2                                   2.7954124 0.0000010 0.0000010 0.4084180 0.0000010 0.0000010 0.0000010 0.6216804 0.4142357 0.4315829 0.2764165 0.3063308 0.1671438 0.1594950 0.1520512 0.1981186 0.1834944 0.1967388 0.2699166 0.0000000 0.0000010 0.1068311 0.1140687 0.2839079 0.0000010 0.0000010 0.0000010 0.0000010 1.2201799 0.2252511 0.2663140 0.3022903 0.3113603 0.4248297 0.6252933 0.0000010 0.3934656 0.3967265 0.4377186 0.4377186 0.4377186 0.4377186 0.4332974 0.4583270 0.4583270 0.4332974 0.4076434 0.4076434 0.4076434 0.4255734 0.4255734 0.4255734 0.4255734 0.4255734 0.4255734 0.4390191 0.4390191 0.4835527 0.5981356 0.4216913 0.2639425 0.3399936 1.3033554 0.7750569 0.6113322 0.4298738 0.4298738 0.9112740 0.3531835 0.4373531 0.5261188 0.4997343 0.0000010 0.5083601 0.5083601 0.5319148 0.5319148 0.6420903 3.7014134 1.1591917 0.9275505 0.7196827 0.6072045 0.6540362 0.6573003 0.6494753 0.7585400 0.9871065 0.8716297 0.7388560 0.0000010 0.5653841 0.4547146 0.8990181 0.8990181 0.0000010 0.8891470 0.9163414 0.9824236 0.7745931 0.5663635 0.0000010 0.0000010 0.7896650 0.7333188 0.0000010 0.0000010 0.0000010 0.0000010 0.0000010 2.6902432 0.8613646 1.5194747 1.5209269 1.0336429 2.2974506 0.6536565 3.2602125 9.0000000 2.1410715 2.1366481 0.0000010 2.3311030 2.6650324 0.0000010 0.0000010 0.0000010 0.0000010 0.8919538 0.0000010 1.2887776 0.0000010 3.1843337 0.0000010 0.8379806 0.9965039 0.4191991 0.6516236 0.0000010 0.0000010 0.0000010 
Exapal_XM_021049786.1                                   1.0968354 0.9506577 0.6220476 0.8360489 0.7185003 1.1498482 0.7479251 0.6216804 0.6931967 0.5768547 0.6304312 0.6333383 0.2975739 0.2946562 0.2863994 0.1981186 0.2988172 0.2905570 0.2880527 0.0000010 0.0000000 0.2330479 0.2896842 0.5910326 0.6039860 0.5278780 0.5884511 0.6739550 0.8358360 0.5094428 0.6240029 0.5472922 0.6435547 0.6550994 0.8840060 0.6664774 0.5986817 0.6767083 0.6664694 0.4377186 0.8642404 0.6253726 0.5465397 0.6311802 1.0144723 0.5405219 1.0423210 1.0423210 0.8815973 0.6114397 0.6114397 0.5459474 0.5459474 0.4255734 0.4255734 0.9268009 1.1282568 1.0953116 1.2968573 0.6388688 0.5979468 0.7554979 1.4734052 0.9316120 0.8718546 0.5508247 0.6925695 0.9800635 0.6678535 0.8552975 0.8282539 0.8253964 0.8732471 0.8148476 0.8148109 0.8540050 0.8539907 0.9530477 1.6159998 1.0512631 1.1784715 1.1817784 1.1058961 1.1005221 1.1006449 1.1073648 0.9270089 1.0485376 0.9474599 1.3036340 1.3065536 1.0975471 0.8819421 1.0720512 1.2289458 1.2911890 1.2238575 1.6313302 1.2851074 1.0673488 0.7671572 2.1137510 1.8664309 1.2942303 1.2109120 1.2040408 1.7153534 1.3956601 1.8240635 1.5927928 1.8897295 1.2853785 1.4777959 1.4892168 1.3445483 1.1417062 1.0798968 2.4548103 1.1187356 1.2360637 1.4733193 0.8424545 0.9442329 1.0835847 0.9455383 0.7211132 0.8876914 1.3963508 1.7136951 1.5431436 1.2913505 1.1897537 0.9976716 1.1669689 1.4755111 0.9303759 0.6704063 0.8024649 1.3228280 1.3415482 0.8217131 
Nvec_v1g80474                                           1.1314442 0.9743404 0.6173424 0.8149110 0.6343853 1.0712438 0.6982721 0.5182148 0.6944349 0.5725887 0.6104939 0.6029258 0.2975246 0.2878609 0.2858023 0.1648175 0.3000473 0.3057665 0.3012729 0.1068311 0.2330479 0.0000000 0.2876339 0.5613628 0.5307389 0.5042868 0.5164663 0.6206615 0.7671539 0.5083620 0.6387319 0.5055089 0.6490753 0.6258406 0.8719752 0.5709815 0.5811452 0.6668925 0.6248082 0.4054447 0.8656415 0.5783921 0.5359706 0.6013302 1.0303179 0.5256507 1.0537426 1.0537426 0.9041093 0.6054442 0.6054442 0.5534580 0.5534580 0.4606802 0.4606802 0.9130059 1.0781029 1.0916506 1.3180669 0.5976670 0.5628461 0.7509623 1.4200298 0.9190892 0.8429473 0.5570524 0.6813952 0.8820001 0.6339031 0.8651828 0.8228139 0.8284136 0.8768275 0.8157180 0.8156812 0.8474779 0.8474626 0.9306513 1.5831806 1.0298677 1.1812815 1.1763601 1.1118023 1.0991530 1.1102244 1.1125520 0.9061715 1.0361687 0.9469962 1.2750814 1.2811948 1.0768646 0.8784220 1.0825957 1.1898989 1.2343414 1.1762550 1.6378872 1.2436441 1.0664282 0.7921234 2.0843778 1.7771971 1.2598402 1.2267158 1.0430954 1.6498699 1.3105969 1.8383332 1.6109182 1.9219746 1.2316669 1.4087517 1.4217686 1.3239775 0.9729153 1.0660950 2.4349148 1.0464172 1.2157568 1.4491517 0.7621516 0.9095552 1.1102340 0.9549333 0.6597341 0.8341405 1.3625511 1.6596899 1.4797749 1.2628887 1.1907125 1.0447098 1.2070453 1.4467034 0.9253996 0.6626128 0.8213448 1.1556357 1.2477188 0.8469012 
Fspp_ffun1.m4.1400.m1                                   1.1360640 0.9556939 0.6142915 0.8409309 0.6449195 0.9382442 0.7061660 2.6329445 0.9698494 0.6462261 0.6324976 0.6177667 0.0572711 0.0525748 0.0477182 1.9413467 0.1158242 0.0918231 0.1113823 0.1140687 0.2896842 0.2876339 0.0000000 0.5660840 0.4654010 0.4661024 0.4586340 0.5759660 0.7704710 0.4973024 0.6471379 0.5113231 0.7169723 0.6495453 0.8664224 0.5617845 0.5977974 0.6540631 0.7513288 0.4143970 0.9590339 0.7997006 0.6450856 0.7450838 1.0811726 0.5873480 1.1026163 1.1026163 1.0116905 0.7850941 0.7850941 0.6491119 0.6491119 0.4780837 0.4780837 1.0451655 1.1626751 1.1903657 1.4216824 0.5877517 0.5544672 0.7391357 2.2327217 0.9134580 2.1091016 0.5304855 0.6293465 0.6551621 0.5969879 0.8895937 0.8239996 0.8225314 0.8327500 0.8179763 0.8179358 0.8373366 0.8373179 0.9293367 1.5041286 1.0886945 1.1443003 1.2354209 1.1673304 1.1272668 1.1358930 1.0998793 1.0047254 1.0729590 0.9736655 1.3399851 1.1974449 1.1297077 0.9404054 1.3602451 1.2162336 1.2297287 1.2038876 1.6776755 1.2822267 1.0644209 0.9180196 2.2579963 1.9295913 1.3684001 1.2762784 1.1289405 1.6079690 1.3648737 1.8611287 1.7110033 1.9711314 1.3194795 1.3766372 1.3731811 1.3708871 0.9349995 1.1102416 2.2796437 1.0032606 1.1379922 1.2547433 0.7180506 0.7643823 0.8462399 0.8920607 0.6865112 0.8462246 1.6274080 1.7273060 1.3454684 1.1341511 1.0852791 0.9564020 1.1839593 1.5817994 0.9162297 0.8383394 0.7720422 1.2561722 1.2199861 0.8816088 
Xesp_009483-T1                                          1.3023250 1.2325422 0.8019644 0.9400926 0.8978465 1.1664206 1.0352817 0.5351080 0.8082726 0.6060606 0.7338822 0.7270764 0.5543055 0.5555163 0.5321193 0.2891393 0.5391218 0.5484646 0.5153951 0.2839079 0.5910326 0.5613628 0.5660840 0.0000000 0.0213018 0.0241635 0.0207529 0.0848989 0.3361037 0.2288825 0.7675135 0.6893659 0.7394210 0.8265332 0.9722980 0.7876037 0.7271856 0.8052693 0.7542567 0.5014134 0.9928234 0.7050581 0.5879292 0.6475034 1.1557264 0.5654208 1.1596543 1.1596543 1.0030556 0.7264936 0.7264936 0.6458050 0.6458050 0.5230636 0.5230636 0.9591999 1.1980985 1.2051068 1.3516523 0.7390695 0.6785806 0.8733993 1.4536904 1.0942331 0.8857316 0.6535539 0.7957861 0.8198785 0.7745447 0.9445339 0.9249243 0.9221418 0.9907012 0.9190021 0.9185096 0.9201244 0.9207369 1.0336732 1.7613983 1.1762276 1.3337405 1.2343768 1.1948983 1.1574081 1.2490800 1.2305619 1.0853035 1.1512187 1.0613055 1.3862716 1.3673313 1.2057221 1.0037625 1.1020855 1.3148053 1.3920941 1.3666178 1.7291254 1.4341487 1.1816051 0.8946837 2.2845568 1.8787397 1.3815327 1.3450179 1.2669043 1.8864066 1.5466575 1.9573867 1.8359916 2.1410555 1.4019764 1.5754438 1.5595206 1.4641416 1.3294939 1.1675656 1.8251342 0.4636097 0.6624446 0.9856311 0.2286832 0.3307236 0.4673700 1.0893825 0.8607915 0.9510172 1.4763248 1.6662703 1.5340315 1.4154726 1.3064830 1.1870618 1.3230503 1.6383628 1.2007121 0.7816416 0.8938790 0.8417246 1.3879605 1.1980240 
Xesp_028563-T1                                          0.0000010 2.4308450 0.5906291 0.8636277 0.9287671 0.0000010 1.0293992 0.0000010 0.0000010 0.0000010 0.5994110 0.5961372 0.5294884 0.5224285 0.4610602 0.0000010 0.5007550 0.5368737 0.4986835 0.0000010 0.6039860 0.5307389 0.4654010 0.0213018 0.0000000 0.0118143 0.0139817 0.1151381 0.1324121 0.1525252 0.9276988 0.7219241 0.0000010 0.9485475 1.2792576 0.0000010 1.1493121 1.0483972 0.0000010 0.0000010 0.0000010 0.0000010 0.0000010 0.0000010 1.1071113 0.0000010 1.1504771 1.1504771 0.0000010 0.0000010 0.0000010 0.0000010 0.0000010 0.0000010 0.0000010 0.0000010 1.2227750 7.0748784 0.7404996 0.7965683 0.7292025 0.9431433 5.4435970 1.1795388 5.4435970 0.0000010 0.7525689 0.0000010 0.7711751 0.6596844 0.7899527 0.8181324 0.8295347 0.8285554 0.8249602 0.7951354 0.7951354 1.2318363 1.6379863 0.6779840 1.0755276 1.3382670 1.4403477 1.4000695 1.4241173 1.4237685 0.0000010 1.1730749 1.2012719 1.5001949 2.4807485 2.0579528 1.1319099 0.0000010 1.1656236 1.1656236 1.1363596 1.5469289 1.1232353 1.3720702 0.0000010 8.9999988 0.0000010 1.3515742 1.2627714 1.3134805 1.1586314 1.1575648 2.0134963 2.0134963 0.0000010 1.8796206 1.7166751 1.7427021 1.7609626 0.0000010 0.9175549 0.0420184 0.1247745 0.0468015 0.2197342 0.1954580 0.1948765 0.1583632 2.2794432 0.6487871 0.6578882 1.2604529 2.3083896 1.3010445 1.3602641 1.3103941 1.0940718 2.2500871 2.5273366 0.0000010 0.0000010 0.0000010 0.7921525 1.2153644 1.2012939 
Xesp_028560-T1                                          0.0000010 3.4364907 0.8019335 0.8858554 0.8575536 0.0000010 0.9725818 0.0000010 0.0000010 0.0000010 0.6457322 0.6170577 0.5334459 0.4988934 0.4506512 0.0000010 0.5234163 0.5713121 0.5234163 0.0000010 0.5278780 0.5042868 0.4661024 0.0241635 0.0118143 0.0000000 0.0237739 0.0489923 0.0000010 0.1110598 1.1996081 0.7762802 0.0000010 1.1719788 1.3787766 0.0000010 2.5022388 1.0448959 0.0000010 0.0000010 0.0000010 0.0000010 0.0000010 0.0000010 1.2741873 0.0000010 1.5205381 1.5205381 0.0000010 0.0000010 0.0000010 0.0000010 0.0000010 0.0000010 0.0000010 0.0000010 1.2947011 0.0000010 0.0000010 0.7838785 0.8288526 0.9158037 0.0000010 1.2344519 0.0000010 0.0000010 0.8456247 0.0000010 0.8084233 0.0000010 0.9180939 0.9548476 0.9381924 0.9980882 0.9980882 0.9309201 0.9309201 1.3008592 0.0000010 0.0000010 1.2207236 0.9747207 1.3391533 1.2856889 1.4597598 1.5507764 0.0000010 1.0194526 0.9906966 1.8017560 0.0000010 2.6015659 1.0951142 0.0000010 1.0162523 1.0162523 0.9464878 1.4102906 1.0921848 1.2415068 0.0000010 8.9999988 0.0000010 1.3556824 1.2325560 1.2414543 1.2280703 1.0794866 0.0000010 0.0000010 0.0000010 1.9452356 1.6508402 1.7114737 2.1136246 0.0000010 0.9871054 0.1112657 1.2868114 0.1112657 0.3941917 0.1986453 0.3289664 0.3903787 3.3835213 0.6468980 0.6243360 0.0000010 3.3105223 1.1054622 1.1929375 0.7555765 1.1180514 2.2500871 2.3327972 0.0000010 0.0000010 0.0000010 0.7921525 1.2691898 1.1065604 
Xesp_022641-T1                                          0.0000010 2.2234452 0.5503721 0.8445664 0.9287671 0.0000010 1.0293992 0.0000010 0.0000010 0.0000010 0.5841804 0.5809488 0.5220968 0.5150631 0.4542925 0.0000010 0.4934900 0.5293277 0.4913298 0.0000010 0.5884511 0.5164663 0.4586340 0.0207529 0.0139817 0.0237739 0.0000000 0.1123806 0.1324121 0.1495973 0.9039115 0.7121586 0.0000010 0.9247416 1.2519875 0.0000010 1.0836373 1.0440063 0.0000010 0.0000010 0.0000010 0.0000010 0.0000010 0.0000010 1.0924550 0.0000010 1.0774257 1.0774257 0.0000010 0.0000010 0.0000010 0.0000010 0.0000010 0.0000010 0.0000010 0.0000010 1.2066171 7.0748784 0.7404996 0.7860698 0.7189360 0.9304209 5.4435970 1.1633533 5.4435970 0.0000010 0.7422923 0.0000010 0.7608458 0.6596844 0.7945286 0.8227428 0.8341464 0.8331667 0.8295596 0.7997140 0.7997140 1.2154789 1.6379863 0.6779840 1.0612245 1.2948570 1.4103569 1.3714397 1.3951083 1.3951063 0.0000010 1.1572506 1.1853545 1.4685335 2.4807485 2.0498600 1.1172945 0.0000010 1.1499034 1.1499034 1.1210834 1.5255947 1.1082964 1.3787594 0.0000010 8.9999988 0.0000010 1.3336940 1.2443389 1.3134805 1.1017618 1.1387685 2.0134963 2.0134963 0.0000010 1.8897298 1.7252244 1.7189748 1.7233281 0.0000010 0.9052657 0.0754551 0.0830198 0.0444367 0.1859938 0.2278115 0.1703843 0.1280258 2.2794432 0.6397567 0.6485885 1.2604529 2.3225929 1.2825345 1.3409034 1.2812302 1.0798214 2.2500871 2.5222847 0.0000010 0.0000010 0.0000010 0.7921525 1.1990629 1.2012939 
