91
Lcom_lcpid45455                                               0.0000000 0.2510339 0.8369625 0.8369625 0.9525773 0.9011371 1.3535584 1.2320687 1.4241652 1.3807965 1.3889316 1.4050027 1.3619718 1.2804646 0.9999182 0.9447623 1.2006196 1.2057799 1.2780211 1.5340575 1.2329898 1.1084834 1.0272827 1.1924527 1.7226676 1.3701053 1.3365301 1.3616455 1.5102267 1.4945609 1.4875471 1.7903308 1.4967699 1.5840976 1.5840976 1.1619955 1.4556309 1.6058393 6.2044097 1.9343980 1.3330268 1.3774750 1.3578798 1.6221832 1.6663231 1.7240174 1.9422940 2.4464901 1.7276952 1.5619386 2.0495170 1.4544547 1.5280497 1.5633866 1.2097368 1.7276749 1.8548962 1.6409578 1.3228091 1.3902764 1.4706965 1.6057375 1.3666034 1.8254016 1.8230653 1.5279404 2.0559563 2.0559563 1.5425446 1.9191618 1.5428633 1.7062223 1.7509315 2.0321083 1.5096661 1.6198581 1.8337495 1.8095016 1.9350070 2.3019796 2.2493429 1.9762808 1.8902065 1.9784592 1.9797194 2.3842812 1.6800142 2.3934265 2.3389646 3.1489727 3.6551095 
Lcom_lcpid50670                                               0.2510339 0.0000000 1.7001496 1.7001496 1.9333457 1.8741804 3.2752284 3.0013721 2.5705753 2.4846347 2.6075670 2.2916549 3.5205859 2.5369132 1.8582536 4.0229147 2.3988714 2.4989482 2.6618293 2.3781231 2.6463812 2.5794353 2.2514969 2.3590681 3.0683371 2.4657680 2.4860527 2.6263975 2.6470684 2.8697737 3.2619429 2.4052785 3.4517541 3.5266180 3.5266180 2.9431662 2.9164212 3.3211245 6.2577547 5.8282027 3.0232386 3.1590561 2.9806401 3.3288324 3.8765516 3.8339350 4.4733899 3.8650953 3.7241513 3.1524493 5.3039597 3.2134974 3.8485739 4.1608150 4.5856416 5.8237314 4.3480366 4.0860160 3.0427539 2.7645152 2.5359896 5.3045812 2.9109143 2.9901005 6.1531283 2.6922326 3.6195203 3.6195203 3.5233686 6.0937728 3.3719403 3.1239984 4.1602124 7.2829467 2.9190172 2.5728628 2.8926059 3.0196432 2.9180162 3.5579926 4.3652893 3.1187820 3.2145255 3.0749108 3.0807409 2.8713634 2.8274340 2.3934265 2.3389646 3.7422080 8.9856121 
Gracom_Gcom_scaffold11289_01                                  0.8369625 1.7001496 0.0000000 0.0000010 0.7394408 0.7227563 1.4482373 1.4930974 1.3092828 1.2940985 1.2940985 1.4421157 1.6142186 1.4283456 1.0620775 1.0267379 1.2902478 1.2816413 1.4140687 1.5683514 1.3266657 1.3452791 1.3419354 1.3726468 1.7239277 1.6618912 1.5965467 1.4589505 1.5290196 1.7740384 1.7728108 2.1223311 1.5766812 1.5956586 1.5956586 1.1837766 1.6270935 1.7862358 5.8076142 1.9537085 1.5843390 1.6491677 1.5947908 1.6205614 1.7178898 1.7655180 1.7271803 2.4400688 1.7637305 1.4842162 1.7849380 1.6192191 1.5246433 1.4076809 1.1141279 1.4772599 1.6741627 1.4273019 1.6803195 1.5566484 1.7628483 1.9136643 1.5106061 1.8875552 1.7664353 1.7012129 2.0402553 2.0402553 1.5302307 1.9405347 1.6690121 1.5924845 1.8385204 2.1633954 1.6678125 1.9537176 2.0436921 1.9166527 2.0964932 2.5986236 2.0211857 2.0333465 1.8750752 2.1635555 2.1652061 2.3881228 2.1189486 3.3330570 3.3178601 3.1621802 3.7538725 
Gracom_Gcom_scaffold11290_01                                  0.8369625 1.7001496 0.0000010 0.0000000 0.7394408 0.7227563 1.4482373 1.4930974 1.3092828 1.2940985 1.2940985 1.4421157 1.6142186 1.4283456 1.0620775 1.0267379 1.2902478 1.2816413 1.4140687 1.5683514 1.3266657 1.3452791 1.3419354 1.3726468 1.7239277 1.6618912 1.5965467 1.4589505 1.5290196 1.7740384 1.7728108 2.1223311 1.5766812 1.5956586 1.5956586 1.1837766 1.6270935 1.7862358 5.8076142 1.9537085 1.5843390 1.6491677 1.5947908 1.6205614 1.7178898 1.7655180 1.7271803 2.4400688 1.7637305 1.4842162 1.7849380 1.6192191 1.5246433 1.4076809 1.1141279 1.4772599 1.6741627 1.4273019 1.6803195 1.5566484 1.7628483 1.9136643 1.5106061 1.8875552 1.7664353 1.7012129 2.0402553 2.0402553 1.5302307 1.9405347 1.6690121 1.5924845 1.8385204 2.1633954 1.6678125 1.9537176 2.0436921 1.9166527 2.0964932 2.5986236 2.0211857 2.0333465 1.8750752 2.1635555 2.1652061 2.3881228 2.1189486 3.3330570 3.3178601 3.1621802 3.7538725 
Scil_scict016624.3                                            0.9525773 1.9333457 0.7394408 0.7394408 0.0000000 0.8586219 1.2472868 1.1864616 1.2355184 1.1418475 1.1618236 1.1552065 1.1349738 1.2718869 0.9286544 0.9852494 1.2268888 1.2533274 1.3873687 1.5323493 1.2994417 1.2474695 1.2674584 1.2263595 1.5600897 1.3773341 1.4380332 1.3810888 1.4049327 1.5388343 1.5484601 1.9518112 1.4742591 1.6547828 1.6547828 1.2113951 1.6243461 1.7767436 5.7259427 1.9356495 1.5362143 1.6341632 1.5899598 1.6932508 1.6943688 1.7480652 1.8521476 2.2364946 1.6886201 1.4052023 2.0156685 1.4342931 1.6022927 1.5280291 1.1707004 1.7126032 1.6029085 1.7034402 1.3543031 1.3478167 1.5791474 1.5856200 1.2982374 1.7488395 1.5698113 1.5867928 1.8881456 1.8881456 1.4151674 1.9391370 1.5297416 1.5446312 1.7701077 2.1394169 1.4340817 1.6982870 1.8711175 1.7695950 1.9828708 2.3941523 1.8400883 1.8634402 1.6734230 2.0264147 2.0278222 2.4741719 1.7903963 3.0118894 2.5495832 3.0262955 3.5156072 
Leuniv_Lniv_C810680_01                                        0.9011371 1.8741804 0.7227563 0.7227563 0.8586219 0.0000000 1.6863363 1.6190782 1.5463720 1.6935228 1.6616806 1.7003614 1.6199844 1.4327403 1.1576575 1.0674161 1.4254393 1.4490106 1.6458561 1.9133419 1.4824143 1.3888475 1.3096170 1.4967081 1.9655776 1.5423834 1.5414284 1.6119008 1.7135187 1.6870514 1.8125550 1.9881065 1.5548153 1.5815802 1.5815802 1.2761076 1.6770802 1.6634880 6.7243887 1.9648831 1.5067542 1.6302455 1.5730129 1.5805296 1.6798326 1.8458826 1.9036396 2.2987906 1.7006142 1.5147473 2.0480150 1.5672315 1.6538337 1.6750920 1.1748988 1.5750076 1.6584844 1.6299794 1.7570264 1.6124696 1.9257237 1.7435550 1.4487098 1.7104191 1.6458435 1.4681895 2.0819901 2.0819901 1.5389431 2.0132133 1.5464495 1.6672971 1.7930095 2.1821461 1.7026164 1.9879721 2.1745089 2.0277829 2.4245815 2.9294450 2.0467363 2.1454153 1.8672308 2.1792759 2.1809582 2.8975933 2.2976037 3.1385066 3.5840188 3.4225869 4.8814144 
Aque_Aqu2.1.41633_001                                         1.3535584 3.2752284 1.4482373 1.4482373 1.2472868 1.6863363 0.0000000 0.5005475 0.7291936 0.8243015 0.8243015 0.9767231 0.7125455 1.0045793 1.0854313 0.8657422 1.1325263 1.1308195 1.1933921 1.3371344 1.1074913 1.1037222 1.0623305 1.0888599 1.3017054 1.2497389 1.1038144 1.1472927 1.1120987 1.1381443 1.5753797 1.6561111 1.2170915 1.2563828 1.2767724 0.8890778 1.2126046 1.3333753 8.5475923 1.8553996 1.1625634 1.1052738 1.2699736 1.3194982 1.3527638 1.2566099 1.3111540 1.5596539 1.2456904 1.1186135 1.4038836 1.2198219 1.3968204 1.2398502 0.8539030 1.3721623 1.5611440 1.5427635 1.1885435 1.3337297 1.2936188 1.8150458 1.5696404 1.7577268 1.7518855 1.3556268 1.7999016 1.7999016 1.3055754 1.9894034 1.1977804 1.3696700 1.3845239 1.9753889 1.5171760 1.5118045 1.6816907 1.5044763 1.8293001 2.0026250 1.5298476 1.4932712 1.4468451 1.8198144 1.8040915 1.9786689 1.6673841 2.4443459 2.0177269 2.8613773 2.5070097 
Xestes_snap_masked-XT_scaffold5629-processed-gene-0.20-mRNA-1 1.2320687 3.0013721 1.4930974 1.4930974 1.1864616 1.6190782 0.5005475 0.0000000 0.9001089 0.8657861 0.8750636 1.0582847 1.0803727 1.1265213 1.1038287 1.0737820 1.0277847 0.9921960 1.0283760 1.1577518 1.0331319 1.0845894 1.0515391 1.0603192 1.1403211 1.2331699 1.1653414 1.2285738 1.1566469 1.1501603 1.5673965 1.6780030 1.4406152 1.3841354 1.4416514 1.1357398 1.3822860 1.4548716 8.9999985 2.0931832 1.2301405 1.1778605 1.2820323 1.3358011 1.3298993 1.6115969 1.6025457 1.7743510 1.5890032 1.1959039 1.6636614 1.6884741 1.6704908 1.6052062 1.0153481 1.6360404 1.7670064 1.8850765 1.3185934 1.3465285 1.4897818 1.8294853 1.6712397 1.7771905 1.9730825 1.5969456 1.6307863 1.6307863 1.4161715 2.2110753 1.3275885 1.5575143 1.5883183 1.8340905 1.5564680 1.6859211 1.7632848 1.7077862 1.9437780 1.9847243 1.8349760 1.4071105 1.3317856 1.6068699 1.5935503 2.0352155 1.7217711 2.2688251 2.5880545 2.7952008 2.7556028 
Tetwil_g23156.t1                                              1.4241652 2.5705753 1.3092828 1.3092828 1.2355184 1.5463720 0.7291936 0.9001089 0.0000000 0.6236281 0.6067111 0.6989439 0.9360362 0.9277257 0.9898014 1.0892047 0.9728246 0.9635482 1.0812964 1.1213242 1.1339587 1.0623684 1.0864715 1.1217279 1.1157792 1.2255885 1.2649349 1.2030487 0.9423691 1.1325531 1.5103188 1.5829281 1.5298225 1.3115386 1.3406679 1.2855940 1.5015265 1.5445545 5.4404887 2.1125003 1.1885932 1.2336644 1.3594422 1.2293661 1.5332246 1.6147029 1.6094742 1.4909220 1.4324770 1.2256174 1.5610054 1.5220403 1.5244200 1.4613399 1.2113274 1.6207862 1.4678122 1.6967927 1.0699760 1.5521144 1.2340493 1.6100869 1.5864639 1.5947500 1.9988315 1.5609392 1.5314816 1.5314816 1.3177156 2.2394084 1.3304839 1.4382968 1.5848519 2.1467687 1.4042588 1.5446647 1.5485481 1.5665916 1.5963489 2.1346646 1.7430962 1.3518125 1.3289814 1.6482336 1.6345518 1.7946843 1.7070989 1.7218489 1.7964774 2.4847793 2.5362157 
Spolac_c103980_g2_i1_m.37400c103980-g2                        1.3807965 2.4846347 1.2940985 1.2940985 1.1418475 1.6935228 0.8243015 0.8657861 0.6236281 0.0000000 0.0258487 0.5817429 0.7624648 0.8434355 0.8419097 0.9324483 1.0279517 1.0224012 0.9626982 1.0982574 1.0813207 1.0532766 1.0428902 1.1219691 1.2335763 1.1330091 1.1639556 1.0892702 0.9527174 1.0426419 1.5819153 1.8405644 1.5366878 1.2823876 1.3372146 1.1831244 1.5149019 1.4525945 5.7261999 2.1503212 1.1302749 1.1137496 1.3662467 1.4626493 1.3248303 1.4952358 1.4643784 1.5618712 1.3180104 1.2899112 1.5267908 1.4332998 1.4123379 1.4077552 1.1197715 1.5353220 1.6675938 1.6771500 0.9768127 1.3597222 1.3838139 1.5201375 1.6465059 1.4657707 2.3116350 1.6017471 1.5945865 1.5945865 1.3411518 2.4506809 1.2489866 1.5338438 1.4769445 1.8909924 1.2832410 1.4921105 1.6071651 1.4544437 1.7420574 2.0674105 1.4785534 1.2170927 1.2250488 1.4938243 1.4812591 1.5736962 1.6805749 1.7052537 1.6639157 2.3257299 2.5191036 
Spolac_c103980_g2_i3_m.37401c103980-g2                        1.3889316 2.6075670 1.2940985 1.2940985 1.1618236 1.6616806 0.8243015 0.8750636 0.6067111 0.0258487 0.0000000 0.5924473 0.7957993 0.8574569 0.8419097 0.9431797 1.0132870 1.0080485 0.9626982 1.0982574 1.0391249 1.0375672 1.0729542 1.1285458 1.2014510 1.1390428 1.1668011 1.0733473 0.9684621 1.0494389 1.5532571 1.7910013 1.5459074 1.2823876 1.3372146 1.2099824 1.5470953 1.4525945 6.0745096 2.0667892 1.1391493 1.1186500 1.3760771 1.4143558 1.2790898 1.4881747 1.4759215 1.5618712 1.3531872 1.2931335 1.5267908 1.4249291 1.4123379 1.4077552 1.2335942 1.5101132 1.6675938 1.6494237 0.9709638 1.3644314 1.3945740 1.5201375 1.6195685 1.4657707 2.2419696 1.5845749 1.5945865 1.5945865 1.3585162 2.5160064 1.2281547 1.5272324 1.4857938 1.8870623 1.2857677 1.5025607 1.5794747 1.4597511 1.7517828 2.0858541 1.4824707 1.2365360 1.2475716 1.5174751 1.5046777 1.5736962 1.6827293 1.7052537 1.6639157 2.4386597 2.5191036 
Stycar_maker-SC_scaffold4645-snap-gene-0.12-mRNA-1            1.4050027 2.2916549 1.4421157 1.4421157 1.1552065 1.7003614 0.9767231 1.0582847 0.6989439 0.5817429 0.5924473 0.0000000 0.0410728 0.9305556 0.8836207 1.0282940 0.9409150 0.9601037 1.0068103 1.1214402 0.9403022 1.0021316 1.0382550 1.1083760 1.0769808 1.2351911 1.2368829 1.2347390 1.1002014 1.0682865 1.2234352 1.3500211 1.4789453 1.3300799 1.3667576 1.2258275 1.4450687 1.4701020 6.7745789 2.1807030 1.2428289 1.1694120 1.4462860 1.4133574 1.5618027 1.5374329 1.5079950 1.4521650 1.3952624 1.2525391 1.5333921 1.6906231 1.6314933 1.5784684 1.2248422 1.7732839 1.7210212 1.6729949 1.0674977 1.3425264 1.5230035 1.5484367 1.8795387 1.5398082 2.5418485 1.7025574 1.7489620 1.7489620 1.4498488 2.7013395 1.2746555 1.5317092 1.5924444 1.9650014 1.5224908 1.5861009 1.8114687 1.6718833 1.8871534 2.0836115 1.7058122 1.3752559 1.3069316 1.6675929 1.6537442 1.9955603 1.5981906 1.7496997 1.4451498 2.4979603 3.1155679 
Stycar_maker-SC_scaffold7289-snap-gene-0.33-mRNA-1            1.3619718 3.5205859 1.6142186 1.6142186 1.1349738 1.6199844 0.7125455 1.0803727 0.9360362 0.7624648 0.7957993 0.0410728 0.0000000 0.7479081 0.9060096 1.2650780 1.0678453 1.0449586 1.0236884 1.4025563 1.1172231 1.1691350 1.1300869 1.0098904 1.2151184 1.4257948 1.3623297 1.3206290 1.0989300 0.9644827 1.3774930 1.9496492 1.6025928 1.2119994 1.3320149 1.8336373 1.4147563 1.0173483 1.7404467 1.6348200 1.1576473 0.9253514 1.2412724 1.4963341 1.7230235 1.9682854 1.7473133 1.5607949 1.6892723 1.3631444 1.7039793 2.0788094 2.0513443 1.9125924 1.4648092 2.2015522 1.5809976 1.7261209 1.1343933 1.5260881 1.9727734 1.1408515 2.1822175 1.1408515 2.7321995 2.3908299 2.5469773 2.5469773 1.8904477 2.9413731 1.5355502 1.7440919 1.7218193 1.1189658 1.9785068 2.2303939 2.0371317 1.6831386 1.6923428 2.1344067 1.9726349 1.3597262 1.3597262 1.9316303 1.9316303 2.2242598 1.9526137 0.0000010 0.0000010 2.9227853 0.9226699 
Plajan_Pjan_C545335_01                                        1.2804646 2.5369132 1.4283456 1.4283456 1.2718869 1.4327403 1.0045793 1.1265213 0.9277257 0.8434355 0.8574569 0.9305556 0.7479081 0.0000000 0.8908705 0.7920766 1.0548401 1.0634716 1.1500089 1.2906074 1.1333426 1.1059287 0.9753105 1.2008172 1.4266589 1.1086905 1.1706308 1.1308765 0.9573368 0.9979920 1.3318664 1.5016529 1.1308774 1.2411533 1.2411533 0.9183292 1.2356566 1.2268333 4.8499370 1.8441553 1.1208738 1.0841699 1.1520033 1.2179294 1.2825121 1.2659195 1.3401028 1.4573707 1.1126621 1.0972860 1.4484599 1.1800682 1.4694443 1.2781319 1.0733798 1.3411768 1.5847016 1.5596689 1.0063360 1.2940811 1.1246678 1.3546080 1.3268943 1.4075856 1.7936834 1.3302302 1.6873568 1.6873568 1.2552859 2.1043294 1.2348269 1.3602781 1.2994489 1.6474754 1.2792000 1.2946137 1.6641739 1.5093597 1.8458087 1.9668812 1.4518548 1.6799582 1.3806348 1.8063050 1.7909208 2.1075820 1.6861568 2.3236029 1.8723634 2.4111666 2.9732094 
Clacor_Ccor_C530521_01                                        0.9999182 1.8582536 1.0620775 1.0620775 0.9286544 1.1576575 1.0854313 1.1038287 0.9898014 0.8419097 0.8419097 0.8836207 0.9060096 0.8908705 0.0000000 0.8639540 0.8738820 0.9290780 0.9444549 1.0474932 0.9554062 0.9669301 0.8438200 1.0879100 1.2476031 1.1654732 1.1243981 1.1780814 1.0225180 1.1779558 1.1561511 1.2822624 1.3004462 1.3048619 1.3030738 1.0166712 1.5520452 1.4834353 6.0993423 1.9507871 1.2002960 1.1057218 1.4196354 1.3780738 1.3219191 1.2601144 1.4447889 1.5421575 1.1777685 1.1923727 1.4206094 1.2179577 1.2236437 1.1640263 1.0610330 1.3404674 1.3793327 1.6494139 0.9236721 1.1226392 1.1970354 1.4530379 1.4333239 1.6246879 1.7996320 1.3284566 1.6347442 1.6347442 1.1809403 2.1929400 1.2263695 1.1643898 1.3408892 1.9551761 1.3180022 1.2908009 1.6572141 1.4721528 1.3911371 1.8500216 1.3116458 1.5869583 1.3858930 1.7481336 1.7210854 1.9627406 1.2232976 1.7859701 1.6115411 2.3633170 2.5463553 
Morvir_scaffold266.g1.t1                                      0.9447623 4.0229147 1.0267379 1.0267379 0.9852494 1.0674161 0.8657422 1.0737820 1.0892047 0.9324483 0.9431797 1.0282940 1.2650780 0.7920766 0.8639540 0.0000000 0.5750846 0.5664952 0.6014801 0.7246604 0.5356398 0.7226423 0.7486613 0.8025934 0.9904730 0.7042541 0.7181446 0.6167027 0.8099035 0.7554188 0.7928974 1.2913838 1.0114573 0.7329604 0.7789227 0.8646184 0.8361091 0.6820181 0.9465659 1.0447019 0.9117307 0.7791321 0.8483416 0.7483247 1.1805912 1.5416350 1.4520092 1.6047233 1.3018113 1.1753366 1.2578673 1.5418838 1.4830598 1.3724041 1.3979572 1.5604893 1.2651954 1.2071453 1.1037584 1.3305485 1.1637727 0.9918779 1.3144364 0.9918779 2.0200534 1.4234190 2.1188876 2.1188876 1.4202900 2.7292048 1.4173182 1.6218851 1.2291673 0.6373728 1.0901810 1.2766793 1.2410269 1.3058986 1.4693331 1.7937414 1.5332229 1.0526261 1.0526261 1.3695538 1.3695538 1.4659609 1.3602341 0.0000010 0.0000010 2.9521931 0.9435393 
Spis_XP_022780732_1                                           1.2006196 2.3988714 1.2902478 1.2902478 1.2268888 1.4254393 1.1325263 1.0277847 0.9728246 1.0279517 1.0132870 0.9409150 1.0678453 1.0548401 0.8738820 0.5750846 0.0000000 0.0853607 0.1974693 0.2615178 0.2098273 0.5800140 0.5578864 0.8279944 1.1206274 0.9092221 0.8661189 0.7147580 0.9364553 0.8239881 0.6244755 0.8480780 1.1725033 1.1285882 1.2281872 0.9076344 1.2634749 1.2038378 6.2983227 1.7676881 1.0610122 1.0130396 1.1785216 1.0284021 1.0831024 1.4901407 1.5737346 1.5267598 1.2610697 1.2849699 1.5201307 1.4494478 1.5205212 1.4582572 1.2861298 1.6084663 1.6009792 1.7183407 1.1189614 1.3298421 1.0869037 1.0802479 1.4178493 1.2714367 2.0653023 1.2226180 1.7360581 1.7360581 1.4519145 2.4092968 1.3829957 1.4993989 1.3799666 1.5804445 1.1792949 1.3352913 1.5023208 1.2778174 1.3973442 1.9708881 1.5822682 1.3385069 1.1671620 1.5399740 1.5163286 1.9085729 1.6681434 1.2318068 1.4050441 2.2891174 2.6210529 
Pocdam_XM_027198567.1                                         1.2057799 2.4989482 1.2816413 1.2816413 1.2533274 1.4490106 1.1308195 0.9921960 0.9635482 1.0224012 1.0080485 0.9601037 1.0449586 1.0634716 0.9290780 0.5664952 0.0853607 0.0000000 0.1673371 0.2621793 0.1951975 0.6005171 0.5836734 0.7735400 1.0847835 0.9522135 0.8668863 0.8175808 0.9154776 0.8354846 0.6360860 0.8329493 1.1676031 1.1470371 1.2185670 0.9325195 1.2453924 1.2105101 6.3610244 1.8041302 1.0609754 1.0365709 1.1794143 1.0538241 1.1034058 1.5246790 1.6115974 1.6404938 1.3322516 1.2817446 1.5298989 1.4049792 1.5474060 1.4821362 1.2799441 1.5859376 1.5868350 1.6333888 1.1182806 1.3370888 1.1180761 1.1903741 1.4019435 1.2486201 2.0348712 1.3491278 1.8352573 1.8352573 1.4869191 2.3541719 1.4188937 1.4924656 1.3476596 1.5111772 1.1867465 1.3594022 1.4370882 1.3113038 1.4673196 2.0291875 1.5688186 1.3640861 1.1805179 1.5806409 1.5562783 1.9701172 1.6998056 1.1393525 1.3958989 2.2786500 2.6499787 
Fspp_ffun1.m4.19834.m1                                        1.2780211 2.6618293 1.4140687 1.4140687 1.3873687 1.6458561 1.1933921 1.0283760 1.0812964 0.9626982 0.9626982 1.0068103 1.0236884 1.1500089 0.9444549 0.6014801 0.1974693 0.1673371 0.0000000 0.2248098 0.1486817 0.5575136 0.5300254 0.8102161 1.1731063 1.0256041 0.9383826 0.9614828 0.9854394 0.9275921 0.6468858 0.8864930 1.2281362 1.3033530 1.3443700 0.8678835 1.4240841 1.3323298 8.9999986 1.9823562 1.2061530 1.1602489 1.2902728 1.2129290 1.2284589 1.4311289 1.5701427 1.6932070 1.3240745 1.3245416 1.5127589 1.4498866 1.4550022 1.4760162 1.2637911 1.6353589 1.5437392 1.8003803 1.1251744 1.3306639 1.1737403 1.1903165 1.3612838 1.4808232 1.8793030 1.3647608 1.8389258 1.8389258 1.4688773 2.2942272 1.5594052 1.4549579 1.4581885 1.5655523 1.1881953 1.3967075 1.5556403 1.3002578 1.5264148 2.1145278 1.5592419 1.5256812 1.2946254 1.6352373 1.6099966 1.9827540 1.5202453 1.5139596 1.5228125 2.3370177 2.7199525 
Gfas_gfas1.m1.23435.m1                                        1.5340575 2.3781231 1.5683514 1.5683514 1.5323493 1.9133419 1.3371344 1.1577518 1.1213242 1.0982574 1.0982574 1.1214402 1.4025563 1.2906074 1.0474932 0.7246604 0.2615178 0.2621793 0.2248098 0.0000000 0.2970522 0.7037087 0.7191010 0.8997887 1.0446132 0.9180275 0.9357546 1.0726593 0.9849804 0.9540321 0.6985935 1.1232836 1.3576240 1.3972446 1.3972446 0.9458898 1.5532593 1.3578367 8.5269961 2.2653558 1.3877480 1.3877480 1.3752644 1.3345831 1.3707812 1.6252775 1.7916883 1.2881596 1.3744180 1.3956326 1.6702655 1.5116587 1.5192053 1.4898866 2.0872999 1.8058093 1.7383886 2.0632683 1.2572972 1.6476174 1.1044444 1.2065373 1.3528471 1.2946759 2.7885015 1.1150014 1.6050881 1.6050881 1.4573828 5.0416836 1.2629938 1.3769867 1.3935171 2.0354867 1.3167210 1.4654720 1.5921411 1.3779931 1.6328008 2.3936741 1.5477537 1.6550190 1.4311886 1.9940384 1.9573530 1.8598583 1.6671796 1.4622122 1.3826231 1.9838488 2.7477213 
Gasp_gasp1.m3.2670.m1                                         1.2329898 2.6463812 1.3266657 1.3266657 1.2994417 1.4824143 1.1074913 1.0331319 1.1339587 1.0813207 1.0391249 0.9403022 1.1172231 1.1333426 0.9554062 0.5356398 0.2098273 0.1951975 0.1486817 0.2970522 0.0000000 0.6326628 0.5917762 0.8296661 1.1330311 0.9204799 0.8803409 0.8613424 0.9338522 0.8279243 0.7285428 0.8779128 1.1449711 1.1718146 1.2082708 0.8983066 1.2878147 1.2558382 8.9999987 1.8922985 1.0940623 1.0454885 1.2440628 1.1245071 1.1565079 1.4817010 1.5715790 1.6403222 1.3231876 1.2389660 1.4870481 1.4269438 1.4730133 1.4770959 1.3034073 1.5367451 1.5249374 1.6856308 1.0884176 1.3269237 1.0760057 1.3115961 1.4300941 1.4538605 1.9693388 1.2684246 1.8131475 1.8131475 1.4248172 2.2085356 1.3760474 1.5559543 1.4128158 1.5526768 1.1410212 1.3847174 1.4922773 1.2789545 1.5394128 1.9816030 1.4444378 1.4380946 1.2468919 1.6074258 1.5826469 2.0264817 1.6629289 1.2915654 1.3287152 2.2730613 2.6928217 
Exapal_XM_021047041.2                                         1.1084834 2.5794353 1.3452791 1.3452791 1.2474695 1.3888475 1.1037222 1.0845894 1.0623684 1.0532766 1.0375672 1.0021316 1.1691350 1.1059287 0.9669301 0.7226423 0.5800140 0.6005171 0.5575136 0.7037087 0.6326628 0.0000000 0.4852663 0.7978783 1.0096436 0.8976886 0.8961438 0.8769954 0.8966753 0.8642168 1.0372197 1.2167452 1.2502661 1.1801129 1.2661697 0.9872874 1.3003889 1.2657798 6.8565605 1.8202274 1.0709849 1.0710075 1.1441582 1.1088552 1.1242163 1.3334620 1.5138283 1.5395363 1.1730033 1.1921373 1.4877627 1.3708897 1.2284136 1.2976136 1.0871720 1.4919670 1.4448213 1.4961497 1.1102660 1.2907822 1.1112551 1.1612351 1.1730189 1.1463696 1.6507789 1.2418754 1.6542676 1.6542676 1.3046258 2.1935807 1.2607615 1.5127481 1.3655337 1.5888823 1.1156752 1.2778202 1.5499343 1.2250286 1.5502217 1.8296306 1.4304235 1.4073186 1.3941708 1.5559981 1.5429399 1.8717645 1.4713583 1.1247081 1.1632955 2.0966109 2.7360692 
Nvec_v1g124028                                                1.0272827 2.2514969 1.3419354 1.3419354 1.2674584 1.3096170 1.0623305 1.0515391 1.0864715 1.0428902 1.0729542 1.0382550 1.1300869 0.9753105 0.8438200 0.7486613 0.5578864 0.5836734 0.5300254 0.7191010 0.5917762 0.4852663 0.0000000 0.7765562 1.0728186 0.8490523 0.8001510 0.8346997 0.8453619 0.7432135 1.0196417 1.2496585 1.2918014 1.0926313 1.1285612 0.9045574 1.2692500 1.2245959 8.4716732 2.0401802 1.0258847 1.0147671 1.0395806 1.1378068 1.1360479 1.4380697 1.5556148 1.5580902 1.1962997 1.1650415 1.4089315 1.3147566 1.4127126 1.3250973 1.1129910 1.4589075 1.5549011 1.5534014 1.0222585 1.0830035 1.0589539 1.3488107 1.4581900 1.4295687 2.0038102 1.2372302 1.6394198 1.6394198 1.2560481 2.2997725 1.2436206 1.4206780 1.3293307 1.4730561 1.1470773 1.2734665 1.5321127 1.5708954 1.5737326 1.8913925 1.5223304 1.4624247 1.3283174 1.6955725 1.6814197 1.9289643 1.5115500 1.2414806 1.2396702 2.2980825 3.0468361 
Dgig_XM_028553386.1                                           1.1924527 2.3590681 1.3726468 1.3726468 1.2263595 1.4967081 1.0888599 1.0603192 1.1217279 1.1219691 1.1285458 1.1083760 1.0098904 1.2008172 1.0879100 0.8025934 0.8279944 0.7735400 0.8102161 0.8997887 0.8296661 0.7978783 0.7765562 0.0000000 0.5327652 0.9941429 0.9099129 1.0406260 1.0783615 0.8876393 1.2198959 1.2875056 1.1912477 1.2263323 1.2681454 0.8956487 1.2354878 1.2251771 5.5431791 1.8442098 1.0331194 0.9765312 1.1365741 1.1287955 1.1947555 1.1925072 1.3761507 1.4252256 1.0525493 1.1529306 1.4182900 1.3355978 1.3995561 1.3597329 1.2571047 1.3513058 1.6849971 1.4777878 1.2300835 1.3514782 1.1759064 1.7114088 1.3561331 1.3917162 1.8137956 1.2611997 1.8076842 1.8076842 1.2960656 2.1437442 1.3168229 1.2884065 1.2543869 1.7892409 1.3911299 1.5436595 1.4104863 1.4844756 1.5590185 2.0925644 1.4160272 1.4536701 1.2423726 1.6738493 1.6599118 1.9785589 1.6869991 1.6354319 1.4327812 2.2893322 3.2370883 
Xesp_008402-T1                                                1.7226676 3.0683371 1.7239277 1.7239277 1.5600897 1.9655776 1.3017054 1.1403211 1.1157792 1.2335763 1.2014510 1.0769808 1.2151184 1.4266589 1.2476031 0.9904730 1.1206274 1.0847835 1.1731063 1.0446132 1.1330311 1.0096436 1.0728186 0.5327652 0.0000000 1.1399276 1.0618731 1.1858070 1.2707050 1.0330744 1.4234511 1.6391041 1.3524251 1.3683176 1.3683176 1.1323774 1.4547179 1.3305294 6.1054886 2.1795040 1.3104153 1.3092410 1.3106511 1.3520096 1.3251311 1.5345250 1.7521574 1.8334659 1.5511336 1.4445944 1.6419395 1.7758740 1.9093318 1.6904637 1.8786659 1.8575833 1.9512674 1.9797364 1.6166832 1.2751102 1.2865503 1.6759454 1.6479077 1.6066483 2.5442140 1.5326596 1.8957717 1.8957717 1.6942477 3.6747392 1.6485913 1.6402560 1.5277130 2.1547471 1.5528684 1.7041520 1.6296597 1.4915174 1.7216373 2.6397087 1.9087963 1.6267847 1.5143108 1.8389803 1.8226653 2.0387405 1.8778327 1.7855825 1.7341253 2.7653081 3.2090630 
Nemnom_g14116.t1                                              1.3701053 2.4657680 1.6618912 1.6618912 1.3773341 1.5423834 1.2497389 1.2331699 1.2255885 1.1330091 1.1390428 1.2351911 1.4257948 1.1086905 1.1654732 0.7042541 0.9092221 0.9522135 1.0256041 0.9180275 0.9204799 0.8976886 0.8490523 0.9941429 1.1399276 0.0000000 0.2367476 0.5279978 0.7758062 0.9481178 1.4246262 1.5917514 1.1062975 1.1728926 1.2345335 0.9554301 1.2409186 0.9865571 5.7102728 1.8206847 0.9436709 0.8866185 1.0972972 1.0561410 1.2685979 1.6386004 1.6727045 1.6865147 1.3925818 1.1582632 1.5487724 1.2765114 1.6158857 1.5114123 1.2961332 1.6379420 1.4059985 1.6196702 1.1591712 1.3151613 1.2603143 1.6374468 1.4672172 1.7012750 1.8183192 1.3670860 1.7717221 1.7717221 1.3125988 2.3637846 1.3483929 1.4320928 1.3163988 1.2949261 1.4068726 1.4867604 1.5613949 1.5484594 1.6627503 2.2398810 1.4366202 1.6824508 1.5405718 1.6639203 1.6498207 1.8699537 1.7069687 1.2447816 0.7023230 2.5947429 2.8783320 
Rhoesc_Res_002597-T1                                          1.3365301 2.4860527 1.5965467 1.5965467 1.4380332 1.5414284 1.1038144 1.1653414 1.2649349 1.1639556 1.1668011 1.2368829 1.3623297 1.1706308 1.1243981 0.7181446 0.8661189 0.8668863 0.9383826 0.9357546 0.8803409 0.8961438 0.8001510 0.9099129 1.0618731 0.2367476 0.0000000 0.5253653 0.7530690 0.8763801 1.4137177 1.5720690 1.1086585 1.1488745 1.2434743 0.8873440 1.1875626 0.9521549 4.8143745 1.7795741 0.8998961 0.8332634 1.1126106 1.0914142 1.1203704 1.5495834 1.5657751 1.5925957 1.3114251 1.1759616 1.5187063 1.3154198 1.4869300 1.4366418 1.2040911 1.5241992 1.4659060 1.6442278 1.2200512 1.2509794 1.1721398 1.5701108 1.3826876 1.4465102 1.9697781 1.3213122 1.7159938 1.7159938 1.3932223 2.6205470 1.3509713 1.4392203 1.2316340 1.3534076 1.5012308 1.5101726 1.4220165 1.5593468 1.6984275 2.2646407 1.4090892 1.7615874 1.5353480 1.7035977 1.6892699 1.9762894 1.6851340 1.1095838 0.6284628 2.3817454 3.1991314 
Aaur_scaffold92.g2.t1                                         1.3616455 2.6263975 1.4589505 1.4589505 1.3810888 1.6119008 1.1472927 1.2285738 1.2030487 1.0892702 1.0733473 1.2347390 1.3206290 1.1308765 1.1780814 0.6167027 0.7147580 0.8175808 0.9614828 1.0726593 0.8613424 0.8769954 0.8346997 1.0406260 1.1858070 0.5279978 0.5253653 0.0000000 0.9577115 0.9152202 1.3121178 1.3713196 1.1644604 0.9684306 1.0400761 0.8063691 1.1921586 1.0091495 5.7220113 1.7092959 0.8484021 0.8109204 0.9811663 0.9124541 0.9354650 1.5203754 1.6749562 1.6072985 1.2842333 1.1450116 1.5604072 1.4053454 1.5327224 1.5080055 1.0319328 1.5531109 1.4788292 1.5518578 1.4002651 1.2500778 1.2220291 1.4906393 1.5277099 1.7430670 1.7858411 1.5308439 1.8360455 1.8360455 1.3945337 2.2557719 1.4985845 1.5010550 1.3127569 1.3688865 1.3799828 1.5169904 1.5891680 1.5791064 1.5177454 2.2395078 1.5530285 1.7935838 1.5450733 1.7804308 1.7653150 2.2136936 1.5400665 1.5088532 0.8715915 2.7374922 3.1114637 
Hvul_g3743_1                                                  1.5102267 2.6470684 1.5290196 1.5290196 1.4049327 1.7135187 1.1120987 1.1566469 0.9423691 0.9527174 0.9684621 1.1002014 1.0989300 0.9573368 1.0225180 0.8099035 0.9364553 0.9154776 0.9854394 0.9849804 0.9338522 0.8966753 0.8453619 1.0783615 1.2707050 0.7758062 0.7530690 0.9577115 0.0000000 0.7446960 1.1935778 1.2204926 1.3216465 1.1751588 1.2162192 0.9766814 1.3012683 1.2118588 5.8285695 2.0742363 1.2629087 1.2205258 1.2225123 1.2542126 1.3086946 1.6091224 1.6541371 1.8067833 1.5140257 1.1589135 1.6576786 1.3118214 1.4449009 1.4366336 1.2060920 1.6442966 1.3827312 1.6019384 1.1792478 1.3638038 1.0825555 1.7517439 1.6185911 1.5308883 2.3986162 1.3909053 1.7612636 1.7612636 1.4178660 2.7353673 1.2752234 1.4599632 1.3179009 1.7316532 1.2706225 1.4481407 1.5641952 1.3684255 1.6264124 1.5999752 1.5412399 1.4672800 1.3509815 1.4936914 1.4806127 1.5785209 1.4884808 1.2805043 1.3819571 2.4241110 2.4593348 
Chem_TCONS_00058700                                           1.4945609 2.8697737 1.7740384 1.7740384 1.5388343 1.6870514 1.1381443 1.1501603 1.1325531 1.0426419 1.0494389 1.0682865 0.9644827 0.9979920 1.1779558 0.7554188 0.8239881 0.8354846 0.9275921 0.9540321 0.8279243 0.8642168 0.7432135 0.8876393 1.0330744 0.9481178 0.8763801 0.9152202 0.7446960 0.0000000 1.1153296 1.1335488 1.2853461 1.3098928 1.3098928 0.9629971 1.3371964 1.2481564 4.9159001 1.9222283 1.1510451 1.1685306 1.3060999 1.2247748 1.3083204 1.5764563 1.7925011 1.8524013 1.4924829 1.1817897 1.5498090 1.4642722 1.5832051 1.5348724 1.2478440 1.6159908 1.6149638 1.7654368 1.2401577 1.2834696 1.1355899 1.5625833 1.5793549 1.7504932 2.1106204 1.4890658 1.8818945 1.8818945 1.4336353 2.7471996 1.4438586 1.4088840 1.3266822 1.7808294 1.3022710 1.5128654 1.5950621 1.3854262 1.8505828 1.9871284 1.5611629 1.3276677 1.2442398 1.6348400 1.6207532 2.1031200 1.5249586 1.3820611 1.1483810 2.6365057 2.7467618 
Amil_Amillepora00977-RA                                       1.4875471 3.2619429 1.7728108 1.7728108 1.5484601 1.8125550 1.5753797 1.5673965 1.5103188 1.5819153 1.5532571 1.2234352 1.3774930 1.3318664 1.1561511 0.7928974 0.6244755 0.6360860 0.6468858 0.6985935 0.7285428 1.0372197 1.0196417 1.2198959 1.4234511 1.4246262 1.4137177 1.3121178 1.1935778 1.1153296 0.0000000 0.1198395 1.3962350 1.5459493 1.6108327 1.2121450 1.5962404 1.4523302 7.0650321 2.1694139 1.4175432 1.3661982 1.4497061 1.3991228 1.4254728 1.7885732 1.8691888 1.9970652 1.7063956 1.7556392 2.0044929 1.7077500 1.7772231 1.7968655 1.8761089 1.9593329 1.9874398 1.8788419 1.4976333 1.3010885 1.4974788 1.3178089 1.7969015 1.6598668 2.2387629 1.6118628 2.4356169 2.4356169 1.9787762 2.7432794 1.7018484 2.2479809 1.5527913 2.1497505 1.3477207 1.6895990 1.7224313 1.6558891 1.6096901 2.1267173 1.8892712 1.6950178 1.5165879 1.8378375 1.8219947 2.4300817 1.7863330 2.0258664 1.6697153 2.5658244 3.4141627 
Adig_XM_015919181.1                                           1.7903308 2.4052785 2.1223311 2.1223311 1.9518112 1.9881065 1.6561111 1.6780030 1.5829281 1.8405644 1.7910013 1.3500211 1.9496492 1.5016529 1.2822624 1.2913838 0.8480780 0.8329493 0.8864930 1.1232836 0.8779128 1.2167452 1.2496585 1.2875056 1.6391041 1.5917514 1.5720690 1.3713196 1.2204926 1.1335488 0.1198395 0.0000000 1.5535205 1.6830909 1.7809968 1.7032702 1.7133523 1.6633925 3.4709059 1.9986798 1.6650647 1.6156666 1.6273525 1.4970737 1.4706004 2.1225662 2.1513798 2.7646153 2.0490123 1.9575540 2.4248974 2.2010528 2.4833484 2.5389325 1.9263016 2.5443468 2.7708602 2.3196063 1.5198488 1.7496023 1.7000587 8.9999990 2.1568176 3.3134156 2.1522896 2.1645064 3.5563223 3.5563223 2.5175313 2.0437998 2.1427906 2.4443579 2.0763088 2.6178694 1.4052769 1.7526092 1.6693882 1.5860860 1.5373035 2.1950947 2.5886103 1.9352378 1.9352378 2.4199077 2.3857350 3.4048196 2.1113346 0.9052752 0.6438616 3.8335727 8.9999985 
Horcal_Hcv1.av93.c2.g16.i1                                    1.4967699 3.4517541 1.5766812 1.5766812 1.4742591 1.5548153 1.2170915 1.4406152 1.5298225 1.5366878 1.5459074 1.4789453 1.6025928 1.1308774 1.3004462 1.0114573 1.1725033 1.1676031 1.2281362 1.3576240 1.1449711 1.2502661 1.2918014 1.1912477 1.3524251 1.1062975 1.1086585 1.1644604 1.3216465 1.2853461 1.3962350 1.5535205 0.0000000 0.4473018 0.4732030 0.3391132 0.4203877 0.2508135 3.2856086 0.5322106 0.5674306 0.5011688 0.4929715 0.5027147 0.6640465 1.6029130 1.6676148 1.6304619 1.5334203 1.2366316 1.4469918 1.5959212 1.5928393 1.4870888 1.2504422 1.3848087 1.6417550 1.7528862 1.7562767 1.5563824 1.7191889 1.8763749 1.4215267 1.4488695 2.2766514 1.4820589 1.9314739 1.9314739 1.4845136 2.3877625 1.2744656 1.5287485 1.3247598 1.8681727 1.8608618 2.0035408 1.8651458 1.7333165 2.0293196 2.0769064 1.7816008 1.7014400 1.5729823 1.9880815 1.9697987 2.3962686 2.0754493 2.5044893 2.1706985 2.0991712 2.8628268 
Beraby_Baby_sb331939                                          1.5840976 3.5266180 1.5956586 1.5956586 1.6547828 1.5815802 1.2563828 1.3841354 1.3115386 1.2823876 1.2823876 1.3300799 1.2119994 1.2411533 1.3048619 0.7329604 1.1285882 1.1470371 1.3033530 1.3972446 1.1718146 1.1801129 1.0926313 1.2263323 1.3683176 1.1728926 1.1488745 0.9684306 1.1751588 1.3098928 1.5459493 1.6830909 0.4473018 0.0000000 0.0051046 0.2009223 0.4100433 0.2484795 2.6360669 0.7002586 0.5378428 0.5149036 0.5000720 0.4380886 0.5727033 1.4634693 1.3915296 1.4024316 1.1488741 1.1869502 1.3364694 1.3726961 1.3936074 1.3712148 1.2979206 1.4363582 1.6282250 1.5355163 1.6423801 1.5042686 1.5543961 1.6692798 1.3641761 1.5945059 1.9434542 1.3606229 1.7837205 1.7837205 1.3890163 2.3364320 1.2793099 1.3894784 1.1259308 1.7749018 1.6247567 1.8323120 1.7728268 1.5467128 1.9747997 1.9270958 1.3952140 1.9886493 1.8298754 2.2310575 2.2100948 2.4890253 1.9024892 1.9715529 2.3666094 2.3595184 2.5145197 
Beraby_Baby_sb331940                                          1.5840976 3.5266180 1.5956586 1.5956586 1.6547828 1.5815802 1.2767724 1.4416514 1.3406679 1.3372146 1.3372146 1.3667576 1.3320149 1.2411533 1.3030738 0.7789227 1.2281872 1.2185670 1.3443700 1.3972446 1.2082708 1.2661697 1.1285612 1.2681454 1.3683176 1.2345335 1.2434743 1.0400761 1.2162192 1.3098928 1.6108327 1.7809968 0.4732030 0.0051046 0.0000000 0.2463109 0.4574662 0.2484795 2.6360669 0.7377353 0.5546907 0.5149036 0.5079196 0.4680142 0.6116708 1.5481780 1.4824687 1.4024316 1.2292427 1.2414624 1.4193631 1.4352379 1.4599300 1.4513814 1.2979206 1.5037966 1.6509398 1.6293847 1.7491899 1.5382507 1.6389064 1.6692798 1.4088523 1.5945059 2.0332505 1.4159494 1.8625515 1.8625515 1.4529888 2.5085496 1.3014487 1.4629328 1.1525296 1.8566700 1.6928734 1.9353967 1.8454450 1.5917129 1.9990193 2.0146050 1.4744561 1.9886493 1.8298754 2.2310575 2.2100948 2.4890253 1.9784444 1.9715529 2.3666094 2.3595184 2.5145197 
Drygla_Dgla_sb277764                                          1.1619955 2.9431662 1.1837766 1.1837766 1.2113951 1.2761076 0.8890778 1.1357398 1.2855940 1.1831244 1.2099824 1.2258275 1.8336373 0.9183292 1.0166712 0.8646184 0.9076344 0.9325195 0.8678835 0.9458898 0.8983066 0.9872874 0.9045574 0.8956487 1.1323774 0.9554301 0.8873440 0.8063691 0.9766814 0.9629971 1.2121450 1.7032702 0.3391132 0.2009223 0.2463109 0.0000000 0.3043384 0.0869201 2.6935597 0.3936930 0.5148245 0.3869455 0.4264318 0.4393765 0.5216868 1.1697008 1.1059280 1.1378967 0.9745401 1.1507579 0.9525450 1.2311484 1.2238871 1.1883213 1.4005952 1.2327185 1.1600876 1.3210942 1.2896820 1.4913149 1.2284900 0.7833427 1.1691702 0.9043030 2.2702241 1.2021594 1.5804706 1.5804706 1.2089690 2.7560311 1.0524727 1.3331897 1.1265440 1.4699557 1.2701914 1.5094897 1.2733307 1.2269422 1.4987370 1.6863024 1.2360564 1.3947987 1.3947987 1.6666961 1.6464400 1.8405266 1.3854842 1.0772317 1.0137960 1.9837227 1.6833459 
Mlei_ML0538.g12.i1                                            1.4556309 2.9164212 1.6270935 1.6270935 1.6243461 1.6770802 1.2126046 1.3822860 1.5015265 1.5149019 1.5470953 1.4450687 1.4147563 1.2356566 1.5520452 0.8361091 1.2634749 1.2453924 1.4240841 1.5532593 1.2878147 1.3003889 1.2692500 1.2354878 1.4547179 1.2409186 1.1875626 1.1921586 1.3012683 1.3371964 1.5962404 1.7133523 0.4203877 0.4100433 0.4574662 0.3043384 0.0000000 0.2522391 3.1262987 0.8007347 0.6389592 0.5627836 0.5445224 0.5772740 0.6874969 1.5180190 1.5477815 1.6307931 1.3263619 1.3535260 1.5009783 1.3351640 1.3459620 1.3415353 1.2953040 1.4664824 1.6285125 1.6787478 1.7146197 1.4836845 1.6379075 1.5482465 1.4263281 1.3711084 2.2360374 1.4559063 1.8486842 1.8486842 1.4213166 2.4874640 1.3769690 1.5183475 1.3103875 1.9663162 1.7251850 2.0677710 1.8650110 1.6548675 1.8213829 2.0893017 1.6750202 1.6113574 1.5574241 1.9532085 1.9355585 2.2856429 1.9107583 2.4477668 2.4815907 2.0692811 2.7439313 
Mertsp_Mesp_sb614594                                          1.6058393 3.3211245 1.7862358 1.7862358 1.7767436 1.6634880 1.3333753 1.4548716 1.5445545 1.4525945 1.4525945 1.4701020 1.0173483 1.2268333 1.4834353 0.6820181 1.2038378 1.2105101 1.3323298 1.3578367 1.2558382 1.2657798 1.2245959 1.2251771 1.3305294 0.9865571 0.9521549 1.0091495 1.2118588 1.2481564 1.4523302 1.6633925 0.2508135 0.2484795 0.2484795 0.0869201 0.2522391 0.0000000 2.7522314 0.6493138 0.3936792 0.3936792 0.3473338 0.3796003 0.4554260 1.5586686 1.3658777 1.3711243 1.1853404 1.1768617 1.3327978 1.2755399 1.2926866 1.2258396 1.4837800 1.3833790 1.8226914 1.8679437 1.8151298 1.3248831 1.8051280 1.6843078 1.3529325 1.5530545 2.4423701 1.1128336 1.4850868 1.4850868 1.3867681 3.8916123 1.0747760 1.2891464 1.0185289 1.9953439 1.7823343 2.0200047 1.7510503 1.6330643 2.0327556 2.1983596 1.5716990 2.1234569 2.0861300 2.5202145 2.4910127 2.4354157 2.0464809 2.3470539 2.2604984 1.8068743 2.8839537 
Pbac_sb2661138                                                6.2044097 6.2577547 5.8076142 5.8076142 5.7259427 6.7243887 8.5475923 8.9999985 5.4404887 5.7261999 6.0745096 6.7745789 1.7404467 4.8499370 6.0993423 0.9465659 6.2983227 6.3610244 8.9999986 8.5269961 8.9999987 6.8565605 8.4716732 5.5431791 6.1054886 5.7102728 4.8143745 5.7220113 5.8285695 4.9159001 7.0650321 3.4709059 3.2856086 2.6360669 2.6360669 2.6935597 3.1262987 2.7522314 0.0000000 0.0640063 2.4772207 2.6912037 3.1786675 3.9709786 3.5693113 5.8120079 4.3508533 4.5932103 4.0726729 4.9541088 5.1579365 4.5669632 5.0107097 4.5241173 2.1318173 6.3941879 7.0303029 5.5185486 6.6337446 3.7730546 7.6846840 8.9999985 3.5587742 4.9618753 3.3074035 5.5345590 6.9544737 6.9544737 5.0935868 1.4448600 5.1859419 7.1726401 4.8783152 8.9999985 7.2831376 8.9681938 4.7860938 5.3644052 5.7373121 5.6018368 4.4752607 7.3186557 6.0197530 6.4438489 6.4438489 8.9999985 8.3348472 5.9569371 8.0182854 4.7066802 8.9999985 
Pbac_sb2648936                                                1.9343980 5.8282027 1.9537085 1.9537085 1.9356495 1.9648831 1.8553996 2.0931832 2.1125003 2.1503212 2.0667892 2.1807030 1.6348200 1.8441553 1.9507871 1.0447019 1.7676881 1.8041302 1.9823562 2.2653558 1.8922985 1.8202274 2.0401802 1.8442098 2.1795040 1.8206847 1.7795741 1.7092959 2.0742363 1.9222283 2.1694139 1.9986798 0.5322106 0.7002586 0.7377353 0.3936930 0.8007347 0.6493138 0.0640063 0.0000000 0.8214622 0.7298254 0.9042212 0.9439535 1.0389263 2.0447208 1.8808198 1.8661932 1.6868002 1.7367124 1.7955464 1.9520333 1.8197950 1.7123090 1.3107591 1.9030218 1.7956506 2.1421414 2.3182010 1.8808587 2.6077139 1.9414032 1.8140502 2.1018948 2.4000907 2.0592534 2.3964879 2.3964879 1.7914737 2.3500474 1.7110546 2.1730346 1.7458272 2.5608894 2.6209039 3.0080682 2.3966384 2.3528513 2.5807107 2.5881442 2.0446013 2.6525509 2.1957646 2.7590526 2.7334881 3.8697941 2.7404242 4.3965061 6.3036873 2.6376772 3.3624928 
Coeast_Cast_sb764937                                          1.3330268 3.0232386 1.5843390 1.5843390 1.5362143 1.5067542 1.1625634 1.2301405 1.1885932 1.1302749 1.1391493 1.2428289 1.1576473 1.1208738 1.2002960 0.9117307 1.0610122 1.0609754 1.2061530 1.3877480 1.0940623 1.0709849 1.0258847 1.0331194 1.3104153 0.9436709 0.8998961 0.8484021 1.2629087 1.1510451 1.4175432 1.6650647 0.5674306 0.5378428 0.5546907 0.5148245 0.6389592 0.3936792 2.4772207 0.8214622 0.0000000 0.0236228 0.5437342 0.5509263 0.6529352 1.4500997 1.2746988 1.2759379 1.0841513 1.1869263 1.4376136 1.1705291 1.1744331 1.1609387 1.0597318 1.3010386 1.3940376 1.4567431 1.3789890 1.4017631 1.3326759 2.0315383 1.2596790 1.5169467 1.8445156 1.2488174 1.6742209 1.6742209 1.2480986 2.2281566 1.2108523 1.2737619 1.0750924 1.4285823 1.4263720 1.5442167 1.4262406 1.5037206 1.6342421 1.7852365 1.3130311 1.7909396 1.6246769 1.8920369 1.8737770 2.2956782 1.5700227 1.8879394 1.6378164 2.1766257 2.2756132 
