82
Aque_Aqu2.1.29131_001                                            0.0000000 0.7731996 1.2952735 2.0524082 2.9503669 4.1376545 2.5935965 2.8273781 2.6911284 2.8931287 3.1803854 2.7409867 2.8856500 3.1207947 1.5756830 2.2886048 2.5588691 2.6162524 3.3795881 3.0026621 2.9599781 2.8056308 3.2170640 2.9772815 3.0097531 4.5550641 2.6908367 3.2384199 3.1369376 3.1051980 3.0197777 2.0472846 1.9716222 2.6156576 3.5960194 3.1524316 3.0791201 2.8194924 2.8238126 3.3081017 3.3316643 3.8140520 3.5425971 4.7709843 3.8072748 3.3604285 3.0064321 3.5465191 5.7258727 2.1485027 3.0931232 3.0725539 3.1019698 3.0892215 3.1413967 3.1358255 3.2706816 3.2144452 3.0558867 3.3930005 3.4587376 3.7005425 4.0350055 2.6836828 2.8280570 3.5505896 3.4139781 3.8522841 2.8770735 4.0886130 4.0663817 4.3203181 3.8603370 4.4404383 4.2184630 3.8791741 4.3692034 4.2952324 4.1724566 3.4875794 3.9338302 2.9679508 
Halamb_c54463_g1_i1m.38351                                       0.7731996 0.0000000 1.1800603 2.5288800 3.1346121 4.4757735 2.5213711 2.7915339 2.6689804 2.8517536 2.9919078 2.7620143 2.8556070 3.0108608 1.7075060 2.0869899 2.0887868 2.7068759 3.3780561 2.7689971 2.9864657 2.7014589 2.9389770 2.9261914 3.0328323 3.9345755 2.7437132 3.1992427 3.1630194 3.0515291 2.7946697 2.0279375 1.9886393 2.2046255 3.5445938 3.1355429 2.9506646 2.6117352 2.6158470 2.9595752 2.9829569 4.0330815 3.1972248 5.5116563 3.6339457 3.0655326 2.7561964 3.1664261 5.7443346 2.2342020 3.1207298 3.1548316 2.9846250 2.9736715 3.0035427 2.9982356 3.2846058 3.4409791 2.9869353 3.2663492 3.3381690 3.7193556 3.8270962 2.7185156 2.9000079 3.2888532 3.1979566 3.9952853 2.8908042 4.0955094 4.1507326 3.8349827 3.8368057 4.4414357 3.8355073 3.9369335 4.1784789 3.9850149 4.3286057 3.5699044 4.0280648 3.1919979 
Xestes_maker-XT_scaffold5887-snap-gene-0.39-mRNA-1               1.2952735 1.1800603 0.0000000 2.6114224 3.0262129 3.7770930 2.8180451 2.7305037 2.6086241 2.7836351 2.7723012 2.7170396 2.7000816 2.8950499 2.0676426 2.1102472 2.0283156 2.7246279 2.9028799 2.9198470 2.9233382 2.6609537 2.9360185 2.8152180 2.9740699 3.3320166 2.9191929 2.9959784 2.8180244 3.0523671 3.0449757 2.0484187 1.7305939 2.6360527 3.5509091 3.4005364 2.5925448 2.6146066 2.6186241 2.5035346 2.5265448 4.1493916 4.4289923 5.0601419 3.4742711 3.2989662 3.2834402 2.7960401 5.7184658 2.3540819 2.9559065 2.9611902 2.8994146 2.8914783 3.0107954 2.9998812 3.5606535 3.5225803 3.2969039 3.5854004 3.7848108 4.0084107 3.9903308 2.9882922 2.8778360 2.9038295 3.0017857 3.4086467 3.6618271 4.4765063 4.1751146 3.8569319 4.1555260 5.5396792 5.0781910 4.2073388 4.1478679 4.1905833 4.2248823 3.4508013 4.6971190 2.7264886 
Exapal_XM_021038393.1                                            2.0524082 2.5288800 2.6114224 0.0000000 0.0089160 0.0000010 0.2989671 0.3100630 0.3345296 0.3387597 9.0000000 0.5269254 0.4058199 0.6903382 2.0774677 1.8536857 0.0000010 0.7812762 0.0000010 0.8740446 0.7471068 0.9361368 0.9233514 0.8926376 1.0269168 0.0000010 1.2422136 1.1715037 1.0960732 0.7417382 0.8120348 1.6844642 1.4025297 4.7180940 0.9337872 0.8746301 0.1840255 1.2821046 1.2918378 1.4225040 1.7103128 2.4704375 2.6115773 0.0000010 2.2243686 2.1965575 2.2754792 1.3981383 5.5721177 1.8329080 1.4209025 1.4132698 1.4197802 1.4197802 1.5413277 1.5413277 1.8488512 2.1757553 2.2178066 2.1343914 1.8148964 2.0304801 2.4686803 1.9851189 2.1227284 0.0000010 1.9685290 0.0000010 2.3175005 1.9267149 1.9110671 2.2676242 2.1304705 3.5990780 3.6948053 2.8225261 3.8303435 4.3613743 2.8507665 1.8219963 2.5879953 6.6948464 
Exapal_XM_021059534.1                                            2.9503669 3.1346121 3.0262129 0.0089160 0.0000000 0.0085306 0.7570893 0.8340826 0.7783307 0.8943699 1.0116040 0.8083835 0.8839667 1.3204444 1.3476923 2.7309234 3.5846893 1.4504964 1.1724054 1.5128999 1.5550092 1.7286135 1.6506108 1.8100919 1.7710010 2.7393357 1.2586792 1.6294460 1.5609302 1.8625395 1.7922212 2.1490874 2.2469887 2.7008311 2.0526230 1.7937137 0.7772542 1.7324216 1.7346217 1.8578136 1.8840836 3.0483675 2.8072099 4.8852885 3.0126559 2.2380503 2.3065827 4.1342537 5.0532145 2.1182552 2.0786205 2.0777222 2.1039334 2.1154542 2.2004915 2.2025682 2.7752369 2.5073912 2.1831741 2.6679844 2.4566910 2.8372709 2.7026528 2.1907138 2.1276913 2.5554247 2.4937172 2.8230389 2.1477815 2.9792455 2.7519404 3.2620715 2.9188685 3.7409451 3.5758719 3.2382318 3.6186208 4.0523050 3.5703645 2.5530766 2.9745456 3.0930490 
Exapal_XM_021059487.2                                            4.1376545 4.4757735 3.7770930 0.0000010 0.0085306 0.0000000 2.1241127 1.9352174 1.6359095 1.6915510 1.6316175 1.6291142 2.0336380 3.1471236 0.0000010 4.7324219 5.4531501 2.6761363 0.0000010 2.6497889 3.4215573 3.1294977 2.9134324 2.9564177 4.1388547 2.8885626 0.0000010 2.7847415 2.6309853 3.6026144 3.3800838 3.3016381 3.0141446 2.7232340 3.8186775 3.3161258 1.6281512 3.0888867 3.0888867 2.6639209 2.6639209 4.7304321 0.0000010 4.9415187 4.1857092 0.0000010 2.4133222 5.6001339 3.3032198 0.8869261 3.7286621 3.8146202 3.6983357 3.7394853 3.9731216 3.9920550 4.0044937 6.3738832 4.1411197 4.3443366 3.8842007 4.7662755 4.6298411 8.9999990 2.7104829 2.8834437 2.8687841 2.8216631 0.0000010 4.5798201 5.6435711 4.9377552 4.9477495 6.0010316 5.7178074 6.5500504 5.9283396 7.6497736 5.2340763 3.1894702 3.5296246 3.4364999 
Spis_XP_022792810_1                                              2.5935965 2.5213711 2.8180451 0.2989671 0.7570893 2.1241127 0.0000000 0.0852065 0.2189212 0.2419298 0.3573717 0.3641694 0.3839566 1.1781095 1.4238601 2.3495727 2.6904965 1.3539971 1.0584970 1.4485119 1.3182394 1.5321130 1.6568716 1.7032941 1.5107868 2.6511969 1.2566639 1.4583771 1.4022207 1.5040206 1.7722982 2.1502140 2.1416894 2.9995349 1.7193121 1.5816382 0.7704592 1.5639821 1.5660905 1.8722852 1.8843714 2.9081957 3.0266960 3.7276562 2.5459588 2.1814486 2.5320786 2.7201213 4.5038140 2.0968787 1.7953784 1.8090060 1.8203226 1.8243010 1.8593650 1.8505462 2.5024362 2.2019981 1.9487679 2.5830649 2.5144372 2.6650188 2.6075797 2.0836572 2.1274467 2.4716848 2.4542351 2.8533491 2.3316845 3.0780854 2.7991626 2.9119698 2.7579403 3.6473660 3.4652497 3.0650687 3.3927390 3.7745773 3.6867246 2.5597789 3.1224144 2.7736046 
Pocdam_XM_027188621.1                                            2.8273781 2.7915339 2.7305037 0.3100630 0.8340826 1.9352174 0.0852065 0.0000000 0.2317672 0.2430173 0.3732228 0.4029900 0.4247872 1.2009661 1.3917178 2.5701617 2.9672387 1.4556153 1.1246753 1.4763324 1.4490592 1.6235871 1.6332100 1.7336916 1.6523843 2.5356122 1.2650453 1.4915457 1.5059478 1.6107823 1.8376797 2.1673473 2.1918512 3.0178864 1.8557550 1.6992621 0.8302879 1.6476387 1.6496494 1.8300539 1.8405624 3.0219853 3.1056582 4.2079633 2.6025339 2.1932016 2.3977120 3.0720529 4.4502079 2.0981346 1.9640826 1.9665239 1.9968405 2.0103773 2.0469285 2.0380801 2.6426039 2.3438898 1.9683689 2.6616256 2.6457136 2.7345207 2.6831993 2.0733468 2.2158400 2.7450769 2.8266035 3.2066173 2.3630544 3.0868814 2.8435212 2.9615154 2.9662721 3.7777924 3.6572749 3.1481473 3.5095247 3.7772955 3.6471147 2.5304263 3.1331795 2.7333186 
Gasp_gasp1.m3.1974.m1                                            2.6911284 2.6689804 2.6086241 0.3345296 0.7783307 1.6359095 0.2189212 0.2317672 0.0000000 0.1543096 0.3358922 0.3646241 0.3812008 1.1834274 1.4432625 2.5092700 2.7438170 1.3673857 1.0945288 1.3578142 1.3955369 1.5760010 1.6318434 1.6939630 1.6297785 2.3603317 1.2145690 1.4184421 1.4531287 1.5384240 1.7978219 2.0901506 2.0670505 3.0840700 1.7667828 1.6266268 0.7798243 1.6083327 1.6103136 1.7689648 1.7794879 3.0339698 3.1593637 4.1215104 2.4962358 2.2234293 2.3916644 2.7748603 4.3408989 2.1225743 1.8963880 1.9252297 1.8853343 1.8979312 1.9368398 1.9357696 2.4756589 2.2257283 2.0109277 2.4191602 2.4918345 2.6163230 2.5812906 2.1325309 2.1456074 2.6318803 2.5990279 2.6975569 2.3378282 2.9880415 2.8253862 2.9347147 2.8164889 3.6996388 3.5819960 3.2481174 3.3355570 3.6474985 3.3109133 2.4820247 3.0281941 2.5432033 
Fspp_ffun1.m4.13176.m1                                           2.8931287 2.8517536 2.7836351 0.3387597 0.8943699 1.6915510 0.2419298 0.2430173 0.1543096 0.0000000 0.2823773 0.3904125 0.3766602 1.3334880 2.1000412 2.8600250 2.9928031 1.5078383 1.0643874 1.4934329 1.5574157 1.7471202 1.7796616 1.7915428 1.8078673 2.4403687 1.3870920 1.5691830 1.6153756 1.6497749 1.8877955 2.3820282 2.1224982 3.1194452 1.9621342 1.8353622 0.7595868 1.7398838 1.7420455 1.7954480 1.8059109 3.3786583 3.9626726 4.1516207 2.9949262 2.8238773 3.0670915 2.7817313 4.3600975 2.4998956 1.9822562 2.0322078 2.0199089 2.0339751 1.9973222 1.9835697 2.8293714 2.5120248 2.4157545 2.8173503 2.9799751 3.0569982 2.9363695 2.4272336 2.4161880 2.6843418 2.7089368 3.1957777 2.9018408 3.2944701 3.1017755 3.1616706 3.1940236 4.4300896 4.4274457 3.5902376 3.8765307 4.0142989 3.8930417 2.6207193 3.4063923 2.5533783 
Gfas_gfas1.m1.13776.m1                                           3.1803854 2.9919078 2.7723012 9.0000000 1.0116040 1.6316175 0.3573717 0.3732228 0.3358922 0.2823773 0.0000000 0.3209150 0.3169175 1.4666483 0.0000010 2.8792287 2.7134259 1.5953669 1.0576999 1.5787089 1.7448664 1.8274873 1.7759170 1.9388207 1.9599218 2.3456934 1.3537489 1.5730181 1.6448789 1.6383523 2.0966546 2.4686019 2.1234859 2.7107852 2.4898908 2.0424497 0.8643430 1.8073865 1.8073865 1.8447688 1.8447688 3.6206993 7.5314933 4.3355670 2.9719668 3.2090089 3.6478472 2.8362376 4.0595736 5.2146724 2.2467801 2.2545954 2.1881161 2.2208107 2.2947315 2.2726065 2.9882817 2.5995456 2.4889376 3.0030649 3.2366816 3.2019398 3.3457610 2.5059871 2.4883641 2.5846642 2.6832233 3.0905415 2.9072397 3.4406524 3.3281385 3.1906652 3.5553219 5.2107218 4.5768123 3.6573035 4.1631184 4.2873937 4.6497507 2.8610489 4.4372338 2.6119903 
Amil_Amillepora16248-RA                                          2.7409867 2.7620143 2.7170396 0.5269254 0.8083835 1.6291142 0.3641694 0.4029900 0.3646241 0.3904125 0.3209150 0.0000000 0.0798355 1.1561558 1.4340201 2.3001197 2.5625813 1.3791438 1.4969190 1.3635567 1.3885560 1.5100155 1.5309357 1.5718140 1.5978645 2.2536516 1.2718198 1.3649073 1.4177980 1.4968646 1.6895070 2.0306148 1.9863453 2.7254951 1.7897669 1.6129029 0.8288017 1.5151621 1.5174247 1.5884049 1.6159704 3.0526511 3.1618931 3.9674006 2.4892271 2.4451097 2.4158141 2.6040396 4.1832993 2.3159525 1.8427039 1.8082781 1.8148317 1.8300672 1.9571017 1.9571017 2.4866196 1.9917205 1.9490303 2.4506968 2.3768090 2.4179136 2.5235092 2.1665153 2.1088393 2.5304000 2.8267298 3.0167860 2.4267127 2.5758991 2.5894115 2.8784768 2.6792695 3.4455881 3.5520689 2.9870490 3.3817604 3.5346147 3.0753862 2.3232674 2.8761986 2.5767263 
Adig_XM_015892742.1                                              2.8856500 2.8556070 2.7000816 0.4058199 0.8839667 2.0336380 0.3839566 0.4247872 0.3812008 0.3766602 0.3169175 0.0798355 0.0000000 1.2555125 1.4554517 2.4500767 2.7790393 1.4584882 1.1285941 1.4226395 1.4833691 1.4477560 1.6677738 1.8154365 1.7592109 2.8625660 1.2435150 1.4886711 1.5629401 1.6208121 1.8040274 2.2676056 2.2200118 3.8333424 1.8808783 1.7608507 0.9072868 1.7061298 1.7083886 2.0354946 2.0651821 2.9680365 2.6958588 4.6611228 2.3396485 2.1504062 2.3853068 2.8560614 4.8335477 2.0504215 2.0223902 1.9852989 1.9741576 1.9896363 2.1384776 2.1228136 2.8512331 2.4529821 2.1240457 2.6922118 2.7078937 2.8810168 2.8394054 2.0991241 2.3655991 2.8171426 2.9205823 4.5215176 2.3598813 3.0424075 2.8720901 3.1583142 2.8873521 3.8528745 3.9615959 3.2885647 3.4566316 3.9424251 3.7429049 2.5782015 3.3107813 2.9502281 
Dgig_XM_028540438.1                                              3.1207947 3.0108608 2.8950499 0.6903382 1.3204444 3.1471236 1.1781095 1.2009661 1.1834274 1.3334880 1.4666483 1.1561558 1.2555125 0.0000000 1.4205086 2.5233032 2.9190770 1.6334991 1.3418616 1.6982899 1.6279637 1.7416888 1.7920578 1.8517326 1.8003652 3.0265123 1.3803787 1.7421756 1.6967063 2.0297662 2.0086234 2.2233379 2.5750749 3.0942076 1.9679294 1.9098305 1.4091575 1.7727508 1.7748402 2.2016973 2.2376300 3.2233930 2.8125578 4.2892347 2.6979099 2.4821008 2.5503810 2.4834042 4.4770150 2.2212349 2.0779833 2.0381308 2.0615244 2.0763398 2.0773781 2.0803922 3.0633914 2.5578504 2.2470465 2.6841565 2.5781458 3.0221195 2.9570988 2.3062816 2.3261263 2.9871927 2.9501728 3.8697378 2.2827581 3.0648555 2.8715674 3.1391653 3.1582150 3.6268292 3.6713647 3.4565602 3.5198383 3.7996228 3.6829191 2.6860343 3.3123346 2.7484958 
Spolac_c99274_g4_i2_m.19223c99274-g1                             1.5756830 1.7075060 2.0676426 2.0774677 1.3476923 0.0000010 1.4238601 1.3917178 1.4432625 2.1000412 0.0000010 1.4340201 1.4554517 1.4205086 0.0000000 0.2208166 0.0000010 1.1277774 0.0000010 1.9078106 1.8197787 1.7445462 1.7061659 1.7671291 1.7171491 0.0000010 1.5969954 1.5342008 1.7041314 1.7072260 1.9018000 1.2397919 1.9364949 2.7511615 1.6161642 1.7793131 0.9419479 1.6152758 1.6333351 0.0000010 0.0000010 2.2465111 2.2424357 0.0000010 1.7391458 1.6791903 1.7321190 0.0000010 4.6497180 1.4423496 1.7419619 1.7235525 1.8254677 1.8254677 1.9023194 1.9023194 2.4128490 1.6037584 2.1591799 1.7564498 2.5235511 1.9324941 1.8799185 1.8737103 1.8349471 0.0000010 0.0000010 0.0000010 1.8805590 2.2021730 2.1384312 2.7348897 2.2769785 2.3620045 2.1470639 2.1556976 2.3627844 2.3299582 2.0158211 2.7961643 2.3134882 7.5108027 
Emue_Em0019g181a.t1                                              2.2886048 2.0869899 2.1102472 1.8536857 2.7309234 4.7324219 2.3495727 2.5701617 2.5092700 2.8600250 2.8792287 2.3001197 2.4500767 2.5233032 0.2208166 0.0000000 0.2751613 2.2713554 2.6738573 2.4137963 2.6833993 2.4245769 2.5068935 2.5208530 2.7066510 3.8247818 2.3444548 2.8076041 2.7938822 2.8553922 2.7646357 1.6265925 1.4278732 0.8281275 3.0472398 3.1906213 2.8990256 2.1739706 2.1765258 2.6632968 2.6982251 3.9591119 3.2193343 7.1970466 3.3052871 2.7347858 2.7278853 3.3635627 5.9681754 1.8373333 2.9032706 2.9442062 2.8524853 2.8624195 2.8050056 2.7890153 3.3155901 2.9432232 2.9648710 3.2980213 3.4936735 3.4637612 3.4627167 2.1586360 2.7915611 3.7072445 3.6338313 4.6652947 2.3605612 3.7359717 3.5124588 3.8995874 3.5185284 4.0778837 4.2528794 3.8534492 4.0566939 4.4032801 4.0210703 3.4064804 3.9431894 2.7316696 
Spolac_c99274_g1_i1_m.19221c99274-g1                             2.5588691 2.0887868 2.0283156 0.0000010 3.5846893 5.4531501 2.6904965 2.9672387 2.7438170 2.9928031 2.7134259 2.5625813 2.7790393 2.9190770 0.0000010 0.2751613 0.0000000 2.4733515 2.5072032 2.6264380 2.8572887 2.6272741 2.9446589 2.9406946 3.2581477 4.3637887 2.7541232 3.1378639 3.0255737 2.8252671 3.0073224 1.3348990 1.1703112 5.2280800 4.0415272 3.6765179 3.0472467 2.4170975 2.4170975 2.6173818 2.6173818 4.7451389 4.2952227 6.9088832 3.8159719 3.4369096 4.0284091 3.2927525 5.4814259 3.1023504 3.4924036 3.6086303 3.5004245 3.5606345 3.4532144 3.4460417 4.3616209 4.1685516 3.8245532 4.1867436 4.5577552 4.1723226 4.6890642 2.5400437 3.5365636 3.9982817 3.9944799 6.3115583 3.1488709 4.0425215 4.0245474 4.4650679 4.5507939 4.7253255 5.9140517 4.5128777 4.4522716 5.2190580 5.3699063 3.9848538 5.5443684 2.2250129 
Bralan_BLAG04001289_1                                            2.6162524 2.7068759 2.7246279 0.7812762 1.4504964 2.6761363 1.3539971 1.4556153 1.3673857 1.5078383 1.5953669 1.3791438 1.4584882 1.6334991 1.1277774 2.2713554 2.4733515 0.0000000 1.0399177 1.2158385 1.2086292 1.1014935 1.1701216 1.2903302 1.8962604 2.8940513 1.3422742 1.6827862 1.7115285 2.0822821 1.4148981 2.0906679 2.2510990 3.2737080 2.1512316 1.9743861 1.5511529 1.5163963 1.5156486 1.8263651 1.8496043 3.0566017 2.9658506 4.5880998 2.7022032 2.4140397 2.6718409 2.4596882 4.4641505 1.6860179 1.8945286 1.8523321 1.8803670 1.8726417 1.8746364 1.8721611 2.7403192 2.3897397 2.3653537 2.4149992 2.3650189 2.7400579 2.7594675 2.0584260 2.1300392 2.7453139 2.6256265 3.0183421 2.0145660 2.8924943 2.7499256 2.9104316 3.0546224 3.5926553 3.5078752 3.3800112 3.2882946 3.7974016 3.6138166 2.5068677 2.6417742 2.9545885 
Lcom_lcpid254744                                                 3.3795881 3.3780561 2.9028799 0.0000010 1.1724054 0.0000010 1.0584970 1.1246753 1.0945288 1.0643874 1.0576999 1.4969190 1.1285941 1.3418616 0.0000010 2.6738573 2.5072032 1.0399177 0.0000000 0.7080916 0.9240227 1.2002524 1.4750457 1.3247218 2.1940763 0.0000010 2.2414168 2.2851594 2.3961583 1.9735617 1.5067958 2.1673482 2.0170567 0.0000010 3.1038481 2.6626997 0.9639963 1.7628359 1.7628359 1.7349643 1.7349643 2.4553631 0.0000010 5.1990072 3.7238356 1.7422022 0.0000010 0.0000010 7.3726768 0.0000010 1.7882448 1.7236926 1.7303216 1.7589711 1.5902601 1.5902601 5.3075440 3.4058925 3.4784524 2.9965316 4.7059646 5.3394768 4.2716472 3.1735960 2.9214021 3.0361414 2.6143044 0.0000010 3.8705035 4.5789262 4.4204968 4.1240190 4.6177080 6.0415059 5.3648890 4.4283363 6.0667314 5.6472867 8.2861903 2.6829024 4.5175918 2.6485693 
Cgig_XM_011436291.3                                              3.0026621 2.7689971 2.9198470 0.8740446 1.5128999 2.6497889 1.4485119 1.4763324 1.3578142 1.4934329 1.5787089 1.3635567 1.4226395 1.6982899 1.9078106 2.4137963 2.6264380 1.2158385 0.7080916 0.0000000 0.8667107 1.2895033 1.3162867 1.4792711 1.9697322 2.6466220 1.5073353 1.7636285 1.8066323 1.9747413 1.5637174 2.2577164 2.1914900 2.7196981 1.9534199 1.8227803 1.6472236 1.7422628 1.7443187 1.7557091 1.7794511 3.2535699 3.4710440 4.3291690 2.7663573 2.4129138 2.8729833 2.8209393 4.9711478 2.0056482 1.9944083 2.0488354 2.0357723 2.0263945 2.1549579 2.1473861 2.7075674 2.4992559 2.2013945 2.6132151 2.5133563 2.7534580 2.7286275 2.3766056 2.4509041 2.6765780 2.7576542 2.9758405 2.0458685 3.1130953 2.9062639 3.2839156 2.8332502 4.0018953 3.7133706 3.0987857 3.6610137 3.8238423 3.8635616 2.4503033 2.6489526 2.9372204 
Acagra_model.g18239.t1                                           2.9599781 2.9864657 2.9233382 0.7471068 1.5550092 3.4215573 1.3182394 1.4490592 1.3955369 1.5574157 1.7448664 1.3885560 1.4833691 1.6279637 1.8197787 2.6833993 2.8572887 1.2086292 0.9240227 0.8667107 0.0000000 1.2952689 1.4320686 1.6169233 1.8715542 2.4695955 1.4493191 1.7233364 1.6816598 1.9119250 1.6134152 2.2676537 2.3236660 3.2343609 2.0604700 2.0314575 1.5800690 1.6811544 1.6831611 1.9892597 2.0150416 3.3691013 3.6255329 4.1765667 2.6947196 2.5354094 2.7388433 2.6713982 4.9379090 2.1069238 1.9492999 1.9863511 1.9851402 1.9769895 2.0034242 1.9964715 2.7765154 2.3125124 2.1066976 2.5588975 2.5520559 2.6864163 2.8557284 2.1180021 2.3314801 2.7848937 2.8331131 3.3921364 2.1106036 3.2229663 2.9219449 3.2024559 2.8328085 3.3591854 3.5894337 3.3551132 3.5402514 3.7472329 4.0119545 2.5319998 2.6284254 2.9698932 
Spur_XM_780642.5                                                 2.8056308 2.7014589 2.6609537 0.9361368 1.7286135 3.1294977 1.5321130 1.6235871 1.5760010 1.7471202 1.8274873 1.5100155 1.4477560 1.7416888 1.7445462 2.4245769 2.6272741 1.1014935 1.2002524 1.2895033 1.2952689 0.0000000 1.1734766 1.4156591 1.9456825 2.5568400 1.3950952 1.7219002 1.6058389 1.8016919 1.5184663 2.1387790 2.3261376 3.7656585 2.2569635 2.1443131 1.6748191 1.7359549 1.7389876 2.0244624 2.0497097 3.0708308 3.0681979 4.5265843 2.8659121 2.5501865 3.1157253 2.3672936 5.0178485 1.8651952 2.1042815 2.1247419 2.1026095 2.0996401 2.0667433 2.0594740 3.0136864 2.4432309 2.4671074 2.6681907 2.5306108 2.7760453 2.8986167 2.3063699 2.3662466 2.8527428 2.8072970 3.6790236 2.2331849 2.9842044 2.9280661 3.2121237 2.9597541 3.5295025 3.7298044 3.1010111 3.2698861 3.5884032 3.6440797 2.8806765 2.9999470 3.5520234 
Skow_XM_006812314.1                                              3.2170640 2.9389770 2.9360185 0.9233514 1.6506108 2.9134324 1.6568716 1.6332100 1.6318434 1.7796616 1.7759170 1.5309357 1.6677738 1.7920578 1.7061659 2.5068935 2.9446589 1.1701216 1.4750457 1.3162867 1.4320686 1.1734766 0.0000000 1.4162540 2.0554436 2.8200201 1.6328540 1.8790529 1.8469050 1.9700059 1.5698135 2.2390884 2.2763363 3.0913661 2.1498688 1.9965374 1.7205188 1.7326764 1.7357185 2.0133599 2.0333333 3.0153343 2.9291111 4.6053855 3.0020097 2.5125989 2.9446706 2.7870661 4.6189579 2.1347003 2.0079585 2.0089221 1.9325816 1.9253913 2.0995159 2.0919339 2.7023767 2.1575592 2.1582431 2.4410369 2.2337092 2.6404964 2.7645688 2.1596121 2.0673883 2.6103238 2.5607882 2.6915732 2.0797641 3.1193345 3.0299156 3.3095550 2.9192512 3.6374357 3.5465370 3.0705965 3.2486355 3.7531785 3.6086439 2.4367981 2.8416403 3.4131353 
Hsap_ENST00000163416                                             2.9772815 2.9261914 2.8152180 0.8926376 1.8100919 2.9564177 1.7032941 1.7336916 1.6939630 1.7915428 1.9388207 1.5718140 1.8154365 1.8517326 1.7671291 2.5208530 2.9406946 1.2903302 1.3247218 1.4792711 1.6169233 1.4156591 1.4162540 0.0000000 2.0626217 2.8295776 1.6532419 1.9028235 1.9823806 2.2332433 1.6525210 2.4570868 2.4099405 3.1856152 2.1913495 2.1396430 1.8418358 1.8929613 1.8917759 2.2427955 2.2638354 2.9682288 2.8269627 4.1271575 2.9566390 2.5550472 3.0791613 2.2954186 4.7116313 1.8557344 2.3014425 2.3390176 2.2799246 2.2684888 2.2855867 2.2756863 2.9435134 2.5623246 2.3386569 3.0280421 2.5677770 2.8598150 3.1422356 2.5130701 2.3882676 3.0203655 2.7901869 3.0487518 2.1008070 3.2159792 3.0610699 3.1839335 3.2420666 3.7573069 3.7724037 3.4530744 3.6962730 3.9953347 4.0177329 2.4913254 2.9285305 3.2262851 
Morvir_scaffold31.g46.t1                                         3.0097531 3.0328323 2.9740699 1.0269168 1.7710010 4.1388547 1.5107868 1.6523843 1.6297785 1.8078673 1.9599218 1.5978645 1.7592109 1.8003652 1.7171491 2.7066510 3.2581477 1.8962604 2.1940763 1.9697322 1.8715542 1.9456825 2.0554436 2.0626217 0.0000000 2.8864612 0.9073697 1.2954054 1.2511625 1.4129702 1.7874715 2.4294602 2.5730606 2.5362117 1.7750416 1.4749815 1.7388449 1.8481698 1.8503930 2.3927121 2.4323329 3.0218390 2.8035939 3.3300238 3.0333045 2.6889459 2.7829437 2.7846315 5.3684759 2.3037185 2.3317641 2.2916345 2.3127277 2.3200181 2.2894895 2.2861399 3.0706039 2.5465902 2.3897320 2.7650508 3.0578253 2.8609675 3.2766881 2.4789167 2.3259586 2.8026330 2.7533314 3.3024149 2.4509358 3.2357321 3.3618482 3.4215199 3.3277632 3.9211569 4.3109290 3.4716059 3.4188370 3.9506845 3.8939963 2.7544915 3.2421562 3.1805199 
Nemnom_g2336.t1                                                  4.5550641 3.9345755 3.3320166 0.0000010 2.7393357 2.8885626 2.6511969 2.5356122 2.3603317 2.4403687 2.3456934 2.2536516 2.8625660 3.0265123 0.0000010 3.8247818 4.3637887 2.8940513 0.0000010 2.6466220 2.4695955 2.5568400 2.8200201 2.8295776 2.8864612 0.0000000 0.2453770 0.5453283 0.8517321 1.4881304 2.8960302 2.7498840 2.7613858 3.0169977 3.3397636 2.9094803 2.4719427 2.8091247 2.8091247 2.8239802 2.8239802 4.6891303 6.1676748 5.1150058 3.4221353 1.9094310 3.1690478 2.9408814 3.7183551 1.1346903 2.8755091 2.9101878 2.8791645 2.8687135 2.7952632 2.7814289 3.8091673 4.4563745 1.7362883 4.5004897 3.6284833 3.5639283 4.3748079 4.8048787 2.5944650 2.9861389 2.9311753 2.9669870 0.5938618 4.9558035 5.1233178 3.9684410 4.5323710 6.1685589 5.5267496 4.0245383 5.4135819 4.6436409 4.0733130 3.4564090 3.7579547 2.6052040 
Nemnom_g2337.t1                                                  2.6908367 2.7437132 2.9191929 1.2422136 1.2586792 0.0000010 1.2566639 1.2650453 1.2145690 1.3870920 1.3537489 1.2718198 1.2435150 1.3803787 1.5969954 2.3444548 2.7541232 1.3422742 2.2414168 1.5073353 1.4493191 1.3950952 1.6328540 1.6532419 0.9073697 0.2453770 0.0000000 0.1518350 0.3745082 0.5904565 1.5745672 2.3200303 2.4488119 2.8387204 1.2941274 1.1967376 1.3710932 1.7146097 1.7178712 1.7422921 1.7877103 3.1171028 3.1222576 4.9226886 2.8745097 2.5142124 2.7331088 3.3350547 7.2865631 2.3876066 1.9089026 1.9257780 1.9257261 1.9316680 1.9273704 1.9273704 2.7110021 2.1466538 2.5392433 2.4343719 2.4526867 2.7684499 2.7054655 1.9678347 2.2599608 2.3718260 2.4991741 0.0000010 2.2867748 2.7689357 3.0821858 3.1833362 2.6052922 3.1157444 3.2407472 2.9244051 3.1899353 3.5982840 3.2667553 2.4759870 2.9123254 3.2209700 
Rhoesc_Res_001686-T1                                             3.2384199 3.1992427 2.9959784 1.1715037 1.6294460 2.7847415 1.4583771 1.4915457 1.4184421 1.5691830 1.5730181 1.3649073 1.4886711 1.7421756 1.5342008 2.8076041 3.1378639 1.6827862 2.2851594 1.7636285 1.7233364 1.7219002 1.8790529 1.9028235 1.2954054 0.5453283 0.1518350 0.0000000 0.4722982 0.8385509 1.9624713 2.4025541 2.5613289 3.1173086 1.7477643 1.5659862 1.6979765 1.9369638 1.9392618 2.0421765 2.0691716 3.0769917 3.0954211 3.7119316 2.8421012 2.4729791 2.9009366 2.3466526 4.8952395 2.2494570 2.1705368 2.1631908 2.1730075 2.1704250 2.1932061 2.1900435 3.0329438 2.4460451 2.5048850 2.8483036 2.8598854 3.0560661 2.9895250 2.2393003 2.3269977 2.6221600 2.5599730 2.7445690 2.2887665 3.2945216 3.4464499 3.3613092 3.2618324 3.8130634 4.0104776 3.2414646 3.6154798 4.0354156 3.4067049 2.8926618 3.0802398 2.8904506 
Aaur_scaffold1261.g3.t1                                          3.1369376 3.1630194 2.8180244 1.0960732 1.5609302 2.6309853 1.4022207 1.5059478 1.4531287 1.6153756 1.6448789 1.4177980 1.5629401 1.6967063 1.7041314 2.7938822 3.0255737 1.7115285 2.3961583 1.8066323 1.6816598 1.6058389 1.8469050 1.9823806 1.2511625 0.8517321 0.3745082 0.4722982 0.0000000 0.7693067 1.9034103 2.3338870 2.4581865 2.9008543 1.6237773 1.4462479 1.5092219 1.9225435 1.9248468 2.1290238 2.1562967 3.0311267 3.0026400 3.4930145 2.7201687 2.6490537 2.8739086 2.4270614 5.0939599 2.3912001 2.1847964 2.1753761 2.1875874 2.1773671 2.1669136 2.1538080 3.0483858 2.4208407 2.3709553 2.7007273 2.6852111 3.0598732 3.0730961 2.3707826 2.4225764 2.8015159 2.8277478 2.6828729 2.2603262 3.2631723 3.4807745 3.4162553 3.2190962 3.8999048 4.0461714 3.4753481 3.5738317 4.0827148 3.9929040 2.8935979 3.2870414 2.9027762 
Sanmal_Sma_026640-T1                                             3.1051980 3.0515291 3.0523671 0.7417382 1.8625395 3.6026144 1.5040206 1.6107823 1.5384240 1.6497749 1.6383523 1.4968646 1.6208121 2.0297662 1.7072260 2.8553922 2.8252671 2.0822821 1.9735617 1.9747413 1.9119250 1.8016919 1.9700059 2.2332433 1.4129702 1.4881304 0.5904565 0.8385509 0.7693067 0.0000000 1.9790599 2.4219169 2.4001530 2.9376250 1.9162465 1.7138438 1.7142752 2.0027863 2.0027863 2.3339190 2.3626318 3.4289716 4.3078359 3.7921524 3.1552057 3.3783538 3.5102594 2.8512057 4.8243068 2.5633582 2.4962284 2.4360314 2.4455819 2.4461007 2.3016227 2.3102959 3.3768274 3.0997769 2.9431824 3.2839249 2.9971385 3.7286070 3.5215299 2.9628295 2.5982573 2.6687161 2.8252327 2.9547115 2.4464289 3.3889796 3.8274563 4.0090280 3.8190266 5.0936484 4.9692856 3.7923914 4.7263119 4.8718860 4.3461190 2.8181400 3.8463929 3.3392982 
Cscu_XM_023370960.1                                              3.0197777 2.7946697 3.0449757 0.8120348 1.7922212 3.3800838 1.7722982 1.8376797 1.7978219 1.8877955 2.0966546 1.6895070 1.8040274 2.0086234 1.9018000 2.7646357 3.0073224 1.4148981 1.5067958 1.5637174 1.6134152 1.5184663 1.5698135 1.6525210 1.7874715 2.8960302 1.5745672 1.9624713 1.9034103 1.9790599 0.0000000 2.4189783 2.6318155 2.5558371 2.4189199 2.2289298 1.8339524 1.9640826 1.9673362 2.3081715 2.3554090 3.5231379 3.2937199 4.6536187 3.3642405 2.7530021 2.8056313 2.3625703 5.7490378 2.0179337 2.1460498 2.1613471 2.1480575 2.1625743 2.2066200 2.2034545 3.0186513 2.6417114 2.3425326 2.8846422 2.6314519 3.0123500 3.2770285 2.4065769 2.5121142 3.3215678 3.6164664 4.2927240 2.3173343 3.2651227 3.5066799 3.4978960 3.4301906 3.9973685 4.0640417 3.5308759 3.6164942 3.7579862 4.0032510 2.5884868 2.7676550 3.3765922 
Tetwil_g5380.t1                                                  2.0472846 2.0279375 2.0484187 1.6844642 2.1490874 3.3016381 2.1502140 2.1673473 2.0901506 2.3820282 2.4686019 2.0306148 2.2676056 2.2233379 1.2397919 1.6265925 1.3348990 2.0906679 2.1673482 2.2577164 2.2676537 2.1387790 2.2390884 2.4570868 2.4294602 2.7498840 2.3200303 2.4025541 2.3338870 2.4219169 2.4189783 0.0000000 0.9035345 2.5655528 2.6242476 2.7640892 2.3248250 2.0605685 2.0639285 2.5082986 2.5402182 3.1458052 2.7786366 4.3431925 2.9481152 2.6232059 2.4607599 3.4013039 5.0595538 1.8611439 2.6467879 2.6340339 2.6172771 2.6432515 2.6140645 2.6279484 2.8701932 2.5110688 2.5349050 2.8487092 3.0087134 3.0627792 2.9579636 2.2294981 2.5415189 3.1986959 3.0797489 3.7563527 2.4256193 3.4646815 2.9718882 3.3394361 3.4323182 3.8560088 3.6026044 3.6288459 3.7674201 3.7186661 3.9522311 3.2475813 3.5246617 2.5334069 
Stycar_augustus_masked-SC_scaffold5175-processed-gene-0.4-mRNA-1 1.9716222 1.9886393 1.7305939 1.4025297 2.2469887 3.0141446 2.1416894 2.1918512 2.0670505 2.1224982 2.1234859 1.9863453 2.2200118 2.5750749 1.9364949 1.4278732 1.1703112 2.2510990 2.0170567 2.1914900 2.3236660 2.3261376 2.2763363 2.4099405 2.5730606 2.7613858 2.4488119 2.5613289 2.4581865 2.4001530 2.6318155 0.9035345 0.0000000 2.1544654 3.0441304 2.8811453 2.1258545 1.9231982 1.9267995 2.3006914 2.3311905 3.4838115 3.1455072 4.9763855 3.1659218 2.8894299 2.6857417 3.0100706 4.7493357 1.6209659 2.7847888 2.7588399 2.6303504 2.6407598 2.7500645 2.7609419 3.0859479 3.2203934 2.8335370 2.9957661 3.3916597 3.4284515 3.6665664 2.4771153 2.3802247 2.5806757 2.6694889 3.2462820 2.5614573 3.3514255 3.2510753 3.3440346 3.6918350 5.3586579 4.5435448 3.8599209 3.6331670 3.6903953 4.0443315 3.3901649 4.8371015 2.3324333 
Spolac_c99274_g3_i1_m.19222c99274-g1                             2.6156576 2.2046255 2.6360527 4.7180940 2.7008311 2.7232340 2.9995349 3.0178864 3.0840700 3.1194452 2.7107852 2.7254951 3.8333424 3.0942076 2.7511615 0.8281275 5.2280800 3.2737080 0.0000010 2.7196981 3.2343609 3.7656585 3.0913661 3.1856152 2.5362117 3.0169977 2.8387204 3.1173086 2.9008543 2.9376250 2.5558371 2.5655528 2.1544654 0.0000000 3.7735760 3.3164895 3.5596232 2.8794122 2.8794122 2.1973239 2.1317870 2.2060822 2.7956425 2.5526316 2.4382793 2.6762525 2.6462862 0.8745306 3.5828432 3.2579638 2.8115773 2.9267404 2.8169318 2.8169318 2.9070125 2.9070125 2.7357678 2.8861089 3.6865282 2.9316614 3.6067338 2.9727170 2.7697336 3.7036291 2.1082055 1.9040718 2.1171537 2.4833972 2.6379088 4.0971319 4.2418695 4.1895379 2.8772048 5.2963112 6.5258809 3.4043339 5.8213083 5.4024616 4.2980023 2.5468127 3.8708832 3.0716280 
Hvul_g32200_1                                                    3.5960194 3.5445938 3.5509091 0.9337872 2.0526230 3.8186775 1.7193121 1.8557550 1.7667828 1.9621342 2.4898908 1.7897669 1.8808783 1.9679294 1.6161642 3.0472398 4.0415272 2.1512316 3.1038481 1.9534199 2.0604700 2.2569635 2.1498688 2.1913495 1.7750416 3.3397636 1.2941274 1.7477643 1.6237773 1.9162465 2.4189199 2.6242476 3.0441304 3.7735760 0.0000000 1.1596675 2.1926527 2.3456271 2.3481730 2.6662905 2.6975054 3.6602905 3.0726673 4.6936474 3.0709438 2.5291201 2.6634934 2.9332970 5.2216781 2.3173792 2.3866881 2.4175228 2.3897635 2.3645600 2.3562370 2.3527553 3.1951478 2.9129429 2.6457397 3.1012277 3.0387975 3.1764336 3.3348169 2.6854823 2.7050337 3.5572244 3.6256135 3.9156878 2.5412136 3.5154668 3.4716745 3.8119244 3.4794448 4.3412223 4.1361434 4.1504000 3.9433444 4.2722339 4.3158902 2.9627250 3.4700490 3.7839269 
Chem_TCONS_00001682                                              3.1524316 3.1355429 3.4005364 0.8746301 1.7937137 3.3161258 1.5816382 1.6992621 1.6266268 1.8353622 2.0424497 1.6129029 1.7608507 1.9098305 1.7793131 3.1906213 3.6765179 1.9743861 2.6626997 1.8227803 2.0314575 2.1443131 1.9965374 2.1396430 1.4749815 2.9094803 1.1967376 1.5659862 1.4462479 1.7138438 2.2289298 2.7640892 2.8811453 3.3164895 1.1596675 0.0000000 1.9024139 2.0653190 2.0676644 2.3499166 2.3879069 3.4641735 3.0368875 4.0135191 2.8801755 2.3921187 2.6211416 2.2274065 5.1038953 2.3890520 2.1441498 2.1063941 2.2251099 2.2050759 2.3835564 2.3835503 2.8882864 2.6865120 2.5046650 2.8012356 2.7555684 3.1242417 3.3920774 2.5399503 2.5447168 3.0855973 3.2556497 3.4039278 2.3440578 3.4573790 3.3661195 3.6031259 3.3371028 3.9134865 3.9157059 3.6074326 3.6037652 3.9332580 3.7687641 2.8546843 3.1125640 3.0980431 
Nvec_v1g239710                                                   3.0791201 2.9506646 2.5925448 0.1840255 0.7772542 1.6281512 0.7704592 0.8302879 0.7798243 0.7595868 0.8643430 0.8288017 0.9072868 1.4091575 0.9419479 2.8990256 3.0472467 1.5511529 0.9639963 1.6472236 1.5800690 1.6748191 1.7205188 1.8418358 1.7388449 2.4719427 1.3710932 1.6979765 1.5092219 1.7142752 1.8339524 2.3248250 2.1258545 3.5596232 2.1926527 1.9024139 0.0000000 1.7525446 1.7525446 1.9781176 2.0036011 3.6356601 3.7709520 4.8707750 3.1409634 2.4256418 2.9591012 2.4676750 4.6216999 2.3735086 2.0680670 2.1037498 2.0196761 2.0237926 2.0494740 2.0494405 3.3853239 2.8451520 2.4110924 3.0458980 3.0372989 2.9548760 3.3034557 2.2721876 2.1889495 2.5234868 2.8083711 2.8746613 2.4579551 3.1379421 2.9245181 3.3947053 3.1738290 4.5382623 4.2864086 3.8524447 4.1093780 4.2308523 4.3664317 2.5880214 3.4546971 3.0687636 
Opea_EP00118_Oscarella_pearsei_P001753                           2.8194924 2.6117352 2.6146066 1.2821046 1.7324216 3.0888867 1.5639821 1.6476387 1.6083327 1.7398838 1.8073865 1.5151621 1.7061298 1.7727508 1.6152758 2.1739706 2.4170975 1.5163963 1.7628359 1.7422628 1.6811544 1.7359549 1.7326764 1.8929613 1.8481698 2.8091247 1.7146097 1.9369638 1.9225435 2.0027863 1.9640826 2.0605685 1.9231982 2.8794122 2.3456271 2.0653190 1.7525446 0.0000000 0.0015545 1.1288933 1.1551213 3.2904494 3.2658891 4.6466644 2.6809720 2.4370336 2.5893029 2.9996258 4.7048603 1.9638327 2.0934054 2.1475629 2.1788016 2.1696659 2.0818827 2.0797794 2.6093800 2.3165583 2.0063296 2.4978713 2.4743066 2.6548304 2.5826220 1.8941802 1.9800340 2.5416828 2.5156968 3.1202870 1.9461910 2.8441885 2.7519226 3.1709781 2.9042530 3.5733033 3.4242661 3.3330290 2.9052223 3.5388845 3.4999547 2.6978054 3.1005500 2.7108295 
Ocar_g6992                                                       2.8238126 2.6158470 2.6186241 1.2918378 1.7346217 3.0888867 1.5660905 1.6496494 1.6103136 1.7420455 1.8073865 1.5174247 1.7083886 1.7748402 1.6333351 2.1765258 2.4170975 1.5156486 1.7628359 1.7443187 1.6831611 1.7389876 1.7357185 1.8917759 1.8503930 2.8091247 1.7178712 1.9392618 1.9248468 2.0027863 1.9673362 2.0639285 1.9267995 2.8794122 2.3481730 2.0676644 1.7525446 0.0015545 0.0000000 1.1288933 1.1551213 3.2884345 3.2616336 4.6466644 2.6791335 2.4454866 2.5863788 2.9996258 4.7048603 1.9632947 2.0957612 2.1499709 2.1812412 2.1721014 2.0842146 2.0821092 2.6137308 2.3210868 2.0120855 2.5018429 2.4785258 2.6593060 2.5868911 1.8921713 1.9871693 2.5416828 2.5156968 3.1202870 1.9396972 2.8488289 2.7570187 3.1744655 2.9087185 3.5711410 3.4221393 3.3383886 2.9103283 3.5443047 3.5055141 2.6928469 3.1076386 2.7108295 
Plajan_Pjan_scaffold18499_01                                     3.3081017 2.9595752 2.5035346 1.4225040 1.8578136 2.6639209 1.8722852 1.8300539 1.7689648 1.7954480 1.8447688 1.5884049 2.0354946 2.2016973 0.0000010 2.6632968 2.6173818 1.8263651 1.7349643 1.7557091 1.9892597 2.0244624 2.0133599 2.2427955 2.3927121 2.8239802 1.7422921 2.0421765 2.1290238 2.3339190 2.3081715 2.5082986 2.3006914 2.1973239 2.6662905 2.3499166 1.9781176 1.1288933 1.1288933 0.0000000 0.0000010 4.0684150 5.5332813 4.5759348 3.4857661 3.4661006 3.7333720 3.2073207 5.1417427 3.7178683 2.5659848 2.5499885 2.5894817 2.5862235 2.4729217 2.4724028 2.9159289 2.7725733 2.5893853 2.7519525 3.1721720 3.1858575 3.3489969 2.3925383 2.2315254 2.4103916 2.5889512 2.6608986 2.5522260 3.4608280 3.5506658 3.8314361 3.4000985 5.2287176 4.7856499 3.7982540 3.5899335 4.2027955 4.0123255 2.8426180 4.3878297 2.7227493 
Plajan_Pjan_scaffold18500_01                                     3.3316643 2.9829569 2.5265448 1.7103128 1.8840836 2.6639209 1.8843714 1.8405624 1.7794879 1.8059109 1.8447688 1.6159704 2.0651821 2.2376300 0.0000010 2.6982251 2.6173818 1.8496043 1.7349643 1.7794511 2.0150416 2.0497097 2.0333333 2.2638354 2.4323329 2.8239802 1.7877103 2.0691716 2.1562967 2.3626318 2.3554090 2.5402182 2.3311905 2.1317870 2.6975054 2.3879069 2.0036011 1.1551213 1.1551213 0.0000010 0.0000000 4.1661429 6.0265815 4.5759348 3.5807864 3.7399301 3.9864494 3.2073207 5.2106837 4.2331899 2.5830157 2.5670104 2.6065578 2.6033126 2.4895761 2.4890672 2.9543532 2.8180047 2.6868574 2.7958100 3.2163813 3.2254480 3.4064574 2.4950221 2.2781946 2.4103916 2.5889512 2.6608986 2.6316016 3.5042317 3.6043492 3.9009823 3.4553435 5.3077077 4.8650980 3.8645940 3.6630038 4.2805645 4.0598721 2.8922561 4.4961728 2.7227493 
Horcal_Hcv1.av93.c7.g296.i1                                      3.8140520 4.0330815 4.1493916 2.4704375 3.0483675 4.7304321 2.9081957 3.0219853 3.0339698 3.3786583 3.6206993 3.0526511 2.9680365 3.2233930 2.2465111 3.9591119 4.7451389 3.0566017 2.4553631 3.2535699 3.3691013 3.0708308 3.0153343 2.9682288 3.0218390 4.6891303 3.1171028 3.0769917 3.0311267 3.4289716 3.5231379 3.1458052 3.4838115 2.2060822 3.6602905 3.4641735 3.6356601 3.2904494 3.2884345 4.0684150 4.1661429 0.0000000 0.0718811 0.1425994 2.0281548 1.4689743 2.2120399 2.8939916 5.1711362 2.6427695 3.7736984 3.7176145 3.6052214 3.6263412 3.5660108 3.5547781 3.9886163 3.7531365 3.6694967 4.1730962 3.8104201 4.5707106 4.0545610 3.8516066 3.4833072 3.7868599 3.4936577 3.0086861 2.9483448 4.3615317 4.1007474 4.6166149 3.4997061 4.9293342 5.1368817 4.4138478 4.7741867 4.2089143 4.1641464 4.0008086 3.9823623 4.0995076 
Pbac_sb2649837                                                   3.5425971 3.1972248 4.4289923 2.6115773 2.8072099 0.0000010 3.0266960 3.1056582 3.1593637 3.9626726 7.5314933 3.1618931 2.6958588 2.8125578 2.2424357 3.2193343 4.2952227 2.9658506 0.0000010 3.4710440 3.6255329 3.0681979 2.9291111 2.8269627 2.8035939 6.1676748 3.1222576 3.0954211 3.0026400 4.3078359 3.2937199 2.7786366 3.1455072 2.7956425 3.0726673 3.0368875 3.7709520 3.2658891 3.2616336 5.5332813 6.0265815 0.0718811 0.0000000 0.0000010 1.5549488 1.4957332 1.8302812 6.2411627 8.9999985 2.7211871 3.9824338 3.9094847 3.8036356 3.8036356 3.7190388 3.7190388 3.4596202 3.3796445 4.0330315 3.8982329 3.4708028 3.9730323 3.5657201 3.6080028 3.2805265 3.9605697 4.1220047 0.0000010 2.8190870 3.4211435 3.5680697 3.8164378 2.9512527 4.3646247 5.0227708 4.2561911 3.9993859 3.3423723 3.6426737 4.1114574 4.0624581 4.7406603 
Pbac_sb2642328                                                   4.7709843 5.5116563 5.0601419 0.0000010 4.8852885 4.9415187 3.7276562 4.2079633 4.1215104 4.1516207 4.3355670 3.9674006 4.6611228 4.2892347 0.0000010 7.1970466 6.9088832 4.5880998 5.1990072 4.3291690 4.1765667 4.5265843 4.6053855 4.1271575 3.3300238 5.1150058 4.9226886 3.7119316 3.4930145 3.7921524 4.6536187 4.3431925 4.9763855 2.5526316 4.6936474 4.0135191 4.8707750 4.6466644 4.6466644 4.5759348 4.5759348 0.1425994 0.0000010 0.0000000 3.8726267 0.0000010 7.8997436 2.1719129 3.2001504 2.0966460 4.7084132 4.7592775 4.5086018 4.5755877 4.4156490 4.3816762 5.4087299 5.4865568 8.3839364 5.6866466 5.5269985 5.4920636 5.7033394 8.9999984 4.1591584 4.1118030 3.8248205 3.8108763 6.9785665 6.2753313 6.3899226 6.6695553 5.3011784 7.9206721 7.6327507 5.6676504 6.3102218 6.2837589 5.9475535 4.9058173 3.7203969 4.8698164 
Beraby_Baby_sb342181                                             3.8072748 3.6339457 3.4742711 2.2243686 3.0126559 4.1857092 2.5459588 2.6025339 2.4962358 2.9949262 2.9719668 2.4892271 2.3396485 2.6979099 1.7391458 3.3052871 3.8159719 2.7022032 3.7238356 2.7663573 2.6947196 2.8659121 3.0020097 2.9566390 3.0333045 3.4221353 2.8745097 2.8421012 2.7201687 3.1552057 3.3642405 2.9481152 3.1659218 2.4382793 3.0709438 2.8801755 3.1409634 2.6809720 2.6791335 3.4857661 3.5807864 2.0281548 1.5549488 3.8726267 0.0000000 0.6087441 1.0276176 1.2075157 3.7604698 2.3175945 3.0739970 3.0863029 3.0808713 3.0806637 3.1164325 3.1018366 4.1209965 3.4113597 3.3179173 3.8131520 3.6061100 4.1430767 3.5511126 3.1393435 3.3441865 4.1778095 3.8847016 4.5180093 2.5219596 4.1688714 3.9730389 4.0575257 3.8751916 4.4170872 4.2545604 3.9114832 4.4380780 4.4583380 3.9216781 3.9747308 4.3592509 3.7321785 
