79
Aque_Aqu2.1.20583_001                                        0.0000000 0.5664729 0.6384377 1.8012585 0.7960531 1.6045463 1.5728936 1.2258424 1.5881023 1.5498197 1.7220347 1.7418500 1.6976159 1.6241551 1.3604365 1.5550463 1.6233475 1.5905990 1.6876565 1.6951528 1.9075671 1.8674235 2.0804439 2.0865030 2.0586211 1.8603662 1.3416880 1.3452882 1.9140634 1.5442635 1.3263891 1.5501402 1.6076102 1.6836019 1.6703322 1.8549857 1.8403496 1.8403496 1.5501464 2.0028784 1.6958059 1.7512391 1.5894034 1.7187509 1.7342587 1.7718253 1.4549366 1.8077524 1.7764156 2.6537449 3.0551731 2.2138015 3.6040083 1.4299300 1.6809281 1.6628607 1.9339624 1.7656785 1.9685338 2.2155798 2.1556643 1.9491297 1.7648657 1.9603243 1.5729476 2.0072859 1.7414356 1.9105543 2.4140155 2.0353296 2.6707087 1.9922167 2.3017913 2.2052701 2.0080658 2.6803098 2.4843089 2.9273506 1.8156565 
Halamb_c50832_g2_i1m.29195                                   0.5664729 0.0000000 0.6711166 1.4617574 0.7447549 1.3785281 1.5288017 1.1148177 1.2657840 1.5279408 1.5685563 1.6332059 1.6517534 1.5786013 1.3085310 1.4578966 1.6817485 1.4812936 1.6407286 1.9390594 1.8475142 1.7733448 2.0442252 1.9772882 2.0281945 1.6294443 1.2655559 1.2909728 1.7556828 1.4248713 1.1354545 1.7261146 1.7815282 1.4926278 1.4777069 1.6625547 1.8260226 1.8260226 1.5673235 2.1672964 1.7362435 1.8187637 1.4969221 1.8727604 1.8844894 1.8458319 1.5099756 1.6876057 1.7005479 2.4477263 3.4929037 2.3613310 3.9772718 1.4694107 1.5757115 1.6596725 1.7930972 1.5736043 1.6091767 2.1721107 2.2427836 2.0879099 1.8041904 1.8914886 1.4578203 1.7404491 1.5756452 1.8623280 2.4125846 1.9174563 2.4529904 2.0117726 2.1033480 2.0381100 1.8437976 2.4098721 1.9193294 2.7486075 1.6558113 
Xestes_snap_masked-XT_scaffold4270-processed-gene-0.4-mRNA-1 0.6384377 0.6711166 0.0000000 1.5553551 0.7267232 1.3913080 1.6337490 1.0923460 1.2778640 1.4879751 1.7451480 1.6313644 1.7875626 1.7081725 1.4574942 1.7300211 1.7464134 1.8080906 1.6641806 1.9064119 2.0625280 2.0680300 2.4026788 2.3421305 2.2749916 1.9144373 1.3803118 1.3095387 2.1084893 1.5370780 1.5275917 1.8446810 1.8639163 1.7395480 1.7271582 2.0430388 1.9029558 1.9029558 1.4609975 1.8602847 1.8848829 1.9456442 1.6842063 1.6597252 1.6694599 2.0825641 1.4000368 1.7005486 1.8732646 2.1142614 3.1206344 2.0843531 3.5118201 1.3895260 1.7669012 1.7960806 1.4470824 1.7917971 1.7693917 2.1672149 2.3482819 2.0126420 1.8441491 2.0356151 1.5591140 1.9860928 1.8369891 1.8710656 2.3765203 1.9865684 2.3439003 2.1076816 2.3645832 2.1504568 1.9049741 2.6947330 2.4933138 3.1733583 1.6573291 
Nemnom_g10332.t1                                             1.8012585 1.4617574 1.5553551 0.0000000 2.2069120 0.5220869 1.1547356 1.9401886 1.7276025 1.2271206 1.9364099 1.5441855 1.4060516 1.5458709 1.8493521 1.6429207 1.8805249 1.9091739 1.4840551 2.0988047 1.7470278 1.6435423 1.6594930 1.6093154 1.7914606 1.5549304 2.2219619 1.3872756 1.5181195 1.6516394 2.8937511 1.7147675 1.9275306 2.4780224 2.4780224 2.4288536 2.6815175 2.6815175 2.0437564 2.6881643 2.4305795 2.5505697 1.7268205 1.4350657 1.4350657 2.2272859 2.1993434 1.7694214 2.3102860 2.0001882 3.0874067 2.6744941 2.9319112 2.1676275 2.1113161 2.3887429 1.7641595 1.7991736 2.8932508 2.0595882 2.4178860 2.4502085 2.2424324 2.4683612 1.7441037 2.1758891 1.1649104 1.8277070 1.7502041 2.8525626 2.6410430 2.3868256 2.1975365 2.4072851 1.9301340 2.2117253 2.5366194 4.0686548 3.2223178 
Nemnom_g10333.t1                                             0.7960531 0.7447549 0.7267232 2.2069120 0.0000000 0.1067951 0.5060733 0.7450498 0.8301765 0.6960295 0.8126560 0.9568233 1.0187162 0.9426388 0.8428294 0.8428294 0.9016351 1.0500813 1.1327989 0.8382879 1.1940388 1.2066227 1.9747522 1.9704181 1.8233625 1.0567994 1.0268125 1.0797180 0.8066951 0.8617272 0.7768421 0.8617866 1.1170377 1.1278738 1.1278738 1.1446675 1.2106285 1.2106285 1.4591184 1.3691391 1.0787890 1.1371105 0.8877301 1.0321358 1.0509261 0.9846893 1.0775538 0.9305713 0.9394373 1.0124174 2.0509790 0.7069537 3.7762989 1.2846417 1.4360175 1.2592412 1.0678157 1.2104483 0.9227859 1.2088470 1.1430482 0.9518410 1.0488266 0.8934458 0.8232351 1.0576163 1.0550055 1.3299675 1.6983823 1.4901633 3.8543927 0.9488662 1.0274308 1.3372193 1.3020522 6.3143904 1.1258653 2.4972548 1.0135671 
Rhoesc_Res_015398-T1                                         1.6045463 1.3785281 1.3913080 0.5220869 0.1067951 0.0000000 0.9207434 1.5186770 1.7178293 1.2646832 1.5153346 1.4124082 1.3998415 1.5149163 1.2112553 1.4861065 1.4768306 1.6763366 1.4415980 1.6232326 1.9742283 1.9688252 2.4082153 2.3574106 2.3454888 1.8013355 1.2336585 1.3298639 1.6228166 1.4449014 1.0692445 1.8181850 1.9019010 1.7357531 1.7359168 1.8449028 2.0389205 2.0389205 1.6772704 2.1135993 1.9217408 1.9714637 1.5549845 1.4395870 1.4472309 1.7268247 1.5945753 1.7234367 2.0522792 1.6594786 2.7143936 1.7748111 3.1146755 1.5874463 1.7280545 2.1727610 1.6193454 1.7414105 1.5714672 1.8988211 2.0717369 1.9975795 1.8792784 1.8052259 1.6603241 1.7438857 1.5703428 1.8219048 2.1080198 1.8819717 2.5197978 1.8189508 2.1032401 2.2879862 1.7849774 2.4233988 2.1444049 3.1742204 1.4593179 
Sanmal_Sma_021882-T1                                         1.5728936 1.5288017 1.6337490 1.1547356 0.5060733 0.9207434 0.0000000 1.6131666 1.8509884 1.2825407 1.4639942 1.4089921 1.4132979 1.3767715 0.9909213 1.3277485 1.3233053 1.4261638 1.5630691 1.5786715 1.5896491 1.6319339 2.0475869 2.0605718 2.0721110 1.6083778 0.8736423 1.2009610 1.4176337 1.5751454 0.9198355 1.3819207 1.4605033 1.4891633 1.4559910 1.6157429 1.5816125 1.5816125 1.3857799 1.7831346 1.8946835 1.9009803 1.5374609 1.4603002 1.4701871 1.8733881 1.5281023 1.6984409 1.5896242 1.9530900 2.9376568 1.7263300 3.0532034 1.3481126 1.5033347 1.9035938 1.6444990 1.5161026 1.5448896 2.0502502 2.0178061 2.0810407 1.8678039 1.7408932 1.7796400 1.7897389 1.7517182 1.6329645 2.0524708 1.5949196 2.2541084 1.8771111 2.0056456 1.8819327 1.7776887 2.7437026 1.9613360 2.3779367 1.1928327 
Stycar_snap_masked-SC_scaffold6130-processed-gene-0.2-mRNA-1 1.2258424 1.1148177 1.0923460 1.9401886 0.7450498 1.5186770 1.6131666 0.0000000 0.7596611 1.6843377 1.4891457 1.8267295 1.7227346 1.5911991 1.1802932 1.4783049 1.5720179 1.6577737 1.3751338 1.9550593 1.8552553 1.8535782 2.1666512 2.1609463 2.1882620 1.7762648 1.2419263 1.1636881 1.5926069 1.5623277 1.3525564 1.9380424 1.9590472 1.5665007 1.5649101 1.7723093 1.9274710 1.9274710 1.5132323 1.8842766 1.8595103 1.8243269 1.2039054 1.5146385 1.4972701 1.8257243 1.3686294 1.5715391 1.5501141 1.8267479 2.8975664 1.8825687 3.5212989 1.3473657 1.4248067 1.6429742 1.4047847 1.6673024 1.5487142 1.7534261 1.8411893 1.9156112 1.5649206 1.8301038 1.5303295 1.8407065 1.4027515 1.9345437 2.3122697 1.7550331 1.8877683 1.8876052 2.3096062 2.0949196 1.7200628 2.4774786 1.9174755 2.5868482 1.4579187 
Tetwil_g8186.t1                                              1.5881023 1.2657840 1.2778640 1.7276025 0.8301765 1.7178293 1.8509884 0.7596611 0.0000000 1.7119025 1.5358712 1.7831571 1.6585512 1.7006144 1.1039838 1.4121754 1.6744064 1.6823561 1.5529309 1.7108500 1.9479626 2.0197587 2.3321331 2.3097082 2.2185373 1.8678696 1.2791024 1.2441979 1.7082816 1.5392369 1.4730089 2.0487284 2.0429023 1.4416532 1.4424314 1.5493179 1.8393358 1.8393358 1.3131451 1.9255786 1.6437644 1.6337892 1.4450403 1.5689009 1.5782929 1.6869610 1.5376863 1.6951584 1.6026930 1.9479421 3.5073034 2.3385308 4.4233483 1.5578299 1.6598599 1.7711581 1.5148900 1.6557951 1.8477130 2.0753312 2.1479964 2.0663743 1.7630628 2.1910284 1.6392449 2.0290586 1.6457754 2.2205658 2.5988491 1.8495532 2.0720766 2.2079593 2.4391842 2.2117680 1.8302022 2.5740223 2.0250877 2.4594877 1.7558377 
Hvul_g5924_1                                                 1.5498197 1.5279408 1.4879751 1.2271206 0.6960295 1.2646832 1.2825407 1.6843377 1.7119025 0.0000000 1.4467042 1.2130160 1.3042893 1.1369885 1.1185305 1.0550386 1.2659251 1.2503321 1.4896799 1.3538119 1.4491141 1.4670623 1.9778086 1.9154211 1.8723130 1.4806447 1.3250691 1.6345191 1.4180825 1.6115827 1.2166475 1.4304635 1.4876611 1.6904517 1.6904517 1.5268648 1.8213326 1.8213326 1.8108901 1.8957701 1.9420153 1.9199452 1.5114106 1.4846663 1.5040140 1.0091196 1.6335926 1.5250445 1.7019717 1.5357216 2.2491579 1.4559258 2.4309716 1.7342904 1.6432185 1.5749485 1.6656225 1.6170348 1.8616872 1.9857668 1.9681118 1.5441127 1.5577651 1.4232208 1.8297135 1.3347700 1.1269383 1.4401177 1.5322384 1.8126066 2.2655857 1.6652645 1.8320976 2.1392062 1.4390123 2.4360110 1.9968967 2.9086326 1.4737214 
Ctel_gnl_WGS_AMQN_CAPTEDRAFT_mRNA161579                      1.7220347 1.5685563 1.7451480 1.9364099 0.8126560 1.5153346 1.4639942 1.4891457 1.5358712 1.4467042 0.0000000 1.3641601 1.3321134 1.5633947 1.0740278 1.3920660 1.3561937 1.3412448 1.5870965 1.3309118 1.3293782 1.3647845 1.6843608 1.6603063 1.6256391 1.4543788 0.8767212 1.0128495 1.2894929 1.3590853 0.9907127 1.4917498 1.5893810 1.1765038 1.1555990 1.4539484 1.5455531 1.5455531 1.2343504 1.4902363 1.5731636 1.5831975 1.4871211 1.2784057 1.2676003 1.6111412 1.3355173 1.6983530 1.6203465 1.7157474 2.8656387 1.8048575 3.2567434 1.3416186 1.3056104 1.7024923 1.4834169 1.6399123 1.8043500 1.8930189 2.0355950 2.0733414 1.6653263 1.8128508 1.5926839 1.4155836 1.4074345 1.8673761 2.2098890 1.5868354 1.9773914 1.7029714 2.1596987 2.1808395 1.6038812 2.4041252 1.8561764 2.4491944 1.3065156 
Spis_XP_022795208_1                                          1.7418500 1.6332059 1.6313644 1.5441855 0.9568233 1.4124082 1.4089921 1.8267295 1.7831571 1.2130160 1.3641601 0.0000000 0.1834345 0.4245835 0.5578420 0.6694799 1.0911659 1.1289753 1.1513351 1.3792358 1.3134353 1.3028135 1.6866822 1.6623302 1.6341050 1.2718146 0.8010395 0.9970311 1.0753046 1.4101622 1.1603512 1.4841108 1.5416715 1.3595193 1.4044479 1.4724934 1.7145268 1.7145268 1.4155414 1.7195474 1.7315017 1.7527950 1.4798236 1.5253528 1.5045848 1.5594679 1.3442410 1.9200499 1.7420762 1.5745813 2.5338173 1.7662226 2.6998453 1.2937602 1.5731929 1.7906951 1.5062908 1.5772367 1.5286411 1.7950192 1.7969045 1.6738912 1.9059708 1.4770399 1.3938077 1.6314636 1.3259069 1.5858013 1.8304940 1.4184851 1.8265364 2.0270580 2.1651492 1.8195574 1.7258392 2.4949140 1.7965446 2.5727778 0.5615423 
Pocdam_XM_027180676.1                                        1.6976159 1.6517534 1.7875626 1.4060516 1.0187162 1.3998415 1.4132979 1.7227346 1.6585512 1.3042893 1.3321134 0.1834345 0.0000000 0.4184901 0.6249929 0.7135093 1.1066001 1.0941830 1.0063146 1.3905712 1.5004478 1.4937726 1.9344878 1.9072351 1.8710066 1.4468891 0.8604196 0.8822403 1.1252898 1.4367215 1.2746689 1.3829369 1.4093088 1.3288188 1.3723701 1.4208006 1.7843338 1.7843338 1.4621980 1.7174398 1.7024573 1.7664639 1.4781403 1.3888994 1.3888637 1.6360631 1.4194539 1.9631000 1.8301672 1.5923969 2.7218040 1.9323833 3.0089166 1.2573970 1.5541513 1.8642343 1.4921094 1.6779423 1.5226272 1.7059078 1.7547309 1.6668004 1.8794376 1.5597601 1.4971589 1.5969911 1.3387939 1.6368683 1.8405289 1.4849854 1.9576979 1.8834909 2.4440587 1.8420244 1.8081013 2.4445776 1.7536424 2.7621062 0.5644633 
Gasp_gasp1.m3.9799.m1                                        1.6241551 1.5786013 1.7081725 1.5458709 0.9426388 1.5149163 1.3767715 1.5911991 1.7006144 1.1369885 1.5633947 0.4245835 0.4184901 0.0000000 0.4161299 0.6067354 1.1472243 1.0995461 1.1439805 1.5742946 1.7130157 1.6122491 2.0173560 2.0196357 2.0989382 1.5699280 0.8984900 0.8765750 1.2407090 1.5249972 1.2016531 1.5071093 1.3893950 1.5000002 1.5259785 1.6615349 1.7695694 1.7695694 1.3147777 1.8598634 1.9867651 2.1162189 1.5416600 1.4821994 1.4708699 1.7028425 1.2762660 1.9097878 1.6148209 1.6785876 2.5224586 1.8334812 2.9027302 1.3138214 1.5500315 1.9218246 1.5053339 1.6714680 1.6085629 1.8437925 1.8391451 1.7903289 2.0391415 1.5017982 1.3715481 1.8118887 1.4364013 1.7987294 1.9439067 1.4177945 1.8975211 2.1974049 2.3532422 2.0130879 1.7043959 2.5435348 1.9226338 2.4495055 0.3753662 
Amil_Amillepora26224-RA                                      1.3604365 1.3085310 1.4574942 1.8493521 0.8428294 1.2112553 0.9909213 1.1802932 1.1039838 1.1185305 1.0740278 0.5578420 0.6249929 0.4161299 0.0000000 0.0344939 0.7636659 0.8939815 0.9296745 1.1592711 1.1887252 1.1737199 1.6938534 1.6271688 1.6003552 1.1333362 0.8227644 0.9809707 0.9148563 1.1355123 1.0338657 1.1803151 1.2631782 1.3714715 1.3714715 1.3441789 1.6447540 1.6447540 1.2364919 1.6605893 1.6187666 1.6266868 1.1537568 1.0743030 1.0999410 1.1611461 1.1425538 1.4842141 1.3841465 1.3363306 2.3386320 1.4452712 2.4704924 1.2775297 1.4303716 1.4280077 1.3005713 1.2842832 1.5336802 1.4399186 1.4581874 1.3843647 1.5730095 1.5192520 1.7610061 1.2895007 0.9232386 1.3005171 1.4099230 1.5419108 1.9813581 1.5851790 1.9688593 1.7747615 1.4928451 2.3145205 1.2749869 1.9726769 0.6006366 
Adig_XM_015897200.1                                          1.5550463 1.4578966 1.7300211 1.6429207 0.8428294 1.4861065 1.3277485 1.4783049 1.4121754 1.0550386 1.3920660 0.6694799 0.7135093 0.6067354 0.0344939 0.0000000 1.0163698 1.1472006 1.1441076 1.5634245 1.4159374 1.3902289 1.8390461 1.7838470 1.7747122 1.3666916 0.8227644 0.9901943 1.1538238 1.4886146 1.0338657 1.3526367 1.3446707 1.4503574 1.4997906 1.5842244 1.8633770 1.8633770 1.3789171 1.8949964 1.8125215 1.8404082 1.3139084 1.3750784 1.3804353 1.5340953 1.2971216 1.8840568 1.6049173 1.6301381 2.7453044 1.8186188 2.8945979 1.3103405 1.4299311 1.6379672 1.5337742 1.7655306 1.6937981 1.8734462 1.9034623 1.8073335 1.9042409 1.7840316 1.5183888 1.6307405 1.2498771 1.6821153 1.9547384 1.6225380 2.0541298 2.1156529 2.4446486 2.0917407 1.7428473 2.5771983 2.1161586 2.4701927 0.6242963 
Dgig_XM_028557277.1                                          1.6233475 1.6817485 1.7464134 1.8805249 0.9016351 1.4768306 1.3233053 1.5720179 1.6744064 1.2659251 1.3561937 1.0911659 1.1066001 1.1472243 0.7636659 1.0163698 0.0000000 0.5536945 0.9296991 1.3898028 1.4323147 1.3152381 1.6367049 1.6102350 1.7314342 1.4268034 0.9499885 1.0711858 1.1884263 1.4202797 1.1352375 1.4469763 1.3942632 1.3609941 1.3809305 1.5941906 1.6829100 1.6829100 1.3757974 1.8593213 1.9364589 1.9431328 1.1981151 1.4021645 1.3778333 1.6192886 1.4314922 1.9251764 1.7470360 1.7056917 2.4919276 1.5776209 2.7443496 1.1942155 1.2979458 1.7378642 1.8241362 1.8899481 1.7897435 1.8675989 1.6801389 1.8552312 1.6616620 1.9190991 1.5064627 1.4689338 1.3207828 1.7208974 2.1479803 1.4547220 1.9191802 1.5072372 1.9020392 1.7914105 1.8933064 2.7632855 1.8613635 2.6378139 1.0512763 
Xesp_000401-T1                                               1.5905990 1.4812936 1.8080906 1.9091739 1.0500813 1.6763366 1.4261638 1.6577737 1.6823561 1.2503321 1.3412448 1.1289753 1.0941830 1.0995461 0.8939815 1.1472006 0.5536945 0.0000000 1.0613501 1.5155799 1.4411840 1.3200811 1.6522500 1.6270339 1.7525178 1.4240343 0.9742412 1.1321691 1.2425547 1.3991371 1.1535156 1.6423986 1.5500731 1.3310977 1.3282511 1.6804783 1.7982721 1.7982721 1.4437556 2.1097790 2.0101260 1.9868219 1.1952073 1.5058637 1.5137483 1.3975762 1.3498989 1.8776923 1.7759127 1.8080334 2.9959901 1.8658279 3.3920207 1.4817553 1.2829563 1.8153777 2.0146064 2.1568596 1.7286663 2.1164747 1.9815762 1.8115012 1.5686334 1.8862184 1.4119583 1.6003024 1.2841867 1.8947669 2.3756512 1.7247620 2.3383101 1.9599876 2.2559188 2.3890736 1.7878154 2.6553208 1.9697701 3.1656185 1.0816006 
Exapal_XM_021051270.2                                        1.6876565 1.6407286 1.6641806 1.4840551 1.1327989 1.4415980 1.5630691 1.3751338 1.5529309 1.4896799 1.5870965 1.1513351 1.0063146 1.1439805 0.9296745 1.1441076 0.9296991 1.0613501 0.0000000 1.5546399 1.3957984 1.4223510 1.8400338 1.8486819 1.8951971 1.4245697 0.7731205 0.8464930 1.3596219 1.2123787 1.3711362 1.5520352 1.5921244 1.3699291 1.3899537 1.7107301 1.7683093 1.7683093 1.4211747 1.8058968 1.6812718 1.7889292 1.5270100 1.1124323 1.0964105 1.7753728 1.2017947 1.8328605 1.6766768 1.6561008 2.3297991 1.7505636 2.5278061 1.3861119 1.6632227 2.0525691 1.5697307 1.8084034 1.6359688 1.4857668 1.6141069 1.8383609 1.8283867 1.8353957 1.4485814 1.4853276 1.2750287 1.7620594 1.9148102 1.3408402 1.7858061 1.9263297 2.1242018 2.0838820 1.8504318 2.4194752 1.7675819 2.7941060 1.0987810 
Cscu_XM_023387535.1                                          1.6951528 1.9390594 1.9064119 2.0988047 0.8382879 1.6232326 1.5786715 1.9550593 1.7108500 1.3538119 1.3309118 1.3792358 1.3905712 1.5742946 1.1592711 1.5634245 1.3898028 1.5155799 1.5546399 0.0000000 1.6100446 1.4435738 1.7465816 1.7225555 1.7975822 1.5736236 0.7119607 1.3242065 1.5765810 1.4184238 0.9882813 1.4930479 1.5061044 1.4050115 1.3935517 1.7311469 1.9070017 1.9070017 1.5912580 1.8898449 1.8008384 1.8247593 1.7160067 1.5913761 1.6102372 1.7353947 1.6870371 1.8725201 1.7010635 1.8893227 3.2599346 2.0166962 3.7686141 1.3596239 1.4140978 1.9032449 1.7153197 1.7468546 1.7684910 2.3368474 2.3671163 2.1063108 2.0950301 1.8326023 1.5131336 1.8592716 1.7849607 2.1272348 2.5871723 2.1816186 3.0840032 2.0608504 2.8337392 2.4860207 1.8150730 2.7422983 1.7363020 3.0138273 1.1023622 
HoiH23_PlH23_001304-RA                                       1.9075671 1.8475142 2.0625280 1.7470278 1.1940388 1.9742283 1.5896491 1.8552553 1.9479626 1.4491141 1.3293782 1.3134353 1.5004478 1.7130157 1.1887252 1.4159374 1.4323147 1.4411840 1.3957984 1.6100446 0.0000000 0.1594578 0.3627708 0.3736189 0.2116873 0.3667293 0.2984960 1.2733727 1.5178925 1.7136302 1.2612132 1.4963432 1.6021651 1.6174241 1.6761888 1.9169998 1.9214342 1.9214342 1.6968277 1.9390465 1.8422424 1.9165722 1.8221868 1.5209705 1.5291779 1.8377323 1.6632611 2.1017976 1.7093713 2.0973722 3.5385152 2.3641684 3.5003571 1.4465938 1.6633254 1.8597487 2.0672500 1.9761346 2.1381640 2.3740154 2.4859636 2.1004515 1.9736107 2.2532688 2.1126591 1.8896365 1.4442023 2.1594923 2.5535438 1.8299862 2.4322776 1.8895586 2.5190547 2.3987311 2.0412795 2.6588369 2.1199403 2.4691624 1.5059236 
HoiH04_mRNA14720                                             1.8674235 1.7733448 2.0680300 1.6435423 1.2066227 1.9688252 1.6319339 1.8535782 2.0197587 1.4670623 1.3647845 1.3028135 1.4937726 1.6122491 1.1737199 1.3902289 1.3152381 1.3200811 1.4223510 1.4435738 0.1594578 0.0000000 0.1979943 0.1783164 0.3451620 0.3373860 0.2923339 1.2334686 1.6088496 1.7498025 1.2099126 1.5792887 1.6692839 1.6045307 1.6629514 1.8452526 1.8372371 1.8372371 1.6563197 1.9172614 1.7714367 1.8943036 1.8671532 1.5658478 1.5018060 1.8646687 1.5982704 2.2417214 1.7930324 2.1239429 3.7668189 2.5447802 3.7040447 1.3975024 1.4287334 1.7209856 2.0941929 2.0542497 2.0637655 2.2207463 2.4319880 2.0542563 1.9990378 2.1866431 2.0493416 1.9138338 1.3960554 2.2294144 2.5407559 1.7595819 2.3398533 2.0323112 2.4501831 2.3034688 1.8270020 2.3469759 2.1993656 2.2778235 1.4267943 
Hhon_g08628.t1                                               2.0804439 2.0442252 2.4026788 1.6594930 1.9747522 2.4082153 2.0475869 2.1666512 2.3321331 1.9778086 1.6843608 1.6866822 1.9344878 2.0173560 1.6938534 1.8390461 1.6367049 1.6522500 1.8400338 1.7465816 0.3627708 0.1979943 0.0000000 0.0202972 0.1432560 0.5581110 0.7771265 1.6662828 2.0896492 2.1427274 1.7006885 2.0123949 2.0606564 2.0319857 2.1171388 2.1821650 2.1729548 2.1729548 2.1064079 2.2466323 2.1601989 2.2847664 2.2686743 1.8927178 1.8127926 2.2571796 2.1156097 2.6122937 2.1710481 2.6745069 3.9794614 3.2067894 4.1024163 1.8344724 2.0354461 2.0695006 2.4022659 2.3681961 2.4673169 2.7367733 2.9486653 2.5780007 2.4659213 2.8993434 2.0781062 2.2736604 1.7921617 2.5587778 2.5870558 2.1866855 2.2707259 2.2690829 3.4004308 2.9645835 2.2057903 2.3607264 2.6189622 2.7838633 1.9884477 
HoiH04_mRNA5325                                              2.0865030 1.9772882 2.3421305 1.6093154 1.9704181 2.3574106 2.0605718 2.1609463 2.3097082 1.9154211 1.6603063 1.6623302 1.9072351 2.0196357 1.6271688 1.7838470 1.6102350 1.6270339 1.8486819 1.7225555 0.3736189 0.1783164 0.0202972 0.0000000 0.1448411 0.5384487 0.7546797 1.6184507 2.1050555 2.1474426 1.7074111 1.9856268 2.0323985 1.9984880 2.0816130 2.1837763 2.1351838 2.1351838 2.1181143 2.2251006 2.1389074 2.2626518 2.2232769 1.9310992 1.8493127 2.1881481 2.0783781 2.5570975 2.1639674 2.7116540 3.9662822 3.1952156 4.1230634 1.8172565 2.0005267 2.0892868 2.3727355 2.3452854 2.4484607 2.7643410 2.9626481 2.5226189 2.4168390 2.8521803 2.0493416 2.2403764 1.8179998 2.5612915 2.5932384 2.1476035 2.2257205 2.2630755 3.2844545 2.9175377 2.1468549 2.3135417 2.6267719 2.8066302 1.9431001 
HoiH06_mRNA5993                                              2.0586211 2.0281945 2.2749916 1.7914606 1.8233625 2.3454888 2.0721110 2.1882620 2.2185373 1.8723130 1.6256391 1.6341050 1.8710066 2.0989382 1.6003552 1.7747122 1.7314342 1.7525178 1.8951971 1.7975822 0.2116873 0.3451620 0.1432560 0.1448411 0.0000000 0.5745158 0.7946443 1.5967352 2.0445050 2.0811888 1.7755025 1.9045217 1.9385969 2.0464160 2.1325674 2.1927950 2.1448935 2.1448935 2.0653619 2.2078542 2.0691297 2.1861846 2.1827895 1.9000048 1.9101771 2.1662896 2.0848256 2.4585458 2.0960996 2.5983301 3.6637466 2.8980394 3.7483025 1.8530919 2.2172309 2.2349077 2.3010503 2.3323817 2.4434014 2.7238044 2.9459012 2.5182644 2.4429921 2.8963850 2.1254358 2.2771342 1.8841960 2.5633074 2.6729802 2.2168536 2.3022351 2.0489660 3.4822834 3.0723891 2.3795711 2.6118933 2.5673525 2.8204854 1.9758291 
TrH2_TrispH2_004849-RA                                       1.8603662 1.6294443 1.9144373 1.5549304 1.0567994 1.8013355 1.6083778 1.7762648 1.8678696 1.4806447 1.4543788 1.2718146 1.4468891 1.5699280 1.1333362 1.3666916 1.4268034 1.4240343 1.4245697 1.5736236 0.3667293 0.3373860 0.5581110 0.5384487 0.5745158 0.0000000 0.0099006 1.3017721 1.6063600 1.6545480 1.1236662 1.6407280 1.7665500 1.6228927 1.6627386 1.8211532 1.9084531 1.9084531 1.6490575 2.0466464 1.7420153 1.8908624 1.9555091 1.4936507 1.4362585 1.8745452 1.6848151 2.1452659 1.7500388 2.0548355 3.8463357 2.4909804 3.6920986 1.4789452 1.5707256 1.7268855 1.8511869 1.8686545 1.9291116 2.2845051 2.4127364 2.0356122 2.0184869 2.1440332 2.1525549 1.9322172 1.5290885 2.0949460 2.5277703 1.5194719 2.2265342 2.0276356 2.3721525 2.4001994 1.8449745 2.2862732 2.1216893 2.2290540 1.3702133 
Tadh_TriadT22933                                             1.3416880 1.2655559 1.3803118 2.2219619 1.0268125 1.2336585 0.8736423 1.2419263 1.2791024 1.3250691 0.8767212 0.8010395 0.8604196 0.8984900 0.8227644 0.8227644 0.9499885 0.9742412 0.7731205 0.7119607 0.2984960 0.2923339 0.7771265 0.7546797 0.7946443 0.0099006 0.0000000 1.1175090 0.9771598 1.1408212 1.0349366 0.9038131 1.1209489 1.2480543 1.2480543 1.2786230 1.3178221 1.3178221 1.3636291 1.4096517 1.1281619 1.2202591 1.4217120 1.0086234 0.9515989 1.0464653 1.0976785 1.1419671 1.0347951 1.2124778 2.9063813 1.4474058 2.8002004 1.0559409 1.2415940 1.0340007 1.2030313 1.0782823 1.2606253 1.6476225 1.6257259 1.3780278 1.2943778 1.0552374 1.7435092 1.2256617 1.1671564 1.2652394 1.2680051 1.1778956 2.2555321 1.2198004 1.4015941 1.4861182 1.4364640 2.0976414 1.0633486 1.4625704 0.8602720 
Nvec_v1g216472                                               1.3452882 1.2909728 1.3095387 1.3872756 1.0797180 1.3298639 1.2009610 1.1636881 1.2441979 1.6345191 1.0128495 0.9970311 0.8822403 0.8765750 0.9809707 0.9901943 1.0711858 1.1321691 0.8464930 1.3242065 1.2733727 1.2334686 1.6662828 1.6184507 1.5967352 1.3017721 1.1175090 0.0000000 1.0245881 1.0801562 1.2823505 1.0946050 1.1706669 1.1912618 1.1912618 1.2713424 1.3730322 1.3730322 1.3398104 1.2589921 1.5006479 1.6225235 1.2339189 1.2592560 1.2668957 1.6218691 1.1375623 1.5816771 1.3139709 1.5068733 2.1255595 1.6262226 2.8359121 1.4665262 1.4925821 1.8135915 1.3400632 1.4005095 1.4423480 1.5500418 1.5299854 1.5656859 1.3216749 1.1817021 1.5643256 1.3059924 0.8641512 1.6964447 1.8708280 1.5329149 1.9857814 1.4626327 2.1418936 1.7041088 1.4642011 2.3669183 1.1897970 2.1649258 0.8893610 
Hsap_ENST00000370205                                         1.9140634 1.7556828 2.1084893 1.5181195 0.8066951 1.6228166 1.4176337 1.5926069 1.7082816 1.4180825 1.2894929 1.0753046 1.1252898 1.2407090 0.9148563 1.1538238 1.1884263 1.2425547 1.3596219 1.5765810 1.5178925 1.6088496 2.0896492 2.1050555 2.0445050 1.6063600 0.9771598 1.0245881 0.0000000 1.2464287 0.9432057 1.4556538 1.5331096 1.2803653 1.2748338 1.4966417 1.5462484 1.5462484 1.5002049 1.7545637 1.6461501 1.6593919 1.3675631 1.3006666 1.3266644 1.9369088 1.3929305 1.9698517 1.6855481 1.4301582 2.8082736 1.8540649 3.1201883 1.5254575 1.8440700 1.8914596 1.5696973 1.8083600 1.6673435 1.5021658 1.6404536 1.7169155 1.6834707 1.5294876 1.6772150 1.4283422 1.1557309 1.7670923 1.9289740 1.7048322 2.0894168 1.7859330 2.2170296 2.1201330 1.9409236 2.6881763 1.6692858 2.7168242 1.2696783 
Bralan_BLAG13000600_1                                        1.5442635 1.4248713 1.5370780 1.6516394 0.8617272 1.4449014 1.5751454 1.5623277 1.5392369 1.6115827 1.3590853 1.4101622 1.4367215 1.5249972 1.1355123 1.4886146 1.4202797 1.3991371 1.2123787 1.4184238 1.7136302 1.7498025 2.1427274 2.1474426 2.0811888 1.6545480 1.1408212 1.0801562 1.2464287 0.0000000 1.0086820 1.3639715 1.3659661 1.3292616 1.3333580 1.7962842 1.8778509 1.8778509 0.9920003 1.7619843 1.6232337 1.6553691 1.2337604 1.0835404 1.0810167 1.8344156 1.1864528 1.5460943 1.4956848 1.7110382 2.6035781 1.6558674 3.1712171 1.4259301 1.5642164 1.9465053 1.4465313 1.4654810 1.6181615 1.8469660 1.9213024 2.0552697 1.7560656 1.9686247 1.6341371 1.3714266 0.8425566 1.6836267 1.9932616 1.7028250 2.1110066 2.1730912 2.3499647 2.2151156 1.6563606 2.2557765 0.6681402 2.3995906 1.2143562 
Morvir_scaffold196.g19.t1                                    1.3263891 1.1354545 1.5275917 2.8937511 0.7768421 1.0692445 0.9198355 1.3525564 1.4730089 1.2166475 0.9907127 1.1603512 1.2746689 1.2016531 1.0338657 1.0338657 1.1352375 1.1535156 1.3711362 0.9882813 1.2612132 1.2099126 1.7006885 1.7074111 1.7755025 1.1236662 1.0349366 1.2823505 0.9432057 1.0086820 0.0000000 0.8289498 1.0654607 0.8714202 0.8714202 0.9187146 1.0806802 1.0806802 1.2766150 1.2159894 1.0715822 1.0588582 1.2850453 1.3233973 1.3377260 1.2557498 1.3579646 0.9568029 0.9954947 1.3425327 1.9881501 1.1470555 2.9153987 1.4873416 1.4670164 1.4975392 1.3429979 1.0251358 1.4314257 1.8619107 1.7167674 1.5724820 1.1084242 1.0013585 1.7066525 1.1577339 1.1869838 1.5475260 1.7658917 1.3680676 2.3663889 1.2433471 1.2291837 1.6373078 1.2903324 2.4683118 1.0168502 2.1629967 1.1470689 
Opea_EP00118_Oscarella_pearsei_P009101                       1.5501402 1.7261146 1.8446810 1.7147675 0.8617866 1.8181850 1.3819207 1.9380424 2.0487284 1.4304635 1.4917498 1.4841108 1.3829369 1.5071093 1.1803151 1.3526367 1.4469763 1.6423986 1.5520352 1.4930479 1.4963432 1.5792887 2.0123949 1.9856268 1.9045217 1.6407280 0.9038131 1.0946050 1.4556538 1.3639715 0.8289498 0.0000000 0.0749669 1.3722570 1.3703116 1.5995973 1.7152633 1.7152633 1.4938843 1.9141625 1.7487675 1.9054413 1.7886808 1.6667288 1.6844127 1.6890482 1.5996947 1.4288125 1.5196312 1.8934661 2.7573295 1.9692332 2.7446623 1.3545527 1.4688746 1.6832481 1.6842469 1.8092372 1.9289898 2.0503206 2.0450506 1.6021094 1.9169747 1.9884231 1.8208495 1.7180374 1.5808510 1.6617903 2.1100189 1.7381153 2.4578859 1.9344128 2.1889576 1.8376005 1.7723681 2.7046953 2.1889817 2.9417024 1.3810821 
Ocar_g4947                                                   1.6076102 1.7815282 1.8639163 1.9275306 1.1170377 1.9019010 1.4605033 1.9590472 2.0429023 1.4876611 1.5893810 1.5416715 1.4093088 1.3893950 1.2631782 1.3446707 1.3942632 1.5500731 1.5921244 1.5061044 1.6021651 1.6692839 2.0606564 2.0323985 1.9385969 1.7665500 1.1209489 1.1706669 1.5331096 1.3659661 1.0654607 0.0749669 0.0000000 1.3869011 1.3852510 1.5865734 1.6585891 1.6585891 1.5488548 1.9491530 1.8559512 1.9592334 1.7101307 1.7297967 1.7489858 1.7204279 1.5791059 1.4655727 1.6089618 1.9877954 2.7714346 2.0051433 2.6989397 1.4084381 1.4920391 1.8260471 1.6434400 1.7403052 1.9004773 2.2077984 2.1501897 1.7673548 1.9480675 2.1592230 1.8208495 1.7291451 1.7111016 1.7003821 1.9947536 1.7480188 2.4917164 1.9431898 2.2467708 1.9508156 1.7814154 2.5396249 2.1524152 2.9277081 1.2651417 
Bolinf_Binf_sb1217222                                        1.6836019 1.4926278 1.7395480 2.4780224 1.1278738 1.7357531 1.4891633 1.5665007 1.4416532 1.6904517 1.1765038 1.3595193 1.3288188 1.5000002 1.3714715 1.4503574 1.3609941 1.3310977 1.3699291 1.4050115 1.6174241 1.6045307 2.0319857 1.9984880 2.0464160 1.6228927 1.2480543 1.1912618 1.2803653 1.3292616 0.8714202 1.3722570 1.3869011 0.0000000 0.0000010 0.4707629 0.4212167 0.4212167 0.6207758 0.7697641 0.6268783 0.6483062 1.4481401 1.4628175 1.4728327 1.7981073 1.3130500 1.5784598 1.5718972 1.9319463 2.6233955 1.7266491 2.9916665 1.3463986 1.6091842 1.7626417 1.4501730 1.6215116 1.8278639 1.9069475 1.9443316 1.9421966 1.8267487 1.9144599 2.1082433 1.5794462 1.5598211 1.7695543 2.1976485 1.6351812 2.1556190 1.5527545 2.0655850 1.6564728 1.5987706 2.3405819 1.4627039 2.3409119 1.6136381 
Mertsp_Mesp_sb536594                                         1.6703322 1.4777069 1.7271582 2.4780224 1.1278738 1.7359168 1.4559910 1.5649101 1.4424314 1.6904517 1.1555990 1.4044479 1.3723701 1.5259785 1.3714715 1.4997906 1.3809305 1.3282511 1.3899537 1.3935517 1.6761888 1.6629514 2.1171388 2.0816130 2.1325674 1.6627386 1.2480543 1.1912618 1.2748338 1.3333580 0.8714202 1.3703116 1.3852510 0.0000010 0.0000000 0.4604718 0.4315157 0.4315157 0.6207758 0.7799350 0.6328405 0.6548788 1.4261595 1.4770470 1.4874206 1.8017134 1.2781591 1.5140104 1.5411740 1.9466723 2.6040020 1.6999671 2.9794285 1.3463986 1.6091842 1.7634738 1.4828573 1.6210773 1.8278639 1.9223811 1.9589930 1.9623744 1.7867389 1.9462272 2.1082433 1.5205419 1.5677879 1.7893755 2.2487043 1.6351812 2.1556190 1.5568191 1.9935988 1.6003025 1.5959463 2.3632351 1.4359021 2.3409119 1.6136381 
Lampan_Lpan_C403335_01                                       1.8549857 1.6625547 2.0430388 2.4288536 1.1446675 1.8449028 1.6157429 1.7723093 1.5493179 1.5268648 1.4539484 1.4724934 1.4208006 1.6615349 1.3441789 1.5842244 1.5941906 1.6804783 1.7107301 1.7311469 1.9169998 1.8452526 2.1821650 2.1837763 2.1927950 1.8211532 1.2786230 1.2713424 1.4966417 1.7962842 0.9187146 1.5995973 1.5865734 0.4707629 0.4604718 0.0000000 0.5756576 0.5756576 0.6436399 0.8434631 0.7808492 0.7918975 1.6305036 1.6192512 1.6283663 1.7208589 1.4208386 1.7176504 1.9276828 2.3411869 3.0414381 1.9129046 3.5227372 1.5224641 1.7100172 1.9679601 1.6361589 1.8200204 2.0877863 2.3959339 2.2240907 2.1607852 1.9797403 1.9400678 1.9190597 1.6813845 1.8854431 1.9449340 2.4273856 1.6687701 2.2913265 1.7819516 2.2329978 1.9257314 2.0017216 3.2201177 2.1950747 2.5329995 1.7704409 
Bolinf_Binf_sb1234057                                        1.8403496 1.8260226 1.9029558 2.6815175 1.2106285 2.0389205 1.5816125 1.9274710 1.8393358 1.8213326 1.5455531 1.7145268 1.7843338 1.7695694 1.6447540 1.8633770 1.6829100 1.7982721 1.7683093 1.9070017 1.9214342 1.8372371 2.1729548 2.1351838 2.1448935 1.9084531 1.3178221 1.3730322 1.5462484 1.8778509 1.0806802 1.7152633 1.6585891 0.4212167 0.4315157 0.5756576 0.0000000 0.0000010 0.6881441 0.8101010 0.7543055 0.7936465 2.0348449 1.7388698 1.7513038 2.2663182 1.6905371 1.8942737 1.7374967 2.5665535 3.0119900 2.0584743 3.5009846 1.6093839 1.8491135 2.0547001 1.8918378 1.7870436 1.7816787 2.3026099 2.3614174 2.5101061 1.9347279 2.2090686 1.9646876 1.8547468 1.9658538 2.2525758 2.9135488 1.8051692 2.5201439 1.9457753 2.2396233 1.9043591 1.8279369 2.7896440 2.2564588 2.6402160 1.8708416 
Bolinf_Binf_sb1234058                                        1.8403496 1.8260226 1.9029558 2.6815175 1.2106285 2.0389205 1.5816125 1.9274710 1.8393358 1.8213326 1.5455531 1.7145268 1.7843338 1.7695694 1.6447540 1.8633770 1.6829100 1.7982721 1.7683093 1.9070017 1.9214342 1.8372371 2.1729548 2.1351838 2.1448935 1.9084531 1.3178221 1.3730322 1.5462484 1.8778509 1.0806802 1.7152633 1.6585891 0.4212167 0.4315157 0.5756576 0.0000010 0.0000000 0.6881441 0.8101010 0.7543055 0.7936465 2.0348449 1.7388698 1.7513038 2.2663182 1.6905371 1.8942737 1.7374967 2.5665535 3.0119900 2.0584743 3.5009846 1.6093839 1.8491135 2.0547001 1.8918378 1.7870436 1.7816787 2.3026099 2.3614174 2.5101061 1.9347279 2.2090686 1.9646876 1.8547468 1.9658538 2.2525758 2.9135488 1.8051692 2.5201439 1.9457753 2.2396233 1.9043591 1.8279369 2.7896440 2.2564588 2.6402160 1.8708416 
Coemet_Cmet_scaffold4532_01                                  1.5501464 1.5673235 1.4609975 2.0437564 1.4591184 1.6772704 1.3857799 1.5132323 1.3131451 1.8108901 1.2343504 1.4155414 1.4621980 1.3147777 1.2364919 1.3789171 1.3757974 1.4437556 1.4211747 1.5912580 1.6968277 1.6563197 2.1064079 2.1181143 2.0653619 1.6490575 1.3636291 1.3398104 1.5002049 0.9920003 1.2766150 1.4938843 1.5488548 0.6207758 0.6207758 0.6436399 0.6881441 0.6881441 0.0000000 0.5313280 0.6392776 0.7362472 1.3337259 1.3226885 1.3198997 1.9056822 1.2576124 1.5169891 1.6806238 1.8479877 2.6928463 1.6711481 3.3346829 1.1997003 1.6610471 1.5932124 1.3314722 1.6099776 1.8725873 1.9987949 2.0152911 1.8986583 1.5836302 1.7179658 2.5011625 1.4761192 1.2105994 1.8034891 2.2201332 2.0632551 2.7308971 1.5732473 1.6496599 1.5087325 1.3293991 2.2468041 1.0451971 1.7473975 1.3803773 
Vmul_Simscaffold15393_01                                     2.0028784 2.1672964 1.8602847 2.6881643 1.3691391 2.1135993 1.7831346 1.8842766 1.9255786 1.8957701 1.4902363 1.7195474 1.7174398 1.8598634 1.6605893 1.8949964 1.8593213 2.1097790 1.8058968 1.8898449 1.9390465 1.9172614 2.2466323 2.2251006 2.2078542 2.0466464 1.4096517 1.2589921 1.7545637 1.7619843 1.2159894 1.9141625 1.9491530 0.7697641 0.7799350 0.8434631 0.8101010 0.8101010 0.5313280 0.0000000 0.9862265 1.0496152 1.6604993 1.9441111 1.9296747 2.1926933 1.4235173 1.9519913 1.8220862 2.1969259 2.7979802 1.9029912 3.3346795 1.5143216 1.8839876 2.2255462 1.7732014 1.7675277 1.9988420 2.3561089 2.5254322 2.3476888 2.0012839 2.0146961 2.2017492 1.7655885 1.9354341 2.4148691 2.9222559 2.1051321 2.6748658 2.0119026 2.2744289 1.8793339 2.0313017 3.5758225 2.1065570 2.2817403 1.8519295 
Horcal_Hcv1.av93.c6.g1030.i1                                 1.6958059 1.7362435 1.8848829 2.4305795 1.0787890 1.9217408 1.8946835 1.8595103 1.6437644 1.9420153 1.5731636 1.7315017 1.7024573 1.9867651 1.6187666 1.8125215 1.9364589 2.0101260 1.6812718 1.8008384 1.8422424 1.7714367 2.1601989 2.1389074 2.0691297 1.7420153 1.1281619 1.5006479 1.6461501 1.6232337 1.0715822 1.7487675 1.8559512 0.6268783 0.6328405 0.7808492 0.7543055 0.7543055 0.6392776 0.9862265 0.0000000 0.0756979 1.7626915 1.7569315 1.7430220 1.9837395 1.5173568 1.8430755 1.9943879 2.0893649 2.7544582 1.9922732 3.2436107 1.5344978 2.0048223 2.1030350 1.7692681 1.5995015 2.0847127 2.3122704 2.6554178 2.5739310 2.2915316 2.1705311 2.1969086 1.9918157 1.9487119 2.1695710 2.6178084 1.9303809 2.6752749 1.7853974 2.1756709 1.8224142 2.0965668 3.2257241 2.2110565 2.0760064 1.9491729 
Pbac_sb2656261                                               1.7512391 1.8187637 1.9456442 2.5505697 1.1371105 1.9714637 1.9009803 1.8243269 1.6337892 1.9199452 1.5831975 1.7527950 1.7664639 2.1162189 1.6266868 1.8404082 1.9431328 1.9868219 1.7889292 1.8247593 1.9165722 1.8943036 2.2847664 2.2626518 2.1861846 1.8908624 1.2202591 1.6225235 1.6593919 1.6553691 1.0588582 1.9054413 1.9592334 0.6483062 0.6548788 0.7918975 0.7936465 0.7936465 0.7362472 1.0496152 0.0756979 0.0000000 1.7969918 1.7364493 1.7264284 2.0707811 1.5608157 1.8904257 2.0316758 2.1162586 2.8096097 2.0852218 3.4327439 1.6188461 2.0466244 2.0585397 1.8541651 1.5416840 1.9921567 2.4087162 2.8387943 2.5639044 2.3400653 2.1995848 2.1722257 2.1260630 1.8964215 2.1655335 2.4740165 1.9289598 2.6457269 1.7894727 2.2604995 1.9475070 2.1682314 3.3457166 2.2758565 2.2420240 2.0065196 
Cgig_XM_011436848.3                                          1.5894034 1.4969221 1.6842063 1.7268205 0.8877301 1.5549845 1.5374609 1.2039054 1.4450403 1.5114106 1.4871211 1.4798236 1.4781403 1.5416600 1.1537568 1.3139084 1.1981151 1.1952073 1.5270100 1.7160067 1.8221868 1.8671532 2.2686743 2.2232769 2.1827895 1.9555091 1.4217120 1.2339189 1.3675631 1.2337604 1.2850453 1.7886808 1.7101307 1.4481401 1.4261595 1.6305036 2.0348449 2.0348449 1.3337259 1.6604993 1.7626915 1.7969918 0.0000000 1.8091960 1.8192994 1.5813201 1.2856006 1.4735232 1.8310704 1.6110659 2.6583214 1.6238171 3.2706572 1.5772688 1.5282101 1.9215685 1.4272379 1.6415137 1.6902383 1.8282844 1.9863208 1.8391134 1.8508047 1.8607826 1.3776413 1.4355928 1.3333793 2.0976630 2.4512421 1.6513969 1.8235843 1.7158566 2.2061647 1.9347641 1.7635576 3.0582530 1.8142939 2.6856719 1.4713123 
Spur_XM_030995757.1                                          1.7187509 1.8727604 1.6597252 1.4350657 1.0321358 1.4395870 1.4603002 1.5146385 1.5689009 1.4846663 1.2784057 1.5253528 1.3888994 1.4821994 1.0743030 1.3750784 1.4021645 1.5058637 1.1124323 1.5913761 1.5209705 1.5658478 1.8927178 1.9310992 1.9000048 1.4936507 1.0086234 1.2592560 1.3006666 1.0835404 1.3233973 1.6667288 1.7297967 1.4628175 1.4770470 1.6192512 1.7388698 1.7388698 1.3226885 1.9441111 1.7569315 1.7364493 1.8091960 0.0000000 0.0147225 1.5742455 1.7094428 1.9572452 1.7606600 1.8260769 2.7374532 2.0385862 3.2829507 1.5114847 1.7282582 2.1037369 1.4990406 1.7615036 1.8158212 1.5647360 1.8360852 2.0247855 2.2353621 2.2132385 1.7624476 1.6908699 1.1668445 1.6537302 1.8254981 1.8098055 2.1440382 2.0321073 2.3082987 2.5890124 1.9280163 2.4019108 1.7900467 2.8155832 1.3195966 
Spur_XM_030996179.1                                          1.7342587 1.8844894 1.6694599 1.4350657 1.0509261 1.4472309 1.4701871 1.4972701 1.5782929 1.5040140 1.2676003 1.5045848 1.3888637 1.4708699 1.0999410 1.3804353 1.3778333 1.5137483 1.0964105 1.6102372 1.5291779 1.5018060 1.8127926 1.8493127 1.9101771 1.4362585 0.9515989 1.2668957 1.3266644 1.0810167 1.3377260 1.6844127 1.7489858 1.4728327 1.4874206 1.6283663 1.7513038 1.7513038 1.3198997 1.9296747 1.7430220 1.7264284 1.8192994 0.0147225 0.0000000 1.5637630 1.7181424 1.9426117 1.7468237 1.7912348 2.7257203 2.0274066 3.2280918 1.5128677 1.7241018 2.1063258 1.4754302 1.7606494 1.8304949 1.5455434 1.8152833 1.9970224 2.2132940 2.2424877 1.7953391 1.6831174 1.1438245 1.6533593 1.7876509 1.7742112 2.0930292 2.0515173 2.3157992 2.6026970 1.8422657 2.3086988 1.7835217 2.7683089 1.3206240 
Chem_TCONS_00031788                                          1.7718253 1.8458319 2.0825641 2.2272859 0.9846893 1.7268247 1.8733881 1.8257243 1.6869610 1.0091196 1.6111412 1.5594679 1.6360631 1.7028425 1.1611461 1.5340953 1.6192886 1.3975762 1.7753728 1.7353947 1.8377323 1.8646687 2.2571796 2.1881481 2.1662896 1.8745452 1.0464653 1.6218691 1.9369088 1.8344156 1.2557498 1.6890482 1.7204279 1.7981073 1.8017134 1.7208589 2.2663182 2.2663182 1.9056822 2.1926933 1.9837395 2.0707811 1.5813201 1.5742455 1.5637630 0.0000000 1.5856311 1.7660912 1.9279114 2.0751676 3.1317741 2.0601848 3.3284158 1.8085950 1.6833020 1.8619835 1.9911534 1.5964018 1.9652759 2.2725998 2.6153093 2.3079886 2.1692967 2.3185613 2.0081119 1.9581319 1.8477973 1.6921327 1.8247842 2.0806044 2.5471996 2.3797396 2.2031412 2.3900714 1.8491948 2.7871223 2.3959656 2.9205264 1.3132922 
