116
Lcom_lcpid36361                                                  0.0000000 0.7969664 0.9590096 0.7861435 0.9980280 2.4131848 2.2376185 2.1856258 1.4475863 1.3255150 1.1117813 1.5372596 1.6217113 1.1432563 1.6178674 1.4139002 1.9729077 1.2895587 1.4450206 1.4230624 1.1310787 1.4781973 1.3134578 1.4794743 1.3602800 1.5595710 1.4291120 1.4269522 1.4941552 1.6590849 1.2171346 1.7168364 1.5405908 1.6169807 1.4042260 2.1370148 2.3005124 1.5132794 2.0517230 2.0421822 2.0393088 2.1129934 2.0896094 1.9685508 1.9828079 2.9472199 1.9212207 1.9611748 1.9785286 1.4282059 1.3993183 2.0618724 1.8083688 2.0703514 2.0703514 2.0734650 2.0734650 2.1041362 1.9801124 1.9781233 2.0305472 2.3381180 2.3381180 2.1154403 2.1154403 1.7200671 1.7200671 1.6583808 1.6583808 2.2411812 1.5525128 1.5525128 1.4987554 1.6273650 2.2176748 1.6326363 1.9704590 2.1554503 2.0294391 2.2583827 2.2179435 1.8694518 2.5225243 2.5225243 1.8221772 2.5258115 2.0788230 2.2068500 2.0199630 2.0692571 2.4995124 2.2809784 2.2170814 2.0300969 1.9611765 2.9583416 2.8743633 2.1474755 2.3471231 2.4526189 1.9496418 2.5999510 1.6775758 2.1650582 2.3934630 3.6079852 2.6570264 2.7690007 2.5527206 2.2986797 3.5835823 2.8432411 4.1575202 1.3020623 4.6367555 2.6893139 
Gracom_Gcom_C550038_01                                           0.7969664 0.0000000 0.6262631 0.6095937 0.9742298 2.1056349 1.9648256 1.9708215 1.3942508 1.3672239 0.9912426 1.3349987 1.4166577 1.0673623 1.4400841 1.2866530 1.7225863 1.1440217 1.2530526 1.2565298 1.0846166 1.3614437 1.1900966 1.4573782 1.3899310 1.4611509 1.3038595 1.2986659 1.3835819 1.4954721 1.1938545 1.5739906 1.4271831 1.5305086 1.3854039 1.8571563 2.1195098 1.3796128 1.8736512 1.8730960 1.8694346 1.9281209 1.9247896 1.9095991 1.8016668 2.8326840 1.7799311 1.7846158 1.8579073 1.3110703 1.1854186 1.8485858 1.6094815 1.8645321 1.8645321 1.9397961 1.9397961 1.8698689 1.8884119 1.8873513 1.9259635 2.1737913 2.1737913 2.0009932 2.0009932 1.6521486 1.6521486 1.5998822 1.5998822 2.0878864 1.4657269 1.4657269 1.3297670 1.4638994 2.1235980 1.4138940 1.8456653 1.7953828 1.9414998 2.1020569 1.9364615 1.8781443 2.7119910 2.7119910 2.3378668 2.3944976 1.9856791 2.0740100 1.7336916 1.7973973 2.2627912 1.9693958 2.0034899 1.7685400 1.8490811 2.3830879 2.4909109 1.9266372 2.2713609 2.1953879 1.9814124 2.0986126 1.4812651 2.2475366 2.2650886 3.2220204 2.4731656 2.6521092 2.2852038 2.1416464 2.8965294 2.7509344 4.1645913 1.2186562 4.8269817 2.4200661 
Scil_scict008043.1                                               0.9590096 0.6262631 0.0000000 0.7161617 1.0898229 3.3308339 3.1165010 3.7182439 1.8961077 1.7255739 2.0566209 1.9052011 1.9555759 2.0566209 1.9157038 2.0779649 2.0649891 1.8379715 2.1815251 1.9281562 1.9543421 2.2962529 1.7944164 2.1174460 1.9473266 2.1823482 1.9307008 1.9160409 2.0269738 2.3650353 2.2005687 2.4732214 1.9920253 2.3639774 1.7275854 3.5165609 3.1423344 4.0867974 3.1597437 3.5933602 3.5933602 3.5328596 3.8366294 3.7404462 3.3444157 3.3740887 3.1958841 3.2358739 3.2937046 2.0566209 2.0566209 2.9435395 2.5968162 3.1363847 3.1363847 3.0160914 3.0160914 2.8823660 2.9535722 2.9535722 3.1084623 3.4888065 3.4888065 3.9974404 3.9974404 3.9044123 3.9044123 5.7889510 5.7889510 2.8358704 5.4654883 5.4654883 2.0239357 3.7740058 2.2829948 2.5373783 2.5450720 4.7455430 4.2191203 5.3489134 5.2899409 3.8163055 4.8868137 4.8868137 0.5031964 2.8165664 3.5550831 3.7979702 2.8937064 3.3818249 4.5340900 3.4107987 3.3818530 3.3681919 3.6343291 4.4221546 4.3683161 3.1889263 4.8576508 4.1921080 2.7766751 2.1102273 1.6302085 2.1443252 3.6686782 3.8278675 5.5151368 3.9472352 3.5859557 3.0468308 2.0473539 5.7433941 4.5155980 0.5149117 4.3939138 8.5708642 
Leuniv_Lniv_scaffold17301_01                                     0.7861435 0.6095937 0.7161617 0.0000000 1.0029642 2.1255841 1.9584312 2.0009840 1.3520905 1.3483133 0.9244951 1.2810922 1.2843013 0.9498156 1.3709566 1.2674122 1.6237615 1.1702384 1.2367845 1.2549594 1.0867267 1.3228806 1.1947465 1.3822327 1.2537889 1.4661933 1.2744201 1.2724430 1.3586615 1.5095339 1.1717409 1.6427442 1.4649163 1.5441683 1.3635161 1.8830077 2.2425209 1.3491627 1.8647303 1.8643783 1.8771262 1.8899160 1.8527144 1.9383021 1.9257726 3.3133416 1.8892742 1.8917371 1.9455200 1.3628906 1.3049437 2.0397178 1.7875548 1.9829308 1.9829308 2.0387575 2.0387575 1.9563051 1.9898619 1.9908691 2.0260127 2.0935885 2.0935885 1.9643407 1.9643407 1.5024950 1.5024950 1.4408113 1.4408113 2.3308272 1.5452521 1.5452521 1.2767033 1.3766290 2.1705277 1.4014635 1.7227136 1.8569486 1.9571255 1.9258596 1.8053095 1.7722531 2.3341227 2.3341227 1.8345297 2.0842412 1.9592290 1.9360446 1.7816945 1.5559014 2.2755865 2.0678732 2.0089562 1.7638472 1.9127691 2.6756847 2.5292071 1.8297629 2.3420757 2.3344523 2.0033738 2.3011496 1.4450418 2.2053929 2.2914114 3.4007298 2.6532824 2.5675213 2.2784732 2.1399642 2.9318633 2.9262493 4.9180732 0.9981023 4.5029260 2.5816076 
Clacor_Ccor_scaffold12057_01                                     0.9980280 0.9742298 1.0898229 1.0029642 0.0000000 2.0331680 2.0375316 2.0446880 1.2627256 1.2923418 0.9190239 1.1966749 1.2083549 0.9201904 1.2131636 1.2655910 1.7439717 1.1657363 1.2488955 1.2644610 1.1935830 1.3575943 1.3070234 1.2831155 1.2568234 1.2746373 1.2422016 1.2389025 1.2453050 1.3923952 1.0619739 1.4538612 1.2771748 1.4377553 1.2903080 1.5952484 1.9432152 1.2794069 1.6081791 1.6116587 1.6088281 1.5601105 1.6261182 1.7570960 1.7178575 2.6335162 1.6787578 1.7299379 1.6902854 1.3002829 1.1467333 1.7369728 1.6143260 1.7226809 1.7226809 1.7953945 1.7953945 1.7158370 1.8732186 1.8710147 1.9017293 2.0248388 2.0248388 2.0134322 2.0134322 1.6150519 1.6150519 1.4347427 1.4347427 2.3247739 1.5729580 1.5729580 1.2252980 1.3969253 2.5694290 1.3182332 1.7300665 1.8700831 1.8301020 2.0050492 1.9907038 1.7964763 2.1847272 2.1847272 2.2060983 1.7001939 2.0349629 2.0155673 1.8156497 1.7897663 2.2257397 2.0331283 1.9154499 1.8578167 1.8138602 2.6214544 2.6146405 1.8493509 2.0375277 2.2853358 1.6792705 1.9573962 1.3442749 2.6504608 2.2545722 3.7535385 2.4192947 2.5758333 2.2430872 1.9026893 5.6845492 2.4134283 4.5388857 1.3170459 2.7988414 2.4563253 
Aque_Aqu2.1.33462_001                                            2.4131848 2.1056349 3.3308339 2.1255841 2.0331680 0.0000000 0.5578613 0.6859838 1.8764489 1.8567020 1.3052663 1.9391314 1.8635234 1.3313740 1.9655333 1.8659636 2.3127877 1.7542001 1.7918910 1.8517654 1.6716057 2.0209988 1.6353609 1.7631226 1.6932223 1.7557520 1.8056598 1.8056598 1.8249996 1.8336397 1.6783343 1.7460221 1.7663324 1.9588804 1.7307449 1.9384862 2.4172689 1.5816058 1.9657013 1.9343371 1.9326066 1.7824624 1.9164861 2.1189247 2.1332652 4.1733307 2.0900704 2.0600726 2.1331073 1.3505737 1.1555277 2.1276288 1.9337628 2.0378824 2.0378824 2.2427428 2.2427428 2.1372664 2.1254188 2.1269232 2.1185350 2.3406844 2.3406844 2.0604663 2.0604663 1.5171389 1.5171389 1.3344475 1.3344475 2.5522903 1.6184461 1.6184461 1.8418343 1.6347122 4.1301382 2.1206662 2.2798394 1.3755726 1.2922711 1.6124238 1.4726312 1.5959997 2.7131967 2.7131967 2.3492484 2.2048560 2.2822872 2.2064081 2.3085922 2.2332650 2.8201524 2.4366877 2.1829130 2.1242461 2.1631854 2.7202367 2.8546143 2.1971999 2.7001438 2.7338051 2.0613222 3.2246059 2.1501761 2.8005820 2.2294910 3.0842932 2.4592787 2.8539496 2.5914930 2.5755405 3.6781642 2.6305931 4.2708299 1.0528633 5.7036306 3.6734179 
Halamb_c35677_g1_i1m.8863                                        2.2376185 1.9648256 3.1165010 1.9584312 2.0375316 0.5578613 0.0000000 0.5108809 1.6487279 1.8053791 1.2718819 1.7412905 1.7515758 1.1990779 1.7838503 1.6693875 2.0618850 1.5512212 1.6290365 1.6185329 1.5490982 1.7216646 1.5221024 1.6842954 1.5408632 1.5278128 1.7345456 1.7345456 1.6953250 1.7837233 1.4721344 1.6167755 1.6736852 1.6138143 1.6432386 1.8330840 2.2018863 1.4273904 1.8540617 1.8179088 1.8179695 1.6973167 1.9181537 1.8328255 2.0145683 4.1477622 1.9946252 1.9645802 2.0683869 1.3304962 1.1431016 1.9469348 1.9061273 1.9228762 1.9228762 1.8656495 1.8656495 1.9248163 1.9211927 1.9227634 1.9504515 2.2616828 2.2616828 2.0302331 2.0302331 1.5592120 1.5592120 1.3275254 1.3275254 2.4568044 1.5662344 1.5662344 1.6762439 1.4115010 3.3015756 1.7997254 1.9170330 1.2196546 1.0517393 1.4673678 1.3705687 1.3537869 2.6092656 2.6092656 2.0498149 2.0658774 2.1549778 2.0038747 2.1981118 1.8566485 2.4007562 2.2615930 2.0797006 1.8926832 1.9393130 2.6739062 2.7622117 2.0440629 2.3458250 2.5805570 1.9915551 2.9262864 1.9962666 3.1210999 1.9836384 2.7899023 2.4230264 2.8849565 2.3330827 2.3565038 2.8973905 2.4385436 3.9374911 0.9248077 6.0475955 3.5419169 
Xestes_augustus_masked-XT_scaffold3710-processed-gene-0.5-mRNA-1 2.1856258 1.9708215 3.7182439 2.0009840 2.0446880 0.6859838 0.5108809 0.0000000 1.4766369 1.5578880 1.1527734 1.6002746 1.5844332 1.1315165 1.6519346 1.3940101 1.6106042 1.3293127 1.3891410 1.4844648 1.3203133 1.5260710 1.3512723 1.4832078 1.4051196 1.3487927 1.5726666 1.5726666 1.5313408 1.5594908 1.3043953 1.5607819 1.6214761 1.4113299 1.4838589 1.7607739 2.1514451 1.3920961 1.8150144 1.7713985 1.7686144 1.7195010 1.9211463 1.8966576 1.9213954 4.0558184 1.9356445 1.9043361 1.9236574 1.1766765 1.0177223 1.7608058 1.6192191 1.8069689 1.8069689 1.8153386 1.8153386 1.8281954 1.7492922 1.7482657 1.7626384 2.2085226 2.2085226 1.9327579 1.9327579 1.4754617 1.4754617 1.2673150 1.2673150 2.4124079 1.3846736 1.3846736 1.5947384 1.4409014 3.4723729 1.8660951 1.9492018 1.2692756 1.0867642 1.4372673 1.4657234 1.4710743 2.5198078 2.5198078 1.9420603 2.1500048 1.9923851 1.9013599 1.9648548 1.8034962 2.1923959 2.2667632 1.9728214 1.9223015 1.8255888 2.5240546 2.5921406 1.9728238 2.3057340 2.3593117 1.9481765 2.9052563 1.7789300 2.8603192 2.0859069 3.0303643 2.2537959 2.8250189 2.1302741 2.5632751 3.6835466 2.3396048 4.0687819 1.0013904 5.2673672 3.5930011 
Bralan_BLAG17000874_1                                            1.4475863 1.3942508 1.8961077 1.3520905 1.2627256 1.8764489 1.6487279 1.4766369 0.0000000 0.6785696 0.3765436 0.7766527 0.7861382 0.4473630 0.7811477 0.5884416 0.8257674 0.5536154 0.5794233 0.6583840 0.4931690 0.6981885 0.5629335 0.6104020 0.5596100 0.6658917 0.6453695 0.6412070 0.6887674 0.5808737 0.4418030 0.6703596 0.5717650 0.6686429 0.5883499 1.1205476 1.4940900 0.6730409 1.1602853 1.1344950 1.1322460 1.1460255 1.0939656 1.1544069 1.4670598 2.6689898 1.4686268 1.4460866 1.4881320 0.9291399 0.9421385 1.5475911 1.1995688 1.5794537 1.5794537 1.5400910 1.5400910 1.5099860 1.5559941 1.5544753 1.5993534 1.7607199 1.7607199 1.4435190 1.4435190 1.1512685 1.1512685 1.2120445 1.2120445 1.5545000 1.0934140 1.0934140 1.0885156 1.1424485 2.6162540 1.4291640 1.8845213 1.6296193 1.6487194 1.7400538 1.7399124 1.4260961 1.9963347 1.9963347 1.4700290 1.7379146 1.2883885 1.3162946 1.2848797 1.4167835 1.6753940 1.8239684 1.3422784 1.4299528 1.2459560 2.1940842 2.1707890 1.2874844 1.6776032 1.7486582 1.3146216 1.4742375 0.8729263 1.1277558 1.7447990 2.4399119 2.1400475 2.3228772 2.0607631 1.5931863 2.3592355 1.8320854 2.7964339 0.8807728 2.5361775 1.3708580 
Morvir_scaffold389.g3.t1                                         1.3255150 1.3672239 1.7255739 1.3483133 1.2923418 1.8567020 1.8053791 1.5578880 0.6785696 0.0000000 0.3845306 0.5279321 0.4705277 0.3177927 0.4290109 0.5955146 0.8220829 0.5844010 0.5891709 0.6570057 0.6402893 0.6653029 0.6863378 0.6371846 0.5463810 0.6337775 0.5914619 0.5895558 0.6108044 0.6479529 0.4990278 0.7509958 0.7535365 0.7483868 0.6754924 1.0362325 1.2493838 0.7818346 1.0150354 1.0266410 1.0246788 1.0274316 1.0437222 1.1601626 1.2556850 1.8108936 1.2302550 1.2217078 1.2422254 1.0246087 0.9743563 1.3516630 1.3149291 1.4060374 1.4060374 1.2948317 1.2948317 1.2978707 1.3323554 1.3341282 1.3767612 1.4068907 1.4068907 1.4144249 1.4144249 1.1736119 1.1736119 1.1807175 1.1807175 1.5187408 1.0506684 1.0506684 1.0575251 0.9937371 2.1072451 1.2984677 1.4585107 1.4445289 1.5216798 1.5711614 1.5230681 1.4447348 1.8759752 1.8759752 1.4172529 2.2954429 1.2025579 1.2520680 1.2143218 1.7565129 1.5844659 1.7593652 1.1999269 1.3137565 1.2982145 2.0411413 2.1179881 1.2710818 1.5638093 1.5859044 1.3735997 0.9335639 0.6082318 1.7384698 1.7638643 2.5795515 1.8913012 2.0611963 1.8171223 1.5548078 3.1539423 1.8580539 3.8215620 0.9782110 1.6320823 1.7190332 
Hvul_g23253_1                                                    1.1117813 0.9912426 2.0566209 0.9244951 0.9190239 1.3052663 1.2718819 1.1527734 0.3765436 0.3845306 0.0000000 0.2944619 0.2719732 0.3051084 0.3270804 0.3574462 0.5785805 0.3514307 0.3491209 0.4343704 0.3980468 0.4071017 0.3342095 0.3435166 0.3782814 0.3533784 0.3653316 0.3653316 0.3745924 0.3879715 0.3523878 0.4455702 0.4034857 0.4869579 0.4803367 0.6855389 0.9091260 0.7136996 0.7136996 0.6829773 0.6829773 0.5473093 0.6912522 0.6657030 1.0077119 0.0000010 1.0077119 1.0077119 1.0906283 0.9670719 0.9091251 1.1222536 1.1222536 1.2194841 1.2194841 1.0529035 1.0529035 1.0589828 1.0806900 1.0806900 1.0786853 1.3392748 1.3392748 1.3392748 1.3392748 1.2193374 1.2193374 1.1258954 1.1258954 1.5861082 0.9743732 0.9743732 0.7154920 1.0454285 2.1466168 0.9381066 1.0378636 0.8485011 0.9970670 0.9713136 0.9013237 1.0151524 1.1810012 1.1810012 1.4277286 1.9071051 0.7549195 0.7329782 0.7131694 1.2569241 1.1107383 1.2066410 0.7683258 0.8317212 0.8059700 1.6768601 1.7896220 0.8232268 1.0749511 1.1853347 0.9123923 1.2882238 0.4707657 2.4313129 1.5341507 3.3102236 1.1963515 1.6220082 1.4790535 1.1738215 1.8074994 0.8310009 2.9042741 0.8766714 1.7100527 1.5491939 
Nemnom_g18484.t1                                                 1.5372596 1.3349987 1.9052011 1.2810922 1.1966749 1.9391314 1.7412905 1.6002746 0.7766527 0.5279321 0.2944619 0.0000000 0.1588005 0.3293331 0.3372897 0.7615877 1.0269523 0.6484351 0.7365909 0.7903724 0.6758276 0.8562867 0.6814822 0.7731902 0.7065412 0.7653302 0.6752319 0.6763787 0.7613279 0.8285638 0.6613441 0.9198886 0.8522219 0.8593333 0.8191763 1.2149744 1.6018943 0.8308270 1.2416152 1.1952249 1.1928599 1.2232959 1.2264742 1.2901006 1.4817749 2.5530031 1.5054553 1.4739715 1.5302118 0.9377042 0.9536470 1.5319201 1.2496075 1.5036799 1.5036799 1.5737304 1.5737304 1.4971606 1.5446402 1.5431440 1.5695854 1.8838858 1.8838858 1.5419482 1.5419482 1.2259233 1.2259233 1.2563927 1.2563927 1.7723396 1.1673786 1.1673786 1.1640558 1.1017688 2.0181667 1.3539907 1.6255306 1.6792837 1.7682024 1.7640662 1.7633682 1.6460355 2.2931217 2.2931217 1.4956697 1.9136199 1.4972076 1.4840183 1.4393081 1.3508561 1.7545621 1.9090640 1.4436188 1.5406163 1.4173537 2.3648169 2.6338629 1.4604050 1.8095620 1.7335286 1.4051878 1.1201544 0.3657985 2.1503982 1.9686210 2.8644838 2.0779888 2.2728523 2.1100176 1.7442408 2.2197596 2.0996191 2.5290025 0.8504235 3.3385469 1.5279477 
Rhoesc_Res_004729-T1                                             1.6217113 1.4166577 1.9555759 1.2843013 1.2083549 1.8635234 1.7515758 1.5844332 0.7861382 0.4705277 0.2719732 0.1588005 0.0000000 0.3288882 0.3082543 0.7698594 1.0235184 0.6476484 0.7157070 0.7818777 0.6659650 0.8155627 0.6900865 0.7718713 0.7452944 0.7606429 0.6745537 0.6702976 0.7402094 0.8051528 0.6502930 0.9300943 0.8071759 0.8311358 0.8037848 1.1776114 1.5375040 0.8044557 1.1852425 1.1704738 1.1681241 1.1671554 1.1804080 1.2437516 1.4962683 2.6980683 1.5033510 1.4884761 1.5566924 0.9173790 0.9168940 1.5636024 1.2846105 1.6088252 1.6088252 1.5677005 1.5677005 1.4655358 1.5212481 1.5227021 1.5541560 1.8406701 1.8406701 1.5321258 1.5321258 1.2132412 1.2132412 1.2005799 1.2005799 1.7584609 1.1952900 1.1952900 1.1396138 1.0427378 1.9889727 1.3879719 1.6166021 1.6929066 1.8141750 1.8462619 1.7687391 1.6177400 2.2326717 2.2326717 1.4317228 1.9424212 1.4998729 1.5184710 1.4896091 1.3956987 1.7574846 1.8492557 1.4668873 1.5303921 1.4722869 2.4152798 2.6537891 1.4761551 1.8919462 1.8726656 1.3928643 1.1747415 0.3848732 2.3773135 1.9803956 2.8955909 2.1962215 2.3954881 2.2158469 1.7807364 2.2544670 2.1181988 2.6937293 0.8585742 3.3353815 1.4943140 
Chem_TCONS_00062125                                              1.1432563 1.0673623 2.0566209 0.9498156 0.9201904 1.3313740 1.1990779 1.1315165 0.4473630 0.3177927 0.3051084 0.3293331 0.3288882 0.0000000 0.3163786 0.4311657 0.6300271 0.4329586 0.4116751 0.5121388 0.4691835 0.4798239 0.4250425 0.4037384 0.4149368 0.4416663 0.4499489 0.4499489 0.4281621 0.5140026 0.4349458 0.4796572 0.4650937 0.5444010 0.5155951 0.6173558 0.8577349 0.6224026 0.6224026 0.6041381 0.6041381 0.4891284 0.6290508 0.7434735 0.9458560 0.0000010 0.9458560 0.9458560 1.0304145 0.9658967 0.9284270 1.0575508 1.0575508 0.9868708 0.9868708 0.9755004 0.9755004 0.9783878 1.1197296 1.1197296 1.1188808 1.1523056 1.1523056 1.1523056 1.1523056 1.1222821 1.1222821 1.1049606 1.1049606 1.2209880 0.8473549 0.8473549 0.7360162 1.1199170 2.2683360 1.0170239 1.0619040 0.8819810 0.9487763 0.8658572 0.8524274 0.9858458 1.3578621 1.3578621 1.5627393 2.1215141 0.8567131 0.8681304 0.8997433 1.2814395 1.2001832 1.2396509 0.9001535 0.8880346 0.8988663 1.7105204 1.8710515 0.9003113 1.1463067 1.3237059 1.0052094 1.6770903 0.5333489 3.4888304 1.5425296 3.7888421 1.2025019 1.7404556 1.4200433 1.1623561 1.7929218 0.8623322 2.9412548 0.8129228 1.8090637 1.7907056 
Sanmal_Sma_023476-T1                                             1.6178674 1.4400841 1.9157038 1.3709566 1.2131636 1.9655333 1.7838503 1.6519346 0.7811477 0.4290109 0.3270804 0.3372897 0.3082543 0.3163786 0.0000000 0.7547031 1.0187276 0.6758041 0.7367708 0.8026564 0.7021875 0.8399090 0.7098861 0.7595339 0.6823327 0.7421021 0.6600547 0.6588913 0.7548222 0.7579953 0.7030942 0.9256815 0.8296220 0.8749630 0.8330304 1.1446355 1.5221093 0.8473392 1.1923974 1.1829141 1.1805378 1.1324602 1.1372380 1.2329828 1.4625406 2.4478339 1.4819277 1.4634124 1.4953026 0.9589925 0.9694835 1.5171247 1.2718266 1.5731292 1.5731292 1.4898470 1.4898470 1.4679097 1.4656479 1.4560031 1.5092275 1.7744678 1.7744678 1.4936636 1.4936636 1.2365284 1.2365284 1.2624387 1.2624387 1.6769368 1.1500892 1.1500892 1.2055253 1.0512260 2.2939772 1.4334242 1.6901168 1.5712204 1.6043976 1.7021197 1.7360948 1.5902397 2.1777624 2.1777624 1.4317228 1.8745583 1.4025028 1.5010972 1.3947849 1.3766660 1.7716548 1.8643468 1.3351567 1.4710097 1.3917675 2.2715017 2.3799570 1.3777957 1.7904404 1.7833534 1.3683247 1.0362790 0.3701533 1.8136929 2.0341929 3.0169548 2.0496173 2.3667568 2.1642682 1.7267130 2.1085321 2.0513712 2.4513374 0.8760987 3.0106728 1.5425611 
Spis_XP_022797558_1                                              1.4139002 1.2866530 2.0779649 1.2674122 1.2655910 1.8659636 1.6693875 1.3940101 0.5884416 0.5955146 0.3574462 0.7615877 0.7698594 0.4311657 0.7547031 0.0000000 0.0512812 0.1011831 0.1185781 0.2446732 0.1367894 0.2006044 0.1976220 0.4133240 0.3821940 0.6648796 0.5225057 0.5236288 0.5378749 0.6581359 0.5690438 0.7541880 0.7057005 0.6964796 0.6985470 1.1174625 1.5202565 0.7335212 1.2000381 1.1526773 1.1503924 1.1869939 1.1566766 1.1797033 1.3803531 2.5210382 1.3707638 1.3682268 1.4413867 0.9193657 0.9332077 1.4656030 1.2429454 1.4870294 1.4870294 1.4108890 1.4108890 1.4547485 1.4385588 1.4378432 1.4703808 1.6706723 1.6706723 1.4230342 1.4230342 1.1837274 1.1837274 1.1935419 1.1935419 1.5203404 1.0760329 1.0760329 1.0169227 1.0659375 3.0962356 1.4185252 1.9373942 1.5405811 1.5879969 1.7386223 1.6168669 1.4138619 2.0909316 2.0909316 1.5441957 1.7957692 1.3702202 1.4766590 1.4154960 1.3706668 1.6994924 1.9305871 1.3774526 1.3446471 1.3630818 2.0202583 2.0087395 1.3533725 1.6940123 1.7032913 1.3119866 1.3692292 0.9002503 1.0543260 1.6993801 2.3372730 2.1252500 2.3957165 2.1013119 1.7995932 1.5661183 1.5638757 2.2937695 0.8543402 2.9044374 1.5387054 
Pocdam_XM_027196685.1                                            1.9729077 1.7225863 2.0649891 1.6237615 1.7439717 2.3127877 2.0618850 1.6106042 0.8257674 0.8220829 0.5785805 1.0269523 1.0235184 0.6300271 1.0187276 0.0512812 0.0000000 0.1359352 0.1423408 0.2936572 0.2513684 0.2707081 0.2413369 0.6004470 0.5330863 0.9182457 0.6721099 0.6738636 0.7155253 0.9159423 0.9375476 1.0289431 0.9789465 0.9242123 0.9638987 1.5037454 2.4273130 0.9749200 1.6050565 1.5450286 1.5409683 1.4743095 1.6099925 1.6814033 1.8007633 2.5058715 1.7941241 1.7850163 1.8485945 1.2078330 0.9793925 1.8067490 1.5775370 1.9330789 1.9330789 1.7500221 1.7500221 1.8750633 1.7921068 1.7908131 1.8414533 2.0749525 2.0749525 1.8373494 1.8373494 1.6037261 1.6037261 1.1965592 1.1965592 2.2724758 1.5015129 1.5015129 1.3725701 0.9769549 3.0534218 2.0033138 1.9856871 2.1389499 2.1014177 2.3126591 2.3046644 1.8579626 2.8209510 2.8209510 2.0731782 1.5092795 1.8020872 2.0484819 1.9519918 1.2524927 2.1453498 2.5196655 1.8139613 1.8112845 1.8436571 2.4148636 2.2267338 1.7905325 2.1438891 2.0998221 1.7127576 1.3520771 1.2691226 1.0538905 1.9808384 2.3234093 2.7874844 2.9071765 2.6818667 2.2077586 1.4921265 1.3978105 2.4528504 1.2667665 2.8116542 2.1941416 
Gasp_gasp1.m3.30960.m1                                           1.2895587 1.1440217 1.8379715 1.1702384 1.1657363 1.7542001 1.5512212 1.3293127 0.5536154 0.5844010 0.3514307 0.6484351 0.6476484 0.4329586 0.6758041 0.1011831 0.1359352 0.0000000 0.0866785 0.1992170 0.1111168 0.1633722 0.1624254 0.3251449 0.2934950 0.5578466 0.4983570 0.4983570 0.5094753 0.6022287 0.4862597 0.6464534 0.6314331 0.6035068 0.6184927 0.9906555 1.3081307 0.7111606 1.0489252 1.0036479 1.0014351 1.0511257 1.0140231 1.0932192 1.3195391 2.3670755 1.3134361 1.3057672 1.3389451 0.9270550 0.9396357 1.3712012 1.3041837 1.3878162 1.3878162 1.3466570 1.3466570 1.2949998 1.3357630 1.3374098 1.3573770 1.5739465 1.5739465 1.4913629 1.4913629 1.1943790 1.1943790 1.2026981 1.2026981 1.6262878 1.1026568 1.1026568 0.9294724 1.0792223 2.4035104 1.2776346 1.7162619 1.3231797 1.3236240 1.5045502 1.4690957 1.3316319 1.8380633 1.8380633 1.5441957 1.7719979 1.1403779 1.1994601 1.1721809 1.2670181 1.4665254 1.5765933 1.2080415 1.2509601 1.1175858 1.9009977 1.8931431 1.1483166 1.5840515 1.5420538 1.2354623 1.3591245 0.7509077 1.0855320 1.7304151 2.4611625 1.8822446 2.2375849 1.9221747 1.6217081 1.5634265 1.6035597 2.2145916 0.8420606 1.7589957 1.5401265 
Fspp_ffun1.m4.13082.m1                                           1.4450206 1.2530526 2.1815251 1.2367845 1.2488955 1.7918910 1.6290365 1.3891410 0.5794233 0.5891709 0.3491209 0.7365909 0.7157070 0.4116751 0.7367708 0.1185781 0.1423408 0.0866785 0.0000000 0.2033505 0.1162255 0.1544666 0.1543298 0.3962096 0.3579656 0.6494254 0.5057751 0.5068807 0.5230927 0.6261948 0.5169978 0.7276638 0.7008204 0.6818581 0.6702021 1.1111950 1.4719733 0.6884158 1.1639239 1.1376565 1.1353970 1.1905541 1.1434405 1.1634806 1.3986858 2.4015503 1.3726984 1.3817562 1.4156253 0.9139737 0.9286323 1.4677309 1.2842866 1.4456594 1.4456594 1.3769592 1.3769592 1.3970168 1.4281499 1.4296140 1.4485342 1.5952243 1.5952243 1.4092795 1.4092795 1.1674646 1.1674646 1.1916641 1.1916641 1.5072137 1.0653115 1.0653115 1.0187258 1.0512522 2.9978982 1.4242158 1.9553849 1.5533288 1.5675912 1.6609504 1.6199123 1.4074114 2.0226799 2.0226799 1.5032249 1.8509991 1.3110140 1.4074158 1.3995536 1.2786620 1.6214082 1.8507456 1.3151635 1.3483899 1.2518421 2.0362844 2.0912612 1.3217274 1.6919279 1.6865396 1.3289397 1.3176012 0.8348516 1.1472955 1.6845217 2.3195533 2.0900543 2.3441452 2.1334506 1.7572208 1.4321667 1.5434482 2.4429804 0.8241320 2.9172902 1.5287715 
Adig_XM_015904568.1                                              1.4230624 1.2565298 1.9281562 1.2549594 1.2644610 1.8517654 1.6185329 1.4844648 0.6583840 0.6570057 0.4343704 0.7903724 0.7818777 0.5121388 0.8026564 0.2446732 0.2936572 0.1992170 0.2033505 0.0000000 0.0344903 0.2152941 0.0371759 0.4304928 0.4239597 0.7016952 0.5869909 0.5869909 0.5990028 0.7563531 0.5876790 0.7665155 0.7744471 0.7908021 0.7413681 1.0763718 1.3642071 0.7686647 1.1421448 1.0835602 1.0812581 1.1110591 1.0894472 1.2513688 1.5030798 2.5776545 1.4549254 1.4707476 1.5350719 1.0269428 1.0651744 1.5624629 1.3603311 1.6143172 1.6143172 1.5163798 1.5163798 1.4579848 1.4971960 1.4987531 1.5344320 1.7135244 1.7135244 1.5228888 1.5228888 1.3486031 1.3486031 1.4493162 1.4493162 1.5555789 1.1394684 1.1394684 1.0333041 1.1720289 2.3703934 1.3402074 1.7539201 1.4941400 1.6169240 1.6456790 1.5973969 1.4731997 1.9910005 1.9910005 1.9756678 1.7270098 1.3427524 1.3837725 1.3609036 1.3826007 1.6740128 1.7162931 1.3722877 1.3846405 1.3438227 2.1575757 2.2141000 1.3022887 1.6542595 1.6849529 1.4564762 1.4715037 0.9939062 1.1514391 1.7746354 2.4993554 2.0205285 2.4129448 2.0433211 1.7654571 0.9318677 1.5473559 2.4048657 0.8856432 2.5319128 1.7972810 
Adig_XM_015922401.1                                              1.1310787 1.0846166 1.9543421 1.0867267 1.1935830 1.6716057 1.5490982 1.3203133 0.4931690 0.6402893 0.3980468 0.6758276 0.6659650 0.4691835 0.7021875 0.1367894 0.2513684 0.1111168 0.1162255 0.0344903 0.0000000 0.1012497 0.0000010 0.2879590 0.3088449 0.5485870 0.4826083 0.4826083 0.4759508 0.5062846 0.3321798 0.6220640 0.5984055 0.5575156 0.5556268 0.9849791 1.1341480 0.8224970 1.0333935 0.9892849 0.9862566 1.0116404 0.9966499 1.0499095 1.3131290 2.2021008 1.3131290 1.3131290 1.3238177 0.9305494 0.9356848 1.3751948 1.3751948 1.3166208 1.3166208 1.3595770 1.3595770 1.2697461 1.3587566 1.3611033 1.3720527 1.4741437 1.4741437 1.4876890 1.4876890 1.2503847 1.2503847 1.2156040 1.2156040 1.5670310 1.0893710 1.0893710 0.8785336 1.0569646 2.1604586 1.1396014 1.8291010 1.2488777 1.3328172 1.3058296 1.3145380 1.1097239 1.5433439 1.5433439 1.4022479 3.7666536 1.0196756 1.0254054 1.0963516 1.7517985 1.3535523 1.4124380 1.0468743 1.1119766 1.0166411 1.8480200 1.9844027 1.0175987 1.3829895 1.3378399 1.2434609 1.5401856 0.6967699 1.1951927 1.6330026 2.2622436 1.6313970 2.1351033 1.7794130 1.4355797 3.9886783 4.1723027 3.0294682 0.6882736 0.8085015 1.1966338 
Gfas_gfas1.m1.4443.m1                                            1.4781973 1.3614437 2.2962529 1.3228806 1.3575943 2.0209988 1.7216646 1.5260710 0.6981885 0.6653029 0.4071017 0.8562867 0.8155627 0.4798239 0.8399090 0.2006044 0.2707081 0.1633722 0.1544666 0.2152941 0.1012497 0.0000000 0.1331499 0.4532979 0.4366758 0.7553043 0.5493921 0.5507415 0.5958722 0.7505312 0.5698160 0.8370590 0.7717351 0.7990770 0.7429730 1.2314922 1.4700891 0.8076946 1.3419669 1.2716983 1.2688271 1.3475405 1.2863571 1.3207397 1.4862383 2.3026544 1.4911995 1.4871907 1.5180119 0.9350826 0.9617491 1.5744628 1.3701033 1.5347841 1.5347841 1.5289393 1.5289393 1.5016696 1.5599938 1.5616456 1.6055471 1.7433862 1.7433862 1.5273479 1.5273479 1.2912331 1.2912331 1.3217760 1.3217760 1.5272788 1.1314122 1.1314122 1.1085836 1.1529660 3.0871781 1.5302437 2.3164340 1.7093950 1.7578534 1.8517229 1.7601713 1.4532327 2.2038993 2.2038993 1.4332352 3.0130270 1.4771981 1.5446596 1.5693753 1.6834386 1.8158801 1.9662019 1.4509776 1.4996413 1.3817898 2.2535900 2.2926064 1.4604396 1.8094404 1.8347437 1.4987212 1.3963479 0.8238030 1.0402940 1.8940129 2.4738011 2.2271206 2.7043512 2.4014888 1.7919508 1.4857286 4.0056040 2.6152765 0.6825863 3.0565274 1.2695387 
Amil_Amillepora28046-RA                                          1.3134578 1.1900966 1.7944164 1.1947465 1.3070234 1.6353609 1.5221024 1.3512723 0.5629335 0.6863378 0.3342095 0.6814822 0.6900865 0.4250425 0.7098861 0.1976220 0.2413369 0.1624254 0.1543298 0.0371759 0.0000010 0.1331499 0.0000000 0.3772978 0.3665783 0.6367821 0.5275014 0.5275014 0.5520010 0.6488368 0.4511873 0.7145335 0.7206661 0.6926406 0.6961488 0.9474308 1.3919909 0.6633368 1.0425178 0.9631232 0.9604814 0.9723533 1.1101459 1.1237607 1.3785138 2.0942175 1.3367184 1.3395501 1.3189827 0.8336578 0.9340706 1.3562036 1.2794348 1.4234894 1.4234894 1.3676953 1.3676953 1.4292100 1.3868247 1.3887771 1.4295384 1.5006986 1.5006986 1.3964512 1.3964512 1.1145995 1.1145995 1.1763371 1.1763371 1.5920452 1.0461807 1.0461807 1.0173237 1.0114291 1.9453631 1.3288208 1.6910018 1.5382713 1.4981644 1.6276470 1.6141458 1.3456093 1.9232380 1.9232380 1.6370718 1.8069234 1.1916563 1.2653887 1.2045986 1.2864710 1.4672937 1.6239477 1.1538357 1.3421078 1.3422229 1.9851047 2.0689040 1.2173948 1.7035142 1.6129356 1.2444330 1.3166473 0.7715032 1.1514391 1.5720437 2.1806848 2.0916462 2.4168125 1.8159830 1.7914043 0.9686685 1.3456216 2.3935261 0.8095366 2.3821959 1.9932581 
Exapal_XM_021043671.2                                            1.4794743 1.4573782 2.1174460 1.3822327 1.2831155 1.7631226 1.6842954 1.4832078 0.6104020 0.6371846 0.3435166 0.7731902 0.7718713 0.4037384 0.7595339 0.4133240 0.6004470 0.3251449 0.3962096 0.4304928 0.2879590 0.4532979 0.3772978 0.0000000 0.2731590 0.7333214 0.5081143 0.5043831 0.5773441 0.6395170 0.5647804 0.8079527 0.7121783 0.7450654 0.7497677 1.1009550 1.5472561 0.7114941 1.1879833 1.1581668 1.1558565 1.1456095 1.1515977 1.1314540 1.4382718 2.4897344 1.4406670 1.4395768 1.5059830 0.9437866 0.9123706 1.5281627 1.2461204 1.5371276 1.5371276 1.5262491 1.5262491 1.5140948 1.5970914 1.5955466 1.6170860 1.7011567 1.7011567 1.4608742 1.4608742 1.2221312 1.2221312 1.2175890 1.2175890 1.6337780 1.1215097 1.1215097 1.1291813 1.0791253 3.1015192 1.4616876 1.9675614 1.6174909 1.6574557 1.6146752 1.5946576 1.5040173 1.9038023 1.9038023 1.4649019 1.9092971 1.3936953 1.4448666 1.5098409 1.4823684 1.6543221 1.8779903 1.3507412 1.3508862 1.3100524 2.1672824 2.1198446 1.4695725 1.7573268 1.7476132 1.3414017 1.2574412 0.9048730 1.1484763 1.6514014 2.2563519 2.1478304 2.4389861 2.1681916 1.6917563 2.1752241 1.6586513 2.7685091 0.8083785 2.9699412 1.4762155 
Nvec_v1g100769                                                   1.3602800 1.3899310 1.9473266 1.2537889 1.2568234 1.6932223 1.5408632 1.4051196 0.5596100 0.5463810 0.3782814 0.7065412 0.7452944 0.4149368 0.6823327 0.3821940 0.5330863 0.2934950 0.3579656 0.4239597 0.3088449 0.4366758 0.3665783 0.2731590 0.0000000 0.6584645 0.4998917 0.5036700 0.5709682 0.6715421 0.5277007 0.7490586 0.7306076 0.7052692 0.6980770 1.0682334 1.5728188 0.7305484 1.2114386 1.1077502 1.1059477 1.1217065 1.1542911 1.1164361 1.3923036 2.3661264 1.3736196 1.3766645 1.4701654 0.9581295 0.9283869 1.4851458 1.2612009 1.4894292 1.4894292 1.3998668 1.3998668 1.4640412 1.5214582 1.5229467 1.5430183 1.6389156 1.6389156 1.4424407 1.4424407 1.1916090 1.1916090 1.1348013 1.1348013 1.6054961 1.1011496 1.1011496 1.0047997 1.0168036 3.0143610 1.3962858 1.8700467 1.4945084 1.4946589 1.6177662 1.5083241 1.3285906 1.9857267 1.9857267 1.4134246 1.8049041 1.2377469 1.3949649 1.3495908 1.4461067 1.6470454 1.7421345 1.2820039 1.4450666 1.2886626 2.1755855 2.1901875 1.3850675 1.6454529 1.6764591 1.3395243 1.1222068 0.8013171 1.1164926 1.6791816 2.3132140 2.0586139 2.4331785 2.0676499 1.7466275 2.1665168 1.5984820 2.8233311 0.8044379 2.5886497 1.4792360 
Cgig_XM_011431282.2                                              1.5595710 1.4611509 2.1823482 1.4661933 1.2746373 1.7557520 1.5278128 1.3487927 0.6658917 0.6337775 0.3533784 0.7653302 0.7606429 0.4416663 0.7421021 0.6648796 0.9182457 0.5578466 0.6494254 0.7016952 0.5485870 0.7553043 0.6367821 0.7333214 0.6584645 0.0000000 0.6896591 0.6868014 0.6977561 0.5037739 0.4671157 0.6767006 0.6852892 0.6267151 0.6797401 1.0751646 1.4716335 0.6751091 1.1069693 1.0782110 1.0694780 1.1299185 1.0347939 1.1840225 1.3768462 2.4855191 1.3620569 1.3558467 1.4155959 0.8225924 0.8824461 1.4379476 1.1704702 1.5219585 1.5219585 1.4289113 1.4289113 1.3965068 1.4160226 1.4153171 1.4539470 1.6804333 1.6804333 1.3773356 1.3773356 1.0823919 1.0823919 1.1363864 1.1363864 1.5761240 1.0219914 1.0219914 1.1486754 1.1081346 2.3961357 1.4100996 1.8079881 1.5786080 1.6727302 1.6811715 1.6718718 1.4811767 1.9053097 1.9053097 1.4359090 1.5268889 1.4606634 1.4830967 1.4642818 1.6225277 1.5873229 1.8605592 1.4573833 1.3663150 1.2988216 2.2088237 2.2710566 1.3096524 1.6855613 1.7954952 1.3394071 1.2710828 0.8833612 1.3891999 1.7353411 2.4595673 2.0735008 2.2103550 2.0375188 1.5545170 1.8596126 1.7122852 2.4615579 0.8516266 2.4168719 1.1483325 
Dgig_XM_028547080.1                                              1.4291120 1.3038595 1.9307008 1.2744201 1.2422016 1.8056598 1.7345456 1.5726666 0.6453695 0.5914619 0.3653316 0.6752319 0.6745537 0.4499489 0.6600547 0.5225057 0.6721099 0.4983570 0.5057751 0.5869909 0.4826083 0.5493921 0.5275014 0.5081143 0.4998917 0.6896591 0.0000000 0.0024738 0.2072393 0.7030415 0.5790196 0.7974536 0.6818647 0.8062394 0.6962776 1.0923778 1.4171845 0.7946241 1.1360065 1.1058495 1.1035942 1.0990327 1.0811023 1.0271122 1.5182720 2.6670488 1.5094919 1.5033818 1.5142912 0.9935296 0.9760671 1.5632752 1.3641275 1.6182654 1.6182654 1.6065704 1.6065704 1.5749091 1.5939913 1.5834153 1.6155485 1.8319051 1.8319051 1.6297253 1.6297253 1.2451019 1.2451019 1.2543901 1.2543901 1.8593015 1.1174050 1.1174050 1.1449818 1.1146048 2.2754118 1.4544761 1.8282026 1.6326135 1.6968236 1.7846014 1.7237969 1.6183758 1.9788209 1.9788209 1.4307711 1.7498256 1.4186119 1.4661950 1.3583026 1.5842530 1.6861252 1.7860398 1.3221891 1.2838623 1.3024319 2.1980122 2.1907867 1.3238994 1.5733452 1.7222605 1.3497286 1.2354894 0.7781909 1.3816114 1.6969104 2.4742173 2.0132078 2.4042025 2.0167812 1.7026825 1.9498096 1.8079476 2.5165800 0.9615151 2.7349823 1.6487594 
Dgig_XM_028561748.1                                              1.4269522 1.2986659 1.9160409 1.2724430 1.2389025 1.8056598 1.7345456 1.5726666 0.6412070 0.5895558 0.3653316 0.6763787 0.6702976 0.4499489 0.6588913 0.5236288 0.6738636 0.4983570 0.5068807 0.5869909 0.4826083 0.5507415 0.5275014 0.5043831 0.5036700 0.6868014 0.0024738 0.0000000 0.2041666 0.7017691 0.5790196 0.7952612 0.6806178 0.8042136 0.6961998 1.0941940 1.4100386 0.7946241 1.1311286 1.1029289 1.1006783 1.0987857 1.0749955 1.0271122 1.5182720 2.6670488 1.5094919 1.5033818 1.5142912 0.9935296 0.9760671 1.5632752 1.3641275 1.6182654 1.6182654 1.6065704 1.6065704 1.5749091 1.5939913 1.5834153 1.6155485 1.8319051 1.8319051 1.6297253 1.6297253 1.2451019 1.2451019 1.2543901 1.2543901 1.8593015 1.1174050 1.1174050 1.1431827 1.1146048 2.2638774 1.4522789 1.8241078 1.6248265 1.6952024 1.7932694 1.7329381 1.6106932 1.9808876 1.9808876 1.4307711 1.7498256 1.4143930 1.4626454 1.3550677 1.5842530 1.6861252 1.7853022 1.3156027 1.2838623 1.3024319 2.1980122 2.1907867 1.3238994 1.5733452 1.7222605 1.3517914 1.2354894 0.7758784 1.3816114 1.6969104 2.4742173 2.0132078 2.3979628 2.0121657 1.7014358 1.9498096 1.8079476 2.5165800 0.9615151 2.7300557 1.6487594 
Xesp_021273-T1                                                   1.4941552 1.3835819 2.0269738 1.3586615 1.2453050 1.8249996 1.6953250 1.5313408 0.6887674 0.6108044 0.3745924 0.7613279 0.7402094 0.4281621 0.7548222 0.5378749 0.7155253 0.5094753 0.5230927 0.5990028 0.4759508 0.5958722 0.5520010 0.5773441 0.5709682 0.6977561 0.2072393 0.2041666 0.0000000 0.7857009 0.6117252 0.8098935 0.7086128 0.8310095 0.7029195 1.1683041 1.5032203 0.8283545 1.2002174 1.1677851 1.1654248 1.1918005 1.1282428 1.0245665 1.5170883 2.4265933 1.4712983 1.5014020 1.5962685 1.0395583 1.0512146 1.6208981 1.3712712 1.7876473 1.7876473 1.6182437 1.6182437 1.6215789 1.6686522 1.6575727 1.7006046 1.8900727 1.8900727 1.6416702 1.6416702 1.3126888 1.3126888 1.3521897 1.3521897 1.7625086 1.2547361 1.2547361 1.1943044 1.1681844 2.6112323 1.5573212 1.9507220 1.6566824 1.7461377 1.8436970 1.7278505 1.5735783 2.1808667 2.1808667 1.6226989 2.1596505 1.4906348 1.5139395 1.4493733 1.6570350 1.7868638 1.8717680 1.3783428 1.4097817 1.3675149 2.1565237 2.2302546 1.2862387 1.6310322 1.7469957 1.3773509 1.3399109 0.8466048 1.5204169 1.8957011 2.8612312 2.1155885 2.4451227 2.0118599 1.7673290 2.1056686 1.8569394 2.7707870 0.9344323 2.6970843 1.5593808 
Acagra_model.g23032.t1.1.5d3b8ab8                                1.6590849 1.4954721 2.3650353 1.5095339 1.3923952 1.8336397 1.7837233 1.5594908 0.5808737 0.6479529 0.3879715 0.8285638 0.8051528 0.5140026 0.7579953 0.6581359 0.9159423 0.6022287 0.6261948 0.7563531 0.5062846 0.7505312 0.6488368 0.6395170 0.6715421 0.5037739 0.7030415 0.7017691 0.7857009 0.0000000 0.5678972 0.6779845 0.6545193 0.6171346 0.7628163 1.1363272 1.5079350 0.6823037 1.1525475 1.1721292 1.1697725 1.1794174 1.1056044 1.1731906 1.4411852 2.2350672 1.4833982 1.4418314 1.5355257 0.9541878 0.9229644 1.6149393 1.2728917 1.6329196 1.6329196 1.5721236 1.5721236 1.5722762 1.6376464 1.6367830 1.6827763 1.8106538 1.8106538 1.4622733 1.4622733 1.1672986 1.1672986 1.2119887 1.2119887 1.7081843 1.0538312 1.0538312 1.1763957 1.1606671 2.7010335 1.5381690 1.8831171 1.7521338 1.8607346 1.7528966 1.7390862 1.6429383 1.8993822 1.8993822 1.5145683 1.6173676 1.4389814 1.4845624 1.5010494 1.5273546 1.7982730 1.9050922 1.4138171 1.5700378 1.2770540 2.0751834 2.3044098 1.4109236 1.8131508 1.8808235 1.3708542 1.4858940 0.9176275 1.2284682 1.7536038 2.4801226 2.1058636 2.3781238 2.1416895 1.4361788 2.7360823 1.9266273 2.7258365 0.9188959 1.9703756 1.0229306 
Skow_XM_006820018.1                                              1.2171346 1.1938545 2.2005687 1.1717409 1.0619739 1.6783343 1.4721344 1.3043953 0.4418030 0.4990278 0.3523878 0.6613441 0.6502930 0.4349458 0.7030942 0.5690438 0.9375476 0.4862597 0.5169978 0.5876790 0.3321798 0.5698160 0.4511873 0.5647804 0.5277007 0.4671157 0.5790196 0.5790196 0.6117252 0.5678972 0.0000000 0.5439744 0.5303898 0.5734545 0.4640333 0.8449468 1.1417554 0.5872044 0.8473888 0.8241416 0.8241416 0.7418378 0.8159068 0.9640593 1.2289437 3.6269227 1.1849318 1.2050755 1.2484293 0.9667103 0.9967938 1.3176131 1.0496307 1.3660139 1.3660139 1.2485462 1.2485462 1.3830284 1.3326768 1.3326768 1.3643552 1.5391014 1.5391014 1.2893169 1.2893169 1.2076529 1.2076529 1.2696311 1.2696311 1.2948548 0.8909881 0.8909881 0.9003564 1.1322921 2.9527477 1.2181662 1.6859062 1.2640610 1.2785820 1.3726962 1.2394538 1.2902970 1.6130623 1.6130623 1.5450542 1.8109155 1.0467327 1.0596244 1.0371847 1.6750841 1.5379042 1.4289113 1.1016348 1.1893297 1.0713670 1.9108192 1.8778337 1.0551337 1.4326508 1.6486117 1.0188432 1.6772467 0.8791060 3.2742080 1.7155477 3.2929080 1.7705796 2.1930231 1.7912381 1.3413087 1.7376550 1.5159144 3.0569693 0.9568241 3.5703667 1.2521895 
Cscu_XM_023372422.1                                              1.7168364 1.5739906 2.4732214 1.6427442 1.4538612 1.7460221 1.6167755 1.5607819 0.6703596 0.7509958 0.4455702 0.9198886 0.9300943 0.4796572 0.9256815 0.7541880 1.0289431 0.6464534 0.7276638 0.7665155 0.6220640 0.8370590 0.7145335 0.8079527 0.7490586 0.6767006 0.7974536 0.7952612 0.8098935 0.6779845 0.5439744 0.0000000 0.8474005 0.8079879 0.7180874 1.0657546 1.3499255 0.7318386 1.0882213 1.0689983 1.0673048 1.1246070 1.0667661 1.1643614 1.5973244 2.6335061 1.5807712 1.5664374 1.5471393 0.9563585 0.9354497 1.6106837 1.2936758 1.6500438 1.6500438 1.6305024 1.6305024 1.6073497 1.6918532 1.6894245 1.7392721 1.8575539 1.8575539 1.5254056 1.5254056 1.2345460 1.2345460 1.1647770 1.1647770 1.6834889 1.2794453 1.2794453 1.2664751 1.0758762 3.1348270 1.5347056 1.8538348 1.7112996 1.6764314 1.5604204 1.5087014 1.4741556 2.0438539 2.0438539 1.5028113 1.7220550 1.5024770 1.5610559 1.5559316 1.5539884 1.7845323 1.9316480 1.4208311 1.6465334 1.4315442 2.1237693 2.1294549 1.4073975 1.7439624 1.9375472 1.3333445 1.4635605 1.0869276 1.3511959 1.9557199 3.1724701 2.1224061 2.2715028 2.1481934 1.8023461 2.2354214 1.9320350 2.8075287 0.8257128 2.6723977 1.3028103 
