89
Lcom_lcpid78378                                        0.0000000 1.4113993 0.9419561 1.0825859 0.8567207 0.7738069 1.0740966 0.7413861 0.6077002 0.8969964 0.8960857 0.8034185 0.9156996 0.9797335 0.9930650 0.6206653 0.6131517 1.1130159 1.0873693 0.7509859 0.5160874 0.4230944 1.0556374 1.0233340 0.7895288 1.0920936 1.2583992 1.4202207 0.9012173 0.8624839 0.9260095 1.0656271 0.7060080 1.2836325 1.2233799 0.8149073 1.1185538 1.1185538 1.1094088 1.2261854 1.4512437 0.9231429 1.4470620 1.7235074 1.4684462 1.4684462 1.5685853 1.3756025 1.7988930 1.8507297 1.4344181 1.6329935 1.6329935 1.5576664 1.3459589 2.1601156 1.6381337 2.0571769 1.7883342 1.3256946 1.3801747 1.3507362 1.3620988 1.2232175 0.8543871 1.7302798 1.0675229 1.0368414 1.1028779 1.0155821 1.9559565 1.3171771 1.3002659 1.2439514 1.4773939 1.3393471 1.2943540 1.3154208 0.9016639 1.2702446 1.7996309 1.4937729 1.4152814 1.4346711 1.6038052 2.6589803 3.6814752 7.2352255 4.4768360 
Morvir_scaffold59.g48.t1                               1.4113993 0.0000000 0.6437466 0.8168793 0.6314022 0.5069190 0.7176521 0.5428021 0.6069312 0.6519556 0.6384826 0.5773078 0.7553154 0.9930830 0.8164363 0.6095832 0.6404033 0.9531869 1.0605170 0.7895317 1.2986660 1.3867424 0.9482725 1.1973280 1.0689657 1.1294095 1.2051782 1.3587039 0.9014387 1.1960055 1.0309756 1.0834364 0.8047272 1.2865183 1.2134981 0.8659080 0.6791119 0.6791119 0.7644292 0.9256510 0.9260283 1.4712809 1.1703121 1.5929399 1.4521195 1.4521195 1.5159256 1.3179567 1.8037633 1.9326191 1.5291461 1.5817193 1.5817193 1.5373730 1.1226956 2.0275351 1.5033841 1.9561142 1.7426561 1.2089636 1.2138512 1.3853052 1.4871294 1.4072280 0.9077641 1.5875371 1.2627161 0.9298409 1.2620518 1.2111110 1.9871586 1.6117147 1.6954315 1.2810150 1.5975768 1.5274780 1.6321868 1.2156407 1.1133850 1.3231975 2.5137105 0.9272608 1.3418266 1.2627304 1.3507395 2.5276056 2.9582621 7.8895695 2.6639078 
Spis_XP_022800668_1                                    0.9419561 0.6437466 0.0000000 0.3881039 0.2046451 0.2686823 0.4215828 0.2728260 0.2308670 0.4334239 0.4234470 0.4031045 0.6925054 0.6583888 0.6472965 0.6270835 0.6799370 0.6379795 0.8108192 0.6832873 0.7624352 0.7751535 0.7764035 0.9642607 0.9642259 0.8678189 0.9320169 1.0695546 0.6879798 0.8299814 1.0719231 0.9171996 0.8585121 0.8909723 0.8302744 0.7801344 0.8713332 0.8713332 0.8093844 0.8309031 1.1005039 1.0410937 0.9515327 1.1218721 1.2856278 1.2856278 1.1805955 1.0988165 1.3001547 1.2825643 1.1823762 1.2271267 1.2271267 1.2483416 1.1213168 1.5883779 1.4546427 1.5522383 1.7410783 1.1930863 0.9498586 1.0077968 1.0722881 0.8680014 0.7774119 1.3560376 1.1704161 0.9169445 0.9190167 0.8311343 1.5238722 1.2601806 1.0998806 1.2796109 1.1815947 1.0269062 1.1163553 1.0915409 0.8872148 1.2186850 1.4597059 1.0448228 1.2069282 0.3999566 0.5305502 2.0705858 2.1671634 6.1000747 1.8272729 
Gasp_gasp1.m3.8325.m1                                  1.0825859 0.8168793 0.3881039 0.0000000 0.2284838 0.2296886 0.3523465 0.2093808 0.1670977 0.4539893 0.4432487 0.6318494 0.7723945 0.8314552 0.8007745 0.6607045 0.7575374 0.7550348 1.0872124 0.9279195 0.9662404 1.0108883 1.1521723 1.1080467 0.8918280 1.1537590 1.1830011 1.3556369 0.8100880 1.1330011 1.1846023 0.9836291 0.9743326 1.1961532 1.1120502 0.9078818 1.1151068 1.1151068 1.0624757 1.0956437 1.3648306 1.2481439 1.0560948 1.2268346 1.4826693 1.4826693 1.4033107 1.3828440 1.6653198 1.6601112 1.3752040 1.4599503 1.4599503 1.6015288 1.1004762 1.5047730 1.6031563 1.6786153 2.0181951 1.2159389 1.1773792 1.2644416 1.4821107 1.2119098 1.1220888 1.5808126 1.6705669 1.3357576 1.1798064 1.1536982 2.9466716 1.4513215 1.3930127 1.3576906 1.4200424 1.4614446 1.4898170 1.4188829 1.0820570 1.8839077 2.2031065 1.2667725 1.3965585 0.6916739 0.5635423 2.1702396 2.5426364 7.6347733 1.3362297 
Fspp_ffun1.m4.10945.m1                                 0.8567207 0.6314022 0.2046451 0.2284838 0.0000000 0.1712007 0.2968175 0.1520591 0.1467068 0.3312455 0.3232478 0.4314820 0.7416158 0.7200242 0.6776114 0.6108071 0.6824547 0.6492966 0.9137932 0.8167672 0.6942669 0.7298668 0.8787915 0.9153670 0.9143792 0.8232226 0.8513751 1.0020024 0.6059065 0.8434041 1.0112150 0.9180923 0.8596301 0.8736509 0.8140968 0.7887334 0.9333950 0.9333950 0.8519043 0.8195435 1.1155859 0.9586935 0.9525941 1.0857009 1.2439390 1.2439390 1.2046633 1.1598403 1.4185726 1.4071704 1.2069089 1.2175363 1.2175363 1.3008756 1.1597949 1.5991376 1.4661817 1.5584703 1.7839478 1.2024593 0.9935922 1.1143774 1.1908343 0.9489771 0.9064161 1.4775353 1.3513282 0.9542153 0.9591699 0.9323769 1.6720832 1.2780476 1.2148178 1.1863794 1.2140224 1.1264150 1.1399573 1.1654159 0.7814311 1.1014057 1.5517911 1.1240740 1.1513280 0.4691691 0.4343364 1.9154904 2.0307960 5.9268047 1.8658099 
Amil_Amillepora14605-RA                                0.7738069 0.5069190 0.2686823 0.2296886 0.1712007 0.0000000 0.0101477 0.0315578 0.0537688 0.3027155 0.3101597 0.4876108 0.6369398 0.6369398 0.6291984 0.6076265 0.6347321 0.6180102 0.7295002 0.6827224 0.6298338 0.7542745 0.8582227 0.9546182 0.9546182 0.9135178 0.8077419 1.0367442 0.5492006 0.7147781 0.9954040 0.8091172 0.8091172 0.9367890 0.8501124 0.7794179 0.6865653 0.6865653 0.6381704 0.9165017 0.8741481 1.0625836 0.9556888 0.9829516 1.1931354 1.1931354 1.0344418 1.0703976 1.3563964 1.3615746 1.1167223 1.0643702 1.0643702 1.1442397 1.2336249 1.7721575 1.7721575 1.7721575 2.3533082 1.1079031 0.9408910 1.1495316 1.3469307 0.9636889 1.0523957 1.3469307 1.3083897 1.2889635 1.0306452 0.9940669 4.2734017 1.2703644 1.0708789 1.0991513 1.2073930 1.1258117 1.0524461 1.0454721 0.8576061 1.6712176 3.2221855 1.2649332 0.9699807 0.6333428 0.2899371 1.9674496 1.4610511 6.4560543 0.6094127 
Amil_Amillepora14642-RA                                1.0740966 0.7176521 0.4215828 0.3523465 0.2968175 0.0101477 0.0000000 0.0209872 0.0402098 0.4625913 0.4697322 0.5537973 0.7591498 0.8309481 0.7265394 0.6056996 0.6352301 0.7568882 0.9062725 0.9338853 0.8995368 0.9556286 1.0433762 1.1844668 0.9298724 1.1012665 1.0186578 1.1817067 0.7413958 0.9246655 1.0266948 0.9121489 0.8263483 1.1246226 1.0501561 0.7574979 1.0034827 1.0034827 0.9467495 1.1799506 1.2167920 1.1183691 1.0649138 1.3323635 1.5410667 1.5410667 1.3961087 1.3070899 1.6224863 1.6098811 1.3510204 1.3810418 1.3810418 1.5661813 1.2255931 1.7604594 1.6117740 1.8378072 1.9796654 1.1079031 1.2108182 1.4130767 1.5285420 1.0834817 0.9599301 1.5691100 1.6157443 1.1989539 1.1668694 1.1560313 2.3028005 1.5388563 1.3809738 1.2294160 1.4445211 1.2821192 1.2675528 1.2592240 0.9376009 1.6076944 2.5894395 1.3483747 1.2162265 0.7108692 0.7953580 2.5692856 2.1286206 7.4931139 2.0853431 
Adig_XM_015902186.1                                    0.7413861 0.5428021 0.2728260 0.2093808 0.1520591 0.0315578 0.0209872 0.0000000 0.0542891 0.3220259 0.3297973 0.5116483 0.6381258 0.6381258 0.6800444 0.6056996 0.6457906 0.6010427 0.6990279 0.7153216 0.6483350 0.6925820 0.8891483 0.9439418 0.9439418 0.9036203 0.7629542 0.9893113 0.5246931 0.6843992 0.9882785 0.8003609 0.8003609 0.9264438 0.8407976 0.7709313 0.7381187 0.7381187 0.6895724 0.8747491 0.9150006 1.0509117 0.9816880 0.9503424 1.1450388 1.1450388 1.0234289 1.0590174 1.3427153 1.3478594 1.1422250 1.0529068 1.0529068 1.1320237 1.2291186 1.7638149 1.7638149 1.7638149 2.3370452 1.1079031 0.9428654 1.1498484 1.3465163 0.9627291 1.0536535 1.3465163 1.3081857 1.2497800 1.0318195 0.9957076 4.3017642 1.2339250 1.0375481 1.0812877 1.1761963 1.1220351 1.0483013 1.0665515 0.8196907 1.6786235 3.1576549 1.2275631 1.0715341 0.5998191 0.2581092 2.1465399 1.6605186 6.3383940 0.6494385 
Adig_XM_015924708.1                                    0.6077002 0.6069312 0.2308670 0.1670977 0.1467068 0.0537688 0.0402098 0.0542891 0.0000000 0.3137589 0.3231048 0.5237360 0.6326748 0.6326748 0.6610239 0.6056996 0.6946407 0.4992986 0.6810121 0.6148915 0.5066257 0.5753861 0.7894689 0.9083854 0.9083854 0.8953713 0.9431874 1.2640457 0.5578555 0.6973396 1.0618943 0.7522800 0.7522800 0.9735791 0.8630738 0.7778644 0.7895322 0.7895322 0.6885330 0.8367345 0.9877388 0.9282765 0.9077582 0.8851301 1.0795642 1.0795642 0.9301871 0.9660341 1.2889664 1.2952601 0.9626919 1.0150682 1.0150682 1.0841590 1.2325313 1.9223449 1.9223449 1.9223449 2.9272640 1.1590339 0.9084134 1.1244285 1.2471843 0.9001148 0.9937585 1.2471843 1.2209482 1.1844617 0.8946656 0.9035788 8.9999983 1.2426643 1.0301315 1.1426529 1.1521291 1.0157044 0.9698510 1.0219119 0.8902107 2.6011161 6.8741095 1.2960540 0.9423649 0.6049139 0.4279083 3.1064756 4.3386938 8.2971855 9.0000000 
Exapal_XM_021058281.2                                  0.8969964 0.6519556 0.4334239 0.4539893 0.3312455 0.3027155 0.4625913 0.3220259 0.3137589 0.0000000 0.0073822 0.4659103 0.6864816 0.5576927 0.6349256 0.5630855 0.6199343 0.6804479 0.8525767 0.7199530 0.7352089 0.7651228 0.8282916 0.9437519 0.9363307 0.7304173 0.9228972 1.0666510 0.6792447 0.9922053 1.3649493 1.0579025 1.0161818 1.1139702 1.0404136 0.9640524 0.8781098 0.8781098 0.8752036 0.9914607 1.0581232 1.0528498 1.0938672 1.1603224 1.2347585 1.2347585 1.2422567 1.1578951 1.5956499 1.5834381 1.1485087 1.3856334 1.3856334 1.3550033 1.2274513 1.6575079 1.5201649 1.5311631 1.8488585 1.1644635 0.9829428 1.1370250 1.3101284 1.0985182 1.0309523 1.6001246 1.5371786 1.1595900 0.8685798 0.9539006 2.0384942 1.4598890 1.2474416 1.3201548 1.1463697 1.3468745 1.2866508 1.1190374 0.7102203 1.2412776 1.7783697 1.0824553 0.8869743 0.8162812 0.6929084 2.0219119 1.7347558 6.0815329 1.7463326 
Exapal_XM_021047335.2                                  0.8960857 0.6384826 0.4234470 0.4432487 0.3232478 0.3101597 0.4697322 0.3297973 0.3231048 0.0073822 0.0000000 0.4499685 0.6712877 0.5457177 0.6345045 0.5820211 0.6308717 0.6892434 0.8359072 0.7286325 0.7346213 0.7644802 0.8062789 0.9427049 0.9349855 0.7390153 0.9228972 1.0666510 0.6605233 0.9915500 1.3781677 1.0676032 1.0274619 1.0935190 1.0209460 0.9743628 0.9016761 0.9016761 0.8770471 0.9732057 1.0666164 1.0516011 1.0938672 1.1603224 1.2667521 1.2667521 1.2735434 1.1618917 1.6211144 1.6088432 1.1470224 1.4093474 1.4093474 1.3631031 1.2261931 1.6560065 1.5187714 1.5299446 1.8488585 1.1617704 0.9822840 1.1362021 1.3091236 1.0977353 1.0249111 1.5987846 1.5359563 1.1586857 0.8680313 0.9532690 2.0384942 1.4587669 1.2465258 1.3191517 1.1455501 1.3458562 1.2856995 1.1182366 0.7102203 1.2412776 1.7783697 1.0564910 0.9105552 0.8197415 0.6929084 2.0219119 1.7347558 5.9701604 1.7463326 
Dgig_XM_028550297.1                                    0.8034185 0.5773078 0.4031045 0.6318494 0.4314820 0.4876108 0.5537973 0.5116483 0.5237360 0.4659103 0.4499685 0.0000000 0.5376114 0.4581743 0.7165244 0.7091103 0.7230765 0.6305343 0.7224673 0.7399908 0.7215073 0.8069325 0.6313743 0.7308108 0.7722368 0.7684363 0.8873868 1.0287313 0.6274275 0.8543693 1.2136413 0.8854813 0.8231210 0.8389154 0.7794720 0.8051465 0.7643934 0.7643934 0.8671893 0.8264519 0.9371845 0.8444299 1.0490369 1.0988923 1.3102200 1.3102200 1.2505726 1.1461095 1.3923219 1.3417681 1.1168473 1.2136252 1.2136252 1.2515868 1.1940695 1.7120890 1.5738044 1.5660257 1.8373005 1.1182246 0.9513010 1.1473745 1.2232893 1.0422926 1.0029364 1.5356158 1.2304516 1.1494564 0.9198672 0.9111231 2.2011722 1.2759717 1.1242918 1.2717838 1.1965166 1.2009583 1.2479930 1.1386802 0.6947653 1.2038735 1.8071446 0.8663509 0.9578388 0.7199512 0.8838090 1.7221946 2.1612393 6.0633013 1.8636759 
Opea_EP00118_Oscarella_pearsei_P013683                 0.9156996 0.7553154 0.6925054 0.7723945 0.7416158 0.6369398 0.7591498 0.6381258 0.6326748 0.6864816 0.6712877 0.5376114 0.0000000 0.1091844 0.8935749 0.5570230 0.6497013 0.7434776 0.8740570 0.7917182 0.9889629 0.9977284 0.8316194 0.9039202 0.7067241 0.8661134 1.2898521 1.4743465 0.8506232 1.0550916 1.2094099 0.8864719 0.9125624 1.0749201 1.0004914 0.8191032 1.1207603 1.1207603 1.0476370 0.9445095 0.9227508 1.0040406 1.2039272 1.4436998 1.2892415 1.2892415 1.3835023 1.3108053 1.6174961 1.5658885 1.2394930 1.5107676 1.5107676 1.4007084 1.2262906 1.8434188 1.6894246 1.7836584 1.9187002 1.2093183 1.2602071 1.3264057 1.4032546 1.1669943 1.2233191 1.4083545 1.6549312 1.6430598 1.1704867 1.0320577 2.8620036 1.6316845 1.5068377 1.5276165 1.4453356 1.2101856 1.2962372 1.5205352 0.8231764 1.4484627 2.2355596 1.1007666 1.2602786 1.3017398 1.0927018 2.6138278 2.8026081 8.5802680 1.5942573 
Opea_EP00118_Oscarella_pearsei_P013684                 0.9797335 0.9930830 0.6583888 0.8314552 0.7200242 0.6369398 0.8309481 0.6381258 0.6326748 0.5576927 0.5457177 0.4581743 0.1091844 0.0000000 0.7522719 0.5570230 0.6497013 0.7436435 0.9010451 0.6548462 1.0879717 1.0504091 0.8838706 0.9097078 0.7067241 0.9242326 1.0740570 1.2250529 0.7585214 1.1595064 1.2094099 1.0973722 0.9125624 1.3413196 1.2637859 0.8191032 1.1608869 1.1608869 1.1277488 1.0459291 1.0339419 0.9299032 1.1806781 1.4958808 1.2667314 1.2667314 1.5393114 1.2720755 1.5883521 1.6227445 1.4093047 1.6616369 1.6616369 1.4733444 1.2262906 2.0233347 1.5752277 1.9782446 1.7610929 1.2093183 1.2887670 1.2562364 1.2871663 1.3179959 1.0568382 1.5931277 1.5210841 1.2708780 1.2282620 1.1086319 1.7700897 1.5563841 1.7729600 1.4257833 1.3071523 1.4274471 1.4357038 1.4146331 0.8704871 1.3686662 1.5596710 1.0021077 1.1793260 1.1919577 1.2911535 2.8290822 2.7077699 7.3602377 2.2350685 
Cgig_XM_011449651.3                                    0.9930650 0.8164363 0.6472965 0.8007745 0.6776114 0.6291984 0.7265394 0.6800444 0.6610239 0.6349256 0.6345045 0.7165244 0.8935749 0.7522719 0.0000000 0.2878237 0.3334355 0.6098489 0.6073472 0.6119451 0.9298853 1.0362270 0.8073769 0.7339798 0.6913355 0.7506650 1.0236219 1.2016184 0.7630614 0.8166885 1.2372739 1.1316950 1.0529643 1.1200925 1.0457061 0.9486570 0.9939769 0.9939769 0.9826978 0.8401950 1.0214565 1.0383688 0.6940523 0.9767331 1.1736404 1.1736404 1.1807798 1.0281737 1.3281504 1.2719425 1.0810559 1.0442719 1.0442719 1.1811763 1.2378082 1.6993871 1.5610040 1.5741226 1.7850649 1.4819369 1.1298583 1.2669054 1.3880949 1.1679137 1.1023789 1.7167088 1.4506820 1.1689036 1.1131881 1.0440912 1.6170946 1.3460872 1.3189657 1.1147952 1.3717845 1.2768226 1.2867711 1.2700325 0.8324328 1.3500466 1.7747995 0.8369609 1.2272876 1.1201752 1.3758015 1.7919282 1.9880558 6.8443970 2.2945289 
Ctel_gnl_WGS_AMQN_CAPTEDRAFT_mRNA121617                0.6206653 0.6095832 0.6270835 0.6607045 0.6108071 0.6076265 0.6056996 0.6056996 0.6056996 0.5630855 0.5820211 0.7091103 0.5570230 0.5570230 0.2878237 0.0000000 0.0543447 0.3966236 0.5525958 0.6133649 0.7880200 0.7911251 0.7773922 0.9425901 0.9425901 0.7474259 1.2736007 1.9655150 0.6123288 0.8134935 0.7512631 0.6863078 0.6863078 0.9111848 0.7666670 0.6691934 1.0368775 1.0368775 1.0349130 0.7672229 0.8018212 0.8914276 1.0535147 0.7237403 1.1054496 1.1054496 0.9735023 0.7280941 1.2507806 1.1590887 0.8803005 0.9599093 0.9599093 0.9403190 1.5115656 2.2669793 2.2669793 2.2669793 4.4933675 1.1260087 1.0575322 1.2221550 1.2477973 0.9535121 1.0314886 1.2477973 1.0875470 1.2673212 0.8876421 0.8697629 9.0000000 0.9935851 1.0877692 0.9304650 0.9727030 1.0030718 0.9784545 1.3329916 0.9425365 0.0000010 9.0000000 0.9692671 1.2178652 1.5869232 3.2193615 9.0000000 6.7964632 9.0000000 0.0000010 
Ctel_gnl_WGS_AMQN_CAPTEDRAFT_mRNA199964                0.6131517 0.6404033 0.6799370 0.7575374 0.6824547 0.6347321 0.6352301 0.6457906 0.6946407 0.6199343 0.6308717 0.7230765 0.6497013 0.6497013 0.3334355 0.0543447 0.0000000 0.4861331 0.4595526 0.5647413 0.7327659 0.8225873 0.6773419 0.7730001 0.7730001 0.6993810 0.9286643 1.1895064 0.6659900 0.6958166 1.0087752 0.7928419 0.7928419 0.9012733 0.8206574 0.7638784 0.9392628 0.9392628 0.8762964 0.6185368 0.8177099 1.0695826 0.8538308 0.6477991 1.0090994 1.0090994 1.0121688 0.8355908 1.0164261 0.9706565 0.8473118 0.8784099 0.8784099 0.8827854 1.3536691 1.6996638 1.6996638 1.6996638 2.1275332 1.5923035 1.0987113 1.2316150 1.3626741 1.1260573 1.0882587 1.3626741 1.2741317 1.2630955 1.0422752 1.0269557 3.2043007 1.1128098 1.1543500 1.0587149 1.2969766 1.1230035 1.1296230 1.1933519 0.7824581 1.3406570 2.2798314 0.8466277 1.0331966 1.2867452 0.9177154 1.8117778 1.5180347 8.3128699 0.9575108 
Cscu_XM_023380172.1                                    1.1130159 0.9531869 0.6379795 0.7550348 0.6492966 0.6180102 0.7568882 0.6010427 0.4992986 0.6804479 0.6892434 0.6305343 0.7434776 0.7436435 0.6098489 0.3966236 0.4861331 0.0000000 0.9751477 0.6183574 1.0702477 0.9377721 0.8576447 0.9946011 0.8262683 1.1370052 1.3231139 1.4699251 0.9359110 1.0916324 1.0368715 0.9710198 0.7751509 1.1702467 1.0981431 0.7984283 1.4912291 1.4912291 1.4579348 1.1031371 1.3328587 1.1547306 1.3311873 1.2292487 1.3026763 1.3026763 1.4771181 1.3695046 1.4988077 1.6401584 1.3081340 1.3345176 1.3345176 1.5210613 1.2803084 1.8969567 1.6648175 1.9521548 1.9856684 1.3745457 1.2071696 1.5012506 1.5217101 1.3036980 1.0224547 1.6395807 1.5433733 1.1377397 1.0965683 1.1265702 2.0695269 1.4966846 1.2760102 1.4287568 1.5207957 1.4169282 1.3118008 1.3664908 1.0086315 2.0070715 2.3201224 0.8534261 1.5288580 1.0846230 1.2700213 3.3881801 2.1201456 6.8172192 2.7637364 
Acagra_model.g29786.t1                                 1.0873693 1.0605170 0.8108192 1.0872124 0.9137932 0.7295002 0.9062725 0.6990279 0.6810121 0.8525767 0.8359072 0.7224673 0.8740570 0.9010451 0.6073472 0.5525958 0.4595526 0.9751477 0.0000000 0.7776545 1.0617251 1.1678937 0.7380073 0.9123524 0.8817992 0.9553979 1.0690331 1.2575466 0.8530703 0.9414373 1.2392851 1.2045167 0.9837739 1.1848510 1.1074222 0.8512874 1.2397396 1.2397396 1.1980642 1.1050464 1.2271076 1.2467789 1.2805572 1.3825070 1.4614464 1.4614464 1.5653047 1.3780474 1.5877485 1.6554117 1.2981453 1.4604251 1.4604251 1.4495966 1.2913181 1.8235372 1.5722829 1.8346471 1.7145684 1.3159282 1.3355515 1.5459085 1.5274580 1.3902781 1.0965980 1.7478644 1.3693258 1.0938486 1.3981782 1.3594769 1.6842255 1.5265109 1.5169296 1.4303935 1.6476518 1.2961332 1.2902407 1.2906702 0.9241802 1.2216206 1.9744842 1.3085578 1.4318775 1.2580978 1.4659107 2.1488773 2.2490819 7.5326657 2.7726852 
Dpul_mRNA19522                                         0.7509859 0.7895317 0.6832873 0.9279195 0.8167672 0.6827224 0.9338853 0.7153216 0.6148915 0.7199530 0.7286325 0.7399908 0.7917182 0.6548462 0.6119451 0.6133649 0.5647413 0.6183574 0.7776545 0.0000000 0.7835889 0.9312864 0.7727583 0.8397959 0.8039164 0.7049425 1.0369263 1.1825940 0.7831947 0.6795098 1.1561079 0.9558353 0.8440652 1.0241639 0.9572371 0.7666389 1.2780865 1.2780865 1.1758469 0.7815057 0.9247148 0.8992200 0.9463015 1.0171789 1.3078810 1.3078810 1.4423249 1.0935959 1.4125399 1.4054793 1.0590097 1.2390763 1.2390763 1.2367353 0.9182725 1.4002736 1.2223490 1.2705150 1.2960464 1.2638224 1.1028673 1.1461276 1.1639638 1.0804400 0.8986009 1.3934414 1.1780675 0.9100660 0.8600419 0.8351628 1.4392333 1.2837371 1.1599318 1.0638399 1.2503232 1.1281944 1.1486453 1.2309772 0.8542462 1.4391751 1.6217500 0.8757272 1.2108223 1.2536840 1.4548328 1.9536588 2.7866528 5.5439051 3.4155334 
Gracom_Gcom_C547254_01                                 0.5160874 1.2986660 0.7624352 0.9662404 0.6942669 0.6298338 0.8995368 0.6483350 0.5066257 0.7352089 0.7346213 0.7215073 0.9889629 1.0879717 0.9298853 0.7880200 0.7327659 1.0702477 1.0617251 0.7835889 0.0000000 0.2589233 0.9930707 1.0201721 0.8775347 1.0555019 1.0907274 1.2423480 0.8300990 0.8384235 0.9973517 1.0506931 0.7579453 1.2012763 1.1451239 0.8036360 1.2783456 1.2783456 1.1669890 1.1734018 1.4711880 0.8106675 1.3519030 1.7160743 1.5143999 1.5143999 1.5916380 1.5467338 1.6797524 1.7743085 1.4276465 1.6284828 1.6284828 1.4749757 1.1612588 1.8929245 1.3227447 1.6992314 1.4949810 1.0987974 1.2183732 1.3726165 1.3723653 1.2227439 0.8845567 1.7573313 1.3734765 0.9695945 1.0496351 1.0883688 1.9246765 1.4902457 1.3572088 1.2248643 1.3623591 1.2446526 1.3908664 1.2252000 0.8719258 1.0470345 1.9044803 1.5406870 1.4073038 1.1169608 1.2784772 3.1277182 2.7982705 7.6165303 3.6653929 
Leuniv_Lniv_scaffold25451_01                           0.4230944 1.3867424 0.7751535 1.0108883 0.7298668 0.7542745 0.9556286 0.6925820 0.5753861 0.7651228 0.7644802 0.8069325 0.9977284 1.0504091 1.0362270 0.7911251 0.8225873 0.9377721 1.1678937 0.9312864 0.2589233 0.0000000 1.0941651 1.1164668 0.9372328 1.0468815 1.1960794 1.3514093 0.8854452 0.9040458 1.0472961 0.8846095 0.7144162 1.0732216 1.0202338 0.7934631 1.1291678 1.1291678 1.0720609 1.1187954 1.5810624 0.8543705 1.3041506 1.5204939 1.6678619 1.6678619 1.6053773 1.4120435 1.7665628 1.7584258 1.6237296 1.6503858 1.6503858 1.6144391 1.1720890 1.9966117 1.3985673 1.8976770 1.5679495 1.2090412 1.2390358 1.2734525 1.2548706 1.1185971 0.9192840 1.8686004 1.4532549 0.9730156 1.0492896 1.0553584 2.0709135 1.5622400 1.3303882 1.2829128 1.4591212 1.2956004 1.3779463 1.2011439 0.8245815 1.0154497 1.8445371 1.6899151 1.5293855 1.1052189 1.2306348 3.2592937 3.4545723 6.8745058 4.0546365 
Aque_Aqu2.1.24996_001                                  1.0556374 0.9482725 0.7764035 1.1521723 0.8787915 0.8582227 1.0433762 0.8891483 0.7894689 0.8282916 0.8062789 0.6313743 0.8316194 0.8838706 0.8073769 0.7773922 0.6773419 0.8576447 0.7380073 0.7727583 0.9930707 1.0941651 0.0000000 0.2811881 0.3260772 0.3582759 1.0624952 1.2109805 0.7985022 0.9701175 1.1895904 0.9850503 0.8679870 1.0814342 1.0166526 0.7564524 1.0580579 1.0580579 1.0608952 0.8160135 1.1839705 1.0001653 1.0366272 1.0658837 1.4096192 1.4096192 1.3241350 1.0919097 1.5986095 1.5999106 1.3039970 1.3382908 1.3382908 1.2626898 1.2487691 2.2016308 1.5387799 1.9042641 1.7891196 1.0328901 1.2335282 1.2629191 1.1990476 1.3927359 0.8634609 1.4269259 1.2159906 0.9887689 1.2527692 1.1236095 1.8877137 1.5893654 1.5646231 1.0926237 1.5038896 1.2403173 1.2460675 1.1557586 0.9281101 1.3981949 1.9948567 1.2199552 1.2960671 1.3432152 1.2809687 2.8038623 2.9785457 8.5646793 3.0601658 
Halamb_c47141_g1_i3mm.2176                             1.0233340 1.1973280 0.9642607 1.1080467 0.9153670 0.9546182 1.1844668 0.9439418 0.9083854 0.9437519 0.9427049 0.7308108 0.9039202 0.9097078 0.7339798 0.9425901 0.7730001 0.9946011 0.9123524 0.8397959 1.0201721 1.1164668 0.2811881 0.0000000 0.0000010 0.3329587 1.2317348 1.3743139 0.9450660 0.9118249 1.3443357 0.9832616 0.8853253 1.0900515 1.0217060 0.8600517 1.0702506 1.0702506 1.2588269 0.8778142 1.2233043 1.0446335 0.9608392 1.0472530 1.1898310 1.1898310 1.2242274 0.9920348 1.4468856 1.4196014 1.3103582 1.1604499 1.1604499 1.1974579 1.1003318 1.9095023 1.3894186 1.8182690 1.4656678 1.2044266 1.2116061 1.3732363 1.3519257 1.5110027 1.0026588 1.6529999 1.4617405 1.1118291 1.2654399 1.2350934 1.8731555 1.5000047 1.5211857 1.1063051 1.5893408 1.5118636 1.4366131 1.3637582 0.9829464 1.3234995 2.4289301 1.2772332 1.2795020 1.4545729 1.3509488 2.2165301 2.7577989 7.6232789 3.2216553 
Halamb_c52074_g1_i1m.32089                             0.7895288 1.0689657 0.9642259 0.8918280 0.9143792 0.9546182 0.9298724 0.9439418 0.9083854 0.9363307 0.9349855 0.7722368 0.7067241 0.7067241 0.6913355 0.9425901 0.7730001 0.8262683 0.8817992 0.8039164 0.8775347 0.9372328 0.3260772 0.0000010 0.0000000 0.3558838 1.2830428 1.5039112 0.8745343 0.6764258 1.3443357 0.8697973 0.8853253 1.1032639 1.0085354 0.9656502 1.0528951 1.0528951 1.1678387 0.7049277 1.0406640 0.9774524 0.8976621 0.7438721 0.9313506 0.9313506 0.9509192 0.8157595 1.1592401 1.1264608 0.9892106 0.9517574 0.9517574 0.8667922 1.1003318 1.6029593 1.6029593 1.6029593 1.7684430 1.2044266 1.1425523 1.2366398 1.2415534 1.2208599 1.1265591 1.2415534 1.4171999 1.3562927 1.0318299 1.1221041 3.9219018 1.3753497 1.1660577 1.2728368 1.6248402 1.3319892 1.2161898 1.3421140 0.7966218 1.3724190 3.3155331 1.2284589 1.3115406 1.5791519 1.1365403 1.3772053 1.6714118 8.9999986 0.7970390 
Xestes_maker-XT_scaffold94155-augustus-gene-0.8-mRNA-1 1.0920936 1.1294095 0.8678189 1.1537590 0.8232226 0.9135178 1.1012665 0.9036203 0.8953713 0.7304173 0.7390153 0.7684363 0.8661134 0.9242326 0.7506650 0.7474259 0.6993810 1.1370052 0.9553979 0.7049425 1.0555019 1.0468815 0.3582759 0.3329587 0.3558838 0.0000000 1.1576163 1.3008098 0.8549910 1.0958023 1.0978477 1.0945592 0.8534818 1.1692986 1.1008760 0.8127336 1.2417732 1.2417732 1.2560578 1.0988075 1.1237754 1.0812905 0.9246255 1.2755348 1.2958559 1.2958559 1.4995730 1.2829187 1.7139433 1.7626414 1.4624702 1.3570283 1.3570283 1.2640226 1.4639711 2.2046095 1.7228388 2.0284073 1.9172423 1.3285486 1.3878969 1.6788060 1.6352230 1.6120720 1.1575073 1.9576824 1.5844803 1.2283160 1.2373688 1.2326946 2.1663015 1.7894610 1.8861091 1.1921882 1.6694263 1.6365023 1.5691707 1.3954789 0.8783042 1.1841931 2.2422741 1.3885056 1.4476587 1.5132209 1.0653871 2.6050344 2.4913485 7.7481304 2.6229167 
Spolac_c101615_g1_i2_m.26190c101615-g1                 1.2583992 1.2051782 0.9320169 1.1830011 0.8513751 0.8077419 1.0186578 0.7629542 0.9431874 0.9228972 0.9228972 0.8873868 1.2898521 1.0740570 1.0236219 1.2736007 0.9286643 1.3231139 1.0690331 1.0369263 1.0907274 1.1960794 1.0624952 1.2317348 1.2830428 1.1576163 0.0000000 0.0087566 0.0611683 1.0122774 1.5976854 1.0293973 0.8803067 0.9614280 0.9614280 0.7729889 1.0832410 1.0832410 1.1085571 1.0913986 1.4564899 1.2568581 1.1719113 1.5657161 1.5092492 1.5092492 1.2429069 1.0763503 1.4585124 1.4648545 1.4937268 1.3722294 1.3722294 1.4156429 1.2752866 1.6386098 1.1964245 1.6136140 1.1886110 8.9999986 1.6362975 1.5027342 1.6748806 1.4405734 1.2294341 2.5351869 1.8067558 1.1678898 1.5285744 1.2207480 1.7035836 1.7314159 1.8583999 1.5405546 1.6753057 1.5843475 1.6077380 1.6563341 0.8924387 1.0899395 1.8024963 1.4008466 1.3178216 0.8892728 0.9736182 1.9757593 2.9544956 5.8922884 1.8658219 
Spolac_c101615_g1_i3_m.26191c101615-g1                 1.4202207 1.3587039 1.0695546 1.3556369 1.0020024 1.0367442 1.1817067 0.9893113 1.2640457 1.0666510 1.0666510 1.0287313 1.4743465 1.2250529 1.2016184 1.9655150 1.1895064 1.4699251 1.2575466 1.1825940 1.2423480 1.3514093 1.2109805 1.3743139 1.5039112 1.3008098 0.0087566 0.0000000 0.1494223 1.1477033 1.8776888 1.1843492 1.0672590 1.1223506 1.1223506 0.9565009 1.2039225 1.2039225 1.2503223 1.2482701 1.5924590 1.4371145 1.3782599 1.7544287 1.6653956 1.6653956 1.3826113 1.2193129 1.6466081 1.6538634 1.6472450 1.5581078 1.5581078 1.5810446 1.7724959 2.0383627 1.5723859 1.9559956 1.4879523 9.0000000 1.8103209 1.6422606 1.8294693 1.5976880 1.3956967 2.6961998 1.9683047 1.3663011 1.6437376 1.3577226 1.7035836 1.8748843 1.9535394 1.7175186 1.8207784 1.7538909 1.7757831 1.7746459 1.0266109 1.0899395 1.8024963 1.6410321 1.4943441 1.0279088 0.9736182 1.9757593 2.9544956 6.0371995 1.8658219 
Spolac_c101615_g1_i4_m.26193c101615-g1                 0.9012173 0.9014387 0.6879798 0.8100880 0.6059065 0.5492006 0.7413958 0.5246931 0.5578555 0.6792447 0.6605233 0.6274275 0.8506232 0.7585214 0.7630614 0.6123288 0.6659900 0.9359110 0.8530703 0.7831947 0.8300990 0.8854452 0.7985022 0.9450660 0.8745343 0.8549910 0.0611683 0.1494223 0.0000000 0.8073585 0.9054701 0.7646395 0.6331008 0.8036639 0.7477499 0.5500314 0.8606893 0.8606893 0.8316840 0.8762501 1.0115809 0.9899610 0.9291359 1.1960518 1.1001484 1.1001484 0.9861863 0.9078294 1.2007629 1.1846341 1.1470697 1.0711475 1.0711475 1.1136294 0.9613878 1.5761526 1.2384637 1.5633476 1.4232553 1.3790194 1.1397141 1.1472881 1.2481645 1.1265532 0.9016041 1.7450506 1.3397976 0.8781474 1.1054949 0.9008682 1.7035836 1.2260418 1.3500777 1.1198835 1.2625586 1.1689096 1.1620870 1.2045435 0.7799238 1.0899395 1.9249413 1.0993295 0.9962543 1.0619777 0.9476924 1.9757593 2.9544956 6.5599505 1.8658219 
Skow_XM_002731777.2                                    0.8624839 1.1960055 0.8299814 1.1330011 0.8434041 0.7147781 0.9246655 0.6843992 0.6973396 0.9922053 0.9915500 0.8543693 1.0550916 1.1595064 0.8166885 0.8134935 0.6958166 1.0916324 0.9414373 0.6795098 0.8384235 0.9040458 0.9701175 0.9118249 0.6764258 1.0958023 1.0122774 1.1477033 0.8073585 0.0000000 0.9115364 0.9749434 0.6554911 1.1789644 1.1081962 0.7146502 1.1358679 1.1358679 1.1776189 0.7990929 1.1029687 0.9079922 1.2898004 1.0618509 1.2473248 1.2473248 1.3472211 1.0224344 1.3318135 1.3878349 1.1667885 1.2259200 1.2259200 1.2351378 0.7384897 1.6456854 1.2230412 1.6186100 1.4054691 0.9889805 1.0475393 1.0874036 1.0586879 0.9932866 0.7654238 1.2871733 1.0230525 0.7737091 1.0603066 1.1350136 1.8519971 1.1439028 1.1129930 0.9945155 1.4446158 0.9278593 1.0263363 1.0835447 0.8740051 1.2608946 1.6176873 1.4629413 1.4077828 1.3268842 1.4022884 2.1325440 3.0691953 8.9999990 3.4444433 
HoiH23_PlH23_003803-RA                                 0.9260095 1.0309756 1.0719231 1.1846023 1.0112150 0.9954040 1.0266948 0.9882785 1.0618943 1.3649493 1.3781677 1.2136413 1.2094099 1.2094099 1.2372739 0.7512631 1.0087752 1.0368715 1.2392851 1.1561079 0.9973517 1.0472961 1.1895904 1.3443357 1.3443357 1.0978477 1.5976854 1.8776888 0.9054701 0.9115364 0.0000000 0.2872290 0.2919896 0.3218827 0.2750930 0.1292793 1.3829973 1.3829973 1.4074304 1.1157446 1.1731126 0.9966889 1.4909193 1.5334013 1.4533675 1.4533675 1.5164608 1.4643510 1.7438822 1.6878169 1.5978691 1.4764993 1.4764993 1.4956355 1.6593967 2.2846818 2.2846818 2.2846818 2.8890830 1.3149920 1.4559815 1.6913895 1.5433807 1.2747665 1.5321127 1.5433807 1.7359087 1.5770278 1.6331267 1.5861730 7.5310310 1.4714791 1.2669811 1.2517766 1.5528266 1.4544964 1.5128895 1.5788406 1.1110416 1.5332703 2.1098123 1.9919997 1.5979945 1.9402849 1.9750434 2.7171755 2.4720345 6.7267922 1.0878486 
TrH2_TrispH2_002819-RA                                 1.0656271 1.0834364 0.9171996 0.9836291 0.9180923 0.8091172 0.9121489 0.8003609 0.7522800 1.0579025 1.0676032 0.8854813 0.8864719 1.0973722 1.1316950 0.6863078 0.7928419 0.9710198 1.2045167 0.9558353 1.0506931 0.8846095 0.9850503 0.9832616 0.8697973 1.0945592 1.0293973 1.1843492 0.7646395 0.9749434 0.2872290 0.0000000 0.0000010 0.3397749 0.3058946 0.1588578 1.1709122 1.1709122 1.2936232 0.9156321 1.1104418 0.8257092 1.3955749 1.4960936 1.2041848 1.2041848 1.3620310 1.3460819 1.5076164 1.6232333 1.4927318 1.3975166 1.3975166 1.3545625 1.1732931 1.8708326 1.6879486 1.7982641 1.7638478 1.9540925 1.3986256 1.5931737 1.6026300 1.3433018 1.3703168 1.5085231 1.6150219 1.4331917 1.3969470 1.5822262 4.4962847 1.4624699 1.4385105 1.2042223 1.6826152 1.4152362 1.4131739 1.3397844 0.9617735 1.7431228 3.1370537 1.4344471 1.4505249 1.3660361 1.1314557 2.3719484 3.2373605 7.9405648 1.9511305 
Tadh_TriadT27346                                       0.7060080 0.8047272 0.8585121 0.9743326 0.8596301 0.8091172 0.8263483 0.8003609 0.7522800 1.0161818 1.0274619 0.8231210 0.9125624 0.9125624 1.0529643 0.6863078 0.7928419 0.7751509 0.9837739 0.8440652 0.7579453 0.7144162 0.8679870 0.8853253 0.8853253 0.8534818 0.8803067 1.0672590 0.6331008 0.6554911 0.2919896 0.0000010 0.0000000 0.1757433 0.1459522 0.1102701 0.9099053 0.9099053 0.9706677 0.7566783 0.9044648 0.7336150 1.1435580 1.0800897 1.0574806 1.0574806 1.0707330 1.0787519 1.3272905 1.2869113 1.1903950 1.1912890 1.1912890 1.0537164 1.1732931 1.6146082 1.6146082 1.6146082 1.6807765 1.9540925 1.2914725 1.4066992 1.3503027 1.0916107 1.2244954 1.3503027 1.4248267 1.3453366 1.3041904 1.3633882 6.0271645 1.2412395 1.0839844 1.1084703 1.5648819 1.1570260 1.1437501 1.1998541 0.7948879 1.4221936 3.7385817 1.4003647 1.2727810 1.3703723 1.0784523 1.7148914 2.4544265 6.5776523 1.2473364 
Hhon_g07605.t1                                         1.2836325 1.2865183 0.8909723 1.1961532 0.8736509 0.9367890 1.1246226 0.9264438 0.9735791 1.1139702 1.0935190 0.8389154 1.0749201 1.3413196 1.1200925 0.9111848 0.9012733 1.1702467 1.1848510 1.0241639 1.2012763 1.0732216 1.0814342 1.0900515 1.1032639 1.1692986 0.9614280 1.1223506 0.8036639 1.1789644 0.3218827 0.3397749 0.1757433 0.0000000 0.0130454 0.1184078 1.2574143 1.2574143 1.3986802 1.0748280 1.2945293 1.0217563 1.4003024 1.8727917 1.4399252 1.4399252 1.6995220 1.5800726 1.8072077 1.9260711 1.8328416 1.8576825 1.8576825 1.5880068 1.2795405 1.9317342 1.3647428 1.8713488 1.4320658 2.4839675 1.5947567 1.6628147 1.5810293 1.7208700 1.2866842 1.9796515 1.6238191 1.2603461 1.5536179 1.6393588 2.4110863 1.6040630 1.8465789 1.0793728 1.8370766 1.7623417 1.8295308 1.3477565 1.0010995 1.3194980 1.9838481 1.3890143 1.5397743 1.3258733 1.3331642 2.5717709 3.0580014 6.0264681 3.2453722 
HoiH04_mRNA15841                                       1.2233799 1.2134981 0.8302744 1.1120502 0.8140968 0.8501124 1.0501561 0.8407976 0.8630738 1.0404136 1.0209460 0.7794720 1.0004914 1.2637859 1.0457061 0.7666670 0.8206574 1.0981431 1.1074222 0.9572371 1.1451239 1.0202338 1.0166526 1.0217060 1.0085354 1.1008760 0.9614280 1.1223506 0.7477499 1.1081962 0.2750930 0.3058946 0.1459522 0.0130454 0.0000000 0.0950967 1.1715807 1.1715807 1.3048051 1.0386687 1.2119744 0.9584365 1.3149775 1.7701806 1.3451082 1.3451082 1.5979255 1.4800255 1.6997384 1.8153111 1.7339635 1.7445369 1.7445369 1.4920619 1.1652838 1.8786703 1.3177557 1.8256095 1.4320658 2.0288197 1.5169136 1.5775957 1.4991030 1.6404478 1.2089780 1.8797906 1.5391593 1.1655081 1.4770979 1.5599848 2.4110863 1.5022482 1.7341899 1.0060128 1.7217569 1.6547670 1.7164086 1.2509043 0.9690337 1.3194980 1.9838481 1.3030329 1.4433451 1.2816639 1.3739069 2.5717709 3.0580014 5.8639091 3.2453722 
HoiH06_mRNA7797                                        0.8149073 0.8659080 0.7801344 0.9078818 0.7887334 0.7794179 0.7574979 0.7709313 0.7778644 0.9640524 0.9743628 0.8051465 0.8191032 0.8191032 0.9486570 0.6691934 0.7638784 0.7984283 0.8512874 0.7666389 0.8036360 0.7934631 0.7564524 0.8600517 0.9656502 0.8127336 0.7729889 0.9565009 0.5500314 0.7146502 0.1292793 0.1588578 0.1102701 0.1184078 0.0950967 0.0000000 0.9241934 0.9241934 0.9970789 0.7497448 0.9043485 0.7229422 1.0357845 1.2000458 1.0522307 1.0522307 1.1279109 1.0420114 1.3730814 1.3354913 1.2473215 1.2882608 1.2882608 1.0704461 1.1330655 1.4865302 1.4400768 1.5239058 1.5416432 1.8183525 1.1687950 1.2536497 1.2454574 1.0821454 1.2601673 1.3282280 1.4328958 1.1704575 1.2810621 1.2047180 3.6394089 1.2516880 1.2401899 0.9702591 1.3779473 1.2036913 1.2620176 1.1507205 0.7210250 1.1414710 2.2477245 1.3104480 1.1831359 1.3576246 1.1293407 2.1017322 3.1012442 7.4869427 0.9760662 
Nemnom_g15440.t1                                       1.1185538 0.6791119 0.8713332 1.1151068 0.9333950 0.6865653 1.0034827 0.7381187 0.7895322 0.8781098 0.9016761 0.7643934 1.1207603 1.1608869 0.9939769 1.0368775 0.9392628 1.4912291 1.2397396 1.2780865 1.2783456 1.1291678 1.0580579 1.0702506 1.0528951 1.2417732 1.0832410 1.2039225 0.8606893 1.1358679 1.3829973 1.1709122 0.9099053 1.2574143 1.1715807 0.9241934 0.0000000 0.0000010 0.3092983 1.2000288 0.7051793 1.2149546 1.3205336 1.2405063 1.3611794 1.3611794 1.1840204 1.2404095 1.5844901 1.6447158 1.4996195 1.3829616 1.3829616 1.4916507 1.1096438 1.6279070 1.4055513 1.5861646 1.6353969 1.3515427 1.0741675 1.2066423 1.1978841 1.0760845 0.8848094 1.2628228 1.2466971 1.0650645 1.2469374 1.1486210 2.0746231 1.0659116 1.1636732 1.1658105 1.2238917 1.3177984 1.2320144 1.3760980 1.1874169 1.3844437 1.8872705 1.4231206 1.1315441 1.4287481 1.3958691 2.0301624 2.0450171 7.7224907 2.6560906 
Nemnom_g4957.t1                                        1.1185538 0.6791119 0.8713332 1.1151068 0.9333950 0.6865653 1.0034827 0.7381187 0.7895322 0.8781098 0.9016761 0.7643934 1.1207603 1.1608869 0.9939769 1.0368775 0.9392628 1.4912291 1.2397396 1.2780865 1.2783456 1.1291678 1.0580579 1.0702506 1.0528951 1.2417732 1.0832410 1.2039225 0.8606893 1.1358679 1.3829973 1.1709122 0.9099053 1.2574143 1.1715807 0.9241934 0.0000010 0.0000000 0.3092983 1.2000288 0.7051793 1.2149546 1.3205336 1.2405063 1.3611794 1.3611794 1.1840204 1.2404095 1.5844901 1.6447158 1.4996195 1.3829616 1.3829616 1.4916507 1.1096438 1.6279070 1.4055513 1.5861646 1.6353969 1.3515427 1.0741675 1.2066423 1.1978841 1.0760845 0.8848094 1.2628228 1.2466971 1.0650645 1.2469374 1.1486210 2.0746231 1.0659116 1.1636732 1.1658105 1.2238917 1.3177984 1.2320144 1.3760980 1.1874169 1.3844437 1.8872705 1.4231206 1.1315441 1.4287481 1.3958691 2.0301624 2.0450171 7.7224907 2.6560906 
Rhoesc_Res_017479-T1                                   1.1094088 0.7644292 0.8093844 1.0624757 0.8519043 0.6381704 0.9467495 0.6895724 0.6885330 0.8752036 0.8770471 0.8671893 1.0476370 1.1277488 0.9826978 1.0349130 0.8762964 1.4579348 1.1980642 1.1758469 1.1669890 1.0720609 1.0608952 1.2588269 1.1678387 1.2560578 1.1085571 1.2503223 0.8316840 1.1776189 1.4074304 1.2936232 0.9706677 1.3986802 1.3048051 0.9970789 0.3092983 0.3092983 0.0000000 1.2588338 0.7123545 1.1731465 1.3373806 1.3151470 1.4168108 1.4168108 1.4145365 1.3067303 1.6991779 1.7400363 1.4137517 1.4087623 1.4087623 1.4539898 0.9211238 1.4251784 1.2104024 1.3390508 1.4512282 1.0428113 1.0293882 1.1133436 1.0968241 0.9832759 0.7391209 1.1772311 1.1212190 0.9933331 1.1103178 1.0549061 1.8271588 1.0729517 1.3317000 1.3326725 1.1811882 1.3807558 1.2429917 1.1770460 1.2721452 1.2496547 1.7794515 1.3807665 1.0602226 1.3614183 1.2937851 2.2907786 2.4320519 7.5545454 2.8689732 
Bralan_BLAG09001113_1                                  1.2261854 0.9256510 0.8309031 1.0956437 0.8195435 0.9165017 1.1799506 0.8747491 0.8367345 0.9914607 0.9732057 0.8264519 0.9445095 1.0459291 0.8401950 0.7672229 0.6185368 1.1031371 1.1050464 0.7815057 1.1734018 1.1187954 0.8160135 0.8778142 0.7049277 1.0988075 1.0913986 1.2482701 0.8762501 0.7990929 1.1157446 0.9156321 0.7566783 1.0748280 1.0386687 0.7497448 1.2000288 1.2000288 1.2588338 0.0000000 1.1565742 1.2492151 1.0715645 1.1046030 1.0430417 1.0430417 1.1261682 0.9300258 1.1587195 1.2317483 1.0132545 1.0669520 1.0669520 1.1727099 1.1418730 1.6710887 1.4130868 1.7990297 1.4866993 1.6707049 1.1419214 1.2281249 1.3737605 1.1973533 0.8748151 1.4331253 1.2343653 0.9875680 1.1877048 1.1898349 1.8584977 1.3945540 1.4074808 1.1595971 1.3534081 1.3128959 1.2315236 1.2723596 0.9386506 1.2037135 2.1216859 1.1882477 1.3750525 1.2601150 1.4905261 1.9800477 3.0735247 6.6050925 3.6673230 
Sanmal_Sma_008561-T1                                   1.4512437 0.9260283 1.1005039 1.3648306 1.1155859 0.8741481 1.2167920 0.9150006 0.9877388 1.0581232 1.0666164 0.9371845 0.9227508 1.0339419 1.0214565 0.8018212 0.8177099 1.3328587 1.2271076 0.9247148 1.4711880 1.5810624 1.1839705 1.2233043 1.0406640 1.1237754 1.4564899 1.5924590 1.0115809 1.1029687 1.1731126 1.1104418 0.9044648 1.2945293 1.2119744 0.9043485 0.7051793 0.7051793 0.7123545 1.1565742 0.0000000 1.2857966 1.6383120 1.8267665 1.1918426 1.1918426 1.2976996 1.2387359 1.8549522 1.8358055 1.4692260 1.4566211 1.4566211 1.5718764 1.1788586 1.9639788 1.3518341 1.9017332 1.5445327 1.3382286 1.4869391 1.1664892 1.1538626 1.4698314 0.9288288 1.6025246 1.2205934 1.1823043 1.5545855 1.2313751 2.4748820 1.5047925 1.6355127 1.3434689 1.7235607 1.6649236 1.8588610 1.4638400 1.3816162 1.3279610 2.0033189 1.2287157 1.0698947 1.8244327 1.7765640 2.8012061 3.7476937 8.5649521 3.9350020 
Clacor_Ccor_scaffold12289_01                           0.9231429 1.4712809 1.0410937 1.2481439 0.9586935 1.0625836 1.1183691 1.0509117 0.9282765 1.0528498 1.0516011 0.8444299 1.0040406 0.9299032 1.0383688 0.8914276 1.0695826 1.1547306 1.2467789 0.8992200 0.8106675 0.8543705 1.0001653 1.0446335 0.9774524 1.0812905 1.2568581 1.4371145 0.9899610 0.9079922 0.9966889 0.8257092 0.7336150 1.0217563 0.9584365 0.7229422 1.2149546 1.2149546 1.1731465 1.2492151 1.2857966 0.0000000 1.2812012 1.5995030 1.5230984 1.5230984 1.4371887 1.2905038 1.6249354 1.6058736 1.4904866 1.4930650 1.4930650 1.5020255 1.5764110 2.2116247 1.7246164 2.0409778 1.8370539 1.3284187 1.4397135 1.5765824 1.5840721 1.3458126 1.3762321 2.0734563 1.6787011 1.4751475 1.4011257 1.3367556 2.6890644 1.6081847 1.6750829 1.1875393 1.7120014 1.3348365 1.3592501 1.4949192 0.9901086 1.2273866 2.2182596 1.3979859 1.1024465 1.4346313 1.6656954 2.6728769 3.6134386 7.9871219 3.9528885 
