121
Emue_Em0009g43a.t1                                      0.0000000 0.1252731 0.1993793 0.3240209 0.2139878 0.2715885 1.6516780 1.7753142 1.7855336 1.6788368 1.6512953 1.5955008 1.6268626 1.6458551 1.5463659 1.6962869 1.7102781 1.7025249 1.0186633 1.8421747 1.9452616 1.2260473 1.9466277 1.9466277 1.9403990 1.9757714 1.9598629 1.2798944 1.7195284 1.5712014 1.7340908 1.7312702 1.7930396 1.8729623 1.8483130 1.8992059 1.9407741 2.1893035 1.8271015 1.6655412 1.5021551 1.8932429 1.2494544 2.7864686 2.7864686 2.3624047 2.4418122 2.5300255 2.7446346 2.6032846 2.5585242 1.9184478 1.3971304 2.3132789 1.8818803 1.5619890 1.5277541 1.3820867 1.3820867 2.2281997 2.5000554 2.0701603 1.4600569 2.0494508 2.1826236 1.8693628 2.0945781 1.8389988 1.9816019 1.6326215 0.9651598 1.7055723 1.7055723 1.8348515 1.8528057 1.8778574 1.5462011 3.2578687 0.9313476 0.8500775 2.1065453 1.1239525 3.2039305 2.1341355 2.1643657 1.2212923 1.5082719 1.6402562 1.5223197 1.5187454 1.3556511 2.7619945 2.1620539 2.8214420 2.0846755 1.2811802 3.0769198 3.0757628 1.5146265 2.7328422 3.0130038 3.3185541 1.9825423 3.3547952 2.0020426 3.3165106 3.3924762 2.9635200 2.1639226 2.6980197 2.5655462 2.4146145 2.8101127 2.5286631 3.3189994 3.0691109 3.2989972 3.4043157 2.9032987 3.0044796 4.0717938 
Spolac_c98714_g1_i1_m.17866c98714-g1                    0.1252731 0.0000000 0.0000010 0.0000010 0.0000010 0.0000010 1.9370608 1.9910118 2.1543395 1.8396944 1.8396944 1.8712526 1.8932491 1.7715655 1.9061863 1.9061863 1.9171986 1.8937157 0.0000010 2.2359362 2.1782052 0.0000010 2.1503766 2.1503766 2.1132276 2.0636512 2.1275557 0.0000010 2.3453806 1.5259611 2.0884219 2.0112750 2.0223226 2.1786454 2.4307356 1.8260292 1.8426312 1.8426312 1.7051144 0.0000010 0.0000010 1.8437125 0.0000010 0.0000010 0.0000010 1.7804234 1.9133232 2.0576074 2.0576074 1.9168582 2.1453732 1.7761930 0.0000010 0.0000010 1.6361445 0.0000010 0.0000010 0.0000010 0.0000010 1.6447212 0.0000010 3.8883915 0.0000010 2.5354704 2.2571062 1.8852501 1.8852501 1.8852501 0.0000010 1.8785024 0.0000010 1.8003074 1.8003074 1.9001589 1.9463240 2.2095212 0.0000010 5.1377466 0.0000010 1.6302229 0.0000010 0.0000010 3.8004093 2.9353301 2.5159123 0.0000010 1.7748542 0.0000010 0.0000010 1.6502586 0.0000010 3.1307454 0.0000010 3.3798658 0.0000010 0.9683031 4.7821821 3.7228863 0.0000010 3.1176780 3.3754611 5.0873353 0.0000010 3.9994183 0.0000010 4.3794323 4.2900557 2.6516639 2.1405774 2.1681290 2.5393550 0.0000010 1.7950188 2.2750411 4.5578565 4.4610166 3.6373461 4.5285932 8.9999984 2.3473548 4.7137329 
Spolac_c98714_g2_i1_m.17867c98714-g1                    0.1993793 0.0000010 0.0000000 0.0000010 0.0000010 0.0000010 2.8058132 3.0574496 2.7903063 2.6884237 2.6552351 2.5292684 2.5234058 2.6155186 3.3350657 2.8168622 2.7430712 2.7305112 0.0000010 2.8822546 3.1080000 0.0000010 3.0098518 3.0098518 3.0098518 3.1389859 3.1516169 0.0000010 2.7232797 2.6122124 2.6440565 2.6391554 2.9191201 2.9645385 2.7319504 4.0305884 2.8271623 2.8271623 2.6121586 0.0000010 0.0000010 2.7468367 0.0000010 4.0540100 4.0540100 2.8038502 2.8038502 2.8038502 2.8038502 2.8038502 2.7193864 2.7936469 0.0000010 2.7698524 2.6724787 2.9380957 1.1759773 0.0000010 0.0000010 2.6724787 2.6724787 2.7598582 0.0000010 2.7320207 1.6121762 1.3513832 2.6268718 1.1228827 4.3524422 2.4626875 0.0000010 2.8159738 2.8159738 2.7785838 2.8488205 2.6906877 0.0000010 4.8054849 0.0000010 1.2198274 3.5832815 0.0000010 4.6517522 3.1877838 2.9117267 0.0000010 2.1704442 9.0000000 2.5396790 2.5396790 1.5261693 4.7301314 2.2047193 4.0983842 0.0000010 1.6535120 4.1081568 4.1153135 0.0000010 4.0133496 4.7505009 4.1654490 0.0000010 3.5103587 0.0000010 5.0859239 5.2868489 4.2752268 3.0277854 3.3340226 3.4767283 5.7348583 4.0281215 2.6498061 4.7321040 4.5754104 5.0410477 4.9017953 2.7049458 3.6173851 7.2511748 
Spolac_c98714_g3_i1_m.17868c98714-g1                    0.3240209 0.0000010 0.0000010 0.0000000 0.0428164 0.0428164 1.4038885 1.3853837 1.3131427 1.3520476 1.3726247 1.3484857 1.3919219 1.3783864 1.3080864 1.3619626 1.4189725 1.4089010 1.0254033 1.4393290 1.5064099 1.3494820 1.5231417 1.5231417 1.5231417 1.5772083 1.5005426 1.3864294 1.4249544 1.2918945 1.3352751 1.3073732 1.2490210 1.2587584 1.4917482 9.0000000 1.6830003 5.8463648 1.6066704 5.4025565 1.5038945 1.6183406 1.2669576 5.0815326 5.0815326 5.0815326 5.0815326 5.0815326 0.0000010 0.0000010 0.0000010 1.6212994 1.4729232 9.0000000 1.6131264 1.6131264 1.6131264 1.4918851 1.4918851 7.4972370 7.4972370 1.6974151 1.6569853 1.7098582 0.0000010 0.0000010 9.0000000 0.0000010 1.8259180 1.3969801 7.0780666 1.4084409 1.4084409 1.5081195 1.4731723 1.8096327 1.5726698 2.4323147 1.2382214 1.0821627 1.9678283 1.1118027 2.4483754 1.5929174 1.6671552 1.1361296 1.3173280 1.7769139 1.2101286 1.2101286 3.9661693 1.9666464 0.0000010 1.7896406 2.6716095 0.9679585 2.1122348 2.1815080 1.5974621 1.6720763 2.4735604 2.3897858 3.7157572 2.8210052 2.5523049 2.3788412 2.2886182 2.2564537 3.5093388 3.7995233 2.3100460 2.4302743 2.5931182 0.0000010 2.3490813 2.0998761 2.2856480 2.4474957 2.3215542 0.0000010 2.8946645 
Spolac_c98714_g3_i2_m.17869c98714-g1                    0.2139878 0.0000010 0.0000010 0.0428164 0.0000000 0.0274710 1.2468058 1.2966171 1.2561658 1.3021129 1.2857336 1.1816020 1.3021154 1.3179218 1.2246374 1.2347923 1.3142042 1.3158168 1.0254033 1.4085249 1.4235668 1.3376601 1.4423696 1.4423696 1.4423696 1.4657792 1.4195108 1.3703977 1.2885929 1.2096990 1.2484446 1.2467593 1.2588239 1.2424540 1.3345109 1.6277634 1.5575244 1.5140227 1.4681328 1.4681061 1.4472372 1.5071384 1.2996440 1.2676364 1.2676364 1.2676364 1.2676364 1.2676364 2.0662703 2.0662703 0.0000010 1.4833142 1.4865485 1.4062385 1.5086917 1.5086917 1.5086917 1.3985190 1.3985190 1.9087070 1.9087070 1.6051486 1.4798114 1.6116549 0.0000010 0.0000010 1.1420873 0.0000010 1.6410407 1.2213975 0.9472307 1.3050167 1.3050167 1.4162553 1.3708410 1.5178945 1.5726698 2.7648440 1.0021576 0.8144760 1.9577810 1.1118027 2.4690535 1.6487304 1.8066071 1.3269566 1.1555771 1.5850007 1.1257734 1.1257734 1.1059329 1.9901116 0.0000010 1.9995384 2.2154868 1.1650672 2.2651910 2.2222124 1.4906499 1.9254951 2.3329729 2.5014177 2.1745163 2.7779872 2.0510694 2.5648932 2.4696403 2.2653074 3.5093388 2.5514500 2.3705798 2.3974106 2.6651779 0.0000010 2.3712768 2.2473922 2.1490383 2.4342389 4.0351456 2.3841651 3.3437921 
Spolac_c98714_g3_i3_m.17871c98714-g1                    0.2715885 0.0000010 0.0000010 0.0428164 0.0274710 0.0000000 1.3347870 1.3386733 1.3160738 1.3511462 1.3325807 1.2203937 1.3489612 1.3558292 1.2246374 1.2876386 1.3633000 1.3634901 1.0254033 1.5035647 1.4847029 1.3376601 1.5054022 1.5054022 1.5054022 1.5317218 1.4833120 1.3703977 1.3568691 1.2703141 1.3124948 1.3106581 1.3194289 1.3007796 1.4102285 2.0431775 1.6547823 1.7544207 1.5524623 1.5423971 1.4729779 1.5979546 1.2996440 3.4618561 3.4618561 3.4618561 3.4618561 3.4618561 0.0000010 0.0000010 0.0000010 1.5683027 1.4865485 2.2463880 1.5989411 1.5989411 1.5989411 1.3985190 1.3985190 2.9165797 2.9165797 1.6161406 1.4798114 1.6232823 0.0000010 0.0000010 2.2961994 0.0000010 1.6918858 1.2904217 1.2965835 1.3953101 1.3953101 1.4821305 1.4360139 1.6284790 1.5726698 2.9112218 1.0021576 0.8714344 1.9592299 1.1118027 2.4179540 1.6860931 1.8436715 1.3269566 1.2088115 1.5850007 1.1767703 1.1767703 1.2821336 2.0636371 0.0000010 2.0241662 2.2154868 1.5965573 2.2959583 2.2443096 1.4906499 1.8954878 2.4847828 2.4756113 2.1745163 2.8374484 2.0510694 2.6485864 2.5482026 2.4097271 3.5093388 2.5062542 2.3162653 2.3212326 2.6386281 0.0000010 2.4188737 2.2746080 2.1490383 2.3423536 4.0351456 2.3841651 3.3243033 
Bralan_BLAG05000578_1                                   1.6516780 1.9370608 2.8058132 1.4038885 1.2468058 1.3347870 0.0000000 0.5484516 0.7181670 0.5977755 0.5952639 0.5916218 0.5725761 0.5912294 0.6652302 0.7307721 0.5673882 0.6042084 0.4057596 0.6158277 0.8844881 0.6803289 0.8972795 0.8972795 0.9005711 0.9025353 0.8839908 0.7094517 0.4260447 0.5249637 0.7496047 0.7409706 0.7355099 0.7418768 0.8730911 0.6520861 1.1658161 1.2979274 1.0789412 0.5524770 0.6738664 1.1243827 0.7129959 1.1092820 1.1092820 1.5092510 1.5065401 1.4961994 1.7238774 1.7103045 1.9585155 1.0900318 0.7823863 1.0994640 1.0663483 0.6919552 0.6891240 0.7154803 0.7154803 1.3419184 1.3213676 1.1930890 0.7920127 1.2291456 1.8796747 1.5412862 1.3702839 1.5125419 1.0001800 1.0618333 0.5278138 1.1146478 1.1146478 0.7162422 0.7895095 0.6141997 1.0580847 2.6836142 1.0507043 1.1955817 1.3493895 0.7081780 2.8195414 1.3404189 1.0920613 1.4917515 1.7951672 1.7314039 1.8723856 1.8069365 2.0014802 2.2102612 0.8046875 2.3272182 1.4529556 2.0696054 2.7636105 2.7453136 1.0949061 2.4632476 2.5819622 2.6485504 1.4880964 3.0233377 1.1409743 3.0833409 3.1608597 2.3168729 1.6225557 2.4268373 2.3584510 1.9693564 2.4910196 2.0042038 2.9426812 2.7231557 3.0718351 2.9259938 2.6297733 2.6758769 3.7824824 
Spur_XM_031000264.1                                     1.7753142 1.9910118 3.0574496 1.3853837 1.2966171 1.3386733 0.5484516 0.0000000 0.8561592 0.6787499 0.6831868 0.6727046 0.6580839 0.6941164 0.7693729 0.8120085 0.6592204 0.7059159 0.3992308 0.6345267 0.9724914 0.7622137 0.9924564 0.9924564 0.9958897 1.0188722 1.0201684 0.7946998 0.4092740 0.5623738 0.8612624 0.8710680 0.8639483 0.8816498 0.9740054 0.6401582 1.1534418 1.2580267 1.1821275 0.5969906 0.8342738 1.1687037 0.8479906 1.0570514 1.0570514 1.4437485 1.4674140 1.4498683 1.6652582 1.6881825 2.0433985 1.1339698 0.9206715 1.0275002 1.1233241 0.7837715 0.7886347 0.8622182 0.8622182 1.3197975 1.2609435 1.2357307 0.9057276 1.2725649 1.7733113 1.4551403 1.3439124 1.4482603 1.0067761 1.2384567 0.4552994 1.2373690 1.2373690 0.8131892 0.9005441 0.6483753 1.2007533 2.5747280 1.0437128 1.1954047 1.4066717 0.7352927 2.8393257 1.4394292 1.2545074 1.6298989 1.9300797 1.9235412 1.9224383 1.8865179 2.2145298 2.3033898 1.2934520 2.3535514 1.6848876 2.2241188 2.8622089 2.8401704 1.0659012 2.4433686 2.6139426 2.9447210 1.8023129 3.0759822 1.0001412 3.3196035 3.5304252 2.4201744 1.8473175 2.5449059 2.4629071 2.1400771 2.5726201 1.8458969 3.1116335 2.8746290 2.9370578 3.0899544 2.7742276 2.7524298 3.6003050 
Morvir_scaffold111.g39.t3                               1.7855336 2.1543395 2.7903063 1.3131427 1.2561658 1.3160738 0.7181670 0.8561592 0.0000000 0.5836849 0.5651338 0.5560394 0.5482252 0.5610885 0.7103726 0.6920575 0.5453102 0.5891920 0.3351249 0.8880908 0.9750862 0.7255845 0.9678672 0.9678672 0.9696113 0.9944492 0.9450186 0.7199801 0.7491078 0.7507983 0.4962172 0.4816235 0.4634652 0.4946035 0.6577238 0.7514823 1.1057779 1.2753463 1.1537402 0.7531186 0.7279938 1.1507170 0.6832278 0.9680235 0.9680235 1.4002149 1.4458789 1.3463982 1.5299934 1.6363013 1.9835167 1.0978446 0.7040185 1.0003288 1.1141214 0.7664308 0.7688955 0.7374608 0.7374608 1.4058517 1.3074122 1.1103694 0.7470313 1.1954935 1.8327553 1.6650990 1.3545588 1.6498344 0.9205002 1.1537745 0.5991574 1.2461732 1.2461732 0.6685616 0.7084954 0.9081663 0.8944561 2.5997166 1.0563138 1.1406969 1.4651977 0.7227140 2.7485074 1.1543126 1.2686119 1.4300560 1.8172381 1.6906918 1.7947855 1.8017096 2.0236964 2.2200088 1.3159289 2.3038687 1.4372061 2.2089661 2.6895942 2.6601505 1.1224787 2.1903856 2.4914755 2.7522059 1.4495283 2.8995166 1.3612324 3.1022311 3.1822136 2.3160931 1.9885178 2.4774043 2.3864109 2.1115883 2.4227890 1.8453206 3.0007361 2.6752178 2.9972578 2.8573842 2.4867017 2.5471378 3.5870865 
Spis_XP_022781298_1                                     1.6788368 1.8396944 2.6884237 1.3520476 1.3021129 1.3511462 0.5977755 0.6787499 0.5836849 0.0000000 0.0401492 0.0668234 0.0776449 0.0967820 0.1353112 0.1885959 0.1850902 0.2235960 0.3222019 0.7282952 0.8655409 0.7500350 0.8700516 0.8700516 0.8689672 0.8966450 0.9013382 0.7761258 0.6239358 0.6584580 0.5931327 0.5815273 0.5821855 0.6179895 0.7440839 0.7065173 1.0807193 1.1919777 1.0499620 0.7265201 0.7662813 1.0896139 0.6579212 0.9320738 0.9320738 1.2466689 1.2383852 1.2493214 1.4173066 1.4128326 1.7095862 1.0179345 0.6968096 0.9717840 1.0210150 0.7482011 0.7464693 0.7577818 0.7577818 1.2117803 1.2276087 1.1094886 0.7834008 1.1455391 1.4721314 1.2557951 1.1925621 1.2433502 0.9549535 1.0648922 0.5289609 1.1325959 1.1325959 0.4629471 0.5391823 0.7625584 1.0455262 2.3806189 1.0475569 1.1299443 1.4846494 0.7475620 2.6399706 1.2085784 1.1903613 1.6757602 1.8542700 1.8388675 1.8150147 1.7320420 2.1557005 2.1656179 1.1938468 2.2416606 1.3448436 2.0821663 2.7131696 2.6391629 1.1271078 2.1738830 2.3925653 2.6456012 1.6545705 2.8807589 1.3487577 3.0455312 3.1000279 2.4090567 1.6248859 2.3965419 2.3604697 2.0581689 2.3828263 1.7251218 2.9702171 2.6201377 2.7853186 2.9054919 2.6759913 2.4554404 3.4741945 
Pocdam_XM_027189639.1                                   1.6512953 1.8396944 2.6552351 1.3726247 1.2857336 1.3325807 0.5952639 0.6831868 0.5651338 0.0401492 0.0000000 0.0550338 0.0579583 0.0752538 0.1268345 0.1811146 0.1732408 0.2091640 0.3508739 0.7405506 0.8637786 0.7497275 0.8669919 0.8669919 0.8659084 0.9003254 0.8971588 0.7757849 0.6152808 0.6613894 0.5734581 0.5606615 0.5650937 0.6027779 0.7257209 0.6856176 1.0654135 1.1873889 1.0364438 0.7052723 0.7385195 1.0683899 0.6286522 0.9234880 0.9234880 1.2570017 1.2494529 1.2617226 1.4314976 1.4253803 1.7140542 1.0006951 0.6468316 0.9706871 1.0083618 0.7205175 0.7182251 0.7297262 0.7297262 1.2114526 1.2270743 1.1104069 0.7587572 1.1495597 1.4721314 1.2645965 1.2026674 1.2521069 0.9362167 1.0500346 0.5102398 1.1385684 1.1385684 0.4507713 0.5237664 0.7658259 1.1534631 2.3745856 1.0399347 1.1228419 1.4647280 0.7730012 2.6365300 1.1785512 1.1941490 1.6089910 1.8538380 1.8540376 1.8163198 1.7332332 2.1379692 2.1925404 1.2483437 2.2282597 1.3527451 2.0244788 2.7250313 2.6704037 1.1282941 2.1837495 2.4006391 2.6531182 1.7209932 2.8915801 1.3812022 3.0401979 3.1448544 2.3918048 1.6248859 2.3744635 2.3773291 2.0273412 2.3886988 1.7540445 2.9926627 2.6194765 2.7312140 2.8748634 2.6763574 2.4355400 3.4977346 
Fspp_ffun1.m4.21598.m1                                  1.5955008 1.8712526 2.5292684 1.3484857 1.1816020 1.2203937 0.5916218 0.6727046 0.5560394 0.0668234 0.0550338 0.0000000 0.0401019 0.0694480 0.1152264 0.1686341 0.1747545 0.2145198 0.3013926 0.7110444 0.8569499 0.7304967 0.8647077 0.8647077 0.8635662 0.8967264 0.8942123 0.7629784 0.6158050 0.6384716 0.5698700 0.5611749 0.5760544 0.6083010 0.7328210 0.4500392 1.0243120 1.1199691 0.9926671 0.4204163 0.6514366 1.0276805 0.6132215 0.9283214 0.9283214 1.2433054 1.2404456 1.2454576 1.4117338 1.4143861 1.6715043 0.9693228 0.6953967 0.9379935 0.9769105 0.6572265 0.6533238 0.7450072 0.7450072 1.1518308 1.1422978 1.0444928 0.7303225 1.0893856 1.4863266 1.2651793 1.1868578 1.2526676 0.8515327 1.0286556 0.4563482 1.1086888 1.1086888 0.4497526 0.5235094 0.7502625 1.0507767 2.4193930 0.9471194 1.0582636 1.3819259 0.7725508 2.5966397 1.1554408 1.1703261 1.5946934 1.8063811 1.8218255 1.7820752 1.7065157 2.1282293 2.0870112 1.2158599 2.1447871 1.3442101 2.0517753 2.6023788 2.5554986 1.0989493 2.0214273 2.2465398 2.5193416 1.5688827 2.8416816 1.3965551 2.9517536 2.9589649 2.2620424 1.6401304 2.2854814 2.3281291 1.9929911 2.3537156 1.7358112 2.8328001 2.5903787 2.6804534 2.8889937 2.5572999 2.3491343 3.3680954 
Gasp_gasp1.m3.788.m1                                    1.6268626 1.8932491 2.5234058 1.3919219 1.3021154 1.3489612 0.5725761 0.6580839 0.5482252 0.0776449 0.0579583 0.0401019 0.0000000 0.0696320 0.1119062 0.1668627 0.1697626 0.2056784 0.3013926 0.7087481 0.8280680 0.7365729 0.8366772 0.8366772 0.8355821 0.8695731 0.8640691 0.7690066 0.5928973 0.6248954 0.5479045 0.5367806 0.5590715 0.5829006 0.6909580 0.6829723 1.0282206 1.1309118 1.0082284 0.6912762 0.7339206 1.0470368 0.6454074 0.9267922 0.9267922 1.2079553 1.1967542 1.2098144 1.3757023 1.3683640 1.6426889 0.9868123 0.7003532 0.9637228 0.9776529 0.7236487 0.7214088 0.7280492 0.7280492 1.1620425 1.1705154 1.0853107 0.7813278 1.1166198 1.4820563 1.1722846 1.1444255 1.1593999 0.9395083 1.0129521 0.5038001 1.1081523 1.1081523 0.4385567 0.5109316 0.7290936 1.0640097 2.3803039 1.0093711 1.1133419 1.4662784 0.7724170 2.5987107 1.1551927 1.1719657 1.5762379 1.7825317 1.8332259 1.7569834 1.6907716 2.0919955 2.1228180 1.2037157 2.1737922 1.3842035 2.0020939 2.7219897 2.5892772 1.1138516 2.1188346 2.3526505 2.5655616 1.5550791 2.7760950 1.3759736 2.9974822 3.0808931 2.3108593 1.6684623 2.3393164 2.3497482 2.0504421 2.3788088 1.6943873 2.8824481 2.6083898 2.7525926 2.8450759 2.5906826 2.3174286 3.4685185 
Gfas_gfas1.m1.1689.m1                                   1.6458551 1.7715655 2.6155186 1.3783864 1.3179218 1.3558292 0.5912294 0.6941164 0.5610885 0.0967820 0.0752538 0.0694480 0.0696320 0.0000000 0.1013114 0.1643990 0.1843160 0.2152046 0.3307360 0.7311652 0.8522785 0.7357904 0.8626075 0.8626075 0.8615090 0.8981595 0.8948283 0.7751127 0.6293798 0.6545114 0.5723166 0.5672068 0.5860985 0.6153238 0.7334616 0.6854592 1.0362751 1.1350780 0.9999469 0.7089747 0.7321115 1.0629950 0.6492260 0.9316767 0.9316767 1.2187214 1.2204789 1.2303517 1.3838450 1.3820188 1.6271613 0.9961862 0.6939154 0.9887438 0.9847743 0.7372952 0.7353055 0.7458322 0.7458322 1.1547192 1.1811388 1.0855450 0.7554594 1.1203283 1.4423804 1.2468786 1.1812480 1.2343081 0.9608139 1.0458964 0.5190113 1.1259169 1.1259169 0.4673674 0.5345140 0.7653096 1.0320180 2.4219837 1.0177070 1.1382810 1.4651370 0.7538487 2.6236535 1.2085940 1.1815321 1.4955876 1.7844630 1.7800720 1.7622204 1.6700998 2.0936423 2.1488075 1.2433311 2.2421535 1.2919848 2.0057487 2.6758573 2.6795177 1.1211102 2.1259395 2.3879988 2.5891506 1.6565870 2.8849506 1.4541696 2.9879986 3.0307907 2.3414693 1.6781958 2.4011519 2.3620918 2.1435422 2.3986116 1.7140285 2.8931293 2.5983274 2.7289878 2.8428012 2.7195617 2.2760339 3.5074649 
Amil_Amillepora06810-RA                                 1.5463659 1.9061863 3.3350657 1.3080864 1.2246374 1.2246374 0.6652302 0.7693729 0.7103726 0.1353112 0.1268345 0.1152264 0.1119062 0.1013114 0.0000000 0.0068887 0.2236786 0.2415912 0.3403080 0.7311137 1.0046589 0.7491755 0.9959665 0.9959665 0.9942477 1.0643424 1.0415185 0.7954538 0.6935679 0.7299782 0.6654880 0.6636384 0.6683402 0.7554131 0.8860689 0.6688160 1.0626653 1.3212703 1.0270049 0.7606898 0.7243899 1.0756381 0.6748266 0.7058267 0.7058267 1.4270090 1.4269158 1.4906915 1.5345376 1.5114314 1.6864875 1.0056624 0.6672546 0.7711654 1.0185265 0.7308493 0.7308493 0.7659848 0.7659848 1.2905790 1.4047475 1.0296048 0.7268772 1.0937552 1.5454689 1.2357551 1.3418144 1.2234037 0.7799006 0.9644000 0.5625467 1.0417652 1.0417652 0.5075788 0.5821616 0.8909042 1.0748810 2.2181381 0.9844024 0.9842813 1.3273137 0.7523790 2.3817783 1.3355682 1.2428237 1.4137333 1.6862971 1.9557783 1.5252766 1.5128308 1.4776784 1.9128572 2.7345356 1.9470161 1.0608953 1.9402474 2.5732139 2.5747166 1.1986974 1.8765599 2.2074589 2.5134855 1.5720194 2.6550858 1.4423082 2.7166716 2.7785543 2.1938835 1.6820310 2.2757166 2.1700916 2.1182059 2.2056453 1.8823157 2.6457572 2.5977339 2.8477642 2.5898707 3.7502606 2.3439949 3.2393301 
Adig_XM_015902538.1                                     1.6962869 1.9061863 2.8168622 1.3619626 1.2347923 1.2876386 0.7307721 0.8120085 0.6920575 0.1885959 0.1811146 0.1686341 0.1668627 0.1643990 0.0068887 0.0000000 0.2760953 0.3097810 0.3403080 0.8250435 0.9871412 0.7688533 0.9979975 0.9979975 0.9967879 1.0404035 1.0101096 0.7747407 0.7477184 0.7759781 0.7010247 0.6895981 0.6997902 0.7478732 0.8586879 0.4819363 1.1011812 1.2476349 1.0942352 0.4004815 0.6560567 1.1088192 0.6748266 1.2919098 1.2919098 1.4255840 1.4254333 1.4557477 1.6696282 1.6397996 1.6454954 1.0707882 0.7075317 1.2708662 1.0533350 0.6292364 0.6245363 0.7057948 0.7057948 1.3060859 1.3596533 1.1924794 0.7267181 1.2176449 1.5216828 1.2357551 1.3647468 1.2234037 1.0104631 1.1299149 0.5041620 1.1925148 1.1925148 0.5462783 0.6301064 0.9025297 1.0748810 2.4687047 0.9617591 1.1081622 1.4391077 0.7523790 2.7455002 1.2625777 1.2891759 1.5722837 1.8785678 1.8707350 1.8371402 1.7569617 2.3281767 2.2616899 1.3623186 2.3468407 1.6147663 2.1214297 2.6677193 2.7026522 1.1554246 2.1732663 2.4579449 2.6556859 2.0030341 2.9220887 1.3221557 3.0220833 3.1390815 2.4205280 1.7442911 2.4857211 2.3893836 2.1821636 2.5596445 2.0639339 2.9519360 2.6417112 2.8641658 2.9969511 2.9724137 2.5544512 3.5792400 
Nvec_v1g158054                                          1.7102781 1.9171986 2.7430712 1.4189725 1.3142042 1.3633000 0.5673882 0.6592204 0.5453102 0.1850902 0.1732408 0.1747545 0.1697626 0.1843160 0.2236786 0.2760953 0.0000000 0.1700692 0.3615432 0.7268178 0.8474465 0.7005701 0.8622542 0.8622542 0.8611739 0.8886872 0.8751040 0.7515502 0.5958440 0.6138837 0.5808723 0.5695069 0.5833546 0.5893085 0.7246700 0.6861620 1.0342947 1.1393354 1.0289606 0.6786427 0.7142758 1.0542957 0.6480432 0.9094434 0.9094434 1.1975264 1.1909694 1.1924543 1.3491498 1.3566116 1.6513695 0.9687872 0.6439459 0.9401462 0.9931203 0.7118835 0.7093950 0.7233665 0.7233665 1.1904766 1.1773723 1.1151582 0.7584083 1.1450872 1.4498027 1.2338672 1.1644249 1.2201234 0.9677637 1.0629763 0.5109197 1.1064868 1.1064868 0.4508764 0.5518830 0.7499316 1.0027607 2.4627693 1.0386567 1.1751370 1.4429021 0.7628207 2.6878709 1.2333025 1.1938905 1.5501588 1.7631185 1.7183397 1.7669044 1.6985972 2.1055030 2.1744944 1.1096287 2.1659772 1.3574360 2.0289488 2.5761772 2.5856034 1.1197576 2.1264101 2.3898032 2.6404995 1.5231334 2.8649898 1.3362603 3.0634222 3.0872275 2.3341946 1.7019188 2.4414212 2.3296285 2.0841945 2.4172142 1.7258807 2.8851963 2.6624548 2.7962775 2.8527114 2.5720730 2.3733499 3.5646650 
Exapal_XM_021049522.2                                   1.7025249 1.8937157 2.7305112 1.4089010 1.3158168 1.3634901 0.6042084 0.7059159 0.5891920 0.2235960 0.2091640 0.2145198 0.2056784 0.2152046 0.2415912 0.3097810 0.1700692 0.0000000 0.3201694 0.7425258 0.8813421 0.7104480 0.8947562 0.8947562 0.8936638 0.9279543 0.9044165 0.7436578 0.6411256 0.6500332 0.6247317 0.5963105 0.6114364 0.6276013 0.7505847 0.7320085 1.1005412 1.1978986 1.0541868 0.7351062 0.7582040 1.1076852 0.6582220 0.9334201 0.9334201 1.2758875 1.2734893 1.3008120 1.4732547 1.4487901 1.7722092 1.0393837 0.7243952 0.9851044 1.0486030 0.7700598 0.7687691 0.7856497 0.7856497 1.2428456 1.2454150 1.1472859 0.7904531 1.1628210 1.3930054 1.2859909 1.2181605 1.2721121 0.9829761 1.0915804 0.5184104 1.1301367 1.1301367 0.4713418 0.5295920 0.7942253 1.0455859 2.5073284 1.0352214 1.2032893 1.5138453 0.8132936 2.6701976 1.2149233 1.2301257 1.5214764 1.7793247 1.7297402 1.8157755 1.7353922 2.2115394 2.2273160 1.2548188 2.2798437 1.4118213 1.9520204 2.6734216 2.6654056 1.0939994 2.1499256 2.4279273 2.6866642 1.6466170 2.9117131 1.4192067 3.1207343 3.2014232 2.4544481 1.6802667 2.4809206 2.4580738 2.1528876 2.4011988 1.8017978 2.9475399 2.5859708 2.7316350 2.8796399 2.6370898 2.2386254 3.6179233 
Acagra_model.g8396.t1                                   1.0186633 0.0000010 0.0000010 1.0254033 1.0254033 1.0254033 0.4057596 0.3992308 0.3351249 0.3222019 0.3508739 0.3013926 0.3013926 0.3307360 0.3403080 0.3403080 0.3615432 0.3201694 0.0000000 0.1842924 0.4621771 0.4478003 0.4302458 0.4302458 0.4302458 0.4562693 0.4714796 0.4714796 0.3169620 0.4873403 0.3956709 0.3933385 0.3704811 0.4709879 0.3963655 0.0000010 0.3764820 0.0000010 0.3754405 0.4541937 0.3483006 0.4366806 0.4366806 0.0000010 0.0000010 0.0000010 0.0000010 0.0000010 0.0000010 0.0000010 0.0000010 0.4159505 0.4159505 0.0000010 0.4309496 0.4309496 0.4309496 0.4309496 0.4309496 0.0000010 0.0000010 0.3362777 0.3362777 0.3462559 0.0000010 0.0000010 0.0000010 0.0000010 0.4574917 0.5898736 0.0000010 0.6392657 0.6392657 0.4158382 0.4699102 2.7149611 0.8984977 0.6929158 0.6997012 0.7368100 1.7383887 0.0000010 1.9041233 0.6044984 0.7714174 0.0000010 0.8467142 3.5055540 0.8152875 0.8152875 0.0000010 0.9226330 0.0000010 1.0384234 0.0000010 0.0000010 1.8419159 1.7418002 1.4725315 1.0739516 2.0993538 2.4275194 0.0000010 1.3931773 0.0000010 2.5674180 2.6106221 2.0602450 0.0000010 1.7123022 1.9424377 6.1188538 2.3478132 0.0000010 1.9040383 1.4707318 1.2101037 1.2109349 2.4656655 0.0000010 0.9454896 
Cgig_XM_011414483.3                                     1.8421747 2.2359362 2.8822546 1.4393290 1.4085249 1.5035647 0.6158277 0.6345267 0.8880908 0.7282952 0.7405506 0.7110444 0.7087481 0.7311652 0.7311137 0.8250435 0.7268178 0.7425258 0.1842924 0.0000000 1.0627074 0.8015244 1.0811116 1.0811116 1.0826924 1.1184493 1.0900540 0.8010620 0.5720476 0.5663319 0.9302294 0.9184049 0.9699699 0.9961194 1.0577068 0.8953627 1.2832880 1.4217647 1.2817132 0.9229073 0.9342257 1.2703636 0.8499087 1.0473217 1.0473217 1.5339851 1.5469716 1.5565487 1.7780430 1.7572600 2.3175040 1.2373269 0.8554949 1.1673719 1.2277146 0.8634898 0.8882409 0.8829296 0.8829296 1.4669436 1.4195310 1.3262253 0.9224273 1.3349839 1.7912379 1.5908434 1.4766994 1.5838623 1.1189674 1.2229825 0.7228009 1.3199033 1.3199033 0.8232044 0.8786651 0.5635060 0.8599810 2.7446837 1.1478490 1.2773899 1.4736732 0.7364110 3.0496454 1.4270186 1.2656752 1.5844020 2.0224435 1.9933958 1.9962656 1.9568439 2.1496546 2.4089147 0.8188859 2.5103791 1.6051891 2.2348720 3.0432071 2.8756489 1.2998813 2.4130398 2.5990649 2.9327996 2.2947497 3.0793571 1.3940057 3.1927740 3.2011037 2.5951101 2.1153782 2.5005081 2.5329013 2.1855746 2.5696405 2.0157853 3.1300384 2.8816807 3.0056768 3.0473527 2.9610518 2.5804349 3.6751013 
HoiH23_PlH23_000234-RA                                  1.9452616 2.1782052 3.1080000 1.5064099 1.4235668 1.4847029 0.8844881 0.9724914 0.9750862 0.8655409 0.8637786 0.8569499 0.8280680 0.8522785 1.0046589 0.9871412 0.8474465 0.8813421 0.4621771 1.0627074 0.0000000 0.0352616 0.0716720 0.0716720 0.0732082 0.1319260 0.1474338 0.1776864 0.9212150 0.8788531 0.9448354 0.9450239 0.9748062 1.0093205 1.1091671 0.6762219 1.2892787 1.3287320 1.2611765 0.6947681 0.9377191 1.2875986 0.9802007 0.9209354 0.9209354 1.5074751 1.4309641 1.4362727 1.6659040 1.6643604 2.0420986 1.2752050 1.1611735 1.0941834 1.2707887 0.8841479 0.8906180 1.0171817 1.0171817 1.4745953 1.3872282 1.3095725 1.0462397 1.3827359 1.7519240 1.9826031 1.5338595 1.9483825 1.1273023 1.3142056 0.5685458 1.3369280 1.3369280 0.9587988 0.9911289 1.0563887 1.1635414 2.9724438 1.2201866 1.2986982 1.5259821 1.0005158 3.0173145 1.5553662 1.4949273 1.8417577 1.9680181 1.9648287 1.9620749 1.9165876 2.1555552 2.5812085 1.6071707 2.6555871 1.7770044 2.4764988 2.9162716 2.9261863 1.2976244 2.4120236 2.7779213 2.8491639 1.7928780 3.2374566 1.5417443 3.4520705 3.5340078 2.7480700 1.8316881 2.6488853 2.7007942 2.3315709 2.8040367 2.2612455 3.3466056 2.7910860 3.3423806 3.0715977 3.0081869 3.0816157 4.0964863 
HoiH06_mRNA10568                                        1.2260473 0.0000010 0.0000010 1.3494820 1.3376601 1.3376601 0.6803289 0.7622137 0.7255845 0.7500350 0.7497275 0.7304967 0.7365729 0.7357904 0.7491755 0.7688533 0.7005701 0.7104480 0.4478003 0.8015244 0.0352616 0.0000000 0.0716739 0.0716739 0.0716739 0.1447314 0.1751551 0.1710048 0.7060260 0.7335682 0.7487592 0.7733386 0.7481259 0.7689325 0.9083847 0.3420100 1.0981100 0.7749179 1.0150061 0.5545381 0.9895006 1.0225280 0.9805341 0.0000010 0.0000010 0.0000010 0.0000010 0.0000010 0.0000010 0.0000010 0.0000010 1.0452822 1.1855146 0.0000010 1.0276894 1.0276894 1.0276894 1.0276894 1.0276894 0.0000010 0.0000010 1.0589314 1.0589314 1.0732152 0.0000010 0.0000010 0.0000010 0.0000010 1.0547671 0.8564287 0.6748060 0.7856446 0.7856446 0.8297297 0.8557422 1.0460539 1.1466081 2.2469683 1.1202141 1.1088735 1.4285232 1.0783056 2.1101155 1.1990457 1.1464009 1.8447285 1.3414631 1.8324167 1.2193213 1.2193213 5.5871081 1.5949210 0.0000010 1.6496572 1.7398094 3.0694170 1.9406139 1.8682363 1.2957818 1.3428522 1.8096896 1.8016359 1.7917661 2.4248283 1.4922512 2.4058098 2.3308595 1.7052047 1.2977233 1.5498071 1.8907102 2.0657236 2.1069374 0.0000010 2.2510998 1.9364674 2.1597910 1.8851981 3.0990545 1.6381880 2.8763644 
Hhon_g10202.t1                                          1.9466277 2.1503766 3.0098518 1.5231417 1.4423696 1.5054022 0.8972795 0.9924564 0.9678672 0.8700516 0.8669919 0.8647077 0.8366772 0.8626075 0.9959665 0.9979975 0.8622542 0.8947562 0.4302458 1.0811116 0.0716720 0.0716739 0.0000000 0.0000010 0.0010419 0.1314028 0.1550028 0.1622552 0.9388755 0.8546260 0.9566907 0.9633990 0.9875555 1.0087290 1.0963983 0.6746883 1.3143281 1.3418181 1.2764250 0.6929645 0.9543309 1.2999942 1.0396163 0.9190418 0.9190418 1.5116659 1.4309027 1.4343699 1.6533732 1.6553566 1.9871164 1.2909781 1.1791331 1.1267941 1.2971939 0.9056076 0.9126142 1.0484109 1.0484109 1.4943048 1.3940535 1.3266603 1.0436900 1.4016220 1.7879601 1.8801544 1.5172202 1.8746012 1.1382973 1.3171154 0.5614798 1.3613726 1.3613726 0.9887346 1.0090095 1.0589181 1.1635414 3.0063849 1.2198224 1.3132839 1.5568277 1.1221203 3.0138583 1.5681005 1.4963709 1.8004686 1.9643042 1.9498027 1.9746968 1.9187451 2.1718535 2.5632835 1.5113508 2.6728203 1.8386537 2.4171649 2.8432252 2.8962944 1.2851666 2.3754209 2.8475104 2.8014483 1.9115387 3.3373075 1.4638293 3.4049487 3.4803766 2.7183435 2.0016656 2.6507651 2.6378803 2.2810879 2.7108841 2.1799140 3.3001918 2.7902732 3.3338448 2.9949382 2.9632182 3.0742664 3.8950075 
Hhon_g04362.t1                                          1.9466277 2.1503766 3.0098518 1.5231417 1.4423696 1.5054022 0.8972795 0.9924564 0.9678672 0.8700516 0.8669919 0.8647077 0.8366772 0.8626075 0.9959665 0.9979975 0.8622542 0.8947562 0.4302458 1.0811116 0.0716720 0.0716739 0.0000010 0.0000000 0.0010419 0.1314028 0.1550028 0.1622552 0.9388755 0.8546260 0.9566907 0.9633990 0.9875555 1.0087290 1.0963983 0.6746883 1.3143281 1.3418181 1.2764250 0.6929645 0.9543309 1.2999942 1.0396163 0.9190418 0.9190418 1.5116659 1.4309027 1.4343699 1.6533732 1.6553566 1.9871164 1.2909781 1.1791331 1.1267941 1.2971939 0.9056076 0.9126142 1.0484109 1.0484109 1.4943048 1.3940535 1.3266603 1.0436900 1.4016220 1.7879601 1.8801544 1.5172202 1.8746012 1.1382973 1.3171154 0.5614798 1.3613726 1.3613726 0.9887346 1.0090095 1.0589181 1.1635414 3.0063849 1.2198224 1.3132839 1.5568277 1.1221203 3.0138583 1.5681005 1.4963709 1.8004686 1.9643042 1.9498027 1.9746968 1.9187451 2.1718535 2.5632835 1.5113508 2.6728203 1.8386537 2.4171649 2.8432252 2.8962944 1.2851666 2.3754209 2.8475104 2.8014483 1.9115387 3.3373075 1.4638293 3.4049487 3.4803766 2.7183435 2.0016656 2.6507651 2.6378803 2.2810879 2.7108841 2.1799140 3.3001918 2.7902732 3.3338448 2.9949382 2.9632182 3.0742664 3.8950075 
HoiH04_mRNA12944                                        1.9403990 2.1132276 3.0098518 1.5231417 1.4423696 1.5054022 0.9005711 0.9958897 0.9696113 0.8689672 0.8659084 0.8635662 0.8355821 0.8615090 0.9942477 0.9967879 0.8611739 0.8936638 0.4302458 1.0826924 0.0732082 0.0716739 0.0010419 0.0010419 0.0000000 0.1332178 0.1569569 0.1622552 0.9377841 0.8546260 0.9584200 0.9651416 0.9864346 1.0075600 1.0952407 0.6746883 1.3161767 1.3444041 1.2782309 0.6929645 0.9543309 1.3018342 1.0396163 0.9190418 0.9190418 1.5153231 1.4346648 1.4343699 1.6533732 1.6598826 1.9871164 1.2928016 1.1791331 1.1267941 1.2990292 0.9056076 0.9126142 1.0484109 1.0484109 1.4974883 1.3940535 1.3266603 1.0436900 1.4035561 1.8022204 1.8897015 1.5207833 1.8841700 1.1382973 1.3189211 0.5614798 1.3636345 1.3636345 0.9876117 1.0095445 1.0604801 1.1635414 3.0105497 1.2198224 1.3132839 1.5568277 1.1221203 3.0035256 1.5672828 1.5053903 1.8004686 1.9582447 1.9498027 1.9746968 1.9127187 2.1718535 2.5608190 1.5113508 2.6692035 1.8386537 2.4137118 2.8475718 2.8930810 1.2851666 2.3790601 2.8436764 2.7989002 1.9115387 3.3353162 1.4638293 3.3805552 3.4553495 2.7148536 1.9925273 2.6479138 2.6460848 2.2810879 2.7062007 2.1858729 3.2970802 2.7864137 3.3413680 3.0078599 2.9632182 3.0824422 3.8950075 
HoiH11_mRNA4248                                         1.9757714 2.0636512 3.1389859 1.5772083 1.4657792 1.5317218 0.9025353 1.0188722 0.9944492 0.8966450 0.9003254 0.8967264 0.8695731 0.8981595 1.0643424 1.0404035 0.8886872 0.9279543 0.4562693 1.1184493 0.1319260 0.1447314 0.1314028 0.1314028 0.1332178 0.0000000 0.1661628 0.2039830 0.9582986 0.9048546 0.9901608 0.9894531 1.0088647 1.0185144 1.1037196 0.6775274 1.3055685 1.3336343 1.2862249 0.6963958 0.9895219 1.3045104 1.1272094 0.9218448 0.9218448 1.4945211 1.4079377 1.4007873 1.6126111 1.6278043 1.9526808 1.3088017 1.2633989 1.0850363 1.3178147 0.9365304 0.9444009 1.0980865 1.0980865 1.4955480 1.3969145 1.3673392 1.0612191 1.4510899 1.8134311 1.8997241 1.5458561 1.8941911 1.1479112 1.3630195 0.5685458 1.4118348 1.4118348 1.0113254 1.0525371 1.0880779 1.1109050 3.0892534 1.2129709 1.3328879 1.5860729 1.1618164 2.9958802 1.5773600 1.5168408 1.6523184 1.9383884 1.8672917 2.0181309 1.9207649 2.1612649 2.6837348 1.5186627 2.7525227 1.6526552 2.5218559 2.8623903 2.9332322 1.2994975 2.4801378 2.7872618 2.8907198 1.7349746 3.2827399 1.4552599 3.5337667 3.6025448 2.8228330 1.9245920 2.6141919 2.6842240 2.3747721 2.7867908 2.3546721 3.3492997 2.8693590 3.3120646 2.9875420 2.9707888 3.1162860 3.7786338 
TrH2_TrispH2_001157-RA                                  1.9598629 2.1275557 3.1516169 1.5005426 1.4195108 1.4833120 0.8839908 1.0201684 0.9450186 0.9013382 0.8971588 0.8942123 0.8640691 0.8948283 1.0415185 1.0101096 0.8751040 0.9044165 0.4714796 1.0900540 0.1474338 0.1751551 0.1550028 0.1550028 0.1569569 0.1661628 0.0000000 0.0091038 0.9738593 0.8926184 0.9711732 0.9557714 0.9677174 0.9890243 1.0944548 0.6672559 1.2837833 1.3241208 1.2723406 0.6906324 0.9648595 1.2772461 1.0803903 0.9190038 0.9190038 1.4857549 1.4182443 1.4225473 1.6361210 1.6360788 1.9537150 1.2876926 1.2331242 1.0601572 1.2798373 0.9088337 0.9158750 1.0622630 1.0622630 1.4546636 1.3914453 1.3162265 1.0284372 1.3866254 1.6988546 1.8299157 1.5188317 1.8243373 1.1473233 1.3284423 0.5780748 1.3743777 1.3743777 1.0032909 1.0115978 1.0732221 1.2880455 3.0895804 1.2053022 1.2990505 1.6084188 1.2452048 2.9819594 1.5061282 1.4391522 1.6267514 1.9468067 1.8981274 2.0038245 1.9407655 2.1829123 2.5863900 1.4302644 2.7216698 1.7265968 2.5007578 2.8626778 2.8611358 1.2802237 2.3813343 2.9094666 2.8044773 1.7387670 3.2723410 1.4876179 3.5219529 3.5903927 2.7462546 1.9111904 2.6897997 2.6669329 2.3176317 2.7324761 2.1599869 3.3879273 2.7637456 3.1921082 3.0524505 2.9404637 3.0894611 3.7919022 
Tadh_TriadT25970                                        1.2798944 0.0000010 0.0000010 1.3864294 1.3703977 1.3703977 0.7094517 0.7946998 0.7199801 0.7761258 0.7757849 0.7629784 0.7690066 0.7751127 0.7954538 0.7747407 0.7515502 0.7436578 0.4714796 0.8010620 0.1776864 0.1710048 0.1622552 0.1622552 0.1622552 0.2039830 0.0091038 0.0000000 0.7494593 0.7545336 0.8202391 0.8301479 0.7895780 0.7500072 0.9256263 0.3041448 1.0715668 0.7396203 1.0264322 0.5266925 1.0132217 1.0109585 1.0276622 0.0000010 0.0000010 0.0000010 0.0000010 0.0000010 0.0000010 0.0000010 0.0000010 1.0726641 1.2309686 0.0000010 1.0325199 1.0325199 1.0325199 1.0325199 1.0325199 0.0000010 0.0000010 1.0141067 1.0141067 1.0311420 0.0000010 0.0000010 0.0000010 0.0000010 1.0504868 0.8681224 0.6748060 0.8315321 0.8315321 0.8969235 0.8995639 1.0988528 1.2880455 2.4873924 1.1218621 1.1370039 1.5000321 1.2369269 2.1059608 1.1567302 1.1578320 1.6267514 1.3380803 1.7900442 1.3036546 1.3036546 5.5981955 1.5824571 0.0000010 1.7537662 1.7265968 3.5570769 1.8780672 1.8164212 1.2767625 1.3135731 1.8743993 1.7658581 1.7387670 2.3654037 1.4259505 2.4109567 2.2963852 1.7293280 1.2977233 1.6652675 1.9666301 2.0614218 2.1114682 0.0000010 2.3398064 1.9382164 2.0455358 1.8186739 2.8150566 1.1556619 2.7697213 
Skow_XM_006816303.1                                     1.7195284 2.3453806 2.7232797 1.4249544 1.2885929 1.3568691 0.4260447 0.4092740 0.7491078 0.6239358 0.6152808 0.6158050 0.5928973 0.6293798 0.6935679 0.7477184 0.5958440 0.6411256 0.3169620 0.5720476 0.9212150 0.7060260 0.9388755 0.9388755 0.9377841 0.9582986 0.9738593 0.7494593 0.0000000 0.5043216 0.7712236 0.7651068 0.7542887 0.7672861 0.9153134 0.6600382 1.1275257 1.2281253 1.1184068 0.6204126 0.7818341 1.1260468 0.7406743 0.9671069 0.9671069 1.3952997 1.3925147 1.3819820 1.5972784 1.6030870 1.9439531 1.1036197 0.8336002 1.0151782 1.0935267 0.7526242 0.7586091 0.7952855 0.7952855 1.3144918 1.2375009 1.1790334 0.8515706 1.2353845 1.7649312 1.5087760 1.3055365 1.5019313 0.9942197 1.1557489 0.4411734 1.2022419 1.2022419 0.7267973 0.8117605 0.5828516 1.1373612 2.5640718 1.0366672 1.2059520 1.4133917 0.7218804 2.7681132 1.3629846 1.1978823 1.5421551 1.9595160 1.8597608 1.9580590 1.9166870 2.1843856 2.3018697 0.8844818 2.4320092 1.5943205 2.1960348 2.8440463 2.7596134 1.1608796 2.3329066 2.5280329 2.8562593 1.7662495 3.1549173 1.0411931 3.2729276 3.3763070 2.5048942 1.8431815 2.5412981 2.4736354 2.1119543 2.4812521 1.8502919 3.1657253 2.8831166 3.0548221 3.0297753 2.8700903 2.8017624 3.5237953 
Ctel_gnl_WGS_AMQN_CAPTEDRAFT_mRNA228195                 1.5712014 1.5259611 2.6122124 1.2918945 1.2096990 1.2703141 0.5249637 0.5623738 0.7507983 0.6584580 0.6613894 0.6384716 0.6248954 0.6545114 0.7299782 0.7759781 0.6138837 0.6500332 0.4873403 0.5663319 0.8788531 0.7335682 0.8546260 0.8546260 0.8546260 0.9048546 0.8926184 0.7545336 0.5043216 0.0000000 0.7390943 0.7358081 0.7717670 0.7648828 0.8356905 0.6326121 1.1847537 1.2485347 1.1293912 0.6057005 0.8041867 1.1551053 0.8975283 1.0493954 1.0493954 1.4654983 1.4635146 1.4635146 1.6963182 1.7073993 2.2214853 1.1374537 0.9601381 1.0919048 1.1054067 0.8094556 0.8183390 0.8779812 0.8779812 1.3031104 1.2662733 1.2206090 0.8788813 1.2323198 2.4302761 1.7554415 1.3672017 1.7412717 1.0720932 1.1097290 0.5313399 1.1692521 1.1692521 0.7150756 0.7624623 0.5606053 0.9352799 2.5375690 1.0022394 1.1429502 1.3548888 0.7576787 2.6102640 1.3125867 1.1528792 1.7504210 1.8651802 1.9048083 1.8590613 1.8353614 1.9459114 2.2918072 0.9785097 2.2479666 1.5688699 2.1407942 2.7333613 2.5867813 1.1252584 2.0678697 2.5182180 2.6483781 1.7424660 2.8458033 0.8143065 3.0437723 3.1046438 2.4914296 1.9328816 2.5246741 2.4004218 2.0789863 2.6481735 2.0592393 2.9475927 2.6077124 2.8007716 2.6630210 2.9283642 2.9442073 3.2340646 
Nemnom_g16436.t1                                        1.7340908 2.0884219 2.6440565 1.3352751 1.2484446 1.3124948 0.7496047 0.8612624 0.4962172 0.5931327 0.5734581 0.5698700 0.5479045 0.5723166 0.6654880 0.7010247 0.5808723 0.6247317 0.3956709 0.9302294 0.9448354 0.7487592 0.9566907 0.9566907 0.9584200 0.9901608 0.9711732 0.8202391 0.7712236 0.7390943 0.0000000 0.0750320 0.2912146 0.2780226 0.6297744 0.6943628 1.1597118 1.3097735 1.2037056 0.6501623 0.7436196 1.1993600 0.7064265 1.1112576 1.1112576 1.5522847 1.5499723 1.5078527 1.7377848 1.7778497 2.1008491 1.1493518 0.7394214 1.1662823 1.1488027 0.7486258 0.7466841 0.7594991 0.7594991 1.4369219 1.3589789 1.2109578 0.8697077 1.2826516 1.8254566 1.7219870 1.4829100 1.7068780 1.0231786 1.1178473 0.5729865 1.2876550 1.2876550 0.6708225 0.7209147 0.9031193 0.8223937 2.4518569 1.0886387 1.1763204 1.4040908 0.7344200 2.6982234 1.1655522 1.3029499 1.6236984 1.8543262 1.8191006 1.8395521 1.8365511 2.0899888 2.2029764 1.2266744 2.3140494 1.3612660 2.1762000 2.6332928 2.6335654 1.2310603 2.2243389 2.4677161 2.6600264 1.5484396 3.1021533 1.2934945 3.2888855 3.3376396 2.3573690 2.0970707 2.5647557 2.5452061 2.2268659 2.5264127 2.0416906 3.0290883 2.7638765 3.0944751 2.8106428 2.7712383 2.7611325 3.4715284 
