87
Hvul_g30374_1                                       0.0000000 1.6254703 1.6254703 0.9716660 1.6705101 1.3028308 1.3394858 1.2999968 1.3144985 1.9138195 1.3142687 1.6972309 1.3142687 2.0375449 2.9638074 1.3830480 1.4902505 1.5767577 0.9262894 1.5178535 1.5210685 3.2541057 2.3608182 1.3286494 2.0265922 1.5574927 2.2198875 2.2616324 2.5659739 1.6121652 1.5064266 1.5425615 1.7693383 1.7586027 1.6802233 2.6387054 1.5554721 3.4998602 2.5248329 3.4023956 2.3468378 2.8416608 2.7339585 2.8256451 2.1648254 3.2245842 6.0678593 1.6423064 2.2477600 2.2656645 2.9927340 2.6209994 2.3632232 2.4063812 3.0837935 2.3654009 4.6690459 6.0338444 2.6920908 3.3208844 4.5299825 6.1747864 3.5792502 3.0563883 3.0666890 3.1087700 6.0950857 1.9865666 3.1376248 2.5451063 2.4634339 1.9012679 2.7943034 4.4957029 2.6629299 3.6846970 2.3221432 2.8194127 2.3663245 2.9665906 4.2286348 3.7167055 3.8562802 3.8562802 3.2337834 3.6077415 3.8353862 
Hsap_ENST00000310232                                1.6254703 0.0000000 0.0000010 0.8679900 2.3702687 1.6898342 1.5890979 1.6531960 1.6479783 1.6314048 1.5132687 1.4525017 1.5941125 1.7315837 1.9269654 1.6773231 1.3904753 1.4119719 1.2611730 1.7432336 1.7564896 1.5793878 1.7521776 1.2589830 1.3974516 1.4222001 1.2731206 1.2211444 2.0050587 1.9258857 1.7720840 1.8683495 1.8225520 1.8066045 1.8557968 1.7077546 1.8383851 1.6714904 2.3738858 1.9648064 2.1887700 2.3959417 2.2627665 2.8030968 2.1744908 1.9261387 2.1259108 2.5035978 2.2287681 2.4658568 2.5583225 2.3178776 2.6771077 2.8977916 2.5729779 2.5869032 2.5337905 2.6633444 2.4450503 2.5457350 2.3571632 2.8134709 2.3309610 2.3178141 2.3143939 2.3877217 2.6272238 2.3565838 2.8748910 2.5954156 2.7101492 3.2064109 2.6146327 2.1653380 3.0370755 3.2534264 2.9013591 2.7238821 2.3525788 2.9916129 3.1366512 3.1078596 3.6018693 3.5964156 2.9959111 2.6618089 4.4842716 
Hsap_ENST00000648550                                1.6254703 0.0000010 0.0000000 0.8679900 2.3702687 1.6898342 1.5890979 1.6531960 1.6479783 1.6314048 1.5132687 1.4525017 1.5941125 1.7315837 1.9269654 1.6773231 1.3904753 1.4119719 1.2611730 1.7432336 1.7564896 1.5793878 1.7521776 1.2589830 1.3974516 1.4222001 1.2731206 1.2211444 2.0050587 1.9258857 1.7720840 1.8683495 1.8225520 1.8066045 1.8557968 1.7077546 1.8383851 1.6714904 2.3738858 1.9648064 2.1887700 2.3959417 2.2627665 2.8030968 2.1744908 1.9261387 2.1259108 2.5035978 2.2287681 2.4658568 2.5583225 2.3178776 2.6771077 2.8977916 2.5729779 2.5869032 2.5337905 2.6633444 2.4450503 2.5457350 2.3571632 2.8134709 2.3309610 2.3178141 2.3143939 2.3877217 2.6272238 2.3565838 2.8748910 2.5954156 2.7101492 3.2064109 2.6146327 2.1653380 3.0370755 3.2534264 2.9013591 2.7238821 2.3525788 2.9916129 3.1366512 3.1078596 3.6018693 3.5964156 2.9959111 2.6618089 4.4842716 
Nvec_v1g90250                                       0.9716660 0.8679900 0.8679900 0.0000000 0.0000010 0.1618997 0.1790681 0.2026243 0.2047041 0.0000010 0.1385246 0.0000010 0.1385246 0.0000010 0.0000010 0.2480149 0.3774177 0.4149212 0.5141493 0.5060507 0.5125143 0.0000010 0.0000010 0.4088377 3.3918047 0.5454697 0.8777437 0.0000010 0.0000010 0.6336607 0.5961056 0.5921258 0.7753443 0.5698279 0.7274655 3.2658462 0.6985886 1.2604217 1.5421881 0.0000010 1.0268091 1.6950051 1.5077224 1.8206064 1.4014735 0.0000010 7.9053557 0.9977329 1.6838505 1.8564018 1.8564018 1.8564018 1.8564018 1.8564018 1.8564018 1.8564018 0.0000010 3.3853938 1.7349372 2.1632322 0.0000010 0.0000010 1.9568507 1.7040117 2.0768065 1.8595514 8.9999985 1.7561159 2.7322115 1.7576838 1.2568018 1.2688604 1.6889451 3.9070175 1.3503474 9.0000000 1.1832091 1.7112334 1.3287450 2.6379304 3.2075623 3.0690475 5.7486631 5.7486631 2.0602599 3.5777326 3.8650807 
Nvec_v1g152106                                      1.6705101 2.3702687 2.3702687 0.0000010 0.0000000 1.1636170 1.1910416 1.2726051 1.2500627 1.3985882 1.2302831 0.7932557 1.2812133 1.7127031 2.0359465 1.1973789 1.8986759 1.9224350 0.7758158 1.8301216 2.0141854 2.4148315 2.1193130 1.9667340 2.5851663 1.9445119 2.2635793 2.1258496 2.2313964 2.1240395 2.0484920 2.2393989 2.1328820 2.1592669 2.1765232 2.9177665 2.1838922 3.9677647 2.7493089 4.1834783 2.8083415 3.1509731 2.7970083 3.4496749 2.7800017 4.6640697 2.7944889 4.3595171 2.6633496 2.4352324 3.2205238 2.5388514 2.5003797 2.9269837 3.2636337 2.4832292 3.4627695 3.6958960 3.3022703 3.6067236 3.9636504 4.4509034 3.0659496 2.8827154 3.1199377 3.2267838 3.7574300 2.1995348 3.9456161 2.8592756 3.0741857 3.3056006 3.4613164 3.4364810 3.2348467 4.0030223 2.8591348 4.2233158 3.1382992 3.2185393 4.0203218 3.7918565 5.1183219 5.1183219 3.7583865 4.2255214 6.3766083 
Gfas_gfas1.m1.3989.m1                               1.3028308 1.6898342 1.6898342 0.1618997 1.1636170 0.0000000 0.2302272 0.2646764 0.2701674 0.2685607 0.2631567 0.2529233 0.2929902 0.3111615 0.2590235 0.6966297 1.3123504 1.2508168 0.9538415 1.3083448 1.4665299 1.1667026 1.3317172 1.2758275 1.3206614 1.4118314 1.1749574 1.1707758 1.3496001 1.2776794 1.3716879 1.5237056 1.4717842 1.4684877 1.4683240 1.2945091 1.4645744 1.3744883 1.9714192 1.5264742 1.8198833 2.1796047 1.7628484 2.3645793 1.8947926 1.4530585 1.8257057 1.8563584 1.8296336 2.1335006 2.1743455 2.0056821 2.1523913 2.4118914 2.1970107 2.2229410 2.1934748 2.4746591 2.0891398 2.2757349 2.0730439 2.5103323 2.1756139 2.2004200 2.1908059 2.3300536 2.5803162 2.3267214 2.2878812 2.2699333 2.3751408 2.7680837 2.3778613 2.0497245 2.4194421 2.6678480 2.3931143 2.4400134 2.1554135 2.5691332 3.0276806 2.9555020 3.0933568 3.0933568 2.7206456 2.7103448 4.9430182 
Gasp_gasp1.m3.15256.m1                              1.3394858 1.5890979 1.5890979 0.1790681 1.1910416 0.2302272 0.0000000 0.1932247 0.2004963 0.1463991 0.2761497 0.3144964 0.3068936 0.3379376 0.4162383 0.6517559 1.2092907 1.1770463 0.8719526 1.2032722 1.3248708 1.0927382 1.1808894 1.1567203 1.2080877 1.3259607 1.1261705 1.1590205 1.1231161 1.1448466 1.2671318 1.3618953 1.3702187 1.3696988 1.3654681 1.2254181 1.3464670 1.2254715 1.9671046 1.5866816 1.7389493 2.1327706 1.8143487 2.3952560 1.7987659 1.5735298 1.8322527 1.9323792 1.7437433 2.0008816 2.0710176 1.9039150 2.0278638 2.3240916 2.1014199 2.0770434 2.1072072 2.2944732 2.0788373 2.1709765 2.1208618 2.6160515 2.1256416 2.1095857 2.1641290 2.2197091 2.4333080 2.1775494 2.3091268 2.2758954 2.3858966 2.7152528 2.3919673 1.9222060 2.4859017 2.9787100 2.2903066 2.5268333 2.0747728 2.4879196 2.7816228 2.8106006 3.0519775 3.0519775 2.4904838 2.7407482 4.6262866 
Spis_XP_022786104_1                                 1.2999968 1.6531960 1.6531960 0.2026243 1.2726051 0.2646764 0.1932247 0.0000000 0.0834551 0.2257422 0.3071947 0.3389825 0.3480035 0.3635381 0.3869533 0.6687984 1.2496704 1.2783123 0.9776553 1.2704966 1.4014249 1.1589729 1.2430415 1.2430575 1.2324312 1.4063223 1.1381970 1.2210888 1.2591341 1.2191044 1.3627128 1.4264891 1.4526260 1.4530946 1.4251526 1.2394765 1.4983214 1.3732388 2.0131709 1.5364258 1.8818870 2.2177787 1.7992770 2.3881617 1.9140616 1.6042639 1.8095408 2.0311821 1.9250374 2.0577988 2.1452324 1.9575266 2.0879669 2.3960000 2.2109647 2.1314703 2.1964892 2.4467999 2.1740966 2.3110110 2.1271302 2.6230945 2.2392239 2.2181283 2.2144896 2.3574561 2.5932107 2.3312805 2.3928414 2.3786771 2.4582870 2.7736799 2.4665707 2.0323830 2.6888814 2.9491042 2.4106069 2.6491960 2.1080503 2.6878015 2.9888090 2.9658871 3.2893642 3.2893642 2.6940149 2.8481157 4.9582690 
Pocdam_XM_027183639.1                               1.3144985 1.6479783 1.6479783 0.2047041 1.2500627 0.2701674 0.2004963 0.0834551 0.0000000 0.2140372 0.2963672 0.2976251 0.3408616 0.3512820 0.3746560 0.6614081 1.2523917 1.2651449 1.0386413 1.2790135 1.3989305 1.0837160 1.1988866 1.2588053 1.2380376 1.4047114 1.1099200 1.2090808 1.2269154 1.2127179 1.3313489 1.4395130 1.4368888 1.4421609 1.4064118 1.2225602 1.4895644 1.3445315 2.0081612 1.4454276 1.8735429 2.2770545 1.7939662 2.4429277 1.8655915 1.5418023 1.7998921 1.8889428 1.8647208 2.0713508 2.1324247 1.9501960 2.0617470 2.3876133 2.1696003 2.1249111 2.1405394 2.4195876 2.1465121 2.2787489 2.1036677 2.6360752 2.2352108 2.2010968 2.1842730 2.3425303 2.5749052 2.3192185 2.4221834 2.3277803 2.4560400 2.8132350 2.4307496 1.9886995 2.7087208 2.9274159 2.3554211 2.6794960 2.1419692 2.7096362 2.9065086 2.8828308 3.1718636 3.1718636 2.7039899 2.7362471 4.8242254 
Fspp_ffun1.m4.18202.m1                              1.9138195 1.6314048 1.6314048 0.0000010 1.3985882 0.2685607 0.1463991 0.2257422 0.2140372 0.0000000 0.2958252 0.2613989 0.3303579 0.3316058 0.3955528 0.7227247 1.3530398 1.3825152 1.3903341 1.3357479 1.5042781 1.1111921 1.2074749 1.2995545 1.1798554 1.4717547 1.1457079 1.1853167 1.1646959 1.2183177 1.4239903 1.5601613 1.5269912 1.5377193 1.5181738 1.2111260 1.5342375 1.3537173 1.9768516 1.5208827 1.8917795 2.2319041 1.9022359 2.3921463 1.9994341 1.5744391 1.5197496 2.0345252 1.8351382 2.1733396 2.1750959 2.0286248 2.2195532 2.7342370 2.2263214 2.2841296 2.1558360 2.1947893 2.1947495 2.2771641 2.0588256 2.5602714 2.1807767 2.1928435 2.2136396 2.3163643 2.3019073 2.6580560 2.3793089 2.4177709 2.6253262 3.0763731 2.5520964 1.9578914 2.9307069 2.9577846 2.5810002 2.5377667 2.2987735 2.6762976 2.7231663 2.7574214 3.1333324 3.1333324 2.6115949 2.7349559 4.9568117 
Amil_Amillepora11976-RA                             1.3142687 1.5132687 1.5132687 0.1385246 1.2302831 0.2631567 0.2761497 0.3071947 0.2963672 0.2958252 0.0000000 0.0076427 0.0121087 0.0411548 0.2031326 0.6416784 1.1887276 1.1711167 0.9890512 1.1988734 1.3260758 1.0777727 1.2244925 1.1299168 1.1459922 1.2524086 1.0798683 0.9907785 1.1902271 1.1375994 1.2495663 1.3148498 1.3624707 1.3878128 1.3671142 1.2445408 1.3634742 1.1849483 1.8903903 1.5639408 1.7281132 2.0960954 1.7850955 2.4073190 1.7676771 1.5183763 2.0389686 1.8914079 1.8421671 1.9945541 2.0527765 1.8620209 2.0155178 2.3174665 2.0875762 2.0946934 2.0758657 2.2986433 2.0779139 2.1936563 1.9049251 2.5390877 2.1118517 2.0138992 2.1074949 2.2578072 2.5013315 2.1852164 2.2628506 2.1421712 2.3611451 2.7170877 2.2701381 1.6081796 2.5376553 2.6025985 2.2468819 2.4637369 2.1418757 2.6926990 2.6372904 2.6902554 3.1756413 3.1756413 2.5739458 2.6620052 4.9035052 
Adig_XM_015912319.1                                 1.6972309 1.4525017 1.4525017 0.0000010 0.7932557 0.2529233 0.3144964 0.3389825 0.2976251 0.2613989 0.0076427 0.0000000 0.0233000 0.0000010 0.0000010 0.8100020 1.8443947 1.6295079 1.4766184 1.9203550 2.0244315 1.7210270 1.0850311 1.9990457 8.4288595 1.6580530 3.2470198 0.0000010 2.1332154 2.5100674 1.6321711 2.2225695 2.0258648 2.0557674 2.0458607 0.0000010 1.8064163 0.0000010 2.6211493 0.0000010 1.7405534 2.8278189 2.2787398 3.6372402 1.7413922 0.0000010 0.0000010 0.0000010 1.8613864 3.0608640 3.0608640 3.0608640 3.0608640 3.0608640 3.0608640 3.0608640 2.6813916 3.2027454 2.7738575 3.5782679 0.0000010 0.0000010 2.6863170 2.9144793 2.5947164 3.0907989 3.0209183 2.8543062 5.1282769 2.8691659 2.8135021 3.1504060 2.9211811 0.0000010 2.2468176 1.8085550 2.5533935 5.0153712 2.8326609 2.1993967 3.7728399 3.2997571 3.2309861 3.2309861 2.0269227 2.7647512 6.0054306 
Amil_Amillepora11977-RA                             1.3142687 1.5941125 1.5941125 0.1385246 1.2812133 0.2929902 0.3068936 0.3480035 0.3408616 0.3303579 0.0121087 0.0233000 0.0000000 0.0615329 0.2006530 0.6996348 1.2992940 1.2537611 0.9726682 1.2510756 1.3716832 1.0740169 1.2947612 1.1961722 1.2363723 1.3259209 1.2118842 1.1848384 1.2414025 1.1815917 1.3238794 1.3983233 1.4362444 1.4563676 1.4410384 1.2534647 1.4347217 1.1430849 1.9877582 1.5513177 1.8524325 2.1898216 1.8993652 2.5621483 1.9100578 1.4951810 1.9735604 1.9279920 1.8885223 2.1750072 2.1544648 2.0235207 2.1844094 2.5181591 2.1905710 2.2735686 2.1957332 2.3903299 2.1720785 2.3045727 2.1167756 2.5582545 2.1286435 2.1090975 2.1361557 2.3583194 2.5987014 2.2976805 2.4022083 2.3092356 2.4802029 2.9628898 2.3640782 1.7784806 2.5900092 2.8700995 2.3829628 2.6416790 2.1751952 2.6781952 2.7667651 2.8247807 3.2341892 3.2341892 2.5780178 2.7187689 4.8661386 
Adig_XM_015918751.1                                 2.0375449 1.7315837 1.7315837 0.0000010 1.7127031 0.3111615 0.3379376 0.3635381 0.3512820 0.3316058 0.0411548 0.0000010 0.0615329 0.0000000 0.1704479 0.7246723 1.3042989 1.3145764 0.7183256 1.2752703 1.4628903 1.1169926 1.3328471 1.2077542 1.1084582 1.3602518 1.1428917 1.3066502 1.1172393 1.1383710 1.3684302 1.4683000 1.4390155 1.4902051 1.4565584 1.2738748 1.5207623 1.1429684 1.9653268 1.5564468 1.7044464 2.0171031 1.7538795 2.3577389 1.9832277 1.5901879 1.7006818 1.9711991 1.9734621 2.3711656 2.1864882 1.9956345 2.3691419 4.1034067 2.2367902 2.6492637 2.2367902 2.2499194 2.1960498 2.2957125 2.1604635 2.5338660 2.2424374 2.1613055 2.1955992 2.4052753 2.4115728 3.4249882 2.1321794 2.1925312 2.5460927 3.1068964 2.2171462 1.6645945 2.7013647 2.6167835 2.5223069 2.4262321 2.3242301 2.7190870 2.4851970 2.6406008 3.1078552 3.1078552 2.6388377 2.6920752 4.9043087 
Adig_XM_015912318.1                                 2.9638074 1.9269654 1.9269654 0.0000010 2.0359465 0.2590235 0.4162383 0.3869533 0.3746560 0.3955528 0.2031326 0.0000010 0.2006530 0.1704479 0.0000000 0.8162447 1.5035120 1.3562920 0.0000010 1.3326364 1.4376218 1.1590188 1.4983540 1.4200953 1.4186048 1.5615257 1.1711278 1.1959265 1.1643281 1.1300492 1.1567873 1.3189081 1.4708968 1.5076191 1.4390743 1.4670603 1.5548255 1.4128539 1.6003218 1.3023919 1.5534455 1.6593289 1.5454365 2.2120694 2.0830866 1.8570084 1.7006818 5.9151780 1.9368435 1.6575398 2.2193007 1.4231054 1.5445524 0.0000010 2.2193007 1.1975083 2.2193007 2.1076658 2.3966373 2.4085726 2.4085726 2.0930738 2.7148178 2.4143211 2.4792381 2.7573408 2.7655702 0.0000010 1.8800333 1.9625313 2.4184739 2.9330203 1.9575591 1.5240825 2.9881987 3.0945718 2.1921927 2.0023804 2.3171517 2.8795493 2.5033021 2.5084503 3.0572007 3.0572007 2.6957400 3.0682214 5.7425685 
Exapal_XM_021040148.2                               1.3830480 1.6773231 1.6773231 0.2480149 1.1973789 0.6966297 0.6517559 0.6687984 0.6614081 0.7227247 0.6416784 0.8100020 0.6996348 0.7246723 0.8162447 0.0000000 1.2553094 1.2608514 0.8468966 1.2597115 1.3017780 1.0984636 1.2579770 1.2876976 1.3310330 1.2636713 1.1592489 1.2343663 1.1284187 1.1721129 1.4244529 1.4565224 1.4556302 1.4586317 1.4340050 1.3166872 1.4481261 1.3014024 1.9874415 1.5496578 1.9054346 2.2861422 2.0426883 2.2872382 2.1552084 1.6682360 2.3807948 2.1393990 2.0318319 2.6218152 2.4119650 2.3940219 2.6744110 3.1280694 2.4132389 2.7002599 2.3769839 2.6549528 2.2573363 2.3619583 1.9936169 2.4147407 2.3006741 2.1947468 2.2886256 2.2802895 2.6025272 2.3416781 2.2951337 2.5323924 2.4543259 2.9514907 2.6456231 1.9782128 2.7173648 3.1573180 2.2875250 2.4337090 2.4391150 2.8628725 3.0930613 2.9138093 3.3883950 3.3883950 2.7889164 2.8274976 5.2113039 
Spur_XM_793969.5                                    1.4902505 1.3904753 1.3904753 0.3774177 1.8986759 1.3123504 1.2092907 1.2496704 1.2523917 1.3530398 1.1887276 1.8443947 1.2992940 1.3042989 1.5035120 1.2553094 0.0000000 1.0712298 0.6501939 1.5657744 1.6806962 1.4463449 1.5276978 1.0419249 1.0932521 1.1103240 0.9011144 0.8835572 1.6466212 1.6269123 1.5843442 1.5369303 1.4358609 1.4164155 1.4532475 1.3462254 1.5073604 1.2336415 2.2470982 2.1320916 2.0546357 2.6920117 2.1078026 2.6762135 2.0269928 1.7568672 2.0363637 1.9793810 1.9912354 2.3150260 2.3355193 2.1905958 2.3733920 2.6366369 2.3219794 2.4199672 2.3213292 2.5631242 2.1281170 2.4842384 2.2700203 2.7835732 2.2466442 2.1242301 2.0875297 2.4004569 2.6697469 2.1302637 2.3855178 2.3936245 2.3504409 2.9762440 2.4199368 2.0922401 2.7493986 3.2571194 2.4148443 2.5423850 2.1014673 2.8035027 2.8591085 2.8759149 3.1194733 3.1049079 2.7591731 2.9583424 4.5285676 
Bralan_BLAG12000360_1                               1.5767577 1.4119719 1.4119719 0.4149212 1.9224350 1.2508168 1.1770463 1.2783123 1.2651449 1.3825152 1.1711167 1.6295079 1.2537611 1.3145764 1.3562920 1.2608514 1.0712298 0.0000000 0.8001302 1.4539500 1.5011288 1.3331473 1.4482905 0.9391903 0.9676853 1.1004313 0.8702112 0.8810420 1.6263049 1.5793247 1.4104931 1.5177800 1.5797560 1.5320834 1.6047744 1.4855005 1.6901988 1.4663635 2.0915829 1.6682502 1.9128505 2.1495988 1.9203494 2.4420328 2.1904247 1.7159811 2.0194099 2.2970364 2.0319735 2.1610600 2.2135268 2.0059037 2.2205075 2.4372121 2.2150519 2.2465060 2.2057609 2.4987166 2.2434160 2.2296369 2.1251499 2.3249783 2.1305298 1.9984573 2.0521236 2.2514252 2.5080855 2.0207325 2.5107497 2.2587176 2.4457850 2.9493721 2.6109972 2.0601349 2.8348378 3.2154948 2.4505852 2.5544733 2.2868238 3.0209767 2.8534835 2.7289062 3.0775997 3.0775997 2.6221299 2.5313742 5.1185514 
Skow_XM_006817157.1                                 0.9262894 1.2611730 1.2611730 0.5141493 0.7758158 0.9538415 0.8719526 0.9776553 1.0386413 1.3903341 0.9890512 1.4766184 0.9726682 0.7183256 0.0000010 0.8468966 0.6501939 0.8001302 0.0000000 1.1806874 1.1579763 0.0000010 0.9572869 0.9017503 3.9780191 0.9701708 3.4362910 0.0000010 1.9179470 1.5831681 1.3860060 1.3561030 1.3619892 1.3078841 1.3566311 2.1839859 1.2688144 0.8906616 2.0179216 0.0000010 1.4318286 2.3579945 1.8124268 2.8554825 1.7384173 0.0000010 6.1279291 1.8479129 1.8728890 2.4829144 2.4829144 2.4829144 2.4829144 2.4829144 2.4829144 2.4829144 2.9387878 3.5437614 2.3638758 2.9051011 0.0000010 0.0000010 2.3124750 2.1424315 2.3757082 2.5518592 4.2788808 2.1443638 3.6921151 2.1620810 1.6212398 1.9598285 2.4141432 5.1467328 2.0114067 2.5648613 2.0977644 5.3067433 1.8738154 2.8425398 3.7818411 4.1820391 3.9725680 3.9725680 2.5843025 3.6446119 5.8863272 
Nemnom_g16663.t1                                    1.5178535 1.7432336 1.7432336 0.5060507 1.8301216 1.3083448 1.2032722 1.2704966 1.2790135 1.3357479 1.1988734 1.9203550 1.2510756 1.2752703 1.3326364 1.2597115 1.5657744 1.4539500 1.1806874 0.0000000 0.1946057 0.4939919 0.6082109 1.4905233 1.6298326 1.5337759 1.3821867 1.5106330 1.5962993 1.5829292 1.2479561 1.3109401 1.6278834 1.5826513 1.6527679 1.4178031 1.5917687 1.4858349 2.3657220 1.8590518 1.9714631 2.3302082 2.0153834 2.5731263 2.1789667 2.1201107 2.0747902 1.9554295 2.0734777 2.2957168 2.3464231 2.2875657 2.3480839 2.5322282 2.3505147 2.3012871 2.3262651 2.4943776 2.3384201 2.3810684 2.2042824 3.0831323 2.3525835 2.2622898 2.3932108 2.5153044 2.8237029 2.2651921 2.6740295 2.5133441 2.7098570 3.2957575 2.6682167 1.8467839 3.1838463 3.2386593 2.6931455 2.7897067 2.5054913 2.8879320 2.9053099 2.9293389 3.3398712 3.3398712 2.7348449 2.6784791 5.4744894 
Rhoesc_Res_005334-T1                                1.5210685 1.7564896 1.7564896 0.5125143 2.0141854 1.4665299 1.3248708 1.4014249 1.3989305 1.5042781 1.3260758 2.0244315 1.3716832 1.4628903 1.4376218 1.3017780 1.6806962 1.5011288 1.1579763 0.1946057 0.0000000 0.5348330 0.6595340 1.4768554 1.6131073 1.5877165 1.4925580 1.4363667 1.5741375 1.5903247 1.3308194 1.3531724 1.6963248 1.6933999 1.7205327 1.5283298 1.6527582 1.5192255 2.4459980 1.8997595 2.1138567 2.4596723 2.1669395 2.7306940 2.2467476 2.1029217 2.2664111 2.4101666 2.2294864 2.3248141 2.3728208 2.2467902 2.4152259 2.6352888 2.3718505 2.4101369 2.3517296 2.4671920 2.3494960 2.4007291 2.2672623 2.7662560 2.3108795 2.2822047 2.4360226 2.4999192 2.7756570 2.2585037 2.7075907 2.6509676 2.8445199 3.4343571 2.7432772 1.8987819 3.2614150 3.5279784 2.8316524 3.0237856 2.4944962 2.9127143 2.8888287 2.8574395 3.2557094 3.2557094 2.8236728 2.7659578 5.3750206 
Aaur_scaffold846.g1.t1                              3.2541057 1.5793878 1.5793878 0.0000010 2.4148315 1.1667026 1.0927382 1.1589729 1.0837160 1.1111921 1.0777727 1.7210270 1.0740169 1.1169926 1.1590188 1.0984636 1.4463449 1.3331473 0.0000010 0.4939919 0.5348330 0.0000000 0.5766586 1.3693912 1.3614571 1.5432422 1.2608724 1.4032041 1.3100783 1.4191384 1.1703311 1.1899900 1.5393673 1.5058810 1.5720552 1.5023872 1.6269230 1.6614286 1.9033651 1.6621922 2.0506336 2.1206316 1.6597516 2.0523212 2.1247735 2.1425978 1.7652317 2.1985280 2.0179066 1.5408163 2.2174469 1.5848301 1.7005950 1.4098609 2.2174469 1.4595853 2.2174469 2.1837988 2.2254318 2.0890538 1.9983731 2.6548475 2.0957838 2.1073722 2.3383510 2.2727834 2.2780518 1.6460151 2.0008828 2.2706577 2.9178898 3.7595387 2.6668988 1.5374473 3.0036128 3.1405525 2.7819577 2.1941080 2.3113288 3.5472921 2.6822565 2.6111666 3.1629598 3.1629598 2.6914046 2.7308853 5.0522878 
Sanmal_Sma_005338-T1                                2.3608182 1.7521776 1.7521776 0.0000010 2.1193130 1.3317172 1.1808894 1.2430415 1.1988866 1.2074749 1.2244925 1.0850311 1.2947612 1.3328471 1.4983540 1.2579770 1.5276978 1.4482905 0.9572869 0.6082109 0.6595340 0.5766586 0.0000000 1.4199317 1.3744217 1.5074841 1.3020070 1.4672926 1.5262845 1.5919925 1.2269793 1.3552483 1.5870567 1.5727571 1.5536804 1.4065840 1.5839967 1.4235356 2.1779591 1.7529369 2.2242594 2.3155145 1.9439718 2.6318484 2.1209542 1.9113666 1.6679991 2.3010722 1.9369456 2.2880127 2.3019917 2.1374586 2.4442915 2.8448233 2.3248780 2.4648213 2.3248780 2.3932489 2.1749311 2.1924614 2.0094077 2.6923736 2.3277832 2.2371587 2.1780528 2.2586407 2.2140995 2.3335397 2.4355159 2.7198722 3.1385282 3.5275970 2.7497465 1.7866935 3.1429581 3.3118621 2.7165715 2.7460745 2.4566984 2.9765051 3.0298305 2.9329624 2.9067380 2.9067380 2.7519307 2.5179514 4.7198359 
Acagra_model.g5689.t1                               1.3286494 1.2589830 1.2589830 0.4088377 1.9667340 1.2758275 1.1567203 1.2430575 1.2588053 1.2995545 1.1299168 1.9990457 1.1961722 1.2077542 1.4200953 1.2876976 1.0419249 0.9391903 0.9017503 1.4905233 1.4768554 1.3693912 1.4199317 0.0000000 0.0831320 0.6887687 0.8512755 0.7394506 1.5232841 1.4859025 1.4497686 1.5839085 1.4244758 1.4336728 1.4027241 1.3140148 1.5371968 1.1866715 1.8553827 1.3108346 1.6897223 2.2683512 1.9726885 2.4471141 2.1115082 1.8640652 2.3920263 2.1328166 1.9361370 2.3646287 2.4124599 2.2536362 2.4864636 2.7116147 2.4149772 2.4727723 2.3414455 2.4873467 2.3178575 2.4398667 2.0919764 2.6193663 2.2771840 2.2611151 2.3303479 2.3878642 2.7068272 2.5452346 2.6117314 2.4064473 2.3283046 2.6694159 2.5613435 1.8465122 2.9064147 3.2757103 2.3798204 2.7956074 2.2445652 2.6062546 3.1943946 2.9099910 2.8938069 2.9006063 2.5021000 2.5194823 4.6251755 
Acagra_model.g5689.t1.1.5d400842                    2.0265922 1.3974516 1.3974516 3.3918047 2.5851663 1.3206614 1.2080877 1.2324312 1.2380376 1.1798554 1.1459922 8.4288595 1.2363723 1.1084582 1.4186048 1.3310330 1.0932521 0.9676853 3.9780191 1.6298326 1.6131073 1.3614571 1.3744217 0.0831320 0.0000000 0.7582558 0.8078714 0.7394506 1.4010035 1.5238355 1.5423091 1.7796706 1.6064144 1.5952442 1.5686808 1.3272666 1.7074309 1.1690555 1.9561433 1.3108346 1.9155375 2.4354257 1.9996845 2.4599357 2.2661791 1.8640652 2.0135452 2.2613780 2.0651165 2.2075238 2.3543142 2.0890777 2.4047959 2.7927655 2.3561941 2.3712408 2.3200570 2.4234502 2.1948362 2.2569935 2.0919764 2.6193663 2.2460616 2.2070852 2.2950214 2.3864629 2.4063482 3.0550884 2.4879502 2.5901503 2.9977542 3.1280239 2.9096526 1.8320543 3.3734491 3.2483244 2.5370015 2.5182659 2.5411867 2.8075672 3.0978621 2.7968520 2.7944371 2.8013475 2.7261258 2.4366984 4.6533784 
Cgig_XM_011448037.3                                 1.5574927 1.4222001 1.4222001 0.5454697 1.9445119 1.4118314 1.3259607 1.4063223 1.4047114 1.4717547 1.2524086 1.6580530 1.3259209 1.3602518 1.5615257 1.2636713 1.1103240 1.1004313 0.9701708 1.5337759 1.5877165 1.5432422 1.5074841 0.6887687 0.7582558 0.0000000 0.9932720 0.8119294 1.7326258 1.6517868 1.5403362 1.5469256 1.5318644 1.5266123 1.5275091 1.4010726 1.6216662 1.6269873 2.2231942 1.9831834 1.9453594 2.4973170 2.1497473 2.7271741 2.2302529 2.0649136 2.2020979 2.4297602 2.1943951 2.6454501 2.5829673 2.3790224 2.7481619 2.9953520 2.5497783 2.7343601 2.5225854 2.6605004 2.3874150 2.5983283 2.2612892 2.9911927 2.3684808 2.2713892 2.4268738 2.5461911 2.8676961 2.6120263 2.7366709 2.4684654 2.5663899 2.8882930 2.7431301 1.9545772 2.9596210 3.3912919 2.5022438 2.9009741 2.3993438 3.0036529 3.2819960 3.1733588 3.2822241 3.2822241 2.7494679 2.5795015 4.6427967 
Skow_XM_006811995.1                                 2.2198875 1.2731206 1.2731206 0.8777437 2.2635793 1.1749574 1.1261705 1.1381970 1.1099200 1.1457079 1.0798683 3.2470198 1.2118842 1.1428917 1.1711278 1.1592489 0.9011144 0.8702112 3.4362910 1.3821867 1.4925580 1.2608724 1.3020070 0.8512755 0.8078714 0.9932720 0.0000000 0.7324080 1.4105164 1.3637788 1.5331165 1.5073355 1.4048010 1.3991848 1.4295408 1.2345759 1.4946226 1.3023562 1.9383119 1.5379339 1.9335939 2.3587344 1.9970440 2.3371632 2.0607231 1.7565159 1.8550869 1.8721422 1.9268442 2.2045589 2.1637340 1.8556170 2.3474062 3.0643524 2.1463861 2.4004461 2.1080632 2.0233605 1.8755685 1.9757524 1.9314252 2.4307950 1.9776181 1.8839164 1.9198763 2.1801287 2.1979119 2.0259891 1.8800819 2.2449132 2.5412150 3.3251347 2.7129099 1.9202430 3.4028166 3.1929454 2.4369438 2.3531310 2.4131950 3.1455814 2.7296205 2.4564246 2.6263882 2.6409258 2.5814459 2.2403688 4.5123393 
Ctel_gnl_WGS_AMQN_CAPTEDRAFT_mRNA52768              2.2616324 1.2211444 1.2211444 0.0000010 2.1258496 1.1707758 1.1590205 1.2210888 1.2090808 1.1853167 0.9907785 0.0000010 1.1848384 1.3066502 1.1959265 1.2343663 0.8835572 0.8810420 0.0000010 1.5106330 1.4363667 1.4032041 1.4672926 0.7394506 0.7394506 0.8119294 0.7324080 0.0000000 1.2652788 1.2183608 1.5597992 1.2919525 1.4980176 1.4794743 1.4594574 1.2423722 1.5763277 1.3565244 2.0008090 1.5613525 1.6453206 2.2280264 1.8290224 2.2542618 2.2554069 1.8183020 1.8620788 1.4662858 1.4216285 1.7715867 1.8369418 1.6915392 1.8459743 1.9059980 1.8369418 1.6845727 1.8369418 1.8855785 1.7756480 2.0654837 2.1941033 1.9748923 1.7576669 1.8192182 1.7672990 1.8371811 1.8068283 2.1407166 1.9297291 2.2018737 2.5832079 2.7819144 2.1091725 1.6761246 2.5398611 3.3735141 2.0438838 2.0761414 2.0342473 2.6804745 1.9641326 1.9912058 2.3632982 2.3632982 2.2801895 2.2149896 4.7740087 
Dgig_XM_028543412.1                                 2.5659739 2.0050587 2.0050587 0.0000010 2.2313964 1.3496001 1.1231161 1.2591341 1.2269154 1.1646959 1.1902271 2.1332154 1.2414025 1.1172393 1.1643281 1.1284187 1.6466212 1.6263049 1.9179470 1.5962993 1.5741375 1.3100783 1.5262845 1.5232841 1.4010035 1.7326258 1.4105164 1.2652788 0.0000000 0.5852491 1.6672741 1.7898873 1.6946139 1.7359095 1.7190136 1.4640554 1.7979693 1.4870876 2.2351944 1.7603974 2.0764447 2.5335603 2.2889448 2.4796513 2.1849783 1.7668279 2.1016295 2.3365031 2.2320623 2.6962582 2.3396440 2.3457847 2.7095910 3.1992097 2.3276180 2.7999065 2.2567372 2.2817179 2.2749476 2.2977283 1.9815284 2.4260723 2.2853025 2.2460432 2.2369275 2.2543303 2.2523591 2.7555089 2.6044572 2.7197292 3.0987442 3.5860409 2.7105333 1.9310759 3.3967620 3.0963820 2.9025149 2.6620220 2.6119959 2.9315516 2.9692697 2.8054623 3.0714426 3.0608338 2.8729323 2.8631337 5.4286776 
Xesp_009706-T1                                      1.6121652 1.9258857 1.9258857 0.6336607 2.1240395 1.2776794 1.1448466 1.2191044 1.2127179 1.2183177 1.1375994 2.5100674 1.1815917 1.1383710 1.1300492 1.1721129 1.6269123 1.5793247 1.5831681 1.5829292 1.5903247 1.4191384 1.5919925 1.4859025 1.5238355 1.6517868 1.3637788 1.2183608 0.5852491 0.0000000 1.5521328 1.7755357 1.7329634 1.7950137 1.7440335 1.5638033 1.7555621 1.3910441 2.3093827 1.8386954 2.0492739 2.5934335 2.1314642 2.6498767 2.1512386 1.8375657 2.2895720 2.1241528 2.1696547 2.5048435 2.2563236 2.2576085 2.4948437 2.7598604 2.2703255 2.5634724 2.2840524 2.5576837 2.4230173 2.4052812 2.1205976 2.3997989 2.4025449 2.3545303 2.4342357 2.4643158 2.7114101 2.8238533 2.5970649 2.7706284 2.8726671 3.2166679 2.6666287 1.9107737 3.1351290 3.3180884 2.7711388 2.7070455 2.4718933 3.0644237 3.1958104 3.0711054 3.7640369 3.7181779 3.0171497 3.0312634 5.4316212 
Morvir_scaffold35.g30.t1                            1.5064266 1.7720840 1.7720840 0.5961056 2.0484920 1.3716879 1.2671318 1.3627128 1.3313489 1.4239903 1.2495663 1.6321711 1.3238794 1.3684302 1.1567873 1.4244529 1.5843442 1.4104931 1.3860060 1.2479561 1.3308194 1.1703311 1.2269793 1.4497686 1.5423091 1.5403362 1.5331165 1.5597992 1.6672741 1.5521328 0.0000000 1.5134802 1.7037058 1.7048862 1.6732629 1.6083997 1.7219200 1.3861166 2.2543844 2.0235182 2.0648283 2.2698701 1.9934852 2.6935356 2.1918359 1.8564989 2.1922533 2.3779728 2.1817535 2.4143014 2.4118662 2.2646599 2.5236887 2.7489693 2.4062349 2.5098738 2.3761286 2.5768704 2.3327818 2.5655441 2.4140549 2.7272954 2.3539702 2.1986152 2.3279168 2.4609269 2.7557898 2.3667471 2.9614148 2.8304351 2.6659683 3.2373032 2.7169421 1.7474404 3.1921445 3.1184272 3.0000974 3.0561705 2.6703026 2.9503745 3.3219772 3.0771785 3.0167208 3.0154181 3.0023531 3.1095570 5.1701135 
Chem_TCONS_00047125                                 1.5425615 1.8683495 1.8683495 0.5921258 2.2393989 1.5237056 1.3618953 1.4264891 1.4395130 1.5601613 1.3148498 2.2225695 1.3983233 1.4683000 1.3189081 1.4565224 1.5369303 1.5177800 1.3561030 1.3109401 1.3531724 1.1899900 1.3552483 1.5839085 1.7796706 1.5469256 1.5073355 1.2919525 1.7898873 1.7755357 1.5134802 0.0000000 1.7095773 1.7662904 1.7431939 1.7535981 1.6853644 1.7229321 2.5083818 1.8313849 2.3626585 2.4505901 2.1973063 2.8600698 2.0962391 1.9611176 1.7939090 2.2183934 2.3575808 2.7403870 2.6268851 2.5328602 2.8696875 3.1581278 2.6367790 2.8603991 2.5742243 2.8010332 2.5710514 2.7005729 2.4239920 2.3047527 2.3466549 2.4046538 2.3801962 2.3988849 2.6132838 2.7438661 2.7892754 2.6707727 2.7911525 3.5000176 2.9038712 1.5338578 3.0689913 3.4522832 2.5774768 2.8265294 2.1528558 3.1483282 3.4621630 3.5013272 3.3817216 3.3817216 3.1285032 2.9357747 4.8639391 
HoiH23_PlH23_002892-RA                              1.7693383 1.8225520 1.8225520 0.7753443 2.1328820 1.4717842 1.3702187 1.4526260 1.4368888 1.5269912 1.3624707 2.0258648 1.4362444 1.4390155 1.4708968 1.4556302 1.4358609 1.5797560 1.3619892 1.6278834 1.6963248 1.5393673 1.5870567 1.4244758 1.6064144 1.5318644 1.4048010 1.4980176 1.6946139 1.7329634 1.7037058 1.7095773 0.0000000 0.0454012 0.1053542 0.1317961 0.2358421 0.2412653 2.2785973 2.1960199 2.1140674 2.5846033 2.1727658 2.4327386 2.0612721 1.7903804 1.8161921 2.0607732 2.0842559 2.3339248 2.3410137 2.2283565 2.4103355 2.7239063 2.3304785 2.4904378 2.3432718 2.4550513 2.1397221 2.3881861 2.1148517 2.6506813 2.2758985 2.1240060 2.2166231 2.2758365 2.4774099 2.5984087 2.5072692 2.7778664 2.6290768 3.3882809 3.0055552 2.1906570 2.9496737 3.3230165 2.7959417 2.7366657 2.3561005 2.9721665 3.3157768 3.1002816 3.2293508 3.2293508 3.2910915 2.8982590 4.9028715 
HoiH06_mRNA9796                                     1.7586027 1.8066045 1.8066045 0.5698279 2.1592669 1.4684877 1.3696988 1.4530946 1.4421609 1.5377193 1.3878128 2.0557674 1.4563676 1.4902051 1.5076191 1.4586317 1.4164155 1.5320834 1.3078841 1.5826513 1.6933999 1.5058810 1.5727571 1.4336728 1.5952442 1.5266123 1.3991848 1.4794743 1.7359095 1.7950137 1.7048862 1.7662904 0.0454012 0.0000000 0.1074822 0.1176239 0.2601396 0.2531155 2.2265653 2.2375234 2.1144923 2.6484322 2.1531259 2.4048692 2.0523957 1.7740131 1.7576742 2.0461809 2.0332777 2.3134467 2.3528580 2.2011597 2.3996526 2.7413906 2.3188450 2.4745029 2.3331145 2.4904628 2.1490793 2.3824648 2.1282337 2.7359261 2.3051082 2.1654826 2.2368579 2.3388326 2.5607148 2.5291528 2.4684862 2.7822880 2.5875922 3.3752532 2.9717898 2.1355338 2.9691802 3.2802677 2.7984415 2.7015318 2.3641839 2.9365358 3.3059123 3.1081226 3.2723944 3.2723944 3.2552509 2.8395524 4.9025120 
Hhon_g01408.t1                                      1.6802233 1.8557968 1.8557968 0.7274655 2.1765232 1.4683240 1.3654681 1.4251526 1.4064118 1.5181738 1.3671142 2.0458607 1.4410384 1.4565584 1.4390743 1.4340050 1.4532475 1.6047744 1.3566311 1.6527679 1.7205327 1.5720552 1.5536804 1.4027241 1.5686808 1.5275091 1.4295408 1.4594574 1.7190136 1.7440335 1.6732629 1.7431939 0.1053542 0.1074822 0.0000000 0.0377986 0.2573574 0.2148831 2.2737221 2.2038331 2.0512509 2.5962357 2.1993897 2.3773581 2.1469039 1.8418569 1.7653606 2.3006242 2.0315158 2.3259201 2.3241693 2.2202854 2.4359321 2.7657515 2.3530327 2.4997253 2.3797782 2.4722117 2.1545550 2.4010428 2.1329555 2.7588716 2.2829426 2.1549375 2.2417595 2.3419600 2.5417647 2.5706454 2.4512392 2.7670632 2.5969671 3.2656384 2.9177972 2.2058697 2.8658260 3.2478861 2.7448151 2.6293945 2.3691185 2.9262358 3.3071878 3.0838708 3.2406588 3.2406588 3.2442791 2.8634942 4.9123203 
HoiH04_mRNA750                                      2.6387054 1.7077546 1.7077546 3.2658462 2.9177665 1.2945091 1.2254181 1.2394765 1.2225602 1.2111260 1.2445408 0.0000010 1.2534647 1.2738748 1.4670603 1.3166872 1.3462254 1.4855005 2.1839859 1.4178031 1.5283298 1.5023872 1.4065840 1.3140148 1.3272666 1.4010726 1.2345759 1.2423722 1.4640554 1.5638033 1.6083997 1.7535981 0.1317961 0.1176239 0.0377986 0.0000000 0.2813413 0.2134720 2.1493339 2.2136659 2.0257833 2.3240307 1.8813415 2.2082353 1.8381514 1.8420209 1.3866551 2.4657327 2.0200645 1.5212607 2.0780538 1.6286845 1.8571706 2.2181518 2.1134094 1.8309112 2.0521517 2.1340357 1.9014372 1.9773537 1.9493258 2.7698417 2.1061716 2.0064491 2.0715076 2.0375475 2.0605568 1.7755571 1.8812589 2.7392770 2.8064935 3.5584761 2.8131704 2.0430946 3.1007785 3.1018174 2.9803600 2.1043079 2.4682286 3.0140523 2.8265119 2.6307785 2.9425569 2.9425569 3.1975518 2.5849083 4.9580788 
TrH2_TrispH2_010057-RA                              1.5554721 1.8383851 1.8383851 0.6985886 2.1838922 1.4645744 1.3464670 1.4983214 1.4895644 1.5342375 1.3634742 1.8064163 1.4347217 1.5207623 1.5548255 1.4481261 1.5073604 1.6901988 1.2688144 1.5917687 1.6527582 1.6269230 1.5839967 1.5371968 1.7074309 1.6216662 1.4946226 1.5763277 1.7979693 1.7555621 1.7219200 1.6853644 0.2358421 0.2601396 0.2573574 0.2813413 0.0000000 0.0567863 2.3115333 2.2329000 2.1267442 2.6419808 2.1342374 2.4299214 2.0860635 1.9030335 2.0293793 2.2658440 2.1446600 2.2483902 2.3181847 2.2336468 2.3628765 2.5986198 2.3041049 2.4241910 2.3468428 2.4856604 2.1425803 2.3251091 2.1466287 2.5739711 2.2310877 2.1546231 2.2725434 2.3383765 2.5290713 2.6504742 2.4852392 2.8405619 2.5925467 3.3465383 3.0666172 2.3209954 2.9711286 3.2147208 2.9585943 2.6584604 2.3470442 2.9692085 3.3946317 3.2305481 3.1853725 3.1853725 3.1633128 3.1190972 5.1048100 
Tadh_TriadT20929                                    3.4998602 1.6714904 1.6714904 1.2604217 3.9677647 1.3744883 1.2254715 1.3732388 1.3445315 1.3537173 1.1849483 0.0000010 1.1430849 1.1429684 1.4128539 1.3014024 1.2336415 1.4663635 0.8906616 1.4858349 1.5192255 1.6614286 1.4235356 1.1866715 1.1690555 1.6269873 1.3023562 1.3565244 1.4870876 1.3910441 1.3861166 1.7229321 0.2412653 0.2531155 0.2148831 0.2134720 0.0567863 0.0000000 1.7344954 2.1371401 1.6249107 1.9595644 1.4530565 1.4209734 1.3710446 1.3591057 1.2176976 1.1476400 1.7452389 0.4137718 1.9106287 1.7439025 1.2863413 0.4137718 1.9106287 0.4137718 1.9747924 1.8729579 1.7158879 1.7118038 1.7531158 2.6052020 1.7898098 1.9088354 1.9700461 1.7949562 1.8404114 0.8769927 1.4216333 2.6972658 2.2774851 2.5672337 2.2415595 2.2976809 2.4368396 2.5774945 2.5955201 1.5176451 2.1862761 2.7552163 2.0656314 1.4394831 2.5473906 2.5473906 2.3791437 2.3380579 4.6472783 
Emue_Em0016g348a.t1                                 2.5248329 2.3738858 2.3738858 1.5421881 2.7493089 1.9714192 1.9671046 2.0131709 2.0081612 1.9768516 1.8903903 2.6211493 1.9877582 1.9653268 1.6003218 1.9874415 2.2470982 2.0915829 2.0179216 2.3657220 2.4459980 1.9033651 2.1779591 1.8553827 1.9561433 2.2231942 1.9383119 2.0008090 2.2351944 2.3093827 2.2543844 2.5083818 2.2785973 2.2265653 2.2737221 2.1493339 2.3115333 1.7344954 0.0000000 0.2512296 1.2587982 1.7512243 1.5052229 2.6386074 2.1966397 1.7000731 2.1876985 1.8839135 2.3524032 2.6638146 2.5257421 2.3885796 2.7589844 3.1369848 2.5552230 2.7836454 2.5034885 2.6617614 2.2356309 2.6279202 2.3805811 2.3498188 2.4014676 2.3205286 2.5051682 2.5210504 2.6891769 2.7070099 2.6972222 2.5538367 2.5319148 3.3000925 2.8231438 2.6995676 3.0569187 2.7993581 2.5184711 2.5431268 2.5943986 3.3995520 3.7317436 3.1959093 3.6288903 3.6633624 3.0359036 2.7992052 5.0376166 
Spolac_c88413_g1_i1_m.5008c88413-g1                 3.4023956 1.9648064 1.9648064 0.0000010 4.1834783 1.5264742 1.5866816 1.5364258 1.4454276 1.5208827 1.5639408 0.0000010 1.5513177 1.5564468 1.3023919 1.5496578 2.1320916 1.6682502 0.0000010 1.8590518 1.8997595 1.6621922 1.7529369 1.3108346 1.3108346 1.9831834 1.5379339 1.5613525 1.7603974 1.8386954 2.0235182 1.8313849 2.1960199 2.2375234 2.2038331 2.2136659 2.2329000 2.1371401 0.2512296 0.0000000 1.0583880 1.5802167 1.1696348 1.6990847 1.7212455 1.6003467 1.6739944 2.2904659 2.2840705 2.1956204 2.4411557 1.3790667 2.9798670 0.0000010 2.4411557 0.0000010 2.4411557 2.2083918 2.2772331 2.5534164 2.5534164 2.3913478 2.4836580 2.0011632 2.3530614 2.3961612 2.4042723 0.0000010 1.9407674 2.2501849 2.4165777 2.6030399 2.5801776 1.8794901 3.0030896 2.4059249 2.5594715 2.3159901 2.2431993 2.8503868 2.7938557 1.8940241 2.3908297 2.4879209 2.7021321 2.2516462 6.3023199 
Tetwil_g21347.t1                                    2.3468378 2.1887700 2.1887700 1.0268091 2.8083415 1.8198833 1.7389493 1.8818870 1.8735429 1.8917795 1.7281132 1.7405534 1.8524325 1.7044464 1.5534455 1.9054346 2.0546357 1.9128505 1.4318286 1.9714631 2.1138567 2.0506336 2.2242594 1.6897223 1.9155375 1.9453594 1.9335939 1.6453206 2.0764447 2.0492739 2.0648283 2.3626585 2.1140674 2.1144923 2.0512509 2.0257833 2.1267442 1.6249107 1.2587982 1.0583880 0.0000000 1.7668025 1.4369729 2.3558755 2.0314005 1.6746764 1.8983004 2.1891390 2.1304336 2.6974844 2.5857502 2.4348136 2.7541883 3.0759413 2.5883127 2.7294270 2.5994108 2.6402060 2.5302286 2.6613023 2.4918974 2.5038590 2.5137094 2.4451912 2.5335519 2.4784567 2.7255633 3.3197259 2.5049459 2.6139626 2.5233363 2.9046616 2.6525532 2.8473416 2.7309820 3.0027374 2.5004482 2.6594701 2.2987402 2.9546214 3.1969916 3.0981664 3.0043941 3.0043941 2.7231646 2.5991627 4.8661685 
Aque_Aqu2.1.24284_001                               2.8416608 2.3959417 2.3959417 1.6950051 3.1509731 2.1796047 2.1327706 2.2177787 2.2770545 2.2319041 2.0960954 2.8278189 2.1898216 2.0171031 1.6593289 2.2861422 2.6920117 2.1495988 2.3579945 2.3302082 2.4596723 2.1206316 2.3155145 2.2683512 2.4354257 2.4973170 2.3587344 2.2280264 2.5335603 2.5934335 2.2698701 2.4505901 2.5846033 2.6484322 2.5962357 2.3240307 2.6419808 1.9595644 1.7512243 1.5802167 1.7668025 0.0000000 0.8815004 2.7254025 2.3903815 2.0753408 2.1181130 2.5222389 2.1651063 3.0093092 2.7499644 2.6070224 3.0277530 3.5623762 2.7573275 2.9999880 2.7689520 2.8193121 2.7587831 2.9382670 2.5924603 2.5703749 2.5792140 2.5565795 2.7619061 2.7031193 3.0161315 3.2397262 2.6978748 2.6366112 2.4408875 3.5382232 2.9024079 2.8656932 3.1136982 2.7545728 2.9845947 2.9726489 2.3744015 3.5360598 3.3815517 3.2215336 3.3124793 3.3124793 3.3070606 3.0700259 5.0028449 
Xestes_maker-XT_scaffold19287-snap-gene-0.10-mRNA-1 2.7339585 2.2627665 2.2627665 1.5077224 2.7970083 1.7628484 1.8143487 1.7992770 1.7939662 1.9022359 1.7850955 2.2787398 1.8993652 1.7538795 1.5454365 2.0426883 2.1078026 1.9203494 1.8124268 2.0153834 2.1669395 1.6597516 1.9439718 1.9726885 1.9996845 2.1497473 1.9970440 1.8290224 2.2889448 2.1314642 1.9934852 2.1973063 2.1727658 2.1531259 2.1993897 1.8813415 2.1342374 1.4530565 1.5052229 1.1696348 1.4369729 0.8815004 0.0000000 2.4315670 2.1467562 1.6954133 1.7929714 1.6209274 1.8709257 2.7246457 2.4942529 2.4953552 2.7493708 3.2649141 2.4942529 2.7273101 2.4953207 2.6180922 2.3913371 2.6436779 2.2302246 2.6089839 2.3496497 2.3992377 2.3704820 2.4558676 2.7101613 3.3797403 2.6589845 2.6173004 2.1226200 3.2195372 2.8724126 2.6553042 2.5190604 2.8608991 2.5514023 2.7723089 2.3684688 3.3769678 3.0735841 3.0578876 3.0031021 3.0031021 2.7829338 2.8160004 5.2607959 
