73
Emue_Em0007g679a.t1                                    0.0000000 4.0590884 0.5501466 1.2148491 1.1541023 1.5816445 2.0548869 2.7059422 2.8083241 2.8518145 2.0507353 2.1707957 2.6923237 1.8536945 2.3721721 2.1021508 2.1708731 2.3023681 2.0729151 2.2885273 2.1069812 1.5914777 1.9416210 1.9416210 2.0402653 1.8846192 5.4621696 1.7731833 2.1929649 1.9548442 1.5120871 6.0050196 1.8195162 2.0381451 1.4039304 1.2285934 1.8209673 1.8618863 1.7936729 1.4348428 1.9876368 1.9876368 2.9796809 2.1953599 1.7317113 1.5386132 1.9468231 1.9468231 1.9462431 1.7710957 1.7710957 2.2035912 2.1248392 2.1248392 2.1460679 2.0086318 2.5383971 2.2625501 3.5523970 1.9880587 2.1253334 2.5818345 2.7787932 2.5151233 2.1062997 2.4427288 3.5173878 3.1483514 2.9100975 2.4927413 2.2051294 2.4028486 2.9583664 
Emue_Em0007g680a.t1                                    4.0590884 0.0000000 0.4519869 0.9832308 0.7793244 1.2031254 1.1564248 1.3244763 1.4364017 1.2686127 1.5231025 1.3488221 1.5524615 1.4517836 1.5215831 1.4492292 1.4352082 1.5342859 1.5213573 1.2364208 1.1478091 1.0791945 1.2545284 1.2349342 1.2879409 1.1774709 0.9800027 1.2607739 1.4496653 1.4213599 5.1287477 1.0206058 1.3896657 1.3404315 3.3536511 1.6130667 1.5737104 1.5958057 1.3752713 1.7175595 1.5053562 1.5053562 1.8283970 1.4616056 1.7618121 1.5522604 1.7948567 1.7948567 1.9203543 2.0171687 2.0171687 1.6515419 1.8645201 1.8645201 2.0626398 1.8318191 1.8323678 1.4698216 1.8947590 1.6124798 1.7436655 1.9790160 2.3013357 1.9372326 1.5199941 1.7909344 2.0229975 2.1047280 2.4404848 2.3493229 2.0141594 2.3146501 2.5436323 
Spolac_c102478_g1_i1_m.29505c102478-g1                 0.5501466 0.4519869 0.0000000 0.5250107 0.4828692 0.8645133 0.9389296 1.1093285 1.1322148 1.1734062 0.9622046 1.0870557 1.0389779 1.0855467 1.0532544 0.9486323 0.9883314 1.0004449 1.0584328 0.8774658 0.8537106 0.7688073 0.9356113 0.9032616 0.9084415 0.8232222 1.0309946 0.8944765 1.0111125 0.8929343 1.4363039 0.9450386 0.9112502 0.9518642 1.3952302 0.9230154 1.1159372 1.1332561 0.9038644 1.0303447 1.2190072 1.2190072 1.4547753 1.1553008 1.0437205 0.9747381 1.1461559 1.1461559 1.1318728 1.1060835 1.1060835 1.0873086 1.1548844 1.1548844 1.3684079 1.1676689 1.1395767 0.9527281 1.3360697 0.9813363 1.1616844 1.2071327 1.6070024 1.4049831 0.9265638 1.2134795 1.3335038 1.5844142 1.5189168 1.6504789 1.2911187 1.5288164 1.7415883 
Tetwil_g2944.t1                                        1.2148491 0.9832308 0.5250107 0.0000000 0.3812803 0.8604447 0.8006707 0.8665814 1.1752148 0.9751678 0.9583884 1.0202825 1.2194676 1.0673565 0.9297810 1.0395772 0.9785895 0.9408643 1.0308034 1.0137044 0.9432769 0.8255790 1.0109890 0.9132855 0.9855163 0.9300304 1.0144134 0.8367060 1.1322212 0.9443642 1.8426282 1.1124703 0.9980561 1.0089242 1.3717409 1.0644470 1.0274397 1.0416197 0.8320665 0.9190467 1.2172275 1.2172275 1.1521921 1.0235785 0.9608211 0.9582268 1.0363658 1.0363658 1.0219674 1.0763224 1.0763224 0.9657122 1.0013773 1.0013773 1.0607691 0.9837796 1.2706646 0.8750318 1.5315604 0.9412369 1.1640774 1.0937113 1.6514535 1.3641215 1.1090193 1.1397221 1.3403542 1.4347095 1.6252635 1.5838463 1.3115135 1.4481784 1.5237020 
Stycar_maker-SC_scaffold5271-snap-gene-0.8-mRNA-1      1.1541023 0.7793244 0.4828692 0.3812803 0.0000000 0.8004478 0.8041023 0.9684502 1.0781466 0.9356441 0.8643437 0.8141826 1.0161210 0.9773989 0.9539145 0.9154337 0.9220442 0.9459325 0.9139157 0.7696256 0.7024612 0.5819510 0.6859769 0.6802114 0.6740490 0.7093983 0.7151171 0.7261527 0.7907185 0.6703793 1.4714118 1.0430547 0.9937557 0.7792352 1.3733185 0.8514529 0.9222512 0.9353126 0.8247100 0.8512204 1.1418852 1.1418852 1.1372427 0.9183530 0.9578303 0.9939925 1.0073538 1.0073538 1.0118726 0.9961531 0.9961531 0.8353636 1.0283982 1.0283982 0.9958604 0.8419237 1.3363476 0.9210965 1.5287491 1.0450937 1.2611996 1.1165982 1.6447673 1.3689294 1.0851355 1.1544255 1.3501350 1.5575239 1.3568796 1.3698313 1.2626619 1.5298999 1.6963814 
Aque_Aqu2.1.37546_001                                  1.5816445 1.2031254 0.8645133 0.8604447 0.8004478 0.0000000 0.4186707 1.3318855 1.2458597 1.3853322 1.4418338 1.2619643 1.3482757 1.2937919 1.1619325 1.1548432 1.1596954 1.0302451 1.2208165 1.0467971 1.0653044 0.8856629 1.0232197 0.9497761 1.0035517 1.0883695 1.0799794 1.1214834 0.9878938 0.9323990 1.9303860 1.0660200 1.0943606 1.0209230 1.6115064 0.8596708 1.2556165 1.2344754 1.0018611 1.2298486 1.4530092 1.4530092 1.6342568 1.6340930 1.4329156 1.3459578 1.4537343 1.4537343 1.4420102 1.4987088 1.4987088 1.0243482 1.2082272 1.2082272 1.1644137 1.1172226 1.4102126 1.2361197 1.5127407 1.0553277 1.5335517 1.4912848 1.8320855 1.6977251 1.3767398 1.3839950 1.4268952 1.6268074 1.6004327 1.9888400 1.5531607 1.6193093 1.8080720 
Halamb_c39597_g1_i1mm.722                              2.0548869 1.1564248 0.9389296 0.8006707 0.8041023 0.4186707 0.0000000 1.2466883 1.1085607 1.1654551 1.1536880 1.1422723 1.2836660 1.3471266 1.0254692 1.1205644 1.0428303 1.0064297 1.0342042 1.1039025 1.1352231 0.9626316 1.0549939 0.9012850 1.0508321 1.1617369 1.1575628 1.0579168 1.0261399 0.9557960 1.7731297 1.1471044 1.0992574 1.0256337 1.6648865 0.9213542 1.0373453 1.0200184 0.8480906 1.0012545 1.5418718 1.5418718 1.4614108 1.3527570 1.3367890 1.2467062 1.3822033 1.3822033 1.4312654 1.4818305 1.4818305 1.0803406 1.2710520 1.2710520 1.3069903 1.1571460 1.2802811 1.3124785 1.7435933 1.2230994 1.5859465 1.4679900 1.8219151 1.8891303 1.4044115 1.4756740 1.6037667 1.6981481 1.6068354 1.8950758 1.5921433 1.5990445 1.8493708 
Bralan_BLAG12000656_1                                  2.7059422 1.3244763 1.1093285 0.8665814 0.9684502 1.3318855 1.2466883 0.0000000 0.8239076 0.6943961 0.7287852 0.8290455 0.7201830 0.8495276 0.7625614 0.8290723 0.7496480 0.8504681 0.7737414 1.0224605 0.9568247 0.7547088 0.9543235 0.8626438 0.8908513 0.8903824 0.8658080 0.7460297 0.9404980 0.9104164 2.3712493 1.0410119 0.9759451 0.7935523 1.5292420 1.2021148 1.2286376 1.2448064 1.0984477 1.2465546 1.1094040 1.1094040 1.0377409 0.9109145 1.2176485 1.2916374 1.2228380 1.2228380 1.2763298 1.3394578 1.3394578 1.1452768 1.3576347 1.3576347 1.3259811 1.2040418 1.6071243 1.2826181 1.4447200 1.1991629 1.5597185 1.2525382 2.0339418 1.5455057 1.3001911 1.3966213 1.5110925 1.2718553 1.3643294 1.4722977 1.3795070 1.6954584 1.7370643 
Spur_XM_785778.5                                       2.8083241 1.4364017 1.1322148 1.1752148 1.0781466 1.2458597 1.1085607 0.8239076 0.0000000 0.6124422 0.8562466 0.7309661 0.9147080 0.8780302 0.8457107 1.0612512 1.0649284 1.1624762 0.9046539 1.0320497 1.0008894 0.7370688 0.9582679 0.8256912 0.9363582 0.9950575 0.8635112 0.8502806 0.9386266 1.0751443 2.9737208 1.1869629 1.2225080 0.7781489 1.3464437 1.4465428 1.1561898 1.1705066 1.0220384 1.2626222 1.4297906 1.4297906 1.0576870 1.0499724 1.2385944 1.2405938 1.2250889 1.2250889 1.2921868 1.4675972 1.4675972 1.1910934 1.2947410 1.2947410 1.1969836 1.1589657 1.5219122 1.1143393 1.4809418 1.0587924 1.1430511 1.1141855 1.6173784 1.4911501 1.3143642 1.3446381 1.4196055 1.1125131 1.4806842 1.6031344 1.6679659 1.7010681 2.0872796 
Skow_XM_002740622.2                                    2.8518145 1.2686127 1.1734062 0.9751678 0.9356441 1.3853322 1.1654551 0.6943961 0.6124422 0.0000000 0.6416153 0.7017121 0.7497773 0.8294457 1.0497789 1.0324901 1.0568691 1.0894617 0.8873623 1.0288068 0.9667276 0.8161861 1.0772820 0.9522865 0.9794684 0.9800214 0.8413545 0.7787437 0.9907717 1.0350139 3.0493848 0.8912325 1.0935889 0.7261533 1.5098184 1.1868861 1.0969606 1.1109076 0.9068357 1.0586010 1.2876111 1.2876111 1.1191821 1.0092473 1.3307724 1.3476132 1.3944231 1.3944231 1.4570828 1.4672429 1.4672429 1.1986128 1.3111415 1.3111415 1.2509977 1.2626619 1.4787814 1.2780779 1.4415686 1.3646988 1.6260450 1.3589436 1.8105709 1.6936755 1.3958074 1.3007265 1.4871711 1.4127924 1.5550864 1.6409608 1.5036511 1.3936301 2.2061771 
Acagra_model.g5990.t1                                  2.0507353 1.5231025 0.9622046 0.9583884 0.8643437 1.4418338 1.1536880 0.7287852 0.8562466 0.6416153 0.0000000 0.5219037 0.6873854 0.7970612 0.9741863 1.0364159 1.0195964 1.0527520 0.8874693 0.9406889 0.8786548 0.7164358 0.9836795 0.9809225 0.8936907 0.8906289 0.8586297 0.8004046 0.8681208 1.0300487 2.7064645 0.9979767 1.1505424 0.8433552 1.6322627 1.3074347 1.0066360 1.0201602 0.8517288 1.3311170 1.3572303 1.3572303 1.0509927 0.9258217 1.4772575 1.4801728 1.4463756 1.4463756 1.5374118 1.5341187 1.5341187 1.2496412 1.2022219 1.2022219 1.2612671 1.1596186 1.5756409 1.1153165 1.6107462 1.3565354 1.4708630 1.2876210 1.7037009 1.3420547 1.6061050 1.6271911 1.5548131 1.4219954 1.6613178 1.7524113 1.6604157 1.7788383 2.1288016 
Cgig_XM_011420357.3                                    2.1707957 1.3488221 1.0870557 1.0202825 0.8141826 1.2619643 1.1422723 0.8290455 0.7309661 0.7017121 0.5219037 0.0000000 0.7761093 0.7556670 0.8940008 0.8769515 0.8709292 0.8401737 0.8737236 0.8601459 0.8400301 0.6621551 0.8563662 0.7977089 0.8245576 0.8031352 0.7466153 0.7550797 0.8817295 0.9353953 2.5089571 0.9509987 1.0773895 0.6685466 1.2452823 1.3249377 0.9184662 0.9317303 0.7744291 1.0593109 1.2672070 1.2672070 0.9758603 0.8392366 1.1425487 1.1277682 1.1917190 1.1917190 1.3114367 1.3195022 1.3195022 1.1494750 1.0158501 1.0158501 1.0245590 0.9545783 1.4758650 1.1261400 1.6534938 1.3119671 1.2006746 1.0665191 1.7128877 1.4623975 1.3513233 1.3466423 1.3705301 1.3427896 1.4991452 1.6496512 1.4662296 1.5509337 1.8554613 
Ctel_gnl_WGS_AMQN_CAPTEDRAFT_mRNA179668                2.6923237 1.5524615 1.0389779 1.2194676 1.0161210 1.3482757 1.2836660 0.7201830 0.9147080 0.7497773 0.6873854 0.7761093 0.0000000 0.8400451 1.0626436 0.9167352 0.9674190 1.1260624 0.9637819 1.0570084 0.9629435 0.7442647 0.9318225 0.9242197 1.0141364 0.9130151 0.8814201 0.9852542 0.9395929 1.0139660 2.8077193 1.1156261 1.3758624 0.8656718 1.4767140 1.4382090 1.1140256 1.1290650 0.9297635 1.2623356 1.3752530 1.3752530 1.2749746 0.9793211 1.5016683 1.3581674 1.4759808 1.4759808 1.5020865 1.5742393 1.5742393 1.3637441 1.4310039 1.4310039 1.3595573 1.3378358 1.6779694 1.2039240 1.4917990 1.2563936 1.3315687 1.1086861 2.0055780 1.6427906 1.4454868 1.5657823 1.9468825 1.3992695 1.6209837 1.6998489 1.7446848 1.9160080 2.3868848 
Cscu_XM_023384426.1                                    1.8536945 1.4517836 1.0855467 1.0673565 0.9773989 1.2937919 1.3471266 0.8495276 0.8780302 0.8294457 0.7970612 0.7556670 0.8400451 0.0000000 0.8778923 1.0044832 0.9906832 0.8895766 1.0194543 0.9911514 0.9024360 0.7481851 0.9017265 0.8504127 0.9525367 0.9160355 0.9304076 0.8961635 0.8685236 0.8933307 2.5945429 1.3230542 1.4088303 0.8361364 1.2620675 1.3964011 1.0237588 1.0383131 0.8877003 1.0820970 1.2711938 1.2711938 1.0666900 1.0907349 1.1451429 1.1540098 1.1558184 1.1558184 1.3058823 1.3106905 1.3106905 1.1878907 1.1323290 1.1323290 1.1473884 1.1844169 1.5825855 1.2606228 1.6466670 1.0836064 1.3816598 1.2623416 2.0688888 1.6622583 1.2771973 1.3345492 1.6695834 1.4080973 1.5156822 1.7634218 1.7834654 1.7075212 2.2468267 
Morvir_scaffold12.g31.t1                               2.3721721 1.5215831 1.0532544 0.9297810 0.9539145 1.1619325 1.0254692 0.7625614 0.8457107 1.0497789 0.9741863 0.8940008 1.0626436 0.8778923 0.0000000 0.6315303 0.6812079 0.6737557 0.5332539 0.7867283 0.7220734 0.5584968 0.7321595 0.7225991 0.6886518 0.7738755 0.8761174 0.5604865 0.8174330 0.7879616 1.7726815 0.8149502 0.7294731 0.8738428 1.0645385 1.1001006 1.1492137 1.1643524 1.0523248 1.2349269 1.2154923 1.2154923 1.1391735 1.1445553 1.1503947 1.0928117 1.2046426 1.2046426 1.1593891 1.3423500 1.3423500 1.2422704 1.2353007 1.2353007 1.3052872 1.3663837 1.6698782 1.3252154 1.6753591 1.2903194 1.4571782 1.1674436 1.8612805 1.4546422 1.3131630 1.5230772 1.4838726 1.5280694 1.4058037 1.6956700 1.6766915 2.0718184 1.5288270 
Nemnom_g16739.t1                                       2.1021508 1.4492292 0.9486323 1.0395772 0.9154337 1.1548432 1.1205644 0.8290723 1.0612512 1.0324901 1.0364159 0.8769515 0.9167352 1.0044832 0.6315303 0.0000000 0.1357196 0.3352881 0.4440507 0.7002564 0.6815326 0.5309030 0.6617048 0.6445749 0.6397143 0.6797642 0.7365728 0.7079212 0.8494327 0.8010606 1.9330364 0.8066175 0.7996530 0.7597340 0.9417598 1.0722865 1.1582449 1.1738655 1.0291645 1.2989792 1.1661118 1.1661118 1.1089400 1.1818359 1.2545705 1.1271688 1.2604311 1.2604311 1.2946869 1.2089803 1.2089803 1.1791190 1.1555905 1.1555905 1.2365183 1.1998740 1.6718870 1.3312782 1.6730126 1.2384344 1.4652577 1.2008420 2.2085515 1.7134476 1.3201291 1.3340123 1.4141294 1.3258037 1.5775654 1.6775751 1.8233949 1.8405307 1.7226033 
Rhoesc_Res_005559-T1                                   2.1708731 1.4352082 0.9883314 0.9785895 0.9220442 1.1596954 1.0428303 0.7496480 1.0649284 1.0568691 1.0195964 0.8709292 0.9674190 0.9906832 0.6812079 0.1357196 0.0000000 0.3658524 0.3979346 0.7476660 0.7032164 0.5242339 0.7029209 0.6982084 0.6552472 0.6831152 0.7633241 0.7197462 0.8728646 0.8111221 1.8927575 0.8011049 0.7851619 0.7833794 0.8940550 1.0928168 1.1867243 1.2024942 1.0748613 1.3442793 1.1327673 1.1327673 1.0569887 1.1550412 1.2397951 1.0860552 1.2216168 1.2216168 1.3291383 1.2363584 1.2363584 1.2331654 1.2996709 1.2996709 1.3209846 1.2521418 1.6777191 1.3567051 1.7535286 1.2595739 1.4978508 1.1892076 2.2635485 1.7343759 1.3312536 1.3465277 1.3823799 1.3855301 1.5270307 1.6560376 1.7473466 1.7053515 1.7039450 
Aaur_scaffold58.g18.t1                                 2.3023681 1.5342859 1.0004449 0.9408643 0.9459325 1.0302451 1.0064297 0.8504681 1.1624762 1.0894617 1.0527520 0.8401737 1.1260624 0.8895766 0.6737557 0.3352881 0.3658524 0.0000000 0.4763416 0.7839117 0.7827417 0.5669496 0.7989798 0.7813996 0.7384028 0.7784644 0.8575246 0.6822704 0.9437915 0.9189853 2.4845988 0.7851025 0.7474824 0.9025468 1.0276421 0.9679882 1.2927532 1.3088776 1.1773375 1.2817641 1.1570354 1.1570354 1.1440961 1.1914943 1.1942806 1.0504529 1.2172613 1.2172613 1.2506195 1.3035473 1.3035473 1.2335582 1.2547766 1.2547766 1.3464117 1.2169872 1.7207810 1.4484846 1.6164185 1.2294162 1.5765898 1.3190184 2.2714955 1.7721729 1.5529242 1.3885206 1.5158932 1.5512562 1.6535888 1.9629593 1.8203778 1.9596860 1.6759079 
Sanmal_Sma_005582-T1                                   2.0729151 1.5213573 1.0584328 1.0308034 0.9139157 1.2208165 1.0342042 0.7737414 0.9046539 0.8873623 0.8874693 0.8737236 0.9637819 1.0194543 0.5332539 0.4440507 0.3979346 0.4763416 0.0000000 0.8388898 0.7441292 0.6182406 0.7331625 0.7025672 0.6942456 0.6898592 0.7913292 0.5844608 0.8767077 0.7767410 1.9657169 0.8610866 0.7999853 0.7297701 0.7738110 1.0886460 1.1029063 1.1184420 0.9903273 1.0339269 1.1356724 1.1356724 1.0760576 1.0092118 1.1086078 1.0431262 1.1332056 1.1332056 1.1785285 1.1429025 1.1429025 1.2142844 1.1803057 1.1803057 1.2191692 1.1958005 1.6483647 1.3170791 1.6025148 1.0693204 1.3786758 1.1581637 1.8961939 1.5006930 1.3108247 1.2297688 1.4742408 1.4605603 1.4265357 1.6217524 1.6012779 1.5546765 1.6461608 
Spis_XP_022788496_1                                    2.2885273 1.2364208 0.8774658 1.0137044 0.7696256 1.0467971 1.1039025 1.0224605 1.0320497 1.0288068 0.9406889 0.8601459 1.0570084 0.9911514 0.7867283 0.7002564 0.7476660 0.7839117 0.8388898 0.0000000 0.0884665 0.1778448 0.2361922 0.2302668 0.2059280 0.2256652 0.2204339 0.4134072 0.4825484 0.5568352 1.5218557 0.8737476 0.8785282 0.7674478 0.5960575 0.9799651 1.1348812 1.1498327 1.0527352 1.2724197 1.2510314 1.2510314 1.1675024 1.1362118 1.1323740 1.0497988 1.1447374 1.1447374 1.1599210 1.1302538 1.1302538 1.2118796 1.3533417 1.3533417 1.4042565 1.2995224 1.5228063 1.2069082 1.6923208 1.1781713 1.3616685 1.3995994 1.9056106 1.4707284 1.2957161 1.5562567 1.4839995 1.4862854 1.5674447 1.6550582 1.5441112 1.7789264 1.6496391 
Pocdam_XM_027184425.1                                  2.1069812 1.1478091 0.8537106 0.9432769 0.7024612 1.0653044 1.1352231 0.9568247 1.0008894 0.9667276 0.8786548 0.8400301 0.9629435 0.9024360 0.7220734 0.6815326 0.7032164 0.7827417 0.7441292 0.0884665 0.0000000 0.1390771 0.2053793 0.1838625 0.1718653 0.1778915 0.2065444 0.3773044 0.4604690 0.5419413 1.5135456 0.8516091 0.8400190 0.7035607 0.5621638 0.9487553 1.0477250 1.0619294 0.9599162 1.1838860 1.1375137 1.1375137 1.1894918 1.0551184 1.0556733 0.9514811 1.0506621 1.0506621 1.1030251 1.0725802 1.0725802 1.2407926 1.3340956 1.3340956 1.3487857 1.2716441 1.4520984 1.1875879 1.6729715 1.1026608 1.3541313 1.2948279 1.8262945 1.4240675 1.2443361 1.4296717 1.4758773 1.5149923 1.4768268 1.5495582 1.4387839 1.6578563 1.7766549 
Amil_Amillepora14731-RA                                1.5914777 1.0791945 0.7688073 0.8255790 0.5819510 0.8856629 0.9626316 0.7547088 0.7370688 0.8161861 0.7164358 0.6621551 0.7442647 0.7481851 0.5584968 0.5309030 0.5242339 0.5669496 0.6182406 0.1778448 0.1390771 0.0000000 0.0072017 0.0088030 0.1138805 0.1596027 0.1882602 0.3584604 0.3969720 0.4328694 1.3623213 0.7481049 0.7210144 0.5115488 0.4271701 0.9020788 0.8573997 0.8719544 0.7463447 0.8630024 0.9545645 0.9545645 0.8883401 0.7859440 0.9942487 0.8745039 0.9929801 0.9929801 1.0935360 0.9528098 0.9528098 1.0594688 1.1221518 1.1221518 1.1112606 1.0882325 1.2435808 0.9788672 1.2127568 0.8710152 1.0621916 1.0416936 1.6663317 1.2887934 1.0514569 1.1984521 1.3259079 1.3321130 1.2772830 1.4336099 1.2055082 1.4458432 1.6739150 
Adig_XM_015900540.1                                    1.9416210 1.2545284 0.9356113 1.0109890 0.6859769 1.0232197 1.0549939 0.9543235 0.9582679 1.0772820 0.9836795 0.8563662 0.9318225 0.9017265 0.7321595 0.6617048 0.7029209 0.7989798 0.7331625 0.2361922 0.2053793 0.0072017 0.0000000 0.0143800 0.1394079 0.2185490 0.2172361 0.4348526 0.4622954 0.4859643 1.2612287 0.7788586 0.7391149 0.6831990 0.5553729 0.9513389 1.0004020 1.0142062 0.9415214 1.0731236 1.1362311 1.1362311 1.0664348 1.0488602 1.1043540 1.0129967 1.1029683 1.1029683 1.1757576 1.0194649 1.0194649 1.1400911 1.3018384 1.3018384 1.2120687 1.2019217 1.4665310 1.0331330 1.5093776 0.9827172 1.2839885 1.2801059 1.7043345 1.4027464 1.2471031 1.3569016 1.4619735 1.4583061 1.4150444 1.5376399 1.5408858 1.5687676 1.8031030 
Adig_XM_015900541.1                                    1.9416210 1.2349342 0.9032616 0.9132855 0.6802114 0.9497761 0.9012850 0.8626438 0.8256912 0.9522865 0.9809225 0.7977089 0.9242197 0.8504127 0.7225991 0.6445749 0.6982084 0.7813996 0.7025672 0.2302668 0.1838625 0.0088030 0.0143800 0.0000000 0.1232017 0.2153699 0.2018550 0.4293650 0.4500977 0.4752316 1.2516488 0.7200337 0.6817392 0.6132341 0.5521048 0.7216905 0.9659782 0.9816380 0.9365334 1.0011002 1.1453330 1.1453330 1.0503980 1.1265873 1.1257359 1.0207408 1.1459541 1.1459541 1.2166793 1.0408223 1.0408223 1.1672399 1.2477725 1.2477725 1.1078615 1.1883311 1.4397984 1.0156484 1.5369297 0.9758349 1.3121773 1.2641792 1.5589900 1.1524164 1.0481520 1.3898713 1.3275984 1.3013041 1.2331580 1.3406751 1.4961690 1.5153019 1.6310312 
Gfas_gfas1.m1.6289.m1                                  2.0402653 1.2879409 0.9084415 0.9855163 0.6740490 1.0035517 1.0508321 0.8908513 0.9363582 0.9794684 0.8936907 0.8245576 1.0141364 0.9525367 0.6886518 0.6397143 0.6552472 0.7384028 0.6942456 0.2059280 0.1718653 0.1138805 0.1394079 0.1232017 0.0000000 0.1951679 0.1736612 0.3804029 0.4784245 0.5167602 1.2214909 0.7564866 0.7413808 0.6748233 0.5714862 0.8948296 1.0977857 1.0822939 1.0513584 1.0437429 1.1519941 1.1519941 1.0571335 1.0316209 1.0094665 0.9686818 1.0090454 1.0090454 1.0541431 0.9854360 0.9854360 1.1161208 1.2361025 1.2361025 1.1924423 1.1001573 1.3538151 1.0858862 1.4801739 0.9428804 1.2476664 1.2228924 1.7083710 1.3753181 1.2618361 1.3658223 1.3764091 1.4132238 1.4785812 1.5763773 1.5323038 1.6170952 1.6580601 
Gasp_gasp1.m3.23735.m1                                 1.8846192 1.1774709 0.8232222 0.9300304 0.7093983 1.0883695 1.1617369 0.8903824 0.9950575 0.9800214 0.8906289 0.8031352 0.9130151 0.9160355 0.7738755 0.6797642 0.6831152 0.7784644 0.6898592 0.2256652 0.1778915 0.1596027 0.2185490 0.2153699 0.1951679 0.0000000 0.1785236 0.4204301 0.4856419 0.5056400 1.3108021 0.9011367 0.7647596 0.7547391 0.5291734 0.9691761 1.0942664 1.1087407 1.0008851 1.1220704 1.0063535 1.0063535 1.0914234 1.0531791 1.0481804 0.9961017 1.0477864 1.0477864 1.1363309 1.1040285 1.1040285 1.2701528 1.3399396 1.3399396 1.3167297 1.2532748 1.5034882 1.1140988 1.5594094 1.0123601 1.3019866 1.2452529 1.7758722 1.4523140 1.2244546 1.4286257 1.5786774 1.4268926 1.5377899 1.5692983 1.5165005 1.6190927 1.8096751 
Fspp_ffun1.m4.1397.m1                                  5.4621696 0.9800027 1.0309946 1.0144134 0.7151171 1.0799794 1.1575628 0.8658080 0.8635112 0.8413545 0.8586297 0.7466153 0.8814201 0.9304076 0.8761174 0.7365728 0.7633241 0.8575246 0.7913292 0.2204339 0.2065444 0.1882602 0.2172361 0.2018550 0.1736612 0.1785236 0.0000000 0.4020801 0.5477261 0.6138203 3.3035715 0.7521719 0.9046527 0.7007603 0.6878378 1.1440531 1.2068227 1.2027642 1.1277902 1.3348261 1.1115730 1.1115730 0.9457646 0.9156711 1.1637964 1.1067723 1.1400411 1.1400411 1.2081652 1.1394127 1.1394127 1.2124276 1.2072412 1.2072412 1.2929388 1.2614513 1.5050199 1.0445940 1.5796889 1.0634585 1.3220171 1.2748803 1.6769630 1.2987671 1.1689056 1.6236739 1.5199102 1.3369934 1.4960863 1.6779176 1.5249620 1.6112069 1.8287732 
Nvec_v1g238072                                         1.7731833 1.2607739 0.8944765 0.8367060 0.7261527 1.1214834 1.0579168 0.7460297 0.8502806 0.7787437 0.8004046 0.7550797 0.9852542 0.8961635 0.5604865 0.7079212 0.7197462 0.6822704 0.5844608 0.4134072 0.3773044 0.3584604 0.4348526 0.4293650 0.3804029 0.4204301 0.4020801 0.0000000 0.4907986 0.4947295 1.3446063 0.8452452 0.8573882 0.6640443 0.5255429 0.9730023 1.0319264 1.0462397 0.9048443 1.0382591 1.1405434 1.1405434 1.0332840 1.0052166 1.0020183 0.9978520 1.0804437 1.0804437 1.0882621 1.0178038 1.0178038 1.0047013 1.1362039 1.1362039 1.1417010 1.0745901 1.1622217 1.0182400 1.3690607 0.9787509 1.1407251 1.1309830 1.7543435 1.4677918 1.0522277 1.2107195 1.2307315 1.4099667 1.4513696 1.5691380 1.5149389 1.5127484 1.3702239 
Dgig_XM_028543844.1                                    2.1929649 1.4496653 1.0111125 1.1322212 0.7907185 0.9878938 1.0261399 0.9404980 0.9386266 0.9907717 0.8681208 0.8817295 0.9395929 0.8685236 0.8174330 0.8494327 0.8728646 0.9437915 0.8767077 0.4825484 0.4604690 0.3969720 0.4622954 0.4500977 0.4784245 0.4856419 0.5477261 0.4907986 0.0000000 0.2530322 0.9172953 0.9683574 0.9357553 0.8043655 0.7585361 1.2303777 0.9663354 0.9800188 0.7933072 1.0254568 1.1776975 1.1776975 1.1668095 1.2527921 1.1894107 1.1528933 1.1555815 1.1555815 1.1851551 1.1749677 1.1749677 1.1018459 1.2873438 1.2873438 1.2390333 1.1917307 1.5040622 1.2340363 1.6035826 1.0486560 1.2873152 1.2710920 1.6570910 1.5180534 1.3181089 1.4242215 1.4753309 1.4756424 1.3276973 1.4048192 1.4788635 1.5246738 1.9885568 
Xesp_009484-T1                                         1.9548442 1.4213599 0.8929343 0.9443642 0.6703793 0.9323990 0.9557960 0.9104164 1.0751443 1.0350139 1.0300487 0.9353953 1.0139660 0.8933307 0.7879616 0.8010606 0.8111221 0.9189853 0.7767410 0.5568352 0.5419413 0.4328694 0.4859643 0.4752316 0.5167602 0.5056400 0.6138203 0.4947295 0.2530322 0.0000000 0.4388459 0.8891926 0.8635597 0.8797921 0.6912266 1.0610543 0.9725699 0.9863920 0.8511268 1.1141609 1.0164177 1.0164177 1.0850758 1.1646189 1.0305904 1.0095075 1.0366852 1.0366852 1.0042931 1.1435958 1.1435958 1.0293847 1.2626730 1.2626730 1.1701688 1.1524240 1.2247631 1.1072446 1.4814893 0.9651493 1.3336763 1.2546058 1.6132687 1.4327294 1.2533602 1.3746834 1.4375257 1.4494079 1.4062388 1.5181499 1.4952424 1.5431711 1.8318853 
Xesp_004085-T1                                         1.5120871 5.1287477 1.4363039 1.8426282 1.4714118 1.9303860 1.7731297 2.3712493 2.9737208 3.0493848 2.7064645 2.5089571 2.8077193 2.5945429 1.7726815 1.9330364 1.8927575 2.4845988 1.9657169 1.5218557 1.5135456 1.3623213 1.2612287 1.2516488 1.2214909 1.3108021 3.3035715 1.3446063 0.9172953 0.4388459 0.0000000 6.1302686 1.5955020 2.4433802 1.2638837 1.4968000 1.8980521 1.8980521 1.8201799 1.8349853 2.2269453 2.2269453 2.9239773 2.9409277 1.4996643 1.3921997 1.7796397 1.7796397 1.5281587 1.9290166 1.9290166 2.5306389 3.2335197 3.2335197 2.4124262 2.1226039 2.6632382 2.3706386 3.5518957 1.9430540 2.6506693 3.0520578 2.7584119 2.0359933 2.6323066 2.9506113 2.8529015 3.4628005 3.2628653 3.2855910 3.8218829 3.4433804 2.8818944 
Hvul_g31068_1                                          6.0050196 1.0206058 0.9450386 1.1124703 1.0430547 1.0660200 1.1471044 1.0410119 1.1869629 0.8912325 0.9979767 0.9509987 1.1156261 1.3230542 0.8149502 0.8066175 0.8011049 0.7851025 0.8610866 0.8737476 0.8516091 0.7481049 0.7788586 0.7200337 0.7564866 0.9011367 0.7521719 0.8452452 0.9683574 0.8891926 6.1302686 0.0000000 0.1368052 0.8155495 1.8490589 1.2264806 1.4372065 1.4677355 1.2576575 1.0330827 1.2476179 1.2476179 1.1738414 1.3295763 1.3407830 1.1464068 1.3764541 1.3764541 1.4029548 1.2831911 1.2831911 1.1793426 1.2303188 1.2303188 1.2390721 1.4445154 1.4201511 1.2270209 1.3728800 1.4321274 1.3759162 1.0990091 1.5807992 1.4426240 1.3484473 1.6594618 1.8180161 1.5244000 1.5221664 1.4619740 1.6727700 1.5418743 1.9932752 
Hvul_g31073_1                                          1.8195162 1.3896657 0.9112502 0.9980561 0.9937557 1.0943606 1.0992574 0.9759451 1.2225080 1.0935889 1.1505424 1.0773895 1.3758624 1.4088303 0.7294731 0.7996530 0.7851619 0.7474824 0.7999853 0.8785282 0.8400190 0.7210144 0.7391149 0.6817392 0.7413808 0.7647596 0.9046527 0.8573882 0.9357553 0.8635597 1.5955020 0.1368052 0.0000000 0.9256308 1.2621641 1.0897125 1.3856703 1.4067714 1.2259108 1.1098494 1.3010610 1.3010610 1.2965106 1.5009086 1.1776634 1.1280558 1.2797796 1.2797796 1.2388555 1.1717109 1.1717109 1.2505989 1.3452627 1.3452627 1.3321847 1.3814185 1.5551419 1.5022044 1.8043174 1.5013333 1.6751410 1.2620179 1.9554490 1.7116001 1.3310654 1.4575838 1.7287475 1.5319560 1.5532060 1.5977909 1.5122817 1.4779841 1.7745489 
Hsap_ENST00000292314                                   2.0381451 1.3404315 0.9518642 1.0089242 0.7792352 1.0209230 1.0256337 0.7935523 0.7781489 0.7261533 0.8433552 0.6685466 0.8656718 0.8361364 0.8738428 0.7597340 0.7833794 0.9025468 0.7297701 0.7674478 0.7035607 0.5115488 0.6831990 0.6132341 0.6748233 0.7547391 0.7007603 0.6640443 0.8043655 0.8797921 2.4433802 0.8155495 0.9256308 0.0000000 1.0106759 1.2014457 1.0910104 1.1049714 0.9775967 1.0818817 1.1105023 1.1105023 0.9931972 0.9547094 1.2611529 1.3936621 1.2171251 1.2171251 1.3152838 1.3236156 1.3236156 0.9711651 0.9636718 0.9636718 1.0298229 0.9967245 1.4185660 1.1272571 1.5285250 1.2193946 1.2767753 1.3776089 1.9018022 1.6245024 1.1321063 1.2792568 1.4430451 1.4333475 1.4318935 1.5823514 1.5654437 1.6464739 1.7754298 
Exapal_XM_021049797.1                                  1.4039304 3.3536511 1.3952302 1.3717409 1.3733185 1.6115064 1.6648865 1.5292420 1.3464437 1.5098184 1.6322627 1.2452823 1.4767140 1.2620675 1.0645385 0.9417598 0.8940550 1.0276421 0.7738110 0.5960575 0.5621638 0.4271701 0.5553729 0.5521048 0.5714862 0.5291734 0.6878378 0.5255429 0.7585361 0.6912266 1.2638837 1.8490589 1.2621641 1.0106759 0.0000000 1.4392539 1.8860771 1.9249660 1.8634797 1.3388539 1.4679881 1.4679881 1.7956175 1.8189836 2.0346991 2.1762365 1.9778527 1.9778527 1.9469458 1.5019366 1.5019366 1.5293345 1.7151719 1.7151719 1.4582495 1.3915302 2.2108772 2.1782514 2.2744672 1.5220091 2.1368504 1.5594087 2.5519190 1.8433050 1.5672083 2.1079408 2.1771923 2.2367194 1.8314074 2.0318690 2.2584623 2.6919926 1.8390330 
Xestes_maker-XT_scaffold2388-augustus-gene-0.58-mRNA-1 1.2285934 1.6130667 0.9230154 1.0644470 0.8514529 0.8596708 0.9213542 1.2021148 1.4465428 1.1868861 1.3074347 1.3249377 1.4382090 1.3964011 1.1001006 1.0722865 1.0928168 0.9679882 1.0886460 0.9799651 0.9487553 0.9020788 0.9513389 0.7216905 0.8948296 0.9691761 1.1440531 0.9730023 1.2303777 1.0610543 1.4968000 1.2264806 1.0897125 1.2014457 1.4392539 0.0000000 1.2339641 1.2549796 0.7715386 0.7271954 1.9171018 1.9171018 1.8196077 1.6226510 1.4154117 1.3964184 1.4867035 1.4867035 1.5285064 1.5941575 1.5941575 1.4553814 1.7451105 1.7451105 1.4967403 1.4660146 1.4022058 1.3493756 1.4186999 1.0873775 1.6595246 1.4534222 1.8182151 1.8088942 1.5013823 1.3241740 1.7735772 1.9319241 1.8960205 2.0127789 1.6376732 1.3862832 2.1285445 
Opea_EP00118_Oscarella_pearsei_P017879                 1.8209673 1.5737104 1.1159372 1.0274397 0.9222512 1.2556165 1.0373453 1.2286376 1.1561898 1.0969606 1.0066360 0.9184662 1.1140256 1.0237588 1.1492137 1.1582449 1.1867243 1.2927532 1.1029063 1.1348812 1.0477250 0.8573997 1.0004020 0.9659782 1.0977857 1.0942664 1.2068227 1.0319264 0.9663354 0.9725699 1.8980521 1.4372065 1.3856703 1.0910104 1.8860771 1.2339641 0.0000000 0.0060254 0.0000010 0.6577704 1.1868730 1.1868730 1.2730057 1.3702568 1.2669680 1.2213726 1.2631807 1.2631807 1.3050690 1.4380977 1.4380977 1.1653028 1.4909307 1.4909307 1.3758503 1.1390656 1.7751146 1.2705369 1.5483535 1.2381099 1.4462379 1.4207129 1.8320473 1.5094321 1.5721667 1.3247673 1.7078349 1.7038118 1.7310924 1.7951290 1.7545286 1.6088429 1.7014981 
Opea_EP00118_Oscarella_pearsei_P017882                 1.8618863 1.5958057 1.1332561 1.0416197 0.9353126 1.2344754 1.0200184 1.2448064 1.1705066 1.1109076 1.0201602 0.9317303 1.1290650 1.0383131 1.1643524 1.1738655 1.2024942 1.3088776 1.1184420 1.1498327 1.0619294 0.8719544 1.0142062 0.9816380 1.0822939 1.1087407 1.2027642 1.0462397 0.9800188 0.9863920 1.8980521 1.4677355 1.4067714 1.1049714 1.9249660 1.2549796 0.0060254 0.0000000 0.0075879 0.6715813 1.2082179 1.2082179 1.2902722 1.3887797 1.2799585 1.2366614 1.2761378 1.2761378 1.3182701 1.4520752 1.4520752 1.1489430 1.4866913 1.4866913 1.3573786 1.1224734 1.7498662 1.2445244 1.5239936 1.2126763 1.4194987 1.3985573 1.8261963 1.5036949 1.5920219 1.3035567 1.7294782 1.7240152 1.7492664 1.8133354 1.7771363 1.6033075 1.6963219 
Ocar_g8988                                             1.7936729 1.3752713 0.9038644 0.8320665 0.8247100 1.0018611 0.8480906 1.0984477 1.0220384 0.9068357 0.8517288 0.7744291 0.9297635 0.8877003 1.0523248 1.0291645 1.0748613 1.1773375 0.9903273 1.0527352 0.9599162 0.7463447 0.9415214 0.9365334 1.0513584 1.0008851 1.1277902 0.9048443 0.7933072 0.8511268 1.8201799 1.2576575 1.2259108 0.9775967 1.8634797 0.7715386 0.0000010 0.0075879 0.0000000 0.6046426 1.1010949 1.1010949 1.1508458 1.2726430 1.2030785 1.1339797 1.2274939 1.2274939 1.2591115 1.4475857 1.4475857 1.1476257 1.3368246 1.3368246 1.2129809 1.0569406 1.6531254 1.1254257 1.4981283 1.1584929 1.3235312 1.3084195 1.5292733 1.1481247 1.3513830 1.2404935 1.6806202 1.5592622 1.5175512 1.5458151 1.5382463 1.5473803 1.4738294 
Plajan_Pjan_scaffold17344_01                           1.4348428 1.7175595 1.0303447 0.9190467 0.8512204 1.2298486 1.0012545 1.2465546 1.2626222 1.0586010 1.3311170 1.0593109 1.2623356 1.0820970 1.2349269 1.2989792 1.3442793 1.2817641 1.0339269 1.2724197 1.1838860 0.8630024 1.0731236 1.0011002 1.0437429 1.1220704 1.3348261 1.0382591 1.0254568 1.1141609 1.8349853 1.0330827 1.1098494 1.0818817 1.3388539 0.7271954 0.6577704 0.6715813 0.6046426 0.0000000 1.3100887 1.3100887 1.4115874 1.3211696 1.2589173 1.4278021 1.2437874 1.2437874 1.2692756 1.2611438 1.2611438 1.0648501 1.2441350 1.2441350 1.0971194 1.0246287 1.4468158 1.2433015 1.3408095 1.1503330 1.2477582 1.1512212 1.6303489 1.2685357 0.9370472 1.4363544 1.3490401 1.4891952 1.5228012 1.5121495 1.6082879 1.3040822 1.3207547 
Horcal_Hcv1.av93.c8.g221.i1                            1.9876368 1.5053562 1.2190072 1.2172275 1.1418852 1.4530092 1.5418718 1.1094040 1.4297906 1.2876111 1.3572303 1.2672070 1.3752530 1.2711938 1.2154923 1.1661118 1.1327673 1.1570354 1.1356724 1.2510314 1.1375137 0.9545645 1.1362311 1.1453330 1.1519941 1.0063535 1.1115730 1.1405434 1.1776975 1.0164177 2.2269453 1.2476179 1.3010610 1.1105023 1.4679881 1.9171018 1.1868730 1.2082179 1.1010949 1.3100887 0.0000000 0.0000010 1.2108399 1.3719240 1.3050587 1.1980971 1.2642781 1.2642781 1.3458583 1.4280401 1.4280401 1.4048789 1.5745981 1.5745981 1.6582101 1.6377734 1.4719215 1.5908058 1.4912649 1.4162072 1.5593645 1.3645470 1.7516249 1.7106791 1.5131605 1.3278765 1.5765981 1.4985486 1.1564393 1.4079358 1.2301446 1.8205406 1.8696861 
Pbac_sb2642257                                         1.9876368 1.5053562 1.2190072 1.2172275 1.1418852 1.4530092 1.5418718 1.1094040 1.4297906 1.2876111 1.3572303 1.2672070 1.3752530 1.2711938 1.2154923 1.1661118 1.1327673 1.1570354 1.1356724 1.2510314 1.1375137 0.9545645 1.1362311 1.1453330 1.1519941 1.0063535 1.1115730 1.1405434 1.1776975 1.0164177 2.2269453 1.2476179 1.3010610 1.1105023 1.4679881 1.9171018 1.1868730 1.2082179 1.1010949 1.3100887 0.0000010 0.0000000 1.2108399 1.3719240 1.3050587 1.1980971 1.2642781 1.2642781 1.3458583 1.4280401 1.4280401 1.4048789 1.5745981 1.5745981 1.6582101 1.6377734 1.4719215 1.5908058 1.4912649 1.4162072 1.5593645 1.3645470 1.7516249 1.7106791 1.5131605 1.3278765 1.5765981 1.4985486 1.1564393 1.4079358 1.2301446 1.8205406 1.8696861 
Tcas_TC004360_001                                      2.9796809 1.8283970 1.4547753 1.1521921 1.1372427 1.6342568 1.4614108 1.0377409 1.0576870 1.1191821 1.0509927 0.9758603 1.2749746 1.0666900 1.1391735 1.1089400 1.0569887 1.1440961 1.0760576 1.1675024 1.1894918 0.8883401 1.0664348 1.0503980 1.0571335 1.0914234 0.9457646 1.0332840 1.1668095 1.0850758 2.9239773 1.1738414 1.2965106 0.9931972 1.7956175 1.8196077 1.2730057 1.2902722 1.1508458 1.4115874 1.2108399 1.2108399 0.0000000 1.2211116 1.4480937 1.5693297 1.4573148 1.4573148 1.5032877 1.5360887 1.5360887 1.5050528 1.5216779 1.5216779 1.4815041 1.4906636 1.9633878 1.5925835 2.1178771 1.4964594 1.7261889 1.5529548 2.4031292 2.0032263 1.7365102 1.6114849 1.5757722 1.5699381 1.6370019 1.9096973 1.4835768 1.9291483 2.0394869 
Dpul_mRNA28600                                         2.1953599 1.4616056 1.1553008 1.0235785 0.9183530 1.6340930 1.3527570 0.9109145 1.0499724 1.0092473 0.9258217 0.8392366 0.9793211 1.0907349 1.1445553 1.1818359 1.1550412 1.1914943 1.0092118 1.1362118 1.0551184 0.7859440 1.0488602 1.1265873 1.0316209 1.0531791 0.9156711 1.0052166 1.2527921 1.1646189 2.9409277 1.3295763 1.5009086 0.9547094 1.8189836 1.6226510 1.3702568 1.3887797 1.2726430 1.3211696 1.3719240 1.3719240 1.2211116 0.0000000 1.4042176 1.3996540 1.3807533 1.3807533 1.5257630 1.5976596 1.5976596 1.4467101 1.5337110 1.5337110 1.4409350 1.5447566 1.7296572 1.3578088 1.6192741 1.6130467 1.5702997 1.4837115 1.9185380 1.5327287 1.3511696 1.4848796 1.5089926 1.5960134 1.7030097 1.6545953 1.4361125 1.9365818 2.1289984 
HoiH23_PlH23_001047-RA                                 1.7317113 1.7618121 1.0437205 0.9608211 0.9578303 1.4329156 1.3367890 1.2176485 1.2385944 1.3307724 1.4772575 1.1425487 1.5016683 1.1451429 1.1503947 1.2545705 1.2397951 1.1942806 1.1086078 1.1323740 1.0556733 0.9942487 1.1043540 1.1257359 1.0094665 1.0481804 1.1637964 1.0020183 1.1894107 1.0305904 1.4996643 1.3407830 1.1776634 1.2611529 2.0346991 1.4154117 1.2669680 1.2799585 1.2030785 1.2589173 1.3050587 1.3050587 1.4480937 1.4042176 0.0000000 0.0479149 0.0931320 0.0931320 0.1601112 0.3352351 0.3352351 1.2081881 1.1828762 1.1828762 1.2056765 1.0437078 1.5447424 1.3935952 1.7619446 1.2855607 1.0854325 1.1474811 1.9480740 1.6002273 1.2390519 1.5069510 1.6510842 1.7548827 1.6129701 1.7312741 1.5024536 1.8649873 1.9355326 
HoiH06_mRNA3193                                        1.5386132 1.5522604 0.9747381 0.9582268 0.9939925 1.3459578 1.2467062 1.2916374 1.2405938 1.3476132 1.4801728 1.1277682 1.3581674 1.1540098 1.0928117 1.1271688 1.0860552 1.0504529 1.0431262 1.0497988 0.9514811 0.8745039 1.0129967 1.0207408 0.9686818 0.9961017 1.1067723 0.9978520 1.1528933 1.0095075 1.3921997 1.1464068 1.1280558 1.3936621 2.1762365 1.3964184 1.2213726 1.2366614 1.1339797 1.4278021 1.1980971 1.1980971 1.5693297 1.3996540 0.0479149 0.0000000 0.0992136 0.0992136 0.1866041 0.3245330 0.3245330 1.2137173 1.2255471 1.2255471 1.2949229 1.1409994 1.3677067 1.3807074 1.6703991 1.2805663 1.1283361 1.0987186 1.7093830 1.6530444 1.3023696 1.3912722 1.6976067 1.7981655 1.6520148 1.7046429 1.5445025 1.7156812 2.0521854 
Hhon_g01534.t1                                         1.9468231 1.7948567 1.1461559 1.0363658 1.0073538 1.4537343 1.3822033 1.2228380 1.2250889 1.3944231 1.4463756 1.1917190 1.4759808 1.1558184 1.2046426 1.2604311 1.2216168 1.2172613 1.1332056 1.1447374 1.0506621 0.9929801 1.1029683 1.1459541 1.0090454 1.0477864 1.1400411 1.0804437 1.1555815 1.0366852 1.7796397 1.3764541 1.2797796 1.2171251 1.9778527 1.4867035 1.2631807 1.2761378 1.2274939 1.2437874 1.2642781 1.2642781 1.4573148 1.3807533 0.0931320 0.0992136 0.0000000 0.0000010 0.1765934 0.3499189 0.3499189 1.1556342 1.1860371 1.1860371 1.2038101 1.0288863 1.5439129 1.3550253 1.7516870 1.2337898 1.0506266 1.1230248 1.9542690 1.5900918 1.2293713 1.5307551 1.7102211 1.6480101 1.6288292 1.7322173 1.4858096 1.8528917 1.9431941 
HoiH04_mRNA5199                                        1.9468231 1.7948567 1.1461559 1.0363658 1.0073538 1.4537343 1.3822033 1.2228380 1.2250889 1.3944231 1.4463756 1.1917190 1.4759808 1.1558184 1.2046426 1.2604311 1.2216168 1.2172613 1.1332056 1.1447374 1.0506621 0.9929801 1.1029683 1.1459541 1.0090454 1.0477864 1.1400411 1.0804437 1.1555815 1.0366852 1.7796397 1.3764541 1.2797796 1.2171251 1.9778527 1.4867035 1.2631807 1.2761378 1.2274939 1.2437874 1.2642781 1.2642781 1.4573148 1.3807533 0.0931320 0.0992136 0.0000010 0.0000000 0.1765934 0.3499189 0.3499189 1.1556342 1.1860371 1.1860371 1.2038101 1.0288863 1.5439129 1.3550253 1.7516870 1.2337898 1.0506266 1.1230248 1.9542690 1.5900918 1.2293713 1.5307551 1.7102211 1.6480101 1.6288292 1.7322173 1.4858096 1.8528917 1.9431941 
HoiH11_mRNA2292                                        1.9462431 1.9203543 1.1318728 1.0219674 1.0118726 1.4420102 1.4312654 1.2763298 1.2921868 1.4570828 1.5374118 1.3114367 1.5020865 1.3058823 1.1593891 1.2946869 1.3291383 1.2506195 1.1785285 1.1599210 1.1030251 1.0935360 1.1757576 1.2166793 1.0541431 1.1363309 1.2081652 1.0882621 1.1851551 1.0042931 1.5281587 1.4029548 1.2388555 1.3152838 1.9469458 1.5285064 1.3050690 1.3182701 1.2591115 1.2692756 1.3458583 1.3458583 1.5032877 1.5257630 0.1601112 0.1866041 0.1765934 0.1765934 0.0000000 0.3266311 0.3266311 1.2344884 1.1965422 1.1965422 1.3071181 1.0995934 1.7030487 1.5199241 1.8103512 1.2966423 1.1735254 1.1371680 1.9750953 1.6032587 1.3671603 1.7102963 1.7458218 1.8177010 1.7530718 1.8757079 1.6277706 2.2337679 2.0309550 
TrH2_TrispH2_002306-RA                                 1.7710957 2.0171687 1.1060835 1.0763224 0.9961531 1.4987088 1.4818305 1.3394578 1.4675972 1.4672429 1.5341187 1.3195022 1.5742393 1.3106905 1.3423500 1.2089803 1.2363584 1.3035473 1.1429025 1.1302538 1.0725802 0.9528098 1.0194649 1.0408223 0.9854360 1.1040285 1.1394127 1.0178038 1.1749677 1.1435958 1.9290166 1.2831911 1.1717109 1.3236156 1.5019366 1.5941575 1.4380977 1.4520752 1.4475857 1.2611438 1.4280401 1.4280401 1.5360887 1.5976596 0.3352351 0.3245330 0.3499189 0.3499189 0.3266311 0.0000000 0.0000010 1.3555388 1.3526342 1.3526342 1.3962793 1.2686824 1.5680058 1.3881754 1.7597905 1.2546151 1.3300658 1.3245928 2.3996611 1.7657444 1.4710105 1.6591210 1.8057648 2.0666303 1.7810117 2.0036350 1.6423292 1.9258997 2.1067860 
