82
Gasp_gasp1.m3.31911.m1                                 0.0000000 0.1859644 0.1944704 0.8829381 0.2555428 0.3427662 0.4161281 0.7205117 0.8445187 0.8756276 0.9349096 1.1500757 0.9242088 0.9421556 0.9834994 1.0413625 1.0014210 1.0014210 1.2195600 1.0283705 1.0643401 1.0849935 1.0425485 1.0496685 1.3986180 1.2605073 8.9999988 8.9999988 1.4778472 1.4778472 0.0000010 0.0000010 1.3548998 1.5555843 1.7593652 1.5799354 1.1374678 1.2905145 1.0667037 1.3595012 1.9419444 2.5539109 2.5539109 1.8552125 1.7442168 1.5904270 1.6581979 1.9231813 3.0585384 1.7714307 1.7714307 1.4450670 1.4819236 1.6074779 1.7413902 1.3682634 1.4689352 1.4544436 1.4357485 1.5800382 1.3712425 1.3153438 1.4864561 2.0392243 1.6096938 1.4510261 2.0469459 2.0145435 2.1423554 2.3163069 2.2917586 2.4131778 2.2328676 2.9718023 3.0242052 2.6057482 2.8868324 2.9448104 4.5848464 1.7660130 2.0715240 4.7760604 
Fspp_ffun1.m4.4822.m1                                  0.1859644 0.0000000 0.2695815 0.3592541 0.3365177 0.4879765 0.4297395 0.9869039 0.8757496 0.8461873 1.2124818 1.5016834 0.8803042 1.0200366 1.3165280 1.4393610 1.4815691 1.3468409 1.4388231 1.4249527 1.4353543 1.4340994 1.4177552 1.2479705 1.4067356 1.4620798 2.6884777 2.7537099 1.9706847 1.9783587 3.2413475 2.6207438 1.3616864 1.5191023 1.8125875 1.3878377 1.4590899 1.4565897 1.3809311 1.9357861 2.4040486 4.1255040 4.1255040 2.1124005 2.0136638 2.5883034 2.1498548 2.3608243 2.6931536 1.9051704 2.1193118 2.0483116 1.5169582 1.5987204 1.7750279 2.3570055 1.7383408 2.1776565 2.2031013 2.2025676 2.2151990 2.3040317 2.3408208 2.4706257 2.3771827 2.3692447 2.6128053 2.4783199 2.5769989 2.2748642 2.5739689 2.6201942 2.5772175 3.3651832 2.6547483 2.8677618 2.2426041 2.5951532 2.8890325 2.5037098 2.1651237 3.9378422 
Spis_XP_022793154_1                                    0.1944704 0.2695815 0.0000000 0.1782792 0.3231894 0.5082704 0.4527908 0.9457963 0.8795803 0.8094098 1.2147576 1.4903463 0.9782450 0.9803937 1.2787689 1.3679971 1.3810572 1.2634917 1.4552092 1.3603506 1.4273190 1.4243450 1.4074520 1.2586454 1.3653591 1.3967906 2.4100917 2.5154945 1.8568859 1.8459721 2.5856250 2.0442851 1.2265673 1.5722108 1.8311548 1.2569234 1.4532532 1.4499173 1.3746601 1.8665194 2.4952794 3.9436979 3.9436979 2.1727855 1.9356303 2.4982682 2.1691190 2.1845010 2.5106212 1.8324135 1.9825211 1.9998357 1.5085824 1.5152435 1.7007451 2.3847777 1.7652446 2.1132097 2.2283753 2.1778876 2.0998575 2.1723915 2.2795379 2.4129599 2.3892177 2.3239269 2.5361505 2.4268516 2.6027892 2.3162942 2.5669735 2.6677798 2.5096808 3.2283336 2.6974161 2.6323938 2.2817581 2.5043599 2.7933037 2.4312415 2.2056666 3.8914021 
Pocdam_XM_027193496.1                                  0.8829381 0.3592541 0.1782792 0.0000000 0.4313728 0.6347010 0.5119409 1.1366557 0.9177873 0.9216135 1.4030055 1.6598210 1.3508031 1.1428505 1.4447584 1.5538125 1.5776531 1.4523976 1.5373290 1.5842518 1.5456259 1.5480473 1.5544199 1.3891941 1.4572434 1.5469337 2.3506092 2.4470857 1.9976088 1.9759812 2.4850252 2.0599406 2.9156122 1.6442128 1.9528550 1.0662541 1.6021839 1.5756247 1.5077778 2.1734348 2.7135416 4.1203795 4.1203795 2.6466266 2.0923567 3.0067080 2.7952523 2.4582158 2.6566156 2.0138491 2.7591569 2.3487550 1.5837134 1.6507075 1.8479266 2.8251139 2.0284883 2.4699389 2.5965549 2.5019604 2.4956090 2.6069503 2.6880081 2.7280740 2.6667038 2.6501785 2.7980305 2.6279929 2.6961196 2.6176661 2.7321233 2.7283688 2.7255479 3.7006076 2.6522310 3.2708516 2.1282822 2.2444638 2.6721524 2.6264434 2.3200674 3.9725278 
Gfas_gfas1.m1.17635.m1                                 0.2555428 0.3365177 0.3231894 0.4313728 0.0000000 0.4208830 0.3534072 0.9508891 0.8722405 0.8278549 1.1984071 1.4427802 1.0266810 1.0342147 1.3016090 1.3777800 1.3513640 1.2960570 1.4021311 1.3118187 1.3705561 1.3573443 1.3478580 1.2765777 1.3814514 1.4173125 2.5823318 2.5583484 1.8159669 1.8300485 3.8034381 3.2518387 1.3238417 1.5610257 1.7200543 1.2079782 1.4108710 1.3953139 1.3330807 1.8488076 2.2724497 4.2154426 4.2154426 2.0666787 1.9298749 2.4780008 2.0219564 2.1584831 2.4632438 1.7824411 2.0514065 1.8865989 1.4922705 1.4820953 1.7156833 2.2385898 1.7332238 2.2325670 2.3003321 2.2358264 2.0770014 2.0404073 2.2252797 2.3569902 2.1932569 2.1505275 2.5961978 2.4519425 2.6525854 2.3579901 2.6159894 2.6382166 2.5356948 3.3787717 2.7278237 2.8338160 2.2037160 2.5255165 2.7016609 2.2821292 2.1588608 4.3853174 
Amil_Amillepora26982-RA                                0.3427662 0.4879765 0.5082704 0.6347010 0.4208830 0.0000000 0.0896518 1.1385251 1.0275749 1.0458702 1.3924719 1.6593427 1.1320769 1.1779029 1.4795947 1.5372450 1.5803543 1.4121073 1.5648172 1.5750364 1.7014371 1.7082010 1.6988549 1.5367560 1.5707839 1.6592266 2.7513440 2.8548751 2.0501050 2.0485939 2.8189545 2.4852445 1.3757525 1.8722434 2.2170996 1.1501695 1.6187980 1.5739463 1.4811366 2.0527846 2.8776755 4.0042181 4.0042181 2.4079345 2.2056407 2.3735393 2.2246780 2.5067988 2.9185205 2.1530634 2.1740012 2.2892109 1.6643202 1.7722526 2.0123669 2.5591290 1.9922966 2.4509494 2.5450462 2.4815184 2.3375073 2.4202001 2.7166313 2.7619659 2.6520994 2.4345761 2.8096533 2.6282973 2.7677858 2.5336679 2.8965091 2.9697948 2.7914460 3.1396215 2.9069536 2.6596140 2.5142593 2.8299043 2.9934820 3.0773497 2.4116820 3.7191931 
Adig_XM_015906531.1                                    0.4161281 0.4297395 0.4527908 0.5119409 0.3534072 0.0896518 0.0000000 1.0266231 0.9197840 0.8424503 1.2314426 1.4283815 1.0868071 1.0463337 1.3806685 1.4198239 1.4678056 1.2897815 1.4863160 1.4106522 1.4852383 1.4847633 1.4877107 1.2971127 1.4179130 1.4866709 2.5824721 2.6616635 1.8969665 1.9021951 2.8885183 2.5533993 1.5071653 1.5823063 1.8358781 1.1501695 1.4246442 1.4138466 1.3116527 2.2132039 2.5442330 4.0084012 4.0084012 2.0041484 1.8869997 2.3735393 2.2101064 2.2571312 2.5788849 1.8756644 2.1373856 1.9916128 1.4944356 1.6177495 1.7352385 2.3804454 1.8805362 2.3407460 2.4146101 2.3403657 2.1983293 2.2570541 2.4583754 2.5583136 2.4497755 2.2888373 2.5910060 2.4579004 2.5354354 2.3591236 2.6106440 2.6620540 2.5885621 3.3655269 2.7159589 2.8621187 2.2178838 2.5413553 2.6951165 2.4919790 2.2169585 3.9184659 
Dgig_XM_028547276.1                                    0.7205117 0.9869039 0.9457963 1.1366557 0.9508891 1.1385251 1.0266231 0.0000000 1.0611874 1.0958855 1.2633235 1.3324549 0.8822549 0.4833984 1.4103515 1.2951376 1.2738096 1.1916558 1.3906494 1.3732358 1.5350370 1.5290452 1.5375692 1.3784275 1.3012300 1.5900954 2.8168322 2.8885258 1.9850257 1.9938462 4.1489567 2.9908362 1.5183267 1.6457153 1.9098006 1.0801686 1.5221467 1.4462121 1.3752998 1.8712301 2.7286998 4.2579347 4.2579347 2.5530994 2.0884029 2.3980936 2.2164628 2.1286221 2.4182601 1.8226243 2.0363167 2.0556900 1.5287641 1.5920082 1.7532331 2.3559662 1.8220890 2.3666608 2.4359745 2.3481374 2.2923302 2.2442442 2.3656888 2.5003784 2.4739232 2.4252432 2.6030688 2.5671864 2.7021764 2.2328312 2.5460421 2.6759485 2.7117258 3.0370074 2.6753228 2.5913583 2.3314757 2.6731463 2.8055081 2.5635484 2.1588715 3.7075019 
Exapal_XM_021047008.2                                  0.8445187 0.8757496 0.8795803 0.9177873 0.8722405 1.0275749 0.9197840 1.0611874 0.0000000 0.7476214 1.3663785 1.4814040 1.0265332 1.0763450 1.4230089 1.4279592 1.5607548 1.4055254 1.4444639 1.4122428 1.4882552 1.4680837 1.4870783 1.3954975 1.4628077 1.4541539 2.7817167 2.8700353 2.0885980 2.0896492 3.4873182 2.9468436 1.5620939 1.6068626 1.8128177 1.4936061 1.5632249 1.5295646 1.4190318 2.2073915 2.4754524 3.7041489 3.7041489 2.1479068 1.9441505 2.5946112 1.9686886 2.0372975 2.4251168 1.7569535 1.9715871 1.9327294 1.4730529 1.5708565 1.7437440 2.4805274 1.8785840 2.3958365 2.5775166 2.4214586 2.2074105 2.4257177 2.6199713 2.4967250 2.4644108 2.3991144 2.6802839 2.5746012 2.6324490 2.2278427 2.6892553 2.6691482 2.4709188 2.8562902 2.5129032 2.7170709 2.3595253 2.5183902 2.7937679 2.5096234 2.1956776 4.0510384 
Nvec_v1g20744                                          0.8756276 0.8461873 0.8094098 0.9216135 0.8278549 1.0458702 0.8424503 1.0958855 0.7476214 0.0000000 1.2778154 1.5303012 1.2193025 0.9972017 1.5087456 1.3856364 1.4868142 1.4115123 1.5184017 1.3532153 1.4433947 1.4452920 1.4407880 1.3236485 1.4493216 1.3672746 2.7831445 2.7746803 2.1057364 2.1124566 7.0673069 3.5527195 1.5633712 1.6145429 1.8318101 2.2647861 1.5884261 1.4359778 1.3406678 2.3557473 2.4074147 3.8249283 3.8249283 2.1768616 1.9002109 1.3994336 1.7969241 2.1720123 2.5222513 1.8246302 2.2062313 1.9281759 1.6561189 1.5098523 1.6724228 2.4196690 1.8797294 2.2657293 2.3588035 2.2854494 2.3756302 2.4092420 2.4417175 2.4035951 2.5595952 2.4005263 2.4153275 2.6633144 2.6189254 2.3113862 2.7012874 2.7898240 2.5860191 2.7809216 2.6014304 2.7044396 2.2556271 2.5180427 2.6859789 2.5518638 2.3895907 3.8511192 
Bralan_BLAG04000132_1                                  0.9349096 1.2124818 1.2147576 1.4030055 1.1984071 1.3924719 1.2314426 1.2633235 1.3663785 1.2778154 0.0000000 1.4168098 1.1857737 1.1129884 1.1332053 1.0425687 1.0940772 0.9584109 1.1765126 1.2193562 1.4550077 1.4537847 1.4325976 1.3062635 1.1636083 1.5914693 2.5422589 2.4799911 1.9081297 1.9505953 4.2815006 3.3992888 1.4415660 1.5238166 1.8301413 1.1975633 1.6373148 1.5897810 1.5218263 2.3733688 2.3581658 4.0497018 4.0497018 2.2173421 2.0021676 2.3639894 2.0718963 2.0831512 2.4021693 1.7216126 1.8856952 1.9941444 1.5962996 1.6646252 1.8254373 2.4262847 1.9232702 2.4715049 2.4319577 2.4009935 2.3688114 2.2811646 2.5996241 2.5656982 2.5590283 2.5621446 2.5612772 2.6547411 2.8147786 2.2636018 2.5991031 2.7335452 2.6679347 3.2173652 2.6579620 2.7679949 2.3333867 2.5823743 2.7876090 2.6929446 2.1380540 4.2623926 
Cscu_XM_023379355.1                                    1.1500757 1.5016834 1.4903463 1.6598210 1.4427802 1.6593427 1.4283815 1.3324549 1.4814040 1.5303012 1.4168098 0.0000000 0.0513976 1.4033664 1.3839234 1.4680771 1.3843034 1.3023785 1.4115130 1.4891535 1.8942228 1.9087880 1.8597586 1.7841235 1.4645333 1.6925988 3.1793353 3.2320326 2.2962423 2.3014609 4.5345384 2.4971401 1.6960556 1.7491539 1.9109688 1.7159031 1.9908315 1.8146195 1.7041865 2.4648326 2.5418808 4.3071465 4.3071465 2.3578261 2.1574533 2.3153111 1.9774256 2.3284770 2.6982432 1.9673814 2.1860875 2.2205436 1.6286626 1.9472245 2.1624605 2.5827417 2.1742716 2.5790495 2.7218989 2.6758296 2.5796520 2.6361759 2.8739483 2.7199984 2.7450168 2.6234395 2.9056587 3.0226784 3.0429070 2.5081789 2.9596100 2.9936793 2.9826141 3.4726351 2.8617286 2.7472872 2.3912671 2.6752827 3.0621333 2.7531588 2.1101840 3.9080544 
Cscu_XM_023379483.1                                    0.9242088 0.8803042 0.9782450 1.3508031 1.0266810 1.1320769 1.0868071 0.8822549 1.0265332 1.2193025 1.1857737 0.0513976 0.0000000 0.8856212 1.2120061 1.1525851 1.2589049 1.2589049 1.0767645 1.2507350 1.3330657 1.3673993 1.3089804 1.3089804 1.3591196 1.5275483 2.2057656 2.2057656 1.9463627 1.9463627 0.0000010 0.0000010 1.2944996 1.7396270 2.3948125 3.1081571 1.6283791 1.6542266 1.6169812 1.4799127 1.7970498 1.5954156 1.5954156 1.5222373 1.5492640 1.1789489 1.2003690 2.2741337 3.4979265 1.9761506 1.8561779 1.6804730 1.2487532 1.9515007 1.9598919 2.8996802 2.2710131 3.1247027 2.6106314 3.4661897 2.4268360 2.5647664 3.2269277 2.7174582 3.2797767 2.2454620 2.7803779 2.5599604 2.8861562 2.3608955 2.8659467 2.7660916 4.1938120 2.6811473 2.8335992 2.1993177 2.9448180 2.2992664 4.4943013 1.8523938 2.9714729 5.4700141 
Xesp_022087-T1                                         0.9421556 1.0200366 0.9803937 1.1428505 1.0342147 1.1779029 1.0463337 0.4833984 1.0763450 0.9972017 1.1129884 1.4033664 0.8856212 0.0000000 1.3568245 1.3199765 1.2425830 1.1788323 1.4771608 1.2436464 1.4178919 1.4081854 1.3999119 1.3834218 1.5236930 1.6526146 2.6393229 2.6393229 1.8139536 1.8139536 9.0000000 7.7591938 1.4801416 1.5797601 1.6909203 1.3115802 1.4284300 1.3713646 1.2384838 1.8940953 2.4266285 4.6993900 4.6993900 2.5645760 2.1480591 2.4768217 2.3238017 1.9586010 2.2538685 1.7847043 2.0048416 1.8576381 1.5284091 1.5275761 1.7459623 2.3411407 2.0334630 2.2137293 2.2295370 2.2243477 2.2491221 2.2180366 2.2533775 2.4047915 2.4450642 2.3690426 2.4183023 2.3836259 2.5013798 2.1639269 2.5298411 2.4666101 2.5502939 3.3820675 2.7036925 2.6598182 2.5010414 2.7146372 2.8149349 2.4091724 2.0211518 4.5258729 
Spur_XM_030999811.1                                    0.9834994 1.3165280 1.2787689 1.4447584 1.3016090 1.4795947 1.3806685 1.4103515 1.4230089 1.5087456 1.1332053 1.3839234 1.2120061 1.3568245 0.0000000 1.1395112 1.1984660 1.0860446 1.2778381 1.3489148 1.7030297 1.7026048 1.6173755 1.5157369 1.3593934 1.7969199 2.8309227 2.8160117 2.0991811 2.1301619 4.4861658 3.9359309 1.5246006 1.6624846 1.9502705 1.4495959 1.8706334 1.7673402 1.6406784 2.3373307 2.4403987 3.5861530 3.5861530 2.0490490 1.9358400 2.0195645 1.9194604 2.1762572 2.5020938 1.8108950 1.9598397 2.2043699 1.5691922 1.7868304 2.0370031 2.4985427 2.1337520 2.3311009 2.5529758 2.4574444 2.2916608 2.4562369 2.5662499 2.5386732 2.6837312 2.5406858 2.4442155 2.5510196 2.5948877 2.3745153 2.5232673 2.4297809 2.8030851 3.1503844 2.6768718 2.4033951 2.2215144 2.5813063 2.8368388 2.7600421 2.1710284 4.1571255 
Skow_XM_006818495.1                                    1.0413625 1.4393610 1.3679971 1.5538125 1.3777800 1.5372450 1.4198239 1.2951376 1.4279592 1.3856364 1.0425687 1.4680771 1.1525851 1.3199765 1.1395112 0.0000000 1.1645963 1.0838796 1.2397681 1.2691607 1.5726778 1.5746958 1.5971154 1.4522952 1.3029256 1.7092049 2.5290937 2.5391695 2.0925607 2.1068896 3.4217497 2.7903708 1.6774596 1.7153052 1.9871573 1.3842886 1.7635697 1.6732290 1.5352815 2.3311647 2.4953760 3.9327487 3.9327487 2.5320097 2.0831514 2.4099641 2.3707266 2.3313906 2.7174675 1.9532677 2.3258187 2.1219894 1.6207714 1.6929224 1.9378917 2.3592162 1.9019837 2.3965543 2.4335676 2.4266123 2.4414809 2.4556445 2.5427332 2.6164160 2.5850660 2.4573955 2.5839400 2.6553726 2.6413387 2.3120338 2.5583432 2.7567352 2.7586386 3.1426424 2.6144809 2.7385806 2.3163090 2.8370514 2.8425862 2.7711972 2.2050707 3.9474370 
Acagra_model.g15340.t1                                 1.0014210 1.4815691 1.3810572 1.5776531 1.3513640 1.5803543 1.4678056 1.2738096 1.5607548 1.4868142 1.0940772 1.3843034 1.2589049 1.2425830 1.1984660 1.1645963 0.0000000 0.0023959 0.9046050 1.2559449 1.6039066 1.6270730 1.6179809 1.4646649 1.1550564 1.6479497 2.5132035 2.5238779 1.9811263 1.9979446 4.0516020 2.6716774 1.6693957 1.6291339 1.8904226 1.3422496 1.7447424 1.6634535 1.6339436 2.2447002 2.4783315 3.9036277 3.9036277 2.3162650 2.0023657 2.6179553 2.2156536 2.3264791 2.5697639 1.8408128 1.9793051 1.9844350 1.5725499 1.8656186 1.9600168 2.4533271 1.9173732 2.4947547 2.4590028 2.4111439 2.4070808 2.4368001 2.4629766 2.5865103 2.5877846 2.6807666 2.7709734 2.5694793 2.6654718 2.2201828 2.6530439 2.6847039 2.7410800 2.7975508 2.5520837 2.5251522 2.1954231 2.3738033 2.6659784 2.8811362 2.2146271 3.9724049 
Acagra_model.g15340.t1.1.5d400c48                      1.0014210 1.3468409 1.2634917 1.4523976 1.2960570 1.4121073 1.2897815 1.1916558 1.4055254 1.4115123 0.9584109 1.3023785 1.2589049 1.1788323 1.0860446 1.0838796 0.0023959 0.0000000 0.8561944 1.1495957 1.4524749 1.4699096 1.4740575 1.4430131 1.1377358 1.6479497 2.2269768 2.2174443 1.8379596 1.8413246 9.0000000 1.2031400 1.6693957 1.6291339 1.7031982 1.3422496 1.6013653 1.5550497 1.4644915 2.0937456 2.2269145 3.8572411 3.8572411 2.3162650 2.0023657 2.6179553 2.2156536 2.1084612 2.3192582 1.7750959 1.9793051 1.7845122 1.4804647 1.7308986 1.8179893 2.3115762 1.9173732 2.2844887 2.2375316 2.2028301 2.2567457 2.2502623 2.2715787 2.4000688 2.4652450 2.4756470 2.6146184 2.4057344 2.5666159 2.2201828 2.6052168 2.5566317 2.6029203 2.7975508 2.4112406 2.5251522 2.2137919 2.3738033 2.3936090 2.6193973 2.1302555 4.2982822 
Cgig_XM_011418311.3                                    1.2195600 1.4388231 1.4552092 1.5373290 1.4021311 1.5648172 1.4863160 1.3906494 1.4444639 1.5184017 1.1765126 1.4115130 1.0767645 1.4771608 1.2778381 1.2397681 0.9046050 0.8561944 0.0000000 1.2738546 1.7442546 1.7542468 1.7101624 1.5558899 1.2762625 1.6993657 2.5357716 2.6144949 2.1008882 2.0874423 3.1502529 2.1728335 1.7383258 1.6318836 1.8083186 1.5621133 1.7659407 1.6627765 1.6178602 2.1939341 2.3612335 3.9850520 3.9850520 2.3085946 2.0680291 2.3292368 2.0638070 2.1296178 2.3850484 1.8403345 1.9992363 2.0620204 1.7004086 1.9664538 1.9061606 2.4906313 2.2889234 2.5273450 2.6200234 2.6072715 2.5451330 2.6198298 2.6540829 2.7483208 2.6854616 2.5688422 2.6494786 2.5681962 2.7963219 2.5068481 2.8222197 2.7002228 2.8543665 3.1955989 2.7497834 2.7894209 2.3665518 2.5777623 2.7484237 2.6377411 2.1907563 3.7672566 
Hsap_ENST00000360586                                   1.0283705 1.4249527 1.3603506 1.5842518 1.3118187 1.5750364 1.4106522 1.3732358 1.4122428 1.3532153 1.2193562 1.4891535 1.2507350 1.2436464 1.3489148 1.2691607 1.2559449 1.1495957 1.2738546 0.0000000 1.6365879 1.6150050 1.5701718 1.4102683 1.3337528 1.5101873 2.7661108 2.7454559 1.9757415 2.0095121 3.8386903 3.1103991 1.1470186 1.6705752 1.8264878 1.4920400 1.7360673 1.7263323 1.6011468 2.4559793 2.4323798 4.1259896 4.1259896 2.2925906 1.9910545 2.3209391 2.1195942 2.2130802 2.5213903 1.8013966 2.0176681 2.0591415 1.6251157 1.8789791 1.8533246 2.5226490 2.0024418 2.4874629 2.5035333 2.4607443 2.4574812 2.4952380 2.5705705 2.7074029 2.7494897 2.5229685 2.7307419 2.6923882 2.6826020 2.0994460 2.4979826 2.5994323 2.7264153 3.2274628 2.7478828 3.0715027 2.2763879 2.4986379 2.9993623 2.7016167 2.1942017 3.8700563 
HoiH23_PlH23_006522-RA                                 1.0643401 1.4353543 1.4273190 1.5456259 1.3705561 1.7014371 1.4852383 1.5350370 1.4882552 1.4433947 1.4550077 1.8942228 1.3330657 1.4178919 1.7030297 1.5726778 1.6039066 1.4524749 1.7442546 1.6365879 0.0000000 0.0533001 0.2939017 0.3072889 1.5649867 1.6071309 2.7426359 2.7175681 2.0220984 2.0370216 6.4505372 5.9887282 1.5181669 1.6872782 1.9178540 1.6430476 1.7898499 1.7758436 1.6651090 2.1894589 2.5381163 4.5396209 4.5396209 2.3581046 1.9772121 2.5804974 2.1156274 2.2584830 2.6072183 1.9062095 2.2210848 2.1490995 1.6826346 1.9764081 2.0015406 2.6505875 2.0238286 2.3307854 2.3636174 2.3528440 2.2992730 2.4876519 2.5624233 2.7348286 2.5105508 2.6154860 2.5827160 2.5498775 2.6587752 2.2530494 2.6971049 2.7219055 2.8886100 2.9721915 2.6529417 2.5225292 2.2248186 2.4740690 2.7497360 2.6893867 2.3801312 4.1098488 
HoiH06_mRNA8767                                        1.0849935 1.4340994 1.4243450 1.5480473 1.3573443 1.7082010 1.4847633 1.5290452 1.4680837 1.4452920 1.4537847 1.9087880 1.3673993 1.4081854 1.7026048 1.5746958 1.6270730 1.4699096 1.7542468 1.6150050 0.0533001 0.0000000 0.3031960 0.3165549 1.5785387 1.6579414 2.7333083 2.7087935 2.0394317 2.0542332 6.4382247 6.0334683 1.5277661 1.6916924 1.8873155 1.6585614 1.8168562 1.8188380 1.6865942 2.2359918 2.5377254 4.5252821 4.5252821 2.4420929 1.9935872 2.6639254 2.1371447 2.2725564 2.6110848 1.9454523 2.3179982 2.1358653 1.7193856 2.0020572 1.9755378 2.6595419 2.0040201 2.3298210 2.3438255 2.3129483 2.2671534 2.4412723 2.5126671 2.6704971 2.4966473 2.5669211 2.5776805 2.5214054 2.6371897 2.2118413 2.6310983 2.6968856 2.9037480 3.0179908 2.6508597 2.5517826 2.2234041 2.4732511 2.7364492 2.6926728 2.4152871 4.0410877 
TrH2_TrispH2_009959-RA                                 1.0425485 1.4177552 1.4074520 1.5544199 1.3478580 1.6988549 1.4877107 1.5375692 1.4870783 1.4407880 1.4325976 1.8597586 1.3089804 1.3999119 1.6173755 1.5971154 1.6179809 1.4740575 1.7101624 1.5701718 0.2939017 0.3031960 0.0000000 0.0217666 1.5018717 1.5943292 2.6562756 2.6047937 2.0108639 2.0332370 8.9238909 7.9323899 1.3523498 1.7298584 1.9726144 1.5021701 1.7408748 1.7063872 1.6824793 2.1292651 2.5032106 4.5699546 4.5699546 2.2499969 1.9039949 2.2827687 2.0389586 2.0603145 2.4213113 1.7837430 2.0628614 2.0116009 1.8511870 1.8885834 1.8912694 2.5187881 1.9820645 2.3015714 2.3855004 2.4127623 2.2569095 2.4890922 2.5882209 2.7340028 2.4908507 2.6457918 2.5102677 2.6570043 2.7177813 2.2330179 2.7372720 2.7266998 2.9294336 3.0580130 2.6253514 2.5521304 2.1687857 2.4108330 2.7956191 2.6027025 2.3705977 4.1538582 
Tadh_TriadT32433                                       1.0496685 1.2479705 1.2586454 1.3891941 1.2765777 1.5367560 1.2971127 1.3784275 1.3954975 1.3236485 1.3062635 1.7841235 1.3089804 1.3834218 1.5157369 1.4522952 1.4646649 1.4430131 1.5558899 1.4102683 0.3072889 0.3165549 0.0217666 0.0000000 1.4649143 1.5696000 2.3918013 2.3918013 1.8595562 1.8595562 6.4865171 2.5479194 1.3370141 1.6904125 1.7365070 1.5021701 1.5776213 1.5482852 1.5059702 2.0368484 2.1994263 4.3146226 4.3146226 2.2211467 1.8881084 2.3360628 2.0502581 1.8901136 2.2510562 1.7281387 2.0463593 1.7825413 1.7401932 1.7331562 1.8031531 2.3361180 1.9614719 2.1953911 2.2761837 2.2677537 2.1138845 2.2973045 2.3670716 2.5213041 2.2663622 2.3993940 2.4473968 2.5143763 2.6117627 2.2050860 2.6368652 2.5661475 2.7282667 3.0728514 2.4727213 2.5674707 2.1378427 2.3973834 2.6287276 2.3209928 2.2423068 4.5353152 
Ctel_gnl_WGS_AMQN_CAPTEDRAFT_mRNA108416                1.3986180 1.4067356 1.3653591 1.4572434 1.3814514 1.5707839 1.4179130 1.3012300 1.4628077 1.4493216 1.1636083 1.4645333 1.3591196 1.5236930 1.3593934 1.3029256 1.1550564 1.1377358 1.2762625 1.3337528 1.5649867 1.5785387 1.5018717 1.4649143 0.0000000 1.8088457 2.3096328 2.3096328 1.9902189 1.9902189 8.9999987 3.2707659 1.7969776 1.9056314 1.9555227 1.5314706 1.6764025 1.5735766 1.5316192 2.2404328 2.1082624 4.3011789 4.3011789 2.1299461 2.1056752 2.6307441 2.2789745 2.0108301 2.3273544 1.8481821 2.2462085 1.8806971 1.6710830 1.8131619 1.9034441 2.0704645 2.0340776 2.2016677 2.2028791 2.2195926 2.1582138 2.1300454 2.2503301 2.4289055 2.2628742 2.2469076 2.4254197 2.3692164 2.4455779 2.3262314 2.5159066 2.5307116 2.6307565 3.4175707 2.6050129 2.8805010 2.3140726 2.4376518 2.5540904 2.6849441 2.2729794 4.7431036 
Plajan_Pjan_scaffold23319_01                           1.2605073 1.4620798 1.3967906 1.5469337 1.4173125 1.6592266 1.4866709 1.5900954 1.4541539 1.3672746 1.5914693 1.6925988 1.5275483 1.6526146 1.7969199 1.7092049 1.6479497 1.6479497 1.6993657 1.5101873 1.6071309 1.6579414 1.5943292 1.5696000 1.8088457 0.0000000 2.0259840 2.0259840 1.6766148 1.6766148 0.0000010 0.0000010 1.1899171 1.2040820 1.2973982 1.9500445 1.7951124 1.7328284 1.6842123 1.9693398 2.1033325 4.7188594 4.7188594 2.2107341 2.2853923 2.8294980 2.3903800 1.9251253 2.5951397 1.8892149 2.0377651 1.7883189 1.9681584 1.8260208 1.9092741 2.0597961 2.0686298 2.2156290 2.1002462 2.1455743 1.9010892 2.0085287 2.0245915 2.6321505 2.2015014 2.3280129 2.5452997 2.5466028 2.5524627 2.5026143 2.5009707 2.5505274 2.6607986 3.0559772 2.7279940 3.0593003 2.7026742 2.6210740 2.7604270 1.9624605 2.4326203 5.1434024 
Lcom_lcpid48790                                        8.9999988 2.6884777 2.4100917 2.3506092 2.5823318 2.7513440 2.5824721 2.8168322 2.7817167 2.7831445 2.5422589 3.1793353 2.2057656 2.6393229 2.8309227 2.5290937 2.5132035 2.2269768 2.5357716 2.7661108 2.7426359 2.7333083 2.6562756 2.3918013 2.3096328 2.0259840 0.0000000 0.0000010 0.0137862 0.0124395 0.2465224 0.1598818 2.6707903 2.1108647 2.6020092 0.0000010 2.5479063 2.3498991 2.6720144 4.5456658 4.0289910 6.5604921 6.5604921 8.9999983 2.2529079 0.0000010 0.0000010 2.9130432 2.8593263 2.0828519 4.6938896 3.1438853 2.1120448 2.6346784 2.4391057 4.1261025 3.3093549 4.1603515 4.3004072 4.4661866 4.3513331 4.2716542 4.4229445 4.2727526 4.3929084 4.3700747 4.3608272 4.1367734 4.4129606 4.2747949 4.6223227 4.7305825 4.3260313 5.6612401 2.7655336 8.9999989 2.2744887 8.9999986 2.9608826 5.1456745 3.0862435 4.1290917 
Lcom_lcpid75830                                        8.9999988 2.7537099 2.5154945 2.4470857 2.5583484 2.8548751 2.6616635 2.8885258 2.8700353 2.7746803 2.4799911 3.2320326 2.2057656 2.6393229 2.8160117 2.5391695 2.5238779 2.2174443 2.6144949 2.7454559 2.7175681 2.7087935 2.6047937 2.3918013 2.3096328 2.0259840 0.0000010 0.0000000 0.0137862 0.0137862 0.6515955 0.4781017 2.6707903 2.1108647 2.5824701 0.0000010 2.6870088 2.4525896 2.7431221 4.8786929 4.1988292 7.5963289 7.5963289 8.9999983 2.2529079 0.0000010 0.0000010 2.9642468 2.9087936 2.0828519 4.6938896 3.2230035 2.0097163 2.7230207 2.4480270 4.0685619 3.3093549 3.9724683 4.2457670 4.4733630 4.2838036 4.0366997 4.3124835 4.3177261 4.7350647 4.6048165 4.2788106 4.1319266 4.5039566 4.2747949 4.6223227 4.8095260 4.5879331 5.6612401 2.8586556 8.9999989 2.2444139 8.9999986 2.9307816 5.2427492 3.2128656 4.7052674 
Lcom_lcpid28479                                        1.4778472 1.9706847 1.8568859 1.9976088 1.8159669 2.0501050 1.8969665 1.9850257 2.0885980 2.1057364 1.9081297 2.2962423 1.9463627 1.8139536 2.0991811 2.0925607 1.9811263 1.8379596 2.1008882 1.9757415 2.0220984 2.0394317 2.0108639 1.8595562 1.9902189 1.6766148 0.0137862 0.0137862 0.0000000 0.0000010 0.6515955 0.4781017 0.3877678 1.7818544 2.0794075 0.2821214 2.0819087 2.0209320 2.0077768 2.3746166 3.1048732 4.5847680 4.5847680 2.7930899 2.3988694 2.5218574 2.3110402 2.4619298 2.6969363 2.1370677 2.3470344 2.4652410 1.9200473 2.3217782 2.1889572 2.7957142 2.3367040 2.8190821 2.8611463 2.8476452 2.8578232 2.7789521 2.8453938 3.0958757 3.0307618 2.9230851 3.0131808 3.1032920 3.1163349 2.5819551 2.9988286 3.1987029 3.5479870 3.9069831 2.9084956 3.3403411 2.3922195 3.1693181 2.7770308 2.8741774 2.5104436 4.9305463 
Lcom_lcpid19099                                        1.4778472 1.9783587 1.8459721 1.9759812 1.8300485 2.0485939 1.9021951 1.9938462 2.0896492 2.1124566 1.9505953 2.3014609 1.9463627 1.8139536 2.1301619 2.1068896 1.9979446 1.8413246 2.0874423 2.0095121 2.0370216 2.0542332 2.0332370 1.8595562 1.9902189 1.6766148 0.0124395 0.0137862 0.0000010 0.0000000 0.2465224 0.1598818 0.3877678 1.7818544 2.1101813 0.2821214 2.0496149 1.9955620 2.0008880 2.4174028 3.0969402 4.5306939 4.5306939 2.7930899 2.3988694 2.5218574 2.3110402 2.4539284 2.6806624 2.1370677 2.3470344 2.4594249 1.9504448 2.3026037 2.1921423 2.8561568 2.3367040 2.8989295 2.8931808 2.8661562 2.9188330 2.8659238 2.9040609 3.1132516 2.9941594 2.9091706 3.0514573 3.1174066 3.1183544 2.5819551 2.9988286 3.2007292 3.4994717 3.9069831 2.8631769 3.3403411 2.3969397 3.1693181 2.7977975 2.9138586 2.4911599 4.6962108 
Lcom_lcpid97425                                        0.0000010 3.2413475 2.5856250 2.4850252 3.8034381 2.8189545 2.8885183 4.1489567 3.4873182 7.0673069 4.2815006 4.5345384 0.0000010 9.0000000 4.4861658 3.4217497 4.0516020 9.0000000 3.1502529 3.8386903 6.4505372 6.4382247 8.9238909 6.4865171 8.9999987 0.0000010 0.2465224 0.6515955 0.6515955 0.2465224 0.0000000 0.1079098 0.0000010 9.0000000 4.9349374 0.0000010 3.2516686 3.0916831 3.7097335 4.8497438 4.8537107 5.7812207 5.7812207 0.0000010 0.0000010 0.0000010 0.0000010 4.1273972 4.1273972 9.0000000 9.0000000 4.5130917 5.4057178 3.5853682 4.5647255 5.6318258 0.0000010 8.9999982 5.7037599 6.5822662 7.8374878 7.5304793 8.6864105 6.9404016 4.2298671 4.7279937 7.7909222 5.4638194 5.2578391 0.0000010 8.9999982 6.6367489 4.8837624 0.0000010 4.4255218 0.0000010 3.1546255 0.0000010 6.7717082 4.4064822 4.2421477 4.6131309 
Lcom_lcpid95551                                        0.0000010 2.6207438 2.0442851 2.0599406 3.2518387 2.4852445 2.5533993 2.9908362 2.9468436 3.5527195 3.3992888 2.4971401 0.0000010 7.7591938 3.9359309 2.7903708 2.6716774 1.2031400 2.1728335 3.1103991 5.9887282 6.0334683 7.9323899 2.5479194 3.2707659 0.0000010 0.1598818 0.4781017 0.4781017 0.1598818 0.1079098 0.0000000 0.0000010 0.0000010 3.6345800 0.0000010 2.2272246 2.0527385 2.5388302 4.8012118 4.0078428 3.1957175 3.1957175 0.0000010 0.0000010 0.0000010 0.0000010 3.6985882 3.6985882 0.0000010 0.0000010 3.9226514 4.4810287 2.8066664 3.6951144 5.0619333 0.0000010 8.9999987 6.0115743 7.8024403 7.2666783 7.2638047 6.9577193 6.4304958 3.3846912 3.9293560 6.1395226 4.3208272 4.0340524 0.0000010 6.8906088 5.3438552 4.5240424 0.0000010 3.0749009 0.0000010 3.1546255 0.0000010 4.4795410 3.9273482 3.1251865 4.2525266 
Leuniv_Lniv_C751971_01                                 1.3548998 1.3616864 1.2265673 2.9156122 1.3238417 1.3757525 1.5071653 1.5183267 1.5620939 1.5633712 1.4415660 1.6960556 1.2944996 1.4801416 1.5246006 1.6774596 1.6693957 1.6693957 1.7383258 1.1470186 1.5181669 1.5277661 1.3523498 1.3370141 1.7969776 1.1899171 2.6707903 2.6707903 0.3877678 0.3877678 0.0000010 0.0000010 0.0000000 1.3887417 1.3437338 0.0000010 1.4679364 1.7359338 1.7197000 1.7737877 1.9730727 2.3225637 2.3225637 1.9573560 1.9285535 1.4013933 1.6789930 1.8524096 2.8392649 1.8219343 1.8219343 1.5925370 1.6710377 2.0477093 1.9232174 1.8178132 1.7278155 1.9211040 1.8896083 1.8011145 1.6994170 1.7413930 1.8702020 2.5232601 1.9124505 1.8788643 2.5442726 2.0962459 2.0179073 2.1093528 2.1297670 2.5163690 2.6013574 3.0970294 3.1237715 2.7611831 2.4251431 2.8945627 3.0417123 2.1068860 2.3860073 3.7759466 
Opea_EP00118_Oscarella_pearsei_P008813                 1.5555843 1.5191023 1.5722108 1.6442128 1.5610257 1.8722434 1.5823063 1.6457153 1.6068626 1.6145429 1.5238166 1.7491539 1.7396270 1.5797601 1.6624846 1.7153052 1.6291339 1.6291339 1.6318836 1.6705752 1.6872782 1.6916924 1.7298584 1.6904125 1.9056314 1.2040820 2.1108647 2.1108647 1.7818544 1.7818544 9.0000000 0.0000010 1.3887417 0.0000000 0.0266220 1.8829414 1.7204014 1.6819803 1.7621052 2.3970945 2.1660255 4.5439057 4.5439057 2.2419176 2.0773959 2.4660767 2.2247178 2.0179354 2.3537759 1.8681458 2.1740149 1.9308998 1.8256925 1.9763114 1.8594881 2.4535431 2.3218165 2.2968202 2.3299454 2.2659381 2.3909877 2.3779307 2.3325835 2.5512874 2.3798476 2.4405958 2.4539883 2.3517940 2.4676556 2.3961169 2.4864572 2.4567482 2.7357872 3.3292914 2.5701275 2.8090123 2.4616244 2.7916510 2.2899325 2.4742018 2.3386730 5.3943201 
Ocar_g10265                                            1.7593652 1.8125875 1.8311548 1.9528550 1.7200543 2.2170996 1.8358781 1.9098006 1.8128177 1.8318101 1.8301413 1.9109688 2.3948125 1.6909203 1.9502705 1.9871573 1.8904226 1.7031982 1.8083186 1.8264878 1.9178540 1.8873155 1.9726144 1.7365070 1.9555227 1.2973982 2.6020092 2.5824701 2.0794075 2.1101813 4.9349374 3.6345800 1.3437338 0.0266220 0.0000000 5.6627449 1.9911283 1.9785386 2.0844587 3.4385150 2.5083155 4.6306852 4.6306852 2.1502458 1.9975871 2.1956213 2.0676670 2.2414117 2.5425966 1.9328598 2.3882766 2.2620516 1.9229214 2.1812098 2.0890593 2.9261247 2.4574654 2.7295259 2.8655847 2.7795687 2.8788988 2.8379698 2.8040852 2.9418123 2.8495031 2.8219156 2.7688259 2.7277045 2.9068767 2.3915897 2.8666587 2.8850669 2.9892685 3.3067805 2.8164276 2.7889022 2.4477140 3.1144325 2.6260550 2.9952481 2.4942111 4.3784430 
Leuniv_Lniv_scaffold13447_01                           1.5799354 1.3878377 1.2569234 1.0662541 1.2079782 1.1501695 1.1501695 1.0801686 1.4936061 2.2647861 1.1975633 1.7159031 3.1081571 1.3115802 1.4495959 1.3842886 1.3422496 1.3422496 1.5621133 1.4920400 1.6430476 1.6585614 1.5021701 1.5021701 1.5314706 1.9500445 0.0000010 0.0000010 0.2821214 0.2821214 0.0000010 0.0000010 0.0000010 1.8829414 5.6627449 0.0000000 1.3271427 1.3685963 1.5621294 1.4421434 0.0000010 5.7669455 5.7669455 3.5949458 3.2455101 3.3405410 3.4138936 2.1374115 2.6809773 2.1878438 2.1878438 2.2736898 1.6342388 2.9072304 2.2550798 2.5480874 1.7888243 2.0808253 1.9972480 2.0875861 1.7081820 1.8798943 2.3543379 2.7517163 2.5029036 2.6179182 2.3124759 2.6529288 2.3925286 0.0000010 2.3462401 2.2130006 3.3119072 3.4279017 2.6287990 2.8540754 2.7250804 2.9880033 0.0000010 2.0500790 2.0353104 7.2430889 
Nemnom_g3023.t1                                        1.1374678 1.4590899 1.4532532 1.6021839 1.4108710 1.6187980 1.4246442 1.5221467 1.5632249 1.5884261 1.6373148 1.9908315 1.6283791 1.4284300 1.8706334 1.7635697 1.7447424 1.6013653 1.7659407 1.7360673 1.7898499 1.8168562 1.7408748 1.5776213 1.6764025 1.7951124 2.5479063 2.6870088 2.0819087 2.0496149 3.2516686 2.2272246 1.4679364 1.7204014 1.9911283 1.3271427 0.0000000 0.3009750 0.8978326 1.6571161 2.5393966 3.4319297 3.4319297 2.4846041 1.9677505 2.3222606 1.9863837 2.2431400 2.6660338 2.0336658 2.2683688 2.1439169 1.9887906 1.4796743 1.4959680 2.7439751 2.1782061 2.5702833 2.7477747 2.7233194 2.6805558 2.7048154 2.8388797 2.7617762 2.9004501 2.6653320 2.6646875 2.7414702 2.7660484 2.3741327 2.9670039 2.8830607 3.0493788 3.0018981 2.5176042 2.8347253 2.3541932 2.6262903 2.5411180 2.1599677 2.4937625 3.7794453 
Rhoesc_Res_004233-T1                                   1.2905145 1.4565897 1.4499173 1.5756247 1.3953139 1.5739463 1.4138466 1.4462121 1.5295646 1.4359778 1.5897810 1.8146195 1.6542266 1.3713646 1.7673402 1.6732290 1.6634535 1.5550497 1.6627765 1.7263323 1.7758436 1.8188380 1.7063872 1.5482852 1.5735766 1.7328284 2.3498991 2.4525896 2.0209320 1.9955620 3.0916831 2.0527385 1.7359338 1.6819803 1.9785386 1.3685963 0.3009750 0.0000000 0.8752722 1.5295378 2.5290358 3.2703747 3.2703747 2.4412737 1.9832957 2.2435833 2.0756782 2.1959821 2.5555697 1.9912474 2.2069789 2.0679170 1.9834004 1.4276624 1.5624614 2.5262580 2.1344592 2.5025294 2.5789931 2.5361216 2.5317614 2.5639078 2.7432386 2.6451730 2.7999203 2.5249128 2.5214145 2.7293902 2.7836906 2.4034544 2.8110861 2.8531020 2.7765002 3.0093240 2.4820282 2.5989010 2.3117800 2.6561384 2.6147273 2.1311514 2.3460701 3.7857907 
Sanmal_Sma_023664-T1                                   1.0667037 1.3809311 1.3746601 1.5077778 1.3330807 1.4811366 1.3116527 1.3752998 1.4190318 1.3406678 1.5218263 1.7041865 1.6169812 1.2384838 1.6406784 1.5352815 1.6339436 1.4644915 1.6178602 1.6011468 1.6651090 1.6865942 1.6824793 1.5059702 1.5316192 1.6842123 2.6720144 2.7431221 2.0077768 2.0008880 3.7097335 2.5388302 1.7197000 1.7621052 2.0844587 1.5621294 0.8978326 0.8752722 0.0000000 1.5554363 2.4496964 3.6081345 3.6081345 2.0833805 1.8675655 1.9618012 1.8634355 2.1880795 2.4798350 1.8526824 2.0576748 2.0561049 1.8328471 1.3190068 1.5644180 2.5742766 2.1004591 2.3976156 2.5757515 2.5881907 2.5682403 2.5702513 2.7112517 2.8575166 2.7411389 2.5766251 2.7605664 2.7912617 2.8123013 2.2567595 2.7807148 3.0393657 2.8749269 3.1088467 2.6357512 2.6982244 2.3092155 2.8198651 2.6327452 2.1695095 2.2550229 3.6095480 
Aaur_scaffold29.g24.t1                                 1.3595012 1.9357861 1.8665194 2.1734348 1.8488076 2.0527846 2.2132039 1.8712301 2.2073915 2.3557473 2.3733688 2.4648326 1.4799127 1.8940953 2.3373307 2.3311647 2.2447002 2.0937456 2.1939341 2.4559793 2.1894589 2.2359918 2.1292651 2.0368484 2.2404328 1.9693398 4.5456658 4.8786929 2.3746166 2.4174028 4.8497438 4.8012118 1.7737877 2.3970945 3.4385150 1.4421434 1.6571161 1.5295378 1.5554363 0.0000000 2.9501709 4.4303185 4.4303185 2.4033393 2.3722966 2.2066943 2.2950309 3.1005433 4.4447040 2.3263576 1.8324064 2.5496577 2.4240018 2.2583258 2.3654384 3.0304888 2.8246016 3.4195378 3.2811518 3.2037841 3.2155460 3.2381918 2.9872922 3.7955191 3.3232978 3.3030904 3.5190482 3.2667580 3.3534950 3.1451170 3.3562247 3.0829067 3.3207265 2.6707845 3.2696126 2.5330705 2.6411391 2.4916656 4.2360103 2.4775919 2.9780713 4.6183364 
Aque_Aqu2.1.21196_001                                  1.9419444 2.4040486 2.4952794 2.7135416 2.2724497 2.8776755 2.5442330 2.7286998 2.4754524 2.4074147 2.3581658 2.5418808 1.7970498 2.4266285 2.4403987 2.4953760 2.4783315 2.2269145 2.3612335 2.4323798 2.5381163 2.5377254 2.5032106 2.1994263 2.1082624 2.1033325 4.0289910 4.1988292 3.1048732 3.0969402 4.8537107 4.0078428 1.9730727 2.1660255 2.5083155 0.0000010 2.5393966 2.5290358 2.4496964 2.9501709 0.0000000 0.5963493 0.5963493 0.7902397 0.6331066 0.0000010 0.1056916 2.1682676 2.6325004 1.6212680 2.1111839 1.9697668 2.4255247 2.3408078 2.8612604 3.3264700 2.7431519 3.4455384 3.5041628 3.5545976 3.1592037 3.1032278 3.3321926 3.6272787 3.4321443 3.1931747 3.3566249 3.4145253 3.5764256 2.8260747 3.2740950 3.5364647 3.4398259 3.6227798 3.0414241 3.9262926 2.6217142 2.7418672 3.1978045 3.1861894 3.1521944 4.7104241 
Aque_Aqu2.1.21190_001                                  2.5539109 4.1255040 3.9436979 4.1203795 4.2154426 4.0042181 4.0084012 4.2579347 3.7041489 3.8249283 4.0497018 4.3071465 1.5954156 4.6993900 3.5861530 3.9327487 3.9036277 3.8572411 3.9850520 4.1259896 4.5396209 4.5252821 4.5699546 4.3146226 4.3011789 4.7188594 6.5604921 7.5963289 4.5847680 4.5306939 5.7812207 3.1957175 2.3225637 4.5439057 4.6306852 5.7669455 3.4319297 3.2703747 3.6081345 4.4303185 0.5963493 0.0000000 0.0000010 1.5926270 1.6178299 0.6957507 0.7286525 3.6522140 3.7273928 3.8184832 4.0044436 2.8242288 4.1697845 4.2796677 4.2722287 6.0820068 4.5708294 4.9809545 4.5358969 4.7920432 4.4741674 3.8045814 4.2171072 4.8253419 4.4026661 3.8758833 3.8320410 4.4192316 4.4994912 4.7437436 5.1837723 4.8215536 5.5900584 4.5163247 5.1469234 6.1758563 5.1922000 5.5207058 4.7821791 4.5223502 4.5437098 5.3177043 
Aque_Aqu2.1.21189_001                                  2.5539109 4.1255040 3.9436979 4.1203795 4.2154426 4.0042181 4.0084012 4.2579347 3.7041489 3.8249283 4.0497018 4.3071465 1.5954156 4.6993900 3.5861530 3.9327487 3.9036277 3.8572411 3.9850520 4.1259896 4.5396209 4.5252821 4.5699546 4.3146226 4.3011789 4.7188594 6.5604921 7.5963289 4.5847680 4.5306939 5.7812207 3.1957175 2.3225637 4.5439057 4.6306852 5.7669455 3.4319297 3.2703747 3.6081345 4.4303185 0.5963493 0.0000010 0.0000000 1.5926270 1.6178299 0.6957507 0.7286525 3.6522140 3.7273928 3.8184832 4.0044436 2.8242288 4.1697845 4.2796677 4.2722287 6.0820068 4.5708294 4.9809545 4.5358969 4.7920432 4.4741674 3.8045814 4.2171072 4.8253419 4.4026661 3.8758833 3.8320410 4.4192316 4.4994912 4.7437436 5.1837723 4.8215536 5.5900584 4.5163247 5.1469234 6.1758563 5.1922000 5.5207058 4.7821791 4.5223502 4.5437098 5.3177043 
Xestes_maker-XT_scaffold77983-augustus-gene-0.3-mRNA-1 1.8552125 2.1124005 2.1727855 2.6466266 2.0666787 2.4079345 2.0041484 2.5530994 2.1479068 2.1768616 2.2173421 2.3578261 1.5222373 2.5645760 2.0490490 2.5320097 2.3162650 2.3162650 2.3085946 2.2925906 2.3581046 2.4420929 2.2499969 2.2211467 2.1299461 2.2107341 8.9999983 8.9999983 2.7930899 2.7930899 0.0000010 0.0000010 1.9573560 2.2419176 2.1502458 3.5949458 2.4846041 2.4412737 2.0833805 2.4033393 0.7902397 1.5926270 1.5926270 0.0000000 0.6484887 0.4337296 0.4685643 1.8483406 2.2819260 1.7732981 1.9500872 1.6435652 2.2820344 2.1635459 2.5943461 2.4652747 2.7183980 2.8168980 2.8348390 2.9005257 2.6574219 2.5541453 2.7068345 3.5159642 2.9435815 2.5695717 3.0410868 2.9989468 3.0131029 3.1656486 3.1333981 3.3045273 3.2377862 3.7757143 3.1857589 3.7386602 2.8960542 3.1041452 3.0208821 2.3815652 2.8779300 5.1756259 
Halamb_c52422_g1_i1m.33022                             1.7442168 2.0136638 1.9356303 2.0923567 1.9298749 2.2056407 1.8869997 2.0884029 1.9441505 1.9002109 2.0021676 2.1574533 1.5492640 2.1480591 1.9358400 2.0831514 2.0023657 2.0023657 2.0680291 1.9910545 1.9772121 1.9935872 1.9039949 1.8881084 2.1056752 2.2853923 2.2529079 2.2529079 2.3988694 2.3988694 0.0000010 0.0000010 1.9285535 2.0773959 1.9975871 3.2455101 1.9677505 1.9832957 1.8675655 2.3722966 0.6331066 1.6178299 1.6178299 0.6484887 0.0000000 0.3376233 0.4612033 1.5037608 1.7634320 1.4748935 1.9779581 1.3998032 2.1210782 1.8910956 2.4308349 2.5671127 2.6327948 2.5816573 2.7548672 2.7600207 2.6218731 2.4769223 2.8429963 3.1038023 2.7738039 2.4948302 2.7158262 2.7818379 2.7562031 2.6313849 2.6585286 2.8727690 3.0743845 3.4692251 2.7425230 3.5227919 2.7049299 3.2975971 2.4436433 2.4931852 2.8475024 5.1045363 
