134
Gasp_gasp1.m3.14663.m1                                   0.0000000 0.2172031 0.2066566 2.7829673 0.2920099 1.4158845 0.4328728 0.0000010 1.2548584 2.5132914 3.2615846 0.0000010 0.4983787 0.6332130 4.3383781 0.9808846 1.0202627 1.0660230 1.8880572 1.3678098 1.2150504 0.0000010 1.6119865 3.1547034 1.2672787 1.4632902 1.2666905 1.5164423 2.0909978 2.8679233 2.8679233 0.0000010 2.8233785 0.0000010 0.0000010 0.0000010 4.2306299 0.0000010 9.0000000 0.0000010 2.2995717 2.6652739 0.0000010 0.9011395 0.9011395 0.9011395 0.0000010 0.0000010 0.9011395 2.0494542 2.0494542 0.0000010 2.0494542 4.2306299 0.9011395 0.9011395 7.4693211 0.0000010 4.2306299 9.0000000 0.0000010 1.3949679 1.4192192 2.7351572 1.3980307 3.7901921 0.0000010 0.0000010 0.0000010 2.5272284 2.1270652 2.1737231 0.3388125 1.1381361 1.4021652 1.1252856 1.3780834 1.4191454 1.5359309 1.4606167 1.5882601 2.1119920 3.7825051 1.3347031 1.8273072 2.0558219 1.6365918 1.9474992 2.1740773 2.4055101 2.0901638 1.7361287 1.6973540 8.1230394 1.5831195 2.0369856 2.0831877 3.2513866 2.0806957 4.3498713 2.1550280 2.5336528 1.9525484 1.7635327 1.9525484 0.0000010 3.6121034 4.2500454 2.4799874 2.8121691 2.3468213 2.4090613 3.1755451 2.6215646 1.9099139 1.3768247 2.6471589 2.5150247 1.1506706 1.6871025 1.5505909 4.3103598 2.5454846 2.1132071 2.8855916 2.8377512 3.1770663 1.9733620 3.8832257 1.7508206 2.2626935 9.0000000 1.5912149 2.5713621 
Spis_XP_022780370_1                                      0.2172031 0.0000000 0.0482072 0.1501766 0.1422594 0.1578750 0.2130153 0.2364895 0.3044427 0.3736324 0.2939796 0.2617233 0.5718296 1.8558686 0.5123895 0.7339502 0.7897386 0.9840251 1.1465531 1.1423890 1.0923400 0.5817874 1.2334275 1.5892054 1.0860572 1.1337343 1.0269548 1.2516331 1.4635930 1.5495725 1.1937244 0.8254086 2.2602980 3.3094976 3.3094976 4.0059533 2.2529812 3.2590121 2.8600948 1.7721796 1.9746646 2.0745973 1.8063629 2.0010137 2.0240256 1.7425428 1.6308079 2.3902869 2.0836834 1.9929538 2.0056146 2.1246211 2.0246547 2.4146761 2.1638884 1.8443204 2.0880177 1.5771941 1.1546203 2.4737960 1.2342411 1.0404953 1.1000238 1.2027880 1.1958448 1.4845682 0.8929199 1.4973792 1.3900809 1.3515285 1.4314862 1.4408660 1.4411455 1.0668150 1.4451377 0.9866444 1.3828068 1.3454803 1.3671696 1.3676437 1.4207762 1.4483038 0.9313271 1.1820284 1.6822446 1.9170957 1.2470324 2.7609704 1.9041683 1.4040732 2.0913307 1.2317993 1.7159425 2.4944419 1.6470173 1.4889645 2.0989630 1.9919314 1.8531860 1.5593199 2.4833248 3.0521845 2.4150970 2.1430427 2.4314897 3.1672715 2.6943265 1.6955296 2.5279620 2.5584512 2.5927326 2.0357393 2.3327211 2.3365468 2.1020438 1.8957827 2.3805000 2.7714733 2.1641171 1.6935623 1.3925439 2.3876454 1.3784254 1.9786769 2.0127186 2.0539767 2.4423187 2.2649991 2.0232632 2.5972035 3.7652610 2.2852707 2.2915195 1.6018886 
Pocdam_XM_027180936.1                                    0.2066566 0.0482072 0.0000000 0.1381900 0.1346155 0.1367615 0.2127134 0.2207111 0.3074366 0.3694251 0.3024410 0.2671899 0.5577306 1.8253781 0.5208563 0.7232575 0.7835509 0.9756529 1.1502693 1.1349222 1.0898383 0.5981769 1.2216116 1.5899951 1.0742634 1.1220896 1.0144490 1.2278766 1.4583435 1.5248538 1.1745259 0.8114752 2.2602980 3.1621647 3.1621647 3.6574015 2.1893645 3.1156132 2.7546415 1.7482143 1.9609036 2.0101955 1.8375676 1.9847105 2.0056237 1.7141342 1.6587289 2.3902869 2.0624347 1.9747100 1.9874513 2.1030577 2.0045830 2.2723875 2.1497248 1.8649854 2.0447171 1.5635206 1.1429128 2.4458694 1.2075897 1.0297090 1.1032758 1.2063568 1.1952122 1.4733491 0.8834442 1.4701622 1.3610527 1.3643305 1.4296445 1.4390393 1.4580510 1.0446097 1.4494212 1.0242992 1.3809987 1.3388852 1.3689884 1.3719378 1.4177263 1.4518966 0.9148305 1.1558785 1.6714478 1.8700671 1.2703049 2.7881323 1.9425776 1.3964092 2.1158180 1.2312735 1.8280615 2.5283686 1.6648951 1.5864743 2.0546489 2.0265759 1.8491934 1.5590549 2.4896336 2.9924150 2.3677198 2.0986234 2.3836612 2.9183679 2.6999088 1.6884346 2.5337933 2.5843041 2.5719325 2.0337065 2.3426213 2.3369604 2.0745802 1.9013877 2.4040980 2.7726724 2.1152775 1.6821039 1.3607961 2.3847174 1.3602645 1.9634435 2.0367091 2.0189805 2.4081468 2.2400515 2.0416429 2.6142213 3.7236899 2.3031544 2.2443662 1.6140654 
Gasp_gasp1.m3.5171.m1                                    2.7829673 0.1501766 0.1381900 0.0000000 0.1161917 0.1254886 0.0000010 0.1885932 0.2788595 0.3256423 0.3050488 0.5351755 0.6104038 2.2127649 0.2734873 0.7742986 0.8243265 1.0057627 1.2152657 1.1625135 1.0880164 0.5738269 1.2773726 1.6208909 1.1190005 1.1488257 1.0679311 1.2583116 1.4750349 1.5326553 1.0997884 0.7623558 2.3614836 3.2717149 3.2717149 3.6465955 2.3610108 3.2243926 2.8477500 1.8375011 2.0569979 2.0853238 1.8760955 2.0270451 2.0305076 1.7094032 1.6727822 2.4275779 2.1308528 2.0732403 2.0959212 2.1753788 2.1100934 2.5398056 2.2488065 1.8902942 2.1373360 1.6073236 1.1297754 2.5960214 1.1838969 1.1116474 1.1739048 1.2012979 1.2735304 1.3857365 0.8795039 1.7606602 1.4346704 1.3828711 1.4432206 1.4518185 1.5256308 1.0826252 1.5282198 1.1220980 1.4220749 1.3915969 1.3973889 1.4043586 1.4501496 1.4748719 0.7972124 1.2016071 1.6139797 1.8393661 1.3085404 2.8860244 1.9874715 0.7179415 2.2171535 1.1183049 1.8436875 2.6782063 1.7972729 1.4990803 2.2066463 1.7097953 1.8458394 1.5163004 2.6262391 3.0597049 2.4180506 2.1937823 2.4353409 2.8967756 2.5647528 1.6845242 2.5658773 2.5375384 2.6242761 1.7755450 2.1778828 2.2656217 2.1382142 2.1984198 2.5654205 2.9443413 2.8159273 1.7248735 1.4236804 2.3165283 1.4252309 2.1293773 1.9913712 2.0367556 2.3733792 2.2362151 1.9890906 3.1085078 4.0711160 2.2935106 2.2960947 1.5706553 
Fspp_ffun1.m4.19435.m1                                   0.2920099 0.1422594 0.1346155 0.1161917 0.0000000 0.1252635 0.0620976 0.2314795 0.2744993 0.3243646 0.2838801 0.2319262 0.5719027 1.9331288 0.3846273 0.7447715 0.7842138 1.0303450 1.1278041 1.1299157 1.0728182 0.5643718 1.2472566 1.5855310 1.0819413 1.1244535 1.0399590 1.2416886 1.4699374 1.4646288 1.1395947 0.7754737 2.4851782 3.4073221 3.4073221 3.5362956 2.2734018 3.3524444 2.9166419 1.7814139 2.0045151 2.0744896 1.9643319 2.0093626 2.0056004 1.7498782 1.7440486 2.5216135 2.0837712 1.9878849 2.0003462 2.0806036 2.0190613 2.4260747 2.1625135 1.8128885 2.1175487 1.6386786 1.1017750 2.3391951 1.1875159 1.0725973 1.1355352 1.1798114 1.2507336 1.4386936 0.8714701 1.5874208 1.4601318 1.4084433 1.4048872 1.4129965 1.4562737 1.1069813 1.4158733 0.9882447 1.4021053 1.3881569 1.4023845 1.4088911 1.4158619 1.4441535 0.8902818 1.1683126 1.4670117 1.8000903 1.1678649 2.7463641 1.9369318 1.0304811 2.1087085 1.0886860 1.8730024 2.5134463 1.7398237 1.4753339 2.2162788 1.9734844 1.8757890 1.5918146 2.5416869 2.9887107 2.3543180 2.1575960 2.3702723 3.2715140 2.7267454 1.6962066 2.5428823 2.5184749 2.6694612 1.9150889 2.2225552 2.2227963 2.0834103 1.9185465 2.4974095 2.8489115 2.3201948 1.7001420 1.4932980 2.4278776 1.4403816 1.9860989 2.0199899 2.0170315 2.3330572 2.2679324 1.9566418 2.7018914 3.9794454 2.2881936 2.2318169 1.5078661 
Gfas_gfas1.m1.23020.m1                                   1.4158845 0.1578750 0.1367615 0.1254886 0.1252635 0.0000000 0.0000010 1.1851320 0.2608236 0.4659723 0.5835250 0.0000010 0.6677608 5.6920041 1.1455427 0.6535647 0.6257766 4.7865354 1.1338127 1.3044585 1.1572182 0.0000010 1.2308766 9.0000000 1.1709957 1.0509737 1.2737237 1.1579472 1.2207655 3.7155110 0.0000010 0.0000010 9.0000000 0.0000010 0.0000010 0.0000010 0.0000010 0.0000010 0.0000010 1.1968476 1.6595197 1.5147837 9.0000000 1.6582748 1.5556730 1.5051424 9.0000000 9.0000000 1.5550797 1.5550797 1.5550797 0.0000010 1.5427344 0.0000010 1.6905167 1.6805909 1.6279354 0.0000010 0.0000010 2.0452765 1.1089348 0.9425976 1.0817151 1.0938829 1.0138855 1.4472275 0.0000010 0.0000010 0.0000010 1.3070649 1.0944044 1.1990765 7.3568990 1.2130956 1.7774134 9.0000000 1.2477728 0.9853907 1.2637564 1.2618852 1.3518901 1.8073953 0.0000010 1.4787453 1.8726328 2.3765397 0.0000010 3.5794096 0.0000010 0.5079309 2.4346509 9.0000000 0.0000010 4.3232216 1.9407901 1.3114523 1.6038242 0.0000010 1.5351274 2.3040453 2.0508774 2.5855046 2.5855046 0.0000010 2.5855046 0.0000010 4.9900813 0.0000010 1.7617137 1.8230046 3.2941206 0.0000010 2.0014316 1.6530946 1.5028159 2.6913013 2.8284931 3.2402182 4.4012880 1.7599641 3.2707246 2.1351098 1.3154012 2.3049518 1.9142708 1.6496084 2.4675871 1.9598638 2.2016558 3.9382206 4.2635010 7.1257510 1.8898552 1.5899839 
Gfas_gfas1.m1.15420.m1                                   0.4328728 0.2130153 0.2127134 0.0000010 0.0620976 0.0000010 0.0000000 0.0000010 0.0000010 0.0000010 0.0000010 0.0000010 0.4373667 0.4214184 4.0792799 0.9295976 0.8203112 1.1427652 0.0000010 1.3412285 1.2163368 0.0000010 1.3873597 2.7290075 1.2237092 1.5723908 1.2192575 1.5031239 1.5137015 0.9278738 0.9278738 0.0000010 3.0204762 0.0000010 0.0000010 0.0000010 1.4968719 1.7595944 6.4515664 0.0000010 1.6116403 1.6299507 0.0000010 0.0000010 0.0000010 0.0000010 0.0000010 0.0000010 0.0000010 1.4160853 1.4160853 0.0000010 1.4160853 1.5235077 0.0000010 0.0000010 1.5715293 0.0000010 1.4240252 0.0000010 0.0000010 1.3281493 1.4821709 2.2441651 1.4848755 3.7501090 0.0000010 0.0000010 0.0000010 0.0000010 1.9525283 1.9525283 0.7819538 0.0000010 0.7386786 0.6874277 0.9461754 0.9803471 1.0105768 1.0105768 0.9732494 0.9732494 3.7744809 1.2409947 1.4955715 1.6377586 1.2708153 1.4519431 1.6236847 1.5994209 2.0408181 3.5878089 4.1171231 0.0000010 1.3979615 0.0000010 2.1296115 5.8812149 1.8545349 7.1205967 2.2237932 0.0000010 1.0274673 1.0274673 1.0274673 0.0000010 4.4407024 0.0000010 2.1439479 2.5133377 2.3447544 2.2445794 3.0435303 2.9187210 1.7743256 1.1308989 1.9021736 2.4219239 0.9459561 1.5510688 1.5674035 3.2941070 0.0000010 1.9340795 3.7079693 4.0149377 0.0000010 3.3358326 2.0594839 1.1257686 4.6786258 0.0000010 1.3232588 2.9463169 
Adig_XM_015915389.1                                      0.0000010 0.2364895 0.2207111 0.1885932 0.2314795 1.1851320 0.0000010 0.0000000 0.6342977 1.3972642 0.0125456 0.0000010 1.0431680 1.1374397 0.1713266 0.8609801 0.9880642 1.1884277 2.7031279 1.2852840 1.1571735 0.0000010 1.3149112 5.5615302 1.1901735 1.2883179 1.1509459 1.2402716 1.5035268 1.4720281 1.5195922 1.1931149 2.0647126 0.0000010 0.0000010 0.0000010 0.0000010 0.0000010 0.0000010 6.8575308 2.2664450 2.0974731 2.2367346 2.3274881 3.0264349 0.0000010 2.2971795 2.4239662 1.9200370 1.9200370 2.0756316 2.2878806 2.0769309 0.0000010 1.5034186 0.0000010 2.7567962 0.0000010 0.0000010 6.8575308 2.4224607 1.3342577 1.3591726 1.4461366 1.4834028 1.3002544 1.2020911 0.0000010 0.0000010 1.4118462 1.9517929 1.9517929 1.3972642 0.0000010 1.4482514 1.4159684 1.4997866 1.5213151 1.5006572 1.4978129 1.5299199 1.5471452 1.4098948 1.2033730 1.6415472 2.2603650 1.1323123 2.0573275 2.0464316 0.0000010 1.7366504 0.8599903 0.0000010 0.0000010 2.0544155 0.3509620 2.4077345 2.0434983 2.0048892 1.7894350 2.2712081 1.8678474 1.9195722 1.9225440 1.9195722 0.0000010 3.7206694 2.1297783 2.6454727 2.3683449 2.5962488 4.0986101 3.4585582 1.7408351 1.8558541 4.0979767 3.0577248 3.0999111 4.2367578 1.9144260 1.3119764 3.3825222 0.3996620 2.4124416 1.3848960 1.3550163 1.9913862 0.6456809 2.4616188 5.1710596 4.0567647 1.5241898 0.7597097 1.4818763 
Amil_Amillepora16397-RA                                  1.2548584 0.3044427 0.3074366 0.2788595 0.2744993 0.2608236 0.0000010 0.6342977 0.0000000 0.0776286 0.0831981 0.5247844 0.6440781 5.5449687 0.0000010 0.8846885 0.9035728 0.0000010 1.2396483 1.3971231 1.3488225 0.0000010 1.4311298 1.4335410 1.1399188 1.2542077 1.3029655 1.3981476 1.3453391 3.4565004 0.0000010 0.0000010 1.7389165 0.0000010 0.0000010 0.0000010 0.0000010 0.0000010 0.0000010 1.6363557 1.9769797 2.0608771 0.0000010 1.9717639 1.9717639 1.5839863 0.0000010 0.0000010 1.9889285 1.9889285 1.9889285 3.2977992 1.9833867 0.0000010 1.9400389 1.7853579 1.9877262 0.0000010 0.0000010 2.4617528 1.1089348 1.0289270 1.2337623 1.2274561 1.3684956 1.4977678 0.0000010 0.0000010 0.0000010 1.2830437 1.3917349 1.4425194 1.5272986 1.0428619 1.5203770 0.0000010 1.7227828 1.5880459 1.6811240 1.6605281 1.7673776 1.8314928 0.0000010 1.4153862 2.6313259 2.4879990 1.7389165 4.2409547 6.9355640 0.7036352 2.3400461 0.0000010 0.0000010 2.6134911 2.0694770 1.5349737 1.8485715 0.0000010 1.9132618 2.2089814 2.9090454 2.9143330 2.8905808 9.0000000 2.9143330 0.0000010 3.5979767 9.0000000 2.7067102 2.4952789 3.2680336 0.0000010 2.1491388 2.3252216 2.2893464 1.6305176 3.2701825 3.8925144 4.4104346 1.6128388 3.1465581 2.2173011 1.4470840 3.5432350 1.8708307 1.9971933 3.0310578 2.2801347 2.0531926 3.8087842 4.1389764 5.6267971 2.3128786 1.5166906 
Adig_XM_015915359.1                                      2.5132914 0.3736324 0.3694251 0.3256423 0.3243646 0.4659723 0.0000010 1.3972642 0.0776286 0.0000000 0.0694381 0.4919159 0.8222423 5.7108225 0.0000010 1.1119656 1.1784338 0.0000010 1.4486052 1.5806465 1.5548257 0.0000010 1.6424788 1.4335410 1.2627489 1.3952895 1.3541376 1.5936823 1.5794883 3.7579470 0.0000010 0.0000010 1.7389165 9.0000000 9.0000000 9.0000000 9.0000000 9.0000000 9.0000000 1.7940386 2.1761278 2.2646306 0.0000010 2.2532880 2.2532880 1.8865436 0.0000010 0.0000010 2.2727249 2.2727249 2.2727249 4.0546399 2.2668406 0.0000010 2.2095685 1.9966811 2.3308641 0.0000010 0.0000010 2.6444407 1.1089348 1.1940167 1.3625069 1.3699148 1.4579121 1.6841694 0.0000010 0.0000010 0.0000010 1.4456880 1.5088426 1.5473591 1.5804227 1.2212284 1.5936578 0.0000010 1.8500007 1.7062135 1.7892417 1.7777308 1.9309491 1.9912893 0.0000010 1.6061647 3.5549914 2.8677617 1.7389165 4.1605330 6.9355640 0.7036352 2.6116908 0.0000010 0.0000010 2.7409142 2.2063524 1.7595092 2.0498072 3.0115800 2.1659737 2.9101407 2.9569998 3.2232886 3.1727138 9.0000000 3.2232886 0.0000010 4.0040403 9.0000000 2.9998518 2.8401794 4.2354499 0.0000010 2.3358271 2.2463038 2.5078206 1.6305176 3.3764728 4.1400795 4.3175848 1.6307315 3.2581531 2.3831777 1.6171104 4.1675028 2.2615367 2.1904734 3.2093724 2.4301312 2.1178569 3.7295222 4.5547811 5.7428946 2.7861589 1.6271219 
Adig_XM_015924367.1                                      3.2615846 0.2939796 0.3024410 0.3050488 0.2838801 0.5835250 0.0000010 0.0125456 0.0831981 0.0694381 0.0000000 0.4172767 0.7140670 3.3741087 0.1922255 0.8364803 0.8979107 1.1215146 1.2575963 1.3113039 1.3206476 0.7462318 1.4324413 1.6015112 1.1811600 1.3096034 1.2267809 1.4520852 1.7937429 2.3898322 3.0029024 1.2679907 1.7750320 9.0000000 9.0000000 9.0000000 9.0000000 9.0000000 9.0000000 1.7926796 2.2965887 2.3098242 1.7646861 2.3312293 2.4639285 1.9122787 1.7594093 1.7687856 2.3161487 2.3161487 2.3161487 2.8034292 2.3163143 0.0000010 2.3875190 2.0380651 2.4064449 2.3111476 0.0000010 2.5739877 2.0687874 1.1405081 1.2541820 1.3047956 1.3740454 1.6397590 1.6515043 1.7142891 1.5514899 1.5478152 1.5773130 1.6206157 1.5421851 1.2888128 1.6569045 1.2852058 1.6990926 1.6086219 1.6739457 1.6767460 1.7961913 1.7571565 2.2580249 1.3700819 2.3752467 2.7181553 1.4735623 3.4838426 2.3922439 0.6695281 2.5300427 0.6751830 1.6717516 2.4544694 1.8849508 1.8953209 2.3349524 1.8914974 2.1530041 1.6474641 2.9244887 3.1049017 3.0434132 3.1569374 3.0710862 2.9896773 3.3652211 2.2092555 2.9692273 2.7651495 3.5699833 2.3698721 2.3410407 2.5872125 2.7093899 2.1450984 3.2580961 3.7948515 3.8986723 1.6714136 1.6260882 2.5218203 1.5638707 2.3467596 2.2471265 2.2207338 3.0027717 2.3705047 2.0631798 4.0367041 4.3190332 2.8663068 2.6424244 1.7111572 
Gfas_gfas1.m1.23033.m1                                   0.0000010 0.2617233 0.2671899 0.5351755 0.2319262 0.0000010 0.0000010 0.0000010 0.5247844 0.4919159 0.4172767 0.0000000 0.8178995 6.5889561 0.0000010 0.8897838 1.0847490 0.0000010 1.3281188 1.4712257 1.5382904 0.0000010 1.6883098 1.1594280 1.1138379 1.3770698 1.0759074 1.2805588 1.9730214 2.0550552 0.0000010 0.0000010 0.0000010 0.0000010 0.0000010 0.0000010 0.0000010 0.0000010 0.0000010 0.0000010 2.4821333 3.2948712 0.0000010 2.7893455 2.7893455 9.0000000 0.0000010 0.0000010 2.8353872 2.8353872 2.8353872 2.7624666 2.8289052 0.0000010 2.1828075 0.0000010 2.2485859 0.0000010 0.0000010 2.2894009 0.0000010 1.2466615 1.2696769 1.7163465 1.5581595 2.3335260 0.0000010 1.7752577 0.0000010 2.3624325 2.0457914 2.0457914 1.7593582 0.0000010 2.3686624 0.0000010 2.5435865 2.5858055 2.6431498 2.6387329 2.8093691 2.7977925 0.0000010 1.5836566 1.8768670 5.2870040 0.0000010 4.3579933 0.0000010 0.0000010 4.3296299 0.0000010 0.6366969 2.8093303 2.8093303 0.0000010 3.7492739 0.0000010 3.5717843 0.0000010 3.4537028 5.9383926 5.7595609 6.7748929 5.9383926 6.4756706 4.1160192 9.0000000 4.2535882 3.6715431 2.5665807 0.0000010 7.3642697 3.4928599 3.8353420 0.0000010 2.9408480 3.5824173 0.0000010 1.8861378 0.0000010 0.0000010 1.9581837 0.0000010 0.0000010 3.2069926 4.2500483 0.0000010 0.0000010 1.3676751 7.0727280 1.9694297 3.0377916 1.5492944 
Nvec_v1g208963                                           0.4983787 0.5718296 0.5577306 0.6104038 0.5719027 0.6677608 0.4373667 1.0431680 0.6440781 0.8222423 0.7140670 0.8178995 0.0000000 1.6011073 1.0581245 0.8087991 0.8840168 1.1379160 1.2072599 1.2729490 1.1613184 0.6197531 1.2828922 1.6204363 1.1182749 1.1723639 1.0940176 1.2593942 1.5352149 1.6405024 1.1960936 0.9095860 2.7462586 3.3011756 3.3011756 3.7153010 2.3134368 3.2523771 2.8742508 1.8302091 2.0893043 2.0862501 2.3688955 2.0528159 1.9777269 1.8889009 1.8525509 2.9363485 2.1620571 2.0395778 2.0547779 2.0763114 2.0638241 2.2342289 2.1311054 1.9364957 2.0800696 1.6318808 1.0592540 2.4228403 1.1509588 1.1259808 1.1700150 1.3139991 1.2315255 1.5720445 0.9022149 1.8195038 1.4521916 1.4422006 1.4425282 1.4546418 1.4564500 1.1678197 1.4030951 1.1328502 1.4425072 1.4223982 1.4447756 1.4464568 1.4538716 1.5154157 0.9811226 1.2466504 1.9417299 1.8593797 1.2732482 2.7688803 2.0820300 1.3657188 2.3175727 2.3443890 1.8632790 2.3847766 1.7159900 1.6385006 2.2193936 2.4183967 2.0100697 1.7622567 2.7926831 2.8330675 2.3554402 2.2479743 2.3597372 2.9211255 2.5794420 1.7234214 2.6628945 2.6113245 2.7166717 1.8450537 2.4607887 2.5496123 2.2173847 1.8736206 2.7448667 2.9853974 2.2729249 1.8097304 1.6123182 2.4081224 1.3404776 2.1120869 2.1823657 2.3357407 2.3592739 2.0434425 2.0005446 2.9540524 3.4630631 2.5998013 2.3088743 1.6667971 
Exapal_XM_021058759.2                                    0.6332130 1.8558686 1.8253781 2.2127649 1.9331288 5.6920041 0.4214184 1.1374397 5.5449687 5.7108225 3.3741087 6.5889561 1.6011073 0.0000000 1.5254275 2.1681746 2.3282537 1.5115719 5.6725332 2.8007017 2.7432749 4.8579647 2.7982059 4.0504588 2.5983777 2.6086253 2.3321880 2.5963565 3.1969145 3.6687732 3.2992063 2.4041181 2.8366080 2.9407783 2.9407783 3.2411380 2.1618866 2.9016161 2.6136891 6.3929131 3.8189286 3.7880296 3.0286413 4.6942172 5.3956597 8.6878909 2.7200689 2.7345288 4.5910850 3.7875115 3.8118273 5.2050525 3.8327691 2.3259248 6.1027597 7.3747544 4.0261481 3.9411748 1.0654477 5.7076852 4.5473110 2.6127105 2.6387288 3.6622995 2.6385554 3.8221798 2.8857358 4.6501085 3.9583418 5.4532725 3.2064045 3.2578314 4.9313832 4.9170375 3.2085926 1.5378395 3.3925157 3.2675189 3.3276225 3.3118869 3.2123921 3.1800296 2.9534633 2.6465211 1.8586108 2.1895771 1.1844954 4.2339889 2.6341033 1.5165125 3.9931630 1.4544498 2.9242681 8.0145866 3.1703851 5.4434979 3.8298179 2.6575869 3.7770141 3.0662396 3.6868257 7.7878884 5.2438794 4.4168824 5.2748371 7.2573547 4.5366102 4.4078129 4.1969255 4.0626666 3.5874869 1.8588623 5.5412326 4.2449242 3.4778933 2.1487152 3.7663658 3.9849809 2.7105683 3.3911166 1.9655863 6.2958300 5.9654102 2.8760718 6.7440666 6.6153507 7.0292633 4.7010313 6.2497450 3.7038156 6.0370562 4.8965277 5.6459393 5.7162169 
Gfas_gfas1.m1.12738.m1                                   4.3383781 0.5123895 0.5208563 0.2734873 0.3846273 1.1455427 4.0792799 0.1713266 0.0000010 0.0000010 0.1922255 0.0000010 1.0581245 1.5254275 0.0000000 1.2613393 1.3480542 1.5165396 0.0000010 1.5735517 1.4420020 0.5867984 1.6107367 2.8605810 1.5681885 1.4897160 1.3155860 1.5423952 1.7338066 0.9804514 0.9985219 0.8392614 2.9514521 3.4267978 3.4267978 3.9564977 3.2167103 3.4439556 3.1090727 0.0000010 2.2183041 2.3361857 1.7368283 1.5284769 1.4083095 0.0000010 1.5710809 2.2986436 2.0282778 2.2353744 2.2741593 1.3360510 2.3133984 3.4759560 3.6347901 0.0000010 2.2532376 1.2896924 2.5470415 0.0000010 1.1736643 1.4457203 1.5516457 1.3735403 1.5402451 1.4118478 0.8030323 0.0000010 0.0000010 1.5928410 1.7832179 1.7832179 2.8706668 1.4969773 1.8065820 1.5917219 1.5442490 1.5229400 1.4998937 1.4989876 1.4635802 1.5243647 1.0188750 1.5721059 3.7067218 3.8096252 2.5690349 2.6820537 2.5807107 4.0058214 2.3076741 1.4012963 9.0000000 0.0000010 1.8308364 1.9773885 2.4690609 2.2251370 2.4653288 1.6565697 2.5140615 0.0000010 1.4353524 1.4353524 1.4353524 0.0000010 3.0348860 1.7852675 2.5591513 2.5600115 2.5764900 4.3385235 5.6833352 1.9787481 2.1846439 3.2954796 2.6299430 2.6845531 3.3726517 2.3509751 1.9199221 3.5124972 0.2898334 2.5359901 5.5586267 1.9321438 1.3923894 3.6534690 1.6673728 3.7340316 3.9551646 1.1653371 2.7032482 3.1785527 
Dgig_XM_028552389.1                                      0.9808846 0.7339502 0.7232575 0.7742986 0.7447715 0.6535647 0.9295976 0.8609801 0.8846885 1.1119656 0.8364803 0.8897838 0.8087991 2.1681746 1.2613393 0.0000000 0.2828704 1.0306237 1.2174698 1.1934955 1.1493974 0.5473111 1.2328445 1.6006466 1.1713027 1.2346390 1.1299950 1.2762646 1.5189554 1.6901855 1.3201266 0.9160403 2.4622363 4.5353866 4.5353866 5.1366014 2.7432800 4.4410530 3.9037102 2.1443529 2.1591095 2.2717570 1.8889000 2.1232901 2.1660340 1.8427167 1.7315164 2.5425103 2.2393850 2.1378488 2.1648422 2.1133999 2.1783480 2.6552151 2.2082668 1.9127072 2.1353764 1.6841932 1.1815654 2.5362532 1.1756029 1.1051951 1.2180154 1.2717713 1.1837939 1.7239764 1.1969378 1.9374817 1.8611058 1.5788198 1.5474080 1.5591846 1.6118460 0.9512757 1.4212644 1.1388430 1.5126658 1.4944321 1.4841866 1.4860389 1.5831155 1.6163651 1.2638236 1.2405095 1.5218157 1.8030834 1.1807525 2.9830332 2.1147232 1.4151172 2.2020421 1.4063734 1.8108212 2.5576982 1.7023798 1.5428660 2.2868600 2.0728847 2.0008200 1.8196368 2.7866030 2.9380085 2.4000115 2.2628700 2.3955792 3.5206249 2.7561400 1.9284104 2.5258773 2.5169521 2.6157017 1.7731747 2.3085301 2.4912090 2.2174988 1.6671385 2.6153720 2.7972823 2.3901400 1.7307261 1.5430985 2.3374425 1.4926873 2.2053647 2.1849909 2.1835665 2.5220800 2.2894173 2.1334479 2.5728089 3.8060804 2.4855099 2.4427717 1.7253736 
Xesp_003137-T1                                           1.0202627 0.7897386 0.7835509 0.8243265 0.7842138 0.6257766 0.8203112 0.9880642 0.9035728 1.1784338 0.8979107 1.0847490 0.8840168 2.3282537 1.3480542 0.2828704 0.0000000 1.1090282 1.3122312 1.2761468 1.2444806 0.5321581 1.3276978 1.7020757 1.3105302 1.3257357 1.1682429 1.3611758 1.5927513 1.7824855 1.3980390 0.9475072 2.5551352 4.4047126 4.4047126 4.7346652 2.7971973 4.3128347 3.8207872 2.1146166 2.2202404 2.3279389 2.1423456 2.2596494 2.2689867 1.8631539 1.8888204 2.9052084 2.3088219 2.2032394 2.2351355 2.2295111 2.2400818 2.7489797 2.2803758 1.9168296 2.3062579 1.8539869 1.3499723 2.6005677 1.3013022 1.1941170 1.3023696 1.2809430 1.2695259 1.7817916 1.1977415 1.9630920 1.7972574 1.5713095 1.6412748 1.6465687 1.7111467 0.9583471 1.4650919 1.1543124 1.5353102 1.5087503 1.4987787 1.5047170 1.5815451 1.6096051 1.2666460 1.3331291 1.7124952 1.9874622 1.2043463 3.0491183 2.1900375 1.3536234 2.2898299 1.3553769 1.8747914 2.7493991 1.7961388 1.4440291 2.3473081 2.4568418 2.0768441 1.8548761 2.7688045 2.9061178 2.4694483 2.4682044 2.4583585 3.6029818 2.8487954 1.9185772 2.5434767 2.5659822 2.5645419 1.8421783 2.3641950 2.5676879 2.3249299 1.7446442 2.5829717 2.7881750 2.5089652 1.7805638 1.5981453 2.2847330 1.5160687 2.3248214 2.1804417 2.2773233 2.7064585 2.2097363 2.1486764 2.7632443 3.9929487 2.4543760 2.3751236 1.8647664 
Nemnom_g14503.t1                                         1.0660230 0.9840251 0.9756529 1.0057627 1.0303450 4.7865354 1.1427652 1.1884277 0.0000010 0.0000010 1.1215146 0.0000010 1.1379160 1.5115719 1.5165396 1.0306237 1.1090282 0.0000000 1.5397292 0.5369556 0.1645626 0.6408120 0.8764582 2.5179908 1.4036600 1.2375463 1.1203275 1.2008852 1.4751648 1.2777862 1.2965720 1.2014224 2.4167063 3.3763792 3.3763792 3.5723502 2.6020708 3.3221027 3.0483650 0.0000010 2.1956206 2.1988334 2.0656619 1.9804493 1.7869055 0.0000010 1.9256819 2.7568248 2.2931751 2.1806330 2.1917449 1.7253555 2.2495108 2.7937683 4.1332822 0.0000010 2.2987242 2.0550994 1.5978152 4.1365968 1.7623425 1.2643112 1.2912776 1.6010005 1.3332840 1.7781697 1.2630102 9.0000000 9.0000000 1.7897942 1.8286020 1.8286020 1.2336340 0.0000010 1.2586867 1.2289164 1.4157799 1.4394636 1.4312674 1.4267293 1.4682796 1.5589182 1.3726450 0.6408462 1.5797700 1.8224514 1.5182888 2.3501270 2.2073075 1.5193181 1.8877485 1.3310344 3.6280469 0.0000010 1.7143763 4.5187059 2.3307992 2.5245764 2.1043643 2.2309902 2.1045367 1.5397292 1.7535485 1.7535485 1.7535485 0.0000010 3.0638626 1.9213392 2.1916795 2.5142113 2.3305297 2.0704482 2.4596839 2.0947015 1.9646805 1.7383290 2.0273251 2.0702450 1.9719892 1.9794171 1.1244203 2.8481166 0.2898334 2.4282859 2.2365975 2.0403418 1.8104620 1.9505271 1.5909692 2.3816627 3.7034358 1.9319261 2.1147607 1.8308492 
Nemnom_g14504.t1                                         1.8880572 1.1465531 1.1502693 1.2152657 1.1278041 1.1338127 0.0000010 2.7031279 1.2396483 1.4486052 1.2575963 1.3281188 1.2072599 5.6725332 0.0000010 1.2174698 1.3122312 1.5397292 0.0000000 0.4905481 0.1709101 0.1125681 1.0319512 0.6926099 1.4417431 1.4981668 1.5692162 1.5278354 2.0272367 2.6937510 8.4461107 0.2716956 6.5020381 9.0000000 9.0000000 9.0000000 9.0000000 9.0000000 9.0000000 2.3867140 2.7343089 2.6770529 0.0000010 2.6395151 2.6395151 2.1335906 0.0000010 1.5086903 2.5410710 2.5410710 2.5410710 2.8993227 2.5408413 0.0000010 2.5221474 2.1543434 2.4667513 2.3389902 0.0000010 2.7434750 2.7772490 1.3950258 1.4331443 1.6178460 1.5199522 1.7243892 0.0000010 1.7662035 1.6776962 1.6268573 1.6778771 1.7007621 1.7413407 1.0644372 1.9509686 0.0000010 1.7955831 1.7822664 1.8364708 1.8594383 1.9808685 2.0025882 0.0000010 1.0001952 2.5632856 2.6502720 1.5592443 3.9367722 3.0849148 0.9299330 2.7962811 0.0000010 1.8147369 2.7124939 2.0109509 1.6007532 2.4767830 2.5573720 2.5011469 2.0947230 3.1271832 2.8742316 2.8421934 3.0358838 2.8421934 2.7059802 2.9182637 1.7446612 3.0411429 3.0500700 3.6713436 1.4056378 2.4405718 3.2391001 2.9806776 2.8033362 3.6750372 4.1087764 4.7845524 1.8309459 3.6369564 2.7810232 1.2602625 2.6948302 2.2543468 2.4024154 2.6817158 2.0398723 2.0390476 4.1122220 3.8745910 3.5184963 2.5081672 1.8521845 
Sanmal_Sma_014225-T1                                     1.3678098 1.1423890 1.1349222 1.1625135 1.1299157 1.3044585 1.3412285 1.2852840 1.3971231 1.5806465 1.3113039 1.4712257 1.2729490 2.8007017 1.5735517 1.1934955 1.2761468 0.5369556 0.4905481 0.0000000 0.5253893 0.1648482 0.9934245 1.4336535 1.3544094 1.4181662 1.3944146 1.3889974 1.7765585 1.9119100 1.5927010 1.0335828 2.6234823 3.3597404 3.3597404 3.4571718 2.5020701 3.3093030 3.0330526 2.0544271 2.2919964 2.3599645 2.1521242 2.2565570 2.2152964 1.8884925 1.9786094 2.9503530 2.2931297 2.2269962 2.2313353 2.3333446 2.2403568 2.3553927 2.4018361 1.9191463 2.2026047 1.9678881 1.3329086 2.5154137 1.4149515 1.3853546 1.3949136 1.5815293 1.4689779 1.8863029 1.2154184 1.8174425 1.9187581 1.8421015 1.6880152 1.7007077 1.8430066 1.2412028 1.6658688 1.2063845 1.6386576 1.6068253 1.6750860 1.6639348 1.7465928 1.7922013 1.3764162 0.8592983 1.8111541 2.1420658 1.5164051 3.1720408 2.2721298 1.6968362 2.3987448 1.5006114 1.8745009 2.9657203 1.8558492 2.1603493 2.4781250 2.4943555 2.3086910 2.2655141 2.8332531 2.9402652 2.4863374 2.3815823 2.4876036 2.8782937 2.8264916 1.8356545 2.5923482 2.7071274 2.5774133 1.9684822 2.5587082 2.6962760 2.3684289 1.9685901 2.9640823 3.1172041 2.6473779 1.9735778 1.2460354 2.6294640 1.1723992 2.4612821 2.2404732 2.4514632 2.5799502 2.0368320 1.8067450 3.0518094 4.0927796 2.7578780 2.8075918 1.8771667 
Rhoesc_Res_009241-T2                                     1.2150504 1.0923400 1.0898383 1.0880164 1.0728182 1.1572182 1.2163368 1.1571735 1.3488225 1.5548257 1.3206476 1.5382904 1.1613184 2.7432749 1.4420020 1.1493974 1.2444806 0.1645626 0.1709101 0.5253893 0.0000000 0.1248146 1.0101257 1.3453269 1.4392682 1.3678468 1.3622129 1.4246703 1.7406514 1.8939932 1.6363400 1.0622856 2.5025474 3.1281577 3.1281577 3.6345110 2.4861136 3.0821492 2.8597675 2.4018635 2.3258907 2.4382768 2.0561979 2.3676961 2.3731540 2.1093522 1.9208221 2.6605692 2.4362119 2.3671152 2.3701175 2.5228843 2.3931295 2.6959933 2.5179092 2.0773648 2.3752525 1.9333662 1.5662550 2.6854633 1.5788232 1.3580939 1.3645247 1.6586689 1.4495322 1.7017997 1.1583767 1.7823468 1.7557829 1.6607065 1.7128548 1.7262231 1.8477988 1.0351443 1.6671071 1.1975860 1.6281714 1.6279727 1.6531060 1.6599643 1.7261426 1.7749437 1.2371320 0.8505639 1.7858619 2.1821689 1.4574454 3.1832121 2.3361019 1.5949043 2.3291022 1.3480600 1.9247707 2.9905673 1.8956372 1.9142184 2.5347793 2.4461297 2.3052432 2.1985230 2.6713792 3.0468224 2.5596295 2.3010978 2.5628169 2.6622532 2.7425616 1.8020782 2.6616653 2.8424286 2.7217104 2.2172312 2.6098088 2.8969552 2.4856772 1.9066801 2.8341528 3.1140494 2.7303662 1.8797404 1.2497275 2.6363912 1.2507619 2.4973108 2.3015863 2.4194159 2.5084430 2.0295276 2.0584575 2.9094461 3.8848993 2.7280852 2.6399858 1.9277121 
Aaur_scaffold52.g5.t1                                    0.0000010 0.5817874 0.5981769 0.5738269 0.5643718 0.0000010 0.0000010 0.0000010 0.0000010 0.0000010 0.7462318 0.0000010 0.6197531 4.8579647 0.5867984 0.5473111 0.5321581 0.6408120 0.1125681 0.1648482 0.1248146 0.0000000 0.5347413 0.5755032 1.0947776 1.1987427 1.3330189 0.7629228 2.2461662 2.2461662 1.8723906 0.8464917 0.0000010 0.0000010 0.0000010 0.0000010 0.0000010 0.0000010 0.0000010 0.0000010 2.2666281 2.4560214 0.0000010 2.7772219 2.7772219 0.0000010 0.0000010 0.0000010 3.0990358 3.0990358 3.0990358 3.2057609 3.2057609 0.0000010 2.6581091 0.0000010 2.3606729 2.3740212 0.0000010 3.5868661 1.7145546 1.3435951 1.1850159 1.0855934 1.2560481 1.0346968 1.3943795 1.2909008 1.2909008 2.1313308 1.0767160 1.0767160 0.9386089 0.0000010 1.3972606 1.2574646 0.9309977 0.9809541 0.9369665 0.9369665 1.0081798 1.0081798 1.2849306 0.4768944 0.0000010 1.0231081 2.0028499 3.0608873 2.7217846 0.0000010 2.2631456 0.0000010 1.4101106 0.0000010 1.2736103 0.0000010 2.3628648 0.0000010 2.1451912 2.0394570 2.9702808 1.6243061 1.6867592 1.6867592 1.6867592 0.5982190 1.6116959 1.4990535 2.3665596 2.9597401 3.6953074 0.0000010 3.3273699 4.0038808 2.9022518 3.3519105 2.9820806 4.3684960 3.0097728 1.4336937 0.0000010 0.0000010 0.0000010 2.4686251 0.0000010 1.6982187 1.7680392 0.0000010 0.0000010 4.5236891 4.1731380 2.3382147 3.3070801 1.1066271 
Chem_TCONS_00056982                                      1.6119865 1.2334275 1.2216116 1.2773726 1.2472566 1.2308766 1.3873597 1.3149112 1.4311298 1.6424788 1.4324413 1.6883098 1.2828922 2.7982059 1.6107367 1.2328445 1.3276978 0.8764582 1.0319512 0.9934245 1.0101257 0.5347413 0.0000000 1.2022255 1.4660594 1.5085582 1.4220947 1.5635959 1.7439700 1.8557684 1.5313504 1.1403429 2.7304506 3.2531521 3.2531521 2.9504831 2.2815350 3.2027697 2.6580504 2.3891936 2.2373351 2.3179577 1.8757308 2.3939250 2.4455429 2.1349989 1.8416678 2.5060651 2.3157078 2.2190544 2.2294526 2.3726275 2.2508092 2.3938327 2.5890276 1.9080797 2.3290527 2.0096352 1.2613366 2.7828403 1.6056904 1.3664183 1.3978086 1.6427396 1.4179349 1.9251003 1.4192438 1.9340235 1.7476235 1.8899161 1.7609830 1.7666062 1.8954351 1.5954151 1.7072044 1.1629980 1.7440099 1.7004150 1.7293707 1.7349005 1.7978642 1.8493401 1.6553202 1.0138493 1.7450387 2.1198710 1.4467613 3.1773582 2.1953636 1.5915398 2.3544434 1.3442054 1.9704081 2.7410882 1.8627342 2.0747829 2.3261327 2.2177441 2.2016097 1.8217944 2.8768626 3.1967604 2.6398546 2.3650131 2.6421917 3.1544729 2.8282702 1.9192910 2.7131559 2.7802108 2.5254880 2.0232164 2.5962614 2.8640958 2.2908302 2.0291408 2.8368593 2.9888550 2.4215560 1.9069498 0.8655220 2.4997242 1.0730923 2.4425918 2.5161033 2.5803642 2.8608796 2.2921352 2.2340845 2.7795118 3.8271409 2.8383384 2.7570206 2.0024576 
Hvul_g5062_1                                             3.1547034 1.5892054 1.5899951 1.6208909 1.5855310 9.0000000 2.7290075 5.5615302 1.4335410 1.4335410 1.6015112 1.1594280 1.6204363 4.0504588 2.8605810 1.6006466 1.7020757 2.5179908 0.6926099 1.4336535 1.3453269 0.5755032 1.2022255 0.0000000 1.9077029 1.9821815 1.8338004 1.8893655 2.2994129 2.1591898 2.7397450 2.5368636 4.4693593 2.3602189 2.3602189 2.5304993 2.7722084 2.3041576 2.4662310 1.0625384 2.7417712 2.9305329 4.4738640 2.9072941 2.8399203 0.0000010 3.4615967 5.2696835 2.7964775 2.8674248 2.8585715 2.6299768 2.8783993 3.0952810 2.8132875 2.9257219 2.7945755 2.1985114 3.3337614 2.5346108 2.8139725 1.9506988 1.9257417 2.1890855 2.0612837 2.4225799 3.0699611 1.9468278 1.6474305 2.6595421 1.9744926 1.9744926 1.6276805 0.8945026 2.0153429 2.4465082 2.1804638 2.2105848 2.2190128 2.2277176 2.2084212 2.1870332 2.8312905 1.5198862 3.0819913 3.2555606 2.0544937 4.1032975 3.3915818 2.3710016 3.0784507 4.5729019 1.9013200 2.5426356 2.4866983 4.9593562 3.4519089 5.8814779 3.1402839 2.9636622 3.3867732 2.7634724 2.6319073 2.6016964 2.6319073 2.8653889 2.8292909 1.8410339 3.3921588 3.5352330 3.4429153 2.8695846 3.9331576 3.4834067 3.5285094 4.4101269 3.8193348 4.2955917 4.1274540 2.3252715 3.8868231 5.9938684 2.1058180 3.4239342 2.3027077 2.6177222 2.3530343 4.4919454 2.3934483 4.1663740 5.3314031 3.0883118 3.5521088 2.1001566 
Bralan_BLAG02001563_1                                    1.2672787 1.0860572 1.0742634 1.1190005 1.0819413 1.1709957 1.2237092 1.1901735 1.1399188 1.2627489 1.1811600 1.1138379 1.1182749 2.5983777 1.5681885 1.1713027 1.3105302 1.4036600 1.4417431 1.3544094 1.4392682 1.0947776 1.4660594 1.9077029 0.0000000 0.9662795 0.9065699 0.9889948 1.5169598 1.7804455 1.5679707 0.9773883 2.3162979 3.3020945 3.3020945 3.9727867 2.2400614 3.4007583 2.8238996 1.6512592 2.0006361 2.1020775 1.7312981 2.0037043 2.0367985 1.5497284 1.5378048 1.8788978 2.0931360 1.9959632 1.9974170 2.2783939 2.0145559 2.0263235 2.2749098 1.6038799 2.0316111 1.7698377 0.9617809 2.5447999 1.1544734 0.8911736 0.9337355 1.0777823 1.0946854 1.6468878 1.2368347 2.0387320 1.8551172 1.3021806 1.5378066 1.5498208 1.6063982 0.9749538 1.5095279 1.1764888 1.5410638 1.5295826 1.5240434 1.5184900 1.6255129 1.6289904 1.2779306 1.3910300 1.8139460 1.8628906 1.4626224 2.6765249 2.3262650 1.8436811 2.2360423 1.1593666 1.4886679 2.1714521 1.5076275 1.5672380 2.1801454 2.2494265 2.0945569 1.7832900 2.8169889 3.0547902 2.4878091 2.2854721 2.5043135 3.2048660 2.8161485 1.7478286 2.5706626 2.6171029 2.6669884 2.3476179 2.1377889 2.4649466 2.2854950 2.1172755 2.8480421 3.0963180 2.2393523 1.5169090 1.8047557 2.0321454 1.6223114 2.2427377 1.8974695 2.1826355 2.6451983 2.0279604 1.8769598 2.5740724 3.4523404 2.6043361 2.4754939 1.6632590 
Spur_XM_030976422.1                                      1.4632902 1.1337343 1.1220896 1.1488257 1.1244535 1.0509737 1.5723908 1.2883179 1.2542077 1.3952895 1.3096034 1.3770698 1.1723639 2.6086253 1.4897160 1.2346390 1.3257357 1.2375463 1.4981668 1.4181662 1.3678468 1.1987427 1.5085582 1.9821815 0.9662795 0.0000000 0.7166907 1.0910742 1.5499899 1.7566960 1.5726884 1.0222882 2.2242430 3.3871529 3.3871529 3.2812864 2.1595156 3.3481741 2.9299418 1.6224545 2.0493134 1.9892866 2.0099034 2.1056083 2.1438161 1.6514671 1.7519242 2.3454364 2.0297535 1.9466500 1.9527338 2.3490381 1.9650651 2.1691339 2.1973372 1.5467188 2.1266775 1.9110362 0.9196773 2.3263039 1.3119790 0.9345487 0.9589303 1.0962653 1.0892168 1.6586471 1.2335919 1.6034935 1.4476894 1.3497625 1.5357548 1.5426522 1.4401110 1.0586473 1.4921345 1.3858407 1.5194773 1.4657195 1.5092104 1.4964956 1.5499570 1.5554653 1.2733258 1.4041053 1.7548264 1.8855037 1.3731800 2.5933876 2.1560058 1.4252920 2.2048860 1.3641350 1.6290101 2.3637535 1.5430486 1.6037088 2.1218985 1.9816622 1.9334969 1.8219835 2.6981456 2.9770358 2.4382625 2.2349208 2.4251847 3.1755865 2.8455153 1.9601406 2.5085281 2.5410200 2.5565705 1.8704347 2.0762856 2.4462040 2.2039812 1.8495999 2.8014013 2.9932268 2.4300078 1.5450412 1.7960625 2.1408553 1.7205934 2.2467369 2.0007740 2.2842692 2.6076288 2.1071548 1.7838222 2.8360349 3.5594450 2.7205242 2.3009082 1.6289180 
Skow_XM_006812021.1                                      1.2666905 1.0269548 1.0144490 1.0679311 1.0399590 1.2737237 1.2192575 1.1509459 1.3029655 1.3541376 1.2267809 1.0759074 1.0940176 2.3321880 1.3155860 1.1299950 1.1682429 1.1203275 1.5692162 1.3944146 1.3622129 1.3330189 1.4220947 1.8338004 0.9065699 0.7166907 0.0000000 1.0022466 1.5507803 1.7855400 1.5146231 0.8875511 2.3901210 3.6513289 3.6513289 4.0423166 2.1840635 3.5856017 3.0734175 1.7506742 1.9911054 2.1020667 1.7523415 2.0152156 2.0575145 2.0429867 1.5231863 1.9549245 2.0948917 2.0155542 2.0383086 2.2327255 2.0348424 2.4081503 2.3013374 1.8498108 2.0191258 1.8690427 0.9413736 2.2509222 1.4172937 0.8668450 0.8675688 1.0974040 1.0471191 1.6806685 1.0115508 2.0492206 1.9756997 1.4679810 1.5314937 1.5386578 1.6123673 1.3667113 1.4089795 1.1081061 1.5582813 1.5051189 1.5503011 1.5478479 1.6315773 1.6282382 1.3361987 1.3390250 1.9000089 2.1717050 1.3303905 2.7365800 2.2250730 1.6738192 2.1405572 1.2447832 1.6741464 2.3587831 1.5981268 1.7497345 2.1984350 2.0399857 2.0117850 1.7949525 2.6161008 3.0204454 2.4373998 2.2245159 2.4229400 3.1116924 2.8098533 1.8103876 2.3970397 2.3770826 2.2562596 2.0539912 1.9757510 2.4006747 2.1334761 1.9088484 2.6719003 3.0346867 2.3556168 1.5013925 1.5408566 2.2026739 1.5042687 2.1151627 2.1337432 2.2491522 2.6160016 2.2212282 1.8950576 2.6407816 3.6708405 2.5227848 2.6280045 1.7105624 
Hsap_ENST00000324767                                     1.5164423 1.2516331 1.2278766 1.2583116 1.2416886 1.1579472 1.5031239 1.2402716 1.3981476 1.5936823 1.4520852 1.2805588 1.2593942 2.5963565 1.5423952 1.2762646 1.3611758 1.2008852 1.5278354 1.3889974 1.4246703 0.7629228 1.5635959 1.8893655 0.9889948 1.0910742 1.0022466 0.0000000 1.5831455 1.7005020 1.4666340 0.8802651 2.3105702 3.1655055 3.1655055 3.2661941 2.1567350 3.1955004 2.6765421 2.0617662 2.1267012 2.2347137 1.8601377 2.2563705 2.3099590 2.0865754 1.5636354 2.1359929 2.2292573 2.1330550 2.1410931 2.3820394 2.1764217 2.4712896 2.4874198 1.9595557 2.2387612 1.6523368 0.9900752 2.9140679 1.2476981 1.0433361 1.1404193 1.2109486 1.1977330 1.7460653 1.0131110 2.1032104 1.8857489 1.5402451 1.6640221 1.6750498 1.8521372 0.9967141 1.5974478 1.2217159 1.6401875 1.6103608 1.6666128 1.6646244 1.6703741 1.7257290 1.0933898 1.4502191 1.8495836 2.1393772 1.4248183 2.8916341 2.2314735 1.5781536 2.3610722 1.3350397 1.5578105 2.6405430 1.5580722 1.6026969 2.3524974 2.2508542 2.2611714 1.7919662 2.6702566 3.2663676 2.6437326 2.3276353 2.6465229 3.2551910 2.7989524 1.8519785 2.6547929 2.6221768 2.4886315 2.0434551 2.3428444 2.6496414 2.2001715 2.1881598 2.7583413 3.1650435 2.4682062 1.6699313 1.6930962 2.1499543 1.8110648 2.1696104 2.1486777 2.3197757 2.4909691 2.1906550 2.0545582 2.7622211 3.4249712 2.5174140 2.7611244 1.8945529 
