109
Fspp_ffun1.m4.16114.m1                              0.0000000 0.4994251 1.4304147 4.4979504 1.5915314 4.3032777 3.8140329 2.5926204 2.6399896 3.6494784 4.5012922 1.6334178 1.2271910 1.0007101 0.0000010 1.3623049 1.9461610 3.0545216 2.9933341 2.7481041 2.5303104 2.4675720 1.2365770 3.0653638 4.0216683 1.8770570 2.2976415 3.2256587 2.9518197 2.3660336 3.5417390 3.1337889 3.0176808 4.0115274 4.0115274 1.9868615 1.9868615 4.8305709 4.5766412 4.5766412 3.5835415 2.5766842 3.5052454 3.7253180 4.4244917 4.1416266 4.6374135 4.0462672 4.4849173 3.7043839 4.0571869 4.1518704 2.7651794 4.0862007 4.4284597 4.2608359 4.1186646 4.3733751 4.3733751 4.3470394 4.3470394 4.5879466 4.5879466 4.6127231 4.6127231 4.5507861 4.5507861 4.2279748 4.2279748 4.2017462 4.2017462 4.4257459 4.4257459 4.4470714 4.4470714 4.3958030 4.3958030 4.0292898 3.6382402 4.4550140 4.6361116 3.0530010 4.1035854 3.4084801 2.5348765 3.6355135 3.2222743 3.7686809 2.7815970 3.3038836 2.2135869 3.8538774 4.9002651 3.9743324 3.8031862 2.3777597 7.1546199 4.0494969 3.3634223 3.4536982 3.3836355 4.3880328 4.1631804 3.9317309 3.4141165 2.6288505 4.5043305 2.7004095 1.7615117 
Gasp_gasp1.m3.628.m1                                0.4994251 0.0000000 1.0529513 2.3359365 1.3284861 1.9629797 2.1228303 1.2097697 1.1035985 2.1849883 2.2537857 0.6826865 0.6318817 0.5373657 0.4662519 0.6506980 1.1824403 1.4893289 1.5468782 1.4024004 1.5479050 1.5309221 0.6565078 1.4350461 2.3421422 1.0319718 1.4719336 1.7648367 1.4264426 1.2934066 2.2466508 1.6957573 1.6825486 2.4130746 2.4130746 1.1334349 1.1334349 2.5389457 2.5305826 2.5305826 1.6771721 1.6289113 2.2320164 1.5117550 2.3012338 2.2593076 2.3893608 2.1657726 2.8011929 2.5701876 2.5258523 2.5859879 1.2368114 2.4088384 2.7978491 2.7709073 2.7084164 2.8121632 2.8121632 2.7990082 2.7990082 3.1144561 3.1144561 3.8417771 3.8417771 2.8236343 2.8236343 2.7490530 2.7490530 2.7358965 2.7358965 3.0330916 3.0330916 3.7398303 3.7398303 2.7520457 2.7520457 2.4075893 2.2943117 2.8026551 4.1784951 1.8098300 2.3221430 2.1047015 1.5344954 2.3504275 1.3234375 2.0513788 1.7470098 1.9833408 2.2149615 2.6092194 2.2654265 1.8667843 1.9229883 1.4770241 2.6581674 2.0977208 2.1758611 3.2503308 2.3361335 2.7997731 2.5807770 2.6143465 2.0308999 1.7718687 2.1181539 2.2122955 0.7248951 
Amil_Amillepora09782-RA                             1.4304147 1.0529513 0.0000000 2.1577580 0.8100547 1.8756927 2.1713860 1.1361859 1.2025850 1.7341257 1.8511374 1.1125409 0.8565144 0.7932013 0.0000010 0.8315478 1.1879920 1.5199506 1.6889032 1.5318529 1.5639592 1.5171672 0.7144435 1.4315923 2.3553699 1.0679750 1.5273949 1.9279174 1.8919629 1.3395816 2.0669898 1.5723495 2.0963586 2.0869547 2.0869547 1.0555759 1.0555759 2.4648069 1.9484138 1.9484138 1.7279906 1.6279531 2.1533559 1.5353574 1.9293564 2.0235850 2.0652460 2.2122295 2.3479615 2.2338361 2.2043932 2.2178894 1.2787069 1.9950400 2.1855197 2.1981362 2.1981362 2.2317979 2.2317979 2.2193827 2.2193827 2.4633425 2.4633425 2.8066258 2.8066258 2.2387438 2.2387438 2.2317979 2.2317979 2.2193827 2.2193827 2.4633425 2.4633425 2.8066258 2.8066258 2.2387438 2.2387438 2.3603509 2.0793464 2.4639575 2.9662765 1.8400139 2.0986440 2.2772626 1.7269653 2.1609758 1.3954044 2.0091487 1.9481783 2.0581552 2.1826202 2.4937630 2.3510383 1.8889355 1.8240529 1.6307276 2.8038588 1.9092211 2.0384389 2.6433590 2.1092068 2.4178235 2.4435682 2.6547806 2.3471638 1.6631400 2.3188715 2.2123270 1.0111098 
Emue_Em0017g253a.t1                                 4.4979504 2.3359365 2.1577580 0.0000000 0.1506482 0.5389376 1.4859520 0.8021419 0.7580056 2.1350445 2.2079256 2.1471558 1.8379813 1.8692348 0.7631751 1.8362213 1.5064859 2.0189168 2.0072679 1.8814875 1.8925063 1.8725306 0.8549106 1.5589020 2.3567241 1.4066768 1.8210239 1.9864104 2.3865943 1.4237744 2.0279505 1.8108870 2.0874009 2.2125100 2.2125100 1.5181820 1.5181820 2.4220875 2.3341889 2.3341889 1.5707600 1.5093134 2.2544333 1.5527445 2.0693030 2.1159242 2.1644244 2.0683822 2.2584018 2.2149596 1.9855083 1.9566540 1.3451106 1.9524614 2.1337905 2.0335946 1.9662731 2.0475151 2.0475151 2.0079451 2.0079451 2.1737015 2.1737015 2.4344535 2.4344535 2.0169895 2.0169895 1.9794975 1.9794975 1.9398946 1.9398946 2.0890655 2.0890655 2.3366334 2.3366334 1.9405477 1.9405477 2.1027189 1.9943153 2.2283926 2.7840067 1.9037600 2.1875317 2.5197425 1.9120213 2.4510147 1.6169473 2.0965292 1.9574339 1.8638357 1.6217563 2.2310786 1.9980817 1.6982310 2.2746224 2.0604336 2.4429826 2.1742350 1.6812057 2.2143487 2.5849241 2.8182124 2.9168961 2.3589334 2.3897961 2.0167081 2.0172655 1.0280300 1.0187646 
Spolac_c97458_g2_i1_m.15075c97458-g1                1.5915314 1.3284861 0.8100547 0.1506482 0.0000000 0.0290402 0.7000524 0.7175722 0.7096763 0.7815865 0.9050889 1.2534044 1.0858053 1.1052404 0.7752859 0.9927483 0.7349859 1.0178768 1.0178768 0.9565434 0.9191098 0.9408559 0.9408559 0.8334170 1.0441331 0.7419918 0.7560783 0.9347275 8.9999987 0.8876286 0.9414853 0.9221932 1.0581574 1.2059536 1.2059536 1.0272665 1.0272665 1.2356105 1.1189952 1.1189952 1.1363661 1.1081010 1.4116382 1.1293686 1.1405695 1.0584500 0.9866402 1.1088292 1.1462832 1.1814021 1.1238854 1.1238854 9.0000000 1.1023263 1.1667161 1.0188663 1.0188663 1.0188663 1.0188663 1.0188663 1.0188663 1.0188663 1.0188663 1.0188663 1.0188663 1.0188663 1.0188663 1.0188663 1.0188663 1.0188663 1.0188663 1.0188663 1.0188663 1.0188663 1.0188663 1.0188663 1.0188663 0.9862485 1.0140731 1.1707545 1.1707545 1.0810700 1.1851903 1.2982729 1.2458195 1.0209567 0.8514552 0.9102274 0.9029959 0.8210051 1.0962081 1.0964882 0.9919257 1.0103568 1.1960913 1.0971878 0.8750093 1.2339986 0.9222919 0.9177041 1.4220842 1.4573782 1.6573165 1.7597028 1.1215720 1.5445087 1.5626966 0.4452924 7.6302974 
Spolac_c97458_g2_i2_m.15076c97458-g1                4.3032777 1.9629797 1.8756927 0.5389376 0.0290402 0.0000000 1.3435341 0.8190707 0.7754053 2.0077570 1.7467070 1.5316347 1.7131285 1.6803145 0.7873181 1.7181311 1.5289773 1.4679930 1.4998283 1.3643044 1.6699762 1.7432168 0.8573881 1.2649392 1.8307136 1.3191573 1.7084160 1.5617749 2.8027829 1.3689557 1.7295631 1.4881650 1.9951009 1.9371992 1.9371992 1.4093191 1.4093191 1.9857519 1.8984775 1.8984775 1.4648296 1.3954303 1.9912714 1.5074283 1.8476084 1.8625388 1.7714490 2.0914696 2.0641804 2.1735832 1.7663384 1.7962564 1.3300581 1.8120848 2.0745842 1.8080540 1.8080540 1.8169938 1.8169938 1.7622852 1.7622852 1.9434836 1.9434836 2.1907481 2.1907481 1.7765231 1.7765231 1.8169938 1.8169938 1.7622852 1.7622852 1.9434836 1.9434836 2.1907481 2.1907481 1.7765231 1.7765231 1.8381925 1.8161043 1.9565286 2.4672509 1.6966350 1.8152988 1.9296431 1.8649213 1.8761826 1.6174018 1.9839185 1.8784299 1.5735362 1.8724263 1.7848773 1.7471516 1.3123852 1.6478298 1.6767949 1.8743026 2.0213712 1.5206812 2.0459108 2.1735368 2.4826245 2.6589056 2.2549303 1.8930225 1.7833739 1.8312844 1.0206161 1.1133712 
Aque_Aqu2.1.44041_001                               3.8140329 2.1228303 2.1713860 1.4859520 0.7000524 1.3435341 0.0000000 0.3074111 0.7950225 2.0665458 1.9891933 1.9248108 1.7040680 1.8085646 1.0069677 1.8691639 1.5436439 1.8486582 1.8082494 1.6767843 1.9577541 1.8487692 0.8278890 1.5510877 1.8897663 1.5506662 1.9726620 1.7178593 2.4715925 1.3086673 2.0025960 1.5746417 1.9127153 2.2406670 2.2406670 1.5630424 1.5630424 2.1283601 2.2423114 2.2423114 1.3829753 1.4944149 2.2025940 1.3395796 1.9203806 1.9690678 2.1223850 1.8575975 2.4888025 2.6338331 2.2917620 2.4316869 1.5032112 2.3664316 2.5278040 2.4665704 2.4569853 2.4931311 2.4931311 2.4258092 2.4258092 2.6667512 2.6667512 2.9194162 2.9194162 2.4727238 2.4727238 2.4834554 2.4834554 2.4160988 2.4160988 2.6544411 2.6544411 2.9055273 2.9055273 2.4616297 2.4616297 2.3156979 2.3202501 2.3036778 2.9038073 1.7201527 2.0840854 2.5809591 1.6704751 2.1179484 1.6615899 2.0129084 1.9635351 1.9230680 2.0750527 2.4085939 1.9636534 1.6210027 1.9677140 1.9135036 2.0843625 2.0927736 1.7739124 2.4285624 2.2247335 2.6072622 2.3844150 2.2288623 2.1190512 1.9490282 1.9937183 1.1617869 1.0924837 
Halamb_c42184_g1_i1m.14641                          2.5926204 1.2097697 1.1361859 0.8021419 0.7175722 0.8190707 0.3074111 0.0000000 0.7801587 1.3669089 1.3421437 1.3527466 1.1925099 1.1071218 0.8483314 1.1461176 1.0426073 1.1502329 1.1830810 1.1576240 1.3435393 1.2189084 0.8572100 1.2742003 1.1094866 1.2140950 1.2265375 1.1105143 2.4078467 0.9850236 1.3967729 1.0879748 1.3412545 1.3700685 1.3700685 1.2621155 1.2621155 1.3873577 1.5478132 1.5478132 1.2891989 1.4084496 1.3951807 1.1869979 1.3451956 1.2785621 1.2785621 1.5176140 1.5794597 1.5971840 1.5302323 1.5699148 1.2837616 1.5638911 1.6477421 1.4878720 1.4878720 1.4772364 1.4772364 1.4353962 1.4353962 1.4394178 1.4394178 1.5784052 1.5784052 1.3591384 1.3591384 1.4772364 1.4772364 1.4353962 1.4353962 1.4394178 1.4394178 1.5784052 1.5784052 1.3591384 1.3591384 1.4424103 1.5302512 1.3860402 1.6244534 1.3049314 1.3998716 1.7508793 1.5605783 1.5556342 1.5573735 1.5754584 1.4393409 1.3880859 2.2259503 1.4068551 1.1046350 0.8615050 1.2063477 1.2648086 1.2176149 1.7233960 1.3008119 1.6419479 1.8444389 1.7725626 1.6533153 1.6627608 1.7830402 2.0428373 1.6317107 1.0752696 1.0793824 
Tetwil_g16756.t1                                    2.6399896 1.1035985 1.2025850 0.7580056 0.7096763 0.7754053 0.7950225 0.7801587 0.0000000 1.4352400 1.3019434 1.3194355 1.1823017 1.1493739 0.9657522 1.1170745 1.0445014 1.0655547 1.1909630 1.0929684 1.1345467 1.1077387 0.8999527 1.1931255 1.1636223 1.0263777 1.0260950 1.1238275 2.1236543 1.1508050 1.3747012 1.1211845 1.3092936 1.4396083 1.4396083 1.1714238 1.1714238 1.4490974 1.5857357 1.5857357 1.4227858 1.4803700 1.4811593 1.4981671 1.3240673 1.3093674 1.3093674 1.3935738 1.4638084 1.4638544 1.4082651 1.4199345 1.3502384 1.5293165 1.5207684 1.5259747 1.5259747 1.5496266 1.5496266 1.4721201 1.4721201 1.6412030 1.6412030 1.8405460 1.8405460 1.5083458 1.5083458 1.5496266 1.5496266 1.4721201 1.4721201 1.6412030 1.6412030 1.8405460 1.8405460 1.5083458 1.5083458 1.3229380 1.4007939 1.4112311 1.8807768 1.1740382 1.3791246 1.6427682 1.4445281 1.4391743 1.3903926 1.4219925 1.3052500 1.2624456 2.2834777 1.3902738 1.1535823 1.0796785 1.2474036 1.1781080 1.2923802 1.6398256 1.0754386 1.3593331 1.7112194 1.5983950 1.9572404 1.6760452 1.7484015 1.8937348 1.6172110 1.0907533 0.5289252 
Chofle_EP00730_Choanoeca_flexa_P000954              3.6494784 2.1849883 1.7341257 2.1350445 0.7815865 2.0077570 2.0665458 1.3669089 1.4352400 0.0000000 0.4897679 2.2131229 1.9232853 1.7466995 0.7441821 1.7525797 1.6732370 1.6576609 1.7349905 1.6223312 1.7233696 1.8547189 0.8878819 1.5350834 2.3734322 1.7056862 2.0587326 1.5745550 3.7014104 1.6467385 2.1741142 2.1202537 2.1924582 1.3325111 1.3325111 1.0204938 1.0204938 1.3237669 1.1515052 1.1515052 1.0850239 1.1081701 1.0048612 0.6454682 0.9891132 1.3370169 1.5188053 2.0000382 2.7069589 2.6309267 2.4110496 2.3751467 1.9231699 2.4591333 2.3868654 2.5288929 2.4871491 2.5826940 2.5826940 2.4690373 2.4690373 2.5820343 2.5820343 2.8789689 2.8789689 2.4234633 2.4234633 2.5402954 2.5402954 2.4263937 2.4263937 2.5301154 2.5301154 2.8203486 2.8203486 2.3762121 2.3762121 2.4216861 2.3750236 2.2580041 2.5127335 1.8273125 2.2777817 2.1503457 2.0080222 2.2458077 1.9404564 2.2604729 1.8691736 1.8227261 1.7085061 2.5642760 1.9504781 1.7538109 1.6718521 1.7505837 2.3437119 1.2728611 2.0578850 2.3255815 1.9607397 1.9500579 1.8875856 1.7334592 1.8283150 1.5439471 2.2762084 1.5075081 1.7587827 
Choper_EP00045_Choanoeca_perplexa_P006377           4.5012922 2.2537857 1.8511374 2.2079256 0.9050889 1.7467070 1.9891933 1.3421437 1.3019434 0.4897679 0.0000000 2.3019440 2.0075253 1.9066654 0.8070671 1.8725582 1.6811698 1.7162930 1.8263848 1.7218774 1.7990144 1.8519907 0.8440333 1.5540453 1.9285775 1.6247430 1.9462827 1.5941132 3.0167627 1.7315954 2.0506033 1.8960059 2.2581390 1.3443611 1.3443611 0.8871766 0.8871766 1.4319656 1.2836094 1.2836094 0.9674783 1.0142824 1.0547419 0.6743940 0.9525624 1.4310771 1.5743866 1.7938311 2.4035337 2.4951860 2.2744516 2.2875826 1.3871925 2.2973549 2.3126550 2.2908924 2.2368814 2.2965561 2.2965561 2.2846203 2.2846203 2.6213745 2.6213745 2.8879106 2.8879106 2.4457263 2.4457263 2.2420013 2.2420013 2.2300842 2.2300842 2.5515471 2.5515471 2.8078558 2.8078558 2.3830445 2.3830445 2.4400934 2.3043569 2.0488523 2.5874939 1.7860886 2.0461172 2.0262210 1.7735699 2.1184352 2.0448456 2.3753319 1.7278334 1.8447322 2.1311044 2.6520334 1.9261045 1.8594945 1.5970012 1.7688341 2.3077300 1.3910908 2.1523621 2.8326418 1.8623103 1.9126163 2.0148926 1.6891985 1.6852266 1.5802003 2.2787557 1.8332250 1.0812096 
Spis_XP_022790114_1                                 1.6334178 0.6826865 1.1125409 2.1471558 1.2534044 1.5316347 1.9248108 1.3527466 1.3194355 2.2131229 2.3019440 0.0000000 0.1427599 0.2620505 0.4938722 0.6953955 1.1727769 1.3586533 1.4456403 1.1648502 1.7481261 1.5899252 0.6978743 1.5702821 1.8857647 1.1349427 1.4857853 1.5006865 1.9087439 1.2067892 2.0330743 1.4046328 1.6181965 2.3075585 2.3075585 1.2540098 1.2540098 2.4318059 2.5183547 2.5183547 1.6965941 1.5150918 2.0754565 1.5148041 2.1260103 2.1293922 2.1024073 1.7837504 2.2318262 2.2689051 2.1690617 2.1734061 1.3105507 2.1134463 2.4181076 2.3322961 2.3322961 2.3458898 2.3458898 2.2029249 2.2029249 2.5538483 2.5538483 3.1093642 3.1093642 2.3205716 2.3205716 2.3458898 2.3458898 2.2029249 2.2029249 2.5538483 2.5538483 3.1093642 3.1093642 2.3205716 2.3205716 2.1050568 2.1836640 2.4325000 3.5695489 1.5421942 2.3808400 2.2525576 1.9960502 2.5435081 1.5575145 1.7540163 1.5835173 1.5544512 2.1896555 2.4140676 1.6780571 1.2826644 1.6837120 1.5042993 1.9902288 2.1821497 1.7104811 2.5904559 2.4126167 2.6176361 2.5638299 2.2694605 2.1093776 1.9212171 1.8181044 2.5790917 0.8815587 
Spis_XP_022803608_1                                 1.2271910 0.6318817 0.8565144 1.8379813 1.0858053 1.7131285 1.7040680 1.1925099 1.1823017 1.9232853 2.0075253 0.1427599 0.0000000 0.1907152 0.2389951 0.5731967 0.9033278 1.2448408 1.3183392 1.1458175 1.5005665 1.4544631 0.6177688 1.3237694 1.9641157 0.9360463 1.3407086 1.3528288 1.7492980 1.0642339 1.7667889 1.5269943 1.5166566 2.0468869 2.0468869 1.2077369 1.2077369 2.0441677 1.9429012 1.9429012 1.4537634 1.3479370 1.8558857 1.3329760 1.8583026 1.9563903 1.9779362 1.9375049 2.1941494 2.0271244 2.1286899 2.1068087 1.1882866 1.9342478 2.2083920 2.1629740 2.1629740 2.1716250 2.1716250 2.0817823 2.0817823 2.2998102 2.2998102 2.6737448 2.6737448 2.1537728 2.1537728 2.1716250 2.1716250 2.0817823 2.0817823 2.2998102 2.2998102 2.6737448 2.6737448 2.1537728 2.1537728 1.8324569 1.9016999 2.2822370 2.9312767 1.5825630 2.0050371 1.9461717 1.7248340 2.2397907 1.3687567 1.7336087 1.6812611 1.6455135 1.8705064 2.2419077 1.7416390 1.2570744 1.5253783 1.4044707 2.1454320 1.8127724 1.7097359 2.2793347 2.2074644 2.4741254 2.5323880 2.3425814 1.9773090 1.9213808 1.8692146 1.6750983 0.9339361 
Pocdam_XM_027180434.1                               1.0007101 0.5373657 0.7932013 1.8692348 1.1052404 1.6803145 1.8085646 1.1071218 1.1493739 1.7466995 1.9066654 0.2620505 0.1907152 0.0000000 0.1972955 0.5145429 0.9347438 1.3753105 1.4124950 1.2180552 1.3614280 1.2902546 0.6125034 1.2980326 1.8555234 0.9299961 1.2768618 1.3497678 1.7422271 1.0627414 1.8698238 1.3774475 1.5049949 2.0008754 2.0008754 1.1488140 1.1488140 2.0774662 2.0714698 2.0714698 1.4529114 1.3868170 1.9496391 1.2872987 1.9401033 1.9669267 1.9791034 1.7653706 2.1755754 2.0345106 2.0269069 2.0071374 1.2020748 1.8940336 2.1784457 2.0482504 2.0482504 2.0556229 2.0556229 1.9830942 1.9830942 2.1719695 2.1719695 2.5064028 2.5064028 2.0422819 2.0422819 2.0556229 2.0556229 1.9830942 1.9830942 2.1719695 2.1719695 2.5064028 2.5064028 2.0422819 2.0422819 1.9827962 1.9114469 2.2356937 2.8377990 1.4162933 2.0086158 1.9412896 1.6153913 2.2708767 1.2190240 1.6713348 1.5306336 1.5594064 1.5316858 2.0790633 1.7789718 1.4190737 1.5734156 1.3558264 2.1138253 1.9101501 1.7483973 2.3558715 1.9973733 2.4183731 2.4379027 2.1481464 1.8813244 1.8190014 1.8851153 1.6288422 0.8807550 
Adig_XM_015911123.1                                 0.0000010 0.4662519 0.0000010 0.7631751 0.7752859 0.7873181 1.0069677 0.8483314 0.9657522 0.7441821 0.8070671 0.4938722 0.2389951 0.1972955 0.0000000 0.1748398 0.4970187 0.7050191 0.7050191 0.5546185 0.7257410 0.7896910 0.7896910 0.7301444 0.7885045 0.6208825 0.6402698 0.7651743 5.2045287 0.7111853 0.6876373 0.7086097 0.6086259 0.9558855 0.9558855 1.0902568 1.0902568 0.9458353 0.9185261 0.9185261 0.9191295 1.1461403 1.1679913 0.9227144 0.8428810 0.9661834 0.9661834 0.8585336 0.9883621 1.0254767 1.0684585 1.0684585 1.2159307 1.0750713 0.9856412 1.0177403 1.0177403 1.0177403 1.0177403 1.0177403 1.0177403 1.0375140 1.0375140 1.0375140 1.0375140 1.0375140 1.0375140 1.0177403 1.0177403 1.0177403 1.0177403 1.0375140 1.0375140 1.0375140 1.0375140 1.0375140 1.0375140 1.0041265 1.0664004 1.0899941 1.0754623 0.7808953 1.0164030 1.0761305 1.0736014 1.0677880 0.7124841 0.7124841 0.7327609 0.8327137 1.2156672 1.1067465 0.6338844 0.6779441 0.7331397 0.7494026 0.7840729 0.9128847 0.9368604 0.8261482 1.3200980 1.1284343 1.4042655 1.3875368 0.9653990 1.8088516 1.3115954 0.7917919 3.9880470 
Gfas_gfas1.m1.44.m1                                 1.3623049 0.6506980 0.8315478 1.8362213 0.9927483 1.7181311 1.8691639 1.1461176 1.1170745 1.7525797 1.8725582 0.6953955 0.5731967 0.5145429 0.1748398 0.0000000 1.0500612 1.5198970 1.5535109 1.3488931 1.3180779 1.2643315 0.6090725 1.2747005 2.0131655 0.9919140 1.4396169 1.4968665 1.7823883 1.1127697 1.9337990 1.5094548 1.5969674 1.9907058 1.9907058 1.1867208 1.1867208 2.0242647 1.9136461 1.9136461 1.4168338 1.3631067 2.0643639 1.2076653 1.7379730 1.9175332 1.9762452 1.8431954 2.4358409 2.2847425 2.3700284 2.3913186 1.2589853 2.0924615 2.4022876 2.3271942 2.3271942 2.3373214 2.3373214 2.2483220 2.2483220 2.4866087 2.4866087 2.8623719 2.8623719 2.3230869 2.3230869 2.3373214 2.3373214 2.2483220 2.2483220 2.4866087 2.4866087 2.8623719 2.8623719 2.3230869 2.3230869 2.2739134 2.1937076 2.3160642 2.9783633 1.6448664 2.0344563 2.0401062 1.5109057 2.0979505 1.1910174 1.6710675 1.6523563 1.5902600 1.7117311 2.1780908 1.7211950 1.4372008 1.5013008 1.4659696 2.1659314 1.7909717 1.7436645 2.3144490 2.0516781 2.5417913 2.4670392 2.2203584 1.8570452 1.7737148 1.6881952 1.5594255 1.0640077 
Exapal_XM_021061139.2                               1.9461610 1.1824403 1.1879920 1.5064859 0.7349859 1.5289773 1.5436439 1.0426073 1.0445014 1.6732370 1.6811698 1.1727769 0.9033278 0.9347438 0.4970187 1.0500612 0.0000000 1.1799661 1.2114540 1.0093227 1.2999340 1.3000198 0.6319878 1.1755037 1.5553370 0.8674395 1.1445604 1.2992088 1.8039855 0.8949359 1.4809740 1.2486898 1.4215024 1.7454740 1.7454740 1.0564793 1.0564793 1.7511643 1.7748110 1.7748110 1.3136062 1.1333798 1.7723090 1.1057065 1.6130064 1.4639987 1.5028273 1.5012547 1.8627165 1.8585748 1.6889190 1.7151045 0.9383912 1.5449526 1.7704624 1.7282110 1.7282110 1.7400228 1.7400228 1.7041203 1.7041203 1.8843823 1.8843823 2.1277758 2.1277758 1.7806117 1.7806117 1.7400228 1.7400228 1.7041203 1.7041203 1.8843823 1.8843823 2.1277758 2.1277758 1.7806117 1.7806117 1.7176016 1.5970901 1.7604847 2.3774420 1.6368430 1.7350387 2.0141070 1.5466682 1.8129523 1.3609897 1.5854203 1.5315965 1.5174351 1.4911675 2.0618455 1.5093568 1.0659237 1.2143436 1.1122596 2.0784788 1.6066302 1.6096804 2.0037352 1.9779193 2.0782720 2.2893131 1.9451335 1.9164511 1.8022671 1.7449847 1.6301174 0.9067943 
Nemnom_g13999.t1                                    3.0545216 1.4893289 1.5199506 2.0189168 1.0178768 1.4679930 1.8486582 1.1502329 1.0655547 1.6576609 1.7162930 1.3586533 1.2448408 1.3753105 0.7050191 1.5198970 1.1799661 0.0000000 0.0283394 0.5464365 1.3251992 1.4765712 0.6972651 1.3186181 2.1732854 0.9796477 1.4181145 0.9741408 1.7526847 0.9982471 1.7448783 1.4368831 1.5742738 1.6737451 1.6737451 1.1265190 1.1265190 1.9555872 1.9299750 1.9299750 1.2473949 1.0468123 1.6668380 1.0954684 1.6113845 2.0778780 2.0478702 1.7516126 2.1847570 2.0909582 2.2052370 2.2023824 1.2338851 2.0668124 2.3280311 2.1362871 2.1095970 2.1327433 2.1327433 2.1225204 2.1225204 2.4186136 2.4186136 2.7259220 2.7259220 2.2574228 2.2574228 2.1058394 2.1058394 2.0955414 2.0955414 2.3879662 2.3879662 2.6938282 2.6938282 2.2281600 2.2281600 2.1034231 2.1709055 2.2435780 2.8905575 1.6606710 2.4469166 2.6122820 1.9220955 2.3572109 1.4214304 1.8823539 1.7893928 1.6021814 1.9297825 2.4300712 1.7176725 1.0776054 1.4155426 1.3794687 2.1768187 1.9339906 1.9935672 2.7917592 1.8520050 2.0833687 2.2525572 1.9486544 1.7893345 1.7560520 1.9965401 1.6972725 0.8175555 
Nemnom_g2654.t1                                     2.9933341 1.5468782 1.6889032 2.0072679 1.0178768 1.4998283 1.8082494 1.1830810 1.1909630 1.7349905 1.8263848 1.4456403 1.3183392 1.4124950 0.7050191 1.5535109 1.2114540 0.0283394 0.0000000 0.5376014 1.3654048 1.5166171 0.7040859 1.3610582 2.1510049 1.0015603 1.4381539 0.9628939 1.7526847 1.0322957 1.7734075 1.5273826 1.5277230 1.7640443 1.7640443 1.1083525 1.1083525 2.0364564 2.0182318 2.0182318 1.3544973 1.1493790 1.7628117 1.2378319 1.6834529 2.1570974 2.1293590 1.8392535 2.1780349 2.1387679 2.2200453 2.2259549 1.2338851 2.1082462 2.3327888 2.1120071 2.0860417 2.1084679 2.1084679 2.0987219 2.0987219 2.3727959 2.3727959 2.6540996 2.6540996 2.2237777 2.2237777 2.0823070 2.0823070 2.0725016 2.0725016 2.3428064 2.3428064 2.6222918 2.6222918 2.1952774 2.1952774 2.0645184 2.1499467 2.2177137 2.8017520 1.6995253 2.5105481 2.6540186 2.0101444 2.4993024 1.4525049 1.8782162 1.8170759 1.7815658 2.0575778 2.4992036 1.7847222 1.0186556 1.4258020 1.3573029 2.3830959 2.1183903 2.0146727 2.7815647 1.9760009 2.1822225 2.4176162 2.0996019 1.9618401 1.7560520 2.1334490 1.8533520 0.8175555 
Rhoesc_Res_003773-T1                                2.7481041 1.4024004 1.5318529 1.8814875 0.9565434 1.3643044 1.6767843 1.1576240 1.0929684 1.6223312 1.7218774 1.1648502 1.1458175 1.2180552 0.5546185 1.3488931 1.0093227 0.5464365 0.5376014 0.0000000 1.3167462 1.3103839 0.6111923 1.2958272 1.8997867 0.9367447 1.3281359 0.9835380 1.9775348 1.0318121 1.7008262 1.3730950 1.5809623 1.7533552 1.7533552 1.1353747 1.1353747 1.9229244 1.9369808 1.9369808 1.2691690 1.1125860 1.7080349 1.1882674 1.7369063 1.9468237 1.8733684 1.5869504 1.9953142 2.0542153 2.1474715 2.1373411 1.1428962 2.1042924 2.3292716 2.1233164 2.0562979 2.1227573 2.1227573 2.1129751 2.1129751 2.3155505 2.3155505 2.5741657 2.5741657 2.1724074 2.1724074 2.0552675 2.0552675 2.0455383 2.0455383 2.2331615 2.2331615 2.4793809 2.4793809 2.0975286 2.0975286 2.0832015 2.0445578 2.0478775 2.5637247 1.5219519 2.1770571 2.1956305 1.7670710 2.1512015 1.3575906 1.7879378 1.7403543 1.6505488 2.0957123 2.2623512 1.6037973 0.8261501 1.3151508 1.3227723 2.2886461 1.9411110 1.8441666 2.4718211 1.9568274 2.0526560 2.2659005 2.0553716 2.0348325 1.6464985 2.0625407 1.6577231 0.7185200 
HoiH23_PlH23_006858-RA                              2.5303104 1.5479050 1.5639592 1.8925063 0.9191098 1.6699762 1.9577541 1.3435393 1.1345467 1.7233696 1.7990144 1.7481261 1.5005665 1.3614280 0.7257410 1.3180779 1.2999340 1.3251992 1.3654048 1.3167462 0.0000000 0.4264818 0.1793256 0.2110955 1.4886495 1.1978572 1.4428635 1.5322862 2.3716795 1.2455867 1.7711773 1.4280578 1.6974436 1.8587143 1.8587143 1.2329373 1.2329373 1.8768801 1.8434597 1.8434597 1.4364024 1.3009004 1.8257629 1.1838048 1.8266615 1.6472560 1.7054900 1.5391060 1.8272088 1.8618716 1.7061058 1.7232880 1.0167265 1.8822727 1.9135516 1.9543604 1.9543604 1.9528466 1.9528466 1.8747749 1.8747749 2.0859546 2.0859546 2.3776767 2.3776767 1.9726488 1.9726488 1.9528466 1.9528466 1.8747749 1.8747749 2.0859546 2.0859546 2.3776767 2.3776767 1.9726488 1.9726488 2.0125971 2.0021790 1.8882463 2.3496259 1.5080335 1.8195576 1.9013953 1.4844285 1.8852593 1.3169956 1.6865021 1.7384163 1.4008224 1.5981767 2.6483187 1.5931106 1.3397918 1.3717388 1.3666263 2.0158010 1.8575545 1.6577663 2.0526192 1.9426921 2.2075137 2.3460031 2.0672951 1.9879531 1.7827033 1.9028677 1.6062834 1.2822412 
TrH2_TrispH2_005191-RA                              2.4675720 1.5309221 1.5171672 1.8725306 0.9408559 1.7432168 1.8487692 1.2189084 1.1077387 1.8547189 1.8519907 1.5899252 1.4544631 1.2902546 0.7896910 1.2643315 1.3000198 1.4765712 1.5166171 1.3103839 0.4264818 0.0000000 0.0047116 0.4008736 1.5112402 1.1963592 1.4793888 1.4859132 2.5619104 1.3104769 1.8560756 1.5397568 1.7789942 1.7603817 1.7603817 1.2279120 1.2279120 1.8500678 2.0609291 2.0609291 1.3710625 1.3101002 1.8041515 1.0914352 1.8013761 1.7909676 1.8589527 1.4935740 1.9485606 1.9482254 1.8284169 1.8128855 0.9584355 1.7058528 1.8022660 1.8874676 1.8874676 1.8964292 1.8964292 1.8347048 1.8347048 2.0877874 2.0877874 2.3694312 2.3694312 1.9460713 1.9460713 1.8964292 1.8964292 1.8347048 1.8347048 2.0877874 2.0877874 2.3694312 2.3694312 1.9460713 1.9460713 2.0803740 2.0853733 1.9294277 2.5798938 1.4995768 1.7676072 1.8516080 1.4369930 1.8805201 1.2871857 1.7513236 1.6685324 1.5502809 1.7986955 2.6566667 1.6475873 1.3635788 1.4193137 1.3588542 2.1260025 1.9081694 1.6464184 2.0745481 2.1810169 2.5940972 2.4776730 2.0109166 2.1984062 1.7095894 1.8533406 1.4321285 1.0874962 
Tadh_TriadT19315                                    1.2365770 0.6565078 0.7144435 0.8549106 0.9408559 0.8573881 0.8278890 0.8572100 0.8999527 0.8878819 0.8440333 0.6978743 0.6177688 0.6125034 0.7896910 0.6090725 0.6319878 0.6972651 0.7040859 0.6111923 0.1793256 0.0047116 0.0000000 0.1932821 0.6328919 0.7491669 0.6954115 0.6325373 2.2752496 0.7793858 0.6716058 0.7271788 0.8072728 0.9704960 0.9704960 0.8625934 0.8625934 0.9239037 1.0413674 1.0413674 0.9520295 1.0956994 0.8748595 0.8788791 0.8464316 0.7776671 0.7776671 0.6784790 0.8253805 0.8279041 0.7534847 0.7534847 0.6649759 0.7596301 0.8077645 0.7302011 0.7302011 0.7302011 0.7302011 0.7302011 0.7302011 0.8077808 0.8077808 0.9149708 0.9149708 0.7517643 0.7517643 0.7302011 0.7302011 0.7302011 0.7302011 0.8077808 0.8077808 0.9149708 0.9149708 0.7517643 0.7517643 0.8328863 0.8230750 0.7639462 0.9686488 0.7352080 0.6786668 0.8320085 0.7732696 0.9051360 0.7752591 0.7752591 0.7939118 0.7545985 1.3052979 1.1094414 0.7321348 0.7510715 0.7598448 0.7447728 0.8755635 1.0425934 0.8564686 0.9749779 1.2861305 1.3058174 1.3761687 1.1600542 1.1364984 1.7095894 1.3563912 1.1672736 0.6295894 
HoiH11_mRNA2366                                     3.0653638 1.4350461 1.4315923 1.5589020 0.8334170 1.2649392 1.5510877 1.2742003 1.1931255 1.5350834 1.5540453 1.5702821 1.3237694 1.2980326 0.7301444 1.2747005 1.1755037 1.3186181 1.3610582 1.2958272 0.2110955 0.4008736 0.1932821 0.0000000 1.1467064 1.1555870 1.2526275 1.3367182 2.3418869 1.0261782 1.4050484 1.2231849 1.3589364 1.5721811 1.5721811 1.1534303 1.1534303 1.5736932 1.6836658 1.6836658 1.3127563 1.3081154 1.5835043 1.2832368 1.5328590 1.4532150 1.4532150 1.3288582 1.5786511 1.6038757 1.4781651 1.4832700 0.9778886 1.6334871 1.6387668 1.6136161 1.6136161 1.6080229 1.6080229 1.5225306 1.5225306 1.6607903 1.6607903 1.8984255 1.8984255 1.5800304 1.5800304 1.6080229 1.6080229 1.5225306 1.5225306 1.6607903 1.6607903 1.8984255 1.8984255 1.5800304 1.5800304 1.7257525 1.7739148 1.5910884 1.9403389 1.3092325 1.5281204 1.6282391 1.4252482 1.7472464 1.2274496 1.4140711 1.4671766 1.2384633 2.0637168 2.1450837 1.1791506 1.1464595 1.2854698 1.3025631 1.5707158 1.7749083 1.4187972 1.7970276 1.8468673 1.8107089 2.0252908 1.8138429 1.9883081 1.6891388 1.6481238 1.4720875 1.2806711 
Hsap_ENST00000378553                                4.0216683 2.3421422 2.3553699 2.3567241 1.0441331 1.8307136 1.8897663 1.1094866 1.1636223 2.3734322 1.9285775 1.8857647 1.9641157 1.8555234 0.7885045 2.0131655 1.5553370 2.1732854 2.1510049 1.8997867 1.4886495 1.5112402 0.6328919 1.1467064 0.0000000 1.1574279 1.9324384 1.9198304 2.4578637 1.3156714 1.9416274 1.7738327 1.9261192 2.3862490 2.3862490 1.6701287 1.6701287 2.3148370 2.4116527 2.4116527 1.5253802 1.6198954 2.0942897 1.3344986 2.1460220 2.2042080 2.1035406 1.9907428 2.5288545 2.6343061 2.4164589 2.5096416 1.1303110 2.4762681 2.5508731 2.3807224 2.3169495 2.4248964 2.4248964 2.3464029 2.3464029 2.6109005 2.6109005 2.9152060 2.9152060 2.4454784 2.4454784 2.3601655 2.3601655 2.2817263 2.2817263 2.5300555 2.5300555 2.8233865 2.8233865 2.3715333 2.3715333 2.6832815 2.4415977 2.4097524 3.2905137 1.7079511 2.5774954 2.7330049 1.9629056 2.6882490 1.8430800 2.4603758 1.9371502 1.8536494 2.0595995 2.8141785 1.9688183 1.8185471 2.1765978 2.0000108 2.6130354 2.5485528 2.2759448 3.1523608 2.3721395 2.7786908 2.7988940 2.2911777 2.3320787 1.5719186 2.2531602 2.0083492 1.1882853 
Xesp_021675-T1                                      1.8770570 1.0319718 1.0679750 1.4066768 0.7419918 1.3191573 1.5506662 1.2140950 1.0263777 1.7056862 1.6247430 1.1349427 0.9360463 0.9299961 0.6208825 0.9919140 0.8674395 0.9796477 1.0015603 0.9367447 1.1978572 1.1963592 0.7491669 1.1555870 1.1574279 0.0000000 0.5695565 1.1018182 2.2837807 1.0833080 1.3433766 1.1693645 1.4237362 1.8586111 1.8586111 1.4816323 1.4816323 1.6806756 1.6434615 1.6434615 1.5110061 1.3567719 1.8039218 1.5096890 1.7040987 1.5696974 1.6061564 1.4189075 1.4351103 1.5476708 1.4540846 1.4717644 1.3268050 1.5351488 1.4843669 1.4249127 1.4249127 1.4228186 1.4228186 1.3580383 1.3580383 1.4445929 1.4445929 1.5742290 1.5742290 1.3673062 1.3673062 1.4228186 1.4228186 1.3580383 1.3580383 1.4445929 1.4445929 1.5742290 1.5742290 1.3673062 1.3673062 1.4843313 1.6214809 1.5444393 1.7073208 1.3506301 1.5531603 1.7211947 1.4760315 1.6841776 1.1414068 1.3624493 1.3098120 1.1238982 1.4886579 1.6894160 1.2116682 0.9859313 1.1328572 1.0089157 1.4824390 1.8140828 1.4465628 1.8412624 1.8095869 1.8036577 2.0073076 2.1115261 1.8758841 1.6016553 1.7382020 1.4132555 1.2223138 
Dgig_XM_028538504.1                                 2.2976415 1.4719336 1.5273949 1.8210239 0.7560783 1.7084160 1.9726620 1.2265375 1.0260950 2.0587326 1.9462827 1.4857853 1.3407086 1.2768618 0.6402698 1.4396169 1.1445604 1.4181145 1.4381539 1.3281359 1.4428635 1.4793888 0.6954115 1.2526275 1.9324384 0.5695565 0.0000000 1.4775841 2.0999508 1.2570208 2.0367893 1.6250220 1.6286939 2.2396220 2.2396220 1.3832565 1.3832565 2.2209453 2.1763181 2.1763181 1.6391488 1.3841127 2.3108801 1.5203592 2.1449316 2.1521756 2.2933940 1.9678273 2.3810372 2.1966800 2.0439214 2.0613482 1.3242402 2.1033375 2.1782935 2.0640732 2.0640732 2.0575964 2.0575964 2.0130920 2.0130920 2.1742873 2.1742873 2.4148959 2.4148959 2.0302092 2.0302092 2.0575964 2.0575964 2.0130920 2.0130920 2.1742873 2.1742873 2.4148959 2.4148959 2.0302092 2.0302092 2.1673561 2.0055944 2.3718641 2.7604171 1.7403067 2.3198929 2.3568135 1.7565715 2.1909664 1.3450037 2.0001355 1.6928770 1.5938063 1.7494238 2.4971084 1.7759410 1.6026462 1.4654757 1.4784358 2.4540641 2.1512133 2.0467553 2.5633413 2.1257182 2.6482018 2.4311976 2.3688347 1.9633651 1.5411247 2.0129542 1.6402124 1.2265275 
Sanmal_Sma_022782-T1                                3.2256587 1.7648367 1.9279174 1.9864104 0.9347275 1.5617749 1.7178593 1.1105143 1.1238275 1.5745550 1.5941132 1.5006865 1.3528288 1.3497678 0.7651743 1.4968665 1.2992088 0.9741408 0.9628939 0.9835380 1.5322862 1.4859132 0.6325373 1.3367182 1.9198304 1.1018182 1.4775841 0.0000000 2.3243031 1.1409054 1.5741664 1.5544714 1.5689929 1.6759273 1.6759273 1.0947552 1.0947552 1.9261766 1.9198336 1.9198336 1.3406063 1.1832840 1.8455643 1.1832191 1.5363106 1.9696908 1.9832818 1.6989334 2.4123279 2.3342159 2.3153249 2.2851870 1.1494784 2.3349343 2.4645577 2.0000573 1.9626853 2.0070120 2.0070120 1.9976618 1.9976618 2.2696564 2.2696564 2.5643093 2.5643093 2.1078896 2.1078896 1.9693220 1.9693220 1.9599427 1.9599427 2.2247293 2.2247293 2.5145485 2.5145485 2.0661760 2.0661760 2.1818876 2.1246861 2.2985368 2.9467902 1.7271863 2.3097591 2.0988867 1.6345775 2.2767512 1.3750563 1.9125153 1.7773906 1.6826730 1.9794990 2.6537853 1.6316621 1.0969237 1.4039919 1.2961654 2.5109698 1.8762828 1.8446519 2.3220803 2.2789963 2.5751117 2.4929055 2.2795475 2.0636099 1.6969223 2.1372951 1.5028785 0.8506762 
Opea_EP00118_Oscarella_pearsei_P007467              2.9518197 1.4264426 1.8919629 2.3865943 8.9999987 2.8027829 2.4715925 2.4078467 2.1236543 3.7014104 3.0167627 1.9087439 1.7492980 1.7422271 5.2045287 1.7823883 1.8039855 1.7526847 1.7526847 1.9775348 2.3716795 2.5619104 2.2752496 2.3418869 2.4578637 2.2837807 2.0999508 2.3243031 0.0000000 0.6530662 2.0415557 1.4395657 2.4875974 2.3605481 2.3605481 1.5763823 1.5763823 3.4579951 2.7556643 2.7556643 3.0381809 3.1760334 3.0162530 2.7176678 2.7861109 2.8224163 2.8224163 3.1442690 2.6782150 2.6695847 2.6823377 2.7532049 2.1529481 2.1822615 2.7015928 2.3357809 2.3357809 2.5259060 2.5259060 2.4583876 2.4583876 5.4670841 5.4670841 5.4670841 5.4670841 5.4617502 5.4617502 2.5259060 2.5259060 2.4583876 2.4583876 5.4670841 5.4670841 5.4670841 5.4670841 5.4617502 5.4617502 2.3551996 2.5471398 2.3084670 4.5801363 2.2719495 2.0399936 2.1277482 2.1147626 1.9842027 1.8752111 1.8752111 2.2882876 3.1963830 7.1487995 2.6995859 1.9923744 4.5791231 2.4011523 2.4496932 3.0050201 3.6601124 2.2252457 4.1938591 2.9538562 2.7946338 2.3055403 3.0954812 2.7997743 7.2335605 2.9190203 6.5297748 2.1458152 
Opea_EP00118_Oscarella_pearsei_P007468              2.3660336 1.2934066 1.3395816 1.4237744 0.8876286 1.3689557 1.3086673 0.9850236 1.1508050 1.6467385 1.7315954 1.2067892 1.0642339 1.0627414 0.7111853 1.1127697 0.8949359 0.9982471 1.0322957 1.0318121 1.2455867 1.3104769 0.7793858 1.0261782 1.3156714 1.0833080 1.2570208 1.1409054 0.6530662 0.0000000 1.3613196 1.1423662 1.3764887 1.5941142 1.5941142 0.8627240 0.8627240 1.6337588 1.4211481 1.4211481 1.3701002 1.2402310 1.7681698 1.2293420 1.3891956 1.4846409 1.5638387 1.4413021 1.4055646 1.3392245 1.2325337 1.2679738 1.0038792 1.2459030 1.3861310 1.3292150 1.3292150 1.3508698 1.3508698 1.3406642 1.3406642 1.4256337 1.4256337 1.6301251 1.6301251 1.3338822 1.3338822 1.3508698 1.3508698 1.3406642 1.3406642 1.4256337 1.4256337 1.6301251 1.6301251 1.3338822 1.3338822 1.4290622 1.4269069 1.3585259 1.7451983 1.3407090 1.4598827 1.6066834 1.2810360 1.4085370 1.0736252 1.3459323 1.2664814 1.2384743 2.6934596 1.8312206 1.3758479 1.1805853 1.2853436 1.2274926 1.6200392 1.5471541 1.3438689 1.6799410 1.8699914 1.9382536 2.1413780 1.9023044 1.7567030 1.7803965 1.6236887 1.6463997 1.0233221 
Bralan_BLAG14001111_1                               3.5417390 2.2466508 2.0669898 2.0279505 0.9414853 1.7295631 2.0025960 1.3967729 1.3747012 2.1741142 2.0506033 2.0330743 1.7667889 1.8698238 0.6876373 1.9337990 1.4809740 1.7448783 1.7734075 1.7008262 1.7711773 1.8560756 0.6716058 1.4050484 1.9416274 1.3433766 2.0367893 1.5741664 2.0415557 1.3613196 0.0000000 1.7895439 1.7733513 2.2314707 2.2314707 1.3604971 1.3604971 2.1082687 2.0895247 2.0895247 1.4509124 1.3602195 1.7256424 1.2209515 1.9782333 2.0825694 2.0690019 2.1705949 2.2681666 2.3197669 2.1050515 2.1090037 1.3634838 2.0788991 2.2741947 2.1702727 2.1621221 2.2073175 2.2073175 2.1775085 2.1775085 2.3729105 2.3729105 2.5907261 2.5907261 2.2407444 2.2407444 2.1993990 2.1993990 2.1692221 2.1692221 2.3649645 2.3649645 2.5846738 2.5846738 2.2319960 2.2319960 2.0620471 2.1089060 2.0837149 2.6632085 1.6764728 2.2827191 2.1811275 1.6701596 2.1802223 1.3211072 1.6576630 1.8637615 1.7214728 1.8929185 2.4128304 1.7730148 1.5327960 1.7592393 1.5821711 2.3919389 2.0716782 2.1303473 2.6715172 2.4629973 2.6963290 2.5956276 2.5851741 2.0955508 1.5559833 2.0902482 1.7460949 1.2257054 
Plajan_Pjan_scaffold22179_01                        3.1337889 1.6957573 1.5723495 1.8108870 0.9221932 1.4881650 1.5746417 1.0879748 1.1211845 2.1202537 1.8960059 1.4046328 1.5269943 1.3774475 0.7086097 1.5094548 1.2486898 1.4368831 1.5273826 1.3730950 1.4280578 1.5397568 0.7271788 1.2231849 1.7738327 1.1693645 1.6250220 1.5544714 1.4395657 1.1423662 1.7895439 0.0000000 1.8156947 1.9378362 1.9378362 1.0239323 1.0239323 2.3410641 1.9532299 1.9532299 1.5818032 1.3505719 1.6165080 1.2345044 1.7553014 1.8172227 1.6940033 1.9607696 2.2879449 2.3431624 1.9602551 2.0229339 1.2351443 2.1094093 2.2342077 1.9700264 1.9618835 1.9982006 1.9982006 1.9871507 1.9871507 2.1932499 2.1932499 2.4109661 2.4109661 2.0123675 2.0123675 1.9899805 1.9899805 1.9789362 1.9789362 2.1828532 2.1828532 2.3990244 2.3990244 2.0031192 2.0031192 2.2599998 2.3035240 2.3425495 3.1835977 1.6175221 1.8126313 1.8344550 1.4717635 1.6735216 1.5767084 1.9640187 1.8574043 1.3556044 2.2837270 2.2089267 1.7278572 1.4616016 1.7690194 1.6941384 2.1010056 1.7454002 1.7176300 2.2793220 2.2400390 2.3533148 2.5048893 2.1723756 2.0236996 1.8516423 1.9126239 1.6498833 0.7898063 
Skow_XM_002733276.2                                 3.0176808 1.6825486 2.0963586 2.0874009 1.0581574 1.9951009 1.9127153 1.3412545 1.3092936 2.1924582 2.2581390 1.6181965 1.5166566 1.5049949 0.6086259 1.5969674 1.4215024 1.5742738 1.5277230 1.5809623 1.6974436 1.7789942 0.8072728 1.3589364 1.9261192 1.4237362 1.6286939 1.5689929 2.4875974 1.3764887 1.7733513 1.8156947 0.0000000 2.1634734 2.1634734 1.6307872 1.6307872 2.2627518 2.4041091 2.4041091 1.5132528 1.5107964 2.1745614 1.2442747 1.6369351 2.3305303 2.3499032 1.7381383 2.5540108 2.4744921 2.2471568 2.3023259 1.6653149 2.0848569 2.3102933 2.2676869 2.2676869 2.2953657 2.2953657 2.2289219 2.2289219 2.3530625 2.3530625 2.5784685 2.5784685 2.2098541 2.2098541 2.2953657 2.2953657 2.2289219 2.2289219 2.3530625 2.3530625 2.5784685 2.5784685 2.2098541 2.2098541 2.2241428 2.1236772 2.5056581 3.1705729 1.4345238 2.1304563 2.1618997 1.4396388 2.1497382 1.2959649 1.9073569 1.7499148 1.5673604 1.9370358 2.5894431 1.6997257 1.4047695 1.5368205 1.4102955 2.2097945 2.1240086 1.9698617 2.4404805 2.4194093 2.8217150 2.8369455 2.4889802 2.2028764 2.0651932 2.1157780 1.5757744 1.8630229 
Codhol_EP00042_Codosiga_hollandica_P026213          4.0115274 2.4130746 2.0869547 2.2125100 1.2059536 1.9371992 2.2406670 1.3700685 1.4396083 1.3325111 1.3443611 2.3075585 2.0468869 2.0008754 0.9558855 1.9907058 1.7454740 1.6737451 1.7640443 1.7533552 1.8587143 1.7603817 0.9704960 1.5721811 2.3862490 1.8586111 2.2396220 1.6759273 2.3605481 1.5941142 2.2314707 1.9378362 2.1634734 0.0000000 0.0000010 0.0691184 0.0691184 1.3359207 1.5927436 1.5927436 1.0349981 1.1505368 1.2184434 0.9676894 1.3557984 1.4945255 1.5741192 1.8891122 2.5202281 2.7317820 2.3347916 2.3230577 1.7626389 2.1485415 2.2669059 2.4621362 2.4003100 2.4952551 2.4952551 2.3809038 2.3809038 2.6186082 2.6186082 2.8671689 2.8671689 2.4218034 2.4218034 2.4326555 2.4326555 2.3186129 2.3186129 2.5388850 2.5388850 2.7753457 2.7753457 2.3507137 2.3507137 2.3756725 2.3357217 2.2218536 2.5617500 2.1082382 2.3751416 2.5181266 1.9856232 2.5815843 1.6532158 2.2448445 1.9625134 2.0163392 2.9450636 2.7931123 2.0142375 1.7549097 1.8517249 1.8902706 2.1436778 1.5266848 2.2875665 2.9789114 1.6489371 1.7521759 1.8552279 1.5133459 1.7347026 1.8392255 2.4507624 1.8198859 1.3395641 
