107
Amil_Amillepora35998-RA                           0.0000000 0.6296251 0.5641755 0.6154797 0.5599082 0.6863716 0.0710271 2.2023764 1.4332242 2.2818078 2.5703846 2.5115068 2.0474337 2.6501844 1.7185546 2.5745504 2.4092270 3.1338132 3.0143206 2.4061201 1.4557474 2.3381325 2.3227651 1.6648342 1.6368751 1.7493707 1.7414477 1.9176585 2.6145136 1.9973209 1.3760966 1.8969786 1.9490939 2.4605799 2.4605799 2.0452691 3.5201730 2.8703991 2.3463890 3.9503380 2.2994883 2.4262463 2.7612353 3.6737581 2.8659002 3.2792687 1.6443107 1.9239747 1.9990939 1.6870875 1.8788966 2.4650707 2.8312237 2.7135420 2.6162292 2.5636671 2.5099540 3.0142289 2.2899203 2.4619969 1.9264218 2.9362308 3.0965243 3.2726914 3.1962700 2.7230661 4.2667447 4.1518480 3.1228574 2.4609894 2.9103598 3.1566091 3.9317172 2.6214941 3.1470693 3.3667957 3.5651289 4.2478646 5.7356314 5.7356314 5.7291963 4.9545909 4.9545909 3.1708384 3.4422820 3.4422820 5.1033515 3.9564085 4.9980038 3.8353614 3.4898629 3.1654474 3.4323522 3.2897049 3.3107291 3.4947837 3.9523951 8.9999989 4.0953264 4.4819627 4.5406805 4.9613593 8.9999987 5.6600917 3.5162518 4.0342274 5.2946616 
Spis_XP_022801031_1                               0.6296251 0.0000000 0.1113525 0.2254867 0.3900453 0.3622550 0.5870176 1.4364954 0.9178970 1.6607648 1.7774132 1.7947671 1.6846309 2.0238566 1.2790952 1.9156403 1.6983798 2.0769414 2.0585422 1.8668779 0.9659535 2.0256996 2.0034079 1.5187165 1.6039608 1.5545700 1.5757341 1.6376006 1.9495816 1.5089940 1.0442982 1.8093253 1.6511779 1.8087742 1.8087742 1.5522878 2.2428677 1.7501958 1.6708548 2.4606583 1.8490477 1.9263966 2.0675073 2.1833471 2.0925404 2.3546446 1.0813924 1.5492372 1.5064995 1.5632907 1.2437063 1.8399197 2.4526580 1.9702348 1.8679355 2.5674524 2.5453366 3.0044746 2.3050902 2.5379240 1.6131547 2.2028382 2.7480779 2.7027456 2.6258175 2.0180234 3.0732779 2.9895281 2.6785228 1.9372265 1.9710204 2.8450476 2.6598756 2.1545337 2.8780753 2.8016824 2.9843153 2.9747473 3.3526201 3.3526201 3.2156050 3.2933522 3.2933522 2.3019109 2.3929816 2.3929816 3.1347217 2.8127498 3.4492744 2.5306104 2.6918061 2.1830375 2.6034946 2.4381607 2.4381607 2.6575257 3.2368014 8.9999982 2.8620741 2.6651346 2.6307312 2.7046445 3.3075476 3.3395345 2.7626182 3.8777019 4.5582561 
Pocdam_XM_027182432.1                             0.5641755 0.1113525 0.0000000 0.2518873 0.3861607 0.3734742 0.5403599 1.4550520 0.9547118 1.6806218 1.8623799 1.8066686 1.5800690 2.0855512 1.3011374 1.8255832 1.7677916 2.0025835 2.0007527 1.8992201 0.9535377 1.9971200 1.9920139 1.5181438 1.5916588 1.5472268 1.5788908 1.5935048 1.8939652 1.5607597 1.0687078 1.8819178 1.6821669 1.8213344 1.8213344 1.5779826 2.2426694 1.7601181 1.6787640 2.4608605 1.8289823 1.9138852 2.1339423 2.1747534 2.1744339 2.3926252 1.0618111 1.5783430 1.6343942 1.6038614 1.2899139 1.9031873 2.4424002 2.0465007 1.9026999 2.4858185 2.4645152 2.9057788 2.3472648 2.6097335 1.4622198 2.2271602 2.5582186 2.6361640 2.6766629 2.0578954 3.0381884 3.0533957 2.7681083 1.8897508 1.8962761 2.6896760 2.7116825 2.1444411 2.7593374 2.7283163 2.9083441 2.8219042 3.3317081 3.3317081 3.1123831 3.2843826 3.2843826 2.3620708 2.4255821 2.4255821 3.1367594 2.8428198 3.2745116 2.6058436 2.6714819 2.2433609 2.6098102 2.4270807 2.4270807 2.6685005 3.2839076 8.9999984 2.9182024 2.8761873 2.8469292 2.9379146 3.8917472 3.1688466 2.7646083 4.0684884 4.5285276 
Fspp_ffun1.m4.21081.m1                            0.6154797 0.2254867 0.2518873 0.0000000 0.3731020 0.2779400 0.6153503 1.5042220 0.9469599 1.7130490 2.0073954 1.9723345 1.6475942 2.0546657 1.2291354 2.1343006 1.6677323 2.0552330 1.9356574 1.7461788 0.9910759 1.9598440 1.9572179 1.5189511 1.6033385 1.5540824 1.5878939 1.5645696 1.8517823 1.5203592 0.9231459 1.7368159 1.6619673 1.8005769 1.8005769 1.5103864 2.3871165 1.7570516 1.6734073 2.6088957 1.7348654 1.9050821 2.0234314 2.1580328 2.1677221 2.4180167 1.0209423 1.6097302 1.6476138 1.5227223 1.2392846 1.8985749 2.2915502 1.9041847 1.8581547 2.5542679 2.5320926 2.8734428 2.3250933 2.5638862 1.6134604 2.1487831 2.6902689 2.5503547 2.4203058 2.0277097 3.0307589 3.1237224 2.7578742 1.8788278 1.9629879 2.7861021 2.7112451 2.2242227 2.8049448 2.7097134 2.8322993 3.0934890 3.5011911 3.5011911 3.3020224 3.3358815 3.3358815 2.2562552 2.3309417 2.3309417 3.2053484 2.7845591 3.3396503 2.4753568 2.5808026 2.1143348 2.6140260 2.4334701 2.3185988 2.6806766 3.3032324 8.9999985 2.7857121 2.8283037 2.7975471 2.8853013 4.0518652 3.3562152 2.7051247 3.9433577 4.2479587 
Gfas_gfas1.m1.4281.m1                             0.5599082 0.3900453 0.3861607 0.3731020 0.0000000 0.5196463 0.5450816 1.4746805 1.0034763 1.8672605 2.0831768 2.0472605 1.7112857 2.1083213 1.2705688 2.1768524 1.7516356 2.1219783 2.1901208 1.8898930 1.0165240 1.9952729 1.9988588 1.6533167 1.7610807 1.7004230 1.7626566 1.8070639 2.1687848 1.4633465 0.9814530 1.8538472 1.6288096 2.0396369 2.0396369 1.6838778 2.6614057 1.9835839 1.8516337 3.0173656 1.9414216 1.8642361 2.0877679 2.2787341 2.3027607 2.5497231 1.0833142 1.6285123 1.6646688 1.5235115 1.2278155 1.7498348 2.3517971 1.9989811 1.8474008 2.5039790 2.4978306 3.0106441 2.3799077 2.5500868 1.5684326 2.4884609 2.9212499 2.7142460 2.3167488 2.0792257 3.1474930 3.0068882 2.6383301 1.9167087 2.1360511 2.6765709 2.7097517 2.1055954 2.7328312 2.4928516 2.7752057 3.3174692 3.5319883 3.5319883 3.2685076 3.4185829 3.4185829 2.2080503 2.3027043 2.3027043 3.0969426 2.6892642 3.3496093 2.5045112 2.8994565 2.1249958 2.8393935 2.5667193 2.4906362 2.9505734 3.3637460 8.9999989 2.8859316 2.8501571 2.8187517 2.9120705 4.1763096 3.4519080 2.6601475 3.8792713 4.0383444 
Gasp_gasp1.m3.2038.m1                             0.6863716 0.3622550 0.3734742 0.2779400 0.5196463 0.0000000 0.9206361 1.6679586 1.1050442 2.0923528 2.4018864 2.3145045 2.3297717 2.6037972 1.7487353 3.0269661 2.3873687 2.9331270 2.5863872 2.0687118 1.2616651 2.3186994 2.3155300 1.7571739 1.7597871 1.7424237 1.7865298 1.9312509 2.4841582 1.7861403 1.3132761 2.0766833 2.1259643 2.1969393 2.1969393 1.8189580 2.5320790 2.4246260 2.0851768 2.6477002 2.6365061 2.5512427 2.5632310 3.2715382 2.8072367 2.7351866 1.1720007 1.6246368 1.6825156 1.6728681 1.3979970 2.1721934 2.8249980 2.6115936 2.1421078 2.3523083 2.3247729 2.7973592 2.0171242 2.1439584 1.4324783 2.3061354 2.8904919 2.7724257 2.0801006 1.9440411 3.4325013 3.2767419 2.9320967 1.8745408 1.8760974 2.7241665 2.6247947 2.2396163 3.1561798 2.8019379 3.1197546 3.7831688 4.8825964 4.8825964 4.4534476 4.2987671 4.2987671 2.6726812 2.8146434 2.8146434 4.1610760 3.4186896 4.6021596 3.1383493 3.1345470 2.3700556 3.2579908 2.9959706 2.7391042 3.3573034 3.9252726 8.9999986 3.0636653 3.3529560 3.2716178 3.4656999 3.2191080 4.6036311 3.1004431 4.1567566 4.6833325 
Adig_XM_015905954.1                               0.0710271 0.5870176 0.5403599 0.6153503 0.5450816 0.9206361 0.0000000 1.8794468 1.1935063 1.7194072 2.0900765 2.0175675 1.4376826 2.0341239 0.8327214 2.0134664 1.6441117 2.3643773 2.3292778 1.9698164 0.9020515 1.8585670 1.8468534 1.4769683 1.5815789 1.5444668 1.5626850 1.6390374 1.7748282 1.6734254 0.9120322 1.6364015 1.7835497 1.8197707 1.8197707 1.7039278 2.7385593 1.9297024 1.9475458 2.8836079 2.1073636 1.7237514 2.0009049 2.3090722 2.0777448 2.2300732 1.0604684 1.6255734 1.5996324 1.3543514 1.1472322 1.9453573 2.4908531 1.7442444 1.7154710 3.1237844 3.0575151 3.4208960 3.2305725 3.6552397 1.5727426 2.1401046 2.7116109 2.4189432 2.2770808 1.8894620 2.9270361 2.7197950 2.3014607 1.6954073 2.0575126 2.4184352 2.9161781 2.1383475 2.4075115 2.5011998 2.7878441 3.1674766 3.0442165 3.0442165 2.9175304 3.0549875 3.0549875 1.6570048 1.8791987 1.8791987 3.0869023 2.5327817 2.8439673 1.8233471 2.2191944 1.7576479 2.2077108 2.0677588 2.0434717 2.2544782 2.6520317 8.9999989 2.7013797 2.6543676 2.6543676 2.6481012 4.7800389 2.9443513 2.3739605 3.8240429 3.9741216 
Xesp_009658-T1                                    2.2023764 1.4364954 1.4550520 1.5042220 1.4746805 1.6679586 1.8794468 0.0000000 0.2517785 2.5202515 2.3061206 2.2782096 1.9084009 2.7134036 1.2504890 2.2320696 1.7298623 2.4804144 2.8567564 2.2638820 1.2392328 2.5721924 2.5524580 2.1719803 2.3054640 2.3089926 2.2390582 2.2287216 2.7063018 2.0210833 1.1796494 2.7691347 1.7725567 2.6930944 2.6930944 2.0525075 4.5906929 3.0067341 2.5273112 4.8332805 2.2117092 2.2048714 2.5742576 2.8586709 3.0287907 3.2573316 1.4615217 2.1434129 1.9768582 1.8331253 1.4114914 2.1886599 2.8203671 2.2226203 2.1189753 2.7977355 2.7715618 3.4856511 2.6428030 2.5680472 1.6897560 2.8543248 3.9444276 3.8752067 3.7963048 2.0239859 3.6454662 3.5183195 3.5351112 1.9925654 2.3342261 3.6448163 3.0052887 2.4717399 3.0455822 3.2727302 3.6175762 4.0889045 3.9873871 3.9873871 3.6521268 3.8351525 3.8351525 2.2499629 2.1743837 2.1743837 3.9499035 3.6180597 4.1445726 2.4683229 3.1080465 2.1590809 3.2765693 2.9313422 2.7481828 3.2687678 4.0769524 8.9999985 3.1731595 3.3544530 3.3405978 3.5432133 6.2872087 4.3273967 3.8786963 3.8455926 4.4415042 
Dgig_XM_028539496.1                               1.4332242 0.9178970 0.9547118 0.9469599 1.0034763 1.1050442 1.1935063 0.2517785 0.0000000 1.4812698 1.3833761 1.4118726 1.4093017 1.6412827 1.1386492 1.6323027 1.6695145 1.8113642 1.7380749 1.2018942 1.1832079 1.4640015 1.4544159 1.3561165 1.4052397 1.3296384 1.3163091 1.3647658 1.5853721 1.5100313 1.2434565 1.6647988 1.7790091 2.0194943 2.0194943 1.9539957 2.7074931 2.1730206 1.9298825 2.9948604 2.2167869 1.8511318 2.1690088 2.2718224 2.3517796 2.2633748 1.1982187 1.5211837 1.4648852 1.3785140 1.3156004 1.9416665 1.9306027 2.2312355 2.0378490 2.2877687 2.2877687 3.0416446 2.5035622 2.5789191 1.5892173 2.1547390 2.5421300 2.6820181 2.4530064 1.8787314 2.3692708 2.4306321 2.4095674 1.9677227 2.0686975 2.3106852 2.3452189 1.8472470 2.3492754 2.3199294 2.4903136 2.6773214 2.6655750 2.6655750 2.6655750 2.6359566 2.6359566 2.0966032 2.1545811 2.1545811 2.6557607 2.2549097 2.7147699 2.4659451 2.3416489 2.0322672 2.4729847 2.4729847 2.3377836 2.4664002 2.4701886 0.0000010 2.0857274 2.4188519 2.3704693 2.5005272 2.7662936 2.5026186 2.4404776 3.7073689 3.9066909 
Bralan_BLAG10000412_1                             2.2818078 1.6607648 1.6806218 1.7130490 1.8672605 2.0923528 1.7194072 2.5202515 1.4812698 0.0000000 1.5876872 1.5525260 1.1227737 1.6946781 0.8037666 1.7557161 1.2574945 1.6735680 1.4594570 1.3955832 0.7433391 1.6363261 1.5917051 1.8918273 2.0201496 1.9151355 1.9529176 2.0161655 2.1996550 1.9896632 1.5104815 2.3622098 1.7125282 2.1027505 2.1027505 1.5896883 2.7897479 2.0924187 1.8481430 2.9491280 1.7378182 1.8586851 1.8083748 2.7807079 2.2636495 2.8871620 1.5683911 2.2838800 2.2134145 2.0788169 1.4845881 2.1452975 3.0609932 2.2096855 1.9930845 2.7514677 2.7446613 2.9287294 2.7001680 2.7306114 1.6553020 2.3211405 2.6615496 2.9908981 2.6747553 2.2552054 3.0965065 3.2626782 2.7669996 2.0275062 2.3064872 2.7044501 2.7795988 2.4030568 2.8584819 3.2486078 3.0433041 3.3340910 3.8111561 3.8111561 3.6982120 3.5352905 3.5352905 2.2373081 2.3121479 2.3121479 3.6622827 2.9128842 3.4757960 2.3613911 2.6546351 2.3310752 2.7922415 2.6663608 2.4624271 2.8880626 3.4630843 8.9999988 2.9166090 2.9215972 2.8111949 2.8747050 3.9181598 3.7356471 3.0515533 4.5101954 4.3670715 
Cgig_XM_034452955.1                               2.5703846 1.7774132 1.8623799 2.0073954 2.0831768 2.4018864 2.0900765 2.3061206 1.3833761 1.5876872 0.0000000 0.0324890 0.7610083 1.7534574 0.5245965 1.4465249 1.0159403 1.6893072 1.0289107 1.6163947 1.0398605 1.9175146 1.9071006 1.7201072 1.8137509 1.8545930 1.8053216 1.9225489 1.9990740 1.7251128 1.1213078 2.0451471 1.5802694 2.5442593 2.5442593 2.1036725 4.2332809 2.6368007 2.3353671 4.5402779 1.9476274 2.2116001 2.0853138 2.5278197 2.3844548 2.8190996 1.6551114 2.1408020 2.1515147 1.9058321 1.6289017 1.8081621 2.4720660 1.9778446 1.9106805 2.6153028 2.6509629 3.0007745 2.4843278 2.3424171 2.5067219 2.7827484 3.1983227 3.7516722 2.8042033 2.2680632 3.3644966 3.4487498 2.9192050 2.5181089 2.3938233 3.0958547 3.1320479 2.4597174 2.9688397 2.9628252 3.0486940 3.2252385 2.5958653 2.5958653 2.5676490 2.5351034 2.5351034 1.8784555 2.0156881 2.0156881 2.8130030 2.6230956 2.8275480 1.8968672 2.4794220 1.9534013 2.5762503 2.2584091 2.1285886 2.5920533 2.9633222 8.9999987 2.4695589 2.6484431 2.6044788 2.6745247 4.2344646 2.6188744 3.1837680 4.4442246 4.5147121 
Cgig_XM_034452956.1                               2.5115068 1.7947671 1.8066686 1.9723345 2.0472605 2.3145045 2.0175675 2.2782096 1.4118726 1.5525260 0.0324890 0.0000000 0.7268152 1.7065509 0.5245965 1.4489842 1.0071309 1.6824490 1.0114843 1.5944232 1.0398605 1.8932305 1.8829559 1.6422326 1.7340126 1.8252996 1.7766964 1.8694733 1.9334396 1.6947177 1.1213078 2.0395571 1.5802694 2.4498046 2.4498046 2.0676138 4.3103920 2.6562891 2.3487001 4.6224445 1.9818028 2.2042684 2.0491567 2.5747489 2.3735248 2.7842360 1.6243713 2.0898484 2.1702694 1.8538442 1.6061306 1.7955580 2.4378515 1.9778446 1.9175215 2.6241362 2.6599667 2.9685681 2.4843278 2.3424171 2.5067219 2.6812307 3.1708283 3.7724108 2.7373042 2.2823716 3.1789569 3.3316496 2.9043491 2.5181089 2.3488931 2.9961798 3.1164785 2.4346161 2.8595686 2.8585188 2.9192365 3.1515052 2.6004753 2.6004753 2.5726231 2.5433483 2.5433483 1.8905472 2.0058719 2.0058719 2.8406276 2.6451916 2.7649454 1.8968672 2.5257352 1.9534013 2.6243090 2.3092558 2.1772402 2.6412164 3.0001808 8.9999986 2.4755121 2.6169705 2.5720125 2.6399190 4.1024147 2.6355389 3.0815737 4.4533860 4.5552239 
Ctel_gnl_WGS_AMQN_CAPTEDRAFT_mRNA217530           2.0474337 1.6846309 1.5800690 1.6475942 1.7112857 2.3297717 1.4376826 1.9084009 1.4093017 1.1227737 0.7610083 0.7268152 0.0000000 1.1114601 0.4789900 1.2052578 0.8870864 1.2036002 0.8506405 1.2221909 0.8876107 1.4419058 1.4119274 1.6381924 1.7337782 1.7779210 1.7141011 1.8021220 1.8498378 1.6313254 1.3005623 1.8152321 1.5796246 1.6799882 1.6799882 1.6079430 3.5183990 2.0685157 1.9300228 3.9172202 1.8380077 1.9167719 1.9228453 2.2644707 2.0925362 2.1340974 1.8022203 2.0888149 2.1013821 1.6402637 1.4761149 2.0463162 2.1724841 1.7016122 1.6387373 2.5815492 2.5815492 2.7288405 2.4232023 2.3972393 2.4686643 2.4520977 2.4382528 3.1237100 2.2425477 2.2427653 2.7631821 2.7960441 2.5412709 2.1928973 2.2164667 2.6069569 2.6463020 2.1240830 2.5628659 2.9636809 3.1062672 2.6646329 2.3873776 2.3873776 2.3234381 2.3313142 2.3313142 1.7050585 1.9212884 1.9212884 2.3898187 2.2764756 2.4515923 1.8346106 2.0549333 1.9274012 2.1197238 2.0763567 2.0162519 2.0722662 2.1970643 8.9999981 2.2784781 2.2953357 2.2288733 2.2847847 2.5714994 2.1887068 3.1120948 4.1949842 4.5703299 
Cscu_XM_023370074.1                               2.6501844 2.0238566 2.0855512 2.0546657 2.1083213 2.6037972 2.0341239 2.7134036 1.6412827 1.6946781 1.7534574 1.7065509 1.1114601 0.0000000 0.4474697 1.4418293 0.7601402 1.2936954 1.9195938 1.6302844 0.7800044 1.8245151 1.7999492 2.0099503 2.1047692 2.1118273 2.1720906 2.2617672 2.3841084 1.8822322 1.2165698 2.2955405 1.5416132 2.8067047 2.8067047 2.2696990 5.4296954 2.8497863 2.4978216 5.9898360 1.8228059 2.0337293 2.1251633 2.4212400 2.4300916 2.9821908 1.9868294 2.2116817 2.0815814 1.9484062 1.5200149 2.2873385 2.6725423 1.9134992 2.1612442 2.7948249 2.7683307 3.0219222 2.1548889 2.4928554 2.0685227 2.8300205 3.1587028 3.4991174 2.7998272 2.3711003 3.6496049 3.5060719 3.5084869 2.3801616 2.7811911 3.2748610 3.5646587 2.9504786 3.3284147 3.4939943 3.5256898 3.5934963 3.5947089 3.5947089 3.3265720 3.3882290 3.3882290 2.3660125 2.4163578 2.4163578 3.3256953 3.1617825 3.5316048 2.3582057 2.9293798 2.4553136 3.0832029 2.9138217 2.7838049 3.0364377 3.6705869 8.9999988 3.3074847 3.0143469 2.9049379 2.9799294 5.5246364 4.0351011 3.3965622 4.4861003 4.3462822 
Dpul_mRNA13120                                    1.7185546 1.2790952 1.3011374 1.2291354 1.2705688 1.7487353 0.8327214 1.2504890 1.1386492 0.8037666 0.5245965 0.5245965 0.4789900 0.4474697 0.0000000 0.0256967 0.0540853 0.2977677 0.5300087 0.7654465 0.7360446 0.6906925 0.6906925 1.0782739 1.1374518 1.0448426 1.0249297 1.0459309 0.9893433 1.4756556 1.4304305 1.2570224 1.3598914 0.9619824 0.9619824 1.0602645 0.3707033 0.8707907 1.0398813 2.6455034 1.0398813 1.2610520 1.1707412 1.1430566 1.4455719 1.3900934 1.1420502 1.2907529 1.3153386 1.2000911 1.6539393 1.4411476 1.5150116 1.6779772 1.6779772 2.1649731 2.1649731 2.2086873 2.1052087 1.8811353 4.4347009 1.9428020 2.2764460 3.4334576 2.0979827 2.3805704 2.3105215 2.3012327 2.4595111 2.2574185 2.0693166 2.3131517 2.5158654 2.0211525 2.1771750 2.5858690 2.3899354 2.1553133 1.9415538 1.9415538 1.9415538 1.7698994 1.7698994 1.6944357 1.8069713 1.8069713 1.8211429 1.8219828 1.7897691 1.8774471 1.7864202 1.7864202 1.7864202 1.7864202 1.7864202 1.7864202 1.7864202 0.0000010 1.5923789 1.7468937 1.6133888 1.6898631 0.0000010 2.1551167 2.4675400 3.7839360 4.2143599 
Dpul_mRNA17082                                    2.5745504 1.9156403 1.8255832 2.1343006 2.1768524 3.0269661 2.0134664 2.2320696 1.6323027 1.7557161 1.4465249 1.4489842 1.2052578 1.4418293 0.0256967 0.0000000 0.1747956 1.2176618 1.7666354 1.7494799 1.0254324 1.7186576 1.7031443 1.8410471 1.9544136 1.8251724 1.8639729 1.9946758 2.2449018 1.9778469 1.4278790 2.1450463 1.8993633 2.0911224 2.0911224 2.0338921 4.4014234 2.1792947 1.9871097 4.6489578 1.6076702 2.0389092 2.0878954 2.6767336 2.3810929 2.5537550 1.9301745 2.1398799 1.9653623 1.8904708 1.9526640 2.1730169 2.5801563 2.0825790 2.0183963 2.6836963 2.6745244 2.9150165 2.3939066 2.5143223 2.2154785 2.6818097 3.0503759 3.6155055 2.4692371 2.2709126 3.1423635 2.7071129 2.6725279 2.2599762 2.3744515 3.1765549 3.2937405 2.3376281 2.5901435 2.9234148 3.0246693 2.9347054 3.1325306 3.1325306 3.0642249 2.8149711 2.8149711 2.1525208 2.3295175 2.3295175 3.0685215 2.7700269 3.0140966 2.4198779 2.8723892 2.3382543 2.9154542 2.6869180 2.6271369 2.9194253 3.1747034 8.9999990 2.1962911 2.3763893 2.3185240 2.4117924 3.4175404 3.1552808 3.1396671 3.8629329 4.1114215 
Dpul_mRNA4498                                     2.4092270 1.6983798 1.7677916 1.6677323 1.7516356 2.3873687 1.6441117 1.7298623 1.6695145 1.2574945 1.0159403 1.0071309 0.8870864 0.7601402 0.0540853 0.1747956 0.0000000 0.5560626 0.9905804 1.2170254 0.9578781 1.1128183 1.1128183 1.6018165 1.7322392 1.5711220 1.5481722 1.5578946 1.5782920 1.8644147 1.5588829 1.8853352 1.5930043 1.4145277 1.4145277 1.4504202 5.4298571 1.4406323 1.4131108 6.6398439 1.4912100 1.4652884 1.5842310 1.6993632 1.7664421 1.8952332 1.6416073 1.5372420 1.6073855 1.5096395 1.9542685 1.7882331 1.9744783 1.9167202 2.0261062 2.7677327 2.7677327 3.0755563 2.4572264 2.4152089 3.2326471 2.4075782 2.7439784 4.1511154 2.5212349 2.7787458 2.7926520 2.5683317 3.0170639 2.4044348 2.1781509 3.1038211 3.3294477 2.6300285 2.5803093 3.0384399 2.8844579 2.9816631 3.0007949 3.0007949 3.0007949 2.4909784 2.4909784 1.9910587 2.2430956 2.2430956 2.4772727 2.3037082 2.4937473 2.3320681 2.5210022 2.1756150 2.5210022 2.5210022 2.5210022 2.5210022 2.5210022 0.0000010 1.9803654 2.2978306 2.1924060 2.3470852 8.9999989 3.0626174 3.5240670 4.5348721 5.0607649 
Tcas_TC012381_001                                 3.1338132 2.0769414 2.0025835 2.0552330 2.1219783 2.9331270 2.3643773 2.4804144 1.8113642 1.6735680 1.6893072 1.6824490 1.2036002 1.2936954 0.2977677 1.2176618 0.5560626 0.0000000 1.7397554 1.6273604 1.0526150 1.8191096 1.8266526 1.9242438 2.0585743 2.0459905 2.0365289 2.0469278 2.2622387 1.9055325 1.2920320 2.3257523 1.8092365 2.4157441 2.4157441 2.1377759 4.7895739 2.5406517 2.2638108 5.3166200 1.7608771 2.0753853 2.0887266 2.6309882 2.4926311 2.6437776 1.9375140 2.3158369 2.1983073 2.0858643 1.8584560 2.3505251 2.9091343 2.1420003 2.1248355 2.6721903 2.6583240 3.2775264 2.5987783 2.7067417 2.4685601 2.7546811 3.3200969 4.0457436 3.1281173 2.6894367 3.6566147 3.2451826 2.8972082 2.2529536 2.3445768 3.2751571 3.2382900 2.7877238 3.3212793 3.1334485 3.4111337 3.2770234 3.4570705 3.4570705 3.2141278 3.0834367 3.0834367 1.9626700 2.2335013 2.2335013 3.0928626 2.7587445 3.1932272 2.0623801 2.5447712 2.2369154 2.6856359 2.4090838 2.2926323 2.6550056 3.0011880 8.9999990 2.3345522 2.6128901 2.5631799 2.7193445 3.8048964 3.1414916 3.7850089 4.5557233 5.3304157 
Acagra_model.g19679.t1                            3.0143206 2.0585422 2.0007527 1.9356574 2.1901208 2.5863872 2.3292778 2.8567564 1.7380749 1.4594570 1.0289107 1.0114843 0.8506405 1.9195938 0.5300087 1.7666354 0.9905804 1.7397554 0.0000000 1.7128106 0.9568307 1.8202125 1.8174591 2.0751652 2.1951874 2.3259368 2.3013138 2.4345953 2.6797587 1.9907814 1.0904720 2.2850810 1.7799469 2.6627606 2.6627606 2.2082181 5.1852021 2.8548417 2.5008001 5.2951922 1.8950880 2.1042961 1.9594781 2.5345698 2.3432341 3.1730357 2.1758375 2.2280365 2.4575450 2.1074896 1.7689481 2.3206600 3.1236186 1.8849096 1.9022387 2.9923428 2.9826312 3.3729653 2.8050313 2.7363249 2.4868892 2.8215179 3.5522222 4.0199664 2.9602732 2.3728690 3.6385801 3.7265340 2.9076111 2.5377386 2.5129098 3.2245805 3.4378471 2.5354475 3.1591042 3.6158331 3.8413104 3.3485002 3.1043077 3.1043077 2.9880522 2.8520753 2.8520753 2.0679012 2.1206493 2.1206493 3.2692578 2.8191937 2.9836200 2.1675484 2.3408647 2.0042683 2.3859674 2.3730593 2.2696581 2.4672543 2.8824110 8.9999987 2.8262136 2.6543927 2.6250674 2.7724399 4.0989742 3.4057995 3.8233460 4.3112557 4.3743305 
Hsap_ENST00000342016                              2.4061201 1.8668779 1.8992201 1.7461788 1.8898930 2.0687118 1.9698164 2.2638820 1.2018942 1.3955832 1.6163947 1.5944232 1.2221909 1.6302844 0.7654465 1.7494799 1.2170254 1.6273604 1.7128106 0.0000000 0.6961069 1.4638098 1.4644986 1.9867593 2.0859087 2.0134047 2.0747471 2.2509254 2.6253168 1.7066448 1.1082146 1.9868534 1.5720779 1.9803364 1.9803364 1.5454184 3.4347616 2.1068836 1.8247291 3.6457796 1.4058360 1.8896175 1.8327888 2.8347923 2.3160779 2.4617770 1.6005886 1.9689747 1.7758760 1.9757825 1.5161948 1.9792939 2.6576679 2.1218029 1.9856859 2.7630966 2.7636270 3.0802841 2.4058971 2.4006094 2.1346949 2.5169836 3.3473531 3.1558876 3.1341839 2.1593597 3.0338563 3.2534050 2.9453859 2.1726667 2.2373484 2.9268717 3.0127846 2.3503946 3.2407635 3.0024987 3.5608967 2.9183907 3.8395884 3.8395884 3.5450946 3.4362153 3.4362153 2.1852609 2.3524191 2.3524191 3.4386583 2.9274776 3.3620749 2.4808086 2.4213961 2.1124561 2.4826708 2.3842017 2.3360414 2.4748689 3.1423469 8.9999985 2.9269016 2.9236733 2.8087594 2.8750026 4.2432419 3.8877261 3.0708416 4.5558641 4.7194146 
Skow_XM_006823666.1                               1.4557474 0.9659535 0.9535377 0.9910759 1.0165240 1.2616651 0.9020515 1.2392328 1.1832079 0.7433391 1.0398605 1.0398605 0.8876107 0.7800044 0.7360446 1.0254324 0.9578781 1.0526150 0.9568307 0.6961069 0.0000000 0.7310578 0.7310578 1.2139053 1.2857486 1.2740203 1.2612955 1.2658351 1.2992029 1.3641967 1.2939701 1.3821536 1.8313233 1.5440079 1.5440079 1.4511147 3.0237155 1.7264267 1.5228024 3.2192781 1.3085988 1.5758656 1.4345078 1.8022979 1.8864924 1.8211595 1.0123173 1.1496252 1.1802246 1.1882112 1.4947090 1.5473110 1.6979943 2.0017591 1.9552126 2.3947225 2.3947225 2.6529241 2.5584258 2.8422150 1.8346110 1.9585214 1.9894421 2.3480104 1.9252858 2.2346614 2.0297665 2.0196108 1.9535134 1.9102980 2.0373445 2.2118190 2.3229086 2.1281648 2.5716768 2.0187818 1.9735476 2.0812176 2.0459930 2.0459930 2.0459930 1.9702546 1.9702546 1.8502226 2.0471913 2.0471913 2.0212139 2.0504656 1.9585200 2.0002893 1.9259048 1.9259048 1.9259048 1.9259048 1.9259048 1.9259048 1.9259048 0.0000010 2.0698069 2.1507926 2.0567724 2.0494619 2.4226775 2.2031358 2.2675984 4.4903891 4.6047040 
Spur_XM_030993286.1                               2.3381325 2.0256996 1.9971200 1.9598440 1.9952729 2.3186994 1.8585670 2.5721924 1.4640015 1.6363261 1.9175146 1.8932305 1.4419058 1.8245151 0.6906925 1.7186576 1.1128183 1.8191096 1.8202125 1.4638098 0.7310578 0.0000000 0.0130817 2.1957812 2.3489962 2.1946682 2.1934748 2.2800388 2.5657599 1.7305695 1.3357760 2.0489820 1.5953436 2.0110360 2.0110360 1.6209535 2.9812788 2.0812057 1.8993695 3.1120499 1.7936893 1.8872684 1.9930564 2.6880345 2.2582095 2.7975437 1.8125442 2.0054925 1.9206233 1.7022115 1.3849738 2.2097799 3.0032852 1.8065932 1.8700704 2.5531430 2.5410796 2.5149349 2.0682199 2.0847969 2.0174380 2.5713751 2.9997825 3.4812560 2.6836925 2.1644748 2.8896283 3.0549362 2.7184326 1.8906357 2.3866331 2.9859083 3.0084515 2.4261953 2.7602223 2.8932390 3.1505201 3.3388649 3.6126540 3.6126540 3.5504747 3.3075332 3.3075332 2.3396764 2.2956068 2.2956068 3.7043160 3.2298896 3.9843578 2.3242523 2.7225589 2.3198154 2.7261126 2.4840105 2.4307075 2.7500666 3.3070643 8.9999985 2.7740855 2.8962455 2.9196517 3.0293032 5.1792038 3.6952873 3.0291752 3.7163815 4.5755754 
Spur_XM_003727972.3                               2.3227651 2.0034079 1.9920139 1.9572179 1.9988588 2.3155300 1.8468534 2.5524580 1.4544159 1.5917051 1.9071006 1.8829559 1.4119274 1.7999492 0.6906925 1.7031443 1.1128183 1.8266526 1.8174591 1.4644986 0.7310578 0.0130817 0.0000000 2.1835790 2.3354228 2.1715659 2.1703317 2.2559219 2.5335593 1.7098713 1.3357760 2.0583671 1.5953436 2.0038600 2.0038600 1.6208319 2.9786837 2.0791840 1.8975908 3.1096586 1.7936893 1.8815965 1.9909392 2.6486174 2.2319347 2.8095284 1.8143601 2.0021510 1.9141476 1.7045512 1.3964212 2.2145048 3.0015891 1.8065932 1.8700704 2.5429425 2.5309116 2.4774195 2.0682199 2.0847969 2.0174380 2.5384627 2.9740163 3.4786394 2.6765782 2.1644748 2.8778466 3.0135085 2.7301743 1.8906357 2.3786440 2.9564303 2.9908706 2.3955314 2.7443689 2.8625183 3.1360255 3.3069904 3.5921283 3.5921283 3.5232320 3.2770472 3.2770472 2.3396764 2.2956068 2.2956068 3.6161827 3.2127733 3.9847263 2.3242523 2.7135175 2.3198154 2.7074100 2.4751996 2.4307269 2.7324028 3.3384355 8.9999985 2.7738900 2.8947421 2.9180759 3.0276566 5.1757860 3.6391640 3.0152275 3.7163815 4.5755754 
TrH2_TrispH2_004798-RA                            1.6648342 1.5187165 1.5181438 1.5189511 1.6533167 1.7571739 1.4769683 2.1719803 1.3561165 1.8918273 1.7201072 1.6422326 1.6381924 2.0099503 1.0782739 1.8410471 1.6018165 1.9242438 2.0751652 1.9867593 1.2139053 2.1957812 2.1835790 0.0000000 0.0162917 0.2806246 0.2852460 0.3094780 0.3811672 1.3986015 0.9460068 1.6263940 1.9101413 2.0392624 2.0392624 1.7752303 2.7581756 2.1237747 1.9601599 2.9031464 1.8979188 1.9401537 1.8836809 2.7973293 2.1490994 2.6286193 1.4433858 1.9960992 1.9962674 1.7757981 1.4885559 2.0504467 2.2280797 1.9686193 1.7768990 2.5329563 2.5247283 2.9458854 2.5934787 2.7925437 1.9153060 2.4259660 3.0755068 2.8628654 2.7331306 2.0404250 2.8969147 3.3900374 2.4208946 2.0496199 2.1576514 2.4152552 2.8965630 2.0491253 2.8960627 2.8954388 3.2284730 3.2960578 3.7101797 3.7101797 3.4855202 3.5601719 3.5601719 2.3821318 2.3529444 2.3529444 3.3626646 2.9851086 3.7670140 2.6135795 2.6848734 2.3212119 2.8171194 2.5915956 2.4785924 2.7722103 3.2304511 8.9384114 2.8571726 2.8891234 2.8834425 2.9675305 3.7572001 3.5523066 2.8360196 3.9852095 4.4609572 
Tadh_TriadT54065                                  1.6368751 1.6039608 1.5916588 1.6033385 1.7610807 1.7597871 1.5815789 2.3054640 1.4052397 2.0201496 1.8137509 1.7340126 1.7337782 2.1047692 1.1374518 1.9544136 1.7322392 2.0585743 2.1951874 2.0859087 1.2857486 2.3489962 2.3354228 0.0162917 0.0000000 0.3119133 0.3168140 0.3370098 0.4319932 1.3910996 0.9031964 1.6514880 1.9668004 2.1062611 2.1062611 1.8224661 2.7581756 2.2065472 2.0136342 2.9031464 1.9770492 1.9472410 1.8976791 3.0117955 2.3318519 2.7688693 1.5922568 2.0283667 2.0378694 1.8108226 1.6363397 2.1456773 2.4119635 1.9537783 1.7574725 2.3332748 2.3252575 2.7811722 2.2907208 2.6044712 1.9153060 2.3929995 3.0490812 2.8055632 2.6944805 2.0604111 2.9695123 3.5424709 2.4836684 1.9369822 2.0654966 2.5148381 2.9696916 1.9492542 2.9424792 2.7575253 3.0616710 3.3209801 3.9275084 3.9275084 3.6884506 3.7339169 3.7339169 2.5095359 2.4296337 2.4296337 3.5411472 3.1128209 4.0078603 2.7320316 2.8063807 2.4340901 2.9474033 2.7049384 2.5866451 2.8969653 3.3748768 8.9384114 3.0030008 3.0666834 3.0681766 3.1728411 3.7572001 3.7538350 2.7122814 4.1549786 4.3915697 
HoiH23_PlH23_010486-RA                            1.7493707 1.5545700 1.5472268 1.5540824 1.7004230 1.7424237 1.5444668 2.3089926 1.3296384 1.9151355 1.8545930 1.8252996 1.7779210 2.1118273 1.0448426 1.8251724 1.5711220 2.0459905 2.3259368 2.0134047 1.2740203 2.1946682 2.1715659 0.2806246 0.3119133 0.0000000 0.0565882 0.1830904 0.2080112 1.4025995 0.8307505 1.6841061 1.7134935 2.1032680 2.1032680 1.7392996 3.4031723 2.1724629 2.0024327 3.5486644 1.7167755 1.9332990 1.8986077 2.7187485 2.1665036 2.6417077 1.4257841 1.9876391 1.9938792 1.8301712 1.4339344 1.9561248 2.2434139 1.9407252 1.7887502 2.4822047 2.4740036 2.7559304 2.4111034 2.4811983 2.0963870 2.3119829 2.9127084 2.7763005 2.8087692 1.9565266 2.7362722 3.2243361 2.4750599 1.9635443 2.0095713 2.4562450 2.6858660 1.9349474 2.5196091 2.9086562 3.2299795 3.4486400 3.7570869 3.7570869 3.4660699 3.6108198 3.6108198 2.3568408 2.3005726 2.3005726 3.2326483 2.7002654 3.8305693 2.5219424 2.6409061 2.1862616 2.7854279 2.6105700 2.4857643 2.7407486 3.2556727 8.9999984 2.7212123 2.8845372 2.8786580 2.9627076 4.1281084 3.6882373 2.7342185 4.2257464 4.5037872 
HoiH06_mRNA7556                                   1.7414477 1.5757341 1.5788908 1.5878939 1.7626566 1.7865298 1.5626850 2.2390582 1.3163091 1.9529176 1.8053216 1.7766964 1.7141011 2.1720906 1.0249297 1.8639729 1.5481722 2.0365289 2.3013138 2.0747471 1.2612955 2.1934748 2.1703317 0.2852460 0.3168140 0.0565882 0.0000000 0.1726202 0.1990886 1.4114187 0.8130534 1.7039173 1.7328885 2.1427199 2.1427199 1.7440078 3.4057785 2.1824047 2.0016220 3.5510459 1.7153434 1.8763342 1.8489608 2.7260666 2.1212472 2.6914521 1.3711250 2.0012996 1.9669683 1.8458268 1.4476057 1.9619592 2.2756146 1.9416559 1.7943372 2.6151673 2.6065059 2.8240015 2.5437164 2.6124433 2.0370127 2.2961512 2.9226334 2.7997829 2.7460124 1.9696797 2.8110138 3.3173582 2.6343211 1.9961757 2.0628302 2.4241599 2.6805661 1.9524118 2.6132691 2.7924867 3.1933210 3.4536939 3.8352933 3.8352933 3.5551075 3.6677276 3.6677276 2.3904155 2.3431486 2.3431486 3.3632703 2.7970507 3.8563943 2.5759990 2.7045630 2.2162998 2.8226740 2.6369403 2.5026564 2.8143385 3.3007398 8.9999986 2.8285893 2.8636702 2.8570216 2.9389867 3.8317770 3.8537254 2.7334199 4.3273458 4.4103192 
Hhon_g02817.t1                                    1.9176585 1.6376006 1.5935048 1.5645696 1.8070639 1.9312509 1.6390374 2.2287216 1.3647658 2.0161655 1.9225489 1.8694733 1.8021220 2.2617672 1.0459309 1.9946758 1.5578946 2.0469278 2.4345953 2.2509254 1.2658351 2.2800388 2.2559219 0.3094780 0.3370098 0.1830904 0.1726202 0.0000000 0.0124523 1.4559028 0.8243370 1.8185890 1.8327132 2.1420498 2.1420498 1.7511859 3.7047018 2.3802295 2.1446233 3.8461472 1.8248795 1.9334530 2.1021470 2.9883174 2.2202223 2.9161817 1.5032422 2.1041876 2.0482427 1.8746053 1.5414510 2.1327689 2.3973542 1.9755711 1.8521788 2.6051806 2.5965570 3.1119491 2.5666679 2.6578396 2.0354015 2.3992242 3.0077701 2.9933492 3.0162412 1.9907273 2.8646138 3.2977646 2.5783583 1.9768080 2.0788280 2.4517054 2.8228159 2.0328254 2.6673319 2.8667089 3.1434849 3.2828051 3.8603302 3.8603302 3.5888639 3.6953693 3.6953693 2.3915019 2.2986848 2.2986848 3.5021030 2.8593486 3.9557942 2.6314350 2.8342909 2.2969738 2.9404908 2.7641472 2.6374605 2.9292300 3.6216228 8.9999990 2.9638144 2.9482558 2.9448955 3.0332988 4.0292374 3.8187387 2.9040725 4.4883955 4.6240380 
HoiH04_mRNA12833                                  2.6145136 1.9495816 1.8939652 1.8517823 2.1687848 2.4841582 1.7748282 2.7063018 1.5853721 2.1996550 1.9990740 1.9334396 1.8498378 2.3841084 0.9893433 2.2449018 1.5782920 2.2622387 2.6797587 2.6253168 1.2992029 2.5657599 2.5335593 0.3811672 0.4319932 0.2080112 0.1990886 0.0124523 0.0000000 1.6030580 0.9019417 2.0723100 2.0725136 2.2750082 2.2750082 1.9926287 3.8937457 2.4110613 2.4131018 3.9954132 1.7437380 2.1791977 2.3262118 3.0373403 2.5951380 3.3251253 1.5656907 2.5735453 2.5195978 2.2215703 1.5062799 2.3186818 2.7458210 2.3365085 2.0523713 3.0268663 3.0143266 3.6494009 3.2303625 3.3600246 2.0854468 2.6790751 3.2930816 3.4334805 3.0926140 2.2515012 3.2602678 3.8390730 2.9377769 2.3419926 2.2996533 2.7349411 3.2204574 2.4089178 2.9094030 3.2567097 3.6231208 3.9438661 4.1827191 4.1827191 3.8852261 4.3701847 4.3701847 2.7241151 2.6840102 2.6840102 4.0348345 3.2851224 4.3601437 2.7788523 3.2672386 2.6232911 3.4117566 3.1991270 3.0324944 3.3889694 4.1996426 8.9999984 3.4648054 3.3318976 3.3318976 3.2240994 4.2796103 3.8818573 2.9603349 5.0272914 4.4678194 
Opea_EP00118_Oscarella_pearsei_P015614            1.9973209 1.5089940 1.5607597 1.5203592 1.4633465 1.7861403 1.6734254 2.0210833 1.5100313 1.9896632 1.7251128 1.6947177 1.6313254 1.8822322 1.4756556 1.9778469 1.8644147 1.9055325 1.9907814 1.7066448 1.3641967 1.7305695 1.7098713 1.3986015 1.3910996 1.4025995 1.4114187 1.4559028 1.6030580 0.0000000 0.0239087 0.4465313 1.2810631 1.8784151 1.8784151 1.5857192 3.2189574 1.9364942 1.7321413 3.4404316 1.5906180 1.4106414 1.6723418 2.0648646 1.9511689 2.0689008 1.6833175 1.8491108 1.7013992 1.6511029 1.4337818 2.1015200 2.2326810 1.8029498 1.8295966 2.0590476 2.0590476 2.1860199 1.8930155 2.1098669 1.8351076 2.1647790 2.4488562 1.9655565 1.7806070 2.2289678 2.8290623 2.7103936 2.2944313 2.1797849 2.2507182 2.2100034 2.8915923 2.1731510 2.4914724 2.3997358 2.6182928 2.5871021 2.8026918 2.8026918 2.6208876 2.7057803 2.7057803 2.0815371 2.3484839 2.3484839 2.9164605 2.4044981 2.8195486 2.5991114 2.1319894 2.1456106 2.2945605 2.3129559 2.1637887 2.2835934 2.5670979 8.9999988 2.2092054 2.4910682 2.4230968 2.4796504 2.6970413 2.6780447 3.0128301 3.6282195 4.3098696 
Ocar_g7815                                        1.3760966 1.0442982 1.0687078 0.9231459 0.9814530 1.3132761 0.9120322 1.1796494 1.2434565 1.5104815 1.1213078 1.1213078 1.3005623 1.2165698 1.4304305 1.4278790 1.5588829 1.2920320 1.0904720 1.1082146 1.2939701 1.3357760 1.3357760 0.9460068 0.9031964 0.8307505 0.8130534 0.8243370 0.9019417 0.0239087 0.0000000 0.2694425 0.9106927 1.1985246 1.1985246 1.1069754 2.1012557 1.0519932 1.0595376 3.6383399 1.0338878 0.9492474 1.0013280 0.9356985 1.2881572 1.1811970 1.1536568 1.3221439 1.3463257 1.1228847 1.3445065 1.5749425 1.4547187 1.4806464 1.4806464 1.7321437 1.7321437 1.6073550 1.7146195 1.6154852 1.6341994 2.2652151 2.0898273 1.9721769 1.6656936 2.0945835 2.1695403 2.1998842 2.0769993 1.9897027 2.0409902 2.1772068 2.1763995 2.3937929 2.2775176 2.2798492 2.1837333 2.3784819 1.9047722 1.9047722 1.9047722 1.9991714 1.9991714 1.9076129 2.0790420 2.0790420 2.1196148 1.9684176 2.1322055 2.6976180 2.0056915 2.0056915 2.0056915 2.0056915 2.0056915 2.0056915 2.0056915 0.0000010 1.7441538 1.9372805 1.8519514 1.8889087 0.0000010 2.2603342 2.6194298 3.3646423 4.2489008 
Plajan_Pjan_scaffold3050_01                       1.8969786 1.8093253 1.8819178 1.7368159 1.8538472 2.0766833 1.6364015 2.7691347 1.6647988 2.3622098 2.0451471 2.0395571 1.8152321 2.2955405 1.2570224 2.1450463 1.8853352 2.3257523 2.2850810 1.9868534 1.3821536 2.0489820 2.0583671 1.6263940 1.6514880 1.6841061 1.7039173 1.8185890 2.0723100 0.4465313 0.2694425 0.0000000 1.0602995 2.3453772 2.3453772 1.8591553 3.2842237 2.0917778 1.9201605 3.4377107 1.6924513 1.6906103 1.8638370 2.2563802 2.2430821 2.4365595 1.7543358 2.1336940 2.0381011 1.9268776 1.4792575 2.1843266 2.8977258 1.8535020 1.7972267 2.2190333 2.2110705 2.3627103 1.9037698 1.9276787 1.7411233 2.2313026 3.0550237 2.3034354 2.2114363 2.0009809 2.8419496 2.7617842 2.3417729 2.1081673 2.1808076 2.6285766 2.6534834 1.9853878 2.3599299 2.9138908 3.0348905 2.6784192 3.3092151 3.3092151 3.1828525 3.2361791 3.2361791 2.2460708 2.3077029 2.3077029 3.4701626 2.7550417 3.0954393 2.5558514 2.5652487 2.3283770 2.5434471 2.4202644 2.4203205 2.5275503 2.8341312 4.7277058 2.7383502 3.0282486 2.9733631 3.0206277 4.3219485 2.9160865 2.8965264 3.1075100 4.3661998 
Clacor_Ccor_C528523_01                            1.9490939 1.6511779 1.6821669 1.6619673 1.6288096 2.1259643 1.7835497 1.7725567 1.7790091 1.7125282 1.5802694 1.5802694 1.5796246 1.5416132 1.3598914 1.8993633 1.5930043 1.8092365 1.7799469 1.5720779 1.8313233 1.5953436 1.5953436 1.9101413 1.9668004 1.7134935 1.7328885 1.8327132 2.0725136 1.2810631 0.9106927 1.0602995 0.0000000 2.4050568 2.4050568 2.0924127 8.6574683 2.2706867 1.9759187 8.9999990 1.3889736 1.8873171 2.0697620 2.1183078 2.1880480 2.0464503 1.6882927 1.8376547 1.7742809 1.7005490 1.8843560 2.1978172 2.1875087 2.0459039 2.0642233 1.0972855 1.0972855 1.1128694 1.1213176 0.9775316 3.5449235 3.0476622 2.8551859 3.1012830 2.4305466 2.7744999 2.8072711 3.2066157 3.0137355 2.8105258 2.6251355 2.5857181 3.0812255 3.2125580 2.4398171 2.5946368 2.6783172 2.3725028 2.3510948 2.3510948 2.3510948 2.5146502 2.5146502 2.6324371 2.6883456 2.6883456 2.6356691 2.7157454 2.9132061 2.6501966 2.6899585 2.6899585 2.6899585 2.6899585 2.6899585 2.6899585 2.6899585 0.0000010 2.4024070 2.6040365 2.5322064 2.4821909 9.0000000 2.7979516 2.9158962 4.1670234 5.4245081 
Emue_Em0004g3a.t1                                 2.4605799 1.8087742 1.8213344 1.8005769 2.0396369 2.1969393 1.8197707 2.6930944 2.0194943 2.1027505 2.5442593 2.4498046 1.6799882 2.8067047 0.9619824 2.0911224 1.4145277 2.4157441 2.6627606 1.9803364 1.5440079 2.0110360 2.0038600 2.0392624 2.1062611 2.1032680 2.1427199 2.1420498 2.2750082 1.8784151 1.1985246 2.3453772 2.4050568 0.0000000 0.0000010 0.0093226 0.3038135 0.2291709 0.2128006 0.3578551 0.5498425 0.6351162 0.8718262 1.7296699 1.1746142 1.4433298 2.0468782 2.6932487 2.6644084 2.3064216 2.0738578 2.8237411 3.3939177 1.1423484 1.3801272 3.8667784 3.8667784 4.0784401 3.1981788 3.1174597 2.7960646 2.9272609 3.1759862 3.1399425 3.3400424 3.0871331 3.5803916 3.8732351 3.5574829 2.5523517 2.8078830 3.0486333 3.2476834 3.1305486 3.4834938 3.7584689 3.6134943 3.6695998 3.5592700 3.5592700 3.4981797 3.2217371 3.2217371 2.3492392 2.4914549 2.4914549 3.1166229 2.9506695 2.8863445 2.5369229 2.5237933 2.2921602 2.5237933 2.4718084 2.4718084 2.5480519 3.0179848 8.9999987 2.8263050 2.9506255 2.9506255 2.9246747 6.6094228 3.5649120 3.4918419 5.0562699 5.5199137 
Emue_Em0004g9a.t1                                 2.4605799 1.8087742 1.8213344 1.8005769 2.0396369 2.1969393 1.8197707 2.6930944 2.0194943 2.1027505 2.5442593 2.4498046 1.6799882 2.8067047 0.9619824 2.0911224 1.4145277 2.4157441 2.6627606 1.9803364 1.5440079 2.0110360 2.0038600 2.0392624 2.1062611 2.1032680 2.1427199 2.1420498 2.2750082 1.8784151 1.1985246 2.3453772 2.4050568 0.0000010 0.0000000 0.0093226 0.3038135 0.2291709 0.2128006 0.3578551 0.5498425 0.6351162 0.8718262 1.7296699 1.1746142 1.4433298 2.0468782 2.6932487 2.6644084 2.3064216 2.0738578 2.8237411 3.3939177 1.1423484 1.3801272 3.8667784 3.8667784 4.0784401 3.1981788 3.1174597 2.7960646 2.9272609 3.1759862 3.1399425 3.3400424 3.0871331 3.5803916 3.8732351 3.5574829 2.5523517 2.8078830 3.0486333 3.2476834 3.1305486 3.4834938 3.7584689 3.6134943 3.6695998 3.5592700 3.5592700 3.4981797 3.2217371 3.2217371 2.3492392 2.4914549 2.4914549 3.1166229 2.9506695 2.8863445 2.5369229 2.5237933 2.2921602 2.5237933 2.4718084 2.4718084 2.5480519 3.0179848 8.9999987 2.8263050 2.9506255 2.9506255 2.9246747 6.6094228 3.5649120 3.4918419 5.0562699 5.5199137 
