109
Emue_Em0009g1017a.t1                                   0.0000000 0.3525182 0.3949030 2.8280378 2.8345279 2.8060367 2.8060367 2.4380913 1.6604059 0.0000010 0.0000010 3.4514851 3.6226843 9.0000000 2.7630058 3.5348068 3.2005359 2.8597729 2.5897790 2.3438929 2.7214277 0.0000010 3.4571405 2.7522774 2.5859958 3.9889006 2.8082049 1.6727404 1.3947001 2.5582941 2.3187149 1.5176080 2.3293014 2.3293014 3.0648707 0.0000010 3.7107060 3.1217763 8.9999987 3.1217763 0.0000010 0.0000010 9.0000000 0.0000010 0.0000010 3.1555514 2.9234908 3.3742721 3.3521898 1.4972460 0.0000010 3.4657119 3.4604952 3.9936717 2.9219150 3.6326212 3.9872535 4.2777176 3.5645624 2.1083863 3.3398814 3.6209681 0.0000010 0.0000010 3.6540268 3.8354461 3.1529792 3.0642893 9.0000000 3.3826533 3.3826533 2.6440966 3.5441400 4.5261090 3.7722528 2.2626139 2.0539910 2.0539910 2.0539910 3.3819412 3.3819412 2.5140612 3.3091711 2.8546337 3.8839376 0.0000010 0.0000010 3.6412429 0.0000010 3.3612958 4.3237627 5.6097036 4.7473743 4.7974381 4.8959052 4.7974381 2.8878616 5.5467000 3.6003196 3.6003196 3.7162540 0.3949030 2.3269887 2.1042217 0.0000010 3.6087551 3.5585932 3.1652997 2.9016122 
Spolac_c93439_g1_i1_m.8876c93439-g1                    0.3525182 0.0000000 1.0509610 2.0417913 2.0104481 2.1026054 2.0369376 2.0471527 1.9164116 0.2631997 1.7334623 2.6416008 2.1770137 1.7748726 2.1262022 2.3764698 1.9905476 2.2561967 2.0634158 2.6728162 1.9743472 3.0473987 1.9113851 1.9330254 2.2948261 3.8589229 2.3368697 2.1838704 1.9980929 1.9896071 2.2476606 1.3247436 2.1268971 2.1268971 2.3351101 2.9061870 2.7966621 3.7468131 4.4088051 3.1744403 9.0000000 2.8458950 2.9377802 1.8407706 1.7847670 2.5413011 2.8622771 2.8019490 1.9847819 2.0184010 2.2263759 2.6871797 3.2336755 3.2345435 2.3681034 2.5577800 2.4576581 3.0541496 2.6885422 1.8923427 4.0866841 2.6266665 1.8801428 4.5821126 3.2685267 2.8404494 3.3257442 3.2875802 2.5478936 3.0578080 3.0962560 2.0587139 4.8692939 3.4485765 1.8501069 2.6443980 1.7957301 1.7957301 1.7855910 3.4363341 3.4363341 2.1783469 3.8626811 2.8889289 2.8046821 3.1385139 5.5968456 3.4259261 4.8346990 3.5648324 3.5633582 3.5257369 3.5814911 3.6442584 3.8107082 3.6861745 2.5989505 3.1451749 3.4463950 2.9535339 2.8098700 2.5680194 2.8735042 2.6743455 2.0895061 3.3012639 2.7592449 2.8592044 2.5028411 
Stycar_maker-SC_scaffold86104-snap-gene-0.3-mRNA-1     0.3949030 1.0509610 0.0000000 1.7557563 1.7857438 1.6750779 1.3651382 1.7127265 1.7127265 1.2209513 0.0000010 4.2336446 1.7218785 0.0000010 1.6036873 1.9968084 1.2975870 1.8833394 1.6866320 0.0000010 1.4706501 1.6418681 1.6577512 1.5409757 2.1282432 2.3206126 2.0387492 2.0902832 1.9611317 1.7546412 2.0712109 0.0000010 1.9599512 1.9599512 1.6016642 1.9837346 3.4497737 4.1425994 4.1504269 3.1755311 0.0000010 2.0515801 0.0000010 0.0000010 1.5501860 2.7092632 2.6141033 2.5925137 1.5848103 1.7718633 0.0000010 2.7183673 3.2251424 2.9961900 0.0000010 2.2746705 2.5479545 0.0000010 3.0645327 0.0000010 4.4655000 3.4082706 4.2608845 4.5052201 3.2335990 3.0701215 4.1675799 4.1729214 0.0000010 5.1423365 5.1788910 1.9388190 0.5229039 1.9563100 2.3423640 3.8608551 1.8745016 1.8745016 1.8745016 3.7742779 3.7742779 1.4958206 1.7992263 0.6390912 0.4258171 3.2706903 4.2477515 2.6446441 3.2194977 3.3917248 3.7519190 3.1427253 2.2724663 2.2577915 2.3013587 2.2577915 0.8490444 3.0229903 2.6210688 0.8490444 3.5457710 3.9684583 4.0668642 2.8041066 2.4366434 4.9145281 4.0753403 3.1418697 2.4924406 
HoiH23_PlH23_008414-RA                                 2.8280378 2.0417913 1.7557563 0.0000000 0.0695106 0.1737444 0.1595813 0.3185860 0.3363387 1.8010748 1.4503350 1.9037832 1.7570223 1.0243019 1.7410902 1.6834913 1.6250033 1.9907414 1.6549971 2.0788477 1.6722865 1.7593659 1.8209515 1.7653051 1.9032045 2.0141743 1.9844009 1.9085292 1.7662999 1.6918979 1.9403874 1.0445451 1.7428346 1.8898302 1.8677965 2.1713983 2.6809128 2.7651915 3.3201000 2.5515095 1.7797311 1.8231515 1.8649805 1.4774347 1.8383131 2.3565834 2.7197436 2.3290618 1.8745990 1.9645887 2.9250519 2.0971187 2.8761731 2.7140542 2.3086749 2.6555208 2.6454460 2.3931808 2.4472996 1.7481764 3.2629038 2.4745620 1.6134876 3.3182700 3.0443631 2.1513132 2.8955136 3.0244319 2.1675085 2.7267558 3.0025854 1.8601519 2.5204116 2.7853459 1.8358243 2.5069869 2.3222789 2.3222789 2.3963684 3.2281952 3.2499230 2.0460744 2.3959238 2.1991374 2.3171191 3.5749885 2.6645687 3.1397206 2.7366669 3.5760938 3.5023457 3.4458023 3.0495335 3.0362209 3.5743416 3.6438468 3.1911410 3.3405297 3.4729035 3.5730388 2.9275947 3.7861570 3.5241316 3.4810909 3.1116880 2.9705917 2.4508165 2.3657127 2.2579349 
HoiH06_mRNA5677                                        2.8345279 2.0104481 1.7857438 0.0695106 0.0000000 0.1786327 0.1498120 0.3252481 0.3257969 1.7700810 1.4362111 1.8234152 1.8010102 1.0273382 1.7099720 1.6945142 1.6684748 1.9968445 1.7030486 2.0082955 1.6992627 1.7288959 1.8059053 1.7917391 1.9341529 2.1882891 2.0001741 1.9039159 1.7805365 1.7494685 1.9413383 1.0283019 1.7600828 1.9112152 1.9217056 2.1361430 2.7023666 2.7565640 3.2170725 2.5759828 1.7523502 1.8254876 1.9016504 1.4471200 1.8011523 2.3727450 2.6896136 2.3140530 1.8773301 1.9241397 2.8382809 2.1413619 2.9668755 2.8177296 2.2874481 2.5946366 2.6353974 2.3919483 2.5216891 1.7040514 3.3130523 2.5128755 1.5841756 3.3079426 3.0985111 2.1970334 2.9960305 3.0289864 2.3160183 2.6974742 2.9989456 1.9157013 2.6222628 2.8839738 1.7965319 2.5696974 2.2731379 2.2731379 2.3334620 3.2848606 3.3077763 2.1097689 2.6541923 2.1369898 2.4066973 3.6510428 2.7552121 3.2140216 2.8232312 3.6418190 3.6441214 3.5053348 3.0800372 3.0281350 3.5762106 3.6401875 3.1204149 3.5167473 3.5564660 3.7194569 2.9895150 3.8337846 3.5133833 3.4042622 3.0893413 2.8053559 2.4695393 2.3604858 2.3055530 
Hhon_g10360.t1                                         2.8060367 2.1026054 1.6750779 0.1737444 0.1786327 0.0000000 0.0281177 0.3450660 0.3699165 2.0795484 2.0463158 2.1284534 1.8974568 6.3484840 1.9079283 1.8389010 1.7897889 2.1026345 1.7357418 1.9287861 1.7051082 2.0299616 1.9104188 1.6732674 1.8761060 1.8768661 2.1324870 2.1206745 1.9739914 1.7824610 2.1279007 1.0786180 1.8689966 1.8428088 2.0721447 2.4973489 2.9866445 3.0527874 3.7583243 2.6299858 3.3601357 2.0236314 3.8700931 2.6664309 2.1112808 2.6185062 3.1211739 2.3953646 1.9892846 2.1956401 5.5048292 2.2152633 3.3336053 3.2163593 2.8727258 2.7867293 2.7446735 2.9641911 2.6194189 1.9491893 3.4300778 2.6247821 1.6898418 4.0130354 3.1679932 2.3464486 3.1687003 3.2903780 3.2472774 2.9278317 3.0021951 1.8608923 2.4903436 3.1051033 1.8620111 2.5708314 2.4383395 2.4383395 2.3463300 3.3358952 3.3597570 2.1242506 2.3737170 2.2031579 2.2017181 3.7418599 3.8113160 3.4446776 3.6168692 4.1602683 3.9288538 3.8432569 3.3711369 3.3263715 3.5117521 3.5723247 3.3415920 3.4303200 3.3483422 3.3898041 2.9141173 3.7361740 3.3894538 3.2778406 3.0977910 3.5275867 2.5047611 2.4279266 2.1751892 
HoiH04_mRNA14802                                       2.8060367 2.0369376 1.3651382 0.1595813 0.1498120 0.0281177 0.0000000 0.3462253 0.3219907 1.7160417 1.5076862 1.7383455 1.7354341 0.9743266 1.6605133 1.7331483 1.6458189 1.8854082 1.5972100 1.9157760 1.5969724 1.5942947 1.7618833 1.7358611 1.9349303 2.0908563 1.9916020 1.8522596 1.7275571 1.6297800 1.9766621 1.0348918 1.6969333 1.8577276 1.9133724 2.0152918 2.7117278 2.6111172 2.9995990 2.7512623 1.8454398 1.6150085 1.9709985 1.5775068 1.6969339 2.2649199 2.5265565 2.3138781 1.8581311 1.8186102 2.9727847 2.0903682 2.9948751 2.7809583 2.2537569 2.7077705 2.5684625 2.3731175 2.3463093 1.9491893 3.3189050 2.3468005 1.5921725 2.7703877 2.7713673 2.2077891 2.8790256 2.8426741 2.5677815 2.6800519 2.9330462 1.8700019 2.7091426 2.8826181 1.8179791 2.4161307 2.2610270 2.2610270 2.3209095 3.2913858 3.3161673 2.0871964 2.4962862 2.4404477 2.3480793 3.6879696 2.4294952 3.1356320 2.5514241 3.5235894 3.5279530 3.5238010 3.1315758 3.1040525 3.7321525 3.8178222 3.4319975 3.6325405 3.4111122 3.5092596 2.9095180 3.3992071 3.1831668 3.4019009 2.9895714 2.8511461 2.5233343 2.4706327 2.1864525 
TrH2_TrispH2_010263-RA                                 2.4380913 2.0471527 1.7127265 0.3185860 0.3252481 0.3450660 0.3462253 0.0000000 0.0197832 1.8242944 1.5026836 1.8775695 1.7985136 1.0212749 1.8184593 1.7597171 1.6843779 1.9780666 1.7237904 1.9905476 1.6947724 1.8593012 1.8658715 1.8417930 1.9405525 1.9578222 2.0277097 2.0279094 1.8939374 1.7081387 1.9061071 1.0910190 1.8387242 1.9945924 1.9223470 2.0999295 2.6715330 2.6619360 3.1240137 2.5523989 2.0459496 1.8125897 1.9651863 1.5416988 1.8270488 2.4805264 2.7467147 2.3066301 1.9284248 2.0816937 2.5405010 2.0279949 2.9430528 2.9622690 2.2573710 2.5447625 2.6315595 2.4746855 2.4428757 1.8833136 3.3258687 2.3985005 1.8741124 3.1626368 2.9974166 2.1474458 2.9668889 3.0891019 2.3471522 2.8870427 3.1021525 1.9158305 2.4529326 2.8016358 1.8427109 2.4971000 2.3352212 2.3352212 2.3997325 3.3774034 3.4007094 2.1569421 2.2922759 2.1543441 2.3258529 3.4398142 2.9234432 3.1480581 2.8314163 3.5624673 3.5051033 3.4390168 2.8694918 2.8470157 3.2970572 3.3342674 3.3417562 3.3384039 3.3968377 3.3865015 2.9396051 3.8728301 3.5558031 3.3908836 3.3583900 2.7558103 2.5286991 2.4538019 2.2285819 
Tadh_TriadT56765                                       1.6604059 1.9164116 1.7127265 0.3363387 0.3257969 0.3699165 0.3219907 0.0197832 0.0000000 1.7954581 1.5026836 1.8766029 1.7089153 0.8746390 1.7083178 1.7087944 1.5789260 1.9410349 1.7030019 1.7709136 1.6922556 1.9091058 1.7832461 1.8898150 1.9416564 2.0449936 2.0182481 2.0373687 1.8853851 1.6529148 1.8498173 1.1044714 1.8424697 2.0301599 1.8539256 2.2117188 2.5653703 2.7203179 3.0440097 2.4223782 2.0459496 1.8510647 2.0285364 1.5416988 1.8270488 2.4694245 2.6585023 2.3740654 1.8657847 2.1012003 2.5405010 1.9890141 3.0757414 2.9502981 2.1741504 2.4520272 2.5575510 2.4748659 2.5153165 2.0032306 3.2861383 2.3557019 1.8741124 3.2030790 2.8681309 2.1535991 3.0230413 3.0495385 2.5778654 2.8144159 3.0775085 1.9499695 0.0000010 2.7247454 1.7433192 2.4197995 2.3733987 2.3733987 2.4447321 3.4814387 3.5109848 2.2667907 2.7191699 1.8197228 2.4584231 3.4460676 2.9406555 3.2018062 2.8186810 3.6166483 3.7452804 3.5034570 3.0178935 3.0351192 3.5284900 3.7693525 3.3350095 3.4472269 3.6642744 3.8642076 3.0507619 3.9554021 3.8273138 3.3830896 3.3583900 2.6640454 2.4827729 2.2366456 2.3039820 
Emue_Em0009g1019a.t1                                   0.0000010 0.2631997 1.2209513 1.8010748 1.7700810 2.0795484 1.7160417 1.8242944 1.7954581 0.0000000 0.1676355 0.9942773 1.5548926 0.1459346 1.6487402 1.7384411 1.4230079 1.7960367 1.6135154 0.0000010 1.5250493 1.3882657 1.5814487 1.9713935 1.8960500 2.3948717 1.7644490 1.8643587 1.6852820 1.5500698 1.7906480 1.6226006 1.4605915 1.6784659 1.8116434 1.7776654 2.1445492 2.7791312 2.7791312 4.3803388 1.3595577 1.8517597 1.1985118 0.7014674 1.2594481 1.9563094 1.8376296 2.1009336 1.6726178 1.8229036 1.1833926 2.1298267 2.8349317 2.6360642 1.4804991 2.2719550 2.1622195 1.6356338 2.2476687 0.0000010 4.2688652 2.0001305 2.0140134 2.0642076 2.4790724 2.1501346 2.9399729 3.0664041 1.7062711 2.6426347 3.6681765 1.9035981 0.0000010 2.6541770 0.9289311 2.4019172 1.5553808 1.5553808 1.6584144 3.6637558 3.7010741 2.1201981 3.4393493 0.0000010 1.0963023 3.3620340 2.6906254 2.7283248 2.6464851 2.8148725 2.7825372 2.5091492 2.6730178 2.6893184 3.2519737 3.9196307 2.6660170 2.9544559 2.9260038 3.0833810 2.8391912 2.6472257 2.8367729 3.0230648 2.6586301 2.0068849 2.7863942 2.7967987 2.6058807 
Spolac_c93439_g3_i1_m.8880c93439-g1                    0.0000010 1.7334623 0.0000010 1.4503350 1.4362111 2.0463158 1.5076862 1.5026836 1.5026836 0.1676355 0.0000000 0.6079454 0.7978100 0.1459346 0.9175346 0.8995433 0.7862292 0.9847469 0.9088225 0.0000010 0.8614298 0.9044081 0.9685800 1.8716288 1.2615629 2.6857387 0.8812090 1.0172324 0.8976669 0.8837606 0.9372549 3.6187758 0.7413177 1.0454850 0.9816657 0.8486566 0.9858396 1.2977007 1.2977007 3.3320434 1.2733878 1.0054559 1.2175909 0.6995831 1.1535680 1.3017293 1.2891850 1.1102947 1.1820428 0.9808331 1.2030444 1.0252767 1.4775734 1.5503459 1.3078798 1.6148183 1.4804781 1.6128593 1.6128593 0.0000010 2.6154461 1.0774482 0.0000010 1.3743101 1.3743101 1.1347713 1.5677713 1.7084826 1.5760753 1.7613002 5.2457877 1.3616259 0.0000010 1.5930121 0.5173480 1.6533503 1.1108919 1.1108919 1.0737228 3.0160212 3.0783241 1.9135442 2.1551795 0.0000010 0.3954717 0.0000010 1.5106046 1.5928744 1.5936204 1.6671577 1.6350935 1.6099906 1.7160508 1.7350119 2.8703029 7.1663427 0.0000010 0.0000010 1.7099067 0.0000010 2.6189668 0.0000010 1.8437528 2.3323069 3.9613631 1.6376412 5.6150826 2.4474312 3.5975387 
Tetwil_g20951.t1                                       3.4514851 2.6416008 4.2336446 1.9037832 1.8234152 2.1284534 1.7383455 1.8775695 1.8766029 0.9942773 0.6079454 0.0000000 1.5094358 0.0959829 1.4477755 1.6559737 1.4393409 1.5536483 1.2331142 1.8352307 1.2407036 0.9426668 1.2829436 1.9701770 1.7235538 2.2783944 1.6373356 1.7156534 1.6230815 1.4326056 1.6894134 2.0573161 1.4824502 1.8511037 1.6588833 1.4825681 1.8622814 2.3803782 2.2180190 4.3404928 1.2389723 1.4257221 1.2487212 0.8532925 1.1055397 2.0593571 2.0956948 1.7730209 1.9242337 2.0498976 1.3002374 1.7013471 2.6008988 2.1921738 1.5504475 2.3515178 2.3052464 1.9783163 2.3085314 3.0427741 4.8619311 2.0126458 3.7889415 1.7603797 2.2951136 2.0832911 2.8784866 2.8470283 1.7671910 2.0840438 3.6386858 2.0707271 0.0000010 2.5296235 0.6340869 2.3607259 1.9685237 1.9685237 2.2908372 4.0357182 4.0780237 2.6240638 4.0973827 3.3699934 4.7870746 6.6962690 2.0360332 2.6718743 2.0284738 2.5993209 2.6237897 2.5837101 3.0025674 2.9879130 4.1322222 8.2964825 8.6411578 5.5139906 3.8921864 6.6492896 4.0242539 8.9999983 4.5833768 4.1866362 4.9802266 2.2241036 3.8401591 3.8819490 3.7334467 
Spur_XM_030994883.1                                    3.6226843 2.1770137 1.7218785 1.7570223 1.8010102 1.8974568 1.7354341 1.7985136 1.7089153 1.5548926 0.7978100 1.5094358 0.0000000 0.1886661 1.2841236 1.1144190 0.9106837 1.4463961 1.1727187 1.5065182 1.1664602 1.1283003 1.2621420 1.4271864 1.3179977 1.6088022 1.6327504 1.5194406 1.3891014 1.3263863 1.5051621 0.7558857 1.0527410 1.1562539 1.0625645 1.5230272 2.2185255 2.2299150 2.5536964 2.1669657 1.0539577 1.4549642 1.1218972 0.7276758 1.1803503 2.0651817 2.2380819 1.6853195 1.2390810 1.3662455 1.2995003 1.5926486 2.2980684 2.3243336 1.6115638 2.3802673 2.3581340 1.6119593 2.0261731 1.4761819 2.5785418 2.1278306 1.4065143 2.1933600 2.2964844 1.8460929 2.5816997 2.5909712 1.5521258 2.5622483 2.7728408 1.5663930 1.8761533 2.5041298 1.4258888 2.3381193 1.8397775 1.8397775 1.9550334 2.9799087 2.9822563 1.7897610 2.2025706 1.9041303 1.9490617 3.3600933 2.1284596 2.7452003 2.2328308 3.1237819 3.4196498 2.9496005 2.6929749 2.7431775 3.3243156 3.5225948 3.2046626 3.1413350 3.3162323 3.3830324 2.6739031 2.8906453 2.9315896 2.8349212 2.8879694 2.2387682 2.4590345 2.5324539 2.2041407 
Stycar_maker-SC_scaffold31689-augustus-gene-0.1-mRNA-1 9.0000000 1.7748726 0.0000010 1.0243019 1.0273382 6.3484840 0.9743266 1.0212749 0.8746390 0.1459346 0.1459346 0.0959829 0.1886661 0.0000000 0.2698628 0.3557777 0.2619639 0.2986121 0.2617714 1.1382918 0.1956078 0.1279183 0.2605797 2.9967321 0.6486475 3.2262077 0.3997794 0.3922801 0.2406574 0.3060144 0.3801528 1.5444762 0.3263407 1.9850000 0.3721213 0.2035280 0.7871350 0.7312821 0.6459043 2.9202800 0.5437066 0.2331339 0.3929100 0.3929100 0.3074768 0.4766434 0.4149041 0.5857574 0.3705274 0.3263938 0.8018813 0.4480429 0.7491615 0.6840088 0.5282429 0.5477400 0.6558407 0.6337232 0.9942027 7.5172756 2.0608110 0.7799188 0.0000010 0.4864489 0.7442147 0.6613340 1.0523155 1.1541628 0.6899790 0.7658709 3.5220585 0.8611896 0.5140283 0.9811628 7.6861407 1.1457550 0.8377614 0.8377614 1.4431085 5.4676371 5.4676371 1.8334329 2.6098192 9.0000000 1.6966660 9.0000000 0.6596883 0.9285129 0.6744023 0.9078011 0.9544105 0.9413810 1.0187277 1.0187277 4.7717451 9.0000000 9.0000000 2.3404682 3.9382579 3.9382579 3.9648923 3.3818705 5.1886761 2.7987621 3.1282527 0.5534498 4.8609926 2.7135170 3.7266732 
Nvec_v1g105739                                         2.7630058 2.1262022 1.6036873 1.7410902 1.7099720 1.9079283 1.6605133 1.8184593 1.7083178 1.6487402 0.9175346 1.4477755 1.2841236 0.2698628 0.0000000 1.2312607 1.1232646 1.1899200 0.8001882 0.9056656 0.7781083 0.7982101 0.7954946 1.0086826 0.8904603 1.1060335 1.3463876 1.3508509 1.1511027 0.6585678 1.2830289 0.6179632 1.2980289 1.4357310 1.3628856 1.3991269 2.0092271 2.4454275 2.7163265 2.4173379 0.9810283 1.2242520 1.2286911 0.8430517 1.2668728 1.9408092 2.0184216 1.7818130 1.3810168 1.4681559 1.1795153 1.6161768 2.6223956 2.3829245 1.6159734 2.2901202 2.3310964 1.6679121 2.0982796 1.5501922 2.7404414 2.1779796 1.5397094 2.2281350 2.3361015 1.9969880 2.5327250 2.5239973 1.6678897 2.4717236 2.6848792 1.3314878 1.4794260 2.3162238 1.4463326 2.3678917 1.9475950 1.9475950 2.0564792 2.9053068 2.9159282 1.5326315 2.1721792 1.5418636 1.7720532 3.7814250 2.2036075 2.8851695 2.5380607 3.0876871 3.1756223 3.0443890 2.9111920 2.8570497 3.3473008 3.6796653 3.1038844 3.4549026 3.1990634 3.3339866 2.9079298 3.6538315 3.2464776 2.8284307 2.7656263 2.2532388 2.4449874 2.5687123 2.2237621 
Cgig_XM_034476184.1                                    3.5348068 2.3764698 1.9968084 1.6834913 1.6945142 1.8389010 1.7331483 1.7597171 1.7087944 1.7384411 0.8995433 1.6559737 1.1144190 0.3557777 1.2312607 0.0000000 0.9959077 1.5780476 1.2230957 1.4601429 1.1887343 1.1240914 1.2582508 1.5045343 1.3446574 1.6639983 1.6284747 1.5704563 1.4128295 1.2903551 1.5146437 0.8718120 0.8651671 0.9469271 1.1108617 1.5327117 2.2222719 2.5848200 2.8004901 2.6810626 1.1057636 1.5286555 1.4285882 0.8623958 1.1274363 2.1223513 2.3045377 1.7627046 1.3173156 1.3006797 1.2275061 1.4974626 2.4758530 2.4649423 1.7327967 2.3632691 2.4209430 1.5093475 2.1662456 1.7796308 2.7095859 2.2953426 1.5865828 2.3444498 2.6219124 1.8037872 2.5560433 2.6414559 1.5716839 2.6406480 2.8603239 1.6059155 2.0334860 2.7499239 1.5485315 2.4733181 2.0474623 2.0474623 2.2286455 3.1531088 3.1743911 1.9292825 2.2572221 2.0808926 1.9303660 3.5343390 2.3510586 2.9346690 2.4665842 3.0359507 3.2597295 3.1703226 3.0703337 3.0272699 3.6808037 3.9681024 3.4475571 3.1390223 3.0929557 3.0512856 2.9128351 3.4684933 3.3942492 3.3032615 3.4834486 2.4272190 2.5275583 2.5692224 2.2466937 
Bralan_BLAG01001097_1                                  3.2005359 1.9905476 1.2975870 1.6250033 1.6684748 1.7897889 1.6458189 1.6843779 1.5789260 1.4230079 0.7862292 1.4393409 0.9106837 0.2619639 1.1232646 0.9959077 0.0000000 1.4101081 1.1125981 1.3163955 1.0848019 1.1232313 1.2081375 1.3235035 1.1951402 1.3700648 1.5211698 1.3913059 1.3288487 1.1804758 1.4146395 0.8063789 0.9265546 1.0198288 0.8604158 1.4982183 2.2249721 2.3029792 2.7750589 2.2492809 1.1257538 1.4245414 1.1121002 0.6691994 1.1670549 2.1040368 2.3377990 1.6248416 1.0544313 1.2300364 1.5019707 1.5552565 2.2495669 2.2788885 1.6855402 2.1200690 2.0735416 1.6852567 2.1016256 1.5854852 2.5985653 2.0362709 1.4281476 1.9750318 2.2150606 1.7635644 2.4305203 2.5793842 1.5330361 2.4033216 2.6342511 1.5495502 2.0376071 2.5385469 1.2831630 2.3534077 1.7867252 1.7867252 1.8876502 2.9690267 3.0043165 1.7711954 2.2534795 1.7826045 1.9568730 3.4935466 2.1508132 2.8834489 2.3207431 3.0194932 3.2914002 3.2689202 2.8619302 2.9025115 3.3930530 3.8425242 3.2370751 3.3887620 3.0361434 3.1948034 2.6689006 3.2881274 3.0027940 2.7519030 3.0996100 2.1662578 2.4580105 2.3424744 1.9774425 
Dgig_XM_028544443.1                                    2.8597729 2.2561967 1.8833394 1.9907414 1.9968445 2.1026345 1.8854082 1.9780666 1.9410349 1.7960367 0.9847469 1.5536483 1.4463961 0.2986121 1.1899200 1.5780476 1.4101081 0.0000000 1.1582016 1.7156495 1.1656672 0.9914550 1.3395745 1.4574903 1.4320860 1.7039400 1.4740766 1.4510611 1.3765823 1.0939766 1.4246614 0.8703651 1.4570734 1.6046494 1.5164314 1.4674570 2.2726708 2.3529288 2.7359812 2.3026088 0.9816743 0.6846878 1.2823763 0.9253684 0.9990498 2.1417888 2.2886440 1.9170177 1.5562044 1.6018578 1.1541603 1.7755366 2.7839240 2.6234782 1.7101580 2.2697961 2.2945968 1.7341859 2.2207321 1.7627624 2.8942263 2.2803739 1.9659693 2.1631732 2.4429021 2.1720330 2.4615221 2.5183445 1.7675979 2.4960109 2.8054322 1.5020548 1.7135299 2.5791425 1.6572261 2.4266392 2.2741812 2.2741812 2.4005737 3.3452685 3.3626251 1.6751677 1.7588610 1.6486481 1.7942750 3.7472822 2.3631158 3.0865504 2.4665841 3.2412957 3.3662169 3.0391479 3.0753447 3.0774227 3.7089953 3.9538274 3.6266214 3.6204571 3.1202860 3.3493105 2.8034501 3.2024228 3.3297822 3.3488319 3.1896865 2.1894558 2.4412000 2.4733716 2.4626657 
Gasp_gasp1.m3.16007.m1                                 2.5897790 2.0634158 1.6866320 1.6549971 1.7030486 1.7357418 1.5972100 1.7237904 1.7030019 1.6135154 0.9088225 1.2331142 1.1727187 0.2617714 0.8001882 1.2230957 1.1125981 1.1582016 0.0000000 0.2515923 0.1806463 0.3269736 0.3446047 0.3598458 0.4390106 0.4113025 1.2749737 1.3023535 1.1569287 0.7401199 1.1897584 0.7819323 1.1914740 1.2850032 1.2831331 1.4193994 2.0702985 2.1382590 2.4628629 2.0263166 1.0193523 1.1651945 1.4539948 0.8837821 1.0509675 2.0224514 2.1193729 1.8160162 1.3710924 1.4680839 1.1659226 1.6131438 2.3654772 2.4306213 1.6420210 2.2779020 2.3198129 1.6472374 2.0283113 1.6096448 2.6795431 2.0735546 1.5232954 1.9875188 2.2697322 2.0006481 2.3416867 2.4960298 1.6267746 2.4362397 2.7468401 1.2124912 1.4306016 2.6189818 1.3266255 2.1662495 2.0329763 2.0329763 2.1250130 2.7616637 2.7584983 1.4604617 1.5163213 1.5174059 1.3735144 3.6377558 2.1596332 2.7841097 2.3913665 2.9989193 3.0194372 2.9660199 2.8664122 2.8574398 3.2732550 3.6604927 3.2411790 3.3040863 3.0648065 3.1631581 2.6279401 3.7222710 3.1565298 2.8383729 3.0926830 2.1534731 2.1994576 2.5284295 2.0204717 
Fspp_ffun1.m2b.21376.m1                                2.3438929 2.6728162 0.0000010 2.0788477 2.0082955 1.9287861 1.9157760 1.9905476 1.7709136 0.0000010 0.0000010 1.8352307 1.5065182 1.1382918 0.9056656 1.4601429 1.3163955 1.7156495 0.2515923 0.0000000 0.0772048 0.0000010 0.3732222 0.3064780 0.3946345 0.4038596 1.4403689 1.2987111 1.1925114 1.1210391 1.6214773 0.5854880 1.4585261 1.4585261 1.2007807 0.0000010 2.5693902 2.0179582 3.7211195 2.0179582 0.0000010 0.0000010 0.0000010 0.0000010 2.7410858 2.3698507 2.3539562 2.0353986 1.6982395 1.7691216 0.0000010 1.9825181 2.1170429 2.5094733 3.0189878 2.5963319 3.1435922 0.6652036 1.9506520 1.6644674 2.1605427 1.9701417 0.0000010 0.0000010 2.2944275 2.3396760 2.0966301 1.9446263 1.3721077 2.3393372 2.3393372 1.3419557 1.3473142 2.8344182 2.2317197 2.3785101 1.9571207 1.9571207 1.9571207 2.2392109 2.2392109 1.5281652 1.5004880 1.7172687 1.6637664 0.0000010 0.0000010 3.4028191 0.0000010 4.2503603 4.0263630 3.8003813 3.8342312 3.8749414 3.8967320 3.8749414 3.2535663 3.6076036 3.4048543 3.4048543 2.7321476 0.0000010 2.7475361 2.5449666 0.0000010 2.9764824 2.2070656 2.5990190 1.9991856 
Fspp_ffun1.m4.17366.m1                                 2.7214277 1.9743472 1.4706501 1.6722865 1.6992627 1.7051082 1.5969724 1.6947724 1.6922556 1.5250493 0.8614298 1.2407036 1.1664602 0.1956078 0.7781083 1.1887343 1.0848019 1.1656672 0.1806463 0.0772048 0.0000000 0.3495872 0.3281896 0.3125372 0.4235250 0.3669049 1.2932324 1.2892285 1.1731024 0.7411917 1.1824791 0.8036183 1.1819163 1.2748786 1.2586048 1.4318375 2.0721605 2.1825855 2.4662180 2.0773779 1.0151910 1.1608026 1.4824539 0.8779563 1.0504479 2.0397204 2.1479745 1.8194097 1.3335458 1.4260694 1.2617619 1.5730529 2.3781702 2.4613726 1.5332073 2.1826605 2.2988267 1.5929916 1.9987367 1.5122695 2.6969179 2.0030470 1.4966071 1.9393500 2.2165316 1.9181180 2.3156198 2.5135768 1.6557016 2.5019431 2.7971653 1.2516155 1.3968130 2.5258219 1.4038170 2.2703912 1.9161540 1.9161540 1.9891922 2.8248770 2.8277157 1.5151313 1.4816014 1.5217804 1.4866560 3.4728676 2.0467452 2.7996886 2.2629783 2.9015277 2.9652973 2.8914620 2.8269515 2.8161310 3.2280493 3.6020833 3.2053461 3.2900215 3.0563369 3.1854898 2.6021667 3.5994623 3.1550679 2.8775568 3.0893408 2.1717627 2.2104094 2.5883142 1.9982180 
Adig_XM_015907323.1                                    0.0000010 3.0473987 1.6418681 1.7593659 1.7288959 2.0299616 1.5942947 1.8593012 1.9091058 1.3882657 0.9044081 0.9426668 1.1283003 0.1279183 0.7982101 1.1240914 1.1232313 0.9914550 0.3269736 0.0000010 0.3495872 0.0000000 0.4185453 0.5454894 0.2986462 1.8862583 1.0981709 1.1507726 1.0336815 0.6724088 1.0398560 1.8268801 1.0683369 1.3224275 1.3417638 1.0240862 1.6964602 1.9803781 1.9803781 2.6691730 0.9877078 1.0690955 1.3232196 0.8676388 1.1082767 1.8961222 1.7221063 1.5533173 1.2320369 1.6726965 1.2352275 1.3923315 2.2460307 2.1114671 1.4101987 2.1957220 2.1727703 1.5027424 1.9260436 0.0000010 3.1527665 1.7038038 0.0000010 1.9354038 1.9581404 1.6258261 2.1858497 2.4246207 1.6966081 2.3457868 4.8516640 1.3333884 0.0000010 2.3207243 1.2167912 2.1571183 2.1245688 2.1245688 2.4954472 3.2506364 3.2575780 1.8040095 2.5376109 0.0000010 0.8961432 6.3502054 2.0194693 2.2279867 2.2014491 2.4518187 2.3883770 2.1592531 2.5331445 2.5284983 3.5328427 7.3911929 0.0000010 3.0587795 2.7723966 0.0000010 3.1504466 3.3503991 3.2273145 3.5446281 3.5215710 1.8229605 2.9535476 2.3787147 3.0328491 
Pocdam_XM_027204660.1                                  3.4571405 1.9113851 1.6577512 1.8209515 1.8059053 1.9104188 1.7618833 1.8658715 1.7832461 1.5814487 0.9685800 1.2829436 1.2621420 0.2605797 0.7954946 1.2582508 1.2081375 1.3395745 0.3446047 0.3732222 0.3281896 0.4185453 0.0000000 0.5084665 0.5846966 0.4135127 1.4228794 1.3527723 1.1718913 0.8593730 1.3641292 0.8036820 1.3031697 1.4029785 1.3426226 1.5132805 2.1238784 2.3753589 2.6966234 2.2876373 1.0473150 1.1637382 1.5370608 0.8581963 1.0327024 2.1542470 2.3417528 1.8383178 1.4130061 1.4738894 1.2406087 1.6408117 2.4321604 2.6071576 1.7057146 2.4253416 2.3855785 1.7115951 2.1581003 1.5799710 3.0359526 2.3099537 1.7187848 2.0441652 2.3542326 2.0540397 2.5857949 2.6734771 1.8281850 2.6734194 3.0381529 1.3441209 1.8290645 2.7469037 1.3584215 2.3630277 2.0253799 2.0253799 2.1292721 3.0478438 3.0506734 1.6708284 1.8294683 1.9509155 1.7042132 3.6208466 2.1136339 2.9526953 2.4267608 3.0792715 3.3448233 3.2789847 3.1550680 3.1553986 3.6435144 4.1599298 3.3530799 3.5494916 3.1665531 3.2962110 2.7013143 3.2651835 3.0919346 3.0297098 2.8600838 2.2569072 2.4143452 2.6233031 2.2745192 
Gfas_gfas1.m1.13717.m1                                 2.7522774 1.9330254 1.5409757 1.7653051 1.7917391 1.6732674 1.7358611 1.8417930 1.8898150 1.9713935 1.8716288 1.9701770 1.4271864 2.9967321 1.0086826 1.5045343 1.3235035 1.4574903 0.3598458 0.3064780 0.3125372 0.5454894 0.5084665 0.0000000 0.4034721 0.4778265 1.5332090 1.5758122 1.5335592 0.9349897 1.4505276 0.8159779 1.4164567 1.3733947 1.5336980 2.0246314 2.5327102 2.7155073 3.3283509 2.2370098 3.2559452 1.7635041 3.1410361 3.2627976 2.4592188 2.3897391 2.7865694 2.3160674 1.5656003 1.7860292 2.7748576 1.9141384 2.8706550 3.0812999 2.5649380 2.5759119 2.6355404 2.7172073 2.3710298 1.5253566 2.6848167 2.5514569 1.6088937 3.2864644 2.6605154 2.2900209 2.6379521 2.8420168 2.6483049 2.7618324 2.7395122 1.4080175 1.3642812 3.0304504 1.5064850 2.7069015 2.0574170 2.0574170 1.9744010 3.0696147 3.0709286 1.6207481 1.6059589 1.4780735 1.4714752 3.1373726 3.0462298 3.2379665 3.4784545 3.5649542 3.5344142 3.5000616 3.5428619 3.5467612 3.7974659 3.7429258 3.1536081 3.3177982 3.1794679 3.3027314 2.5939123 3.6705937 3.2308239 2.9855921 3.3910609 3.1938837 2.2608250 2.6639835 1.9138074 
Amil_Amillepora26593-RA                                2.5859958 2.2948261 2.1282432 1.9032045 1.9341529 1.8761060 1.9349303 1.9405525 1.9416564 1.8960500 1.2615629 1.7235538 1.3179977 0.6486475 0.8904603 1.3446574 1.1951402 1.4320860 0.4390106 0.3946345 0.4235250 0.2986462 0.5846966 0.4034721 0.0000000 0.5032823 1.3203931 1.3646301 1.3218748 0.8470678 1.3536767 0.8081312 1.3676369 1.3727653 1.3051016 1.6950045 2.1805862 2.3813792 2.8463700 2.0251146 1.3905021 1.5883848 2.5418223 1.2118781 1.5528639 2.4123599 2.4752550 1.7500894 1.4254684 1.6780513 1.3009453 1.7641983 2.2869605 2.4356958 2.1492409 2.4452838 2.5541124 2.1759003 2.0657231 1.4648495 2.5636711 2.2027584 1.3682139 2.4151296 2.4080879 1.9797202 2.3875530 2.7551138 2.2213568 2.5719831 2.6029134 1.2927733 1.4153449 2.8150747 1.6106335 2.3275457 2.2477931 2.2477931 2.2446829 2.6536800 2.6521806 1.4793386 1.4530161 1.5949889 1.4524428 3.6762901 2.8548010 2.9636572 2.8681111 3.3250288 3.3147333 3.2649078 3.3458481 3.3795276 3.4753570 3.9510832 2.8355395 2.9896155 3.0390257 3.0401687 2.4493569 5.1229206 3.3262125 2.9935933 5.1214505 2.8899698 2.4520220 2.5773906 2.1043407 
Spis_XP_022788935_1                                    3.9889006 3.8589229 2.3206126 2.0141743 2.1882891 1.8768661 2.0908563 1.9578222 2.0449936 2.3948717 2.6857387 2.2783944 1.6088022 3.2262077 1.1060335 1.6639983 1.3700648 1.7039400 0.4113025 0.4038596 0.3669049 1.8862583 0.4135127 0.4778265 0.5032823 0.0000000 1.5060548 1.5578973 1.4964815 1.2424242 1.7770907 1.9755932 1.5622815 1.5332979 1.2973383 1.6772947 2.5631912 2.2865206 4.0402692 2.3003790 2.4132822 1.4757621 2.8121149 2.9214892 2.7664288 2.5930785 2.8065131 2.0502032 1.5976526 2.5459582 4.4893227 1.8735329 2.2343554 2.6791031 2.8893821 2.3626259 2.4907053 2.8990680 2.2354559 2.2998070 2.3752005 2.1893270 0.0000010 2.2176820 2.7045218 2.0602485 2.3147437 2.1228003 1.4316887 2.1813891 2.1435852 1.2168789 1.6656861 2.5004768 1.8873264 2.2445817 1.9182868 1.9182868 1.8089889 2.5345112 2.5345112 1.7757374 1.2308992 1.4923358 1.5252193 9.0000000 2.1447902 3.2842650 2.4863697 3.8126939 3.7714244 3.8224177 3.9327319 3.9871354 4.7232600 4.1006766 4.0137875 3.5485731 3.6037460 3.5625388 2.4934755 8.9999989 3.0529982 2.4093243 8.9999987 3.2630004 2.4544226 2.6227138 2.0663834 
Nemnom_g4545.t1                                        2.8082049 2.3368697 2.0387492 1.9844009 2.0001741 2.1324870 1.9916020 2.0277097 2.0182481 1.7644490 0.8812090 1.6373356 1.6327504 0.3997794 1.3463876 1.6284747 1.5211698 1.4740766 1.2749737 1.4403689 1.2932324 1.0981709 1.4228794 1.5332090 1.3203931 1.5060548 0.0000000 0.2623827 0.5237983 1.2654307 1.4044645 0.8876538 1.6149325 1.7358652 1.6935808 1.4736228 2.1819914 2.5429443 2.9727412 2.4854875 1.2378497 1.4596780 1.2843244 0.8327825 1.1954296 2.1517804 2.2406453 1.8873344 1.7288074 1.7271140 1.3485150 1.8491949 2.5399009 2.4393347 1.7371146 2.3546800 2.2462377 1.9154602 2.1963838 1.7890826 3.0341058 2.3469027 2.2675573 2.3032631 2.5695626 2.1514391 2.5956657 2.7294840 1.7439408 2.8067074 3.0583404 0.8499280 0.8109890 2.4458894 1.5891427 2.4532544 2.3663425 2.3663425 2.5492383 3.2787469 3.2949140 1.5061965 1.9553190 1.6156580 1.5936473 3.6157406 2.8072630 3.0877262 2.9611107 3.4430101 3.4480352 3.1003126 3.3318501 3.2931592 3.7774388 4.1826073 3.1618161 3.2885765 3.3234497 3.1080681 2.7213339 3.0753431 3.0842239 3.1839658 3.7078139 2.3802095 2.5303898 2.5155364 2.3596578 
Rhoesc_Res_008254-T1                                   1.6727404 2.1838704 2.0902832 1.9085292 1.9039159 2.1206745 1.8522596 2.0279094 2.0373687 1.8643587 1.0172324 1.7156534 1.5194406 0.3922801 1.3508509 1.5704563 1.3913059 1.4510611 1.3023535 1.2987111 1.2892285 1.1507726 1.3527723 1.5758122 1.3646301 1.5578973 0.2623827 0.0000000 0.4843590 1.1885799 1.3442580 0.8488428 1.6049152 1.7451973 1.5993301 1.4815255 2.1789361 2.5223421 2.7982174 2.2721126 1.2040724 1.5455945 1.2578684 0.7908871 1.2266342 2.1463423 2.1291997 1.9372742 1.6166129 1.8492371 1.4091723 1.7894381 2.4956961 2.3486736 1.6918393 2.2913274 2.2809756 1.9245266 2.2390469 1.6347494 3.0204949 2.3736590 2.4635742 2.1221441 2.4090786 2.0745607 2.7209194 2.7507254 1.8899163 2.7674224 3.1887588 0.8210155 0.0000010 2.3439338 1.5677930 2.4025419 2.4658453 2.4658453 2.6808915 3.1340361 3.1513771 1.4388536 2.5030350 0.9970695 1.5009686 3.5629734 2.6859868 3.1049456 2.8631726 3.3093138 3.4311976 3.0426187 3.3396091 3.3239945 3.7436887 4.4670567 3.0756339 3.4443909 3.4617480 3.1333002 2.7764322 3.4084630 3.0413625 3.1441157 3.7263509 2.2763563 2.4442573 2.4946891 2.3996312 
Aaur_scaffold1752.g3.t1                                1.3947001 1.9980929 1.9611317 1.7662999 1.7805365 1.9739914 1.7275571 1.8939374 1.8853851 1.6852820 0.8976669 1.6230815 1.3891014 0.2406574 1.1511027 1.4128295 1.3288487 1.3765823 1.1569287 1.1925114 1.1731024 1.0336815 1.1718913 1.5335592 1.3218748 1.4964815 0.5237983 0.4843590 0.0000000 1.0908104 1.2761824 0.7530970 1.3709138 1.5044238 1.3809256 1.3271834 2.0126217 2.1886553 2.4805377 1.8692599 1.1588240 1.3263450 1.2415105 0.8252456 0.9967897 2.0319024 2.0579990 1.7883109 1.5080766 1.6862137 1.2379897 1.5833292 2.4593999 2.2915565 1.7022608 2.1011693 2.0321238 1.8544127 1.9906648 1.4691810 2.8177356 2.1178462 1.7874485 2.1666218 2.3517911 2.0381694 2.5260332 2.5569299 1.9742541 2.3831795 2.7198953 0.6868918 0.0000010 2.4834721 1.4760659 2.2429815 2.1545955 2.1545955 2.3562338 2.9708272 2.9690421 1.2512645 2.0044113 0.9807878 1.3736862 3.2011230 2.3569257 2.9972108 2.5398975 3.2739150 3.4017404 2.9696755 3.0020468 3.0324858 3.5036051 4.0814206 3.0615109 3.5186138 3.3479931 3.3156688 2.5793733 3.1397144 2.8210099 2.9788741 3.1667871 2.2226341 2.1860413 2.2758272 2.1570281 
Exapal_XM_021061778.2                                  2.5582941 1.9896071 1.7546412 1.6918979 1.7494685 1.7824610 1.6297800 1.7081387 1.6529148 1.5500698 0.8837606 1.4326056 1.3263863 0.3060144 0.6585678 1.2903551 1.1804758 1.0939766 0.7401199 1.1210391 0.7411917 0.6724088 0.8593730 0.9349897 0.8470678 1.2424242 1.2654307 1.1885799 1.0908104 0.0000000 1.2730339 0.6121182 1.3017024 1.4100787 1.2499695 1.4000706 2.0678220 2.2355481 2.5876983 2.1487245 0.9045587 1.1139058 1.3080041 0.8227520 1.0864525 2.0861701 2.3239466 1.7083911 1.3784844 1.4172264 1.1569064 1.5262769 2.3996753 2.4519871 1.5205650 2.1162260 2.1376003 1.4670693 2.0364241 1.5902816 2.6301845 2.1045927 1.7304888 1.9653057 2.2865165 1.8347542 2.5795813 2.4922542 1.5663507 2.3592217 2.6446140 1.3140942 1.8196644 2.4016800 1.4383332 2.2662368 1.9856258 1.9856258 2.0752760 2.9111987 2.9342305 1.4823296 1.6686234 1.6234615 1.5481819 3.4439642 2.1893973 2.7977090 2.5017028 3.1803130 3.3675043 3.0080196 2.9013711 2.9287748 3.3755884 3.7987096 3.0936110 3.3904113 2.9600830 3.0259628 2.6096538 3.5293231 3.1534065 3.1203287 3.0702273 2.0735385 2.2513866 2.3003363 2.0981289 
Hvul_g13936_1                                          2.3187149 2.2476606 2.0712109 1.9403874 1.9413383 2.1279007 1.9766621 1.9061071 1.8498173 1.7906480 0.9372549 1.6894134 1.5051621 0.3801528 1.2830289 1.5146437 1.4146395 1.4246614 1.1897584 1.6214773 1.1824791 1.0398560 1.3641292 1.4505276 1.3536767 1.7770907 1.4044645 1.3442580 1.2761824 1.2730339 0.0000000 0.6070183 1.4757488 1.6139968 1.4242463 0.9535810 2.1334731 2.3102686 2.6835706 2.2829038 1.1277691 1.4708243 1.5139100 0.9082694 1.0884139 2.2957424 2.4162591 1.9935154 1.5089857 1.6929797 1.3209720 1.7567183 2.3837581 2.4969828 1.7191951 2.5894438 2.7379091 1.7664547 2.3080748 2.0288887 2.9846679 2.2706971 2.3159868 2.4620422 2.5792422 2.0030716 2.6148587 2.5145321 1.6981532 2.6295162 2.8721032 1.4182376 2.1463721 2.8123886 1.7225538 2.3558394 2.1396647 2.1396647 2.2235906 3.1590085 3.1785907 1.4857322 1.6578440 1.6756457 2.0321498 3.4409516 2.0906579 2.8542269 2.3025621 3.0514354 3.2321219 2.9164723 2.8057191 2.7614768 3.2576935 3.5083685 2.9500272 3.2840184 3.0406430 3.1169987 2.6698623 3.5310501 3.1451205 3.3330489 3.3601225 2.1548091 2.3425271 2.5150781 2.4020914 
Chem_TCONS_00030750                                    1.5176080 1.3247436 0.0000010 1.0445451 1.0283019 1.0786180 1.0348918 1.0910190 1.1044714 1.6226006 3.6187758 2.0573161 0.7558857 1.5444762 0.6179632 0.8718120 0.8063789 0.8703651 0.7819323 0.5854880 0.8036183 1.8268801 0.8036820 0.8159779 0.8081312 1.9755932 0.8876538 0.8488428 0.7530970 0.6121182 0.6070183 0.0000000 0.9547135 0.9338905 0.8911458 4.3433009 1.7667745 1.6982217 2.1606993 1.6254461 1.9769957 1.8268801 2.0576437 3.7697307 3.9530197 1.5088963 1.1107660 1.2329401 1.1587667 0.8877034 5.5413581 1.2331087 1.5256791 1.2798762 2.6020930 1.8656700 1.8602207 3.9911116 1.5982026 1.1355262 1.6909302 1.7322759 1.5639728 2.6456160 2.0786220 1.3867338 1.5713317 1.3895300 2.4129790 1.4263645 1.3878701 0.7575686 9.0000000 1.6841870 1.0325639 1.7607629 1.5707169 1.5707169 1.5633440 1.9643662 1.9643662 0.6953576 3.8460391 1.3053279 0.7480066 2.6373298 0.9789085 2.1140779 0.9789085 3.4841702 3.2075743 2.7761848 2.7796868 2.7429467 3.1012633 2.7836388 2.5002142 2.5579285 2.6149369 2.6149369 1.7362731 4.0209569 3.7192940 3.8451050 3.2754745 3.9610984 1.5450878 1.6478803 1.7105305 
Acagra_model.g3106.t1                                  2.3293014 2.1268971 1.9599512 1.7428346 1.7600828 1.8689966 1.6969333 1.8387242 1.8424697 1.4605915 0.7413177 1.4824502 1.0527410 0.3263407 1.2980289 0.8651671 0.9265546 1.4570734 1.1914740 1.4585261 1.1819163 1.0683369 1.3031697 1.4164567 1.3676369 1.5622815 1.6149325 1.6049152 1.3709138 1.3017024 1.4757488 0.9547135 0.0000000 0.0077652 1.0357238 1.4821712 2.1956005 2.1734973 2.5930594 2.1816498 1.0915953 1.4581112 1.2081653 0.7287988 1.0768871 2.0651915 2.2408222 1.6689769 1.2478581 1.2086585 1.1291974 1.4313476 2.1590155 2.3705524 1.7118075 2.2853190 2.3645621 1.6689870 2.1454582 1.8324516 2.7246042 2.2267322 1.3435644 2.2051811 2.4442194 1.7145952 2.4585554 2.4867913 1.5076238 2.3990280 2.6576488 1.5885564 2.0333932 2.4476691 1.4858892 2.3504676 2.0738044 2.0738044 2.2252338 3.0582551 3.0664669 1.7422593 2.0848160 1.6455474 1.6319939 3.4177923 2.2655391 2.9173001 2.3155542 2.8631893 3.0979265 2.9715720 2.9428630 2.9640558 3.5163954 3.7560201 3.1034278 3.2850087 2.9664507 2.9961201 2.7730472 3.3819869 3.1049163 3.2065063 3.3269136 2.3624837 2.3423146 2.2332495 2.4374295 
Acagra_model.g3106.t1.1.5d3b8233                       2.3293014 2.1268971 1.9599512 1.8898302 1.9112152 1.8428088 1.8577276 1.9945924 2.0301599 1.6784659 1.0454850 1.8511037 1.1562539 1.9850000 1.4357310 0.9469271 1.0198288 1.6046494 1.2850032 1.4585261 1.2748786 1.3224275 1.4029785 1.3733947 1.3727653 1.5332979 1.7358652 1.7451973 1.5044238 1.4100787 1.6139968 0.9338905 0.0077652 0.0000000 1.1388942 1.7751889 2.3923500 2.4161877 3.0260292 2.1510206 1.8085685 1.7104518 2.4600590 1.2579015 1.3347284 2.2793387 2.6161123 1.7884836 1.3657447 1.3553273 1.4413842 1.5589692 2.4051723 2.6733469 2.2151373 2.5040527 2.5684959 2.0174234 2.2736236 1.8324516 2.7520568 2.4333363 1.3435644 2.8657238 2.6769172 1.8685017 2.6878518 2.7175114 1.9075139 2.6226426 2.6858366 1.5653786 2.0333932 2.6879259 1.4858892 2.5051387 2.2487033 2.2487033 2.2252338 3.0514498 3.0599136 1.7398759 2.0931124 1.6455474 1.7355746 3.4177923 3.2039939 3.2842050 3.1660468 3.3504323 3.5001380 3.3569145 3.3468027 3.3755301 3.5716912 3.7059556 3.1034278 3.3258898 2.9664507 2.9961201 2.7892328 3.3819869 3.1049163 3.2065063 3.4554908 2.9343882 2.3298556 2.2825180 2.4112955 
