93
Morvir_scaffold26.g8.t2                                           0.0000000 0.7524758 0.7337271 0.4165404 0.7855464 1.1546483 1.0942113 0.9317282 0.4844814 1.1111739 1.1070085 1.1025857 0.4871157 1.1733318 1.0426845 1.2698043 1.2838219 1.2822918 2.6993129 1.5094624 0.7931004 1.0497211 1.8267375 1.9988541 0.7935018 1.7093947 1.1257073 1.2902931 2.0989836 2.1110693 2.3582111 1.1390253 0.8837930 1.4703275 1.4651779 1.9760160 1.4597688 0.8191869 1.4996920 1.6394277 1.4642925 1.4457468 1.5753843 1.6329730 1.5430204 1.4909206 1.4568248 1.1244335 1.8998014 1.4583820 1.0870378 2.0170139 2.0170139 2.0638575 2.1491808 1.5270083 1.0562518 1.0562518 1.2700089 1.2095782 2.2358148 1.4130528 1.4130528 1.4285655 1.4285655 2.1918827 1.2822968 2.1547347 2.1585264 2.3227477 2.2772638 2.0952364 1.7962335 2.0337430 2.0544200 1.9683168 2.0601984 1.2311757 1.4054914 1.5312612 2.0049942 2.1475364 2.0533666 2.3512329 2.6871246 2.5419024 2.6622663 2.9870556 2.9643015 3.2421363 3.3890011 2.4588284 3.4852219 
Nemnom_g13938.t1                                                  0.7524758 0.0000000 0.0763513 0.1524996 0.3232452 0.7405645 1.1595771 0.9595677 0.4942797 1.1710809 1.1368386 1.1606623 0.4937423 1.2104685 1.0686238 1.2814308 1.2199397 1.2186581 3.0410374 1.4614732 0.7608130 1.0100355 1.8273724 1.9647143 0.8104674 2.0757312 1.1561370 1.3385653 2.0001488 2.1382370 2.3382988 1.0838512 0.8586701 1.3894145 1.3847535 1.7918654 1.3794596 0.7084220 1.4748917 1.5782132 1.3507940 1.4368216 1.4493529 1.5833851 1.3460267 1.4558309 1.2884357 1.2967970 1.8493221 1.6802825 1.1140453 2.0376333 2.0376333 2.0050872 2.0918957 1.6161467 0.9917665 0.9917665 1.2332205 1.1708341 2.2169621 1.4714610 1.4714610 1.5009240 1.5009240 2.2752974 1.2476313 2.3283316 2.3475282 2.4955464 2.5206588 1.8862117 1.6271051 1.8637383 1.8887736 1.7497686 1.8672460 1.1153946 1.2151761 1.5185500 1.7785302 2.2327739 2.1358551 2.2651992 2.7465511 2.4760589 2.7637348 2.8314282 3.0729591 3.2085631 3.2748731 2.5984574 3.3483887 
Rhoesc_Res_005054-T1                                              0.7337271 0.0763513 0.0000000 0.1446678 0.3338318 0.8102958 1.1691276 0.9666010 0.4881910 1.1785738 1.1403797 1.1684502 0.4929978 1.2232873 1.0796558 1.3047411 1.2205526 1.2187828 3.0311736 1.4519401 0.7494139 0.9827753 1.8285412 1.9506335 0.8226929 2.0810367 1.1578493 1.3453344 1.9531487 2.0860467 2.3142261 1.1279055 0.8318737 1.4234538 1.4185712 1.8393321 1.4132093 0.7219629 1.4953235 1.5858039 1.3568685 1.4124663 1.4666073 1.6000560 1.3505070 1.4895664 1.2757503 1.2988261 1.8227041 1.6545118 1.1040793 2.0172959 2.0172959 1.9720470 2.0870613 1.6188794 0.9741313 0.9741313 1.2160959 1.1551275 2.2146563 1.4692969 1.4692969 1.4923938 1.4923938 2.2727694 1.2136859 2.3144202 2.3333912 2.4676730 2.4924710 1.9134763 1.6582686 1.8959446 1.9214657 1.7768226 1.9004216 1.1269026 1.2200362 1.5018092 1.7763855 2.1850128 2.1355197 2.2871302 2.7240603 2.4279214 2.6245408 2.8806742 3.1174716 3.1852576 3.1523918 2.6164139 3.3711447 
Aaur_scaffold22.g39.t1                                            0.4165404 0.1524996 0.1446678 0.0000000 0.2285089 0.4361809 0.5091992 0.4982837 0.5316317 0.5243908 0.5323710 0.5660087 0.5189717 0.5095918 0.4830405 0.5813706 0.5549299 0.5549299 2.1783866 0.5391540 0.7076458 1.0670492 0.9994188 1.0198728 0.8062473 2.1058487 0.9736641 1.0449133 1.1077677 0.9786321 1.6429817 1.2235366 0.8666333 0.7955848 0.7955848 0.7026384 0.7955848 0.6932531 0.9126623 0.9420493 0.8172409 0.8064286 0.8000582 0.8323991 0.9762800 0.9063279 0.6021933 0.0000010 1.0079037 1.1848133 1.2574361 1.0098684 1.0098684 1.2135322 1.1383388 1.7233609 0.9967745 0.9967745 1.2861261 1.2190094 1.3531505 1.2743154 1.2743154 1.3209606 1.3209606 1.2654290 1.2981978 1.3265369 1.3265369 1.5473966 1.3211807 1.0852264 1.0554242 1.0333723 1.0333723 1.1035347 1.1244705 1.1450838 0.6360847 1.3911834 1.2823725 1.4219975 0.6496112 2.0445049 2.3572947 1.7903975 2.1158506 2.4348783 2.2477469 2.3580439 2.6249917 2.4187240 3.2123184 
Sanmal_Sma_005958-T1                                              0.7855464 0.3232452 0.3338318 0.2285089 0.0000000 0.2819388 1.1406097 0.9404634 0.5144519 1.1624284 1.0932022 1.1107987 0.5018612 1.1347356 1.1134903 1.2639358 1.1796567 1.1810963 2.7042063 1.4269873 0.7191713 1.0177051 1.8196260 1.8896359 0.8854901 1.9040250 1.1613393 1.3037996 1.9688152 2.0286561 2.3675887 1.0955536 0.9107780 1.5039491 1.5065067 2.0330997 1.4997759 0.7902051 1.5092809 1.5024536 1.4370565 1.4408316 1.4855628 1.6329857 1.4351361 1.5479526 1.3281665 1.2650884 1.8923204 1.4143219 1.2119060 1.9812738 1.9812738 2.0559636 2.0293377 1.4667203 0.9682642 0.9682642 1.2026819 1.1210554 2.1258515 1.4019740 1.4019740 1.4290727 1.4290727 2.0896921 1.2039745 2.1123588 2.0940670 2.2685373 2.2859753 1.9008571 1.6520752 1.8290121 1.8562592 1.8532176 1.8598717 1.1846236 1.2412219 1.5804438 1.8489155 2.1079878 2.0958586 2.3430808 2.6151702 2.5325333 2.7471389 2.7389026 3.2799667 3.2323164 3.4522421 2.5440142 3.4356091 
Sanmal_Sma_005952-T1                                              1.1546483 0.7405645 0.8102958 0.4361809 0.2819388 0.0000000 1.2391755 1.1317168 1.1130059 1.2313699 1.1776794 1.2259238 0.9339276 1.1689180 1.3568335 1.3871875 1.4761623 1.4761623 1.9923410 1.2984755 2.2072273 1.7789650 1.8433513 1.7448591 1.8501535 8.6044416 1.9088327 2.0439752 2.5120624 1.7122363 4.5143838 1.4182875 1.8574534 1.8851035 1.8248929 5.5420516 1.8246121 1.5024088 1.9060327 2.2739508 1.9651587 1.6030477 1.8449014 1.9473263 1.9440456 1.8059703 2.4888508 1.0184125 2.5281531 3.4396068 1.7066951 2.2888681 2.2888681 2.7703712 2.0856468 1.6809595 1.3617374 1.3617374 1.8216367 1.6078726 2.2445351 1.5249500 1.5249500 1.5986626 1.5986626 2.0426633 1.6399764 2.2834025 2.3942386 3.1378829 2.1540681 1.7743503 1.6356529 1.5185609 1.6011595 1.8605939 1.8684113 1.4776904 1.5807741 2.6053777 1.9198801 5.7823798 4.3814696 3.7192442 2.1862278 2.7617160 3.9010699 4.0180104 3.4988503 2.9174480 2.9336460 3.6422341 4.1424766 
Spis_XP_022788688_1                                               1.0942113 1.1595771 1.1691276 0.5091992 1.1406097 1.2391755 0.0000000 0.1355586 0.0690176 0.0445580 0.2155840 0.2286982 0.1228058 0.2445790 0.5430463 0.6573957 0.9358480 0.9334565 1.5083881 1.4607267 0.7936798 0.9306210 1.4892702 1.5842756 0.7687065 1.4963219 1.0058140 1.1259837 1.8188580 1.8292670 1.8819709 0.9919205 0.9037376 1.4082140 1.4106672 1.8627698 1.4066183 0.8186788 1.5018720 1.6335487 1.3703031 1.3225633 1.4294852 1.4794780 1.4389068 1.4190910 1.3220238 1.4547742 1.7914705 1.4960897 1.0879663 2.0312672 2.0312672 1.8311516 1.8476532 1.4849016 0.9960688 0.9960688 1.1608316 1.0935270 2.1206009 1.2980574 1.2980574 1.3082618 1.3082618 1.9705021 1.2399202 2.1140241 2.1047901 2.2702637 2.1363686 1.8941759 1.5739006 1.8698930 1.8865671 1.7266202 1.8654115 1.1501184 1.4365878 1.4789915 1.8901775 2.1649993 1.8781549 2.4570323 2.6642101 2.5563730 2.5476460 2.8410162 3.0296158 3.0584571 2.7662121 2.3943088 3.6850652 
Fspp_ffun1.m4.24507.m1                                            0.9317282 0.9595677 0.9666010 0.4982837 0.9404634 1.1317168 0.1355586 0.0000000 0.0444226 0.1347786 0.1752692 0.1861549 0.1051856 0.1651727 0.4461724 0.5189445 0.7113715 0.7113715 1.3767341 1.0119163 0.7348840 0.9273150 1.3168144 1.3196476 0.8021044 1.3465212 0.9457859 1.0905407 1.5842363 1.5219905 1.7366618 0.9222046 0.8932538 1.1566744 1.1566744 1.5097108 1.1566744 0.8162770 1.2357243 1.3465587 1.2125596 1.1423654 1.2271973 1.2794384 1.2818215 1.2431026 1.0783672 1.1078238 1.4204557 1.3144992 1.1731431 1.6490242 1.6490242 1.5903500 1.4751950 1.5037210 0.9933105 0.9933105 1.1473680 1.0945811 1.6989650 1.2855284 1.2855284 1.3095276 1.3095276 1.6347347 1.2415454 1.6915825 1.6915825 1.8516825 1.7102085 1.6568314 1.4591242 1.6295129 1.6265470 1.6414725 1.6361664 1.1431128 1.1869036 1.4143585 1.7928489 2.0722695 1.6467989 2.2588362 2.6776703 2.4005288 2.3502194 2.6690139 2.8947910 2.8829790 2.8587775 2.3904848 3.4174784 
Gasp_gasp1.m3.16817.m1                                            0.4844814 0.4942797 0.4881910 0.5316317 0.5144519 1.1130059 0.0690176 0.0444226 0.0000000 0.0662978 0.1152290 0.1368301 0.1143412 0.0783033 0.2712412 0.2815859 0.4328698 0.4328698 2.0732177 0.5171183 0.7667326 0.9418224 0.9086132 0.8759766 0.8026703 1.1432886 0.8861436 0.9859490 1.0085898 1.0108754 1.4387985 0.9436689 0.8820322 0.7682001 0.7682001 0.7410725 0.7682001 0.8118071 0.8239987 0.8563867 0.7393772 0.6939036 0.7342190 0.7947843 0.9655021 0.7751569 0.6163247 0.0000010 0.8876595 0.9241368 1.2058824 1.2146389 1.2146389 1.1879879 1.0175810 1.4716629 0.9821441 0.9821441 1.1760938 1.0975063 1.2614151 1.1711175 1.1711175 1.1925395 1.1925395 1.1102389 1.2543854 1.2406564 1.2406564 1.4284969 1.2465295 1.1236262 1.1034562 1.0634538 1.0634538 1.1637374 1.1168628 1.1255270 0.6180888 1.2521727 1.4900796 1.5312854 0.7259009 1.9515965 2.6739932 2.0224216 2.1528409 2.5162673 2.6740230 2.6233615 2.8591526 2.3760123 3.0213682 
Pocdam_XM_027185701.1                                             1.1111739 1.1710809 1.1785738 0.5243908 1.1624284 1.2313699 0.0445580 0.1347786 0.0662978 0.0000000 0.2174906 0.2284329 0.1286986 0.2476396 0.5565295 0.6631993 0.9543241 0.9518994 1.4438729 1.4655467 0.7936798 0.9264636 1.4877694 1.5918586 0.7747553 1.5009847 1.0084224 1.1180488 1.8101869 1.8370636 1.8927594 1.0253417 0.9009626 1.4076748 1.4094545 1.8456050 1.4042770 0.8286924 1.5168751 1.6820845 1.4055604 1.3546215 1.4602160 1.5049063 1.4364890 1.4498992 1.3216116 1.5075879 1.8056116 1.4647135 1.1232051 2.0443501 2.0443501 1.8419336 1.8303160 1.5225268 1.0207949 1.0207949 1.1882580 1.1145781 2.1271612 1.3098384 1.3098384 1.3274810 1.3274810 1.9930878 1.2546234 2.1561807 2.1478157 2.3169423 2.1496909 1.9030004 1.5660851 1.8746390 1.8931909 1.7359436 1.8589731 1.1495033 1.4380873 1.5217778 1.9103363 2.1453291 1.8757445 2.4089797 2.7068832 2.5498123 2.5024303 2.8915532 3.0295219 3.0377832 2.8153983 2.4250322 3.7262494 
Amil_Amillepora11099-RA                                           1.1070085 1.1368386 1.1403797 0.5323710 1.0932022 1.1776794 0.2155840 0.1752692 0.1152290 0.2174906 0.0000000 0.0183313 0.0125700 0.1761891 0.5020259 0.6556198 0.9566985 0.9541116 1.4125734 1.5512026 0.7897103 0.9426028 1.6138826 1.6300395 0.8406442 1.6625484 1.0751767 1.2467754 1.7888598 1.8842771 1.9652863 0.9639348 0.9045555 1.3898107 1.4004207 1.7683630 1.3961243 0.8180465 1.5859994 1.6957185 1.3846332 1.3513464 1.4631739 1.5344797 1.4833664 1.4293515 1.2991118 1.5990532 1.7854937 1.5610661 1.1826334 2.1831243 2.1831243 1.8267092 1.8516680 1.4976445 1.0346765 1.0346765 1.2392002 1.1343546 2.1958309 1.3188488 1.3188488 1.3524935 1.3524935 2.0695641 1.3433090 2.1930872 2.1765468 2.3512716 2.1910369 1.9465402 1.6580402 1.9414350 1.9648007 1.7498936 1.9279696 1.1517243 1.4387746 1.5546353 2.0072535 2.0679419 2.1000205 2.3056856 2.6469447 2.5192333 2.4880056 2.7572559 3.0234473 3.0325312 2.7857460 2.3632108 3.7554804 
Adig_XM_015903336.1                                               1.1025857 1.1606623 1.1684502 0.5660087 1.1107987 1.2259238 0.2286982 0.1861549 0.1368301 0.2284329 0.0183313 0.0000000 0.0239175 0.1840922 0.5251977 0.6542845 0.9497659 0.9473364 1.3157514 1.5024943 0.7897103 0.9134177 1.5485956 1.6011978 0.8585718 1.4168444 1.0204339 1.2169465 1.7386002 1.7972985 1.8760327 0.9518325 0.9053842 1.4138347 1.4156697 1.7522019 1.4132240 0.8837178 1.5966150 1.6846385 1.3692513 1.3417201 1.4453379 1.5556861 1.5028211 1.4369325 1.2929047 1.5183062 1.7647193 1.4628551 1.3043497 2.1036158 2.1036158 1.7940649 1.8371322 1.4341109 1.1076306 1.1076306 1.2810293 1.1856940 2.1626461 1.3194121 1.3194121 1.3494990 1.3494990 1.9888677 1.3264309 2.1492123 2.1440240 2.3084028 2.1317085 1.9040127 1.6388095 1.8878068 1.9221434 1.7250577 1.8759015 1.1703429 1.4753082 1.5408702 1.9849069 2.0599296 1.9811481 2.4132054 2.8095225 2.5757149 2.5628116 2.8285295 3.1532153 3.1417130 2.8909181 2.3163435 3.5918359 
Adig_XM_015903366.1                                               0.4871157 0.4937423 0.4929978 0.5189717 0.5018612 0.9339276 0.1228058 0.1051856 0.1143412 0.1286986 0.0125700 0.0239175 0.0000000 0.0757524 0.2559673 0.2522678 0.4416160 0.4416160 1.9441019 0.5393633 0.7897103 0.9540888 0.9401257 0.9243856 0.7760979 1.7703960 0.8932292 1.0405652 0.9482650 0.9546965 1.5118118 0.9518325 0.8766929 0.7799711 0.7751903 0.7717243 0.7751903 0.7740442 0.8115770 0.9145090 0.7208524 0.7258339 0.7653660 0.8277355 0.9550215 0.8455157 0.6091163 0.0000010 0.8802217 1.3212975 1.1866987 1.1766032 1.1766032 1.1405682 1.0628626 1.4341109 1.0302503 1.0302503 1.2120592 1.1189841 1.2944796 1.1699776 1.1699776 1.2171264 1.2171264 1.1269310 1.3025446 1.2202882 1.2307499 1.4480464 1.2716752 1.0694964 1.0604247 1.0055209 1.0172527 1.1122060 1.0854573 1.0926956 0.6437413 1.3735962 1.4087275 1.4891788 0.6690142 1.9124062 2.5013855 1.8698658 2.0297801 2.5364147 2.3670459 2.3380416 2.5270447 2.1307585 3.1599803 
Gfas_gfas1.m1.18753.m1                                            1.1733318 1.2104685 1.2232873 0.5095918 1.1347356 1.1689180 0.2445790 0.1651727 0.0783033 0.2476396 0.1761891 0.1840922 0.0757524 0.0000000 0.5710707 0.6739291 0.9610201 0.9610201 1.6691365 1.5835103 0.9002988 0.9827499 1.6227611 1.6583838 0.8016980 1.6408293 1.0641492 1.2361498 1.7351806 1.9004814 1.9872114 0.9335661 0.9289101 1.5443968 1.5443968 2.2168999 1.5443968 0.8483397 1.6654522 1.7739340 1.5499368 1.4878801 1.5941208 1.6887482 1.5585933 1.5185915 1.4905085 2.0598312 1.8344986 1.6699984 1.2030604 2.1227470 2.1227470 1.7853068 1.7992653 1.4551020 0.9952099 0.9952099 1.1587758 1.0728146 2.0867220 1.2994810 1.2994810 1.3216688 1.3216688 2.0212279 1.2855327 2.1373364 2.1377911 2.3315908 2.1902929 1.9956796 1.6110801 1.9691680 1.9825622 1.7740686 1.9780059 1.1412551 1.3868744 1.4998574 1.8605815 1.8483582 1.9460989 2.4638852 2.6479098 2.4215458 2.4093751 3.0237777 3.1935121 3.1048149 2.7929626 2.2066461 3.6232936 
Nvec_v1g190860                                                    1.0426845 1.0686238 1.0796558 0.4830405 1.1134903 1.3568335 0.5430463 0.4461724 0.2712412 0.5565295 0.5020259 0.5251977 0.2559673 0.5710707 0.0000000 0.4556255 0.8102848 0.8080509 1.6327848 1.4736724 0.8109645 0.8769649 1.4390769 1.6034395 0.8161626 1.5355989 1.0103825 1.1314264 1.7130673 1.8441267 1.8833464 1.0470746 0.8140986 1.3544376 1.3567605 1.7232959 1.3506579 0.8246448 1.5237990 1.4913080 1.3109214 1.2761542 1.3164584 1.4328561 1.3451598 1.3316525 1.2514644 1.3825906 1.6270471 1.5649379 1.0578650 1.8549002 1.8549002 1.6485361 1.7470272 1.3428710 1.0098282 1.0098282 1.1099932 1.0449489 2.0283473 1.2232909 1.2232909 1.2434275 1.2434275 1.9819231 1.1911342 2.0027465 2.0060498 2.1800830 2.0930654 1.6957360 1.4313431 1.6800995 1.7128585 1.5283802 1.6623373 1.0303396 1.4339432 1.3839062 1.8002895 1.9753338 1.9234239 2.1843340 2.4885703 2.3673955 2.5243848 2.5164707 2.8686706 2.8824775 2.7766813 2.4498970 3.4421443 
Exapal_XM_021061636.2                                             1.2698043 1.2814308 1.3047411 0.5813706 1.2639358 1.3871875 0.6573957 0.5189445 0.2815859 0.6631993 0.6556198 0.6542845 0.2522678 0.6739291 0.4556255 0.0000000 0.9131708 0.9097099 1.7578673 1.6469932 0.8318300 0.9406492 1.6197114 1.6022065 0.8033464 1.7386014 1.1565807 1.2101126 1.8184974 1.9217100 1.9392858 0.9729585 0.9397174 1.5628263 1.5627593 1.9643796 1.5630219 0.8911241 1.6158111 1.6629241 1.4815049 1.4836841 1.4890613 1.6035622 1.4508974 1.5304403 1.4478016 2.2994553 1.8243835 1.5996341 1.0848273 2.1012054 2.1012054 1.8174981 1.9930496 1.4069734 0.9840851 0.9840851 1.1665918 1.0620245 2.0064538 1.2010243 1.2010243 1.2687651 1.2687651 1.9768767 1.2012406 2.0478614 2.0414215 2.2086088 2.0632458 1.8593143 1.5427745 1.8496862 1.8790710 1.6890278 1.7848132 1.0422297 1.5269313 1.5140450 1.9089432 1.8821761 2.0097285 2.2939877 3.0352810 2.5025534 2.8477910 2.5525240 3.1688342 3.1445450 2.8341978 2.4441507 3.6203762 
Dgig_XM_028545256.1                                               1.2838219 1.2199397 1.2205526 0.5549299 1.1796567 1.4761623 0.9358480 0.7113715 0.4328698 0.9543241 0.9566985 0.9497659 0.4416160 0.9610201 0.8102848 0.9131708 0.0000000 0.0011083 2.0572455 1.7462857 0.9254594 0.9202905 1.6601202 1.9656019 0.8398302 1.7481329 1.1010702 1.1500340 1.8327588 1.9684367 2.0271497 1.0424163 0.8961935 1.5202426 1.5218957 2.0903764 1.5173437 0.8225199 1.6649301 1.6716519 1.5442481 1.4652043 1.5998013 1.6591251 1.4689147 1.5939568 1.4309871 2.2436894 1.7193689 1.4894825 1.2245758 2.1000402 2.1000402 1.9956073 1.9408482 1.6295879 1.0342881 1.0342881 1.1805378 1.1260231 2.1627005 1.3813072 1.3813072 1.4269286 1.4269286 2.1716084 1.2923043 2.2185391 2.2119635 2.3865188 2.2980417 2.0040535 1.5466559 1.9488229 1.9860631 1.7648910 1.9823252 1.1568059 1.4822756 1.6244748 1.7726171 2.0262851 2.1669482 2.3260614 2.7706922 2.5071457 2.8546804 2.8042335 3.0288058 3.1089075 3.0982838 2.4838388 3.5258776 
Dgig_XM_028559967.1                                               1.2822918 1.2186581 1.2187828 0.5549299 1.1810963 1.4761623 0.9334565 0.7113715 0.4328698 0.9518994 0.9541116 0.9473364 0.4416160 0.9610201 0.8080509 0.9097099 0.0011083 0.0000000 2.0572455 1.7436975 0.9254594 0.9202905 1.6622832 1.9752700 0.8398302 1.7824340 1.1092594 1.1580992 1.8235340 1.9601299 2.0308665 1.0424163 0.8961935 1.5225872 1.5242334 2.0951213 1.5196780 0.8225199 1.6643899 1.6700284 1.5407437 1.4629761 1.5969914 1.6562019 1.4665548 1.5910828 1.4336040 2.2111398 1.7196454 1.4946581 1.2245758 2.0918486 2.0918486 1.9956073 1.9420181 1.6295879 1.0342881 1.0342881 1.1805378 1.1260231 2.1593532 1.3868603 1.3868603 1.4322729 1.4322729 2.1705768 1.2923043 2.2200069 2.2134320 2.3881731 2.2969800 1.9973955 1.5493097 1.9461710 1.9833723 1.7714968 1.9796830 1.1644565 1.4843511 1.6244748 1.7726171 2.0262851 2.1804738 2.3260614 2.7706922 2.5071457 2.8403127 2.8042335 3.0168820 3.0935638 3.0982838 2.4838388 3.5037173 
Adig_XM_015903335.1                                               2.6993129 3.0410374 3.0311736 2.1783866 2.7042063 1.9923410 1.5083881 1.3767341 2.0732177 1.4438729 1.4125734 1.3157514 1.9441019 1.6691365 1.6327848 1.7578673 2.0572455 2.0572455 0.0000000 2.4615847 4.0289302 3.0480735 3.5459123 3.4142584 2.7452519 2.0542020 2.8023866 3.1230892 3.0505865 2.5539031 3.3957103 1.4172793 2.5262894 2.5332360 2.5162957 2.6608043 2.4908201 2.8691626 2.7883694 3.1623075 2.6837174 2.3220611 2.8100739 2.5606454 3.0476141 3.0481978 2.9401478 3.2692698 2.9893254 3.7903455 2.6266970 3.9399266 3.9399266 3.6629606 4.2996282 2.6030616 3.2557437 3.2557437 3.1357005 3.1357005 3.1606825 2.8971029 2.8971029 2.9403076 2.9403076 3.5331337 2.9708445 3.2510523 3.3901854 3.7938072 3.0642049 3.1275916 2.6434991 2.8958818 3.1807539 2.8891157 3.1665351 2.5509281 3.1464594 3.4208960 3.8764035 4.1071495 3.4388839 4.2316839 8.9999989 8.9999985 8.4983712 7.0197972 7.3226424 6.0324471 4.4481400 4.6449062 8.9999989 
Chem_TCONS_00061628                                               1.5094624 1.4614732 1.4519401 0.5391540 1.4269873 1.2984755 1.4607267 1.0119163 0.5171183 1.4655467 1.5512026 1.5024943 0.5393633 1.5835103 1.4736724 1.6469932 1.7462857 1.7436975 2.4615847 0.0000000 0.7463687 1.0711201 2.0267878 2.1666348 0.8268148 2.3154988 1.2605907 1.3885407 2.1098519 1.8613421 1.9307661 1.0273694 0.9249351 1.8433927 1.8350717 2.4667027 1.8314679 0.8228491 1.8030441 1.9707061 1.7840072 1.7945220 1.9336420 1.9910481 1.6422374 1.9517555 1.8045018 3.8867386 2.2151945 1.9402754 1.0438135 2.2722817 2.2722817 1.9109331 2.0572263 1.6683457 1.0747330 1.0747330 1.3674271 1.2992109 2.2828343 1.4431703 1.4431703 1.4686380 1.4686380 2.3434091 1.2390010 2.3055855 2.3042452 2.4302591 2.4569944 2.0824404 1.6074615 2.0225150 2.0495919 1.7900593 2.0564347 1.1248298 0.9748946 1.7068437 2.0926961 2.1132872 2.3861029 2.5411739 2.7557519 2.7195832 2.7962081 3.3050545 3.6208381 3.4310537 3.4848910 2.4605599 4.2850962 
Xestes_maker-XT_scaffold3027-augustus-gene-0.3-mRNA-1             0.7931004 0.7608130 0.7494139 0.7076458 0.7191713 2.2072273 0.7936798 0.7348840 0.7667326 0.7936798 0.7897103 0.7897103 0.7897103 0.9002988 0.8109645 0.8318300 0.9254594 0.9254594 4.0289302 0.7463687 0.0000000 0.1642572 0.1839719 0.3797400 0.3188112 0.9713737 0.3901654 0.5041127 0.8946289 0.7310209 1.2472164 3.9327620 0.8230235 0.8362322 0.8362322 0.7461418 0.8362322 0.9535721 1.0718518 1.0049312 1.0790316 0.9892617 1.0244476 0.9947806 0.9045356 1.3478950 0.8524178 0.0000010 0.9298989 0.4875400 0.0000010 1.1017022 1.1017022 0.9055457 0.8358636 3.3385793 0.5810856 0.5810856 0.6896608 0.5810856 1.1312222 0.9375813 0.9375813 1.0024592 1.0024592 0.9368279 1.0995337 1.1838978 1.1838978 1.1910509 1.0672212 1.1373328 1.1365815 1.0764836 1.0764836 1.1605014 1.2720874 1.2532079 0.8720020 1.1668261 1.0302895 1.5245111 0.7006074 1.5700797 2.5298814 2.0155240 2.2408090 1.6412663 1.8661423 2.1319268 2.5860768 2.2609247 3.7830760 
Halamb_c46370_g2_i1m.20495                                        1.0497211 1.0100355 0.9827753 1.0670492 1.0177051 1.7789650 0.9306210 0.9273150 0.9418224 0.9264636 0.9426028 0.9134177 0.9540888 0.9827499 0.8769649 0.9406492 0.9202905 0.9202905 3.0480735 1.0711201 0.1642572 0.0000000 0.1878642 0.4783663 0.4715324 0.6187693 0.4549354 0.5861019 1.1161159 1.0400855 1.5379275 1.5201169 1.1501349 1.1090364 1.1090364 1.1182102 1.1090364 1.0084173 1.1920830 1.1720927 1.1748305 1.1625690 1.1459614 1.3210299 1.1105863 1.2974573 0.8946578 0.0000010 1.2078416 0.5901375 1.4565753 1.3063738 1.3063738 1.3022593 1.0884288 1.6506280 1.0934149 1.0934149 1.3019415 1.2007449 1.3496638 1.2279578 1.2279578 1.2508235 1.2508235 1.2334244 1.3485886 1.3255448 1.3255448 1.4844210 1.3851849 1.2581957 1.2278521 1.2001547 1.2001547 1.3244660 1.3012089 1.3188855 1.2088857 1.2969740 1.5925825 1.8616948 0.7680385 2.0147258 2.4946894 2.1354512 2.4949233 2.7357101 2.6606027 3.0123669 3.3470442 2.6213524 3.6279617 
Aque_Aqu2.1.43718_001                                             1.8267375 1.8273724 1.8285412 0.9994188 1.8196260 1.8433513 1.4892702 1.3168144 0.9086132 1.4877694 1.6138826 1.5485956 0.9401257 1.6227611 1.4390769 1.6197114 1.6601202 1.6622832 3.5459123 2.0267878 0.1839719 0.1878642 0.0000000 0.8286754 0.4237352 1.1167612 0.6277956 0.7081045 1.8504345 1.7308645 2.0527152 1.6225846 1.1450741 1.7285709 1.7203524 2.2578228 1.7176506 1.0255431 2.0021234 1.9640233 1.7941333 1.7942986 1.7524078 1.8887221 1.6116053 1.9414062 1.9022691 4.9970356 2.0010108 1.2254344 1.3733747 1.9914919 1.9914919 1.8662891 1.8617804 1.5966710 1.1369704 1.1369704 1.3119857 1.2695706 2.1706588 1.3789934 1.3789934 1.3687199 1.3687199 1.9600936 1.3407215 2.1517282 2.1777240 2.2727805 2.1417101 1.9961128 1.6664333 1.9548765 1.9823624 1.9670312 2.1275894 1.3876873 1.9629006 1.6127004 2.0156108 2.4347166 1.9117207 2.4153898 2.3336609 2.7585750 3.0624596 3.1112023 3.0466368 3.2050750 3.4089486 2.6627063 3.9005047 
Emue_Em0004g1658a.t1                                              1.9988541 1.9647143 1.9506335 1.0198728 1.8896359 1.7448591 1.5842756 1.3196476 0.8759766 1.5918586 1.6300395 1.6011978 0.9243856 1.6583838 1.6034395 1.6022065 1.9656019 1.9752700 3.4142584 2.1666348 0.3797400 0.4783663 0.8286754 0.0000000 0.4134700 0.3613793 0.2129658 0.8327823 1.7581965 1.8044885 2.2152414 1.2971812 1.1040555 1.8982457 1.8756970 2.2597564 1.8865721 1.1282157 2.0338423 2.0308692 1.8841392 1.9701644 2.0442418 2.0482452 1.7100018 2.0808367 2.0686559 3.6466655 2.2607863 1.0889988 1.3158704 2.2581651 2.2581651 1.9365413 2.0853128 1.3453729 0.9795495 0.9795495 1.0509856 1.0032301 2.2735841 1.3498669 1.3498669 1.3414794 1.3414794 2.0242864 1.1726583 2.2186893 2.2482122 2.3145568 2.2372146 2.2022737 1.7794135 2.1959763 2.2284574 2.1147412 2.2555897 1.3933057 2.1250853 1.6217780 2.0925383 2.6828557 2.2824502 2.4853800 3.1916693 2.7943455 2.9179523 2.9585625 3.3705024 3.5440442 3.4231543 2.7229286 4.1588346 
Tetwil_g8088.t1                                                   0.7935018 0.8104674 0.8226929 0.8062473 0.8854901 1.8501535 0.7687065 0.8021044 0.8026703 0.7747553 0.8406442 0.8585718 0.7760979 0.8016980 0.8161626 0.8033464 0.8398302 0.8398302 2.7452519 0.8268148 0.3188112 0.4715324 0.4237352 0.4134700 0.0000000 1.2657944 0.4028684 0.5657927 0.9583313 0.8262670 1.2376524 1.2433182 0.9619412 0.8313499 0.8321359 0.5954329 0.8321359 0.7489196 0.8791583 0.9279975 0.8652892 0.8698515 0.8947680 1.0463023 0.9545234 0.8200953 0.7614534 0.6847598 1.0624448 1.6351400 1.0917706 1.0539359 1.0539359 0.9929979 0.8751121 1.2664715 1.0796366 1.0796366 1.1196023 1.0491998 1.1209188 1.0027557 1.0027557 1.0273959 1.0273959 1.0785144 1.0873761 1.0718373 1.0936373 1.3519961 1.1721661 1.0479971 1.0255619 1.0358972 1.0675466 1.0773923 1.1066283 1.0842872 0.8994250 1.1597774 1.1207501 1.1126141 0.7013396 1.6188642 1.7021840 1.4312288 1.7959537 2.5728055 2.1089176 2.1609300 2.8479341 1.5507904 3.1681234 
Spolac_c101463_g2_i1_m.25685c101463-g1                            1.7093947 2.0757312 2.0810367 2.1058487 1.9040250 8.6044416 1.4963219 1.3465212 1.1432886 1.5009847 1.6625484 1.4168444 1.7703960 1.6408293 1.5355989 1.7386014 1.7481329 1.7824340 2.0542020 2.3154988 0.9713737 0.6187693 1.1167612 0.3613793 1.2657944 0.0000000 0.0494933 1.1959649 1.5055877 1.6932538 1.8368786 0.0000010 1.1587152 1.8489757 1.8489757 1.8734398 1.8489757 1.9265257 2.0243457 2.1154172 1.8590107 2.1119211 2.3210460 2.0264718 1.5536073 1.9792372 2.0914214 0.0000010 1.9296999 0.6214961 0.0000010 2.6948624 2.6948624 2.0676009 1.9511169 0.0000010 1.7697410 1.7697410 1.7697410 1.7697410 2.9210805 2.3198249 2.3198249 2.3198249 2.3198249 2.3166869 1.9663961 2.5888503 2.5888503 2.5834437 2.4221403 2.4450567 2.3985277 2.4463686 2.4463686 2.4902719 2.4222550 2.0581348 1.9462089 1.9731247 3.0261661 2.2329998 1.6243424 2.6332819 4.0832460 5.7734890 6.3237442 4.6139612 4.6307872 5.4439825 5.5046838 4.3542733 6.7546847 
Spolac_c101463_g2_i2_m.25687c101463-g1                            1.1257073 1.1561370 1.1578493 0.9736641 1.1613393 1.9088327 1.0058140 0.9457859 0.8861436 1.0084224 1.0751767 1.0204339 0.8932292 1.0641492 1.0103825 1.1565807 1.1010702 1.1092594 2.8023866 1.2605907 0.3901654 0.4549354 0.6277956 0.2129658 0.4028684 0.0494933 0.0000000 0.7551759 1.1503004 1.0901002 1.5930373 1.5818066 1.0407419 1.1731274 1.1731274 1.2605855 1.1731274 1.0118355 1.2338515 1.3772660 1.2185541 1.2828798 1.3243274 1.3823229 1.1648855 1.3771096 1.1137201 0.0000010 1.3383790 0.5940440 1.4580037 1.4973070 1.4973070 1.4180718 1.2703280 1.7469599 0.9499816 0.9499816 1.1755408 1.1140009 1.5459167 1.3217914 1.3217914 1.3332705 1.3332705 1.3711198 1.3113948 1.4598870 1.4598870 1.5964519 1.5115119 1.3639047 1.3291477 1.3557452 1.3557452 1.3838858 1.3908387 1.2727873 1.2578203 1.3920512 1.6380500 1.8308321 1.0173705 1.9230441 2.4775073 2.2933927 2.4649153 2.8231317 2.6877187 2.8547795 3.3385715 2.4700077 3.4181069 
Plespi_Pspi_scaffold15510_01                                      1.2902931 1.3385653 1.3453344 1.0449133 1.3037996 2.0439752 1.1259837 1.0905407 0.9859490 1.1180488 1.2467754 1.2169465 1.0405652 1.2361498 1.1314264 1.2101126 1.1500340 1.1580992 3.1230892 1.3885407 0.5041127 0.5861019 0.7081045 0.8327823 0.5657927 1.1959649 0.7551759 0.0000000 1.2986627 1.1827560 1.7771720 1.4536297 1.1217406 1.2718453 1.2718453 1.5380608 1.2718453 0.9182209 1.3190489 1.3390820 1.2523538 1.3241433 1.4322211 1.3986269 1.2033620 1.4425186 1.1531036 0.0000010 1.4448471 0.8125390 1.3088867 1.5524684 1.5524684 1.4249943 1.3170897 2.0234099 1.2260284 1.2260284 1.4243367 1.3747008 1.7393567 1.4922663 1.4922663 1.5456562 1.5456562 1.5941589 1.3642807 1.6529944 1.6534701 1.7226144 1.6624350 1.4070319 1.4093158 1.3777240 1.3777240 1.4409957 1.4508748 1.3127322 1.4764930 1.2980570 1.5261690 1.8543684 1.0600048 2.1296217 2.3602180 2.2218310 2.2970407 2.6017710 2.8931331 3.1928291 3.3292366 2.4507739 4.0956771 
Plajan_Pjan_C570526_01                                            2.0989836 2.0001488 1.9531487 1.1077677 1.9688152 2.5120624 1.8188580 1.5842363 1.0085898 1.8101869 1.7888598 1.7386002 0.9482650 1.7351806 1.7130673 1.8184974 1.8327588 1.8235340 3.0505865 2.1098519 0.8946289 1.1161159 1.8504345 1.7581965 0.9583313 1.5055877 1.1503004 1.2986627 0.0000000 1.0103006 1.2384386 1.3954579 1.1512015 1.7184098 1.7150962 2.1905866 1.7116512 0.9361372 1.8097329 1.8748214 1.7126771 1.8536185 1.8702377 1.9940999 1.7578475 1.7807750 1.7663132 2.6984886 1.9069239 1.9794289 1.3768031 2.1229961 2.1229961 1.9015108 2.0246077 1.8777770 1.2839473 1.2839473 1.4740947 1.3965824 2.2928157 1.4449984 1.4449984 1.4671564 1.4671564 2.1813245 1.5252430 2.1181457 2.1312981 2.2474425 2.4037677 2.1924448 1.8267088 2.1306648 2.1602753 2.0109801 2.1884374 1.4961471 2.1471936 1.6939029 1.8164705 2.1590177 2.3604231 2.6240306 2.4874967 2.5874589 3.0745212 3.2092434 3.4171370 3.2739699 3.1133068 2.4372700 5.0160462 
Opea_EP00118_Oscarella_pearsei_P005462                            2.1110693 2.1382370 2.0860467 0.9786321 2.0286561 1.7122363 1.8292670 1.5219905 1.0108754 1.8370636 1.8842771 1.7972985 0.9546965 1.9004814 1.8441267 1.9217100 1.9684367 1.9601299 2.5539031 1.8613421 0.7310209 1.0400855 1.7308645 1.8044885 0.8262670 1.6932538 1.0901002 1.1827560 1.0103006 0.0000000 0.2546231 1.1384698 1.1581750 1.8596153 1.8595012 2.4627334 1.8601988 0.9248864 1.8123657 1.8608533 1.7269850 1.8433056 1.9969405 1.8867367 1.7587512 1.8531337 1.7869340 4.0237279 2.0936912 1.9715562 1.1588551 2.0073408 2.0073408 1.6557856 1.8863528 1.8532247 1.2425605 1.2425605 1.4618055 1.4286242 2.3000154 1.4742095 1.4742095 1.4992512 1.4992512 2.2207980 1.5483076 2.1009912 2.1141635 2.1615879 2.2608416 2.0637623 1.5841900 2.0186712 2.0476443 1.8998634 2.0877372 1.3575036 1.9999431 1.6682984 1.9282130 2.2451992 2.2960783 2.5504010 2.7575961 2.5217683 2.6197026 3.0551136 3.4171342 3.2283852 2.9779949 2.2929868 3.8989550 
Ocar_g3215                                                        2.3582111 2.3382988 2.3142261 1.6429817 2.3675887 4.5143838 1.8819709 1.7366618 1.4387985 1.8927594 1.9652863 1.8760327 1.5118118 1.9872114 1.8833464 1.9392858 2.0271497 2.0308665 3.3957103 1.9307661 1.2472164 1.5379275 2.0527152 2.2152414 1.2376524 1.8368786 1.5930373 1.7771720 1.2384386 0.2546231 0.0000000 1.8390362 1.6794719 1.9958291 1.9958291 2.3984276 1.9958291 1.2630325 1.9391783 2.0709673 1.9254145 1.9774717 2.0792627 1.9666730 1.9527789 2.0018645 1.7231903 3.4251431 2.1687000 1.7264474 2.0886228 2.2960257 2.2960257 2.1570603 2.0864294 3.4929977 1.8420358 1.8420358 2.3463383 2.1995340 2.3404948 1.9263816 1.9263816 1.9845035 1.9845035 2.2432729 2.0462294 2.2074045 2.2079582 2.3021189 2.3006201 2.1442896 1.7813554 2.0926885 2.1027601 2.1529058 2.2364339 1.7816606 2.4359743 2.1303290 2.3915768 2.6011939 2.3913522 3.1211166 3.0160016 3.0370966 3.0685835 3.5880078 3.6701502 3.6635642 3.9367041 2.8174851 4.3582890 
Cscu_XM_023358004.1                                               1.1390253 1.0838512 1.1279055 1.2235366 1.0955536 1.4182875 0.9919205 0.9222046 0.9436689 1.0253417 0.9639348 0.9518325 0.9518325 0.9335661 1.0470746 0.9729585 1.0424163 1.0424163 1.4172793 1.0273694 3.9327620 1.5201169 1.6225846 1.2971812 1.2433182 0.0000010 1.5818066 1.4536297 1.3954579 1.1384698 1.8390362 0.0000000 0.6086274 0.6871588 0.6871588 0.0000010 0.6871588 0.6478331 0.7615683 0.8119159 1.0358921 0.9807936 0.9703287 0.9492104 0.8018581 0.9003653 0.0000010 0.0000010 0.8875864 0.0000010 1.4983869 1.4689858 1.4689858 1.4258044 1.5091639 1.9981580 1.3218461 1.3218461 1.8291857 1.8307195 1.7511247 1.7816578 1.7816578 1.7543331 1.7543331 1.7254748 1.6923439 1.9311591 1.9311591 1.9416976 1.7271709 1.2624545 1.2853011 1.2771391 1.2771391 1.4063480 1.2537655 1.2917049 1.3815978 1.1044352 1.3465214 0.0000010 0.0000010 2.2472614 2.6380918 2.1233620 2.3108041 2.1630345 2.7062604 2.3975101 3.0308783 2.0798120 3.3791356 
Dpul_mRNA27605                                                    0.8837930 0.8586701 0.8318737 0.8666333 0.9107780 1.8574534 0.9037376 0.8932538 0.8820322 0.9009626 0.9045555 0.9053842 0.8766929 0.9289101 0.8140986 0.9397174 0.8961935 0.8961935 2.5262894 0.9249351 0.8230235 1.1501349 1.1450741 1.1040555 0.9619412 1.1587152 1.0407419 1.1217406 1.1512015 1.1581750 1.6794719 0.6086274 0.0000000 0.6636994 0.6636994 0.6516947 0.6636994 0.6965145 0.7220732 0.7989249 0.8486691 0.8399738 0.8649161 0.9595990 0.7452959 0.8469305 0.3945014 0.0000010 0.8930965 1.3866035 1.3757962 1.3100110 1.3100110 1.2413693 1.2147860 1.8994095 1.1533530 1.1533530 1.4893869 1.4073007 1.5253799 1.3989417 1.3989417 1.4432948 1.4432948 1.3892673 1.5191914 1.4366075 1.4366075 1.5737426 1.4783481 1.1334442 1.0546246 1.0697310 1.0697310 1.1537165 1.1716632 1.1822764 1.0276522 1.3247664 1.5450300 1.5406714 0.8100402 2.0361879 3.0793929 2.1687214 2.4489729 3.0281734 2.9937561 3.0156285 3.4834829 2.5452802 3.5637970 
Acagra_model.g19516.t1_model.g19515.t1.3.5d400e48                 1.4703275 1.3894145 1.4234538 0.7955848 1.5039491 1.8851035 1.4082140 1.1566744 0.7682001 1.4076748 1.3898107 1.4138347 0.7799711 1.5443968 1.3544376 1.5628263 1.5202426 1.5225872 2.5332360 1.8433927 0.8362322 1.1090364 1.7285709 1.8982457 0.8313499 1.8489757 1.1731274 1.2718453 1.7184098 1.8596153 1.9958291 0.6871588 0.6636994 0.0000000 0.0000010 0.0000010 0.0000010 0.5773169 0.6462840 1.0913974 1.0352672 1.0314317 1.0997300 1.1773760 0.9805222 0.8903701 0.6892002 0.6390549 1.4889620 1.7859013 1.2940598 2.1597290 2.1597290 1.8175817 2.1078067 1.8188168 1.1611484 1.1611484 1.3115063 1.2775743 2.1866284 1.4512582 1.4512582 1.4586700 1.4586700 2.1293111 1.4349763 2.2531140 2.2391851 2.4639741 2.2816845 1.8638682 1.6102544 1.8302003 1.8214317 1.7694776 1.8626430 1.1626202 1.7905963 1.4784658 1.8535666 1.8956869 1.9904062 2.2683296 2.9325142 2.4760639 2.6310778 2.8981647 2.9689614 3.0084069 3.2881723 2.6792310 3.3648362 
Acagra_model.g19516.t1_model.g19515.t1                            1.4651779 1.3847535 1.4185712 0.7955848 1.5065067 1.8248929 1.4106672 1.1566744 0.7682001 1.4094545 1.4004207 1.4156697 0.7751903 1.5443968 1.3567605 1.5627593 1.5218957 1.5242334 2.5162957 1.8350717 0.8362322 1.1090364 1.7203524 1.8756970 0.8321359 1.8489757 1.1731274 1.2718453 1.7150962 1.8595012 1.9958291 0.6871588 0.6636994 0.0000010 0.0000000 0.0000010 0.0011253 0.5773169 0.6501160 1.0932738 1.0387600 1.0289936 1.1002025 1.1792124 0.9758655 0.8889887 0.6900208 0.6440047 1.4796883 1.7859013 1.2940598 2.1419744 2.1419744 1.8175817 2.1078067 1.8188168 1.1611484 1.1611484 1.3115063 1.2775743 2.1858392 1.4512582 1.4512582 1.4586700 1.4586700 2.1353872 1.4349763 2.2444393 2.2527817 2.4639741 2.2816845 1.8638682 1.6102544 1.8268406 1.8372665 1.7694776 1.8704293 1.1626202 1.7905963 1.4784658 1.8535666 1.8956869 1.9906997 2.2683296 2.9325142 2.4760639 2.6310778 2.8981647 2.9771339 2.9774724 3.2881723 2.6792310 3.3648362 
Acagra_model.g19516.t1_model.g19515.t1.1.5d400e47                 1.9760160 1.7918654 1.8393321 0.7026384 2.0330997 5.5420516 1.8627698 1.5097108 0.7410725 1.8456050 1.7683630 1.7522019 0.7717243 2.2168999 1.7232959 1.9643796 2.0903764 2.0951213 2.6608043 2.4667027 0.7461418 1.1182102 2.2578228 2.2597564 0.5954329 1.8734398 1.2605855 1.5380608 2.1905866 2.4627334 2.3984276 0.0000010 0.6516947 0.0000010 0.0000010 0.0000000 0.0015526 0.6939860 0.7921924 1.2272351 1.2508206 1.1831240 1.2614029 1.2841074 1.0374909 1.0378403 0.7829997 0.6440047 1.8381944 1.7966477 0.0000010 2.9580562 2.9580562 2.4237310 2.7645813 0.0000010 0.4375759 0.4375759 0.4375759 0.4375759 2.6517049 1.4267373 1.4267373 1.4267373 1.4267373 2.5982447 1.2981260 2.8859005 2.9085631 2.9597090 2.7276239 2.4604798 2.3268190 2.4141636 2.4366388 2.3930191 2.4652326 1.2163432 2.4225050 1.8115857 2.6358198 1.8956869 2.3944256 2.5207350 5.2002949 3.8098377 3.8641838 3.5969261 3.9737565 4.0709568 4.7435179 3.9555157 4.1006945 
Acagra_model.g19516.t1_model.g19515.t1.2.5d400e47                 1.4597688 1.3794596 1.4132093 0.7955848 1.4997759 1.8246121 1.4066183 1.1566744 0.7682001 1.4042770 1.3961243 1.4132240 0.7751903 1.5443968 1.3506579 1.5630219 1.5173437 1.5196780 2.4908201 1.8314679 0.8362322 1.1090364 1.7176506 1.8865721 0.8321359 1.8489757 1.1731274 1.2718453 1.7116512 1.8601988 1.9958291 0.6871588 0.6636994 0.0000010 0.0011253 0.0015526 0.0000000 0.5773169 0.6464811 1.0894782 1.0371633 1.0241005 1.0952134 1.1740276 0.9814770 0.8934923 0.6872786 0.6296385 1.4795438 1.7859013 1.2940598 2.1484268 2.1484268 1.8175817 2.1078067 1.8188168 1.1611484 1.1611484 1.3115063 1.2775743 2.1768238 1.4512582 1.4512582 1.4586700 1.4586700 2.1312933 1.4349763 2.2340912 2.2483368 2.4561630 2.2816845 1.8638682 1.6102544 1.8231991 1.8332622 1.7694776 1.8702563 1.1626202 1.7905963 1.4784658 1.8535666 1.8956869 1.9854063 2.2683296 2.9325142 2.4760639 2.6310778 2.8981647 2.9692660 2.9694506 3.2881723 2.6792310 3.3648362 
Ctel_gnl_WGS_AMQN_CAPTEDRAFT_mRNA43373                            0.8191869 0.7084220 0.7219629 0.6932531 0.7902051 1.5024088 0.8186788 0.8162770 0.8118071 0.8286924 0.8180465 0.8837178 0.7740442 0.8483397 0.8246448 0.8911241 0.8225199 0.8225199 2.8691626 0.8228491 0.9535721 1.0084173 1.0255431 1.1282157 0.7489196 1.9265257 1.0118355 0.9182209 0.9361372 0.9248864 1.2630325 0.6478331 0.6965145 0.5773169 0.5773169 0.6939860 0.5773169 0.0000000 0.6794414 0.6610444 0.6827760 0.6897010 0.7689384 0.7681296 0.7541938 0.7502626 0.6429581 0.0000010 0.7433891 1.4530012 0.9441909 1.1254451 1.1254451 1.0314305 1.0339882 1.3167704 1.0833163 1.0833163 1.0833163 1.0833163 1.2730417 1.2496692 1.2496692 1.2496692 1.2496692 1.2403671 1.2830878 1.2421549 1.2421549 1.2568803 1.3058666 1.1057390 1.1006498 1.1067339 1.1067339 1.1353825 1.1503601 1.1503601 0.8555147 1.0726829 1.2883100 1.6774538 0.9383395 1.8820270 2.8357428 1.9805034 2.0152273 2.5073657 2.7151006 3.0970693 2.9292604 2.2460708 3.6142867 
Cgig_XM_011449954.3                                               1.4996920 1.4748917 1.4953235 0.9126623 1.5092809 1.9060327 1.5018720 1.2357243 0.8239987 1.5168751 1.5859994 1.5966150 0.8115770 1.6654522 1.5237990 1.6158111 1.6649301 1.6643899 2.7883694 1.8030441 1.0718518 1.1920830 2.0021234 2.0338423 0.8791583 2.0243457 1.2338515 1.3190489 1.8097329 1.8123657 1.9391783 0.7615683 0.7220732 0.6462840 0.6501160 0.7921924 0.6464811 0.6794414 0.0000000 1.2238525 1.1358886 1.2087170 1.2480649 1.3101957 1.0893721 1.0950262 0.8829946 0.7238273 1.5179900 1.9348298 1.2529607 2.1073306 2.1073306 1.7787404 1.8733808 1.4746892 0.9419404 0.9419404 1.1402549 1.0796597 2.0275319 1.3362730 1.3362730 1.3469122 1.3469122 2.1721900 1.2663084 2.1369234 2.1249449 2.3334270 2.2842730 1.8204896 1.5087761 1.7779999 1.7813019 1.6661777 1.8393857 1.1500127 1.7836097 1.5153380 1.7227754 1.9620518 2.0280103 2.2360433 3.0065399 2.4539381 2.5865897 2.9464390 3.0192071 3.2445371 3.3232245 2.3900539 3.4153840 
Spur_XM_011662236.2                                               1.6394277 1.5782132 1.5858039 0.9420493 1.5024536 2.2739508 1.6335487 1.3465587 0.8563867 1.6820845 1.6957185 1.6846385 0.9145090 1.7739340 1.4913080 1.6629241 1.6716519 1.6700284 3.1623075 1.9707061 1.0049312 1.1720927 1.9640233 2.0308692 0.9279975 2.1154172 1.3772660 1.3390820 1.8748214 1.8608533 2.0709673 0.8119159 0.7989249 1.0913974 1.0932738 1.2272351 1.0894782 0.6610444 1.2238525 0.0000000 1.1161924 1.0713053 1.1780941 1.2356540 1.1866436 0.9351655 1.0253268 1.3219424 1.4848384 1.9545609 1.3339098 2.1318680 2.1318680 1.9814006 2.1985639 1.9475501 1.1494852 1.1494852 1.4975878 1.3718393 2.4341619 1.4885236 1.4885236 1.5409696 1.5409696 2.4557509 1.5395510 2.3608151 2.3638121 2.4771570 2.6185299 1.9116404 1.6858768 1.8913463 1.9193250 1.7989536 1.8856433 1.2828588 1.8084873 1.4599641 1.8639858 1.7581530 2.1545037 2.4303837 2.6769219 2.4065025 2.5659742 2.8604813 3.2178150 3.3745874 3.3301852 2.6078904 3.4591702 
