99
Hsap_ENST00000596586                               0.0000000 2.2346698 1.5232287 0.0000010 1.3318938 1.2887855 1.3224572 1.3224572 1.1329307 1.3892578 1.2659100 1.2659100 1.5190235 1.2659100 0.8931361 1.0632756 1.0632756 0.8990477 1.0221376 1.0221376 1.7764183 1.7764183 1.7764183 2.0882022 0.0000010 0.0000010 0.0000010 2.4122818 2.4122818 2.9821659 9.0000000 1.0153506 0.8927665 1.3471029 0.8504451 0.7289534 0.0000010 0.0000010 0.4654185 0.6346753 1.2120394 1.5385953 1.5889603 1.5341622 1.6292212 1.5852186 1.3665313 1.4464052 1.6298272 1.0480436 1.0964771 0.8805086 0.9033311 1.2563311 0.1444133 1.2720367 1.4401748 1.3347611 9.0000000 1.5357509 2.1409803 1.5121783 1.6171127 1.8796448 1.9729717 2.2929886 2.2929886 1.3693459 2.1208876 1.3383598 2.5140600 2.4391932 2.4391932 1.8068073 1.6328758 1.7760663 8.9999990 2.1411435 2.9791924 3.4970841 3.6600441 1.3707633 1.9774204 2.6663394 2.0829066 1.6148451 1.8549042 3.2193119 3.4335414 3.3351208 5.1854241 3.9520070 3.5625369 2.9117339 3.2320346 3.8741832 3.9221097 3.8134231 5.1928568 
Halamb_c41302_g1_i1m.13631                         2.2346698 0.0000000 1.5985533 3.8085711 2.1669910 1.6440811 2.2700274 2.1373065 2.1565996 2.1851478 2.0101136 2.0101136 2.2744056 2.0101136 1.8864256 2.1058771 2.1058771 3.0617606 2.5744383 1.6340623 3.2850004 3.4810930 2.7250992 3.4930084 4.1497397 5.1499141 5.1499141 3.0826300 2.6855857 4.7763994 4.1830402 2.5125142 2.5789685 2.4072375 2.2794260 2.4857602 3.8702252 4.8458460 2.5985577 2.4673546 2.5237036 2.7572863 2.3360340 2.3341863 2.3320076 2.2604846 2.2367385 2.2281925 2.2518332 2.1524303 2.1460851 2.5140960 2.4963914 2.8467584 2.7885313 2.2782623 2.7541173 2.7935876 5.1094316 2.6639812 3.3425014 2.9295251 2.8939666 3.0183743 2.9874632 2.9140253 2.9140253 2.5268750 2.9477865 2.8249618 2.2470589 2.9799848 2.9746618 2.3920405 2.3651177 2.7614733 3.0078632 2.7370783 3.3814085 4.5944904 3.9803974 2.9533818 3.7012937 3.6532335 3.3624481 4.0451335 4.1600349 3.5019569 3.8837332 3.9100037 3.7840600 4.6916982 6.8462435 4.7824704 4.5628942 5.4980869 5.6849702 5.0329365 4.0392631 
Aque_Aqu2.1.37094_001                              1.5232287 1.5985533 0.0000000 0.3027536 1.3969427 1.4424594 1.4510095 1.5402882 1.3084604 1.2284490 2.2946624 2.2946624 2.1692811 2.7725101 2.1227013 2.6114280 2.6114280 2.3550953 2.0678607 1.8500927 2.1118965 2.3946638 2.6866929 2.3237494 2.0939367 3.1817106 3.2023637 2.4994119 3.5024014 5.1392050 2.8364040 1.9996664 1.9602694 1.8164980 1.8404081 1.8689148 2.1721839 1.8807546 1.7894569 1.8752621 2.1252332 1.9007232 1.7103147 1.7016681 1.7687878 1.7830310 1.7125546 1.7708793 1.7607129 1.7436906 1.7100213 1.7631847 1.7692961 2.0784457 1.8944050 1.8657004 1.9446064 1.8730065 2.5440259 1.9080140 2.2453042 1.9109313 1.8741781 2.2499153 2.2527548 2.2937708 2.2961954 2.1508950 2.3494498 2.0757620 1.5533492 2.0679968 2.1818940 1.9528466 2.5646661 2.3222463 2.0041605 2.3691056 2.2264852 4.5187578 3.1623323 2.5833218 2.8036644 2.8004704 2.5774173 2.8930294 2.7458734 3.0261118 3.0707321 3.1220518 3.3354877 3.6599870 4.3403967 3.2213461 3.4173837 3.7477521 3.8504939 3.8663465 3.9867860 
Halamb_c39439_g1_i1m.11740                         0.0000010 3.8085711 0.3027536 0.0000000 1.1777900 1.3524485 1.1917265 1.2238993 1.1536798 1.0816794 1.7071146 1.7071146 1.7704469 2.4408983 1.5453991 1.9923694 1.9923694 2.0554619 1.9385372 1.5799341 1.9107511 2.2447534 2.6295119 2.0714465 2.0595666 3.2412760 3.2620756 2.3741265 4.6150558 6.3770677 2.3292154 1.7373672 1.7530930 1.6481740 1.6123733 1.6735516 2.2292975 1.9576050 1.7130954 1.6642907 1.7525935 1.8332458 1.5815116 1.5725161 1.6129365 1.6721375 1.5740067 1.6473953 1.6332321 1.7245708 1.6245903 1.6856515 1.7487011 1.7904338 1.6813636 1.6431636 1.8415973 1.8007373 2.6668698 1.7652712 1.9773260 1.8080567 1.7740595 2.0412801 2.0313907 2.0743686 2.0798574 1.7995780 2.0499469 1.9831533 1.3899586 1.8820417 2.1350029 1.6730045 2.0658694 2.1230799 1.9591211 2.1824030 2.0314336 4.2924861 2.9727004 2.7341572 2.6658344 2.5164177 2.4014524 2.6120888 2.6031818 2.9040615 2.9083774 2.9559051 3.0016589 3.3457872 4.0847762 2.9928073 2.7045813 3.3551476 3.8923936 3.6819010 4.0620160 
Emue_Em0019g94a.t1                                 1.3318938 2.1669910 1.3969427 1.1777900 0.0000000 0.1389933 0.3081133 0.3322403 1.0007201 0.9318600 2.4925391 2.4925391 2.3147446 3.0799042 2.2136306 2.7800274 2.7800274 2.1143806 2.0014382 1.9953664 2.0853558 2.1715432 2.6944044 2.2303919 1.8010677 2.2953346 2.3282201 2.3107489 3.6831382 5.4760460 2.2518161 2.0908257 1.7173637 1.8203713 1.6993558 1.6827442 1.4315550 1.3667692 1.4942007 1.8416770 1.7790116 1.8250947 1.6982523 1.6659702 1.7261346 1.7011952 1.7154751 1.7429991 1.7694061 1.6216140 1.5163153 1.6617585 1.6585250 2.1110755 1.8539794 1.8031786 1.9242929 1.8156116 1.6351059 1.9546894 2.2822248 1.8978028 1.8327725 2.0799560 2.1131437 2.0694796 2.0581466 2.0309653 2.0799866 1.9297309 1.6413994 2.0581490 2.1931018 2.0382600 2.5977479 2.1852835 1.7319890 2.2892694 1.8021669 4.7477263 3.0051147 2.4910390 2.3254634 2.4933326 2.4458742 2.6848112 2.8789728 2.9820441 2.9469679 3.1033986 3.2543227 3.6107047 3.7180081 3.0200620 3.0973288 3.3405657 3.6650643 3.8089759 3.8637916 
Emue_Em0019g85a.t1                                 1.2887855 1.6440811 1.4424594 1.3524485 0.1389933 0.0000000 0.3385852 0.3385852 1.2960100 1.1976908 2.2934561 2.2934561 2.2150974 2.8028659 2.0051217 2.6993443 2.6993443 1.9930091 1.9138505 1.8893862 2.1106505 2.1428732 2.6089336 2.1843479 1.4001189 0.0000010 0.0000010 2.2109328 3.3560111 4.0055708 2.4198866 2.2084511 2.0681902 1.9993805 2.0625461 1.9763459 0.0000010 0.8977343 1.6617347 2.1957272 2.0236687 1.9354914 2.1246333 2.0713301 2.0778564 2.0596726 2.0767028 2.0848938 2.1208284 2.0493825 1.8156733 2.0551783 2.0485058 2.0366410 2.0601622 2.2314302 2.0479069 1.8772386 8.9999984 2.0581568 2.2718595 2.0569575 2.0229428 2.2401048 2.2724876 2.2189736 2.1985662 2.1271250 2.1069846 1.8622878 1.8627637 2.7470523 2.5983518 2.4365251 2.4215859 2.3993110 1.8667326 2.4350932 2.0194994 4.5392562 2.5108474 2.0039068 2.3676804 2.3288348 2.2715988 2.3846857 2.5168030 2.6138900 3.0433452 3.1093211 2.8804014 3.9206132 4.3457343 2.8406458 3.2858413 2.9250680 2.9542890 3.0733920 4.1682725 
Spolac_c101464_g1_i1_m.25691c101464-g1             1.3224572 2.2700274 1.4510095 1.1917265 0.3081133 0.3385852 0.0000000 0.0000010 0.9651990 0.9210336 2.5617507 2.5617507 2.2715525 3.1362628 2.1637735 2.9013963 2.9013963 2.1242188 2.0132957 2.0088426 2.0671169 2.2073577 2.6172284 2.3396424 1.8849297 2.5757338 2.6131155 2.4447233 4.0813553 5.5104209 2.5449893 2.1647168 1.7343816 1.7222226 1.7127822 1.7785128 1.3125138 1.4199620 1.5185686 1.7905108 1.8233719 1.8839305 1.7082112 1.6759203 1.7302425 1.6693486 1.6873463 1.7072487 1.7781024 1.6033644 1.5268243 1.7648393 1.7584101 2.1353192 1.9001130 1.8984162 1.8844057 1.8131765 1.5949423 1.9079034 2.4052514 1.8669147 1.7864145 2.1112779 2.1006886 2.0926438 2.0812898 2.0636827 2.1541805 1.9927581 1.6692786 2.1861498 2.2200869 2.0869756 2.7852590 2.2090594 1.7056646 2.3209088 1.8544093 4.7346003 3.0415616 2.5046733 2.4085821 2.4473802 2.4219128 2.8006803 2.8940592 3.0985408 3.0021144 3.1267309 3.4496164 3.7434986 4.0317707 3.0794943 3.2961801 3.5141602 3.8314287 3.8765175 3.9168951 
Spolac_c101464_g1_i2_m.25695c101464-g1             1.3224572 2.1373065 1.5402882 1.2238993 0.3322403 0.3385852 0.0000010 0.0000000 1.0852432 1.0288976 2.5617507 2.5617507 2.2715525 3.1362628 2.1637735 2.9013963 2.9013963 1.9640595 1.9188252 2.0088426 2.0339398 2.0579364 2.6172284 2.2319309 1.4109064 1.8784477 1.8784477 2.2775484 4.1173658 4.7695602 2.3266654 2.0544418 1.9033630 1.8350471 1.8453120 1.9534990 2.1276974 1.2820657 1.5897121 1.9339097 1.9632169 1.9347278 1.8998882 1.8581658 1.9109804 1.8245675 1.8645357 1.8863592 1.9809100 1.7438666 1.6813984 1.8845042 1.8953872 2.1305911 1.8640920 2.0488428 1.9603221 1.8801827 1.5942607 1.9803618 2.1657831 1.9908305 1.8672699 2.1162556 2.1122769 2.1015759 2.0881548 2.0230184 2.1174318 1.9241491 1.6838343 2.2888487 2.2650010 2.0869756 2.7731789 2.2616524 1.6014468 2.3291718 1.8002262 4.6053112 2.6464861 2.1118391 2.1018774 2.1795182 2.1371966 2.4832774 2.5234484 2.6762954 2.9891283 3.0078682 3.0558046 3.5880445 3.8765567 2.9375052 3.5024209 3.1281825 3.3648179 3.4320344 4.0571835 
Tetwil_g25488.t1                                   1.1329307 2.1565996 1.3084604 1.1536798 1.0007201 1.2960100 0.9651990 1.0852432 0.0000000 0.6482910 2.1800617 2.1800617 2.2664627 2.6967032 2.1970879 2.5467192 2.5467192 2.2292047 2.0065846 1.8656705 2.0610914 2.2523823 2.5409443 2.1737628 2.2485829 2.7422989 2.7805579 2.4661196 4.3467913 5.9134662 2.5128700 1.9280496 1.6720183 1.7264846 1.5910841 1.5854493 1.4064661 1.5989283 1.3655166 1.7758327 1.7743569 1.7220633 1.5394847 1.5249435 1.5140805 1.5107563 1.5002070 1.5198519 1.5550979 1.4364870 1.4350058 1.5236947 1.4835476 1.9825708 1.8868273 1.6437375 1.8076548 1.7908660 1.9587217 1.7613575 2.1971111 1.7324110 1.7088098 2.1150321 2.0852623 2.1120744 2.1085059 2.0384577 2.1680281 1.9907489 1.4733695 1.9036440 1.9507896 1.9374837 2.3714026 1.9198081 1.6107940 2.1343486 1.7305095 4.7368836 2.9603490 2.4771716 2.3393396 2.6670472 2.4918350 2.7576386 2.6532681 2.9742996 2.9909568 3.1233590 3.5382221 3.5115038 4.0575333 3.2304912 3.6223808 3.6900929 3.6393250 3.8793312 4.3492702 
Stycar_maker-SC_scaffold4769-snap-gene-0.53-mRNA-1 1.3892578 2.1851478 1.2284490 1.0816794 0.9318600 1.1976908 0.9210336 1.0288976 0.6482910 0.0000000 2.4215507 2.4215507 2.3321550 2.9640862 2.1445500 2.6290710 2.6290710 2.1822039 2.0146459 1.9239562 2.1924920 2.3551862 2.8807198 2.3529232 1.9207705 2.6869957 2.7245853 2.5273656 4.3410879 5.4063944 2.6930954 1.9348684 1.7121628 1.8267516 1.6477936 1.5958946 1.4678016 1.5991088 1.4230136 1.6998422 1.9048632 1.9143350 1.5707555 1.5742693 1.5574397 1.5572307 1.5304200 1.5866487 1.6211852 1.5332673 1.4345696 1.7223868 1.6981413 2.1614634 1.8663428 1.7150493 1.9345840 1.8691083 1.9469978 1.7780681 2.2181130 1.7592918 1.8099987 2.1859522 2.1789330 2.1537801 2.1502432 2.1345654 2.1262694 1.9871033 1.4562796 1.9029823 1.9478446 1.8369777 2.5522752 2.0003388 1.6564669 2.2722119 1.7722536 5.1260729 3.0558482 2.5518228 2.3853846 2.7319838 2.5888444 2.7967046 2.8201827 3.1822174 3.1539567 3.2845273 3.4853985 3.6174089 4.0910316 3.2910515 3.4011517 3.6995822 3.9108091 3.9725612 4.3828660 
Bolinf_Binf_sb1263402                              1.2659100 2.0101136 2.2946624 1.7071146 2.4925391 2.2934561 2.5617507 2.5617507 2.1800617 2.4215507 0.0000000 0.0000010 0.0808517 0.0000010 0.2668060 0.3705360 0.3705360 0.4398285 0.4916361 0.4916361 0.7195093 0.7195035 0.8237575 0.6916896 0.0000010 0.0000010 0.0000010 0.5781180 0.7471378 1.1015003 0.9875600 1.9342010 1.5671291 1.6459370 1.7980619 1.6852237 0.0000010 0.0000010 1.4019237 1.8096454 1.8630658 1.6037436 1.6763261 1.6672524 1.5378127 1.5327928 1.6745372 1.6449453 1.6174238 1.6185986 1.7893301 1.5442309 1.6708321 1.6525076 1.8126540 1.7820817 1.9944139 1.9584535 6.5704526 1.6779878 1.8210204 1.6992302 1.8145272 2.2729058 2.2631588 2.1960635 2.1994423 2.3505241 2.2971313 2.0383182 2.1931827 2.4870778 2.3245222 2.2673591 2.1684134 2.4887922 1.7380859 2.4842829 1.8375026 4.1215902 2.2806865 1.9417329 2.1183325 2.0467008 1.9299168 1.8070868 1.9345062 2.8370973 2.7060616 2.4856184 2.5590764 2.3720648 3.4332915 1.6613338 3.3424634 3.1011012 2.5682817 2.4957015 3.3996914 
Bolinf_Binf_sb1263403                              1.2659100 2.0101136 2.2946624 1.7071146 2.4925391 2.2934561 2.5617507 2.5617507 2.1800617 2.4215507 0.0000010 0.0000000 0.0808517 0.0000010 0.2668060 0.3705360 0.3705360 0.4398285 0.4916361 0.4916361 0.7195093 0.7195035 0.8237575 0.6916896 0.0000010 0.0000010 0.0000010 0.5781180 0.7471378 1.1015003 0.9875600 1.9342010 1.5671291 1.6459370 1.7980619 1.6852237 0.0000010 0.0000010 1.4019237 1.8096454 1.8630658 1.6037436 1.6763261 1.6672524 1.5378127 1.5327928 1.6745372 1.6449453 1.6174238 1.6185986 1.7893301 1.5442309 1.6708321 1.6525076 1.8126540 1.7820817 1.9944139 1.9584535 6.5704526 1.6779878 1.8210204 1.6992302 1.8145272 2.2729058 2.2631588 2.1960635 2.1994423 2.3505241 2.2971313 2.0383182 2.1931827 2.4870778 2.3245222 2.2673591 2.1684134 2.4887922 1.7380859 2.4842829 1.8375026 4.1215902 2.2806865 1.9417329 2.1183325 2.0467008 1.9299168 1.8070868 1.9345062 2.8370973 2.7060616 2.4856184 2.5590764 2.3720648 3.4332915 1.6613338 3.3424634 3.1011012 2.5682817 2.4957015 3.3996914 
Mlei_ML1042.g1.i1                                  1.5190235 2.2744056 2.1692811 1.7704469 2.3147446 2.2150974 2.2715525 2.2715525 2.2664627 2.3321550 0.0808517 0.0808517 0.0000000 0.1356276 0.2760585 0.3682741 0.3682741 0.4289237 0.5394671 0.5300160 0.6199919 0.6138493 0.8604342 0.6027401 0.2359480 0.0000010 0.0000010 0.5354655 0.7873584 1.5718776 0.6832862 1.8258948 1.5783162 1.5849626 1.6719314 1.6858594 0.0000010 0.5056199 1.6201803 1.7091816 1.9055361 1.5428738 1.6417280 1.5761334 1.5636958 1.5232010 1.6071485 1.5744485 1.5795130 1.6175479 1.6402349 1.4559261 1.5410084 1.6197601 1.8088076 1.6916238 1.9137168 1.9229967 5.8457315 1.7079686 1.9466677 1.7145878 1.6505901 2.1459810 2.1167556 2.0985643 2.1008789 2.1737265 2.1213959 1.9609761 2.1150358 2.4690969 2.3754245 2.2546625 2.0200768 2.1791808 1.6423702 2.2982988 1.6986611 4.2661895 2.4830730 2.3334300 2.2129094 2.2936408 2.0514182 2.1022389 2.2335835 2.7044993 2.8661125 2.6311334 2.6253639 2.9440705 4.0148797 2.8305873 3.1974726 3.3704664 3.1069534 2.9946757 3.6166036 
Bolinf_Binf_sb1263411                              1.2659100 2.0101136 2.7725101 2.4408983 3.0799042 2.8028659 3.1362628 3.1362628 2.6967032 2.9640862 0.0000010 0.0000010 0.1356276 0.0000000 0.3458304 0.3705360 0.3705360 0.5635623 0.6114177 0.6093651 0.8639260 0.8638773 0.8428517 0.8167819 1.9983426 0.0000010 0.0000010 0.6723236 0.7471378 1.1803468 1.2777108 2.1525172 1.9442751 1.9764995 2.2682999 2.0464184 0.0000010 0.0000010 1.7155112 2.0888682 2.1347159 1.9041822 2.0495120 2.0206586 1.8671839 1.8779039 2.0334752 1.9847270 1.9480618 1.9321355 2.1817671 1.9402249 2.0952421 1.9707865 2.2947494 2.1989888 2.2669340 2.2892152 6.5704526 1.9652897 2.1366956 2.0428531 2.1942246 2.6372255 2.5889759 2.5349639 2.5389794 2.6896553 2.6716051 2.4382135 2.6149406 2.9226868 2.9131385 2.6288425 2.5317819 2.9195012 2.6752330 2.8587101 2.5142863 4.4505754 2.7876743 2.2659710 2.4018960 2.2734175 2.3262427 2.2008098 2.2902822 3.2688772 3.2230668 2.7641606 2.7054099 2.8270719 5.4285059 2.0626154 3.9038935 3.3865519 3.0539946 2.8414764 3.5388363 
Beraby_Baby_sb328632                               0.8931361 1.8864256 2.1227013 1.5453991 2.2136306 2.0051217 2.1637735 2.1637735 2.1970879 2.1445500 0.2668060 0.2668060 0.2760585 0.3458304 0.0000000 0.4610766 0.4610766 0.4649552 0.5190035 0.5164859 0.7121666 0.7026199 0.8766622 0.7253900 0.3035050 1.2907942 1.2907942 0.6357484 0.8325535 1.4613729 0.8586015 1.6819432 1.6037811 1.5113023 1.5910939 1.6291162 0.0000010 1.1275751 1.3916218 1.7548057 1.7392652 1.5236363 1.5310306 1.4772053 1.4326553 1.4233431 1.5973614 1.5556498 1.5587291 1.5484787 1.6456994 1.3985888 1.5464771 1.5286965 1.8046760 1.5514920 1.8124310 1.8423590 5.2850136 1.6547078 1.8419111 1.4817433 1.6298119 2.1854673 2.1809407 2.2123224 2.2152532 2.2178835 2.2039638 1.9397756 2.0585490 2.4548558 2.3176189 2.0516215 1.9949584 2.2766742 1.3645800 2.3585188 1.5540058 4.2923986 2.3716022 1.9799303 1.9487279 2.1328126 1.8889618 2.0037485 2.1028989 2.7286122 2.9282629 2.8200641 2.7418149 2.8655949 4.4625564 2.5593203 3.3464543 3.2290636 2.8382348 2.8599729 3.5831781 
Drygla_Dgla_sb285704                               1.0632756 2.1058771 2.6114280 1.9923694 2.7800274 2.6993443 2.9013963 2.9013963 2.5467192 2.6290710 0.3705360 0.3705360 0.3682741 0.3705360 0.4610766 0.0000000 0.0000010 0.4868200 0.5684939 0.5684939 0.8451255 0.8417787 0.9120321 0.8046982 0.0000010 0.0000010 0.0000010 0.6595571 0.8740661 1.1075329 1.2748915 1.8457543 1.6906327 1.7686061 1.9279615 1.9134994 0.0000010 0.0000010 1.5457295 1.8698641 1.9330335 1.6986696 1.7187693 1.7374404 1.6846576 1.6827657 1.7649495 1.7783497 1.6453573 1.7746474 1.8620224 1.7696673 1.9255645 1.8226722 1.9435932 2.0645481 2.1828353 2.1482604 9.0000000 1.8526758 2.0711008 2.0860662 2.1543432 2.4867335 2.5029234 2.3109088 2.3417617 2.4127083 2.3801081 2.0657346 2.6889748 2.8081184 2.7716748 2.4161196 2.4745367 2.7758957 2.3729289 2.7976652 1.9756680 4.5453867 2.5740063 2.0867666 2.5751565 2.2918193 2.2202433 2.1466994 2.2329459 2.9466085 3.1602485 2.8806531 2.6569927 3.0739118 4.4850076 1.9100782 3.7762520 3.7016898 2.6591323 2.6411302 3.5562010 
Drygla_Dgla_sb285703                               1.0632756 2.1058771 2.6114280 1.9923694 2.7800274 2.6993443 2.9013963 2.9013963 2.5467192 2.6290710 0.3705360 0.3705360 0.3682741 0.3705360 0.4610766 0.0000010 0.0000000 0.4868200 0.5684939 0.5684939 0.8451255 0.8417787 0.9120321 0.8046982 0.0000010 0.0000010 0.0000010 0.6595571 0.8740661 1.1075329 1.2748915 1.8457543 1.6906327 1.7686061 1.9279615 1.9134994 0.0000010 0.0000010 1.5457295 1.8698641 1.9330335 1.6986696 1.7187693 1.7374404 1.6846576 1.6827657 1.7649495 1.7783497 1.6453573 1.7746474 1.8620224 1.7696673 1.9255645 1.8226722 1.9435932 2.0645481 2.1828353 2.1482604 9.0000000 1.8526758 2.0711008 2.0860662 2.1543432 2.4867335 2.5029234 2.3109088 2.3417617 2.4127083 2.3801081 2.0657346 2.6889748 2.8081184 2.7716748 2.4161196 2.4745367 2.7758957 2.3729289 2.7976652 1.9756680 4.5453867 2.5740063 2.0867666 2.5751565 2.2918193 2.2202433 2.1466994 2.2329459 2.9466085 3.1602485 2.8806531 2.6569927 3.0739118 4.4850076 1.9100782 3.7762520 3.7016898 2.6591323 2.6411302 3.5562010 
Lampan_Lpan_C414715_01                             0.8990477 3.0617606 2.3550953 2.0554619 2.1143806 1.9930091 2.1242188 1.9640595 2.2292047 2.1822039 0.4398285 0.4398285 0.4289237 0.5635623 0.4649552 0.4868200 0.4868200 0.0000000 0.7190782 0.5463491 0.5823789 0.6427879 0.8769534 0.6308402 0.5108638 0.7208454 0.7201759 0.9475016 1.0357686 2.8614365 1.1729144 1.8454234 1.8924923 1.8528496 1.6974405 1.8335355 2.7239240 2.1085571 1.9132251 1.8436311 1.8159017 1.9167207 1.6250246 1.6081153 1.5771290 1.5558521 1.6303939 1.6225838 1.6296362 1.6844549 1.6688607 1.6845449 1.7303089 1.7794440 1.9274795 1.8058527 1.9309247 1.9794328 2.3978007 1.8043597 2.1321962 1.7753041 1.8156416 2.0532785 2.0364766 2.0327641 2.0286992 1.9256665 2.0215984 1.9253363 2.1764751 2.2505761 2.3344749 1.9437963 2.0954847 2.1429289 2.1186693 2.4714859 2.1108942 5.1449577 2.9972015 2.5770492 2.5475321 2.6917042 2.4085918 2.6265019 2.6128161 3.0039259 2.8503147 2.9606097 3.0654640 3.6157507 4.2568875 3.0490468 3.2530982 3.3745615 3.8795497 3.5432607 3.9605997 
Eupdun_Edun_sb10639529                             1.0221376 2.5744383 2.0678607 1.9385372 2.0014382 1.9138505 2.0132957 1.9188252 2.0065846 2.0146459 0.4916361 0.4916361 0.5394671 0.6114177 0.5190035 0.5684939 0.5684939 0.7190782 0.0000000 0.0147686 0.8382591 0.9178314 1.0325782 0.9029094 0.8341400 1.3274331 1.3282644 0.9973551 1.0177290 2.8624256 1.3219238 1.6749634 1.6404184 1.6295103 1.5322075 1.6860648 2.3604523 2.0897769 1.5595488 1.5661597 1.5644693 1.7328290 1.5276067 1.4963245 1.4509205 1.4058737 1.4830120 1.4897429 1.5078016 1.5103569 1.4821576 1.5968205 1.6335971 1.7655139 1.6880764 1.6376677 1.7398489 1.7604793 2.5148307 1.6211243 1.9230398 1.6265957 1.5886067 1.9002705 1.8865138 1.9009969 1.9009969 1.7997068 1.8558099 1.7162717 1.9001916 2.0753619 2.2447206 1.8361242 1.9414954 2.0608798 1.8309490 2.3180121 2.1458426 4.3641106 2.6629146 2.3357548 2.2393732 2.3530069 2.1675136 2.5205427 2.4549638 2.6802714 2.9936346 2.8254086 3.0360173 3.1825924 4.0793842 3.1366873 3.3341614 3.4117370 3.7341945 3.5745907 3.7015050 
Eupdun_Edun_sb10639531                             1.0221376 1.6340623 1.8500927 1.5799341 1.9953664 1.8893862 2.0088426 2.0088426 1.8656705 1.9239562 0.4916361 0.4916361 0.5300160 0.6093651 0.5164859 0.5684939 0.5684939 0.5463491 0.0147686 0.0000000 0.7963051 0.7863868 0.9548594 0.7648039 0.5185271 0.0000010 0.0000010 0.6637448 0.8661513 1.5848434 0.9549318 1.6301450 1.5988416 1.5090986 1.5065171 1.7161206 0.0000010 0.5056199 1.4913141 1.6098889 1.5524694 1.5415255 1.4374442 1.4067499 1.3635394 1.3567024 1.4180481 1.4160037 1.4459161 1.5238454 1.4652249 1.5463116 1.6464366 1.6802140 1.6683448 1.5496536 1.6795058 1.6979426 9.0000000 1.4941509 1.7676855 1.4872736 1.5374934 1.9956223 1.9794220 2.0176369 2.0176369 2.0564280 2.0046121 1.7569756 1.7997468 2.2737306 2.1625449 1.9610655 1.9201204 2.0580643 1.6547535 2.1766412 1.6793528 4.3097952 2.3053176 1.9808284 1.9388356 2.0612029 1.9657899 2.0164968 2.0221926 2.5399681 2.6865647 2.4975363 2.6202312 2.7877328 4.3281884 2.8688020 3.5011172 3.2824542 3.0173197 2.9270688 3.3824390 
Coeast_Cast_sb792795                               1.7764183 3.2850004 2.1118965 1.9107511 2.0853558 2.1106505 2.0671169 2.0339398 2.0610914 2.1924920 0.7195093 0.7195093 0.6199919 0.8639260 0.7121666 0.8451255 0.8451255 0.5823789 0.8382591 0.7963051 0.0000000 0.0068754 0.0175018 0.2444949 0.5174800 0.5892062 0.5892062 0.8936925 0.9812770 2.6054117 1.1648411 1.9157243 1.8042310 1.7784187 1.6542245 1.7534052 3.4131370 1.9190698 1.6184141 1.7080907 1.8403569 1.7080548 1.7300356 1.7029241 1.6260786 1.6283712 1.7031913 1.7323091 1.6842262 1.5775161 1.6417959 1.4973805 1.5326450 1.8722896 1.9535598 1.6736075 1.7427272 1.7827564 2.9624893 1.7279868 1.8731735 1.7935615 1.8223149 2.0866256 2.0715826 2.0504446 2.0521241 2.0132713 2.0386466 1.9243868 2.2116553 2.4239226 2.3673788 2.1982780 2.0167381 2.1701002 1.8395330 2.4403035 1.9580171 5.0024404 2.9192915 2.3632248 2.1740921 2.6045213 2.3450258 2.3598282 2.5899132 2.6619953 3.3046888 3.2789087 2.8509720 3.1762013 3.6751457 2.9989914 3.1804304 3.4395906 3.8817770 3.7482327 3.9164990 
Coemet_Cmet_scaffold16725_01                       1.7764183 3.4810930 2.3946638 2.2447534 2.1715432 2.1428732 2.2073577 2.0579364 2.2523823 2.3551862 0.7195035 0.7195035 0.6138493 0.8638773 0.7026199 0.8417787 0.8417787 0.6427879 0.9178314 0.7863868 0.0068754 0.0000000 0.0264977 0.2814783 0.6777449 0.9419800 0.9580301 1.0334561 1.0910197 3.2105666 1.3346249 2.0340399 1.9273517 1.9929706 1.8561025 1.9090533 3.5967235 2.6475791 1.8671001 1.9316063 1.9996410 1.9667811 1.9046415 1.8800938 1.7919578 1.7959756 1.8790551 1.9026446 1.8532994 1.7444487 1.7704207 1.6906889 1.7097148 1.9540472 2.1186654 1.8392237 1.9061534 1.9318087 3.1265663 1.8643716 2.1673843 1.9447743 1.9679227 2.2481665 2.2361938 2.2087491 2.2103257 2.0171769 2.1522428 2.0606162 2.3530499 2.5440817 2.6474019 2.2053723 1.9980787 2.2433789 2.0261994 2.5524722 2.1226597 5.1820851 3.0242982 2.6210913 2.3734778 2.7376289 2.5461931 2.6730378 2.7317760 2.9373050 3.2251528 3.2958618 3.1210674 3.4518390 4.0237887 3.1572815 3.1797158 3.5438158 4.1670142 3.8543159 4.0758968 
Coeast_Cast_sb792796                               1.7764183 2.7250992 2.6866929 2.6295119 2.6944044 2.6089336 2.6172284 2.6172284 2.5409443 2.8807198 0.8237575 0.8237575 0.8604342 0.8428517 0.8766622 0.9120321 0.9120321 0.8769534 1.0325782 0.9548594 0.0175018 0.0264977 0.0000000 0.3505565 7.5873781 0.0000010 0.0000010 1.0196212 0.9742364 1.4124176 2.7944234 2.3526675 2.2675169 2.2799587 2.2117011 2.2561903 0.0000010 0.0000010 1.6281047 2.1803012 2.2274879 1.9306204 2.3732974 2.3485715 2.1782333 2.2643276 2.3531920 2.3667407 2.2587718 2.0434005 2.2490051 2.0052121 2.2193765 2.5266564 2.4658026 2.3749396 2.1996379 2.2252098 9.0000000 2.0351725 2.3121945 2.5366597 2.5831381 2.9201415 2.9355585 2.8988658 2.9042379 2.9732323 2.7855391 2.6322880 2.9008074 3.2423259 2.6613716 2.9703830 2.8085541 3.1594470 2.9250492 3.3432225 2.8027651 5.2924740 3.2853579 2.4842665 2.9945434 3.4650389 2.9918890 2.4204914 2.5818876 3.4385115 3.6441202 3.3867051 3.1368168 3.4107683 7.8103936 2.7820118 4.6006129 4.2223536 3.8573346 4.1306858 5.2759547 
Vmul_Simscaffold618_01                             2.0882022 3.4930084 2.3237494 2.0714465 2.2303919 2.1843479 2.3396424 2.2319309 2.1737628 2.3529232 0.6916896 0.6916896 0.6027401 0.8167819 0.7253900 0.8046982 0.8046982 0.6308402 0.9029094 0.7648039 0.2444949 0.2814783 0.3505565 0.0000000 0.7107389 1.0333769 1.0501012 1.0069030 1.0540072 3.0153801 1.2590465 1.9070014 1.8808615 1.9448866 1.7809340 1.8172879 3.2123087 2.4844407 1.8042286 1.8450642 1.9341488 1.8691893 1.8294438 1.7978180 1.7049043 1.6869337 1.7375536 1.7599019 1.7550474 1.7063422 1.7510570 1.7708092 1.7954790 1.9689604 2.0735019 1.6928648 1.8436192 1.8515950 2.6831981 1.7798202 2.0488674 1.8350833 1.8002438 2.1195659 2.0950525 2.0971619 2.0930760 1.9616756 2.0840235 1.9342815 2.3493396 2.4445678 2.5296402 2.2235405 2.1025008 2.1424338 2.0076549 2.3322161 2.0577841 4.8582885 3.1710225 2.7005800 2.3743123 2.7656456 2.4921995 2.6120163 2.6771490 2.7774182 3.3331765 3.3713572 3.1207748 3.3083766 3.8462855 2.9508188 3.2062219 3.5411706 4.0167441 3.7589139 3.9090172 
Drygla_Dgla_sb285702                               0.0000010 4.1497397 2.0939367 2.0595666 1.8010677 1.4001189 1.8849297 1.4109064 2.2485829 1.9207705 0.0000010 0.0000010 0.2359480 1.9983426 0.3035050 0.0000010 0.0000010 0.5108638 0.8341400 0.5185271 0.5174800 0.6777449 7.5873781 0.7107389 0.0000000 0.2266147 0.2255643 0.9329781 1.2287735 7.5509765 0.9363963 1.6558835 1.9334760 1.8991957 1.6170461 1.8896598 4.3344564 2.5076257 2.1292955 1.7566685 2.0046014 2.0198587 1.7744585 1.7453038 1.7502767 1.6275557 1.7563643 1.7762286 1.7640659 1.7493530 1.7624753 1.6700790 1.6425801 1.8262149 1.9921638 1.6558293 1.7500991 1.7722270 2.7575191 1.7710699 2.0777759 1.6273127 1.6107021 1.6989694 1.6798140 1.6722665 1.6722665 1.3059028 1.6575443 1.6575443 2.0056721 2.0948067 2.2975896 1.4457094 1.3278229 1.9926550 1.8967699 2.3111642 2.1657829 4.8502810 3.1839902 2.7898845 2.4090801 2.6612947 2.1656552 2.6434434 3.0900010 2.7576316 3.0041665 3.3120194 3.5232393 3.7672750 3.7672750 3.3405829 1.8245793 3.2506594 4.2180324 4.3394153 3.7542549 
Mlei_ML2948.g1.i1                                  0.0000010 5.1499141 3.1817106 3.2412760 2.2953346 0.0000010 2.5757338 1.8784477 2.7422989 2.6869957 0.0000010 0.0000010 0.0000010 0.0000010 1.2907942 0.0000010 0.0000010 0.7208454 1.3274331 0.0000010 0.5892062 0.9419800 0.0000010 1.0333769 0.2266147 0.0000000 0.0073807 1.6832903 3.6901703 8.9999988 1.6924770 2.3292890 2.4167966 2.3568727 2.3378721 2.2141345 3.1519487 2.5185031 2.3041832 2.4316314 2.1709020 2.4177660 2.0075020 2.0451011 2.0748121 1.9520559 2.1098809 2.1098809 2.0380050 2.2368849 2.2015838 2.2608547 2.2332189 2.7265491 2.7489763 2.0708231 2.1336274 2.1893112 2.5512079 2.0993413 3.1103163 2.2637556 2.1738696 2.4262376 2.4293949 2.4305729 2.4305729 1.2710229 2.3385316 2.3385316 2.7416165 2.0729407 2.4622752 1.0040771 3.2383182 2.8690896 2.7130907 3.4602490 3.0565431 4.9649661 4.1185020 3.8422569 3.0853141 4.0040759 4.0092353 4.2394503 4.2109556 4.3583571 3.7153427 3.9780793 3.8563250 4.5144507 4.5144507 3.4621506 3.0270274 3.9207321 5.0347974 5.1400501 5.0169906 
Mlei_ML0161.g1.i1                                  0.0000010 5.1499141 3.2023637 3.2620756 2.3282201 0.0000010 2.6131155 1.8784477 2.7805579 2.7245853 0.0000010 0.0000010 0.0000010 0.0000010 1.2907942 0.0000010 0.0000010 0.7201759 1.3282644 0.0000010 0.5892062 0.9580301 0.0000010 1.0501012 0.2255643 0.0073807 0.0000000 1.6743675 3.6901703 8.9999988 1.6834901 2.3292890 2.4203981 2.3602910 2.3590967 2.2346095 3.1962100 2.5413520 2.3254576 2.4535734 2.1907662 2.4213758 2.0099521 2.0476430 2.0774346 1.9544641 2.1288361 2.1288361 2.0563538 2.2574097 2.2216098 2.2813072 2.2533412 2.7265491 2.7870784 2.0392402 2.1150843 2.1702138 2.5161376 2.0812859 3.0886674 2.3160483 2.1644222 2.4424872 2.4456626 2.4469585 2.4469585 1.2710229 2.3541477 2.3541477 2.7462792 2.0339242 2.4142478 1.0040771 3.2383182 2.9047896 2.7486708 3.5036278 3.0892220 5.0261705 4.0661929 3.8706721 3.1362219 4.0452772 4.0092353 4.2806655 4.2109556 4.4009565 3.7758296 3.8825186 3.8050901 4.5714231 4.5714231 3.3791889 3.0270274 3.9530988 5.0745186 5.1813820 5.1068060 
Horcal_Hcv1.av93.c12.g49.i1                        2.4122818 3.0826300 2.4994119 2.3741265 2.3107489 2.2109328 2.4447233 2.2775484 2.4661196 2.5273656 0.5781180 0.5781180 0.5354655 0.6723236 0.6357484 0.6595571 0.6595571 0.9475016 0.9973551 0.6637448 0.8936925 1.0334561 1.0196212 1.0069030 0.9329781 1.6832903 1.6743675 0.0000000 0.0860093 1.3712885 0.1108777 1.9733254 2.0407611 2.0035558 1.9624479 2.0599705 3.5298734 2.8857713 1.9351832 2.1114183 1.9383346 1.9268253 1.9785263 1.9467582 1.8863253 1.8514731 1.9020982 1.9115169 1.9182515 1.9189617 1.9997056 1.8514828 1.9259422 1.9220572 2.0843466 1.9127110 2.0726042 2.0547381 3.1970773 1.9488124 2.1750189 1.9935239 1.9175728 2.3782746 2.3590480 2.4005106 2.4023661 2.1740840 2.3725745 2.2133571 2.2822831 2.3890208 2.6865702 2.3283491 1.9930200 2.2974219 2.0452858 2.4576720 2.2684845 4.9854408 2.9583465 2.9024005 2.5320788 2.9036437 2.5250468 2.4503488 2.6181314 2.7641692 3.0620487 3.2730853 3.0826326 3.4477673 4.3726333 3.1003605 3.3374521 3.8436050 3.8328745 4.1528942 4.0487691 
Pbac_sb2652640                                     2.4122818 2.6855857 3.5024014 4.6150558 3.6831382 3.3560111 4.0813553 4.1173658 4.3467913 4.3410879 0.7471378 0.7471378 0.7873584 0.7471378 0.8325535 0.8740661 0.8740661 1.0357686 1.0177290 0.8661513 0.9812770 1.0910197 0.9742364 1.0540072 1.2287735 3.6901703 3.6901703 0.0860093 0.0000000 0.1124662 2.1718042 3.5850900 2.6894660 3.5600320 3.7367924 3.2036145 3.0391791 3.9859266 2.5676111 3.6459360 2.7858528 3.1022266 3.1131177 3.1047226 3.0694938 2.8404046 3.1559636 3.0160273 3.0989963 3.1029287 3.2124074 2.7516876 2.8510203 3.6362747 4.1290285 3.4003922 3.2388606 3.0502583 5.5221260 2.8056231 2.8983480 3.7344523 3.8751685 4.4055104 4.3671163 4.7292174 4.7460239 4.5820639 4.2192824 3.7208643 3.6912934 3.8131997 2.8692473 4.9117992 3.1643623 4.1179431 8.9999985 3.7810533 6.8308611 6.8010392 4.2596580 5.5124335 6.0121403 6.7345424 6.1166094 4.5519214 4.6138718 6.8936346 5.5021788 5.2016394 4.1455690 4.5635034 8.9999983 5.8596539 7.9700152 5.7932073 4.5472827 6.4093733 6.4510284 
Pbac_sb2645764                                     2.9821659 4.7763994 5.1392050 6.3770677 5.4760460 4.0055708 5.5104209 4.7695602 5.9134662 5.4063944 1.1015003 1.1015003 1.5718776 1.1803468 1.4613729 1.1075329 1.1075329 2.8614365 2.8624256 1.5848434 2.6054117 3.2105666 1.4124176 3.0153801 7.5509765 8.9999988 8.9999988 1.3712885 0.1124662 0.0000000 4.0554404 5.0551998 5.6998059 5.3887490 5.6852435 5.5503105 9.0000000 8.9999989 4.9323975 5.2877853 4.9611902 5.1957408 5.6114158 5.5352724 5.3815501 5.1170713 5.3654882 5.2669245 5.3449137 5.1861733 5.4616677 4.9757699 5.0713391 4.7753557 5.9158128 4.7566255 5.2508954 5.1799492 8.9999987 5.3688123 5.0539303 5.5644605 5.8797434 5.8265386 5.7786777 6.0013230 6.0091626 5.0229565 5.9658007 5.7605379 5.0267105 6.2557463 7.9668714 5.2323604 3.9906613 6.3223882 8.9999981 5.7300308 7.3711725 8.7107112 6.1754331 5.7265309 6.1099859 6.7987367 5.2314340 5.7246343 6.0826580 6.5208619 7.8717402 7.5481470 6.8375297 6.7326057 8.9999987 7.8965301 5.6089984 8.1539436 8.9999981 8.9999987 6.6706780 
Pbac_sb2652642                                     9.0000000 4.1830402 2.8364040 2.3292154 2.2518161 2.4198866 2.5449893 2.3266654 2.5128700 2.6930954 0.9875600 0.9875600 0.6832862 1.2777108 0.8586015 1.2748915 1.2748915 1.1729144 1.3219238 0.9549318 1.1648411 1.3346249 2.7944234 1.2590465 0.9363963 1.6924770 1.6834901 0.1108777 2.1718042 4.0554404 0.0000000 2.0114284 2.2295572 2.0956275 2.0224607 2.0628385 3.5298734 2.8556547 1.9702369 2.1449266 1.9410554 2.0086295 2.0686404 2.0411438 1.9571456 1.9249013 1.9320848 1.9798988 2.0333911 1.9020041 2.0153204 1.9672610 2.0062851 1.9937442 2.1406622 1.9276616 2.1373439 2.1442837 3.0220341 2.1646537 2.4024525 1.9576404 1.8171625 2.3838630 2.3713047 2.3536388 2.3536388 1.9885189 2.4053278 2.2435339 2.4661876 2.4654252 2.9973094 2.0812411 2.1852223 2.3989641 1.9561703 2.5292406 2.0929321 5.2527548 3.1852370 3.0880607 2.3350377 2.7843801 2.3831790 2.4848847 2.7111304 2.6610440 2.9303717 3.2611032 3.2680233 3.8298520 4.2388505 3.2385791 2.6194062 3.6751642 3.8788769 4.2205546 4.0664540 
Bralan_BLAG04001736_1                              1.0153506 2.5125142 1.9996664 1.7373672 2.0908257 2.2084511 2.1647168 2.0544418 1.9280496 1.9348684 1.9342010 1.9342010 1.8258948 2.1525172 1.6819432 1.8457543 1.8457543 1.8454234 1.6749634 1.6301450 1.9157243 2.0340399 2.3526675 1.9070014 1.6558835 2.3292890 2.3292890 1.9733254 3.5850900 5.0551998 2.0114284 0.0000000 0.9516068 0.8941115 0.5837218 0.7548676 3.0045321 0.6904720 0.7025949 0.8637485 1.1370615 0.9861115 1.2162397 1.2192455 1.1354520 1.1915098 1.1234967 1.1523911 1.1702473 1.1926323 1.1443875 1.2998872 1.3301001 0.9124220 0.9198636 1.2984806 1.4172129 1.4154774 3.1617442 1.4168408 1.5173462 1.5425713 1.4993389 1.8959524 1.8789101 1.8521276 1.8630054 1.7133435 1.7298841 1.5160461 1.8633855 1.8127909 1.9472245 1.8372950 2.1117710 1.7548462 1.4167020 1.9511388 1.5030399 4.2374449 2.7893056 2.2664759 2.1644472 2.4751318 2.3498221 2.3558795 2.3872174 2.7195515 3.0588145 3.0713254 3.4193077 3.3337017 3.9351159 2.9536765 3.5451978 3.3922824 3.4833957 3.7597068 4.1428083 
Spur_XM_775644.5                                   0.8927665 2.5789685 1.9602694 1.7530930 1.7173637 2.0681902 1.7343816 1.9033630 1.6720183 1.7121628 1.5671291 1.5671291 1.5783162 1.9442751 1.6037811 1.6906327 1.6906327 1.8924923 1.6404184 1.5988416 1.8042310 1.9273517 2.2675169 1.8808615 1.9334760 2.4167966 2.4203981 2.0407611 2.6894660 5.6998059 2.2295572 0.9516068 0.0000000 0.8118519 0.7125411 0.5389070 0.4626250 0.5406679 0.8275341 0.7947587 1.0155734 0.9388609 0.9826616 0.9800351 0.9770307 0.9845460 0.9689435 0.9816889 0.9917278 0.9399227 0.9234637 1.0544756 1.0833737 0.9049899 1.0866107 1.2715305 1.3761021 1.4040971 1.3657229 1.3365626 1.6243755 1.4206658 1.3667232 1.5598382 1.5351804 1.5329912 1.5343254 1.4595960 1.5832180 1.4890676 1.8008276 1.6163316 1.6862117 1.7988852 2.1207690 1.7645863 1.4105777 2.0257085 1.5453399 4.1355005 3.1205543 2.4949571 2.0507649 2.4340932 2.4946442 2.7062749 2.6979226 3.1263588 2.9997910 2.8261106 3.3890089 3.2401920 3.7208529 3.3305093 3.0934408 3.2196762 3.4556613 3.4793632 3.8491017 
Acagra_model.g18106.t1                             1.3471029 2.4072375 1.8164980 1.6481740 1.8203713 1.9993805 1.7222226 1.8350471 1.7264846 1.8267516 1.6459370 1.6459370 1.5849626 1.9764995 1.5113023 1.7686061 1.7686061 1.8528496 1.6295103 1.5090986 1.7784187 1.9929706 2.2799587 1.9448866 1.8991957 2.3568727 2.3602910 2.0035558 3.5600320 5.3887490 2.0956275 0.8941115 0.8118519 0.0000000 0.6720576 0.7195838 0.5707040 0.5065677 0.5917283 0.6022431 0.8492721 0.6164827 1.0472051 1.0285292 1.0168343 1.0491954 0.9862633 1.0209073 1.0417310 1.0515153 1.0713053 1.1222927 1.1590579 0.7290492 1.0857895 1.2678171 1.2697647 1.2898994 1.3864060 1.3050559 1.6496661 1.3393441 1.2844284 1.8115188 1.7780613 1.7819117 1.7787378 1.6534237 1.7573013 1.5832929 1.9997374 1.6152657 1.6943675 1.7989033 2.0659891 1.7405547 1.4297096 2.0739839 1.6798284 4.1757767 2.9144685 2.3407429 2.2776523 2.4875967 2.4326758 2.5630203 2.5885934 3.0262428 3.0526015 2.9650259 3.4030734 3.4765257 3.8454477 3.0568439 2.9806466 3.5289546 3.8920622 3.9594790 3.5866596 
Hsap_ENST00000424963                               0.8504451 2.2794260 1.8404081 1.6123733 1.6993558 2.0625461 1.7127822 1.8453120 1.5910841 1.6477936 1.7980619 1.7980619 1.6719314 2.2682999 1.5910939 1.9279615 1.9279615 1.6974405 1.5322075 1.5065171 1.6542245 1.8561025 2.2117011 1.7809340 1.6170461 2.3378721 2.3590967 1.9624479 3.7367924 5.6852435 2.0224607 0.5837218 0.7125411 0.6720576 0.0000000 0.5011625 0.5367525 0.4323041 0.6505670 0.6910852 0.9787295 0.9476937 0.9119337 0.8861738 0.8535197 0.8908442 0.8388812 0.8455811 0.8279133 0.8763128 0.8508742 1.0253810 1.0790443 0.8296888 0.7382576 1.2007828 1.2455896 1.2507836 1.4114092 1.2486371 1.5072559 1.2568788 1.2357079 1.7013059 1.6575697 1.6612860 1.6697984 1.6077299 1.6226284 1.4666108 1.7714437 1.5853012 1.7023368 1.5906290 1.8904199 1.5604944 1.4269290 1.8852908 1.4676373 4.3112383 2.8184531 2.3166265 2.0558208 2.3898046 2.3061616 2.2019217 2.4592646 2.7119723 2.8113584 2.8628461 3.1603491 2.9487236 3.3000913 2.8816433 2.9552551 3.1905746 3.6681122 3.5637064 3.7414353 
Skow_XM_002737113.1                                0.7289534 2.4857602 1.8689148 1.6735516 1.6827442 1.9763459 1.7785128 1.9534990 1.5854493 1.5958946 1.6852237 1.6852237 1.6858594 2.0464184 1.6291162 1.9134994 1.9134994 1.8335355 1.6860648 1.7161206 1.7534052 1.9090533 2.2561903 1.8172879 1.8896598 2.2141345 2.2346095 2.0599705 3.2036145 5.5503105 2.0628385 0.7548676 0.5389070 0.7195838 0.5011625 0.0000000 0.3507874 0.3701481 0.6176159 0.7877819 0.9462542 0.8990936 0.9597591 0.9443378 0.9090623 0.9281097 0.8982658 0.9221403 0.9268587 0.8592616 0.8856307 1.0104410 1.0921014 0.8417150 0.9450435 1.3386043 1.3186251 1.3662825 1.2839869 1.3551470 1.6095928 1.3316624 1.2834488 1.5839215 1.5738704 1.5532578 1.5614653 1.4985776 1.5977338 1.4830365 1.7867688 1.6227740 1.7201801 1.7725312 2.3154720 1.6785789 1.3941338 1.9315830 1.5838621 4.4989104 3.0197781 2.1726195 2.0944464 2.3558945 2.4009581 2.4412104 2.4686895 2.7942518 2.7708623 2.6704223 3.2952850 3.0489043 3.2413383 2.8992974 2.8416212 3.4607425 3.7936863 3.5895179 3.6331371 
Bralan_BLAG04001735_1                              0.0000010 3.8702252 2.1721839 2.2292975 1.4315550 0.0000010 1.3125138 2.1276974 1.4064661 1.4678016 0.0000010 0.0000010 0.0000010 0.0000010 0.0000010 0.0000010 0.0000010 2.7239240 2.3604523 0.0000010 3.4131370 3.5967235 0.0000010 3.2123087 4.3344564 3.1519487 3.1962100 3.5298734 3.0391791 9.0000000 3.5298734 3.0045321 0.4626250 0.5707040 0.5367525 0.3507874 0.0000000 0.6465592 0.7839618 0.5713697 0.9535643 0.9259503 0.7493758 0.7323473 0.7222493 0.6597822 0.6614843 0.6614843 0.6426672 0.6380904 0.6717989 0.9008557 1.0150107 2.1122824 1.2431659 1.3189229 1.3478883 1.3397809 1.2661679 1.3739133 4.5512076 1.2467269 1.2961434 1.9422443 1.9506771 1.8896939 1.8896939 2.1907711 2.0149398 2.0149398 2.2528123 1.3997177 1.7723410 2.0840981 3.2383182 1.8223624 1.9788498 2.3061925 2.0584591 4.3053070 5.0098094 3.9166518 3.2430445 3.4906647 3.9888313 3.7681542 4.9221634 4.5530166 3.1074808 3.4951319 4.5871546 3.2351656 3.2351656 3.2839984 2.1368304 5.3590777 5.9441765 5.4184232 3.9928398 
Cscu_XM_023358570.1                                0.0000010 4.8458460 1.8807546 1.9576050 1.3667692 0.8977343 1.4199620 1.2820657 1.5989283 1.5991088 0.0000010 0.0000010 0.5056199 0.0000010 1.1275751 0.0000010 0.0000010 2.1085571 2.0897769 0.5056199 1.9190698 2.6475791 0.0000010 2.4844407 2.5076257 2.5185031 2.5413520 2.8857713 3.9859266 8.9999989 2.8556547 0.6904720 0.5406679 0.5065677 0.4323041 0.3701481 0.6465592 0.0000000 0.4694901 0.4722550 0.6081651 0.7782736 0.7245077 0.7229664 0.7536636 0.8221603 0.6874207 0.6874207 0.7140341 0.6766108 0.6526174 0.7569273 0.7767670 1.2079419 0.9679022 1.1542759 1.1411251 1.1784145 1.3351189 1.3046023 2.1715047 0.9565076 0.9907183 1.7563354 1.7244873 1.7336486 1.7336486 1.3981929 1.8325718 1.8325718 1.7146841 1.0824622 1.1959484 1.1181428 2.3537612 1.5628875 1.6683816 2.1231996 1.8458199 4.8826939 4.8600328 3.4869752 3.1074186 3.7963916 3.5376895 4.3690991 3.7863603 3.9533214 3.4288882 3.4951754 4.4129857 3.5507507 3.5507507 3.9968090 2.9999435 4.3713032 5.5081315 5.2101944 4.4657707 
