183
Fspp_ffun1.m4.2428.m1                                             0.0000000 0.2593783 0.2390391 0.0000010 0.0000010 0.3605552 0.1340584 0.2454208 0.2446749 0.3044273 0.4160829 0.3393689 0.3763972 0.5195886 0.6185879 0.6386685 0.7082118 0.6644157 1.6291736 0.0000010 0.6735152 0.6056055 1.0493827 0.6248792 0.5877118 0.6609523 0.5030396 0.7339664 0.8096175 0.8903647 0.9458399 0.7469688 0.0000010 0.8208392 0.6165215 0.6908301 1.1216443 1.0392646 1.0448780 0.8470181 0.8485840 0.9761073 0.6642790 0.7329793 0.8046210 0.8046210 0.7697976 0.7529821 0.6593474 0.6395265 0.7404474 0.7645434 0.8774504 0.7909447 0.8189009 0.9802484 0.9591627 0.6318815 0.6814987 0.0000010 0.0000010 0.7384041 0.8783290 0.5996558 1.0432727 1.0681067 0.8553397 1.0604505 0.8676311 9.0000000 0.0000010 4.4770114 0.9679414 1.5357868 1.4441546 1.2707441 0.9986323 1.0784227 1.1780204 1.1780204 0.9493289 1.4514620 1.2313022 1.7387858 1.2841262 0.0000010 1.0544215 1.1205269 2.3570859 0.0000010 2.3570859 2.3570859 1.1409237 1.1409237 1.1553976 1.1553976 1.6234210 1.6234210 1.3751814 1.7269802 1.7269802 1.7269802 2.4467826 1.0401203 1.0287844 0.0000010 1.2302596 1.2302596 0.0000010 0.9332037 0.7456417 0.9033536 1.1680286 1.2917682 1.1574864 0.9859126 1.0138840 1.0147687 0.0000010 1.1692263 0.0000010 0.0000010 1.1982666 1.1982666 0.0000010 0.0000010 0.0000010 0.0000010 0.0000010 0.0000010 0.0000010 0.0000010 1.2155191 1.1982666 1.1982666 1.1982666 1.1982666 1.1646858 1.2056328 1.0442065 1.3547375 0.9249689 0.0000010 1.1384848 0.7944017 0.7944017 0.7944017 0.7944017 2.4953823 2.4953823 0.8882075 0.9360857 0.8811753 0.8811753 0.8811753 0.7967667 0.0000010 0.9617834 0.9943866 0.7653427 0.0000010 1.1566395 0.6321152 0.9107441 1.7043940 1.5987024 1.2550049 1.1979347 1.2080651 1.5323208 1.3245459 1.3340582 1.6386896 1.5812497 1.4566235 1.5013729 1.5622455 1.4355537 1.8865696 0.0000010 1.6773254 0.9649814 1.4827470 
Gasp_gasp1.m3.8458.m1                                             0.2593783 0.0000000 0.4130575 0.2344697 0.5043573 0.5362899 0.4525565 0.4447207 0.4699978 0.4541022 0.6290465 0.4747700 0.5049608 0.5394038 0.8899228 0.9094675 0.9951766 0.8377756 1.0281471 0.9507208 1.0626344 1.0188662 1.0513322 0.8576813 0.8632560 0.8442284 0.9097609 0.9978854 1.1822693 1.1660295 1.0862479 0.7767754 0.6311927 1.2262667 0.8676018 1.3298476 1.2578457 1.2534371 1.3417436 1.2604432 1.1138436 1.2642525 1.1688173 1.0911493 1.1368633 0.7842277 1.0978820 0.9900726 1.1450472 0.9153698 0.9460601 1.1262352 1.2364317 1.1964687 1.1917185 1.3150286 1.0728772 1.0182823 0.9280430 1.1188971 1.2440758 1.2221595 1.1826474 0.9817710 1.3416946 1.4586045 1.4772663 1.4874793 1.2924946 3.1529601 2.5843200 2.6852416 1.1324579 1.7647902 1.6165268 1.8934906 1.8866380 1.2568260 1.9568653 1.9928595 1.9645420 1.8755849 1.8245257 1.8447314 1.5087557 1.0452123 1.5394041 1.4242944 1.3967787 1.2579433 1.5724071 1.5985977 1.5860474 1.5860474 1.6819062 1.6819062 1.7654317 1.7654317 1.7425955 2.5799487 2.5799487 2.6269054 2.7769899 1.6090149 1.7470201 2.1214723 1.6502299 1.2015012 1.8359317 1.5688507 1.2954297 1.3310337 1.5597906 1.6025012 1.1613402 2.0065825 1.7505979 1.7516763 1.4426104 1.8375965 2.3056605 2.3056605 1.8206642 1.8206642 2.3647216 2.7976293 2.3647216 2.7976293 3.2246216 3.2246216 3.0725176 3.0725176 1.8220547 1.4434451 1.4434451 1.6473459 1.6473459 1.8160890 1.7597053 1.9031071 2.2326077 1.4370842 1.8525627 1.6289708 1.6648900 1.6648900 1.4006782 1.4006782 1.9979550 1.7202132 1.6753562 1.6157425 1.5586300 1.5586300 1.1656817 1.3837385 1.8634108 1.5500667 1.4805937 1.3324023 1.5097576 1.6628172 1.1829130 1.7907477 1.9651939 1.9770359 1.7822961 1.6972295 1.8529793 1.9002884 1.8109135 1.9153059 1.9299492 1.8867994 1.8261318 1.7780699 1.8068246 1.8761330 1.9921232 2.0606975 1.9705970 2.0134238 1.9478511 
Gfas_gfas1.m1.22139.m1                                            0.2390391 0.4130575 0.0000000 0.4956652 0.5904398 0.5180708 0.5346677 0.5617390 0.5556600 0.5181631 0.6317437 0.5612989 0.5875517 0.4721798 0.8624464 0.8445835 0.7827458 0.7305752 0.8941836 0.9103036 0.8115510 0.7290347 0.9571523 0.8671648 0.8555782 0.9214985 0.8083052 0.8108403 0.9655529 0.9678757 1.0202514 0.8783456 0.8342129 0.9675546 0.7287099 0.9610896 1.0115370 1.0184295 1.0375382 0.9785377 0.9712722 0.9626318 0.9938250 0.9320603 1.0067627 0.8186594 0.7620870 0.6950486 0.8973723 0.8911929 0.8951582 0.8645494 1.1120500 0.9670924 0.9629997 1.2906764 1.0750222 1.0280064 1.0373891 0.4660845 1.0751330 1.0279854 1.0356707 0.9223143 0.9345667 1.1395623 1.1740488 1.3490685 1.0329608 4.4613339 2.5674004 2.8864853 1.1655878 1.3008297 1.3122943 1.4155149 1.3612659 1.2165264 1.3570373 1.4993408 1.3485223 1.3602833 1.3735015 1.5438823 1.1658097 1.3566333 1.2254448 1.3397963 1.4262327 1.5223233 1.3825818 1.4146455 1.3660170 1.3660170 1.2586294 1.2586294 1.3544847 1.3544847 1.4217063 1.9434908 1.9434908 1.9434908 3.7958521 1.2413707 1.2558152 1.4475874 1.3871013 1.3263672 1.6159521 1.2265892 1.1031736 1.1561154 1.2866957 1.2421302 1.1862488 1.5927079 1.4392607 1.4456105 2.3441353 1.5101835 3.9967115 3.9967115 1.3742093 1.3742093 3.3244126 5.0576885 3.3244126 5.0576885 4.8881860 4.8881860 5.0576885 5.0576885 1.3594176 1.2697689 1.2697689 1.2459868 1.2459868 1.3009915 1.4002332 1.4996756 4.3145019 1.3472557 1.4333833 1.3781712 1.3082828 1.3082828 1.2898054 1.2898054 1.6764120 1.6497946 1.3557451 1.2872303 1.2595848 1.2595848 1.2062325 1.2509724 1.2940155 1.2269641 1.1278182 1.0178173 1.3254436 1.2411211 0.7772725 1.4325850 1.6897260 1.6548563 1.5594997 1.5818539 1.5295718 1.5739670 1.4641147 1.5551985 1.6599114 1.6649913 1.5845643 1.6633771 1.6518927 1.4896491 1.7416859 1.6399195 1.8265707 1.6661096 1.8322318 
Fspp_ffun1.m4.2425.m1                                             0.0000010 0.2344697 0.4956652 0.0000000 0.4963651 0.5347954 0.4757885 0.4359334 0.4289495 0.4474628 0.6568416 0.5259985 0.5204483 0.0000010 0.7230067 0.8090489 0.8556867 0.8378901 0.9019656 0.7889719 0.9672807 0.9153866 0.9042920 0.7196099 0.7780827 0.7242686 0.6713782 0.6742635 1.1289877 1.1428210 1.0646787 1.1494508 0.7209728 1.0568279 1.0639016 1.1556980 0.9462798 0.9406280 1.0876839 1.0938470 0.9446331 0.9720952 1.0115318 1.0171196 1.2540830 9.0000000 1.0820041 4.6590917 1.1202334 0.8984619 0.9070110 0.9715611 1.0649218 1.0131446 1.0146378 1.1361589 1.0823089 0.9465592 0.8930780 0.6143986 1.0181392 1.0338388 0.9812307 1.0370483 1.1994909 1.2277358 1.5961085 1.6322352 1.1369967 3.1087458 1.9706207 2.2211519 1.1770280 1.4963454 1.6937071 1.7088928 1.7088928 2.7194761 1.9122211 1.8710950 1.8264747 1.7303818 1.5078067 1.5248709 1.1936609 0.9245054 1.4556826 1.5461045 1.2125010 1.2039148 1.3431373 1.4245828 1.4400828 1.4400828 1.5426879 1.5426879 1.5426879 1.5426879 1.5739899 1.9124322 1.9124322 1.9124322 3.1779367 1.4917745 1.5515959 1.4600029 1.4506597 1.4589637 1.4162390 1.5130668 1.4723497 1.4723497 1.4099476 1.3542450 1.1688258 1.8253560 1.5633403 1.5798897 1.4221634 1.4974999 1.1905688 1.1905688 1.3958484 1.3958484 1.4180871 1.4050592 1.4180871 1.4050592 3.0055323 3.0055323 2.3203242 2.3203242 1.3472311 1.4263135 1.4263135 1.8591992 1.8591992 1.5546445 1.4975638 1.6429115 1.4188101 1.3562663 1.5358421 1.4375396 1.4636323 1.4636323 1.4636323 1.4636323 1.4841971 1.4841971 1.4106568 1.5106087 1.4259787 1.4259787 1.2010547 1.5569746 1.6078736 1.4576759 1.5334035 1.0872068 1.1554017 1.2858646 1.0846867 2.2137303 1.9934687 1.8648178 1.7960507 1.6063435 1.8399442 1.8629041 1.6229669 1.8261085 2.0782075 2.0530013 1.9994104 1.8270232 1.8315810 1.7435190 1.9075321 1.6664518 1.7806993 2.6649358 2.5220207 
Gfas_gfas1.m1.19933.m1                                            0.0000010 0.5043573 0.5904398 0.4963651 0.0000000 0.0290679 0.2733150 0.1895186 0.2013133 0.5444580 0.2991677 0.7669503 0.7504188 0.0000010 0.5668846 0.6570786 0.8358473 0.8453873 0.9892913 0.7429812 0.7529236 0.7512915 0.8246768 0.8307980 0.7716203 0.7714744 0.6362399 0.7163763 0.9918567 1.0204481 0.8144594 0.9455012 0.8730598 0.7844346 0.8070493 0.8579054 0.7288549 0.7531091 0.8177738 0.8941378 0.8095763 0.9141398 0.9283092 0.7680382 0.9073678 0.0000010 0.6040507 5.1179089 0.8959867 0.7479320 0.8935045 0.7255977 1.5750810 0.9158867 0.9158867 1.1953898 1.3131946 1.1542374 1.1242897 0.0000010 1.1088272 1.2094231 1.0991102 1.0789815 0.7638523 1.1479653 1.5361626 1.6996017 0.9506040 0.9618763 0.0000010 6.3276599 1.1502729 1.0469902 1.3804468 1.1491121 1.1491121 1.8807503 1.3474975 1.3796412 1.2810352 1.2981153 1.0628557 1.3221061 1.0824870 1.9734403 1.7217526 1.5755824 1.6230617 1.9783626 1.4448791 1.6230617 1.6279763 1.6279763 1.5351510 1.5351510 1.5351510 1.5351510 1.5321129 0.8538782 0.8538782 0.8538782 3.1519407 1.5513885 1.5586862 0.7346725 1.4919719 1.4919719 1.6932242 1.3517683 1.3080567 1.3080567 1.3305042 1.4525394 1.0637233 1.4203540 1.3807693 1.4041589 0.0000010 1.3158518 0.0000010 0.0000010 1.4443130 1.4443130 0.0000010 0.0000010 0.0000010 0.0000010 0.0000010 0.0000010 0.0000010 0.0000010 1.2762588 1.4443130 1.4443130 1.4443130 1.4443130 1.1613239 1.3179682 1.2440065 0.0000010 1.3077225 1.3159675 1.0818505 1.2772241 1.2772241 1.2772241 1.2772241 1.3701514 1.3701514 1.3102061 1.1470905 1.1238454 1.1238454 1.1238454 1.1703241 0.2223230 1.0893826 1.1482539 0.9754430 1.2649501 1.0603617 0.7861235 1.6513579 1.7581571 1.8459187 2.0222610 1.5193173 1.4774343 1.7148270 1.5255525 2.1192568 1.8176565 2.0171600 1.9232004 1.8301479 1.7475375 1.5886627 1.7556175 1.6702080 1.7373885 3.2918998 2.3920157 
Gfas_gfas1.m1.17864.m1                                            0.3605552 0.5362899 0.5180708 0.5347954 0.0290679 0.0000000 0.3242312 0.2960531 0.3009055 0.5093447 0.3943631 0.6420789 0.6601661 0.4373386 0.8274341 0.8708765 1.0002636 0.8981930 1.0530942 0.9272776 1.0364515 1.0507728 0.9818923 0.9157678 0.8540039 0.8346943 0.8190918 0.9783018 1.1639876 1.2012487 1.1124525 0.8143912 0.8275949 1.1670440 0.8478520 1.1851823 1.2242215 1.2081760 1.3082550 1.2228825 0.9959531 1.2508561 1.1294488 1.0370017 1.0575669 0.7184973 0.9661238 0.9560418 0.9941557 0.7742537 0.8429867 1.0640974 1.1633754 1.1216207 1.1310105 1.2401901 1.0550392 1.0323857 0.9324649 1.4776011 1.2089116 1.1191268 1.1261830 0.9790622 1.2340471 1.4173623 1.5423090 1.5543881 1.3700707 3.1730047 2.4043439 2.6115560 1.1531484 1.7080339 1.4714974 1.7304892 1.7765022 1.1554558 1.8305418 1.8793424 1.8612719 1.7538020 1.7328431 1.7867295 1.4414828 1.2620647 1.7124458 1.5261809 1.3607783 1.3128668 1.4864216 1.5044199 1.5391909 1.5391909 1.7593165 1.7593165 1.8575579 1.8575579 1.7320128 2.7263490 2.7263490 2.7263490 3.2289611 1.6365138 1.6502657 2.1116537 1.5911210 1.1978358 1.8688361 1.4504005 1.2735719 1.3138702 1.4434872 1.5444352 1.0143209 1.7425533 1.6197275 1.6259459 1.5920651 1.7028046 2.2554902 2.2554902 1.7353363 1.7353363 2.3467091 2.9069586 2.3467091 2.9069586 3.5694216 3.5694216 3.3320883 3.3320883 1.6887833 1.4022378 1.4022378 1.6399379 1.6399379 1.6880400 1.7416728 1.8175036 2.3489321 1.2319873 1.7194020 1.5974935 1.4903978 1.4903978 1.2991705 1.2991705 1.7864955 1.5587844 1.5349785 1.4529301 1.4812858 1.4812858 1.0594679 1.3103289 1.5704271 1.4341943 1.3990656 1.2688172 1.4275844 1.6595696 1.0961788 1.7931443 1.9321995 1.8492289 1.7086513 1.5660183 1.6199635 1.7283976 1.6929597 1.8424697 1.9251917 1.9611480 1.8203148 1.7865897 1.8053093 1.6348327 2.0481917 2.0496805 1.9051885 1.7496404 1.6327302 
Gasp_gasp1.m3.8444.m1                                             0.1340584 0.4525565 0.5346677 0.4757885 0.2733150 0.3242312 0.0000000 0.1705231 0.1840573 0.3997789 0.3973457 0.6024894 0.6088969 0.2298276 0.8342066 0.8296612 0.9712608 0.8295779 0.9803475 0.9066322 1.0305816 1.0186365 0.9122922 0.8658523 0.8075985 0.8079484 0.8662906 0.9133804 1.1702718 1.1454512 1.0978413 0.7227438 0.6903493 1.2681319 0.8828042 1.2774844 1.1839539 1.1963443 1.3796999 1.2060257 1.0475388 1.2340703 1.2180749 1.0113419 1.0502406 0.6370834 1.0746669 1.2295981 1.0904355 0.8066235 0.8515302 1.0592126 1.2315688 1.1272337 1.1215262 1.2902084 0.9819414 0.9432894 0.8855950 1.0082092 1.2144721 1.2808650 1.1801075 1.0486351 1.3185711 1.4579854 1.5280983 1.5762576 1.3365530 2.8434856 2.3464497 2.5098839 1.0951043 1.8061466 1.5177437 1.7787829 1.7787829 1.0539570 1.8338397 1.8856967 1.9206087 1.8449553 1.7071140 1.7970495 1.5494290 1.1649916 1.6523051 1.4541113 1.2456280 1.2730859 1.2799516 1.3390730 1.6600833 1.6600833 1.7000261 1.7000261 1.7374380 1.7374380 1.7421639 2.4905404 2.4905404 2.4582457 2.8049070 1.6273312 1.7677858 2.1031306 1.6935927 1.1931701 1.9194983 1.6329715 1.3345119 1.3345119 1.5448350 1.5614508 1.0376687 1.9388953 1.8200737 1.8168469 1.5511280 1.7898849 2.3815012 2.3815012 1.9112924 1.9112924 2.4287269 2.9523601 2.4287269 2.9523601 3.4781467 3.4781467 3.2429474 3.2429474 1.8532364 1.4693634 1.4693634 1.7294750 1.7294750 1.7912740 1.7388795 1.8727533 2.1302652 1.2263058 1.7762204 1.5472176 1.6385969 1.6385969 1.2622007 1.2622007 1.9199533 1.4763696 1.6444080 1.5178399 1.5273995 1.5273995 1.0016894 1.4043001 1.6355589 1.5839354 1.5621864 1.2412950 1.4414762 1.7254059 1.2694962 1.9114401 1.9291260 1.9353468 1.7532239 1.5414252 1.7530444 1.8207044 1.6493821 1.8069742 1.8565491 1.9037279 1.7544009 1.7928813 1.8280605 1.6854494 1.7980970 2.0478235 1.9280767 2.2152725 1.5663560 
Fspp_ffun1.m4.15590.m1                                            0.2454208 0.4447207 0.5617390 0.4359334 0.1895186 0.2960531 0.1705231 0.0000000 0.0238543 0.4118768 0.4204016 0.5441381 0.5705830 0.4919559 0.7948337 0.8209883 0.9629085 0.8240015 0.9809653 0.8689964 0.9417182 0.9633818 0.9380822 0.8403573 0.7941903 0.7920473 0.8552645 0.9867048 1.1477452 1.0770452 1.0878508 0.7703428 0.6880331 1.1973953 0.8345880 1.1880854 1.1841480 1.1915921 1.3681457 1.1445756 1.0184957 1.1737362 1.1327372 0.9666447 1.0227819 0.6804985 0.9888215 1.0562129 1.0510734 0.7667249 0.8334052 1.0092690 1.1391365 1.0435046 1.0519821 1.2855197 1.0649516 0.9560544 0.8374601 1.1112497 1.1771068 1.1493542 1.1064224 0.9425133 1.2717253 1.4538798 1.4809894 1.5024251 1.2780485 2.9812234 2.4014688 2.5883696 1.0096505 1.7401828 1.5029857 1.7658281 1.7694931 1.1826455 1.8398819 1.8635614 1.8769479 1.8453597 1.7281358 1.8376351 1.5370886 1.2438526 1.6185519 1.4602986 1.3707801 1.2883514 1.4628475 1.4796626 1.5794500 1.5794500 1.7125356 1.7125356 1.7933762 1.7933762 1.7363427 2.3354425 2.3354425 2.3534650 2.7149834 1.5772917 1.6899801 1.9486841 1.6144424 1.2335115 1.9262868 1.5777079 1.2613602 1.2994256 1.4912598 1.6038707 0.9586164 1.8560095 1.6741879 1.6621084 1.5497548 1.6649753 2.3783124 2.3783124 1.7900396 1.7900396 2.4471250 2.9030711 2.4471250 2.9030711 3.3956414 3.3956414 3.1899764 3.1899764 1.7722480 1.3769096 1.3769096 1.5866168 1.5866168 1.7323726 1.7215479 1.7441065 2.1199180 1.1981110 1.7002980 1.4923853 1.5528659 1.5528659 1.2606614 1.2606614 1.8469278 1.5091902 1.5461324 1.4466642 1.4330748 1.4330748 1.0338657 1.2985975 1.5667010 1.4510191 1.4112294 1.2958103 1.5148661 1.6888187 1.1200913 1.7485299 1.9012613 1.8780364 1.7002093 1.5075957 1.6422976 1.7837279 1.6607378 1.8176871 1.8712082 1.9275330 1.7259415 1.7707551 1.7751977 1.6897262 1.8891177 2.1188250 1.9210430 2.0579881 1.6939382 
Fspp_ffun1.m4.15591.m1                                            0.2446749 0.4699978 0.5556600 0.4289495 0.2013133 0.3009055 0.1840573 0.0238543 0.0000000 0.4246624 0.4313688 0.5627005 0.5895818 0.5330501 0.8138971 0.8381415 0.9735965 0.8332074 0.9937717 0.8642326 0.9651867 0.9745174 0.9537009 0.8683506 0.8134284 0.8126800 0.8725118 1.0144515 1.1624000 1.0770906 1.1097488 0.7724863 0.6893788 1.1902097 0.8301315 1.1713943 1.2086148 1.2145059 1.3943734 1.1690379 1.0318050 1.1789580 1.1382750 0.9825474 1.0330117 0.6994595 1.0062069 1.0764259 1.0498642 0.7879744 0.8424677 1.0121492 1.1582835 1.0688404 1.0775159 1.2914168 1.0608110 0.9735261 0.8402377 1.1920727 1.1725221 1.1577865 1.1133529 0.9544243 1.2840264 1.4367007 1.4949566 1.5259581 1.2948409 3.2679951 2.5400279 2.7088027 1.0144576 1.7996043 1.5103634 1.8275366 1.8328724 1.1881882 1.8988451 1.9232768 1.9385936 1.8827287 1.7464542 1.8363314 1.5484362 1.2163116 1.6509787 1.4601609 1.3786285 1.2820024 1.4843617 1.4929007 1.5906183 1.5906183 1.7505348 1.7505348 1.8358196 1.8358196 1.7706224 2.3354425 2.3354425 2.4604010 2.8355227 1.5592206 1.6858085 1.9589213 1.6107519 1.2365089 1.9258219 1.5873018 1.2626357 1.2952250 1.5007754 1.6198841 0.9850336 1.8746706 1.7107698 1.6983377 1.6083536 1.7036518 2.5077788 2.5077788 1.8203099 1.8203099 2.5713652 3.0996656 2.5713652 3.0996656 3.6599870 3.6599870 3.4164077 3.4164077 1.8035426 1.3751147 1.3751147 1.5724391 1.5724391 1.7663337 1.7224431 1.7828504 2.1499480 1.1991250 1.6943382 1.5030048 1.5563929 1.5563929 1.2591117 1.2591117 1.8454404 1.4953095 1.5490267 1.4697532 1.4398246 1.4398246 1.0260898 1.3175943 1.5732624 1.4807897 1.4308228 1.3031409 1.5136144 1.7038220 1.1382482 1.7806144 1.8978973 1.8654207 1.7158482 1.5059046 1.6843984 1.8197576 1.6937617 1.8261700 1.9118358 1.9395335 1.7595065 1.8003708 1.7955741 1.7122853 1.9181102 2.1716973 1.9150840 2.0616494 1.6822269 
Spis_XP_022798268_1                                               0.3044273 0.4541022 0.5181631 0.4474628 0.5444580 0.5093447 0.3997789 0.4118768 0.4246624 0.0000000 0.6020393 0.5596953 0.5849253 0.6286965 0.7921413 0.8719866 0.9544391 0.8163055 0.9893791 0.9007324 0.9750812 0.9313305 0.9323362 0.8432132 0.8109978 0.8039047 0.8846932 0.9213103 1.1132209 1.0746830 1.0582362 0.8216874 0.8232358 1.1618229 0.8394328 1.2296749 1.3097502 1.2564584 1.3036690 1.2004715 1.0555462 1.1619977 1.1222103 0.9987340 0.9797530 0.6700025 1.0104851 0.9807443 1.0527888 0.7923545 0.8343074 1.0624220 1.1707143 1.0461499 1.0504662 1.3020550 1.0927927 0.9713548 0.9092593 0.9857117 1.1529457 1.0904128 1.0644401 0.9229237 1.2662412 1.3617659 1.4607433 1.4409325 1.2264976 2.8969183 2.4401149 2.5836166 0.9890900 1.7426004 1.5203692 1.7899536 1.7833007 1.1946120 1.8700778 1.9171429 1.8990095 1.8047274 1.7803455 1.6672122 1.3713201 1.0900871 1.5459535 1.3837852 1.3858688 1.3471997 1.4384575 1.5295122 1.5437013 1.5437013 1.6584526 1.6584526 1.7423039 1.7423039 1.7127431 2.4659054 2.4659054 2.4886394 2.9210008 1.5674314 1.7148493 1.9810585 1.5705233 1.1677831 1.8811076 1.5400604 1.2795286 1.3113217 1.5324210 1.4876047 1.1994519 1.9369078 1.6229259 1.6162332 1.3477795 1.6641570 2.3526120 2.3526120 1.7634590 1.7634590 2.4002681 2.9502871 2.4002681 2.9502871 3.4687782 3.4687782 3.1864278 3.1864278 1.7221211 1.3112997 1.3112997 1.5525342 1.5525342 1.7272982 1.6611013 1.8034168 1.9926215 1.2560206 1.6257019 1.4928221 1.4689975 1.4689975 1.2591773 1.2591773 1.7332643 1.5233594 1.4728976 1.4296801 1.4704523 1.4704523 1.1459225 1.3740184 1.6060633 1.4611535 1.4033522 1.2132351 1.5092996 1.6537544 1.2402825 1.6504066 1.9119689 1.8557078 1.6197858 1.6146899 1.6536089 1.7441426 1.6510672 1.8194374 1.8111326 1.7867510 1.7040651 1.6867901 1.7786067 1.6716201 1.8125558 2.0029406 1.8946140 2.0099824 1.7078674 
Adig_XM_015918270.1                                               0.4160829 0.6290465 0.6317437 0.6568416 0.2991677 0.3943631 0.3973457 0.4204016 0.4313688 0.6020393 0.0000000 0.7255411 0.7570402 0.5512353 0.8716893 0.9396392 1.0316202 0.8775375 1.0978644 0.9655107 1.0891092 1.0456353 1.0871680 0.8651635 0.8572004 0.8464261 0.8948763 0.9412859 1.2377342 1.2427254 1.1755364 0.7751040 0.9182141 1.3176713 0.8954720 1.3875298 1.2599272 1.2545875 1.5223825 1.2722361 1.1240417 1.3474389 1.1743277 1.0770361 1.0358315 0.6823888 1.0463849 1.1349537 1.0987250 0.8762718 0.9400807 1.1182357 1.2747895 1.1941032 1.2161381 1.3486315 1.1602984 1.0436186 0.9459974 1.1406976 1.3065885 1.2724237 1.2195680 1.0371657 1.4101034 1.4838217 1.5091492 1.4889882 1.3561427 3.1270375 2.5753649 2.6865660 1.2124397 1.9463341 1.5809066 1.9001425 1.9026181 1.3926884 2.0849508 2.0671740 2.0402684 2.0228944 1.7799351 1.8561181 1.5979675 1.3183527 1.7839594 1.5581066 1.4366389 1.4202409 1.5677423 1.5713458 1.6897418 1.6897418 1.8464041 1.8464041 1.9316442 1.9316442 1.8685173 2.6738439 2.6738439 2.7254981 3.0697186 1.7125900 1.7670886 2.2535599 1.7939656 1.2963673 2.2179352 1.6226908 1.3963298 1.4422401 1.6162957 1.7440094 1.1743269 1.9680759 1.7900216 1.8037650 1.4222682 1.8527117 2.4936661 2.4936661 1.8946776 1.8946776 2.4997489 3.0278024 2.4997489 3.0278024 3.4293140 3.4293140 3.3216760 3.3216760 1.8571106 1.4584865 1.4584865 1.6972651 1.6972651 1.7719564 1.8111997 1.9190853 2.1646139 1.4253997 1.9638508 1.6634559 1.6776393 1.6776393 1.3401357 1.3401357 2.0745475 1.6897948 1.6481200 1.5603816 1.6005729 1.6005729 1.1330239 1.4851840 1.7089569 1.7512068 1.6234533 1.3253867 1.5917699 1.8088034 1.2346307 1.7999352 2.0896506 2.0699890 1.8214809 1.7079424 1.7817363 1.9123519 1.7605426 1.9345850 2.0319070 2.0348184 1.8634155 1.8564816 1.8686766 1.8294063 2.0593882 2.3570215 2.1482645 2.0775878 1.8826765 
Amil_Amillepora03406-RA                                           0.3393689 0.4747700 0.5612989 0.5259985 0.7669503 0.6420789 0.6024894 0.5441381 0.5627005 0.5596953 0.7255411 0.0000000 0.0085659 0.6699851 0.9090452 0.9180274 1.0686777 0.8953791 1.0894123 1.0208364 1.0580911 1.0133461 1.0344863 0.9419916 0.9387958 0.9449751 1.0647272 1.0477561 1.2653020 1.2159134 1.1568519 0.9644494 0.9053665 1.2206553 0.9841338 1.2910658 1.3261600 1.2969471 1.4016941 1.3126826 1.0688333 1.1963760 1.1825917 1.0185559 1.1571385 0.6476680 1.0545744 0.9200039 1.1208848 0.9011267 0.8683760 1.1795518 1.1661939 1.0939485 1.1068898 1.3342590 1.1451583 0.9944396 0.8388141 1.1205503 1.2204674 1.1752715 1.1057657 0.9546922 1.3270408 1.3755077 1.5120208 1.5188695 1.2930227 3.2147284 2.6428915 2.6681161 1.2565395 1.8710646 1.6312959 1.8751984 1.9230324 1.2502098 2.0130342 2.0736475 2.1004779 1.9719351 1.8170252 1.8174586 1.4881584 1.2815158 1.5644734 1.4176014 1.4899241 1.4415137 1.5366899 1.6790584 1.6377699 1.6377699 1.6911509 1.6911509 1.7843593 1.7843593 1.7506889 2.4852644 2.4852644 2.5682657 2.9691927 1.6360410 1.7272567 2.0036476 1.5520952 1.2027348 1.7478468 1.5492208 1.2871185 1.3080084 1.5849019 1.6436476 1.1140681 1.9836571 1.7071932 1.7066157 1.3499898 1.7995051 2.2434758 2.2434758 1.8202184 1.8202184 2.2990756 2.8896449 2.2990756 2.8896449 3.3537621 3.3537621 3.1825723 3.1825723 1.8097035 1.4267894 1.4267894 1.6867824 1.6867824 1.8524937 1.7813163 1.8391441 1.9894396 1.4368167 1.9201625 1.5723042 1.5776226 1.5776226 1.3308495 1.3308495 1.8552986 1.5918124 1.5479554 1.5868318 1.5032970 1.5032970 1.1323396 1.3317779 1.7698072 1.6145850 1.5370771 1.3990313 1.7389327 1.7446571 1.3343276 1.5930996 2.0732801 1.9437839 1.8812726 1.7765755 1.8504933 1.9779869 1.7975775 1.8959880 1.8770485 1.9212728 1.8607983 1.8050675 1.8323867 1.8229733 1.9616832 2.1888406 2.0993028 2.1172540 1.8805770 
Amil_Amillepora03445-RA                                           0.3763972 0.5049608 0.5875517 0.5204483 0.7504188 0.6601661 0.6088969 0.5705830 0.5895818 0.5849253 0.7570402 0.0085659 0.0000000 0.7188445 0.9529334 0.9274386 1.1013608 0.9264318 1.0848208 1.0159853 1.0801344 1.0453572 1.0728916 0.9802146 0.9794501 0.9709686 1.0689192 1.0906016 1.2946156 1.2627458 1.1806834 0.9721584 0.8876094 1.2368118 0.9742749 1.3094034 1.3410521 1.3037459 1.4321024 1.3260123 1.0778588 1.2299699 1.2003991 1.0667224 1.2128502 0.7616726 1.1010957 1.0560120 1.1476509 0.9251226 0.8859920 1.2340561 1.1945543 1.1330748 1.1478692 1.3718266 1.2459726 1.0359333 0.8870561 1.1156111 1.2298220 1.1856162 1.1393552 0.9653571 1.3655283 1.3989364 1.5484222 1.5619976 1.3118098 3.2052536 2.6519709 2.6757005 1.2585388 1.9031216 1.6947779 1.9154161 1.9329470 1.3651825 2.0075720 2.0652054 2.1101065 2.0359461 1.8575474 1.8983561 1.5019228 1.2688473 1.6018176 1.4271746 1.4943142 1.4366955 1.5497041 1.6857373 1.6577644 1.6577644 1.7034402 1.7034402 1.7977747 1.7977747 1.7617759 2.4852644 2.4852644 2.5682657 2.9098481 1.6606576 1.7516195 1.9996577 1.6035062 1.3170222 1.7444919 1.5688595 1.3092837 1.3428969 1.5929726 1.6637136 1.2585280 2.0466490 1.7506942 1.7501253 1.3499898 1.8141034 2.2082162 2.2082162 1.8189129 1.8189129 2.2656085 2.8222763 2.2656085 2.8222763 3.2780008 3.2780008 3.1069016 3.1069016 1.7992920 1.4498679 1.4498679 1.7093774 1.7093774 1.8393767 1.8266622 1.8379747 1.9894396 1.4653847 1.9335625 1.6393834 1.5901765 1.5901765 1.3307424 1.3307424 1.8737828 1.5912868 1.5636685 1.6367199 1.5584943 1.5584943 1.2036734 1.3667885 1.7698072 1.6189183 1.5733745 1.4023119 1.7418228 1.7967552 1.3827607 1.6503132 2.1248993 1.9528490 1.8984806 1.8112969 1.8787722 2.0525987 1.8177855 1.9200321 1.9353975 1.9751696 1.9086389 1.8342818 1.8707080 1.8218143 1.9963572 2.1767021 2.0896044 2.2027081 1.9440833 
Gfas_gfas1.m1.19934.m1                                            0.5195886 0.5394038 0.4721798 0.0000010 0.0000010 0.4373386 0.2298276 0.4919559 0.5330501 0.6286965 0.5512353 0.6699851 0.7188445 0.0000000 1.1223895 0.9836217 0.9201030 0.9491874 1.6291736 0.0000010 0.9747811 0.9081242 1.3728625 1.0847084 0.9608502 0.9915859 1.0879149 1.8171832 1.1982489 1.1327055 1.2367438 0.8908220 0.0000010 1.2223381 0.6402012 1.1439211 0.9972459 1.3759646 1.4709601 0.8085404 1.2254753 1.3257315 1.1415798 1.0195462 1.0351511 1.0351511 0.9886422 1.1352388 0.9077723 0.9893211 0.9942736 0.9172650 1.1175406 1.3879105 1.3879105 1.2874258 1.2562874 0.9587934 1.1621561 0.0000010 0.0000010 1.2929958 1.2274082 1.1497201 1.4614406 1.5672536 1.3369390 1.4065359 1.4891332 0.0000010 0.0000010 3.1842433 1.1189106 2.0776260 1.8801103 1.6786658 1.0728659 1.6551428 1.7038802 1.7038802 0.9922184 1.9784451 1.6167259 2.2530621 1.6511692 0.0000010 1.3101349 1.5816364 2.4687045 0.0000010 2.4687045 2.4687045 1.4364234 1.4364234 1.1230546 1.1230546 1.4522643 1.4522643 1.2739790 2.9576289 2.9576289 2.9576289 1.9547246 1.5461988 1.5461988 0.0000010 1.5807233 1.5807233 0.0000010 1.1633675 1.1604327 1.1604327 1.5301783 0.8420559 0.9676673 0.8331284 1.4388074 1.4388074 0.0000010 1.7652145 0.0000010 0.0000010 1.6668218 1.6668218 0.0000010 0.0000010 0.0000010 0.0000010 0.0000010 0.0000010 0.0000010 0.0000010 1.7401227 1.6668218 1.6668218 1.6668218 1.6668218 1.8316927 1.8394936 1.1570963 1.2556455 0.6147801 0.0000010 1.3623662 1.0413913 1.0413913 1.0413913 1.0413913 1.6610597 1.6610597 1.1319794 1.2823048 1.1624598 1.1624598 1.1624598 1.2326294 0.0000010 1.3177143 1.4185871 0.7755088 0.0000010 1.9028853 0.9794682 1.2986414 2.3848107 2.1687355 1.8254462 1.9405945 1.8389584 2.0225973 1.9143582 1.9397357 1.7947997 1.8820877 1.8202792 1.8612272 2.0626378 2.0079147 2.6479531 0.0000010 3.0061967 1.2155859 2.3026262 
Exapal_XM_021049675.2                                             0.6185879 0.8899228 0.8624464 0.7230067 0.5668846 0.8274341 0.8342066 0.7948337 0.8138971 0.7921413 0.8716893 0.9090452 0.9529334 1.1223895 0.0000000 0.4924905 1.0130012 0.8697317 0.9933330 0.8181468 0.9796603 1.0265254 1.0027024 0.7546329 0.7144522 0.7976422 0.7901451 0.9494386 1.1046463 1.1767678 1.1116162 0.8346994 0.7219596 1.1941947 0.7474349 1.1442194 1.1647017 1.1548794 1.3191692 1.2104278 0.9990333 1.2089952 1.1443197 1.0419691 1.0317204 0.7692205 1.0134737 1.1764497 1.1369275 0.7310796 0.8093307 1.0428294 1.1580774 1.0885513 1.1019425 1.4142265 1.1460986 0.9461933 0.8387698 0.9243581 1.2859086 1.2095192 1.1823248 1.0137574 1.3164946 1.3065387 1.2977808 1.4680966 1.2066287 2.6072979 2.3960744 2.5303110 1.0625615 1.7171934 1.5591317 1.7806961 1.7899332 1.2977935 1.7795081 1.8556635 1.7588082 1.7861769 1.7483232 1.8098855 1.4578621 0.9867947 1.6308606 1.4088867 1.3863226 1.1946020 1.5596031 1.4483749 1.7663080 1.7663080 1.7445313 1.7445313 1.8169800 1.8169800 1.7857385 2.7787805 2.7787805 2.8219967 2.8300040 1.6046293 1.7078934 2.0136162 1.5662517 1.1852127 1.8542728 1.6345055 1.3100148 1.3443798 1.5227033 1.5554453 1.2940272 1.9395518 1.7168658 1.7133979 1.3196357 1.7484308 2.4182946 2.4182946 1.7698486 1.7698486 2.4305913 2.5844111 2.4305913 2.5844111 3.1645199 3.1645199 2.7991578 2.7991578 1.7763297 1.3540843 1.3540843 1.5586755 1.5586755 1.7629888 1.6780790 1.8488341 2.1058577 1.2456488 1.7137166 1.5129971 1.4731636 1.4731636 1.3421455 1.3421455 1.6922517 1.6021299 1.5962551 1.4555160 1.5728117 1.5728117 1.1588570 1.3704144 1.4280105 1.5515757 1.4016954 1.3203173 1.3654888 1.5924800 1.0769812 1.7377128 1.7556696 1.7413875 1.6257183 1.5593724 1.5657487 1.6446977 1.5515694 1.7453821 1.8731035 1.8453492 1.7276014 1.6674409 1.7580657 1.6631796 1.8596913 1.9700649 1.8833739 1.8363581 1.7373160 
Nvec_v1g161675                                                    0.6386685 0.9094675 0.8445835 0.8090489 0.6570786 0.8708765 0.8296612 0.8209883 0.8381415 0.8719866 0.9396392 0.9180274 0.9274386 0.9836217 0.4924905 0.0000000 0.9693934 0.8334348 1.0510334 0.8692484 1.0147924 1.0280926 0.9905004 0.7577904 0.7515714 0.8089553 0.7460274 0.8405946 1.0999470 1.0777075 1.1712145 0.7145620 0.7163769 1.1988228 0.7510836 1.2481169 1.2540454 1.2138494 1.3284904 1.1993043 0.9868365 1.2294565 1.0990753 1.0931647 1.0843731 0.8173299 1.0857001 1.1308016 1.1307627 0.8114509 0.9043562 1.0653558 1.1665801 1.1355623 1.1346986 1.2730023 1.0016510 1.0076784 0.8795171 1.1539070 1.3513233 1.2828363 1.2365789 1.0698276 1.3328985 1.3687015 1.3048583 1.5164822 1.2789097 2.3269413 2.4402840 2.5439056 1.0378039 1.7095604 1.5611939 1.8232650 1.7707829 1.2690825 1.6704446 1.7617540 1.6503446 1.7907497 1.7001227 1.8649181 1.4549338 1.0334274 1.6756195 1.4598672 1.3816821 1.2766678 1.4417752 1.4488786 1.6113392 1.6113392 1.6881188 1.6881188 1.7819057 1.7819057 1.7396643 2.6937926 2.6937926 2.6686124 2.9442358 1.6245451 1.7343570 1.9535800 1.5827050 1.1369283 1.8601297 1.5962319 1.3293835 1.3494551 1.4566446 1.7007720 1.2757574 1.9138690 1.7213633 1.7072349 1.2312587 1.7853323 2.1627880 2.1627880 1.7632873 1.7632873 2.1766145 2.4155550 2.1766145 2.4155550 2.9322123 2.9322123 2.6256953 2.6256953 1.7385123 1.4559336 1.4559336 1.7016664 1.7016664 1.8557863 1.7410037 1.7824287 2.3041694 1.2595571 1.6925473 1.5298762 1.5779757 1.5779757 1.4221174 1.4221174 1.8420837 1.7321415 1.5895744 1.5280450 1.6219061 1.6219061 1.1787481 1.4148868 1.5222854 1.5207528 1.3803562 1.1916429 1.4168497 1.6457204 1.0873197 1.7782585 1.8528016 1.8342386 1.7045664 1.6401053 1.6788613 1.8065951 1.6041025 1.7007421 1.8314961 1.8338617 1.7254590 1.7129410 1.8017735 1.6497869 1.9186710 1.9859851 1.9168775 1.8682344 1.8675970 
Dgig_XM_028548681.1                                               0.7082118 0.9951766 0.7827458 0.8556867 0.8358473 1.0002636 0.9712608 0.9629085 0.9735965 0.9544391 1.0316202 1.0686777 1.1013608 0.9201030 1.0130012 0.9693934 0.0000000 0.3179249 1.0564319 0.9413348 1.0247111 0.9506230 0.9690433 1.0393513 0.9774676 1.0257025 0.9717032 1.1061799 1.1495479 1.1613548 1.1522773 0.8972648 0.7202520 1.2666529 0.8707786 1.2529435 1.2273413 1.2631625 1.3288203 1.2974938 0.9899668 1.3204621 1.1685698 0.8504555 0.9852796 0.6651219 0.9482237 1.0112830 1.1181118 0.9387914 1.0181701 0.9436693 1.1164242 1.1008479 1.1045143 1.3359824 1.1760610 1.2243638 1.0399588 1.4868035 1.4036698 1.2900353 1.2605107 1.0031351 1.2509037 1.4688221 1.4293209 1.3803740 1.2752215 2.6440467 2.2266176 2.3195180 0.9945708 1.7182151 1.3921858 1.7345753 1.7500963 1.1082768 1.6671969 1.7145236 1.6476280 1.7199344 1.6811573 1.5773067 1.3948597 1.0090139 1.6832885 1.4308760 1.3783859 1.3639388 1.4549148 1.4180902 1.5663087 1.5663087 1.6809250 1.6809250 1.7839029 1.7839029 1.7556078 2.6878832 2.6878832 2.8132574 3.0843658 1.4997993 1.6351199 1.9799127 1.4483460 1.0542699 1.7322265 1.4436207 1.2399809 1.2513073 1.4689447 1.5316479 1.1951757 2.0538043 1.7580388 1.7516163 1.4015541 1.6680358 2.4978366 2.4978366 1.6735856 1.6735856 2.4959159 2.8566639 2.4959159 2.8566639 3.4089630 3.4089630 3.1161171 3.1161171 1.7217459 1.2069338 1.2069338 1.3808380 1.3808380 1.8246736 1.7665212 1.7683097 2.5469126 1.4072469 1.9598364 1.6882419 1.5878131 1.5878131 1.3075419 1.3075419 1.9232261 1.6183970 1.7206988 1.6368237 1.7589607 1.7589607 1.2169083 1.5153101 1.8468062 1.6501398 1.5161254 1.2501367 1.4138776 1.5074612 1.2429597 1.6572811 1.8339865 1.8454713 1.6602532 1.7642421 1.6527152 1.8678035 1.6397558 1.7765273 1.7745116 1.7041657 1.7412429 1.6901166 1.5930158 1.7573081 2.0340377 1.9086313 2.0059395 1.9541385 1.6854280 
Xesp_028912-T1                                                    0.6644157 0.8377756 0.7305752 0.8378901 0.8453873 0.8981930 0.8295779 0.8240015 0.8332074 0.8163055 0.8775375 0.8953791 0.9264318 0.9491874 0.8697317 0.8334348 0.3179249 0.0000000 0.8212135 0.8645588 0.8729713 0.7888926 0.8425179 0.9520336 0.8958140 0.9630071 0.8301258 0.9033230 1.0124891 1.0038420 1.0329826 0.8182418 0.8423923 1.1196084 0.8714860 0.9864544 1.0452397 1.0453907 1.1080275 1.1335374 0.9338569 1.1324593 0.9855186 0.7395625 0.9716185 0.6895767 0.7949533 0.8372889 1.0803270 0.8273208 0.8463385 0.8155165 1.0184549 1.0338621 1.0284232 1.1838716 1.0772618 1.0462761 1.0075691 1.6697191 1.1149680 1.0143360 0.9579163 0.8785350 1.0245734 1.2185184 1.2463048 1.2802558 1.0668061 3.2085603 2.0819273 2.2419862 1.0585850 1.5414668 1.2975979 1.5189029 1.5248449 1.0455251 1.4697116 1.4982460 1.4071644 1.4812999 1.4008537 1.5816289 1.2527141 1.1036641 1.4496762 1.4507500 1.4287809 1.4677000 1.4720749 1.4747493 1.4434844 1.4434844 1.4456289 1.4456289 1.5459839 1.5459839 1.3979396 3.4839516 3.4839516 3.4847576 4.0995368 1.3282896 1.3502499 1.7650384 1.2980220 1.1145198 1.4973250 1.2929831 1.2388566 1.2667661 1.3226306 1.3016147 1.1391336 1.7845241 1.5482149 1.5238907 1.3666454 1.5832936 2.0885912 2.0885912 1.5121738 1.5121738 2.1022857 2.7631817 2.1022857 2.7631817 4.5362856 4.5362856 3.7091995 3.7091995 1.5124716 1.3194285 1.3194285 1.5221270 1.5221270 1.5193347 1.5047205 1.6398704 2.3998028 1.4596291 1.7954131 1.5322206 1.3917589 1.3917589 1.3433669 1.3433669 1.6990048 1.6323732 1.5187462 1.4479960 1.5215842 1.5215842 1.2142766 1.4895887 1.6829227 1.4137236 1.3349380 1.0822147 1.1522976 1.2241660 1.0125319 1.5997871 1.7237558 1.6641937 1.5438037 1.6675945 1.4901321 1.7656005 1.5408329 1.6171767 1.6873573 1.7707138 1.5685347 1.6417279 1.6284798 1.6632170 1.8777878 1.6598102 1.7903922 1.6667203 1.6778511 
Sanmal_Sma_006178-T1                                              1.6291736 1.0281471 0.8941836 0.9019656 0.9892913 1.0530942 0.9803475 0.9809653 0.9937717 0.9893791 1.0978644 1.0894123 1.0848208 1.6291736 0.9933330 1.0510334 1.0564319 0.8212135 0.0000000 0.4102727 0.6122658 0.5676535 0.7187139 0.9181891 0.8805418 0.9553035 0.9729634 0.9746030 1.0439545 1.1445208 1.0600975 1.0743769 0.9101866 1.1682779 0.9484946 1.2812984 1.2058380 1.2134057 1.3382208 1.2633214 1.0110445 1.2849221 1.2422321 1.0640774 1.0967967 3.6062872 1.1177219 5.4710460 1.2168556 1.0252736 1.1777259 1.0446220 1.1278304 1.0978728 1.1039347 1.3623356 1.3814649 1.1506304 0.8565660 1.7091109 1.0653832 1.1942316 1.1031359 0.8859530 1.2015390 1.4179698 1.3508246 1.3674918 1.2069033 2.7646135 2.3045048 2.3527342 1.0486747 1.6264193 1.4626043 1.8987305 1.8987305 1.2932037 1.9205301 1.9920086 1.8913950 1.8092185 1.7028180 1.6957782 1.1550349 1.1095175 1.9275579 1.6514925 1.3372584 1.3558714 1.3203289 1.5025131 1.8436915 1.8436915 1.9379634 1.9379634 1.9379634 1.9379634 1.8847658 2.9520076 2.9520076 2.9625746 3.2525520 1.6239036 1.8301473 1.8319100 1.5169821 1.1717037 1.5546987 1.6886821 1.3721132 1.3721132 1.5825585 1.5771309 1.2039784 2.0437921 1.8297084 1.8036630 1.2152523 1.9951687 2.1461212 2.1461212 1.8463217 1.8463217 2.1828264 2.5323671 2.1828264 2.5323671 3.2884414 3.2884414 2.8330909 2.8330909 1.8615729 1.4278164 1.4278164 1.8641002 1.8641002 1.9870207 1.7191710 1.9878545 2.4604237 1.4277667 1.5452757 1.5104185 1.6175227 1.6175227 1.6295368 1.6295368 1.6539325 1.6872080 1.5401613 1.5380397 1.5712565 1.5712565 1.2833629 1.6881984 1.6417112 1.5869419 1.5376455 1.2849516 1.2683470 1.3638112 1.3485801 1.9371788 2.0068086 1.9445433 1.6998471 1.8621417 1.7715566 1.7991315 1.7771471 1.9750944 1.8254306 1.8192482 1.9148750 1.7613654 1.8635712 1.7738690 2.0831007 1.9010478 2.1707892 3.3011335 2.9128122 
Aaur_scaffold26.g4.t1                                             0.0000010 0.9507208 0.9103036 0.7889719 0.7429812 0.9272776 0.9066322 0.8689964 0.8642326 0.9007324 0.9655107 1.0208364 1.0159853 0.0000010 0.8181468 0.8692484 0.9413348 0.8645588 0.4102727 0.0000000 0.4831828 0.4452986 0.5963945 0.7091450 0.6347144 0.7474329 0.6563742 0.6334396 1.0499790 1.0583811 1.0970041 1.0751924 0.7720899 1.0326028 0.9365738 1.0929174 0.9960402 0.9836828 1.0722478 0.9731008 0.7964616 1.1727744 0.9255523 1.0536728 1.0549781 0.0000010 0.8185055 4.7254405 1.0303794 0.7843024 0.9272305 0.8532212 0.9698802 0.9334402 0.9291411 1.1772344 1.3887699 0.9564211 0.8808754 0.6702191 0.8566881 0.8982987 0.8694960 0.7912898 0.9935847 1.0911073 1.2344925 1.2832943 0.9916663 2.5479035 2.0387051 2.1064536 1.0114855 1.3506121 1.4040295 1.6601379 1.6601379 1.6037016 1.7271447 1.8677594 1.6911148 1.6444839 1.4885747 1.6309381 1.0912342 1.1192668 1.6989685 1.7291109 1.2150085 1.2585242 1.1890739 1.3056774 1.5545303 1.5545303 1.7089997 1.7089997 1.7089997 1.7089997 1.6389893 2.3067157 2.3067157 2.3067157 3.5216978 1.4059169 1.4082319 1.4061368 1.2887044 1.1985353 1.2689472 1.3871663 1.3824708 1.3824708 1.3476738 1.3527813 0.9538558 1.7730415 1.6277573 1.6211188 1.3638949 1.5766407 2.2022584 2.2022584 1.7178848 1.7178848 2.1603020 3.1200016 2.1603020 3.1200016 5.5012635 5.5012635 4.4212380 4.4212380 1.5990442 1.3115684 1.3115684 1.7185604 1.7185604 1.6624007 1.4580302 1.6803572 2.3873233 1.2565049 1.5542764 1.3981494 1.4759556 1.4759556 1.4819899 1.4819899 1.5235528 1.5360441 1.5153172 1.5348098 1.5355171 1.5355171 1.1612951 1.6150843 1.3766017 1.3032153 1.2773292 1.0638599 0.9111244 1.0464445 0.8816449 1.9592592 1.8085455 1.8423924 1.6417484 1.4736808 1.6015988 1.7713242 1.4293195 1.7799044 1.7013039 1.7427217 1.7494240 1.6001677 1.6756336 1.6080007 1.9042732 1.5874079 1.9702986 2.8807617 2.5392318 
Nemnom_g16613.t1                                                  0.6735152 1.0626344 0.8115510 0.9672807 0.7529236 1.0364515 1.0305816 0.9417182 0.9651867 0.9750812 1.0891092 1.0580911 1.0801344 0.9747811 0.9796603 1.0147924 1.0247111 0.8729713 0.6122658 0.4831828 0.0000000 0.2538896 0.7898636 0.9951231 0.9906081 0.9969594 0.9096934 1.0702609 1.2092623 1.1935161 1.1751472 0.7667643 0.7559700 1.1732379 0.8204312 1.2160625 1.1366634 1.1502885 1.2001572 1.0567702 0.9736410 1.2392181 1.0680042 1.1530657 0.8887581 0.5991410 0.9347876 1.0137558 1.0326327 0.9973426 1.1498193 0.9961153 1.0841775 1.1326138 1.1460440 1.2686473 1.0197612 1.2488921 0.9765427 1.9335719 1.1673756 1.1101593 1.1278519 0.8258382 1.1198389 1.3651155 1.3133789 1.3953199 1.1895935 2.4625491 2.3583156 2.4912236 1.1199607 1.6231909 1.4441309 1.7672686 1.7822992 1.2617579 1.8551638 1.8730544 1.8357727 1.7840626 1.7566971 1.6538899 1.3672863 1.0038218 1.6704301 1.4824076 1.4293109 1.3687890 1.5513458 1.5019282 1.6100841 1.6100841 1.7105763 1.7105763 1.7834945 1.7834945 1.7989981 2.7117603 2.7117603 2.6155955 3.0929933 1.4643281 1.5718653 1.8931890 1.4281502 1.1032089 1.6537295 1.4935432 1.2532175 1.2780086 1.4947523 1.5503597 1.1565342 1.8304607 1.5744972 1.5643382 1.2466841 1.7557522 2.3709428 2.3709428 1.7428102 1.7428102 2.3261310 2.6966386 2.3261310 2.6966386 3.4458355 3.4458355 3.0656533 3.0656533 1.7742260 1.3096243 1.3096243 1.4928246 1.4928246 1.7721314 1.6849348 1.8576063 2.2113895 1.3763621 1.6446954 1.5766795 1.5210154 1.5210154 1.4778788 1.4778788 1.6847795 1.7149326 1.5815321 1.5248485 1.5586659 1.5586659 1.2194468 1.5959354 1.6067111 1.4074123 1.4083335 1.2121297 1.2346847 1.3563276 1.1115184 1.6179620 1.8294305 1.7916459 1.6311244 1.4883751 1.6806246 1.7604306 1.5810736 1.7513495 1.7894229 1.7101903 1.7398685 1.6140818 1.7064504 1.5682660 1.8016025 1.9030200 1.8183646 2.0810946 1.7751417 
