92
Emue_Em0007g40a.t1                                     0.0000000 0.3435971 0.4230568 0.6262119 1.1333049 0.8681465 1.0825809 1.0086344 0.9404208 0.9174858 0.9174858 1.2322272 1.2448931 1.2161117 1.3737302 1.2826854 1.3202435 1.2420771 1.3019078 1.2506783 1.2511546 1.2924126 1.5188380 1.3073567 0.9479059 1.0705129 1.1456840 1.0475388 1.4924903 1.3217313 1.5164405 1.4083279 1.1922992 1.2849875 1.4032600 1.2994416 1.3279107 1.3993496 1.4190933 1.4150461 1.3775797 1.3217765 1.2658302 1.3619850 3.4920421 1.7431397 1.6686927 2.2790974 1.5263057 1.4086332 1.5537099 1.5917973 1.6617686 0.0000010 1.7314171 1.7830734 1.6934842 1.9618626 2.1909060 2.2275010 2.1140638 1.9219568 2.4739116 2.8212847 3.9141615 1.8923073 2.0186795 2.1418260 1.6757332 1.9360245 1.6387358 3.0065160 3.0065160 2.1593531 2.1593531 2.4133813 1.7280296 1.7743497 1.5273209 1.8910587 2.0395246 2.0276471 2.3205836 1.8045680 2.3281726 2.5054525 2.2689504 1.8275717 1.8250965 2.2903364 2.2671309 2.6344522 
Spolac_c103367_g1_i1_m.33897c103367-g1                 0.3435971 0.0000000 0.0309412 0.6230454 0.8667424 0.7540686 0.9409788 0.9614134 0.8860746 0.8356914 0.8356914 1.1049450 1.1354854 1.1255485 1.3198206 1.1319523 1.1222634 1.0890935 1.2097687 1.1681505 1.1597044 1.2004113 1.4504183 1.1948745 0.8313180 0.9697615 1.0530638 0.8565142 1.4645324 1.1939090 1.2903492 1.2698976 1.1425927 1.2177226 1.2157252 1.1144076 1.1911799 1.2340699 1.3085986 1.2805343 1.2681307 1.1637808 1.1513833 1.2297602 4.5006195 1.4405013 1.4576494 1.7676996 1.3513141 1.4318826 1.5316413 1.4623319 1.5249643 0.0000010 1.5758511 1.6222317 1.4590994 1.7601497 1.9524297 2.0036899 1.9518690 1.7650317 2.3191828 2.9292973 4.6182941 1.6180912 1.8535336 2.0237300 1.4891381 1.7858106 1.5996094 2.6479744 2.6479744 1.9242617 1.9242617 2.1257529 1.6180703 1.6768541 1.6188536 1.8744602 1.8887650 1.9734656 2.2553264 1.6758974 2.0587275 2.3875806 1.9244586 1.8031387 1.8007583 1.9495700 2.2012284 2.4637983 
Spolac_c103367_g1_i2_m.33899c103367-g1                 0.4230568 0.0309412 0.0000000 0.8440496 0.8667424 0.8506570 0.9768973 0.8582312 1.0013042 0.9446797 0.9446797 1.2609105 1.2939809 1.3046127 1.7818761 1.1821256 1.4694006 1.3894195 1.4478219 1.3873011 1.3898475 1.4253223 1.9444575 1.4025699 4.0886712 1.1743225 1.3381291 1.0113134 1.8379994 1.5408476 1.6578090 1.5497993 1.3512555 1.4923505 1.4186176 1.3681442 1.4028206 1.5049458 1.4676127 1.5299842 1.5299842 1.4243035 1.4206101 1.4206101 2.7998234 1.7478934 1.7825711 1.7676996 1.6435463 1.6660633 1.8787890 1.7929636 1.8201395 0.0000010 1.6706690 2.1459083 1.4405615 2.1603694 2.1297248 2.2268649 2.2754183 1.9694140 6.0097307 5.8110074 5.7316501 2.0031859 2.2557229 6.4472844 1.7428321 1.9714426 1.9301931 2.6479744 2.6479744 1.9242617 1.9242617 2.1257529 2.0947629 2.0772273 2.2367140 2.0085712 1.8887650 1.9996539 2.2553264 2.0812520 2.0587275 2.2254309 1.9244586 2.0530024 2.0493845 1.9299566 2.1585226 2.3943038 
Stycar_maker-SC_scaffold33404-augustus-gene-0.3-mRNA-1 0.6262119 0.6230454 0.8440496 0.0000000 0.0000010 0.6447615 0.8646834 0.8039329 0.6498480 0.8126405 0.8126405 0.9937348 1.0068361 0.9900061 1.0369467 1.0314434 0.7657526 0.9024881 1.1311330 1.0740037 1.0543692 1.0780044 1.0424906 1.0647189 0.8927221 0.9334810 0.9583485 0.9224631 1.2040996 1.0085356 1.0606394 0.9722722 0.9924599 1.0498348 1.1619979 1.1554718 1.1191189 1.1760332 1.3901360 1.1654261 1.1491959 0.9670629 1.0367047 1.1915373 4.2432442 1.2344414 1.2751485 1.2809414 1.1262638 1.2023220 1.4023501 1.3820328 1.4556229 0.0000010 1.4994459 1.3413858 1.4056040 1.5710474 1.5446587 1.5775423 1.6112017 1.4766151 2.3250977 2.1406925 2.7289233 1.4366747 1.3834150 2.1423980 1.3227249 1.5532655 1.2480916 0.0000010 0.0000010 0.6041186 0.6041186 0.0000010 1.3394235 1.4917554 1.5402861 1.5086502 0.6838889 1.4690700 1.9220690 1.4186660 0.8144485 2.2962822 0.5668288 1.5353451 1.5353451 1.6859018 1.4288199 2.1965034 
Stycar_maker-SC_scaffold5086-snap-gene-0.95-mRNA-1     1.1333049 0.8667424 0.8667424 0.0000010 0.0000000 0.7216766 1.1373389 1.0107209 1.2924286 1.0317117 1.0317117 1.6774786 1.8063893 1.8183228 9.0000000 1.7415984 2.0800804 2.6069512 1.9931609 1.9198589 1.9806540 2.1787668 3.1296158 2.3139647 0.0000010 1.2643590 1.1868373 0.5260973 2.6694575 1.9611162 3.2431584 2.0988266 1.8534863 2.1495098 1.7298997 1.1706917 1.6058058 1.6387228 1.5623839 1.8083843 1.8083843 2.3415140 1.7268005 1.7268005 0.0000010 3.3146158 3.9270602 2.9636350 3.3959413 2.3018624 2.2026109 2.6707356 2.4067207 0.0000010 2.3396787 3.9501552 1.8807583 3.1585187 3.2134424 3.9990614 3.9956969 3.5527428 5.8746537 6.1635550 6.1635550 3.3651102 3.9668543 9.0000000 2.7102038 3.1618213 2.2652429 3.4732346 3.4732346 3.5526809 3.5526809 3.7208467 3.8672034 4.1363747 0.0000010 3.6502142 3.6502142 3.2198419 3.2198419 4.0363547 4.0363547 3.6707500 4.7501624 3.5963396 3.5963396 2.6694109 8.9999989 4.5418390 
Tetwil_g2967.t1                                        0.8681465 0.7540686 0.8506570 0.6447615 0.7216766 0.0000000 1.1387994 0.9188595 0.9687368 0.8408649 0.8408649 1.1262688 1.2524773 1.2321384 1.2666281 1.1761130 1.2587318 1.2957440 1.2912667 1.2993864 1.2256772 1.3549091 1.5053565 1.3647277 1.2085646 1.1481535 1.2777224 0.9816114 1.3786324 1.3725384 1.5734418 1.3328128 1.1977899 1.2748855 1.4176562 1.2743553 1.2670902 1.4145488 1.3620222 1.4914614 1.4521581 1.3491132 1.2872953 1.3678526 3.6384110 1.7790951 1.6781219 1.8551092 1.4819937 1.4362581 1.5501277 1.6002533 1.6247544 9.0000000 1.7488279 1.5290590 1.5171326 1.8074533 1.8902269 2.1358697 2.0648330 1.9357607 2.5294234 2.7062189 3.9131975 1.8880461 2.0571650 2.2622467 1.7605430 1.9420620 1.6887661 3.4943755 3.4943755 2.3100862 2.3100862 2.7882634 1.7354456 1.8478835 1.4129059 2.0949124 2.3231153 2.1063759 2.4270413 1.9759556 2.4456113 2.2547556 2.2885872 2.0059601 2.0076491 2.0077851 2.4137183 2.3841944 
Aque_Aqu2.1.21055_001                                  1.0825809 0.9409788 0.9768973 0.8646834 1.1373389 1.1387994 0.0000000 0.6039729 0.5499372 0.9323303 0.9323303 1.2546388 1.3291526 1.2043360 1.3877824 1.1572685 1.2906346 1.3356986 1.3404148 1.3230834 1.3047212 1.3618239 1.5959032 1.3721843 1.2677495 1.1440143 1.2717736 1.0679876 1.5125995 1.3393970 1.3770170 1.3024639 1.2301087 1.3011311 1.4230956 1.4510188 1.4064809 1.3676010 1.4840751 1.3711996 1.3791361 1.4287034 1.3287391 1.3990897 6.0233614 1.4644552 1.5519928 1.8246503 1.4097483 1.4081276 1.5089371 1.5077873 1.6030520 2.5995714 1.5842895 1.6396526 1.4462896 1.7607907 1.6634080 1.9482921 1.8946243 1.7117559 2.5912014 2.8256992 4.0265699 1.9385033 1.6853150 2.0394661 1.6712589 2.0025208 1.5121518 3.1857599 3.1857599 2.2326026 2.2326026 2.8047217 1.8389147 1.9591827 1.6893758 1.9720108 2.2841683 2.3129879 2.4346717 1.7075176 1.9946019 3.0292488 2.2089404 1.9583519 1.9512182 1.8840614 1.8834151 2.4474006 
Xestes_maker-XT_scaffold1049-augustus-gene-0.42-mRNA-1 1.0086344 0.9614134 0.8582312 0.8039329 1.0107209 0.9188595 0.6039729 0.0000000 0.4566838 0.8129086 0.8129086 1.0580959 1.0128956 1.0181832 1.2678359 0.9944222 1.3272575 1.2857602 1.3820790 1.3450784 1.3233275 1.3652421 1.9435384 1.3634886 7.0115145 0.9937462 1.1873012 0.9320837 1.5919415 1.4732322 1.5845558 1.4036397 1.2174478 1.2892449 1.4090086 1.4424651 1.3420217 1.4127929 1.4104243 1.4211549 1.4211549 1.5869876 1.3081526 1.3081526 0.0000010 1.8663797 1.6847840 1.8548760 1.5047675 1.3670887 1.6431211 1.6669827 1.7064633 0.0000010 1.7116578 1.9025120 1.3918953 1.9881797 1.8645962 2.2307456 2.1416423 1.7664230 8.9720945 3.7559820 3.7559820 2.0640167 1.9613481 2.3179821 1.8896897 1.9915161 1.6623610 3.2360405 3.2360405 2.0875714 2.0875714 2.6430832 2.1767927 2.1786911 2.3648255 2.1332054 1.9790806 2.2656086 2.2998874 2.2872585 2.1937425 2.4666265 2.2225432 2.1831938 2.1856112 1.8288764 2.1638537 2.2120604 
Halamb_c54236_g2_i6mm.5768                             0.9404208 0.8860746 1.0013042 0.6498480 1.2924286 0.9687368 0.5499372 0.4566838 0.0000000 0.7861267 0.7861267 1.0742709 1.0475163 1.0493631 1.2807066 1.1047401 1.0308926 1.0882915 1.1566870 1.1403069 1.1611559 1.1950038 1.4541094 1.2115266 0.8963882 1.0286394 1.1214845 0.9285946 1.3935565 1.1634729 1.2518052 1.2007468 1.1191071 1.2091815 1.2658390 1.2524448 1.2697960 1.2677756 1.3625624 1.2417569 1.2250808 1.3060042 1.1277636 1.2324140 6.7275682 1.4279443 1.5242502 1.9498366 1.3156175 1.3403377 1.4511796 1.4089487 1.5360087 0.0000010 1.5195907 1.4881292 1.4390419 1.6666526 1.7977630 1.9296237 1.8889484 1.6605266 2.4942112 2.4429318 3.4843602 1.8791574 1.6876838 1.8427719 1.5485779 1.7177336 1.4274472 2.7951450 2.7951450 1.9250117 1.9250117 2.4628631 1.6241995 1.6858793 1.5752804 1.8773539 1.9287904 2.0617110 2.2201497 1.6792734 1.9941201 2.3653420 2.0841639 1.7935605 1.7962123 1.7674591 1.9229907 2.4219743 
Plespi_Pspi_scaffold6610_01                            0.9174858 0.8356914 0.9446797 0.8126405 1.0317117 0.8408649 0.9323303 0.8129086 0.7861267 0.0000000 0.0000010 1.0035491 1.0357767 1.0653865 1.1024724 1.0078900 1.1734911 1.1162382 1.0575642 1.0429367 1.0429547 1.1648112 1.3902839 1.1435848 0.9444709 0.9472306 1.0316763 0.8154029 1.2865236 1.1774864 1.3762265 1.1529743 1.0455638 1.0689348 1.2383331 1.1834058 1.2036871 1.1933574 1.2618486 1.2696301 1.2449996 1.2312073 1.0635315 1.1590493 4.2596794 1.4284167 1.6912416 1.9083842 1.4386536 1.3136719 1.3159370 1.4978057 1.5990089 9.0000000 1.6375338 1.4512105 1.3425934 1.4894598 1.5813170 1.8236780 1.7608643 1.6519523 2.2512843 2.5058372 3.8461960 1.7042461 1.7796409 2.4427285 1.4826616 1.8455256 1.4086648 2.9249167 2.9249167 2.0328565 2.0328565 2.5085942 1.7182495 1.9231076 1.6864914 1.9126631 2.0078501 2.1133705 2.2595023 1.7453452 1.9408783 2.2841293 2.1347984 1.8015903 1.8031457 1.9286286 1.5621325 2.7148876 
Plespi_Pspi_scaffold6611_01                            0.9174858 0.8356914 0.9446797 0.8126405 1.0317117 0.8408649 0.9323303 0.8129086 0.7861267 0.0000010 0.0000000 1.0035491 1.0357767 1.0653865 1.1024724 1.0078900 1.1734911 1.1162382 1.0575642 1.0429367 1.0429547 1.1648112 1.3902839 1.1435848 0.9444709 0.9472306 1.0316763 0.8154029 1.2865236 1.1774864 1.3762265 1.1529743 1.0455638 1.0689348 1.2383331 1.1834058 1.2036871 1.1933574 1.2618486 1.2696301 1.2449996 1.2312073 1.0635315 1.1590493 4.2596794 1.4284167 1.6912416 1.9083842 1.4386536 1.3136719 1.3159370 1.4978057 1.5990089 9.0000000 1.6375338 1.4512105 1.3425934 1.4894598 1.5813170 1.8236780 1.7608643 1.6519523 2.2512843 2.5058372 3.8461960 1.7042461 1.7796409 2.4427285 1.4826616 1.8455256 1.4086648 2.9249167 2.9249167 2.0328565 2.0328565 2.5085942 1.7182495 1.9231076 1.6864914 1.9126631 2.0078501 2.1133705 2.2595023 1.7453452 1.9408783 2.2841293 2.1347984 1.8015903 1.8031457 1.9286286 1.5621325 2.7148876 
Lcom_lcpid85143                                        1.2322272 1.1049450 1.2609105 0.9937348 1.6774786 1.1262688 1.2546388 1.0580959 1.0742709 1.0035491 1.0035491 0.0000000 0.2949771 0.2610562 0.3243079 0.5616800 1.1848244 1.1312068 1.1655661 1.1937867 1.1014340 1.1039387 1.3451488 1.1002231 1.1822326 0.8881094 0.9899459 0.7920709 1.3789584 1.3025333 1.3468511 1.3520378 1.2065974 1.1480806 1.2687300 1.1670799 1.2306712 1.1815898 1.2052091 1.3016091 1.2754113 1.4046265 1.3296486 1.4205374 3.6598615 1.4547718 1.6089606 2.0257336 1.3802660 1.4056586 1.3654830 1.3886329 1.4421352 0.0000010 1.5088935 1.5093722 1.4019231 1.6670938 1.6778218 1.8146577 1.6721919 1.7186640 2.2958695 2.5285982 3.8501855 1.7174207 1.6281404 2.3411026 1.4288520 1.9164064 1.4668038 2.9912596 2.9912596 1.9605705 1.9605705 2.4778043 1.7197312 1.8186593 1.4543895 1.8737835 1.9568154 2.2041478 2.3812591 1.7129803 2.0305679 2.2814837 2.0477350 1.7791032 1.7791032 1.6820222 2.1494141 2.2501634 
Gracom_Gcom_scaffold6944_01                            1.2448931 1.1354854 1.2939809 1.0068361 1.8063893 1.2524773 1.3291526 1.0128956 1.0475163 1.0357767 1.0357767 0.2949771 0.0000000 0.1977025 0.3426963 0.5315123 1.1309948 1.0932229 1.1780222 1.1907069 1.0891702 1.1068419 1.3081773 1.0766470 1.0337778 0.8641154 1.0055283 0.7824871 1.4124092 1.3556485 1.2694094 1.3249126 1.2178603 1.1812014 1.2850592 1.2324196 1.2536374 1.2218868 1.2693523 1.2845125 1.2587786 1.3180769 1.3319818 1.4193159 3.8621991 1.3687820 1.5270629 2.1117424 1.4737512 1.3084268 1.3782565 1.3721458 1.3733131 0.0000010 1.4732711 1.5017147 1.4066524 1.5741657 1.7546916 1.7457124 1.6062556 1.6113690 2.3520518 2.4539386 3.7117853 1.5578449 1.5601874 1.8515601 1.3311616 1.8761759 1.5262940 2.6093593 2.6093593 1.7854431 1.7854431 2.1364321 1.6727799 1.6897832 1.5665574 1.9356075 1.8192199 2.1050366 2.1576732 1.7079389 1.7895271 2.2666093 2.0106812 1.8368398 1.8368398 1.6550717 2.3444994 2.3215041 
Scil_scict014027.2                                     1.2161117 1.1255485 1.3046127 0.9900061 1.8183228 1.2321384 1.2043360 1.0181832 1.0493631 1.0653865 1.0653865 0.2610562 0.1977025 0.0000000 0.2561117 0.5407519 1.1438917 1.0898841 1.1194440 1.1552931 1.0041774 1.0406027 1.2813169 1.0387371 1.0753994 0.8094316 0.9439613 0.7395803 1.3565947 1.3422363 1.2834872 1.2809760 1.1764092 1.1312315 1.1748448 1.0863299 1.1848831 1.1281018 1.2217882 1.1762707 1.1535697 1.3619638 1.2972097 1.3919846 3.4361461 1.3897000 1.4538344 2.0758233 1.2892479 1.3806174 1.3583623 1.3636310 1.3626101 0.0000010 1.5011698 1.5764471 1.3096954 1.6447918 1.7264517 1.7575267 1.6491145 1.6527256 2.2773645 2.5130167 3.5375557 1.6491676 1.5119090 1.7556692 1.3842296 1.8556095 1.4970501 2.4302418 2.4302418 1.6598968 1.6598968 2.1537277 1.6694170 1.6358267 1.5022705 1.7865325 1.7897159 1.9996497 2.1534832 1.6382786 1.7230034 2.2284604 1.8776878 1.7548394 1.7548394 1.6463090 2.1923904 2.3499446 
Leuniv_Lniv_scaffold25549_01                           1.3737302 1.3198206 1.7818761 1.0369467 9.0000000 1.2666281 1.3877824 1.2678359 1.2807066 1.1024724 1.1024724 0.3243079 0.3426963 0.2561117 0.0000000 0.5731409 1.1424965 0.8478479 1.1832500 1.2172180 1.0713338 1.0965659 1.0410874 1.0989004 1.2832692 0.9551176 1.0225137 0.8198605 1.1572583 1.1522539 1.1187283 1.1521702 1.3165286 1.2390787 1.3369127 1.2507639 1.2948960 1.2686558 1.3520792 1.3070364 1.2617379 1.3061173 1.2558842 1.4225567 3.5371188 1.1596804 1.4880037 1.7257290 1.3426081 1.4096246 1.3901008 1.3977186 1.4105536 0.0000010 1.8145756 1.4266856 1.5743293 1.6168564 1.4806892 1.7630631 1.5584416 1.4209513 1.8047205 1.7615140 2.2874495 1.3511869 1.4418554 2.1404779 1.4325765 1.7638325 1.4345532 3.9138390 3.9138390 1.1993880 1.1993880 4.1606933 1.5688436 1.5725128 1.5385316 1.7311076 1.4905528 1.8320639 1.9762503 1.5470513 1.5710556 2.4128439 1.5074557 1.7063492 1.7063492 1.8665562 4.4819412 2.3750868 
Clacor_Ccor_scaffold2118_01                            1.2826854 1.1319523 1.1821256 1.0314434 1.7415984 1.1761130 1.1572685 0.9944222 1.1047401 1.0078900 1.0078900 0.5616800 0.5315123 0.5407519 0.5731409 0.0000000 1.2238171 1.0976257 1.2787888 1.3033025 1.1883708 1.2446348 1.4753002 1.1876545 1.5395848 0.8712795 1.0023935 0.8718442 1.5008210 1.3141089 1.4625450 1.3080885 1.1584303 1.2349718 1.2425931 1.2234455 1.2225249 1.1903677 1.1663041 1.1853012 1.1611324 1.3643694 1.3610685 1.3672850 3.0977206 1.5894273 1.8189235 2.0633253 1.4891548 1.5008621 1.4996137 1.6212348 1.6135806 9.0000000 1.5168633 1.5369331 1.3823012 1.7128373 1.7064003 1.8699152 1.6999857 1.7727217 3.4152920 3.2087358 4.0558572 1.9371863 1.5583576 4.3109904 1.4487800 1.9774010 1.5298865 2.5515433 2.5515433 1.7170133 1.7170133 2.1557459 1.7499346 1.7633778 1.5723473 1.8571722 1.6727317 2.0458704 2.0886696 1.7500284 1.7442640 2.3635732 1.9670796 1.5942176 1.5954421 1.6067591 1.9951760 2.1705686 
Bralan_BLAG12000092_1                                  1.3202435 1.1222634 1.4694006 0.7657526 2.0800804 1.2587318 1.2906346 1.3272575 1.0308926 1.1734911 1.1734911 1.1848244 1.1309948 1.1438917 1.1424965 1.2238171 0.0000000 0.6351089 1.2272242 1.2754055 1.2429587 1.2479435 1.4440742 1.2577396 0.7944640 1.0763745 1.1106924 0.9969601 1.3419993 0.8131290 0.8446706 0.8437872 1.0280349 0.9820350 1.1141028 1.0593705 1.1420269 1.1193233 1.2254182 1.1196341 1.1103635 0.9706620 0.8082146 0.8772508 3.2026810 1.0834239 1.2033194 1.6137751 1.0807368 1.2832410 1.3672542 1.3412746 1.4160440 1.1417184 1.4414616 1.4183333 1.4429810 1.5155167 1.6756555 1.7367023 1.6823886 1.4722849 2.3928125 2.3935383 3.1657766 1.5399927 1.7959307 2.2145871 1.4567586 1.6828899 1.6188245 2.5383234 2.5383234 1.9619424 1.9619424 2.1411244 1.5076220 1.6276263 1.4625769 1.8365227 2.0738668 1.9897798 2.2256912 1.7187622 2.0286635 2.4448481 2.0286677 1.6887639 1.6972553 1.7330845 2.0841188 2.2775329 
Spur_XM_030972582.1                                    1.2420771 1.0890935 1.3894195 0.9024881 2.6069512 1.2957440 1.3356986 1.2857602 1.0882915 1.1162382 1.1162382 1.1312068 1.0932229 1.0898841 0.8478479 1.0976257 0.6351089 0.0000000 1.2466362 1.2397402 1.1199784 1.2072081 1.3326690 1.1808327 1.0407693 1.0166702 1.1435360 0.9495054 1.4211404 0.9098207 0.9771932 0.8009374 0.9957150 1.0219730 1.2780465 1.1586969 1.2722991 1.2601891 1.3382856 1.3363485 1.3097164 0.9609433 0.8825294 0.9480806 3.1161115 1.0648940 1.4805817 2.0197737 1.1436311 1.4452131 1.4295981 1.4121459 1.4645367 8.6792432 1.4340115 1.4985087 1.5001803 1.6724022 1.7997715 1.7787189 1.7429319 1.6414262 2.5244307 2.7157763 3.8526070 1.7807361 1.8495561 2.2079423 1.5016432 1.9737623 1.6804725 2.2335984 2.2335984 1.7489167 1.7489167 2.2489872 1.6605468 1.7625784 1.4448209 1.9005008 1.9175250 2.1140504 2.2556720 1.8319077 2.0397210 2.6565447 1.8777230 1.9066175 1.9039995 1.9483483 2.8576679 2.4324714 
Spis_XP_022788535_1                                    1.3019078 1.2097687 1.4478219 1.1311330 1.9931609 1.2912667 1.3404148 1.3820790 1.1566870 1.0575642 1.0575642 1.1655661 1.1780222 1.1194440 1.1832500 1.2787888 1.2272242 1.2466362 0.0000000 0.0459087 0.1858690 0.2192568 0.3911722 0.2727061 0.6819134 1.0940107 1.2226667 0.9711145 0.6191259 1.4154124 1.3736053 1.1805122 0.8537041 0.8091295 1.1998117 1.1151907 1.2342435 1.1946494 1.2863058 1.2352071 1.2119268 1.4909249 1.2877913 1.3942814 5.2370061 1.5877775 1.4200218 1.8712370 1.2999810 1.1064596 1.0962075 1.2153347 1.3149647 9.0000000 1.3634976 1.2056199 0.6472493 1.6824931 1.8975746 2.1487558 2.0898752 1.9434868 2.2996832 3.1015682 5.3011298 1.9376063 1.9353203 2.2606921 1.4512912 1.9643897 1.5361488 2.9050114 2.9050114 2.1087039 2.1087039 2.7129815 1.7465817 1.6610054 1.5733575 1.8536434 1.8993688 1.8321755 2.0625706 1.7888428 1.9649322 2.1833684 1.9705780 1.6432521 1.6411760 1.9369837 2.4404389 2.0442168 
Pocdam_XM_027184457.1                                  1.2506783 1.1681505 1.3873011 1.0740037 1.9198589 1.2993864 1.3230834 1.3450784 1.1403069 1.0429367 1.0429367 1.1937867 1.1907069 1.1552931 1.2172180 1.3033025 1.2754055 1.2397402 0.0459087 0.0000000 0.1925914 0.2265018 0.3963919 0.2828781 0.6061037 1.1323619 1.2453566 1.0260957 0.6362484 1.3818224 1.4044644 1.2274692 0.8614358 0.8744056 1.2466534 1.1690709 1.2523777 1.2261513 1.2908409 1.2762941 1.2351368 1.4844302 1.3251148 1.4536272 5.9264790 1.5936054 1.4368222 1.8119682 1.2938852 1.1220876 1.0883084 1.1850855 1.2994402 9.0000000 1.3702043 1.2117079 0.6649401 1.6748582 1.9731613 2.1863895 2.1297609 1.9603961 2.3674881 3.0926465 5.2599494 1.9918864 1.9555700 2.3684466 1.4967557 1.9794546 1.5815530 2.9546168 2.9546168 2.1377007 2.1377007 2.7413908 1.7220482 1.6465534 1.5811642 1.8584759 1.9430874 1.8916408 2.1137803 1.7597378 1.9545118 2.2233445 2.0432987 1.7105134 1.7083288 2.0127122 2.3095103 2.0831581 
Fspp_ffun1.m4.1426.m1                                  1.2511546 1.1597044 1.3898475 1.0543692 1.9806540 1.2256772 1.3047212 1.3233275 1.1611559 1.0429547 1.0429547 1.1014340 1.0891702 1.0041774 1.0713338 1.1883708 1.2429587 1.1199784 0.1858690 0.1925914 0.0000000 0.1746766 0.3831944 0.2754438 0.7466933 1.0449358 1.1625646 0.9372861 0.6066611 1.3393060 1.3372603 1.1955521 0.7701506 0.8437035 1.1921167 1.0848590 1.2365994 1.1695138 1.2795616 1.1919859 1.1478319 1.4886841 1.2481223 1.3283781 3.9009113 1.6018267 1.4770694 1.9260376 1.2774011 1.1285579 1.0933449 1.2203375 1.3011348 9.0000000 1.3568666 1.2443762 0.6967146 1.6456674 1.9594252 2.2341787 2.0618222 1.9002300 2.2704100 3.0004869 4.7661385 2.0165705 1.8668745 2.5051253 1.5079908 1.9763314 1.6216002 2.8945168 2.8945168 2.0571460 2.0571460 2.7177447 1.6848721 1.6426619 1.4709480 1.8299274 1.9100534 1.8518390 2.1108626 1.7438195 1.9589243 2.1743974 2.0437622 1.6692803 1.6671626 1.9260866 2.1645801 1.9615138 
Gfas_gfas1.m1.5015.m1                                  1.2924126 1.2004113 1.4253223 1.0780044 2.1787668 1.3549091 1.3618239 1.3652421 1.1950038 1.1648112 1.1648112 1.1039387 1.1068419 1.0406027 1.0965659 1.2446348 1.2479435 1.2072081 0.2192568 0.2265018 0.1746766 0.0000000 0.2939039 0.1946205 0.7982262 1.0692616 1.2278759 1.0254021 0.6745011 1.4240005 1.4064229 1.2151872 0.8386889 0.8960516 1.1700564 1.1124896 1.2339835 1.2264285 1.3507223 1.2669991 1.2424709 1.4662447 1.2652906 1.3462597 4.0732179 1.5846004 1.5162368 1.8824067 1.2039893 1.1935106 1.1894328 1.2563403 1.3554362 9.0000000 1.3822109 1.3079112 0.6734119 1.6483160 1.9184446 2.1836972 2.0077233 1.9661291 2.5086969 3.1901537 4.9428926 1.9343502 1.9130355 2.3515201 1.5110206 1.8768255 1.5730988 3.0757393 3.0757393 2.1181527 2.1181527 2.9003656 1.8015700 1.7165590 1.5422546 1.8828742 1.9747828 1.9229450 2.1796420 1.7258723 2.0036637 2.4300883 2.0848355 1.6333352 1.6312710 1.8801979 2.5407649 2.0721655 
Amil_Amillepora12025-RA                                1.5188380 1.4504183 1.9444575 1.0424906 3.1296158 1.5053565 1.5959032 1.9435384 1.4541094 1.3902839 1.3902839 1.3451488 1.3081773 1.2813169 1.0410874 1.4753002 1.4440742 1.3326690 0.3911722 0.3963919 0.3831944 0.2939039 0.0000000 0.0919374 0.7088759 1.3005038 1.4733594 1.1553903 0.7249702 1.4588769 1.4384059 1.4242277 1.0289498 1.0226327 1.3576037 1.0944681 1.3980759 1.3286159 1.4803977 1.3779798 1.3523425 1.5844095 1.4349548 1.5800732 5.1817077 1.6860167 1.4035528 2.1259450 1.4419336 1.2528162 1.2998959 1.4616206 1.4933071 0.0000010 1.5678801 1.2987727 0.9925023 1.8687753 2.1565134 2.4918836 2.4661297 2.1728367 2.1677443 3.0571893 4.7587824 2.1641420 1.9074285 2.5085579 1.8082687 2.0419980 1.7797689 3.4052058 3.4052058 2.0072959 2.0072959 2.9282044 1.6102113 1.5798325 1.4500774 1.7479959 1.9121177 1.9156539 2.2012982 1.7606866 2.0768962 2.2793763 2.1849454 1.7849409 1.7849409 2.2796127 4.3390701 1.7336525 
Adig_XM_015903599.1                                    1.3073567 1.1948745 1.4025699 1.0647189 2.3139647 1.3647277 1.3721843 1.3634886 1.2115266 1.1435848 1.1435848 1.1002231 1.0766470 1.0387371 1.0989004 1.1876545 1.2577396 1.1808327 0.2727061 0.2828781 0.2754438 0.1946205 0.0919374 0.0000000 0.7381407 1.0906201 1.2093630 1.0259034 0.6443740 1.3155475 1.3395592 1.2327944 0.7974641 0.8748728 1.2022708 1.1100375 1.1931264 1.2020258 1.2994218 1.2480592 1.2286369 1.4418143 1.2540340 1.3625232 5.1817077 1.5325530 1.4111658 1.8371663 1.2423929 1.1148959 1.1460258 1.2340151 1.2823655 9.0000000 1.2997640 1.1831605 0.6972016 1.7149779 2.0073294 2.1288900 2.0189158 1.9031377 2.5558329 3.1188508 4.7587824 1.9848937 1.9588942 2.4617708 1.5336981 1.8842527 1.6557764 2.8263877 2.8263877 2.0153225 2.0153225 2.6992242 1.6615712 1.5703175 1.4847440 1.7194317 1.8110232 1.9016037 2.1118020 1.7406379 1.8909890 2.2604427 1.9250560 1.6515786 1.6494719 1.8244183 2.1998402 2.0896584 
Exapal_XM_021049767.2                                  0.9479059 0.8313180 4.0886712 0.8927221 0.0000010 1.2085646 1.2677495 7.0115145 0.8963882 0.9444709 0.9444709 1.1822326 1.0337778 1.0753994 1.2832692 1.5395848 0.7944640 1.0407693 0.6819134 0.6061037 0.7466933 0.7982262 0.7088759 0.7381407 0.0000000 0.7797414 0.7797414 0.8930489 0.9075342 0.9402449 0.8418628 0.9214614 1.0431042 0.8942762 1.0634144 1.0288774 1.0864651 0.9294880 1.1604228 0.9947386 0.9561939 1.3391334 1.1676095 1.4521747 7.0114884 1.0776779 0.9734371 0.0000010 1.2922528 1.4396586 1.2820145 1.0902838 1.3583605 0.0000010 1.1601514 0.9927356 1.8714014 1.2769015 1.4910409 1.8326625 1.7151013 1.5447634 1.5235765 1.5447634 3.0244409 1.7037162 1.8286778 2.0434639 1.2573896 1.8933254 1.6596114 0.0000010 0.0000010 0.0000010 0.0000010 0.0000010 1.1509600 1.3826411 1.6360785 1.5911897 0.0000010 2.1915490 0.0000010 1.3725673 0.0000010 4.1580351 0.0000010 1.5743326 1.5743326 1.9369163 2.3553616 3.3477481 
Opea_EP00118_Oscarella_pearsei_P010240                 1.0705129 0.9697615 1.1743225 0.9334810 1.2643590 1.1481535 1.1440143 0.9937462 1.0286394 0.9472306 0.9472306 0.8881094 0.8641154 0.8094316 0.9551176 0.8712795 1.0763745 1.0166702 1.0940107 1.1323619 1.0449358 1.0692616 1.3005038 1.0906201 0.7797414 0.0000000 0.0601274 0.5346548 1.3477375 1.1799638 1.2040229 1.3246048 1.0761886 1.0121855 1.0037596 0.9239470 1.0394825 1.0191521 1.0542163 1.0745136 1.0374429 1.2829810 1.1757515 1.2979287 2.6986873 1.6102618 1.5145560 1.8143898 1.2032893 1.3334126 1.4126339 1.4061959 1.4683457 2.5995714 1.4704706 1.4126743 1.1252572 1.6942733 1.8162128 1.8780123 1.7990948 1.8059890 2.4001232 2.9731082 4.6131084 1.9135324 1.8252403 2.4258448 1.3868012 1.7321894 1.5281996 2.6420809 2.6420809 1.8214678 1.8214678 2.2758816 1.6353996 1.6629252 1.5293541 2.0173656 1.9690191 1.8380788 1.9965519 1.7069508 1.8212888 2.0665976 1.8275428 1.6891159 1.6904324 2.0061009 1.8238742 2.2711271 
Ocar_g321                                              1.1456840 1.0530638 1.3381291 0.9583485 1.1868373 1.2777224 1.2717736 1.1873012 1.1214845 1.0316763 1.0316763 0.9899459 1.0055283 0.9439613 1.0225137 1.0023935 1.1106924 1.1435360 1.2226667 1.2453566 1.1625646 1.2278759 1.4733594 1.2093630 0.7797414 0.0601274 0.0000000 0.5911821 1.4394400 1.3195537 1.2985808 1.3858632 1.1988305 1.0975929 1.1552365 1.0735468 1.2517498 1.1799558 1.2750483 1.2196757 1.1948764 1.3931251 1.2431218 1.3650193 2.4819797 1.7485064 1.6757730 2.0514597 1.3673549 1.4541397 1.5795587 1.5378327 1.6269495 9.0000000 1.6984134 1.5471305 1.2366520 1.7234447 1.8883363 1.8490935 1.7552482 1.8719507 2.4128608 2.5088460 3.8411640 1.8979255 1.9439004 2.2761621 1.4488842 1.7465441 1.6057366 2.6508433 2.6508433 2.1426904 2.1426904 2.5679397 1.7996583 1.8996099 1.5438689 2.1827382 2.3898532 2.1412309 2.4038010 1.8306355 2.2824649 2.7191742 2.2532313 1.9155107 1.9174238 2.1712892 2.1492795 2.6442052 
Plajan_Pjan_scaffold3707_01                            1.0475388 0.8565142 1.0113134 0.9224631 0.5260973 0.9816114 1.0679876 0.9320837 0.9285946 0.8154029 0.8154029 0.7920709 0.7824871 0.7395803 0.8198605 0.8718442 0.9969601 0.9495054 0.9711145 1.0260957 0.9372861 1.0254021 1.1553903 1.0259034 0.8930489 0.5346548 0.5911821 0.0000000 1.1066940 1.0776967 1.0694428 1.1180819 1.0232453 1.0593258 0.9440389 0.8624624 0.9118101 0.8910555 0.9369609 0.9961948 0.9432992 1.2940096 1.0722335 1.2225319 3.3440758 1.4612252 1.4885435 1.6366217 1.2051814 1.1652233 1.2528850 1.3597606 1.3922540 0.0000010 1.4105083 1.3399829 1.1490734 1.7425008 1.8592994 2.1920601 2.1926279 1.7662376 2.1403779 2.9328125 4.1489480 1.8446756 1.6056034 2.1577355 1.4787160 1.9177419 1.5670166 2.8389083 2.8389083 1.6521625 1.6521625 2.6495174 1.5503572 1.5541570 1.2806162 1.8316239 1.7963928 1.8094265 2.0433235 1.5845192 1.7235344 2.1668782 1.8442815 1.7466107 1.7466107 2.1086646 2.5134334 1.8625915 
Nvec_v1g158880                                         1.4924903 1.4645324 1.8379994 1.2040996 2.6694575 1.3786324 1.5125995 1.5919415 1.3935565 1.2865236 1.2865236 1.3789584 1.4124092 1.3565947 1.1572583 1.5008210 1.3419993 1.4211404 0.6191259 0.6362484 0.6066611 0.6745011 0.7249702 0.6443740 0.9075342 1.3477375 1.4394400 1.1066940 0.0000000 1.5509817 1.5827326 1.3812773 0.9953184 1.0641499 1.3329708 1.2175800 1.3521492 1.2767371 1.3714745 1.3239383 1.3160867 1.6450912 1.3352367 1.4444776 6.2803303 1.6812007 1.6641190 2.0597589 1.2933703 1.0921915 1.2107338 1.3086869 1.3413284 0.0000010 1.4525376 1.4284772 0.6396080 1.8160601 1.9416847 2.3175593 2.1768169 2.1635598 2.4900569 2.9462957 4.3517693 1.8721596 2.1052870 2.3598583 1.7801447 2.1508596 1.7250324 3.6305104 3.6305104 2.4724989 2.4724989 3.0115263 1.8226055 1.7618974 1.4883665 1.9256838 2.3850514 1.9314199 2.3043606 1.7214185 2.0699965 2.2361710 2.6334405 1.9854649 1.9854649 2.2424210 2.8615306 2.0099050 
Acagra_model.g5706.t1                                  1.3217313 1.1939090 1.5408476 1.0085356 1.9611162 1.3725384 1.3393970 1.4732322 1.1634729 1.1774864 1.1774864 1.3025333 1.3556485 1.3422363 1.1522539 1.3141089 0.8131290 0.9098207 1.4154124 1.3818224 1.3393060 1.4240005 1.4588769 1.3155475 0.9402449 1.1799638 1.3195537 1.0776967 1.5509817 0.0000000 0.7986041 0.9862130 1.3247440 1.3257890 1.2587294 1.1263018 1.3078150 1.2154704 1.3331779 1.3135896 1.2875597 1.1044613 1.0259688 1.0860836 3.5698727 1.1435905 1.3307489 1.8423739 1.2184470 1.4318216 1.5219227 1.5829139 1.6569956 2.1308222 1.7364453 1.5140629 1.6964716 1.6430720 1.8756215 1.7743828 1.7678188 1.5855380 2.2724607 2.4661736 3.7270993 1.7274999 1.9760938 2.0919345 1.6180869 2.1451986 1.6855424 2.8143547 2.8143547 2.1469842 2.1469842 2.5679686 1.8095941 1.8677904 1.6666266 1.9610341 2.0785098 2.2683031 2.4139350 1.8525618 2.2218053 2.3434331 2.2912754 1.7821026 1.7650827 1.9633764 2.2698812 2.8391760 
Cgig_XM_011446560.3                                    1.5164405 1.2903492 1.6578090 1.0606394 3.2431584 1.5734418 1.3770170 1.5845558 1.2518052 1.3762265 1.3762265 1.3468511 1.2694094 1.2834872 1.1187283 1.4625450 0.8446706 0.9771932 1.3736053 1.4044644 1.3372603 1.4064229 1.4384059 1.3395592 0.8418628 1.2040229 1.2985808 1.0694428 1.5827326 0.7986041 0.0000000 0.9340298 1.2883703 1.3080897 1.2546822 1.1635610 1.3100836 1.2200208 1.3445257 1.3167326 1.2907533 1.1093596 0.9961689 1.0674850 2.9253748 1.1629697 1.2645794 1.7481209 1.2652851 1.5900650 1.6819606 1.6268338 1.6645929 0.7437857 1.6964092 1.6267052 1.7696620 1.6017156 1.9271547 1.8506851 1.7943367 1.7785870 2.3717017 2.6449697 3.7598398 1.8910443 2.0079303 2.5004859 1.5981208 2.0166258 1.8473054 3.0391277 3.0391277 2.2160140 2.2160140 2.9702292 1.8851131 1.9749037 1.4821488 2.0513624 2.3148198 2.1641282 2.4534669 1.9489387 2.5147544 2.2971219 2.2527944 1.8103556 1.7934164 2.0112076 2.7864152 2.6390471 
Skow_XM_006815797.1                                    1.4083279 1.2698976 1.5497993 0.9722722 2.0988266 1.3328128 1.3024639 1.4036397 1.2007468 1.1529743 1.1529743 1.3520378 1.3249126 1.2809760 1.1521702 1.3080885 0.8437872 0.8009374 1.1805122 1.2274692 1.1955521 1.2151872 1.4242277 1.2327944 0.9214614 1.3246048 1.3858632 1.1180819 1.3812773 0.9862130 0.9340298 0.0000000 1.1135248 1.1082698 1.2512547 1.1987907 1.2770948 1.2248081 1.2962288 1.2802700 1.2802700 1.2444473 0.9352624 1.0104892 4.4529166 1.2820587 1.2781403 1.5880716 1.1626203 1.4158683 1.5049484 1.5930869 1.6576730 4.1803255 1.5829338 1.5434298 1.5838197 1.4399096 1.8922174 1.6955227 1.7177638 1.6683703 2.7570754 2.7390020 3.5503109 1.5684998 1.9776034 2.1449096 1.7682922 1.9401011 1.6529853 2.8273612 2.8273612 2.1757489 2.1757489 2.7674834 1.8140932 1.8746996 1.5986220 2.0399386 2.2632142 2.1191062 2.2758514 1.8216573 2.1223642 2.9211725 2.1393659 1.8494038 1.8415294 2.0145034 2.4446467 2.6535249 
Dgig_XM_028547868.1                                    1.1922992 1.1425927 1.3512555 0.9924599 1.8534863 1.1977899 1.2301087 1.2174478 1.1191071 1.0455638 1.0455638 1.2065974 1.2178603 1.1764092 1.3165286 1.1584303 1.0280349 0.9957150 0.8537041 0.8614358 0.7701506 0.8386889 1.0289498 0.7974641 1.0431042 1.0761886 1.1988305 1.0232453 0.9953184 1.3247440 1.2883703 1.1135248 0.0000000 0.3327390 1.1607540 1.0498337 1.0805078 1.1333815 1.1449809 1.1377138 1.1333214 1.3312355 1.1447269 1.2202039 4.2398991 1.4417787 1.4390173 1.6881266 1.2182290 1.1932049 1.1284708 1.3189458 1.3950344 9.0000000 1.3733331 1.2826589 0.9823856 1.5336686 1.7490733 1.8924054 1.8269363 1.7723792 2.9084392 2.9436941 4.2667730 1.7217485 1.7363776 2.1471219 1.5441454 1.9476522 1.5765598 2.1569886 2.1569886 1.7204295 1.7204295 2.1791043 1.6214089 1.6056847 1.5753155 1.7546437 1.7968847 1.8076339 2.0045241 1.6181471 1.8690353 2.4874882 1.8702076 1.7206281 1.7259596 1.8958821 2.0558014 2.2186731 
Xesp_001120-T1                                         1.2849875 1.2177226 1.4923505 1.0498348 2.1495098 1.2748855 1.3011311 1.2892449 1.2091815 1.0689348 1.0689348 1.1480806 1.1812014 1.1312315 1.2390787 1.2349718 0.9820350 1.0219730 0.8091295 0.8744056 0.8437035 0.8960516 1.0226327 0.8748728 0.8942762 1.0121855 1.0975929 1.0593258 1.0641499 1.3257890 1.3080897 1.1082698 0.3327390 0.0000000 1.2014131 1.0550802 1.2019391 1.1713303 1.2247058 1.1256264 1.1197831 1.4035496 1.1947368 1.3063068 5.4777983 1.5340613 1.3646777 1.9056979 1.1661631 1.1896451 1.2335869 1.2990144 1.4055295 9.0000000 1.3735853 1.2063831 1.0864073 1.5698214 1.8757104 1.8737592 1.8920018 1.7915667 2.4605356 2.7932106 4.1007426 1.7674132 1.8829762 2.1420322 1.5994271 1.9380726 1.6291472 3.0272096 3.0272096 2.1639966 2.1639966 2.5756483 1.6442775 1.7725075 1.4110003 1.9942568 2.2395906 1.9464960 2.2166581 1.8000321 2.1883981 2.1717668 1.9873107 1.8248978 1.8304650 1.9130150 2.4837896 2.3126380 
HoiH23_PlH23_002887-RA                                 1.4032600 1.2157252 1.4186176 1.1619979 1.7298997 1.4176562 1.4230956 1.4090086 1.2658390 1.2383331 1.2383331 1.2687300 1.2850592 1.1748448 1.3369127 1.2425931 1.1141028 1.2780465 1.1998117 1.2466534 1.1921167 1.1700564 1.3576037 1.2022708 1.0634144 1.0037596 1.1552365 0.9440389 1.3329708 1.2587294 1.2546822 1.2512547 1.1607540 1.2014131 0.0000000 0.0171632 0.1168843 0.1201730 0.1347542 0.1942821 0.1846337 1.5429442 1.1787468 1.2712648 4.0361749 1.5915314 1.7244080 1.6352815 1.4310596 1.2587443 1.3336384 1.3041965 1.3636602 4.2885566 1.3037967 1.3478246 1.3365098 1.6348696 1.8491120 1.9863729 1.9408593 1.8961359 3.1288955 3.2779568 4.4641857 2.1828380 1.8843657 2.6083810 1.5768746 1.8499712 1.6692069 2.5540161 2.5540161 1.7910289 1.7910289 2.3884239 1.5917077 1.6018996 1.6635295 1.9089567 1.8850198 1.7900662 1.9721634 1.8063295 1.9629360 1.9637666 1.7621979 1.7497367 1.7458392 2.0412206 2.2052975 2.2329187 
HoiH06_mRNA491                                         1.2994416 1.1144076 1.3681442 1.1554718 1.1706917 1.2743553 1.4510188 1.4424651 1.2524448 1.1834058 1.1834058 1.1670799 1.2324196 1.0863299 1.2507639 1.2234455 1.0593705 1.1586969 1.1151907 1.1690709 1.0848590 1.1124896 1.0944681 1.1100375 1.0288774 0.9239470 1.0735468 0.8624624 1.2175800 1.1263018 1.1635610 1.1987907 1.0498337 1.0550802 0.0171632 0.0000000 0.0736984 0.1092780 0.1378071 0.1680465 0.1561904 1.4898200 1.2016823 1.3268305 4.0361749 1.5951482 1.4683242 1.5017162 1.2226120 1.2319771 1.2932844 1.2870812 1.3245679 0.0000010 1.2413051 1.2611092 1.1459591 1.5512880 1.8169314 2.1301833 2.0570598 1.8819231 2.4812029 3.2572039 4.4641857 2.0520881 1.6312826 2.7921880 1.5717489 1.8935555 1.5766214 2.2109413 2.2109413 1.2345748 1.2345748 1.8085638 1.3306460 1.3864416 1.6875864 1.6680591 1.3776762 1.4387614 1.5816869 1.6245814 1.5584706 1.7809423 1.5200066 1.6070096 1.6070096 2.0980537 2.6908613 1.6792744 
HoiH11_mRNA4161                                        1.3279107 1.1911799 1.4028206 1.1191189 1.6058058 1.2670902 1.4064809 1.3420217 1.2697960 1.2036871 1.2036871 1.2306712 1.2536374 1.1848831 1.2948960 1.2225249 1.1420269 1.2722991 1.2342435 1.2523777 1.2365994 1.2339835 1.3980759 1.1931264 1.0864651 1.0394825 1.2517498 0.9118101 1.3521492 1.3078150 1.3100836 1.2770948 1.0805078 1.2019391 0.1168843 0.0736984 0.0000000 0.1655879 0.1480205 0.1808927 0.1879011 1.5601300 1.2253373 1.2253373 1.6653674 1.5586245 1.7594263 1.5721848 1.5098972 1.2215880 1.1974326 1.3023707 1.3465997 4.2885566 1.3000265 1.4043183 1.3332851 1.7509239 1.8513530 1.8266867 1.7829434 1.7214244 3.2215760 3.3100438 4.1798746 2.0163685 1.9100350 2.4058828 1.5970822 1.8824767 1.5167421 2.3382075 2.3382075 1.6443214 1.6443214 2.1820587 1.4997255 1.5490896 1.4827196 1.7979020 1.7460365 1.6716869 1.9124794 1.6500135 1.8249283 1.7680284 1.6854606 1.6423310 1.6586621 1.8581383 2.2466232 1.9556388 
Hhon_g11270.t1                                         1.3993496 1.2340699 1.5049458 1.1760332 1.6387228 1.4145488 1.3676010 1.4127929 1.2677756 1.1933574 1.1933574 1.1815898 1.2218868 1.1281018 1.2686558 1.1903677 1.1193233 1.2601891 1.1946494 1.2261513 1.1695138 1.2264285 1.3286159 1.2020258 0.9294880 1.0191521 1.1799558 0.8910555 1.2767371 1.2154704 1.2200208 1.2248081 1.1333815 1.1713303 0.1201730 0.1092780 0.1655879 0.0000000 0.0388612 0.2218278 0.2114234 1.5083463 1.2188746 1.3316188 5.5891738 1.6002767 1.6886366 1.6410639 1.4457556 1.2249759 1.2149521 1.3039363 1.2981943 4.2885566 1.2476517 1.3159865 1.2843179 1.6082769 1.8366938 1.9455115 1.8934051 1.8442225 2.8859206 3.1558019 4.6084382 2.1321284 1.8586936 2.3713117 1.5745579 1.9152114 1.5453167 2.2525962 2.2525962 1.6509357 1.6509357 2.0641247 1.4910061 1.5442408 1.6465676 1.8175478 1.7349583 1.7623098 1.8662298 1.6601328 1.7326701 2.0121912 1.6644459 1.6755276 1.6732853 1.9925575 2.1158942 2.1257624 
HoiH04_mRNA11903                                       1.4190933 1.3085986 1.4676127 1.3901360 1.5623839 1.3620222 1.4840751 1.4104243 1.3625624 1.2618486 1.2618486 1.2052091 1.2693523 1.2217882 1.3520792 1.1663041 1.2254182 1.3382856 1.2863058 1.2908409 1.2795616 1.3507223 1.4803977 1.2994218 1.1604228 1.0542163 1.2750483 0.9369609 1.3714745 1.3331779 1.3445257 1.2962288 1.1449809 1.2247058 0.1347542 0.1378071 0.1480205 0.0388612 0.0000000 0.2262435 0.2338593 1.6020739 1.3499346 1.3499346 4.4432792 1.6715319 1.8549092 1.6068775 1.6816748 1.2373272 1.2196610 1.3690603 1.3539739 4.2885566 1.2580743 1.3870446 1.3106783 1.7146288 1.8762375 1.9049566 1.8806225 1.8259942 3.2191064 3.4067682 4.4589768 2.1811445 1.9012288 3.3719219 1.6669742 2.0191038 1.5409818 2.2367846 2.2367846 1.6419210 1.6419210 2.0506900 1.5075897 1.5541853 1.5764514 1.8257678 1.7031839 1.6817760 1.8635429 1.6638664 1.7501472 1.8768503 1.6740880 1.7481669 1.7457301 1.8675753 2.1158942 1.9685098 
TrH2_TrispH2_010064-RA                                 1.4150461 1.2805343 1.5299842 1.1654261 1.8083843 1.4914614 1.3711996 1.4211549 1.2417569 1.2696301 1.2696301 1.3016091 1.2845125 1.1762707 1.3070364 1.1853012 1.1196341 1.3363485 1.2352071 1.2762941 1.1919859 1.2669991 1.3779798 1.2480592 0.9947386 1.0745136 1.2196757 0.9961948 1.3239383 1.3135896 1.3167326 1.2802700 1.1377138 1.1256264 0.1942821 0.1680465 0.1808927 0.2218278 0.2262435 0.0000000 0.0000010 1.5752153 1.2529813 1.3465125 5.1354770 1.5212527 1.6741369 1.6922363 1.4157129 1.1569546 1.2375317 1.3152046 1.3335267 9.0000000 1.2948042 1.3760142 1.3369177 1.6922143 1.8658429 2.0214917 1.9771959 1.7996426 2.9136552 3.1333883 4.4173591 2.0653203 1.8597023 2.2321754 1.5645732 1.7603615 1.6240626 2.3087110 2.3087110 1.6592236 1.6592236 2.0750660 1.4701874 1.4707809 1.5822702 1.7211055 1.6667850 1.6957250 1.8871985 1.6442481 1.7889275 2.1042839 1.7059760 1.8268787 1.8243799 2.0354378 2.1873344 2.0750905 
