182
Morvir_scaffold278.g10.t1                                          0.0000000 6.3460295 0.5550588 0.5723176 0.4749539 0.5440569 0.5163025 0.0000010 0.5224144 0.6087197 0.7704143 0.5856893 0.7157325 0.7733114 0.7368791 0.6792338 0.6851499 0.7976823 0.7078130 0.5679471 0.1608427 0.7486201 0.8658561 0.8407872 0.0000010 0.6832371 0.6832371 0.6006517 0.9864350 0.8946108 0.8120907 1.5113488 0.0000010 0.8892570 0.2554325 1.1263321 1.0094977 0.7352793 0.7856800 1.0369212 1.3518745 0.6891746 0.6875937 0.7116096 0.7570558 0.7570558 0.9130918 0.9576806 0.0000010 0.9451765 0.9451765 0.7513918 0.7952354 0.8643069 2.8127176 0.9337112 0.9337112 1.0150897 4.1551629 1.0336244 0.3119887 0.3119887 0.7960567 0.7478436 0.7214815 0.8526848 0.8526848 0.7203180 0.8417329 0.9535111 0.9535111 0.5372000 0.8522484 0.9041462 1.5025367 1.5025367 1.3333554 1.5865884 0.0000010 1.0898923 1.1354376 0.9779684 1.2754282 1.1830479 1.2524796 0.0000010 0.8838626 1.0871045 1.0166596 1.4732454 1.2344554 1.5319650 0.8874264 1.4881157 1.4253301 1.1474498 2.9016197 1.3516402 1.3753759 1.0076778 0.9238890 1.0523127 1.0642591 1.3053282 1.2991875 1.2854694 1.3890072 1.2392430 1.2392430 1.4000832 1.3272677 1.5927105 1.0173169 1.0173169 0.8691920 0.9545180 1.0724068 1.1449015 1.1449015 3.4425150 1.4511850 1.8752802 1.9165693 2.1736098 2.0289116 1.6607320 1.4190183 1.2598741 1.4410105 0.8798750 1.2363831 0.0000010 1.4328958 1.7528172 1.7528172 1.5347755 1.5347755 1.3944723 1.2609312 1.2609312 1.4011457 1.1696251 1.4011457 1.4011457 1.1696251 1.1696251 1.4722555 1.6618315 1.5925795 1.6381416 1.5010712 1.6473041 2.0739649 1.6144351 1.9936166 2.2031340 0.0000010 2.5508246 1.7688151 5.8840900 1.7960544 3.5072767 3.5072767 2.5119489 2.4940179 3.3715070 2.7465852 2.7022449 2.8777459 3.1950049 2.8123748 4.8481201 2.5763459 2.8633641 4.4073394 3.7085227 4.1010562 8.9999990 3.7725119 4.4767682 5.5893854 7.3888234 
Hvul_g15456_1                                                      6.3460295 0.0000000 0.4571761 0.4554093 0.5140651 0.5410374 0.4754121 2.3878854 1.7017292 0.0000010 0.7960653 0.9857979 0.7159730 0.7282372 0.7196884 0.7295437 0.6741141 0.8443675 0.6087505 0.7390390 0.7837009 0.7045262 0.7478038 0.6655276 0.9504535 0.9138008 0.5587110 0.6782990 0.8581862 0.7944645 0.6795178 0.9668573 0.7914694 0.7888300 0.8888536 1.0487134 0.9563662 0.9045008 0.9871937 0.9311130 1.0798936 1.0554905 1.0519265 1.1370506 0.9740105 0.9740105 1.0697932 1.0953476 2.0845084 1.3605093 1.1031849 0.9431604 0.9436500 1.1895836 1.1230237 1.4165430 1.4165430 1.2571094 1.0667134 1.1270703 0.9588239 0.9588239 1.1104224 1.1104224 1.1040701 0.8660458 0.8660458 0.8081944 0.9128017 1.0490769 1.0490769 0.8738254 1.0443796 0.9617921 1.3537275 1.1337553 1.1448442 1.2193765 1.0606879 1.1265551 1.1656658 1.1160647 0.7669969 1.1489607 1.1529148 1.2259363 1.0473128 1.0724146 1.0246928 1.1120532 0.9920165 1.1745554 0.9456776 1.1188566 0.9514038 0.9944495 1.5572919 1.1488160 1.1875378 0.9367204 1.0963893 1.0567218 0.9796085 0.8461822 0.8049352 0.7902156 0.8001291 0.7888166 0.7888166 1.1281869 1.0201223 1.3230493 1.3605543 3.4344352 1.4378337 0.8512751 1.1120046 0.8783428 0.8783428 1.9055516 0.8975923 1.6346911 1.6257964 1.3313408 1.1304275 1.0500716 3.2187872 1.4366448 1.4006177 1.2976961 1.2026807 2.1984137 1.2254801 1.2900463 1.2900463 1.2900463 1.2900463 1.3390869 1.1897999 1.1897999 1.1897999 1.1785286 1.1897999 1.1897999 1.1785286 1.1785286 1.3686851 1.8790799 0.9638639 0.9699283 1.5739039 1.3472109 4.4383113 1.7933212 1.2995367 1.4884109 1.3027513 2.9998239 1.4825626 0.6364375 1.9390943 5.4780820 2.1144643 2.7207934 2.6270617 2.3281305 2.4345265 2.4482406 2.3058546 2.5373014 2.9413756 2.1387136 1.9148264 2.1854821 2.8736556 2.6380813 2.2280956 2.3332977 2.1348080 2.5603376 3.7279381 2.2539428 
Nemnom_g19285.t1                                                   0.5550588 0.4571761 0.0000000 0.0031676 0.1104940 0.2800872 0.4200469 3.5501494 1.1088481 0.8044197 0.6388493 0.7444472 0.7049330 0.6964078 0.7047040 0.7066255 0.6761922 0.7049334 0.6365251 0.6315781 0.6391347 0.7487132 0.7678882 0.6650950 0.8318705 0.7544313 0.6817504 0.7086525 0.8567640 0.7988467 0.6784974 1.0725773 0.6694072 0.7650025 0.7649557 1.0346751 0.7172826 0.7578730 0.8390426 0.8436263 0.9962327 0.8892114 0.8855958 0.9060319 0.8366841 0.8366841 1.0329523 1.0427857 1.2136768 1.1343071 1.0072526 1.0215179 1.0403876 0.9681605 1.1367555 1.0002168 1.0002168 1.0078543 0.9914637 0.9352902 0.6183198 0.6183198 1.0646334 1.0379360 1.0437993 0.9616427 0.9616427 0.8892268 0.9967325 1.0528681 1.0528681 0.9191392 0.9596718 0.9974320 1.4900033 1.1735338 1.1642899 1.2796916 1.0879675 1.0518242 1.0893313 1.1000560 1.0271928 1.1332704 1.1431580 1.3213663 1.0124885 1.1044005 0.9850271 1.1239840 1.0085604 1.1304418 0.9075127 1.0705414 0.9235006 0.9702648 1.6324633 1.1842942 1.1073473 1.1493569 1.0759380 1.1765783 1.0935077 0.9553122 0.9203779 0.9182725 0.9599615 0.9244690 0.9244690 1.2402011 1.2693778 1.3567445 1.0377077 1.3676037 1.0529627 1.1381169 1.1135600 0.9616030 0.9616030 1.7970622 1.0657982 1.5785035 1.5354091 1.4332326 1.3698709 1.2618614 1.4997157 1.2608073 1.3507155 1.2319439 1.2157366 1.2955334 1.3000028 1.3415121 1.3415121 1.2773239 1.2773239 1.3757919 1.2409722 1.2409722 1.2843508 1.2204716 1.2793328 1.2793328 1.2154504 1.2154504 1.3221009 1.9197572 1.3479196 1.3239902 1.7589285 1.3775692 2.3265974 1.8952643 1.5442083 1.6330810 1.8676748 2.4594950 1.6031542 0.8478598 1.7964541 3.7098195 2.5019627 2.5155827 2.4654268 2.4751729 2.4652850 2.5186911 2.4192241 2.8105585 2.4041852 2.5602557 2.0937862 2.3596899 3.2268664 2.8098146 2.7908411 3.4293215 2.8052242 2.9103455 2.4964380 3.3276289 
Nemnom_g19953.t1                                                   0.5723176 0.4554093 0.0031676 0.0000000 0.1142008 0.2846374 0.4256199 3.5501494 1.1186442 0.8044197 0.6456254 0.7518512 0.7034029 0.6948797 0.7029893 0.7050986 0.6747003 0.7032305 0.6348770 0.6276928 0.6391347 0.7470970 0.7659475 0.6608713 0.8318705 0.7525508 0.6782980 0.7086525 0.8545968 0.7968689 0.6768189 1.0695997 0.6694072 0.7630906 0.7649557 1.0340939 0.7183731 0.7657854 0.8403983 0.8540121 0.9978770 0.8975241 0.8939047 0.9143841 0.8445804 0.8445804 1.0308806 1.0400982 1.2136768 1.1327691 1.0058409 1.0215179 1.0298151 0.9769883 1.1367555 1.0093020 1.0093020 1.0198223 0.9914637 0.9439734 0.6183198 0.6183198 1.0737986 1.0469921 1.0531188 0.9701284 0.9701284 0.8892268 1.0053253 1.0503278 1.0503278 0.9191392 0.9681576 1.0063500 1.4869628 1.1720247 1.1627457 1.2781434 1.0879675 1.0412307 1.0878612 1.1097057 1.0193380 1.1283420 1.1382329 1.3213663 1.0102337 1.1022334 0.9836064 1.1218336 1.0085604 1.1297359 0.9075127 1.0709905 0.9215702 0.9703522 1.6325329 1.1827549 1.1042549 1.1478114 1.0777435 1.1766789 1.0823144 0.9454899 0.9108038 0.9087300 0.9500337 0.9330561 0.9330561 1.2378986 1.2663254 1.3434047 1.0467457 1.3932798 1.0622483 1.1333536 1.1232330 0.9703830 0.9703830 1.7970622 1.0753982 1.5917876 1.5381546 1.4459088 1.3567093 1.2760841 1.5287554 1.2731414 1.3631336 1.2341368 1.2157366 1.2955334 1.3000028 1.3398996 1.3398996 1.2757154 1.2757154 1.3875039 1.2516554 1.2516554 1.2951997 1.2204716 1.2901440 1.2901440 1.2154504 1.2154504 1.3332600 1.9371777 1.3590515 1.3263217 1.7744241 1.3775692 2.2333422 1.8634267 1.5292172 1.6466726 1.8676748 2.4536681 1.6002513 0.8478598 1.8261135 3.6324013 2.4756106 2.5096230 2.4621489 2.4714963 2.4383918 2.5153619 2.4159784 2.7792613 2.4009489 2.5277014 2.1125991 2.3565159 3.2189871 2.8029180 2.7840617 3.4293215 2.8050075 2.9033604 2.4964380 3.3222137 
Rhoesc_Res_003279-T1                                               0.4749539 0.5140651 0.1104940 0.1142008 0.0000000 0.2877104 0.4624030 3.6048506 1.1313735 0.7324288 0.6495967 0.7777503 0.7159741 0.7122859 0.7071492 0.6989912 0.6947971 0.7092485 0.6512150 0.6059661 0.6118750 0.7646775 0.7853824 0.6998745 0.8470369 0.7536624 0.6575627 0.7629855 0.8714595 0.8382226 0.6948323 1.1309665 0.7583418 0.7883269 0.8124903 1.0551539 0.7895519 0.7884615 0.8497594 0.8423311 1.0205333 0.9195313 0.9167817 0.9351193 0.8614783 0.8614783 0.9296174 0.9983069 1.2264110 1.0830971 0.9850951 1.0680623 0.9860198 0.9349349 1.1580484 0.9783517 0.9783517 1.0156459 1.0040212 0.9681893 0.6398524 0.6398524 1.0419601 1.0153832 1.0206256 0.9474988 0.9474988 0.8991647 0.9900902 1.0167749 1.0167749 0.9331980 0.9412955 1.0201674 1.4228357 1.1789270 1.2671358 1.2645196 1.1736421 1.0500359 1.1162704 1.1002906 1.0076084 1.1072048 1.1196271 1.2709420 0.9992932 1.1156588 1.0169641 1.0765082 0.9997808 1.1230594 0.9090529 1.0062436 0.9618691 0.9799242 1.5841258 1.1921271 1.1450262 1.1112205 1.0357027 1.1198677 1.0656370 0.9756243 0.9483831 0.9458686 0.9931410 0.9577378 0.9577378 1.2571236 1.2072134 1.4132524 1.0435547 1.3401638 1.0630597 1.1021783 1.0736818 0.9446759 0.9446759 1.7691414 1.0531425 1.5815576 1.4983007 1.4045989 1.3607853 1.2335501 1.5705871 1.3274699 1.4092692 1.1670961 1.2497989 1.3814232 1.3164360 1.3589637 1.3589637 1.2942199 1.2942199 1.4051267 1.2334070 1.2334070 1.2770701 1.2125466 1.2781127 1.2781127 1.2135200 1.2135200 1.2991925 1.8863594 1.3601366 1.3219629 1.7392046 1.4444063 2.2762683 1.8630289 1.5178539 1.7049285 1.7623597 2.4539340 1.5441270 0.8465118 1.6847793 3.6532863 2.5742548 2.3476722 2.4416427 2.4423303 2.5149592 2.4511858 2.5120774 2.9124679 2.4957981 2.6825325 2.1374680 2.4595451 3.2417546 2.5761172 2.6510587 3.5371858 2.8815786 2.9035629 2.6159026 3.2900960 
Sanmal_Sma_008346-T1                                               0.5440569 0.5410374 0.2800872 0.2846374 0.2877104 0.0000000 0.4552172 3.3293269 1.2324373 0.5833026 0.6192263 0.8036140 0.6932875 0.6778966 0.6507586 0.6755110 0.6965185 0.7150779 0.6157081 0.6241249 0.6713979 0.7838537 0.8539925 0.7876665 0.9742906 0.8273459 0.6523038 0.8035850 0.8960771 0.8072275 0.7468206 1.0664832 0.7341399 0.8483215 0.8195241 1.0058838 0.7701762 0.8116601 0.8010448 0.8513509 1.0208794 0.9791433 0.9856680 0.9218312 0.9183564 0.9183564 0.9341663 0.9992385 1.3012337 1.1233336 1.0079738 1.0341895 1.0556632 0.9968559 1.2003195 1.0254800 1.0254800 0.9429579 1.0913749 0.9189958 0.7837484 0.7837484 1.0044055 0.9777249 0.9785524 0.9649173 0.9649173 0.9375070 0.9963444 1.0432127 1.0432127 0.9681550 0.9847823 1.0332557 1.4115153 1.1800848 1.3183009 1.3231672 1.2453829 1.0513731 1.0854707 1.0842753 0.8725373 1.1194253 1.1608796 1.4328046 0.9269077 1.1281839 1.0519393 1.1550633 1.0685846 1.1282879 0.9678315 1.0245562 1.0288037 0.9914648 1.6631403 1.1856103 1.1255150 1.1289457 1.0074416 1.1328137 1.0224499 1.0405989 0.9949098 0.9998518 0.9967004 0.9782663 0.9782663 1.2288929 1.3053654 1.4368385 1.0892527 1.3407155 1.1075803 1.0316327 1.1357290 1.0202351 1.0202351 1.7541617 1.0762410 1.6592557 1.4716905 1.3641336 1.4663560 1.2702591 1.3976246 1.3363032 1.4202766 1.1469216 1.3820504 1.6394005 1.3155707 1.3441059 1.3441059 1.2835137 1.2835137 1.4051504 1.2410485 1.2410485 1.2852737 1.2213014 1.2929930 1.2929930 1.2291593 1.2291593 1.2861868 1.7850434 1.2683542 1.3588411 1.7125628 1.3197410 2.2401149 1.9281032 1.5463987 1.6580429 1.9048051 2.4587475 1.6094084 0.8880465 1.7201134 3.5119647 2.4714868 2.4183368 2.3288530 2.5610476 2.4649245 2.3766393 2.6432764 2.7447470 2.3244034 2.6255815 2.0714596 2.4403260 3.3602596 2.9928402 2.8412155 3.8902338 3.1460240 3.2442488 3.1765896 3.4542545 
Chem_TCONS_00023750                                                0.5163025 0.4754121 0.4200469 0.4256199 0.4624030 0.4552172 0.0000000 3.6052130 1.3006080 0.6098604 0.6170902 0.7861808 0.6266591 0.6408427 0.6245813 0.6302423 0.6427839 0.6612666 0.6728307 0.6990416 0.7578051 0.7206194 0.7506055 0.7930660 0.9402958 0.8133041 0.6870981 0.7575300 0.8452916 0.8358278 0.6942936 0.9182481 0.7187191 0.8424499 0.7147712 1.0560359 0.7715221 0.7690265 0.8944248 1.0338410 1.1498563 0.9642151 0.9400350 0.9484758 0.8951322 0.8951322 1.0910731 1.1030727 0.9097992 1.1523947 1.0195588 1.0549178 0.9694921 0.9181073 0.9932169 1.0367977 1.0367977 1.0132644 1.0373090 0.9410823 0.6998229 0.6998229 0.8606317 0.8354549 0.8375063 0.8464582 0.8464582 0.8300889 0.8967517 0.9066022 0.9066022 0.8066105 0.9088138 0.9579721 1.3944478 1.1090786 1.2527676 1.2303692 1.0902312 0.9841230 1.0553301 1.0781667 0.9061322 1.1018111 1.0622690 1.2697243 0.9790029 1.0519751 0.9992315 1.0844742 1.0007481 1.1072941 0.8924877 1.1380655 0.9991552 0.9666445 1.5994252 1.2266072 1.1530126 1.0281454 0.9660436 1.1104245 0.9470587 0.9074689 0.8483350 0.8733545 0.9117762 0.8685351 0.8685351 1.1594816 1.1791099 1.3089120 1.0110824 1.3465623 1.0917185 1.0618881 1.0475010 0.9923723 0.9923723 1.6690200 1.0644573 1.5067306 1.5274753 1.4812766 1.3778541 1.2669760 1.5409186 1.2995814 1.3157339 1.1029286 1.2929955 1.4763445 1.3115017 1.3680557 1.3680557 1.2849613 1.2849613 1.3354144 1.2193605 1.2193605 1.2632527 1.1756210 1.2743341 1.2743341 1.1865373 1.1865373 1.3142042 1.9487702 1.2586436 1.2062782 1.6868925 1.3453063 2.2025767 1.8906336 1.5014470 1.6460469 1.7681602 2.5078603 1.7191401 1.0830104 1.8009159 3.9135096 2.5508861 2.5437413 2.4933471 2.4468640 2.6431669 2.4013731 2.4622399 2.5944739 2.3021526 2.4994025 2.0685424 2.2866114 3.2096084 2.9818633 2.7620460 3.3427754 2.7852645 3.1468786 2.1679778 3.2458169 
Aaur_scaffold3508.g1.t1                                            0.0000010 2.3878854 3.5501494 3.5501494 3.6048506 3.3293269 3.6052130 0.0000000 0.0925192 0.0000010 4.1075457 4.6080596 3.9805395 3.9812429 4.4551256 4.0405265 3.6500384 4.3783370 3.7763539 4.0124726 4.4216612 4.4911245 3.9988091 3.4897000 4.1718413 4.5603590 2.5607308 4.0055144 4.4015315 4.1545706 3.8020970 5.4190034 5.2533148 4.0553122 5.9061452 6.5583941 4.5662135 4.4859301 4.6389605 5.6228546 4.9316563 5.6919634 5.3696335 5.8999220 5.3018811 5.3018811 4.2402512 4.8837574 6.0546872 5.7403430 5.0668642 4.9497416 4.9165339 4.9165767 4.9165767 6.2390601 6.2390601 5.7487076 5.1989732 5.7202134 4.8776580 4.8776580 5.6425589 5.6192715 5.6425589 4.9323143 4.9323143 4.8783611 4.8239813 5.4322634 5.4322634 5.1712762 4.6509972 4.8404230 3.9224288 4.8551979 5.9867913 5.5689429 4.3484605 5.8578087 6.0735778 5.6127977 3.5980622 5.4004605 5.4370647 7.1553004 5.4990959 5.7792289 6.1164167 6.5339038 6.3316627 6.5275013 5.7170140 0.0000010 5.4558597 6.2268213 7.3829064 5.9104953 6.1438410 6.8447880 5.3971152 7.0717928 5.2499312 4.2970331 4.3193597 4.4166707 4.6426276 4.6369399 4.6369399 5.7213895 5.9552794 7.7257141 5.2849852 8.9999983 5.3557460 5.7427284 6.5788816 4.8357129 4.8357129 6.3456099 4.6798843 7.2788935 7.1557569 5.5785582 5.8424492 3.9703156 9.0000000 5.7204429 6.0464326 6.4285365 6.2247108 6.1119538 5.6700537 4.4012684 4.4012684 4.4012684 4.4012684 6.0740502 5.1502523 5.1502523 5.1502523 5.1502523 5.4683302 5.4683302 5.4683302 5.4683302 4.8102277 6.5100810 5.1252805 5.0001548 7.2955669 1.7740151 0.0000010 8.9999990 5.5262866 6.2197793 8.9999984 0.0000010 6.0478186 3.8258676 7.6651956 9.0000000 6.4839656 7.9013690 7.4339094 6.1795829 6.7212257 7.6597505 6.1732375 6.0417377 5.6018726 5.7223528 5.7223528 6.0233622 6.9490110 7.9188234 6.2909222 7.1300280 6.4718742 6.3901205 8.9999981 8.8883249 
Aaur_scaffold533.g4.t3                                             0.5224144 1.7017292 1.1088481 1.1186442 1.1313735 1.2324373 1.3006080 0.0925192 0.0000000 0.6911656 1.6028601 1.6517963 1.7026277 1.6581326 1.5730986 1.6628260 1.5778694 1.5131393 1.3728688 1.5458141 2.3290552 1.6269018 1.6242736 1.5356786 3.4211423 1.6185768 0.6352154 1.9072625 1.8293224 1.7998608 1.6991305 2.5041492 4.6947375 1.6660678 2.5072551 2.3049898 1.9170090 1.7260247 1.9423181 1.6388532 2.0461321 1.8772288 1.8584001 1.9811999 1.7858868 1.7858868 1.3922539 1.6897494 5.2863280 1.9567454 1.9332152 1.7746453 1.8447510 2.0127917 3.5427904 2.1141405 2.1141405 1.5763831 2.8056055 1.9680256 2.0766033 2.0766033 2.0541712 1.9908111 2.0575762 1.9466533 1.9466533 2.0620311 1.8710646 2.1661827 2.1661827 2.4381987 1.8573270 1.9295465 1.6632612 2.4558523 2.5268335 2.6030210 3.6134633 2.2219298 2.2804856 2.1491052 1.4982167 2.2041075 2.2754678 5.9858683 1.9584432 2.2257632 2.2673049 2.3003199 2.5317279 2.3809795 2.6723674 1.0136240 2.1792858 2.1503676 3.1783894 2.4423297 2.2720699 2.3422522 2.0267398 2.4646806 2.1432893 2.1064976 2.1153013 2.1422829 2.2010191 2.2229131 2.2229131 2.3776371 2.3447751 2.8105747 2.2874834 1.8347153 2.1597956 1.2126145 2.2287479 2.1906848 2.1906848 4.8642181 2.3204304 2.9695331 2.9740039 2.7632933 2.8680137 2.2551305 1.6339955 2.1645229 2.7885343 2.1659494 2.9965622 4.9058098 2.8846899 2.5786921 2.5786921 2.4570181 2.4570181 2.6708332 2.5561381 2.5561381 2.6224292 2.5764219 2.6517276 2.6517276 2.6064943 2.6064943 2.5633142 2.8597671 2.7436687 2.6174936 2.9991234 1.8648978 2.1941938 2.2492763 2.8816739 3.3394880 7.6790044 2.5589049 2.8633591 2.5020150 2.1758808 4.0612761 4.1321603 2.8170666 3.8020159 3.7133385 3.5672158 3.8132110 3.5448468 3.9262916 3.8923844 4.6714655 3.2504837 3.6958344 4.7958852 4.0891236 4.2993188 6.8940778 4.1020134 4.3367648 5.5920773 7.3113451 
Nvec_v1g149676                                                     0.6087197 0.0000010 0.8044197 0.8044197 0.7324288 0.5833026 0.6098604 0.0000010 0.6911656 0.0000000 0.0000010 0.2972868 0.3632262 0.3600363 0.3666268 0.2777433 0.3073293 0.3915116 0.3755262 0.4931828 0.2109393 0.6346889 0.8564410 0.8779877 0.0000010 0.5608176 0.5608176 0.6923376 0.8527109 0.7043722 0.7075994 1.4031583 0.0000010 0.6617877 0.1581673 0.9403338 0.7127250 0.6548820 0.5926344 0.8827965 1.1472741 0.6622558 0.6730813 0.6430013 0.7017226 0.7017226 1.0488850 1.0767707 0.0000010 1.0679923 1.0679923 0.9238388 0.9152860 0.5340225 1.6763887 0.8604689 0.8604689 0.8436201 2.6366344 0.7899031 0.2125334 0.2125334 0.6535730 0.6535730 0.6535730 0.6313071 0.6313071 0.7852012 0.6757390 0.9592394 0.9592394 0.4576785 0.6903764 0.8398247 1.0016644 1.0016644 1.4672296 1.3561889 0.0000010 0.9478096 1.2057325 0.9627891 1.0211625 1.0013142 1.0169072 0.0000010 0.8598480 0.9216579 0.9196727 1.2726205 1.0620807 1.4165707 0.7178375 1.4270883 1.6481235 1.1780925 2.1421575 1.2288527 1.3799559 0.9985621 1.0946991 1.0428068 1.0441193 1.3081162 1.2226579 1.2387095 1.2546257 1.1501678 1.1501678 1.1456244 1.1563005 1.5092596 1.1469397 1.1469397 0.9165710 0.8188253 1.0351237 1.3774396 1.3774396 4.0640341 1.7031405 1.6044555 1.4072560 1.6603388 1.4768239 1.1389720 1.1098774 0.9543003 1.2428432 0.7818352 1.5956818 0.0000010 1.6491469 1.4696614 1.4696614 1.4696614 1.4696614 1.6267733 1.7310967 1.7310967 1.7310967 1.7310967 1.7310967 1.7310967 1.7310967 1.7310967 1.4978253 1.5082547 1.8375128 1.8163501 1.6491469 1.8837446 1.9827842 1.5140467 1.9878971 2.2660380 0.0000010 1.7201300 1.4168059 5.0839941 1.8351444 2.9915827 2.9915827 2.2913995 2.2828766 2.6339157 2.6179763 2.0608537 2.6412801 2.9829653 2.4386059 3.2843634 2.4653552 2.5930619 3.4870412 3.5426892 3.6116245 8.9999982 4.1179147 3.6893851 3.5746532 7.3331556 
Nvec_v1g238491                                                     0.7704143 0.7960653 0.6388493 0.6456254 0.6495967 0.6192263 0.6170902 4.1075457 1.6028601 0.0000010 0.0000000 0.2794372 0.3156815 0.3364794 0.3634819 0.3263628 0.3628994 0.3987883 0.3648350 0.5178377 0.6927530 0.7230961 0.7052667 0.6219064 0.7868176 0.6903221 0.5614162 0.6505898 0.6643756 0.7311524 0.6041847 0.9219544 0.6051940 0.7375688 0.7160601 0.9469953 0.7520714 0.7538978 0.8901902 0.8925212 0.9325138 0.7544101 0.7612962 0.7659974 0.7707032 0.7707032 0.8157166 0.8921513 0.8455181 0.9177224 0.8048827 0.8634068 0.9135249 0.8851428 1.0881754 1.0861560 1.0861560 1.0446654 1.1577835 1.0016372 0.6582258 0.6582258 0.8473428 0.8234887 0.8408490 0.8396459 0.8396459 0.7858909 0.8154301 0.9946522 0.9946522 0.8534220 0.8186996 0.8499400 1.1170124 0.9542873 1.0926568 1.0656886 1.0325591 0.8836905 0.9474842 0.9525828 0.8157573 0.9690757 0.9306698 1.1386231 0.8703982 0.9386856 0.9412760 1.0352611 0.9434368 1.1222088 0.8840143 1.1212937 0.9923865 0.8984646 1.6677033 1.0545143 1.1124180 1.0531909 1.0512446 1.0951561 0.9981516 0.8852143 0.8375153 0.8458946 0.8483694 0.8380967 0.8380967 1.0910244 1.1127176 1.3107765 0.9816070 1.6297281 0.9985408 0.9613727 1.1722794 1.0427356 1.0427356 1.5527592 1.0811500 1.4475062 1.3354720 1.2834385 1.3141016 1.0691820 1.3258269 1.2066347 1.2783864 1.0898305 1.2906967 1.3052330 1.3621715 1.2719432 1.2719432 1.2235673 1.2235673 1.2798588 1.2008830 1.2008830 1.2483886 1.1963843 1.2503227 1.2503227 1.1981859 1.1981859 1.3263354 1.9167580 1.2668405 1.2057333 1.8040372 1.4735864 1.7030461 1.6821900 1.3933540 1.4157000 1.6585444 1.9587906 1.6402612 0.9874428 1.5441003 3.4975228 2.4619745 2.6639688 2.5570992 2.6215099 2.4960249 2.4978550 2.3996381 2.7543930 2.3945338 2.5335722 2.0617946 2.4990864 2.9144535 2.7000173 2.4581877 3.4580457 2.9654459 2.9087252 2.5369489 3.3965836 
Exapal_XM_021053447.2                                              0.5856893 0.9857979 0.7444472 0.7518512 0.7777503 0.8036140 0.7861808 4.6080596 1.6517963 0.2972868 0.2794372 0.0000000 0.3986391 0.3924432 0.4145273 0.4115777 0.4474047 0.4478528 0.4890968 0.5421538 0.7566780 0.7381553 0.7078607 0.6669881 1.0245428 0.7241807 0.5881846 0.6782438 0.7814571 0.8112052 0.6896148 1.0530682 0.8267416 0.7577585 0.8062377 1.0268008 0.8845718 0.8847354 0.9505454 1.0327262 1.0873803 0.7376390 0.7461755 0.7649584 0.7599443 0.7599443 0.9393780 1.0005166 0.9722504 0.9576091 0.8800508 0.9532714 0.9902974 0.9201367 1.1418798 1.1252303 1.1252303 1.0687389 1.3057402 1.1365540 0.8921952 0.8921952 0.9718372 0.9463120 0.9791069 1.0042464 1.0042464 0.8696473 0.9397743 1.1183299 1.1183299 1.0446296 0.9682845 0.9572664 1.0948843 1.0786268 1.1447754 1.1391742 1.0978785 0.9822284 1.0433160 0.9330541 0.8570081 0.9590845 0.9279593 1.2089635 0.8544400 0.9355932 0.9117110 1.1301915 1.0562432 1.1875190 1.0397817 1.1623519 1.0883079 0.9343544 1.7679986 1.0083009 1.1137065 1.1391144 1.0313718 1.2225774 1.0490175 0.9450874 0.9043586 0.9057743 0.9055493 0.8921819 0.8921819 1.0944701 1.2683321 1.3541010 1.1062754 1.6148735 1.0231642 0.9401064 1.2067891 0.9813510 0.9813510 1.5113136 0.9829220 1.5829652 1.4507889 1.4374135 1.3799211 1.2114267 1.3989278 1.3874327 1.3435154 1.0859270 1.4623607 1.6115618 1.4991811 1.4354700 1.4354700 1.3838569 1.3838569 1.4504163 1.3185803 1.3185803 1.3757826 1.3195718 1.3661790 1.3661790 1.3096445 1.3096445 1.5050188 2.0097618 1.3661263 1.3817057 1.9715932 1.5040755 1.6240490 1.6710740 1.5729440 1.6229774 1.8127826 2.0549991 1.6066224 1.3331259 1.6204682 3.4648808 2.5561478 2.6455529 2.5327487 2.5818863 2.5525802 2.5741326 2.3812948 2.8649829 2.6577476 2.6238407 2.1611770 2.6452526 3.1438386 2.8602221 2.6729007 3.8916571 3.0180528 3.0996079 2.6441849 3.5816283 
Spis_XP_022784706_1                                                0.7157325 0.7159730 0.7049330 0.7034029 0.7159741 0.6932875 0.6266591 3.9805395 1.7026277 0.3632262 0.3156815 0.3986391 0.0000000 0.0355586 0.1015223 0.0880045 0.1391655 0.2094565 0.1841760 0.4893539 0.6595976 0.6515460 0.6701001 0.6445447 0.5727314 0.6752453 0.6552399 0.6077462 0.6545829 0.7000724 0.5860641 0.7828000 0.4329249 0.7269703 0.5895292 0.8328001 0.7441498 0.7631795 0.8118605 0.8727652 1.0016623 0.7917205 0.7971092 0.8125675 0.7859274 0.7859274 0.7568949 0.8122468 0.9127715 0.8913492 0.7755150 0.7664149 0.7714284 0.8976800 0.9998861 1.1398752 1.1398752 1.0818278 1.1305833 1.0976762 0.6817277 0.6817277 0.8514255 0.8278782 0.8354282 0.8032572 0.8032572 0.7084893 0.8003013 0.8679810 0.8679810 0.7364310 0.8325328 0.8206557 1.1318658 0.9338269 1.0265758 1.0709552 0.9941477 0.9327054 0.9713000 0.9127940 0.7491442 0.9354031 0.9183964 1.2253106 0.7995464 0.9317101 0.8868695 0.9993405 0.9361985 1.1452377 0.8739364 1.2088966 0.9455817 0.8446337 1.7624910 0.9994091 1.0241853 1.0385326 0.9593123 1.0885033 1.0142606 0.8497734 0.7972673 0.7897726 0.8403600 0.7988104 0.7988104 1.0301730 1.1826134 1.2600610 0.9598456 1.6513894 0.9797493 0.8682296 1.2800962 1.1065491 1.1065491 1.6330418 1.0393910 1.3826855 1.2991898 1.2740871 1.2379757 1.1225783 1.6486286 1.3611468 1.2444640 1.0837016 1.3419682 1.5093749 1.3223735 1.2760444 1.2760444 1.2306546 1.2306546 1.2956051 1.2309469 1.2309469 1.2819168 1.1953692 1.2835246 1.2835246 1.1969241 1.1969241 1.3184365 1.9844399 1.2083971 1.2863688 1.7591443 1.3729140 1.9639263 1.7926991 1.5180438 1.4963810 1.7752434 2.0755251 1.5660290 1.1827073 1.4354023 3.6382526 2.5252133 2.4959783 2.3419486 2.4314740 2.3403115 2.3340048 2.1964619 2.5182043 2.3249744 2.4185297 2.0106944 2.4597536 2.6974917 2.7421177 2.5860733 2.8480832 2.6395155 2.6399321 2.5357775 2.9003177 
Pocdam_XM_027193818.1                                              0.7733114 0.7282372 0.6964078 0.6948797 0.7122859 0.6778966 0.6408427 3.9812429 1.6581326 0.3600363 0.3364794 0.3924432 0.0355586 0.0000000 0.0900861 0.0847327 0.1401818 0.2196285 0.1842053 0.4902192 0.6724532 0.6451312 0.6549024 0.6636330 0.5390832 0.6673713 0.6586108 0.6003735 0.6270530 0.6946800 0.5830715 0.7932849 0.4561641 0.7001543 0.6233133 0.8713490 0.7685549 0.7555186 0.8419835 0.9197109 1.0119389 0.7913954 0.7981667 0.7847341 0.7708993 0.7708993 0.7839230 0.8405676 0.9080729 0.8957597 0.7852701 0.7822250 0.7847856 0.8847567 1.0165956 1.1500364 1.1500364 1.0903099 1.1541316 1.1043102 0.7187109 0.7187109 0.8623311 0.8386420 0.8464451 0.7994437 0.7994437 0.6960265 0.7926418 0.8839353 0.8839353 0.7648240 0.8132911 0.8071729 1.2025770 0.9785465 1.0336742 1.0953205 0.9965374 0.9255239 0.9534650 0.8940342 0.7528003 0.9094520 0.9074852 1.2288553 0.7862249 0.9224714 0.8887042 0.9723352 0.9228626 1.1285908 0.8827157 1.1646777 0.9333604 0.8483104 1.7659507 0.9834884 0.9931581 1.0557213 0.9311647 1.0670575 1.0149410 0.8376129 0.7857022 0.7763734 0.8181896 0.7800550 0.7800550 1.0384616 1.2248785 1.2378797 0.9699920 1.6331269 1.0442346 0.8769189 1.2837838 1.1002280 1.1002280 1.6432788 1.0401121 1.4043558 1.2970041 1.3063227 1.2532219 1.1559224 1.6213574 1.3964930 1.2796503 1.0979848 1.3575306 1.5030582 1.3469448 1.2968621 1.2968621 1.2490096 1.2490096 1.3349781 1.2414926 1.2414926 1.2830588 1.2060239 1.2846665 1.2846665 1.2075940 1.2075940 1.3116865 1.9831111 1.2382969 1.2829657 1.7971512 1.3522684 1.9607708 1.8021122 1.5146712 1.4703229 1.7797714 2.0208591 1.6032172 1.1737199 1.5151480 3.6122622 2.5324349 2.5584650 2.3702098 2.4243712 2.3494536 2.3978350 2.2493096 2.5209559 2.3909752 2.4524985 2.0638542 2.3814002 2.7050066 2.7302064 2.5936240 2.8918414 2.6182323 2.6261306 2.5604447 2.9160759 
Gasp_gasp1.m3.4896.m1                                              0.7368791 0.7196884 0.7047040 0.7029893 0.7071492 0.6507586 0.6245813 4.4551256 1.5730986 0.3666268 0.3634819 0.4145273 0.1015223 0.0900861 0.0000000 0.0617595 0.1481183 0.2021398 0.1803550 0.4621674 0.6299280 0.5834950 0.6812085 0.6083465 0.6197641 0.6485004 0.6062000 0.6227233 0.6183803 0.6698816 0.5632028 0.8063065 0.4177638 0.6827888 0.5623819 0.7764405 0.7036849 0.7494562 0.8120247 0.8672998 0.9952521 0.8100336 0.8181130 0.8028415 0.7963213 0.7963213 0.7113292 0.7860217 0.7956793 0.8385083 0.7695817 0.7090844 0.7602307 0.8325489 0.9892237 1.1064845 1.1064845 1.0516306 1.1211067 1.0330628 0.6296610 0.6296610 0.7643093 0.7397774 0.7579065 0.7357620 0.7357620 0.6913680 0.7707884 0.8512158 0.8512158 0.7300836 0.7866625 0.7653505 1.1941707 0.9376335 1.0650573 1.0684423 0.9444718 0.9240339 0.9306216 0.8962970 0.8288783 0.8987022 0.8882090 1.0981880 0.7590539 0.9305982 0.8316712 0.9351405 0.8792193 1.0524725 0.7867791 1.0845190 0.8928067 0.8340814 1.7614661 0.8862861 0.9505743 1.0390371 0.8722764 0.9849434 0.9841882 0.8129889 0.7648206 0.7696409 0.8291960 0.8432314 0.8432314 1.0122914 1.1535599 1.2987241 0.9216930 1.5744397 0.9718741 0.8843253 1.1695343 1.0181854 1.0181854 1.4124709 1.0137755 1.3668147 1.2718328 1.2742313 1.2609528 1.2120510 1.5504747 1.3446241 1.2781565 1.0828987 1.3621579 1.4296744 1.3483885 1.3406865 1.3406865 1.2766496 1.2766496 1.2881205 1.2498877 1.2498877 1.2965786 1.2066704 1.2979407 1.2979407 1.2080093 1.2080093 1.2962151 2.0007831 1.1881285 1.2909131 1.8461556 1.2999755 1.9010719 1.8073688 1.4616841 1.5201641 1.6590879 2.0169962 1.5776448 1.2451216 1.2929087 3.2258896 2.5752145 2.6048642 2.2530323 2.4790163 2.4215529 2.4718582 2.3297369 2.6199841 2.4341016 2.4956415 2.1047918 2.3700567 2.8785783 2.9751668 2.9055877 3.2049239 2.7304742 2.8176921 2.5965739 2.8911933 
Fspp_ffun1.m4.12052.m1                                             0.6792338 0.7295437 0.7066255 0.7050986 0.6989912 0.6755110 0.6302423 4.0405265 1.6628260 0.2777433 0.3263628 0.4115777 0.0880045 0.0847327 0.0617595 0.0000000 0.1345233 0.1789850 0.1457588 0.5012764 0.6898419 0.6480709 0.6902491 0.6382208 0.5992556 0.6604162 0.6240266 0.6218952 0.6613543 0.6894461 0.5677251 0.8001826 0.4598335 0.7070513 0.6208520 0.8315205 0.7467091 0.7555872 0.8203700 0.9294927 1.0049395 0.7944651 0.7960820 0.8015278 0.7869135 0.7869135 0.7782468 0.8364741 0.8636103 0.8844721 0.7869596 0.7619222 0.7790157 0.8546333 1.0200122 1.1150693 1.1150693 1.0739594 1.1520685 1.0596861 0.7137276 0.7137276 0.8216156 0.7980130 0.8054337 0.7634366 0.7634366 0.7123269 0.7845690 0.8797583 0.8797583 0.7660386 0.8018750 0.7938109 1.1894145 0.9606673 1.0488067 1.0769006 1.0259764 0.8919742 0.9276343 0.8939478 0.7728893 0.9101284 0.9126661 1.1323373 0.7794431 0.9105074 0.8573486 0.9608338 0.8988167 1.0901742 0.8488076 1.0901924 0.9374651 0.8472995 1.6986788 0.9713904 1.0189265 1.0334750 0.9113085 1.0296169 1.0019480 0.8506541 0.7920195 0.7976369 0.8476291 0.8250991 0.8250991 0.9888066 1.1481468 1.3011278 0.9642872 1.5965652 0.9751637 0.8734666 1.2200336 1.0756130 1.0756130 1.5758570 1.0652903 1.4314689 1.3055099 1.2524274 1.2514681 1.1282110 1.5161235 1.3883053 1.2366413 1.0780459 1.3291043 1.3867373 1.2921172 1.2655696 1.2655696 1.2176924 1.2176924 1.3206425 1.2464394 1.2464394 1.2886694 1.2114156 1.2898649 1.2898649 1.2125952 1.2125952 1.2509769 1.8519844 1.1541921 1.2405072 1.7586102 1.3722392 1.7872399 1.7416410 1.4637341 1.4990370 1.7071718 1.9463858 1.5511180 1.1315766 1.5254563 3.5437031 2.4908118 2.5049630 2.2775709 2.3771047 2.2983663 2.3634137 2.1800878 2.4438072 2.3602128 2.3141628 1.9721013 2.4843565 2.6730077 2.7622116 2.6032620 2.8214699 2.6543294 2.5732234 2.6224983 2.7785281 
Gfas_gfas1.m1.8036.m1                                              0.6851499 0.6741141 0.6761922 0.6747003 0.6947971 0.6965185 0.6427839 3.6500384 1.5778694 0.3073293 0.3628994 0.4474047 0.1391655 0.1401818 0.1481183 0.1345233 0.0000000 0.1394935 0.1099762 0.5006417 0.6543789 0.6328002 0.6835665 0.6860436 0.6884447 0.7154710 0.6482845 0.6057763 0.6286540 0.7033089 0.6115464 0.8647711 0.5376886 0.7789288 0.6772645 0.8398574 0.7470670 0.7618725 0.7730103 0.8647935 1.0110981 0.8277913 0.8183290 0.8271784 0.8093347 0.8093347 0.7881834 0.8235664 0.9622915 0.9401831 0.8197224 0.7659031 0.7971766 0.9341663 1.0814473 1.1797392 1.1797392 1.0634043 1.1393213 1.1047271 0.7940514 0.7940514 0.8620593 0.8382767 0.8461040 0.8455745 0.8455745 0.7672159 0.8336830 0.9438777 0.9438777 0.7671528 0.7932908 0.8160408 1.1836105 0.9884170 1.0722054 1.1414952 1.0238420 0.9460394 1.0404118 1.0081152 0.7751886 0.9605991 0.9711411 1.3041872 0.8516511 0.9976844 0.9124283 0.9930519 0.9405099 1.0913581 0.9429283 1.0326658 0.9151028 0.8765040 1.7294709 1.0599419 1.0516622 1.0606921 1.0188561 1.0920859 0.9960805 0.8697593 0.8186410 0.8246013 0.8433380 0.8495523 0.8495523 1.0150041 1.2206037 1.2569453 1.0339511 1.7655320 1.0771006 0.8995175 1.2404237 1.0900064 1.0900064 1.7131952 1.1173942 1.4532883 1.3087351 1.3048392 1.2978424 1.1908121 1.3476945 1.3003768 1.1832578 1.1066294 1.3132033 1.8196322 1.3635798 1.2716651 1.2716651 1.2186725 1.2186725 1.3261205 1.2644871 1.2644871 1.3195635 1.2391613 1.3207979 1.3207979 1.2403733 1.2403733 1.2507361 1.8454520 1.2228301 1.2999354 1.6789065 1.3657541 1.6217084 1.7381875 1.4722279 1.4593876 1.7145043 1.8970636 1.5591890 1.1980106 1.4474959 3.5906049 2.4689457 2.5621796 2.3015302 2.4890388 2.4503923 2.4000207 2.2757891 2.5218742 2.3532492 2.4341024 2.0383389 2.4133153 2.6305655 2.6818454 2.4703794 2.5494641 2.5764586 2.5298436 2.7738214 2.8406526 
Amil_Amillepora05762-RA                                            0.7976823 0.8443675 0.7049334 0.7032305 0.7092485 0.7150779 0.6612666 4.3783370 1.5131393 0.3915116 0.3987883 0.4478528 0.2094565 0.2196285 0.2021398 0.1789850 0.1394935 0.0000000 0.0543817 0.5527034 0.7104036 0.7169200 0.7230148 0.7055730 0.9961538 0.7371435 0.6975987 0.6720257 0.7520347 0.7176659 0.6725241 0.9296647 0.5668516 0.8435460 0.6573869 0.8486682 0.7794576 0.8456343 0.8936017 0.9410393 1.0460691 0.9239057 0.9203912 0.9308915 0.9062068 0.9062068 0.9436700 0.9523695 0.9201179 1.0652575 0.9134051 0.8653352 0.9008882 1.0448447 1.2854710 1.1585258 1.1585258 1.1215818 1.2176879 1.0979094 0.7569347 0.7569347 0.9225828 0.8796157 0.9042933 0.8751566 0.8751566 0.8547353 0.8737203 1.0023268 1.0023268 0.7667013 0.8135745 0.8421858 1.1423169 1.0292235 1.1401565 1.2042807 1.1876600 1.0344125 1.0546110 1.1103253 0.9189889 1.0819929 1.0647552 1.1899387 0.9309350 1.0595356 0.9423607 1.0110249 0.9665829 1.1006258 0.9321414 0.9974485 0.9454727 0.9402728 1.6570935 1.1837226 1.1477216 1.1411913 1.1094959 1.2115859 1.1214198 0.9446691 0.8891616 0.9033648 0.9476416 0.9679623 0.9679623 1.0538465 1.3009286 1.3883414 1.1013995 1.8235734 1.1616994 0.9296217 1.2790965 1.1372363 1.1372363 1.5069522 1.1435008 1.5125887 1.4008616 1.4628336 1.4190912 1.3999477 1.4885654 1.4617696 1.3300246 1.1828438 1.2270387 1.5632752 1.2764317 1.2290407 1.2290407 1.1470373 1.1470373 1.2629805 1.2721239 1.2721239 1.3350216 1.2389015 1.3256380 1.3256380 1.2295721 1.2295721 1.3140721 1.6632891 1.2549101 1.3321855 1.7813034 1.3881731 2.1127360 1.9601420 1.5826682 1.5648407 1.6648403 2.1854327 1.6228291 1.3581795 1.2405679 3.6593170 2.6507531 2.2770748 2.3080377 2.4605000 2.4593276 2.5293455 2.4699902 2.6708791 2.4661564 2.7848601 2.3056867 2.6857913 2.8237455 3.2003311 2.8374836 3.1685075 3.0008352 2.7597857 2.7642430 3.2410819 
Adig_XM_015897995.1                                                0.7078130 0.6087505 0.6365251 0.6348770 0.6512150 0.6157081 0.6728307 3.7763539 1.3728688 0.3755262 0.3648350 0.4890968 0.1841760 0.1842053 0.1803550 0.1457588 0.1099762 0.0543817 0.0000000 0.5001699 0.6308350 0.6909452 0.7619948 0.6898858 0.7035006 0.7374935 0.6478215 0.6385441 0.7193838 0.7519166 0.6416634 1.0413930 0.6862538 0.8372526 0.6416852 0.8860303 0.7827919 0.7292156 0.7426357 0.8835892 1.0462134 0.7984152 0.7990137 0.7817274 0.7963272 0.7963272 0.8605994 0.8949194 1.0553274 0.9877362 0.8463992 0.8046863 0.8387063 0.9556726 1.2055600 1.1047952 1.1047952 1.1024934 1.1145048 1.0616121 0.7490182 0.7490182 0.8058632 0.7643840 0.7855002 0.7661590 0.7661590 0.6849356 0.7290866 0.8807775 0.8807775 0.7048703 0.7396683 0.7483665 1.2181335 1.0611242 1.0800966 1.2039834 1.1248686 0.9242784 1.0656991 0.9711325 0.7753997 0.9271310 0.9357432 1.2433598 0.8333940 0.9900391 0.8713985 1.0453944 0.9879091 1.1378607 0.9118753 1.0760135 0.9182342 0.8997412 1.9731098 1.0689047 1.0533067 0.9772998 0.9574924 1.0022580 0.9561847 0.9254032 0.8625362 0.8723432 0.8912206 0.8581348 0.8581348 0.9665663 1.1078973 1.2462091 1.1124868 1.7858267 1.0116232 0.8958808 1.2344849 1.1063594 1.1063594 1.9496010 1.1291583 1.4885030 1.3181879 1.3614860 1.3630029 1.2000225 1.4957883 1.2820758 1.3104173 1.0174628 1.2827280 2.9437287 1.3535264 1.3323935 1.3323935 1.2434909 1.2434909 1.3047336 1.2584809 1.2584809 1.3227893 1.2240624 1.3227893 1.3227893 1.2240624 1.2240624 1.3667318 1.8211484 1.2274054 1.2553920 1.4191593 1.3728352 1.9038253 1.6690088 1.4712506 1.5595524 1.7504140 2.1048723 1.5457032 1.3371698 1.4598183 3.6898917 2.6979889 2.4828272 2.4846685 2.5690517 2.5519049 2.3904413 2.4382950 2.7530050 2.5100218 2.4791314 2.0066403 2.6874503 2.8269736 2.8449907 2.6782204 3.1141747 2.8400687 2.9657861 3.1905091 2.9940983 
Dgig_XM_028535346.1                                                0.5679471 0.7390390 0.6315781 0.6276928 0.6059661 0.6241249 0.6990416 4.0124726 1.5458141 0.4931828 0.5178377 0.5421538 0.4893539 0.4902192 0.4621674 0.5012764 0.5006417 0.5527034 0.5001699 0.0000000 0.2157345 0.7673218 0.7875722 0.6712900 0.6768181 0.8034613 0.6736266 0.6998313 0.7757921 0.8013430 0.7276871 1.0249061 0.6494128 0.8561073 0.8242835 1.0657242 0.7795948 0.7835004 0.8544800 0.8430058 1.1126010 0.8349903 0.8258809 0.8646621 0.7799412 0.7799412 0.8224661 0.9020320 1.2873096 0.9534336 0.8993388 0.8740855 0.9043588 0.9467689 1.2623618 1.1449730 1.1449730 1.0933023 1.2078024 1.1483625 0.8254008 0.8254008 0.9079690 0.8821425 0.9134245 0.9008655 0.9008655 0.8168801 0.8801906 0.9686985 0.9686985 0.8406701 0.8302924 0.8676213 1.3218640 1.1983678 1.3288094 1.2685536 1.1841154 0.9444496 1.0940707 0.9778899 0.7608111 0.9144506 0.8694944 1.3895533 0.8119724 0.9659205 0.8813692 1.0554215 1.0019660 1.1233153 0.9141066 1.1890325 1.0016076 0.9202251 1.6954171 0.9618561 0.9444581 1.0500112 1.0181574 1.1242524 1.0447393 0.9242700 0.8504392 0.8573923 0.8591850 0.9076761 0.9076761 0.9988924 1.3779119 1.3260637 1.0807975 1.5586805 0.9983409 0.9664080 1.2577428 1.0783847 1.0783847 1.8267558 1.0973328 1.3099436 1.2313228 1.2280267 1.3288660 1.1241555 1.5084736 1.4158266 1.5080097 1.0438623 1.3193493 1.6462887 1.3483850 1.3733135 1.3733135 1.3063148 1.3063148 1.4627703 1.2521468 1.2521468 1.3066703 1.2254021 1.3316033 1.3316033 1.2499288 1.2499288 1.2837935 1.7531658 1.2881840 1.2875723 1.7793216 1.4008353 1.6082492 1.7093847 1.4933287 1.5627676 1.6093873 2.2314017 1.4662838 1.2135302 1.7748347 3.2710627 2.2810204 2.7453454 2.5903690 2.7620949 2.5519835 2.5382472 2.1904785 2.4632394 2.4105744 2.5346137 2.1448296 2.3479797 3.0531226 2.8143060 2.6611657 3.4730193 2.9582932 2.8580233 2.6668776 3.4764012 
Xesp_013898-T1                                                     0.1608427 0.7837009 0.6391347 0.6391347 0.6118750 0.6713979 0.7578051 4.4216612 2.3290552 0.2109393 0.6927530 0.7566780 0.6595976 0.6724532 0.6299280 0.6898419 0.6543789 0.7104036 0.6308350 0.2157345 0.0000000 0.7160384 0.7880732 0.7811966 0.7522818 0.8532963 0.5719288 0.7852171 0.7947318 0.7791151 0.6732496 1.0073889 0.7142010 0.7839197 0.8778031 0.9060510 0.6980826 0.8088148 0.8718208 0.6658587 1.1004076 0.9302088 0.8905962 0.9492441 0.8249132 0.8249132 0.8447217 0.9320131 1.4217775 1.0836485 0.9706285 1.0349093 1.0138450 1.1578258 1.4767947 1.0691413 1.0691413 0.8742508 1.2227941 1.0478224 0.8288682 0.8288682 1.0756726 1.0716811 1.0756726 1.0977445 1.0977445 0.8808036 0.9789548 1.0077168 1.0077168 0.9204735 0.9864174 1.0406782 0.9776199 1.0848487 1.1394338 1.1449880 1.2839568 1.0095245 1.2341020 1.1476851 0.5624975 1.0043303 0.9773244 1.5037031 0.8946782 1.0443944 0.9851518 1.0610943 1.0787985 1.0730628 1.0571649 0.7327542 0.9095123 1.0394427 1.3286245 1.0112171 0.9864332 1.1792425 1.2059773 1.2985812 1.1286007 0.9349445 0.8679087 0.8670837 0.8661312 0.9218895 0.9218895 1.1118525 1.4214347 1.2842276 1.0962138 2.0369237 1.1565939 0.9354143 1.2622989 1.0395896 1.0395896 2.0519722 1.0777884 1.2723140 1.2743684 1.1775103 1.1775503 0.9375738 1.3941702 1.2863974 1.3661675 1.2700688 1.3626866 1.8340174 1.3574102 1.1499382 1.1499382 1.1499382 1.1499382 1.4533013 1.1647362 1.1647362 1.1647362 1.1647362 1.1935907 1.1935907 1.1935907 1.1935907 1.2045250 1.8452793 1.2446116 1.1315626 1.8371854 0.9698106 0.0000010 2.5582937 1.5297608 1.6233557 1.6661471 0.8656405 1.6209012 0.7760994 1.7635891 4.9603766 2.1685370 2.6840614 2.5375892 2.7291044 2.5248119 2.8841047 2.5243821 2.7189425 2.4110567 2.3369455 2.3369455 2.4667254 3.1020425 2.6129597 2.6189396 2.9164993 2.8162915 2.6506396 3.0215490 3.0361393 
