122
Pbac_sb2645830                                     0.0000000 0.9711999 0.7705030 0.9711999 0.0000010 3.7522114 0.0000010 0.7895485 0.7895485 1.4069577 1.0049053 4.3294697 3.1720698 1.1746868 4.3294697 1.8501984 1.8501984 1.9075500 0.9711999 0.5647407 2.2572785 0.8026667 0.9711999 0.9711999 0.9711999 0.9711999 1.0194580 1.0194580 0.9711999 0.0000010 0.9711999 0.0000010 2.0667294 2.1473161 2.2176036 1.9493316 0.9711999 3.7377373 1.5789820 2.0092673 2.3171939 2.1936278 4.1207005 2.2159896 2.3052414 0.9711999 2.1093774 2.1813977 2.1328463 2.1575099 3.5148377 2.1838011 2.4515653 2.3528458 2.4478811 1.9927486 2.1628682 2.2615365 2.4385018 2.4207392 1.8015811 3.6385453 2.2980384 2.2980384 2.2980384 2.2980384 2.0493093 2.3909082 2.1994198 1.7457146 0.4237296 2.0103062 2.7485378 2.4193467 6.2998202 1.2066158 0.0000010 0.0000010 0.0000010 2.5818938 3.3906102 0.0000010 0.0000010 1.3023326 2.7934234 3.1497000 2.5695744 2.5695744 2.2634981 3.1748198 3.4807843 3.2507242 9.0000000 1.5406021 3.2484635 3.0751996 3.4397381 3.0194174 2.8810189 3.0092097 3.5481546 5.7592886 3.4761294 3.8324763 3.9988505 3.8806532 3.9091685 3.5594686 0.0000010 8.0647466 8.1674187 3.9567943 3.2625413 3.4842886 3.8923850 2.9398659 3.0522307 2.8743675 2.9968913 3.2808204 4.2006879 3.6199269 
Bolinf_Binf_sb1230616                              0.9711999 0.0000000 0.0949411 0.1027992 0.6877980 1.0818541 0.6877980 0.4196833 0.4196833 0.4196833 0.4373821 0.0000010 0.4373821 0.4373821 0.0000010 0.5243321 0.5243321 0.0000010 0.4389609 0.4492662 2.8532174 0.0000010 0.5712378 0.5712378 0.5712378 0.5712378 0.0000010 0.0000010 0.8328326 1.7519444 0.8084267 0.8297407 1.1071161 1.1115100 1.0146285 1.0312463 1.1240254 0.8631491 0.9927450 1.0880932 0.9800715 1.0795305 1.6755322 1.1291533 1.1471025 1.2574577 1.2817919 1.1834225 1.3916999 1.3330143 0.9944503 1.0115367 1.1980943 1.3969002 1.2040352 1.4126669 1.2362567 1.3536332 1.7914260 0.0000010 1.3304511 1.3209382 1.2708460 1.3070140 1.2784023 1.2936842 1.2739255 1.2739255 1.4227661 0.0000010 1.3160351 2.1044738 1.8661527 0.0000010 1.4272041 1.6844477 0.0000010 1.9267449 1.5286978 1.6475017 0.0000010 0.0000010 0.0000010 2.1167714 1.6842317 1.8861219 2.0797637 2.0797637 1.2328566 1.7215022 1.6096947 1.6738857 1.5803143 1.7890096 1.7992141 1.8208439 1.8210736 1.8525971 1.8662018 5.7394416 1.5504578 3.1704346 0.0000010 1.9519498 2.2154852 5.5916066 2.1523418 2.0836501 0.0000010 2.0886030 2.2958626 2.3669884 1.7453719 2.5270057 2.4905056 2.2590100 7.9853278 1.5485310 1.9671830 2.3087490 1.9288294 2.7223742 
Mlei_ML1476.g5.i1                                  0.7705030 0.0949411 0.0000000 0.0048405 0.0745451 0.0999492 0.1106521 0.2780771 0.2780771 0.2913687 0.3005532 0.3057682 0.2960534 0.3006964 0.3395821 0.3309869 0.3309869 0.2921559 0.4800796 0.4223443 0.7965206 0.3585336 0.5108425 0.5445216 0.5024566 0.4611746 0.4829712 0.5072544 0.7867991 0.9352411 0.8096457 0.7560924 1.7419346 1.7538971 1.7528904 1.7047120 1.7758007 1.4707007 1.0744873 1.7182748 1.6731916 1.8211849 1.6350974 1.7041135 1.7703210 1.3170143 1.7673194 1.6820921 1.9072838 1.9431396 1.6974142 1.7112512 1.8029398 1.8151802 1.9491848 1.8024056 1.8147035 1.7475688 1.8344457 2.0650981 1.9293814 1.8694613 1.8395010 1.8430771 1.8248939 1.8290145 1.9036883 1.9007989 1.8067190 2.3412750 1.5267985 2.4752130 2.3488701 2.3746844 2.5521990 2.2890505 2.1146103 1.9196494 1.8326089 2.0645113 1.8581576 2.1591070 2.1178713 2.3527233 2.3411940 2.4272038 2.2257252 2.2257252 1.9592225 2.4214088 2.3220465 2.3937986 1.5898891 2.6019454 2.4597054 2.4119242 2.8852894 2.5602961 2.4807304 2.6829866 2.5995394 3.5133494 2.6084004 2.9024615 3.0145409 3.4654558 2.9151845 2.9356932 2.5810664 4.2829210 3.0376712 3.3783778 2.6963005 2.9013805 3.0411646 2.7578796 3.2929532 2.0438148 2.8072372 2.4555472 3.5074884 2.8111050 
Vmul_sbMO389516                                    0.9711999 0.1027992 0.0048405 0.0000000 0.0745451 0.0711330 0.1106521 0.3202577 0.3202577 0.3202577 0.3048423 0.0000010 0.3048423 0.3048423 0.0000010 0.3583811 0.3583811 0.2813609 0.4774536 0.3898819 0.8627133 0.4216026 0.5183679 0.5527392 0.5079950 0.4876049 0.0000010 0.0000010 0.7844170 0.9316825 0.8070890 0.7542666 1.7452715 1.7560773 1.6664504 1.6855910 1.7810034 1.4357336 1.0447032 1.7295233 1.6223553 1.8035558 1.6283512 1.6457843 1.8165308 1.3008408 1.8235692 1.6287413 2.0297175 2.0137446 1.6794567 1.6869517 1.7152546 1.7718876 1.8924629 1.7653386 1.7822762 1.6978059 1.9364718 0.0000010 1.9498038 1.8531065 1.8087542 1.8235672 1.7794384 1.7872364 1.8740974 1.8740974 1.9071675 1.9898438 1.5383732 2.3670096 2.3354194 0.0000010 1.9189742 2.1637944 2.1146103 1.9125885 1.8291750 2.0548024 5.8839014 3.8849309 2.1378966 2.3658954 2.3388691 2.5000390 2.2040743 2.2040743 1.7823050 2.2773786 2.1431471 2.3485094 1.5898891 2.5726539 2.4583484 2.2093663 2.7716006 2.5373363 2.5072282 7.3912345 2.4669148 3.5382703 0.0000010 2.7682022 2.8597871 4.7262257 2.9590742 2.8694403 2.5810664 3.3168584 2.7533675 3.3055188 2.4458383 3.1489293 3.2786348 2.7346728 4.1022239 1.7932104 2.7056089 2.3909670 3.2587547 3.0832291 
Mertsp_Mesp_sb550258                               0.0000010 0.6877980 0.0745451 0.0745451 0.0000000 0.0078291 0.0389154 0.2943947 0.2943947 0.2943947 0.2531850 0.0000010 0.2531850 0.2531850 0.0000010 0.3038242 0.3038242 0.2989693 0.9008687 0.3533030 0.3972728 0.5190026 0.4658643 0.5031751 0.4829512 0.4639602 0.0000010 0.0000010 0.7821853 0.7821853 0.8227143 0.7854804 2.5964007 2.6382544 2.5790943 2.5434789 2.6565169 2.4294024 9.0000000 3.8448156 3.1659842 2.9579489 4.5421808 2.4293314 2.7695493 2.6968791 2.3134517 2.1396180 2.7581981 2.9079327 2.4655783 2.4655783 2.3752496 2.1208211 2.6173785 2.2272656 2.2514717 2.1736167 2.2341192 0.0000010 2.6885238 2.4553360 2.3968293 2.3919216 2.3778125 2.3778125 2.4940413 2.4940413 2.4956924 1.9898438 1.9060328 2.7176313 2.8937285 0.0000010 2.6339161 2.7195154 2.1215347 3.6996926 2.7649274 2.4836238 0.0000010 9.0000000 2.2106513 2.6587645 3.0180544 3.0283606 2.4578707 2.4578707 2.5865035 2.8677578 2.7931862 3.1241246 0.0000010 3.2239784 3.1760435 2.7589735 3.7696243 3.2209854 3.1107093 9.0000000 3.3629118 3.3265894 0.0000010 3.7886215 3.8010364 5.5107724 3.8979768 3.6412086 2.6126438 4.6953870 4.1339861 5.0786568 3.0690677 3.9047468 3.6846521 3.0179144 3.0179144 6.3295601 3.4831940 2.5532720 5.0807109 3.3833529 
Bolinf_Binf_sb1230618                              3.7522114 1.0818541 0.0999492 0.0711330 0.0078291 0.0000000 0.0391247 0.3001439 0.3001439 0.3001439 0.2742028 0.3176999 0.2717817 0.2529582 0.3457239 0.2903416 0.2903416 0.2855901 1.3159745 0.4205284 0.5225065 0.4171354 0.4792318 0.5187402 0.4805469 0.4176753 0.6249068 0.8315929 0.7960998 0.7960998 0.8284648 0.7620633 2.1515147 2.1776712 2.2113293 2.1311247 2.4199693 2.4294024 2.7922738 2.2953454 2.1864999 2.5516035 2.8483304 2.0769637 2.2304158 2.2058414 2.0199718 1.9318481 2.2977337 2.4491952 2.0978808 2.1180537 2.1575787 2.0176781 2.3206610 2.1485039 2.1566402 2.0321695 1.9959769 2.1215333 2.3531728 2.2506000 2.2324866 2.2209984 2.2313080 2.2313080 2.3068001 2.3028120 2.0516802 3.0021152 1.9094567 2.7399871 2.8000922 9.0000000 2.9071470 2.7828397 2.1215347 3.6480153 2.7775423 2.3390282 2.0059781 2.1578700 2.1476462 2.6606389 2.6490811 2.6074943 2.3910755 2.3910755 2.4405818 2.7289360 2.7071940 2.8626998 0.0000010 3.0806392 2.9894673 2.8321796 3.4172794 3.0634390 2.8065315 2.6970036 3.1621403 3.3445155 2.9455443 3.6581027 3.6248097 3.8467008 3.6589912 3.3368746 2.6126438 4.8433419 4.3052792 4.3977894 3.2454396 3.4589925 3.3440177 3.1855438 3.1855438 5.9793143 3.5361099 2.5960392 4.4249352 2.9199386 
Mertsp_Mesp_sb550259                               0.0000010 0.6877980 0.1106521 0.1106521 0.0389154 0.0391247 0.0000000 0.2902586 0.2902586 0.2902586 0.2351296 0.0000010 0.2351296 0.2351296 0.0000010 0.3284290 0.3284290 0.3314633 0.9008687 0.3367301 0.4064634 2.2130541 0.4189114 0.4493845 0.4913604 0.4913604 0.0000010 0.0000010 0.8428727 0.8428727 0.9057838 0.6961626 2.4330748 2.4404543 2.3561650 2.3291567 2.3545346 2.4339304 9.0000000 3.8607623 3.3091706 2.8367675 4.5421808 2.0882418 2.3891189 2.6968791 2.1075682 1.9168829 2.6046062 2.8172557 2.4628280 2.4628280 2.0467746 1.9610159 2.4076191 2.4311974 2.3611166 2.2743203 2.3157602 0.0000010 2.6456284 2.4599173 2.4262180 2.4041956 2.4063137 2.4063137 2.3520049 2.3520049 2.3082197 1.8810829 2.0630428 2.8349583 2.8349583 0.0000010 2.7578053 2.6211024 2.1215347 3.6996926 2.6355088 2.3053160 0.0000010 0.0000010 2.3300660 2.9233615 2.7909085 2.8803886 2.4381908 2.4381908 2.2517714 2.5067247 2.4727872 2.7558255 0.0000010 2.7453833 2.9388688 2.7473849 3.0610208 2.7885603 2.5632017 9.0000000 3.6700810 3.2392117 0.0000010 3.4854814 3.5458637 2.2748454 3.5079138 3.3954486 2.9706388 5.1529488 4.1339861 5.8057451 3.6784398 4.2339918 3.4842962 2.3227109 2.3227109 5.8221244 3.3423993 2.3451720 4.4763080 3.4325642 
Bolinf_Binf_sb1282890                              0.7895485 0.4196833 0.2780771 0.3202577 0.2943947 0.3001439 0.2902586 0.0000000 0.0000010 0.0105572 0.3606384 0.3894082 0.3620796 0.3558148 0.4034115 0.3819114 0.3819114 0.3370310 0.4498509 0.4209976 0.7744453 0.3350212 0.4778969 0.4973898 0.4652469 0.4338988 0.4679571 0.4890812 0.8387424 1.0067408 0.8590448 0.7838401 1.7731863 1.7536870 1.7998930 1.7456878 1.8241910 1.4785292 1.0393050 1.7040535 1.7072466 1.8503218 1.7495599 1.7250236 1.8064142 1.3719349 1.7410189 1.7026703 1.9450425 1.9742083 1.6530841 1.7015634 1.8054964 1.8895833 1.8990247 1.7749950 1.8078338 1.7741848 1.8772868 1.9814116 1.9668827 1.8743872 1.8278584 1.8364116 1.8312895 1.8354352 1.9165791 1.8955877 1.8119931 2.2468723 1.5324403 2.3446225 2.2705306 2.1377986 2.5863226 2.3137067 2.2643049 1.8477939 1.9696940 2.1746829 1.9472286 1.9924734 2.0244667 2.5348463 2.3894659 2.5392143 2.1605759 2.1605759 2.0099425 2.4108136 2.3660499 2.2940956 1.5297405 2.4424761 2.4569456 2.4716095 3.0342523 2.5698948 2.5555701 2.8847591 2.5664974 3.1513083 2.6333781 3.0472521 3.1577625 3.4438961 3.0574704 2.8736599 2.6584110 4.1363937 3.0465623 3.4447789 2.6484242 3.0198467 3.0412182 2.7562466 3.2782999 2.1656312 2.9218428 2.3991713 3.6592630 2.8530684 
Bolinf_Binf_sb1282891                              0.7895485 0.4196833 0.2780771 0.3202577 0.2943947 0.3001439 0.2902586 0.0000010 0.0000000 0.0105572 0.3606384 0.3894082 0.3620796 0.3558148 0.4034115 0.3819114 0.3819114 0.3370310 0.4498509 0.4209976 0.7744453 0.3350212 0.4778969 0.4973898 0.4652469 0.4338988 0.4679571 0.4890812 0.8387424 1.0067408 0.8590448 0.7838401 1.7731863 1.7536870 1.7998930 1.7456878 1.8241910 1.4785292 1.0393050 1.7040535 1.7072466 1.8503218 1.7495599 1.7250236 1.8064142 1.3719349 1.7410189 1.7026703 1.9450425 1.9742083 1.6530841 1.7015634 1.8054964 1.8895833 1.8990247 1.7749950 1.8078338 1.7741848 1.8772868 1.9814116 1.9668827 1.8743872 1.8278584 1.8364116 1.8312895 1.8354352 1.9165791 1.8955877 1.8119931 2.2468723 1.5324403 2.3446225 2.2705306 2.1377986 2.5863226 2.3137067 2.2643049 1.8477939 1.9696940 2.1746829 1.9472286 1.9924734 2.0244667 2.5348463 2.3894659 2.5392143 2.1605759 2.1605759 2.0099425 2.4108136 2.3660499 2.2940956 1.5297405 2.4424761 2.4569456 2.4716095 3.0342523 2.5698948 2.5555701 2.8847591 2.5664974 3.1513083 2.6333781 3.0472521 3.1577625 3.4438961 3.0574704 2.8736599 2.6584110 4.1363937 3.0465623 3.4447789 2.6484242 3.0198467 3.0412182 2.7562466 3.2782999 2.1656312 2.9218428 2.3991713 3.6592630 2.8530684 
Mertsp_Mesp_sb605136                               1.4069577 0.4196833 0.2913687 0.3202577 0.2943947 0.3001439 0.2902586 0.0105572 0.0105572 0.0000000 0.3594667 0.3894082 0.3620796 0.3558148 0.4034115 0.3751561 0.3751561 0.3283061 0.4498509 0.4377323 0.7466802 0.3607247 0.4778969 0.4973898 0.4652469 0.4338988 0.5028533 0.5457330 0.8387424 1.0067408 0.8590448 0.7838401 1.7984447 1.7781664 1.8270049 1.7699322 1.8241910 1.4785292 1.0156993 1.7359403 1.7178374 1.8510385 1.7495599 1.7495116 1.8337662 1.3719349 1.7432387 1.7124559 1.9724597 2.0063517 1.6530841 1.6994367 1.7814141 1.8847704 1.8953437 1.7970245 1.8325583 1.7657700 1.8978318 2.1069419 1.9896196 1.8743872 1.8588595 1.8678103 1.8634921 1.8678282 1.9508980 1.9274780 1.8100991 2.5681240 1.5463209 2.3647921 2.3153485 2.7731218 2.5109021 2.3489015 2.2643049 1.8477939 1.9696940 2.1818445 1.9472286 1.9924734 2.0244667 2.5348463 2.4075289 2.5450771 2.1934165 2.1934165 2.0082461 2.4059137 2.3527892 2.2707158 1.5297405 2.4424761 2.4497308 2.4757849 2.9966913 2.5149058 2.5167477 2.8125143 2.5511665 3.1942787 2.5371556 3.0486541 3.1385617 3.4227661 3.0299935 2.8802860 2.6584110 4.0771128 2.9197989 3.2923513 2.6339732 3.0205719 3.0018563 2.7132671 3.2452124 2.0848041 2.9105205 2.3883095 3.7481423 2.8530684 
Beraby_Baby_sb339070                               1.0049053 0.4373821 0.3005532 0.3048423 0.2531850 0.2742028 0.2351296 0.3606384 0.3606384 0.3594667 0.0000000 0.0053720 0.0014565 0.0037133 0.0170352 0.3992720 0.3992720 0.3664585 0.5455448 0.4860342 0.8296038 0.4263133 0.5520272 0.5837416 0.5586146 0.5182818 0.5927428 0.6382103 0.9012670 1.0763842 0.9145906 0.8364508 1.8835164 1.8860656 1.8889490 1.8262413 1.9048234 1.5784862 1.1651193 1.7720021 1.7706728 1.9645737 1.6225258 1.7955794 1.8348773 1.4567901 1.7767132 1.7552951 1.9912701 2.0219477 1.7482647 1.7668690 1.8289597 1.8722674 1.9350495 1.8516493 1.9080271 1.8512454 1.9130288 2.2328203 2.0993053 1.9784241 1.9535982 1.9580442 1.9578101 1.9622138 2.0118054 2.0107281 1.8529925 2.5236153 1.5672691 2.5297913 2.4287856 2.7302921 2.6409212 2.3001603 2.1184883 1.8205335 1.9033611 2.1305740 1.8938641 2.0271780 2.2439801 2.4036892 2.4331597 2.4794622 2.2007886 2.2007886 2.0917628 2.4130268 2.3735293 2.4184931 1.6728874 2.6087948 2.4706178 2.4984130 2.8923762 2.6393585 2.4949565 2.6845516 2.5520927 3.2010649 2.4641630 2.9373058 3.0422281 3.5096418 2.9947538 2.9910631 2.9637047 4.4478218 2.9840971 3.3286797 2.6717960 3.0036409 3.0711562 2.7554071 3.3289615 1.9441096 2.8342063 2.5476373 3.7514466 2.7495103 
Bolinf_Binf_sb1319692                              4.3294697 0.0000010 0.3057682 0.0000010 0.0000010 0.3176999 0.0000010 0.3894082 0.3894082 0.3894082 0.0053720 0.0000000 0.0053720 0.0125388 0.0227819 0.3793330 0.3793330 0.3793330 0.0000010 0.5112257 0.5104453 0.4746031 0.0000010 0.0000010 0.0000010 0.0000010 0.6368475 0.7631485 0.0000010 0.0000010 0.0000010 0.0000010 1.9267760 1.9838911 1.8812215 1.8626006 4.0905094 0.0000010 1.6296706 1.9393201 1.7627204 2.3052488 0.0000010 1.8023693 1.8857284 0.0000010 1.6666798 1.7594377 1.9185193 2.0308614 1.7682329 1.7682329 1.8282674 1.8223494 2.1246454 1.9409002 1.9696269 1.7172867 1.7129228 2.1646787 1.9654999 1.9517977 1.9180407 1.9141489 1.9716379 1.9716379 2.0587342 2.0464143 1.7160014 3.2627898 0.0000010 2.6746156 2.5801542 0.0000010 3.4826268 3.1822204 0.0000010 0.0000010 0.0000010 1.7507924 1.7232482 1.7148953 0.0000010 1.2514251 2.1859270 2.0831127 2.1842175 2.1842175 2.2290230 2.3965776 2.4844284 2.5880311 0.0000010 1.9389409 2.5578008 2.7200872 2.7896709 2.6522504 2.4917085 2.4917085 2.7609887 0.0000010 2.3789763 3.2701125 3.3496552 3.3496552 3.1041012 2.7134782 0.0000010 4.8864442 0.0000010 3.4703163 2.7112536 2.7331290 2.8109766 2.7869530 2.7869530 4.8833312 3.2777424 2.6896749 3.6828954 2.2965985 
Beraby_Baby_sb339071                               3.1720698 0.4373821 0.2960534 0.3048423 0.2531850 0.2717817 0.2351296 0.3620796 0.3620796 0.3620796 0.0014565 0.0053720 0.0000000 0.0018552 0.0170352 0.3845913 0.3845913 0.3410201 0.5455448 0.4827011 0.7994106 0.4332199 0.5520272 0.5837416 0.5586146 0.5182818 0.5754808 0.6414778 0.9012670 1.0763842 0.9145906 0.8364508 1.9065529 1.9066686 1.8835812 1.8422686 1.9048234 1.5551937 1.1540610 1.7664940 1.7731011 1.9988787 1.6225258 1.7673984 1.8143692 1.4567901 1.7234832 1.6903358 1.9923102 2.0451862 1.7482647 1.7428357 1.7650117 1.8119126 1.8890456 1.8276991 1.8955079 1.7988887 1.8750734 2.0095863 2.0813973 1.9784241 1.9141225 1.9191980 1.9292244 1.9342799 1.9779688 1.9781915 1.8259103 3.1682089 1.5659128 2.5000728 2.4404719 9.0000000 2.4602006 2.3220217 2.1184883 1.8205335 1.9033611 2.1209106 1.8938641 2.0271780 2.2439801 2.4036892 2.3436457 2.3964111 2.1456580 2.1456580 2.0421115 2.3227905 2.3100057 2.3973482 1.6728874 2.6087948 2.4345158 2.4981558 2.9123378 2.6085167 2.5103578 2.8050841 2.5409527 3.2177905 2.4344480 2.9137511 3.0022702 3.5825647 2.9985111 2.9421314 2.9637047 4.1640163 2.7386078 3.1958344 2.6093384 2.9655280 3.0287215 2.7908300 3.5103737 1.9936163 2.8219916 2.4892110 3.7064936 2.7526666 
Beraby_Baby_sb339072                               1.1746868 0.4373821 0.3006964 0.3048423 0.2531850 0.2529582 0.2351296 0.3558148 0.3558148 0.3558148 0.0037133 0.0125388 0.0018552 0.0000000 0.0267991 0.3968930 0.3968930 0.3413891 0.5455448 0.4687314 0.8836874 0.3940119 0.5520272 0.5837416 0.5586146 0.5182818 0.4893685 0.4397824 0.9012670 1.0763842 0.9145906 0.8364508 1.9120964 1.9099426 1.8612156 1.8102545 1.8842284 1.5551937 1.1310678 1.6648127 1.6879935 1.9396918 1.6225258 1.7411114 1.7922094 1.4567901 1.7823203 1.6926786 1.9588253 1.9940500 1.7462757 1.7514726 1.7708254 1.8224156 1.8968531 1.8077494 1.8964501 1.8598721 1.9353013 2.1456498 2.1052347 1.9504685 1.9040496 1.9087261 1.9306848 1.9372584 1.9848998 1.9848998 1.9301239 3.2823304 1.5659128 2.4143931 2.4153135 9.0000000 2.0505641 2.1450450 2.1184883 1.8205335 1.9033611 2.2283369 1.8738719 1.9246399 2.2880993 2.4120198 2.3912450 2.4120897 2.0914251 2.0914251 2.0045676 2.3135460 2.2624336 2.3823458 1.6728874 2.6087948 2.4946239 2.4115521 2.9059169 2.5178077 2.4420869 2.8713599 2.4672115 3.2177905 2.5267636 2.9973993 3.0019321 4.1220062 3.1179848 2.9881280 2.9637047 3.7517444 2.7386078 3.1471130 2.5819596 3.0738900 3.2090254 2.8513633 3.9191538 1.7027165 2.6323721 2.4435175 3.4132668 2.8552857 
Drygla_Dgla_sb280437                               4.3294697 0.0000010 0.3395821 0.0000010 0.0000010 0.3457239 0.0000010 0.4034115 0.4034115 0.4034115 0.0170352 0.0227819 0.0170352 0.0267991 0.0000000 0.4104682 0.4104682 0.4104682 0.0000010 0.5434966 0.5425512 0.4956488 0.0000010 0.0000010 0.0000010 0.0000010 0.6926328 0.8123337 0.0000010 0.0000010 0.0000010 0.0000010 1.9735197 2.0417327 1.9250873 1.9048879 4.0905094 0.0000010 1.6296706 1.9326460 1.8018054 2.3526028 0.0000010 1.8685854 1.9213898 0.0000010 1.8308585 1.8924733 1.9598693 2.0796405 1.8779632 1.8779632 1.9130808 1.9311187 2.2270860 2.0530331 2.0699392 1.8012982 1.7585390 2.1747909 2.0667144 1.9676761 1.9405103 1.9181173 1.9872133 1.9872133 2.0960040 2.0766302 1.8508403 3.3459359 0.0000010 2.7748787 2.7176798 0.0000010 3.6758889 3.4717382 0.0000010 0.0000010 0.0000010 1.9120403 1.8260460 1.8914720 0.0000010 1.2514251 2.2055996 2.1737110 2.2919657 2.2919657 2.3425896 2.5951087 2.6333569 2.8103363 0.0000010 1.9610491 2.6777973 2.9117264 2.8828976 2.7406991 2.6562952 2.6562952 2.8103551 0.0000010 2.4109114 3.2700426 3.3981998 3.3981998 3.1737728 2.8537986 0.0000010 4.8954525 0.0000010 3.8600358 2.8016169 2.9126248 3.0665185 2.9805496 2.9805496 4.8833312 3.3642649 2.6963301 3.9560220 2.4677670 
Drygla_Dgla_sb300763                               1.8501984 0.5243321 0.3309869 0.3583811 0.3038242 0.2903416 0.3284290 0.3819114 0.3819114 0.3751561 0.3992720 0.3793330 0.3845913 0.3968930 0.4104682 0.0000000 0.0000010 0.0000010 0.6762969 0.5192800 0.8093788 0.4591902 0.6123766 0.6480367 0.6050190 0.5629886 0.5687169 0.6482849 0.9662423 1.0844717 0.9872156 0.8955204 1.9506999 1.8999776 1.8707626 1.8403091 1.9977372 1.5949640 1.1797115 1.9315419 1.8719996 2.0265176 1.4544888 1.8130526 1.9540095 1.4725793 1.8005101 1.8391220 2.0168178 2.0587210 1.7931835 1.8120262 1.8554683 1.9805877 2.0144840 1.8183360 1.8633003 1.7251702 1.8912247 2.2043485 1.9763255 1.9110856 1.8895820 1.9019800 1.8806516 1.8849963 1.9644389 1.9675431 1.8491396 2.3272941 1.5621199 2.4067839 2.3261576 2.2840596 2.4857760 2.5039406 2.6982734 2.0690226 2.1814645 2.1488975 1.8474492 1.8742677 2.1965549 2.4774417 2.4202497 2.4873482 2.3435473 2.3435473 2.0919245 2.5580454 2.4943408 2.4305838 1.5174655 2.6575486 2.4190242 2.6445270 2.7978397 2.6067790 2.5068168 2.6517926 2.5831109 3.1510987 2.4463704 3.0245884 3.1626412 3.5308050 2.9201912 2.9126275 2.7077741 4.2527745 2.6280825 3.3413714 2.5928030 2.8501298 2.8201198 2.6186452 3.1423012 1.8962030 2.9469417 2.4390027 3.7715597 2.7542028 
Drygla_Dgla_sb300764                               1.8501984 0.5243321 0.3309869 0.3583811 0.3038242 0.2903416 0.3284290 0.3819114 0.3819114 0.3751561 0.3992720 0.3793330 0.3845913 0.3968930 0.4104682 0.0000010 0.0000000 0.0000010 0.6762969 0.5192800 0.8093788 0.4591902 0.6123766 0.6480367 0.6050190 0.5629886 0.5687169 0.6482849 0.9662423 1.0844717 0.9872156 0.8955204 1.9506999 1.8999776 1.8707626 1.8403091 1.9977372 1.5949640 1.1797115 1.9315419 1.8719996 2.0265176 1.4544888 1.8130526 1.9540095 1.4725793 1.8005101 1.8391220 2.0168178 2.0587210 1.7931835 1.8120262 1.8554683 1.9805877 2.0144840 1.8183360 1.8633003 1.7251702 1.8912247 2.2043485 1.9763255 1.9110856 1.8895820 1.9019800 1.8806516 1.8849963 1.9644389 1.9675431 1.8491396 2.3272941 1.5621199 2.4067839 2.3261576 2.2840596 2.4857760 2.5039406 2.6982734 2.0690226 2.1814645 2.1488975 1.8474492 1.8742677 2.1965549 2.4774417 2.4202497 2.4873482 2.3435473 2.3435473 2.0919245 2.5580454 2.4943408 2.4305838 1.5174655 2.6575486 2.4190242 2.6445270 2.7978397 2.6067790 2.5068168 2.6517926 2.5831109 3.1510987 2.4463704 3.0245884 3.1626412 3.5308050 2.9201912 2.9126275 2.7077741 4.2527745 2.6280825 3.3413714 2.5928030 2.8501298 2.8201198 2.6186452 3.1423012 1.8962030 2.9469417 2.4390027 3.7715597 2.7542028 
Drygla_Dgla_sb300766                               1.9075500 0.0000010 0.2921559 0.2813609 0.2989693 0.2855901 0.3314633 0.3370310 0.3370310 0.3283061 0.3664585 0.3793330 0.3410201 0.3413891 0.4104682 0.0000010 0.0000010 0.0000000 0.0000010 0.4818451 0.5702484 0.4591902 0.5611413 0.6706572 0.5725797 0.5036466 0.5687169 0.6482849 0.8725174 0.8725174 0.9194397 0.8777501 2.1515485 2.1287363 2.1428990 2.0861033 2.7674039 2.5407625 2.9865418 2.2214022 2.2162435 2.3356790 0.0000010 2.0737303 2.1521026 2.3999843 1.9259958 1.9818605 2.2074847 2.2815397 2.0703513 2.0440564 2.0532861 2.1060029 2.2271329 1.9558152 1.9676346 1.8927352 1.9589104 2.2043485 2.1269984 2.0856961 2.0246115 2.0351415 2.0170435 2.0170435 2.1335106 2.1285987 1.9653758 2.3272941 1.8030597 2.7402392 2.5486621 2.2840596 3.2023195 2.7504119 2.4429662 1.8168087 3.3037560 2.2709372 1.8474492 1.8742677 2.1965549 2.6831438 2.6103547 2.5802958 2.3854763 2.3854763 2.4103427 2.8456088 2.7934440 2.7496567 0.0000010 3.0446190 2.6228546 2.7890894 3.1746307 2.8316868 2.6670664 2.5029145 2.9078341 3.0435437 2.4463704 3.4868362 3.4454153 3.4675761 3.1685816 3.2191834 2.7077741 5.2482643 4.1618124 3.8258638 2.9672212 2.9951630 2.9744853 2.7967577 2.7967577 3.1817571 3.2370993 2.6020700 4.4338911 2.7542844 
Pbac_sb2644513                                     0.9711999 0.4389609 0.4800796 0.4774536 0.9008687 1.3159745 0.9008687 0.4498509 0.4498509 0.4498509 0.5455448 0.0000010 0.5455448 0.5455448 0.0000010 0.6762969 0.6762969 0.0000010 0.0000000 0.0310636 2.4865476 0.0000010 0.6075645 0.6075645 0.6075645 0.6075645 0.0000010 0.0000010 0.8927941 1.8514290 0.8764988 0.4925999 1.1919637 1.1032470 1.0948430 1.0974539 1.1557319 0.8706118 1.0280604 1.1724416 1.0338383 1.1298983 1.7800259 1.1570195 1.1228064 1.2604243 1.4323705 1.3962387 1.4224024 1.4344969 1.0791358 1.0967136 1.2821923 1.4739859 1.3385026 1.4111373 1.2716933 1.3958165 1.5476890 0.0000010 1.2817254 1.4785480 1.4492834 1.4628518 1.4690379 1.4545163 1.5000442 1.5000442 1.3144867 0.0000010 1.3020666 1.8298107 1.7887153 0.0000010 1.3404818 1.7875497 0.0000010 1.8133954 1.7380178 1.9992605 0.0000010 0.0000010 0.0000010 2.2031766 1.7791748 1.9384633 2.0172272 2.0172272 1.4805939 1.7662890 1.6331361 1.5764394 1.7036441 1.9238054 1.7651462 2.0412758 2.1989249 1.9179927 1.9348384 6.1466197 1.6155655 4.2679190 0.0000010 2.0705674 2.2983803 5.4994420 2.2664118 2.1483347 0.0000010 2.3586003 2.3760192 2.5285688 1.5831238 2.8237025 2.4663671 2.3374572 8.4880782 1.7005328 1.9340031 2.4339960 2.2194713 2.5209278 
Horcal_Hcv1.av93.c4.g761.i1                        0.5647407 0.4492662 0.4223443 0.3898819 0.3533030 0.4205284 0.3367301 0.4209976 0.4209976 0.4377323 0.4860342 0.5112257 0.4827011 0.4687314 0.5434966 0.5192800 0.5192800 0.4818451 0.0310636 0.0000000 0.3195935 0.5413587 0.5694306 0.5874836 0.6030523 0.5636185 0.6572630 0.6999566 0.9106036 1.0877681 0.9130669 0.8300468 1.8367965 1.7915356 1.8311241 1.7799501 1.8632510 1.5002354 1.1121273 1.7585057 1.7554887 1.8645735 1.7539498 1.7752499 1.8655951 1.2893942 1.8030488 1.8511138 1.9349881 2.0233051 1.8035074 1.8033698 1.8557261 1.9867566 2.0491344 1.8498321 1.9136322 1.7794741 1.8286246 2.2402839 1.9993280 2.0370837 1.9525146 1.9526059 1.9517363 1.9479069 2.0201077 2.0165624 1.9279856 2.6245532 1.5524776 2.4520637 2.4319588 2.0913661 2.5831606 2.4204557 2.2529142 1.8072051 1.9699201 2.3118440 2.2378714 2.4598336 2.1438393 2.5322407 2.5015511 2.5753045 2.2519701 2.2519701 2.1902763 2.5336957 2.4948591 2.5246908 1.6805394 2.6696849 2.4976574 2.6965467 3.0902307 2.6622256 2.4711190 2.5965652 2.6622583 3.5925838 2.5625920 3.0910806 3.2516321 3.7051289 3.1321598 3.0184444 2.9260604 4.3800867 3.0805585 3.6474341 2.6816307 3.0671126 3.0637019 2.7444259 3.2325292 2.1991335 2.8193704 2.5764057 3.7215788 2.7819951 
Pbac_sb2645831                                     2.2572785 2.8532174 0.7965206 0.8627133 0.3972728 0.5225065 0.4064634 0.7744453 0.7744453 0.7466802 0.8296038 0.5104453 0.7994106 0.8836874 0.5425512 0.8093788 0.8093788 0.5702484 2.4865476 0.3195935 0.0000000 0.7729162 1.4159206 1.5276319 1.1890212 1.2569385 0.9241500 0.9256010 1.6355968 1.3969500 1.6885717 1.0687461 2.6439869 2.5884259 2.6514454 2.5656003 3.0610712 2.7156792 3.7497933 2.8545924 2.6623802 2.8906487 5.3088807 2.4961866 2.6794062 4.0561510 2.4489137 2.5162157 2.6976787 2.8657184 2.6085450 2.6113132 2.5198240 2.6236026 2.7634967 2.6112691 2.6140665 2.3545400 2.5980053 2.7498877 2.9143754 2.8312608 2.6774075 2.6881577 2.6921116 2.6901759 2.8105347 2.7685788 2.7611688 3.8375849 2.7761878 3.4665976 3.3222171 3.9234830 3.5585960 3.4005638 2.2927560 6.3535236 4.1747266 2.9912657 2.4730923 2.7650117 2.1612165 3.7504963 3.1997673 3.2256657 2.9102747 2.9102747 2.8814928 3.2272160 3.2197712 3.2197288 5.0112476 3.9871855 3.0424096 3.3769360 3.8662753 3.3885667 3.1656929 2.7845959 3.4721201 4.1958391 2.7717052 3.9222207 4.0486244 4.0479835 3.8866686 3.7709836 2.9549539 5.2908545 5.0554047 4.7575916 3.5857523 3.7150640 3.3987428 3.3707596 3.4576399 4.3229720 3.5930439 3.2608749 4.9982876 3.2757935 
Lampan_Lpan_15020_01                               0.8026667 0.0000010 0.3585336 0.4216026 0.5190026 0.4171354 2.2130541 0.3350212 0.3350212 0.3607247 0.4263133 0.4746031 0.4332199 0.3940119 0.4956488 0.4591902 0.4591902 0.4591902 0.0000010 0.5413587 0.7729162 0.0000000 3.9287742 3.9287742 0.6045133 0.4197183 0.4650770 0.5415312 0.9771538 0.9771538 0.9907637 0.9165389 1.9180618 1.9516952 2.0046546 1.9001282 2.8406732 4.8812388 2.1380326 1.8217809 2.0028727 2.3306022 0.0000010 1.9138998 1.9326998 2.0672572 1.8531561 1.8936142 1.9959383 2.1461377 2.0222263 1.9073023 1.9927379 1.9979340 2.1612102 1.8852908 1.9421124 1.8901981 1.8567591 2.1295137 2.0260504 2.0763822 1.9788805 1.9722785 1.9479413 1.9479413 2.0451095 2.0473168 1.9218740 2.2008911 2.5740823 2.7810619 2.4120019 1.9919271 3.4369700 2.6107731 6.5572467 0.0000010 8.9999989 2.2793588 1.8401474 2.1161709 2.3730595 2.7266814 2.4393445 2.5789187 2.3366140 2.3366140 2.4089548 2.7047403 2.7038979 2.5816824 0.0000010 3.9847157 2.5451353 2.7034980 3.3453305 2.9587698 2.6795679 2.2786025 2.6316428 7.0339050 2.5710273 3.3320922 3.4650533 3.5550290 3.3820393 3.2399096 2.3146325 5.0453787 8.9999984 3.9397643 3.0061703 2.9853285 3.1819931 3.1909425 3.1909425 3.0772564 3.0117938 2.5621453 4.2793765 2.6222044 
Eupdun_Edun_sb10677651                             0.9711999 0.5712378 0.5108425 0.5183679 0.4658643 0.4792318 0.4189114 0.4778969 0.4778969 0.4778969 0.5520272 0.0000010 0.5520272 0.5520272 0.0000010 0.6123766 0.6123766 0.5611413 0.6075645 0.5694306 1.4159206 3.9287742 0.0000000 0.0000010 0.0000010 0.0174434 0.0000010 0.0000010 0.8175469 1.0538205 0.8042219 0.7860505 1.6337484 1.5676167 1.5075859 1.5517116 1.6132602 1.5320607 0.9790029 1.4375614 1.4312425 1.6560316 1.6244714 1.4273506 1.4921749 1.2695231 1.5387734 1.4632648 1.8498096 1.7954254 1.4454914 1.4545799 1.4442470 1.5524495 1.5375331 1.6700515 1.7603194 1.5965771 1.7734652 0.0000010 1.7106495 1.6198439 1.5749122 1.5815469 1.5985253 1.5927291 1.6096818 1.6096818 1.4931460 9.0000000 1.5153656 2.3244921 2.1989980 0.0000010 1.6657980 1.9436812 2.0673582 1.6894306 2.0337247 1.9481627 0.0000010 8.9999983 1.8264722 2.3116014 2.1480760 2.2874376 2.0270678 2.0270678 1.5783322 2.0386241 1.9284934 1.9754314 1.6842550 2.2870121 2.2461316 2.2156793 2.5084874 2.3480330 2.1291085 7.3172382 2.3502897 3.3010582 0.0000010 2.8253078 2.9625698 6.7587956 2.8486923 2.6075728 3.0503428 3.3525735 3.0193510 3.6513624 2.2523033 3.0205652 2.6805302 2.2744985 3.9258709 2.0182596 2.4731091 2.1558823 3.1864057 3.0586816 
Eupdun_Edun_sb10677653                             0.9711999 0.5712378 0.5445216 0.5527392 0.5031751 0.5187402 0.4493845 0.4973898 0.4973898 0.4973898 0.5837416 0.0000010 0.5837416 0.5837416 0.0000010 0.6480367 0.6480367 0.6706572 0.6075645 0.5874836 1.5276319 3.9287742 0.0000010 0.0000000 0.0000010 0.0185121 0.0000010 0.0000010 0.8193298 1.0830314 0.8109716 0.7802540 1.5638154 1.4964659 1.4406645 1.4803651 1.5417374 1.4111089 0.9790029 1.4375614 1.3151980 1.5918322 1.6244714 1.3603992 1.4438121 1.2695231 1.5075819 1.4453599 1.8264222 1.7681190 1.4107074 1.4201448 1.4599379 1.5684948 1.5509893 1.6669992 1.7632071 1.6004326 1.7635446 0.0000010 1.7554608 1.5410358 1.4956734 1.5022454 1.5189232 1.5129410 1.5715977 1.5715977 1.4663388 0.0000010 1.4696446 2.2760314 2.1487363 0.0000010 1.6110232 1.9305283 2.0673582 1.6894306 2.0337247 1.9720649 0.0000010 8.9999983 1.9628872 2.3391037 2.1282601 2.2911850 1.9248093 1.9248093 1.5694224 1.9030033 1.7945288 1.8917358 1.6842550 2.1791011 2.1401454 2.2001317 2.4780160 2.2998257 2.1053305 7.3172382 2.2278595 3.3010582 0.0000010 2.7239053 2.8528959 6.7587956 2.7078511 2.4665435 3.7749226 3.1079794 3.0193510 3.5219925 2.1281629 2.9477040 2.5712166 2.3446012 4.2112537 2.0182596 2.4791238 2.1624309 3.0778387 2.9464582 
Eupdun_Edun_sb10677650                             0.9711999 0.5712378 0.5024566 0.5079950 0.4829512 0.4805469 0.4913604 0.4652469 0.4652469 0.4652469 0.5586146 0.0000010 0.5586146 0.5586146 0.0000010 0.6050190 0.6050190 0.5725797 0.6075645 0.6030523 1.1890212 0.6045133 0.0000010 0.0000010 0.0000000 0.0127119 0.0000010 0.0000010 0.8300370 1.0088957 0.8225349 0.8599231 1.8373591 1.7938687 1.7345077 1.7659913 1.8609753 1.5649248 0.9790029 1.6786098 1.7682695 1.8545678 1.6244714 1.6669148 1.7385018 1.2695231 1.6776554 1.6286161 2.0331514 1.9779943 1.6229182 1.6304090 1.6536752 1.6392195 1.7213724 1.7451623 1.8641729 1.6891115 1.8578440 0.0000010 1.8930218 1.7378353 1.6820745 1.7046215 1.7101365 1.7055548 1.7689365 1.7689365 1.6757457 3.2418138 1.5176233 2.3978649 2.3633769 0.0000010 1.7961145 2.0857384 2.0673582 1.6894306 2.0337247 2.0810506 0.0000010 8.9999983 2.0723729 2.4084742 2.3320257 2.4626104 2.0935142 2.0935142 1.8299581 2.1256460 2.0471804 2.1559023 1.6842550 2.6634480 2.3937350 2.3177908 2.9661724 2.5850656 2.4762329 7.3172382 2.4791493 3.2906483 0.0000010 3.1519709 3.2083475 5.8314200 3.1856267 2.8075628 2.7782376 3.4303197 3.0193510 3.6315091 2.2199803 3.3198950 2.9583580 2.6959500 4.0873368 2.0720108 2.6541700 2.2313155 3.5459889 3.2596112 
Eupdun_Edun_sb10677649                             0.9711999 0.5712378 0.4611746 0.4876049 0.4639602 0.4176753 0.4913604 0.4338988 0.4338988 0.4338988 0.5182818 0.0000010 0.5182818 0.5182818 0.0000010 0.5629886 0.5629886 0.5036466 0.6075645 0.5636185 1.2569385 0.4197183 0.0174434 0.0185121 0.0127119 0.0000000 0.0000010 0.0000010 0.8300370 1.0088957 0.8225349 0.8186427 1.8040202 1.7589508 1.7435512 1.7466193 1.8088060 1.5649248 0.9790029 1.6233855 1.7273853 1.7918631 1.6244714 1.6720128 1.6942665 1.3176313 1.6500253 1.6128946 2.0187447 1.9445495 1.5771277 1.5837910 1.6049375 1.6617744 1.7022440 1.7530447 1.8641987 1.7153230 1.8278216 0.0000010 1.8461853 1.7509362 1.6776484 1.7108346 1.7256484 1.7214345 1.7945265 1.7945265 1.6647387 3.2418138 1.5176233 2.3978649 2.3484125 0.0000010 1.7709120 2.1795346 2.0673582 1.6894306 2.0351256 2.2176961 2.1993365 2.9725480 2.0723729 2.4084742 2.4181295 2.5630117 2.1486733 2.1486733 1.8565817 2.1485991 2.1060072 2.1886311 1.6842550 2.6688132 2.4646955 2.3433874 3.0143706 2.6225676 2.5259160 7.3172382 2.4815347 3.3319304 0.0000010 3.1532566 3.1659756 4.6011979 3.2506139 2.8666079 2.7782376 3.5998757 3.0193510 3.4918882 2.3144750 3.3321202 3.0833629 2.8479565 4.1742936 2.0720108 2.7643525 2.1664545 3.4789885 3.0320675 
Eupdun_Edun_sb10677652                             1.0194580 0.0000010 0.4829712 0.0000010 0.0000010 0.6249068 0.0000010 0.4679571 0.4679571 0.5028533 0.5927428 0.6368475 0.5754808 0.4893685 0.6926328 0.5687169 0.5687169 0.5687169 0.0000010 0.6572630 0.9241500 0.4650770 0.0000010 0.0000010 0.0000010 0.0000010 0.0000000 0.0000010 0.0000010 0.0000010 0.0000010 0.9916438 1.8777465 1.8878239 1.9765508 1.8036552 2.5677120 5.0305760 1.8496362 1.8205274 2.0158762 2.0268374 0.0000010 1.8093733 1.7983415 2.1156508 1.6807966 1.8122548 1.8325818 1.9017763 1.9015264 1.8253863 1.8647342 1.9817188 2.0658914 1.8713267 1.9120988 1.9645783 1.8753970 2.1107987 1.8245578 2.0785141 1.9444116 1.9631563 1.9804475 1.9804475 2.0278942 2.0053318 1.6487593 2.2146850 0.0000010 2.4926501 2.1732294 1.9802591 4.2832903 2.6857809 0.0000010 0.0000010 0.0000010 2.1292732 2.1125102 1.9814222 0.9087347 1.2514251 2.3634986 2.3735736 2.2232081 2.2232081 2.2543493 2.7471815 2.7302877 2.5534986 0.0000010 2.6331185 2.5801304 2.8492751 2.8710086 2.7073393 2.6812606 2.6699089 2.6048095 2.4751442 2.6396399 2.9064567 3.0144165 3.0144165 2.7261455 2.9992862 0.0000010 5.5446830 8.9999983 3.6422801 3.0034124 2.8374629 2.8874366 2.7426629 2.7426629 3.1748888 2.8434600 2.6281922 3.6234098 2.4019003 
Eupdun_Edun_sb10677654                             1.0194580 0.0000010 0.5072544 0.0000010 0.0000010 0.8315929 0.0000010 0.4890812 0.4890812 0.5457330 0.6382103 0.7631485 0.6414778 0.4397824 0.8123337 0.6482849 0.6482849 0.6482849 0.0000010 0.6999566 0.9256010 0.5415312 0.0000010 0.0000010 0.0000010 0.0000010 0.0000010 0.0000000 0.0000010 0.0000010 0.0000010 0.0000010 1.8299763 1.8345496 1.8930207 1.7558961 4.5583535 5.0305760 1.8496362 1.8584433 2.0046352 2.0637091 0.0000010 1.7421680 1.7809744 0.0000010 1.6291522 1.7636712 1.8396342 1.9077925 1.8294295 1.7596977 1.8437176 1.9003695 1.8930867 1.7148650 1.7330541 1.8310377 1.7974446 2.1020013 1.7748757 1.9919130 1.8844757 1.8941999 1.8938639 1.8938639 1.9099332 1.8926815 1.5332361 1.7794850 0.0000010 2.6297552 2.0517963 1.9802591 5.4757129 2.9935631 0.0000010 0.0000010 0.0000010 2.1450852 2.2139443 2.6551353 0.9087347 1.2514251 2.3417740 2.4569954 2.2915478 2.2915478 2.1532784 2.7803454 2.7365863 2.4380940 0.0000010 0.0000010 2.4625342 2.9265079 2.7741292 2.9105441 2.7634895 2.7634895 2.6659641 2.4751442 2.7223817 2.6877955 2.8756401 2.8756401 2.5723991 2.9386321 0.0000010 6.3699534 8.9999983 4.3392940 2.9974282 2.8927663 3.0016450 2.6490666 2.6490666 3.0940198 3.0445367 2.9912346 4.0544225 2.3627491 
Coeast_Cast_sb783917                               0.9711999 0.8328326 0.7867991 0.7844170 0.7821853 0.7960998 0.8428727 0.8387424 0.8387424 0.8387424 0.9012670 0.0000010 0.9012670 0.9012670 0.0000010 0.9662423 0.9662423 0.8725174 0.8927941 0.9106036 1.6355968 0.9771538 0.8175469 0.8193298 0.8300370 0.8300370 0.0000010 0.0000010 0.0000000 0.0147779 0.0433202 0.5899781 1.9849009 1.9146359 1.8229433 1.8771924 1.9730604 1.7434833 1.2117110 1.7574796 1.6911981 2.0658181 1.9408285 1.7314493 1.9824631 1.5380685 1.9020294 1.8521994 2.0625077 2.1931800 1.8040099 1.7908080 1.8173031 1.8127230 1.9340050 1.8633540 1.9270927 1.9000298 2.1690915 0.0000010 1.9340358 1.9971277 1.9358757 1.9763163 1.9296333 1.9388844 2.0198005 2.0198005 1.9056852 2.7727932 1.8167294 2.8465731 2.5894542 0.0000010 2.2116740 2.5311755 2.6692655 2.1876422 2.2022561 2.1460277 0.0000010 0.0000010 2.2768647 2.4500688 2.2976259 2.3716943 2.0825629 2.0825629 1.8757187 2.0562658 2.0673586 2.3402656 1.8080567 2.7420764 2.3196993 2.2711473 2.5985046 2.6745537 2.6800441 6.9563365 2.7054823 4.1325135 0.0000010 3.0479639 3.2407383 4.1464749 3.2064803 2.7859313 2.6916462 3.3282833 2.9195728 3.7650772 2.3336458 3.1621535 2.9536933 2.4991895 3.8141485 1.6495880 2.6421986 2.5758369 3.3305344 3.4001857 
Coeast_Cast_sb783918                               0.0000010 1.7519444 0.9352411 0.9316825 0.7821853 0.7960998 0.8428727 1.0067408 1.0067408 1.0067408 1.0763842 0.0000010 1.0763842 1.0763842 0.0000010 1.0844717 1.0844717 0.8725174 1.8514290 1.0877681 1.3969500 0.9771538 1.0538205 1.0830314 1.0088957 1.0088957 0.0000010 0.0000010 0.0147779 0.0000000 0.0650384 0.5899781 2.6190013 2.4784640 2.4077504 2.4663079 2.6263278 2.3743914 1.9596024 3.0485674 2.4214503 2.7945350 2.2378335 2.2751503 2.6407403 2.7381681 2.4912959 2.2244421 2.7776902 2.9935241 2.2887829 2.2643384 2.4051736 2.3358062 2.5713528 2.3677504 2.2894491 2.3876801 2.4770650 0.0000010 2.5925470 2.6554903 2.5757379 2.6603308 2.5947373 2.6114635 2.7525118 2.7525118 2.5928340 2.7727932 2.3073275 3.2540589 3.1799646 0.0000010 2.8152928 3.0254034 2.6692655 3.0932744 3.2195269 2.4758740 0.0000010 0.0000010 2.2768647 2.8480264 2.8461218 2.7745285 2.3900974 2.3900974 2.4110244 2.5296975 2.6346625 3.0401872 0.0000010 3.9555999 2.7554447 2.6649201 3.3671603 3.4659492 3.4953315 6.9377973 3.7183289 3.8465663 0.0000010 4.2487976 4.3069814 3.8643855 4.3601952 3.6757544 2.6916462 4.2229886 4.2633564 5.2328596 3.1925349 3.7092251 3.4694981 2.9359468 3.0092546 6.1362092 3.3525803 2.9278974 4.6199811 3.5089671 
Coemet_Cmet_scaffold15227_01                       0.9711999 0.8084267 0.8096457 0.8070890 0.8227143 0.8284648 0.9057838 0.8590448 0.8590448 0.8590448 0.9145906 0.0000010 0.9145906 0.9145906 0.0000010 0.9872156 0.9872156 0.9194397 0.8764988 0.9130669 1.6885717 0.9907637 0.8042219 0.8109716 0.8225349 0.8225349 0.0000010 0.0000010 0.0433202 0.0650384 0.0000000 0.5793585 1.9402159 1.8685040 1.7941453 1.8376549 1.9153002 1.7220654 1.1867407 1.7106348 1.5819144 2.0347947 1.8797912 1.7056497 1.9452695 1.5085063 1.8858772 1.8419917 2.0607911 2.2084984 1.7313611 1.7181330 1.7386955 1.7774528 1.9376761 1.8350981 1.9100192 1.9518206 2.1539743 0.0000010 2.0018730 2.0019220 1.9377266 1.9801038 1.9471392 1.9568821 2.0307901 2.0307901 1.9002774 2.7727932 1.7970860 2.8018741 2.5913823 0.0000010 2.1856799 2.5111862 2.5163714 2.0845775 2.2096108 2.1096347 0.0000010 0.0000010 2.1069110 2.3904718 2.1869495 2.3362865 2.0426679 2.0426679 1.8641863 2.0497063 2.0813172 2.2911533 1.7794715 2.6913650 2.3279513 2.2732902 2.5795490 2.6474159 2.7145127 6.8247494 2.6638038 4.1767269 0.0000010 3.0233408 3.2777387 4.0496534 3.1527115 2.6623091 2.5546034 3.3553805 2.9281986 3.7678530 2.3199422 3.1805348 3.1074139 2.5052458 3.8925984 1.6715415 2.5962263 2.5622944 3.2769071 3.4093847 
