79
Emue_Em0008g536a.t1                                     0.0000000 0.2787523 0.1917946 0.7772669 1.0478298 1.0612873 0.9831791 1.7431823 1.1266358 1.8829038 1.3221873 1.3127874 1.3212704 1.2793263 1.3387094 1.3041556 1.3692194 1.4183406 1.4816945 1.5325075 1.5325075 1.5219044 1.7026912 1.4862391 1.4919202 2.2935412 1.5229154 1.9272066 1.8172612 1.3713641 1.2932646 1.5896615 1.9672322 1.9088488 1.9216227 2.0412592 2.1370582 2.3447814 1.8592962 1.6205916 2.3864681 2.2606827 2.1101884 1.3423695 2.2666937 2.0443048 2.8447032 2.0336674 1.8954318 2.0928074 1.8915481 1.9801041 2.0192700 1.8599415 1.6289968 1.7905718 1.7905718 1.6838396 1.6275345 1.6005345 1.7889781 1.8304172 1.7024279 1.5703793 1.6284973 1.7639277 2.3162761 2.3162761 1.8959604 1.2026789 2.4332139 1.9574730 1.9282694 2.2227482 2.0203545 2.6422749 2.2634219 2.1664475 3.2001484 
Spolac_c98917_g1_i2_m.18333c98917-g1                    0.2787523 0.0000000 0.0709189 0.8590345 1.1803190 1.1830535 1.1164645 1.8037495 1.0704461 1.8889462 1.5408601 1.5313067 1.5750972 1.4936123 1.5340949 1.4946005 1.5780402 1.7018721 1.6736855 1.7079744 1.7079744 1.7522069 1.6264098 1.6692812 1.6276625 2.3095318 1.5288479 2.0297860 2.1333973 1.5783479 1.4634234 1.7072274 1.9897476 1.9400928 1.8467919 2.0462321 2.1415158 2.3409291 1.9739292 1.7556282 2.2282323 2.2387131 2.1355836 1.2261325 2.4919191 1.9400385 2.7348752 1.9846739 1.8892388 2.0264885 1.8803630 1.9214271 1.8736530 1.9005668 1.6592839 1.8956562 1.8956562 1.8209402 1.6836301 1.7697404 1.9570594 1.8560653 1.7530392 1.7109589 1.8154179 1.9106969 2.1472710 2.1472710 2.3536324 1.4813167 2.9659728 2.0783922 1.9664803 2.3407455 2.0836158 2.6191217 2.2422492 2.2696984 3.6712867 
Spolac_c98917_g1_i1_m.18331c98917-g1                    0.1917946 0.0709189 0.0000000 0.8134791 1.1015797 1.1026126 1.0219936 1.7188185 0.9788475 1.7535305 1.3851414 1.3757455 1.3935701 1.3432924 1.3788014 1.3434190 1.4334489 1.5413980 1.5067899 1.5479458 1.5479458 1.5887839 1.6264098 1.5283932 1.5305973 2.3095318 1.4394104 1.8933987 1.9011192 1.4154676 1.3000268 1.5601757 1.8848700 1.8327840 1.8467919 1.9419416 2.0157231 2.3168110 1.9181077 1.6263724 2.1859554 2.0599475 1.9991982 1.2261325 2.3486100 1.8546732 2.5758245 1.8758125 1.7663945 1.8313579 1.7640609 1.8090818 1.8809672 1.7455551 1.5306831 1.7220715 1.7220715 1.6533066 1.5810991 1.6088552 1.7712673 1.7339963 1.6262307 1.5419536 1.6581997 1.7376489 2.1472710 2.1472710 2.0108271 1.2145563 2.5182019 1.9018173 1.8463776 2.1861645 1.9533796 2.4457691 2.1247981 2.0643493 3.3771127 
Stycar_maker-SC_scaffold2370-augustus-gene-0.2-mRNA-1   0.7772669 0.8590345 0.8134791 0.0000000 1.0445059 1.1508271 0.8437145 1.8591179 0.9064311 1.7132427 1.3015122 1.2983467 1.2627116 1.2559777 1.3049621 1.2704729 1.2749653 1.3953527 1.3881835 1.4089928 1.4089928 1.4635327 1.2848059 1.5196941 1.3439579 2.1472387 1.4403862 2.0472957 1.7134619 1.4329730 1.3579634 1.6321723 1.6242886 1.5956271 1.4466632 1.7776988 1.9035550 2.0303597 1.7068062 1.7278497 2.1296277 2.1512548 2.0339915 1.0433829 2.0497021 1.6164367 2.6277485 1.6995108 1.7527109 1.8879493 1.8054984 1.7636880 1.8576804 1.4802394 1.7752344 1.9123181 1.9123181 1.8942447 1.7674269 1.8450253 2.0954571 1.7617554 1.7033186 1.8234456 1.6865940 1.9430353 2.0658142 2.0658142 2.4592569 1.4522520 2.3696097 1.8553674 1.9611936 2.3954132 1.9803216 2.7992493 2.1867233 2.1906312 2.8681952 
Aque_Aqu2.1.41436_001                                   1.0478298 1.1803190 1.1015797 1.0445059 0.0000000 0.2335047 0.3526863 0.7082098 1.0618791 1.8452176 1.3103216 1.2996849 1.4509643 1.3324590 1.3872666 1.3494473 1.3633635 1.5251461 1.4924063 1.6260910 1.6260910 1.6530760 1.8062121 1.6712641 1.4206615 2.8043724 1.7081858 2.0423976 1.8733436 1.5949033 1.4277678 1.6381978 1.9736611 2.0006196 2.0120588 2.0706774 2.2810695 2.1582115 2.0471479 1.8324657 2.2858627 2.0342700 1.9890460 2.0407313 2.3450339 1.8345548 2.5293683 1.9022101 1.9449067 2.1206954 1.7762324 1.9850157 1.9975497 1.6309840 1.7244131 2.0350428 2.0350428 1.8458406 1.9795367 1.9953983 2.1351611 1.8636221 1.6763617 1.9476160 1.9873218 2.1176955 2.4355928 2.4355928 2.2869200 1.4877413 3.1372694 2.0864125 2.1936025 2.3034091 2.0594516 2.7854934 2.3128323 2.3962046 3.1792737 
Halamb_c29812_g1_i1m.6072                               1.0612873 1.1830535 1.1026126 1.1508271 0.2335047 0.0000000 0.3392706 0.8620691 1.1525506 1.8402049 1.3109451 1.3004464 1.4530119 1.3435906 1.4203135 1.3818788 1.3543482 1.4706592 1.4470327 1.6530773 1.6530773 1.6813950 1.7237610 1.6326639 1.3355399 2.5741918 1.5978255 1.9906693 1.8247773 1.4616897 1.5468404 1.6038349 1.8688396 1.8272879 1.8228126 1.9204708 2.0975431 2.2884554 2.0347871 1.7961873 2.3266094 2.0416599 1.9668562 2.2072891 2.3975414 2.0456610 2.8934519 2.1274182 2.1169404 2.3932794 1.9306571 1.8786328 2.1239541 1.7871026 1.8769232 1.9010607 1.9010607 1.8175253 1.9163297 1.8767511 1.9733233 1.7632406 1.5615558 1.8313530 1.8206303 1.9848361 2.4519809 2.4519809 2.1638900 1.3758621 2.9775229 1.9987417 2.0737191 2.2597708 1.9719279 2.5455742 2.1561227 2.4703739 3.2118451 
Xestes_maker-XT_scaffold170750-augustus-gene-0.6-mRNA-1 0.9831791 1.1164645 1.0219936 0.8437145 0.3526863 0.3392706 0.0000000 0.9707978 0.9961845 1.6884073 1.1810668 1.1815644 1.2627826 1.1870804 1.1891001 1.1832386 1.2186388 1.3010288 1.2851045 1.5284855 1.5284855 1.5712802 1.5760750 1.4362920 1.3161356 3.0020114 1.4702507 1.7792368 1.5248239 1.3556948 1.4167691 1.4531292 1.8423141 1.8525869 1.8006532 1.9039090 2.0036465 2.2820320 1.8884896 1.8496394 2.5868005 2.1838944 2.2290564 1.3716821 2.5443333 2.0619981 2.1863120 2.1863120 2.2992490 2.3743071 2.3484348 2.1270993 2.0953354 1.9791518 1.5504436 1.8783942 1.8783942 1.9422322 1.9736001 1.7635003 1.7635003 1.7324262 1.7324262 1.6830001 1.6697848 1.7589138 2.5198836 2.5198836 1.8064035 1.4660064 2.5052516 2.1957202 1.8917280 1.8899547 1.9971363 2.7948266 1.9924897 1.9907224 2.9588735 
Aque_Aqu2.1.41437_001                                   1.7431823 1.8037495 1.7188185 1.8591179 0.7082098 0.8620691 0.9707978 0.0000000 1.9655775 2.3922915 2.0847352 2.0934539 2.0606549 2.1156596 2.0855888 2.0999600 2.1514965 2.0591272 2.1609667 2.3717910 2.3717910 2.4181999 2.2919248 2.3964589 2.1728579 3.1992585 2.4009956 3.1919938 3.4074232 2.5032733 2.2977423 2.3855724 2.7318460 2.6819254 2.6943901 2.8313153 2.8087331 3.2326112 2.4003310 2.4915676 2.5662230 2.7822166 2.9142551 3.4733466 3.1338336 2.3891040 3.4836240 2.9072739 2.9721155 2.9771183 2.3774062 2.7902934 2.9915761 2.6252409 2.4952958 2.9574265 2.9574265 2.7979107 2.9878404 2.9538958 2.8482616 2.7572823 2.5009086 2.9469731 3.4322064 2.9763926 3.3425225 3.3425225 3.9724178 2.1521103 4.9972901 2.9324251 3.0285659 3.2016620 2.7683733 3.6242284 2.8903367 2.9716140 3.9554125 
Plespi_Pspi_scaffold19362_01                            1.1266358 1.0704461 0.9788475 0.9064311 1.0618791 1.1525506 0.9961845 1.9655775 0.0000000 1.5600967 1.2321634 1.2338601 1.2996248 1.2455575 1.2708377 1.2392685 1.2828881 1.2564037 1.3112863 1.2964807 1.2964807 1.2985526 1.3659065 1.3163780 1.2682758 1.8238337 1.4227611 1.6880626 1.4807872 1.3204148 1.2467835 1.4772099 1.6462998 1.5916617 1.5855936 1.7664581 1.8064840 1.8090574 1.8082512 1.7028931 1.8409669 1.7557350 1.7432986 1.1844082 1.6771973 1.6968017 2.5966086 1.6705540 1.5335140 1.7540402 1.7177068 1.5442570 1.7559522 1.5115877 1.6017364 1.5812259 1.5812259 1.5861505 1.5604935 1.6025984 1.7252100 1.5077045 1.4665805 1.5743017 1.5979135 1.7168338 2.1049270 2.1049270 2.1569602 1.3372897 2.3899210 1.6683741 1.6843135 2.0473161 1.6014954 2.1749463 1.8484277 2.0962876 3.2412529 
Bralan_BLAG16000561_1                                   1.8829038 1.8889462 1.7535305 1.7132427 1.8452176 1.8402049 1.6884073 2.3922915 1.5600967 0.0000000 0.8346284 0.8340657 0.7855451 0.8178888 0.8866770 0.8722929 0.8539371 0.8557349 0.8809133 0.8981992 0.8981992 0.9144736 0.9839032 0.9580467 1.0571899 1.2574762 0.9004132 1.2537910 1.7874486 1.3803074 1.2662703 1.1026203 1.2560828 1.2019203 1.2119514 1.2071807 1.1429737 1.7716311 1.1502990 1.3480370 2.0241380 1.9388631 2.0251095 1.4628470 1.7799938 1.7760884 2.2479411 1.7417636 1.7184610 1.7905216 1.8396724 1.7610320 1.6868298 1.3040210 1.2766889 1.6362031 1.6362031 1.6426247 1.5553261 1.6566467 1.7780115 1.5513297 1.5525735 1.5627373 1.5114325 1.6772818 1.9217876 1.9217876 2.0356546 1.1769706 2.6371576 2.0742213 1.7628148 1.9336161 1.9008064 1.9559651 1.5535281 1.5881431 3.1603280 
Spis_XP_022807620_1                                     1.3221873 1.5408601 1.3851414 1.3015122 1.3103216 1.3109451 1.1810668 2.0847352 1.2321634 0.8346284 0.0000000 0.0102345 0.0747992 0.0539529 0.1033651 0.0863646 0.0767167 0.1951312 0.2713254 0.5780044 0.5780044 0.5644198 0.6525988 0.6246212 0.4912221 0.8344748 0.8648800 0.8252431 0.7971005 1.0029579 0.9325196 1.1013258 1.0109555 0.9531090 0.9341764 0.9666752 0.9619839 1.3790584 1.1070635 0.9955862 1.7097089 1.7513868 1.7516867 1.0110261 1.7532148 1.5440506 1.9354337 1.3512135 1.3205698 1.4700501 1.4014404 1.2570845 1.3208891 1.0979441 1.2201931 1.2064435 1.2064435 1.2083914 1.2362095 1.2315804 1.2492329 1.1729602 1.0949538 1.1857709 1.1909386 1.3728270 1.6009207 1.6009207 1.6492714 0.9078108 2.0370811 1.6534387 1.6849506 1.8516305 1.5541451 1.8778630 1.6507391 1.7768757 2.9514285 
Pocdam_XM_027191378.1                                   1.3127874 1.5313067 1.3757455 1.2983467 1.2996849 1.3004464 1.1815644 2.0934539 1.2338601 0.8340657 0.0102345 0.0000000 0.0692177 0.0491464 0.0965249 0.0796501 0.0717981 0.1899735 0.2661008 0.5780921 0.5780921 0.5644773 0.6483609 0.6248157 0.4841111 0.8265504 0.8637246 0.8267634 0.7770912 1.0040608 0.9334871 1.0970565 0.9970176 0.9397761 0.9199967 0.9531606 0.9466806 1.3601627 1.1065250 0.9972235 1.7283053 1.7448681 1.7451145 0.9955151 1.7578074 1.5463490 1.9499629 1.3551784 1.3207471 1.4773898 1.4048089 1.2578106 1.3210464 1.1003007 1.2141149 1.1991293 1.1991293 1.2011336 1.2287220 1.2242801 1.2522511 1.1654050 1.0869459 1.1785491 1.1828638 1.3654410 1.5915401 1.5915401 1.6413517 0.9155674 2.0296563 1.6486739 1.6615616 1.8284981 1.5516179 1.8803658 1.6493949 1.7669139 2.9643197 
Gasp_gasp1.m3.13082.m1                                  1.3212704 1.5750972 1.3935701 1.2627116 1.4509643 1.4530119 1.2627826 2.0606549 1.2996248 0.7855451 0.0747992 0.0692177 0.0000000 0.0417378 0.0878865 0.0744015 0.0860408 0.2297144 0.3264534 0.5693693 0.5693693 0.5738496 0.6436975 0.6124116 0.5673676 0.7859892 0.9303164 0.8910534 1.0733152 1.0471707 0.8650735 1.1692190 0.9919826 0.9351658 0.9372422 0.9504262 0.9504262 1.3983783 1.1990420 1.0200663 1.7747114 1.6206614 1.5926653 0.9635974 1.5253366 1.4426487 2.0229797 1.2484717 1.2839607 1.5198735 1.3684972 1.2387471 1.2565857 1.0835164 1.2219881 1.1823964 1.1823964 1.2358497 1.2252508 1.3002349 1.3920649 1.2358898 1.1555729 1.2338211 1.1893232 1.3854954 1.4774966 1.4774966 1.9207247 0.9942956 2.3930377 1.6676670 1.6268165 1.8771627 1.5456761 1.8187737 1.5987735 1.6997226 2.8714227 
Fspp_ffun1.m4.11956.m1                                  1.2793263 1.4936123 1.3432924 1.2559777 1.3324590 1.3435906 1.1870804 2.1156596 1.2455575 0.8178888 0.0539529 0.0491464 0.0417378 0.0000000 0.1051595 0.0886043 0.0692255 0.1977541 0.2853077 0.5815866 0.5815866 0.5680048 0.6835614 0.6186375 0.5051725 0.8270917 0.8816170 0.7784694 0.8360115 0.9796526 0.8630685 1.0875698 1.0282013 0.9697257 0.9519037 0.9834865 0.9835309 1.3853898 1.1787538 0.9884093 1.7390247 1.7540941 1.7543441 0.9941042 1.7645740 1.5103973 2.0236665 1.3329825 1.3109826 1.5203424 1.4028097 1.3047125 1.3143910 1.1308111 1.2022917 1.1672119 1.1672119 1.1602424 1.1876082 1.2154297 1.2734970 1.1398450 1.0691617 1.1687444 1.1456040 1.3486579 1.5977892 1.5977892 1.5293629 0.8781266 1.8710784 1.6045941 1.6355204 1.8482576 1.5267490 1.9155627 1.7149307 1.7457172 2.8089360 
Amil_Amillepora24691-RA                                 1.3387094 1.5340949 1.3788014 1.3049621 1.3872666 1.4203135 1.1891001 2.0855888 1.2708377 0.8866770 0.1033651 0.0965249 0.0878865 0.1051595 0.0000000 0.0207351 0.0714734 0.2323419 0.2976662 0.5889220 0.5889220 0.5751353 0.6652910 0.6342050 0.5236121 0.8264927 0.8749145 0.8470541 0.8082883 1.0295453 0.9406468 1.0473815 1.0289284 0.9735324 0.9721726 0.9896406 0.9822576 1.4061479 1.1270072 0.9559408 1.6798135 1.6594040 1.6593106 0.9971892 1.7932085 1.5698228 1.9070850 1.3196252 1.3553161 1.4986186 1.3919106 1.3044498 1.3000354 1.2214968 1.1972288 1.1998813 1.1998813 1.1438155 1.2194999 1.2470699 1.3260318 1.2098981 1.1408270 1.2475289 1.1326675 1.3445352 1.6611175 1.6611175 1.5959818 0.9600682 1.9747835 1.6501372 1.6577042 1.8614272 1.5589827 1.9413174 1.7430725 1.7681326 2.8036074 
Adig_XM_015897940.1                                     1.3041556 1.4946005 1.3434190 1.2704729 1.3494473 1.3818788 1.1832386 2.0999600 1.2392685 0.8722929 0.0863646 0.0796501 0.0744015 0.0886043 0.0207351 0.0000000 0.0596832 0.2273187 0.2923880 0.5623175 0.5623175 0.5485656 0.6314502 0.6068525 0.5039290 0.7913809 0.8967124 0.8325345 0.8426831 1.0140610 0.9132937 1.0441037 1.0210865 0.9660847 0.9480111 0.9820935 0.9770500 1.3766655 1.1489929 0.9672784 1.6376329 1.6201008 1.6197892 0.9270859 1.7547782 1.5396301 1.9502927 1.3093874 1.2982949 1.4741455 1.3740785 1.2535650 1.2698261 1.1838433 1.1919853 1.1660917 1.1660917 1.1395047 1.1869147 1.2264615 1.3104060 1.1748836 1.1035626 1.2182849 1.1517098 1.3488468 1.6301726 1.6301726 1.5729147 0.9659956 1.9009596 1.6390163 1.6278619 1.8494049 1.5224819 1.9245632 1.7280348 1.7543103 2.8218102 
Gfas_gfas1.m1.23180.m1                                  1.3692194 1.5780402 1.4334489 1.2749653 1.3633635 1.3543482 1.2186388 2.1514965 1.2828881 0.8539371 0.0767167 0.0717981 0.0860408 0.0692255 0.0714734 0.0596832 0.0000000 0.2077405 0.2759219 0.5686753 0.5686753 0.5550438 0.6695404 0.6063235 0.4841766 0.8537002 0.8755839 0.7583068 0.8115859 1.0320906 0.9199962 1.0646690 1.0268567 0.9717603 0.9541061 0.9974747 1.0153786 1.3874540 1.1068910 0.9530722 1.7023765 1.6594592 1.6539358 0.8946408 1.7193542 1.4529814 1.9530274 1.2855412 1.2763632 1.4747332 1.3725150 1.2829082 1.2235884 1.1347005 1.1570027 1.1607825 1.1607825 1.1403074 1.1893295 1.1891502 1.2536150 1.1497380 1.0886383 1.2121178 1.1061537 1.3212453 1.6191987 1.6191987 1.5134894 0.9707336 1.9711784 1.5959903 1.6050181 1.8611754 1.5286733 1.8464760 1.6749807 1.6832898 2.7825828 
Nvec_v1g216404                                          1.4183406 1.7018721 1.5413980 1.3953527 1.5251461 1.4706592 1.3010288 2.0591272 1.2564037 0.8557349 0.1951312 0.1899735 0.2297144 0.1977541 0.2323419 0.2273187 0.2077405 0.0000000 0.2133106 0.6659031 0.6659031 0.6522245 0.7558573 0.6935864 0.5271756 0.9132798 0.9612949 0.8634895 0.8625812 1.0485358 0.9226916 1.2537645 1.0631386 1.0036104 0.9738522 1.0441791 1.0609763 1.4300548 1.0976399 1.0769445 1.7558433 1.6989017 1.7645245 0.9992678 1.7550217 1.6289227 2.1764574 1.4763348 1.4162811 1.6645772 1.4706342 1.4238516 1.3734370 1.1703893 1.2906107 1.2321352 1.2321352 1.2062931 1.2626238 1.2391965 1.2939132 1.1993445 1.1398807 1.2722157 1.2055855 1.3700770 1.7267095 1.7267095 1.5851238 0.9377947 2.0373922 1.6912260 1.6671385 1.8806737 1.6222217 1.8199902 1.7427700 1.9420977 2.9136202 
Exapal_XM_021048560.2                                   1.4816945 1.6736855 1.5067899 1.3881835 1.4924063 1.4470327 1.2851045 2.1609667 1.3112863 0.8809133 0.2713254 0.2661008 0.3264534 0.2853077 0.2976662 0.2923880 0.2759219 0.2133106 0.0000000 0.6870600 0.6870600 0.6735804 0.7624881 0.7399722 0.6401987 1.0592026 1.0830425 0.8156828 0.8024483 1.1068759 1.0492253 1.2017046 1.0817475 1.0113221 1.0059083 1.0382148 1.0318391 1.3805532 1.2196813 1.1217426 1.7672172 1.7680696 1.8138421 1.3039491 1.7974389 1.6935813 2.0412277 1.4757603 1.4968593 1.5349045 1.5113319 1.4702815 1.4740842 1.1345811 1.4037965 1.2497387 1.2497387 1.2510000 1.2858859 1.2452091 1.2768880 1.2457443 1.1697501 1.2733119 1.2713751 1.4224125 1.7784497 1.7784497 1.5606584 0.9128313 1.9898630 1.7857084 1.6855349 1.8453414 1.6488937 1.9248901 1.8369462 1.8119278 2.8004820 
Nemnom_g5907.t1                                         1.5325075 1.7079744 1.5479458 1.4089928 1.6260910 1.6530773 1.5284855 2.3717910 1.2964807 0.8981992 0.5780044 0.5780921 0.5693693 0.5815866 0.5889220 0.5623175 0.5686753 0.6659031 0.6870600 0.0000000 0.0000010 0.0156000 0.1967495 0.2635877 0.7836485 0.8766364 1.0104548 0.7777658 1.0236458 1.1326373 1.1342319 1.1749975 1.0529752 1.0091732 0.9581744 1.0418467 1.0843212 1.5021586 1.1771199 0.9258794 1.8011013 1.7297844 1.7074126 0.9841305 1.6942679 1.4997544 2.2026887 1.5522724 1.5315361 1.6263738 1.6027133 1.4237492 1.3797016 1.3239903 1.2995328 1.3520766 1.3520766 1.3252309 1.3393106 1.3915386 1.5162149 1.3580644 1.2589026 1.3632152 1.1532263 1.2735535 1.6821950 1.6821950 1.6886886 0.9370336 2.1145779 1.9692975 1.9909445 2.1781597 1.9482542 2.4053759 2.0921196 1.8924648 3.0635284 
Nemnom_g5591.t1                                         1.5325075 1.7079744 1.5479458 1.4089928 1.6260910 1.6530773 1.5284855 2.3717910 1.2964807 0.8981992 0.5780044 0.5780921 0.5693693 0.5815866 0.5889220 0.5623175 0.5686753 0.6659031 0.6870600 0.0000010 0.0000000 0.0156000 0.1967495 0.2635877 0.7836485 0.8766364 1.0104548 0.7777658 1.0236458 1.1326373 1.1342319 1.1749975 1.0529752 1.0091732 0.9581744 1.0418467 1.0843212 1.5021586 1.1771199 0.9258794 1.8011013 1.7297844 1.7074126 0.9841305 1.6942679 1.4997544 2.2026887 1.5522724 1.5315361 1.6263738 1.6027133 1.4237492 1.3797016 1.3239903 1.2995328 1.3520766 1.3520766 1.3252309 1.3393106 1.3915386 1.5162149 1.3580644 1.2589026 1.3632152 1.1532263 1.2735535 1.6821950 1.6821950 1.6886886 0.9370336 2.1145779 1.9692975 1.9909445 2.1781597 1.9482542 2.4053759 2.0921196 1.8924648 3.0635284 
Rhoesc_Res_007544-T1                                    1.5219044 1.7522069 1.5887839 1.4635327 1.6530760 1.6813950 1.5712802 2.4181999 1.2985526 0.9144736 0.5644198 0.5644773 0.5738496 0.5680048 0.5751353 0.5485656 0.5550438 0.6522245 0.6735804 0.0156000 0.0156000 0.0000000 0.2259641 0.2509485 0.7828801 0.8690132 1.0320816 0.7844016 1.0314730 1.1343171 1.1391082 1.1754045 1.0611129 1.0168714 0.9659997 1.0498742 1.0938890 1.5219792 1.1730116 0.9490728 1.8385550 1.7430386 1.7336010 0.9841305 1.7154733 1.5191697 2.2089257 1.5567398 1.5477132 1.6491474 1.6320260 1.4542679 1.3972615 1.3469354 1.2920803 1.3411896 1.3411896 1.3144352 1.3283179 1.3849600 1.5092408 1.3465804 1.2468139 1.3522315 1.1495018 1.2695544 1.7088109 1.7088109 1.6844946 0.9375597 2.1037432 2.0171905 2.0138386 2.2052487 1.9840280 2.4399205 2.1310682 1.9256831 3.1304949 
Aaur_scaffold1433.g3.t1                                 1.7026912 1.6264098 1.6264098 1.2848059 1.8062121 1.7237610 1.5760750 2.2919248 1.3659065 0.9839032 0.6525988 0.6483609 0.6436975 0.6835614 0.6652910 0.6314502 0.6695404 0.7558573 0.7624881 0.1967495 0.1967495 0.2259641 0.0000000 0.3138558 0.8245945 0.9749936 1.2350476 0.8401814 1.4582357 1.3193043 1.3959377 1.4902551 1.0371646 1.0350051 0.9973127 1.0907038 1.0907038 1.6910962 1.1822838 1.0556784 1.5821660 1.6152307 1.5495613 1.0691257 1.6835705 1.5200944 2.2252573 1.4145573 1.4011465 1.4865835 1.5375030 1.2566248 1.4604044 1.2630666 1.7542935 1.7251174 1.7251174 1.7328569 1.6336157 1.7494116 1.9992029 1.7104218 1.5830769 1.6677379 1.4477736 1.5531182 1.7752399 1.7752399 3.3961942 1.2321199 4.0228626 2.1839165 2.0852450 2.3407331 2.1981671 2.6362395 1.8608955 2.4055231 3.4856159 
Sanmal_Sma_015157-T1                                    1.4862391 1.6692812 1.5283932 1.5196941 1.6712641 1.6326639 1.4362920 2.3964589 1.3163780 0.9580467 0.6246212 0.6248157 0.6124116 0.6186375 0.6342050 0.6068525 0.6063235 0.6935864 0.7399722 0.2635877 0.2635877 0.2509485 0.3138558 0.0000000 0.8557696 0.8714842 1.0358783 0.7621013 0.9974929 1.1611938 1.2297895 1.0616543 1.1289642 1.0690373 1.0636453 1.1121422 1.1994667 1.5884083 1.1556571 0.9899391 1.7373526 1.6297917 1.7165340 1.0714903 1.6996672 1.6096070 1.9114595 1.3824270 1.3797457 1.4465738 1.6663696 1.3809938 1.2665631 1.2106627 1.2904702 1.3542436 1.3542436 1.3631452 1.3883719 1.4112142 1.5018808 1.3189819 1.2395837 1.2954250 1.0629151 1.2848483 1.7062805 1.7062805 1.8715329 0.9826084 2.0788307 2.0372294 2.0143038 2.1202762 1.8759584 2.4628968 2.0262410 1.8874027 2.9682898 
Dgig_XM_028545892.1                                     1.4919202 1.6276625 1.5305973 1.3439579 1.4206615 1.3355399 1.3161356 2.1728579 1.2682758 1.0571899 0.4912221 0.4841111 0.5673676 0.5051725 0.5236121 0.5039290 0.4841766 0.5271756 0.6401987 0.7836485 0.7836485 0.7828801 0.8245945 0.8557696 0.0000000 0.4254604 1.1636189 0.9802410 0.5826319 1.1003154 1.2030820 1.2715566 1.4536557 1.3880405 1.3392831 1.4445914 1.5490537 1.8307797 1.2153804 1.1952950 2.1756970 2.0632085 2.1232535 1.1059703 2.0048110 1.7606560 2.0242867 1.6156493 1.4731097 1.5314767 1.4808463 1.4451225 1.4704347 1.3219200 1.5297314 1.4332281 1.4332281 1.3755835 1.4894169 1.4725929 1.5737361 1.4508692 1.3267644 1.4005025 1.3937406 1.5807968 1.9762129 1.9762129 1.7811876 1.0597028 2.4402612 1.7299864 1.6318965 1.8961069 1.6144987 1.8083881 1.7961018 2.1003498 3.1965084 
Xesp_014314-T1                                          2.2935412 2.3095318 2.3095318 2.1472387 2.8043724 2.5741918 3.0020114 3.1992585 1.8238337 1.2574762 0.8344748 0.8265504 0.7859892 0.8270917 0.8264927 0.7913809 0.8537002 0.9132798 1.0592026 0.8766364 0.8766364 0.8690132 0.9749936 0.8714842 0.4254604 0.0000000 1.4873861 1.1912309 2.8475550 1.6526747 1.8311579 1.2826142 1.9029096 1.6739217 1.6833225 1.8673125 1.8673125 2.8624699 1.5372735 1.2781137 1.9045118 1.9045118 2.0795258 1.4570782 1.8240812 1.5997476 2.8312764 1.5162442 1.5762238 1.7909604 1.5758449 1.8168133 1.5757519 1.5014883 2.4335137 2.8653505 2.8653505 2.8719538 2.6830843 3.0389527 3.8122676 2.6204022 2.2137925 2.8955876 2.8613409 3.0972095 3.1960916 3.1960916 6.9874306 9.0000000 6.4542621 2.9409630 3.5699781 5.0080852 2.7028422 2.6702904 2.6524534 2.5552538 4.5228158 
Acagra_model.g7111.t1                                   1.5229154 1.5288479 1.4394104 1.4403862 1.7081858 1.5978255 1.4702507 2.4009956 1.4227611 0.9004132 0.8648800 0.8637246 0.9303164 0.8816170 0.8749145 0.8967124 0.8755839 0.9612949 1.0830425 1.0104548 1.0104548 1.0320816 1.2350476 1.0358783 1.1636189 1.4873861 0.0000000 1.1680063 1.4977111 1.3518876 1.4680500 0.9416165 1.2767860 1.2205806 1.2658771 1.3052918 1.3765036 1.5802084 0.9110438 1.4731850 2.1609760 2.0526905 2.0292458 1.2879840 1.9443739 2.0103512 2.2214674 1.6780526 1.7309362 1.9317809 2.0405951 1.8239017 1.8685321 1.5675395 0.9707587 1.5733911 1.5733911 1.4999948 1.5576243 1.5890393 1.6451206 1.4881601 1.5005953 1.4523043 1.2447828 1.4934486 2.0498919 2.0498919 2.2014685 1.1950179 2.5601150 2.0024114 2.0436706 2.1743678 1.8219187 2.3492475 1.9136639 1.6739694 3.8964244 
Morvir_scaffold2.g184.t1                                1.9272066 2.0297860 1.8933987 2.0472957 2.0423976 1.9906693 1.7792368 3.1919938 1.6880626 1.2537910 0.8252431 0.8267634 0.8910534 0.7784694 0.8470541 0.8325345 0.7583068 0.8634895 0.8156828 0.7777658 0.7777658 0.7844016 0.8401814 0.7621013 0.9802410 1.1912309 1.1680063 0.0000000 1.3115186 1.5544699 1.6855361 1.3257166 1.4286734 1.3720035 1.4189789 1.3810802 1.4924434 1.6573790 1.6015448 1.0797397 2.0487584 2.0801632 2.3236861 1.6125515 2.0823849 1.8396091 2.3280429 1.7558404 1.6009982 1.7173363 1.8298298 1.7042576 1.5946827 1.3269717 1.5167080 1.6218924 1.6218924 1.4741785 1.5818617 1.5710756 1.6729648 1.6116472 1.5153545 1.5863241 1.4407789 1.5793562 2.0311574 2.0311574 1.7433498 1.4430811 2.5803010 2.0513122 2.2910186 2.6946376 2.0825257 2.3423696 2.3820000 2.1863399 3.1794061 
Xesp_014316-T1                                          1.8172612 2.1333973 1.9011192 1.7134619 1.8733436 1.8247773 1.5248239 3.4074232 1.4807872 1.7874486 0.7971005 0.7770912 1.0733152 0.8360115 0.8082883 0.8426831 0.8115859 0.8625812 0.8024483 1.0236458 1.0236458 1.0314730 1.4582357 0.9974929 0.5826319 2.8475550 1.4977111 1.3115186 0.0000000 1.2642818 1.4735010 1.5289108 1.7592487 1.6544017 1.6500934 1.6815508 2.2288290 1.8430074 1.6867629 1.2196708 3.6086493 2.8993302 3.3329217 4.7207646 2.8167238 2.9710307 2.4408327 2.3917856 2.3403311 2.1411226 2.2742033 2.1793860 1.9362945 2.1358633 1.7264059 1.5864898 1.5864898 1.5571513 1.8074013 1.7223801 1.7212338 1.4431703 1.4431703 1.4271691 1.4508892 1.4858462 2.8044274 2.8044274 1.5409557 1.0952034 2.3546474 2.2788857 1.8842174 1.9754718 1.9554663 2.3423453 2.6645305 2.7746048 3.3617426 
Opea_EP00118_Oscarella_pearsei_P008660                  1.3713641 1.5783479 1.4154676 1.4329730 1.5949033 1.4616897 1.3556948 2.5032733 1.3204148 1.3803074 1.0029579 1.0040608 1.0471707 0.9796526 1.0295453 1.0140610 1.0320906 1.0485358 1.1068759 1.1326373 1.1326373 1.1343171 1.3193043 1.1611938 1.1003154 1.6526747 1.3518876 1.5544699 1.2642818 0.0000000 0.5973688 1.5135507 1.5728981 1.6060611 1.5319942 1.5780609 1.6038692 2.0087277 1.5192646 1.5197670 2.3940942 2.2549522 2.2114126 1.3694775 2.2398294 1.9439223 2.9587792 2.1474745 1.8997697 1.9730365 1.7839765 1.8259383 2.0272529 1.7205560 1.7322723 1.8407661 1.8407661 1.7065534 1.7207118 1.8389600 1.9867605 1.7546911 1.6574925 1.7136028 1.5369049 1.8264442 2.3223629 2.3223629 1.9780935 0.0443711 1.3629838 1.5483456 1.5366744 1.9117831 1.3930019 2.0607337 1.6733797 2.3109293 3.3980061 
Plajan_Pjan_C541152_01                                  1.2932646 1.4634234 1.3000268 1.3579634 1.4277678 1.5468404 1.4167691 2.2977423 1.2467835 1.2662703 0.9325196 0.9334871 0.8650735 0.8630685 0.9406468 0.9132937 0.9199962 0.9226916 1.0492253 1.1342319 1.1342319 1.1391082 1.3959377 1.2297895 1.2030820 1.8311579 1.4680500 1.6855361 1.4735010 0.5973688 0.0000000 1.4049061 1.6108795 1.6655750 1.6645107 1.5710565 1.5932048 1.9750429 1.7593796 1.4583040 2.0524208 1.9326951 1.7889807 0.9300791 2.0704940 1.6945061 2.7363319 1.7918443 1.6677582 1.9424153 1.5749435 1.7670216 1.5885450 1.4376653 1.4300322 1.7737753 1.7737753 1.6240757 1.7147679 1.8166239 2.0115379 1.7687540 1.6496351 1.6880032 1.6459204 1.7882622 2.2639415 2.2639415 1.9648814 0.4763834 1.8397221 1.5150397 1.4861374 1.8609836 1.4445695 1.9677851 1.7004805 1.8990030 2.8149460 
Spur_XM_030977818.1                                     1.5896615 1.7072274 1.5601757 1.6321723 1.6381978 1.6038349 1.4531292 2.3855724 1.4772099 1.1026203 1.1013258 1.0970565 1.1692190 1.0875698 1.0473815 1.0441037 1.0646690 1.2537645 1.2017046 1.1749975 1.1749975 1.1754045 1.4902551 1.0616543 1.2715566 1.2826142 0.9416165 1.3257166 1.5289108 1.5135507 1.4049061 0.0000000 1.3837488 1.3481776 1.4035504 1.3409140 1.4307043 1.7211998 1.1544622 1.3956413 2.4554221 2.1871997 2.2374160 1.4176747 2.2244730 1.9877358 2.4151736 1.7470385 1.8171976 1.8775975 2.1009993 1.7920500 1.7667738 1.6336529 1.2144027 1.3992545 1.3992545 1.4756741 1.3998112 1.4850036 1.5850006 1.4921837 1.3832016 1.3709072 1.2117131 1.4401927 2.2224834 2.2224834 1.7543851 1.1974757 2.1891443 2.0449592 2.1034471 2.2500691 1.9528279 2.4018038 2.1245276 1.7943208 3.3112337 
HoiH23_PlH23_006148-RA                                  1.9672322 1.9897476 1.8848700 1.6242886 1.9736611 1.8688396 1.8423141 2.7318460 1.6462998 1.2560828 1.0109555 0.9970176 0.9919826 1.0282013 1.0289284 1.0210865 1.0268567 1.0631386 1.0817475 1.0529752 1.0529752 1.0611129 1.0371646 1.1289642 1.4536557 1.9029096 1.2767860 1.4286734 1.7592487 1.5728981 1.6108795 1.3837488 0.0000000 0.0591830 0.0455894 0.0765880 0.0878147 0.3328616 1.5396127 1.6818919 2.0834663 2.2244544 2.1925371 1.2775996 2.4368771 2.1313250 2.7233680 1.9358615 1.9035334 2.2113675 1.9679486 1.7951682 1.7498069 1.4926964 1.6896230 1.7613135 1.7613135 1.7635209 1.7132687 1.7260392 1.8184347 1.6131550 1.5937314 1.5739678 1.4580978 1.6285032 2.0507428 2.0507428 2.4120260 1.4964808 3.3104271 2.3227730 2.3855362 2.5275719 2.2534653 2.5265435 2.1715428 2.3591591 3.5946529 
Hhon_g07987.t1                                          1.9088488 1.9400928 1.8327840 1.5956271 2.0006196 1.8272879 1.8525869 2.6819254 1.5916617 1.2019203 0.9531090 0.9397761 0.9351658 0.9697257 0.9735324 0.9660847 0.9717603 1.0036104 1.0113221 1.0091732 1.0091732 1.0168714 1.0350051 1.0690373 1.3880405 1.6739217 1.2205806 1.3720035 1.6544017 1.6060611 1.6655750 1.3481776 0.0591830 0.0000000 0.0111553 0.0759646 0.0870228 0.3251733 1.4839385 1.5968592 1.9705141 2.1187102 2.1340710 1.1918330 2.3127074 2.0859862 2.7525561 1.9218704 1.8551517 2.1126070 1.9088229 1.7555090 1.6975340 1.4756796 1.6837576 1.7592934 1.7592934 1.7774917 1.7385397 1.7406184 1.8355639 1.6373028 1.5891075 1.6000136 1.4862389 1.5979849 2.0045925 2.0045925 2.4958408 1.5494618 3.1941397 2.3298482 2.4300489 2.6528277 2.2393744 2.4145493 2.1245687 2.3285266 3.6005476 
HoiH04_mRNA17831                                        1.9216227 1.8467919 1.8467919 1.4466632 2.0120588 1.8228126 1.8006532 2.6943901 1.5855936 1.2119514 0.9341764 0.9199967 0.9372422 0.9519037 0.9721726 0.9480111 0.9541061 0.9738522 1.0059083 0.9581744 0.9581744 0.9659997 0.9973127 1.0636453 1.3392831 1.6833225 1.2658771 1.4189789 1.6500934 1.5319942 1.6645107 1.4035504 0.0455894 0.0111553 0.0000000 0.0632681 0.0727121 0.3267566 1.3286311 1.6659914 1.9228883 2.0860962 2.0506087 1.1918330 2.2698130 1.9797580 2.9341000 1.9690167 1.9369632 2.2160221 1.8761817 1.6754983 1.6372105 1.4394038 1.7855915 1.7656801 1.7656801 1.7879289 1.6522980 1.7530077 1.8585215 1.5546301 1.4981419 1.5799096 1.5631025 1.6576260 2.0345714 2.0345714 2.6811799 1.4075193 3.5056122 2.4241038 2.5348764 2.8052231 2.4052703 2.5504872 2.1104111 2.4629102 3.6777864 
TrH2_TrispH2_004373-RA                                  2.0412592 2.0462321 1.9419416 1.7776988 2.0706774 1.9204708 1.9039090 2.8313153 1.7664581 1.2071807 0.9666752 0.9531606 0.9504262 0.9834865 0.9896406 0.9820935 0.9974747 1.0441791 1.0382148 1.0418467 1.0418467 1.0498742 1.0907038 1.1121422 1.4445914 1.8673125 1.3052918 1.3810802 1.6815508 1.5780609 1.5710565 1.3409140 0.0765880 0.0759646 0.0632681 0.0000000 0.0000010 0.3135937 1.5232526 1.5683754 2.0973459 2.1831528 2.2060457 1.2872391 2.4171929 2.1060174 2.7451153 1.9411683 1.8920228 2.1495578 1.9543549 1.7181827 1.7284406 1.5173181 1.6390640 1.7954597 1.7954597 1.7750298 1.7331372 1.7600361 1.8570416 1.6319687 1.6139593 1.6001512 1.4917570 1.6283769 2.0203671 2.0203671 2.4311072 1.4623361 3.1550146 2.3373633 2.3661330 2.5323957 2.2498884 2.4930650 2.1301953 2.4799201 3.5990428 
Tadh_TriadT56006                                        2.1370582 2.1415158 2.0157231 1.9035550 2.2810695 2.0975431 2.0036465 2.8087331 1.8064840 1.1429737 0.9619839 0.9466806 0.9504262 0.9835309 0.9822576 0.9770500 1.0153786 1.0609763 1.0318391 1.0843212 1.0843212 1.0938890 1.0907038 1.1994667 1.5490537 1.8673125 1.3765036 1.4924434 2.2288290 1.6038692 1.5932048 1.4307043 0.0878147 0.0870228 0.0727121 0.0000010 0.0000000 0.3670882 1.5776679 1.5602190 2.1219192 2.0991322 2.0726247 1.2872391 2.2310112 2.1422196 2.8530783 1.9087756 1.8026808 2.1861179 1.9416746 1.7019727 1.8758502 1.5464983 1.6682731 1.8460843 1.8460843 1.8747522 1.7760813 1.8303416 1.9532251 1.7297816 1.7178799 1.6793437 1.6061139 1.6892749 1.9667802 1.9667802 2.8942554 1.4751098 3.7923394 2.4137555 2.2960932 2.4759881 2.2299247 2.3919424 2.1144274 2.4060016 3.6498702 
HoiH11_mRNA4555                                         2.3447814 2.3409291 2.3168110 2.0303597 2.1582115 2.2884554 2.2820320 3.2326112 1.8090574 1.7716311 1.3790584 1.3601627 1.3983783 1.3853898 1.4061479 1.3766655 1.3874540 1.4300548 1.3805532 1.5021586 1.5021586 1.5219792 1.6910962 1.5884083 1.8307797 2.8624699 1.5802084 1.6573790 1.8430074 2.0087277 1.9750429 1.7211998 0.3328616 0.3251733 0.3267566 0.3135937 0.3670882 0.0000000 1.8126987 2.0594559 2.4802837 2.6622833 2.5710810 1.5286635 3.1096550 2.4906286 3.6863371 2.4547380 2.4882224 3.0387442 2.3828685 2.1928687 2.0196401 1.9536212 2.1570598 2.1650117 2.1650117 2.1163927 2.0360123 2.0969692 2.2304207 1.7730819 1.7164216 1.8761052 1.6481020 1.9363716 2.4785674 2.4785674 3.2417291 1.6595371 3.8386901 2.7688308 3.2163469 3.4119384 2.7315556 3.4982790 2.8449694 3.0801852 4.1458338 
Ctel_gnl_WGS_AMQN_CAPTEDRAFT_mRNA170982                 1.8592962 1.9739292 1.9181077 1.7068062 2.0471479 2.0347871 1.8884896 2.4003310 1.8082512 1.1502990 1.1070635 1.1065250 1.1990420 1.1787538 1.1270072 1.1489929 1.1068910 1.0976399 1.2196813 1.1771199 1.1771199 1.1730116 1.1822838 1.1556571 1.2153804 1.5372735 0.9110438 1.6015448 1.6867629 1.5192646 1.7593796 1.1544622 1.5396127 1.4839385 1.3286311 1.5232526 1.5776679 1.8126987 0.0000000 1.5623458 2.4431929 2.3567022 2.3349443 1.4790903 2.3234615 2.0496885 2.8134477 1.9946312 2.0622100 2.3794460 2.1441352 1.9513137 2.0676159 1.7309482 1.4241226 1.7973356 1.7973356 1.6872095 1.6375649 1.7951228 1.9117200 1.7699859 1.7374964 1.6419871 1.5705253 1.6179385 2.0908388 2.0908388 2.2779456 1.3341828 2.6972328 2.6667655 2.6071250 2.7584764 2.5267099 3.0101197 2.4517847 2.0069696 4.0410483 
Chem_TCONS_00018903                                     1.6205916 1.7556282 1.6263724 1.7278497 1.8324657 1.7961873 1.8496394 2.4915676 1.7028931 1.3480370 0.9955862 0.9972235 1.0200663 0.9884093 0.9559408 0.9672784 0.9530722 1.0769445 1.1217426 0.9258794 0.9258794 0.9490728 1.0556784 0.9899391 1.1952950 1.2781137 1.4731850 1.0797397 1.2196708 1.5197670 1.4583040 1.3956413 1.6818919 1.5968592 1.6659914 1.5683754 1.5602190 2.0594559 1.5623458 0.0000000 2.2437052 2.1204331 2.2312993 1.3276210 2.1957195 1.7577048 2.4361377 1.7737638 1.7624362 2.1236963 1.9316140 1.7516329 1.6803071 1.5380584 1.6117091 1.5974557 1.5974557 1.5381917 1.5855340 1.6018095 1.7901436 1.6302648 1.5872393 1.5520808 1.4767507 1.6920341 2.0838096 2.0838096 1.8615350 1.3280105 2.3992168 2.5629418 2.3277605 2.6634814 2.4365386 2.5479897 2.3387134 2.1368959 2.9464727 
Acaspe_EP00035_Acanthoeca_spectabilis_P038997           2.3864681 2.2282323 2.1859554 2.1296277 2.2858627 2.3266094 2.5868005 2.5662230 1.8409669 2.0241380 1.7097089 1.7283053 1.7747114 1.7390247 1.6798135 1.6376329 1.7023765 1.7558433 1.7672172 1.8011013 1.8011013 1.8385550 1.5821660 1.7373526 2.1756970 1.9045118 2.1609760 2.0487584 3.6086493 2.3940942 2.0524208 2.4554221 2.0834663 1.9705141 1.9228883 2.0973459 2.1219192 2.4802837 2.4431929 2.2437052 0.0000000 0.1519777 0.3626271 0.4730957 1.2421296 1.1441265 2.2434705 1.2599784 1.1683178 1.6207693 1.2167138 1.1967053 1.1616976 1.0376816 2.1771292 2.6991950 2.6991950 2.5499803 2.3900775 2.6677887 3.0304324 2.4591562 2.5008299 2.6930562 2.6790811 2.8072900 2.5064438 2.5064438 4.8284656 2.6441321 5.4220622 2.9611198 3.2338572 3.6942085 3.1437823 3.0441651 2.8645048 2.9322830 3.7668446 
Acaspe_EP00035_Acanthoeca_spectabilis_P038998           2.2606827 2.2387131 2.0599475 2.1512548 2.0342700 2.0416599 2.1838944 2.7822166 1.7557350 1.9388631 1.7513868 1.7448681 1.6206614 1.7540941 1.6594040 1.6201008 1.6594592 1.6989017 1.7680696 1.7297844 1.7297844 1.7430386 1.6152307 1.6297917 2.0632085 1.9045118 2.0526905 2.0801632 2.8993302 2.2549522 1.9326951 2.1871997 2.2244544 2.1187102 2.0860962 2.1831528 2.0991322 2.6622833 2.3567022 2.1204331 0.1519777 0.0000000 0.1983373 0.4730957 1.0896126 1.3083089 1.7486571 1.0966322 1.1023492 1.4728615 1.1712291 1.1194874 1.2225313 1.0757612 2.2324139 2.3923044 2.3923044 2.2603862 2.1808693 2.3406418 2.5720459 2.2767274 2.2927608 2.3883876 2.2849272 2.4477545 2.4482770 2.4482770 3.1660087 2.2847856 3.7475390 2.8281289 3.1986800 3.5660796 3.1110555 3.2238085 2.6733816 2.6579872 3.6430898 
Helnan_EP00037_Helgoeca_nana_P012992                    2.1101884 2.1355836 1.9991982 2.0339915 1.9890460 1.9668562 2.2290564 2.9142551 1.7432986 2.0251095 1.7516867 1.7451145 1.5926653 1.7543441 1.6593106 1.6197892 1.6539358 1.7645245 1.8138421 1.7074126 1.7074126 1.7336010 1.5495613 1.7165340 2.1232535 2.0795258 2.0292458 2.3236861 3.3329217 2.2114126 1.7889807 2.2374160 2.1925371 2.1340710 2.0506087 2.2060457 2.0726247 2.5710810 2.3349443 2.2312993 0.3626271 0.1983373 0.0000000 0.4853441 1.1582342 1.3012337 1.8449024 1.1658713 1.0970902 1.4401073 1.1097534 1.1087526 1.2608707 1.1089467 2.1931499 2.3540609 2.3540609 2.2310143 2.0938437 2.3508449 2.5838403 2.2279321 2.2393003 2.2586470 2.2320274 2.3921538 2.2950431 2.2950431 3.0846999 2.2109658 3.7094383 2.4575709 3.1312665 3.4552621 3.0319317 3.4121076 2.7162898 2.6920708 3.9175980 
Diagra_EP00040_Diaphanoeca_grandis_P041037              1.3423695 1.2261325 1.2261325 1.0433829 2.0407313 2.2072891 1.3716821 3.4733466 1.1844082 1.4628470 1.0110261 0.9955151 0.9635974 0.9941042 0.9971892 0.9270859 0.8946408 0.9992678 1.3039491 0.9841305 0.9841305 0.9841305 1.0691257 1.0714903 1.1059703 1.4570782 1.2879840 1.6125515 4.7207646 1.3694775 0.9300791 1.4176747 1.2775996 1.1918330 1.1918330 1.2872391 1.2872391 1.5286635 1.4790903 1.3276210 0.4730957 0.4730957 0.4853441 0.0000000 0.3381430 0.4856817 3.1427456 0.3918455 0.3989472 0.4978744 0.4859229 0.4550313 0.5030631 0.5577334 1.4370269 1.4763219 1.4763219 1.4656998 1.3194473 1.4035811 2.1075169 0.9112323 0.7205146 1.3038367 1.0256909 1.7059769 1.4651500 1.4651500 3.7430618 1.2342687 3.3614427 2.6300353 2.5610510 4.7623498 2.7653936 2.5725375 2.4471139 2.0651248 3.5773757 
Didcos_EP00039_Didymoeca_costata_P010549                2.2666937 2.4919191 2.3486100 2.0497021 2.3450339 2.3975414 2.5443333 3.1338336 1.6771973 1.7799938 1.7532148 1.7578074 1.5253366 1.7645740 1.7932085 1.7547782 1.7193542 1.7550217 1.7974389 1.6942679 1.6942679 1.7154733 1.6835705 1.6996672 2.0048110 1.8240812 1.9443739 2.0823849 2.8167238 2.2398294 2.0704940 2.2244730 2.4368771 2.3127074 2.2698130 2.4171929 2.2310112 3.1096550 2.3234615 2.1957195 1.2421296 1.0896126 1.1582342 0.3381430 0.0000000 1.3393577 2.1534131 1.2768634 1.2097537 1.4862106 1.2854941 1.1783813 1.2915259 1.1157595 2.2656774 1.9353501 1.9353501 2.0380009 1.9360700 2.0721345 2.3029212 2.1734420 2.1732169 2.2029102 2.1187258 2.3266682 2.1090010 2.1090010 3.0059562 2.4704766 3.2338156 2.7333796 2.3491961 2.6756934 2.6179657 3.1266120 2.6406015 2.5882522 3.4879579 
Mbre_EDQ87677                                           2.0443048 1.9400385 1.8546732 1.6164367 1.8345548 2.0456610 2.0619981 2.3891040 1.6968017 1.7760884 1.5440506 1.5463490 1.4426487 1.5103973 1.5698228 1.5396301 1.4529814 1.6289227 1.6935813 1.4997544 1.4997544 1.5191697 1.5200944 1.6096070 1.7606560 1.5997476 2.0103512 1.8396091 2.9710307 1.9439223 1.6945061 1.9877358 2.1313250 2.0859862 1.9797580 2.1060174 2.1422196 2.4906286 2.0496885 1.7577048 1.1441265 1.3083089 1.3012337 0.4856817 1.3393577 0.0000000 1.4045796 0.7592081 0.7344968 1.0119040 0.7153491 1.0032041 0.9953513 0.8855069 1.8670388 2.1519909 2.1519909 2.0904227 2.0578898 2.1397289 2.3543764 2.1317282 2.1731044 2.0602545 1.9704435 2.1171296 2.1975995 2.1975995 3.1252796 2.0900766 3.0066579 2.4568495 2.5134916 3.0199706 2.4461080 3.0626518 2.5648333 2.1444043 3.5357081 
Salinf_EP00049_Salpingoeca_infusionum_P002601           2.8447032 2.7348752 2.5758245 2.6277485 2.5293683 2.8934519 2.1863120 3.4836240 2.5966086 2.2479411 1.9354337 1.9499629 2.0229797 2.0236665 1.9070850 1.9502927 1.9530274 2.1764574 2.0412277 2.2026887 2.2026887 2.2089257 2.2252573 1.9114595 2.0242867 2.8312764 2.2214674 2.3280429 2.4408327 2.9587792 2.7363319 2.4151736 2.7233680 2.7525561 2.9341000 2.7451153 2.8530783 3.6863371 2.8134477 2.4361377 2.2434705 1.7486571 1.8449024 3.1427456 2.1534131 1.4045796 0.0000000 0.2133055 0.7783023 0.5645708 1.1392243 1.3016656 1.4735018 1.2353128 2.8794611 2.6856045 2.6856045 2.7592280 2.8375186 2.7392400 2.4566266 2.5296333 2.4044825 2.6574404 2.4671486 2.7304538 3.6369736 3.6369736 2.7814184 2.5200302 4.6508744 2.9377502 2.9454317 2.6460966 2.5085899 3.4809447 2.9928919 2.3141982 4.7904022 
