100
Emue_Em0008g1021a.t1                                            0.0000000 0.0883392 0.6498521 0.6048883 0.6671807 0.5088831 0.4887728 0.4961972 0.7791605 0.7449338 0.7449338 0.8642087 0.7377847 0.7760873 0.7566490 0.7352947 0.7279022 0.7886355 0.7362390 0.9310402 0.9927590 0.7636427 0.7535667 0.8963500 0.8775063 0.8086351 0.9831099 0.9483765 0.8671670 0.8756223 0.8757873 0.8432501 0.8478977 0.8960667 0.7272114 0.7150374 0.7072773 0.9318722 0.7485573 0.6025393 0.6025393 0.9790099 0.9790099 0.9490112 0.9490112 0.9722759 0.9722759 0.9490112 0.9490112 1.4422730 1.4422730 0.9298192 0.9298192 0.9149392 0.9295719 0.9295719 0.9137286 0.8372664 0.9326479 0.9326479 1.0198142 0.9146112 1.0078821 0.9406704 0.7971970 0.7350850 0.9043279 1.0229300 0.9553960 1.1964711 1.1043929 1.2321603 1.0734480 1.3035815 1.4520463 1.2418274 1.2040118 1.2534324 1.3012090 2.3803670 1.3003455 1.2029649 1.1839205 1.3625052 1.4082157 1.4526827 1.3090086 1.5136998 1.5568162 1.4801297 0.9850443 1.2839417 1.2839417 1.1996660 2.0506216 1.2722781 1.2577627 1.2577627 2.6032905 1.9288504 
Spolac_c77876_g1_i1_m.1965c77876-g1                             0.0883392 0.0000000 0.5650103 0.6042535 0.6256064 0.4943333 0.4423919 0.4515220 0.8434893 0.7079105 0.7079105 0.8625004 0.7496021 0.7186533 0.7425865 0.7460498 0.7085212 0.7492744 0.7333570 0.9784500 1.1850321 0.6639544 0.7402379 0.9411187 0.8967441 0.7707541 0.0000010 0.9321254 0.7878223 0.7870515 0.7875892 0.7480649 0.7651407 0.8082058 0.6813859 0.7380642 0.6655770 0.7948522 0.7180306 0.6489545 0.6489545 0.9635821 0.9635821 0.9635821 0.9635821 0.9635821 0.9635821 0.9635821 0.9635821 1.0949245 1.0949245 0.9013636 0.9013636 0.8990098 0.9410526 0.9410526 0.9182193 0.8144816 0.9167200 0.9167200 1.0791544 0.8372392 0.8771147 0.8581517 0.7828982 0.7119357 1.1780528 0.8092183 1.0265404 1.2543812 1.3141605 1.1921456 1.2577569 1.3154807 1.3400411 1.2599541 1.2490054 1.0740464 1.2527040 2.3411579 1.2665405 1.2197600 1.2682818 1.2772967 1.3470856 1.4619316 1.3726133 1.6061492 1.6712247 1.4835346 1.0127260 1.2982659 1.2982659 1.2640204 1.8195249 1.1699523 1.1699523 1.1699523 5.2686298 1.7935381 
Aque_Aqu2.1.36201_001                                           0.6498521 0.5650103 0.0000000 0.1762827 0.3042081 0.4884856 0.4732274 0.4805385 0.8547317 0.7071737 0.7071737 0.8929825 0.7210725 0.7978799 0.7979541 0.8131931 0.7888854 0.7627666 0.7619203 1.0113492 1.0851739 0.7237138 0.7142443 0.8585684 0.8387222 0.8141313 0.9584794 0.8517074 0.6975710 0.7403793 0.7374910 0.7236459 0.7276520 0.7644478 0.5678417 0.7876112 0.7034559 0.7517032 0.7206728 0.6200546 0.6200546 0.9650536 0.9650536 0.9417282 0.9417282 0.9991480 0.9991480 0.9153068 0.9153068 1.3993304 1.3993304 0.8868740 0.8868740 0.8907922 0.9322231 0.9322231 0.9269717 0.8738575 0.8998583 0.8998583 1.0759034 0.8697813 0.9060985 0.9012881 0.8031872 0.7697262 0.8156758 0.9421421 0.9581453 1.2595394 1.2938489 1.0234451 1.3244254 1.3388305 1.4671386 1.1435970 1.2745214 1.2047966 1.2745144 1.8511398 1.1009500 1.0074524 1.1028870 1.2375776 1.2847412 1.2471958 1.2026540 1.2612253 1.3018678 1.2639168 1.1519496 1.2117322 1.2117322 1.2497537 2.6101518 1.1321328 1.1976696 1.1976696 2.5230614 1.8020984 
Halamb_c43873_g1_i1m.16725                                      0.6048883 0.6042535 0.1762827 0.0000000 0.2763494 0.4661019 0.4958434 0.5033840 0.8888260 0.6971682 0.6971682 0.8284608 0.7553744 0.8353696 0.7791897 0.7949125 0.8009619 0.7727755 0.7637451 0.9832229 1.0848291 0.5657054 0.7754420 0.8689395 0.8483579 0.8145675 0.6520067 0.9244425 0.7135716 0.7457783 0.7568475 0.7217319 0.7257550 0.7594801 0.7705855 0.8069719 0.7233233 1.1968199 0.8294725 0.5784319 0.5784319 0.9111732 0.9111732 0.9176164 0.9176164 0.9111732 0.9111732 0.9176164 0.9176164 1.4320839 1.4320839 0.8894984 0.8894984 0.9005116 0.8220141 0.8220141 0.8482010 0.8145531 0.8229368 0.8229368 0.8493767 0.7517825 0.8621891 0.8502292 0.8191655 0.7130882 0.7056038 1.1044532 0.9250922 1.2239630 1.1245867 1.0535622 1.1914049 1.2432175 1.3245171 1.1037418 1.0787405 0.8349127 1.1253042 2.2160190 1.0781690 0.9554066 0.9919432 1.2193643 1.2662353 1.1940000 1.1242445 1.2815571 1.3472353 1.1820403 1.0135760 1.1127031 1.1127031 1.3034813 2.4559462 1.2497896 1.2404027 1.2404027 2.5556105 1.6739246 
Xestes_maker-XT_scaffold13274-snap-gene-0.31-mRNA-1             0.6671807 0.6256064 0.3042081 0.2763494 0.0000000 0.4758905 0.4594034 0.4520218 0.8525825 0.7051304 0.7051304 0.8171938 0.7480646 0.8362808 0.7558294 0.7711243 0.7689736 0.7147850 0.7469525 1.0306985 1.1112825 0.6743286 0.7289483 0.9328470 0.9112605 0.8548532 0.9378616 0.9231255 0.7446331 0.7647534 0.7719905 0.7251205 0.7291219 0.7982413 0.6907751 0.7965235 0.7571680 0.9628049 0.7345078 0.5034966 0.5034966 0.8332540 0.8332540 0.8391392 0.8391392 0.8332540 0.8332540 0.8391392 0.8391392 1.2618721 1.2618721 0.8300267 0.8300267 0.8404558 0.7841071 0.7841071 0.8002288 0.7794264 0.8244618 0.8244618 0.8858394 0.7686846 0.8918693 0.8428925 0.8146061 0.7441070 0.7873490 1.0427801 1.0345486 1.2228455 1.0495556 1.0686628 1.2451628 1.2601980 1.3976117 1.1679163 1.1088635 0.9059151 1.0553331 2.1936708 1.0620334 1.0123872 1.0522506 1.2781719 1.1709124 1.2006840 1.1259390 1.3753516 1.3833032 1.2813397 1.0071039 1.2110020 1.2110020 1.2788413 2.3662223 1.2675990 1.2987570 1.2987570 2.5276415 1.7789875 
Tetwil_g7866.t1                                                 0.5088831 0.4943333 0.4884856 0.4661019 0.4758905 0.0000000 0.3214690 0.3283427 0.6590389 0.6429904 0.6429904 0.7846329 0.6983548 0.6505537 0.6982069 0.7111752 0.6844754 0.7002932 0.6740564 0.8783553 0.9098203 0.6967080 0.6659308 0.7931254 0.7563102 0.7315818 0.7444222 0.6904402 0.6312801 0.6329359 0.6390084 0.6342347 0.6376055 0.6678021 0.5701176 0.6568412 0.6268467 0.9003819 0.6313319 0.5032910 0.5032910 0.8961306 0.8961306 0.8295442 0.8295442 0.8895633 0.8895633 0.8295442 0.8295442 1.2913307 1.2913307 0.8760208 0.8760208 0.8884120 0.8667597 0.8667597 0.8975668 0.8239525 0.8880758 0.8880758 1.0794499 0.8303874 0.8328142 0.8051764 0.7224390 0.5842739 0.9051247 0.9714658 0.9343067 1.1561718 1.1449190 0.9499669 0.9563206 1.2986740 1.3382534 1.1195729 1.1286391 0.9370507 1.1072276 1.9607295 1.2633271 1.1312037 1.0561209 1.1459449 1.3329511 1.1843850 1.0982112 1.2304658 1.1393009 1.1654456 0.9387106 1.0309419 1.0309419 1.1654792 2.0977458 1.2998281 1.2840455 1.2840455 1.9705483 1.8337616 
Stycar_snap_masked-SC_scaffold134899-processed-gene-0.13-mRNA-1 0.4887728 0.4423919 0.4732274 0.4958434 0.4594034 0.3214690 0.0000000 0.0053251 0.7246570 0.6581927 0.6581927 0.8297627 0.6759944 0.7209119 0.7128289 0.7062943 0.6822354 0.6609392 0.6881546 0.8595906 0.9398408 0.8057501 0.6812147 0.8605393 0.8214139 0.7539326 1.0460332 0.7719024 0.7062931 0.7162241 0.7204000 0.7158930 0.7196927 0.7442611 0.4950441 0.6688066 0.6524944 0.8752492 0.6790668 0.5083704 0.5083704 0.9083068 0.9083068 0.8800102 0.8800102 0.9017902 0.9017902 0.8800102 0.8800102 1.3198598 1.3198598 0.9182453 0.9182453 0.9325148 0.9014228 0.9014228 0.9283632 0.8086174 0.9059167 0.9059167 1.0002503 0.8553986 0.8948187 0.8873434 0.7583828 0.6986501 0.9568784 1.0655728 0.8852217 1.0931075 1.0700975 0.9062602 1.0122327 1.1827359 1.3421970 1.1283007 1.1826416 1.1148221 1.1660910 2.3038169 1.2112895 1.0818334 1.0082965 1.1512981 1.2657146 1.1478056 1.1138937 1.2192797 1.2545304 1.3186173 0.9702264 1.0220734 1.0220734 1.0846449 2.2736788 1.2646969 1.2358467 1.2358467 2.2731958 2.1550504 
Stycar_augustus_masked-SC_scaffold23-processed-gene-0.15-mRNA-1 0.4961972 0.4515220 0.4805385 0.5033840 0.4520218 0.3283427 0.0053251 0.0000000 0.7154035 0.6496952 0.6496952 0.8204047 0.6675680 0.7123119 0.7154953 0.7089569 0.6848300 0.6636501 0.6907736 0.8628925 0.9439988 0.8057501 0.6725029 0.8507338 0.8119518 0.7448977 1.0460332 0.7719024 0.6977284 0.7076080 0.7117669 0.7073020 0.7110624 0.7354960 0.4818792 0.6602409 0.6439790 0.8752492 0.6816297 0.5007552 0.5007552 0.8983518 0.8983518 0.8690283 0.8690283 0.8918514 0.8918514 0.8690283 0.8690283 1.3050510 1.3050510 0.9082066 0.9082066 0.9223829 0.8914858 0.8914858 0.9181762 0.7992652 0.8959679 0.8959679 0.9855613 0.8456597 0.9046252 0.8971224 0.7677483 0.7072306 0.9568784 1.0694782 0.8955617 1.0967551 1.0816765 0.9163098 1.0011579 1.1952440 1.3559097 1.1167341 1.1948094 1.0912130 1.1543081 2.3038169 1.1987243 1.0931705 1.0193376 1.1631850 1.2785987 1.1600257 1.1259116 1.2316073 1.2672178 1.3316735 0.9811341 1.0329193 1.0329193 1.0961947 2.2736788 1.2606357 1.2319545 1.2319545 2.2731958 2.1818265 
Bralan_BLAG11000340_1                                           0.7791605 0.8434893 0.8547317 0.8888260 0.8525825 0.6590389 0.7246570 0.7154035 0.0000000 0.4597723 0.4597723 0.6215652 0.5158073 0.6403976 0.4343279 0.4247442 0.4058697 0.4280762 0.3680347 0.5730147 0.6257719 0.4524979 0.4826369 0.5722413 0.5536506 0.4917362 0.7791581 0.4904206 0.5421300 0.5413449 0.5432433 0.5466120 0.5495519 0.5694591 0.4730991 0.5020123 0.5029318 0.6939129 0.5242267 0.6936436 0.6936436 0.7264417 0.7264417 0.6634783 0.6634783 0.7265348 0.7265348 0.6634783 0.6634783 1.1806916 1.1806916 0.7142823 0.7142823 0.7240151 0.7049987 0.7049987 0.6554938 0.6647565 0.7316508 0.7316508 0.8097279 0.6692999 0.7756385 0.7119619 0.6924036 0.6515196 0.6008240 0.9553012 0.7361949 0.9841492 1.0721287 0.9466657 1.0404390 1.2283412 1.3547671 1.2294360 1.3250998 1.3061551 1.1890160 1.9462406 1.0604251 1.1845750 1.1607785 1.1415120 1.1955745 1.1347712 1.0591519 1.3645813 1.3834883 1.4539680 0.9081754 1.0995008 1.0995008 1.2015257 1.9413738 1.3232745 1.3604768 1.3604768 2.3767828 2.2219907 
Spur_XM_793209.5                                                0.7449338 0.7079105 0.7071737 0.6971682 0.7051304 0.6429904 0.6581927 0.6496952 0.4597723 0.0000000 0.0000010 0.4926279 0.3449884 0.4330522 0.3982133 0.4062710 0.3649599 0.4037234 0.3457295 0.4902465 0.5851752 0.3016104 0.4729256 0.4566095 0.4400219 0.4059541 0.4126151 0.5360866 0.4801540 0.4989594 0.4994064 0.4807269 0.4831929 0.5316993 0.4743805 0.4545574 0.4783239 0.6685019 0.5119425 0.6423766 0.6423766 0.7317255 0.7317255 0.6843306 0.6843306 0.7317255 0.7317255 0.6843306 0.6843306 1.1000865 1.1000865 0.6790283 0.6790283 0.6875975 0.6889172 0.6889172 0.7069228 0.6205965 0.6976389 0.6976389 0.8992594 0.6896783 0.6988890 0.7518432 0.7170860 0.6179792 0.5402891 0.8570587 0.7783277 1.1462552 1.0096079 0.9850897 1.0894182 1.0893115 1.1755719 1.0480352 1.0872005 1.0003342 1.0078606 1.9365534 1.0512669 1.1710367 1.0486407 1.1024754 1.2035852 1.0104363 0.9748136 1.3491163 1.3431376 1.3118088 0.9135261 1.0479776 1.0479776 1.1744112 2.2727335 1.2366787 1.2488198 1.2488198 2.0105681 1.9253075 
Spur_XM_001185644.3                                             0.7449338 0.7079105 0.7071737 0.6971682 0.7051304 0.6429904 0.6581927 0.6496952 0.4597723 0.0000010 0.0000000 0.4926279 0.3449884 0.4330522 0.3982133 0.4062710 0.3649599 0.4037234 0.3457295 0.4902465 0.5851752 0.3016104 0.4729256 0.4566095 0.4400219 0.4059541 0.4126151 0.5360866 0.4801540 0.4989594 0.4994064 0.4807269 0.4831929 0.5316993 0.4743805 0.4545574 0.4783239 0.6685019 0.5119425 0.6423766 0.6423766 0.7317255 0.7317255 0.6843306 0.6843306 0.7317255 0.7317255 0.6843306 0.6843306 1.1000865 1.1000865 0.6790283 0.6790283 0.6875975 0.6889172 0.6889172 0.7069228 0.6205965 0.6976389 0.6976389 0.8992594 0.6896783 0.6988890 0.7518432 0.7170860 0.6179792 0.5402891 0.8570587 0.7783277 1.1462552 1.0096079 0.9850897 1.0894182 1.0893115 1.1755719 1.0480352 1.0872005 1.0003342 1.0078606 1.9365534 1.0512669 1.1710367 1.0486407 1.1024754 1.2035852 1.0104363 0.9748136 1.3491163 1.3431376 1.3118088 0.9135261 1.0479776 1.0479776 1.1744112 2.2727335 1.2366787 1.2488198 1.2488198 2.0105681 1.9253075 
Acagra_model.g25808.t1                                          0.8642087 0.8625004 0.8929825 0.8284608 0.8171938 0.7846329 0.8297627 0.8204047 0.6215652 0.4926279 0.4926279 0.0000000 0.2546230 0.4274043 0.6486485 0.6639910 0.5845023 0.5604077 0.5918133 0.8253966 0.9113035 0.5892422 0.6925636 0.6629709 0.6474518 0.6345962 0.4701296 0.6095735 0.5592807 0.5493265 0.5483939 0.5814356 0.5845157 0.5874974 0.7264158 0.6238898 0.6064002 0.7684299 0.6948805 0.7772316 0.7772316 0.8938788 0.8938788 0.8791273 0.8791273 0.9286798 0.9286798 0.8533299 0.8533299 1.3357633 1.3357633 0.8705152 0.8705152 0.8798176 0.9478226 0.9478226 0.8179852 0.7886776 0.8635288 0.8635288 1.0533904 0.8256649 0.8959543 0.9067395 0.8613651 0.7654160 0.7335813 1.0949195 1.0006050 1.2223429 1.2772280 0.9545007 1.2909444 1.3877661 1.3410174 1.2912837 1.3493305 1.3791823 1.3287415 1.9769257 1.1555030 1.2965261 1.3099812 1.1859951 1.1696517 1.2290572 1.1030842 1.2145715 1.3160565 1.4238212 1.1125016 1.1185271 1.1185271 1.2662357 2.5128701 1.1658072 1.1620103 1.1620103 2.3444897 1.9523965 
Cgig_XM_011450344.3                                             0.7377847 0.7496021 0.7210725 0.7553744 0.7480646 0.6983548 0.6759944 0.6675680 0.5158073 0.3449884 0.3449884 0.2546230 0.0000000 0.3260955 0.4587918 0.4714178 0.4415953 0.4260567 0.4305363 0.5541968 0.6862181 0.3799073 0.5378075 0.5339100 0.5166109 0.5456471 0.3456144 0.5304678 0.4443742 0.4359991 0.4419892 0.4540480 0.4563262 0.4836972 0.5101889 0.5226369 0.4761351 0.5693662 0.6129071 0.6347087 0.6347087 0.7489334 0.7489334 0.6798428 0.6798428 0.7428328 0.7428328 0.6798428 0.6798428 1.1352782 1.1352782 0.7187707 0.7187707 0.7066674 0.7041969 0.7041969 0.6771820 0.6786123 0.7073261 0.7073261 0.7977091 0.6518904 0.7875653 0.6858287 0.6773408 0.6054871 0.6399224 0.9468465 0.8141070 1.1089016 1.0540715 0.9433567 1.1244403 1.1469953 1.2423843 0.9968870 1.0595572 0.9160579 1.0176545 1.5862298 1.0888307 1.0717487 1.1103963 0.9853154 1.1859812 1.1668765 1.0556967 1.2373951 1.3045747 1.3706708 0.8700843 1.0216606 1.0216606 1.1233790 1.9497624 1.1229201 1.1188429 1.1188429 1.9467638 1.9288188 
Ctel_gnl_WGS_AMQN_CAPTEDRAFT_mRNA221281                         0.7760873 0.7186533 0.7978799 0.8353696 0.8362808 0.6505537 0.7209119 0.7123119 0.6403976 0.4330522 0.4330522 0.4274043 0.3260955 0.0000000 0.5261288 0.5391003 0.4808122 0.4610921 0.4914490 0.5976269 0.7770098 0.5160808 0.6231805 0.6256970 0.5948972 0.5814030 0.3290134 0.5374531 0.5244754 0.4868817 0.4888130 0.5237778 0.5265159 0.5173549 0.5152900 0.4809174 0.5275310 0.7018180 0.6490902 0.6551061 0.6551061 0.7761234 0.7761234 0.7291161 0.7291161 0.7696565 0.7696565 0.7291161 0.7291161 1.2074872 1.2074872 0.7430392 0.7430392 0.7431143 0.7398164 0.7398164 0.7387408 0.7333489 0.7666241 0.7666241 0.9280942 0.7484632 0.7828621 0.7652564 0.8228229 0.6665034 0.8288846 0.9085960 0.9490011 1.2230506 1.1153776 1.0499123 1.1357875 1.2207034 1.2707194 1.0401483 1.1975782 1.0777462 1.1737435 1.6410470 1.1303780 1.2893018 1.2844522 1.2364852 1.3093703 1.2283903 1.2195317 1.2412358 1.2533758 1.4780025 0.9169954 1.0978422 1.0978422 1.2665889 2.2715889 1.2679209 1.2569544 1.2569544 2.2822563 1.9822970 
Spis_XP_022783408_1                                             0.7566490 0.7425865 0.7979541 0.7791897 0.7558294 0.6982069 0.7128289 0.7154953 0.4343279 0.3982133 0.3982133 0.6486485 0.4587918 0.5261288 0.0000000 0.0157953 0.0712949 0.1014318 0.0922463 0.2169891 0.2729903 0.2106983 0.2159227 0.3687079 0.3558908 0.3705216 0.5645066 0.3475788 0.4121887 0.4359397 0.4356839 0.4468108 0.4491125 0.4470546 0.4068460 0.3202579 0.3544232 0.5612789 0.4077107 0.6519931 0.6519931 0.7164764 0.7164764 0.6783365 0.6783365 0.7187536 0.7187536 0.6783365 0.6783365 1.1681352 1.1681352 0.6783776 0.6783776 0.6748650 0.6624864 0.6624864 0.6696124 0.6536744 0.6878125 0.6878125 0.8895608 0.6792730 0.7055570 0.6110687 0.6536907 0.6110091 0.6029090 0.7561670 0.6904938 1.1291584 1.0700258 0.9136309 1.0979648 1.1916050 1.2564760 1.0397762 1.0459370 1.2713764 1.1444981 1.5658660 0.9739510 1.1124550 1.1041031 1.0631047 1.0865311 1.1056615 1.0750663 1.3953887 1.3013964 1.3615388 0.8707070 1.2749614 1.2749614 1.0967844 2.0097575 1.2833786 1.3175372 1.3175372 2.0033385 1.9944789 
Pocdam_XM_027195662.1                                           0.7352947 0.7460498 0.8131931 0.7949125 0.7711243 0.7111752 0.7062943 0.7089569 0.4247442 0.4062710 0.4062710 0.6639910 0.4714178 0.5391003 0.0157953 0.0000000 0.0709963 0.0947055 0.0858130 0.2081121 0.2617006 0.2088380 0.2159260 0.3771520 0.3542004 0.3687842 0.6131483 0.3475788 0.4227976 0.4467552 0.4464691 0.4576841 0.4600477 0.4581157 0.4093525 0.3193280 0.3542864 0.5612789 0.4176515 0.6291189 0.6291189 0.7224926 0.7224926 0.6962799 0.6962799 0.7248718 0.7248718 0.6962799 0.6962799 1.1765046 1.1765046 0.6593833 0.6593833 0.6558914 0.6680314 0.6680314 0.6497541 0.6341569 0.6936070 0.6936070 0.8591597 0.6592208 0.6953697 0.5920282 0.6332618 0.6340488 0.6288866 0.7597618 0.6794109 1.1242569 1.0458201 0.9223042 1.0879721 1.2132903 1.2791073 1.0557987 1.0646681 1.3165372 1.1659095 1.5658660 0.9504823 1.1215831 1.0920042 1.0724184 1.0881242 1.0796179 1.0650458 1.3865460 1.2929952 1.3529076 0.8786336 1.2730037 1.2730037 1.0898672 2.0097575 1.2885471 1.3072764 1.3072764 2.0532618 2.0471391 
Gasp_gasp1.m3.17735.m1                                          0.7279022 0.7085212 0.7888854 0.8009619 0.7689736 0.6844754 0.6822354 0.6848300 0.4058697 0.3649599 0.3649599 0.5845023 0.4415953 0.4808122 0.0712949 0.0709963 0.0000000 0.0567195 0.0780693 0.2078182 0.2905911 0.2071934 0.2276717 0.4045167 0.3732936 0.3284456 0.5709201 0.3169236 0.3977536 0.4146195 0.4207110 0.4315850 0.4337715 0.4315626 0.4068232 0.3276925 0.3801781 0.6065457 0.4110209 0.6457335 0.6457335 0.7266675 0.7266675 0.6896136 0.6896136 0.7290604 0.7290604 0.6896136 0.6896136 1.1106020 1.1106020 0.6873549 0.6873549 0.6857110 0.6824637 0.6824637 0.6697543 0.6672212 0.7135256 0.7135256 0.8874325 0.6663550 0.7069721 0.6247739 0.6445926 0.6119770 0.6017552 0.7637755 0.7034416 1.1535334 1.0484736 0.9246185 1.0990782 1.1847972 1.2608536 1.0344001 1.0488298 1.2077165 1.0907042 1.4858542 0.9524039 1.1222061 1.0351449 1.0126851 1.0370444 1.0636742 1.0621934 1.2981443 1.2979755 1.3316883 0.8905154 1.2748128 1.2748128 1.0850638 1.7842672 1.2801317 1.3141311 1.3141311 1.9349326 1.9652632 
Fspp_ffun1.m4.22038.m1                                          0.7886355 0.7492744 0.7627666 0.7727755 0.7147850 0.7002932 0.6609392 0.6636501 0.4280762 0.4037234 0.4037234 0.5604077 0.4260567 0.4610921 0.1014318 0.0947055 0.0567195 0.0000000 0.0839293 0.2342478 0.3084730 0.1690224 0.2467710 0.4127433 0.3876011 0.3732120 0.6149531 0.3256388 0.3981282 0.4084689 0.4150297 0.4258204 0.4281336 0.4265580 0.4308243 0.3257761 0.3818996 0.6518678 0.4117358 0.6609746 0.6609746 0.6946529 0.6946529 0.6477876 0.6477876 0.6922441 0.6922441 0.6477876 0.6477876 1.0696329 1.0696329 0.6410581 0.6410581 0.6393617 0.6483835 0.6483835 0.6364370 0.6338830 0.6936165 0.6936165 0.8095412 0.6119341 0.6939975 0.6072975 0.6009799 0.6045676 0.3806581 0.7885327 0.6626390 1.1349707 0.9883576 0.9242110 1.0953831 1.1799933 1.3048340 1.0386380 1.0726704 1.2559510 1.1410111 1.5463803 0.9965754 1.1616973 1.1330898 1.1079773 1.0506076 1.0794362 1.0565131 1.3870087 1.3505601 1.3424739 0.8643107 1.3318699 1.3318699 1.0863898 1.8012324 1.2479270 1.2839905 1.2839905 1.9750302 1.9556453 
Gfas_gfas1.m1.7286.m1                                           0.7362390 0.7333570 0.7619203 0.7637451 0.7469525 0.6740564 0.6881546 0.6907736 0.3680347 0.3457295 0.3457295 0.5918133 0.4305363 0.4914490 0.0922463 0.0858130 0.0780693 0.0839293 0.0000000 0.1486261 0.2439710 0.1597569 0.2402048 0.3515615 0.3291038 0.3193051 0.4553611 0.3334199 0.3851935 0.3982584 0.4084237 0.4046905 0.4067788 0.4191825 0.3760136 0.3161124 0.3320112 0.5492977 0.3938852 0.6144568 0.6144568 0.6858641 0.6858641 0.6358926 0.6358926 0.6769447 0.6769447 0.6358926 0.6358926 1.0869338 1.0869338 0.6404995 0.6404995 0.6369845 0.6440434 0.6440434 0.6288706 0.6119629 0.6745272 0.6745272 0.8128019 0.6229120 0.6559798 0.6059188 0.6153295 0.5968953 0.5618989 0.7557258 0.6621608 1.1244499 0.9912040 0.9357890 1.0739538 1.1099520 1.1748970 0.9810129 0.9968154 1.0463576 1.0383370 1.5419164 0.9378566 1.1068791 0.9912681 1.0556353 1.0875785 1.0439807 1.0105978 1.2900480 1.2499284 1.3540360 0.8537021 1.1712284 1.1712284 1.0095349 1.6814194 1.2652600 1.2870285 1.2870285 1.9514352 1.9174045 
Adig_XM_015924131.1                                             0.9310402 0.9784500 1.0113492 0.9832229 1.0306985 0.8783553 0.8595906 0.8628925 0.5730147 0.4902465 0.4902465 0.8253966 0.5541968 0.5976269 0.2169891 0.2081121 0.2078182 0.2342478 0.1486261 0.0000000 0.2907609 0.4982976 0.3561806 0.5070067 0.4757761 0.4735559 0.4740587 0.3417269 0.5372183 0.5595748 0.5599378 0.5994917 0.6030881 0.5875645 0.4779812 0.4394038 0.4612656 0.5998796 0.5310524 0.8001027 0.8001027 0.8022793 0.8022793 0.7739196 0.7739196 0.8130341 0.8130341 0.7739196 0.7739196 1.1600353 1.1600353 0.7041139 0.7041139 0.7000714 0.7504036 0.7504036 0.6992939 0.6855210 0.7428458 0.7428458 1.1112879 0.7973882 0.7830245 0.6796957 0.7897068 0.8336106 1.0342643 1.0086818 0.9041664 1.3506670 1.1790143 1.1808031 1.3190847 1.4833337 1.4092002 1.2065139 1.2513763 1.6639291 1.3213836 1.5712883 1.2408720 1.3784918 1.1628530 1.3536377 1.3820149 1.2804919 1.2906799 1.5777138 1.4348870 1.6998270 1.1356708 1.5439728 1.5439728 1.2980250 1.9921000 1.5427049 1.5660541 1.5660541 2.0921873 2.5644057 
Amil_Amillepora32209-RA                                         0.9927590 1.1850321 1.0851739 1.0848291 1.1112825 0.9098203 0.9398408 0.9439988 0.6257719 0.5851752 0.5851752 0.9113035 0.6862181 0.7770098 0.2729903 0.2617006 0.2905911 0.3084730 0.2439710 0.2907609 0.0000000 0.1610264 0.4274755 0.5785070 0.5385513 0.5436525 0.4740587 1.1223042 0.6876024 0.6990166 0.6990166 0.7621832 0.7674339 0.6965725 0.9411127 0.4851354 0.5105271 5.3648918 0.5266442 0.9768384 0.9768384 1.0648159 1.0648159 1.0743133 1.0743133 1.0824697 1.0824697 1.0743133 1.0743133 2.1150270 2.1150270 0.9849522 0.9849522 0.9781330 1.0313576 1.0313576 0.9806522 0.9572343 1.0547684 1.0547684 0.8352766 0.9855462 1.1056738 0.9197306 0.8163210 0.8952388 0.5025850 1.1553203 0.9712531 1.3339475 1.2850862 1.3582737 1.2507533 1.4831482 1.4541699 1.2039332 1.1427828 1.1992828 1.3566337 6.9622262 1.2084230 1.5020249 1.4123919 1.3536790 1.4057395 1.4008522 1.3826815 1.3434487 1.1906498 1.5345172 1.1339342 1.5683406 1.5683406 1.3473937 6.1280760 1.8819694 1.9018931 1.9018931 1.7072969 2.3411350 
Nvec_v1g236523                                                  0.7636427 0.6639544 0.7237138 0.5657054 0.6743286 0.6967080 0.8057501 0.8057501 0.4524979 0.3016104 0.3016104 0.5892422 0.3799073 0.5160808 0.2106983 0.2088380 0.2071934 0.1690224 0.1597569 0.4982976 0.1610264 0.0000000 0.1905484 0.2993584 0.2993584 0.3448626 0.5548787 0.0000010 0.4057194 0.4216939 0.4216939 0.4319419 0.4138232 0.3939153 0.0000010 0.3619317 0.2413997 0.0000010 0.4303111 0.6363821 0.6363821 1.0524213 1.0524213 0.9661748 0.9661748 1.0103870 1.0103870 0.9661748 0.9661748 4.5436840 4.5436840 0.9162582 0.9162582 0.8838263 0.9197401 0.9197401 0.9627981 0.8713921 0.9652811 0.9652811 0.8895927 0.8895927 1.1541899 0.8758264 0.5749670 0.6598687 0.4862629 1.1613693 0.6854854 1.2139594 1.2317091 0.9456709 1.1412028 0.9526361 1.0055014 0.8284736 0.8683691 0.8198377 0.8198377 0.0000010 0.6227235 1.3402499 0.9755086 0.9736905 1.2395015 1.0761717 1.1410842 1.1251165 1.1631819 1.2311561 0.9686496 1.1170001 1.1170001 1.1817109 8.9999981 1.0851090 1.1938600 1.1938600 0.7652135 1.7404240 
Exapal_XM_021044761.2                                           0.7535667 0.7402379 0.7142443 0.7754420 0.7289483 0.6659308 0.6812147 0.6725029 0.4826369 0.4729256 0.4729256 0.6925636 0.5378075 0.6231805 0.2159227 0.2159260 0.2276717 0.2467710 0.2402048 0.3561806 0.4274755 0.1905484 0.0000000 0.3672898 0.3457805 0.3763833 0.5367384 0.4309968 0.4402950 0.4415756 0.4451619 0.4185476 0.4207959 0.4688667 0.4548072 0.4546066 0.4291672 0.7551266 0.4291003 0.6927685 0.6927685 0.8437598 0.8437598 0.8046094 0.8046094 0.8473694 0.8473694 0.8046094 0.8046094 1.2278234 1.2278234 0.7892905 0.7892905 0.7807683 0.7543201 0.7543201 0.7495418 0.7223076 0.7675463 0.7675463 0.9010293 0.7525220 0.8423801 0.7378716 0.7033905 0.7201892 0.7589564 0.8236552 0.8650261 1.1929372 1.1527213 0.9559413 1.1613689 1.2801591 1.3212972 1.1219535 1.1720296 1.0338605 1.0812981 1.7041417 0.9578499 1.1577908 1.0805165 1.2003126 1.2137008 1.0790448 1.1104819 1.4608826 1.4608375 1.4165406 0.9837165 1.2715215 1.2715215 1.0998075 1.9836692 1.3300853 1.3582542 1.3582542 2.0807724 2.0506843 
Dgig_XM_028537897.1                                             0.8963500 0.9411187 0.8585684 0.8689395 0.9328470 0.7931254 0.8605393 0.8507338 0.5722413 0.4566095 0.4566095 0.6629709 0.5339100 0.6256970 0.3687079 0.3771520 0.4045167 0.4127433 0.3515615 0.5070067 0.5785070 0.2993584 0.3672898 0.0000000 0.0159249 0.1735832 0.4768869 0.5945384 0.5431592 0.5617570 0.5520090 0.5725727 0.5644066 0.5432602 0.5255763 0.4749590 0.4464881 0.6908085 0.5075938 0.7594833 0.7594833 0.8318797 0.8318797 0.8053732 0.8053732 0.8444669 0.8444669 0.8053732 0.8053732 1.4052301 1.4052301 0.7995548 0.7995548 0.7571266 0.8133805 0.8133805 0.7680428 0.7350280 0.7988120 0.7988120 0.8754223 0.7678667 0.8394301 0.8203562 0.7677278 0.6711250 0.6943873 0.8573384 0.7795392 1.2659132 1.2748061 1.0497862 1.1582314 1.1585494 1.1528828 1.1449141 1.2589642 0.9930833 1.1405251 1.7801264 1.0712003 1.2643330 1.2080819 1.0874718 1.4278827 1.2100925 1.1884240 1.6261127 1.5112193 1.5372190 1.1270814 1.3268774 1.3268774 1.3112627 2.5960877 1.3838954 1.4090331 1.4090331 2.2096203 1.9308295 
Dgig_XM_028562797.1                                             0.8775063 0.8967441 0.8387222 0.8483579 0.9112605 0.7563102 0.8214139 0.8119518 0.5536506 0.4400219 0.4400219 0.6474518 0.5166109 0.5948972 0.3558908 0.3542004 0.3732936 0.3876011 0.3291038 0.4757761 0.5385513 0.2993584 0.3457805 0.0159249 0.0000000 0.1647978 0.4768869 0.5667391 0.5350652 0.5534737 0.5437947 0.5547619 0.5577656 0.5279575 0.4806765 0.4479367 0.4304286 0.6908085 0.4846384 0.7103053 0.7103053 0.8065789 0.8065789 0.7776599 0.7776599 0.8185770 0.8185770 0.7776599 0.7776599 1.3559412 1.3559412 0.7763582 0.7763582 0.7349976 0.7895763 0.7895763 0.7449352 0.7185196 0.7804916 0.7804916 0.8405724 0.7448763 0.8142634 0.8102631 0.7540391 0.6519272 0.6943873 0.8181048 0.7465322 1.2354906 1.2373386 1.0147347 1.1380945 1.1521015 1.1464566 1.1476666 1.2278908 1.0267177 1.1450271 1.7332628 1.0396638 1.2648602 1.1729905 1.0728238 1.4029977 1.1742136 1.1533513 1.5768624 1.4660984 1.4908040 1.1256453 1.3151378 1.3151378 1.2710388 2.5960877 1.3779358 1.4030976 1.4030976 2.1848441 1.9876896 
Xesp_012887-T1                                                  0.8086351 0.7707541 0.8141313 0.8145675 0.8548532 0.7315818 0.7539326 0.7448977 0.4917362 0.4059541 0.4059541 0.6345962 0.5456471 0.5814030 0.3705216 0.3687842 0.3284456 0.3732120 0.3193051 0.4735559 0.5436525 0.3448626 0.3763833 0.1735832 0.1647978 0.0000000 0.4845639 0.5112298 0.5072627 0.5170302 0.5272253 0.5384859 0.5413287 0.5425709 0.4628718 0.4482030 0.4018643 0.7155559 0.4808056 0.7070089 0.7070089 0.7320522 0.7320522 0.6741301 0.6741301 0.7286083 0.7286083 0.6741301 0.6741301 1.1858607 1.1858607 0.7068380 0.7068380 0.6897475 0.7224324 0.7224324 0.6704844 0.6442558 0.6987101 0.6987101 0.7680292 0.6728973 0.7452119 0.7811410 0.7226494 0.6652358 0.5992582 0.8109234 0.7787965 1.2302244 1.2146371 1.0233985 1.1741691 1.1168057 1.2001067 1.1396384 1.1581478 1.0729849 1.1060515 1.8513019 1.0191420 1.1917103 1.1123314 1.0729586 1.3569222 1.1655706 1.1533171 1.5058941 1.4723635 1.4383257 1.0315278 1.2688502 1.2688502 1.2235031 2.5022563 1.2986412 1.3281142 1.3281142 2.3527019 2.0590292 
HoiH23_PlH23_006393-RA                                          0.9831099 0.0000010 0.9584794 0.6520067 0.9378616 0.7444222 1.0460332 1.0460332 0.7791581 0.4126151 0.4126151 0.4701296 0.3456144 0.3290134 0.5645066 0.6131483 0.5709201 0.6149531 0.4553611 0.4740587 0.4740587 0.5548787 0.5367384 0.4768869 0.4768869 0.4845639 0.0000000 0.0000010 0.0252891 0.0512615 0.0512615 0.1331706 0.1061616 0.0784346 0.0000010 0.4408844 0.4567396 0.0000010 0.6196361 0.9484519 0.9484519 1.0168286 1.0168286 0.4814356 0.4814356 0.9845120 0.9845120 0.4814356 0.4814356 6.3635857 6.3635857 1.0436841 1.0436841 0.9747486 1.1801602 1.1801602 1.2181967 0.9507989 1.0319529 1.0319529 1.0580651 1.0580651 0.9592797 0.9321051 0.6181219 0.6105649 0.5829413 9.0000000 1.2633835 1.4915953 1.6605391 1.4579910 1.5953280 0.9304242 1.0660994 0.9299644 0.9990970 0.8773394 0.8773394 0.0000010 1.2457517 1.1686556 1.0890046 1.3377298 1.3458490 1.1572774 1.2738469 1.1971496 1.5823733 1.6260083 1.3573241 1.3888184 1.3888184 1.1717049 5.9592578 0.8657596 0.9680639 0.9680639 0.7727871 2.2365893 
HoiH23_PlH23_010780-RA                                          0.9483765 0.9321254 0.8517074 0.9244425 0.9231255 0.6904402 0.7719024 0.7719024 0.4904206 0.5360866 0.5360866 0.6095735 0.5304678 0.5374531 0.3475788 0.3475788 0.3169236 0.3256388 0.3334199 0.3417269 1.1223042 0.0000010 0.4309968 0.5945384 0.5667391 0.5112298 0.0000010 0.0000000 0.0206305 0.0311929 0.0312672 0.0745218 0.0745218 0.0761931 0.5795033 0.4745989 0.5257275 0.7069485 0.6609744 0.7113473 0.7113473 0.6498799 0.6498799 0.6498799 0.6498799 0.6498799 0.6498799 0.6498799 0.6498799 0.6498799 0.6498799 0.5600986 0.5600986 0.5529149 0.6345278 0.6345278 0.5492679 0.6432854 0.6404109 0.6404109 0.7160331 0.5418767 0.6476971 0.6276715 0.7578974 0.8013321 1.8500818 0.8055609 0.7014738 1.2653971 1.1656998 0.9734458 1.1420924 1.5559370 1.4370194 1.1840386 1.4486059 9.0000000 1.2110119 1.5411484 1.3282630 1.2787920 1.3379993 1.3274464 0.9743843 0.9817603 1.0423198 1.5547745 1.4392417 1.3740533 1.1166425 1.1779972 1.1779972 1.3622213 1.9028321 1.2363648 1.2363648 1.2363648 3.9213687 2.0349772 
HoiH06_mRNA5478                                                 0.8671670 0.7878223 0.6975710 0.7135716 0.7446331 0.6312801 0.7062931 0.6977284 0.5421300 0.4801540 0.4801540 0.5592807 0.4443742 0.5244754 0.4121887 0.4227976 0.3977536 0.3981282 0.3851935 0.5372183 0.6876024 0.4057194 0.4402950 0.5431592 0.5350652 0.5072627 0.0252891 0.0206305 0.0000000 0.0420110 0.0420597 0.0930972 0.0934152 0.0879423 0.5443155 0.5015901 0.5053701 0.7035843 0.6182599 0.6720503 0.6720503 0.7575535 0.7575535 0.6776436 0.6776436 0.7513096 0.7513096 0.6776436 0.6776436 1.0838558 1.0838558 0.6912086 0.6912086 0.6787778 0.7104485 0.7104485 0.6965727 0.6916757 0.7644490 0.7644490 0.8061442 0.6866610 0.7737332 0.7177954 0.6696720 0.6709011 0.7651271 1.0112763 0.8446978 1.2944277 1.3175640 0.9491510 1.0999714 1.0776417 1.1278988 0.9744256 1.0920717 0.9054109 0.9665077 1.5379642 1.0504488 1.0965233 1.0143018 1.1366894 1.0693403 0.9531680 0.9886092 1.2067519 1.1885326 1.1703743 0.9751009 0.9729434 0.9729434 1.1838789 2.3626917 1.1646236 1.1810516 1.1810516 1.9643221 1.9093719 
Hhon_g01740.t1                                                  0.8756223 0.7870515 0.7403793 0.7457783 0.7647534 0.6329359 0.7162241 0.7076080 0.5413449 0.4989594 0.4989594 0.5493265 0.4359991 0.4868817 0.4359397 0.4467552 0.4146195 0.4084689 0.3982584 0.5595748 0.6990166 0.4216939 0.4415756 0.5617570 0.5534737 0.5170302 0.0512615 0.0311929 0.0420110 0.0000000 0.0103468 0.0929343 0.0932511 0.0766683 0.5287178 0.5079567 0.4890324 0.7041756 0.6224078 0.6954958 0.6954958 0.7352765 0.7352765 0.6548386 0.6548386 0.7289246 0.7289246 0.6548386 0.6548386 1.0857514 1.0857514 0.6746888 0.6746888 0.6602247 0.7239431 0.7239431 0.6888462 0.6975999 0.7375925 0.7375925 0.7646770 0.6568816 0.7650103 0.7022888 0.6779690 0.6839706 0.8108947 1.0342021 0.8605312 1.2976249 1.3117053 0.9903157 1.1091544 1.0557805 1.1043435 0.9778573 1.1214713 0.9321967 0.9747929 1.5574144 1.0765742 1.0906964 1.0848701 1.1418315 1.1166694 1.0204124 1.0557465 1.2156122 1.2200121 1.2338804 0.9903477 1.0085532 1.0085532 1.2025848 2.3083366 1.1668354 1.1833389 1.1833389 1.9433735 1.9121336 
HoiH04_mRNA6205                                                 0.8757873 0.7875892 0.7374910 0.7568475 0.7719905 0.6390084 0.7204000 0.7117669 0.5432433 0.4994064 0.4994064 0.5483939 0.4419892 0.4888130 0.4356839 0.4464691 0.4207110 0.4150297 0.4084237 0.5599378 0.6990166 0.4216939 0.4451619 0.5520090 0.5437947 0.5272253 0.0512615 0.0312672 0.0420597 0.0103468 0.0000000 0.0930259 0.0933432 0.0767495 0.5290476 0.5262730 0.5078165 0.6749619 0.6201081 0.6912753 0.6912753 0.7378743 0.7378743 0.6578665 0.6578665 0.7315429 0.7315429 0.6578665 0.6578665 1.0878172 1.0878172 0.6773475 0.6773475 0.6629014 0.7264899 0.7264899 0.6914603 0.6991366 0.7401485 0.7401485 0.7646770 0.6594976 0.7675098 0.7048346 0.6842626 0.6854427 0.8108947 1.0294851 0.8839591 1.2838771 1.2877562 0.9790102 1.1262441 1.0720326 1.1195613 0.9997191 1.1207363 0.9321967 0.9746090 1.5280243 1.0689381 1.0839561 1.0759740 1.1414064 1.1214584 1.0200919 1.0606863 1.2148359 1.2192079 1.2109617 0.9806556 1.0289552 1.0289552 1.1999057 2.2919383 1.1460718 1.1629318 1.1629318 1.9145753 1.9069317 
TrH2_TrispH2_008458-RA                                          0.8432501 0.7480649 0.7236459 0.7217319 0.7251205 0.6342347 0.7158930 0.7073020 0.5466120 0.4807269 0.4807269 0.5814356 0.4540480 0.5237778 0.4468108 0.4576841 0.4315850 0.4258204 0.4046905 0.5994917 0.7621832 0.4319419 0.4185476 0.5725727 0.5547619 0.5384859 0.1331706 0.0745218 0.0930972 0.0929343 0.0930259 0.0000000 0.0103334 0.0993544 0.5481170 0.5588070 0.4989955 0.7726245 0.6337850 0.7091099 0.7091099 0.7790718 0.7790718 0.6928727 0.6928727 0.7728021 0.7728021 0.6928727 0.6928727 1.0782860 1.0782860 0.7400844 0.7400844 0.7252496 0.7427942 0.7427942 0.7228915 0.7447454 0.7726759 0.7726759 0.7831521 0.6630010 0.7728897 0.7273012 0.6675481 0.6550576 0.7460138 0.9883264 0.8519132 1.2853988 1.2349796 0.9360225 1.1066767 1.0833650 1.1666141 0.9497877 1.1125954 0.9099023 0.9432827 1.5574354 1.0896837 1.1589110 1.0434455 1.1266630 1.1112141 0.9801878 1.0195077 1.2727240 1.3193230 1.1721767 1.0282663 1.0596439 1.0596439 1.1754471 2.1098294 1.2216521 1.2370936 1.2370936 1.9420384 1.8516603 
Tadh_TriadT27077                                                0.8478977 0.7651407 0.7276520 0.7257550 0.7291219 0.6376055 0.7196927 0.7110624 0.5495519 0.4831929 0.4831929 0.5845157 0.4563262 0.5265159 0.4491125 0.4600477 0.4337715 0.4281336 0.4067788 0.6030881 0.7674339 0.4138232 0.4207959 0.5644066 0.5577656 0.5413287 0.1061616 0.0745218 0.0934152 0.0932511 0.0933432 0.0103334 0.0000000 0.0996995 0.5668204 0.5617796 0.5016628 0.7726245 0.6371275 0.7129222 0.7129222 0.7833514 0.7833514 0.7071321 0.7071321 0.7770663 0.7770663 0.7071321 0.7071321 1.0938375 1.0938375 0.7441405 0.7441405 0.7292283 0.7468100 0.7468100 0.7268308 0.7487551 0.7768829 0.7768829 0.7889586 0.6665810 0.7770598 0.7311905 0.6711972 0.6585176 0.7243537 1.0026143 0.8565821 1.2926979 1.2420239 0.9410061 1.1128516 1.0893596 1.1732613 0.9550731 1.1187763 0.8782163 0.9484726 1.5574354 1.1108422 1.1652607 1.0492357 1.0942452 1.1173193 0.9856218 1.0252216 1.2797901 1.3267750 1.1787417 1.0340639 1.0655034 1.0655034 1.1417109 2.1098294 1.2084535 1.2241445 1.2241445 1.9041938 1.8150092 
HoiH11_mRNA6377                                                 0.8960667 0.8082058 0.7644478 0.7594801 0.7982413 0.6678021 0.7442611 0.7354960 0.5694591 0.5316993 0.5316993 0.5874974 0.4836972 0.5173549 0.4470546 0.4581157 0.4315626 0.4265580 0.4191825 0.5875645 0.6965725 0.3939153 0.4688667 0.5432602 0.5279575 0.5425709 0.0784346 0.0761931 0.0879423 0.0766683 0.0767495 0.0993544 0.0996995 0.0000000 0.5648547 0.5007677 0.4924381 0.7082454 0.6207130 0.7154776 0.7154776 0.7840101 0.7840101 0.6919506 0.6919506 0.7776017 0.7776017 0.6919506 0.6919506 1.1842262 1.1842262 0.7425963 0.7425963 0.7274036 0.7675662 0.7675662 0.7552889 0.7515723 0.7832607 0.7832607 0.8140062 0.7079553 0.8195527 0.7788315 0.7160862 0.6872912 0.8062731 0.9956931 0.8718551 1.2742681 1.3061087 0.9732007 1.0846532 1.0520291 1.1088970 0.9659384 1.0448498 0.8619059 0.9405464 1.5976444 1.0840719 1.0815780 1.0718565 1.0786872 1.1104027 1.0079105 1.0349542 1.1956890 1.1473391 1.1893130 1.0056921 1.0070511 1.0070511 1.1841559 2.3262346 1.2381280 1.2532283 1.2532283 1.9248951 1.8233514 
Morvir_scaffold154.g24.t1                                       0.7272114 0.6813859 0.5678417 0.7705855 0.6907751 0.5701176 0.4950441 0.4818792 0.4730991 0.4743805 0.4743805 0.7264158 0.5101889 0.5152900 0.4068460 0.4093525 0.4068232 0.4308243 0.3760136 0.4779812 0.9411127 0.0000010 0.4548072 0.5255763 0.4806765 0.4628718 0.0000010 0.5795033 0.5443155 0.5287178 0.5290476 0.5481170 0.5668204 0.5648547 0.0000000 0.3421931 0.3155688 0.6076482 0.3844533 0.5486668 0.5486668 0.5215016 0.5215016 0.5215016 0.5215016 0.5215016 0.5215016 0.5215016 0.5215016 0.5215016 0.5215016 0.5274336 0.5274336 0.5170822 0.5195343 0.5195343 0.5299703 0.4981570 0.5198694 0.5198694 0.7779670 0.5586640 0.4947837 0.5236310 0.6222290 0.5443207 0.9423231 0.4977220 0.6877951 1.0162465 0.8685980 0.8677094 0.8816127 1.3069690 1.1720701 1.2219752 1.3809858 2.7607236 1.3667514 1.8279741 1.1583019 1.2504195 1.2321381 1.1479834 1.2526365 1.2467973 1.1811354 1.6125999 1.5067327 1.8070063 0.9520359 1.0698878 1.0698878 1.0783855 1.6188313 1.3069035 1.3069035 1.3069035 4.0153441 2.9353655 
Nemnom_g3986.t1                                                 0.7150374 0.7380642 0.7876112 0.8069719 0.7965235 0.6568412 0.6688066 0.6602409 0.5020123 0.4545574 0.4545574 0.6238898 0.5226369 0.4809174 0.3202579 0.3193280 0.3276925 0.3257761 0.3161124 0.4394038 0.4851354 0.3619317 0.4546066 0.4749590 0.4479367 0.4482030 0.4408844 0.4745989 0.5015901 0.5079567 0.5262730 0.5588070 0.5617796 0.5007677 0.3421931 0.0000000 0.2323644 0.3109915 0.4002180 0.6085125 0.6085125 0.7203250 0.7203250 0.6860648 0.6860648 0.7140332 0.7140332 0.6860648 0.6860648 1.1454000 1.1454000 0.7748126 0.7748126 0.7629897 0.7443413 0.7443413 0.7063110 0.7082239 0.7705320 0.7705320 0.8057329 0.7136593 0.8374181 0.7783891 0.6351442 0.6083736 0.5823803 0.7412072 0.6660664 1.1134412 1.0675501 0.9901251 1.0230841 1.1311690 1.1540750 1.0935067 1.1101714 1.1003084 1.2080822 2.2187231 1.0922387 1.1742912 1.1044752 1.2195037 1.2652543 1.1588814 1.1118057 1.3606554 1.3273119 1.5023420 0.9378598 1.0043921 1.0043921 1.0462764 1.9307763 1.3482167 1.3134464 1.3134464 2.0632506 2.1948154 
Sanmal_Sma_020804-T1                                            0.7072773 0.6655770 0.7034559 0.7233233 0.7571680 0.6268467 0.6524944 0.6439790 0.5029318 0.4783239 0.4783239 0.6064002 0.4761351 0.5275310 0.3544232 0.3542864 0.3801781 0.3818996 0.3320112 0.4612656 0.5105271 0.2413997 0.4291672 0.4464881 0.4304286 0.4018643 0.4567396 0.5257275 0.5053701 0.4890324 0.5078165 0.4989955 0.5016628 0.4924381 0.3155688 0.2323644 0.0000000 0.4501998 0.4530228 0.5759671 0.5759671 0.7770946 0.7770946 0.7356926 0.7356926 0.7705513 0.7705513 0.7356926 0.7356926 1.1799075 1.1799075 0.7658301 0.7658301 0.7541337 0.7380438 0.7380438 0.6878383 0.7087055 0.7054822 0.7054822 0.8505024 0.6965449 0.8577105 0.7937490 0.7119431 0.6009765 0.4725390 0.7504298 0.6729797 1.1601553 1.1535856 1.0080901 1.0047538 1.0890315 1.1936456 0.9454264 1.0536750 1.0397329 1.1276735 2.1834674 1.0636991 1.2566831 1.1992792 1.1519323 1.3260028 1.1497750 1.1527265 1.2940242 1.3052145 1.5057665 0.9593927 1.1062998 1.1062998 1.1088731 1.9920768 1.2643696 1.2343238 1.2343238 2.4199201 1.9048181 
