94
Spis_XP_022800395_1                                      0.0000000 0.1138038 0.5140657 0.0000010 0.7659887 0.6647300 0.4956639 0.4477942 0.5803881 0.7452443 0.7926167 1.9588938 1.2019342 2.6499186 2.5779452 2.5425760 2.1628462 2.2632539 2.1204040 4.0521925 2.4769089 2.5308304 2.4711084 0.7155028 2.5382943 2.5382943 3.5606263 1.7611415 3.5443839 3.2199282 2.8132530 3.0298517 4.0115320 2.2405856 3.1097189 2.9730987 3.0767938 5.5906519 3.3030756 2.2797766 0.0000010 2.5520632 0.0000010 3.0354317 2.9817638 2.6233375 4.0800177 3.8940561 3.7778856 3.1210084 2.5092695 2.8866483 9.0000000 0.0000010 5.3593289 4.1584444 4.1584444 4.1584444 0.0000010 5.3593289 4.5912400 3.7861119 2.7503379 2.0933453 4.0794850 4.0794850 4.2653955 4.2816725 4.4258705 4.4258705 3.1627747 3.1560504 6.0420681 3.4331175 4.1667332 3.2788016 5.0248531 3.1397035 3.5550886 5.9043443 6.3554567 4.1720334 4.6385427 3.8700142 8.0590635 6.0631484 0.0000010 3.9343108 3.4863052 3.5741351 5.8472169 6.2536035 5.6024638 5.4741724 
Pocdam_XM_027197046.1                                    0.1138038 0.0000000 0.3753319 0.3540396 0.8596345 0.7448440 0.6688299 0.6426988 0.6739861 0.8647670 0.7930637 0.5802687 1.2890369 1.5326745 1.8163387 1.8713032 1.9217608 1.7174498 1.8159701 2.2036049 2.1587741 2.0167238 2.0024861 2.2154594 2.1504282 2.1372060 1.9082902 1.8861696 2.2744839 2.1972160 1.8710812 2.8236037 2.1687384 2.3768790 2.0424991 2.3698358 2.2739477 3.0346177 2.2090672 1.5434049 2.5623245 2.4074740 1.9536691 2.8032644 2.1857338 2.3073819 2.5080872 2.5810959 2.9613240 2.3038015 2.2708868 2.5989245 2.7115069 2.2223770 2.2350227 2.6244421 2.9197908 2.8120973 2.8491518 2.8157465 2.9958259 3.1983658 2.2050253 1.8556082 2.9889270 3.2125868 3.0025834 3.2472883 3.1132183 3.1968402 3.0772560 2.9993709 3.5417479 3.0269226 3.2801706 3.1070631 3.1037977 2.3490911 3.1939380 4.0746041 4.4913213 3.9706310 3.5633414 3.4050724 4.9790584 3.8852775 3.1155858 4.2203206 4.3810510 4.2824049 4.1282819 3.9689978 4.7002839 4.0024100 
Gasp_gasp1.m3.15822.m1                                   0.5140657 0.3753319 0.0000000 0.6542764 0.8005160 0.7164595 0.6398776 0.5946297 0.6438253 0.8139377 0.8072270 0.4056598 1.3537205 1.4549963 1.7557943 1.7081926 1.8250354 1.7989003 1.8983527 2.0529929 2.4524270 2.1421344 2.1242313 2.6506297 2.3676441 2.3624958 1.9522814 2.2623101 2.5155397 2.1438390 2.0057291 2.7618507 2.3541652 2.2745718 2.1270308 2.3577999 2.3096105 2.8150496 2.4605741 1.5214984 2.4869101 2.5961249 2.5156384 2.8152275 2.5289185 2.7642510 2.8527150 2.9238786 2.9517247 2.4323646 2.3744954 2.8317544 3.0190894 2.2455237 2.4876862 2.4530920 2.6226238 2.6809035 2.9826202 3.1814365 2.9567918 3.0225598 2.2777240 1.7313884 3.1300101 3.3040416 2.6989099 3.0875092 2.8357175 2.7820577 3.1446184 3.2142400 3.3621171 2.9228614 3.2584454 2.8687349 2.9379904 2.4053542 3.2168218 4.2412932 4.6997206 3.9446189 3.7043718 3.3479951 4.0580615 3.6728692 2.3496816 3.7986655 4.2442323 3.5465712 3.8170006 3.7383389 4.6505160 3.7901019 
Spis_XP_022778734_1                                      0.0000010 0.3540396 0.6542764 0.0000000 0.8852097 0.9688536 0.9001227 0.8343050 0.8181780 0.9066068 0.8750963 0.6712215 1.3876000 1.4654725 1.4632357 1.8134024 2.3306129 1.9285027 1.8117864 2.0004109 2.0845161 1.9661427 1.9661427 2.9129087 2.2418030 2.2893588 1.7190320 1.9564393 2.0578517 1.9410742 1.7461695 2.2298268 2.0810294 2.4267861 1.9733165 2.3862709 1.8841260 2.7191433 2.3970896 1.8958075 2.8398465 2.1224891 0.9820633 0.0000010 1.6970534 1.8168244 2.0726354 1.9669133 2.5511026 2.0400107 1.9097709 2.6862058 2.6862058 3.1592677 3.1592677 2.6105030 2.4010683 2.8957950 3.7866993 3.7866993 2.7585154 2.9313334 1.0639693 1.6580449 3.8290798 0.0000010 3.0492550 3.0858261 3.0745287 3.9845094 3.2276554 3.1228663 3.2737621 2.6376505 3.2701463 3.0140038 3.1660547 1.9754029 3.4553791 4.0974246 3.8920220 3.8892907 4.3504552 3.3621335 5.3751420 4.9675345 4.2906456 4.9419774 6.7129947 5.9437008 5.3310766 5.2234809 4.6491037 6.4070395 
Spis_XP_022800376_1                                      0.7659887 0.8596345 0.8005160 0.8852097 0.0000000 0.6954056 0.5321270 0.8547829 0.8327928 0.6955428 0.3685108 0.8285598 1.2686171 1.5075217 1.6332283 1.6363072 1.6756821 1.5912899 1.8943551 2.3298077 2.0265628 1.8609174 1.8554401 2.6085088 2.0200989 2.0147613 2.0515899 2.0740847 2.0112404 2.0310661 1.8597918 1.9883632 1.8638356 2.6272361 1.7246075 2.1751758 1.8349432 3.0281049 2.1004108 1.3590816 3.0920836 2.4976861 1.5824826 3.7534113 2.0644754 2.0657119 2.1574198 2.4508189 2.8360693 2.0276331 2.0032843 2.6274888 2.6130394 2.4573147 2.4573147 2.0409357 1.8796162 2.3545600 3.0353743 3.0353743 2.5643084 2.7015587 2.2390149 1.9663189 2.7549471 3.6113211 2.8561080 3.0025489 3.0060018 3.2769381 3.3259664 3.2541776 3.4093791 2.9389773 2.7872333 3.0788832 2.2144990 2.6679628 3.4140785 3.8308921 3.9695179 4.1448244 3.4609123 3.4600565 3.8685612 4.1096487 2.9783229 4.0745653 4.9681596 4.5080125 4.3880278 4.3323319 4.3912387 3.1861470 
Gasp_gasp1.m3.15821.m1                                   0.6647300 0.7448440 0.7164595 0.9688536 0.6954056 0.0000000 0.2737462 0.8584982 0.6715131 0.4983853 0.4389013 0.8485086 1.5698074 1.7521678 1.8590474 1.7877010 1.8855671 1.8489678 1.9931161 2.5837790 2.3289497 2.1068083 2.0936024 2.5169651 2.1883704 2.1841255 2.3088655 2.3969216 2.3622862 2.4259234 2.1582993 2.7614592 2.2348240 2.7085307 2.1438883 2.4610480 2.3584219 2.6773854 2.2605228 1.4752621 4.1936203 2.5563116 2.1056804 2.3968048 2.3247434 2.4550098 2.6137216 2.6022502 3.2766416 2.3130085 2.3881505 2.9248704 3.3598484 3.3302616 4.1613969 2.7166560 2.7345238 2.8942933 3.9282819 4.5185779 3.0111090 3.3878421 2.4618129 1.9766480 3.0830150 3.2172442 3.3093809 3.4485030 3.4221795 3.0946383 3.5527959 3.6576309 4.1098607 3.2211185 3.4813115 3.1170827 3.1387508 4.0990425 3.4644634 4.2033984 4.8739725 4.0003993 3.6851210 3.6373419 5.1307705 4.4251024 3.6009745 4.6209741 5.2515478 4.8292282 4.0746981 3.7839574 5.0137213 4.0539458 
Fspp_ffun1.m4.15297.m1                                   0.4956639 0.6688299 0.6398776 0.9001227 0.5321270 0.2737462 0.0000000 0.7116792 0.6174286 0.5306979 0.4203303 0.6937752 1.3356780 1.6376984 1.8605509 1.6503410 1.7854139 1.7029019 1.8267992 2.1967743 2.1380167 1.9987225 1.9839497 2.2015892 2.0296516 2.0261207 1.9896609 2.1444344 2.0631723 2.2039163 1.9746689 2.7697602 2.1226509 2.4947828 2.2504588 2.2692631 2.1909715 2.8000366 2.2417528 1.4027172 2.9057184 2.4352621 1.9810393 2.3963742 2.2600026 2.3843434 2.5304465 2.7160009 2.9823975 2.2476152 1.9056638 2.9021312 2.9263695 3.2598317 3.5461531 2.7946455 2.8375964 2.8808643 3.4011837 3.6147351 2.9809774 3.0075833 2.4569148 1.8650452 3.0830243 3.2657014 2.9762113 3.4095034 3.2220842 3.1231864 3.2240605 3.2751269 3.7478461 2.8787430 3.4265894 3.0883463 3.0191513 2.7662559 3.5338522 3.8244919 4.1702563 3.6890390 3.5559546 3.3015481 4.9003758 3.9382996 2.8604522 4.2276222 5.0225797 4.6908139 4.1856824 4.2459447 4.5707222 4.3509713 
Amil_Amillepora22086-RA                                  0.4477942 0.6426988 0.5946297 0.8343050 0.8547829 0.8584982 0.7116792 0.0000000 0.1603715 1.0044264 0.8471437 0.7205090 1.3525599 1.6186834 1.7568419 1.9275674 1.9500825 1.6011627 2.0075562 2.2416707 2.0807262 1.9535768 1.9377079 2.2814667 2.1129266 2.1245350 2.4114647 2.2762346 2.3451289 2.3685789 2.1229954 3.7235264 2.2651380 2.6643850 2.3495378 2.3882780 2.2264998 2.9910690 2.5432935 1.3594293 3.0249739 2.6701503 2.1172799 3.5276884 2.2737351 2.7907459 2.9881661 3.1669830 3.0265388 2.3365574 2.1856789 2.8466424 2.9014990 2.5743992 2.5743992 2.7923562 2.9802965 3.1096546 3.5146831 3.5146831 2.9743417 3.1714431 2.4885571 1.9847752 3.0287398 3.2594776 2.8525857 3.5116928 3.2910149 3.4145692 3.1486678 3.2538137 3.8188699 2.6950974 3.4157604 2.8676473 3.2412479 2.0814657 3.5607555 3.7904366 4.5816881 3.9639313 4.0789959 4.0222384 4.7534087 3.9617894 2.9222730 4.2163807 4.6656864 4.8293136 4.2999281 4.4331151 4.3517171 4.4183575 
Adig_XM_015896652.1                                      0.5803881 0.6739861 0.6438253 0.8181780 0.8327928 0.6715131 0.6174286 0.1603715 0.0000000 0.6939466 0.7050217 0.7194669 1.2882267 1.6756532 1.7930107 1.9508958 1.9412241 1.7279685 1.9204257 2.2194696 2.1788618 1.9898795 1.9758540 2.1760150 2.0531991 2.0630139 2.2571611 2.1796350 2.3061172 2.2497357 2.0788727 3.2838602 2.4018760 2.4917707 2.3282758 2.4720203 2.2975679 3.0109188 2.4376019 1.4075874 3.1354369 2.7046968 2.2682841 3.0663540 2.3786014 2.6427508 2.9311613 3.1569692 3.1399305 2.3394806 2.3586057 2.8120827 2.7588304 2.8725717 3.2644403 2.8138979 3.0102370 3.0880485 3.7533555 4.0941406 2.9397113 3.1636557 2.3957785 1.8698141 3.4171165 3.7389744 2.8306974 3.4225665 3.0964374 3.1750991 3.0534959 3.1185032 3.5049946 2.7708794 3.2772126 2.9825421 3.0880358 2.2237371 3.4376351 3.7985181 4.6549392 3.9265367 3.7799795 3.4912907 4.4936972 3.9420747 2.9603935 4.1252148 4.6029445 4.7088766 4.2005323 4.3428453 4.5892190 4.2174510 
Gfas_gfas1.m1.2723.m1                                    0.7452443 0.8647670 0.8139377 0.9066068 0.6955428 0.4983853 0.5306979 1.0044264 0.6939466 0.0000000 0.7983779 0.8876297 1.5496925 1.5721539 1.7408298 1.9670896 1.8205145 1.8997311 1.9123728 2.6062410 1.9353152 1.8806622 1.8915298 1.8359426 2.1007259 2.0962503 2.2748106 2.3922786 2.4424456 2.2705952 2.1761757 3.3141675 2.4521828 2.6409267 2.3822191 2.1179202 2.0218191 3.0738103 2.4679987 1.5497062 2.7406829 2.4749789 1.4947108 2.9424412 2.1923772 2.6982805 2.6939490 2.6270370 2.9837171 2.2921364 2.2257474 2.8180138 2.9742985 2.4069454 2.5652886 2.5506525 2.9054901 2.8061654 3.0688390 3.1823945 2.7272567 2.7640965 2.5414269 1.8441991 4.1236198 4.2252894 3.5857445 3.8464470 3.3139659 3.5377092 3.2708649 3.4333183 3.7606955 3.0880383 3.8075473 2.8801010 3.1055851 2.1540171 3.4150050 4.4709956 4.6839581 3.9520758 4.1131150 3.2907661 5.3374797 5.0977754 3.6464970 4.4929753 5.8861101 5.4885974 5.4488135 4.6493918 5.0434074 5.7005489 
Pocdam_XM_027197044.1                                    0.7926167 0.7930637 0.8072270 0.8750963 0.3685108 0.4389013 0.4203303 0.8471437 0.7050217 0.7983779 0.0000000 0.9326027 1.5537524 2.0446140 2.0059629 2.0368825 2.1242699 1.9904950 2.2793893 2.5150815 2.5853007 2.3724505 2.3512031 3.4055457 2.3922000 2.3922000 2.3339902 2.2374015 2.4835417 2.2502252 2.1207674 3.1833117 2.4051698 2.4508616 2.6002754 2.7313741 2.6476501 3.2959615 2.6236212 1.5031803 6.3312298 2.7930362 2.0181534 2.9735886 2.5448222 2.4988929 2.6723296 2.9187471 3.2503995 2.5393507 2.5323043 3.2875980 3.3735253 8.9999990 8.1385120 3.2066558 2.9977755 3.1743760 5.3930812 5.0265897 3.4206907 3.7599183 2.4507136 1.8988486 3.2984716 3.5637398 3.3689322 3.6121413 3.7525623 3.4027810 3.5331878 3.4723425 3.9408981 3.1469157 3.0945348 3.0667916 3.0528845 3.7488799 4.0231073 4.6494463 5.2985996 5.4997866 3.8871265 3.7728118 5.1787827 4.0738309 3.5792704 4.2491309 4.8684856 4.3617840 4.2333125 3.8317056 5.0256136 4.0307823 
Fspp_ffun1.m4.15299.m1                                   1.9588938 0.5802687 0.4056598 0.6712215 0.8285598 0.8485086 0.6937752 0.7205090 0.7194669 0.8876297 0.9326027 0.0000000 1.3626058 1.5276309 1.7599527 1.7153610 1.9950971 1.7545343 1.7500899 2.2946900 2.3999970 2.3050983 2.2822096 2.7761347 2.3411986 2.3352448 1.8728913 2.1067987 2.1673551 2.2110929 2.0602938 3.9102304 2.1011202 2.6210177 1.9824874 2.3741080 2.0195671 2.6415031 2.2265595 1.6194884 3.0842396 2.3419437 1.7751748 4.4874426 2.1377321 2.4747389 2.5120571 2.8229636 2.7461841 2.0623344 2.2054641 3.0862134 3.0386667 1.9855686 1.9855686 2.2795252 2.5688791 2.6915806 3.0249924 3.0249924 3.1810435 3.0050157 2.5529870 1.9947141 2.4089922 2.4644140 2.3856919 2.9677522 2.7990666 2.9331554 3.1520858 3.0633763 3.3677053 2.7575383 3.0269150 2.7925312 2.4806177 2.5635420 2.9404205 3.5378722 3.8437257 3.7789610 3.2828837 3.3336393 4.5181264 4.2133816 2.8307388 3.8298254 4.7365153 4.2178356 4.3156655 3.8643234 3.9312681 3.8096181 
Nvec_v1g209130                                           1.2019342 1.2890369 1.3537205 1.3876000 1.2686171 1.5698074 1.3356780 1.3525599 1.2882267 1.5496925 1.5537524 1.3626058 0.0000000 1.3831803 1.5134008 1.5002703 1.4769448 1.2871479 1.5335180 1.8848148 1.6107384 1.4861946 1.4755718 1.6042808 1.7574416 1.7766716 1.9246031 1.7391439 1.8559867 1.7350526 1.6344936 1.8619611 1.7452292 1.9748122 1.7506224 1.8612476 1.8612777 2.7851408 1.9834313 1.0099027 1.9240741 2.0058090 1.9042848 2.2370537 2.1631706 2.2544158 2.4473669 2.4337467 2.9326310 2.1554535 1.8699582 2.0766593 2.2054815 2.7644140 3.2370878 2.4550674 2.5357539 2.5743451 3.0711652 3.4372295 2.5474204 2.6277549 1.8845112 1.6544043 2.8311574 2.6094389 2.4463409 2.9354559 2.9760437 3.0221504 3.1022988 3.1034115 3.4534784 2.6011708 2.8714104 2.9080700 3.0094667 1.9242828 2.7871155 3.7758866 3.9083467 3.6788358 3.3200067 3.3473978 4.3015519 3.8664386 3.3133174 3.5532235 4.0780622 4.2157859 4.4866553 4.5526343 4.1783975 3.5838050 
Dgig_XM_028550584.1                                      2.6499186 1.5326745 1.4549963 1.4654725 1.5075217 1.7521678 1.6376984 1.6186834 1.6756532 1.5721539 2.0446140 1.5276309 1.3831803 0.0000000 0.5852285 1.4108476 1.4951503 1.4667515 1.5179424 1.8183361 1.8785070 1.6942681 1.6990261 1.9551515 1.7998044 1.8087301 1.6701986 1.9354849 1.7054011 1.5625380 1.4872878 2.3506052 1.8391903 1.7668661 1.6820507 1.7595832 1.8260552 2.8227804 1.8248177 1.6045197 1.8523888 2.0154276 2.1338569 2.5298697 1.9593399 2.7225751 2.4975663 2.3234582 2.3515251 2.2317276 2.0157961 2.0826367 2.1255861 2.2477789 2.4647667 2.4412948 2.7186948 2.4518303 2.3199064 2.4901866 2.5790132 2.5362517 2.1647704 1.7313280 2.2216162 2.2259690 2.2542382 2.7679660 2.5279712 2.5205937 2.5701665 2.5859097 3.0901374 2.4596716 2.6051823 2.6598331 2.5132267 1.8420794 2.9880042 3.9159176 4.1620911 3.4543983 3.3635273 3.4784261 4.2113040 4.1852844 3.5171620 4.6831929 4.9865078 5.6380279 4.6349995 3.6642065 4.3178397 3.9150740 
Xesp_019789-T1                                           2.5779452 1.8163387 1.7557943 1.4632357 1.6332283 1.8590474 1.8605509 1.7568419 1.7930107 1.7408298 2.0059629 1.7599527 1.5134008 0.5852285 0.0000000 1.5873522 1.5378135 1.4447507 1.7253239 1.9816049 1.9316792 1.7232386 1.7194693 2.3361787 1.8192423 1.7990201 1.7040543 1.9356747 1.8508307 1.5789214 1.5085867 2.5957496 1.9099517 1.9284425 1.8349685 1.8705863 1.7871742 2.5644565 1.9769792 1.9280949 1.9951532 2.0199556 1.8839532 2.6113709 2.1309819 2.7098958 2.5840536 2.5842908 2.5668284 2.2200168 2.0994198 2.0644212 2.1834959 2.6866085 2.8127248 2.5786645 2.7436643 2.7521203 3.2471376 3.3391153 2.6855628 2.8404307 2.1892990 1.8044656 2.5537791 2.5814440 2.4279835 2.9366492 2.5363228 2.6051141 2.9319547 2.8290551 3.2713793 2.5066173 2.7474214 3.0090076 2.8906704 1.7159294 2.7441938 3.8665017 4.2584873 3.6594629 3.2449257 3.2639278 4.3037091 3.6774733 3.4685039 4.0701532 4.9007933 5.2859665 4.6470875 3.4003648 4.1831614 3.8817847 
Bralan_BLAG04001468_1                                    2.5425760 1.8713032 1.7081926 1.8134024 1.6363072 1.7877010 1.6503410 1.9275674 1.9508958 1.9670896 2.0368825 1.7153610 1.5002703 1.4108476 1.5873522 0.0000000 1.3537640 1.2084169 1.4518144 1.6292149 1.5522517 1.4252404 1.4296285 1.7594282 1.6274178 1.6253393 1.5921391 1.8832850 1.9909125 1.9074938 1.8873220 1.7602158 1.8281874 2.0402744 1.5078124 1.6581750 1.6324452 2.5818241 1.6707922 1.7285124 1.7586871 1.8794052 1.6578550 2.1729746 2.0535310 2.2679902 2.3089973 2.2647776 2.7551876 2.0654921 1.9212987 1.6510032 1.7577553 2.3914064 2.6585984 2.6473160 2.9983593 2.8957972 3.1732399 3.4007555 2.9280885 2.6127075 2.0442744 1.7001865 2.3836638 2.3901571 2.2246807 3.0141566 2.7630888 2.6463486 2.7687014 2.7659624 2.8037382 2.8051374 2.8426678 2.7530351 2.3122662 2.7532926 3.4136351 4.0673252 4.3752424 3.9922983 3.1457458 3.3297182 4.3976121 3.9412304 3.7503738 3.5201051 4.6153991 4.0641958 5.3909103 4.0866433 4.1161305 3.4703844 
Cgig_XM_034469432.1                                      2.1628462 1.9217608 1.8250354 2.3306129 1.6756821 1.8855671 1.7854139 1.9500825 1.9412241 1.8205145 2.1242699 1.9950971 1.4769448 1.4951503 1.5378135 1.3537640 0.0000000 1.2549742 1.2671563 1.7221829 1.4585704 1.4473695 1.4299367 1.5853814 1.5078148 1.5169168 1.3930219 1.9578454 1.6224976 1.5211953 1.5210834 2.5611558 1.8190452 1.8495012 1.6315061 1.7016359 1.6139863 2.4218014 1.8999942 1.7302095 1.9326953 2.1047467 1.8635006 2.4324370 1.9430963 2.3712101 2.2365248 2.2554092 2.5430015 2.0812581 1.8438648 1.7909861 1.8876747 2.0545883 2.3670149 2.3448183 2.6113820 2.5377108 2.6799948 2.9567369 2.2499105 2.4574863 1.7800893 1.4743543 2.3001051 2.3664826 2.3531855 2.9303425 2.3889929 2.2259021 2.4834881 2.4880103 2.6368561 2.3871202 2.7708429 2.4954389 2.3408056 2.9542567 3.5268664 4.3499673 4.4532304 3.7125572 3.4702524 3.3727369 4.6498396 4.6742889 4.1932936 4.6590307 5.3229752 5.7951006 5.5682370 4.6165344 4.7377374 4.0445672 
Skow_XM_002735150.1                                      2.2632539 1.7174498 1.7989003 1.9285027 1.5912899 1.8489678 1.7029019 1.6011627 1.7279685 1.8997311 1.9904950 1.7545343 1.2871479 1.4667515 1.4447507 1.2084169 1.2549742 0.0000000 1.2799260 1.7498947 1.3430729 1.2326757 1.2205833 1.7311369 1.3258129 1.3318668 1.3983037 1.5534300 1.8486904 1.7617751 1.7623681 1.9262343 1.7478773 2.0158577 1.4822806 1.4387019 1.4250191 2.6651388 1.7467779 1.6202367 2.2655530 2.0530543 1.5766734 1.8917619 1.8416037 2.2715410 2.3871471 2.3496065 2.6739384 1.9155224 1.8744382 1.8990127 2.0911777 2.5058566 2.9387612 2.4517396 2.6415009 2.6602004 3.1689880 3.5482062 2.5469647 2.5069733 1.6294911 1.6327445 2.5253455 2.9525907 2.4792084 3.0994191 2.5834360 2.6466630 2.6356659 2.6799091 2.8167447 2.8121822 2.9619565 2.5882753 2.4393294 2.5744025 3.4123691 3.9702340 4.0893170 4.0018602 3.3641351 3.2442034 4.6533963 4.6768507 3.9835861 4.3970785 4.8154003 5.1433238 4.6430238 4.6008874 4.1721356 3.9445409 
Ctel_gnl_WGS_AMQN_CAPTEDRAFT_mRNA105623                  2.1204040 1.8159701 1.8983527 1.8117864 1.8943551 1.9931161 1.8267992 2.0075562 1.9204257 1.9123728 2.2793893 1.7500899 1.5335180 1.5179424 1.7253239 1.4518144 1.2671563 1.2799260 0.0000000 1.8343781 1.8946320 1.7531641 1.7232834 1.8457792 1.7823030 1.7991135 1.4513409 1.8860162 1.7819954 1.6507821 1.6231508 2.5633503 1.9699036 1.7174124 1.7799020 1.7595401 1.8118830 2.6065763 2.0270724 1.6273293 1.6693060 2.1845995 2.1550047 1.9747907 2.2460428 2.7497454 2.3560790 2.5499841 2.8810342 2.1734360 1.6707926 1.8415809 1.9479279 2.2457624 2.5767164 2.4488749 2.7321509 2.4236686 2.1735654 2.4958029 2.6906698 2.6302648 1.9684147 1.5344346 2.2800859 2.5958276 2.5101164 3.1528246 2.6304202 2.8341595 2.3008331 2.4038399 2.4397556 2.5551587 2.6616881 2.8945808 3.0560617 3.7263802 3.0650025 4.4590737 4.6330399 3.7684467 3.9120955 3.6312050 4.1516213 3.6046409 4.0866993 3.6259485 3.8833232 3.9235046 4.9267632 3.9925860 4.0022689 3.7857389 
Plajan_Pjan_scaffold2999_01                              4.0521925 2.2036049 2.0529929 2.0004109 2.3298077 2.5837790 2.1967743 2.2416707 2.2194696 2.6062410 2.5150815 2.2946900 1.8848148 1.8183361 1.9816049 1.6292149 1.7221829 1.7498947 1.8343781 0.0000000 1.3790986 1.4250348 1.4100066 1.8464452 1.4693240 1.5020774 1.8795408 1.2296637 2.0910443 2.1323654 2.3145653 2.1007631 1.9943154 2.2633952 1.7544405 1.8680847 1.6032419 2.7864565 1.7891610 1.9785447 2.2767568 2.1731789 1.4299721 8.1760958 2.0692634 2.6994282 2.5172026 2.7386084 3.0770532 2.4396525 1.9970652 2.1844633 2.1533135 2.2655058 2.2655058 2.2059404 2.3387062 2.5861600 3.0396111 3.0396111 2.4913318 2.6447187 1.5180256 1.7870664 2.0588030 2.7355284 2.2103404 2.9980228 2.8403630 2.9358495 2.5770434 2.5859545 2.6465769 2.4515437 2.9693342 2.8727153 2.2685502 3.1389448 3.2848301 3.4359993 3.9811686 3.6719686 3.0694755 2.7167018 3.6779166 3.4983490 3.3702437 3.4498358 3.8003507 3.6545876 3.1136526 3.4787066 4.8026470 2.9349463 
HoiH23_PlH23_004565-RA                                   2.4769089 2.1587741 2.4524270 2.0845161 2.0265628 2.3289497 2.1380167 2.0807262 2.1788618 1.9353152 2.5853007 2.3999970 1.6107384 1.8785070 1.9316792 1.5522517 1.4585704 1.3430729 1.8946320 1.3790986 0.0000000 0.1629349 0.1669650 0.1966653 0.5116996 0.5212591 2.0125983 1.8155873 1.9021896 1.9404890 1.9953511 2.1628479 1.9914951 2.4458901 1.7497819 1.6477160 1.5881860 3.0814455 1.8533633 1.7223404 1.9463003 2.0410136 1.6953981 2.1831595 1.8895566 2.5918783 2.6273316 2.6227950 2.9055783 2.4104035 2.2773743 1.7910103 1.8852595 2.2347504 2.5622056 2.5906798 3.0235938 2.7493468 2.7264760 2.9957032 2.6012614 2.6426271 1.7023288 1.8069314 2.8217290 3.2344700 2.7751607 3.6674636 2.9343302 2.7542314 3.0599510 3.0476295 3.3925465 2.7913528 3.0941415 3.1798111 2.9298406 3.1776580 3.9908289 4.1491959 4.6628336 4.2541190 3.6019786 3.1990129 4.3711576 4.1455864 4.2069764 4.5059576 5.5486785 5.0579795 4.5896136 4.1100176 4.9343542 4.8269076 
Hhon_g03966.t1                                           2.5308304 2.0167238 2.1421344 1.9661427 1.8609174 2.1068083 1.9987225 1.9535768 1.9898795 1.8806622 2.3724505 2.3050983 1.4861946 1.6942681 1.7232386 1.4252404 1.4473695 1.2326757 1.7531641 1.4250348 0.1629349 0.0000000 0.0058149 0.2881060 0.4887375 0.4971052 1.8471765 1.6444234 1.8935653 1.8734218 1.9186477 2.2134473 1.8527791 2.2228910 1.5823266 1.6170381 1.6184977 3.1615269 1.7421294 1.5655619 2.0067197 2.0849514 1.7360314 2.3083288 1.9001119 2.4967564 2.5043931 2.5166357 2.7999630 2.3458396 2.1061616 1.5490405 1.6998303 2.0911523 2.4338715 2.4641017 2.8635032 2.6173055 2.5919289 2.8817412 2.6016348 2.6602670 1.6191359 1.7287616 2.6614613 2.9373889 2.5349848 3.4905101 2.7192140 2.5920962 2.8368822 2.8547480 3.1512467 2.6974135 2.8934488 3.0118279 2.6838253 3.0646556 3.5993339 4.2774528 4.7319156 4.2653314 3.2237610 3.0133716 4.3341337 4.5411887 4.2895213 4.3114000 5.4378629 5.4100631 4.4514288 4.3758338 4.6988752 4.4633113 
HoiH04_mRNA1491                                          2.4711084 2.0024861 2.1242313 1.9661427 1.8554401 2.0936024 1.9839497 1.9377079 1.9758540 1.8915298 2.3512031 2.2822096 1.4755718 1.6990261 1.7194693 1.4296285 1.4299367 1.2205833 1.7232834 1.4100066 0.1669650 0.0058149 0.0000000 0.2881060 0.4913564 0.4997406 1.8409200 1.6623304 1.8927736 1.8798699 1.9252233 2.1623220 1.8393171 2.1954275 1.5986907 1.6115203 1.6115155 3.1823987 1.7381520 1.5664835 2.0067197 2.1052999 1.7770647 2.3452160 1.9205172 2.5195731 2.5200816 2.5618691 2.8212128 2.3670500 2.0875331 1.5531768 1.7040495 2.0911523 2.4338715 2.4679930 2.8687441 2.6208745 2.5919289 2.8817412 2.5896426 2.6360834 1.5737104 1.7062505 2.6703468 2.9491498 2.5053861 3.4536810 2.7083556 2.5783345 2.8300722 2.8479113 3.1430879 2.7152959 2.8815132 2.9862465 2.7108958 3.1114466 3.6173138 4.3110238 4.7673400 4.2710494 3.2303731 3.0680232 4.3356188 4.5253621 4.2895213 4.3368858 5.3072670 5.4095590 4.4603404 4.3769197 4.6325426 4.4327137 
HoiH06_mRNA1557                                          0.7155028 2.2154594 2.6506297 2.9129087 2.6085088 2.5169651 2.2015892 2.2814667 2.1760150 1.8359426 3.4055457 2.7761347 1.6042808 1.9551515 2.3361787 1.7594282 1.5853814 1.7311369 1.8457792 1.8464452 0.1966653 0.2881060 0.2881060 0.0000000 0.6809925 0.7106975 2.4141290 2.1956742 1.9463070 2.2727772 2.2866230 1.2663977 2.0197849 2.7179235 1.9421320 1.8809932 2.0486068 4.3034168 1.9065978 1.3540902 1.8506082 2.2045551 4.1895424 1.7374284 1.9663668 5.1999039 3.4181777 2.5327761 3.5812802 2.4000818 2.0951046 1.9881974 2.0182743 1.7305874 1.7305874 2.1814194 4.7538698 2.6772432 2.3892648 2.3892648 2.4774243 2.7036172 1.2359785 2.0572497 1.2359785 0.7155028 2.5975546 4.4584049 4.1003090 6.5437497 3.4186058 3.5048228 3.6336486 3.2542406 4.7331067 3.7906905 3.1349678 2.5185451 3.4000744 3.7822512 5.2050866 3.8834856 3.2847754 2.6939392 4.6910488 5.3728187 4.9482154 4.4904565 6.7526141 5.7152577 5.8322462 3.6733402 5.4535557 5.7476753 
TrH2_TrispH2_004046-RA                                   2.5382943 2.1504282 2.3676441 2.2418030 2.0200989 2.1883704 2.0296516 2.1129266 2.0531991 2.1007259 2.3922000 2.3411986 1.7574416 1.7998044 1.8192423 1.6274178 1.5078148 1.3258129 1.7823030 1.4693240 0.5116996 0.4887375 0.4913564 0.6809925 0.0000000 0.0058234 1.9451192 1.7405314 2.0082154 1.9654360 1.9555330 2.6589546 2.1471596 2.3685654 1.8048252 1.7693816 1.7360270 2.6483670 1.8259193 1.7475984 2.1314304 2.0534302 1.7554818 1.8909264 1.9098331 2.4319140 2.6354951 2.6317329 2.5824294 2.2555804 2.0573710 1.8667519 2.0989446 2.0667984 2.3426535 2.3641130 2.6961526 2.5436968 2.6534408 2.8820550 2.6038240 2.6258651 1.6659934 1.7914900 2.6606503 2.8561744 2.7994247 3.7337097 2.9649661 2.7705582 3.0691153 3.0353132 3.4226215 2.8094494 3.0228303 3.2845834 2.9365637 3.2971272 3.6909482 4.4582524 4.8894347 4.2092388 3.5218281 3.2689879 4.3861126 4.3874976 4.3727597 4.3329616 4.9224415 5.3787728 4.8622274 4.6632545 4.3687813 3.9298166 
Tadh_TriadT52681                                         2.5382943 2.1372060 2.3624958 2.2893588 2.0147613 2.1841255 2.0261207 2.1245350 2.0630139 2.0962503 2.3922000 2.3352448 1.7766716 1.8087301 1.7990201 1.6253393 1.5169168 1.3318668 1.7991135 1.5020774 0.5212591 0.4971052 0.4997406 0.7106975 0.0058234 0.0000000 1.9657335 1.7667880 2.0177296 1.9809896 1.9916670 2.6589546 2.1299640 2.3540412 1.8273024 1.7905023 1.7360270 2.6519431 1.8298983 1.7616607 2.1853424 2.0712875 1.7554818 1.8909264 1.9292372 2.4382994 2.6498625 2.6562351 2.6171341 2.2603967 2.0857555 1.8379234 2.0522500 2.1295995 2.4094712 2.3838721 2.6961526 2.5508132 2.6752878 2.9047547 2.6223220 2.6448747 1.6659934 1.8343561 2.6606503 2.8561744 2.7994247 3.7413763 2.9996531 2.7705582 3.0978007 3.0635903 3.4569157 2.8428621 3.0478392 3.2968895 2.9365637 3.3933470 3.7058457 4.4778201 4.8852022 4.2275133 3.5218281 3.2993784 4.4239137 4.4500770 4.3727597 4.3314120 4.8400706 5.4540486 4.8622274 4.6799844 4.2999789 3.9298166 
Acagra_model.g15753.t1                                   3.5606263 1.9082902 1.9522814 1.7190320 2.0515899 2.3088655 1.9896609 2.4114647 2.2571611 2.2748106 2.3339902 1.8728913 1.9246031 1.6701986 1.7040543 1.5921391 1.3930219 1.3983037 1.4513409 1.8795408 2.0125983 1.8471765 1.8409200 2.4141290 1.9451192 1.9657335 0.0000000 2.0516228 1.9701732 1.9018961 1.7697539 2.9525547 2.1341824 1.8787236 1.8010767 2.0390092 1.9614247 2.7344988 2.2793539 2.0891250 2.0248175 2.1772852 1.7196440 2.6727626 2.2346330 2.3768932 2.5114308 2.5193244 2.6033110 1.9936715 2.0123656 1.9991838 2.0732295 2.2715752 2.8089949 2.7984789 3.2482581 3.1121481 3.2781174 3.8197091 3.0492635 2.9910415 2.1823073 1.6994857 3.0243815 3.5431473 2.5648874 3.0766390 2.8294401 2.8752016 2.9441205 2.8189355 3.2669260 2.8039247 3.0238163 3.1949164 2.8580805 2.4690113 3.4490254 3.9343781 4.3146853 4.1262654 3.4727197 3.2405952 5.4988585 4.8488373 3.4142436 4.2801684 5.1788312 5.0404870 4.6400284 4.5205275 4.6733825 4.2783559 
Opea_EP00118_Oscarella_pearsei_P010929                   1.7611415 1.8861696 2.2623101 1.9564393 2.0740847 2.3969216 2.1444344 2.2762346 2.1796350 2.3922786 2.2374015 2.1067987 1.7391439 1.9354849 1.9356747 1.8832850 1.9578454 1.5534300 1.8860162 1.2296637 1.8155873 1.6444234 1.6623304 2.1956742 1.7405314 1.7667880 2.0516228 0.0000000 2.1664255 2.3167830 2.2891082 2.4409986 2.0859678 2.4137561 1.9996265 2.0431088 1.9117566 2.9264732 1.8178156 1.9561756 2.1076713 2.0064623 1.7748369 1.4283500 1.9144710 2.3122430 2.1850284 2.8296661 2.7374408 2.6700346 2.4964910 2.1106750 2.2585250 2.0908835 2.3543697 2.1842276 2.3996595 2.3246860 2.4678530 2.6847308 2.4551171 2.5452984 1.6657737 2.1750619 2.0232009 1.8230309 2.4348007 2.8598549 2.5239901 2.4874406 2.3143257 2.2503442 2.3228990 2.7840482 2.8494068 2.8882793 2.4535457 2.8469098 3.2056229 3.8009379 4.1474415 4.3024242 3.8789369 2.6898872 4.3549286 3.7040379 4.0932958 4.3412911 4.9653941 4.6471071 4.6561331 4.0386883 5.6862727 3.7184950 
Morvir_scaffold43.g16.t3                                 3.5443839 2.2744839 2.5155397 2.0578517 2.0112404 2.3622862 2.0631723 2.3451289 2.3061172 2.4424456 2.4835417 2.1673551 1.8559867 1.7054011 1.8508307 1.9909125 1.6224976 1.8486904 1.7819954 2.0910443 1.9021896 1.8935653 1.8927736 1.9463070 2.0082154 2.0177296 1.9701732 2.1664255 0.0000000 1.2385364 1.2796483 1.0922380 1.3759833 1.4364871 2.3087606 2.3546483 2.2490797 2.6180717 2.2938242 2.1591346 2.1766952 2.0694031 1.7561024 2.0921913 2.1594845 2.5779660 3.0106376 2.1554711 2.4833123 1.6649467 1.7155520 2.5695034 2.7019934 2.8449417 3.1969208 2.8380827 3.0736283 2.8759833 2.9574339 3.2271393 2.9615428 2.9264217 2.4679720 1.8970786 2.9334727 2.9135114 2.6044536 3.0964995 3.0120952 2.8101531 3.0534601 3.1172534 3.5071888 2.6214199 3.2292749 2.8109301 2.7865290 3.3566720 3.6541121 3.8159472 4.0188616 3.7253799 3.3504062 3.0062958 5.3828926 4.1893102 3.2642021 4.6682582 5.5404621 5.8242367 5.7305479 4.4505471 4.8533771 4.5283080 
Nemnom_g8989.t1                                          3.2199282 2.1972160 2.1438390 1.9410742 2.0310661 2.4259234 2.2039163 2.3685789 2.2497357 2.2705952 2.2502252 2.2110929 1.7350526 1.5625380 1.5789214 1.9074938 1.5211953 1.7617751 1.6507821 2.1323654 1.9404890 1.8734218 1.8798699 2.2727772 1.9654360 1.9809896 1.9018961 2.3167830 1.2385364 0.0000000 0.3593151 0.9477565 1.2461653 1.0762966 2.1382557 2.1522470 2.0576009 3.1084208 2.2523505 1.8878265 2.2922556 2.0171580 1.5259801 2.4681649 2.1646631 2.4736046 2.5948700 2.0175863 2.6180192 1.7538554 1.7977360 2.2122709 2.2211056 3.2158914 3.2962473 2.8543754 2.9804857 3.0959271 3.9767256 4.0127854 2.9151393 2.6723501 2.3010682 1.8875912 2.9187016 3.0510450 2.4300351 3.3249161 2.9554250 2.9271943 3.1178319 3.1463448 3.3716260 2.3636711 2.8007967 2.7860867 2.8119643 2.8756541 3.2134618 3.9387281 4.2384191 3.7544900 3.6435547 3.4013350 5.2849229 3.9539777 3.6001032 5.0501924 5.8713884 5.4636134 6.2855168 4.4925553 4.8839117 4.5570738 
Rhoesc_Res_002025-T1                                     2.8132530 1.8710812 2.0057291 1.7461695 1.8597918 2.1582993 1.9746689 2.1229954 2.0788727 2.1761757 2.1207674 2.0602938 1.6344936 1.4872878 1.5085867 1.8873220 1.5210834 1.7623681 1.6231508 2.3145653 1.9953511 1.9186477 1.9252233 2.2866230 1.9555330 1.9916670 1.7697539 2.2891082 1.2796483 0.3593151 0.0000000 0.8200309 1.1468664 1.0166269 1.9862509 2.1604001 1.9891712 3.0879348 2.2262769 1.6723102 2.1471840 2.1594435 1.5087828 3.1539076 2.2116318 2.5371273 2.8425767 2.2879650 2.6920926 1.7799541 1.6239702 2.3310376 2.4086053 2.5024629 2.7302531 2.6812545 2.9576867 2.8730771 3.1086777 3.2886679 2.6838615 2.6663323 2.3037333 1.8141550 3.0792092 3.3452190 2.5585641 3.1167585 2.7767273 2.8488956 3.0615302 2.9805051 3.3584926 2.3566782 2.8824156 2.5459744 2.7945337 2.7085705 3.4601123 3.6724456 3.8968926 3.6607203 3.3574756 3.1230367 4.9409929 3.4908731 3.3339979 4.8372362 5.2894811 5.1468298 4.8013269 4.4785380 4.5771336 4.5777364 
Aaur_scaffold1208.g6.t3                                  3.0298517 2.8236037 2.7618507 2.2298268 1.9883632 2.7614592 2.7697602 3.7235264 3.2838602 3.3141675 3.1833117 3.9102304 1.8619611 2.3506052 2.5957496 1.7602158 2.5611558 1.9262343 2.5633503 2.1007631 2.1628479 2.2134473 2.1623220 1.2663977 2.6589546 2.6589546 2.9525547 2.4409986 1.0922380 0.9477565 0.8200309 0.0000000 0.9509867 0.3986160 2.8469608 2.4289647 2.4724075 3.9156604 2.3400747 3.3460604 2.2298268 1.9627458 0.0000010 2.5298959 2.5588960 2.2425045 4.3112228 2.3317600 5.0375512 1.9122244 1.5030048 3.0569601 6.1912531 2.2298268 7.0665123 3.0376065 3.0695977 3.0376065 2.2298268 7.0665123 3.1414746 3.0692377 3.2302902 1.7975678 3.9368241 3.9368241 2.8771395 3.5683002 3.2391706 3.3035434 2.8826564 3.0484623 5.6850771 2.4673774 3.4284987 2.7181322 3.6829855 4.2445403 5.5197929 7.1287500 5.2311114 5.8149122 6.6406450 4.6764203 4.5531435 5.0530203 1.9733177 6.5328215 4.2689879 4.7161551 8.9999983 6.1075029 4.8466427 8.0643479 
Sanmal_Sma_027042-T1                                     4.0115320 2.1687384 2.3541652 2.0810294 1.8638356 2.2348240 2.1226509 2.2651380 2.4018760 2.4521828 2.4051698 2.1011202 1.7452292 1.8391903 1.9099517 1.8281874 1.8190452 1.7478773 1.9699036 1.9943154 1.9914951 1.8527791 1.8393171 2.0197849 2.1471596 2.1299640 2.1341824 2.0859678 1.3759833 1.2461653 1.1468664 0.9509867 0.0000000 1.3815658 2.1288892 2.2734639 2.2210451 2.7727318 2.1465911 1.8882832 1.8316608 2.0279461 1.5041445 2.7741075 2.1033282 2.8544126 2.8837401 2.6161527 2.8331306 1.8349765 1.8344971 2.3516676 2.3573991 2.8233642 3.4700195 2.9278636 3.0439312 3.0878943 3.3294521 3.8816631 2.9017107 2.9102126 2.8554792 2.0955149 3.3609845 3.4158582 2.9460122 3.5228387 3.1343005 3.1667189 3.2474389 3.1245535 3.4751879 2.9652892 3.0456236 2.9129961 3.2905359 3.3068822 3.2174350 3.9152504 3.9875472 4.2903459 3.6261269 3.7220656 5.1163610 3.8105063 3.9395475 4.9644962 4.9605167 5.2270140 5.1616803 4.2746587 5.3148333 4.5296480 
Aaur_scaffold1208.g7.t2                                  2.2405856 2.3768790 2.2745718 2.4267861 2.6272361 2.7085307 2.4947828 2.6643850 2.4917707 2.6409267 2.4508616 2.6210177 1.9748122 1.7668661 1.9284425 2.0402744 1.8495012 2.0158577 1.7174124 2.2633952 2.4458901 2.2228910 2.1954275 2.7179235 2.3685654 2.3540412 1.8787236 2.4137561 1.4364871 1.0762966 1.0166269 0.3986160 1.3815658 0.0000000 2.1983055 2.5759112 2.3311870 3.2850909 2.5701346 2.0196526 2.1379122 2.2221419 2.0228899 2.2864455 2.4757062 3.0540456 2.9042636 2.5390216 2.6904252 1.9050505 1.9257452 2.6203388 2.5468044 2.5554464 2.8510414 2.6913192 3.1409385 2.9546384 3.2476173 3.4964931 3.2400785 3.0198024 2.1476995 1.9622058 2.7564806 2.9383020 2.5914202 3.3532179 2.8578536 2.8240613 3.0043118 2.9673849 2.9135981 2.8856963 2.8739841 2.8096480 2.5623147 2.6663982 2.9693921 3.0084666 3.7480478 3.8815879 3.2398210 3.0771551 5.1622240 4.5733109 3.4810313 4.0701874 5.4569173 5.3301310 4.9631816 4.0499965 4.8856505 3.8380999 
Cscu_XM_023368722.1                                      3.1097189 2.0424991 2.1270308 1.9733165 1.7246075 2.1438883 2.2504588 2.3495378 2.3282758 2.3822191 2.6002754 1.9824874 1.7506224 1.6820507 1.8349685 1.5078124 1.6315061 1.4822806 1.7799020 1.7544405 1.7497819 1.5823266 1.5986907 1.9421320 1.8048252 1.8273024 1.8010767 1.9996265 2.3087606 2.1382557 1.9862509 2.8469608 2.1288892 2.1983055 0.0000000 1.8557747 2.0033308 2.2397516 1.5478213 2.1985296 2.0306259 2.2704573 2.1387667 2.2403177 2.0868322 2.7143609 2.8002469 2.4521683 2.6970438 2.3470975 2.1227945 2.0523660 2.3052602 2.3264157 2.5473217 2.7783085 3.2132524 2.9215250 2.8141629 2.9947461 2.8306921 2.8303492 2.6380809 1.9639645 2.7586350 2.8264400 2.5605141 3.2453140 2.9236800 3.0724498 2.8183126 2.8134606 3.1788105 3.0149826 3.1911128 2.8615012 3.1512325 3.1020362 3.1461651 4.2498148 4.7968998 4.4756327 3.6960505 3.5878282 4.7588629 3.9898101 3.7278131 4.6782620 5.0750509 5.3181286 4.8323013 3.5927519 4.2932011 3.5113197 
Spur_XM_030999546.1                                      2.9730987 2.3698358 2.3577999 2.3862709 2.1751758 2.4610480 2.2692631 2.3882780 2.4720203 2.1179202 2.7313741 2.3741080 1.8612476 1.7595832 1.8705863 1.6581750 1.7016359 1.4387019 1.7595401 1.8680847 1.6477160 1.6170381 1.6115203 1.8809932 1.7693816 1.7905023 2.0390092 2.0431088 2.3546483 2.1522470 2.1604001 2.4289647 2.2734639 2.5759112 1.8557747 0.0000000 0.0228429 2.7265499 2.2659121 2.1290297 1.8683790 2.2392196 2.0384801 2.4315900 2.4348001 2.7129565 2.6666141 2.6879373 3.3550028 2.5000691 2.3895571 1.9318960 1.9931105 2.4273899 2.6569277 2.9115858 3.3492866 3.1165616 3.1066202 3.2884328 2.7808291 2.8468124 1.8839447 2.0572738 2.7693359 2.9463222 3.0165672 3.6371267 2.8873919 2.8807435 3.2910316 3.3931184 3.8416707 2.7982759 3.1025672 2.9694339 2.6725789 3.0019456 3.7529190 4.5778587 5.0869339 3.8749460 4.3518119 3.4454216 4.0176773 4.4094499 3.8847599 4.0764637 4.8457500 4.8650870 4.8948213 3.9673774 4.6993857 3.7177379 
Spur_XM_030999713.1                                      3.0767938 2.2739477 2.3096105 1.8841260 1.8349432 2.3584219 2.1909715 2.2264998 2.2975679 2.0218191 2.6476501 2.0195671 1.8612777 1.8260552 1.7871742 1.6324452 1.6139863 1.4250191 1.8118830 1.6032419 1.5881860 1.6184977 1.6115155 2.0486068 1.7360270 1.7360270 1.9614247 1.9117566 2.2490797 2.0576009 1.9891712 2.4724075 2.2210451 2.3311870 2.0033308 0.0228429 0.0000000 2.8337898 2.3641986 2.1739617 2.0209197 2.3183685 2.0368515 2.4404181 2.4749580 2.5156035 2.7510627 2.7109613 3.4110396 2.3994398 2.3836267 1.8530099 1.8948661 3.7347342 4.2015816 3.2176319 3.3481587 3.2176319 3.7347342 4.2015816 2.7632253 2.9641832 1.8921289 2.0441976 2.7670667 2.9441147 2.9813243 3.1948687 2.6299066 2.8276391 3.0408801 3.1132811 3.5663654 2.5603648 2.8193204 3.0071678 2.5996224 2.5415429 3.7594588 4.6425761 4.5706589 3.9778225 4.5532071 3.5119890 3.7296724 4.1720024 3.7654332 3.6696827 4.3109453 4.2942600 4.9381080 3.7721661 4.4404948 3.7465396 
Dpul_mRNA19112                                           5.5906519 3.0346177 2.8150496 2.7191433 3.0281049 2.6773854 2.8000366 2.9910690 3.0109188 3.0738103 3.2959615 2.6415031 2.7851408 2.8227804 2.5644565 2.5818241 2.4218014 2.6651388 2.6065763 2.7864565 3.0814455 3.1615269 3.1823987 4.3034168 2.6483670 2.6519431 2.7344988 2.9264732 2.6180717 3.1084208 3.0879348 3.9156604 2.7727318 3.2850909 2.2397516 2.7265499 2.8337898 0.0000000 1.3884728 2.8957134 3.0722415 3.1145896 2.4613837 1.5297535 2.8007298 4.4257717 3.3718680 3.0217670 4.1439223 2.6235278 2.5101172 2.8124307 2.6572936 2.7992981 2.7992981 2.8857314 3.3069445 3.2971120 3.6825952 3.6825952 3.7085644 4.0985217 3.4922807 2.5860944 3.4514903 3.8010923 3.5327593 4.2279278 3.3709555 3.2619591 3.6775227 3.6590508 3.8265787 3.2193085 4.0234486 3.8419292 3.1121774 4.3644993 3.8818913 3.9753357 4.1515487 4.5928108 3.9815099 3.8371394 5.0126454 5.1741138 4.4234206 4.1005231 5.9118566 5.5101172 5.5716886 5.1055197 4.9672139 3.7705372 
Dpul_mRNA5941                                            3.3030756 2.2090672 2.4605741 2.3970896 2.1004108 2.2605228 2.2417528 2.5432935 2.4376019 2.4679987 2.6236212 2.2265595 1.9834313 1.8248177 1.9769792 1.6707922 1.8999942 1.7467779 2.0270724 1.7891610 1.8533633 1.7421294 1.7381520 1.9065978 1.8259193 1.8298983 2.2793539 1.8178156 2.2938242 2.2523505 2.2262769 2.3400747 2.1465911 2.5701346 1.5478213 2.2659121 2.3641986 1.3884728 0.0000000 2.3509113 1.8378944 2.3222278 2.1153620 2.6927418 2.2809356 3.1165696 2.9039043 2.9211590 3.2199947 2.3411230 2.1693667 2.0152866 2.2306099 2.6717841 2.8932255 2.8352176 3.1890357 2.9676163 3.1191476 3.2911595 3.1542510 3.0091415 2.2428679 2.1032549 2.6267479 2.5847134 2.6163915 3.3745720 2.7776828 2.8000998 2.7824056 2.8096842 3.0213054 2.6977114 2.9046620 2.9934383 2.9428052 3.0995879 3.3307062 4.1353652 4.0159031 3.7858594 3.6303461 3.6749628 4.5204868 3.9627312 5.0457575 4.3873511 5.2341509 5.1328121 5.5226213 4.1662307 4.5042775 4.5127005 
Exapal_XM_021038271.2                                    2.2797766 1.5434049 1.5214984 1.8958075 1.3590816 1.4752621 1.4027172 1.3594293 1.4075874 1.5497062 1.5031803 1.6194884 1.0099027 1.6045197 1.9280949 1.7285124 1.7302095 1.6202367 1.6273293 1.9785447 1.7223404 1.5655619 1.5664835 1.3540902 1.7475984 1.7616607 2.0891250 1.9561756 2.1591346 1.8878265 1.6723102 3.3460604 1.8882832 2.0196526 2.1985296 2.1290297 2.1739617 2.8957134 2.3509113 0.0000000 1.9778079 2.3966665 3.0616720 2.2624434 2.2964006 2.7538978 2.5045548 2.9760306 3.1734580 2.0379735 1.7748615 2.5383108 2.5225203 2.4338425 2.7251779 2.7313965 3.0673927 2.8795954 2.8509823 3.0867396 2.3972333 2.5645209 1.9234612 1.6570669 2.8588056 2.9214069 2.7744096 3.3561929 2.8740165 2.9182140 2.8065868 2.8210251 3.3690195 2.8311098 2.9872838 2.7065978 2.9965700 2.0590695 2.9380737 3.6111630 3.5734870 3.6126929 2.8834852 3.1962179 4.2552920 3.5107049 3.0532124 4.0538089 4.7170509 3.6905082 4.1208986 4.4671954 4.1853403 3.1614690 
