111
Hvul_g19777_1                                           0.0000000 0.3091160 0.2940818 0.3418656 0.1521458 0.1721955 0.3263681 0.3736694 0.3978724 0.3978724 0.4203723 0.0000010 0.7839729 0.5152537 0.3031713 0.3856947 7.1891687 0.3461819 0.3198768 0.3124088 0.3265211 0.3525733 0.3829803 0.4831890 0.4371716 0.3253900 0.3253900 0.3902928 0.5259658 0.5332309 0.5584866 0.4871265 0.5394043 0.5210838 0.5607044 1.8619975 0.4705391 0.4587858 0.4173497 0.0000010 0.4060191 0.4236256 0.4602645 0.3603472 6.9145979 0.5086565 0.4930573 0.6015590 0.5527513 0.5390658 0.4897050 0.4488645 0.0000010 0.0000010 0.7021465 0.6835920 0.9619073 0.7126962 0.8103955 0.8103955 0.7809357 0.7809357 0.7647198 0.7647198 0.8072048 0.6897358 0.8050421 0.8050421 0.4379404 0.4709703 0.0000010 0.5023700 0.6322253 0.6322253 0.0000010 1.2149137 0.0000010 8.1039173 0.5892296 0.4806943 0.5233832 0.4912730 1.8715625 0.7546627 0.8362932 0.7749711 0.8238596 0.7060298 0.6904614 0.6762323 0.6944664 0.6972851 0.5903535 0.6501010 0.0000010 0.0000010 0.8494898 1.0235787 0.0000010 0.0000010 0.0000010 0.0000010 6.9200903 0.0000010 5.0450620 0.0000010 1.5862831 9.0000000 3.1793156 0.0000010 1.9410119 
Bralan_BLAG14000053_1                                   0.3091160 0.0000000 0.5240667 0.5042166 0.1645310 0.4873607 0.5676397 0.3255454 0.3661158 0.3658016 0.4085542 0.2028495 0.4776898 0.9437829 0.4413068 0.4206206 0.4681749 0.3677946 0.3945921 0.3931773 0.4069666 0.4063635 0.4707541 0.3393933 0.3494796 0.3177170 0.3097594 0.3741073 0.3441061 0.6403187 0.5968633 0.5234877 0.6214479 0.4441753 0.5207230 0.5023731 0.5157259 0.5472985 0.5698300 0.5117001 0.5806607 0.7112458 0.7426324 0.4364845 0.5499588 0.5742740 0.5533559 0.5850286 0.6092246 0.5456376 0.5558017 0.6763371 0.6041517 0.7637504 0.8149244 0.8455199 0.9578181 0.8082655 0.8399855 0.8359140 0.6037271 0.6037271 0.7718558 0.7718558 0.7702711 0.7817247 0.8077947 0.9197786 0.8199974 0.7177574 1.0597071 0.8610205 0.4306938 0.4407002 0.2968456 0.5106338 0.4472339 0.6124856 0.8206526 0.7887321 0.8612399 0.7497577 1.0282169 0.9562245 0.9767693 0.9834176 0.9792866 1.1061879 1.1334631 0.8812026 0.8836603 0.9809563 0.9155111 0.9695202 0.7811778 1.0697404 0.7808188 0.8623649 0.8087854 0.5542730 0.6284323 0.6236512 0.7444012 0.7558777 0.5924653 0.7554106 1.3507619 1.0744372 0.9380219 0.8501358 3.6469569 
Nemnom_g16323.t1                                        0.2940818 0.5240667 0.0000000 0.0414580 0.1862097 0.3047674 0.2024635 0.4890620 0.5422284 0.5397426 0.6023612 0.3256899 0.4211278 1.0598723 0.3913971 0.5814265 0.4788031 0.2865544 0.4470274 0.4263972 0.4434500 0.4633550 0.4738985 0.4694761 0.5352400 0.5014119 0.4462058 0.5137474 0.2566643 0.7695834 0.7305048 0.3367416 0.7495050 0.5894590 0.5691844 0.6394468 0.6054774 0.6243114 0.6408683 0.5056603 0.5846312 0.7433970 0.7451834 0.5298087 0.7095468 0.7038477 0.6737060 0.7246781 0.7297057 0.6704061 0.6925887 0.7610288 0.7585449 0.8546493 0.7667612 0.8461668 0.9199987 0.8252956 0.7943964 0.8443778 0.5786566 0.5786566 0.7232440 0.7232440 0.7666305 0.8357460 0.8865006 0.9484605 0.9230249 0.8645240 1.0869630 0.8958720 0.4710896 0.4962278 0.4783782 0.6343687 0.4767455 0.7293416 1.0048482 1.0337869 1.0329614 0.8823452 1.3911012 1.1107551 1.0631476 1.0621357 1.0618519 1.2530661 1.3109406 1.0523728 1.0181212 1.1387856 1.1142044 1.1296385 0.9681082 1.1885275 0.9004009 0.9109211 0.9028081 0.6998472 0.1774567 0.3885231 0.6704842 0.1594256 0.7708513 0.8760682 1.4262369 0.6365641 1.1042728 1.0423024 3.2360110 
Rhoesc_Res_000030-T1                                    0.3418656 0.5042166 0.0414580 0.0000000 0.1690847 0.3091948 0.2024536 0.4742284 0.5082808 0.5059523 0.5708469 0.3086143 0.4455246 1.0247463 0.3890615 0.5778644 0.4206232 0.2861943 0.4333301 0.4162005 0.4225340 0.4494190 0.5006986 0.4367178 0.5186004 0.4989076 0.4475612 0.4889571 0.2896482 0.7557420 0.7132924 0.3340174 0.7297128 0.5679518 0.5354730 0.6323858 0.5934836 0.5948558 0.6248826 0.4797330 0.5573639 0.7404066 0.7638269 0.5133888 0.6948725 0.6880226 0.6627166 0.7151904 0.7091939 0.6482476 0.6691578 0.7771019 0.7748349 0.8274435 0.7736986 0.8383625 0.8711182 0.8151151 0.7705172 0.8150279 0.5624025 0.5624025 0.7116733 0.7116733 0.7284137 0.8198441 0.8725813 0.9271120 0.9313276 0.8585246 1.1189346 0.8942381 0.4843868 0.4875836 0.4624881 0.6244267 0.4591715 0.6861740 0.9887638 1.0313619 1.0323707 0.8820554 1.2514625 1.0969285 1.0546437 1.0588552 1.0624227 1.2537387 1.3177042 1.0440079 1.0231934 1.1119148 1.0749497 1.1204685 0.9359998 1.1814305 0.8732681 0.9137704 0.9280930 0.6786824 0.1737085 0.3971490 0.6496367 0.1484418 0.7645150 0.8613869 1.5141577 0.6564713 1.0549257 0.9281751 3.1555397 
Chem_TCONS_00040858                                     0.1521458 0.1645310 0.1862097 0.1690847 0.0000000 0.0136273 0.1688832 0.2113297 0.2106685 0.2106685 0.2994257 0.0000010 0.5706575 0.4232868 0.1634060 0.3062393 0.0000010 0.2214714 0.2803462 0.2910848 0.2878240 0.2630912 0.3295861 0.3077869 0.3653147 0.3220326 0.3220326 0.3520605 0.2372956 0.3910261 0.4054227 0.2634091 0.3616340 0.2453045 0.3716836 3.1124075 0.3477924 0.3518984 0.3117826 0.0000010 0.3578155 0.3578155 0.4088475 0.3004328 0.0000010 0.5047033 0.4883529 0.4932150 0.5420937 0.5294922 0.4378983 0.4378983 0.0000010 0.0000010 0.6715464 0.5765276 0.4036799 0.5865521 0.6673392 0.6673392 0.6489562 0.6489562 0.7677960 0.7677960 0.6186150 0.5993921 0.6086307 0.6086307 0.3758585 0.3317710 0.0000010 0.3643067 0.5507878 0.5507878 0.0000010 4.0627397 0.0000010 3.6884940 0.4567515 0.3406184 0.3797400 0.4628410 2.0944953 0.7119993 0.6918492 0.6128436 0.7231544 0.5909845 0.6592384 0.6519377 0.6014861 0.5765921 0.5074984 0.5079173 0.0000010 0.0000010 0.6044680 0.7841059 0.0000010 0.0000010 0.0000010 0.0000010 4.9866210 0.0000010 5.0450620 0.0000010 1.9553271 0.0000010 2.6427542 0.0000010 0.7387010 
Chem_TCONS_00046187                                     0.1721955 0.4873607 0.3047674 0.3091948 0.0136273 0.0000000 0.3842104 0.4876067 0.5296885 0.5285816 0.5397496 0.3159775 0.4150273 0.9495109 0.4703018 0.5284767 0.3180833 0.3257664 0.4591356 0.4412000 0.4647591 0.4695834 0.5367011 0.4819014 0.5134348 0.4896547 0.4246810 0.5326255 0.3079842 0.7309142 0.7043159 0.3405828 0.7010047 0.5721279 0.5663413 0.6454283 0.6112477 0.6228899 0.6551586 0.5279299 0.5461502 0.7070012 0.6842369 0.5224087 0.7125241 0.6847703 0.6722322 0.7260048 0.7096027 0.6498418 0.6905231 0.7637938 0.6894193 0.7288924 0.8442498 0.8669557 0.8394267 0.8324507 0.8049002 0.7991637 0.6757532 0.6757532 0.8654028 0.8654028 0.7972045 0.8242130 0.8800417 0.9631076 0.8906147 0.8113743 1.1202830 0.9519095 0.5044921 0.5023377 0.5234978 0.6305696 0.4582935 0.6898190 0.9837240 0.9868770 1.0415089 0.8675468 1.1639402 1.0925580 1.0843279 1.0566816 1.0932354 1.2221925 1.3042432 1.0607283 1.0330549 1.1330559 1.1003370 1.1553771 0.9419144 1.1674874 0.8480894 0.8787615 0.9351869 0.7312947 0.4243807 0.2319078 0.6484509 0.4659451 0.7596165 0.8748132 1.4912972 0.8151707 1.1116312 0.8555994 3.5261046 
Sanmal_Sma_010792-T1                                    0.3263681 0.5676397 0.2024635 0.2024536 0.1688832 0.3842104 0.0000000 0.5494082 0.6320282 0.6288938 0.6443906 0.3216232 0.3980558 1.0674521 0.6439492 0.6496623 0.4588793 0.4561019 0.5003058 0.4603862 0.4990432 0.5422934 0.6241939 0.5675172 0.5984452 0.6046887 0.5306392 0.5628756 0.3082104 0.8125567 0.7843214 0.4008026 0.8085632 0.6507615 0.6446980 0.7639668 0.7308311 0.7310146 0.6994467 0.5226556 0.6451832 0.9560082 0.8794687 0.5992625 0.6954485 0.7888072 0.7059644 0.7186794 0.8158364 0.7802280 0.7883480 0.8389644 0.7636178 0.7952611 1.0567299 0.9663057 0.9073554 0.9357637 0.9348026 0.9005224 0.7445982 0.7445982 1.0378918 1.0378918 0.8624683 0.9392076 1.0041054 1.0108467 1.0504220 0.9614565 1.8755741 1.0106327 0.5082613 0.4920724 0.6196228 0.7232754 0.4536469 0.7379086 1.1064484 1.1446217 1.1274946 0.8941044 1.2618035 1.2472627 1.1957183 1.1966953 1.1926043 1.3627760 1.4727751 1.1527211 1.1119119 1.2612348 1.2091841 1.2194282 1.0386549 1.3426794 0.9782814 0.9612958 1.0185184 0.7804121 0.1926277 0.4626397 0.6820942 0.2058418 1.0292644 1.1722445 1.6546714 2.2048156 1.1277410 0.9232539 3.9658202 
Hsap_ENST00000228347                                    0.3736694 0.3255454 0.4890620 0.4742284 0.2113297 0.4876067 0.5494082 0.0000000 0.3681430 0.3691406 0.4734264 0.1984129 0.4268482 0.9077904 0.3920890 0.4547264 0.5420438 0.3124836 0.4160562 0.3999146 0.4262371 0.4200604 0.5086340 0.3009997 0.3613338 0.3477017 0.3090622 0.3621651 0.4117679 0.6053147 0.5365358 0.5027970 0.6119637 0.4342021 0.5659602 0.5599318 0.5439925 0.5593056 0.5834761 0.4742124 0.5643176 0.7618776 0.8221878 0.4713110 0.5468744 0.5766021 0.5362434 0.5881405 0.5876665 0.5285797 0.6129456 0.7392316 0.6521462 0.7852918 0.7133076 0.8454614 0.8873622 0.8232694 0.7877801 0.8107417 0.5115428 0.5115428 0.6531892 0.6531892 0.7191792 0.7837864 0.8529423 0.9366891 0.8468086 0.7164960 0.8809397 0.8758559 0.4643202 0.4771125 0.3313551 0.5200355 0.4549442 0.6229746 0.8615345 0.8585548 0.8819595 0.7797441 1.1822769 1.0361048 1.0213831 1.0113797 0.9651412 1.1246546 1.1910995 0.9023154 0.8806994 0.9716372 0.9634927 1.0424223 0.7940436 0.9654447 0.8375025 0.8097719 0.7461549 0.5396652 0.5587708 0.6000047 0.6647988 0.6809541 0.7401871 0.8264226 1.4688984 1.1237234 1.0377472 0.7525605 3.7533462 
Spur_XM_030981223.1                                     0.3978724 0.3661158 0.5422284 0.5082808 0.2106685 0.5296885 0.6320282 0.3681430 0.0000000 0.0021953 0.4894695 0.2056945 0.4349920 0.9810025 0.5046693 0.5005365 0.5183763 0.3631952 0.4191202 0.4005939 0.4363608 0.4472111 0.5084318 0.3508180 0.4086811 0.3821731 0.3890745 0.4138408 0.4527249 0.6805745 0.6378088 0.5438479 0.6849991 0.4444194 0.5911881 0.5268681 0.5311737 0.5512533 0.5612219 0.4227295 0.5756747 0.7105736 0.8878834 0.4865079 0.5810043 0.6456580 0.6044854 0.6449548 0.6620819 0.5931066 0.6370811 0.7318691 0.5810371 0.8464089 0.8259094 0.8924815 1.0587232 0.8678243 0.9471782 0.9334026 0.6776464 0.6776464 0.8109442 0.8109442 0.8423880 0.8794047 0.8754915 0.9969333 0.9350813 0.8020209 1.2738063 0.9332362 0.4904900 0.4928052 0.3152259 0.5251734 0.4122261 0.5778140 0.9238729 0.9137850 0.9533717 0.8450841 1.2268713 1.0598168 1.0356786 1.0283593 1.0129521 1.2219590 1.2620287 0.9890212 0.9608497 1.1550870 1.0203377 1.0281620 0.8174292 1.0453316 0.8916021 0.8933376 0.8318279 0.5530194 0.5499039 0.6587015 0.7428766 0.8545205 0.6425154 0.8591919 1.3922746 1.2520288 0.8793309 0.9472254 3.4753658 
Spur_XM_030992806.1                                     0.3978724 0.3658016 0.5397426 0.5059523 0.2106685 0.5285816 0.6288938 0.3691406 0.0021953 0.0000000 0.4894695 0.2056945 0.4349920 0.9810025 0.5046693 0.5005675 0.5183763 0.3631952 0.4179554 0.3984141 0.4340887 0.4459526 0.5071108 0.3508180 0.4085124 0.3820159 0.3857856 0.4157962 0.4527249 0.6792054 0.6365137 0.5426922 0.6822539 0.4447085 0.5955151 0.5232890 0.5287935 0.5488315 0.5581897 0.4227295 0.5801821 0.7105736 0.8878834 0.4848675 0.5772013 0.6433647 0.6019095 0.6420589 0.6603798 0.5912262 0.6379336 0.7295735 0.5810371 0.8381523 0.8259094 0.8897401 1.0587232 0.8670113 0.9471782 0.9297618 0.6776464 0.6776464 0.8109442 0.8109442 0.8377694 0.8794598 0.8734698 0.9944979 0.9317761 0.7977735 1.3031423 0.9327725 0.4870609 0.4897665 0.3093238 0.5253104 0.4083028 0.5750879 0.9234667 0.9129061 0.9521548 0.8430884 1.2268713 1.0590039 1.0338070 1.0264956 1.0110125 1.2212198 1.2634191 0.9882802 0.9601287 1.1550870 1.0206406 1.0266677 0.8152862 1.0488309 0.8935317 0.8933376 0.8318967 0.5480591 0.5499039 0.6570144 0.7374804 0.8432362 0.6417167 0.8591919 1.3746765 1.2520288 0.8623954 0.9472254 3.4753658 
Tetwil_g26852.t1                                        0.4203723 0.4085542 0.6023612 0.5708469 0.2994257 0.5397496 0.6443906 0.4734264 0.4894695 0.4894695 0.0000000 0.2147813 0.3097777 0.6556046 0.2661463 0.2211408 0.3024308 0.3281059 0.4575615 0.4533627 0.4637492 0.4623956 0.5326147 0.4947683 0.4550615 0.4624109 0.4379202 0.5258850 0.5154031 0.7397540 0.6860620 0.5656902 0.6922209 0.5765895 0.5894520 0.6008748 0.5657627 0.5805685 0.5977734 0.5945117 0.5966757 0.6992318 0.8068652 0.4598133 0.6059981 0.6110630 0.5912599 0.6473560 0.6424429 0.6001389 0.5904470 0.7160993 0.3610917 0.7259498 0.9421847 0.8519116 0.9306870 0.8076191 0.8585398 0.8157699 0.7347071 0.7347071 0.9348860 0.9348860 0.8355955 0.7959879 0.8268755 0.9094688 0.8568939 0.7321749 1.0865007 0.8527564 0.4949058 0.5027905 0.4097918 0.5466248 0.4557605 0.6575871 0.8606012 0.8640090 0.9180309 0.8037198 1.0766024 1.0521843 1.0041477 1.0271152 0.9953179 1.1575160 1.2477482 1.0322741 1.0090649 1.1224223 1.0262009 1.0873737 0.8561937 1.1014723 0.6089642 0.6645543 0.6204505 0.4606169 0.7065557 0.6596704 0.7339907 0.8986601 0.7136932 0.8820679 1.4124925 1.2237960 0.9831785 0.5269547 3.6276590 
Spolac_c94160_g3_i1_m.9714c44931-g1                     0.0000010 0.2028495 0.3256899 0.3086143 0.0000010 0.3159775 0.3216232 0.1984129 0.2056945 0.2056945 0.2147813 0.0000000 0.0000010 6.3740474 0.0000010 0.2484716 0.0000010 0.0000010 0.2735437 0.2880043 0.2709712 0.2536444 0.2821994 0.0000010 0.2643661 0.3224089 0.0000010 0.3251754 0.0000010 0.4212061 0.3816870 0.2784144 0.3321458 0.3111366 0.0000010 0.3230611 0.3524271 0.2970909 5.7831455 0.3932682 0.3130290 3.0681810 0.0000010 0.2812905 0.3860026 0.3860026 0.3860026 0.3860026 0.3793336 0.3793336 0.2800687 0.0915651 0.0000010 0.0000010 0.0000010 0.2788234 0.0000010 0.2431039 0.0000010 0.0000010 0.0000010 0.0000010 0.0000010 0.0000010 0.0000010 0.2614969 0.2169500 0.0000010 0.5865758 0.5243770 1.1436574 0.6461770 0.2599564 0.2627829 0.2300379 0.2744619 0.3175413 0.2552959 0.7500893 0.6305462 0.6929820 0.0612552 0.0000010 0.7916607 0.9331497 0.9163962 0.9404541 1.1121075 1.2351572 0.8048021 0.7726275 0.0000010 0.6989952 0.7996070 0.8155843 0.8155843 0.3795596 0.3179404 0.2854674 0.3139155 0.3192547 0.2639234 0.0000010 0.0000010 0.2169500 0.7612756 0.3160089 0.0000010 2.1550328 0.0000010 5.4167402 
Spolac_c44931_g1_i1_m.1307c44931-g1                     0.7839729 0.4776898 0.4211278 0.4455246 0.5706575 0.4150273 0.3980558 0.4268482 0.4349920 0.4349920 0.3097777 0.0000010 0.0000000 0.0721934 0.0000010 0.2566913 0.0000010 0.5924757 0.4462123 0.4592372 0.4678007 0.5310432 0.4634487 0.4789876 0.3181954 0.4154325 0.4154325 0.4502926 0.6687353 0.7022371 0.6250794 0.5195444 0.6549954 0.4576268 0.5213194 1.9728979 0.4959250 0.4781110 0.4645167 0.0000010 0.5607824 0.6381647 0.6398472 0.5040793 0.0000010 0.4972955 0.5203684 0.4638399 0.5036190 0.4857884 0.5446646 0.5446646 0.0000010 0.0000010 0.7579970 0.4991599 0.3061121 0.4972492 0.5785016 0.5785016 0.5269804 0.5269804 0.8744461 0.8744461 0.5187497 0.5548345 0.6437370 0.6437370 0.4944023 0.5832142 0.0000010 0.5576930 0.4665082 0.4665082 0.0000010 0.3549992 0.0000010 2.0014981 0.6690955 0.4646882 0.4834734 0.5258199 0.5454313 0.7155366 0.7668413 0.6843626 0.7862606 0.6390866 0.6555656 0.6781894 0.5567276 0.6551276 0.7087106 0.5291402 0.0000010 0.0000010 0.7318704 0.9207762 0.0000010 0.0000010 0.0000010 0.0000010 3.7569185 0.0000010 0.0000010 0.0000010 3.2670717 0.0000010 3.6726067 0.0000010 9.0000000 
Emue_Em0006g620a.t1                                     0.5152537 0.9437829 1.0598723 1.0247463 0.4232868 0.9495109 1.0674521 0.9077904 0.9810025 0.9810025 0.6556046 6.3740474 0.0721934 0.0000000 0.0739067 0.6270059 0.0769732 0.4813457 0.8569290 0.8199024 0.8379193 0.9161049 1.0736024 0.5197035 0.9133104 0.8935854 0.4907186 0.9305342 0.6209316 1.3268098 1.2317438 0.9518613 1.2223592 1.0626468 0.6295519 1.5319563 1.0303959 0.9986695 0.8019122 8.2291703 1.0275022 0.7173956 0.8303476 0.9077455 1.5314322 1.0646270 1.0354609 1.1434047 1.0929683 0.8926025 1.0678014 1.0942975 0.1185335 0.8457977 0.9604548 1.4040618 0.9544246 1.3871196 0.8910846 0.8901655 0.7234688 0.7234688 0.9404271 0.9404271 0.8779549 1.3610907 1.3728871 1.0110727 1.4549687 1.3660320 8.3786181 1.3919823 1.0249973 0.9898666 6.9512528 1.5327122 1.3087550 1.3182439 1.4563134 1.4478956 1.4494269 1.1706121 1.1381227 1.5761986 1.5187993 1.5487929 1.5175359 1.5939615 1.8206458 1.6276934 1.6044797 1.1363598 1.6230132 1.6419745 1.7960997 4.9914693 1.1645889 1.0187629 6.5845382 1.3134631 2.4262519 1.2795477 0.9519399 0.9683089 5.8625865 6.1638351 4.5173492 2.9381479 1.1611362 0.2435430 1.0907146 
Spolac_c44931_g2_i1_m.1308c44931-g1                     0.3031713 0.4413068 0.3913971 0.3890615 0.1634060 0.4703018 0.6439492 0.3920890 0.5046693 0.5046693 0.2661463 0.0000010 0.0000010 0.0739067 0.0000000 0.1715239 7.1891687 0.3253431 0.3698791 0.3641155 0.3641155 0.3830553 0.3641155 0.3213142 0.3293488 0.3740866 0.3740866 0.3613534 0.0000010 0.5183511 0.4863336 0.5665601 0.6111632 0.4761955 0.4407079 2.9452181 0.4416552 0.4072205 0.3859118 0.0000010 0.4549571 0.4503919 0.5676563 0.6302256 0.9635577 0.5110352 0.5220647 0.5618701 0.5220647 0.5220647 0.3684220 0.5805477 0.0000010 0.0000010 0.8403261 0.7887931 0.0000010 0.8081802 0.7516028 0.7516028 0.7927708 0.7927708 0.7927708 0.7927708 0.7736427 0.7634510 0.8101509 0.8101509 0.5368996 0.4115332 0.0000010 0.3848682 0.0000010 0.0000010 0.0000010 0.0000010 0.0000010 8.9999990 0.3746792 0.5558423 0.5017598 0.4932097 1.8005984 0.5930584 0.5970337 0.5977159 0.6437000 0.6813815 0.6115452 0.6945900 0.6851095 0.7460210 0.7682399 0.6837229 0.0000010 0.0000010 0.8276201 0.6955924 0.0000010 0.0000010 0.0000010 0.0000010 3.9780989 0.0000010 5.0450620 0.0000010 2.6496351 9.0000000 3.6261578 0.0000010 3.2710393 
Stycar_maker-SC_scaffold10495-augustus-gene-0.11-mRNA-1 0.3856947 0.4206206 0.5814265 0.5778644 0.3062393 0.5284767 0.6496623 0.4547264 0.5005365 0.5005675 0.2211408 0.2484716 0.2566913 0.6270059 0.1715239 0.0000000 0.3367039 0.3263164 0.4630848 0.4405675 0.4671514 0.4836501 0.5275035 0.4693524 0.4670412 0.4557492 0.4333131 0.4855566 0.4523646 0.7427926 0.6948787 0.5539656 0.7085891 0.5536352 0.5973050 0.5767600 0.5516914 0.5565331 0.5628073 0.5194868 0.6389962 0.6865941 0.9109365 0.5311444 0.5612929 0.5928996 0.5489205 0.5958890 0.6093771 0.5659898 0.6115789 0.7250275 0.3402046 0.7530235 0.9138902 0.9303870 1.1227065 0.8896771 0.9584044 0.8913053 0.7943288 0.7943288 0.9274300 0.9274300 0.9007499 0.8761794 0.9118028 0.9997088 0.9176341 0.7706179 1.0454790 0.8883192 0.5356274 0.5397402 0.4514849 0.5487270 0.4720418 0.7050839 0.8876739 0.8538493 0.8910223 0.8112937 1.1526607 1.0316260 1.0109282 1.0252313 0.9796656 1.1644738 1.2870730 1.0128184 0.9902285 1.1103248 1.0756071 1.1015009 0.8887164 1.1617825 0.6483544 0.6436909 0.6109856 0.5043751 0.6760174 0.6468731 0.7455365 0.9235370 0.7848155 0.9086378 1.5549035 1.2538305 0.9949858 0.6155477 3.8836498 
Spolac_c88463_g1_i1_m.5054c44931-g1                     7.1891687 0.4681749 0.4788031 0.4206232 0.0000010 0.3180833 0.4588793 0.5420438 0.5183763 0.5183763 0.3024308 0.0000010 0.0000010 0.0769732 7.1891687 0.3367039 0.0000000 9.0000000 0.3705432 0.3705432 0.3585287 0.3843376 0.3264471 1.9253100 0.5652049 0.3826799 0.4122864 0.4454218 0.0000010 0.5667026 0.5303069 0.4693080 0.7525138 0.4998353 0.5443677 0.4654568 0.4673456 0.4067848 0.5027723 0.0000010 0.5564537 7.1891687 0.4712213 0.2799128 0.6619316 0.6769562 0.5818163 0.5168936 0.6167366 0.6167366 0.6466741 0.4871516 0.2239393 0.9129817 9.0000000 0.9701365 0.0000010 1.0210700 9.0000000 0.9341088 9.0000000 9.0000000 9.0000000 9.0000000 9.0000000 0.9911270 1.1212160 1.1212160 0.7641401 0.5356148 0.0000010 0.8932032 0.3323320 0.3717527 0.0000010 0.4532300 0.4045751 0.3871283 0.8386961 0.7845473 0.6139713 0.8047632 2.2317968 1.0751239 0.8198175 0.8941340 0.8648344 0.9985104 0.9078184 0.8701409 0.8942330 9.0000000 0.9573676 1.0610318 0.7294441 2.1487777 0.6048813 0.6268982 0.0000010 0.4662596 0.4801889 0.3711937 0.5607493 0.0000010 0.0000010 0.0000010 1.2707843 0.6590521 0.0000010 0.0000010 1.2526374 
Nvec_NVE8335                                            0.3461819 0.3677946 0.2865544 0.2861943 0.2214714 0.3257664 0.4561019 0.3124836 0.3631952 0.3631952 0.3281059 0.0000010 0.5924757 0.4813457 0.3253431 0.3263164 9.0000000 0.0000000 0.1548682 0.1569882 0.1467554 0.1562744 0.1902993 0.3415339 0.3685558 0.3577194 0.3577194 0.3122138 0.3524754 0.4597801 0.4565127 0.4460012 0.6130525 0.4476134 0.4384804 2.3018076 0.4373355 0.4155589 0.4025755 0.0000010 0.5148942 0.5228769 0.5721467 0.4148501 0.8392418 0.4783222 0.4886292 0.5526442 0.5050604 0.5050604 0.5237536 0.7260248 0.0000010 0.0000010 0.7050083 0.6047668 0.2617771 0.6194387 0.6768717 0.6768717 0.6621670 0.6621670 0.7356600 0.7356600 0.6362183 0.6478958 0.6934881 0.6934881 0.4527259 0.3874369 0.0000010 0.4157472 0.3267809 0.3267809 0.0000010 0.0000010 0.0000010 8.9999990 0.4928664 0.4969593 0.4550123 0.5289954 2.2707289 0.6337172 0.5868884 0.5552919 0.6787865 0.7232649 0.6274064 0.6797207 0.6648137 0.6375984 0.5709120 0.6671292 0.0000010 0.0000010 0.8252092 0.9191714 0.0000010 0.0000010 0.0000010 0.0000010 5.4004448 0.0000010 5.0450620 0.0000010 2.5672024 9.0000000 3.0646316 0.0000010 2.0164559 
Spis_XP_022803203_1                                     0.3198768 0.3945921 0.4470274 0.4333301 0.2803462 0.4591356 0.5003058 0.4160562 0.4191202 0.4179554 0.4575615 0.2735437 0.4462123 0.8569290 0.3698791 0.4630848 0.3705432 0.1548682 0.0000000 0.0153559 0.0506133 0.0588257 0.1203155 0.4406424 0.4066499 0.3986267 0.3605575 0.4106324 0.3919601 0.7041561 0.6607176 0.4795257 0.6626609 0.5590090 0.5494700 0.5285236 0.5592103 0.5508690 0.5670765 0.5108823 0.4893825 0.6725126 0.6814414 0.1405758 0.5514747 0.5639770 0.5487544 0.5745558 0.5717562 0.5244637 0.6039814 0.7386351 0.5896232 0.7199374 0.7252424 0.7848321 0.9263389 0.7466748 0.8061463 0.7870134 0.5260751 0.5260751 0.6896408 0.6896408 0.7116142 0.7331029 0.7781940 0.8566013 0.8203312 0.7435807 1.1472011 0.8421804 0.1200356 0.1245895 0.4039679 0.5198510 0.2347580 0.4039568 0.8803834 0.9032034 0.8676311 0.7961655 1.1050359 0.9859438 0.9720869 0.9740928 0.9455841 1.1227430 1.1626492 0.9640719 0.9343898 1.0856450 0.9503515 1.0769552 0.7987422 1.0318795 0.7843705 0.7892073 0.6250665 0.5975722 0.5301527 0.5788377 0.5748253 0.7128456 0.6740165 0.8604889 1.3579181 1.2826078 0.9648376 0.7460646 3.3618512 
Pocdam_XM_027194125.1                                   0.3124088 0.3931773 0.4263972 0.4162005 0.2910848 0.4412000 0.4603862 0.3999146 0.4005939 0.3984141 0.4533627 0.2880043 0.4592372 0.8199024 0.3641155 0.4405675 0.3705432 0.1569882 0.0153559 0.0000000 0.0364553 0.0456854 0.1063540 0.4440394 0.3902456 0.3883143 0.3640059 0.4057712 0.3919601 0.7156234 0.6674098 0.4746728 0.6666705 0.5572588 0.5441497 0.5136650 0.5492007 0.5374537 0.5637634 0.5085100 0.4598938 0.6902410 0.6197434 0.1259606 0.5478034 0.5488646 0.5474745 0.5547053 0.5472900 0.4967736 0.6008386 0.7521550 0.5808199 0.7027518 0.7228018 0.7754437 0.9230656 0.7367048 0.8054541 0.7790325 0.5066431 0.5066431 0.6601487 0.6601487 0.7118156 0.7251692 0.7692211 0.8512815 0.8253929 0.7253920 1.3389883 0.8509270 0.1239899 0.1281071 0.3495297 0.4995378 0.2252022 0.3804145 0.8657009 0.8650293 0.8529999 0.7888026 1.0946344 0.9817917 0.9580973 0.9612939 0.9635039 1.1138539 1.1488130 0.9646804 0.9266769 1.0877020 0.9433412 1.0752630 0.7875211 1.0457217 0.7715160 0.7883218 0.5995359 0.5660801 0.5231243 0.5680153 0.5720456 0.7054751 0.6362539 0.8946022 1.3655207 2.7844875 0.9621107 0.7685817 3.0767595 
Fspp_ffun1.m4.29564.m1                                  0.3265211 0.4069666 0.4434500 0.4225340 0.2878240 0.4647591 0.4990432 0.4262371 0.4363608 0.4340887 0.4637492 0.2709712 0.4678007 0.8379193 0.3641155 0.4671514 0.3585287 0.1467554 0.0506133 0.0364553 0.0000000 0.0610302 0.1303593 0.3724596 0.4248379 0.4091853 0.3513360 0.4117905 0.4341097 0.7344574 0.6832820 0.4868422 0.6770543 0.5641093 0.5065104 0.5469777 0.5604522 0.5513122 0.5457076 0.4965920 0.4995917 0.6365791 0.5995011 0.1556409 0.5496156 0.5762033 0.5263963 0.5340759 0.5782614 0.5357204 0.6039250 0.6820958 0.5886098 0.7149829 0.7624651 0.8067620 0.7972858 0.7655734 0.7467068 0.7487017 0.5321206 0.5321206 0.6970897 0.6970897 0.6601827 0.7492508 0.8021476 0.8456166 0.8485397 0.7535909 1.7985941 0.8904562 0.1148523 0.1200148 0.4978835 0.5641841 0.2322659 0.4196862 0.9035204 0.9124329 0.8867521 0.7628716 1.0400329 0.9980072 0.9877234 0.9814483 0.9440448 1.1158909 1.1565760 0.9668922 0.9382124 1.0207490 0.9633808 1.0953995 0.8316871 1.0911119 0.7899565 0.7687163 0.7485134 0.6393047 0.5103101 0.5783776 0.5907500 0.6294793 0.8201095 0.9547685 1.4107467 2.2563611 0.8926924 0.5766741 3.1697036 
Gasp_gasp1.m3.17665.m1                                  0.3525733 0.4063635 0.4633550 0.4494190 0.2630912 0.4695834 0.5422934 0.4200604 0.4472111 0.4459526 0.4623956 0.2536444 0.5310432 0.9161049 0.3830553 0.4836501 0.3843376 0.1562744 0.0588257 0.0456854 0.0610302 0.0000000 0.0741636 0.4378900 0.4314888 0.4142543 0.3649245 0.4399854 0.4744494 0.6870204 0.6554172 0.4841287 0.6849657 0.5477612 0.5788068 0.5347103 0.5900089 0.5862103 0.5964913 0.5424018 0.5341609 0.6792090 0.6453396 0.1261693 0.5524054 0.5690715 0.5424948 0.5635401 0.5782043 0.5395386 0.6405288 0.7315013 0.6095186 0.7174854 0.7300401 0.7854508 1.0000529 0.7676953 0.8330171 0.8057719 0.5330857 0.5330857 0.6931231 0.6931231 0.7433721 0.7613505 0.7717899 0.8641434 0.8229209 0.7389940 1.1021562 0.8307246 0.1087901 0.1357706 0.4351949 0.5283483 0.2231931 0.4137804 0.8799124 0.8999492 0.8604818 0.7867267 1.1789031 0.9783525 0.9211542 0.9246140 0.8924032 1.0937886 1.1162641 0.9458330 0.9123469 1.0487811 0.9319875 1.0568378 0.7595245 0.9722674 0.7735132 0.7997914 0.6755959 0.5713583 0.5428134 0.5530451 0.6165774 0.7653044 0.6809681 0.7737835 1.2567760 1.1138582 0.9386982 0.8535941 3.1930932 
Gfas_gfas1.m1.5.m1                                      0.3829803 0.4707541 0.4738985 0.5006986 0.3295861 0.5367011 0.6241939 0.5086340 0.5084318 0.5071108 0.5326147 0.2821994 0.4634487 1.0736024 0.3641155 0.5275035 0.3264471 0.1902993 0.1203155 0.1063540 0.1303593 0.0741636 0.0000000 0.4724785 0.5099194 0.4811994 0.4996204 0.4962958 0.4144888 0.8159889 0.7620720 0.5692787 0.7814384 0.6579628 0.7336813 0.5678091 0.6807888 0.6535118 0.7059644 0.5079364 0.5793744 0.6219993 0.6208528 0.1111739 0.5614269 0.6384572 0.6071264 0.6447204 0.6614307 0.5453923 0.6622721 0.7558587 0.7621065 0.6747672 0.7417310 0.8701703 1.4234426 0.8384112 1.0762012 0.9241360 0.5383232 0.5383232 0.6871270 0.6871270 0.9496413 0.8205558 0.8294068 0.9303809 0.8781008 0.7974511 1.1216042 0.8916452 0.1228186 0.1487735 0.4152290 0.5190702 0.2279791 0.4962442 0.9687067 0.9693858 0.9641795 0.9121417 1.7393022 1.0476148 1.0453492 1.0247398 0.9917128 1.2176610 1.2323374 1.0619068 1.0274987 1.3219034 0.9981278 1.1394494 0.7788662 1.0002332 0.8703599 0.8956074 0.6748269 0.6275965 0.5074011 0.6075566 0.7273565 1.3802665 0.7035205 0.8819733 1.4552177 1.3774489 1.2253536 1.0379707 3.8256442 
Skow_XM_006815295.1                                     0.4831890 0.3393933 0.4694761 0.4367178 0.3077869 0.4819014 0.5675172 0.3009997 0.3508180 0.3508180 0.4947683 0.0000010 0.4789876 0.5197035 0.3213142 0.4693524 1.9253100 0.3415339 0.4406424 0.4440394 0.3724596 0.4378900 0.4724785 0.0000000 0.3457395 0.3755643 0.3755643 0.3768288 0.4390696 0.5576119 0.5054655 0.5045897 0.7017828 0.4575464 0.5910990 2.7340124 0.5520960 0.5850779 0.5908989 0.0000010 0.6937187 0.6073055 0.7331487 0.6170457 0.8392418 0.6203836 0.6260942 0.7336310 0.6203646 0.6126708 0.5895017 0.8576247 0.0000010 0.0000010 0.8067281 0.8637820 0.9742345 0.8508339 0.8666647 0.8666647 0.6527577 0.6527577 0.7986047 0.7986047 0.8229356 0.8465307 0.8336936 0.8336936 0.7031774 0.6299588 0.0000010 0.6481543 0.7009217 0.7009217 0.0000010 0.3552927 0.0000010 2.6335792 0.6917642 0.7725315 0.7080992 0.7310636 1.3473389 0.7788007 0.8302201 0.8245523 0.8954522 0.8954007 0.8602622 0.9509461 0.8678959 0.9339381 0.8667393 0.8561279 0.0000010 0.0000010 0.9210771 0.9812545 0.0000010 0.0000010 0.0000010 0.9208493 4.6495500 1.2415440 2.5526182 0.0000010 3.7897358 9.0000000 4.9811401 1.0425622 2.8231955 
Acagra_model.g6131.t1                                   0.4371716 0.3494796 0.5352400 0.5186004 0.3653147 0.5134348 0.5984452 0.3613338 0.4086811 0.4085124 0.4550615 0.2643661 0.3181954 0.9133104 0.3293488 0.4670412 0.5652049 0.3685558 0.4066499 0.3902456 0.4248379 0.4314888 0.5099194 0.3457395 0.0000000 0.2406258 0.2349935 0.3192343 0.5471771 0.6492179 0.6129349 0.5465538 0.6417979 0.4925182 0.5451148 0.5584330 0.5602789 0.5771332 0.5710541 0.5651808 0.6182744 0.7699007 0.7994693 0.5020884 0.5910571 0.6170148 0.5861359 0.6273614 0.6031820 0.5401112 0.6449243 0.7820992 0.5950225 0.7283943 0.7131283 0.8953556 0.9665897 0.8590558 0.8357175 0.8162189 0.6259286 0.6259286 0.7267798 0.7267798 0.7865023 0.8627021 0.8659926 0.9395809 0.9242372 0.7633892 1.1197768 0.9593926 0.4918921 0.4832776 0.3275336 0.5443237 0.4647785 0.6353528 0.9811509 0.9045909 0.9248563 0.8475456 1.1429683 1.0328909 1.0823691 1.0463846 1.0793699 1.2516609 1.2836750 1.0163618 1.0048194 1.0744674 1.0958819 1.1581210 0.9041827 1.1817172 0.8448537 0.8457901 0.7903578 0.6121261 0.5713497 0.6223435 0.7144713 0.7605204 0.7357518 0.8781787 1.4304739 1.2505477 1.1056702 1.0776388 3.7160004 
Cgig_XM_034478077.1                                     0.3253900 0.3177170 0.5014119 0.4989076 0.3220326 0.4896547 0.6046887 0.3477017 0.3821731 0.3820159 0.4624109 0.3224089 0.4154325 0.8935854 0.3740866 0.4557492 0.3826799 0.3577194 0.3986267 0.3883143 0.4091853 0.4142543 0.4811994 0.3755643 0.2406258 0.0000000 0.0018231 0.2882806 0.5194711 0.6867703 0.6598146 0.5104224 0.6466654 0.5078212 0.5169201 0.4878427 0.4843650 0.5095467 0.4940399 0.4747419 0.6051979 0.7809656 0.8635913 0.5095164 0.5727474 0.6127604 0.5882908 0.6338639 0.6280907 0.5778896 0.5992453 0.7284378 0.5791484 0.6733646 0.6683523 0.8654965 1.0637177 0.8338440 0.8480600 0.8031581 0.6026280 0.6026280 0.7197539 0.7197539 0.8151065 0.8421055 0.8408846 0.9378298 0.8763327 0.7600731 1.1398466 0.8745643 0.4743669 0.4813135 0.3007747 0.5056872 0.4426112 0.6326777 0.9425200 0.9019159 0.9177698 0.8158987 1.1474379 0.9962150 1.0134339 1.0163532 0.9812707 1.1701680 1.2222214 1.0084210 1.0080404 1.0861444 1.0645993 1.1330071 0.9247622 1.2141406 0.8237759 0.8082443 0.7870027 0.5441099 0.5842998 0.6440793 0.6535762 0.7472172 0.6908154 0.8424017 1.3663631 1.1827021 0.9815232 0.9859767 3.5200433 
Cgig_XM_034478080.1                                     0.3253900 0.3097594 0.4462058 0.4475612 0.3220326 0.4246810 0.5306392 0.3090622 0.3890745 0.3857856 0.4379202 0.0000010 0.4154325 0.4907186 0.3740866 0.4333131 0.4122864 0.3577194 0.3605575 0.3640059 0.3513360 0.3649245 0.4996204 0.3755643 0.2349935 0.0018231 0.0000000 0.2882810 0.5194711 0.7247775 0.6752082 0.4629873 0.5924117 0.4686365 0.5226277 0.4747433 0.4593153 0.4719253 0.4616640 0.0000010 0.5938075 0.6891490 0.8377787 0.4971695 0.5584313 0.6159731 0.6116263 0.6639193 0.6464523 0.6077088 0.5880224 0.7362898 0.5791484 0.6901545 0.6683523 0.8447906 1.0637177 0.7997538 0.8480600 0.8110751 0.6026280 0.6026280 0.7187448 0.7187448 0.8151065 0.8384965 0.8431858 0.8557741 0.8506940 0.7791814 3.5506953 0.8236353 0.4947487 0.5200806 0.0000010 0.4817517 0.4060815 0.7464265 0.9019863 0.9410163 0.8350853 0.7791974 1.1397533 0.9266587 0.8979552 0.9278565 0.9217010 1.0358234 1.0953746 1.0406783 1.0030666 1.0861444 1.0574094 1.0707798 0.8140788 4.7500072 0.8585090 0.8016160 0.0000010 0.4737167 0.5928640 0.6185375 0.6289166 0.7472172 1.6988695 0.0000010 3.2156783 2.1883344 0.9527407 0.9859767 2.9011911 
Ctel_gnl_WGS_AMQN_CAPTEDRAFT_mRNA178602                 0.3902928 0.3741073 0.5137474 0.4889571 0.3520605 0.5326255 0.5628756 0.3621651 0.4138408 0.4157962 0.5258850 0.3251754 0.4502926 0.9305342 0.3613534 0.4855566 0.4454218 0.3122138 0.4106324 0.4057712 0.4117905 0.4399854 0.4962958 0.3768288 0.3192343 0.2882806 0.2882810 0.0000000 0.5563765 0.6848351 0.6388904 0.5419830 0.6670894 0.5176127 0.5512899 0.5579452 0.5529650 0.5781103 0.5711534 0.5230918 0.6033947 0.8311205 0.8907182 0.4819918 0.5934923 0.6141939 0.5908486 0.6370389 0.6296793 0.5542652 0.6451708 0.7892068 0.5694248 0.6647619 0.7198163 0.8632078 1.0118295 0.8358382 0.9085566 0.8301789 0.6486697 0.6486697 0.7739259 0.7739259 0.8625601 0.8797470 0.8745747 0.9828275 0.8805401 0.7765124 1.1493485 0.9185896 0.4549374 0.4824213 0.2603869 0.5558721 0.4472515 0.6160187 0.9066258 0.9250455 0.9538181 0.8472449 1.2009784 1.0179814 1.0562316 1.0470930 1.0197702 1.2345535 1.2837064 1.0155323 0.9912899 1.1788984 1.0384036 1.0459412 0.8879569 1.1905010 0.8261000 0.8787593 0.8195671 0.5871431 0.5953168 0.6489455 0.6846015 0.7340567 0.6542614 0.8364063 1.4069735 1.0735619 1.0723452 0.9627506 3.7668714 
Dpul_mRNA17161                                          0.5259658 0.3441061 0.2566643 0.2896482 0.2372956 0.3079842 0.3082104 0.4117679 0.4527249 0.4527249 0.5154031 0.0000010 0.6687353 0.6209316 0.0000010 0.4523646 0.0000010 0.3524754 0.3919601 0.3919601 0.4341097 0.4744494 0.4144888 0.4390696 0.5471771 0.5194711 0.5194711 0.5563765 0.0000000 0.0568905 0.0874248 0.3300419 0.3257001 0.3847004 0.4383709 0.0000010 0.4163050 0.4163050 0.4234925 0.0000010 0.5314116 0.5314116 0.3403261 0.5426815 0.0000010 0.8314009 0.8314009 0.7821995 0.8379827 0.8107881 0.7497136 0.7497136 0.0000010 0.0000010 1.2932930 0.8847117 0.8799311 0.8847117 0.9650221 0.9650221 0.8822367 0.8822367 1.3191742 1.3191742 0.8160465 0.8663281 0.9828162 0.9828162 0.6471824 0.6200113 0.0000010 0.5861981 0.5248165 0.5248165 0.0000010 0.0000010 0.0000010 2.4646429 0.8574470 0.5501472 0.6291025 0.9238276 3.8809910 0.7592532 0.9247730 0.9605888 1.2821820 0.7888425 1.0861198 0.9854232 1.0845424 0.9043422 0.6230316 0.7289071 0.0000010 0.0000010 0.7759542 0.7273716 0.0000010 0.0000010 0.0000010 0.0000010 8.9915305 0.0000010 0.0000010 0.0000010 1.3009942 0.0000010 3.8530504 0.0000010 0.7387010 
Dpul_mRNA9217                                           0.5332309 0.6403187 0.7695834 0.7557420 0.3910261 0.7309142 0.8125567 0.6053147 0.6805745 0.6792054 0.7397540 0.4212061 0.7022371 1.3268098 0.5183511 0.7427926 0.5667026 0.4597801 0.7041561 0.7156234 0.7344574 0.6870204 0.8159889 0.5576119 0.6492179 0.6867703 0.7247775 0.6848351 0.0568905 0.0000000 0.1145600 0.8086350 0.7166565 0.6049326 0.8567983 0.7893257 0.8093287 0.8499832 0.8679201 0.8216510 0.8031235 1.0334285 1.0866413 0.7840635 0.8465146 0.8882321 0.8710554 0.9187484 0.8999160 0.8496394 0.8659481 1.0202276 0.9837288 0.9423433 1.0318267 1.0686087 1.3847840 1.0682536 1.1773639 1.0985030 0.8079773 0.8079773 1.0003169 1.0003169 1.0811376 1.0831296 1.0329570 1.1382642 1.1165040 0.9907493 1.2635814 1.2007394 0.8343508 0.8538624 0.5307379 0.7490752 0.6949041 1.0076786 1.2024054 1.1268866 1.1835034 1.0717294 1.5359291 1.2602727 1.1569227 1.1985695 1.1935289 1.3613259 1.4411947 1.2043971 1.2192191 1.2956870 1.2070835 1.3291461 1.0869187 1.2693646 1.0606312 1.2228378 0.9999711 0.7692480 0.8598836 0.8805802 0.8611200 1.2423587 0.8687974 1.1223747 1.7172001 1.3526271 1.3695147 1.6857226 3.8405974 
Dpul_mRNA16693                                          0.5584866 0.5968633 0.7305048 0.7132924 0.4054227 0.7043159 0.7843214 0.5365358 0.6378088 0.6365137 0.6860620 0.3816870 0.6250794 1.2317438 0.4863336 0.6948787 0.5303069 0.4565127 0.6607176 0.6674098 0.6832820 0.6554172 0.7620720 0.5054655 0.6129349 0.6598146 0.6752082 0.6388904 0.0874248 0.1145600 0.0000000 0.7713987 0.6811302 0.5600884 0.8029269 0.7625204 0.7770126 0.8133977 0.8279529 0.8128052 0.7869971 1.0504591 1.0064134 0.7130829 0.8095681 0.8389695 0.8226962 0.8553647 0.8668354 0.7983076 0.8427762 0.9625906 0.9352881 0.8896428 0.9598473 1.0215737 1.2648799 1.0017006 1.0351855 1.0011401 0.7738218 0.7738218 0.9522488 0.9522488 0.9709549 1.0199890 0.9790112 1.0801444 1.0492530 0.9345790 1.3275013 1.1354529 0.7497760 0.7856771 0.5285481 0.7418606 0.6508165 0.9693130 1.1459374 1.1076216 1.1492911 0.9932569 1.3699873 1.2151182 1.1117140 1.1344070 1.1234636 1.3283725 1.4049334 1.2005953 1.1857896 1.2574605 1.1504188 1.2973766 1.0376194 1.2373229 1.0168554 1.1362967 0.9554817 0.7276841 0.8044076 0.8442640 0.8343892 1.1406897 0.8332126 1.1408337 1.6208150 1.2463960 1.3312989 1.5822029 3.7736699 
Morvir_scaffold197.g9.t1                                0.4871265 0.5234877 0.3367416 0.3340174 0.2634091 0.3405828 0.4008026 0.5027970 0.5438479 0.5426922 0.5656902 0.2784144 0.5195444 0.9518613 0.5665601 0.5539656 0.4693080 0.4460012 0.4795257 0.4746728 0.4868422 0.4841287 0.5692787 0.5045897 0.5465538 0.5104224 0.4629873 0.5419830 0.3300419 0.8086350 0.7713987 0.0000000 0.7578848 0.6056838 0.6512752 0.6744470 0.6528104 0.6277549 0.7117707 0.5149838 0.5895102 0.8395608 0.8171448 0.5508939 0.7220536 0.7064564 0.6987444 0.7628590 0.7306579 0.6595812 0.6803908 0.7966071 0.5650547 0.9460830 1.0165662 0.9122833 0.8359358 0.8787893 0.9062755 0.9558294 0.7622850 0.7622850 1.0399874 1.0399874 0.8769600 0.8769475 0.9347959 1.0794627 0.9387192 0.8887573 1.1905686 0.9870448 0.5048815 0.5105070 0.4754766 0.6215405 0.5118439 0.6500781 1.0274962 1.0606793 1.0917424 0.8818726 1.2057951 1.1495132 1.0882522 1.0747114 1.1478453 1.2816575 1.3511409 1.1431667 1.0966034 1.2497540 1.1680293 1.1974689 1.0230369 1.2387940 0.8672403 0.8636853 0.8184316 0.6732434 0.3687460 0.4000586 0.7328586 0.4975217 0.6298845 0.9663759 1.4210501 0.8196446 1.1769104 0.6877759 3.6153679 
Tcas_TC014075_001                                       0.5394043 0.6214479 0.7495050 0.7297128 0.3616340 0.7010047 0.8085632 0.6119637 0.6849991 0.6822539 0.6922209 0.3321458 0.6549954 1.2223592 0.6111632 0.7085891 0.7525138 0.6130525 0.6626609 0.6666705 0.6770543 0.6849657 0.7814384 0.7017828 0.6417979 0.6466654 0.5924117 0.6670894 0.3257001 0.7166565 0.6811302 0.7578848 0.0000000 0.6291621 0.8272194 0.7937275 0.7967968 0.8182232 0.8659015 0.6174826 0.6891830 0.7878171 0.8571830 0.7328391 0.7915831 0.8373126 0.8045049 0.8330134 0.8601588 0.7703239 0.8151886 0.9415073 0.8535697 0.9621037 0.9018874 0.9007978 1.0305242 0.9092071 0.9674165 0.9992757 0.8246364 0.8246364 1.0106666 1.0106666 0.9140487 0.9201194 0.9186006 1.1182198 1.0241024 0.9942890 0.9727136 1.1229426 0.7209935 0.7640618 0.5920251 0.6890913 0.7505466 0.9017848 1.1189447 1.0837409 1.1284986 1.0518972 1.3074693 1.2511454 1.1683205 1.1817155 1.1604714 1.2835743 1.3784321 1.1940350 1.1733249 1.2717150 1.1784063 1.2688618 1.0295671 1.2600482 1.0038119 1.0108510 0.8528548 0.7911550 0.9424159 0.8389321 0.8389533 0.8533962 0.6395605 0.8020850 1.7778341 1.1721732 1.2831973 1.0230172 3.6881326 
Cscu_XM_023365822.1                                     0.5210838 0.4441753 0.5894590 0.5679518 0.2453045 0.5721279 0.6507615 0.4342021 0.4444194 0.4447085 0.5765895 0.3111366 0.4576268 1.0626468 0.4761955 0.5536352 0.4998353 0.4476134 0.5590090 0.5572588 0.5641093 0.5477612 0.6579628 0.4575464 0.4925182 0.5078212 0.4686365 0.5176127 0.3847004 0.6049326 0.5600884 0.6056838 0.6291621 0.0000000 0.5204351 0.6089950 0.5883640 0.6115995 0.6534825 0.5394058 0.6573127 0.8086416 0.8633731 0.5705158 0.6018551 0.6307032 0.6087257 0.6547891 0.6505078 0.5893780 0.6798933 0.7791902 0.6194405 0.7315582 0.9566062 0.8724740 1.1097974 0.8982802 1.0241577 0.9159734 0.7327992 0.7327992 1.0067502 1.0067502 0.9253010 0.8891288 0.8962961 1.0000705 0.9218626 0.8151666 1.1394170 0.9643505 0.6194533 0.6224408 0.3923870 0.5840486 0.5449392 0.7581004 0.9791918 0.9478395 0.9642361 0.8747946 1.2372919 1.0053854 1.0138881 1.0302473 1.0293804 1.1890403 1.2579390 1.0236806 1.0031968 1.1932678 1.0108401 1.0882746 0.8820063 1.0830247 0.8318637 0.9071748 0.8629651 0.5986294 0.7480890 0.7263394 0.7811432 0.7632102 0.7040418 0.8597706 1.5944132 1.2482193 1.0637626 1.0977226 3.3601955 
