105
Emue_Em0581g4a.t1                                       0.0000000 0.0020070 0.1252289 0.1444625 0.1367347 1.0131974 0.3780167 0.3383239 1.3121849 1.3121849 1.6753305 1.2526253 0.6650815 1.7640505 0.7978275 1.5335147 1.8954079 1.0076099 1.3041343 1.4489408 1.3478362 1.4970035 1.4531776 1.4653873 1.5290142 1.0704849 1.6075559 1.6075559 1.5346085 1.6837673 1.5115160 1.9636141 1.9155506 1.9636196 1.8016148 1.7827687 1.5284126 1.4506203 1.5541775 1.8785696 1.9429271 1.5208760 1.4008653 1.8907559 2.0071528 1.8073038 1.5113473 2.2244033 2.0993178 1.4206056 2.2177056 1.6618316 1.6543152 2.0904291 2.2362034 2.0119555 2.3021506 2.0605739 1.9698589 1.2854336 2.1826817 2.3645920 2.5768970 2.1387532 1.6250686 2.3523072 1.8268603 1.3495006 2.1130964 2.3014691 2.4270203 1.5735403 1.6620394 1.5048517 1.6301211 2.0891400 1.8733745 1.7781516 1.8659898 2.0774265 2.0432499 2.2865115 4.0211807 2.1092255 2.1531484 1.9231101 2.2365052 2.1668719 2.1668719 2.5681378 2.2578691 3.3714966 1.2742177 1.5612870 1.8493693 1.4399798 1.7513450 1.7657876 2.2819793 2.3732172 3.1410571 1.7383287 2.7059099 3.3810027 3.7311561 
Emue_Em0008g629a.t1                                     0.0020070 0.0000000 0.1252289 0.1487957 0.1367347 1.0193363 0.3780167 0.3383239 1.3200753 1.3200753 1.6858402 1.2633741 0.6836061 1.7752824 0.8117235 1.5430996 1.8954079 1.0167692 1.3123302 1.4576907 1.3561244 1.5059224 1.4618677 1.4745128 1.5383344 1.0704849 1.6177736 1.6177736 1.5440539 1.6942270 1.5208607 1.9757516 1.9276710 1.9761134 1.8127807 1.7938780 1.5383486 1.4597117 1.5650468 1.8907815 1.9571143 1.5304022 1.4136196 1.9025325 2.0194848 1.8078479 1.5211143 2.2405491 2.1106754 1.4333314 2.2329708 1.6773262 1.6689869 2.1044838 2.2508774 2.0284711 2.3174690 2.0783196 1.9831303 1.2996762 2.1972254 2.3803573 2.5942980 2.1538100 1.6397916 2.3689731 1.8482112 1.3713514 2.1414780 2.3312037 2.4477729 1.5880091 1.6771661 1.5193819 1.6456102 2.1143199 1.8974921 1.7946887 1.8895308 2.1019744 2.0678670 2.3024947 4.0211807 2.1237593 2.1680232 1.9393863 2.2528118 2.1825893 2.1825893 2.5919198 2.2744423 3.3714966 1.2899763 1.5706328 1.8612601 1.4516876 1.7634871 1.7780398 2.2979843 2.3892929 3.1410571 1.7509993 2.7258180 3.3810027 3.7081497 
Spolac_c97071_g1_i1_m.14228c97071-g1                    0.1252289 0.1252289 0.0000000 0.0000010 0.0000010 0.9125743 0.0000010 0.0000010 0.8573852 0.8573852 1.8019193 1.8992379 0.1777869 2.0422703 0.0817013 1.2085488 2.0502199 1.3668920 0.9564050 1.2190317 1.2721266 1.3363006 1.3014145 1.3597168 1.4741308 2.5780391 1.6728888 1.6728888 1.3269171 1.7069112 1.6510110 1.9565515 1.7603905 1.8185778 1.6920746 1.9563244 1.6405802 1.4707317 1.6433463 1.6441525 1.8024814 1.2578809 2.4969251 1.5633259 1.5972681 1.6223985 1.4861809 2.2117166 2.5144530 1.6899193 2.4950577 2.3298408 1.8938001 2.2778316 1.8721209 2.2008143 2.0815911 2.2568334 2.4725104 1.9218676 2.6578765 2.6390603 2.8363686 2.8418242 2.8418242 3.3114082 2.9553846 1.9282540 2.9553846 2.9553846 2.5300012 2.8675725 2.8675725 2.7187075 2.8675725 2.8675725 2.7187075 2.8675725 2.7187075 2.8675725 2.8675725 2.4781822 2.7663253 2.9019289 2.8083886 2.9752168 2.9028776 2.9170482 2.9170482 2.9170482 2.9170482 2.9170482 2.2083671 1.2654857 1.5855195 1.9564280 2.1236272 2.1236272 2.7040381 3.0675312 2.3714950 1.7715013 2.5056412 2.4498754 6.9925481 
Spolac_c97071_g1_i2_m.14229c97071-g1                    0.1444625 0.1487957 0.0000010 0.0000000 0.0000010 0.6801234 0.4284394 0.3914267 0.8364201 0.8364201 1.2987044 1.3321566 0.7735867 1.3785375 0.8176317 1.0699152 2.0502199 1.0767260 0.8667169 1.0196208 1.0147444 1.0543559 1.0201254 1.0688105 1.1371722 1.0979373 1.2656219 1.2656219 1.1279307 1.3541231 1.1839912 1.5507695 1.4919667 1.5089549 1.4121743 1.4872282 1.3376268 1.1241876 1.2647840 1.3014411 1.4560146 1.0028729 1.6480228 1.3427081 1.3955506 1.2988670 1.2027517 1.7397886 1.6646174 1.2146197 1.9034799 1.8798771 1.7209012 2.0095387 1.5704478 1.8572939 1.8974187 1.9649608 1.9756110 1.4212213 2.0102756 1.9299680 2.0935179 1.7397128 1.7397128 1.8932756 1.9241899 1.4214381 2.1797288 2.1797288 1.5411647 1.7380278 1.7660980 1.7118039 1.7380278 2.0508018 1.9845285 1.7380278 1.8755131 1.9394080 1.9749316 1.7189503 2.8306595 1.7858839 1.7079450 1.8290540 2.0227330 2.0430569 2.0430569 2.2024414 2.0430569 2.9898740 1.3681502 1.0845816 1.4300424 1.4443563 1.5112111 1.5112111 2.0747098 2.1783537 2.4140466 1.4325772 2.0143647 2.4853009 4.6265585 
Spolac_c97071_g1_i3_m.14230c97071-g1                    0.1367347 0.1367347 0.0000010 0.0000010 0.0000000 1.3036337 0.0000010 0.0000010 1.1990472 1.1990472 2.9196263 3.0746382 0.0000010 3.4680516 0.0000010 1.6112864 2.0502199 1.9325883 1.3318041 1.7220292 1.8127561 1.8935212 1.8314392 1.8910438 1.9878007 0.0000010 2.3102106 2.3102106 1.8170711 2.4553013 2.4932620 2.8107083 2.4500142 2.5556601 2.2679559 2.6475142 2.3538001 2.0720317 2.4556352 2.3715350 2.5551798 1.8135343 4.0947839 2.0044343 2.2002037 2.2437551 2.2140848 2.9238618 4.0951486 6.9800105 3.1816308 3.4163499 2.6196177 3.0026812 2.4647081 3.5609266 2.9000461 3.4721453 3.4048130 3.3712021 3.3585507 3.2294895 3.3471799 3.8975153 3.8975153 4.9185493 4.5198854 6.0419406 4.5198854 4.5198854 4.9936661 4.1248642 4.1248642 3.8569900 4.1248642 4.1248642 3.8569900 4.1248642 3.8569900 4.1248642 4.1248642 3.6686604 3.6686604 4.0143732 4.1403593 4.5977122 4.0353628 4.0611681 4.0611681 4.0611681 4.0611681 4.0611681 5.7297836 1.5015810 2.2781978 2.0973439 2.5174346 2.5174346 3.2940967 3.7294172 2.6068331 2.6068331 3.3991947 3.2621734 7.1470273 
Tetwil_g24606.t1                                        1.0131974 1.0193363 0.9125743 0.6801234 1.3036337 0.0000000 0.4072681 0.3855584 1.1981120 1.1981120 1.5370641 1.1441279 0.7767039 1.6478214 0.8213920 1.4081913 1.4385205 0.8288240 1.2217213 1.4518044 1.3324714 1.5496104 1.4937587 1.4085405 1.3910397 0.9808708 1.5528596 1.5528596 1.5678727 1.5693597 1.3698853 1.8258331 1.5512328 1.5906144 1.6645430 1.6348468 1.3827307 1.3569459 1.3180536 1.6668846 1.6582435 1.3723734 1.2194966 1.7289518 1.9185965 1.6984783 1.4119237 2.1065666 2.1278062 1.4836936 2.1958308 1.7019675 1.7698154 1.9140088 1.8986224 1.8657104 2.1624686 1.9759927 2.0059949 1.2618506 2.0513524 1.9511267 2.2126447 2.0514561 1.6248494 2.1429284 1.7528122 1.3015707 2.0462115 2.0489546 2.2746507 1.5818559 1.6025031 1.5284492 1.6681100 2.0954978 1.9968106 1.7583920 1.9904600 2.0871217 2.1237611 2.1390203 3.8423943 2.0392185 2.1162345 2.0321798 2.0422776 2.0459840 2.0459840 2.4615085 2.1072067 3.3388005 1.2095141 1.4319907 1.7191375 1.5218521 1.7264483 1.7406492 1.9994666 2.1877169 2.9251950 1.6149456 2.4653533 3.2533113 3.3026853 
Stycar_maker-SC_scaffold117376-augustus-gene-0.5-mRNA-1 0.3780167 0.3780167 0.0000010 0.4284394 0.0000010 0.4072681 0.0000000 0.0193775 0.6279663 0.6279663 0.9219350 0.9282607 1.0515047 0.9624981 1.1396649 0.8652549 0.0000010 0.7732694 0.6996402 0.8344287 0.8590539 0.8472429 0.8089531 0.8503661 0.9264606 0.9240886 0.8704690 0.8704690 0.9599890 0.8360571 0.9258996 1.0428425 1.1576797 1.2039652 1.0298581 0.9402868 0.8528981 0.8468623 0.9529348 1.1482225 1.2996374 1.0057365 1.1636619 1.1145641 1.4016292 1.1159706 0.9728077 1.2432517 1.3579720 1.3579720 1.3077132 1.3307090 1.5386646 1.3638821 1.1331794 1.4693072 1.5264313 1.9128226 1.3602805 1.1240307 1.3658708 1.3490610 1.6044759 1.1118418 1.1118418 1.1896341 1.1590461 1.1890366 1.7821195 1.7821195 1.1710372 1.1356700 1.1755159 1.1755159 1.1356700 1.9193558 1.9193558 1.1356700 1.5374553 1.5374553 1.6299938 1.2634418 9.0000000 1.2656562 1.0282349 1.1273954 1.3415705 1.3623942 1.3623942 1.6167099 1.3623942 0.0000010 1.1633350 0.9967591 1.2341466 1.1489020 1.0263304 1.0263304 1.3682089 1.2704514 3.7816637 0.7866004 1.5320329 0.0000010 1.4543077 
Stycar_maker-SC_scaffold93348-snap-gene-0.4-mRNA-1      0.3383239 0.3383239 0.0000010 0.3914267 0.0000010 0.3855584 0.0193775 0.0000000 0.6016733 0.6016733 0.8747406 0.8809960 0.9935294 0.9141025 1.0849643 0.8489733 0.0000010 0.7283355 0.6834985 0.7709845 0.7941603 0.7839012 0.7472874 0.7857397 0.8590598 0.8286339 0.8259940 0.8259940 0.8717211 0.7567078 0.8545289 1.0300724 1.0611862 1.1041767 0.9726513 0.8852980 0.8014019 0.7894004 0.9065400 1.0528047 1.1946223 0.9579104 1.0786867 1.0601744 1.3500206 1.0178930 0.9252325 1.1437451 1.2597874 1.2597874 1.1971919 1.2349676 1.4295447 1.2845050 1.0891046 1.3703305 1.4304003 1.7830475 1.2913170 1.0905294 1.3322638 1.2892537 1.5515847 1.0621322 1.0621322 1.1365181 1.1115830 1.1411856 1.6937030 1.6937030 1.0880271 1.0458613 1.0827161 1.0827161 1.0458613 1.8152180 1.8152180 1.0458613 1.4478907 1.4478907 1.5358899 1.1761813 9.0000000 1.1785476 0.9526553 1.0424118 1.2455908 1.2655255 1.2655255 1.5291051 1.2655255 0.0000010 1.1119435 0.9502980 1.1327756 1.1074376 0.9893833 0.9893833 1.2592377 1.1658404 5.2233905 0.7348001 1.4893468 0.0000010 1.3368759 
Plespi_Pspi_scaffold2267_01                             1.3121849 1.3200753 0.8573852 0.8364201 1.1990472 1.1981120 0.6279663 0.6016733 0.0000000 0.0000010 1.4881238 1.2830416 1.1200726 1.6534467 1.0343261 1.4781411 1.6044698 1.0286209 1.4438071 1.6111168 1.5043708 1.5227604 1.4995077 1.4472570 1.6268411 1.1731623 1.6966722 1.6966722 1.5257221 1.6394610 1.5956585 1.9137668 1.7156733 1.7444213 1.8437525 1.7390288 1.3893677 1.4587423 1.4978815 1.5958589 1.7049307 1.4168673 1.4549219 1.7746510 1.9226532 1.8071406 1.5743669 2.0716850 2.2315758 1.5057904 2.0908134 1.6565127 1.5250961 1.9000026 1.8064188 1.9189962 2.1157583 1.7937970 1.9611088 1.2743107 1.9431619 2.0386116 2.1125817 2.0163377 1.6389773 2.0112518 1.6242922 1.2095955 1.8963754 2.0231964 2.2365690 1.5846463 1.6658911 1.5408210 1.6724221 2.0053021 1.8411190 1.7492254 1.8680098 2.0292242 2.0044080 2.0880691 3.4527526 1.9547809 2.0392012 1.8560185 1.9137524 1.9360416 1.9360416 2.2752017 2.0056475 2.9665387 1.2905501 1.6303452 1.7621235 1.5987639 1.7568052 1.7711418 2.0619984 2.1875774 2.8811022 1.6578617 2.4375615 3.3162770 3.3629061 
Plespi_Pspi_scaffold2270_01                             1.3121849 1.3200753 0.8573852 0.8364201 1.1990472 1.1981120 0.6279663 0.6016733 0.0000010 0.0000000 1.4881238 1.2830416 1.1200726 1.6534467 1.0343261 1.4781411 1.6044698 1.0286209 1.4438071 1.6111168 1.5043708 1.5227604 1.4995077 1.4472570 1.6268411 1.1731623 1.6966722 1.6966722 1.5257221 1.6394610 1.5956585 1.9137668 1.7156733 1.7444213 1.8437525 1.7390288 1.3893677 1.4587423 1.4978815 1.5958589 1.7049307 1.4168673 1.4549219 1.7746510 1.9226532 1.8071406 1.5743669 2.0716850 2.2315758 1.5057904 2.0908134 1.6565127 1.5250961 1.9000026 1.8064188 1.9189962 2.1157583 1.7937970 1.9611088 1.2743107 1.9431619 2.0386116 2.1125817 2.0163377 1.6389773 2.0112518 1.6242922 1.2095955 1.8963754 2.0231964 2.2365690 1.5846463 1.6658911 1.5408210 1.6724221 2.0053021 1.8411190 1.7492254 1.8680098 2.0292242 2.0044080 2.0880691 3.4527526 1.9547809 2.0392012 1.8560185 1.9137524 1.9360416 1.9360416 2.2752017 2.0056475 2.9665387 1.2905501 1.6303452 1.7621235 1.5987639 1.7568052 1.7711418 2.0619984 2.1875774 2.8811022 1.6578617 2.4375615 3.3162770 3.3629061 
HoiH23_PlH23_010453-RA                                  1.6753305 1.6858402 1.8019193 1.2987044 2.9196263 1.5370641 0.9219350 0.8747406 1.4881238 1.4881238 0.0000000 0.0729082 0.1070996 0.3784840 0.1688135 1.9773011 2.2535277 1.2819177 1.7761386 1.5627743 1.4908243 1.6313381 1.5667631 1.5427753 1.6607002 1.0178465 1.5704969 1.5704969 1.5430846 1.4760706 1.3268859 1.7166927 1.6658226 1.6697512 1.8365994 1.6671146 1.5410752 1.6556049 1.5857274 1.5836576 1.5405702 1.6592000 1.6376283 1.8769708 1.7003980 2.0998886 1.6337265 2.4614455 2.1023478 1.5260288 2.0678139 1.8583918 1.8246127 2.0790620 2.0346054 2.0987302 2.3784914 2.1296677 2.1912522 1.5425634 2.2814321 2.4077818 2.2459326 2.0191125 1.6213472 2.0173191 1.7082270 1.4457994 1.8295356 1.9332057 2.0733345 1.5384467 1.5776468 1.4393064 1.6953275 2.0998855 1.9042189 1.7337746 1.9242665 2.1167872 2.0275201 2.0791828 3.0171874 2.0386943 1.9907630 1.7718516 2.1821600 2.1935005 2.1935005 2.6752683 2.2804172 3.2175024 1.2419385 1.7824987 1.6536734 1.6825005 1.9143924 1.9304292 2.2509857 2.4903067 3.0540898 1.8542345 2.6498897 3.6846154 3.9069568 
HoiH06_mRNA10147                                        1.2526253 1.2633741 1.8992379 1.3321566 3.0746382 1.1441279 0.9282607 0.8809960 1.2830416 1.2830416 0.0729082 0.0000000 0.1078348 0.2595987 0.1860053 1.6885181 2.4115480 1.3554689 1.4219436 1.1887718 1.1354747 1.2115555 1.1806684 1.1848121 1.2924067 0.8806723 1.2625758 1.2625758 1.2256401 1.2575483 1.2568321 1.3046604 1.2700241 1.2743452 1.3585784 1.3592671 1.3222196 1.4382673 1.3146067 1.2530100 1.2478431 1.3083671 1.6166761 1.4090926 1.3573050 1.7513618 1.2915755 1.8026006 1.6153435 1.3416395 1.8884613 1.8095729 1.7792788 2.0629369 1.8194197 1.8185146 1.9093975 1.9730291 1.8647863 1.5831857 2.0772236 1.9405595 2.0223750 1.6362620 1.6362620 1.7257504 1.8240183 1.5370927 1.9685818 2.0267694 1.4500094 1.5733016 1.5619341 1.4671543 1.7357652 2.1054493 1.9677653 1.7739348 1.9873095 2.1228010 2.1024951 1.8243779 3.0165045 1.8516285 1.5466568 1.7101987 1.7715684 1.7707277 1.7707277 2.1879898 1.8608882 2.7210447 1.2853869 1.4375636 1.3696573 1.5183613 1.5936399 1.5936399 1.8717705 1.9974484 3.4524987 1.6695580 2.0754323 2.8946504 3.4464978 
HoiH04_mRNA1135                                         0.6650815 0.6836061 0.1777869 0.7735867 0.0000010 0.7767039 1.0515047 0.9935294 1.1200726 1.1200726 0.1070996 0.1078348 0.0000000 0.2228492 0.2250169 1.5749657 0.0000010 1.2513485 1.1805655 0.8788362 0.8665353 0.8643677 0.8956696 0.9267064 0.9361173 1.3423090 0.9309294 0.9309294 1.0021463 1.1067926 1.0278876 0.9812062 1.0842590 1.0683590 1.1429936 0.9914320 1.1555925 0.9627879 1.0200689 1.0270656 1.0081659 0.9403850 1.2998415 1.1231033 1.1591651 1.5176113 1.1087021 1.5166998 1.2360093 1.2360093 2.1101339 1.7426158 1.9844668 1.8936397 1.7836341 1.6106616 1.9350734 1.8499478 1.7574223 1.7857195 2.1092819 1.9848312 2.3053686 1.7276160 1.7276160 1.6977462 1.6552550 1.6851029 1.5666869 1.5666869 1.6718062 1.6341060 1.6038196 1.6038196 1.6341060 1.6905243 1.6905243 1.6341060 1.5538557 1.5538557 1.5239408 1.7323894 2.1527309 1.7847378 1.5338022 1.5054970 1.7527454 1.8158326 1.8158326 1.5628696 1.8158326 1.7113626 1.7595493 1.1006103 1.1738031 1.2272626 1.2714426 1.2714426 1.5858270 1.8260127 3.1572668 0.9815867 1.7864277 1.2766702 5.5106448 
TrH2_TrispH2_011354-RA                                  1.7640505 1.7752824 2.0422703 1.3785375 3.4680516 1.6478214 0.9624981 0.9141025 1.6534467 1.6534467 0.3784840 0.2595987 0.2228492 0.0000000 0.0601134 2.0606126 2.5634653 1.3599879 1.9398040 1.6281726 1.5748641 1.6281654 1.5809067 1.6026288 1.7391030 1.1059600 1.6467658 1.6467658 1.6370208 1.5786869 1.4084638 1.7825200 1.6335701 1.6410101 1.7565937 1.7227291 1.6531616 1.6471982 1.6804609 1.6615397 1.6425387 1.7561722 1.7592786 1.9148592 1.8947480 2.0185434 1.5993308 2.3980218 2.1442245 1.4748420 2.2359054 1.9318676 1.8884154 2.3342808 2.3075691 2.1367694 2.4194445 2.1342982 2.1736473 1.6749741 2.3950849 2.4637382 2.4229426 2.0975925 1.6908597 2.1781443 1.9015729 1.4628384 2.0635803 2.1508133 2.3189716 1.7211924 1.7589576 1.6488556 1.8731839 2.2930676 2.1490440 1.8986689 2.1429146 2.2844782 2.2508388 2.3324256 3.6831478 2.1649033 2.2018855 1.9720977 2.2181525 2.1990320 2.1990320 2.6830516 2.2873074 3.2842514 1.2757777 1.9255328 1.8250500 1.6403198 1.8894844 1.9053861 2.3351184 2.5297539 3.3194524 2.0426170 2.7550407 4.0758279 4.2150471 
Tadh_TriadT5788                                         0.7978275 0.8117235 0.0817013 0.8176317 0.0000010 0.8213920 1.1396649 1.0849643 1.0343261 1.0343261 0.1688135 0.1860053 0.2250169 0.0601134 0.0000000 1.1661338 0.0000010 1.0029388 1.0153868 0.7829523 0.7948505 0.7593257 0.7906004 0.8658166 0.8857155 0.9212002 0.7914374 0.7914374 0.9099577 0.9023182 0.8775813 0.7876457 0.8570003 0.8531926 0.9398062 0.9406811 0.9081801 0.9696334 0.8665259 0.8221736 0.8854541 0.8557419 1.1216111 0.9608969 0.9212517 1.3445754 0.9426347 1.3318888 1.1489665 1.1489665 1.6507262 1.3364196 1.5623824 1.6095705 1.5126582 1.4265873 1.4918210 1.4867501 1.3911936 1.4518191 1.6718209 1.7232458 1.8393823 1.2999389 1.2999389 1.3288112 1.4408553 1.4656194 1.3300311 1.3300311 1.3001934 1.1893922 1.1753617 1.1753617 1.3896305 1.4662877 1.4662877 1.4496314 1.5123846 1.5123846 1.4836571 1.3260534 1.4527733 1.3658552 1.1343897 1.2363676 1.3316429 1.3305246 1.3305246 1.4551250 1.4430615 1.6719917 1.3044247 0.9910191 1.1240095 1.0746057 1.0752143 1.0752143 1.3801425 1.3163244 3.0127823 1.0622381 1.5894393 1.0186248 2.0486510 
Aque_Aqu2.1.41401_001                                   1.5335147 1.5430996 1.2085488 1.0699152 1.6112864 1.4081913 0.8652549 0.8489733 1.4781411 1.4781411 1.9773011 1.6885181 1.5749657 2.0606126 1.1661338 0.0000000 0.4769563 0.4274338 0.9492900 1.5549438 1.5405516 1.5689117 1.5910878 1.5125786 1.5374299 1.3326642 2.0806168 2.0806168 1.6723119 1.5921728 1.7888646 1.8354222 1.8500854 1.8944457 1.9504838 1.8297443 1.6889163 1.6592525 1.8078286 1.8023436 1.8866976 1.6599165 1.4099914 1.9235723 2.1533637 2.0046598 1.6207842 2.2325730 2.3553157 1.6661896 2.2660881 1.8113963 1.8632590 2.1419899 2.2341666 2.2316401 2.2712204 2.2801383 2.2069551 1.6536651 2.0334878 2.2206427 2.4879999 2.2382560 1.8295406 2.2456068 2.0343111 1.6711460 2.3176946 2.3720011 2.4078132 1.7051918 1.7606657 1.6478673 1.8006219 2.3369564 2.1707851 1.8924545 2.1860739 2.3489375 2.3916437 2.2440821 3.7686581 2.1260515 2.4743036 2.0261836 2.3572001 2.3475492 2.3475492 2.8479966 2.4258866 3.5631980 1.3892973 1.7332983 1.8282097 1.8030190 1.9566171 1.9559391 2.3481799 2.6422312 3.0134021 1.7736960 2.8000253 3.5285487 3.5563698 
Halamb_c50126_g3_i1mm.3374                              1.8954079 1.8954079 2.0502199 2.0502199 2.0502199 1.4385205 0.0000010 0.0000010 1.6044698 1.6044698 2.2535277 2.4115480 0.0000010 2.5634653 0.0000010 0.4769563 0.0000000 0.0000010 0.7941065 2.2351259 2.1881758 2.2649502 2.2584536 2.2008307 2.2540109 0.0000010 2.4544525 2.4544525 2.2089693 2.1253371 1.9617414 1.8200719 2.2614019 2.3488029 2.4885081 2.7455941 1.9082298 1.5401096 2.5188210 2.0980055 2.0951442 1.7313296 3.0133333 2.0738876 2.2463084 2.1324718 1.8520147 3.5840059 3.2725036 4.6932525 2.6967681 3.1157737 2.9142034 2.6731099 2.4538459 2.7793807 2.5412584 2.5264366 2.9658577 5.4007212 2.7208776 2.5155484 2.9104028 3.5366824 3.5366824 3.4964812 2.8130402 4.0881409 2.8130402 2.8130402 3.1905778 2.8845033 2.8845033 2.8845033 2.8845033 2.8845033 2.8845033 2.8845033 2.8845033 2.8845033 2.8845033 3.0447002 3.0447002 2.9714317 3.3653804 3.0074810 3.7375150 3.7650552 3.7650552 3.7650552 3.7650552 3.7650552 4.7123505 1.8531401 2.2301592 2.2420327 2.3820492 2.3820492 2.9006326 3.0701179 2.0832550 2.0832550 2.4701421 3.5784461 4.9361278 
Halamb_c54918_g1_i4mm.6242                              1.0076099 1.0167692 1.3668920 1.0767260 1.9325883 0.8288240 0.7732694 0.7283355 1.0286209 1.0286209 1.2819177 1.3554689 1.2513485 1.3599879 1.0029388 0.4274338 0.0000010 0.0000000 0.5756623 1.1870321 1.1595398 1.1849699 1.2026039 1.2380183 1.2604251 1.4536226 1.4476781 1.4476781 1.2390199 1.1792050 1.2102812 1.1885697 1.3780238 1.3950216 1.4097421 1.4184895 1.3124523 1.2177907 1.4719244 1.3721504 1.4466291 1.1662026 1.4550716 1.2875684 1.3890888 1.4134088 1.1939367 1.7506455 1.7915142 1.5088544 1.7414852 1.8673690 1.7356177 1.6956224 1.6935516 1.8215388 1.7043683 1.8557888 1.7800518 1.7166432 1.6784637 1.7226673 1.9096961 1.6749570 1.6749570 1.6607869 1.6655367 1.3913452 1.8224627 1.8224627 1.5302542 1.6523528 1.6847794 1.6847794 1.6912510 2.0327981 2.0327981 1.7759440 2.0063159 2.0063159 2.0270170 1.6366765 2.4178621 1.6161244 1.6430157 1.7568116 1.7668220 1.7868646 1.7868646 2.0001670 1.8391175 2.8601201 1.4209024 1.1826870 1.4682211 1.4995282 1.5278095 1.5278095 1.9825967 2.0039958 2.2265258 1.3530475 1.8571611 2.7094801 3.3340250 
Xestes_maker-XT_scaffold13006-snap-gene-0.12-mRNA-1     1.3041343 1.3123302 0.9564050 0.8667169 1.3318041 1.2217213 0.6996402 0.6834985 1.4438071 1.4438071 1.7761386 1.4219436 1.1805655 1.9398040 1.0153868 0.9492900 0.7941065 0.5756623 0.0000000 1.4566899 1.5016412 1.5227554 1.4917993 1.5367368 1.5871990 1.2733509 1.8758782 1.8758782 1.5968361 1.5678012 1.6312134 1.6848688 1.8178643 1.8434542 1.9738584 1.8587101 1.5808994 1.6640895 1.6477050 1.6834767 1.6557231 1.5328776 1.4552836 1.9176008 1.9061876 1.9925533 1.7238986 2.3178824 2.5295175 1.6591415 2.5191258 1.8253498 2.0076867 2.2169990 2.0954640 2.0369336 2.4012188 2.2477926 2.3079692 1.7149621 2.3475899 2.3791007 2.6941293 2.1962833 1.8123439 2.1143148 2.0499913 1.5960854 2.3971880 2.4308947 2.3541844 1.8338699 1.8828296 1.7964038 1.9111182 2.4539690 2.3369350 2.0529493 2.3439569 2.4584021 2.5031507 2.4115560 4.1583656 2.0363464 2.2457962 1.9295444 2.3759725 2.3262562 2.3262562 2.8970307 2.3958265 3.5670834 1.4074051 1.8328757 1.7928562 1.6774334 1.9146264 1.9305196 2.3060228 2.6663508 3.2961568 1.9243543 2.6010040 4.2688298 4.2936314 
Gasp_gasp1.m3.31208.m1                                  1.4489408 1.4576907 1.2190317 1.0196208 1.7220292 1.4518044 0.8344287 0.7709845 1.6111168 1.6111168 1.5627743 1.1887718 0.8788362 1.6281726 0.7829523 1.5549438 2.2351259 1.1870321 1.4566899 0.0000000 0.2093030 0.2895055 0.3005647 0.3915202 0.4884108 0.9382754 1.5210823 1.5210823 0.7902845 0.9237414 1.4861323 1.5025931 1.3359817 1.3550099 1.4607049 1.4496123 1.2712999 1.5458652 1.5505837 1.4622246 1.6339714 1.5350100 1.1343373 1.5075560 1.7771517 1.6817589 1.6243436 2.4473340 2.1434036 1.4879086 2.3578965 1.7962570 1.9379244 2.3517473 1.9524886 2.1397427 2.1370194 1.9949286 2.0441800 1.3866353 2.1842849 2.3226335 2.3802721 2.1960760 1.7385991 2.0586521 1.8390006 1.5124096 2.0894772 2.2112090 2.1253127 1.5799372 1.5999909 1.4830712 1.6379633 2.1179042 1.9689386 1.7492292 2.0045981 2.1501795 2.1031182 2.2217413 3.6217430 1.9752728 2.1025692 2.0019579 2.0674036 2.1354901 2.1354901 2.6498317 2.1864415 3.5662543 1.2605236 1.8981732 1.5300342 1.5512258 1.6606428 1.6606091 2.3124312 2.5824166 2.7556114 1.5805652 2.6642325 4.0799581 3.8580777 
Fspp_ffun1.m4.1601.m1                                   1.3478362 1.3561244 1.2721266 1.0147444 1.8127561 1.3324714 0.8590539 0.7941603 1.5043708 1.5043708 1.4908243 1.1354747 0.8665353 1.5748641 0.7948505 1.5405516 2.1881758 1.1595398 1.5016412 0.2093030 0.0000000 0.2798301 0.2680666 0.3236208 0.4684472 0.8778619 1.4059919 1.4059919 0.7972532 0.9168616 1.4101361 1.5489134 1.3731862 1.3926537 1.3918138 1.3865254 1.1533989 1.4356607 1.4747717 1.4703134 1.6296262 1.6365636 1.1637604 1.5302510 1.7567436 1.6418173 1.5914731 2.5178091 2.1558649 1.5137695 2.2367870 1.7932315 1.9246444 2.3139150 1.8040210 2.2208762 2.0665745 1.9971028 2.0857230 1.4446210 2.0740576 2.2886453 2.3875332 2.1159107 1.7573287 2.1479265 1.8960232 1.5036759 2.1743088 2.4156887 2.1682355 1.6104119 1.6366518 1.5114207 1.6819134 2.2274070 2.0618383 1.7842849 2.1052425 2.2674254 2.2297329 2.2819694 3.7564438 1.9423409 2.0186907 1.9828389 2.0961744 2.1303647 2.1303647 2.6237243 2.1812272 3.5619697 1.2692258 1.8423304 1.5235212 1.4934010 1.6312709 1.6312275 2.3570043 2.6428529 2.7887444 1.5598848 2.6000154 3.9322309 3.9070924 
Spis_XP_022791039_1                                     1.4970035 1.5059224 1.3363006 1.0543559 1.8935212 1.5496104 0.8472429 0.7839012 1.5227604 1.5227604 1.6313381 1.2115555 0.8643677 1.6281654 0.7593257 1.5689117 2.2649502 1.1849699 1.5227554 0.2895055 0.2798301 0.0000000 0.0985405 0.3183109 0.4982164 0.9426306 1.4536119 1.4536119 0.8287517 0.9934103 1.5207296 1.5924251 1.4399939 1.4640559 1.5059658 1.5105203 1.3253983 1.6327601 1.5455428 1.4701322 1.6259750 1.6379696 1.2780493 1.5762962 1.7589997 1.7612123 1.7180657 2.5772172 2.2586772 1.4820024 2.4151648 1.8331868 1.9228114 2.4783045 2.1902819 2.1532461 2.0823174 2.0489992 2.2370388 1.4470880 2.3477015 2.3676054 2.5367051 2.1727971 1.7387792 2.2327765 1.8122338 1.3994844 2.0836777 2.2768226 2.2218689 1.5947656 1.6211432 1.4617280 1.6651778 2.1682807 1.9481070 1.7672209 1.9915351 2.2082068 2.1702180 2.4432202 4.2781783 2.0629666 2.1097591 2.0845626 2.1221824 2.1269809 2.1269809 2.5820486 2.1776422 3.5759034 1.2447226 1.9667711 1.6279373 1.6202346 1.7047361 1.7047172 2.3880305 2.6314751 2.8167152 1.6175164 2.7980457 4.4625202 4.1829330 
Pocdam_XM_027192813.1                                   1.4531776 1.4618677 1.3014145 1.0201254 1.8314392 1.4937587 0.8089531 0.7472874 1.4995077 1.4995077 1.5667631 1.1806684 0.8956696 1.5809067 0.7906004 1.5910878 2.2584536 1.2026039 1.4917993 0.3005647 0.2680666 0.0985405 0.0000000 0.3336819 0.5219637 0.9493271 1.4729881 1.4729881 0.8502470 0.9816151 1.5042033 1.6007498 1.4642316 1.4886436 1.5238706 1.5000003 1.2981799 1.5988306 1.4597394 1.4835181 1.5920459 1.6254375 1.2477556 1.5649120 1.7473457 1.7632036 1.7411014 2.6947233 2.2920835 1.5192424 2.3875835 1.8075264 1.8917812 2.3763267 2.1059261 2.1230030 2.1383631 2.1005023 2.1452351 1.4393906 2.1755876 2.2830989 2.4032171 2.1391436 1.7335612 2.1615398 1.8185281 1.4286557 2.0922579 2.3020114 2.2466410 1.5430162 1.5777252 1.4363374 1.6004070 2.0579363 1.8663513 1.7081981 1.9050580 2.0933838 2.0633435 2.3423897 3.9085839 1.9880581 2.0660612 2.0329251 2.1360737 2.1531746 2.1531746 2.6093001 2.1957517 3.5340885 1.2823532 2.0542427 1.6567762 1.6058304 1.6618961 1.6618633 2.3583515 2.5762614 2.8340435 1.6342302 2.6620547 4.6064965 4.0988063 
Gfas_gfas1.m1.705.m1                                    1.4653873 1.4745128 1.3597168 1.0688105 1.8910438 1.4085405 0.8503661 0.7857397 1.4472570 1.4472570 1.5427753 1.1848121 0.9267064 1.6026288 0.8658166 1.5125786 2.2008307 1.2380183 1.5367368 0.3915202 0.3236208 0.3183109 0.3336819 0.0000000 0.3451333 0.8894538 1.5802376 1.5802376 0.8010325 1.0032782 1.5051740 1.5704006 1.3779694 1.3871609 1.5028753 1.4641566 1.3394160 1.5213671 1.5045911 1.3932279 1.6033221 1.7382551 1.2597647 1.5713978 1.7261176 1.8132225 1.7517887 2.4197223 2.2543926 1.5099994 2.2393179 1.8015477 1.9957906 2.4012323 1.9487085 2.2203619 2.2337603 2.0063618 2.1912487 1.4558282 2.1427123 2.1939274 2.2381197 2.0841236 1.7172177 2.0568083 1.9681549 1.5869950 2.2168617 2.3824722 2.2499603 1.6110374 1.6374969 1.4484029 1.6778744 2.1465329 1.8764725 1.7774290 1.9150032 2.1820015 2.1435814 2.3050243 3.9640287 2.0610554 2.0306633 1.9906313 1.9559793 1.9573210 1.9573210 2.3753536 2.0320877 3.2270852 1.3004688 1.8065934 1.5652568 1.5702382 1.6723945 1.6723645 2.3509245 2.6585483 3.0267025 1.6881522 2.8395172 4.2497103 3.8302926 
Adig_XM_015901201.1                                     1.5290142 1.5383344 1.4741308 1.1371722 1.9878007 1.3910397 0.9264606 0.8590598 1.6268411 1.6268411 1.6607002 1.2924067 0.9361173 1.7391030 0.8857155 1.5374299 2.2540109 1.2604251 1.5871990 0.4884108 0.4684472 0.4982164 0.5219637 0.3451333 0.0000000 0.9662589 1.6109876 1.6109876 0.8960883 1.0488517 1.5282063 1.6559700 1.2896075 1.3087264 1.5399384 1.4993725 1.3639434 1.4769771 1.5387041 1.4214676 1.6535156 1.7484489 1.3489080 1.6113903 1.6945845 1.7926870 1.7464131 2.5014068 2.3163220 1.6416271 2.3756006 1.7734557 1.8357021 2.3000572 1.8637698 2.1149840 2.2233180 2.0366802 2.1182748 1.5391791 2.2846947 2.3036363 2.3426351 2.0640923 1.7634728 2.1313072 1.8490451 1.5331225 2.0817268 2.2680265 2.3866198 1.5336521 1.5702647 1.4386749 1.5556597 2.0560554 1.8807434 1.6757386 1.9246925 2.0970068 2.0420791 2.3732463 3.9341319 1.9982480 2.0490647 2.0260309 2.0443200 2.0478748 2.0478748 2.4964846 2.1249490 3.2649612 1.3380451 1.8175001 1.5713037 1.6065699 1.7126326 1.7132561 2.3191002 2.5960131 2.9663828 1.6254330 2.6922093 3.9739986 4.0042047 
Opea_EP00118_Oscarella_pearsei_P014798                  1.0704849 1.0704849 2.5780391 1.0979373 0.0000010 0.9808708 0.9240886 0.8286339 1.1731623 1.1731623 1.0178465 0.8806723 1.3423090 1.1059600 0.9212002 1.3326642 0.0000010 1.4536226 1.2733509 0.9382754 0.8778619 0.9426306 0.9493271 0.8894538 0.9662589 0.0000000 0.2126558 0.2126558 0.8074996 0.8662071 0.8407542 1.0325280 1.0277794 1.0636759 1.0513411 1.0905427 1.1188135 1.0482280 0.9284700 1.0395745 0.8661381 1.2432923 0.9423499 1.1036728 1.3219783 1.3954710 1.1059244 1.1324896 1.3685193 1.0623760 1.4098692 1.1568775 1.1756997 1.3679949 1.4416483 1.4259289 1.4764548 1.3598607 1.3658511 1.2663813 1.2896060 1.5012050 1.7745373 1.3506730 1.2201740 1.4453265 1.5959795 1.6313135 2.2173077 2.2173077 1.6273903 1.2219445 1.2046512 1.2046512 1.3282357 2.2828336 2.2828336 1.5107763 2.3294052 2.3294052 2.2628199 1.4376408 3.2826317 1.3900215 1.2490712 1.3598111 1.5279404 1.5724022 1.5724022 2.6980105 1.6852555 3.6147825 1.2504743 1.2003673 1.2418882 1.0187101 1.1880236 1.1880236 1.4771506 1.5818385 3.1824558 1.0553916 1.7132709 6.2888737 1.6278293 
Opea_EP00118_Oscarella_pearsei_P014803                  1.6075559 1.6177736 1.6728888 1.2656219 2.3102106 1.5528596 0.8704690 0.8259940 1.6966722 1.6966722 1.5704969 1.2625758 0.9309294 1.6467658 0.7914374 2.0806168 2.4544525 1.4476781 1.8758782 1.5210823 1.4059919 1.4536119 1.4729881 1.5802376 1.6109876 0.2126558 0.0000000 0.0000010 1.3186903 1.4081451 1.3213929 1.6831235 1.8237049 1.8686869 1.7921454 1.7310793 1.5810000 1.5208889 1.2067837 1.7694372 1.7744023 1.8045751 1.5304925 1.8005738 1.9877330 1.8213671 1.4995835 2.5838456 2.2268494 1.4220793 2.5711089 1.6344918 1.7595753 2.3813425 2.2536254 2.1964979 2.3168497 1.9857304 2.2550348 1.6003283 2.2320603 2.3112429 2.3615553 2.2560624 1.7892080 2.3716196 1.8844098 1.5382656 2.1231923 2.3703134 2.3686524 1.7718042 1.8319899 1.6487110 1.8609676 2.5000755 2.2429045 1.9551875 2.2593318 2.5117142 2.3853629 2.5319488 4.8951842 2.1262902 2.0801239 2.0326974 2.3286368 2.3090865 2.3090865 2.9040216 2.3799331 3.9136046 1.2599242 1.9589196 1.7614930 1.5819632 1.7933326 1.8081103 2.2217273 2.5930717 2.7786074 1.6673719 2.6966495 4.6446688 4.3890427 
Ocar_g5607                                              1.6075559 1.6177736 1.6728888 1.2656219 2.3102106 1.5528596 0.8704690 0.8259940 1.6966722 1.6966722 1.5704969 1.2625758 0.9309294 1.6467658 0.7914374 2.0806168 2.4544525 1.4476781 1.8758782 1.5210823 1.4059919 1.4536119 1.4729881 1.5802376 1.6109876 0.2126558 0.0000010 0.0000000 1.3186903 1.4081451 1.3213929 1.6831235 1.8237049 1.8686869 1.7921454 1.7310793 1.5810000 1.5208889 1.2067837 1.7694372 1.7744023 1.8045751 1.5304925 1.8005738 1.9877330 1.8213671 1.4995835 2.5838456 2.2268494 1.4220793 2.5711089 1.6344918 1.7595753 2.3813425 2.2536254 2.1964979 2.3168497 1.9857304 2.2550348 1.6003283 2.2320603 2.3112429 2.3615553 2.2560624 1.7892080 2.3716196 1.8844098 1.5382656 2.1231923 2.3703134 2.3686524 1.7718042 1.8319899 1.6487110 1.8609676 2.5000755 2.2429045 1.9551875 2.2593318 2.5117142 2.3853629 2.5319488 4.8951842 2.1262902 2.0801239 2.0326974 2.3286368 2.3090865 2.3090865 2.9040216 2.3799331 3.9136046 1.2599242 1.9589196 1.7614930 1.5819632 1.7933326 1.8081103 2.2217273 2.5930717 2.7786074 1.6673719 2.6966495 4.6446688 4.3890427 
Nvec_v1g201862                                          1.5346085 1.5440539 1.3269171 1.1279307 1.8170711 1.5678727 0.9599890 0.8717211 1.5257221 1.5257221 1.5430846 1.2256401 1.0021463 1.6370208 0.9099577 1.6723119 2.2089693 1.2390199 1.5968361 0.7902845 0.7972532 0.8287517 0.8502470 0.8010325 0.8960883 0.8074996 1.3186903 1.3186903 0.0000000 0.7613281 1.3961316 1.5569409 1.2694686 1.2876192 1.2766986 1.2203740 1.3022989 1.4370461 1.4481515 1.4288797 1.5360994 1.5881217 1.4857129 1.5229529 1.6544212 1.7329763 1.6754398 2.5386726 2.1806466 1.5257593 2.4237215 1.7004109 1.7093008 2.3956960 2.1434883 2.2678803 2.4721454 1.8200651 2.1734854 1.4346854 2.2126655 2.1573961 2.3290999 2.1535433 1.8117479 2.0130245 1.6869318 1.3363941 1.9404121 2.0782972 2.1782246 1.5734098 1.5672022 1.4432370 1.6435401 2.0756621 1.9214859 1.7456073 1.9643025 2.1147490 2.1325330 2.2092601 3.6721830 1.7665068 2.0134215 1.8551327 1.9582924 1.9352131 1.9352131 2.3317813 1.9944161 2.9180969 1.3022184 1.7045185 1.4609870 1.4669709 1.6131033 1.6136893 2.2986948 2.4913371 2.7464535 1.6271998 2.9129951 3.7069257 4.2939566 
Exapal_XM_021047955.2                                   1.6837673 1.6942270 1.7069112 1.3541231 2.4553013 1.5693597 0.8360571 0.7567078 1.6394610 1.6394610 1.4760706 1.2575483 1.1067926 1.5786869 0.9023182 1.5921728 2.1253371 1.1792050 1.5678012 0.9237414 0.9168616 0.9934103 0.9816151 1.0032782 1.0488517 0.8662071 1.4081451 1.4081451 0.7613281 0.0000000 1.3145292 1.5372305 1.3907845 1.4110723 1.4374361 1.4253811 1.3343364 1.5595310 1.5172325 1.4653707 1.5556186 1.5603630 1.6504120 1.5032337 1.8416509 1.7678763 1.8048039 2.6884791 2.1647230 1.5359372 2.5464960 1.8497818 1.8027460 2.2708667 2.2569887 2.1001224 2.3657510 1.9466330 2.1087617 1.4516249 2.3551793 2.1181651 2.3509262 1.9783729 1.6809475 1.9500315 1.4865363 1.1540611 1.6978450 1.7904190 2.0215542 1.4559519 1.4760579 1.3932080 1.5151139 1.9391558 1.8487146 1.5849400 1.8661060 1.9541737 1.9274574 2.2430951 3.9514415 1.8643322 2.0891446 1.8724707 2.0519975 2.0238982 2.0238982 2.5131645 2.0515658 3.2115538 1.2204047 1.8689655 1.7309100 1.6372269 1.8081732 1.8062032 2.4079761 2.5783722 3.0126670 1.6807981 2.6474677 4.2910663 4.2524777 
Bralan_BLAG05001161_1                                   1.5115160 1.5208607 1.6510110 1.1839912 2.4932620 1.3698853 0.9258996 0.8545289 1.5956585 1.5956585 1.3268859 1.2568321 1.0278876 1.4084638 0.8775813 1.7888646 1.9617414 1.2102812 1.6312134 1.4861323 1.4101361 1.5207296 1.5042033 1.5051740 1.5282063 0.8407542 1.3213929 1.3213929 1.3961316 1.3145292 0.0000000 1.6033828 1.5975145 1.6195597 1.4746477 1.4872815 1.2984370 1.0997231 1.3724540 1.6430969 1.3662088 1.4773014 1.3859125 1.5795569 1.8233590 1.6604537 1.2496749 2.2143504 1.8595911 1.3307826 1.7991255 1.5983581 1.5719629 1.9199390 1.8081310 1.8723292 2.1819562 1.8551412 1.9685160 1.3421694 1.9025259 2.2100962 2.4020324 1.8982545 1.5049542 2.1384335 1.6337638 1.2535598 1.8132945 1.9449349 2.1699911 1.5757565 1.6280025 1.5492498 1.6526041 2.0934187 2.0068372 1.7417380 1.9761992 2.0623083 2.0868676 2.0719651 3.6213755 1.8797258 2.0805523 1.8157527 2.1399011 2.1481585 2.1481585 2.6328789 2.2113954 3.6868006 1.1964969 1.4243437 1.4694201 1.4701231 1.6900129 1.7037049 2.0986161 2.4325696 2.2474835 1.3295271 2.5713209 3.6379209 3.7636377 
Morvir_scaffold237.g2.t1                                1.9636141 1.9757516 1.9565515 1.5507695 2.8107083 1.8258331 1.0428425 1.0300724 1.9137668 1.9137668 1.7166927 1.3046604 0.9812062 1.7825200 0.7876457 1.8354222 1.8200719 1.1885697 1.6848688 1.5025931 1.5489134 1.5924251 1.6007498 1.5704006 1.6559700 1.0325280 1.6831235 1.6831235 1.5569409 1.5372305 1.6033828 0.0000000 1.2377448 1.2615440 1.5298303 1.5078620 1.5456129 1.6484076 1.6401728 1.7843279 1.8320652 1.7614911 1.8916270 1.4538103 1.6024570 1.9497769 1.5624552 2.6858152 2.3237637 1.4533581 2.6837402 1.9186788 1.9921501 2.7775870 2.7512523 2.3815540 2.6270830 1.8985383 2.1951621 1.7666581 2.5264540 2.5871338 2.6771453 2.2838227 1.9832577 2.4595492 2.2662744 1.7940394 2.4722993 2.6219854 2.8305434 1.9970917 1.9757965 1.8601133 2.1315762 2.6232269 2.4859193 2.2069062 2.4990638 2.6331370 2.6405649 2.7716384 4.7669175 2.3461544 2.2901757 2.4695637 2.3326973 2.3090080 2.3090080 2.7416573 2.3782335 3.2422873 1.4619389 1.8559935 1.8117085 1.5713216 1.8154516 1.8154685 2.3706715 2.6324612 2.5742950 1.6572690 2.5264085 3.7804870 4.2670197 
Sanmal_Sma_024505-T1                                    1.9155506 1.9276710 1.7603905 1.4919667 2.4500142 1.5512328 1.1576797 1.0611862 1.7156733 1.7156733 1.6658226 1.2700241 1.0842590 1.6335701 0.8570003 1.8500854 2.2614019 1.3780238 1.8178643 1.3359817 1.3731862 1.4399939 1.4642316 1.3779694 1.2896075 1.0277794 1.8237049 1.8237049 1.2694686 1.3907845 1.5975145 1.2377448 0.0000000 0.0166325 0.8910044 0.9268143 1.4797867 1.5316963 1.5935630 1.5202402 1.5855415 1.5381486 1.6327393 1.5292771 1.5083024 2.0016345 1.7953820 2.5652983 2.0557843 1.4261588 2.3362313 1.7778349 1.7874279 2.6407995 2.2033088 2.2884111 2.4589236 1.9031107 2.2365231 1.6066578 2.1195692 2.2856077 2.3938368 2.1001081 1.7278276 2.2717680 1.8173620 1.5216765 2.0387091 2.2220962 2.5440199 1.6320613 1.6479345 1.5408176 1.7069306 2.1989557 2.0670726 1.7843014 2.0820613 2.2112301 2.1480134 2.6295748 4.3621335 2.3533947 2.2288066 2.2367930 2.2764407 2.2611713 2.2611713 2.8987070 2.3267723 3.4549407 1.3005366 1.7905686 1.7683210 1.5350062 1.6057736 1.6039105 2.1831792 2.4302803 2.7503421 1.6449928 2.4654902 3.7962427 4.0672263 
Sanmal_Sma_016068-T1                                    1.9636196 1.9761134 1.8185778 1.5089549 2.5556601 1.5906144 1.2039652 1.1041767 1.7444213 1.7444213 1.6697512 1.2743452 1.0683590 1.6410101 0.8531926 1.8944457 2.3488029 1.3950216 1.8434542 1.3550099 1.3926537 1.4640559 1.4886436 1.3871609 1.3087264 1.0636759 1.8686869 1.8686869 1.2876192 1.4110723 1.6195597 1.2615440 0.0166325 0.0000000 0.8972090 0.9164331 1.5153104 1.5418043 1.6291190 1.5482439 1.5972985 1.5586914 1.6566660 1.5438191 1.5187362 2.0207366 1.8100638 2.6151505 2.0787247 1.4265556 2.3622617 1.8020882 1.8066557 2.6866519 2.2193703 2.2969020 2.4509952 1.9411092 2.2708231 1.6187687 2.1216049 2.3062159 2.3993699 2.1396099 1.7752612 2.2937186 1.8146922 1.5077045 2.0350420 2.2108175 2.5652214 1.6478136 1.6634974 1.5504969 1.7239561 2.1951124 2.0537530 1.8016481 2.0688922 2.2074136 2.1443187 2.6363893 4.3932744 2.3845999 2.2654931 2.2462790 2.2906819 2.2753588 2.2753588 2.9023041 2.3414710 3.4638187 1.3453213 1.8236830 1.7870053 1.5728975 1.6463015 1.6444236 2.2207890 2.4589174 2.7713721 1.6695197 2.4866752 3.8444662 4.1993866 
Nemnom_g15811.t1                                        1.8016148 1.8127807 1.6920746 1.4121743 2.2679559 1.6645430 1.0298581 0.9726513 1.8437525 1.8437525 1.8365994 1.3585784 1.1429936 1.7565937 0.9398062 1.9504838 2.4885081 1.4097421 1.9738584 1.4607049 1.3918138 1.5059658 1.5238706 1.5028753 1.5399384 1.0513411 1.7921454 1.7921454 1.2766986 1.4374361 1.4746477 1.5298303 0.8910044 0.8972090 0.0000000 0.2879386 1.6364688 1.7684389 1.5793573 1.8286473 1.8553763 1.5939329 1.5242060 1.4045419 1.6816204 1.9829098 1.8398070 2.5886203 2.2737343 1.6392264 2.5330271 1.8512005 1.8704656 2.6614545 2.3404131 2.3169113 2.2867781 2.1189893 2.3766472 1.8112849 2.5183515 2.6171912 2.7068253 2.3083296 1.8114246 2.2917792 1.9336225 1.7329012 2.1245138 2.3914004 2.8524427 1.6515313 1.6736269 1.5475060 1.7385374 2.1903675 2.0288981 1.8122701 2.1031821 2.2610718 2.2317432 2.4017050 4.3184608 2.2368584 2.2915820 2.2411907 2.1639701 2.1610510 2.1610510 2.6461254 2.2124142 3.1823520 1.3804263 2.1141451 1.8758884 1.5653788 1.6921561 1.6902385 2.4938279 2.4968528 2.9238512 1.7209792 2.7275918 4.1447936 3.9637532 
Rhoesc_Res_007529-T1                                    1.7827687 1.7938780 1.9563244 1.4872282 2.6475142 1.6348468 0.9402868 0.8852980 1.7390288 1.7390288 1.6671146 1.3592671 0.9914320 1.7227291 0.9406811 1.8297443 2.7455941 1.4184895 1.8587101 1.4496123 1.3865254 1.5105203 1.5000003 1.4641566 1.4993725 1.0905427 1.7310793 1.7310793 1.2203740 1.4253811 1.4872815 1.5078620 0.9268143 0.9164331 0.2879386 0.0000000 1.5232303 1.6175353 1.6225284 1.8331915 1.7916459 1.5266141 1.4963795 1.4679500 1.6661083 1.9171524 1.7844925 2.7238276 2.3627697 1.7398627 2.4963571 1.9409589 1.9608967 2.5626971 2.3749002 2.3127223 2.3359094 2.1991730 2.4096069 1.8368915 2.4597941 2.3820270 2.6016306 2.3191181 1.8758047 2.3343990 1.8865089 1.6692158 2.1083508 2.3166407 2.8949091 1.6980598 1.7343296 1.5970979 1.7637377 2.2725950 2.0932062 1.8624550 2.1634560 2.3390114 2.2534127 2.4838844 4.5998262 2.2721080 2.2639681 2.2805464 2.3232856 2.3598785 2.3598785 2.9158208 2.4173770 3.5872782 1.4351787 2.0654529 1.8675664 1.5390829 1.7359804 1.7340372 2.4695300 2.6222415 2.7639225 1.6321729 2.6892340 4.2532021 4.1310669 
