67
Gasp_gasp1.m3.12841.m1                                  0.0000000 0.1400243 0.4770882 0.3825295 0.3944683 0.2332462 0.8573882 0.9663365 1.0007814 1.5685502 1.3176708 1.3774911 1.3330591 1.7563873 1.7097389 1.3685719 1.3235463 1.9636706 1.8545264 1.8568921 1.7518315 1.9214927 1.3598860 1.5008931 2.3665906 2.1158730 2.0871064 2.0871064 1.7655815 1.7492743 2.2624605 2.4240477 2.8805066 2.3126762 2.5831960 2.6345383 2.5765899 2.3546078 2.3231599 2.5873977 2.9141550 2.8808786 2.0674353 3.0364197 3.1781113 3.7511495 3.0141517 2.9636526 3.1445290 3.2130906 3.2518970 3.2518970 3.1879428 3.4983239 3.0574020 3.0574020 1.7036505 4.1310856 4.5031714 3.5896429 3.7242926 2.9496182 3.4701102 3.9672352 4.0054013 4.0829377 2.1964648 
Fspp_ffun1.m4.6327.m1                                   0.1400243 0.0000000 0.4266765 0.2573549 0.2722953 0.1550664 0.8086930 0.8407379 0.8235239 1.7287978 1.2129211 1.2102785 1.1351267 1.7781746 1.4309112 1.3622555 1.2987452 1.7860782 1.6403844 1.7263145 1.7702128 1.9733633 1.1881891 1.3075859 2.2238009 1.9384537 2.0377939 2.0377939 1.4487309 1.4487309 2.1509871 2.6411174 2.8609664 2.4674919 2.5560877 2.7362205 2.6822862 2.0716775 2.0297363 2.4109873 2.5311014 2.5533622 1.9056684 2.8515103 2.8515103 3.2426836 2.4496559 2.5571430 2.6472029 3.0397652 2.8272839 2.8272839 2.5534955 3.2425023 2.8027088 2.8027088 1.7876989 2.9891791 3.7636315 3.0062354 3.2122788 2.9982213 2.7067322 3.2963150 3.1310029 3.2225592 1.3330935 
Spis_XP_022809099_1                                     0.4770882 0.4266765 0.0000000 0.4782272 0.4856091 0.1988854 0.4344819 0.9416639 1.0695555 1.6640374 1.2660557 1.2364524 1.3366999 1.5257493 1.5920015 1.2519616 1.1018786 1.6101644 1.5963640 1.5693184 1.4343717 1.5902613 1.3261072 1.4381264 2.2056941 1.7317709 1.8064898 1.8064898 1.7466232 1.6913908 1.8049890 2.1850440 2.4672215 2.0073967 1.9735392 2.1220760 1.9379815 2.0099776 2.0129530 2.2383182 2.5306206 2.9030103 2.2639942 3.0843685 2.4846180 2.6457478 2.6902799 2.8219892 2.7967413 2.3884176 2.5228753 2.5228753 2.3409275 2.3676193 2.2989307 2.2989307 2.4709360 4.3955666 4.1001070 3.1336200 4.0057699 3.8501794 4.4529535 3.8227847 3.4198853 3.8281186 6.7884838 
Amil_Amillepora24762-RA                                 0.3825295 0.2573549 0.4782272 0.0000000 0.0083844 0.2564843 0.5146624 0.5999559 0.6952361 0.9706723 0.8974180 0.9069153 1.0465252 1.1912886 1.2509392 1.0085882 0.9624263 1.2540404 1.1653707 1.1275401 1.0436309 1.2197793 0.8877667 1.0310994 1.6131851 1.3239076 1.3403595 1.3403595 1.8672935 1.3606208 1.5270877 1.5740811 1.6516808 1.4181546 1.4359288 1.4904851 1.4912357 1.4228947 1.4228947 1.6300956 1.8480423 2.2352217 1.9662369 2.8124620 2.2093971 2.2527884 2.1375586 2.9860814 2.5791966 2.0507357 2.2661374 2.2661374 2.1209494 2.1433249 1.9887059 1.9887059 2.1371997 2.9624273 3.2258244 2.9476267 2.5757123 2.6336961 2.8461955 2.7369598 2.9045501 2.9050443 2.9597498 
Adig_XM_015898718.1                                     0.3944683 0.2722953 0.4856091 0.0083844 0.0000000 0.2653199 0.5196139 0.6710314 0.7237615 1.0683197 0.9835674 0.9823654 1.0979808 1.2467306 1.2951609 1.0544841 0.9592668 1.3368576 1.2477220 1.2082054 1.0986645 1.2931652 0.9394053 1.0742673 1.6104505 1.3098689 1.3391481 1.3391481 1.8641388 1.3620941 1.5155246 1.6794474 1.7921996 1.4731376 1.4907600 1.5463366 1.5275581 1.4760231 1.4629000 1.7220465 1.9766213 2.3359988 1.9313664 2.8208141 2.1975569 2.2404870 2.1380319 2.9786678 2.5745108 2.0448073 2.2598050 2.2598050 2.1011701 2.1308342 1.9798461 1.9798461 2.2151328 3.0707981 3.1550351 2.9700636 2.5701791 2.6871556 2.8906668 2.8024114 2.8909384 2.9843175 3.0651244 
Pocdam_XM_027184735.1                                   0.2332462 0.1550664 0.1988854 0.2564843 0.2653199 0.0000000 0.4643321 0.6639099 0.7303601 1.1022649 0.9710084 1.0301674 1.0839251 1.3256659 1.2335524 1.1567003 0.9905601 1.3647371 1.2749914 1.2365497 1.1924898 1.2990638 0.9714024 1.0597853 1.6860300 1.3767751 1.4145293 1.4145293 1.8727032 1.3290560 1.6034466 1.7227165 1.8333605 1.5778417 1.5762704 1.6923399 1.6064235 1.5923716 1.5944183 1.8416589 2.0330311 2.3837431 2.0961454 2.9909510 2.1507181 2.3670468 2.2271167 3.0831632 2.8223199 1.9950320 2.1000637 2.1000637 2.1296898 2.0869795 2.0477560 2.0477560 2.2587506 3.2702372 3.5627541 2.7456655 2.7048389 2.6715851 3.0061482 2.8115034 2.9397201 3.0538582 3.0419816 
Gfas_gfas1.m1.14461.m1                                  0.8573882 0.8086930 0.4344819 0.5146624 0.5196139 0.4643321 0.0000000 0.9212341 0.9608984 1.6586574 1.3997935 1.4152932 1.5531367 1.6999298 1.7752711 1.3986109 1.3359522 1.7777135 1.7688574 1.6737288 1.5069877 1.3590551 1.2758079 1.3787925 2.0797191 1.5862548 1.7591328 1.7591328 2.3346875 1.6563332 1.7787308 2.0019194 2.1325487 2.0601038 2.0567289 2.0348132 2.0439137 1.9609395 1.9431152 2.0146962 2.3088858 2.8427139 2.7252721 4.0132722 2.4300142 2.4584539 2.4575440 3.5083575 2.7868098 2.1271573 2.5191448 2.5191448 2.4388716 2.2383569 2.0843656 2.0843656 2.8671188 4.2931587 4.2853939 3.2576683 3.2794896 3.7464142 4.0151522 3.5584819 3.4729499 3.6484478 7.0092531 
Exapal_XM_021053175.1                                   0.9663365 0.8407379 0.9416639 0.5999559 0.6710314 0.6639099 0.9212341 0.0000000 0.4266452 0.9543218 0.8265867 0.8871078 1.0040435 1.2354036 1.2150439 1.1182255 0.9369402 1.2309392 1.2722708 1.1248056 1.0652763 1.1967341 1.0775603 1.2190852 1.3624587 1.3126835 1.3401457 1.3401457 1.8806719 1.4136743 1.5158874 1.8739756 2.0670972 1.5667478 1.6043666 1.6331119 1.5475802 1.5535321 1.5531592 1.6370182 1.7566024 2.0793830 2.0401460 3.5538014 2.4014342 2.4896367 2.1997151 3.0368598 2.8666131 2.2522791 2.4056064 2.4056064 2.4163426 2.4796242 2.2388150 2.2388150 1.9640668 2.6831843 3.0618285 2.4432165 2.4687190 2.5461242 2.4499276 2.7639773 3.2087987 2.9580850 3.6833627 
Nvec_v1g119986                                          1.0007814 0.8235239 1.0695555 0.6952361 0.7237615 0.7303601 0.9608984 0.4266452 0.0000000 0.9956581 0.9563446 0.9606225 1.0452855 1.2194336 1.3428823 1.1631318 1.0435605 1.1190230 1.2917029 1.1722541 1.2535620 1.2584885 1.0930498 1.2123375 1.2128535 1.3520072 1.3326021 1.3326021 1.8348531 1.3809591 1.7098366 1.8122138 1.9554319 1.4292456 1.5290357 1.5594580 1.5539516 1.4026191 1.4098880 1.6547903 1.7437373 1.9887960 2.1769487 3.2958374 2.3444738 2.5595440 2.3698381 3.2592615 3.4706962 2.4851367 2.4558920 2.4558920 2.6477948 2.7547567 2.3340489 2.3340489 2.2152088 2.7428937 3.1865080 2.8223905 2.4488145 2.4727138 2.7690310 3.0607969 3.0417081 3.1606701 3.8296182 
Morvir_scaffold69.g83.t1                                1.5685502 1.7287978 1.6640374 0.9706723 1.0683197 1.1022649 1.6586574 0.9543218 0.9956581 0.0000000 0.7400256 0.7838118 0.7992741 0.8459335 1.0747131 1.1058708 1.0842591 1.3046570 1.3580532 1.0502667 1.1190354 1.3162563 1.0951000 1.2075156 1.3352455 1.4337357 1.4951262 1.4951262 2.1369264 1.5606952 1.5117534 1.6455811 1.8309718 1.3906592 1.3957381 1.5109258 1.4965191 1.3996227 1.4138441 1.5960796 1.7824440 2.2778895 2.2367175 3.4084315 2.1365428 2.1850865 2.1237714 2.9369794 2.8018806 1.8411959 2.0440240 2.0440240 2.1605229 2.0434419 2.0386874 2.0386874 2.5166595 3.6260155 3.7927528 3.1540117 2.8407895 2.5954933 3.2858362 2.7223014 3.0834943 3.3929589 3.5427541 
Nemnom_g5819.t1                                         1.3176708 1.2129211 1.2660557 0.8974180 0.9835674 0.9710084 1.3997935 0.8265867 0.9563446 0.7400256 0.0000000 0.1956914 0.5238780 0.8576890 1.1716219 1.1027708 0.9546542 1.3023055 1.2635248 1.2439692 1.2168232 1.3247030 1.2391051 1.2987951 1.4253914 1.4877546 1.5169765 1.5169765 1.9701376 1.5107071 1.4410859 1.6299032 1.7646938 1.7120299 1.6822451 1.9033492 1.8682196 1.7373834 1.7332648 1.4913259 1.5840499 2.2048280 1.7710789 3.5664190 2.3896312 2.3960789 2.1809336 3.0306326 2.7495906 2.1301101 2.3963665 2.3963665 2.3945563 2.1560040 2.3041437 2.3041437 2.1589197 3.3829366 3.5010560 3.1401103 2.7708910 2.3406968 3.0584222 3.0019063 2.7215942 3.4131300 3.5864724 
Rhoesc_Res_007627-T1                                    1.3774911 1.2102785 1.2364524 0.9069153 0.9823654 1.0301674 1.4152932 0.8871078 0.9606225 0.7838118 0.1956914 0.0000000 0.5278808 0.8833608 1.1472979 1.2218871 1.0356723 1.3351375 1.3182072 1.2343108 1.1052590 1.3259564 1.2519956 1.2773750 1.4384174 1.5220446 1.5177837 1.5177837 2.0139917 1.5137584 1.4358460 1.6645285 1.8135957 1.7955661 1.7816921 1.9349804 1.8622614 1.8000529 1.7897734 1.5876061 1.6383012 2.1910584 1.8167960 3.1758428 2.2585039 2.4612769 2.1495020 2.8700087 2.6548686 2.1898980 2.3154595 2.3154595 2.3445472 2.3609023 2.2134161 2.2134161 2.1336635 3.3687384 3.5434919 2.9152194 2.7639103 2.3547469 3.0477726 3.0217393 2.6413860 3.2699983 3.9030578 
Sanmal_Sma_015151-T1                                    1.3330591 1.1351267 1.3366999 1.0465252 1.0979808 1.0839251 1.5531367 1.0040435 1.0452855 0.7992741 0.5238780 0.5278808 0.0000000 0.8332640 0.9985536 1.1811297 0.9913104 1.2026712 1.3332606 1.2949994 1.2115019 1.3347163 1.1655117 1.2612051 1.5272248 1.4535328 1.4588160 1.4588160 2.1068196 1.5836248 1.5194669 1.6764947 1.8677805 1.8418842 1.8816555 1.8125765 1.8357550 1.5994424 1.5857127 1.7709128 1.6924847 2.3139735 1.8090504 3.2151233 2.1562025 2.2209512 2.1275837 2.8894983 2.7365757 2.1513058 2.2444126 2.2444126 2.2596867 2.3918574 2.1490130 2.1490130 2.4141625 3.5238109 3.6261468 3.1518288 2.9089478 2.7205519 2.9238963 2.8625082 2.8383372 3.5654169 4.1243118 
Hvul_g19287_1                                           1.7563873 1.7781746 1.5257493 1.1912886 1.2467306 1.3256659 1.6999298 1.2354036 1.2194336 0.8459335 0.8576890 0.8833608 0.8332640 0.0000000 0.8888104 1.3831509 1.2777224 1.4610189 1.5955193 1.3668124 1.5265269 1.3218393 1.3301658 1.4604345 1.6500876 1.6294845 1.8018870 1.8018870 2.3129782 1.7693116 2.0586990 2.1596104 2.4779392 1.9756741 2.0605742 1.8927326 1.9040166 1.8892439 1.8848914 1.8633182 1.9952958 2.4522617 2.4909725 3.3954970 2.3269110 2.4894172 2.5003720 3.3499313 2.6294986 2.1588225 2.6024300 2.6024300 2.5419739 2.3600138 2.4640715 2.4640715 2.3207763 3.7749080 3.5989125 3.3349016 3.3461971 3.0696722 3.5524276 3.3569496 3.0916021 4.0656546 4.6226895 
Chem_TCONS_00050113                                     1.7097389 1.4309112 1.5920015 1.2509392 1.2951609 1.2335524 1.7752711 1.2150439 1.3428823 1.0747131 1.1716219 1.1472979 0.9985536 0.8888104 0.0000000 1.4055049 1.3159072 1.5442799 1.5894348 1.3475654 1.5176256 1.4219314 1.4147410 1.5537791 1.6515982 1.5798159 1.5341474 1.5341474 1.9413735 1.4595375 1.6727687 2.0776806 2.3259002 1.9745904 2.0670218 2.1748955 1.8584574 1.7685752 1.7846838 1.9036795 2.0327463 2.1438661 2.1021554 3.3120183 2.2088454 2.5903236 2.0769984 2.8924037 2.4425542 2.0682452 2.1263774 2.1263774 2.2114128 2.2478740 1.9868614 1.9868614 2.4171423 3.4077929 3.5172267 3.1632517 2.5501006 2.8778854 3.0359749 2.7996288 3.0566938 3.3596877 3.4861842 
Bralan_BLAG14000842_1                                   1.3685719 1.3622555 1.2519616 1.0085882 1.0544841 1.1567003 1.3986109 1.1182255 1.1631318 1.1058708 1.1027708 1.2218871 1.1811297 1.3831509 1.4055049 0.0000000 0.8470608 0.9850336 1.2337681 1.2659042 1.2867872 1.0462239 1.2298700 1.2954386 1.4386642 1.3620242 1.4697368 1.4697368 1.9365332 1.4415458 1.5683789 1.8644428 1.9929840 1.6698905 1.6994737 1.8721901 1.7080566 1.6051236 1.5912035 1.8143237 1.9375434 2.1006196 2.1685137 2.6833609 2.0321847 2.1842433 1.9747231 2.6595047 2.6052409 2.0073345 2.0131974 2.0131974 1.9306649 2.0948981 1.8646161 1.8646161 2.0449330 3.6895668 3.5170860 3.0064488 2.6203930 2.5152645 2.5017261 2.5310833 3.1598445 3.4343929 4.5490801 
Hsap_ENST00000340473                                    1.3235463 1.2987452 1.1018786 0.9624263 0.9592668 0.9905601 1.3359522 0.9369402 1.0435605 1.0842591 0.9546542 1.0356723 0.9913104 1.2777224 1.3159072 0.8470608 0.0000000 0.9090690 1.0505442 1.0222505 1.0521220 0.9503687 1.2008230 1.3681922 1.2253261 1.3481330 1.3066740 1.3066740 1.6219127 1.2257634 1.3486497 1.5153415 1.6015420 1.6451571 1.7253306 1.6820545 1.5827988 1.5467682 1.5327124 1.7835783 1.7658662 1.9348604 1.6808983 3.3973232 2.3293718 2.4059787 2.0984853 2.7838882 2.5090832 2.0425144 2.1580636 2.1580636 2.1948769 2.0673981 2.1614867 2.1614867 1.8274833 3.0778010 3.2156709 2.9125024 3.1191180 2.7701967 2.6918179 2.9142222 3.6675397 3.1280325 4.6615895 
Acagra_model.g17464.t1                                  1.9636706 1.7860782 1.6101644 1.2540404 1.3368576 1.3647371 1.7777135 1.2309392 1.1190230 1.3046570 1.3023055 1.3351375 1.2026712 1.4610189 1.5442799 0.9850336 0.9090690 0.0000000 1.0364757 1.1419674 1.0446997 0.9779588 1.3860252 1.4183982 1.4027151 1.4585961 1.3876734 1.3876734 1.9400017 1.3617716 1.4843415 1.8147778 1.9235852 1.8281688 1.8609834 1.9290829 1.7198478 1.6849370 1.6961672 1.7923586 1.9657295 2.2626656 1.9899481 2.9733126 2.2221085 2.3606347 2.0781250 2.8179115 3.0876096 2.2181152 2.0349840 2.0349840 2.0157409 2.0537791 2.2288937 2.2288937 2.0018188 3.6196701 3.6577126 3.3306369 2.5576539 2.4308929 2.6094120 2.5608816 3.1024384 3.2595194 4.7087002 
Cgig_XM_011435377.3                                     1.8545264 1.6403844 1.5963640 1.1653707 1.2477220 1.2749914 1.7688574 1.2722708 1.2917029 1.3580532 1.2635248 1.3182072 1.3332606 1.5955193 1.5894348 1.2337681 1.0505442 1.0364757 0.0000000 1.2331078 1.0869155 1.1233497 1.5697888 1.6059157 1.3501384 1.2535745 1.3497331 1.3497331 1.6983029 1.2451319 1.5151024 1.6158950 1.7435120 1.9093347 1.9828463 2.0301700 1.9553804 1.8294667 1.8250528 1.7355484 1.7039695 2.1170147 1.8710380 2.8664546 2.0210995 2.3131784 1.8966507 2.6175286 2.4739893 1.7058199 1.9556536 1.9556536 1.9520539 1.7504274 1.9355353 1.9355353 2.4373014 3.4124090 3.4199057 3.2894927 2.8527188 2.6468884 2.8173039 2.6095865 3.1731486 3.6221064 4.4503364 
Tcas_TC013555_001                                       1.8568921 1.7263145 1.5693184 1.1275401 1.2082054 1.2365497 1.6737288 1.1248056 1.1722541 1.0502667 1.2439692 1.2343108 1.2949994 1.3668124 1.3475654 1.2659042 1.0222505 1.1419674 1.2331078 0.0000000 0.6269375 1.3159066 1.3759777 1.3726137 1.4509149 1.5096036 1.4564657 1.4564657 2.1558773 1.5020893 1.3627162 1.6452938 1.6678307 1.9194976 1.9989700 1.8986346 1.8284329 1.7921080 1.7915411 1.9394870 1.8943638 2.0203685 2.0191766 3.5930810 2.5696147 2.6509312 2.2759983 3.1053897 2.8921835 2.2314807 2.4880667 2.4880667 2.4765246 2.3349465 2.5380128 2.5380128 1.7542899 3.8643123 4.0637198 3.1238360 2.9288677 2.6481953 3.3427787 2.8577226 3.3730062 3.2552256 4.6455170 
Dpul_mRNA22247                                          1.7518315 1.7702128 1.4343717 1.0436309 1.0986645 1.1924898 1.5069877 1.0652763 1.2535620 1.1190354 1.2168232 1.1052590 1.2115019 1.5265269 1.5176256 1.2867872 1.0521220 1.0446997 1.0869155 0.6269375 0.0000000 1.2307570 1.2820608 1.3475118 1.3746087 1.5293558 1.5272766 1.5272766 2.1341110 1.5456560 1.5536610 1.6498584 1.7198665 1.9096171 1.9340258 2.0020594 1.8564845 1.8695646 1.8689205 1.8315368 1.9633022 1.9926099 2.2762227 3.8365872 2.5274871 2.6427444 2.3393033 3.0909508 2.9792341 2.0951499 2.4049083 2.4049083 2.4895954 2.3210192 2.3948161 2.3948161 1.8478100 3.4727663 3.7315910 3.2425311 3.0001981 2.6321510 3.2528212 3.0120746 3.6962221 3.4130578 4.5370348 
Ctel_gnl_WGS_AMQN_CAPTEDRAFT_mRNA544                    1.9214927 1.9733633 1.5902613 1.2197793 1.2931652 1.2990638 1.3590551 1.1967341 1.2584885 1.3162563 1.3247030 1.3259564 1.3347163 1.3218393 1.4219314 1.0462239 0.9503687 0.9779588 1.1233497 1.3159066 1.2307570 0.0000000 1.5507168 1.7363536 1.4244536 1.4444866 1.5221551 1.5221551 2.0164913 1.4010159 1.5906483 1.7643052 1.9190313 1.8056035 1.7752875 1.8359293 1.6905281 1.7462508 1.7277586 1.6515546 1.7536131 2.3378658 2.1964689 2.7344710 1.8806685 2.0806909 2.0131768 2.7774045 2.4550275 1.9000982 1.9596893 1.9596893 1.8968158 1.9120843 1.9201336 1.9201336 2.3012461 3.8710131 4.0004579 3.1106975 2.7623483 2.8898765 3.6756984 2.7078981 3.1690204 3.4442697 6.8437194 
Dgig_XM_028547195.1                                     1.3598860 1.1881891 1.3261072 0.8877667 0.9394053 0.9714024 1.2758079 1.0775603 1.0930498 1.0951000 1.2391051 1.2519956 1.1655117 1.3301658 1.4147410 1.2298700 1.2008230 1.3860252 1.5697888 1.3759777 1.2820608 1.5507168 0.0000000 0.3854004 1.6269526 1.4641539 1.3877436 1.3877436 2.1220327 1.5115917 1.5133749 1.6422725 1.6882011 1.7772450 1.8024854 1.8145484 1.8756835 1.6385008 1.6467961 1.7907409 1.8272390 2.1911629 2.4098195 2.8490189 2.0081561 1.9948933 2.0134966 2.7683333 2.7423613 1.9919645 2.0002675 2.0002675 2.1851597 1.9620978 1.9338581 1.9338581 2.4364811 3.4786562 3.6283970 3.6848547 2.5271687 2.7737178 3.2892267 2.9144987 3.3995338 3.2206085 3.8930773 
Xesp_014354-T1                                          1.5008931 1.3075859 1.4381264 1.0310994 1.0742673 1.0597853 1.3787925 1.2190852 1.2123375 1.2075156 1.2987951 1.2773750 1.2612051 1.4604345 1.5537791 1.2954386 1.3681922 1.4183982 1.6059157 1.3726137 1.3475118 1.7363536 0.3854004 0.0000000 1.6538269 1.4892592 1.3886342 1.3886342 1.9817020 1.5066927 1.5793934 1.7669993 1.7383022 1.7274264 1.7624157 1.7322203 1.7761329 1.5991214 1.5987177 1.7326780 1.8620574 2.2565995 2.3324069 3.1356763 2.0934770 2.2373840 2.0830913 2.9392975 3.0472607 2.1155023 2.1853118 2.1853118 2.3306744 2.2116260 2.1222995 2.1222995 2.5462719 3.6129194 3.8018635 3.6109285 2.6704291 3.0040323 3.2897363 2.9530942 3.3072533 3.0588899 3.8554009 
Spur_XM_030981690.1                                     2.3665906 2.2238009 2.2056941 1.6131851 1.6104505 1.6860300 2.0797191 1.3624587 1.2128535 1.3352455 1.4253914 1.4384174 1.5272248 1.6500876 1.6515982 1.4386642 1.2253261 1.4027151 1.3501384 1.4509149 1.3746087 1.4244536 1.6269526 1.6538269 0.0000000 1.5207553 1.5491133 1.5491133 2.0920520 1.5682729 1.6820972 1.7196798 1.9066778 1.7364028 1.7430751 1.8047191 1.7763633 1.7737247 1.7898454 1.8191729 1.9644512 2.2312275 2.0708774 3.6749467 2.6698225 2.7769700 2.6574559 3.5592910 3.6616738 2.4020106 2.4765276 2.4765276 2.4863451 2.4797746 2.5267623 2.5267623 2.4764209 3.3766384 3.5384370 3.6397603 2.9470677 2.7640874 3.0446940 2.8269329 4.3826430 3.7651948 4.6112204 
Emue_Em0021g884a.t1                                     2.1158730 1.9384537 1.7317709 1.3239076 1.3098689 1.3767751 1.5862548 1.3126835 1.3520072 1.4337357 1.4877546 1.5220446 1.4535328 1.6294845 1.5798159 1.3620242 1.3481330 1.4585961 1.2535745 1.5096036 1.5293558 1.4444866 1.4641539 1.4892592 1.5207553 0.0000000 0.1470483 0.1470483 1.1586296 0.7737524 0.9348427 1.5073330 1.5375132 1.8456595 1.8707498 1.8051838 1.8582976 1.8333054 1.8154712 1.8582502 1.9070027 2.1429884 1.1920171 3.3057012 2.3667813 2.3481992 2.1902660 3.1289158 2.9714435 2.3452598 2.2491674 2.2491674 2.4635019 2.4058415 2.3601025 2.3601025 2.9870002 3.2553865 3.1320206 3.2065902 2.5583623 2.2546335 2.7941826 2.6715552 3.3459303 3.1128293 5.9222651 
Spolac_c103912_g2_i2_m.36969c103912-g2                  2.0871064 2.0377939 1.8064898 1.3403595 1.3391481 1.4145293 1.7591328 1.3401457 1.3326021 1.4951262 1.5169765 1.5177837 1.4588160 1.8018870 1.5341474 1.4697368 1.3066740 1.3876734 1.3497331 1.4564657 1.5272766 1.5221551 1.3877436 1.3886342 1.5491133 0.1470483 0.0000000 0.0000010 1.0607420 0.7580142 0.9724792 1.6422187 1.6959026 1.8582627 1.8636751 1.9377807 1.8678401 1.8436233 1.8608251 1.8306386 1.9499227 1.9472087 1.1653577 3.6992847 2.5521712 2.7078073 2.3951635 3.2885577 3.1904922 2.3476823 2.3615079 2.3615079 2.5788686 2.4141408 2.5015656 2.5015656 2.7536868 3.3295308 3.2438712 3.2362693 2.6151290 2.3306991 2.7842879 3.0176020 3.0451187 2.8605487 5.3254148 
Spolac_c103912_g2_i4_m.36972c103912-g2                  2.0871064 2.0377939 1.8064898 1.3403595 1.3391481 1.4145293 1.7591328 1.3401457 1.3326021 1.4951262 1.5169765 1.5177837 1.4588160 1.8018870 1.5341474 1.4697368 1.3066740 1.3876734 1.3497331 1.4564657 1.5272766 1.5221551 1.3877436 1.3886342 1.5491133 0.1470483 0.0000010 0.0000000 1.0607420 0.7580142 0.9724792 1.6422187 1.6959026 1.8582627 1.8636751 1.9377807 1.8678401 1.8436233 1.8608251 1.8306386 1.9499227 1.9472087 1.1653577 3.6992847 2.5521712 2.7078073 2.3951635 3.2885577 3.1904922 2.3476823 2.3615079 2.3615079 2.5788686 2.4141408 2.5015656 2.5015656 2.7536868 3.3295308 3.2438712 3.2362693 2.6151290 2.3306991 2.7842879 3.0176020 3.0451187 2.8605487 5.3254148 
Tetwil_g11780.t1                                        1.7655815 1.4487309 1.7466232 1.8672935 1.8641388 1.8727032 2.3346875 1.8806719 1.8348531 2.1369264 1.9701376 2.0139917 2.1068196 2.3129782 1.9413735 1.9365332 1.6219127 1.9400017 1.6983029 2.1558773 2.1341110 2.0164913 2.1220327 1.9817020 2.0920520 1.1586296 1.0607420 1.0607420 0.0000000 0.1587598 1.5391350 2.2395736 2.3369710 3.0790805 3.1093569 3.2912005 2.8970525 2.9687184 3.0003133 2.1746374 2.1764224 2.3314497 1.2621428 3.3450202 3.3289741 3.6672122 3.4258630 3.6526256 3.0204140 2.9657008 3.1129939 3.1129939 2.9530050 3.2087432 3.0801184 3.0801184 2.4977908 3.8909088 3.7884031 4.2203936 3.6780482 2.9153864 3.5956931 4.0663507 4.0792680 3.5115040 4.1964413 
Tetwil_g11781.t1                                        1.7492743 1.4487309 1.6913908 1.3606208 1.3620941 1.3290560 1.6563332 1.4136743 1.3809591 1.5606952 1.5107071 1.5137584 1.5836248 1.7693116 1.4595375 1.4415458 1.2257634 1.3617716 1.2451319 1.5020893 1.5456560 1.4010159 1.5115917 1.5066927 1.5682729 0.7737524 0.7580142 0.7580142 0.1587598 0.0000000 1.1561739 1.6350553 1.6346207 2.2734095 2.3031610 2.4095293 2.0951948 2.1922902 2.2137540 1.6721726 1.7223523 1.6901158 1.2782022 3.3450202 2.4409562 2.5629775 2.4565773 3.0886545 3.0264325 2.0274816 2.1738035 2.1738035 2.2804781 2.2142490 2.2698954 2.2698954 2.3894016 3.2415201 3.2173225 3.2908708 2.8466415 2.3522116 2.8208785 3.0302836 3.0262834 2.8068158 4.3300845 
Aque_Aqu2.1.40992_001                                   2.2624605 2.1509871 1.8049890 1.5270877 1.5155246 1.6034466 1.7787308 1.5158874 1.7098366 1.5117534 1.4410859 1.4358460 1.5194669 2.0586990 1.6727687 1.5683789 1.3486497 1.4843415 1.5151024 1.3627162 1.5536610 1.5906483 1.5133749 1.5793934 1.6820972 0.9348427 0.9724792 0.9724792 1.5391350 1.1561739 0.0000000 1.6502821 1.7147460 2.0647896 2.0313908 2.1930882 2.0111673 1.9597288 1.9416461 1.7651988 1.8706308 2.0166659 0.9827065 3.1757656 2.4903048 2.5380210 2.2922662 2.8570784 3.0731232 2.4275588 2.3455466 2.3455466 2.5159874 2.4006616 2.5288621 2.5288621 2.4493145 3.7747019 3.5229786 3.9735362 3.2529122 2.7176689 2.9206639 2.6939792 3.6182736 3.1684939 4.5505167 
Opea_EP00118_Oscarella_pearsei_P021587                  2.4240477 2.6411174 2.1850440 1.5740811 1.6794474 1.7227165 2.0019194 1.8739756 1.8122138 1.6455811 1.6299032 1.6645285 1.6764947 2.1596104 2.0776806 1.8644428 1.5153415 1.8147778 1.6158950 1.6452938 1.6498584 1.7643052 1.6422725 1.7669993 1.7196798 1.5073330 1.6422187 1.6422187 2.2395736 1.6350553 1.6502821 0.0000000 0.0088983 2.0251888 1.9155116 2.1968810 2.1281783 1.9766950 1.9717054 1.9362470 2.0621487 2.3845734 2.1659045 3.7962103 2.6800259 2.6103874 2.5448128 3.1376013 2.9800297 2.1096135 2.5240200 2.5240200 2.6076706 2.4891252 2.5336318 2.5336318 3.3662291 3.3183570 3.4296243 3.4107474 3.0976569 2.6863007 3.6172772 2.6997855 3.8527420 3.1957675 4.7622771 
Ocar_g3723                                              2.8805066 2.8609664 2.4672215 1.6516808 1.7921996 1.8333605 2.1325487 2.0670972 1.9554319 1.8309718 1.7646938 1.8135957 1.8677805 2.4779392 2.3259002 1.9929840 1.6015420 1.9235852 1.7435120 1.6678307 1.7198665 1.9190313 1.6882011 1.7383022 1.9066778 1.5375132 1.6959026 1.6959026 2.3369710 1.6346207 1.7147460 0.0088983 0.0000000 2.0414813 1.9142659 2.2199732 2.1423255 2.0032260 1.9975198 2.1133946 2.2414784 2.5494083 2.4129089 4.5418410 2.7502333 2.6839696 2.6390006 3.3481287 3.2491235 2.2023058 2.6185546 2.6185546 2.7214773 2.5409832 2.6351263 2.6351263 3.7213622 3.3361876 3.5471148 3.3074986 2.9759913 2.6504156 3.5437263 2.5563876 3.6490206 3.0046423 4.4408397 
HoiH23_PlH23_006274-RA                                  2.3126762 2.4674919 2.0073967 1.4181546 1.4731376 1.5778417 2.0601038 1.5667478 1.4292456 1.3906592 1.7120299 1.7955661 1.8418842 1.9756741 1.9745904 1.6698905 1.6451571 1.8281688 1.9093347 1.9194976 1.9096171 1.8056035 1.7772450 1.7274264 1.7364028 1.8456595 1.8582627 1.8582627 3.0790805 2.2734095 2.0647896 2.0251888 2.0414813 0.0000000 0.0915342 0.1727904 0.2695906 0.3266623 0.3258431 2.4291766 2.5508349 2.5016376 2.8039798 3.8366227 2.5987684 2.4575414 2.5826936 3.5327226 3.5586593 2.4475234 2.3440566 2.3440566 2.4337478 2.4563853 2.3305379 2.3305379 3.2887616 3.3547615 3.6978014 3.3844566 3.3825681 3.4817262 3.8010378 3.1042574 3.7705262 3.5057669 4.9472969 
HoiH06_mRNA9672                                         2.5831960 2.5560877 1.9735392 1.4359288 1.4907600 1.5762704 2.0567289 1.6043666 1.5290357 1.3957381 1.6822451 1.7816921 1.8816555 2.0605742 2.0670218 1.6994737 1.7253306 1.8609834 1.9828463 1.9989700 1.9340258 1.7752875 1.8024854 1.7624157 1.7430751 1.8707498 1.8636751 1.8636751 3.1093569 2.3031610 2.0313908 1.9155116 1.9142659 0.0915342 0.0000000 0.2237671 0.3121626 0.4000051 0.3990147 2.3820046 2.5714490 2.5633202 2.8139476 3.8273052 2.6685599 2.5414796 2.6026163 3.5258778 3.5286674 2.4618980 2.4425987 2.4425987 2.5009451 2.5545307 2.3322362 2.3322362 3.4361642 3.5275685 3.8265337 3.4099114 3.4587267 3.6362156 3.9943760 3.2441021 3.7161521 3.4700605 5.0722095 
HoiH04_mRNA11858                                        2.6345383 2.7362205 2.1220760 1.4904851 1.5463366 1.6923399 2.0348132 1.6331119 1.5594580 1.5109258 1.9033492 1.9349804 1.8125765 1.8927326 2.1748955 1.8721901 1.6820545 1.9290829 2.0301700 1.8986346 2.0020594 1.8359293 1.8145484 1.7322203 1.8047191 1.8051838 1.9377807 1.9377807 3.2912005 2.4095293 2.1930882 2.1968810 2.2199732 0.1727904 0.2237671 0.0000000 0.2534358 0.3534470 0.3525169 2.4613386 2.6070357 2.9227071 3.0724996 4.5089059 2.8778991 2.7134850 2.6686521 3.7328034 3.7662459 2.6260431 2.5898136 2.5898136 2.6401215 2.5755635 2.5626548 2.5626548 3.6741965 4.1054404 4.1101244 3.7670309 3.7868226 3.5903396 4.0437749 3.7598796 4.1153416 3.9339984 5.6745148 
HoiH11_mRNA7930                                         2.5765899 2.6822862 1.9379815 1.4912357 1.5275581 1.6064235 2.0439137 1.5475802 1.5539516 1.4965191 1.8682196 1.8622614 1.8357550 1.9040166 1.8584574 1.7080566 1.5827988 1.7198478 1.9553804 1.8284329 1.8564845 1.6905281 1.8756835 1.7761329 1.7763633 1.8582976 1.8678401 1.8678401 2.8970525 2.0951948 2.0111673 2.1281783 2.1423255 0.2695906 0.3121626 0.2534358 0.0000000 0.4263863 0.4252767 2.4545433 2.5230474 2.7198951 2.8431673 3.4948902 2.5566715 2.3773314 2.5526268 3.5892679 3.5347039 2.4904650 2.3717210 2.3717210 2.3379355 2.4926847 2.4340494 2.4340494 3.1834599 3.6868461 3.7135434 3.4512476 3.4889030 3.8409878 3.8309823 3.6481630 3.9507745 3.5960828 5.1827262 
TrH2_TrispH2_010648-RA                                  2.3546078 2.0716775 2.0099776 1.4228947 1.4760231 1.5923716 1.9609395 1.5535321 1.4026191 1.3996227 1.7373834 1.8000529 1.5994424 1.8892439 1.7685752 1.6051236 1.5467682 1.6849370 1.8294667 1.7921080 1.8695646 1.7462508 1.6385008 1.5991214 1.7737247 1.8333054 1.8436233 1.8436233 2.9687184 2.1922902 1.9597288 1.9766950 2.0032260 0.3266623 0.4000051 0.3534470 0.4263863 0.0000000 0.0040111 2.3907777 2.4901893 2.3391228 2.4711598 3.6296228 2.5954353 2.5749560 2.4976926 3.4011462 3.4053919 2.5306113 2.4814944 2.4814944 2.3677485 2.7454120 2.3090294 2.3090294 3.1933960 3.4261288 3.7521615 3.2122173 3.4542323 3.4052789 3.9462526 3.0565200 3.7268621 3.4790363 4.7047362 
Tadh_TriadT59521                                        2.3231599 2.0297363 2.0129530 1.4228947 1.4629000 1.5944183 1.9431152 1.5531592 1.4098880 1.4138441 1.7332648 1.7897734 1.5857127 1.8848914 1.7846838 1.5912035 1.5327124 1.6961672 1.8250528 1.7915411 1.8689205 1.7277586 1.6467961 1.5987177 1.7898454 1.8154712 1.8608251 1.8608251 3.0003133 2.2137540 1.9416461 1.9717054 1.9975198 0.3258431 0.3990147 0.3525169 0.4252767 0.0040111 0.0000000 2.3930733 2.4894371 2.3384413 2.4420684 3.7085095 2.6210992 2.6001326 2.4839082 3.3820884 3.3788419 2.5240651 2.5062666 2.5062666 2.3911389 2.7785648 2.3312699 2.3312699 3.2293703 3.4235429 3.7413400 3.2034663 3.4542323 3.4052789 3.9462526 3.0565200 3.7268621 3.4764759 4.7047362 
Lcom_lcpid99859                                         2.5873977 2.4109873 2.2383182 1.6300956 1.7220465 1.8416589 2.0146962 1.6370182 1.6547903 1.5960796 1.4913259 1.5876061 1.7709128 1.8633182 1.9036795 1.8143237 1.7835783 1.7923586 1.7355484 1.9394870 1.8315368 1.6515546 1.7907409 1.7326780 1.8191729 1.8582502 1.8306386 1.8306386 2.1746374 1.6721726 1.7651988 1.9362470 2.1133946 2.4291766 2.3820046 2.4613386 2.4545433 2.3907777 2.3930733 0.0000000 0.5453165 1.7933333 2.2983803 2.6579509 2.1915294 2.1687920 2.3090121 2.9237961 2.9404293 2.1038022 2.0832397 2.0832397 2.2224040 2.1808340 2.3457060 2.3457060 3.2918728 3.7638685 4.0465892 3.3505032 2.6032363 2.8857134 3.0935226 2.9998381 3.4013087 3.8297193 4.4834337 
Scil_scict014574.1                                      2.9141550 2.5311014 2.5306206 1.8480423 1.9766213 2.0330311 2.3088858 1.7566024 1.7437373 1.7824440 1.5840499 1.6383012 1.6924847 1.9952958 2.0327463 1.9375434 1.7658662 1.9657295 1.7039695 1.8943638 1.9633022 1.7536131 1.8272390 1.8620574 1.9644512 1.9070027 1.9499227 1.9499227 2.1764224 1.7223523 1.8706308 2.0621487 2.2414784 2.5508349 2.5714490 2.6070357 2.5230474 2.4901893 2.4894371 0.5453165 0.0000000 1.7096998 2.1878027 2.8574281 2.5192704 2.4458113 2.4625278 2.9843992 3.0615318 2.2207444 2.2571896 2.2571896 2.5397616 2.2883149 2.3521967 2.3521967 3.2945480 3.3226584 3.6509209 3.2157540 2.6956507 2.9934165 3.6187889 2.9544931 3.4292940 4.0376621 5.1933610 
Clacor_Ccor_scaffold10791_01                            2.8808786 2.5533622 2.9030103 2.2352217 2.3359988 2.3837431 2.8427139 2.0793830 1.9887960 2.2778895 2.2048280 2.1910584 2.3139735 2.4522617 2.1438661 2.1006196 1.9348604 2.2626656 2.1170147 2.0203685 1.9926099 2.3378658 2.1911629 2.2565995 2.2312275 2.1429884 1.9472087 1.9472087 2.3314497 1.6901158 2.0166659 2.3845734 2.5494083 2.5016376 2.5633202 2.9227071 2.7198951 2.3391228 2.3384413 1.7933333 1.7096998 0.0000000 2.3249738 2.9237953 2.4682505 2.6933913 2.6464710 3.5936324 3.6641540 2.6391562 2.5651421 2.5651421 2.6643638 2.6774776 2.5177017 2.5177017 3.3309009 3.1043318 3.3067634 3.5644663 2.7880842 3.0788162 2.9744889 3.0438191 3.8050676 3.5949291 5.4107825 
Xestes_maker-XT_scaffold36139-augustus-gene-0.24-mRNA-1 2.0674353 1.9056684 2.2639942 1.9662369 1.9313664 2.0961454 2.7252721 2.0401460 2.1769487 2.2367175 1.7710789 1.8167960 1.8090504 2.4909725 2.1021554 2.1685137 1.6808983 1.9899481 1.8710380 2.0191766 2.2762227 2.1964689 2.4098195 2.3324069 2.0708774 1.1920171 1.1653577 1.1653577 1.2621428 1.2782022 0.9827065 2.1659045 2.4129089 2.8039798 2.8139476 3.0724996 2.8431673 2.4711598 2.4420684 2.2983803 2.1878027 2.3249738 0.0000000 3.5018023 3.4856259 4.1399199 3.0549386 3.0621441 3.2446748 3.3461565 3.2744583 3.2744583 3.1041081 3.7982373 3.1388094 3.1388094 2.2803086 4.4602275 3.9623296 4.3962670 4.1663459 2.9489040 3.2290213 3.5037402 4.3730227 3.5952118 4.4808727 
Coemet_Cmet_scaffold21505_01                            3.0364197 2.8515103 3.0843685 2.8124620 2.8208141 2.9909510 4.0132722 3.5538014 3.2958374 3.4084315 3.5664190 3.1758428 3.2151233 3.3954970 3.3120183 2.6833609 3.3973232 2.9733126 2.8664546 3.5930810 3.8365872 2.7344710 2.8490189 3.1356763 3.6749467 3.3057012 3.6992847 3.6992847 3.3450202 3.3450202 3.1757656 3.7962103 4.5418410 3.8366227 3.8273052 4.5089059 3.4948902 3.6296228 3.7085095 2.6579509 2.8574281 2.9237953 3.5018023 0.0000000 0.0075994 0.3957232 0.6625452 0.6471079 1.0235920 0.8206318 0.6626142 0.6626142 0.7310794 0.8070518 0.5412632 0.5412632 3.5857611 3.7269905 4.0672988 4.3919390 4.4191389 4.0009127 4.5720790 4.6111633 5.4969211 5.8843389 6.1436420 
Coeast_Cast_sb769395                                    3.1781113 2.8515103 2.4846180 2.2093971 2.1975569 2.1507181 2.4300142 2.4014342 2.3444738 2.1365428 2.3896312 2.2585039 2.1562025 2.3269110 2.2088454 2.0321847 2.3293718 2.2221085 2.0210995 2.5696147 2.5274871 1.8806685 2.0081561 2.0934770 2.6698225 2.3667813 2.5521712 2.5521712 3.3289741 2.4409562 2.4903048 2.6800259 2.7502333 2.5987684 2.6685599 2.8778991 2.5566715 2.5954353 2.6210992 2.1915294 2.5192704 2.4682505 3.4856259 0.0075994 0.0000000 0.3594923 0.6142351 0.8818479 0.8266131 0.6803035 0.6002847 0.6002847 0.6917491 0.7158596 0.5265048 0.5265048 3.6011499 3.7356904 3.9231609 3.9590207 3.4870900 3.6780917 4.2569078 3.4535484 3.8093629 4.4576400 6.1718001 
Vmul_sbMO429190                                         3.7511495 3.2426836 2.6457478 2.2527884 2.2404870 2.3670468 2.4584539 2.4896367 2.5595440 2.1850865 2.3960789 2.4612769 2.2209512 2.4894172 2.5903236 2.1842433 2.4059787 2.3606347 2.3131784 2.6509312 2.6427444 2.0806909 1.9948933 2.2373840 2.7769700 2.3481992 2.7078073 2.7078073 3.6672122 2.5629775 2.5380210 2.6103874 2.6839696 2.4575414 2.5414796 2.7134850 2.3773314 2.5749560 2.6001326 2.1687920 2.4458113 2.6933913 4.1399199 0.3957232 0.3594923 0.0000000 0.8209783 1.1588782 0.9401940 0.7846374 0.8096577 0.8096577 0.8810451 0.7843827 0.7330849 0.7330849 3.7817524 3.5781179 3.9702428 4.2461931 3.9021506 3.8286087 4.2406814 3.5428094 3.9286311 4.6360210 7.4878355 
Horcal_Hcv1.av93.c3.g1032.i1                            3.0141517 2.4496559 2.6902799 2.1375586 2.1380319 2.2271167 2.4575440 2.1997151 2.3698381 2.1237714 2.1809336 2.1495020 2.1275837 2.5003720 2.0769984 1.9747231 2.0984853 2.0781250 1.8966507 2.2759983 2.3393033 2.0131768 2.0134966 2.0830913 2.6574559 2.1902660 2.3951635 2.3951635 3.4258630 2.4565773 2.2922662 2.5448128 2.6390006 2.5826936 2.6026163 2.6686521 2.5526268 2.4976926 2.4839082 2.3090121 2.4625278 2.6464710 3.0549386 0.6625452 0.6142351 0.8209783 0.0000000 0.1493706 0.1488894 0.4888383 0.5764697 0.5764697 0.6749640 0.6145052 0.6785360 0.6785360 3.4495028 3.6497248 3.9132537 4.0102489 3.1169441 3.6424979 4.0061414 2.9181904 3.6854300 4.0259890 6.7942865 
Pbac_sb2664116                                          2.9636526 2.5571430 2.8219892 2.9860814 2.9786678 3.0831632 3.5083575 3.0368598 3.2592615 2.9369794 3.0306326 2.8700087 2.8894983 3.3499313 2.8924037 2.6595047 2.7838882 2.8179115 2.6175286 3.1053897 3.0909508 2.7774045 2.7683333 2.9392975 3.5592910 3.1289158 3.2885577 3.2885577 3.6526256 3.0886545 2.8570784 3.1376013 3.3481287 3.5327226 3.5258778 3.7328034 3.5892679 3.4011462 3.3820884 2.9237961 2.9843992 3.5936324 3.0621441 0.6471079 0.8818479 1.1588782 0.1493706 0.0000000 0.1558578 0.7918910 0.8124175 0.8124175 0.9327907 0.9785025 0.9692859 0.9692859 3.5481948 4.3621824 4.7542262 4.9300960 3.9216732 4.1947200 4.9625446 3.6098539 4.7444907 4.7841625 7.5061426 
Pbac_sb2667651                                          3.1445290 2.6472029 2.7967413 2.5791966 2.5745108 2.8223199 2.7868098 2.8666131 3.4706962 2.8018806 2.7495906 2.6548686 2.7365757 2.6294986 2.4425542 2.6052409 2.5090832 3.0876096 2.4739893 2.8921835 2.9792341 2.4550275 2.7423613 3.0472607 3.6616738 2.9714435 3.1904922 3.1904922 3.0204140 3.0264325 3.0731232 2.9800297 3.2491235 3.5586593 3.5286674 3.7662459 3.5347039 3.4053919 3.3788419 2.9404293 3.0615318 3.6641540 3.2446748 1.0235920 0.8266131 0.9401940 0.1488894 0.1558578 0.0000000 0.5973258 0.7881078 0.7881078 0.8763546 0.7203734 0.9326538 0.9326538 3.5147729 4.8991971 5.3804519 5.1923311 3.8212329 4.8895944 5.1290283 3.5313642 5.6474560 5.3059440 8.9999986 
Mertsp_Mesp_sb560340                                    3.2130906 3.0397652 2.3884176 2.0507357 2.0448073 1.9950320 2.1271573 2.2522791 2.4851367 1.8411959 2.1301101 2.1898980 2.1513058 2.1588225 2.0682452 2.0073345 2.0425144 2.2181152 1.7058199 2.2314807 2.0951499 1.9000982 1.9919645 2.1155023 2.4020106 2.3452598 2.3476823 2.3476823 2.9657008 2.0274816 2.4275588 2.1096135 2.2023058 2.4475234 2.4618980 2.6260431 2.4904650 2.5306113 2.5240651 2.1038022 2.2207444 2.6391562 3.3461565 0.8206318 0.6803035 0.7846374 0.4888383 0.7918910 0.5973258 0.0000000 0.4721030 0.4721030 0.5746577 0.4500003 0.5551913 0.5551913 4.1970171 3.4246117 3.6354582 3.4756886 3.0881353 3.7852186 4.4862136 2.8466617 3.8774003 3.9212208 6.8856218 
Beraby_Baby_sb340072                                    3.2518970 2.8272839 2.5228753 2.2661374 2.2598050 2.1000637 2.5191448 2.4056064 2.4558920 2.0440240 2.3963665 2.3154595 2.2444126 2.6024300 2.1263774 2.0131974 2.1580636 2.0349840 1.9556536 2.4880667 2.4049083 1.9596893 2.0002675 2.1853118 2.4765276 2.2491674 2.3615079 2.3615079 3.1129939 2.1738035 2.3455466 2.5240200 2.6185546 2.3440566 2.4425987 2.5898136 2.3717210 2.4814944 2.5062666 2.0832397 2.2571896 2.5651421 3.2744583 0.6626142 0.6002847 0.8096577 0.5764697 0.8124175 0.7881078 0.4721030 0.0000000 0.0000010 0.3630842 0.3621108 0.4956220 0.4956220 3.8306199 3.3956867 3.7992603 3.8838959 3.1329463 3.7187396 4.1588425 3.1563557 3.6265780 4.0098385 6.4623234 
Beraby_Baby_sb340073                                    3.2518970 2.8272839 2.5228753 2.2661374 2.2598050 2.1000637 2.5191448 2.4056064 2.4558920 2.0440240 2.3963665 2.3154595 2.2444126 2.6024300 2.1263774 2.0131974 2.1580636 2.0349840 1.9556536 2.4880667 2.4049083 1.9596893 2.0002675 2.1853118 2.4765276 2.2491674 2.3615079 2.3615079 3.1129939 2.1738035 2.3455466 2.5240200 2.6185546 2.3440566 2.4425987 2.5898136 2.3717210 2.4814944 2.5062666 2.0832397 2.2571896 2.5651421 3.2744583 0.6626142 0.6002847 0.8096577 0.5764697 0.8124175 0.7881078 0.4721030 0.0000010 0.0000000 0.3630842 0.3621108 0.4956220 0.4956220 3.8306199 3.3956867 3.7992603 3.8838959 3.1329463 3.7187396 4.1588425 3.1563557 3.6265780 4.0098385 6.4623234 
Mlei_ML0327.g5.i1                                       3.1879428 2.5534955 2.3409275 2.1209494 2.1011701 2.1296898 2.4388716 2.4163426 2.6477948 2.1605229 2.3945563 2.3445472 2.2596867 2.5419739 2.2114128 1.9306649 2.1948769 2.0157409 1.9520539 2.4765246 2.4895954 1.8968158 2.1851597 2.3306744 2.4863451 2.4635019 2.5788686 2.5788686 2.9530050 2.2804781 2.5159874 2.6076706 2.7214773 2.4337478 2.5009451 2.6401215 2.3379355 2.3677485 2.3911389 2.2224040 2.5397616 2.6643638 3.1041081 0.7310794 0.6917491 0.8810451 0.6749640 0.9327907 0.8763546 0.5746577 0.3630842 0.3630842 0.0000000 0.4697680 0.6126771 0.6126771 3.4654986 3.6537396 3.7742412 3.7114987 3.3626318 3.8572716 3.9113480 3.2678067 3.3878423 4.0066093 6.1919807 
Drygla_Dgla_sb285936                                    3.4983239 3.2425023 2.3676193 2.1433249 2.1308342 2.0869795 2.2383569 2.4796242 2.7547567 2.0434419 2.1560040 2.3609023 2.3918574 2.3600138 2.2478740 2.0948981 2.0673981 2.0537791 1.7504274 2.3349465 2.3210192 1.9120843 1.9620978 2.2116260 2.4797746 2.4058415 2.4141408 2.4141408 3.2087432 2.2142490 2.4006616 2.4891252 2.5409832 2.4563853 2.5545307 2.5755635 2.4926847 2.7454120 2.7785648 2.1808340 2.2883149 2.6774776 3.7982373 0.8070518 0.7158596 0.7843827 0.6145052 0.9785025 0.7203734 0.4500003 0.3621108 0.3621108 0.4697680 0.0000000 0.6636592 0.6636592 4.2398828 4.5569841 4.5288997 3.9824670 3.5892177 4.4700727 4.6208507 3.0898077 4.2490695 4.8232905 8.1556458 
Lampan_Lpan_12762_01                                    3.0574020 2.8027088 2.2989307 1.9887059 1.9798461 2.0477560 2.0843656 2.2388150 2.3340489 2.0386874 2.3041437 2.2134161 2.1490130 2.4640715 1.9868614 1.8646161 2.1614867 2.2288937 1.9355353 2.5380128 2.3948161 1.9201336 1.9338581 2.1222995 2.5267623 2.3601025 2.5015656 2.5015656 3.0801184 2.2698954 2.5288621 2.5336318 2.6351263 2.3305379 2.3322362 2.5626548 2.4340494 2.3090294 2.3312699 2.3457060 2.3521967 2.5177017 3.1388094 0.5412632 0.5265048 0.7330849 0.6785360 0.9692859 0.9326538 0.5551913 0.4956220 0.4956220 0.6126771 0.6636592 0.0000000 0.0000010 3.7965339 3.3981180 3.4442774 3.8489044 3.4740635 3.7459564 4.0063841 3.3026604 3.9330818 4.2761110 6.7267407 
