95
Acagra_model.g30600.t1                            0.0000000 0.6828930 0.6923819 1.1360524 1.1800541 1.6315500 1.8792304 1.4268192 1.2361514 1.5007713 2.1527686 1.0964904 1.5244075 1.6329277 3.7018475 0.8816144 0.8113454 0.6626800 0.7956240 1.0021868 0.9615130 2.3246276 0.9471228 1.0064545 0.8689496 1.9076495 0.9832496 1.1896030 0.9818782 1.0469639 1.2427852 1.7050373 1.1778001 1.1058252 2.4996369 0.9444425 1.2508071 1.8333129 2.5817590 1.8754365 2.1256288 1.8764702 2.0658178 1.5378908 1.6435054 1.4702419 1.5964647 2.0349484 2.0763053 1.5055548 1.5606687 1.7160037 1.5629151 2.0877616 2.1479833 3.2713287 4.3893993 4.3893993 2.6364735 2.6364735 2.2191533 2.2191533 1.7308557 1.7308557 2.1660110 2.1968755 2.2583788 5.9701491 5.9701491 1.5368104 1.5368104 1.7737436 1.8332326 2.5882551 3.0906700 2.9226461 2.7499216 2.9497090 1.9002952 2.2440239 2.1600553 3.4533873 2.2545567 2.1509652 2.8991206 2.0428031 2.1079011 2.6874502 2.4567091 2.2871712 1.9455380 2.1784418 2.9035607 2.2680103 5.1914037 
Cgig_XM_011437921.3                               0.6828930 0.0000000 0.8069373 1.2947252 1.2737746 1.3587112 1.4716330 1.5732602 1.4548571 1.8295671 2.2308148 1.9797359 1.8895807 1.9591828 2.9624577 1.3784146 1.3792429 0.9670558 1.3250863 1.5240626 1.7943099 2.0635576 1.4122804 1.3413417 1.0036022 0.7753564 1.0452013 1.0494246 1.0548823 1.3097311 1.2727501 1.4773932 1.4425033 1.2950011 1.8746919 1.2763096 1.3829977 1.6802874 1.7041779 1.6319876 1.7207967 1.6075898 1.6665427 1.5720911 1.9941578 1.7523877 1.7595191 2.0582063 2.3231351 1.5719955 1.7032239 1.9886850 2.0497740 2.6063703 2.4020400 2.6246786 3.2804248 3.2804248 2.8123118 2.8123118 2.5880368 2.5880368 2.4660797 2.4660797 2.5497714 2.4854974 2.6463789 3.8318399 3.8192673 1.9688580 2.0600192 1.9652714 2.0016508 2.3383009 2.1734230 2.5101596 2.4472591 2.4982690 2.2190528 2.3291922 2.3419380 2.6367982 2.6060201 2.2678210 2.6057821 2.1528074 2.1559990 2.4717356 2.2833337 2.1887256 2.2715119 2.3790127 2.5780241 2.3199519 4.4553586 
Ctel_gnl_WGS_AMQN_CAPTEDRAFT_mRNA168178           0.6923819 0.8069373 0.0000000 1.2310379 1.2045173 1.6922815 1.4496201 1.5751946 1.2463230 1.7823061 2.3060390 2.1022852 1.9594248 2.0201978 3.0515251 1.1883199 1.1111433 0.8097180 1.1537391 1.3402024 1.5614328 1.7461139 1.3104222 1.2966877 1.0132451 0.8671867 0.9498681 0.9650600 1.0639122 1.1434973 1.0920600 1.4444274 1.3643186 1.2162144 1.6657517 1.1604764 1.3987544 1.5573167 1.6126620 1.5237421 1.5913871 1.6140365 1.6769074 1.4110381 1.9987231 1.5591084 1.6958168 1.8796604 2.0882143 1.5587266 1.6218129 1.9623219 1.9537822 2.4119742 2.1988257 2.3556649 3.0143072 3.0143072 2.4691126 2.4691126 2.3147108 2.3147108 2.0589010 2.0589010 2.4869554 2.4156920 2.4498625 3.5040430 3.4906496 1.9905360 2.0658819 2.0875849 1.9313038 2.3901160 2.0158745 2.6910277 2.3998968 2.5744937 2.1906545 2.1595605 2.1968381 2.5998058 2.3543705 2.1823619 2.4291627 2.1643010 2.1446162 2.4362568 2.2191482 2.2080629 2.0825045 2.3610030 2.7324161 1.8758708 4.3240836 
Nemnom_g6187.t1                                   1.1360524 1.2947252 1.2310379 0.0000000 0.1439108 0.1647563 0.4482213 0.9575557 0.7952464 1.7936883 2.2169623 1.6467174 1.8720963 1.9336773 3.0338164 1.2006198 1.1547429 0.8352727 1.1820982 1.2563860 1.6243842 1.7628551 1.1706774 1.0417072 1.2866823 1.5906420 1.4156539 1.2173053 1.2892961 1.4344673 1.5250903 1.5605645 1.4006576 1.2360655 1.6089688 1.5122984 1.6616936 1.6784178 1.6251849 1.6870123 1.7761842 1.6768921 1.7739076 1.5360899 2.0322756 1.7543337 1.7708200 1.8513152 1.9782557 1.1071918 1.7648626 1.7850310 1.9626270 2.3424665 2.2054376 2.3758395 3.0218583 3.0218583 2.4888925 2.4888925 2.3387299 2.3387299 2.3094583 2.3094583 2.1970259 2.3014371 2.4104082 3.5525169 3.5671268 1.9203263 2.0042308 2.0149753 1.9309972 2.2521281 2.1710370 2.7371843 2.3294172 2.4262720 2.2698364 2.5610287 2.6759981 2.9285493 2.6707839 2.4474412 2.6384567 2.2835432 2.3648012 2.5969284 2.2908423 2.3397532 2.2239059 2.4671848 2.5227558 2.0140319 4.3778817 
Rhoesc_Res_010253-T1                              1.1800541 1.2737746 1.2045173 0.1439108 0.0000000 0.1471050 0.4220673 0.9547629 0.7754738 1.8355968 2.2181176 1.6538669 1.9114511 1.9684300 3.0258621 1.1930182 1.1504805 0.8441661 1.1949614 1.2462974 1.5801283 1.7192458 1.1430001 1.0297608 1.2832960 1.5679747 1.4054624 1.2243327 1.2662312 1.3911046 1.5455525 1.5554439 1.4187977 1.2068960 1.5888907 1.5262246 1.6178674 1.6865732 1.6301006 1.6826544 1.7703111 1.6720086 1.7772499 1.5419931 2.0452028 1.6749719 1.7502947 1.8639267 1.9657406 1.0615490 1.7313551 1.7781496 1.9602341 2.3343633 2.2153197 2.3581030 3.0327617 3.0327617 2.5042976 2.5042976 2.3403366 2.3403366 2.3765390 2.3765390 2.1366880 2.2520577 2.4333283 3.5395243 3.5540427 1.9343703 2.0230040 2.0369305 1.9520123 2.1918796 2.3024293 2.7679493 2.4525741 2.3989860 2.2834229 2.4429439 2.5443116 2.7507399 2.5897136 2.3567335 2.5854278 2.2883722 2.3535349 2.5842881 2.2747222 2.3380654 2.2421375 2.4625278 2.5195121 1.9396501 4.5372653 
Aaur_scaffold3379.g2.t1                           1.6315500 1.3587112 1.6922815 0.1647563 0.1471050 0.0000000 0.3003073 0.5365608 0.7244332 1.6019551 1.7053002 1.2734204 1.4776530 1.4776530 1.7968443 1.2538991 1.0665147 0.0000010 0.9884149 1.7564951 1.1271478 0.7538168 1.1141000 0.9475496 1.5680962 1.5251257 1.5945164 1.4087260 1.3007056 1.4894032 1.4801268 1.6990409 1.1243298 0.0000010 1.4436390 1.7090170 2.2336624 1.7386055 1.6726461 1.7160136 1.7160136 1.3440067 1.3528305 1.6029542 0.3852840 0.0000010 1.9654617 1.7956299 2.3534062 0.5749089 1.7266054 2.2837805 1.5853709 1.6181352 1.6181352 1.6181352 1.9289856 1.9289856 1.9289856 1.9289856 1.9289856 1.9289856 0.9303320 0.9303320 1.6079234 1.5296746 2.0616619 2.0616619 2.0616619 1.4613480 1.4613480 1.5314399 1.8272532 1.5932052 2.0084595 1.9572484 1.6497312 1.6784136 2.2224493 2.4610965 2.8153141 1.1567641 2.2276507 1.5008009 2.0888490 2.0625502 2.0301798 2.2841298 2.1596206 1.6506049 2.3991576 2.3052247 2.2107546 1.6925912 5.3794621 
Sanmal_Sma_020438-T1                              1.8792304 1.4716330 1.4496201 0.4482213 0.4220673 0.3003073 0.0000000 1.1081036 0.8923462 2.1957577 2.4243845 1.4368186 2.2046231 2.2046231 3.5631066 1.4851595 1.3453925 1.0048103 1.3661753 1.5603987 2.0479020 1.4907437 2.0505876 1.4383047 1.5649290 1.4774247 1.6403933 1.3674855 1.4358185 1.5700285 1.8507790 1.5387494 1.5316742 5.8659403 1.5107454 1.8814293 2.1316101 1.6786464 1.6657387 1.6711774 1.6859540 1.5866819 1.7458259 1.6913454 2.9009851 0.0000010 2.2977647 2.0142407 2.2070408 1.1695685 2.1645082 2.3361784 2.3580493 2.9307348 2.4867597 2.4874283 2.7357208 2.7357208 2.7278265 2.7278265 2.7301107 2.7301107 2.1756062 2.1756062 2.7385089 2.6279312 2.9333916 2.9358552 2.9449124 2.4510089 2.6328688 2.3648542 2.3470608 2.3464782 2.2542509 2.6089618 2.4340322 2.5306494 2.4385655 2.9654728 3.0508487 2.7168596 3.5034437 2.5046938 3.3041098 3.1471595 3.1683270 3.0443811 2.6113162 2.6326044 2.8802743 2.8743923 2.7601556 2.2408855 5.3863349 
Chem_TCONS_00027012                               1.4268192 1.5732602 1.5751946 0.9575557 0.9547629 0.5365608 1.1081036 0.0000000 1.0595178 2.1774216 2.2163058 1.5314582 2.0796608 2.1575523 3.0101090 1.3821546 1.3149685 1.2498688 1.3469500 1.4032087 1.7712899 1.8837371 1.5480540 1.3909026 1.4996052 1.6679479 1.5656113 1.4508556 1.5583696 1.7212178 1.6587541 1.7510892 1.4490489 1.3575995 1.6575234 1.6834373 1.8815529 1.7870672 1.8824716 1.8060968 1.8976778 1.7377381 1.7533862 1.7402139 2.3533606 1.8417099 2.1693228 2.0463496 2.1699615 0.8940918 2.1686057 1.9201309 2.1337531 2.4441430 2.2430204 2.3057755 2.9071704 2.9071704 2.3386992 2.3386992 2.2650656 2.2650656 1.9272391 1.9272391 2.4128761 2.3655457 2.5041390 3.5652419 3.5809949 1.9150164 2.0094158 2.0163254 1.9959541 1.9517850 1.8558617 2.5041686 2.1264965 2.4045548 2.5821474 2.6467566 2.6464542 2.6585920 2.9460905 2.6295121 2.7166365 2.4862827 2.4412416 2.3325238 2.4054889 2.5679290 2.4658286 2.5471694 2.7893155 1.9822030 5.2452410 
Morvir_scaffold77.g38.t1                          1.2361514 1.4548571 1.2463230 0.7952464 0.7754738 0.7244332 0.8923462 1.0595178 0.0000000 1.9107608 2.3398530 1.9488380 1.9243073 1.9977617 3.1050068 1.2240712 1.1443974 0.9221898 1.1480699 1.2987505 1.5089651 1.8076698 1.2156952 1.1803276 1.4471155 1.5831054 1.5109880 1.2961847 1.3793056 1.5434212 1.6483967 1.7913860 1.3512673 1.3231326 1.5556638 1.5093393 1.8470243 1.5923580 1.6576978 1.5894758 1.6913696 1.6263564 1.7063827 1.6525025 2.2673731 1.5723721 1.7473909 2.0271113 2.1822902 1.1781447 1.7677465 1.9272869 1.9728378 2.2279491 2.0790481 2.2874070 3.0212692 3.0212692 2.4151935 2.4151935 2.2415686 2.2415686 2.1728352 2.1728352 2.2066778 2.2811131 2.3375944 3.5779237 3.5675121 2.0669577 2.1511256 2.1597412 2.1142942 2.4974074 2.3537177 2.9030317 2.7135862 2.6768818 2.3674674 2.3788052 2.6315151 2.9688942 2.6556639 2.4111123 2.6529565 2.4299115 2.5335908 2.6888139 2.3117726 2.3441663 2.3610075 2.5363155 2.8895968 2.0284730 4.7925628 
Tetwil_g15045.t1                                  1.5007713 1.8295671 1.7823061 1.7936883 1.8355968 1.6019551 2.1957577 2.1774216 1.9107608 0.0000000 1.3310189 1.2439723 1.2055890 1.1673556 1.2529526 1.7192547 1.8269616 1.5682277 1.6045595 2.0036106 1.8237433 2.4608492 1.7059018 1.7229033 1.5840298 1.9501070 1.6108050 1.5271240 1.7237408 1.7472018 1.7919565 2.1524397 1.9680991 1.7128111 2.8127413 1.6199527 1.8437517 2.1677482 2.1913311 2.1992453 2.1989205 2.0772262 2.2683633 1.6371263 1.0216500 1.7345364 0.8296154 2.2130211 2.2706029 2.0970254 2.0279898 2.1977057 2.5104036 2.3552046 2.3756673 2.7609302 3.3948874 3.3948874 2.5679608 2.5679608 2.3233113 2.3233113 1.7718139 1.7718139 2.3522241 2.3608810 2.4948564 3.8607308 3.8322856 1.8767581 1.8956488 1.8485495 1.9827764 2.8976340 1.9109293 2.8875461 2.2052805 2.8227068 2.6979297 2.5738811 2.4271974 2.1688241 2.6903310 2.4926362 2.2696563 2.3459055 2.2898435 2.5630281 2.4344639 2.3776179 2.4700910 2.5846408 3.1056389 1.9949515 5.1113408 
Aque_Aqu2.1.19723_001                             2.1527686 2.2308148 2.3060390 2.2169623 2.2181176 1.7053002 2.4243845 2.2163058 2.3398530 1.3310189 0.0000000 0.1027553 0.4353447 0.4353447 1.5846464 2.3122564 2.4876471 1.9866793 2.4364612 2.6541556 3.2813272 3.3684364 2.2701298 1.9013654 2.2889172 2.4784729 2.3256456 2.1755550 2.2338379 2.3580933 2.2885032 2.2456087 2.6208302 2.2305273 3.0969118 2.2902304 2.4488355 2.3410076 2.3751957 2.3693177 2.3922595 2.4384584 2.6002425 2.2037681 2.1174517 0.0000010 1.0818565 2.5500292 2.7290897 2.1748126 2.4145292 2.3095029 2.9571641 3.0560988 2.8482964 3.0790834 3.2191178 3.2191178 2.8974609 2.8974609 2.8230312 2.8230312 3.0101252 3.0101252 3.0433487 3.0229857 3.0826096 3.5553006 3.5423022 2.5712663 2.6581256 2.5803945 2.6193177 3.0133422 3.0587946 3.2710995 3.5016237 2.9152479 2.9436834 2.8824944 3.0230652 3.4853006 3.5216348 2.9842206 3.1479514 2.8878760 2.7895621 2.9946184 2.9168599 2.6605996 2.6881770 2.7644449 3.1145958 2.4832026 4.7992292 
Aque_Aqu2.1.02551_001                             1.0964904 1.9797359 2.1022852 1.6467174 1.6538669 1.2734204 1.4368186 1.5314582 1.9488380 1.2439723 0.1027553 0.0000000 0.2429215 0.2429215 0.4612860 1.8168232 1.9866601 2.8767953 1.7085048 2.7073650 2.0230279 1.5987623 1.5938893 1.5813111 2.2313621 2.0425409 1.7990978 1.9088411 2.0603845 1.9188040 1.8671799 2.9412206 1.7259400 4.3736010 2.0020229 1.8720489 1.9786341 1.4371802 1.2930257 1.6648677 1.6648677 1.6089860 1.5588577 1.7282293 0.8712092 0.0000010 1.2998900 2.2959162 2.8554209 1.6381928 2.1105212 2.8658712 2.2451574 2.6547250 2.6547250 2.6480661 2.3990488 2.3990488 2.3042635 2.3042635 2.3367326 2.3367326 1.3382319 1.3382319 2.5086679 2.3970208 2.4516085 2.5305350 2.5305350 2.0566190 2.0566190 1.7250667 1.8479523 1.5885657 1.6982479 2.0884817 1.6955736 1.7240700 2.7947965 3.0666345 2.4896848 1.9122858 2.5607211 1.8270363 2.6332791 2.2989666 2.2590093 2.9857008 2.9341130 2.1414596 3.1398239 2.0084462 2.7822472 1.3454261 5.6472591 
Halamb_c49018_g1_i3mm.2873                        1.5244075 1.8895807 1.9594248 1.8720963 1.9114511 1.4776530 2.2046231 2.0796608 1.9243073 1.2055890 0.4353447 0.2429215 0.0000000 0.0000010 1.3982962 2.0971610 2.2134243 1.5592579 2.0577663 2.2206434 2.3785841 3.2825613 2.0739881 1.7596752 2.0065857 2.3279146 2.0472715 1.8526170 1.9132625 1.8776150 1.9845249 2.1506554 2.3392993 1.7800997 3.1622834 1.9540897 2.1582125 2.2450370 2.4507989 2.2808364 2.4025202 2.2681228 2.3578178 1.8531717 1.5975304 1.0522432 0.9939842 2.2474519 2.3587370 2.1042871 2.1754185 2.2206825 2.5808775 2.9204919 2.7452618 2.9998527 3.4937381 3.4937381 3.0687701 3.0687701 2.7351659 2.7351659 3.2072862 3.2072862 2.5593969 2.7029239 2.7447841 3.9360429 3.9236293 2.3149749 2.3629253 2.2912403 2.3314888 2.7368835 2.9692244 2.8872110 3.2106689 2.6427385 2.5992077 2.6301712 2.7225401 3.5097356 2.8060533 2.8905732 3.0724776 2.7450746 2.6675678 2.9120086 2.8114086 2.5097725 2.4482507 2.4467640 3.0569666 2.5170777 4.9282849 
Halamb_c48044_g1_i1mm.2481                        1.6329277 1.9591828 2.0201978 1.9336773 1.9684300 1.4776530 2.2046231 2.1575523 1.9977617 1.1673556 0.4353447 0.2429215 0.0000010 0.0000000 1.3982962 2.0846007 2.2512873 1.6043946 2.1166890 2.3091849 2.5915734 3.2825613 2.0772837 1.7575047 2.1156319 2.3627262 2.1526791 1.9262236 1.9969668 1.9881534 2.1038959 2.1821103 2.4016118 1.7092287 3.1622834 2.0096048 2.2314557 2.2893970 2.4485378 2.3304343 2.3529467 2.2391028 2.3622954 1.8190255 1.7226713 0.7540235 0.9501637 2.2570822 2.3968964 2.1773966 2.2511205 2.2492706 2.7109116 2.9204919 2.7452618 2.9998527 3.4936542 3.4936542 3.0687701 3.0687701 2.8760089 2.8760089 3.2072862 3.2072862 2.7606621 2.8637107 2.9208607 3.5616192 3.5494835 2.3474347 2.4048438 2.3377109 2.4172762 2.7368835 2.9692244 2.9905772 3.2106689 2.7346684 2.7499099 2.6686645 2.7912784 3.4502193 3.0431596 2.9758405 3.1286484 2.7564614 2.7083680 2.9055675 2.7979592 2.4342766 2.4380991 2.4655064 3.1146541 2.5170777 4.8428278 
Xestes_maker-XT_scaffold184-snap-gene-0.6-mRNA-1  3.7018475 2.9624577 3.0515251 3.0338164 3.0258621 1.7968443 3.5631066 3.0101090 3.1050068 1.2529526 1.5846464 0.4612860 1.3982962 1.3982962 0.0000000 2.9715720 3.3343626 0.6568075 3.0231451 3.5757554 3.7224613 2.8532803 2.5749546 1.8020335 2.9539269 2.8048749 3.0739487 2.6733776 2.9606583 2.5848161 3.1060248 3.1819106 3.5202394 9.0000000 4.2096054 3.5325240 3.1607094 3.3260723 3.3394828 3.3699317 3.3649608 3.3251746 3.4828731 2.9307782 3.0497881 0.0000010 0.9525420 3.8606903 4.1282947 3.3430721 3.3643185 3.4317470 4.5043529 4.2055705 4.1602986 4.1602986 4.1089872 4.1089872 4.1089872 4.1089872 4.1089872 4.1089872 4.2781283 4.2781283 3.0129979 3.8522091 4.4212514 4.4363784 4.4212514 3.8321756 3.9542020 3.4719354 3.9363592 4.5049275 4.7764954 4.2904189 4.3995542 4.4591407 4.4027279 4.4112067 4.5814438 5.1535031 4.0836034 3.7083248 4.5528027 4.5879275 4.4214839 4.1467137 4.0519671 4.0393167 3.6502263 3.9386323 4.9441468 3.2102159 6.8363916 
Spis_XP_022788798_1                               0.8816144 1.3784146 1.1883199 1.2006198 1.1930182 1.2538991 1.4851595 1.3821546 1.2240712 1.7192547 2.3122564 1.8168232 2.0971610 2.0846007 2.9715720 0.0000000 0.2293237 0.1801983 0.2975661 0.4129351 0.5500243 0.4488389 0.8603867 0.7473159 1.2651725 1.4981345 1.5143425 1.2714524 1.2150278 1.3495577 1.6883997 1.5739011 1.1613969 0.9303788 1.4828179 1.5381050 1.6859500 1.8695134 1.9693941 1.8560426 1.8629389 1.8018847 2.0130034 1.4500950 2.2204777 1.7089182 1.8231622 2.0089284 2.1534723 1.3852980 1.8106848 1.9176777 1.9212924 2.6378720 2.4002392 2.5893081 3.1836537 3.1836537 2.5846963 2.5846963 2.4392234 2.4392234 2.8536453 2.8536453 2.4128412 2.5761592 2.6495265 3.7430763 3.7580626 1.9511217 2.0357232 1.9349572 1.8405215 2.2676340 2.3787704 2.7001683 2.5676258 2.5783910 2.2128257 2.3075870 2.4381352 2.9138192 2.3312853 2.3719020 2.3948107 2.3672648 2.3452442 2.4089317 2.1368736 2.2983968 2.2873981 2.3656540 2.7680700 2.2231505 5.0985377 
Gasp_gasp1.m3.11402.m1                            0.8113454 1.3792429 1.1111433 1.1547429 1.1504805 1.0665147 1.3453925 1.3149685 1.1443974 1.8269616 2.4876471 1.9866601 2.2134243 2.2512873 3.3343626 0.2293237 0.0000000 0.0920012 0.2393995 0.3440214 0.4106996 0.4049002 0.7311142 0.6510015 1.1691295 1.5113142 1.4128581 1.2199321 1.1588320 1.2528618 1.6903009 1.4910924 1.1135828 0.9588347 1.4429079 1.3906687 1.6405902 1.7495347 1.9412379 1.7690161 1.8797390 1.7195022 1.8542100 1.4632344 2.2678611 1.7300393 1.8456475 2.0101701 2.1142673 1.3693001 1.7590676 1.8956180 1.9232378 2.4155525 2.2627889 2.4314076 2.9794367 2.9794367 2.4382719 2.4382719 2.3009811 2.3009811 2.7951416 2.7951416 2.2853130 2.4315031 2.3947944 3.5003912 3.5135462 1.9170208 1.9968215 1.8954116 1.8233692 2.3654034 2.2769329 2.5142819 2.7070118 2.5066063 2.2009434 2.2896301 2.4825072 3.0670875 2.4149974 2.3896073 2.6404839 2.3353767 2.2699520 2.4878227 2.2687872 2.4439574 2.2862266 2.3853841 2.6684850 2.2154279 4.9849738 
Fspp_ffun1.m4.17708.m1                            0.6626800 0.9670558 0.8097180 0.8352727 0.8441661 0.0000010 1.0048103 1.2498688 0.9221898 1.5682277 1.9866793 2.8767953 1.5592579 1.6043946 0.6568075 0.1801983 0.0920012 0.0000000 0.1444146 0.2207174 0.2527522 2.7961979 0.4727222 0.5172229 0.7560933 1.5112287 1.0550582 0.8955307 0.8488068 0.8818379 1.2944971 1.2835135 0.7692344 0.9015402 2.2732841 0.8833296 1.2951228 1.3957773 1.7382474 1.4825241 1.7055788 1.3934809 1.6370965 1.1880707 1.5788789 1.1359963 1.4955027 1.8299399 1.8044683 1.3528955 1.1939194 1.4117306 1.4895382 1.8135318 1.8938299 2.0356921 3.6037870 3.6037870 1.9400824 1.9400824 1.8718898 1.8718898 0.0000010 0.0000010 1.7747562 1.7664768 1.8619334 4.2600034 4.3003897 1.3510637 1.3510637 1.5057339 1.3103656 0.0000010 1.2280889 2.4412438 0.0000010 2.1234960 1.8060030 1.9613770 1.9881717 4.4132221 1.9771609 1.8672752 2.0899087 1.8257348 1.7430171 1.9204608 1.8240499 2.0848168 1.6713988 1.9993760 2.1885563 0.0000010 3.8030632 
Gfas_gfas1.m1.5429.m1                             0.7956240 1.3250863 1.1537391 1.1820982 1.1949614 0.9884149 1.3661753 1.3469500 1.1480699 1.6045595 2.4364612 1.7085048 2.0577663 2.1166890 3.0231451 0.2975661 0.2393995 0.1444146 0.0000000 0.2656556 0.3507815 0.5391448 0.7378716 0.6726412 1.1253714 1.4444247 1.3683515 1.1423216 1.1058658 1.2389076 1.5466881 1.3975245 1.0678579 0.9064931 1.4069596 1.3302632 1.5622572 1.6828293 1.8190372 1.7111276 1.8205178 1.7122170 1.8578279 1.4290625 2.1853673 1.6122309 1.6568072 1.9245481 2.0749861 1.3507482 1.6670831 1.7643682 1.8538864 2.4682984 2.2712072 2.3968153 2.8557566 2.8557566 2.2784743 2.2784743 2.2403550 2.2403550 2.7363067 2.7363067 2.2335812 2.4170579 2.4891774 3.8083644 3.8233840 1.8534331 1.9268518 1.9125347 1.8490379 2.3562283 2.1958459 2.5327166 2.6050065 2.5505973 2.1640311 2.2297631 2.4464366 3.0948944 2.2501663 2.4941659 2.4535398 2.3294791 2.3214223 2.4060867 2.1810333 2.4041365 2.2089345 2.3723113 2.6353361 2.0819187 4.9940252 
Adig_XM_015896831.1                               1.0021868 1.5240626 1.3402024 1.2563860 1.2462974 1.7564951 1.5603987 1.4032087 1.2987505 2.0036106 2.6541556 2.7073650 2.2206434 2.3091849 3.5757554 0.4129351 0.3440214 0.2207174 0.2656556 0.0000000 0.0277479 0.8430497 0.9177519 0.7968558 1.3273285 1.6671747 1.5990708 1.3325905 1.3136535 1.4051496 1.8367197 1.6824720 1.1594912 0.9285448 1.5183642 1.4844792 1.8050406 1.9772830 2.1402078 1.9701014 2.0932412 1.9614201 2.1166067 1.6118353 2.3869938 1.6557662 2.0139190 2.2354744 2.2739948 1.4525404 1.9834566 1.9426770 2.0455145 2.8195181 2.5058148 2.6701560 3.1843150 3.1843150 2.6297475 2.6297475 2.4650765 2.4650765 2.9668053 2.9668053 2.5183184 2.6332049 2.5389872 3.7878148 3.7782059 2.0409594 2.1346491 2.0675272 2.0225044 2.7226759 2.5416591 2.7187971 3.0137839 2.7891772 2.3587843 2.4459689 2.6699921 3.4576898 2.6026274 2.8154855 2.6189534 2.4942838 2.4257423 2.6451025 2.3410750 2.6455823 2.4202719 2.5832089 2.8372135 2.4640316 4.8584486 
Amil_Amillepora18757-RA                           0.9615130 1.7943099 1.5614328 1.6243842 1.5801283 1.1271478 2.0479020 1.7712899 1.5089651 1.8237433 3.2813272 2.0230279 2.3785841 2.5915734 3.7224613 0.5500243 0.4106996 0.2527522 0.3507815 0.0277479 0.0000000 0.8228133 0.7638848 0.7836102 1.6638534 2.3169616 1.8894292 1.5677158 1.6981431 1.6454578 2.1531759 2.0671527 1.4840170 0.9631681 2.8004522 1.6795817 2.0442650 2.4934503 3.1983435 2.5241281 2.7746223 2.3730572 2.5193127 1.9164011 2.1147854 1.6557662 1.8846444 2.6236400 2.6111069 1.9372245 1.8560860 1.9508016 2.1168171 3.0200754 2.9475114 3.4157797 3.8509960 3.8509960 3.2341720 3.2341720 2.7541494 2.7541494 3.9101377 3.9101377 2.4870875 2.7966404 2.6793398 4.6812968 4.6307082 2.2681373 2.2615906 2.2578535 2.5070106 4.5005670 4.4873136 3.0934087 5.2649212 3.2242036 2.4084517 2.3743489 2.6018485 4.0910153 2.5719722 2.7273577 2.6963976 2.3826863 2.3028190 2.6291678 2.4292923 2.8836030 2.5237992 2.5173847 2.9786829 3.7856661 4.5131820 
Fspp_ffun1.m4.33586.m1                            2.3246276 2.0635576 1.7461139 1.7628551 1.7192458 0.7538168 1.4907437 1.8837371 1.8076698 2.4608492 3.3684364 1.5987623 3.2825613 3.2825613 2.8532803 0.4488389 0.4049002 2.7961979 0.5391448 0.8430497 0.8228133 0.0000000 1.1585640 1.2321105 2.0776482 1.7662740 2.2407742 1.8735561 1.8138857 1.8587499 2.2735253 2.0516893 2.0478855 3.1068676 1.8237185 2.2786862 2.3943969 2.4292897 2.4921694 2.4845308 2.4733675 2.5029741 2.6275744 2.2418109 2.5554645 0.0000010 2.3048376 2.4959163 2.7746158 2.0716735 2.5857969 2.6919499 2.4675116 3.1402509 3.1200148 2.8373997 3.3503938 3.3503938 2.9459073 2.9459073 3.2194085 3.2194085 2.7466421 2.7466421 3.1794943 3.1768465 3.5702190 3.4910344 3.4956733 3.2049774 3.2049774 2.7175395 2.6930616 2.3224622 2.4633050 3.0952917 2.5982563 3.1766361 2.6308781 3.1179049 3.0486777 2.4933325 3.3165761 2.9605438 3.3605966 3.1602094 2.9739069 2.8810780 2.9481869 2.8083534 2.8280112 2.6952183 2.9648269 2.1817815 6.6193560 
Exapal_XM_021058468.1                             0.9471228 1.4122804 1.3104222 1.1706774 1.1430001 1.1141000 2.0505876 1.5480540 1.2156952 1.7059018 2.2701298 1.5938893 2.0739881 2.0772837 2.5749546 0.8603867 0.7311142 0.4727222 0.7378716 0.9177519 0.7638848 1.1585640 0.0000000 0.5050210 1.2449993 1.8772785 1.4283197 1.3397256 1.2929816 1.3418542 1.6753325 1.8760682 1.2063152 0.9885862 2.3207223 1.3297199 1.7467907 1.9242714 2.2413043 1.9427451 2.1017525 1.9388383 2.1750279 1.7179465 1.7402390 1.6892938 1.8502596 2.0989998 2.2268576 1.6151370 1.8526906 1.9353307 1.9610868 2.1130044 2.3966394 2.6643101 3.3730902 3.3730902 2.6565336 2.6565336 2.4759233 2.4759233 3.3776366 3.3776366 2.1065848 2.3055752 2.3315303 4.0891302 4.1081182 1.8908951 1.8506154 1.8851889 1.7805062 2.9298261 3.5333381 2.6366043 2.7696058 2.6660987 2.2895382 2.3517812 2.3941348 3.1061878 2.2518911 2.3828267 2.5160074 2.1426829 2.0989225 2.6560335 2.3673358 2.4546680 2.2897700 2.4025579 2.7093129 2.4096118 5.1514217 
Nvec_v1g115533                                    1.0064545 1.3413417 1.2966877 1.0417072 1.0297608 0.9475496 1.4383047 1.3909026 1.1803276 1.7229033 1.9013654 1.5813111 1.7596752 1.7575047 1.8020335 0.7473159 0.6510015 0.5172229 0.6726412 0.7968558 0.7836102 1.2321105 0.5050210 0.0000000 1.1378338 1.6326001 1.2396124 1.1786706 1.0930167 1.1922334 1.5409913 1.8156139 1.1367715 1.0412423 1.9014514 1.2720371 1.6525462 1.7154367 1.9620079 1.6933126 1.8271885 1.6882355 1.8773709 1.4869290 1.5673739 1.7413059 1.9137033 1.8396381 1.9360419 1.4916219 1.6933154 1.7695620 1.8552511 1.9751516 1.9762486 2.2127433 2.9533450 2.9533450 2.0757775 2.0757775 2.0150379 2.0150379 1.3540158 1.3540158 1.9051791 1.9596118 2.0365339 3.5948164 3.6133131 1.7182663 1.7182663 1.7950059 1.6862068 2.1625476 2.2553962 2.5070734 1.9927016 2.3915379 2.0614247 2.3090500 2.3640277 2.6405825 2.2766194 2.2001420 2.3176702 1.9643915 1.8864370 2.2952240 2.2000101 2.1781440 2.1680336 2.2476606 2.4919152 1.6278426 4.9954004 
Bralan_BLAG11101297_1                             0.8689496 1.0036022 1.0132451 1.2866823 1.2832960 1.5680962 1.5649290 1.4996052 1.4471155 1.5840298 2.2889172 2.2313621 2.0065857 2.1156319 2.9539269 1.2651725 1.1691295 0.7560933 1.1253714 1.3273285 1.6638534 2.0776482 1.2449993 1.1378338 0.0000000 1.1970183 1.1182767 0.9617675 0.9873109 1.1065140 1.2884495 1.3712493 1.2994112 1.1032229 1.7764011 1.1851278 1.3913620 1.6085057 1.6625327 1.5984316 1.6787252 1.6137659 1.7254392 1.5213050 2.0404430 1.4320681 1.7234950 1.8005705 1.9349501 1.5855111 1.6295111 1.7846641 1.8781130 2.4015813 2.1855985 2.4373459 3.1886352 3.1886352 2.5386987 2.5386987 2.3400505 2.3400505 2.3180985 2.3180985 2.3923307 2.3121134 2.3433015 3.4588860 3.4719841 2.0011056 2.1035151 1.9949257 1.8914953 2.3350543 2.1989379 2.4588299 2.6284674 2.5087522 2.1265094 2.2239390 2.2521822 2.4649505 2.2054985 2.0234450 2.3878547 2.0294873 2.0524034 2.2786624 2.1398919 2.2374642 2.0987369 2.1977147 2.4891769 2.1579392 4.5687240 
Acagra_model.g30599.t1                            1.9076495 0.7753564 0.8671867 1.5906420 1.5679747 1.5251257 1.4774247 1.6679479 1.5831054 1.9501070 2.4784729 2.0425409 2.3279146 2.3627262 2.8048749 1.4981345 1.5113142 1.5112287 1.4444247 1.6671747 2.3169616 1.7662740 1.8772785 1.6326001 1.1970183 0.0000000 1.1059059 1.1286280 1.2115761 1.4108959 1.2136849 1.4167620 1.7459548 1.8067607 1.7725370 1.5187528 1.4734126 1.8693314 1.7856780 1.8411889 1.8521259 1.8162395 1.8865625 1.7015816 2.5025000 2.6750765 1.9901202 1.9503368 2.2338160 1.4463885 2.0198678 2.2584793 2.3633598 2.8180011 2.5386610 2.5244598 2.8084585 2.8084585 2.6610441 2.6610441 2.7448715 2.7448715 2.4375528 2.4375528 2.7964228 2.6964455 2.7153942 2.9101866 2.8995388 2.2448486 2.3772211 2.1373676 2.1680899 2.4161726 1.9501791 2.3931900 2.4043389 2.3302057 2.3259384 2.7782308 2.8222810 2.5761504 2.8429402 2.3731531 2.5988164 2.5712255 2.5372970 2.5126658 2.3028243 2.3319999 2.5036683 2.5585376 2.8211899 2.0098958 4.9039350 
Cscu_XM_023374615.1                               0.9832496 1.0452013 0.9498681 1.4156539 1.4054624 1.5945164 1.6403933 1.5656113 1.5109880 1.6108050 2.3256456 1.7990978 2.0472715 2.1526791 3.0739487 1.5143425 1.4128581 1.0550582 1.3683515 1.5990708 1.8894292 2.2407742 1.4283197 1.2396124 1.1182767 1.1059059 0.0000000 1.1154552 1.1470997 1.3650183 0.9551590 1.5537831 1.5494154 1.4123314 2.0076310 1.3159470 1.1099317 1.7903450 1.9264280 1.7808383 1.8843218 1.8113070 1.9315142 1.5978979 2.0168336 1.8278464 1.7766587 1.9656296 2.2404762 1.6413627 1.8803493 1.9987135 2.1056045 2.3786051 2.2384001 2.4680205 3.0503987 3.0503987 2.5746781 2.5746781 2.3417987 2.3417987 2.5501266 2.5501266 2.2574276 2.3724309 2.3735055 3.3273358 3.3396507 2.0277019 2.1096933 2.0407911 1.9156618 2.2814686 2.3408170 2.6667786 2.4763885 2.5398100 2.2078437 2.5302144 2.6328906 2.7590237 2.5145103 2.3794300 2.6105932 2.2840405 2.2662808 2.5757345 2.3661889 2.1557319 2.3408753 2.3902962 2.7053410 2.3307150 4.8510942 
Skow_XM_006819655.1                               1.1896030 1.0494246 0.9650600 1.2173053 1.2243327 1.4087260 1.3674855 1.4508556 1.2961847 1.5271240 2.1755550 1.9088411 1.8526170 1.9262236 2.6733776 1.2714524 1.2199321 0.8955307 1.1423216 1.3325905 1.5677158 1.8735561 1.3397256 1.1786706 0.9617675 1.1286280 1.1154552 0.0000000 0.9761243 1.1821276 1.2571096 1.3400584 1.3624370 1.1294072 1.7983046 1.1154785 1.4070886 1.7147165 1.7402498 1.6742585 1.7703932 1.7282036 1.8306740 1.4189036 1.9552454 1.4666403 1.5091955 1.7893719 1.9222058 1.4549230 1.7276268 1.9400750 2.0630156 2.4992293 2.2450660 2.3527978 3.2300268 3.2300268 2.5391500 2.5391500 2.3911080 2.3911080 2.3518545 2.3518545 2.4153812 2.4176691 2.4448177 3.4651048 3.4782342 1.9676825 2.0379853 1.9907206 2.0133465 2.3051100 2.1043141 2.7719337 2.6326505 2.7119899 2.1766733 2.2582402 2.4344251 2.7810892 2.5542686 2.3465849 2.4146950 2.3044667 2.2915526 2.4209765 2.3013788 2.3739228 2.1541234 2.3093030 2.7486279 2.1611162 4.6504083 
Hsap_ENST00000326793                              0.9818782 1.0548823 1.0639122 1.2892961 1.2662312 1.3007056 1.4358185 1.5583696 1.3793056 1.7237408 2.2338379 2.0603845 1.9132625 1.9969668 2.9606583 1.2150278 1.1588320 0.8488068 1.1058658 1.3136535 1.6981431 1.8138857 1.2929816 1.0930167 0.9873109 1.2115761 1.1470997 0.9761243 0.0000000 0.6498823 1.3407281 0.9475709 1.4494921 1.1936088 1.9281611 1.2954382 1.3560807 1.6120296 1.6764199 1.6238175 1.7311576 1.6152128 1.7016111 1.4592378 2.2553907 1.8349859 1.8528974 1.8763940 2.0640195 1.5677424 1.8195135 1.9822433 1.8500703 2.2786522 2.1208631 2.1522637 2.7903057 2.7903057 2.2938808 2.2938808 2.2025611 2.2025611 1.9383263 1.9383263 2.3508025 2.2298870 2.2698824 3.1070758 3.1190870 1.9337913 2.0036312 1.8261007 1.9084150 2.2344682 2.1380311 2.6870820 2.4775867 2.4291153 2.1610011 2.5329649 2.5158258 2.7238917 2.4916357 2.3467719 2.6069409 2.2887568 2.3070243 2.1531915 2.1150663 2.2807286 2.1088596 2.2557583 2.7608193 1.9817587 4.9262742 
Hsap_ENST00000354700                              1.0469639 1.3097311 1.1434973 1.4344673 1.3911046 1.4894032 1.5700285 1.7212178 1.5434212 1.7472018 2.3580933 1.9188040 1.8776150 1.9881534 2.5848161 1.3495577 1.2528618 0.8818379 1.2389076 1.4051496 1.6454578 1.8587499 1.3418542 1.1922334 1.1065140 1.4108959 1.3650183 1.1821276 0.6498823 0.0000000 1.5259354 1.0538586 1.5081161 1.2542662 2.1617032 1.4744978 1.4656416 1.7630935 1.8819181 1.7647556 1.8741989 1.7600519 1.8829304 1.5371195 2.1190333 1.7174577 1.7535221 1.9258480 2.0162975 1.7100899 1.7277091 2.0565404 1.9590618 2.5809524 2.4458150 2.5967443 3.2156952 3.2156952 2.6268575 2.6268575 2.4885129 2.4885129 2.4865422 2.4865422 2.6513672 2.5985274 2.5686228 3.6507381 3.6646164 2.1389441 2.1836958 2.0009020 2.0585658 2.5634568 2.6125220 2.7141783 2.9614100 2.5947712 2.2137429 2.5726555 2.5159626 2.7179980 2.6358107 2.3558253 2.6849050 2.3603562 2.3418355 2.3640178 2.3046274 2.3914958 2.1427991 2.2849829 2.7084891 2.0500928 4.9025926 
Tcas_TC012753_001                                 1.2427852 1.2727501 1.0920600 1.5250903 1.5455525 1.4801268 1.8507790 1.6587541 1.6483967 1.7919565 2.2885032 1.8671799 1.9845249 2.1038959 3.1060248 1.6883997 1.6903009 1.2944971 1.5466881 1.8367197 2.1531759 2.2735253 1.6753325 1.5409913 1.2884495 1.2136849 0.9551590 1.2571096 1.3407281 1.5259354 0.0000000 1.7900301 1.7806188 1.6785490 2.3644032 1.4294139 1.0717369 1.8989729 1.9481641 1.8715121 1.9522157 1.8553135 1.9799800 1.7519876 2.3855106 1.8035408 1.8085674 2.1579831 2.3041242 1.7323404 2.0422053 1.8906099 2.2444125 2.7242848 2.5819267 2.6889708 3.3304983 3.3304983 2.8077972 2.8077972 2.6593952 2.6593952 2.8452973 2.8452973 2.3742863 2.4220960 2.6073002 3.7696103 3.7874788 2.0742116 2.1500803 2.1225788 1.9590503 2.4679301 2.2601766 2.4821814 2.4132479 2.5971344 2.2258461 2.7222756 2.7972257 3.2211380 2.5211409 2.6249514 2.9725758 2.2852093 2.2199450 2.6054010 2.4808981 2.5757317 2.3494208 2.3852950 2.6069658 2.4186054 5.0588700 
Hsap_ENST00000158762                              1.7050373 1.4773932 1.4444274 1.5605645 1.5554439 1.6990409 1.5387494 1.7510892 1.7913860 2.1524397 2.2456087 2.9412206 2.1506554 2.1821103 3.1819106 1.5739011 1.4910924 1.2835135 1.3975245 1.6824720 2.0671527 2.0516893 1.8760682 1.8156139 1.3712493 1.4167620 1.5537831 1.3400584 0.9475709 1.0538586 1.7900301 0.0000000 1.8090253 1.8792780 1.8806507 1.6202751 1.8936148 1.9573268 1.9254088 2.0076093 2.1268164 1.9959476 2.0775738 1.7185106 2.6555674 2.7817984 2.2778748 2.3253266 2.5193593 1.8682575 2.1716066 2.4494092 2.5585377 2.6183321 2.3412485 2.2386268 3.0987011 3.0987011 2.3786460 2.3786460 2.6707168 2.6707168 1.8098304 1.8098304 2.8494873 2.6148853 2.6367320 3.2984580 3.3100427 2.3212186 2.4129257 2.1823621 2.1530524 2.3544856 2.1830134 2.5910200 2.6838881 2.4440249 2.6555188 2.7664618 2.7691715 2.9709644 3.3458504 2.8090268 3.1809002 2.6745752 2.6668790 2.8078088 2.6512001 2.6871989 2.6114641 2.7557140 3.1852452 2.0719954 5.4193057 
Dgig_XM_028538249.1                               1.1778001 1.4425033 1.3643186 1.4006576 1.4187977 1.1243298 1.5316742 1.4490489 1.3512673 1.9680991 2.6208302 1.7259400 2.3392993 2.4016118 3.5202394 1.1613969 1.1135828 0.7692344 1.0678579 1.1594912 1.4840170 2.0478855 1.2063152 1.1367715 1.2994112 1.7459548 1.5494154 1.3624370 1.4494921 1.5081161 1.7806188 1.8090253 0.0000000 0.2440426 0.4260577 1.5815339 1.7841874 1.8960458 1.8996716 1.8827870 1.9520871 1.8407069 1.9858427 1.5975857 2.4081356 1.7179791 2.0296293 1.9364725 1.9864419 1.5250669 2.0928773 2.0392989 2.2320690 2.5940562 2.3488545 2.5774270 3.2613607 3.2613607 2.6563250 2.6563250 2.5070174 2.5070174 2.6690532 2.6690532 2.4269317 2.4659257 2.5290364 3.6707076 3.6850739 2.0966451 2.1682902 2.1218600 2.0769773 2.6774333 2.7848894 2.9672146 2.7509174 3.0327716 2.4200476 2.4722470 2.6565034 3.0052585 2.5901654 2.4710364 2.8585497 2.3253993 2.3203809 2.5996203 2.4270360 2.4342696 2.3204106 2.4511196 2.9838124 2.3656940 5.2277417 
Xesp_012558-T1                                    1.1058252 1.2950011 1.2162144 1.2360655 1.2068960 0.0000010 5.8659403 1.3575995 1.3231326 1.7128111 2.2305273 4.3736010 1.7800997 1.7092287 9.0000000 0.9303788 0.9588347 0.9015402 0.9064931 0.9285448 0.9631681 3.1068676 0.9885862 1.0412423 1.1032229 1.8067607 1.4123314 1.1294072 1.1936088 1.2542662 1.6785490 1.8792780 0.2440426 0.0000000 1.5634137 1.2031590 1.5411522 1.9518838 2.1567811 1.9123609 2.0319095 1.9872465 2.0636949 1.4794633 1.8014997 1.6526157 1.7439084 1.8065753 1.7517805 1.5381356 1.6973637 1.6464715 1.9345837 1.8555903 1.9323739 2.2541028 4.3343561 4.3343561 2.2362582 2.2362582 2.0791695 2.0791695 1.3842968 1.3842968 2.0787964 2.0066895 1.9514939 4.9770278 5.0234020 1.5891054 1.5891054 1.8098922 1.5847833 1.3908504 1.4314313 2.9777305 1.8656015 3.0841636 2.1583184 2.2636848 2.3128195 8.5143116 2.2954945 2.6700061 2.3361292 2.0643811 1.9792234 2.3600619 2.1608774 2.5089407 2.2582096 2.4397364 2.4695084 2.2329987 4.7533884 
Xesp_012557-T1                                    2.4996369 1.8746919 1.6657517 1.6089688 1.5888907 1.4436390 1.5107454 1.6575234 1.5556638 2.8127413 3.0969118 2.0020229 3.1622834 3.1622834 4.2096054 1.4828179 1.4429079 2.2732841 1.4069596 1.5183642 2.8004522 1.8237185 2.3207223 1.9014514 1.7764011 1.7725370 2.0076310 1.7983046 1.9281611 2.1617032 2.3644032 1.8806507 0.4260577 1.5634137 0.0000000 2.0598642 2.1570469 2.0321065 2.0044397 2.0467567 2.0627093 2.0573378 2.1141604 1.8882769 3.2402955 0.0000010 3.1459705 2.2239553 2.6047608 1.6610391 2.8477027 2.6102083 2.6655833 4.0090637 2.9549007 2.9572089 3.2257227 3.2257227 3.2168981 3.2168981 3.2180607 3.2180607 2.8194459 2.8194459 3.8341473 3.2472934 3.2761263 3.2851570 3.2898047 3.0506897 3.3033127 2.9797532 2.8857633 2.9646053 2.6594008 3.4303537 2.9564525 2.9579915 3.1273629 2.9517117 3.3933543 3.0304977 4.6119586 2.9601219 3.0714036 2.8843795 3.1165719 3.4894690 2.9812046 2.4495349 2.9831620 2.9193652 3.7971923 2.5869362 7.1748164 
Spur_XM_030986492.1                               0.9444425 1.2763096 1.1604764 1.5122984 1.5262246 1.7090170 1.8814293 1.6834373 1.5093393 1.6199527 2.2902304 1.8720489 1.9540897 2.0096048 3.5325240 1.5381050 1.3906687 0.8833296 1.3302632 1.4844792 1.6795817 2.2786862 1.3297199 1.2720371 1.1851278 1.5187528 1.3159470 1.1154785 1.2954382 1.4744978 1.4294139 1.6202751 1.5815339 1.2031590 2.0598642 0.0000000 1.3792313 1.8611195 1.9353049 1.8502887 1.9569495 1.7920233 1.8946609 1.5716341 1.9791820 1.6990662 1.7346340 1.9715041 2.0855034 1.6964954 1.8376476 1.8160139 2.0363825 2.3202212 2.2022206 2.3954792 2.8326391 2.8326391 2.3016388 2.3016388 2.2557909 2.2557909 2.4070945 2.4070945 2.1080443 2.1649584 2.4192508 3.6264758 3.6407247 1.9976866 2.0658142 2.0575000 1.9582110 2.5886778 2.2448707 2.7603794 2.6827061 2.6561416 2.3023059 2.6399385 2.6000441 3.0726589 2.4693938 2.3571847 2.6672646 2.3409892 2.3163349 2.5011813 2.2915082 2.3441172 2.2620261 2.4600128 2.6405341 2.1844156 4.8192518 
Dpul_mRNA1122                                     1.2508071 1.3829977 1.3987544 1.6616936 1.6178674 2.2336624 2.1316101 1.8815529 1.8470243 1.8437517 2.4488355 1.9786341 2.1582125 2.2314557 3.1607094 1.6859500 1.6405902 1.2951228 1.5622572 1.8050406 2.0442650 2.3943969 1.7467907 1.6525462 1.3913620 1.4734126 1.1099317 1.4070886 1.3560807 1.4656416 1.0717369 1.8936148 1.7841874 1.5411522 2.1570469 1.3792313 0.0000000 2.0889603 2.0984105 2.0956510 2.2207523 2.0099276 2.1197982 1.7655920 2.2754496 1.9693795 1.8513684 2.2549382 2.3340994 2.0348299 2.0051750 2.0034662 2.0722306 2.4706190 2.3560666 2.5440021 3.1662624 3.1662624 2.4965552 2.4965552 2.4144616 2.4144616 2.3758869 2.3758869 2.3478946 2.3554360 2.5187931 3.7601976 3.7765542 2.0538268 2.1107566 2.1637094 2.0341887 2.4796747 2.6191920 2.6009024 2.3020820 2.7529252 2.4678503 2.6428281 2.6220067 2.5662283 2.5529505 2.3960908 2.9204394 2.4723388 2.6054565 2.5998976 2.4585709 2.5185105 2.3468586 2.5532160 2.8342075 2.1576681 5.0981455 
HoiH23_PlH23_001487-RA                            1.8333129 1.6802874 1.5573167 1.6784178 1.6865732 1.7386055 1.6786464 1.7870672 1.5923580 2.1677482 2.3410076 1.4371802 2.2450370 2.2893970 3.3260723 1.8695134 1.7495347 1.3957773 1.6828293 1.9772830 2.4934503 2.4292897 1.9242714 1.7154367 1.6085057 1.8693314 1.7903450 1.7147165 1.6120296 1.7630935 1.8989729 1.9573268 1.8960458 1.9518838 2.0321065 1.8611195 2.0889603 0.0000000 0.0530181 0.1310402 0.1599061 0.3005250 0.3391966 1.8855025 2.6210190 2.2912697 2.1683888 2.2225683 2.3700805 1.8001166 2.3519094 2.4536465 2.3937526 2.5925956 2.3882743 2.4091813 3.1096321 3.1096321 2.4806251 2.4806251 2.6280825 2.6280825 2.4076593 2.4076593 2.3292533 2.3828788 2.7467592 3.6508336 3.6652969 2.3645283 2.4260033 2.3528495 2.3069932 2.5722295 2.3111851 2.6388901 2.3450238 2.6582936 2.9757810 2.8764108 3.0102791 3.0931061 3.1181597 2.6929263 2.8553600 2.7390668 2.8254866 2.8108874 2.7344734 2.6463974 2.7205929 2.7848207 3.0554337 2.0568246 5.7565974 
HoiH06_mRNA8050                                   2.5817590 1.7041779 1.6126620 1.6251849 1.6301006 1.6726461 1.6657387 1.8824716 1.6576978 2.1913311 2.3751957 1.2930257 2.4507989 2.4485378 3.3394828 1.9693941 1.9412379 1.7382474 1.8190372 2.1402078 3.1983435 2.4921694 2.2413043 1.9620079 1.6625327 1.7856780 1.9264280 1.7402498 1.6764199 1.8819181 1.9481641 1.9254088 1.8996716 2.1567811 2.0044397 1.9353049 2.0984105 0.0530181 0.0000000 0.1594122 0.1585201 0.3306304 0.3771861 1.9438422 2.9643585 3.7829889 2.2112525 2.2204559 2.4357768 1.6970546 2.3747745 2.4830988 2.3931566 2.5828882 2.4468158 2.3613088 2.7550980 2.7550980 2.4162412 2.4162412 2.5664466 2.5664466 2.3929524 2.3929524 2.5079550 2.4666682 2.8600188 2.9495459 2.9645479 2.4995830 2.5899553 2.2798871 2.5034348 2.5693005 2.2631955 2.5678078 2.2865386 2.8208914 2.9825050 3.0352622 3.1014711 3.0050753 3.2012535 2.4976666 2.7153852 2.8596100 2.9897590 2.5125503 2.4350085 2.6267161 2.8716235 2.7333619 3.0062480 2.0084933 5.5570387 
