95
Pbac_sb2639046                                     0.0000000 0.0000010 0.0692242 0.0824843 0.0824843 0.2474044 0.2474044 0.2698238 0.2698238 0.3011545 0.3506393 0.3506393 0.4209430 0.2676765 0.0967630 0.0000010 0.2819260 0.7502376 0.4113904 0.2819260 0.4202947 0.6268613 0.7190688 0.6896906 0.6257300 0.6324238 0.6325136 0.7500755 0.0000010 0.6689826 0.6527050 0.7724187 0.7572039 0.8885589 0.6350631 0.6350631 0.6876272 0.7310189 0.7336248 0.6481316 0.8303994 0.8076456 0.7444240 0.9360034 0.9360034 0.9217683 0.7333507 0.7730955 0.5287425 1.1063597 0.9667450 0.7965537 0.8283497 0.9932173 0.8275128 0.7720586 0.7750019 0.7974329 0.7140508 0.8064396 0.8304249 0.8692831 3.1728021 0.8618748 0.8078033 0.9369370 1.0568112 0.9369783 0.9649253 0.7960531 0.7955452 0.8573068 0.0000010 0.7529225 1.0430036 0.7868917 1.0696023 0.9247587 0.9478393 0.9664396 1.0598760 1.1135090 1.0810714 0.9262759 0.9363209 0.8190147 0.8883158 0.8883158 0.9439486 0.9535554 1.0055678 1.3464684 2.8070119 0.4725422 2.4377569 
Horcal_Hcv1.av93.c6.g625.i1                        0.0000010 0.0000000 0.0692242 0.5896187 0.5896187 0.4661421 0.4661421 0.5905859 0.5905859 0.3776105 0.6206962 0.6206962 0.6817045 0.5561626 0.6069088 0.7976614 0.7745421 0.8657951 0.7951154 0.7737504 0.7591590 1.0576373 1.2936155 1.1537165 1.1037752 1.0847548 1.1142024 1.2191887 1.4830930 1.3584403 1.1089040 1.1770572 1.1268631 1.3067260 1.5058449 1.4369092 1.3915994 1.4191869 1.5015937 1.4176528 1.5957313 1.2380772 1.3566363 1.3439589 1.3439589 1.4297708 1.1627887 1.1640848 1.4716151 1.5282374 1.3252563 1.5275161 1.3019157 1.4398649 1.4211123 1.3547889 1.3714110 1.3331135 1.3505296 1.4114421 1.5447245 1.4357814 1.9266094 1.4625107 1.2208881 1.3157082 1.3395085 1.6610311 1.3618798 1.5909234 1.5643123 1.3858934 1.7529372 1.5174642 1.6411900 1.5871683 1.6276435 1.5477480 1.5683708 1.6691279 1.7048344 1.6051489 1.5838158 1.7401530 1.7674450 1.6283933 2.2580425 1.7239682 1.6459060 1.6465136 1.6791201 1.8281094 2.4337314 1.0068700 0.7699588 
Pbac_sb2648462                                     0.0692242 0.0692242 0.0000000 0.0000010 0.0000010 0.3215678 0.3215678 0.3505296 0.3505296 0.2664414 0.3440718 0.3440718 0.3653725 0.3022867 0.0000010 0.0000010 0.4222812 0.4222812 0.3951898 0.4222812 0.4045682 0.3908430 0.4102790 0.4595360 0.3946280 0.4114303 0.4101139 0.4468617 0.0000010 0.4468617 0.4483055 0.5999589 0.5445400 0.6132685 0.4498958 0.4498958 0.5234064 0.5234064 0.5111243 0.4832595 0.7668341 0.6915246 0.5405743 0.5209666 0.5209666 0.5951995 0.3922682 0.4183868 0.0000010 0.2944449 0.3162624 0.4849007 0.6459480 0.6459480 0.6270349 0.6289376 0.6842794 0.6155238 0.5479914 0.6789544 0.6750473 0.5421180 0.0000010 0.7937593 0.5486414 0.6072079 0.7313534 0.5130712 0.7121796 0.5558556 0.5082465 0.4920813 0.0000010 0.6402657 0.7278688 0.7175652 0.6621207 0.7487356 0.9313115 0.9452228 0.9667234 0.9836254 0.9561088 0.6527303 0.6379077 0.6351697 0.7234522 0.7234522 0.6219360 0.7278157 0.7287829 1.0322286 1.8568456 0.3644783 2.0076512 
Bolinf_Binf_sb1218224                              0.0824843 0.5896187 0.0000010 0.0000000 0.0000010 0.0000010 0.0000010 0.4361601 0.4361601 0.0564394 0.5576239 0.5576239 0.4238156 0.4475888 0.4475888 0.5857228 0.6500470 0.6500470 0.6500470 0.6615974 0.7326812 7.4698520 1.3954030 1.2034183 1.2156352 1.1587744 1.1963517 1.4290721 1.6279416 1.5642322 1.3805373 1.4086254 1.2586861 1.6612184 1.8781796 1.8371247 1.8511951 1.8511951 1.7825314 1.8269512 1.7075471 1.5844586 1.6528831 1.7570578 1.7570578 1.4840913 1.4634702 1.4742314 1.4870716 1.6416763 1.5307342 1.7757776 1.3523402 1.7670464 1.5448683 1.5470654 1.5469677 1.4279027 1.5146419 1.4634739 1.5517160 1.8425137 2.1695797 1.5673632 1.4125268 1.4172071 1.4829329 1.8934051 1.4285481 2.0260028 2.1027242 1.3703913 1.8177527 1.9779629 1.8406104 1.6798665 1.8035947 1.6099283 1.5376309 1.8996233 1.7168773 1.7132570 1.9677896 2.0018363 1.8688544 1.8984500 3.9421609 1.8368885 1.7331880 1.8919339 1.8935125 1.8576712 3.1758895 1.9610981 0.9793051 
Bolinf_Binf_sb1218225                              0.0824843 0.5896187 0.0000010 0.0000010 0.0000000 0.0000010 0.0000010 0.4361601 0.4361601 0.0564394 0.5576239 0.5576239 0.4238156 0.4475888 0.4475888 0.5857228 0.6500470 0.6500470 0.6500470 0.6615974 0.7326812 7.4698520 1.3954030 1.2034183 1.2156352 1.1587744 1.1963517 1.4290721 1.6279416 1.5642322 1.3805373 1.4086254 1.2586861 1.6612184 1.8781796 1.8371247 1.8511951 1.8511951 1.7825314 1.8269512 1.7075471 1.5844586 1.6528831 1.7570578 1.7570578 1.4840913 1.4634702 1.4742314 1.4870716 1.6416763 1.5307342 1.7757776 1.3523402 1.7670464 1.5448683 1.5470654 1.5469677 1.4279027 1.5146419 1.4634739 1.5517160 1.8425137 2.1695797 1.5673632 1.4125268 1.4172071 1.4829329 1.8934051 1.4285481 2.0260028 2.1027242 1.3703913 1.8177527 1.9779629 1.8406104 1.6798665 1.8035947 1.6099283 1.5376309 1.8996233 1.7168773 1.7132570 1.9677896 2.0018363 1.8688544 1.8984500 3.9421609 1.8368885 1.7331880 1.8919339 1.8935125 1.8576712 3.1758895 1.9610981 0.9793051 
Mertsp_Mesp_sb576703                               0.2474044 0.4661421 0.3215678 0.0000010 0.0000010 0.0000000 0.0000010 0.3557064 0.3557064 0.1486275 0.4106537 0.4106537 0.3488846 0.3637571 0.4260199 0.5857228 0.5958845 0.6808063 0.5418935 0.6060646 0.5859470 0.7100736 1.1025287 1.0247932 1.0125003 0.9812241 1.0118205 1.1122293 1.6279416 1.2090652 1.1133276 1.1599980 1.0371685 1.3342449 1.3918758 1.3711429 1.3973206 1.4176922 1.5878234 1.4048490 1.6419731 1.3000726 1.3166808 1.3816914 1.3816914 1.2771235 1.1899971 1.1930231 1.4870716 1.5496742 1.4312153 1.4058152 1.1133062 1.3470303 1.3144672 1.2219721 1.2054665 1.1599094 1.1655267 1.2281552 1.3142818 1.3667425 2.1401315 1.2782221 1.1918299 1.2112030 1.2712191 1.4457741 1.2953711 1.4886339 1.5448743 1.2138033 1.8177527 1.4536719 1.4991598 1.3395831 1.5271738 1.4473803 1.3320758 1.5216319 1.4640249 1.4697483 1.5900960 1.5450541 1.4915060 1.4647649 2.0039243 1.4116348 1.4405721 1.4660490 1.5822901 1.6901793 3.0792941 0.5429710 1.2816182 
Mertsp_Mesp_sb576704                               0.2474044 0.4661421 0.3215678 0.0000010 0.0000010 0.0000010 0.0000000 0.3557064 0.3557064 0.1486275 0.4106537 0.4106537 0.3488846 0.3637571 0.4260199 0.5857228 0.5958845 0.6808063 0.5418935 0.6060646 0.5859470 0.7100736 1.1025287 1.0247932 1.0125003 0.9812241 1.0118205 1.1122293 1.6279416 1.2090652 1.1133276 1.1599980 1.0371685 1.3342449 1.3918758 1.3711429 1.3973206 1.4176922 1.5878234 1.4048490 1.6419731 1.3000726 1.3166808 1.3816914 1.3816914 1.2771235 1.1899971 1.1930231 1.4870716 1.5496742 1.4312153 1.4058152 1.1133062 1.3470303 1.3144672 1.2219721 1.2054665 1.1599094 1.1655267 1.2281552 1.3142818 1.3667425 2.1401315 1.2782221 1.1918299 1.2112030 1.2712191 1.4457741 1.2953711 1.4886339 1.5448743 1.2138033 1.8177527 1.4536719 1.4991598 1.3395831 1.5271738 1.4473803 1.3320758 1.5216319 1.4640249 1.4697483 1.5900960 1.5450541 1.4915060 1.4647649 2.0039243 1.4116348 1.4405721 1.4660490 1.5822901 1.6901793 3.0792941 0.5429710 1.2816182 
Drygla_Dgla_sb278391                               0.2698238 0.5905859 0.3505296 0.4361601 0.4361601 0.3557064 0.3557064 0.0000000 0.0000010 0.3553882 0.4544426 0.4544426 0.4994626 0.3707845 0.4147288 0.5794856 0.6116160 0.6802550 0.6037135 0.6088541 0.7078578 0.8267248 1.1609633 1.0603633 1.0400845 1.0532383 1.0087141 1.1443628 1.4322729 1.2560078 1.1491524 1.2472669 1.0279949 1.3963898 1.3046996 1.2860222 1.2386302 1.2668146 1.3553139 1.2689561 1.4069101 1.3500800 1.1918036 1.2918246 1.2918246 1.2204626 1.2109098 1.2217983 1.4930285 1.5816383 1.3961835 1.4678172 1.1522614 1.3770606 1.2361197 1.2524299 1.2241889 1.1487047 1.1298039 1.1377676 1.2987537 1.3638239 1.9658672 1.3282941 1.2268174 1.2132364 1.3183156 1.5117715 1.3666190 1.4462733 1.5075579 1.3052219 2.0211942 1.4081769 1.5123028 1.4992678 1.6176635 1.5673341 1.4189669 1.4702342 1.4940007 1.4852874 1.5297192 1.5509926 1.5248278 1.4801827 2.0130985 1.4664848 1.6367568 1.5333532 1.6918697 1.7679820 3.1604173 0.9576997 1.4464950 
Drygla_Dgla_sb278392                               0.2698238 0.5905859 0.3505296 0.4361601 0.4361601 0.3557064 0.3557064 0.0000010 0.0000000 0.3553882 0.4544426 0.4544426 0.4994626 0.3707845 0.4147288 0.5794856 0.6116160 0.6802550 0.6037135 0.6088541 0.7078578 0.8267248 1.1609633 1.0603633 1.0400845 1.0532383 1.0087141 1.1443628 1.4322729 1.2560078 1.1491524 1.2472669 1.0279949 1.3963898 1.3046996 1.2860222 1.2386302 1.2668146 1.3553139 1.2689561 1.4069101 1.3500800 1.1918036 1.2918246 1.2918246 1.2204626 1.2109098 1.2217983 1.4930285 1.5816383 1.3961835 1.4678172 1.1522614 1.3770606 1.2361197 1.2524299 1.2241889 1.1487047 1.1298039 1.1377676 1.2987537 1.3638239 1.9658672 1.3282941 1.2268174 1.2132364 1.3183156 1.5117715 1.3666190 1.4462733 1.5075579 1.3052219 2.0211942 1.4081769 1.5123028 1.4992678 1.6176635 1.5673341 1.4189669 1.4702342 1.4940007 1.4852874 1.5297192 1.5509926 1.5248278 1.4801827 2.0130985 1.4664848 1.6367568 1.5333532 1.6918697 1.7679820 3.1604173 0.9576997 1.4464950 
Bolinf_Binf_sb1186862                              0.3011545 0.3776105 0.2664414 0.0564394 0.0564394 0.1486275 0.1486275 0.3553882 0.3553882 0.0000000 0.2881375 0.2881375 0.3002541 0.2270593 0.0370568 0.0000010 0.0988854 0.4608098 0.4296214 0.0988854 0.4706817 0.7408027 0.8275134 0.7110386 0.6814116 0.6620589 0.7287119 0.9012095 0.0000010 0.8418055 0.7226763 0.8585134 0.8058842 0.8354926 0.7953899 0.7953899 0.7828318 0.8255850 0.7283847 0.7794929 0.8962773 0.8204177 0.8145951 0.8696218 0.8696218 0.9286454 0.8319304 0.8196069 0.4984431 0.8643412 0.8358977 0.7741414 0.8981554 1.0913022 0.9553968 0.9075356 0.9788674 0.9207961 0.8800034 0.8749912 0.9631995 0.7620739 2.2048134 0.8428291 0.8920554 1.0263647 1.0943406 0.8177300 1.0417327 0.7747996 0.8779927 1.0008408 0.5942896 0.8685116 1.0516495 0.7840667 1.0508256 1.1053039 1.0152088 1.1119154 1.1147476 1.1768082 0.9876331 0.9769932 0.8045671 0.8042040 0.8903337 0.8903337 0.9123136 0.8792616 1.1759289 1.3514848 2.9975382 0.7330095 2.4371024 
Beraby_Baby_sb337861                               0.3506393 0.6206962 0.3440718 0.5576239 0.5576239 0.4106537 0.4106537 0.4544426 0.4544426 0.2881375 0.0000000 0.0000010 0.4729557 0.3626603 0.3612331 0.4571058 0.5242144 0.6161009 0.5610637 0.5217650 0.6617646 0.8040360 1.2060361 1.0858850 1.0681107 0.9730353 1.0631595 1.1402059 1.3394401 1.2314182 1.1036810 1.2118012 1.1512460 1.3170840 1.5009580 1.4417205 1.4514462 1.4837183 1.5322460 1.4266778 1.5866126 1.3670613 1.2424555 1.2732731 1.2732731 1.3915762 1.2186888 1.1881018 1.1756372 1.4325618 1.3775731 1.4546653 1.2081002 1.2941472 1.4450988 1.3635858 1.3878627 1.3105378 1.3641537 1.2534614 1.4305018 1.3507357 1.8217946 1.2901660 1.2414471 1.1711785 1.3265929 1.5398254 1.3646350 1.3737396 1.5739321 1.2791967 1.8170625 1.5208609 1.5084088 1.4867849 1.6235432 1.4067205 1.4788337 1.6318833 1.5487058 1.5579326 1.4776907 1.6059503 1.6255065 1.5177910 2.0501660 1.5636186 1.6096959 1.5561534 1.6291237 1.8205386 2.7042925 0.9029865 1.3703742 
Beraby_Baby_sb337862                               0.3506393 0.6206962 0.3440718 0.5576239 0.5576239 0.4106537 0.4106537 0.4544426 0.4544426 0.2881375 0.0000010 0.0000000 0.4729557 0.3626603 0.3612331 0.4571058 0.5242144 0.6161009 0.5610637 0.5217650 0.6617646 0.8040360 1.2060361 1.0858850 1.0681107 0.9730353 1.0631595 1.1402059 1.3394401 1.2314182 1.1036810 1.2118012 1.1512460 1.3170840 1.5009580 1.4417205 1.4514462 1.4837183 1.5322460 1.4266778 1.5866126 1.3670613 1.2424555 1.2732731 1.2732731 1.3915762 1.2186888 1.1881018 1.1756372 1.4325618 1.3775731 1.4546653 1.2081002 1.2941472 1.4450988 1.3635858 1.3878627 1.3105378 1.3641537 1.2534614 1.4305018 1.3507357 1.8217946 1.2901660 1.2414471 1.1711785 1.3265929 1.5398254 1.3646350 1.3737396 1.5739321 1.2791967 1.8170625 1.5208609 1.5084088 1.4867849 1.6235432 1.4067205 1.4788337 1.6318833 1.5487058 1.5579326 1.4776907 1.6059503 1.6255065 1.5177910 2.0501660 1.5636186 1.6096959 1.5561534 1.6291237 1.8205386 2.7042925 0.9029865 1.3703742 
Lampan_Lpan_C411953_01                             0.4209430 0.6817045 0.3653725 0.4238156 0.4238156 0.3488846 0.3488846 0.4994626 0.4994626 0.3002541 0.4729557 0.4729557 0.0000000 0.3733545 0.4069180 0.5457345 0.5462014 0.6257598 0.6323248 0.5561342 0.5948665 1.1844574 1.2563362 1.2194265 1.2102611 1.1516617 1.2186510 1.2650545 1.2305031 1.3484830 1.1437946 1.2813671 1.2608576 1.2884895 1.5463902 1.4843425 1.3738882 1.3835372 1.3964718 1.3652989 1.4323721 1.3298999 1.3665708 1.3543722 1.3543722 1.4012296 1.3172341 1.3128347 1.3111498 1.4244706 1.4000927 1.4541582 1.1589667 1.2974267 1.5262419 1.3992977 1.3199395 1.3024153 1.3065154 1.3058210 1.4554633 1.4466319 1.9397856 1.3154876 1.2024163 1.2520977 1.3897053 1.5498131 1.2956689 1.6158399 1.8260440 1.3182608 1.6832126 1.5692789 1.5292073 1.5040545 1.5354199 1.3924181 1.4531881 1.7102614 1.6447298 1.5606781 1.5606590 1.5969712 1.5832219 1.5736452 2.2326866 1.6608223 1.6308574 1.5495433 1.6543162 1.6279629 2.6344305 1.2098121 1.5393170 
Mlei_ML1066.g27.i1                                 0.2676765 0.5561626 0.3022867 0.4475888 0.4475888 0.3637571 0.3637571 0.3707845 0.3707845 0.2270593 0.3626603 0.3626603 0.3733545 0.0000000 0.0000010 0.1919147 0.5390271 0.6251315 0.5800096 0.5365518 0.6170857 0.9302723 1.2130888 1.0977378 1.0753354 1.0487292 1.0834499 1.2290688 1.6659835 1.3342499 1.1333271 1.2914696 1.1159158 1.3119982 1.3985599 1.3399567 1.3530991 1.3832465 1.3590734 1.2881765 1.3623026 1.2172198 1.2416333 1.2954482 1.2954482 1.3330942 1.2389417 1.1826358 1.3082519 1.3967236 1.4288592 1.4611873 1.2146814 1.2901468 1.4294998 1.3082992 1.3088213 1.2684032 1.3170775 1.2679152 1.4670087 1.3782315 1.9180352 1.3594671 1.1961023 1.2363845 1.3605397 1.4820954 1.3546588 1.5248021 1.5953650 1.3568497 1.9464765 1.6452549 1.5032523 1.4789350 1.6439816 1.4462224 1.4825340 1.6509191 1.5803843 1.5747100 1.5992724 1.7064035 1.6824971 1.6405607 2.1132137 1.6213335 1.7957149 1.5155856 1.6816180 1.7858534 3.0403153 0.9527324 1.3958876 
Vmul_sbMO395593                                    0.0967630 0.6069088 0.0000010 0.4475888 0.4475888 0.4260199 0.4260199 0.4147288 0.4147288 0.0370568 0.3612331 0.3612331 0.4069180 0.0000010 0.0000000 0.1919147 0.5640796 0.5640796 0.5640796 0.5614314 0.6057254 8.9999988 1.2982321 1.2127784 1.1886898 1.2264111 1.1968478 1.4882805 1.6659835 1.6256049 1.2517910 1.3083649 1.0657913 1.3842649 1.4988259 1.4761730 1.4295022 1.4803742 1.4075231 1.3752100 1.3730642 1.1674599 1.2626418 1.4762439 1.4762439 1.2704791 1.3134530 1.2561213 1.3082519 1.3689069 1.4616480 1.4834730 1.2902020 1.4702211 1.4971199 1.3897791 1.3902723 1.2397823 1.4129198 1.2912692 1.4821416 1.5752533 1.9180352 1.2775087 1.3482806 1.2317178 1.3783312 1.6334322 1.4126264 1.6142494 1.7847534 1.2949501 1.9464765 1.8967105 1.6335744 1.4888130 1.7835770 1.3441336 1.4788754 1.6865545 1.5580939 1.5126596 1.8992276 1.8574992 1.8341334 1.8931636 3.4671994 1.9198961 2.0587043 1.6010258 1.8643298 1.7431610 3.1704894 1.9610981 1.0787226 
Bolinf_Binf_sb1219360                              0.0000010 0.7976614 0.0000010 0.5857228 0.5857228 0.5857228 0.5857228 0.5794856 0.5794856 0.0000010 0.4571058 0.4571058 0.5457345 0.1919147 0.1919147 0.0000000 0.6347037 0.6347037 0.6347037 0.6313166 0.6710065 9.0000000 1.4911449 1.4849696 1.4708520 1.4526441 1.4416118 1.5163393 1.7208908 1.8750943 1.4481535 1.5432958 1.3659689 1.4134679 2.1265088 2.0888829 1.8052902 1.8052902 1.8145670 1.8697137 1.8535513 1.3737446 1.4574056 1.5807384 1.5807384 1.4620716 1.5488957 1.4966169 1.4812292 1.6567235 1.7007443 1.6807850 1.4847412 1.6081843 1.8378704 1.5943609 1.6559786 1.4822721 1.6818552 1.4994602 1.8840296 1.7427978 1.7296616 1.4606373 1.5154308 1.4693608 1.5848421 1.9620265 1.7152630 2.0102023 2.2110095 1.5331598 2.1298278 2.2964964 1.8694875 1.8706170 2.0500092 1.5088788 1.8149900 2.1308699 1.8886627 1.6770145 2.1384258 2.3204500 2.2235040 2.2464886 5.8848915 2.3880404 2.6785537 1.8327377 2.3433567 1.8948256 2.7847239 0.0000010 0.9223770 
Coeast_Cast_sb804722                               0.2819260 0.7745421 0.4222812 0.6500470 0.6500470 0.5958845 0.5958845 0.6116160 0.6116160 0.0988854 0.5242144 0.5242144 0.5462014 0.5390271 0.5640796 0.6347037 0.0000000 0.0000010 0.0000010 0.0051189 0.3954237 6.5041111 1.3065705 1.0785521 1.0536410 1.0424604 1.0387782 1.2098888 1.2787088 1.4177647 1.1886177 1.2083885 1.0372640 1.3283507 1.5040020 1.4723347 1.4178397 1.4333489 1.4003058 1.3908942 1.3768172 1.2139759 1.2547327 1.3899736 1.3899736 1.2795556 1.4125888 1.3147119 1.4575196 1.6293341 1.3866007 1.3441336 1.1863322 1.5256503 1.4823489 1.3615893 1.3243018 1.2767101 1.3240400 1.1212485 1.3470888 1.6219121 1.9563800 1.2406387 1.4543511 1.1899610 1.3312033 1.3849576 1.3598719 1.5677897 1.6647476 1.3616860 1.9190298 1.7177425 1.5507885 1.5893891 1.5147590 1.3909723 1.5907313 1.7402255 1.8220047 1.7504113 1.9104549 1.8363684 1.4999597 1.4668870 3.2704529 1.6688856 1.7820689 1.6895154 1.7773444 1.5214895 2.7428410 1.0749553 1.4485610 
Coeast_Cast_sb804725                               0.7502376 0.8657951 0.4222812 0.6500470 0.6500470 0.6808063 0.6808063 0.6802550 0.6802550 0.4608098 0.6161009 0.6161009 0.6257598 0.6251315 0.5640796 0.6347037 0.0000010 0.0000000 0.0214690 0.0051189 0.4223834 7.9859836 1.4601928 1.2152871 1.2068246 1.1739150 1.1688462 1.3870091 1.2787088 1.5625774 1.3088378 1.3310606 1.2614723 1.4943842 1.6694693 1.6367531 1.5609502 1.5772396 1.5545733 1.5180501 1.5361859 1.3672782 1.3936846 1.5651905 1.5651905 1.4257807 1.5518094 1.4721566 1.4575196 1.7829686 1.5199216 1.4951458 1.3271289 1.6192212 1.6576519 1.4848011 1.4639600 1.4343257 1.4723969 1.2827270 1.4884169 1.7641615 1.9563800 1.4181115 1.6097714 1.3097593 1.4634127 1.5267950 1.5579271 1.7028562 1.8216999 1.5794678 1.9190298 1.8642664 1.7509584 1.7942970 1.7350164 1.5943121 1.7207856 1.8767254 2.0603179 2.0304410 2.1362963 2.0809962 1.6577917 1.5896054 3.6039735 1.8576065 2.1173947 1.8199474 1.9887391 1.7869378 2.7428410 1.0749553 1.4485610 
Coeast_Cast_sb804720                               0.4113904 0.7951154 0.3951898 0.6500470 0.6500470 0.5418935 0.5418935 0.6037135 0.6037135 0.4296214 0.5610637 0.5610637 0.6323248 0.5800096 0.5640796 0.6347037 0.0000010 0.0214690 0.0000000 0.0051189 0.3653200 0.1650019 1.2453850 1.1050800 1.0785364 0.9878675 1.0158250 1.1380367 1.2787088 1.2708495 1.1354766 1.2156614 1.0615873 1.2859452 1.3736494 1.2961316 1.3073145 1.3164980 1.3400979 1.2611723 1.4103943 1.2549999 1.2307806 1.3320702 1.3320702 1.2596231 1.2293680 1.1494360 1.4575196 1.6855055 1.3837438 1.4214584 1.2171458 1.4489193 1.3900324 1.3221367 1.3214197 1.2928361 1.3024290 1.1847689 1.4122960 1.5198794 1.9563800 1.3161289 1.3024912 1.2607278 1.3759522 1.3783222 1.2593634 1.4876346 1.5033476 1.3258311 1.9190298 1.5035740 1.4875103 1.5211289 1.5471905 1.4213567 1.5066549 1.5984210 1.6836117 1.6706815 1.6078536 1.7288683 1.5217507 1.4092284 2.1167618 1.4943607 1.5739336 1.6509051 1.6224079 1.6978987 2.6069849 0.8422361 1.5478106 
Coemet_Cmet_scaffold20090_01                       0.2819260 0.7737504 0.4222812 0.6615974 0.6615974 0.6060646 0.6060646 0.6088541 0.6088541 0.0988854 0.5217650 0.5217650 0.5561342 0.5365518 0.5614314 0.6313166 0.0051189 0.0051189 0.0051189 0.0000000 0.4041798 6.5041111 1.3095663 1.0753066 1.0503912 1.0391634 1.0355160 1.2055905 1.2719231 1.4144422 1.1852312 1.2153619 1.0372640 1.3299541 1.5008022 1.4691209 1.4210978 1.4366563 1.4035018 1.3940659 1.3839144 1.2166944 1.2385272 1.3916490 1.3916490 1.2824789 1.4175244 1.3193621 1.4630858 1.6350500 1.3898133 1.3408207 1.1933269 1.5353648 1.4857490 1.3583995 1.3272936 1.2781880 1.3270608 1.1224905 1.3502314 1.6187392 1.9525672 1.2269776 1.4473397 1.1926342 1.3342391 1.3927979 1.3580922 1.5644619 1.6737409 1.3648527 1.9261815 1.7270798 1.5475037 1.5690034 1.5361260 1.3876490 1.5709803 1.7495182 1.7996027 1.7287409 1.9363102 1.8331452 1.5077249 1.4744865 3.2704529 1.6476200 1.7596982 1.7127106 1.7868240 1.5295300 2.7346081 1.0749553 1.4485610 
Vmul_sbMO407055                                    0.4202947 0.7591590 0.4045682 0.7326812 0.7326812 0.5859470 0.5859470 0.7078578 0.7078578 0.4706817 0.6617646 0.6617646 0.5948665 0.6170857 0.6057254 0.6710065 0.3954237 0.4223834 0.3653200 0.4041798 0.0000000 0.6058949 1.1898180 1.1754814 1.1368588 1.1446989 1.1474508 1.1989023 1.6010553 1.3199338 1.2031760 1.1562992 1.0652769 1.2332839 1.3831297 1.3812712 1.2287789 1.2373710 1.3726819 1.2598623 1.4321199 1.2049625 1.2389492 1.4133150 1.4133150 1.1048046 1.1841761 1.2060987 1.5477391 1.6170440 1.4274834 1.3227592 1.0825186 1.1556230 1.3802487 1.3535687 1.3679734 1.2722459 1.2900206 1.1064003 1.2570013 1.3882487 1.9040832 1.2535270 1.2056284 1.2291068 1.4194465 1.5234313 1.4384782 1.4922562 1.5334011 1.1325931 1.7299884 1.4865966 1.4743294 1.4841877 1.4394023 1.5064389 1.4886546 1.5884896 1.4946176 1.5061001 1.6705282 1.5993800 1.3662382 1.2802381 2.1789487 1.4739975 1.5856749 1.4611733 1.5512091 1.4588320 3.6010799 0.9290122 1.5958109 
Coeast_Cast_sb804721                               0.6268613 1.0576373 0.3908430 7.4698520 7.4698520 0.7100736 0.7100736 0.8267248 0.8267248 0.7408027 0.8040360 0.8040360 1.1844574 0.9302723 8.9999988 9.0000000 6.5041111 7.9859836 0.1650019 6.5041111 0.6058949 0.0000000 1.2647330 1.2965540 1.2338983 1.0535076 1.1046725 0.9829205 2.6398714 1.1709156 1.1903535 1.3505745 1.1968922 1.3581441 1.2870174 1.1334511 1.2229796 1.2229796 1.4903447 1.2075817 2.0753766 1.4711109 1.3932018 1.4021877 1.4021877 1.4172494 1.0790118 0.9464883 8.3009422 3.1196327 1.5921740 1.6701445 1.4617851 1.2668518 1.3264720 1.3995758 1.5086868 1.4709693 1.4277397 1.3907366 1.7028154 1.4557682 6.1149735 1.6876870 1.2749124 1.4072714 1.4475452 1.5947651 1.0770516 1.4973593 1.3847344 1.2395953 0.0000010 1.3299154 1.3287500 1.4403272 1.7350222 1.4958216 1.5645112 1.4879557 1.4532446 1.4968410 1.2586487 1.5865995 1.7698294 1.5191190 1.2783301 1.4102244 1.1852749 1.5984968 1.3122422 1.9032113 2.3457997 0.9724330 2.2911566 
Stycar_maker-SC_scaffold5314-snap-gene-0.17-mRNA-1 0.7190688 1.2936155 0.4102790 1.3954030 1.3954030 1.1025287 1.1025287 1.1609633 1.1609633 0.8275134 1.2060361 1.2060361 1.2563362 1.2130888 1.2982321 1.4911449 1.3065705 1.4601928 1.2453850 1.3095663 1.1898180 1.2647330 0.0000000 0.7555339 0.7488657 0.7219414 0.7491286 0.7385922 0.9217363 0.9279166 0.7781050 0.8097849 0.7084921 0.6777899 1.0299038 0.9830342 0.9789770 1.0002147 0.9481899 0.9046953 1.1112014 0.8771550 0.8913259 0.8955465 0.8955465 0.7800845 0.9019554 0.8493699 0.9496751 0.9462145 0.7798880 0.8546604 0.7708435 0.8688069 0.8513690 1.0527985 0.9581631 0.8570867 0.8113076 0.9979865 1.1748308 0.8573402 1.1521362 0.8994881 0.6348973 0.8502253 0.8656029 0.9273119 0.8014295 1.0169682 1.2217210 0.6000816 0.7804759 1.2581722 1.1902140 1.2488795 1.1830335 1.2920286 1.2853505 1.2679475 1.2005756 1.2659891 1.3376534 1.3967962 1.3217135 1.3688513 1.8260450 1.2548113 1.3896059 1.5140325 1.4023408 1.4128042 1.9642116 0.6547800 2.2543342 
Spis_XP_022790350_1                                0.6896906 1.1537165 0.4595360 1.2034183 1.2034183 1.0247932 1.0247932 1.0603633 1.0603633 0.7110386 1.0858850 1.0858850 1.2194265 1.0977378 1.2127784 1.4849696 1.0785521 1.2152871 1.1050800 1.0753066 1.1754814 1.2965540 0.7555339 0.0000000 0.0390162 0.1487553 0.1076186 0.1611514 0.1163017 0.3015428 0.4518566 0.4342555 0.6443346 0.6956322 1.0436404 0.9907914 1.0584253 1.0609619 1.0239164 1.0122274 1.0834458 0.7544466 0.7420432 0.7202903 0.7202903 0.7872772 0.9166289 0.9087611 1.0064051 0.9915403 0.7286687 0.7481840 0.6485417 0.8337103 0.8260769 0.9110952 0.8558710 0.8747432 0.7860427 0.8857825 1.0627350 0.7688760 0.9347144 0.8825692 0.8820933 0.8996065 0.8955154 0.7560598 0.8680783 1.1560011 1.2280444 1.0072994 1.2027168 1.1811273 1.0323486 1.1560805 1.0978987 1.1248369 1.3023889 1.2913912 1.3084506 1.4150331 1.3066759 1.3444541 1.2686577 1.2286116 1.7785552 1.2627585 1.4590880 1.3648555 1.5165606 1.4206125 0.9404802 0.2543320 1.6720366 
Pocdam_XM_027184705.1                              0.6257300 1.1037752 0.3946280 1.2156352 1.2156352 1.0125003 1.0125003 1.0400845 1.0400845 0.6814116 1.0681107 1.0681107 1.2102611 1.0753354 1.1886898 1.4708520 1.0536410 1.2068246 1.0785364 1.0503912 1.1368588 1.2338983 0.7488657 0.0390162 0.0000000 0.1470758 0.1036733 0.1538530 0.1143943 0.2913603 0.4725946 0.4375540 0.6327922 0.6957152 0.9877797 0.9355894 1.0550798 1.0575992 1.0268487 1.0157563 1.0379177 0.7592831 0.7390401 0.7263142 0.7263142 0.7608430 0.9528894 0.9398996 1.0724045 1.0546483 0.7675299 0.7378107 0.6557078 0.8057895 0.8034514 0.8917256 0.8288300 0.8407023 0.7410441 0.8727848 1.0291290 0.7842670 0.9549463 0.9153733 0.8775077 0.8903396 0.9390171 0.7758594 0.8290995 1.1378211 1.2043355 0.9955034 1.2145147 1.1906639 1.0018058 1.1677032 1.0728158 1.1103424 1.2852215 1.2772069 1.3028222 1.3798046 1.3035068 1.3020926 1.2618291 1.2581820 1.7886259 1.2805105 1.4447651 1.3706299 1.5028341 1.4015729 0.8590282 0.2171102 1.5941599 
Gasp_gasp1.m3.23234.m1                             0.6324238 1.0847548 0.4114303 1.1587744 1.1587744 0.9812241 0.9812241 1.0532383 1.0532383 0.6620589 0.9730353 0.9730353 1.1516617 1.0487292 1.2264111 1.4526441 1.0424604 1.1739150 0.9878675 1.0391634 1.1446989 1.0535076 0.7219414 0.1487553 0.1470758 0.0000000 0.0847711 0.1367958 0.1832284 0.2604968 0.4315350 0.4236264 0.6290369 0.6490916 0.9919828 0.9385870 1.0085373 1.0109539 1.0189082 0.9754998 1.0671301 0.7463348 0.7402830 0.7472890 0.7472890 0.7197054 0.9029751 0.8621608 1.0544194 1.0475617 0.7773156 0.7306331 0.6938630 0.7853088 0.8323242 0.9085548 0.8988268 0.8736167 0.7505621 0.8481122 1.0691485 0.7987464 1.0361592 0.9131400 0.8997177 0.8242984 0.8160234 0.7863742 0.8003331 1.0838438 1.1741938 0.9744876 1.2675681 1.1811079 1.0718960 1.2387008 1.1467076 1.0343897 1.2501720 1.3284648 1.3420600 1.4110472 1.3242103 1.2902449 1.2484773 1.1566623 1.7673877 1.1970910 1.3331961 1.3619658 1.5263792 1.3712289 0.9804338 0.1436877 1.8382176 
Fspp_ffun1.m4.18065.m1                             0.6325136 1.1142024 0.4101139 1.1963517 1.1963517 1.0118205 1.0118205 1.0087141 1.0087141 0.7287119 1.0631595 1.0631595 1.2186510 1.0834499 1.1968478 1.4416118 1.0387782 1.1688462 1.0158250 1.0355160 1.1474508 1.1046725 0.7491286 0.1076186 0.1036733 0.0847711 0.0000000 0.1130693 0.1018978 0.2438571 0.4822687 0.4380346 0.6333957 0.6772210 0.9985635 0.9455538 1.0257559 1.0282148 0.9732194 0.9700743 1.0750197 0.7835944 0.7650589 0.7554525 0.7554525 0.7612439 0.9393692 0.9395848 1.0777063 1.0196177 0.7785227 0.7560510 0.6478440 0.8511469 0.8681809 0.9448156 0.9215270 0.8635465 0.7907458 0.8544659 1.0672869 0.7938941 0.9726476 0.9464119 0.9415909 0.8628269 0.8730264 0.7854720 0.8757394 1.1584782 1.2258837 1.0097045 1.1719834 1.1948722 1.0432606 1.2165662 1.1673851 1.1496157 1.2847954 1.3759796 1.3503807 1.4616047 1.3134875 1.3442899 1.3108353 1.2175858 1.7999155 1.2371112 1.3599473 1.4181103 1.5502965 1.4529536 0.8168861 0.1657561 1.6438353 
Amil_Amillepora24767-RA                            0.7500755 1.2191887 0.4468617 1.4290721 1.4290721 1.1122293 1.1122293 1.1443628 1.1443628 0.9012095 1.1402059 1.1402059 1.2650545 1.2290688 1.4882805 1.5163393 1.2098888 1.3870091 1.1380367 1.2055905 1.1989023 0.9829205 0.7385922 0.1611514 0.1538530 0.1367958 0.1130693 0.0000000 0.0000010 0.0476159 0.4543169 0.4340513 0.7497274 0.6730972 1.0177161 0.9687262 0.9670564 0.9696912 0.9659541 0.9342712 1.1026071 0.7827963 0.7630030 0.7558861 0.7558861 0.7414272 0.9234906 0.8881041 1.1323669 1.0310741 0.8903223 0.8076314 0.6507937 0.6960005 0.8769256 0.9913977 1.0186335 0.9377435 0.8162922 0.9406174 1.0956550 0.8900015 1.0588838 1.0190591 0.9880914 0.8318701 0.8893383 0.7445731 0.8543698 1.1473972 1.2626117 1.0249896 1.2070538 1.1837348 1.1498918 1.2338078 1.2056423 1.1917775 1.4570717 1.3942726 1.4852860 1.5230793 1.4274382 1.3664148 1.2760163 1.2569100 2.0009214 1.2705351 1.4220116 1.4184526 1.6191816 1.4784407 0.5144909 0.1589850 1.6686778 
Adig_XM_015898812.1                                0.0000010 1.4830930 0.0000010 1.6279416 1.6279416 1.6279416 1.6279416 1.4322729 1.4322729 0.0000010 1.3394401 1.3394401 1.2305031 1.6659835 1.6659835 1.7208908 1.2787088 1.2787088 1.2787088 1.2719231 1.6010553 2.6398714 0.9217363 0.1163017 0.1143943 0.1832284 0.1018978 0.0000010 0.0000000 0.0107454 0.4176660 0.4011201 0.8563241 0.8585559 1.2867037 1.2685598 1.0759486 1.0759486 1.1029041 1.0800780 1.1483433 0.7822758 0.7889189 1.0924048 1.0924048 0.8651694 1.1793771 1.1350660 1.0694581 1.3902035 0.9614056 0.8470632 0.7483743 0.9034514 0.9328054 1.2932258 1.1363861 1.1034797 0.8412458 0.9569522 1.0707100 0.8585265 0.9317686 1.1126010 1.4170060 1.0149129 1.0330319 1.1406001 0.7906185 1.5442059 2.2329634 1.0928996 1.3603374 1.5192142 1.3640922 1.5415607 1.4903174 1.6189734 2.0903380 1.7918526 1.7873437 2.0444837 1.9974605 1.7629529 1.4419834 1.5438633 8.9999980 1.8205142 2.1112761 2.3516183 2.0917545 1.4088962 0.4212719 0.0000010 1.3468855 
Adig_XM_015897345.1                                0.6689826 1.3584403 0.4468617 1.5642322 1.5642322 1.2090652 1.2090652 1.2560078 1.2560078 0.8418055 1.2314182 1.2314182 1.3484830 1.3342499 1.6256049 1.8750943 1.4177647 1.5625774 1.2708495 1.4144422 1.3199338 1.1709156 0.9279166 0.3015428 0.2913603 0.2604968 0.2438571 0.0476159 0.0107454 0.0000000 0.5697492 0.5707222 0.8585561 0.8141546 1.1747576 1.1319218 1.1672681 1.1701980 1.2297837 1.1387055 1.3111607 0.9098822 0.8937668 0.9118047 0.9118047 0.8829101 1.0713090 1.0846701 1.3105511 1.2670027 1.0391708 0.8548147 0.8397198 0.9489970 0.9766310 1.1802843 1.2250471 1.1495754 0.9791215 1.0780627 1.2543558 1.0601288 1.3702461 1.1405270 1.1494208 0.9687201 1.0446592 0.9401854 0.9490726 1.2815976 1.4327920 1.1519080 1.8622761 1.3193669 1.3230883 1.4619856 1.4188840 1.3610688 1.5889931 1.5115436 1.7195117 1.7864993 1.6925363 1.5259757 1.4393593 1.3991403 2.0156868 1.4161834 1.5911898 1.6192551 1.7830910 1.6529673 0.5481178 0.2152995 1.8714780 
Exapal_XM_021048196.2                              0.6527050 1.1089040 0.4483055 1.3805373 1.3805373 1.1133276 1.1133276 1.1491524 1.1491524 0.7226763 1.1036810 1.1036810 1.1437946 1.1333271 1.2517910 1.4481535 1.1886177 1.3088378 1.1354766 1.1852312 1.2031760 1.1903535 0.7781050 0.4518566 0.4725946 0.4315350 0.4822687 0.4543169 0.4176660 0.5697492 0.0000000 0.3967685 0.6939863 0.7267862 0.9533747 0.8933458 0.8455023 0.8474441 0.8296717 0.7980645 0.9182114 0.7947687 0.8158758 0.8268904 0.8268904 0.7911848 0.9852660 0.8885682 1.1016792 1.0729137 0.8560443 0.8347208 0.7442287 0.8882014 0.8555505 0.8990921 0.9207680 0.8286260 0.8416807 0.9986582 1.0000925 0.7444700 0.9551733 0.9080041 0.9580784 0.8152690 0.8294795 0.8747911 0.8760793 1.1293593 1.1471913 0.9920301 1.2492974 1.2377591 1.2379546 1.2252766 1.3357484 1.2691510 1.3266237 1.3647899 1.3916985 1.4287210 1.3324831 1.3251529 1.4000520 1.3883123 1.9623094 1.3117853 1.5806068 1.4205749 1.4778916 1.5180831 1.4907297 0.5279436 2.1791515 
Nvec_v1g166761                                     0.7724187 1.1770572 0.5999589 1.4086254 1.4086254 1.1599980 1.1599980 1.2472669 1.2472669 0.8585134 1.2118012 1.2118012 1.2813671 1.2914696 1.3083649 1.5432958 1.2083885 1.3310606 1.2156614 1.2153619 1.1562992 1.3505745 0.8097849 0.4342555 0.4375540 0.4236264 0.4380346 0.4340513 0.4011201 0.5707222 0.3967685 0.0000000 0.7388168 0.6643978 1.0115794 0.9803250 0.9887518 0.9910607 0.8877979 0.9088145 0.9594820 0.7744540 0.7587731 0.8923921 0.8923921 0.8288207 0.9765035 0.9548059 1.0714600 1.0108323 0.7447077 0.8435998 0.7349356 0.8557991 0.9284712 0.9308157 0.8991877 0.7999103 0.7978078 0.9673837 1.1075534 0.8145867 0.9454236 0.9298499 0.9932592 0.8688265 0.8744736 0.7997725 0.8671509 1.1501312 1.2206358 1.0040602 1.2879381 1.2107718 1.1664856 1.3114167 1.2694517 1.2567953 1.3273981 1.3208322 1.3478063 1.3680404 1.3694705 1.3497912 1.4824647 1.3278410 1.8328637 1.2201917 1.6524566 1.3913626 1.4206973 1.5322417 1.5096939 0.6808401 1.9264431 
Skow_XM_006825832.1                                0.7572039 1.1268631 0.5445400 1.2586861 1.2586861 1.0371685 1.0371685 1.0279949 1.0279949 0.8058842 1.1512460 1.1512460 1.2608576 1.1159158 1.0657913 1.3659689 1.0372640 1.2614723 1.0615873 1.0372640 1.0652769 1.1968922 0.7084921 0.6443346 0.6327922 0.6290369 0.6333957 0.7497274 0.8563241 0.8585561 0.6939863 0.7388168 0.0000000 0.6972182 0.9936074 0.9165235 0.9475853 0.9680087 0.8004652 0.9055018 0.8181782 0.6659112 0.6420412 0.6672889 0.6672889 0.6913678 0.7402720 0.7642527 0.8689578 0.7114736 0.6670660 0.7407235 0.9029383 1.0373543 0.8508193 0.9567153 0.9664655 0.8270026 0.7974310 1.0916494 1.0932051 0.8569802 1.2177104 0.7867332 0.8785952 0.8351250 0.8526441 0.9201793 0.8174726 0.8119979 1.0288176 0.9530216 1.6083784 1.1189170 1.0793082 1.1095057 1.2022331 1.3613548 1.1712380 1.1415726 1.3616551 1.4057683 1.1930608 1.4797723 1.2316415 1.2157187 1.2102033 0.9673390 1.2687378 1.3289184 1.3639444 1.3803262 2.1979191 0.7127517 1.8977415 
Bralan_BLAG14000841_1                              0.8885589 1.3067260 0.6132685 1.6612184 1.6612184 1.3342449 1.3342449 1.3963898 1.3963898 0.8354926 1.3170840 1.3170840 1.2884895 1.3119982 1.3842649 1.4134679 1.3283507 1.4943842 1.2859452 1.3299541 1.2332839 1.3581441 0.6777899 0.6956322 0.6957152 0.6490916 0.6772210 0.6730972 0.8585559 0.8141546 0.7267862 0.6643978 0.6972182 0.0000000 1.1294704 1.0828249 0.9840648 1.0061128 1.0336343 0.9670932 1.0763576 0.6874078 0.8486629 0.7795082 0.7795082 0.7155329 0.8834599 0.8787884 0.8362142 0.9240713 0.8086532 0.7208745 0.9471942 1.0299714 0.9192672 1.0014501 1.0336778 0.9040487 0.9989685 1.0435997 1.1064286 0.7611032 1.0725644 0.7746867 0.9202925 0.9054621 0.9051667 0.9152688 0.9835892 0.9513899 1.1999967 0.9173523 1.1783645 1.2148719 1.1262437 1.1254536 1.3043146 1.2196027 1.3322460 1.3039079 1.4042397 1.4250230 1.4261587 1.5426581 1.2801521 1.3116051 1.7157236 1.2752121 1.5661530 1.2834061 1.5113378 1.4887875 2.0821902 0.8911011 2.3086198 
Tadh_TriadT50137                                   0.6350631 1.5058449 0.4498958 1.8781796 1.8781796 1.3918758 1.3918758 1.3046996 1.3046996 0.7953899 1.5009580 1.5009580 1.5463902 1.3985599 1.4988259 2.1265088 1.5040020 1.6694693 1.3736494 1.5008022 1.3831297 1.2870174 1.0299038 1.0436404 0.9877797 0.9919828 0.9985635 1.0177161 1.2867037 1.1747576 0.9533747 1.0115794 0.9936074 1.1294704 0.0000000 0.0067449 0.2897270 0.2933871 0.2131359 0.2665092 0.2536244 1.1261400 1.0486301 1.0709201 1.0709201 1.0135317 1.1303110 1.1291324 1.4020358 1.3241327 1.1136173 1.1716908 1.1284100 1.2555637 1.2111811 1.0715069 1.1958983 1.0860773 1.0080504 1.2545593 1.3322891 1.1799702 1.5340117 1.1003414 1.1916986 1.2334516 1.3049063 1.3880048 1.1228809 1.2446100 1.3749179 1.3622127 1.9645008 1.2498164 1.2923669 1.4713887 1.6631151 1.5721402 1.4268135 1.3421795 1.4993702 1.4358537 1.5520029 1.5641131 1.5242760 1.6441337 2.1917838 1.4653961 1.6631540 1.5664349 1.5412517 1.6821123 2.2277541 0.9001287 2.5682689 
TrH2_TrispH2_001740-RA                             0.6350631 1.4369092 0.4498958 1.8371247 1.8371247 1.3711429 1.3711429 1.2860222 1.2860222 0.7953899 1.4417205 1.4417205 1.4843425 1.3399567 1.4761730 2.0888829 1.4723347 1.6367531 1.2961316 1.4691209 1.3812712 1.1334511 0.9830342 0.9907914 0.9355894 0.9385870 0.9455538 0.9687262 1.2685598 1.1319218 0.8933458 0.9803250 0.9165235 1.0828249 0.0067449 0.0000000 0.2813820 0.2849527 0.2083143 0.2583141 0.2485895 1.0496358 1.0075398 1.0072302 1.0072302 0.9556284 1.0497481 1.0528171 1.3777801 1.3048008 1.1063287 1.0934888 1.0810825 1.1947618 1.0937145 0.9958645 1.1160250 0.9915389 0.9075740 1.1659045 1.2617104 1.1130489 1.5343394 1.0590497 1.1066198 1.1321116 1.2453836 1.3278784 1.0544822 1.1724129 1.3409757 1.2637551 1.9544707 1.1915660 1.2740536 1.3831904 1.6072735 1.5301702 1.3391891 1.2577949 1.4241434 1.3855656 1.5650830 1.4750851 1.4312766 1.5749672 2.1310383 1.3884304 1.5875008 1.4902781 1.4717968 1.5468455 2.2619640 0.7353674 2.5231407 
Hhon_g05237.t1                                     0.6876272 1.3915994 0.5234064 1.8511951 1.8511951 1.3973206 1.3973206 1.2386302 1.2386302 0.7828318 1.4514462 1.4514462 1.3738882 1.3530991 1.4295022 1.8052902 1.4178397 1.5609502 1.3073145 1.4210978 1.2287789 1.2229796 0.9789770 1.0584253 1.0550798 1.0085373 1.0257559 0.9670564 1.0759486 1.1672681 0.8455023 0.9887518 0.9475853 0.9840648 0.2897270 0.2813820 0.0000000 0.0033759 0.0907923 0.0963871 0.1678996 1.0150947 0.8895472 1.0405542 1.0405542 0.8668012 1.1162310 1.0267565 1.3283020 1.2474003 1.1169571 1.0512348 1.0342913 1.1475680 1.0971801 1.0432271 1.1339446 0.9896407 0.9020909 1.1036508 1.1801914 1.1320166 1.6664607 1.0199734 1.1604595 1.1583407 1.2472617 1.3080583 1.1633318 1.2011653 1.5008210 1.2599711 2.0931122 1.2707665 1.3886607 1.3260357 1.6072313 1.5575150 1.4244718 1.3384032 1.4631199 1.3774930 1.5892387 1.5289376 1.5040319 1.5606228 2.4130149 1.5356175 1.7027183 1.4753688 1.5396447 1.5862516 2.1114158 1.0989609 2.5493393 
HoiH04_mRNA16455                                   0.7310189 1.4191869 0.5234064 1.8511951 1.8511951 1.4176922 1.4176922 1.2668146 1.2668146 0.8255850 1.4837183 1.4837183 1.3835372 1.3832465 1.4803742 1.8052902 1.4333489 1.5772396 1.3164980 1.4366563 1.2373710 1.2229796 1.0002147 1.0609619 1.0575992 1.0109539 1.0282148 0.9696912 1.0759486 1.1701980 0.8474441 0.9910607 0.9680087 1.0061128 0.2933871 0.2849527 0.0033759 0.0000000 0.0961582 0.1007987 0.1748036 1.0235604 0.9010331 1.0462645 1.0462645 0.8668349 1.1313699 1.0408755 1.3283020 1.2709393 1.1364637 1.0640072 1.0408355 1.1557925 1.1101682 1.0557574 1.1470829 1.0016563 0.9135338 1.1142959 1.1829291 1.1458917 1.7011377 1.0434725 1.1605444 1.1683218 1.2579856 1.3109841 1.1662336 1.2187259 1.5206832 1.2873841 2.0931122 1.2858101 1.4074163 1.3563925 1.6075429 1.5727576 1.4383270 1.3385761 1.4924018 1.3905394 1.6055615 1.5434596 1.5205684 1.5819535 2.4442455 1.5510833 1.7262108 1.4788478 1.5553804 1.5865595 2.1114158 1.0989609 2.5493393 
HoiH06_mRNA11653                                   0.7336248 1.5015937 0.5111243 1.7825314 1.7825314 1.5878234 1.5878234 1.3553139 1.3553139 0.7283847 1.5322460 1.5322460 1.3964718 1.3590734 1.4075231 1.8145670 1.4003058 1.5545733 1.3400979 1.4035018 1.3726819 1.4903447 0.9481899 1.0239164 1.0268487 1.0189082 0.9732194 0.9659541 1.1029041 1.2297837 0.8296717 0.8877979 0.8004652 1.0336343 0.2131359 0.2083143 0.0907923 0.0961582 0.0000000 0.0395878 0.1655478 1.0184180 0.8940467 1.1428607 1.1428607 0.9211813 1.1735795 1.0735681 1.3037238 1.2265339 1.0453190 1.0632050 1.0075763 1.1593383 1.0619576 0.9713359 0.9587404 0.9171895 0.7853964 1.0711459 1.1765392 1.1933945 1.5799694 1.0036830 1.1333183 1.1003045 1.2578764 1.2762779 1.2056145 1.3369607 1.5670269 1.2936547 2.0802072 1.3662153 1.4184067 1.4668981 1.6466483 1.5855647 1.4004062 1.3660716 1.5373597 1.4556621 1.7907389 1.5460822 1.5174610 1.6182862 2.9010918 1.5038142 1.8241308 1.5669041 1.6911231 1.6694070 2.0063660 1.9070971 2.3990842 
