106
Morvir_scaffold121.g7.t1                                            0.0000000 2.6758710 1.9974268 2.4927105 2.7181477 2.4044501 2.4701846 2.7821820 2.6237273 2.3598516 2.0707826 2.6789644 3.0444046 2.9829522 2.4748682 2.4216972 2.4280591 2.3734761 2.6944435 3.1006351 2.6040899 3.5442170 3.2647342 3.0765537 2.8973772 3.9099913 2.7589077 2.3122947 2.3586007 2.4020793 1.9861364 2.3790622 2.3544865 2.3954289 2.4173524 2.3976203 2.4029396 2.4336090 2.3275101 2.4727926 2.4907000 2.3208132 2.5699592 2.3904368 2.4258153 2.4092753 2.4853076 2.5349419 2.3616583 2.3078326 2.4545647 2.4322217 2.5659363 2.5272714 2.2303082 2.3780395 2.7213521 2.5584583 3.1936591 2.5389339 2.5585927 2.2365709 2.5049072 4.7252136 2.6162030 2.7317456 2.4000777 2.1300284 2.6134482 2.4163140 2.5720146 2.5484836 2.5307508 2.5771397 2.4979350 2.4979350 2.3668916 2.4890037 2.5980439 2.2928300 2.2999977 2.3836398 2.6068530 2.5191634 2.5590243 2.4133914 2.6158902 2.1935400 1.7145489 2.7714537 2.7041685 2.4898980 2.6543673 2.5642179 2.7102192 2.0508317 2.4424560 2.1740812 3.5008239 5.8493311 6.2339007 6.7592253 3.4898087 4.5131929 3.9416409 5.0858793 
Lcom_lcpid220706                                                    2.6758710 0.0000000 0.0000010 1.3210062 1.4377203 1.2576050 1.2532913 1.5258345 1.3173355 1.1253502 0.0000010 1.2828658 1.3947146 1.3947146 1.0676989 0.9995796 1.1334665 0.6579114 1.2789266 0.7719894 1.0415603 0.0000010 4.1140342 1.0460608 1.5464440 1.3025408 1.0678533 0.9770678 1.1833094 1.1015322 0.5210745 1.0337884 1.0450572 1.2299866 1.1111418 1.1016326 1.0914775 1.0914775 1.1308892 1.1155181 1.1155181 1.5668229 1.2367581 1.1556182 1.0939431 1.1572725 1.1510626 1.3215326 1.2625320 1.0597376 1.0151591 1.0567635 1.0033023 1.0292803 1.1536774 1.1432414 1.0782650 1.1042437 1.3630754 0.8945649 1.0376644 1.0638861 1.4195001 1.4748923 1.3983018 1.5843980 1.2300537 0.0000010 0.0000010 1.6080013 2.1136810 1.7082051 1.7082051 1.6420382 1.5506111 1.5506111 1.6411992 1.6411992 1.7490034 1.8219524 1.8094692 1.6694126 4.4261819 1.7911807 1.5429951 1.3781759 2.1917846 1.3684358 0.0000010 1.4254717 1.3274406 1.2863500 1.2712149 0.0000010 1.7079613 2.2085334 0.0000010 3.5761520 0.0000010 0.0000010 5.2017443 5.5973290 2.2629020 0.0000010 2.4702977 3.5646331 
Lcom_lcpid227068                                                    1.9974268 0.0000010 0.0000000 1.1701206 1.2353039 1.1337726 1.1116366 1.1964192 0.9532110 0.9187438 0.0000010 0.9247817 0.9018396 0.9140192 1.0419932 0.9975915 0.8676617 0.8736861 0.9716861 1.0821366 1.0323302 1.0838639 0.7312767 2.1879379 0.9973764 1.1604377 0.9287614 0.9412014 0.9853653 0.9145637 0.0000010 0.9107446 1.0368858 1.0815101 0.8498503 0.8397079 0.8214597 0.8214597 0.8502057 0.8190796 0.8190796 1.2138969 0.9080702 0.9102798 0.9643085 1.0129384 1.0245885 1.2121604 0.9859711 1.1260158 1.0405964 0.9965054 1.0638963 0.9861593 1.0302016 0.8530059 1.3044353 1.0519643 0.0000010 0.8103687 0.8503498 1.2439974 0.8437390 7.6826518 1.0425992 1.1891047 0.8833306 0.0000010 0.0000010 1.4300353 1.4300353 1.5576709 1.5576709 1.6626740 1.4543693 1.4543693 1.5326177 1.5326177 1.5326177 1.2990238 1.3462156 0.0000010 1.4268807 1.4130361 1.4526426 1.5080100 1.5870736 1.8151823 0.8140672 1.6696310 1.5413412 1.5456484 1.3896745 8.9990947 1.6416193 1.6827188 2.5801830 2.0986633 0.8824329 6.6525412 6.9115892 4.7634946 1.4051498 0.0000010 1.6959602 0.4797052 
Lcom_lcpid75362                                                     2.4927105 1.3210062 1.1701206 0.0000000 0.2670537 0.2577708 0.2469801 0.5816825 0.9500320 0.9299567 0.8555470 0.9124132 1.0205349 1.0330514 1.0109356 0.9031318 0.8754471 0.9143495 1.1273851 1.0885367 1.0279489 1.3038836 1.3864168 1.4112459 1.3165236 1.2938146 1.1123649 0.7866183 0.8190143 0.9887567 0.8334203 1.0248112 0.8403440 0.9353223 0.8071220 0.8196422 0.8011674 0.8102242 0.8693565 0.8219357 0.8603069 0.8937109 0.8291572 0.8720208 0.8654705 0.8921908 0.8597698 0.8848555 0.8952832 0.9043366 0.9764674 0.9377369 0.9473412 0.9459223 0.9919934 0.9388286 0.9946902 0.9699743 1.3342935 1.1309705 1.0740077 1.1397779 1.0659619 1.2606711 1.2851146 1.3585944 1.0790422 1.0133014 0.9323897 1.2754301 1.4044887 1.3766452 1.3636069 1.4341747 1.1136256 1.1136256 1.2095403 1.2937050 1.2097816 1.3853866 1.3917507 1.6430204 1.2295293 1.4087763 1.3074071 1.2121424 1.2377411 1.2311938 1.5305284 1.5627574 1.5294805 1.4363305 1.4246410 1.9110030 1.5352452 2.1089419 2.3230743 2.8524067 1.7501590 3.0960223 4.3475584 4.6833860 1.8305476 3.2180347 2.3504127 3.2064741 
Gracom_Gcom_scaffold8398_01                                         2.7181477 1.4377203 1.2353039 0.2670537 0.0000000 0.1687900 0.1667607 0.6367786 0.9278614 0.8864657 0.0000010 0.8585056 1.1677523 1.1729053 1.1823286 0.9570898 0.9243265 1.0895575 1.1870474 1.0777550 1.0272923 1.1784184 1.3433084 1.4888588 1.0588616 1.1521675 1.2032092 0.7791509 0.8373209 1.1529824 0.9867898 1.0949334 0.8962196 1.0000272 0.7288576 0.7342981 0.7391826 0.7391826 0.7385132 0.7387720 0.7653443 0.9279508 0.8987292 0.9133460 0.9720163 0.9793630 0.9176579 0.9646819 1.0431770 0.9657109 1.1065075 1.0055446 1.0403442 0.9841597 1.0993455 1.0104736 1.1499482 1.1538486 2.1659809 1.2742241 1.2423803 1.3497667 1.0121987 1.1493462 1.4508721 1.5074037 1.2030920 0.0000010 0.0000010 1.3534395 1.3915103 1.4125253 1.4125253 1.4059409 1.2604031 1.2604031 1.3074457 1.3074457 1.2509021 1.4276602 1.4272506 2.1284133 1.2448393 1.5002780 1.3540891 1.4030993 1.3279108 1.3544797 1.5872531 1.5998865 1.5511772 1.6303406 1.4712696 2.7701397 1.6408677 2.1762865 3.0204546 2.4940172 1.8324754 3.8030034 3.7497470 3.8818903 1.9719531 3.1810194 2.3975687 2.9901047 
Leuniv_Lniv_C807686_01                                              2.4044501 1.2576050 1.1337726 0.2577708 0.1687900 0.0000000 0.1934441 0.6063786 0.8595683 0.8494418 0.8440269 0.8821211 1.0772792 1.0768670 1.0374751 0.8662776 0.8647197 0.9038873 1.0871840 1.0339449 1.0337044 1.2454001 1.2925554 1.3604317 1.2511664 1.1820121 1.1003291 0.7673645 0.8210678 1.0420273 0.8272736 1.0208343 0.8379905 0.9523533 0.7910514 0.7947077 0.8171882 0.8073299 0.8016970 0.7950034 0.8300214 0.9421001 0.8436810 0.8852561 0.8630470 0.8941644 0.8384355 0.9537386 0.8987622 0.8678618 0.9799130 0.9534489 0.9577628 0.9016600 0.9993133 0.9274677 1.0154409 1.0216317 1.2379699 1.0873765 1.0551363 1.2714058 1.0747894 1.1992391 1.3318058 1.4670111 1.0895323 0.9707995 0.9071811 1.2651953 1.3802154 1.2759042 1.3664647 1.3655895 1.1980049 1.1980049 1.2492113 1.3670260 1.3119193 1.3128942 1.3098257 1.5960755 1.3026127 1.3829155 1.2669695 1.3323036 1.2880744 1.3040779 1.6614196 1.4749804 1.4600556 1.3641247 1.3582216 1.6683381 1.4249591 1.8890720 2.3819778 2.5653165 2.0574708 3.5586766 4.4583334 4.5842085 1.8205823 2.9952217 2.5012307 3.1100888 
Scil_scict012928.1                                                  2.4701846 1.2532913 1.1116366 0.2469801 0.1667607 0.1934441 0.0000000 0.6064011 0.8681245 0.8451741 0.8028026 0.8640683 1.0480953 0.9956405 0.9591840 0.8529187 0.8345442 0.9024535 1.1132491 1.0321626 0.9655892 1.2024999 1.3170745 1.3470291 1.2276738 1.1377942 1.0629007 0.7757749 0.7934151 0.9830232 0.7760583 1.0294238 0.8087950 0.9140017 0.7603748 0.7772029 0.7787235 0.7818979 0.7849028 0.7734424 0.7950414 0.9213108 0.8065462 0.8583549 0.8941557 0.8957095 0.8994243 0.9728563 0.9604230 0.9035482 0.9330607 0.9238126 0.9411051 0.9010807 1.0021258 0.9429080 0.9925907 1.0222543 1.2441737 1.0889744 1.0657533 1.2337211 1.0570810 1.2201471 1.2313302 1.4009653 1.0489819 0.9865160 0.8764451 1.1953032 1.2818107 1.2729191 1.2835351 1.3378160 1.1833077 1.1833077 1.2564014 1.3641271 1.2539552 1.3260848 1.3349405 1.5405782 1.2484320 1.3636775 1.2464614 1.2426195 1.2922863 1.2628558 1.5525792 1.4839269 1.4672106 1.3926084 1.3498495 1.8068966 1.5186216 1.9219628 2.4576536 2.6033532 1.7867196 3.5511589 4.3940906 4.4818855 1.9177320 3.1607116 2.4622483 3.1010184 
Clacor_Ccor_scaffold5479_01                                         2.7821820 1.5258345 1.1964192 0.5816825 0.6367786 0.6063786 0.6064011 0.0000000 0.8256755 0.7960471 0.0000010 0.7993268 0.8051337 0.8089739 1.0696286 0.9812419 0.9677324 1.0505656 0.9718654 0.9668561 1.0290633 0.9437428 1.0976588 1.4679330 1.1531517 1.2851039 1.2175544 0.7809866 0.8277953 1.0385162 3.0890144 1.1887273 0.8339468 0.8634208 0.7148703 0.7205164 0.6889354 0.6889354 0.7378583 0.7406213 0.8126248 0.8225465 0.8583745 0.9650036 0.9751169 0.9842472 0.9104780 1.0512475 0.9046222 0.8740568 1.0851763 0.9119725 0.9042589 0.9399864 1.0301225 0.9138029 1.1019623 1.0653298 2.6268230 1.2414016 1.1181815 1.2797540 0.9814427 1.4179966 1.5380294 1.5314349 1.0794081 0.0000010 0.0000010 1.3849550 1.3380544 1.4585894 1.4585894 1.4271839 1.1375252 1.1375252 1.3240578 1.3240578 1.1807418 1.4183718 1.4102388 4.5526452 1.1659452 1.5561799 1.3091074 1.4655724 1.2199772 1.9968328 1.3666426 1.7564581 1.6757296 1.6012641 1.7491237 2.7925271 1.6703407 2.1120124 3.5116522 2.5850812 1.6935276 3.3703484 3.6794849 3.7956359 1.6529348 2.6802686 2.0810157 2.7250314 
Aque_Aqu2.1.28507_001                                               2.6237273 1.3173355 0.9532110 0.9500320 0.9278614 0.8595683 0.8681245 0.8256755 0.0000000 0.2008160 0.6704425 0.6373854 0.7840216 0.7607744 0.9317231 0.8190909 0.8646570 0.8351237 0.9456254 0.8608824 0.9083999 0.8709230 0.9446433 1.2179182 1.0770376 1.1095173 0.9469269 0.8020383 0.7819831 0.8434735 0.8019785 0.9731033 0.7726910 0.8074371 0.7030097 0.7081956 0.6924131 0.7090968 0.6904949 0.6856914 0.6930556 0.7440302 0.8387121 0.7993047 0.7094197 0.7424032 0.7630554 0.8400455 0.8856928 0.8342529 0.8496297 0.9842077 0.9922573 0.9473729 1.0504798 0.9482026 1.0076617 1.0179289 1.4972810 1.0388143 1.0561052 1.1540335 0.9975371 1.1060872 1.2443144 1.3464007 1.1059463 1.1240041 1.0558746 1.3412169 1.3904526 1.3644718 1.3546094 1.5039552 1.1268607 1.1268607 1.2622194 1.3962279 1.2351894 1.3168249 1.3490233 1.7227146 1.2089871 1.3203783 1.3809101 1.2774360 1.2446993 1.2429481 1.1400743 1.5565155 1.4537450 1.3773204 1.4259098 2.2236801 1.4291191 1.8643825 2.3250713 2.2000344 1.5694124 3.2733757 4.2340708 4.2877522 1.6223826 3.0873672 2.2302388 3.1291035 
Halamb_c47850_g1_i1m.23106                                          2.3598516 1.1253502 0.9187438 0.9299567 0.8864657 0.8494418 0.8451741 0.7960471 0.2008160 0.0000000 0.6215183 0.6312339 0.8395605 0.7946549 0.9085967 0.8207028 0.8528327 0.8913622 0.9457399 0.8745498 0.9469341 0.8274762 0.9413504 1.2837964 1.0455429 1.1180263 0.9146349 0.8065610 0.7760708 0.8447146 0.8843995 1.0498636 0.8130417 0.8361714 0.7362874 0.7351425 0.7143609 0.7267787 0.7039347 0.7202319 0.7351053 0.6786060 0.8617809 0.8132480 0.7642532 0.7820285 0.8015708 0.8966003 0.9020499 0.8372990 0.8327145 0.9054766 0.8964716 0.8949307 0.9741433 0.8928205 1.0041615 1.0352835 1.5130805 1.0170752 1.0466723 1.1706062 1.0265653 1.0789846 1.1699444 1.3421035 1.1041158 1.0460322 1.1379061 1.3180142 1.3795363 1.3475750 1.3698059 1.4292375 1.1921975 1.1921975 1.1682141 1.2588497 1.1521634 1.2994618 1.3170747 1.6246594 1.1973162 1.3141003 1.3388163 1.2504023 1.2164337 1.2229719 0.9834275 1.5498187 1.4402529 1.3272648 1.4337860 1.9733986 1.3898601 1.7570414 2.3548811 2.2918341 1.4795237 3.1443869 4.0273373 3.9582775 1.5702638 2.9889355 2.2570418 3.1425013 
Stycar_maker-SC_scaffold5358-snap-gene-0.30-mRNA-1                  2.0707826 0.0000010 0.0000010 0.8555470 0.0000010 0.8440269 0.8028026 0.0000010 0.6704425 0.6215183 0.0000000 0.4305815 0.5496239 0.5542282 1.0806194 0.7653986 0.8290374 0.8066582 0.0000010 2.2531721 0.9110004 0.0000010 0.0000010 1.3064564 1.5655929 1.2151250 0.6911127 0.8115756 0.7808330 0.8604041 0.7061952 0.7061092 0.8025000 0.7304948 0.7036356 0.6799897 0.6888494 0.8276227 2.9779139 0.7602519 0.7808267 0.0000010 0.8329094 1.0281771 1.0282510 0.9710968 0.9504851 0.9253233 0.9806669 0.9161611 0.7710943 1.1244983 0.7896121 1.1169014 0.8148590 0.8994890 0.9837244 0.8565055 0.8565055 0.8909326 0.8359322 1.2335535 1.3731266 0.0000010 1.0242934 1.3791326 0.9642186 1.1307941 1.1665969 0.8216009 0.0000010 1.1072808 0.9102519 1.2474860 2.8524935 2.8524935 0.4768814 7.1514968 0.0000010 1.1287462 1.1287462 1.2941090 0.0000010 1.0026326 1.1919293 0.8419929 0.0000010 0.6408423 0.0000010 1.5427923 1.5252817 1.4440671 1.2678161 1.9866520 1.3490493 1.4934599 2.2652870 3.4856975 0.0000010 2.5303868 6.4808418 7.6605928 1.7820834 2.9936553 4.6164120 3.0902102 
Tetwil_g23727.t1                                                    2.6789644 1.2828658 0.9247817 0.9124132 0.8585056 0.8821211 0.8640683 0.7993268 0.6373854 0.6312339 0.4305815 0.0000000 0.5765696 0.5657559 0.9561354 0.8131912 0.9107013 0.8589110 0.9127330 0.9351182 0.9806963 1.0252783 1.1515010 1.4481818 1.2374319 1.2350531 1.1816449 0.7393467 0.7549466 0.8586492 0.9294615 0.8334443 0.7460419 0.7541936 0.7174312 0.7061799 0.6860075 0.7011959 0.7027340 0.6675129 0.6977602 0.7362422 0.8562455 0.9215197 0.7950018 0.8254096 0.8447529 0.9449059 0.8610199 0.8071202 0.8325257 0.9735666 0.8873326 0.9429147 0.9128803 0.9058552 0.9747369 1.0642045 1.5131758 1.0041349 0.9907840 1.1714778 0.9064602 0.7246338 1.1492973 1.3082762 0.9881049 1.1351172 0.8121927 1.1494209 1.1532143 1.1737646 1.1646179 1.2381054 1.0751320 1.0751320 1.1936477 1.1936477 1.0816798 1.1856259 1.2072406 1.8560979 1.1516653 1.2617056 1.1885798 1.0830606 1.1570353 1.3536924 1.0291644 1.6994854 1.6106677 1.5144877 1.6572743 2.1329601 1.7024402 1.9078037 2.2322980 2.4195980 1.3561958 2.8128118 3.6990929 4.0749874 1.4911176 3.0105949 2.5504547 2.7220085 
Spolac_c103588_g1_i1_m.35014c103588-g1                              3.0444046 1.3947146 0.9018396 1.0205349 1.1677523 1.0772792 1.0480953 0.8051337 0.7840216 0.8395605 0.5496239 0.5765696 0.0000000 0.0167250 1.1386002 0.9639726 0.9787052 0.9476119 1.0488815 1.0034452 1.0524888 1.0057114 1.1913152 1.3505249 1.0320902 1.3526812 1.0728614 0.8601244 0.8599773 1.0038904 0.8878195 1.0783630 0.8863921 0.8288203 0.8244319 0.8102572 0.7892376 0.7892376 0.8395429 0.8079494 0.8375747 0.8644270 0.9064990 0.9201902 0.9204602 0.8842866 0.9387875 0.9460088 0.8952791 0.8648911 0.9213864 1.0062064 0.9238347 0.9852196 1.0514848 1.0325109 1.0189442 1.1169083 1.6166024 1.1768702 1.1387452 1.2189374 1.0753782 1.0621178 1.3097294 1.3782776 0.9831314 0.6911338 1.5512691 1.3005547 1.2924605 1.3468654 1.3622922 1.4377362 1.1973394 1.1973394 1.3288519 1.4303496 1.2527715 1.3332638 1.3507774 1.7367755 1.2254718 1.3689119 1.3996940 1.2833061 1.1859964 1.2467117 1.2416995 1.6053428 1.5508894 1.5769399 1.5691846 1.9408500 1.6907618 2.0365843 2.7754753 2.2945725 1.4330467 3.1660486 4.7839885 4.5833294 1.7541906 3.0385928 2.0142056 3.6220658 
Spolac_c103588_g1_i2_m.35016c103588-g1                              2.9829522 1.3947146 0.9140192 1.0330514 1.1729053 1.0768670 0.9956405 0.8089739 0.7607744 0.7946549 0.5542282 0.5657559 0.0167250 0.0000000 1.1551544 0.9428031 0.9503811 0.8649479 1.0640910 1.0221428 1.0464865 1.0385796 1.1913152 1.4047129 1.2178328 1.2454281 1.0866003 0.8783912 0.8681940 0.9676457 0.9154326 1.0476486 0.8631325 0.8552505 0.8499502 0.8381652 0.8283169 0.8702973 0.8431414 0.8521423 0.8755370 0.8771908 0.9152469 0.9345966 0.9034684 0.8808656 0.9421164 0.9799319 0.9411784 0.9059351 0.9215305 1.0470002 0.9515604 1.0472244 1.0599623 1.0938067 1.0756711 1.1363148 1.5191840 1.2157944 1.1675944 1.2696998 1.0595970 1.0621178 1.3561379 1.4517035 1.0301378 1.3158949 0.8817984 1.2718292 1.2912439 1.3802868 1.3615134 1.4612647 1.2069335 1.2069335 1.3339276 1.4362139 1.2591011 1.3783595 1.3936850 1.8449570 1.2254718 1.4000149 1.3646226 1.2495027 1.1841418 1.2467117 1.2416995 1.7153180 1.6113009 1.6028818 1.6319628 2.2118940 1.7877667 2.0056751 2.6729424 2.5207422 1.4330467 3.1412847 4.8029695 4.8439274 1.7876934 3.0679183 2.4265328 2.9530201 
Spur_XM_003729388.3                                                 2.4748682 1.0676989 1.0419932 1.0109356 1.1823286 1.0374751 0.9591840 1.0696286 0.9317231 0.9085967 1.0806194 0.9561354 1.1386002 1.1551544 0.0000000 0.8687355 0.8935932 0.8088051 0.9429627 0.9211615 0.9216731 0.8638507 0.7738134 1.3071666 1.2133186 1.1210196 0.9373438 0.8064832 0.8865851 0.8337110 0.6399672 0.9129842 0.7844845 0.8333659 0.8600385 0.8532253 0.8525187 0.8871270 0.9315778 0.8478340 0.9064890 0.8779756 0.8393590 0.9281319 0.9136513 0.9138301 0.9037706 0.9074309 0.9940240 0.9651675 0.7742911 0.9224925 0.8464285 0.8479424 0.9192269 0.8929315 0.9872123 0.9967280 1.1424400 1.0481299 0.9915526 1.0965995 1.1231989 1.3610163 1.2158877 1.2896965 1.1526644 1.0869418 0.9434533 1.4539685 1.8279094 1.5126487 1.5569728 1.5889820 1.6280428 1.6280428 1.4874170 1.6130865 1.5339507 1.5596595 1.5727381 1.7237108 1.3805191 1.4997899 1.4154487 1.4242137 1.6382799 0.9789976 0.9126745 1.5142233 1.5293084 1.3975523 1.4873602 2.0809670 1.5110854 1.8057166 2.2133638 2.7740408 1.9689721 3.6453891 5.0167970 4.7449960 1.5748858 3.6510991 1.8699688 3.3277616 
Spis_XP_022779281_1                                                 2.4216972 0.9995796 0.9975915 0.9031318 0.9570898 0.8662776 0.8529187 0.9812419 0.8190909 0.8207028 0.7653986 0.8131912 0.9639726 0.9428031 0.8687355 0.0000000 0.2114351 0.2496026 0.2885655 0.3221579 0.2827458 0.3747419 0.4509602 0.5190029 0.3214487 0.4112829 0.3910903 0.5702340 0.5655048 0.6911662 0.5987513 0.7588341 0.5925436 0.6833205 0.7297133 0.7295202 0.7031758 0.7129551 0.7017341 0.7265256 0.7617869 0.7921871 0.7892279 0.7794632 0.7955655 0.7568101 0.7922901 0.7701391 0.7430443 0.7306974 0.7726065 0.9946969 1.0021783 0.7962391 0.9087298 0.9106560 1.0247315 0.9244174 1.2187871 1.0500944 0.9870089 1.1194036 1.0122815 1.2415835 1.1966204 1.2867603 1.1655070 1.0483537 0.3243430 1.1240631 1.3038495 1.2360413 1.2269477 1.3180071 1.2920480 1.2920480 1.2205042 1.3547346 1.2210508 1.2939007 1.3180504 1.5576539 1.2252519 1.2860541 1.2122488 1.2088056 1.3203911 0.9724182 1.0197743 1.5721399 1.4960239 1.3942431 1.4259807 1.7911818 1.5434576 1.7884803 2.4388432 2.5204206 1.6998693 2.0078349 3.3500535 3.2849471 0.7312073 2.0445041 1.7430929 1.9835857 
Gasp_gasp1.m3.2570.m1                                               2.4280591 1.1334665 0.8676617 0.8754471 0.9243265 0.8647197 0.8345442 0.9677324 0.8646570 0.8528327 0.8290374 0.9107013 0.9787052 0.9503811 0.8935932 0.2114351 0.0000000 0.2164503 0.2728676 0.2921326 0.2983363 0.3166281 0.4093996 0.5370362 0.5321879 0.4334919 0.3910941 0.5456874 0.5399941 0.7330611 0.6350077 0.7946886 0.6009468 0.7253185 0.7595128 0.7495383 0.7316571 0.7465509 0.7390928 0.7309674 0.7729899 0.8750703 0.7704252 0.8295401 0.7763062 0.7323006 0.7935991 0.8304134 0.7411936 0.7384809 0.8183948 0.9282564 1.0045704 0.8472629 0.9257898 0.8810063 0.9950677 0.9178071 1.2425555 1.0385893 0.9820052 1.1794647 1.0428323 1.4947195 1.1530848 1.2404821 1.2157617 1.0751447 0.2385908 1.2856948 1.5099296 1.3834654 1.3981994 1.4511783 1.2875618 1.2875618 1.3624327 1.5291319 1.3514953 1.3430432 1.3631587 1.7219433 1.2496205 1.4053979 1.3523253 1.2933678 1.3908553 1.1493459 1.0269206 1.5541850 1.4995206 1.4358698 1.4869265 1.8251473 1.5785052 1.8827283 2.3202976 2.4728065 1.6602692 1.8270305 3.3406420 3.2964674 0.7214890 2.1147822 1.5401803 1.7351527 
Amil_Amillepora28824-RA                                             2.3734761 0.6579114 0.8736861 0.9143495 1.0895575 0.9038873 0.9024535 1.0505656 0.8351237 0.8913622 0.8066582 0.8589110 0.9476119 0.8649479 0.8088051 0.2496026 0.2164503 0.0000000 0.1521607 0.2188610 0.0225982 0.3571320 0.2206636 0.0749652 0.5553347 0.1176499 0.4763136 0.5931520 0.4973659 0.7025398 0.6912336 0.7475910 0.6170716 0.6894228 0.8225838 0.8102280 0.8260028 0.8571705 0.8189897 0.7885974 0.8277517 0.8398165 0.7777683 0.8427540 0.7085827 0.6515755 0.7120145 0.7996780 0.6427227 0.6624708 0.7939535 0.9894889 0.9651448 0.8049383 0.9186724 0.9232157 0.9573292 0.8867032 0.9980574 0.9824504 0.9287484 1.0888074 1.0730173 9.0000000 1.0430487 1.1446772 1.1789510 1.0933140 0.3837100 1.0770467 1.3603210 1.1955098 1.1919544 1.2177511 1.4136515 1.4136515 1.1258357 1.3533052 1.2946332 1.1332684 1.1261759 1.0930053 1.2993609 1.0900961 1.0327877 0.9869146 1.5110184 0.8211789 1.3081851 1.4976905 1.4114954 1.3961170 1.4259857 1.9829391 1.5584253 1.8406653 2.4682780 2.5893710 2.1869266 1.3775979 2.2041003 2.5351314 0.4166067 1.6475783 1.4177554 2.3788065 
Gfas_gfas1.m1.11806.m1                                              2.6944435 1.2789266 0.9716861 1.1273851 1.1870474 1.0871840 1.1132491 0.9718654 0.9456254 0.9457399 0.0000010 0.9127330 1.0488815 1.0640910 0.9429627 0.2885655 0.2728676 0.1521607 0.0000000 0.2633517 0.2538982 0.2801897 0.3336097 0.4547111 0.4824637 0.3878987 0.4652941 0.6110536 0.6715717 0.9016389 9.0000000 0.9402417 0.6805527 0.8253422 0.7387199 0.7396075 0.7227411 0.7227411 0.7428974 0.7020614 0.7764503 0.7988511 0.8834900 0.8060398 1.0561336 1.0049018 0.9996141 1.0788939 0.8227314 0.8005826 0.9231589 0.9966507 1.0361076 0.8125692 1.0779197 0.9441075 1.1313731 1.1050540 3.1262547 1.1701628 1.1962443 1.3485780 1.0510221 1.3960904 1.4556271 1.5841418 1.3495340 0.0000010 0.0000010 1.5584945 1.5482272 1.6151847 1.6151847 1.6584622 1.3458205 1.3458205 1.5261859 1.5261859 1.3954486 1.5973035 1.6178081 5.5021258 1.2188373 1.5472376 1.5082892 1.6897302 1.3634288 1.4988149 1.0529926 1.7787084 1.7193155 1.6548806 1.6036725 2.7600749 1.7974996 1.9573476 3.9279827 2.3439488 1.6703195 1.5440431 2.5359061 2.4701803 0.6475855 1.3576665 1.3433624 1.5285640 
Adig_XM_015894334.1                                                 3.1006351 0.7719894 1.0821366 1.0885367 1.0777550 1.0339449 1.0321626 0.9668561 0.8608824 0.8745498 2.2531721 0.9351182 1.0034452 1.0221428 0.9211615 0.3221579 0.2921326 0.2188610 0.2633517 0.0000000 0.1403719 0.1790032 0.2634224 0.4541925 0.4325902 0.1616330 0.4206142 0.6127253 0.7116552 0.8773029 2.2339973 0.9174137 0.6432776 0.7870770 0.7614056 0.7444259 0.7325017 0.7325017 0.7339426 0.7010441 0.7153676 0.7614471 0.8968654 0.8940050 0.8542141 0.8514863 0.8643006 1.0455427 0.8367182 0.7792100 0.9362190 0.8887915 0.9002863 0.7988186 0.9029060 0.9408091 1.0509473 1.1025383 6.1612383 1.1706902 1.1433094 1.3511462 0.9533341 1.0809386 1.3533273 1.4049934 1.3324251 0.0000010 0.0000010 1.3806258 1.3783440 1.4700894 1.4700894 1.4621884 1.4292211 1.4292211 1.3422540 1.3578032 1.3243967 1.4490573 1.4633535 2.2531721 1.3832565 1.3893468 1.3310891 1.5076659 1.4726319 1.3486159 1.2541297 1.7733222 1.6961907 1.6349076 1.7749286 2.6489840 1.8005653 2.4685684 4.4128083 2.2736463 1.6114761 2.0024504 2.3729981 1.9687522 0.6401628 1.8724828 1.4784296 2.2418429 
Adig_XM_015916443.1                                                 2.6040899 1.0415603 1.0323302 1.0279489 1.0272923 1.0337044 0.9655892 1.0290633 0.9083999 0.9469341 0.9110004 0.9806963 1.0524888 1.0464865 0.9216731 0.2827458 0.2983363 0.0225982 0.2538982 0.1403719 0.0000000 0.1810054 0.4289200 0.2467629 0.4809476 0.1948350 0.4100935 0.6694035 0.6561809 0.8195764 0.8408063 0.8809616 0.6911896 0.7692722 0.7358344 0.7328565 0.7293766 0.7411916 0.7126431 0.7097462 0.7512429 0.8101582 0.8508791 0.8337160 0.8559844 0.8343962 0.8587434 0.8355461 0.8020466 0.7278345 0.8580977 0.9508662 1.0611054 0.9020520 1.0720037 0.9382677 1.0757335 0.9554425 1.3851022 1.0852374 1.0374828 1.1749364 1.0029827 1.4208177 1.2801023 1.4177188 1.2752300 2.3412887 1.1067252 1.2822627 1.4000508 1.3112317 1.3298954 1.3375483 1.2436671 1.2436671 1.2765900 1.4104680 1.2493556 1.3039011 1.3166160 1.5816290 1.2019278 1.2611272 1.2160034 1.3004812 1.2806185 0.9929560 1.0547711 1.5422726 1.4784363 1.4988548 1.4300672 3.2079455 1.6868280 1.8023335 3.0949395 2.3135056 1.6386792 1.2724113 3.1148794 3.0804429 0.4639021 1.4819322 1.4067835 2.3620576 
Adig_XM_015918569.1                                                 3.5442170 0.0000010 1.0838639 1.3038836 1.1784184 1.2454001 1.2024999 0.9437428 0.8709230 0.8274762 0.0000010 1.0252783 1.0057114 1.0385796 0.8638507 0.3747419 0.3166281 0.3571320 0.2801897 0.1790032 0.1810054 0.0000000 0.3310129 0.7082412 0.2189166 0.0629093 0.4174691 0.6158984 0.6766188 0.7827133 0.0000010 1.0119870 0.6630219 0.7600527 0.7829744 0.7528219 0.7878986 0.7878986 0.7482737 0.7099012 0.7099012 0.7146328 0.8383127 0.8213466 1.0371310 0.9762354 0.9717005 1.1900449 0.9281695 0.9351917 0.9623892 0.8759821 1.0647559 0.8459489 0.9931948 0.9233611 1.0716096 1.1465303 5.8201319 1.1519863 1.0828686 1.5641330 0.9155345 0.0000010 1.6224605 1.6432766 1.3474022 0.0000010 0.0000010 1.4337074 1.4337074 1.5128817 1.5128817 1.5231085 1.4774903 1.4774903 1.2574319 1.2574319 1.2574319 1.3002766 1.3166608 0.0000010 1.2957602 1.1990891 1.1946912 1.4634869 1.4713204 0.5545632 1.2041681 2.1430291 2.0174169 1.8891851 1.9994730 6.5942881 1.9207386 1.9249900 6.3281711 1.9567543 1.5271991 6.9142081 2.6712214 1.9776375 1.0439451 1.2132525 1.1030491 2.9851108 
Fspp_ffun1.m4.26524.m1                                              3.2647342 4.1140342 0.7312767 1.3864168 1.3433084 1.2925554 1.3170745 1.0976588 0.9446433 0.9413504 0.0000010 1.1515010 1.1913152 1.1913152 0.7738134 0.4509602 0.4093996 0.2206636 0.3336097 0.2634224 0.4289200 0.3310129 0.0000000 0.3674233 0.4489037 0.4010298 0.5512021 0.7352592 0.7427862 0.8177827 0.0000010 1.0006941 0.9263378 1.0174149 0.8707881 0.9131655 0.9443324 0.9443324 0.8823799 0.8554438 0.8554438 0.9309404 0.9450044 1.1126543 0.9277524 0.8484952 0.8848171 0.7332536 0.8013755 0.8173778 1.0090244 0.9699529 1.1105090 0.8475760 1.0395925 0.9964976 1.1089682 1.1880062 2.6632164 1.2267286 1.2515485 1.5963839 1.0418335 2.8775091 1.6572446 1.5954161 1.4763276 0.0000010 0.0000010 1.5273574 1.5249584 1.4092679 1.4092679 1.3527420 1.0572262 1.0572262 1.4197944 1.4197944 1.2404658 1.5001136 1.4955503 3.4357843 1.0691619 1.4706560 1.4814658 1.5341142 1.2847967 4.0150560 0.8715707 2.3612945 1.9697222 1.9990265 1.8065511 7.0306563 1.6805508 2.2893155 3.9654343 2.3718864 1.5682779 6.7363541 2.2996557 1.9893815 0.7527897 0.2824768 0.2814079 3.3932143 
Adig_XM_015916444.1                                                 3.0765537 1.0460608 2.1879379 1.4112459 1.4888588 1.3604317 1.3470291 1.4679330 1.2179182 1.2837964 1.3064564 1.4481818 1.3505249 1.4047129 1.3071666 0.5190029 0.5370362 0.0749652 0.4547111 0.4541925 0.2467629 0.7082412 0.3674233 0.0000000 0.8321758 0.3700856 0.6510759 0.9699234 0.9470507 1.1823476 1.0654916 1.3117448 1.0029202 1.1517987 1.1492247 1.1302902 1.1177978 1.0856598 1.1001615 1.0938291 1.1451186 1.2449950 1.2615995 1.2184277 1.1933638 1.1944133 1.2760352 1.2968222 1.0908886 1.0687825 1.2452319 1.4203914 1.5588718 1.2461201 1.5132356 1.3285620 1.4803439 1.3531726 1.5802369 1.4922271 1.4838264 1.6008909 1.4950597 1.2707631 1.7185713 1.8534274 1.7202523 3.9566250 1.6400210 1.6991781 2.0368037 1.9488082 1.7702114 1.8153998 2.0240118 2.0240118 1.7057550 1.9348642 1.9049298 1.8744960 1.8714863 1.7542913 1.8807242 1.7912234 1.6655160 1.7256761 2.0990974 1.0456587 1.3117792 1.9141126 1.9377496 1.9180608 1.8238095 3.6572023 2.0148132 2.3996840 4.0844619 3.2120127 2.5375851 1.3662219 3.2678957 3.2067013 0.5185481 1.3853333 1.5581296 1.8243351 
Pocdam_XM_027180949.1                                               2.8973772 1.5464440 0.9973764 1.3165236 1.0588616 1.2511664 1.2276738 1.1531517 1.0770376 1.0455429 1.5655929 1.2374319 1.0320902 1.2178328 1.2133186 0.3214487 0.5321879 0.5553347 0.4824637 0.4325902 0.4809476 0.2189166 0.4489037 0.8321758 0.0000000 0.7095572 0.4078065 0.8092550 0.7732816 0.8820851 1.1399946 1.2160147 0.8916822 1.0125034 0.9750672 0.9950624 0.9872884 0.9719282 0.8870543 0.9999961 1.0120395 0.8605477 1.0773906 1.0152427 1.0576753 0.9708296 1.0480641 1.0135149 1.0350502 0.9764311 1.0481359 1.2171450 1.3397574 1.2303650 1.1243141 1.1673899 1.4086256 1.2546321 1.6229604 1.3284366 1.3881858 1.4426784 1.3424449 2.3367843 1.6666001 1.7836695 1.4754767 3.9819252 4.8747365 1.3630440 1.5791561 1.4729821 1.2876489 1.5333567 1.2273485 1.2273485 1.3575973 1.5426176 1.4490416 1.5496744 1.5735564 1.6899217 1.0720113 1.5679157 1.5316008 1.4457823 1.3060248 0.9341333 0.7720348 1.9445238 1.8198637 1.8058132 1.8634418 7.2707010 2.1350562 2.1764091 3.7487934 3.3222331 1.0574830 6.7807224 5.2972747 4.1855135 0.8721276 1.5444389 1.6659043 2.7696597 
Amil_Amillepora28823-RA                                             3.9099913 1.3025408 1.1604377 1.2938146 1.1521675 1.1820121 1.1377942 1.2851039 1.1095173 1.1180263 1.2151250 1.2350531 1.3526812 1.2454281 1.1210196 0.4112829 0.4334919 0.1176499 0.3878987 0.1616330 0.1948350 0.0629093 0.4010298 0.3700856 0.7095572 0.0000000 0.4084689 0.7748523 0.7477752 0.9969922 0.9382474 1.0663999 0.8495043 0.9937993 0.9887783 0.9650252 0.9686210 1.0137255 0.9166001 0.9629144 0.9661013 0.9886251 1.1104339 1.0308393 1.0635232 1.0565027 1.0865585 1.1006759 1.0792620 1.0097046 0.9917659 1.2276149 1.3440354 1.1096558 1.2991633 1.1563021 1.2847651 1.0823662 1.2815156 1.2911492 1.2867756 1.5803896 1.3366776 1.7931046 1.6115938 1.8756999 1.3504525 2.3402404 0.5976294 1.8003625 2.0884886 1.8829222 1.8639081 1.8264064 1.7061100 1.7061100 1.7347676 1.8059528 1.7271007 1.8309625 1.8310041 2.0317778 1.7029896 1.7778949 1.5497651 1.8115616 1.8096920 1.1643914 1.3185543 1.9053352 1.8747102 1.9406595 2.0077698 3.2591484 2.2079892 2.3214610 2.9006700 3.5585565 1.9289410 5.6715266 4.8876927 3.8917523 1.1887906 2.2230979 1.3332838 2.9342641 
Fspp_ffun1.m4.23538.m1                                              2.7589077 1.0678533 0.9287614 1.1123649 1.2032092 1.1003291 1.0629007 1.2175544 0.9469269 0.9146349 0.6911127 1.1816449 1.0728614 1.0866003 0.9373438 0.3910903 0.3910941 0.4763136 0.4652941 0.4206142 0.4100935 0.4174691 0.5512021 0.6510759 0.4078065 0.4084689 0.0000000 0.7793977 0.6801999 0.8816576 0.5154681 1.0114914 0.7111921 0.9536226 0.8659942 0.8570804 0.8202390 0.8202390 0.9188593 0.8111190 0.8423316 0.9748962 1.0312751 0.8734904 0.9961201 0.9095792 1.0194308 0.9295758 0.9640932 0.8929701 0.9261446 1.0388932 1.0579261 0.9149055 1.0215194 0.9157853 1.0536918 1.0939935 1.3147178 1.1581752 1.1485475 1.2199642 1.1966248 1.3049101 1.4506265 1.5692376 1.1488754 0.0000010 8.9999983 1.3940833 1.6778439 1.4691790 1.4691790 1.5133279 1.5787045 1.5787045 1.3757975 1.5694871 1.4295684 1.5039261 1.5297674 1.5271315 1.6485644 1.4707346 1.4004398 1.4355798 1.6368998 1.0904459 1.3352977 1.5329488 1.5080470 1.4972864 1.4878130 4.8477270 1.5377624 1.8506544 2.6777969 2.0681427 1.8398971 4.7560494 5.7484470 4.8621522 2.6180168 6.0836006 1.1042460 2.0665744 
Exapal_XM_021040134.2                                               2.3122947 0.9770678 0.9412014 0.7866183 0.7791509 0.7673645 0.7757749 0.7809866 0.8020383 0.8065610 0.8115756 0.7393467 0.8601244 0.8783912 0.8064832 0.5702340 0.5456874 0.5931520 0.6110536 0.6127253 0.6694035 0.6158984 0.7352592 0.9699234 0.8092550 0.7748523 0.7793977 0.0000000 0.3305879 0.6684746 0.6711715 0.7538002 0.6398194 0.6891848 0.7398964 0.7249459 0.7054519 0.7241991 0.7702226 0.7137421 0.7460474 0.6155967 0.6889209 0.7194168 0.6907616 0.6737608 0.7054618 0.7782182 0.6629260 0.6361792 0.7163412 0.8648408 0.9537965 0.8237532 0.8362804 0.7373230 0.9459900 0.8776505 1.1733542 0.9077405 0.8750511 1.1476935 0.9867635 1.0491834 1.1828005 1.2144375 1.0727590 0.9214272 0.6125943 1.2143077 1.3712389 1.3403321 1.3269746 1.3693519 1.2645281 1.2645281 1.2429959 1.3558723 1.2575992 1.3745649 1.3823875 1.6075760 1.2345223 1.4102363 1.2832036 1.2098570 1.2758399 0.9458229 1.2208718 1.5860755 1.5493005 1.5203891 1.4119018 1.9588543 1.5700915 1.8545374 2.3672598 2.5540396 1.7174311 3.2710654 3.6823209 3.8648240 1.3843972 2.9299449 1.7542065 3.0434115 
Nvec_v1g238321                                                      2.3586007 1.1833094 0.9853653 0.8190143 0.8373209 0.8210678 0.7934151 0.8277953 0.7819831 0.7760708 0.7808330 0.7549466 0.8599773 0.8681940 0.8865851 0.5655048 0.5399941 0.4973659 0.6715717 0.7116552 0.6561809 0.6766188 0.7427862 0.9470507 0.7732816 0.7477752 0.6801999 0.3305879 0.0000000 0.6489856 0.6059054 0.8050751 0.6373620 0.6327119 0.7190009 0.7197327 0.6995706 0.7186618 0.7745891 0.7352377 0.7601210 0.5906511 0.7120867 0.7501418 0.6733988 0.6580256 0.6880208 0.7539650 0.6983223 0.6540636 0.7131440 0.8544419 0.9598639 0.8390108 0.8538865 0.7767046 1.0201294 0.9382137 1.1152138 1.0123398 0.9468134 1.1217519 1.0058131 1.1153854 1.2304478 1.3192412 1.1186847 0.9933596 0.5075762 1.2043241 1.3734004 1.2966825 1.2621275 1.3686308 1.2823562 1.2823562 1.2411671 1.3648535 1.2959436 1.3262905 1.3216096 1.6147585 1.1966663 1.3371051 1.1932957 1.1967170 1.2596216 0.8465485 1.1951558 1.5557480 1.5257449 1.4295392 1.5295864 2.1798103 1.7196649 1.8020239 2.5153307 2.6294853 1.6408549 3.0660558 3.5953254 3.6836606 1.3748133 3.0543423 1.8163436 2.6884660 
Acagra_model.g5824.t1                                               2.4020793 1.1015322 0.9145637 0.9887567 1.1529824 1.0420273 0.9830232 1.0385162 0.8434735 0.8447146 0.8604041 0.8586492 1.0038904 0.9676457 0.8337110 0.6911662 0.7330611 0.7025398 0.9016389 0.8773029 0.8195764 0.7827133 0.8177827 1.1823476 0.8820851 0.9969922 0.8816576 0.6684746 0.6489856 0.0000000 0.5184536 0.7165037 0.6126952 0.5497777 0.7558459 0.7705072 0.7508125 0.7730653 0.8439352 0.7641895 0.7931904 0.7088058 0.8528850 0.8374741 0.8389005 0.7924187 0.8682735 0.9119270 0.9209044 0.8564249 0.8342723 0.9347557 0.8841865 0.8627962 0.9075548 0.8035640 0.9909459 0.9079290 1.2185465 1.0376083 1.0121984 1.0925614 1.0420208 1.2271617 1.0943157 1.1879692 1.1405628 0.9597489 0.6696274 1.2460361 1.4248234 1.3358093 1.3067357 1.4469541 1.2990397 1.2990397 1.2645080 1.3463142 1.2882459 1.3143584 1.3350650 1.5874335 1.1829113 1.2789237 1.3101632 1.2231172 1.3356827 0.8889455 1.0221234 1.5347775 1.5080855 1.4906452 1.5858235 2.1313493 1.6422016 1.8371949 2.1478541 2.5287747 1.8149032 3.7659398 4.2264537 4.4318356 1.6692605 3.2275395 1.9232046 2.8721000 
Skow_XM_006818137.1                                                 1.9861364 0.5210745 0.0000010 0.8334203 0.9867898 0.8272736 0.7760583 3.0890144 0.8019785 0.8843995 0.7061952 0.9294615 0.8878195 0.9154326 0.6399672 0.5987513 0.6350077 0.6912336 9.0000000 2.2339973 0.8408063 0.0000010 0.0000010 1.0654916 1.1399946 0.9382474 0.5154681 0.6711715 0.6059054 0.5184536 0.0000000 0.5003801 0.5323975 0.4829634 0.7796138 0.7878090 0.7938963 0.8689553 1.4267022 0.8170868 0.8200438 0.0000010 0.6600480 0.8210448 0.7217135 0.7512350 0.7783694 0.8468430 0.9106215 0.9106348 0.5626583 0.9330459 0.8718225 0.9141878 0.6564310 0.8360580 0.9894123 0.8160750 0.8160750 0.8861849 0.8683036 0.9926354 1.0783720 0.0000010 0.8662077 1.0109060 0.8628171 1.0208837 0.8270293 0.8756049 0.0000010 1.1517135 0.9803281 1.3385880 2.2743292 2.2743292 0.7342752 1.1328121 0.0000010 1.2589927 1.2589927 1.3337117 0.0000010 1.1452880 1.1796056 0.9033188 0.0000010 1.0404011 0.0000010 1.2430642 1.1865371 1.2883132 1.1060391 1.9194034 1.4241207 1.6159245 2.1403413 3.1188646 0.0000010 4.3586915 5.4233618 5.7938833 1.1199436 3.3133591 2.2897918 3.5595117 
Ctel_gnl_WGS_AMQN_CAPTEDRAFT_mRNA158105                             2.3790622 1.0337884 0.9107446 1.0248112 1.0949334 1.0208343 1.0294238 1.1887273 0.9731033 1.0498636 0.7061092 0.8334443 1.0783630 1.0476486 0.9129842 0.7588341 0.7946886 0.7475910 0.9402417 0.9174137 0.8809616 1.0119870 1.0006941 1.3117448 1.2160147 1.0663999 1.0114914 0.7538002 0.8050751 0.7165037 0.5003801 0.0000000 0.6110995 0.7551784 0.8100357 0.8087795 0.8165369 0.8276586 0.8359320 0.8278375 0.8523270 0.9126805 0.8994541 0.9688346 1.0046245 1.0393944 0.9984837 0.9963179 1.0338273 1.0437115 0.8633154 0.9152837 0.7891204 0.9227474 0.9298230 0.8028751 0.9062214 0.9260361 1.2679637 0.9493723 0.9452423 1.0283164 1.1182942 1.3044784 1.1090607 1.1966780 1.0580635 0.8589559 0.6790298 1.3738149 1.6758706 1.4382249 1.4705492 1.6492177 1.3152790 1.3152790 1.3925874 1.4996334 1.4624920 1.3510893 1.3774828 1.7247400 1.4458600 1.4642417 1.4213523 1.4139718 1.5177485 1.0270162 0.9278303 1.5711007 1.5471746 1.5822097 1.4593999 2.0015899 1.5949489 2.0287599 2.2552007 2.3467507 1.7915756 3.9982259 4.3454865 4.5303775 1.5969014 3.4828337 2.2547875 2.8181104 
Bralan_BLAG08000556_1                                               2.3544865 1.0450572 1.0368858 0.8403440 0.8962196 0.8379905 0.8087950 0.8339468 0.7726910 0.8130417 0.8025000 0.7460419 0.8863921 0.8631325 0.7844845 0.5925436 0.6009468 0.6170716 0.6805527 0.6432776 0.6911896 0.6630219 0.9263378 1.0029202 0.8916822 0.8495043 0.7111921 0.6398194 0.6373620 0.6126952 0.5323975 0.6110995 0.0000000 0.5684555 0.6736582 0.6811992 0.6855960 0.7009606 0.6765214 0.6345737 0.6765940 0.6789909 0.7488050 0.7931350 0.6963809 0.6995917 0.7608215 0.8619498 0.8278115 0.7801571 0.7741407 0.8131498 0.7998254 0.7054959 0.8226188 0.8272240 0.8553756 0.8469365 1.0899054 0.9116456 0.9120868 0.9529877 0.9778665 1.1270120 1.0762725 1.1542492 1.0648455 0.8927085 0.5822095 1.2481561 1.3818599 1.3188334 1.3268144 1.4516560 1.1942484 1.1942484 1.2868408 1.4130779 1.2512318 1.3290497 1.3314284 1.7203032 1.2249778 1.3945280 1.3133952 1.2292147 1.2407779 0.9337471 0.9864630 1.4324257 1.3796692 1.4697728 1.4773919 1.9042088 1.5536283 1.9312537 2.3281779 2.2278048 1.5171067 3.1496863 3.7585285 3.9024492 1.3751591 2.7787480 2.0253491 2.7624605 
Cgig_XM_034444242.1                                                 2.3954289 1.2299866 1.0815101 0.9353223 1.0000272 0.9523533 0.9140017 0.8634208 0.8074371 0.8361714 0.7304948 0.7541936 0.8288203 0.8552505 0.8333659 0.6833205 0.7253185 0.6894228 0.8253422 0.7870770 0.7692722 0.7600527 1.0174149 1.1517987 1.0125034 0.9937993 0.9536226 0.6891848 0.6327119 0.5497777 0.4829634 0.7551784 0.5684555 0.0000000 0.6725974 0.6575789 0.6546928 0.6799845 0.7690700 0.7041070 0.7335529 0.6226372 0.7226140 0.8465064 0.8382159 0.8047489 0.8732826 0.9005917 0.8836034 0.8279331 0.7637671 0.9213177 0.8794474 0.8052736 0.9248580 0.8091893 1.0254562 1.0463999 1.4068854 1.0408018 1.0536810 1.0774557 0.9746389 1.3920314 1.1280705 1.2238891 1.1558708 0.8867622 0.8080406 1.1953626 1.3697724 1.2706764 1.2677569 1.3504742 1.1946104 1.1946104 1.2750778 1.4122008 1.3444573 1.2838007 1.3004116 1.8032511 1.2874381 1.4249006 1.3308555 1.2756998 1.2575799 1.1679871 0.8896871 1.5294739 1.4573991 1.5781549 1.5677185 1.9678177 1.5734697 1.8597068 2.4399750 2.4778475 1.5753553 2.6032712 4.0021278 4.1534305 1.2462295 3.0792518 2.2859703 3.0731004 
HoiH23_PlH23_003712-RA                                              2.4173524 1.1111418 0.8498503 0.8071220 0.7288576 0.7910514 0.7603748 0.7148703 0.7030097 0.7362874 0.7036356 0.7174312 0.8244319 0.8499502 0.8600385 0.7297133 0.7595128 0.8225838 0.7387199 0.7614056 0.7358344 0.7829744 0.8707881 1.1492247 0.9750672 0.9887783 0.8659942 0.7398964 0.7190009 0.7558459 0.7796138 0.8100357 0.6736582 0.6725974 0.0000000 0.0255806 0.0570875 0.0790302 0.1009571 0.1571238 0.1915770 0.6037353 0.7165862 0.7595064 0.7988618 0.8332145 0.7700054 0.8465869 0.7939765 0.7987556 0.8005826 0.8364431 0.8354578 0.7512030 0.8949408 0.7878311 0.8792182 0.9735032 1.2984526 1.0209763 0.9888682 1.0064261 0.8461000 0.9811148 1.1152902 1.2140438 0.9659126 1.4096310 1.0178136 1.2262123 1.3196976 1.2834204 1.2980307 1.3412256 1.1931352 1.1931352 1.2192195 1.3121524 1.1654540 1.2468083 1.2646933 1.6293934 1.2790391 1.2758702 1.3124461 1.2052101 1.2103779 1.1723889 1.0239424 1.5588822 1.4637652 1.3950570 1.3585460 2.4213477 1.5793120 1.7782247 2.4485349 2.3282241 1.4932383 3.2792244 4.0890690 3.9255315 1.5030853 2.9283705 1.7641354 3.0094393 
