86
Emue_Em0008g912a.t1                                      0.0000000 4.2976619 5.7793319 2.8248656 4.3558232 3.7379310 3.4462667 3.3488087 3.9195222 4.0479127 3.2787003 3.3898159 4.6154337 5.0257079 3.7551322 3.5346409 4.7535427 3.6118154 3.7596741 3.8250461 3.3407653 3.4172392 3.3322647 5.0839192 3.9134532 3.9196761 3.6652625 1.6189385 1.6515612 3.0721537 3.5371500 4.5863501 3.5537977 3.4844064 3.5941540 3.5941540 3.7480126 3.8731717 3.8845159 4.0354400 5.4295710 3.6403434 3.2620774 3.7408844 3.7312796 4.0161199 3.4510267 3.7450425 4.3135320 3.7255748 3.7676879 3.7727179 4.4320507 5.4586814 3.7387254 4.1376367 4.0296462 4.1623621 3.7434614 3.8317737 2.6261087 3.6590045 3.7146353 3.7994701 3.8746888 3.9308940 2.9712947 3.4716026 3.9906032 3.7222092 3.9871118 3.8342588 3.7514272 3.6487922 3.7680156 2.9042023 3.9831505 3.9831505 4.0848775 4.7667104 4.0264704 4.1088893 5.7565113 4.0943221 4.0702148 4.3097607 
Emue_Em0008g913a.t1                                      4.2976619 0.0000000 0.1248643 0.4784108 0.5423490 0.7842375 1.0053062 0.8948628 1.0313451 0.9618829 0.8799253 1.0427525 2.9461047 0.9977122 1.0717338 0.9382208 1.2505120 1.0585612 0.9636154 0.9199986 1.0613859 0.9953103 0.9918970 0.9384465 1.3613790 1.0507851 1.1384009 8.9999988 8.9999988 0.6604237 0.9141271 1.1368645 1.1567679 1.1512178 1.0299493 1.0299493 1.1467406 1.0723571 1.0600523 1.0660760 0.9423003 1.1169126 0.4230729 1.2009596 1.2579967 1.3360597 1.5489604 1.3360597 1.3136349 1.2298700 1.1549408 1.3907683 1.5416890 1.2265915 1.1552792 1.1552792 1.3536232 1.3340095 1.4586928 1.5323113 0.6642254 1.5359342 1.5359342 1.6702995 1.6169936 1.6059712 0.5037681 1.5190198 1.5790831 5.2850327 1.6076028 1.2542214 1.6127366 1.8478510 1.7410676 5.2374081 2.0100136 2.0100136 1.9915791 1.8337991 2.0564733 2.1136770 3.7852936 3.1139429 1.5795861 2.2468632 
Spolac_c89936_g1_i1_m.5967c89936-g1                      5.7793319 0.1248643 0.0000000 0.4143157 0.4815242 0.6517275 0.8049424 0.8543851 0.7694853 0.9217072 0.7598340 0.8148155 3.3935259 0.8268190 0.8556913 0.7944480 1.2525002 0.9400630 0.9073731 0.7668748 0.8822548 0.7983245 0.8175523 0.8449005 0.9214452 0.7853685 0.9270671 8.9999988 8.9999988 0.7584409 0.8766250 0.9571524 0.9831913 1.0334467 0.9001284 0.9001284 1.0432178 0.8971145 0.8971145 0.9417553 0.8743455 0.9455673 0.0000010 0.8959915 0.9739470 1.1818661 0.0000010 1.1818661 1.0474913 1.1126192 0.8547678 1.1817948 1.4520089 1.1611289 0.8923131 0.8923131 1.2048504 1.1144472 0.9563690 1.1055373 0.0000010 1.0924859 1.0924859 1.1261780 1.1499304 1.1499304 0.9130942 1.5609736 1.4996123 5.2055934 1.2098671 1.0079382 1.1645122 1.2965828 1.2708846 5.5710085 1.2385931 1.2385931 1.2498835 1.2117624 1.4481850 1.5736522 2.5384849 2.6238991 1.3761232 2.5480314 
Tetwil_g25522.t1                                         2.8248656 0.4784108 0.4143157 0.0000000 0.5064994 0.9698625 1.0419321 1.0397786 1.2025064 0.9525931 1.0449641 0.8243562 1.4503360 0.7400217 1.0896959 0.9822625 1.1909506 1.1652291 1.2480163 1.1881585 1.1226964 1.0515227 1.0291103 0.8161408 0.8825408 1.0901634 0.9680512 1.2431232 1.2699574 1.0360758 0.9436384 1.0659742 1.2173051 1.2236502 1.1192370 1.1293418 1.1437712 1.1668525 1.1588179 1.2648276 0.8212804 1.4249628 0.8421592 1.0531518 1.3533092 1.4001182 1.5691983 1.1899113 1.5031235 1.3669840 1.4487868 1.5624466 1.9660204 1.8181985 1.4907403 1.6741047 1.6574701 1.6181397 1.0601663 1.1965958 1.2032748 1.3884948 1.2914600 1.3349841 1.4576220 1.4458059 1.4140868 1.8092322 1.8642706 2.1664413 1.5346942 1.2612264 1.3257512 1.4659268 1.7192716 2.5689296 1.3438642 1.3438642 1.3204493 1.3949820 1.3286432 1.5057995 1.9339090 1.9243171 1.8156625 2.2344408 
Stycar_maker-SC_scaffold1137-snap-gene-0.11-mRNA-1       4.3558232 0.5423490 0.4815242 0.5064994 0.0000000 0.9424729 0.9776635 1.0432597 1.2136961 0.9883730 1.0014929 0.9624006 1.6808162 0.8652127 1.1684064 1.0535788 1.3258174 1.0481816 1.2359914 1.1522312 1.1463622 1.0675546 1.0407561 1.1022591 1.3208308 1.1516227 1.2329468 8.9999986 8.9999986 0.9403069 1.0040893 1.2121472 1.1978183 1.2646880 1.1685584 1.1685584 1.1571836 1.1659879 1.1566379 1.2450660 0.9835276 1.2213803 1.1065111 1.1429010 1.3901561 1.4691903 1.4850633 1.4691903 1.4043497 1.2370197 1.3745837 1.3856309 1.7272133 1.4191561 1.2673905 1.2673905 1.6386106 1.6311415 1.3125076 1.4297435 1.1381218 1.5423102 1.5423102 1.6574047 1.6288403 1.6510883 1.0247456 1.5543404 1.8138439 4.5588630 1.6764420 1.2585498 1.5912744 1.7483275 1.8163613 4.0623725 1.8415728 1.8415728 1.8685275 1.7442213 2.1017692 2.2598671 3.0048893 2.8565850 2.1627978 2.1561538 
Aque_Aqu2.1.27260_001                                    3.7379310 0.7842375 0.6517275 0.9698625 0.9424729 0.0000000 1.2712261 1.3349235 1.3608329 1.2708931 1.3555629 1.1653801 1.6922127 1.1792533 1.3857121 1.3823862 1.3958356 1.2842844 1.3651325 1.3166452 1.3705864 1.3387586 1.2559497 1.2602815 1.5596170 1.3942817 1.5099857 1.3733009 1.4033105 1.2740565 1.2715450 1.4779587 1.2935523 1.2774652 1.1633251 1.1633251 1.2334025 1.3269413 1.3258890 1.3698692 1.1012866 1.4752996 1.2252440 1.4552206 1.4857325 1.6669815 1.7400575 1.5976142 1.6020329 1.5010349 1.5389061 1.4463065 2.2141572 1.7058418 1.6593864 1.8068323 1.6397973 1.6545537 1.6332837 1.6370782 0.8260870 1.7714674 1.7424862 1.7289400 1.7392475 1.7229260 1.5852612 1.8785933 1.9410170 1.9431468 1.9848408 1.7604511 1.6411314 1.7816827 1.7425222 2.1357539 1.8228849 1.8228849 1.8275129 2.0625954 2.0359893 1.9964931 2.6871702 2.4220814 2.0690621 2.2974833 
Lcom_lcpid9987                                           3.4462667 1.0053062 0.8049424 1.0419321 0.9776635 1.2712261 0.0000000 0.5732322 0.6647122 0.6265850 1.2247728 1.0552483 1.6736232 0.7846457 1.3323736 1.3131342 1.4300571 1.3938734 1.4241028 1.3014425 1.2376413 1.1673227 1.1260510 1.0487010 1.2352875 1.2792640 1.2879140 1.3772981 1.3788164 1.1037835 1.1280429 1.4193349 1.3055665 1.2849131 1.1935028 1.1986813 1.2966270 1.2858159 1.2754030 1.4925171 1.0461945 1.6298939 1.0846051 1.4571097 1.4542672 1.3803180 1.5253754 1.2027666 1.5082441 1.5831820 1.4535665 1.5894592 1.8542447 1.7125588 1.5890745 1.8254551 1.8559703 1.8184915 1.4206166 1.5741470 1.4243048 1.7565666 1.6741035 1.6386601 1.7729524 1.7766761 1.4518594 1.7230613 1.7503876 1.8421736 1.7320076 1.3847489 1.7217566 1.8591521 1.8876532 2.4707850 1.9951907 1.9951907 1.9905039 2.0092889 1.9452661 1.9681184 3.3905138 2.3654127 1.9377043 2.0982585 
Gracom_Gcom_scaffold17244_01                             3.3488087 0.8948628 0.8543851 1.0397786 1.0432597 1.3349235 0.5732322 0.0000000 0.4518643 0.5900054 1.3566348 1.1737069 1.8251268 0.9171264 1.3800053 1.4408597 1.4264492 1.4164109 1.3324340 1.3039832 1.1989980 1.1932577 1.1361949 1.1853483 1.3857372 1.3761210 1.4707668 1.6702427 1.6721184 1.1924215 1.4062319 1.6365210 1.4245672 1.4112718 1.2981550 1.2981550 1.3953150 1.4061776 1.3909166 1.3744513 1.0577834 1.7331905 1.1322043 1.1905665 1.4367054 1.4507556 1.5840442 1.4135964 1.5248245 1.5100130 1.5433450 1.5176745 1.9335648 1.5367994 1.6978674 1.9108159 1.8068776 1.7374434 1.4994723 1.6653516 1.3856769 1.6245335 1.6338766 1.6863058 1.7454441 1.7561957 1.7040102 1.7651514 2.0234001 2.2692666 2.0287727 1.5335649 2.0042688 2.0080685 2.0751359 2.6249928 2.0933829 2.0933829 2.1203827 2.2057413 1.9760481 2.1974048 2.8672571 2.4808482 2.1938899 2.2154973 
Scil_scict020671.1                                       3.9195222 1.0313451 0.7694853 1.2025064 1.2136961 1.3608329 0.6647122 0.4518643 0.0000000 0.5993600 1.2954161 1.2074745 1.8483931 0.9346078 1.5562608 1.5646184 1.5303137 1.5243414 1.6168553 1.4842056 1.4674438 1.4933570 1.4090880 1.3398636 1.5125565 1.4730888 1.5019643 1.5099470 1.5412267 1.3304945 1.4462233 1.5948958 1.4637119 1.4589884 1.3923670 1.3914655 1.4843042 1.4511782 1.4396155 1.6470088 1.2462055 1.7228972 1.2875834 1.2997069 1.5823336 1.4682840 1.5754389 1.3528289 1.6949394 1.8268635 1.6366675 1.6695974 2.2082464 1.9150267 1.8546527 2.0051080 2.0341306 2.1552238 1.6503147 1.7731473 1.4788133 1.9804677 1.9079760 1.9928900 2.0647712 2.0704778 1.7320177 1.9499259 1.9050703 2.0506969 2.0116105 1.5630531 1.9630028 2.2642724 2.2247964 2.6501844 2.2049880 2.2049880 2.1873560 2.2185461 2.0720776 2.1106231 3.2543461 2.4266767 2.0823010 2.2324353 
Leuniv_Lniv_scaffold4641_01                              4.0479127 0.9618829 0.9217072 0.9525931 0.9883730 1.2708931 0.6265850 0.5900054 0.5993600 0.0000000 1.2853884 1.1850768 1.8316431 0.9346057 1.3343380 1.3326689 1.4978603 1.4113073 1.4295631 1.4335361 1.3633529 1.3289197 1.3084227 1.2962795 1.4709447 1.3822997 1.6618833 1.7789483 1.7823850 1.1156330 1.3104147 1.5896084 1.4751011 1.4805293 1.3797209 1.3797209 1.5106364 1.4874895 1.4791752 1.4602213 1.2282492 1.6916941 1.2137031 1.3179384 1.5225871 1.4835477 1.5221620 1.4835477 1.6140907 1.5350882 1.5434175 1.6049977 1.9521466 1.5523152 1.7320084 1.7252426 1.8215065 1.9295820 1.5561338 1.7376958 1.3302068 1.6123267 1.6231171 1.7530509 1.6957385 1.7178623 1.5205892 1.7125251 1.7507599 1.9846800 1.7922400 1.5576450 1.7306243 1.9082556 2.2104250 3.0679921 2.1379790 2.1379790 2.1614722 2.0849477 2.1306263 2.3566476 2.7253883 2.5259010 2.1519761 2.3000505 
Morvir_scaffold56.g11.t1                                 3.2787003 0.8799253 0.7598340 1.0449641 1.0014929 1.3555629 1.2247728 1.3566348 1.2954161 1.2853884 0.0000000 1.3274751 1.9905328 0.9522611 0.9083905 0.8889921 1.0757325 1.1592556 1.2858224 1.1401471 1.1944310 1.1462266 1.1011215 1.0486821 1.2557119 1.2262273 1.3009418 1.2926623 1.2940608 1.1903424 1.0513556 1.4001861 1.2015238 1.1807887 1.0766164 1.0677684 1.2233097 1.2107759 1.2065640 1.3543729 1.2014018 1.0975431 1.5303102 1.3484383 1.3093171 1.4085084 1.5863906 1.4345672 1.5007823 1.3576729 1.2833564 1.3449955 1.8456545 1.4678986 1.5665541 1.6729299 1.6492945 1.7805217 1.5388641 1.5988065 1.3041780 1.6549485 1.5778916 1.7285810 1.7543163 1.7594192 1.2718021 1.7660779 1.7801954 2.0011140 1.7655226 1.5480307 1.5836525 1.7045303 1.6575837 2.3313371 1.8357542 1.8357542 1.8155628 2.2870230 1.8254317 2.0184814 3.3423434 2.2135996 2.0230841 1.9973703 
Opea_EP00118_Oscarella_pearsei_P011470                   3.3898159 1.0427525 0.8148155 0.8243562 0.9624006 1.1653801 1.0552483 1.1737069 1.2074745 1.1850768 1.3274751 0.0000000 0.2649668 0.7803137 1.2633614 1.2703508 1.3290719 1.3115817 1.3744323 1.3468118 1.2084197 1.1459385 1.1771603 1.2094907 1.4213839 1.2287329 1.2002143 1.4561237 1.4872204 1.1193021 1.1223029 1.4010187 1.4109138 1.3604108 1.2774520 1.2776484 1.3267108 1.3061848 1.2932080 1.3571868 1.0608331 1.4552371 1.1946985 1.3984197 1.4055719 1.5989545 1.6287351 1.5694132 1.5161317 1.4550494 1.5626126 1.5008765 1.8642264 1.4794710 1.5313225 1.7879742 1.6533927 1.6828736 1.5115237 1.6762624 1.1673281 1.5474546 1.5424951 1.6129109 1.6759928 1.6843655 1.4880461 1.7226780 2.0346650 2.0819158 1.8486934 1.5146843 1.8026683 1.7225641 1.7558140 2.1078752 1.9903974 1.9903974 1.9688377 2.1001667 2.0390540 2.3155631 2.8432474 2.5225787 1.7938906 2.0147870 
Ocar_g2996                                               4.6154337 2.9461047 3.3935259 1.4503360 1.6808162 1.6922127 1.6736232 1.8251268 1.8483931 1.8316431 1.9905328 0.2649668 0.0000000 2.6307153 1.7432824 1.9506084 1.2621089 1.8645332 1.9736451 1.7932655 2.0748594 2.0572588 1.8883306 1.9888025 1.9031331 1.9136268 2.2070444 1.9232686 1.9996986 2.2069753 1.8280003 2.1131910 2.0322989 1.9289942 1.8871781 1.8871781 1.9689807 2.1733131 2.1367697 1.9811760 2.0779133 2.2254114 1.1265116 1.9840917 2.0521416 2.1351289 1.8614646 2.1351289 2.2028242 2.0350220 2.3443512 1.9859180 2.7569577 2.2760852 2.2511796 2.2828173 2.6691708 2.8352468 2.2162275 2.2565927 1.2587454 2.2328533 2.2528916 2.3381280 2.2347413 2.2589872 1.7924746 2.0618566 2.4239536 2.0472801 2.3855469 2.0500026 2.7451907 2.3462623 2.7957855 3.7437911 2.5864243 2.5864243 2.6067963 2.7733315 2.7454326 2.9671006 2.2132034 3.1703448 2.8405607 2.5119843 
Clacor_Ccor_C523889_01                                   5.0257079 0.9977122 0.8268190 0.7400217 0.8652127 1.1792533 0.7846457 0.9171264 0.9346078 0.9346057 0.9522611 0.7803137 2.6307153 0.0000000 1.1575285 1.0125092 1.6836394 1.0452670 1.2213855 1.1727523 1.0975677 1.0467549 1.0122784 1.0024461 1.3997508 1.2357038 1.2630185 8.9999984 8.9999984 0.9581981 1.0418498 1.3120317 1.2709846 1.3245841 1.2333792 1.2333792 1.3597097 1.2500939 1.2500939 1.2607914 0.9646803 1.4214205 0.0000010 1.4568287 1.2066157 1.5887103 2.2909646 1.5887103 1.2047767 1.3138789 1.2207181 1.2579079 1.5207292 1.0318889 1.2805774 1.2805774 1.5013650 1.5969306 1.5359633 1.5903943 0.2116282 1.4888654 1.4888654 1.6109501 1.6073796 1.6073796 1.0021066 1.4323863 1.8568393 4.9804343 1.8659498 1.1864164 1.3107684 1.5659443 1.5013981 3.9420112 1.8340919 1.8340919 1.7371424 1.9625444 2.0574989 2.3348806 3.6430906 2.9070941 1.7265973 2.5231364 
Sanmal_Sma_021881-T1                                     3.7551322 1.0717338 0.8556913 1.0896959 1.1684064 1.3857121 1.3323736 1.3800053 1.5562608 1.3343380 0.9083905 1.2633614 1.7432824 1.1575285 0.0000000 0.6905961 0.7896882 1.3419818 1.3152126 1.2429926 1.3811356 1.3089831 1.3168768 1.1559175 1.3353728 1.4418135 1.3798403 1.4462390 1.4478780 1.3782100 1.0601802 1.3196486 1.4187299 1.4015017 1.3225181 1.3216584 1.4239514 1.2878216 1.2888334 1.4896536 1.3375293 1.3564835 1.4178020 1.4663198 1.4927467 1.5364550 1.7305405 1.4776136 1.5330039 1.5866199 1.7480321 1.4457269 2.0714342 1.5739849 1.7040054 1.8650643 1.7816124 1.7642769 1.3820179 1.4239416 1.6659279 1.9317294 1.8629619 1.8557150 2.0117178 2.0056748 1.3020511 1.7348171 2.0746628 2.3325452 1.7537058 1.6832424 1.6833426 1.8092915 1.8555054 2.5214696 1.9467972 1.9467972 1.9002946 1.9845079 1.9055716 2.0927901 2.8769333 2.2288556 2.1320218 2.2392968 
Rhoesc_Res_015380-T1                                     3.5346409 0.9382208 0.7944480 0.9822625 1.0535788 1.3823862 1.3131342 1.4408597 1.5646184 1.3326689 0.8889921 1.2703508 1.9506084 1.0125092 0.6905961 0.0000000 0.5731292 1.2598897 1.3780503 1.2763918 1.2514668 1.1735356 1.1669690 1.0573881 1.2601779 1.2158779 1.4139488 1.3555019 1.3477736 1.1058905 1.0082166 1.2666184 1.2800649 1.3000946 1.1983665 1.1980529 1.3367683 1.2148355 1.2116096 1.3644539 1.0870494 1.1348200 1.4248759 1.4875140 1.5580654 1.5223029 1.6638395 1.5219803 1.5217372 1.5172611 1.6643159 1.3861577 1.9429427 1.7160249 1.4824507 1.6174414 1.7577519 1.7764329 1.4824917 1.6870573 1.4420186 1.8167780 1.7141232 1.8568393 1.8926634 1.9033815 1.3042017 1.7872789 1.9497538 2.2231813 1.9733515 1.6990904 1.6385343 1.6515370 1.6695536 2.3347453 2.0076063 2.0076063 1.9714379 2.2430059 2.0504376 2.1312466 2.8921652 2.1930820 2.1566688 2.2266999 
Aaur_scaffold2043.g6.t1                                  4.7535427 1.2505120 1.2525002 1.1909506 1.3258174 1.3958356 1.4300571 1.4264492 1.5303137 1.4978603 1.0757325 1.3290719 1.2621089 1.6836394 0.7896882 0.5731292 0.0000000 1.4623158 1.5430601 1.4820953 1.4628677 1.4010777 1.2376108 1.1766751 1.3978683 1.4934493 1.6073398 1.8233710 1.8233710 1.4631721 1.1948549 1.5806556 1.5876707 1.5397916 1.5100097 1.5100097 1.6305329 1.4989582 1.4859558 1.7194867 1.5232661 1.3085266 1.3174356 1.7537307 1.7407746 1.8052749 1.7944798 1.6956280 1.6571746 1.7004959 1.8673729 1.5776137 2.2913549 1.7911166 2.0774218 2.0385472 2.2367339 2.2604902 1.6359062 1.7886964 1.4461470 2.1073945 2.1073945 1.9960016 1.9268771 1.9615384 1.1631678 2.0638196 2.1273339 2.1239656 2.2669719 1.7627622 2.4426647 2.4082841 2.3618935 5.1113374 2.7164692 2.7164692 2.7476016 2.4234529 2.5148334 2.8630307 2.9333771 2.7578136 2.5701964 1.7485634 
Bralan_BLAG08000969_1                                    3.6118154 1.0585612 0.9400630 1.1652291 1.0481816 1.2842844 1.3938734 1.4164109 1.5243414 1.4113073 1.1592556 1.3115817 1.8645332 1.0452670 1.3419818 1.2598897 1.4623158 0.0000000 0.8807743 0.8853633 1.2634144 1.1842053 1.2855354 1.0184253 1.2792696 1.2761225 1.2715815 1.7408486 1.7354023 1.3034609 1.2136072 1.4260287 1.3895737 1.4133267 1.3583154 1.3484103 1.3355908 1.3446336 1.3431824 1.1517157 1.2928174 1.3774818 1.2798453 1.5058155 1.0775672 1.0319049 1.1070227 0.9123068 1.3523211 1.0335522 1.4032819 1.1476004 1.5446438 1.5469532 1.7078012 1.9763074 1.9038772 1.9878065 1.5118641 1.6417217 1.4690711 1.7701883 1.7007252 1.7258602 1.7261016 1.7355191 1.5533575 1.8519054 1.7955567 1.9305758 1.6639224 1.5154548 1.6472346 1.8457491 1.8210424 2.4030104 1.9080926 1.9080926 1.8689256 2.1486591 1.8867348 1.9985901 3.0333921 2.3779631 2.0057925 2.0352974 
Skow_XM_006815934.1                                      3.7596741 0.9636154 0.9073731 1.2480163 1.2359914 1.3651325 1.4241028 1.3324340 1.6168553 1.4295631 1.2858224 1.3744323 1.9736451 1.2213855 1.3152126 1.3780503 1.5430601 0.8807743 0.0000000 0.1916412 1.3072453 1.2368172 1.2408728 1.0625997 1.2467646 1.3008127 1.4004768 1.4384941 1.4074661 1.3488301 1.2332418 1.3353046 1.4629213 1.4435136 1.3367450 1.3257531 1.5098803 1.3962049 1.3837552 1.0263222 1.3492579 1.5220988 1.4794850 1.3163440 0.9919308 1.0111908 1.0650515 0.9458365 1.3775915 1.0156343 1.4067453 1.2491406 1.4577526 1.4909968 1.7106211 1.9828964 1.6637685 1.9108310 1.5759033 1.6310939 1.4331660 1.8337008 1.7395756 1.7680210 1.7825929 1.7802650 1.6539472 1.6190625 1.6704907 1.9962645 1.7306216 1.5272521 1.8186637 2.0030658 2.0155392 2.5457559 1.7865100 1.7865100 1.7823068 1.9399736 1.9028990 1.8789216 2.4935965 2.1690135 2.2851693 2.3822076 
Skow_XM_002734317.1                                      3.8250461 0.9199986 0.7668748 1.1881585 1.1522312 1.3166452 1.3014425 1.3039832 1.4842056 1.4335361 1.1401471 1.3468118 1.7932655 1.1727523 1.2429926 1.2763918 1.4820953 0.8853633 0.1916412 0.0000000 1.2283010 1.1920386 1.1739353 1.0223454 1.2655799 1.3042267 1.3859103 1.5453172 1.5124752 1.3826335 1.1131213 1.2398950 1.3287039 1.3331090 1.2755245 1.2657833 1.3955934 1.3222765 1.3113281 0.9728466 1.3521902 1.3298305 1.3782756 1.3523032 0.9913940 0.9258235 1.0225398 0.8721630 1.2394925 1.0461575 1.2688887 1.1652724 1.4447221 1.3517238 1.6549548 1.8080818 1.6730559 1.8559821 1.6701991 1.7092439 1.3680866 1.6991664 1.6286409 1.6687078 1.6586212 1.6452815 1.4344655 1.6117152 1.7685680 2.1511224 1.7674752 1.4999261 1.6725500 1.8588144 1.7985646 2.2857739 1.8317181 1.8317181 1.8343220 2.0430093 1.9099889 2.0517857 2.7494656 2.2588138 2.3087620 2.2072405 
Spis_XP_022782799_1                                      3.3407653 1.0613859 0.8822548 1.1226964 1.1463622 1.3705864 1.2376413 1.1989980 1.4674438 1.3633529 1.1944310 1.2084197 2.0748594 1.0975677 1.3811356 1.2514668 1.4628677 1.2634144 1.3072453 1.2283010 0.0000000 0.1152182 0.4205127 0.3492488 0.4852752 0.5565880 0.5323650 0.6982412 0.6790481 0.5435931 0.8951473 1.0841109 1.2534972 1.2326111 1.1767596 1.1677252 1.2304777 1.2274262 1.2242426 1.4754359 1.2789336 1.4472058 1.0987607 1.3782447 1.4523914 1.4134064 1.6395211 1.2077967 1.5717140 1.5097019 1.5607493 1.4951625 1.9342177 1.9418803 1.5936546 1.6969059 1.8752661 1.8841320 1.3596975 1.6195161 1.5265238 1.7722263 1.7085049 1.7627290 1.7490368 1.7487476 1.3044765 1.6963370 1.4716561 1.7103563 1.6465581 1.3481964 1.6001280 1.6802127 1.7846335 2.5551332 1.6887523 1.6887523 1.6691904 1.8336142 1.7413630 1.8965668 2.6048849 2.0087272 2.3277004 1.8974848 
Pocdam_XM_027204405.1                                    3.4172392 0.9953103 0.7983245 1.0515227 1.0675546 1.3387586 1.1673227 1.1932577 1.4933570 1.3289197 1.1462266 1.1459385 2.0572588 1.0467549 1.3089831 1.1735356 1.4010777 1.1842053 1.2368172 1.1920386 0.1152182 0.0000000 0.3553223 0.3010107 0.4889053 0.5289499 0.5259752 0.7045697 0.6853523 0.5398648 0.8630988 1.0624712 1.2670266 1.2329770 1.1873330 1.1782040 1.2604227 1.2110651 1.2079135 1.4008698 1.1904678 1.3813974 1.1131354 1.3389419 1.4665004 1.4017911 1.6494306 1.1935735 1.5278326 1.4694262 1.4691606 1.5042315 1.8710412 1.8624591 1.6238358 1.8053757 1.8582005 1.7998345 1.3222757 1.5413187 1.5060415 1.7935543 1.7037209 1.7559691 1.7705331 1.7755313 1.3303300 1.7528554 1.5241764 1.7265612 1.7321691 1.3798978 1.5987055 1.6946193 1.7423322 2.4623990 1.6728335 1.6728335 1.6534118 1.8339771 1.7083415 1.8642414 2.5523716 1.9746785 2.2490632 1.9040008 
Gasp_gasp1.m3.16104.m1                                   3.3322647 0.9918970 0.8175523 1.0291103 1.0407561 1.2559497 1.1260510 1.1361949 1.4090880 1.3084227 1.1011215 1.1771603 1.8883306 1.0122784 1.3168768 1.1669690 1.2376108 1.2855354 1.2408728 1.1739353 0.4205127 0.3553223 0.0000000 0.2297853 0.3884422 0.4314373 0.4761480 0.6996359 0.6800679 0.5655705 0.8645071 1.0098647 1.3165374 1.2844940 1.2151253 1.2141018 1.3031460 1.1660732 1.1741526 1.3623633 1.1727563 1.2919497 1.2657424 1.3466283 1.4502738 1.4157783 1.6487310 1.2938153 1.5985981 1.4250985 1.4143644 1.4214859 1.9497421 1.6828794 1.5514957 1.6604323 1.6825047 1.7064847 1.1910923 1.4215061 1.3311614 1.5016386 1.4206879 1.5192597 1.5362984 1.5411633 1.3024904 1.6373361 1.6199849 1.9094342 1.7466384 1.4036092 1.6433221 1.7053080 1.5202880 2.0879026 1.6566818 1.6566818 1.6476796 1.7556204 1.5816450 1.7486442 2.3471935 1.9350988 2.3063331 1.7736532 
Fspp_ffun1.m4.10970.m1                                   5.0839192 0.9384465 0.8449005 0.8161408 1.1022591 1.2602815 1.0487010 1.1853483 1.3398636 1.2962795 1.0486821 1.2094907 1.9888025 1.0024461 1.1559175 1.0573881 1.1766751 1.0184253 1.0625997 1.0223454 0.3492488 0.3010107 0.2297853 0.0000000 0.4158516 0.3912216 0.4847948 3.9785507 3.9785507 0.4001510 0.8189142 1.0101166 1.1953434 1.1732824 1.1347045 1.1347045 1.1485634 1.0987796 1.0908398 1.1659210 1.1374966 1.2750038 1.2550328 1.1546956 1.3097469 1.1998853 1.4999518 1.1998853 1.2915260 1.2062856 1.4006407 1.3923756 1.7355286 1.3140508 1.4732184 1.4732184 1.6966048 1.7095908 1.2230458 1.5085909 1.3795618 1.4761271 1.4880977 1.5089975 1.4173538 1.4234070 1.2009773 1.6374390 1.6079121 2.6090929 1.7380672 1.4820646 1.6147022 1.6449490 1.5667986 3.4974684 1.7438603 1.7438603 1.7587773 1.7998059 1.7494531 2.0941476 2.6201762 2.3336740 2.2699079 1.8059317 
Gasp_gasp1.m3.18369.m1                                   3.9134532 1.3613790 0.9214452 0.8825408 1.3208308 1.5596170 1.2352875 1.3857372 1.5125565 1.4709447 1.2557119 1.4213839 1.9031331 1.3997508 1.3353728 1.2601779 1.3978683 1.2792696 1.2467646 1.2655799 0.4852752 0.4889053 0.3884422 0.4158516 0.0000000 0.5652170 0.4251673 0.7402471 0.7687481 0.4773964 1.0137682 1.1933843 1.4516363 1.4111298 1.3641825 1.3641825 1.3828654 1.3987363 1.3941424 1.4779100 1.4530546 1.5445014 1.0618021 1.4137652 1.4918683 1.4181118 1.6277446 1.4181118 1.6088765 1.4382500 1.6465910 1.5362525 2.0642338 1.7787711 1.6728631 1.6574382 2.0776046 1.9463124 1.5184456 1.6438915 1.3548559 1.5073868 1.5175315 1.5779814 1.4997042 1.5049666 1.1705379 1.6998325 1.6654035 1.7319572 1.7086766 1.5389874 1.6861030 1.7019295 1.7055402 2.5532230 1.9838086 1.9838086 2.0026467 2.0389783 2.0700879 2.1830049 2.9013885 2.2610477 2.5523407 1.6906950 
Gfas_gfas1.m1.15978.m1                                   3.9196761 1.0507851 0.7853685 1.0901634 1.1516227 1.3942817 1.2792640 1.3761210 1.4730888 1.3822997 1.2262273 1.2287329 1.9136268 1.2357038 1.4418135 1.2158779 1.4934493 1.2761225 1.3008127 1.3042267 0.5565880 0.5289499 0.4314373 0.3912216 0.5652170 0.0000000 0.5942951 0.6701265 0.6977241 0.4312578 0.9799163 1.0738429 1.2785494 1.2730476 1.1786929 1.1786929 1.2650191 1.1943941 1.1908732 1.5102541 1.2809568 1.4153474 1.1532057 1.4077413 1.5125064 1.4642033 1.8288253 1.2353605 1.6624137 1.4815290 1.5914139 1.5375438 1.9210500 1.6963356 1.6937178 1.9395153 1.7958558 1.7860599 1.2128679 1.5472925 1.4891958 1.6412934 1.6178491 1.6653643 1.6481017 1.6524104 1.1130085 1.8514587 1.6128732 2.1487715 1.8404909 1.4383111 1.7225965 1.7831787 1.8775311 3.0703471 1.8057847 1.8057847 1.8042210 2.0745036 1.6926417 1.9176726 2.8362024 2.1493265 2.3977742 1.8074965 
Fspp_ffun1.m4.17650.m1                                   3.6652625 1.1384009 0.9270671 0.9680512 1.2329468 1.5099857 1.2879140 1.4707668 1.5019643 1.6618833 1.3009418 1.2002143 2.2070444 1.2630185 1.3798403 1.4139488 1.6073398 1.2715815 1.4004768 1.3859103 0.5323650 0.5259752 0.4761480 0.4847948 0.4251673 0.5942951 0.0000000 0.7271199 0.7466410 0.5659326 0.9714926 1.1812536 1.4075712 1.3786733 1.3158058 1.3158058 1.3901610 1.3443710 1.3404782 1.5317442 1.3731500 1.3952085 1.5283085 1.4736710 1.5263328 1.5828162 1.8292236 1.5145257 1.6308172 1.6158406 1.6787233 1.5911768 1.9305521 1.6807128 1.6315571 1.8518409 1.9828584 1.9774206 1.4753451 1.7491439 1.5851149 1.6960977 1.6959460 1.6734113 1.6596594 1.6646147 1.4074032 1.8002110 1.8471470 2.1677032 2.0227261 1.8048200 1.8631790 2.0629357 1.7661136 2.2437429 1.9699407 1.9699407 1.9554771 2.1503804 2.0408752 2.0623599 3.1128927 2.2669417 2.5402656 1.9863165 
Amil_Amillepora33904-RA                                  1.6189385 8.9999988 8.9999988 1.2431232 8.9999986 1.3733009 1.3772981 1.6702427 1.5099470 1.7789483 1.2926623 1.4561237 1.9232686 8.9999984 1.4462390 1.3555019 1.8233710 1.7408486 1.4384941 1.5453172 0.6982412 0.7045697 0.6996359 3.9785507 0.7402471 0.6701265 0.7271199 0.0000000 0.0089738 0.1702586 1.2646982 1.6664554 1.3631806 1.3752607 1.3984281 1.3984281 1.4341431 1.3579414 1.3679260 1.7774846 7.8601029 1.6425318 0.4958105 1.7125101 1.4419803 1.6359396 1.1563278 1.6356220 1.6700512 1.8795260 2.1808988 1.5478416 2.6103923 5.5586867 2.2262338 4.0100972 2.4787970 2.1386980 1.5738986 1.9227989 1.2321778 2.0628649 2.0628649 2.1205361 1.9018980 1.9018980 1.0601638 2.0964222 2.1580222 2.3452873 2.4523195 1.8248307 1.9504705 2.2594910 1.9972915 1.6469583 1.9016617 1.9016617 1.9002581 2.8094786 1.8665258 1.7739493 8.9578239 1.7105143 2.7106009 1.9292391 
Amil_Amillepora33911-RA                                  1.6515612 8.9999988 8.9999988 1.2699574 8.9999986 1.4033105 1.3788164 1.6721184 1.5412267 1.7823850 1.2940608 1.4872204 1.9996986 8.9999984 1.4478780 1.3477736 1.8233710 1.7354023 1.4074661 1.5124752 0.6790481 0.6853523 0.6800679 3.9785507 0.7687481 0.6977241 0.7466410 0.0089738 0.0000000 0.1825106 1.2369863 1.6310016 1.3919185 1.4042495 1.4282215 1.4282215 1.4647248 1.3870462 1.3970315 1.8126694 7.8601029 1.6069233 0.4958105 1.7144274 1.4103561 1.6526946 1.1732279 1.6540042 1.6848303 1.8978656 2.1808988 1.5637391 2.6103923 5.5586867 2.1800075 3.8850441 2.4238314 2.1402059 1.5923145 1.9606119 1.1992844 2.1047441 2.1047441 2.1629426 1.9401956 1.9401956 1.0318041 2.0522025 2.1122538 2.2945584 2.4549144 1.7849072 1.9504705 2.2594910 1.9972915 1.6469583 1.9038141 1.9038141 1.9023898 2.6909520 1.8685785 1.7370270 8.9578239 1.7324646 2.7001975 1.8894184 
Adig_XM_015897689.1                                      3.0721537 0.6604237 0.7584409 1.0360758 0.9403069 1.2740565 1.1037835 1.1924215 1.3304945 1.1156330 1.1903424 1.1193021 2.2069753 0.9581981 1.3782100 1.1058905 1.4631721 1.3034609 1.3488301 1.3826335 0.5435931 0.5398648 0.5655705 0.4001510 0.4773964 0.4312578 0.5659326 0.1702586 0.1825106 0.0000000 0.8232794 0.9791080 1.0649401 1.0749738 1.0668860 1.0551866 1.1348992 1.1459526 1.1493913 1.4342640 1.0526485 1.4525410 1.1744449 1.4273263 1.4466605 1.4869972 1.7012664 1.2995147 1.7275067 1.4736972 1.6326975 1.7454461 2.1229113 2.0286387 1.7685310 2.0068197 1.8959835 1.8803082 1.1489841 1.4101890 1.5743128 1.6440264 1.4898207 1.7265620 1.5898719 1.5835306 1.3443817 1.7279803 1.5020235 1.9562755 1.6058959 1.2433104 1.6153361 1.7737467 1.8736727 2.6750697 1.5083826 1.5083826 1.4814679 1.5981857 1.5524256 1.5931378 2.1415106 1.9710088 2.0464202 1.9503635 
Nvec_v1g195930                                           3.5371500 0.9141271 0.8766250 0.9436384 1.0040893 1.2715450 1.1280429 1.4062319 1.4462233 1.3104147 1.0513556 1.1223029 1.8280003 1.0418498 1.0601802 1.0082166 1.1948549 1.2136072 1.2332418 1.1131213 0.8951473 0.8630988 0.8645071 0.8189142 1.0137682 0.9799163 0.9714926 1.2646982 1.2369863 0.8232794 0.0000000 0.9479711 1.1944866 1.2099791 1.1313784 1.1313784 1.1763948 1.2313752 1.2304374 1.2299100 1.0807942 1.2588615 1.5008588 1.2379969 1.3020123 1.4122760 1.5624505 1.3573772 1.3836918 1.3561371 1.3060403 1.2996017 1.8686347 1.4244528 1.4104095 1.6076404 1.5861998 1.6147132 1.3762478 1.6290617 1.2931225 1.4807064 1.4890869 1.5229078 1.5552048 1.5585126 1.3319170 1.6430610 1.6875955 1.6348020 1.7957485 1.6284518 1.6258454 1.6781917 1.6717039 2.0325416 1.8594753 1.8594753 1.8383956 1.9646420 1.9360876 2.1232614 2.8020381 2.2610824 2.0423810 2.0086790 
Exapal_XM_021050986.2                                    4.5863501 1.1368645 0.9571524 1.0659742 1.2121472 1.4779587 1.4193349 1.6365210 1.5948958 1.5896084 1.4001861 1.4010187 2.1131910 1.3120317 1.3196486 1.2666184 1.5806556 1.4260287 1.3353046 1.2398950 1.0841109 1.0624712 1.0098647 1.0101166 1.1933843 1.0738429 1.1812536 1.6664554 1.6310016 0.9791080 0.9479711 0.0000000 1.2485567 1.2930537 1.2184183 1.2184183 1.2240073 1.2974795 1.3069326 1.4694434 1.5833096 1.5750780 1.6388931 1.6319628 1.5449319 1.6114493 1.8222927 1.6558244 1.6709539 1.4208886 1.6346806 1.6221374 1.9598358 1.7864076 1.7643849 2.0343694 2.1308339 1.9743454 1.3639915 1.6720549 1.5193139 1.6449687 1.6544656 1.7063523 1.6318794 1.6361598 1.2820816 1.7549133 2.0197867 2.0941842 1.9795299 1.6503182 1.6986366 1.7877240 1.8984124 2.3963463 2.0307978 2.0307978 2.0045681 2.2138878 2.0374829 2.1210701 3.0320883 2.4125052 2.5981193 2.5764371 
HoiH23_PlH23_001253-RA                                   3.5537977 1.1567679 0.9831913 1.2173051 1.1978183 1.2935523 1.3055665 1.4245672 1.4637119 1.4751011 1.2015238 1.4109138 2.0322989 1.2709846 1.4187299 1.2800649 1.5876707 1.3895737 1.4629213 1.3287039 1.2534972 1.2670266 1.3165374 1.1953434 1.4516363 1.2785494 1.4075712 1.3631806 1.3919185 1.0649401 1.1944866 1.2485567 0.0000000 0.0795158 0.1716595 0.1684090 0.2368253 0.4196083 0.4193364 1.5022621 1.3706465 1.4407307 1.2598635 1.5242614 1.5849181 1.5857364 1.7958465 1.4153613 1.6352393 1.5851909 1.5600414 1.4996436 2.0105423 1.9109701 1.8042715 1.9663536 1.8132732 1.8472532 1.2856932 1.4647350 1.5638904 1.6301088 1.5840399 1.6789843 1.6490687 1.6422483 1.7414833 1.8705707 2.1117879 2.2947199 1.9994849 1.7219411 1.8536221 1.9596973 2.1425707 2.6306576 1.9611679 1.9611679 1.9065370 2.1749125 1.7890801 1.9348989 3.1035942 2.5147219 2.2554804 2.1734630 
HoiH06_mRNA3722                                          3.4844064 1.1512178 1.0334467 1.2236502 1.2646880 1.2774652 1.2849131 1.4112718 1.4589884 1.4805293 1.1807887 1.3604108 1.9289942 1.3245841 1.4015017 1.3000946 1.5397916 1.4133267 1.4435136 1.3331090 1.2326111 1.2329770 1.2844940 1.1732824 1.4111298 1.2730476 1.3786733 1.3752607 1.4042495 1.0749738 1.2099791 1.2930537 0.0795158 0.0000000 0.1433793 0.1464931 0.2162039 0.4213274 0.4210507 1.5486559 1.2792005 1.4656968 1.2480185 1.5413261 1.6493861 1.5481179 1.7719994 1.3806874 1.6321460 1.6048876 1.5475875 1.5069054 1.9605574 1.8601909 1.7547077 1.8928862 1.7916600 1.8425185 1.3173806 1.4446716 1.5141305 1.6266662 1.5746427 1.7062279 1.6894666 1.6887078 1.6375566 1.9170275 2.0870802 2.1850919 2.0118381 1.8054383 1.8538198 2.0018064 2.1948029 2.6576512 1.9102456 1.9102456 1.8669580 2.1622631 1.8328956 1.8950204 2.9281975 2.4272351 2.2646892 2.2094726 
Hhon_g05176.t1                                           3.5941540 1.0299493 0.9001284 1.1192370 1.1685584 1.1633251 1.1935028 1.2981550 1.3923670 1.3797209 1.0766164 1.2774520 1.8871781 1.2333792 1.3225181 1.1983665 1.5100097 1.3583154 1.3367450 1.2755245 1.1767596 1.1873330 1.2151253 1.1347045 1.3641825 1.1786929 1.3158058 1.3984281 1.4282215 1.0668860 1.1313784 1.2184183 0.1716595 0.1433793 0.0000000 0.0024053 0.1971338 0.3726123 0.3658830 1.4206799 1.2475879 1.3963540 1.1731391 1.4957671 1.4873522 1.5243098 1.7664086 1.3608721 1.6005044 1.5158674 1.6019075 1.4261037 2.0122270 1.7866041 1.7234955 1.8999828 1.8022857 1.8796148 1.2778831 1.4213419 1.5286457 1.6450327 1.5844125 1.6827319 1.6832383 1.6921470 1.6102094 1.7995103 2.0234525 2.1318854 1.9479123 1.6651332 1.7663489 1.8965985 2.1046922 2.6125545 1.8667508 1.8667508 1.8448802 2.0718072 1.7685832 1.8398433 2.9735993 2.3613294 2.2241552 2.2654773 
HoiH04_mRNA1592                                          3.5941540 1.0299493 0.9001284 1.1293418 1.1685584 1.1633251 1.1986813 1.2981550 1.3914655 1.3797209 1.0677684 1.2776484 1.8871781 1.2333792 1.3216584 1.1980529 1.5100097 1.3484103 1.3257531 1.2657833 1.1677252 1.1782040 1.2141018 1.1347045 1.3641825 1.1786929 1.3158058 1.3984281 1.4282215 1.0551866 1.1313784 1.2184183 0.1684090 0.1464931 0.0024053 0.0000000 0.2005199 0.3724090 0.3656835 1.4197574 1.2475879 1.3939511 1.1731391 1.4932932 1.4974290 1.5243098 1.7664086 1.3608721 1.5994586 1.5145899 1.6008228 1.4268476 1.9962126 1.7794025 1.7229346 1.8999828 1.7992984 1.8823666 1.2767593 1.4200590 1.5253903 1.6423608 1.5844125 1.6816285 1.6832943 1.6922002 1.6051578 1.7973492 2.0234525 2.1318854 1.9479123 1.6651332 1.7663489 1.8965985 2.1029029 2.6081328 1.8667508 1.8667508 1.8448802 2.0718072 1.7685832 1.8398433 2.9735993 2.3613294 2.2241552 2.2654773 
HoiH11_mRNA3845                                          3.7480126 1.1467406 1.0432178 1.1437712 1.1571836 1.2334025 1.2966270 1.3953150 1.4843042 1.5106364 1.2233097 1.3267108 1.9689807 1.3597097 1.4239514 1.3367683 1.6305329 1.3355908 1.5098803 1.3955934 1.2304777 1.2604227 1.3031460 1.1485634 1.3828654 1.2650191 1.3901610 1.4341431 1.4647248 1.1348992 1.1763948 1.2240073 0.2368253 0.2162039 0.1971338 0.2005199 0.0000000 0.3881465 0.3812762 1.4972606 1.3478758 1.4451267 1.1235264 1.4821183 1.5382763 1.6177050 1.9232067 1.4285213 1.6890158 1.6066350 1.6698483 1.5001480 2.0815859 1.7914906 1.7693585 1.9737256 1.8996306 1.9004660 1.2607296 1.4865057 1.6193608 1.7057132 1.6242990 1.8235356 1.7966449 1.7953262 1.8034049 1.8660446 2.0441483 2.1147563 1.9814643 1.8008381 1.8771904 1.9174785 2.1409133 2.4771626 1.9221720 1.9221720 1.8830071 2.1946123 1.8456977 1.9450007 2.8296871 2.4371569 2.3762219 2.2675264 
TrH2_TrispH2_006428-RA                                   3.8731717 1.0723571 0.8971145 1.1668525 1.1659879 1.3269413 1.2858159 1.4061776 1.4511782 1.4874895 1.2107759 1.3061848 2.1733131 1.2500939 1.2878216 1.2148355 1.4989582 1.3446336 1.3962049 1.3222765 1.2274262 1.2110651 1.1660732 1.0987796 1.3987363 1.1943941 1.3443710 1.3579414 1.3870462 1.1459526 1.2313752 1.2974795 0.4196083 0.4213274 0.3726123 0.3724090 0.3881465 0.0000000 0.0047540 1.5307279 1.2083236 1.3946758 1.1814454 1.5756546 1.4536396 1.5919525 1.8321949 1.4158252 1.5426440 1.4841145 1.6053844 1.5058762 2.0090190 1.7655130 1.7903679 2.0622683 1.8158161 1.9707941 1.2660570 1.4239509 1.6507132 1.6936564 1.6480463 1.7091481 1.7203390 1.7190867 1.6427832 1.7894911 2.2250089 2.4548161 2.0134864 1.6752072 1.8850980 1.9894713 2.1062971 2.7266193 1.9518543 1.9518543 1.8985572 2.2578008 1.8194412 1.9173722 3.2459108 2.3782722 2.3959792 2.3053095 
Tadh_TriadT52004                                         3.8845159 1.0600523 0.8971145 1.1588179 1.1566379 1.3258890 1.2754030 1.3909166 1.4396155 1.4791752 1.2065640 1.2932080 2.1367697 1.2500939 1.2888334 1.2116096 1.4859558 1.3431824 1.3837552 1.3113281 1.2242426 1.2079135 1.1741526 1.0908398 1.3941424 1.1908732 1.3404782 1.3679260 1.3970315 1.1493913 1.2304374 1.3069326 0.4193364 0.4210507 0.3658830 0.3656835 0.3812762 0.0047540 0.0000000 1.5186282 1.1984029 1.3975130 1.1645849 1.5789656 1.4521358 1.5768037 1.8087703 1.4004260 1.5461033 1.4943735 1.6038832 1.5019729 1.9929808 1.7547028 1.7761357 2.0523971 1.8057590 1.9598731 1.2610229 1.4159589 1.6434892 1.6920628 1.6464924 1.7075286 1.7186768 1.7174273 1.6638402 1.7795907 2.2282494 2.4624673 2.0019005 1.6653043 1.8939709 1.9930738 2.1238812 2.7653952 1.9584271 1.9584271 1.9050318 2.2578008 1.8321620 1.9204213 3.2459108 2.3859681 2.3811687 2.2902688 
Dpul_mRNA11926                                           4.0354400 1.0660760 0.9417553 1.2648276 1.2450660 1.3698692 1.4925171 1.3744513 1.6470088 1.4602213 1.3543729 1.3571868 1.9811760 1.2607914 1.4896536 1.3644539 1.7194867 1.1517157 1.0263222 0.9728466 1.4754359 1.4008698 1.3623633 1.1659210 1.4779100 1.5102541 1.5317442 1.7774846 1.8126694 1.4342640 1.2299100 1.4694434 1.5022621 1.5486559 1.4206799 1.4197574 1.4972606 1.5307279 1.5186282 0.0000000 1.5227277 1.5438757 1.6171945 1.5276415 1.1130670 1.1295107 1.1841221 1.0547076 1.3724246 1.1688143 1.1858757 1.2452109 1.3510829 1.1013474 1.6798273 1.9731539 1.7668773 1.8063464 1.7761360 1.8115565 1.4812177 1.9067194 1.8185931 1.9215191 1.9635843 1.9477361 1.9331697 2.0242942 2.0330361 1.8059482 1.8707955 1.6254230 1.6192652 1.7156212 1.7681100 2.3626806 2.0273467 2.0273467 2.0122839 2.4285260 2.2508388 2.2538664 2.6743484 2.4962681 2.0513510 2.2074970 
Plajan_Pjan_C561376_01                                   5.4295710 0.9423003 0.8743455 0.8212804 0.9835276 1.1012866 1.0461945 1.0577834 1.2462055 1.2282492 1.2014018 1.0608331 2.0779133 0.9646803 1.3375293 1.0870494 1.5232661 1.2928174 1.3492579 1.3521902 1.2789336 1.1904678 1.1727563 1.1374966 1.4530546 1.2809568 1.3731500 7.8601029 7.8601029 1.0526485 1.0807942 1.5833096 1.3706465 1.2792005 1.2475879 1.2475879 1.3478758 1.2083236 1.1984029 1.5227277 0.0000000 1.4911740 1.8660956 1.2946795 1.6252702 1.6958703 2.0052649 1.6958703 1.5907942 1.6205066 1.7803171 1.5141503 2.1955247 1.4857372 1.6981329 1.6981329 1.7273576 1.6960127 1.7900184 1.6373483 1.3035449 1.5925746 1.5925746 1.5762928 1.4963119 1.5107884 1.4779287 1.8947715 2.3058266 4.8181933 2.1037939 1.7479149 1.9016882 2.2092701 1.9880564 5.3709798 2.4628871 2.4628871 2.4852122 2.2131414 2.3239014 2.8205833 3.3489866 2.9621428 2.3217201 2.1049305 
Chem_TCONS_00006735                                      3.6403434 1.1169126 0.9455673 1.4249628 1.2213803 1.4752996 1.6298939 1.7331905 1.7228972 1.6916941 1.0975431 1.4552371 2.2254114 1.4214205 1.3564835 1.1348200 1.3085266 1.3774818 1.5220988 1.3298305 1.4472058 1.3813974 1.2919497 1.2750038 1.5445014 1.4153474 1.3952085 1.6425318 1.6069233 1.4525410 1.2588615 1.5750780 1.4407307 1.4656968 1.3963540 1.3939511 1.4451267 1.3946758 1.3975130 1.5438757 1.4911740 0.0000000 1.9995081 1.5241130 1.5318688 1.6428128 1.8112481 1.5156928 1.8010762 1.5757705 1.6019791 1.6178209 2.1805403 1.8601985 1.5841683 1.7988262 1.7262820 1.7279625 1.5293396 1.6538326 1.6973669 2.1322624 2.0234632 2.1623072 2.1394610 2.1425746 1.0258571 2.1257194 1.9662707 2.1742842 1.7955803 1.8905128 1.7094765 1.8561381 1.8418198 2.4624600 1.9444122 1.9444122 1.9130974 2.1084726 1.9148665 2.0821465 3.1322898 2.3882860 2.3634587 2.0210027 
Spolac_c89936_g2_i1_m.5968c89936-g1                      3.2620774 0.4230729 0.0000010 0.8421592 1.1065111 1.2252440 1.0846051 1.1322043 1.2875834 1.2137031 1.5303102 1.1946985 1.1265116 0.0000010 1.4178020 1.4248759 1.3174356 1.2798453 1.4794850 1.3782756 1.0987607 1.1131354 1.2657424 1.2550328 1.0618021 1.1532057 1.5283085 0.4958105 0.4958105 1.1744449 1.5008588 1.6388931 1.2598635 1.2480185 1.1731391 1.1731391 1.1235264 1.1814454 1.1645849 1.6171945 1.8660956 1.9995081 0.0000000 1.0032475 1.6521437 1.5139761 1.5139761 1.5139761 1.7426891 1.3514376 1.8448772 1.7044475 2.0027574 2.0419759 2.0115142 2.0115142 2.4399853 2.0968504 1.3452724 1.6266406 1.1360496 2.0417126 2.0736848 2.2071864 2.3182812 2.3391362 1.4809786 2.0431040 2.0386922 1.3781513 2.1725841 1.5260752 2.4726465 2.3931408 2.4273181 2.3657696 2.1359948 2.1359948 2.1530157 2.0960187 2.2653610 2.1832240 2.2164600 2.4603513 2.6430035 1.7188771 
