93
Fspp_ffun1.m4.767.m1                                             0.0000000 0.3196603 0.2705004 0.5844646 3.9219083 0.4625084 3.0821197 1.9542265 1.8526537 3.5397145 4.0779958 2.2262366 3.0569378 3.1641299 3.0480708 3.1235432 3.1235432 2.8886209 2.8259409 6.2334035 9.0000000 4.5103161 3.5943990 3.2885690 3.2010160 3.1658914 3.1460865 3.3729870 4.5285356 4.0586771 2.7172460 2.7265377 4.4143297 4.0272362 4.1030087 4.6930824 5.7766650 5.8709360 5.7146859 5.7766650 5.7766650 5.7766650 5.7766650 5.7766650 5.7766650 5.6517749 6.4338824 5.7377584 5.6517749 5.8004370 5.7766650 5.7766650 5.7766650 5.8996251 5.7146859 5.7885010 5.7766650 6.5348899 5.7377584 3.9219989 3.5502122 6.1836345 3.3378963 4.0912186 4.4654207 4.3255776 3.5071237 3.8005795 3.6703357 3.1844488 1.5505606 5.8174559 6.0375641 6.2329554 6.0590097 4.0214801 8.8957434 6.1045018 4.6364827 4.4695987 8.5660572 7.0974872 5.3140292 5.4431691 4.0875918 4.5125939 4.1752840 5.3626551 4.0723258 2.9834452 3.0755844 7.1952336 9.0000000 
Spis_XP_022783331_1                                              0.3196603 0.0000000 0.1249039 0.6098186 1.0672315 0.4211297 1.0919748 1.5554988 1.5009098 2.4519328 2.5019285 1.9920414 2.1318213 2.3763214 2.2092882 2.0890597 2.0890597 2.2868974 2.4234496 2.1449799 2.2872673 2.7540783 2.2455740 2.6907618 2.6273726 2.6269763 2.6346025 2.7189343 2.2944158 2.3812258 2.0167094 1.8542449 2.8798769 2.7636012 3.5396620 3.4035596 5.4737960 6.8830113 5.4732641 5.4785005 5.4737960 5.4946395 5.5032582 5.5051199 5.5169444 5.4328503 6.3657970 6.8028496 5.4431343 5.4917982 5.4846801 5.5684748 5.6232181 5.5026894 5.3439717 5.4145926 5.4441272 5.5371451 7.1964209 2.5873281 2.4743000 3.4041028 2.3729363 2.6218902 2.8214802 2.7371236 3.2423962 2.8003188 2.7377702 2.9582088 2.6757312 2.9116701 3.3440641 3.2697454 3.3041129 2.8728588 3.7334578 3.3979440 3.2625856 2.7015414 4.6781428 4.9940232 3.1598864 3.3552855 3.0411814 3.0230809 2.7946730 3.2218336 2.9187061 3.0823735 2.6937437 7.4224723 7.3950469 
Pocdam_XM_027190027.1                                            0.2705004 0.1249039 0.0000000 0.6280796 1.0672934 0.4277704 1.1066152 1.5529671 1.4853614 2.4366361 2.4919794 2.0792122 2.1263825 2.4013643 2.2015447 2.1492294 2.1492294 2.2267512 2.2399043 2.2071462 2.2843826 2.7971022 2.3278498 2.6400398 2.5571763 2.6148725 2.6246437 2.6669865 2.3433097 2.4138407 2.0315176 1.8902730 3.1120835 2.8997622 3.7623882 3.4998482 5.6578776 7.1438726 5.7132254 5.6627871 5.6578776 5.6799185 5.6890456 5.6906993 5.7027292 5.6142745 6.5689708 7.0548935 5.6251998 5.6785393 5.6694654 5.7717319 5.8068132 5.7498124 5.5466072 5.5653341 5.6324449 5.6917248 7.5551284 2.6383625 2.4776086 3.5387005 2.4747858 2.6482128 2.8740951 2.7257522 3.2623355 2.8157199 2.8063599 3.0163140 2.7509965 2.9499831 3.5567185 3.4412657 3.3799474 2.9072716 3.6861733 3.4420261 3.4087976 2.7127367 4.9542117 5.0748257 3.2298721 3.4368525 3.1001660 3.0881674 2.8763406 3.3287756 3.0025944 2.9864513 2.7687866 7.3406533 7.2680390 
Adig_XM_015923726.1                                              0.5844646 0.6098186 0.6280796 0.0000000 0.2919388 0.4063704 0.9510389 1.5438293 1.5125026 2.3272787 2.4328361 1.9460053 2.1239743 2.3273398 2.1353273 1.7977278 1.7977278 2.2208654 2.2346576 2.1959465 2.4763232 3.1891178 2.4608755 2.7519764 2.7312477 2.7491071 2.7572939 2.7666704 2.3685563 2.4110359 2.0315714 1.9333875 2.9263381 2.8169262 3.5425329 3.8420120 5.3593484 6.5548618 5.3593484 5.3640109 5.3593484 5.3896337 5.3882939 5.3915364 5.4021777 5.3538876 6.0435128 6.5688989 5.3645996 5.3956563 5.3694873 5.4935255 5.4653559 5.3593484 5.2555826 5.3487929 5.3763526 5.5106944 6.6917310 2.5554704 2.4034533 2.9623426 2.4004558 2.7359524 2.8321514 2.7844902 3.0351934 2.8067793 2.7665075 2.9314813 2.7989303 2.6717734 3.5094937 3.5323510 3.4318441 2.6940053 3.5141112 3.1844456 3.4903785 2.7460291 4.5768193 4.8263928 3.4763580 3.7480677 3.0270533 3.1538105 3.0906672 3.0149281 3.1489699 2.8064038 2.7835225 6.7471082 7.7708156 
Adig_XM_015891932.1                                              3.9219083 1.0672315 1.0672934 0.2919388 0.0000000 0.7985147 1.1766746 2.2775519 2.1946035 2.6215844 2.8792920 1.8247645 2.5637483 2.4820220 2.5925179 1.8614078 1.8614078 2.7243493 9.0000000 2.1660443 2.5727922 4.6729363 2.8756617 3.1857429 3.0149606 3.2068579 3.2365835 3.0428271 2.4765990 2.4137308 2.3218170 2.0793353 3.0967376 3.0513547 8.9999987 4.5978797 5.1862647 7.4813541 5.1862647 5.1862647 5.1862647 5.1862647 5.0946261 5.2492617 5.2706201 5.1656122 7.3580266 7.4813541 5.1862647 5.1862647 5.0747540 5.1300116 5.1228596 5.1862647 5.2073568 5.1822198 5.2210795 5.1256689 8.0663046 2.8054888 2.9174920 3.2494466 3.0226550 3.1415437 3.2244209 3.2231110 3.7875034 3.1367232 2.9225180 3.3922828 2.9832242 2.6591714 3.4707717 3.4426911 3.3069015 2.9597423 2.8948728 2.7075309 3.3804165 2.7804890 5.3295817 8.9999987 3.9984622 4.2345191 3.5144488 3.4610720 3.4027742 3.3774139 3.0509046 6.1885429 8.9999989 4.9833649 6.3994797 
Gfas_gfas1.m1.7018.m1                                            0.4625084 0.4211297 0.4277704 0.4063704 0.7985147 0.0000000 0.9321708 1.4193069 1.4415573 2.2860528 2.4022213 1.8512719 2.0935487 2.2158774 2.0513316 1.7180507 1.7180507 2.1424183 2.3582932 2.0501696 2.3126060 2.8470664 2.2940649 2.3605557 2.2601475 2.2949119 2.3014249 2.3886834 2.1219634 2.1436009 1.9267663 1.8041607 2.7137657 2.5829947 3.5290616 3.0519450 5.3748937 6.2738406 5.4055916 5.3798448 5.3748937 5.4071097 5.4056755 5.4090980 5.4203736 5.3696303 5.9539944 6.2867428 5.3804829 5.4135036 5.3862197 5.5635036 5.5604494 5.4483216 5.2222489 5.2854722 5.3485370 5.4586201 6.4816104 2.3509463 2.1534133 2.7949126 2.3575329 2.5678382 2.6528099 2.5645599 2.8837935 2.6024893 2.5219780 2.6352289 2.7240514 2.8495454 3.2995565 3.0844121 3.2228155 2.4895862 3.0506738 3.1339200 3.1052741 2.4080335 4.2370275 5.1562579 3.1585598 3.4218013 2.8880398 3.0083697 2.8107822 2.9468603 2.9112805 2.7830518 2.6729016 6.5778232 7.5352873 
Gasp_gasp1.m3.12327.m1                                           3.0821197 1.0919748 1.1066152 0.9510389 1.1766746 0.9321708 0.0000000 2.2096863 2.0398758 2.1800607 2.1339536 1.4597773 2.0903015 2.2142856 2.1585808 1.6577899 1.6577899 2.3021016 6.1891082 9.0000000 1.7336632 8.9999983 2.9045048 2.8159505 2.9259304 2.9113529 2.9638994 2.7116788 1.6880403 2.2324870 2.0795810 1.8215758 2.6780911 2.5600609 9.0000000 9.0000000 6.5006789 9.0000000 6.5006789 6.5249135 6.5006789 6.5006789 6.6646078 6.6730259 6.7113741 6.5006789 9.0000000 9.0000000 6.5006789 6.5006789 6.6227048 7.8684367 7.9085412 6.5006789 6.6074240 6.5006789 7.0662007 6.3450385 8.9999981 2.4428590 2.8370442 3.1405513 2.9940187 3.0273799 2.8387607 3.2705330 8.6565201 2.8176063 2.3908008 3.0380667 1.9684854 2.3018763 2.9292718 2.6409736 3.2016959 2.3704764 1.9573095 3.3833124 2.4753027 2.6505146 4.5545298 9.0000000 3.2507635 4.5161061 2.8188740 4.1997034 3.3946383 2.9157047 2.6365824 7.9690313 7.6021629 4.8644570 5.4407262 
Exapal_XM_021054536.2                                            1.9542265 1.5554988 1.5529671 1.5438293 2.2775519 1.4193069 2.2096863 0.0000000 0.9194260 2.5754326 2.0941677 1.7433158 2.0428709 1.9099517 2.2323677 1.7056325 1.7056325 2.4298174 2.6538520 2.1271413 2.5103877 2.7997346 2.5624299 2.5671863 2.2200302 2.4422402 2.4454100 2.5190005 1.9629428 2.5096801 2.0239456 1.7118369 3.2192846 2.6081787 3.5710584 3.8049461 5.3292623 6.3786662 5.4035760 5.3332185 5.3292623 5.3465969 5.3537526 5.3456951 5.3656040 5.3169772 6.1999097 6.3527948 5.3237642 5.3520318 5.3469333 5.4733311 5.5052276 5.3620828 5.3908132 5.3199605 5.3786140 5.9983562 6.4351157 2.4915353 2.6871673 2.7138030 2.5911060 2.7301775 2.9268815 2.6005912 3.0085210 2.8836742 2.6824301 2.7172419 2.5424125 2.8013424 3.5472947 3.5409439 3.7805247 3.1746702 3.4780202 3.6297220 3.4093712 2.7913642 3.7773935 4.1469581 3.5232817 3.6757514 3.2366758 3.3214821 3.2118003 3.1139505 3.3373684 2.9830096 2.3389117 5.2975019 6.8921735 
Nvec_v1g105967                                                   1.8526537 1.5009098 1.4853614 1.5125026 2.1946035 1.4415573 2.0398758 0.9194260 0.0000000 2.6047784 2.0137817 1.7917566 1.9612380 1.8893559 2.0651757 1.5632492 1.5632492 2.2634168 2.5693422 1.7389857 2.1121238 2.5720231 2.4149208 2.3363767 2.0859216 2.2751247 2.2589523 2.3440573 1.8318623 2.3043321 2.0874789 1.6528883 2.9297543 2.6805372 3.8982144 3.1801329 5.1187587 6.2222031 5.1817827 5.1222620 5.1187587 5.1338505 5.1400648 5.1333209 5.1509192 5.0988377 6.1826513 6.1950302 5.1235511 5.1367369 5.1251959 5.2204417 5.3370372 5.1420386 5.2411946 4.9979264 5.1891930 5.4095853 6.1509073 2.4476922 2.4901480 2.6263890 2.4981338 2.5088678 2.8103248 2.6655783 2.5461895 2.5580260 2.3011998 2.4524100 2.6117230 2.8897502 3.4932342 3.5283512 3.3487794 2.9816568 3.6495388 3.4974156 3.2019089 2.4066599 4.9418064 4.2952149 3.4443046 3.6509239 3.4358021 3.4679153 3.3040682 3.0451184 3.2793423 3.1303410 2.3037294 5.1122619 6.2570394 
Hsap_ENST00000340096                                             3.5397145 2.4519328 2.4366361 2.3272787 2.6215844 2.2860528 2.1800607 2.5754326 2.6047784 0.0000000 2.2851615 1.6026254 1.9316654 1.9759717 2.1549002 1.9483257 1.9483257 2.8554451 3.2676581 2.8497371 2.3586926 3.0191144 2.9781835 2.9961759 2.5359271 2.9589550 2.9499478 2.9878232 2.1083346 2.9351380 2.8001548 1.9989132 3.4509600 2.8417257 4.0992822 3.4644999 4.8763604 5.9284734 4.9214200 4.8795451 4.8763604 4.8727633 4.8953104 4.8678913 4.9029721 4.8825676 6.1945971 5.9600810 4.9060255 4.8718990 4.8808614 5.0629714 5.1143268 4.9163912 4.7912505 4.6128435 4.8971427 4.9635278 6.1085284 3.3108833 3.2540836 2.9410308 3.1394531 3.2332317 3.3820308 2.8962672 3.4668723 3.4657012 2.8971309 3.0429255 2.8724887 3.4027378 3.6176145 3.8121454 3.7402015 3.4652135 3.7175445 3.3583784 3.6327902 2.7855675 4.5690855 4.7698981 3.7272507 3.9655996 3.4732385 3.8066849 3.4697285 3.5724583 3.6413707 3.8415698 2.7599909 5.6842429 5.9808323 
Acagra_model.g12770.t1                                           4.0779958 2.5019285 2.4919794 2.4328361 2.8792920 2.4022213 2.1339536 2.0941677 2.0137817 2.2851615 0.0000000 1.2604224 1.5458862 1.0656334 1.7397395 1.6647843 1.6647843 2.3065889 2.3093686 2.2728082 2.5025691 2.6734404 2.4866507 2.5274814 2.4089622 2.4699539 2.4740382 2.4632286 2.2350481 2.6817206 2.4534824 2.1151752 3.1499507 2.7030587 3.8557191 3.1528917 5.4191316 6.4623267 5.4730307 5.4229276 5.4191316 5.4002020 5.4296238 5.4428672 5.4539656 5.4889369 7.1411093 6.5226396 5.4573228 5.3979386 5.4609580 5.4585317 5.5214742 5.4339874 5.4417131 5.2674586 5.4762721 5.5005415 6.5003599 2.7984960 3.1939685 2.9401447 2.8080559 2.8176853 2.9985885 2.7258337 3.2510564 3.1583175 2.4660227 2.8915357 2.8819270 3.1764936 3.1972434 3.3664142 3.2472996 3.1055872 3.4235009 2.9508325 3.1692715 2.4227036 4.8124611 4.8286154 3.7495172 3.7986346 3.3590165 3.4328887 3.3534749 3.0429108 3.2966729 3.1830894 2.3756310 5.2655067 5.3480588 
Skow_XM_006815262.1                                              2.2262366 1.9920414 2.0792122 1.9460053 1.8247645 1.8512719 1.4597773 1.7433158 1.7917566 1.6026254 1.2604224 0.0000000 1.0419057 1.1641485 1.1838468 1.4804256 1.4804256 2.1584492 4.9758831 2.2531551 2.6100835 2.6537718 2.2088767 2.1733236 2.1585534 2.1501764 2.1629628 2.1607128 1.9091350 2.0835407 1.9321985 1.9973320 2.4149091 2.3351845 3.7158948 2.7003949 4.1355267 5.6377008 4.1355267 4.1408354 4.1355267 4.1125409 4.1648548 4.1930494 4.1821005 4.1256955 7.3826370 5.6377008 4.1355267 4.1125409 4.1457244 4.1924920 4.2469225 4.1355267 4.1215142 3.9975127 4.1753902 4.0281397 5.7714968 2.2042364 2.2259633 3.0346507 2.3371285 2.3640286 2.4595651 2.2810100 3.4985624 2.9935570 2.9079889 3.1072008 2.7935257 2.7435746 2.9777449 2.7232960 2.6654975 2.1678471 2.8609145 2.4438264 2.5392269 1.8455166 4.5354589 3.4642780 2.8080423 2.9946778 2.6169759 2.9296274 2.8120577 2.2921367 2.5488175 2.7534641 2.7951100 5.4455016 4.9397126 
Bralan_BLAG06001162_1                                            3.0569378 2.1318213 2.1263825 2.1239743 2.5637483 2.0935487 2.0903015 2.0428709 1.9612380 1.9316654 1.5458862 1.0419057 0.0000000 1.3750917 1.5165699 1.3566098 1.3566098 2.2599640 2.6382536 1.9955592 2.0512590 2.7135466 2.6130101 2.5912489 2.2213200 2.4984346 2.5025804 2.5537962 1.9607000 2.4316904 2.3738464 1.9041362 3.0811837 2.5070935 3.4011706 3.2798731 4.9334047 5.9688219 4.9750330 4.9366423 4.9334047 4.9305829 4.9527712 4.9534233 4.9630257 4.9063709 5.8702438 5.9267289 4.9165797 4.9332166 4.9569110 5.0805175 5.1416851 4.9697558 4.9568603 4.5039175 4.9760872 4.9365183 6.0004804 2.7032954 2.9994881 2.7380742 2.5395227 2.7247543 2.8366854 2.6159986 2.8285450 2.7987795 2.5410720 2.6628560 2.5729263 2.7276698 3.1654585 3.1525548 3.0223594 2.6816734 3.4746479 2.9190505 2.8427906 1.9803349 4.1200632 3.1716440 3.4187585 3.4915632 3.1131335 3.0253035 3.0864978 2.6988043 2.9579523 3.2383902 1.8495691 5.0646160 5.9818536 
Cgig_XM_034446980.1                                              3.1641299 2.3763214 2.4013643 2.3273398 2.4820220 2.2158774 2.2142856 1.9099517 1.8893559 1.9759717 1.0656334 1.1641485 1.3750917 0.0000000 1.6804733 1.5736476 1.5736476 2.3880130 2.3470780 2.7065115 2.1451108 2.6328877 2.4497788 2.4897551 2.3842383 2.3966503 2.3947291 2.4620284 2.0719095 2.5232068 2.2842106 1.8422387 3.0405608 2.5950407 3.9791030 3.4337503 5.3638104 6.2113596 5.4018666 5.3675329 5.3638104 5.3453111 5.3740352 5.3870646 5.4175133 5.3310901 6.3142426 6.1635501 5.3191723 5.3503846 5.3587930 5.4063818 5.4837332 5.3563462 5.3132526 5.0831962 5.3808398 5.4498047 6.2991908 2.7645218 2.8633875 2.5319746 2.7376029 2.7390800 2.7131189 2.5508545 2.7168029 2.8189213 2.4549368 2.5878033 2.5289256 2.8265462 3.2609748 3.3807141 3.3570526 2.9056904 3.6413020 3.0738969 2.8947951 2.2420652 4.2375714 4.0775655 3.3894421 3.5282612 3.2021052 3.1182456 3.0175669 2.9299738 3.0106191 3.1513815 1.7573390 5.3825942 5.6872467 
Spur_XM_030980675.1                                              3.0480708 2.2092882 2.2015447 2.1353273 2.5925179 2.0513316 2.1585808 2.2323677 2.0651757 2.1549002 1.7397395 1.1838468 1.5165699 1.6804733 0.0000000 1.5824522 1.5824522 2.4642876 2.6148650 2.3003042 2.2843002 2.8250947 2.5771657 2.6848717 2.4396189 2.6652230 2.6565296 2.5572645 1.9812864 2.3644149 2.4219514 2.0318937 3.0601895 2.7385642 4.0716069 3.2937218 4.9108988 5.6889892 4.9704792 4.9141743 4.9108988 4.9311957 4.9304541 4.9106096 4.9408548 4.9069203 6.3746847 5.6960479 4.9292411 4.9127994 4.9346608 5.0373553 5.0425706 4.9407701 4.7287383 4.3976744 4.9750902 4.8478509 5.8682052 2.9909970 3.1114427 2.8717900 2.6948238 2.6849159 2.8292344 2.7157487 2.9405194 2.9743231 2.7175446 2.7133560 2.7415701 2.8259612 3.4438656 3.7635403 3.2281616 3.0105682 3.1817104 3.3977837 3.2876957 2.4439874 4.2085433 3.8203434 3.5110358 3.6397236 3.3196334 3.4119496 3.6133478 3.2250190 3.0526696 2.8580434 1.8877248 5.1180813 5.7883586 
Plajan_Pjan_scaffold17041_01                                     3.1235432 2.0890597 2.1492294 1.7977278 1.8614078 1.7180507 1.6577899 1.7056325 1.5632492 1.9483257 1.6647843 1.4804256 1.3566098 1.5736476 1.5824522 0.0000000 0.0000010 1.4351659 3.5381918 1.1392168 1.8849242 2.4939507 1.9428538 2.3005640 2.3216974 2.3864754 2.4051422 2.3519004 2.4010644 1.9427475 1.7266946 2.0063364 1.9167997 2.1160802 9.0000000 1.6903445 3.3928222 2.5496571 3.4062003 3.4013404 3.3928222 3.3928222 3.4358584 3.4459798 3.4613296 3.3928222 1.4121065 2.5496571 3.3928222 3.3928222 3.4479190 3.3833605 3.5307403 3.3469439 3.4335879 3.4062003 3.5126281 3.3642416 5.0326014 1.8876248 2.1547084 2.8367293 2.4853422 2.4222017 2.3473370 2.2844298 2.7512459 2.1717744 2.4017956 2.5037568 2.4333904 2.5680505 2.4107795 2.4059615 2.2828069 2.1531288 2.5204869 2.7781405 2.0148064 2.6840779 3.5847215 3.8994893 2.3440269 2.3814861 2.4114175 2.3304976 2.6634152 2.0747090 2.1871463 2.8694098 4.7815467 4.2325828 4.0659904 
Plajan_Pjan_scaffold17042_01                                     3.1235432 2.0890597 2.1492294 1.7977278 1.8614078 1.7180507 1.6577899 1.7056325 1.5632492 1.9483257 1.6647843 1.4804256 1.3566098 1.5736476 1.5824522 0.0000010 0.0000000 1.4351659 3.5381918 1.1392168 1.8849242 2.4939507 1.9428538 2.3005640 2.3216974 2.3864754 2.4051422 2.3519004 2.4010644 1.9427475 1.7266946 2.0063364 1.9167997 2.1160802 9.0000000 1.6903445 3.3928222 2.5496571 3.4062003 3.4013404 3.3928222 3.3928222 3.4358584 3.4459798 3.4613296 3.3928222 1.4121065 2.5496571 3.3928222 3.3928222 3.4479190 3.3833605 3.5307403 3.3469439 3.4335879 3.4062003 3.5126281 3.3642416 5.0326014 1.8876248 2.1547084 2.8367293 2.4853422 2.4222017 2.3473370 2.2844298 2.7512459 2.1717744 2.4017956 2.5037568 2.4333904 2.5680505 2.4107795 2.4059615 2.2828069 2.1531288 2.5204869 2.7781405 2.0148064 2.6840779 3.5847215 3.8994893 2.3440269 2.3814861 2.4114175 2.3304976 2.6634152 2.0747090 2.1871463 2.8694098 4.7815467 4.2325828 4.0659904 
Opea_EP00118_Oscarella_pearsei_P007359                           2.8886209 2.2868974 2.2267512 2.2208654 2.7243493 2.1424183 2.3021016 2.4298174 2.2634168 2.8554451 2.3065889 2.1584492 2.2599640 2.3880130 2.4642876 1.4351659 1.4351659 0.0000000 0.0000010 0.0000010 2.4818713 2.8397393 3.1169680 2.5513201 2.2153166 2.5162237 2.5552581 2.4516225 2.0712389 2.7071341 2.7460702 2.4181820 3.2212685 2.7616535 3.7178330 3.7829429 6.4540000 6.8309394 6.5730452 6.4563854 6.4540000 6.4604171 6.4864237 6.4869431 6.4752238 6.3535910 7.5053527 6.6901519 6.3744279 6.4589190 6.4626584 6.5685531 6.6777708 6.4929027 6.5666432 6.1832226 6.5321567 7.1025329 7.3178098 3.1316845 3.3577649 3.0393792 2.6875470 3.1584239 3.1333191 2.8802682 3.0357525 2.6990850 2.6894973 2.8000904 2.9468037 2.3625932 3.2579582 3.1847722 3.2821441 3.0860459 3.4924648 3.1453239 3.6132736 2.2737908 4.4725147 3.8564190 3.5348395 3.6072395 3.2392112 3.4453146 3.4939966 3.3333682 3.2891110 3.8746312 2.7140804 6.0078747 7.7431620 
Ocar_g4150                                                       2.8259409 2.4234496 2.2399043 2.2346576 9.0000000 2.3582932 6.1891082 2.6538520 2.5693422 3.2676581 2.3093686 4.9758831 2.6382536 2.3470780 2.6148650 3.5381918 3.5381918 0.0000010 0.0000000 0.0000010 0.0000010 3.4486007 3.9071121 2.9701890 2.3089018 2.8354471 2.8682008 2.8854779 0.0000010 3.1536567 3.1376485 0.0000010 4.2801494 3.2934796 3.6018525 5.5366177 6.8834072 6.8834072 7.1614706 6.8834072 6.8834072 6.8834072 6.8834072 6.8834072 6.8834072 6.6915724 7.5053527 6.6915724 6.7043936 6.8799749 6.8834072 6.8834072 6.8834072 6.9557266 7.1822394 6.4216177 6.8834072 8.9999987 6.6915724 4.0810002 4.6378184 3.0606700 2.7572578 4.3302612 3.6258536 3.2112557 3.1133440 2.8821091 2.5841405 2.7393155 2.3702116 0.0000010 4.3524380 4.7140508 4.4645188 4.0659355 5.9331870 4.7443137 5.2666694 9.0000000 4.6429357 4.0052149 5.3810377 4.9772170 4.4602443 4.0993815 4.4169777 5.4219820 4.8194881 3.7174338 2.6658332 5.6589119 8.9999985 
Ocar_g4152                                                       6.2334035 2.1449799 2.2071462 2.1959465 2.1660443 2.0501696 9.0000000 2.1271413 1.7389857 2.8497371 2.2728082 2.2531551 1.9955592 2.7065115 2.3003042 1.1392168 1.1392168 0.0000010 0.0000010 0.0000000 2.6260110 2.2391388 2.6373108 2.2386456 2.1044896 2.1421579 2.1945908 2.0836897 2.0270940 2.6692693 2.8148586 2.7904164 2.6195019 2.8459637 3.6408402 2.1257918 7.5687671 6.9325860 7.5687671 7.5687671 7.5687671 7.6051260 7.5687671 7.5687671 7.5687671 7.4860300 9.0000000 6.9325860 7.5687671 7.6051260 7.4860300 7.5687671 7.5687671 7.5687671 7.5545520 7.5545520 7.9865149 7.5545520 8.0939065 2.4521915 2.5922131 2.7854491 2.7317111 2.4648633 2.7600353 2.3930490 2.8255039 2.5607824 2.7501342 2.7501342 3.1718636 2.4259092 2.5927232 2.3949607 2.6518873 2.6313043 3.7288051 2.2673367 3.1105855 2.1285220 5.6122325 2.6119599 2.5189086 2.5588443 2.5635018 2.8598180 2.9705657 2.7421943 2.8261064 3.9744396 4.3094767 7.5358423 8.8443208 
Salmac_EP00052_Salpingoeca_macrocollata_P008656                  9.0000000 2.2872673 2.2843826 2.4763232 2.5727922 2.3126060 1.7336632 2.5103877 2.1121238 2.3586926 2.5025691 2.6100835 2.0512590 2.1451108 2.2843002 1.8849242 1.8849242 2.4818713 0.0000010 2.6260110 0.0000000 3.1916921 2.4770571 2.2996147 2.2458600 2.3156712 2.3156712 2.4724149 2.4988401 2.2267682 2.0681490 2.2979813 2.1681530 2.2126874 0.0000010 3.9692115 3.8861196 0.0000010 3.8861196 3.9472605 3.8861196 3.8861196 3.9604500 3.9734255 3.9618610 3.8861196 0.0000010 0.0000010 3.8861196 3.8861196 4.0095596 3.8426912 4.0399100 3.8861196 3.9332835 3.8861196 3.8829778 3.8146955 3.8481444 2.6419298 2.3624188 2.3803616 2.8911451 2.9668023 2.9118378 2.6091254 3.4405997 2.5266046 2.7867001 2.7867001 2.6490899 2.1347503 2.7331611 2.8206615 2.5181311 2.3824331 2.1443197 3.2048473 2.1398518 2.4063280 3.5773405 0.0000010 3.2407408 3.4294137 3.0235328 3.3588544 3.0880622 2.0848044 2.2987422 0.0000010 0.0000010 3.6500198 4.0705955 
Spolac_c104644_g4_i1_m.42072c104644-g4                           4.5103161 2.7540783 2.7971022 3.1891178 4.6729363 2.8470664 8.9999983 2.7997346 2.5720231 3.0191144 2.6734404 2.6537718 2.7135466 2.6328877 2.8250947 2.4939507 2.4939507 2.8397393 3.4486007 2.2391388 3.1916921 0.0000000 0.2498810 2.6201662 2.5680467 2.5338392 2.5316450 2.5511152 1.9919589 1.6857647 3.0266911 2.2627139 2.4225167 2.3613106 2.7072911 2.2070953 5.8290033 5.4902053 5.8290033 5.8290033 5.8290033 5.9251193 5.8290033 5.8290033 5.8290033 5.7902382 5.1896537 5.4902053 5.8290033 5.9194138 5.7902382 5.8290033 5.8290033 5.8290033 5.8290033 5.8290033 5.9068400 5.8290033 5.7297455 3.4091922 3.8467005 2.6956652 3.2873709 3.2185846 3.4565239 3.1485278 3.0632542 3.0205720 2.5607490 2.8539026 2.7770668 4.4049472 4.2120374 3.7914541 3.1716778 2.8003775 7.0900531 3.4922701 3.5828932 2.3997190 4.8319891 3.8147544 3.7118181 3.6685056 3.3390827 3.6803107 3.3445746 3.1816467 4.0421117 3.8975107 3.5847186 7.5537253 8.4174703 
Emue_Em0022g379a.t1                                              3.5943990 2.2455740 2.3278498 2.4608755 2.8756617 2.2940649 2.9045048 2.5624299 2.4149208 2.9781835 2.4866507 2.2088767 2.6130101 2.4497788 2.5771657 1.9428538 1.9428538 3.1169680 3.9071121 2.6373108 2.4770571 0.2498810 0.0000000 2.9662341 2.6401376 2.9487764 2.9378679 2.8674149 2.1070212 1.7958174 2.8199304 2.1816049 2.4789334 2.1563274 2.7530609 3.1140731 5.0128904 5.6166437 5.0714841 5.0165368 5.0128904 5.0494932 5.0348684 5.0295255 5.0083729 4.9981432 5.7016538 5.6166437 5.0295406 5.0525008 5.0137437 4.9701656 5.0979411 5.0344030 4.9769451 4.8464982 5.1220140 5.3317274 5.6861096 3.2431545 3.1622842 2.8734857 3.0923441 3.3628981 3.5161444 3.0758695 3.2974804 3.2877592 2.4115559 2.6680059 2.6200918 3.2560748 4.0181256 3.8722988 3.3398195 3.0733910 3.8460413 3.2920257 3.4839518 2.6221400 4.4406249 3.9299874 3.3408234 3.5759465 3.2142347 3.3028054 3.1698589 3.2503630 3.5626309 3.9550504 3.1995763 4.6420598 6.9298865 
HoiH23_PlH23_009149-RA                                           3.2885690 2.6907618 2.6400398 2.7519764 3.1857429 2.3605557 2.8159505 2.5671863 2.3363767 2.9961759 2.5274814 2.1733236 2.5912489 2.4897551 2.6848717 2.3005640 2.3005640 2.5513201 2.9701890 2.2386456 2.2996147 2.6201662 2.9662341 0.0000000 0.0640654 0.1965302 0.1931401 0.4203909 0.3774520 2.7164051 2.7492121 2.3448239 3.2320956 2.6900688 3.5417589 3.2978352 5.3620744 6.2108051 5.4197549 5.3657008 5.3620744 5.3447566 5.3845755 5.4049276 5.4267890 5.3410743 6.4683589 6.1846310 5.3540702 5.3437926 5.3694624 5.4290943 5.4096608 5.3833442 5.4609536 5.1249314 5.4879009 5.6468561 6.2645724 2.8137722 3.2803325 2.7603356 3.1886768 3.2919973 3.2957923 3.0295715 2.9577667 3.3439967 2.7661854 2.8711457 3.1878054 3.1710182 3.6351495 3.6967211 3.5162554 3.2808190 3.9124584 3.1232172 3.1435850 2.6550458 4.9709301 4.3308774 3.9335934 3.9211568 3.4111548 3.6373058 3.3895749 3.3128340 3.3448245 3.6232092 3.0320333 4.9188219 6.6452163 
HoiH06_mRNA2242                                                  3.2010160 2.6273726 2.5571763 2.7312477 3.0149606 2.2601475 2.9259304 2.2200302 2.0859216 2.5359271 2.4089622 2.1585534 2.2213200 2.3842383 2.4396189 2.3216974 2.3216974 2.2153166 2.3089018 2.1044896 2.2458600 2.5680467 2.6401376 0.0640654 0.0000000 0.1291541 0.1353166 0.2841708 0.3851356 2.3440728 2.3990774 2.2645364 2.9549681 2.6554580 3.9454257 2.3946291 4.7908623 5.6000253 4.7908623 4.7931487 4.7908623 4.7908623 4.8194772 4.8462338 4.8769672 4.7655680 5.7139763 5.5593267 4.7766128 4.7896818 4.7998840 4.8427310 4.8141205 4.7908623 4.8091742 4.7908623 4.9295540 4.7629672 5.7656031 2.2688944 2.7358697 2.7870181 2.7109167 2.9143093 2.9598613 2.6572824 2.7248214 2.9899606 2.7487849 2.7723711 3.3425389 3.1311974 3.0956889 3.1917041 2.9377455 2.8376167 3.7565264 3.2309267 2.5997877 2.5336971 4.4545391 4.1166160 3.4932250 3.5658715 3.3161374 3.6433374 3.3222287 2.8311625 2.8281100 3.2053039 2.6683365 5.8042974 5.8039056 
Hhon_g08427.t1                                                   3.1658914 2.6269763 2.6148725 2.7491071 3.2068579 2.2949119 2.9113529 2.4422402 2.2751247 2.9589550 2.4699539 2.1501764 2.4984346 2.3966503 2.6652230 2.3864754 2.3864754 2.5162237 2.8354471 2.1421579 2.3156712 2.5338392 2.9487764 0.1965302 0.1291541 0.0000000 0.0106822 0.4278625 0.3979614 2.6263328 2.6839264 2.2885632 3.1346302 2.6612556 3.6618776 3.0400156 4.9971563 5.5069473 5.0461305 5.0005020 4.9971563 4.9815539 5.0172897 5.0358833 5.0568193 4.9789497 5.4108435 5.4875694 4.9931769 4.9806329 5.0036068 5.0155931 5.0200926 5.0186161 5.0433799 4.9976932 5.1030791 5.3798682 5.6538569 2.9003189 3.1696799 2.6299825 3.0496161 3.3412482 3.1761912 2.9824733 2.8479823 3.1280661 2.6863481 2.7951244 3.1343899 3.1820163 3.5412125 3.4612699 3.2871366 3.0833434 3.8436838 3.1097354 3.0386450 2.6265455 4.7690890 3.9897296 3.7565409 3.8124266 3.2331180 3.4855663 3.3313480 3.2687145 3.1894147 3.3055977 2.7234419 4.9867618 6.8992528 
HoiH04_mRNA12587                                                 3.1460865 2.6346025 2.6246437 2.7572939 3.2365835 2.3014249 2.9638994 2.4454100 2.2589523 2.9499478 2.4740382 2.1629628 2.5025804 2.3947291 2.6565296 2.4051422 2.4051422 2.5552581 2.8682008 2.1945908 2.3156712 2.5316450 2.9378679 0.1931401 0.1353166 0.0106822 0.0000000 0.4286014 0.4095699 2.6366212 2.6837688 2.3080570 3.1419277 2.6815573 3.6850940 3.0333199 5.0476077 5.5759312 5.0978585 5.0509984 5.0476077 5.0317403 5.0681034 5.0869813 5.1081174 5.0289904 5.4964138 5.5559103 5.0434708 5.0307999 5.0541979 5.0681963 5.0723642 5.0691121 5.0990311 5.0236957 5.1564655 5.4262652 5.7174586 2.9011693 3.1641400 2.6541706 3.0423156 3.3396793 3.1578658 2.9781806 2.8656098 3.1658495 2.7066043 2.8124512 3.1374665 3.2467212 3.5662143 3.4601797 3.2933141 3.0757405 3.8197691 3.1191836 3.0420091 2.6494639 4.7759824 3.9757211 3.7606423 3.7988509 3.2427502 3.4559926 3.3192828 3.2727711 3.1869186 3.3001268 2.7123450 5.0052354 6.8623984 
TrH2_TrispH2_008397-RA                                           3.3729870 2.7189343 2.6669865 2.7666704 3.0428271 2.3886834 2.7116788 2.5190005 2.3440573 2.9878232 2.4632286 2.1607128 2.5537962 2.4620284 2.5572645 2.3519004 2.3519004 2.4516225 2.8854779 2.0836897 2.4724149 2.5511152 2.8674149 0.4203909 0.2841708 0.4278625 0.4286014 0.0000000 0.0152209 2.7550809 2.7801057 2.4539732 3.3408679 3.0127884 3.9048608 3.3812363 5.2828590 5.8881719 5.3540998 5.2863863 5.2828590 5.2654198 5.3046057 5.3243680 5.3458392 5.2609900 5.9534181 5.8652639 5.2824865 5.2644932 5.2882412 5.3075671 5.2799525 5.3165284 5.4056420 5.2231107 5.3866136 5.6091878 6.0068526 2.9983545 3.2639005 2.7223513 3.0017914 3.3220953 3.2412852 2.9688242 2.9244130 3.1396403 2.6811130 2.8757560 3.2924999 2.8325421 3.5493202 3.5499343 3.4184452 3.2337936 4.0901027 3.2295381 3.1127890 2.6307676 5.0129180 4.1339831 3.8476193 4.0048023 3.5091884 3.7214026 3.3751073 3.1932006 3.2786122 3.6536722 2.7424164 5.1065408 6.9138283 
Tadh_TriadT30393                                                 4.5285356 2.2944158 2.3433097 2.3685563 2.4765990 2.1219634 1.6880403 1.9629428 1.8318623 2.1083346 2.2350481 1.9091350 1.9607000 2.0719095 1.9812864 2.4010644 2.4010644 2.0712389 0.0000010 2.0270940 2.4988401 1.9919589 2.1070212 0.3774520 0.3851356 0.3979614 0.4095699 0.0152209 0.0000000 2.1233730 2.3279766 2.3706981 2.3032013 2.3112572 2.3676599 2.0764959 4.3626059 4.3898657 4.3626059 4.3696638 4.3626059 4.3303009 4.4026470 4.4409063 4.4862062 4.3490525 0.0000010 4.3898657 4.3626059 4.3303009 4.3766693 4.3296864 4.2926617 4.3626059 4.3881517 4.3626059 4.5064265 4.3237007 5.3172967 2.1896635 2.3183243 2.9460647 2.3994553 2.7146288 2.6457473 2.5198668 2.8655121 2.7066347 2.7204602 2.7204602 3.0869070 2.8686905 3.0810700 3.1649261 2.8085249 2.3537864 3.5875473 2.7015631 2.5352482 2.5861140 4.8502623 2.6227100 3.0188046 3.0239935 2.7474009 3.2104044 2.7931450 2.5174032 2.7316146 3.3083902 0.0000010 5.8674138 5.3574318 
Tetwil_g5520.t2                                                  4.0586771 2.3812258 2.4138407 2.4110359 2.4137308 2.1436009 2.2324870 2.5096801 2.3043321 2.9351380 2.6817206 2.0835407 2.4316904 2.5232068 2.3644149 1.9427475 1.9427475 2.7071341 3.1536567 2.6692693 2.2267682 1.6857647 1.7958174 2.7164051 2.3440728 2.6263328 2.6366212 2.7550809 2.1233730 0.0000000 2.5717703 2.1185678 2.4689102 1.9642898 2.5004633 3.1233965 5.4695481 5.9699489 5.5285176 5.4733011 5.4695481 5.4861638 5.4930292 5.4944999 5.5039665 5.4461766 6.4513661 5.9485939 5.4650411 5.4841525 5.4948534 5.5911736 5.6492330 5.5582925 5.5670096 5.0862572 5.6206428 5.7476643 6.1681624 3.1616799 2.9757198 2.7167975 3.0058709 3.1656460 3.4326875 3.0137003 3.0157413 2.8529171 2.2993492 2.4649055 2.4629321 2.9962573 3.4322658 3.4786472 3.2476149 3.2555020 3.4712624 3.3490323 2.9495391 2.5937504 3.9608772 3.8958351 3.4453433 3.4618739 2.9678250 3.3421197 3.1539788 3.1844200 3.3580093 3.2665137 2.7027459 4.9413389 6.3197429 
Dgig_XM_028546006.1                                              2.7172460 2.0167094 2.0315176 2.0315714 2.3218170 1.9267663 2.0795810 2.0239456 2.0874789 2.8001548 2.4534824 1.9321985 2.3738464 2.2842106 2.4219514 1.7266946 1.7266946 2.7460702 3.1376485 2.8148586 2.0681490 3.0266911 2.8199304 2.7492121 2.3990774 2.6839264 2.6837688 2.7801057 2.3279766 2.5717703 0.0000000 0.7686225 3.4212574 2.8176458 4.0185928 4.0883567 5.2909002 6.6538344 5.3495618 5.2945674 5.2909002 5.2951291 5.3135261 5.3591874 5.3245870 5.2702683 6.3306018 6.5165844 5.2359705 5.2981611 5.3433368 5.3739488 5.4186853 5.2911445 5.2424542 5.1738428 5.4472023 5.5651738 6.4389718 2.9287475 2.6438921 2.6709736 2.8288396 2.7229114 2.8177065 2.9047676 3.0665432 3.1693304 2.7887104 2.6906709 2.7322550 2.9728553 4.0295576 4.0916418 3.8826533 3.6136924 4.3457113 3.6074534 3.4513700 2.5711415 4.8940263 4.5967411 3.9634667 4.1606694 3.3416267 3.5581741 3.5469294 3.3993784 3.4248635 1.3666711 3.1857050 5.5144630 5.9820372 
Xesp_014333-T1                                                   2.7265377 1.8542449 1.8902730 1.9333875 2.0793353 1.8041607 1.8215758 1.7118369 1.6528883 1.9989132 2.1151752 1.9973320 1.9041362 1.8422387 2.0318937 2.0063364 2.0063364 2.4181820 0.0000010 2.7904164 2.2979813 2.2627139 2.1816049 2.3448239 2.2645364 2.2885632 2.3080570 2.4539732 2.3706981 2.1185678 0.7686225 0.0000000 2.0752180 2.0982423 0.0000010 2.9171595 5.2320960 8.9999987 5.2320960 5.2629492 5.2320960 5.2320960 5.1313198 5.4057293 5.3241791 5.2106148 0.0000010 8.9999987 5.2320960 5.2320960 5.0942284 5.4972576 5.4737240 5.2320960 5.2716327 5.2320960 5.4284354 5.1724844 7.7750085 1.8478479 1.9983565 3.0683475 2.4401477 2.7763247 2.9035764 2.3951703 2.2886387 2.4613096 2.6308530 2.6308530 2.6054505 3.5472265 2.8321943 2.9835910 2.5014870 2.5790800 3.0978821 2.7136516 2.3447642 2.8542808 4.8247881 0.0000010 2.8232110 2.8930867 2.9432505 3.4596671 3.1508124 2.7522137 2.4821541 1.4617607 0.0000010 4.4575892 5.9881273 
Aque_Aqu2.1.34486_001                                            4.4143297 2.8798769 3.1120835 2.9263381 3.0967376 2.7137657 2.6780911 3.2192846 2.9297543 3.4509600 3.1499507 2.4149091 3.0811837 3.0405608 3.0601895 1.9167997 1.9167997 3.2212685 4.2801494 2.6195019 2.1681530 2.4225167 2.4789334 3.2320956 2.9549681 3.1346302 3.1419277 3.3408679 2.3032013 2.4689102 3.4212574 2.0752180 0.0000000 0.7794445 1.0752386 1.7205939 5.4322014 6.4599923 5.5028295 5.4502247 5.4322014 5.4369555 5.4574638 5.5016696 5.4476418 5.4297053 6.1160014 6.4753262 5.4486918 5.4403182 5.4599003 5.5099243 5.6019737 5.4060598 5.4099920 5.2554148 5.4737778 5.8044703 6.3640764 3.3617717 3.4538375 3.3088416 3.1949828 3.9345610 3.9470857 3.4657425 3.5139884 3.1912679 2.6115768 2.8525019 2.7341637 3.1956863 3.5589539 3.3353926 3.6103424 3.3464111 3.4566727 3.9525543 3.6985462 2.4325543 5.3893993 5.3518352 3.7351218 3.8914321 3.3641373 3.6567780 3.7059408 3.1575407 3.5607575 4.9640497 4.0005072 5.5369711 5.9312447 
Halamb_c38001_g1_i1m.10481                                       4.0272362 2.7636012 2.8997622 2.8169262 3.0513547 2.5829947 2.5600609 2.6081787 2.6805372 2.8417257 2.7030587 2.3351845 2.5070935 2.5950407 2.7385642 2.1160802 2.1160802 2.7616535 3.2934796 2.8459637 2.2126874 2.3613106 2.1563274 2.6900688 2.6554580 2.6612556 2.6815573 3.0127884 2.3112572 1.9642898 2.8176458 2.0982423 0.7794445 0.0000000 0.0000010 1.3804743 5.3638542 6.2552807 5.3638542 5.3526943 5.3638542 5.3697405 5.3952579 5.3883835 5.4368730 5.3572432 5.8478703 6.2681106 5.3695517 5.3603848 5.3983294 5.3764780 5.4717529 5.3638542 5.3840313 5.3666967 5.3536889 5.4550836 6.2775938 3.1044040 2.9257494 3.2698473 2.9234576 3.2371816 3.1669676 3.1779259 2.8655647 2.7230052 2.5133754 2.6475659 2.6103021 3.6634751 3.5028143 3.5808114 3.3926020 3.1318652 3.6098565 3.8031675 3.0728032 2.5367823 5.2105216 6.3496377 3.5855132 3.7970312 3.5000270 3.7566958 3.5660774 3.0446099 3.1586018 4.1391314 3.8644370 6.5156957 6.7300236 
Halamb_c38852_g1_i1m.11164                                       4.1030087 3.5396620 3.7623882 3.5425329 8.9999987 3.5290616 9.0000000 3.5710584 3.8982144 4.0992822 3.8557191 3.7158948 3.4011706 3.9791030 4.0716069 9.0000000 9.0000000 3.7178330 3.6018525 3.6408402 0.0000010 2.7072911 2.7530609 3.5417589 3.9454257 3.6618776 3.6850940 3.9048608 2.3676599 2.5004633 4.0185928 0.0000010 1.0752386 0.0000010 0.0000000 2.9889750 6.3732708 6.3732708 6.3732708 6.3732708 6.3732708 6.3855612 6.3732708 6.3732708 6.3732708 6.3852926 5.8187730 6.3852926 6.3852926 6.3685712 6.3732708 6.3732708 6.3732708 6.3732708 6.3800225 6.5719658 6.3977335 7.0872960 6.6136126 4.2418223 4.6048740 4.3306247 3.6840589 4.6421113 4.2977956 4.3250529 3.7853525 3.2721598 5.9586703 3.5387036 4.2211051 0.0000010 4.2248315 4.5759883 4.0381242 4.7200875 6.3195941 6.1371026 4.3687614 2.3955383 5.2358928 4.9928254 4.6258561 4.7416148 4.3954487 4.2596719 4.4231268 4.3575509 4.1184388 4.7208855 3.8308303 7.2068592 8.7403458 
Xestes_augustus_masked-XT_scaffold4206-processed-gene-0.3-mRNA-1 4.6930824 3.4035596 3.4998482 3.8420120 4.5978797 3.0519450 9.0000000 3.8049461 3.1801329 3.4644999 3.1528917 2.7003949 3.2798731 3.4337503 3.2937218 1.6903445 1.6903445 3.7829429 5.5366177 2.1257918 3.9692115 2.2070953 3.1140731 3.2978352 2.3946291 3.0400156 3.0333199 3.3812363 2.0764959 3.1233965 4.0883567 2.9171595 1.7205939 1.3804743 2.9889750 0.0000000 5.6353315 5.4765377 5.7372938 5.6353315 5.6353315 5.6030238 5.6353315 5.6353315 5.6353315 5.6855546 5.9499845 5.5668278 5.7479078 5.6030238 5.6140061 5.6353315 5.6353315 5.5815109 5.6951439 5.1799024 5.5992442 6.1524892 5.7392989 3.6745366 4.1476356 4.8243734 4.0605758 4.1722504 4.0028725 3.6697859 3.3170700 3.8388449 3.3347389 3.4944634 3.2625722 3.3317401 3.8938272 4.5656501 4.0068270 3.1280212 5.5832714 4.0795430 3.6098796 2.9255011 6.0859074 4.6151213 4.0138774 4.1106120 3.4962783 4.0705216 4.1125946 3.9589257 4.5233580 5.5112860 4.0422443 4.3499018 7.3953544 
Morvir_scaffold205.g14.t1                                        5.7766650 5.4737960 5.6578776 5.3593484 5.1862647 5.3748937 6.5006789 5.3292623 5.1187587 4.8763604 5.4191316 4.1355267 4.9334047 5.3638104 4.9108988 3.3928222 3.3928222 6.4540000 6.8834072 7.5687671 3.8861196 5.8290033 5.0128904 5.3620744 4.7908623 4.9971563 5.0476077 5.2828590 4.3626059 5.4695481 5.2909002 5.2320960 5.4322014 5.3638542 6.3732708 5.6353315 0.0000000 0.0000010 0.0000010 0.0011958 0.0000010 0.0011964 0.0011959 0.0035955 0.0035920 0.0023938 0.0025369 0.0017071 0.0023939 0.0023940 0.0035966 0.0037155 0.0164073 0.0048249 0.0026040 0.0116263 0.0049286 0.1827126 0.1128584 5.5855161 5.9941841 4.8246650 5.9243136 6.6458597 6.0011473 6.0898468 6.7434142 6.4980596 6.8942404 7.0447636 5.5510789 5.3675670 6.8315206 7.2730295 5.6500763 5.8029703 6.5284031 5.5971885 6.3000121 6.3129935 5.4977542 6.3710688 7.3345317 7.0120973 5.8987566 6.2481335 6.2535196 6.2087159 5.6763740 6.2750249 5.6560052 6.8286662 3.5121686 
Morvir_scaffold308.g4.t1                                         5.8709360 6.8830113 7.1438726 6.5548618 7.4813541 6.2738406 9.0000000 6.3786662 6.2222031 5.9284734 6.4623267 5.6377008 5.9688219 6.2113596 5.6889892 2.5496571 2.5496571 6.8309394 6.8834072 6.9325860 0.0000010 5.4902053 5.6166437 6.2108051 5.6000253 5.5069473 5.5759312 5.8881719 4.3898657 5.9699489 6.6538344 8.9999987 6.4599923 6.2552807 6.3732708 5.4765377 0.0000010 0.0000000 0.0000010 0.0000010 0.0000010 0.0017075 0.0000010 0.0000010 0.0000010 0.0017071 0.0025369 0.0017071 0.0034185 0.0034187 0.0000010 0.0000010 0.0000010 0.0069113 0.0019275 0.0198899 0.0035416 0.3134885 0.0120093 6.1423325 7.0244625 5.6051339 6.0437273 8.4730463 6.5399891 6.4787560 7.4269400 7.3491921 8.9999988 8.4104450 8.9515665 0.0000010 7.1801481 7.8729601 6.0550247 6.6290615 8.1258927 6.5305356 6.9864626 6.1053887 6.0882471 6.3710688 8.6874247 7.6788565 6.5935471 6.8791644 6.7859192 6.8605881 5.9939449 6.2723228 5.6560052 6.7377887 8.9999990 
Morvir_scaffold118.g7.t1                                         5.7146859 5.4732641 5.7132254 5.3593484 5.1862647 5.4055916 6.5006789 5.4035760 5.1817827 4.9214200 5.4730307 4.1355267 4.9750330 5.4018666 4.9704792 3.4062003 3.4062003 6.5730452 7.1614706 7.5687671 3.8861196 5.8290033 5.0714841 5.4197549 4.7908623 5.0461305 5.0978585 5.3540998 4.3626059 5.5285176 5.3495618 5.2320960 5.5028295 5.3638542 6.3732708 5.7372938 0.0000010 0.0000010 0.0000000 0.0012049 0.0000010 0.0012054 0.0012050 0.0036228 0.0036193 0.0024120 0.0025781 0.0017256 0.0024121 0.0024122 0.0036240 0.0037447 0.0165387 0.0024171 0.0026040 0.0116263 0.0049672 0.1827126 0.1140963 5.6098705 6.0169498 4.8246650 5.9872775 6.6458597 6.0498533 6.2147743 6.7923341 6.5731926 6.8942404 7.0447636 5.5510789 5.3675670 6.9973679 7.2730295 5.6500763 5.8931715 6.5284031 5.5971885 6.4337134 6.3129935 5.4977542 6.5679936 7.4084175 7.0854738 5.9398953 6.2991246 6.3025877 6.2087159 5.6763740 6.3319440 5.9312827 6.9714523 3.5324582 
Morvir_scaffold208.g26.t1                                        5.7766650 5.4785005 5.6627871 5.3640109 5.1862647 5.3798448 6.5249135 5.3332185 5.1222620 4.8795451 5.4229276 4.1408354 4.9366423 5.3675329 4.9141743 3.4013404 3.4013404 6.4563854 6.8834072 7.5687671 3.9472605 5.8290033 5.0165368 5.3657008 4.7931487 5.0005020 5.0509984 5.2863863 4.3696638 5.4733011 5.2945674 5.2629492 5.4502247 5.3526943 6.3732708 5.6353315 0.0011958 0.0000010 0.0012049 0.0000000 0.0011958 0.0023940 0.0023931 0.0047965 0.0047918 0.0035926 0.0025369 0.0017071 0.0035927 0.0035929 0.0047980 0.0037155 0.0164155 0.0060342 0.0039094 0.0132964 0.0061640 0.1845602 0.1128584 5.5873969 5.9986542 4.8346191 5.9282803 6.6486936 6.0055084 6.0942063 6.7434142 6.5028153 6.9060007 7.0519977 5.5584775 5.3675670 6.8341137 7.2793133 5.6545415 5.8050545 6.5351652 5.6021260 6.3051308 6.3129935 5.5312122 6.3710688 7.3403558 7.0120973 5.9032835 6.2481335 6.2584015 6.2139291 5.6785388 6.2750249 5.6560052 6.8286662 3.5218918 
