128
Emue_Em0001g1822a.t1                                         0.0000000 0.7466902 7.5416338 7.8036067 7.3657453 6.8088352 6.9545453 6.0615205 4.2894552 4.4003741 4.2395052 4.2450523 4.2397617 4.4592918 4.2226396 3.4066860 3.8508662 8.9999988 4.1164965 6.7319024 4.6919250 5.2119529 6.1436286 3.5254719 6.1966087 4.9481232 5.0656668 5.9019040 4.8408070 4.5347216 8.9999989 4.4921741 5.0054252 3.2639800 4.4704601 4.6599907 4.6105692 4.8781726 5.6366550 4.4639463 4.3457553 4.4148513 4.5849670 4.1787492 4.5469492 4.6806493 4.5889151 4.5017113 3.9997210 4.4162020 5.7061418 4.6405872 5.1993742 4.4084978 5.1882833 5.2530038 4.5490194 4.8745098 3.5935336 3.9853415 4.2270831 3.1743763 3.9122556 3.9122556 3.8652818 4.0032345 4.2591658 4.5038628 5.7723027 5.6274057 6.1403779 4.9856866 3.3999026 3.3177066 3.0820362 2.9784441 2.7881835 2.5902903 2.4373816 2.8052937 2.5457855 3.0010277 2.7881528 2.8760427 2.9671155 2.4871533 2.2484290 2.7972216 2.5171069 3.2716667 2.8818150 2.7653787 2.8409431 3.2840094 5.2677383 3.1704838 2.9759069 2.7442761 2.6792735 2.7215397 2.7650212 3.5810768 2.9185984 3.2337382 2.9851087 2.9574025 2.9918900 2.9715765 3.0071115 2.8529945 2.7463358 2.8483928 2.3931475 2.9337329 2.9424825 3.1751882 6.5446309 7.3664211 7.3073040 8.9999983 7.2568088 2.9707448 5.6679966 5.3100848 4.4180563 6.5640991 8.9999987 6.9834398 
Spolac_c98171_g1_i1_m.16608c103724-g1                        0.7466902 0.0000000 6.1462516 5.9938019 5.2489822 6.0399465 5.1284605 4.6629474 3.5203464 3.5814263 3.9415108 3.5099281 3.6506641 4.1258325 3.6625936 3.0557135 3.2658358 8.5241360 3.7777860 3.8230691 3.8551950 4.0935121 3.2750492 3.4795573 6.4359537 3.8132908 3.8031633 4.1992761 3.3469557 3.3780123 3.7059167 3.8525585 4.0275544 3.3262969 3.3249648 3.7973716 3.5579358 3.4797962 3.8462534 3.6340238 3.3760357 3.4125550 3.6178470 3.5896853 3.3501441 3.4034271 3.5016375 3.4942885 3.0828761 3.4571731 3.4075425 3.2123477 3.7891669 3.0039698 4.1444464 3.8679896 3.4498914 3.5720687 3.2421950 3.5021348 3.6563094 2.8337016 3.5239758 3.5239758 3.3877309 3.5456981 3.8517122 3.8427792 4.1801027 4.2749868 4.2431238 3.9151558 2.5862589 2.7956904 2.3785430 2.4602899 2.2195587 2.1160734 2.0324300 2.2824126 1.8653031 2.2979509 2.0484051 2.2382653 2.2748796 1.9164413 1.9854798 2.2312730 2.1537036 2.5063108 2.1827087 2.1665178 2.3772436 2.3159759 2.6595092 2.4048551 2.3259120 2.3261180 2.2404187 2.3011651 2.2101567 2.7962309 2.6204675 2.3975683 2.4484234 2.3987387 2.4047534 2.3505293 2.3456862 2.3546552 2.2482415 2.1495535 2.1489022 2.0883605 2.1003744 2.2972819 7.0634548 5.8440686 8.9999989 6.1719425 5.3714111 2.9249007 4.4692092 4.7107574 4.1433103 5.9309967 4.8876771 4.7515486 
Lcom_lcpid172316                                             7.5416338 6.1462516 0.0000000 0.0336258 0.5192499 0.5295677 0.5166199 1.0167953 2.3813903 2.3087537 2.3458690 2.2598546 2.0252706 2.2645559 2.4439602 2.2938521 2.5906062 0.0000010 2.9702043 0.9852147 2.1537417 2.4537645 2.7298911 2.0744579 4.1190076 2.3759546 2.2989590 2.3572453 2.9577606 2.6768943 2.4102319 2.3555278 2.3191915 0.0000010 2.0882804 2.0163898 1.9987647 2.1079722 2.0911021 2.2602243 2.2693376 2.2996142 2.2996142 2.5944700 2.1815468 2.1974629 2.1971691 2.3639311 2.2646366 2.2417215 2.4726955 2.3063124 2.7655049 2.2445992 3.1540875 2.0384111 2.1906888 2.5471069 2.4793748 2.5215077 2.3234261 2.4905272 2.6338416 2.6338416 2.9159460 2.8979320 2.8616257 2.0728684 2.5816712 2.5630662 3.1798627 2.7896552 3.8108986 3.7161231 3.3338395 3.5542841 3.4272376 3.8009500 3.8538291 4.1425289 3.6338727 3.4713680 3.2716789 3.7969761 3.7903763 3.6255415 4.3917113 3.6529261 3.6529261 3.8431074 3.5338705 4.3628883 3.8209498 5.7512841 1.1293212 3.6783096 3.5944470 3.5516715 3.5462116 3.6740330 3.6959113 6.6370436 4.0248475 3.7567562 3.6236142 3.7019950 3.6404902 3.7828253 3.9232810 3.2292155 3.2292155 3.8290465 3.9541711 3.3594077 3.1360505 4.1077969 0.0000010 1.1520603 0.0000010 4.7228506 4.6668930 4.2930576 3.8028183 3.5474134 4.8631494 2.8883605 1.9763837 3.5585631 
Scil_scict003677.1                                           7.8036067 5.9938019 0.0336258 0.0000000 0.8077927 0.6381120 0.8308553 1.2221197 3.5157382 3.2835247 3.5293552 3.1415620 2.6622370 3.7205349 3.7635690 3.4988665 3.6550554 5.9663193 4.5313239 3.3577082 3.1331476 3.2965467 3.2045850 2.4060431 5.3288118 3.3537018 3.2597994 3.2468718 3.3628265 3.2713794 3.7524980 3.2589550 3.0723527 4.6658296 2.9024678 3.5488436 3.3401854 3.3385966 3.1912998 3.1881553 3.3752779 3.5217530 3.5909149 2.5086964 3.0114058 3.1830748 2.9867278 3.2522904 2.7908029 3.2115246 2.9982121 3.2185930 3.9562099 2.7345101 7.4493549 3.1695545 3.5094650 3.5821965 3.9261501 4.2239835 3.9441076 3.4862344 4.3935657 4.3935657 3.8827645 4.8280037 4.1571315 3.7179715 3.8972368 3.8195319 4.4333189 4.8581754 5.1803968 5.3348272 5.2787612 4.9547339 4.3025874 4.6819370 5.2287495 5.8759867 4.9047123 4.6403826 4.9644158 5.0453811 5.2721129 4.7450955 5.2806865 5.0071479 4.4559458 5.4978274 5.3070583 5.8486123 5.4193991 6.5986473 5.0757747 4.9562893 5.0576966 5.0985768 5.0331813 5.0006057 5.3212548 7.3641530 5.3595841 5.0109559 4.5330120 4.7743945 4.8097509 5.0780297 5.1654991 4.9018092 4.7704041 4.7399608 4.5456692 4.7542781 5.0016353 5.2929729 8.9999988 8.9999985 8.9999987 8.9999986 8.9999981 6.4390640 5.0144710 4.9559594 5.9135194 4.4042364 3.6636163 4.6022826 
Lcom_lcpid74305                                              7.3657453 5.2489822 0.5192499 0.8077927 0.0000000 0.7855902 0.9493314 1.3147623 3.2650471 3.2715825 3.1439784 3.1052142 2.4864415 2.9130321 3.5606997 3.4152024 3.2536537 8.9999988 4.0437277 3.3659877 3.2452712 3.2992919 3.9443132 2.2590792 5.3060899 3.4040522 3.3839807 3.2912115 3.5496291 3.2759806 4.2364653 3.2509892 2.9403738 4.7861540 3.1159176 3.1176862 3.0887043 2.8182221 2.9361389 3.0876504 3.5447818 3.5262879 3.6450718 2.1823329 3.1284497 3.3725297 3.2896477 3.3320163 2.9437562 3.4177471 2.8332318 3.3189864 3.8479348 3.3183483 8.3320463 3.2518865 3.2804416 3.7053708 3.6679871 4.1203249 3.4379806 3.6400115 4.1110056 4.1110056 3.9645186 4.4954416 4.0025692 3.6202771 3.6215502 3.4506656 3.7582622 4.3375069 5.0857373 4.8446206 4.7108646 4.3749147 4.0298203 4.4314508 4.9677946 5.1090603 4.5832474 4.5092665 4.7230852 4.0613887 4.1160866 4.3199276 4.8746345 3.9659812 3.5181071 4.3152070 4.2738488 4.4661109 4.9504821 5.5017707 3.5800551 4.3696122 4.5419989 4.5265437 4.4343871 4.0818284 4.4569778 6.2526815 5.2362597 4.6613249 4.5591672 5.0237477 5.0298174 5.1780616 5.1121328 4.9452314 4.7616575 4.5286869 4.6465883 4.3788588 5.0016324 4.9452622 8.9999990 8.9999983 8.9999981 8.9999985 8.9999989 6.1430343 5.2638096 5.7213275 5.1365226 4.4194976 3.1920724 3.7747302 
Leuniv_Lniv_scaffold16731_01                                 6.8088352 6.0399465 0.5295677 0.6381120 0.7855902 0.0000000 0.6961592 1.2881244 3.4066547 3.2915669 3.1906120 2.9907290 2.3539117 3.2997006 3.3333121 3.2287174 3.2630365 5.7651853 3.8809828 3.0106237 2.9040760 3.0403848 3.0766089 1.8391276 5.3055599 3.0954303 3.0259702 2.9206894 3.3338516 2.8764835 3.9384405 2.8923815 2.7820695 4.5939886 3.0019985 3.3210754 3.2473192 3.1487699 3.0575417 3.1428948 3.2282516 3.2533094 3.2622328 2.4819948 2.8736222 3.0693688 2.8814163 3.0578441 2.4970465 3.0271509 2.6697992 3.2809090 3.7175977 2.6956284 6.4223968 2.9959716 3.2225414 3.1418691 3.9565114 3.9757766 3.5299574 3.2876253 3.8014978 3.8014978 3.9445493 4.1251049 3.6722243 3.3677330 3.4306529 3.3387702 3.7185722 4.5326404 5.1140299 4.3984919 4.7979018 4.5460076 3.9671695 4.1776353 4.6856819 5.2605129 4.8236310 4.2133677 4.5787150 4.5622205 4.7552107 4.3312320 4.6791104 4.4394922 4.0020995 4.9730666 4.6164558 5.1234470 5.0344438 5.7379773 3.9892727 4.4438681 4.4077856 4.4771761 4.4475095 4.7227549 4.3571178 5.7035836 5.1232045 4.4360365 4.0225761 4.7839225 4.8795861 5.0660181 5.0948428 4.9979969 4.6595018 4.5212024 4.8531549 4.1375930 4.5016343 4.9583646 8.9999989 8.9999981 8.9999984 8.9999984 8.8231537 5.6976583 5.3598675 5.6508194 5.6496611 4.4317721 3.5490825 4.7560984 
Gracom_Gcom_scaffold1406_01                                  6.9545453 5.1284605 0.5166199 0.8308553 0.9493314 0.6961592 0.0000000 1.3885452 3.7118758 3.6410993 3.3913458 3.1934265 2.8483712 3.2387462 3.9086856 3.0303991 3.2401166 6.2709624 4.0902366 4.2924365 3.0682064 3.4718988 3.5123217 1.9741973 5.3438636 3.5288006 3.3490628 3.2715417 3.8558178 3.1296245 3.9130072 3.2252550 3.1152207 4.6767022 2.9508717 3.1242877 3.1583496 2.9927585 2.8982190 3.1490359 3.2823755 3.3239755 3.4589183 2.4980438 2.9262743 3.1184546 2.9670122 3.1306560 2.5456084 3.0764831 2.9103388 3.1945905 3.9163589 2.7821165 6.5134932 3.0134971 3.4206501 3.3723798 3.7701839 3.9623458 3.5520512 3.5719589 3.4195887 3.4195887 3.6384857 4.1376925 3.8991242 3.2767269 3.9275994 3.8018286 4.1136581 4.2781572 4.7836034 4.6601153 4.3470679 3.9989494 3.7855604 4.0268918 4.6504193 4.7093281 4.4454638 4.2664390 4.1307702 4.2583103 4.4267508 4.1905361 4.5716504 4.1036815 3.7931203 4.3998572 4.1682835 4.4506953 4.3365624 5.2037023 3.9291178 4.1355775 4.2708593 4.0612909 3.9644077 4.0881187 3.9071441 4.9158560 4.7104679 4.3126150 3.8573874 4.1764977 4.2465917 4.4449525 4.4207914 4.1894955 4.1497232 4.3926832 4.1996222 4.1187014 4.4328040 4.8157344 8.9999988 8.9999980 8.9999982 8.2894256 8.0635040 5.2526710 5.2080172 4.9046306 5.9457690 4.3357733 3.3220509 4.2933195 
Clacor_Ccor_scaffold4806_01                                  6.0615205 4.6629474 1.0167953 1.2221197 1.3147623 1.2881244 1.3885452 0.0000000 2.7195434 2.8713836 2.1135277 2.7366597 2.1698085 2.2158534 3.1952799 2.0909326 3.0085378 8.0324085 3.9294426 3.6633726 2.2540859 2.7109329 3.3748125 1.9091819 5.7005125 2.6201486 2.6613822 2.6841009 3.2792788 2.9239687 3.7707257 2.5633048 2.3763681 0.0000010 2.4998759 2.5883557 2.3559996 2.3650980 2.5030862 2.5054107 2.4899982 2.4949548 2.5236932 2.1732416 2.5754150 2.5529535 2.3622897 2.6278114 2.4229184 2.6447669 2.5853867 2.5699363 2.8371077 2.6490884 5.1169691 2.5261097 2.5721724 3.0505556 3.1876516 3.0622735 3.1731967 3.2282976 3.2789702 3.2789702 3.3780224 3.5164236 3.3887142 2.9830527 2.6046726 2.5630332 3.0993463 3.4714393 4.5262229 4.1782896 4.1372016 4.0278974 3.7821831 3.6424210 4.3270047 4.2418065 3.4410823 4.0430311 3.8385062 4.3178270 4.4502534 3.8852032 4.1257855 4.2697685 4.3093711 4.6592239 4.6720366 5.2661903 3.7925773 6.7336416 5.3709890 4.2385246 4.4765026 4.5855177 4.5257331 4.3396513 4.3268486 8.3098803 4.2073120 4.7435458 3.6363956 4.0437122 3.9952124 4.2214244 4.2260625 4.0196549 3.7328348 4.0577386 4.3530087 4.0652228 3.7504968 4.3046038 9.0000000 8.9999989 9.0000000 8.9999987 8.9999989 6.4536556 4.7566154 3.4160592 4.8706107 4.1065656 3.7683049 3.6088578 
Aque_Aqu2.1.35103_001                                        4.2894552 3.5203464 2.3813903 3.5157382 3.2650471 3.4066547 3.7118758 2.7195434 0.0000000 0.3103193 0.2991762 0.5420747 0.4955901 0.6296319 0.8962765 0.8131238 0.7544607 5.3659364 1.2256986 1.0110992 1.4854177 1.4622239 2.1491742 0.8706399 2.6673271 1.4232491 1.4508758 1.6421566 1.9916673 1.5490299 3.1153617 1.5193894 1.3371816 1.3542662 1.4257154 1.3916417 1.5739313 1.5072444 1.3410577 1.7074815 1.5585614 1.6014658 1.7342579 1.0873052 1.5501453 1.5634592 1.5898338 1.6534089 1.5540545 1.6741098 1.6440415 1.5055590 1.7889185 1.6232197 1.8596164 1.6801004 1.4444495 1.6708824 1.8525875 2.0404410 1.8724248 1.7955338 2.0456150 2.0456150 1.9480346 1.9637159 1.8331637 1.7820062 2.0632625 2.0138588 2.3573444 2.4419929 2.5843645 2.6808410 2.6902727 2.6162395 2.4045524 2.3297430 2.8252350 3.1114135 2.6803874 2.5882065 2.5926012 2.3689764 2.5130591 2.2412727 2.1905396 2.5527025 2.2762109 2.8648595 2.5662744 2.5574837 2.5210952 3.2019778 3.7619509 2.6220852 2.7308059 2.7110515 2.7253491 2.8314185 2.7179424 2.9258000 2.6533770 2.7518195 3.0808531 2.9425861 2.9542359 2.9821487 2.9709892 3.1359103 2.8361421 2.5596828 2.2933754 2.6677100 2.5366850 2.7592670 8.9999981 8.9999985 8.9999989 7.9736586 7.2784712 3.3933787 3.2725255 3.9047423 3.5783971 2.9936718 3.6415060 3.1649410 
Halamb_c38523_g1_i1m.10891                                   4.4003741 3.5814263 2.3087537 3.2835247 3.2715825 3.2915669 3.6410993 2.8713836 0.3103193 0.0000000 0.0000010 0.5571089 0.6370036 0.6449549 0.8834607 0.8432301 0.8013656 6.7008589 1.2767542 1.2105351 1.4287794 1.3217459 2.0148416 0.7870737 2.3697498 1.3216611 1.3196900 1.4581317 1.8962986 1.4016983 2.9817420 1.3453960 1.2763298 1.3439541 1.3630921 1.3488564 1.5653758 1.4542745 1.2975893 1.6431891 1.5800281 1.6580670 1.6909769 1.0228544 1.5135224 1.5564551 1.5808350 1.6981867 1.5478226 1.6764882 1.7876680 1.5388787 1.7815239 1.4764757 2.0623357 1.5280180 1.3972520 1.6117333 1.8884218 2.0114888 1.9164059 1.7789479 2.1500534 2.1500534 1.9137511 1.9596326 1.9172880 1.8343593 2.0811548 2.0356562 2.3152392 2.2511076 2.7178357 2.8812607 2.6820350 2.7418741 2.3652931 2.2734289 2.6842740 3.0596057 2.7691332 2.4746375 2.7720504 2.4126390 2.5357602 2.2772295 2.2005159 2.5234019 2.2002951 2.8894174 2.5544630 2.5222793 2.7270737 3.3043796 4.0391503 2.7562157 2.7258582 2.8012781 2.7582456 2.9611395 2.9413057 3.0880520 2.7264878 2.9060865 3.0323813 3.0210894 3.0384591 3.0062994 3.0418977 3.1574901 2.8289877 2.4749555 2.2205351 2.6649209 2.4957870 2.8687071 8.9999983 8.7460208 8.9999990 7.6845530 7.4597188 3.5858620 3.3472932 3.6222924 3.6566999 3.2006911 3.7580640 3.3059965 
Halamb_c35991_g1_i2m.9071                                    4.2395052 3.9415108 2.3458690 3.5293552 3.1439784 3.1906120 3.3913458 2.1135277 0.2991762 0.0000010 0.0000000 0.4179263 0.7057554 0.6584744 0.6771474 0.7916536 0.7263776 0.0000010 0.6878689 0.0000010 1.0839984 1.0278243 0.0000010 0.7870737 1.1136931 0.9388670 0.9074359 1.0709034 0.8538823 0.9125819 6.5259141 0.9412540 0.9571177 1.3711261 0.9385087 1.0578632 1.2092289 1.0686219 1.0984059 1.2319967 1.3561601 1.4924201 1.4868539 0.9871158 1.2128128 1.3223087 1.3751970 1.4657859 1.1511494 1.3775524 0.8948034 1.3485504 1.5086964 0.9655615 1.9495076 1.0397721 1.0272517 1.3413551 1.6212566 1.3448650 1.3746693 1.2672787 1.5826503 1.5826503 1.3827454 1.4749156 1.4689083 1.4609315 1.9639546 1.8661920 2.2845755 2.0268281 2.6030296 2.5976486 2.2827730 2.3814838 2.2608211 2.1482957 2.5899716 2.9383138 2.5359743 2.1643317 2.6156809 2.2426721 2.2329307 2.3489575 2.2673352 2.4390364 1.8059689 2.7063421 2.1563798 2.1696912 2.7703522 3.2771016 0.0000010 2.6901694 2.3688738 2.4280949 2.3784999 2.2503477 2.7852726 3.0862975 2.1163102 2.3810242 2.6980503 2.5934575 2.6370034 2.6347639 2.6635479 2.6328793 2.6328793 2.1815029 1.6803937 2.5042557 2.3374360 2.7336992 0.0000010 0.0000010 0.0000010 0.0000010 0.0000010 2.5487261 3.6027197 3.3746198 4.3843750 2.8852567 1.2940080 2.8030753 
Xestes_maker-XT_scaffold462-augustus-gene-0.33-mRNA-1        4.2450523 3.5099281 2.2598546 3.1415620 3.1052142 2.9907290 3.1934265 2.7366597 0.5420747 0.5571089 0.4179263 0.0000000 0.7154524 0.6588313 0.9607748 0.8568582 0.8483887 6.5217789 1.1675628 1.4999021 1.4141182 1.5259040 2.3339373 0.7990056 2.5703208 1.5091112 1.4695314 1.6621588 1.8726729 1.5050030 3.1409193 1.5526818 1.3950346 1.4382862 1.4090276 1.5607476 1.6461080 1.4651662 1.3138223 1.7248550 1.6163446 1.6730834 1.8199188 1.0330409 1.6196727 1.6210375 1.6884411 1.6694214 1.6047033 1.6987298 1.6894895 1.4598588 1.8213168 1.5175277 1.8893412 1.5707738 1.5302687 1.6577854 1.8456153 1.8710454 2.0158092 1.8053198 2.1246544 2.1246544 1.9859230 1.9917445 1.8831331 1.8723238 2.2428272 2.2074570 2.5638293 2.4499198 2.8030332 2.8540627 2.6891660 2.6734006 2.5166889 2.2202115 2.6862099 3.0371516 2.4558487 2.6782024 2.4203302 2.5393928 2.6503690 2.1883749 2.0186941 2.5326782 2.1856890 2.9334035 2.5783463 2.6394886 2.6170895 3.3516577 3.5038574 2.8466039 2.6828174 2.9413558 2.9186513 3.0593020 2.9373109 3.2915841 2.8245111 3.0630081 2.9014661 2.7562633 2.7883039 2.8157468 2.8327542 2.8573356 2.6522317 2.3405483 2.3652687 2.9460155 2.6217096 2.9637898 8.9999984 8.9999981 8.9999985 8.8749110 8.1118112 3.9060534 3.3347997 3.4385421 3.6155173 3.2123706 3.5095074 3.3300981 
Aque_Aqu2.1.35104_001                                        4.2397617 3.6506641 2.0252706 2.6622370 2.4864415 2.3539117 2.8483712 2.1698085 0.4955901 0.6370036 0.7057554 0.7154524 0.0000000 0.8664885 1.0317761 1.1098459 1.0258171 7.9327878 1.5164413 0.8325994 1.3538274 1.4619186 1.8038572 1.1735318 2.1952395 1.3875743 1.4553462 1.2063351 1.7755866 1.5510305 2.7854183 1.4081821 1.4840233 2.4161862 1.5009344 1.4748801 1.5286010 1.6132105 1.4731707 1.6157476 1.7301188 1.7411687 1.7628824 1.1840708 1.6775598 1.6658232 1.6992718 1.7819852 1.6523000 1.7328042 1.5060716 1.6799582 1.7457133 1.3817171 3.2377280 1.4951819 1.3126667 1.7652450 1.8192596 1.8675406 1.5561779 1.5665180 1.4632630 1.4632630 1.6870226 1.6036594 1.5523254 1.5203275 1.9948747 1.9617070 2.3137768 2.0168155 2.8172620 2.6941328 2.4663351 2.6406417 2.3361050 2.1674393 2.6859735 3.1000905 2.5158736 2.1873926 2.2318536 2.0429820 2.1061010 2.1413961 2.2659963 2.2427793 2.2515653 2.4911635 2.0532062 2.3103950 2.5003312 2.9291561 2.0979649 2.1796897 2.1327760 2.3014650 2.3323363 2.1612800 2.2927584 3.2263262 2.3831034 2.4140296 3.0747508 2.6364176 2.6156666 2.5426006 2.5364947 2.5521198 2.5521198 2.2201890 2.2729787 2.3383386 2.3049879 2.5707176 6.6479946 6.4841350 0.0000010 6.1972735 5.6431294 3.0313313 2.7041334 3.2814808 3.1202428 2.0157587 2.0813889 2.8519535 
Stycar_maker-SC_scaffold6685-augustus-gene-0.6-mRNA-1        4.4592918 4.1258325 2.2645559 3.7205349 2.9130321 3.2997006 3.2387462 2.2158534 0.6296319 0.6449549 0.6584744 0.6588313 0.8664885 0.0000000 0.6953022 0.8204152 0.7710592 0.0000010 0.5704676 0.0000010 1.0767029 1.1114801 0.0000010 0.7853184 1.2299384 1.1002007 1.1089278 1.2501732 0.7333693 0.9440184 8.9999982 1.2747554 1.2506366 1.5634562 1.0017246 1.2066568 1.3946383 1.3578171 1.1609179 1.3392514 1.3231293 1.4563887 1.4194296 1.0826869 1.3361277 1.3519930 1.3369295 1.2599943 1.0897161 1.3140540 0.5910230 1.3929408 1.5832662 0.8570351 2.3402857 1.1541949 1.1237035 1.5296644 1.6287538 1.4848724 1.4740128 1.3888221 1.6205663 1.6205663 1.5494898 1.5288801 1.4607862 1.4597852 2.1202162 2.0600874 2.2800578 2.5321599 2.5380832 2.3869171 2.5443757 2.4626107 2.4475941 2.4116021 2.7851201 2.7103813 2.4871102 2.2511109 2.4298210 2.1294763 2.0977284 2.1529114 2.0683481 2.2726305 1.6546092 2.5167913 2.0244666 2.1052722 2.3944960 3.0288814 0.0000010 2.3479920 2.3289258 2.5864468 2.6363916 2.2810654 2.8509761 3.7408702 2.2142888 2.1714544 2.5291687 2.7663538 2.7733288 2.7830580 2.8116259 2.9914073 2.9914073 2.3285953 1.9915331 2.4673938 2.5187014 2.9277255 0.0000010 0.0000010 0.0000010 0.0000010 0.0000010 2.6307923 3.9655192 3.6295789 4.7256280 2.9440907 1.5036465 2.6169873 
Spolac_c102759_g1_i1_m.30825c102759-g1                       4.2226396 3.6625936 2.4439602 3.7635690 3.5606997 3.3333121 3.9086856 3.1952799 0.8962765 0.8834607 0.6771474 0.9607748 1.0317761 0.6953022 0.0000000 0.8857685 0.9809801 4.7959858 1.1846628 0.8548803 1.4791997 1.5122888 2.2970055 0.9123493 2.6427059 1.4214978 1.4987622 1.6957138 1.8592760 1.5339693 3.5276191 1.5177761 1.3505596 1.3093900 1.4944359 1.5414209 1.6894789 1.6364453 1.5082153 1.7588446 1.6108702 1.6853743 1.6844278 1.1475747 1.7616439 1.7642568 1.7804532 1.7386464 1.7349151 1.7033250 1.7712533 1.7246150 2.0536196 1.9078611 1.6268967 1.6291090 1.5973881 2.0524924 1.7680801 2.1416409 1.9897368 1.8202080 2.3110728 2.3110728 1.9705332 2.1066247 1.9477861 1.9088877 2.3440178 2.2214706 2.6583900 2.6057575 2.8740426 2.6519974 2.9637126 2.8966700 2.7379287 2.6017333 3.0014083 3.1060772 2.7436748 2.9541316 2.6433257 2.6962028 2.7754657 2.3328684 2.3429535 2.6490149 2.3489928 3.1052071 2.7180433 2.7964579 2.5411931 3.2545775 4.2307173 2.9988204 2.7484395 2.8331639 2.8306654 2.8900924 2.8634826 3.2171993 2.8171884 2.5757188 2.9273180 2.8680648 2.9010066 2.9617694 3.0002952 2.9842752 2.8320443 2.7517138 2.6114099 2.9174859 2.9121744 3.2065622 8.9999987 8.9999988 8.9999989 7.7311129 7.9420577 3.6089690 4.0851924 4.4669104 4.0278503 3.5358813 3.7435730 3.1862135 
Plespi_Pspi_scaffold17376_01                                 3.4066860 3.0557135 2.2938521 3.4988665 3.4152024 3.2287174 3.0303991 2.0909326 0.8131238 0.8432301 0.7916536 0.8568582 1.1098459 0.8204152 0.8857685 0.0000000 0.0381674 2.3115559 0.6747624 3.6764996 1.1463231 0.9803225 8.9999985 0.7608860 0.9389404 0.9002028 0.8801506 1.0878077 5.9591386 0.9325070 4.7795742 0.9518477 1.0154111 1.2642999 0.9871778 1.1512130 1.3625602 1.3719418 1.2220046 1.1790377 1.4464168 1.4562000 1.5012846 1.2578948 1.3153272 1.4312407 1.4759840 1.5089686 1.0621628 1.4126183 0.9613473 1.3629053 1.5174288 1.1658078 1.7535771 1.1768230 1.1937086 1.3496938 1.6174272 1.5901049 1.6848391 1.3537560 1.4896543 1.4896543 1.5334380 1.6113515 1.4613953 1.5508906 2.3392314 2.1559485 2.4857781 2.0151389 2.5741220 2.4560804 2.5870419 2.3953492 2.5292104 2.5722893 2.7593252 2.7079441 2.4164972 2.8167259 2.5673875 2.1769112 2.2926894 2.4009087 2.3124273 2.6405858 1.9758017 2.8878059 1.9850535 2.0252069 2.2115340 2.5729072 1.9670737 2.5798454 2.5314185 2.3745641 2.4254264 3.2923902 2.7163217 2.8154416 2.3972795 2.1744078 3.1886019 2.2178335 2.1998547 2.3151407 2.3183403 2.3726848 2.3777101 2.2251876 1.9822409 2.4240023 2.4258951 2.5320034 8.2102702 8.2102702 8.2102702 8.2102702 8.2102702 2.2877943 2.9061328 3.0027986 3.9962874 3.0160394 0.9104606 2.2799521 
Plespi_Pspi_scaffold17377_01                                 3.8508662 3.2658358 2.5906062 3.6550554 3.2536537 3.2630365 3.2401166 3.0085378 0.7544607 0.8013656 0.7263776 0.8483887 1.0258171 0.7710592 0.9809801 0.0381674 0.0000000 5.8035997 1.2340673 1.1939013 1.2730906 1.2575390 2.1338831 0.7608860 2.4321760 1.2395806 1.2802154 1.4303715 1.8186464 1.4279147 3.2304016 1.3267060 1.2246634 1.2642999 1.3559510 1.4754544 1.5219655 1.5019605 1.3157605 1.5149838 1.5124787 1.5264591 1.5399645 1.2422449 1.5229815 1.5724239 1.6381931 1.6080243 1.5065820 1.5942475 1.6057497 1.4703478 1.7348364 1.4990103 1.7529594 1.5246143 1.3162141 1.5136954 1.6861922 2.0342805 1.7955369 1.6190433 1.9776898 1.9776898 1.8473015 1.8351806 1.7436018 1.7625363 2.2882747 2.2463069 2.5064944 2.3183285 2.6399374 2.6434239 2.6043199 2.4728781 2.4844258 2.2902495 2.7940474 2.7675255 2.4886309 2.5907341 2.5140484 2.3523727 2.4857936 2.0302393 2.1144876 2.6068365 2.3409974 2.7879188 2.3570545 2.3293801 2.2115340 2.8694629 3.2203911 2.6662686 2.6957647 2.7019467 2.7153304 3.1049963 2.7938672 2.7818102 2.8965333 2.6697668 3.1044572 2.6814902 2.6670411 2.7084542 2.7036640 2.7547142 2.3975380 2.3771675 2.4639770 2.6482745 2.6257749 2.7371082 8.9999980 8.9999989 8.9999988 8.9999986 8.9999983 3.6005840 3.0465737 3.0936974 3.6345707 3.4788732 3.6430770 3.1783035 
Tetwil_g4897.t1                                              8.9999988 8.5241360 0.0000010 5.9663193 8.9999988 5.7651853 6.2709624 8.0324085 5.3659364 6.7008589 0.0000010 6.5217789 7.9327878 0.0000010 4.7959858 2.3115559 5.8035997 0.0000000 0.0885306 5.3698392 4.2710361 6.0591566 6.2095330 0.0000010 8.9999982 5.4547508 6.3405790 6.3405790 5.4966757 6.1194736 6.1194736 7.5129490 4.8520039 0.0000010 3.9691510 5.2567799 4.6949849 4.7202162 6.5455639 5.7227041 5.1940542 5.1940542 6.7093790 0.0000010 5.6234790 5.4987907 4.6264043 5.3323914 6.8209848 4.9421265 4.8183877 6.0436385 7.5572714 6.6017210 2.0085387 5.8016951 4.1884562 6.0124021 3.8800585 4.2717981 5.1227410 6.9967241 7.2541139 7.2541139 5.9447697 8.2507047 6.6136605 7.0413721 5.4550625 5.0018554 5.1945545 5.1935437 5.5836460 7.2543121 8.1960574 7.2117483 7.0964090 6.5051028 7.1120540 8.5107702 7.0804079 7.8553489 7.4578684 7.0600767 7.4635085 4.5704837 0.0000010 7.9068561 7.5733496 8.4750236 8.6059211 8.2868757 0.0000010 6.5905506 7.1453071 6.8835879 6.6642359 7.1845898 7.9055176 7.5358761 7.2413565 7.6776604 9.0000000 8.9999982 6.0460705 7.0959950 7.0474662 7.7826388 7.9890411 8.4723797 8.6748064 8.4850530 8.9999985 6.8961091 6.6793200 5.9421509 8.9999989 8.9999980 8.9999986 8.9999989 8.9999985 8.9999980 8.9999986 0.0000010 8.9999986 6.4261862 8.9999988 7.7298668 
Tetwil_g7775.t3                                              4.1164965 3.7777860 2.9702043 4.5313239 4.0437277 3.8809828 4.0902366 3.9294426 1.2256986 1.2767542 0.6878689 1.1675628 1.5164413 0.5704676 1.1846628 0.6747624 1.2340673 0.0885306 0.0000000 4.4508823 1.5644173 1.6080101 3.6944588 0.6325794 2.3198286 1.4913782 1.6203328 1.8992636 2.6888255 1.6709342 5.1096536 1.6759474 1.5754434 1.1682695 1.5514859 1.7108673 1.8088479 1.7796389 1.7513913 1.7079034 1.7219752 1.7752796 1.8616439 1.0603180 1.8923670 1.8794030 1.8781199 1.8757767 1.8756700 1.7960862 2.2694329 1.7535559 2.0566024 2.4604384 1.6868943 1.7693840 1.4163380 1.9135129 1.9567582 2.1620761 2.1203451 2.1062125 2.4326757 2.4326757 2.2626881 2.2785399 2.0394578 2.3598259 2.6252238 2.4905065 2.9529465 2.7408971 3.0346200 3.0835197 2.8643805 2.7066264 2.7777146 2.5268606 3.0978134 3.4687970 2.7398451 2.7070201 2.8558582 2.6040796 2.6898537 2.2001326 1.9653319 2.5668613 2.3686246 2.9397313 2.6383809 2.4773343 2.2476650 3.2775122 5.4727659 2.8747116 2.7070102 2.9240088 2.9700697 3.6383413 3.0544500 2.9136997 3.2070343 2.7518867 3.0042704 3.0802425 3.0885083 3.0910155 3.1008583 3.1926506 3.0975336 2.7668042 2.5520027 2.8957228 2.8701056 3.0341042 8.9999988 8.9999989 8.9999983 8.5629669 8.5710225 3.4691950 3.9472716 3.6025014 4.4425817 4.0851655 5.0794758 3.6636215 
Tetwil_g9287.t1                                              6.7319024 3.8230691 0.9852147 3.3577082 3.3659877 3.0106237 4.2924365 3.6633726 1.0110992 1.2105351 0.0000010 1.4999021 0.8325994 0.0000010 0.8548803 3.6764996 1.1939013 5.3698392 4.4508823 0.0000000 2.8651233 3.5243536 3.5323373 0.0000010 8.9999987 3.6534285 3.2809607 3.1930988 3.3019530 4.0515140 4.0515140 3.2119229 2.3942853 0.0000010 2.7768564 2.6624909 2.7505594 2.2636363 2.1667330 4.1980547 2.4255996 2.4255996 2.6768356 0.0000010 2.2193936 2.2413462 2.3112257 2.3930105 2.5358094 2.5048192 2.4709942 2.7920219 3.6653525 2.7021625 9.0000000 3.4283728 3.1576235 2.8790832 2.8696634 3.8904942 3.0921593 2.9552171 3.3373527 3.3373527 3.1009144 3.4242117 2.8649592 3.5836426 2.4418260 2.2738343 2.7999895 3.2049029 3.5169829 3.5144859 3.8359401 3.6285675 3.2042081 2.9923668 3.7103470 3.4669260 3.3802747 3.7822914 3.2673906 2.9346395 3.3283227 1.9027270 5.1664533 3.1281473 3.1716702 3.4378268 3.3391696 3.3173243 0.0000010 3.6693352 3.3959807 3.5925222 3.6183998 3.9254150 3.9188429 3.8867394 3.2303367 3.3968011 5.4499182 4.2874061 4.5040444 3.3963609 3.3731026 3.4430805 3.5749897 3.8008394 3.2752247 2.9723662 6.2001351 3.3893252 3.7470483 3.5399575 8.9999988 8.1071813 8.9999987 7.4330216 6.8816534 6.8678565 3.8300723 9.0000000 3.9264840 3.5014699 3.9477192 4.6957589 
Bralan_BLAG03000138_1                                        4.6919250 3.8551950 2.1537417 3.1331476 3.2452712 2.9040760 3.0682064 2.2540859 1.4854177 1.4287794 1.0839984 1.4141182 1.3538274 1.0767029 1.4791997 1.1463231 1.2730906 4.2710361 1.5644173 2.8651233 0.0000000 0.9293181 1.1930070 0.5915660 1.9398281 0.9673280 0.9272319 1.0392650 1.0236435 0.8973040 2.0382928 0.9883332 0.9642900 0.9795234 0.8098509 0.8936914 0.9136683 1.0668914 0.9507564 0.9351764 1.3816719 1.4522357 1.5369022 0.8955340 1.2544440 1.2938390 1.3548720 1.3915658 1.3372921 1.3357719 1.3034349 1.1205198 1.2694058 1.0992887 1.3830870 0.9236947 1.0370329 1.2703490 1.6617735 1.8927015 1.6706038 1.4374210 1.8566418 1.8566418 1.9189870 1.9090772 1.8251406 1.5989614 1.3191006 1.2697340 1.4481181 2.3429068 2.6779816 2.8829940 2.5708805 2.6649678 2.3658343 2.2957845 2.4663954 2.5868150 2.5202667 2.5876521 2.4481986 2.5825212 2.5789066 2.2939273 2.3089685 2.6524920 2.2662665 2.8737844 2.6137615 2.6514614 2.6981977 3.2804734 3.1908217 2.7572879 2.6158859 2.6810843 2.7172875 2.7623796 2.8479390 3.1510989 2.8944686 2.5486078 2.7273317 2.6146620 2.6175542 2.6463435 2.6476829 2.7178704 2.5248557 2.4885718 2.4081324 2.7413710 2.6454333 2.9568210 8.9999988 8.4155450 8.9999986 7.9556736 7.2248029 3.3985557 3.5097873 3.3071113 4.3757922 3.3893715 3.5520914 3.0959360 
Spis_XP_022784939_1                                          5.2119529 4.0935121 2.4537645 3.2965467 3.2992919 3.0403848 3.4718988 2.7109329 1.4622239 1.3217459 1.0278243 1.5259040 1.4619186 1.1114801 1.5122888 0.9803225 1.2575390 6.0591566 1.6080101 3.5243536 0.9293181 0.0000000 0.1116138 0.1218677 0.7402957 0.1857159 0.2866280 0.3573258 0.2394440 0.2515436 0.5845409 0.6551563 0.6916073 0.4316063 0.9424770 1.0479592 1.0954811 1.1568415 1.0975745 1.1363094 1.4922308 1.5958046 1.6492636 0.9937385 1.3457496 1.3374322 1.4124946 1.3930832 1.3390008 1.2666419 1.3646822 1.0263342 1.2431657 1.0233354 1.2293056 1.2089340 1.2283012 1.3045654 1.8325549 2.0395461 2.0639715 1.6385611 2.2813006 2.2813006 2.0609062 2.2533537 2.1246574 1.7167973 1.6931045 1.7820911 1.9287348 2.4669401 2.8890957 3.2709981 2.8631236 2.8521281 2.6059273 2.3264560 2.8148074 2.9427049 2.7360413 2.9147367 2.5099809 2.6413203 2.7065653 2.4199132 2.4375499 2.7899566 2.5026148 2.9295907 2.7459099 2.7175556 2.9382879 3.3177828 3.0668280 2.9943079 2.7682246 3.0815024 3.0002377 3.0864074 3.0009110 4.1178677 3.1269999 2.8028330 2.8484555 2.8996280 2.9428974 2.8544201 2.8564094 2.9755823 2.8055506 2.9039755 2.9786866 2.9145251 2.7910236 3.3393925 8.9999985 7.7175912 8.9999989 8.7442629 7.1258467 3.8610463 3.3318949 2.9411716 3.9414062 3.6996720 3.9905315 3.4361496 
Pocdam_XM_027183557.1                                        6.1436286 3.2750492 2.7298911 3.2045850 3.9443132 3.0766089 3.5123217 3.3748125 2.1491742 2.0148416 0.0000010 2.3339373 1.8038572 0.0000010 2.2970055 8.9999985 2.1338831 6.2095330 3.6944588 3.5323373 1.1930070 0.1116138 0.0000000 0.0000010 4.0842038 0.2279603 0.3577004 0.3698004 0.3342030 0.4121782 0.5289504 0.7989078 0.8662854 0.0000010 1.4117253 1.3296951 1.3427611 1.4718290 1.1825900 1.3404756 1.7481837 1.7722300 1.8803166 1.2549954 1.3860126 1.4221009 1.4384566 1.4081592 1.5193956 1.5094384 1.5140596 1.1649191 1.4163280 1.2207603 1.0182636 1.5096973 1.5075436 1.6445828 2.2184523 3.4277723 2.9366514 2.0988099 3.0067257 3.0067257 3.1580820 3.3459168 3.1476363 2.2202523 2.0408439 2.0911612 2.0568032 2.4992703 2.9939634 3.7346164 3.2474949 2.9326556 2.2919928 2.1674936 2.8483345 2.9057967 3.0565245 3.2575022 2.5024574 2.6636062 2.8667757 1.9398017 1.9742702 2.9138014 2.9415695 2.7549740 2.7801924 2.4854569 0.0000010 2.9143465 3.1308162 3.1851100 2.9348775 3.3463150 3.3500961 3.6406602 3.0374964 5.5972567 3.8617423 3.3686631 2.9586237 3.2999997 3.2809320 3.1890146 3.1924006 3.5056612 2.9682863 2.8557699 5.2129387 2.7082628 2.5140946 2.9736352 8.9999983 7.3885295 8.9999981 8.1883105 6.7694254 6.2295434 3.4373190 5.8080447 3.7964534 4.2809860 4.7103851 5.3536786 
Gasp_gasp1.m3.15708.m1                                       3.5254719 3.4795573 2.0744579 2.4060431 2.2590792 1.8391276 1.9741973 1.9091819 0.8706399 0.7870737 0.7870737 0.7990056 1.1735318 0.7853184 0.9123493 0.7608860 0.7608860 0.0000010 0.6325794 0.0000010 0.5915660 0.1218677 0.0000010 0.0000000 0.0653044 0.0766740 0.1005086 0.0916452 0.0000010 0.0559414 2.7688091 0.3501420 0.5133907 0.1432447 0.6419205 0.5623922 0.7653461 0.7618906 0.7692898 0.5942651 1.1925592 1.1958717 1.1958717 0.9216136 1.1118324 1.1177870 1.1693416 1.2897728 1.1141071 0.9631593 0.4727600 0.8092758 0.8803428 0.6707366 0.6083949 0.7390645 0.7064487 0.7975198 1.3606091 1.1823215 1.2529052 1.3548691 1.3606637 1.3606637 1.1728434 1.3648937 1.3124821 1.1744812 1.2713708 1.3375656 1.6616010 1.6562582 2.1298920 2.4570714 1.7950565 2.1139947 2.0514920 2.1362323 2.2240943 2.4508728 2.0211865 2.1021889 2.2283854 1.8683262 1.9361557 1.9843521 1.9881953 1.9419415 1.9680945 2.7263839 1.7854075 1.8533339 2.1341123 2.6253898 0.0000010 2.2363165 1.9568525 2.0322758 1.9920112 2.6498470 2.3615289 3.0355071 1.8282606 1.9852864 2.5522277 2.0844107 2.0372569 2.0117561 2.0159599 2.1257301 2.1257301 2.1952481 2.1989960 2.2188911 2.3526149 2.4265626 0.0000010 0.0000010 0.0000010 0.0000010 0.0000010 2.0125153 2.2236897 2.2236897 3.0227918 2.3779374 0.8214415 2.7838249 
Pocdam_XM_027183606.1                                        6.1966087 6.4359537 4.1190076 5.3288118 5.3060899 5.3055599 5.3438636 5.7005125 2.6673271 2.3697498 1.1136931 2.5703208 2.1952395 1.2299384 2.6427059 0.9389404 2.4321760 8.9999982 2.3198286 8.9999987 1.9398281 0.7402957 4.0842038 0.0653044 0.0000000 0.9371379 1.0249912 1.3965064 3.7635096 1.3178208 5.3606191 1.6623011 1.6214944 0.3178714 2.0898239 2.1368148 2.3245358 2.2974891 2.3468760 2.2926627 2.9773322 3.1086528 3.2601966 1.7931641 3.0027188 2.8074291 2.9933116 2.9504804 3.1132393 2.5797769 5.3747337 2.3236693 2.4553067 3.8525870 1.2255003 2.3797671 2.3255077 2.5807816 3.4120370 3.0570460 3.1957421 3.0079578 3.6244689 3.6244689 3.1785270 3.5728911 3.3057157 3.2358351 3.0291266 3.1145772 3.6064190 3.9368789 4.4988837 5.0043504 4.5792958 4.5486563 4.3824800 3.9264603 4.5751180 4.3709504 4.3389949 4.5176643 4.7254535 4.4937110 4.5299008 4.3537688 3.7380426 4.7844423 4.8210158 5.3229652 4.7556283 4.9419529 2.9051688 6.2889416 8.9999985 4.7946764 4.2801933 5.1519896 5.0053350 7.2356575 5.1972142 4.5209317 4.2933039 4.5213306 4.8058750 4.6897515 4.6953785 4.6623773 4.6339084 4.7741455 4.5118290 4.7870087 3.8201847 4.9364423 4.9140490 5.7404393 9.0000000 9.0000000 9.0000000 8.9999988 9.0000000 4.8996797 4.6541674 3.2011264 6.0874943 5.4799960 8.9999989 4.5094104 
Fspp_ffun1.m4.3284.m1                                        4.9481232 3.8132908 2.3759546 3.3537018 3.4040522 3.0954303 3.5288006 2.6201486 1.4232491 1.3216611 0.9388670 1.5091112 1.3875743 1.1002007 1.4214978 0.9002028 1.2395806 5.4547508 1.4913782 3.6534285 0.9673280 0.1857159 0.2279603 0.0766740 0.9371379 0.0000000 0.2488106 0.3088524 0.1992282 0.2391224 0.5872022 0.6046191 0.7079724 0.3347548 0.9141521 0.9843158 1.0562746 1.1671387 1.1302125 1.0894476 1.4049529 1.5405659 1.5989071 0.8874446 1.2742213 1.2911807 1.3488233 1.3302813 1.3142996 1.1781082 1.2584036 1.0057140 1.2426218 1.0380414 1.1341972 1.2124445 1.2444931 1.3462668 1.7550221 1.8603461 1.9559607 1.5751359 2.2365282 2.2365282 2.0337553 2.2637400 2.0906510 1.7110424 1.6874352 1.7524593 1.8512465 2.4771360 3.0930878 3.1350149 2.8149212 2.6977596 2.5930071 2.3421226 2.7022009 2.8063841 2.6033010 2.8422894 2.5132723 2.5104589 2.6288572 2.2957302 2.3497676 2.6583524 2.4452588 2.8583818 2.5482141 2.5303386 2.6829735 3.1187915 2.9794067 2.8072125 2.7023426 3.0507757 2.9966535 3.1833037 3.1346434 3.7136548 2.8976389 2.7427006 2.8141438 2.8482317 2.8492500 2.6847081 2.6863863 2.8134047 2.6230248 2.8172571 2.8379311 2.8905829 2.6729587 3.3252377 8.9999990 8.0800652 8.9999982 8.9999985 7.4108207 3.9488166 3.2990039 3.0842766 3.9278955 3.5392361 3.8155230 3.3594997 
Amil_Amillepora13048-RA                                      5.0656668 3.8031633 2.2989590 3.2597994 3.3839807 3.0259702 3.3490628 2.6613822 1.4508758 1.3196900 0.9074359 1.4695314 1.4553462 1.1089278 1.4987622 0.8801506 1.2802154 6.3405790 1.6203328 3.2809607 0.9272319 0.2866280 0.3577004 0.1005086 1.0249912 0.2488106 0.0000000 0.0595173 0.2553993 0.2861536 0.6533074 0.6065372 0.6983999 0.3780150 0.9277690 0.9251138 1.0447968 1.0862987 1.0374620 1.1471507 1.4275067 1.5360867 1.5890865 0.9698377 1.2552167 1.2552853 1.3551214 1.3741941 1.2689280 1.2022886 1.2690643 1.0457175 1.2767458 1.0897825 1.0684814 1.0906205 1.1862464 1.3078654 1.9407348 1.9439479 1.9135934 1.6797544 2.2687406 2.2687406 2.0383860 2.2261642 2.1824129 1.6733180 1.6796575 1.7333580 1.8747337 2.4703117 3.0821766 3.2850833 2.9733351 2.8853806 2.6161127 2.4021956 2.7794775 2.8806693 2.7862606 2.9725688 2.7131450 2.6597535 2.7976731 2.4074976 2.5398446 2.8213717 2.6814584 3.0202423 2.6856372 2.5857498 2.7590935 3.2613198 3.1102374 2.8497641 2.6655976 3.1601122 3.0615111 3.1982329 3.2841045 3.8753753 3.1720972 2.8013964 3.0276700 2.9598504 2.9725952 2.8594346 2.8614965 3.0470265 2.8366229 2.7882523 3.0817952 2.8716013 2.7012836 3.2978460 8.9999983 7.4225344 8.9999982 8.5955725 7.1034825 4.0511556 3.2190250 2.7525577 3.7707024 3.5667106 3.8787527 3.2115329 
Adig_XM_015920079.1                                          5.9019040 4.1992761 2.3572453 3.2468718 3.2912115 2.9206894 3.2715417 2.6841009 1.6421566 1.4581317 1.0709034 1.6621588 1.2063351 1.2501732 1.6957138 1.0878077 1.4303715 6.3405790 1.8992636 3.1930988 1.0392650 0.3573258 0.3698004 0.0916452 1.3965064 0.3088524 0.0595173 0.0000000 0.2504605 0.3248880 0.6112051 0.6964064 0.8364642 1.3969265 1.1072877 1.1217026 1.1736219 1.1664870 1.1835594 1.3115524 1.5696974 1.7141488 1.7535764 0.9456428 1.2528628 1.3472385 1.4521311 1.4463237 1.2855487 1.3267549 1.2853176 1.2189919 1.5127388 1.0620150 2.3517760 1.2655520 1.3878714 1.4957429 2.1605082 2.1202098 2.0629702 1.7853866 2.4006555 2.4006555 2.1720817 2.4740584 2.4229910 1.6968188 1.7973391 1.7873069 1.8250578 2.5474163 3.1996783 3.5080435 3.2671269 3.1638635 2.8435135 2.5157973 3.0218234 3.1301498 2.8428489 3.1482576 2.8871675 2.8111731 2.9730352 2.4821392 2.4034576 2.9379871 2.6999223 3.2892274 2.8675978 2.7660503 3.3115842 3.5635985 3.1429831 2.9910086 2.7707649 3.2707703 3.1525818 3.0596670 3.3214694 4.9163851 3.3149026 2.8833341 3.1637915 3.2956401 3.3099645 3.1761257 3.1792255 3.3593263 3.1245464 3.0262454 3.1228086 3.1046188 2.7768947 3.6502576 8.9999980 7.4737341 8.9999983 8.6470491 7.1358676 4.2125499 3.5961676 3.2687832 3.9952545 3.5434889 3.8934745 3.2734836 
Gfas_gfas1.m1.7189.m1                                        4.8408070 3.3469557 2.9577606 3.3628265 3.5496291 3.3338516 3.8558178 3.2792788 1.9916673 1.8962986 0.8538823 1.8726729 1.7755866 0.7333693 1.8592760 5.9591386 1.8186464 5.4966757 2.6888255 3.3019530 1.0236435 0.2394440 0.3342030 0.0000010 3.7635096 0.1992282 0.2553993 0.2504605 0.0000000 0.3515513 0.5215856 0.7001260 0.7867367 0.0000010 1.1824262 1.2184226 1.1427467 1.1423818 1.2072612 1.2966636 1.7822023 1.8025844 1.8826900 1.0125444 1.4913790 1.4871242 1.4876591 1.5039674 1.6782628 1.4564364 1.5263467 1.0468725 1.2676090 1.1551008 1.0182636 1.1100867 1.5806829 1.5408984 2.0168237 2.7735749 2.1792357 1.9027080 3.0851251 3.0851251 2.7926460 2.8333497 2.8739038 1.9311623 1.7989881 1.8489953 1.8168464 2.4413412 2.9418363 3.4472251 3.1478976 2.6469085 2.4466201 2.0247326 2.7537178 2.6887992 2.7250470 3.0094123 2.5059289 2.5946970 2.7623088 1.9569694 1.9484197 2.8553457 2.8766868 2.6633887 2.6764237 2.5535096 0.0000010 3.2817595 3.3411829 2.9693716 2.6961196 2.9959787 2.9277510 3.1464312 2.9132174 4.5461113 3.7490680 3.2122351 2.5178864 3.1501884 3.0998217 2.9689712 2.9706578 3.1189121 2.7976328 2.9052292 4.1308952 2.6442746 2.4765263 3.5948752 8.9999982 8.5495527 8.9999984 8.9999985 7.8033968 5.4531232 4.0440631 4.1007025 3.7448154 3.9189064 4.7481984 4.4657321 
