98
Gasp_gasp1.m3.12872.m1                                 0.0000000 0.0818692 0.0935770 0.0916707 0.0986871 0.1070306 0.1003959 0.2055192 0.4824569 0.2099193 0.5373011 0.5670184 0.5461182 0.5825232 0.5278726 0.6606981 0.7144420 0.7144420 0.7728104 0.7690252 0.6714704 0.2266589 0.8501235 0.8501235 0.8452243 0.8566205 0.8679518 0.8250405 0.8250405 0.6027926 0.5913043 0.5913043 0.6016851 0.4176341 0.6052793 0.6571220 0.6434719 0.6895348 0.6859537 3.5705300 0.8950294 3.5705300 1.8090823 0.7654757 0.7556164 0.4379809 0.4783962 0.8607931 0.8170915 0.8170915 0.8873075 0.7882227 0.8479032 0.7340255 3.0920577 0.7350002 1.1893440 1.1893440 1.3335298 1.0511066 1.0511066 0.9619384 0.9649565 0.9443080 0.8158529 0.9364115 1.1229781 1.1084008 0.9128866 1.3589847 0.4796041 1.0081638 0.9457687 1.5208450 1.5208450 2.9319453 3.1782477 2.0336938 1.8342395 1.9666648 1.9472436 1.9080753 1.8776072 1.6736004 2.0594155 1.6927350 2.3954439 1.6468329 1.6622728 1.5411329 0.5664318 1.8993434 0.9390154 3.3503896 0.0000010 2.0725644 0.0000010 4.7986491 
Fspp_ffun1.m4.18060.m1                                 0.0818692 0.0000000 0.2478629 0.1993809 0.2047375 0.2801732 0.2740984 0.4105429 0.3778626 0.2223480 1.0074509 0.7571235 1.2037496 0.5551255 1.0233383 0.6809215 0.5511620 0.8582587 1.5097396 1.1058215 1.4190384 0.7317364 1.0267648 1.7286713 0.8386645 1.7451849 1.5797979 1.7571322 1.7521471 1.3964016 1.3854156 1.1620730 1.5064868 0.5310360 0.9440253 1.6592162 0.8984853 1.2751915 1.3263105 2.9211220 1.9134301 2.1026447 1.5646834 1.5160126 1.5047403 1.1390390 1.1596367 1.8192935 1.1071384 1.1215429 1.6133319 1.5651294 1.4194791 1.4493341 0.2671197 1.5991846 1.1564568 1.1564568 1.1935188 1.0323294 1.0323294 1.8708732 1.7748081 1.8027321 1.4570027 1.7732002 1.4539520 1.5958057 1.5440536 1.2060299 1.4630522 1.8470513 1.9365904 2.1487355 2.1260172 3.1704148 3.7044970 3.1341638 1.7428382 2.8390558 2.9259481 1.7819556 2.9111266 2.3173456 2.7500315 1.7424102 2.8348327 2.5660283 2.6662894 2.5867021 2.1796361 1.5182522 0.9375849 2.0548751 0.3867248 2.9647435 3.2690372 5.1174283 
Gfas_gfas1.m1.2588.m1                                  0.0935770 0.2478629 0.0000000 0.2722944 0.2643103 0.2276521 0.2273124 0.4390916 0.3895904 0.2054117 1.0508890 0.7848671 1.3340783 0.6789960 1.0691391 0.7577824 0.5996087 0.9107728 1.6003378 1.1635290 1.4828238 0.7462250 1.1285349 1.8508414 0.9700634 1.8735752 1.6757864 1.8917047 1.8921087 1.5629790 1.5328645 1.2493245 1.6887849 0.6619062 0.9800854 1.7712128 0.9474094 1.2878031 1.4647403 2.9667945 1.9387908 2.1446279 1.8097012 1.5534331 1.5514905 1.2256861 1.2775780 1.9398725 1.2140021 1.2411725 1.7954765 1.6586338 1.4804752 1.5318428 0.4403668 1.6481567 1.2521361 1.2521361 1.3625914 0.9965794 0.9965794 2.0485863 1.8147805 1.9050399 1.5641930 1.9958097 1.5438848 1.7527336 1.7277432 1.3615261 1.4976755 1.9811245 1.9512613 2.2372939 2.2148604 3.1503911 3.6715609 3.2294186 1.8351051 2.9917516 3.1748906 1.9810201 3.2007659 2.3673191 3.0952801 1.6335775 2.9702969 2.6871558 2.7840105 2.6825424 2.3423861 1.6109095 0.9681040 2.1099265 0.4700551 3.0125444 3.6495151 5.6192014 
Spis_XP_022793245_1                                    0.0916707 0.1993809 0.2722944 0.0000000 0.0833664 0.2808750 0.2811537 0.4091587 0.3627627 0.1988987 1.0322800 0.7708402 1.2137075 0.5628657 1.0084702 0.6474705 0.5463377 0.8691731 1.4505350 1.0804862 1.3739039 0.6979314 1.0276728 1.7207926 0.8686625 1.7368927 1.5506957 1.7672536 1.7928813 1.3951682 1.3976871 1.1738341 1.5003042 0.5310360 0.9347218 1.6248967 0.9157496 1.2256444 1.2834912 2.6893855 1.7595594 2.1246314 1.5581395 1.4507274 1.4486404 1.0997109 1.1688916 1.7878035 1.0932499 1.1042046 1.5854124 1.5476069 1.3681513 1.4782827 0.3220186 1.6135092 1.1815834 1.1815834 1.1957543 1.0614061 1.0614061 1.9030195 1.7245374 1.7512994 1.4333233 1.7789965 1.3973558 1.5396302 1.6146795 1.1192522 1.4408619 1.8143760 1.8646905 2.1006650 2.0820228 3.0236758 3.5187895 2.9914812 1.8133726 2.7999003 2.9663687 1.8470043 2.9200212 2.3214685 3.0734054 1.7281645 2.9168788 2.6878962 2.6741634 2.5429231 2.2111131 1.4811081 0.8455350 2.0602366 0.4687168 2.8443565 3.5429204 4.9564424 
Pocdam_XM_027192900.1                                  0.0986871 0.2047375 0.2643103 0.0833664 0.0000000 0.2724773 0.2730176 0.4090749 0.3696522 0.2155346 1.0155405 0.7706220 1.2105152 0.5635341 0.9955454 0.6420763 0.5574851 0.8717935 1.4826113 1.1068406 1.3691851 0.6953971 1.0239822 1.7394698 0.8605864 1.7224931 1.5503181 1.7632716 1.7888823 1.4239781 1.4236312 1.1907598 1.5251567 0.5310360 0.9145425 1.6007087 0.9136938 1.2354675 1.3253205 2.8433378 1.8518078 2.1189710 1.5643969 1.5009208 1.4936038 1.1148217 1.1903270 1.8296710 1.1072707 1.1200475 1.6307513 1.6041603 1.3949207 1.4561245 0.2862119 1.6129230 1.1719303 1.1719303 1.1920636 1.0592370 1.0592370 1.8863557 1.7099869 1.7874785 1.4376373 1.7975895 1.4121974 1.5201115 1.6058313 1.1548610 1.4852940 1.9076477 1.8560882 2.0630058 2.0567411 3.0646380 3.5308262 3.0443317 1.8188549 2.8454158 3.0471802 1.8516576 2.9174138 2.3657606 3.0607922 1.7281645 2.8686434 2.7083663 2.7237209 2.6281069 2.1091170 1.4729096 0.8579707 2.0927223 0.4553730 2.8284154 3.5176832 5.0457042 
Amil_Amillepora24746-RA                                0.1070306 0.2801732 0.2276521 0.2808750 0.2724773 0.0000000 0.0076996 0.4080365 0.3999319 0.2203119 0.9783757 0.7782613 1.2636925 0.5514139 1.0363695 0.7345740 0.6087714 0.8573660 1.4460643 1.0858865 1.4335048 0.6657132 1.1278267 1.8157088 0.9813642 1.8176198 1.5992060 1.8448402 1.8640446 1.6120330 1.5609136 1.2767091 1.5760434 0.5446635 0.8954730 1.6887533 0.9071762 1.2296797 1.3379048 2.8393334 1.9235896 1.9693290 1.4524123 1.4931144 1.4870853 1.0908597 1.1143541 1.7173069 1.0577273 1.0563313 1.5665344 1.4821100 1.4053925 1.4437788 0.3176071 1.6388736 1.2374785 1.2374785 1.2082582 1.1691759 1.1691759 1.8739009 1.7080516 1.7896247 1.4168513 1.8164863 1.3633478 1.6441674 1.5274768 1.0842007 1.3455035 1.8550325 1.9442500 1.9322053 1.9356044 3.1078760 3.7734319 3.2198450 2.0398116 2.9221897 3.0210330 1.9554913 3.1183691 2.3083245 2.8610767 1.7649007 2.8027287 2.6742477 2.6920148 2.4435392 2.2392498 1.5654655 0.9698720 2.0749111 0.5363738 2.7334396 3.1292376 5.1948542 
Adig_XM_015898550.1                                    0.1003959 0.2740984 0.2273124 0.2811537 0.2730176 0.0076996 0.0000000 0.4305832 0.3806307 0.2174696 0.9786438 0.7835292 1.2410645 0.5514139 1.0306972 0.7086936 0.5797937 0.9057088 1.4586832 1.0969503 1.4195013 0.6764804 1.0787781 1.7419173 0.9320041 1.7550924 1.5584020 1.7716642 1.7893820 1.5742543 1.5207850 1.2470931 1.6011569 0.5446635 0.9490975 1.7345609 0.9318157 1.2295514 1.3619132 2.9599252 1.9133631 2.1563286 1.5869359 1.4380986 1.4324490 1.1060680 1.1399210 1.7660038 1.1461006 1.1553933 1.6388909 1.5528911 1.4683846 1.4146412 0.3176071 1.6023077 1.1969228 1.1969228 1.2082582 1.0802791 1.0802791 1.8727448 1.7459451 1.8412089 1.4821221 1.8346870 1.4295971 1.6182627 1.5348590 1.0850418 1.3809159 1.8166664 1.9425567 2.0041330 1.9866785 3.1916391 3.7820205 3.1336682 1.8567771 2.9071020 3.0162186 1.8448509 3.0459805 2.3295073 2.9046885 1.7278926 2.8433883 2.6964126 2.7005289 2.4743069 2.2098042 1.5189973 0.9698720 2.0681196 0.5092012 2.8076149 3.2717338 5.2322462 
Nvec_v1g127454                                         0.2055192 0.4105429 0.4390916 0.4091587 0.4090749 0.4080365 0.4305832 0.0000000 0.3411085 0.2743326 0.7773327 0.9273854 0.8065820 0.7641894 0.7837849 0.7303968 0.6228048 1.0174763 1.1617168 1.1214477 0.9742161 0.3551012 1.0974548 1.2065253 0.6959799 1.2623106 1.2694746 1.2019268 1.1957425 1.0157504 1.0191007 1.0191007 1.2154875 0.6623088 1.1138111 1.2707848 1.0137853 0.8835270 0.9526944 2.1539529 1.2580381 2.4803499 1.6881362 1.0929154 1.0869850 0.8665686 0.9377147 1.3606211 1.2529800 1.2730213 1.2944366 1.1456408 1.1773338 1.0538525 0.6219826 1.1279412 1.2983309 1.2983309 1.4396104 1.0562259 1.0562259 1.6362695 1.6794246 1.6304703 1.6018309 1.5344567 1.4530182 1.3910644 1.3149427 1.3708558 0.8240222 1.4837134 1.4276016 1.9727859 1.9167091 3.3529247 3.4973190 2.7059248 1.7264683 2.6932683 2.6425937 1.7376410 2.5787588 2.1145665 2.5267112 1.8057975 2.5002045 2.3389369 2.3739810 2.0193042 1.5167187 1.1247685 0.9692786 1.5807496 0.9164796 2.6468032 3.2148504 5.1046880 
Sanmal_Sma_015471-T1                                   0.4824569 0.3778626 0.3895904 0.3627627 0.3696522 0.3999319 0.3806307 0.3411085 0.0000000 0.0499660 0.2042550 0.2680662 0.2654847 0.0565567 0.2146672 0.4518865 0.5161330 0.5161330 0.5860615 0.5756640 0.4877655 0.3973022 0.6536498 0.6536498 0.6415632 0.6510431 0.6592655 0.6252469 0.6252469 0.5209440 0.5249750 0.5249750 0.5034978 0.2276578 0.5145397 0.5603044 0.5115830 0.5066771 0.5023227 3.5705300 0.8874996 3.5705300 1.3573541 0.5605190 0.5528358 0.4664602 0.4964338 0.7360304 0.7035451 0.7035451 0.7228924 0.6573131 0.6585112 0.5900048 0.3416021 0.5627075 0.9397403 0.9397403 0.7458676 1.0854379 1.0854379 0.7196627 0.7266971 0.6490949 0.6858120 0.7057196 0.8075893 0.7833106 0.7050160 0.8103983 0.2363440 0.7185194 0.6395400 1.1016449 1.1016449 3.0296377 3.2412366 1.9815168 1.8445341 1.9074573 1.7366664 1.7314556 1.6412720 1.2948117 1.7017268 1.8806250 1.9002635 1.5439062 1.5723585 1.4899789 0.2127229 0.3484628 0.5830273 3.4534238 0.0000010 1.7394902 0.0000010 3.8724475 
Aaur_scaffold4091.g1.t1                                0.2099193 0.2223480 0.2054117 0.1988987 0.2155346 0.2203119 0.2174696 0.2743326 0.0499660 0.0000000 0.0114429 0.0229064 0.0347913 0.0000010 0.0125093 0.2579376 0.2410507 0.2410507 0.2556295 0.3056925 0.2291865 0.2678845 0.3284610 0.3284610 0.3447344 0.3284610 0.3253943 0.3448895 0.3448895 0.2490526 0.2484176 0.2484176 0.2153769 0.2245209 0.2825009 0.2367847 0.3251257 0.2940504 0.2806209 0.0000010 0.2806209 0.0000010 2.7955763 0.2671123 0.2671123 0.2373669 0.2569364 0.3049967 0.3734243 0.3734243 0.3421522 0.3210018 0.3417879 0.2949880 9.0000000 0.2891302 0.7647925 0.7647925 0.7714609 0.7170613 0.7170613 0.3788784 0.3788784 0.3533318 0.4270012 0.4330547 0.4437123 0.4150491 0.5020032 0.6824491 0.2039423 0.5146268 0.5711097 0.7427718 0.7427718 3.4539009 3.4539009 1.8853215 1.9740732 1.8187781 2.0027832 2.0744531 1.9613134 0.8924664 1.8409176 2.4072744 1.9092977 1.2450119 1.1529505 1.4328680 0.2829337 0.5149821 1.1196134 3.2549313 0.0000010 1.5597814 0.0000010 5.1206923 
Rhoesc_Res_017569-T1                                   0.5373011 1.0074509 1.0508890 1.0322800 1.0155405 0.9783757 0.9786438 0.7773327 0.2042550 0.0114429 0.0000000 0.5156555 0.6960608 0.1461199 0.1408146 0.6118478 0.4672981 0.8506869 1.3043408 1.0321945 1.3436141 1.0539746 1.0665717 1.7594772 0.7980037 1.7980046 1.6528641 1.8308868 1.8303530 1.4542288 1.4327597 1.2660263 1.4962812 0.6188744 1.0139425 1.5577962 0.9442108 1.1842533 1.2430849 2.6947230 1.7944337 2.3145553 1.5508417 1.3604912 1.3454175 1.4099478 1.4011557 1.6032588 1.1877562 1.1767267 1.5445277 1.4728434 1.3346073 1.3885819 0.6863619 1.4050920 1.2066472 1.2066472 1.1171952 1.2978801 1.2978801 1.7356665 1.5456407 1.6187740 1.4448578 1.6619655 1.2647151 1.4743995 1.3318071 1.1057380 1.2310947 1.8026359 1.6236993 1.7970871 1.7813281 3.3012841 3.7932315 3.2012779 1.9335498 3.0802916 2.7261824 1.9106684 2.8960947 2.0632070 2.6584522 1.7007992 2.7363290 2.4776113 2.5727921 2.4192829 1.9855948 0.7866759 0.4995086 1.0328128 1.6972670 2.6368728 3.4883436 4.2414218 
Hvul_g20125_1                                          0.5670184 0.7571235 0.7848671 0.7708402 0.7706220 0.7782613 0.7835292 0.9273854 0.2680662 0.0229064 0.5156555 0.0000000 0.3326964 0.4656047 0.5619958 0.6772192 0.5534706 0.9732917 1.0540791 1.0531463 0.9235622 0.8412424 0.9988559 1.1527752 0.6913923 1.1385000 1.1798400 1.1877660 1.1923615 1.0240339 1.0023262 1.0023262 1.1186480 0.5191853 1.1140561 1.1055184 1.0308060 0.8172397 0.9080107 2.0239572 1.3316462 2.1654945 1.4681819 0.9429473 0.9425466 0.9568632 0.8975713 1.3761618 1.2992622 1.3203593 1.3729366 1.2393870 1.1647789 1.0033502 0.9365948 1.0863096 1.0412152 1.0412152 0.9395085 1.1857823 1.1857823 1.3141284 1.3659741 1.2716034 1.4389594 1.3298616 1.1812010 1.1432079 1.1475645 1.0400827 0.7802731 1.2654628 1.2592048 1.7116863 1.6868434 3.1824072 3.3134313 2.3379190 1.7947488 2.2920203 2.2155930 1.7100681 2.1739341 1.9687290 2.2261265 1.9178213 2.3133363 2.0916120 2.1741176 1.9594160 1.3805297 0.6351114 1.1065645 1.0399618 1.0157609 2.3092241 2.4087062 4.3195758 
Chem_TCONS_00059851                                    0.5461182 1.2037496 1.3340783 1.2137075 1.2105152 1.2636925 1.2410645 0.8065820 0.2654847 0.0347913 0.6960608 0.3326964 0.0000000 0.3313501 0.8032576 0.6721523 0.5443309 1.0213800 1.6753918 1.1437162 1.4759841 1.2520944 1.0097208 1.8891713 0.8108040 1.7976380 1.6495008 1.9052642 1.9267062 1.6386474 1.6067611 1.2520379 1.6445147 0.5429399 1.0687498 1.7304881 1.0319385 1.5260637 1.4237038 3.0785671 2.0446316 2.4457714 1.6668175 1.6221336 1.5989102 1.4136794 1.4839677 1.8014741 1.3595579 1.3664861 1.6887823 1.6894619 1.4717029 1.7007839 0.8029306 1.6757720 1.0568483 1.0568483 0.9951452 1.1287660 1.1287660 1.9835270 1.9086068 1.8715375 1.5321585 1.8506456 1.3340812 1.6417205 1.5848641 1.1620215 1.5742320 1.8328544 1.7192398 2.1392198 2.1125245 3.3068278 3.9429024 2.9494964 1.8390898 2.7903211 2.9368207 1.7458809 2.8633640 2.4746620 2.9443210 1.8962076 3.1523524 2.6187775 2.7390601 2.8023130 2.0431276 1.2442779 1.0383710 1.7544969 2.0627026 2.9375651 4.1625160 4.9982995 
Aaur_scaffold338.g1.t3                                 0.5825232 0.5551255 0.6789960 0.5628657 0.5635341 0.5514139 0.5514139 0.7641894 0.0565567 0.0000010 0.1461199 0.4656047 0.3313501 0.0000000 0.1241276 0.5917463 0.1439503 0.6522674 0.7628077 0.6506196 0.6477778 0.5595944 1.1396019 0.8249033 0.4944100 0.8906188 0.8938358 0.9364279 0.9364279 0.6697524 0.6462125 0.6486783 0.7033591 0.4466769 0.7027420 0.7156872 0.6940390 0.4865367 0.5960913 2.3004903 0.5789345 2.3922978 0.9754706 0.7723098 0.7723098 0.5989531 0.6032754 0.9151466 0.7948814 0.8023220 0.7593221 0.7248353 0.7325803 0.7237067 0.5947392 0.7081452 0.9915562 0.9915562 0.9915562 0.0000010 0.0000010 0.9572869 0.7746256 0.9213219 0.9275334 0.9743804 0.7375713 0.9183069 0.8277415 0.8315345 0.5631280 0.8624680 1.0654608 1.0151215 1.0151215 2.1731452 2.2266011 2.0936394 2.5293144 2.1101179 1.3995210 1.3735780 1.4631402 1.2358231 1.6766780 0.0000010 1.4923123 1.5602566 1.6817927 1.3703309 0.6390185 0.3823119 1.0003526 0.5579416 0.4837755 1.6231513 0.3733530 3.6938611 
Nemnom_g17527.t1                                       0.5278726 1.0233383 1.0691391 1.0084702 0.9955454 1.0363695 1.0306972 0.7837849 0.2146672 0.0125093 0.1408146 0.5619958 0.8032576 0.1241276 0.0000000 0.6148429 0.4793199 0.8691343 1.3962568 1.0668929 1.3102655 1.0352178 1.0773590 1.7786916 0.8241381 1.8234135 1.7575427 1.8378239 1.8400016 1.5645171 1.5049570 1.3051193 1.5252338 0.6529225 1.0436565 1.5648191 0.9750305 1.1826512 1.2526605 2.6950375 1.8476227 2.3557094 1.6297832 1.3760601 1.3748706 1.4085328 1.3643988 1.6669689 1.1521671 1.1388031 1.5168638 1.5443159 1.3355509 1.4158419 0.6388157 1.4088122 1.1859274 1.1859274 1.1302048 1.2204062 1.2204062 1.8265546 1.6122834 1.7278189 1.4763282 1.7233702 1.2494173 1.5444020 1.3884178 1.0935338 1.2596780 1.7639251 1.7038011 2.0810475 2.0800426 3.2578679 3.7695650 3.1069566 1.8353574 3.0262156 2.7800687 1.7414193 3.0852369 2.1034597 2.6324789 1.6783819 2.6700088 2.4945161 2.5934353 2.5303235 2.1116434 0.9896450 0.4805660 1.0570745 1.5963354 2.6250078 3.9684711 4.3798317 
Plajan_Pjan_scaffold23301_01                           0.6606981 0.6809215 0.7577824 0.6474705 0.6420763 0.7345740 0.7086936 0.7303968 0.4518865 0.2579376 0.6118478 0.6772192 0.6721523 0.5917463 0.6148429 0.0000000 0.6046919 0.7186303 0.7957539 0.7386208 0.6433234 0.6727131 0.8566380 0.7966069 0.6421643 0.8644496 0.8721497 0.8789735 0.8789735 0.6840619 0.6791111 0.6791111 0.6742297 0.3436276 0.6006608 0.7336447 0.7450101 0.6432454 0.2621289 2.8149092 0.6471604 2.8149092 0.7711207 0.7378629 0.7440840 0.7129984 0.7479849 0.8442128 0.7579768 0.7579768 0.7719883 0.7084291 0.7185782 0.6713609 1.0405862 0.7376695 1.0401545 1.0401545 0.8854042 1.2315936 1.2315936 0.9005231 0.8771944 0.7769298 0.8607635 0.8057898 0.9048912 0.9913718 0.9311030 0.9996365 0.4866804 0.8623147 0.9010483 1.1526292 1.1526292 2.8934521 3.0385124 2.0904157 1.9363651 2.0848761 1.8776386 1.9384603 1.8333652 1.4612766 1.9156699 2.3082409 1.8976477 1.5981582 1.6375844 1.6004619 0.6180093 0.8233683 1.6309723 1.8503653 0.2650875 1.9126366 0.3731960 4.5251345 
Cscu_XM_023371697.1                                    0.7144420 0.5511620 0.5996087 0.5463377 0.5574851 0.6087714 0.5797937 0.6228048 0.5161330 0.2410507 0.4672981 0.5534706 0.5443309 0.1439503 0.4793199 0.6046919 0.0000000 0.0000010 0.3477345 0.2888252 0.3446091 0.6018703 0.6883873 0.6883873 0.6525245 0.6412469 0.6304212 0.6629222 0.6629222 0.6551491 0.6281019 0.6281019 0.6096890 0.2080580 0.6254705 0.5998236 0.4246925 0.4512159 0.5771422 1.4212145 1.0771553 1.4212145 1.5802083 0.4538244 0.4469047 0.5426919 0.5429546 0.8586708 0.8161431 0.8161431 0.7860067 0.7527590 0.8542987 0.4303908 0.3168802 0.4616763 1.0620572 1.0620572 0.7634609 1.2901862 1.2901862 0.8618691 0.8700734 0.7810556 0.8235703 0.8333936 0.8901366 0.8482660 0.9069486 0.8948217 0.1359969 0.9446585 0.8595043 1.3649197 1.3649197 3.1303062 3.3660178 2.0686987 1.8825938 2.0062388 1.8598718 1.8680595 1.7531667 1.5261779 1.6658001 1.9080516 2.0871025 1.5787487 1.5536957 1.5663685 0.1487424 0.4328124 1.5107264 3.4237844 0.0000010 1.9557522 0.0000010 3.9157940 
Cscu_XM_023366704.1                                    0.7144420 0.8582587 0.9107728 0.8691731 0.8717935 0.8573660 0.9057088 1.0174763 0.5161330 0.2410507 0.8506869 0.9732917 1.0213800 0.6522674 0.8691343 0.7186303 0.0000010 0.0000000 0.5746379 0.6078716 0.6726034 0.8945795 0.9545021 1.1849814 0.6940447 1.1846625 1.1676717 1.2040579 1.2022207 1.1565885 1.1565115 1.1682054 1.3492492 0.6488251 1.1698315 1.2373996 0.7146706 0.6688478 0.8991036 1.5994316 1.2574287 1.8216623 1.4620405 0.7641204 0.7596398 1.0482066 1.0557219 1.3725770 1.2993489 1.2732383 1.2902340 1.2354153 1.2339829 0.7363918 1.0232427 0.8630590 1.2070103 1.2070103 1.1344026 1.2718576 1.2718576 1.5292981 1.5247572 1.4580236 1.4970000 1.4329873 1.2943973 1.3934014 1.3906975 1.1156212 0.5668034 1.4655400 1.4103465 2.0167523 1.9563835 3.6126918 3.7994675 2.8756425 1.8825938 2.7552871 2.6061506 1.9486199 2.6453144 2.1395591 2.3767180 1.8923250 2.6337848 2.3075735 2.3151443 2.1980457 1.6944202 1.1388688 1.5107264 1.6259032 1.1016264 2.5706317 2.6566579 4.5132736 
Tcas_TC002668_001                                      0.7728104 1.5097396 1.6003378 1.4505350 1.4826113 1.4460643 1.4586832 1.1617168 0.5860615 0.2556295 1.3043408 1.0540791 1.6753918 0.7628077 1.3962568 0.7957539 0.3477345 0.5746379 0.0000000 0.5613424 1.2763269 1.5394290 1.0098642 1.8840545 0.9376687 1.7845608 1.6651169 1.8964127 1.9237237 1.7644568 1.7728907 1.4689619 1.6785140 0.6618516 1.1812540 1.6174523 0.7710629 1.3181746 1.4353691 2.8029811 1.8990964 2.3741794 1.6634634 1.2946251 1.2895374 1.6593576 1.6009853 1.9762273 1.3293506 1.3013782 1.7207524 1.6964543 1.5115641 1.2960355 1.3199884 1.4486853 1.2565785 1.2565785 1.1608385 1.3551313 1.3551313 2.0967650 2.0955428 1.9845956 1.6852561 1.9264825 1.3871451 1.6944916 1.7290061 1.2975780 1.3485630 1.8213563 1.8678338 2.3220419 2.2938969 3.9042140 4.7493370 3.4139238 1.7938729 3.2070082 3.2767139 1.9005965 3.3702611 2.6293412 2.9006832 2.0553293 3.1284319 2.8257197 2.7843161 2.8119170 2.3083719 1.9693478 1.8980640 2.9942684 2.6516020 3.0090693 4.2682779 4.8063915 
Dpul_mRNA28525                                         0.7690252 1.1058215 1.1635290 1.0804862 1.1068406 1.0858865 1.0969503 1.1214477 0.5756640 0.3056925 1.0321945 1.0531463 1.1437162 0.6506196 1.0668929 0.7386208 0.2888252 0.6078716 0.5613424 0.0000000 0.8511666 1.1658384 0.9736119 1.2931632 0.7323774 1.2857760 1.2343627 1.3491235 1.3607246 1.2160897 1.2436008 1.1428023 1.4366840 0.6057128 1.1078720 1.3290559 0.8043083 0.8378717 1.1428166 2.5645955 1.6348229 2.4979418 1.7792082 0.9807734 0.9811027 1.3281637 1.3662501 1.4332813 1.3057511 1.2734512 1.2954443 1.2021067 1.2370983 0.9487063 1.1025783 1.0847779 1.1993087 1.1993087 1.1386554 1.2278197 1.2278197 1.6624126 1.6113162 1.5730868 1.5712053 1.5628515 1.4028106 1.3523198 1.4614813 1.1163829 0.7732707 1.4552196 1.5629347 1.9533936 1.9446729 3.4028422 3.7511671 2.7693065 1.7002276 2.7001052 2.6502588 1.7908722 2.6499742 2.1689304 2.3825713 1.8597074 2.6835911 2.2764378 2.3118395 2.2604344 1.8479221 1.2453264 1.7099858 2.1057970 1.7684194 2.7612202 3.1833012 4.3883948 
Hsap_ENST00000254029                                   0.6714704 1.4190384 1.4828238 1.3739039 1.3691851 1.4335048 1.4195013 0.9742161 0.4877655 0.2291865 1.3436141 0.9235622 1.4759841 0.6477778 1.3102655 0.6433234 0.3446091 0.6726034 1.2763269 0.8511666 0.0000000 1.3508613 0.9511523 1.6057315 0.7993317 1.6638399 1.5168459 1.6666910 1.6865609 1.6793310 1.6073797 1.2357853 1.5627763 0.6123691 1.0492877 1.6438602 0.6978436 1.1264865 1.4169399 3.0239186 2.0865372 2.1984800 1.5567646 1.3340408 1.3198235 1.6204168 1.6288066 1.6552383 1.1611055 1.1472341 1.4858178 1.5205791 1.2564570 1.3980187 1.0890676 1.4098105 1.1783397 1.1783397 1.0525533 1.3334669 1.3334669 1.9473762 1.7504590 1.8618156 1.5088552 1.9292007 1.3859350 1.5561339 1.7402934 1.2553464 1.2469172 1.9638443 1.9430321 2.4563697 2.3987914 3.3816213 3.9509872 3.0294528 1.9528634 2.7801285 2.9770677 1.8916066 2.8879399 2.4410016 3.1591216 2.2074628 3.3161280 2.8858228 2.8238504 2.9801735 2.3522803 1.7968610 1.3868700 3.0996244 2.4534599 3.2116130 4.5009053 4.3650239 
Exapal_XM_021048352.2                                  0.2266589 0.7317364 0.7462250 0.6979314 0.6953971 0.6657132 0.6764804 0.3551012 0.3973022 0.2678845 1.0539746 0.8412424 1.2520944 0.5595944 1.0352178 0.6727131 0.6018703 0.8945795 1.5394290 1.1658384 1.3508613 0.0000000 1.0089704 1.5611029 0.8678892 1.5806116 1.4841309 1.6019973 1.6150334 1.4952059 1.3930368 1.1794651 1.4960524 0.5433582 1.0169862 1.6090634 0.8904359 1.2519156 1.1914544 2.3244843 1.6732098 1.8395112 1.4387673 1.3917184 1.3852379 1.1366889 1.1738070 1.6051395 1.1378062 1.1442098 1.5663803 1.5121466 1.3794549 1.3983700 0.6335174 1.4620650 1.1228150 1.1228150 1.1535126 0.9884964 0.9884964 1.7222619 1.7574541 1.8262851 1.4506917 1.6269139 1.3461104 1.4414937 1.4507327 1.0854651 1.4367328 1.8659258 1.7602990 2.0962794 2.0550738 3.1029979 3.7375780 3.1631971 1.9206650 2.9285086 3.0232998 1.8065214 3.2472400 2.2930102 2.7186612 1.6741404 2.9340461 2.5656827 2.6491050 2.5120675 2.1407003 1.4569924 1.1096609 2.0452399 1.1918268 2.7331467 3.4674013 4.9155245 
Tadh_TriadT20246                                       0.8501235 1.0267648 1.1285349 1.0276728 1.0239822 1.1278267 1.0787781 1.0974548 0.6536498 0.3284610 1.0665717 0.9988559 1.0097208 1.1396019 1.0773590 0.8566380 0.6883873 0.9545021 1.0098642 0.9736119 0.9511523 1.0089704 0.0000000 0.0469032 0.0901938 0.1267057 0.1371889 0.1392438 0.1392438 1.0078305 0.9787025 0.9787025 1.0098975 0.6823404 0.9795477 1.0187076 1.0120251 0.9449290 0.8596245 2.0770304 1.1312876 2.0770304 1.4877069 0.9759451 0.9811596 1.1884292 1.1293828 1.1040285 1.0724316 1.0724316 1.0443802 0.9685984 1.0630618 0.9668018 1.6172383 0.9886012 1.2514210 1.2514210 1.1781441 1.3070926 1.3070926 1.1434038 1.1303590 1.2547063 1.1914293 1.1700025 1.1892695 1.3226557 1.3495247 1.3207201 0.8896117 1.1994308 1.2536139 1.3728272 1.3728272 3.3019083 3.3911627 2.2637619 1.8240918 2.2152742 1.9594815 1.8282602 2.0028049 1.8958327 2.1639395 2.3515502 2.2301849 2.0251308 2.0714937 2.1070831 1.1582551 1.5266827 1.9031157 2.3577365 1.1370780 2.2245132 1.2073540 4.5703210 
TrH2_TrispH2_008928-RA                                 0.8501235 1.7286713 1.8508414 1.7207926 1.7394698 1.8157088 1.7419173 1.2065253 0.6536498 0.3284610 1.7594772 1.1527752 1.8891713 0.8249033 1.7786916 0.7966069 0.6883873 1.1849814 1.8840545 1.2931632 1.6057315 1.5611029 0.0469032 0.0000000 0.1632262 0.2710519 0.2345641 0.2876192 0.2914704 1.7828491 1.7044804 1.3856968 1.6773308 0.9008602 1.1655157 1.8295027 1.1556100 1.7869254 1.6826305 3.9297347 2.4576402 2.7707885 1.9174982 1.7698050 1.7712653 1.9543583 1.9895957 1.6898245 1.2903085 1.2913991 1.6692140 1.7573752 1.5297652 1.8594906 1.1878555 1.7970248 1.2271685 1.2271685 1.1414037 1.3070926 1.3070926 2.0605197 1.8578730 1.9805281 1.5825163 1.9264386 1.6294758 1.8601969 1.9728400 1.3701622 1.8246480 1.9922171 2.0820469 2.2580552 2.1902591 3.6366283 4.2943369 3.3167423 1.9757295 3.0477873 3.1128111 1.9261708 3.1935131 2.8098744 3.3091662 2.2313345 3.4073794 3.2141034 3.1857777 3.3935937 2.7281430 2.5475858 1.9031157 3.4289778 3.2444979 3.3827761 4.5816212 5.7856271 
HoiH11_mRNA3448                                        0.8452243 0.8386645 0.9700634 0.8686625 0.8605864 0.9813642 0.9320041 0.6959799 0.6415632 0.3447344 0.7980037 0.6913923 0.8108040 0.4944100 0.8241381 0.6421643 0.6525245 0.6940447 0.9376687 0.7323774 0.7993317 0.8678892 0.0901938 0.1632262 0.0000000 0.1265504 0.1400161 0.1324274 0.1324274 0.8955052 0.8491590 0.8491590 0.7477029 0.5603755 0.7255944 0.7357260 0.7444466 0.8441034 0.7781244 6.0560080 1.4147185 3.6043589 1.1549514 0.8671351 0.8734077 0.9688030 0.9596841 1.0389713 0.8273362 0.8264552 0.8885731 0.8673220 0.9262703 0.8617095 0.7748660 0.8163053 1.0071750 1.0071750 0.7893537 1.2190350 1.2190350 1.0348060 0.9931520 1.0685852 0.9029822 1.0078443 1.0223798 1.2367450 1.0026228 1.0843560 0.7275533 1.0687071 1.0236361 1.1709221 1.1709221 3.1736731 3.3322386 2.4004430 1.8504646 2.2585036 2.0543236 1.7686927 1.9586268 1.5770410 1.8340835 2.2176682 2.2611669 1.6308274 1.6244998 1.8704127 0.9293189 1.3419245 1.8145822 2.6743571 7.8826103 2.1602960 8.9999985 5.1352344 
HoiH23_PlH23_002370-RA                                 0.8566205 1.7451849 1.8735752 1.7368927 1.7224931 1.8176198 1.7550924 1.2623106 0.6510431 0.3284610 1.7980046 1.1385000 1.7976380 0.8906188 1.8234135 0.8644496 0.6412469 1.1846625 1.7845608 1.2857760 1.6638399 1.5806116 0.1267057 0.2710519 0.1265504 0.0000000 0.0611671 0.1781778 0.1879873 1.8536185 1.8536533 1.5002673 1.7206984 0.9268655 1.1801113 1.8750343 1.1532532 1.7771772 1.6534336 3.5434330 2.3220677 2.7635582 2.0437497 1.8165099 1.8143726 1.9881595 2.0063072 1.7902375 1.3230188 1.3153534 1.7814906 1.9288705 1.6009927 1.7839892 1.3159955 1.7943078 1.2566157 1.2566157 1.1920619 1.2992769 1.2992769 1.9507189 1.8423439 1.9802676 1.6081550 1.9568035 1.5698004 1.8349829 1.8943592 1.4219441 1.8721370 1.8119702 1.9678426 2.0568442 2.0082505 3.5389482 4.0368002 3.5806696 1.9148757 3.1944920 3.2632606 1.9847673 3.2451567 2.7284904 3.2886267 2.0600672 3.4253372 2.9159512 3.0914615 3.1706207 2.6840875 2.7101022 1.8307686 3.4877770 3.1335206 3.0731330 4.4727487 5.3631972 
HoiH06_mRNA10571                                       0.8679518 1.5797979 1.6757864 1.5506957 1.5503181 1.5992060 1.5584020 1.2694746 0.6592655 0.3253943 1.6528641 1.1798400 1.6495008 0.8938358 1.7575427 0.8721497 0.6304212 1.1676717 1.6651169 1.2343627 1.5168459 1.4841309 0.1371889 0.2345641 0.1400161 0.0611671 0.0000000 0.1775257 0.1852221 1.7550323 1.6986872 1.4954629 1.6612054 0.9591501 1.1844432 1.7811036 1.1597655 1.5816486 1.4368577 3.1994330 2.0455693 2.7110393 2.0191775 1.5752444 1.5676111 1.6857823 1.7133154 1.6996197 1.3072472 1.3031846 1.6999196 1.7080089 1.5772873 1.5550672 1.2586997 1.6616573 1.2543684 1.2543684 1.2069315 1.2710256 1.2710256 1.8778230 1.7344350 1.8572566 1.5710361 1.8317507 1.5869652 1.7484199 1.6811952 1.3081240 1.6587959 1.8100819 1.8071688 1.9318552 1.8892562 3.7485634 3.9335759 3.4959857 1.8861530 3.1455262 3.1402293 1.9561745 3.1432978 2.5415305 2.8666195 2.0984766 3.2882893 2.7044353 2.8789885 2.9969620 2.4718646 2.6407549 1.8307686 3.2910064 2.8528194 3.0794853 4.0379569 4.9451191 
Hhon_g08565.t1                                         0.8250405 1.7571322 1.8917047 1.7672536 1.7632716 1.8448402 1.7716642 1.2019268 0.6252469 0.3448895 1.8308868 1.1877660 1.9052642 0.9364279 1.8378239 0.8789735 0.6629222 1.2040579 1.8964127 1.3491235 1.6666910 1.6019973 0.1392438 0.2876192 0.1324274 0.1781778 0.1775257 0.0000000 0.0074549 1.8875912 1.8792781 1.4941274 1.7559895 0.9180300 1.1683326 1.8992563 1.1510745 1.8517525 1.6541640 3.5842952 2.2850235 2.7540742 2.0465170 1.8370427 1.8349182 2.0148423 2.0536245 1.7344392 1.2696423 1.2825666 1.7847260 1.9038252 1.5615438 1.8310114 1.2972264 1.7806771 1.2619344 1.2619344 1.2021874 1.2964087 1.2964087 2.0283080 1.8981792 2.0048564 1.6272304 1.9966896 1.6572987 1.8725856 1.9411474 1.4273279 1.9030740 1.8853284 2.0747628 2.1375587 2.0980516 3.8537452 4.4504495 3.5560993 1.9190489 3.2307215 3.2624985 2.0106952 3.1594691 2.8096415 3.4909428 2.3772088 3.5583337 3.1007172 3.1747066 3.3688606 2.5496711 2.7425584 1.8255880 3.8072447 3.3109662 3.2715560 4.5339547 5.3993091 
HoiH04_mRNA15134                                       0.8250405 1.7521471 1.8921087 1.7928813 1.7888823 1.8640446 1.7893820 1.1957425 0.6252469 0.3448895 1.8303530 1.1923615 1.9267062 0.9364279 1.8400016 0.8789735 0.6629222 1.2022207 1.9237237 1.3607246 1.6865609 1.6150334 0.1392438 0.2914704 0.1324274 0.1879873 0.1852221 0.0074549 0.0000000 1.9029474 1.8873635 1.4937772 1.7638441 0.9180300 1.1683295 1.8995579 1.1496216 1.8643163 1.6605802 3.6144305 2.2986277 2.7486370 2.0430878 1.8550617 1.8447907 2.0391242 2.0477612 1.7521863 1.2679167 1.2806364 1.7814555 1.9053714 1.5601082 1.8386974 1.2972264 1.7814418 1.2619344 1.2619344 1.2021874 1.2964087 1.2964087 2.0459271 1.9199638 2.0322861 1.6356875 2.0116366 1.6662213 1.8732436 1.9462934 1.4273279 1.9133644 1.9027094 2.0905039 2.1173246 2.0779800 3.8509669 4.4858252 3.5737356 1.9190489 3.2455216 3.2814128 2.0106952 3.1999913 2.8130178 3.5116013 2.3772088 3.5814409 3.1162503 3.1907897 3.4276213 2.5828952 2.7719757 1.8255880 3.8671661 3.3978356 3.2980526 4.5746194 5.3993091 
Emue_Em0021g824a.t1                                    0.6027926 1.3964016 1.5629790 1.3951682 1.4239781 1.6120330 1.5742543 1.0157504 0.5209440 0.2490526 1.4542288 1.0240339 1.6386474 0.6697524 1.5645171 0.6840619 0.6551491 1.1565885 1.7644568 1.2160897 1.6793310 1.4952059 1.0078305 1.7828491 0.8955052 1.8536185 1.7550323 1.8875912 1.9029474 0.0000000 0.1981827 0.1226850 0.9391937 0.5034413 0.4806382 1.0912641 1.1362862 1.5271409 1.4927590 3.2577046 2.0230866 2.5303241 1.8117910 1.8182164 1.8036476 1.6970276 1.7544033 1.7796289 1.1920598 1.1387721 1.5125613 1.6914008 1.4098094 1.6710138 1.0715505 1.7051528 1.2197256 1.2197256 1.0868221 1.4746854 1.4746854 2.1192793 1.9104360 2.0525095 1.5805646 2.1025321 1.4312199 1.7815029 1.8558298 1.3613877 1.7290488 1.8736580 2.0527493 2.0422968 1.9757215 3.8623863 4.5026933 3.6703900 2.0242981 3.3848449 3.2008029 2.1645211 3.2328313 2.5001353 2.8073191 1.8290989 2.9987244 2.8854419 2.7485972 3.0277454 1.3973813 2.2636896 1.5351300 3.5677283 3.0268103 2.9189633 2.7549156 5.1152713 
Spolac_c101354_g1_i1_m.25361c101354-g1                 0.5913043 1.3854156 1.5328645 1.3976871 1.4236312 1.5609136 1.5207850 1.0191007 0.5249750 0.2484176 1.4327597 1.0023262 1.6067611 0.6462125 1.5049570 0.6791111 0.6281019 1.1565115 1.7728907 1.2436008 1.6073797 1.3930368 0.9787025 1.7044804 0.8491590 1.8536533 1.6986872 1.8792781 1.8873635 0.1981827 0.0000000 0.0000010 0.9162265 0.4983457 0.4560570 1.0604782 1.1312502 1.4975423 1.4716198 3.4450125 2.0828346 2.5644130 1.8566702 1.7444130 1.7264252 1.6472711 1.6742548 1.6739871 1.1753794 1.1281361 1.4753254 1.5746836 1.3185951 1.6793120 1.0211663 1.6479614 1.2254253 1.2254253 1.1438903 1.3875426 1.3875426 2.0181181 1.7765410 1.9457280 1.4790232 1.9992258 1.3968620 1.6473157 1.8118761 1.2910140 1.7161158 1.8814408 1.9804333 2.0979838 2.0476555 3.9266080 4.6825840 3.4193508 1.9613848 3.1019838 2.9199471 2.0550149 3.1136863 2.4234217 2.7644865 1.8091721 2.9030911 2.7485768 2.6635319 2.8764113 1.4085812 2.2150620 1.6082217 3.4957698 3.0201777 2.9837526 2.9524582 5.1980639 
Spolac_c101354_g1_i2_m.25363c101354-g1                 0.5913043 1.1620730 1.2493245 1.1738341 1.1907598 1.2767091 1.2470931 1.0191007 0.5249750 0.2484176 1.2660263 1.0023262 1.2520379 0.6486783 1.3051193 0.6791111 0.6281019 1.1682054 1.4689619 1.1428023 1.2357853 1.1794651 0.9787025 1.3856968 0.8491590 1.5002673 1.4954629 1.4941274 1.4937772 0.1226850 0.0000010 0.0000000 0.7531944 0.4983457 0.4560570 0.8497968 1.1287342 1.2016069 1.1694276 3.0092021 1.6912477 2.5100430 1.8215371 1.4962298 1.5050080 1.4159334 1.4327864 1.3517992 1.1784965 1.1281361 1.3189959 1.3003393 1.2589032 1.3325436 1.0211663 1.3375402 1.2254253 1.2254253 1.1438903 1.3875426 1.3875426 1.7538239 1.5828172 1.7045033 1.4746115 1.7523865 1.2975608 1.3900251 1.5232567 1.1977273 1.3120871 1.6895776 1.5964667 1.6694330 1.6138438 3.8773239 4.0853837 3.3620174 1.8639067 3.1019838 2.4950142 1.9876274 2.7974342 2.1968278 2.4155549 1.8630615 2.6606661 2.3772932 2.3948111 2.4687736 1.1220333 1.8508619 1.6082217 2.7120975 2.5880605 2.7807595 2.6528101 4.7209048 
Halamb_c50795_g1_i1m.29119                             0.6016851 1.5064868 1.6887849 1.5003042 1.5251567 1.5760434 1.6011569 1.2154875 0.5034978 0.2153769 1.4962812 1.1186480 1.6445147 0.7033591 1.5252338 0.6742297 0.6096890 1.3492492 1.6785140 1.4366840 1.5627763 1.4960524 1.0098975 1.6773308 0.7477029 1.7206984 1.6612054 1.7559895 1.7638441 0.9391937 0.9162265 0.7531944 0.0000000 0.5275112 0.5935778 0.5265791 1.1942766 1.6532288 1.3267810 3.4839200 2.0121206 3.4207244 2.2358953 1.8428564 1.8014539 1.6493706 1.7264836 1.8679394 1.3771354 1.3921125 1.7616253 1.7218281 1.5806363 1.7503806 1.0419427 1.6482447 1.3254657 1.3254657 1.3233265 1.3562386 1.3562386 1.9516854 1.9181943 1.8743481 1.7689067 1.8576878 1.4973955 1.7297354 1.8108890 1.3960867 1.7650611 2.0505685 1.9059634 2.0081088 1.9753459 3.8242643 4.1036437 3.2741284 1.8984472 3.1605375 3.1951900 1.9689961 3.1441148 2.4905368 2.9247638 1.7762466 3.1798729 2.9162418 3.0192190 3.0645025 0.7947588 2.3334125 1.9596198 3.4307606 3.8574797 3.0386244 4.2920474 4.2667719 
Stycar_maker-SC_scaffold1717-augustus-gene-0.39-mRNA-1 0.4176341 0.5310360 0.6619062 0.5310360 0.5310360 0.5446635 0.5446635 0.6623088 0.2276578 0.2245209 0.6188744 0.5191853 0.5429399 0.4466769 0.6529225 0.3436276 0.2080580 0.6488251 0.6618516 0.6057128 0.6123691 0.5433582 0.6823404 0.9008602 0.5603755 0.9268655 0.9591501 0.9180300 0.9180300 0.5034413 0.4983457 0.4983457 0.5275112 0.0000000 0.4271316 0.6274892 0.6883450 0.6849402 0.6127479 3.7207527 0.7777384 3.7207527 1.9093529 0.6954865 0.6954865 0.5759532 0.5836009 0.8581423 0.7814636 0.5881026 0.7273357 0.7324041 0.7088465 0.7011735 0.4359927 0.7396330 0.9682657 0.9682657 0.9682657 0.0000010 0.0000010 0.9697193 0.9677714 0.9200138 0.9687140 0.7888888 1.0607327 0.8596872 0.8134292 0.7263645 0.5995053 1.0210402 0.9803509 1.2846390 1.2846390 4.6801277 4.6801277 2.7905345 2.2933936 2.9644207 2.4579904 1.8640823 2.4985480 1.7160933 1.8755051 0.0000010 1.7654627 1.7965008 1.7178232 1.7645264 0.6816527 0.8442272 0.8049561 2.9044543 2.3848979 2.2422185 3.9192483 5.1797982 
Tetwil_g25297.t2                                       0.6052793 0.9440253 0.9800854 0.9347218 0.9145425 0.8954730 0.9490975 1.1138111 0.5145397 0.2825009 1.0139425 1.1140561 1.0687498 0.7027420 1.0436565 0.6006608 0.6254705 1.1698315 1.1812540 1.1078720 1.0492877 1.0169862 0.9795477 1.1655157 0.7255944 1.1801113 1.1844432 1.1683326 1.1683295 0.4806382 0.4560570 0.4560570 0.5935778 0.4271316 0.0000000 0.6446322 1.0966014 0.9435212 0.9644214 2.6929905 1.4636620 2.6929905 1.7567794 1.2258185 1.2323999 1.1465128 1.1237160 1.3016153 1.2370846 1.2467713 1.2646628 1.1834654 1.1494920 1.1041739 0.8573618 1.0838395 1.2208040 1.2208040 1.1405848 1.3970676 1.3970676 1.4749302 1.4130686 1.4185071 1.5205620 1.5168194 1.3557135 1.2275592 1.4624166 1.2731787 0.9258605 1.2897481 1.3482035 1.7908363 1.7131102 3.6419386 3.6687638 2.7483736 1.8688095 2.6275701 2.2289586 1.9434858 2.5501974 1.9850219 2.2190471 1.7657621 2.2354295 2.1345072 2.3654313 2.1688530 0.7585274 1.4614432 1.7561700 2.3974359 2.0608987 2.4465940 1.1495881 4.4349041 
Aque_Aqu2.1.42229_001                                  0.6571220 1.6592162 1.7712128 1.6248967 1.6007087 1.6887533 1.7345609 1.2707848 0.5603044 0.2367847 1.5577962 1.1055184 1.7304881 0.7156872 1.5648191 0.7336447 0.5998236 1.2373996 1.6174523 1.3290559 1.6438602 1.6090634 1.0187076 1.8295027 0.7357260 1.8750343 1.7811036 1.8992563 1.8995579 1.0912641 1.0604782 0.8497968 0.5265791 0.6274892 0.6446322 0.0000000 1.1922671 1.5565847 1.4302313 3.3712643 1.9842140 3.6103176 2.3601662 1.7913155 1.7894378 1.7809489 1.7884882 1.7644672 1.3434452 1.2915055 1.7023741 1.6205318 1.4994078 1.7411820 0.8721687 1.6268702 1.3950290 1.3950290 1.3914647 1.4277565 1.4277565 2.0921190 1.9472096 1.9724236 1.6756133 2.0150290 1.5946847 1.7338455 1.8874049 1.4368246 1.7402259 2.1658517 2.0222108 2.1501524 2.1342304 4.0606553 4.5094052 3.4684645 1.8938702 3.2753231 3.3415379 1.9920779 3.4213992 2.7208358 2.9908418 2.0023430 3.4030636 2.7478963 2.8937530 3.1740246 0.9841962 2.5143500 1.8176316 3.8974521 4.3218997 3.1378588 3.8303722 4.3806691 
Ctel_gnl_WGS_AMQN_CAPTEDRAFT_mRNA177177                0.6434719 0.8984853 0.9474094 0.9157496 0.9136938 0.9071762 0.9318157 1.0137853 0.5115830 0.3251257 0.9442108 1.0308060 1.0319385 0.6940390 0.9750305 0.7450101 0.4246925 0.7146706 0.7710629 0.8043083 0.6978436 0.8904359 1.0120251 1.1556100 0.7444466 1.1532532 1.1597655 1.1510745 1.1496216 1.1362862 1.1312502 1.1287342 1.1942766 0.6883450 1.0966014 1.1922671 0.0000000 0.6610485 0.9586737 2.0105768 1.4560362 2.2679399 1.6820772 0.6845423 0.6803778 1.0711363 1.0415326 1.4499380 1.2980009 1.3158972 1.3835637 1.2587024 1.2811413 0.6326596 1.0572989 0.6718280 1.2608746 1.2608746 1.2590325 1.2091220 1.2091220 1.4796521 1.4707427 1.4279355 1.4603345 1.4208113 1.3572024 1.2334064 1.4048736 1.2176396 0.6362481 1.3533910 1.3152336 1.8956347 1.8279436 3.0269617 3.1842988 2.8199658 1.9558153 2.7975824 2.4346397 1.8778343 2.6000623 2.0515163 2.2875258 2.0555751 2.5247210 2.0717907 1.9814860 2.1597121 1.4794173 1.0718636 1.7271804 1.6253090 1.4004753 2.4785925 2.3522167 4.1359502 
Bralan_BLAG14000718_1                                  0.6895348 1.2751915 1.2878031 1.2256444 1.2354675 1.2296797 1.2295514 0.8835270 0.5066771 0.2940504 1.1842533 0.8172397 1.5260637 0.4865367 1.1826512 0.6432454 0.4512159 0.6688478 1.3181746 0.8378717 1.1264865 1.2519156 0.9449290 1.7869254 0.8441034 1.7771772 1.5816486 1.8517525 1.8643163 1.5271409 1.4975423 1.2016069 1.6532288 0.6849402 0.9435212 1.5565847 0.6610485 0.0000000 1.1784409 2.0813614 1.6008866 1.8416916 1.3375304 0.9364774 0.9121738 1.4206152 1.4489220 1.6960124 1.1889255 1.1791690 1.5584622 1.5986449 1.3044037 0.9735505 0.7767058 1.2300904 1.2598146 1.2598146 1.1115431 1.4600698 1.4600698 1.7873413 1.5693636 1.5704524 1.3520872 1.6967783 1.3039789 1.4258984 1.5479935 1.1957584 0.7679416 1.7326937 1.5646649 2.1969678 2.1462115 3.3657991 3.9638485 2.9388556 1.9549965 2.7887482 3.0865477 1.8820467 2.8741513 2.4829406 2.7917766 2.0380222 2.9172713 2.4001341 2.2970378 2.5267953 2.0840046 1.6081500 1.5578652 2.4947062 1.9616037 2.8908381 3.5545369 4.9867906 
