100
Pbac_sb2651710                                          0.0000000 1.3681036 0.5419103 0.0000010 1.0775393 1.0775393 1.0775393 0.9471977 1.1004999 1.1004999 1.1004999 0.8568034 1.4961570 1.3546016 1.4279851 1.3889126 1.3695856 2.0661867 2.1193644 1.8929454 1.8929454 2.1252830 2.3128154 2.1275804 1.7128337 1.6966665 1.6963806 1.5886315 1.5601255 2.0861442 0.0000010 2.2001570 2.4726655 2.1194283 4.6038191 2.9930512 2.2450431 1.8734400 2.4719465 0.0000010 2.6944882 2.4305019 2.2523746 2.8535571 2.1836023 2.8013710 2.5072289 2.5266632 2.4215712 2.0479757 5.1388199 2.1240164 2.7339908 8.9999982 2.7502151 2.6441488 2.9381719 2.6234894 2.1167491 8.9999988 9.0000000 2.6995288 2.6995288 2.1551578 3.7035909 0.2737669 3.1326068 0.8941664 0.8941664 3.3214865 2.7623942 2.3225505 2.7142835 4.9377842 2.4562169 0.9175370 3.1213953 8.9999981 2.9677461 2.5543727 2.5387442 2.6211111 2.1734013 2.6620534 5.1739506 3.7620975 3.7645978 3.9249872 3.9249872 4.1953298 3.5002865 3.5002865 3.2439792 2.4439594 2.9081891 2.7255395 3.8022685 4.3102404 3.5745858 2.9377854 
Pbac_sb2651711                                          1.3681036 0.0000000 0.0606853 0.0000010 2.9998676 2.9998676 2.9998676 3.3396160 2.7963034 2.7963034 2.7963034 3.4408379 3.5760760 4.6656457 0.0000010 3.4037807 2.4545491 4.3652965 3.4512928 3.9524753 3.9524753 2.8661419 4.3923981 5.0396325 4.8056819 3.2060940 4.3987097 4.6081280 2.9503755 2.9050927 0.0000010 4.0373416 4.8226922 4.8421890 8.9999988 0.0000010 5.0454793 2.0121093 3.8072841 0.0000010 3.4325319 3.3900893 0.0000010 3.7414916 2.9630035 5.4806906 4.3923601 3.6357114 3.6677325 0.0000010 9.0000000 9.0000000 3.9440152 9.0000000 7.1808194 4.6574293 6.4411055 5.6322022 4.8016297 6.1864366 9.0000000 7.4839110 7.4839110 8.9999982 8.9789818 0.0000010 8.6174928 0.0000010 0.0000010 4.8212327 4.5302960 4.3049335 4.9060806 1.9002431 4.9155671 0.6106588 6.0355545 8.9999990 5.4866832 3.7464422 3.7305372 5.5375929 8.9915976 4.1170554 4.2948994 8.9999983 8.9999981 8.9999990 8.9999990 8.9999984 8.9999986 8.9999986 6.5431481 5.2375559 8.2516935 5.9612283 3.5505034 5.3764474 5.2114752 4.7149590 
Pbac_sb2662446                                          0.5419103 0.0606853 0.0000000 0.0209356 1.1695179 1.1695179 1.1420552 0.8215565 0.8747752 0.8158152 0.8158152 0.8761894 0.9929168 1.2818464 0.9380435 1.3174249 1.1960631 1.7543769 1.5006676 1.5413102 1.5413102 2.0231176 2.4064338 1.9603620 1.5826405 1.3383158 1.7508306 1.4424462 1.3958556 1.6130903 2.2991330 2.4460765 2.7546605 2.3686426 2.6860942 2.1493454 2.5681619 2.0540714 2.1213494 2.4753053 2.1961194 2.2021903 1.6830600 2.1683328 1.8399919 1.7002144 1.6198722 1.7066573 1.8068860 1.4283888 1.7521822 1.6209918 1.9501395 2.2926079 2.0733636 2.0592120 1.9821500 2.2316063 1.9470145 2.5548568 3.5360402 1.9545972 2.4917165 2.2579349 8.9999984 1.6844237 2.3806512 1.7632996 1.7632996 2.0147936 2.0185758 2.0671401 2.1875181 2.2594361 2.3780869 1.6838750 2.1257499 2.1018739 2.3705578 2.4724575 2.3792154 3.0959183 2.6695783 2.0006206 2.1460645 2.9040188 3.0693078 2.8600104 2.9731390 3.5067608 2.7230274 2.7202075 2.3928020 2.1742279 2.6267960 1.9906806 2.5802585 3.1152577 4.0647588 2.6224683 
Pbac_sb2660269                                          0.0000010 0.0000010 0.0209356 0.0000000 0.5073388 0.5073388 0.4874514 0.5086117 0.5312208 0.4564520 0.4564520 0.5257561 0.6526165 0.8592610 0.8592610 0.9648251 0.5813599 1.4406845 1.3867190 1.3303455 1.3303455 1.8898803 2.1334685 1.5819851 1.3009733 1.2020763 1.5816687 1.2243775 1.1367238 1.4636262 2.4912731 2.3219118 2.5387241 2.1133225 2.2160290 2.1901891 2.2586144 2.1954899 1.6773516 2.6171236 1.6568971 2.0188180 1.5693145 1.8679440 1.3966507 1.2760305 1.2400890 1.4378914 1.5473449 1.4928547 1.6691136 1.6208405 1.5265439 1.6981538 1.5405134 1.6053725 1.4150641 1.8415949 1.5878961 2.2266854 3.2291362 1.3657514 1.8919860 1.6542525 0.0000010 2.3409465 1.6894227 1.9853710 1.9853710 1.4438460 1.5192763 1.6912401 1.7692741 2.0082127 2.0113478 1.8074332 1.7331179 1.8498685 1.7978194 2.1065758 2.0690350 2.1711557 1.9336729 1.6520259 1.6105501 2.0772788 1.9110088 1.9141779 2.0769175 2.1303361 2.0073379 2.0052672 1.9204786 1.8479424 2.0398249 1.5881307 2.2161719 2.7768262 3.3199171 1.6137723 
Bolinf_Binf_sb1241604                                   1.0775393 2.9998676 1.1695179 0.5073388 0.0000000 0.0000010 0.0000010 0.2042894 0.5329744 0.5253029 0.5253029 0.5128245 0.8622997 1.5699797 1.0318292 1.1211552 1.1160150 1.7341595 1.6657888 1.6353369 1.6353369 2.2642886 2.4269452 2.0054070 1.7672974 1.8415231 1.9847143 1.7800245 1.1752039 1.9343461 4.1524202 2.3857482 2.5721623 2.3968446 2.9649743 1.7573165 2.6959057 2.2556152 1.8225351 2.0668664 1.9577125 1.7980359 1.4281735 2.0732473 1.5855426 2.0029092 1.9459960 2.0082030 2.1986569 1.7938833 2.5356221 2.3056817 1.9887814 8.8144253 1.9376197 2.2857892 2.4404025 1.9374337 2.0010349 2.8628061 9.0000000 2.0146505 2.6593520 2.5544086 5.9704736 2.5479920 2.4963190 4.9093765 4.9093765 2.4253552 2.4416998 2.2370210 2.4338688 4.3090353 2.4415914 2.4388786 2.2859003 2.2688320 2.6437276 2.3381430 2.2937606 2.3840516 2.5958553 1.9867002 2.8357564 2.6073483 2.5946343 2.5091613 2.6792661 2.5018272 2.3291337 2.3291337 2.4382740 2.4290500 2.4362711 3.1775297 2.7361595 2.7879470 3.0284458 2.7037866 
Bolinf_Binf_sb1241605                                   1.0775393 2.9998676 1.1695179 0.5073388 0.0000010 0.0000000 0.0000010 0.2042894 0.5329744 0.5253029 0.5253029 0.5128245 0.8622997 1.5699797 1.0318292 1.1211552 1.1160150 1.7341595 1.6657888 1.6353369 1.6353369 2.2642886 2.4269452 2.0054070 1.7672974 1.8415231 1.9847143 1.7800245 1.1752039 1.9343461 4.1524202 2.3857482 2.5721623 2.3968446 2.9649743 1.7573165 2.6959057 2.2556152 1.8225351 2.0668664 1.9577125 1.7980359 1.4281735 2.0732473 1.5855426 2.0029092 1.9459960 2.0082030 2.1986569 1.7938833 2.5356221 2.3056817 1.9887814 8.8144253 1.9376197 2.2857892 2.4404025 1.9374337 2.0010349 2.8628061 9.0000000 2.0146505 2.6593520 2.5544086 5.9704736 2.5479920 2.4963190 4.9093765 4.9093765 2.4253552 2.4416998 2.2370210 2.4338688 4.3090353 2.4415914 2.4388786 2.2859003 2.2688320 2.6437276 2.3381430 2.2937606 2.3840516 2.5958553 1.9867002 2.8357564 2.6073483 2.5946343 2.5091613 2.6792661 2.5018272 2.3291337 2.3291337 2.4382740 2.4290500 2.4362711 3.1775297 2.7361595 2.7879470 3.0284458 2.7037866 
Mertsp_Mesp_sb531713                                    1.0775393 2.9998676 1.1420552 0.4874514 0.0000010 0.0000010 0.0000000 0.2015362 0.5236203 0.5160069 0.5160069 0.5040702 0.8432590 1.5730406 1.0457959 1.1211552 1.1160150 1.7349351 1.6756102 1.6297494 1.6297494 2.2720288 2.3901514 1.9434453 1.7675700 1.8535755 1.9812319 1.7800967 1.1826599 1.8731132 3.0096943 2.3665997 2.5480178 2.3776978 2.9236062 1.7472562 2.6681441 2.3551226 1.8169796 1.9947319 2.0207747 1.7928095 1.4303226 2.0617735 1.5841639 1.9930549 1.9373321 1.9982710 2.1842449 1.7820592 2.4967026 2.2822173 1.9791814 6.0854427 1.9293309 2.2689875 2.4200202 1.9293581 1.9914036 2.9624368 9.0000000 2.0461579 2.6983996 2.6165968 5.9704736 2.5479920 2.5293809 4.9093765 4.9093765 2.4053683 2.4208229 2.2220608 2.4319317 3.9712589 2.4168973 2.2450022 2.2688294 2.2334471 2.6175497 2.3372617 2.2937148 2.3840516 2.5893319 1.9776970 2.8044036 2.6563330 2.6446743 2.5592273 2.7289370 2.5520125 2.3778686 2.3778686 2.4604380 2.4260774 2.4152964 3.1294042 2.7652147 2.8289742 3.0809074 2.7210344 
Mlei_ML0732.g79.i1                                      0.9471977 3.3396160 0.8215565 0.5086117 0.2042894 0.2042894 0.2015362 0.0000000 0.4188573 0.4188573 0.4188573 0.5142723 0.7111418 1.0976726 0.7977132 1.0299324 1.0163645 1.6445716 1.6742878 1.5773034 1.5773034 1.8524725 2.0515554 1.6620810 1.5396582 1.4573110 1.6876557 1.4197433 1.3132090 1.7930364 1.7337974 2.1906917 2.3158191 2.1799333 2.5028780 1.8945966 2.3254883 2.1789855 1.6995452 2.2106999 2.2003024 1.9878040 1.6160334 1.9545430 1.5089127 1.6431228 1.7098357 1.6580819 1.7213501 1.4346161 1.7192679 1.6530191 1.6757227 1.9436666 1.7746275 1.8884526 2.0493115 1.8312427 1.8184848 2.8575795 3.8468097 1.7864610 2.4135099 2.0999435 5.7060840 2.1772532 2.0196881 1.6297802 1.6297802 1.8996288 1.8737555 1.8837073 2.0491835 2.1426381 1.9240404 1.6682051 1.8617792 1.7679271 2.1619637 2.1202304 2.0641340 2.5470669 2.3857502 1.7934894 2.0848488 2.3160965 2.5902855 2.1994362 2.1994362 2.6311756 2.0825812 2.0810369 2.1498950 1.7252001 2.0760437 2.1258164 2.4128218 2.9767603 2.8311313 2.4906227 
Bolinf_Binf_sb1213821                                   1.1004999 2.7963034 0.8747752 0.5312208 0.5329744 0.5329744 0.5236203 0.4188573 0.0000000 0.0044122 0.0044122 0.5811036 0.8549420 1.1107713 0.8929894 1.1259769 1.0827486 2.0947604 1.8463377 1.9902756 1.9902756 2.1098034 2.3778925 2.0923685 1.8069868 1.7960264 2.0878181 1.5688711 1.3532296 2.0786990 1.9887350 2.5176936 2.8906395 2.4225668 2.5402883 2.2373441 2.5551044 2.4755613 1.9467053 2.7304117 2.3158786 2.2238633 1.7408783 2.0747548 1.7499496 1.7850093 1.8241547 1.6491739 1.7741547 1.4252293 1.7621805 1.7158999 1.8385858 2.1256680 1.9607185 1.8993948 2.0951714 2.2448963 2.1203989 3.0506809 3.8683194 1.9475516 2.4381616 2.2388469 6.5591870 2.4825792 2.2262632 1.9839441 1.9839441 2.2048625 1.9432522 1.9670858 2.1571245 2.2687760 2.3659367 2.0151358 2.1961971 2.1791573 2.2484685 2.3447607 2.3644450 2.4443988 2.4212767 2.3033626 1.9449199 2.5645320 2.7461072 2.3956109 2.4823049 2.8352937 2.3401575 2.3381170 2.3453183 2.0935322 2.5070178 2.2639129 2.6489442 3.4320524 3.2529530 2.5156294 
Mertsp_Mesp_sb550848                                    1.1004999 2.7963034 0.8158152 0.4564520 0.5253029 0.5253029 0.5160069 0.4188573 0.0044122 0.0000000 0.0000010 0.5766396 0.8572259 1.1107713 0.8929894 1.0561156 1.0827486 2.0497796 1.7914798 1.9438902 1.9438902 2.0163812 2.2457169 1.9714540 1.7137241 1.7194303 1.9359234 1.5610844 1.3532296 1.9967443 2.0270933 2.5387608 2.7742851 2.4225668 2.5402883 2.2349203 2.5533463 2.4755613 1.9481248 2.4945790 2.3158786 2.1180646 1.7408783 2.0718715 1.7522950 1.7835864 1.7703002 1.5980721 1.7278956 1.4252293 1.7019557 1.6407416 1.7727689 2.0450384 1.9215410 1.8608691 2.0556518 2.1893183 2.1230950 3.0506809 3.8683194 1.9500807 2.4414346 2.2388469 6.5591870 2.4945309 2.2262632 1.8765446 1.8765446 2.1608179 1.9432522 1.9690973 2.1461064 2.2687760 2.3139396 1.7906234 2.0660530 1.9902350 2.2484685 2.2347354 2.2544476 2.4443988 2.4139255 2.2482153 1.8486717 2.5270327 2.7461072 2.3956109 2.4708486 2.8352937 2.3401575 2.3381170 2.2565798 2.1049683 2.5051977 2.2835897 2.6489442 3.3133462 3.1697530 2.5156294 
Mertsp_Mesp_sb550849                                    1.1004999 2.7963034 0.8158152 0.4564520 0.5253029 0.5253029 0.5160069 0.4188573 0.0044122 0.0000010 0.0000000 0.5766396 0.8572259 1.1107713 0.8929894 1.0561156 1.0827486 2.0497796 1.7914798 1.9438902 1.9438902 2.0163812 2.2457169 1.9714540 1.7137241 1.7194303 1.9359234 1.5610844 1.3532296 1.9967443 2.0270933 2.5387608 2.7742851 2.4225668 2.5402883 2.2349203 2.5533463 2.4755613 1.9481248 2.4945790 2.3158786 2.1180646 1.7408783 2.0718715 1.7522950 1.7835864 1.7703002 1.5980721 1.7278956 1.4252293 1.7019557 1.6407416 1.7727689 2.0450384 1.9215410 1.8608691 2.0556518 2.1893183 2.1230950 3.0506809 3.8683194 1.9500807 2.4414346 2.2388469 6.5591870 2.4945309 2.2262632 1.8765446 1.8765446 2.1608179 1.9432522 1.9690973 2.1461064 2.2687760 2.3139396 1.7906234 2.0660530 1.9902350 2.2484685 2.2347354 2.2544476 2.4443988 2.4139255 2.2482153 1.8486717 2.5270327 2.7461072 2.3956109 2.4708486 2.8352937 2.3401575 2.3381170 2.2565798 2.1049683 2.5051977 2.2835897 2.6489442 3.3133462 3.1697530 2.5156294 
Beraby_Baby_sb329236                                    0.8568034 3.4408379 0.8761894 0.5257561 0.5128245 0.5128245 0.5040702 0.5142723 0.5811036 0.5766396 0.5766396 0.0000000 0.9122018 0.9977262 0.8632502 0.9730658 1.1601093 1.8431030 1.7140183 1.7793945 1.7793945 1.8155462 2.0813330 1.9439893 1.4737791 1.7625565 1.9942356 1.4920078 1.3543766 1.8245271 1.6913197 1.9517827 2.0631006 2.1463097 2.3764636 1.9525645 2.2243127 2.5527661 1.7962270 2.1403832 2.2634758 1.9884027 1.6774899 1.9059413 1.6506502 1.7653626 1.8046601 1.6895320 1.7638690 1.6720406 1.9579725 1.7690813 2.0027346 1.9838987 1.8913918 1.9488505 2.0852909 2.0398520 1.9344403 3.1836207 4.1422372 1.9358382 2.4458807 2.2029478 4.1110542 2.0275122 2.2153904 1.9070762 1.9070762 1.9178371 1.9619216 2.1521428 1.9723516 2.1609071 2.0899180 1.6035536 1.9531327 1.8225389 2.1548323 2.3333392 2.3378868 2.7889560 2.3975410 1.9219101 2.0070328 2.1748174 2.4251068 2.0694606 2.1605576 2.5486554 2.1050323 2.1034279 2.2736406 1.9328311 2.1426565 2.2530547 2.7382086 3.5935341 2.4615896 2.8734013 
Lampan_Lpan_C404327_01                                  1.4961570 3.5760760 0.9929168 0.6526165 0.8622997 0.8622997 0.8432590 0.7111418 0.8549420 0.8572259 0.8572259 0.9122018 0.0000000 1.0110707 0.9357875 1.1898358 1.3160803 1.7934209 1.7900595 1.5480898 1.5480898 1.7094288 2.0110655 1.6989075 1.4577491 1.4679165 1.5421197 1.3976866 1.2635283 1.8017231 2.3111708 2.2532668 2.5685490 2.3283045 2.8772224 2.2981072 2.5631935 2.3667814 1.7379873 2.2460274 2.2252433 2.0756652 1.6329976 2.1862020 1.7750289 1.8677243 1.7464113 1.8815663 1.9348360 1.5916028 2.1343208 1.9534263 1.9386569 2.6191071 1.8199295 1.8922780 1.9670689 1.8865864 1.9896188 2.7403013 3.5249884 1.9415824 2.3680932 2.0312785 3.9509189 2.0857154 2.3323729 2.2239243 2.2239243 2.1038432 2.0902680 2.0687126 2.3762930 2.5606811 2.1311664 1.7963165 1.9215309 1.8683651 2.0857516 2.1678485 2.1318130 2.2201482 2.5119098 2.1827127 2.0476263 2.3597844 2.4832737 2.2907556 2.3317712 2.7160877 2.2495200 2.2476802 2.4929754 1.7321325 2.3591228 2.2680477 2.4457033 3.0083712 2.4803497 2.4327306 
Eupdun_Edun_sb10629455                                  1.3546016 4.6656457 1.2818464 0.8592610 1.5699797 1.5699797 1.5730406 1.0976726 1.1107713 1.1107713 1.1107713 0.9977262 1.0110707 0.0000000 0.0334247 1.1486340 1.2831028 2.0284966 1.8351008 1.8102300 1.8102300 1.9633301 2.2035767 1.8417360 1.5526442 1.5976454 1.6072485 1.4585621 1.4771005 1.7023442 2.0049160 2.0131858 2.2638953 2.4100280 2.5584412 2.1969282 2.5430600 2.5061594 1.9378468 2.5390792 2.4098587 2.1362873 1.9012297 2.0139037 1.9404171 1.9925165 2.0143943 1.9062973 1.8839300 1.8809585 2.1551514 1.9180827 2.0597105 2.1464073 2.0530663 2.2272766 2.0106751 2.0697017 2.0080426 3.0850584 3.4659565 2.3025958 2.5761087 2.3436954 4.7602615 2.0757295 2.5731204 1.5214487 1.5214487 1.9372362 1.9220552 2.0600568 2.2984766 1.8747904 1.9302878 1.6728078 1.8649604 1.7781796 2.1801255 2.3595090 2.3796554 2.9067130 2.2384065 2.1375114 2.4572707 2.6435188 2.9784699 2.4894463 2.4894463 3.2002162 2.5172765 2.5148052 2.4821630 1.8552439 2.1692374 2.4194802 2.7772889 3.9005674 2.5933276 2.7342967 
Eupdun_Edun_sb10629456                                  1.4279851 0.0000010 0.9380435 0.8592610 1.0318292 1.0318292 1.0457959 0.7977132 0.8929894 0.8929894 0.8929894 0.8632502 0.9357875 0.0334247 0.0000000 0.8388175 0.9027177 1.7405949 1.6676193 1.4594367 1.4594367 1.6141097 1.8388560 1.4190522 1.2306329 1.1843298 1.3963245 1.1488893 1.2297179 1.4639993 2.0049160 1.7854010 2.0049140 2.1729355 2.2153627 2.2072489 2.2495317 2.5374899 1.6624033 2.5390792 2.5494417 2.1299806 1.9033399 1.8518872 1.7690615 1.5871899 1.6760297 1.5858180 1.6317140 1.8809585 1.9847726 1.7662406 1.5709955 1.8259522 1.7314372 1.8815862 1.6784224 1.7940222 1.6769913 2.5794232 3.3260552 1.8787167 2.1217355 1.8083106 0.0000010 2.0757295 2.1694300 1.5214487 1.5214487 1.5992268 1.4977552 1.7002712 1.8192757 1.6920811 1.7244148 1.6037877 1.5753111 1.4295335 1.7862189 2.0100524 2.0094132 2.5615475 1.8728159 1.7230909 1.7911135 2.1923779 2.4300623 2.0874186 2.0874186 2.5227848 2.1596402 2.1574074 2.0503699 1.4736096 1.8871817 1.9788043 2.3622964 3.1079055 2.3307926 1.9344776 
Coemet_Cmet_scaffold8184_01                             1.3889126 3.4037807 1.3174249 0.9648251 1.1211552 1.1211552 1.1211552 1.0299324 1.1259769 1.0561156 1.0561156 0.9730658 1.1898358 1.1486340 0.8388175 0.0000000 0.5052525 2.0913159 2.1921863 1.9022308 1.9022308 2.0895016 2.1419182 1.8676617 1.6504680 1.9373526 2.0194601 1.8369490 1.6652087 2.2878236 2.2404167 2.2246183 2.4553675 2.4133720 2.7897308 1.8627633 2.4474161 1.9864951 2.1570456 3.7219137 2.3711065 2.5489272 1.3969958 1.8785203 1.9912336 1.9075652 1.9142813 2.0608253 2.1558570 1.4478994 2.1074853 2.2176389 2.2050970 2.2973542 2.0155257 2.2696934 2.1327670 2.0949846 1.7881536 3.9936466 7.7337002 1.9311403 2.6427385 2.3866839 4.5629876 1.4680701 2.3223043 1.8668820 1.8668820 1.8794523 1.9460461 2.0735590 2.0294198 2.3938511 2.1816440 2.2516293 2.1415110 2.3081098 2.3175973 2.1662850 2.1127178 2.6597105 2.1432948 2.0862852 2.1745983 2.3962492 2.7029962 2.2636640 2.3505793 2.7541250 2.1276460 2.1257007 2.6761851 2.2101954 2.2508950 2.5343053 2.8000173 3.2001002 2.7916987 2.5819554 
Coemet_Cmet_scaffold8185_01                             1.3695856 2.4545491 1.1960631 0.5813599 1.1160150 1.1160150 1.1160150 1.0163645 1.0827486 1.0827486 1.0827486 1.1601093 1.3160803 1.2831028 0.9027177 0.5052525 0.0000000 1.8381943 1.9947682 1.6795948 1.6795948 2.2341492 2.1594834 1.9566551 1.8215768 1.7229812 1.8806152 1.6536806 1.4079045 2.2260809 9.0000000 2.3032899 2.5036599 2.3667930 3.3012169 1.5086121 2.5749880 2.1491431 2.2385438 9.0000000 2.0634615 1.9646067 1.5658274 1.9281294 2.3007003 1.9790999 1.9464898 2.2929875 2.3131823 2.0627498 2.6747271 2.7113717 2.0478657 9.0000000 2.0699862 2.2039370 2.0056887 2.3884854 2.1948401 3.0408954 9.0000000 2.1110147 2.7915508 2.2258359 4.1153389 2.2928233 2.4359128 4.3053205 4.3053205 2.4841582 2.4742529 2.1388924 2.2495914 4.9524767 2.1703652 1.9103258 2.1075209 3.2200700 2.9170994 2.0226139 2.0823006 2.5381599 2.1887129 2.0884719 2.9938691 2.5130351 2.3411355 2.2475918 2.2475918 2.5530100 2.1857033 2.1857033 2.7362452 2.6083151 2.4470192 3.0561317 2.7223366 3.1177530 2.7366630 2.7199464 
Cgig_XM_011424792.3                                     2.0661867 4.3652965 1.7543769 1.4406845 1.7341595 1.7341595 1.7349351 1.6445716 2.0947604 2.0497796 2.0497796 1.8431030 1.7934209 2.0284966 1.7405949 2.0913159 1.8381943 0.0000000 0.6689576 0.7895045 0.7895045 1.3119338 1.6248940 1.2643924 1.0592187 0.8593097 1.2095031 1.1717772 1.2425031 1.3771666 2.5017398 2.1717972 2.3028124 2.0978938 2.4488569 1.9216020 2.2218242 1.8879150 2.1186411 2.1019956 2.3238435 2.0492740 1.6792658 2.0620704 2.0356790 1.9552673 1.8837827 1.9748160 2.0631711 1.7419996 2.3175797 1.8371822 1.7774196 2.6530895 1.9198885 2.0576604 1.8433701 2.5169564 2.3799740 2.2096240 3.6645194 2.0305112 2.3918685 1.8631084 8.9999986 3.4537582 2.1751125 2.5690129 2.5690129 2.0102426 2.0681822 2.0440571 2.3775761 2.8392074 2.1155374 2.1778323 2.1117758 2.1523082 1.9290110 2.4190917 2.2773238 2.7597787 2.5578613 1.7777504 2.4475262 2.5441291 2.3431465 2.3609136 2.4318654 2.3117146 2.2941406 2.3093739 2.5883710 2.5458870 2.1349792 2.1302681 2.9783198 3.0391902 3.1104421 2.1478108 
Cgig_XM_011432952.3                                     2.1193644 3.4512928 1.5006676 1.3867190 1.6657888 1.6657888 1.6756102 1.6742878 1.8463377 1.7914798 1.7914798 1.7140183 1.7900595 1.8351008 1.6676193 2.1921863 1.9947682 0.6689576 0.0000000 1.0657702 1.0657702 1.5806572 1.5597712 1.2063243 1.1691983 1.0425680 1.3048890 1.2934254 1.0011528 1.3423815 2.2882136 1.9062541 2.1316551 2.0949296 2.5156446 2.1816556 2.2625009 1.4515386 1.7551306 1.9097870 1.6669201 1.5842478 1.5488686 1.9923014 1.9420652 1.9594438 1.9182746 1.9268518 1.9745923 1.6938553 2.1931035 1.8671116 1.8806278 2.9848447 1.8623141 2.0211914 1.8625894 2.3280555 2.3818832 2.0787888 2.9752610 1.8181426 2.2370373 1.9682542 6.5335327 3.7996005 2.2721964 2.3378887 2.3378887 1.9683097 2.1392012 2.0079166 2.1872276 2.3317188 2.0239880 2.3380699 2.0262550 2.1595740 1.8762038 2.1575217 2.0987928 2.1683669 2.2097810 1.6539544 2.3447040 2.3501703 2.1482861 2.1309721 2.2142600 2.2012221 2.1630558 2.1771533 2.3449130 2.1864249 2.5093755 2.1723652 2.7646760 2.7605780 3.1600485 1.8992034 
Acagra_model.g1466.t1                                   1.8929454 3.9524753 1.5413102 1.3303455 1.6353369 1.6353369 1.6297494 1.5773034 1.9902756 1.9438902 1.9438902 1.7793945 1.5480898 1.8102300 1.4594367 1.9022308 1.6795948 0.7895045 1.0657702 0.0000000 0.0000010 1.2617157 1.4678578 1.1411867 0.9581169 0.8126881 1.1222919 1.0891026 1.2115839 1.2396101 2.4451731 2.0324781 2.2395137 1.9028013 2.2331910 1.7395414 1.9261247 1.6688421 1.6870740 2.0261342 1.9664424 1.8059673 1.4714855 1.8823044 1.7215295 1.5671477 1.5763320 1.6833983 1.6546302 1.4252186 1.8801324 1.7668406 1.5451852 2.4720214 1.7164661 1.9710751 1.7261158 2.3045080 2.2453757 1.6945371 2.8599888 1.8263756 2.2834554 1.7448747 6.6923915 2.9298905 1.9889921 2.5093284 2.5093284 1.9308269 1.8991350 1.9063169 2.2357871 2.5963278 1.9132048 1.9857655 2.0029143 2.2082164 1.9271151 2.0775867 1.9917268 2.0758854 2.1562172 1.8267639 2.1990817 2.3821447 2.3278319 2.1661959 2.2919401 2.1946000 2.0544283 2.0673683 2.3616962 2.3314277 2.3478371 1.9832966 2.3012936 2.6273509 2.9248301 1.9068865 
Acagra_model.g1466.t1.1.5d3b82fb                        1.8929454 3.9524753 1.5413102 1.3303455 1.6353369 1.6353369 1.6297494 1.5773034 1.9902756 1.9438902 1.9438902 1.7793945 1.5480898 1.8102300 1.4594367 1.9022308 1.6795948 0.7895045 1.0657702 0.0000010 0.0000000 1.2617157 1.4678578 1.1411867 0.9581169 0.8126881 1.1222919 1.0891026 1.2115839 1.2396101 2.4451731 2.0324781 2.2395137 1.9028013 2.2331910 1.7395414 1.9261247 1.6688421 1.6870740 2.0261342 1.9664424 1.8059673 1.4714855 1.8823044 1.7215295 1.5671477 1.5763320 1.6833983 1.6546302 1.4252186 1.8801324 1.7668406 1.5451852 2.4720214 1.7164661 1.9710751 1.7261158 2.3045080 2.2453757 1.6945371 2.8599888 1.8263756 2.2834554 1.7448747 6.6923915 2.9298905 1.9889921 2.5093284 2.5093284 1.9308269 1.8991350 1.9063169 2.2357871 2.5963278 1.9132048 1.9857655 2.0029143 2.2082164 1.9271151 2.0775867 1.9917268 2.0758854 2.1562172 1.8267639 2.1990817 2.3821447 2.3278319 2.1661959 2.2919401 2.1946000 2.0544283 2.0673683 2.3616962 2.3314277 2.3478371 1.9832966 2.3012936 2.6273509 2.9248301 1.9068865 
Bralan_BLAG17000529_2                                   2.1252830 2.8661419 2.0231176 1.8898803 2.2642886 2.2642886 2.2720288 1.8524725 2.1098034 2.0163812 2.0163812 1.8155462 1.7094288 1.9633301 1.6141097 2.0895016 2.2341492 1.3119338 1.5806572 1.2617157 1.2617157 0.0000000 1.0457561 0.9619176 0.7713477 0.9586324 1.2593062 1.1205786 1.4440046 1.6805139 3.0933029 2.7232274 2.8994337 2.5444282 3.1987715 2.5968016 2.6701395 2.7795085 2.1629490 2.7719472 2.6048783 2.5568543 2.2198126 2.4905610 2.2297541 2.2791720 2.1007275 2.3870714 2.3464478 1.9356394 2.5701496 2.1194289 2.4270658 2.7963850 2.3212730 2.3862929 2.2546015 2.4101839 2.7019296 2.5143832 3.6240762 2.3688078 2.6867107 2.3148788 7.3705963 3.0312320 2.3577115 2.2362465 2.2362465 2.3708443 2.4238645 2.3560646 2.7736370 2.7930032 2.2997486 1.7209487 2.3513151 2.1174491 2.3652414 2.3487288 2.3077914 2.6657629 2.4703538 2.4306091 2.4663840 2.5807864 2.9387352 2.5789756 2.7318181 3.1305232 2.4434843 2.4602016 2.9184587 3.1456083 2.7508421 2.9244331 2.6098808 2.8597625 3.0432367 2.6987408 
Bralan_BLAG17000531_1                                   2.3128154 4.3923981 2.4064338 2.1334685 2.4269452 2.4269452 2.3901514 2.0515554 2.3778925 2.2457169 2.2457169 2.0813330 2.0110655 2.2035767 1.8388560 2.1419182 2.1594834 1.6248940 1.5597712 1.4678578 1.4678578 1.0457561 0.0000000 0.4893299 0.7143604 1.1052005 1.1572325 1.5194734 1.4088844 1.5457051 3.3586142 2.5785248 2.6463014 2.8740452 3.4309949 2.6796829 2.9381181 2.3320992 2.2244095 2.6194016 2.2362045 2.3120818 2.1313043 2.5070671 2.3952309 2.1169539 2.0415417 2.3493727 2.3686849 2.0764068 2.4139279 2.2978217 2.5049143 2.7795966 2.4927278 2.3584634 2.2191904 2.6093992 2.6825404 2.5679376 3.8488064 2.3151365 2.6536382 2.5156688 8.6160728 2.6965484 2.4528156 2.1093347 2.1093347 2.0403930 2.2415772 2.0296081 2.3216326 2.6354006 2.5732461 2.0723818 2.3467724 2.4864622 2.5673243 2.3885908 2.3882381 2.8558597 2.3804521 2.3878750 2.6964704 2.5143459 2.3760986 2.2889586 2.4737060 2.4315167 2.3190818 2.3346793 2.5144143 2.8977827 3.2805902 3.0014915 2.8250316 3.1815719 3.1958949 2.4719980 
Bralan_BLAG17000532_1                                   2.1275804 5.0396325 1.9603620 1.5819851 2.0054070 2.0054070 1.9434453 1.6620810 2.0923685 1.9714540 1.9714540 1.9439893 1.6989075 1.8417360 1.4190522 1.8676617 1.9566551 1.2643924 1.2063243 1.1411867 1.1411867 0.9619176 0.4893299 0.0000000 0.5113141 0.9996368 1.0234664 1.1079109 1.1894485 1.2448630 2.7965972 2.2480182 2.3047727 2.3674259 2.9148885 2.3226877 2.4234428 1.7585686 1.8179353 2.1746477 2.0617856 1.9380937 1.5671861 1.9478818 2.1488343 1.9450545 1.8969999 2.1566586 2.1721752 1.8062225 2.1613865 1.9929697 2.0236018 3.1672463 2.1540170 1.9983860 1.8799006 2.2432859 2.4372721 2.3101157 3.5250934 2.0023768 2.4269329 1.8383408 7.8348747 2.5577833 2.1771175 1.9915927 1.9915927 1.9103603 1.9392705 1.9306476 2.3232683 2.2609020 2.0430624 2.0391685 1.9631876 2.1572952 2.2026348 2.0176768 1.9464202 2.2999958 2.0282842 1.9773019 2.2800767 2.4895938 2.2388567 2.2633332 2.4460178 2.3453402 2.0775747 2.0907944 2.1980584 2.3336838 2.5771464 2.3802526 2.7060366 2.9535830 3.2185049 2.0383327 
Bralan_BLAG17000533_1                                   1.7128337 4.8056819 1.5826405 1.3009733 1.7672974 1.7672974 1.7675700 1.5396582 1.8069868 1.7137241 1.7137241 1.4737791 1.4577491 1.5526442 1.2306329 1.6504680 1.8215768 1.0592187 1.1691983 0.9581169 0.9581169 0.7713477 0.7143604 0.5113141 0.0000000 0.7607145 0.8790525 0.8575106 1.1692661 1.0246835 2.6304634 2.2257749 2.3681152 2.0717277 2.4301230 2.0281790 2.2276591 1.9250399 1.8204268 1.9375058 2.4684880 2.0045929 1.5519580 2.0457523 2.1440835 1.7627683 1.6605335 1.8467453 1.8841117 1.6083700 1.9476231 1.7162626 1.7605825 2.3204629 1.8501177 2.0504535 1.8011721 1.9655108 2.1492335 2.3242267 2.7014524 2.0199385 2.5626514 2.0553864 5.7592877 2.1454830 2.1295688 1.9501401 1.9501401 1.9098620 1.9526258 1.8853698 2.2077536 2.2374923 2.1362712 1.7852296 1.8865423 1.9946331 1.9535345 1.9368248 1.8866835 2.3078511 2.0105992 1.8044124 2.2762211 2.4618758 2.4330776 2.3152451 2.4738225 2.4427795 2.1916723 2.2058444 2.2682104 2.1817955 2.4089476 2.1462815 2.6533934 3.1124998 2.7463729 2.1549865 
Skow_XM_002742357.2                                     1.6966665 3.2060940 1.3383158 1.2020763 1.8415231 1.8415231 1.8535755 1.4573110 1.7960264 1.7194303 1.7194303 1.7625565 1.4679165 1.5976454 1.1843298 1.9373526 1.7229812 0.8593097 1.0425680 0.8126881 0.8126881 0.9586324 1.1052005 0.9996368 0.7607145 0.0000000 0.8549281 0.9764483 1.0527985 1.1422250 2.5929952 2.1058986 2.3088895 2.1265291 2.4663688 1.9423023 2.1715554 1.6900866 1.8726598 1.9547512 2.1521838 1.8724003 1.3953687 1.6835150 1.8440715 1.6277966 1.6376410 1.8855118 1.9362913 1.6986693 2.0257595 1.8693969 1.7979809 2.3678866 1.8578093 2.0917871 1.6676126 2.1290409 2.0820014 2.1925014 3.0429120 1.8862984 2.1872417 1.9820749 6.5027395 3.0824147 2.0723436 2.1126991 2.1126991 1.8125460 1.6860126 1.8317342 2.2380633 2.3979321 1.8939592 2.0078616 1.8881900 1.9591379 2.0375136 2.0307081 2.0495183 2.6514873 2.0455678 1.9867258 2.0592462 2.5506645 2.6732818 2.3467005 2.4910335 2.6384448 2.4719639 2.4887530 2.3124416 2.2952423 2.3878192 2.1586291 2.4234864 2.8443287 2.9680099 2.3970517 
Ctel_gnl_WGS_AMQN_CAPTEDRAFT_mRNA91899                  1.6963806 4.3987097 1.7508306 1.5816687 1.9847143 1.9847143 1.9812319 1.6876557 2.0878181 1.9359234 1.9359234 1.9942356 1.5421197 1.6072485 1.3963245 2.0194601 1.8806152 1.2095031 1.3048890 1.1222919 1.1222919 1.2593062 1.1572325 1.0234664 0.8790525 0.8549281 0.0000000 1.0588550 1.0760712 1.1163592 2.9093933 2.0607465 2.2791721 2.2941160 2.8654941 2.2011789 2.3447649 2.0318778 2.1393548 2.1622903 2.0696264 1.8907128 1.4628047 1.7615816 2.0622693 1.8754921 1.7918551 2.0222435 1.9916696 1.5186933 2.0475907 1.9288476 1.8470257 2.4917891 1.9367741 2.1015995 1.7904930 2.0432781 2.3725698 2.2512433 2.7878387 1.8055701 2.1813405 1.8146974 3.5553601 2.7663836 1.9651196 1.9824946 1.9824946 2.0065776 1.8923600 2.0058122 2.1476266 2.1427956 2.0702920 1.9650481 1.9701763 2.0448931 2.0773696 2.3265488 2.2106537 2.7229817 2.2661372 2.0805890 2.2484582 2.4458768 2.2398730 2.2488274 2.4087797 2.1932796 2.1638280 2.1780451 2.5275896 2.3872150 2.5836732 2.3488908 2.8725045 3.2731219 3.5461589 2.2748070 
Hsap_ENST00000419348                                    1.5886315 4.6081280 1.4424462 1.2243775 1.7800245 1.7800245 1.7800967 1.4197433 1.5688711 1.5610844 1.5610844 1.4920078 1.3976866 1.4585621 1.1488893 1.8369490 1.6536806 1.1717772 1.2934254 1.0891026 1.0891026 1.1205786 1.5194734 1.1079109 0.8575106 0.9764483 1.0588550 0.0000000 1.0449177 1.4039080 2.5413320 2.3258229 2.5182194 2.2749192 2.4825499 2.0443003 2.3185464 2.1005153 1.9642376 1.9741818 2.2681582 1.8980292 1.3822113 1.9318996 2.0204705 1.9195312 1.9325946 2.0583212 2.0709911 1.5505049 2.0967553 1.9187960 2.1614847 2.8016480 2.0766770 2.1242805 1.8132431 2.1540083 2.0959822 1.8638699 2.4593455 1.9893563 2.3552307 1.5796421 7.4395513 3.1162973 2.0638126 2.0378493 2.0378493 1.8735608 1.9552367 2.0743878 2.4934082 2.1102483 2.1813022 2.2775368 2.1903119 2.2254186 2.1457353 2.0028826 2.0583291 2.2732739 1.8404617 2.0273427 2.3938861 2.4711871 2.5020218 2.1985121 2.3545386 2.6414986 2.2767440 2.2917979 2.5767592 2.3167661 2.2563199 2.2419535 2.8212441 3.1491726 3.3220667 2.3690092 
Dpul_mRNA28812                                          1.5601255 2.9503755 1.3958556 1.1367238 1.1752039 1.1752039 1.1826599 1.3132090 1.3532296 1.3532296 1.3532296 1.3543766 1.2635283 1.4771005 1.2297179 1.6652087 1.4079045 1.2425031 1.0011528 1.2115839 1.2115839 1.4440046 1.4088844 1.1894485 1.1692661 1.0527985 1.0760712 1.0449177 0.0000000 1.1946392 2.0753940 1.9925755 2.0959704 2.0536754 2.4640159 1.8181940 2.0631634 1.6259631 1.7945818 1.7608423 2.1068942 1.7433501 1.4906048 1.8539467 1.7049805 1.6192650 1.6570478 1.7376258 1.8222611 1.6243434 1.9444212 1.8262287 1.6246810 2.0827901 1.7119335 1.9657093 1.8085065 1.9272919 2.0650988 2.2403055 2.4877372 1.6423425 2.1535119 1.7672832 5.3893804 1.9405205 1.8982039 1.7850859 1.7850859 1.9135296 2.0341311 1.9926347 2.0183188 1.9643150 1.7613110 1.5966010 1.8567552 1.9278976 1.8377522 1.8394052 1.7548110 2.3934786 1.8934960 1.6667836 1.7342308 2.1955721 2.2848578 2.0915247 2.1044904 2.1665771 1.9770548 1.9990264 2.0498399 2.1074695 2.0813351 2.1831915 2.3691182 2.6760253 2.5826372 2.1580904 
Spur_XM_030993314.1                                     2.0861442 2.9050927 1.6130903 1.4636262 1.9343461 1.9343461 1.8731132 1.7930364 2.0786990 1.9967443 1.9967443 1.8245271 1.8017231 1.7023442 1.4639993 2.2878236 2.2260809 1.3771666 1.3423815 1.2396101 1.2396101 1.6805139 1.5457051 1.2448630 1.0246835 1.1422250 1.1163592 1.4039080 1.1946392 0.0000000 2.9686716 2.2021111 2.4732208 2.4959356 2.7435099 2.4400535 2.5825742 2.0672664 2.1890370 2.4388439 2.8515846 2.3606315 1.6503539 2.0877127 1.9211490 2.2974490 2.2425948 2.3945959 2.3414878 1.8308349 2.3560841 2.1176582 2.3646324 2.6430145 2.1961550 2.1945099 2.0019321 2.5884788 2.7692369 2.5821252 2.9179471 2.1546005 2.7197335 2.0396969 8.0358259 4.0206171 2.4250940 2.2952612 2.2952612 1.9653454 1.8998618 1.9444247 2.1354757 2.7808984 2.2927535 2.3457666 2.1297705 2.2786699 2.4577193 2.4372979 2.4704837 2.5985233 2.4898451 2.1862268 2.7209842 2.7867383 2.6652246 2.6203128 2.7321256 2.5577578 2.6051719 2.6234303 2.6147798 2.8875325 3.0023032 2.7155722 2.9984778 3.8454962 3.2031408 2.3854639 
Stycar_maker-SC_scaffold145315-snap-gene-0.39-mRNA-1    0.0000010 0.0000010 2.2991330 2.4912731 4.1524202 4.1524202 3.0096943 1.7337974 1.9887350 2.0270933 2.0270933 1.6913197 2.3111708 2.0049160 2.0049160 2.2404167 9.0000000 2.5017398 2.2882136 2.4451731 2.4451731 3.0933029 3.3586142 2.7965972 2.6304634 2.5929952 2.9093933 2.5413320 2.0753940 2.9686716 0.0000000 0.5004757 0.4767505 0.9044985 0.8220293 0.8718110 0.8718110 2.3684883 1.9229744 1.2852403 6.1311549 1.2695268 0.8915960 0.9284312 1.8257598 1.2755442 1.3131837 1.1343420 1.1558866 1.0697744 1.3400187 1.2977606 1.6534229 1.5902154 1.6693250 1.4204389 1.2321118 1.7276763 1.4810913 2.7433646 2.3499616 1.5746659 2.1433140 1.7330199 0.0000010 1.2613919 1.6827994 1.7795263 1.7795263 1.3735290 1.6076549 1.3498108 1.3922761 1.3985887 1.7961085 1.0428766 1.9524554 1.9524554 1.3983154 1.5700492 1.6002755 3.9408723 2.0569514 2.0017844 1.8644048 1.7791012 2.4083085 1.6310869 1.7157069 2.2218872 1.3852117 1.4215706 1.4286240 1.4363623 2.5158857 2.0002278 2.6393568 3.1493665 2.9693896 4.8238448 
Tetwil_g14623.t1                                        2.2001570 4.0373416 2.4460765 2.3219118 2.3857482 2.3857482 2.3665997 2.1906917 2.5176936 2.5387608 2.5387608 1.9517827 2.2532668 2.0131858 1.7854010 2.2246183 2.3032899 2.1717972 1.9062541 2.0324781 2.0324781 2.7232274 2.5785248 2.2480182 2.2257749 2.1058986 2.0607465 2.3258229 1.9925755 2.2021111 0.5004757 0.0000000 0.1531052 0.9569147 1.0685550 0.7414559 0.8889997 0.7051304 1.4879525 1.4010272 1.4860510 1.1792817 0.7778720 0.9786393 1.7140178 1.2970327 1.2641704 1.2709188 1.3036030 1.1156356 1.6119418 1.3782844 1.4647566 2.2518899 1.4300335 1.3887262 1.5288076 1.6101999 1.6650685 2.5921547 4.0039730 1.6154766 1.9823653 1.7150413 2.5473658 1.8687206 1.7904657 1.6114915 1.6114915 1.4089395 1.6879235 1.4274580 1.7527304 1.4084354 1.5178256 1.6911680 1.6531610 1.9467306 1.8156711 1.7759775 1.8020041 2.0327406 1.7725271 1.5160137 1.9200801 2.0144859 2.1946791 2.0101877 2.0476836 2.2934926 1.8285261 1.8498031 1.8784399 1.8227211 2.2511919 2.3265644 2.7386483 2.3577025 3.1862563 1.6728356 
Tetwil_g2632.t1                                         2.4726655 4.8226922 2.7546605 2.5387241 2.5721623 2.5721623 2.5480178 2.3158191 2.8906395 2.7742851 2.7742851 2.0631006 2.5685490 2.2638953 2.0049140 2.4553675 2.5036599 2.3028124 2.1316551 2.2395137 2.2395137 2.8994337 2.6463014 2.3047727 2.3681152 2.3088895 2.2791721 2.5182194 2.0959704 2.4732208 0.4767505 0.1531052 0.0000000 0.9267872 1.0717538 0.7946258 0.9243385 0.7362770 1.6017165 1.5178766 1.7098748 1.3890735 0.8406823 1.0556170 1.7651568 1.3338918 1.3085132 1.4021923 1.3705110 1.1350558 1.6762686 1.3869583 1.5178691 2.2829702 1.5259638 1.4972553 1.5402693 1.6792553 1.6948568 2.7576622 4.0112255 1.7937863 2.1962615 1.9198623 3.0039905 1.9269852 1.8811370 1.7515446 1.7515446 1.4966791 1.7117999 1.4592411 1.9244751 1.4406222 1.5292738 1.7704149 1.7658276 1.9992945 1.8379970 1.8724253 1.9195006 2.1787404 1.7865504 1.5549262 2.0673437 2.0252153 2.2378700 1.9559979 2.0663585 2.2342455 1.9990990 2.0223820 2.0062845 1.9408412 2.4474554 2.3706274 2.7970431 2.4675353 3.2955730 1.7894833 
Spolac_c100606_g1_i1_m.22969c100606-g1                  2.1194283 4.8421890 2.3686426 2.1133225 2.3968446 2.3968446 2.3776978 2.1799333 2.4225668 2.4225668 2.4225668 2.1463097 2.3283045 2.4100280 2.1729355 2.4133720 2.3667930 2.0978938 2.0949296 1.9028013 1.9028013 2.5444282 2.8740452 2.3674259 2.0717277 2.1265291 2.2941160 2.2749192 2.0536754 2.4959356 0.9044985 0.9569147 0.9267872 0.0000000 0.4023980 0.2001702 0.2378008 0.7549561 1.4947225 1.2774114 1.4283756 1.2012975 0.9219662 1.2016144 1.6405293 1.3113760 1.3069999 1.3151871 1.3916954 1.0587778 1.4096446 1.1956391 1.5393155 2.0568664 1.4601590 1.5622016 1.3188350 1.5400525 1.5059511 2.6026983 3.7515553 1.7741623 2.5214369 1.6588288 3.5760028 2.0346221 1.6626238 1.7519452 1.7519452 1.5608602 1.8538102 1.6635419 2.0521339 1.5933184 1.6545085 1.4247304 1.6444999 1.9573303 1.5949688 1.3815171 1.4556116 1.8860003 1.6552845 1.5394327 1.7597395 1.8941327 1.9782234 1.9057633 1.9429333 2.2406837 1.8821866 1.8931132 1.8854651 1.8331510 2.3225633 2.4390392 2.8647007 2.6447968 3.3423181 1.5467884 
Emue_Em0009g1293a.t1                                    4.6038191 8.9999988 2.6860942 2.2160290 2.9649743 2.9649743 2.9236062 2.5028780 2.5402883 2.5402883 2.5402883 2.3764636 2.8772224 2.5584412 2.2153627 2.7897308 3.3012169 2.4488569 2.5156446 2.2331910 2.2331910 3.1987715 3.4309949 2.9148885 2.4301230 2.4663688 2.8654941 2.4825499 2.4640159 2.7435099 0.8220293 1.0685550 1.0717538 0.4023980 0.0000000 0.1068116 0.2980987 0.9216906 1.5504884 1.2710483 1.8963493 1.3960487 0.8832069 1.4604276 1.8623201 1.4914518 1.5347336 1.4457558 1.5709927 1.0057158 1.3520381 1.2553488 1.9777706 1.8315119 1.7221119 1.7582818 1.5008461 1.8286823 1.5213394 2.5836376 3.1723851 1.9763566 2.8826979 2.1458681 9.0000000 2.3100807 2.0869378 1.7387407 1.7387407 1.5752320 1.8483663 1.7842710 1.8903390 1.5759790 1.9446817 1.4762783 1.7988897 1.8889954 1.8165518 1.5234239 1.6179469 2.4392138 2.0289893 2.0191588 1.7818407 2.4278427 2.7500828 2.3231927 2.3826816 2.9211661 2.3899506 2.4061174 1.9593404 2.1972077 2.7942945 3.1131725 3.1585711 3.0619598 3.5754726 2.0122590 
Spolac_c102656_g1_i2_m.30398c102656-g1                  2.9930512 0.0000010 2.1493454 2.1901891 1.7573165 1.7573165 1.7472562 1.8945966 2.2373441 2.2349203 2.2349203 1.9525645 2.2981072 2.1969282 2.2072489 1.8627633 1.5086121 1.9216020 2.1816556 1.7395414 1.7395414 2.5968016 2.6796829 2.3226877 2.0281790 1.9423023 2.2011789 2.0443003 1.8181940 2.4400535 0.8718110 0.7414559 0.7946258 0.2001702 0.1068116 0.0000000 0.0129176 0.6266908 1.3787197 1.4418640 1.3281698 1.2167016 0.8637970 1.1258973 1.4322130 1.1716983 1.2340207 1.2219438 1.2880920 1.0820514 1.2690679 1.2997474 1.3466335 1.6601320 1.4079307 1.6175883 1.1069331 1.5018660 1.3411746 2.1958627 3.3053132 1.4068715 2.2007967 1.5584372 0.0000010 2.7853839 1.4118692 1.8895769 1.8895769 1.2366870 1.4509716 1.3527789 1.4472921 1.3716579 1.5902406 1.3279381 1.6013518 1.7827532 1.6627344 1.3183246 1.3931911 1.7822528 1.8895738 1.5487960 1.5202970 1.8367779 1.8414930 1.7926593 1.9051271 2.1493575 1.9563193 1.9736346 1.7139199 1.7861391 2.1777840 2.3305901 2.5070240 2.2842518 3.2015355 1.1277235 
Spolac_c102656_g1_i4_m.30399c102656-g1                  2.2450431 5.0454793 2.5681619 2.2586144 2.6959057 2.6959057 2.6681441 2.3254883 2.5551044 2.5533463 2.5533463 2.2243127 2.5631935 2.5430600 2.2495317 2.4474161 2.5749880 2.2218242 2.2625009 1.9261247 1.9261247 2.6701395 2.9381181 2.4234428 2.2276591 2.1715554 2.3447649 2.3185464 2.0631634 2.5825742 0.8718110 0.8889997 0.9243385 0.2378008 0.2980987 0.0129176 0.0000000 0.8636365 1.5846606 1.4418640 1.5058830 1.2859953 0.9324727 1.2755103 1.6577302 1.4614990 1.4777251 1.4357867 1.5245410 1.1052860 1.5038401 1.3335791 1.7402036 2.1656023 1.6599557 1.6875316 1.4254908 1.7139042 1.7149325 2.4837764 4.0296262 1.8629924 2.5401636 1.8345292 5.5173126 2.4010348 1.6969370 1.8385082 1.8385082 1.7373169 1.9463699 1.6761175 2.1227631 1.6121374 1.8138510 1.3223580 1.8573832 2.1924745 1.7111164 1.5118532 1.5640314 2.0548475 1.6946563 1.5776004 1.9620136 2.1466820 2.2921504 2.0928965 2.1741822 2.3937580 2.0454794 2.0576020 2.0755707 2.0340545 2.6141057 2.6674607 2.8442506 2.5666858 3.4495142 1.8653800 
