98
Gasp_gasp1.m3.5762.m1                                  0.0000000 0.2649510 1.0098378 0.4859896 0.4674587 0.6984792 0.8625410 1.2072155 0.6113232 1.5967178 0.0000010 2.1905649 1.4145486 0.8370403 2.2170151 1.9947232 1.6644454 1.6973136 1.1620945 1.8040641 1.8934819 1.4381525 1.7177363 2.6986492 1.4793919 1.4963560 1.5899556 1.5777116 1.7390876 1.7514020 2.3293068 2.9244383 2.9244383 2.9244383 2.9244383 2.9244383 2.9244383 0.0000010 0.0000010 0.0000010 0.0000010 0.0000010 2.5711418 2.8487970 2.8176805 9.0000000 9.0000000 9.0000000 9.0000000 3.1766168 0.0000010 2.5071542 9.0000000 1.7093689 2.9329891 2.6968770 2.6340289 2.7785797 2.1607395 1.8496874 0.8362749 2.0031008 2.5396697 1.6738560 2.1346605 1.2280943 2.2508357 2.0938117 2.1667794 2.0500234 1.7170384 2.2649545 3.0817959 2.6000634 3.6539007 2.6022918 1.9372379 1.9372379 1.8857975 3.0163110 2.4545633 2.9595056 1.7041577 2.3444712 2.8599898 2.6444005 2.6550004 2.7200081 2.5481007 3.2433775 3.4274129 2.4442314 2.4778372 2.3243597 3.0754204 3.0247657 1.6451056 3.0407849 
Fspp_ffun1.m4.5795.m1                                  0.2649510 0.0000000 0.2255457 0.4538972 0.4069471 0.6252503 0.8349675 0.4969321 0.4827884 1.2455193 0.5118962 1.4423709 1.2328723 1.2961110 1.8853880 1.4053695 1.3491580 1.3586577 1.2294363 1.2666489 1.4401527 1.2150633 1.3344971 1.4566061 1.5282388 1.5357658 1.5394832 1.5404392 1.5661331 1.5969575 2.4634034 2.0105280 2.0105280 1.9885956 1.9885956 1.9856878 1.9856878 1.4579754 1.9806589 1.9806589 2.1909595 2.1909595 1.6588673 2.0972374 2.1106370 1.5352602 1.5352602 1.4242017 1.3967086 1.9734850 1.4349483 1.8962970 2.0742757 1.2959213 2.2316973 1.8936950 1.5360148 1.4904707 1.6028897 1.4656882 1.3207610 1.7200252 2.1044878 1.5250602 1.5660037 1.3683383 2.1245463 1.6478686 1.7624312 1.6774381 1.4900993 2.1284573 2.5944334 1.9119261 1.7484671 1.7370578 1.6757187 1.9707411 1.6718605 2.2394661 1.9113653 1.9991445 1.4417679 1.9205506 2.3516726 2.3117212 2.2045235 2.3368990 2.2832871 2.5412259 2.5090499 2.2677800 2.2225475 1.9730252 2.3793854 2.9789024 1.4557811 3.6350361 
Gasp_gasp1.m3.5761.m1                                  1.0098378 0.2255457 0.0000000 0.4542715 0.4103063 0.7097933 2.1987018 0.4723109 0.4739285 1.1734069 1.1525081 1.4421987 0.9275466 1.4482177 3.1080574 1.2100739 1.2989508 1.3644446 1.4796960 1.1529175 1.4828676 1.7890065 1.1455461 1.4247146 1.9695791 2.0300126 1.9619145 1.9627172 1.8146013 1.8708104 1.8977841 1.8896551 1.8896551 1.8660560 1.8660560 1.8414771 1.8414771 1.7611484 2.2210521 2.2210521 2.2097135 2.2097135 1.7281339 1.7718388 2.0443506 1.5833039 1.5833039 1.4549023 1.5152058 1.6431975 1.4852285 1.6550343 1.6792682 1.6633331 1.8420739 1.7490630 1.6927000 1.5255074 1.7372400 1.5473373 2.1667783 2.3198179 2.1094908 1.8196465 1.4942505 1.6703042 0.0000010 1.6512206 1.7603317 1.7488889 1.9007448 2.0043332 2.1800063 1.6365504 1.4588400 1.4028374 1.8496049 1.6157796 2.0819668 2.1514312 1.7546048 1.7911741 1.4737616 2.1503198 2.1309774 2.8248761 2.3196911 2.3653741 2.3495994 2.5132780 2.4478740 2.3973178 4.9025819 1.9377589 2.7346074 4.3451321 1.6459857 3.9346957 
Spis_XP_022789322_1                                    0.4859896 0.4538972 0.4542715 0.0000000 0.1121734 0.6726441 1.0589780 0.4895790 0.5825798 1.4480306 0.6302629 1.5389742 1.2993737 1.2820988 1.6221022 1.5188454 1.3263923 1.4974175 1.1335846 1.3685929 1.6197178 1.3308377 1.4838546 1.5776517 1.4887982 1.4583335 1.4459263 1.4411957 1.5528922 1.5623982 2.4353940 2.0971651 2.0971651 2.0971651 2.0971651 2.0971651 2.0971651 1.6860377 1.6490755 1.6490755 1.5531846 1.5531846 1.8970538 2.1150461 2.0238148 1.6442901 1.6442901 1.6442901 1.6442901 2.2140138 1.5264326 2.1490641 9.0000000 1.3996016 2.0551376 2.1100965 1.4810125 1.6217311 1.6523535 1.5238820 1.0123369 1.7183218 2.2842839 1.5275836 1.7445316 1.3165424 2.3765062 1.6912559 1.8963273 1.9383215 1.6456672 2.3502307 2.3967531 1.9994503 2.1592687 1.8972184 1.6538537 1.8792789 1.6670430 2.5438524 2.0581809 2.0477466 1.7029631 1.8797673 2.4497485 2.2870637 2.4443237 2.7441887 2.5030491 2.4539065 2.4427096 2.0874795 2.0533829 2.2834474 2.6480289 2.9199575 1.8858495 4.0497034 
Pocdam_XM_027188911.1                                  0.4674587 0.4069471 0.4103063 0.1121734 0.0000000 0.7159016 1.0384810 0.5084663 0.5597920 1.3548179 0.5953115 1.4548958 1.3188570 1.4679395 1.6287826 1.4354278 1.3717263 1.4505311 1.3001346 1.3123641 1.5736077 1.3719874 1.4346439 1.4108881 1.6554761 1.6756151 1.6404943 1.6307834 1.6304785 1.6640057 2.3869100 2.1784184 2.1784184 2.1349126 2.1349126 2.1230673 2.1230673 1.7296137 2.2427907 2.2427907 2.5566287 2.5566287 1.9367276 2.0035255 2.0842932 1.6692508 1.6692508 1.5468984 1.5875883 2.0762903 1.5118619 2.0233191 2.1595471 1.3769104 2.0701662 2.0383043 1.6291332 1.5418333 1.6887469 1.5032177 1.3488348 1.8095792 2.1521676 1.6828910 1.6902758 1.5579787 2.2881113 1.6311789 1.7468580 1.8570062 1.6377778 2.2011892 2.2187353 1.9036954 1.7897506 1.7080736 1.7601442 1.8767535 1.6948415 2.3035421 1.8554488 1.9903122 1.6351486 2.0546397 2.3775919 2.3195747 2.2852435 2.4332880 2.4446340 2.4447256 2.4313892 2.4585577 2.2172040 2.2303016 2.4882696 3.3239542 1.7160905 4.0478348 
Amil_Amillepora02580-RA                                0.6984792 0.6252503 0.7097933 0.6726441 0.7159016 0.0000000 0.0177524 0.0639879 0.5615164 1.5102997 0.5031985 1.5216447 1.3844676 1.4803232 1.8196575 1.4689667 1.4863703 1.5746677 1.4411787 1.4076313 1.6354583 1.3537239 1.6224086 1.3500608 1.6000606 1.6062117 1.6668390 1.6614999 1.6968344 1.7343385 2.9087618 2.2308916 2.2308916 2.1745028 2.1745028 2.1668769 2.1668769 1.7245366 2.3496579 2.3496579 2.9063018 2.9063018 1.9468921 2.3257543 2.3009735 1.8496613 1.8496613 1.7390427 1.6591033 2.3266367 1.8740338 2.2030385 2.9223207 1.3065380 2.2365499 1.8542708 1.6144355 1.6482214 1.6446595 1.5416491 1.2970084 1.5954127 2.3946511 1.7543571 1.8211164 1.5952872 2.2976916 1.7733557 1.8026229 1.7764076 1.7692002 2.3635631 2.4928124 1.9842629 1.8792819 1.9216384 1.7935591 1.9398786 1.6442279 2.4020129 2.1321880 1.8638059 1.6820849 2.0524042 2.5365343 2.3692216 2.4738724 2.8012019 2.5116633 2.4568648 2.5292261 2.3503445 2.5497000 2.3672099 2.6052526 2.9917306 1.7179771 4.4562229 
Adig_XM_015898537.1                                    0.8625410 0.8349675 2.1987018 1.0589780 1.0384810 0.0177524 0.0000000 0.0000010 0.7637661 1.8203982 0.0000010 1.9254321 2.1105952 1.7283839 1.6868699 1.6124265 1.6489903 2.1840503 1.1888333 2.1535432 1.8234193 1.7238846 1.8912713 2.7746097 1.4300710 1.4127195 1.5348523 1.5348523 1.5295969 1.5295969 2.7465993 2.6902568 2.6902568 2.6902568 2.6902568 2.6902568 2.6902568 0.0000010 0.0000010 0.0000010 0.0000010 0.0000010 3.1161107 3.3735392 2.5712832 3.7877285 3.7877285 3.7877285 3.7877285 3.3566666 0.0000010 3.1128841 9.0000000 0.0000010 3.0882635 2.5037410 1.7488001 4.8754566 1.1098276 2.0941482 0.0000010 0.0000010 2.5715796 2.0588059 2.5973452 1.4766536 2.3134023 2.3019869 3.8555787 2.5302998 2.2349939 2.6333351 2.8663107 2.8979916 3.3408486 2.3694722 2.1557244 2.1557244 2.1054126 3.6015230 2.9046436 2.5659731 1.6604478 2.0085701 2.4142105 2.6037352 3.4989893 3.3266396 3.0192524 3.2492306 3.6267596 2.0923821 2.5056167 2.7386211 3.0072083 3.2117704 0.0000010 4.1292236 
Adig_XM_015898533.1                                    1.2072155 0.4969321 0.4723109 0.4895790 0.5084663 0.0639879 0.0000010 0.0000000 0.4152831 1.1043437 0.5379951 1.1052372 1.1370454 1.1505781 1.3498193 1.1927421 0.9954293 1.1085564 1.0586017 1.0352099 1.2646319 1.1155983 1.3512138 1.1063351 1.3852588 1.3542456 1.3103747 1.2953979 1.3016694 1.3080315 1.3055455 1.5074927 1.5074927 1.5074927 1.5074927 1.5074927 1.5074927 1.6916340 1.6539605 1.6539605 2.3933880 2.3933880 1.4564174 1.5780232 1.6938725 1.6385670 1.6385670 1.6385670 1.6385670 1.5697227 1.7625174 1.5695302 0.0000010 1.2597456 1.5545378 1.2839268 1.1853275 1.2874057 1.2531027 1.1172072 0.9585989 1.5104416 2.1279845 1.3787672 1.3918740 1.4183475 0.0000010 1.1089898 1.5307404 1.4811607 1.2455638 2.0420698 2.2085686 1.1155134 1.5838475 1.4094211 1.2643243 1.4269130 1.1807329 1.7876742 1.6907172 1.1039974 1.3952778 1.6623074 1.9627658 1.8914105 2.2996198 2.3991700 2.3521523 1.9574729 1.8234906 1.6673637 1.9177674 1.8890290 2.3200643 2.1244296 1.6582599 4.3070226 
Gfas_gfas1.m1.1134.m1                                  0.6113232 0.4827884 0.4739285 0.5825798 0.5597920 0.5615164 0.7637661 0.4152831 0.0000000 1.3025820 0.4683565 1.4979627 1.3061694 1.3887341 1.9016243 1.4558294 1.3923065 1.3740480 1.3153703 1.2687647 1.5676071 1.4039858 1.4140989 1.3273212 1.5219288 1.5379268 1.5477230 1.5483518 1.5774169 1.6100431 2.9102721 2.1100377 2.1100377 2.0596260 2.0596260 2.0522723 2.0522723 1.7288884 2.0276959 2.0276959 2.1967509 2.1967509 1.7767215 2.1573778 2.1300578 1.6443597 1.6443597 1.5543872 1.5976781 2.1310862 1.5304701 2.0430378 2.2262337 1.3135218 2.3192618 1.9730810 1.5744027 1.4883762 1.5417585 1.5181799 1.4591512 1.7077909 2.1948480 1.6795953 1.6984400 1.5062835 2.0146461 1.6424257 1.7677391 1.7792456 1.6693074 2.2917147 2.3806466 1.8795273 1.7618748 1.6887297 1.6235508 1.7369616 1.6620071 2.1997324 1.8708342 1.9022381 1.5438650 1.9868544 2.2793985 2.3266090 2.3333160 2.4688505 2.4045414 2.3495370 2.3383678 2.2643191 2.2563911 2.1083574 2.3675806 3.0425615 1.6429220 3.8765388 
Acagra_model.g13862.t1                                 1.5967178 1.2455193 1.1734069 1.4480306 1.3548179 1.5102997 1.8203982 1.1043437 1.3025820 0.0000000 0.8575661 1.6187130 1.6373801 1.5116974 2.0317057 1.6107645 1.0271579 1.3927798 1.6630850 1.3850973 1.4500664 1.7033732 1.2789001 1.5225584 1.7341409 1.7169726 1.6833195 1.6979313 1.7745020 1.7676391 2.8633385 2.1817838 2.1817838 2.2089080 2.2089080 2.1921707 2.1921707 1.7895782 2.2539470 2.2449643 2.3706867 2.3852255 2.0447117 2.1596145 2.1841483 1.7567019 1.7567019 1.6937397 1.6843711 2.1736083 1.6435059 2.1525794 2.4355722 1.5756162 2.2761154 2.2140808 1.7136242 1.6346089 1.6653264 1.6235835 1.6415209 1.9675667 2.2417290 1.8972249 1.9625641 1.8187215 2.8526062 1.8530645 2.0589515 2.0937921 1.9116753 2.2357715 2.6532452 2.2256200 1.9932603 1.8931066 1.7688760 1.6590988 1.8500891 2.2255069 1.9679414 1.9322880 1.5768570 1.9031958 2.5831753 2.6926573 2.5233847 2.6132803 2.5938962 2.5311158 2.6089992 2.4215191 2.3617301 2.4267066 2.3271233 3.2709787 1.6447934 4.0599566 
Nvec_v1g211889                                         0.0000010 0.5118962 1.1525081 0.6302629 0.5953115 0.5031985 0.0000010 0.5379951 0.4683565 0.8575661 0.0000000 0.7064246 0.5978714 0.6662418 0.7817106 0.6939766 0.8877085 0.8526465 0.8373145 0.9074530 1.0069630 0.8614787 0.9200111 0.9694895 1.0824956 1.0570769 0.9766194 0.9766194 1.1063647 1.1063647 1.0556553 1.1500153 1.1500153 1.1887621 1.1887621 1.1887621 1.1887621 1.6060015 1.5136083 1.5136083 1.5531846 1.5531846 1.3325672 1.2769902 1.3972172 1.7601192 1.7601192 1.7601192 1.7601192 1.3008991 2.0128831 1.0921225 0.0000010 1.1197176 1.3808337 1.2267819 0.7370381 0.9242782 0.9490342 0.9317358 0.9570429 1.4473289 1.3463734 1.2252423 1.2041870 1.2060902 0.0000010 0.8747373 1.1415915 1.2203730 0.9293784 1.8387648 2.2119758 1.0841070 1.0765378 1.0631018 1.2990281 1.2530763 1.0390424 1.5737512 1.2801480 1.0250653 1.1220163 1.1568916 1.4053762 1.6314144 1.6804264 2.0438960 1.6291155 1.4748292 1.3880119 1.4365379 1.5265633 1.2631591 1.5462687 1.5669327 1.1489413 4.2599100 
Sanmal_Sma_013744-T1                                   2.1905649 1.4423709 1.4421987 1.5389742 1.4548958 1.5216447 1.9254321 1.1052372 1.4979627 1.6187130 0.7064246 0.0000000 1.6513129 0.8947743 0.9001651 0.8056357 1.5340862 1.6740412 1.6771248 1.6857381 1.7579069 1.7949721 1.6979519 1.3000551 1.7122037 1.7096753 1.7068664 1.7058912 1.6319167 1.6564039 2.5431424 2.1415573 2.1415573 2.1426458 2.1426458 2.1426458 2.1426458 1.9439178 1.9432272 1.9432272 1.9382082 1.9382082 1.9434277 2.1503831 2.2186431 1.9390112 1.9390112 1.8394892 1.9046128 2.2138724 1.7540430 2.0620867 1.9952884 1.6368627 2.3813597 2.2577137 1.8133098 1.7689997 1.9329982 1.6809309 1.4085994 1.6800588 2.3013987 1.7590118 1.8649833 1.6603696 2.9205176 2.0483093 1.9854816 1.9581636 1.7593761 2.2246213 3.2716360 1.9399104 2.0173135 2.0535354 1.8640275 2.4018986 1.8745251 2.3297782 2.0286456 1.7827859 1.7372911 1.7306220 2.5118801 2.8776199 2.6378423 2.4971496 2.4073981 2.5054525 2.6061405 2.4209024 2.4885001 1.8948805 2.4132597 3.1354096 1.4349573 4.3914594 
Exapal_XM_028663537.1                                  1.4145486 1.2328723 0.9275466 1.2993737 1.3188570 1.3844676 2.1105952 1.1370454 1.3061694 1.6373801 0.5978714 1.6513129 0.0000000 1.1796271 1.9250074 1.5652794 1.7464985 1.8166442 1.4727276 1.6636263 1.8948861 1.4654213 1.7029562 1.6607284 1.7460753 1.7617583 1.7434479 1.7622647 1.7828821 1.7825867 2.6768242 2.1832171 2.1832171 2.1832171 2.1832171 2.1832171 2.1832171 1.7995060 1.7678785 1.7678785 2.0276338 2.0276338 1.9771803 2.4972541 2.1798689 1.6966669 1.6966669 1.6966669 1.6966669 2.1640666 1.8564016 2.2168471 9.0000000 1.4369348 2.3033684 2.2548904 1.6379039 1.6356459 1.5829722 1.6947549 1.4823243 2.0383841 2.5169235 1.9182959 2.2140446 1.6677558 2.8665250 1.9945783 2.2421468 2.1181790 1.8201625 2.6623507 2.7692434 2.5199303 2.4763457 2.3423129 1.9195891 2.1195489 1.8236697 2.5749251 2.2460399 2.1747852 1.9547919 1.8336255 2.7405258 2.6124547 2.9685515 3.1687588 2.6431634 2.6213830 2.8735485 2.5971858 2.1952464 2.6911585 2.4889970 3.0562515 1.4693215 3.9854004 
Nemnom_g3432.t1                                        0.8370403 1.2961110 1.4482177 1.2820988 1.4679395 1.4803232 1.7283839 1.1505781 1.3887341 1.5116974 0.6662418 0.8947743 1.1796271 0.0000000 1.6562377 0.4145953 1.2471130 1.5114760 1.6098142 1.3685224 1.7275926 1.2789715 1.6974133 1.4900175 1.8095551 1.7901721 1.7680244 1.7544248 1.7492121 1.7916913 2.0429484 1.8326833 1.8326833 1.8092922 1.8092922 1.8092922 1.8092922 1.8034808 1.9382748 1.9382748 2.2312109 2.2312109 1.8470951 2.0067054 2.2362286 1.8415084 1.8415084 1.8148669 1.9983571 1.8040110 1.7531567 1.9270263 2.3466172 1.4752329 1.5849972 1.7525544 1.6805571 1.7382765 1.6018846 1.4491923 1.6284176 2.1733787 2.2882883 1.6360365 1.5920288 1.4690115 0.0000010 1.8407852 2.0514367 2.0014655 1.6459171 2.1401305 1.2923521 1.5080927 1.6982510 1.7636899 2.1575198 1.6006984 1.7850256 2.4273660 2.1364850 1.6685663 1.7292927 1.6616647 2.1888700 2.1547930 2.3696744 2.5029975 2.3234826 2.6054868 2.2961075 2.2549401 2.2629456 1.9985484 1.9358715 3.3595211 1.7476369 3.6563656 
Nemnom_g3433.t1                                        2.2170151 1.8853880 3.1080574 1.6221022 1.6287826 1.8196575 1.6868699 1.3498193 1.9016243 2.0317057 0.7817106 0.9001651 1.9250074 1.6562377 0.0000000 0.3199541 1.9087612 1.9184159 1.9576598 2.0520372 2.1811636 2.0118724 1.8390140 2.2318531 2.1001375 2.0087362 1.9757263 1.9600007 2.0095239 2.0221122 2.6087793 2.7630876 2.7630876 2.7630876 2.7630876 2.7630876 2.7630876 0.0000010 0.0000010 0.0000010 0.0000010 0.0000010 3.8005428 2.7307035 2.5697325 2.0861953 2.0861953 2.0861953 2.0861953 2.6043566 0.0000010 2.4005073 9.0000000 1.9151060 2.7725003 2.8656545 2.0922213 2.1045386 2.4369391 2.2693111 1.2351433 2.0928335 2.3165032 2.2568852 2.8450896 1.9560358 3.5598009 2.8026603 2.6708288 2.4778496 2.3702028 3.0557932 3.8950174 2.7728299 3.3826583 2.2355829 2.2033552 2.2363288 2.4114055 3.3257392 2.8238197 2.8561308 2.3716875 2.3247269 3.2664767 3.2225246 3.1860711 2.8990549 2.8953382 3.2795510 3.4800999 2.5401471 2.4280386 3.0828734 2.7759969 2.7615629 2.9700018 4.5020722 
Rhoesc_Res_009625-T1                                   1.9947232 1.4053695 1.2100739 1.5188454 1.4354278 1.4689667 1.6124265 1.1927421 1.4558294 1.6107645 0.6939766 0.8056357 1.5652794 0.4145953 0.3199541 0.0000000 1.4541993 1.5513058 1.5615142 1.5641673 1.7071742 1.6216104 1.6382338 1.4622289 1.8270128 1.7526324 1.7890923 1.7614985 1.7142303 1.7506233 2.7740354 2.1260477 2.1260477 2.1070634 2.1070634 2.1070634 2.1070634 1.6351491 1.8330414 1.8330414 1.9134337 1.9134337 1.8944475 2.2346089 2.2175417 1.6789759 1.6789759 1.6095277 1.7298866 1.9620309 1.5781588 1.9757317 2.2620942 1.5781741 2.2606383 2.2012085 1.5679289 1.5988270 1.6620885 1.6199844 1.6134950 1.8981509 2.0399816 1.7648028 1.8715746 1.5795928 3.1792108 2.0211488 1.9848813 1.9282352 1.7815434 2.1528440 2.8312476 1.9741755 1.9483863 1.8276459 2.1722999 2.3025379 1.9733536 2.3994192 2.1442845 1.9024084 1.7428980 1.8036847 2.4752975 2.5686271 2.5439819 2.4011218 2.3359282 2.6753505 2.6229244 2.3226380 2.3949736 2.1314940 2.3047292 3.0681214 1.4673264 3.9695761 
Cgig_XM_020073623.2                                    1.6644454 1.3491580 1.2989508 1.3263923 1.3717263 1.4863703 1.6489903 0.9954293 1.3923065 1.0271579 0.8877085 1.5340862 1.7464985 1.2471130 1.9087612 1.4541993 0.0000000 1.2955855 1.5084182 1.1884637 1.3441355 1.6059711 1.2166591 1.4019650 1.7021716 1.6921904 1.6917967 1.6903814 1.6929665 1.6879645 2.7069743 2.3187892 2.3187892 2.3144715 2.3144715 2.3144715 2.3144715 1.8851335 2.2521647 2.2765221 2.4090024 2.3682305 1.8390985 2.1106732 2.1295715 1.6113906 1.6113906 1.5554000 1.5579244 2.0950828 1.6771966 2.1984834 2.4570605 1.4592269 2.2959235 1.9882000 1.5729913 1.6460092 1.6301703 1.6355279 1.7131260 2.0129255 2.2913547 1.8100251 1.8590244 1.7049776 2.5827829 1.7603149 1.8726025 1.7344036 1.7968102 2.2693137 2.4968638 2.0140728 1.6893272 1.6060730 1.9072103 1.9871501 1.8904895 2.2503340 1.9004968 1.8374190 1.5404088 1.7477982 2.4511560 2.2849981 2.3933345 2.3053131 2.4747329 2.6106380 2.7746599 2.2359251 2.1645325 2.1306447 2.1366446 2.8909027 1.5350472 3.9443136 
Bralan_BLAG02002238_1                                  1.6973136 1.3586577 1.3644446 1.4974175 1.4505311 1.5746677 2.1840503 1.1085564 1.3740480 1.3927798 0.8526465 1.6740412 1.8166442 1.5114760 1.9184159 1.5513058 1.2955855 0.0000000 1.6348314 1.2234097 1.4200257 1.6397355 1.1414786 1.6717078 1.7725646 1.7423018 1.7498510 1.7555119 1.7910537 1.7992565 2.6495410 2.4394295 2.4394295 2.3390023 2.3390023 2.3458535 2.3458535 1.8041413 2.2815647 2.3139782 2.6327812 2.5813316 1.9929404 2.2505778 2.1785954 1.8155071 1.8155071 1.7150118 1.7075053 2.1706571 1.6972574 2.3336374 2.9546150 1.4596595 2.2019505 2.1052937 1.5802600 1.6228090 1.5693117 1.7804018 1.6892374 1.7995796 2.2854668 2.0682378 2.0018865 1.8661451 3.4142881 1.7866076 1.9240932 1.9222703 1.8875962 2.3466656 2.3665917 2.2013942 1.7381255 1.8090075 1.9356491 1.9714479 1.9665061 2.4180648 2.0103926 1.8240571 1.7180189 1.8641481 2.6027573 2.4755337 2.4442817 2.6360120 2.4875778 2.5451008 2.7500093 2.3589745 2.4311936 2.3222977 2.2522926 2.9613917 1.7067801 4.3069911 
Xesp_002270-T1                                         1.1620945 1.2294363 1.4796960 1.1335846 1.3001346 1.4411787 1.1888333 1.0586017 1.3153703 1.6630850 0.8373145 1.6771248 1.4727276 1.6098142 1.9576598 1.5615142 1.5084182 1.6348314 0.0000000 1.5620841 1.6491968 0.7594722 1.5254014 1.4442077 1.6905258 1.7115036 1.6686570 1.6835158 1.7460320 1.7578842 2.3399279 2.0904115 2.0904115 2.0768657 2.0768657 2.0768657 2.0768657 1.9215821 2.1853497 2.1853497 2.5111627 2.5111627 1.8857264 2.1150421 2.1272018 1.9548379 1.9548379 1.8465738 1.9655387 1.9726453 1.7381534 2.0818444 3.4135494 1.5557166 1.9132868 1.8179926 1.8097563 1.8170051 1.8514653 1.5274494 1.6268026 1.8721652 2.4332983 1.6326501 1.6689144 1.7009394 1.1668080 1.8979146 1.8105840 1.7545983 1.6241240 2.4220793 2.9176282 2.0591285 1.9494362 1.9886830 1.7334229 1.7818910 1.7330249 2.4545939 2.1873176 1.9496267 1.8265255 1.9259615 2.5266685 2.2721293 2.8182004 2.6457151 2.4094694 2.6563477 2.7846680 2.4612442 2.5137813 2.2951836 2.3995668 3.1427555 1.7206372 4.3710155 
Ctel_gnl_WGS_AMQN_CAPTEDRAFT_mRNA224097                1.8040641 1.2666489 1.1529175 1.3685929 1.3123641 1.4076313 2.1535432 1.0352099 1.2687647 1.3850973 0.9074530 1.6857381 1.6636263 1.3685224 2.0520372 1.5641673 1.1884637 1.2234097 1.5620841 0.0000000 1.3321197 1.6447840 1.2547384 1.4950864 1.6683831 1.6275590 1.6336815 1.6099360 1.6467492 1.6757352 2.8051604 2.1895358 2.1895358 2.1503037 2.1503037 2.1503037 2.1503037 1.8138059 1.8958973 1.9395676 2.0829677 2.0104809 1.9512833 1.9827969 1.9872854 1.8124894 1.8124894 1.7585167 1.7635478 2.1636520 1.6666311 2.0580124 1.9286975 1.4893915 2.2891060 2.1420819 1.5005405 1.7033770 1.5997863 1.5999074 1.4624703 1.6940988 2.2272866 1.8260090 1.8574535 1.5753119 4.3348218 1.7285921 1.8879906 1.7227515 1.7427000 2.1586683 2.7989779 2.0209952 1.6929006 1.6386083 1.8724321 2.0936773 1.9585282 2.2612283 2.1347843 1.8560319 1.4652789 1.9906136 2.6218131 2.3442198 2.2435324 2.4697625 2.2378932 2.3721743 2.5999949 2.2110599 2.1265634 2.1564898 2.1840077 3.0712693 1.5478712 4.2184667 
Spur_XM_030977390.1                                    1.8934819 1.4401527 1.4828676 1.6197178 1.5736077 1.6354583 1.8234193 1.2646319 1.5676071 1.4500664 1.0069630 1.7579069 1.8948861 1.7275926 2.1811636 1.7071742 1.3441355 1.4200257 1.6491968 1.3321197 0.0000000 1.7163196 1.3286744 1.7442608 1.7552291 1.7334286 1.6594621 1.6791678 1.7566125 1.7768325 2.6826544 2.3409657 2.3409657 2.2210289 2.2210289 2.2210289 2.2210289 1.9291020 1.9478150 1.9567699 1.9733901 1.9597707 2.0328757 2.2883389 2.1853132 1.7457446 1.7457446 1.6701859 1.6157484 2.2424873 1.4805118 2.1176489 2.3593885 1.7055583 2.3301417 2.2753390 1.6152062 1.7198241 1.5771554 1.7490811 1.7870758 1.6834394 2.3222731 2.0063601 1.9872244 1.8610672 3.2982704 1.8549528 2.0274225 1.9574362 2.0014341 2.2844327 2.6368269 2.4284808 1.9594498 2.0983961 1.9485925 1.9085460 1.9588746 2.3338010 1.9715771 2.0490108 1.8321310 1.9761301 2.3424693 2.3098352 2.3867362 2.3856709 2.2377007 2.4934691 2.6205471 2.4397674 2.3724078 2.1248783 2.0862800 3.1493276 1.7825380 3.9053886 
Dgig_XM_028543253.1                                    1.4381525 1.2150633 1.7890065 1.3308377 1.3719874 1.3537239 1.7238846 1.1155983 1.4039858 1.7033732 0.8614787 1.7949721 1.4654213 1.2789715 2.0118724 1.6216104 1.6059711 1.6397355 0.7594722 1.6447840 1.7163196 0.0000000 1.5819766 1.6661538 1.5547788 1.5091558 1.5055219 1.4905740 1.6234981 1.6148589 2.3810092 1.8174204 1.8174204 1.8073332 1.8073332 1.8073332 1.8073332 1.8392977 1.7812941 1.7812941 1.9831731 1.9831731 1.9648188 2.0640966 1.8979727 1.7777590 1.7777590 1.7449490 1.7449490 2.0370157 1.9721570 1.9767037 9.0000000 1.5494439 1.9912261 1.8644666 1.7869226 1.7457303 1.5340158 1.5724015 1.4159862 1.7567125 2.3500886 1.6556324 1.7909740 1.5954936 2.2569352 1.8173708 1.9080136 1.7257111 1.5154941 2.5291969 2.5480507 2.0883738 1.8961263 2.1002169 1.8082868 1.7473587 1.5669446 2.4315728 2.3175823 1.9056647 1.9086582 1.8673391 2.7810278 2.3999221 2.7197047 2.7569803 2.6251900 2.6318393 2.7440872 2.3134968 2.1048628 2.3729570 2.4722395 3.0522566 1.6524487 3.8678601 
Skow_XM_002730845.2                                    1.7177363 1.3344971 1.1455461 1.4838546 1.4346439 1.6224086 1.8912713 1.3512138 1.4140989 1.2789001 0.9200111 1.6979519 1.7029562 1.6974133 1.8390140 1.6382338 1.2166591 1.1414786 1.5254014 1.2547384 1.3286744 1.5819766 0.0000000 1.6689178 1.7386917 1.7220641 1.7120268 1.7192250 1.8443450 1.8247055 2.8876181 2.2750430 2.2750430 2.2345242 2.2345242 2.2422661 2.2422661 1.8546192 1.9196623 1.9308471 2.0278174 2.0104588 1.9165557 2.2128593 2.1555684 1.7825746 1.7825746 1.7253369 1.7584785 2.0722146 1.8583835 2.1018484 2.3175352 1.6233927 2.4808303 2.1844960 1.7202312 1.6856363 1.6360381 1.8475187 2.0751296 1.9991961 2.3178218 1.8726789 1.8341774 1.8086776 2.5287152 1.5467320 1.9837852 2.0488047 1.7500259 2.3410372 2.7682687 2.1642944 1.7925595 1.8565861 2.0251421 1.9678431 1.9356649 2.3687454 2.2327468 2.0677969 1.6555702 1.8613713 2.3650027 2.3313141 2.6293688 2.4767383 2.3662291 2.5448874 2.7617647 2.2891291 2.4323917 2.1453962 2.2569909 3.1129227 1.8350970 4.2409446 
Morvir_scaffold386.g1.t1                               2.6986492 1.4566061 1.4247146 1.5776517 1.4108881 1.3500608 2.7746097 1.1063351 1.3273212 1.5225584 0.9694895 1.3000551 1.6607284 1.4900175 2.2318531 1.4622289 1.4019650 1.6717078 1.4442077 1.4950864 1.7442608 1.6661538 1.6689178 0.0000000 1.4438799 1.4366259 1.4269834 1.4346462 1.4545004 1.4403093 3.2165108 2.0066096 2.0066096 2.0066096 2.0066096 2.0066096 2.0066096 2.2090892 2.1644713 2.1644713 1.9581521 1.9581521 1.8483457 2.0167401 2.1239389 1.7910831 1.7910831 1.7910831 1.7910831 2.1146923 1.9466300 1.9282123 9.0000000 1.8502895 1.9491627 1.9796214 1.4844400 1.5759007 1.3520585 1.4834455 1.5196748 1.7929294 2.1776154 1.7806007 1.7851859 1.7509847 3.2067716 1.6942592 1.9722604 1.9430920 1.7274638 2.1959758 2.6127250 1.6471812 1.9584786 1.8320638 1.9182112 2.4329308 1.8448794 2.3393078 2.0157554 1.7147692 1.6522662 1.7428458 2.3255564 2.2273150 2.3229432 2.7156454 2.2419381 2.2073785 2.2849279 2.5532230 2.4989472 1.9168270 2.3786459 3.1326124 1.3071091 4.0007473 
HoiH23_PlH23_007572-RA                                 1.4793919 1.5282388 1.9695791 1.4887982 1.6554761 1.6000606 1.4300710 1.3852588 1.5219288 1.7341409 1.0824956 1.7122037 1.7460753 1.8095551 2.1001375 1.8270128 1.7021716 1.7725646 1.6905258 1.6683831 1.7552291 1.5547788 1.7386917 1.4438799 0.0000000 0.0778043 0.2124659 0.2128963 0.4238400 0.4276555 2.4051275 2.4385210 2.4385210 2.3694586 2.3694586 2.3734120 2.3734120 2.3848288 2.3674534 2.3833010 2.6139945 2.5899904 2.2565327 2.2617470 2.3930680 2.0170069 2.0170069 1.9491686 1.9729500 2.2744911 2.1644662 2.3325272 3.2472671 1.6739438 2.2500180 2.1669252 1.8431530 1.7823639 1.8351950 1.7422587 1.7768866 2.1766089 2.0636365 2.0380948 2.0780446 1.9425834 2.2970966 2.0553418 2.0357938 1.8898236 1.8635124 2.2282239 2.6495405 2.2264768 2.1438287 2.1409678 2.0553030 1.8514337 2.0465062 2.3284426 2.0640313 2.0232726 2.2102310 1.8665597 2.8487669 2.7458608 2.6997266 2.4331493 2.5982155 2.5921125 2.7882624 2.4569698 2.5634637 2.2390283 2.3236138 2.9796820 1.9241817 4.8353665 
HoiH06_mRNA9623                                        1.4963560 1.5357658 2.0300126 1.4583335 1.6756151 1.6062117 1.4127195 1.3542456 1.5379268 1.7169726 1.0570769 1.7096753 1.7617583 1.7901721 2.0087362 1.7526324 1.6921904 1.7423018 1.7115036 1.6275590 1.7334286 1.5091558 1.7220641 1.4366259 0.0778043 0.0000000 0.2129902 0.2112052 0.4090177 0.4128713 2.4124840 2.5047695 2.5047695 2.4292303 2.4292303 2.4331447 2.4331447 2.4582116 2.4236788 2.4399297 2.6212925 2.5963116 2.2384357 2.2672959 2.3853436 1.9787511 1.9787511 1.9802196 1.9442765 2.2614161 2.2203749 2.3624435 3.4033555 1.7764093 2.2912777 2.1496302 1.8620068 1.7614516 1.8200641 1.7664993 1.7889739 2.1750013 2.0444399 2.0058480 2.0579371 1.9515211 2.4419749 2.0157558 2.1114344 1.9067151 1.8728434 2.2413998 2.6799622 2.2468658 2.1431460 2.1677654 1.9572977 1.7888334 2.0049491 2.2958327 2.0972674 2.0648237 2.2184066 1.9044369 2.8095099 2.7666188 2.6446745 2.3390975 2.5671266 2.5698793 2.7140888 2.4540882 2.5080065 2.2217569 2.3357490 3.0591681 1.8816772 4.7082817 
Hhon_g08458.t1                                         1.5899556 1.5394832 1.9619145 1.4459263 1.6404943 1.6668390 1.5348523 1.3103747 1.5477230 1.6833195 0.9766194 1.7068664 1.7434479 1.7680244 1.9757263 1.7890923 1.6917967 1.7498510 1.6686570 1.6336815 1.6594621 1.5055219 1.7120268 1.4269834 0.2124659 0.2129902 0.0000000 0.0153153 0.4179546 0.4178332 2.4760231 2.4269345 2.4269345 2.3873835 2.3873835 2.3892097 2.3892097 2.2643159 2.3179456 2.3340291 2.5655576 2.5414473 2.2064570 2.3216876 2.3931297 1.9747438 1.9747438 1.8770982 1.9087467 2.2301969 2.1619325 2.3626881 3.4435520 1.6582208 2.2596602 2.1423631 1.8602683 1.8000383 1.8918484 1.7086129 1.7303132 2.0392633 2.1207101 1.8940060 1.9486160 1.8270147 2.2658062 1.9029244 2.1134742 1.9550680 1.8313117 2.3072353 2.6431067 2.2090344 2.1749606 2.1191904 2.0102891 1.8579553 2.0208914 2.3124602 2.0252401 2.1229337 2.1583926 1.9023019 2.8938388 2.6333484 2.6920104 2.4148388 2.5745422 2.5952748 2.7832434 2.3965428 2.6284648 2.2355843 2.2142295 2.9949588 1.9607859 5.0441557 
HoiH04_mRNA802                                         1.5777116 1.5404392 1.9627172 1.4411957 1.6307834 1.6614999 1.5348523 1.2953979 1.5483518 1.6979313 0.9766194 1.7058912 1.7622647 1.7544248 1.9600007 1.7614985 1.6903814 1.7555119 1.6835158 1.6099360 1.6791678 1.4905740 1.7192250 1.4346462 0.2128963 0.2112052 0.0153153 0.0000000 0.4269109 0.4267849 2.4306974 2.4203140 2.4203140 2.3686403 2.3686403 2.3712568 2.3712568 2.2588677 2.3057227 2.3218378 2.5501331 2.5259430 2.2052002 2.3214189 2.3960340 1.9507066 1.9507066 1.8755674 1.9056095 2.2446862 2.1594457 2.3726351 3.4391957 1.6544228 2.2731559 2.1386275 1.8316935 1.7802540 1.8903304 1.7026243 1.7161668 2.0495302 2.0969468 1.8940728 1.9521005 1.8213550 2.2658062 1.9063549 2.1461706 1.9835251 1.8376872 2.2668339 2.6926853 2.2165640 2.1858734 2.1377521 2.0174438 1.8884328 2.0087726 2.2855327 2.0230449 2.1289914 2.1659862 1.8931770 2.8560322 2.6400295 2.6756656 2.3714369 2.5661653 2.5599602 2.7538663 2.3708954 2.6126399 2.2200992 2.1959477 3.0005613 1.9122384 5.0179961 
TrH2_TrispH2_010973-RA                                 1.7390876 1.5661331 1.8146013 1.5528922 1.6304785 1.6968344 1.5295969 1.3016694 1.5774169 1.7745020 1.1063647 1.6319167 1.7828821 1.7492121 2.0095239 1.7142303 1.6929665 1.7910537 1.7460320 1.6467492 1.7566125 1.6234981 1.8443450 1.4545004 0.4238400 0.4090177 0.4179546 0.4269109 0.0000000 0.0069363 2.4790803 2.4730984 2.4730984 2.3963247 2.3963247 2.4043550 2.4043550 2.2158902 2.3067299 2.3229441 2.5555717 2.5307740 2.2149981 2.2610290 2.3863790 2.0907404 2.0907404 1.9441732 1.9248006 2.3177286 2.1923986 2.3804382 3.2046957 1.7181118 2.2904057 2.1722451 1.9205630 1.9896367 1.9356701 1.7300637 2.0080612 1.9781712 2.1678563 2.1072264 2.1160176 1.9981202 2.4571441 2.0992999 2.0122267 1.9872669 1.8160669 2.2999744 2.8710379 2.3626531 2.1480047 2.1090575 2.2847557 2.0949101 2.0565123 2.4323931 2.2240703 2.1288503 2.2217155 1.9440934 3.0134884 2.8265293 2.8312687 2.2893772 2.7213854 2.7283540 3.0294686 2.5736856 2.7198162 2.4433067 2.3812915 2.9821504 2.0526123 5.0704958 
Tadh_TriadT60375                                       1.7514020 1.5969575 1.8708104 1.5623982 1.6640057 1.7343385 1.5295969 1.3080315 1.6100431 1.7676391 1.1063647 1.6564039 1.7825867 1.7916913 2.0221122 1.7506233 1.6879645 1.7992565 1.7578842 1.6757352 1.7768325 1.6148589 1.8247055 1.4403093 0.4276555 0.4128713 0.4178332 0.4267849 0.0069363 0.0000000 2.5141253 2.4857293 2.4857293 2.3724798 2.3724798 2.3805090 2.3805090 2.1464002 2.2642590 2.2805437 2.5172440 2.4922766 2.1792349 2.2886821 2.4094575 2.0915298 2.0915298 1.9103547 1.8820816 2.3291072 2.1331181 2.3876002 3.3433742 1.7237673 2.2948174 2.1639636 1.9358350 2.0194547 1.9538813 1.7565353 1.9923070 1.9710209 2.1786417 2.1184056 2.1184389 2.0181379 2.4571441 2.0850213 2.0314824 2.0146550 1.8553599 2.3123541 2.8809210 2.4219698 2.1274250 2.1234693 2.2704453 2.0980216 2.0408601 2.4638512 2.2165795 2.1587753 2.2334747 1.9224874 2.9910043 2.8196072 2.8693814 2.3139104 2.6690453 2.7546914 3.0640507 2.5873744 2.7333810 2.4720230 2.3520482 2.9732594 2.1045801 4.9576751 
Bolinf_Binf_sb1224200                                  2.3293068 2.4634034 1.8977841 2.4353940 2.3869100 2.9087618 2.7465993 1.3055455 2.9102721 2.8633385 1.0556553 2.5431424 2.6768242 2.0429484 2.6087793 2.7740354 2.7069743 2.6495410 2.3399279 2.8051604 2.6826544 2.3810092 2.8876181 3.2165108 2.4051275 2.4124840 2.4760231 2.4306974 2.4790803 2.5141253 0.0000000 0.4614568 0.4614568 0.4570330 0.4570330 0.4570330 0.4570330 0.8159177 0.8159177 0.8159177 0.0000010 0.0000010 0.3096235 0.7740880 0.5161689 1.5855816 1.5855816 1.2006375 1.2006375 0.9753897 0.0000010 0.5854756 2.5820079 0.6263132 0.9464465 0.7869342 1.0636596 2.3347514 2.1671919 2.9069726 1.8938039 0.5439133 2.5368630 3.2084573 3.9945125 2.6984937 3.8691098 3.3744349 3.5801236 3.0761668 2.8269128 2.9754643 5.7993355 3.7607565 5.1999563 3.0569741 2.7887385 2.9362903 2.6038083 3.4640406 3.4297615 3.3532097 2.5043044 2.4933492 3.9010241 3.1571984 3.4047357 2.9800707 4.3741129 3.8643608 3.7812080 3.0052585 2.9057495 3.9197527 3.3903700 3.7707273 0.6707830 4.5051227 
Beraby_Baby_sb343828                                   2.9244383 2.0105280 1.8896551 2.0971651 2.1784184 2.2308916 2.6902568 1.5074927 2.1100377 2.1817838 1.1500153 2.1415573 2.1832171 1.8326833 2.7630876 2.1260477 2.3187892 2.4394295 2.0904115 2.1895358 2.3409657 1.8174204 2.2750430 2.0066096 2.4385210 2.5047695 2.4269345 2.4203140 2.4730984 2.4857293 0.4614568 0.0000000 0.0000010 0.0059351 0.0059351 0.0000010 0.0000010 0.4711436 0.8593646 0.8719334 1.2160510 1.1976521 0.7243496 0.7879958 0.8073640 1.0371574 1.0371574 0.9314943 0.7737521 0.9627086 0.8359970 0.6901898 1.2650839 0.7982111 0.7692086 0.6080830 1.7884180 1.9408108 2.0188181 2.3960109 2.5134888 1.6415677 2.5608932 2.5627935 2.5116945 2.2895089 4.1243747 2.4952659 2.3556974 2.4544977 2.1104347 2.8556523 3.2208481 2.6717591 2.0565054 2.1584898 2.5491127 3.0458670 2.4676902 2.9166899 2.5381316 2.1336815 2.1825136 2.2315288 3.0961363 2.7848325 2.8067677 2.6336825 2.7350703 2.9987674 2.9364489 2.8811809 2.5573537 2.6833521 2.5342314 3.6513560 1.9208596 4.1853740 
Beraby_Baby_sb343829                                   2.9244383 2.0105280 1.8896551 2.0971651 2.1784184 2.2308916 2.6902568 1.5074927 2.1100377 2.1817838 1.1500153 2.1415573 2.1832171 1.8326833 2.7630876 2.1260477 2.3187892 2.4394295 2.0904115 2.1895358 2.3409657 1.8174204 2.2750430 2.0066096 2.4385210 2.5047695 2.4269345 2.4203140 2.4730984 2.4857293 0.4614568 0.0000010 0.0000000 0.0059351 0.0059351 0.0000010 0.0000010 0.4711436 0.8593646 0.8719334 1.2160510 1.1976521 0.7243496 0.7879958 0.8073640 1.0371574 1.0371574 0.9314943 0.7737521 0.9627086 0.8359970 0.6901898 1.2650839 0.7982111 0.7692086 0.6080830 1.7884180 1.9408108 2.0188181 2.3960109 2.5134888 1.6415677 2.5608932 2.5627935 2.5116945 2.2895089 4.1243747 2.4952659 2.3556974 2.4544977 2.1104347 2.8556523 3.2208481 2.6717591 2.0565054 2.1584898 2.5491127 3.0458670 2.4676902 2.9166899 2.5381316 2.1336815 2.1825136 2.2315288 3.0961363 2.7848325 2.8067677 2.6336825 2.7350703 2.9987674 2.9364489 2.8811809 2.5573537 2.6833521 2.5342314 3.6513560 1.9208596 4.1853740 
Beraby_Baby_sb343832                                   2.9244383 1.9885956 1.8660560 2.0971651 2.1349126 2.1745028 2.6902568 1.5074927 2.0596260 2.2089080 1.1887621 2.1426458 2.1832171 1.8092922 2.7630876 2.1070634 2.3144715 2.3390023 2.0768657 2.1503037 2.2210289 1.8073332 2.2345242 2.0066096 2.3694586 2.4292303 2.3873835 2.3686403 2.3963247 2.3724798 0.4570330 0.0059351 0.0059351 0.0000000 0.0000010 0.0059351 0.0059351 0.4711436 0.7815148 0.7815148 1.0931796 1.0931796 0.6532099 0.7629106 0.7841058 0.9760732 0.9760732 0.9310485 0.7737521 0.9380059 0.8338991 0.6342917 1.2315548 0.7982111 0.7692086 0.6008845 1.6980110 1.8627044 1.9572059 2.3072854 2.1755359 1.6415677 2.4345243 2.4155747 2.5063228 2.1270003 4.1243747 2.4297723 2.3383066 2.4638267 2.1198787 2.7668469 3.2208481 2.5875503 2.0565054 2.1582168 2.4441721 3.0458670 2.3453781 2.8763905 2.4511880 1.9971063 2.1132038 2.2337034 3.1334281 2.7848325 2.6756782 2.6737927 2.6982665 2.8500231 2.9185294 2.6340081 2.4426941 2.6124344 2.5342314 3.6052638 1.7263220 4.2199349 
Beraby_Baby_sb343833                                   2.9244383 1.9885956 1.8660560 2.0971651 2.1349126 2.1745028 2.6902568 1.5074927 2.0596260 2.2089080 1.1887621 2.1426458 2.1832171 1.8092922 2.7630876 2.1070634 2.3144715 2.3390023 2.0768657 2.1503037 2.2210289 1.8073332 2.2345242 2.0066096 2.3694586 2.4292303 2.3873835 2.3686403 2.3963247 2.3724798 0.4570330 0.0059351 0.0059351 0.0000010 0.0000000 0.0059351 0.0059351 0.4711436 0.7815148 0.7815148 1.0931796 1.0931796 0.6532099 0.7629106 0.7841058 0.9760732 0.9760732 0.9310485 0.7737521 0.9380059 0.8338991 0.6342917 1.2315548 0.7982111 0.7692086 0.6008845 1.6980110 1.8627044 1.9572059 2.3072854 2.1755359 1.6415677 2.4345243 2.4155747 2.5063228 2.1270003 4.1243747 2.4297723 2.3383066 2.4638267 2.1198787 2.7668469 3.2208481 2.5875503 2.0565054 2.1582168 2.4441721 3.0458670 2.3453781 2.8763905 2.4511880 1.9971063 2.1132038 2.2337034 3.1334281 2.7848325 2.6756782 2.6737927 2.6982665 2.8500231 2.9185294 2.6340081 2.4426941 2.6124344 2.5342314 3.6052638 1.7263220 4.2199349 
Beraby_Baby_sb343830                                   2.9244383 1.9856878 1.8414771 2.0971651 2.1230673 2.1668769 2.6902568 1.5074927 2.0522723 2.1921707 1.1887621 2.1426458 2.1832171 1.8092922 2.7630876 2.1070634 2.3144715 2.3458535 2.0768657 2.1503037 2.2210289 1.8073332 2.2422661 2.0066096 2.3734120 2.4331447 2.3892097 2.3712568 2.4043550 2.3805090 0.4570330 0.0000010 0.0000010 0.0059351 0.0059351 0.0000000 0.0000010 0.4711436 0.7870963 0.7870963 1.0988168 1.0988168 0.6514106 0.7629106 0.7858322 0.9846384 0.9846384 0.9310485 0.7737521 0.9433207 0.8338991 0.6246368 1.1415983 0.7982111 0.7692086 0.6008845 1.6980110 1.8627044 1.9572059 2.3094474 2.1755359 1.6415677 2.4466159 2.4255836 2.5116945 2.1389533 4.1243747 2.4564375 2.3383066 2.4638267 2.1206074 2.7651150 3.2208481 2.5996776 2.0565054 2.1703781 2.4441721 3.0458670 2.3453781 2.8707360 2.4599279 1.9971063 2.1292870 2.2337034 3.1257624 2.7848325 2.7005545 2.6737927 2.7055180 2.8754865 2.9022601 2.6534481 2.4426941 2.6138489 2.5342314 3.6052638 1.7350783 4.2199349 
Beraby_Baby_sb343831                                   2.9244383 1.9856878 1.8414771 2.0971651 2.1230673 2.1668769 2.6902568 1.5074927 2.0522723 2.1921707 1.1887621 2.1426458 2.1832171 1.8092922 2.7630876 2.1070634 2.3144715 2.3458535 2.0768657 2.1503037 2.2210289 1.8073332 2.2422661 2.0066096 2.3734120 2.4331447 2.3892097 2.3712568 2.4043550 2.3805090 0.4570330 0.0000010 0.0000010 0.0059351 0.0059351 0.0000010 0.0000000 0.4711436 0.7870963 0.7870963 1.0988168 1.0988168 0.6514106 0.7629106 0.7858322 0.9846384 0.9846384 0.9310485 0.7737521 0.9433207 0.8338991 0.6246368 1.1415983 0.7982111 0.7692086 0.6008845 1.6980110 1.8627044 1.9572059 2.3094474 2.1755359 1.6415677 2.4466159 2.4255836 2.5116945 2.1389533 4.1243747 2.4564375 2.3383066 2.4638267 2.1206074 2.7651150 3.2208481 2.5996776 2.0565054 2.1703781 2.4441721 3.0458670 2.3453781 2.8707360 2.4599279 1.9971063 2.1292870 2.2337034 3.1257624 2.7848325 2.7005545 2.6737927 2.7055180 2.8754865 2.9022601 2.6534481 2.4426941 2.6138489 2.5342314 3.6052638 1.7350783 4.2199349 
Bolinf_Binf_sb1206662                                  0.0000010 1.4579754 1.7611484 1.6860377 1.7296137 1.7245366 0.0000010 1.6916340 1.7288884 1.7895782 1.6060015 1.9439178 1.7995060 1.8034808 0.0000010 1.6351491 1.8851335 1.8041413 1.9215821 1.8138059 1.9291020 1.8392977 1.8546192 2.2090892 2.3848288 2.4582116 2.2643159 2.2588677 2.2158902 2.1464002 0.8159177 0.4711436 0.4711436 0.4711436 0.4711436 0.4711436 0.4711436 0.0000000 0.0000010 0.0000010 0.0980398 0.0980398 0.3825983 0.5511393 0.5920500 0.6306188 0.6306188 0.6306188 0.6306188 0.6331870 0.7131619 0.5947988 0.0000010 0.9312860 0.7400092 0.4908118 1.6975608 1.7102761 1.8348868 1.8120010 2.1697351 2.1413508 2.1110509 1.8131700 1.7776418 1.7835472 0.0000010 1.9258518 1.9456405 2.3755183 1.9210240 1.9470650 1.4144384 1.2492507 1.8888337 1.9727172 2.0441468 2.4450868 2.0074262 2.3360033 2.2377135 1.7215682 1.5956934 2.0808115 2.3721936 2.0892096 2.8599439 2.3607500 2.2292601 2.1045937 2.2959624 2.4617919 2.1897065 2.1107678 2.3927082 3.8494628 1.8152229 3.7872731 
