98
Pbac_sb2644245                                         0.0000000 4.1084936 2.3036623 0.1810092 0.4278683 0.7701467 1.3341686 2.3618615 1.6910710 1.4397666 0.8555701 1.3138988 1.3138988 2.6024785 3.7941101 4.0375819 4.1664090 4.1598387 3.8676407 4.4031931 3.7727678 4.0790607 4.0998527 5.6337025 3.6176251 4.4085961 9.0000000 4.0296635 5.9651649 4.8286157 4.4108502 4.3582788 4.5961496 4.1489992 4.1255528 3.7109199 5.0364100 3.9184386 3.9042001 3.8061037 3.6420398 4.2335619 4.3629383 4.7889546 3.7455735 3.7781778 3.6268421 3.4761202 3.3100418 3.1581492 3.5015416 3.1222670 3.6916638 5.1192657 3.5914657 3.5974073 4.4654491 4.3930262 3.7677269 3.7611162 3.1434313 4.0815396 3.8521491 3.1003507 4.5492963 3.6710321 3.6710321 4.1614718 5.8126540 4.6920175 5.4106822 3.9948668 5.5314963 4.4454485 4.2187364 4.1082287 4.0550893 3.6841314 4.0163784 4.9552431 5.4259651 8.5725146 4.7218692 5.1559116 4.3033246 3.9722476 4.0020859 5.3374297 8.7676432 5.1230976 5.4856047 3.7236345 4.3263483 5.0295094 5.2405949 3.5787629 3.7595946 5.9818561 
Pbac_sb2644248                                         4.1084936 0.0000000 1.6194132 1.2548326 0.0768903 0.0680894 0.5482389 0.6531398 0.8028198 0.7746943 0.0000010 1.7255468 1.7255468 0.6911721 1.5798531 1.6145821 1.6016399 1.6016399 1.6112709 1.6157426 3.3113572 1.6792891 1.6247721 1.5713809 1.3579087 1.3559510 1.4187358 1.6453155 1.6348578 2.3380937 2.0140504 1.8629623 1.8803279 1.9126325 1.6881302 1.6289393 1.4369456 2.4839266 1.8269260 1.5218392 2.4687053 1.6483074 1.5128368 1.5508166 1.6764956 1.6139222 1.6711294 1.6224200 1.5166445 3.2542005 1.7222096 1.3973952 3.7147647 1.6531865 1.5420059 1.5996191 1.8503181 1.6764906 1.8751214 2.0708621 0.0000010 1.5985499 2.3187692 1.7708144 1.3192019 1.8093277 1.7920114 3.1969992 0.0000010 2.1219552 1.7899664 3.1816479 2.7990108 1.8371999 2.2152585 2.0545016 2.0353639 3.5186248 1.8087820 1.7446091 1.6433878 2.0332359 2.8457613 2.8146628 1.8449655 1.9686290 1.8701496 2.4116133 6.3195384 2.2047281 1.9279255 1.8327218 2.6852517 2.0256637 3.8329124 3.8739526 2.7262416 1.2142529 
Pbac_sb2644246                                         2.3036623 1.6194132 0.0000000 0.0241514 0.0349535 0.0412814 0.9143406 0.7337152 1.3152300 1.2652660 0.0000010 0.6407113 0.6407113 1.2716074 2.9956208 2.9956208 2.9681392 2.9975043 2.9389477 2.9829250 2.9681229 2.8678286 2.8366083 3.2299043 2.6728297 5.9615497 6.8554329 2.6893360 5.4687712 1.7251797 2.9249264 3.1117131 2.9127263 2.4953853 2.3702060 2.3684102 2.4644698 2.4150531 2.3740381 2.5617994 2.5675572 2.5256982 2.5840474 2.8787651 2.4480047 2.5012893 2.5376515 2.4430245 2.3758418 2.6417429 2.3403372 2.3960847 0.0000010 4.7075319 2.7801265 2.7271757 3.1676462 2.4524684 2.5663621 2.6701483 3.0825562 2.7890823 2.5462793 2.5922178 3.0809063 2.4189580 2.4118417 2.4337333 2.6610298 3.7189631 5.5114916 3.7416165 3.8087220 2.9495721 3.1018869 3.0170046 2.9993680 2.1574742 3.1659619 3.7461303 3.4741417 3.4813819 3.3788770 3.3247488 3.2878649 3.7736565 3.4174861 3.2935359 3.2514432 3.2516245 3.5394028 1.7707476 3.3101980 3.9067252 4.4394830 1.5388106 3.7149239 3.0112058 
Horcal_Hcv1.av93.c12.g540.i2                           0.1810092 1.2548326 0.0241514 0.0000000 0.0096297 0.0154963 0.9768019 0.7563853 1.3102843 1.2452109 0.8861227 0.9493199 0.9493199 2.0918871 3.0118966 3.0644596 3.0947734 3.1217981 3.0470428 3.1513003 3.0628730 3.0986793 3.0435128 3.6618217 3.0547547 0.0000010 7.0611240 3.0322836 0.0000010 0.0000010 2.9215860 3.2438138 3.1823632 2.8017257 2.7151972 2.6362819 2.6754796 2.8578372 2.6045218 2.7531666 2.8712447 2.8745770 2.7522649 0.0000010 2.7652291 2.8649278 2.8736173 2.7823478 2.6567400 3.0863785 2.6570746 2.5721726 0.0000010 4.9254930 2.7823539 2.8463987 3.5735483 2.7414316 2.7988321 2.7819481 3.0013892 2.5810821 2.7483916 3.0701064 2.1310496 2.6440119 2.6366278 2.8265488 0.0000010 3.8683736 0.0000010 3.6934809 4.2646296 3.1755603 3.5137418 3.3695571 3.2621788 2.7885498 3.3903684 3.9540733 3.7440096 3.7950611 3.5035103 3.5497750 3.7142651 3.8195241 3.4655586 3.6512898 3.5199257 3.7287581 3.8381982 1.7762082 3.4956805 4.1426040 4.4338677 2.2736446 4.0007887 3.6593893 
Horcal_Hcv1.av93.c12.g540.i1                           0.4278683 0.0768903 0.0349535 0.0096297 0.0000000 0.0135506 0.7873080 0.6194117 1.1602094 1.0968371 0.9021587 0.9595015 0.9595015 1.2662462 2.5977125 2.6184078 2.6102446 2.6233033 2.6363882 2.6291082 2.8022809 2.5117767 2.4769368 2.5452229 2.0411969 1.7080976 2.6157154 2.4082518 1.8659124 1.8354663 2.5499786 2.7465575 2.6487639 2.3686273 2.2304239 2.1759672 1.8457077 2.6487296 2.2493534 2.3559051 2.8227355 2.2122164 2.3764954 1.2594210 2.3791659 2.2681078 2.2893833 2.2496719 2.1502865 2.4331375 2.1434960 2.0950785 1.5540599 2.1273471 2.3636376 2.3612061 2.4091550 2.3498188 2.3369460 2.4217099 3.0013892 2.2870221 2.7466847 2.0202104 1.6023740 2.3487217 2.3430432 2.6849298 2.0106569 3.2593776 2.3193636 3.6540999 3.7097623 2.7691603 2.8800674 2.8756908 2.7815823 2.7134407 2.7089149 3.0862327 3.0120507 2.6952794 3.1260881 3.1538218 2.9806448 3.1571469 2.8722748 3.2761653 3.5891086 3.2323873 3.1609688 1.8284964 3.0579749 3.4074751 3.9416276 2.3036850 3.6456641 3.6389710 
Horcal_Hcv1.av93.c12.g540.i3                           0.7701467 0.0680894 0.0412814 0.0154963 0.0135506 0.0000000 0.7742738 0.6191346 1.1648292 1.0913358 1.2380293 0.8678536 0.8678536 1.2685302 2.5286306 2.5312322 2.5204357 2.5357456 2.5384532 2.5144295 2.7078807 2.4103452 2.3661873 2.5394233 1.9760837 1.7080976 2.6177136 2.2893610 1.8659124 1.8354663 2.5351177 2.6207528 2.5177262 2.2602258 2.1566885 2.0764185 1.8555761 2.5492475 2.1719257 2.3091214 2.7972473 2.1485711 2.3179674 1.2594210 2.3358180 2.1949399 2.2150495 2.1968511 2.1261620 2.3886747 2.0593048 2.0307012 1.5540599 2.1396703 2.3228095 2.3222626 2.3919407 2.2769846 2.2384978 2.3299573 2.5636163 2.2467693 2.5854639 2.0276676 1.6023740 2.2565624 2.2504878 2.4886712 1.9889385 3.1547661 2.3193636 3.5682108 3.6217981 2.6712653 2.7803838 2.7865843 2.6937883 2.4244873 2.6250454 3.0041250 2.8789122 2.6799486 3.0402738 3.0339289 2.8648938 3.1465482 2.7332751 3.1922110 3.5740675 3.1201603 3.0902607 1.8284964 2.9637637 3.2555522 3.9170459 1.9192244 3.7347437 3.3639826 
Lampan_Lpan_C419587_01                                 1.3341686 0.5482389 0.9143406 0.9768019 0.7873080 0.7742738 0.0000000 0.6030146 0.8247539 0.7941789 0.5961702 0.6463614 0.6463614 0.8255160 2.3539947 2.3780468 2.4261785 2.4193534 2.4239114 2.4093092 2.6052788 2.2297623 2.1946999 2.2601755 1.8703002 1.5404092 2.2141932 2.2484984 1.8216652 1.4099519 2.3534373 2.4446278 2.4319726 2.1643387 1.9391510 1.9705268 1.7156442 2.2532629 1.9597012 2.0635413 2.2724531 2.0014772 2.1564675 1.1726182 2.0450822 1.9355936 1.9568496 2.0120189 1.9366137 2.1996590 1.8829968 1.8416660 1.4634706 1.9116086 2.1678412 2.1631547 2.1821066 2.1194813 2.0806016 2.2088738 3.0667525 2.2072990 2.5613546 1.8916670 1.6511728 2.1765213 2.1797420 2.3547723 2.0886527 3.1011728 2.0519828 3.4687598 3.4159130 2.5313266 2.5265382 2.4750039 2.5214804 2.4654932 2.5501243 2.6119952 3.0096831 2.9382644 2.9643365 2.9639308 2.7663062 3.0881907 2.9218623 3.2411348 3.6471662 3.2549358 3.2618087 1.3224947 2.8709255 3.1824857 3.7219923 2.0790109 3.2627233 3.1954125 
Mlei_ML0590.g8.i1                                      2.3618615 0.6531398 0.7337152 0.7563853 0.6194117 0.6191346 0.6030146 0.0000000 1.0532234 0.9583700 0.0000010 0.4685116 0.4685116 1.0661453 2.3845879 2.3907415 2.3833095 2.3984660 2.4401775 2.3766804 2.5784264 2.2439169 2.2522343 2.3237134 1.9544531 1.8352033 2.7536398 2.1734406 1.9183983 1.7100328 2.4111447 2.4591571 2.4332529 2.1113456 1.8771286 1.9164749 1.8998004 2.2030068 1.9678294 2.2059837 2.2171063 1.9738480 2.2371645 1.1863690 2.1520954 2.0243027 2.0673997 1.9711968 1.9632971 2.2320919 1.9687824 1.9985698 1.5004196 2.0579940 2.2482743 2.2741807 2.4161320 2.1488230 2.2231749 2.4007227 3.0764081 2.3089054 2.5130718 2.1128500 1.6533488 2.2501502 2.2377723 2.4229752 2.0294255 3.1591301 2.2468972 3.8484409 3.5353614 2.7442886 2.7531195 2.7102367 2.7812821 2.0753134 2.5368319 2.7613876 2.8861152 2.9536559 2.8421008 2.8451483 2.7002063 3.1404651 3.1040328 3.1993594 3.6200436 3.1658672 3.3262461 1.4199817 3.0178283 3.1946385 4.1120283 1.6806681 3.7053667 2.9072106 
Vmul_Simscaffold14785_01                               1.6910710 0.8028198 1.3152300 1.3102843 1.1602094 1.1648292 0.8247539 1.0532234 0.0000000 0.4305573 0.6865367 0.8114485 0.8114485 1.3540330 2.6265421 2.6776321 2.5736386 2.5684582 2.5786762 2.5617314 2.7884381 2.4298645 2.4229694 2.5001307 2.0520914 1.8292945 2.5639939 2.5377896 2.1482742 1.6364520 2.5317471 2.6896135 2.6276480 2.3476026 2.1604775 2.2203897 1.9511236 2.3213181 2.1147946 2.2691584 2.3234886 2.1906457 2.3116954 1.4403937 2.2800053 2.1446747 2.1765221 2.1710048 2.0847856 2.4438758 2.1847878 2.0794338 2.0419462 2.3892717 2.3080204 2.2817726 2.5158302 2.3486552 2.3300824 2.4078515 3.8114210 2.3695175 2.6424901 2.1719274 1.9343472 2.4184287 2.4154984 2.4159720 2.5211195 3.3159883 2.6655203 3.5559011 3.6593277 2.7820289 2.7246223 2.6177178 2.6742535 2.6225778 2.7321649 2.9244251 3.2405884 3.2315474 3.2472920 3.3610076 2.7621330 3.2025732 3.2671697 3.3477687 3.6330509 3.4086508 3.3030076 1.4526135 3.0030722 3.2269211 4.0621362 2.1578841 3.6186558 3.3269670 
Coemet_Cmet_scaffold16093_01                           1.4397666 0.7746943 1.2652660 1.2452109 1.0968371 1.0913358 0.7941789 0.9583700 0.4305573 0.0000000 0.8465437 0.7791755 0.7791755 1.3099004 2.6819187 2.7283226 2.6112471 2.6064388 2.5916115 2.5905363 2.7930268 2.3948458 2.3929222 2.4718102 2.0273439 1.9355357 2.6505772 2.4161582 2.1630691 1.8131543 2.5194058 2.6895851 2.4703038 2.3655660 2.1472912 2.1418822 2.0242596 2.2273993 2.1130342 2.2890099 2.4702013 2.2502372 2.3935135 1.5346402 2.2674229 2.2068664 2.2355212 2.2181067 2.1597935 2.5664383 2.1536423 2.0655665 1.8681348 2.5159849 2.4848661 2.4128993 2.6604960 2.4039878 2.3258555 2.3954249 3.0181010 2.4824056 2.6161361 2.2055271 1.9199985 2.4971291 2.4993356 2.4927250 2.5746755 3.2967080 2.4792581 3.6045829 3.7467285 2.7383466 2.6976801 2.6173897 2.6661198 2.4647794 2.7066713 3.0231841 3.2065032 3.2159646 3.4110756 3.3908867 2.8589221 3.2541144 3.2942938 3.4148539 3.6836002 3.3631029 3.3847682 1.5328114 3.1009575 3.2942681 3.9945190 2.1131535 3.4047810 3.3967743 
Mlei_ML0590.g7.i1                                      0.8555701 0.0000010 0.0000010 0.8861227 0.9021587 1.2380293 0.5961702 0.0000010 0.6865367 0.8465437 0.0000000 0.8539213 0.8539213 0.0000010 2.9457190 3.2419891 2.9535735 2.9421175 3.0357696 3.3699858 2.8055622 3.5153414 3.5134047 7.8279655 2.6962080 0.0000010 0.0000010 2.8731961 0.0000010 0.0000010 2.8966167 3.6606959 4.1622515 3.5096903 3.0991971 3.1191365 0.0000010 3.1885467 3.1625409 2.2630801 2.8693709 3.2014703 3.0775853 0.0000010 2.5881635 2.5923312 2.6464343 2.7359982 2.2875826 2.6029415 2.9817612 2.5743344 0.0000010 2.3708961 2.4307410 2.2614053 6.6392882 3.5681315 2.9271640 2.9874808 3.3495381 1.9777834 2.9188260 0.0000010 0.0000010 3.1292016 3.1292016 3.3051746 0.0000010 3.2549363 0.0000010 3.0265635 3.9106785 2.7687851 3.0896964 3.1077323 3.0533157 3.2045718 3.4465802 3.5578240 4.8113298 0.0000010 3.9864741 3.8385021 3.7480268 2.8502312 3.1681405 3.5684174 8.3094129 3.3414733 3.8036384 0.0000010 3.6414497 4.1814877 3.9195695 3.5557651 3.2581950 6.1988099 
Eupdun_Edun_sb10668618                                 1.3138988 1.7255468 0.6407113 0.9493199 0.9595015 0.8678536 0.6463614 0.4685116 0.8114485 0.7791755 0.8539213 0.0000000 0.0000010 0.0000010 2.5029437 2.6262041 2.5473832 2.5725787 2.4950781 2.4672317 2.5272407 2.3654072 2.2670934 8.9999990 2.3944204 0.0000010 6.9287023 2.2741590 0.0000010 0.0000010 1.5754383 2.4150687 2.6366368 2.3272214 2.1858701 2.1509003 0.0000010 2.2107759 2.2358653 1.8898331 1.8999378 2.1273204 2.1083943 0.0000010 1.8925760 1.8031962 1.8102193 1.8683172 1.8075148 2.2797373 2.0096859 1.8589369 0.0000010 2.3708961 2.2030522 2.1002224 2.3512763 2.4927110 2.0101601 2.1426338 2.8444889 1.5234849 2.1720669 0.0000010 4.0393443 1.9954243 1.9954243 1.9192913 0.0000010 3.1071419 0.0000010 2.7203149 3.8753268 2.2536082 2.6046113 2.6148242 2.5564872 2.3109921 2.4111730 2.8666363 3.2019533 8.9999990 3.0158850 3.4547048 2.8665509 2.8078987 2.7689219 2.9078279 3.2278687 3.1546391 3.1718665 0.0000010 3.0184637 3.1901800 3.6051308 1.9096064 3.9851543 3.3915868 
Eupdun_Edun_sb10668605                                 1.3138988 1.7255468 0.6407113 0.9493199 0.9595015 0.8678536 0.6463614 0.4685116 0.8114485 0.7791755 0.8539213 0.0000010 0.0000000 0.0000010 2.5029437 2.6262041 2.5473832 2.5725787 2.4950781 2.4672317 2.5272407 2.3654072 2.2670934 8.9999990 2.3944204 0.0000010 6.9287023 2.2741590 0.0000010 0.0000010 1.5754383 2.4150687 2.6366368 2.3272214 2.1858701 2.1509003 0.0000010 2.2107759 2.2358653 1.8898331 1.8999378 2.1273204 2.1083943 0.0000010 1.8925760 1.8031962 1.8102193 1.8683172 1.8075148 2.2797373 2.0096859 1.8589369 0.0000010 2.3708961 2.2030522 2.1002224 2.3512763 2.4927110 2.0101601 2.1426338 2.8444889 1.5234849 2.1720669 0.0000010 4.0393443 1.9954243 1.9954243 1.9192913 0.0000010 3.1071419 0.0000010 2.7203149 3.8753268 2.2536082 2.6046113 2.6148242 2.5564872 2.3109921 2.4111730 2.8666363 3.2019533 8.9999990 3.0158850 3.4547048 2.8665509 2.8078987 2.7689219 2.9078279 3.2278687 3.1546391 3.1718665 0.0000010 3.0184637 3.1901800 3.6051308 1.9096064 3.9851543 3.3915868 
Eupdun_Edun_sb10621446                                 2.6024785 0.6911721 1.2716074 2.0918871 1.2662462 1.2685302 0.8255160 1.0661453 1.3540330 1.3099004 0.0000010 0.0000010 0.0000010 0.0000000 3.0085784 3.0085784 3.0048242 3.0048242 2.9763402 2.9979109 2.9676913 2.0039219 2.0452208 2.0452208 2.0751601 8.9999989 3.5343815 2.1448601 8.3837939 0.0000010 2.2040482 2.3749783 2.0183851 1.8652733 1.6147226 1.7128962 1.8793063 1.6655745 1.6750481 1.8259108 2.2504156 1.8927317 1.9799827 2.6036103 1.6927736 1.7497552 1.7791913 1.7128644 1.7008707 1.7008707 1.7556772 1.6303019 0.0000010 4.2344119 2.3723830 2.3511687 2.3180266 2.0244868 2.1464908 2.3547138 0.0000010 2.5487301 2.3955339 1.9753545 0.0000010 1.8804413 1.8804413 1.8440675 1.5375018 3.3739168 0.0000010 3.1464414 3.1523931 2.8673543 2.4784518 2.2703903 2.3063171 0.0000010 2.5665576 2.5800155 2.8574702 3.0800322 2.7279209 2.6833520 2.7942835 3.2406085 3.0626527 2.6073601 2.3907197 2.7229330 2.7448629 0.3858264 2.8066029 3.2508831 3.3846810 2.5169050 2.6521153 2.7738415 
TrH2_TrispH2_002145-RA                                 3.7941101 1.5798531 2.9956208 3.0118966 2.5977125 2.5286306 2.3539947 2.3845879 2.6265421 2.6819187 2.9457190 2.5029437 2.5029437 3.0085784 0.0000000 0.0055839 0.2070333 0.2074581 0.2252783 0.2329960 0.2234830 2.0859208 2.0184191 2.0899957 1.8977757 1.7520264 2.3708250 2.2297709 1.7939821 1.7957742 2.1429351 2.3037244 2.3364180 1.9569665 1.7364764 1.9115654 1.8113460 1.9364314 1.9269990 1.8537125 2.0805334 2.0454035 2.0515242 1.3507781 1.9914923 1.9417734 1.9135572 1.9288603 1.8747645 2.1861346 1.8706036 1.8790941 1.6435842 2.0077350 2.0213598 2.0666610 2.1366660 2.0519755 2.0913016 2.2665292 2.7757577 2.1048195 2.5002542 1.8177158 1.4840711 2.1590885 2.1492262 2.4399679 1.7335887 3.2666009 2.1189795 3.5394773 3.5730498 2.6867128 2.3727533 2.4118776 2.3661064 2.2310004 2.6336182 2.8953353 3.0395527 2.9498470 3.2651711 3.2856720 2.8617654 3.1784510 2.8268894 3.0806756 3.7357694 3.1732236 3.0135956 2.5344697 2.9218551 2.9247507 3.6070066 2.0375485 3.0416013 3.4751765 
Tadh_TriadT54772                                       4.0375819 1.6145821 2.9956208 3.0644596 2.6184078 2.5312322 2.3780468 2.3907415 2.6776321 2.7283226 3.2419891 2.6262041 2.6262041 3.0085784 0.0055839 0.0000000 0.2141013 0.2131016 0.2269346 0.2257478 0.2247377 2.0852144 2.0209389 2.0899957 1.8977757 1.7520264 2.3708250 2.2556820 1.8124632 1.7873086 2.1429351 2.3627114 2.3677374 1.9680212 1.7574618 1.9365371 1.8092737 1.9921337 1.9524048 1.8755518 2.1457542 2.0797015 2.0657628 1.3478782 2.0103698 1.9589972 1.9306644 1.9487229 1.8923197 2.2148805 1.8845034 1.9108087 1.6435842 2.0148891 2.0333047 2.1111056 2.1431540 2.0739703 2.0878285 2.2795498 2.7757577 2.1584291 2.5416380 1.8177158 1.4990115 2.1993812 2.1892641 2.4638582 1.7335887 3.3196626 2.1189795 3.6637047 3.6012507 2.7568232 2.3899493 2.4324826 2.3817185 2.3601731 2.6595693 2.8953810 3.1435318 2.9692487 3.3055969 3.3329001 2.8812628 3.2211148 2.8781610 3.1343710 3.7890749 3.2324836 3.0882899 2.5344697 2.9952511 2.9431116 3.6547033 1.9667829 3.1498795 3.5875665 
Hhon_g04686.t1                                         4.1664090 1.6016399 2.9681392 3.0947734 2.6102446 2.5204357 2.4261785 2.3833095 2.5736386 2.6112471 2.9535735 2.5473832 2.5473832 3.0048242 0.2070333 0.2141013 0.0000000 0.0066023 0.0679884 0.0710121 0.1429947 2.1228311 2.0612190 2.0775200 1.9449538 1.7363148 2.3797098 2.2918296 1.7841318 1.7025964 2.1432204 2.3229803 2.3460252 1.9780956 1.7715923 1.9507363 1.8681449 1.9473805 1.8876851 1.7875935 2.1210496 2.0629651 2.0386157 1.4414243 2.0918137 2.0130800 1.9879214 2.0152938 1.9298312 2.2587491 1.9146314 1.9033337 1.6311256 2.0438857 2.0750216 2.0533856 2.1227020 2.1271469 2.0648373 2.2397316 2.8689516 2.1252940 2.4916855 1.8316472 1.4872019 2.1522076 2.1424591 2.4091211 1.7496211 3.2794311 2.2292115 3.6094291 3.6782591 2.7549922 2.4360713 2.4486877 2.3739782 2.2266599 2.5721639 2.9112446 3.0668432 2.9172343 3.3015175 3.3389239 2.8492565 3.2323120 2.8151512 3.0973828 3.7172507 3.1747434 3.0335925 2.4990736 2.8758898 2.8672520 3.5419640 2.1786904 3.0625126 3.3763855 
HoiH04_mRNA1867                                        4.1598387 1.6016399 2.9975043 3.1217981 2.6233033 2.5357456 2.4193534 2.3984660 2.5684582 2.6064388 2.9421175 2.5725787 2.5725787 3.0048242 0.2074581 0.2131016 0.0066023 0.0000000 0.0654129 0.0692427 0.1399497 2.1281176 2.0682781 2.0829753 1.9440048 1.7363148 2.3797098 2.2888251 1.7841318 1.7025964 2.1468471 2.3135195 2.3322432 1.9817739 1.7706421 1.9538837 1.8681449 1.9524406 1.8910684 1.7936038 2.1267053 2.0621905 2.0311032 1.4414243 2.0992724 2.0135142 1.9883293 2.0173613 1.9395797 2.2574018 1.9109365 1.9088643 1.6311256 2.0438857 2.0700333 2.0485035 2.1248579 2.1209212 2.0573245 2.2277052 2.7748192 2.1205724 2.4751016 1.8316472 1.4872019 2.1525203 2.1427678 2.4179315 1.7496211 3.2829404 2.2292115 3.5755250 3.6638453 2.7547049 2.4304194 2.4368914 2.3685489 2.1914900 2.5696461 2.9031816 3.0597241 2.9172343 3.3128799 3.3408830 2.8465076 3.2249189 2.8265149 3.0888183 3.7102379 3.1695240 3.0296761 2.4819743 2.8773537 2.8593409 3.5400924 2.1602600 3.0489922 3.3987951 
HoiH06_mRNA7093                                        3.8676407 1.6112709 2.9389477 3.0470428 2.6363882 2.5384532 2.4239114 2.4401775 2.5786762 2.5916115 3.0357696 2.4950781 2.4950781 2.9763402 0.2252783 0.2269346 0.0679884 0.0654129 0.0000000 0.0430157 0.1508097 2.1424045 2.0903859 2.1190362 1.9417911 1.7083735 2.6361126 2.3104959 1.7368986 1.3518045 2.1317534 2.3144500 2.3423489 1.9640857 1.7436936 1.9423766 1.8594958 1.9193163 1.8591787 1.7402089 2.1453776 2.0200793 2.0518044 1.2731179 2.0903066 2.0059536 1.9763279 2.0277480 1.9381441 2.2363459 1.8994023 1.8901333 1.5439476 2.1164524 2.1010544 2.0917507 2.1597686 2.0989298 2.0969064 2.2579833 2.5931394 2.1719438 2.5350683 1.9028806 1.5454124 2.1052776 2.1035015 2.3981065 1.8027936 3.3392996 2.2538049 3.6403624 3.7292103 2.7879591 2.4412437 2.4385934 2.3599571 2.2116337 2.6031740 2.9452522 3.0931857 2.8076075 3.3812852 3.3904845 2.9803084 3.3130504 2.9466702 3.1625941 3.7236613 3.2042057 3.0243444 2.6344950 2.8383257 2.9145137 3.6593726 2.1684609 3.0745402 3.4194005 
HoiH23_PlH23_002127-RA                                 4.4031931 1.6157426 2.9829250 3.1513003 2.6291082 2.5144295 2.4093092 2.3766804 2.5617314 2.5905363 3.3699858 2.4672317 2.4672317 2.9979109 0.2329960 0.2257478 0.0710121 0.0692427 0.0430157 0.0000000 0.1623701 2.0908436 2.0576304 2.1189758 1.8673104 1.7210566 2.4367381 2.2448936 1.7786326 1.6846198 2.1314866 2.3004389 2.3419757 2.0010347 1.7978608 1.9675314 1.8369274 1.9612273 1.8807055 1.7731106 2.1867574 2.0569610 2.0498188 1.4033633 2.1038544 2.0078638 1.9867467 2.0454689 1.9542591 2.2841927 1.8893933 1.8862174 1.5744153 2.0599330 2.0742961 2.1027791 2.0996836 2.1075674 2.0302650 2.2041306 2.6481584 2.1895706 2.5993795 1.8311275 1.4943307 2.1523164 2.1423298 2.3926812 1.8331523 3.2389211 2.2025360 3.6595659 3.6816099 2.6894557 2.4336471 2.4594586 2.3769098 2.2886728 2.5628116 2.8848708 3.0378204 2.8953010 3.2708729 3.3231400 2.8499223 3.2084704 2.8128756 3.1100157 3.6815652 3.2382375 2.9516076 2.6106032 2.8354383 2.8105050 3.5509779 2.0962254 3.3457056 3.3146197 
HoiH11_mRNA3489                                        3.7727678 3.3113572 2.9681229 3.0628730 2.8022809 2.7078807 2.6052788 2.5784264 2.7884381 2.7930268 2.8055622 2.5272407 2.5272407 2.9676913 0.2234830 0.2247377 0.1429947 0.1399497 0.1508097 0.1623701 0.0000000 2.2025630 2.1476858 2.1945074 2.0437541 1.9909222 3.9745428 2.4199159 2.1566194 1.3102176 2.2147235 2.3562483 2.4619702 2.0472260 1.8726223 2.0393664 2.1367989 2.0050675 2.0423135 1.9382649 2.1286030 2.2377515 2.2353248 1.3870321 2.1691349 2.1253427 2.0841372 2.1444096 2.1046278 2.3031586 1.9672753 2.0510027 1.2213035 2.4067980 2.2605166 2.2358472 2.3206721 2.2129709 2.2338615 2.3608948 2.4840021 2.2971368 2.4349090 1.9885130 1.8288950 2.2911254 2.2891358 2.5352432 1.8045865 3.5713309 2.5831201 3.6866207 4.0989790 2.9815977 2.5326255 2.5442308 2.4628013 2.2513555 2.7679349 3.2027439 3.3029758 2.9451368 3.4418162 3.4536019 3.1030872 3.5435192 3.0675242 3.3323565 3.8132229 3.3692435 3.2820779 2.5278942 3.0514494 3.1698051 3.6235488 2.1361894 3.1599018 3.5048105 
Emue_Em0021g225a.t1                                    4.0790607 1.6792891 2.8678286 3.0986793 2.5117767 2.4103452 2.2297623 2.2439169 2.4298645 2.3948458 3.5153414 2.3654072 2.3654072 2.0039219 2.0859208 2.0852144 2.1228311 2.1281176 2.1424045 2.0908436 2.2025630 0.0000000 0.0842257 0.1005651 0.6418925 0.7072718 0.5612329 1.0703483 0.6184490 0.8216106 0.9259559 1.0189288 1.0728670 1.4069446 1.2427513 1.3200067 1.2526036 1.1792407 1.2048587 1.2148381 1.4367459 1.4214239 1.4613437 1.1372542 1.3580152 1.3155493 1.3131816 1.3077515 1.3236011 1.5625873 1.2938130 1.3077505 1.7507400 1.5657868 1.6195829 1.5877105 1.5743322 1.5749913 1.5912378 1.7408761 2.1767275 1.6933413 1.9692949 1.6330038 1.5270404 1.6254644 1.6240226 1.5465730 1.4519582 2.6787018 2.5924152 2.8708211 3.1272846 2.3432639 2.0727637 2.0123938 2.1095475 1.9419712 2.2915888 2.4939528 2.4938172 2.8906888 2.7856997 2.7384142 2.5041710 2.7682309 2.6167200 2.8743362 3.0292852 2.8290274 2.7816842 2.6049220 2.6225992 2.6092009 3.4755116 0.8367709 2.5322973 2.3262289 
Spolac_c102908_g1_i1_m.31581c102908-g1                 4.0998527 1.6247721 2.8366083 3.0435128 2.4769368 2.3661873 2.1946999 2.2522343 2.4229694 2.3929222 3.5134047 2.2670934 2.2670934 2.0452208 2.0184191 2.0209389 2.0612190 2.0682781 2.0903859 2.0576304 2.1476858 0.0842257 0.0000000 0.0257568 0.6128816 0.6705265 0.6127915 1.0446482 0.6008432 0.8209620 0.9439908 1.0330667 1.0768912 1.4166465 1.2135413 1.3215431 1.2383194 1.1616868 1.2214459 1.2199140 1.4057482 1.4388981 1.4384305 1.1319022 1.3528506 1.3000601 1.3078681 1.2906452 1.2962194 1.5271244 1.2923396 1.2941296 1.7097236 1.6120938 1.6111480 1.5759165 1.5834370 1.5622961 1.5849140 1.7537993 2.1122580 1.6641361 1.9461093 1.6148985 1.4966303 1.6663197 1.6648610 1.5402851 1.4491131 2.6980302 2.5105719 2.8621687 3.1207861 2.3107516 2.0837474 2.0082625 2.1270364 1.9801036 2.2953769 2.5395434 2.4980647 2.8386990 2.8228513 2.7772422 2.5140414 2.8281089 2.5694082 2.8862906 2.9977440 2.8172288 2.7456240 2.5607346 2.6300920 2.5942291 3.4286192 0.8046844 2.4809125 2.2769702 
Spolac_c102908_g1_i2_m.31582c102908-g1                 5.6337025 1.5713809 3.2299043 3.6618217 2.5452229 2.5394233 2.2601755 2.3237134 2.5001307 2.4718102 7.8279655 8.9999990 8.9999990 2.0452208 2.0899957 2.0899957 2.0775200 2.0829753 2.1190362 2.1189758 2.1945074 0.1005651 0.0257568 0.0000000 0.5664427 0.6705265 0.5916583 1.0417930 0.6008432 0.8209620 1.0423303 1.0544195 1.0893098 1.4495576 1.2250314 1.3304287 1.2383194 1.1800827 1.2332201 1.2869953 1.5626627 1.4402559 1.4938819 1.1319022 1.4470792 1.3748597 1.3485193 1.3687286 1.3582597 1.5966790 1.3266335 1.3408442 1.7097236 1.6040198 1.7326810 1.7357253 1.5344752 1.5674314 1.6755835 1.8497453 8.9999984 1.7496082 2.1869843 1.6148985 1.4056545 1.6724922 1.6705862 1.5875580 1.4491131 2.8589455 2.5105719 3.2852524 3.1620126 2.3626386 2.0629868 1.9802740 2.1610372 2.4414740 2.3736855 2.4061172 2.4389167 2.7663129 2.8330067 2.8475316 2.5081094 2.9460776 2.5829388 2.9254159 2.9813797 2.7711944 2.8114597 2.5769837 2.7218435 2.5666395 3.3199155 1.5161972 2.1779277 2.1979195 
Tetwil_g4333.t1                                        3.6176251 1.3579087 2.6728297 3.0547547 2.0411969 1.9760837 1.8703002 1.9544531 2.0520914 2.0273439 2.6962080 2.3944204 2.3944204 2.0751601 1.8977757 1.8977757 1.9449538 1.9440048 1.9417911 1.8673104 2.0437541 0.6418925 0.6128816 0.5664427 0.0000000 0.0833723 0.7238825 0.8879988 0.5087031 0.6566268 1.0452807 1.0884945 1.1271130 1.3255387 1.1699457 1.3380197 1.1794198 1.3203927 1.2344762 1.2186232 1.7612516 1.3748670 1.5883781 1.0097854 1.4695521 1.3626777 1.3822028 1.3297907 1.3991946 1.5497970 1.2985877 1.3110370 1.4051900 1.5169163 1.6543101 1.6467898 1.4733829 1.5052596 1.5652617 1.6862023 1.5540747 1.7172937 2.1431831 1.5209201 1.5242041 1.4442740 1.4442740 1.5917199 1.3406301 2.7182727 2.4012644 3.2633119 2.7286045 2.1801523 2.0382947 1.9605104 1.9549939 2.5482791 2.0188775 2.1051889 2.4149660 2.7445303 2.3383583 2.3339827 2.0349028 2.3356558 2.2648908 2.8426489 5.6137283 3.3153638 2.5067201 4.4068246 2.5657595 2.2158569 3.3474279 0.7453553 2.2164707 4.7802548 
Tetwil_g4335.t1                                        4.4085961 1.3559510 5.9615497 0.0000010 1.7080976 1.7080976 1.5404092 1.8352033 1.8292945 1.9355357 0.0000010 0.0000010 0.0000010 8.9999989 1.7520264 1.7520264 1.7363148 1.7363148 1.7083735 1.7210566 1.9909222 0.7072718 0.6705265 0.6705265 0.0833723 0.0000000 0.5527408 0.8169149 0.3277990 0.6358628 1.2923293 1.0932069 1.1709226 1.3505148 1.0630966 1.3333136 1.3128070 0.0000010 1.2645874 1.2185650 2.1670277 1.2143082 1.5556752 0.9801773 1.7684661 1.4295986 1.4143201 1.3729772 1.4731186 2.0624378 1.3446470 1.3753213 1.4051900 1.5142412 1.5161622 1.5116827 1.4838755 1.3010469 1.5342601 1.7829557 0.0000010 1.5140426 0.0000010 1.5933759 1.5785942 1.3943600 1.3943600 0.0000010 1.7240080 2.5400169 2.3954521 0.0000010 2.4218652 1.8585933 1.8147369 1.9111828 1.9655008 1.3701769 1.7966801 1.8121223 2.0433119 2.9167442 1.9795120 2.2073876 1.6025273 1.7740078 1.7470592 2.4664495 8.9999983 2.6446672 2.1954850 7.9181762 2.0815253 1.5474061 2.8378392 2.2387907 0.0000010 0.0000010 
Emue_Em0001g3567a.t1                                   9.0000000 1.4187358 6.8554329 7.0611240 2.6157154 2.6177136 2.2141932 2.7536398 2.5639939 2.6505772 0.0000010 6.9287023 6.9287023 3.5343815 2.3708250 2.3708250 2.3797098 2.3797098 2.6361126 2.4367381 3.9745428 0.5612329 0.6127915 0.5916583 0.7238825 0.5527408 0.0000000 1.2858291 0.4014100 1.0556871 1.8016450 1.5923890 1.6360380 1.6167750 1.6366439 1.6296932 1.4587923 3.1665071 1.7357389 1.5779586 3.2805593 1.7004428 1.6065933 1.1012091 1.9366509 1.8811093 1.8766090 1.8399663 1.8719670 3.9766899 1.8581205 1.8710290 2.4431100 1.4633003 1.9654218 2.0499858 2.1352090 1.9160393 2.0901380 3.8576176 0.0000010 2.1410368 6.1286857 1.5956248 1.3443312 2.0844360 2.0747973 3.6322031 3.0410625 3.9120797 2.7539912 8.9999983 3.4725338 2.4284548 2.6071249 2.2832034 2.4992575 6.8088119 2.3557386 2.6748704 2.3303420 3.2445930 3.2295058 3.2527553 2.4921275 2.4049422 2.5781269 3.7536051 7.2365468 4.9450042 3.0283385 4.0181778 3.1812312 2.6275861 4.6887932 2.7613493 8.9999984 7.6927804 
Plespi_Pspi_scaffold20324_01                           4.0296635 1.6453155 2.6893360 3.0322836 2.4082518 2.2893610 2.2484984 2.1734406 2.5377896 2.4161582 2.8731961 2.2741590 2.2741590 2.1448601 2.2297709 2.2556820 2.2918296 2.2888251 2.3104959 2.2448936 2.4199159 1.0703483 1.0446482 1.0417930 0.8879988 0.8169149 1.2858291 0.0000000 0.9424430 1.0443105 1.2048641 1.2722812 1.3290586 1.6407283 1.4113814 1.5832717 1.3838781 1.5360183 1.4538390 1.4312477 1.6923993 1.6849896 1.6730542 1.2011778 1.5417675 1.4705241 1.4645125 1.4954514 1.4471705 1.7176068 1.4868253 1.4888220 1.4678229 1.6224445 1.8231907 1.8103521 1.6853334 1.7498688 1.6848337 1.8148540 2.5900383 1.7273390 2.0398759 1.6863393 1.7070821 1.8004595 1.7989054 1.9347448 1.5120149 2.6748697 2.1872811 2.8615324 2.7785044 2.2877149 2.2696966 2.1970659 2.2199831 2.2420643 2.2153233 2.5414912 2.5841397 2.8595136 2.7382374 2.6457949 2.3850125 2.7291415 2.6164473 2.8068901 3.1210127 3.0664409 2.7575893 2.7435134 2.6607499 2.8232284 3.4470252 1.5086275 2.9012195 2.7234062 
Stycar_maker-SC_scaffold2425-augustus-gene-0.25-mRNA-1 5.9651649 1.6348578 5.4687712 0.0000010 1.8659124 1.8659124 1.8216652 1.9183983 2.1482742 2.1630691 0.0000010 0.0000010 0.0000010 8.3837939 1.7939821 1.8124632 1.7841318 1.7841318 1.7368986 1.7786326 2.1566194 0.6184490 0.6008432 0.6008432 0.5087031 0.3277990 0.4014100 0.9424430 0.0000000 0.2632054 1.4924947 1.2429960 1.2842297 1.4872445 1.3400988 1.3620523 1.2619337 5.1559440 1.3574464 1.2403280 2.8506961 1.3460414 1.4309080 1.1484716 1.8740071 1.3847729 1.3933943 1.4531058 1.4201064 2.2923695 1.3142040 1.5242547 1.3649497 1.3696994 1.6672374 1.6342123 1.7240929 1.2920103 1.7344200 2.2805841 0.0000010 1.7396196 0.0000010 1.8544577 1.4135202 1.5712026 1.5309497 8.9999986 1.6027605 2.5917599 1.9683907 8.9999981 3.1487749 2.0613128 1.9164708 1.8317641 1.9936061 0.0000010 1.9919295 2.1466237 2.0874040 3.4739648 2.1320615 2.4304750 1.6246261 2.0862176 2.0286683 2.8376003 8.9733374 2.8940097 2.2613807 6.1056988 2.6520406 1.8823769 3.7340737 2.6408657 3.0228692 0.0000010 
Stycar_maker-SC_scaffold3884-snap-gene-0.43-mRNA-1     4.8286157 2.3380937 1.7251797 0.0000010 1.8354663 1.8354663 1.4099519 1.7100328 1.6364520 1.8131543 0.0000010 0.0000010 0.0000010 0.0000010 1.7957742 1.7873086 1.7025964 1.7025964 1.3518045 1.6846198 1.3102176 0.8216106 0.8209620 0.8209620 0.6566268 0.6358628 1.0556871 1.0443105 0.2632054 0.0000000 1.6443452 1.4396793 1.3737751 1.3147558 1.3251588 1.2572760 1.3100130 0.0000010 1.2985196 1.2146081 2.8891715 1.3747250 1.4613354 1.2316973 2.3068818 1.4525922 1.4303383 1.5464137 1.4506256 1.6053337 1.4230678 1.5081927 1.7127923 1.6740794 1.6086494 1.6133154 1.8388680 1.2498410 1.8477710 1.3956438 0.0000010 1.7256434 0.0000010 2.2357166 1.8407656 1.4540474 1.4540474 0.0000010 1.4395417 2.6233090 2.2434236 0.0000010 3.0326560 1.7598141 2.0403671 1.9215099 2.0328939 0.0000010 1.9055038 1.7258335 2.2646364 2.4427633 2.0590492 2.2434301 1.5947660 1.9581609 1.9604032 2.2845392 5.6246645 1.8554067 2.1469365 3.2154755 2.0742256 1.6708817 2.9913786 2.6408657 0.0000010 0.0000010 
Xestes_maker-XT_scaffold4173-snap-gene-0.6-mRNA-1      4.4108502 2.0140504 2.9249264 2.9215860 2.5499786 2.5351177 2.3534373 2.4111447 2.5317471 2.5194058 2.8966167 1.5754383 1.5754383 2.2040482 2.1429351 2.1429351 2.1432204 2.1468471 2.1317534 2.1314866 2.2147235 0.9259559 0.9439908 1.0423303 1.0452807 1.2923293 1.8016450 1.2048641 1.4924947 1.6443452 0.0000000 0.3616137 0.5436927 1.4603210 1.3498561 1.4219888 1.3471597 1.2254823 1.2751975 1.3020491 1.4100277 1.4756139 1.5418114 1.2939456 1.3884250 1.3657961 1.3716977 1.3620200 1.4069453 1.6384898 1.3241701 1.3177781 1.7451432 1.8212003 1.7368613 1.7513780 1.7991513 1.6344433 1.6252309 1.6958449 1.7011743 1.7206375 1.7276402 1.6210788 1.9366553 1.5124430 1.5108001 1.5024558 1.4900458 2.8924548 2.5640856 2.9473402 3.0944515 2.4175575 2.1321057 2.0905889 2.2283877 1.5386822 2.4399103 2.6118067 2.4655704 2.9011521 2.8507036 2.8283330 2.5246703 2.8728192 2.7524843 2.9704383 2.9517876 3.0598570 2.7729205 3.0685513 2.6532738 2.8147563 3.5143081 0.6619460 2.6148771 2.0230910 
Halamb_c50579_g2_i2m.28649                             4.3582788 1.8629623 3.1117131 3.2438138 2.7465575 2.6207528 2.4446278 2.4591571 2.6896135 2.6895851 3.6606959 2.4150687 2.4150687 2.3749783 2.3037244 2.3627114 2.3229803 2.3135195 2.3144500 2.3004389 2.3562483 1.0189288 1.0330667 1.0544195 1.0884945 1.0932069 1.5923890 1.2722812 1.2429960 1.4396793 0.3616137 0.0000000 0.4842144 1.6441731 1.4947080 1.6050636 1.4205163 1.5579261 1.4630090 1.4342433 1.8141321 1.6201663 1.7426480 1.2251226 1.5375498 1.4893019 1.4978150 1.4981525 1.4849113 1.7435457 1.4314844 1.5486526 1.8531391 1.7697420 1.8375689 1.8321254 1.8514616 1.8326573 1.7318827 1.8974830 2.5382598 1.8138198 2.0111789 1.6520392 1.8635951 1.6927521 1.6860630 1.7335425 1.5154952 2.8076701 2.2516943 2.9203521 2.9394767 2.3597153 2.2513735 2.2183764 2.2466235 2.1511624 2.4293917 2.4937363 2.4082938 2.7218071 2.7661113 2.8032472 2.5658180 2.7632565 2.7198012 2.8553417 2.9196018 3.0417866 2.7728337 2.7305097 2.7407238 2.9036956 3.4039190 1.1717505 2.6695628 2.4532016 
Aque_Aqu2.1.26117_001                                  4.5961496 1.8803279 2.9127263 3.1823632 2.6487639 2.5177262 2.4319726 2.4332529 2.6276480 2.4703038 4.1622515 2.6366368 2.6366368 2.0183851 2.3364180 2.3677374 2.3460252 2.3322432 2.3423489 2.3419757 2.4619702 1.0728670 1.0768912 1.0893098 1.1271130 1.1709226 1.6360380 1.3290586 1.2842297 1.3737751 0.5436927 0.4842144 0.0000000 1.6831707 1.5787970 1.6855846 1.4508845 1.6015667 1.5498540 1.5217713 1.8805670 1.7482578 1.7901958 1.2008115 1.6788673 1.6130853 1.5934051 1.6373522 1.6101939 1.8488566 1.5307285 1.4982818 1.9117626 1.7892463 1.8755800 1.8738180 1.8798707 1.9187377 1.7705306 1.9470778 2.7251238 1.9179695 2.2352506 1.7069641 1.8774413 1.8199492 1.8183986 2.0205257 1.4968235 2.8621339 2.4688397 3.0860372 3.0170720 2.4575491 2.2679640 2.2602724 2.3060833 2.2331452 2.4371593 2.5933182 2.4917193 2.7054262 2.8316324 2.7712622 2.7253354 2.8388916 2.7265693 2.9857916 3.1348175 3.2346234 2.8279143 3.2142284 2.8283238 2.8431818 3.3221299 1.1925615 2.7281004 2.6189867 
Spur_XM_030988648.1                                    4.1489992 1.9126325 2.4953853 2.8017257 2.3686273 2.2602258 2.1643387 2.1113456 2.3476026 2.3655660 3.5096903 2.3272214 2.3272214 1.8652733 1.9569665 1.9680212 1.9780956 1.9817739 1.9640857 2.0010347 2.0472260 1.4069446 1.4166465 1.4495576 1.3255387 1.3505148 1.6167750 1.6407283 1.4872445 1.3147558 1.4603210 1.6441731 1.6831707 0.0000000 0.7479044 0.8015728 0.7529193 0.7263749 0.7740409 0.6597120 0.9365317 0.8386283 0.9940514 0.7871384 1.1099630 1.0932928 1.0983367 1.0798974 1.0421889 1.2962904 1.0618314 1.0640763 1.0141395 1.6317186 1.4447572 1.4214962 1.4203863 1.1745504 1.3834156 1.4862164 1.7065140 1.3706595 1.6240533 1.3072616 1.5117846 1.5719231 1.5705254 1.5787773 1.3930560 2.5969307 2.2352147 2.6632415 2.9934038 2.1307252 1.9988995 2.0254790 2.0255478 1.5624094 2.0372650 2.3859574 2.6205779 2.9522321 2.8535363 2.7415214 2.4368991 2.5879492 2.7722770 2.8027019 2.7934399 2.8815747 2.5997238 2.1182228 2.3558462 2.5504963 3.1926925 1.5631479 2.2144289 2.2800003 
Acagra_model.g25639.t1                                 4.1255528 1.6881302 2.3702060 2.7151972 2.2304239 2.1566885 1.9391510 1.8771286 2.1604775 2.1472912 3.0991971 2.1858701 2.1858701 1.6147226 1.7364764 1.7574618 1.7715923 1.7706421 1.7436936 1.7978608 1.8726223 1.2427513 1.2135413 1.2250314 1.1699457 1.0630966 1.6366439 1.4113814 1.3400988 1.3251588 1.3498561 1.4947080 1.5787970 0.7479044 0.0000000 0.4526864 0.4832896 0.5619365 0.6086184 0.6051062 0.5412194 0.7137623 0.8812273 0.4646618 1.0478650 1.0335450 1.0357377 1.0163186 1.0091390 1.2272981 0.9915165 0.9847430 1.1255173 1.4229751 1.2810858 1.2858674 1.3023723 0.9896637 1.2801103 1.3510786 1.8404955 1.2169543 1.4363635 1.3098705 1.3833747 1.4263159 1.4250017 1.3641825 1.0593596 2.6391766 2.2693989 2.8058379 2.8743576 1.9062108 1.8882039 1.9108308 1.9175306 1.6321532 1.9883246 2.3070284 2.3512950 2.5415511 2.6536008 2.5976584 2.3197940 2.5365911 2.3558677 2.5528133 2.5774457 2.6571286 2.3463364 2.0382812 2.2566199 2.2780861 3.0617288 1.3622494 1.9807399 2.1721652 
Cgig_XM_034476094.1                                    3.7109199 1.6289393 2.3684102 2.6362819 2.1759672 2.0764185 1.9705268 1.9164749 2.2203897 2.1418822 3.1191365 2.1509003 2.1509003 1.7128962 1.9115654 1.9365371 1.9507363 1.9538837 1.9423766 1.9675314 2.0393664 1.3200067 1.3215431 1.3304287 1.3380197 1.3333136 1.6296932 1.5832717 1.3620523 1.2572760 1.4219888 1.6050636 1.6855846 0.8015728 0.4526864 0.0000000 0.5579371 0.6371218 0.6815883 0.6492558 0.6911205 0.7764711 0.9563088 0.4655871 1.1181586 1.0663998 1.0675631 1.0608266 1.0790975 1.3217838 1.1024228 1.0532789 1.3187358 1.7221145 1.4415353 1.4485289 1.4748379 1.0861198 1.3460395 1.4689945 1.7677036 1.3902795 1.5487137 1.3012567 1.4972112 1.5352903 1.5339154 1.4524830 1.3182952 2.5724679 2.0988770 2.7965756 3.0541617 2.0976982 1.9965888 2.0286151 2.0173575 1.6270155 1.9742606 2.4611463 2.5231811 2.6975861 2.7609040 2.7770496 2.4194599 2.7318536 2.5603356 2.7195935 2.6854410 2.7716303 2.5049798 2.3234562 2.3206144 2.4363607 3.2713773 1.4817209 2.0651787 2.2876863 
Ctel_gnl_WGS_AMQN_CAPTEDRAFT_mRNA142893                5.0364100 1.4369456 2.4644698 2.6754796 1.8457077 1.8555761 1.7156442 1.8998004 1.9511236 2.0242596 0.0000010 0.0000010 0.0000010 1.8793063 1.8113460 1.8092737 1.8681449 1.8681449 1.8594958 1.8369274 2.1367989 1.2526036 1.2383194 1.2383194 1.1794198 1.3128070 1.4587923 1.3838781 1.2619337 1.3100130 1.3471597 1.4205163 1.4508845 0.7529193 0.4832896 0.5579371 0.0000000 0.5852345 0.6379427 0.5767677 2.0386424 0.8149455 0.8947541 0.5251997 1.0930054 1.0272382 1.0141311 0.9647970 0.9786181 1.0867342 1.0094901 1.0357832 1.3180425 1.5372320 1.4286287 1.4754217 1.3987728 1.0399549 1.2948103 1.5216633 0.0000010 1.4469851 1.6248067 1.2018222 1.4031538 1.4853146 1.4853146 1.3997142 1.2078638 2.7039587 1.9614278 3.2611875 2.6741943 1.8299754 1.8046515 1.8124724 1.8562783 1.6431768 1.9651052 2.0860444 2.0894490 2.4613225 2.3765377 2.4068814 2.3322567 2.3836001 2.3852524 2.7201319 2.6574520 3.0204644 2.1387285 1.2773786 2.3200220 2.2214137 3.0046278 1.0813505 2.0879522 1.8987144 
Cscu_XM_023385016.1                                    3.9184386 2.4839266 2.4150531 2.8578372 2.6487296 2.5492475 2.2532629 2.2030068 2.3213181 2.2273993 3.1885467 2.2107759 2.2107759 1.6655745 1.9364314 1.9921337 1.9473805 1.9524406 1.9193163 1.9612273 2.0050675 1.1792407 1.1616868 1.1800827 1.3203927 0.0000010 3.1665071 1.5360183 5.1559440 0.0000010 1.2254823 1.5579261 1.6015667 0.7263749 0.5619365 0.6371218 0.5852345 0.0000000 0.6270112 0.6031601 0.7212864 0.7574770 0.7612353 1.6788158 1.0078819 1.0401704 1.0500536 1.0193862 0.9964478 1.2028475 0.9469384 0.9798480 0.0000010 3.4076410 1.3759760 1.3041425 1.3341134 1.0376412 1.1768890 1.2653007 1.9202803 1.1866934 1.4624412 1.0457638 1.4597979 1.5323704 1.5303838 1.3493595 0.3860682 2.7812321 0.0000010 2.9584929 3.1797848 2.1256717 2.0639376 2.1134855 2.1365688 1.5591383 1.9236662 2.5638037 2.4694926 2.6675563 2.9409215 2.9547071 2.6176341 2.6729154 2.7876564 2.6970115 2.5973441 2.7339118 2.5640120 2.2430139 2.5480092 2.6348236 3.2249859 1.4475501 2.1663372 2.2544234 
