92
Emue_Em0007g182a.t1                                 0.0000000 0.0167165 0.1264240 2.1039205 0.7140205 2.4275251 3.4004622 2.8447970 3.2870144 3.3049506 3.2851194 3.0598668 3.3602691 3.2147879 3.3587678 3.5050105 1.8871744 3.8620894 5.7293095 3.0384158 3.2590866 3.1200895 2.9522576 4.0507538 3.3014881 2.6257595 2.2779362 3.0607815 3.0256282 3.2256033 3.1795757 3.1795757 3.0725876 1.8916297 1.8764599 1.9201987 1.9106870 2.8661088 2.3211168 1.9811058 3.4666395 5.1769366 3.4856886 4.7075596 3.4732377 3.4805703 3.2636052 3.3015156 3.2108030 3.1403938 3.1014891 3.1510623 3.5851822 3.3955946 3.0038293 4.9082006 4.1984410 4.1725944 4.2585172 3.7253793 3.4870683 4.4331055 3.8089302 3.5805778 3.4005782 5.2155096 3.7362517 3.3214344 4.0209510 4.2245781 4.4591706 4.4591706 5.3298089 5.5663102 5.5861967 4.0549811 5.3692942 4.1561091 4.7583760 4.8737457 5.2952781 4.5980474 5.0158903 4.6149975 4.2190482 2.8333448 3.3974462 4.0027059 5.1194387 2.4145810 5.3522854 7.0375916 
Emue_Em0007g405a.t1                                 0.0167165 0.0000000 0.1264240 2.1670116 0.7140205 2.4718146 3.4809629 2.8895714 3.3571652 3.3788437 3.2981790 3.1146922 3.3925773 3.2043604 3.3584384 3.4661316 1.8871744 3.8574273 5.7280421 3.0584537 3.2633430 3.1975325 2.9571069 4.0102963 3.3800073 2.6258838 2.2924602 3.1034718 3.0540900 3.2637860 3.2185593 3.2185593 3.0914478 1.8916297 1.8764599 1.9201987 1.9106870 2.8748760 2.3180326 1.9811058 3.4821496 5.1741992 3.5482040 4.7075596 3.5506717 3.5053197 3.3899273 3.3172146 3.2359950 3.1563117 3.1144689 3.1894655 3.6185964 3.3536881 3.0132580 4.8999518 4.2901670 4.2639626 4.3303379 3.8207512 3.5625542 4.5323208 3.8208425 3.7031334 3.5147850 5.0472089 3.7148595 3.4246152 4.1478963 4.2392834 4.4748161 4.4748161 5.3509363 5.6612456 5.6308853 4.0549811 5.4754173 4.2887879 4.8479751 4.9227690 5.3558421 4.7545439 5.1795881 4.6102691 4.3319055 2.8685762 3.4158612 4.1326344 5.3118376 2.4145810 5.5713223 7.3218949 
Spolac_c95536_g1_i1_m.11626c95536-g1                0.1264240 0.1264240 0.0000000 0.9534233 0.7835056 0.9656948 1.7323342 1.3088417 1.8630807 1.7713205 1.8422136 1.7204133 1.8967225 1.7409881 1.7146973 1.4474616 1.5422287 2.0149017 0.0000010 1.5334860 1.6151433 1.5448556 1.6240771 2.8329049 1.6379994 1.6426057 1.7141199 1.4417245 1.5899520 1.5557171 1.4925941 1.4925941 1.5158394 1.9628553 1.9472680 1.9607753 1.9499547 1.8035543 1.5913798 1.9049650 1.4538094 1.3619144 1.7000790 0.0000010 1.6237691 1.9031656 1.4920437 1.4691971 1.4447568 1.4431029 1.4727327 1.4544465 1.4553313 2.2337960 1.4849536 0.0000010 1.8532836 1.8532836 1.9472271 1.3178668 1.6852375 1.9310561 1.9003713 0.7710944 1.1548854 0.0000010 1.8325027 1.5357354 2.1415907 3.4067524 4.3585645 4.3585645 3.6218598 3.3325490 3.4028185 4.2030466 4.2443073 2.4327160 0.0000010 3.0615089 3.1670381 2.7646321 3.4864222 4.3396739 2.3100458 1.0544919 0.0000010 4.0060426 0.0000010 1.0242802 2.4798492 4.7808929 
Tetwil_g23724.t1                                    2.1039205 2.1670116 0.9534233 0.0000000 0.5164535 2.0021442 2.8775955 2.5598904 2.9726473 3.0123232 2.8719867 2.8532163 3.0796050 2.8282102 3.0288950 3.0878419 1.7228881 3.2747995 4.0537400 2.9029282 3.0835995 2.8467135 2.6163472 3.7513747 2.9603596 2.4504394 1.9396965 2.6148297 3.0007029 2.9001092 2.9001092 2.9001092 2.9373605 1.8416147 1.8850602 1.9263227 1.8284423 2.8656093 1.8656542 1.6766141 3.5558241 4.9649057 3.4577855 4.6611012 3.5407519 3.1620027 2.8528866 3.1056759 3.1534567 3.1921911 3.0055875 3.1128443 3.0605457 3.1682608 3.1710349 5.2765680 3.7996376 3.7872426 3.5806596 2.9481015 2.5425166 3.5426730 3.4075886 4.2900237 4.0442834 5.0230909 3.2756005 3.0568515 4.0159749 3.8598223 4.0994075 4.0994075 4.3613800 5.2861325 5.4596720 4.5851005 4.4283267 4.3908470 4.4056515 4.8234082 5.0089588 4.6579519 5.1254394 4.1077620 3.7563457 2.1419334 2.8515376 4.0287576 4.6768672 2.9697092 5.4944871 6.6093036 
Stycar_maker-SC_scaffold101602-snap-gene-0.3-mRNA-1 0.7140205 0.7140205 0.7835056 0.5164535 0.0000000 0.7141054 0.9007755 0.7880352 1.0480412 0.9978459 0.9122251 0.8463656 1.1483950 0.8300154 0.8086192 1.1412880 1.2082020 1.6278278 0.0000010 0.9103427 0.8865933 1.1072428 1.2316477 0.0000010 0.9630345 1.2192452 1.1084848 0.9557446 1.0053019 1.0559411 1.0559411 1.0559411 0.9741144 3.1105127 3.4525591 3.1425939 2.4764146 1.4465053 1.1394277 1.1629682 1.4135159 0.8777224 1.3649300 0.0000010 1.5234960 1.3515153 1.1088288 1.2931390 1.3123379 1.1301201 1.2361749 1.2361749 1.0829734 0.9604519 1.2301126 0.0000010 1.3136274 1.3136274 1.3227952 0.0000010 9.0000000 1.2164807 1.4244333 0.0000010 0.0000010 0.0000010 1.2910175 1.3421268 2.2068016 2.2246255 4.6431848 4.6431848 0.0000010 4.8996948 4.8265957 1.2856003 5.1866239 2.1676372 0.0000010 2.8719545 2.8719545 1.9446185 4.6307018 4.8229470 2.3074916 0.0000010 0.0000010 0.0000010 0.0000010 4.5219524 3.2708583 5.5469206 
Aque_Aqu2.1.36456_001                               2.4275251 2.4718146 0.9656948 2.0021442 0.7141054 0.0000000 2.8517736 2.5351102 3.1401304 3.1219757 3.1124147 3.0978835 3.2245821 3.1227681 3.2429384 2.8299374 1.4450333 3.3719960 4.9099219 2.9823332 3.0790566 3.1317199 2.7847766 3.9300903 3.3086587 2.4299171 2.2586520 2.9500601 2.8384401 2.9895261 2.9895261 2.9895261 2.8828631 1.8661117 1.8559911 1.9254752 1.9174303 2.9883366 2.1682810 1.6513243 3.8050324 5.4637232 3.7456622 4.2932518 3.7870840 3.1522116 3.1193809 3.0790088 3.0740363 2.9725841 2.9998223 3.0438242 3.1596865 3.0713040 3.3071232 4.7861228 3.6122733 3.6064187 3.8463821 2.7409915 2.4800014 3.9376975 3.4072959 4.0375375 3.6819964 5.0306111 3.4011855 3.3219610 4.0110796 4.8211850 5.1858285 5.1858285 5.0386850 5.2434581 4.9373675 4.4411614 4.5345358 3.9194125 4.3340056 4.4590482 5.5167952 4.2266199 4.9883990 3.7758756 4.3924549 1.2067588 1.1140764 3.5251075 4.3804449 3.3888981 5.6621832 6.2580746 
Cgig_XM_011453481.3                                 3.4004622 3.4809629 1.7323342 2.8775955 0.9007755 2.8517736 0.0000000 1.3870201 2.1111242 2.1067882 2.0924457 1.9789080 2.1423635 2.1621845 2.1304260 2.0002062 1.2869420 2.2031881 3.0727953 1.8641180 1.9531616 1.7974986 1.7254732 1.9406487 1.9679231 1.7039761 1.5651701 1.7726195 1.8201006 1.3474819 1.3178015 1.3191573 1.6910998 1.5020489 1.5368863 1.5700278 1.4583492 2.3081750 1.5196042 1.7376981 2.8799482 3.8281937 2.8539374 3.1246690 3.0054175 2.4678186 1.6370790 2.2304271 2.2450956 2.2384099 2.3460461 2.3526170 2.2573176 2.0899829 2.2902792 3.8471834 3.2020351 3.1762613 3.4097863 3.1873397 3.4647900 3.4143117 2.7453427 2.8310989 2.7103842 4.0059221 2.4512941 2.4504704 3.7126554 2.8472296 3.0843745 3.0843745 3.1684780 5.1982448 5.0556435 3.2499424 4.4123277 3.3253468 2.6521356 4.1151847 4.5381696 3.9434200 4.6661466 4.0233040 3.2227976 3.4786928 3.6037515 3.6168117 4.1673279 2.5347327 5.4771284 6.4567386 
Bralan_BLAG12000356_1                               2.8447970 2.8895714 1.3088417 2.5598904 0.7880352 2.5351102 1.3870201 0.0000000 1.7802413 1.8155152 1.7499190 1.6787078 1.8306695 1.8692276 1.8831258 1.6544889 0.9292647 1.9566537 2.8534854 1.5210926 1.5131474 1.7293023 1.5505641 2.0208081 1.6693725 1.3701608 1.1556492 1.2783387 1.4981807 1.2667661 1.2302166 1.2393105 1.4775858 1.3663921 1.3613253 1.3690231 1.3270549 1.8420309 1.3240613 1.1767239 2.4044846 3.3919339 2.3842920 3.5023131 2.3383356 2.1310245 1.2490614 2.1191689 2.1044505 2.0858021 2.0671527 2.1515281 2.0797336 1.8573795 2.0419729 3.1680085 3.1718243 3.1486339 3.1413025 3.1501867 2.9853912 3.3167133 2.4759189 2.5785975 2.4534101 2.9285578 2.1241184 2.2961574 3.0963379 2.4245698 2.6463170 2.6463170 3.0594846 4.6780367 4.5388631 2.5174490 3.7643377 2.9589880 2.5133955 3.6537397 4.5398906 3.4212229 4.3486910 3.5835574 3.0096780 2.9676220 3.7098055 3.6989160 4.3931068 2.2429986 4.5329735 5.5842545 
Spis_XP_022788491_1                                 3.2870144 3.3571652 1.8630807 2.9726473 1.0480412 3.1401304 2.1111242 1.7802413 0.0000000 0.1401231 0.2834072 0.2525973 0.3276633 0.4681526 0.4604163 1.6065287 0.9417492 1.8685684 2.7335832 1.0756517 1.1098583 1.6815504 1.4345422 1.6188061 1.6672297 1.5203512 1.2987707 1.9778622 1.9211918 2.0729292 2.0179473 2.0393079 2.0946279 1.6622911 1.6997778 1.7326428 1.6739254 2.4613458 1.7865041 1.7944783 2.9742818 3.9868621 3.0176696 3.2152582 3.0078404 2.4688574 1.7804814 2.3897145 2.4826532 2.3898980 2.3570691 2.3045419 1.9739030 2.3610870 2.7609386 4.3365173 3.4450796 3.3801924 3.4552200 3.9168761 3.8984432 3.3754587 2.6297160 3.4164792 3.3027193 3.6432819 2.3942176 2.6959247 3.6809479 2.7373752 2.9288020 2.9288020 2.6111720 5.0463087 4.7085082 3.0182973 4.2842054 2.9433444 2.9299215 3.8116610 4.1441594 4.0474731 4.7157477 3.8691577 3.4597361 3.5318452 4.3103439 4.1614709 5.2098935 2.5562357 4.5688165 5.6975018 
Pocdam_XM_027184420.1                               3.3049506 3.3788437 1.7713205 3.0123232 0.9978459 3.1219757 2.1067882 1.8155152 0.1401231 0.0000000 0.3243309 0.3045394 0.3701435 0.5475770 0.5207065 1.6423881 0.9084343 1.9015888 2.8814253 1.1059051 1.1053571 1.6953076 1.4777436 1.7702158 1.6662093 1.4815708 1.2814948 1.9513023 1.9448259 2.1066962 2.0680375 2.0853075 2.0806957 1.6015188 1.6374070 1.6664988 1.6123732 2.4426976 1.8024052 1.8480954 2.9800218 4.0179581 2.9455361 3.2615224 3.0220997 2.5032764 1.8192120 2.3717774 2.4444995 2.3417372 2.3276193 2.2813919 2.0584620 2.3584833 2.7524110 4.1020747 3.3515332 3.2966099 3.4927819 3.8445378 3.9105228 3.5680697 2.6082236 3.6447116 3.4960918 3.7075261 2.4367081 2.8292762 3.5988870 2.9327950 3.1494760 3.1494760 2.5140941 4.9032785 4.7095467 2.9607990 4.2899801 3.0987945 2.7551748 3.8060859 4.1103665 4.0266082 4.5060555 3.5367381 3.4274783 3.6409474 4.6749109 4.3053264 5.3227320 2.5065748 4.5014521 5.8511944 
Gasp_gasp1.m3.23353.m1                              3.2851194 3.2981790 1.8422136 2.8719867 0.9122251 3.1124147 2.0924457 1.7499190 0.2834072 0.3243309 0.0000000 0.1593683 0.2795943 0.4236735 0.4104718 1.5030174 0.8916106 1.7448702 2.5613743 1.0168637 1.0748826 1.6388190 1.4621707 1.5537645 1.6819789 1.5232997 1.2811035 1.9850157 1.9624648 1.9781464 1.9383305 1.9417680 1.9990616 1.4794863 1.5128830 1.5183950 1.4730562 2.2580355 1.7122847 1.7176965 2.8674888 3.9858009 2.8646984 3.4780512 2.8423210 2.5424252 1.7791016 2.4162221 2.4561683 2.3170265 2.3098839 2.2706309 1.9862281 2.3551689 2.7352347 4.1317330 3.3411101 3.2787220 3.3941122 3.6464626 3.7922309 3.3536099 2.4873497 3.3857578 3.2986397 3.5762463 2.2438717 2.6309189 3.5433247 2.8205181 3.0199869 3.0199869 2.4250521 5.0935202 4.6785520 2.9072757 4.1007618 3.0482930 2.8343422 3.7773417 4.1792418 4.1592402 4.5651662 3.6736334 3.3532331 3.5267929 4.6476729 4.0958285 4.8493886 2.5512921 4.9063871 5.7560645 
Fspp_ffun1.m4.1410.m1                               3.0598668 3.1146922 1.7204133 2.8532163 0.8463656 3.0978835 1.9789080 1.6787078 0.2525973 0.3045394 0.1593683 0.0000000 0.2522305 0.4171473 0.4015058 1.5085078 0.9094841 1.7481639 2.5503257 0.9864200 1.0113504 1.6228518 1.3649062 1.3983544 1.5399990 1.4635148 1.2483654 1.8976415 1.8813565 1.8518211 1.8210905 1.8305838 1.8611514 1.5587373 1.5939688 1.6031813 1.5525414 2.2726382 1.6839566 1.7237752 2.8680836 3.9936603 2.8832226 3.7505852 2.8301589 2.4090803 1.7162581 2.3856937 2.4214550 2.3295207 2.3535823 2.3285133 1.9703734 2.2550009 2.5782487 3.8812887 3.1864746 3.1269162 3.3006483 3.7456651 3.8115427 3.2121539 2.4868146 3.3368743 3.2516716 3.5596250 2.2562879 2.6445967 3.4586330 2.6759024 2.8602974 2.8602974 2.4943505 4.9087327 4.6519502 3.0045408 4.0595313 2.9337670 2.6902309 3.7071302 3.9508190 3.9104252 4.5019402 3.6644444 3.2048632 3.4710571 4.5741899 4.1264560 5.0409022 2.4727187 4.8363904 5.5823207 
Gfas_gfas1.m1.6284.m1                               3.3602691 3.3925773 1.8967225 3.0796050 1.1483950 3.2245821 2.1423635 1.8306695 0.3276633 0.3701435 0.2795943 0.2522305 0.0000000 0.3402987 0.3315380 1.5975608 0.8911340 1.7275236 2.5289537 1.0268402 1.1405220 1.7716604 1.4757513 1.5358690 1.7354320 1.5015274 1.3655306 1.9463087 1.9830529 2.0911231 2.0098876 2.0233131 2.1380967 1.5627684 1.5978928 1.5818685 1.5456516 2.6105798 1.9784108 1.9944016 3.0781172 4.1304392 3.0538869 3.3314151 3.0677745 2.6020953 1.8665761 2.3648144 2.3978362 2.3664444 2.3429573 2.3286519 2.0145252 2.5523773 2.8388454 4.2233746 3.2283963 3.2219201 3.4592054 3.5256939 3.5102927 3.4515263 2.6754789 3.4770358 3.4374506 3.4140308 2.4492997 2.8936869 3.7964471 2.7553607 2.9560994 2.9560994 2.7072655 4.9760586 4.8021242 2.9476288 4.0998540 3.0687924 2.6495477 3.8008627 4.1158349 4.0818518 4.6039561 3.6222391 3.4998741 3.3120128 4.4308587 4.0727007 4.8599332 2.5132591 4.7858465 6.1499513 
Amil_Amillepora14729-RA                             3.2147879 3.2043604 1.7409881 2.8282102 0.8300154 3.1227681 2.1621845 1.8692276 0.4681526 0.5475770 0.4236735 0.4171473 0.3402987 0.0000000 0.0230472 1.5229973 0.8799786 1.7502688 2.7219044 1.1266765 1.2012378 1.8200108 1.4350603 1.5407168 1.8409964 1.5661122 1.2844799 1.9828043 1.9947539 2.1161662 2.0404792 2.0547057 2.1650772 1.6226145 1.6586992 1.6707550 1.6167031 2.4489547 1.8542574 1.7720710 2.9441545 4.1986152 3.0113191 3.8805309 3.0170753 2.5246997 2.0418727 2.4856728 2.4746335 2.5192161 2.4811768 2.4257107 1.9726722 2.4690049 2.6624443 3.6955998 3.3352382 3.3132402 3.3437984 3.5861397 3.6395478 3.0579712 2.4590743 3.3032783 3.2129044 4.3112216 2.3118004 2.6871930 3.6911198 3.3063021 3.6793101 3.6793101 3.4176590 5.0709093 4.6379079 2.9769361 4.0459846 2.8913494 2.9958543 3.8653382 4.0402351 3.9707127 4.7242012 3.8200936 3.5990142 3.4343276 4.5578584 4.2078616 5.2204271 2.6849449 4.6635806 5.6944344 
Adig_XM_015900544.1                                 3.3587678 3.3584384 1.7146973 3.0288950 0.8086192 3.2429384 2.1304260 1.8831258 0.4604163 0.5207065 0.4104718 0.4015058 0.3315380 0.0230472 0.0000000 1.5629085 0.8984891 1.7918443 2.6900149 1.1098070 1.1706872 1.7795270 1.4182306 1.5453010 1.7314220 1.5065823 1.2509268 1.9020459 1.9793143 2.1403403 2.0681718 2.0809538 2.1429981 1.5600644 1.5948646 1.6039959 1.5539543 2.3657097 1.7952727 1.7336133 2.8904558 4.0277318 2.9069327 3.8791386 2.9101269 2.5144903 1.9148420 2.5271323 2.5030570 2.5166942 2.4610917 2.4395452 2.0405620 2.3647311 2.7059892 4.0317788 3.3811381 3.3608275 3.4490751 3.7873924 3.7866042 3.2317512 2.4929145 3.4415198 3.3516919 3.7419590 2.3421898 2.7485190 3.7448807 3.0602004 3.2867382 3.2867382 2.6556371 5.1648676 4.8162020 3.0206274 4.2849856 2.9597855 2.8823210 3.8258778 4.0532143 4.0375742 4.8240138 3.8210514 3.5377246 3.5345597 4.5447262 4.1967514 5.0410764 2.6974603 4.8358432 5.9282849 
Dgig_XM_028543691.1                                 3.5050105 3.4661316 1.4474616 3.0878419 1.1412880 2.8299374 2.0002062 1.6544889 1.6065287 1.6423881 1.5030174 1.5085078 1.5975608 1.5229973 1.5629085 0.0000000 0.2090454 0.5322525 0.7192577 1.2898925 1.3619148 1.8233652 1.5759010 1.7867937 1.5358648 1.4550570 1.2282920 1.7897503 1.9540064 1.9083339 1.9083339 1.9083339 2.0120403 1.4910988 1.4790812 1.4476974 1.4054896 2.2093729 1.6753937 1.4492308 2.5577196 3.3825224 2.6183300 3.6945023 2.5139711 2.6286279 1.8023795 2.4522799 2.5061078 2.4953755 2.4510329 2.4855752 2.1301440 2.4435866 2.4104202 3.3249575 3.4347043 3.4615793 3.3193824 3.6247888 3.5479145 3.5552192 2.5638391 2.7755043 2.7390817 3.1752591 2.4506960 2.6903427 3.6059481 3.0655419 3.2847998 3.2847998 2.8829644 4.9067710 4.6435644 3.6112846 4.2764890 3.5640567 3.4211751 3.8281852 4.3882386 4.0406767 4.2725312 3.6482665 3.2204045 3.4350052 4.5454404 3.9659142 4.5322566 3.1432484 4.8974555 5.5881535 
Xesp_025065-T1                                      1.8871744 1.8871744 1.5422287 1.7228881 1.2082020 1.4450333 1.2869420 0.9292647 0.9417492 0.9084343 0.8916106 0.9094841 0.8911340 0.8799786 0.8984891 0.2090454 0.0000000 0.1238496 0.0000010 0.8694092 0.7945963 1.0128842 1.0592143 0.5364522 0.9691824 1.0135383 0.9912906 1.0605354 1.0761861 1.1398379 1.1398379 1.1398379 1.2249068 1.5449361 1.5324948 1.4895750 1.4446145 1.7699374 1.6014496 1.3882479 1.5886100 3.7561832 1.5553061 4.1586754 1.4701990 1.4804569 0.9510674 1.3411794 1.3903296 1.3789513 1.3940610 1.3827603 1.0571249 2.2922702 1.5031705 0.0000010 2.1074636 2.1074636 2.1392588 2.9665645 2.9468055 1.8473992 1.1953910 2.4893943 2.5827171 3.2709988 1.3492371 1.4981013 2.2473653 2.9454804 2.9454804 2.9454804 7.0988859 3.7699960 3.5156206 4.5124548 3.0419592 1.8556036 0.8265381 2.3924232 2.6503700 2.6290847 2.9680014 3.4465430 2.2845068 1.5888769 2.9597234 2.9219530 2.8270946 1.5533532 3.1047447 3.9013995 
Xesp_009486-T1                                      3.8620894 3.8574273 2.0149017 3.2747995 1.6278278 3.3719960 2.2031881 1.9566537 1.8685684 1.9015888 1.7448702 1.7481639 1.7275236 1.7502688 1.7918443 0.5322525 0.1238496 0.0000000 0.0532110 1.6275661 1.6707658 2.1072644 1.8654435 1.9256529 1.9523386 1.9010007 1.6350905 2.1857089 2.2005339 2.1064703 2.1064703 2.1064703 2.3575975 1.9877316 1.9699440 1.7607158 1.6684211 3.0509298 2.2389433 1.7459373 2.8861121 3.5425816 2.7907504 3.4488525 2.5260290 2.9907227 1.9414466 2.7633269 2.8106651 2.8261502 2.8469537 2.8645211 2.5453372 2.8525760 2.6156697 3.6648722 3.8015662 3.8408333 3.7549951 4.4851469 4.4664948 3.9473270 2.9876260 2.6808841 2.8170774 3.8725797 2.8232125 2.9491193 3.8960917 3.1956306 3.3910784 3.3910784 2.8818071 5.2785531 5.1147587 3.3036737 4.4872750 3.6588326 3.5133971 4.5498520 4.8546041 4.6803870 4.5784048 4.2880569 3.5653135 3.6418402 4.4280720 4.0150499 4.5808262 2.7889332 5.2341288 5.7585053 
Xesp_025064-T1                                      5.7293095 5.7280421 0.0000010 4.0537400 0.0000010 4.9099219 3.0727953 2.8534854 2.7335832 2.8814253 2.5613743 2.5503257 2.5289537 2.7219044 2.6900149 0.7192577 0.0000010 0.0532110 0.0000000 2.2917025 2.2310094 2.7814667 3.1352748 2.5533697 2.6367614 2.7059216 2.3376538 3.4292266 2.7442849 2.9478168 2.9478168 2.9478168 3.6539793 0.0000010 0.0000010 0.0000010 0.0000010 4.2239836 4.1886009 0.0000010 3.4762523 3.3621919 3.3863002 9.0000000 3.2262208 3.9678965 2.8342076 4.0535777 3.9906664 3.9360338 4.0860303 4.2100269 3.8828817 3.6015599 3.4352126 3.7268370 5.1620043 5.2112642 4.8979519 3.9398993 3.9398993 5.8601423 4.7909503 2.9501115 2.8949093 4.0012716 3.9773318 4.3458346 5.5397222 2.9226087 2.9226087 2.9226087 2.3182356 6.9999774 6.5264020 4.4361289 6.5187963 4.7969571 4.7852608 8.4211873 6.2571399 6.6223338 5.4410901 4.5132503 4.4784019 5.1180582 6.5357036 5.4161438 6.9583142 4.0983115 7.1868061 7.4552341 
Exapal_XM_021049779.2                               3.0384158 3.0584537 1.5334860 2.9029282 0.9103427 2.9823332 1.8641180 1.5210926 1.0756517 1.1059051 1.0168637 0.9864200 1.0268402 1.1266765 1.1098070 1.2898925 0.8694092 1.6275661 2.2917025 0.0000000 0.5207105 1.4975438 1.4264064 1.6883158 1.4855568 1.3022766 1.1949399 1.7403777 1.7745768 1.7628666 1.6942548 1.7102459 1.7880974 1.5644996 1.5588252 1.5415466 1.5344257 2.1289625 1.7212847 1.5847881 2.6926547 3.5312917 2.5863246 3.7397918 2.4438112 2.3527702 1.5955005 2.2940003 2.3366074 2.2078560 2.3126096 2.3022428 1.8599072 2.1459281 2.3590320 3.2385175 3.3120397 3.3018183 3.3003615 3.3095015 3.4154036 3.1768012 2.4010476 3.0385370 2.9580515 3.5342416 2.1070020 2.5475409 3.5216510 2.9679161 3.1504975 3.1504975 2.7592388 4.5357824 4.1520477 3.5011551 4.4349534 3.2785986 2.5097445 3.6854290 4.2545740 4.1207401 4.1730082 3.5196487 3.1831496 3.2853573 3.9278862 3.6088025 4.2568046 2.7464316 4.6848699 5.9046735 
Nvec_v1g20609                                       3.2590866 3.2633430 1.6151433 3.0835995 0.8865933 3.0790566 1.9531616 1.5131474 1.1098583 1.1053571 1.0748826 1.0113504 1.1405220 1.2012378 1.1706872 1.3619148 0.7945963 1.6707658 2.2310094 0.5207105 0.0000000 1.3882254 1.3895080 1.9456114 1.4249734 1.2813586 1.1511987 1.7725785 1.8660604 1.8493778 1.7817519 1.8016383 1.8995382 1.6507985 1.6419414 1.6502122 1.6419227 2.2201142 1.7094750 1.7039245 2.7180770 4.0373068 2.6133973 8.9999986 2.5252713 2.2601672 1.6368245 2.3685035 2.4018363 2.2486302 2.3104529 2.2893549 1.8502234 2.3025692 2.1820413 3.2871884 3.3101341 3.2961673 3.5607417 3.3612949 3.5815847 3.4137827 2.4939852 2.9072408 2.8266754 3.0290764 2.2982570 2.6410120 3.6870142 3.0721294 3.1466756 3.1466756 2.6103925 4.8339516 4.7859119 5.6813854 4.7906599 3.1003207 3.2537201 3.7120737 4.2438710 4.0204431 4.8997645 3.6537852 3.0471836 3.8072666 5.7060129 4.1490628 5.5636906 2.1584770 4.8882047 5.5899831 
Morvir_scaffold5.g63.t1                             3.1200895 3.1975325 1.5448556 2.8467135 1.1072428 3.1317199 1.7974986 1.7293023 1.6815504 1.6953076 1.6388190 1.6228518 1.7716604 1.8200108 1.7795270 1.8233652 1.0128842 2.1072644 2.7814667 1.4975438 1.3882254 0.0000000 1.0444967 1.3190428 1.1246286 0.9147709 0.7410530 1.9130200 1.7599311 1.9372852 1.8912571 1.8882526 1.9428305 1.3171935 1.3060504 1.2897624 1.2973492 2.1411101 1.6977155 1.5345844 2.8257963 3.7955764 2.7321194 3.1871220 2.7735384 2.3876691 1.8058375 2.2372425 2.2556387 2.2481461 2.2397984 2.2489280 1.5438839 2.0723806 2.3304010 3.4546981 3.4409027 3.4118122 3.5792401 3.8556395 4.0086060 3.5077321 2.1051314 3.1712724 3.0596953 3.3288281 2.3851324 2.3605310 3.8376945 3.0297859 3.2955928 3.2955928 3.1586109 4.5496195 4.4916611 3.0536037 4.3373307 3.4385267 3.0116413 3.6613291 4.3372989 3.9576309 4.4333996 3.6392858 3.0575756 3.7157773 4.6413239 3.8872317 4.5555349 2.6648459 4.8874443 5.7548931 
Nemnom_g12977.t1                                    2.9522576 2.9571069 1.6240771 2.6163472 1.2316477 2.7847766 1.7254732 1.5505641 1.4345422 1.4777436 1.4621707 1.3649062 1.4757513 1.4350603 1.4182306 1.5759010 1.0592143 1.8654435 3.1352748 1.4264064 1.3895080 1.0444967 0.0000000 0.1642893 0.6103181 0.1922664 0.3539102 1.5357088 1.8838772 1.6720020 1.6240937 1.6329185 1.8721672 1.3461387 1.3408742 1.3046375 1.3057669 1.8593962 1.4771267 1.6082494 2.3031642 3.3906621 2.2938078 2.9597617 2.1782018 2.2276077 1.5325867 2.2838828 2.3200680 2.3044008 2.3066419 2.3772879 1.4203856 2.3871723 2.3781570 5.9374019 2.7405728 2.7071120 2.8285907 3.6871199 3.8665188 2.9889122 1.8670926 2.8560302 2.8649697 3.2767308 2.2068629 2.3161645 3.9441444 3.1652612 3.4608463 3.4608463 3.1586057 4.5146621 4.3978834 3.2755895 4.0562974 2.8403343 2.3609025 3.3407974 3.9116456 3.5715341 3.9023902 3.7624181 2.8236941 3.2755062 4.6022918 3.9308104 4.4424189 2.7190967 4.3470631 4.8197390 
Rhoesc_Res_005730-T1                                4.0507538 4.0102963 2.8329049 3.7513747 0.0000010 3.9300903 1.9406487 2.0208081 1.6188061 1.7702158 1.5537645 1.3983544 1.5358690 1.5407168 1.5453010 1.7867937 0.5364522 1.9256529 2.5533697 1.6883158 1.9456114 1.3190428 0.1642893 0.0000000 0.8446842 0.8360847 0.2235416 1.8151104 2.3773525 2.0943103 2.0943103 2.0943103 2.0421615 0.0000010 0.0000010 0.0000010 0.0000010 0.9965694 0.0000010 1.1916662 3.2682195 3.3669879 3.0102956 3.1259182 2.8967152 3.3427567 1.7772948 3.2893477 3.4357555 3.1683847 3.0592814 3.2189724 1.6878567 1.8416400 3.9416271 7.3948320 3.2968461 3.2273144 3.3354364 5.2014887 5.2014887 4.1851435 2.6795617 2.3460501 2.3460501 2.7158681 2.9855126 3.1054421 4.8553589 3.3404488 3.6324002 3.6324002 2.9002216 6.2943150 5.2579944 2.8511099 3.9789649 3.7131008 2.3756443 5.6339108 4.4602980 5.0301021 4.9399833 4.9045335 3.6548784 4.3637881 4.6124425 3.9797556 4.0079093 3.2440276 6.2769732 4.8135738 
Sanmal_Sma_005709-T1                                3.3014881 3.3800073 1.6379994 2.9603596 0.9630345 3.3086587 1.9679231 1.6693725 1.6672297 1.6662093 1.6819789 1.5399990 1.7354320 1.8409964 1.7314220 1.5358648 0.9691824 1.9523386 2.6367614 1.4855568 1.4249734 1.1246286 0.6103181 0.8446842 0.0000000 0.4937015 0.3663997 1.6661803 1.7760357 1.9389290 1.8844722 1.8910269 1.8961533 1.2738234 1.3040846 1.2475973 1.2159934 2.0447270 1.4638556 1.5670808 2.7112136 4.2544306 2.5041369 2.7988441 2.8139382 2.2070039 1.6516310 2.1219310 2.0406944 2.1112653 2.2436218 2.2918422 1.5843718 2.1832753 2.1576946 4.1139469 3.1746111 3.1544930 3.1249892 3.8770129 4.0330874 3.2398652 2.1408358 2.6332773 2.6237562 3.4412098 2.4844991 2.5394323 3.8647403 3.0265911 3.2196033 3.2196033 3.0638739 4.5885118 4.6582300 4.4895580 4.1745729 3.2576143 3.0889778 3.8341553 4.5529973 3.6903666 4.3724601 3.4697367 2.9493137 3.5862976 5.5293848 3.8984244 5.0208382 1.9838625 4.7777729 5.3636762 
Rhoesc_Res_005731-T1                                2.6257595 2.6258838 1.6426057 2.4504394 1.2192452 2.4299171 1.7039761 1.3701608 1.5203512 1.4815708 1.5232997 1.4635148 1.5015274 1.5661122 1.5065823 1.4550570 1.0135383 1.9010007 2.7059216 1.3022766 1.2813586 0.9147709 0.1922664 0.8360847 0.4937015 0.0000000 0.2625734 1.4732456 1.5891324 1.4652872 1.3996817 1.4110113 1.9730051 1.3751220 1.3697760 1.3342581 1.3343976 2.1862824 1.4058847 1.6610635 2.1914966 3.4822974 2.1130502 0.0000010 2.2717306 1.8288006 1.4941510 1.7460258 1.7427398 1.7392960 1.7999133 1.8347830 1.2936129 2.2013256 1.8278838 3.4354863 2.7033545 2.6920023 2.8029314 3.5534125 3.7508531 2.6248563 1.8154813 2.9140820 2.8597864 3.3166775 1.9757113 2.0253897 3.4045680 2.6901108 3.0589264 3.0589264 4.6087884 3.7537666 3.9612979 3.8574714 3.7371910 2.6906389 3.0213800 3.7704694 3.6468788 3.2768291 3.4887889 3.5497843 2.9738868 2.7500494 4.8229163 3.1711098 5.3651738 1.1554618 4.0302776 5.3972192 
Aaur_scaffold313.g5.t1                              2.2779362 2.2924602 1.7141199 1.9396965 1.1084848 2.2586520 1.5651701 1.1556492 1.2987707 1.2814948 1.2811035 1.2483654 1.3655306 1.2844799 1.2509268 1.2282920 0.9912906 1.6350905 2.3376538 1.1949399 1.1511987 0.7410530 0.3539102 0.2235416 0.3663997 0.2625734 0.0000000 1.3537990 1.4181735 1.3005029 1.1948990 1.2115740 1.6907308 1.2417414 1.2368905 1.1805778 1.1815886 1.7775958 1.4082422 1.5769822 1.8949651 3.2146770 1.9422419 0.0000010 2.0636412 1.5739245 1.3696341 1.4903409 1.4626560 1.5181565 1.5427216 1.5800345 1.1519992 2.1479521 1.6267336 3.1878239 2.2728504 2.2807924 2.4223417 3.4582084 3.6158968 2.3083245 1.4640310 2.6965922 2.6765616 2.8472225 1.5331297 1.8638546 3.0109663 2.1713998 2.6910888 2.6910888 4.6694428 3.4545453 3.5356787 4.5525468 3.5871588 2.3820693 1.5825429 3.4447014 3.6126482 2.7448102 3.1897257 3.7014333 2.7115260 2.3511891 9.0000000 2.6858089 7.6763633 1.3571926 3.4916992 4.6218595 
Spur_XM_778503.5                                    3.0607815 3.1034718 1.4417245 2.6148297 0.9557446 2.9500601 1.7726195 1.2783387 1.9778622 1.9513023 1.9850157 1.8976415 1.9463087 1.9828043 1.9020459 1.7897503 1.0605354 2.1857089 3.4292266 1.7403777 1.7725785 1.9130200 1.5357088 1.8151104 1.6661803 1.4732456 1.3537990 0.0000000 1.7541188 1.6034711 1.5703930 1.5703930 1.5415939 1.1652490 1.1912790 1.1841538 1.1467815 1.9628888 1.4532123 1.4523199 2.6863483 3.9279821 2.7268802 4.0905284 2.6595070 2.2145993 1.3853866 2.2072114 2.2174958 2.2049941 2.2158087 2.1864452 2.2593558 2.0994974 2.2395558 3.3416491 3.2242962 3.1952645 3.1587170 3.1102343 2.9130692 3.2481025 2.5888088 2.4023029 2.2904700 3.2049446 2.2053209 2.3592854 3.5442643 3.2750939 3.5055676 3.5055676 3.5322822 4.4465236 4.6261317 3.3619167 4.0794872 3.3207654 2.4064292 3.6103180 4.3667318 4.2308039 4.3436090 3.4435504 3.0584201 3.2515296 3.4970018 3.8614583 4.7883837 3.0834856 4.6338240 5.8957617 
Hsap_ENST00000374586                                3.0256282 3.0540900 1.5899520 3.0007029 1.0053019 2.8384401 1.8201006 1.4981807 1.9211918 1.9448259 1.9624648 1.8813565 1.9830529 1.9947539 1.9793143 1.9540064 1.0761861 2.2005339 2.7442849 1.7745768 1.8660604 1.7599311 1.8838772 2.3773525 1.7760357 1.5891324 1.4181735 1.7541188 0.0000000 1.7436267 1.7062535 1.7062535 1.8746315 1.4363266 1.4689079 1.4719471 1.4578666 2.4802651 1.7415573 1.4735395 2.8220189 3.8902062 2.7936105 3.9690721 2.5398734 2.2687664 1.5938883 2.2759712 2.3170855 2.2527208 2.3071911 2.3295321 2.2228239 2.2015483 2.3181582 3.2868010 3.4998073 3.4758963 3.4372554 2.7485842 2.9444226 3.4480518 2.7797656 3.1149325 3.0096406 3.8560338 2.2654596 2.3781901 3.1615573 3.4095254 3.7297415 3.7297415 3.8936189 5.3533564 4.8923310 3.8785134 4.4228261 3.1515972 3.0573339 4.2525305 4.5977228 3.9477004 4.7654496 3.6061416 2.6673257 3.4148691 5.8046271 3.9681902 4.3450850 4.2149249 5.0844388 6.0773471 
Acagra_model.g5951.t1                               3.2256033 3.2637860 1.5557171 2.9001092 1.0559411 2.9895261 1.3474819 1.2667661 2.0729292 2.1066962 1.9781464 1.8518211 2.0911231 2.1161662 2.1403403 1.9083339 1.1398379 2.1064703 2.9478168 1.7628666 1.8493778 1.9372852 1.6720020 2.0943103 1.9389290 1.4652872 1.3005029 1.6034711 1.7436267 0.0000000 0.0000010 0.0050771 1.4424102 1.3039291 1.2953184 1.3083087 1.2857157 1.9785267 1.4577078 1.5209184 2.7740541 3.8895212 2.7161991 3.8703506 2.5963223 2.3068583 1.5087378 2.3456613 2.3804703 2.3133300 2.2680830 2.3004456 2.1353113 2.0476544 2.1620538 3.5150675 3.1880357 3.1656934 3.2987343 2.5057368 2.7194744 3.3244997 2.5564473 2.5924587 2.4796253 3.6440804 2.0089505 2.1902933 3.0205313 3.0977659 3.2852450 3.2852450 3.7578325 4.6322306 4.4720020 3.3111141 3.9505325 3.3887982 2.5723520 3.9587587 4.5555689 4.0157897 4.1498571 3.1674495 2.9398163 3.4177849 4.0958932 3.8468776 4.5777406 3.1289324 4.9677160 5.6314294 
Acagra_model.g5951.t1.1.5d3b8481                    3.1795757 3.2185593 1.4925941 2.9001092 1.0559411 2.9895261 1.3178015 1.2302166 2.0179473 2.0680375 1.9383305 1.8210905 2.0098876 2.0404792 2.0681718 1.9083339 1.1398379 2.1064703 2.9478168 1.6942548 1.7817519 1.8912571 1.6240937 2.0943103 1.8844722 1.3996817 1.1948990 1.5703930 1.7062535 0.0000010 0.0000000 0.0000010 1.4422977 1.3039291 1.2953184 1.3083087 1.2857157 1.9785267 1.4577078 1.3449342 2.7427353 3.8895212 2.6872675 3.8703506 2.5810113 2.2820134 1.4712338 2.2980459 2.3341939 2.2686230 2.2229127 2.2470159 2.1353113 2.0375823 2.1385597 3.5150675 3.1900605 3.1675394 3.2782897 2.5057368 2.7194744 3.3244997 2.5643633 2.5924587 2.4796253 3.6440804 1.9758437 2.1369723 3.0205313 3.0977659 3.2852450 3.2852450 3.7578325 4.6322306 4.4720020 3.3111141 3.9505325 3.3887982 2.5723520 3.9324522 4.5400549 3.9428270 4.1864425 3.1674495 2.9373468 3.4177849 4.0958932 3.8561542 4.5777406 3.1289324 4.9677160 5.7499723 
Acagra_model.g5951.t1.2.5d3b8481                    3.1795757 3.2185593 1.4925941 2.9001092 1.0559411 2.9895261 1.3191573 1.2393105 2.0393079 2.0853075 1.9417680 1.8305838 2.0233131 2.0547057 2.0809538 1.9083339 1.1398379 2.1064703 2.9478168 1.7102459 1.8016383 1.8882526 1.6329185 2.0943103 1.8910269 1.4110113 1.2115740 1.5703930 1.7062535 0.0050771 0.0000010 0.0000000 1.4422977 1.3039291 1.2953184 1.3083087 1.2857157 1.9785267 1.4577078 1.3449342 2.7427353 3.8895212 2.6872675 3.8703506 2.5810113 2.2825378 1.4920204 2.3081184 2.3442846 2.2786583 2.2331077 2.2571695 2.1353113 2.0375823 2.1385597 3.5150675 3.1900605 3.1675394 3.2782897 2.5057368 2.7194744 3.3244997 2.5643633 2.5924587 2.4796253 3.6440804 1.9758437 2.1352488 3.0205313 3.0977659 3.2852450 3.2852450 3.7578325 4.6322306 4.4720020 3.3111141 3.9505325 3.3887982 2.5723520 3.9324522 4.5400549 3.9406561 4.1864425 3.1674495 2.9373468 3.4177849 4.0958932 3.8561542 4.5777406 3.1289324 4.9677160 5.7587370 
Ctel_gnl_WGS_AMQN_CAPTEDRAFT_mRNA153241             3.0725876 3.0914478 1.5158394 2.9373605 0.9741144 2.8828631 1.6910998 1.4775858 2.0946279 2.0806957 1.9990616 1.8611514 2.1380967 2.1650772 2.1429981 2.0120403 1.2249068 2.3575975 3.6539793 1.7880974 1.8995382 1.9428305 1.8721672 2.0421615 1.8961533 1.9730051 1.6907308 1.5415939 1.8746315 1.4424102 1.4422977 1.4422977 0.0000000 1.4720508 1.5049024 1.4972235 1.4232772 2.2345600 1.7876896 1.6070278 2.9378698 4.3731024 3.0350519 3.6209224 2.8804716 2.3806026 1.5855274 2.3999882 2.4297197 2.3437408 2.4509594 2.4637976 2.4316233 2.4766029 2.5027816 4.3452246 3.2925550 3.2734602 3.1986838 2.6982024 2.6368680 3.3816569 2.9074441 3.7324996 3.5642363 4.1541993 2.2210296 2.3763054 3.4843861 3.1814449 3.3049785 3.3049785 2.6807996 5.1357772 4.8498268 3.7298237 4.6379543 3.7383305 2.7293950 3.5791360 4.0392758 4.1104255 4.2355692 3.4750128 3.7248564 3.3995837 4.0327787 4.5802615 4.8625323 3.6910644 4.9002278 6.1553634 
Lcom_lcpid200211                                    1.8916297 1.8916297 1.9628553 1.8416147 3.1105127 1.8661117 1.5020489 1.3663921 1.6622911 1.6015188 1.4794863 1.5587373 1.5627684 1.6226145 1.5600644 1.4910988 1.5449361 1.9877316 0.0000010 1.5644996 1.6507985 1.3171935 1.3461387 0.0000010 1.2738234 1.3751220 1.2417414 1.1652490 1.4363266 1.3039291 1.3039291 1.3039291 1.4720508 0.0000000 0.0074991 0.0079841 0.0000010 0.4573422 0.6638558 0.7268657 1.1498061 0.0000010 1.0775939 0.0000010 1.0899701 1.2710379 1.2123575 1.1542050 1.1697853 1.1682180 1.2391455 1.2391455 1.3486391 2.2099889 1.1859654 0.0000010 1.5924930 1.5924930 1.9863062 1.3189835 1.8932219 1.5568736 1.3345366 0.0000010 0.0000010 9.0000000 1.9339110 1.8411395 1.4368488 3.0464113 3.0464113 3.0464113 7.3137735 2.6774291 2.2325980 4.2407064 3.3866934 1.9603742 0.7070239 2.4497801 2.4497801 2.5818732 2.0784514 2.5178769 1.9061272 1.6404705 0.0000010 2.9896186 0.0000010 2.1599599 2.6829910 6.2559106 
Lcom_lcpid200229                                    1.8764599 1.8764599 1.9472680 1.8850602 3.4525591 1.8559911 1.5368863 1.3613253 1.6997778 1.6374070 1.5128830 1.5939688 1.5978928 1.6586992 1.5948646 1.4790812 1.5324948 1.9699440 0.0000010 1.5588252 1.6419414 1.3060504 1.3408742 0.0000010 1.3040846 1.3697760 1.2368905 1.1912790 1.4689079 1.2953184 1.2953184 1.2953184 1.5049024 0.0074991 0.0000000 0.0000010 0.0079841 0.4713429 0.6812912 0.7455216 1.1438359 0.0000010 1.0719519 0.0000010 1.0844093 1.2594877 1.2497781 1.1496900 1.1652725 1.1636928 1.2344225 1.2344225 1.3412227 2.2633216 1.1721599 0.0000010 1.6275988 1.6275988 1.9798665 1.3189835 1.8932219 1.5915803 1.3233926 0.0000010 0.0000010 9.0000000 1.9274017 1.7920174 1.4368488 3.0464113 3.0464113 3.0464113 7.3137735 2.6607811 2.2161613 4.2407064 3.4759421 1.9502426 0.7070239 2.4376645 2.4376645 2.5743080 2.0717415 2.5042856 1.9500545 1.6404705 0.0000010 2.9896186 0.0000010 2.1599599 2.6752613 6.2559106 
Lcom_lcpid206584                                    1.9201987 1.9201987 1.9607753 1.9263227 3.1425939 1.9254752 1.5700278 1.3690231 1.7326428 1.6664988 1.5183950 1.6031813 1.5818685 1.6707550 1.6039959 1.4476974 1.4895750 1.7607158 0.0000010 1.5415466 1.6502122 1.2897624 1.3046375 0.0000010 1.2475973 1.3342581 1.1805778 1.1841538 1.4719471 1.3083087 1.3083087 1.3083087 1.4972235 0.0079841 0.0000010 0.0000000 0.0079068 0.4847777 0.6954287 0.7825337 1.1358726 0.0000010 1.0282048 0.0000010 1.0744032 1.3031734 1.2305091 1.2191725 1.1787074 1.2339202 1.3109378 1.3109378 1.3563188 2.1903271 1.2041320 0.0000010 1.6501751 1.6501751 2.0396899 1.4911544 2.1181590 1.6380795 1.3564968 0.0000010 0.0000010 0.0000010 1.9671197 1.8719661 1.5237720 3.0464113 3.0464113 3.0464113 3.2019307 2.6994868 2.2380665 4.2407064 3.4625922 1.9703744 0.7070239 2.4358333 2.4358333 2.7384397 2.1149215 2.4729495 1.9248353 1.7453922 0.0000010 3.4971679 0.0000010 2.1599599 2.7238202 6.4073663 
Lcom_lcpid201583                                    1.9106870 1.9106870 1.9499547 1.8284423 2.4764146 1.9174303 1.4583492 1.3270549 1.6739254 1.6123732 1.4730562 1.5525414 1.5456516 1.6167031 1.5539543 1.4054896 1.4446145 1.6684211 0.0000010 1.5344257 1.6419227 1.2973492 1.3057669 0.0000010 1.2159934 1.3343976 1.1815886 1.1467815 1.4578666 1.2857157 1.2857157 1.2857157 1.4232772 0.0000010 0.0079841 0.0079068 0.0000000 0.4668149 0.6892724 0.7479350 1.1086751 0.0000010 1.0057661 0.0000010 1.0504325 1.3534513 1.2201052 1.1847810 1.1467834 1.1989750 1.2718490 1.2718490 1.3469062 2.0269706 1.2122358 0.0000010 1.5901674 1.5901674 2.0012557 1.4911544 2.1181590 1.5386473 1.3245373 0.0000010 0.0000010 0.0000010 1.8812636 1.8340538 1.4886201 3.0464113 3.0464113 3.0464113 3.2019307 2.8097206 2.3117355 4.2407064 3.4163200 1.9160451 0.7070239 2.3521788 2.3521788 2.7358051 2.2606369 2.5590834 1.8613231 1.7453922 0.0000010 3.4971679 0.0000010 2.1599599 2.8446802 5.4225485 
Gracom_Gcom_scaffold16236_01                        2.8661088 2.8748760 1.8035543 2.8656093 1.4465053 2.9883366 2.3081750 1.8420309 2.4613458 2.4426976 2.2580355 2.2726382 2.6105798 2.4489547 2.3657097 2.2093729 1.7699374 3.0509298 4.2239836 2.1289625 2.2201142 2.1411101 1.8593962 0.9965694 2.0447270 2.1862824 1.7775958 1.9628888 2.4802651 1.9785267 1.9785267 1.9785267 2.2345600 0.4573422 0.4713429 0.4847777 0.4668149 0.0000000 1.0557261 0.9182329 1.7816592 2.8186744 1.7297831 0.0000010 1.8294880 2.1602121 2.1514755 2.3896478 2.3688195 2.3782850 2.4088135 2.3999995 2.6788927 2.8063884 2.3037644 4.1855761 3.3452461 3.3172183 3.0884889 2.8887986 2.7646428 2.8091702 2.4003604 1.1442635 1.0556840 0.9366088 2.4562181 2.5387344 3.1651733 2.6785357 2.9921052 2.9921052 4.8048979 4.2894226 4.1934333 5.8618300 4.1874881 2.9025066 3.9320542 3.7323208 3.9426916 3.6472687 3.4878072 3.6760077 3.4616651 3.7518693 8.6338808 3.7553613 3.8619137 1.7353701 4.4541252 5.4676162 
Clacor_Ccor_scaffold10083_01                        2.3211168 2.3180326 1.5913798 1.8656542 1.1394277 2.1682810 1.5196042 1.3240613 1.7865041 1.8024052 1.7122847 1.6839566 1.9784108 1.8542574 1.7952727 1.6753937 1.6014496 2.2389433 4.1886009 1.7212847 1.7094750 1.6977155 1.4771267 0.0000010 1.4638556 1.4058847 1.4082422 1.4532123 1.7415573 1.4577078 1.4577078 1.4577078 1.7876896 0.6638558 0.6812912 0.6954287 0.6892724 1.0557261 0.0000000 0.7215125 1.3020941 1.9070254 1.3741103 0.0000010 1.2963078 1.4675964 1.4382798 1.5846404 1.5751956 1.6340531 1.5688293 1.5651828 1.8016406 2.7080380 1.5176671 2.9515399 2.2228707 2.2494448 2.1837672 3.1914816 2.9203582 2.1053145 2.0897802 2.0513441 1.9094749 2.5286546 1.9578188 1.9745112 2.4380001 2.2963372 2.7353988 2.7353988 4.1883183 3.6986070 3.9392437 3.6935085 3.5519804 2.2580110 2.0024656 3.2429145 3.3875097 2.7809317 3.0876207 3.9049383 2.6557465 2.6298445 2.8166845 2.8051278 2.4570289 2.2572243 3.1561802 5.8987557 
Clacor_Ccor_scaffold8952_01                         1.9811058 1.9811058 1.9049650 1.6766141 1.1629682 1.6513243 1.7376981 1.1767239 1.7944783 1.8480954 1.7176965 1.7237752 1.9944016 1.7720710 1.7336133 1.4492308 1.3882479 1.7459373 0.0000010 1.5847881 1.7039245 1.5345844 1.6082494 1.1916662 1.5670808 1.6610635 1.5769822 1.4523199 1.4735395 1.5209184 1.3449342 1.3449342 1.6070278 0.7268657 0.7455216 0.7825337 0.7479350 0.9182329 0.7215125 0.0000000 0.9054316 3.0760624 1.0242274 0.0000010 0.9013803 1.7271986 1.3643699 1.6372185 1.7023824 1.6475552 1.5722516 1.4863490 1.3673650 3.0168935 1.4778451 0.0000010 1.9148412 1.9148412 2.0348661 2.1216026 2.4856851 1.6220453 1.6770634 1.2720000 1.1178028 2.5705166 1.7711532 1.7634138 1.7559701 3.2872972 3.2872972 3.2872972 5.3237728 3.0598195 3.0322409 3.6323034 3.6670477 2.0080568 0.7070239 2.7284365 2.9428083 2.4335363 2.8752327 3.5906415 1.9888881 1.8130905 9.0000000 3.4436261 9.0000000 1.5371688 2.6162364 7.6421352 
Lcom_lcpid30687                                     3.4666395 3.4821496 1.4538094 3.5558241 1.4135159 3.8050324 2.8799482 2.4044846 2.9742818 2.9800218 2.8674888 2.8680836 3.0781172 2.9441545 2.8904558 2.5577196 1.5886100 2.8861121 3.4762523 2.6926547 2.7180770 2.8257963 2.3031642 3.2682195 2.7112136 2.1914966 1.8949651 2.6863483 2.8220189 2.7740541 2.7427353 2.7427353 2.9378698 1.1498061 1.1438359 1.1358726 1.1086751 1.7816592 1.3020941 0.9054316 0.0000000 0.0328316 0.6607527 0.5991073 0.6061410 2.8663190 2.5906603 2.8046084 2.7892996 2.8007349 2.8314512 2.8090143 3.3430177 3.1829245 2.9029364 4.9858113 3.9456718 3.9397575 3.7171211 3.0099365 3.1726959 3.5349473 3.5149402 2.3211478 2.3511410 2.6778780 3.0925403 3.4664393 4.1347326 2.8689767 3.1954358 3.1954358 2.9384220 5.0617718 4.8514555 3.4341939 4.9984445 3.8829922 5.1855279 3.9598351 4.6130617 4.1642983 4.2764147 4.5578475 3.4141239 4.6865281 5.2501351 4.8211463 5.7024189 2.2930436 4.9933692 6.7026712 
