92
Horcal_Hcv1.av93.c6.g234.i1                           0.0000000 0.4168646 0.3751552 0.4159118 0.3456373 0.4032114 0.6078420 0.6673810 1.3251580 4.0511741 2.4360502 2.3276999 2.1790937 1.9312596 2.0557229 2.0501238 2.2730008 2.0692761 2.0285708 2.4289994 2.1586318 2.8224682 2.3515057 2.4529018 1.9856043 1.7200932 2.7504122 2.0357508 2.2018872 2.0076753 2.0709759 1.8191061 2.0757104 2.0790522 1.9695423 2.3963026 2.3983218 2.3506135 2.5607950 2.1466079 1.9826678 2.4205438 2.4205438 1.8261674 2.3126551 1.8824025 2.3650982 2.3397885 2.1218284 2.5565170 3.2213711 3.0984273 3.1595764 2.9506094 3.1729569 3.2869338 2.9101698 2.6667350 2.4875454 2.8454501 2.8220252 3.3284487 3.4975145 2.9673457 3.1451442 2.7744572 2.5548843 2.5489819 2.5318958 2.3586382 4.8677071 2.7380237 2.7279482 2.3404395 2.5102460 2.8029596 3.1021685 2.8875459 3.2778213 2.7858530 3.3287851 3.4344156 3.3467333 3.3951590 2.8902446 3.2718874 2.7485985 2.8697210 3.0238876 2.8603113 3.2945760 3.4263414 
Beraby_Baby_sb324098                                  0.4168646 0.0000000 0.2943275 0.3431262 0.3046023 0.3733169 0.5482913 0.5856422 1.5531303 3.3955247 2.4976425 2.4513359 2.3697094 2.1433384 2.3249424 2.2948365 2.3600213 2.1488599 2.1099885 2.4901108 2.3085057 2.7557002 2.3471155 2.2614388 2.1118642 1.8803873 2.9414207 1.9042049 2.1300497 2.0175471 2.0616582 1.8928005 2.1214643 2.0543936 2.0365593 2.3231343 2.3085456 2.2581755 2.3025707 2.1255102 2.0110623 2.6400217 2.6400217 1.7962729 2.3642314 2.1365582 2.6457768 2.2516418 2.0805056 2.3926940 3.2803991 2.8630401 2.9531136 2.8109780 2.7410906 2.8661855 2.7354637 2.4485275 2.4579966 2.6793022 2.6356557 3.1958597 3.2361925 2.9475267 2.7624060 2.5909129 2.4373689 2.4505810 2.3216568 2.3102377 3.3175063 2.6956279 2.7013116 2.4557293 2.3596124 2.7981413 2.9374283 2.8671451 3.3024158 2.9096292 2.8567199 3.0962276 2.9808962 3.0311424 2.5278826 2.7819174 2.4906656 2.4083150 2.9057119 2.7023121 2.9371329 3.3927231 
Drygla_Dgla_sb280394                                  0.3751552 0.2943275 0.0000000 0.0000010 0.0000010 0.3332884 0.4348315 0.5180687 0.9401673 2.2167338 1.9417894 1.8046159 1.8804130 2.1222143 1.7807663 1.6118000 1.9462876 1.6211204 1.5497497 1.5350550 1.7753978 2.2393114 1.8739624 2.2077661 1.7698993 1.7439413 2.4558936 1.6051346 1.8164395 1.4310251 1.5343319 1.5316349 1.5463721 1.5005112 2.0823590 2.3157658 1.8271142 1.9815904 1.8293086 1.7214162 1.7499168 1.8275283 1.8275283 1.6349130 2.0180591 1.7376049 1.7277684 2.1122943 1.5258380 4.1674950 2.3531040 2.7606443 2.7606443 2.8264773 2.9050971 2.9050971 2.5632403 2.2084261 2.1007156 2.2357458 2.3179512 3.1459073 3.2570506 2.5027995 2.4286742 1.6395266 2.1164157 2.1581144 2.0747576 2.1274309 0.0000010 1.9585084 1.9585084 1.9166511 1.9308636 2.2305066 2.4951967 2.5051632 2.7188421 1.3784171 2.2682336 2.2682336 2.3959328 2.3959328 1.8929644 2.4930165 1.9171043 2.0150579 2.3540237 2.2005324 6.0624705 0.0000010 
Drygla_Dgla_sb280392                                  0.4159118 0.3431262 0.0000010 0.0000000 0.0000010 0.3617131 0.4527406 0.5180687 0.8506065 2.2167338 2.0442451 1.9240353 1.8871551 2.1809703 1.8708599 1.7438701 1.9291856 1.6938937 1.6837197 1.9696746 1.8189432 2.5998194 1.9395969 2.2904245 1.8163350 1.7267724 2.4366516 1.7296088 1.9430810 1.5780347 1.6759241 1.6636074 1.6767923 1.6479580 2.1342941 2.3583259 1.8574608 2.0130396 2.1216688 1.7214162 1.7197658 1.7942278 1.7942278 1.7164076 2.0808830 1.7376049 1.7277684 2.3140670 1.5942979 3.6607434 2.3339637 2.9984328 2.9984328 3.1368776 3.3036563 3.3036563 2.8883423 2.5256182 2.3306603 2.4232169 2.4007492 3.2485950 3.3129895 2.6262797 2.6604214 2.2252875 2.1173692 2.2786724 2.1264172 2.1342456 0.0000010 2.0509272 2.0509272 2.0168220 2.2643184 2.3927852 2.4951967 2.4996230 2.8892758 1.3784171 2.7036703 2.7036703 2.8336819 2.8336819 2.2575411 2.7782906 2.1919628 2.2596055 2.7198959 2.6020310 6.0624705 0.0000010 
Drygla_Dgla_sb280393                                  0.3456373 0.3046023 0.0000010 0.0000010 0.0000000 0.3252177 0.4255574 0.5180687 0.9015170 2.2167338 1.9648516 1.8796495 1.8398902 2.1543380 1.7567233 1.6010931 1.8426681 1.5387203 1.4927076 1.5921455 1.7220839 2.3087633 1.9140786 2.1540214 1.7732713 1.7052587 2.3236455 1.5587883 1.8362521 1.4639924 1.5622780 1.5591044 1.5729293 1.5300087 2.1929876 2.3506003 1.7515633 1.8958330 1.8557113 1.7214162 1.6367203 1.7499431 1.7499431 1.6390593 1.9835544 1.7376049 1.7277684 2.1034725 1.4370782 3.6607434 2.3339637 2.7401163 2.7401163 2.8203344 2.8712274 2.8712274 2.5987062 2.3102406 2.2418880 2.2624525 2.3085838 3.0747735 3.0633228 2.4134580 2.4281119 1.7845275 1.9766718 2.3288779 1.9772655 2.0129139 0.0000010 1.9355178 1.9355178 1.8973573 2.0845683 2.2138780 2.4951967 2.4336277 2.8470472 1.3784171 2.3985567 2.3985567 2.5290877 2.5290877 1.9525281 2.5164135 1.9087885 1.9992499 2.4902910 2.3518207 6.0624705 0.0000010 
Lampan_Lpan_C408069_01                                0.4032114 0.3733169 0.3332884 0.3617131 0.3252177 0.0000000 0.4349516 0.4764412 1.0962283 3.1959042 2.2985614 2.2126291 2.1488723 2.1096770 2.0917314 2.0461841 2.2469361 2.0515533 2.0898471 2.5278327 2.1414049 2.7833069 2.3381883 2.4222241 1.9477640 1.8935677 2.7928303 2.0176207 2.1468919 2.0401103 2.0921443 1.9341640 2.1465489 2.0921758 2.0644193 2.3242061 2.3125342 2.3226398 2.2897629 2.0939336 2.0142092 2.4656374 2.4656374 1.7984115 2.2964897 1.8152401 2.3403900 2.3227489 2.0020060 2.2861675 2.8423525 2.9016949 3.0281065 3.0060350 3.3106474 3.4259070 2.7489025 2.7105487 2.4073928 2.7913596 2.9061340 3.3410306 3.3185035 2.9067903 3.3847388 2.6969464 2.6803217 2.5837366 2.4550425 2.6273255 3.1729220 2.8638348 2.8531851 2.7782177 2.7405433 2.8687283 3.1129389 2.8499899 3.1290119 2.4420164 3.2070806 3.2967269 3.1658194 3.2215299 2.7508023 3.0190166 2.6816890 2.6454661 3.0403313 2.8873870 2.4727471 3.1607137 
Coemet_Cmet_C605190_01                                0.6078420 0.5482913 0.4348315 0.4527406 0.4255574 0.4349516 0.0000000 0.3424188 1.2923519 2.8118002 2.1769178 2.1446242 2.0943381 1.9435896 2.1788341 2.2189212 2.1578790 2.1664330 2.1321319 2.4194784 2.1672471 2.7474050 2.3663306 2.5213580 2.0298424 1.8331512 2.7665065 1.9878772 2.1599693 2.0167286 2.0492989 1.9362046 2.1294549 1.9860332 2.0265679 2.5100397 2.2704068 2.3176814 2.2994953 2.1900663 2.0331395 2.4992103 2.4992103 1.8219430 2.2973437 2.0257216 2.4630712 2.2281179 1.9658503 2.5170830 3.1541413 3.0836125 3.2430575 3.2458975 3.4388396 3.4728833 3.0068270 2.6461755 2.3240871 2.5196574 2.8233136 3.0518971 3.2696279 2.9632827 3.0488670 2.6803115 2.4193250 2.2049910 2.3422504 2.3573099 2.9374296 2.7254672 2.7157058 2.6251096 2.6028748 2.9521830 3.1378332 2.7173803 3.0827981 2.6067263 2.9969981 3.0057035 3.2030477 3.1637922 2.7406789 2.7480253 2.6252579 2.5968121 2.8912797 2.7178593 2.8941023 2.9072469 
Vmul_sbMO447584                                       0.6673810 0.5856422 0.5180687 0.5180687 0.5180687 0.4764412 0.3424188 0.0000000 2.5460513 2.9398738 2.3769131 2.3644025 2.3259617 1.9602844 2.2381282 2.4922836 2.5470293 2.2743995 2.2206434 2.2665475 2.3165116 2.2143727 2.4413744 2.4217125 2.1289754 2.1418209 3.5886145 2.2324525 2.3820224 2.4439527 2.5672247 2.1130429 2.5519897 2.3118008 2.1124065 2.3882892 2.3243712 2.5879957 2.2729266 2.1968826 2.3998262 2.8493670 2.8493670 1.7757400 2.2560639 1.8332192 2.4555291 2.4355783 2.2151507 2.5165996 3.2787631 2.9402282 2.8016804 2.9223976 2.0772650 2.1933760 2.5599721 2.2999623 2.3709035 2.7093009 2.9876947 2.8827070 2.9174751 3.1143696 3.4532191 2.6758737 2.5654136 2.4233733 2.5994719 2.5237588 2.6546364 2.7004730 2.7079672 2.6873775 2.2282143 2.6105602 2.7691852 3.2663531 3.2434610 2.8135092 3.2102790 3.3287059 3.2391308 3.2137702 2.7250527 2.8349070 2.8838317 2.6558448 2.5850304 2.4130884 3.0397257 3.2819974 
Mlei_ML2798.g40.i1                                    1.3251580 1.5531303 0.9401673 0.8506065 0.9015170 1.0962283 1.2923519 2.5460513 0.0000000 5.8218098 2.9545910 3.1668655 3.0616004 2.0526267 3.0809965 3.0180368 3.0854286 3.0113098 2.9773224 3.8543630 2.9004489 4.6358697 3.0953702 3.4802866 2.9627810 2.4122206 2.6524702 3.0219829 3.1114159 2.9771442 3.2086824 2.5253410 2.8540955 2.9053116 2.1648998 3.5257965 3.2417145 3.1227001 3.4485256 3.1539564 2.6104396 3.1261277 3.1261277 2.5741746 2.8759997 3.2003658 4.8937868 2.4054216 3.3794020 4.9479494 6.0855300 4.5944122 4.6141911 4.1320683 3.2257118 3.2257118 4.2801505 4.1721736 3.9045588 3.6294963 4.2468255 4.2805389 4.6983230 3.6536819 4.9339812 6.3592307 3.9006162 2.7582919 3.1980148 3.3446609 4.3119959 3.5691539 3.6112681 3.1233886 3.9935041 4.2389985 5.7260663 3.1854293 4.4086983 4.5736539 3.8193959 3.8802417 4.0158362 3.9920754 3.4212035 3.4530038 3.0685478 3.5535836 4.3543183 4.4547651 4.7604246 5.1912028 
Nemnom_g10028.t1                                      4.0511741 3.3955247 2.2167338 2.2167338 2.2167338 3.1959042 2.8118002 2.9398738 5.8218098 0.0000000 0.3464140 0.5783479 0.9901771 1.8571242 3.1414811 2.0679963 1.9205289 1.5596012 1.7099415 1.5897845 1.7520965 1.3815511 1.6467535 1.4468629 2.2911114 1.7315105 3.9026987 2.7670744 2.6609921 2.7652904 2.7944304 8.9999986 3.6945465 2.8368116 1.4667922 2.1363616 2.2465692 1.8478976 2.4956106 1.9428689 2.6052032 3.5992234 3.5992234 1.2984196 2.8997998 1.5511585 2.8769126 2.8128673 3.6168594 0.0000010 4.0102869 2.5892168 1.9427242 2.8989703 1.6748482 1.2815269 3.3184163 2.8849732 1.9648183 1.6775497 2.7621861 2.6056356 2.5955476 2.5565095 2.3485899 3.0587139 2.9632622 2.8107904 2.5223401 2.0044618 2.2332841 3.8626938 3.6921048 4.8092578 4.1611503 3.1186195 3.1186195 2.9645770 3.0123366 1.9234071 3.0762983 4.0748942 3.6718363 3.4071802 2.6136440 3.2727071 5.2936005 3.1848448 4.3066827 3.9148160 2.4001479 2.3372833 
Rhoesc_Res_011943-T1                                  2.4360502 2.4976425 1.9417894 2.0442451 1.9648516 2.2985614 2.1769178 2.3769131 2.9545910 0.3464140 0.0000000 0.4479096 0.6351644 0.6287442 1.1671642 1.1600199 0.9831358 0.9897536 1.0877652 1.2152142 1.0107614 1.5939963 1.1121890 1.1027891 1.3498892 1.1298881 1.3952820 1.4376065 1.5779772 1.5475708 1.6232536 1.3322457 1.6558921 1.5548777 1.4767952 1.6883625 1.7122382 1.5346243 1.7184623 1.3859796 1.6344165 2.0362188 2.0362188 1.4585407 1.9949178 1.6898368 2.1792877 1.8202307 2.0020064 2.2775572 2.5128639 2.1121514 2.0055965 2.2855318 2.0977055 2.0348642 2.3122243 1.9209917 1.4103651 1.4002787 2.0034872 2.7306665 2.6352575 2.2154453 2.3680058 2.6368465 2.0227715 1.8215993 2.0794198 1.9641165 2.6027439 2.2293313 2.2046797 1.8569131 1.9331954 2.3885077 2.4480079 2.3779468 2.7266919 1.2087820 2.7457044 2.8215730 2.7318420 2.5699825 2.6957041 2.4224802 2.5947240 2.4332719 2.9929487 3.0190786 2.0973767 2.2036954 
Aaur_scaffold45.g26.t1                                2.3276999 2.4513359 1.8046159 1.9240353 1.8796495 2.2126291 2.1446242 2.3644025 3.1668655 0.5783479 0.4479096 0.0000000 0.4591970 0.5440235 1.2179758 1.2279885 1.0618849 1.1096479 1.1830222 1.3933462 1.0530320 1.6984874 1.1914990 1.2003920 1.3266966 1.1910309 1.3919713 1.3522154 1.6399946 1.5814622 1.6204437 1.3618082 1.6248764 1.5385939 1.5364126 1.7497038 1.7419113 1.5669977 1.6908098 1.4919208 1.6975126 2.0619623 2.0619623 1.4188653 2.0706615 2.0587392 2.4074091 1.6967072 1.9100179 2.1496204 2.3929189 2.1407812 2.0983928 2.3149310 2.0976786 2.0954190 2.2574124 1.8855928 1.4381581 1.4054325 2.2077214 2.7976851 2.7747759 2.1789733 2.2009885 2.5992469 1.9308947 1.6592001 2.1014370 2.1802255 2.7024597 2.1736628 2.1670065 1.8874724 1.9504823 2.5344119 2.6840771 2.2573508 2.6788074 1.2035801 2.7923004 2.9381354 2.6428052 2.6472051 2.9620770 2.4442476 2.5268209 2.3228248 3.2888481 3.1488355 2.1144949 2.6812386 
Sanmal_Sma_007580-T1                                  2.1790937 2.3697094 1.8804130 1.8871551 1.8398902 2.1488723 2.0943381 2.3259617 3.0616004 0.9901771 0.6351644 0.4591970 0.0000000 0.6860617 1.1764264 1.1350281 1.0068038 1.0758509 1.1411442 1.2801051 1.0519136 1.6728208 1.1289159 1.1571794 1.3847111 1.1710252 1.3589687 1.4099360 1.7228051 1.5237388 1.5714875 1.2515901 1.4971958 1.4746399 1.6476563 1.7128149 1.6324991 1.5427253 1.8166044 1.4044569 1.7571784 2.1616445 2.1616445 1.6222442 2.0224139 1.8642127 2.2696164 1.7539160 1.9009437 2.3036391 2.5664635 2.0976837 2.0170460 2.2353174 2.2836661 2.2549667 2.1570391 1.7847623 1.4468370 1.4877673 2.2131986 2.6365727 2.6988970 2.0832440 2.2599131 2.3176857 1.7478777 1.5249883 1.9651135 2.0174967 2.5548686 2.1449178 2.1211122 1.8839552 2.0420375 2.2568330 2.3521506 2.2031736 2.5047534 1.1225372 2.7974932 3.0727250 2.5990045 2.6431245 2.8639849 2.4187593 2.9475399 2.4566234 3.1853866 2.9078814 2.1275881 2.5773526 
Morvir_scaffold55.g9.t1                               1.9312596 2.1433384 2.1222143 2.1809703 2.1543380 2.1096770 1.9435896 1.9602844 2.0526267 1.8571242 0.6287442 0.5440235 0.6860617 0.0000000 1.0177659 1.1385812 0.8338801 0.9144663 1.0538907 1.1435333 0.8488459 2.1849472 1.0171882 1.0068804 1.0377688 1.0416024 1.1141639 1.1429421 1.4814932 1.2279870 1.4563043 1.1254884 1.1872918 1.1343546 1.3846096 1.3593570 1.4154326 1.2836594 1.3566748 1.1729679 1.5694845 1.6047358 1.6047358 1.4650031 2.0354791 1.5252636 2.2712471 1.8514271 1.5339265 1.3678092 3.6409759 2.2602200 2.2444835 2.4759250 1.9908704 1.9908704 2.2180727 1.8200457 1.4532322 1.5255978 1.7602482 2.4698524 2.3964688 1.7712583 1.9404766 4.2109138 1.5708301 1.4890770 1.7850736 2.1156830 2.7340932 1.6178518 1.6178518 1.5892454 1.8663208 2.4687249 2.9784609 1.9205419 2.4034674 0.9812543 2.5611447 2.6049407 2.4128230 2.4294091 2.7187623 2.6832631 2.3082618 2.2894272 3.2024820 3.5448290 4.1012977 9.0000000 
Adig_XM_015906220.1                                   2.0557229 2.3249424 1.7807663 1.8708599 1.7567233 2.0917314 2.1788341 2.2381282 3.0809965 3.1414811 1.1671642 1.2179758 1.1764264 1.0177659 0.0000000 0.0993249 0.3953678 0.4776415 0.5084906 0.6156621 0.8957007 1.6120070 1.2657645 1.3157988 1.5825678 1.0679107 0.8150537 1.4550901 1.6705403 1.4816117 1.5084642 1.3065258 1.5054798 1.5940176 1.6222265 1.7513356 1.7173522 1.8057876 1.4546454 1.4818759 1.6469227 1.8197718 1.8197718 1.4517028 1.9298507 1.2240767 1.9001542 1.6728394 1.7876434 2.5310454 2.1359480 2.1668195 2.0296109 2.0241070 1.8511720 1.8922254 2.0782174 1.8797175 1.8753541 1.7881018 2.3048013 2.6593969 2.7852051 2.4913961 2.7492773 2.1521476 1.9417277 2.0618879 2.0229245 2.0284804 3.3022677 2.0683794 2.0410776 1.8138948 2.1218821 2.5145496 2.5013774 2.3973889 2.5873791 1.7483331 2.7332883 2.7684095 2.8198679 2.6481744 2.6764674 2.5848736 2.7852610 2.4054939 2.8829029 2.7524648 1.9746845 2.8352806 
Amil_Amillepora24894-RA                               2.0501238 2.2948365 1.6118000 1.7438701 1.6010931 2.0461841 2.2189212 2.4922836 3.0180368 2.0679963 1.1600199 1.2279885 1.1350281 1.1385812 0.0993249 0.0000000 0.3382610 0.4401446 0.4750376 0.5646261 0.8898718 1.1825021 1.2053544 1.2378561 1.6342953 1.0736637 1.1305050 1.3943553 1.7008821 1.5873154 1.6344318 1.4229825 1.7440548 1.6885197 1.6226401 1.7555038 1.6971198 1.7510202 1.4688836 1.4633931 1.8129901 2.2316868 2.2316868 1.5524261 2.0392385 1.2369810 2.0205446 1.8455827 1.9580729 3.3005049 2.4842051 2.4197608 2.2952865 2.1267644 2.1636725 2.1235901 2.3537198 2.1125059 2.0321706 1.8368739 2.3072643 2.7962793 2.7892246 2.6136877 2.7927733 2.2249844 2.0420157 2.1349358 2.1483488 2.0242697 3.6886744 2.2390172 2.2088818 1.8853470 2.2493616 2.5073070 2.4817703 2.5510986 2.6438891 1.7118118 2.9511226 3.3944673 3.2293567 3.1161546 2.8600379 2.7988899 2.6587396 2.7050905 3.4010125 3.3297401 2.0801987 2.2155420 
Gfas_gfas1.m1.1863.m1                                 2.2730008 2.3600213 1.9462876 1.9291856 1.8426681 2.2469361 2.1578790 2.5470293 3.0854286 1.9205289 0.9831358 1.0618849 1.0068038 0.8338801 0.3953678 0.3382610 0.0000000 0.2003218 0.3179131 0.3586432 0.7047579 1.2495314 1.0870540 1.0511092 1.3475644 0.9553202 0.9470719 1.2498181 1.4865977 1.5013577 1.5725787 1.2536376 1.6253403 1.4810387 1.4546718 1.5325670 1.5598301 1.5986720 1.3528141 1.3120685 1.4240083 1.9252519 1.9252519 1.4200736 1.9423937 1.4225367 2.2776933 1.6926031 1.6737708 1.9107005 2.2771960 2.0445492 1.8263061 2.0875969 2.0203458 1.9891483 2.1048045 1.8442912 1.7949724 1.6250932 2.1368693 2.9008018 2.8412521 2.6013368 2.4094930 2.1452664 1.9026706 1.8247899 1.7718591 1.7801592 3.5116354 2.0697704 2.0697704 1.7869770 1.9605797 2.2376899 2.2719370 2.5426815 2.4668913 1.7223359 2.7555702 3.2026392 2.8995249 2.7404920 2.7256544 2.7191515 2.2844673 2.4689202 3.1948151 3.1457499 2.0390950 2.5983885 
Gasp_gasp1.m3.9403.m1                                 2.0692761 2.1488599 1.6211204 1.6938937 1.5387203 2.0515533 2.1664330 2.2743995 3.0113098 1.5596012 0.9897536 1.1096479 1.0758509 0.9144663 0.4776415 0.4401446 0.2003218 0.0000000 0.2370676 0.2332788 0.6820137 0.9826382 1.1004516 1.0754286 1.4460166 1.0098553 0.8105596 1.2228811 1.5195769 1.4936468 1.5656652 1.3085474 1.5653330 1.4994393 1.5488000 1.4768487 1.5658085 1.5812493 1.3796271 1.4084446 1.5433299 1.9450209 1.9450209 1.3631977 1.9668694 1.4088544 2.1952430 1.7139769 1.6416649 1.9000334 2.3680686 1.9699098 1.9428031 2.0095904 1.8197141 1.7960720 2.0391081 1.8330264 1.7078491 1.7051394 1.9001976 2.7622378 2.6962308 2.3157494 2.2859661 2.1783793 1.8190060 1.7107327 1.7580042 1.6804159 3.1620090 1.9774593 1.9550733 1.7400285 1.8710023 2.0579854 2.0221324 2.3761379 2.2913455 1.6755639 2.5229861 2.7344091 2.5752856 2.4227992 2.5911089 2.5106159 2.4777545 2.4109110 2.7061028 2.8563434 1.7325283 2.2548160 
Spis_XP_022790612_1                                   2.0285708 2.1099885 1.5497497 1.6837197 1.4927076 2.0898471 2.1321319 2.2206434 2.9773224 1.7099415 1.0877652 1.1830222 1.1411442 1.0538907 0.5084906 0.4750376 0.3179131 0.2370676 0.0000000 0.3565585 0.7439902 1.0652608 1.2788002 1.1986007 1.4623690 0.9606713 0.7554916 1.3329154 1.5609977 1.4664721 1.5272472 1.3192926 1.6384577 1.5110114 1.5751521 1.6213776 1.6420632 1.7187548 1.4839460 1.3328689 1.6859215 2.0363752 2.0363752 1.4088608 1.9829154 1.3770614 2.2586888 1.8114897 1.8279102 2.3404261 2.5398666 2.2214463 2.1603991 2.1582860 1.9320170 1.9427732 2.2860196 1.8823241 1.8268513 1.7508955 2.0671325 2.8019768 2.6915321 2.3654276 2.4713717 2.1923000 1.8834284 1.7861775 1.9342519 1.8926129 3.0925710 2.0626586 2.0394589 1.8430715 1.9440000 2.2893240 2.3600026 2.3484341 2.3488825 1.9863241 2.6446816 2.8904560 2.7708199 2.6128623 2.7625468 2.6512880 2.5395104 2.5341552 2.7244120 2.7907671 1.9074267 2.1684465 
Fspp_ffun1.m4.17045.m1                                2.4289994 2.4901108 1.5350550 1.9696746 1.5921455 2.5278327 2.4194784 2.2665475 3.8543630 1.5897845 1.2152142 1.3933462 1.2801051 1.1435333 0.6156621 0.5646261 0.3586432 0.2332788 0.3565585 0.0000000 0.9302412 0.9279133 1.2404239 1.1387945 1.6157953 1.1587722 1.4780048 1.4444339 1.5693558 1.5761530 1.6886402 1.4542250 1.7514655 1.6215411 1.8141939 1.9026508 1.8099317 1.8504632 1.5279719 1.3305696 1.9180444 2.2855885 2.2855885 1.6364391 2.0802746 1.3700856 2.2910219 1.8854612 1.9514284 1.9941459 2.3967272 2.0327070 1.8851651 1.9562452 1.7349556 1.7037712 2.0859843 1.7980941 1.9532438 1.8116037 1.9693065 2.7949362 2.7518801 2.4324587 2.5345787 2.3031206 1.8194134 1.6401344 1.9624156 2.0038657 3.1118573 2.1235879 2.0964363 1.9331583 1.7105932 2.0843577 2.0469181 2.4263682 2.2968467 1.6717962 2.6270313 2.8769613 2.6036711 2.4196797 2.7515719 2.5838288 2.7001428 2.4733622 2.5525178 2.6154423 1.8451323 2.4117270 
Exapal_XM_021060245.2                                 2.1586318 2.3085057 1.7753978 1.8189432 1.7220839 2.1414049 2.1672471 2.3165116 2.9004489 1.7520965 1.0107614 1.0530320 1.0519136 0.8488459 0.8957007 0.8898718 0.7047579 0.6820137 0.7439902 0.9302412 0.0000000 1.0925819 1.0872325 1.0114347 1.4325884 1.0414045 1.2769116 1.2860244 1.5217435 1.5284908 1.6317449 1.2949118 1.6026574 1.5415316 1.4138427 1.5855714 1.4470577 1.5422407 1.5194550 1.2453356 1.6839841 1.9625330 1.9625330 1.3115799 1.8858133 1.3846656 2.0440520 1.7669612 1.7006814 2.2282686 2.2491482 1.9997256 1.9223180 2.0914322 1.7636756 1.7959429 2.1037925 1.8981029 1.6501021 1.5224910 1.9200063 2.8055964 2.6515626 2.2437976 2.5787014 2.1663155 1.7070042 1.5396848 2.1688722 2.0348980 2.7522754 2.2256013 2.2001768 1.9448055 1.8839782 2.2822605 2.4080459 2.2731720 2.3556593 1.4512040 2.6859032 2.9726336 2.6881008 2.5875526 2.7057923 2.7747440 2.5955034 2.3787025 2.9667730 3.0743258 1.7941057 2.1040551 
Nvec_v1g171297                                        2.8224682 2.7557002 2.2393114 2.5998194 2.3087633 2.7833069 2.7474050 2.2143727 4.6358697 1.3815511 1.5939963 1.6984874 1.6728208 2.1849472 1.6120070 1.1825021 1.2495314 0.9826382 1.0652608 0.9279133 1.0925819 0.0000000 1.5916996 1.5497299 2.1419679 1.7966613 2.7363847 1.8100752 2.2200935 2.1768277 2.2759440 2.0496529 2.3025624 2.1479919 3.6552897 2.5398101 2.3151097 2.2051665 2.3082408 1.5922211 2.5656200 2.7454681 2.7454681 2.6158471 2.5898891 1.4517748 2.3021488 3.5837231 2.8364230 2.1107478 2.4876056 2.9700298 3.1305235 3.0409106 4.3547580 4.3347351 2.8202441 2.6516989 2.5555369 2.4987738 2.5232189 3.3135893 3.3338724 2.9741272 3.0362835 2.2759331 2.2893612 2.5742457 2.7302020 2.5786807 3.3001010 2.4738685 2.4760932 2.5311891 2.5359455 2.5165482 2.4041583 3.2366479 2.7556661 1.5710907 3.2287216 3.6875034 3.2360621 3.1578104 3.8153009 3.2160431 3.1802398 2.8314476 3.2037875 3.2004651 2.0318691 2.7106389 
Dgig_XM_028546701.1                                   2.3515057 2.3471155 1.8739624 1.9395969 1.9140786 2.3381883 2.3663306 2.4413744 3.0953702 1.6467535 1.1121890 1.1914990 1.1289159 1.0171882 1.2657645 1.2053544 1.0870540 1.1004516 1.2788002 1.2404239 1.0872325 1.5916996 0.0000000 0.5759810 1.4986352 1.3256411 1.8188266 1.4626599 1.6278093 1.5933576 1.6186051 1.4704121 1.6616369 1.6334374 1.6535836 1.7734314 1.6519572 1.6769708 1.6838837 1.5480719 1.7571965 2.0092643 2.0092643 1.5512573 2.0314447 1.3645883 1.8652616 2.2161712 1.6870620 1.9683927 2.3870116 2.0646742 2.0559819 2.2703096 2.0704896 2.0825432 2.3471825 1.8893110 1.7191421 1.6674910 2.1839403 2.7837846 2.6615802 2.2515480 2.5654977 2.3130138 1.8785560 1.7271554 2.1439695 2.0258755 3.2498271 2.3387419 2.3123240 2.1249675 1.9409870 2.2615531 2.2056748 2.3877827 2.4603064 1.5995610 2.7198221 2.9203928 2.6540269 2.5759961 2.6560428 2.7314654 2.4711000 2.2589352 3.0745690 3.1275506 2.1133629 2.6224981 
Xesp_020776-T1                                        2.4529018 2.2614388 2.2077661 2.2904245 2.1540214 2.4222241 2.5213580 2.4217125 3.4802866 1.4468629 1.1027891 1.2003920 1.1571794 1.0068804 1.3157988 1.2378561 1.0511092 1.0754286 1.1986007 1.1387945 1.0114347 1.5497299 0.5759810 0.0000000 1.5041761 1.3538576 1.8241626 1.5178599 1.6318961 1.6664416 1.7018220 1.5422556 1.7629328 1.7160748 1.5197590 1.6514080 1.7420054 1.6129668 1.6594680 1.4537671 2.0313393 2.2212580 2.2212580 1.7674013 1.9117521 1.4136022 1.7832857 2.1461810 1.7180739 1.6309587 2.1316802 2.4131733 2.4436872 2.4899179 2.4048250 2.4343043 2.4916293 2.0100689 1.8545020 1.6934706 2.1181614 2.9670744 2.6523851 2.2938611 2.5471625 2.2380827 1.8364700 1.7696358 1.9389892 2.2128263 2.7446570 2.3880802 2.3612640 2.2462247 2.0374446 2.1490030 2.2565113 2.4305737 2.1448656 1.6315450 2.6419694 2.9159845 2.6595847 2.6620263 2.7620370 2.6179508 2.4776698 2.2080031 2.9786450 2.9880383 1.6691350 1.9164779 
Hsap_ENST00000285518                                  1.9856043 2.1118642 1.7698993 1.8163350 1.7732713 1.9477640 2.0298424 2.1289754 2.9627810 2.2911114 1.3498892 1.3266966 1.3847111 1.0377688 1.5825678 1.6342953 1.3475644 1.4460166 1.4623690 1.6157953 1.4325884 2.1419679 1.4986352 1.5041761 0.0000000 0.9005872 1.7116701 1.1289642 1.3593513 1.6469172 1.7215797 1.4221066 1.7444052 1.6625012 1.2520853 1.4459112 1.2781114 1.3402527 1.7025059 1.2513943 1.6771814 2.0255012 2.0255012 1.4817237 1.9339754 1.4267882 2.0076315 1.7452454 1.8130236 1.6431814 2.2504989 2.2667317 2.2124435 2.3155033 2.2178669 2.2134559 2.1594101 1.9117008 1.9405409 2.0595153 2.1825202 2.6259100 2.5268593 2.3664630 2.5201457 2.3837184 1.8215224 1.5792936 1.9797249 1.9740752 2.9434279 2.0898163 2.0835411 1.8327331 2.0877810 2.4405842 2.5714101 2.0054804 2.5008353 1.9518392 2.6243760 2.7699914 2.6436263 2.5975508 2.3956078 2.8744227 2.4163990 2.0662205 2.9413624 2.7461365 2.0547432 2.0418037 
Skow_XM_006820551.1                                   1.7200932 1.8803873 1.7439413 1.7267724 1.7052587 1.8935677 1.8331512 2.1418209 2.4122206 1.7315105 1.1298881 1.1910309 1.1710252 1.0416024 1.0679107 1.0736637 0.9553202 1.0098553 0.9606713 1.1587722 1.0414045 1.7966613 1.3256411 1.3538576 0.9005872 0.0000000 1.2968048 1.0660089 1.1042485 1.2415281 1.3237082 1.2168271 1.2318883 1.2141471 1.3934472 1.5077443 1.3496526 1.4353223 1.7843920 1.0081150 1.5682610 1.5885992 1.5885992 1.4582318 1.9236327 1.4974584 1.4921956 2.0070531 1.3461969 2.2862160 2.0473142 2.3010124 2.3010124 2.1862082 2.3548485 2.3548485 2.3644421 2.0384924 1.8603646 1.9368512 2.2718900 2.4219313 2.4956334 1.9836375 2.3552778 2.4214159 1.8775209 1.7890680 1.7870152 2.1459897 2.6724682 2.1078615 2.1078615 2.0128335 1.9973874 2.1534178 2.0639557 1.8958957 2.2519587 1.3328398 2.3287269 2.3287269 2.1890965 2.1890965 2.3965096 2.5125708 2.2229257 2.1224667 2.7858519 2.6507192 1.6186208 0.0000010 
Pocdam_XM_027190240.1                                 2.7504122 2.9414207 2.4558936 2.4366516 2.3236455 2.7928303 2.7665065 3.5886145 2.6524702 3.9026987 1.3952820 1.3919713 1.3589687 1.1141639 0.8150537 1.1305050 0.9470719 0.8105596 0.7554916 1.4780048 1.2769116 2.7363847 1.8188266 1.8241626 1.7116701 1.2968048 0.0000000 1.7528003 2.2374747 2.1200519 2.1495747 1.7191536 2.1514220 2.1445966 1.5295188 1.8363242 1.9620833 2.0454105 2.1775798 1.8662086 1.8529994 2.3602513 2.3602513 1.6701223 2.5374351 2.5330766 4.6334792 1.7789824 2.1651444 7.5857845 5.5128005 2.9874306 2.6929397 2.9401569 1.9209769 1.9178571 2.9585152 2.5830100 2.2294935 2.2005066 3.1495739 3.3341485 3.4698109 3.2943103 2.9332458 4.6840471 2.4566882 1.8177782 2.6362062 2.2576312 9.0000000 2.4972365 2.4972365 1.9858058 2.5560318 3.4329916 4.2590489 3.1100365 3.5773250 5.3358553 3.2949119 3.4706306 3.3104164 3.1501079 2.8894475 2.8822358 2.3978783 3.0684796 3.8822517 3.8354149 7.8833722 4.7894396 
Bralan_BLAG02001013_1                                 2.0357508 1.9042049 1.6051346 1.7296088 1.5587883 2.0176207 1.9878772 2.2324525 3.0219829 2.7670744 1.4376065 1.3522154 1.4099360 1.1429421 1.4550901 1.3943553 1.2498181 1.2228811 1.3329154 1.4444339 1.2860244 1.8100752 1.4626599 1.5178599 1.1289642 1.0660089 1.7528003 0.0000000 1.1384441 1.6297643 1.6672813 1.5119455 1.9014012 1.7249156 1.5750669 1.4417027 1.3185837 1.3693921 1.5276886 1.1449473 1.6902526 2.0117017 2.0117017 1.5253655 1.9187617 1.7001150 2.1573326 1.7748971 1.8062762 1.5960322 1.9454012 2.2188461 2.1919009 2.1742917 2.1442213 2.1706300 2.1649683 1.7304749 2.1085837 2.0360269 2.0484520 2.4275872 2.4159758 2.3334942 2.2943714 2.1868367 1.8469160 1.6733982 1.8772267 1.9225195 2.3691367 1.9713275 1.9491144 1.9040683 1.6902489 1.9405028 1.9099384 2.1909417 2.4046318 1.9144642 2.4941761 2.6127655 2.5021514 2.3999390 2.2457643 2.5976605 2.5502219 2.2531612 3.0192386 2.9932033 2.1134249 2.3413709 
Spur_XM_030982721.1                                   2.2018872 2.1300497 1.8164395 1.9430810 1.8362521 2.1468919 2.1599693 2.3820224 3.1114159 2.6609921 1.5779772 1.6399946 1.7228051 1.4814932 1.6705403 1.7008821 1.4865977 1.5195769 1.5609977 1.5693558 1.5217435 2.2200935 1.6278093 1.6318961 1.3593513 1.1042485 2.2374747 1.1384441 0.0000000 1.6722230 1.7282673 1.5143527 1.8193031 1.6731518 1.4841329 1.6165896 1.6463926 1.5207290 1.9777000 1.3512263 1.8145706 2.2812199 2.2812199 1.6967111 2.5313778 1.8724145 2.3837399 2.2288458 2.1085144 1.6481755 2.7058007 2.0330002 2.1279739 2.0481655 1.8955304 1.9049534 2.2230125 1.9051655 2.3496600 2.4245703 2.4693535 2.7244974 2.5430180 2.4290185 2.4779069 2.3874269 2.1041166 1.9607942 2.0204176 2.1630913 3.5063282 2.2508212 2.2259013 2.1172806 2.0330879 2.3428282 2.3988001 2.6016358 2.6862270 2.6938314 2.9649992 3.1164350 2.9303412 2.7127332 2.8004465 2.7009433 2.5007143 2.4684914 3.1077165 3.0956694 2.2149766 2.6881096 
TrH2_TrispH2_001483-RA                                2.0076753 2.0175471 1.4310251 1.5780347 1.4639924 2.0401103 2.0167286 2.4439527 2.9771442 2.7652904 1.5475708 1.5814622 1.5237388 1.2279870 1.4816117 1.5873154 1.5013577 1.4936468 1.4664721 1.5761530 1.5284908 2.1768277 1.5933576 1.6664416 1.6469172 1.2415281 2.1200519 1.6297643 1.6722230 0.0000000 0.0569905 0.2358893 0.3169884 0.2209684 1.5236703 1.8117274 1.8077303 1.7689636 1.5875030 1.6492800 1.8040899 2.2202974 2.2202974 1.5258499 2.0483269 1.6353673 2.1492601 2.2194858 1.8208720 2.0308406 2.5801990 2.1263284 2.0649687 2.4321222 2.3517954 2.3489447 2.4120695 1.9777397 1.8467832 2.0477923 2.1754844 2.9437133 2.9404994 2.3354229 2.5950824 2.7883146 2.2209920 2.0154123 2.1646814 1.9163710 3.1987165 2.3120330 2.2859483 2.0784175 1.9445693 2.3700046 2.5483226 2.3310313 2.5037426 2.0436437 2.9793982 3.0711649 2.8123713 2.6496457 2.8774118 2.5881611 2.5374954 2.5067168 2.8973960 2.8452585 2.5582751 3.9949935 
Tadh_TriadT57942                                      2.0709759 2.0616582 1.5343319 1.6759241 1.5622780 2.0921443 2.0492989 2.5672247 3.2086824 2.7944304 1.6232536 1.6204437 1.5714875 1.4563043 1.5084642 1.6344318 1.5725787 1.5656652 1.5272472 1.6886402 1.6317449 2.2759440 1.6186051 1.7018220 1.7215797 1.3237082 2.1495747 1.6672813 1.7282673 0.0569905 0.0000000 0.2858338 0.3916777 0.2917151 1.6666409 1.9148937 1.8603494 1.8669141 1.6589446 1.7349000 1.9450864 2.3432639 2.3432639 1.6974157 2.0602319 1.6723895 2.0512690 2.4445969 1.8520695 2.0308406 2.7627972 2.2597958 2.2077004 2.5268484 2.6514071 2.6439787 2.4564409 2.0450552 1.7998441 2.0742672 2.2404101 3.1616518 3.1084359 2.4167248 2.6551991 2.8176154 2.3247347 2.1651506 2.1576322 1.8613877 3.4594349 2.4581560 2.4297410 2.2148645 2.0146571 2.4485220 2.6681140 2.3872052 2.5853059 2.1262485 3.1593451 3.2357659 3.0250571 2.8351703 2.9996954 2.7690856 2.6017349 2.6062622 2.9931823 2.9275817 2.6055114 3.7924677 
HoiH06_mRNA14042                                      1.8191061 1.8928005 1.5316349 1.6636074 1.5591044 1.9341640 1.9362046 2.1130429 2.5253410 8.9999986 1.3322457 1.3618082 1.2515901 1.1254884 1.3065258 1.4229825 1.2536376 1.3085474 1.3192926 1.4542250 1.2949118 2.0496529 1.4704121 1.5422556 1.4221066 1.2168271 1.7191536 1.5119455 1.5143527 0.2358893 0.2858338 0.0000000 0.0468099 0.0722478 1.5101143 1.7752783 1.5731574 1.6830609 1.3018230 1.4607900 1.8064074 1.9848333 1.9848333 1.6284538 1.9723240 1.5633950 1.8407383 2.3228580 1.7881158 2.0577064 2.3098512 2.1604914 2.1486855 2.3299643 2.4092052 2.4092052 2.2696229 1.9199920 1.6833347 1.9349934 2.0252678 2.6944824 2.7166908 1.9871037 2.2787853 2.1209650 1.8377970 1.8975666 1.8616646 1.8798520 2.9164370 1.8359667 1.8359667 1.8871245 1.9311217 2.2379200 2.3420589 2.0092351 2.4327574 1.5890105 2.6945392 2.7529589 2.4643958 2.3861567 2.6224185 2.4582708 2.1777220 2.1024219 2.7461157 2.8023669 2.1176118 3.7882043 
HoiH23_PlH23_001106-RA                                2.0757104 2.1214643 1.5463721 1.6767923 1.5729293 2.1465489 2.1294549 2.5519897 2.8540955 3.6945465 1.6558921 1.6248764 1.4971958 1.1872918 1.5054798 1.7440548 1.6253403 1.5653330 1.6384577 1.7514655 1.6026574 2.3025624 1.6616369 1.7629328 1.7444052 1.2318883 2.1514220 1.9014012 1.8193031 0.3169884 0.3916777 0.0468099 0.0000000 0.1590551 1.5084603 1.7814880 1.8736662 1.9398888 1.6024702 1.7922993 1.8065711 2.2376465 2.2376465 1.6366389 2.0970918 1.5741581 2.2169287 2.2757545 2.0210957 2.0230565 2.7466147 2.2503115 2.1366117 2.3925342 2.3986346 2.4369938 2.4459172 2.1165986 1.9497398 2.2202783 2.1852916 2.9218108 2.9323973 2.3355711 2.5470035 2.8150515 2.2307807 1.9496093 2.1135845 1.8986058 3.2533060 2.2818536 2.2564335 1.9855855 1.9740625 2.3773573 2.5045059 2.3246180 2.6698101 2.1540572 3.1099501 3.1237205 2.8185626 2.6415712 2.9630668 2.7552060 2.4836289 2.3910995 2.9365987 3.0947607 2.5644676 3.6394838 
Hhon_g00269.t1                                        2.0790522 2.0543936 1.5005112 1.6479580 1.5300087 2.0921758 1.9860332 2.3118008 2.9053116 2.8368116 1.5548777 1.5385939 1.4746399 1.1343546 1.5940176 1.6885197 1.4810387 1.4994393 1.5110114 1.6215411 1.5415316 2.1479919 1.6334374 1.7160748 1.6625012 1.2141471 2.1445966 1.7249156 1.6731518 0.2209684 0.2917151 0.0722478 0.1590551 0.0000000 1.4874999 1.7972847 1.7684388 1.8511874 1.4763785 1.6527879 1.8037983 2.2140801 2.2140801 1.5935588 2.1003250 1.5789331 2.1167731 2.2419195 1.9474682 2.0078663 2.6941830 2.1353167 2.0921005 2.4012149 2.2698628 2.2800401 2.3616996 2.0602823 1.8426715 2.1273380 2.2107711 2.7576092 2.8476283 2.2980767 2.5313916 2.6111702 2.1452814 1.9885010 2.0448286 1.9032897 2.8831181 2.1630726 2.1387939 1.9157160 1.9965783 2.3750504 2.4885417 2.2808904 2.6112124 2.1557849 2.9749028 3.0156465 2.7822410 2.6407781 2.8626509 2.4680729 2.3423598 2.3104931 2.8881519 3.0311288 2.3572827 3.7401782 
Cscu_XM_023388227.1                                   1.9695423 2.0365593 2.0823590 2.1342941 2.1929876 2.0644193 2.0265679 2.1124065 2.1648998 1.4667922 1.4767952 1.5364126 1.6476563 1.3846096 1.6222265 1.6226401 1.4546718 1.5488000 1.5751521 1.8141939 1.4138427 3.6552897 1.6535836 1.5197590 1.2520853 1.3934472 1.5295188 1.5750669 1.4841329 1.5236703 1.6666409 1.5101143 1.5084603 1.4874999 0.0000000 0.9307479 1.2973377 1.5807668 1.5868709 1.0898637 2.1240754 2.1764923 2.1764923 2.1239251 2.5591127 2.0562004 2.5211041 2.1794152 2.1067248 1.3678092 4.7866497 2.4135089 2.3956895 2.8300054 2.1413958 2.1413958 2.7033908 2.0986316 2.0670179 2.2149875 2.1098072 2.6166644 2.5450449 2.0087651 2.5010124 3.5579614 1.8757877 1.4683222 1.6199624 1.9949362 0.0000010 1.8767928 1.8767928 1.9004769 2.3668867 2.5589328 2.7114339 2.2972998 2.5776016 0.0000010 2.6289031 2.6279553 2.5281783 2.5078900 2.6993275 2.9694730 2.1920388 2.1888395 3.6713237 3.8887520 0.0000010 0.0000010 
Dpul_mRNA17501                                        2.3963026 2.3231343 2.3157658 2.3583259 2.3506003 2.3242061 2.5100397 2.3882892 3.5257965 2.1363616 1.6883625 1.7497038 1.7128149 1.3593570 1.7513356 1.7555038 1.5325670 1.4768487 1.6213776 1.9026508 1.5855714 2.5398101 1.7734314 1.6514080 1.4459112 1.5077443 1.8363242 1.4417027 1.6165896 1.8117274 1.9148937 1.7752783 1.7814880 1.7972847 0.9307479 0.0000000 1.2476391 1.6644086 1.7283734 1.2471944 1.8961545 2.0972813 2.0972813 1.9921984 2.3930388 2.4055789 2.3622361 2.6863338 1.9437583 1.6227041 2.1441219 2.4203374 2.6726359 2.5063224 2.2606866 2.2606866 2.4526238 2.4252120 1.9179497 1.9045847 2.0165215 2.7054498 2.8010763 2.1649464 2.6718328 2.6648441 1.9976325 1.6717824 2.0641927 2.2974438 3.3098645 2.2299093 2.2642028 2.3397731 2.1541275 2.2403261 2.2389501 2.2152911 2.5767685 2.2795339 2.5906492 2.5906492 2.5702812 2.5702812 2.6586091 2.6524052 2.6146987 2.3110647 3.1204669 3.4543452 1.8883265 2.0667190 
Ctel_gnl_WGS_AMQN_CAPTEDRAFT_mRNA217174               2.3983218 2.3085456 1.8271142 1.8574608 1.7515633 2.3125342 2.2704068 2.3243712 3.2417145 2.2465692 1.7122382 1.7419113 1.6324991 1.4154326 1.7173522 1.6971198 1.5598301 1.5658085 1.6420632 1.8099317 1.4470577 2.3151097 1.6519572 1.7420054 1.2781114 1.3496526 1.9620833 1.3185837 1.6463926 1.8077303 1.8603494 1.5731574 1.8736662 1.7684388 1.2973377 1.2476391 0.0000000 1.5608585 1.6091319 1.2174672 1.7095653 2.1313203 2.1313203 1.7790878 2.4320042 2.0763726 2.2934353 2.2106234 1.9933259 1.6968770 2.3872689 2.0996247 2.2184143 2.1293411 2.0263512 2.0641749 2.0744736 1.7642793 2.1507958 2.2434916 2.1790934 2.5599328 2.6038130 2.1488217 2.4859815 2.2198134 1.8383622 1.7023292 2.0636457 2.0067730 2.6095920 2.1067615 2.1086309 2.1835238 2.0046724 2.4286119 2.4846090 2.1257802 2.4428253 2.1681684 2.4465294 2.6064010 2.6170190 2.5466544 2.4438137 2.6254060 2.3591644 2.2090861 3.0075782 3.0932743 2.1430001 1.8736019 
Cgig_XM_011456593.3                                   2.3506135 2.2581755 1.9815904 2.0130396 1.8958330 2.3226398 2.3176814 2.5879957 3.1227001 1.8478976 1.5346243 1.5669977 1.5427253 1.2836594 1.8057876 1.7510202 1.5986720 1.5812493 1.7187548 1.8504632 1.5422407 2.2051665 1.6769708 1.6129668 1.3402527 1.4353223 2.0454105 1.3693921 1.5207290 1.7689636 1.8669141 1.6830609 1.9398888 1.8511874 1.5807668 1.6644086 1.5608585 0.0000000 1.8097606 1.3456395 1.7861498 2.3403615 2.3403615 1.7434906 2.3619728 2.0025430 2.4526269 2.1378107 2.0522013 2.0814067 2.6308348 2.4421785 2.2439329 2.5349197 2.1337617 2.1080662 2.4482500 2.1337190 1.8918896 1.9788365 2.2744581 2.5593235 2.3506368 2.1962938 2.3103756 2.4309430 1.8374147 1.4791965 1.8870478 1.8706244 2.8737298 2.0106125 1.9885456 2.0602946 2.0877427 2.5212277 2.6675381 2.2423128 2.5585277 1.9095289 2.4455034 2.3996638 2.5377468 2.4206574 2.2814799 2.6427261 2.4125828 2.2113102 3.1712849 3.0958353 2.1216584 2.2184905 
Opea_EP00118_Oscarella_pearsei_P023181                2.5607950 2.3025707 1.8293086 2.1216688 1.8557113 2.2897629 2.2994953 2.2729266 3.4485256 2.4956106 1.7184623 1.6908098 1.8166044 1.3566748 1.4546454 1.4688836 1.3528141 1.3796271 1.4839460 1.5279719 1.5194550 2.3082408 1.6838837 1.6594680 1.7025059 1.7843920 2.1775798 1.5276886 1.9777000 1.5875030 1.6589446 1.3018230 1.6024702 1.4763785 1.5868709 1.7283734 1.6091319 1.8097606 0.0000000 1.6637572 1.7295860 2.1071768 2.1071768 1.4433541 1.8934143 1.5245859 2.0626550 1.8338613 1.9487112 1.6737348 1.9351206 1.7438729 1.7724377 1.8002789 1.6391238 1.6818150 1.8068754 1.7388486 2.1606335 2.0556614 2.0400886 2.8644248 2.8119349 2.5138400 2.4217200 1.8975917 1.7033315 1.5813545 1.8358046 2.0891880 2.3942478 2.0693433 2.0682639 2.0245234 1.6504280 2.2211814 2.1488915 2.0482612 2.1717379 2.3702510 2.7385295 2.9988791 2.6728599 2.5709309 2.5486380 2.1033431 2.4892060 2.1235469 2.9050798 2.8555405 1.3383535 2.2276495 
Acagra_model.g24485.t1                                2.1466079 2.1255102 1.7214162 1.7214162 1.7214162 2.0939336 2.1900663 2.1968826 3.1539564 1.9428689 1.3859796 1.4919208 1.4044569 1.1729679 1.4818759 1.4633931 1.3120685 1.4084446 1.3328689 1.3305696 1.2453356 1.5922211 1.5480719 1.4537671 1.2513943 1.0081150 1.8662086 1.1449473 1.3512263 1.6492800 1.7349000 1.4607900 1.7922993 1.6527879 1.0898637 1.2471944 1.2174672 1.3456395 1.6637572 0.0000000 1.6622528 2.1768575 2.1768575 1.3631812 2.1284739 1.8486316 2.4333802 1.7023726 1.9009490 1.8009128 2.3173835 2.0653935 2.0371409 2.1180460 1.6900446 1.6957879 2.0221361 1.7608496 1.9615846 2.1567747 2.1032608 2.1743227 2.0984521 2.1698968 2.3375798 2.2844621 1.9909779 1.7997053 1.9517242 2.2647600 2.8652436 2.1679410 2.1394948 1.9244768 1.9278831 2.1358544 2.4619155 2.1926159 2.3949657 1.8663830 2.2942038 2.3277397 2.5731120 2.3646543 2.3395426 2.7143159 2.3301044 2.3563070 3.1304870 3.0648978 2.4355083 2.0225156 
Emue_Em0007g252a.t1                                   1.9826678 2.0110623 1.7499168 1.7197658 1.6367203 2.0142092 2.0331395 2.3998262 2.6104396 2.6052032 1.6344165 1.6975126 1.7571784 1.5694845 1.6469227 1.8129901 1.4240083 1.5433299 1.6859215 1.9180444 1.6839841 2.5656200 1.7571965 2.0313393 1.6771814 1.5682610 1.8529994 1.6902526 1.8145706 1.8040899 1.9450864 1.8064074 1.8065711 1.8037983 2.1240754 1.8961545 1.7095653 1.7861498 1.7295860 1.6622528 0.0000000 0.1536893 0.1536893 0.5292934 1.0558692 1.2765779 1.2396435 1.0191627 0.7281277 1.1000420 1.7984241 2.0702854 2.2225079 2.2377544 2.2113639 2.2113639 2.1600724 1.8326035 2.4409117 2.0828556 1.8794993 2.6271958 2.6370519 2.4915610 2.4017678 2.1263158 1.9472358 2.0658418 2.0843391 2.5677598 2.7427250 1.8469957 1.8469957 1.8953445 2.1918524 2.2743901 2.1442919 2.3541771 2.6245339 3.0829055 2.6767106 2.6767106 2.6008868 2.6008868 3.2560423 3.0434379 2.1642264 2.0532466 2.7051557 2.4648716 1.8025079 1.4724177 
