154
Emue_Em0008g1130a.t1                                     0.0000000 0.9500606 0.5017503 0.5113575 0.4000997 3.5207000 0.9419386 1.1370633 1.1872990 1.3291994 1.1285593 1.2592257 1.4327060 1.1504629 1.2700621 0.8875097 1.1979214 1.1283672 1.2402910 1.1975451 1.1739804 1.2505884 1.5304507 1.1148911 1.1944879 1.2706996 1.2057741 1.2303880 2.9528202 0.9324892 1.2587944 1.4195116 1.3286571 1.3567281 1.4788623 1.4685266 1.3517473 1.2200925 1.2522280 1.1688178 1.2206517 1.4374289 1.7707481 1.1905189 1.3617513 1.6220247 1.1515728 1.0901986 1.2048091 4.0708899 2.1723509 2.2547088 1.7783949 1.9539078 2.2939939 1.9539078 1.6249754 1.8782271 1.6249754 1.9282928 1.8257344 2.0234019 2.0234019 1.9858019 1.9858019 2.0640981 2.0640981 3.5035055 3.5035055 1.9500139 1.6334195 1.5597636 1.6334195 1.6334195 1.6679586 1.6373053 1.7804469 2.1514784 2.3229917 1.9835932 1.4676296 1.4676296 1.8447149 1.8509948 1.8280491 5.5767638 1.2655383 1.2655383 1.7612662 1.7622608 1.7438169 1.6417887 1.9042675 2.1702148 2.1702148 2.2678052 1.6586669 1.6586669 1.6586669 1.6887969 1.6887969 1.6887969 3.7848143 3.7848143 3.7848143 3.7848143 3.4757183 3.4757183 3.4757183 3.4757183 2.8503733 1.7361503 1.4576072 3.7113034 1.7201980 1.6061271 1.4630353 3.5449475 1.3533336 1.6209064 1.8860750 1.9381122 1.7542360 5.1522913 1.1876170 1.6164575 1.6578956 1.7249791 1.7519690 1.7055856 1.3072271 1.0134392 3.8405777 1.3989421 4.1428508 1.3889754 1.9520669 1.7930554 1.6863886 0.7463098 1.6411197 1.6334067 1.6334067 1.5622516 1.5382902 2.9479306 1.3078972 2.5140396 0.8737809 1.4274434 1.5225116 1.6331252 2.0504694 1.7889236 
Tetwil_g18195.t1                                         0.9500606 0.0000000 0.4786373 1.0289782 0.9979406 1.3369975 1.0170178 1.1407304 1.1335901 1.3911068 1.1138677 1.2540075 1.3362711 1.1556581 1.2304036 1.1008243 1.2002362 1.2055434 1.2003542 1.2420711 1.2210067 1.3272135 1.2195260 1.3294706 1.2491178 1.1862480 1.1049472 1.0424598 1.2884901 1.0917280 1.3082051 1.3769943 1.3353781 1.3560879 1.3249962 1.3333258 1.3420891 1.3291396 1.1333386 1.1275535 1.1460447 1.2386542 1.2519403 1.6235817 0.9839890 1.3057183 1.0987485 1.0715090 1.2347795 2.2248529 1.7499800 1.7221868 1.5797798 1.7894536 2.1415561 1.6746085 1.5522390 1.7416734 1.7195184 1.6364415 1.5821459 1.5816369 1.5816369 1.5739385 1.5739385 1.5911143 1.5911143 1.6517502 1.6517502 1.6260595 1.6234335 1.5467012 1.6360898 1.6360898 1.6611561 1.6434349 1.5989763 1.8235294 1.8137634 1.7237561 1.6349015 1.6349015 1.6690539 1.7199919 1.6891011 2.1963211 1.5442946 1.5442946 1.6223526 1.6862656 1.6475724 1.5316049 1.7113135 1.9296214 1.9296214 1.8381512 1.8669842 1.5543588 1.4135418 2.4760969 1.8713708 1.5359745 1.7494252 1.7494252 1.9465342 1.9465342 1.6946891 1.4115229 1.4115229 1.6425653 2.3053206 1.5524777 1.7330207 1.7451530 1.6225592 1.7192757 1.1125903 1.1991225 1.2840257 1.8303245 1.7505026 1.5521424 1.5199110 1.9234626 1.2344819 1.6616059 1.9389793 2.0105368 2.0627504 1.9020671 1.5871530 1.5187160 2.1719077 1.6145322 2.3321582 1.5041358 1.7211935 1.7056475 1.4893167 1.0544170 1.7536584 1.7482506 1.6546397 1.5929448 1.5522153 1.7325008 1.3598088 0.8303444 1.0967752 1.4655064 1.8362671 1.8821268 1.4989187 1.8599743 
Stycar_maker-SC_scaffold144567-snap-gene-0.22-mRNA-1     0.5017503 0.4786373 0.0000000 0.4411676 0.4411676 0.0000010 1.0764488 0.8328786 0.8527063 1.0058032 0.5428428 0.5382485 0.8555542 0.9505108 0.9032718 0.0000010 0.8990855 1.0425236 0.9123955 0.9513639 0.9147063 0.7827328 0.0000010 1.0705043 0.7673545 0.7792406 0.6364561 0.6446004 0.0000010 0.8055500 1.3601096 1.5302422 1.4262508 1.3994735 1.6138994 1.6138994 1.2145928 1.0312371 0.8860952 0.9103232 0.9215004 0.8799572 0.9010607 0.9840094 0.9828507 2.1598887 0.9006091 0.7297344 0.0000010 5.9643908 1.1770671 0.7962230 1.6790958 1.2155975 0.0000010 1.2155975 1.2155975 1.2155975 1.2155975 1.2515252 1.2515252 0.9068221 0.9068221 0.9068221 0.9068221 0.9068221 0.9068221 1.2820824 1.2820824 0.9068221 1.3393245 1.3393245 1.3393245 1.3393245 1.2804205 1.2804205 1.1091721 1.0619344 1.1675975 1.0619344 1.2181666 1.2181666 1.2181666 1.2181666 1.2181666 0.0000010 1.2181666 1.2181666 1.2181666 1.2181666 1.2181666 1.1886170 1.2545807 1.9934076 1.9934076 7.6304575 1.8249925 1.0843409 1.0515816 1.8249925 1.0843409 1.0515816 0.0000010 0.0000010 0.0000010 0.0000010 0.0000010 0.0000010 0.0000010 0.0000010 2.3702721 1.1761961 1.1761961 9.0000000 1.2535697 1.2636793 0.8454630 0.4633466 0.9355339 1.0991866 0.9220889 0.5506695 1.3165296 4.9847203 0.0000010 1.8160370 1.8345174 1.8974818 2.0290063 1.9398619 1.1978311 0.9767744 8.2286478 1.0679126 8.9999983 0.0000010 1.3832153 1.4164129 0.9985401 0.9796054 0.8687749 9.0000000 0.0000010 0.9560772 0.9560772 4.2244231 1.0231138 0.1179037 0.9248098 0.6192287 1.1934759 1.1934759 0.9691858 1.9173406 
Spolac_c104196_g1_i2_m.38783c103894-g1                   0.5113575 1.0289782 0.4411676 0.0000000 0.0199519 0.0487926 0.8768412 1.2863876 1.3178348 1.5328076 1.1249328 1.3236004 1.4410811 1.4042433 1.2920834 0.0000010 1.2900851 1.3323244 1.3130146 1.1951877 1.2101285 1.5407967 1.8995028 1.3702449 1.2985335 1.4177741 1.2297204 1.1221093 1.3475957 1.1493246 1.6132171 1.6769901 1.6339296 1.6489850 1.5062326 1.5058257 1.3238237 1.6276723 1.1727930 1.1805971 1.1700744 1.1584567 1.1432173 2.2101287 0.9122328 1.6739447 1.1993138 1.2024599 1.7001123 2.1971918 1.7783813 1.6786491 1.7379687 1.9067854 3.1481830 1.5983479 1.5485035 1.6675024 1.8607372 1.7244734 1.7323305 1.6016448 1.6016448 1.6016448 1.6016448 1.6016448 1.6016448 1.7132708 1.7132708 1.6253395 1.6090736 1.4907267 1.6155263 1.6155263 1.6177870 1.5880908 1.5215569 1.7238373 1.7781081 1.7238373 1.6746872 1.6746872 1.7225312 1.7225312 1.7225312 2.2503340 1.5920877 1.5920877 1.6681269 1.6681269 1.6681269 1.6865671 1.7654138 3.5128399 3.5128399 9.0000000 2.9037408 1.8321881 1.2586697 3.1252993 1.9812296 1.3167047 1.9405371 1.9405371 2.1146680 2.1146680 1.6775820 1.5651231 1.5651231 1.7336245 2.5617463 1.6710970 1.7050190 1.7351087 1.6648279 1.8446499 1.1889425 1.3184734 1.2362019 2.2500552 1.7445480 1.4881021 1.5471296 1.7425542 1.6308746 1.7094754 2.0148455 2.2045921 1.9809843 2.3856887 1.7696214 1.5657611 2.0381380 1.5825024 2.2925679 2.3343497 1.8013951 1.8698269 1.4400173 1.1201914 1.6116221 8.9999984 8.9999986 1.8383630 1.8383630 1.7800388 1.5208515 0.9009595 1.2687054 1.8906621 1.9726126 1.8624175 1.4154748 1.7960806 
Spolac_c104196_g1_i3_m.38784c103894-g1                   0.4000997 0.9979406 0.4411676 0.0199519 0.0000000 0.0487926 0.8768412 1.1849271 1.2771858 1.4621599 1.1654564 1.3216608 1.3838137 1.2685813 1.2631743 1.1219448 1.2115105 1.2376728 1.2192005 1.1579364 1.1682820 1.3128721 1.5573664 1.2276144 1.2950447 1.3355749 1.2454924 1.2074562 1.3475957 1.0062399 1.4566312 1.5222125 1.4397810 1.4660880 1.4131776 1.4057624 1.3078021 1.4436447 1.1597354 1.1051659 1.1312787 1.2235436 1.1991003 1.6455243 1.1016096 1.5498719 1.1271583 1.1103510 1.2534884 2.1971918 1.9443862 1.6949582 1.7231762 1.9740015 2.3979819 1.8108394 1.5075507 1.7455499 1.7414071 1.7794459 1.7048633 1.7609364 1.7609364 1.7522241 1.7522241 1.7832575 1.7832575 1.7132708 1.7132708 1.8115665 1.5909200 1.5248539 1.5952859 1.5952859 1.6105008 1.5826745 1.5892912 1.8310765 1.7781081 1.8310172 1.5667231 1.5667231 1.7277463 1.7187225 1.7172432 2.2503340 1.4516698 1.4516698 1.7006396 1.6879697 1.6870773 1.6072784 1.7939233 1.9690863 1.9690863 2.1215255 1.9020473 1.5836774 1.3936256 2.3169494 1.6995282 1.3432478 1.9405371 1.9405371 2.1146680 2.1146680 1.6775820 1.5651231 1.5651231 1.7336245 2.5617463 1.7104883 1.6614123 1.7351087 1.6530940 1.7515105 1.2334977 1.3184734 1.2189547 1.8285828 1.8107242 1.7560175 1.5892168 1.7425542 1.1320056 1.5446516 1.8475789 1.9555335 1.8432216 1.9697780 1.6427038 1.4672277 2.2820313 1.5314614 2.3729161 1.5452682 1.7692914 1.7981683 1.4518794 0.9423007 1.6193961 2.1974502 2.1918679 1.7903222 1.7767690 1.8235183 1.3986889 0.9009595 1.1463687 1.8064948 1.7301951 1.7129431 1.4154748 1.9529347 
Spolac_c104196_g1_i1_m.38782c103894-g1                   3.5207000 1.3369975 0.0000010 0.0487926 0.0487926 0.0000000 0.0000010 1.6091245 1.8013613 1.9045067 1.4600410 1.7747181 1.5530884 1.8212322 1.6088611 0.0000010 1.6520877 1.6238912 1.6424579 1.8780423 1.8670501 1.8036740 1.1026184 1.5371894 1.4608445 1.7829181 1.5292754 1.8180466 1.3574783 0.0000010 2.0517469 2.0315994 2.0477686 2.0726833 2.1149282 2.1149282 1.6384851 2.1590474 1.5003433 1.5120232 1.5755716 1.6138606 1.7542210 4.6986369 0.0000010 1.6772985 1.5408188 1.5408188 5.4902124 2.4927902 2.4927902 3.8691401 0.0000010 9.0000000 0.0000010 6.1377191 6.1377191 3.7561123 9.0000000 2.2605559 2.2605559 1.9171822 1.9171822 1.9171822 1.9171822 1.9171822 1.9171822 1.9171822 1.9171822 3.9149048 2.0365152 3.9973183 2.0365152 2.0365152 2.0683307 2.0481538 2.0946148 2.3273336 2.3273336 2.3273336 2.2958044 2.2958044 2.2958044 2.2958044 2.2958044 2.2958044 4.5878212 4.5878212 4.5878212 4.5878212 4.5878212 2.9283309 2.1165495 0.0000010 0.0000010 0.0000010 0.0000010 0.0000010 0.0000010 0.0000010 0.0000010 0.0000010 1.6266356 1.6266356 1.8127006 1.8127006 1.8881852 1.4984436 1.4984436 1.8881852 4.6738676 2.4223563 2.7898905 1.5500716 2.2149446 2.4700385 1.2860342 1.7188481 1.3286117 8.9999981 2.2601115 0.0000010 2.2076373 1.9254680 0.0000010 2.6022615 2.8727986 2.8641228 2.5906233 3.0687410 2.3539867 2.1571269 2.0423824 2.1796093 2.1637328 0.0000010 2.5744530 2.6772972 1.9878763 1.3117817 2.2492551 0.0000010 0.0000010 2.1906609 2.1906609 1.8013077 1.7382508 1.0286133 1.8116838 2.0291128 4.2500727 2.6563328 2.0718124 2.1953745 
Morvir_scaffold1400.g1.t1                                0.9419386 1.0170178 1.0764488 0.8768412 0.8768412 0.0000010 0.0000000 0.6065626 0.6656624 0.8919205 0.5758365 0.7658831 1.2132003 0.6640944 0.9977819 0.0000010 1.0443379 0.8973369 0.8096301 0.8472496 0.8472496 0.7479191 0.0000010 1.1660531 0.6893629 0.6907334 0.8396443 0.9514644 0.0000010 0.6967144 0.9565267 0.9945394 1.0048610 1.0243245 1.0141885 1.0141885 1.0042728 1.0554170 0.8048234 0.8945906 0.8900578 0.7531127 1.0459070 0.8885702 1.0004363 0.0000010 0.8813127 0.5146550 0.0000010 0.0000010 1.3400605 0.0000010 1.2938027 1.2212919 0.0000010 1.2212919 1.2212919 1.2212919 1.2212919 1.3111321 1.3111321 1.1597738 1.1597738 1.1597738 1.1597738 1.1597738 1.1597738 3.5953657 3.5953657 1.1597738 1.3087691 1.3087691 1.3087691 1.3087691 1.2091806 1.2308315 1.3320017 1.3571835 2.5907579 1.3571835 1.3048150 1.3048150 1.3048150 1.3048150 1.3048150 0.0000010 1.3048150 1.3048150 1.3048150 1.3048150 1.3048150 1.3889267 1.6867443 5.1311609 5.1311609 6.7834931 1.2597104 1.2597104 1.2597104 1.2597104 1.2597104 1.2597104 0.0000010 0.0000010 0.0000010 0.0000010 0.0000010 0.0000010 0.0000010 0.0000010 1.8980609 1.1130069 1.1130069 0.0000010 1.2522891 1.0292540 0.8268244 0.0000010 0.8932888 1.1777647 1.2113339 0.6637643 1.3238570 0.0000010 0.5689552 1.4818550 1.9674407 2.0190980 1.5464247 1.4762861 1.4023551 0.9257540 0.0000010 1.2244685 8.9999989 0.0000010 1.0105353 0.9979696 1.0936532 1.0496132 1.0415714 9.0000000 9.0000000 1.2466299 1.2466299 2.2831757 5.0701015 0.0000010 0.6756078 0.0000010 1.3755325 1.3755325 2.0842756 0.0000010 
Nemnom_g3067.t1                                          1.1370633 1.1407304 0.8328786 1.2863876 1.1849271 1.6091245 0.6065626 0.0000000 0.3110316 1.2294056 1.0004181 1.1688921 1.2828439 0.6213865 1.0252147 1.0165703 1.1301025 1.0778757 1.0065628 1.0744470 1.0783774 1.1420558 1.2947915 1.0206316 0.9860502 0.9734351 1.2401921 1.0701889 1.8505559 1.0813740 1.3201720 1.3495224 1.3062212 1.3005463 1.3043840 1.3126709 1.0560262 1.2450433 0.9727227 0.9645876 0.9416705 1.1260904 1.0323099 1.4628306 0.9652213 1.2182045 1.0993642 1.0666578 1.2968922 2.2392016 1.7314432 1.5995206 1.5957859 1.7197604 2.2004875 1.5868521 1.3320080 1.5017927 1.5215960 1.5145021 1.4871836 1.4671685 1.4671685 1.4663713 1.4663713 1.4725826 1.4725826 1.4390230 1.4390230 1.4520321 1.5740523 1.4827182 1.5549186 1.5549186 1.5456038 1.5239915 1.5003423 1.6622014 1.4666740 1.5958756 1.4750409 1.4750409 1.6167842 1.6406079 1.6167842 2.2061799 1.2545018 1.2545018 1.5141843 1.5414001 1.5141843 1.4773503 1.5953057 1.9467797 1.9467797 2.1836763 1.8112434 1.5234680 1.3499628 2.1002356 1.5773717 1.2800978 1.6274047 1.6274047 1.5960640 1.5960640 1.8529089 1.8309456 1.8309456 1.8960620 2.1203391 1.3295842 1.4291429 1.5823211 1.5077356 1.5290346 1.0903764 1.1663446 1.0990299 1.7232902 1.6900345 1.4709628 1.4265933 1.5639277 1.1039741 1.5380347 1.7868193 1.8135294 1.7992109 1.7905118 1.3047507 1.2817083 1.7736750 1.4979750 1.9479646 1.4212950 1.6703274 1.7029676 1.4502238 1.2222545 1.5611259 1.9564085 1.9201146 1.5359614 1.5758524 1.9104071 0.8931202 1.2802043 0.5234095 1.5828183 1.7626765 1.7204408 1.1616067 1.5661464 
Rhoesc_Res_004326-T1                                     1.1872990 1.1335901 0.8527063 1.3178348 1.2771858 1.8013613 0.6656624 0.3110316 0.0000000 1.2387776 1.0949167 1.1537338 1.3051327 0.6711721 1.0690303 1.0707499 1.1314586 1.1305560 1.0322509 1.1216407 1.1119305 1.2964393 1.2369897 1.0330972 1.0137197 1.0109291 1.2413887 1.1893772 1.5306510 1.0642225 1.3719166 1.4083143 1.3730426 1.3916674 1.3170741 1.3167302 1.1111820 1.2601033 1.0100684 1.0001208 1.0180494 1.1801545 1.1502392 1.3794590 0.9353750 1.2367936 1.1584145 1.1412220 1.3015967 2.2693798 1.7307012 1.8186278 1.5445816 1.6282603 1.9826371 1.5129458 1.3519496 1.5042263 1.5242414 1.4624464 1.4307351 1.4687863 1.4687863 1.4757689 1.4757689 1.4739185 1.4739185 1.4678655 1.4678655 1.5296342 1.6260472 1.5690695 1.6113180 1.6113180 1.5905050 1.5738581 1.5464836 1.6590498 1.4933168 1.5948901 1.5475807 1.5475807 1.7082070 1.7228240 1.7073985 2.3705063 1.4051673 1.4051673 1.6625224 1.6795162 1.6612194 1.6128778 1.5904559 1.9348769 1.9348769 2.1758564 1.7727331 1.5023858 1.3124588 2.0530003 1.5487413 1.2205009 1.6261870 1.6261870 1.7657148 1.7657148 1.8558783 1.7399331 1.7399331 1.8699879 2.3478851 1.4029407 1.5439082 1.4036525 1.5487951 1.5999605 1.1084274 1.1344298 1.1278699 1.6788923 1.7161843 1.5291472 1.4565163 1.5418719 1.1579942 1.5090307 1.8164127 1.8513199 1.8147468 1.7359730 1.4020611 1.3424334 1.8919346 1.5937850 2.0923472 1.5226080 1.6154952 1.7040345 1.5254287 1.1308804 1.6956324 2.0793474 1.9884835 1.5430185 1.5711914 1.9670835 0.9392128 1.1907670 0.5417725 1.5959201 1.7939684 1.7204515 1.2842067 1.6641684 
Dpul_mRNA13278                                           1.3291994 1.3911068 1.0058032 1.5328076 1.4621599 1.9045067 0.8919205 1.2294056 1.2387776 0.0000000 1.1932843 1.2392812 1.5329353 1.2854529 1.1218852 1.3481372 1.2240419 1.1537538 1.2755807 1.1486372 1.1301462 1.4589346 1.0586562 0.8019616 1.3017799 1.3394444 1.5007924 1.4869503 1.7003486 1.2393020 1.3199035 1.4319771 1.4150754 1.4315924 1.4352083 1.4358933 1.2109499 1.2751297 1.3010997 1.2663820 1.2963710 1.4116744 1.3488176 1.8816770 1.4035881 1.5073967 1.2077442 1.1936951 1.4256667 2.3049055 1.9495765 2.2772064 1.5581470 1.8902276 2.4247906 1.7910483 1.5086968 1.7891978 1.6518731 1.7513305 1.6895628 1.8148789 1.8148789 1.8291521 1.8291521 1.8353084 1.8353084 1.8571905 1.8571905 1.8300589 1.7215559 1.5700423 1.7308926 1.7308926 1.7213981 1.7045651 1.7208095 1.9275918 1.8425129 1.8747942 1.6664422 1.6664422 1.7511331 1.7611138 1.7519252 2.1917873 1.6370115 1.6370115 1.7591750 1.7727418 1.7602788 1.7226239 1.7919271 2.1011771 2.1011771 2.3690502 1.9215212 1.6061386 1.5938928 2.2486927 1.6483355 1.6179392 1.9788105 1.9788105 2.0563270 2.0563270 2.1763624 1.8565891 1.8565891 2.2174756 2.6527906 1.6877984 1.8348223 1.5636461 1.6823932 1.8076580 1.2466613 1.4372594 1.3636150 1.4739316 1.7667071 1.4520714 1.5740184 1.7492520 1.0096239 1.6597060 1.9361298 2.0049851 1.9469820 1.8555873 1.6038324 1.5322318 2.0962065 1.5257194 2.2353097 1.6348320 1.8444962 1.8137764 1.6186736 1.2702407 1.8190730 2.3892102 2.3160960 1.7987627 1.8205297 1.9310057 1.4562244 1.5688370 1.2222432 1.8884868 1.6749146 1.6662718 1.4585603 1.8902769 
Dgig_XM_028537647.1                                      1.1285593 1.1138677 0.5428428 1.1249328 1.1654564 1.4600410 0.5758365 1.0004181 1.0949167 1.1932843 0.0000000 0.4988688 1.2992601 1.0031831 1.0072854 1.1753395 1.0678380 1.0305151 1.0417203 1.0583823 1.0388049 1.2548960 1.1874368 1.1155259 1.1558113 1.0735566 1.1892106 1.2940411 1.2606953 1.0113764 1.1465231 1.2509580 1.2523963 1.2846846 1.2154214 1.2195050 1.0433427 1.1649275 0.9195144 0.8562724 0.8759486 1.0383120 1.0016533 1.3805193 0.8714990 1.1295830 1.0438588 1.0555456 1.4044929 1.8097228 1.5175152 1.4978984 1.3140056 1.4336923 1.6576207 1.3523471 1.2531917 1.3982860 1.3773566 1.3261312 1.3573415 1.3687012 1.3687012 1.3383324 1.3383324 1.3768281 1.3768281 1.4627003 1.4627003 1.3885837 1.3610201 1.3227265 1.3705637 1.3705637 1.3637004 1.3507391 1.2675904 1.5813408 1.4452375 1.5178316 1.3669237 1.3669237 1.4363230 1.4475941 1.4385201 1.9762813 1.2672450 1.2672450 1.3947723 1.4077197 1.3973661 1.2959624 1.4608532 1.6953452 1.6953452 1.8403146 1.6319103 1.3420605 1.2562728 2.1264120 1.5754594 1.3663330 1.4592028 1.4592028 1.7291104 1.7291104 1.6672940 1.4698287 1.4698287 1.6945357 2.0615517 1.3992985 1.4672443 1.5147009 1.4772166 1.5469478 0.9727809 0.9484612 1.0889859 1.4284385 1.4558676 1.7295542 1.3225160 1.4421760 1.3291856 1.5326645 1.7899933 1.8597123 1.7907366 1.7091750 1.3121990 1.4111205 1.9466064 1.4216131 2.0100310 2.0918607 1.4747701 1.4698649 1.4106393 0.9510812 1.5852108 2.2861413 2.2298865 1.4733267 1.5038021 1.4942718 1.1509485 1.0213139 0.8700055 1.6720485 1.7465603 1.7126516 1.0490829 1.5153645 
Xesp_022136-T1                                           1.2592257 1.2540075 0.5382485 1.3236004 1.3216608 1.7747181 0.7658831 1.1688921 1.1537338 1.2392812 0.4988688 0.0000000 1.5142195 1.0961037 1.1935841 1.1564088 1.1690268 1.2179279 1.1707679 1.2084125 1.1990844 1.4678418 1.4223961 1.2094810 1.2186642 1.2228025 1.2456733 1.3314078 1.3322547 1.0220772 1.2041151 1.3388420 1.3255233 1.3517890 1.3249849 1.3296772 1.1132745 1.1950703 1.0372521 0.9417490 0.9808012 1.1430546 0.9750944 1.4963960 1.0067589 1.2544058 1.2276686 1.2204628 1.4464013 2.1316091 1.6375368 1.7542816 1.3082132 1.6321918 2.0399176 1.5218126 1.4017435 1.5251488 1.5659138 1.5074716 1.5096706 1.5461621 1.5461621 1.5096782 1.5096782 1.5607733 1.5607733 1.6764028 1.6764028 1.5459800 1.4876912 1.3729914 1.5109183 1.5109183 1.5062750 1.5137128 1.4546938 1.6763384 1.5558738 1.6164186 1.3869318 1.3869318 1.4129394 1.3887880 1.4096339 1.9319237 1.3221826 1.3221826 1.3805131 1.3484242 1.3761020 1.3001950 1.4828067 1.6801492 1.6801492 1.9071499 1.5161546 1.2510505 1.1877439 1.7469557 1.2650438 1.1572517 2.0452434 2.0452434 2.1574121 2.1574121 1.9516483 1.7221832 1.7221832 1.9917660 2.1962482 1.5040316 1.4671003 1.5699992 1.5517252 1.6049437 1.0573767 1.0885996 1.1414560 1.6009535 1.5989207 1.7311427 1.5073562 1.6664541 1.2175558 1.6257096 1.8312233 1.9459205 1.8659976 1.7914464 1.3870516 1.4505784 1.9357159 1.4359698 1.8759693 1.7150677 1.7193403 1.6947202 1.4598380 1.0725804 1.5596012 3.2232499 3.0229125 1.6674912 1.7716194 1.7102910 1.3349087 1.0112467 0.9536130 1.7422762 1.7040956 1.6040532 1.2219115 1.8747952 
Leuniv_Lniv_C811904_01                                   1.4327060 1.3362711 0.8555542 1.4410811 1.3838137 1.5530884 1.2132003 1.2828439 1.3051327 1.5329353 1.2992601 1.5142195 0.0000000 1.3741936 1.3199051 1.3282068 1.4334596 1.3452444 1.2770664 1.4098178 1.3988374 1.3165546 1.3321586 1.2718362 1.4260038 1.3326386 1.4318000 1.3507768 1.5101039 1.2611442 1.4903493 1.5257250 1.5111950 1.5340655 1.4728459 1.4731735 1.4570485 1.6450167 1.3456839 1.4164802 1.3879540 1.4971021 1.5449182 1.7878863 1.3534660 1.4613452 1.2889506 1.3014421 1.0353335 2.1661221 1.8070509 1.6767070 1.5917861 1.7175089 2.1039166 1.6297237 1.4642323 1.7021669 1.5959012 1.6047092 1.5722270 1.5820225 1.5820225 1.5975561 1.5975561 1.5932182 1.5932182 1.5839950 1.5839950 1.5796671 1.6354206 1.6351413 1.6354206 1.6354206 1.6540227 1.6374134 1.6645146 1.8242094 1.8117555 1.7521352 1.6230750 1.6230750 1.8095894 1.8144315 1.7992205 2.0454856 1.5786180 1.5786180 1.8352644 1.8426247 1.8219985 1.6683642 1.7962545 2.1630823 2.1630823 2.2281797 2.0833673 1.7878447 1.6117150 2.8068184 2.2151109 1.7659032 1.6102305 1.6102305 2.0290343 2.0290343 1.6649258 1.6642169 1.6642169 1.6664816 3.2099752 1.6804159 2.0022981 1.8493144 1.8596140 1.7644254 1.3775316 1.2847591 1.3822162 1.6928545 1.7028848 1.6586814 1.4664678 1.5893037 1.3623876 1.8308391 1.9599978 1.9998850 2.0089109 2.0055186 1.5743394 1.5448459 2.0560802 1.6527933 2.1186969 1.5452660 1.7745362 1.6249889 1.5792817 1.2982395 1.6770369 1.6569729 1.8012626 1.0932759 1.1419868 0.8752724 1.4852455 1.4097665 1.3073448 1.8795120 1.8848513 1.7777935 1.6121507 2.2034995 
Sanmal_Sma_023600-T1                                     1.1504629 1.1556581 0.9505108 1.4042433 1.2685813 1.8212322 0.6640944 0.6213865 0.6711721 1.2854529 1.0031831 1.0961037 1.3741936 0.0000000 1.0996472 0.9501473 1.2041147 1.1757702 1.0341505 1.1126479 1.1103986 1.2097560 1.2296020 1.1558835 1.0910767 1.0653777 1.3033439 1.2058274 1.5799261 1.0669298 1.2805690 1.2794458 1.3004230 1.3126481 1.2841348 1.2885891 1.1313701 1.2588497 1.0295285 1.0135881 1.0075519 1.1713185 1.1429739 1.4479833 1.0081069 1.1863205 1.1276474 1.1184681 1.2874581 2.0631283 1.6386663 1.8472013 1.4077658 1.5492688 1.8261916 1.4130056 1.2677596 1.4785929 1.4634350 1.3924948 1.4150027 1.4023296 1.4023296 1.3975214 1.3975214 1.4027813 1.4027813 1.4938842 1.4938842 1.4102276 1.5850773 1.5508835 1.5952121 1.5952121 1.5773490 1.5654063 1.3339850 1.5546376 1.4680694 1.5039285 1.4798548 1.4798548 1.5942722 1.6081418 1.5871227 2.0720007 1.4259406 1.4259406 1.5958036 1.6142374 1.5864260 1.4770908 1.6197552 1.7893520 1.7893520 1.8471041 1.6008941 1.3519551 1.2817021 1.9216397 1.4690957 1.3210272 1.4835942 1.4835942 1.5820468 1.5820468 1.7295799 1.5464044 1.5464044 1.8089851 2.1401586 1.4194573 1.6192721 1.4829026 1.4813257 1.6108845 1.0838807 1.2405345 1.1361451 1.7151388 1.7469752 1.4692862 1.4671418 1.5201718 1.3073249 1.5190542 1.9369653 1.8367193 1.8085021 1.8107271 1.4534861 1.4037821 2.0476797 1.5957424 2.3228485 1.7194448 1.7099721 1.8076104 1.5046426 1.2326168 1.6735999 2.2008382 2.2816694 1.5650623 1.6021919 1.6672914 1.0266367 1.2516326 0.6006063 2.0171507 1.8367288 1.7256746 1.4034997 1.5981350 
Bralan_BLAG04000955_1                                    1.2700621 1.2304036 0.9032718 1.2920834 1.2631743 1.6088611 0.9977819 1.0252147 1.0690303 1.1218852 1.0072854 1.1935841 1.3199051 1.0996472 0.0000000 0.9405984 0.9973001 0.9112987 0.8869283 0.9829033 0.9516461 1.1258565 0.9690876 0.9613013 1.1820325 1.1411180 1.2558218 1.2405894 1.4125450 1.0781570 1.2761156 1.3294019 1.3001552 1.3190161 1.2756532 1.2719107 0.9377012 1.1951110 1.0692232 1.0809663 1.0576399 1.2121406 1.2415794 1.4745466 1.0349384 1.1993480 1.0992701 1.1016872 1.1758479 1.9189509 1.7055911 1.6551704 1.4789907 1.6501908 2.0099731 1.5236948 1.2936569 1.4945936 1.4786444 1.4546755 1.4115977 1.4366718 1.4366718 1.4479712 1.4479712 1.4466019 1.4466019 1.4162608 1.4162608 1.5633943 1.4916274 1.4965406 1.4886001 1.4886001 1.4905284 1.4860645 1.4115823 1.6722340 1.4762198 1.6322765 1.5523019 1.5523019 1.7257264 1.7152208 1.7309866 1.9920520 1.5797565 1.5797565 1.8010279 1.7898647 1.8087092 1.6717363 1.6476039 1.9750988 1.9750988 2.2014219 1.9211828 1.6614314 1.5469530 2.2011225 1.7192534 1.5106443 1.3666123 1.3666123 1.6710782 1.6710782 1.5378697 1.3208252 1.3208252 1.5607578 2.7236980 1.4102729 1.6682992 1.4751486 1.5702275 1.6636821 1.0859771 1.0837142 1.1314306 1.5483994 1.5865545 1.4254774 1.3766383 1.4610481 1.0078904 1.4423456 1.8379524 1.8672547 1.9096827 1.8101160 1.4598395 1.6570907 1.9292836 1.4798541 1.9995454 1.5928536 1.6981747 1.6577597 1.4867344 1.0851187 1.6880037 2.1661784 2.1340215 1.6000903 1.6198266 1.5114661 1.3525045 1.3159745 1.0652652 1.7728164 1.7816199 1.6873526 1.1322521 1.7676655 
Opea_EP00118_Oscarella_pearsei_P000127                   0.8875097 1.1008243 0.0000010 0.0000010 1.1219448 0.0000010 0.0000010 1.0165703 1.0707499 1.3481372 1.1753395 1.1564088 1.3282068 0.9501473 0.9405984 0.0000000 0.9441851 0.7068981 1.0830361 0.9443447 0.9443447 0.7755069 1.2330285 0.9509039 1.5079846 0.9426916 1.3308721 1.2732520 0.0000010 1.2355991 1.0243563 0.8741480 0.9669401 1.0751782 1.1516866 1.0278098 1.2805129 0.9207131 1.0354786 0.8966505 1.0339681 2.5205243 2.8894822 0.9161791 1.0630347 0.7809096 0.0000010 0.0000010 1.1650428 0.0000010 1.5531522 0.0000010 0.0000010 1.5524773 1.5524773 1.5524773 0.0000010 0.0000010 0.0000010 1.4748754 0.0000010 1.4569913 1.4569913 1.5749354 1.5749354 2.1754785 2.1754785 0.0000010 0.0000010 1.4569913 1.5659325 1.5659325 1.5659325 1.5659325 1.4919028 1.4348007 1.2108073 8.2131790 0.0000010 1.6980927 0.0000010 0.0000010 1.7721487 1.9259112 1.8628112 0.0000010 0.0000010 0.0000010 1.7721487 1.9259112 1.8628112 1.6487490 1.3772963 1.3062132 1.3062132 1.3062132 1.3062132 1.3062132 1.3062132 9.0000000 9.0000000 9.0000000 0.0000010 0.0000010 0.0000010 0.0000010 0.0000010 0.0000010 0.0000010 0.0000010 0.0000010 1.3198221 0.0000010 0.0000010 1.2693897 1.4735054 0.9083990 0.0000010 1.1163577 0.1454429 2.2255310 0.1070281 1.3098644 0.0000010 0.5185409 1.7970245 1.5472474 1.7455514 1.6255432 1.4528936 0.0000010 0.0000010 8.9999984 3.4802603 0.0000010 1.5785580 1.6214974 1.6673315 1.5685671 0.0000010 1.2717281 0.3683246 0.3683246 0.0000010 0.3683246 0.4024938 1.0771626 0.0000010 0.0000010 1.2676425 0.9727909 0.9727909 0.0000010 1.6063555 
Acagra_model.g17828.t1.1.5d3b8915                        1.1979214 1.2002362 0.8990855 1.2900851 1.2115105 1.6520877 1.0443379 1.1301025 1.1314586 1.2240419 1.0678380 1.1690268 1.4334596 1.2041147 0.9973001 0.9441851 0.0000000 1.0631975 0.9659521 0.8092156 0.8237577 1.2710188 0.9997645 1.0562191 1.3267140 1.3115604 1.3323200 1.2870464 1.4022808 1.2419658 1.2789336 1.2996987 1.2684979 1.2823415 1.2886598 1.2918178 1.0974245 1.3035683 1.1069276 1.0699616 1.1227008 1.2445104 1.3079480 1.5293905 1.0382456 1.3787177 1.1413259 1.1043386 1.2837732 1.9796593 1.7728795 1.7893581 1.5018530 1.7408663 2.0649985 1.5929697 1.3580499 1.5797644 1.5730927 1.5339322 1.4955579 1.5407944 1.5407944 1.5380832 1.5380832 1.5602989 1.5602989 1.5903505 1.5903505 1.5959267 1.5955503 1.5513789 1.5861657 1.5861657 1.5984938 1.5882610 1.4992802 1.7208676 1.5091810 1.6723757 1.5012654 1.5012654 1.7064515 1.7069795 1.7030495 2.0066561 1.4797581 1.4797581 1.7573368 1.7603468 1.7531743 1.6347838 1.7441535 1.8295310 1.8295310 1.8615554 1.7674834 1.5042612 1.4496850 2.1254026 1.6299467 1.5048071 1.6528612 1.6528612 1.9949712 1.9949712 1.7007154 1.4590912 1.4590912 1.7077366 2.7708883 1.5225555 1.7078037 1.7612616 1.5978832 1.6477624 1.1532054 1.3862273 1.1883323 1.6736418 1.7294285 1.4932766 1.4954860 1.6885348 1.1159738 1.4332383 1.7918417 1.8788178 1.8784902 1.8047966 1.5830746 1.5205034 2.2136429 1.5281747 2.1582527 1.4595508 1.6803175 1.7018296 1.5818584 1.1539398 1.6514142 2.0578632 2.1468179 1.6895630 1.6970183 1.6535250 1.3261591 1.2411416 1.0403684 1.7103993 1.5105692 1.5379392 1.1098689 1.9207039 
Spur_XM_030998870.1                                      1.1283672 1.2055434 1.0425236 1.3323244 1.2376728 1.6238912 0.8973369 1.0778757 1.1305560 1.1537538 1.0305151 1.2179279 1.3452444 1.1757702 0.9112987 0.7068981 1.0631975 0.0000000 0.9930289 1.0108572 1.0162664 1.2270517 1.1364634 1.0940648 1.2795407 1.3407576 1.3176466 1.2612300 1.4866530 1.2666602 1.1875089 1.2461505 1.2376926 1.2306329 1.2334185 1.2278134 0.9843697 1.2287156 1.1375737 1.0761518 1.1400756 1.2930517 1.2588326 1.6626188 1.2028252 1.3805471 1.1593706 1.1211332 1.0813925 1.9620026 1.7736873 1.7021275 1.6375803 1.9109455 2.2396657 1.7444505 1.6256037 1.7791229 1.8831739 1.6012664 1.6371995 1.6280702 1.6280702 1.5944293 1.5944293 1.6536039 1.6536039 1.6543653 1.6543653 1.7062408 1.6658607 1.5941758 1.6583342 1.6583342 1.6580502 1.6741712 1.6148382 1.9194881 1.8052860 1.8165632 1.5600168 1.5600168 1.7249208 1.7258082 1.7135623 2.0189678 1.5199801 1.5199801 1.7515338 1.7537194 1.7366713 1.6356528 1.6485566 1.8767422 1.8767422 1.9668981 1.9055648 1.5630732 1.4757350 2.4243295 1.7425936 1.5449260 1.6786443 1.6786443 1.9155146 1.9155146 1.6922793 1.5647264 1.5647264 1.7486473 2.6913790 1.5808590 1.8332098 1.6996579 1.5427548 1.6900744 1.1849545 1.2230544 1.1623332 1.6593209 1.7769688 1.2802271 1.4580459 1.7021698 0.9697690 1.5317167 1.8247125 1.9439934 1.8087581 1.9030723 1.5717326 1.5388093 1.9835907 1.4943697 2.1033698 1.4403906 1.6357168 1.6583519 1.5162730 1.2765452 1.6034565 2.5069322 2.5569783 1.6104421 1.6812200 1.5642939 1.2608312 1.3814036 1.0403224 1.7444558 1.6677848 1.6468653 1.3692769 1.6732913 
Skow_XM_006824795.1                                      1.2402910 1.2003542 0.9123955 1.3130146 1.2192005 1.6424579 0.8096301 1.0065628 1.0322509 1.2755807 1.0417203 1.1707679 1.2770664 1.0341505 0.8869283 1.0830361 0.9659521 0.9930289 0.0000000 0.9576480 0.9452327 1.1973332 0.9927466 0.9509599 1.2680592 1.1865230 1.3155583 1.2312665 1.4877747 1.1082729 1.2798869 1.3257836 1.3188361 1.3370920 1.3306500 1.3155939 0.9734123 1.1580617 1.0761745 1.0860022 1.0704676 1.2108597 1.2479049 1.4969317 1.1858225 1.2226701 1.1349377 1.1378926 1.1623319 2.3160860 1.7889228 1.8165664 1.4494225 1.7287189 2.0907958 1.5658490 1.2730244 1.5483593 1.5205414 1.5174138 1.4897311 1.5648546 1.5648546 1.5651095 1.5651095 1.5739026 1.5739026 1.5455084 1.5455084 1.6866434 1.5415231 1.4492031 1.5530210 1.5530210 1.5635913 1.5675083 1.5811584 1.6227754 1.5378722 1.5821599 1.3385748 1.3385748 1.5558987 1.5624100 1.5563237 1.8479521 1.2444261 1.2444261 1.5737741 1.5836089 1.5744963 1.4153220 1.6989438 2.0194178 2.0194178 2.3862629 1.8347236 1.5308964 1.4115717 1.9799479 1.4223834 1.2543528 1.5741666 1.5741666 1.8374892 1.8374892 2.0547735 1.8466741 1.8466741 2.0547735 2.7307607 1.4511531 1.7223097 1.6636747 1.5397219 1.6189606 1.1215709 1.0582815 1.1183408 1.6723515 1.6124535 1.5396476 1.4283146 1.5571302 1.0676981 1.4184346 1.7939583 1.9212660 1.9104192 1.8104026 1.4887617 1.3080946 1.9491153 1.4649050 1.9821551 1.3221322 1.7555712 1.6785850 1.5629563 1.1360843 1.8584216 2.4757367 2.5409837 1.6075634 1.6795204 1.4114359 1.2389728 1.1532868 0.9313221 1.6965669 1.6298048 1.6710490 1.2758474 1.9489859 
Cgig_XM_034470226.1                                      1.1975451 1.2420711 0.9513639 1.1951877 1.1579364 1.8780423 0.8472496 1.0744470 1.1216407 1.1486372 1.0583823 1.2084125 1.4098178 1.1126479 0.9829033 0.9443447 0.8092156 1.0108572 0.9576480 0.0000000 0.0170266 1.2498105 1.0036825 0.9869067 1.3160069 1.2785484 1.2201082 1.2434013 1.5354646 1.1569174 1.3681562 1.3697815 1.3715075 1.3885651 1.2990487 1.2933198 1.0605380 1.1256379 1.0974641 1.0978935 1.1278565 1.2628625 1.3173841 1.5399431 1.0769959 1.3864119 1.0454674 1.0469733 1.2249658 1.9020578 1.6884748 1.6079670 1.5027928 1.7423363 2.0934070 1.6111085 1.4667856 1.6100794 1.6683631 1.5148982 1.4878908 1.6426300 1.6426300 1.6250892 1.6250892 1.6481877 1.6481877 1.6016166 1.6016166 1.6409573 1.4929296 1.4605982 1.4701122 1.4701122 1.4669008 1.4591455 1.4018247 1.7846156 1.6079788 1.7066660 1.4414813 1.4414813 1.5510163 1.5395119 1.5461021 1.7728039 1.4753231 1.4753231 1.6068389 1.5937560 1.6006110 1.4376231 1.4762983 1.6484680 1.6484680 1.7906110 1.6136232 1.3785766 1.3077141 1.9350617 1.4849157 1.3334248 1.4342731 1.4342731 1.7329399 1.7329399 1.6349606 1.5869511 1.5869511 1.6262773 2.1002991 1.4570697 1.5779232 1.9695376 1.5350495 1.6153787 1.1059658 1.2446708 1.1980826 1.3344715 1.6583305 1.2197626 1.4849207 1.6940382 1.0642406 1.4823399 1.7996121 1.7999213 1.8182819 1.7970926 1.5772681 1.5625665 2.4973003 1.5858827 2.4167201 1.5563287 1.7359469 1.5631827 1.6167858 1.1275616 1.6674295 1.9355342 2.0442445 1.6805571 1.6937768 1.7283128 1.2736126 1.3809567 1.0305402 1.6400176 1.6014620 1.6990032 1.1965610 1.8789549 
Cgig_XM_034468742.1                                      1.1739804 1.2210067 0.9147063 1.2101285 1.1682820 1.8670501 0.8472496 1.0783774 1.1119305 1.1301462 1.0388049 1.1990844 1.3988374 1.1103986 0.9516461 0.9443447 0.8237577 1.0162664 0.9452327 0.0170266 0.0000000 1.2404755 1.0158863 0.9774832 1.3197186 1.2562678 1.2042402 1.2478664 1.4079087 1.1529407 1.3640398 1.3669603 1.3610729 1.3755608 1.2901363 1.2845235 1.0573304 1.1060702 1.0855719 1.0847126 1.1136809 1.2450446 1.2825493 1.5250882 1.0682754 1.3494864 1.0418193 1.0432035 1.2148963 1.7460296 1.6407097 1.5986620 1.5027928 1.7303081 2.0747602 1.5997082 1.4612506 1.5970050 1.6623784 1.4685153 1.4383990 1.5975072 1.5975072 1.5848161 1.5848161 1.6035637 1.6035637 1.5381985 1.5381985 1.6263810 1.4406172 1.4572923 1.4192611 1.4192611 1.4161708 1.4086535 1.3572692 1.7244945 1.5155209 1.6563478 1.4035404 1.4035404 1.5223011 1.5101384 1.5173681 1.6702951 1.4696645 1.4696645 1.6032747 1.5900594 1.5970349 1.4344809 1.4153095 1.6299793 1.6299793 1.7536092 1.6030834 1.3657375 1.2935630 1.9410834 1.4849157 1.3272986 1.2538739 1.2538739 1.4737152 1.4737152 1.4515896 1.2965423 1.2965423 1.4243777 2.1093333 1.4088605 1.4978662 1.6124209 1.4973591 1.5905708 1.0972542 1.1610157 1.1630538 1.5149486 1.6829903 1.1975638 1.4514890 1.5194117 1.0642406 1.4839005 1.7669217 1.7579015 1.7985534 1.7791676 1.5549744 1.5485686 2.3139604 1.5502974 2.2419542 1.5563287 1.6966571 1.5569487 1.5878380 1.1163865 1.6772791 1.9302389 2.0383237 1.6661434 1.6797599 1.7046536 1.2610094 1.2791149 1.0231709 1.6409669 1.5996585 1.6882468 1.1826890 1.8903985 
Plajan_Pjan_C568002_01                                   1.2505884 1.3272135 0.7827328 1.5407967 1.3128721 1.8036740 0.7479191 1.1420558 1.2964393 1.4589346 1.2548960 1.4678418 1.3165546 1.2097560 1.1258565 0.7755069 1.2710188 1.2270517 1.1973332 1.2498105 1.2404755 0.0000000 1.4048171 1.2310458 1.3532129 1.3109197 1.2778195 1.2775529 1.5154753 1.1510157 1.3289538 1.3243062 1.3305353 1.3456440 1.3086452 1.3162626 1.3816012 1.2758655 1.1316637 1.1384351 1.1447919 1.3074523 1.4817888 1.5190708 1.0653470 1.4133016 0.8725612 0.8807388 1.1876069 2.5763759 1.9867817 2.1824460 1.5192122 1.8375844 2.2978160 1.7111405 1.4051253 1.7481888 1.5883020 1.7947450 1.7847975 1.8511978 1.8511978 1.8219363 1.8219363 1.8794167 1.8794167 1.9358372 1.9358372 1.8552332 1.7897254 1.6632898 1.8058715 1.8058715 1.8115281 1.8087536 1.7804587 2.0219788 1.9170904 1.9461278 1.6614764 1.6614764 1.7851200 1.8177036 1.8002991 2.4669337 1.5150789 1.5150789 1.7308737 1.7708180 1.7498433 1.6299039 1.9043640 2.0844080 2.0844080 2.0807521 1.8130037 1.5234856 1.4092525 2.1986736 1.6416708 1.4118544 2.0478577 2.0478577 2.2765015 2.2765015 2.0324683 1.7471559 1.7471559 2.0863011 3.0666267 1.6228334 1.7556028 1.9453450 1.6940325 1.6370013 1.1938365 1.3739650 1.1639366 1.6742299 1.8845360 1.5300553 1.5101709 1.6342533 1.0363727 1.5586139 1.9637261 1.9635453 1.7984408 1.6900394 1.6399647 1.7658005 2.5257772 1.7156256 2.6949129 1.6158874 1.6595968 1.8095256 1.6288237 1.1978099 1.7932398 1.8107195 1.7971438 1.7274522 1.6983783 1.7459465 1.4454118 1.5203537 1.3034795 1.7329741 1.7151600 1.6795367 1.6841500 1.9372160 
Ctel_gnl_WGS_AMQN_CAPTEDRAFT_mRNA26295                   1.5304507 1.2195260 0.0000010 1.8995028 1.5573664 1.1026184 0.0000010 1.2947915 1.2369897 1.0586562 1.1874368 1.4223961 1.3321586 1.2296020 0.9690876 1.2330285 0.9997645 1.1364634 0.9927466 1.0036825 1.0158863 1.4048171 0.0000000 0.8768354 1.6438178 1.1880525 1.3814234 1.4092588 0.8440431 1.1623469 1.3453544 1.5108446 1.3854317 1.5030409 1.2981535 1.2664752 1.0798268 1.1933483 1.2626475 1.2863285 1.3238384 1.7542587 2.2170996 1.3175931 1.4015724 1.2118942 1.1011838 1.0664750 1.3400866 2.6043216 1.8232753 2.6681503 1.5601459 1.9252034 1.9196748 1.9252034 2.8476506 1.8597577 2.8476506 1.7667348 1.7090165 1.6487788 1.6487788 1.6653744 1.6653744 1.6776091 1.6776091 2.3941383 2.3941383 1.6788801 1.6795547 1.6690875 1.6795547 1.6795547 1.6198204 1.6194026 1.5702812 2.0306119 2.0742852 1.7604540 2.4384466 2.4384466 1.8773127 1.9751851 1.9265629 2.3313758 3.2452718 3.2452718 1.9149622 2.0223543 1.9672639 1.7206780 1.8048872 1.6252930 1.6252930 1.8279758 1.6252930 1.6252930 1.6252930 3.3481704 3.3481704 3.3481704 1.7325801 1.7325801 1.7610824 1.7610824 2.2181684 1.1864092 1.1864092 2.2181684 0.6981684 1.6180367 1.6487264 0.0000010 1.6453223 1.5034622 1.3605117 1.7621875 1.2334397 1.4426719 1.8124558 1.2775965 1.4349246 0.8652909 0.9970064 1.5445845 1.8325020 1.8749769 2.1124166 1.7152002 1.8577474 0.7592026 4.3191692 1.5761393 3.9976354 1.8004256 1.5423063 1.7874725 1.5871668 0.8504413 2.0089985 3.0806306 3.0806306 1.6907625 2.7480003 1.6294413 1.2992147 0.8792327 1.1369346 1.4159393 1.8379865 1.7784917 1.6141859 1.7881152 
Tcas_TC007375_001                                        1.1148911 1.3294706 1.0705043 1.3702449 1.2276144 1.5371894 1.1660531 1.0206316 1.0330972 0.8019616 1.1155259 1.2094810 1.2718362 1.1558835 0.9613013 0.9509039 1.0562191 1.0940648 0.9509599 0.9869067 0.9774832 1.2310458 0.8768354 0.0000000 1.1468496 1.1876588 1.2337570 1.3311907 1.2452559 1.2656603 1.2259084 1.3281445 1.2503375 1.2902734 1.2157479 1.2232828 1.0689287 1.1319546 1.1742004 1.1054296 1.1306737 1.2443510 1.2028011 1.7312113 1.2715116 1.2022138 1.1744675 1.1145970 1.2270332 1.9851802 1.6515597 2.0279603 1.4817685 1.6622977 1.8665676 1.5402007 1.4590324 1.6299350 1.6457784 1.5262183 1.5355183 1.5683845 1.5683845 1.5540500 1.5540500 1.5892024 1.5892024 1.6682784 1.6682784 1.6481421 1.4347731 1.4273712 1.4163976 1.4163976 1.4178576 1.4156839 1.5542789 1.6843778 1.7356932 1.5721093 1.4792293 1.4792293 1.6099573 1.6476360 1.6302106 1.8296473 1.5239162 1.5239162 1.6789499 1.7331626 1.7067867 1.5179658 1.6296073 2.0877779 2.0877779 2.4024089 1.9491014 1.6162967 1.5957228 2.2890955 1.6759895 1.6276186 1.5894049 1.5894049 1.7506123 1.7506123 1.6611306 1.3687422 1.3687422 1.6706944 2.3209595 1.3691977 1.6802814 1.3341561 1.4636650 1.5084640 1.1720683 1.2187324 1.1552969 1.5378643 1.6227129 1.3511997 1.3791180 1.4552574 0.9920179 1.5115493 1.7023991 1.7868502 1.8170538 1.7603339 1.3971264 1.4536029 1.8358460 1.5147706 1.9370970 1.4199542 1.5410620 1.4710188 1.5848257 1.2077505 1.6841309 2.0009938 1.9186777 1.6645469 1.6333152 1.5906199 1.3113560 1.4580411 1.0758575 1.6181592 1.7567007 1.5918867 1.2957294 1.6717498 
Hvul_g33414_1                                            1.1944879 1.2491178 0.7673545 1.2985335 1.2950447 1.4608445 0.6893629 0.9860502 1.0137197 1.3017799 1.1558113 1.2186642 1.4260038 1.0910767 1.1820325 1.5079846 1.3267140 1.2795407 1.2680592 1.3160069 1.3197186 1.3532129 1.6438178 1.1468496 0.0000000 0.8846690 1.3215562 1.3957462 1.6390568 1.3288255 1.4528564 1.4522941 1.4121834 1.4374893 1.4221702 1.4275280 1.2912799 1.3896466 1.1678415 1.1621180 1.1644637 1.2663352 1.3110675 1.5575345 1.1808455 1.4194299 1.1630674 1.1733545 1.4271626 2.4744537 1.9613997 2.0584189 1.6289466 1.8421455 2.3010781 1.7725502 1.5576595 1.7125378 1.6563179 1.6559652 1.6171937 1.6332585 1.6332585 1.6680227 1.6680227 1.6466843 1.6466843 1.5425822 1.5425822 1.7618719 1.7000905 1.6569395 1.6765398 1.6765398 1.6781410 1.6811477 1.6544579 1.8502734 1.7146254 1.8159238 1.6508590 1.6508590 1.8098116 1.8347263 1.8036191 2.2226686 1.5568109 1.5568109 1.7960223 1.8277629 1.7880015 1.7011216 1.9302647 1.9388738 1.9388738 2.2602190 1.7713614 1.4813084 1.3971691 2.0037493 1.4773020 1.3396406 1.4410711 1.4410711 1.5986170 1.5986170 1.6432629 1.2532096 1.2532096 1.5944658 2.8199520 1.6400995 1.7858293 1.5500175 1.7335717 1.7841411 1.1457941 1.2507863 1.2313797 1.5656524 1.7822324 1.6080667 1.5586129 1.6612408 1.1918648 1.5664552 1.8801605 1.9859074 1.8895759 1.8034728 1.6845025 1.4899326 2.2830890 1.6439003 2.1939206 1.9697567 1.7779678 1.8626778 1.7675354 1.2263308 1.7055476 2.0182497 2.1678604 1.5402863 1.5549730 1.7498308 1.1283045 1.3980755 0.8821205 2.2083864 1.8976802 1.7818911 1.2424525 1.7439653 
