92
Pbac_sb2648880                                               0.0000000 0.0000010 0.0122717 0.1050923 0.1116032 0.1499857 0.1642674 0.1603956 0.3771687 0.3771687 0.3771687 0.3379928 0.3379928 0.3943069 0.3427164 0.4250298 0.4439416 0.4393672 0.0000010 0.4439416 0.4301064 0.3836143 0.4038787 0.3865546 0.4542774 0.4542774 0.4534854 0.4318782 0.4817059 0.4147696 0.5248350 0.6162638 0.0000010 0.0000010 0.8826533 0.3851848 0.3851177 0.3851177 0.3656538 0.4510898 0.4510898 0.3888626 0.3099131 0.3099131 0.2846796 0.3224301 0.3538243 0.3217983 0.3851177 0.4183012 0.4183012 0.4450159 0.3913653 0.3945529 0.4543376 0.3945529 0.4290187 0.4130741 0.3985710 0.5843618 0.3164413 0.4410500 0.4860741 0.4582540 0.5783239 0.4800710 0.4643242 0.4165373 0.4225016 0.4225016 0.3786102 0.4451824 0.3433560 0.7339713 0.8210610 0.4647769 0.4647769 0.4647769 0.4647769 0.4441492 0.4647769 0.4441492 0.3164413 0.3771687 0.3800204 0.5248350 0.4666109 0.3992986 0.4956904 0.4667071 0.0941586 0.0000010 
Horcal_Hcv1.av93.c12.g453.i1                                 0.0000010 0.0000000 0.0059395 0.2758703 0.2556834 0.3295664 0.2427751 0.3341940 0.5417175 0.5483613 0.5483613 0.5083875 0.5139164 0.6001045 0.5797081 0.5824994 0.5791508 0.6046162 0.4087497 0.5740420 0.5556581 0.5317680 0.5797431 0.5433368 0.5911996 0.6022623 0.5841002 0.6250393 0.6540695 0.5874516 0.7385026 0.8235052 0.4704923 0.7692804 0.6793078 0.6068187 0.5389764 0.5161784 0.4924368 0.5781271 0.5781271 0.5548944 0.6376582 0.5553263 0.5664833 0.5132154 0.5632452 0.5151456 0.6127054 0.5762155 0.5762155 0.5978490 0.5414297 0.5450232 0.6400155 0.6932693 0.5204817 0.5047644 0.5605663 0.4126219 0.4891875 0.6422056 0.6661513 0.6385719 0.6879496 0.6507360 0.6591869 0.6835020 0.6910710 0.6910710 0.7957932 0.6434529 0.3256641 0.7104846 0.8604220 0.7860948 0.8444939 0.6489531 0.6489531 0.6278675 0.7486095 0.7078462 0.6997038 0.7703929 0.6531183 1.2997778 0.7138897 1.0477627 0.7428812 0.7203863 0.3425668 0.0503361 
Horcal_Hcv1.av93.c12.g453.i2                                 0.0122717 0.0059395 0.0000000 0.2675611 0.2476962 0.3209545 0.2348081 0.3232304 0.5328530 0.5395751 0.5395751 0.4998611 0.5053224 0.5909363 0.5703046 0.5729304 0.5696975 0.5950180 0.4087497 0.5646585 0.5463354 0.5225088 0.5703167 0.5340473 0.5815949 0.5925082 0.5745621 0.6122227 0.6441071 0.5776212 0.7275637 0.8118666 0.4704923 0.7692804 0.6653052 0.5969728 0.5300316 0.5072362 0.4835950 0.5686053 0.5686053 0.5454354 0.6265937 0.5461241 0.5572957 0.5044932 0.5539496 0.5060746 0.6029783 0.5669047 0.5669047 0.5884188 0.5324167 0.5359750 0.6288747 0.6799573 0.5115748 0.4960287 0.5515856 0.4017185 0.4800359 0.6325338 0.6563411 0.6288998 0.6781659 0.6410517 0.6495508 0.6731334 0.6806327 0.6806327 0.7850370 0.6333786 0.3163850 0.7104846 0.8465597 0.7739850 0.8321720 0.6392354 0.6392354 0.6182086 0.7361714 0.6975028 0.6883633 0.7583574 0.6661283 1.2848432 0.7002671 1.0348207 0.7321425 0.7105384 0.3425668 0.0503361 
Mlei_ML0405.g16.i1                                           0.1050923 0.2758703 0.2675611 0.0000000 0.2323690 0.2754004 0.1551009 0.2567657 0.6092100 0.6162364 0.6162364 0.6805549 0.6869482 0.6447797 0.6738028 0.5893318 0.6490626 0.6562204 0.5984874 0.6580490 0.6242284 0.5539273 0.5764421 0.5845987 0.5984550 0.6096647 0.6236135 0.5689034 0.6817519 0.5919942 0.7368861 0.8241659 0.6189058 0.9783204 0.6974937 0.6060272 0.5083902 0.5101702 0.5202420 0.5674387 0.5674387 0.5759714 0.5727909 0.5014240 0.5005429 0.4949194 0.5710967 0.5555815 0.5633894 0.5943626 0.5943626 0.6232072 0.5760931 0.5997596 0.6964455 0.7680106 0.5166985 0.5490086 0.5564637 0.3515587 0.5542768 0.6033993 0.6707191 0.6199496 0.7066051 0.6447938 0.6900619 0.6263556 0.6679091 0.6679091 0.7873816 0.5545549 0.3586710 0.7561555 0.9764942 0.8212653 0.9073938 0.6700893 0.6700893 0.6958623 0.7609874 0.7533025 0.7590929 0.8532517 0.6275853 1.2206444 0.7261783 0.9904582 0.7242440 0.6090873 0.3605595 0.5450187 
Coemet_Cmet_C587379_01                                       0.1116032 0.2556834 0.2476962 0.2323690 0.0000000 0.1316008 0.1907035 0.2350050 0.5657836 0.5824020 0.5824020 0.5630517 0.5447754 0.5370399 0.5466025 0.5381428 0.5348554 0.5372951 0.6099944 0.5468543 0.5094329 0.4956910 0.5116545 0.4938016 0.5387829 0.5490861 0.5629299 0.4125190 0.6604917 0.5819774 0.6451828 0.7657425 0.5908438 0.9582615 0.7498133 0.5538843 0.5102409 0.4600390 0.4586220 0.5316737 0.5316737 0.5298336 0.4517041 0.4296521 0.3996228 0.4438328 0.4686476 0.5092605 0.5621532 0.5380048 0.5380048 0.5588766 0.5216845 0.5378845 0.6315166 0.5967816 0.5315864 0.4918723 0.5384957 0.4044001 0.4499626 0.5463826 0.5651070 0.5831312 0.6269748 0.5766847 0.5978674 0.6087900 0.6201235 0.6201235 0.7573900 0.6298133 0.3037667 0.7767563 0.9086079 0.7321974 0.7863810 0.6724176 0.6724176 0.6765226 0.6749771 0.7310721 0.6632628 0.7861335 0.5443736 1.0726559 0.6657977 0.9416278 0.6570009 0.6152371 0.3944206 0.4586845 
Vmul_Simscaffold6176_01                                      0.1499857 0.3295664 0.3209545 0.2754004 0.1316008 0.0000000 0.2247064 0.3273714 0.7504171 0.7546821 0.7546821 0.6949109 0.7047363 0.7164476 0.7103211 0.5804035 0.5937187 0.6009547 0.7056064 0.5943464 0.5869451 0.5541345 0.5475447 0.5499594 0.5890488 0.6006904 0.6199224 0.5121043 0.6993760 0.6607433 0.6979740 0.8006303 0.6900042 1.1087229 0.7814186 0.6286620 0.5714552 0.5630822 0.5539549 0.6118241 0.6118241 0.5931365 0.6047058 0.5549428 0.5106739 0.5180026 0.5937817 0.6181403 0.6740157 0.6414738 0.6414738 0.6788700 0.6214509 0.6334406 0.7698460 0.7036149 0.5985642 0.5833506 0.6167540 0.4460801 0.4713885 0.6409477 0.6782656 0.6553767 0.7150716 0.6723961 0.6959624 0.6767186 0.7722572 0.7722572 0.8590216 0.6518335 0.3489288 0.8848060 0.9934668 0.8494361 0.8781955 0.7375846 0.7375846 0.7337734 0.7138493 0.7942320 0.7035779 1.0639883 0.7665676 1.1199861 0.6299041 0.9441648 0.7504464 0.7647301 0.4397495 0.5918225 
Lampan_Lpan_C397919_01                                       0.1642674 0.2427751 0.2348081 0.1551009 0.1907035 0.2247064 0.0000000 0.2624189 0.5910755 0.5694596 0.5694596 0.5579257 0.5530834 0.5809861 0.5909096 0.4909820 0.5110908 0.5147863 0.5377856 0.5011371 0.4990290 0.4614215 0.4956685 0.5132704 0.5209346 0.5305402 0.5243708 0.4173291 0.5752977 0.5463700 0.6167340 0.7716518 0.6164854 0.9857429 0.6657578 0.5331364 0.4760748 0.4200308 0.4481161 0.4460952 0.4460952 0.5103414 0.5077838 0.4502146 0.4336527 0.4508059 0.4664586 0.4852244 0.5465833 0.5086745 0.5086745 0.5245199 0.4843250 0.5016329 0.5743966 0.5876648 0.4565232 0.4718119 0.5358061 0.3820466 0.4650969 0.5395999 0.6102295 0.5558445 0.6316969 0.5682248 0.6070429 0.5249196 0.5910875 0.5910875 0.7599711 0.5906870 0.3319882 0.6558622 0.9305350 0.6370238 0.7107606 0.5302509 0.5302509 0.5506264 0.5965394 0.5965650 0.6362019 0.8262515 0.5116496 1.0518195 0.6571932 0.8960589 0.6551935 0.5877651 0.4097977 0.3800898 
Drygla_Dgla_sb293250                                         0.1603956 0.3341940 0.3232304 0.2567657 0.2350050 0.3273714 0.2624189 0.0000000 0.5545656 0.5625911 0.5625911 0.6246561 0.6249718 0.5955401 0.5096172 0.5351368 0.4991134 0.5034208 0.0000010 0.4837580 0.4964916 0.4597562 0.5139864 0.4969997 0.6365101 0.6524191 0.5963085 0.4409355 0.6129243 0.5200649 0.5952157 0.8432339 0.0000010 0.0000010 0.7264407 0.4823608 0.5743751 0.5289180 0.5262189 0.5363185 0.5363185 0.5034202 0.3828116 0.3828116 0.3857149 0.4212172 0.4642595 0.4057375 0.6376945 0.5277351 0.5277351 0.5340845 0.5095569 0.5413376 0.6587137 0.5923621 0.4868556 0.5063782 0.4857313 0.3346631 0.4840518 0.5316482 0.5753013 0.5807603 0.6445879 0.6038262 0.6303876 0.5880213 0.6196944 0.6196944 0.5041560 0.5851332 0.2848087 1.0024854 0.9293362 0.6293797 0.6206183 0.6034757 0.6034757 0.5894146 0.6087323 0.5894146 0.4840518 0.5545656 0.5603595 0.6165503 0.5805656 0.6045509 0.6142999 0.5565932 0.0705087 0.6963509 
Emue_Em0551g3a.t1                                            0.3771687 0.5417175 0.5328530 0.6092100 0.5657836 0.7504171 0.5910755 0.5545656 0.0000000 0.0378147 0.0378147 0.2147209 0.2237587 0.1685662 0.2053894 0.3798289 0.4402804 0.4389278 0.3419774 0.4418555 0.4251071 0.3397809 0.3658084 0.3693450 0.3749374 0.3788165 0.3319280 0.3947282 0.4825598 0.4058698 0.4749289 0.6970101 0.3594649 0.4948378 0.4930740 0.4032881 0.3313954 0.3008087 0.2904982 0.3814911 0.3814911 0.3618482 0.3338778 0.3128806 0.3047283 0.3257957 0.3441426 0.3623944 0.3870816 0.3433803 0.3433803 0.3692917 0.3660781 0.3508234 0.4064613 0.4385238 0.3953592 0.3684052 0.3566397 0.2969238 0.3576878 0.3560638 0.3452894 0.4013315 0.4261626 0.4052917 0.4139332 0.3910717 0.3598665 0.3598665 0.5361166 0.5015959 0.2353609 0.4562430 0.6468148 0.5173924 0.5769484 0.4683875 0.4683875 0.4661197 0.5183012 0.5134575 0.5312271 0.0854088 0.4285135 0.9521167 0.4884129 0.8363874 0.4483663 0.5582829 0.1066001 0.9412882 
Spolac_c91990_g1_i1_m.7419c91990-g1                          0.3771687 0.5483613 0.5395751 0.6162364 0.5824020 0.7546821 0.5694596 0.5625911 0.0378147 0.0000000 0.0000010 0.2049467 0.2088660 0.1652364 0.1926954 0.3731589 0.4302953 0.4243702 0.3419774 0.4271846 0.4138121 0.3412907 0.3256053 0.3480591 0.3550046 0.3586407 0.3038736 0.3897318 0.4701936 0.3949624 0.4520258 0.6964881 0.3594649 0.4948378 0.4738132 0.4250210 0.3187435 0.3117325 0.3004299 0.3753250 0.3753250 0.3654739 0.3267909 0.3072533 0.2835399 0.3114045 0.3410753 0.3714124 0.3981942 0.3138606 0.3138606 0.3378361 0.3352411 0.3148587 0.3682440 0.3825492 0.3785995 0.3379103 0.3281985 0.2969238 0.3634497 0.3388837 0.3425718 0.3890412 0.3745444 0.3700868 0.3750883 0.3985013 0.3794718 0.3794718 0.5053432 0.5030848 0.2353609 0.4638981 0.6468148 0.5198854 0.5627415 0.4649500 0.4649500 0.4555444 0.5238005 0.5017312 0.5392233 0.1376199 0.4178528 0.9027056 0.4509150 0.8174766 0.4240628 0.5982605 0.1066001 0.9498789 
Spolac_c91990_g1_i2_m.7421c91990-g1                          0.3771687 0.5483613 0.5395751 0.6162364 0.5824020 0.7546821 0.5694596 0.5625911 0.0378147 0.0000010 0.0000000 0.2049467 0.2088660 0.1652364 0.1926954 0.3731589 0.4302953 0.4243702 0.3419774 0.4271846 0.4138121 0.3412907 0.3256053 0.3480591 0.3550046 0.3586407 0.3038736 0.3897318 0.4701936 0.3949624 0.4520258 0.6964881 0.3594649 0.4948378 0.4738132 0.4250210 0.3187435 0.3117325 0.3004299 0.3753250 0.3753250 0.3654739 0.3267909 0.3072533 0.2835399 0.3114045 0.3410753 0.3714124 0.3981942 0.3138606 0.3138606 0.3378361 0.3352411 0.3148587 0.3682440 0.3825492 0.3785995 0.3379103 0.3281985 0.2969238 0.3634497 0.3388837 0.3425718 0.3890412 0.3745444 0.3700868 0.3750883 0.3985013 0.3794718 0.3794718 0.5053432 0.5030848 0.2353609 0.4638981 0.6468148 0.5198854 0.5627415 0.4649500 0.4649500 0.4555444 0.5238005 0.5017312 0.5392233 0.1376199 0.4178528 0.9027056 0.4509150 0.8174766 0.4240628 0.5982605 0.1066001 0.9498789 
Aque_Aqu2.1.38824_001                                        0.3379928 0.5083875 0.4998611 0.6805549 0.5630517 0.6949109 0.5579257 0.6246561 0.2147209 0.2049467 0.2049467 0.0000000 0.0184744 0.1258780 0.1044713 0.4213508 0.3943742 0.4171681 0.4349313 0.3910881 0.3775074 0.3460933 0.3554231 0.3462767 0.4127651 0.4169946 0.3591977 0.3598733 0.4747651 0.4293869 0.4793006 0.6460607 0.4195320 0.5691614 0.5145930 0.4606272 0.3681772 0.3334010 0.3216055 0.3633488 0.3633488 0.3771788 0.4038369 0.3844688 0.3513363 0.3475893 0.3737538 0.4100723 0.4609343 0.3435192 0.3435192 0.3514360 0.3533361 0.3328808 0.4009859 0.3540697 0.3778276 0.3371887 0.3819132 0.3126640 0.3751142 0.3838946 0.3457820 0.4265685 0.4337931 0.4091390 0.4056557 0.4328025 0.4360976 0.4360976 0.5700356 0.5574138 0.2025036 0.4517642 0.6835758 0.5291778 0.5451829 0.4841705 0.4841705 0.4494864 0.5569705 0.5091834 0.5823963 0.3626352 0.5040749 0.9021932 0.5440505 0.8174575 0.4454774 0.6034535 0.0963264 0.8993176 
Halamb_c37392_g1_i1m.10038                                   0.3379928 0.5139164 0.5053224 0.6869482 0.5447754 0.7047363 0.5530834 0.6249718 0.2237587 0.2088660 0.2088660 0.0184744 0.0000000 0.1268412 0.0877900 0.4318795 0.4192228 0.4433419 0.4444243 0.4156444 0.3879311 0.3391950 0.3580221 0.3519133 0.4042164 0.4083683 0.3806182 0.3653962 0.4819956 0.4535124 0.5010698 0.6775692 0.4291544 0.5809875 0.5370536 0.4314383 0.3596540 0.3303594 0.3186101 0.3830376 0.3830376 0.3887249 0.3983399 0.3797245 0.3395461 0.3497162 0.3615333 0.3972365 0.4555552 0.3591638 0.3591638 0.3674333 0.3692027 0.3478668 0.4213230 0.3724504 0.3973584 0.3653634 0.4044512 0.3153003 0.3717948 0.3918000 0.3336337 0.4453817 0.4574754 0.4272939 0.4234878 0.4666741 0.4469188 0.4469188 0.6030312 0.5810271 0.2041181 0.4557028 0.6878370 0.5387413 0.5547976 0.4809810 0.4809810 0.4573864 0.5616645 0.5176376 0.5774263 0.3742427 0.5148345 0.9548341 0.5713349 0.8469387 0.4730929 0.5901660 0.0978101 0.9135018 
Tetwil_g11519.t1                                             0.3943069 0.6001045 0.5909363 0.6447797 0.5370399 0.7164476 0.5809861 0.5955401 0.1685662 0.1652364 0.1652364 0.1258780 0.1268412 0.0000000 0.1906538 0.3925896 0.4006806 0.3972164 0.3885951 0.4087958 0.3799409 0.3482725 0.3450483 0.3269057 0.3822160 0.3861224 0.3690946 0.3180904 0.4353247 0.4138151 0.4520148 0.6434952 0.3252518 0.4587960 0.4807003 0.4707763 0.3657915 0.2967228 0.2855064 0.3247937 0.3247937 0.3305111 0.3189336 0.3106762 0.2917321 0.3447528 0.3406016 0.3778416 0.4077237 0.3256792 0.3256792 0.3391869 0.3365327 0.3272036 0.3877945 0.3781994 0.3778007 0.3713914 0.3858894 0.2822449 0.3823245 0.3490710 0.3084432 0.4107528 0.4355192 0.4131925 0.4154639 0.3948565 0.3701186 0.3701186 0.5762933 0.5694527 0.2024666 0.4421898 0.6920309 0.4677938 0.5060080 0.4381016 0.4381016 0.4250236 0.4829188 0.4802918 0.5920288 0.3047202 0.4163309 0.8907935 0.5273911 0.7987817 0.4487325 0.5955677 0.0616253 1.1119634 
Xestes_maker-XT_scaffold114669-augustus-gene-0.15-mRNA-1     0.3427164 0.5797081 0.5703046 0.6738028 0.5466025 0.7103211 0.5909096 0.5096172 0.2053894 0.1926954 0.1926954 0.1044713 0.0877900 0.1906538 0.0000000 0.4482747 0.4633036 0.4660887 0.6834661 0.4591723 0.4384150 0.4137212 0.4181238 0.4127996 0.4331857 0.4331857 0.4177698 0.3474682 0.4197116 0.4720210 0.5319757 0.6945848 0.6711642 0.8626153 0.5402822 0.4174452 0.3768446 0.3637258 0.3504322 0.4245275 0.4245275 0.4198311 0.3439847 0.3322316 0.3021909 0.3071264 0.3741097 0.3953103 0.5047816 0.3720609 0.3720609 0.3878685 0.3841299 0.3629095 0.4407577 0.3650365 0.4353347 0.3999593 0.3714265 0.3721080 0.3869187 0.4023643 0.3462148 0.4100644 0.4510299 0.4267852 0.4326302 0.4681184 0.4188151 0.4188151 0.5017440 0.5599310 0.2646310 0.5454336 0.7265761 0.4656639 0.5021437 0.4850488 0.4850488 0.4880326 0.4604777 0.4554624 0.5042055 0.3073693 0.4274074 0.9408949 0.4955025 0.8071699 0.4895708 0.6063854 0.1702350 1.0314726 
Lcom_lcpid126520                                             0.4250298 0.5824994 0.5729304 0.5893318 0.5381428 0.5804035 0.4909820 0.5351368 0.3798289 0.3731589 0.3731589 0.4213508 0.4318795 0.3925896 0.4482747 0.0000000 0.1579808 0.1677949 0.1017051 0.1591123 0.1834639 0.1170446 0.1605526 0.2093706 0.1424654 0.1510866 0.1500435 0.1594248 0.2250443 0.1674047 0.1934743 0.5071934 0.1657321 0.2368772 0.2842181 0.2048571 0.3001600 0.2595664 0.2614597 0.3417900 0.3417900 0.3134641 0.3210631 0.2913351 0.2916834 0.2847043 0.2894033 0.3306983 0.3635613 0.3156322 0.3156322 0.3376629 0.3317895 0.3014998 0.3895250 0.3783820 0.3719797 0.3376772 0.3863278 0.2926386 0.3087068 0.4351665 0.4477768 0.4454201 0.4178862 0.4034165 0.4339174 0.3591393 0.3730925 0.3730925 0.6339238 0.3106747 0.2467189 0.4687164 0.5361891 0.4921960 0.5534746 0.4457361 0.4457361 0.4431879 0.4787174 0.5014789 0.4409037 0.5679997 0.4593137 0.6171138 0.3556752 0.5534156 0.4731519 0.5378486 0.2209129 1.0419903 
Acaspe_EP00035_Acanthoeca_spectabilis_P020506                0.4439416 0.5791508 0.5696975 0.6490626 0.5348554 0.5937187 0.5110908 0.4991134 0.4402804 0.4302953 0.4302953 0.3943742 0.4192228 0.4006806 0.4633036 0.1579808 0.0000000 0.0200307 0.0473077 0.0062138 0.0907385 0.1167841 0.1436001 0.1751835 0.1785853 0.1785853 0.1697462 0.0528558 0.2418983 0.1873512 0.2032357 0.4813749 0.1577724 0.3137324 0.3040650 0.2594291 0.3271812 0.2991019 0.2929839 0.3134836 0.3134836 0.3216619 0.3514153 0.3263228 0.3158466 0.2744016 0.3048241 0.3175541 0.4188890 0.3328541 0.3328541 0.3463737 0.3425832 0.3369726 0.4059877 0.3867081 0.3568162 0.3502132 0.3510059 0.3176137 0.3324156 0.4610714 0.4465082 0.3976284 0.4232406 0.3948494 0.4287135 0.3407545 0.3912315 0.3912315 0.5727309 0.3559659 0.2514134 0.5344743 0.5047051 0.5069632 0.5487056 0.4567975 0.4567975 0.4375322 0.4808669 0.4755436 0.4382139 0.6416313 0.4294723 0.6068232 0.3269434 0.5103588 0.3715849 0.5489628 0.2832164 0.9509578 
Stedip_EP00041_Stephanoeca_diplocostata_P007014              0.4393672 0.6046162 0.5950180 0.6562204 0.5372951 0.6009547 0.5147863 0.5034208 0.4389278 0.4243702 0.4243702 0.4171681 0.4433419 0.3972164 0.4660887 0.1677949 0.0200307 0.0000000 0.0473077 0.0267869 0.1100432 0.1239867 0.1652314 0.1973310 0.1886576 0.1886576 0.1768134 0.0716225 0.2458841 0.1947123 0.2053168 0.4898877 0.1577724 0.3137324 0.2954288 0.2669272 0.3283063 0.2976111 0.2915435 0.3139271 0.3139271 0.3245746 0.3368717 0.3141903 0.3193258 0.2784431 0.3098009 0.3138964 0.4153708 0.3406421 0.3406421 0.3541349 0.3503734 0.3491387 0.4150086 0.4041864 0.3646098 0.3624334 0.3567238 0.3176137 0.3301792 0.4578824 0.4524879 0.4019627 0.4359160 0.4022106 0.4410232 0.3576352 0.3896867 0.3896867 0.5561968 0.3454388 0.2495595 0.5441491 0.4968231 0.5062740 0.5479198 0.4563100 0.4563100 0.4370908 0.4581347 0.4749922 0.4349321 0.6385993 0.4380864 0.6009093 0.3258735 0.5111280 0.4056521 0.5457984 0.2832164 1.0079837 
Diagra_EP00040_Diaphanoeca_grandis_P005573                   0.0000010 0.4087497 0.4087497 0.5984874 0.6099944 0.7056064 0.5377856 0.0000010 0.3419774 0.3419774 0.3419774 0.4349313 0.4444243 0.3885951 0.6834661 0.1017051 0.0473077 0.0473077 0.0000000 0.0473077 0.0722950 0.1017511 0.1454178 0.1725598 0.1202547 0.1202547 0.1217093 0.0000010 0.1262664 0.1544656 0.1065795 0.2553614 0.1031685 0.2561875 0.1262664 0.2424284 0.3449798 0.3449798 0.3449798 0.3167402 0.3167402 0.2266939 0.4185024 0.2911874 0.3278795 0.2576712 0.1932145 0.2230366 0.3449798 0.2710483 0.2710483 0.3075657 0.2710483 0.2679689 0.2679689 1.3211136 0.2949158 0.2970311 0.3552329 0.2679689 0.3390263 0.5599370 0.5431911 0.6045990 0.5361753 0.5701663 0.6688407 0.3548595 0.3199994 0.3199994 1.5046792 0.2852077 0.4528335 0.3449798 0.1262664 0.7132042 1.1193587 0.3746046 0.3746046 0.3727049 0.5699655 0.6174029 1.1886310 2.1502288 1.8987112 5.5708952 0.0000010 2.5815532 0.4975189 0.5365435 0.4839013 0.7185260 
Helnan_EP00037_Helgoeca_nana_P009406                         0.4439416 0.5740420 0.5646585 0.6580490 0.5468543 0.5943464 0.5011371 0.4837580 0.4418555 0.4271846 0.4271846 0.3910881 0.4156444 0.4087958 0.4591723 0.1591123 0.0062138 0.0267869 0.0473077 0.0000000 0.0981928 0.1177174 0.1435560 0.1751496 0.1835468 0.1835468 0.1719748 0.0621300 0.2326442 0.1924854 0.2045794 0.4867193 0.1577724 0.3137324 0.3040650 0.2608583 0.3312337 0.3056325 0.2993462 0.3135761 0.3135761 0.3217685 0.3595394 0.3330640 0.3222576 0.2723230 0.3114428 0.3243993 0.4284379 0.3300223 0.3300223 0.3434418 0.3396699 0.3341398 0.4020291 0.3822255 0.3537852 0.3472847 0.3553264 0.3176137 0.3325301 0.4692704 0.4545242 0.4049736 0.4201861 0.3995657 0.4363277 0.3449874 0.3960256 0.3960256 0.5800167 0.3636254 0.2514134 0.5344743 0.5047051 0.5165187 0.5586375 0.4646734 0.4646734 0.4452165 0.4907104 0.4839022 0.4385199 0.6432578 0.4360814 0.6083957 0.3322543 0.5161706 0.3794345 0.5453100 0.2832164 0.9374860 
Didcos_EP00039_Didymoeca_costata_P009258                     0.4301064 0.5556581 0.5463354 0.6242284 0.5094329 0.5869451 0.4990290 0.4964916 0.4251071 0.4138121 0.4138121 0.3775074 0.3879311 0.3799409 0.4384150 0.1834639 0.0907385 0.1100432 0.0722950 0.0981928 0.0000000 0.1062377 0.1601117 0.2003766 0.1786834 0.1881293 0.1814905 0.1145123 0.2825819 0.1754750 0.1994106 0.4385879 0.1320005 0.3163651 0.3616537 0.2359444 0.3016098 0.2979045 0.2917118 0.3394339 0.3394339 0.3175297 0.3300938 0.3075796 0.3050922 0.2979755 0.2901752 0.3300665 0.4256270 0.3214380 0.3214380 0.3347640 0.3309921 0.3086006 0.3874621 0.3441200 0.3543824 0.3240015 0.3904428 0.3333282 0.3512882 0.4503576 0.4719873 0.4205807 0.4212874 0.3976316 0.4313335 0.3501139 0.3527544 0.3527544 0.6219652 0.3500626 0.2550501 0.5873210 0.5170554 0.5482613 0.5911192 0.4866539 0.4866539 0.4719208 0.5326587 0.5121298 0.4640316 0.6200904 0.4704101 0.5840286 0.3146463 0.5108053 0.3866026 0.5419808 0.2855579 0.8735556 
Saldol_EP00054_Salpingoeca_dolichothecata_P036882            0.3836143 0.5317680 0.5225088 0.5539273 0.4956910 0.5541345 0.4614215 0.4597562 0.3397809 0.3412907 0.3412907 0.3460933 0.3391950 0.3482725 0.4137212 0.1170446 0.1167841 0.1239867 0.1017511 0.1177174 0.1062377 0.0000000 0.1590417 0.1902790 0.1459843 0.1459843 0.1350580 0.1270492 0.2194806 0.1166635 0.1675540 0.4985388 0.1966334 0.3027818 0.2789461 0.1714813 0.2572186 0.2432841 0.2499969 0.2701606 0.2701606 0.2708214 0.2865007 0.2704146 0.2763108 0.2663311 0.2584266 0.3078562 0.3275011 0.2571424 0.2571424 0.2772718 0.2735109 0.2644635 0.3012990 0.3072183 0.2567006 0.2665338 0.2958611 0.2648921 0.2978153 0.4044557 0.4033625 0.3560619 0.3905367 0.3446239 0.3938563 0.3207816 0.3369982 0.3369982 0.4905028 0.3175043 0.2125743 0.4810012 0.4629238 0.5002800 0.5420155 0.4318839 0.4318839 0.4173871 0.5114547 0.4744110 0.4079688 0.5111771 0.4622320 0.5488965 0.3029916 0.4833759 0.3658277 0.4837076 0.2405914 0.9297842 
Microa_EP00043_Microstomoeca_roanoka_P015009                 0.4038787 0.5797431 0.5703167 0.5764421 0.5116545 0.5475447 0.4956685 0.5139864 0.3658084 0.3256053 0.3256053 0.3554231 0.3580221 0.3450483 0.4181238 0.1605526 0.1436001 0.1652314 0.1454178 0.1435560 0.1601117 0.1590417 0.0000000 0.0452398 0.1380110 0.1466686 0.1469678 0.1340543 0.2530452 0.2419729 0.2003722 0.4180265 0.2117251 0.4101352 0.3274279 0.2966926 0.2959491 0.2829140 0.2771395 0.3119498 0.3119498 0.3258578 0.3248056 0.3041112 0.2892236 0.2685326 0.2924497 0.3385426 0.3818316 0.2932583 0.2932583 0.3095113 0.3058090 0.3009861 0.3748320 0.3483087 0.3420616 0.3333896 0.3691964 0.3098900 0.3267677 0.4185663 0.4238938 0.4148010 0.4197040 0.3888185 0.4281287 0.3514009 0.3785026 0.3785026 0.6031984 0.3247368 0.2542377 0.5219333 0.5054640 0.5370157 0.5795911 0.4665781 0.4665781 0.4523044 0.5109196 0.5122815 0.4379484 0.5522745 0.4492584 0.5594663 0.3093507 0.5818184 0.4044132 0.5342475 0.2048757 1.0537156 
Sros_EGD81649                                                0.3865546 0.5433368 0.5340473 0.5845987 0.4938016 0.5499594 0.5132704 0.4969997 0.3693450 0.3480591 0.3480591 0.3462767 0.3519133 0.3269057 0.4127996 0.2093706 0.1751835 0.1973310 0.1725598 0.1751496 0.2003766 0.1902790 0.0452398 0.0000000 0.1817980 0.1915304 0.1916570 0.1525915 0.2673820 0.2803116 0.2478498 0.4382119 0.2428200 0.4514094 0.3119740 0.3409934 0.3117148 0.3090617 0.3193618 0.2983367 0.2983367 0.2943384 0.3097423 0.2808863 0.2839202 0.2699980 0.3008192 0.3332692 0.3912040 0.3046658 0.3046658 0.3181066 0.3144361 0.3094980 0.3849892 0.3891050 0.3384276 0.3305998 0.3980383 0.2960240 0.3545112 0.4264797 0.4299096 0.4262623 0.4298173 0.4009889 0.4406738 0.3810744 0.4020912 0.4020912 0.6404589 0.3786465 0.2287041 0.5108024 0.5248390 0.5374257 0.5805758 0.4879514 0.4879514 0.4713079 0.5424768 0.5338301 0.4816387 0.5300812 0.4488467 0.6428252 0.3645699 0.6374311 0.4281244 0.5630733 0.2273111 0.9696703 
Chofle_EP00730_Choanoeca_flexa_P017694                       0.4542774 0.5911996 0.5815949 0.5984550 0.5387829 0.5890488 0.5209346 0.6365101 0.3749374 0.3550046 0.3550046 0.4127651 0.4042164 0.3822160 0.4331857 0.1424654 0.1785853 0.1886576 0.1202547 0.1835468 0.1786834 0.1459843 0.1380110 0.1817980 0.0000000 0.0061951 0.0583936 0.1748671 0.2379180 0.1642679 0.2270484 0.4955608 0.1839774 0.3515518 0.3696950 0.2520746 0.2755702 0.2792561 0.2734884 0.3400670 0.3400670 0.3329105 0.3445578 0.3195227 0.2933855 0.3003584 0.2741450 0.3281814 0.3734964 0.3268432 0.3268432 0.3490668 0.3452460 0.3153241 0.4060544 0.3702466 0.3633049 0.3193530 0.3517322 0.3159391 0.3053821 0.3918212 0.4459447 0.4650677 0.4117004 0.4071628 0.4404248 0.3465259 0.3883781 0.3883781 0.6044382 0.3483689 0.2182781 0.5460532 0.5480988 0.4931120 0.5346992 0.4346672 0.4346672 0.4152543 0.4691409 0.4723913 0.4036538 0.5698764 0.4583199 0.6083486 0.3774689 0.5357866 0.4245618 0.5395035 0.2617743 1.0499238 
Choper_EP00045_Choanoeca_perplexa_P006841                    0.4542774 0.6022623 0.5925082 0.6096647 0.5490861 0.6006904 0.5305402 0.6524191 0.3788165 0.3586407 0.3586407 0.4169946 0.4083683 0.3861224 0.4331857 0.1510866 0.1785853 0.1886576 0.1202547 0.1835468 0.1881293 0.1459843 0.1466686 0.1915304 0.0061951 0.0000000 0.0588567 0.1748671 0.2285408 0.1737432 0.2372662 0.5103759 0.1839774 0.3515518 0.3856794 0.2544503 0.2868615 0.2820589 0.2761988 0.3463015 0.3463015 0.3276091 0.3583816 0.3311909 0.3045939 0.3116687 0.2855345 0.3401296 0.3841391 0.3391267 0.3391267 0.3615919 0.3577691 0.3273742 0.4145172 0.3881370 0.3698457 0.3251578 0.3582394 0.3159391 0.2953033 0.3864359 0.4430698 0.4682061 0.4247575 0.4202681 0.4539069 0.3351168 0.3765781 0.3765781 0.6161490 0.3483689 0.2182781 0.5460532 0.5480988 0.4789303 0.5200653 0.4228433 0.4228433 0.4036885 0.4542859 0.4597910 0.3911697 0.5765639 0.4642378 0.6256503 0.3704338 0.5217244 0.4366590 0.5447248 0.2617743 1.0809551 
Mbre_EDQ90906                                                0.4534854 0.5841002 0.5745621 0.6236135 0.5629299 0.6199224 0.5243708 0.5963085 0.3319280 0.3038736 0.3038736 0.3591977 0.3806182 0.3690946 0.4177698 0.1500435 0.1697462 0.1768134 0.1217093 0.1719748 0.1814905 0.1350580 0.1469678 0.1916570 0.0583936 0.0588567 0.0000000 0.1717082 0.2293350 0.1660370 0.2161351 0.4447829 0.1570528 0.3191721 0.3587552 0.2427562 0.2801314 0.2626338 0.2571994 0.3093106 0.3093106 0.2923958 0.3408453 0.3073508 0.2921973 0.3038063 0.2822606 0.3307861 0.3812838 0.2920909 0.2920909 0.3127539 0.3090683 0.3057959 0.3439870 0.3642962 0.3374580 0.3158986 0.3116926 0.3145098 0.2775000 0.4023126 0.4093502 0.4133749 0.4118745 0.3677422 0.4190648 0.3422129 0.3496422 0.3496422 0.5501218 0.3160788 0.2305720 0.5469069 0.5258940 0.5015578 0.5434918 0.4519573 0.4519573 0.4321482 0.4721416 0.4908749 0.3907983 0.5091349 0.4267183 0.5808619 0.3202182 0.5216885 0.3941399 0.5291337 0.2653475 1.0103182 
Diagra_EP00040_Diaphanoeca_grandis_P005572                   0.4318782 0.6250393 0.6122227 0.5689034 0.4125190 0.5121043 0.4173291 0.4409355 0.3947282 0.3897318 0.3897318 0.3598733 0.3653962 0.3180904 0.3474682 0.1594248 0.0528558 0.0716225 0.0000010 0.0621300 0.1145123 0.1270492 0.1340543 0.1525915 0.1748671 0.1748671 0.1717082 0.0000000 0.2933329 0.2024250 0.2241712 0.5072951 0.0000010 0.0000010 0.4316837 0.2267421 0.2629382 0.2341968 0.2276477 0.3138768 0.3138768 0.2950428 0.2474599 0.2474599 0.2509728 0.2338357 0.2800607 0.3304318 0.3844629 0.3168816 0.3168816 0.3212851 0.3297335 0.3331282 0.4181639 0.3631990 0.3619452 0.3401741 0.3325835 0.2701145 0.2838784 0.3399537 0.3520016 0.3431918 0.3806334 0.3255823 0.3512929 0.3215987 0.3865984 0.3865984 0.3547555 0.3650288 0.1270440 0.5456250 0.7649259 0.4560359 0.4446806 0.4563036 0.4563036 0.4325614 0.4462147 0.4325614 0.2838784 0.3947282 0.3591379 0.2363198 0.3275375 0.2531358 0.3638250 0.5125441 0.0347940 1.1296770 
Salinf_EP00049_Salpingoeca_infusionum_P003480                0.4817059 0.6540695 0.6441071 0.6817519 0.6604917 0.6993760 0.5752977 0.6129243 0.4825598 0.4701936 0.4701936 0.4747651 0.4819956 0.4353247 0.4197116 0.2250443 0.2418983 0.2458841 0.1262664 0.2326442 0.2825819 0.2194806 0.2530452 0.2673820 0.2379180 0.2285408 0.2293350 0.2933329 0.0000000 0.2919306 0.2823948 0.5620876 0.1862793 0.3466971 0.1803538 0.3274433 0.4260191 0.3731999 0.3813144 0.3869464 0.3869464 0.3678168 0.3935119 0.3516777 0.3702971 0.3575451 0.3734648 0.3716449 0.5088624 0.4204540 0.4204540 0.4445040 0.4405702 0.4264774 0.5199851 0.5355556 0.3857759 0.4254802 0.4295260 0.3331521 0.3927750 0.5017356 0.5413456 0.5336982 0.5811530 0.5590206 0.6141039 0.3894592 0.4530616 0.4530616 0.6588389 0.3716177 0.2865874 0.5753420 0.3122845 0.5385865 0.5900966 0.4796200 0.4796200 0.4756859 0.5125563 0.5184879 0.5384068 0.6989288 0.5443115 0.7364845 0.4857070 0.6982144 0.5724395 0.6330217 0.2671761 1.1278275 
Salurc_EP00051_Salpingoeca_urceolata_P032350                 0.4147696 0.5874516 0.5776212 0.5919942 0.5819774 0.6607433 0.5463700 0.5200649 0.4058698 0.3949624 0.3949624 0.4293869 0.4535124 0.4138151 0.4720210 0.1674047 0.1873512 0.1947123 0.1544656 0.1924854 0.1754750 0.1166635 0.2419729 0.2803116 0.1642679 0.1737432 0.1660370 0.2024250 0.2919306 0.0000000 0.1907131 0.4919452 0.1572742 0.2300218 0.3613905 0.1898339 0.2964974 0.2998607 0.3092319 0.3223220 0.3223220 0.2757490 0.2860192 0.2604520 0.2855663 0.2955529 0.3055128 0.3209349 0.4013820 0.2904391 0.2904391 0.3108661 0.2882060 0.2980537 0.3557696 0.3750875 0.3180304 0.2996797 0.3017408 0.3112525 0.3187873 0.4617891 0.4762920 0.3793585 0.3996136 0.3338735 0.3848659 0.3719727 0.3494324 0.3494324 0.5341274 0.3497888 0.2377371 0.5023609 0.5341667 0.5049961 0.5467091 0.4544883 0.4544883 0.4348554 0.5209565 0.4931340 0.4574051 0.5964484 0.4947703 0.5761321 0.3613264 0.5428323 0.3796642 0.5227539 0.2192232 1.0484676 
Salkve_EP00050_Salpingoeca_kvevrii_P002475                   0.5248350 0.7385026 0.7275637 0.7368861 0.6451828 0.6979740 0.6167340 0.5952157 0.4749289 0.4520258 0.4520258 0.4793006 0.5010698 0.4520148 0.5319757 0.1934743 0.2032357 0.2053168 0.1065795 0.2045794 0.1994106 0.1675540 0.2003722 0.2478498 0.2270484 0.2372662 0.2161351 0.2241712 0.2823948 0.1907131 0.0000000 0.4872120 0.1355358 0.2336953 0.3831235 0.2095778 0.3375415 0.2944139 0.2884049 0.3863425 0.3863425 0.3448963 0.3080341 0.3107251 0.3424518 0.3422956 0.3527512 0.3732447 0.4384597 0.3227658 0.3227658 0.3438937 0.3205579 0.3277665 0.3967263 0.4046185 0.3688608 0.3578447 0.4298825 0.3469587 0.3552602 0.4996599 0.4719992 0.4086373 0.4054159 0.3713333 0.4246460 0.4431841 0.4015250 0.4015250 0.6826018 0.3807151 0.3114470 0.5662305 0.6185358 0.6003895 0.6469113 0.5573667 0.5573667 0.5412922 0.5825024 0.6122328 0.4718099 0.6588129 0.4995359 0.2939214 0.3414199 0.5928022 0.4320579 0.5988931 0.2707660 1.2921805 
Mylflu_EP00047_Mylnosiga_fluctuans_P002249                   0.6162638 0.8235052 0.8118666 0.8241659 0.7657425 0.8006303 0.7716518 0.8432339 0.6970101 0.6964881 0.6964881 0.6460607 0.6775692 0.6434952 0.6945848 0.5071934 0.4813749 0.4898877 0.2553614 0.4867193 0.4385879 0.4985388 0.4180265 0.4382119 0.4955608 0.5103759 0.4447829 0.5072951 0.5620876 0.4919452 0.4872120 0.0000000 0.1287673 0.1768337 0.5993244 0.4724444 0.5640343 0.5736571 0.5486947 0.6665883 0.6665883 0.6027690 0.5874944 0.5469420 0.5301885 0.4963375 0.6154386 0.6220778 0.6690216 0.5839082 0.5839082 0.6065551 0.5510999 0.5512749 0.6702198 0.7878731 0.5947236 0.5802675 0.6169646 0.4604268 0.6272471 0.7373604 0.7359062 0.6521589 0.6409082 0.6212161 0.6534811 0.6812594 0.6761747 0.6761747 0.9214266 0.5055672 0.4433326 0.7481819 0.9024172 0.8139736 0.8619339 0.7472171 0.7472171 0.7517868 0.7939213 0.8427196 0.8214589 0.9224363 0.8530878 1.0130418 0.4793946 0.7661350 0.7062298 0.7319921 0.3197797 1.3909173 
Salpun_EP00053_Salpingoeca_punica_P007300                    0.0000010 0.4704923 0.4704923 0.6189058 0.5908438 0.6900042 0.6164854 0.0000010 0.3594649 0.3594649 0.3594649 0.4195320 0.4291544 0.3252518 0.6711642 0.1657321 0.1577724 0.1577724 0.1031685 0.1577724 0.1320005 0.1966334 0.2117251 0.2428200 0.1839774 0.1839774 0.1570528 0.0000010 0.1862793 0.1572742 0.1355358 0.1287673 0.0000000 0.1434847 0.1862793 0.2015959 0.3340196 0.3340196 0.3340196 0.3593664 0.3593664 0.2311336 0.3324452 0.2966052 0.2611848 0.3045400 0.2232181 0.2535133 0.3340196 0.2286746 0.2286746 0.2626146 0.2286746 0.2262851 0.2262851 1.3211136 0.2521389 0.2539976 0.3095961 0.2262851 0.3067600 0.5274616 0.4655168 0.4505344 0.3888646 0.4197176 0.5051365 0.3609036 0.3612060 0.3612060 1.6014506 0.3718954 0.3563139 0.3340196 0.1862793 0.8475858 1.1836257 0.5257761 0.5257761 0.5224900 0.7696300 0.8324252 1.3808548 1.8661573 1.8987112 3.8236029 0.0000010 2.3145212 0.3890101 0.5665547 0.4180558 0.8205067 
Mylflu_EP00047_Mylnosiga_fluctuans_P010827                   0.0000010 0.7692804 0.7692804 0.9783204 0.9582615 1.1087229 0.9857429 0.0000010 0.4948378 0.4948378 0.4948378 0.5691614 0.5809875 0.4587960 0.8626153 0.2368772 0.3137324 0.3137324 0.2561875 0.3137324 0.3163651 0.3027818 0.4101352 0.4514094 0.3515518 0.3515518 0.3191721 0.0000010 0.3466971 0.2300218 0.2336953 0.1768337 0.1434847 0.0000000 0.3466971 0.3079245 0.3843184 0.3843184 0.3843184 0.4877680 0.4877680 0.3415516 0.5076494 0.4128739 0.3734788 0.4610931 0.3953271 0.4307137 0.3843184 0.3367895 0.3367895 0.3743093 0.3367895 0.3328188 0.3328188 7.4323828 0.3622931 0.3618258 0.4020781 0.3328188 0.4080043 0.6828087 0.6147600 0.5989277 0.5250468 0.5590697 0.6579301 0.5579994 0.4606252 0.4606252 1.8772366 0.3499246 0.4661567 0.3843184 0.3466971 0.7894058 1.1040417 0.5401764 0.5401764 0.5369723 0.9515161 0.8562037 1.1878524 2.3153918 4.0012179 5.2224808 0.0000010 2.6165237 0.7980400 0.6860448 0.5764663 1.0401287 
Salinf_EP00049_Salpingoeca_infusionum_P003479                0.8826533 0.6793078 0.6653052 0.6974937 0.7498133 0.7814186 0.6657578 0.7264407 0.4930740 0.4738132 0.4738132 0.5145930 0.5370536 0.4807003 0.5402822 0.2842181 0.3040650 0.2954288 0.1262664 0.3040650 0.3616537 0.2789461 0.3274279 0.3119740 0.3696950 0.3856794 0.3587552 0.4316837 0.1803538 0.3613905 0.3831235 0.5993244 0.1862793 0.3466971 0.0000000 0.4828529 0.5009004 0.5354120 0.5420911 0.5028149 0.5028149 0.4435130 0.6009100 0.4911851 0.4854177 0.4589923 0.4590823 0.4665616 0.5149620 0.4833963 0.4833963 0.5130061 0.4995229 0.4677019 0.6357090 0.6879519 0.4285282 0.4610550 0.5520184 0.3169638 0.5373636 0.7007206 0.7434133 0.6710465 0.6411840 0.6403825 0.6931601 0.5365277 0.5998447 0.5998447 0.9395063 0.4113535 0.3358169 0.4930234 0.1779477 0.8056804 0.8837642 0.6885149 0.6885149 0.6962158 0.7794290 0.7805525 0.8352593 0.8391753 0.8046576 1.2554062 0.6027842 1.1148994 0.6522517 0.7401264 0.2671761 1.3157924 
Salmac_EP00052_Salpingoeca_macrocollata_P033620              0.3851848 0.6068187 0.5969728 0.6060272 0.5538843 0.6286620 0.5331364 0.4823608 0.4032881 0.4250210 0.4250210 0.4606272 0.4314383 0.4707763 0.4174452 0.2048571 0.2594291 0.2669272 0.2424284 0.2608583 0.2359444 0.1714813 0.2966926 0.3409934 0.2520746 0.2544503 0.2427562 0.2267421 0.3274433 0.1898339 0.2095778 0.4724444 0.2015959 0.3079245 0.4828529 0.0000000 0.2987308 0.2956840 0.2638668 0.3998943 0.3998943 0.3306737 0.2407644 0.2561357 0.3003821 0.3055639 0.3132500 0.3280600 0.4045746 0.2999270 0.2999270 0.3219958 0.2975480 0.3210557 0.3775539 0.4142880 0.3432951 0.3272355 0.3305800 0.2829500 0.3144615 0.4375910 0.4577790 0.3707390 0.4195613 0.3465950 0.4031704 0.4367537 0.3894886 0.3894886 0.5423911 0.4071939 0.2539216 0.5225975 0.6284335 0.4901588 0.5271207 0.4831145 0.4831145 0.4724134 0.4788831 0.5263601 0.4064603 0.5300890 0.4813317 0.5824535 0.3936960 0.5388301 0.4045541 0.4785390 0.2864515 1.0567024 
Lcom_lcpid64915                                              0.3851177 0.5389764 0.5300316 0.5083902 0.5102409 0.5714552 0.4760748 0.5743751 0.3313954 0.3187435 0.3187435 0.3681772 0.3596540 0.3657915 0.3768446 0.3001600 0.3271812 0.3283063 0.3449798 0.3312337 0.3016098 0.2572186 0.2959491 0.3117148 0.2755702 0.2868615 0.2801314 0.2629382 0.4260191 0.2964974 0.3375415 0.5640343 0.3340196 0.3843184 0.5009004 0.2987308 0.0000000 0.0915326 0.1050760 0.2447482 0.2447482 0.2695896 0.2818066 0.2494465 0.2569075 0.2200380 0.2798648 0.2922754 0.1937284 0.2056468 0.2056468 0.2173305 0.2216483 0.2132582 0.2519647 0.3004696 0.2304630 0.2024463 0.2671995 0.1913374 0.2146781 0.2931709 0.3262056 0.2773243 0.3028035 0.2453154 0.3055393 0.3201276 0.2975963 0.2975963 0.4725267 0.4858515 0.1111432 0.3238280 0.6420531 0.5001291 0.5473155 0.4652882 0.4652882 0.4486444 0.5187333 0.5096131 0.3589687 0.4753827 0.4244212 0.7427675 0.5250049 0.7210136 0.3430488 0.4934468 0.1847081 0.9177830 
Gracom_Gcom_C539158_01                                       0.3851177 0.5161784 0.5072362 0.5101702 0.4600390 0.5630822 0.4200308 0.5289180 0.3008087 0.3117325 0.3117325 0.3334010 0.3303594 0.2967228 0.3637258 0.2595664 0.2991019 0.2976111 0.3449798 0.3056325 0.2979045 0.2432841 0.2829140 0.3090617 0.2792561 0.2820589 0.2626338 0.2341968 0.3731999 0.2998607 0.2944139 0.5736571 0.3340196 0.3843184 0.5354120 0.2956840 0.0915326 0.0000000 0.0186877 0.1998213 0.1998213 0.2200703 0.2368555 0.2114667 0.2202743 0.2131508 0.2348424 0.2614525 0.1641968 0.2109860 0.2109860 0.2218729 0.2264009 0.2136827 0.2487021 0.3072488 0.2432883 0.2240874 0.2787598 0.1913374 0.1721885 0.2865557 0.2750066 0.2443000 0.3218413 0.2533408 0.3015773 0.2780494 0.2643758 0.2643758 0.4965448 0.4716292 0.1111432 0.2669837 0.6403378 0.4250758 0.4846166 0.3966820 0.3966820 0.4009432 0.4308693 0.4553502 0.2994606 0.4379590 0.3822281 0.6725724 0.4226642 0.6608916 0.3414853 0.4659030 0.1847081 0.8998667 
Leuniv_Lniv_C796490_01                                       0.3656538 0.4924368 0.4835950 0.5202420 0.4586220 0.5539549 0.4481161 0.5262189 0.2904982 0.3004299 0.3004299 0.3216055 0.3186101 0.2855064 0.3504322 0.2614597 0.2929839 0.2915435 0.3449798 0.2993462 0.2917118 0.2499969 0.2771395 0.3193618 0.2734884 0.2761988 0.2571994 0.2276477 0.3813144 0.3092319 0.2884049 0.5486947 0.3340196 0.3843184 0.5420911 0.2638668 0.1050760 0.0186877 0.0000000 0.2057955 0.2057955 0.2259756 0.2401466 0.2146422 0.2257393 0.2163461 0.2379596 0.2700858 0.1722991 0.2148994 0.2148994 0.2257195 0.2302375 0.2176652 0.2530229 0.3121264 0.2471527 0.2308215 0.2697910 0.2020701 0.1613137 0.2940297 0.2833832 0.2619060 0.3287232 0.2598690 0.3083123 0.2813363 0.2750193 0.2750193 0.4860209 0.4645110 0.1198878 0.2669837 0.6544123 0.4667881 0.5110861 0.4228574 0.4228574 0.4132591 0.4435417 0.4688584 0.2835209 0.4244790 0.3663686 0.6599530 0.4061319 0.6752413 0.3494836 0.4841740 0.1847081 0.8711881 
Spur_XM_786600.5                                             0.4510898 0.5781271 0.5686053 0.5674387 0.5316737 0.6118241 0.4460952 0.5363185 0.3814911 0.3753250 0.3753250 0.3633488 0.3830376 0.3247937 0.4245275 0.3417900 0.3134836 0.3139271 0.3167402 0.3135761 0.3394339 0.2701606 0.3119498 0.2983367 0.3400670 0.3463015 0.3093106 0.3138768 0.3869464 0.3223220 0.3863425 0.6665883 0.3593664 0.4877680 0.5028149 0.3998943 0.2447482 0.1998213 0.2057955 0.0000000 0.0000010 0.1463393 0.2961128 0.2391475 0.2453310 0.2695275 0.2773073 0.2861337 0.3248413 0.2427554 0.2427554 0.2468860 0.2516906 0.2449764 0.2640701 0.3467227 0.2290823 0.2399212 0.2849290 0.2237846 0.2551594 0.3125787 0.3078235 0.3037804 0.3440574 0.3242442 0.3700207 0.2316456 0.2585801 0.2585801 0.4991241 0.5073454 0.1622095 0.3910673 0.6705223 0.5369749 0.5838621 0.4500978 0.4500978 0.4472708 0.5594044 0.5088041 0.3970287 0.5456864 0.3809658 0.8368438 0.5498447 0.7548477 0.3343158 0.5417074 0.2334045 1.0089117 
