85
Salurc_EP00051_Salpingoeca_urceolata_P000665           0.0000000 0.3655911 2.7335427 2.4733522 1.1605978 2.6106366 2.2676256 1.4275432 7.3231929 5.1182188 1.2928929 2.6736129 2.1083125 2.5907068 1.2926476 2.5488932 2.6040344 8.9999983 2.8238032 4.8462779 2.3088703 1.0871666 2.9095331 2.0646771 3.2641442 6.2339623 2.8315741 3.0619581 3.0156569 2.6895967 3.6101319 3.5966943 3.7851981 1.7382020 3.9606358 4.1364217 4.1364217 3.5093327 3.9707181 1.5305190 1.5305190 1.5305190 3.3348774 1.9802805 1.6006239 1.4065972 1.4065972 1.2577063 1.2577063 9.0000000 9.0000000 8.8767857 1.7166765 7.4116186 1.4414328 3.8561711 3.3811071 8.9999982 2.3874557 7.3205678 2.6576972 2.6576972 1.9218852 2.8723554 3.4384123 2.4926371 2.5323074 3.3249991 1.3497612 4.7108655 1.2461530 2.0460772 2.3874148 3.0261937 1.5206370 3.4500022 1.2806262 2.2062269 3.2863681 6.5820835 3.1857952 2.7471114 4.4811581 2.1800590 4.3084539 
Salurc_EP00051_Salpingoeca_urceolata_P000664           0.3655911 0.0000000 2.4124068 2.2734476 1.7072475 2.5968545 2.5770728 1.8216982 3.2871692 2.1141333 2.3702843 2.4723354 2.5017365 2.4052280 1.7197441 2.3411596 2.4009481 2.6337783 2.3252498 2.5745869 2.4354722 1.7521177 2.7605351 2.1046414 2.6543979 2.7437434 2.6601187 2.6771921 2.8661140 2.7181119 2.7980596 2.8745322 3.0092034 1.7877607 2.8563919 2.9598371 2.9598371 3.0950976 2.8894287 2.0331279 2.0668753 2.1928624 2.5352555 2.1868728 2.3142989 1.8471629 1.8471629 1.8101349 1.8101349 2.0526653 2.0526653 2.0017200 2.2845742 3.6007941 2.3193792 2.8225946 2.6453634 2.5997067 2.1879256 3.0955598 2.5746383 2.4112295 2.2001975 2.6032521 3.5284899 3.0157660 3.0166749 2.8791367 1.7539671 2.7965616 1.9281296 2.2936660 2.6239535 2.7654151 2.1934163 2.7808237 2.3919826 3.2964856 3.3304716 3.3668745 3.0343001 2.8965794 4.3064846 3.7852546 4.5917333 
Bralan_BLAG08000871_3                                  2.7335427 2.4124068 0.0000000 0.9225843 0.6902413 1.0340156 0.8669738 0.6501747 1.9479523 0.9038235 0.9774205 0.8690286 1.0044467 1.4793634 0.9375735 1.4499869 1.4675055 1.6859849 1.4849248 1.5184788 1.5166629 1.0386604 1.6952627 1.4078192 1.6269781 1.8670814 1.8391920 1.9720454 2.0463106 2.0621607 2.4241032 2.4814154 2.4813048 1.6353946 2.3291312 2.3642432 2.3642432 2.3275422 2.3794502 1.6836613 1.6698408 1.9532311 2.3995070 1.7412206 1.7956837 1.6191277 1.6191277 1.4879128 1.4879128 1.9860407 1.9860407 1.7854359 2.3492779 3.6554422 1.8675141 2.3548440 2.2604813 2.4168842 2.3924793 3.5393609 2.2515826 2.1952834 2.2291839 2.5291786 3.6133645 3.4959913 3.2787304 2.9625138 2.1655928 3.1275459 2.1066585 2.5049048 2.7729105 2.8951566 2.8015951 2.7655280 2.5170523 3.1996168 2.6072759 2.6580252 3.9689102 3.9465398 4.1597353 3.4666222 4.3264421 
Acagra_model.g21000.t1_model.g21001.t1                 2.4733522 2.2734476 0.9225843 0.0000000 0.3078598 0.5228086 0.6799654 0.6159567 1.6659720 0.7243706 1.0201680 0.9879742 0.9993179 1.4920701 1.1304100 1.4716702 1.5006497 1.5956367 1.5356879 1.5632150 1.5662108 1.1511715 1.6516116 1.3769642 1.5690068 1.6279102 1.7693023 1.8318726 2.0800591 2.0152124 2.2746653 2.3167524 2.2368361 1.5219129 2.1733327 2.1616950 2.1616950 2.3461940 2.2910819 1.8821455 1.8505009 2.2936465 2.5088645 2.0157285 2.1349777 1.7964317 1.7964317 1.7682619 1.7682619 1.9925376 1.9925376 1.9585386 2.4276595 3.7887668 2.0528411 2.4873990 2.3596619 2.6686375 2.1751035 3.0510491 2.2530046 2.1477672 2.0578855 2.5082395 3.3508006 3.1296323 3.2448248 2.9161008 1.8247946 2.8643461 2.0492653 2.3123530 2.8097937 2.8884232 2.4323090 2.9641715 2.8299153 3.1705261 2.5953490 2.7320058 3.6195050 3.8917874 4.0779612 3.7477560 4.0358039 
Ctel_gnl_WGS_AMQN_CAPTEDRAFT_mRNA90348                 1.1605978 1.7072475 0.6902413 0.3078598 0.0000000 0.4557180 0.6760990 0.6306244 0.7076782 0.6915115 0.7690450 0.8043114 0.8902701 0.9883170 1.0006574 1.0056897 0.9722141 0.9423227 1.0114100 1.1206910 1.0427641 1.0504531 1.3423078 1.2917112 1.2644350 1.2691130 1.3466569 1.5058919 1.4902878 1.4216347 1.5783255 1.5873359 1.5993734 1.5734753 1.5545914 1.5797153 1.5797153 1.9629096 1.7677574 1.7454813 1.8704431 2.2036283 1.8601989 1.7665438 2.0898131 1.6931553 1.6931553 1.6931553 1.6931553 1.9252140 1.9252140 1.9252140 1.7986743 2.0585149 2.1434361 1.7213172 1.8239237 1.1670562 1.5479154 3.7553184 1.6956853 1.6956853 1.8139757 2.0433856 2.3087553 2.3219225 2.1276558 1.9649302 1.9333421 2.0859458 2.1991650 1.6058776 1.9715403 1.8945161 1.9718949 2.2364111 2.5458187 3.1403484 2.2862436 2.5265758 2.5881260 2.6249877 4.3558464 4.2059844 4.0651473 
Cgig_XM_011434949.3                                    2.6106366 2.5968545 1.0340156 0.5228086 0.4557180 0.0000000 0.8073025 0.6689528 1.8196506 0.9297733 1.3483356 1.1569468 1.1995519 1.6584690 1.1758202 1.6040290 1.6454481 1.9162861 1.7088084 1.7353582 1.6774516 1.1814818 1.8231695 1.5907509 1.7960179 1.8800179 1.8902480 2.1118857 2.1429863 2.1425477 2.1856536 2.2222923 2.3464327 1.4334260 2.1816404 2.2285262 2.2285262 2.2488272 2.3695450 1.9028925 1.9183863 2.0133829 2.6154335 1.9607973 1.9714281 1.7700115 1.7700115 1.6999900 1.6999900 1.9959597 1.9959597 1.8960046 2.5804737 3.9957633 1.9619059 2.6361600 2.4866143 2.8393034 2.5458310 3.7795488 2.2945022 2.1391092 2.1154432 2.7156557 3.8359480 3.4156884 3.6538342 3.1068553 2.0508883 3.0579501 2.0262029 2.3794479 2.8828531 2.8971018 2.3465357 2.7829588 2.7251207 3.3141493 2.4145912 2.5311915 3.7513942 3.9099716 3.5752661 3.7229267 3.9361561 
Cscu_XM_023356496.1                                    2.2676256 2.5770728 0.8669738 0.6799654 0.6760990 0.8073025 0.0000000 0.3681421 1.1861075 0.5064312 1.0897603 1.0470988 1.0089293 1.4450385 1.0780892 1.4221089 1.4649700 1.6881900 1.4910428 1.5048193 1.4548330 1.1086623 1.6517608 1.4087310 1.5860411 1.6040099 1.6687573 1.8446942 1.8829434 1.9053254 2.2361181 2.3367115 2.2173736 1.4233934 2.2253612 2.2538629 2.2538629 2.1567720 2.3580519 1.6729952 1.7505315 1.9379272 2.4490667 1.7788476 1.8516947 1.8179037 1.8179037 1.7005830 1.7005830 2.1874262 2.1874262 2.0107511 2.3367093 3.6979515 1.8058718 2.4175165 2.4145324 2.4334854 2.4154825 3.8784079 2.2592638 2.1632882 2.3016178 2.6490047 3.6672551 3.2686767 3.2271216 3.0958107 2.0000685 3.0124671 2.0547393 2.4033875 2.9121080 2.8520030 2.5007553 2.7484151 2.5869836 3.0916657 2.7059266 2.8099355 3.7429166 3.8663852 4.0491089 3.4559132 3.8079161 
Dpul_mRNA1976                                          1.4275432 1.8216982 0.6501747 0.6159567 0.6306244 0.6689528 0.3681421 0.0000000 0.2564105 0.4508746 0.7596436 0.7440027 0.8275878 0.9708257 0.9770757 0.9791018 0.9599294 0.9274171 0.9823273 1.0976573 0.9671544 0.9384718 1.2388945 1.2485125 1.1893864 1.2657866 1.2187734 1.4533467 1.3973571 1.2940473 1.4300893 1.4244286 1.4195606 1.4099204 1.4124375 1.4264101 1.4264101 1.8352582 1.7684124 1.6494069 1.7776579 2.0861608 1.7768289 1.7805529 2.0466568 1.6595841 1.6595841 1.6595841 1.6595841 1.8977934 1.8977934 1.8977934 1.7459533 1.9192904 1.9681717 1.6981517 1.7687282 1.1721792 1.5682466 3.7149135 1.6149641 1.6021207 1.8749113 1.8096003 2.4496429 2.4251079 1.9254038 1.8927088 1.8416862 1.9794742 1.9093854 1.7067374 2.0622512 1.8371553 1.9328951 1.9190387 2.5549087 3.1964295 2.2625642 2.3570979 2.2394843 2.5122826 3.7268910 3.2679548 3.7179500 
Tcas_TC032353_002                                      7.3231929 3.2871692 1.9479523 1.6659720 0.7076782 1.8196506 1.1861075 0.2564105 0.0000000 0.5208022 1.5745424 2.1135962 2.1283245 2.6926442 1.1942018 2.5481944 2.7495264 3.4292891 2.6456824 2.5858856 2.5707440 1.0934207 2.9310494 1.6310018 2.8833205 2.8254334 3.1188815 3.1041139 3.2124972 3.0856198 2.8415331 2.8583505 2.8989634 1.5335906 2.7884123 2.7967812 2.7967812 3.1843265 3.3929011 1.8053271 1.8915193 2.4087228 3.3404219 1.9912226 2.2323744 1.8135159 1.8135159 1.7607581 1.7607581 1.8526131 1.8526131 1.7815021 2.7686680 3.4003900 2.0941775 3.5263291 3.7909047 2.3538937 3.3048730 8.0260605 3.0568544 2.8692858 2.5220768 2.6323747 4.1133778 3.9430881 3.7747545 3.8330485 2.1922334 3.6808988 2.3045456 2.3796195 3.8888787 3.6538376 2.7242677 3.1713562 3.0340377 4.2424136 4.1226414 3.7870419 3.9768310 4.1866816 5.8427608 3.7683979 6.0522196 
Cscu_XM_023372644.1                                    5.1182188 2.1141333 0.9038235 0.7243706 0.6915115 0.9297733 0.5064312 0.4508746 0.5208022 0.0000000 0.8621935 0.9257237 1.0599563 1.1262531 1.0160748 1.1523913 1.1106547 1.1735665 1.1073345 1.1136356 1.2464548 1.0556504 1.2804867 1.1883462 1.2382861 1.1515841 1.3513383 1.5106271 1.6849308 1.4780832 1.6660155 1.6710744 1.7640417 1.5458806 1.7287238 1.6382983 1.6382983 1.9484575 1.9272685 1.6835625 1.6881234 1.7824601 2.0789336 1.7249955 1.8595007 1.7466005 1.7466005 1.6594130 1.6594130 1.7968183 1.7968183 1.6798364 1.8623907 1.9279430 1.8627179 1.9862043 2.0126991 1.4590767 1.9396573 3.5632658 2.1495154 2.1306346 2.0399507 1.9966734 2.7682323 2.7810248 2.6645106 2.3372307 1.7821526 2.0787703 2.0762952 2.0318642 2.3523221 2.3481114 2.1434009 2.1727799 2.7613223 3.8918921 2.5186258 2.3116496 3.1343861 3.0814253 4.0969096 3.7492709 4.1191771 
Skow_XM_006817471.1                                    1.2928929 2.3702843 0.9774205 1.0201680 0.7690450 1.3483356 1.0897603 0.7596436 1.5745424 0.8621935 0.0000000 1.1573524 1.1174667 1.4966944 1.0713071 1.4631725 1.4993586 1.8933949 1.5286316 1.6405251 1.6677126 1.1440999 1.8316279 1.5308943 1.7898886 1.9802421 1.9980160 2.0409739 1.9406694 1.7466131 2.1833792 2.2057142 2.1857489 1.5331532 2.1543180 2.2553709 2.2553709 2.2392403 2.2060365 1.8737124 1.7817639 2.0358051 2.3794692 1.8041926 1.9594801 1.6070680 1.6070680 1.5851564 1.5851564 1.8294203 1.8294203 1.7954268 2.2521798 2.9488643 1.8234481 2.3732388 2.4382501 2.1937388 2.1197431 4.7477854 2.1141950 2.0033276 2.0313334 2.2935525 2.9097600 2.8682456 2.4582308 2.4407909 2.0935230 2.8003482 2.1555728 2.2398075 2.5634880 2.9719362 2.6830726 2.2648855 2.7291107 3.2201823 2.6328055 2.6027829 3.1235343 3.3068209 4.1052363 3.3785196 4.5526380 
Hsap_ENST00000400794                                   2.6736129 2.4723354 0.8690286 0.9879742 0.8043114 1.1569468 1.0470988 0.7440027 2.1135962 0.9257237 1.1573524 0.0000000 1.0421571 1.5053176 1.0362949 1.4834488 1.5069162 1.7464756 1.5819324 1.5571593 1.6074505 1.1291028 1.7268435 1.5465651 1.6946223 1.8172599 1.8911005 2.0691002 2.2005241 2.2110492 2.3963219 2.4227962 2.4657179 1.6143292 2.2708885 2.3633021 2.3633021 2.3825731 2.3849055 1.7467236 1.6804578 1.7517262 2.4207558 1.7672248 1.7583478 1.6460553 1.6460553 1.5308298 1.5308298 1.9536270 1.9536270 1.7822538 2.3282601 3.6798963 1.7322722 2.5642311 2.3784319 2.4099518 2.4749688 3.5357815 2.3336724 2.2646729 2.3230272 2.5654117 3.5623714 3.4915006 3.4890303 3.1791235 2.1598871 2.9950794 2.0666395 2.5267949 3.0381011 2.8325909 2.7889097 2.9035846 2.8318331 3.3250574 2.8514640 2.8780279 3.9235564 4.4111921 4.1088012 3.6785316 4.2904265 
Spur_XM_030997575.1                                    2.1083125 2.5017365 1.0044467 0.9993179 0.8902701 1.1995519 1.0089293 0.8275878 2.1283245 1.0599563 1.1174667 1.0421571 0.0000000 1.4976283 1.0780500 1.5350627 1.4877377 1.8804773 1.6221273 1.6439365 1.5313792 1.1628161 1.6484639 1.5002810 1.5913881 1.7008316 1.8152144 1.8548140 2.0877172 2.0570349 2.3605999 2.2939738 2.4359646 1.5896773 2.3237557 2.3545431 2.3545431 2.2817351 2.3992746 1.8084689 1.6387490 1.8730354 2.4200496 1.8253386 1.6849440 1.7184805 1.7184805 1.6689219 1.6689219 2.0224490 2.0224490 1.9474416 2.3682891 3.8654142 1.8128396 2.4547907 2.4438578 2.8099377 2.4510667 3.4220509 2.1616141 2.0758702 2.1351593 2.5018669 3.7169912 3.4951737 3.4368984 3.1009813 1.8029913 3.0930867 2.2057340 2.3479564 2.9029571 2.8858794 2.5675452 2.7390327 2.8814474 3.3293950 2.6530878 2.6963330 3.8994357 3.7854327 4.2444399 3.8659978 4.3383781 
Spis_XP_022789660_1                                    2.5907068 2.4052280 1.4793634 1.4920701 0.9883170 1.6584690 1.4450385 0.9708257 2.6926442 1.1262531 1.4966944 1.5053176 1.4976283 0.0000000 0.1078015 0.1842765 0.0498614 0.3257838 0.2872798 0.2535519 0.7644708 0.5497047 1.4069577 1.0996365 1.2429382 1.3660236 1.5937322 1.6955043 1.6791274 1.7188839 2.2773520 2.2762619 2.3447026 1.4231930 2.2259033 2.2325366 2.2325366 2.1575687 2.2893020 1.7455818 1.7061135 1.5650682 2.4019872 1.7043480 1.7147824 1.5435092 1.5435092 1.4709882 1.4709882 1.9787760 1.9787760 1.8733990 2.1642679 3.7930191 1.6160676 2.3264455 2.2227147 2.5867779 2.3477071 4.0085909 2.1568512 2.0270166 1.9880662 2.3771406 3.8490599 3.2553291 3.4758351 3.0718671 1.8375097 3.0974412 1.8326356 2.1540503 2.6642276 2.5456924 2.4494304 2.5642763 2.6248197 3.6729983 2.6219503 2.6570772 3.8825426 3.6914284 3.6787621 3.0941993 4.3323991 
Gasp_gasp1.m3.19958.m1                                 1.2926476 1.7197441 0.9375735 1.1304100 1.0006574 1.1758202 1.0780892 0.9770757 1.1942018 1.0160748 1.0713071 1.0362949 1.0780500 0.1078015 0.0000000 0.0709952 0.0937664 0.1695727 0.1255667 0.1654906 0.5272705 0.4879146 0.9995258 1.0043719 0.9014568 1.1683443 1.1715164 1.1790187 1.2714866 1.2114669 1.5318731 1.5434594 1.5596892 1.4455239 1.4846417 1.5324166 1.5324166 1.5900764 1.7553306 1.6375548 1.6880368 1.5783948 1.6398220 1.6283470 1.7469582 1.4821273 1.4821273 1.4838622 1.4838622 1.8657739 1.8657739 1.8687671 1.6465595 2.0337572 1.6757073 1.6238837 1.6034503 1.4772840 1.4218399 4.6209665 1.5913964 1.5913964 1.7875852 1.7469116 2.4067514 2.4067514 2.2290660 2.0510288 1.7783093 2.0717727 1.7776894 1.5201243 1.9016048 1.7780492 1.8936412 1.7982718 2.4421117 3.3111457 2.2204091 2.2875281 2.5806085 2.7029773 3.2903976 3.0813910 3.5444128 
Fspp_ffun1.m4.12626.m1                                 2.5488932 2.3411596 1.4499869 1.4716702 1.0056897 1.6040290 1.4221089 0.9791018 2.5481944 1.1523913 1.4631725 1.4834488 1.5350627 0.1842765 0.0709952 0.0000000 0.1734421 0.2844177 0.2641720 0.2137655 0.7655799 0.5592198 1.3844338 1.0916260 1.2261345 1.3983842 1.6239646 1.7167989 1.6281310 1.6211683 2.2151694 2.2310447 2.3631224 1.4087707 2.1918337 2.2042683 2.2042683 2.1494482 2.3103683 1.7514991 1.7058865 1.6082155 2.3539207 1.7186383 1.7547005 1.5752280 1.5752280 1.4960008 1.4960008 2.0032005 2.0032005 1.8866719 2.1985953 3.7760792 1.6168685 2.2919828 2.2723153 2.5733585 2.3236016 3.8429149 2.1345673 2.0029193 2.0043609 2.4013638 3.8641415 3.2782452 3.4989934 3.1205434 1.9110930 3.0653871 1.7601503 2.1897310 2.6223058 2.4890035 2.4686840 2.5388537 2.6057861 3.5264414 2.5810301 2.6243436 3.8346409 3.7480311 3.5831093 3.0748538 4.1509824 
Pocdam_XM_027184070.1                                  2.6040344 2.4009481 1.4675055 1.5006497 0.9722141 1.6454481 1.4649700 0.9599294 2.7495264 1.1106547 1.4993586 1.5069162 1.4877377 0.0498614 0.0937664 0.1734421 0.0000000 0.3237708 0.2881354 0.2473127 0.7392552 0.5512026 1.4139882 1.0733100 1.2322319 1.3468648 1.5958602 1.6836713 1.6625239 1.7033855 2.2860959 2.2744802 2.3635221 1.4205608 2.2400671 2.2357074 2.2357074 2.1881891 2.3313282 1.7164531 1.6709425 1.5140169 2.3919287 1.6955296 1.7042085 1.5477798 1.5477798 1.4492460 1.4492460 2.0104314 2.0104314 1.8590193 2.1945589 3.8151916 1.6251724 2.3035606 2.2090019 2.5766458 2.3243892 3.9857132 2.1453770 2.0306546 1.9783090 2.3911733 3.8266266 3.2855157 3.4798007 3.1096203 1.8288111 3.0785861 1.8027920 2.1402325 2.6885837 2.5311969 2.4591329 2.5566169 2.5890646 3.6531372 2.5766721 2.6165614 3.8915063 3.7193344 3.6909074 3.1327661 4.2848409 
Amil_Amillepora06087-RA                                8.9999983 2.6337783 1.6859849 1.5956367 0.9423227 1.9162861 1.6881900 0.9274171 3.4292891 1.1735665 1.8933949 1.7464756 1.8804773 0.3257838 0.1695727 0.2844177 0.3237708 0.0000000 0.0071305 0.2737189 0.9998765 0.9163623 1.7569687 1.2660820 1.5655058 1.6327018 1.9621936 2.1228855 1.9611801 1.9328645 2.6490887 2.6638054 2.9284169 1.5670958 2.6548436 2.7008560 2.7008560 2.6203593 2.7299746 1.6653034 1.7888749 0.0000010 2.6475046 1.6824207 2.1719189 1.5808944 1.5808944 1.4085526 1.4085526 1.5678255 1.5678255 1.3926217 2.5796277 4.3508354 2.0352512 2.6931926 2.6218234 2.3810860 2.6011607 3.6494055 2.5262168 2.2992693 2.2519769 2.9176581 4.8619217 3.9428900 3.9648912 3.5627420 1.6589449 3.7365823 1.8584651 2.6996259 3.3476816 3.0438760 3.4188642 2.9928007 2.6965511 4.5738542 2.6734347 2.6130314 4.3391236 4.1443189 3.8588385 3.3851404 4.1368514 
Adig_XM_015910317.1                                    2.8238032 2.3252498 1.4849248 1.5356879 1.0114100 1.7088084 1.4910428 0.9823273 2.6456824 1.1073345 1.5286316 1.5819324 1.6221273 0.2872798 0.1255667 0.2641720 0.2881354 0.0071305 0.0000000 0.2604796 0.8153683 0.5790927 1.4354786 1.1056058 1.3430444 1.5133300 1.6416911 1.7280637 1.6919899 1.6372366 2.2437239 2.2626239 2.3672489 1.4811717 2.1559984 2.2581771 2.2581771 2.2469448 2.3855370 1.6674729 1.5947808 1.4063981 2.3230661 1.6696710 1.6293042 1.4764296 1.4764296 1.3996309 1.3996309 1.9574125 1.9574125 1.8428577 2.1090763 3.5600924 1.5408161 2.3956888 2.2802417 2.6285107 2.2062121 3.6188944 2.2390215 2.0977329 2.0283189 2.3694243 3.7997755 3.2718794 3.4030458 3.1343190 1.7816128 3.1137245 1.8405813 2.2665760 2.6864286 2.6083668 2.6846274 2.5569470 2.4811496 3.5560228 2.6299327 2.6742279 3.7955550 3.6808314 3.8166871 3.0453104 4.1046204 
Gfas_gfas1.m1.1360.m1                                  4.8462779 2.5745869 1.5184788 1.5632150 1.1206910 1.7353582 1.5048193 1.0976573 2.5858856 1.1136356 1.6405251 1.5571593 1.6439365 0.2535519 0.1654906 0.2137655 0.2473127 0.2737189 0.2604796 0.0000000 0.7977915 0.6249819 1.4690744 1.0712096 1.3333025 1.4319921 1.6789395 1.7852969 1.6487200 1.7274217 2.2649003 2.2597338 2.4685358 1.5281972 2.2572416 2.2995996 2.2995996 2.3968082 2.4819338 1.8147126 1.8455235 1.7524106 2.4616323 1.8020597 1.9688713 1.6803895 1.6803895 1.5921974 1.5921974 1.9398305 1.9398305 1.8117221 2.2931833 3.5799693 1.9118406 2.3565602 2.3261714 2.4895645 2.3441713 3.7581071 2.3660529 2.2248181 2.1176274 2.3904424 4.0237126 3.3577602 3.4671031 3.2836439 1.9248177 3.1646464 1.9677023 2.2387154 2.8283424 2.6000803 2.5876373 2.7225559 2.6983772 3.8945473 2.7556935 2.6111335 4.1150604 3.7838463 3.6984084 3.3464108 4.2625487 
Exapal_XM_021040699.2                                  2.3088703 2.4354722 1.5166629 1.5662108 1.0427641 1.6774516 1.4548330 0.9671544 2.5707440 1.2464548 1.6677126 1.6074505 1.5313792 0.7644708 0.5272705 0.7655799 0.7392552 0.9998765 0.8153683 0.7977915 0.0000000 0.4255367 1.4658406 1.0719025 1.2938292 1.4880799 1.5689009 1.7015011 1.6448319 1.7335788 2.2268798 2.2228150 2.2965847 1.3323246 2.1273843 2.2186663 2.2186663 2.4253230 2.3763428 1.7872819 1.7445104 1.6547433 2.6295938 1.8063972 1.7438334 1.6697864 1.6697864 1.5612998 1.5612998 2.0616715 2.0616715 1.8953880 2.4302219 3.6311582 1.7101393 2.4231515 2.4203561 2.5331009 2.3284675 3.6998401 2.2899363 2.2442469 2.0928866 2.6505923 4.0635707 3.4615464 3.5832232 3.2462250 2.0861681 3.4173002 1.8889029 2.2418328 2.9183804 2.6623338 2.7321360 2.7720070 2.5799226 3.3477329 2.9010869 3.0158022 4.0342390 3.9184434 4.1053910 3.7641665 4.2379499 
Nvec_v1g183513                                         1.0871666 1.7521177 1.0386604 1.1511715 1.0504531 1.1814818 1.1086623 0.9384718 1.0934207 1.0556504 1.1440999 1.1291028 1.1628161 0.5497047 0.4879146 0.5592198 0.5512026 0.9163623 0.5790927 0.6249819 0.4255367 0.0000000 1.0691718 0.9707066 0.9378608 1.1408834 1.0656100 1.2341990 1.2783435 1.3807310 1.5862202 1.6032551 1.6592253 1.4083234 1.5947213 1.6036642 1.6036642 1.7355119 1.8563161 1.5527948 1.6574568 1.6885267 1.7757730 1.6131111 1.6805298 1.5140821 1.5140821 1.4960307 1.4960307 1.7822201 1.7822201 1.7530400 1.6484799 1.9114846 1.6497365 1.6882332 1.6186147 1.5674652 1.4551241 4.2403533 1.7301908 1.7070447 1.8025086 1.8713841 2.5388919 2.4104946 2.3559478 2.0990785 1.6968586 2.1057098 1.7988993 1.4008099 1.9589707 1.8281131 2.0400904 1.8679896 2.4184707 3.5530320 2.5225650 2.5871374 2.7546023 2.5144776 3.9125906 3.5388194 3.8525347 
Morvir_scaffold152.g53.t2                              2.9095331 2.7605351 1.6952627 1.6516116 1.3423078 1.8231695 1.6517608 1.2388945 2.9310494 1.2804867 1.8316279 1.7268435 1.6484639 1.4069577 0.9995258 1.3844338 1.4139882 1.7569687 1.4354786 1.4690744 1.4658406 1.0691718 0.0000000 0.7076082 0.8523334 1.1037704 1.1818308 1.3072678 1.9116032 1.8802602 2.4387187 2.4904709 2.6362659 1.6455009 2.4367421 2.5765087 2.5765087 2.4401120 2.4933615 1.8257259 1.6732130 1.5983666 2.5882515 1.9108508 1.8116437 1.6528720 1.6528720 1.5497238 1.5497238 2.0268320 2.0268320 1.8684357 2.6301563 3.8031543 1.6680521 2.3703379 2.3914015 2.7309478 2.4647025 4.2262464 2.3952172 2.2635432 2.1633657 2.5569229 3.5995014 3.5420320 3.6987572 3.5376541 2.3148039 3.2008037 2.0763608 2.4128548 2.7987135 3.2388096 2.8797009 2.5919103 2.8671044 3.5624170 2.8768280 2.8674844 4.1492678 3.9280798 3.8026515 3.5529698 4.2520646 
Nemnom_g10377.t1                                       2.0646771 2.1046414 1.4078192 1.3769642 1.2917112 1.5907509 1.4087310 1.2485125 1.6310018 1.1883462 1.5308943 1.5465651 1.5002810 1.0996365 1.0043719 1.0916260 1.0733100 1.2660820 1.1056058 1.0712096 1.0719025 0.9707066 0.7076082 0.0000000 0.2233123 0.6194769 0.9636487 0.9037981 1.6291971 1.6233676 1.7474432 1.7624512 1.8103682 1.6412793 1.7383875 1.7661674 1.7661674 1.9478818 2.1141188 1.8205496 1.7591734 2.0267915 2.1895096 1.9716427 2.1373738 1.7071151 1.7071151 1.7299663 1.7299663 1.7523416 1.7523416 1.7853349 2.1290936 2.0866838 2.0697073 2.0966165 2.0603976 2.2451173 1.6119217 4.0779589 2.0245097 1.9854151 2.0902271 2.0149058 2.9087210 2.9737012 2.6797156 2.6876794 2.1446575 2.7896887 2.2589429 1.6568949 2.1896987 2.3511014 2.2804307 1.9532531 2.7050676 3.8399352 2.5997267 2.3779200 2.9762498 2.8299930 4.9258728 3.9499573 4.6403033 
Rhoesc_Res_015362-T1                                   3.2641442 2.6543979 1.6269781 1.5690068 1.2644350 1.7960179 1.5860411 1.1893864 2.8833205 1.2382861 1.7898886 1.6946223 1.5913881 1.2429382 0.9014568 1.2261345 1.2322319 1.5655058 1.3430444 1.3333025 1.2938292 0.9378608 0.8523334 0.2233123 0.0000000 0.7531612 1.1229950 1.2443180 1.7911806 1.9047412 2.1733476 2.1720218 2.3952263 1.5316753 2.1841073 2.2206845 2.2206845 2.3547502 2.3775391 1.7083280 1.6304544 1.7574686 2.4565821 1.8091719 1.8272329 1.6895073 1.6895073 1.5754490 1.5754490 1.9522525 1.9522525 1.7813967 2.4649622 3.5492592 1.8221864 2.3583525 2.3697142 2.5778111 2.4079134 4.0597342 2.4499221 2.2870789 2.2185980 2.6329334 3.7756043 3.7404749 3.6427217 3.5585028 2.2570873 3.1649735 2.0724538 2.2952481 2.7686649 2.8527794 2.8614561 2.5290900 2.7579171 3.7789896 2.7868606 2.7339492 3.9995672 3.6956236 4.2012731 3.6251813 4.3215763 
Sanmal_Sma_021864-T1                                   6.2339623 2.7437434 1.8670814 1.6279102 1.2691130 1.8800179 1.6040099 1.2657866 2.8254334 1.1515841 1.9802421 1.8172599 1.7008316 1.3660236 1.1683443 1.3983842 1.3468648 1.6327018 1.5133300 1.4319921 1.4880799 1.1408834 1.1037704 0.6194769 0.7531612 0.0000000 1.2512119 1.3216416 2.0928247 2.0368603 2.2590644 2.3108385 2.5016042 1.7524448 2.2798075 2.3527375 2.3527375 2.3991243 2.4951942 2.0304576 1.7641520 1.9247565 2.8763949 2.0880899 2.0789979 1.9338545 1.9338545 1.9035688 1.9035688 2.0099969 2.0099969 1.9704462 2.8104124 3.7715967 2.1225103 2.7200033 2.6416001 2.9943908 2.6818852 4.0175947 2.5455469 2.4247570 2.2616510 2.6293079 3.8860965 3.6405068 3.7253782 3.8113774 2.4211091 3.4701604 2.5310903 2.3271551 2.9619789 3.4812647 2.8803376 2.7895054 3.0236608 4.1456524 2.9433883 2.6835012 4.3625894 3.9305183 4.4830300 4.0948379 4.5666100 
Hvul_g15719_1                                          2.8315741 2.6601187 1.8391920 1.7693023 1.3466569 1.8902480 1.6687573 1.2187734 3.1188815 1.3513383 1.9980160 1.8911005 1.8152144 1.5937322 1.1715164 1.6239646 1.5958602 1.9621936 1.6416911 1.6789395 1.5689009 1.0656100 1.1818308 0.9636487 1.1229950 1.2512119 0.0000000 1.0153804 1.8356815 1.8426457 2.4874400 2.5319102 2.8163959 1.5893083 2.5612154 2.6234692 2.6234692 2.4337133 2.5983938 1.9264901 1.7413817 1.8395864 2.8720279 2.0193708 1.9855744 1.8139892 1.8139892 1.7616423 1.7616423 2.1069853 2.1069853 2.0372034 2.7751993 4.2569396 1.9056791 2.6505999 2.7633197 2.9677973 2.7927332 4.4487473 2.5878128 2.4424204 2.1370419 2.6824638 3.8596838 3.6816325 3.9122779 3.5941011 2.2471463 3.4262947 2.0795707 2.5685135 2.8909380 3.1178859 2.7992619 2.8616067 2.6780937 3.4425108 2.9452610 3.0430000 3.8604279 3.7582039 4.3032937 3.3074857 4.3855057 
Chem_TCONS_00007274                                    3.0619581 2.6771921 1.9720454 1.8318726 1.5058919 2.1118857 1.8446942 1.4533467 3.1041139 1.5106271 2.0409739 2.0691002 1.8548140 1.6955043 1.1790187 1.7167989 1.6836713 2.1228855 1.7280637 1.7852969 1.7015011 1.2341990 1.3072678 0.9037981 1.2443180 1.3216416 1.0153804 0.0000000 2.0663915 2.1453177 2.5086806 2.5085951 2.7449947 1.7209906 2.6409575 2.5724352 2.5724352 2.3843756 2.4383857 1.8772059 1.9051849 2.1621479 2.7719956 2.0307692 2.1470582 1.8483734 1.8483734 1.8432492 1.8432492 2.1016800 2.1016800 2.1051136 2.5695870 3.7755493 2.0776236 2.6633254 2.6490941 2.6026353 2.6624842 4.3469055 2.7462236 2.5825985 2.3832673 2.9143460 3.8016652 3.7424949 3.6803512 3.6978494 2.4598071 3.6301814 2.2278422 2.7852711 2.7524122 3.2824179 2.8260401 2.9481926 2.5226843 3.4836583 2.9328756 2.9043836 3.8937767 3.9699246 4.2989837 3.7143914 4.0263440 
Dgig_XM_028551895.1                                    3.0156569 2.8661140 2.0463106 2.0800591 1.4902878 2.1429863 1.8829434 1.3973571 3.2124972 1.6849308 1.9406694 2.2005241 2.0877172 1.6791274 1.2714866 1.6281310 1.6625239 1.9611801 1.6919899 1.6487200 1.6448319 1.2783435 1.9116032 1.6291971 1.7911806 2.0928247 1.8356815 2.0663915 0.0000000 0.7112204 2.3959327 2.4765911 2.6407507 1.7384289 2.3886512 2.4891689 2.4891689 2.5272343 2.5165997 1.9114059 1.8431998 1.7314647 2.7754254 1.9310775 1.8930175 1.8679645 1.8679645 1.8318695 1.8318695 2.2530531 2.2530531 2.2085160 2.4811536 4.0535853 1.8141819 2.8014683 2.7357213 2.7270021 2.5994805 4.2897438 2.3761025 2.2990037 2.2971011 2.9425206 4.4552164 3.4954134 3.5989451 3.2519472 2.1482419 3.1797310 2.0106671 2.3223678 3.0650644 2.8268673 2.7028192 3.0112895 2.7782321 3.1609425 2.6178133 2.7244410 3.9520532 3.6257419 3.7893965 3.1760193 4.2088611 
Xesp_008321-T1                                         2.6895967 2.7181119 2.0621607 2.0152124 1.4216347 2.1425477 1.9053254 1.2940473 3.0856198 1.4780832 1.7466131 2.2110492 2.0570349 1.7188839 1.2114669 1.6211683 1.7033855 1.9328645 1.6372366 1.7274217 1.7335788 1.3807310 1.8802602 1.6233676 1.9047412 2.0368603 1.8426457 2.1453177 0.7112204 0.0000000 2.5175432 2.5621270 2.7899607 1.6938118 2.4186283 2.6607667 2.6607667 2.6493486 2.3951250 1.8364391 1.7565739 1.5686640 2.6135031 1.7357449 1.7310900 1.7407117 1.7407117 1.6967574 1.6967574 2.1550589 2.1550589 2.0977748 2.3949133 4.0771203 1.7978694 2.7937045 2.7525583 3.1860226 2.5733986 4.3204335 2.3153268 2.2855510 2.0005342 2.7669852 4.0658946 3.2744602 3.4670943 3.0515402 2.1191984 3.1321395 1.9372402 2.2779157 2.7513368 2.9504618 2.7303540 3.2104352 2.5787726 3.0788596 2.5904670 2.6682604 3.7878465 3.5718304 4.1325054 3.2390260 4.0735107 
HoiH23_PlH23_000015-RA                                 3.6101319 2.7980596 2.4241032 2.2746653 1.5783255 2.1856536 2.2361181 1.4300893 2.8415331 1.6660155 2.1833792 2.3963219 2.3605999 2.2773520 1.5318731 2.2151694 2.2860959 2.6490887 2.2437239 2.2649003 2.2268798 1.5862202 2.4387187 1.7474432 2.1733476 2.2590644 2.4874400 2.5086806 2.3959327 2.5175432 0.0000000 0.0659870 0.3823288 0.1042965 0.2541868 0.1843337 0.1843337 2.8329339 3.0367893 1.8299027 1.8477640 1.8876065 2.7951058 1.9644844 1.8941214 2.0468484 2.0468484 2.0264949 2.0264949 2.6220237 2.6220237 2.5980794 2.4759991 3.8056375 2.0440386 3.0693650 2.9508703 2.9809879 2.5376270 4.1546927 2.5946265 2.5023905 2.5160962 2.8840140 4.2669435 3.5925522 3.6065958 3.3962651 2.1133795 2.9523543 2.0155707 2.4448275 2.9392917 2.7780776 2.7332004 2.8994425 2.6986041 3.5903378 3.2115741 3.1677436 3.9466366 3.7358748 4.5897106 4.7254874 4.5758997 
HoiH06_mRNA7925                                        3.5966943 2.8745322 2.4814154 2.3167524 1.5873359 2.2222923 2.3367115 1.4244286 2.8583505 1.6710744 2.2057142 2.4227962 2.2939738 2.2762619 1.5434594 2.2310447 2.2744802 2.6638054 2.2626239 2.2597338 2.2228150 1.6032551 2.4904709 1.7624512 2.1720218 2.3108385 2.5319102 2.5085951 2.4765911 2.5621270 0.0659870 0.0000000 0.3917615 0.1033413 0.2798088 0.2033374 0.2033374 2.7978863 3.1083168 1.8547053 1.8536036 1.9267987 2.8854793 1.9765210 1.8912788 2.0742888 2.0742888 2.0540723 2.0540723 2.6527704 2.6527704 2.6291047 2.5690600 3.9656406 2.0741046 3.1371350 3.0132709 2.9625929 2.5304092 3.9856133 2.6265626 2.5458535 2.6007548 2.8476059 4.2253735 3.5755729 3.6998337 3.4279499 2.0947946 3.0199921 2.0139539 2.4655590 2.9100103 2.7418444 2.7462268 2.9013622 2.7848996 3.6554828 3.2401546 3.1953711 3.9028709 3.5640040 4.7085255 4.8395259 4.5307412 
TrH2_TrispH2_003062-RA                                 3.7851981 3.0092034 2.4813048 2.2368361 1.5993734 2.3464327 2.2173736 1.4195606 2.8989634 1.7640417 2.1857489 2.4657179 2.4359646 2.3447026 1.5596892 2.3631224 2.3635221 2.9284169 2.3672489 2.4685358 2.2965847 1.6592253 2.6362659 1.8103682 2.3952263 2.5016042 2.8163959 2.7449947 2.6407507 2.7899607 0.3823288 0.3917615 0.0000000 0.0032010 0.3824655 0.4293082 0.4293082 2.9803148 3.0592560 1.8957765 1.9097027 1.8976044 2.9794027 1.9734083 1.9255361 2.0769131 2.0769131 2.0568259 2.0568259 2.6598869 2.6598869 2.6363927 2.5117893 4.2514141 2.0835255 3.3731809 3.1493589 3.3011064 2.7267714 4.4841564 2.6086789 2.4881383 2.8461848 3.0324879 4.2355213 3.7509501 3.7245597 3.5487806 2.3032374 3.1547385 2.0098231 2.6343490 3.1146773 2.9039731 2.9088982 3.1173496 2.8487655 3.7803223 3.2995190 3.2605728 4.0507728 3.8361624 4.6874561 4.6718508 4.6481161 
Tadh_TriadT21162                                       1.7382020 1.7877607 1.6353946 1.5219129 1.5734753 1.4334260 1.4233934 1.4099204 1.5335906 1.5458806 1.5331532 1.6143292 1.5896773 1.4231930 1.4455239 1.4087707 1.4205608 1.5670958 1.4811717 1.5281972 1.3323246 1.4083234 1.6455009 1.6412793 1.5316753 1.7524448 1.5893083 1.7209906 1.7384289 1.6938118 0.1042965 0.1033413 0.0032010 0.0000000 0.0881091 0.1191408 0.1191408 2.0856176 1.8841226 1.7741623 1.9118843 1.9013929 1.8275203 1.8163662 1.9282379 1.9059837 1.9059837 1.9059837 1.9059837 2.3946265 2.3946265 2.3946265 1.9190778 2.0819786 2.0864935 1.9179371 1.8766373 1.7682226 1.7038092 6.2429357 1.8358824 1.8358824 2.2982773 2.3386428 2.5396163 2.5396163 2.4471702 2.4698671 2.0468806 2.2505340 2.0290503 1.8050659 2.1677062 1.9274105 1.9007971 2.2918145 2.4891791 2.8447113 2.3545498 2.3232681 2.6523786 2.4197182 4.2451782 4.4257603 3.9088178 
HoiH11_mRNA2762                                        3.9606358 2.8563919 2.3291312 2.1733327 1.5545914 2.1816404 2.2253612 1.4124375 2.7884123 1.7287238 2.1543180 2.2708885 2.3237557 2.2259033 1.4846417 2.1918337 2.2400671 2.6548436 2.1559984 2.2572416 2.1273843 1.5947213 2.4367421 1.7383875 2.1841073 2.2798075 2.5612154 2.6409575 2.3886512 2.4186283 0.2541868 0.2798088 0.3824655 0.0881091 0.0000000 0.3064759 0.3064759 2.7794907 2.8985908 1.8195963 1.8450172 1.9077567 2.8788636 1.9263731 1.9239972 2.0268918 2.0268918 2.0040256 2.0040256 2.6013052 2.6013052 2.5728269 2.5296610 3.6858438 2.0560953 2.9613998 2.9100722 2.7623645 2.4985714 3.8134158 2.4950697 2.3914926 2.6251640 2.8557150 4.1095251 3.7591336 3.6310776 3.4528488 2.1120668 3.0699411 2.0067855 2.5010434 2.9259882 2.8481936 2.8150089 2.9961441 2.7757104 3.6597812 3.1567046 3.1248868 3.8351932 3.7517252 4.7529753 4.4008563 4.5595536 
Hhon_g01240.t1                                         4.1364217 2.9598371 2.3642432 2.1616950 1.5797153 2.2285262 2.2538629 1.4264101 2.7967812 1.6382983 2.2553709 2.3633021 2.3545431 2.2325366 1.5324166 2.2042683 2.2357074 2.7008560 2.2581771 2.2995996 2.2186663 1.6036642 2.5765087 1.7661674 2.2206845 2.3527375 2.6234692 2.5724352 2.4891689 2.6607667 0.1843337 0.2033374 0.4293082 0.1191408 0.3064759 0.0000000 0.0000010 2.8865644 3.1150235 1.8558542 1.8759632 1.9342597 2.8710361 1.9872373 1.9311712 2.0950752 2.0950752 2.0612425 2.0612425 2.6952925 2.6952925 2.6477207 2.6207188 3.8276027 2.0920467 3.1226336 3.1332335 2.8904816 2.4355431 3.8612760 2.6301915 2.5196756 2.6697432 2.9036287 4.2533909 3.8311074 3.7918528 3.5168634 2.0975074 3.0775868 2.0658219 2.4554481 3.0827201 2.8899993 2.9494399 3.1312056 2.8013533 3.8721012 3.2548269 3.1769051 3.8744333 3.6634666 4.7711621 4.6095685 4.6826891 
HoiH04_mRNA7942                                        4.1364217 2.9598371 2.3642432 2.1616950 1.5797153 2.2285262 2.2538629 1.4264101 2.7967812 1.6382983 2.2553709 2.3633021 2.3545431 2.2325366 1.5324166 2.2042683 2.2357074 2.7008560 2.2581771 2.2995996 2.2186663 1.6036642 2.5765087 1.7661674 2.2206845 2.3527375 2.6234692 2.5724352 2.4891689 2.6607667 0.1843337 0.2033374 0.4293082 0.1191408 0.3064759 0.0000010 0.0000000 2.8865644 3.1150235 1.8558542 1.8759632 1.9342597 2.8710361 1.9872373 1.9311712 2.0950752 2.0950752 2.0612425 2.0612425 2.6952925 2.6952925 2.6477207 2.6207188 3.8276027 2.0920467 3.1226336 3.1332335 2.8904816 2.4355431 3.8612760 2.6301915 2.5196756 2.6697432 2.9036287 4.2533909 3.8311074 3.7918528 3.5168634 2.0975074 3.0775868 2.0658219 2.4554481 3.0827201 2.8899993 2.9494399 3.1312056 2.8013533 3.8721012 3.2548269 3.1769051 3.8744333 3.6634666 4.7711621 4.6095685 4.6826891 
Tetwil_g13638.t1                                       3.5093327 3.0950976 2.3275422 2.3461940 1.9629096 2.2488272 2.1567720 1.8352582 3.1843265 1.9484575 2.2392403 2.3825731 2.2817351 2.1575687 1.5900764 2.1494482 2.1881891 2.6203593 2.2469448 2.3968082 2.4253230 1.7355119 2.4401120 1.9478818 2.3547502 2.3991243 2.4337133 2.3843756 2.5272343 2.6493486 2.8329339 2.7978863 2.9803148 2.0856176 2.7794907 2.8865644 2.8865644 0.0000000 1.0282821 2.1566579 2.0569473 2.1412047 2.8028903 2.1847253 2.0356985 2.1653430 2.1653430 2.1453025 2.1453025 2.6428722 2.6428722 2.6172534 2.6188941 4.2121364 1.9666605 2.8674131 2.8608395 3.1685862 2.6134845 4.1246143 2.4868269 2.4065242 2.3585662 2.7430534 3.7219861 3.2594239 3.4063402 3.2689240 2.3071568 3.1401675 2.1291708 2.5554246 2.8055076 2.7816691 2.5700871 2.8438281 2.1621914 2.8208475 1.8899668 1.9795799 3.5569094 3.4238739 3.8473989 3.5618246 4.3336548 
Stycar_maker-SC_scaffold2898-augustus-gene-0.14-mRNA-1 3.9707181 2.8894287 2.3794502 2.2910819 1.7677574 2.3695450 2.3580519 1.7684124 3.3929011 1.9272685 2.2060365 2.3849055 2.3992746 2.2893020 1.7553306 2.3103683 2.3313282 2.7299746 2.3855370 2.4819338 2.3763428 1.8563161 2.4933615 2.1141188 2.3775391 2.4951942 2.5983938 2.4383857 2.5165997 2.3951250 3.0367893 3.1083168 3.0592560 1.8841226 2.8985908 3.1150235 3.1150235 1.0282821 0.0000000 2.3357051 2.1819009 2.2528933 2.8473351 2.2758898 2.1403130 2.1954778 2.1954778 2.1938284 2.1938284 2.5386009 2.5386009 2.5438041 2.7370547 4.3477844 2.1335151 2.9646293 2.9045282 3.4541159 2.6411996 3.8352790 2.5669965 2.4864341 2.2771930 2.9329251 3.8059348 3.3927013 3.4605140 3.4656975 2.4528751 3.2624057 2.0876019 2.5380450 2.7892642 3.0135994 2.6213167 2.9330942 1.7886982 2.3251540 1.8096045 1.8280358 3.5685110 3.4615386 3.9655493 3.8224397 4.3597986 
Horcal_Hcv1.av93.c7.g395.i1                            1.5305190 2.0331279 1.6836613 1.8821455 1.7454813 1.9028925 1.6729952 1.6494069 1.8053271 1.6835625 1.8737124 1.7467236 1.8084689 1.7455818 1.6375548 1.7514991 1.7164531 1.6653034 1.6674729 1.8147126 1.7872819 1.5527948 1.8257259 1.8205496 1.7083280 2.0304576 1.9264901 1.8772059 1.9114059 1.8364391 1.8299027 1.8547053 1.8957765 1.7741623 1.8195963 1.8558542 1.8558542 2.1566579 2.3357051 0.0000000 0.0000010 0.0000010 0.2472372 0.2977616 0.3176376 0.3025280 0.3025280 0.3036882 0.3036882 0.4659544 0.4659544 0.4678035 0.3498013 0.0901266 0.3723121 0.4442856 0.4696046 0.3202739 1.8243634 3.4020126 2.0205632 2.0205632 2.0360614 2.0609037 2.4546201 2.4907994 2.5020623 2.6171010 2.1167158 2.4826023 2.2141540 1.8493129 2.2974032 2.4076500 2.3534841 2.2843936 2.4501809 3.3874229 2.3690239 2.5643546 2.6589148 2.7051299 4.5990953 4.3356030 4.9304862 
Horcal_Hcv1.av93.c7.g395.i2                            1.5305190 2.0668753 1.6698408 1.8505009 1.8704431 1.9183863 1.7505315 1.7776579 1.8915193 1.6881234 1.7817639 1.6804578 1.6387490 1.7061135 1.6880368 1.7058865 1.6709425 1.7888749 1.5947808 1.8455235 1.7445104 1.6574568 1.6732130 1.7591734 1.6304544 1.7641520 1.7413817 1.9051849 1.8431998 1.7565739 1.8477640 1.8536036 1.9097027 1.9118843 1.8450172 1.8759632 1.8759632 2.0569473 2.1819009 0.0000010 0.0000000 0.0000010 0.2337570 0.3053180 0.3011625 0.3043185 0.3043185 0.3043185 0.3043185 0.5263116 0.5263116 0.5263116 0.3418198 0.1255530 0.3723121 0.4212767 0.4562897 0.2708624 1.7650149 3.2930737 2.1170659 2.1170659 2.0584032 2.0288526 2.4767037 2.4767037 2.4640667 2.6244909 2.1285028 2.2565340 2.3465812 2.1159368 2.1694299 2.2583948 2.3156219 2.4733530 2.5857712 2.9831695 2.4551432 2.7009364 2.7956938 2.8114942 4.6914640 4.2787351 4.7939161 
Pbac_sb2652650                                         1.5305190 2.1928624 1.9532311 2.2936465 2.2036283 2.0133829 1.9379272 2.0861608 2.4087228 1.7824601 2.0358051 1.7517262 1.8730354 1.5650682 1.5783948 1.6082155 1.5140169 0.0000010 1.4063981 1.7524106 1.6547433 1.6885267 1.5983666 2.0267915 1.7574686 1.9247565 1.8395864 2.1621479 1.7314647 1.5686640 1.8876065 1.9267987 1.8976044 1.9013929 1.9077567 1.9342597 1.9342597 2.1412047 2.2528933 0.0000010 0.0000010 0.0000000 0.1867812 0.2697832 0.2697832 0.2631321 0.2631321 0.2631321 0.2631321 0.8614823 0.8614823 0.8614823 0.3228282 0.1957367 0.3232692 0.3496089 0.3931309 0.0000010 1.8572686 2.8519486 2.0489743 2.0489743 1.9867550 1.9034184 2.5501485 2.5501485 2.7557107 2.7521737 2.1568315 2.1762909 2.1576099 2.1928344 1.9761034 2.0995471 2.2358347 2.1637835 2.3442660 2.7696509 2.0972902 2.6784703 2.8046472 2.9939561 4.8870976 4.3723688 4.4453375 
Mlei_ML0742.g3.i1                                      3.3348774 2.5352555 2.3995070 2.5088645 1.8601989 2.6154335 2.4490667 1.7768289 3.3404219 2.0789336 2.3794692 2.4207558 2.4200496 2.4019872 1.6398220 2.3539207 2.3919287 2.6475046 2.3230661 2.4616323 2.6295938 1.7757730 2.5882515 2.1895096 2.4565821 2.8763949 2.8720279 2.7719956 2.7754254 2.6135031 2.7951058 2.8854793 2.9794027 1.8275203 2.8788636 2.8710361 2.8710361 2.8028903 2.8473351 0.2472372 0.2337570 0.1867812 0.0000000 0.1916215 0.1831688 0.3042179 0.3042179 0.2675296 0.2675296 0.4968978 0.4968978 0.4410444 0.4531265 0.9910913 0.3075807 0.6151083 0.6788749 0.5279204 2.8965484 4.4710347 2.7085590 2.4619897 2.2675932 2.6555798 3.5752384 3.3286398 3.4872203 3.5877227 2.4360941 3.3537949 2.1799609 2.5363814 3.0470313 3.0115434 2.9792456 2.9422950 2.7203605 3.7635699 2.8141612 2.9392405 3.8027645 3.4500426 4.8984120 4.3327248 4.6970381 
Drygla_Dgla_sb294436                                   1.9802805 2.1868728 1.7412206 2.0157285 1.7665438 1.9607973 1.7788476 1.7805529 1.9912226 1.7249955 1.8041926 1.7672248 1.8253386 1.7043480 1.6283470 1.7186383 1.6955296 1.6824207 1.6696710 1.8020597 1.8063972 1.6131111 1.9108508 1.9716427 1.8091719 2.0880899 2.0193708 2.0307692 1.9310775 1.7357449 1.9644844 1.9765210 1.9734083 1.8163662 1.9263731 1.9872373 1.9872373 2.1847253 2.2758898 0.2977616 0.3053180 0.2697832 0.1916215 0.0000000 0.0131321 0.3306404 0.3306404 0.3259028 0.3259028 0.5205120 0.5205120 0.5115967 0.2618229 0.4630048 0.3274929 0.4054138 0.4761836 0.2576548 2.0428658 4.3133073 2.1166148 2.1166148 2.1230781 2.0311093 2.4431188 2.4100465 2.6904132 2.9243897 2.2960413 2.7564235 2.1354103 1.9134446 2.2812288 2.4112974 2.2113778 2.3355624 2.4946999 3.5675745 2.5019880 2.6487071 2.7824218 2.9204860 4.5821500 4.6918332 5.1412252 
