109
Emue_Em0011g185a.t1                                 0.0000000 0.0000010 0.1357759 0.1227053 0.6021541 0.7970237 0.7951248 0.7951248 1.1251459 1.1641196 1.2133792 1.1992959 1.7701805 1.0155926 1.2734147 1.0264303 1.1026810 0.9837882 0.7127371 1.8033245 1.1179356 1.0579048 1.2561356 1.0579048 1.1179356 1.1981266 1.1981266 1.2561356 1.0537005 1.0537005 1.2442319 1.3641376 1.3756909 1.4104987 1.3826211 1.3051724 0.8274887 1.1376003 1.2712635 1.1870561 1.3546191 1.2059225 1.2059225 1.2849832 1.2979394 1.3031615 1.3099471 1.0259739 1.0259739 3.1376625 1.3253105 1.1687906 1.2346360 1.1135210 1.1192440 1.1158061 1.5594350 1.0226030 1.2327804 1.2246963 1.2451987 1.1525681 1.2833804 1.2532226 1.2402518 1.2210072 1.3812293 1.3572103 1.1270675 1.1661854 1.2827690 1.3389310 1.0926535 0.9734717 0.8650603 1.2914655 1.5312972 1.5399408 1.5403495 1.5483927 1.8234787 1.8779911 1.8348825 1.8633882 1.4974158 1.4618495 1.5105029 1.0898400 1.5860583 1.5385639 1.4383208 1.5240399 1.3003594 1.3447001 2.1878181 1.7256458 1.5765757 1.6185726 1.4455191 1.4285689 1.4247522 1.3183944 1.3151494 1.4780384 1.5044178 1.7873565 2.2794370 2.2494655 1.1895673 
Emue_Em0011g191a.t1                                 0.0000010 0.0000000 0.1357759 0.1227053 0.6021541 0.7970237 0.7951248 0.7951248 1.1251459 1.1641196 1.2133792 1.1992959 1.7701805 1.0155926 1.2734147 1.0264303 1.1026810 0.9837882 0.7127371 1.8033245 1.1179356 1.0579048 1.2561356 1.0579048 1.1179356 1.1981266 1.1981266 1.2561356 1.0537005 1.0537005 1.2442319 1.3641376 1.3756909 1.4104987 1.3826211 1.3051724 0.8274887 1.1376003 1.2712635 1.1870561 1.3546191 1.2059225 1.2059225 1.2849832 1.2979394 1.3031615 1.3099471 1.0259739 1.0259739 3.1376625 1.3253105 1.1687906 1.2346360 1.1135210 1.1192440 1.1158061 1.5594350 1.0226030 1.2327804 1.2246963 1.2451987 1.1525681 1.2833804 1.2532226 1.2402518 1.2210072 1.3812293 1.3572103 1.1270675 1.1661854 1.2827690 1.3389310 1.0926535 0.9734717 0.8650603 1.2914655 1.5312972 1.5399408 1.5403495 1.5483927 1.8234787 1.8779911 1.8348825 1.8633882 1.4974158 1.4618495 1.5105029 1.0898400 1.5860583 1.5385639 1.4383208 1.5240399 1.3003594 1.3447001 2.1878181 1.7256458 1.5765757 1.6185726 1.4455191 1.4285689 1.4247522 1.3183944 1.3151494 1.4780384 1.5044178 1.7873565 2.2794370 2.2494655 1.1895673 
Spolac_c102100_g1_i1_m.27957c100725-g1              0.1357759 0.1357759 0.0000000 0.0000010 0.5303783 0.7417187 0.7266306 0.7266306 1.0145547 1.0396595 1.2111653 1.1319539 1.7155743 0.9375555 1.1510148 0.8943054 0.9389659 0.8892452 0.7473134 1.3276942 1.0457630 0.9882513 1.1098705 0.9882513 1.0457630 1.1098705 1.1098705 1.1098705 1.0177425 1.0177425 1.2043607 1.0466452 1.0489802 1.1813184 1.1108752 1.0004494 0.7927417 1.0004494 1.0004494 1.0215882 1.1083716 1.1237881 1.1237881 1.1030279 1.1619674 1.1619674 1.1619674 0.9948613 0.9948613 0.0000010 1.0888593 1.0826219 1.2311469 1.0957516 1.0957516 1.0618958 1.6167979 0.9997959 1.2534209 1.1879163 1.1267078 1.0999691 1.2271459 1.1415775 1.0993047 1.2009067 1.1676823 1.1454663 1.0021600 1.0444528 1.1115166 1.0683881 0.9187142 0.8100689 2.1981829 0.9191874 1.3158365 1.2865563 1.1937320 1.5845839 1.5684213 1.6771697 1.5217339 1.4679731 1.2749894 1.1607168 1.2119419 1.0537347 1.4136831 1.3118799 1.1975483 1.3214666 1.1028280 1.0901987 1.8522191 1.4182234 1.4300715 1.3377323 1.4634098 1.3612389 1.3374866 1.2263463 1.2228996 1.3849765 1.4123472 1.7829985 1.9542537 1.8781393 0.9197447 
Spolac_c102100_g1_i3_m.27959c100725-g1              0.1227053 0.1227053 0.0000010 0.0000000 0.5303783 0.7903969 0.7660174 0.7660174 1.1445956 1.1919381 1.2111653 1.2677131 1.6779610 0.9771923 1.2315514 1.0535745 1.1098463 1.0104463 0.7473134 1.8256555 1.0457630 0.9882513 1.2100890 0.9882513 1.0457630 1.1400868 1.1400868 1.2100890 1.0177425 1.0177425 1.2332831 1.2984674 1.3092334 1.3511724 1.3831017 1.2363807 0.7927417 1.0717657 1.2032000 1.2167473 1.3699829 1.1501286 1.1501286 1.2550456 1.3259466 1.3324767 1.3382323 0.9948613 0.9948613 4.2208783 1.2892007 1.0826219 1.2473168 1.1294439 1.1508641 1.1551703 1.6013357 1.0547957 1.2650813 1.2541395 1.2621778 1.2054211 1.2989069 1.2621739 1.3147280 1.2730099 1.3872766 1.3335777 1.1466694 1.1747590 1.2754656 1.3335995 1.0626348 0.9830879 1.0314606 1.3129486 1.5752142 1.6304553 1.5193546 1.5086665 1.7755429 1.9484986 1.7173980 1.8255745 1.4623912 1.4773519 1.5442740 1.0537347 1.5936032 1.4822727 1.4226317 1.5035675 1.3054693 1.3489015 2.1765726 1.5965252 1.5915314 1.6676807 1.4588228 1.4542125 1.4500859 1.3154513 1.3122462 1.4886275 1.5152201 1.7756418 2.2723852 2.2201120 1.1993089 
Spolac_c102100_g1_i2_m.27958c100725-g1              0.6021541 0.6021541 0.5303783 0.5303783 0.0000000 1.5007962 1.0409699 1.0409699 1.9596521 2.0957384 3.4490548 2.0156769 0.0000010 1.8503153 2.1157279 1.4480657 1.6110783 1.4960460 1.4798233 1.5014493 2.0293547 2.0293547 2.0293547 2.0293547 2.0293547 2.0293547 2.0293547 2.0293547 2.0293547 2.0293547 1.1261671 2.0755849 2.0819701 2.2197940 0.7518273 1.9210236 1.9210236 1.9210236 1.9210236 1.9492477 0.8438535 2.2156073 2.2156073 1.8309495 1.8687170 1.8687170 1.8687170 1.8639952 1.8639952 0.0000010 2.0162276 2.0162276 1.4567358 1.9997558 1.9997558 1.7071369 2.1758889 1.5722587 1.8957232 2.3056122 1.6995443 1.6544814 2.4221509 1.9550365 1.9202487 1.9138798 2.2025606 2.1483902 1.8752390 1.9245046 2.1559710 1.5588562 1.6244053 1.2742592 2.8503208 0.8385824 1.8948176 1.8729618 2.3357283 2.5099845 2.3358914 2.6187405 2.3002911 2.1617828 1.7123971 1.5756320 1.8709656 1.7054941 2.5277811 2.4981424 1.7072509 2.2863552 2.3422849 2.3422849 2.9678112 2.3748799 2.5242878 1.9394537 2.4581548 2.6793945 2.6542661 2.4866640 2.4735357 2.5019085 2.5019085 2.8490993 2.8989842 2.6719317 0.3662769 
Tetwil_g2106.t1                                     0.7970237 0.7970237 0.7417187 0.7903969 1.5007962 0.0000000 0.8295162 0.8295162 1.0417089 1.0914748 1.1715056 1.0603394 1.3339083 0.9643902 1.1831255 0.9428060 1.0223476 0.9555057 0.7513547 1.5895182 1.1666227 1.1271443 1.3349943 1.1271443 1.1666227 1.2611403 1.2611403 1.3349943 1.1627944 1.1627944 1.2299175 1.3313699 1.3373497 1.3870724 1.2944428 1.3870397 0.9969522 1.2502366 1.3771302 1.2858652 1.2910246 1.0985563 1.0985563 1.3274242 1.4070397 1.4291014 1.4195142 1.0840510 1.0840510 2.5010348 1.4324349 1.3298496 1.2844720 1.1211556 1.1961771 1.1274830 1.5778027 1.0864458 1.2488368 1.1381666 1.1702917 1.1674751 1.2624049 1.2692477 1.1902069 1.2286545 1.3871730 1.1706253 1.2618165 1.2940420 1.2498399 1.2932644 0.9911309 1.0092498 1.1208765 1.2422023 1.4288348 1.4186082 1.6013025 1.2673802 1.6235972 1.9265985 1.8688532 1.6492640 1.5011071 1.5213026 1.5117384 1.2489482 1.4237098 1.4174637 1.5121476 1.2659288 1.2551055 1.3695768 2.1952980 1.6033319 1.4958334 1.7524711 1.2741087 1.6312276 1.6674538 1.5510120 1.5518018 1.6133035 1.6314015 1.8262708 2.3705134 2.3510219 1.2541090 
Plespi_Pspi_scaffold8581_01                         0.7951248 0.7951248 0.7266306 0.7660174 1.0409699 0.8295162 0.0000000 0.0000010 0.9479883 0.9544793 1.7817080 0.9038806 1.0192579 0.9097493 0.8930629 0.8440243 0.8194246 0.7973318 0.9292887 2.2528179 1.1444508 1.1664738 1.1444508 1.1664738 1.1444508 1.1444508 1.1444508 1.1444508 1.2094726 1.2094726 1.1614298 1.1778743 1.1987615 1.1922626 1.0112839 1.1690572 1.0175340 1.0940410 1.1515584 1.1750596 1.1440380 1.2062052 1.2062052 1.1001113 1.2068787 1.1468217 1.2381624 1.1809740 1.1809740 2.1411334 1.2560949 1.1973551 1.1582547 1.2499422 1.2810151 1.0398709 1.0773441 0.8690167 0.9332387 1.0660743 0.9477692 0.9656442 1.0910852 1.2089147 1.0078876 0.9468464 1.2466503 1.1692232 1.1191188 1.1482171 1.1793948 1.2263831 0.9040693 0.8668768 2.5102701 0.8984055 0.9809102 0.9548111 1.0345599 1.1920787 1.4907343 1.4913443 1.4241838 1.2684720 1.1154326 1.2037355 1.1343627 1.1732869 1.3218585 1.2744023 1.2423666 1.3149943 1.1065320 1.1038393 1.4132882 1.4015053 1.5144184 1.3724963 1.4578336 1.3663482 1.3360126 1.2252738 1.2252738 1.3556473 1.3852350 1.5478510 1.7579550 1.6843781 0.7948337 
Plespi_Pspi_scaffold8583_01                         0.7951248 0.7951248 0.7266306 0.7660174 1.0409699 0.8295162 0.0000010 0.0000000 0.9479883 0.9544793 1.7817080 0.9038806 1.0192579 0.9097493 0.8930629 0.8440243 0.8194246 0.7973318 0.9292887 2.2528179 1.1444508 1.1664738 1.1444508 1.1664738 1.1444508 1.1444508 1.1444508 1.1444508 1.2094726 1.2094726 1.1614298 1.1778743 1.1987615 1.1922626 1.0112839 1.1690572 1.0175340 1.0940410 1.1515584 1.1750596 1.1440380 1.2062052 1.2062052 1.1001113 1.2068787 1.1468217 1.2381624 1.1809740 1.1809740 2.1411334 1.2560949 1.1973551 1.1582547 1.2499422 1.2810151 1.0398709 1.0773441 0.8690167 0.9332387 1.0660743 0.9477692 0.9656442 1.0910852 1.2089147 1.0078876 0.9468464 1.2466503 1.1692232 1.1191188 1.1482171 1.1793948 1.2263831 0.9040693 0.8668768 2.5102701 0.8984055 0.9809102 0.9548111 1.0345599 1.1920787 1.4907343 1.4913443 1.4241838 1.2684720 1.1154326 1.2037355 1.1343627 1.1732869 1.3218585 1.2744023 1.2423666 1.3149943 1.1065320 1.1038393 1.4132882 1.4015053 1.5144184 1.3724963 1.4578336 1.3663482 1.3360126 1.2252738 1.2252738 1.3556473 1.3852350 1.5478510 1.7579550 1.6843781 0.7948337 
Spis_XP_022779791_1                                 1.1251459 1.1251459 1.0145547 1.1445956 1.9596521 1.0417089 0.9479883 0.9479883 0.0000000 0.0724909 0.1623625 0.2197741 0.3547668 0.3693114 0.5467155 0.6064892 0.6680091 0.7855583 0.6313345 1.6028137 0.9022223 0.8768925 1.0498610 0.8768925 0.9022223 0.9527243 0.9527243 1.0498610 0.8786161 0.8786161 0.9392525 1.0807471 1.0987689 1.1623071 1.0851992 1.2672552 0.8211028 1.0025357 1.2231067 1.1633276 1.1213252 1.0007264 1.0007264 1.1371857 1.3096848 1.2866909 1.3263216 0.8889900 0.8889900 3.6360068 1.2369040 1.0545199 1.1124768 1.0329722 1.0378954 1.0695315 1.3903657 1.0850880 1.0807658 1.0759527 1.0508306 0.9432811 1.1733098 1.1447841 1.1661826 1.0727564 1.2349014 1.0663844 1.0536726 1.0598275 1.1200890 1.1651135 1.4416896 1.4556585 1.5033712 1.1478277 1.5903050 1.3244059 1.4196704 1.3277204 1.5243561 1.8147577 1.7394352 1.7376099 1.3091232 1.3946158 1.4128931 1.2521488 1.5608841 1.5778982 1.4536330 1.3145393 1.2136356 1.4912764 2.5803256 1.5123249 1.4604851 1.9134760 1.3440396 1.2549454 1.2610036 1.1260887 1.1255807 1.2003350 1.2349687 1.8240860 2.2767165 2.3050861 1.0984867 
Pocdam_XM_027195264.1                               1.1641196 1.1641196 1.0396595 1.1919381 2.0957384 1.0914748 0.9544793 0.9544793 0.0724909 0.0000000 0.1977701 0.2141626 0.3929845 0.3746275 0.5293513 0.6531806 0.6620585 0.7869063 0.6431856 1.5615411 0.8401856 0.8155182 0.9781715 0.8155182 0.8401856 0.8970762 0.8970762 0.9781715 0.8534848 0.8534848 0.8889315 1.0320586 1.0403919 1.1169964 1.0422590 1.1832686 0.7859557 0.9333007 1.1424532 1.1240129 1.0565521 0.9650678 0.9650678 1.0553584 1.2564609 1.2083668 1.2459406 0.8559699 0.8559699 3.4870438 1.1543403 0.9889049 1.0503861 0.9975097 0.9992019 1.1101166 1.4062187 1.1115551 1.1592826 1.0776441 1.0290763 1.0081574 1.2713696 1.1616275 1.1988727 1.1251550 1.1910727 1.0582123 0.9832255 0.9889594 1.0804018 1.1657042 1.4537114 1.5119426 1.5121409 1.1875504 1.5861390 1.3270907 1.4681155 1.3825979 1.5118741 1.8515925 1.7654796 1.7580375 1.3363437 1.3991510 1.4289079 1.2740433 1.5443896 1.5943142 1.4570323 1.3293348 1.2239212 1.5036929 2.6599253 1.5627245 1.4672404 1.8375811 1.4097020 1.2325023 1.2296367 1.1075436 1.1070433 1.2165890 1.2397715 1.7277583 2.3453492 2.3765321 1.0694799 
Fspp_ffun1.m4.24091.m1                              1.2133792 1.2133792 1.2111653 1.2111653 3.4490548 1.1715056 1.7817080 1.7817080 0.1623625 0.1977701 0.0000000 0.2515719 0.0000010 0.4055364 1.0812058 0.7707444 0.8600316 0.9746355 0.8982570 2.2294481 1.3245416 1.3245416 1.3245416 1.3245416 1.3245416 1.3245416 1.3245416 1.3245416 1.3245416 1.3245416 1.9084682 1.2598431 1.2672305 1.4440034 1.0841841 1.1791024 1.1791024 1.1791024 1.1791024 1.2075427 1.5215513 1.2645451 1.2645451 1.0904146 1.3649082 1.3649082 1.3649082 1.0929061 1.0929061 0.0000010 1.2734702 1.2734702 1.8184896 1.3077491 1.3077491 1.4994559 3.3436988 1.3381464 1.9931815 1.6470920 1.7256657 1.6802333 1.7987661 1.5100150 1.6620829 1.4247338 1.6350359 1.4235454 1.1322641 1.0791079 1.1792612 1.2374952 2.2512141 1.9354318 3.2826387 1.4122546 2.7606749 2.1011341 1.9146137 1.8710958 1.6420087 2.0004298 2.0595798 1.6923716 1.7325316 1.5544218 1.6645775 2.0582660 1.5892228 1.4524774 1.7635771 1.9414314 1.5367475 1.5367475 8.9999989 1.3239406 1.4949984 1.8418994 1.9291207 1.5922913 1.6568172 1.3623500 1.3606919 1.6029084 1.6029084 2.5321437 3.0761763 3.3498859 0.0000010 
Gasp_gasp1.m3.8700.m1                               1.1992959 1.1992959 1.1319539 1.2677131 2.0156769 1.0603394 0.9038806 0.9038806 0.2197741 0.2141626 0.2515719 0.0000000 0.3522783 0.3786984 0.4337941 0.6968728 0.7231783 0.7735843 0.5884922 1.3406757 1.0095169 0.9911099 1.1527988 0.9911099 1.0095169 1.0596037 1.0596037 1.1527988 1.0623382 1.0623382 0.9370727 1.2150493 1.2298955 1.3021836 1.0996669 1.3233677 0.8993926 1.0585266 1.2829798 1.2245897 1.0396797 1.1044610 1.1044610 1.1817072 1.2493460 1.2036474 1.2445721 1.0432214 1.0432214 3.4329120 1.3244882 1.1562070 1.0667490 1.0092908 0.9999265 0.9881907 1.2976333 0.9777872 1.1101830 1.1143623 1.1462135 1.0887098 1.2865097 1.2331254 1.2643965 1.1616362 1.2408537 1.0750955 1.0390374 1.0533787 1.0998349 1.1610237 1.4805508 1.3492635 1.4256784 1.1694306 1.5936555 1.4459232 1.4874734 1.2989140 1.6759690 1.8283027 2.0000867 1.7120359 1.4539925 1.4025706 1.5098236 1.2979164 1.7133166 1.6375017 1.5684507 1.4105421 1.3835087 1.5892021 2.4283141 1.6790115 1.5165111 1.9765561 1.3828663 1.3661217 1.3630375 1.2524694 1.2524914 1.3734678 1.4023488 1.8428261 2.4992031 2.4966752 1.0901294 
Gfas_gfas1.m1.3827.m1                               1.7701805 1.7701805 1.7155743 1.6779610 0.0000010 1.3339083 1.0192579 1.0192579 0.3547668 0.3929845 0.0000010 0.3522783 0.0000000 0.3270858 0.4029068 0.8110498 0.9533045 1.0586286 1.0208837 1.1687753 1.1167196 1.2099144 1.6990953 1.2099144 1.1167196 1.3029983 1.3029983 1.6990953 0.0000010 0.0000010 1.3029983 1.7426926 1.7783137 1.7674779 1.7674779 1.9945597 0.0000010 1.4372894 1.9594312 1.6297729 1.6825820 1.2711629 1.2711629 1.7828876 1.6176638 1.8170464 1.7578040 0.0000010 0.0000010 3.2592395 1.9979301 2.0404634 1.8764799 1.2267213 1.1994600 1.0609367 1.0609367 1.3763962 1.1617566 1.2247120 1.1446805 1.3520679 1.4120361 1.5579080 1.6580664 1.5760027 1.8164775 1.4295170 1.5413468 1.4751913 1.4716637 1.4182888 1.8785700 2.4336099 1.6083983 2.2609514 2.5949889 2.1287961 2.2588696 1.3837565 2.6854199 3.1375290 3.0202410 2.8051892 2.9438804 3.1066904 3.1612142 1.8243164 2.9851747 3.3045347 2.8328440 2.0960219 7.7185551 2.8765141 2.8765141 4.1761198 2.9214320 3.6730418 1.8150315 1.3545624 1.4015315 1.2630886 1.2630886 1.4199124 1.5084113 1.8539492 3.8094180 3.8094180 1.5091358 
Adig_XM_015892827.1                                 1.0155926 1.0155926 0.9375555 0.9771923 1.8503153 0.9643902 0.9097493 0.9097493 0.3693114 0.3746275 0.4055364 0.3786984 0.3270858 0.0000000 0.1566136 0.5580014 0.5836208 0.7289687 0.6580871 1.1291447 1.0194867 0.9914369 1.0603652 0.9914369 1.0194867 1.0603652 1.0603652 1.0603652 1.0413115 1.0413115 0.9864218 1.0117246 1.0044390 1.1452104 0.8558391 1.0382270 0.8871843 1.0382270 1.0382270 0.9802564 0.7859599 0.9658722 0.9658722 0.9607004 1.1079057 1.1079057 1.1079057 0.9525842 0.9525842 0.0000010 1.0652946 1.0816251 1.1025667 1.0867513 1.0986748 0.9264678 1.3143912 0.9443475 1.0562723 0.8779942 0.9915314 0.9843848 1.0892544 1.0315711 1.0962517 1.0630228 1.0740498 1.0043176 0.9905295 1.0271211 1.0485198 1.0318725 1.1839761 1.1410924 1.6120617 0.9578429 1.3990585 1.1866486 1.2089421 1.2791638 1.4965052 1.5955191 1.5193474 1.4875220 1.2669685 1.2425991 1.2203701 1.2292301 1.2324088 1.2396224 1.2774638 1.1268582 1.2842586 1.2728495 2.2698096 1.3527452 1.2595548 1.3868295 1.3262237 1.3385406 1.3287132 1.2472005 1.2466069 1.2911147 1.3177449 1.8436918 1.9691639 1.9593908 0.9479051 
Amil_Amillepora26155-RA                             1.2734147 1.2734147 1.1510148 1.2315514 2.1157279 1.1831255 0.8930629 0.8930629 0.5467155 0.5293513 1.0812058 0.4337941 0.4029068 0.1566136 0.0000000 0.8221370 0.8427417 0.9298265 0.8304458 1.2342971 1.1903608 1.1686745 1.2858280 1.1686745 1.1903608 1.1881045 1.1881045 1.2858280 1.2778068 1.2778068 0.9096266 1.4149215 1.4195946 1.5403789 1.1175462 1.4535210 1.1379713 1.2356926 1.4412003 1.3289566 1.0139870 1.1480848 1.1480848 1.2761225 1.2970270 1.2779308 1.3188904 1.2617434 1.2617434 3.7934300 1.4771397 1.3619768 1.0752479 1.0577182 1.0814208 1.1602575 1.3569563 1.1746156 1.2841105 1.2406946 1.2278786 1.2522185 1.3773061 1.3967358 1.4303110 1.3539057 1.3170954 1.1850151 1.2946373 1.3207503 1.3389302 1.3346131 1.3825959 1.4605448 1.6043733 1.1354397 1.6430750 1.5133232 1.4925658 1.3040859 1.8236828 1.8176042 2.0327877 1.9486460 1.4611453 1.5362134 1.4971386 1.4259601 1.8363895 1.8206194 1.6330659 1.4792365 1.4693803 1.6409437 2.3468101 1.8079736 1.7567117 2.0147145 1.5341092 1.5304213 1.5221168 1.4868129 1.4869688 1.5211253 1.5548611 1.9518533 2.4623321 2.4419961 1.1604013 
Exapal_XM_021045260.2                               1.0264303 1.0264303 0.8943054 1.0535745 1.4480657 0.9428060 0.8440243 0.8440243 0.6064892 0.6531806 0.7707444 0.6968728 0.8110498 0.5580014 0.8221370 0.0000000 0.4843081 0.6721534 0.6011157 1.2886403 0.7785137 0.7540033 0.9608732 0.7540033 0.7785137 0.8849542 0.8849542 0.9608732 0.7697512 0.7697512 0.8813480 1.0037324 1.0007433 1.0086611 0.9988735 1.0773224 0.7123717 0.8742595 1.0397667 1.0130528 1.0845137 0.8954684 0.8954684 0.9599365 1.0942995 1.0546722 1.0905531 0.8090471 0.8090471 2.2511895 1.1030811 0.9804397 1.0237513 0.9213451 0.9080306 0.9409466 1.2416179 0.8329509 0.9301263 0.8615428 0.8574935 0.8879661 0.9774681 1.0438780 1.0538234 0.9428396 1.0752345 1.0693724 1.0713710 1.1036137 1.0594323 1.0625308 1.2277720 1.2178262 1.6782065 1.1131599 1.3570363 1.4231932 1.3447335 1.0429244 1.6394669 1.8568558 1.5696930 1.7606113 1.3589196 1.4362208 1.4338629 1.0098369 1.4056221 1.4593851 1.2922971 1.2844111 1.2652570 1.3774437 2.3413815 1.2751043 1.3134115 1.8135807 1.3409045 1.2306312 1.2087309 1.1146032 1.1140963 1.1101218 1.1305595 1.8203981 2.1193337 2.1346633 1.2883210 
Nvec_v1g239593                                      1.1026810 1.1026810 0.9389659 1.1098463 1.6110783 1.0223476 0.8194246 0.8194246 0.6680091 0.6620585 0.8600316 0.7231783 0.9533045 0.5836208 0.8427417 0.4843081 0.0000000 0.7881933 0.6590293 1.3353320 0.7801899 0.7472061 0.9983777 0.7472061 0.7801899 0.9272322 0.9272322 0.9983777 0.7484654 0.7484654 0.9934915 1.0421721 1.0509672 1.1359331 1.1910942 1.1391235 0.7180678 0.9467718 1.1312088 1.0469910 1.2500456 1.1023676 1.1023676 0.9611757 1.1815458 1.1462857 1.1749243 0.7457078 0.7457078 2.4915007 1.0246915 0.8641071 0.9034047 1.0088903 0.9737542 0.9666359 1.3687972 0.9111188 1.0266460 0.8959969 0.9165401 0.8810113 1.0691520 1.1377930 1.0800635 1.0512190 1.0391207 1.1197798 1.1042186 1.1592947 1.0975626 1.0473934 1.2586109 1.3020073 1.6588060 1.1802558 1.5641852 1.4405341 1.4576654 1.1747160 1.5038585 1.7916691 1.5100885 1.6259154 1.2795057 1.2664839 1.2707734 0.9831143 1.3428275 1.3941740 1.4077710 1.2766008 1.1767590 1.3397596 2.2402206 1.4025872 1.5345707 1.5664160 1.3295854 1.3356960 1.3455580 1.2175557 1.2170170 1.3149625 1.3406772 1.8533668 2.0172667 2.1136539 1.2750448 
Dgig_XM_028547984.1                                 0.9837882 0.9837882 0.8892452 1.0104463 1.4960460 0.9555057 0.7973318 0.7973318 0.7855583 0.7869063 0.9746355 0.7735843 1.0586286 0.7289687 0.9298265 0.6721534 0.7881933 0.0000000 0.2321911 0.5363119 0.8289029 0.8172444 0.9992005 0.8172444 0.8289029 0.9261220 0.9261220 0.9992005 0.7842004 0.7842004 0.9394071 1.0514998 1.0709106 1.0867541 1.0345826 1.0579835 0.7457064 0.8761043 1.0359805 0.9979078 1.0516926 0.9086531 0.9086531 0.9843002 1.0753757 1.0405234 1.0745995 0.8108851 0.8108851 3.3577280 1.1901486 0.9743972 0.9763757 0.9081163 0.8947198 0.8835828 1.2458481 0.8599201 0.8666890 1.0134404 0.9074826 0.9878275 0.9918692 1.0967871 1.0608151 0.9388378 1.0781416 1.0370908 0.8572952 0.8918747 0.8457493 1.0131873 1.1892099 1.0831898 1.6032063 1.1370717 1.3764652 1.3391372 1.5130654 1.0968071 1.5765420 1.7008564 1.7252555 1.6572569 1.5520921 1.2283122 1.1750480 0.9123524 1.3201681 1.4371333 1.2598014 1.2599151 1.1255607 1.3450887 2.4246739 1.5056048 1.4258727 1.6246377 1.0898853 1.3808222 1.3356302 1.2423978 1.2296225 1.3521233 1.3790765 1.4498370 2.2326978 2.2140220 1.0601985 
Xesp_000844-T1                                      0.7127371 0.7127371 0.7473134 0.7473134 1.4798233 0.7513547 0.9292887 0.9292887 0.6313345 0.6431856 0.8982570 0.5884922 1.0208837 0.6580871 0.8304458 0.6011157 0.6590293 0.2321911 0.0000000 1.1885851 0.8063729 0.8063729 0.8063729 0.8063729 0.8063729 0.8063729 0.8063729 0.8063729 0.8171103 0.8171103 0.7208676 0.7638949 0.7588446 0.8311522 0.5123494 0.7821254 0.7304531 0.7821254 0.7821254 0.7981512 0.6133919 0.8024344 0.8024344 0.7878871 0.8675185 0.8675185 0.8675185 0.8600293 0.8600293 0.0000010 0.9033782 0.9033782 0.8324636 0.7108642 0.7108642 0.8340062 1.4070270 0.7507804 0.7934007 0.8959220 0.9066759 0.8734037 0.8880055 0.9051357 0.8715992 0.7877142 0.8791269 0.9730581 0.7498544 0.7989838 0.8052139 0.7942408 0.9690530 0.9591830 1.8670070 0.6914496 1.2144074 1.1037102 1.1517481 1.0109111 1.2361271 1.3486373 1.4922999 1.2153974 1.1712185 0.8426155 0.8449957 0.9287283 1.0735344 1.0715573 0.9693312 1.0574060 0.9630453 1.0099863 2.2127736 1.0948961 1.1628810 1.1266769 1.0064278 1.2660840 1.2745621 1.1798537 1.1628655 1.2077527 1.2077527 1.5535286 1.9961740 1.9483224 0.6890023 
Xesp_000843-T1                                      1.8033245 1.8033245 1.3276942 1.8256555 1.5014493 1.5895182 2.2528179 2.2528179 1.6028137 1.5615411 2.2294481 1.3406757 1.1687753 1.1291447 1.2342971 1.2886403 1.3353320 0.5363119 1.1885851 0.0000000 0.9319434 0.9319434 1.4939071 0.9319434 0.9319434 1.2400493 1.2400493 1.4939071 0.9319434 0.9319434 1.2639974 2.0141127 2.1687740 1.8204633 2.2930054 1.8667877 0.7232408 1.0755829 1.8316018 1.6766348 2.0698653 1.1564413 1.1564413 1.8187641 2.1749330 2.0960363 2.1482226 1.3555148 1.3555148 2.9660460 1.9334589 1.2290216 1.3990719 1.3019404 1.5270525 1.4537533 1.5234125 1.1652014 1.2521361 1.5292785 1.3703024 1.4539693 1.3535722 1.7096310 1.8097961 1.4026367 2.2536903 1.9345317 1.7609940 1.6908051 1.5854366 1.6818068 1.8961799 2.1198459 1.7045711 3.7009524 2.8516434 3.2403882 3.4873899 1.3662147 2.2335917 2.2022438 2.5053942 2.7256816 3.1678023 2.5236344 2.1755526 1.3752102 2.5963622 2.9617889 2.3637326 2.1981921 4.4398511 3.0502269 3.5181911 2.6033786 2.6851968 3.3964138 1.5411889 1.5984905 1.7830169 1.5391088 1.5391088 1.9606601 1.9606601 1.9360123 3.5752198 3.5752198 1.6391551 
Bolinf_Binf_sb1256305                               1.1179356 1.1179356 1.0457630 1.0457630 2.0293547 1.1666227 1.1444508 1.1444508 0.9022223 0.8401856 1.3245416 1.0095169 1.1167196 1.0194867 1.1903608 0.7785137 0.7801899 0.8289029 0.8063729 0.9319434 0.0000000 0.0000010 0.0000010 0.0000010 0.0000010 0.0000010 0.0000010 0.0000010 0.0000010 0.0000010 0.0136288 0.1671429 0.1727193 0.2604263 0.2264105 0.3214398 0.3486623 0.3214398 0.3214398 0.4191330 0.2757033 0.4230363 0.4230363 0.3712026 0.4671739 0.4671739 0.4671739 0.5155362 0.5155362 0.0000010 0.4424542 0.4424542 0.4769917 0.4994001 0.4994001 1.2341028 1.8089652 1.0408765 1.1804252 1.1532052 1.0733141 1.1197558 1.1572912 1.3370240 1.0016744 1.0762604 1.0775969 0.9893451 0.8268775 0.8872852 0.8967506 1.0124197 1.2712473 1.4269315 2.7786994 0.9357906 1.5349367 1.3403416 1.3390990 1.2713364 1.6159435 1.6095027 1.6877008 1.5499600 1.3467391 1.2622489 1.3647550 1.1745086 1.4850281 1.4084239 1.2201122 1.2718377 1.2304557 1.2484771 2.2046818 1.3053939 1.4365117 1.5036090 1.2829130 1.5639951 1.5366160 1.3864951 1.3901308 1.3114781 1.3434331 1.7456851 1.9669661 1.9452613 0.8380331 
Bolinf_Binf_sb1256306                               1.0579048 1.0579048 0.9882513 0.9882513 2.0293547 1.1271443 1.1664738 1.1664738 0.8768925 0.8155182 1.3245416 0.9911099 1.2099144 0.9914369 1.1686745 0.7540033 0.7472061 0.8172444 0.8063729 0.9319434 0.0000010 0.0000000 0.0000010 0.0000010 0.0000010 0.0000010 0.0000010 0.0000010 0.0000010 0.0000010 0.0150908 0.1726014 0.1785526 0.2542306 0.2103447 0.3275730 0.3486623 0.3275730 0.3275730 0.4321413 0.2568033 0.4230139 0.4230139 0.3956597 0.5060747 0.5060747 0.5060747 0.5155362 0.5155362 0.0000010 0.4343541 0.4343541 0.4687098 0.4867255 0.4867255 1.2241289 1.8373397 1.0235882 1.1543319 1.1053309 1.0621335 1.0887298 1.1646409 1.2908701 0.9955513 1.0228706 1.0801566 0.9708219 0.8230695 0.8873245 0.8917962 0.9969377 1.2323477 1.3560553 2.7786994 0.8974843 1.5429376 1.3033746 1.3080410 1.2277740 1.5865891 1.5603940 1.6380893 1.5058435 1.3128591 1.2309456 1.3256732 1.1733661 1.4411284 1.3504377 1.1982606 1.2463083 1.2304557 1.2360823 2.3362124 1.2701862 1.3652002 1.4655827 1.2214804 1.5719444 1.5425212 1.3814247 1.3852783 1.3164248 1.3507051 1.6991958 1.9592948 1.9358785 0.7595069 
Bolinf_Binf_sb1256307                               1.2561356 1.2561356 1.1098705 1.2100890 2.0293547 1.3349943 1.1444508 1.1444508 1.0498610 0.9781715 1.3245416 1.1527988 1.6990953 1.0603652 1.2858280 0.9608732 0.9983777 0.9992005 0.8063729 1.4939071 0.0000010 0.0000010 0.0000000 0.0000010 0.0000010 0.0000010 0.0000010 0.0000010 0.0000010 0.0000010 0.0104430 0.1847748 0.1846666 0.2655631 0.2455893 0.3312254 0.3486623 0.3164960 0.3312254 0.4545631 0.2815947 0.4095291 0.4095291 0.3831273 0.4806846 0.4806846 0.4806846 0.5155362 0.5155362 0.5802035 0.4258794 0.4428977 0.4754367 0.4885039 0.5177191 1.4076376 1.9074681 1.2651066 1.3154129 1.2914696 1.2210855 1.3165205 1.2805755 1.5641330 1.1909855 1.2627751 1.2552475 1.1127601 0.9674169 1.0742657 1.0838152 1.1978459 1.4970796 1.6084326 2.1048793 1.3004912 1.7814017 1.6794612 1.6669049 1.4196411 1.9879230 1.8864759 2.0310284 1.9311421 1.6644518 1.6079259 1.7042366 1.1745086 1.7646296 1.6333466 1.5282224 1.5202466 1.4681769 1.5905524 2.8977806 1.5787508 1.7781644 1.8552907 1.4129988 1.6616128 1.6514358 1.4968207 1.5001508 1.4815995 1.5126537 1.7532717 2.2988024 2.2993589 1.2382171 
Bolinf_Binf_sb1256285                               1.0579048 1.0579048 0.9882513 0.9882513 2.0293547 1.1271443 1.1664738 1.1664738 0.8768925 0.8155182 1.3245416 0.9911099 1.2099144 0.9914369 1.1686745 0.7540033 0.7472061 0.8172444 0.8063729 0.9319434 0.0000010 0.0000010 0.0000010 0.0000000 0.0000010 0.0000010 0.0000010 0.0000010 0.0000010 0.0000010 0.0150908 0.1726014 0.1785526 0.2542306 0.2103447 0.3275730 0.3486623 0.3275730 0.3275730 0.4321413 0.2568033 0.4230139 0.4230139 0.3956597 0.5060747 0.5060747 0.5060747 0.5155362 0.5155362 0.0000010 0.4343541 0.4343541 0.4687098 0.4867255 0.4867255 1.2241289 1.8373397 1.0235882 1.1543319 1.1053309 1.0621335 1.0887298 1.1646409 1.2908701 0.9955513 1.0228706 1.0801566 0.9708219 0.8230695 0.8873245 0.8917962 0.9969377 1.2323477 1.3560553 2.7786994 0.8974843 1.5429376 1.3033746 1.3080410 1.2277740 1.5865891 1.5603940 1.6380893 1.5058435 1.3128591 1.2309456 1.3256732 1.1733661 1.4411284 1.3504377 1.1982606 1.2463083 1.2304557 1.2360823 2.3362124 1.2701862 1.3652002 1.4655827 1.2214804 1.5719444 1.5425212 1.3814247 1.3852783 1.3164248 1.3507051 1.6991958 1.9592948 1.9358785 0.7595069 
Bolinf_Binf_sb1256287                               1.1179356 1.1179356 1.0457630 1.0457630 2.0293547 1.1666227 1.1444508 1.1444508 0.9022223 0.8401856 1.3245416 1.0095169 1.1167196 1.0194867 1.1903608 0.7785137 0.7801899 0.8289029 0.8063729 0.9319434 0.0000010 0.0000010 0.0000010 0.0000010 0.0000000 0.0000010 0.0000010 0.0000010 0.0000010 0.0000010 0.0136288 0.1671429 0.1727193 0.2604263 0.2264105 0.3214398 0.3486623 0.3214398 0.3214398 0.4191330 0.2757033 0.4230363 0.4230363 0.3712026 0.4671739 0.4671739 0.4671739 0.5155362 0.5155362 0.0000010 0.4424542 0.4424542 0.4769917 0.4994001 0.4994001 1.2341028 1.8089652 1.0408765 1.1804252 1.1532052 1.0733141 1.1197558 1.1572912 1.3370240 1.0016744 1.0762604 1.0775969 0.9893451 0.8268775 0.8872852 0.8967506 1.0124197 1.2712473 1.4269315 2.7786994 0.9357906 1.5349367 1.3403416 1.3390990 1.2713364 1.6159435 1.6095027 1.6877008 1.5499600 1.3467391 1.2622489 1.3647550 1.1745086 1.4850281 1.4084239 1.2201122 1.2718377 1.2304557 1.2484771 2.2046818 1.3053939 1.4365117 1.5036090 1.2829130 1.5639951 1.5366160 1.3864951 1.3901308 1.3114781 1.3434331 1.7456851 1.9669661 1.9452613 0.8380331 
Bolinf_Binf_sb1256289                               1.1981266 1.1981266 1.1098705 1.1400868 2.0293547 1.2611403 1.1444508 1.1444508 0.9527243 0.8970762 1.3245416 1.0596037 1.3029983 1.0603652 1.1881045 0.8849542 0.9272322 0.9261220 0.8063729 1.2400493 0.0000010 0.0000010 0.0000010 0.0000010 0.0000010 0.0000000 0.0000010 0.0000010 0.0000010 0.0000010 0.0104430 0.1814450 0.1813343 0.2522691 0.2226448 0.3308053 0.3486623 0.3164960 0.3308053 0.4340093 0.2857633 0.4095291 0.4095291 0.3872447 0.4848578 0.4848578 0.4848578 0.5155362 0.5155362 0.8360461 0.4217458 0.4428977 0.4629083 0.4793100 0.4990838 1.3195253 1.8134706 1.1775905 1.2524930 1.2432770 1.1491917 1.2392965 1.2225573 1.4674782 1.1251742 1.1670382 1.2492546 1.0526119 0.9721519 1.0614288 1.0838152 1.1585748 1.4515133 1.5117119 1.9286231 1.2375874 1.7306154 1.5728620 1.5945017 1.3578438 1.8627477 1.8430505 1.9383421 1.8463370 1.5926773 1.5271315 1.6408113 1.1745086 1.7355927 1.6063428 1.4575857 1.3979716 1.4681769 1.4620313 2.6000141 1.5787508 1.6864991 1.7090259 1.3378669 1.6537356 1.6436388 1.4893009 1.4926213 1.4745161 1.5054626 1.7532717 2.2292480 2.2256067 1.0938700 
Bolinf_Binf_sb1256293                               1.1981266 1.1981266 1.1098705 1.1400868 2.0293547 1.2611403 1.1444508 1.1444508 0.9527243 0.8970762 1.3245416 1.0596037 1.3029983 1.0603652 1.1881045 0.8849542 0.9272322 0.9261220 0.8063729 1.2400493 0.0000010 0.0000010 0.0000010 0.0000010 0.0000010 0.0000010 0.0000000 0.0000010 0.0000010 0.0000010 0.0104430 0.1814450 0.1813343 0.2522691 0.2226448 0.3308053 0.3486623 0.3164960 0.3308053 0.4340093 0.2857633 0.4095291 0.4095291 0.3872447 0.4848578 0.4848578 0.4848578 0.5155362 0.5155362 0.8360461 0.4217458 0.4428977 0.4629083 0.4793100 0.4990838 1.3195253 1.8134706 1.1775905 1.2524930 1.2432770 1.1491917 1.2392965 1.2225573 1.4674782 1.1251742 1.1670382 1.2492546 1.0526119 0.9721519 1.0614288 1.0838152 1.1585748 1.4515133 1.5117119 1.9286231 1.2375874 1.7306154 1.5728620 1.5945017 1.3578438 1.8627477 1.8430505 1.9383421 1.8463370 1.5926773 1.5271315 1.6408113 1.1745086 1.7355927 1.6063428 1.4575857 1.3979716 1.4681769 1.4620313 2.6000141 1.5787508 1.6864991 1.7090259 1.3378669 1.6537356 1.6436388 1.4893009 1.4926213 1.4745161 1.5054626 1.7532717 2.2292480 2.2256067 1.0938700 
Bolinf_Binf_sb1256297                               1.2561356 1.2561356 1.1098705 1.2100890 2.0293547 1.3349943 1.1444508 1.1444508 1.0498610 0.9781715 1.3245416 1.1527988 1.6990953 1.0603652 1.2858280 0.9608732 0.9983777 0.9992005 0.8063729 1.4939071 0.0000010 0.0000010 0.0000010 0.0000010 0.0000010 0.0000010 0.0000010 0.0000000 0.0000010 0.0000010 0.0104430 0.1847748 0.1846666 0.2655631 0.2455893 0.3312254 0.3486623 0.3164960 0.3312254 0.4545631 0.2815947 0.4095291 0.4095291 0.3831273 0.4806846 0.4806846 0.4806846 0.5155362 0.5155362 0.5802035 0.4258794 0.4428977 0.4754367 0.4885039 0.5177191 1.4076376 1.9074681 1.2651066 1.3154129 1.2914696 1.2210855 1.3165205 1.2805755 1.5641330 1.1909855 1.2627751 1.2552475 1.1127601 0.9674169 1.0742657 1.0838152 1.1978459 1.4970796 1.6084326 2.1048793 1.3004912 1.7814017 1.6794612 1.6669049 1.4196411 1.9879230 1.8864759 2.0310284 1.9311421 1.6644518 1.6079259 1.7042366 1.1745086 1.7646296 1.6333466 1.5282224 1.5202466 1.4681769 1.5905524 2.8977806 1.5787508 1.7781644 1.8552907 1.4129988 1.6616128 1.6514358 1.4968207 1.5001508 1.4815995 1.5126537 1.7532717 2.2988024 2.2993589 1.2382171 
Mertsp_Mesp_sb570603                                1.0537005 1.0537005 1.0177425 1.0177425 2.0293547 1.1627944 1.2094726 1.2094726 0.8786161 0.8534848 1.3245416 1.0623382 0.0000010 1.0413115 1.2778068 0.7697512 0.7484654 0.7842004 0.8171103 0.9319434 0.0000010 0.0000010 0.0000010 0.0000010 0.0000010 0.0000010 0.0000010 0.0000010 0.0000000 0.0000010 0.0208709 0.1701686 0.1773279 0.2673628 0.2192760 0.3622002 0.3622002 0.3622002 0.3622002 0.3968665 0.2720029 0.4706840 0.4706840 0.3932838 0.5500284 0.5500284 0.5500284 0.5155362 0.5155362 0.0000010 0.4330008 0.4330008 0.4766536 0.4205391 0.4205391 1.2582110 2.0763329 1.0479265 1.1696300 1.1621539 1.0983427 1.0870572 1.1788054 1.3364691 1.0746039 1.0555691 1.2048151 1.0936766 0.8474892 0.9377289 0.9366407 1.0214059 1.2496396 1.2831014 2.7786994 0.7050926 1.4330377 1.3216006 1.2760165 1.3211988 1.5671367 1.5319804 1.5201299 1.5207454 1.1780261 1.1061935 1.1909697 1.1000547 1.2978794 1.3122789 1.0902708 1.1194141 1.2016815 1.2016815 3.3497508 1.1390593 1.3460397 1.4463119 1.3542023 1.6820470 1.6305168 1.4835743 1.4887619 1.3345914 1.3345914 1.9649174 1.8037891 1.7636626 0.6126867 
Mertsp_Mesp_sb570604                                1.0537005 1.0537005 1.0177425 1.0177425 2.0293547 1.1627944 1.2094726 1.2094726 0.8786161 0.8534848 1.3245416 1.0623382 0.0000010 1.0413115 1.2778068 0.7697512 0.7484654 0.7842004 0.8171103 0.9319434 0.0000010 0.0000010 0.0000010 0.0000010 0.0000010 0.0000010 0.0000010 0.0000010 0.0000010 0.0000000 0.0208709 0.1701686 0.1773279 0.2673628 0.2192760 0.3622002 0.3622002 0.3622002 0.3622002 0.3968665 0.2720029 0.4706840 0.4706840 0.3932838 0.5500284 0.5500284 0.5500284 0.5155362 0.5155362 0.0000010 0.4330008 0.4330008 0.4766536 0.4205391 0.4205391 1.2582110 2.0763329 1.0479265 1.1696300 1.1621539 1.0983427 1.0870572 1.1788054 1.3364691 1.0746039 1.0555691 1.2048151 1.0936766 0.8474892 0.9377289 0.9366407 1.0214059 1.2496396 1.2831014 2.7786994 0.7050926 1.4330377 1.3216006 1.2760165 1.3211988 1.5671367 1.5319804 1.5201299 1.5207454 1.1780261 1.1061935 1.1909697 1.1000547 1.2978794 1.3122789 1.0902708 1.1194141 1.2016815 1.2016815 3.3497508 1.1390593 1.3460397 1.4463119 1.3542023 1.6820470 1.6305168 1.4835743 1.4887619 1.3345914 1.3345914 1.9649174 1.8037891 1.7636626 0.6126867 
Mertsp_Mesp_sb570618                                1.2442319 1.2442319 1.2043607 1.2332831 1.1261671 1.2299175 1.1614298 1.1614298 0.9392525 0.8889315 1.9084682 0.9370727 1.3029983 0.9864218 0.9096266 0.8813480 0.9934915 0.9394071 0.7208676 1.2639974 0.0136288 0.0150908 0.0104430 0.0150908 0.0136288 0.0104430 0.0104430 0.0104430 0.0208709 0.0208709 0.0000000 0.1779932 0.1778430 0.2916792 0.2226448 0.3130776 0.3299690 0.2919094 0.3130776 0.4359140 0.2857633 0.3569987 0.3569987 0.3641126 0.4530660 0.4530660 0.4530660 0.4953630 0.4953630 0.8360461 0.4448501 0.4844579 0.4796382 0.5118878 0.5411811 1.3709067 1.3247829 1.1520309 1.1855769 1.1469389 1.1042393 1.1685736 1.1089678 1.5097307 0.9334480 1.0765334 1.1598370 0.9948678 1.0488612 1.1037662 1.1106499 1.2044362 1.4019484 1.5287345 1.9286231 1.3748180 1.4053326 1.2520676 1.4362350 1.3279803 1.9877718 1.7885123 2.0956207 1.9042074 1.6421296 1.7503804 1.7529894 1.2506561 2.1311337 1.8598692 1.5624622 1.5145860 1.6534638 1.5951642 2.2202558 1.9633832 1.7539650 1.7380587 1.2762552 1.7645332 1.7571682 1.6537737 1.6537737 1.5654840 1.6121093 1.5357310 2.2338717 2.2091407 1.0938700 
Mlei_ML2744.g28.i1                                  1.3641376 1.3641376 1.0466452 1.2984674 2.0755849 1.3313699 1.1778743 1.1778743 1.0807471 1.0320586 1.2598431 1.2150493 1.7426926 1.0117246 1.4149215 1.0037324 1.0421721 1.0514998 0.7638949 2.0141127 0.1671429 0.1726014 0.1847748 0.1726014 0.1671429 0.1814450 0.1814450 0.1847748 0.1701686 0.1701686 0.1779932 0.0000000 0.0064590 0.2799241 0.2701215 0.3169258 0.3362947 0.2991662 0.3079166 0.4464286 0.2883403 0.3614065 0.3614065 0.3981643 0.5238927 0.4686829 0.5161649 0.4444314 0.4444314 0.6308706 0.3565946 0.3283191 0.3797451 0.5056560 0.4989212 1.4418041 1.9497724 1.3827059 1.3382354 1.3546208 1.2823335 1.4036478 1.3627337 1.5745073 1.2388059 1.3146878 1.2541770 1.2146517 0.9769812 1.0880939 1.0915275 1.2161604 1.5844370 1.6444369 2.6583498 1.3296765 1.8257606 1.8574410 1.7711279 1.4774668 2.0397762 2.0606273 2.0087569 1.8580816 1.6600607 1.6556010 1.6772508 1.2125661 1.7122560 1.5953254 1.6846330 1.6022136 1.3424661 1.6463394 3.0076075 1.5421971 1.8185091 1.7995478 1.5245174 1.6716064 1.6748844 1.4977849 1.5011362 1.5207914 1.5531747 1.6013767 2.4379242 2.5046388 1.3466547 
Vmul_sbMO425243                                     1.3756909 1.3756909 1.0489802 1.3092334 2.0819701 1.3373497 1.1987615 1.1987615 1.0987689 1.0403919 1.2672305 1.2298955 1.7783137 1.0044390 1.4195946 1.0007433 1.0509672 1.0709106 0.7588446 2.1687740 0.1727193 0.1785526 0.1846666 0.1785526 0.1727193 0.1813343 0.1813343 0.1846666 0.1773279 0.1773279 0.1778430 0.0064590 0.0000000 0.2759135 0.2646390 0.3141539 0.3378613 0.2940384 0.3033655 0.4436817 0.2805118 0.3543618 0.3543618 0.3928407 0.5195401 0.4644534 0.5118343 0.4491088 0.4491088 0.6638062 0.3584256 0.3283191 0.3797451 0.4961259 0.4885322 1.4552215 1.9637594 1.4001585 1.3479441 1.3637340 1.2837868 1.4377464 1.3555440 1.5637178 1.2502991 1.3396740 1.2574801 1.2112372 0.9840414 1.1002176 1.1107416 1.2126624 1.5813609 1.6224977 2.6431822 1.3439440 1.8446012 1.8776593 1.7953016 1.4896345 2.0355464 2.0792134 2.0360081 1.8724143 1.6828995 1.6440309 1.6659421 1.2152612 1.7288445 1.6019304 1.7076623 1.6165706 1.3713396 1.6626743 3.0767668 1.5314508 1.8475754 1.7919106 1.5630401 1.6933017 1.6753134 1.5160742 1.5194970 1.5287279 1.5615444 1.5931429 2.4382327 2.5052208 1.3920683 
Beraby_Baby_sb338515                                1.4104987 1.4104987 1.1813184 1.3511724 2.2197940 1.3870724 1.1922626 1.1922626 1.1623071 1.1169964 1.4440034 1.3021836 1.7674779 1.1452104 1.5403789 1.0086611 1.1359331 1.0867541 0.8311522 1.8204633 0.2604263 0.2542306 0.2655631 0.2542306 0.2604263 0.2522691 0.2522691 0.2655631 0.2673628 0.2673628 0.2916792 0.2799241 0.2759135 0.0000000 0.0149141 0.3606223 0.3443583 0.3346959 0.3391455 0.4916194 0.2956847 0.4117590 0.4117590 0.4378471 0.5463050 0.5183253 0.5531830 0.5627935 0.5627935 0.7665849 0.4603427 0.4490830 0.4685368 0.5127768 0.5033729 1.5325628 2.0738062 1.2834940 1.3041903 1.4081611 1.3096963 1.5059743 1.3068596 1.5954260 1.3517330 1.2262691 1.2284332 1.2726700 1.0990652 1.1720457 1.1820209 1.2734580 1.5615847 1.5177651 2.3740466 1.4014330 1.8980783 1.9675504 1.7663661 1.5472447 2.0702903 2.1643000 2.0609879 1.9539327 1.7226032 1.7015978 1.6946793 1.3358600 1.8522351 1.6150571 1.6407526 1.6162897 1.4605679 1.7536778 2.8887247 1.6375628 1.7101838 1.8839466 1.5061607 1.6556366 1.6731089 1.5064878 1.5098818 1.5068417 1.5533815 1.6405689 2.5651223 2.5732152 1.3844343 
