107
Nvec_v1g150968                                        0.0000000 0.0173602 0.0994603 0.2152180 0.3079170 0.0000010 0.3079170 0.3079170 0.4311591 0.3632222 0.3571017 0.0000010 0.3686637 0.0000010 0.4149697 0.5069403 0.4787300 0.5019138 0.4653113 0.5154627 0.5211747 0.6479664 0.0000010 0.5680589 0.5680589 0.5680589 0.5680589 0.6159963 0.6159963 0.5680589 0.6888053 0.6541585 0.6541585 1.0235773 0.9304832 0.7381690 0.7118775 0.0000010 0.6551106 0.7235887 0.8096909 0.8794158 1.1061381 0.9545784 0.9025270 0.9025270 0.7024418 0.6182203 0.5688024 0.6841320 0.5955773 0.0000010 0.0000010 1.1182560 0.0000010 0.6442084 1.1107912 1.1107912 1.1744875 0.9844785 0.9719606 0.9719606 1.1056505 1.0313284 1.0313284 3.5252012 0.6681412 1.2296593 1.2296593 0.9070687 0.9172960 0.5995365 0.0000010 0.9617379 0.7067880 0.0000010 0.9001279 0.0000010 0.9744415 0.7227967 1.0522371 0.6125767 0.8607015 0.9056118 0.7696600 1.1642331 1.1534694 0.6383729 0.9411755 1.3838970 1.1043071 0.8248916 0.0000010 0.7108823 0.0000010 0.0000010 1.4335561 0.0000010 0.0000010 0.8155305 0.0000010 1.5994418 0.0000010 1.3382254 0.0000010 1.6196431 0.0000010 
Nvec_v1g103926                                        0.0173602 0.0000000 0.1002863 0.2169903 0.3104856 0.0000010 0.3104856 0.3104856 0.4348963 0.3660834 0.3598776 0.0000010 0.3743171 0.0000010 0.4181641 0.5109255 0.4824964 0.5057982 0.4690135 0.5194386 0.5250545 0.6533093 0.0000010 0.5723357 0.5723357 0.5723357 0.5723357 0.6206611 0.6206611 0.5723357 0.6937226 0.6591125 0.6591125 1.0305619 0.9370270 0.7433425 0.7169354 0.0000010 0.6599809 0.7288903 0.8155183 0.8857693 1.1138887 0.9614207 0.9091252 0.9091252 0.7077447 0.6230840 0.5730298 0.6893628 0.6001038 0.0000010 0.0000010 1.1261333 0.0000010 0.6442084 1.1182953 1.1182953 1.1822827 0.9914969 0.9791121 0.9791121 1.1134999 1.0388714 1.0388714 3.5252012 0.6730618 1.2418481 1.2418481 0.9175870 0.9278985 0.6041396 0.0000010 0.9726301 0.7122346 0.0000010 0.9063755 0.0000010 0.9843621 0.7316068 1.0594415 0.6172610 0.8669943 0.9121767 0.7755891 1.1760730 1.1654748 0.6432094 0.9479492 1.3838970 1.1121901 0.8308160 0.0000010 0.7161430 0.0000010 0.0000010 1.4335561 0.0000010 0.0000010 0.8215181 0.0000010 1.5994418 0.0000010 1.3500378 0.0000010 1.6196431 0.0000010 
Nvec_v1g145330                                        0.0994603 0.1002863 0.0000000 0.2498525 0.8771219 1.5114909 0.3927619 0.4648922 0.3968285 0.4678580 0.5228810 1.3173403 0.9780187 1.3499668 0.4326406 0.6287828 0.6011448 0.8025525 0.5289015 0.5924866 0.6117166 0.6940106 1.1729401 0.6426039 0.7300488 0.7107604 0.6969012 0.7283298 0.7391002 0.7099451 0.8124580 0.8022210 0.8022210 0.8043381 0.7221340 0.7153770 0.7724582 1.9512887 0.8343360 0.8352437 0.8310414 0.9993373 1.1764301 1.1377609 1.0743009 1.0878536 0.8509557 0.8533949 0.8305691 0.9453412 0.8684550 0.9923461 0.0000010 1.2857709 4.0380224 0.8097694 1.2006455 1.3350295 1.1850549 1.1129956 1.0765956 1.1873470 1.0964527 1.1542386 1.0674096 4.9866954 0.9025412 1.4261710 1.2576265 1.0208730 1.0676473 0.7501347 0.0000010 0.9576953 0.9533836 3.7284611 1.0669386 0.0000010 1.1286371 0.8814936 1.0619590 0.9210289 1.1377503 1.1445047 0.9911817 1.2853103 1.5324726 0.9033498 1.0200688 1.3838970 1.0821002 1.0212385 3.6654665 1.0242033 1.4918629 2.2242110 1.4335561 1.2190192 1.2135106 1.2361947 1.1323629 1.4677570 1.1674118 1.4324019 1.8797766 2.3508138 1.8735144 
Exapal_XM_021039792.2                                 0.2152180 0.2169903 0.2498525 0.0000000 0.6560744 0.6421721 0.5058915 0.5904665 0.4101833 0.5079519 0.5730160 0.4594616 0.5758947 0.5078627 0.4146891 1.1356355 1.3118684 1.2241945 0.6460007 1.1742022 0.9869093 1.3604901 0.3510229 1.0038945 1.2624423 1.2925844 1.1553036 1.2861916 1.2883725 1.2719038 0.9155604 1.0488994 0.9096881 1.2840225 0.7833371 0.8213755 1.1911471 1.4366423 1.0737545 1.3707914 0.8565092 1.6713118 1.6340405 1.8355641 2.0943135 1.6703751 1.2950078 1.1458691 1.4806382 1.1854032 1.3401054 1.5434418 1.7347206 2.5629521 2.1711560 1.1078100 1.1148772 2.5199839 1.2514837 1.0873021 1.5100980 1.8262861 1.6045717 1.1455980 1.0598979 1.8883692 1.7123448 2.2488019 1.3672800 1.7454993 2.5958995 1.2979514 1.0775467 1.2403811 1.4390285 2.8530070 1.5998793 1.3148784 1.9984043 1.3931862 1.4432038 2.2475689 2.4974595 2.5829767 1.8331108 2.0041941 2.4136862 2.1524293 2.0307633 1.3305036 2.5854114 2.5967556 2.2765700 2.3052547 1.7754877 1.6415159 0.5558020 1.2278451 1.0049245 2.4881169 1.3953282 2.5587056 1.6060013 2.1903628 1.8354015 1.2480435 1.9892671 
Amil_Amillepora21101-RA                               0.3079170 0.3104856 0.8771219 0.6560744 0.0000000 0.0293509 0.2465464 0.0816394 0.3414842 0.4183829 0.3601952 0.1833757 0.3169995 0.1695563 0.9531316 1.2207753 1.4205378 1.3453376 0.8702942 1.2514698 1.1479097 1.5232302 0.5164228 1.0962468 1.4034695 1.4637329 1.2846560 1.4360865 1.4314623 1.4539773 1.0478832 1.2379621 1.0197688 1.3481530 0.8883410 1.3344989 1.2719325 1.4699606 1.1800627 1.4345023 1.3599722 1.8806911 1.7980962 1.9749810 2.3056162 1.8926333 1.4234141 1.2267166 1.6692057 1.3576330 1.4047330 1.5002539 1.3180678 2.8069066 2.4074302 1.2072480 1.2372290 2.7672872 1.2933865 1.9963926 1.7499374 1.9109904 1.9522899 2.1936472 1.9182183 2.3204070 1.8141192 2.3225146 1.9238036 1.8605012 2.7697066 1.4221112 0.9949035 1.3779755 1.6680831 3.0727469 1.7582708 1.5315261 2.2702289 1.5084810 1.5840843 2.4221316 2.6253825 2.7426042 1.9820141 2.2250093 2.5369357 2.4185863 2.0716599 1.4513931 2.6968144 2.7285257 2.5163626 2.4879127 1.8582464 1.6982725 0.4644396 1.2759711 0.9214887 2.5166888 1.3613752 2.7010087 1.9778418 2.4804434 2.1056294 1.1211244 1.8328609 
Adig_XM_015924113.1                                   0.0000010 0.0000010 1.5114909 0.6421721 0.0293509 0.0000000 0.0000010 0.0086672 0.0000010 0.9982308 0.3387956 0.1908712 0.2626721 0.1739987 0.0000010 1.4094318 1.6323401 1.4455741 0.0000010 1.4479042 1.4478424 1.6551732 0.5524457 1.3117251 1.5493697 1.6235633 1.4273484 1.5788028 1.5761197 1.6169587 1.0911910 1.3083057 1.0489318 3.2028184 0.0000010 0.0000010 1.7631888 1.7426919 1.2751628 1.7269007 0.0000010 2.5483289 2.4168891 2.2652853 2.7966191 2.3531000 1.5838533 1.2231408 1.8191231 1.5474369 1.5003240 0.0000010 0.0000010 3.4276832 2.6995830 0.0000010 9.0000000 3.4027232 0.0000010 0.0000010 0.0000010 2.2986128 0.0000010 0.0000010 0.0000010 0.0000010 2.0475954 2.9724693 5.4853957 2.4041702 3.5424025 1.5127907 0.0000010 1.5626586 1.7897471 2.3091287 2.3091287 0.0000010 2.7044123 1.8616257 1.8963548 3.0789801 3.1812790 3.3897624 2.4777107 3.2272599 3.1184340 2.9825418 2.5547207 1.3636877 3.4989543 3.3412804 3.2460289 3.0268843 1.8239435 1.7336156 0.7843516 1.5148714 0.7696281 2.9909943 1.3613752 2.6595302 1.6484237 2.6525350 1.8218382 1.2488301 2.1498712 
Adig_XM_015924114.1                                   0.3079170 0.3104856 0.3927619 0.5058915 0.2465464 0.0000010 0.0000000 0.0087046 0.1225174 0.2007052 0.2509802 0.0000010 0.3559370 0.0000010 0.4714084 0.9124324 0.9082675 0.9842864 0.6999554 0.7532422 0.8969065 0.9320806 0.0000010 0.9861817 0.9756117 1.0509565 1.0165524 1.0235432 1.0183273 1.0013539 0.8011046 0.8758493 0.8758493 0.8979710 0.8591061 0.9183857 1.0523140 1.2101791 0.8648017 1.0560958 0.9710031 1.2389435 1.3646198 1.3643867 1.2835970 1.2835970 0.9823445 1.1742577 1.0925274 1.0106850 0.9757735 1.7907937 5.4103441 1.8313754 2.3056090 1.3055981 1.0438951 1.7612248 1.4108842 1.1880137 1.5783850 1.5875565 1.7314471 1.2686734 1.1678377 1.9846001 1.1116397 1.6843919 1.1716209 1.5501264 1.5531097 1.0769879 1.2381125 1.4072600 1.3601527 4.8812706 1.2982220 1.5126718 1.3960430 1.2307287 1.3206559 1.2303055 1.3898113 1.3691266 1.3071535 1.7091517 1.7237134 1.2350561 1.2517171 2.3112407 1.3681344 1.4476065 2.6421545 1.3011120 0.0000010 2.3297811 2.6870766 1.0857494 0.9568820 1.5716379 0.0000010 1.6085899 0.0000010 2.1101400 2.2869600 2.3897465 0.0000010 
Adig_XM_015925118.1                                   0.3079170 0.3104856 0.4648922 0.5904665 0.0816394 0.0086672 0.0087046 0.0000000 0.1625209 0.3020880 0.3060706 0.1616298 0.2778812 0.1587407 0.4714084 1.2182454 1.3850898 1.2950561 0.7606459 1.2285148 1.1184369 1.4428541 0.5524457 1.1214853 1.3622566 1.4293231 1.2722757 1.3935870 1.3903251 1.4044171 0.9767858 1.1604557 0.9772711 1.3876501 0.9433833 0.9183857 1.3380409 1.5310549 1.1332010 1.4579812 0.9710031 1.8563840 1.7852388 1.9428724 2.2621258 1.8432599 1.3740107 1.2178637 1.6124454 1.3191697 1.3679530 1.9055911 5.4002407 2.8512552 2.6079165 1.3407323 1.1649107 2.8390747 1.5165070 1.1880137 1.6232671 1.8680972 1.9022244 1.2686734 1.1678377 2.0664664 1.7452054 2.3270952 1.3973268 1.9493139 2.7879680 1.3955904 1.4576516 1.5233229 1.6000534 2.8964824 1.6763918 1.5639044 2.2245542 1.5119519 1.6541787 2.3306945 2.5242925 2.6046890 1.9765094 2.1230762 2.5366530 2.2908782 2.0247606 1.5054950 2.6322569 2.6245822 2.7413425 2.3702021 1.8171070 1.6660257 0.5487475 1.4786635 1.0467256 2.5165229 1.3613752 2.6114729 1.6484237 2.3615279 2.2173028 1.3756569 1.9996785 
Gfas_gfas1.m1.11173.m1                                0.4311591 0.4348963 0.3968285 0.4101833 0.3414842 0.0000010 0.1225174 0.1625209 0.0000000 0.1204867 0.1805441 0.0000010 0.3110115 0.0000010 0.4460179 0.7696411 0.7290690 0.7666262 0.6954911 0.6487269 0.7451741 0.7790305 0.0000010 0.8132571 0.8015292 0.8219587 0.8164101 0.8307921 0.8253102 0.8262246 0.7161980 0.7637462 0.7637462 0.7824729 0.7320241 0.9275362 0.9192857 0.0000010 0.7226050 0.9400685 0.9847788 0.9978586 1.0898240 1.1068554 1.0639805 1.0639805 0.7942440 0.8835507 0.9042081 0.9112237 0.7881876 1.3926740 1.6068501 1.5105555 0.0000010 1.1640956 1.0186042 1.3986123 1.3026942 1.2255863 1.3804973 1.3804973 1.3781410 1.2959037 1.1861175 2.6643978 0.9195984 1.5106920 1.1951865 1.3299561 1.2487476 0.8674682 1.3386774 1.1264826 1.1593470 4.8948245 1.1441959 1.6048843 1.2811572 1.0002422 1.0978250 1.0590139 1.2003388 1.2208540 1.1469307 1.5475287 1.5540001 1.1092902 0.9572321 2.3112407 1.1533603 1.0810956 1.4801243 1.1202857 0.0000010 2.1357574 2.6870766 0.7271756 0.7251792 1.3781486 0.0000010 1.6085899 0.0000010 1.8130861 2.5395679 2.8676918 0.8299217 
Gasp_gasp1.m3.17673.m1                                0.3632222 0.3660834 0.4678580 0.5079519 0.4183829 0.9982308 0.2007052 0.3020880 0.1204867 0.0000000 0.1919415 1.3398783 0.2013491 0.3917804 0.4563440 0.9987712 1.0155990 1.0631962 0.6534146 0.8364129 0.9475832 1.0896882 0.0000010 0.9403268 1.0180538 1.0694609 1.0345830 1.0737462 1.0678631 1.0566134 0.8552028 0.9138477 0.8864220 0.7507249 0.7093467 0.8475854 0.9307264 1.1622335 0.8622979 1.0584931 0.9496192 1.1533737 1.2423210 1.3840827 1.3838390 1.2741006 0.9824539 1.0375538 1.2050789 1.0557875 1.1004931 1.4677438 1.7309975 1.9449693 2.4350539 1.1549860 1.0039793 1.8093755 1.2417628 1.1931253 1.4446206 1.6486428 1.6643122 1.2519482 1.1537872 1.8748496 1.3356189 1.7802127 1.1975082 1.5279630 1.6643470 1.1588169 1.0802994 1.2327279 1.3829273 3.3666820 1.2794544 1.3164646 1.4007997 1.0964730 1.3123102 1.4599160 1.5906883 1.6251270 1.4945994 1.8507208 1.8680448 1.3887123 1.3487410 1.4496231 1.5094424 1.6746699 1.8853928 1.5070519 4.6604819 2.1183805 2.6870766 1.1214202 1.1176244 1.7716097 4.5119057 4.6961722 0.0000010 2.2693830 2.1148042 2.6645011 0.8402247 
Spis_XP_022800792_1                                   0.3571017 0.3598776 0.5228810 0.5730160 0.3601952 0.3387956 0.2509802 0.3060706 0.1805441 0.1919415 0.0000000 0.1626756 0.2147288 0.2305699 0.5520363 1.2272931 1.3614220 1.3160914 0.6379394 1.1557611 1.0671341 1.4178258 0.5772681 1.0659147 1.3371314 1.3769486 1.2570640 1.3846587 1.3828530 1.3713290 0.9543200 1.1157812 0.9705534 1.2110450 0.7337069 0.8670899 1.2002586 1.5599371 1.0964209 1.3742970 1.0083865 1.7103464 1.6148361 1.9152268 2.0949080 1.7241194 1.3470219 1.0544947 1.5196804 1.2497963 1.3117040 1.4813318 1.6465979 2.6351038 2.3886054 1.1851078 1.1646657 2.6613147 1.2401309 1.3091978 1.5166478 1.8769393 1.7665962 1.3945133 1.2742471 1.9325252 1.7417180 2.3356363 1.3998253 1.6987976 2.5907724 1.2580310 1.0870253 1.2708607 1.3749736 2.8457421 1.5338984 1.4166563 2.1676380 1.4518150 1.5071885 2.2883986 2.4444458 2.5046316 1.9190322 1.9242492 2.4097890 2.1719388 1.9511245 1.2920814 2.5576735 2.5087152 2.4210489 2.3529756 1.8364832 1.7025010 0.6393936 1.2993853 1.0322035 2.4404998 1.5120224 2.5572503 1.9874689 2.2584748 2.2352546 1.4165410 1.8906031 
Gasp_gasp1.m3.25783.m1                                0.0000010 0.0000010 1.3173403 0.4594616 0.1833757 0.1908712 0.0000010 0.1616298 0.0000010 1.3398783 0.1626756 0.0000000 0.0629184 0.1383974 0.0000010 1.3165773 1.3022552 1.1389470 0.0000010 1.0760411 1.5264616 1.3023280 0.4845204 1.2249091 1.2392733 1.2839899 1.2935147 1.2838634 1.2848883 1.3221957 0.8325028 0.9264025 0.9435678 3.0235290 0.0000010 0.0000010 1.7365727 1.7457156 0.9613727 1.6314506 0.0000010 2.5440777 2.3952445 2.1919091 2.3262982 2.2195391 1.1849760 1.0050123 1.3739686 1.4345788 1.2501494 0.0000010 0.0000010 2.8012345 2.3677520 0.0000010 0.0000010 2.7481181 0.0000010 0.0000010 0.0000010 2.4300429 6.7517117 0.0000010 0.0000010 0.0000010 1.6129189 3.1185376 5.2982597 2.5346015 3.1734773 1.1747711 0.0000010 1.3473167 2.0331036 2.4955107 2.4955107 0.0000010 2.2439695 1.8967172 2.1103535 2.7203669 2.8641526 2.8988382 2.4153133 3.4281516 3.1340398 2.6147534 2.4764986 1.3429486 3.2258477 3.0863836 2.9805337 2.7709615 1.2121393 1.2308080 0.5548173 1.5463262 0.9153931 2.6655393 1.3305542 2.0753457 1.6568910 2.6505060 2.0419138 1.1869569 1.9367368 
Fspp_ffun1.m4.8060.m1                                 0.3686637 0.3743171 0.9780187 0.5758947 0.3169995 0.2626721 0.3559370 0.2778812 0.3110115 0.2013491 0.2147288 0.0629184 0.0000000 0.1540258 0.9240640 1.2149276 1.3884848 1.2881686 0.8221115 1.1878180 1.1424939 1.4723620 0.5292699 1.1129590 1.3287276 1.3794708 1.2539426 1.3609035 1.3603822 1.3589194 0.9713691 1.1189430 0.9629006 1.4695751 0.9777076 1.2683945 1.2641383 1.4669012 1.0795504 1.3750665 1.3238483 1.7240607 1.6238044 1.8483670 2.1586573 1.7187362 1.3179672 1.1835578 1.5178628 1.2735012 1.2933998 1.4242384 1.6630807 2.6425749 2.3392025 1.0610135 1.1544309 2.7032774 1.1973929 1.8282523 1.6486289 1.9904473 1.8772912 1.8881231 1.6415477 2.0457914 1.7320209 2.3530867 1.7828311 1.8994519 2.6729713 1.3340866 1.1457706 1.3521639 1.5404678 2.7434928 1.5724511 1.2837420 2.1631863 1.4868306 1.5764003 2.2874812 2.4514524 2.5190114 1.9543649 2.1153580 2.5099294 2.1649797 1.9861821 1.4095521 2.5757676 2.5944036 2.0442557 2.3085270 1.7588703 1.6315784 0.6101857 1.3015854 0.9547648 2.4205105 1.3363915 2.5139327 1.7095903 2.4225329 2.1224571 1.4110770 1.8679882 
Gfas_gfas1.m1.17236.m1                                0.0000010 0.0000010 1.3499668 0.5078627 0.1695563 0.1739987 0.0000010 0.1587407 0.0000010 0.3917804 0.2305699 0.1383974 0.1540258 0.0000000 0.0000010 1.3519850 1.4086854 1.2539750 0.0000010 1.2032820 1.4298223 1.4280255 0.5254428 1.2194526 1.3438581 1.3787309 1.3598720 1.3686358 1.3679192 1.3730703 0.8696655 1.0591767 0.9709424 2.9124550 0.0000010 0.0000010 1.5317174 1.5264101 1.0634611 1.6283460 0.0000010 2.2169668 2.0675637 2.1422199 2.4200334 2.1293354 1.2924654 1.5411772 1.5434218 1.4050965 1.3796653 0.0000010 0.0000010 2.9322003 2.3744356 0.0000010 0.0000010 2.8849200 0.0000010 0.0000010 0.0000010 2.3480815 2.5454680 0.0000010 0.0000010 0.0000010 1.8534857 2.9132327 6.1732496 2.4255695 3.2147373 1.3192291 0.0000010 1.4293365 1.7188252 2.3137342 2.1243744 0.7627972 2.3217912 1.7068817 1.9762453 2.6430178 2.8003116 2.8682999 2.2288496 2.8571379 2.9918387 2.5135508 2.4105800 1.2176450 3.0975795 3.0628188 2.1426516 2.6576011 1.4485631 1.3710493 0.6127118 1.5678126 1.0414445 2.6417159 1.2803777 2.3052088 1.6894027 2.6128727 2.1279593 1.2428743 1.8712367 
Morvir_scaffold390.g18.t1                             0.4149697 0.4181641 0.4326406 0.4146891 0.9531316 0.0000010 0.4714084 0.4714084 0.4460179 0.4563440 0.5520363 0.0000010 0.9240640 0.0000010 0.0000000 0.3677121 0.3395065 0.5047965 0.4610531 0.4901755 0.3876456 0.4016375 0.0000010 0.5658123 0.5658123 0.5578858 0.5549291 0.5697771 0.5806650 0.5620412 0.5080131 0.5058488 0.5058488 0.6736525 0.5974701 0.6667336 0.6583811 0.0000010 0.5779217 0.7169513 0.7687879 0.8037638 0.8849107 0.8795161 0.8917179 0.8917179 0.6529251 0.7447461 0.6710189 0.7351146 0.6799645 0.5545286 0.0000010 1.0633539 0.0000010 0.5552528 0.7763063 0.9430966 0.8355251 1.0071534 0.8620588 0.8620588 0.9340817 1.0429629 0.9719503 3.4751682 0.5146318 1.1768314 1.1695678 0.8681881 0.8797497 0.5504504 0.0000010 0.8536963 0.7772433 4.4026096 0.8353382 0.0000010 0.9908780 0.8090989 0.9052998 0.7440488 0.9383849 0.9640883 0.9989230 1.1954814 1.2829089 0.7708598 0.7378002 1.4068261 0.9290262 0.7508558 0.8397550 0.8788281 0.0000010 0.0000010 2.6870766 0.0000010 0.7251792 0.9179035 0.0000010 1.0395027 0.0000010 1.4775843 0.0000010 2.9945396 0.0000010 
Nemnom_g3846.t1                                       0.5069403 0.5109255 0.6287828 1.1356355 1.2207753 1.4094318 0.9124324 1.2182454 0.7696411 0.9987712 1.2272931 1.3165773 1.2149276 1.3519850 0.3677121 0.0000000 0.1081766 0.2906819 0.8623894 1.2961912 0.8212755 0.5217672 1.1545067 1.3104802 1.4536701 1.4580792 1.4581083 1.4588942 1.4655204 1.4712934 1.2476334 1.3177358 1.3195048 1.3880534 0.8857188 0.9359280 1.5164311 1.9839074 1.3629620 1.6714856 0.7668905 1.8516219 1.8080402 1.9448050 1.9838510 1.8823985 1.4311716 1.2837238 1.5849424 1.5498890 1.5352453 1.4564948 1.8148764 2.5280129 2.6187056 1.1276098 0.9536485 2.4396888 1.2593081 1.2331530 1.4984523 2.0570649 1.7997197 1.3013598 1.1887299 2.2524314 1.3872859 2.4563957 1.2713856 1.8074163 2.5670161 1.4556581 1.7324510 1.4942338 1.5756719 3.1927888 1.6197447 1.4487179 1.9975723 1.7332134 1.7508438 2.1621135 2.3262256 2.3904412 2.1583798 2.1769738 2.6147012 2.1391791 2.1985466 1.6812035 2.4137567 2.4734164 2.3575741 2.3583639 1.6715976 1.7518306 1.7559883 0.9206591 1.6107397 2.4885126 1.5812825 2.5645841 1.8931168 2.4537752 2.5676605 1.6604246 2.4922419 
Rhoesc_Res_016537-T1                                  0.4787300 0.4824964 0.6011448 1.3118684 1.4205378 1.6323401 0.9082675 1.3850898 0.7290690 1.0155990 1.3614220 1.3022552 1.3884848 1.4086854 0.3395065 0.1081766 0.0000000 0.3513932 0.8081792 1.5139774 0.8252375 0.6281147 1.1778554 1.2702454 1.6035009 1.6181084 1.4475782 1.6496625 1.6577036 1.5966024 1.3934084 1.4909919 1.3223080 1.3964615 0.8828458 0.9687564 1.5051191 1.9355521 1.5673904 1.6612978 0.7735154 1.8613061 1.7825602 2.0234725 2.2346206 1.8733241 1.6446168 1.2747495 1.7563895 1.6113329 1.7580201 1.4378346 1.6145126 2.7757807 2.5915978 1.1586061 1.0030251 2.7254242 1.2157812 1.1878223 1.4805602 2.0462239 1.7913044 1.2398442 1.1372570 2.2032791 1.6098249 2.4244562 1.3827545 1.8268823 2.7920430 1.7244405 1.6490573 1.4571846 1.6059323 3.0359410 1.6055623 1.4953815 2.2981419 1.6918674 1.7514955 2.3753884 2.6777337 2.7416340 2.1565164 2.1748917 2.5371614 2.3686859 2.1965414 1.6306823 2.6740045 2.7218694 2.4146726 2.6033886 2.3223672 2.0684728 1.7801967 0.9022346 1.5854448 2.7484019 1.5248740 2.9457150 1.6713985 2.4384421 2.5699982 1.5796834 2.4938471 
Aaur_scaffold502.g8.t1                                0.5019138 0.5057982 0.8025525 1.2241945 1.3453376 1.4455741 0.9842864 1.2950561 0.7666262 1.0631962 1.3160914 1.1389470 1.2881686 1.2539750 0.5047965 0.2906819 0.3513932 0.0000000 0.9255043 1.4621969 0.8582890 0.4961673 1.1011069 1.2880676 1.5759472 1.5925231 1.4371961 1.6172462 1.6185067 1.5777036 1.3204931 1.4184994 1.2821513 1.4394249 0.9971868 1.1259097 1.5265761 1.8842409 1.4664210 1.6095902 1.0247991 1.9675220 1.8667884 2.0783907 2.3363906 1.9645040 1.5758567 1.3773929 1.7390706 1.5648049 1.6600539 1.5053083 1.5239298 2.7238108 2.5114455 1.2104579 0.9476542 2.6959430 1.1328124 1.5873974 1.6294354 2.1154868 1.8869999 1.6242903 1.4516427 2.3226194 1.5245572 2.5809256 1.7904676 2.0095691 2.8501673 1.6057275 1.4958307 1.5794428 1.7043987 3.2404454 1.7388830 1.5682883 2.3138383 1.6901610 1.7754031 2.3993107 2.7066854 2.7800763 2.2727966 2.2916334 2.6307454 2.4435471 2.2265020 1.5885180 2.6426037 2.8195918 2.5121114 2.6453943 2.1233687 1.9149580 1.6412596 0.8383937 1.6570272 2.6374941 1.5868192 2.7992407 1.7120033 2.5303911 2.5490883 1.5469619 2.4143508 
Xesp_003460-T1                                        0.4653113 0.4690135 0.5289015 0.6460007 0.8702942 0.0000010 0.6999554 0.7606459 0.6954911 0.6534146 0.6379394 0.0000010 0.8221115 0.0000010 0.4610531 0.8623894 0.8081792 0.9255043 0.0000000 0.2776100 0.8181071 0.9092753 0.0000010 0.8165466 0.8249784 0.8031240 0.7964454 0.8159359 0.8214104 0.8115988 0.9200434 0.7899745 0.7899745 0.8552268 0.8304972 0.8344398 0.9870707 0.0000010 0.8369026 1.0259554 0.8341204 1.0338706 1.0524646 1.0932471 1.0524829 1.0524829 0.9871027 1.1926954 0.9989605 0.9469939 0.9095713 1.5847904 1.5449783 1.5304650 0.0000010 1.2089549 0.8948064 1.4119207 1.2216996 1.0081253 1.3874097 1.3874097 1.4756162 1.0672991 1.0121229 2.8719550 0.9870141 1.5108708 1.1699092 1.3260081 1.2595397 1.0007060 1.4241534 1.1106053 1.1226727 4.9648313 1.1143769 1.6806948 1.2448754 1.0328287 1.2009974 1.1256578 1.1714813 1.2582368 1.1705578 1.6460346 1.5736063 1.1536956 1.0650986 1.7995887 1.3772944 1.3023033 2.1026847 1.2229771 0.0000010 2.1357574 2.6870766 1.1237573 0.7251792 1.5068352 0.0000010 1.6085899 0.0000010 2.0803827 2.5346689 2.4615679 1.5604321 
Dgig_XM_028542261.1                                   0.5154627 0.5194386 0.5924866 1.1742022 1.2514698 1.4479042 0.7532422 1.2285148 0.6487269 0.8364129 1.1557611 1.0760411 1.1878180 1.2032820 0.4901755 1.2961912 1.5139774 1.4621969 0.2776100 0.0000000 1.0857747 1.5231507 0.8848165 1.1954966 1.5521781 1.5981217 1.4039105 1.6005247 1.6007509 1.5937003 1.2801276 1.4228437 1.2330489 1.3240862 0.8085930 0.8671092 1.3576280 1.7055942 1.3642884 1.5973098 0.9143026 1.8540063 1.8594072 2.0268515 2.2449696 1.8724516 1.5472530 1.3007317 1.7620542 1.4620991 1.6220664 1.6607280 1.7251913 2.8196518 2.5196006 1.3098071 1.0221231 2.7162426 1.3028163 1.1385756 1.6014428 2.0655105 1.7806785 1.2244752 1.1418006 2.1198536 1.8508783 2.5063397 1.4082954 1.8657161 2.7122626 1.6525324 1.3900232 1.3487930 1.5014316 3.1450588 1.6616869 1.5712133 2.2865370 1.5447953 1.6526455 2.4080801 2.7001200 2.7299675 1.9741039 2.1760262 2.5021378 2.3054425 2.0709234 1.6269446 2.5295130 2.7217642 2.6086031 2.4221514 0.9305503 0.7767098 1.1350774 1.3125339 1.4592365 2.6266334 1.4051807 2.6653723 1.5798728 2.4622429 2.4473968 1.6244477 2.3150146 
Hvul_g11742_1                                         0.5211747 0.5250545 0.6117166 0.9869093 1.1479097 1.4478424 0.8969065 1.1184369 0.7451741 0.9475832 1.0671341 1.5264616 1.1424939 1.4298223 0.3876456 0.8212755 0.8252375 0.8582890 0.8181071 1.0857747 0.0000000 0.9303325 0.6413364 1.2223373 1.2240013 1.2402519 1.2208237 1.2346017 1.2329408 1.2171626 1.0474837 1.1816389 1.1816389 1.0927688 0.8318276 0.8730131 1.3081402 1.8195456 1.2074684 1.2784221 0.8452111 1.6552188 1.7482952 1.7038975 1.6404851 1.6404851 1.2348605 1.1833515 1.3782775 1.4114620 1.4052344 1.6584994 2.0058949 2.1767841 2.8813720 1.2459605 0.9141964 2.0680858 1.3482161 1.0880942 1.5759099 2.0260920 1.7933566 1.0907434 1.0102257 2.1737904 0.8473721 2.0372346 0.9796089 1.9406363 1.9335387 1.3509369 1.2896395 1.4225150 1.4987000 3.7923448 1.7614158 1.5897716 1.7142789 1.4916084 1.5695752 1.7287869 1.8275974 1.8941686 1.7397878 2.2601463 2.1668228 1.6362011 1.8127689 2.1984312 1.8288679 1.8900422 2.6464308 1.8099865 0.0000010 1.6425929 0.6050107 1.0516389 1.4838589 2.0147024 0.0000010 1.6407231 0.9791730 2.3549887 2.5399684 1.6343400 2.3667420 
Sanmal_Sma_011810-T1                                  0.6479664 0.6533093 0.6940106 1.3604901 1.5232302 1.6551732 0.9320806 1.4428541 0.7790305 1.0896882 1.4178258 1.3023280 1.4723620 1.4280255 0.4016375 0.5217672 0.6281147 0.4961673 0.9092753 1.5231507 0.9303325 0.0000000 1.0546415 1.3890862 1.7132405 1.7129197 1.5651612 1.7259663 1.7287295 1.7282362 1.4370792 1.5582237 1.3713786 1.5462772 1.0343296 1.0755184 1.5316324 1.9042987 1.6180967 1.7004867 0.9919315 1.9633688 1.9368789 2.0816520 2.3293252 1.9282618 1.7284589 1.3909210 1.8035745 1.7074515 1.7324896 1.5542808 1.7085660 2.8859698 2.8620750 1.3298246 0.9674649 2.8379409 1.1175126 1.3416096 1.6121838 2.1749510 1.9662349 1.4412691 1.2983770 2.3167815 1.6076114 2.6312923 1.5212314 2.0617900 2.8636291 1.7447825 1.5174256 1.6235013 1.8278712 3.4872846 1.8674618 1.6788229 2.4843649 1.8204137 1.8232556 2.5248913 2.8901404 2.8721168 2.2827273 2.4799523 2.7880457 2.5442631 2.3621845 2.2012957 2.8422591 3.0814984 2.7032872 2.7943059 2.2770014 2.0445473 1.7797494 0.9729456 1.7737685 2.9012377 1.5367418 2.6793270 1.5943169 2.5474031 2.8195036 1.8216173 2.4879839 
Nvec_v1g89666                                         0.0000010 0.0000010 1.1729401 0.3510229 0.5164228 0.5524457 0.0000010 0.5524457 0.0000010 0.0000010 0.5772681 0.4845204 0.5292699 0.5254428 0.0000010 1.1545067 1.1778554 1.1011069 0.0000010 0.8848165 0.6413364 1.0546415 0.0000000 0.8175085 0.8175085 0.8482456 0.8673218 0.8646210 0.8482456 0.8092998 0.6177680 0.7884544 0.7884544 4.4851446 0.0000010 0.0000010 1.0543914 1.0839613 0.7961902 1.3960975 0.0000010 2.7793072 2.2984632 2.2246808 2.2232980 2.2232980 0.7882119 0.7944157 1.2578933 1.3092232 1.0893140 0.0000010 0.0000010 2.5595891 2.5598005 0.0000010 0.0000010 1.9575843 0.0000010 0.0000010 0.0000010 2.6148423 0.0000010 0.0000010 0.0000010 0.0000010 1.2783197 2.4090450 0.0000010 1.6938468 1.6661852 0.0000010 0.0000010 0.0000010 3.0768306 1.6298899 1.6298899 0.0000010 2.2340548 1.5336825 1.6102366 1.7338536 2.2048734 2.2469202 1.3355873 0.0000010 2.1504114 1.8201285 2.1183811 1.3023164 1.9094678 2.0000206 0.0000010 2.2816094 0.0000010 1.1536695 0.0000010 1.1520612 0.0000010 1.9866348 0.0000010 1.3126890 1.6967098 2.0016437 0.0000010 1.1533438 1.4683046 
Tadh_TriadT54713                                      0.5680589 0.5723357 0.6426039 1.0038945 1.0962468 1.3117251 0.9861817 1.1214853 0.8132571 0.9403268 1.0659147 1.2249091 1.1129590 1.2194526 0.5658123 1.3104802 1.2702454 1.2880676 0.8165466 1.1954966 1.2223373 1.3890862 0.8175085 0.0000000 0.0009964 0.0870245 0.0899822 0.0960906 0.0973253 0.0807524 1.0252821 1.0896369 1.0908473 1.1130899 0.7190997 0.6296964 1.2236415 1.6923039 1.1339965 1.2792988 0.7902349 1.8267430 1.8243539 1.7829622 1.8060139 1.8060139 1.2185489 1.1316296 1.3045982 1.3049446 1.3378684 1.7292789 1.7041956 2.1461730 2.5908443 1.1756277 0.9471443 2.1254166 1.3692654 1.0469797 1.5744324 1.9918144 1.6984277 1.0662450 0.9913177 2.2231711 1.5823539 2.3595707 1.1589099 1.8834235 1.9356968 1.2580580 1.1150428 1.3169254 1.4731859 2.8075925 1.5501633 1.5707622 1.7702789 1.4990629 1.6432017 1.8142611 1.9836873 1.9868930 1.6195851 2.2860763 2.4658737 1.7971009 1.7834856 1.7748337 1.7947479 2.0099758 2.3482581 1.8493307 0.0000010 1.8444764 1.3360662 1.4211904 1.4446009 2.0156118 0.0000010 1.7230492 1.6231656 2.3629014 2.4229272 1.5356218 2.4201671 
TrH2_TrispH2_009817-RA                                0.5680589 0.5723357 0.7300488 1.2624423 1.4034695 1.5493697 0.9756117 1.3622566 0.8015292 1.0180538 1.3371314 1.2392733 1.3287276 1.3438581 0.5658123 1.4536701 1.6035009 1.5759472 0.8249784 1.5521781 1.2240013 1.7132405 0.8175085 0.0009964 0.0000000 0.1150907 0.1058144 0.1330687 0.1324904 0.1197597 1.2237153 1.3600481 1.2069565 1.1489080 0.7439798 0.7031740 1.2675453 1.7302836 1.3952296 1.5290149 0.8534553 1.7978115 1.7687887 1.9907327 2.2067935 1.7897325 1.5458614 1.1798823 1.6501212 1.3800776 1.6017986 1.6876387 1.7041956 2.7086184 2.5883949 1.1705649 1.0145228 2.7401194 1.4399546 1.0469797 1.5418965 1.9503863 1.6926341 1.0662450 0.9913177 2.2293818 2.0090250 2.4241715 1.3323262 1.8670711 2.7562153 1.5631635 1.1150428 1.3257306 1.4594998 2.9106332 1.5717271 1.5707622 2.3202561 1.5833851 1.5993254 2.3514870 2.5595609 2.5998791 1.9755917 2.2448769 2.7407565 2.3880525 2.1095635 1.7146080 2.6366598 2.8749596 2.4081782 2.5006796 2.4599132 2.1176642 1.3412600 1.3920078 1.4446009 2.6236902 1.4693551 2.6688152 1.8259717 2.3216102 2.4229272 1.5670957 2.4845387 
HoiH23_PlH23_007504-RA                                0.5680589 0.5723357 0.7107604 1.2925844 1.4637329 1.6235633 1.0509565 1.4293231 0.8219587 1.0694609 1.3769486 1.2839899 1.3794708 1.3787309 0.5578858 1.4580792 1.6181084 1.5925231 0.8031240 1.5981217 1.2402519 1.7129197 0.8482456 0.0870245 0.1150907 0.0000000 0.0291370 0.0765658 0.0777140 0.0856667 1.2536244 1.3622769 1.2139276 1.1428971 0.7645275 0.6969003 1.2857525 1.7860106 1.4260052 1.5489745 0.8126674 1.7946039 1.7402773 1.9834991 2.2160320 1.8093410 1.5419892 1.2479064 1.6416863 1.4026645 1.6455297 1.7425423 1.6897009 2.7431602 2.6959907 1.1249041 0.9891609 2.7626236 1.4288483 1.0446046 1.5454762 1.9564569 1.7287368 1.0625215 0.9870326 2.3767089 2.0092793 2.5072111 1.3057454 1.8990087 2.7419213 1.5879625 1.1959639 1.3252646 1.4857027 2.8859964 1.6005344 1.5852899 2.2730086 1.6206425 1.6042466 2.3219195 2.5751187 2.6174298 1.9781467 2.2836204 2.7480769 2.4063335 2.1350755 1.7468120 2.6038212 2.8541228 2.4159678 2.5053285 2.4556339 2.1563424 1.4015615 1.3628816 1.4200041 2.6554841 1.6072064 2.6523659 1.8548462 2.3272254 2.4881679 1.5649422 2.4947948 
HoiH06_mRNA2167                                       0.5680589 0.5723357 0.6969012 1.1553036 1.2846560 1.4273484 1.0165524 1.2722757 0.8164101 1.0345830 1.2570640 1.2935147 1.2539426 1.3598720 0.5549291 1.4581083 1.4475782 1.4371961 0.7964454 1.4039105 1.2208237 1.5651612 0.8673218 0.0899822 0.1058144 0.0291370 0.0000000 0.0703271 0.0703578 0.0761724 1.1567416 1.2393957 1.2162874 1.1266818 0.7676172 0.7040458 1.2957801 1.8005848 1.2868473 1.5493590 0.8147691 1.8055038 1.7417784 1.9581252 1.9881277 1.7955147 1.3814798 1.2580882 1.4513179 1.3943045 1.5206373 1.7332732 1.7094472 2.5554760 2.6609330 1.1249041 0.9211080 2.4987956 1.4186772 1.0737149 1.5488176 1.9548829 1.7099161 1.0825381 1.0041920 2.2941999 1.8154575 2.5134603 1.3169983 1.9056712 2.5797570 1.3744744 1.1527419 1.3381398 1.4710654 2.9309056 1.6001857 1.5667846 2.0503074 1.5888203 1.6067485 2.1857271 2.4246144 2.4335880 1.9736935 2.2702595 2.7467219 2.2718699 2.1158830 1.7468120 2.3541125 2.5917856 2.4133630 2.2438763 2.0841546 1.9086322 1.4051889 1.3737717 1.4105545 2.4390053 1.5888878 2.3258920 1.9834417 2.3215815 2.4487222 1.5930388 2.4625644 
Hhon_g10014.t1                                        0.6159963 0.6206611 0.7283298 1.2861916 1.4360865 1.5788028 1.0235432 1.3935870 0.8307921 1.0737462 1.3846587 1.2838634 1.3609035 1.3686358 0.5697771 1.4588942 1.6496625 1.6172462 0.8159359 1.6005247 1.2346017 1.7259663 0.8646210 0.0960906 0.1330687 0.0765658 0.0703271 0.0000000 0.0055397 0.1021939 1.2774975 1.4018200 1.2417779 1.1558199 0.7787083 0.7224734 1.2743213 1.7470490 1.4418973 1.5511555 0.8434361 1.7942999 1.7518346 1.9668317 2.1856449 1.7798326 1.5573197 1.2459319 1.6461827 1.4048246 1.6473349 1.7185609 1.7405574 2.7320827 2.6591725 1.1678381 1.0268521 2.7746820 1.4567786 1.0891727 1.5555063 1.9588739 1.7353131 1.1242727 1.0393699 2.3000535 2.0250077 2.4844436 1.3290841 1.9020133 2.7452995 1.6318243 1.1182703 1.3427630 1.4877227 2.8820441 1.5844760 1.5175909 2.2724358 1.6080081 1.6186379 2.3483315 2.5852685 2.6102474 1.9864455 2.2724434 2.7567961 2.3925786 2.1211494 1.7166172 2.6261913 2.8336317 2.4618448 2.5239778 2.4320923 2.1696382 1.4305941 1.3687731 1.4107013 2.6815889 1.6323241 2.6681978 2.0341940 2.3322732 2.4668077 1.5494203 2.4458191 
HoiH04_mRNA209                                        0.6159963 0.6206611 0.7391002 1.2883725 1.4314623 1.5761197 1.0183273 1.3903251 0.8253102 1.0678631 1.3828530 1.2848883 1.3603822 1.3679192 0.5806650 1.4655204 1.6577036 1.6185067 0.8214104 1.6007509 1.2329408 1.7287295 0.8482456 0.0973253 0.1324904 0.0777140 0.0703578 0.0055397 0.0000000 0.1028574 1.2775120 1.4034456 1.2436236 1.1532277 0.7730955 0.7131356 1.2788717 1.7625311 1.4408162 1.5613640 0.8434361 1.7990084 1.7572042 1.9741363 2.1945826 1.7894856 1.5583479 1.2404823 1.6430906 1.4074121 1.6515921 1.7185609 1.7405574 2.7290092 2.6625328 1.1678381 1.0166654 2.7781961 1.4532343 1.0822466 1.5531338 1.9696820 1.7333062 1.1135394 1.0300912 2.3000535 2.0243491 2.4976361 1.3293499 1.9089359 2.7546920 1.6352345 1.1182703 1.3453066 1.4877137 2.9019883 1.5902315 1.5175909 2.2792319 1.6101566 1.6161282 2.3579024 2.5895813 2.6225917 1.9916949 2.2864146 2.7718897 2.3976012 2.1206102 1.7166172 2.6224326 2.8408096 2.4911244 2.5340311 2.4303707 2.1675706 1.4123152 1.3751517 1.4141287 2.6769554 1.6323241 2.6854086 2.0341940 2.3383968 2.4668077 1.5795406 2.4774695 
HoiH11_mRNA5323                                       0.5680589 0.5723357 0.7099451 1.2719038 1.4539773 1.6169587 1.0013539 1.4044171 0.8262246 1.0566134 1.3713290 1.3221957 1.3589194 1.3730703 0.5620412 1.4712934 1.5966024 1.5777036 0.8115988 1.5937003 1.2171626 1.7282362 0.8092998 0.0807524 0.1197597 0.0856667 0.0761724 0.1021939 0.1028574 0.0000000 1.2479860 1.3729042 1.2473103 1.1491716 0.7823412 0.7055572 1.2956438 1.7817120 1.3853203 1.5683644 0.8333434 1.8244223 1.7372294 2.0576184 2.2353816 1.8635402 1.5540610 1.2367334 1.6402400 1.4515448 1.6196668 1.6665120 1.7636248 2.7670218 2.6306214 1.1592738 0.9988977 2.7268893 1.4330254 1.0685875 1.5331833 1.9421605 1.7163355 1.0866247 1.0075925 2.2330945 1.9652187 2.5395841 1.2728357 1.8831215 2.6874988 1.6246774 1.1611875 1.3292925 1.4604125 2.9184397 1.5779124 1.5942783 2.2633660 1.5631443 1.6229849 2.3253083 2.6142140 2.6633946 1.9836891 2.2645317 2.7183241 2.3768304 2.1513554 1.7797310 2.5864635 2.8600565 2.4605719 2.4763817 2.5521938 2.1934906 1.3177985 1.3680586 1.4090189 2.6621275 1.6248022 2.6555053 1.8646463 2.3087954 2.4623501 1.6265293 2.4690509 
Skow_XM_006823917.1                                   0.6888053 0.6937226 0.8124580 0.9155604 1.0478832 1.0911910 0.8011046 0.9767858 0.7161980 0.8552028 0.9543200 0.8325028 0.9713691 0.8696655 0.5080131 1.2476334 1.3934084 1.3204931 0.9200434 1.2801276 1.0474837 1.4370792 0.6177680 1.0252821 1.2237153 1.2536244 1.1567416 1.2774975 1.2775120 1.2479860 0.0000000 0.7151780 0.6370097 1.2246971 0.7626276 0.7848905 1.1200230 1.2678628 0.7521354 1.2662307 0.7693111 1.6648619 1.5745365 1.6430563 1.8539636 1.6622622 0.9433647 1.1712763 1.1687254 0.9513675 1.0653114 1.5498103 1.9141253 2.3877761 2.2015785 1.0768902 0.9690668 2.3625695 1.2875922 1.1470386 1.5134285 1.8189805 1.6823990 1.0972652 1.0176188 2.2564577 1.6385004 2.2845574 1.3099440 1.7184408 2.3949665 0.9558563 1.3361565 1.2093020 1.3172564 2.8842623 1.5181018 1.2693527 1.8657028 1.3980003 1.3168489 2.0806822 2.1949006 2.2759870 1.7827444 2.0514083 2.3858717 1.9171647 1.9269847 1.2917806 2.3831698 2.3013702 2.1434252 2.1085606 2.1248906 1.7641114 0.9501681 1.2471528 0.8479842 2.1277717 1.6683544 2.3444279 2.2254488 2.2353220 2.0812368 1.3713142 1.9816372 
Spur_XM_030976525.1                                   0.6541585 0.6591125 0.8022210 1.0488994 1.2379621 1.3083057 0.8758493 1.1604557 0.7637462 0.9138477 1.1157812 0.9264025 1.1189430 1.0591767 0.5058488 1.3177358 1.4909919 1.4184994 0.7899745 1.4228437 1.1816389 1.5582237 0.7884544 1.0896369 1.3600481 1.3622769 1.2393957 1.4018200 1.4034456 1.3729042 0.7151780 0.0000000 0.0042783 1.2311886 0.7616320 0.7556826 1.2232361 1.5115458 0.9040504 1.3027212 0.7946226 1.6993653 1.5386044 1.7820900 2.0573557 1.6642654 1.0881365 1.2561231 1.2855564 1.0353246 1.1861443 1.5403978 1.7975309 2.6769860 2.6552511 1.1752505 0.8949452 2.4452930 1.2823879 1.1622474 1.5359119 1.9416365 1.6646555 1.1248037 1.0393148 2.2399256 1.8291469 2.4409931 1.4097390 1.7801888 2.5647082 1.0057661 1.3622670 1.2821435 1.4044300 2.9465651 1.5614737 1.2319012 2.0863775 1.4285397 1.3949417 2.3117959 2.4404141 2.5438776 1.9772562 2.0181392 2.4234521 2.2453399 2.0498920 1.9793112 2.5326708 2.5702408 2.1648442 2.3877142 2.0369717 1.8925730 0.9819019 1.3268965 0.9212011 2.4276319 1.5819936 2.6391646 2.2544305 2.2128379 2.2626818 1.4643088 1.8606364 
Spur_XM_030976879.1                                   0.6541585 0.6591125 0.8022210 0.9096881 1.0197688 1.0489318 0.8758493 0.9772711 0.7637462 0.8864220 0.9705534 0.9435678 0.9629006 0.9709424 0.5058488 1.3195048 1.3223080 1.2821513 0.7899745 1.2330489 1.1816389 1.3713786 0.7884544 1.0908473 1.2069565 1.2139276 1.2162874 1.2417779 1.2436236 1.2473103 0.6370097 0.0042783 0.0000000 1.2143026 0.7616320 0.7556826 1.2232361 1.5115458 0.7741132 1.2904764 0.7946226 1.6993653 1.5421891 1.7099892 1.7777222 1.6588882 0.8761218 1.2561231 1.0772363 1.0357246 1.0673291 1.5403978 1.7975309 2.3750546 2.6562632 1.1752505 0.8212140 2.1896510 1.2823879 1.1622474 1.5359119 1.9444316 1.6646555 1.1248037 1.0393148 2.2399256 1.6236135 2.4428086 1.4097390 1.7801888 2.3465542 0.8095241 1.3622670 1.2821435 1.4044300 2.9575235 1.5551686 1.2319012 1.8025515 1.4225337 1.3949417 2.1230967 2.2389766 2.3433260 1.9689197 2.0181392 2.4226952 2.0490494 2.0415594 1.9793112 2.2803288 2.3026595 2.1648442 2.1588220 1.5798923 1.6199434 0.9690644 1.3268965 0.9212011 2.1314265 1.5485190 2.1361514 2.2102153 2.2128379 2.2626818 1.4643088 1.8274461 
Tetwil_g24768.t1                                      1.0235773 1.0305619 0.8043381 1.2840225 1.3481530 3.2028184 0.8979710 1.3876501 0.7824729 0.7507249 1.2110450 3.0235290 1.4695751 2.9124550 0.6736525 1.3880534 1.3964615 1.4394249 0.8552268 1.3240862 1.0927688 1.5462772 4.4851446 1.1130899 1.1489080 1.1428971 1.1266818 1.1558199 1.1532277 1.1491716 1.2246971 1.2311886 1.2143026 0.0000000 0.3028023 0.4115269 0.7925268 3.1081462 1.1967451 1.1463134 0.8682541 1.4731668 1.5570356 1.6507170 1.5895613 1.5274232 1.3404871 1.0539934 1.4015968 1.3438159 1.3683332 1.3774673 1.4336902 1.9622365 4.8282870 1.1943248 0.8492534 2.1571351 1.4001262 1.0898180 1.3104567 1.6729940 1.2919063 1.2757272 1.1648354 2.8896282 1.6259315 2.0417780 1.1982815 1.4036401 1.9623515 0.8753805 0.0228580 0.7977346 1.0963348 4.2415202 1.3351307 1.8011877 1.8750930 1.5533749 1.4381856 1.7417238 1.9398398 1.9636773 1.6864154 1.7170815 2.1148820 1.7107803 1.5349743 2.5630520 1.7406214 1.8390961 1.8823542 1.8380989 2.4642963 3.3341517 4.6677340 1.7497579 0.6327233 1.7859749 1.0911903 4.1711475 2.4053051 1.9300808 0.3369601 3.9348259 3.9348613 
Stycar_maker-SC_scaffold1111-snap-gene-0.19-mRNA-1    0.9304832 0.9370270 0.7221340 0.7833371 0.8883410 0.0000010 0.8591061 0.9433833 0.7320241 0.7093467 0.7337069 0.0000010 0.9777076 0.0000010 0.5974701 0.8857188 0.8828458 0.9971868 0.8304972 0.8085930 0.8318276 1.0343296 0.0000010 0.7190997 0.7439798 0.7645275 0.7676172 0.7787083 0.7730955 0.7823412 0.7626276 0.7616320 0.7616320 0.3028023 0.0000000 0.4316074 0.4098826 0.0000010 0.8134570 0.6309932 0.7669014 0.8390617 0.9432537 0.9218236 0.9236242 0.9236242 0.8193872 0.9446212 0.9704461 0.8449636 0.9045849 1.2971767 1.6302684 1.2017477 0.0000010 1.1992903 0.7594468 1.3096427 1.3091783 0.9355479 1.1828241 1.1828241 1.1924796 1.1091399 1.0283244 3.1716068 0.9348842 1.3601082 1.0576088 1.1387555 1.2292210 0.8194906 0.4398729 0.8297308 0.9501242 4.4244252 0.9483044 1.9776707 1.2278011 1.0305877 1.0914447 1.0948193 1.2702883 1.2842605 1.0559986 1.6004883 1.6550761 1.1655429 0.8577582 2.3051612 1.1800392 0.9977094 2.2809803 1.0766368 0.0000010 0.9353507 2.6870766 1.1124675 0.0000010 1.1801749 0.0000010 0.6247984 0.0000010 1.6987710 0.1553553 2.9966581 1.2756982 
