94
Stycar_maker-SC_scaffold2642-augustus-gene-0.44-mRNA-1  0.0000000 0.0749981 0.4519626 0.0000010 0.0000010 0.3729262 0.3729262 0.4833468 0.5768368 0.7109826 0.7109826 0.3105151 0.0000010 1.5881358 3.3667485 1.4996050 1.3367309 1.4717961 1.6083396 1.6337976 1.5332506 1.8756121 1.9876702 2.0197052 2.6741042 1.7000285 1.8765090 1.6526612 1.5641212 1.5641212 2.3168404 1.0807453 1.0375135 4.5043142 0.9074194 0.8761976 0.9116665 0.8761976 1.1693318 1.2235916 1.2942553 1.2942553 1.3815853 1.3054894 1.8241738 1.6801220 1.6801220 2.1858327 2.1858327 2.1858327 1.7041357 2.0187795 2.2406583 0.0000010 0.0000010 0.0000010 1.9793023 1.9793023 1.6578357 0.0000010 1.9793023 1.2283931 1.9439513 1.9439513 0.0000010 1.1938742 1.1938742 1.6578357 1.5270104 1.6578357 1.6590929 0.0000010 9.0000000 1.7584330 1.8519573 2.0536449 2.1623918 2.4195678 2.4195678 2.6084432 0.0000010 2.1033349 3.2925894 2.9363046 2.4169409 3.4763329 1.5213445 3.6328009 2.2453622 2.2453622 2.2162377 2.2841279 2.2841279 0.2452648 
Stycar_maker-SC_scaffold6353-augustus-gene-0.5-mRNA-1   0.0749981 0.0000000 0.4213226 0.0000010 0.0000010 0.4361039 0.4361039 0.6810484 0.5692770 0.6357680 0.6357680 0.3517611 0.0000010 1.9100033 2.9491751 1.9919720 1.8564105 1.8250018 1.9833121 1.8037349 1.9634465 1.8443496 1.9997814 2.0958136 2.1508812 2.0138122 1.8509946 1.8378627 1.8386082 1.8386082 1.3538929 1.4795160 1.4323114 0.6193452 1.2981076 1.4722100 1.4810161 1.4722100 1.7222320 1.7411515 1.5291925 1.5291925 1.6684254 1.8657850 1.9938836 1.8936977 1.8936977 2.1662706 2.1662706 2.3682996 1.6446123 2.0355983 1.9260059 9.0000000 9.0000000 9.0000000 2.2484834 1.9794820 5.1353924 9.0000000 1.9726096 1.2550529 2.0152593 2.0152593 0.0000010 1.6826422 1.6826422 1.0710309 2.0640218 1.0710309 2.0046648 0.0000010 5.2040816 2.0846463 2.0462556 2.0767163 2.2566666 2.3653254 2.3653254 2.4378193 0.0000010 1.8508861 2.4569717 2.3913021 2.1347867 2.3715868 2.0576700 1.5442294 2.2809051 2.4092475 2.5177008 2.5508098 2.6317116 0.5020153 
Tetwil_g2051.t1                                         0.4519626 0.4213226 0.0000000 0.3573337 0.3411828 0.8968727 0.8248273 1.3923736 0.9393107 0.9658234 1.1365605 0.8995863 1.0603393 1.9896727 2.5747183 2.4029876 2.2953468 2.3390172 2.4034921 2.4057845 2.2949619 2.3520486 2.4299434 2.6538639 2.5473815 2.4010153 2.2313295 2.2869178 2.4522818 2.2709220 2.4127494 2.2496874 2.1845552 2.4292736 2.1351263 2.2194278 2.2195181 2.2591764 2.2864568 2.2340960 2.3486188 2.3502615 2.4989477 2.5615109 2.3758954 2.4312270 2.4312270 2.4917055 2.4917055 2.4585495 2.3840086 2.4041867 2.6539976 2.7436874 2.5533109 2.6664694 2.6976301 2.5719942 2.7599713 2.9386853 2.6190129 2.3175985 2.5977177 2.5977177 2.6522769 2.5834241 2.5834241 2.7583679 2.6566224 2.7437204 2.5280337 2.7899532 3.4616246 2.1158383 2.3092874 2.7511425 2.7281425 2.8565841 2.8057467 2.9936277 2.3925219 2.5821310 3.0059789 2.9668596 2.8371248 3.0002134 2.8292936 2.6961833 3.0453160 2.7904707 3.1818227 3.3337940 3.2395632 4.2866949 
Stycar_maker-SC_scaffold2642-snap-gene-0.49-mRNA-1      0.0000010 0.0000010 0.3573337 0.0000000 0.0311102 0.0000010 0.5284192 0.9786605 0.6875025 0.6031155 0.0000010 0.5320695 0.4769526 0.0000010 9.0000000 1.9333925 1.7973729 1.7573322 1.7333472 1.8059953 1.9135035 1.8746538 2.0332614 2.0293808 1.9975464 1.4251160 1.6068513 1.7854820 1.8204986 1.8204986 1.6667066 1.5302000 1.5107793 1.5913343 1.5913343 1.6857338 1.6857338 1.7565278 1.3655535 1.5760246 1.3697352 1.3697352 1.5327500 2.2415785 1.7792390 1.9449474 1.9449474 1.8153822 1.8153822 1.8153822 1.8153822 1.8153822 1.8448035 1.8448035 1.8448035 1.8448035 1.8448035 1.8448035 1.8448035 1.8448035 1.8448035 0.0000010 2.0875238 2.0875238 1.7769213 2.0451284 2.0451284 1.8595306 1.8595306 1.8595306 2.1175320 2.0796553 1.9881807 1.6662823 1.5301542 2.7707570 2.2531977 2.8927270 2.2495296 2.5010652 1.7212072 2.2475743 2.2155537 2.2114924 2.0270886 2.0910667 1.7912021 1.7912021 2.4692493 2.4692493 2.9670932 2.9738317 2.9334405 3.0447026 
Stycar_maker-SC_scaffold2642-snap-gene-0.53-mRNA-1      0.0000010 0.0000010 0.3411828 0.0311102 0.0000000 0.0000010 0.3966066 1.0331333 0.6399241 0.5371906 0.0000010 0.4540775 0.4775497 0.0000010 1.5593549 1.7702865 1.6595853 1.5695540 1.5844483 1.7873196 1.7126685 1.6706668 1.8570642 1.7759331 1.6737695 1.3274825 1.4470373 1.5110571 1.5334636 1.5334636 1.3699484 1.4593944 1.4465772 1.4821686 1.4821686 1.5701474 1.5852431 1.5237651 1.3244195 1.3780606 1.2652187 1.2652187 1.3423001 1.9211949 1.7359568 1.7590365 1.7590365 1.6101692 1.6101692 1.6101692 1.5173404 1.5173404 1.6254432 1.6254432 1.6254432 1.6523373 1.6254432 1.6254432 1.6254432 1.6254432 1.6254432 0.9596208 1.6997003 1.6997003 1.6378637 1.7876517 1.7876517 1.6722820 1.6722820 1.6722820 1.7346777 1.7128603 1.6591883 2.0044433 1.5894829 2.4139291 2.0639142 2.3376943 2.0630852 2.1983469 1.5905022 1.9904775 2.1198656 1.9759785 1.9248663 1.9930256 1.8289367 1.8289367 2.1007875 2.1278309 2.4427564 2.6173557 2.4375744 3.9194453 
Spolac_c101577_g1_i1_m.26055c101577-g1                  0.3729262 0.4361039 0.8968727 0.0000010 0.0000010 0.0000000 0.0048256 1.3953754 1.1781141 1.1484467 1.1477238 1.0183611 0.0000010 1.7783248 3.6783266 2.2315276 2.0956427 2.1321818 2.3426125 2.1942472 2.1776669 2.1143208 2.3263092 2.2072670 2.1795801 2.1375693 2.1557444 2.1426825 2.1188136 2.1188136 2.5821742 2.0451721 1.9573313 2.5687260 1.9425990 1.9248940 1.8844224 1.9248940 2.1644322 2.0992553 1.9662113 1.9662113 2.0793229 1.9244716 1.9776531 2.1542891 2.1542891 2.2838360 2.2838360 2.3882216 2.1541421 2.2485515 2.4543453 3.0476643 2.5389180 5.5126559 2.4207139 2.3213401 2.7581017 3.2726242 2.3137016 2.4118631 2.4925122 2.4925122 2.9543766 2.0621961 2.0621961 2.7876739 2.4463693 2.7292782 2.3567642 3.1851735 5.2992929 1.9350388 2.4035533 2.6225607 2.7190266 2.8198363 2.8198363 3.0668168 2.2602903 2.4807945 3.1130246 2.9960358 2.8197049 3.0062034 2.7196569 2.8689329 3.1492846 2.7573584 3.2844647 3.2714383 3.3935662 2.9417174 
Spolac_c101577_g1_i2_m.26057c101577-g1                  0.3729262 0.4361039 0.8248273 0.5284192 0.3966066 0.0048256 0.0000000 1.3899512 1.0503118 1.0448532 1.1545519 0.8257738 0.6453583 1.7783248 2.7448096 2.1551096 2.0752263 2.0545743 2.1637007 2.2190097 2.2227534 2.1148141 2.2609116 2.2195521 2.3141941 2.1530151 2.1739356 2.0527751 2.1580847 1.9821175 2.0968241 2.0287065 1.9855300 2.1792851 1.9457231 1.9809132 1.9316595 2.0816484 2.1490222 2.0710314 1.9679720 1.9679720 2.0664645 2.0210186 2.0387636 2.1333849 2.1333849 2.1326027 2.1326027 2.1792128 2.0383314 2.1033832 2.2167300 2.2533894 2.0881570 2.0738608 2.2328209 2.1693420 2.2810681 2.3857018 2.1813237 2.1794180 2.3111508 2.3111508 2.2554018 2.0607930 2.0607930 2.2847324 2.2366287 2.2681641 2.1752702 2.3122818 2.8234815 1.9215616 2.3536365 2.6871076 2.6214539 2.7624083 2.8346878 3.0091252 2.1856936 2.4433200 2.8119012 2.7032841 2.4591969 2.7256906 2.6037773 2.6338602 2.7925391 2.5582895 2.8827113 2.9802345 3.0050703 3.7413040 
Plespi_Pspi_scaffold4905_01                             0.4833468 0.6810484 1.3923736 0.9786605 1.0331333 1.3953754 1.3899512 0.0000000 1.5487539 1.5011561 1.5065468 1.4621638 1.7629663 2.0437366 2.2964369 2.3281840 2.1024071 2.2061986 2.2085324 2.1445391 2.2126033 2.1248909 2.2679545 2.5552961 2.2419378 2.1836450 2.1035318 2.0051565 2.1997888 1.9271719 2.1927381 1.9939459 1.9152475 2.0860724 1.9119138 1.9365183 1.9274606 2.0224598 2.1108603 2.0211383 2.0430358 2.0430358 2.1641514 2.2484085 2.3056044 2.5277505 2.5277505 2.4700896 2.4700896 2.4916133 2.3552463 2.4430842 2.5095248 2.5040585 2.2842748 2.2021544 2.5471385 2.4353620 2.6441295 2.8457484 2.5182815 2.5043491 2.6219126 2.6219126 2.6644935 2.4986630 2.4986630 2.5594684 2.4781634 2.5232368 2.4227545 2.7811177 3.4775789 2.0171360 2.3001053 2.5639964 2.4928372 2.6990279 2.5400724 2.5215707 1.9383584 2.2541671 2.7151057 2.6335616 2.4317990 2.7193199 2.7561044 2.9043821 2.4381780 2.3467455 2.7173548 2.7585402 2.7691703 4.6068758 
Aque_Aqu2.1.38616_001                                   0.5768368 0.5692770 0.9393107 0.6875025 0.6399241 1.1781141 1.0503118 1.5487539 0.0000000 0.3666540 0.5424945 0.4459710 1.4088900 1.7434762 2.8551719 2.4154071 2.3314412 2.2377159 2.4669974 2.2474903 2.2444598 2.2944810 2.2417701 2.5334357 2.5020237 2.3260682 2.2205100 2.1318002 2.3118437 2.1582504 2.2263481 2.0700975 2.0510456 2.1118362 2.0630554 2.0663106 2.1191171 2.1604654 2.2123526 2.1856340 2.2666436 2.2666436 2.3526715 2.4104207 2.2594680 2.3988072 2.3988072 2.3463994 2.3463994 2.3357529 2.3073991 2.3037411 2.5017947 2.4008065 2.2246833 2.2624075 2.5619431 2.4209127 2.6713515 2.7050184 2.4861013 2.3831504 2.4737530 2.4737530 2.5850408 2.4559373 2.4559373 2.5648087 2.5361862 2.5210875 2.3853828 2.4965828 3.1029767 2.1368539 2.6630430 3.0875939 3.0381184 3.2175964 3.2821546 3.4867681 2.4497223 2.8134577 3.3924202 3.2542578 2.9470694 3.2088672 2.6106577 2.5439902 2.8599734 2.7117714 2.9187354 2.9920680 2.9413588 4.1836108 
Halamb_c41732_g1_i1m.14105                              0.7109826 0.6357680 0.9658234 0.6031155 0.5371906 1.1484467 1.0448532 1.5011561 0.3666540 0.0000000 0.0047044 0.3958977 1.3327567 2.0322946 2.8564875 2.6930512 2.5142420 2.4385500 2.6374252 2.5238339 2.4185047 2.3576292 2.5237560 2.7475471 2.5332969 2.3877878 2.3933851 2.2669890 2.4163113 2.2681735 2.3593657 2.0931824 2.1066778 2.1382745 2.1103310 2.1708444 2.1728007 2.2691719 2.2663280 2.1927494 2.3002402 2.3002402 2.2896037 2.5148224 2.2310849 2.4480357 2.4480357 2.5352048 2.5352048 2.5437883 2.4810942 2.4879457 2.5947411 2.4916213 2.2950141 2.4851067 2.6776568 2.5486976 2.7854378 2.8059544 2.6110366 2.3646129 2.5463748 2.5463748 2.6108818 2.6404725 2.6404725 2.5455304 2.5562194 2.5360928 2.5107018 2.6512604 3.1000595 2.2943809 2.4330136 3.0946124 3.0430095 3.0438819 3.1200356 3.4551618 2.3496549 2.8345069 3.0780619 3.0678864 2.8205890 2.9181854 2.7101977 2.6950183 2.8179882 2.5337421 2.8082064 2.9406907 2.9498525 4.2284812 
Halamb_c42005_g1_i1m.14437                              0.7109826 0.6357680 1.1365605 0.0000010 0.0000010 1.1477238 1.1545519 1.5065468 0.5424945 0.0047044 0.0000000 0.5514178 0.0000010 2.0322946 3.7754928 2.9433734 2.7132332 2.6820255 2.8600218 2.6626228 2.4829034 2.5325692 2.6402316 2.9819048 2.7179013 2.6816406 2.5885987 2.3917488 2.4566958 2.4566958 3.1674404 2.2012333 2.2121371 2.3666468 2.1938719 2.2552557 2.2379496 2.2552557 2.4493242 2.3549140 2.4275517 2.4275517 2.4692151 2.4752431 2.4123312 2.5850656 2.5850656 2.7818989 2.7818989 2.8274081 2.7894646 2.7412012 2.9531884 3.0963740 2.4563014 9.0000000 3.0118845 2.8065949 3.6990594 4.0028840 2.8675623 2.6205360 2.8113278 2.8113278 3.4769665 2.8164383 2.8164383 2.8844228 2.7429563 2.8786956 2.7360050 3.7546286 5.3503504 2.3166191 2.6966085 3.0683863 3.0622356 3.0498553 3.0498553 3.4914965 1.6994823 3.0319488 3.5767297 3.4050892 3.2634845 3.1183978 3.0958336 3.3446027 3.0617415 2.5552237 3.0823490 3.0647176 3.1026264 3.2404460 
Xestes_maker-XT_scaffold114375-augustus-gene-0.2-mRNA-1 0.3105151 0.3517611 0.8995863 0.5320695 0.4540775 1.0183611 0.8257738 1.4621638 0.4459710 0.3958977 0.5514178 0.0000000 1.1271245 1.4842422 3.0437282 2.3326459 2.2732436 2.2589995 2.3062334 2.4381793 2.2359202 2.4366394 2.3010255 2.3926747 2.3101426 2.1534027 1.9594852 1.8701766 2.0307646 1.8105329 2.1208555 2.0155547 1.9918160 2.0120171 2.0290115 2.0377361 2.0846557 2.1989979 2.0211217 2.0421960 2.0904099 2.0904099 2.1469195 2.2497121 2.1533914 2.2875621 2.2875621 2.2305948 2.2305948 2.2305948 2.2290480 2.2290480 2.3783594 2.3657300 2.2110252 2.2167851 2.3783594 2.3783594 2.5055008 2.6155993 2.3783594 2.4084814 2.2612536 2.2612536 2.3990598 2.3166187 2.3166187 2.3525253 2.3570633 2.3384111 2.2491901 2.4021543 2.7078347 1.9632597 2.2506521 2.6684321 2.7920736 2.7927760 2.8758429 3.0004928 2.2155617 2.7407264 2.8574665 2.5886270 2.4725480 2.5464758 2.5295239 2.4964447 2.6582568 2.3796611 2.7749184 2.8532309 2.8871781 3.9786243 
Emue_Em0010g319a.t1                                     0.0000010 0.0000010 1.0603393 0.4769526 0.4775497 0.0000010 0.6453583 1.7629663 1.4088900 1.3327567 0.0000010 1.1271245 0.0000000 0.0000010 8.0174676 2.5460087 2.8075705 2.7181055 2.5355794 2.5300718 2.9434789 2.8150043 2.7791787 2.7812972 3.0134411 2.8388787 3.0480115 2.6816564 2.6001401 2.1172262 2.4876384 2.6025561 2.6154964 2.6711463 2.6956579 2.7246276 2.7791017 3.5752160 2.4979399 2.5160109 2.4924047 2.4712262 2.5112957 3.2143488 2.9442028 2.9787662 2.9787662 2.8240639 2.8240639 2.8240639 2.8098893 2.8098893 2.6911844 2.6911844 2.6911844 2.6911844 2.6911844 2.6911844 2.6911844 2.6911844 2.6911844 0.0000010 3.2828789 3.2828789 2.8524474 2.6159789 2.6159789 2.9028586 2.9028586 2.9199366 3.0364814 2.9286609 2.8380098 2.8775665 2.3618797 3.1646878 3.0752070 3.2619345 3.4719034 3.1761543 2.8111159 3.0184755 2.5078869 2.6716274 2.0371480 2.5807033 2.5990380 2.5990380 2.9580197 2.8809340 3.1514933 3.0431440 3.1122071 4.0311267 
Lcom_lcpid176322                                        1.5881358 1.9100033 1.9896727 0.0000010 0.0000010 1.7783248 1.7783248 2.0437366 1.7434762 2.0322946 2.0322946 1.4842422 0.0000010 0.0000000 2.9281092 0.3357771 0.4044511 0.4103171 0.3717688 0.4063321 0.4356194 0.4448611 0.4831217 0.7158811 0.7810416 1.4967889 1.2226610 1.3605026 1.3611706 1.3611706 1.6597382 0.9552227 0.9013650 0.7947518 1.0099939 0.9424851 0.9512832 0.9424851 1.1813941 1.2478935 1.0995627 1.0995627 1.0839356 1.4157108 1.4703583 1.5456307 1.5456307 1.5458391 1.5458391 1.6897789 1.3067422 1.5345728 1.3179733 0.0000010 0.0000010 0.0000010 1.7678079 1.4605746 1.1999981 2.6099956 1.5922237 1.1538038 1.7217115 1.7217115 2.8095815 1.6098304 1.6098304 1.1943092 1.6113193 1.1306151 1.3919157 0.0000010 7.3006189 1.5376222 1.8315926 1.6131935 1.6714812 1.7029969 1.7029969 1.7641722 0.0000010 1.5586798 2.1723722 2.1592102 2.1010944 2.1822119 1.7765419 1.5339648 1.9932675 2.0350618 1.8001407 1.8557896 1.8727304 1.8243498 
Lcom_lcpid235660                                        3.3667485 2.9491751 2.5747183 9.0000000 1.5593549 3.6783266 2.7448096 2.2964369 2.8551719 2.8564875 3.7754928 3.0437282 8.0174676 2.9281092 0.0000000 0.2581060 0.3078380 0.3978102 0.3534227 0.3493902 0.3717176 0.3974598 0.5895132 0.5902250 0.8174298 1.0608941 1.0350004 1.0669009 1.0893551 1.0893551 1.0524575 1.0772024 1.0222037 1.0685394 1.0067952 1.0393013 0.9537985 1.0393013 0.9764013 1.0071759 1.0344768 1.0344768 1.4405583 1.1497718 1.1907774 1.5258325 1.5258325 1.3517661 1.3517661 1.3517661 1.3993981 1.3993981 1.4114942 1.3380813 1.2728597 1.8032620 1.4114942 1.4114942 1.3802854 1.3802854 1.4114942 1.3359811 1.3764363 1.3764363 1.3760157 1.4009967 1.4009967 1.5837165 1.6510608 1.5837165 1.5609701 1.5057375 1.8236295 9.0000000 2.1729138 2.7468856 2.2683000 2.5641109 2.5641109 2.1441219 1.2281683 2.0439653 2.6707301 2.4481799 2.3980868 2.8895185 2.6336101 2.4213697 2.4238629 1.7910868 2.5259239 2.4858511 2.5790944 5.4457062 
Cgig_XM_034465378.1                                     1.4996050 1.9919720 2.4029876 1.9333925 1.7702865 2.2315276 2.1551096 2.3281840 2.4154071 2.6930512 2.9433734 2.3326459 2.5460087 0.3357771 0.2581060 0.0000000 0.2627803 0.3631860 0.3965821 0.3807396 0.3986604 0.5134535 0.5546580 0.6452034 0.9594779 1.1813063 1.2441308 1.1788544 1.2875386 1.1630679 1.1081134 1.0618801 1.0365879 1.0030675 1.0673572 1.0210261 1.0147016 1.1235670 1.1354381 1.1624520 1.0830309 1.0849934 1.1587213 1.2940297 1.3330283 1.4159419 1.4159419 1.4538553 1.4538553 1.4071552 1.2733538 1.3844056 1.2660036 1.1714297 1.1343633 1.2564571 1.4973973 1.3265342 1.2890921 1.3279243 1.4429391 1.3422458 1.5232574 1.5232574 1.3069731 1.5201197 1.5201197 1.3861872 1.5093695 1.3604963 1.3631807 1.2135196 1.8683297 1.6627534 2.0108456 2.0509946 2.2203089 2.3307104 2.1678546 2.1411511 1.5363356 1.8277302 2.3883754 2.4119982 2.2032012 2.4220995 2.3182293 2.1442866 2.1904848 2.0321131 2.2517985 2.2029898 2.2350010 3.5278262 
Acagra_model.g27857.t1                                  1.3367309 1.8564105 2.2953468 1.7973729 1.6595853 2.0956427 2.0752263 2.1024071 2.3314412 2.5142420 2.7132332 2.2732436 2.8075705 0.4044511 0.3078380 0.2627803 0.0000000 0.3409127 0.3714778 0.3636240 0.4485617 0.5024816 0.5468843 0.6807701 0.9782972 1.1620381 1.1404554 1.1560071 1.1576879 1.0384307 1.0910313 0.9604765 0.9349392 0.9483320 0.9655714 1.0356459 0.9903338 1.1345758 0.9799376 1.0105306 1.0634058 1.0653636 1.1515132 1.3021591 1.2791310 1.5014805 1.5014805 1.5163262 1.5163262 1.4936510 1.4010916 1.4899715 1.4106746 1.2652998 1.2482325 1.3461660 1.6424137 1.4580131 1.3866561 1.4356809 1.6315362 1.4449935 1.6501471 1.6501471 1.3484847 1.5547430 1.5547430 1.4000888 1.5838162 1.3835022 1.4799566 1.2791349 1.9407287 1.8027566 1.8908278 1.8143930 2.0115736 2.2056121 2.0217551 2.0012922 1.5594254 1.8449961 2.2355619 2.2851509 2.0939471 2.2930062 2.2208336 2.1890733 2.0456890 1.8871012 2.1719166 2.1537678 2.2047523 3.3998968 
Bralan_BLAG19100900_1                                   1.4717961 1.8250018 2.3390172 1.7573322 1.5695540 2.1321818 2.0545743 2.2061986 2.2377159 2.4385500 2.6820255 2.2589995 2.7181055 0.4103171 0.3978102 0.3631860 0.3409127 0.0000000 0.3201293 0.3815724 0.3488283 0.4327526 0.5163849 0.5693555 0.9565607 1.1282980 1.0833971 1.1132685 1.1217368 0.9933960 1.0796219 0.8816946 0.8569866 0.8944492 0.8777909 0.9611406 0.9077598 1.0517614 0.9025731 0.9447003 0.9452614 0.9471473 1.0480198 1.1950690 1.1214361 1.3324130 1.3324130 1.2877449 1.2877449 1.3092291 1.2050855 1.2728788 1.3369775 1.1414516 1.1054604 1.2347927 1.4368491 1.3492059 1.3308821 1.3971682 1.4087348 1.4345800 1.4808072 1.4808072 1.2557678 1.3701610 1.3701610 1.3242557 1.4107741 1.3116344 1.3177217 1.2610224 1.8015216 1.4743640 1.7988820 1.8795778 1.8961682 2.0684338 2.0019051 1.8368863 1.6558628 1.6473555 2.1210122 2.0061694 1.9579238 2.1773670 1.9693207 1.9455140 1.9269434 1.7589075 1.9408511 1.9206451 1.9684001 3.6256655 
Skow_XM_006822752.1                                     1.6083396 1.9833121 2.4034921 1.7333472 1.5844483 2.3426125 2.1637007 2.2085324 2.4669974 2.6374252 2.8600218 2.3062334 2.5355794 0.3717688 0.3534227 0.3965821 0.3714778 0.3201293 0.0000000 0.4393036 0.3855978 0.5133457 0.5980541 0.5946580 1.0178632 1.1944950 1.1596312 1.1592484 1.2313397 1.0988106 1.0868024 0.9968864 0.9810670 1.0076934 0.9781956 1.0338184 0.9909050 1.1408338 1.0000643 1.0654209 0.9990054 1.0009359 1.1037022 1.3494114 1.2884754 1.3469929 1.3469929 1.3925671 1.3925671 1.3949679 1.3777604 1.3727014 1.3605492 1.1960747 1.1605746 1.2462351 1.4352052 1.3418142 1.3343359 1.3815898 1.3988628 1.4555438 1.5188747 1.5188747 1.2578946 1.4315335 1.4315335 1.4450339 1.4667333 1.4292520 1.3692869 1.3084418 1.8438132 1.5525162 2.0262414 1.8913219 1.9411261 2.0626224 1.9877180 1.8612313 1.6646561 1.8828355 2.3087092 2.3834409 2.2245457 2.3933376 2.3050742 2.2837037 1.9158102 1.7307574 1.9640164 1.9466338 1.9785858 3.5481915 
Ctel_gnl_WGS_AMQN_CAPTEDRAFT_mRNA148485                 1.6337976 1.8037349 2.4057845 1.8059953 1.7873196 2.1942472 2.2190097 2.1445391 2.2474903 2.5238339 2.6626228 2.4381793 2.5300718 0.4063321 0.3493902 0.3807396 0.3636240 0.3815724 0.4393036 0.0000000 0.4896081 0.4758755 0.5470076 0.6436654 0.9298212 1.1740712 1.1337277 1.1130266 1.1740622 1.0562290 1.1666066 0.9540511 0.9358447 0.9691338 0.9632476 1.0143221 0.9851740 1.1353788 0.9761071 1.0204690 1.0348960 1.0368361 1.1251168 1.2810517 1.2704145 1.3868090 1.3868090 1.3960178 1.3960178 1.3976242 1.3124166 1.3927355 1.3454120 1.2141348 1.1802958 1.2141407 1.4713422 1.3599903 1.3364747 1.4204996 1.4511485 1.4400760 1.4678100 1.4678100 1.3200359 1.4758415 1.4758415 1.4152224 1.5461043 1.3960089 1.4210947 1.3397677 1.8343260 1.5410789 1.9344662 2.0076517 2.0099709 2.1945063 2.0972149 2.0676776 1.7264325 1.7339947 2.1998974 2.2134480 1.9828544 2.2952772 2.1452269 2.1365576 2.0166154 1.8622431 2.0132891 1.9751768 1.9996588 3.5860424 
Hsap_ENST00000361891                                    1.5332506 1.9634465 2.2949619 1.9135035 1.7126685 2.1776669 2.2227534 2.2126033 2.2444598 2.4185047 2.4829034 2.2359202 2.9434789 0.4356194 0.3717176 0.3986604 0.4485617 0.3488283 0.3855978 0.4896081 0.0000000 0.5221727 0.5438420 0.6383586 1.0067553 1.1698352 1.1280563 1.1154790 1.2187429 1.0710016 1.0734407 0.9454569 0.9249490 0.9684218 0.9556493 0.9779225 0.9632141 1.0561357 1.0246160 1.0388548 0.9261388 0.9280182 1.0608561 1.1456823 1.1759145 1.4332628 1.4332628 1.3499283 1.3499283 1.3844636 1.2745188 1.3244093 1.3286519 1.2566023 1.2360207 1.4035776 1.5075146 1.3455545 1.3307263 1.4057132 1.4594374 1.3201913 1.4886636 1.4886636 1.3110477 1.5081470 1.5081470 1.4363363 1.5305058 1.4240512 1.3905900 1.2650546 1.8391640 1.6405134 1.9713920 2.0616713 2.2294297 2.3406843 2.2322422 2.1508265 1.6405405 1.7199573 2.2264414 2.3010239 2.0836917 2.2628527 2.0420321 1.9632689 1.9553516 1.7848838 2.0473583 2.0546444 2.0508670 3.7373760 
Cscu_XM_023369851.1                                     1.8756121 1.8443496 2.3520486 1.8746538 1.6706668 2.1143208 2.1148141 2.1248909 2.2944810 2.3576292 2.5325692 2.4366394 2.8150043 0.4448611 0.3974598 0.5134535 0.5024816 0.4327526 0.5133457 0.4758755 0.5221727 0.0000000 0.4244964 0.7329752 0.9738608 1.2388093 1.1487280 1.1015794 1.1881004 1.0480306 1.1559981 1.0341923 0.9982844 1.0391490 0.9888356 0.9930565 0.9617828 1.0228437 1.0050991 1.0471952 1.0844761 1.0865126 1.1125077 1.2204894 1.2095402 1.4952674 1.4952674 1.3899370 1.3899370 1.3989573 1.3876070 1.4060420 1.4228494 1.3142730 1.3294571 1.4909844 1.5339471 1.4266459 1.4118366 1.4865815 1.5174055 1.3862208 1.6178359 1.6178359 1.4129775 1.5551034 1.5551034 1.4824579 1.5582207 1.4668901 1.4514301 1.3466817 1.9296005 1.6428892 1.8998095 2.1569628 2.1954316 2.2550369 2.3055586 2.1385171 1.7895219 1.9280546 2.3342345 2.3420128 2.1583325 2.4090311 2.2578366 2.1216088 2.2164533 2.0542006 2.1658572 2.2065121 2.2163726 3.9726966 
Tcas_TC004865_001                                       1.9876702 1.9997814 2.4299434 2.0332614 1.8570642 2.3263092 2.2609116 2.2679545 2.2417701 2.5237560 2.6402316 2.3010255 2.7791787 0.4831217 0.5895132 0.5546580 0.5468843 0.5163849 0.5980541 0.5470076 0.5438420 0.4244964 0.0000000 0.8392428 0.9305746 1.3268723 1.2291432 1.1694534 1.1925036 1.0724081 1.2762901 1.0712812 1.0627111 1.1205899 1.0508705 1.1429509 1.1028742 1.2330964 1.1792953 1.1446919 1.2249353 1.2277381 1.3041319 1.3942591 1.3752003 1.6022092 1.6022092 1.5399814 1.5399814 1.5176256 1.4878179 1.5381921 1.4589301 1.4119251 1.3550361 1.4858454 1.6479402 1.4833737 1.4537776 1.5462919 1.6443549 1.3714014 1.6571546 1.6571546 1.4240910 1.6611310 1.6611310 1.5046539 1.6849160 1.4906625 1.6574203 1.5674023 2.1841601 1.7290026 2.1177812 2.1305637 2.2161878 2.3400508 2.3126490 2.1689776 1.7034810 1.7802047 2.2911395 2.3047527 2.1940936 2.4320425 2.3733497 2.2134218 2.1002002 1.9781240 2.1163583 2.0571057 2.0727170 3.7105158 
Spur_XM_031000319.1                                     2.0197052 2.0958136 2.6538639 2.0293808 1.7759331 2.2072670 2.2195521 2.5552961 2.5334357 2.7475471 2.9819048 2.3926747 2.7812972 0.7158811 0.5902250 0.6452034 0.6807701 0.5693555 0.5946580 0.6436654 0.6383586 0.7329752 0.8392428 0.0000000 1.2662782 1.3881633 1.3682949 1.3409917 1.4093730 1.2571628 1.3621216 1.2555121 1.2337846 1.2226387 1.2536570 1.2542596 1.2159858 1.3539465 1.2312802 1.2343109 1.2255200 1.2275684 1.3217925 1.3798719 1.3623333 1.4562737 1.4562737 1.3655167 1.3655167 1.4050635 1.2762736 1.3459821 1.4237600 1.2897688 1.2474348 1.3300372 1.5602267 1.4482731 1.4642448 1.4832347 1.5157305 1.4634533 1.4724335 1.4724335 1.4305907 1.5222152 1.5222152 1.5995470 1.5954884 1.5742788 1.4737070 1.4476650 1.9892303 1.5255753 2.0201422 2.1072374 2.0605065 2.3668589 2.2666461 2.0534904 1.9256146 1.8324855 2.2557423 2.2165920 2.0889065 2.3319968 2.1795699 2.1188067 2.2206971 2.1040890 2.3288637 2.2848495 2.3480685 3.9594117 
Dpul_mRNA13845                                          2.6741042 2.1508812 2.5473815 1.9975464 1.6737695 2.1795801 2.3141941 2.2419378 2.5020237 2.5332969 2.7179013 2.3101426 3.0134411 0.7810416 0.8174298 0.9594779 0.9782972 0.9565607 1.0178632 0.9298212 1.0067553 0.9738608 0.9305746 1.2662782 0.0000000 1.4656621 1.4146630 1.5088271 1.5228396 1.3428761 1.4758217 1.3290957 1.3248858 1.3336970 1.3297198 1.3464304 1.3192218 1.4233591 1.2936861 1.2544155 1.4869340 1.4798009 1.5131210 1.4327383 1.4813780 1.7347823 1.7347823 1.6957809 1.6957809 1.6481952 1.6895716 1.6687358 1.5938593 1.5212863 1.4271622 1.5352202 1.6587912 1.5488656 1.5861681 1.6819705 1.6244038 1.7341303 1.8364753 1.8364753 1.6900970 1.8163103 1.8163103 1.6848553 1.7907289 1.6609450 1.6561384 1.6376278 2.3083313 1.6957591 2.0369884 2.1773712 2.1400861 2.3359823 2.2481302 2.2272758 1.6828998 1.9190056 2.4532749 2.3717228 2.2770381 2.5181437 2.4092414 2.3664001 2.2185210 2.1166039 2.1519782 2.1733744 2.1886391 3.6126559 
Morvir_scaffold69.g82.t1                                1.7000285 2.0138122 2.4010153 1.4251160 1.3274825 2.1375693 2.1530151 2.1836450 2.3260682 2.3877878 2.6816406 2.1534027 2.8388787 1.4967889 1.0608941 1.1813063 1.1620381 1.1282980 1.1944950 1.1740712 1.1698352 1.2388093 1.3268723 1.3881633 1.4656621 0.0000000 0.5375107 0.5044575 0.5948668 0.4833509 0.4708194 0.7094642 0.7049333 0.7074697 0.7203989 0.7638524 0.7421060 0.8293167 0.7485419 0.7130066 0.8525804 0.8483035 0.9337338 0.6631096 0.6889649 1.5090757 1.5090757 1.4857891 1.4857891 1.4527439 1.3941554 1.4272721 1.4218950 1.2668760 1.1924378 1.3367083 1.4886690 1.4012384 1.4265284 1.4626015 1.4781608 1.4766541 1.5660272 1.5660272 1.2447299 1.4343211 1.4343211 1.3289581 1.4929965 1.3143223 1.4316477 1.3578963 1.7470003 1.6838711 1.9255317 1.9291315 2.0028499 2.1080239 2.1498845 2.1185078 1.5525766 1.8407467 2.5246708 2.4046038 2.2776792 2.4903387 2.0579070 1.9977737 2.1528022 2.0786758 2.1833212 2.1769085 2.1954629 2.9308962 
Sanmal_Sma_026052-T1                                    1.8765090 1.8509946 2.2313295 1.6068513 1.4470373 2.1557444 2.1739356 2.1035318 2.2205100 2.3933851 2.5885987 1.9594852 3.0480115 1.2226610 1.0350004 1.2441308 1.1404554 1.0833971 1.1596312 1.1337277 1.1280563 1.1487280 1.2291432 1.3682949 1.4146630 0.5375107 0.0000000 0.3717878 0.4100298 0.3136375 0.3408298 0.7037445 0.7005867 0.6713856 0.7191787 0.7428607 0.7517488 0.8297280 0.7811531 0.7033541 0.8672811 0.8641334 0.9023547 0.6991934 0.7114863 1.5597201 1.5597201 1.5336250 1.5336250 1.4968490 1.4978212 1.5053966 1.4440429 1.3249137 1.2537178 1.4653566 1.5707297 1.4371353 1.3731120 1.4200694 1.5412867 1.4592595 1.6543159 1.6543159 1.3344829 1.4842934 1.4842934 1.3667028 1.5780452 1.3796621 1.4452619 1.3265632 1.7977845 1.6899046 2.0375562 1.8989151 1.9312795 2.0387432 2.0745345 1.9890483 1.5915266 1.6964765 2.3502622 2.2288757 2.0607344 2.3003888 2.2536553 2.1789392 1.9927945 1.8938985 2.0514303 2.0668022 2.0513988 2.8722108 
Rhoesc_Res_012996-T1                                    1.6526612 1.8378627 2.2869178 1.7854820 1.5110571 2.1426825 2.0527751 2.0051565 2.1318002 2.2669890 2.3917488 1.8701766 2.6816564 1.3605026 1.0669009 1.1788544 1.1560071 1.1132685 1.1592484 1.1130266 1.1154790 1.1015794 1.1694534 1.3409917 1.5088271 0.5044575 0.3717878 0.0000000 0.1337269 0.0713221 0.2114216 0.7048868 0.7054960 0.6611471 0.6917985 0.7162925 0.7180281 0.8321982 0.7511119 0.7101885 0.8327596 0.8327596 0.8920301 0.7317935 0.7380629 1.4908746 1.4908746 1.4698372 1.4698372 1.3984974 1.4423834 1.4436748 1.3550864 1.2453336 1.1714986 1.3542399 1.4797521 1.3454140 1.3145290 1.3440411 1.4774267 1.2998209 1.5437495 1.5437495 1.2131687 1.3993073 1.3993073 1.2529389 1.4529089 1.2256956 1.4568315 1.3154148 1.8024305 1.5835541 1.8359773 1.8983574 1.9801951 2.2460702 2.1902176 2.0475992 1.5829903 1.7467473 2.3360176 2.3003575 2.1867166 2.2727375 2.1927691 2.1301349 2.1028828 1.9851235 2.0155804 1.9906330 2.0119256 3.2328933 
Nemnom_g19082.t1                                        1.5641212 1.8386082 2.4522818 1.8204986 1.5334636 2.1188136 2.1580847 2.1997888 2.3118437 2.4163113 2.4566958 2.0307646 2.6001401 1.3611706 1.0893551 1.2875386 1.1576879 1.1217368 1.2313397 1.1740622 1.2187429 1.1881004 1.1925036 1.4093730 1.5228396 0.5948668 0.4100298 0.1337269 0.0000000 0.0097786 0.3089584 0.8020769 0.7981820 0.7991812 0.7984725 0.8356805 0.8025117 0.7542507 0.8351323 0.8441150 0.9271594 0.9271594 0.9774510 0.7425055 0.8959463 1.6922990 1.6922990 1.6940068 1.6940068 1.6243192 1.6631730 1.6479516 1.5362894 1.4751476 1.4253105 1.7346710 1.6701221 1.5118403 1.5326991 1.5887715 1.6613238 1.3138275 1.7866306 1.7866306 1.5113257 1.5726290 1.5726290 1.4535391 1.5668314 1.4565388 1.6824202 1.6853600 2.2680270 1.4424182 1.9863511 1.9364053 1.9386564 2.2125852 2.1193664 1.8896894 1.5443847 1.8960211 2.6044958 2.5384842 2.2447226 2.5084114 2.2255757 2.1297331 2.1894493 2.0766082 2.0859047 2.0800303 2.1009239 3.3738990 
Nemnom_g4480.t1                                         1.5641212 1.8386082 2.2709220 1.8204986 1.5334636 2.1188136 1.9821175 1.9271719 2.1582504 2.2681735 2.4566958 1.8105329 2.1172262 1.3611706 1.0893551 1.1630679 1.0384307 0.9933960 1.0988106 1.0562290 1.0710016 1.0480306 1.0724081 1.2571628 1.3428761 0.4833509 0.3136375 0.0713221 0.0097786 0.0000000 0.1654387 0.6583170 0.6551739 0.5961484 0.6646636 0.7017811 0.6741973 0.6935855 0.7046487 0.7201444 0.7986594 0.7986594 0.8549232 0.6637014 0.7728490 1.4910038 1.4910038 1.4912542 1.4912542 1.4160602 1.4335827 1.4453819 1.3399622 1.1958041 1.0991890 1.2771950 1.4985604 1.3324176 1.3014583 1.3343622 1.4953819 1.3138275 1.5670947 1.5670947 1.2139313 1.3853690 1.3853690 1.2016646 1.3770804 1.2038507 1.4761766 1.3373452 1.8973941 1.4424182 1.7265833 1.7559508 1.7332390 2.2035507 1.9151141 1.7106553 1.0611391 1.6703419 2.3275634 2.2697443 2.2447226 2.2252266 2.0202611 1.8644342 1.9644359 1.8356735 1.8440374 1.8339224 1.8536667 3.0055716 
Aaur_scaffold1376.g9.t2                                 2.3168404 1.3538929 2.4127494 1.6667066 1.3699484 2.5821742 2.0968241 2.1927381 2.2263481 2.3593657 3.1674404 2.1208555 2.4876384 1.6597382 1.0524575 1.1081134 1.0910313 1.0796219 1.0868024 1.1666066 1.0734407 1.1559981 1.2762901 1.3621216 1.4758217 0.4708194 0.3408298 0.2114216 0.3089584 0.1654387 0.0000000 0.6137902 0.6006402 0.6716578 0.5922289 0.6294146 0.6222473 0.7892856 0.6454798 0.6240822 0.6457245 0.6425698 0.8113652 0.6153215 0.5662374 1.2705439 1.2705439 1.3258374 1.3258374 1.3412781 1.3102431 1.3102431 1.3656737 1.2399254 1.1387659 1.2869811 1.3656737 1.3656737 1.3453107 1.3452631 1.3499404 1.3822394 1.3069806 1.3069806 1.2039631 1.3404376 1.3404376 1.3939260 1.4086096 1.3765734 1.3723029 1.3374442 1.5413028 1.5349223 1.8403546 1.8822028 1.9432640 2.1395097 2.1126773 1.9726826 1.5998573 1.7732395 2.1472977 2.0622623 1.7695729 1.9396466 2.3869236 2.3341201 1.9808579 1.8243056 2.0107638 2.0142998 2.0446739 3.9080245 
Spis_XP_022797888_1                                     1.0807453 1.4795160 2.2496874 1.5302000 1.4593944 2.0451721 2.0287065 1.9939459 2.0700975 2.0931824 2.2012333 2.0155547 2.6025561 0.9552227 1.0772024 1.0618801 0.9604765 0.8816946 0.9968864 0.9540511 0.9454569 1.0341923 1.0712812 1.2555121 1.3290957 0.7094642 0.7037445 0.7048868 0.8020769 0.6583170 0.6137902 0.0000000 0.0225453 0.0938686 0.0981072 0.1768036 0.1342520 0.2717107 0.2984626 0.3229885 0.5569243 0.5552208 0.6682198 0.8033334 0.8361004 1.3490047 1.3490047 1.3578397 1.3578397 1.3372912 1.3240914 1.3257616 1.3209271 1.1581696 1.1381834 1.2480569 1.4067889 1.3041719 1.3331269 1.3453577 1.3979434 1.4645236 1.4442029 1.4442029 1.2922527 1.3409839 1.3409839 1.2951199 1.3788191 1.2953073 1.3405929 1.2732033 1.8078410 1.5141408 1.9221027 1.7731857 1.8719425 2.0066095 2.0258615 2.0134567 1.6727069 1.6698698 2.1602274 2.1300815 1.8808014 2.0744118 2.0716624 2.0399464 1.8865259 1.7674000 1.8502613 1.8720758 1.9056144 3.0495548 
Pocdam_XM_027186993.1                                   1.0375135 1.4323114 2.1845552 1.5107793 1.4465772 1.9573313 1.9855300 1.9152475 2.0510456 2.1066778 2.2121371 1.9918160 2.6154964 0.9013650 1.0222037 1.0365879 0.9349392 0.8569866 0.9810670 0.9358447 0.9249490 0.9982844 1.0627111 1.2337846 1.3248858 0.7049333 0.7005867 0.7054960 0.7981820 0.6551739 0.6006402 0.0225453 0.0000000 0.0870735 0.0935837 0.1543599 0.1195519 0.2377854 0.2948822 0.3283412 0.5378595 0.5362302 0.6508289 0.7744449 0.8240449 1.3431010 1.3431010 1.3574274 1.3574274 1.3368212 1.3114680 1.3252879 1.3037003 1.1590233 1.1441520 1.2556318 1.4006063 1.2977851 1.3182664 1.3463091 1.3919562 1.4191666 1.4379956 1.4379956 1.2810002 1.3393925 1.3393925 1.3091335 1.4054867 1.3056674 1.3564209 1.3080773 1.8549212 1.5153022 1.8990500 1.7610024 1.8665214 1.9895913 2.0068048 2.0237375 1.6743715 1.6811541 2.1569845 2.0827019 1.8699262 2.0924053 2.0308323 1.9827029 1.9013514 1.7548584 1.8896347 1.8831427 1.9168120 3.0564557 
Gasp_gasp1.m3.25613.m1                                  4.5043142 0.6193452 2.4292736 1.5913343 1.4821686 2.5687260 2.1792851 2.0860724 2.1118362 2.1382745 2.3666468 2.0120171 2.6711463 0.7947518 1.0685394 1.0030675 0.9483320 0.8944492 1.0076934 0.9691338 0.9684218 1.0391490 1.1205899 1.2226387 1.3336970 0.7074697 0.6713856 0.6611471 0.7991812 0.5961484 0.6716578 0.0938686 0.0870735 0.0000000 0.0473265 0.1951905 0.1166460 0.3461204 0.2667059 0.2839975 0.5772603 0.5746312 0.6792621 0.7133334 0.7216326 1.3820478 1.3820478 1.3713399 1.3713399 1.3713399 1.3454301 1.3454301 1.4206024 1.2709950 1.2788548 1.2514831 1.4206024 1.4206024 1.4707511 1.5024256 1.4206024 1.7456380 1.3907078 1.3907078 1.4118335 1.4312298 1.4312298 1.4202407 1.4157051 1.4215294 1.3948227 1.4635772 2.0187893 1.3660367 1.9549328 1.9664334 1.9661257 2.2410618 2.1602166 2.0524468 1.6848714 1.8831706 2.1948801 2.1856706 1.8647882 2.0936308 2.1329540 2.0491290 1.8403416 1.6048049 1.9559628 1.9619207 1.9834544 3.0097677 
Fspp_ffun1.m4.7645.m1                                   0.9074194 1.2981076 2.1351263 1.5913343 1.4821686 1.9425990 1.9457231 1.9119138 2.0630554 2.1103310 2.1938719 2.0290115 2.6956579 1.0099939 1.0067952 1.0673572 0.9655714 0.8777909 0.9781956 0.9632476 0.9556493 0.9888356 1.0508705 1.2536570 1.3297198 0.7203989 0.7191787 0.6917985 0.7984725 0.6646636 0.5922289 0.0981072 0.0935837 0.0473265 0.0000000 0.1640077 0.1180636 0.2543755 0.2865407 0.3165528 0.5360858 0.5344619 0.6644824 0.7756043 0.7986189 1.3425408 1.3425408 1.3635355 1.3635355 1.3365514 1.3273223 1.3275768 1.3032576 1.1429077 1.1263686 1.2361036 1.3850004 1.2831681 1.3254907 1.3420531 1.3832335 1.4257300 1.4172185 1.4172185 1.2475973 1.3088085 1.3088085 1.3055280 1.3780799 1.3066518 1.3487862 1.2894580 1.8254116 1.4542818 1.8617311 1.7580652 1.8611840 1.9748013 1.9713156 1.9683593 1.6292913 1.6953087 2.2609604 2.2133988 1.9825257 2.1757506 2.0159082 1.9904318 1.7630831 1.6157518 1.7690599 1.7992446 1.8206039 3.0406382 
Adig_XM_015896555.1                                     0.8761976 1.4722100 2.2194278 1.6857338 1.5701474 1.9248940 1.9809132 1.9365183 2.0663106 2.1708444 2.2552557 2.0377361 2.7246276 0.9424851 1.0393013 1.0210261 1.0356459 0.9611406 1.0338184 1.0143221 0.9779225 0.9930565 1.1429509 1.2542596 1.3464304 0.7638524 0.7428607 0.7162925 0.8356805 0.7017811 0.6294146 0.1768036 0.1543599 0.1951905 0.1640077 0.0000000 0.0908270 0.0769649 0.3467154 0.3715553 0.5564026 0.5547001 0.6753956 0.8259386 0.8510858 1.3707748 1.3707748 1.3543312 1.3543312 1.3429589 1.3004969 1.3142617 1.2319444 1.0934821 1.0552989 1.1223118 1.3368716 1.2341056 1.2630483 1.2949961 1.3211338 1.3661854 1.3938441 1.3938441 1.2848234 1.3759462 1.3759462 1.3600480 1.4224467 1.3564649 1.3152144 1.2658981 1.8606456 1.4905423 1.9318524 1.7885632 1.9398602 2.0071181 2.0383809 1.9946374 1.6051747 1.7256045 2.2332187 2.0867199 1.8774268 2.0866344 2.1657176 2.1603715 1.9458271 1.7814200 1.9481880 1.9751482 2.0086733 3.2757797 
Gfas_gfas1.m1.15874.m1                                  0.9116665 1.4810161 2.2195181 1.6857338 1.5852431 1.8844224 1.9316595 1.9274606 2.1191171 2.1728007 2.2379496 2.0846557 2.7791017 0.9512832 0.9537985 1.0147016 0.9903338 0.9077598 0.9909050 0.9851740 0.9632141 0.9617828 1.1028742 1.2159858 1.3192218 0.7421060 0.7517488 0.7180281 0.8025117 0.6741973 0.6222473 0.1342520 0.1195519 0.1166460 0.1180636 0.0908270 0.0000000 0.1764995 0.3169995 0.3325471 0.5291981 0.5276039 0.6532295 0.7852721 0.8278488 1.3765374 1.3765374 1.3614807 1.3614807 1.3367889 1.3338271 1.3445566 1.2403301 1.0984624 1.0900671 1.1845122 1.3575043 1.2335568 1.2704779 1.2944699 1.3410495 1.3839850 1.4391238 1.4391238 1.2785415 1.3713085 1.3713085 1.3718765 1.4215292 1.3720065 1.3268929 1.2462023 1.8453519 1.4655936 1.9165609 1.7853732 1.9164785 2.0176113 1.9992247 1.9768528 1.6227138 1.7774363 2.3132702 2.2196636 1.9732887 2.2179942 2.1432755 2.1021029 1.9498312 1.8148240 1.9719699 1.9963097 2.0395156 3.1133587 
Amil_Amillepora03963-RA                                 0.8761976 1.4722100 2.2591764 1.7565278 1.5237651 1.9248940 2.0816484 2.0224598 2.1604654 2.2691719 2.2552557 2.1989979 3.5752160 0.9424851 1.0393013 1.1235670 1.1345758 1.0517614 1.1408338 1.1353788 1.0561357 1.0228437 1.2330964 1.3539465 1.4233591 0.8293167 0.8297280 0.8321982 0.7542507 0.6935855 0.7892856 0.2717107 0.2377854 0.3461204 0.2543755 0.0769649 0.1764995 0.0000000 0.4507222 0.4731766 0.6784703 0.6784703 0.7841413 0.7403578 0.9136938 1.5659361 1.5659361 1.5181747 1.5181747 1.5117107 1.4753224 1.4689206 1.4244692 1.3255507 1.3233204 1.5482374 1.5222717 1.4093424 1.5104759 1.5808525 1.4961030 1.3661854 1.5439932 1.5439932 1.6088678 1.5340628 1.5340628 1.5606748 1.5747682 1.5455600 1.4502527 1.4885789 2.3367972 1.5301208 1.9894988 1.8758224 1.9723994 1.9798318 2.0408915 1.9967494 1.5004651 1.6468497 2.4460067 2.2321993 2.0062021 2.2673901 2.1206176 2.0991057 2.1506632 1.9654022 2.1378845 2.1497307 2.1913675 3.5786689 
Nvec_v1g123730                                          1.1693318 1.7222320 2.2864568 1.3655535 1.3244195 2.1644322 2.1490222 2.1108603 2.2123526 2.2663280 2.4493242 2.0211217 2.4979399 1.1813941 0.9764013 1.1354381 0.9799376 0.9025731 1.0000643 0.9761071 1.0246160 1.0050991 1.1792953 1.2312802 1.2936861 0.7485419 0.7811531 0.7511119 0.8351323 0.7046487 0.6454798 0.2984626 0.2948822 0.2667059 0.2865407 0.3467154 0.3169995 0.4507222 0.0000000 0.3106708 0.5441471 0.5441471 0.6764383 0.8056040 0.8569219 1.3473477 1.3473477 1.3497322 1.3497322 1.3387393 1.2980497 1.3419939 1.2704826 1.1040744 1.0721386 1.1875734 1.4038857 1.2824940 1.2760684 1.3013978 1.3874201 1.3640237 1.4412446 1.4412446 1.1820870 1.3190917 1.3190917 1.2777647 1.3557968 1.2710643 1.3496499 1.2226665 1.7751521 1.5046807 1.9401115 1.8699402 1.9830737 2.1089349 2.0867840 1.9981224 1.7224873 1.7086173 2.3114011 2.2960921 2.0573947 2.3006679 2.0798807 1.9083894 2.0588796 1.9552891 2.1164794 2.0960757 2.1511951 3.0856570 
Exapal_XM_021046007.2                                   1.2235916 1.7411515 2.2340960 1.5760246 1.3780606 2.0992553 2.0710314 2.0211383 2.1856340 2.1927494 2.3549140 2.0421960 2.5160109 1.2478935 1.0071759 1.1624520 1.0105306 0.9447003 1.0654209 1.0204690 1.0388548 1.0471952 1.1446919 1.2343109 1.2544155 0.7130066 0.7033541 0.7101885 0.8441150 0.7201444 0.6240822 0.3229885 0.3283412 0.2839975 0.3165528 0.3715553 0.3325471 0.4731766 0.3106708 0.0000000 0.6124063 0.6085281 0.6713661 0.7920017 0.8109079 1.4124744 1.4124744 1.4224752 1.4224752 1.3498035 1.3797426 1.3954377 1.2111867 1.0101491 0.9878055 1.0913397 1.3563826 1.1993010 1.2022897 1.2044980 1.4002228 1.3137989 1.4950634 1.4950634 1.1581883 1.3575854 1.3575854 1.2593444 1.4471980 1.2526602 1.3252906 1.0898187 1.6785296 1.7824083 1.8918246 1.8361277 1.9403553 2.0741336 2.0407662 2.0728664 1.5688949 1.6442762 2.2784771 2.2588759 1.9982588 2.2109957 2.0213297 1.9601286 2.0457964 1.9172428 2.0752335 2.1014885 2.1184234 3.2024466 
