117
Xestes_augustus_masked-XT_scaffold187520-processed-gene-0.26-mRNA-1 0.0000000 4.7100253 5.1372540 3.4056957 4.2230871 4.0233666 4.2628951 4.0347559 3.9295577 7.0386448 3.5433991 5.0553762 3.5401097 3.6866382 2.7836925 3.5449516 3.8474770 3.5186850 3.7960042 2.6423638 3.7246155 3.8366667 4.0110981 3.7611241 3.8945760 4.4551360 3.4316754 2.5266919 4.0148270 3.5967986 1.5502404 6.2558780 3.5356948 4.0019847 3.8932479 3.4121510 3.4835780 3.5652095 3.4854157 3.7149011 3.8183567 3.7031703 3.8061525 4.0362769 3.2649805 3.6358148 3.3001214 3.8491710 3.6534251 3.6035377 3.8092865 3.7735849 2.9582187 1.5891058 3.7496001 5.6118800 3.6756672 3.6292702 3.5759774 4.1236151 4.1811971 3.9099065 3.9959583 4.1908066 4.1908066 3.8614709 4.0633217 3.9901628 3.9561330 3.5790164 4.0008993 3.5702767 4.1448687 3.5480410 3.6562617 6.1833473 3.7898405 4.6466165 3.7057580 8.5219342 4.0774514 3.6827409 4.4804677 6.4413957 5.8910944 4.3991043 6.3259675 4.5750577 4.3433024 4.3433024 4.6042024 4.6042024 4.2564269 4.3642991 4.3642991 4.9655918 4.9655918 4.1727395 4.2289607 4.4475181 2.4732375 2.2562537 2.3581068 3.8731929 4.5352220 4.5628651 4.5628651 6.8973911 7.0082237 7.0082237 3.5905470 2.2269570 4.0938459 4.7936380 4.5308781 2.5253007 3.1900361 
Lcom_lcpid114576                                                    4.7100253 0.0000000 0.8492655 0.8833155 0.8978336 0.8082128 0.8760079 0.8124066 0.8161297 1.7459732 0.7242465 0.9789409 0.7676199 0.7932500 0.6858409 0.7227247 0.7786089 0.6650692 0.7271563 0.0000010 0.7890703 0.7953016 0.7892631 0.8334823 1.0299122 0.7895328 0.9792784 0.0000010 0.7907848 0.8030777 0.3000087 0.0000010 0.6210957 0.7399096 0.8392575 0.9056928 0.7654676 0.7531131 0.8491175 0.8296297 0.8387227 0.7761047 0.6032276 0.7667996 0.7944869 0.7893630 0.7095852 0.8269275 0.8327168 0.7857209 0.8516432 0.7854597 0.7219568 0.4009921 0.8613793 1.1257896 0.9095527 0.7026845 0.7069907 0.8668766 0.9144349 0.7988869 0.9187011 0.8963959 0.8992449 0.8787851 0.9239356 0.8827065 0.8742542 0.6554197 1.4906384 0.7874190 0.8731136 0.7265437 0.8507613 1.3141813 0.8931268 0.9560621 0.8271288 2.5892503 0.8014199 1.1285719 0.8920738 0.8902026 0.7981373 0.8525222 0.9628372 0.9237668 0.8769527 0.8769527 0.9538541 0.9538541 0.8364185 0.9884501 0.9884501 0.9884501 0.9884501 0.9529883 0.8480717 0.8472667 0.7063590 0.7063590 0.5517760 1.1372503 1.0194697 1.0194697 1.0194697 0.9349105 0.9349105 0.9349105 0.9257479 0.3281301 2.5599930 0.8629934 1.5639546 0.0000010 0.5737082 
Lcom_lcpid228413                                                    5.1372540 0.8492655 0.0000000 0.5881133 0.4870100 0.6889141 0.7850175 0.6816599 0.7269819 0.0000010 0.7115611 0.0000010 0.7633195 0.7658468 0.7640938 0.7746259 0.7118316 0.7911634 0.6897898 0.0000010 0.9844463 0.9485418 0.8603175 0.8626328 1.1142210 0.9585577 1.0682041 0.0000010 1.1047929 0.8959407 0.5222912 0.0000010 0.8243585 0.9453399 0.9919997 1.0006293 1.0014718 0.9290549 1.0753441 1.0106343 0.9389771 0.9776696 0.7205111 1.0418961 1.0248849 1.0248849 0.9716636 0.9609845 1.0537726 0.8624195 1.2259957 0.8964325 0.8098732 0.6351289 1.1629300 0.0000010 1.0410598 0.8521940 0.7690114 1.0398730 1.1592023 1.2019191 1.1663451 1.0896479 1.0896479 1.1109731 1.1029580 0.9937194 1.0383947 0.9901067 0.8464589 0.8464589 0.9839790 0.8726275 1.1071708 0.0000010 0.9075520 0.9129845 0.7217493 2.7065198 0.7864420 0.0000010 1.0227914 1.9036907 0.0000010 1.2902719 1.9278899 1.5348944 1.6299181 1.6299181 1.4453876 1.4453876 1.5143265 1.4851616 1.4851616 1.4851616 1.4851616 1.4485536 1.4910526 1.4585318 0.9500349 0.9500349 0.7770309 1.5344946 1.3981735 1.3981735 1.3981735 0.0000010 0.0000010 0.0000010 0.9706151 0.0000010 1.1297084 1.0409499 0.9820842 0.0000010 1.1287441 
Salpun_EP00053_Salpingoeca_punica_P016134                           3.4056957 0.8833155 0.5881133 0.0000000 0.6557488 0.6784876 0.6932801 0.6066551 0.7101267 0.8370623 0.5752311 0.7297545 0.7503178 0.5771106 0.6999879 0.6560682 0.6380113 0.6537666 0.5357876 1.2400893 0.6968553 0.7114485 0.6041476 0.7429426 0.8999376 0.6138609 1.0548138 1.2407890 0.8215043 0.7000304 0.4586344 0.3774986 0.7620854 0.8273798 0.7622177 0.6649397 0.7797824 0.7609059 0.6578076 0.6979835 0.7718776 0.6800519 0.7284361 0.8795435 0.9657569 0.6577425 0.7463218 0.8286560 0.8599493 0.8225673 0.8699186 0.7692816 0.7456151 0.8340647 0.7868981 0.7127285 0.7822979 0.7868436 0.7431652 0.8255248 0.8538722 0.7695099 0.7776859 0.7988736 0.8059176 0.7471927 0.7738973 0.7738922 0.7747561 0.7206134 1.1402426 0.6360402 0.8278754 0.6432022 0.7627195 1.2324342 0.6004064 0.6726318 0.6557683 1.0380877 0.6871292 0.9134966 0.9540367 0.9243290 0.7845942 0.9923473 0.9087722 0.9141823 1.0203497 1.0203497 0.8887862 0.8887862 1.0471565 0.9820812 0.9820812 0.9101247 0.9101247 1.1213088 1.0778682 1.0878314 1.1090020 1.1218986 1.1011103 1.2182656 1.0202188 1.0263653 1.0263653 0.8764102 0.8931840 0.8931840 0.7974806 1.3134338 1.8496106 1.2841609 1.5950943 1.7577518 1.4936836 
Didcos_EP00039_Didymoeca_costata_P020752                            4.2230871 0.8978336 0.4870100 0.6557488 0.0000000 0.6528056 0.6395883 0.4838455 0.6440254 1.0057270 0.6813044 0.6487133 0.7671408 0.7388018 0.7775944 0.6965504 0.6826982 0.6560705 0.6376100 1.6667568 0.7926790 0.8083030 0.6276308 0.8956160 0.9213935 0.6257236 1.2197118 1.4601130 0.8594896 0.8455542 0.5589679 0.5564441 0.9484833 0.9358247 0.9710172 0.7720479 0.9038227 0.8481621 0.7531470 0.8341677 0.8202640 0.7462661 0.8817602 0.9433379 0.9528201 0.6091766 0.6932015 0.9180896 0.9530040 0.9131414 0.8908144 0.8944112 0.7203750 0.7281279 0.8523624 0.7422578 0.8386374 0.8107163 0.7896289 0.8106373 0.8262821 0.7830376 0.8748744 0.8655223 0.8727380 0.7604959 0.8250848 0.8835120 0.8921676 0.8991988 1.4728759 0.7041092 0.9191070 0.8475598 0.9242499 1.4073372 0.7113660 0.7361456 0.7995635 1.1680975 0.8464510 0.7931163 1.1850267 0.9977431 0.8123966 1.0785642 1.0195821 1.0096907 1.1697974 1.1697974 0.9256878 0.9256878 1.0773284 1.0062045 1.0062045 0.9182268 0.9182268 1.2549990 1.0967587 1.0774751 1.3707599 1.3041205 1.3356760 1.3767272 1.2103466 1.2103466 1.2103466 0.9866152 0.9866152 0.9866152 0.9670359 1.2330462 2.1418135 1.5342578 1.8125524 2.2339897 1.6698912 
Acaspe_EP00035_Acanthoeca_spectabilis_P021323                       4.0233666 0.8082128 0.6889141 0.6784876 0.6528056 0.0000000 0.1697900 0.5045333 0.4999997 1.2173988 0.7723386 0.7746417 0.7859090 0.7146396 0.7921954 0.6882631 0.6809799 0.6587381 0.6102651 1.3336918 0.8623734 0.8586044 0.7268047 0.9033447 0.9996167 0.7596739 1.2050943 1.2275172 0.9087294 0.9013817 0.5368455 0.6628554 0.8722523 0.9570780 0.9755618 0.7364133 0.9467991 0.9253334 0.8575483 0.9383612 0.8689263 0.8787919 0.8685437 1.0082572 1.0106172 0.6630499 0.8027556 0.9007441 0.9053897 0.9669475 0.9884150 0.8720386 0.8536172 0.7836251 0.9816517 1.1662931 0.9914464 0.8494146 0.7972418 0.9544570 0.9682993 0.9148467 0.9847056 0.9316337 0.9393219 0.8301451 0.8354750 0.9023302 0.8984385 0.9863264 1.1314237 0.6216415 1.0025451 0.9051640 1.0240310 1.5403482 0.7374791 0.7608554 0.7701510 1.0239928 0.8245380 0.9725873 1.1709366 0.8992960 0.8217512 1.0873093 0.9420835 0.9450764 1.1986716 1.1986716 0.9265107 0.9265107 1.2674545 1.0528250 1.0528250 0.9753819 0.9753819 1.1997959 1.2165248 1.2468220 1.2881992 1.1658366 1.2575853 1.3849788 1.2950855 1.3036677 1.3036677 1.2135439 1.2387138 1.2387138 1.0653930 1.3096784 2.0781925 1.4135845 1.6276417 2.0438627 1.2531591 
Helnan_EP00037_Helgoeca_nana_P032564                                4.2628951 0.8760079 0.7850175 0.6932801 0.6395883 0.1697900 0.0000000 0.5068091 0.5119505 1.1942169 0.7021258 0.6978266 0.7714307 0.7073222 0.7473283 0.7237682 0.6282187 0.6703142 0.6123444 1.1956884 0.8156044 0.8185521 0.6689026 0.8074959 0.9008727 0.7300599 1.1760322 1.0906251 0.8398032 0.8328219 0.4940905 0.7762025 0.8657012 0.9541045 0.9745417 0.7703007 0.9221385 0.8690531 0.8404671 0.9380482 0.8478741 0.8649452 0.8478125 0.9872341 0.9623606 0.6638560 0.6898066 0.9160898 0.9121265 0.9419551 0.9304706 0.8761931 0.7747154 0.6694746 0.8857447 1.0366597 0.9130582 0.8624816 0.8099061 0.9340910 0.9477283 0.8444796 0.9081061 0.8799913 0.8874128 0.7810133 0.8229632 0.8632030 0.8607554 0.9509965 1.0899606 0.6014957 0.9492178 0.9264510 1.0078350 1.3270909 0.7124039 0.7653516 0.8287713 1.0793224 0.7908412 0.8569702 1.1457763 0.9365264 0.8058690 1.0811582 0.9725797 0.9284540 1.1931648 1.1931648 0.8875348 0.8875348 1.2566029 1.0829768 1.0829768 1.0182099 1.0182099 1.2385620 1.2052653 1.2469480 1.1900379 1.0744144 1.0975786 1.4424192 1.2884358 1.2884358 1.2884358 1.1915325 1.1915325 1.1915325 1.0024870 1.3989275 2.0624921 1.3598555 1.6098490 1.9166217 1.1683610 
Stedip_EP00041_Stephanoeca_diplocostata_P016988                     4.0347559 0.8124066 0.6816599 0.6066551 0.4838455 0.5045333 0.5068091 0.0000000 0.5055310 0.9851455 0.7000783 0.6215588 0.6859377 0.6828645 0.6523917 0.6355906 0.5934820 0.6257757 0.6335147 1.1823173 0.6773792 0.6938746 0.5930810 0.7503962 0.8310449 0.6085996 0.9746195 1.0475947 0.8148975 0.7955457 0.6522783 0.5456176 0.8672846 0.8991877 0.9346397 0.7843891 0.9164614 0.8905870 0.7513989 0.8672242 0.7926387 0.7457348 0.7981619 0.8962087 0.9135727 0.6248131 0.5783893 0.8571262 0.8414264 0.8612182 0.8887381 0.9043709 0.7646261 0.6976923 0.8689514 0.9203918 0.8395674 0.7713628 0.7397017 0.8524913 0.8688217 0.8079454 0.8515312 0.8120058 0.8189706 0.7421509 0.7938942 0.8299614 0.8394226 0.8931635 1.1310396 0.5552981 0.9331540 0.7472386 0.9071652 1.2028649 0.6986457 0.7609069 0.7400493 1.0072815 0.8363146 0.8594761 1.1065195 0.9838692 0.8818439 1.1007460 0.9906477 0.9603358 1.2253689 1.2253689 0.9634753 0.9634753 1.1469312 0.9713672 0.9713672 0.8785377 0.8785377 1.1724891 1.1259560 1.1434269 1.0754282 1.0402463 1.2220359 1.2102150 1.2228470 1.2228470 1.2228470 1.1877463 1.1877463 1.1877463 0.9626643 1.1459940 1.9716613 1.3744262 1.5856707 1.9804016 1.6551130 
Diagra_EP00040_Diaphanoeca_grandis_P019315                          3.9295577 0.8161297 0.7269819 0.7101267 0.6440254 0.4999997 0.5119505 0.5055310 0.0000000 0.9234094 0.6965767 0.6151099 0.6513094 0.6991035 0.6675190 0.6854918 0.7025654 0.6156893 0.6314916 1.4043406 0.8493749 0.8567683 0.6970350 0.8868850 0.9094499 0.6571809 1.0652092 1.1622325 0.8810735 0.8196214 0.3867614 0.6830363 0.7957273 0.8968517 0.9357720 0.7577676 0.8054499 0.8142772 0.7576795 0.8573015 0.8516649 0.7728166 0.8044120 0.9047430 0.9780171 0.6518232 0.5928479 0.8417987 0.8168952 0.8475396 0.8615451 0.8418661 0.7906280 0.6720387 0.8484415 0.8854638 0.8589904 0.7565405 0.7235749 0.9214326 0.9385409 0.8652596 0.8703594 0.8651295 0.8725029 0.7555407 0.8140295 0.8750451 0.8776141 0.9345774 1.1004576 0.6014100 0.8597243 0.7725202 0.8983494 1.3955490 0.6821100 0.7640306 0.8421461 1.2087695 0.8637154 0.9467716 1.0703281 0.8996363 0.7740280 1.0377988 0.9028674 0.8993169 1.1871122 1.1871122 0.8883204 0.8883204 1.0885293 0.9247598 0.9247598 0.8308974 0.8308974 1.0931400 1.1005777 1.1391180 1.1451828 1.0596912 1.2072332 1.2551298 1.2373549 1.2512729 1.2512729 1.1055312 1.1450772 1.1450772 0.9207675 1.1990429 1.9522403 1.3203504 1.6331607 2.2747702 1.4773734 
Saldol_EP00054_Salpingoeca_dolichothecata_P025544                   7.0386448 1.7459732 0.0000010 0.8370623 1.0057270 1.2173988 1.1942169 0.9851455 0.9234094 0.0000000 0.1978294 1.0553091 1.0523493 1.0178251 0.0000010 1.0647579 1.0151244 1.0980392 0.7182347 0.0000010 1.3468440 1.4299134 1.5353364 1.8687694 1.2893724 1.2556049 6.5550877 0.0000010 1.2181285 1.0544668 0.0000010 1.8118984 1.5428634 1.4688822 1.0020851 0.0000010 1.1701553 1.0428288 1.2551176 1.2889057 1.4120616 1.3155678 1.2087543 1.1218559 0.0000010 1.0215559 0.0000010 1.3011069 1.2350165 1.4218981 1.4315665 1.4159994 1.6161917 0.0000010 1.4484930 1.4982675 1.3050073 1.0025269 0.9503929 1.1461652 1.1282507 1.1622810 1.2504837 1.1484271 1.1484271 1.2087176 1.2128850 1.3677174 1.3419882 0.9732140 1.9920407 0.9272943 1.7265678 1.2156180 1.3614274 7.0538521 0.8538801 1.3430662 1.0533060 1.3697205 1.0427912 7.3105086 2.4618027 1.3698808 1.3698808 1.4567316 1.3394370 1.3394370 1.3623630 1.3623630 1.3143201 1.3143201 1.5267693 1.4540821 1.4540821 1.4540821 1.4540821 1.7411422 1.4989513 1.5118561 0.0000010 0.0000010 0.0000010 0.0000010 1.4265545 1.4265545 1.4265545 1.4265545 1.4265545 1.4265545 1.1015391 0.0000010 5.7925935 1.9788729 8.9999988 0.0000010 9.0000000 
Saldol_EP00054_Salpingoeca_dolichothecata_P025542                   3.5433991 0.7242465 0.7115611 0.5752311 0.6813044 0.7723386 0.7021258 0.7000783 0.6965767 0.1978294 0.0000000 0.6483485 0.6714704 0.6413184 0.5710712 0.5430056 0.4490412 0.5487484 0.5381531 1.3215982 0.7105635 0.7323304 0.5506980 0.7454542 0.8011262 0.5845692 1.0135512 1.0533474 0.7458468 0.6374743 0.5151789 0.5686638 0.7656901 0.8390159 0.7151759 0.6593922 0.7848138 0.7339818 0.5963524 0.6758634 0.6708552 0.6294821 0.7658403 0.8276823 0.8434666 0.5413259 0.5957330 0.7342835 0.7353868 0.7281554 0.7674079 0.7187964 0.6144721 0.6353437 0.7429587 0.7524685 0.6899507 0.6223775 0.6012261 0.7162903 0.7332148 0.6842220 0.7437925 0.7151874 0.7217109 0.6538009 0.6621960 0.7547684 0.7515317 0.7655125 1.1015332 0.6074651 0.8657440 0.7789364 0.7622325 1.2239395 0.6137003 0.7245270 0.7348475 1.0667276 0.7873149 0.9706577 1.0202479 0.8790228 0.8734048 0.9267262 0.8157331 0.8053652 0.9679900 0.9679900 0.8358553 0.8358553 0.9740271 0.8758671 0.8758671 0.8142403 0.8142403 1.0234964 0.9648095 0.9712483 1.0578008 0.9991340 0.9859821 1.1162839 1.0635090 1.0647991 1.0647991 0.9542265 0.9588990 0.9588990 0.8029731 1.2166620 1.6989334 1.1228468 1.3790694 1.6837802 1.2920944 
Choper_EP00045_Choanoeca_perplexa_P010357                           5.0553762 0.9789409 0.0000010 0.7297545 0.6487133 0.7746417 0.6978266 0.6215588 0.6151099 1.0553091 0.6483485 0.0000000 0.0991276 0.2851841 0.0000010 0.4943739 0.4470315 0.3851654 0.5116814 0.0000010 0.5603836 0.5717989 0.6020457 0.6316871 0.5993578 0.5694157 1.7621820 0.0000010 0.6592861 0.6085887 1.9936456 0.7979397 0.6358334 0.6005686 0.5759645 1.9461529 0.6479789 0.6170304 0.7461659 0.7206620 0.6508766 0.6165247 0.5871097 0.7767716 0.0000010 0.6458056 0.0000010 0.7627958 0.6944525 0.7422993 0.7699181 0.6444803 0.7103360 0.0000010 0.7042059 0.7576800 0.6441226 0.5154449 0.5128342 0.8035729 0.7920079 0.7295675 0.7218594 0.6837149 0.6837149 0.6496647 0.7018413 0.7399889 0.7572257 0.7578004 7.2354480 0.5834008 0.7568915 0.6339105 0.7102076 0.7218183 0.6509766 0.7368843 0.6332758 0.8784550 0.9079392 3.0709094 1.0764656 0.9835702 0.9835702 1.0236961 1.0065013 1.0065013 1.0186438 1.0186438 0.8723234 0.8723234 1.0415594 0.9517221 0.9517221 0.9517221 0.9517221 0.9783736 1.0349212 1.0832832 0.0000010 0.0000010 0.0000010 2.5360793 1.0054188 1.0276886 1.0276886 1.0885165 1.1133429 1.1133429 0.8349955 0.0000010 5.1363958 1.2658920 7.5359080 0.0000010 1.9417930 
Chofle_EP00730_Choanoeca_flexa_P019404                              3.5401097 0.7676199 0.7633195 0.7503178 0.7671408 0.7859090 0.7714307 0.6859377 0.6513094 1.0523493 0.6714704 0.0991276 0.0000000 0.4772223 0.2462327 0.4944626 0.4564481 0.4717783 0.6506269 1.2869958 0.7078934 0.7331366 0.5724592 0.7471216 0.7780953 0.5659839 1.0339147 1.2477312 0.7344075 0.7004051 0.4240403 0.7025573 0.7691447 0.7540759 0.7109230 0.7121961 0.7366262 0.7419003 0.7869085 0.8667976 0.6887397 0.6107381 0.7316883 0.8343038 1.0099234 0.5716688 0.6233753 0.7733603 0.7763225 0.7797999 0.8080222 0.7749437 0.6544194 0.7896675 0.7933029 0.7529343 0.7579099 0.6448328 0.6310416 0.8231208 0.8396988 0.7985628 0.8174243 0.7918579 0.7988051 0.7234427 0.7783597 0.8406173 0.8493973 0.7697489 1.0177086 0.5690401 0.8883043 0.7817882 0.8740970 1.1543899 0.7043266 0.6406511 0.7601285 1.4396915 0.8139241 0.9159562 0.9758086 0.9541379 0.8282269 1.0266364 1.0030438 0.9530384 1.1491219 1.1491219 0.8936592 0.8936592 1.1608550 0.9235501 0.9235501 0.8854827 0.8854827 1.1776496 1.1010119 1.1262132 1.0860721 1.0761377 0.9966080 1.2070036 1.2330340 1.2419032 1.2419032 1.0568769 1.0810319 1.0810319 0.9694475 1.4808836 2.0416698 1.1886984 1.5834310 2.6162792 1.4783011 
Mbre_EDQ85274                                                       3.6866382 0.7932500 0.7658468 0.5771106 0.7388018 0.7146396 0.7073222 0.6828645 0.6991035 1.0178251 0.6413184 0.2851841 0.4772223 0.0000000 0.4753771 0.4834583 0.3648228 0.4354037 0.6378672 1.2442968 0.6669822 0.6824576 0.5321017 0.7356172 0.7543857 0.5472694 0.9156854 1.1934073 0.7638124 0.6754427 0.3844900 0.4592181 0.7506895 0.7789812 0.6831512 0.5854601 0.7215913 0.7213153 0.7541508 0.8524141 0.7683078 0.6754517 0.6777810 0.7982729 0.9628222 0.5589769 0.6404238 0.8592209 0.8524329 0.8665687 0.9025772 0.7613240 0.7400348 0.7694295 0.8476925 0.8516589 0.7975549 0.6703759 0.6438797 0.7503660 0.7662939 0.6947393 0.8244971 0.8311845 0.8383830 0.7245936 0.7542639 0.8091120 0.8060419 0.7763708 1.0989515 0.6039600 0.8043724 0.6880427 0.7395988 0.9185498 0.7009051 0.6269748 0.6800997 1.0075784 0.8611426 0.8687914 0.9335854 0.7955647 0.7350970 0.9861545 0.8459933 0.8400234 1.1190508 1.1190508 0.7953128 0.7953128 1.0140403 0.8735187 0.8735187 0.8065888 0.8065888 1.1424342 1.0431151 1.1122530 1.1398979 1.1014046 1.1607039 1.1150108 1.2328037 1.2418186 1.2418186 0.9807772 1.0040424 1.0040424 0.9494281 1.1697139 2.0251159 1.3022260 1.6823346 1.7685717 1.5361636 
Choper_EP00045_Choanoeca_perplexa_P010359                           2.7836925 0.6858409 0.7640938 0.6999879 0.7775944 0.7921954 0.7473283 0.6523917 0.6675190 0.0000010 0.5710712 0.0000010 0.2462327 0.4753771 0.0000000 0.4569184 0.4289407 0.4119357 0.6988828 1.1091292 0.7383503 0.7913746 0.5816788 0.7752979 0.9709060 0.6326373 0.9184094 1.1466713 0.7904234 0.6968966 0.4765700 0.0000010 0.8024815 0.8024042 0.7637193 0.5810564 0.8004899 0.8548729 0.7685040 0.8755004 0.7233073 0.6841685 0.7131545 0.8164055 1.0065071 0.6034828 0.6800753 0.7376012 0.8090883 0.7445684 0.8832583 0.8411013 0.6711301 0.6609954 0.8359353 2.7304413 0.7979280 0.6566878 0.6385464 0.8497279 0.8820176 0.8056930 0.9093194 0.8613966 0.8722690 0.8367396 0.9048986 0.9180614 0.9215169 0.7963336 0.6989077 0.5864231 0.8608922 0.7306455 0.8662397 4.4350997 0.5925505 0.6580995 0.6444656 6.9836291 0.6878374 0.3426318 0.8513362 0.9240994 0.5999363 0.9978509 0.9249007 0.8410245 1.1270828 1.1270828 0.8631139 0.8631139 1.1149773 0.9572148 0.9572148 0.8347910 0.8347910 1.1241711 1.0608428 1.0970492 1.0332762 0.9856545 0.8739209 1.0199024 1.3895132 1.3895132 1.3895132 7.2270795 7.2270795 7.2270795 0.9469495 1.6553129 1.2647460 1.3054963 0.7962627 2.4066215 1.4925784 
Microa_EP00043_Microstomoeca_roanoka_P018363                        3.5449516 0.7227247 0.7746259 0.6560682 0.6965504 0.6882631 0.7237682 0.6355906 0.6854918 1.0647579 0.5430056 0.4943739 0.4944626 0.4834583 0.4569184 0.0000000 0.2769018 0.3974612 0.6376399 1.2149686 0.6924066 0.7141814 0.5814491 0.7690842 0.8084065 0.5585079 0.9692384 1.0994215 0.8163093 0.7546939 0.4863094 0.8369076 0.8212040 0.8303900 0.7763072 0.6392879 0.7750615 0.7382997 0.7126611 0.7669017 0.6877999 0.6424406 0.7571174 0.8229963 0.9181331 0.6213739 0.6851500 0.7886191 0.7716409 0.7233994 0.8335706 0.7560920 0.6049132 0.6299870 0.7243218 0.6627983 0.7126252 0.6835574 0.6576099 0.7874007 0.8091738 0.7331272 0.8644158 0.8081057 0.8151095 0.7597782 0.8198108 0.8165826 0.8198249 0.7713521 0.9497989 0.5037746 0.8353996 0.6834053 0.8540727 1.2410452 0.6724531 0.6886786 0.7056377 1.4354127 0.7900070 0.9843796 1.0358600 0.8080775 0.8007242 0.9102192 0.7912543 0.7854450 0.9846960 0.9846960 0.7431206 0.7431206 0.9935916 0.8055608 0.8055608 0.7458497 0.7458497 1.0328428 0.9228103 0.9450716 1.0395877 0.9988427 0.9727102 1.1553102 1.1764233 1.1774079 1.1774079 1.1343227 1.1375939 1.1375939 0.9135999 1.1814366 2.0733525 1.2261709 1.5768513 1.8481075 1.4657746 
Sros_EGD75435                                                       3.8474770 0.7786089 0.7118316 0.6380113 0.6826982 0.6809799 0.6282187 0.5934820 0.7025654 1.0151244 0.4490412 0.4470315 0.4564481 0.3648228 0.4289407 0.2769018 0.0000000 0.3611343 0.5881733 0.9221340 0.6603096 0.6665911 0.5995424 0.7015478 0.7673577 0.5640101 0.9374509 0.9905997 0.7524903 0.6626950 0.4516015 0.5987499 0.7034103 0.7491900 0.6425056 0.6166069 0.6767245 0.6611570 0.6686599 0.7683145 0.6186885 0.5782719 0.6665340 0.7560243 0.7721835 0.5973470 0.5932655 0.7726950 0.7940531 0.7625571 0.8312650 0.7100763 0.5944593 0.5554687 0.6191102 0.6605340 0.6300961 0.5854815 0.5534286 0.7294076 0.7501227 0.6652514 0.7624191 0.7521612 0.7589841 0.7183210 0.7429014 0.7206427 0.7237140 0.7265566 0.9049929 0.5203866 0.7005789 0.6200470 0.7220326 1.0946204 0.6251975 0.6256927 0.6556188 1.3263012 0.7277217 0.9074783 0.8877029 0.9004548 0.8816796 0.9689858 0.8266526 0.8071619 0.9880770 0.9880770 0.8303727 0.8303727 0.9887340 0.8720223 0.8720223 0.8447386 0.8447386 1.0238219 0.9665511 0.9950389 1.0594031 0.9927850 1.0216381 1.0207404 1.1548204 1.1558739 1.1558739 1.1820231 1.1848827 1.1848827 0.8814824 1.1957331 1.8943944 1.1030256 1.5019399 1.6871677 1.2609189 
Salinf_EP00049_Salpingoeca_infusionum_P022651                       3.5186850 0.6650692 0.7911634 0.6537666 0.6560705 0.6587381 0.6703142 0.6257757 0.6156893 1.0980392 0.5487484 0.3851654 0.4717783 0.4354037 0.4119357 0.3974612 0.3611343 0.0000000 0.5851804 1.2971015 0.6942001 0.7175192 0.5625648 0.7517401 0.7772495 0.5801955 0.9383857 1.2468608 0.8120619 0.7188179 0.5086814 0.4854701 0.7791831 0.7550593 0.7035304 0.7087876 0.7954076 0.7414156 0.7105599 0.7757259 0.7140074 0.6794707 0.6623699 0.7669585 0.9633903 0.6333282 0.7898076 0.8694874 0.8044461 0.8023080 0.8841487 0.7836872 0.7044390 0.7683452 0.8129125 0.6903340 0.7972557 0.6386945 0.6224101 0.8307326 0.8555824 0.7759241 0.8093760 0.8031911 0.8101408 0.7418148 0.7672293 0.8041029 0.8091828 0.7565742 1.0114909 0.5336373 0.8125901 0.7120416 0.7192100 1.0632605 0.6639401 0.6992385 0.6674507 1.1547825 0.8266756 0.9072154 0.9866102 0.7863238 0.7642817 0.9390190 0.8118207 0.8135101 1.0164143 1.0164143 0.8247047 0.8247047 0.9834733 0.8084991 0.8084991 0.7280730 0.7280730 0.9973120 1.0165330 1.0335592 1.0768772 0.9937277 1.0297616 1.0876997 1.1210256 1.1210256 1.1210256 0.9606687 0.9606687 0.9606687 0.9536519 1.3829353 2.0160812 1.2104111 1.4849820 2.2384212 1.3000688 
Salkve_EP00050_Salpingoeca_kvevrii_P015321                          3.7960042 0.7271563 0.6897898 0.5357876 0.6376100 0.6102651 0.6123444 0.6335147 0.6314916 0.7182347 0.5381531 0.5116814 0.6506269 0.6378672 0.6988828 0.6376399 0.5881733 0.5851804 0.0000000 1.1842531 0.7107544 0.7321707 0.6385382 0.7664268 0.8187809 0.6482402 1.0511539 1.0967519 0.7537387 0.7187704 0.4929520 0.5134043 0.7444994 0.7693682 0.8424943 0.7138018 0.7805347 0.7460380 0.7502087 0.8218554 0.7772864 0.7464469 0.7910405 0.9093445 1.0188750 0.6211051 0.8513330 0.7750967 0.7728849 0.8141274 0.8475291 0.8005350 0.7450991 0.7178269 0.7703780 0.7294552 0.8154120 0.7085740 0.6952363 0.8465259 0.8656555 0.7894578 0.8683919 0.8290071 0.8361958 0.7540699 0.8292471 0.8195995 0.8142188 0.7943607 1.0991654 0.5764819 0.8521585 0.7447754 0.8933014 1.0209707 0.6316323 0.7564619 0.6818374 1.0587556 0.7949214 0.7653095 1.0101084 0.8376689 0.7328581 0.9217206 0.8580544 0.8655624 1.1115238 1.1115238 0.8226501 0.8226501 1.0119337 0.9728098 0.9728098 0.8583423 0.8583423 1.0710691 1.0977169 1.0998066 1.1796192 1.0460057 1.2223279 1.2665266 1.1035013 1.1095474 1.1095474 0.8862347 0.9030126 0.9030126 0.8299714 1.1406572 1.9967365 1.3446130 1.6072602 1.7606115 1.4731080 
Gasp_gasp1.m3.30571.m1                                              2.6423638 0.0000010 0.0000010 1.2400893 1.6667568 1.3336918 1.1956884 1.1823173 1.4043406 0.0000010 1.3215982 0.0000010 1.2869958 1.2442968 1.1091292 1.2149686 0.9221340 1.2971015 1.1842531 0.0000000 0.1596276 0.1983552 0.0000010 0.1101348 0.3080002 0.0000010 0.2577515 0.2005661 0.4949666 0.5975789 0.2972479 0.0000010 1.1835021 0.9270555 1.0358800 0.4239399 0.7952509 0.7998895 0.6094172 0.8747625 0.7021961 0.8077789 1.1228892 1.1449783 0.7879074 0.3519813 0.0000010 0.8527744 0.8883194 0.9966392 0.7205769 0.7057375 0.7146868 0.5024039 0.7344424 0.0000010 0.9926893 1.1030385 1.0884600 0.7216379 0.7216379 0.8269458 1.0486435 1.0645015 1.0645015 1.0364542 0.9083543 0.7968333 0.7968333 0.9463521 1.0196764 1.0196764 0.8495807 1.2311302 1.3996590 6.4596108 1.3017148 0.4496962 1.4391119 2.9191960 1.2419704 0.0000010 1.2465475 0.0000010 0.0000010 1.6172619 0.0000010 0.5737851 1.6228029 1.6228029 0.2406802 0.2406802 2.0582521 1.0625359 1.0625359 0.0000010 0.0000010 2.0777217 1.6051550 1.6603014 1.3256301 1.2675480 1.1415978 1.6767466 1.5962435 1.5962435 1.5962435 0.0000010 0.0000010 0.0000010 1.2462252 1.0629050 0.7113182 2.6330643 0.8207381 1.5867871 1.7180712 
Spis_XP_022796336_1                                                 3.7246155 0.7890703 0.9844463 0.6968553 0.7926790 0.8623734 0.8156044 0.6773792 0.8493749 1.3468440 0.7105635 0.5603836 0.7078934 0.6669822 0.7383503 0.6924066 0.6603096 0.6942001 0.7107544 0.1596276 0.0000000 0.0420751 0.0919575 0.1128818 0.2592201 0.1532150 0.3097869 0.1523732 0.3857403 0.3964302 0.4437103 0.5137507 0.6870780 0.5622411 0.6273881 0.5267053 0.5162539 0.5077686 0.4982692 0.5480035 0.5438957 0.5012505 0.5966894 0.6753825 0.7572930 0.5336570 0.5846929 0.5778256 0.5599874 0.6166849 0.5643563 0.4882296 0.5251127 0.5218584 0.5778047 0.5419811 0.6138931 0.6844686 0.6544551 0.5322624 0.5521287 0.5396128 0.6425977 0.6445601 0.6505878 0.5912940 0.6102221 0.6034560 0.6010030 0.6245900 1.2522634 0.6587753 0.6233395 0.6276773 0.7182323 1.2043134 0.7917254 0.7890974 0.7656838 1.0296466 0.8212656 0.7297570 0.8469895 0.8474037 0.7318924 0.9702683 0.8861012 0.8147661 1.0401305 1.0401305 0.8012654 0.8012654 1.0655933 0.7812636 0.7812636 0.7302866 0.7302866 1.1364796 1.0048858 1.0184726 1.1586251 1.0798089 0.9485468 1.1294481 1.0484541 1.0498031 1.0498031 0.8195483 0.8251564 0.8251564 0.8186899 0.9462800 1.4782446 0.9469808 1.2044709 1.4744216 1.3474191 
Pocdam_XM_027182856.1                                               3.8366667 0.7953016 0.9485418 0.7114485 0.8083030 0.8586044 0.8185521 0.6938746 0.8567683 1.4299134 0.7323304 0.5717989 0.7331366 0.6824576 0.7913746 0.7141814 0.6665911 0.7175192 0.7321707 0.1983552 0.0420751 0.0000000 0.0925628 0.1199273 0.2765786 0.1446815 0.3297939 0.2094820 0.3952084 0.4052816 0.4122916 0.5555733 0.7033531 0.5794414 0.6470226 0.5338592 0.5237913 0.5045384 0.4867326 0.5431334 0.5396843 0.4898823 0.6316258 0.6846950 0.7425380 0.5311974 0.5352662 0.5815382 0.5539752 0.6182732 0.5402785 0.4976262 0.5116757 0.5610000 0.6153103 0.5632789 0.6051473 0.6899560 0.6597402 0.5576024 0.5779507 0.5567473 0.6676932 0.6704724 0.6766296 0.6010727 0.6297562 0.6196239 0.6171327 0.6552031 1.3219293 0.6935674 0.6296409 0.6853901 0.7132529 1.4109929 0.8176521 0.7797560 0.7686294 0.9441260 0.8514122 0.7718715 0.8759394 0.8649207 0.7646653 0.9791808 0.8985382 0.8351764 1.0555750 1.0555750 0.8144545 0.8144545 1.0708041 0.7781836 0.7781836 0.7305200 0.7305200 1.1244250 0.9848724 0.9981683 1.1274068 1.0395664 0.9800664 1.0669570 1.0597310 1.0610370 1.0610370 0.8329213 0.8383859 0.8383859 0.8136509 0.8791278 1.4316929 0.9721090 1.2194394 1.3870935 1.4039846 
Gasp_gasp1.m3.30574.m1                                              4.0110981 0.7892631 0.8603175 0.6041476 0.6276308 0.7268047 0.6689026 0.5930810 0.6970350 1.5353364 0.5506980 0.6020457 0.5724592 0.5321017 0.5816788 0.5814491 0.5995424 0.5625648 0.6385382 0.0000010 0.0919575 0.0925628 0.0000000 0.0715560 0.2803920 0.1632187 0.4038262 0.0000010 0.3408995 0.3625833 0.5085252 0.5986745 0.5915281 0.5594771 0.4980723 0.5357971 0.4636824 0.4468831 0.5019531 0.4944005 0.5252591 0.4479580 0.5151742 0.5505857 0.6262133 0.5553205 0.5396823 0.5427925 0.4995500 0.5508336 0.4912599 0.4291062 0.4122473 0.7112690 0.5798841 0.6388683 0.5202863 0.5990573 0.5769261 0.4916885 0.5180320 0.4556577 0.5887029 0.5927402 0.6006940 0.5551187 0.6152079 0.5904903 0.5871208 0.5506915 1.4661442 0.5924932 0.4856526 0.5646632 0.5564163 0.5573503 0.6146196 0.8233392 0.6414766 1.1112096 0.7320039 0.7065677 0.7692835 0.8259386 0.7005410 0.7822614 0.9153940 0.8719524 0.8339933 0.8339933 0.8409658 0.8409658 0.8875945 0.7215337 0.7215337 0.7257010 0.7257010 0.9177347 0.8029032 0.7968126 0.7806358 0.7806358 0.6707412 0.8475781 0.8935749 0.8959810 0.8959810 0.8529146 0.8587129 0.8587129 0.7582746 1.0307428 1.8737847 0.6150780 1.3637346 0.9171174 0.8854045 
Fspp_ffun1.m4.12996.m1                                              3.7611241 0.8334823 0.8626328 0.7429426 0.8956160 0.9033447 0.8074959 0.7503962 0.8868850 1.8687694 0.7454542 0.6316871 0.7471216 0.7356172 0.7752979 0.7690842 0.7015478 0.7517401 0.7664268 0.1101348 0.1128818 0.1199273 0.0715560 0.0000000 0.3014182 0.1723611 0.3232231 0.1796818 0.4008726 0.4281223 0.4532276 0.7191452 0.7647407 0.6598766 0.6935338 0.5336731 0.5397780 0.5531386 0.5424813 0.5958503 0.5852389 0.5527086 0.6920890 0.7192371 0.7491605 0.5650074 0.5298754 0.6124958 0.5974338 0.6491535 0.5770912 0.5218427 0.5463877 0.6137798 0.6188652 0.6184024 0.6327361 0.7244621 0.6982441 0.5648934 0.5862108 0.5811173 0.6959297 0.6926218 0.6991941 0.6353939 0.6662732 0.6326606 0.6300130 0.7113377 1.3446080 0.7210983 0.5949174 0.7403946 0.7530389 1.1067754 0.7545789 0.8409751 0.8386827 1.5025479 0.8600639 0.7563909 0.9492686 0.9247146 0.8076374 1.0519188 0.9839345 0.8964236 1.1223294 1.1223294 0.8228258 0.8228258 1.1510630 0.8199100 0.8199100 0.7448350 0.7448350 1.2161225 1.0086003 1.0158486 1.2180871 1.1422894 1.0847174 1.1147356 1.0990425 1.1002966 1.1002966 0.8909808 0.8964462 0.8964462 0.8805548 0.9815698 1.4439708 1.0265511 1.2356765 1.5419791 1.5153600 
Adig_XM_015922327.1                                                 3.8945760 1.0299122 1.1142210 0.8999376 0.9213935 0.9996167 0.9008727 0.8310449 0.9094499 1.2893724 0.8011262 0.5993578 0.7780953 0.7543857 0.9709060 0.8084065 0.7673577 0.7772495 0.8187809 0.3080002 0.2592201 0.2765786 0.2803920 0.3014182 0.0000000 0.1677905 0.1222674 0.2082175 0.4136719 0.5565238 0.3966246 0.4987864 0.7283116 0.6472779 0.6900001 0.6461492 0.5747871 0.5606884 0.6093290 0.6832644 0.6524362 0.5571285 0.7285006 0.7170731 0.7333881 0.6509565 0.5584312 0.7006862 0.7083497 0.7827413 0.6468547 0.6044174 0.6013631 0.4836057 0.6661210 0.5787898 0.6083536 0.7477753 0.7292676 0.7335608 0.7587650 0.6916067 0.7608375 0.8079524 0.8096091 0.7486369 0.8165433 0.7858561 0.7893911 0.7359246 1.4715191 0.8270290 0.6149015 0.7231091 0.8203005 1.5049137 0.8979718 0.9030751 0.8878518 0.8248133 0.9387670 1.4443431 0.9655104 1.0953273 1.1072642 1.0458371 1.2024481 1.0691852 1.1191386 1.1191386 1.0236544 1.0236544 1.1581879 0.9889878 0.9889878 1.0033266 1.0033266 1.2131407 1.1123544 1.1645976 0.8463345 0.7873507 0.9516937 1.4282936 1.1767753 1.1778418 1.1778418 0.8623549 0.8676837 0.8676837 0.9080474 0.7930949 1.5401167 0.7590650 1.4806705 1.2168196 1.0757938 
Gfas_gfas1.m1.19088.m1                                              4.4551360 0.7895328 0.9585577 0.6138609 0.6257236 0.7596739 0.7300599 0.6085996 0.6571809 1.2556049 0.5845692 0.5694157 0.5659839 0.5472694 0.6326373 0.5585079 0.5640101 0.5801955 0.6482402 0.0000010 0.1532150 0.1446815 0.1632187 0.1723611 0.1677905 0.0000000 0.4080115 0.0000010 0.3107430 0.3826206 0.4414686 0.6166307 0.5397393 0.4956119 0.5254965 0.5814375 0.4420510 0.4148514 0.5095280 0.4779299 0.4878451 0.4286235 0.5257121 0.5777473 0.6337086 0.5380132 0.5806388 0.5560442 0.5207200 0.5612816 0.4873727 0.4543486 0.3547699 0.6172754 0.5173891 0.5085907 0.4291576 0.5779000 0.5530393 0.5392085 0.5677897 0.4821288 0.6147144 0.6028753 0.6028753 0.5772621 0.6542300 0.6101563 0.6137206 0.5329614 1.4245426 0.5841656 0.5526780 0.5521682 0.6073212 0.6558694 0.6654763 0.8064710 0.6388602 0.7262748 0.7271951 0.8072813 0.7420288 0.9449864 0.8256960 0.8842040 1.0118102 0.9721206 0.9042545 0.9042545 0.9660741 0.9660741 0.9104847 0.8132543 0.8132543 0.8132543 0.8132543 0.9874998 0.9513091 0.9807373 0.8563780 0.8563780 0.7344730 1.0003262 0.9550350 0.9573232 0.9573232 0.8241142 0.8296065 0.8296065 0.7476209 0.8666436 1.8793551 0.6602341 1.5771550 4.0022203 1.0227985 
Amil_Amillepora05332-RA                                             3.4316754 0.9792784 1.0682041 1.0548138 1.2197118 1.2050943 1.1760322 0.9746195 1.0652092 6.5550877 1.0135512 1.7621820 1.0339147 0.9156854 0.9184094 0.9692384 0.9374509 0.9383857 1.0511539 0.2577515 0.3097869 0.3297939 0.4038262 0.3232231 0.1222674 0.4080115 0.0000000 0.1754680 0.5162656 0.5852628 0.3277600 0.0000010 0.8694808 0.8109486 0.8407173 0.4490365 0.7370878 0.7299936 0.6516882 0.7671055 0.8589444 0.6982999 0.8901168 0.8180588 0.7404453 0.6243245 0.4921804 0.7891080 0.7979600 0.8803157 0.6881017 0.6738756 0.4986492 0.5070867 0.7505798 2.5912601 0.7509873 0.9411946 0.9095709 0.7552018 0.8131602 0.8824545 0.8772530 0.9090395 0.9090395 0.8612720 0.9298768 0.8087993 0.8137766 0.8415272 0.9803924 1.0034021 0.6865339 0.9178431 1.0583110 7.0736524 0.9852169 0.8558641 1.0693891 2.4233719 1.1023431 3.6550517 1.1362089 1.4524641 2.1201484 1.2095131 1.4752352 0.9656280 1.2897498 1.2897498 0.9103037 0.9103037 1.3313209 1.0513937 1.0513937 1.0768039 1.0768039 1.3525680 1.2783464 1.3082706 1.0603335 0.9832088 0.9743773 1.2299883 1.2994605 1.2994605 1.2994605 1.2252428 1.2252428 1.2252428 0.9162755 0.7718241 0.6453382 1.4248459 0.9039719 1.3093362 1.1787199 
Gfas_gfas1.m1.19086.m1                                              2.5266919 0.0000010 0.0000010 1.2407890 1.4601130 1.2275172 1.0906251 1.0475947 1.1622325 0.0000010 1.0533474 0.0000010 1.2477312 1.1934073 1.1466713 1.0994215 0.9905997 1.2468608 1.0967519 0.2005661 0.1523732 0.2094820 0.0000010 0.1796818 0.2082175 0.0000010 0.1754680 0.0000000 0.5487815 0.5622281 0.2595141 0.0000010 0.9960327 0.8757704 1.0226496 0.4051566 0.7855865 0.8213759 0.5618813 0.7454593 0.7132523 0.6868533 1.0761431 0.9061921 0.8818168 0.3451356 0.0000010 0.8227638 0.8515608 0.9884743 0.7998812 0.8478638 0.6725029 0.4404954 0.5701680 0.0000010 0.8206115 1.0763154 1.0390422 0.6752385 0.6752385 0.8177196 0.8942629 0.8921640 0.8921640 0.8536184 0.7800855 0.7609318 0.7609318 0.8706693 1.0019833 1.0019833 0.8813583 0.9177619 1.2309132 6.5091997 1.1608905 0.4018846 1.3727139 2.3435842 1.0724285 0.0000010 1.1172666 0.0000010 0.0000010 1.5938619 0.0000010 0.6355874 1.5387169 1.5387169 0.2037108 0.2037108 1.7116784 1.1231732 1.1231732 0.0000010 0.0000010 1.8230322 1.6184149 1.6736596 1.4339266 1.2959333 1.0570963 1.6386015 1.5723092 1.5723092 1.5723092 0.0000010 0.0000010 0.0000010 1.0645049 0.9191509 0.5542852 2.4338550 0.8086501 1.3831669 1.7754086 
Nvec_v1g189712                                                      4.0148270 0.7907848 1.1047929 0.8215043 0.8594896 0.9087294 0.8398032 0.8148975 0.8810735 1.2181285 0.7458468 0.6592861 0.7344075 0.7638124 0.7904234 0.8163093 0.7524903 0.8120619 0.7537387 0.4949666 0.3857403 0.3952084 0.3408995 0.4008726 0.4136719 0.3107430 0.5162656 0.5487815 0.0000000 0.3611333 0.3433012 0.4986525 0.7138285 0.6174007 0.7397590 0.4991145 0.5270899 0.5387557 0.5602334 0.6467641 0.6454644 0.5740691 0.7005485 0.7876589 0.6605087 0.5478891 0.5306087 0.6835496 0.6806189 0.6843903 0.6281603 0.5230796 0.5180489 0.4774340 0.5368426 0.5546161 0.5152285 0.7590173 0.7485983 0.5973744 0.6208923 0.6070635 0.7181286 0.7386102 0.7386102 0.6616599 0.7130829 0.7251828 0.7187006 0.6539745 1.2845797 0.7223509 0.5791086 0.7087431 0.8676918 1.3529724 0.8234330 0.8965350 0.8156778 1.2011536 0.8519100 0.9285684 0.8798454 1.0085742 0.9376807 1.1060720 1.1063512 0.9898915 1.1442380 1.1442380 0.8950112 0.8950112 1.2071324 0.9093923 0.9093923 0.8537193 0.8537193 1.2147332 1.1356602 1.1748415 1.0216155 0.9881639 1.1203832 1.1436386 1.1378765 1.1472208 1.1472208 0.8621433 0.8838478 0.8838478 0.8909456 1.0207304 1.5671482 0.9857199 1.3693499 1.5890535 1.3655392 
Exapal_XM_021054376.2                                               3.5967986 0.8030777 0.8959407 0.7000304 0.8455542 0.9013817 0.8328219 0.7955457 0.8196214 1.0544668 0.6374743 0.6085887 0.7004051 0.6754427 0.6968966 0.7546939 0.6626950 0.7188179 0.7187704 0.5975789 0.3964302 0.4052816 0.3625833 0.4281223 0.5565238 0.3826206 0.5852628 0.5622281 0.3611333 0.0000000 0.3940770 0.4540021 0.7275782 0.6009342 0.6570384 0.5306198 0.5951425 0.5656942 0.5168802 0.6256013 0.6127512 0.5737046 0.6155945 0.7477258 0.7539549 0.5360866 0.6312425 0.6877234 0.7235581 0.7058215 0.7079994 0.5127416 0.5326013 0.4701606 0.5887051 0.5861755 0.6076931 0.6730100 0.6520267 0.6126024 0.6361466 0.5849512 0.6536820 0.6636879 0.6700871 0.6046275 0.5965877 0.6365099 0.6357373 0.6973282 1.2980766 0.6793362 0.6788329 0.7133111 0.7990758 1.3594716 0.7829877 0.8591128 0.8693676 1.3318525 0.8287337 0.7284205 0.8663152 0.9489861 0.8086091 1.0165724 0.9915740 0.9194748 1.0681538 1.0681538 0.8300759 0.8300759 1.1401061 0.8745654 0.8745654 0.8343774 0.8343774 1.1093374 1.0500850 1.0990731 1.0148944 0.9656541 1.1378487 1.1586175 1.1264295 1.1264295 1.1264295 0.8778819 0.8778819 0.8778819 0.8943896 0.9700977 1.6460921 1.0572392 1.4209980 1.7978589 1.3035983 
Ctel_gnl_WGS_AMQN_CAPTEDRAFT_mRNA124986                             1.5502404 0.3000087 0.5222912 0.4586344 0.5589679 0.5368455 0.4940905 0.6522783 0.3867614 0.0000010 0.5151789 1.9936456 0.4240403 0.3844900 0.4765700 0.4863094 0.4516015 0.5086814 0.4929520 0.2972479 0.4437103 0.4122916 0.5085252 0.4532276 0.3966246 0.4414686 0.3277600 0.2595141 0.3433012 0.3940770 0.0000000 0.0000010 0.0298752 0.3514030 0.4348024 0.4432749 0.3760082 0.3093659 0.3112251 0.3181943 0.3076999 0.3133615 0.3622813 0.4486565 0.4041614 0.4667011 0.5019975 0.3069176 0.3411996 0.2804203 0.4289138 0.4516868 0.3588781 0.3490249 0.3914041 0.0000010 0.4494602 0.4070097 0.3769921 0.4774590 0.4774590 0.4159929 0.3593995 0.4376646 0.4376646 0.4283716 0.4543442 0.4426903 0.4426903 0.3810596 0.3271137 0.3710592 0.3630804 0.4409578 0.5314852 2.3512179 0.4677287 0.6857849 0.4728148 0.0000010 0.4728574 3.4117384 0.4704410 1.9936456 1.9936456 0.5505929 1.9936456 0.7736988 0.5632186 0.5632186 0.6663573 0.6663573 0.4319395 0.4714791 0.4714791 0.5266138 0.5266138 0.5529797 0.5046396 0.5409266 0.4606997 0.4606997 0.4277798 0.4363224 0.5831001 0.5831001 0.5831001 0.0000010 0.0000010 0.0000010 0.3919589 0.6575399 0.4625837 0.2913234 0.4884183 0.7312257 0.4784808 
Ctel_gnl_WGS_AMQN_CAPTEDRAFT_mRNA159138                             6.2558780 0.0000010 0.0000010 0.3774986 0.5564441 0.6628554 0.7762025 0.5456176 0.6830363 1.8118984 0.5686638 0.7979397 0.7025573 0.4592181 0.0000010 0.8369076 0.5987499 0.4854701 0.5134043 0.0000010 0.5137507 0.5555733 0.5986745 0.7191452 0.4987864 0.6166307 0.0000010 0.0000010 0.4986525 0.4540021 0.0000010 0.0000000 0.0000010 0.3703108 0.3116962 0.0000010 0.5758514 0.5972625 0.6046157 0.6481216 0.5230497 0.4990211 0.3226948 0.4115561 0.0000010 0.5237101 0.0000010 0.5840820 0.6032895 0.6591098 0.7154859 0.4095914 1.6161917 0.0000010 0.4464520 0.4895774 0.6238675 0.4377261 0.4187935 0.5866221 0.5866221 0.5642715 0.4956494 0.5249555 0.5249555 0.4200488 0.4242980 0.5902670 0.5902670 0.4685226 5.3858664 0.7661932 0.4764782 0.4843279 0.4529498 0.4290202 0.4192664 0.5418710 0.7002312 0.7002312 1.1771372 0.0000010 0.3772018 0.9593762 0.9593762 0.8128103 0.7829836 0.7829836 0.7711356 0.7711356 0.9839314 0.9839314 0.9629461 0.9169122 0.9169122 0.9169122 0.9169122 0.9277294 0.8480244 0.8354612 0.0000010 0.0000010 0.0000010 0.0000010 1.1792999 1.1792999 1.1792999 1.1792999 1.1792999 1.1792999 0.7745163 0.0000010 5.9430805 8.9999987 3.7272531 0.0000010 1.8339499 
