87
Pocdam_XM_027182634.1                                             0.0000000 0.0697992 0.4562214 0.4481906 0.1227410 0.0917715 0.0000010 2.5474376 2.5474376 0.7302520 0.6689555 0.9286238 1.1119062 1.4778730 1.5410352 1.4912093 1.4551159 1.4608405 1.1086416 1.3467754 1.2796804 1.7984950 1.2840424 1.6543299 1.9626252 1.8585218 1.6848358 1.5397546 1.7510851 1.4533926 1.5158998 1.5158998 1.5795263 1.4185477 1.3962342 1.6741473 1.4750640 1.4291305 2.5721661 0.0000010 1.2755537 2.3417713 2.3417713 0.0000010 2.0913716 1.9915428 2.3163885 0.0000010 2.2842727 1.8448183 1.8448183 2.3844139 2.4329362 2.4814507 2.4814507 1.7586797 2.4138018 0.0000010 2.4936657 0.0000010 0.0000010 2.0923284 2.4694433 2.4001632 1.7841801 2.0891899 1.8041383 1.8457545 2.0621605 1.8320808 1.7501794 1.1626392 1.8581778 2.1623460 1.8266128 2.8062084 1.7914689 2.1220376 2.7458652 2.2482778 1.7257625 2.5591862 2.8738812 2.8738812 2.6583367 2.1594314 3.7170076 
Spis_XP_022798532_1                                               0.0697992 0.0000000 0.3175989 0.2850101 0.1448983 0.1264234 0.1726161 1.9139959 1.9139959 0.4982979 0.4938130 0.8747939 0.9282544 1.1067189 1.0763645 1.1379938 0.9384534 1.1003108 1.0528064 1.0547052 1.0940483 1.3903504 1.3343938 1.7930678 1.6542465 1.8576627 1.8096234 1.7271871 1.5398009 1.3867718 1.4486280 1.4486280 1.3981695 1.3963557 1.2700467 1.4926954 1.1558910 1.0646279 1.8330663 2.7648104 1.5590073 2.1550912 1.6182184 1.3011353 1.5160540 1.8146925 1.5090036 2.4768848 1.9862002 1.5822693 1.4748811 1.9664033 1.9996125 2.0237672 2.0237672 1.7620776 1.9430053 2.4603795 1.8590220 2.3847672 1.0703162 1.8083867 2.0379130 2.0032533 1.4204362 1.4818249 1.4233840 1.4167555 1.5086823 1.4565114 1.4028644 1.6080898 1.4306558 1.9796173 1.9148242 2.5662532 2.0563441 2.0262238 2.3238598 2.0064800 1.8009341 2.2110038 2.5137269 2.3469341 2.0501547 2.5050053 2.6759621 
Adig_XM_015896729.1                                               0.4562214 0.3175989 0.0000000 0.0043055 0.0735238 0.1347890 0.0000010 2.5646900 2.5646900 0.5846766 0.5295391 0.8735130 0.9091663 1.1598230 1.1583135 1.2686777 1.1181943 1.3144962 0.9018996 1.1941024 1.2693419 1.3668074 1.0992489 1.6137244 1.7433063 1.7016644 1.6945265 1.5939751 1.5337896 1.3586524 1.4380548 1.4380548 1.3183929 1.3131712 1.3150762 1.3481634 1.1763437 1.1370786 1.8385458 0.0000010 1.2681515 2.1082761 1.9847142 0.0000010 1.9513803 1.8108436 1.8047672 0.0000010 1.9964839 1.7938863 1.7938863 2.1493999 2.2592291 2.3408180 2.3408180 1.5540361 2.0226414 0.0000010 2.0498731 0.0000010 0.4731995 1.9721828 1.9680447 2.0436437 1.5864351 1.7678006 1.5976016 1.6502411 1.7411347 1.6449019 1.4888007 1.2583916 1.4747978 2.1458789 1.8739786 3.1127349 1.8363217 2.1963493 2.6017619 2.1164761 1.8595463 2.1937944 2.4106594 2.4106594 2.0218393 2.3725686 2.9062261 
Amil_Amillepora12880-RA                                           0.4481906 0.2850101 0.0043055 0.0000000 0.1586653 0.2486925 0.3029866 0.4651558 0.5534477 0.6303467 0.6101625 1.0081621 1.0282136 1.2234781 1.1965478 1.2839996 1.1971881 1.3632332 1.2022559 1.3474500 1.3040843 1.3200715 1.3691929 1.8646829 1.7433063 2.0845580 1.8213216 1.7840154 1.6226409 1.3463216 1.5761961 1.5761961 1.4451923 1.3953953 1.2242878 1.4575981 1.3309907 1.2707735 1.7625959 2.1828567 1.6449453 2.0246675 1.7507569 1.6004114 1.5919862 2.0300740 1.6198379 2.9254246 2.3023743 1.6139597 1.5412825 1.9775694 2.2025787 2.2827986 2.2827986 2.0529088 2.1477428 2.5956128 2.1710744 2.6801810 2.5701388 2.2197963 2.3179405 2.3044524 1.7620717 1.7854486 1.7548882 1.7926837 1.7546573 1.7622609 1.7136151 2.0953992 1.6508413 2.3820991 2.3216640 2.5615236 1.5964047 2.4498923 2.4165892 2.1791308 2.0355457 2.6631205 2.5330111 2.4236314 2.5629430 2.8081188 2.6248483 
Gfas_gfas1.m1.18111.m1                                            0.1227410 0.1448983 0.0735238 0.1586653 0.0000000 0.1963307 0.2566045 0.4867637 0.6509381 0.5101359 0.5096452 0.9027176 0.9084050 1.1339043 1.1402856 1.1842046 1.0281099 1.1905845 1.1507381 1.1622524 1.1133959 1.2729336 1.3180846 1.8352715 1.8215111 2.1026972 1.7403094 1.7539747 1.5732073 1.3214037 1.6535683 1.6535683 1.3531181 1.3002209 1.1826212 1.3347634 1.2900061 1.1439865 1.7422633 2.5117968 1.6468602 1.5442711 1.5267633 1.4820916 1.5345657 1.9022907 1.4934500 2.8309980 2.2080198 1.4455645 1.2919065 1.8389319 2.1686272 2.2144298 2.2144298 2.0647292 2.0927928 2.8062400 2.0722684 2.7273187 2.8634867 2.1316289 2.3134505 2.2863394 1.5420108 1.5735995 1.5256463 1.5335778 1.5297416 1.5344489 1.5885117 2.4785324 1.5769156 2.2135481 2.2344177 2.7247935 1.5145579 2.3433476 2.2422728 2.0553526 1.9759339 2.4359875 2.2762914 2.2292045 2.4209982 2.7976180 2.2852591 
Gasp_gasp1.m3.13430.m1                                            0.0917715 0.1264234 0.1347890 0.2486925 0.1963307 0.0000000 0.1460728 0.4156441 0.5391425 0.5573314 0.5936907 0.9645475 0.9591201 1.2600268 1.1467122 1.3011068 1.1615226 1.3233947 1.2609184 1.2534045 1.2175905 1.3863946 1.4316775 2.0155836 1.6336803 2.2201177 1.9539627 1.8978122 1.7750104 1.3000218 1.6893360 1.6893360 1.4688047 1.4901653 1.3383912 1.5195151 1.3360327 1.3236550 1.8613556 2.1263378 1.7978478 1.5056333 1.7741190 1.7440987 1.6485941 2.0872858 1.6389477 2.7942000 2.3254429 1.6077715 1.4903401 2.0630291 2.2243123 2.3907918 2.3907918 2.1944257 2.2098447 2.5822804 2.2016678 2.5875060 2.6078074 2.2580411 2.5018097 2.4898197 1.7919295 1.7923313 1.7598365 1.7639765 1.7329727 1.6917955 1.7440561 1.9776584 1.7452521 2.4360398 2.3789927 2.6586949 1.6644825 2.4728299 2.3707787 2.2775240 2.2232547 2.7037542 2.3746509 2.4940826 2.7614612 3.0212418 2.3503879 
Fspp_ffun1.m4.33159.m1                                            0.0000010 0.1726161 0.0000010 0.3029866 0.2566045 0.1460728 0.0000000 0.2850528 0.3596842 0.6700994 0.7538582 1.0653671 1.0991472 1.3762863 1.2941999 1.4325584 1.2488094 1.4603795 1.5674118 1.5011410 1.3859493 1.4606496 1.6181406 2.4688085 0.0000010 2.7337346 1.9840044 2.1462820 1.8522749 1.4074864 1.7431660 1.7431660 1.5715246 1.6998641 1.5948492 1.7010226 1.5698263 1.4877253 1.8938111 2.1673778 1.9222717 0.0000010 1.9399684 1.8228438 1.4888790 2.4047014 1.6642766 2.7945742 2.6567529 1.7243817 1.4639086 2.2295687 2.4224996 2.6727714 2.6727714 2.5295456 2.5419831 2.7286123 2.5419831 2.8081777 2.7290450 2.5177238 2.8122430 2.7807300 1.9103498 1.8639187 1.8816187 1.8814060 1.7541890 1.9281301 1.8988071 2.2082847 2.0940204 2.6404737 2.6280718 2.3658984 1.6831586 2.7833125 2.2105349 2.1668619 2.2450758 2.8128252 3.0535123 2.2448018 2.9815421 2.8872422 0.0000010 
Spis_XP_022798533_1                                               2.5474376 1.9139959 2.5646900 0.4651558 0.4867637 0.4156441 0.2850528 0.0000000 0.1228545 0.8164609 0.8850757 1.1519344 1.3932515 1.3526491 1.3591925 1.5327760 1.4627883 1.4794450 1.5187848 1.5402030 1.3006046 1.2807274 1.4689236 1.9905511 5.0087513 2.7480395 1.7183592 1.7055610 1.7261936 1.3190858 1.7408546 1.7408546 1.6992102 1.2876806 2.2523308 1.4185395 1.6178486 1.5715718 1.9798073 1.7179399 1.8099828 4.3256666 2.4132024 1.9213758 2.4611235 2.2339149 1.9472236 2.6357826 2.7568279 1.3451790 1.3451790 3.1903812 2.5027571 2.7955121 2.7955121 2.3379646 2.3904788 2.4702971 2.3595465 2.4456255 2.4623474 2.5046901 3.0806168 3.2142239 2.2951928 2.4290100 2.4032895 2.5075824 2.0502297 2.1557622 2.1383386 2.3738616 2.4183766 2.8446636 2.7141538 2.5595055 1.2426364 3.0171394 1.9811162 3.1871693 2.1913339 4.0682255 2.7260648 2.4129551 3.5448040 2.9113116 3.7893923 
Spis_XP_022798509_1                                               2.5474376 1.9139959 2.5646900 0.5534477 0.6509381 0.5391425 0.3596842 0.1228545 0.0000000 0.8923758 0.8976275 1.2904639 1.2017431 1.8257187 1.8033108 1.8353115 1.7680154 1.8678969 1.7026370 1.7067926 1.7199333 1.5905904 1.6661143 1.8967172 5.0087513 2.7780791 2.3482803 2.3333047 2.5124842 1.3190858 2.0148286 2.0148286 1.9867902 1.2876806 2.2523308 1.7280897 1.6426652 1.8369563 1.9798073 1.7179399 1.8099828 4.3256666 2.4696647 1.9729834 2.4611235 2.2339149 1.9472236 2.6860244 2.9063798 1.3451790 1.3451790 3.1903812 2.6829998 2.5977291 2.5977291 2.0909696 2.1567167 2.2188944 2.0909696 2.2188944 2.0579839 2.3444912 2.5025070 2.6925751 2.2037802 2.3732087 2.2474203 2.3610883 1.9595790 2.0041869 1.9887333 2.6655899 4.2826656 2.2373903 2.1988873 2.7675940 1.6677831 2.6397036 2.0355810 3.1871693 2.1636257 4.2465663 2.7260648 2.3917861 3.6295757 2.7884472 3.7893923 
Exapal_XM_021062063.2                                             0.7302520 0.4982979 0.5846766 0.6303467 0.5101359 0.5573314 0.6700994 0.8164609 0.8923758 0.0000000 0.4254168 0.9524227 1.0172947 1.2452515 1.1488907 1.1877427 1.1981236 1.2803357 1.1830941 1.2897259 1.2005402 1.3951562 1.4322784 1.8336316 1.6428686 2.0641819 1.8559887 1.7484870 1.5986573 1.2405912 1.5944705 1.5944705 1.4489201 1.3423136 1.2237023 1.4250801 1.2638006 1.3406795 1.8605604 1.9832084 1.5800949 2.1689808 1.6714359 1.4650258 1.4987460 1.9862948 1.7145699 2.9340356 2.2343355 1.6030393 1.5252264 1.9568888 2.2105118 2.2472958 2.2472958 2.1013639 2.2030124 2.7279158 2.1697646 2.8002856 2.6163139 2.1631822 2.3770782 2.2963313 1.6848715 1.6583516 1.6597881 1.6718373 1.5936168 1.6120219 1.5766018 2.2177986 1.6480409 2.4231478 2.3454032 2.2077973 1.5490788 2.4493346 2.3963130 2.1677548 2.1066546 2.6410441 2.5903697 2.3872782 2.5268889 2.7505555 2.9065345 
Nvec_v1g96987                                                     0.6689555 0.4938130 0.5295391 0.6101625 0.5096452 0.5936907 0.7538582 0.8850757 0.8976275 0.4254168 0.0000000 0.9748180 0.9957538 1.2405289 1.2062028 1.2711857 1.2060959 1.3563465 1.1982446 1.2748053 1.3088356 1.4115419 1.4166475 1.8917568 1.7431909 2.2298624 1.9554624 1.8522145 1.6503694 1.2950867 1.6291143 1.6291143 1.4102688 1.3298328 1.2575879 1.4449697 1.2964447 1.2907986 1.7810750 2.1316070 1.6195888 2.2739817 1.6316394 1.4958358 1.4103192 1.8708598 1.5964302 2.7918873 2.1516336 1.5509180 1.4445437 1.9220733 2.0390911 2.2262981 2.2262981 1.9798235 2.0672569 2.5547038 2.0499651 2.5599682 2.4867415 2.2057447 2.4059447 2.3611078 1.5860632 1.5828264 1.6393118 1.6357462 1.5737769 1.5324429 1.4775028 2.0438399 1.6453550 2.3822296 2.3628431 2.2248589 1.5506910 2.4013726 2.1953112 2.1515675 2.0883770 2.5663567 2.5367275 2.3095104 2.5737962 2.9141898 2.7648983 
Dgig_XM_028538780.1                                               0.9286238 0.8747939 0.8735130 1.0081621 0.9027176 0.9645475 1.0653671 1.1519344 1.2904639 0.9524227 0.9748180 0.0000000 0.4231761 1.2564225 1.2397624 1.3033692 1.2147916 1.3651167 1.3533117 1.2892919 1.3112703 1.4970829 1.4820160 1.9260026 1.7174520 2.2535870 1.9720341 1.9704255 1.6166362 1.2789114 1.6637472 1.6637472 1.5897037 1.3794234 1.2209755 1.5033647 1.3317402 1.3673000 1.9182317 1.9213906 1.7242525 2.4365635 1.8147152 1.5600421 1.4431014 1.7951363 1.7040039 2.8850809 2.1723898 1.5926056 1.4397304 1.8358626 2.0923690 2.1123999 2.1123999 1.9643976 2.0590262 2.3692860 2.0375919 2.5094918 2.2850038 2.0925690 2.1869921 2.1993246 1.7707408 1.7134611 1.6959105 1.7246619 1.6958844 1.7789089 1.7590233 2.0375988 1.7094964 2.3862330 2.2956495 2.1439267 1.5626079 2.4586484 2.3028661 1.9707041 1.9844819 2.4404174 2.5725485 2.3066690 2.6572381 2.6676531 3.0394493 
Xesp_009982-T1                                                    1.1119062 0.9282544 0.9091663 1.0282136 0.9084050 0.9591201 1.0991472 1.3932515 1.2017431 1.0172947 0.9957538 0.4231761 0.0000000 1.2788718 1.2475806 1.3687160 1.2164072 1.4372947 1.2925924 1.3073517 1.3787648 1.5144382 1.4941744 1.8209239 1.6424697 1.9814726 1.9653225 1.9889399 1.7662911 1.2968015 1.7635357 1.7635357 1.5611471 1.4598675 1.3150732 1.5528371 1.3438412 1.2627396 1.9014375 1.9440715 1.6376261 2.1606913 1.7296274 1.4649506 1.4605983 1.8587878 1.6402354 3.5166723 2.2235394 1.5076506 1.4258103 1.7681912 2.0048508 2.1150721 2.1150721 1.9295459 2.0329373 2.4580148 1.9783521 2.7331627 2.4208817 1.9885716 2.1147194 2.0954755 1.6940029 1.6988896 1.6036798 1.6435446 1.6910205 1.7454033 1.6947267 1.5884758 1.6735491 2.3018805 2.2897870 1.7063705 1.9484315 2.2717668 2.3211615 2.0508688 2.0337229 2.3082638 2.4231961 2.3561260 2.5654433 2.9169534 2.7019560 
Bralan_BLAG12000051_1                                             1.4778730 1.1067189 1.1598230 1.2234781 1.1339043 1.2600268 1.3762863 1.3526491 1.8257187 1.2452515 1.2405289 1.2564225 1.2788718 0.0000000 0.9397124 0.9867986 0.9092031 0.9832929 0.8997719 0.9440173 1.1045661 1.5899887 1.5637688 1.9711205 1.4258497 2.1318189 1.8462036 1.8391937 1.6507036 1.4175051 1.7753294 1.7753294 1.7073838 1.5986194 1.4931232 1.7144723 1.4643024 1.1619933 1.8331045 2.0379376 1.7008679 2.2327725 1.6146987 1.5884018 1.4835314 1.8754991 1.6752555 3.5540052 2.3297686 1.4315684 1.3140685 1.9938436 2.2813931 2.1787823 2.1787823 2.1275052 2.2237665 2.7993512 2.1938475 2.7794187 2.7741390 2.1318096 2.2934986 2.2675907 1.5022787 1.4882423 1.4909911 1.5176787 1.4310759 1.5358363 1.5008997 2.2354635 1.5423864 2.2128964 2.3757869 2.5132642 1.6946086 2.4310211 2.2265318 2.3909502 2.0079732 2.4560513 2.7090123 2.4533464 2.6064695 2.7754932 2.3759229 
Acagra_model.g5812.t1                                             1.5410352 1.0763645 1.1583135 1.1965478 1.1402856 1.1467122 1.2941999 1.3591925 1.8033108 1.1488907 1.2062028 1.2397624 1.2475806 0.9397124 0.0000000 0.6098266 0.8385205 0.9078391 0.9958846 1.0066543 1.1032397 1.5117643 1.5163788 1.9126362 1.7161345 2.2283235 1.8876795 1.7962117 1.7058699 1.4658054 1.6968127 1.6968127 1.8029077 1.4908384 1.3826172 1.6336719 1.5371856 1.0263837 1.7600837 2.4637484 1.7109460 2.5188356 1.7054413 1.5127627 1.6701954 1.8618390 1.5416429 3.3475580 2.3178180 1.5956525 1.4909758 1.8910650 2.2266113 2.2669902 2.2669902 2.1647381 2.3235239 2.9872635 2.2642403 3.2473085 2.9826714 2.2144044 2.3537281 2.3376385 1.5521208 1.5234289 1.5438839 1.5652366 1.5171876 1.5769045 1.5167695 2.0027984 1.3636980 2.2607943 2.3667329 1.8779001 1.7903408 2.2233613 2.1621039 2.0377145 1.9776889 2.3017234 2.6420148 2.3979830 2.4669100 2.5242129 2.4610024 
Cgig_XM_034470248.1                                               1.4912093 1.1379938 1.2686777 1.2839996 1.1842046 1.3011068 1.4325584 1.5327760 1.8353115 1.1877427 1.2711857 1.3033692 1.3687160 0.9867986 0.6098266 0.0000000 0.8491625 0.8661603 0.9227855 1.0970179 1.1323443 1.6396979 1.5261773 1.8929045 1.7726153 2.1958075 1.9135645 1.9610008 1.6496375 1.3202541 1.8673040 1.8673040 1.7167006 1.5228359 1.3711701 1.6062420 1.5754233 1.1287249 2.0178959 2.7691828 1.9059653 2.1085699 1.7710154 1.7341886 1.4929437 2.0872107 1.7337509 2.9938149 2.0585598 1.5107180 1.3967106 1.8724461 2.1200159 2.1187494 2.1187494 2.0866095 2.1294055 2.8567704 2.0903742 3.0066680 2.8428045 2.0215035 2.1870779 2.2484624 1.5222912 1.5078754 1.5038561 1.5390451 1.4467799 1.5276875 1.4649330 2.1549818 1.3832880 2.4792155 2.4655429 2.0700998 1.8986473 2.3246714 2.2500164 2.2180417 1.9850485 2.4119133 2.7002645 2.4788629 2.4489364 2.6854407 2.8257464 
Cscu_XM_023368568.1                                               1.4551159 0.9384534 1.1181943 1.1971881 1.0281099 1.1615226 1.2488094 1.4627883 1.7680154 1.1981236 1.2060959 1.2147916 1.2164072 0.9092031 0.8385205 0.8491625 0.0000000 0.9384964 0.9518788 1.0059800 1.0652252 1.6529355 1.5142067 1.8882511 1.5994569 2.1436046 1.9219994 1.8066402 1.7133564 1.3917926 1.7432577 1.7432577 1.7335683 1.5231413 1.3478973 1.6328028 1.4307609 0.9280334 1.9639663 2.6299383 1.7438956 2.3364993 1.7357236 1.5776818 1.4809982 1.8910233 1.6759152 2.8692139 2.1050216 1.4547988 1.3059215 1.7543765 2.0326960 2.0746519 2.0746519 1.9454153 2.0341815 2.3950669 1.9600408 2.5928990 2.7370539 2.1402084 2.1522607 2.1173346 1.5590596 1.5236165 1.5501347 1.5708481 1.5416652 1.5558019 1.4725600 2.1847427 1.3447839 2.3878697 2.4631425 1.9631903 1.7777910 2.4851156 2.2313777 2.1709128 2.0126759 2.4435657 2.5702296 2.3599388 2.5980367 2.6165098 2.4374264 
Ctel_gnl_WGS_AMQN_CAPTEDRAFT_mRNA225801                           1.4608405 1.1003108 1.3144962 1.3632332 1.1905845 1.3233947 1.4603795 1.4794450 1.8678969 1.2803357 1.3563465 1.3651167 1.4372947 0.9832929 0.9078391 0.8661603 0.9384964 0.0000000 1.0149894 1.0375151 1.1605056 1.7086251 1.6565394 1.9210943 1.6486593 2.2858698 2.0567912 1.8968401 1.6798490 1.3132071 1.7555875 1.7555875 1.8803389 1.5458165 1.3843671 1.5678909 1.5793661 1.1511196 1.8303697 2.3085826 1.7549984 1.8962223 1.7014561 1.6777449 1.4336352 1.7868401 1.6530357 3.1544060 2.2006925 1.6965395 1.6013499 2.0436606 2.1314335 2.2760247 2.2760247 2.2407537 2.3175810 2.8431955 2.3058591 3.0306856 3.0368302 2.1662946 2.2135049 2.2007978 1.6626277 1.5814530 1.6335657 1.6523343 1.5310952 1.5771870 1.5764391 2.4642241 1.3704942 2.4311982 2.5129888 2.2121359 1.8685314 2.6025494 2.4673957 2.2652515 1.9768775 2.5294686 2.7144615 2.3701943 2.8640885 2.6222218 2.6134679 
Skow_XM_006811638.1                                               1.1086416 1.0528064 0.9018996 1.2022559 1.1507381 1.2609184 1.5674118 1.5187848 1.7026370 1.1830941 1.1982446 1.3533117 1.2925924 0.8997719 0.9958846 0.9227855 0.9518788 1.0149894 0.0000000 0.8912735 1.1126798 1.6100496 1.5224185 1.7227749 1.6871030 2.0431218 1.7974601 1.7605656 1.5951945 1.2362229 1.5498807 1.5498807 1.6715590 1.3232245 1.2928462 1.4792364 1.5100860 1.2731899 1.7245384 2.0641809 1.6544665 1.7038939 1.5858124 1.5180045 1.5742940 1.9661016 1.6097170 3.5681842 2.0988201 1.4508901 1.3364292 1.7938912 1.9586460 2.0591466 2.0591466 1.8844885 1.9012635 2.4555328 1.9316194 2.7818075 2.6766891 2.0109351 2.0233918 2.0566031 1.4558805 1.4017891 1.4123085 1.4355628 1.4316482 1.4573467 1.4523228 2.0096421 1.5918502 2.0210022 2.2004461 1.9100242 1.5835999 2.1380641 1.9984635 2.0043220 2.0528965 2.3951968 2.9141812 2.5767302 2.2481772 2.5978815 2.6212255 
Spur_XM_030972314.1                                               1.3467754 1.0547052 1.1941024 1.3474500 1.1622524 1.2534045 1.5011410 1.5402030 1.7067926 1.2897259 1.2748053 1.2892919 1.3073517 0.9440173 1.0066543 1.0970179 1.0059800 1.0375151 0.8912735 0.0000000 1.1092616 1.7772660 1.6657216 1.9776877 1.9489577 2.0296501 2.0398562 1.9445406 1.8495787 1.4366960 1.9232737 1.9232737 1.7013313 1.6496407 1.4674585 1.7769752 1.5294004 1.2346638 1.8247382 2.0825435 1.8436713 1.7017685 1.6108798 1.6963619 1.5761246 2.0483673 1.7531131 3.8267471 2.2143326 1.6490580 1.5028795 1.9514428 2.2800537 2.1771238 2.1771238 2.0911972 2.1664602 2.7481689 2.1474237 3.1016973 2.8631857 2.0819335 2.2173389 2.1718339 1.5133922 1.5641638 1.5588223 1.5873077 1.6015407 1.5728211 1.5929241 2.1094713 1.4033560 2.2082451 2.2656148 1.7496537 1.8972551 2.3298314 2.2826372 2.3240088 2.0371068 2.5846436 2.8659733 2.5021212 2.3569906 2.7372192 2.7352658 
Hsap_ENST00000634607                                              1.2796804 1.0940483 1.2693419 1.3040843 1.1133959 1.2175905 1.3859493 1.3006046 1.7199333 1.2005402 1.3088356 1.3112703 1.3787648 1.1045661 1.1032397 1.1323443 1.0652252 1.1605056 1.1126798 1.1092616 0.0000000 1.6228824 1.5929499 1.9523240 1.7051628 2.3489146 1.9891845 1.9147467 1.6320074 1.3278158 1.6391282 1.6391282 1.7327936 1.5913422 1.4689708 1.7306800 1.5246433 1.2986791 2.0164998 2.2609121 1.8609104 1.8145733 1.7091087 1.7009449 1.7699893 1.9457008 1.8407273 3.1936075 2.1974486 1.5100586 1.4318502 1.9166200 2.1943870 2.2087463 2.2087463 2.0909127 2.2658887 2.8411400 2.1805384 2.8297737 3.0624413 2.3284761 2.2962312 2.2293220 1.7603196 1.6879435 1.6843690 1.7182946 1.6362485 1.7237199 1.6139823 2.3110494 1.6381762 2.3406720 2.5360493 2.5228437 1.7958921 2.3873908 2.2943604 2.0950228 2.0519194 2.3324431 2.4101805 2.4263664 2.6618012 2.6257591 2.9676399 
Hvul_g33419_1                                                     1.7984950 1.3903504 1.3668074 1.3200715 1.2729336 1.3863946 1.4606496 1.2807274 1.5905904 1.3951562 1.4115419 1.4970829 1.5144382 1.5899887 1.5117643 1.6396979 1.6529355 1.7086251 1.6100496 1.7772660 1.6228824 0.0000000 0.8859097 1.9873461 1.6267242 2.4668121 2.2124825 2.0732194 2.0524246 1.7807651 2.0170415 2.0170415 1.4501976 1.2408309 1.1446649 1.4387582 1.2938173 1.7318945 2.1588959 2.5551904 2.0589097 1.9850428 1.8789380 1.9720482 1.7588207 2.1245899 2.0995185 2.7634144 2.2136251 1.7113694 1.6607296 1.8800074 2.1334015 2.2441860 2.2441860 1.9994621 2.0665174 2.4290392 2.0852577 2.4122257 2.2821050 2.2450836 2.4878381 2.4717924 1.9467245 1.8874965 1.9299182 1.9275365 1.9183824 1.8930745 1.7813495 2.5969509 2.0621662 2.5565352 2.6527686 2.5232360 2.2209433 2.4310789 2.4176985 2.4495703 2.3556486 2.4999592 2.7967887 2.4617502 2.8535503 2.7867866 2.8039569 
Chem_TCONS_00054945                                               1.2840424 1.3343938 1.0992489 1.3691929 1.3180846 1.4316775 1.6181406 1.4689236 1.6661143 1.4322784 1.4166475 1.4820160 1.4941744 1.5637688 1.5163788 1.5261773 1.5142067 1.6565394 1.5224185 1.6657216 1.5929499 0.8859097 0.0000000 2.1372232 1.7782918 2.3994358 2.1278427 2.0108466 2.0382253 1.6106081 1.9267690 1.9267690 1.4232391 1.2293058 1.1585138 1.4060254 1.2752489 1.6615216 2.2497914 2.4577195 2.2292851 2.4359110 2.1286489 2.0107245 1.7672933 2.1342873 2.1592966 3.3880682 2.4138477 1.6772528 1.5425372 1.9488140 2.2190139 2.4838386 2.4838386 2.3314752 2.3581693 2.9462402 2.3841897 2.9436548 2.8716008 2.3955640 2.5967296 2.6152201 1.8735956 1.8311974 1.8309085 1.8286733 1.7868227 1.7409384 1.6778851 2.6231569 2.0837966 2.7287918 2.6635544 2.3822530 2.0268027 2.6710645 2.3978706 2.5933001 2.4581576 2.8178860 3.2520931 2.8757689 3.0908706 2.9413313 3.0070818 
Gracom_Gcom_scaffold830_01                                        1.6543299 1.7930678 1.6137244 1.8646829 1.8352715 2.0155836 2.4688085 1.9905511 1.8967172 1.8336316 1.8917568 1.9260026 1.8209239 1.9711205 1.9126362 1.8929045 1.8882511 1.9210943 1.7227749 1.9776877 1.9523240 1.9873461 2.1372232 0.0000000 1.0810958 0.6250138 0.7793624 0.5502307 1.7539986 1.6413733 1.7475612 1.7475612 2.4156744 1.9369847 1.5694271 2.0809227 1.7515565 1.9106316 2.1769421 3.6718452 1.9517929 2.1528257 2.1576153 2.0912147 1.9871731 2.2269951 2.3721627 4.2772281 2.5657605 1.9316462 1.8703129 2.2696399 2.3261091 2.3675666 2.3675666 2.3211024 2.3818951 2.9744527 2.4089666 3.3847336 3.0274619 2.5409940 2.6062845 2.5765341 2.0913147 2.1317249 2.1485712 2.1565841 2.0818645 2.1279771 2.1259327 2.1653339 2.1719915 2.6564464 2.2789367 3.1671624 1.3694299 2.6264448 2.4834052 2.2622217 2.2079642 2.3893199 2.5976148 2.4495446 2.5634657 2.6462114 2.6940760 
Clacor_Ccor_C509391_01                                            1.9626252 1.6542465 1.7433063 1.7433063 1.8215111 1.6336803 0.0000010 5.0087513 5.0087513 1.6428686 1.7431909 1.7174520 1.6424697 1.4258497 1.7161345 1.7726153 1.5994569 1.6486593 1.6871030 1.9489577 1.7051628 1.6267242 1.7782918 1.0810958 0.0000000 1.1991922 1.3421138 1.1631559 1.3864044 1.1076119 1.3036547 1.3036547 1.9869764 1.9182971 1.8634236 2.0790629 2.1108004 1.8857478 1.9897136 0.0000010 1.6219984 2.5057258 2.0950976 0.0000010 1.7732474 1.7830025 1.8860684 0.0000010 2.0120907 2.1075582 2.1075582 2.2378295 2.4217613 2.4050907 2.4050907 2.2924703 2.5019536 0.0000010 2.3648490 0.0000010 0.7808712 2.4031672 2.0217132 2.0696503 1.9735072 1.9504174 2.0160099 1.9380416 1.9523156 1.9298013 1.5808180 4.5289482 1.9366399 2.3272169 2.3226958 4.3595554 2.5345131 2.7561073 2.5875058 2.9091556 2.3552251 2.1744378 2.6738597 2.6738597 2.3455307 2.4211725 3.3397258 
Leuniv_Lniv_scaffold24588_01                                      1.8585218 1.8576627 1.7016644 2.0845580 2.1026972 2.2201177 2.7337346 2.7480395 2.7780791 2.0641819 2.2298624 2.2535870 1.9814726 2.1318189 2.2283235 2.1958075 2.1436046 2.2858698 2.0431218 2.0296501 2.3489146 2.4668121 2.3994358 0.6250138 1.1991922 0.0000000 0.9458758 0.7593270 2.1260458 1.6174442 2.1834097 2.1834097 2.6806777 2.3023798 1.8253890 2.6063815 2.2189769 2.2015645 2.4261471 4.1175786 2.2045529 2.5992792 2.4089875 2.4580721 1.8906166 2.5230266 2.3817642 5.5500665 3.0181271 1.8785086 1.8240250 2.6073789 2.7002013 2.7643317 2.7643317 2.8187271 2.8374606 3.8119992 2.8842544 4.4238240 4.7716220 2.8260020 2.7935455 2.7851573 2.3468082 2.2897661 2.3553400 2.4072232 2.3161981 2.3643660 2.4181398 3.9956591 2.4150576 2.8389344 2.6967664 4.4489166 2.3207540 2.8152823 2.6504029 2.4256182 2.4300726 2.5929160 2.8057598 2.6631606 2.5798828 2.9743827 3.3669893 
Lcom_lcpid30391                                                   1.6848358 1.8096234 1.6945265 1.8213216 1.7403094 1.9539627 1.9840044 1.7183592 2.3482803 1.8559887 1.9554624 1.9720341 1.9653225 1.8462036 1.8876795 1.9135645 1.9219994 2.0567912 1.7974601 2.0398562 1.9891845 2.2124825 2.1278427 0.7793624 1.3421138 0.9458758 0.0000000 0.6676420 1.7301501 1.5042278 1.9245141 1.9245141 2.4137127 2.0966080 1.8494521 2.0888160 2.0209408 1.9875122 2.3585239 2.7628873 2.1072214 2.3901692 2.3151201 2.3050221 1.9556431 2.5170193 2.4991933 3.2582148 2.6349502 1.9481452 1.8600665 2.4211087 2.6366166 2.7539292 2.7539292 2.5511923 2.5582428 3.0903533 2.5885844 3.3112877 3.0520048 2.7903983 3.0640026 3.0258286 2.1837210 2.1827469 2.2268546 2.2797365 2.2072264 2.3313960 2.3730442 2.7091639 2.2610054 2.6896334 2.5895470 2.6900438 1.4341867 2.8038853 2.4908951 2.2250444 2.3412984 2.3623160 2.7314348 2.7611637 2.5384757 2.9179346 2.9578160 
Scil_scict007094.1                                                1.5397546 1.7271871 1.5939751 1.7840154 1.7539747 1.8978122 2.1462820 1.7055610 2.3333047 1.7484870 1.8522145 1.9704255 1.9889399 1.8391937 1.7962117 1.9610008 1.8066402 1.8968401 1.7605656 1.9445406 1.9147467 2.0732194 2.0108466 0.5502307 1.1631559 0.7593270 0.6676420 0.0000000 1.6701991 1.5057911 1.7749385 1.7749385 2.3511599 1.9432574 1.6614117 2.0429751 1.9233645 2.0231139 2.1220450 2.7559507 1.9974559 2.1913629 2.2968590 2.2481959 1.7896520 2.2876137 2.3349709 3.6226080 2.6654616 1.9099365 1.8174969 2.3789560 2.6095254 2.5384014 2.5384014 2.5479956 2.5004038 3.0753148 2.5800938 3.2610115 2.9242125 2.5199203 2.5584035 2.5561165 2.1451870 2.1093225 2.1416579 2.1608914 2.1902513 2.2188541 2.3210336 2.3994546 2.2600697 2.6007065 2.5131676 2.5668512 1.3185928 2.7041929 2.6391989 2.4573688 2.3549551 2.5415314 2.6965930 2.6348934 2.5973808 2.7366033 3.0304033 
Opea_EP00118_Oscarella_pearsei_P004253                            1.7510851 1.5398009 1.5337896 1.6226409 1.5732073 1.7750104 1.8522749 1.7261936 2.5124842 1.5986573 1.6503694 1.6166362 1.7662911 1.6507036 1.7058699 1.6496375 1.7133564 1.6798490 1.5951945 1.8495787 1.6320074 2.0524246 2.0382253 1.7539986 1.3864044 2.1260458 1.7301501 1.6701991 0.0000000 0.0032691 1.0186768 1.0186768 2.0457136 1.8624285 1.5763378 1.8788175 1.8085385 1.7442328 1.9563908 2.5072340 1.7480690 2.1801698 1.7713349 1.8276566 1.7202670 1.9618660 1.9235183 2.7486494 2.1851347 1.6007595 1.5486546 1.9221144 2.0783832 2.2014932 2.2014932 2.0835425 2.2444570 2.5057153 2.1470362 2.7536641 2.4819385 2.2588327 2.3467317 2.3178343 1.8603769 1.8892864 1.8948061 1.8836592 1.8512201 1.9432127 1.8285440 1.8630908 2.1109165 2.6214232 2.5268209 2.1840073 1.5371298 2.7081711 2.5538192 2.1195360 2.0549856 2.3556011 2.8182273 2.4926472 2.5529879 2.5248358 3.0785091 
Ocar_g9740                                                        1.4533926 1.3867718 1.3586524 1.3463216 1.3214037 1.3000218 1.4074864 1.3190858 1.3190858 1.2405912 1.2950867 1.2789114 1.2968015 1.4175051 1.4658054 1.3202541 1.3917926 1.3132071 1.2362229 1.4366960 1.3278158 1.7807651 1.6106081 1.6413733 1.1076119 1.6174442 1.5042278 1.5057911 0.0032691 0.0000000 0.6203738 0.6203738 1.7951965 1.5798383 1.5930990 1.6535952 1.5761183 1.3169294 1.4423694 0.9836622 1.2890708 2.3674002 1.6539759 1.3848409 1.7400132 1.6904269 1.6426343 1.3663121 1.6830352 1.7209903 1.6710792 1.8280907 1.6564799 1.7661354 1.7661354 1.5516266 1.7728374 1.4994869 1.6987978 1.1699084 1.0066228 1.7427344 1.7398627 1.7348734 1.3988179 1.3722340 1.4201312 1.4385695 1.4711962 1.5342026 1.3403606 0.9409567 1.7453578 1.8887458 1.9371157 1.6313739 0.4971549 2.3215943 2.1938591 1.7795426 1.9748350 2.0426819 2.4910351 2.1830360 2.1929295 2.2065087 3.3785119 
Plajan_Pjan_scaffold19126_01                                      1.5158998 1.4486280 1.4380548 1.5761961 1.6535683 1.6893360 1.7431660 1.7408546 2.0148286 1.5944705 1.6291143 1.6637472 1.7635357 1.7753294 1.6968127 1.8673040 1.7432577 1.7555875 1.5498807 1.9232737 1.6391282 2.0170415 1.9267690 1.7475612 1.3036547 2.1834097 1.9245141 1.7749385 1.0186768 0.6203738 0.0000000 0.0000010 2.0228141 1.7066917 1.5488020 1.8541242 1.7436213 1.8683072 1.8902515 2.3633475 1.7627762 2.2221077 1.8283353 1.9243417 1.7289822 2.0139555 1.9769198 2.5696916 2.1289887 1.5806107 1.5168427 1.7736256 2.0703975 2.0289486 2.0289486 1.9898224 2.1687993 2.4736726 2.0839540 2.7549602 2.6670903 2.1729516 2.2237265 2.2137099 2.0965641 2.0914409 2.0030916 2.0445942 1.9290637 2.0537794 2.0053382 2.1372785 2.1406006 2.5076298 2.6176502 2.8141213 1.7896363 2.8554745 2.5558685 2.3007283 2.1468805 2.4717699 2.8544300 2.5426942 2.4573018 2.6399752 2.9193874 
Plajan_Pjan_scaffold19123_01                                      1.5158998 1.4486280 1.4380548 1.5761961 1.6535683 1.6893360 1.7431660 1.7408546 2.0148286 1.5944705 1.6291143 1.6637472 1.7635357 1.7753294 1.6968127 1.8673040 1.7432577 1.7555875 1.5498807 1.9232737 1.6391282 2.0170415 1.9267690 1.7475612 1.3036547 2.1834097 1.9245141 1.7749385 1.0186768 0.6203738 0.0000010 0.0000000 2.0228141 1.7066917 1.5488020 1.8541242 1.7436213 1.8683072 1.8902515 2.3633475 1.7627762 2.2221077 1.8283353 1.9243417 1.7289822 2.0139555 1.9769198 2.5696916 2.1289887 1.5806107 1.5168427 1.7736256 2.0703975 2.0289486 2.0289486 1.9898224 2.1687993 2.4736726 2.0839540 2.7549602 2.6670903 2.1729516 2.2237265 2.2137099 2.0965641 2.0914409 2.0030916 2.0445942 1.9290637 2.0537794 2.0053382 2.1372785 2.1406006 2.5076298 2.6176502 2.8141213 1.7896363 2.8554745 2.5558685 2.3007283 2.1468805 2.4717699 2.8544300 2.5426942 2.4573018 2.6399752 2.9193874 
Sanmal_Sma_023474-T1                                              1.5795263 1.3981695 1.3183929 1.4451923 1.3531181 1.4688047 1.5715246 1.6992102 1.9867902 1.4489201 1.4102688 1.5897037 1.5611471 1.7073838 1.8029077 1.7167006 1.7335683 1.8803389 1.6715590 1.7013313 1.7327936 1.4501976 1.4232391 2.4156744 1.9869764 2.6806777 2.4137127 2.3511599 2.0457136 1.7951965 2.0228141 2.0228141 0.0000000 0.9662748 0.9034151 1.0655189 1.2739111 1.6770635 2.4304883 2.7296173 2.2009826 2.2674743 2.0010814 1.8731093 1.6110599 2.1925462 1.9461374 3.3579860 2.2993926 1.5036420 1.3680250 1.9583104 2.0908023 2.3480970 2.3480970 2.1783004 2.2149872 2.9654914 2.2490814 3.2663522 3.0014557 2.3336109 2.6420840 2.6028078 1.9924978 1.9479885 1.9946241 2.0238541 1.8934716 2.0985149 1.9734628 2.8001052 1.9960089 2.4532199 2.4649208 2.5468777 2.2126378 2.8293718 2.5814774 2.5985490 2.1390898 2.5695846 2.6812626 2.4459151 2.7993483 2.7709340 2.3235293 
Rhoesc_Res_004726-T1                                              1.4185477 1.3963557 1.3131712 1.3953953 1.3002209 1.4901653 1.6998641 1.2876806 1.2876806 1.3423136 1.3298328 1.3794234 1.4598675 1.5986194 1.4908384 1.5228359 1.5231413 1.5458165 1.3232245 1.6496407 1.5913422 1.2408309 1.2293058 1.9369847 1.9182971 2.3023798 2.0966080 1.9432574 1.8624285 1.5798383 1.7066917 1.7066917 0.9662748 0.0000000 0.0093763 0.2976935 1.1515526 1.5809251 2.1919654 2.1652078 1.9824718 2.0018314 1.8264663 1.8068087 1.5859924 1.9760529 1.8955985 3.2808594 2.1108792 1.5929046 1.4281844 1.8207592 1.9604025 2.0312822 2.0312822 1.9538289 1.9771267 2.6316932 1.9388715 2.7513868 2.1897086 2.0637557 2.3148332 2.2477329 1.6083827 1.6160416 1.5695152 1.5860010 1.6439810 1.6999463 1.7026510 2.0840710 2.0321132 2.1223104 2.2185958 2.1690023 2.1920610 2.4497099 2.2823469 2.4008196 2.0743181 2.3705080 2.8025262 2.5002791 2.5724251 2.6807536 2.6553516 
Rhoesc_Res_002767-T1                                              1.3962342 1.2700467 1.3150762 1.2242878 1.1826212 1.3383912 1.5948492 2.2523308 2.2523308 1.2237023 1.2575879 1.2209755 1.3150732 1.4931232 1.3826172 1.3711701 1.3478973 1.3843671 1.2928462 1.4674585 1.4689708 1.1446649 1.1585138 1.5694271 1.8634236 1.8253890 1.8494521 1.6614117 1.5763378 1.5930990 1.5488020 1.5488020 0.9034151 0.0093763 0.0000000 0.3605858 0.9445363 1.3075766 2.1376174 0.0000010 1.7664330 2.0053486 1.6684430 1.5816267 1.5723297 1.6265369 1.6749060 8.9999980 1.7817267 1.5920306 1.4274918 1.7151896 1.7361822 1.7660554 1.7660554 1.6577696 1.7593640 2.7614733 1.6632233 3.9678232 0.8904265 1.7992367 2.1001857 2.0256993 1.3547509 1.3824193 1.3261359 1.3429429 1.3744687 1.4111906 1.3900987 2.1396344 1.6279077 1.9690927 1.9042185 2.4752360 1.5941192 2.2219454 2.0861340 2.1011542 1.9848368 2.0509291 2.6364028 2.3530919 2.1497957 2.4935183 2.6407043 
Nemnom_g18482.t1                                                  1.6741473 1.4926954 1.3481634 1.4575981 1.3347634 1.5195151 1.7010226 1.4185395 1.7280897 1.4250801 1.4449697 1.5033647 1.5528371 1.7144723 1.6336719 1.6062420 1.6328028 1.5678909 1.4792364 1.7769752 1.7306800 1.4387582 1.4060254 2.0809227 2.0790629 2.6063815 2.0888160 2.0429751 1.8788175 1.6535952 1.8541242 1.8541242 1.0655189 0.2976935 0.3605858 0.0000000 1.3171823 1.7486440 2.2599529 2.2000942 2.0394673 2.0488608 1.8699358 1.9452520 1.8053603 2.0387400 2.0450196 3.3334050 2.3822662 1.7402204 1.6256541 2.0943800 2.2013268 2.4081285 2.4081285 2.2872494 2.3348411 2.9387300 2.2981723 3.0724328 2.8206661 2.3776969 2.5804784 2.5244608 1.8183568 1.7921826 1.7919088 1.8201030 1.7584551 1.8452513 1.7830850 2.4591312 2.0573722 2.3819986 2.5410326 2.5123911 1.9827599 2.6630775 2.2991429 2.5229210 2.2126164 2.4529165 2.8042605 2.5610163 2.9229349 2.9116241 2.7548164 
Morvir_scaffold429.g11.t1                                         1.4750640 1.1558910 1.1763437 1.3309907 1.2900061 1.3360327 1.5698263 1.6178486 1.6426652 1.2638006 1.2964447 1.3317402 1.3438412 1.4643024 1.5371856 1.5754233 1.4307609 1.5793661 1.5100860 1.5294004 1.5246433 1.2938173 1.2752489 1.7515565 2.1108004 2.2189769 2.0209408 1.9233645 1.8085385 1.5761183 1.7436213 1.7436213 1.2739111 1.1515526 0.9445363 1.3171823 0.0000000 1.5651114 2.1143149 2.7724893 1.9509111 2.0443446 1.8323043 1.7226551 1.5350525 1.8981507 1.7962236 3.2124140 2.2196106 1.5439608 1.4048501 1.8049587 2.1266987 2.2363906 2.2363906 2.1727276 2.2291712 3.0238005 2.2326009 3.1355543 2.9842950 2.1362634 2.4327855 2.3858098 1.8494758 1.7250521 1.7733243 1.7943442 1.7400310 1.8410852 1.7776492 2.6032347 1.8285641 2.5486930 2.4982099 2.4854860 2.1257627 2.4875302 2.3942810 2.3292120 2.0774283 2.6816947 2.8148631 2.5483154 2.8125336 2.7008063 2.7783043 
Tcas_TC031364_002                                                 1.4291305 1.0646279 1.1370786 1.2707735 1.1439865 1.3236550 1.4877253 1.5715718 1.8369563 1.3406795 1.2907986 1.3673000 1.2627396 1.1619933 1.0263837 1.1287249 0.9280334 1.1511196 1.2731899 1.2346638 1.2986791 1.7318945 1.6615216 1.9106316 1.8857478 2.2015645 1.9875122 2.0231139 1.7442328 1.3169294 1.8683072 1.8683072 1.6770635 1.5809251 1.3075766 1.7486440 1.5651114 0.0000000 1.9184537 2.1840502 1.7885696 2.3156173 1.7831488 1.6335597 1.5786031 1.9411416 1.6684993 3.1707206 2.1240315 1.4671476 1.3379361 1.8787325 2.1292830 2.1621217 2.1621217 2.0355614 2.1055976 2.6341701 2.1008912 2.9022395 2.6864278 2.2104721 2.2017190 2.1412823 1.6668176 1.5983473 1.6513512 1.6757214 1.5839726 1.6162515 1.5860745 1.9961390 1.1750138 2.6509475 2.6461256 2.5291407 1.8877553 2.5933464 2.3824198 2.3740437 1.9940497 2.6358628 2.9098265 2.5694082 2.7209689 2.7439883 2.7034552 
Emue_Em0021g830a.t1                                               2.5721661 1.8330663 1.8385458 1.7625959 1.7422633 1.8613556 1.8938111 1.9798073 1.9798073 1.8605604 1.7810750 1.9182317 1.9014375 1.8331045 1.7600837 2.0178959 1.9639663 1.8303697 1.7245384 1.8247382 2.0164998 2.1588959 2.2497914 2.1769421 1.9897136 2.4261471 2.3585239 2.1220450 1.9563908 1.4423694 1.8902515 1.8902515 2.4304883 2.1919654 2.1376174 2.2599529 2.1143149 1.9184537 0.0000000 0.3683145 0.2637951 1.3138948 1.1836198 1.0705350 1.3277547 1.5792288 1.5404116 2.7742519 2.3915712 1.7736912 1.8118777 2.4832332 2.4551145 2.2761817 2.2761817 2.2583469 2.4367446 2.7245184 2.3870313 2.7520558 2.0326092 2.2622682 2.4309153 2.3647728 2.1856806 2.2004913 2.1214335 2.1558068 2.1871135 2.2338826 2.1310554 1.4120936 2.5588306 2.4788998 2.4226937 2.1312471 2.5103478 2.6767230 2.6199847 2.4726067 2.1521689 2.7609398 2.9795614 2.4396720 2.5574891 2.6742751 2.7794662 
Spolac_c99278_g1_i1_m.19228c99278-g1                              0.0000010 2.7648104 0.0000010 2.1828567 2.5117968 2.1263378 2.1673778 1.7179399 1.7179399 1.9832084 2.1316070 1.9213906 1.9440715 2.0379376 2.4637484 2.7691828 2.6299383 2.3085826 2.0641809 2.0825435 2.2609121 2.5551904 2.4577195 3.6718452 0.0000010 4.1175786 2.7628873 2.7559507 2.5072340 0.9836622 2.3633475 2.3633475 2.7296173 2.1652078 0.0000010 2.2000942 2.7724893 2.1840502 0.3683145 0.0000000 0.0000010 0.0000010 1.3014278 1.0286148 0.6572590 1.8781498 1.7189074 3.3325407 3.3622145 0.0000010 0.0000010 9.0000000 3.1770824 2.7484813 2.7484813 2.7138830 2.7138830 2.7138830 2.7138830 2.7138830 2.6904658 2.4758556 2.7051277 2.6964282 2.5677154 2.7936535 2.6535593 2.7167668 2.5003451 2.4976312 2.5148594 1.0827104 6.5884354 2.9085654 3.0827560 2.0759013 2.6970287 3.0392054 2.8790556 2.6536702 2.6719702 3.2349431 4.8519263 2.6579048 4.1959938 3.2898744 0.0000010 
Spolac_c99278_g1_i2_m.19230c99278-g1                              1.2755537 1.5590073 1.2681515 1.6449453 1.6468602 1.7978478 1.9222717 1.8099828 1.8099828 1.5800949 1.6195888 1.7242525 1.6376261 1.7008679 1.7109460 1.9059653 1.7438956 1.7549984 1.6544665 1.8436713 1.8609104 2.0589097 2.2292851 1.9517929 1.6219984 2.2045529 2.1072214 1.9974559 1.7480690 1.2890708 1.7627762 1.7627762 2.2009826 1.9824718 1.7664330 2.0394673 1.9509111 1.7885696 0.2637951 0.0000010 0.0000000 1.1771857 1.0728278 1.0293219 1.1097361 1.4912390 1.3361594 3.1142355 2.4493306 1.5198226 1.5346918 2.3350156 2.3420710 2.3291715 2.3291715 2.3474170 2.3474170 2.9055207 2.3474170 3.0841112 2.4583817 2.2934665 2.3511088 2.3221599 2.0701039 2.0591270 2.0417333 2.0510579 2.0351103 2.0835595 2.0266110 1.2728238 2.3936158 2.5264040 2.5301260 1.9334770 2.5693321 2.5968352 2.5000012 2.4199365 2.1471563 2.4735962 2.6081024 2.2376470 2.5294103 2.7323383 2.3439912 
Tetwil_g1568.t1                                                   2.3417713 2.1550912 2.1082761 2.0246675 1.5442711 1.5056333 0.0000010 4.3256666 4.3256666 2.1689808 2.2739817 2.4365635 2.1606913 2.2327725 2.5188356 2.1085699 2.3364993 1.8962223 1.7038939 1.7017685 1.8145733 1.9850428 2.4359110 2.1528257 2.5057258 2.5992792 2.3901692 2.1913629 2.1801698 2.3674002 2.2221077 2.2221077 2.2674743 2.0018314 2.0053486 2.0488608 2.0443446 2.3156173 1.3138948 0.0000010 1.1771857 0.0000000 0.0177026 1.1872217 1.8381305 1.6704732 1.9165140 0.0000010 2.6472138 1.9599266 1.9599266 2.6511304 2.3814968 2.5059355 2.5059355 1.5111345 2.5568269 0.0000010 2.4421066 0.0000010 0.0000010 2.5618043 2.1960415 2.1648605 2.5596432 2.5867037 2.5742055 2.6398873 2.3337900 2.1953166 2.0777009 1.5622942 2.0198138 2.5234089 2.6477658 2.4464132 1.7586113 3.3548046 3.2232701 2.6101192 2.1087293 2.2345767 2.4569877 2.4569877 2.3853156 1.9644262 2.8434437 
