84
Nemnom_g14872.t1                                      0.0000000 0.5771102 0.9716275 1.2323269 2.0967932 2.1618749 2.2929461 2.2147172 2.1678836 2.0929383 2.0428514 1.7615080 2.0128698 1.9207151 1.9207151 2.0053944 2.0381715 1.6944801 1.6505646 1.7456821 1.6908048 1.6271275 1.9994166 1.5433937 1.6361067 1.5926732 2.2785034 1.5222201 1.8106319 1.2030458 1.5961429 1.4729548 1.7221561 1.9525487 2.1636297 1.7863307 2.0444698 1.9411646 1.8792663 2.1082447 1.9590816 1.7984507 1.9000330 1.8169758 1.8118519 1.9037734 1.8990300 1.7666500 1.7687430 2.0558193 2.5667183 2.8731309 2.9013901 2.5908512 3.5020996 2.6158079 2.6158079 3.0672111 3.0957823 2.8278522 2.7440266 2.6506609 4.4776899 3.7316652 2.2641755 2.8664950 2.9917134 2.2923215 2.4440629 2.5030360 2.9152545 2.7942018 2.8671366 2.5637369 8.9999987 2.9039668 3.3985275 2.7305120 2.6286032 2.7836072 2.6385295 3.0243197 2.7350862 2.7457382 
Rhoesc_Res_011061-T1                                  0.5771102 0.0000000 0.8035106 0.9148575 1.9612589 1.5150220 1.6145811 1.6985031 1.6210668 1.6736969 1.7739863 1.6911461 1.4876156 1.4729196 1.4729196 1.4071888 1.4542687 1.2079834 1.3294100 1.3441613 1.2908255 1.1673085 1.5467930 1.2276685 1.2133379 1.3058452 1.8153670 1.3234825 1.5262864 0.9047935 1.2875037 1.3359894 1.3070008 1.4169599 1.7428370 1.5747081 1.8452358 1.4302698 1.3578417 1.7644524 1.5308964 1.4120872 1.6516597 1.4133076 1.4963001 1.6081208 1.6024165 1.5363593 1.2607682 1.5229816 1.8902519 2.4473385 2.2197036 2.0494836 2.9168658 2.0614060 2.0614060 2.4897304 2.1545023 2.2130395 2.5435297 2.1424915 3.2028797 2.6968793 2.0022548 2.2550233 2.4403307 1.9382162 1.8245267 1.8340387 2.0466409 2.5435513 2.1786276 2.0256989 4.4337769 2.1028258 2.3239210 2.1935830 2.2782779 2.5118190 1.9171367 2.3454647 2.0454680 2.0025934 
Aaur_scaffold1553.g5.t3                               0.9716275 0.8035106 0.0000000 0.8055736 1.7500726 1.4293151 1.5046769 1.3893616 1.5605551 1.7054894 1.7706343 1.4140967 1.4005472 1.3439956 1.3439956 1.4613283 1.5717960 1.1423195 1.2798361 1.3098787 1.2840201 1.0805075 1.4308375 1.2167391 1.1544694 1.3124594 1.5764575 1.3868441 1.4360414 1.1321901 1.2793714 1.2100184 1.3107159 1.4802320 1.5909735 1.3737454 1.8718539 1.3986512 1.2824103 1.5869005 1.4861912 1.2924571 1.4757057 1.3256299 1.4351491 1.4162784 1.3943414 1.4899209 1.2364080 1.3182227 2.1881136 2.2647360 2.3768916 2.0065172 2.7508462 1.9670212 1.9670212 2.2936920 2.2233475 2.1663732 1.8784607 1.8949119 2.8658030 2.7016118 2.1488198 2.4493378 2.4634022 2.2459474 2.1811686 2.1322792 2.3815629 3.0398727 2.2340260 2.0438490 3.3765166 2.4814362 2.4286032 2.0437722 2.1017587 2.3171448 1.8613290 2.2549821 2.3447710 2.3107600 
Sanmal_Sma_024943-T1                                  1.2323269 0.9148575 0.8055736 0.0000000 1.8956313 1.5291846 1.6633296 1.5109059 1.7126607 1.9318809 1.9368237 1.6826094 1.5892876 1.4430980 1.4430980 1.6045109 1.6108680 1.3966711 1.5357313 1.4614408 1.4408193 1.2115954 1.5095326 1.3740073 1.2495275 1.2866519 1.6832907 1.6583539 1.5925324 1.1562671 1.4681151 1.5550997 1.5146053 1.5485514 1.7956806 1.6633533 1.5797862 1.3464245 1.2896425 1.6290051 1.8316265 1.4284203 1.6263924 1.5348984 1.6306710 1.6101987 1.5849849 1.3643745 1.3526422 1.7529718 1.9185491 2.4068991 2.4091164 2.3246165 2.5198117 2.0747211 2.0747211 2.6592212 2.7128455 2.4284008 2.1896162 2.1667958 3.0518462 2.8758509 2.4047598 2.6520280 2.3435590 2.0550646 2.1948579 2.2248554 2.2969746 2.7765135 2.1921551 2.1194335 4.0690016 2.2309049 2.6706995 2.1226247 2.2029183 2.4316460 1.9230750 2.2102507 2.0651484 2.0768492 
Stycar_maker-SC_scaffold6831-augustus-gene-0.6-mRNA-1 2.0967932 1.9612589 1.7500726 1.8956313 0.0000000 0.9082466 0.8461107 0.7573050 0.8632430 1.3374155 1.4090939 1.7034870 1.7653206 1.6207342 1.6207342 1.7650555 1.7469103 1.6053174 1.5158202 1.5891265 1.5450504 1.3527879 1.6383308 1.2923389 1.4500687 1.8362521 1.9241065 1.3189128 1.6749553 1.4994871 1.9203903 1.5439252 1.9485254 1.8152564 1.5215989 1.6802947 2.2433796 1.7637604 1.5323392 2.0144787 2.0319460 1.6945665 1.7825576 1.6911766 1.6843253 1.9424897 1.9424897 1.7422081 1.8962112 2.2057155 4.3709608 2.6034731 2.3277571 2.3169483 2.6745857 2.6802388 2.6802388 2.9176818 2.5219114 2.2158726 2.5146034 2.3084221 2.8709362 2.7443494 2.2076686 2.9439250 2.8258790 2.6324766 2.9110649 2.9110649 3.6231979 3.5325019 3.5916490 3.0188858 3.0969892 3.1058664 3.1533305 3.2035102 3.1965965 3.1892169 2.9662146 2.9886413 2.6576340 2.6576340 
Emue_Em0018g187a.t1                                   2.1618749 1.5150220 1.4293151 1.5291846 0.9082466 0.0000000 0.2070965 0.2151905 0.7844537 1.1787334 1.2267275 1.6255894 1.4402629 1.3648427 1.3648427 1.4994676 1.5545907 1.2872220 1.4529570 1.5504749 1.5783697 1.2878216 1.7176132 1.2406910 1.3150281 1.6491240 1.9151953 1.4316962 1.5865688 1.5917984 1.7072754 1.3329053 1.7532189 1.6602256 1.3433182 1.5592125 1.8555005 1.5257265 1.6006493 2.0723378 1.9269176 1.3886159 1.5819615 1.4809920 1.6014189 1.5815504 1.5691607 1.3160966 1.4723811 1.6674876 2.1854751 2.7704882 2.3311795 2.3341787 2.5083234 2.4007905 2.3936190 2.4269311 2.0554194 2.2022814 2.7345860 2.3969130 2.7646503 2.5753919 2.2462782 2.8275877 2.4628010 2.3374268 2.3549407 2.3549407 2.3826108 2.7540569 2.4519666 2.2538062 3.7002264 2.3277462 2.1550722 2.2364644 2.2706221 2.5914209 2.1191978 2.2426404 1.8947459 1.8830799 
Spolac_c104205_g2_i1_m.38837c104205-g2                2.2929461 1.6145811 1.5046769 1.6633296 0.8461107 0.2070965 0.0000000 0.0776236 0.8157709 1.2242552 1.3780887 1.8750836 1.4581784 1.4144693 1.4144693 1.6434896 1.6099693 1.5497609 1.5565079 1.6213927 1.6091990 1.3758459 1.8493001 1.3519612 1.4297347 1.8656816 2.0717851 1.4469945 1.6617429 1.6120435 1.7932885 1.4535475 1.8315975 1.8638386 1.4174780 1.6556345 1.8001332 1.5264098 1.6773399 2.2845876 2.0048113 1.4842519 1.6074391 1.5486406 1.6082746 1.6334125 1.6205130 1.3014439 1.5888444 1.7456692 2.3966764 2.6132115 2.1660856 2.2776565 2.7134846 2.3817699 2.3744351 2.6987134 2.2037281 2.1470414 2.6375420 2.2803376 3.0590061 2.5740065 2.4065258 2.9656203 2.3912240 2.6972498 2.5615951 2.5615951 2.7186826 3.0660480 2.7696474 2.4518764 3.0286916 2.5641024 2.4044432 2.2407735 2.2754964 2.6000687 2.1357607 2.4093884 2.0709493 2.0576214 
Spolac_c104205_g2_i2_m.38840c104205-g2                2.2147172 1.6985031 1.3893616 1.5109059 0.7573050 0.2151905 0.0776236 0.0000000 0.7440323 1.1858852 1.4045335 2.1475506 1.2075175 1.1581472 1.1581472 1.3726389 1.4104939 1.4487463 1.4235306 1.5282546 1.4576127 1.4372509 1.4849298 1.4276020 1.6682326 1.7613026 2.0257918 1.4495907 1.7094490 1.6120435 1.6684972 1.5735216 1.9251488 1.3940264 1.3814572 1.6260642 1.4276730 1.3006788 1.2197637 2.1388852 1.8105107 1.4300848 1.5658260 1.5218964 1.5999441 1.4892602 1.4670992 1.3456694 1.6401400 2.1228802 2.0449909 1.8901616 1.6684917 2.0574377 2.1839330 1.9981021 1.9848461 2.2231493 1.9216556 1.3666047 1.8720719 1.6629205 2.0559307 2.0559307 2.1453528 2.0628769 2.1244059 0.0000010 1.9493359 1.9493359 2.3310483 2.4927313 2.2685544 2.2958091 3.5920868 2.1468595 1.8271832 1.9305594 1.9773645 2.6624124 2.0093207 2.1560937 1.9585578 1.9585578 
Tetwil_g23933.t1                                      2.1678836 1.6210668 1.5605551 1.7126607 0.8632430 0.7844537 0.8157709 0.7440323 0.0000000 0.9789630 1.0754812 1.5738531 1.3800569 1.3278398 1.3278398 1.5053871 1.5450373 1.3892569 1.4522283 1.4273160 1.3137940 1.2941302 1.7221385 1.1677383 1.2344519 1.6276010 1.7537568 1.3924334 1.5989611 1.3446563 1.5753137 1.4035611 1.5829530 1.5627108 1.2966161 1.5442523 1.5478630 1.2677192 1.3584786 1.6694362 1.4157331 1.2966199 1.4795709 1.2521245 1.3364985 1.4377070 1.4327079 1.3965741 1.5309371 1.8278869 2.1676963 2.1876996 2.0801751 2.4597667 2.9235293 2.3827075 2.3837977 2.3906529 2.0360927 2.1928196 2.6271160 2.1847668 3.0121876 2.6322667 2.3761470 2.9686239 2.3498800 2.0502318 2.2723329 2.3134183 2.2170324 2.9761758 2.2766082 2.1313876 3.3044670 2.2359897 2.3209693 2.0793798 2.1354455 2.2513926 1.9749356 2.1772860 2.0096800 2.0190922 
Aque_Aqu2.1.28970_001                                 2.0929383 1.6736969 1.7054894 1.9318809 1.3374155 1.1787334 1.2242552 1.1858852 0.9789630 0.0000000 0.4117859 1.9574007 1.6675749 1.6411910 1.6411910 1.7669938 1.6735250 1.5568095 1.7109360 1.5918108 1.6615928 1.4345103 1.8195570 1.3870054 1.4670531 1.6094753 1.7300060 1.6506043 1.7046597 1.3533789 1.7051187 1.4526008 1.7603378 1.7664864 1.4725844 1.5083642 1.8292225 1.5701698 1.6284494 1.9961881 1.6367425 1.4715563 1.6673776 1.4404160 1.5370821 1.5724155 1.5615994 1.5380494 1.5955583 1.7461103 2.0700790 2.6500711 2.4649435 2.1256575 2.7768397 2.4085519 2.3859457 2.3282065 1.9038849 2.4065471 2.9005999 2.4129991 2.8531668 2.3337004 2.7189335 3.0432196 2.7021875 2.6776507 2.5365850 2.5482475 2.5609279 3.1582928 3.0197471 2.4922888 3.5749938 2.3483473 2.6939925 2.3666086 2.4426223 2.6550227 2.0878870 2.3824187 2.3019317 2.3058429 
Halamb_c39489_g2_i2m.11801                            2.0428514 1.7739863 1.7706343 1.9368237 1.4090939 1.2267275 1.3780887 1.4045335 1.0754812 0.4117859 0.0000000 1.6587143 1.4778223 1.3720517 1.3720517 1.5307678 1.5956900 1.4071809 1.6046552 1.6001787 1.5876605 1.3484132 1.7051004 1.2612541 1.4036769 1.6165430 1.7517055 1.6812293 1.5933553 1.3982742 1.6756859 1.4417979 1.7080892 1.9036580 1.5192458 1.5178437 1.6357633 1.4017772 1.4539730 1.8439482 1.6251225 1.4991281 1.7002897 1.4107031 1.5048246 1.5931283 1.5809976 1.4650555 1.7370799 1.6718122 2.2690068 2.7347664 2.2404662 2.1785456 2.7209968 2.4350365 2.4124028 2.3776087 1.9846446 2.6017963 2.7603067 2.4827070 2.6403047 2.2491338 2.3323743 2.9564915 2.3250962 2.4276411 2.6331854 2.6497150 2.5822497 2.8980409 2.9768296 2.4572719 2.9399679 2.2593613 2.5619195 2.2894154 2.3601164 2.3091346 2.1471851 2.4960534 2.1855971 2.1371462 
Clacor_Ccor_C541393_01                                1.7615080 1.6911461 1.4140967 1.6826094 1.7034870 1.6255894 1.8750836 2.1475506 1.5738531 1.9574007 1.6587143 0.0000000 0.8791389 0.8584752 0.8584752 0.9904898 0.8315383 1.3705756 1.4939351 1.3276608 1.3658531 1.3429202 1.7585955 1.2847458 1.3345269 1.5558481 2.6344406 1.6008323 1.1841375 0.3102780 1.5497625 1.3769880 1.4379295 1.6022326 1.7277548 1.4836446 1.4679261 1.2958911 1.2976881 1.4771331 1.5586756 1.6904607 1.7900111 1.6301461 1.6714620 1.9380325 1.9380325 1.6331188 1.7763983 1.7243368 2.1176058 3.0350322 2.8517781 2.4014475 3.4205593 2.7125984 2.7125984 2.7452395 8.9022434 2.2641403 1.9794243 1.9794243 3.0283961 3.2626135 2.6667968 2.7268888 2.7483229 1.9617676 3.2563698 3.2563698 2.8177080 3.1542048 3.0389101 2.3410484 5.0631001 3.6419438 2.9212792 2.1318504 2.1318504 2.1318504 1.9638766 2.3046948 2.5130231 2.5286144 
Lcom_lcpid98258                                       2.0128698 1.4876156 1.4005472 1.5892876 1.7653206 1.4402629 1.4581784 1.2075175 1.3800569 1.6675749 1.4778223 0.8791389 0.0000000 0.3716330 0.3716330 0.4257696 0.4340142 1.2441452 1.3061350 1.2835714 1.3147732 1.2131145 1.5713192 1.1961882 1.3493648 1.3840578 1.7758979 1.3474670 1.2066935 0.9872019 1.3248115 1.3478039 1.5101170 1.3673327 1.5588095 1.4095277 1.5524762 1.2699658 1.2006452 1.8502443 1.2776453 1.4206825 1.5797554 1.4146767 1.5307947 1.6069246 1.5960770 1.4304015 1.4571476 1.3724869 1.8201837 2.2135219 2.0049349 1.8356218 2.5564698 1.6836057 1.6819976 1.9462772 1.5496325 2.1440624 2.3275585 2.0867709 2.7570136 2.4726111 2.3713229 2.3553863 2.1398977 2.1238807 2.0636249 2.0691709 2.1257360 2.5823133 2.1657696 2.1719138 7.5947733 2.0066164 2.3730134 2.0604167 2.0852028 2.3199574 1.9648364 2.0734583 2.1031302 2.1335345 
Gracom_Gcom_scaffold10567_01                          1.9207151 1.4729196 1.3439956 1.4430980 1.6207342 1.3648427 1.4144693 1.1581472 1.3278398 1.6411910 1.3720517 0.8584752 0.3716330 0.0000000 0.0000010 0.3376918 0.3843470 1.1309952 1.2027063 1.2304184 1.2957155 1.0867859 1.4363329 1.1195003 1.3823065 1.3335753 1.5631008 1.3375094 1.0674981 0.8472602 1.3332004 1.2214656 1.3713590 1.3606894 1.4949839 1.3530045 1.5533115 1.2470518 1.1104301 1.8581935 1.2501090 1.3370447 1.5225532 1.3256409 1.4226512 1.4458145 1.4445732 1.3725145 1.4068008 1.3584499 1.5945487 2.2073277 1.9089485 1.9747165 2.4807555 1.8437787 1.8446131 2.1195464 1.9429293 2.0020194 2.1249526 1.9361727 2.3876344 2.1886743 2.3319549 2.4939366 2.0711603 1.9062709 2.2263596 2.2246451 2.2203224 2.7223540 2.1712125 2.0821421 8.3968169 1.9236498 2.4533647 2.2092106 2.2586535 2.3742770 2.0646765 2.0126372 1.9861822 1.9282731 
Gracom_Gcom_scaffold10568_01                          1.9207151 1.4729196 1.3439956 1.4430980 1.6207342 1.3648427 1.4144693 1.1581472 1.3278398 1.6411910 1.3720517 0.8584752 0.3716330 0.0000010 0.0000000 0.3376918 0.3843470 1.1309952 1.2027063 1.2304184 1.2957155 1.0867859 1.4363329 1.1195003 1.3823065 1.3335753 1.5631008 1.3375094 1.0674981 0.8472602 1.3332004 1.2214656 1.3713590 1.3606894 1.4949839 1.3530045 1.5533115 1.2470518 1.1104301 1.8581935 1.2501090 1.3370447 1.5225532 1.3256409 1.4226512 1.4458145 1.4445732 1.3725145 1.4068008 1.3584499 1.5945487 2.2073277 1.9089485 1.9747165 2.4807555 1.8437787 1.8446131 2.1195464 1.9429293 2.0020194 2.1249526 1.9361727 2.3876344 2.1886743 2.3319549 2.4939366 2.0711603 1.9062709 2.2263596 2.2246451 2.2203224 2.7223540 2.1712125 2.0821421 8.3968169 1.9236498 2.4533647 2.2092106 2.2586535 2.3742770 2.0646765 2.0126372 1.9861822 1.9282731 
Scil_scict009582.1                                    2.0053944 1.4071888 1.4613283 1.6045109 1.7650555 1.4994676 1.6434896 1.3726389 1.5053871 1.7669938 1.5307678 0.9904898 0.4257696 0.3376918 0.3376918 0.0000000 0.4505450 1.2264853 1.4061640 1.3625264 1.4345791 1.2367517 1.6544129 1.2066546 1.5190616 1.5189472 1.7653132 1.3524936 1.2560919 0.9388349 1.3705680 1.3610091 1.4373777 1.3686601 1.4329413 1.5095814 1.7043029 1.3970081 1.2339100 1.9343972 1.2935108 1.2736292 1.4509277 1.3180314 1.4048168 1.3719394 1.3707169 1.5108550 1.3585466 1.4945295 1.7587859 2.2905807 2.0019018 1.9451998 2.7621611 1.8307409 1.8315214 1.9572007 1.5930674 2.2630931 2.3980227 2.1619608 2.4719323 2.3000773 2.2395712 2.4126554 2.2531258 2.3366737 2.1930330 2.1912892 2.1781389 2.4936092 2.3087372 2.2756367 8.1397927 1.9142508 2.4409066 2.2942035 2.3478649 2.5052982 2.1238564 2.2560349 2.1100458 2.0736702 
Leuniv_Lniv_scaffold21352_01                          2.0381715 1.4542687 1.5717960 1.6108680 1.7469103 1.5545907 1.6099693 1.4104939 1.5450373 1.6735250 1.5956900 0.8315383 0.4340142 0.3843470 0.3843470 0.4505450 0.0000000 1.2485771 1.3333567 1.3953062 1.3779457 1.1744796 1.4392858 1.3747869 1.4323912 1.4489402 1.8397784 1.4453252 1.2682358 0.9798296 1.5172725 1.4420560 1.4839134 1.4349668 1.6602096 1.5351314 1.6810326 1.3877074 1.2416691 1.7670859 1.3075514 1.3039391 1.3763841 1.3553531 1.4020579 1.4664341 1.4612698 1.5396226 1.6070217 1.4988783 2.0576002 2.4285506 2.1740981 1.9490390 2.4813927 1.7789032 1.7795061 2.1550968 1.9463381 2.1202527 1.8939015 1.7763744 2.5687050 2.3718126 2.4096037 2.4203997 2.0816974 1.9544177 2.1892287 2.1523567 2.0286781 2.4273627 2.4386768 2.2667561 7.9835850 1.7586264 2.4276040 2.0274727 2.0456091 2.2190385 1.9037417 2.0945160 2.1274247 2.1267353 
Bralan_BLAG02001212_1                                 1.6944801 1.2079834 1.1423195 1.3966711 1.6053174 1.2872220 1.5497609 1.4487463 1.3892569 1.5568095 1.4071809 1.3705756 1.2441452 1.1309952 1.1309952 1.2264853 1.2485771 0.0000000 1.0250270 1.1137295 1.0874603 1.0456294 1.4065872 1.0265447 1.0058765 1.2552564 1.5184631 1.1180390 1.0567904 0.8205486 1.1401041 0.9702249 1.5193393 1.2073090 1.4943650 1.1096022 1.5713005 1.1919484 1.0383059 1.3726379 1.3062439 1.4390960 1.5874275 1.3976458 1.5009169 1.3897931 1.3794848 1.3347215 1.4498616 1.1051963 1.8649740 2.2262573 2.0609308 1.8892551 2.6023226 1.7606545 1.7801688 2.3833632 2.0845145 2.3293168 1.9795496 1.8189749 2.5288011 2.4212931 1.8863894 2.3619129 2.3872107 1.7253522 2.2353582 2.2297020 2.1907271 2.3340844 2.2446416 1.9836436 2.8839737 1.9650271 2.0880821 2.1023097 2.1615609 2.2166000 1.9636496 2.1159616 1.9183758 1.9150407 
Spis_XP_022809093_1                                   1.6505646 1.3294100 1.2798361 1.5357313 1.5158202 1.4529570 1.5565079 1.4235306 1.4522283 1.7109360 1.6046552 1.4939351 1.3061350 1.2027063 1.2027063 1.4061640 1.3333567 1.0250270 0.0000000 0.5281958 0.4359824 0.6143089 0.8329255 0.8474578 0.8970549 1.1348593 1.4936745 1.3319568 1.2328467 0.9360435 1.2970778 1.0588878 1.5224239 1.4729541 1.3998864 1.5125180 1.6975474 1.3816089 1.2279357 1.5351253 1.4820258 1.3936217 1.5654760 1.3284021 1.4445546 1.4044309 1.4068814 1.4541613 1.2989591 1.5891068 2.1633340 2.1544991 2.0847892 1.6877476 2.5564994 1.9826006 1.9729289 2.2389506 1.6119772 1.9092680 2.1735820 1.8596824 2.3752269 2.3056430 2.1837367 2.3699502 2.2754679 1.7679885 1.9628314 1.9436570 2.2001942 2.5210025 2.2402316 2.0863241 6.1521297 2.3649486 2.4685947 2.3338522 2.4105371 2.6291633 2.1718727 2.3423646 2.1244414 2.1044021 
Gasp_gasp1.m3.20563.m1                                1.7456821 1.3441613 1.3098787 1.4614408 1.5891265 1.5504749 1.6213927 1.5282546 1.4273160 1.5918108 1.6001787 1.3276608 1.2835714 1.2304184 1.2304184 1.3625264 1.3953062 1.1137295 0.5281958 0.0000000 0.2929812 0.4760838 0.6577146 0.8354580 0.9074255 1.0811456 1.3836890 1.3225205 1.3295183 1.1091690 1.3605104 1.1216466 1.3097901 1.5445414 1.4113102 1.4518615 1.6446046 1.2795938 1.1496517 1.3894511 1.5414062 1.2434011 1.4614214 1.2564238 1.3550215 1.3278034 1.3188531 1.4706733 1.1881926 1.4479582 2.0240920 2.3457893 2.0586951 1.5967250 2.2692552 1.9202187 1.9104217 2.1199041 1.4574856 2.0725808 2.0807886 1.8138267 2.3978183 2.2381855 2.2352157 2.5343853 2.1124029 1.8020696 1.8212037 1.8387413 2.1165791 2.1597327 2.3536721 2.1738903 5.5580430 2.1313635 2.2878870 2.0515178 2.1079866 2.2537142 2.0283932 2.2107942 1.9936641 1.9975781 
Fspp_ffun1.m4.19845.m1                                1.6908048 1.2908255 1.2840201 1.4408193 1.5450504 1.5783697 1.6091990 1.4576127 1.3137940 1.6615928 1.5876605 1.3658531 1.3147732 1.2957155 1.2957155 1.4345791 1.3779457 1.0874603 0.4359824 0.2929812 0.0000000 0.4518790 0.6375895 0.7963577 0.8793476 1.1219922 1.4854694 1.4109623 1.3014301 1.1308311 1.4051063 1.1864994 1.5092536 1.6032833 1.5123894 1.5334924 1.6909947 1.3131719 1.2354527 1.7067801 1.4895881 1.2707944 1.5002821 1.2889140 1.3983027 1.4674285 1.4624595 1.4116424 1.2563375 1.5421752 2.1134834 2.2408830 2.1306545 1.7352110 2.2891579 1.9779570 1.9679474 2.1691310 1.6153802 2.0389936 2.1726067 1.8232740 2.4404603 2.1885787 2.2541607 2.4458639 2.2931093 1.9563955 1.8215194 1.8308058 1.9428163 2.2170208 2.3971313 2.2320738 5.8056095 2.1599290 2.3828737 2.2239912 2.2920838 2.4658678 2.1186548 2.2968105 2.0090793 1.9752119 
Amil_Amillepora27560-RA                               1.6271275 1.1673085 1.0805075 1.2115954 1.3527879 1.2878216 1.3758459 1.4372509 1.2941302 1.4345103 1.3484132 1.3429202 1.2131145 1.0867859 1.0867859 1.2367517 1.1744796 1.0456294 0.6143089 0.4760838 0.4518790 0.0000000 0.0919675 0.7892626 0.8960628 0.9755326 1.2659806 1.1245016 1.1637124 0.9761739 1.1759963 1.0103759 1.1975044 1.4330618 1.2513493 1.2622385 1.3219080 1.0989667 1.0904819 1.2519792 1.3226330 0.9390281 1.0879588 0.9915664 1.0730210 1.1663171 1.1686488 1.3414111 1.2255019 1.2355886 1.7981669 2.1353593 2.1509449 1.4334102 2.0831344 1.8997735 1.9009078 1.8436190 1.4941234 2.0044590 2.0418025 1.8667204 2.2683730 2.1411799 1.9494568 2.2236960 1.8350423 1.3503591 1.7394749 1.7394749 2.0271833 2.2163448 2.2732169 1.9721917 4.0595694 1.8433405 2.2810152 1.9145304 1.9691767 2.0333426 1.7960309 1.8982074 1.8994489 1.8684509 
Adig_XM_015908543.1                                   1.9994166 1.5467930 1.4308375 1.5095326 1.6383308 1.7176132 1.8493001 1.4849298 1.7221385 1.8195570 1.7051004 1.7585955 1.5713192 1.4363329 1.4363329 1.6544129 1.4392858 1.4065872 0.8329255 0.6577146 0.6375895 0.0919675 0.0000000 1.0261769 1.1633863 1.3006530 1.5017191 1.5497329 1.4960142 0.9814987 1.4457464 1.2303726 1.4510621 1.7464598 1.5951490 1.6722950 1.7253693 1.3245058 1.4633975 2.2435295 1.6803697 1.2636104 1.4622999 1.3102777 1.4249001 1.4868117 1.4893757 1.6949509 1.5459632 1.6506285 1.8869095 2.3103478 2.3463392 1.6748906 2.4646765 2.2152058 2.2175664 2.1512595 1.6239312 2.3757722 2.3518615 2.0703249 2.5948351 2.1742864 2.1449797 2.3214879 2.4221908 2.9856956 1.8001481 1.8001481 2.0734113 2.2523409 2.2828778 2.5698982 6.3264688 1.8848718 2.5638347 2.5225425 2.6151088 3.0528093 2.3209338 2.4342936 2.3299846 2.3360445 
Exapal_XM_021042095.2                                 1.5433937 1.2276685 1.2167391 1.3740073 1.2923389 1.2406910 1.3519612 1.4276020 1.1677383 1.3870054 1.2612541 1.2847458 1.1961882 1.1195003 1.1195003 1.2066546 1.3747869 1.0265447 0.8474578 0.8354580 0.7963577 0.7892626 1.0261769 0.0000000 0.5320625 0.8868709 1.2535641 1.1275680 1.0943086 0.9117417 1.0769757 1.0917262 1.2628001 1.3495637 1.1456178 1.2259687 1.4199014 1.1964577 1.0910269 1.5630574 1.2917875 1.2264172 1.3186547 1.1926832 1.2634642 1.2721968 1.2698390 1.2825279 1.1174268 1.2965394 1.9246961 2.5227468 2.3640334 1.7251795 2.0541347 1.8431835 1.8642809 2.1433577 1.5691073 1.8516344 2.1347715 1.9156700 2.5201417 2.1792643 1.7373670 2.0967628 1.9134166 1.4839213 1.6384741 1.6675458 1.8269257 2.1659272 1.8019375 1.6695262 4.9611854 1.8415786 1.8525527 1.8866533 1.9018245 1.9899725 1.6979553 1.6719513 1.7912807 1.7442520 
Nvec_v1g240179                                        1.6361067 1.2133379 1.1544694 1.2495275 1.4500687 1.3150281 1.4297347 1.6682326 1.2344519 1.4670531 1.4036769 1.3345269 1.3493648 1.3823065 1.3823065 1.5190616 1.4323912 1.0058765 0.8970549 0.9074255 0.8793476 0.8960628 1.1633863 0.5320625 0.0000000 1.0219639 1.2154599 1.1919103 1.1477758 0.9709592 1.2345241 1.0457646 1.2759965 1.5211065 1.2948553 1.4653739 1.3164881 1.1766441 1.2673774 1.6455398 1.4757530 1.2009005 1.3645743 1.1658424 1.2547547 1.1918676 1.1836947 1.3978772 1.1567829 1.2727438 1.9864085 2.2624434 2.1227639 1.7211150 2.3912481 1.9250735 1.9262111 2.2504732 1.6984827 2.2300881 2.2722495 2.1357734 2.6778919 2.3012989 1.9919943 2.1144079 2.0811823 1.7898738 1.9484935 1.9592685 2.0554756 2.6321150 2.2668522 2.0026114 3.6131972 2.0229562 1.9948107 1.8122149 1.8560545 2.0601546 1.7104339 1.9927584 1.9784267 1.9410295 
Dgig_XM_028554250.1                                   1.5926732 1.3058452 1.3124594 1.2866519 1.8362521 1.6491240 1.8656816 1.7613026 1.6276010 1.6094753 1.6165430 1.5558481 1.3840578 1.3335753 1.3335753 1.5189472 1.4489402 1.2552564 1.1348593 1.0811456 1.1219922 0.9755326 1.3006530 0.8868709 1.0219639 0.0000000 0.9020027 1.3618501 1.2915465 1.3014742 1.4041332 1.3848146 1.3145408 1.4809845 1.3492946 1.4614338 1.5868226 1.2492619 1.3239234 1.6678566 1.6130319 1.3991539 1.6215004 1.3985600 1.4872179 1.3639232 1.3611682 1.3737447 1.3740567 1.6049713 2.0631252 2.4852005 2.4274215 2.0857293 2.8320171 2.1865635 2.2144347 2.6216085 2.1133332 2.2996790 2.5113303 2.2045399 2.8137364 2.6052178 2.3061292 2.5305823 2.5913733 1.6615190 1.6258847 1.6258847 1.7488397 2.1632781 1.9972176 1.9101183 5.6935447 1.6813584 2.0411239 1.8163693 1.8615454 1.9752728 1.6610341 1.7237185 1.6740383 1.6807310 
Xesp_005218-T1                                        2.2785034 1.8153670 1.5764575 1.6832907 1.9241065 1.9151953 2.0717851 2.0257918 1.7537568 1.7300060 1.7517055 2.6344406 1.7758979 1.5631008 1.5631008 1.7653132 1.8397784 1.5184631 1.4936745 1.3836890 1.4854694 1.2659806 1.5017191 1.2535641 1.2154599 0.9020027 0.0000000 1.8639326 1.5567878 1.4325895 1.7353382 1.6083462 1.5515884 2.0655233 1.7434777 1.7391447 1.9577424 1.5468775 1.6429640 2.1447544 1.7050261 1.3953097 1.6264811 1.4533231 1.5626023 1.5107164 1.5175917 1.6722351 1.9913133 1.8244223 2.3282054 2.5981568 2.6129588 2.3870042 2.7931021 2.2125273 2.2125273 2.2920215 1.8113232 2.7643798 3.1091201 2.5490804 3.0492322 2.6594533 2.4850238 3.0287506 2.6151901 2.5450718 2.0249232 2.0249232 1.9986664 2.8921057 2.1205803 2.2233702 5.5220143 1.8209274 2.3248399 2.3293572 2.4099664 2.9744527 2.1198598 2.2655557 2.3208021 2.2748078 
Acagra_model.g15137.t1                                1.5222201 1.3234825 1.3868441 1.6583539 1.3189128 1.4316962 1.4469945 1.4495907 1.3924334 1.6506043 1.6812293 1.6008323 1.3474670 1.3375094 1.3375094 1.3524936 1.4453252 1.1180390 1.3319568 1.3225205 1.4109623 1.1245016 1.5497329 1.1275680 1.1919103 1.3618501 1.8639326 0.0000000 1.1779535 0.9805618 1.2429995 1.1587114 1.4410083 1.4689495 1.5655367 1.4211694 1.7040853 1.4925452 1.4684041 2.1301758 1.5109548 1.3018561 1.3867204 1.2823673 1.3054391 1.3951123 1.3856922 1.4425610 1.7010243 1.4670351 2.4438858 2.4041467 2.2443881 2.4484977 3.0052853 1.9494031 1.9377162 2.8223181 2.7103255 2.3966433 2.5726241 2.2034505 2.9846720 2.8592477 2.2694650 2.7907908 2.4361834 1.9565676 1.9152635 1.9049989 1.9222259 1.9110004 1.9655937 1.9208746 5.0426618 1.9375493 2.3454796 2.0141238 2.0447599 2.2471069 2.0358966 1.8945578 1.8532038 1.8481400 
Cgig_XM_011446143.3                                   1.8106319 1.5262864 1.4360414 1.5925324 1.6749553 1.5865688 1.6617429 1.7094490 1.5989611 1.7046597 1.5933553 1.1841375 1.2066935 1.0674981 1.0674981 1.2560919 1.2682358 1.0567904 1.2328467 1.3295183 1.3014301 1.1637124 1.4960142 1.0943086 1.1477758 1.2915465 1.5567878 1.1779535 0.0000000 0.9251650 1.1315727 1.1987617 1.4479998 1.5407873 1.6024673 1.3575825 1.7288824 1.5204843 1.3251145 1.4648254 1.3543587 1.3221494 1.4410638 1.2543465 1.3103110 1.3392181 1.3379811 1.2643531 1.6889872 1.3304843 2.0227614 2.1187410 2.0199658 2.4473941 2.6498734 1.8193278 1.8395025 2.6395743 2.7053015 2.2008723 2.1799412 1.9765048 2.7040200 2.4535956 1.9987307 2.1739287 2.4609833 1.7241865 1.9324180 1.8627292 1.9282697 2.6142025 2.0563645 1.8676904 5.6149847 1.8195178 2.1467044 1.6048236 1.6005840 1.6591433 1.5103222 1.6138430 1.8173690 1.8366668 
Ctel_gnl_WGS_AMQN_CAPTEDRAFT_mRNA199555               1.2030458 0.9047935 1.1321901 1.1562671 1.4994871 1.5917984 1.6120435 1.6120435 1.3446563 1.3533789 1.3982742 0.3102780 0.9872019 0.8472602 0.8472602 0.9388349 0.9798296 0.8205486 0.9360435 1.1091690 1.1308311 0.9761739 0.9814987 0.9117417 0.9709592 1.3014742 1.4325895 0.9805618 0.9251650 0.0000000 0.0499515 0.8982932 1.0398479 0.7445150 1.5216729 0.8971872 1.0556204 0.8737423 0.8314926 0.9078222 0.8252718 1.0676197 1.0886624 1.0423796 1.0861437 0.9038370 0.9014295 0.9757843 1.0005713 0.8602082 1.7880839 1.7933640 1.6522325 1.5637607 1.9508612 1.4733156 1.4733156 2.1374187 2.3857036 1.7207913 1.6741796 1.7215670 2.0997828 2.0997828 1.7877486 1.6425368 2.1240994 0.0000010 1.7134576 1.7134576 1.8112021 1.8125035 1.8369267 1.8543449 6.9162188 1.8521861 1.6302541 1.6578297 1.7153009 2.1133372 1.5728010 1.5584109 1.4856187 1.4856187 
Ctel_gnl_WGS_AMQN_CAPTEDRAFT_mRNA212153               1.5961429 1.2875037 1.2793714 1.4681151 1.9203903 1.7072754 1.7932885 1.6684972 1.5753137 1.7051187 1.6756859 1.5497625 1.3248115 1.3332004 1.3332004 1.3705680 1.5172725 1.1401041 1.2970778 1.3605104 1.4051063 1.1759963 1.4457464 1.0769757 1.2345241 1.4041332 1.7353382 1.2429995 1.1315727 0.0499515 0.0000000 1.0993811 1.4014859 1.3476168 1.8945032 1.3017833 1.4644905 1.1173422 1.3369984 1.8553133 1.3638695 1.3762526 1.5259688 1.2580535 1.3330022 1.4198400 1.4170176 1.4138615 1.5658049 1.2996803 1.6721575 2.7586811 2.3814775 2.2709975 3.0616026 2.3374594 2.3374594 2.7030364 2.1905333 2.4525681 2.5778515 2.2785536 3.4648011 2.8908300 2.4637026 3.1215201 2.4456408 2.3911162 2.2032699 2.1704076 2.2501514 2.7004579 2.3133034 2.1454247 3.5848776 2.6340094 2.3091469 2.3639951 2.4371090 2.9027533 2.0911116 2.3468297 2.0983099 2.1556405 
Skow_XM_002741587.2                                   1.4729548 1.3359894 1.2100184 1.5550997 1.5439252 1.3329053 1.4535475 1.5735216 1.4035611 1.4526008 1.4417979 1.3769880 1.3478039 1.2214656 1.2214656 1.3610091 1.4420560 0.9702249 1.0588878 1.1216466 1.1864994 1.0103759 1.2303726 1.0917262 1.0457646 1.3848146 1.6083462 1.1587114 1.1987617 0.8982932 1.0993811 0.0000000 1.4017629 1.3550761 1.4071829 1.0408489 1.5431023 1.2716801 1.2742449 1.5491388 1.4199496 1.4143896 1.5925778 1.3918596 1.4724309 1.3688855 1.3586059 1.0496915 1.7101023 1.1700413 1.6501521 2.0679477 1.9281866 1.8318331 2.4559993 1.9095833 1.9002161 2.4359921 2.2759688 2.2218254 2.2272575 1.9127251 2.3724608 2.1807139 2.1450562 2.2759641 2.2760052 1.6184351 2.1328855 2.1328855 2.0639864 2.2308213 2.1327960 1.8718291 3.5746676 1.9806561 2.0975174 1.9910349 2.0458373 2.1664724 1.8353988 2.1520075 1.9364414 1.9639699 
Hvul_g14178_1                                         1.7221561 1.3070008 1.3107159 1.5146053 1.9485254 1.7532189 1.8315975 1.9251488 1.5829530 1.7603378 1.7080892 1.4379295 1.5101170 1.3713590 1.3713590 1.4373777 1.4839134 1.5193393 1.5224239 1.3097901 1.5092536 1.1975044 1.4510621 1.2628001 1.2759965 1.3145408 1.5515884 1.4410083 1.4479998 1.0398479 1.4014859 1.4017629 0.0000000 1.6184755 1.4187302 1.5147130 1.6143934 1.4553278 1.4704707 1.6863905 1.7888386 1.3661700 1.6229265 1.3352387 1.4168815 1.3925700 1.3925700 1.5657545 1.3969764 1.5791692 2.1086088 2.9835589 2.6176111 1.9776212 2.7214771 2.1848709 2.1848709 2.3166654 1.8293875 2.3832529 2.4976325 2.1579081 2.5729002 2.5695753 2.4430163 2.6635221 2.3839648 1.9340213 1.7525323 1.7525323 1.6534107 2.6332773 2.2019191 1.8722518 5.4375495 1.6964282 2.0231892 1.8828202 1.9725980 2.2323014 1.7602598 1.6902925 1.6355901 1.6575077 
Dpul_mRNA3434                                         1.9525487 1.4169599 1.4802320 1.5485514 1.8152564 1.6602256 1.8638386 1.3940264 1.5627108 1.7664864 1.9036580 1.6022326 1.3673327 1.3606894 1.3606894 1.3686601 1.4349668 1.2073090 1.4729541 1.5445414 1.6032833 1.4330618 1.7464598 1.3495637 1.5211065 1.4809845 2.0655233 1.4689495 1.5407873 0.7445150 1.3476168 1.3550761 1.6184755 0.0000000 1.6810527 1.4086814 1.5536498 1.3702123 1.2654604 1.8108711 1.3824315 1.6106998 1.8319026 1.5785082 1.6886752 1.7317442 1.7281348 1.4726887 1.5584239 1.5575164 1.8222588 2.2036201 2.1301013 2.5808345 2.7748375 1.9807846 1.9820887 2.9519148 2.5066774 2.1405868 1.9488788 1.8822893 2.7298661 2.3874913 2.4338340 2.6874299 2.7053547 1.9196555 2.0591853 2.0301676 2.3008839 2.6893664 2.1465849 2.0251170 8.6787441 2.0378461 2.0169750 1.8203936 1.8712467 1.9556987 1.7636309 1.8121196 2.0338007 1.9983023 
Plespi_Pspi_C598804_01                                2.1636297 1.7428370 1.5909735 1.7956806 1.5215989 1.3433182 1.4174780 1.3814572 1.2966161 1.4725844 1.5192458 1.7277548 1.5588095 1.4949839 1.4949839 1.4329413 1.6602096 1.4943650 1.3998864 1.4113102 1.5123894 1.2513493 1.5951490 1.1456178 1.2948553 1.3492946 1.7434777 1.5655367 1.6024673 1.5216729 1.8945032 1.4071829 1.4187302 1.6810527 0.0000000 1.4850625 1.5457998 1.4069780 1.4726954 1.8031572 1.8209932 1.5119807 1.6860279 1.5512532 1.6370499 1.5460065 1.5350199 1.5162534 1.8964905 1.7134940 2.2598077 2.3061843 2.1624209 1.8903695 2.7808163 2.5506316 2.5506316 2.4883124 2.3011382 2.4960008 2.9582241 2.7052249 3.0024594 2.7945223 2.4757737 2.5381925 2.4216778 1.7997735 2.3917612 2.3917612 2.3824767 3.1126703 2.3301613 1.9548365 2.9972438 2.4473240 2.1366356 2.2191859 2.2902624 2.4327454 2.1204080 2.2614232 2.4443136 2.3706821 
Spur_XM_030975576.1                                   1.7863307 1.5747081 1.3737454 1.6633533 1.6802947 1.5592125 1.6556345 1.6260642 1.5442523 1.5083642 1.5178437 1.4836446 1.4095277 1.3530045 1.3530045 1.5095814 1.5351314 1.1096022 1.5125180 1.4518615 1.5334924 1.2622385 1.6722950 1.2259687 1.4653739 1.4614338 1.7391447 1.4211694 1.3575825 0.8971872 1.3017833 1.0408489 1.5147130 1.4086814 1.4850625 0.0000000 1.6422775 1.3422298 1.5079360 1.9198516 1.5748552 1.4753088 1.6209943 1.4419701 1.5431369 1.5878901 1.5633288 1.4422086 1.7938154 1.4279866 1.7901308 2.6016138 2.3302992 2.3317543 2.2718264 2.2218086 2.2218086 2.6270345 2.5129364 2.4089785 2.7122295 2.5273281 2.5367856 2.4215398 2.7147185 2.6977536 2.4528988 2.5723632 2.4038597 2.3567843 2.1228278 2.4410496 2.0261119 2.0311105 3.6260414 2.1619715 2.3725652 2.3740353 2.4453667 2.5689463 2.0980682 2.3197509 2.0294850 2.0030132 
Ocar_g6340                                            2.0444698 1.8452358 1.8718539 1.5797862 2.2433796 1.8555005 1.8001332 1.4276730 1.5478630 1.8292225 1.6357633 1.4679261 1.5524762 1.5533115 1.5533115 1.7043029 1.6810326 1.5713005 1.6975474 1.6446046 1.6909947 1.3219080 1.7253693 1.4199014 1.3164881 1.5868226 1.9577424 1.7040853 1.7288824 1.0556204 1.4644905 1.5431023 1.6143934 1.5536498 1.5457998 1.6422775 0.0000000 0.0242049 1.1708257 1.6677114 1.6329650 1.5942604 1.6948249 1.6284281 1.6708407 1.8642983 1.8587520 1.5825095 1.9221090 1.7523576 2.4218018 3.2975336 2.6168025 2.4426085 3.3588500 2.8978727 2.8978727 2.6550487 2.4381247 2.6583706 2.6018832 2.4615104 3.0837226 2.2806145 2.6796867 2.8489854 2.5814519 3.1101774 2.9908479 3.1089699 3.1870976 3.2246018 3.2764538 3.2958563 8.9999989 3.0307588 3.1123869 2.6477489 2.6477489 2.7565730 2.5226598 2.8097429 2.9704444 2.9866208 
Opea_EP00118_Oscarella_pearsei_P019299                1.9411646 1.4302698 1.3986512 1.3464245 1.7637604 1.5257265 1.5264098 1.3006788 1.2677192 1.5701698 1.4017772 1.2958911 1.2699658 1.2470518 1.2470518 1.3970081 1.3877074 1.1919484 1.3816089 1.2795938 1.3131719 1.0989667 1.3245058 1.1964577 1.1766441 1.2492619 1.5468775 1.4925452 1.5204843 0.8737423 1.1173422 1.2716801 1.4553278 1.3702123 1.4069780 1.3422298 0.0242049 0.0000000 0.8962929 1.4303753 1.4226873 1.3234795 1.5151886 1.3274122 1.4131857 1.5091861 1.5059008 1.3312603 1.5249453 1.3755851 1.9206288 2.4436974 2.1227142 2.0698951 2.9035690 2.3499899 2.3499899 2.1130902 1.7320552 2.3110433 2.3836898 2.1636723 2.8359894 2.1254377 2.2028386 2.8028344 2.3490715 2.5832867 2.2568778 2.3087242 2.4440651 3.1096679 2.2813836 2.3830340 3.9517726 2.3366100 2.5952289 2.2052473 2.2671683 2.4618763 2.0718567 2.2790696 2.1760455 2.1812500 
Plajan_Pjan_scaffold18457_01                          1.8792663 1.3578417 1.2824103 1.2896425 1.5323392 1.6006493 1.6773399 1.2197637 1.3584786 1.6284494 1.4539730 1.2976881 1.2006452 1.1104301 1.1104301 1.2339100 1.2416691 1.0383059 1.2279357 1.1496517 1.2354527 1.0904819 1.4633975 1.0910269 1.2673774 1.3239234 1.6429640 1.4684041 1.3251145 0.8314926 1.3369984 1.2742449 1.4704707 1.2654604 1.4726954 1.5079360 1.1708257 0.8962929 0.0000000 0.0293117 1.3387494 1.2851613 1.4276491 1.2570806 1.3358230 1.4148211 1.4135804 1.4490598 1.4574183 1.3550991 1.9078097 2.2108665 2.0918228 1.8800557 2.4901748 1.9913573 1.9913573 1.9987534 2.0605664 2.0282366 1.9507388 1.7912742 2.4585959 1.9884573 1.9642555 2.4098303 2.2292987 2.0424010 2.2799772 2.2485687 2.4184741 2.9015969 2.3011960 2.0821215 3.4245339 2.1536280 2.3366121 2.0434668 2.1072863 2.3039369 1.8969824 1.9191610 2.0908391 2.0906274 
Plajan_Pjan_scaffold18458_01                          2.1082447 1.7644524 1.5869005 1.6290051 2.0144787 2.0723378 2.2845876 2.1388852 1.6694362 1.9961881 1.8439482 1.4771331 1.8502443 1.8581935 1.8581935 1.9343972 1.7670859 1.3726379 1.5351253 1.3894511 1.7067801 1.2519792 2.2435295 1.5630574 1.6455398 1.6678566 2.1447544 2.1301758 1.4648254 0.9078222 1.8553133 1.5491388 1.6863905 1.8108711 1.8031572 1.9198516 1.6677114 1.4303753 0.0293117 0.0000000 1.6878192 1.7945635 1.8792416 1.7104168 1.7085708 1.9903560 1.9903560 2.0066723 1.9161210 1.6362203 3.3292224 3.3292107 2.9559227 3.0398785 4.2641402 3.3651755 3.3651755 2.9113228 4.9002913 2.5149521 2.0245742 2.1309563 4.4272519 4.4861963 3.6714616 4.0496297 3.0243764 2.0424010 3.6538837 3.5422230 3.2047853 3.9524261 3.4586761 2.2465349 6.1545282 3.4698285 2.7887636 2.2343998 2.1754822 2.2735151 2.0770208 2.1026777 2.5507277 2.5557338 
Tcas_TC003169_001                                     1.9590816 1.5308964 1.4861912 1.8316265 2.0319460 1.9269176 2.0048113 1.8105107 1.4157331 1.6367425 1.6251225 1.5586756 1.2776453 1.2501090 1.2501090 1.2935108 1.3075514 1.3062439 1.4820258 1.5414062 1.4895881 1.3226330 1.6803697 1.2917875 1.4757530 1.6130319 1.7050261 1.5109548 1.3543587 0.8252718 1.3638695 1.4199496 1.7888386 1.3824315 1.8209932 1.5748552 1.6329650 1.4226873 1.3387494 1.6878192 0.0000000 1.6224828 1.8201081 1.5853747 1.6979678 1.7122008 1.7110140 1.3825323 1.5833429 1.4302883 1.7023359 2.7047845 2.4029856 2.4348892 2.8739138 2.4485313 2.4485313 2.7477794 2.3290372 2.4860116 2.4394127 2.3195941 3.1041126 2.7185748 2.5485113 2.9064437 2.8663861 2.1422090 2.0155522 2.0010174 1.9565158 2.3382691 2.2099130 2.0153221 4.8909538 1.9475747 2.1159118 2.0650527 2.1317974 2.1415563 1.8454868 2.2233613 2.2896080 2.2506941 
HoiH23_PlH23_005710-RA                                1.7984507 1.4120872 1.2924571 1.4284203 1.6945665 1.3886159 1.4842519 1.4300848 1.2966199 1.4715563 1.4991281 1.6904607 1.4206825 1.3370447 1.3370447 1.2736292 1.3039391 1.4390960 1.3936217 1.2434011 1.2707944 0.9390281 1.2636104 1.2264172 1.2009005 1.3991539 1.3953097 1.3018561 1.3221494 1.0676197 1.3762526 1.4143896 1.3661700 1.6106998 1.5119807 1.4753088 1.5942604 1.3234795 1.2851613 1.7945635 1.6224828 0.0000000 0.0674801 0.1232048 0.1401481 0.2932164 0.2867565 1.3735921 1.3952588 1.4615829 1.8630282 2.3988372 2.4179259 2.0749990 2.4169935 1.9223461 1.9235099 1.7660191 1.2801327 2.1439222 2.7145173 2.1050012 2.7039384 2.3853557 2.1456574 2.5383325 2.0531159 2.3346359 2.0714516 2.0450132 2.0164783 2.7270552 2.1418300 2.0436034 2.8250884 1.8235586 2.0359088 1.8658617 1.9132368 2.3411683 1.7596389 2.0646517 1.8455235 1.8550909 
HoiH06_mRNA2094                                       1.9000330 1.6516597 1.4757057 1.6263924 1.7825576 1.5819615 1.6074391 1.5658260 1.4795709 1.6673776 1.7002897 1.7900111 1.5797554 1.5225532 1.5225532 1.4509277 1.3763841 1.5874275 1.5654760 1.4614214 1.5002821 1.0879588 1.4622999 1.3186547 1.3645743 1.6215004 1.6264811 1.3867204 1.4410638 1.0886624 1.5259688 1.5925778 1.6229265 1.8319026 1.6860279 1.6209943 1.6948249 1.5151886 1.4276491 1.8792416 1.8201081 0.0674801 0.0000000 0.1658244 0.1475217 0.3268612 0.3199126 1.5269975 1.6128765 1.6559937 2.5524935 2.6760463 2.7291030 2.2669601 2.6815816 2.0575086 2.0592204 1.9775675 1.4902089 2.3114476 2.9508101 2.3992688 3.0278226 2.6715084 2.2598806 2.7187162 2.4082501 2.4626076 2.6788027 2.6456471 2.5414184 2.7980251 2.6642742 2.3974742 3.7606698 2.2605043 2.5073150 1.9790173 1.9781113 2.4000738 2.0715950 2.3497458 2.1212780 2.1120987 
Hhon_g02545.t1                                        1.8169758 1.4133076 1.3256299 1.5348984 1.6911766 1.4809920 1.5486406 1.5218964 1.2521245 1.4404160 1.4107031 1.6301461 1.4146767 1.3256409 1.3256409 1.3180314 1.3553531 1.3976458 1.3284021 1.2564238 1.2889140 0.9915664 1.3102777 1.1926832 1.1658424 1.3985600 1.4533231 1.2823673 1.2543465 1.0423796 1.2580535 1.3918596 1.3352387 1.5785082 1.5512532 1.4419701 1.6284281 1.3274122 1.2570806 1.7104168 1.5853747 0.1232048 0.1658244 0.0000000 0.0154419 0.3266156 0.3198945 1.4251295 1.3914058 1.4552025 1.7418215 2.2937517 2.2842206 2.0593850 2.4965461 1.8838306 1.8848311 1.9012172 1.4540654 2.1504692 2.7977234 2.1578399 3.0389622 2.7073442 2.0633721 2.4822922 2.0467733 2.4641059 2.0457588 2.0194777 1.9631263 2.7938669 2.0871757 2.0633766 3.3115215 1.8577289 2.0196202 1.9042276 1.9546511 2.3590107 1.7704779 1.9335005 1.7073437 1.7104574 
