108
Mertsp_Mesp_sb573120                                   0.0000000 0.0000010 0.0000010 0.0000010 0.0000010 0.0000010 0.0000010 0.1163065 0.6076680 0.6076680 0.6076680 0.9997873 0.9997873 0.2808103 1.0516291 1.0608367 0.7761374 0.9819715 0.9819715 0.9965177 1.0933320 0.5918657 0.5918657 0.5023092 0.5023092 2.1003128 2.5824049 4.3890921 2.5065385 2.2111858 2.2111858 1.9632511 2.3997089 2.5749128 1.2822340 0.9636886 2.1576221 2.2029572 2.1677812 1.9978454 1.9151986 0.0000010 1.8693590 2.2742505 8.4506084 2.1289605 1.6893482 2.1347396 2.0035084 2.1694744 1.9676769 1.9915927 2.3704317 2.1888791 0.0000010 2.0865049 1.9114049 2.2981485 2.4867046 1.8148021 2.2179256 2.2374600 2.0355787 0.0000010 3.3599611 5.3747946 3.0729423 2.9183517 2.7830637 3.9625686 8.6231088 2.9421425 3.0569659 1.6347979 3.3404534 2.7819187 2.6480773 2.9028471 2.8700088 1.3166441 1.3166441 3.5188887 5.4397461 2.2648915 1.5461295 8.9928791 2.6533051 2.5119177 2.5929178 2.5768450 2.6333447 2.5768450 0.8186476 2.7051743 8.7893782 2.5326732 0.0000010 2.5645968 2.8701857 2.8926663 2.7344468 2.7875636 2.8607364 3.4282108 3.1785906 2.8315312 2.9344738 3.0340377 
Bolinf_Binf_sb1263078                                  0.0000010 0.0000000 0.0000010 0.0092680 0.0092680 0.0186661 0.0186661 0.0942565 0.4570842 0.4570842 0.4570842 0.6711276 0.6711276 0.4554082 0.8360349 0.8167682 0.6474541 0.7497855 0.7497855 0.7567311 0.8108141 0.5036099 0.5036099 0.4296980 0.4804021 1.7758984 2.1529253 3.2045199 1.9302421 1.7451070 1.7451070 1.6049777 1.8908201 1.9805860 1.2176479 0.9636886 1.6524645 2.1431862 1.6957596 1.6591627 1.5856601 0.4478378 1.5291890 1.7189485 5.5603919 1.7729201 1.5075885 1.8166721 1.6738859 1.7642975 1.6676795 1.6496314 1.8724335 1.8559234 3.1719896 1.7983620 1.6676979 1.9300617 1.8353762 1.5878846 1.7780091 1.9671326 1.7555062 1.9993568 2.7355312 4.8650471 2.2756132 2.2602041 2.3919332 4.2914367 3.3741505 2.4874704 2.5246938 1.8130750 2.6148873 2.4257287 2.4185336 2.1401450 2.0877104 1.1599292 1.1599292 2.3417988 2.6136942 2.0169824 1.8536342 3.1874343 2.7654286 1.9926884 1.9470451 1.9534815 2.0297056 2.3694516 0.8186476 1.9903353 8.8559169 1.8356591 0.0000010 2.0797385 2.1977389 2.3152334 2.2313264 2.5408704 2.3859762 3.4282108 2.7354689 2.4319701 2.4095904 2.6095222 
Bolinf_Binf_sb1263079                                  0.0000010 0.0000010 0.0000000 0.0092680 0.0092680 0.0186661 0.0186661 0.0942565 0.4570842 0.4570842 0.4570842 0.6711276 0.6711276 0.4554082 0.8360349 0.8167682 0.6474541 0.7497855 0.7497855 0.7567311 0.8108141 0.5036099 0.5036099 0.4296980 0.4804021 1.7758984 2.1529253 3.2045199 1.9302421 1.7451070 1.7451070 1.6049777 1.8908201 1.9805860 1.2176479 0.9636886 1.6524645 2.1431862 1.6957596 1.6591627 1.5856601 0.4478378 1.5291890 1.7189485 5.5603919 1.7729201 1.5075885 1.8166721 1.6738859 1.7642975 1.6676795 1.6496314 1.8724335 1.8559234 3.1719896 1.7983620 1.6676979 1.9300617 1.8353762 1.5878846 1.7780091 1.9671326 1.7555062 1.9993568 2.7355312 4.8650471 2.2756132 2.2602041 2.3919332 4.2914367 3.3741505 2.4874704 2.5246938 1.8130750 2.6148873 2.4257287 2.4185336 2.1401450 2.0877104 1.1599292 1.1599292 2.3417988 2.6136942 2.0169824 1.8536342 3.1874343 2.7654286 1.9926884 1.9470451 1.9534815 2.0297056 2.3694516 0.8186476 1.9903353 8.8559169 1.8356591 0.0000010 2.0797385 2.1977389 2.3152334 2.2313264 2.5408704 2.3859762 3.4282108 2.7354689 2.4319701 2.4095904 2.6095222 
Bolinf_Binf_sb1263081                                  0.0000010 0.0092680 0.0092680 0.0000000 0.0000010 0.0092680 0.0092680 0.1038405 0.5102230 0.5102230 0.5102230 0.7664053 0.7664053 0.4625198 0.9017514 0.9177230 0.7254603 0.7801674 0.7801674 0.7883428 0.8504502 0.5267957 0.5267957 0.4577082 0.4769850 1.8064363 2.1444729 3.2045199 2.0424062 1.8195872 1.8195872 1.6349106 1.9696430 2.1207123 1.2254824 0.9636886 1.8252867 2.2234003 1.8611639 1.8279194 1.7971307 0.0000010 1.6985298 1.9797195 8.9999983 1.8599658 1.5911180 1.9442894 1.7956757 1.9472729 1.8221492 1.8003586 2.0862770 1.9539957 0.0000010 1.8838958 1.7503152 2.0895991 2.0023614 1.6608879 1.9525254 2.1439450 1.8798208 2.0621142 2.9133441 4.7743650 2.6695626 2.6051216 2.6153050 3.6041519 4.3241468 2.7005458 2.7798817 1.7858200 2.6879394 2.6667492 2.5423246 2.3569915 2.2934897 1.2406967 1.2406967 2.5636762 3.0884974 2.0978137 1.6495445 6.4899437 2.7654286 2.0548528 2.1543063 2.1566204 2.2306326 2.1566204 0.8186476 2.2368010 8.9337952 2.0178693 0.0000010 2.2627021 2.4288696 2.3152334 2.3080977 2.6233226 2.5941948 3.4282108 2.8825627 2.7209997 2.5765793 2.7264142 
Bolinf_Binf_sb1263083                                  0.0000010 0.0092680 0.0092680 0.0000010 0.0000000 0.0092680 0.0092680 0.1038405 0.5102230 0.5102230 0.5102230 0.7664053 0.7664053 0.4625198 0.9017514 0.9177230 0.7254603 0.7801674 0.7801674 0.7883428 0.8504502 0.5267957 0.5267957 0.4577082 0.4769850 1.8064363 2.1444729 3.2045199 2.0424062 1.8195872 1.8195872 1.6349106 1.9696430 2.1207123 1.2254824 0.9636886 1.8252867 2.2234003 1.8611639 1.8279194 1.7971307 0.0000010 1.6985298 1.9797195 8.9999983 1.8599658 1.5911180 1.9442894 1.7956757 1.9472729 1.8221492 1.8003586 2.0862770 1.9539957 0.0000010 1.8838958 1.7503152 2.0895991 2.0023614 1.6608879 1.9525254 2.1439450 1.8798208 2.0621142 2.9133441 4.7743650 2.6695626 2.6051216 2.6153050 3.6041519 4.3241468 2.7005458 2.7798817 1.7858200 2.6879394 2.6667492 2.5423246 2.3569915 2.2934897 1.2406967 1.2406967 2.5636762 3.0884974 2.0978137 1.6495445 6.4899437 2.7654286 2.0548528 2.1543063 2.1566204 2.2306326 2.1566204 0.8186476 2.2368010 8.9337952 2.0178693 0.0000010 2.2627021 2.4288696 2.3152334 2.3080977 2.6233226 2.5941948 3.4282108 2.8825627 2.7209997 2.5765793 2.7264142 
Bolinf_Binf_sb1263080                                  0.0000010 0.0186661 0.0186661 0.0092680 0.0092680 0.0000000 0.0000010 0.1099831 0.5168833 0.5168833 0.5168833 0.7621574 0.7621574 0.4844942 0.8991724 0.9210643 0.7399623 0.7872616 0.7872616 0.7951498 0.8546434 0.5444204 0.5444204 0.4765326 0.4750452 1.7765378 2.0909549 3.2045199 2.0205042 1.8105339 1.8105339 1.6611491 1.9816449 2.0838680 1.2436084 0.9636886 1.8098047 2.1612409 1.8290873 1.8057062 1.7769224 0.0000010 1.6852784 1.9437569 8.4286608 1.8372265 1.5833875 1.9246994 1.7821540 1.9255835 1.7914714 1.7866722 2.0481701 1.9340470 0.0000010 1.8679991 1.7381242 2.0586172 2.0039252 1.6763077 1.9342373 2.1215367 1.8147066 1.8081938 2.7543298 4.7743650 2.5462147 2.4995772 2.5024263 3.4291067 3.9345502 2.6309080 2.7337556 1.8216171 2.5745062 2.6511058 2.5526434 2.2977642 2.2374294 1.2283647 1.2283647 2.5135553 2.9757037 2.0909191 1.8209314 4.5940513 2.7654286 2.0537015 2.1237706 2.1386247 2.2102138 2.1717646 0.8186476 2.1931638 8.8559169 1.9988012 0.0000010 2.2010827 2.3482310 2.3152334 2.2994595 2.6102940 2.5716395 3.4282108 2.9160159 2.6501676 2.4952788 2.6325520 
Bolinf_Binf_sb1263082                                  0.0000010 0.0186661 0.0186661 0.0092680 0.0092680 0.0000010 0.0000000 0.1099831 0.5168833 0.5168833 0.5168833 0.7621574 0.7621574 0.4844942 0.8991724 0.9210643 0.7399623 0.7872616 0.7872616 0.7951498 0.8546434 0.5444204 0.5444204 0.4765326 0.4750452 1.7765378 2.0909549 3.2045199 2.0205042 1.8105339 1.8105339 1.6611491 1.9816449 2.0838680 1.2436084 0.9636886 1.8098047 2.1612409 1.8290873 1.8057062 1.7769224 0.0000010 1.6852784 1.9437569 8.4286608 1.8372265 1.5833875 1.9246994 1.7821540 1.9255835 1.7914714 1.7866722 2.0481701 1.9340470 0.0000010 1.8679991 1.7381242 2.0586172 2.0039252 1.6763077 1.9342373 2.1215367 1.8147066 1.8081938 2.7543298 4.7743650 2.5462147 2.4995772 2.5024263 3.4291067 3.9345502 2.6309080 2.7337556 1.8216171 2.5745062 2.6511058 2.5526434 2.2977642 2.2374294 1.2283647 1.2283647 2.5135553 2.9757037 2.0909191 1.8209314 4.5940513 2.7654286 2.0537015 2.1237706 2.1386247 2.2102138 2.1717646 0.8186476 2.1931638 8.8559169 1.9988012 0.0000010 2.2010827 2.3482310 2.3152334 2.2994595 2.6102940 2.5716395 3.4282108 2.9160159 2.6501676 2.4952788 2.6325520 
Vmul_sbMO415780                                        0.1163065 0.0942565 0.0942565 0.1038405 0.1038405 0.1099831 0.1099831 0.0000000 0.4962359 0.4962359 0.4962359 0.6990402 0.6990402 0.4089618 0.8338243 0.8229664 0.6489859 0.7803299 0.7803299 0.7874567 0.8641824 0.5089632 0.5089632 0.4498416 0.4787657 1.6852442 1.9442699 3.3704200 1.8179800 1.7553699 1.7553699 1.5581824 1.8584820 1.9381237 1.1662651 1.0541974 1.8156943 2.1441716 1.6808234 1.7055445 1.6660757 0.0000010 1.6022593 1.8382576 8.5004733 1.7932240 1.5242334 1.8085633 1.6903740 1.7677264 1.6894278 1.5993997 1.9354934 1.8549452 0.0000010 1.7962087 1.6506489 1.9296847 1.8674983 1.6003050 1.7629068 2.0742881 1.6953980 1.2334891 2.5677506 5.2271781 2.4568299 2.2761252 2.3085757 3.4928624 3.8824739 2.5532895 2.7057845 1.7205372 2.4802551 2.4868795 2.4228465 2.2308209 2.1685919 1.1804938 1.1804938 2.3357574 2.7822586 2.0241654 1.7256052 4.8063573 2.8213920 1.8875742 1.9802976 1.9665887 2.0492037 1.9665887 0.8186476 2.1145384 8.5211520 1.8614115 0.0000010 2.1303021 2.2350303 2.2487466 2.1754695 2.7400151 2.3998256 3.1556197 2.6069121 2.4137249 2.5076910 2.3065458 
Bolinf_Binf_sb1263077                                  0.6076680 0.4570842 0.4570842 0.5102230 0.5102230 0.5168833 0.5168833 0.4962359 0.0000000 0.0026648 0.0026648 0.1551561 0.1551561 0.2890629 0.5198074 0.5146757 0.3866051 0.6097340 0.5968056 0.6149515 1.1353840 0.4850807 0.4850807 0.4683652 0.7751549 1.6010761 1.7656885 1.8873597 1.7741803 1.7993076 1.8592140 1.6922369 1.8251116 1.9285248 1.3135905 1.8917763 1.5205842 2.0257843 1.4856822 1.5546792 1.5595809 1.3495050 1.4528069 1.6075055 2.4927953 1.5964205 1.4329525 1.7845748 1.4627079 1.6170208 1.5438691 1.5090468 1.6588191 1.7658890 1.3245789 1.5575103 1.5623138 1.6583007 1.4885808 1.4924358 1.4811417 1.6555451 1.7207235 1.3898324 2.0158406 2.7774739 1.9000366 1.8588547 1.9876747 3.1811680 2.4182031 2.0704332 2.0060630 1.5739559 2.1346145 2.0036926 1.8324173 2.0493475 1.7947113 1.4448231 1.4258974 2.0158835 2.1191508 1.8547170 1.8112966 2.0092280 2.6556987 2.0644331 1.9892990 1.5975597 1.7882136 2.1474667 1.3121155 1.8655902 6.4982178 1.7435496 1.6240117 2.0412943 1.8571978 2.4401179 1.8620860 2.1782419 2.0572496 3.9792694 2.3277067 2.0391510 2.2046191 1.9876458 
Mertsp_Mesp_sb585158                                   0.6076680 0.4570842 0.4570842 0.5102230 0.5102230 0.5168833 0.5168833 0.4962359 0.0026648 0.0000000 0.0000010 0.1517421 0.1517421 0.2890629 0.5198074 0.5146757 0.3866051 0.6120288 0.5968056 0.6172676 1.1293810 0.4836041 0.4836041 0.4683652 0.7751549 1.6010761 1.7642625 1.9361887 1.7741803 1.7993076 1.8660080 1.6922369 1.8251116 1.9165174 1.3135905 1.9113582 1.5272707 2.0257843 1.4922598 1.5615512 1.5664028 1.3644856 1.4595497 1.6151949 2.5058309 1.6033348 1.4399004 1.7917899 1.4627079 1.6209624 1.5501328 1.5001745 1.6521907 1.7658890 1.3446066 1.5651840 1.5683395 1.6583007 1.4939090 1.4968355 1.4750519 1.6458568 1.7139264 1.3898324 2.0158406 2.7774739 1.9000366 1.8588547 1.9876747 3.1811680 2.4182031 2.0704332 2.0060630 1.5739559 2.1331639 2.0036926 1.8324173 2.0573810 1.7973253 1.4476129 1.4286969 2.0236750 2.1211785 1.8547170 1.8112966 2.0092280 2.6556987 2.0712772 1.9892990 1.6053237 1.7957996 2.1474667 1.3280059 1.8708823 6.5376069 1.7420749 1.6456383 2.0486217 1.8571978 2.4401179 1.8706068 2.1782419 2.0572496 3.9792694 2.3357343 2.0391510 2.2046191 1.9892804 
Mertsp_Mesp_sb585157                                   0.6076680 0.4570842 0.4570842 0.5102230 0.5102230 0.5168833 0.5168833 0.4962359 0.0026648 0.0000010 0.0000000 0.1517421 0.1517421 0.2890629 0.5198074 0.5146757 0.3866051 0.6120288 0.5968056 0.6172676 1.1293810 0.4836041 0.4836041 0.4683652 0.7751549 1.6010761 1.7642625 1.9361887 1.7741803 1.7993076 1.8660080 1.6922369 1.8251116 1.9165174 1.3135905 1.9113582 1.5272707 2.0257843 1.4922598 1.5615512 1.5664028 1.3644856 1.4595497 1.6151949 2.5058309 1.6033348 1.4399004 1.7917899 1.4627079 1.6209624 1.5501328 1.5001745 1.6521907 1.7658890 1.3446066 1.5651840 1.5683395 1.6583007 1.4939090 1.4968355 1.4750519 1.6458568 1.7139264 1.3898324 2.0158406 2.7774739 1.9000366 1.8588547 1.9876747 3.1811680 2.4182031 2.0704332 2.0060630 1.5739559 2.1331639 2.0036926 1.8324173 2.0573810 1.7973253 1.4476129 1.4286969 2.0236750 2.1211785 1.8547170 1.8112966 2.0092280 2.6556987 2.0712772 1.9892990 1.6053237 1.7957996 2.1474667 1.3280059 1.8708823 6.5376069 1.7420749 1.6456383 2.0486217 1.8571978 2.4401179 1.8706068 2.1782419 2.0572496 3.9792694 2.3357343 2.0391510 2.2046191 1.9892804 
Mertsp_Mesp_sb585154                                   0.9997873 0.6711276 0.6711276 0.7664053 0.7664053 0.7621574 0.7621574 0.6990402 0.1551561 0.1517421 0.1517421 0.0000000 0.0000010 0.2890629 0.6372440 0.6187520 0.4812440 0.7795493 0.8116593 0.7820254 1.3841380 0.6172301 0.6172301 0.5463396 0.9731621 1.7348560 1.8344164 1.9361887 2.0350023 2.0576419 2.0345798 1.6515507 1.9574664 2.0933642 1.3135905 1.9113582 1.7627918 2.0153336 1.6324027 1.6826848 1.7268119 1.3644856 1.5487083 1.7194066 2.4630055 1.8334461 1.4751269 1.9002876 1.7486060 1.8265945 1.7734620 1.6722881 1.7883202 2.1502926 1.3446066 1.8384875 1.6018370 1.7980042 1.6403992 1.7395670 1.6896700 1.8118408 1.8715471 1.3898324 2.1824405 2.8804805 1.8394137 1.9311867 2.1719596 3.1397289 2.3537689 2.2895944 2.2964348 1.5809892 2.1767542 2.1628848 2.0673647 2.1118689 1.9732503 1.4408644 1.4286969 2.2301477 2.4779652 1.9073764 1.8112966 2.0092280 3.0381729 2.2119038 2.1708114 1.7268668 1.9180540 2.3618373 1.4051713 2.0094458 7.5619047 1.9183644 1.6456383 2.2847236 1.9810159 2.4781926 1.9122737 2.3924800 2.1301501 4.3821971 2.4850684 2.1123855 2.2667084 1.9861520 
Mertsp_Mesp_sb585156                                   0.9997873 0.6711276 0.6711276 0.7664053 0.7664053 0.7621574 0.7621574 0.6990402 0.1551561 0.1517421 0.1517421 0.0000010 0.0000000 0.2890629 0.6372440 0.6187520 0.4812440 0.7795493 0.8116593 0.7820254 1.3841380 0.6172301 0.6172301 0.5463396 0.9731621 1.7348560 1.8344164 1.9361887 2.0350023 2.0576419 2.0345798 1.6515507 1.9574664 2.0933642 1.3135905 1.9113582 1.7627918 2.0153336 1.6324027 1.6826848 1.7268119 1.3644856 1.5487083 1.7194066 2.4630055 1.8334461 1.4751269 1.9002876 1.7486060 1.8265945 1.7734620 1.6722881 1.7883202 2.1502926 1.3446066 1.8384875 1.6018370 1.7980042 1.6403992 1.7395670 1.6896700 1.8118408 1.8715471 1.3898324 2.1824405 2.8804805 1.8394137 1.9311867 2.1719596 3.1397289 2.3537689 2.2895944 2.2964348 1.5809892 2.1767542 2.1628848 2.0673647 2.1118689 1.9732503 1.4408644 1.4286969 2.2301477 2.4779652 1.9073764 1.8112966 2.0092280 3.0381729 2.2119038 2.1708114 1.7268668 1.9180540 2.3618373 1.4051713 2.0094458 7.5619047 1.9183644 1.6456383 2.2847236 1.9810159 2.4781926 1.9122737 2.3924800 2.1301501 4.3821971 2.4850684 2.1123855 2.2667084 1.9861520 
Eupdun_Edun_sb10611483                                 0.2808103 0.4554082 0.4554082 0.4625198 0.4625198 0.4844942 0.4844942 0.4089618 0.2890629 0.2890629 0.2890629 0.2890629 0.2890629 0.0000000 0.4058417 0.3597280 0.3876438 0.3843871 0.3880504 0.3843871 0.6905707 0.4472351 0.4472351 0.3837167 0.5046485 0.9344804 0.9683326 0.7290564 0.9491896 0.8616319 0.9523701 1.0043611 0.9936080 1.0071319 0.9763214 0.9691962 0.8906926 1.0797745 0.8119825 0.8488729 0.7820549 0.7954031 0.8062397 0.9249107 1.4804743 0.9269525 0.9869398 0.9715662 0.8148800 0.8490069 0.8319784 0.9063461 0.8824451 0.9354805 0.6978910 0.7789148 0.9821952 0.9189738 0.8938598 0.8938598 0.8020608 1.0168517 1.0225918 1.3011426 1.4162788 1.6961635 1.0547974 1.0547974 1.2299559 3.3753929 1.7600176 1.3605283 1.4389193 1.4847824 1.2209620 1.4755376 1.4193097 1.1376828 1.0791131 1.1406322 1.1406322 1.1103355 1.1024003 1.4745690 1.6549054 1.8329998 0.8486536 0.7737341 0.7973341 0.9246024 0.9246024 1.3180959 0.8081669 1.0096075 7.3339326 0.9819245 0.5456749 1.4574903 1.4574903 0.8589440 0.8316758 1.6911828 1.5335306 8.9999987 1.6991430 1.4821929 1.5208658 1.2334466 
Coemet_Cmet_scaffold22372_01                           1.0516291 0.8360349 0.8360349 0.9017514 0.9017514 0.8991724 0.8991724 0.8338243 0.5198074 0.5198074 0.5198074 0.6372440 0.6372440 0.4058417 0.0000000 0.3295455 0.4997850 0.7965320 0.8218843 0.7900275 1.3484715 0.6579408 0.6579408 0.6942622 1.1124669 1.5163221 1.5585549 1.5669355 1.9596517 1.9281758 1.7916495 1.5989038 1.8035173 1.8535292 1.2375260 1.4742191 1.6288713 1.9879482 1.3478799 1.4135989 1.4214309 1.0295061 1.3892225 1.5152877 2.0909409 1.5755999 1.3296684 1.6175596 1.6167871 1.6299153 1.6136815 1.5399032 1.5356600 1.8704860 0.9926263 1.5833613 1.4500053 1.6801408 1.5416237 1.6023441 1.4464453 1.7777154 1.7047636 1.2853640 2.3506931 2.5475284 1.8023944 1.9122257 2.0645599 3.4079190 2.4174005 2.3298291 2.2959636 1.5892922 2.0603577 2.1645571 2.0465819 2.0710746 1.9110665 1.2610034 1.2211826 1.9871268 1.9053678 1.7911188 1.8553057 1.8951442 2.6950251 1.7964261 2.0219586 1.5340902 1.6568836 2.2483352 0.9953552 1.8611331 6.6535373 1.6624758 1.3453615 2.1281222 1.9615557 2.3484299 1.7152520 2.3126555 1.9523683 3.7107997 2.0980755 2.1913900 2.1562106 2.0264635 
Vmul_Simscaffold11520_01                               1.0608367 0.8167682 0.8167682 0.9177230 0.9177230 0.9210643 0.9210643 0.8229664 0.5146757 0.5146757 0.5146757 0.6187520 0.6187520 0.3597280 0.3295455 0.0000000 0.5241686 0.7782716 0.8025164 0.7710983 1.3691175 0.6287143 0.6287143 0.6892029 1.1553040 1.6301828 1.6685507 1.7177372 1.7778776 1.7733612 1.7392544 1.6211351 1.7407481 1.7909121 1.2860716 1.5813223 1.5813336 2.0788308 1.3505720 1.4203812 1.4361932 1.0600535 1.3925169 1.5342789 2.2046225 1.5913230 1.3881646 1.7297693 1.7049115 1.7938098 1.5984161 1.5756207 1.5665922 1.8676444 0.9956872 1.5132487 1.4816233 1.5614358 1.5446825 1.6151016 1.5704891 1.7311464 1.7223947 1.2744920 2.2770621 2.8075895 1.9937767 1.9692763 2.1350703 3.6403207 2.5791913 2.4652864 2.5039821 1.6805300 2.3014533 2.0370582 1.9780697 2.1611554 2.0616213 1.3770011 1.3666782 2.1488694 2.0368131 1.9458685 1.9869906 1.9927971 2.5141166 1.9145614 2.0657919 1.5553240 1.7216391 2.1869378 1.1009785 1.9558413 6.4863272 1.7374134 1.4075187 2.1406275 2.0088580 2.1655993 1.8204726 2.2720038 2.2533876 4.3504953 2.4426404 2.1740889 2.3131613 2.0120974 
Lampan_Lpan_13687_01                                   0.7761374 0.6474541 0.6474541 0.7254603 0.7254603 0.7399623 0.7399623 0.6489859 0.3866051 0.3866051 0.3866051 0.4812440 0.4812440 0.3876438 0.4997850 0.5241686 0.0000000 0.6467606 0.6432524 0.6355007 1.1480258 0.5207956 0.5207956 0.5253923 0.7249523 1.4463005 1.5738341 1.6161660 1.7294867 1.6280920 1.6409419 1.5383715 1.6750601 1.7415957 1.2811563 1.6178543 1.4723399 1.8671645 1.3852031 1.4483858 1.4322369 1.1681453 1.2869681 1.4422605 2.2306217 1.4223420 1.3115642 1.5414006 1.5235628 1.5296128 1.4888430 1.4367654 1.4674845 1.6803539 1.0726212 1.4865680 1.3476305 1.5674215 1.5065648 1.4599866 1.3963584 1.6039274 1.6913717 1.5234136 2.2132444 2.8066070 1.6602378 1.6885632 1.9540671 3.2701834 2.3980391 2.2066759 2.1868960 1.5951369 2.2518931 2.1053973 1.8997418 1.9918112 1.7750922 1.3425399 1.3312676 1.9350178 2.0934579 1.7526189 1.6969074 1.9427827 2.3216238 1.8418748 1.7156927 1.4413199 1.5753883 1.9217336 1.1261608 1.8096885 6.0226521 1.6926572 1.6128155 2.0684998 1.9823318 2.3486087 1.5622428 2.2643826 1.9174712 3.5473727 2.1797209 1.9813496 2.3071759 1.8348526 
Horcal_Hcv1.av93.c9.g294.i1                            0.9819715 0.7497855 0.7497855 0.7801674 0.7801674 0.7872616 0.7872616 0.7803299 0.6097340 0.6120288 0.6120288 0.7795493 0.7795493 0.3843871 0.7965320 0.7782716 0.6467606 0.0000000 0.0000010 0.0346509 0.3130611 0.6585260 0.6585260 0.5877484 0.8806248 1.6168189 1.7444799 1.9679714 2.0766774 2.0245239 1.9937198 1.8136735 1.9800457 1.9992756 1.3920727 1.9117081 1.6097746 2.0715906 1.4546618 1.6060569 1.5600441 1.3077933 1.5164563 1.6554397 2.0817226 1.7109509 1.4550693 1.7352265 1.7015483 1.7208725 1.5567932 1.6680583 1.6465253 2.0791519 1.1573042 1.6289591 1.6002553 1.7034378 1.6536144 1.5855171 1.6395079 1.7749147 1.6730708 1.5932920 2.3409580 2.5175279 1.7984947 1.8154844 2.0452074 3.0326785 2.3715794 1.9495846 2.1109891 1.6801567 2.1483488 2.0251996 1.9524720 2.0264580 2.0157506 1.5502733 1.5407054 2.0229658 2.1052724 1.7820310 1.9413411 1.8674464 2.7753671 1.8718220 1.8492253 1.6963361 1.7563323 2.2783852 1.4239388 1.8208918 6.4708869 1.7521787 1.7199703 2.3109563 2.0700292 2.0578476 1.8379105 2.2506608 2.0062754 3.6992206 2.2945027 2.1006727 2.3715313 1.8772679 
Horcal_Hcv1.av93.c9.g294.i2                            0.9819715 0.7497855 0.7497855 0.7801674 0.7801674 0.7872616 0.7872616 0.7803299 0.5968056 0.5968056 0.5968056 0.8116593 0.8116593 0.3880504 0.8218843 0.8025164 0.6432524 0.0000010 0.0000000 0.0178383 0.1193366 0.6457563 0.6457563 0.5934782 0.8806248 1.6642428 1.6292581 1.7178660 2.0766774 2.0245239 1.8673854 1.7212049 1.9242425 1.9322800 1.3417633 1.2456092 1.4597665 2.0715906 1.4224882 1.5869366 1.5183503 0.9723654 1.5197476 1.7053543 2.3868214 1.7046931 1.3975883 1.6457377 1.6135201 1.5784943 1.4142770 1.5722085 1.5433845 2.0791519 0.7438631 1.6817679 1.6236477 1.7298007 1.6644546 1.5763741 1.6489266 1.7226215 1.6625235 1.4067143 2.5053448 3.3043020 1.8077279 1.8282208 2.1481365 3.5941055 2.3898852 1.8755684 2.0887239 1.8291716 2.0446117 2.0865128 2.0894045 2.0080533 1.9138095 1.4096133 1.3948739 1.9180502 1.9948623 1.9023472 1.9419007 2.2310456 2.7753671 1.7957918 1.8492253 1.6108230 1.6874410 2.2226148 0.8291089 1.7984212 7.3335755 1.5785173 0.6180230 2.1639031 2.1747579 2.0578476 1.7643176 2.4323264 2.0274912 3.6790293 2.2802961 2.1934458 2.3759491 1.8708580 
Pbac_sb2644176                                         0.9965177 0.7567311 0.7567311 0.7883428 0.7883428 0.7951498 0.7951498 0.7874567 0.6149515 0.6172676 0.6172676 0.7820254 0.7820254 0.3843871 0.7900275 0.7710983 0.6355007 0.0346509 0.0178383 0.0000000 0.2787112 0.6494096 0.6494096 0.5805284 0.8586224 1.6315629 1.7740673 2.1182698 2.0197518 1.9667388 1.9742620 1.8795438 2.0070091 2.0420390 1.4253947 1.9594730 1.6108753 2.0900521 1.4973643 1.6426966 1.6099934 1.3587887 1.5649450 1.7136820 2.1028241 1.6533442 1.4515776 1.7273508 1.7202165 1.7121310 1.6094365 1.7233691 1.6951304 2.1216052 1.1463696 1.6767142 1.6063414 1.6873560 1.6868104 1.6200006 1.6728958 1.7857532 1.7263451 1.5932920 2.3686591 2.5175279 1.7663975 1.7699100 2.0443337 3.0326785 2.3715794 1.9650374 2.1459896 1.7002655 2.1728600 2.0172146 1.9358930 2.0151494 2.0246629 1.5998614 1.5909491 1.9832786 2.1246880 1.7965386 1.9741359 1.8674464 2.5613867 1.8539052 1.8329041 1.6918631 1.7564864 2.1945102 1.4955547 1.8509518 7.0617003 1.7655751 1.6158700 2.3482301 2.0512013 2.0448353 1.8563943 2.2277400 2.0267709 3.8057569 2.2406832 2.1217238 2.4188545 1.9116722 
Pbac_sb2644177                                         1.0933320 0.8108141 0.8108141 0.8504502 0.8504502 0.8546434 0.8546434 0.8641824 1.1353840 1.1293810 1.1293810 1.3841380 1.3841380 0.6905707 1.3484715 1.3691175 1.1480258 0.3130611 0.1193366 0.2787112 0.0000000 1.1025385 1.1025385 1.1196970 0.9514593 2.4151642 2.4234805 5.4124570 2.0918019 2.0147613 2.6555507 2.6184252 2.7150841 2.6931341 2.0911952 6.7152316 2.3022102 2.0950207 2.1022816 2.3502133 2.2827202 3.6424896 2.3385399 2.7477343 4.5290849 2.5195758 2.1784492 2.4759403 2.4551836 2.3622663 2.2447226 2.2948869 2.4059715 2.3187313 6.5235132 2.6847355 2.3609890 2.3474886 2.6480820 2.4297463 2.4808933 2.4950158 2.4088717 3.4517460 3.3864176 6.2351408 2.5861138 2.5644657 2.9484721 7.1914431 4.2547753 2.7392997 3.0753250 2.3281115 3.2514806 2.8360925 2.7947720 2.7648359 2.7286500 2.0517470 2.0498095 2.7195732 2.9477493 2.5417857 2.0435979 4.1747439 2.7088898 2.4529952 1.9233664 2.3710176 2.4389567 2.3138257 6.5316452 2.5091630 7.8228291 2.3298305 6.0329996 2.8410198 2.7133329 2.0945758 2.5093761 3.1769217 2.9720216 4.1840456 3.4408398 2.8377885 3.3226535 2.7154152 
Beraby_Baby_sb339822                                   0.5918657 0.5036099 0.5036099 0.5267957 0.5267957 0.5444204 0.5444204 0.5089632 0.4850807 0.4836041 0.4836041 0.6172301 0.6172301 0.4472351 0.6579408 0.6287143 0.5207956 0.6585260 0.6457563 0.6494096 1.1025385 0.0000000 0.0000010 0.4257075 0.6798271 1.5594831 1.7044741 1.6757482 2.1003420 1.9764054 1.8609162 1.7416048 1.8810154 1.9365126 1.4875453 1.6286301 1.6217480 2.0755099 1.4603530 1.4099639 1.4277908 1.1149472 1.3491959 1.4387829 2.1184285 1.5159427 1.3118151 1.6034400 1.6553623 1.6429453 1.6119532 1.6493988 1.6773154 1.7455642 1.0981212 1.4796420 1.4426377 1.5923179 1.5573908 1.4562889 1.4875846 1.7796642 1.6743584 1.3989249 2.2994013 2.6526532 1.7415875 1.7845378 2.0189103 3.3157889 2.6058571 2.2345499 2.3007097 1.7365067 2.1938992 2.2747553 2.0572219 2.1134431 1.9478877 1.4866696 1.4439777 1.9951928 2.1046674 1.7288919 1.6800658 1.9899362 3.1013476 1.9364807 1.9294278 1.6797910 1.7396809 2.2121753 1.3114745 1.9411046 6.1061857 1.8413564 1.5847957 2.1878313 1.9145597 2.2530574 1.7807016 2.1817295 1.8212778 3.2174878 2.1527515 2.0133579 2.2810987 1.9757773 
Beraby_Baby_sb339823                                   0.5918657 0.5036099 0.5036099 0.5267957 0.5267957 0.5444204 0.5444204 0.5089632 0.4850807 0.4836041 0.4836041 0.6172301 0.6172301 0.4472351 0.6579408 0.6287143 0.5207956 0.6585260 0.6457563 0.6494096 1.1025385 0.0000010 0.0000000 0.4257075 0.6798271 1.5594831 1.7044741 1.6757482 2.1003420 1.9764054 1.8609162 1.7416048 1.8810154 1.9365126 1.4875453 1.6286301 1.6217480 2.0755099 1.4603530 1.4099639 1.4277908 1.1149472 1.3491959 1.4387829 2.1184285 1.5159427 1.3118151 1.6034400 1.6553623 1.6429453 1.6119532 1.6493988 1.6773154 1.7455642 1.0981212 1.4796420 1.4426377 1.5923179 1.5573908 1.4562889 1.4875846 1.7796642 1.6743584 1.3989249 2.2994013 2.6526532 1.7415875 1.7845378 2.0189103 3.3157889 2.6058571 2.2345499 2.3007097 1.7365067 2.1938992 2.2747553 2.0572219 2.1134431 1.9478877 1.4866696 1.4439777 1.9951928 2.1046674 1.7288919 1.6800658 1.9899362 3.1013476 1.9364807 1.9294278 1.6797910 1.7396809 2.2121753 1.3114745 1.9411046 6.1061857 1.8413564 1.5847957 2.1878313 1.9145597 2.2530574 1.7807016 2.1817295 1.8212778 3.2174878 2.1527515 2.0133579 2.2810987 1.9757773 
Drygla_Dgla_sb298905                                   0.5023092 0.4296980 0.4296980 0.4577082 0.4577082 0.4765326 0.4765326 0.4498416 0.4683652 0.4683652 0.4683652 0.5463396 0.5463396 0.3837167 0.6942622 0.6892029 0.5253923 0.5877484 0.5934782 0.5805284 1.1196970 0.4257075 0.4257075 0.0000000 0.0156968 1.6037560 1.7893697 2.2430800 1.9192240 1.8060109 1.8807291 1.8290861 1.8987309 1.9650967 1.4432846 1.9708730 1.6567029 2.0403841 1.4142377 1.4475408 1.4388756 1.1790429 1.3382387 1.4337990 2.2200663 1.6773566 1.4252077 1.6714945 1.6233871 1.7216575 1.6264107 1.6514921 1.7123697 1.9287696 1.0503051 1.5245036 1.4829043 1.6591463 1.6702570 1.6334689 1.4580292 1.8005703 1.6791687 1.4661099 2.3141459 2.6494059 1.8652209 1.8711216 2.0366937 3.0385287 2.3970103 2.1618547 2.1693734 1.7269017 2.1591587 2.0307196 1.9412201 2.0757611 1.9099161 1.5093455 1.5093455 2.0618108 1.9292270 1.7417188 1.8100789 1.9175073 2.6465998 1.8663262 2.0497179 1.8942425 2.0064090 2.5237594 1.4587790 1.9788987 7.0234113 1.7605943 1.8668536 2.1838942 1.9284150 2.2653686 1.9103869 2.0536881 1.9572165 3.9566161 2.2695682 2.0413677 2.3581491 2.1710710 
Drygla_Dgla_sb298906                                   0.5023092 0.4804021 0.4804021 0.4769850 0.4769850 0.4750452 0.4750452 0.4787657 0.7751549 0.7751549 0.7751549 0.9731621 0.9731621 0.5046485 1.1124669 1.1553040 0.7249523 0.8806248 0.8806248 0.8586224 0.9514593 0.6798271 0.6798271 0.0156968 0.0000000 2.3517970 2.3760506 3.0534582 2.0564798 1.9274785 1.9274785 1.8157374 2.0274049 2.1125528 1.4023501 1.6326087 2.0581393 2.0934616 1.8389024 1.7579386 1.7186399 1.5789823 1.6383049 1.9787958 8.2753939 2.1165189 1.7399978 2.0814349 1.9352210 2.1435330 2.0273956 1.9094728 2.2822302 2.1866660 3.1719896 2.0730918 1.9414786 2.0655753 2.2657394 1.9805923 2.1152210 2.3503377 2.0980316 1.2081896 3.2016231 6.1079089 2.4869401 2.4169337 2.7797662 4.2869274 4.9372695 2.7776405 2.7309647 2.0714682 2.9785535 2.7539143 2.7274473 2.5597636 2.4702388 1.6143235 1.6143235 2.7954711 2.8972791 1.9833153 1.4957611 8.9999982 2.6465998 2.1802066 2.3408566 2.3464097 2.5660233 2.4279923 0.8186476 2.4036751 8.9999982 1.9479233 0.0000010 2.5995054 2.6230739 2.4230935 2.3314278 2.7558592 2.7897895 3.5232343 2.9798605 2.8169095 3.0941730 3.1641141 
Chem_TCONS_00051406                                    2.1003128 1.7758984 1.7758984 1.8064363 1.8064363 1.7765378 1.7765378 1.6852442 1.6010761 1.6010761 1.6010761 1.7348560 1.7348560 0.9344804 1.5163221 1.6301828 1.4463005 1.6168189 1.6642428 1.6315629 2.4151642 1.5594831 1.5594831 1.6037560 2.3517970 0.0000000 0.8411746 1.2336890 1.4464174 1.3257351 1.3448629 1.1821180 1.3257487 1.4759514 1.0079962 1.4643343 1.3409520 1.7082820 1.3324762 1.3965712 1.4595608 1.3159203 1.3300736 1.5495396 2.4023476 1.2730785 1.1244546 1.1176821 1.1910505 1.2809493 1.4783359 1.2690450 1.3938271 0.9913492 0.9363132 1.0122776 1.0718428 1.4520445 1.1860247 1.4211239 1.3676502 1.5763009 1.5159831 1.3666946 2.2159673 2.6278983 1.7604151 1.7976860 1.6414715 2.9330217 2.2765782 2.3398864 2.4057238 1.3183209 1.7441490 1.7784325 1.6593878 1.9236544 1.6403468 1.1882630 1.1430500 1.9825253 1.7624399 1.9868518 1.6121830 2.2127213 2.1375276 1.5869745 1.7533993 1.4256481 1.5318857 1.9378223 1.0585710 1.5851270 5.6868021 1.5219684 1.4317966 1.8908290 1.6700060 2.1988211 1.2871701 2.0234856 2.0802122 4.0116569 2.2363361 2.1327542 2.4062327 1.8551271 
Hvul_g23487_1                                          2.5824049 2.1529253 2.1529253 2.1444729 2.1444729 2.0909549 2.0909549 1.9442699 1.7656885 1.7642625 1.7642625 1.8344164 1.8344164 0.9683326 1.5585549 1.6685507 1.5738341 1.7444799 1.6292581 1.7740673 2.4234805 1.7044741 1.7044741 1.7893697 2.3760506 0.8411746 0.0000000 1.4487989 1.5381308 1.4835460 1.4741463 1.2903287 1.4177787 1.5067696 1.0249094 1.4407942 1.3787048 1.2880204 1.1568812 1.2079753 1.2301250 1.5127403 1.2196259 1.4465989 2.3219114 1.2886407 1.1364767 1.2952998 1.1650658 1.3393684 1.5130959 1.2668387 1.3881629 0.9404781 1.0778138 1.0149003 1.2619834 1.2038703 1.2269012 1.3841131 1.3352623 1.5118026 1.4180688 1.5097063 2.1000699 2.8290921 1.8049663 1.8117004 1.8371685 3.5847362 2.0470593 2.3334923 2.4135302 1.3591443 1.7114430 1.8761238 1.7470232 2.0030079 1.8865632 1.4660633 1.3744520 2.1339316 1.8868294 1.9974229 1.5697364 2.3490832 2.0508436 1.5487972 1.3671814 1.3196779 1.3746812 1.6090137 1.3853871 1.7037790 6.2011629 1.4787305 1.8707982 1.8249738 1.6634821 2.0298132 1.4016568 2.3746922 2.1850493 5.5322005 2.5271760 2.1348808 2.3093041 1.8076255 
HoiH23_PlH23_008111-RA                                 4.3890921 3.2045199 3.2045199 3.2045199 3.2045199 3.2045199 3.2045199 3.3704200 1.8873597 1.9361887 1.9361887 1.9361887 1.9361887 0.7290564 1.5669355 1.7177372 1.6161660 1.9679714 1.7178660 2.1182698 5.4124570 1.6757482 1.6757482 2.2430800 3.0534582 1.2336890 1.4487989 0.0000000 1.0601034 1.0601034 0.2165121 0.1450180 0.1710333 0.3358893 0.2520103 0.1020373 1.2079391 1.7820485 1.2410567 1.3424475 1.2550328 1.3299099 1.3307252 1.3328704 1.6251169 1.3424760 1.5346570 1.2565880 1.2085082 1.4481929 1.4906645 1.4887811 1.4694409 1.3926012 1.6729782 1.6122647 1.6506282 1.3090470 1.2148702 1.2644095 1.2489651 1.4019870 1.4768466 1.4080848 1.8452133 1.8622059 1.5478177 1.5478177 1.8436023 2.2994592 1.8128090 2.1045034 2.2731458 1.1919071 1.9156828 2.1013709 1.2930844 1.7659395 1.6348498 1.7212913 1.7212913 1.9940768 1.8374783 1.8296546 2.3292640 1.7644000 2.3665526 1.7928539 2.7255953 1.8656820 1.8656820 4.0627186 1.5853313 1.7176508 6.7356599 1.7258754 1.8052476 2.3566074 2.0100500 2.4406252 1.3697548 1.7761435 2.2036782 6.1794617 2.7561363 2.2834884 1.7754119 1.7832721 
HoiH23_PlH23_008110-RA                                 2.5065385 1.9302421 1.9302421 2.0424062 2.0424062 2.0205042 2.0205042 1.8179800 1.7741803 1.7741803 1.7741803 2.0350023 2.0350023 0.9491896 1.9596517 1.7778776 1.7294867 2.0766774 2.0766774 2.0197518 2.0918019 2.1003420 2.1003420 1.9192240 2.0564798 1.4464174 1.5381308 1.0601034 0.0000000 0.0853878 0.0873959 0.0460762 0.1306828 0.2200259 0.1659658 0.8569537 1.2963258 1.3318940 1.2292111 1.2784875 1.3693633 1.1279536 1.3015409 1.6634899 4.5079413 1.3628300 1.2810575 1.3550305 1.4540875 1.4064873 1.4697337 1.1491561 1.2773907 1.4370584 3.1719896 1.4226553 1.5484520 1.5265396 1.3149630 1.3248727 1.4820202 1.4289287 1.1407965 1.4653124 1.8997236 4.4158546 1.7319814 1.7377857 1.6358509 4.6294524 2.5153941 2.3041036 2.5168918 1.3408938 1.8409848 2.0166044 1.9696009 1.9382934 1.8226842 1.3391687 1.2361297 2.0678016 2.2362602 2.1705270 2.0080223 3.0264861 2.1706539 1.5390043 1.5303601 1.5349973 1.5549231 1.8386312 0.8186476 1.5315987 8.5543368 1.5096688 0.0000010 1.9061444 2.0017650 1.6906067 1.4423384 2.7007008 2.0657088 2.9935981 2.2373512 2.0294605 1.9685781 1.9978001 
Hhon_g02087.t1                                         2.2111858 1.7451070 1.7451070 1.8195872 1.8195872 1.8105339 1.8105339 1.7553699 1.7993076 1.7993076 1.7993076 2.0576419 2.0576419 0.8616319 1.9281758 1.7733612 1.6280920 2.0245239 2.0245239 1.9667388 2.0147613 1.9764054 1.9764054 1.8060109 1.9274785 1.3257351 1.4835460 1.0601034 0.0853878 0.0000000 0.0040295 0.0384479 0.0977138 0.2163370 0.1588757 0.8569537 1.2958195 1.2939735 1.1800502 1.2306328 1.3057703 1.0779643 1.2482218 1.5799617 4.9521812 1.2761959 1.1749524 1.2436904 1.3530798 1.3323913 1.4096084 1.1179938 1.3122269 1.3642774 3.1719896 1.3377661 1.4375917 1.5251028 1.2857139 1.3224725 1.4797258 1.3948614 1.0853082 1.3995584 1.8879193 3.7787492 1.6421138 1.6478669 1.6293748 4.4672222 2.5352338 2.1980557 2.3908626 1.3203435 1.7300265 2.0053204 1.9249308 1.8354428 1.7517808 1.2536766 1.1713491 2.0717285 2.2535712 2.0744657 1.8574306 3.0543308 2.0668352 1.4560623 1.4622362 1.4952370 1.5227374 1.7793641 0.8186476 1.5112845 7.6261283 1.5632330 0.0000010 1.9091013 1.9566029 1.6487930 1.3326397 2.6252133 2.0640956 3.1282342 2.2300385 2.1113357 1.8179770 1.9752704 
HoiH04_mRNA4671                                        2.2111858 1.7451070 1.7451070 1.8195872 1.8195872 1.8105339 1.8105339 1.7553699 1.8592140 1.8660080 1.8660080 2.0345798 2.0345798 0.9523701 1.7916495 1.7392544 1.6409419 1.9937198 1.8673854 1.9742620 2.6555507 1.8609162 1.8609162 1.8807291 1.9274785 1.3448629 1.4741463 0.2165121 0.0873959 0.0040295 0.0000000 0.0637457 0.1033001 0.2259542 0.1811389 0.0245848 1.2459408 1.2976775 1.1766408 1.2172301 1.2657596 1.1961291 1.2476023 1.4422574 2.2315652 1.2366423 1.2262718 1.2564253 1.2498620 1.3326668 1.3954131 1.1365718 1.2789800 1.3593501 1.6824207 1.4703370 1.4930227 1.3795667 1.2734624 1.3000503 1.3962235 1.4137510 1.1787046 1.5558701 1.8179513 2.4918638 1.6492577 1.6549119 1.6772684 3.0211724 2.2155866 2.0944818 2.2644821 1.2229157 1.7570994 1.9788155 1.6906640 1.7925488 1.6762606 1.4285396 1.3787826 1.8996326 1.9270613 2.0589174 1.9160166 2.3442680 2.1074398 1.5164446 1.4759883 1.5430936 1.5595754 1.8699992 1.4707883 1.5216715 6.8802173 1.6251205 1.7467246 2.0035956 1.9192204 1.6487930 1.3594623 2.2088640 2.0856351 3.7878612 2.3670174 2.1615498 1.8393423 1.9671890 
HoiH06_mRNA7720                                        1.9632511 1.6049777 1.6049777 1.6349106 1.6349106 1.6611491 1.6611491 1.5581824 1.6922369 1.6922369 1.6922369 1.6515507 1.6515507 1.0043611 1.5989038 1.6211351 1.5383715 1.8136735 1.7212049 1.8795438 2.6184252 1.7416048 1.7416048 1.8290861 1.8157374 1.1821180 1.2903287 0.1450180 0.0460762 0.0384479 0.0637457 0.0000000 0.0671447 0.1629284 0.1832729 0.1386917 1.0606099 1.1560122 1.0627894 1.1111919 1.1586992 1.1967891 1.1498112 1.3471806 2.1860738 1.1389560 1.2259170 1.0906192 1.1049088 1.1997343 1.2580789 1.0021199 1.0868018 1.2115761 1.4840535 1.2989009 1.3238761 1.1963623 1.0792424 1.0687727 1.1642652 1.2530238 1.1128552 1.6013838 1.7067525 2.2773367 1.5405126 1.4457265 1.4737653 2.9287593 2.1070071 1.8935877 2.0563408 1.2128446 1.6002062 1.7919890 1.4423122 1.5031268 1.3763497 1.3094382 1.3094382 1.5850877 1.5174872 2.0026335 1.9791623 2.3290202 1.5061922 1.3667940 1.3141529 1.3798995 1.3798995 1.6922662 1.4293446 1.3467431 6.7840699 1.4349852 1.6371719 1.8163206 1.6414994 1.4663758 1.1246670 1.9093100 1.8674555 3.0995293 2.1339156 1.9308330 1.7141777 1.7330386 
HoiH11_mRNA2890                                        2.3997089 1.8908201 1.8908201 1.9696430 1.9696430 1.9816449 1.9816449 1.8584820 1.8251116 1.8251116 1.8251116 1.9574664 1.9574664 0.9936080 1.8035173 1.7407481 1.6750601 1.9800457 1.9242425 2.0070091 2.7150841 1.8810154 1.8810154 1.8987309 2.0274049 1.3257487 1.4177787 0.1710333 0.1306828 0.0977138 0.1033001 0.0671447 0.0000000 0.1861694 0.1602882 0.1498185 1.2113898 1.4594136 1.1899098 1.2343331 1.3070110 1.1934378 1.2888040 1.4993572 2.1870668 1.3346555 1.2690553 1.3158092 1.3073478 1.3535923 1.4619062 1.1677996 1.2647542 1.4572930 1.5308467 1.4980058 1.5999312 1.3511771 1.2461608 1.2991633 1.4017296 1.3864557 1.1762755 1.5953267 1.9010292 2.4645556 1.7375457 1.7236902 1.8058582 3.1116520 2.2196042 2.1620500 2.3328211 1.3302141 1.8066612 2.0685567 1.7921342 1.7912283 1.6052788 1.2942929 1.2614186 1.7795995 1.8411818 2.1962557 2.1534207 2.4502036 2.0662258 1.4808218 1.5910681 1.4985741 1.5165428 1.8726522 1.3356219 1.5275900 7.0440721 1.6601246 1.6271483 1.9971567 1.9824323 1.7275489 1.4399791 2.3117115 2.1375428 4.0001384 2.3664152 2.1971860 1.8659010 1.9066538 
TrH2_TrispH2_006812-RA                                 2.5749128 1.9805860 1.9805860 2.1207123 2.1207123 2.0838680 2.0838680 1.9381237 1.9285248 1.9165174 1.9165174 2.0933642 2.0933642 1.0071319 1.8535292 1.7909121 1.7415957 1.9992756 1.9322800 2.0420390 2.6931341 1.9365126 1.9365126 1.9650967 2.1125528 1.4759514 1.5067696 0.3358893 0.2200259 0.2163370 0.2259542 0.1629284 0.1861694 0.0000000 0.0176872 0.2930867 1.1874184 1.5311240 1.2980665 1.3213999 1.3618603 1.2444932 1.3731652 1.5452400 2.2797797 1.3431915 1.3312611 1.2701690 1.3421462 1.2830003 1.4498627 1.1784306 1.3106015 1.4377802 1.7173254 1.5133271 1.6133234 1.3811620 1.3590074 1.3762657 1.3539293 1.3618154 1.2387857 1.5577061 1.9109425 2.3532250 1.7517413 1.7228338 1.7831752 3.2532184 2.4361155 2.2540037 2.4473831 1.3579441 1.8351407 2.0744463 1.8221246 1.8611074 1.7194870 1.3981684 1.3095986 1.9138272 1.9479762 2.1534350 2.1095615 2.4050612 2.1721918 1.5213936 1.5440191 1.5371319 1.5872292 1.8826408 1.5092131 1.5276472 6.8843944 1.6643620 1.6984860 2.1222773 1.9738711 1.7542515 1.4898964 2.3105472 2.2239749 4.2314524 2.5346945 2.1667155 1.9136210 1.9386788 
Tadh_TriadT29179                                       1.2822340 1.2176479 1.2176479 1.2254824 1.2254824 1.2436084 1.2436084 1.1662651 1.3135905 1.3135905 1.3135905 1.3135905 1.3135905 0.9763214 1.2375260 1.2860716 1.2811563 1.3920727 1.3417633 1.4253947 2.0911952 1.4875453 1.4875453 1.4432846 1.4023501 1.0079962 1.0249094 0.2520103 0.1659658 0.1588757 0.1811389 0.1832729 0.1602882 0.0176872 0.0000000 0.2457257 0.7611061 0.9529144 0.8097198 0.8728025 0.8810604 0.9864336 0.9345775 1.0752107 1.7246426 0.8248693 0.9349814 0.8604056 0.8806962 0.8080528 0.9681116 0.7382853 0.8447874 0.8935352 1.2816025 0.9563613 1.0406740 0.9010161 0.8357685 0.8357685 0.8838547 0.9050047 0.8074075 1.4733192 1.4929757 1.7045498 1.1950494 1.1950494 1.2714423 3.0053703 2.0903633 1.7494010 1.8718281 1.2756308 1.2014195 1.6848142 1.5260921 1.2152237 1.0333240 1.0977049 1.0977049 1.1658534 1.0920789 1.6328273 1.9902053 2.0229600 1.1952915 0.9352367 1.0350021 1.0664425 1.0664425 1.3208739 1.1023386 1.0682935 6.2588170 1.0910310 1.2240357 1.6202318 1.5388364 1.0373212 0.7586826 1.6281133 1.6972349 2.2984983 1.7722276 1.6427380 1.5323708 1.4084596 
