100
Codhol_EP00042_Codosiga_hollandica_P047132                         0.0000000 0.6867099 0.6760119 0.6643389 0.7934402 1.3366569 1.3502291 1.3197027 1.3264189 1.4053666 1.1508544 0.8373539 0.8759877 0.8307473 0.9004165 0.8700461 0.6147533 0.7134157 0.7555919 0.7370594 0.7416980 0.4243120 0.7907617 0.7663677 0.5256413 0.7370793 0.5866366 0.6766806 0.8342012 0.6087475 0.7797526 0.5675045 0.7829168 0.7869238 0.8096711 0.7970213 0.8437371 0.8174440 0.8314531 0.6577385 0.8506959 0.8477835 0.6966284 1.1684139 0.8436576 0.9750151 0.7861253 0.7279551 0.8940738 0.4276003 0.9090925 0.8375719 0.8245100 0.9092079 0.8251097 0.7412126 0.8953396 0.7924450 0.6303282 0.7491857 0.7448398 0.8276177 0.7408396 0.7955932 0.8556007 0.8556007 0.5894404 0.7885678 0.8103132 0.8389637 0.7350253 0.5948511 0.5863572 0.5260724 0.6403100 0.7913956 0.7900081 0.5877380 0.6246658 0.8214294 0.8627050 0.8751386 0.9261117 0.8879390 0.9124236 0.6521861 0.7871337 0.6494164 0.8095330 0.8541297 0.6782351 0.8655626 0.7261139 0.8130035 0.9992152 0.9756914 0.8191381 1.6813472 0.9689661 2.2191051 
Acaspe_EP00035_Acanthoeca_spectabilis_P034275                      0.6867099 0.0000000 0.1810677 0.4773650 0.6065802 1.3596965 1.3470875 1.4017820 1.4154975 1.3585135 1.1191298 0.8725531 0.7081933 0.9831542 0.8663991 0.9675952 0.7149540 0.7829632 0.8069512 0.8460650 0.8424922 0.4320120 0.9263844 0.8861772 0.5268821 0.8300167 0.6342440 0.6986930 0.9491414 0.6263932 0.8689086 0.4449588 0.8020577 0.8163706 0.8651123 0.8922944 0.8435593 0.8453446 0.8542505 0.5768694 0.8274189 0.8286359 0.6338141 1.2773950 0.6752693 0.8202720 0.6580782 0.7187701 0.8819650 0.4119346 0.9199990 0.8116585 0.8031521 0.9541458 0.7211614 0.7220716 0.9223928 0.8632314 0.6358903 0.8204405 0.6845144 0.8241777 0.9564856 0.9023109 0.9431237 0.9431237 0.7004144 0.7939804 0.8337654 0.8874322 0.7681271 0.6143439 0.6370813 0.6222260 0.6858045 0.9592173 0.9455497 0.6807042 0.7874218 1.0141738 1.0492642 0.9568921 1.0437130 1.0905938 0.9607379 0.7797083 0.7587336 0.6056653 0.7917746 0.8199226 0.7853019 0.8835208 0.7103195 0.8700446 1.0585181 0.9089913 0.9130403 1.7614962 1.0376775 1.8190603 
Helnan_EP00037_Helgoeca_nana_P015265                               0.6760119 0.1810677 0.0000000 0.4029221 0.5650848 1.2317527 1.2490583 1.3012592 1.3277892 1.3403440 1.0912235 0.8330191 0.6641401 0.8683586 0.8237337 0.8914644 0.7305564 0.8158774 0.7282092 0.7716877 0.7742552 0.3875101 0.8433517 0.8060313 0.4921538 0.7415229 0.5921825 0.6220939 0.8996732 0.6119343 0.7909229 0.5220521 0.7767434 0.7843722 0.8203956 0.8329461 0.7920702 0.8222349 0.8170690 0.5798554 0.7998789 0.8029601 0.6369910 1.1458358 0.6545083 0.7680006 0.6331997 0.6252723 0.7577986 0.4179475 0.7549840 0.7104059 0.7002621 0.8116130 0.6550495 0.6390577 0.8433779 0.7626926 0.6435819 0.7963273 0.7146607 0.8587394 0.8555435 0.7969426 0.8544276 0.8544276 0.6990371 0.7435097 0.8857730 0.8920437 0.8049646 0.5158376 0.5537029 0.5822156 0.5898273 0.9348166 0.9320226 0.6443934 0.7163603 0.9776390 0.9868290 0.8978236 1.1130465 1.0500431 0.9052313 0.7006764 0.7612270 0.6366680 0.7164880 0.7437845 0.7060167 0.7934428 0.6695725 0.8381126 1.0306045 0.8308877 1.0160350 1.6178672 0.9629135 1.9423126 
Stedip_EP00041_Stephanoeca_diplocostata_P008287                    0.6643389 0.4773650 0.4029221 0.0000000 0.4787518 1.2528254 1.2563357 1.2400644 1.2541413 1.3798390 1.0897419 0.7745944 0.7467995 0.8430644 0.8324028 0.8711317 0.6349567 0.7795613 0.8155866 0.7730210 0.7751079 0.4110419 0.8329137 0.8033299 0.5897566 0.7623408 0.6793525 0.6855646 0.7677358 0.5905547 0.7958747 0.5841969 0.8165793 0.8198196 0.8734492 0.8281292 0.8276048 0.8358587 0.8429616 0.5963400 0.8642742 0.8147462 0.6262456 1.0523435 0.6073795 0.7263530 0.6045860 0.6486579 0.8399811 0.4259537 0.8731556 0.7386610 0.7415709 0.8217050 0.6624323 0.6543124 0.8729531 0.8113695 0.6322662 0.7899392 0.7193686 0.8346374 0.8448198 0.7925189 0.8731643 0.8731643 0.6056332 0.7161659 0.8255032 0.8686056 0.8112538 0.5704608 0.5974574 0.6371516 0.6066312 0.9296737 0.9267561 0.6729768 0.6967591 0.9610307 0.9735838 0.9354579 1.0588181 1.0158819 0.9434941 0.6817836 0.7718384 0.5732114 0.7817837 0.8582360 0.7005116 0.9018099 0.6603933 0.8169141 1.0097511 0.8999109 0.8144220 1.5428872 0.9628007 2.0214172 
Diagra_EP00040_Diaphanoeca_grandis_P029455                         0.7934402 0.6065802 0.5650848 0.4787518 0.0000000 1.3105306 1.3279409 1.3667054 1.3512454 1.4395263 1.1769492 0.8247877 0.7443527 0.9780777 0.9263857 0.9670308 0.7372030 0.7960754 0.8034562 0.8547193 0.8676985 0.3809216 0.8828189 0.8600352 0.6473833 0.8258563 0.7704044 0.7553891 0.7815060 0.6512352 0.8314418 0.6205083 0.8536089 0.8678264 0.9062570 0.8286884 0.8562985 0.8588714 0.8737691 0.5874596 0.8776152 0.8839438 0.7383453 1.1310840 0.7594580 0.9177976 0.7408187 0.8011172 0.9192859 0.4723584 0.9465737 0.8548655 0.8526122 0.9740726 0.7947534 0.7911463 0.9772264 0.8951118 0.6452187 0.8088859 0.7917603 0.9208545 0.8578786 0.8325978 0.9237410 0.9237410 0.6645394 0.8053611 0.8702525 0.9041683 0.8035417 0.6025878 0.6090013 0.6318891 0.6955149 0.9172688 0.9158800 0.7345695 0.8721717 0.9385168 1.0029116 0.8986110 1.0029443 0.9927496 0.8838401 0.6974000 0.8550423 0.6417223 0.8694774 0.9146085 0.8030252 0.7989954 0.7416595 0.8354044 1.1173711 0.9499748 0.7766863 1.5119560 1.0464197 2.5153654 
HoiH23_PlH23_000827-RA                                             1.3366569 1.3596965 1.2317527 1.2528254 1.3105306 0.0000000 0.0484240 0.1322933 0.1364687 0.6558282 0.4709049 1.4379471 0.7847738 1.3064411 1.3305805 1.3554487 1.0658267 1.0257129 1.1973021 1.2130807 1.2233976 0.9561570 1.2963768 1.2386890 1.1489898 1.2272669 1.3807723 1.5066059 1.4189150 0.8774992 0.9999700 0.8266165 1.1203547 1.1413920 1.1972430 1.1932478 0.7491426 0.7285165 0.7481902 0.5004348 0.7747948 0.7691534 0.6095579 1.4505878 1.2277885 1.3830003 1.2321060 1.0778292 1.3165904 0.7631609 1.4117182 1.2330732 1.2223114 1.3181099 1.1182847 1.0499304 1.3101919 1.7332084 0.8291838 1.1827092 1.1858205 1.3308386 1.2133627 1.1036031 1.2232517 1.2232517 1.1039470 1.1672211 1.2325202 1.3396139 1.1631532 1.2762171 1.2814440 1.2169756 1.2568701 1.3650740 1.3823900 1.1696780 1.8608762 1.3948767 1.3881181 1.3224486 1.3921683 1.4071270 1.3384134 1.3275431 1.3227361 0.9371561 1.4546058 1.5038781 1.2072428 1.0911404 1.3851288 1.5580946 1.5344815 1.2685111 0.9360539 1.8741326 1.5150215 3.1990954 
HoiH06_mRNA14212                                                   1.3502291 1.3470875 1.2490583 1.2563357 1.3279409 0.0484240 0.0000000 0.1267436 0.1324944 0.6644574 0.4764343 1.4883340 0.7884789 1.3183094 1.3279533 1.3662491 1.0730920 1.0550002 1.2271476 1.2338020 1.2436539 0.9609596 1.3331133 1.2661491 1.1676614 1.2416374 1.4048869 1.5912510 1.4656237 0.8866879 0.9899868 0.8393111 1.1521865 1.1565872 1.2120904 1.1795582 0.7618426 0.7497857 0.7617600 0.4854631 0.7868541 0.7834761 0.6098206 1.4390618 1.2130803 1.3699215 1.2156901 1.0571074 1.3041178 0.7318019 1.4029174 1.2265527 1.2158175 1.3029272 1.0979556 1.0258388 1.2962361 1.7633071 0.8295336 1.2003716 1.1675291 1.3020152 1.2448263 1.1285560 1.2130682 1.2130682 1.1416218 1.1803670 1.2414683 1.3578598 1.2079588 1.2887434 1.2840238 1.1998964 1.2263992 1.4483155 1.4448851 1.2190338 1.9592781 1.4143002 1.4109838 1.3351136 1.4339003 1.4473431 1.3778981 1.3479340 1.3309806 0.9359301 1.4934036 1.5373322 1.2280396 1.1030955 1.3988347 1.5899494 1.5650352 1.2957919 0.9127091 1.7760724 1.4610233 3.1858908 
Hhon_g04055.t1                                                     1.3197027 1.4017820 1.3012592 1.2400644 1.3667054 0.1322933 0.1267436 0.0000000 0.0086404 0.6817244 0.4862513 1.4423572 0.8139499 1.3274453 1.3203027 1.3312489 1.0333820 1.0544066 1.2126916 1.1999870 1.2224511 0.9353098 1.3019283 1.2429472 1.1229379 1.2316456 1.3503417 1.4901233 1.3798795 0.8973484 0.9726452 0.8402548 1.1309716 1.1238836 1.1710689 1.1756854 0.7669719 0.7529398 0.7726397 0.5174331 0.7944666 0.7738934 0.6204766 1.5112027 1.1774942 1.3161293 1.1679969 1.0238521 1.2625327 0.7209063 1.3702893 1.1628265 1.1524407 1.2822455 1.0779198 0.9907909 1.2886563 1.6815434 0.8276980 1.1712643 1.1472114 1.3047610 1.2126535 1.1255132 1.1971895 1.1971895 1.0977067 1.1903630 1.2178903 1.2662587 1.1566617 1.2868658 1.2774851 1.2283896 1.2157839 1.3755974 1.3609545 1.1501841 1.7552821 1.3757707 1.4269014 1.3735628 1.4154522 1.4666375 1.3884215 1.2981687 1.3156811 0.9712891 1.4146676 1.4883998 1.2236550 1.1163794 1.4028173 1.6209978 1.5412405 1.2435458 0.9287746 1.8211537 1.4705037 3.2225338 
HoiH04_mRNA16028                                                   1.3264189 1.4154975 1.3277892 1.2541413 1.3512454 0.1364687 0.1324944 0.0086404 0.0000000 0.6710152 0.4657736 1.4562221 0.8139499 1.3496313 1.3260466 1.3240745 1.0136423 1.0625576 1.2430885 1.2184703 1.2477759 0.9703661 1.3270113 1.2734974 1.1245377 1.2685791 1.3078029 1.6187861 1.4109465 0.9067444 0.9839870 0.8402548 1.1589881 1.1608458 1.2235852 1.2091390 0.7803479 0.7697760 0.7909590 0.5174331 0.8145614 0.7766800 0.6160504 1.3373551 1.1504719 1.2839324 1.1373075 1.0281739 1.2812463 0.7209063 1.3909066 1.1815147 1.1703925 1.2765509 1.0449964 0.9907909 1.3039669 1.6865371 0.8322139 1.2215885 1.1386676 1.3043221 1.2475191 1.1472314 1.2275580 1.2275580 1.1195530 1.1829569 1.2285521 1.2825553 1.1591027 1.3066741 1.2917862 1.2228172 1.2129667 1.3700709 1.3644387 1.1430122 1.9300350 1.4039302 1.4771505 1.4055610 1.4310661 1.4942095 1.4037950 1.3193936 1.3586498 0.9712891 1.4506103 1.5251394 1.2367385 1.1155814 1.4225613 1.6815485 1.5834702 1.2568318 0.9332186 1.6995265 1.4548932 3.2225338 
TrH2_TrispH2_005141-RA                                             1.4053666 1.3585135 1.3403440 1.3798390 1.4395263 0.6558282 0.6644574 0.6817244 0.6710152 0.0000000 0.0047692 1.4217332 0.8770464 1.2974835 1.3912271 1.4857080 1.0581256 1.0695507 1.2368548 1.2578833 1.2328970 0.8567675 1.2266038 1.1348005 1.1953840 1.1737766 1.3062894 1.4831403 1.2100116 0.9014921 0.9388824 0.9451199 1.2005317 1.1754989 1.2025788 1.1561824 0.7105532 0.7056279 0.7066470 0.4445514 0.7217157 0.7367598 0.6053866 1.4180517 1.2595960 1.5519988 1.2738692 1.1724940 1.3822208 0.7374904 1.4677200 1.3018501 1.2809148 1.2979689 1.1542408 1.2010525 1.3108862 1.6713190 0.8244921 1.2552167 1.1476699 1.2903950 1.1767716 1.1462789 1.2484474 1.2484474 1.1220325 1.1432215 1.2339797 1.2601094 1.2032728 1.2315109 1.3316483 1.2569795 1.3772747 1.3580232 1.3381367 1.1914829 1.9709635 1.2719876 1.3218894 1.2855263 1.5072736 1.4316665 1.2888984 1.3177552 1.3994404 1.0456249 1.4751728 1.5208580 1.3232020 1.1140384 1.3885075 1.6093256 1.6004251 1.2612918 0.9289310 2.0929452 1.5923482 3.3557490 
Tadh_TriadT28134                                                   1.1508544 1.1191298 1.0912235 1.0897419 1.1769492 0.4709049 0.4764343 0.4862513 0.4657736 0.0047692 0.0000000 1.1965899 0.2831972 1.0854125 1.1396499 1.1705332 1.0699524 0.8495112 0.9260727 0.9484176 0.9433594 0.8567675 0.9217550 0.9033277 1.1953840 0.8590333 1.3062894 1.4831403 1.2317120 0.8736990 0.7968486 0.6638635 0.9456906 0.9448704 0.9609740 0.9091815 0.5997612 0.5732899 0.5732899 0.4311791 0.5685129 0.5774795 0.5718428 1.1512414 1.1516571 1.4285075 1.1830071 1.1724940 1.0994704 0.7374904 1.1344094 1.0883327 1.0685798 1.0312598 0.9532817 1.1653426 1.0171652 1.6713190 0.7429987 0.9368949 1.0823265 1.0823265 0.9013680 0.9338526 1.0515724 1.0515724 1.1361538 0.9344644 0.9904615 1.0176904 1.0122056 0.9735858 1.1005276 0.9492162 1.0500690 1.0884791 1.0936420 1.1914829 1.9709635 1.0238210 1.0556674 0.9809646 1.2406764 1.1838944 1.0403149 1.0378233 1.1093334 1.0708130 1.1361987 1.1874692 1.1382053 0.8387235 1.2430359 1.4891215 1.2236074 1.0735621 0.9382995 1.7023804 0.9449707 3.0827640 
Didcos_EP00039_Didymoeca_costata_P028169                           0.8373539 0.8725531 0.8330191 0.7745944 0.8247877 1.4379471 1.4883340 1.4423572 1.4562221 1.4217332 1.1965899 0.0000000 0.5884406 0.8820174 1.0417824 1.0074284 0.7417105 0.8449398 1.0523798 0.9926582 1.0006687 0.5082511 0.9985004 0.9479001 0.9851041 0.9404145 1.0885756 1.0909829 1.0312968 0.7378974 0.9147618 0.6047151 0.9724783 0.9892702 1.0225423 1.0678453 0.8993677 0.9180942 0.9249626 0.6349825 0.9561136 0.8935622 0.7231950 1.1597818 0.8534522 1.0787461 0.8386852 0.8422269 0.9249516 0.4474234 1.0241047 0.8860240 0.8848316 1.0060180 0.8227635 0.8037955 0.9996437 1.1319115 0.7306896 0.9610951 0.8261363 0.9724950 0.9688890 0.9659889 0.9600900 0.9600900 0.7389935 0.9345480 0.9348730 1.1035021 0.9904852 0.8134126 0.7975670 0.8997023 0.9080207 1.0504251 1.0474086 0.9951164 1.2076515 1.0524242 1.1049779 1.0354701 1.1989088 1.2248511 1.1001212 0.8412781 1.0058601 0.7178177 0.9639924 1.0506974 0.7846820 0.8506539 0.8921349 0.9916047 1.1495567 0.9949431 0.8526695 1.7311345 1.0983464 1.9032040 
Nvec_NVE10301                                                      0.8759877 0.7081933 0.6641401 0.7467995 0.7443527 0.7847738 0.7884789 0.8139499 0.8139499 0.8770464 0.2831972 0.5884406 0.0000000 0.7971779 0.7702020 0.8931900 0.2183009 0.6269625 0.6480032 0.5154044 0.6220346 0.0000010 0.8283083 0.6084744 0.0000010 0.6084744 0.0000010 0.0000010 0.4653933 0.4133008 0.6389627 0.6514654 0.8884545 0.8967090 0.8536151 0.7394085 0.7431720 0.7675667 0.7675667 0.1938003 0.8235161 0.8251854 0.8251854 0.5033961 0.9007182 0.7052210 0.5285835 0.0000010 0.6496827 0.0000010 0.6994061 0.7197286 0.7197286 0.6921967 0.8601919 0.2250500 0.8774350 0.0000010 0.7270779 0.5975622 0.6135852 0.6135852 0.6824836 0.7231250 0.5980506 0.5980506 0.1948698 0.6083666 0.7113653 1.1204075 0.8844198 0.6761791 0.7206125 0.6857160 0.6961592 0.7000721 0.6908504 0.0000010 0.0000010 0.6279678 0.6511421 0.8173702 0.9335564 0.9294128 1.0843896 0.7095253 1.0066302 1.0354843 0.8789425 0.9624677 0.7996762 0.9034501 1.0442499 1.2815231 1.1969155 0.6691177 0.2379510 1.0251668 0.7197286 4.8807072 
Lcom_lcpid64653                                                    0.8307473 0.9831542 0.8683586 0.8430644 0.9780777 1.3064411 1.3183094 1.3274453 1.3496313 1.2974835 1.0854125 0.8820174 0.7971779 0.0000000 0.2803150 0.2820442 0.2200781 0.6501710 0.7573275 0.6916834 0.6773600 0.2918224 0.7251395 0.6946113 0.4462991 0.6396550 0.4708021 0.5953605 0.7446815 0.5359382 0.7474566 0.5110170 0.8231296 0.8343578 0.8091496 0.8505766 0.8014167 0.8078182 0.8172382 0.6262395 0.8608814 0.8119795 0.6588835 0.9625018 0.7223818 0.8760766 0.6900999 0.4939251 0.7817004 0.2787689 0.8451675 0.7398082 0.7243149 0.7614020 0.6671308 0.7282040 0.8468382 0.7546628 0.5656618 0.7883079 0.6081811 0.6707134 0.7538122 0.7166034 0.6817641 0.6817641 0.5081032 0.7334520 0.7249695 0.8286506 0.7842551 0.8541891 0.8026655 0.8208558 0.7900776 0.7783835 0.8011957 0.6817465 0.6383655 0.7823969 0.8234237 0.7885069 0.8429459 0.8204296 0.7582895 0.9202953 0.9425127 0.8069168 0.9409573 1.0171910 0.9220049 0.7178945 1.0175986 1.0795304 1.1145668 0.7890505 0.7639809 0.9169567 1.0098917 1.7272430 
Gracom_Gcom_scaffold15815_01                                       0.9004165 0.8663991 0.8237337 0.8324028 0.9263857 1.3305805 1.3279533 1.3203027 1.3260466 1.3912271 1.1396499 1.0417824 0.7702020 0.2803150 0.0000000 0.2546077 0.2311102 0.6594095 0.7078963 0.7325847 0.7110000 0.3737311 0.7883872 0.7491281 0.5061169 0.7210626 0.5472690 0.6454796 0.7487406 0.5665937 0.7682138 0.5905589 0.7856277 0.7878531 0.7512370 0.7686165 0.8276578 0.8285889 0.8387468 0.6005802 0.8617635 0.8104260 0.6756076 1.0650109 0.8005301 0.9187752 0.7786999 0.6564577 0.9188924 0.3259602 0.9402934 0.8504684 0.8450083 0.8867078 0.7475874 0.8243976 0.9113848 0.9303324 0.5909953 0.7676511 0.5979848 0.6453583 0.6988070 0.7525698 0.7276913 0.7276913 0.5194212 0.7267173 0.7216105 0.8020456 0.7823822 0.8568285 0.7809298 0.8547371 0.8115361 0.8002328 0.7999026 0.7570430 0.7537251 0.8217002 0.8125920 0.8114145 0.7899379 0.7848977 0.7687308 0.9173558 0.9684556 0.9187624 1.0077191 1.0772705 0.9014003 0.6926674 1.0045381 1.1136230 1.1027901 0.8525192 0.7102420 0.7917044 1.1236022 1.9259278 
Leuniv_Lniv_scaffold13877_01                                       0.8700461 0.9675952 0.8914644 0.8711317 0.9670308 1.3554487 1.3662491 1.3312489 1.3240745 1.4857080 1.1705332 1.0074284 0.8931900 0.2820442 0.2546077 0.0000000 0.2203929 0.6601457 0.7332282 0.6695706 0.6519890 0.3605243 0.7361184 0.7077344 0.4845378 0.7082120 0.5246173 0.6468111 0.7567992 0.5248525 0.7786922 0.4844249 0.8210887 0.8174866 0.8131227 0.8146420 0.8660307 0.8679983 0.8781050 0.6452546 0.9184704 0.8466539 0.6704691 0.9734589 0.6935580 0.8494319 0.6766686 0.5368597 0.8341889 0.2602730 0.8419777 0.7347920 0.7232729 0.8238371 0.7050971 0.8267356 0.8592904 0.7300896 0.5599823 0.7346963 0.5608266 0.6415263 0.6893282 0.7332981 0.6844002 0.6844002 0.5352472 0.7221549 0.7373305 0.8005271 0.7920070 0.8599814 0.7947778 0.8218692 0.7432481 0.7449941 0.7496268 0.6513981 0.6536070 0.7459058 0.7811138 0.7687033 0.7840787 0.7586377 0.7104838 0.8740106 0.9261425 0.8616347 0.9672684 1.0684469 0.9214610 0.6991504 0.9534951 1.0963582 1.0834130 0.8656470 0.7235473 0.7979976 1.0616832 2.1591139 
Clacor_Ccor_scaffold12831_01                                       0.6147533 0.7149540 0.7305564 0.6349567 0.7372030 1.0658267 1.0730920 1.0333820 1.0136423 1.0581256 1.0699524 0.7417105 0.2183009 0.2200781 0.2311102 0.2203929 0.0000000 0.4754429 0.5551012 0.4875716 0.4947432 0.3399477 0.5515587 0.5384626 0.4661216 0.4623936 0.4856906 0.6323394 0.7268813 0.5254171 0.5799374 0.3870855 0.6041928 0.5937690 0.5898654 0.6229910 0.6216446 0.6252365 0.6252365 0.6468291 0.6485696 0.6240409 0.6244030 0.8032561 0.6980467 0.8981757 0.6999957 0.5630719 0.6605463 0.2770869 0.6628867 0.6430118 0.6316825 0.7107006 0.5639891 0.8121675 0.7039220 0.8738327 0.5176257 0.5697694 0.5772853 0.5772853 0.5522216 0.5954277 0.5166937 0.5166937 0.5582386 0.5146721 0.5374693 0.5870545 0.6688257 0.6553306 0.6167714 0.6325199 0.5630469 0.5512116 0.5722797 0.6452883 0.6676085 0.5646809 0.5972653 0.5555256 0.5999896 0.6069179 0.5591158 0.6530489 0.6683142 0.8220491 0.6680063 0.7170291 0.6765224 0.5566161 0.8373511 0.8669616 0.8509703 0.6120940 0.7265014 1.0154401 0.6844672 2.2827653 
Bralan_BLAG19000165_1                                              0.7134157 0.7829632 0.8158774 0.7795613 0.7960754 1.0257129 1.0550002 1.0544066 1.0625576 1.0695507 0.8495112 0.8449398 0.6269625 0.6501710 0.6594095 0.6601457 0.4754429 0.0000000 0.4700984 0.4569281 0.4559781 0.2324173 0.4816872 0.4443712 0.2943100 0.4343962 0.3501914 0.3520286 0.4269997 0.3449146 0.4622650 0.3760746 0.5002900 0.4859357 0.4603271 0.4757957 0.5180200 0.5178495 0.5164306 0.3506498 0.5332783 0.4983645 0.3867361 0.6946069 0.6525206 0.8162923 0.6504201 0.5679737 0.6737076 0.3863026 0.6754999 0.6309839 0.6188220 0.7481196 0.5910508 0.5940972 0.7516046 0.6865095 0.3626658 0.4186089 0.5038932 0.6083508 0.3622624 0.4618325 0.5516491 0.5516491 0.4018335 0.3794477 0.4575029 0.5031446 0.5737896 0.6103028 0.5913354 0.6119080 0.6167548 0.7400264 0.7410165 0.5646813 0.6681975 0.7029874 0.6839780 0.6846933 0.7159372 0.7783096 0.7327231 0.6237214 0.7823003 0.6911262 0.8268073 0.8392836 0.7052939 0.5133711 0.7446768 0.7219820 0.8635973 0.7104476 0.4887092 1.3676098 0.8976297 2.1284023 
Morvir_scaffold98.g16.t2                                           0.7555919 0.8069512 0.7282092 0.8155866 0.8034562 1.1973021 1.2271476 1.2126916 1.2430885 1.2368548 0.9260727 1.0523798 0.6480032 0.7573275 0.7078963 0.7332282 0.5551012 0.4700984 0.0000000 0.5321173 0.5214975 0.1946752 0.5101960 0.4669539 0.2276712 0.4617445 0.2735569 0.2989625 0.3772767 0.3842105 0.5457709 0.3727022 0.4202692 0.3998131 0.3982213 0.3918270 0.6399423 0.6410751 0.6499286 0.4516593 0.6829312 0.6648999 0.5184632 0.8211157 0.6570580 0.8241806 0.6503470 0.5222554 0.7124745 0.2855413 0.7365517 0.6959551 0.6890168 0.8028309 0.6159490 0.6505626 0.8432678 0.5945880 0.3542935 0.5521420 0.5045044 0.6212709 0.6756948 0.6047761 0.6782700 0.6782700 0.4899862 0.5901964 0.6337127 0.5618726 0.5339246 0.6657330 0.6450879 0.6706099 0.6804220 0.8133149 0.7981038 0.5685102 0.6573553 0.7455458 0.7662271 0.7798131 0.8401671 0.8446145 0.8393840 0.7334916 0.8462597 0.7068832 0.9397414 0.8857022 0.8442645 0.7157170 0.7854661 0.8638492 1.0388893 0.7622250 0.6354298 1.5390108 1.0676627 2.2176115 
Spis_XP_022788144_1                                                0.7370594 0.8460650 0.7716877 0.7730210 0.8547193 1.2130807 1.2338020 1.1999870 1.2184703 1.2578833 0.9484176 0.9926582 0.5154044 0.6916834 0.7325847 0.6695706 0.4875716 0.4569281 0.5321173 0.0000000 0.0414175 0.0637545 0.1868164 0.2169484 0.0761937 0.2096265 0.1090338 0.1235952 0.2100293 0.3142083 0.5414095 0.2398684 0.4891496 0.4623066 0.4776223 0.4936834 0.6975043 0.6777688 0.6924493 0.5293980 0.7137583 0.6502966 0.5122752 0.6188896 0.6153327 0.7626035 0.6115065 0.4188113 0.6851327 0.2465795 0.7309212 0.6083216 0.5964104 0.7286608 0.5916198 0.7520272 0.7389448 0.6359697 0.3930769 0.5466969 0.5157681 0.6079687 0.5290672 0.5706671 0.6656352 0.6656352 0.4990290 0.5391405 0.5540141 0.5550965 0.5273532 0.6520706 0.6453468 0.5900086 0.6722990 0.7246467 0.7359294 0.5466513 0.5937612 0.7138434 0.7336739 0.7548409 0.8136627 0.7550706 0.8549114 0.7177287 0.7887178 0.7213719 0.8956651 0.8475368 0.8356736 0.6385856 0.7652184 0.8745415 1.0423034 0.9024401 0.5617760 1.5332454 0.8969942 2.0387796 
Pocdam_XM_027195588.1                                              0.7416980 0.8424922 0.7742552 0.7751079 0.8676985 1.2233976 1.2436539 1.2224511 1.2477759 1.2328970 0.9433594 1.0006687 0.6220346 0.6773600 0.7110000 0.6519890 0.4947432 0.4559781 0.5214975 0.0414175 0.0000000 0.0541602 0.1714602 0.2114621 0.0812579 0.2063173 0.1138852 0.1278233 0.2017603 0.3149105 0.5296533 0.2376232 0.4792387 0.4416865 0.4657155 0.4733429 0.6970063 0.6683303 0.6901027 0.5068282 0.7125941 0.6440759 0.5143929 0.6267303 0.6230019 0.7739897 0.6180718 0.4256054 0.6814377 0.2481852 0.7124641 0.6100257 0.5981457 0.7229245 0.6014838 0.7891891 0.7460140 0.6321581 0.3816416 0.5479643 0.5245028 0.6136075 0.5270357 0.5767945 0.6485919 0.6485919 0.5084134 0.5289463 0.5577837 0.5499470 0.5229876 0.6380840 0.6516478 0.5922617 0.6632831 0.7053292 0.7215495 0.5521094 0.6244359 0.7151296 0.7379786 0.7363263 0.7956871 0.7263404 0.8499264 0.7144721 0.7815513 0.7175196 0.8797664 0.8241053 0.8204559 0.6353073 0.7932514 0.8959862 1.0358524 0.9235384 0.5516581 1.4903355 0.9108483 2.0294733 
Fspp_ffun1.m4.10515.m1                                             0.4243120 0.4320120 0.3875101 0.4110419 0.3809216 0.9561570 0.9609596 0.9353098 0.9703661 0.8567675 0.8567675 0.5082511 0.0000010 0.2918224 0.3737311 0.3605243 0.3399477 0.2324173 0.1946752 0.0637545 0.0541602 0.0000000 0.0444813 0.0902003 0.0493935 0.0848183 0.0673398 0.1360346 0.0854849 0.1516142 0.1764183 9.0000000 0.1889146 0.1952999 0.1982044 0.1970988 0.2368669 0.2474574 0.2474574 0.1905760 0.2368669 0.2364368 0.2364368 0.2012431 0.3183099 0.3183099 0.3183099 0.2685551 0.2453810 0.1686174 0.3178459 0.2738579 0.2623419 0.3045796 0.3096808 0.0000010 0.3216669 0.3350332 0.1463570 0.2351144 0.3168694 0.3168694 0.2474302 0.2166105 0.3659807 0.3659807 0.3445877 0.2992511 0.2902486 0.2423458 0.2673224 0.2834327 0.3625537 0.3142509 0.2973330 0.3606259 0.3829950 0.3829950 0.4236853 0.4190529 0.4103656 0.3961056 0.3421438 0.4020961 0.4083827 0.3018304 0.3514915 0.2812335 0.3820623 0.3746777 0.3784876 0.3076095 0.5891862 0.5881108 0.5453429 0.5791461 0.6888889 4.4838603 0.3059378 0.0000010 
Gfas_gfas1.m1.7142.m1                                              0.7907617 0.9263844 0.8433517 0.8329137 0.8828189 1.2963768 1.3331133 1.3019283 1.3270113 1.2266038 0.9217550 0.9985004 0.8283083 0.7251395 0.7883872 0.7361184 0.5515587 0.4816872 0.5101960 0.1868164 0.1714602 0.0444813 0.0000000 0.1736483 0.0367319 0.1840289 0.0498011 0.0777710 0.1572746 0.3127425 0.5143607 0.3081510 0.5175088 0.4833951 0.5123765 0.5236253 0.6671347 0.6446955 0.6695749 0.4796056 0.6940717 0.6158786 0.4922914 0.5032470 0.6475560 0.8408625 0.6323816 0.4409197 0.7214858 0.2615517 0.7896239 0.6292638 0.6207516 0.7086247 0.5907844 0.8586271 0.7855689 0.5845640 0.3872680 0.5440709 0.5841817 0.6732182 0.5931694 0.5783006 0.7266602 0.7266602 0.5367722 0.5632070 0.6299759 0.5474195 0.5485383 0.6478857 0.6719317 0.5689276 0.7329654 0.7498435 0.7442395 0.5443655 0.6721985 0.7781935 0.7851651 0.7486740 0.8331283 0.7901919 0.9102132 0.7718536 0.8787977 0.7187844 0.9646215 0.9149188 0.8651671 0.6283277 0.8723290 0.9174524 1.1095656 0.9139092 0.6037981 1.4814223 0.9749326 2.0292841 
Amil_Amillepora21489-RA                                            0.7663677 0.8861772 0.8060313 0.8033299 0.8600352 1.2386890 1.2661491 1.2429472 1.2734974 1.1348005 0.9033277 0.9479001 0.6084744 0.6946113 0.7491281 0.7077344 0.5384626 0.4443712 0.4669539 0.2169484 0.2114621 0.0902003 0.1736483 0.0000000 0.0088305 0.0209700 0.0656250 0.0500143 0.0870691 0.3039803 0.5294421 0.3007046 0.4849868 0.4488934 0.4924432 0.5272288 0.6502693 0.6249571 0.6445715 0.4818893 0.6725085 0.6228506 0.5179709 0.6045969 0.6351832 0.7872574 0.6319014 0.4614218 0.6657885 0.2790758 0.7373843 0.6078690 0.6003253 0.7159995 0.5566961 0.7166367 0.8111095 0.6071904 0.3872292 0.5182544 0.5467333 0.6421360 0.5714785 0.5635232 0.6935889 0.6935889 0.4720699 0.5432438 0.5967656 0.5307641 0.5138167 0.6145285 0.6478282 0.5699753 0.6654428 0.7114303 0.7152760 0.5660342 0.6119827 0.6870448 0.7441070 0.7672000 0.7868638 0.7431804 0.8588133 0.7363996 0.8156424 0.7510828 0.8982574 0.8754868 0.8197872 0.6620941 0.7850725 0.8857977 1.0094568 0.8768653 0.5923069 1.5266955 0.9222246 1.9816099 
Amil_Amillepora21492-RA                                            0.5256413 0.5268821 0.4921538 0.5897566 0.6473833 1.1489898 1.1676614 1.1229379 1.1245377 1.1953840 1.1953840 0.9851041 0.0000010 0.4462991 0.5061169 0.4845378 0.4661216 0.2943100 0.2276712 0.0761937 0.0812579 0.0493935 0.0367319 0.0088305 0.0000000 0.0170507 0.0728119 0.0549689 0.0343769 0.3082673 0.2979243 0.0000010 0.2933982 0.2945637 0.2426228 0.2786447 0.3707084 0.3633855 0.3633855 0.1605485 0.3800700 0.4231145 0.4231145 1.5535474 0.4746246 0.4746246 0.4746246 0.3950835 0.3840362 0.1819190 0.3910115 0.3830067 0.3830067 0.4621294 0.4782252 0.0000010 0.4311086 0.5248018 0.2179786 0.3409055 0.3861023 0.3861023 0.3924799 0.3841378 0.4434864 0.4434864 0.4607812 0.4307260 0.4090041 0.2980511 0.3890336 0.5746432 0.5385124 0.4444928 0.4460046 0.4475505 0.4242885 0.4242885 0.4460436 0.3819562 0.4226711 0.4636401 0.4374787 0.4425093 0.5772728 0.5486503 0.5437717 0.3031332 0.5783952 0.4955812 0.6657834 0.3410207 0.6497534 0.6842987 0.7250526 0.6583927 0.1482543 6.5764803 0.0000010 0.0000010 
Adig_XM_015896301.1                                                0.7370793 0.8300167 0.7415229 0.7623408 0.8258563 1.2272669 1.2416374 1.2316456 1.2685791 1.1737766 0.8590333 0.9404145 0.6084744 0.6396550 0.7210626 0.7082120 0.4623936 0.4343962 0.4617445 0.2096265 0.2063173 0.0848183 0.1840289 0.0209700 0.0170507 0.0000000 0.0539748 0.0648595 0.0968737 0.2843602 0.5410235 0.3630770 0.4802119 0.4479644 0.4843697 0.5324223 0.6356399 0.5858768 0.6091783 0.2355161 0.6341739 0.6053998 0.4751974 0.6594726 0.5201332 0.5362905 0.4646426 0.4432208 0.5717939 0.2561052 0.6622078 0.5003384 0.4958285 0.6155623 0.5493935 0.2550703 0.6939574 0.6262881 0.3711172 0.5246220 0.4941175 0.6125860 0.5778424 0.5946861 0.6757878 0.6757878 0.3930989 0.6072197 0.5746174 0.5674698 0.5397164 0.6464770 0.6445955 0.5304051 0.6517117 0.7343523 0.7409855 0.5437944 0.6389913 0.7519232 0.7865333 0.7920130 0.7664408 0.7484940 0.8609503 0.7467711 0.7201651 0.4769434 0.8060341 0.7999382 0.8039027 0.6387173 0.7654754 0.8360514 0.9449036 0.7975162 0.5058613 1.8469183 0.8440081 2.2234854 
Amil_Amillepora21495-RA                                            0.5866366 0.6342440 0.5921825 0.6793525 0.7704044 1.3807723 1.4048869 1.3503417 1.3078029 1.3062894 1.3062894 1.0885756 0.0000010 0.4708021 0.5472690 0.5246173 0.4856906 0.3501914 0.2735569 0.1090338 0.1138852 0.0673398 0.0498011 0.0656250 0.0728119 0.0539748 0.0000000 0.1168293 0.0719907 0.3605973 0.3429369 0.0000010 0.3347811 0.3483071 0.2916234 0.3303425 0.4623044 0.4532218 0.4532218 0.1937305 0.4719646 0.4796884 0.4796884 1.5910868 0.5810749 0.5810749 0.5810749 0.4624436 0.4507152 0.1610512 0.4588905 0.4506821 0.4506821 0.5217476 0.5615540 0.0000010 0.3882661 0.6128615 0.2575271 0.4002842 0.4098782 0.4098782 0.4736815 0.5168453 0.5264065 0.5264065 0.5296814 0.5184301 0.4889468 0.3662996 0.4335108 0.6572026 0.6137213 0.5007391 0.5147726 0.5456842 0.5189410 0.5189410 0.5612345 0.4701213 0.4555976 0.5374049 0.4921026 0.5132943 0.6611978 0.6147181 0.6387267 0.3430862 0.6785725 0.5871514 0.7534817 0.3833689 0.7440572 0.8014198 0.8439480 0.6656276 0.1785489 5.9001812 0.0000010 0.0000010 
Adig_XM_015897843.1                                                0.6766806 0.6986930 0.6220939 0.6855646 0.7553891 1.5066059 1.5912510 1.4901233 1.6187861 1.4831403 1.4831403 1.0909829 0.0000010 0.5953605 0.6454796 0.6468111 0.6323394 0.3520286 0.2989625 0.1235952 0.1278233 0.1360346 0.0777710 0.0500143 0.0549689 0.0648595 0.1168293 0.0000000 0.0731669 0.3638536 0.3753758 0.0000010 0.3626244 0.3639265 0.3152556 0.3491383 0.4651646 0.4569750 0.4569750 0.1698740 0.4738240 0.5249801 0.5249801 1.7242484 0.6980708 0.6980708 0.6980708 0.5313311 0.5197592 0.2135994 0.5674511 0.5376845 0.5376845 0.6272721 0.6305448 0.0000010 0.6584546 0.6919449 0.2792762 0.4525693 0.5287774 0.5287774 0.4967135 0.4336187 0.6634466 0.6634466 0.5527717 0.5172026 0.4616076 0.4302535 0.5710708 0.5891795 0.6265952 0.5376757 0.5637901 0.6502051 0.6231064 0.6231064 0.6741539 0.5800220 0.6366422 0.6702326 0.5975100 0.6628083 0.7293660 0.6313801 0.6535551 0.2978034 0.6500673 0.6315899 0.8014641 0.3628039 0.8693038 0.9552885 0.9339964 0.7691845 0.1810835 6.4211370 0.0000010 0.0000010 
Adig_XM_015896302.1                                                0.8342012 0.9491414 0.8996732 0.7677358 0.7815060 1.4189150 1.4656237 1.3798795 1.4109465 1.2100116 1.2317120 1.0312968 0.4653933 0.7446815 0.7487406 0.7567992 0.7268813 0.4269997 0.3772767 0.2100293 0.2017603 0.0854849 0.1572746 0.0870691 0.0343769 0.0968737 0.0719907 0.0731669 0.0000000 0.4005292 0.4147040 2.3427132 0.4066765 0.3719432 0.3783492 0.3994060 0.5691163 0.5767467 0.5767467 0.5300166 0.6072990 0.5787608 0.5787608 0.5079809 0.8748077 0.8218044 0.8802226 0.4721819 0.7816531 0.2336699 0.8012025 0.8172231 0.8000524 0.7734305 0.6388424 1.7315257 0.8341979 0.5666828 0.3710478 0.4714436 0.7369884 0.7369884 0.5507165 0.4938229 0.6914955 0.6914955 0.6817190 0.4957062 0.5610083 0.4267130 0.4885170 0.5656759 0.6340447 0.6912096 0.6723132 0.7122431 0.7231654 0.5708701 0.6163535 0.7216175 0.7634933 0.7626602 0.8283178 0.8216658 0.8761182 0.6373299 0.7984062 0.7145442 0.8041465 0.7695074 0.8368339 0.6373345 0.9277157 1.1991517 1.2087446 0.8165725 0.7249358 2.6371786 1.4657907 3.9849651 
Nvec_v1g204823                                                     0.6087475 0.6263932 0.6119343 0.5905547 0.6512352 0.8774992 0.8866879 0.8973484 0.9067444 0.9014921 0.8736990 0.7378974 0.4133008 0.5359382 0.5665937 0.5248525 0.5254171 0.3449146 0.3842105 0.3142083 0.3149105 0.1516142 0.3127425 0.3039803 0.3082673 0.2843602 0.3605973 0.3638536 0.4005292 0.0000000 0.4105028 0.2479162 0.3743349 0.3607762 0.4006112 0.3804098 0.4712996 0.4859720 0.4859720 0.4326934 0.4919363 0.4563323 0.4566030 0.4091636 0.6589136 0.7949632 0.6359840 0.4352502 0.5987305 0.2679061 0.6159115 0.5522832 0.5432184 0.6336336 0.5122416 0.8066472 0.6498756 0.5659787 0.3315999 0.3692640 0.4887813 0.4887813 0.4241783 0.4719874 0.5500095 0.5500095 0.4423612 0.3912821 0.5175535 0.4552821 0.4861762 0.4641793 0.4597945 0.4502133 0.4875461 0.5329356 0.5348353 0.5473071 0.6013588 0.5599053 0.5433284 0.5620578 0.6031489 0.6401004 0.6062120 0.5306255 0.6729969 0.7821869 0.7107403 0.7318680 0.6380664 0.4912955 0.7557268 0.7847998 0.7818026 0.7203621 0.5674239 1.2022241 0.6415402 1.9958611 
Dgig_XM_028550071.1                                                0.7797526 0.8689086 0.7909229 0.7958747 0.8314418 0.9999700 0.9899868 0.9726452 0.9839870 0.9388824 0.7968486 0.9147618 0.6389627 0.7474566 0.7682138 0.7786922 0.5799374 0.4622650 0.5457709 0.5414095 0.5296533 0.1764183 0.5143607 0.5294421 0.2979243 0.5410235 0.3429369 0.3753758 0.4147040 0.4105028 0.0000000 0.5136853 0.5150908 0.4641734 0.4676575 0.4851515 0.5845532 0.5801000 0.5919325 0.3924967 0.6529781 0.6108397 0.4951224 0.7655482 0.6718212 0.7179036 0.6275526 0.4711031 0.7063151 0.2557141 0.7947419 0.6939566 0.6830523 0.7574368 0.6490553 0.8117151 0.7520780 0.5596197 0.2045714 0.6027459 0.5635188 0.6864723 0.6335107 0.6193974 0.6993386 0.6993386 0.5408287 0.5727826 0.6154186 0.5619923 0.6227708 0.7047201 0.7139822 0.6637191 0.6766720 0.7772491 0.7790095 0.5596903 0.6813739 0.8120453 0.7890930 0.7302008 0.8425867 0.7838300 0.8323679 0.7471154 0.7940485 0.6186810 0.8211373 0.8605519 0.8277051 0.6544199 0.7721722 0.8898478 0.9376576 0.7663765 0.6436387 1.4766747 1.1130017 2.7372782 
Fspp_ffun1.m4.10513.m1                                             0.5675045 0.4449588 0.5220521 0.5841969 0.6205083 0.8266165 0.8393111 0.8402548 0.8402548 0.9451199 0.6638635 0.6047151 0.6514654 0.5110170 0.5905589 0.4844249 0.3870855 0.3760746 0.3727022 0.2398684 0.2376232 9.0000000 0.3081510 0.3007046 0.0000010 0.3630770 0.0000010 0.0000010 2.3427132 0.2479162 0.5136853 0.0000000 0.4763344 0.4469460 0.4741922 0.5229112 0.5833956 0.5711982 0.5711982 1.1390201 0.5975834 0.5580234 0.5356377 0.3456010 0.4568108 1.5373593 0.4152940 9.0000000 0.4228096 8.9999990 0.4113789 0.4320208 0.4320208 0.4829370 0.5002432 0.2945511 0.6178056 0.0000010 0.4829294 0.4691457 0.4047914 0.4047914 0.4026894 0.4926331 0.4540469 0.4540469 0.2549306 0.4374670 0.5306723 0.4820507 0.4448725 0.4485585 0.4432478 0.3467010 0.4418660 0.5647294 0.5254564 9.0000000 0.0000010 0.5217768 0.5563276 0.5843745 0.6160178 0.5558626 0.5834664 0.5097660 0.6781579 1.7799339 0.7219775 0.6638359 0.5446531 0.5125998 0.6075193 0.5668526 0.6246757 0.6668288 0.3528703 0.5627969 0.4320208 2.1360114 
Nemnom_g11342.t1                                                   0.7829168 0.8020577 0.7767434 0.8165793 0.8536089 1.1203547 1.1521865 1.1309716 1.1589881 1.2005317 0.9456906 0.9724783 0.8884545 0.8231296 0.7856277 0.8210887 0.6041928 0.5002900 0.4202692 0.4891496 0.4792387 0.1889146 0.5175088 0.4849868 0.2933982 0.4802119 0.3347811 0.3626244 0.4066765 0.3743349 0.5150908 0.4763344 0.0000000 0.0853428 0.1963802 0.2772628 0.6733006 0.6703960 0.6767695 0.4363507 0.6897733 0.6513241 0.5454481 0.7769751 0.7220923 0.8258579 0.6845030 0.4913061 0.7263018 0.2755660 0.7826889 0.7060365 0.6956075 0.8289729 0.6220236 0.7641063 0.8340310 0.6366952 0.3621360 0.6154798 0.5536320 0.6742194 0.6400591 0.6495692 0.7165641 0.7165641 0.5072089 0.5986917 0.6878281 0.5329777 0.5434972 0.6603038 0.7223766 0.7042380 0.7114555 0.7454157 0.7700520 0.5760705 0.6423952 0.7486783 0.7631295 0.8541706 0.8135842 0.8396277 0.8658289 0.6488954 0.8458312 0.7077386 0.9037627 0.9282082 0.8214629 0.6801785 0.8718333 0.9367293 1.0293402 0.8962530 0.6610032 1.6653793 1.0812937 2.3375628 
Rhoesc_Res_012758-T1                                               0.7869238 0.8163706 0.7843722 0.8198196 0.8678264 1.1413920 1.1565872 1.1238836 1.1608458 1.1754989 0.9448704 0.9892702 0.8967090 0.8343578 0.7878531 0.8174866 0.5937690 0.4859357 0.3998131 0.4623066 0.4416865 0.1952999 0.4833951 0.4488934 0.2945637 0.4479644 0.3483071 0.3639265 0.3719432 0.3607762 0.4641734 0.4469460 0.0853428 0.0000000 0.1652867 0.2717735 0.6733854 0.6743976 0.6807844 0.4712334 0.6975645 0.6716135 0.5436176 0.7535216 0.7266502 0.8378419 0.6939625 0.4938771 0.7339170 0.2758182 0.7829039 0.7158571 0.7054153 0.8285477 0.6580861 0.8167332 0.8190751 0.6334958 0.3441012 0.5922634 0.5543402 0.6643387 0.6135402 0.6399222 0.6799145 0.6799145 0.4953589 0.6008872 0.6419246 0.4997056 0.5661514 0.6585278 0.7148499 0.7080162 0.6940864 0.7612389 0.7713552 0.5955348 0.6608589 0.7466100 0.7709061 0.8161117 0.7994370 0.8211129 0.8739301 0.6465942 0.8149191 0.7135128 0.8991946 0.9185793 0.8264682 0.7154099 0.8769192 0.9309157 1.0215397 0.8858777 0.6678507 1.6501571 1.0276363 2.3079650 
Aaur_scaffold871.g8.t1                                             0.8096711 0.8651123 0.8203956 0.8734492 0.9062570 1.1972430 1.2120904 1.1710689 1.2235852 1.2025788 0.9609740 1.0225423 0.8536151 0.8091496 0.7512370 0.8131227 0.5898654 0.4603271 0.3982213 0.4776223 0.4657155 0.1982044 0.5123765 0.4924432 0.2426228 0.4843697 0.2916234 0.3152556 0.3783492 0.4006112 0.4676575 0.4741922 0.1963802 0.1652867 0.0000000 0.2567177 0.6574284 0.6626097 0.6734879 0.4659352 0.6840906 0.6617424 0.5353511 0.7754054 0.7097406 0.8083114 0.6782854 0.5137586 0.7499832 0.3043383 0.8031941 0.7146985 0.7043893 0.8294307 0.6526654 0.7330495 0.8381698 0.5786850 0.3447740 0.5914704 0.5371589 0.6508384 0.6359595 0.6123508 0.6947723 0.6947723 0.4968628 0.5902543 0.6388197 0.4892584 0.5512615 0.7077510 0.6929484 0.7513314 0.7588285 0.7589537 0.7677954 0.5752218 0.6599107 0.7305172 0.7742069 0.7701630 0.7618247 0.8226131 0.8435882 0.6798168 0.8416423 0.7092680 0.9144301 0.8942704 0.8431989 0.7059670 0.8355649 0.9215269 0.9959032 0.8068499 0.6138688 1.6905576 1.0725762 2.2645636 
Sanmal_Sma_016776-T1                                               0.7970213 0.8922944 0.8329461 0.8281292 0.8286884 1.1932478 1.1795582 1.1756854 1.2091390 1.1561824 0.9091815 1.0678453 0.7394085 0.8505766 0.7686165 0.8146420 0.6229910 0.4757957 0.3918270 0.4936834 0.4733429 0.1970988 0.5236253 0.5272288 0.2786447 0.5324223 0.3303425 0.3491383 0.3994060 0.3804098 0.4851515 0.5229112 0.2772628 0.2717735 0.2567177 0.0000000 0.6985717 0.6962749 0.7061222 0.4558774 0.7289049 0.7029386 0.5406298 0.7050563 0.7129158 0.8309418 0.6761288 0.5501873 0.7444302 0.3150173 0.7892762 0.7304234 0.7217334 0.8002473 0.6507712 0.7025776 0.8500618 0.6757291 0.3882782 0.5767435 0.5588310 0.6496658 0.6288377 0.6448425 0.7660141 0.7660141 0.5280656 0.6063447 0.6234901 0.5337738 0.5163441 0.6862738 0.7133665 0.7061501 0.7254909 0.8508911 0.8487550 0.6561936 0.7416219 0.8059228 0.8142521 0.8110710 0.8492736 0.8447286 0.9393824 0.6970211 0.8292267 0.7041549 1.0106053 0.9322585 0.8696040 0.7756158 0.8202016 0.9026861 1.0388420 0.9048156 0.5836630 1.6512584 1.1009628 2.2272835 
HoiH23_PlH23_000828-RA                                             0.8437371 0.8435593 0.7920702 0.8276048 0.8562985 0.7491426 0.7618426 0.7669719 0.7803479 0.7105532 0.5997612 0.8993677 0.7431720 0.8014167 0.8276578 0.8660307 0.6216446 0.5180200 0.6399423 0.6975043 0.6970063 0.2368669 0.6671347 0.6502693 0.3707084 0.6356399 0.4623044 0.4651646 0.5691163 0.4712996 0.5845532 0.5833956 0.6733006 0.6733854 0.6574284 0.6985717 0.0000000 0.0351543 0.0348608 0.0161243 0.0820818 0.1323918 0.1029598 0.9232817 0.7586159 0.8570175 0.7410224 0.5437851 0.8631686 0.3068234 0.9306643 0.7766946 0.7631758 0.8805497 0.6600636 0.8786958 0.8703781 0.6870791 0.4941874 0.6487423 0.6363336 0.7254760 0.6755824 0.7167458 0.7264943 0.7264943 0.5731677 0.5716256 0.7498844 0.6832380 0.5905621 0.6617281 0.7386772 0.6769858 0.7660368 0.8853585 0.8790189 0.6270819 0.7564587 0.8783145 0.8662360 0.8297150 0.8625889 0.9301325 0.8685432 0.8101191 0.7804634 0.6598392 0.8179263 0.8754482 0.7817355 0.7040896 0.8616762 0.9378818 0.9276592 0.8338033 0.6446298 1.6392885 1.1878943 2.8900920 
