93
Xestes_augustus_masked-XT_scaffold167838-processed-gene-0.0-mRNA-1 0.0000000 0.9204853 0.8924334 1.0081379 1.1743031 1.4505928 1.2133797 1.1984410 1.3960640 1.4354275 1.5461673 1.5461673 1.5924168 1.5924168 1.5436458 1.1930469 1.1024267 1.1963849 1.0249807 1.3563118 1.4008703 1.4725097 1.2199938 1.2352597 1.3233793 1.4329666 1.5136904 1.5873452 1.3914448 1.6561434 1.5369700 1.6427809 1.4658267 1.7124475 1.3098198 1.4168145 1.5048093 1.4724739 1.4858296 1.3553989 1.8287649 1.3906190 1.7165498 1.3697175 1.4170946 1.4119097 1.4197509 1.5032054 1.6178127 1.4615270 1.6004900 1.5032935 1.1772708 1.9260462 1.1850318 1.7229349 1.4730134 1.8038063 1.4416756 1.0997553 1.4671304 2.0084682 1.6778648 1.6550437 1.6684077 1.9622080 1.8189984 1.8049464 2.2967937 2.2967937 2.0008994 2.5085254 2.0830614 0.0000010 5.1876349 1.9365722 2.1102893 2.0519947 2.0235715 2.0235715 2.0960932 2.0960932 1.9216374 1.4429898 1.1792877 1.5773256 1.5314902 1.7995814 1.8544526 1.9327542 2.1449764 2.3333772 1.7017128 
Aaur_scaffold10.g80.t1                                             0.9204853 0.0000000 1.1454642 1.1696341 1.6722843 2.0854418 1.6938576 1.5514988 1.3980927 1.3197995 1.4093156 1.4093156 1.5847354 1.5847354 1.7827812 1.5529522 1.4726608 1.6917954 1.4761981 1.4662372 1.5329488 1.3334275 1.4895033 1.6787200 1.6520092 1.6731602 1.6030570 1.4821592 1.4936785 1.9071087 1.8983375 2.0347370 1.9238229 2.1926149 1.9867586 2.1161844 1.9248113 1.9481636 1.8776414 1.4022743 2.2723278 2.0480036 1.9963573 2.2585958 2.4276816 2.6283874 2.5154647 2.1866118 2.1246088 2.0769877 1.8222306 1.9172306 1.9345478 2.1803830 1.8619503 1.6976179 1.9500663 2.1884684 1.7472428 1.2121237 1.3794015 2.1037180 2.5321647 2.0490903 2.1534520 2.0111219 2.0227800 4.6708045 2.2487554 2.2487554 1.9581527 1.9897045 2.0353610 6.2927460 6.2048465 1.9011764 1.8835433 1.9275252 2.1417197 2.1417197 2.0417716 2.0417716 2.2940881 1.7106847 2.0938213 1.7717009 1.6227823 2.3975430 2.2807782 2.2849644 2.2460740 2.4011902 2.5363742 
Stycar_snap_masked-SC_scaffold70841-processed-gene-0.4-mRNA-1      0.8924334 1.1454642 0.0000000 0.9168338 1.5173271 1.8550385 1.6727770 1.3907049 1.6393138 1.6730169 1.5680640 1.5680640 1.9744072 1.9744072 1.8394643 1.3861992 1.4083245 1.5358539 1.4546737 1.6373666 1.6071230 1.7119622 1.4905730 1.7436448 1.6544519 1.7489515 1.6585641 1.7020662 1.5796698 1.7168161 1.4140149 1.5062868 1.5701790 1.9799016 1.9124245 2.0238557 1.8668502 1.7230769 2.0401376 1.3829446 1.9962187 2.1349130 2.1094368 1.6559217 2.1349460 1.8906272 2.2420516 2.3453501 2.1485940 1.9235309 1.7593775 2.0232308 2.0023689 2.2362389 1.7940903 1.0252503 1.4156531 1.5120385 1.7475504 1.3830941 1.2305113 1.5410933 2.2483406 1.5726624 1.7144167 1.8937193 1.8382598 4.4465569 2.2687670 2.2687670 1.9909890 2.0026105 2.0567252 0.0000010 5.0607918 1.9049303 2.1813219 2.0085482 1.9774416 1.9774416 2.1480922 2.1480922 2.0125907 1.6680070 1.4896083 1.8746564 1.2476412 2.4981576 2.2797130 2.2014978 2.3219402 2.5846310 2.4517244 
Xestes_augustus_masked-XT_scaffold119503-processed-gene-0.2-mRNA-1 1.0081379 1.1696341 0.9168338 0.0000000 1.6149980 1.7456265 1.6496083 1.6585454 1.8172572 1.8666671 1.8002727 1.8002727 1.8789826 1.8789826 1.7450189 1.7070132 1.5583659 1.6799537 1.5129966 1.5338775 1.8552081 1.5783723 1.5880886 2.1630443 1.8923070 1.9534071 1.7721825 1.7179724 1.7565818 1.8444709 1.7555734 1.6177750 2.0414241 2.0022785 1.8300846 2.0588996 2.1007536 1.9307308 2.0808323 1.5597833 2.1457554 2.0223846 2.0942767 1.8743621 2.1910717 2.2580514 2.5420580 2.3756353 2.3263723 1.9631123 1.9345412 1.9400991 2.1695353 2.1556702 1.5368549 1.6672302 1.7670273 1.5679429 1.9444905 1.2386950 1.0773829 1.5241890 2.3066533 1.7357190 1.6501033 2.0452931 1.9903718 4.6401384 2.1335914 2.1335914 1.8965196 2.0560474 2.0366315 3.5373386 6.4132452 1.8679774 2.1177520 1.9410972 2.1454383 2.1454383 2.1059013 2.1059013 2.1440323 1.5034001 2.0151692 1.7106751 1.6813966 1.8874271 2.1565513 2.1716178 2.3027110 2.3451815 2.2449924 
Bralan_BLAG07000858_1                                              1.1743031 1.6722843 1.5173271 1.6149980 0.0000000 0.3680738 0.8655064 0.8900861 0.8820874 0.8720996 0.9980866 0.9980866 1.1114096 1.1114096 1.0086884 1.2277568 1.1519572 1.3023950 1.1098437 1.0418448 1.1279133 0.7851416 1.3172879 1.3406708 1.3513559 1.4028875 1.4900528 1.4848334 1.3611384 1.5686661 1.2778751 1.4723731 1.6540936 1.3833766 1.2443572 1.1895272 1.5496673 1.5020627 1.4151790 1.3306779 1.8343946 1.4664224 1.7056887 1.4058776 1.9109336 2.1874830 2.2348994 1.8810302 1.8824187 1.6242833 1.5745515 1.7195760 1.4547027 1.4395816 1.4679340 1.3546270 1.6725089 1.7321313 1.4252106 1.4614221 1.4525251 1.9818144 1.6157050 1.6193866 1.9021503 1.5874555 1.5880050 4.2500802 1.9202233 1.9202233 1.4079258 1.6083464 1.4740344 8.9999982 5.3429564 1.5884720 1.4640076 1.5822937 1.8152499 1.8152499 1.7570679 1.7570679 1.8354944 1.7646925 2.2261086 1.7525605 1.7079218 2.2850816 2.6928234 2.8713266 3.0918168 3.2468480 2.4830633 
Bralan_BLAG15000490_1                                              1.4505928 2.0854418 1.8550385 1.7456265 0.3680738 0.0000000 1.2841397 1.0656813 1.0497033 1.2540562 1.2317292 1.2317292 1.3103820 1.3103820 1.1194383 1.6194100 1.6158784 1.7775710 1.4710839 1.1777967 1.5096670 0.9432062 1.6546802 1.6261955 1.8071518 1.8563471 1.8604397 1.8804550 1.6942987 1.9290849 1.5272525 1.7611462 1.8730601 1.5287779 1.4638975 1.2710902 1.6971141 1.7884124 1.6570530 1.3785858 2.2248339 1.9939284 2.3378888 1.8685649 2.3536759 2.8805091 2.9500874 2.5216405 2.2776010 2.3758157 2.3395898 2.2355747 2.0433695 1.5411141 1.8794535 1.3413356 1.7497190 1.8116730 1.8277765 1.4907570 1.4920315 2.1854261 1.7991221 1.6531843 2.0635180 1.5362973 1.5239778 3.6057563 2.0544311 2.0544311 1.4403759 1.3891376 1.4968626 5.0027265 5.4294320 1.6948038 1.7509789 1.7497439 1.8462658 1.8462658 1.8149793 1.8149793 1.8354363 1.5714012 2.2170361 1.8482671 1.9005416 2.6744468 3.0436877 3.3173988 3.3406769 3.5078499 2.8475751 
Spur_XM_783779.5                                                   1.2133797 1.6938576 1.6727770 1.6496083 0.8655064 1.2841397 0.0000000 0.8871852 1.2434363 1.0487487 1.4151356 1.4151356 1.3364784 1.3364784 1.0343592 1.1691288 1.0382475 1.1175959 1.0768984 1.2141806 1.0576075 0.9619514 1.1772747 1.4617535 1.2299035 1.2748123 1.2785285 1.3087459 1.1802575 1.4599708 1.2102566 1.2276633 1.4736950 1.5694262 1.4234711 1.2746787 1.5223374 1.3235291 1.2828543 1.2679751 1.5063880 1.3405563 1.4656810 1.4231578 1.5927377 1.8007119 1.8453952 1.5948202 1.6915674 1.5647381 1.3008675 1.4120566 1.4464624 1.5049403 1.1744985 1.6116910 1.7288609 1.6941253 1.4244474 1.5260130 1.5888068 1.9131599 1.7344839 1.4769252 1.6895780 1.4115919 1.4655284 5.0606599 1.6929959 1.6929959 1.4255003 1.5987517 1.5589258 5.4154335 7.8657307 1.4299613 1.4684144 1.6099909 1.8486328 1.8486328 1.8019668 1.8019668 1.8337189 1.7799565 2.4525036 2.0884344 1.4645613 2.3880906 2.3964972 2.4173548 2.5074517 2.6126956 2.2086495 
Cgig_XM_011458472.3                                                1.1984410 1.5514988 1.3907049 1.6585454 0.8900861 1.0656813 0.8871852 0.0000000 0.7289492 0.8589179 0.8530560 0.8530560 1.1199341 1.1199341 0.8705113 0.8573815 0.8588882 0.8901601 0.8053829 0.9014471 0.9055553 0.8737383 1.0591991 1.2439320 1.2227174 1.2264305 1.2518978 1.3442706 1.1853689 1.3316738 0.9654568 1.3343417 1.4486202 1.3869492 1.3221525 1.3569107 1.4657202 1.3321722 1.1588543 1.1170857 1.3143645 1.2328344 1.3714120 1.2005948 1.3149882 1.3845332 1.4812627 1.3052119 1.3045485 1.4704017 1.2430649 1.1464301 1.4129970 1.1451870 1.1753486 1.4189705 1.5229878 1.6678682 1.2804692 1.3309654 1.4654001 2.1055553 1.3185857 1.3858818 1.7439898 1.3953012 1.4035443 2.1735901 1.8344305 1.8344305 1.4140110 1.5531215 1.5086899 4.0129300 7.1590801 1.4420762 1.4111895 1.5487572 1.6908045 1.6908045 1.6581850 1.6581850 1.4723250 1.7702895 2.2371441 1.7367915 1.8677748 2.1378134 2.3515936 2.4302665 2.2463187 2.5274082 2.2648395 
HoiH23_PlH23_003285-RA                                             1.3960640 1.3980927 1.6393138 1.8172572 0.8820874 1.0497033 1.2434363 0.7289492 0.0000000 0.1593807 0.3245566 0.3245566 0.3742511 0.3742511 0.9439548 1.0696083 1.1163032 1.1802534 1.0058872 0.9190487 0.9996069 0.9738616 1.2093750 1.4175197 1.2884627 1.3173383 1.3173019 1.3202560 1.1471666 1.3486979 1.2790931 1.4024698 1.6487923 1.2398240 1.3023337 1.3258873 1.4501532 1.5312239 1.1755179 1.4371890 1.1039804 1.6378055 1.5194422 1.3149100 1.6295459 1.7378226 1.5087260 1.3491334 1.3507416 1.4096076 1.4313978 1.2281247 1.3831386 1.1553287 1.4229969 1.3901795 1.8970624 1.8011954 1.4884416 1.6919376 1.7757619 2.0249652 1.4287208 1.6418696 1.9083343 1.5215715 1.5614141 2.7578180 1.8165906 1.8165906 1.6552842 1.5994750 1.6699859 8.9999986 8.3768547 1.5371894 1.3829901 1.5968203 1.6354745 1.6354745 1.7949902 1.7949902 1.9323902 1.5307640 2.2653171 2.1789335 1.9851260 2.3304698 2.1763444 2.2572547 2.4459195 2.4660962 2.2480753 
HoiH06_mRNA2646                                                    1.4354275 1.3197995 1.6730169 1.8666671 0.8720996 1.2540562 1.0487487 0.8589179 0.1593807 0.0000000 0.3237637 0.3237637 0.3632292 0.3632292 0.7838320 0.9931037 1.0447259 1.0610138 0.9738212 0.9713580 1.0161562 0.9171760 1.1486505 1.2513269 1.2169460 1.2487661 1.1765195 1.2092250 1.0104684 1.2624045 1.2312946 1.3571590 1.6519685 1.2898913 1.2607671 1.3770435 1.3612794 1.4333571 1.0027474 1.2459936 1.1656089 1.4086319 1.2127872 1.1878811 1.5677949 1.6231175 1.4434611 1.2740056 1.3416016 1.1418998 1.3270883 1.1008819 1.4112084 1.1477406 1.1963787 1.3549710 1.9702673 1.9037958 1.4408793 1.8396248 1.8132158 2.0140429 1.2705394 1.5307226 1.7316076 1.5172356 1.5676702 2.9989665 1.7702371 1.7702371 1.7160078 1.7248643 1.7571622 5.7819964 7.9247165 1.6476196 1.5143378 1.5844264 1.4625430 1.4625430 1.8405193 1.8405193 1.8918154 1.6586160 2.0595611 1.9937710 2.0423972 1.9365580 1.7679891 1.9736650 2.1702192 2.2730128 2.1467720 
Hhon_g02548.t1                                                     1.5461673 1.4093156 1.5680640 1.8002727 0.9980866 1.2317292 1.4151356 0.8530560 0.3245566 0.3237637 0.0000000 0.0000010 0.3973647 0.3973647 1.1006118 1.1006048 1.1462243 1.1206675 1.0929363 1.0322508 1.0360688 1.1001842 1.2557749 1.5725346 1.4231123 1.4260108 1.4022497 1.4794122 1.2721184 1.7227121 1.2723182 1.6495145 1.7703695 1.3684277 1.4912493 1.5701321 1.5058966 1.6173545 1.2192036 1.4216653 1.3502604 1.6722530 1.6859178 1.4579238 1.7223752 1.9826358 1.6655293 1.4173331 1.5247618 1.1766141 1.4370804 1.3421138 1.5183648 1.2333540 1.5027135 1.5972028 1.8636578 1.8006665 1.3784930 1.6635757 1.7639737 2.1944957 1.7580330 1.6622508 2.1797093 1.6536790 1.7883636 3.4203999 1.8558346 1.8558346 1.7609787 1.8401721 1.9187509 6.5613285 6.9805521 1.6408019 1.6572769 1.7554828 1.5971533 1.5971533 1.8914616 1.8914616 1.9225297 1.7558710 2.6183584 2.3034407 2.1437681 2.4430027 2.3576719 2.5030972 2.5211285 2.6270064 2.3642779 
HoiH04_mRNA10642                                                   1.5461673 1.4093156 1.5680640 1.8002727 0.9980866 1.2317292 1.4151356 0.8530560 0.3245566 0.3237637 0.0000010 0.0000000 0.3973647 0.3973647 1.1006118 1.1006048 1.1462243 1.1206675 1.0929363 1.0322508 1.0360688 1.1001842 1.2557749 1.5725346 1.4231123 1.4260108 1.4022497 1.4794122 1.2721184 1.7227121 1.2723182 1.6495145 1.7703695 1.3684277 1.4912493 1.5701321 1.5058966 1.6173545 1.2192036 1.4216653 1.3502604 1.6722530 1.6859178 1.4579238 1.7223752 1.9826358 1.6655293 1.4173331 1.5247618 1.1766141 1.4370804 1.3421138 1.5183648 1.2333540 1.5027135 1.5972028 1.8636578 1.8006665 1.3784930 1.6635757 1.7639737 2.1944957 1.7580330 1.6622508 2.1797093 1.6536790 1.7883636 3.4203999 1.8558346 1.8558346 1.7609787 1.8401721 1.9187509 6.5613285 6.9805521 1.6408019 1.6572769 1.7554828 1.5971533 1.5971533 1.8914616 1.8914616 1.9225297 1.7558710 2.6183584 2.3034407 2.1437681 2.4430027 2.3576719 2.5030972 2.5211285 2.6270064 2.3642779 
TrH2_TrispH2_001515-RA                                             1.5924168 1.5847354 1.9744072 1.8789826 1.1114096 1.3103820 1.3364784 1.1199341 0.3742511 0.3632292 0.3973647 0.3973647 0.0000000 0.0000010 1.2150985 1.1813185 1.2114953 1.2893623 1.1558281 0.9587791 0.9993765 1.1697925 1.4603391 1.6060882 1.4346591 1.4309235 1.4599155 1.5312127 1.3512646 1.7563598 1.4507405 1.7000453 1.8094750 1.6008823 1.5498159 1.5039128 1.7677204 1.6208584 1.1163530 1.5553161 1.3519391 1.7071384 1.6375879 1.4229332 1.9466575 2.0906907 1.7572977 1.4817989 1.6963853 1.5854436 1.4532244 1.3969520 1.4836342 1.5164957 1.6317031 1.4231488 1.8461094 1.9374615 1.6367980 1.6969439 1.8497568 2.0683916 1.8490194 1.7036997 1.9265474 1.8276320 1.9976713 4.5920370 2.0531250 2.0531250 1.9083608 1.9328404 1.9961590 6.5358476 8.9689637 1.8015081 1.7780479 1.8565531 1.8984023 1.8984023 1.9457052 1.9457052 2.0930795 1.7818665 2.4466727 2.3953776 1.9500279 2.3622819 2.5215234 2.5348928 2.7625677 2.8400269 2.5747336 
Tadh_TriadT23778                                                   1.5924168 1.5847354 1.9744072 1.8789826 1.1114096 1.3103820 1.3364784 1.1199341 0.3742511 0.3632292 0.3973647 0.3973647 0.0000010 0.0000000 1.2150985 1.1813185 1.2114953 1.2893623 1.1558281 0.9587791 0.9993765 1.1697925 1.4603391 1.6060882 1.4346591 1.4309235 1.4599155 1.5312127 1.3512646 1.7563598 1.4507405 1.7000453 1.8094750 1.6008823 1.5498159 1.5039128 1.7677204 1.6208584 1.1163530 1.5553161 1.3519391 1.7071384 1.6375879 1.4229332 1.9466575 2.0906907 1.7572977 1.4817989 1.6963853 1.5854436 1.4532244 1.3969520 1.4836342 1.5164957 1.6317031 1.4231488 1.8461094 1.9374615 1.6367980 1.6969439 1.8497568 2.0683916 1.8490194 1.7036997 1.9265474 1.8276320 1.9976713 4.5920370 2.0531250 2.0531250 1.9083608 1.9328404 1.9961590 6.5358476 8.9689637 1.8015081 1.7780479 1.8565531 1.8984023 1.8984023 1.9457052 1.9457052 2.0930795 1.7818665 2.4466727 2.3953776 1.9500279 2.3622819 2.5215234 2.5348928 2.7625677 2.8400269 2.5747336 
Acagra_model.g28635.t1                                             1.5436458 1.7827812 1.8394643 1.7450189 1.0086884 1.1194383 1.0343592 0.8705113 0.9439548 0.7838320 1.1006118 1.1006118 1.2150985 1.2150985 0.0000000 1.0998548 1.0558982 1.1731075 0.9613617 0.9984442 1.3777022 1.1265272 1.1865655 1.4043422 1.4575439 1.4854444 1.5079882 1.4837383 1.3234897 1.4965677 1.4191176 1.4888648 1.5301868 1.5907158 1.4468038 1.3369128 1.6914099 1.6849028 1.3388052 1.2399274 1.6401138 1.5733130 1.5559361 1.4765337 1.9281069 2.2155424 1.9474432 1.6395942 1.7197246 1.7902646 1.7168438 1.5604017 1.5596331 1.2918348 1.4825954 1.5713359 1.9453203 2.1968700 1.5593235 1.6368028 1.5425896 1.8496490 1.6933319 1.3761069 1.9322545 1.5272738 1.4762099 3.6592730 1.7431714 1.7431714 1.5152302 1.4203882 1.5823742 7.0804765 6.3708184 1.7687960 1.5312335 1.7646389 1.9583833 1.9583833 2.0901917 2.0901917 1.7288839 1.6419088 2.4629676 1.7305659 1.9221922 2.4991727 3.1352182 3.4345233 3.3005445 3.4952026 2.3471864 
Lcom_lcpid98403                                                    1.1930469 1.5529522 1.3861992 1.7070132 1.2277568 1.6194100 1.1691288 0.8573815 1.0696083 0.9931037 1.1006048 1.1006048 1.1813185 1.1813185 1.0998548 0.0000000 0.1763624 0.2844188 0.3639561 0.7711080 1.0439882 1.1156982 1.1689280 1.3725292 1.2701347 1.3006423 1.2225608 1.2905309 1.1812717 1.5326649 1.3894814 1.4285948 1.5496177 1.6934164 1.4077714 1.4848241 1.7017047 1.4775545 1.2009639 1.0935297 1.2798907 1.3850936 1.5342746 1.3450640 1.6913955 1.8137955 1.6446875 1.6644151 1.3795419 1.4316581 1.1459346 1.2264101 1.3342181 1.6554825 1.3011078 1.5138537 1.3163447 1.5412558 1.3124864 1.5842320 1.6282826 1.9160499 1.7117244 1.3576357 1.7544418 1.6681811 1.7353197 3.5597608 1.9353352 1.9353352 1.6511160 1.7405918 1.8060848 6.1797971 7.2675931 1.5806764 1.6972650 1.5595398 1.7143783 1.7143783 2.0408271 2.0408271 1.7105909 1.6810988 2.0728959 1.6738947 1.8497225 2.2830105 2.5094730 2.6066123 2.6011830 2.7411357 2.3152739 
Scil_scict002408.2                                                 1.1024267 1.4726608 1.4083245 1.5583659 1.1519572 1.6158784 1.0382475 0.8588882 1.1163032 1.0447259 1.1462243 1.1462243 1.2114953 1.2114953 1.0558982 0.1763624 0.0000000 0.2662960 0.2897231 0.7431717 1.1080502 1.0231843 1.2193687 1.4673471 1.2695359 1.2922521 1.2126578 1.2384775 1.1770065 1.5685148 1.4231886 1.4750616 1.5299179 1.6610687 1.4502966 1.3766395 1.7373476 1.4582939 1.1110507 1.0715026 1.1730881 1.2550976 1.4229534 1.3455159 1.6935649 1.8048148 1.6121209 1.4620893 1.3971850 1.3503265 1.1798501 1.1905468 1.2298351 1.7989998 1.2210685 1.4386805 1.4383537 1.6044704 1.3406177 1.5006499 1.5986336 1.9797060 1.7929145 1.3720192 1.6199558 1.7366515 1.7265396 4.1466856 1.7808618 1.7808618 1.6227743 1.7706706 1.8750828 5.8894246 6.7396922 1.6702216 1.7842666 1.6133248 1.8730125 1.8730125 1.8899186 1.8899186 1.7010438 1.5407915 1.9377900 1.6995433 1.6614978 2.3087386 2.4968684 2.4133714 2.3849082 2.6105542 2.1855822 
Gracom_Gcom_scaffold17851_01                                       1.1963849 1.6917954 1.5358539 1.6799537 1.3023950 1.7775710 1.1175959 0.8901601 1.1802534 1.0610138 1.1206675 1.1206675 1.2893623 1.2893623 1.1731075 0.2844188 0.2662960 0.0000000 0.4001254 0.8140472 1.3211582 1.0316257 1.2392945 1.4087577 1.3967214 1.4073448 1.4037991 1.3889181 1.2959405 1.6177242 1.3998569 1.5253329 1.5248931 1.6779073 1.5052382 1.5467500 1.6846870 1.5824433 1.2599312 1.1735959 1.2466795 1.2291183 1.5518228 1.4321065 1.7762495 1.7708232 1.6965143 1.5929461 1.5585208 1.3432611 1.1183793 1.3024930 1.3569442 1.6600628 1.3303670 1.8140438 1.6494914 1.7824563 1.2822902 1.8801978 1.7969437 2.1128435 1.6173901 1.4566559 1.8966658 1.7594954 1.8106449 3.7488518 2.0531313 2.0531313 1.8308542 2.0789475 2.1321032 6.3657515 8.0543151 1.8626603 1.9986887 1.8239843 1.9374044 1.9374044 2.0930654 2.0930654 1.7459874 1.8737412 2.2130976 1.8511211 1.8664080 2.2889803 2.5447146 2.5661100 2.6181179 2.8584714 2.5469458 
Leuniv_Lniv_scaffold21979_01                                       1.0249807 1.4761981 1.4546737 1.5129966 1.1098437 1.4710839 1.0768984 0.8053829 1.0058872 0.9738212 1.0929363 1.0929363 1.1558281 1.1558281 0.9613617 0.3639561 0.2897231 0.4001254 0.0000000 0.7921928 1.1084880 0.9876062 1.2211887 1.3140053 1.2349832 1.2695862 1.2655505 1.2848694 1.1607504 1.4456835 1.2466202 1.3694695 1.3694911 1.4893726 1.3623736 1.2624482 1.5817356 1.4989698 1.1642740 1.1176896 1.2919563 1.3089199 1.4641609 1.4023625 1.6690229 1.7720818 1.6071503 1.4091084 1.3425475 1.3722526 1.1403146 1.0861605 1.2210266 1.6462768 1.2661496 1.6342668 1.6335993 1.7988972 1.2231824 1.5386826 1.7405101 2.0013236 1.7975521 1.5291586 1.8866853 1.7402867 1.7505507 4.4809832 1.9222397 1.9222397 1.6373219 1.7711025 1.8670876 7.0126237 7.1854784 1.6629730 1.8139776 1.6464753 1.7882317 1.7882317 1.9257999 1.9257999 1.7035657 1.8278343 2.1901853 1.8359260 1.6764580 2.3054140 2.3509675 2.4346814 2.4484704 2.6422357 2.4264464 
Clacor_Ccor_C529945_01                                             1.3563118 1.4662372 1.6373666 1.5338775 1.0418448 1.1777967 1.2141806 0.9014471 0.9190487 0.9713580 1.0322508 1.0322508 0.9587791 0.9587791 0.9984442 0.7711080 0.7431717 0.8140472 0.7921928 0.0000000 1.0676559 0.9091294 1.3304884 1.5652845 1.3396643 1.4025692 1.2905412 1.2953073 1.3516624 1.5443587 1.2927748 1.4860449 1.4909935 1.6938197 1.3766154 1.5990837 1.7238304 1.2254154 1.2353261 1.2307200 1.0655305 1.1845538 1.2629728 1.2294767 1.3636098 1.5063777 1.3594003 1.2571719 1.2780118 1.3833505 1.0999308 1.1799148 1.2400125 1.3350087 1.3780115 1.2166316 1.5048074 1.5167273 1.3946530 1.5828708 1.4731540 2.0017185 1.4007383 1.3980875 1.7133218 1.7512688 1.7327317 3.7459407 2.0170633 2.0170633 1.5519307 1.6981296 1.6914612 5.6455569 8.3031447 1.6001879 1.6485407 1.6624575 1.7567420 1.7567420 1.6594909 1.6594909 1.4485693 1.6234535 2.1300391 1.7433832 1.4945408 2.1141733 2.0511856 2.2100450 2.2548869 2.4535746 2.0319812 
Plajan_Pjan_scaffold18264_01                                       1.4008703 1.5329488 1.6071230 1.8552081 1.1279133 1.5096670 1.0576075 0.9055553 0.9996069 1.0161562 1.0360688 1.0360688 0.9993765 0.9993765 1.3777022 1.0439882 1.1080502 1.3211582 1.1084880 1.0676559 0.0000000 1.1540028 1.2435371 1.2756437 1.3089178 1.3324236 1.3219727 1.3986755 1.2817327 1.6433506 1.3042901 1.5072977 1.6813878 1.5602848 1.3347516 1.4591263 1.8275199 1.3316727 1.1426935 1.3914488 1.5015641 1.3831784 1.4194814 1.4354548 1.6565759 1.7598464 1.5110048 1.3865983 1.5163331 1.6339000 1.4868771 1.4072885 1.5596058 1.4838659 1.3573437 1.6672990 1.7855844 1.7213110 1.6104397 1.4963586 1.8553403 2.2176772 1.5157818 1.4670878 1.8577694 1.9614314 2.0360508 3.7117855 2.1241219 2.1241219 1.8303439 1.9521596 1.8575229 8.9999989 6.2951130 1.9035482 1.4622700 1.7665047 2.0545522 2.0545522 2.0522639 2.0522639 2.0630000 1.7890893 2.7810962 2.1704722 1.9050650 2.3715411 2.7242412 3.0400862 2.8119851 3.0416222 2.2476651 
Ctel_gnl_WGS_AMQN_CAPTEDRAFT_mRNA120164                            1.4725097 1.3334275 1.7119622 1.5783723 0.7851416 0.9432062 0.9619514 0.8737383 0.9738616 0.9171760 1.1001842 1.1001842 1.1697925 1.1697925 1.1265272 1.1156982 1.0231843 1.0316257 0.9876062 0.9091294 1.1540028 0.0000000 1.1555908 1.3104239 1.0492123 1.0335162 0.9650605 1.0270123 1.0054336 1.2848756 1.2582416 1.4960941 1.4707693 1.5343713 1.3571971 1.4162245 1.6482095 1.3278654 1.3223269 1.1505627 1.6411156 1.5654534 1.5890332 1.4112280 1.5792472 1.7021874 1.8802361 1.6918036 1.7729410 1.4626664 1.4087467 1.5073786 1.4276403 1.2625580 1.2732822 1.3950872 1.8483424 1.6908307 1.1673351 1.4252151 1.6407794 2.1980437 1.3634352 1.4475735 1.8270460 1.5853598 1.6980081 6.3926616 1.6734881 1.6734881 1.2615269 1.5799806 1.4671695 5.1600626 6.4929071 1.3830527 1.3651147 1.4459429 1.6263736 1.6263736 1.3732304 1.3732304 1.6183301 1.4517602 2.0259391 1.6577579 1.8299766 1.8574987 1.8119975 1.8344610 1.9432394 2.2098473 2.4349390 
Dgig_XM_028535943.1                                                1.2199938 1.4895033 1.4905730 1.5880886 1.3172879 1.6546802 1.1772747 1.0591991 1.2093750 1.1486505 1.2557749 1.2557749 1.4603391 1.4603391 1.1865655 1.1689280 1.2193687 1.2392945 1.2211887 1.3304884 1.2435371 1.1555908 0.0000000 0.4907472 0.9852450 1.0372835 0.9666629 1.0321997 0.9205339 1.0409715 1.1357077 1.1393006 1.1878301 1.2844734 1.1251529 1.1752066 1.2195990 1.1407012 1.5352848 1.2646333 1.6967265 1.5234861 1.4317819 1.3873504 1.5779315 1.6408719 1.7937045 1.5126467 1.7741032 1.7143392 1.4170170 1.5038755 1.3171663 1.5678612 1.7171029 1.8763433 1.9154779 2.2836956 1.4865972 1.5169717 1.6722845 1.7994370 1.4722837 1.5652045 1.8417129 1.7075997 1.7127316 4.3259341 2.0480456 2.0480456 1.8366179 1.6799707 1.8759386 8.9999985 7.8365420 1.8790898 1.8149248 1.7764557 1.7198913 1.7198913 1.9069285 1.9069285 1.8959386 1.6746845 2.1179550 1.6065438 2.0661203 2.3556896 2.4766357 2.8240073 2.7086547 2.9575484 2.3986336 
Xesp_005733-T1                                                     1.2352597 1.6787200 1.7436448 2.1630443 1.3406708 1.6261955 1.4617535 1.2439320 1.4175197 1.2513269 1.5725346 1.5725346 1.6060882 1.6060882 1.4043422 1.3725292 1.4673471 1.4087577 1.3140053 1.5652845 1.2756437 1.3104239 0.4907472 0.0000000 1.0724631 1.1601295 1.0600618 1.0628712 1.1015331 1.1284150 1.2826705 1.3689505 1.4262954 1.5391494 1.2052398 1.3522893 1.2907653 1.2540907 1.6965251 1.3315308 2.0726966 1.5143325 1.5511147 1.5202497 1.7368504 1.7364701 1.9618217 1.6715322 1.8432650 1.8642241 1.7647457 1.5922648 1.3212355 1.5815633 1.6391990 2.0014899 1.9681843 2.4577767 1.8075838 1.6612041 2.1844093 2.4919189 1.4444584 1.8979030 1.9754953 1.9098515 1.8658101 3.3062563 2.1672445 2.1672445 1.8576494 1.8008307 2.1020166 8.9999982 7.1610219 1.8783833 1.8794405 1.9651072 1.7562260 1.7562260 2.0902716 2.0902716 1.8703534 1.9915682 2.3555190 1.8177152 2.3034917 2.4526296 2.4267041 2.6812138 2.5703456 2.9077720 2.5947597 
Pocdam_XM_027184820.1                                              1.3233793 1.6520092 1.6544519 1.8923070 1.3513559 1.8071518 1.2299035 1.2227174 1.2884627 1.2169460 1.4231123 1.4231123 1.4346591 1.4346591 1.4575439 1.2701347 1.2695359 1.3967214 1.2349832 1.3396643 1.3089178 1.0492123 0.9852450 1.0724631 0.0000000 0.0765512 0.2481799 0.2657116 0.3564890 0.3274966 0.6420405 0.9209605 1.3851936 1.3695902 1.1909873 1.2418540 1.3916813 1.1759965 1.3618890 1.2612988 1.7288515 1.2781886 1.3500417 1.0944950 1.4786121 1.6843328 1.5219840 1.3515154 1.4746869 1.4709969 1.2573604 1.4246416 1.1204992 1.4978037 1.5548556 1.5232707 1.8318002 1.9432903 1.3918358 1.9321448 1.9219860 2.2945046 1.5561405 1.5752825 2.0526520 1.8420043 1.7507046 3.4421422 2.2388175 2.2388175 1.9378449 1.8459723 1.9620217 8.7923649 7.1636409 1.7743429 1.8398535 1.8080671 1.7016116 1.7016116 1.9416364 1.9416364 1.9686541 1.5327561 2.2657412 1.9560141 1.5479372 2.0766872 2.4294528 2.6078205 2.4669396 2.7022167 2.4744406 
Spis_XP_022779650_1                                                1.4329666 1.6731602 1.7489515 1.9534071 1.4028875 1.8563471 1.2748123 1.2264305 1.3173383 1.2487661 1.4260108 1.4260108 1.4309235 1.4309235 1.4854444 1.3006423 1.2922521 1.4073448 1.2695862 1.4025692 1.3324236 1.0335162 1.0372835 1.1601295 0.0765512 0.0000000 0.2363510 0.2545845 0.3507001 0.3283459 0.7066359 0.9468476 1.3128772 1.3451692 1.2044295 1.2655511 1.4071193 1.2306336 1.3727050 1.2686181 1.7625807 1.2780007 1.4979766 1.1283090 1.5093967 1.7436812 1.6147685 1.4505001 1.5304797 1.4680610 1.3062824 1.4642423 1.0687539 1.4991737 1.5168967 1.5842346 1.8578170 1.9202538 1.4013611 1.9004807 1.8068171 2.2656220 1.5827993 1.6218909 2.1028167 1.8628152 1.8341490 3.4436728 2.2979692 2.2979692 1.9652884 1.9879315 2.0045961 8.2447749 7.0175775 1.8802282 1.8537303 1.8177131 1.7511757 1.7511757 1.9197528 1.9197528 2.0454315 1.5543062 2.4310170 2.0127476 1.6048068 2.0402353 2.2875873 2.4521882 2.3669059 2.6211330 2.5194790 
Gasp_gasp1.m3.7621.m1                                              1.5136904 1.6030570 1.6585641 1.7721825 1.4900528 1.8604397 1.2785285 1.2518978 1.3173019 1.1765195 1.4022497 1.4022497 1.4599155 1.4599155 1.5079882 1.2225608 1.2126578 1.4037991 1.2655505 1.2905412 1.3219727 0.9650605 0.9666629 1.0600618 0.2481799 0.2363510 0.0000000 0.1182587 0.2348847 0.2958475 0.7320451 0.8195462 1.4211114 1.3358268 1.1236872 1.1876408 1.3598498 1.1867934 1.3255116 1.1418247 1.6749648 1.2914039 1.4218022 1.1000077 1.4294993 1.6833630 1.5927695 1.4504945 1.4188045 1.5522470 1.3265341 1.4019578 1.1300276 1.5365906 1.6197122 1.6444712 1.7741195 1.7933597 1.3516306 1.6294948 1.6193302 2.3249418 1.6557231 1.6717392 2.0515637 1.7981096 1.7224956 3.4362034 2.1135306 2.1135306 1.9862267 2.0131496 2.0602156 7.0832501 7.3942930 1.8784254 1.6963966 1.7933769 1.7362364 1.7362364 1.7335507 1.7335507 1.8838929 1.3447516 2.1334508 1.7833761 1.5403207 2.0755497 2.1047578 2.3753513 2.1994413 2.5342099 2.4528082 
Fspp_ffun1.m4.12906.m1                                             1.5873452 1.4821592 1.7020662 1.7179724 1.4848334 1.8804550 1.3087459 1.3442706 1.3202560 1.2092250 1.4794122 1.4794122 1.5312127 1.5312127 1.4837383 1.2905309 1.2384775 1.3889181 1.2848694 1.2953073 1.3986755 1.0270123 1.0321997 1.0628712 0.2657116 0.2545845 0.1182587 0.0000000 0.3017304 0.3400700 0.7299214 0.8685181 1.3925065 1.3394915 1.0813673 1.2582540 1.4094850 1.1740207 1.2936133 1.1526550 1.6449298 1.2347760 1.3916907 1.0505120 1.4575915 1.6874115 1.4949471 1.3893710 1.3633072 1.4987754 1.2508394 1.4113306 1.0722003 1.6346834 1.6315552 1.5073490 1.7526657 1.6802677 1.3954952 1.5984064 1.5032214 2.2384616 1.6715174 1.6684039 1.9860897 1.7168117 1.6303137 3.6122094 2.0511474 2.0511474 1.8626017 1.8797324 1.9527649 7.7907556 7.3860972 1.8147553 1.6351487 1.7052428 1.7275309 1.7275309 1.6953364 1.6953364 1.8318004 1.4279441 2.0200090 1.7755903 1.4387492 2.1241700 2.1900150 2.4727366 2.2827176 2.5982542 2.4272129 
Gfas_gfas1.m1.17279.m1                                             1.3914448 1.4936785 1.5796698 1.7565818 1.3611384 1.6942987 1.1802575 1.1853689 1.1471666 1.0104684 1.2721184 1.2721184 1.3512646 1.3512646 1.3234897 1.1812717 1.1770065 1.2959405 1.1607504 1.3516624 1.2817327 1.0054336 0.9205339 1.1015331 0.3564890 0.3507001 0.2348847 0.3017304 0.0000000 0.2403426 0.6653308 0.8085970 1.3387915 1.1574628 1.0391674 1.0089128 1.2076990 1.2110921 1.1659328 1.1686214 1.4993234 1.3547812 1.5358456 1.1182890 1.3366031 1.5854449 1.5269340 1.4256667 1.4133822 1.3805106 1.1903410 1.3811519 1.2427437 1.6461345 1.4988111 1.7142569 1.7300119 1.9885808 1.3897497 1.7660212 1.7196153 2.0536106 1.4306057 1.6354448 1.9092252 1.9212263 1.8830361 3.2943233 2.2351131 2.2351131 2.0289870 2.1136185 2.1123802 6.4298646 7.0602999 1.9333169 1.8860350 1.8941175 1.7108014 1.7108014 1.7918927 1.7918927 2.1207067 1.3919485 2.3228810 1.7836659 1.6587047 2.0109275 2.0952385 2.2555197 2.1901444 2.4494541 2.1749161 
Amil_Amillepora09153-RA                                            1.6561434 1.9071087 1.7168161 1.8444709 1.5686661 1.9290849 1.4599708 1.3316738 1.3486979 1.2624045 1.7227121 1.7227121 1.7563598 1.7563598 1.4965677 1.5326649 1.5685148 1.6177242 1.4456835 1.5443587 1.6433506 1.2848756 1.0409715 1.1284150 0.3274966 0.3283459 0.2958475 0.3400700 0.2403426 0.0000000 0.7184996 0.7687051 1.2650090 1.2044924 1.1122927 1.0485355 1.3347982 1.1833893 1.3284021 1.4549881 1.8027334 1.5279006 1.6493383 1.0640143 1.5617117 1.7515006 1.5776745 1.5854887 1.6958502 1.7173368 1.3737362 1.6305700 1.3703921 1.7133925 1.5843223 1.6795684 2.0537709 2.0254735 1.8107707 2.0984367 2.0059083 1.9677128 1.2893407 1.7994564 1.9746016 2.0129005 1.8983086 3.5787342 2.2978338 2.2978338 1.9515618 1.6851802 1.8775524 8.9999985 3.9721597 2.0164112 2.0558585 1.9195069 1.9344072 1.9344072 2.1730663 2.1730663 2.0001743 1.4172571 2.5402021 1.8995298 1.6590698 2.4344487 2.7893992 3.0080748 2.9307533 3.0030430 2.5665976 
Nvec_v1g193324                                                     1.5369700 1.8983375 1.4140149 1.7555734 1.2778751 1.5272525 1.2102566 0.9654568 1.2790931 1.2312946 1.2723182 1.2723182 1.4507405 1.4507405 1.4191176 1.3894814 1.4231886 1.3998569 1.2466202 1.2927748 1.3042901 1.2582416 1.1357077 1.2826705 0.6420405 0.7066359 0.7320451 0.7299214 0.6653308 0.7184996 0.0000000 0.8125250 1.5173140 1.3298110 1.1864479 1.1070722 1.2492423 1.1334516 1.1656416 1.4406268 1.6379099 1.4908602 1.6446258 1.1328818 1.6872193 1.7401440 1.7297931 1.6173039 1.5173376 1.5584265 1.3262943 1.6653026 1.4996536 1.2955425 1.4618647 1.4240005 1.9631585 1.9379185 1.2545804 1.8664683 1.9024981 2.2885085 1.6140820 1.3535593 1.8231634 1.6021562 1.5605211 3.1193186 2.0667173 2.0667173 1.6901569 1.7864826 1.6762320 7.5061517 7.3717289 1.7528703 1.7503891 1.7045218 1.6295538 1.6295538 1.6213452 1.6213452 1.7093857 1.6236190 2.3669867 2.1086950 1.4200180 2.2043149 2.3716411 2.5912536 2.6942978 2.7122664 2.5901517 
Exapal_XM_021042135.1                                              1.6427809 2.0347370 1.5062868 1.6177750 1.4723731 1.7611462 1.2276633 1.3343417 1.4024698 1.3571590 1.6495145 1.6495145 1.7000453 1.7000453 1.4888648 1.4285948 1.4750616 1.5253329 1.3694695 1.4860449 1.5072977 1.4960941 1.1393006 1.3689505 0.9209605 0.9468476 0.8195462 0.8685181 0.8085970 0.7687051 0.8125250 0.0000000 1.3888638 1.3494328 1.3903762 1.4404718 1.6239212 1.5391128 1.6697557 1.3738878 1.8869643 1.7346313 1.9180363 1.5184773 1.9993590 1.9618700 1.9574762 1.8513834 1.8075076 2.0855396 1.6943107 1.7471665 1.9234244 1.5817747 1.6044340 2.2926389 1.9728421 2.0367587 1.7779453 2.2321272 1.4609695 1.7343033 1.9033829 1.4304634 1.8896635 1.5961856 1.5241373 4.3647160 2.0696459 2.0696459 2.0086325 2.1399006 1.9467752 9.0000000 5.9491918 1.8929711 1.7914379 1.6175665 2.0066168 2.0066168 1.8469202 1.8469202 1.8678320 1.5408161 2.1124857 2.2959857 1.8554541 2.5335336 2.7368343 2.7560373 2.7847495 3.1571864 2.7147992 
Morvir_scaffold23.g37.t2                                           1.4658267 1.9238229 1.5701790 2.0414241 1.6540936 1.8730601 1.4736950 1.4486202 1.6487923 1.6519685 1.7703695 1.7703695 1.8094750 1.8094750 1.5301868 1.5496177 1.5299179 1.5248931 1.3694911 1.4909935 1.6813878 1.4707693 1.1878301 1.4262954 1.3851936 1.3128772 1.4211114 1.3925065 1.3387915 1.2650090 1.5173140 1.3888638 0.0000000 1.2438217 1.0784884 0.8556239 1.0223234 1.1211129 1.7051988 1.6219878 2.0261390 1.7567111 1.8557719 1.6250442 2.1527765 2.1140474 1.9595366 1.7242036 1.7484203 1.7803996 1.4278969 1.6754324 1.6873907 2.1478715 1.5652102 1.9611665 2.2425224 2.1003178 1.6934726 2.0795470 1.8567447 2.3033491 1.9470779 1.7002439 2.0058633 2.1042933 2.1042781 4.3331402 2.4310037 2.4310037 1.8593776 2.1333358 1.9612573 8.9999985 7.4529666 1.9853461 1.9085171 1.9963332 2.2999179 2.2999179 2.0972187 2.0972187 2.1061362 1.5802094 2.0570475 2.3288410 2.0121960 2.4251430 2.8914586 2.9155589 3.0015823 3.3533030 2.8485451 
Nemnom_g15999.t1                                                   1.7124475 2.1926149 1.9799016 2.0022785 1.3833766 1.5287779 1.5694262 1.3869492 1.2398240 1.2898913 1.3684277 1.3684277 1.6008823 1.6008823 1.5907158 1.6934164 1.6610687 1.6779073 1.4893726 1.6938197 1.5602848 1.5343713 1.2844734 1.5391494 1.3695902 1.3451692 1.3358268 1.3394915 1.1574628 1.2044924 1.3298110 1.3494328 1.2438217 0.0000000 0.4152091 0.5917545 0.8016838 1.2935651 1.6316393 1.8131451 1.9188256 1.6891946 1.9322105 1.7407048 1.6598691 1.9632068 1.9236634 1.7114749 1.8312917 1.8626108 1.5629931 1.6053817 1.4500849 1.5824956 1.5045885 1.8209201 2.0263161 2.0864516 1.5462627 2.1932766 2.0162836 2.3436233 1.9014328 1.6539225 1.9371255 1.6286467 1.7580297 4.4540445 1.8848943 1.8848943 1.6480201 2.0001083 1.8379037 5.8430483 7.2169594 1.6383184 1.5961818 1.6427149 1.6940789 1.6940789 1.8251596 1.8251596 1.8287330 1.8000408 2.3111568 2.2468064 2.0995804 2.7457551 2.7175473 2.7265595 2.8116852 2.9543471 2.4722472 
Rhoesc_Res_010809-T1                                               1.3098198 1.9867586 1.9124245 1.8300846 1.2443572 1.4638975 1.4234711 1.3221525 1.3023337 1.2607671 1.4912493 1.4912493 1.5498159 1.5498159 1.4468038 1.4077714 1.4502966 1.5052382 1.3623736 1.3766154 1.3347516 1.3571971 1.1251529 1.2052398 1.1909873 1.2044295 1.1236872 1.0813673 1.0391674 1.1122927 1.1864479 1.3903762 1.0784884 0.4152091 0.0000000 0.4610168 0.6724622 0.9684246 1.4829909 1.7525259 1.5863026 1.4800932 1.7846707 1.4596381 1.5876633 1.7956972 1.7593161 1.7126195 1.7286739 1.5597233 1.3423831 1.4121495 1.1550549 1.7544146 1.4068928 1.5048586 1.8104760 1.9531465 1.6102512 2.0796689 1.9989460 2.6059123 1.7386622 1.5829722 1.8372534 1.5545201 1.6376159 2.9260577 1.7653530 1.7653530 1.4844561 1.7232773 1.5824767 3.3267372 6.9393335 1.4119622 1.4803537 1.4408676 1.5754404 1.5754404 1.7209524 1.7209524 1.8437071 1.5066728 2.3183861 1.9098244 1.6397298 2.3219856 2.7757248 3.0328014 2.9619493 3.2960789 2.5788173 
Aaur_scaffold87.g15.t1                                             1.4168145 2.1161844 2.0238557 2.0588996 1.1895272 1.2710902 1.2746787 1.3569107 1.3258873 1.3770435 1.5701321 1.5701321 1.5039128 1.5039128 1.3369128 1.4848241 1.3766395 1.5467500 1.2624482 1.5990837 1.4591263 1.4162245 1.1752066 1.3522893 1.2418540 1.2655511 1.1876408 1.2582540 1.0089128 1.0485355 1.1070722 1.4404718 0.8556239 0.5917545 0.4610168 0.0000000 0.5005335 1.0861131 1.5323108 1.3734092 1.6430652 1.3038660 1.7468768 1.3985038 1.5460234 1.7738831 1.7392067 1.4314733 1.5191763 1.3616634 1.2414390 1.4047651 1.1751772 2.0052517 1.3956988 1.7466179 2.0718642 2.1068107 1.5174224 2.1109870 2.3216831 3.1596377 1.7362583 1.6022607 1.9099568 1.6401162 1.8393317 3.6313531 1.7868853 1.7868853 1.5256007 1.7158154 1.8053183 8.2112392 7.6860550 1.6334370 1.5157370 1.6085291 1.4905910 1.4905910 1.5766624 1.5766624 2.0155749 1.6328729 2.5872503 2.3345399 1.4926714 1.9765318 2.4876001 2.5262181 2.3697194 2.5434323 2.2805954 
Sanmal_Sma_025180-T1                                               1.5048093 1.9248113 1.8668502 2.1007536 1.5496673 1.6971141 1.5223374 1.4657202 1.4501532 1.3612794 1.5058966 1.5058966 1.7677204 1.7677204 1.6914099 1.7017047 1.7373476 1.6846870 1.5817356 1.7238304 1.8275199 1.6482095 1.2195990 1.2907653 1.3916813 1.4071193 1.3598498 1.4094850 1.2076990 1.3347982 1.2492423 1.6239212 1.0223234 0.8016838 0.6724622 0.5005335 0.0000000 1.0753872 1.7021631 1.6090307 2.0094482 1.5412569 1.8172151 1.5932568 1.6113371 1.6834135 1.9737414 1.5820125 1.6178588 1.6329387 1.4927337 1.5060549 1.5990470 1.8167927 1.5179622 1.7751747 1.8581989 2.0097253 1.3579993 2.3436536 2.2270791 2.4034003 1.8039328 1.6702176 2.0429856 1.5512942 1.6734340 3.5573606 2.0741616 2.0741616 1.8017659 2.1468653 2.0570645 8.9999981 6.5528706 1.8984866 1.8136843 1.7424539 1.8376267 1.8376267 1.6708765 1.6708765 1.7738505 1.6992055 2.5146246 2.0488032 1.8486239 2.5000638 2.9635069 3.2056591 3.3205416 3.2515865 2.7728526 
Chem_TCONS_00061300                                                1.4724739 1.9481636 1.7230769 1.9307308 1.5020627 1.7884124 1.3235291 1.3321722 1.5312239 1.4333571 1.6173545 1.6173545 1.6208584 1.6208584 1.6849028 1.4775545 1.4582939 1.5824433 1.4989698 1.2254154 1.3316727 1.3278654 1.1407012 1.2540907 1.1759965 1.2306336 1.1867934 1.1740207 1.2110921 1.1833893 1.1334516 1.5391128 1.1211129 1.2935651 0.9684246 1.0861131 1.0753872 0.0000000 1.2478089 1.8904900 1.7665048 1.3306982 1.3029390 1.1263528 1.5522105 1.6502087 2.0623669 1.7990824 1.7055102 1.5502285 1.3812230 1.5564131 1.7069874 1.4119684 1.5110170 1.4490864 2.1131526 2.1647324 1.3241678 2.0631933 2.3681066 2.5769045 1.5205011 1.5683659 1.8641337 1.8816746 1.9465767 4.1994952 2.0246435 2.0246435 1.6488636 1.9324570 1.7630366 8.6412609 8.5582161 1.7710345 1.7378282 1.8019028 1.9348800 1.9348800 1.9160759 1.9160759 1.8343983 1.7380518 2.6166092 1.9352345 1.6481649 2.3744563 2.5210939 2.7942927 2.7563885 2.7795865 2.4834446 
Opea_EP00118_Oscarella_pearsei_P025356                             1.4858296 1.8776414 2.0401376 2.0808323 1.4151790 1.6570530 1.2828543 1.1588543 1.1755179 1.0027474 1.2192036 1.2192036 1.1163530 1.1163530 1.3388052 1.2009639 1.1110507 1.2599312 1.1642740 1.2353261 1.1426935 1.3223269 1.5352848 1.6965251 1.3618890 1.3727050 1.3255116 1.2936133 1.1659328 1.3284021 1.1656416 1.6697557 1.7051988 1.6316393 1.4829909 1.5323108 1.7021631 1.2478089 0.0000000 1.7798668 1.4210388 1.7650776 1.6388439 1.4676443 1.5477629 1.7113908 1.8817446 1.7686457 1.6856655 1.7547639 1.4582289 1.4342285 1.8094236 1.6446002 1.1315730 1.4970420 1.9393030 2.0441280 1.5645603 1.6573031 1.8891783 2.1909217 1.6540084 1.5495693 2.3649909 1.7358315 1.6691388 3.9307232 1.8094133 1.8094133 1.6483211 1.5956149 1.6832230 6.2963214 6.0797087 1.6235764 1.7852155 1.8269680 1.5712066 1.5712066 1.8708079 1.8708079 1.8680996 2.2290892 2.4010950 1.9938904 1.9013993 2.1395075 2.7145155 3.0545038 2.9875291 3.0692103 2.6670252 
Hsap_ENST00000378364                                               1.3553989 1.4022743 1.3829446 1.5597833 1.3306779 1.3785858 1.2679751 1.1170857 1.4371890 1.2459936 1.4216653 1.4216653 1.5553161 1.5553161 1.2399274 1.0935297 1.0715026 1.1735959 1.1176896 1.2307200 1.3914488 1.1505627 1.2646333 1.3315308 1.2612988 1.2686181 1.1418247 1.1526550 1.1686214 1.4549881 1.4406268 1.3738878 1.6219878 1.8131451 1.7525259 1.3734092 1.6090307 1.8904900 1.7798668 0.0000000 1.9780390 1.5612105 1.9119731 1.7290569 1.8618611 1.7800438 2.1846622 1.9203834 1.8486195 1.7367629 1.8645548 1.7078267 1.7706828 2.0726992 1.5742392 1.8192733 1.8457264 1.9232090 1.7527336 1.2804341 1.3434542 1.9528646 1.8540895 1.6114623 1.7548053 1.7377878 1.8302533 5.1344957 2.0706123 2.0706123 1.8719470 1.7622839 2.1345876 5.6060751 7.1513680 1.9415384 2.0212376 2.1581643 1.9084647 1.9084647 1.9913397 1.9913397 1.9631306 1.6340763 2.2137181 1.6613934 1.7334031 2.2198008 2.4240531 2.5046197 2.4412643 2.6363804 2.5054925 
