135
Cscu_XM_023354120.1                                      0.0000000 3.8758458 3.9227244 3.9227244 3.9758006 3.9998872 4.0923429 3.9040010 3.5688121 3.6426799 4.1968976 3.8056983 3.6460331 3.5616972 3.2006496 3.5580961 3.7767125 3.5004776 3.1406862 3.1871449 3.1574153 3.6331820 3.0931771 3.8070621 3.9325273 3.2164230 3.9734160 3.2517730 3.0027642 3.1287981 3.3290180 3.0397424 2.8308143 2.9715307 2.8906587 4.0167950 3.9110932 3.2668546 3.1610876 3.3487009 3.8749781 3.9428450 3.6902092 3.2516771 3.5297030 3.6811864 3.1284096 3.4385933 3.5128179 3.5314887 3.5146658 3.9716218 3.9716218 4.0100291 3.7288701 3.4208339 3.3442152 3.5099887 3.6676222 3.6415228 3.0060671 3.0060671 3.2007699 3.2007699 3.1909185 3.4613795 3.4620179 3.5976984 4.1617074 3.3838195 3.3342199 3.0639861 3.8743911 3.8743911 3.9038547 3.4562032 3.4216919 3.4146610 3.3903397 3.4976094 3.8310231 3.3220939 4.0164575 3.4418317 3.9155635 3.9155635 3.6656302 3.6004000 4.0040286 4.3037998 4.0870396 4.0870396 4.3744947 3.3134552 3.3134552 3.6779438 3.6779438 3.5830171 3.5830171 4.1257555 3.3171285 4.3188102 3.9426801 3.7169086 4.1303113 4.2186797 3.8511345 3.6553166 3.3893865 4.4290933 4.0971909 5.3183684 3.8174011 4.5800549 5.2186954 4.8165973 4.0345731 2.7995334 2.9074395 2.8053465 4.3752112 3.9268887 3.3674167 3.2946584 3.2871074 3.5844071 2.8297564 4.3961454 3.7432477 4.3030179 3.2407976 3.4963505 3.5079818 3.0735015 5.2010979 
Emue_Em0009g1126a.t1                                     3.8758458 0.0000000 0.1466938 0.1466938 0.5518075 0.8137447 0.9972510 1.0008273 0.8189470 0.7859492 1.1900442 1.3718811 1.5518283 2.0160533 1.6665610 1.6011914 1.7395697 1.3907210 1.3768172 1.3298237 1.3325374 1.3507712 1.7463399 1.5076986 1.6262269 1.4907124 1.8409105 1.4150076 1.4963760 1.2957489 1.3055587 1.3490252 1.2544315 1.6375852 1.5660649 1.8024793 1.5541799 1.2903562 1.2580178 1.4036338 1.8068852 1.8279896 1.7933598 1.5644785 1.3009018 1.3103311 1.1032411 1.7793992 1.8002621 1.7993991 1.8117405 1.8235314 1.8235314 1.9710179 1.9612498 1.8789642 1.7777597 1.8388867 1.9037247 1.7219338 1.6092287 1.6092287 1.8112577 1.8112577 1.7589408 2.0036548 1.9965972 1.8610383 2.0674118 1.9875611 1.9627805 1.6371128 1.8929758 1.8929758 1.9161400 1.9756136 1.9539727 1.6783772 1.9502315 1.7881546 2.0001151 1.8612028 1.9300186 1.7996210 2.0590590 2.0590590 1.8690314 1.6507181 2.2921145 2.4012975 2.2375806 2.2375806 1.8819593 1.7672999 1.7672999 2.0069144 2.0069144 1.9114070 1.9114070 1.9189904 1.8694916 2.1858679 2.1564762 2.2218328 2.1406033 1.9750740 1.7453068 1.7538786 1.8574012 2.1144036 1.7473100 2.6162952 2.1110240 2.1889145 3.0975065 2.5782870 2.1350823 2.2645967 2.2490842 2.0893164 3.0945112 2.4062726 2.4653877 2.8378403 2.5078366 2.9135319 2.5191351 2.7705063 3.5505175 3.3141695 3.1794950 3.5833683 3.8597713 3.6030225 3.5034217 
Spolac_c104548_g1_i5_m.41320c104548-g1                   3.9227244 0.1466938 0.0000000 0.0000010 0.6218771 0.9634550 1.1428727 1.1609994 0.9168899 0.8579004 1.2936060 1.3823494 1.5071793 2.0702380 1.7501925 1.6452048 1.7811023 1.4066352 1.3508297 1.3042849 1.3947785 1.2725699 1.6873268 1.3752488 1.6681644 1.4466877 1.8266341 1.5069817 1.4861505 1.3793312 1.3829592 1.4236644 1.2783064 1.6834483 1.5573887 1.8157897 1.5616819 1.3401913 1.3603989 1.4634146 1.9463832 1.9790780 1.8478511 1.5633324 1.2726215 1.2948621 1.1168447 1.7932128 1.8202913 1.8146944 1.7960537 1.9085222 1.9085222 1.9634048 1.9350077 1.9679151 1.8984380 1.8596706 1.9457282 1.8214796 1.6116697 1.6116697 1.7908152 1.7908152 1.7383720 2.0358166 2.0286937 1.9203799 2.1047520 1.9888995 2.0201387 1.6817550 1.9815893 1.9815893 1.9868986 2.0853416 2.0385527 1.8051652 1.9827503 1.9035290 1.9725345 1.8587738 1.9090728 1.8025499 2.0311728 2.0311728 1.8141677 1.6135916 2.2661540 2.3876835 2.1929820 2.1929820 1.8675209 1.6858480 1.6858480 1.9887472 1.9887472 1.8407546 1.8407546 1.9304342 1.8357192 2.1022880 2.1756534 2.1232351 2.1778406 1.9304952 1.6837642 1.7704384 2.0158725 2.2008027 1.8972001 2.7611684 2.3007693 2.3499444 2.9361925 2.7272883 2.2059905 2.1956381 2.1863108 2.0791032 3.0234558 2.3450780 2.4666969 2.8541141 2.6732616 2.8650739 2.5361783 2.7694738 3.4540088 3.2272383 3.3494279 3.5238204 3.5078669 3.4572468 3.5556660 
Spolac_c104548_g1_i2_m.41315c104548-g1                   3.9227244 0.1466938 0.0000010 0.0000000 0.6218771 0.9634550 1.1428727 1.1609994 0.9168899 0.8579004 1.2936060 1.3823494 1.5071793 2.0702380 1.7501925 1.6452048 1.7811023 1.4066352 1.3508297 1.3042849 1.3947785 1.2725699 1.6873268 1.3752488 1.6681644 1.4466877 1.8266341 1.5069817 1.4861505 1.3793312 1.3829592 1.4236644 1.2783064 1.6834483 1.5573887 1.8157897 1.5616819 1.3401913 1.3603989 1.4634146 1.9463832 1.9790780 1.8478511 1.5633324 1.2726215 1.2948621 1.1168447 1.7932128 1.8202913 1.8146944 1.7960537 1.9085222 1.9085222 1.9634048 1.9350077 1.9679151 1.8984380 1.8596706 1.9457282 1.8214796 1.6116697 1.6116697 1.7908152 1.7908152 1.7383720 2.0358166 2.0286937 1.9203799 2.1047520 1.9888995 2.0201387 1.6817550 1.9815893 1.9815893 1.9868986 2.0853416 2.0385527 1.8051652 1.9827503 1.9035290 1.9725345 1.8587738 1.9090728 1.8025499 2.0311728 2.0311728 1.8141677 1.6135916 2.2661540 2.3876835 2.1929820 2.1929820 1.8675209 1.6858480 1.6858480 1.9887472 1.9887472 1.8407546 1.8407546 1.9304342 1.8357192 2.1022880 2.1756534 2.1232351 2.1778406 1.9304952 1.6837642 1.7704384 2.0158725 2.2008027 1.8972001 2.7611684 2.3007693 2.3499444 2.9361925 2.7272883 2.2059905 2.1956381 2.1863108 2.0791032 3.0234558 2.3450780 2.4666969 2.8541141 2.6732616 2.8650739 2.5361783 2.7694738 3.4540088 3.2272383 3.3494279 3.5238204 3.5078669 3.4572468 3.5556660 
Stycar_maker-SC_scaffold54415-augustus-gene-0.5-mRNA-1   3.9758006 0.5518075 0.6218771 0.6218771 0.0000000 0.0659999 0.7753328 0.7190761 0.7003854 0.7278850 0.8899957 0.9593871 1.0460778 1.2728452 1.2508281 0.5648564 1.1903956 1.1301569 1.0527945 1.0527945 1.1306802 0.9330531 1.0557920 1.0126553 1.2191815 1.0224505 1.0673817 1.1697569 1.0761547 0.9258251 0.9331422 0.9961508 0.9688258 1.0340473 0.9877631 1.4464520 1.2567587 0.8958488 0.9351724 0.9591688 1.7629181 1.7551839 1.4808129 1.2146760 0.9769298 0.9769298 1.0739280 1.1399083 1.1904580 1.0839529 1.1121094 1.0730650 1.0730650 1.0994062 1.6777808 1.5870758 1.0612474 1.5043887 1.2919842 1.1346796 1.1649367 1.1649367 1.4825258 1.4825258 1.3483392 1.7094337 1.7094337 1.6186790 1.7871539 1.5951875 1.5828991 0.6503328 1.6492825 1.6492825 1.6492825 1.6031425 1.6655789 1.2506935 1.7863616 1.6493491 1.8363358 1.5110851 1.8363358 1.5110851 1.6084846 1.6084846 1.3478914 1.4273055 1.4273055 1.6084846 1.3478914 1.3478914 1.4982896 1.4811642 1.4811642 1.5674224 1.5674224 1.5695027 1.5695027 1.5824307 1.5004792 2.3201571 1.9443409 2.1744747 2.1641591 1.2482894 1.7874520 1.7169776 2.1172348 1.7815371 1.4531809 1.8663482 1.8022028 1.9637189 3.3777496 2.9732689 2.1014945 1.9335609 1.8447327 1.8057901 3.6248876 2.5174183 2.7524339 3.3453054 2.7213252 2.7628590 2.4316733 2.9972825 3.5056330 3.0174561 2.8124732 3.6511358 3.4073978 2.8937740 2.7923930 
Stycar_maker-SC_scaffold139468-augustus-gene-0.67-mRNA-1 3.9998872 0.8137447 0.9634550 0.9634550 0.0659999 0.0000000 0.8035548 0.7392502 0.7314174 0.6606413 1.2576578 1.2733836 1.3546941 1.9261590 1.6253833 1.4973029 1.4459007 1.3044600 1.2844744 1.2501128 1.3045755 1.2136044 1.5048205 1.4964094 1.4460152 1.3568017 1.7754819 1.3526946 1.2984760 1.1657947 1.2447258 1.3181850 1.2165649 1.3727196 1.4175618 1.7401109 1.5383384 1.2713134 1.2442345 1.3794685 1.8149226 1.8222841 1.5998319 1.3407317 1.2166825 1.2352022 1.1500751 1.6350487 1.6577133 1.5916974 1.6127632 1.6691156 1.6691156 1.6893904 1.7125699 1.6310539 1.6130444 1.6471598 1.5123849 1.3852147 1.3085830 1.3085830 1.8045126 1.8045126 1.7235413 2.0970427 2.0738144 1.9741681 2.1408001 1.8548263 1.8276244 1.4280816 2.0127853 2.0127853 1.9997592 1.9316215 1.9749389 1.6088067 2.0829503 1.9700863 2.0766007 1.8381097 2.1156830 1.8626897 1.6928911 1.6928911 1.5237716 1.3928949 1.9495165 1.9044685 1.7584837 1.7584837 1.6623077 1.5026517 1.5026517 1.5680381 1.5680381 1.7644576 1.7644576 1.7535846 1.5938786 2.3239754 2.1409690 1.9708058 2.1034812 1.9896067 2.0316565 1.9704664 1.8014412 1.7957087 1.6292571 2.1919392 1.7665024 1.9446055 2.9923045 2.7279717 2.0720420 2.1952764 2.1216817 2.0476959 3.0928613 2.5641048 2.5599397 2.9029080 2.4292805 3.2218023 2.7988686 3.0612002 3.8049998 3.2513638 3.0941218 3.7604915 3.9429127 3.5427569 3.3282200 
Aque_Aqu2.1.44280_001                                    4.0923429 0.9972510 1.1428727 1.1428727 0.7753328 0.8035548 0.0000000 0.1733587 0.1364897 0.2091159 1.1017377 1.3810356 1.4936477 2.0777793 1.7533794 1.4423291 1.6123930 1.4712058 1.4613753 1.4238986 1.4631284 1.3898865 1.7248974 1.5105066 1.4899791 1.6062883 1.8552755 1.5088238 1.7281708 1.5747761 1.6700064 1.7142328 1.6618106 1.6715630 1.8280490 1.7380924 1.5476189 1.4806711 1.4000305 1.6407985 1.8710726 1.8804249 1.7041756 1.8402474 1.5131344 1.5783323 1.4443357 1.9421708 1.8797252 1.9098415 1.9328417 1.9097473 1.9097473 1.9098999 1.8438670 1.7304076 1.8034371 1.6987893 1.6521699 1.8286791 1.7337798 1.7337798 1.9810312 1.9810312 1.9099636 2.2162928 2.1918464 2.0685173 2.0420689 2.0333092 2.0178974 1.5809237 1.8499192 1.8499192 1.8555807 2.0903670 2.0572056 1.7591278 2.1674844 1.9364112 2.0230663 2.0088575 1.9052459 1.9044581 2.0409705 2.0409705 1.7871642 1.6730893 2.5053444 2.2327487 1.9986139 1.9986139 1.7997049 1.8997326 1.8997326 1.7987546 1.7987546 1.8032547 1.8032547 2.1773787 1.8467906 1.9640793 2.1835269 2.0122762 2.1110112 1.8463746 1.6744042 1.8596798 1.7800457 1.9029665 1.9400073 2.0575216 1.9668196 2.0771749 2.7448245 2.5143165 1.9239436 2.2758270 2.1878316 1.9496168 2.8418756 2.8189684 2.5031038 2.8075926 2.5721224 2.8953867 2.7327181 2.6919642 3.2021105 3.1714424 3.0575283 2.9416281 3.8926230 3.2759384 3.3238821 
Halamb_c58955_g1_i1m.44923                               3.9040010 1.0008273 1.1609994 1.1609994 0.7190761 0.7392502 0.1733587 0.0000000 0.1778226 0.1769879 1.1834083 1.3610211 1.4945141 2.0699984 1.7740124 1.4611756 1.5246126 1.4480600 1.3258218 1.2881814 1.3641410 1.3976228 1.6119687 1.5552510 1.5722291 1.5184913 1.8422467 1.4583306 1.6107067 1.4235937 1.5129309 1.6225987 1.6136020 1.5844955 1.6779754 1.6552175 1.4656403 1.3845192 1.3205171 1.6010170 1.8886386 1.9022807 1.6368995 1.7232401 1.4942748 1.5587612 1.4823118 1.8899701 1.8388314 1.9004682 1.9273671 1.8853807 1.8853807 1.9346953 1.8340595 1.7021166 1.7681636 1.6130394 1.6437576 1.6955457 1.6796763 1.6796763 1.9003976 1.9003976 1.8165087 2.0677255 2.0446812 1.9251817 1.8769510 1.9345445 1.9061638 1.5350142 1.7973619 1.7973619 1.7750089 2.0010712 2.0095961 1.7348684 2.1227633 1.9493843 1.8824536 1.8631836 1.8069387 1.7958608 1.9947899 1.9947899 1.7033085 1.6870769 2.4808991 2.2022301 1.9294554 1.9294554 1.8355588 1.8977240 1.8977240 1.8765669 1.8765669 1.8136346 1.8136346 2.0686301 1.7518694 1.8111425 2.1518196 1.9320350 2.0721825 1.8440016 1.6790339 1.7901462 1.6688860 1.8317852 1.9985892 2.1815469 1.8288006 2.0135483 2.6264356 2.4819357 2.0136979 2.2603207 2.1804680 1.9602190 2.8417054 2.9289553 2.4856911 2.6554463 2.4610429 2.6711200 2.4445958 2.6675540 3.1473613 3.4258751 3.1781400 3.2443639 3.9216290 3.3599914 3.1757192 
Xestes_maker-XT_scaffold4834-augustus-gene-0.15-mRNA-1   3.5688121 0.8189470 0.9168899 0.9168899 0.7003854 0.7314174 0.1364897 0.1778226 0.0000000 0.2028067 0.8794294 1.1237235 1.2936922 1.5311308 1.5136199 0.5377119 1.2113473 1.2752180 1.3843103 1.3843103 1.3637939 1.2885256 1.0557603 1.2037853 1.4564857 1.4511282 1.1711953 1.3797768 1.4860855 1.2758274 1.2372305 1.4243617 1.4098539 1.2469718 1.3864689 1.7074840 1.5377807 1.2887749 1.2783472 1.4191906 2.0225390 2.0244365 1.6375316 1.6513467 1.4244610 1.4244610 1.5717566 1.5393159 1.4977581 1.4885842 1.5175573 1.5231375 1.5231375 1.5218985 1.5411406 1.6443281 0.9438885 1.6222362 1.3797704 1.4085572 1.6126142 1.6126142 1.6274394 1.6274394 1.5113903 1.9596448 1.9596448 1.8036776 1.7495403 1.6902318 1.6778255 0.7924063 1.5750594 1.5750594 1.5750594 1.7515152 1.7999781 1.6030441 1.9594189 1.8646622 1.6857204 1.7158818 1.6857204 1.7158818 1.8150872 1.8150872 1.4452456 1.7006476 1.7006476 1.8150872 1.4452456 1.4452456 1.7425688 1.8719530 1.8719530 1.8346021 1.8346021 1.6936249 1.6936249 1.9072939 1.4756595 1.8628314 1.9302815 1.9841131 2.1500764 1.1432921 1.6200124 1.9354695 1.8390293 1.5449459 1.6237876 1.8814022 1.7412854 2.0632153 2.6688513 2.6784822 1.9249353 2.3673752 2.0990862 1.7702612 3.3732201 2.8508391 3.2754315 3.7502016 3.0342208 2.7553553 2.6621457 2.3620111 3.6175060 3.0881518 2.9179352 2.8638446 3.2868294 2.8340805 2.9367785 
Halamb_c66044_g1_i1m.46390                               3.6426799 0.7859492 0.8579004 0.8579004 0.7278850 0.6606413 0.2091159 0.1769879 0.2028067 0.0000000 0.8520312 1.0697050 1.3437531 1.4968599 1.4397841 0.6338799 1.2646907 1.2184609 1.2054636 1.2054636 1.1960518 1.2446600 1.1076396 1.1008109 1.4359124 1.3269606 1.1863987 1.2677557 1.2209496 1.2140083 1.2139154 1.3235563 1.2864135 1.2047675 1.3444019 1.6746123 1.4397818 1.2254682 1.2563385 1.3944732 1.9387839 1.9403605 1.6082773 1.5258571 1.4196853 1.4196853 1.4725060 1.4880062 1.4461081 1.4425762 1.4689392 1.4639869 1.4639869 1.4084378 1.4030105 1.4027925 0.7133990 1.4369670 1.1266232 1.3185644 1.3280430 1.3280430 1.4307070 1.4307070 1.3037647 1.6905478 1.6905478 1.5720073 1.4743023 1.5346452 1.5232691 0.6920028 1.3257681 1.3257681 1.3257681 1.4980464 1.5486592 1.3995529 1.6646485 1.6256066 1.4060057 1.5120091 1.4060057 1.5120091 1.8743747 1.8743747 1.4780154 1.7886281 1.7886281 1.8743747 1.4780154 1.4780154 1.7202660 1.7779513 1.7779513 1.8832242 1.8832242 1.5911870 1.5911870 1.8671557 1.4508609 1.6934053 1.8892747 1.9801591 2.0640818 1.2554112 1.5263174 1.7849871 1.7232610 1.6549674 1.7199911 1.9320697 1.8848236 2.0496402 2.6360749 2.8329496 1.9045268 2.3000331 2.0796601 1.7986377 3.3611815 2.4972841 2.7693697 3.0853264 2.4702422 2.3488293 2.6328422 2.5421708 3.3411729 2.9783768 2.9273947 2.5232731 2.9399840 2.6320319 2.7641180 
Plespi_Pspi_C590638_01                                   4.1968976 1.1900442 1.2936060 1.2936060 0.8899957 1.2576578 1.1017377 1.1834083 0.8794294 0.8520312 0.0000000 1.5045837 1.8369988 1.8574107 1.4845347 1.4911106 1.7736986 1.6456998 1.5259115 1.5133454 1.4802055 1.3988193 1.4331366 1.3334572 1.7425017 1.7652379 1.7630945 1.4583753 1.8154009 1.8283106 1.8312206 1.8944053 1.8587651 1.9135990 1.6006214 2.0423968 1.9882011 1.7099401 1.6666120 1.8373545 2.0535947 2.0737263 1.9529407 1.6402516 1.4985563 1.5343173 1.3564504 1.8749399 1.8923700 1.8896937 1.8871990 1.8543070 1.8543070 1.9464231 1.7634222 1.6187335 1.6162837 1.7374491 1.7475702 1.7729381 1.5187708 1.5187708 1.8834297 1.8834297 1.8405756 2.2847682 2.2969553 2.1753180 2.2051427 1.9693576 1.9890834 1.6574459 2.1840054 2.1840054 2.1859793 1.8813081 1.8617979 1.7447894 2.2472131 2.0861298 2.2158075 2.1411102 2.0977525 2.0374932 2.1196254 2.1196254 1.9553652 1.5710728 2.4734662 2.2195797 2.0698457 2.0698457 1.8154840 2.1695335 2.1695335 2.0810321 2.0810321 2.1651122 2.1651122 2.1180334 1.8963174 1.9782309 1.9377212 1.9198074 1.9010198 1.6760174 1.5073172 1.8527248 1.7401826 2.1924161 1.9218572 2.4428586 2.1181285 2.1008328 2.9337504 2.9133822 1.8786560 2.8565586 2.5521254 2.3442071 2.9026680 2.7963470 2.5555998 2.7440285 2.7038878 2.7885462 2.6514354 2.9880433 3.2062604 3.2882447 2.9804934 3.3990301 3.7593856 3.1332122 3.4931531 
Skow_XM_006822673.1                                      3.8056983 1.3718811 1.3823494 1.3823494 0.9593871 1.2733836 1.3810356 1.3610211 1.1237235 1.0697050 1.5045837 0.0000000 0.7191336 1.5406571 1.3932138 1.0832503 1.0775235 1.0963518 1.0135408 0.9702047 1.2014120 0.8057261 1.0029711 1.2983138 1.0009673 0.9981931 1.2315749 1.1658983 1.0005130 1.0503340 1.0108305 0.9845400 0.9269792 1.0932675 1.0540315 0.9570755 0.8460667 0.9131325 0.8660541 1.0223410 0.9318504 0.9483128 1.0487766 1.3460766 1.1517512 1.1560769 0.9523757 1.2958015 1.3379454 1.2962041 1.2985167 1.4282070 1.4282070 1.3799042 1.3226037 1.3792584 1.4032585 1.3243959 1.5390798 1.3375633 1.3256550 1.3256550 1.3472038 1.3472038 1.3472038 1.4401887 1.4206579 1.1833318 1.1116568 1.3984046 1.4098340 1.2896896 1.3060972 1.3060972 1.3065911 1.5690041 1.5325657 1.4061832 1.4479835 1.2287497 1.4678856 1.4518517 1.7507890 1.7309422 1.5092522 1.5092522 1.5092522 1.0912718 1.9601289 1.8451972 1.8451972 1.8451972 1.3521336 1.4124503 1.4124503 1.4425129 1.4425129 1.4663604 1.4663604 1.6406997 1.5452850 1.7700676 1.7310905 1.6550893 1.7625484 2.0437279 1.5617964 1.2653573 1.4986242 1.6840472 1.6955926 1.9919771 1.6078759 1.8398055 2.9569776 2.3015959 1.8879770 1.9720248 1.9480156 1.8456034 2.1950912 2.3544678 1.8786213 1.9921727 2.0572358 2.4577932 2.3219779 2.3989121 3.1631145 2.8424244 2.7263134 2.6476665 3.6380853 3.2908283 2.7464224 
Spur_XM_775029.5                                         3.6460331 1.5518283 1.5071793 1.5071793 1.0460778 1.3546941 1.4936477 1.4945141 1.2936922 1.3437531 1.8369988 0.7191336 0.0000000 1.6499311 1.4022876 1.3390496 1.1880413 0.8669090 1.0146659 0.9734883 1.0271773 0.8474977 0.9287754 1.2403652 1.1736081 1.0341739 1.2400268 1.2257312 1.0886976 1.1199011 1.1339261 0.9807330 0.9931745 1.1618297 1.1586485 1.3054042 1.2923399 1.0938599 1.0749951 1.1483468 1.5833695 1.5890388 1.3716731 1.3065787 1.0785289 1.1291077 1.1029035 1.2809545 1.2590201 1.2920645 1.3024709 1.3390576 1.3390576 1.2643107 1.4584868 1.3511935 1.5639911 1.3717614 1.3759364 1.3648441 1.4696878 1.4696878 1.5977023 1.5977023 1.5179843 1.6165661 1.5985235 1.4631779 1.6719277 1.4402582 1.4339457 1.3782295 1.7636418 1.7636418 1.7642508 1.6280207 1.5926023 1.4543255 1.6615009 1.4357136 1.6562904 1.5740343 1.8144207 1.7026036 1.7374592 1.7374592 1.5193354 1.4339632 1.8659559 1.9565108 1.7533318 1.7533318 1.6379176 1.7044188 1.7044188 1.6839922 1.6839922 1.7507590 1.7507590 1.7738441 1.6505663 1.8127133 1.7983274 1.7156440 1.7143316 1.9054147 1.6002109 1.5654042 1.6677454 1.8323383 1.8684400 2.3214978 1.8203814 1.9264936 2.7263731 1.9922170 1.9976609 2.3001405 2.1202321 2.0470092 2.4984887 2.8596086 2.0691173 2.1835208 2.2852156 2.4365534 2.5027204 2.4753435 3.1919527 3.0016124 2.7349957 2.9976618 3.4026159 3.4137627 3.2542516 
Dpul_mRNA30588                                           3.5616972 2.0160533 2.0702380 2.0702380 1.2728452 1.9261590 2.0777793 2.0699984 1.5311308 1.4968599 1.8574107 1.5406571 1.6499311 0.0000000 0.9084084 1.5516203 1.7053652 1.4435538 1.4514141 1.4120235 1.6931570 1.3377309 1.2826696 1.3629161 1.6374553 1.4472494 1.3093562 1.2178164 1.8213340 1.7887001 1.8091634 1.8265376 1.7810532 1.6708203 1.7674024 1.7918599 1.7377002 1.5111043 1.5959797 1.6602213 1.9838974 2.0226182 1.8336197 1.2419475 1.6677544 1.6738676 1.3978159 1.4092285 1.3351020 1.3909205 1.3786200 1.3401506 1.3401506 1.3548243 2.0129272 1.8689738 2.0091755 1.9511299 1.9384140 2.0913959 1.7047848 1.7047848 1.9381243 1.9381243 1.9217825 2.1202816 2.1299022 1.9343053 2.1636381 1.9044581 1.9280428 1.7666173 2.3387702 2.3387702 2.3457454 2.0543755 2.0266830 2.0219979 2.0675434 1.8023493 2.0885592 1.8997229 1.9264355 1.7650162 1.8576656 1.8576656 1.6335040 1.5408540 2.1910789 2.1905112 1.9891258 1.9891258 1.7128914 1.6727895 1.6727895 2.0436816 2.0436816 1.8382902 1.8382902 1.8538528 1.7136128 2.1551272 2.3373480 2.4714535 2.3577228 2.2445434 1.8773899 1.8053700 1.9208212 2.5334882 2.1286970 2.8971803 2.3348617 2.3124133 3.1361623 3.1592939 2.7604629 2.5566400 2.5706906 2.4847010 3.2234849 3.0602651 2.5635410 2.6363453 2.4235255 2.7240316 2.4946252 3.4077262 2.7894216 2.6852902 2.8987948 3.1126691 3.3592731 3.0928930 3.5365467 
Dpul_mRNA30587                                           3.2006496 1.6665610 1.7501925 1.7501925 1.2508281 1.6253833 1.7533794 1.7740124 1.5136199 1.4397841 1.4845347 1.3932138 1.4022876 0.9084084 0.0000000 1.3095465 1.4766222 1.1928839 0.9757256 0.9358886 1.0599268 1.0616037 1.1155194 1.1620881 1.2292268 1.1880746 1.3802932 0.9251146 1.5438849 1.3151745 1.3737062 1.3953941 1.2774440 1.4880694 1.7294463 1.5109640 1.3658798 1.1284707 1.2657851 1.2853679 1.6631985 1.7031391 1.3984158 1.0048955 1.1321719 1.1321719 1.0720581 1.4338935 1.4021245 1.3993246 1.3815479 1.4338240 1.4338240 1.4529186 1.5647091 1.5465268 1.4904464 1.5126618 1.5864598 1.7711360 1.3152774 1.3152774 1.6439655 1.6439655 1.6702889 1.7019752 1.6947236 1.7831169 2.2119788 1.6732765 1.6838516 1.6046313 2.0630361 2.0630361 2.0700750 1.7918171 1.7886120 1.6430300 1.7348496 1.7686244 2.3310193 1.9510863 2.2450919 1.8881180 1.5188572 1.5188572 1.4223530 1.4349644 1.9658887 1.8837836 1.8200735 1.8200735 1.4725815 1.5644889 1.5644889 1.8443502 1.8443502 1.6300564 1.6300564 1.7566490 1.7169056 2.2794364 2.0418143 2.1930633 2.1506098 2.1863296 1.6213847 1.5654197 1.7467519 2.4229550 1.8330108 2.6187373 2.0818192 2.1973768 2.9811422 3.2369934 2.2434118 2.1987533 2.0473620 1.8811716 3.0853895 2.3567291 2.7522273 2.8113889 2.4506246 2.8748652 2.6500046 2.8086825 3.1436337 2.7599281 2.9146885 2.9061726 2.9742125 2.2744697 3.0202347 
Lcom_lcpid151899                                         3.5580961 1.6011914 1.6452048 1.6452048 0.5648564 1.4973029 1.4423291 1.4611756 0.5377119 0.6338799 1.4911106 1.0832503 1.3390496 1.5516203 1.3095465 0.0000000 0.3683799 1.0136040 1.0519140 1.0040391 1.0906931 0.6609819 1.2963321 1.3958585 1.3274389 1.5009835 1.5057486 1.2302013 1.3358653 1.1274035 1.1238468 1.2577245 1.3197915 1.4793641 1.4099440 1.1936429 1.1904222 1.1776095 1.3057674 1.3476129 1.2774378 1.3093711 1.3043083 1.0078536 1.4393670 1.4498635 1.1483393 1.2667792 1.3220529 1.2157665 1.2361141 1.2578093 1.2578093 1.4330377 1.5077724 1.5741053 1.3667139 1.2740615 1.6611711 1.4240572 0.9528795 0.9528795 1.0938495 1.0938495 1.0938495 1.4249301 1.3966895 1.2483075 1.2483075 1.3124481 1.3287224 1.2777239 1.3626571 1.3626571 1.3446053 1.4605340 1.4605340 1.3279735 1.4204413 1.2390227 1.4879907 1.4879907 1.5009435 1.5009435 1.2405910 1.2405910 1.2405910 0.7506331 1.8162557 1.9464331 1.9464331 1.9464331 1.2481900 1.1004832 1.1004832 1.2495781 1.2495781 1.1183455 1.1183455 1.3270201 1.1833723 1.6438760 1.6732341 1.5747945 1.5830881 2.4137869 1.7965108 1.3835571 1.2136325 1.5836242 1.6802592 2.1870995 1.9748270 1.4982505 2.3864079 2.1817497 1.9415977 2.4584661 2.0526442 1.9664105 2.2179045 2.3762380 2.3093602 2.4905995 2.5504580 3.1137486 2.5575689 2.7598202 3.5599083 3.0571848 2.8224979 3.9036017 3.6835164 3.8344273 3.0299299 
Lcom_lcpid135373                                         3.7767125 1.7395697 1.7811023 1.7811023 1.1903956 1.4459007 1.6123930 1.5246126 1.2113473 1.2646907 1.7736986 1.0775235 1.1880413 1.7053652 1.4766222 0.3683799 0.0000000 1.1199600 1.1291956 1.1008002 1.1721020 0.9123398 1.2598285 1.2970208 1.2449374 1.4437282 1.3611071 1.3013267 1.2684958 1.1528147 1.2807165 1.2604822 1.1877616 1.5078562 1.4911173 1.9474818 1.6477791 1.2944010 1.2978624 1.3179007 2.1143064 2.1569995 1.6682794 1.2932329 1.5667668 1.5736172 1.3833252 1.5471040 1.5726608 1.4780892 1.4867799 1.5366956 1.5366956 1.5784788 1.4336314 1.5282782 1.2890044 1.4574612 1.5264121 1.3965765 1.5681599 1.5681599 1.3537269 1.3537269 1.3116870 1.5303690 1.5121509 1.4750714 1.6373530 1.4483183 1.4612806 1.2046846 1.6037009 1.6037009 1.5903301 1.4395822 1.4379790 1.3763281 1.5986455 1.4462686 1.7004961 1.5178455 1.9360743 1.7029233 1.7343351 1.7343351 1.4786080 1.5450905 2.0667594 2.1548461 1.9116104 1.9116104 1.6118727 1.4510527 1.4510527 1.6628159 1.6628159 1.4250118 1.4250118 1.5697079 1.4800195 1.8811996 1.9514545 1.9262218 2.1584559 2.0521680 1.8023617 1.7020683 1.7946252 1.9193629 1.8532252 2.5201065 2.1767496 1.7947327 2.5153789 2.5514848 2.1939660 2.1791167 1.9548329 1.8966708 2.7681383 2.7115779 2.3806431 2.3981615 2.4474454 3.0000309 2.7708241 2.9783657 3.1667997 2.9681234 2.8690859 3.8212386 3.2233041 3.6285278 3.0426409 
Lcom_lcpid136400                                         3.5004776 1.3907210 1.4066352 1.4066352 1.1301569 1.3044600 1.4712058 1.4480600 1.2752180 1.2184609 1.6456998 1.0963518 0.8669090 1.4435538 1.1928839 1.0136040 1.1199600 0.0000000 0.5360596 0.5151253 0.5743219 0.6193359 0.9124225 1.0372936 0.9700942 1.0156850 1.3170299 0.8322093 1.2018089 1.0634009 1.1916832 1.1140839 1.0784348 1.2692078 1.4466130 1.6015188 1.4822627 1.0883349 1.1648906 1.2225695 1.7928064 1.7999977 1.6898444 1.0416358 1.1217867 1.1513095 1.1932871 1.4218178 1.3688681 1.3660254 1.3619929 1.4405101 1.4405101 1.3501114 1.4994096 1.4862102 1.4474249 1.4398948 1.4418669 1.2417758 1.4356078 1.4356078 1.5042232 1.5042232 1.4465293 1.6540456 1.6348088 1.4582046 1.5745925 1.5304189 1.5233082 1.2713619 1.6046244 1.6046244 1.5836076 1.5721164 1.5345496 1.4321449 1.6806913 1.6061495 1.5959329 1.4682539 1.5340335 1.4143030 1.6809780 1.6809780 1.4713482 1.3911045 1.8401495 1.9230977 1.7277183 1.7277183 1.5299035 1.4763926 1.4763926 1.6100947 1.6100947 1.4718786 1.4718786 1.5984192 1.4419489 1.7474848 1.6838855 1.7946416 1.6876176 1.9931872 1.7285902 1.5616191 1.6930408 1.8347244 1.6849309 2.0541230 1.6441873 1.5093368 2.6560483 2.1965647 1.8418518 1.9428962 1.7528274 1.7010259 2.4233895 2.4394083 2.3296402 2.5012859 2.2956741 2.6772446 2.4437082 2.9841259 2.9623390 2.5797112 2.6529986 2.6261646 2.9649105 3.4702256 3.1691344 
Acagra_model.g9428.t1                                    3.1406862 1.3768172 1.3508297 1.3508297 1.0527945 1.2844744 1.4613753 1.3258218 1.3843103 1.2054636 1.5259115 1.0135408 1.0146659 1.4514141 0.9757256 1.0519140 1.1291956 0.5360596 0.0000000 0.0000010 0.4818385 0.5691654 0.8943131 0.9141823 1.0350573 1.0325733 1.4359455 0.9916754 1.3548984 1.1599178 1.2624418 1.1792927 1.1863705 1.3481018 1.4882863 1.3444831 1.3022269 0.9344557 1.0271424 1.2431657 1.6452318 1.6638540 1.3995217 1.1133803 1.2487117 1.2859580 1.2202663 1.2120710 1.2073063 1.1865278 1.1683482 1.3332832 1.3332832 1.2883428 1.4941446 1.3417987 1.3111462 1.4256336 1.3631309 1.3482664 1.3554219 1.3554219 1.5156033 1.5156033 1.4637459 1.5228399 1.5052493 1.4202797 1.5784818 1.4208005 1.4388306 1.2966509 1.5024901 1.5024901 1.5030129 1.5918632 1.5742313 1.4126910 1.6906303 1.4399572 1.7917578 1.5777542 1.7983336 1.5773658 1.5441391 1.5441391 1.3507550 1.4485342 1.8014685 1.8158729 1.6351204 1.6351204 1.5255412 1.4585688 1.4585688 1.5885899 1.5885899 1.3759128 1.3759128 1.6611045 1.4622621 1.8078186 1.6340928 1.7973684 1.8726394 2.0453122 1.6777576 1.6165947 1.5703769 1.8289476 1.7462338 2.3611621 1.7051136 1.7395509 2.7043078 2.5843300 2.0682935 1.9988328 1.8558526 1.8122358 2.5515733 2.1752494 2.2196949 2.2981922 2.3599924 2.2389254 2.2309313 2.6679581 2.5311196 2.2350843 2.4841875 2.4471019 3.0049979 2.6555486 2.9859396 
Acagra_model.g9428.t1.1.5d3b8601                         3.1871449 1.3298237 1.3042849 1.3042849 1.0527945 1.2501128 1.4238986 1.2881814 1.3843103 1.2054636 1.5133454 0.9702047 0.9734883 1.4120235 0.9358886 1.0040391 1.1008002 0.5151253 0.0000010 0.0000000 0.4584227 0.5554603 0.8562736 0.8735982 1.0283477 1.0309538 1.4103930 0.9796860 1.2860995 1.1277925 1.2305506 1.1510179 1.1545110 1.2994692 1.4840291 1.3399943 1.2970094 0.9257389 1.0171102 1.2036448 1.6261681 1.6449916 1.3586023 1.0699644 1.2410070 1.2787866 1.2202663 1.2010381 1.1843473 1.1751699 1.1567966 1.3237898 1.3237898 1.2775603 1.4705259 1.3287568 1.2781254 1.4256336 1.3280352 1.3224890 1.3726102 1.3726102 1.4743913 1.4743913 1.4214080 1.4988689 1.4811588 1.3959522 1.5521486 1.3796314 1.3976514 1.2393780 1.4762117 1.4762117 1.4767358 1.5418608 1.5243954 1.3566734 1.6683915 1.4141228 1.8072865 1.5854505 1.8145899 1.5852664 1.5330787 1.5330787 1.3341472 1.4485342 1.7945155 1.7904505 1.6055260 1.6055260 1.5255412 1.4456558 1.4456558 1.5738150 1.5738150 1.3598029 1.3598029 1.6381229 1.4328988 1.7968121 1.6230927 1.8301886 1.8630142 2.0017199 1.6507263 1.5711940 1.5660757 1.7381951 1.7769088 2.2758707 1.7144802 1.7309113 2.7043078 2.5843300 2.0682935 2.0080079 1.8615592 1.8169254 2.5515733 2.2310028 2.1749844 2.2748945 2.3278324 2.1601252 2.2093666 2.7299628 2.4571967 2.2350843 2.4432955 2.3431749 2.9525335 2.5899622 3.0360967 
Cgig_XM_034470042.1                                      3.1574153 1.3325374 1.3947785 1.3947785 1.1306802 1.3045755 1.4631284 1.3641410 1.3637939 1.1960518 1.4802055 1.2014120 1.0271773 1.6931570 1.0599268 1.0906931 1.1721020 0.5743219 0.4818385 0.4584227 0.0000000 0.5556656 0.8810113 0.9130455 1.0287976 1.0868260 1.5192518 1.0532949 1.3351944 1.1682224 1.2591495 1.1796060 1.1708559 1.3181383 1.4021726 1.4934769 1.4402204 1.0492071 1.0773011 1.2234055 1.6870802 1.6933953 1.4640736 1.2316984 1.3094525 1.3437087 1.2396264 1.4714823 1.4446207 1.4522850 1.4169664 1.4602150 1.4602150 1.4487222 1.4044810 1.2720783 1.2421945 1.3770096 1.3595858 1.2461753 1.5047834 1.5047834 1.5786347 1.5786347 1.5096948 1.7004518 1.6809936 1.6459518 1.7645216 1.6300556 1.6226894 1.3734942 1.5995972 1.5995972 1.6001631 1.4764498 1.4747513 1.4018281 1.6921171 1.5977763 1.7710387 1.6579378 1.8437130 1.7145934 1.4987705 1.4987705 1.2752028 1.2811205 1.7737489 1.7956435 1.5890473 1.5890473 1.4406779 1.4292213 1.4292213 1.4455578 1.4455578 1.3268713 1.3268713 1.4548122 1.1823738 1.7588180 1.5893988 1.8397714 1.6391953 1.8396755 1.4820820 1.6280757 1.5727139 1.9160909 1.5790529 2.1880961 1.8518153 1.8484510 2.7918949 2.2904903 2.0183638 2.1401828 1.9335372 1.7941329 2.6279974 2.3034778 2.2282776 2.4061513 2.3410838 2.3721354 2.2765028 2.5988568 2.7398846 2.4734228 2.6006368 2.9198719 3.1835087 2.7779251 2.9767168 
Ctel_gnl_WGS_AMQN_CAPTEDRAFT_mRNA20933                   3.6331820 1.3507712 1.2725699 1.2725699 0.9330531 1.2136044 1.3898865 1.3976228 1.2885256 1.2446600 1.3988193 0.8057261 0.8474977 1.3377309 1.0616037 0.6609819 0.9123398 0.6193359 0.5691654 0.5554603 0.5556656 0.0000000 0.7575532 0.8416080 0.7958001 1.0356453 1.1746220 0.9278358 1.0791733 1.0030558 1.0613513 1.0420008 0.9941451 1.1042181 1.1988995 1.3515845 1.2373773 0.8921274 0.9887852 1.1411918 1.6321138 1.6653225 1.3354871 0.9581969 1.1366354 1.1366354 1.0631779 1.0908429 1.0814295 1.0499614 1.0282677 1.1764471 1.1764471 1.1450111 1.2617106 1.3642797 1.1788673 1.2438604 1.4218243 1.2920816 1.2577127 1.2577127 1.3078530 1.3078530 1.2830092 1.4860092 1.4683245 1.4144020 1.5837835 1.3263850 1.3351262 1.1463910 1.5815759 1.5815759 1.5662621 1.4377777 1.4186032 1.4391587 1.4638252 1.2936320 1.7899793 1.5266476 1.7792403 1.5179701 1.3499353 1.3499353 1.1982154 1.1751024 1.5986288 1.7208019 1.5959728 1.5959728 1.3207522 1.2984727 1.2984727 1.5660436 1.5660436 1.2621736 1.2621736 1.4548958 1.3310331 1.7763076 1.6692745 1.6742294 1.8097620 1.8043497 1.6152440 1.5502491 1.5627094 1.7514066 1.5622393 2.1687921 1.7001706 2.0119542 2.6644627 2.5031704 1.9611830 1.6763070 1.5171175 1.5342814 2.4568072 2.1650494 2.2048186 2.3677224 2.4738712 2.5776817 2.3547783 2.5342986 2.6110724 2.3807012 2.2768971 2.5986172 3.3159609 2.8685850 2.7351012 
Lcom_lcpid177478                                         3.0931771 1.7463399 1.6873268 1.6873268 1.0557920 1.5048205 1.7248974 1.6119687 1.0557603 1.1076396 1.4331366 1.0029711 0.9287754 1.2826696 1.1155194 1.2963321 1.2598285 0.9124225 0.8943131 0.8562736 0.8810113 0.7575532 0.0000000 0.6377632 1.1943013 1.1490135 1.1903109 1.1670212 1.3185735 1.0901436 1.1200384 1.1558705 1.0295390 1.2242101 1.2238402 1.2993427 1.2402826 1.1188951 1.1827408 1.2433847 1.4611344 1.4865778 1.2440203 1.1277830 1.3390383 1.3390383 1.1112526 1.3227457 1.3258177 1.3187603 1.2984613 1.4293915 1.4293915 1.4147736 1.2632061 1.3398979 1.4016910 1.2873706 1.3488068 1.4190644 1.2742958 1.2742958 1.4448938 1.4448938 1.4448938 1.7203846 1.7043577 1.5526578 1.5816936 1.5317248 1.5444431 1.5040563 1.5285994 1.5285994 1.5144253 1.6520659 1.6127398 1.5228795 1.8688380 1.4520077 1.7365388 1.5984002 1.8802815 1.7315970 1.4153701 1.4153701 1.4153701 1.1532668 1.8107215 1.6856764 1.6856764 1.6856764 1.5348837 1.4245223 1.4245223 1.3984942 1.3984942 1.3580233 1.3580233 1.4928379 1.4435734 1.7186548 1.5424072 1.4149864 1.6132042 1.7846437 1.6976003 1.4837048 1.5507660 1.7872685 1.9448354 2.2883079 1.4881441 1.9100941 2.9072598 2.1798780 1.8063851 2.1253179 2.1291028 1.9154227 2.4890197 2.4413802 2.2849320 2.2661322 2.1407380 2.4172704 2.2687747 2.3177443 3.0061169 2.4833082 2.5292053 2.6545408 3.1500731 2.8748788 2.6237699 
Clacor_Ccor_C531005_01                                   3.8070621 1.5076986 1.3752488 1.3752488 1.0126553 1.4964094 1.5105066 1.5552510 1.2037853 1.1008109 1.3334572 1.2983138 1.2403652 1.3629161 1.1620881 1.3958585 1.2970208 1.0372936 0.9141823 0.8735982 0.9130455 0.8416080 0.6377632 0.0000000 1.1704983 1.3465049 1.5213324 1.1427135 1.4453531 1.3438250 1.3440036 1.3339822 1.2881084 1.4196838 1.5471081 1.4616974 1.3481920 1.2120197 1.2281653 1.3137197 1.4924693 1.5171019 1.5506704 1.2656925 1.6876347 1.7506922 1.2423828 1.5178486 1.5109257 1.4995068 1.4885757 1.6040333 1.6040333 1.5237442 1.3863073 1.4070176 1.4654829 1.3602665 1.3959345 1.3421812 1.2750111 1.2750111 1.4802925 1.4802925 1.4802925 1.7088481 1.7011488 1.5724820 1.4854480 1.5907898 1.6036322 1.4701248 1.6278541 1.6278541 1.6328608 1.5869117 1.5439128 1.5525670 1.7346498 1.4802774 1.9907385 1.8002293 1.9403544 1.7482410 1.6028146 1.6028146 1.6028146 1.1658881 1.9390701 1.8672031 1.8672031 1.8672031 1.4432657 1.6681272 1.6681272 1.4783991 1.4783991 1.6187155 1.6187155 1.4971655 1.6703549 1.4366376 1.4577593 1.7452081 1.6610950 1.9254564 1.8940028 1.3666030 1.6458323 1.8524434 1.7198126 2.1451282 1.7355825 1.9063728 2.5182073 2.2665266 1.6407438 1.8495753 1.8276137 1.8077159 2.7340299 2.6920933 2.3395269 2.3878409 2.6220829 2.4944404 2.1493219 2.5830077 2.8343202 2.7433398 2.6772753 2.7687788 3.3117587 2.8663695 2.4122161 
Bralan_BLAG02000162_2                                    3.9325273 1.6262269 1.6681644 1.6681644 1.2191815 1.4460152 1.4899791 1.5722291 1.4564857 1.4359124 1.7425017 1.0009673 1.1736081 1.6374553 1.2292268 1.3274389 1.2449374 0.9700942 1.0350573 1.0283477 1.0287976 0.7958001 1.1943013 1.1704983 0.0000000 0.9657210 1.2747926 1.3322046 1.1027383 1.2085783 1.2142533 1.1688579 1.1318754 1.1104062 1.4440657 1.6143425 1.3583542 1.1657932 1.0713777 1.3075516 1.7574752 1.7920173 1.5990576 1.3903716 1.4390077 1.4450937 1.1942392 1.3699525 1.3455086 1.3167134 1.2981714 1.3170886 1.3170886 1.4089361 1.4823387 1.5316434 1.7560069 1.3802374 1.4214318 1.4419453 1.3141846 1.3141846 1.3677576 1.3677576 1.3452933 1.5781536 1.5600762 1.4517310 1.7558411 1.4073202 1.4255407 1.3280799 1.6708234 1.6708234 1.6715540 1.5799049 1.5428146 1.6270841 1.4055570 1.3852232 1.7690912 1.5452818 1.8079025 1.5696249 1.4672432 1.4672432 1.3132290 1.2550430 1.7105747 1.7154953 1.5818374 1.5818374 1.2617558 1.4453182 1.4453182 1.6007875 1.6007875 1.3369108 1.3369108 1.7819864 1.4677563 1.6177086 1.7556044 1.9338831 1.9845667 2.0473010 1.5307181 1.5310558 1.8574124 2.1331627 1.8530671 2.0054358 2.0071497 1.9316964 2.9395883 2.3669599 1.7900970 1.7556062 1.6030460 1.6423499 2.4997145 1.9191006 2.3152923 2.5203864 2.3211169 2.8996437 2.9154595 2.8854667 2.6410369 2.3023377 2.4417712 2.9235074 3.3517160 2.9792146 2.6672284 
Hsap_ENST00000379638                                     3.2164230 1.4907124 1.4466877 1.4466877 1.0224505 1.3568017 1.6062883 1.5184913 1.4511282 1.3269606 1.7652379 0.9981931 1.0341739 1.4472494 1.1880746 1.5009835 1.4437282 1.0156850 1.0325733 1.0309538 1.0868260 1.0356453 1.1490135 1.3465049 0.9657210 0.0000000 0.9641249 1.2175712 1.1523014 1.1154380 1.1200757 1.0332967 0.8904861 0.9936333 1.2527992 1.3254922 1.2490782 1.0428411 0.9914553 1.1791715 1.5394533 1.5537691 1.4987716 1.0334430 1.2080250 1.2123068 1.0722967 1.2479497 1.3133170 1.2234985 1.2246093 1.2995938 1.2995938 1.2655281 1.2459068 1.3072925 1.3129567 1.2084887 1.1972794 1.4264949 1.2441554 1.2441554 1.4349773 1.4349773 1.4349773 1.4960897 1.5064143 1.3896011 1.5278610 1.4242955 1.4489707 1.3488271 1.5350047 1.5350047 1.5356024 1.7176808 1.6761739 1.6162580 1.5461505 1.3239700 1.5014385 1.3665519 1.4973923 1.3597387 1.4782131 1.4782131 1.3286396 1.3379574 1.7904815 1.9802740 1.8449861 1.8449861 1.3390639 1.4173415 1.4173415 1.4983425 1.4983425 1.4257929 1.4257929 1.5759912 1.4418052 1.6656970 1.6679607 1.7957778 1.8295301 1.8297478 1.5897962 1.3871140 1.6069805 1.9235173 1.7748398 2.2008836 1.6653413 1.7346653 2.5312768 2.0482560 1.8282260 1.8914680 1.8063702 1.7187030 2.1256907 1.8923851 2.0093075 2.3128000 2.1100355 2.5598434 2.3931804 2.5784091 3.1229387 2.7651960 2.9282219 3.0037870 2.8544238 3.4851327 3.1153786 
Hsap_ENST00000395479                                     3.9734160 1.8409105 1.8266341 1.8266341 1.0673817 1.7754819 1.8552755 1.8422467 1.1711953 1.1863987 1.7630945 1.2315749 1.2400268 1.3093562 1.3802932 1.5057486 1.3611071 1.3170299 1.4359455 1.4103930 1.5192518 1.1746220 1.1903109 1.5213324 1.2747926 0.9641249 0.0000000 1.3301472 1.5800863 1.5189090 1.5094701 1.5568455 1.3515548 1.4233199 1.5516490 1.6940411 1.5801646 1.3907798 1.3408486 1.4092514 1.7326698 1.7536013 1.7516195 1.3286748 1.6162327 1.5965935 1.4186661 1.3546169 1.3701980 1.3872791 1.3763799 1.4061126 1.4061126 1.4365372 1.5230041 1.4285806 1.6650841 1.4429264 1.3042167 1.8121296 1.4893682 1.4893682 1.8387206 1.8387206 1.8294528 1.9430701 1.9288343 1.8199178 2.0142932 1.7326439 1.7509265 1.6235440 2.1603650 2.1603650 2.1520709 1.9412836 1.9313264 1.7559273 1.9190574 1.6346761 2.0649539 1.9079995 2.1672550 1.9881074 1.8070684 1.8070684 1.7602001 1.4329786 2.3561360 2.1887610 2.1745377 2.1745377 1.5200417 1.7618210 1.7618210 1.9686572 1.9686572 1.6947566 1.6947566 1.9221920 1.9286097 1.9614260 1.8176947 2.1932395 2.2455970 2.0089825 1.3585753 1.7776391 1.6711456 2.0349692 1.9975727 2.4167683 1.8809878 2.1389166 3.0387742 2.4313284 2.2907844 2.2214262 2.1277036 1.9845211 2.7151095 2.4655506 2.7762787 2.8715923 2.5696479 2.7012055 2.5303095 2.8622033 2.9956204 2.7638206 3.2008088 3.3310628 3.2651581 3.1961589 3.5041517 
Cscu_XM_023378567.1                                      3.2517730 1.4150076 1.5069817 1.5069817 1.1697569 1.3526946 1.5088238 1.4583306 1.3797768 1.2677557 1.4583753 1.1658983 1.2257312 1.2178164 0.9251146 1.2302013 1.3013267 0.8322093 0.9916754 0.9796860 1.0532949 0.9278358 1.1670212 1.1427135 1.3322046 1.2175712 1.3301472 0.0000000 1.4861866 1.2800753 1.3582305 1.3754527 1.2714710 1.4836380 1.4408130 1.6242998 1.4224870 1.1195203 1.1839505 1.2350331 1.6772328 1.6840406 1.5850023 1.1018024 1.2336349 1.2634385 1.4425684 1.4189554 1.4030895 1.4474545 1.4143705 1.3941140 1.3941140 1.3253353 1.5429236 1.4833793 1.3920017 1.4760462 1.3316316 1.3845965 1.4953983 1.4953983 1.5040375 1.5040375 1.4471331 1.6004213 1.5870667 1.5397543 1.6642605 1.5258332 1.5185734 1.3780430 1.6400975 1.6400975 1.6620905 1.4983894 1.4620225 1.4931449 1.6241520 1.5863981 1.6914856 1.5116468 1.6367565 1.4624803 1.9932932 1.9932932 1.7125711 1.7058815 2.0652303 2.0490965 1.7818239 1.7818239 1.7745205 2.0025998 2.0025998 1.8354404 1.8354404 1.7203600 1.7203600 1.8436419 1.6331707 1.7156944 1.7916231 1.9071403 1.7738348 2.2216083 1.5819955 1.5525569 1.5587409 2.4048632 1.6816801 2.6963925 2.0187479 1.9688395 2.5697894 2.6077248 2.0960387 1.9885623 1.8912625 1.7095022 2.7186543 2.1156072 2.0735479 2.2497153 2.1675577 2.6727744 2.6547050 2.4873813 2.5150266 2.4335674 2.5489285 2.5263734 2.8449114 2.8418577 2.9911065 
