86
Emue_Em0009g823a.t1                                   0.0000000 0.2127026 0.1612238 0.1277636 0.1530767 0.1569935 0.2355283 0.4955325 0.5895346 0.2866035 0.6858935 0.6854943 0.7147591 0.7749223 0.5180895 1.0271098 1.0301255 1.0394779 1.0246458 0.8547931 0.8637683 1.1051200 1.0660696 1.0590717 1.5064417 1.0716222 1.0077927 1.2518551 1.1806269 1.3946108 1.1312737 1.1611014 1.1531707 1.1335369 0.8928684 1.1668035 1.1301982 1.0564712 1.2554828 1.2723146 1.1214331 1.1214331 1.5031705 1.5031705 1.0036162 1.3322813 1.3516074 1.4783804 1.2094689 1.2698981 1.0957629 1.1918403 0.8848044 1.1418013 1.1344007 1.1467948 0.8158318 1.2824844 1.1926674 1.3264420 1.0819191 1.3120278 1.2065106 1.3167521 1.2728939 1.3051926 1.2540142 1.2579156 1.3131043 1.2126072 1.4505018 1.5719598 1.4715809 1.4147137 1.6451472 1.6070329 1.6334538 1.4543566 1.2418821 1.2723957 1.4204998 1.4542614 1.5634915 1.3316963 1.6607798 1.8613443 
Spolac_c103163_g2_i4_m.32778c103163-g2                0.2127026 0.0000000 0.0000010 0.0000010 0.0000010 0.0000010 0.0000010 0.5179542 0.4231498 0.0000010 0.9448886 0.8446651 0.7177191 0.8138010 0.0000010 0.9433734 0.8448112 0.8793881 0.8683059 0.9640010 0.9973994 1.0777140 0.8416008 0.8969993 1.3597919 0.8849493 0.9554941 1.1356495 1.1594300 8.9999983 1.2423406 1.1811131 1.2529413 0.7241481 0.6888993 0.9621699 0.9833818 0.9603698 1.3802175 1.4091853 1.6794008 1.6794008 1.6794008 1.6794008 0.0000010 1.6398149 6.1821566 1.5997987 1.0526556 1.2011570 0.7254813 1.0654745 1.0654745 4.5059604 1.8534064 0.9676303 0.9638113 1.0609043 0.8918096 0.9765539 1.0330988 1.0091437 0.9831080 0.0000010 1.6266405 1.5640575 1.7468864 1.7468864 1.4167266 1.4167266 1.5452541 1.4682071 1.5818558 1.4875193 2.3721406 3.0886260 1.2656561 1.4284300 1.3382527 1.1182958 1.5245575 1.0076610 0.0000010 1.5942195 5.1889658 1.8110879 
Spolac_c103163_g2_i1_m.32770c103163-g2                0.1612238 0.0000010 0.0000000 0.0000010 0.0270206 0.0189385 0.0276451 0.4744652 0.5085054 1.5791231 0.6196928 0.6295584 0.6467734 0.6344337 0.4921401 0.9260122 0.8897712 0.8969407 0.8936557 0.7791382 0.8047947 0.9339129 0.9127261 0.9188059 1.1817595 0.9024302 0.8673466 1.1175059 1.0409427 1.1955279 0.9506376 1.0053486 0.9066491 0.9429158 0.8803261 0.9988976 0.9576199 0.9173394 1.0518126 1.0555816 1.1111361 1.1111361 1.5563268 1.5563268 0.9381399 1.1146006 1.0916093 1.5194833 1.1250416 1.1774392 0.8900068 0.9691033 0.8738406 0.9043228 0.8689788 1.0084197 0.8508502 1.1629123 1.0498318 1.0776042 1.0707465 1.1809199 1.0603036 1.0772524 1.2026079 1.2308104 1.1714183 1.1714183 1.1781870 1.1241696 1.3606849 1.6365850 1.4144213 1.4573419 1.6126459 1.5413772 1.3775426 1.3816037 1.0103071 1.1244314 1.2418765 1.2400925 1.2428657 1.3665827 1.5540409 2.0621016 
Spolac_c103163_g2_i2_m.32774c103163-g2                0.1277636 0.0000010 0.0000010 0.0000000 0.0000010 0.0000010 0.0283591 0.4073396 0.5085054 0.8204601 0.5800218 0.5816602 0.6241271 0.5539179 0.3686537 0.7709334 0.7254588 0.7299834 0.7234363 0.7791382 0.8047947 0.7863848 0.7105892 0.7534872 1.0019723 0.7647852 0.7428415 0.9591337 0.9431409 1.0341653 0.7920085 0.8305488 0.8169264 0.8094316 0.8803261 0.8512322 0.8273947 0.8181520 1.0296781 1.0281364 1.1054093 1.1054093 1.5563268 1.5563268 0.9381399 1.0838416 1.0537356 1.5194833 0.9456220 0.9631879 0.6923667 0.8642199 0.8762073 0.7678055 0.7094361 0.8720021 0.7886261 1.0731276 0.9637512 0.9660523 1.0707465 0.9996582 0.9765463 0.7785610 1.0909524 1.0877430 1.0899988 1.0899988 1.0336666 1.0368315 1.2827584 1.6365850 1.3253239 1.4573419 1.6126459 1.5194223 1.2389698 1.2768383 0.8863163 0.9736374 1.0939863 1.0783583 0.8655089 1.3665827 1.4592519 1.9299212 
Spolac_c103163_g2_i3_m.32776c103163-g2                0.1530767 0.0000010 0.0270206 0.0000010 0.0000000 0.0000010 0.8711454 0.4497764 0.0000010 0.0496647 0.6251465 0.6271835 0.6630185 0.7240708 0.5512138 1.0503986 1.0969012 1.1054055 1.0683142 0.7472385 0.7364777 1.1056966 1.1256277 1.0822529 1.5930068 1.1602520 0.9983408 1.3495755 1.2207899 1.1104092 1.1104092 1.2122999 1.1313934 1.2591729 0.9106872 1.1860124 1.1438225 1.1078165 1.2187233 1.2147306 0.9878872 0.9878872 1.7876050 1.7876050 0.9381399 1.3193346 1.3985475 1.7625809 1.2784782 1.3328061 1.1664635 1.2954290 0.8759888 1.0570831 1.0416491 1.1590691 0.8309552 1.3578374 1.2881879 1.3923631 1.3555560 1.5031249 1.3392046 1.2981966 1.2026796 1.2487466 1.1669693 1.1698094 1.2765946 1.1370634 1.5214619 3.0225045 1.6027916 1.9700039 1.9700039 1.5607988 1.6475953 1.5587631 1.3045822 1.3497438 1.3507815 1.6600529 1.5138275 1.7499239 1.3689635 2.3302466 
Spolac_c103163_g2_i5_m.32779c103163-g2                0.1569935 0.0000010 0.0189385 0.0000010 0.0000010 0.0000000 0.0276451 0.4803501 0.5085054 0.0689295 0.6666747 0.6598350 0.6931408 0.7188898 0.5252748 1.0089642 1.0048714 1.0181593 1.0041095 0.7969189 0.8047947 1.0630023 1.0327415 1.0139904 1.5616952 1.0915696 0.9946885 1.2528016 1.1825811 1.3207660 1.0756469 1.1829103 1.1051518 1.1082565 0.8803261 1.1386436 1.0997668 1.0449873 1.2149642 1.2174939 1.1111361 1.1111361 1.5563268 1.5563268 0.9381399 1.3306456 1.3627710 1.5194833 1.2184243 1.2567556 1.0512086 1.1758176 0.8738406 1.0812757 1.0533179 1.1292113 0.8508502 1.2920069 1.2075222 1.2885154 1.0707465 1.3199281 1.2383855 1.2981966 1.2591936 1.2882414 1.2483401 1.2504775 1.2897786 1.1887417 1.4990123 1.6365850 1.5708866 1.4573419 1.6126459 1.6401087 1.5636449 1.4650198 1.2724349 1.3012806 1.3444325 1.4554028 1.5138275 1.3665827 1.6759090 1.9453962 
Spolac_c103163_g2_i6_m.32782c103163-g2                0.2355283 0.0000010 0.0276451 0.0283591 0.8711454 0.0276451 0.0000000 0.5047703 0.4146380 0.0000010 0.9843276 0.8780389 0.7331527 0.8603011 1.0247171 0.9333239 0.8335633 0.8692835 0.8668884 0.9848891 1.0205292 1.0618690 0.8304769 0.8874862 1.6236692 0.9241695 0.9310789 1.2299802 1.1874170 8.1847132 1.2011433 1.1895110 1.2569981 0.7868830 0.6958133 1.0450120 1.0771009 1.0542417 1.3124684 1.3405880 1.5687221 1.5687221 1.6541846 1.6541846 8.9999981 1.6497421 4.2483000 1.6476760 1.0722756 1.2261126 0.6879390 1.1237386 1.1237386 0.9206162 1.4904649 1.0900019 1.0429514 1.1597699 0.8927675 0.9680873 1.0077151 1.0401006 1.0231656 1.4972160 1.5424747 1.4820151 1.6577041 1.6577041 1.3890941 1.3890941 1.5224423 1.4682071 1.6098356 1.4455341 2.3246199 3.1291611 1.3929751 1.3424268 1.3299908 1.2705384 1.6436089 0.9775506 3.1363888 1.4901351 4.8261364 1.8355151 
Tetwil_g23750.t1                                      0.4955325 0.5179542 0.4744652 0.4073396 0.4497764 0.4803501 0.5047703 0.0000000 0.4276209 0.7773165 0.5704003 0.5834458 0.6268075 0.7014636 0.3388713 0.9921798 0.9489395 0.9406404 0.9322135 0.7766421 0.7861050 0.9576322 0.9367986 0.9634336 1.3220585 0.9611328 0.9205271 1.2619403 1.2469735 1.1682485 0.9833009 1.0578404 0.9926241 1.0240600 0.8533323 1.0954241 1.0590359 1.0803497 1.2126520 1.2201360 1.1676204 1.1676204 1.6792361 1.6792361 0.9426578 1.2998995 1.1503009 1.4650099 1.2679650 1.3333033 0.9850686 1.2241372 0.9625955 1.1721687 1.1388265 1.0167807 0.7691414 1.1102314 1.0509231 1.0873860 0.9253192 1.1275924 1.0571911 1.0467775 1.2065381 1.2343450 1.2151211 1.2173604 1.1859532 1.0884163 1.4303953 1.4408263 1.4477085 1.3994441 1.4948122 1.6200177 1.5925971 1.3818153 1.1006589 1.1954129 1.3835929 1.3283530 1.4823120 1.6338326 1.4679825 1.7783900 
Stycar_maker-SC_scaffold8494-snap-gene-0.14-mRNA-1    0.5895346 0.4231498 0.5085054 0.5085054 0.0000010 0.5085054 0.4146380 0.4276209 0.0000000 0.0000010 0.9328556 1.0511484 0.7750845 0.9199159 0.0000010 0.8842239 1.1466961 1.0960992 1.1199433 1.1060617 1.1348125 1.2209993 1.0758171 1.1563121 1.2473095 1.1072946 1.1803978 1.4398249 1.5182509 8.5887579 1.0046866 0.9724170 1.1848374 0.6821785 0.8811203 1.2203088 1.0739956 1.0640849 1.9289169 1.9775986 2.1150429 2.1150429 2.1150429 2.1150429 0.0000010 2.0260879 4.9096059 1.9214823 1.5767681 1.5536204 0.8182277 0.9963330 0.9963330 3.0610359 1.4681622 1.1041986 0.9234039 1.0130328 0.9463220 0.9755870 1.0271241 0.8293061 0.9598550 0.0000010 1.6542405 1.6530784 1.6691850 1.6691850 1.4880835 1.5041768 1.4725072 1.2840435 1.6322511 1.6928989 2.3891838 3.1964149 1.6255872 1.6181757 1.3336037 1.2247968 1.5945471 1.0174872 0.0000010 1.9490400 5.9498382 1.5915601 
Spolac_c103163_g2_i1_m.32772c103163-g2                0.2866035 0.0000010 1.5791231 0.8204601 0.0496647 0.0689295 0.0000010 0.7773165 0.0000010 0.0000000 1.0116917 0.9593873 1.0736436 1.3803080 0.9365997 1.5162460 1.8139827 1.8688751 1.7989182 0.3866194 0.0000010 1.8107772 1.9641943 1.5894181 2.7449135 2.4163606 1.8994667 1.5950565 1.8323756 1.9177231 1.7468754 2.8318589 2.2968233 2.2903067 0.3695761 1.6058821 1.7397135 1.7303184 2.1503750 2.1241201 1.0107839 1.0107839 0.5843413 0.5843413 0.0000010 2.5733757 2.9907861 1.2443338 1.9115780 2.0274023 1.9147928 2.6222146 0.6500541 1.5034880 1.5034880 1.7815660 1.3781317 1.8825988 2.2264606 2.7578872 0.3087944 2.2515470 2.2484982 2.2093500 1.7681970 1.7732192 1.7940204 1.8063510 2.0952208 1.4045563 2.4024399 0.0000010 2.7468002 1.1135964 1.1135964 2.1747937 2.2822892 1.8580776 3.2700743 2.3549388 1.5531068 3.2578120 2.9774351 0.6296916 2.4259673 1.4959324 
Aque_Aqu2.1.37530_001                                 0.6858935 0.9448886 0.6196928 0.5800218 0.6251465 0.6666747 0.9843276 0.5704003 0.9328556 1.0116917 0.0000000 0.2885729 0.4121691 0.8063331 0.6033487 1.0448273 1.0955446 1.1231107 1.0881296 0.8980926 0.9068757 1.1860392 1.1237126 1.1275665 1.4750739 1.1187843 1.0817151 1.2437174 1.2121280 1.3826915 1.1651952 1.2000449 1.1881072 1.2093889 1.0056081 1.0838544 1.1022173 1.0412929 1.3779076 1.3806110 1.1554963 1.1554963 1.6158297 1.6158297 1.0080623 1.3925932 1.3289127 1.5733540 1.3534037 1.3372482 1.0957530 1.2803574 0.9850164 1.1087051 1.0888609 1.2189612 0.8651209 1.2449245 1.1971691 1.2243675 1.0872865 1.2387112 1.2299731 1.1323112 1.2688784 1.2640384 1.2767219 1.2754279 1.2556997 1.1552160 1.4766823 1.7540399 1.5132647 1.5231305 1.6298730 1.6801115 1.5894497 1.4340846 1.3103197 1.4142707 1.3980685 1.6520354 1.5978450 1.5952160 1.6455704 1.7763454 
Halamb_c49251_g1_i1mm.2995                            0.6854943 0.8446651 0.6295584 0.5816602 0.6271835 0.6598350 0.8780389 0.5834458 1.0511484 0.9593873 0.2885729 0.0000000 0.3817749 0.8001088 0.5724339 1.0687597 1.1033400 1.1291259 1.0624858 0.9560625 0.9693687 1.1779362 1.1076172 1.1203272 1.3813836 1.1776792 1.1206292 1.2926339 1.2205238 1.3127175 1.1451912 1.2602368 1.1541638 1.1576944 1.0953867 1.1021507 1.1609668 1.0827452 1.2675651 1.2775078 1.1576088 1.1576088 1.7154864 1.7154864 1.0038623 1.3177444 1.3135391 1.6365698 1.2815385 1.3572360 1.0671148 1.2375053 0.9563565 1.2063833 1.2015540 1.1791815 0.9238563 1.2716899 1.1868496 1.1951565 1.1971691 1.1366913 1.1648423 1.0832930 1.2807222 1.3013686 1.2843930 1.2886872 1.3013313 1.2038384 1.4018130 1.6719474 1.4584341 1.6678602 1.7912913 1.6362276 1.5153958 1.4126964 1.2655956 1.3473115 1.3669219 1.6042875 1.4787326 1.4594059 1.5999139 1.7408314 
Xestes_maker-XT_scaffold1682-augustus-gene-0.3-mRNA-1 0.7147591 0.7177191 0.6467734 0.6241271 0.6630185 0.6931408 0.7331527 0.6268075 0.7750845 1.0736436 0.4121691 0.3817749 0.0000000 0.8760537 0.6360249 1.0973568 1.1504856 1.1534264 1.1076324 0.9516981 0.9406331 1.2278238 1.1422247 1.1472017 1.5309439 1.1764146 1.1507423 1.3415046 1.3276020 1.5585543 1.2725217 1.3052442 1.2384249 1.2025356 1.0434506 1.1794676 1.1688394 1.1903900 1.3754411 1.3818710 1.1776452 1.1776452 1.6248914 1.6248914 1.0046725 1.4552880 1.4358587 1.6038044 1.2778832 1.3327620 1.1787730 1.2508656 0.9795756 1.0829193 1.0730272 1.2589157 0.8994045 1.3346218 1.2642397 1.2294462 1.2813358 1.2041315 1.2765214 1.2009253 1.3415172 1.3707073 1.3365205 1.3410773 1.3726906 1.2949131 1.3888084 1.6323916 1.4119359 1.5015440 1.4837440 1.6092779 1.4829366 1.4205626 1.2233090 1.3828667 1.4086612 1.6000770 1.5151454 1.6067705 1.7858434 1.9110070 
Plespi_Pspi_C615042_01                                0.7749223 0.8138010 0.6344337 0.5539179 0.7240708 0.7188898 0.8603011 0.7014636 0.9199159 1.3803080 0.8063331 0.8001088 0.8760537 0.0000000 0.6759710 1.0760692 0.9999184 1.0414409 1.0055047 0.7849399 0.7957728 1.0926768 1.0499336 1.0426170 1.4749860 1.0368922 1.0014642 1.2242305 1.1559627 1.3555543 1.0853932 1.1811626 1.0709570 1.0554231 0.9526654 0.9829278 1.0721178 1.0078457 1.1587860 1.1674810 1.0904992 1.0904992 1.5410275 1.5410275 0.8654626 1.2755665 1.3078476 1.6704427 1.2120061 1.1813851 1.0318296 1.1680983 0.9271104 1.0706701 1.0259865 1.2270106 0.8438733 1.2391142 1.2192925 1.2755991 1.3630804 1.2743091 1.1938618 1.0818891 1.1637239 1.1704415 1.1367676 1.1407793 1.1759613 1.0910270 1.4736537 1.8990108 1.5367704 1.5974172 1.6320812 1.7466931 1.7281612 1.4429142 1.3172669 1.2443554 1.4814794 1.3910348 1.6680727 1.4006193 1.6498313 1.7476448 
Stycar_maker-SC_scaffold5189-snap-gene-0.10-mRNA-1    0.5180895 0.0000010 0.4921401 0.3686537 0.5512138 0.5252748 1.0247171 0.3388713 0.0000010 0.9365997 0.6033487 0.5724339 0.6360249 0.6759710 0.0000000 0.9934915 1.0469820 1.0830726 1.0473938 0.6773852 0.6526365 1.0473112 1.0654193 1.0185914 1.3963537 1.0397763 0.9684200 1.1793548 1.1545440 1.0170438 0.9449578 1.1725416 1.0513483 1.1406580 0.7901776 1.1968254 1.1609668 1.1120371 1.2014783 1.1928755 0.9233585 0.9233585 1.4133440 1.4133440 1.0285652 1.2905609 1.3338523 1.2622840 1.2302781 1.3114403 0.9929914 1.2756228 0.9120819 1.2527261 1.2371200 1.0514206 0.7308813 1.2286523 1.1193155 1.2022349 0.8959576 1.2411811 1.0443232 1.1717988 1.1022361 1.1248769 1.0874324 1.0925097 1.1639058 1.0470555 1.3512110 2.6083648 1.3284112 1.0929065 1.0929065 1.4224225 1.6975158 1.4475564 1.1772769 1.2565388 1.4297236 1.5163341 1.4732288 1.1181692 1.2489450 1.9554527 
Bralan_BLAG12000224_1                                 1.0271098 0.9433734 0.9260122 0.7709334 1.0503986 1.0089642 0.9333239 0.9921798 0.8842239 1.5162460 1.0448273 1.0687597 1.0973568 1.0760692 0.9934915 0.0000000 0.7835595 0.7921547 0.7451369 0.5209146 0.5156320 0.8392026 0.7876012 0.7568205 1.0264291 0.7999976 0.7951251 0.8751471 0.7974551 0.7923253 0.5852323 0.6149240 0.6328799 0.7762210 0.7142774 0.8958341 0.8908520 0.9233452 1.2302627 1.2384642 0.9887776 0.9887776 1.6109481 1.6109481 0.8196706 1.2231482 1.1694629 1.6703852 1.0647625 1.0408983 0.6236725 0.9733362 0.7550313 0.9066833 0.8856193 1.1308712 0.8269818 1.2041146 1.0985073 1.1548228 1.0532671 1.1745403 1.1322077 1.1103570 1.0292512 1.0382572 1.0062135 1.0024834 0.9996085 0.9588547 1.5105894 1.8987855 1.6405625 1.6954361 1.6492205 1.5498948 1.6308354 1.4654343 0.8435692 1.0618435 0.9662454 0.9520792 1.1567666 1.5732782 1.5614337 1.8559117 
Spis_XP_022802672_1                                   1.0301255 0.8448112 0.8897712 0.7254588 1.0969012 1.0048714 0.8335633 0.9489395 1.1466961 1.8139827 1.0955446 1.1033400 1.1504856 0.9999184 1.0469820 0.7835595 0.0000000 0.0630767 0.1217685 0.1745343 0.1833309 0.2524104 0.1499108 0.1752432 0.7017880 0.5298347 0.4953028 0.6849468 0.7253847 1.1191120 0.8343044 0.8849269 0.9172567 0.9746037 0.8070398 0.8218855 0.8367942 0.8311413 1.1254944 1.1202520 0.9392430 0.9392430 1.3986999 1.3986999 0.8924452 1.1419189 1.1338701 1.4386562 1.0466787 1.0747644 0.8877764 1.1185139 0.8615361 1.1421223 1.1429998 1.2785979 0.8562435 1.1608503 1.0837023 1.1568223 0.9753652 1.1676492 1.1640015 1.1524619 1.1064900 1.1013146 1.1113698 1.1141035 1.0868256 1.0035401 1.4185095 1.7617113 1.4214899 1.2398268 1.3462888 1.4868042 1.6319814 1.3931387 1.0136323 1.1018113 1.2100293 1.2214248 1.2934315 1.2533373 1.6140703 1.9308044 
Pocdam_XM_027204021.1                                 1.0394779 0.8793881 0.8969407 0.7299834 1.1054055 1.0181593 0.8692835 0.9406404 1.0960992 1.8688751 1.1231107 1.1291259 1.1534264 1.0414409 1.0830726 0.7921547 0.0630767 0.0000000 0.1383379 0.1800005 0.1888393 0.2714958 0.1579798 0.1870328 0.7189600 0.5329037 0.5004263 0.6791761 0.7084957 1.1320413 0.8406836 0.8975829 0.9106036 0.9509460 0.8060043 0.8479416 0.8455713 0.8446818 1.1426333 1.1373701 0.9628235 0.9628235 1.4318842 1.4318842 0.8985690 1.1623682 1.1577180 1.4595105 1.0516533 1.0540655 0.9007596 1.0883899 0.8413306 1.1189173 1.1195736 1.2428239 0.8319811 1.1694929 1.0765876 1.1464211 0.9880705 1.1578987 1.1514668 1.1166661 1.1047378 1.1120029 1.1181034 1.1208548 1.1017881 1.0110410 1.4143430 1.7116221 1.4287045 1.2588071 1.3479672 1.4975850 1.6600121 1.4050482 1.0241766 1.0989321 1.2250954 1.2370531 1.3099244 1.2637395 1.6426689 1.8636207 
Fspp_ffun1.m4.7035.m1                                 1.0246458 0.8683059 0.8936557 0.7234363 1.0683142 1.0041095 0.8668884 0.9322135 1.1199433 1.7989182 1.0881296 1.0624858 1.1076324 1.0055047 1.0473938 0.7451369 0.1217685 0.1383379 0.0000000 0.1527402 0.1540845 0.2181010 0.0995032 0.1505473 0.7350674 0.5054908 0.4797275 0.7139074 0.7275008 1.1108799 0.8383811 0.8621789 0.9233727 0.9719830 0.8282172 0.7897161 0.8069683 0.8029266 1.0868915 1.0817244 0.9597107 0.9597107 1.4623846 1.4623846 0.8924748 1.1718443 1.1775717 1.4853625 1.0137529 1.0330173 0.8665362 1.0920880 0.8213545 1.0809731 1.0812687 1.2276578 0.8480352 1.1005001 1.0221486 1.0819851 0.9417308 1.1299269 1.0865673 1.1290463 1.1455231 1.1433393 1.1479431 1.1507726 1.1065056 1.0279043 1.3585545 1.6545454 1.3559034 1.3494620 1.4267067 1.4669216 1.5912298 1.4293881 1.0371656 1.0801066 1.2352366 1.2329591 1.2397480 1.3534294 1.5244598 1.8805641 
Adig_XM_015911336.1                                   0.8547931 0.9640010 0.7791382 0.7791382 0.7472385 0.7969189 0.9848891 0.7766421 1.1060617 0.3866194 0.8980926 0.9560625 0.9516981 0.7849399 0.6773852 0.5209146 0.1745343 0.1800005 0.1527402 0.0000000 0.0074262 0.0349148 0.1729714 0.1629788 0.5212836 0.3709109 0.3752868 0.5713836 0.6186063 0.7973716 0.5191706 0.6071519 0.6760240 0.7156710 0.8217913 0.6514214 0.7012235 0.7007250 0.9308009 0.9254421 1.0382091 1.0382091 1.4612597 1.4612597 0.8477808 1.0249444 0.9603572 1.3986703 0.7720751 0.7732836 0.6380093 0.7401389 0.8096182 0.6852199 0.6574957 0.9195283 0.7127143 0.7739329 0.7084476 0.7014365 0.8785501 0.7846955 0.7740812 0.5186336 0.8834840 0.8862276 0.8478958 0.8478958 0.7917766 0.7945597 1.0515001 1.3733358 1.0591601 1.1581604 1.1945740 1.2110951 1.1290126 1.0859887 0.7499560 0.7996641 0.9975738 0.9164173 0.6849453 1.2933905 1.4841743 1.7973319 
Adig_XM_015911368.1                                   0.8637683 0.9973994 0.8047947 0.8047947 0.7364777 0.8047947 1.0205292 0.7861050 1.1348125 0.0000010 0.9068757 0.9693687 0.9406331 0.7957728 0.6526365 0.5156320 0.1833309 0.1888393 0.1540845 0.0074262 0.0000000 0.0225508 0.1723433 0.1662360 0.4920303 0.3833547 0.3934792 0.5835808 0.6437084 0.8547340 0.5288844 0.6179872 0.6876228 0.7100692 0.8335434 0.6560871 0.7094428 0.7114844 0.9386750 0.9328056 1.0778934 1.0778934 1.4789344 1.4789344 0.9016171 1.0519906 0.9708874 1.3855576 0.7784131 0.7827124 0.6410375 0.7400717 0.8347353 0.6170310 0.5801329 0.9457763 0.7392021 0.7535097 0.6984292 0.6670204 0.8624003 0.7718310 0.7597132 0.4208998 0.9088401 0.9191288 0.8690769 0.8690769 0.8138586 0.8169890 1.0588728 1.3539351 1.0701502 1.1582287 1.2007615 1.2256814 1.1272473 1.0696312 0.7634199 0.8330704 1.0149250 0.9736821 0.7130509 1.2933032 1.5798125 1.7745772 
Amil_Amillepora14148-RA                               1.1051200 1.0777140 0.9339129 0.7863848 1.1056966 1.0630023 1.0618690 0.9576322 1.2209993 1.8107772 1.1860392 1.1779362 1.2278238 1.0926768 1.0473112 0.8392026 0.2524104 0.2714958 0.2181010 0.0349148 0.0225508 0.0000000 0.2302715 0.2257764 0.7135130 0.5376207 0.5331523 0.7106434 0.7624737 1.0816454 0.8264317 0.8788496 0.9497272 1.0023821 0.8545601 0.8251477 0.8339211 0.8721613 1.1072275 1.1020525 0.9655866 0.9655866 1.4721425 1.4721425 0.8569498 1.1935073 1.1368316 1.4373792 1.0625593 1.0341833 0.9255162 1.0841028 0.8294013 1.2385551 1.2278874 1.2169403 0.8229876 1.0412675 0.9871945 1.0301478 0.8872097 1.1091632 1.1035772 1.1221997 1.0835745 1.0859220 1.0971327 1.0998077 1.0574378 0.9713819 1.3925342 1.7319484 1.3556609 1.1663309 1.1990714 1.4438004 1.5208131 1.3499979 1.0311857 1.0765610 1.2472793 1.2112563 1.2614324 1.3677224 1.5810252 1.9566011 
Gasp_gasp1.m3.22098.m1                                1.0660696 0.8416008 0.9127261 0.7105892 1.1256277 1.0327415 0.8304769 0.9367986 1.0758171 1.9641943 1.1237126 1.1076172 1.1422247 1.0499336 1.0654193 0.7876012 0.1499108 0.1579798 0.0995032 0.1729714 0.1723433 0.2302715 0.0000000 0.1514207 0.7526211 0.5405404 0.4973615 0.7101344 0.7918407 1.1318698 0.8562207 0.9052907 0.9286481 0.9692004 0.8752765 0.8163425 0.8377292 0.8071402 1.1207147 1.1153429 0.9540662 0.9540662 1.4634934 1.4634934 0.8765077 1.2098872 1.2199837 1.4395893 1.0650070 1.0888219 0.8873055 1.1420367 0.8520470 1.1646817 1.1644159 1.2517301 0.8242740 1.1297808 1.0518282 1.1543731 0.9405202 1.1866482 1.1258266 1.2086656 1.1685900 1.1649255 1.1713439 1.1742854 1.1364699 1.0491229 1.4479655 1.6311593 1.4361938 1.2894092 1.3630217 1.5654620 1.6381060 1.4647824 1.0399708 1.1335540 1.2249738 1.2593792 1.3038611 1.3690437 1.5819657 1.8909547 
Gfas_gfas1.m1.5700.m1                                 1.0590717 0.8969993 0.9188059 0.7534872 1.0822529 1.0139904 0.8874862 0.9634336 1.1563121 1.5894181 1.1275665 1.1203272 1.1472017 1.0426170 1.0185914 0.7568205 0.1752432 0.1870328 0.1505473 0.1629788 0.1662360 0.2257764 0.1514207 0.0000000 0.7626859 0.5451056 0.5224355 0.6786407 0.7361547 1.0768238 0.8248935 0.8949926 0.9397816 0.9340361 0.8230946 0.7718575 0.7981025 0.7998675 1.1598412 1.1545077 0.9787951 0.9787951 1.5390270 1.5390270 0.8431924 1.1865597 1.1922485 1.5622758 1.0752913 1.0300187 0.8294051 1.0771449 0.8582574 1.1214339 1.1196867 1.2464059 0.8515856 1.0945835 1.0297113 1.1145638 0.9619209 1.1429210 1.1066076 1.0766573 1.1444721 1.1419319 1.1414097 1.1449108 1.1193601 1.0354299 1.4347187 1.7817716 1.4522593 1.2846220 1.2693159 1.5058937 1.6297185 1.4108457 0.9971170 1.0949616 1.1938305 1.1739101 1.2365353 1.3861786 1.5618320 2.0373592 
Nvec_v1g1628                                          1.5064417 1.3597919 1.1817595 1.0019723 1.5930068 1.5616952 1.6236692 1.3220585 1.2473095 2.7449135 1.4750739 1.3813836 1.5309439 1.4749860 1.3963537 1.0264291 0.7017880 0.7189600 0.7350674 0.5212836 0.4920303 0.7135130 0.7526211 0.7626859 0.0000000 0.0200569 0.5063448 0.9094166 0.8857993 1.2830863 1.2065901 1.2773117 1.2788285 1.4264606 0.8601658 1.1435443 1.0957747 1.2274311 1.4334872 1.4197590 1.2962056 1.2962056 1.9773043 1.9773043 1.2410604 1.3970004 1.3011189 1.5020892 1.3872266 1.2796831 1.2573667 1.4751045 0.9019877 1.4086667 1.4487730 1.5320247 0.7634815 1.2155000 1.4874990 1.3051624 1.1863211 1.3347945 1.2700755 1.1562485 1.5174392 1.4772763 1.5092730 1.5163308 1.3709649 1.2071802 1.8350922 1.8220038 1.8913905 2.0486557 1.7541906 1.8756553 1.8611037 1.7345243 1.4506742 1.5547711 1.5999303 2.2601372 1.7753390 1.5408179 1.5228688 2.0329833 
Nvec_v1g240794                                        1.0716222 0.8849493 0.9024302 0.7647852 1.1602520 1.0915696 0.9241695 0.9611328 1.1072946 2.4163606 1.1187843 1.1776792 1.1764146 1.0368922 1.0397763 0.7999976 0.5298347 0.5329037 0.5054908 0.3709109 0.3833547 0.5376207 0.5405404 0.5451056 0.0200569 0.0000000 0.3807022 0.7556043 0.7426436 1.2239909 0.9136736 0.8868497 1.0062640 1.0236987 0.9239705 0.8860378 0.8954060 0.9469436 1.0956336 1.0950720 1.0091570 1.0091570 1.5130468 1.5130468 0.8636337 1.1957362 1.1821302 1.5079087 1.0707380 1.0327430 0.9329383 1.0958226 0.8274251 1.1101212 1.1087853 1.2155414 0.8135700 1.0809578 1.0648537 1.0845855 1.0271906 1.1157173 1.0243639 0.8876486 1.1359315 1.1147377 1.1336859 1.1364338 1.0911685 1.0167282 1.4337475 1.7994773 1.4029947 1.4143184 1.4249637 1.4301643 1.4765472 1.4340040 1.0408051 1.0973192 1.2779000 1.2835484 1.2954476 1.4198651 1.5825481 2.0298178 
Exapal_XM_021050619.2                                 1.0077927 0.9554941 0.8673466 0.7428415 0.9983408 0.9946885 0.9310789 0.9205271 1.1803978 1.8994667 1.0817151 1.1206292 1.1507423 1.0014642 0.9684200 0.7951251 0.4953028 0.5004263 0.4797275 0.3752868 0.3934792 0.5331523 0.4973615 0.5224355 0.5063448 0.3807022 0.0000000 0.7078362 0.7408202 1.1907318 0.9012881 0.9011402 0.9326404 0.9566906 0.8905874 0.8758595 0.8802346 0.8824949 1.1141648 1.1196353 0.9478483 0.9478483 1.3932470 1.3932470 0.8371356 1.0869911 1.1524521 1.3256018 1.0418928 1.0586634 0.8851585 1.0543774 0.8318799 1.0772949 1.0593286 1.1972677 0.8397035 1.1035442 1.1620841 1.1128319 1.1225648 1.2341480 1.0923599 1.0879447 1.1021143 1.0988422 1.0865103 1.0892113 1.1008387 1.0363933 1.4307246 1.9222420 1.4214049 1.4655715 1.3866497 1.5140589 1.5771139 1.4721632 0.9856324 1.0546470 1.1786157 1.2106077 1.2464501 1.3625154 1.5231496 1.9132912 
Dgig_XM_028539728.1                                   1.2518551 1.1356495 1.1175059 0.9591337 1.3495755 1.2528016 1.2299802 1.2619403 1.4398249 1.5950565 1.2437174 1.2926339 1.3415046 1.2242305 1.1793548 0.8751471 0.6849468 0.6791761 0.7139074 0.5713836 0.5835808 0.7106434 0.7101344 0.6786407 0.9094166 0.7556043 0.7078362 0.0000000 0.2829763 1.0807976 0.8963131 0.8742904 1.0134889 1.0670199 0.9874249 0.9643689 0.9318468 0.9988482 1.3178388 1.3276777 1.0683651 1.0683651 1.4767567 1.4767567 0.8514699 1.2830257 1.2634601 1.5190837 1.0839245 1.0581504 0.9598025 1.0015098 0.9064009 1.0454551 1.0478432 1.3176068 0.9071854 1.1559947 1.0979006 1.1066432 1.0322065 1.1190735 1.1710595 1.1866402 0.9532928 0.9460720 0.9485877 0.9487805 1.0036051 0.9492749 1.4707668 2.2166742 1.4633025 1.3015114 1.3473211 1.4549076 1.5178654 1.4278443 1.1720610 1.0789513 1.1835809 1.2008836 1.3481308 1.3725352 1.7341813 1.9743483 
Xesp_018667-T1                                        1.1806269 1.1594300 1.0409427 0.9431409 1.2207899 1.1825811 1.1874170 1.2469735 1.5182509 1.8323756 1.2121280 1.2205238 1.3276020 1.1559627 1.1545440 0.7974551 0.7253847 0.7084957 0.7275008 0.6186063 0.6437084 0.7624737 0.7918407 0.7361547 0.8857993 0.7426436 0.7408202 0.2829763 0.0000000 1.0446002 0.9004125 0.9012012 0.9581958 1.0274627 0.8929619 1.0018504 0.9788235 1.0064863 1.3068874 1.3148136 1.1206304 1.1206304 1.5523351 1.5523351 0.9179150 1.3004415 1.2951098 1.4924054 0.9729179 1.0303169 0.9842433 1.0039656 0.8996026 1.1130388 1.1108199 1.3059113 0.8950334 1.2211570 1.1091326 1.0250822 0.9361811 1.1491927 1.1171607 1.1804440 0.9518784 0.9662728 0.9497019 0.9461490 0.9695097 0.9089165 1.4073885 1.6910703 1.3892168 1.3146400 1.5032390 1.4387763 1.5616691 1.4415909 1.2056975 1.1711650 1.1367256 1.1748799 1.2936916 1.4624972 1.6237289 1.9897136 
Acagra_model.g5817.t1                                 1.3946108 8.9999983 1.1955279 1.0341653 1.1104092 1.3207660 8.1847132 1.1682485 8.5887579 1.9177231 1.3826915 1.3127175 1.5585543 1.3555543 1.0170438 0.7923253 1.1191120 1.1320413 1.1108799 0.7973716 0.8547340 1.0816454 1.1318698 1.0768238 1.2830863 1.2239909 1.1907318 1.0807976 1.0446002 0.0000000 0.0789181 0.5515860 0.6192218 0.9631118 1.3462697 1.1707500 1.1365054 1.1610843 1.2662528 1.2601668 1.1346750 1.1346750 2.5686174 2.5686174 0.7815708 1.3451248 1.2109599 2.3333160 1.3340346 1.3934922 0.8256870 1.2161982 1.0406670 0.9074185 0.8691111 1.3282962 1.0304496 1.2753848 1.3504422 1.2965350 1.7082526 1.2796725 1.2415133 1.0379112 1.1819757 1.1833999 1.1594736 1.1545061 1.1731441 1.0776507 1.4982361 9.0000000 1.5631039 3.0272387 2.3853824 1.5874086 1.9877641 1.6288156 1.0490419 1.3832056 1.2696855 1.2451580 1.0604918 3.1981034 1.2146670 3.3296635 
Acagra_model.g5816.t1                                 1.1312737 1.2423406 0.9506376 0.7920085 1.1104092 1.0756469 1.2011433 0.9833009 1.0046866 1.7468754 1.1651952 1.1451912 1.2725217 1.0853932 0.9449578 0.5852323 0.8343044 0.8406836 0.8383811 0.5191706 0.5288844 0.8264317 0.8562207 0.8248935 1.2065901 0.9136736 0.9012881 0.8963131 0.9004125 0.0789181 0.0000000 0.3914003 0.4711315 0.7248445 0.7305343 0.9437468 0.9096922 0.9469768 1.0758881 1.0751772 0.9580171 0.9580171 1.4124822 1.4124822 0.7815708 1.1712472 1.1721884 1.2486828 1.0809876 1.1122937 0.6485766 0.9908533 0.8192023 0.8913078 0.8985078 1.1612009 0.8796892 1.0792206 1.1646770 1.1239875 1.0157601 1.0438911 1.0168422 1.0379112 0.9932790 0.9851623 0.9817782 0.9781768 0.9996583 0.9214903 1.2947947 2.0364150 1.3717424 1.3393977 1.3056630 1.5141375 1.6376473 1.3571803 0.8474699 1.1031798 1.1191472 0.8907949 1.0604918 1.4661362 1.4825452 1.8099741 
Cgig_XM_011444293.3                                   1.1611014 1.1811131 1.0053486 0.8305488 1.2122999 1.1829103 1.1895110 1.0578404 0.9724170 2.8318589 1.2000449 1.2602368 1.3052442 1.1811626 1.1725416 0.6149240 0.8849269 0.8975829 0.8621789 0.6071519 0.6179872 0.8788496 0.9052907 0.8949926 1.2773117 0.8868497 0.9011402 0.8742904 0.9012012 0.5515860 0.3914003 0.0000000 0.4768718 0.7722633 0.7950215 0.8546967 0.8347486 0.8518984 1.1153810 1.1135171 0.9488294 0.9488294 1.4838829 1.4838829 0.6952794 1.1255317 1.0296333 1.3194362 1.0894595 1.1067968 0.7072306 0.9830440 0.7517694 0.9009078 0.9157349 1.2529136 0.8611170 1.1371894 1.1931888 1.1722320 1.0870250 1.1444887 1.1577584 1.0742844 1.0256186 1.0298978 0.9896832 0.9851386 0.9879455 0.9036444 1.4376402 1.8290782 1.5073127 1.4878158 1.5232217 1.5624606 1.7253520 1.4653811 0.8285736 1.1814702 1.0549599 0.9371163 1.0774428 1.6471142 1.5974615 1.8957430 
Ctel_gnl_WGS_AMQN_CAPTEDRAFT_mRNA222474               1.1531707 1.2529413 0.9066491 0.8169264 1.1313934 1.1051518 1.2569981 0.9926241 1.1848374 2.2968233 1.1881072 1.1541638 1.2384249 1.0709570 1.0513483 0.6328799 0.9172567 0.9106036 0.9233727 0.6760240 0.6876228 0.9497272 0.9286481 0.9397816 1.2788285 1.0062640 0.9326404 1.0134889 0.9581958 0.6192218 0.4711315 0.4768718 0.0000000 0.7390067 0.8688968 0.9649909 0.9651298 0.9184017 1.1194222 1.1223522 0.9375943 0.9375943 1.4915532 1.4915532 0.6497502 1.1710590 1.1084452 1.5054317 1.0788719 1.0811937 0.6876551 0.9731797 0.8057034 0.9437784 0.9534617 1.1909340 0.8797371 1.0461905 1.0848531 1.1307503 1.1727754 1.0860841 1.0619284 1.0756974 1.0030739 1.0230798 1.0012148 0.9975116 1.0520418 0.9746466 1.3523506 1.6774979 1.3874138 1.3963224 1.4861758 1.4756308 1.5236518 1.3386708 0.9023467 1.1827375 1.1902284 0.9580265 1.0343684 1.4781456 1.4868942 1.8207122 
Cscu_XM_023365679.1                                   1.1335369 0.7241481 0.9429158 0.8094316 1.2591729 1.1082565 0.7868830 1.0240600 0.6821785 2.2903067 1.2093889 1.1576944 1.2025356 1.0554231 1.1406580 0.7762210 0.9746037 0.9509460 0.9719830 0.7156710 0.7100692 1.0023821 0.9692004 0.9340361 1.4264606 1.0236987 0.9566906 1.0670199 1.0274627 0.9631118 0.7248445 0.7722633 0.7390067 0.0000000 0.7023466 1.0288307 0.9647998 1.0040985 1.1600929 1.1670581 1.0313797 1.0313797 1.5544644 1.5544644 0.7807218 1.3407776 1.1125663 1.4730389 1.0843938 1.1378498 0.8179065 1.0224278 0.7642059 1.1026329 1.0916931 1.2095520 0.9063081 1.2261930 1.1740451 1.1092802 1.2834532 1.1088030 1.0660289 1.0678997 1.2056268 1.2004113 1.1716857 1.1774753 1.1866769 1.0822695 1.3751759 1.5660339 1.4167652 1.6108212 1.6477342 1.7084136 1.5208481 1.3756347 0.8878959 1.1498188 0.9305635 0.9421769 0.8482044 1.5345744 1.7439526 1.3937397 
Plajan_Pjan_scaffold15822_01                          0.8928684 0.6888993 0.8803261 0.8803261 0.9106872 0.8803261 0.6958133 0.8533323 0.8811203 0.3695761 1.0056081 1.0953867 1.0434506 0.9526654 0.7901776 0.7142774 0.8070398 0.8060043 0.8282172 0.8217913 0.8335434 0.8545601 0.8752765 0.8230946 0.8601658 0.9239705 0.8905874 0.9874249 0.8929619 1.3462697 0.7305343 0.7950215 0.8688968 0.7023466 0.0000000 1.0856123 0.9714223 0.9461000 1.3726980 1.3918954 1.3489938 1.3489938 1.3489938 1.3489938 2.1220253 1.2889575 1.0956436 1.4825077 1.0774801 1.0634376 0.7941563 0.8557520 0.9912570 5.0144785 1.8428250 0.9663625 0.8527283 1.1358987 1.0143954 0.8651375 1.0733930 1.1050601 0.9107021 0.6151127 1.2451044 1.2288312 1.1451329 1.1451329 1.2663268 1.2691658 1.5799851 1.3513458 1.6852650 1.4836743 1.6395747 1.8776909 1.5640813 1.3200136 0.9406681 1.0693907 1.1614557 1.2486031 1.0913021 1.5405654 2.3061363 1.6405263 
Nemnom_g2923.t1                                       1.1668035 0.9621699 0.9988976 0.8512322 1.1860124 1.1386436 1.0450120 1.0954241 1.2203088 1.6058821 1.0838544 1.1021507 1.1794676 0.9829278 1.1968254 0.8958341 0.8218855 0.8479416 0.7897161 0.6514214 0.6560871 0.8251477 0.8163425 0.7718575 1.1435443 0.8860378 0.8758595 0.9643689 1.0018504 1.1707500 0.9437468 0.8546967 0.9649909 1.0288307 1.0856123 0.0000000 0.3031851 0.3539192 1.1278048 1.1379154 1.0250354 1.0250354 1.6938766 1.6938766 0.7438825 1.1708699 1.1362034 1.6897198 0.7862886 0.7681269 0.9819305 1.0164472 0.8300673 0.8922733 0.8982560 1.1675876 0.8922570 1.1319102 1.0378059 1.1140781 1.2132326 1.1335319 1.0718733 0.9232710 1.0848707 1.0746335 1.0889524 1.0849928 1.0769155 1.0556086 1.3147298 1.5178358 1.2952851 1.4143234 1.6440027 1.4231898 1.4490133 1.4158735 1.1551244 0.6847782 1.2751046 1.2547918 1.2440303 1.7439124 1.5169504 1.9350810 
Aaur_scaffold106.g7.t1                                1.1301982 0.9833818 0.9576199 0.8273947 1.1438225 1.0997668 1.0771009 1.0590359 1.0739956 1.7397135 1.1022173 1.1609668 1.1688394 1.0721178 1.1609668 0.8908520 0.8367942 0.8455713 0.8069683 0.7012235 0.7094428 0.8339211 0.8377292 0.7981025 1.0957747 0.8954060 0.8802346 0.9318468 0.9788235 1.1365054 0.9096922 0.8347486 0.9651298 0.9647998 0.9714223 0.3031851 0.0000000 0.3031385 1.1844544 1.1864636 1.0225871 1.0225871 1.6249829 1.6249829 0.8011844 1.1900912 1.1647425 1.6384976 0.7106782 0.7339056 0.9869946 1.0837109 0.8792346 0.8848289 0.8822178 1.1839472 0.8876418 1.1083663 1.0577853 1.0859870 1.1530005 1.1621813 1.0208049 1.0152425 1.0443824 1.0450491 1.0352573 1.0373796 1.0657460 1.0279308 1.2907444 1.6032730 1.3185167 1.4158186 1.6546141 1.4350850 1.4601865 1.4340926 1.0518000 0.7097836 1.3087589 1.2067418 1.1872431 1.6033007 1.5582908 1.8562668 
Sanmal_Sma_015185-T1                                  1.0564712 0.9603698 0.9173394 0.8181520 1.1078165 1.0449873 1.0542417 1.0803497 1.0640849 1.7303184 1.0412929 1.0827452 1.1903900 1.0078457 1.1120371 0.9233452 0.8311413 0.8446818 0.8029266 0.7007250 0.7114844 0.8721613 0.8071402 0.7998675 1.2274311 0.9469436 0.8824949 0.9988482 1.0064863 1.1610843 0.9469768 0.8518984 0.9184017 1.0040985 0.9461000 0.3539192 0.3031385 0.0000000 1.2248731 1.2187283 1.0217234 1.0217234 1.5739058 1.5739058 0.7303067 1.1826532 1.2485600 1.6693719 0.6904693 0.7349488 0.9596362 1.0702431 0.9064785 1.0829814 1.0808428 1.1446107 0.9015830 1.1015143 1.0194133 1.0695818 1.0972085 1.1426223 0.9940765 1.0787683 1.1107607 1.1345557 1.0818629 1.0778902 1.0734904 1.0445602 1.2670417 1.6540757 1.3308351 1.4126812 1.6139569 1.4184742 1.4275723 1.3749472 1.1064779 0.7204642 1.3002081 1.2428417 1.2557178 1.5641203 1.4907552 1.8744386 
Horcal_Hcv1.av93.c1.g1297.i1                          1.2554828 1.3802175 1.0518126 1.0296781 1.2187233 1.2149642 1.3124684 1.2126520 1.9289169 2.1503750 1.3779076 1.2675651 1.3754411 1.1587860 1.2014783 1.2302627 1.1254944 1.1426333 1.0868915 0.9308009 0.9386750 1.1072275 1.1207147 1.1598412 1.4334872 1.0956336 1.1141648 1.3178388 1.3068874 1.2662528 1.0758881 1.1153810 1.1194222 1.1600929 1.3726980 1.1278048 1.1844544 1.2248731 0.0000000 0.0101357 0.3332767 0.3332767 0.4819928 0.4819928 0.3903830 0.5359943 0.5775115 0.8156281 1.2088558 1.2195529 1.1534411 1.2821028 1.0321535 1.2362615 1.2358796 1.4680281 1.1966419 1.4030361 1.3353712 1.2841783 1.2972089 1.2895359 1.3443089 1.1883065 1.1601748 1.1385975 1.1347137 1.1405731 1.1685058 1.1448690 1.3510943 1.9809495 1.4440494 1.4973662 1.6153155 1.5309486 1.5313461 1.4576333 1.3146919 1.1343931 1.4250468 1.3462763 1.3369453 0.7091407 1.7064084 2.0972086 
Pbac_sb2663292                                        1.2723146 1.4091853 1.0555816 1.0281364 1.2147306 1.2174939 1.3405880 1.2201360 1.9775986 2.1241201 1.3806110 1.2775078 1.3818710 1.1674810 1.1928755 1.2384642 1.1202520 1.1373701 1.0817244 0.9254421 0.9328056 1.1020525 1.1153429 1.1545077 1.4197590 1.0950720 1.1196353 1.3276777 1.3148136 1.2601668 1.0751772 1.1135171 1.1223522 1.1670581 1.3918954 1.1379154 1.1864636 1.2187283 0.0101357 0.0000000 0.3319318 0.3319318 0.4790523 0.4790523 0.3773415 0.5432256 0.5767035 0.8093406 1.2182167 1.2254568 1.1590971 1.2966902 1.0491397 1.2373531 1.2369835 1.4678007 1.1973972 1.4049189 1.3392871 1.2891345 1.3212174 1.3003885 1.3497250 1.1815057 1.1506219 1.1312482 1.1233185 1.1291539 1.1694537 1.1457425 1.3880582 2.0037814 1.4664734 1.5127336 1.6291669 1.5346953 1.5486901 1.4599336 1.3348211 1.1263852 1.4272254 1.3600921 1.3366903 0.7260619 1.6883287 2.1086115 
Drygla_Dgla_sb291483                                  1.1214331 1.6794008 1.1111361 1.1054093 0.9878872 1.1111361 1.5687221 1.1676204 2.1150429 1.0107839 1.1554963 1.1576088 1.1776452 1.0904992 0.9233585 0.9887776 0.9392430 0.9628235 0.9597107 1.0382091 1.0778934 0.9655866 0.9540662 0.9787951 1.2962056 1.0091570 0.9478483 1.0683651 1.1206304 1.1346750 0.9580171 0.9488294 0.9375943 1.0313797 1.3489938 1.0250354 1.0225871 1.0217234 0.3332767 0.3319318 0.0000000 0.0000010 0.0092124 0.0092124 0.3639258 0.4628718 0.4680717 0.8478192 1.0070814 0.9827726 1.0090629 1.0958335 1.1060617 0.7266774 0.7201099 1.3154040 1.2112248 1.1652514 1.1017373 1.0890925 1.3616915 1.1729297 1.1799153 0.8493965 0.9146843 0.9266736 0.9050592 0.9050592 0.9236997 0.9261475 1.1844543 2.1731888 1.2552153 1.6797674 1.8817428 1.3949408 1.3168082 1.1058433 1.0941270 1.0506362 1.2262843 1.1728381 0.7547196 0.6180933 1.5996275 1.9903363 
Drygla_Dgla_sb291484                                  1.1214331 1.6794008 1.1111361 1.1054093 0.9878872 1.1111361 1.5687221 1.1676204 2.1150429 1.0107839 1.1554963 1.1576088 1.1776452 1.0904992 0.9233585 0.9887776 0.9392430 0.9628235 0.9597107 1.0382091 1.0778934 0.9655866 0.9540662 0.9787951 1.2962056 1.0091570 0.9478483 1.0683651 1.1206304 1.1346750 0.9580171 0.9488294 0.9375943 1.0313797 1.3489938 1.0250354 1.0225871 1.0217234 0.3332767 0.3319318 0.0000010 0.0000000 0.0092124 0.0092124 0.3639258 0.4628718 0.4680717 0.8478192 1.0070814 0.9827726 1.0090629 1.0958335 1.1060617 0.7266774 0.7201099 1.3154040 1.2112248 1.1652514 1.1017373 1.0890925 1.3616915 1.1729297 1.1799153 0.8493965 0.9146843 0.9266736 0.9050592 0.9050592 0.9236997 0.9261475 1.1844543 2.1731888 1.2552153 1.6797674 1.8817428 1.3949408 1.3168082 1.1058433 1.0941270 1.0506362 1.2262843 1.1728381 0.7547196 0.6180933 1.5996275 1.9903363 
Drygla_Dgla_sb291485                                  1.5031705 1.6794008 1.5563268 1.5563268 1.7876050 1.5563268 1.6541846 1.6792361 2.1150429 0.5843413 1.6158297 1.7154864 1.6248914 1.5410275 1.4133440 1.6109481 1.3986999 1.4318842 1.4623846 1.4612597 1.4789344 1.4721425 1.4634934 1.5390270 1.9773043 1.5130468 1.3932470 1.4767567 1.5523351 2.5686174 1.4124822 1.4838829 1.4915532 1.5544644 1.3489938 1.6938766 1.6249829 1.5739058 0.4819928 0.4790523 0.0092124 0.0092124 0.0000000 0.0000010 0.9180645 0.6951793 0.8861495 0.8478192 1.4541163 1.4833737 1.5215277 1.7471937 1.8377020 3.5903123 4.3704133 1.9170888 1.7630310 1.7435735 1.5826429 1.6635267 1.3616915 1.7038630 1.6511744 1.9562923 1.4395491 1.4491292 1.4141464 1.4141464 1.3857844 1.3917152 1.8290800 1.8455047 1.8994323 1.6797674 1.8817428 2.1779757 1.8939679 1.4540676 1.5599577 1.6403060 1.9255005 2.0966508 1.4875821 0.6180933 3.1165559 1.9705200 
