82
Emue_Em0010g714a.t1                                    0.0000000 0.2734149 0.8353247 0.3071236 0.1846761 0.2749601 1.2385330 1.5671521 0.6283856 0.6333967 1.5012665 1.5119024 1.4887895 0.6361143 1.6679503 1.1427291 1.4591813 0.6215687 0.7699741 1.7686628 1.7991799 1.5254636 1.7161910 1.5827342 1.6307440 1.6180693 1.7593421 6.4196969 1.7519424 0.9981202 0.9981202 1.5740917 1.2970094 1.0485943 1.7183370 1.6853434 1.9557487 1.9692852 1.9808367 1.9279521 1.8925980 1.8925980 1.8565892 1.8703991 1.5783188 1.4594784 1.4594784 1.2383503 1.8230561 1.8230561 1.9913764 2.3334237 2.2162538 1.8427605 1.6892718 1.9466334 1.8030929 1.7846176 2.1773295 2.2432210 2.2595925 1.9765814 2.4949371 1.2191034 2.0693108 1.8089582 2.4057772 2.0025355 2.2386259 2.9899901 2.0519674 2.8172942 3.1672194 3.3185883 1.8288027 2.1881062 2.7577593 2.4380788 2.8064435 1.3331625 2.9427271 1.3797535 
Stycar_maker-SC_scaffold7479-augustus-gene-0.28-mRNA-1 0.2734149 0.0000000 0.0864371 0.0000010 0.3425328 0.3791252 0.3663940 0.6007238 0.5319115 0.5143644 0.6007238 0.6225428 0.5807720 0.5140962 0.5380858 0.4639033 0.4958644 0.4151148 0.4297566 0.4551085 0.5088171 0.5307222 0.5085381 0.4720572 0.7456438 1.4246469 0.7456438 4.1190865 0.6920172 0.6544698 0.6544698 0.7237033 0.7148586 0.6373081 0.7203880 0.6124219 0.5630433 0.5926040 0.5630433 0.5671735 0.5469780 0.5469780 0.6317709 0.5562981 0.5201896 0.6859757 0.6859757 0.7042225 0.6859757 0.6859757 0.6342055 0.6315390 0.7183130 0.6979961 0.6871281 0.7966001 0.5576550 0.8153031 0.6011746 0.6546129 0.6543611 0.6739882 0.9334872 0.6474742 0.7155726 0.6344278 0.6993492 0.7816915 0.9277915 0.9105187 1.3248457 1.4019062 1.7806767 1.6019708 1.4543603 1.0921570 1.1523642 0.7821740 1.0523834 0.7560005 1.1953264 0.3922332 
Tetwil_g24219.t1                                       0.8353247 0.0864371 0.0000000 0.1947643 0.4343138 1.0429060 1.1314833 1.5612526 0.6582215 0.6434927 1.6673031 1.6673031 1.6002340 0.6410367 1.4165811 1.0255057 1.3325640 0.6177795 0.6727884 1.6342565 1.6064225 1.3290342 1.3448229 1.5953463 1.4831990 1.4491233 1.5445705 8.9999987 1.6850438 0.8637543 0.8637543 1.4803783 1.1142932 0.8676515 1.4489615 1.6379086 1.7907704 1.8241403 1.6987319 1.7372779 1.6195435 1.5516331 1.6454808 1.8052534 1.5433951 1.1118487 1.1118487 0.8404853 1.5050617 1.5050617 1.6172887 1.8935579 2.2671869 1.8074090 1.6565898 1.7438544 1.6361198 1.8643460 1.7916553 1.8208195 1.8704676 1.6787856 2.4629953 1.3316707 1.8643071 1.7006781 2.1999914 2.0958621 2.0819670 2.7520133 1.7233882 2.5599038 3.3632263 3.4310012 1.8780432 2.2429872 2.7499367 2.6855771 2.5613387 1.4186172 2.9243302 1.5071875 
Stycar_maker-SC_scaffold57510-augustus-gene-0.2-mRNA-1 0.3071236 0.0000010 0.1947643 0.0000000 0.3778697 0.3778697 0.3554620 0.5405481 0.5405481 0.5737539 0.5405481 0.5405481 0.5497415 0.5497415 0.5418685 0.4227640 0.5195730 0.5431677 0.5044987 0.4415562 0.5129257 0.4859069 0.4643673 0.5695762 0.6144544 2.0953168 0.6144544 0.9652499 0.7022347 0.6419121 0.6419121 0.6860142 0.7242210 0.6419121 0.6978247 0.6205206 0.6398787 0.6446436 0.6561729 0.6180090 0.6293616 0.6293616 0.6575312 0.6152649 0.5349027 0.6912389 0.6912389 0.6912389 0.6543397 0.6543397 0.6372285 0.6962169 0.7232884 0.6968372 0.6869728 0.7412293 0.6238776 0.9343359 0.7822452 0.7915789 0.7780246 0.6606248 0.8773521 0.8773521 0.6926032 0.8752356 0.9127347 0.7145281 0.7800431 1.0564982 1.3289380 1.3289380 1.6152441 1.4816850 1.7355831 0.9881258 1.1346516 0.9843354 1.1250167 1.0935484 1.1807742 0.3890645 
Spolac_c102251_g2_i1_m.28530c102251-g2                 0.1846761 0.3425328 0.4343138 0.3778697 0.0000000 0.0000010 1.0098759 1.0203691 0.6539444 0.6535579 1.1471078 1.1578642 1.1085509 0.6799335 1.0537774 0.9928791 0.8436117 0.6138838 0.7932983 1.0407006 1.2402473 1.1443089 1.1406709 1.0365934 1.4204401 1.6535342 1.4204401 6.3037434 1.5175170 1.0810861 1.0810861 1.3868007 1.3583451 1.1164647 1.3940757 1.5117544 1.4407093 1.4623581 1.4878842 1.5101930 1.5055550 1.5055550 1.4252357 1.4422649 1.1177864 1.1337658 1.1337658 1.1337658 1.4165892 1.4165892 1.1674663 1.3103388 1.4287723 1.1252367 1.1201401 1.2347311 1.1116223 1.1373278 1.5269627 1.4694675 1.5738533 1.6495730 1.6249058 1.2516966 1.2597816 1.4544681 1.5305984 1.4751487 1.4478993 1.9722746 1.9426872 2.0309934 2.2733886 2.3443545 1.7987167 1.7593769 1.8342303 1.6558963 2.1749891 1.3705756 2.0259265 1.5891648 
Spolac_c102251_g2_i2_m.28532c102251-g2                 0.2749601 0.3791252 1.0429060 0.3778697 0.0000010 0.0000000 1.4711527 1.7082966 0.6539444 0.6535579 1.8590287 1.8852737 1.7170822 0.6799335 1.8229581 1.3546301 1.6511851 0.6138838 0.7932983 1.9081503 2.1531499 1.9011207 1.8281897 1.7722757 1.8728971 1.6535342 2.0515424 8.9552458 1.9666281 1.0810861 1.0810861 1.7891062 1.4539816 1.1164647 1.8919822 1.9272023 2.1448210 2.2960486 2.2053831 2.3433590 2.2943725 2.1804950 2.1802679 2.2308426 1.8510051 1.5463798 1.5463798 1.2717859 1.9499331 1.9499331 2.1226105 2.3996511 2.5816054 2.1924752 1.9825211 2.2714785 2.0041818 1.9238093 2.5103032 2.5245960 2.6201900 2.2269644 2.8926395 1.2703408 2.2797836 2.0347256 2.4062125 2.3281347 2.3593372 3.4322691 2.1069041 2.9225638 3.4195632 3.5866900 1.7987167 2.6605669 3.0475408 2.7640523 2.8800578 1.3705756 2.9591109 1.5891648 
Aque_Aqu2.1.23694_001                                  1.2385330 0.3663940 1.1314833 0.3554620 1.0098759 1.4711527 0.0000000 1.7944805 0.5627367 0.5492194 1.9588413 1.9782456 1.8340699 0.5499690 2.1008822 1.7670689 1.9306278 0.7232062 1.0606569 2.3137844 2.5092521 2.0492657 2.1095121 2.4486734 1.8574908 1.9846482 2.0309343 6.1226418 2.1489297 1.2233336 1.2233336 1.9979878 1.6516604 1.2865302 1.8918724 2.1552163 2.1193240 2.1800496 2.2056695 2.2413476 2.1879712 2.1199760 1.9598329 2.0709769 2.0632351 1.7260626 1.7260626 1.5213611 2.1099554 2.1099554 2.5966947 2.9855969 2.7353471 2.3354232 2.2594244 2.4642464 2.2392620 2.3948601 2.9173634 2.8626925 2.9829281 2.8886190 2.8809076 1.3579169 2.2853234 2.3475818 2.6003307 2.4190176 2.6318857 3.5938512 2.5340650 3.5118964 4.2802764 4.0893474 1.7485989 3.0655950 3.1052524 3.4683100 2.8584957 1.3510924 3.1467451 1.4778233 
HoiH23_PlH23_008290-RA                                 1.5671521 0.6007238 1.5612526 0.5405481 1.0203691 1.7082966 1.7944805 0.0000000 0.0053084 0.0162607 0.0341348 0.0342590 0.1461707 0.0384993 1.3001663 1.2695598 1.4544275 0.5785114 0.7238215 1.7335269 1.6943972 1.3081042 1.4177519 1.7257694 1.4762446 0.8778374 1.5307587 5.8557865 1.3630828 0.7870304 0.7870304 1.3745190 1.0859495 0.9424076 1.3257506 1.5406064 1.5420929 1.5813316 1.5647812 1.5946471 1.6559301 1.6078072 1.4634546 1.3842110 1.6502691 1.8323545 1.8323545 1.5548081 2.3304850 2.3304850 1.7200094 1.9651717 1.8905679 1.6612529 1.5261424 1.7155977 1.6285213 1.6172964 2.2070061 2.3585928 2.2678565 1.8045138 2.0970303 1.0872286 1.6307943 1.8396704 1.9741376 2.0597585 2.0718900 2.6434322 1.8806691 2.5486713 3.3493192 3.7262242 1.8339525 2.4533143 2.7746155 2.8303058 2.6224907 1.3758079 3.2014746 1.3851521 
HoiH06_mRNA1934                                        0.6283856 0.5319115 0.6582215 0.5405481 0.6539444 0.6539444 0.5627367 0.0053084 0.0000000 0.0217242 0.0271550 0.0271550 0.0440777 0.0440777 0.4940287 0.6040828 0.5253504 0.5700479 0.6316302 0.5823889 0.6412475 0.5377251 0.5765270 0.5362725 0.7821599 0.8778374 0.7821599 2.7125097 0.7585447 0.7614851 0.7614851 0.7191203 0.7560383 0.8780666 0.7426655 0.8184004 0.7082748 0.7075683 0.7123818 0.6984732 0.7060252 0.7060252 0.6545173 0.6713423 0.8128353 0.7928785 0.7928785 0.7928785 0.9485728 0.9485728 0.7039191 0.7745094 0.8919397 0.6833757 0.6723007 0.7599281 0.6589929 0.7497872 1.0290938 1.0118211 0.9923355 0.8736920 1.1076770 1.0627101 0.7949094 0.9460525 0.9509187 1.0940257 0.9379690 1.2016470 1.3418921 1.3418921 1.9149478 1.9259508 1.8339525 1.3552927 1.5478754 1.1575193 1.8605926 1.3758079 1.6316499 1.3851521 
HoiH11_mRNA6904                                        0.6333967 0.5143644 0.6434927 0.5737539 0.6535579 0.6535579 0.5492194 0.0162607 0.0217242 0.0000000 0.0275464 0.0275464 0.0447272 0.0447272 0.5040326 0.6043202 0.5133074 0.5477857 0.6141266 0.5941504 0.6614287 0.5372140 0.5681354 0.5426806 0.7848693 0.8778374 0.7848693 2.9830867 0.7601892 0.7414953 0.7414953 0.6987269 0.7363261 0.8771496 0.7189491 0.8076652 0.6807691 0.6800781 0.6849411 0.6670143 0.6752996 0.6752996 0.6364161 0.6353139 0.7727198 0.7567590 0.7567590 0.7567590 0.9162464 0.9162464 0.6871823 0.7696889 0.8917358 0.6602998 0.6491482 0.7520655 0.6320583 0.7570586 1.0015666 0.9842390 0.9774212 0.8621764 1.0644022 1.0510933 0.7571311 0.8933029 0.9037230 1.0648110 0.9135189 1.1568069 1.3262429 1.3262429 1.8516722 1.8660016 1.8316349 1.3580590 1.4946762 1.0932686 1.7330720 1.3451325 1.5735346 1.4341709 
HoiH04_mRNA378                                         1.5012665 0.6007238 1.6673031 0.5405481 1.1471078 1.8590287 1.9588413 0.0341348 0.0271550 0.0275464 0.0000000 0.0028091 0.1879781 0.0618818 1.3708102 1.4138325 1.5207741 0.5879931 0.7535208 1.9439052 1.9399731 1.4351753 1.5204043 1.9307520 1.5303387 0.8778374 1.5758861 5.6377439 1.4424134 0.7610712 0.7610712 1.4480740 1.1512284 0.9309231 1.3895514 1.7238525 1.5995370 1.6685481 1.6565842 1.7220044 1.8315654 1.7318513 1.5365511 1.4779797 1.8701613 1.8363683 1.8363683 1.5606420 2.3533709 2.3533709 1.8702774 2.0716455 2.0909349 1.7586054 1.6451398 1.8671056 1.8180694 1.6893399 2.4465929 2.6571267 2.4898448 1.9721508 2.1161158 1.0676083 1.8286135 1.8907160 1.8978665 2.0707583 2.0755933 2.8215418 2.1192992 2.8276832 3.3657167 3.8031272 1.7957307 2.5246823 2.9007525 3.1606593 2.8122353 1.4029352 3.2174202 1.3568434 
Hhon_g02883.t1                                         1.5119024 0.6225428 1.6673031 0.5405481 1.1578642 1.8852737 1.9782456 0.0342590 0.0271550 0.0275464 0.0028091 0.0000000 0.1915436 0.0618818 1.3846712 1.4426686 1.5429358 0.5879931 0.7535208 1.9772782 1.9469172 1.4505392 1.5551516 1.9828627 1.5303387 0.8778374 1.5758861 5.6377439 1.4424134 0.7610712 0.7610712 1.4480740 1.1512284 0.9309231 1.3895514 1.7238525 1.5891946 1.7162766 1.6596363 1.7553169 1.8340057 1.7343216 1.5750944 1.4757676 1.8721667 1.8305320 1.8305320 1.5733853 2.3414298 2.3414298 1.9288183 2.1343460 2.1536271 1.8100668 1.6981293 1.9290102 1.8901412 1.7297426 2.4274546 2.6915690 2.4945813 1.9606766 2.1440916 1.0676083 1.8553375 1.9725600 1.9275225 2.1019769 2.0661297 2.8268809 2.1118805 2.8064045 3.3960277 3.7677125 1.7957307 2.5507117 2.8785483 3.1370513 2.8572919 1.4029352 3.2254621 1.3568434 
TrH2_TrispH2_001038-RA                                 1.4887895 0.5807720 1.6002340 0.5497415 1.1085509 1.7170822 1.8340699 0.1461707 0.0440777 0.0447272 0.1879781 0.1915436 0.0000000 0.0000010 1.3965400 1.3622822 1.4810564 0.5777669 0.7023470 1.7668442 1.8441945 1.3482873 1.5151804 1.7855281 1.5863871 0.8501510 1.6235001 6.5623986 1.5106938 0.7641710 0.7641710 1.4613928 1.1760225 0.9094749 1.4625252 1.6466233 1.6536492 1.7041884 1.7552701 1.7426122 1.7837206 1.7348747 1.5752444 1.4840132 1.8046518 1.7526621 1.7526621 1.4841887 2.2425460 2.2425460 1.7082855 1.9222023 2.0114836 1.7121019 1.6007265 1.8711460 1.7499160 1.5608642 2.3396963 2.5638734 2.4841103 1.9799795 2.2382124 1.0926351 1.8499967 1.8158452 1.9669032 2.1254666 2.0527446 3.0879617 2.1094258 2.6938109 3.5234101 3.8059513 1.8604054 2.5135129 2.8609540 2.9215567 2.9351416 1.3726299 3.1212109 1.3376646 
Tadh_TriadT18774                                       0.6361143 0.5140962 0.6410367 0.5497415 0.6799335 0.6799335 0.5499690 0.0384993 0.0440777 0.0447272 0.0618818 0.0618818 0.0000010 0.0000000 0.4895804 0.6084373 0.5266867 0.5777669 0.6181424 0.5892185 0.6320644 0.5463009 0.5705347 0.5362726 0.7702133 0.8501510 0.7702133 2.5654365 0.7463687 0.7308123 0.7308123 0.6915422 0.7443754 0.8581220 0.7372794 0.7991785 0.7225908 0.7218702 0.7057148 0.7033995 0.7066345 0.7066345 0.6661159 0.6776074 0.7890241 0.7785449 0.7785449 0.7785449 0.9523823 0.9523823 0.7089702 0.7697317 0.8653341 0.6688962 0.6661618 0.7591364 0.6421040 0.7450816 1.0403350 1.0123648 0.9816078 0.8605868 1.1216997 1.0916767 0.7886910 0.9478653 0.9345737 1.1091876 0.9472627 1.2730947 1.3935906 1.3935906 1.8733926 1.8988889 1.8604054 1.3731981 1.5282749 1.1457205 1.8476858 1.3726299 1.6719271 1.3376646 
Bralan_BLAG19000445_1                                  1.6679503 0.5380858 1.4165811 0.5418685 1.0537774 1.8229581 2.1008822 1.3001663 0.4940287 0.5040326 1.3708102 1.3846712 1.3965400 0.4895804 0.0000000 0.9209518 0.9210084 0.3159260 0.5765339 1.2853760 1.5444164 1.0022086 1.0565219 1.1993163 1.3662464 0.9081740 1.4107643 3.1296553 1.3093719 0.8607505 0.8607505 1.2742668 1.1297171 1.0641946 1.3997391 1.4042191 1.3360868 1.3588119 1.3869868 1.3506433 1.4301640 1.3809665 1.1746568 1.2872296 1.6884252 1.1456361 1.1456361 1.0418982 1.2608244 1.2608244 1.2660676 1.5004038 1.4093060 1.3045278 1.2513805 1.3824539 1.5477781 1.3916390 1.8782660 1.7568441 1.8851759 1.6858805 2.0811495 1.0990398 1.6141388 1.7488211 2.1748126 1.9778524 1.9280738 2.5242182 1.9749708 2.4841769 2.8300147 3.0615437 1.9698263 2.0527732 2.3770124 2.4792937 2.6514490 1.4420343 2.3481713 1.4604722 
Acagra_model.g26114.t1                                 1.1427291 0.4639033 1.0255057 0.4227640 0.9928791 1.3546301 1.7670689 1.2695598 0.6040828 0.6043202 1.4138325 1.4426686 1.3622822 0.6084373 0.9209518 0.0000000 0.8804253 0.2768380 0.4159131 1.0709388 1.0752536 1.0207784 0.7340294 1.1787052 1.2915769 1.0160366 1.2915769 4.1065059 1.4881260 0.7536784 0.7536784 1.3039307 1.1803723 0.8867255 1.2856308 1.2353357 1.3848121 1.4621226 1.3267017 1.4197105 1.4767455 1.4255297 1.2387273 1.1651053 1.6438191 1.1168170 1.1168170 1.0757933 1.2629857 1.2629857 1.2198386 1.4098376 1.5313795 1.3623348 1.2501534 1.2946483 1.4041529 1.5245959 1.7655440 1.6187818 1.6841968 1.7702243 1.9220863 0.9850231 1.7656320 1.5559699 1.8160614 1.7077602 1.8263792 2.2167714 1.8008830 2.1837800 2.9654915 2.8246730 1.6808354 2.0004718 2.2873711 2.6457675 2.4781690 1.1491323 2.0821660 1.4108776 
Hsap_ENST00000260327                                   1.4591813 0.4958644 1.3325640 0.5195730 0.8436117 1.6511851 1.9306278 1.4544275 0.5253504 0.5133074 1.5207741 1.5429358 1.4810564 0.5266867 0.9210084 0.8804253 0.0000000 0.2903996 0.5453177 1.3160164 1.4579264 0.9848863 0.9229446 1.2821848 1.1047248 0.9977434 1.1738206 3.0007954 1.1658183 0.6524406 0.6524406 1.1120405 0.9024568 0.8150344 1.1913436 1.0859155 1.3234162 1.3964323 1.2836077 1.3338539 1.3822079 1.3075163 1.2660867 1.1921812 1.6936635 1.1150748 1.1150748 0.9949875 1.3776996 1.3776996 1.4903798 1.4938232 1.4305207 1.2220124 1.1108085 1.2936196 1.3313048 1.5451745 1.6636547 1.7433244 1.7564966 1.5181440 2.1493282 0.9958096 1.5215031 1.8132600 1.8882709 1.8996353 1.9481389 2.5086672 1.8052059 2.4361610 3.0856159 3.2090614 1.7880232 1.9679993 2.3114736 2.5749822 2.6747915 1.2035883 2.3119310 1.4305340 
Ctel_gnl_WGS_AMQN_CAPTEDRAFT_mRNA124156                0.6215687 0.4151148 0.6177795 0.5431677 0.6138838 0.6138838 0.7232062 0.5785114 0.5700479 0.5477857 0.5879931 0.5879931 0.5777669 0.5777669 0.3159260 0.2768380 0.2903996 0.0000000 0.3592145 0.2958529 0.3641338 0.4086992 0.3340955 0.3921774 0.7463596 0.9801230 0.7463596 1.7629142 0.7982291 0.7739537 0.7739537 0.7003673 0.6942221 0.9216360 0.7291569 0.7336789 0.5330914 0.5351037 0.5519019 0.5402263 0.5471749 0.5471749 0.4873098 0.4751939 0.7891457 0.5103603 0.5103603 0.5103603 0.5446390 0.5446390 0.5569208 0.5824998 0.7135256 0.5247239 0.5274177 0.5437198 0.5045143 0.7135286 0.7811012 0.7912117 0.7670777 0.7564635 1.2814012 1.1749396 0.7632611 0.9435188 1.0362218 1.0442072 0.9556565 1.4844217 1.2456436 1.2456436 2.3158656 2.0571615 1.6859508 1.4091971 1.5231045 1.1989053 1.7149795 1.3445871 1.4475875 1.6353105 
Dpul_mRNA11324                                         0.7699741 0.4297566 0.6727884 0.5044987 0.7932983 0.7932983 1.0606569 0.7238215 0.6316302 0.6141266 0.7535208 0.7535208 0.7023470 0.6181424 0.5765339 0.4159131 0.5453177 0.3592145 0.0000000 0.3651296 0.3912167 0.5452779 0.5003786 0.5756696 0.9310056 0.7973977 0.9310056 4.0284593 0.9313258 0.7365508 0.7365508 0.8420148 0.8687115 0.8388811 0.8812469 0.8939515 0.8134087 0.8042427 0.8269083 0.7960350 0.8184496 0.8184496 0.6404384 0.6084782 0.8416126 0.7397708 0.7397708 0.7397708 0.7872349 0.7872349 0.8015468 0.8200662 0.9438602 0.7637466 0.7514933 0.7133583 0.6545000 0.8620681 1.0697714 0.9948693 1.0482927 0.9808350 1.3129070 0.9901417 0.9219184 1.3462033 1.3543019 1.1898182 1.2649059 1.7337397 1.5244645 1.5244645 2.4724388 2.1917702 1.6877384 1.4932102 1.6266075 1.4357012 1.8660388 1.1474400 1.9000211 1.5138003 
Cscu_XM_023375145.1                                    1.7686628 0.4551085 1.6342565 0.4415562 1.0407006 1.9081503 2.3137844 1.7335269 0.5823889 0.5941504 1.9439052 1.9772782 1.7668442 0.5892185 1.2853760 1.0709388 1.3160164 0.2958529 0.3651296 0.0000000 1.3508501 1.4794577 1.4020825 1.3581988 1.5763838 1.1090246 1.6956448 5.6809052 1.4744002 0.7915180 0.7915180 1.4809067 1.1256508 0.9153571 1.4651726 1.6026998 1.7206378 1.7478653 1.8340204 1.7724146 1.8282508 1.7896329 1.7164384 1.7447123 1.9818026 1.2710039 1.2710039 1.1538002 1.4264203 1.4264203 2.0257505 2.0464878 2.0765441 1.8099235 1.5861996 1.8356896 1.7835820 1.8337444 2.2400409 2.2545537 2.2125397 1.9227749 2.6858923 1.0727649 1.9699018 2.0843384 2.3463073 2.2925125 2.4814255 3.4407573 1.8853366 2.7952256 3.9257761 3.6515254 1.7073902 2.4562552 2.9614695 2.9888691 3.1470653 1.3341055 2.8431669 1.3945091 
Tcas_TC009000_001                                      1.7991799 0.5088171 1.6064225 0.5129257 1.2402473 2.1531499 2.5092521 1.6943972 0.6412475 0.6614287 1.9399731 1.9469172 1.8441945 0.6320644 1.5444164 1.0752536 1.4579264 0.3641338 0.3912167 1.3508501 0.0000000 1.5654351 1.2517245 1.8140665 1.5063053 1.0561660 1.5815037 6.4260747 1.6542864 0.7981365 0.7981365 1.5866489 1.3489022 0.9172967 1.4060752 1.6815363 1.7439910 1.8164820 1.7450908 1.8120951 1.8554542 1.7670609 1.4280959 1.5893579 1.9799358 1.4064824 1.4064824 1.2656403 1.6638572 1.6638572 2.2261525 2.2598306 2.0711164 1.8506976 1.7943039 1.9421899 1.8729874 1.8704907 2.1852682 2.1259320 2.0509962 1.8862204 2.6293862 1.0320555 2.2849936 2.3082660 2.4612590 2.3622125 2.6463396 3.3265502 2.0855895 3.1751069 4.1714789 3.8675248 1.6566363 2.9250858 3.1012902 2.9553534 3.2338643 1.3186939 2.7042691 1.4302136 
Skow_XM_002739718.2                                    1.5254636 0.5307222 1.3290342 0.4859069 1.1443089 1.9011207 2.0492657 1.3081042 0.5377251 0.5372140 1.4351753 1.4505392 1.3482873 0.5463009 1.0022086 1.0207784 0.9848863 0.4086992 0.5452779 1.4794577 1.5654351 0.0000000 1.1056461 1.3876621 1.3405350 0.9361740 1.3897123 3.7433370 1.4629422 0.7289527 0.7289527 1.3733472 1.0876609 0.9329158 1.3400849 1.3657450 1.3514126 1.4145219 1.3914701 1.3695323 1.3424268 1.2605709 1.2533057 1.2903559 1.7505695 1.2119724 1.2119724 1.1399570 1.4450489 1.4450489 1.3635925 1.4671061 1.7503499 1.4368360 1.4133501 1.5249160 1.7096683 1.6969790 2.0153741 2.0251954 1.9819892 1.8115392 2.0365435 1.0341698 1.7723438 1.8182823 1.8928270 1.8287963 1.9994633 3.1622432 1.9599196 2.4086106 3.7606847 3.7502515 1.8965084 2.3597630 2.7158048 2.9328663 3.0223488 1.3268818 2.4428543 1.4137424 
Cgig_XM_034462963.1                                    1.7161910 0.5085381 1.3448229 0.4643673 1.1406709 1.8281897 2.1095121 1.4177519 0.5765270 0.5681354 1.5204043 1.5551516 1.5151804 0.5705347 1.0565219 0.7340294 0.9229446 0.3340955 0.5003786 1.4020825 1.2517245 1.1056461 0.0000000 1.3633961 1.1427926 1.0093574 1.1800907 3.3014540 1.3288135 0.7388739 0.7388739 1.2681039 1.0719145 0.9069602 1.3279739 1.3700679 1.4514538 1.5499394 1.4719825 1.5183571 1.6442700 1.5811945 1.2122996 1.4316713 1.8759506 1.0407930 1.0407930 1.0499818 1.1837264 1.1837264 1.4275899 1.5029554 1.7803263 1.5582270 1.4960739 1.5595869 1.4590587 1.6078688 1.7280093 1.6618000 1.7718109 1.8149517 2.0061480 0.9336085 1.9978439 1.6517017 2.0018620 1.9173316 2.0802041 2.7003246 1.7052948 2.3237156 3.1395403 3.0228938 1.6431589 2.3544250 2.3292220 2.6934947 2.4267075 1.1007815 2.5639482 1.2658299 
Spur_XM_011684240.2                                    1.5827342 0.4720572 1.5953463 0.5695762 1.0365934 1.7722757 2.4486734 1.7257694 0.5362725 0.5426806 1.9307520 1.9828627 1.7855281 0.5362726 1.1993163 1.1787052 1.2821848 0.3921774 0.5756696 1.3581988 1.8140665 1.3876621 1.3633961 0.0000000 1.1938548 0.7687007 1.2796700 3.5689211 1.5235949 0.7298522 0.7298522 1.4072619 1.0803037 0.8527897 1.5136252 1.6572373 1.7015225 1.7151670 1.7257297 1.8025329 1.7305055 1.6765596 1.4735508 1.6073193 1.8814296 1.3977506 1.3977506 1.2543456 1.6966791 1.6966791 1.8134452 1.8804050 2.0965702 1.7525219 1.6550278 1.5530219 1.7336342 1.8252791 2.3842958 2.3487841 2.3775874 1.8184552 2.4320205 1.0641221 1.9298944 1.9165352 2.4204601 2.3068446 2.3005881 3.1207392 2.2605947 2.9292745 3.5389958 3.5053178 1.6394285 2.2139269 2.4657455 2.9786458 2.7745093 1.2548185 2.3338618 1.4559598 
Horcal_Hcv1.av93.c2.g1135.i1                           1.6307440 0.7456438 1.4831990 0.6144544 1.4204401 1.8728971 1.8574908 1.4762446 0.7821599 0.7848693 1.5303387 1.5303387 1.5863871 0.7702133 1.3662464 1.2915769 1.1047248 0.7463596 0.9310056 1.5763838 1.5063053 1.3405350 1.1427926 1.1938548 0.0000000 0.0000010 0.0035254 0.0964207 0.4614086 0.2709067 0.2709067 0.4330926 0.3357741 0.3736570 0.5434596 0.6214713 1.4815361 1.4549269 1.5117650 1.4179953 1.4314588 1.4314588 1.2318507 1.2112875 1.5059386 1.2529670 1.2529670 1.1798423 1.3671172 1.3671172 1.3356681 1.4669652 1.6479116 1.4269214 1.3773065 1.4363081 1.3770533 1.5257834 1.6670555 1.7624925 1.7212164 1.7088642 1.5846571 1.0911321 1.5376553 1.9631082 2.0489174 1.4936279 1.7770288 2.2932665 2.0449373 2.5205553 2.5319713 2.6172999 1.6113220 2.3162347 2.3676806 2.4820937 2.3712402 1.5339107 1.9748758 0.7490472 
Pbac_sb2643856                                         1.6180693 1.4246469 1.4491233 2.0953168 1.6535342 1.6535342 1.9846482 0.8778374 0.8778374 0.8778374 0.8778374 0.8778374 0.8501510 0.8501510 0.9081740 1.0160366 0.9977434 0.9801230 0.7973977 1.1090246 1.0561660 0.9361740 1.0093574 0.7687007 0.0000010 0.0000000 0.0000010 3.3408817 0.0749287 0.1913138 0.1913138 0.1042263 0.1014129 0.1913138 0.1799641 0.1667106 1.1950888 1.2206548 1.1950888 1.1950888 1.0573859 1.0573859 0.8472978 0.9383403 1.6185400 1.1177963 1.1177963 1.1177963 1.1177963 1.1177963 0.9154256 0.9339370 1.1884012 1.1636573 1.2068146 1.1412538 1.1039008 0.9941697 1.8830052 1.5803950 1.4834633 1.5781406 2.3624492 3.4354923 1.1211572 2.2450160 1.9644909 1.9350928 1.5734354 1.9517368 2.5803365 2.5803365 4.6464794 3.6629044 3.3633889 2.0054881 2.1463699 1.8757642 3.1727126 2.6613041 1.8667334 0.0000010 
Horcal_Hcv1.av93.c2.g1135.i3                           1.7593421 0.7456438 1.5445705 0.6144544 1.4204401 2.0515424 2.0309343 1.5307587 0.7821599 0.7848693 1.5758861 1.5758861 1.6235001 0.7702133 1.4107643 1.2915769 1.1738206 0.7463596 0.9310056 1.6956448 1.5815037 1.3897123 1.1800907 1.2796700 0.0035254 0.0000010 0.0000000 0.1081019 0.4959648 0.2709067 0.2709067 0.4561952 0.3357741 0.3736570 0.5741467 0.6494107 1.5173392 1.5020711 1.5474904 1.4546969 1.4678832 1.4678832 1.2820530 1.2499066 1.5803317 1.2529670 1.2529670 1.1798423 1.3671172 1.3671172 1.3792768 1.5010318 1.6878965 1.4694436 1.4203756 1.4798829 1.4219416 1.5894831 1.7125381 1.8203211 1.7566363 1.7088642 1.6339663 1.0911321 1.5887842 1.9707595 2.1564338 1.5303115 1.9100201 2.4084986 2.1628932 2.5774884 2.6060664 2.7963314 1.6113220 2.3890949 2.4324190 2.6034428 2.3712402 1.5339107 2.1182426 0.7490472 
Horcal_Hcv1.av93.c2.g1135.i2                           6.4196969 4.1190865 8.9999987 0.9652499 6.3037434 8.9552458 6.1226418 5.8557865 2.7125097 2.9830867 5.6377439 5.6377439 6.5623986 2.5654365 3.1296553 4.1065059 3.0007954 1.7629142 4.0284593 5.6809052 6.4260747 3.7433370 3.3014540 3.5689211 0.0964207 3.3408817 0.1081019 0.0000000 1.1213359 0.9962900 0.9962900 1.3566396 1.1039626 5.0746612 1.7167157 1.8827914 3.7190542 3.5532411 3.9719797 3.4581312 3.6191053 3.6191053 2.9120253 2.6173566 4.5757391 2.8045773 2.8045773 2.7279394 2.5856254 2.5856254 3.5854140 3.8579405 3.0670311 3.6421188 3.6075845 4.1872077 3.9442179 5.4237396 4.2672307 5.1970823 4.8765138 5.0847956 3.8047499 2.3781229 4.7484553 6.1225658 6.4613947 4.0235037 5.3143078 6.0100605 8.9999983 7.5792415 4.3649492 5.6229720 4.9518960 6.5021159 8.3804654 8.9999982 5.6567383 9.0000000 4.2116571 6.0937174 
Mlei_ML0250.g5.i1                                      1.7519424 0.6920172 1.6850438 0.7022347 1.5175170 1.9666281 2.1489297 1.3630828 0.7585447 0.7601892 1.4424134 1.4424134 1.5106938 0.7463687 1.3093719 1.4881260 1.1658183 0.7982291 0.9313258 1.4744002 1.6542864 1.4629422 1.3288135 1.5235949 0.4614086 0.0749287 0.4959648 1.1213359 0.0000000 0.2317323 0.2317323 0.2691228 0.1855944 0.3524170 0.4850973 0.5261856 1.5188727 1.4867164 1.5534253 1.4406953 1.5851268 1.5851268 1.2806184 1.2928027 1.5881652 1.3328259 1.3328259 1.2752997 1.3238580 1.3238580 1.3465729 1.3824049 1.6332745 1.5596651 1.5614772 1.6683171 1.4824130 1.5210789 1.7202112 1.7012651 1.7372924 1.7387750 1.5928209 1.0553938 1.6793305 2.1022082 2.1482911 1.6509524 1.9021489 2.7724359 2.3813450 2.6448190 2.4689490 2.4807302 1.6921182 2.2512527 2.3604734 2.4669524 2.4183925 1.6031829 2.2263828 0.9458045 
Eupdun_Edun_sb10620629                                 0.9981202 0.6544698 0.8637543 0.6419121 1.0810861 1.0810861 1.2233336 0.7870304 0.7614851 0.7414953 0.7610712 0.7610712 0.7641710 0.7308123 0.8607505 0.7536784 0.6524406 0.7739537 0.7365508 0.7915180 0.7981365 0.7289527 0.7388739 0.7298522 0.2709067 0.1913138 0.2709067 0.9962900 0.2317323 0.0000000 0.0000010 0.1589822 0.1698624 0.0826902 0.1659767 0.2148528 0.9447816 0.9418017 0.8948104 0.8971216 0.8695219 0.8695219 0.7474770 0.8411158 0.9787086 0.9398197 0.9398197 0.9398197 0.9587094 0.9587094 0.8036158 0.8438229 1.0783430 0.8704182 0.8335599 0.8812612 0.8867899 1.0429832 1.0054070 1.0069960 0.9849604 0.9310808 1.2268400 1.0797424 0.9663045 1.3149990 1.2522705 1.1099789 1.0663703 1.7116559 1.7331782 1.7331782 2.3540240 2.2494890 1.6445864 1.5836731 1.5601562 1.5381416 1.9738742 1.2825575 1.6590742 1.0569756 
Eupdun_Edun_sb10620630                                 0.9981202 0.6544698 0.8637543 0.6419121 1.0810861 1.0810861 1.2233336 0.7870304 0.7614851 0.7414953 0.7610712 0.7610712 0.7641710 0.7308123 0.8607505 0.7536784 0.6524406 0.7739537 0.7365508 0.7915180 0.7981365 0.7289527 0.7388739 0.7298522 0.2709067 0.1913138 0.2709067 0.9962900 0.2317323 0.0000010 0.0000000 0.1589822 0.1698624 0.0826902 0.1659767 0.2148528 0.9447816 0.9418017 0.8948104 0.8971216 0.8695219 0.8695219 0.7474770 0.8411158 0.9787086 0.9398197 0.9398197 0.9398197 0.9587094 0.9587094 0.8036158 0.8438229 1.0783430 0.8704182 0.8335599 0.8812612 0.8867899 1.0429832 1.0054070 1.0069960 0.9849604 0.9310808 1.2268400 1.0797424 0.9663045 1.3149990 1.2522705 1.1099789 1.0663703 1.7116559 1.7331782 1.7331782 2.3540240 2.2494890 1.6445864 1.5836731 1.5601562 1.5381416 1.9738742 1.2825575 1.6590742 1.0569756 
Drygla_Dgla_sb290450                                   1.5740917 0.7237033 1.4803783 0.6860142 1.3868007 1.7891062 1.9979878 1.3745190 0.7191203 0.6987269 1.4480740 1.4480740 1.4613928 0.6915422 1.2742668 1.3039307 1.1120405 0.7003673 0.8420148 1.4809067 1.5866489 1.3733472 1.2681039 1.4072619 0.4330926 0.1042263 0.4561952 1.3566396 0.2691228 0.1589822 0.1589822 0.0000000 0.1564546 0.2429033 0.4204264 0.4697665 1.4826499 1.4707100 1.4179512 1.4263747 1.4073430 1.4073430 1.2198958 1.2203450 1.4651719 1.2734839 1.2734839 1.1755622 1.4468503 1.4468503 1.2673614 1.3458077 1.6720280 1.4294406 1.3911082 1.5063965 1.3900461 1.4020909 1.5933166 1.6428085 1.6206875 1.6596373 1.5727347 1.0817296 1.6189479 2.0432303 2.0594520 1.6249703 1.9012389 2.7137996 2.3664744 2.5757393 2.5385628 2.7774931 1.7200344 2.1555191 2.3822431 2.4649042 2.4770176 1.4609044 2.1649614 1.0384759 
Beraby_Baby_sb325880                                   1.2970094 0.7148586 1.1142932 0.7242210 1.3583451 1.4539816 1.6516604 1.0859495 0.7560383 0.7363261 1.1512284 1.1512284 1.1760225 0.7443754 1.1297171 1.1803723 0.9024568 0.6942221 0.8687115 1.1256508 1.3489022 1.0876609 1.0719145 1.0803037 0.3357741 0.1014129 0.3357741 1.1039626 0.1855944 0.1698624 0.1698624 0.1564546 0.0000000 0.2575596 0.3326765 0.3093838 1.2303686 1.2297341 1.2786244 1.2004618 1.2846085 1.2846085 1.0498516 1.0705916 1.1115618 1.1652234 1.1652234 1.1508763 1.3136535 1.3136535 1.1052071 1.1143627 1.3203117 1.1380045 1.1055491 1.3067238 1.0628709 1.1226244 1.3649561 1.3550067 1.2773454 1.4211606 1.3070293 1.0449790 1.3701416 1.7693808 1.7304263 1.2506853 1.5277287 2.3032800 2.0586020 2.2659014 2.2835859 2.3252170 1.6831409 2.0436270 1.9695931 2.0833134 2.3583514 1.4306240 1.8188663 1.0327184 
Eupdun_Edun_sb10620631                                 1.0485943 0.6373081 0.8676515 0.6419121 1.1164647 1.1164647 1.2865302 0.9424076 0.8780666 0.8771496 0.9309231 0.9309231 0.9094749 0.8581220 1.0641946 0.8867255 0.8150344 0.9216360 0.8388811 0.9153571 0.9172967 0.9329158 0.9069602 0.8527897 0.3736570 0.1913138 0.3736570 5.0746612 0.3524170 0.0826902 0.0826902 0.2429033 0.2575596 0.0000000 0.2762766 0.3338560 1.0925258 1.0700518 1.0570588 1.0665017 1.0349499 1.0349499 0.9470370 1.0470792 1.1442503 1.0251560 1.0251560 1.0251560 1.0744914 1.0744914 0.9290214 0.9875732 1.3191495 1.0528199 0.9873934 1.0227647 0.9795210 1.1483133 1.2824695 1.2320674 1.1831166 1.1833989 1.2368654 1.0797424 1.0716434 1.5537875 1.4587623 1.0964937 1.1365520 1.7139511 1.8215345 1.8215345 2.3081838 2.1517167 1.7318844 1.8358745 1.7301950 1.5107161 2.0075256 1.2825575 1.6635308 1.0569756 
Coemet_Cmet_C589375_01                                 1.7183370 0.7203880 1.4489615 0.6978247 1.3940757 1.8919822 1.8918724 1.3257506 0.7426655 0.7189491 1.3895514 1.3895514 1.4625252 0.7372794 1.3997391 1.2856308 1.1913436 0.7291569 0.8812469 1.4651726 1.4060752 1.3400849 1.3279739 1.5136252 0.5434596 0.1799641 0.5741467 1.7167157 0.4850973 0.1659767 0.1659767 0.4204264 0.3326765 0.2762766 0.0000000 0.4777120 1.5061665 1.4939668 1.5553956 1.4944696 1.4436740 1.4436740 1.3662846 1.2953828 1.5770613 1.3359467 1.3359467 1.3223250 1.4764732 1.4764732 1.3180583 1.3062707 1.6375578 1.4375921 1.4103181 1.6135573 1.5272645 1.5208117 1.7410805 1.7797147 1.6872710 1.6010726 1.7044511 1.0590536 1.6433064 2.0508598 1.9505150 1.5673532 1.8195593 2.4161301 2.3016514 2.5770527 2.6467335 2.5289174 1.7195189 2.6232026 2.4515669 2.5782031 2.4907714 1.4358818 2.2194338 1.1313378 
Lampan_Lpan_C408919_01                                 1.6853434 0.6124219 1.6379086 0.6205206 1.5117544 1.9272023 2.1552163 1.5406064 0.8184004 0.8076652 1.7238525 1.7238525 1.6466233 0.7991785 1.4042191 1.2353357 1.0859155 0.7336789 0.8939515 1.6026998 1.6815363 1.3657450 1.3700679 1.6572373 0.6214713 0.1667106 0.6494107 1.8827914 0.5261856 0.2148528 0.2148528 0.4697665 0.3093838 0.3338560 0.4777120 0.0000000 1.5863555 1.5882082 1.5520499 1.5518297 1.4639554 1.4639554 1.4565711 1.4189861 1.6690001 1.2389206 1.2389206 1.1890657 1.3147364 1.3147364 1.3819425 1.4662979 1.7221098 1.4922981 1.4602468 1.5730057 1.4604293 1.5733881 1.7460201 1.7581459 1.7125619 1.5918812 1.7928625 1.1054412 1.8394436 1.9198937 2.0993710 1.5889754 2.0253573 2.7021679 2.3765270 2.6948012 2.6182110 2.7676916 1.5126781 2.4311050 2.5714609 2.6780247 2.7610447 1.5288358 2.1960173 1.1467268 
Spis_XP_022785271_1                                    1.9557487 0.5630433 1.7907704 0.6398787 1.4407093 2.1448210 2.1193240 1.5420929 0.7082748 0.6807691 1.5995370 1.5891946 1.6536492 0.7225908 1.3360868 1.3848121 1.3234162 0.5330914 0.8134087 1.7206378 1.7439910 1.3514126 1.4514538 1.7015225 1.4815361 1.1950888 1.5173392 3.7190542 1.5188727 0.9447816 0.9447816 1.4826499 1.2303686 1.0925258 1.5061665 1.5863555 0.0000000 0.0342775 0.1641627 0.1410198 0.3039402 0.2865376 0.5755757 0.5610024 1.9273730 1.3705592 1.3705592 1.3085450 1.4927401 1.4927401 1.1346519 1.3002896 1.4912438 1.2725054 1.2749426 1.3794312 1.4080075 1.7440252 2.3830053 2.1953497 2.1925514 1.8875621 2.1187797 1.0870207 1.5288782 2.0671115 2.2264765 1.8219682 2.1126693 2.5720175 2.0670808 2.4774929 3.3285271 3.4455381 1.8657438 2.2998694 2.5542657 2.8413350 2.8034601 1.2454823 2.5170879 1.5195239 
Pocdam_XM_027189604.1                                  1.9692852 0.5926040 1.8241403 0.6446436 1.4623581 2.2960486 2.1800496 1.5813316 0.7075683 0.6800781 1.6685481 1.7162766 1.7041884 0.7218702 1.3588119 1.4621226 1.3964323 0.5351037 0.8042427 1.7478653 1.8164820 1.4145219 1.5499394 1.7151670 1.4549269 1.2206548 1.5020711 3.5532411 1.4867164 0.9418017 0.9418017 1.4707100 1.2297341 1.0700518 1.4939668 1.5882082 0.0342775 0.0000000 0.1737214 0.1508107 0.3315447 0.2920038 0.5972608 0.6159377 1.9593684 1.3796323 1.3796323 1.3147331 1.5043104 1.5043104 1.2231660 1.3719740 1.5448465 1.3147105 1.3055971 1.4125175 1.4779134 1.8318062 2.3739901 2.2098280 2.1766440 1.9163605 2.1802286 1.0720526 1.5502179 2.0817821 2.2191477 1.9637050 2.1486363 2.6301636 2.0320205 2.4859026 3.4486327 3.5252991 1.8763758 2.4079234 2.7000767 2.9011860 2.8496562 1.2518258 2.4650900 1.5195239 
Gfas_gfas1.m1.383.m1                                   1.9808367 0.5630433 1.6987319 0.6561729 1.4878842 2.2053831 2.2056695 1.5647812 0.7123818 0.6849411 1.6565842 1.6596363 1.7552701 0.7057148 1.3869868 1.3267017 1.2836077 0.5519019 0.8269083 1.8340204 1.7450908 1.3914701 1.4719825 1.7257297 1.5117650 1.1950888 1.5474904 3.9719797 1.5534253 0.8948104 0.8948104 1.4179512 1.2786244 1.0570588 1.5553956 1.5520499 0.1641627 0.1737214 0.0000000 0.1312385 0.2325951 0.2294943 0.5743525 0.5469162 2.0095902 1.4612420 1.4612420 1.3796237 1.6189592 1.6189592 1.1177139 1.2950165 1.5348325 1.3316279 1.2912120 1.2898641 1.4127118 1.7417338 2.2994253 2.1047368 2.1855471 1.8302474 2.1745644 1.1266268 1.4438506 1.9771099 2.2496165 1.8144938 2.1769106 2.3421181 2.1198337 2.5259681 3.3219153 3.4468310 1.9033930 2.2712465 2.6879200 2.6625016 2.8238202 1.2131269 2.5190950 1.5011476 
Fspp_ffun1.m4.2773.m1                                  1.9279521 0.5671735 1.7372779 0.6180090 1.5101930 2.3433590 2.2413476 1.5946471 0.6984732 0.6670143 1.7220044 1.7553169 1.7426122 0.7033995 1.3506433 1.4197105 1.3338539 0.5402263 0.7960350 1.7724146 1.8120951 1.3695323 1.5183571 1.8025329 1.4179953 1.1950888 1.4546969 3.4581312 1.4406953 0.8971216 0.8971216 1.4263747 1.2004618 1.0665017 1.4944696 1.5518297 0.1410198 0.1508107 0.1312385 0.0000000 0.3193278 0.2807973 0.5901198 0.5471531 1.8694089 1.3660399 1.3660399 1.3125311 1.4812193 1.4812193 1.1750467 1.3438356 1.5588832 1.3179346 1.3146298 1.3581403 1.4326039 1.8975540 2.1983280 2.0321880 2.0248227 1.7882474 2.1548028 1.0818762 1.4521062 1.9341183 2.1234667 1.9146023 2.1362488 2.4740737 1.9944953 2.4427582 3.3808892 3.4034702 1.8846052 2.4099199 2.7133640 2.7239226 2.7183145 1.2129847 2.4830046 1.4737294 
Amil_Amillepora25074-RA                                1.8925980 0.5469780 1.6195435 0.6293616 1.5055550 2.2943725 2.1879712 1.6559301 0.7060252 0.6752996 1.8315654 1.8340057 1.7837206 0.7066345 1.4301640 1.4767455 1.3822079 0.5471749 0.8184496 1.8282508 1.8554542 1.3424268 1.6442700 1.7305055 1.4314588 1.0573859 1.4678832 3.6191053 1.5851268 0.8695219 0.8695219 1.4073430 1.2846085 1.0349499 1.4436740 1.4639554 0.3039402 0.3315447 0.2325951 0.3193278 0.0000000 0.0000010 0.6512357 0.5836728 2.0194186 1.3514172 1.3514172 1.2603962 1.5443402 1.5443402 1.2643770 1.3739701 1.7383642 1.4344775 1.3438821 1.2424733 1.4078687 1.7299026 2.4757479 2.3163645 2.3861215 1.9068645 2.1816221 1.1183128 1.5355792 1.9661604 2.1694557 2.0096659 2.1404695 2.6780506 2.2100099 2.6092506 3.7461100 3.6181275 1.8285760 2.4032095 2.8841472 2.8623813 2.8032715 1.2436765 2.6138226 1.5577181 
Adig_XM_015906105.1                                    1.8925980 0.5469780 1.5516331 0.6293616 1.5055550 2.1804950 2.1199760 1.6078072 0.7060252 0.6752996 1.7318513 1.7343216 1.7348747 0.7066345 1.3809665 1.4255297 1.3075163 0.5471749 0.8184496 1.7896329 1.7670609 1.2605709 1.5811945 1.6765596 1.4314588 1.0573859 1.4678832 3.6191053 1.5851268 0.8695219 0.8695219 1.4073430 1.2846085 1.0349499 1.4436740 1.4639554 0.2865376 0.2920038 0.2294943 0.2807973 0.0000010 0.0000000 0.6315339 0.5550512 1.9437972 1.3514172 1.3514172 1.2603962 1.5443402 1.5443402 1.2088186 1.3146579 1.6865439 1.3783198 1.3041958 1.1925454 1.3668087 1.6837685 2.4225919 2.2911933 2.3584891 1.9068645 2.1041835 1.1183128 1.4755498 1.9661604 2.1694557 1.8947369 2.0600405 2.5907939 2.2100099 2.5716346 3.7401421 3.5440900 1.8285760 2.3730438 2.7977284 2.7395619 2.8032715 1.2436765 2.6138226 1.5577181 
Exapal_XM_021047400.2                                  1.8565892 0.6317709 1.6454808 0.6575312 1.4252357 2.1802679 1.9598329 1.4634546 0.6545173 0.6364161 1.5365511 1.5750944 1.5752444 0.6661159 1.1746568 1.2387273 1.2660867 0.4873098 0.6404384 1.7164384 1.4280959 1.2533057 1.2122996 1.4735508 1.2318507 0.8472978 1.2820530 2.9120253 1.2806184 0.7474770 0.7474770 1.2198958 1.0498516 0.9470370 1.3662846 1.4565711 0.5755757 0.5972608 0.5743525 0.5901198 0.6512357 0.6315339 0.0000000 0.3779455 1.8864622 1.1494553 1.1494553 1.0263280 1.2639558 1.2639558 1.0425653 1.2002617 1.4761815 1.3259383 1.2719417 1.4013289 1.3935407 1.5493466 2.1508725 1.9232588 2.1086335 1.7300041 2.2602082 1.0353194 1.6711688 1.7138055 1.9311664 1.7876131 1.8865578 2.5198858 1.8383546 2.3060420 3.2463898 2.9050486 1.8457399 2.0257481 2.4197652 2.7497961 2.7839038 1.2392713 2.2915150 1.5043732 
Nvec_v1g228195                                         1.8703991 0.5562981 1.8052534 0.6152649 1.4422649 2.2308426 2.0709769 1.3842110 0.6713423 0.6353139 1.4779797 1.4757676 1.4840132 0.6776074 1.2872296 1.1651053 1.1921812 0.4751939 0.6084782 1.7447123 1.5893579 1.2903559 1.4316713 1.6073193 1.2112875 0.9383403 1.2499066 2.6173566 1.2928027 0.8411158 0.8411158 1.2203450 1.0705916 1.0470792 1.2953828 1.4189861 0.5610024 0.6159377 0.5469162 0.5471531 0.5836728 0.5550512 0.3779455 0.0000000 1.7165869 1.1892397 1.1892397 1.0787707 1.3337822 1.3337822 1.0251742 1.1165589 1.3903320 1.2564147 1.2597618 1.2991082 1.2990202 1.7358970 2.1144812 2.0699192 2.1123996 1.7985751 2.0278205 1.0033196 1.5159059 1.8198790 2.1011793 1.9195517 1.8409945 2.6383955 2.0206500 2.6781526 3.4732385 3.3623493 1.7576747 2.3089171 2.5695928 2.8324804 3.1003649 1.1897087 2.5915203 1.4571619 
Plespi_Pspi_C611030_01                                 1.5783188 0.5201896 1.5433951 0.5349027 1.1177864 1.8510051 2.0632351 1.6502691 0.8128353 0.7727198 1.8701613 1.8721667 1.8046518 0.7890241 1.6884252 1.6438191 1.6936635 0.7891457 0.8416126 1.9818026 1.9799358 1.7505695 1.8759506 1.8814296 1.5059386 1.6185400 1.5803317 4.5757391 1.5881652 0.9787086 0.9787086 1.4651719 1.1115618 1.1442503 1.5770613 1.6690001 1.9273730 1.9593684 2.0095902 1.8694089 2.0194186 1.9437972 1.8864622 1.7165869 0.0000000 1.2561191 1.2561191 1.0916005 1.4734537 1.4734537 1.6083222 1.7580060 1.9523538 1.6622357 1.6546132 1.9815437 1.8509773 1.6216779 1.7806759 1.8541640 1.8331935 1.5275121 2.0594776 1.2462276 1.9322120 1.9432206 2.3881571 2.0038382 1.9882089 2.9343348 2.0284296 2.4962799 2.9107664 3.0602969 1.5680281 2.5519931 2.5196729 2.7692049 3.0758475 1.6159178 2.3271234 1.5104431 
