105
Mertsp_Mesp_sb541546                               0.0000000 0.0194546 0.0000010 0.0062939 0.0064467 0.8684460 0.8684460 0.8684460 0.4619692 0.4619692 0.8714500 0.8518312 1.0980621 0.8426522 0.8426522 1.3465420 1.6805281 1.6805281 1.8290415 1.8290415 1.9317575 1.9317575 1.7866974 2.1409414 1.4514057 1.4839130 5.4270712 4.7283884 6.1173403 5.3266624 4.4265516 4.0185897 4.5858796 4.1794223 4.1147161 4.0177946 9.0000000 8.7166167 8.4071851 4.5465278 5.0131708 4.0177946 4.4095620 9.0000000 9.0000000 6.6284645 6.2425400 7.2822210 4.5162960 4.7773474 4.2464003 4.2029154 3.7876108 4.2201566 4.4714297 1.0353930 4.9683443 4.3676144 4.1983494 5.1215067 5.1215067 4.7553508 4.6624704 5.2352922 4.4044723 4.3375184 4.9343715 5.4878797 3.9663187 6.5276078 5.2618663 3.5389981 4.8770541 6.7624507 4.4779372 4.5759829 5.0159880 3.7636673 3.7538664 3.8608929 3.8608929 3.8088490 3.8088490 5.2262997 4.5556171 4.6863720 3.5829143 4.8550540 4.3902593 4.0229090 4.8861074 5.3343519 3.8215068 5.6443440 6.4956228 6.1683853 5.2960088 5.1285025 5.0680679 5.9351619 6.3642880 5.0586457 6.5800854 6.2154945 5.0849116 
Bolinf_Binf_sb1241553                              0.0194546 0.0000000 0.0000010 0.0094341 0.0042000 0.6518412 1.0673634 1.0673634 0.5941890 0.2999304 0.6118369 0.7596265 1.2148305 1.1169407 0.6828836 1.2606420 1.4726878 1.4726878 1.8131933 1.8131933 2.3314144 2.3314144 1.8061404 1.8297632 1.7018534 1.6360604 3.8839926 4.3094964 3.5502751 4.3551168 4.0590960 4.1900680 3.8590791 3.5120670 3.7896225 1.6874454 3.2696539 3.0510801 4.0382322 2.9790408 3.0177912 1.6133684 3.9449047 2.6307793 2.8381620 3.4048340 4.5802076 4.5925609 2.7004518 4.1960484 2.8153853 3.9931575 3.6922869 3.8051162 4.3370395 3.3858069 4.2247983 3.5571531 3.6279400 4.0548559 4.0516604 3.8911338 3.7864111 3.1129805 3.7862328 3.8717292 3.6986889 4.1656286 2.8520191 3.7115473 4.2769336 3.7136942 4.4353963 3.9481681 3.4629967 3.6146802 3.2290390 2.5288287 3.3450491 3.4732793 3.4732793 3.3284786 3.3977037 3.3067698 2.8500038 3.3550110 2.9359287 3.3780538 4.4866854 3.5690578 4.0086785 5.7827244 3.7806263 4.2507970 4.2852028 4.0292222 4.7014613 4.2490727 3.9971877 4.6815849 4.5268768 4.9288651 4.5806856 4.4613822 4.8651735 
Bolinf_Binf_sb1241556                              0.0000010 0.0000010 0.0000000 0.0000010 0.0000010 3.5750560 0.9063322 0.9063322 0.3709213 0.0000010 2.9964230 2.9964230 3.0573796 1.2471419 0.0000010 1.0837397 1.3276564 1.3276564 1.3865580 1.3865580 1.3865580 1.3865580 1.5039103 1.3701317 1.4910417 1.5425097 8.3391557 4.0547336 8.9999990 4.1291896 3.7540375 4.3908356 4.2868789 3.9797922 3.6245855 0.0000010 6.1363021 2.4188455 2.4188455 4.7258948 3.0505542 0.0000010 3.3154757 0.0000010 0.0000010 6.2590571 4.8778999 3.5413922 2.7148403 8.4286439 0.0000010 4.2324987 3.5545679 4.2102824 3.6482675 3.1083845 4.3046929 4.0665786 3.6515143 4.7897977 4.7897977 3.5114899 3.5114899 3.6974903 4.5823260 4.5660604 5.7108022 3.6680901 8.6418438 4.7199632 7.7015135 4.4288264 6.5205111 2.8502226 3.4670463 3.7793845 2.7999134 8.9999987 3.9757946 3.6813086 3.6813086 4.7412137 8.0856741 3.2174653 0.0000010 2.7811859 2.3155713 2.2432898 4.1095692 4.3485719 3.8534138 4.1183697 0.0000010 3.7173537 5.5078808 9.0000000 5.1747347 3.4193014 6.2590571 3.6180559 4.1094914 6.9343478 4.1474736 3.7662162 4.1588874 
Bolinf_Binf_sb1241555                              0.0062939 0.0094341 0.0000010 0.0000000 0.0000010 0.9937347 1.4537819 1.4537819 0.7886972 0.4627520 0.9338004 0.9031260 1.2148305 1.4502230 0.9739156 1.7088883 2.1181075 2.1181075 2.2331004 2.2331004 2.3314144 2.3314144 2.2056758 2.2892281 1.9956378 1.9739421 5.8449852 5.3282996 6.6291560 5.5111771 4.9218627 5.3498413 5.1864387 4.6726480 4.7889332 4.9117997 8.1660897 6.1060140 5.4889054 4.3012483 4.4953640 4.9102684 5.2769445 9.0000000 9.0000000 5.8075762 7.5141791 6.6918637 5.7156376 5.8084508 4.2225257 5.2790462 4.6495809 4.8288269 4.9231283 3.0088565 5.6955959 4.6317792 4.7080960 5.5295390 5.5223818 5.2137914 5.1111681 4.8235258 4.7446743 4.8923754 5.6993377 5.5983139 3.8413309 6.2677545 6.1470853 4.6490143 6.1827642 5.7647709 4.2519253 4.3079575 4.8794776 4.0373891 4.4588004 4.5877320 4.5877320 4.3407242 4.6381897 4.5234929 4.1076768 4.3119902 3.4115708 4.5074427 4.7491387 4.6963105 5.2869152 5.7827244 3.7806263 5.5988947 6.1742683 6.1052966 6.4876633 5.0054800 5.1015140 5.6678511 5.7894031 6.2011793 4.4545237 5.4251206 4.8651735 
Bolinf_Binf_sb1241554                              0.0064467 0.0042000 0.0000010 0.0000010 0.0000000 0.7805772 1.2193621 1.2193621 0.6702418 0.3601713 0.7315213 0.7596265 1.2148305 1.2480331 0.7918713 1.4091019 1.7600135 1.7600135 1.9969163 1.9969163 2.3314144 2.3314144 1.9867685 1.9911140 1.8008905 1.7515286 4.5149979 4.7189496 4.1683178 4.7450806 4.3983504 4.5768704 4.3177638 3.9077616 4.3297855 2.2769622 3.6800340 3.3641704 4.0382322 3.4246042 3.4396987 2.2656291 4.4124820 3.9341887 9.0000000 4.3069597 5.3369246 5.2412911 3.1502176 4.6623400 2.8942462 4.4413760 4.0035342 4.1723332 4.9171033 3.2453676 4.6342352 3.9014077 3.9733983 4.5475787 4.5432801 4.3625552 4.2548101 3.6683140 4.2349067 4.3434271 4.4496603 4.7322034 3.4294369 4.3413249 4.8092832 4.0015649 5.1434205 4.6650501 3.7848855 3.9342411 3.6951752 2.7708398 3.7284933 3.8730792 3.8730792 3.6198417 3.7395872 3.7031479 3.0866491 3.9334777 3.2783286 4.0017711 4.4866854 4.0650843 4.4725439 5.7827244 3.7806263 4.8542353 4.8477470 4.6583044 5.1446720 4.6373064 4.4685998 5.1163134 4.9307650 5.4314568 4.3655138 4.6261406 4.8651735 
Drygla_Dgla_sb307742                               0.8684460 0.6518412 3.5750560 0.9937347 0.7805772 0.0000000 0.0569623 0.0569623 0.6474452 0.5731857 0.5513858 0.6913664 1.0552189 0.7649776 0.6655802 1.0553800 1.2582371 1.2582371 1.4094202 1.4094202 2.2848849 2.2848849 1.5385462 1.4513197 1.4708874 1.5145131 3.9149676 4.1703743 3.4674281 4.2542585 3.7302824 3.0891708 2.7347383 2.5476965 3.0530171 1.6494816 3.0079268 2.9660985 4.0763989 3.0275440 2.9464821 1.6429719 2.9735068 2.1412138 2.3622840 3.6713890 3.4203691 3.7815857 2.4658131 2.8796829 2.2524556 2.7214342 2.7284841 2.8194315 3.4086751 6.1593674 3.0690877 2.9234251 2.8975726 3.2501516 3.2501516 3.2284660 3.0739199 2.9120355 3.0973432 3.0822838 2.7811458 3.1412501 2.6121419 3.1878890 3.0532038 2.6586756 3.0153629 3.6760843 2.8881180 3.1692920 3.3035356 2.6290084 2.4946024 2.9616691 2.9616691 2.8031187 2.7613742 3.0867299 2.8368748 3.2487334 3.0865952 3.2194519 4.5357884 2.7328397 3.0476315 5.3476117 3.4275386 4.1631691 3.1443567 3.9061971 3.5620519 4.8438009 3.9898946 3.9670412 3.8112741 3.3792281 4.5831788 3.6386779 4.2467518 
Drygla_Dgla_sb307735                               0.8684460 1.0673634 0.9063322 1.4537819 1.2193621 0.0569623 0.0000000 0.0000010 0.9396280 0.5731857 0.6426313 0.8239973 1.2990179 1.2602334 0.7137154 1.5429120 1.4162033 1.4162033 1.7496048 1.7496048 2.4679951 2.4679951 1.8902406 1.8648856 1.8623727 1.8905996 3.9898788 4.9544876 3.4121942 4.6919465 4.5960734 3.8533036 3.5329181 3.4427784 3.8409908 1.6494816 3.0174800 2.9609307 4.0486421 3.0383001 2.9736264 1.6429719 3.8755759 2.1412138 2.3622840 3.6934156 3.9991997 3.9790496 2.4672252 3.6224680 2.2524556 3.6189412 3.5920313 3.6193973 3.9034287 3.5470478 3.9291453 3.3474515 3.6702790 4.0516516 4.0411902 3.7137352 3.4615771 2.9191098 4.1754678 4.0590035 3.6072504 4.1186232 2.9135333 3.5248684 4.1697277 3.6508293 3.9579618 3.7123504 3.7258087 3.7920358 3.2992487 2.7004104 3.5165757 3.9139261 3.9139261 3.2011696 3.4531772 3.2303894 2.8880226 3.4451654 3.0831589 3.4374068 4.2223162 3.9303708 3.6725130 6.3947562 3.4275386 4.1160458 3.7486703 4.2654093 4.6084102 4.6220977 3.9849456 4.4388605 4.5104912 4.5640213 4.3053583 4.2520221 4.7401391 
Drygla_Dgla_sb307736                               0.8684460 1.0673634 0.9063322 1.4537819 1.2193621 0.0569623 0.0000010 0.0000000 0.9396280 0.5731857 0.6426313 0.8239973 1.2990179 1.2602334 0.7137154 1.5429120 1.4162033 1.4162033 1.7496048 1.7496048 2.4679951 2.4679951 1.8902406 1.8648856 1.8623727 1.8905996 3.9898788 4.9544876 3.4121942 4.6919465 4.5960734 3.8533036 3.5329181 3.4427784 3.8409908 1.6494816 3.0174800 2.9609307 4.0486421 3.0383001 2.9736264 1.6429719 3.8755759 2.1412138 2.3622840 3.6934156 3.9991997 3.9790496 2.4672252 3.6224680 2.2524556 3.6189412 3.5920313 3.6193973 3.9034287 3.5470478 3.9291453 3.3474515 3.6702790 4.0516516 4.0411902 3.7137352 3.4615771 2.9191098 4.1754678 4.0590035 3.6072504 4.1186232 2.9135333 3.5248684 4.1697277 3.6508293 3.9579618 3.7123504 3.7258087 3.7920358 3.2992487 2.7004104 3.5165757 3.9139261 3.9139261 3.2011696 3.4531772 3.2303894 2.8880226 3.4451654 3.0831589 3.4374068 4.2223162 3.9303708 3.6725130 6.3947562 3.4275386 4.1160458 3.7486703 4.2654093 4.6084102 4.6220977 3.9849456 4.4388605 4.5104912 4.5640213 4.3053583 4.2520221 4.7401391 
Mlei_ML0015.g5.i1                                  0.4619692 0.5941890 0.3709213 0.7886972 0.6702418 0.6474452 0.9396280 0.9396280 0.0000000 0.0034717 0.7269853 0.9682181 1.5712783 1.2050664 0.7499903 1.3695395 1.3312349 1.3312349 1.6428637 1.6428637 2.2598941 2.2598941 1.8099069 1.6553539 1.5811949 1.4971786 3.8387135 4.3787092 3.2576581 4.2286122 4.1470472 3.4139399 3.6672974 3.2181701 3.5110851 1.7593323 2.7656463 2.5729369 3.3298269 2.9963122 3.0493869 1.4709780 3.7508271 2.0696784 2.1687949 3.0454689 4.3791058 4.3124752 2.5506864 3.9147259 2.1516920 3.9210098 3.2720269 3.5033707 4.0769917 3.1498020 3.9032398 3.3076988 3.2935354 3.6998366 3.6860259 3.6140483 3.4503677 2.8244451 3.5636932 3.5501637 3.4744891 3.7391159 2.5274150 3.2228869 3.6815825 3.4751881 3.8204071 3.4150587 3.2216260 3.5033120 2.9844752 2.4005887 2.9743621 3.1938475 3.1938475 3.0439058 3.0724765 3.3507086 2.9327106 3.4596339 3.0017377 3.2264522 4.6404833 3.6332740 3.4097203 5.1742712 3.5541975 3.7991612 3.7459339 3.9845220 4.0934814 4.3391768 4.2961786 4.2924308 4.3720647 4.6140324 4.3102084 4.1917925 5.1792870 
Vmul_sbMO433294                                    0.4619692 0.2999304 0.0000010 0.4627520 0.3601713 0.5731857 0.5731857 0.5731857 0.0034717 0.0000000 0.6681451 0.8567256 1.3858759 0.7460782 0.7460782 0.9465905 1.2418138 1.2418138 1.2038429 1.2038429 1.7754028 1.7754028 1.3840379 1.4182321 1.2506090 1.2070089 3.5471637 3.7632841 3.1608985 3.7895904 3.5609462 2.8600393 2.6878320 2.5840031 2.7468648 1.8507613 2.8734790 2.6774936 3.3445587 3.0289967 3.0493553 1.5385147 2.8409312 2.1896674 2.3400818 3.0912337 3.7076695 3.6702013 2.5497387 3.0478213 2.2202934 2.6169031 2.5986066 2.7160394 3.4170991 4.8637497 2.9298490 2.9272819 2.9080350 3.1198751 3.1198751 3.2621569 3.1239842 2.8562217 2.6154918 2.5874711 2.7907921 2.8355488 2.4559322 3.0070987 2.9702747 2.5238898 2.8864802 3.5671933 2.6781260 2.7193549 2.9860105 2.3294139 2.1606319 2.6904096 2.6904096 2.5990266 2.5990266 3.4047499 2.9635201 3.2640424 2.9257621 3.0081814 3.9998693 2.7679420 2.7227063 5.1150099 3.5541975 3.5709553 3.2429150 3.7989667 3.2469226 4.1556371 4.1624323 3.8728500 3.7259967 3.6486697 4.5451621 3.8364029 4.7087861 
Beraby_Baby_sb344661                               0.8714500 0.6118369 2.9964230 0.9338004 0.7315213 0.5513858 0.6426313 0.6426313 0.7269853 0.6681451 0.0000000 0.0000010 0.0754281 0.8506969 0.7825559 0.9734021 1.2230556 1.2230556 1.2823919 1.2823919 2.0328212 2.0328212 1.3498113 1.3634476 1.3773621 1.3930610 3.5126756 3.6117584 3.3595244 3.8954585 3.6140111 3.1642982 2.9941703 2.7924880 3.0778851 1.8757197 3.2879447 3.3739450 4.8112515 2.9018429 2.8597824 1.5644790 3.2269512 2.0796057 2.2169826 3.2825716 3.8178119 3.9350453 2.5637924 3.2165786 2.4284154 2.6253076 2.8557816 2.8561036 3.6126332 5.2475383 2.8316440 3.1167051 3.0754907 3.3939105 3.3939105 3.3361668 3.2246508 2.6924007 2.8031878 2.8514702 2.8769191 3.0361121 2.6826410 3.1792860 3.1486797 2.6050919 3.1411106 3.7779512 3.0068138 3.0442223 3.2082597 2.6294300 2.7454072 2.7996784 2.7996784 2.9790111 3.0611552 3.2981031 3.1208866 3.2730661 2.9127693 3.2842967 4.1761881 2.7430583 2.9649659 5.1079606 3.7064242 3.5833564 3.4973463 3.8835150 3.4222425 4.8743114 4.2277857 3.9465036 3.8302142 3.3987315 3.9088118 3.4967176 5.0097654 
Bolinf_Binf_sb1187294                              0.8518312 0.7596265 2.9964230 0.9031260 0.7596265 0.6913664 0.8239973 0.8239973 0.9682181 0.8567256 0.0000010 0.0000000 0.0754281 0.9428399 0.8477396 1.2065707 1.5733276 1.5733276 1.7052479 1.7052479 2.0328212 2.0328212 1.6670393 1.6485656 1.5865711 1.6177736 4.4385350 4.2726971 4.5392964 4.8287373 4.2831769 3.8195888 3.4663196 3.2849624 3.8181774 2.2080593 3.8903594 4.0110426 4.6375945 3.3586123 3.3202210 1.6612818 4.2709936 3.3630171 0.0000010 4.5196305 4.8713979 5.3120390 3.5146915 4.1674062 2.9588824 3.3474483 3.6030152 3.5337150 4.4964205 4.8372430 3.4093911 3.7916706 3.7650934 4.4084323 4.4084323 4.1842865 4.1320007 3.2546031 3.1542235 3.2318899 3.7929888 4.0204622 3.5650711 4.5315655 3.9637649 2.9020893 4.3357793 4.9647912 3.6329039 3.6016264 3.9488758 3.1165300 3.4897035 3.0751421 3.0751421 3.4930118 3.6413850 3.9500726 3.6363397 4.4312229 3.7614359 4.5959952 4.1761881 3.6271271 3.7833259 5.0679379 3.7064242 4.6411830 4.4805710 4.7569071 3.8029450 6.0012286 5.2343946 4.7826554 4.8048373 3.9469837 4.4458394 3.8489433 5.0097654 
Beraby_Baby_sb344662                               1.0980621 1.2148305 3.0573796 1.2148305 1.2148305 1.0552189 1.2990179 1.2990179 1.5712783 1.3858759 0.0754281 0.0754281 0.0000000 1.4216411 1.2451719 1.9235289 1.9844395 1.9844395 2.3758791 2.3758791 2.3758791 2.3758791 2.2118099 2.2938420 2.3825944 2.5038216 6.3178430 4.9307192 6.2760577 5.7197570 4.7462296 4.7239467 4.7389718 4.3068871 4.1046600 0.0000010 0.0000010 9.0000000 9.0000000 4.0159978 4.1556263 0.0000010 5.7129174 0.0000010 0.0000010 5.9532738 7.0103367 8.3677780 8.0825803 5.8163761 5.0438119 4.1977783 5.1190772 4.9457344 5.5153930 6.6558572 3.6714061 5.2431024 5.0994870 6.1546340 6.1546340 5.6010590 5.6010590 3.6839116 3.3555386 3.3555386 4.5550004 4.4769128 3.7697363 7.5475873 4.8063344 3.1799124 5.2104880 6.4212119 4.7022929 4.3128392 4.9778445 3.5709615 5.2668148 3.6535335 3.6535335 4.7032613 5.0233118 4.0699802 4.9889268 5.5728900 4.0773403 5.2254775 4.2000698 4.5171048 3.9477687 4.9661070 3.3261058 5.8661814 5.9523802 8.9999985 4.1915043 6.0687498 5.5884221 6.3978153 6.0115438 5.3057904 4.6240612 4.0401054 5.2101561 
Bolinf_Binf_sb1234022                              0.8426522 1.1169407 1.2471419 1.4502230 1.2480331 0.7649776 1.2602334 1.2602334 1.2050664 0.7460782 0.8506969 0.9428399 1.4216411 0.0000000 0.0000010 1.3046511 1.2554191 1.2554191 1.6734141 1.6734141 2.2121371 2.2121371 1.8229165 1.5599448 1.7339256 1.6640806 3.9464624 4.6909720 3.1880460 4.1182507 3.8718059 3.8290447 3.7385071 3.6372929 3.6573641 1.8477958 2.8002274 2.7563625 3.9295561 3.0361185 3.0234338 1.7974098 4.1037494 2.1597742 2.5335022 3.4638982 4.2451198 4.6152919 2.4408675 3.7419777 2.4745203 3.6672666 3.4625107 3.3716903 4.0993594 3.9631624 3.8327748 3.0671639 3.2324395 3.6627859 3.6593484 3.5301809 3.3458518 3.1584324 3.5292545 3.6054528 3.7392675 3.9671040 2.7507305 3.5952045 3.8146471 3.2837276 3.7834457 3.6893742 3.2993896 3.8616489 3.2321695 2.4857575 3.4044726 3.6198921 3.6198921 3.3320984 3.4804235 3.5416115 2.7611668 3.6453836 2.9873066 3.2824578 4.9829902 3.3557728 3.8864295 5.8654039 3.8455988 4.2929922 4.2845178 3.9756815 4.2979482 4.8813105 4.5435736 4.5620283 4.6266634 4.2459827 4.2805191 3.5984489 4.7465881 
Mertsp_Mesp_sb562627                               0.8426522 0.6828836 0.0000010 0.9739156 0.7918713 0.6655802 0.7137154 0.7137154 0.7499903 0.7460782 0.7825559 0.8477396 1.2451719 0.0000010 0.0000000 0.8596784 1.2387748 1.2387748 1.2668810 1.2668810 1.8205555 1.8205555 1.3962205 1.2686601 1.3923669 1.4353944 3.4977902 3.7114315 3.1102145 3.5570932 2.9332195 2.9121520 2.8518881 2.7503599 3.0594353 1.8477958 2.7900765 2.7595846 3.9561551 2.9755504 3.0035387 1.7974098 3.2215804 2.1597742 2.5335022 3.4586312 3.8310676 3.7078883 2.4393051 3.0594310 2.4745203 2.5839192 2.5293718 2.4378422 3.4495140 5.1690781 2.9380234 2.6768033 2.7618668 3.0629406 3.0629406 3.1473183 2.9561658 3.0872818 2.8816571 2.9080137 3.1666282 3.0329439 2.5618313 3.2586873 2.9537303 2.4689498 2.7955009 3.7175544 2.7347120 3.2000958 3.1716668 2.4587143 2.5176618 2.7937237 2.7937237 2.8998743 2.8998743 3.5526823 2.7888733 3.3566047 3.0934461 3.0641163 4.1184556 2.6565348 3.1186800 5.5787827 3.8455988 4.1115308 3.7950338 3.8279638 3.6400033 4.5100513 4.5400238 4.0529926 3.9200603 3.5550523 4.7964907 3.1673208 5.4046847 
Lampan_Lpan_15891_01                               1.3465420 1.2606420 1.0837397 1.7088883 1.4091019 1.0553800 1.5429120 1.5429120 1.3695395 0.9465905 0.9734021 1.2065707 1.9235289 1.3046511 0.8596784 0.0000000 1.2386106 1.2386106 1.3839483 1.3839483 1.7692386 1.7692386 1.4702958 1.4123035 1.9553111 1.8584509 3.3109285 4.1665465 3.1797273 4.0933097 4.0549991 3.6282473 3.2661373 3.3038671 3.8474987 1.9714162 2.6178699 2.4852306 3.3297771 2.9153998 2.9477656 1.6081497 3.6296229 2.0725821 2.2102080 3.3930077 4.3751652 4.3450083 2.3526877 3.8224977 2.3329148 3.4571966 3.3188524 3.3029150 4.1395456 3.4648499 3.8702747 3.6096462 3.6320391 4.0973584 4.0820560 3.7528255 3.6624083 2.9470410 3.5767427 3.6896779 3.5517671 3.8739448 2.7376554 3.2287167 3.7290656 3.3686430 3.6434734 3.2458047 3.4266237 3.6199694 2.9115770 2.4625271 3.3115142 3.7459503 3.7459503 3.1386772 3.3654932 3.3585454 2.8650463 3.3908854 2.9540832 3.3371237 4.2571774 3.7068513 3.8886241 5.6724018 4.0022258 4.4493316 3.7838606 4.2929858 4.3900242 4.5332242 4.8058374 4.3027938 4.1506614 4.2482586 3.4048806 4.1827290 4.2517338 
Eupdun_Edun_sb10660826                             1.6805281 1.4726878 1.3276564 2.1181075 1.7600135 1.2582371 1.4162033 1.4162033 1.3312349 1.2418138 1.2230556 1.5733276 1.9844395 1.2554191 1.2387748 1.2386106 0.0000000 0.0000010 1.3744742 1.3744742 2.3964972 2.3964972 1.3917073 1.0965751 1.4073362 1.4935551 3.2038414 3.6949683 3.1727254 3.5035515 3.6225720 2.7570122 2.8028195 2.7151355 2.6527688 1.6968041 2.4218245 2.3500631 3.5370040 2.4730424 2.5826316 1.4769317 2.5989212 2.0153151 2.0254056 2.5857261 3.1177725 3.2619331 1.9901993 2.5954835 2.4141089 2.6128164 2.2845265 2.3065596 2.7576314 3.1421443 2.4904544 2.5446197 2.5703115 2.6666871 2.6666871 2.7153502 2.7119144 2.7907141 2.6893225 2.6714470 2.7167801 2.6571639 2.8638076 2.5354467 2.6385662 2.2071627 2.3096817 2.9286519 2.7717342 3.0271620 2.9922059 2.3966003 2.3695317 2.5413544 2.5413544 2.5339828 2.5415829 2.7659338 2.4623190 2.6334701 2.5601880 2.8289400 3.3126803 2.4929865 3.0390981 4.5340444 3.3414648 3.1054936 3.1162013 3.2781133 2.7026734 4.2411129 4.5697393 3.8886915 3.1137725 3.5430147 3.7764482 2.8334015 4.7032265 
Eupdun_Edun_sb10660827                             1.6805281 1.4726878 1.3276564 2.1181075 1.7600135 1.2582371 1.4162033 1.4162033 1.3312349 1.2418138 1.2230556 1.5733276 1.9844395 1.2554191 1.2387748 1.2386106 0.0000010 0.0000000 1.3744742 1.3744742 2.3964972 2.3964972 1.3917073 1.0965751 1.4073362 1.4935551 3.2038414 3.6949683 3.1727254 3.5035515 3.6225720 2.7570122 2.8028195 2.7151355 2.6527688 1.6968041 2.4218245 2.3500631 3.5370040 2.4730424 2.5826316 1.4769317 2.5989212 2.0153151 2.0254056 2.5857261 3.1177725 3.2619331 1.9901993 2.5954835 2.4141089 2.6128164 2.2845265 2.3065596 2.7576314 3.1421443 2.4904544 2.5446197 2.5703115 2.6666871 2.6666871 2.7153502 2.7119144 2.7907141 2.6893225 2.6714470 2.7167801 2.6571639 2.8638076 2.5354467 2.6385662 2.2071627 2.3096817 2.9286519 2.7717342 3.0271620 2.9922059 2.3966003 2.3695317 2.5413544 2.5413544 2.5339828 2.5415829 2.7659338 2.4623190 2.6334701 2.5601880 2.8289400 3.3126803 2.4929865 3.0390981 4.5340444 3.3414648 3.1054936 3.1162013 3.2781133 2.7026734 4.2411129 4.5697393 3.8886915 3.1137725 3.5430147 3.7764482 2.8334015 4.7032265 
Coeast_Cast_sb818088                               1.8290415 1.8131933 1.3865580 2.2331004 1.9969163 1.4094202 1.7496048 1.7496048 1.6428637 1.2038429 1.2823919 1.7052479 2.3758791 1.6734141 1.2668810 1.3839483 1.3744742 1.3744742 0.0000000 0.0000010 0.0115602 0.0115602 0.1482826 0.9920727 1.8088079 1.7984455 3.5147080 3.9339089 3.3989753 3.8063848 3.7833051 3.8244564 3.3779493 3.4521860 3.6371195 1.7089137 2.4770330 2.4911377 3.4215497 2.6283348 2.7389909 1.4518112 3.7131141 1.8400095 2.0104940 3.1878509 3.3364288 3.6522181 2.1823445 3.5550887 2.2172125 3.4074540 3.5491818 3.3780403 3.8593855 2.7867517 3.8153922 3.1897930 3.2701583 3.5415889 3.5282080 3.4446655 3.1867575 3.1339570 3.4765780 3.5029685 2.9108485 3.8252412 2.6393692 3.0189866 3.2393241 3.3046187 3.5801780 3.1710312 3.2489807 3.4092472 2.6032450 2.3627323 3.6273029 3.5042182 3.5042182 2.9994338 3.0038155 2.9367461 2.5385774 3.1238581 2.6752949 2.8675922 4.4928799 3.1703024 3.6103449 5.0939981 3.6379659 3.7801867 3.8549142 3.7465036 3.7455447 4.1967766 4.2637546 4.2051092 3.6521568 4.1301287 3.0773896 3.7617203 4.2978299 
Coeast_Cast_sb818085                               1.8290415 1.8131933 1.3865580 2.2331004 1.9969163 1.4094202 1.7496048 1.7496048 1.6428637 1.2038429 1.2823919 1.7052479 2.3758791 1.6734141 1.2668810 1.3839483 1.3744742 1.3744742 0.0000010 0.0000000 0.0115602 0.0115602 0.1482826 0.9920727 1.8088079 1.7984455 3.5147080 3.9339089 3.3989753 3.8063848 3.7833051 3.8244564 3.3779493 3.4521860 3.6371195 1.7089137 2.4770330 2.4911377 3.4215497 2.6283348 2.7389909 1.4518112 3.7131141 1.8400095 2.0104940 3.1878509 3.3364288 3.6522181 2.1823445 3.5550887 2.2172125 3.4074540 3.5491818 3.3780403 3.8593855 2.7867517 3.8153922 3.1897930 3.2701583 3.5415889 3.5282080 3.4446655 3.1867575 3.1339570 3.4765780 3.5029685 2.9108485 3.8252412 2.6393692 3.0189866 3.2393241 3.3046187 3.5801780 3.1710312 3.2489807 3.4092472 2.6032450 2.3627323 3.6273029 3.5042182 3.5042182 2.9994338 3.0038155 2.9367461 2.5385774 3.1238581 2.6752949 2.8675922 4.4928799 3.1703024 3.6103449 5.0939981 3.6379659 3.7801867 3.8549142 3.7465036 3.7455447 4.1967766 4.2637546 4.2051092 3.6521568 4.1301287 3.0773896 3.7617203 4.2978299 
Coeast_Cast_sb818089                               1.9317575 2.3314144 1.3865580 2.3314144 2.3314144 2.2848849 2.4679951 2.4679951 2.2598941 1.7754028 2.0328212 2.0328212 2.3758791 2.2121371 1.8205555 1.7692386 2.3964972 2.3964972 0.0115602 0.0115602 0.0000000 0.0000010 0.2126868 1.2825019 2.2528833 2.3230189 4.9600579 4.8050270 6.1627982 4.5931917 4.7900703 5.6831225 4.7777172 4.9525663 5.0336354 0.0000010 9.0000000 8.9999985 8.9999985 4.3683813 4.8393996 0.0000010 5.3316987 0.0000010 0.0000010 6.5804937 4.5861967 4.8919042 2.3123812 5.7087293 3.1581323 5.1402503 5.5007114 5.0250476 4.8570096 2.7956164 5.4038348 4.7041229 4.7497142 5.5050766 5.4688099 4.9617306 4.4709291 5.4348351 4.6444396 4.7416497 4.5065950 5.9460180 4.2756836 5.9416589 4.7404930 4.5201430 5.4625716 5.8454280 4.6831380 4.3578103 4.2012768 3.3445715 5.6925838 4.8431772 4.8431772 4.2579325 4.5589057 4.0033877 3.5200361 4.1952202 3.3762960 3.7215341 4.8496191 4.4349694 4.8593805 5.2400385 3.6379659 5.4379662 5.6912603 5.7967627 4.9511812 4.5070731 4.6206810 5.5715181 4.9152221 6.1722865 2.9089514 4.4081129 4.2978299 
Coeast_Cast_sb818090                               1.9317575 2.3314144 1.3865580 2.3314144 2.3314144 2.2848849 2.4679951 2.4679951 2.2598941 1.7754028 2.0328212 2.0328212 2.3758791 2.2121371 1.8205555 1.7692386 2.3964972 2.3964972 0.0115602 0.0115602 0.0000010 0.0000000 0.2126868 1.2825019 2.2528833 2.3230189 4.9600579 4.8050270 6.1627982 4.5931917 4.7900703 5.6831225 4.7777172 4.9525663 5.0336354 0.0000010 9.0000000 8.9999985 8.9999985 4.3683813 4.8393996 0.0000010 5.3316987 0.0000010 0.0000010 6.5804937 4.5861967 4.8919042 2.3123812 5.7087293 3.1581323 5.1402503 5.5007114 5.0250476 4.8570096 2.7956164 5.4038348 4.7041229 4.7497142 5.5050766 5.4688099 4.9617306 4.4709291 5.4348351 4.6444396 4.7416497 4.5065950 5.9460180 4.2756836 5.9416589 4.7404930 4.5201430 5.4625716 5.8454280 4.6831380 4.3578103 4.2012768 3.3445715 5.6925838 4.8431772 4.8431772 4.2579325 4.5589057 4.0033877 3.5200361 4.1952202 3.3762960 3.7215341 4.8496191 4.4349694 4.8593805 5.2400385 3.6379659 5.4379662 5.6912603 5.7967627 4.9511812 4.5070731 4.6206810 5.5715181 4.9152221 6.1722865 2.9089514 4.4081129 4.2978299 
Coemet_Cmet_C602525_01                             1.7866974 1.8061404 1.5039103 2.2056758 1.9867685 1.5385462 1.8902406 1.8902406 1.8099069 1.3840379 1.3498113 1.6670393 2.2118099 1.8229165 1.3962205 1.4702958 1.3917073 1.3917073 0.1482826 0.1482826 0.2126868 0.2126868 0.0000000 1.0226737 1.9747331 1.8963720 3.6957876 4.0800895 3.6221898 3.7133747 3.9422415 3.8969763 3.7571236 3.7893489 3.5980532 1.8838595 2.5390942 2.5477730 3.3645647 2.7064929 2.7679602 1.5040192 3.7262557 1.9209417 2.1129749 3.2181303 3.4306206 3.8650034 2.2097825 3.9316651 2.2195228 3.5016098 3.5829346 3.4728061 3.8795983 3.0243017 3.9703211 3.3011350 3.3689737 3.5646052 3.5553138 3.6903717 3.3508622 3.2210247 3.7526678 3.7617932 2.9068320 3.7845192 2.6435511 3.2142747 3.5996152 3.4401538 3.4812796 3.1476002 3.4855911 3.6037773 2.5932649 2.3358193 3.8659768 3.6930268 3.6930268 3.0540281 3.0631256 3.0451330 2.5717646 3.1822840 2.5979960 2.9469240 4.4640871 3.3979850 3.5495589 4.8245924 3.1962135 4.0554183 3.8237651 3.9758162 4.0299258 4.5526405 4.3684713 4.2598554 3.4994349 4.1671899 3.3928864 4.0060492 4.2779940 
Vmul_SimC402468                                    2.1409414 1.8297632 1.3701317 2.2892281 1.9911140 1.4513197 1.8648856 1.8648856 1.6553539 1.4182321 1.3634476 1.6485656 2.2938420 1.5599448 1.2686601 1.4123035 1.0965751 1.0965751 0.9920727 0.9920727 1.2825019 1.2825019 1.0226737 0.0000000 1.8472336 1.7609671 3.4579834 3.9850867 3.1814112 3.7841584 4.1023093 3.5303761 3.1603197 2.9833655 3.2556501 1.5202090 2.6309704 2.7251179 4.1232826 2.6220304 2.6528119 1.5098262 3.3129115 1.6952854 1.9461716 3.0739084 3.6774071 3.8168476 2.3012213 3.4952235 2.3793215 3.3351195 3.2638152 3.1105161 3.6710932 3.1241978 3.3609211 2.9270850 2.8782466 3.1443461 3.1324413 3.0059150 2.9532503 2.7217119 2.8929075 2.9604756 3.1351355 3.4021884 2.8443882 3.1002269 3.4477522 3.0840264 3.3161896 3.0552149 3.3005847 3.4320173 2.6838914 2.5664376 3.1311884 3.4838000 3.4838000 3.3022982 3.3904820 2.9576023 2.5388985 3.1661116 2.5054946 2.9228353 4.1636967 3.0845941 3.3666455 4.5374335 3.1266238 3.7365840 3.2233602 3.7557013 3.6373769 4.8020371 4.3106035 3.7073103 3.6066579 3.8171083 3.6688286 3.3636578 3.3928166 
Horcal_Hcv1.av93.c2.g804.i1                        1.4514057 1.7018534 1.4910417 1.9956378 1.8008905 1.4708874 1.8623727 1.8623727 1.5811949 1.2506090 1.3773621 1.5865711 2.3825944 1.7339256 1.3923669 1.9553111 1.4073362 1.4073362 1.8088079 1.8088079 2.2528833 2.2528833 1.9747331 1.8472336 0.0000000 0.1017890 3.8466023 4.7548307 3.7385972 4.5701784 3.5838434 3.5811374 3.6504501 3.8279706 4.1008236 2.2188821 3.1714791 3.0365940 3.8966575 2.6642690 2.6897851 1.5526115 3.4884823 2.1417792 2.3627466 3.2797081 3.8312539 4.5312430 2.3701100 4.0931524 2.4714201 3.7566052 3.6605259 3.6538612 3.9820749 2.8869263 3.6193980 3.1974347 3.5888992 3.5358044 3.5220968 3.2861588 3.2206290 3.0813479 3.4378069 3.4179604 3.6730537 3.9974243 2.6319003 3.4756612 3.8389531 3.7209830 4.1085991 3.3269772 3.4552462 3.9092441 3.2551386 3.0729461 3.1637019 3.6373911 3.6373911 3.4069430 3.4168136 3.4808929 2.4087983 3.5669011 2.9624832 3.2118825 5.1794108 3.3666071 3.8953494 5.0527429 3.5944432 4.1204371 3.9247301 3.4337806 4.0181428 4.5930764 5.2026539 4.0871308 4.4630035 4.5224633 3.8367623 4.0420864 4.0636327 
Pbac_sb2658029                                     1.4839130 1.6360604 1.5425097 1.9739421 1.7515286 1.5145131 1.8905996 1.8905996 1.4971786 1.2070089 1.3930610 1.6177736 2.5038216 1.6640806 1.4353944 1.8584509 1.4935551 1.4935551 1.7984455 1.7984455 2.3230189 2.3230189 1.8963720 1.7609671 0.1017890 0.0000000 3.8506781 4.5209543 3.8012245 4.5335965 3.6376967 3.5054777 3.5931189 3.8303244 3.9690759 2.0548401 3.1673060 2.9594973 3.7337522 2.6821805 2.7095679 1.4654958 3.5399029 2.0813230 2.2624695 3.4959423 4.0455756 4.5090013 2.3365586 4.0331005 2.4252880 3.4531718 3.4516844 3.4908453 3.7974567 2.7811510 3.7069319 3.1645029 3.5052829 3.4878042 3.4713668 3.4825083 3.3301603 2.9598711 3.4223635 3.3830558 3.5238957 3.9413603 2.8283731 3.4140072 3.5475399 3.6120307 4.1303920 3.3589599 3.2957412 3.8764834 3.2593988 3.0211395 3.1862444 3.3606216 3.3606216 3.5027394 3.4912394 3.6209885 2.4469669 3.6248348 3.0827404 3.3284277 5.2960464 3.2310038 3.8738576 4.7298780 3.5489301 4.1789035 3.9195694 3.4199906 4.0251582 4.6925498 5.4987949 4.1959068 4.5187625 4.2028244 3.9027494 3.7755729 4.6447182 
Chofle_EP00730_Choanoeca_flexa_P018315             5.4270712 3.8839926 8.3391557 5.8449852 4.5149979 3.9149676 3.9898788 3.9898788 3.8387135 3.5471637 3.5126756 4.4385350 6.3178430 3.9464624 3.4977902 3.3109285 3.2038414 3.2038414 3.5147080 3.5147080 4.9600579 4.9600579 3.6957876 3.4579834 3.8466023 3.8506781 0.0000000 0.1127407 0.4585884 0.5670356 1.5612583 3.1044964 3.3313488 3.4498478 2.7989823 2.0243057 2.7980655 2.5683635 3.4350858 2.4719551 2.7930410 1.8422394 2.8448307 2.1573556 2.5649220 3.3404610 2.2593904 2.4617367 2.2638304 2.8901698 2.4551051 2.8166576 2.7249899 2.6942159 3.5121504 6.7412508 2.7920026 2.8866808 2.8164995 3.0892348 3.0892348 3.2991966 3.1496557 2.6167123 3.1654521 3.1630245 2.8383399 3.0846099 3.3034358 2.8998459 3.0750763 2.7574563 3.2625541 2.2939878 3.1396341 3.6394596 2.9656939 2.9932128 3.1940157 3.5271239 3.5271239 2.4124270 2.3157373 2.1726511 2.2854907 2.8342899 2.9063848 2.7962855 3.5885461 3.2085407 3.0841942 4.6127954 6.5556238 3.2442124 2.3892764 2.4524507 3.0713455 3.1798989 2.7582187 2.3573671 2.8688061 3.0646758 3.5260510 3.0304466 4.0924900 
Chofle_EP00730_Choanoeca_flexa_P018316             4.7283884 4.3094964 4.0547336 5.3282996 4.7189496 4.1703743 4.9544876 4.9544876 4.3787092 3.7632841 3.6117584 4.2726971 4.9307192 4.6909720 3.7114315 4.1665465 3.6949683 3.6949683 3.9339089 3.9339089 4.8050270 4.8050270 4.0800895 3.9850867 4.7548307 4.5209543 0.1127407 0.0000000 0.5558535 0.9085026 2.0353356 3.8109107 4.2177834 3.9941655 3.4983399 2.0243057 2.7980655 2.5868119 3.4612631 2.6073535 2.9532591 1.8422394 4.0589543 2.1573556 2.5649220 3.7443685 2.9018967 2.9851597 2.2638304 3.6756393 2.4551051 3.6193848 3.5600855 3.3474727 3.9311638 5.0937853 3.3584119 3.8623705 3.6057096 3.8084488 3.7938968 4.1755373 3.9880889 2.7435461 3.6926215 3.6659011 3.3221185 3.9740480 3.6955824 3.4926359 4.0383261 3.7165473 3.9734887 2.6982412 3.7040690 4.0619100 3.1685512 3.1525565 3.8015384 3.9164856 3.9164856 2.8771710 2.8864814 2.5378345 2.4573971 3.3222379 3.5991796 3.0325332 3.7485890 4.0760531 3.4501550 4.9215478 4.6929312 3.9728030 3.0617577 3.1599139 3.7783747 3.3840125 2.9251652 3.0767502 3.6498603 3.8952758 3.6851058 3.9045539 4.3961455 
Choper_EP00045_Choanoeca_perplexa_P006442          6.1173403 3.5502751 8.9999990 6.6291560 4.1683178 3.4674281 3.4121942 3.4121942 3.2576581 3.1608985 3.3595244 4.5392964 6.2760577 3.1880460 3.1102145 3.1797273 3.1727254 3.1727254 3.3989753 3.3989753 6.1627982 6.1627982 3.6221898 3.1814112 3.7385972 3.8012245 0.4585884 0.5558535 0.0000000 0.1024295 1.2130477 3.1150376 2.9864085 2.7320850 2.6044904 1.8431931 2.8327866 2.5533559 3.4548643 2.2420395 2.5692106 1.8275834 2.4444738 2.0194077 2.5194564 2.7114382 1.9625209 2.4517050 2.1776211 2.8571551 2.2087812 2.6517973 2.7511144 2.7439014 3.7505133 5.4186684 2.7850343 2.5757288 2.5589394 2.7657627 2.7657627 3.4301627 3.2240544 2.3276403 2.4032497 2.3999461 2.6593528 2.8831915 2.6787450 2.5988031 2.5599223 2.2036369 2.7075076 1.9944275 2.8828134 3.1646014 3.0770506 2.6919988 2.4791853 3.0994891 3.0994891 2.1833471 2.1375010 1.9746202 2.4069365 2.5747540 2.5248451 2.5553734 4.3782679 3.3446504 2.6742752 6.8535986 6.9683539 3.0801231 2.0552324 2.3776139 3.0125957 3.0921744 2.9447195 2.2561389 2.6407728 2.8424345 3.5015594 3.0140695 8.9999984 
Choper_EP00045_Choanoeca_perplexa_P006443          5.3266624 4.3551168 4.1291896 5.5111771 4.7450806 4.2542585 4.6919465 4.6919465 4.2286122 3.7895904 3.8954585 4.8287373 5.7197570 4.1182507 3.5570932 4.0933097 3.5035515 3.5035515 3.8063848 3.8063848 4.5931917 4.5931917 3.7133747 3.7841584 4.5701784 4.5335965 0.5670356 0.9085026 0.1024295 0.0000000 1.7692069 3.7373232 3.8789036 3.4557353 3.4055655 1.8431931 2.8327866 2.5718140 3.4811393 2.7633716 3.0200255 1.8275834 3.8519125 2.0194077 2.5194564 3.4011212 2.7360123 3.1750382 2.1776211 3.5773353 2.3019976 3.5576765 3.2203977 3.3380118 4.0927207 4.9814675 3.4838520 3.4867857 3.4116811 3.6183580 3.6090466 4.1315796 3.9380062 2.9836665 3.2659484 3.2873026 3.1439980 3.6866907 3.2022777 3.3199988 3.6417820 3.4000365 3.8654412 2.7678780 3.7573719 4.1255883 3.5041378 3.0663354 3.4427478 3.7650782 3.7650782 2.5422865 2.6496599 2.4650200 2.5591454 3.4962284 3.2740755 3.0735241 4.3769390 3.9204672 3.6999222 5.4259456 5.0154810 4.2804806 3.0530438 3.3560458 3.6995362 3.3680093 2.8184744 3.0063153 3.4959401 3.4889764 4.4890590 3.5530379 4.5141610 
Mbre_EDQ89182                                      4.4265516 4.0590960 3.7540375 4.9218627 4.3983504 3.7302824 4.5960734 4.5960734 4.1470472 3.5609462 3.6140111 4.2831769 4.7462296 3.8718059 2.9332195 4.0549991 3.6225720 3.6225720 3.7833051 3.7833051 4.7900703 4.7900703 3.9422415 4.1023093 3.5838434 3.6376967 1.5612583 2.0353356 1.2130477 1.7692069 0.0000000 3.7391980 4.1123776 3.5643812 3.5333040 2.0837547 2.5871206 2.1990027 2.9843762 2.9000667 3.2433735 1.7187948 3.6971404 1.8486902 2.7897064 3.5180820 3.3354206 3.6675352 1.9883011 3.3909120 2.4318041 3.7013251 3.4942885 3.3909185 3.7088703 3.9660895 3.7586333 3.3057825 3.3376305 3.7120699 3.6916470 3.8566256 3.7411165 2.7355699 3.7795594 3.7884361 3.4775528 4.1399849 3.4457864 3.7303970 3.7130887 3.4660628 3.8613153 2.9650679 3.3349861 3.9154874 3.5828337 3.3157104 4.3294632 4.0456444 4.0456444 2.8480771 2.8328164 2.5746893 2.7051743 3.7441436 3.9609270 3.7404457 4.9634530 3.4988896 3.8800681 6.7497192 4.8292424 4.2366439 3.3359313 3.3241069 3.9669913 3.6245119 2.8962847 3.3061108 3.3068381 3.7644271 3.7576355 4.3111597 5.8498869 
Morvir_scaffold332.g26.t1                          4.0185897 4.1900680 4.3908356 5.3498413 4.5768704 3.0891708 3.8533036 3.8533036 3.4139399 2.8600393 3.1642982 3.8195888 4.7239467 3.8290447 2.9121520 3.6282473 2.7570122 2.7570122 3.8244564 3.8244564 5.6831225 5.6831225 3.8969763 3.5303761 3.5811374 3.5054777 3.1044964 3.8109107 3.1150376 3.7373232 3.7391980 0.0000000 2.2257020 2.1790394 2.7317645 1.2877912 1.9275895 1.6732252 2.5908860 2.0665176 2.2105312 1.2941887 2.7693020 1.3543852 1.6713396 2.3800851 3.2803589 3.6187606 1.5978331 2.6984816 1.7187534 3.0080794 2.5186444 2.6946372 3.1527657 3.8699077 2.7497025 2.2025105 2.1378016 2.2615550 2.2552581 2.3407639 2.2110219 2.2931023 2.9799643 2.9914784 2.5854605 3.0091140 2.2883580 2.7111069 2.8601734 2.8491498 3.2692250 2.5096965 2.3524291 2.4579027 2.6302889 2.4406580 2.5655670 3.1273874 3.1273874 3.3424505 3.1920863 2.5685520 2.2612879 2.8689969 2.6844603 2.9973154 4.6882521 3.0337719 2.8889345 4.1281046 3.7189558 2.9969422 3.2539000 3.4190167 3.4045727 4.2452207 3.7800890 3.9438277 3.8905458 3.5872622 3.5158994 3.2535753 5.1223726 
Nemnom_g5993.t1                                    4.5858796 3.8590791 4.2868789 5.1864387 4.3177638 2.7347383 3.5329181 3.5329181 3.6672974 2.6878320 2.9941703 3.4663196 4.7389718 3.7385071 2.8518881 3.2661373 2.8028195 2.8028195 3.3779493 3.3779493 4.7777172 4.7777172 3.7571236 3.1603197 3.6504501 3.5931189 3.3313488 4.2177834 2.9864085 3.8789036 4.1123776 2.2257020 0.0000000 0.6686524 2.7160631 1.2928687 2.1672360 2.0162168 3.1828208 2.1880012 2.2879029 1.3320065 2.5855928 1.4141143 1.3857390 2.3377109 3.2043043 3.2804193 1.6219807 2.5597772 1.7078459 2.7049339 2.5910068 2.5142598 2.9470465 3.1499189 2.3904807 2.4300644 2.4927270 2.5346096 2.5258618 2.3449298 2.1277457 2.3690224 2.6128464 2.6197210 2.6719397 2.5673982 2.4473135 2.3712901 2.9360713 2.4635278 2.7064356 2.4147161 1.2455779 1.5596152 2.3973412 2.4066314 2.4963043 3.1748958 3.1748958 3.2844782 3.1835552 2.9159448 2.5193535 2.8871077 2.8177059 2.9923232 4.2373798 2.8041102 3.1094628 4.3107989 3.0288021 3.2443251 3.3287313 3.1168899 3.3897562 4.6517405 4.0246527 3.9072969 3.9256963 3.3178639 2.7365137 3.0547487 4.2705050 
Rhoesc_Res_008389-T1                               4.1794223 3.5120670 3.9797922 4.6726480 3.9077616 2.5476965 3.4427784 3.4427784 3.2181701 2.5840031 2.7924880 3.2849624 4.3068871 3.6372929 2.7503599 3.3038671 2.7151355 2.7151355 3.4521860 3.4521860 4.9525663 4.9525663 3.7893489 2.9833655 3.8279706 3.8303244 3.4498478 3.9941655 2.7320850 3.4557353 3.5643812 2.1790394 0.6686524 0.0000000 2.5720553 1.0766683 1.7813757 1.6858373 2.6908964 2.1736188 2.1603231 1.3223244 2.7054405 1.2015876 1.4208048 2.1945448 3.2058492 3.4701298 1.5565924 2.5168309 1.5830696 2.7852736 2.4667331 2.4954854 2.9253428 2.6386211 2.2306522 2.4793090 2.4451382 2.5813436 2.5727461 2.6241925 2.3920474 2.4772500 2.8572579 2.8887366 2.8181647 2.6214740 2.3726544 2.2476420 2.7997846 2.4029101 2.6823407 2.3230325 1.1952205 1.5395770 2.6035003 2.4500582 2.5971123 3.0280932 3.0280932 3.0911008 3.0342790 2.9347226 2.6233532 2.9108240 2.8539512 3.1332934 4.4403653 2.5926659 2.9223086 4.7032905 3.1183378 3.3762726 3.0421570 3.0918885 3.2341009 4.0774550 3.9716177 3.8768578 3.7456795 3.2872925 2.5280473 3.1468555 4.4018693 
Bralan_BLAG04001187_1                              4.1147161 3.7896225 3.6245855 4.7889332 4.3297855 3.0530171 3.8409908 3.8409908 3.5110851 2.7468648 3.0778851 3.8181774 4.1046600 3.6573641 3.0594353 3.8474987 2.6527688 2.6527688 3.6371195 3.6371195 5.0336354 5.0336354 3.5980532 3.2556501 4.1008236 3.9690759 2.7989823 3.4983399 2.6044904 3.4055655 3.5333040 2.7317645 2.7160631 2.5720553 0.0000000 0.9912080 1.4947042 1.2926151 2.2970299 1.8730493 2.0031664 1.1223210 2.3714875 1.0481163 1.4014582 1.8820039 2.7880502 3.0557049 1.5277285 2.2060013 1.5685209 2.1754180 2.1182317 2.0407760 2.4662073 2.3163625 2.2180348 2.3944057 2.3506432 2.4573284 2.4578836 2.5746215 2.3402667 1.9701793 2.2132211 2.2172872 2.0719636 2.2178583 1.9696327 2.2940431 2.6357667 2.4104582 2.2456266 2.5808220 2.4466775 2.7013968 2.5160059 2.3559355 3.2060896 2.5980939 2.5980939 2.6871848 2.6951915 2.7081879 2.3120704 2.5572018 2.4704235 2.2745174 3.0307769 3.3344865 2.1622310 3.0680760 1.8375511 2.9862721 2.7902551 3.0727131 3.3716908 4.0274821 3.4747841 3.4833228 3.8725426 3.7566087 2.8216873 2.2038550 4.3866035 
Cscu_XM_023357846.1                                4.0177946 1.6874454 0.0000010 4.9117997 2.2769622 1.6494816 1.6494816 1.6494816 1.7593323 1.8507613 1.8757197 2.2080593 0.0000010 1.8477958 1.8477958 1.9714162 1.6968041 1.6968041 1.7089137 1.7089137 0.0000010 0.0000010 1.8838595 1.5202090 2.2188821 2.0548401 2.0243057 2.0243057 1.8431931 1.8431931 2.0837547 1.2877912 1.2928687 1.0766683 0.9912080 0.0000000 1.3108552 1.3108552 2.6953388 1.4479931 1.5014204 1.3160513 0.9657423 1.4074421 1.6439046 1.1394241 1.4259640 1.6010715 1.7090172 1.3952401 1.6818489 1.4344632 1.3056262 1.2928163 1.7573261 4.0833876 1.1817836 1.1428652 1.0869973 1.1110857 1.1110857 1.3128273 1.2147582 1.4134226 1.1268227 1.1268227 1.2410114 1.2869476 1.2953870 1.5552770 1.4934425 1.3178515 1.0826772 1.3353122 1.3380041 1.2978295 1.6583026 1.5162230 1.3208317 1.5637233 1.5637233 1.6870233 1.6870233 1.6475099 1.8367063 1.5941242 1.5429389 1.6627594 1.8492434 1.3016209 1.1072520 0.4736113 0.0000010 1.5533767 1.4206352 1.6578844 1.6536879 2.8041236 3.0456814 1.7906531 2.0054516 2.0095337 2.8191559 1.2728352 0.0000010 
