178
Skow_XM_006821478.1                                               0.0000000 2.5290897 3.1181468 4.2671584 3.1301482 2.8845452 2.8334208 2.3864990 2.2231440 2.0683180 2.1462862 2.7529021 2.1728997 9.0000000 2.3458019 2.3144799 2.2870583 2.3423294 2.2769472 2.2686160 3.1947678 2.4583460 2.4678595 1.8519437 1.8518697 0.0000010 2.4078923 1.6836209 1.9313559 1.9382093 3.3104415 1.9910462 2.0115881 2.0657507 2.0924267 2.2302976 2.4223121 2.0075063 2.0648352 3.1771964 2.1323796 1.9698613 3.2835237 2.5391481 2.2699503 2.2728583 1.9737429 1.9631441 4.1740194 1.9343098 4.8917794 2.3663937 2.3663937 2.4425898 2.5323336 2.3724793 2.2536900 2.5305531 2.4182471 2.4878411 2.5976870 1.6658711 2.9812792 2.3397818 2.8428916 2.5693727 2.4841133 1.9316427 1.8521493 1.9990176 1.9051493 1.9572434 0.9354205 1.8767964 1.8178577 1.5311733 1.9827650 1.8900188 1.9692886 1.9752635 2.0459315 2.2046800 2.0572513 1.9960434 1.8667081 1.8232201 2.5216474 2.7087499 2.8971035 3.2822427 2.6158476 2.1554687 1.4464842 3.1944889 1.6425607 1.9297992 1.9836657 2.0493603 2.5688256 2.8522782 2.1017105 1.9387426 2.2634528 2.1095061 2.6710247 2.6490955 2.5613524 3.1106820 2.4096106 2.5785646 2.1193937 2.0005549 3.4006333 2.1760605 2.3423822 2.4336694 2.2828975 2.6326508 2.2319569 2.4865698 1.9900904 2.1982274 3.8186636 2.9690081 2.9935355 2.9935355 3.0336368 2.5301088 2.4350874 2.5222678 1.9750782 1.8781623 1.7169755 2.4651725 2.4614098 2.4233992 3.2353866 3.2892835 2.4128644 2.3392276 2.5464446 2.6323242 3.2574721 2.3631514 2.7816952 2.1580251 2.3000845 2.3718815 2.0214712 2.2392176 3.8198881 2.5435282 2.7636747 2.3475844 2.3304862 2.3521811 2.3521811 4.6980585 3.2963405 3.4424873 2.5620330 2.4268051 2.1591328 2.0861371 3.0914060 3.7708994 3.6853051 3.7099477 3.7083941 2.5298078 3.1637609 2.6193559 3.9557022 2.0672079 2.3589739 3.7166808 2.1481822 3.5187971 
Lcom_lcpid148098                                                  2.5290897 0.0000000 0.0000010 1.8526528 1.1404933 0.6851957 0.8091910 2.6338586 2.6414815 2.8314933 2.9600455 0.0000010 3.1340086 0.0000010 3.1465706 3.3452872 3.3641652 3.2852245 3.2036214 3.2010960 5.6572979 3.4837766 3.5539546 2.6466927 2.9597690 0.0000010 3.4883634 4.7582053 2.3536232 2.3463682 6.1507108 2.2252447 2.2609371 3.0503519 3.0503519 2.8319750 3.2765609 2.9694140 2.8635673 3.2709530 2.9432834 3.0965186 9.0000000 3.0641992 2.7732726 2.9320243 3.0992464 3.2285678 0.0000010 3.2741011 8.9999988 3.3623820 3.3623820 3.3606049 2.3975224 3.1436573 3.1079844 3.1737571 3.0980464 3.2038630 3.6011340 6.1212363 0.0000010 3.2742629 3.2800496 3.5871323 3.5871323 2.5202283 3.5431035 3.4896379 3.8471599 3.5815886 1.4524101 2.5369084 2.8741597 2.8314396 2.9144355 2.1488120 2.2040409 2.1310069 2.6351442 2.2920361 2.2705061 3.0124553 2.5996699 2.4601105 5.5500744 2.9938243 3.2389434 8.9999984 3.6217381 2.3553201 2.3870039 8.9999989 3.3148485 3.2873726 2.5218954 2.5218954 3.9740880 3.1698409 2.8350380 3.2064324 2.8991912 4.0775421 2.7993041 2.8604133 3.4804189 0.0000010 3.5286393 3.6791740 3.0504239 2.9402398 6.6277896 3.5329702 8.9999984 4.1389461 3.3033158 3.0170394 3.1192216 3.5019771 0.0000010 2.7815509 0.0000010 0.0000010 2.6622932 2.6622932 3.8529109 3.5402939 3.4083842 3.1661344 2.1170126 2.9830282 3.0316241 2.7456861 2.2136682 3.2160122 3.6804237 3.4595353 3.2884017 2.9447949 3.4225679 3.1257934 6.5371935 3.0541175 3.9501406 2.3725182 2.8449283 2.8310097 3.4550125 3.2723327 3.5833210 2.2235611 1.9629260 1.9602301 2.6967671 1.7849012 1.7849012 3.7898332 3.0007099 3.3195969 3.4592246 4.1557800 3.0764895 0.0000010 3.9734539 0.0000010 4.3250634 4.8324112 4.3706853 5.3847408 3.0815657 3.9390894 6.4493700 1.8434102 1.7243562 4.6397595 2.5319818 5.0189689 
Lcom_lcpid103595                                                  3.1181468 0.0000010 0.0000000 0.9964352 0.9802644 0.7213323 0.8300891 3.1920669 2.0201986 2.0594796 2.0802968 1.9902142 2.1075644 1.2595367 2.6202633 2.7040810 2.7189343 2.5484230 2.5661271 2.5827891 2.6903266 2.6666527 2.6844469 1.9894462 2.2549415 2.2175860 2.4650841 2.1479308 2.0810120 2.0622653 2.3476321 1.9721281 1.9831011 2.0957721 2.1044490 2.0197436 1.9853482 2.1929857 2.1394921 1.7730723 2.0894656 2.1883486 2.3083033 2.3588522 2.3553744 2.4368150 2.2096230 2.2284302 1.4089570 2.4876473 1.5084962 2.7117094 2.6976438 2.6260571 2.3041417 2.5624044 2.5456100 2.5087168 2.6401204 2.6683316 2.5621170 2.0950525 1.7221778 2.5279552 2.5644617 2.8268444 2.7413167 2.2750810 2.4403558 2.7058934 2.6686014 2.9623358 1.5690431 2.4145127 2.2581568 2.5850364 2.3200329 2.1273109 2.1512493 2.0133902 2.3987080 2.2927231 2.5059322 2.2932717 2.1268578 2.1899937 2.4852758 2.5352186 2.4799632 2.2557387 2.2959079 2.1211554 2.2384386 2.3908163 2.3747448 2.7682696 2.0119232 2.1079193 2.4945152 2.2538129 2.3462290 2.5675814 2.4149850 2.7375197 2.3579940 2.4147978 2.1313189 2.3585329 2.9117294 2.9784576 2.6577678 2.7230387 2.3266948 2.8276304 2.8795545 2.7890809 2.6602760 2.3826884 3.1192216 2.5965868 2.0466133 2.2469362 1.5763598 2.4583205 2.4593365 2.4593365 2.6441913 2.6301538 3.0128055 2.7094175 2.1395045 2.7060966 2.6791319 2.4630321 2.2241789 2.5795094 2.6507296 2.7313681 3.5467504 3.5289278 2.8432585 2.3783426 3.3653517 2.3007284 3.0271116 2.4573255 2.2727586 2.5743486 2.4899490 2.8672098 2.0930061 2.0164406 2.0110802 1.7921557 1.6855508 1.7637159 1.7637159 2.3140469 2.4832108 2.6370187 2.3746562 2.7287217 2.6326762 2.7864098 3.5162043 2.4300379 3.2782717 3.4090321 3.8987020 4.8700795 2.7712619 2.8564210 3.0654790 2.1440107 1.8717182 2.4605171 3.1688914 5.0145710 
Gracom_Gcom_scaffold14386_01                                      4.2671584 1.8526528 0.9964352 0.0000000 0.3541670 0.6102131 1.0257982 8.0219758 1.7900626 1.7459748 1.7824035 1.5566397 1.9715141 1.2039514 2.1826976 2.2489954 2.2371852 2.1782127 2.2381467 2.2319598 2.2412885 2.3077749 2.3077749 2.1511183 2.1093910 2.1081683 2.1820881 1.8892432 2.1536455 2.1422093 2.0984742 1.9985672 1.9985672 2.0242583 2.0089902 1.9020491 1.9022191 1.9208306 1.8687888 1.3472709 1.7359922 1.9508633 1.9933538 2.0566256 2.3168170 2.2244873 2.1329961 2.1647334 1.7482828 2.1949116 1.2410133 2.4370972 2.4227718 2.3186514 2.0227088 2.3202219 2.2653371 2.4706236 2.5608398 2.5296494 2.3720467 1.8560724 1.4052403 2.4987832 2.4478266 2.8209625 2.7121383 2.1241473 1.9637443 2.5888091 2.5086546 2.6192867 2.2110039 2.2095048 2.1173305 2.3394454 2.1418185 2.0703938 2.0620797 2.0329911 2.3905702 2.3665759 2.2795872 2.3840539 2.1380436 2.3026537 1.9659711 3.0651843 2.7382842 2.2752022 2.0660074 2.1262702 2.5436223 2.1867673 2.3919365 2.4498414 2.1846515 2.3977928 2.6299458 2.2615720 2.4973000 2.4687714 2.5144034 2.4325520 2.4766790 2.6581264 2.0671444 2.0240772 2.5386844 2.6372753 2.4797898 2.5749949 2.2471359 2.6736998 2.6070564 2.9286943 2.8763570 2.5446731 8.3808532 2.5863202 1.8872606 2.7704705 2.0818785 2.3025562 2.5079331 2.5079331 2.2524730 2.4524071 3.1638151 2.8977124 2.2566700 2.3248541 2.1477502 2.1837737 2.4234318 2.5251201 2.6789153 3.0102492 4.1181212 3.9236640 2.8180847 2.4462377 2.6751485 2.4590815 2.8527397 2.4817706 2.4994775 2.6637272 2.4888943 2.9033878 1.9402677 1.8890849 2.6217185 2.2723126 1.6787598 1.8563569 1.8563569 2.2675728 3.1702931 2.8143040 2.3818479 2.5683187 2.2899330 2.4679372 3.6652212 2.2621392 3.2030784 3.3846856 3.6290233 5.4602737 2.7868686 2.6937176 3.0568332 3.0274868 2.5350122 2.3107981 3.1418664 4.2059108 
Gracom_Gcom_scaffold4948_01                                       3.1301482 1.1404933 0.9802644 0.3541670 0.0000000 0.5983434 0.8416513 3.8335299 1.9573362 1.9215693 1.9612280 1.7693056 2.0244190 1.2091529 2.4887355 2.5371865 2.4920361 2.4954385 2.4310921 2.4317885 2.6617694 2.5999186 2.5837476 1.9613123 2.0018462 1.8104264 2.3388578 2.1574745 2.0311564 2.0605368 2.0744282 1.9074134 1.9170566 1.9655799 1.9734278 2.0290270 2.0281556 2.0668520 2.0187432 1.5374496 2.0089771 2.1031222 2.1954917 1.9762150 2.2861160 2.0910368 2.1633704 2.2749334 1.5925272 2.2193556 1.5702138 2.5558508 2.5438263 2.5293818 2.5634551 2.5537913 2.4637893 2.6071634 2.5961018 2.5688070 2.5136082 1.8473524 1.5289414 2.6162241 2.4035794 2.8625491 2.7585285 2.0393746 2.2823250 2.5390978 2.4460743 2.5622882 1.9175536 2.1933208 2.1919008 2.3036849 2.0350208 2.1318960 2.0985163 2.0799266 2.3778653 2.4149285 2.3888728 2.3264280 2.3552429 2.3412994 2.0160498 2.6510329 2.5041533 2.2912231 1.9439456 2.0606372 2.4090487 2.4951444 2.2222029 2.5384150 2.0851188 2.2122961 2.5360394 2.4146165 2.5271018 2.4599249 2.4920318 2.4534444 2.4840299 2.4627171 2.1478246 2.1778285 2.8558581 2.8970027 2.7032773 2.4495617 2.0255085 2.7689480 2.7392120 2.5190184 2.7502085 2.5791432 3.6289356 2.5564582 2.0474874 2.6312450 2.0164429 2.4382387 2.5252289 2.5252289 2.3168670 2.4388099 2.8659414 2.7890316 2.0799624 2.5285499 2.3858637 2.1823598 2.2667796 2.5562953 2.4954614 2.5314855 4.5400231 3.4792899 2.9857512 2.4200479 3.4736779 2.4382485 2.8721601 2.1871642 2.2185004 2.4492907 2.6276828 2.5179728 1.8539779 1.7880706 2.2129823 1.8991136 1.5734508 1.8441649 1.8441649 2.4669950 2.9566681 2.9657634 2.3815323 2.6001301 2.4577265 2.3816659 3.4373330 2.3587855 3.2404559 3.5682424 3.4344899 4.0482416 2.7768467 2.8119705 2.9467136 2.0508333 1.9492302 2.6273675 2.8723328 4.7454095 
Scil_scict013086.1                                                2.8845452 0.6851957 0.7213323 0.6102131 0.5983434 0.0000000 0.7786943 3.9093355 2.0073412 1.9964269 2.0536725 1.7758925 2.2286311 1.1405235 2.4729815 2.4651303 2.4951902 2.4372686 2.3444927 2.3296467 2.5834636 2.5621215 2.5462052 2.0034956 1.9847952 1.7653356 2.3319943 1.8887444 2.0290440 1.9513880 2.1640892 1.9492358 1.9592051 1.9620411 1.9621119 2.0425971 2.0755592 2.0409957 2.0049810 1.4812280 1.9685670 2.0657807 2.0938176 2.0673584 2.2216128 2.1059580 2.1812671 2.2419048 1.7293330 2.1022213 1.3235396 2.5047319 2.4928868 2.4319148 2.1445941 2.5268806 2.4522229 2.5597379 2.5190835 2.5246440 2.5169678 1.9268990 1.5355413 2.5244922 2.3403372 2.8242303 2.5875204 2.1611657 2.2200259 2.6965156 2.5469120 2.5567298 1.9786774 2.3310442 2.2032155 2.2667185 2.0211892 2.0705003 2.0870206 1.9860847 2.2460819 2.4237915 2.6934873 2.1186879 2.0716503 2.2090470 2.1362816 2.4844878 2.3757979 2.1123643 2.1488994 2.1448423 2.2899449 2.4238916 2.2017379 2.3945407 2.1617979 2.2653859 2.5378847 2.3238260 2.5144941 2.5553996 2.5035739 2.4536157 2.6184210 2.5977748 2.0567681 2.0065138 2.6256228 2.8914561 2.4295285 2.3614850 2.1082351 2.7152228 2.8023308 2.5652457 2.4892729 2.4073034 3.4298738 2.3452986 2.2427057 2.3792283 1.9162380 2.3068875 2.3647283 2.3647283 2.2402312 2.2634793 2.6790208 2.7149397 2.1040638 2.4682763 2.3544507 2.2677348 2.2243540 2.5611985 2.4798836 2.6516745 3.4221365 2.9793732 2.4401940 2.1763436 3.2301311 2.3464241 2.6623179 2.5029025 2.2968915 2.6030982 2.5754753 2.7860629 1.9222908 1.7802135 2.2536695 1.9338262 1.7965059 1.8680531 1.8680531 2.4283349 2.8048106 2.6829845 2.2335796 2.4049222 2.4742905 2.7071257 3.4362782 2.1341222 3.0190670 3.3787840 3.5950988 3.8272270 2.6943343 2.8227810 2.9782304 1.9794880 1.9127127 2.6601629 2.8344138 4.4403728 
Leuniv_Lniv_C804624_01                                            2.8334208 0.8091910 0.8300891 1.0257982 0.8416513 0.7786943 0.0000000 3.5423581 1.8632928 1.8928741 1.9453243 1.7206524 2.0894808 1.1310888 2.4078747 2.4000514 2.3886949 2.3620682 2.3546916 2.3402494 2.4350824 2.4320396 2.4172138 1.9816248 2.1116670 1.9279550 2.2658984 1.8686449 2.3115127 2.3039161 2.6001968 2.2002581 2.2113328 2.2692975 2.2619672 2.3522116 2.3103001 2.2615674 2.1964581 1.7369864 2.2976982 2.2456912 2.2530918 2.0710848 2.1690826 2.1982170 2.3252636 2.2676274 1.9278740 2.2737549 1.3336829 2.3824084 2.3867797 2.3544780 2.3731072 2.4339434 2.3810145 2.3840781 2.4021377 2.4186030 2.3181882 1.9643328 1.6221747 2.3324619 2.3117656 2.6229031 2.4002713 2.1436963 2.3325651 2.5334833 2.3845951 2.6432588 1.7974699 2.1921168 2.2393490 2.3622698 2.0587566 2.1302012 2.1790705 2.1353333 2.5234417 2.4700426 2.3163479 2.6021047 2.2141333 2.1682336 2.2320897 2.4752030 2.4551579 2.1691109 1.8922616 2.1571274 2.2466181 2.4418733 2.4568466 2.6740735 2.2161357 2.3320277 2.3637386 2.2773581 2.4044247 2.3187920 2.4330727 2.3648820 2.2598898 2.4018684 2.0478489 2.1553096 2.7274012 2.6161789 2.8313592 2.4104725 2.2590449 2.4890476 2.5373211 2.3807630 2.3841904 2.3735673 2.9425849 2.4246175 2.1864898 2.3434673 1.7880660 2.2077763 2.3899694 2.3899694 2.5858794 2.5973403 2.7661483 2.4209251 2.2827216 2.5536717 2.4631634 2.2594696 2.5326865 2.6095476 2.4696994 2.5940747 3.7126849 3.2049273 2.6765591 2.3115532 3.0644411 2.4915049 2.6430670 2.2505625 2.3530323 2.5605037 2.4230814 2.6172472 1.9919058 1.9120660 2.3732440 1.9635036 1.7177077 1.7237521 1.7237521 2.3923768 2.9671300 3.0985919 2.6503759 2.6305310 2.6911161 2.9915379 3.3423722 2.3705547 3.2355683 3.3509606 3.4549558 4.4024581 2.9463685 3.0094417 2.9617492 2.0982055 1.8660949 2.4462306 2.6021142 4.0414011 
Nemnom_g19504.t1                                                  2.3864990 2.6338586 3.1920669 8.0219758 3.8335299 3.9093355 3.5423581 0.0000000 0.1451116 0.2638929 0.2909276 3.7232706 0.7473839 0.0000010 2.6110320 2.7380182 2.6405419 2.4303928 2.5517921 2.5552183 4.5481146 2.5127481 2.5553101 1.5232501 1.6822345 9.0000000 2.4442813 8.9999989 2.0980321 2.0836148 3.8567504 1.9990344 1.9707298 2.9454627 2.9454627 3.1016891 3.6214101 2.7652560 2.6464433 9.0000000 2.1965047 3.1138123 5.5994742 2.3847412 2.0572280 2.2177019 3.3595107 3.2297656 0.0000010 2.4703501 2.5367817 3.3830168 3.3830168 3.2047141 3.1983213 2.9415493 2.2345988 2.8311306 2.7263634 2.7263634 2.8834659 2.9776938 8.9999985 2.4035816 2.6404210 2.6358570 2.6358570 2.7266932 2.4340615 3.3553201 3.9050962 2.8333272 1.5522777 2.7231781 2.7691788 2.2156612 2.6494308 2.0522236 2.1497279 2.3339199 2.3660287 2.4498877 2.4399594 2.1432395 2.1576854 2.2209367 3.5046520 2.3469252 2.7803530 4.5255635 2.6948993 3.0916068 2.1833889 3.6594761 2.9366095 2.9320682 3.2826824 3.2826824 3.9289880 3.2786357 2.9011053 2.9978259 3.0188412 3.0699904 1.9595718 2.1272563 3.1094335 8.9136352 3.9843209 4.1190157 3.3611368 3.9075195 9.0000000 2.9355802 6.6723465 3.1162804 3.1410955 3.4111574 2.5997681 2.6395899 8.9999981 3.6118323 0.0000010 5.6411231 3.0335439 3.0335439 3.6631591 3.1763304 3.5640321 3.6420948 1.2093499 3.0424014 2.9888925 2.7567234 2.3953550 3.5383929 3.5581564 3.3419908 3.1318872 3.2117039 3.8154852 3.4323123 4.8424054 3.5293238 3.4537643 2.7553586 2.6749160 2.5843761 3.7721520 1.8676585 8.9999983 3.5104109 3.2192312 3.2444030 9.0000000 3.0635833 3.0635833 3.8906433 4.0825677 4.1236245 4.4183617 2.0661065 2.2972519 0.0000010 4.8155992 9.0000000 4.8594257 4.3680126 5.7337672 3.3581373 3.3713476 3.3509035 6.0310206 2.2396358 2.6033520 4.2659408 1.9207760 6.4768117 
Nemnom_g10687.t1                                                  2.2231440 2.6414815 2.0201986 1.7900626 1.9573362 2.0073412 1.8632928 0.1451116 0.0000000 0.0623269 0.0726714 0.1866304 0.4624842 0.7598338 1.7817945 1.8244121 1.8232318 1.7242038 1.7954400 1.8216974 1.9254894 1.8161068 1.8270594 1.1020159 1.1011361 1.4310742 1.4985062 1.4068667 1.6586078 1.6262256 1.8045316 1.6563138 1.6477201 1.7608271 1.7805675 1.9340713 1.9150647 1.8123009 1.7967029 1.4260395 1.7644182 1.8304998 1.3671856 1.4744634 1.4011024 1.4702283 1.9106581 1.9120378 1.6933386 1.5373593 1.1096072 2.0795844 2.0662033 2.0219143 1.9705598 1.9999839 1.9485717 1.9255175 1.8696555 1.8718334 1.9442908 1.4841451 1.2592584 1.8682776 1.9040211 2.0406026 1.8591621 1.6970740 1.6822571 2.3508484 2.3332159 2.2368010 1.5686268 2.0129158 1.8671027 1.7192215 1.6923053 1.5804713 1.5956897 1.5448046 1.7221483 1.7506644 1.8617588 1.7728985 1.4913454 1.7836426 1.6897246 1.8075382 1.8383588 1.7910137 1.8940132 1.7458871 1.8367495 1.8902254 2.0032815 2.0068531 1.8999068 2.0973721 2.2059921 2.1389492 2.0257382 1.8473346 2.0128520 1.9853967 1.6534525 1.6361597 1.8066449 1.9368121 2.5374890 2.5283891 2.2094083 2.1099738 2.4426324 1.9881148 1.9094600 2.1838944 2.2354229 2.2129980 2.4405307 2.0999106 1.7201460 2.2702282 1.9529620 2.0403973 2.1561509 2.1561509 2.0018192 2.0525004 2.3175426 2.0989192 1.2196380 1.8743121 2.0009658 1.8894280 1.6265877 1.9664381 2.1810456 2.2271970 2.9194311 2.6000769 2.4414352 1.9430197 2.5419492 2.0782080 2.2567022 2.1703278 2.2302431 2.1605547 2.1860526 1.6572159 2.3766242 2.1939868 2.4161852 2.2731512 1.8802022 2.0311859 2.0311859 2.4497397 2.7452708 2.8743880 2.5138574 1.2223738 1.6801784 3.0221364 3.3197797 2.2764078 3.2683652 3.3454503 3.4223126 3.2805824 2.6235996 2.3778687 2.8093793 2.1906239 2.5062527 2.0430020 2.1036109 3.1614891 
Nemnom_g19505.t1                                                  2.0683180 2.8314933 2.0594796 1.7459748 1.9215693 1.9964269 1.8928741 0.2638929 0.0623269 0.0000000 0.0124385 0.2072070 0.4107592 0.7598338 1.7369512 1.8163627 1.8133852 1.7691921 1.8635734 1.8905295 1.9844712 1.8765973 1.8877925 1.0618365 1.0619382 1.4044449 1.4904046 1.3716756 1.6632895 1.6238926 1.7914922 1.6325783 1.6240926 1.7343228 1.7536371 1.8843562 1.8948821 1.7487414 1.7482826 1.4197156 1.7125466 1.7754240 1.3410551 1.4489682 1.3705600 1.4375833 1.8265878 1.8517087 1.6802232 1.6125160 1.1063462 2.0324917 2.0194084 1.9746455 1.9234949 1.9765700 1.9244007 1.8867111 1.8353520 1.8375170 1.9523060 1.4256309 1.2306698 1.7266157 1.8076241 2.0692413 1.8856314 1.6703342 1.6581963 2.2870370 2.2438658 2.1621466 1.5528065 1.9537121 1.8287255 1.5886835 1.6355984 1.5589179 1.5720173 1.5163218 1.6712897 1.7795096 1.9148029 1.7675626 1.4607758 1.7875993 1.6055358 1.7925401 1.8284928 1.7551304 1.8999569 1.7054868 1.7937939 1.8507067 1.9475702 1.9887772 1.9235370 2.1247341 2.2054722 2.1463286 1.9440185 1.8122463 1.9399339 1.9826204 1.5823514 1.6306673 1.7243188 1.9229187 2.6254838 2.5763307 2.3233314 2.1895041 2.4432120 2.0655498 1.9749089 2.2070655 2.2823171 2.2679926 2.6191418 2.2304620 1.7089806 2.2671395 1.9355187 2.0796272 2.2857187 2.2857187 2.0633492 2.0593902 2.3014425 2.1353591 1.1948363 1.7864806 1.9526967 1.8838566 1.6539669 1.9247018 2.2080426 2.2534397 3.1615966 2.7495307 2.4882406 2.0044177 2.6241095 2.1278336 2.2891106 2.2193146 2.2197891 2.1378045 2.1087819 1.6263571 2.2717005 2.1485040 2.3837101 2.2146950 1.8187323 2.0035081 2.0035081 2.4759108 2.8394699 2.8529946 2.4543350 1.2208739 1.6365867 3.0696535 3.1898917 2.3071659 3.2639810 3.2272524 3.4049611 3.4067591 2.7184589 2.3901653 2.8719100 2.0634248 2.4957360 2.0408392 1.9507925 3.0257867 
Nemnom_g10685.t1                                                  2.1462862 2.9600455 2.0802968 1.7824035 1.9612280 2.0536725 1.9453243 0.2909276 0.0726714 0.0124385 0.0000000 0.2142151 0.4192575 0.7621066 1.7887483 1.8705133 1.8675722 1.8027162 1.9002802 1.9277461 2.0227358 1.9003798 1.9117261 1.0844802 1.0788673 1.4044449 1.4788554 1.3803226 1.7025136 1.6457452 1.8034670 1.6697567 1.6611017 1.7735339 1.7933501 1.9271384 1.8848181 1.8113318 1.8108756 1.4450719 1.7792937 1.8393598 1.3369537 1.4249066 1.3505211 1.4358184 1.8936200 1.8785300 1.6004536 1.6348580 1.1438548 2.0421057 2.0289532 1.9838528 1.9354543 1.9760185 1.9237531 1.8954393 1.8491728 1.8513475 1.9672086 1.4454028 1.2533687 1.7470274 1.8274434 2.0804637 1.8950783 1.6774629 1.7278393 2.3604794 2.3153550 2.2304442 1.6542285 1.9130582 1.8353708 1.6698660 1.6244646 1.5823285 1.6049026 1.5484679 1.6921804 1.8055463 1.9547801 1.7962790 1.4201804 1.7965028 1.6253762 1.7650880 1.7830193 1.7320819 1.8990312 1.7164913 1.8736805 1.8507067 1.9880677 2.0215003 1.9239793 2.1256819 2.2628594 2.1153674 2.0258882 1.8597450 1.9781701 2.0381286 1.6073372 1.6332051 1.7467579 1.9182088 2.6779788 2.6062862 2.3494307 2.1921518 2.4519008 2.1120672 1.9800850 2.2435494 2.3197555 2.2992950 2.7684269 2.2579461 1.6996883 2.2971231 1.9314403 2.1113439 2.3417258 2.3417258 2.1354562 2.1308682 2.3140557 2.1770736 1.2811621 1.8611029 1.9788661 1.8913736 1.6658088 1.8946310 2.1954538 2.2446175 3.1569139 2.7236895 2.5326382 1.9918339 2.6180377 2.1568289 2.2829457 2.2637292 2.2434978 2.1668297 2.1698304 1.6994548 2.2640116 2.1531702 2.4168633 2.2580892 1.8459822 2.0070073 2.0070073 2.4588186 2.8159071 2.8888010 2.5348445 1.2197388 1.6405351 3.0618369 3.2346990 2.3022652 3.2888560 3.2012112 3.3263494 3.1838793 2.7121014 2.3815733 2.8509356 2.1610021 2.6242022 2.0442690 2.0509635 3.0257867 
Nemnom_g19503.t1                                                  2.7529021 0.0000010 1.9902142 1.5566397 1.7693056 1.7758925 1.7206524 3.7232706 0.1866304 0.2072070 0.2142151 0.0000000 0.6259118 0.7243154 1.7928109 1.8031728 1.8359163 1.7930425 1.9194885 1.9516260 1.8458183 1.9630599 1.9630599 1.2990453 1.2285650 2.0741666 1.4957954 1.6188418 1.6824401 1.6346024 1.6466763 1.5970723 1.5970723 1.6441681 1.6721758 1.8714156 1.8732481 1.6743064 1.6718998 1.4897479 1.6139873 1.6726287 1.6973045 1.4761380 1.4585158 1.4268896 1.7856845 1.7080469 1.7492331 1.7067628 1.3669920 2.1554545 2.1557362 2.1670444 2.5403504 2.1171511 2.0453743 2.0706470 2.1226070 2.1168634 2.0501632 1.5721502 1.4665385 1.9467885 1.9625885 2.2642814 1.9863008 1.7967483 1.8333294 2.1162006 2.0873108 2.3147052 1.6887744 2.0133667 1.9421066 2.1264891 1.7424255 1.6103013 1.6275961 1.6159324 1.9191820 1.8892261 1.5817594 2.1367112 1.4437831 1.8094982 1.6916405 1.7114756 1.5675169 1.8171800 1.8321557 1.7128179 1.9948815 2.1140581 2.0118901 2.1347669 2.0087610 2.3376112 2.1630938 2.3293107 1.9907009 1.8669464 1.7943933 1.9263550 2.0733180 1.7623933 1.7679036 2.1832256 2.5189973 2.5406320 2.1320047 1.9198011 2.3872990 1.9875766 1.9728304 2.2268513 2.1919646 2.2944431 0.0000010 2.2187908 2.0009009 2.2723015 2.3549274 2.3170821 2.3790971 2.3790971 1.9329461 2.1614467 2.1943824 2.0331571 1.8674316 1.7571273 1.8742479 1.9566367 1.8601611 1.7657014 1.9109596 2.0513972 4.2423990 3.4124877 2.4534341 2.0126665 2.2811992 1.9607708 2.0167589 2.4528916 2.2784866 2.2843184 2.2632272 1.6208588 2.1737253 2.0597435 2.5051690 2.2731514 1.9342799 1.9528853 1.9528853 2.2628315 2.7091478 2.7420600 2.6730364 1.3824962 1.8719752 3.0449406 3.8376470 2.4391166 3.0495094 3.2135680 3.2237896 2.5398905 2.7465025 2.3931434 2.8230130 1.7832633 2.4121152 2.0759652 2.4756280 2.3240531 
Rhoesc_Res_006290-T1                                              2.1728997 3.1340086 2.1075644 1.9715141 2.0244190 2.2286311 2.0894808 0.7473839 0.4624842 0.4107592 0.4192575 0.6259118 0.0000000 0.7279187 2.0436630 2.0658473 2.0454574 1.9486477 2.1180508 2.1219941 2.2602993 2.1089538 2.0965688 1.1400021 1.1427386 1.4524244 1.6122134 1.4540735 1.8968512 1.8203668 1.9721080 1.7433371 1.7524680 1.7413793 1.7636460 1.9702251 1.9876957 1.8943603 1.8952419 1.4888982 1.9639070 1.9461281 1.4363717 1.6861215 1.6452876 1.7855062 1.9371439 1.9583702 1.8784849 1.7869140 1.3437900 2.2743922 2.2599652 2.1876000 2.1344912 2.1977182 2.1578808 2.1449696 2.0894115 2.0916933 2.1981514 1.5173950 1.2777157 1.7950459 1.8200379 2.0996537 1.9322371 1.8076915 1.9030949 2.3444102 2.4558387 2.3550961 1.7171103 1.9712660 2.1124363 1.7357114 1.7980609 1.7512274 1.7023806 1.7336277 1.9218282 2.1201746 2.2418408 1.9793056 1.5794278 1.9355057 1.8637728 1.8962525 1.9105230 1.8434317 2.0886269 1.7970578 1.9100917 2.1375604 2.0747780 2.0550045 1.8674543 2.0595552 2.3442436 2.2649109 2.1581057 2.0184563 2.2092809 2.2115207 1.7084422 1.7304413 1.7021145 2.0021024 2.6112334 2.6112510 2.4839998 2.2647039 2.4461122 2.2847041 2.2716265 2.3962443 2.4868418 2.4621402 2.5141873 2.3982589 1.8257542 2.4120266 1.9369950 2.2477660 2.5394527 2.5394527 2.3199371 2.1599117 2.5637900 2.4509003 1.2401336 1.9253842 2.0260350 2.0797426 1.7466253 2.1659416 2.2100583 2.1946902 3.7079782 3.1706308 2.7665281 2.3708856 3.1141824 2.2625535 2.4939993 2.2091146 2.1469286 2.2185874 2.2377001 1.5070837 2.2685021 2.2282636 2.4916335 2.3252414 1.8727421 1.9896598 1.9896598 2.4779500 3.0110200 3.0601537 2.5060966 1.3450201 1.7431643 2.7871005 3.2523693 2.1983070 3.1316525 3.0926323 3.3481442 3.3797328 2.6445642 2.6645639 2.7417781 2.1230010 2.6493302 2.3635192 2.1309511 3.3658468 
Aaur_scaffold34.g31.t1                                            9.0000000 0.0000010 1.2595367 1.2039514 1.2091529 1.1405235 1.1310888 0.0000010 0.7598338 0.7598338 0.7621066 0.7243154 0.7279187 0.0000000 1.7493492 1.6833898 1.7073230 1.4652561 1.4886217 1.4854470 1.1428472 1.3572010 1.3572010 0.9374661 1.2699162 0.7182847 1.6306563 1.2541037 1.2309849 1.1671307 1.2146398 1.0615005 1.0615005 1.1729206 1.1332166 1.4557097 1.4349479 1.1102181 1.1287895 1.3113761 1.3305441 1.2805973 1.6812584 1.0672260 0.9992660 1.0437620 1.7053080 1.6260225 1.4812145 1.3688084 1.3688084 1.5303785 1.5172199 1.5822755 9.0000000 1.4375840 1.5172199 1.5681832 1.5488935 1.5488935 1.4342627 1.4460394 1.3558755 1.4308940 1.2563098 1.9908730 1.6226920 1.5439334 1.6320804 1.7834009 1.9201871 1.7863305 2.0558009 1.3660040 1.5217403 0.0000010 1.3554714 1.0054155 1.0632621 1.0375130 1.8282498 2.7170380 1.1752241 1.9790644 1.3981062 1.4782296 1.8774627 0.0000010 0.0000010 1.7602019 1.2784716 1.9404813 1.4333782 1.3660022 1.3448306 1.4649888 1.3353733 1.6256812 2.1501577 1.5041576 2.0154741 1.8639540 1.7802633 1.7725078 1.1372501 1.2600988 1.5159481 2.3585868 2.5249627 2.3894225 1.3696656 1.8196203 2.2950768 2.4100307 2.4556253 2.5710482 2.7177864 2.7398462 0.0000010 2.2148132 2.5659234 1.8148013 2.0146595 2.8312564 2.5579070 2.5579070 1.6973073 1.6546536 2.5501169 2.1265716 1.5464405 1.6332891 1.9088990 1.8588362 1.2975810 1.1375832 1.9334258 1.7792188 9.0000000 0.0000010 0.0000010 1.8039100 0.0000010 2.3100979 0.0000010 2.0134438 2.0831667 2.3215391 1.7758180 1.1741894 1.1633590 1.7424743 2.0253944 1.5765124 1.8140492 1.3981621 1.3981621 2.2675595 1.9412596 1.6265158 1.6065310 1.7597211 9.0000000 2.9663084 4.1997977 1.8780210 2.2218993 2.4169626 2.7391113 3.0417403 1.6638642 2.0629400 1.6012257 0.0000010 2.5910977 1.3707491 1.9944991 0.0000010 
Hhon_g02036.t1                                                    2.3458019 3.1465706 2.6202633 2.1826976 2.4887355 2.4729815 2.4078747 2.6110320 1.7817945 1.7369512 1.7887483 1.7928109 2.0436630 1.7493492 0.0000000 0.1962994 0.1880285 0.4355363 0.4459947 0.4276060 0.4864596 0.5236538 0.5288168 1.9818425 1.7712530 1.5067221 1.8602409 1.7390913 1.8031517 1.7863695 1.8575501 1.7290609 1.7201749 1.9681714 1.9202193 2.0175559 1.9743266 1.9470149 1.9474144 1.7010547 2.0172828 2.0733950 1.5285151 1.7081724 1.8179426 1.6131979 1.9749645 1.9686597 1.9045091 2.0349760 1.8015907 2.3929363 2.3819570 2.2947689 2.4036673 2.3891514 2.3600964 2.4825858 2.4351521 2.4319174 2.3818330 1.6724846 1.4421092 2.0097471 1.8150227 1.8298418 1.8188459 1.6899201 1.8140989 2.2011185 1.9750967 2.1872490 1.8354094 2.1345305 1.8659841 1.4117307 1.8150253 1.8843170 1.9061516 1.7702222 2.0016667 1.9409175 1.8564140 2.0700181 2.0458421 1.8713905 2.0899115 1.8657810 2.0458349 2.1430352 1.8513805 1.7603282 1.6959588 1.9178543 1.9824952 1.9912126 1.8715240 2.0038252 1.9734074 1.8756516 2.0110385 2.0018248 2.3066336 2.2279390 2.3583999 2.1522271 2.0808486 1.6031107 2.5406940 2.4462136 2.0897040 1.9471947 2.3318589 1.9281504 1.7814328 2.1837841 2.1470267 2.0837609 2.4747519 2.1505768 1.5203327 2.4106975 2.0913332 2.2767088 2.4104211 2.4104211 1.8962913 1.8641107 2.3287264 2.1021355 1.3835085 1.7863190 1.8161886 2.2377023 2.0329388 2.0729696 2.4104268 2.5630925 2.2682481 2.4181241 1.8550636 2.1498812 2.2417827 1.8018856 1.8953934 2.1568114 2.3178218 2.1766265 1.8824485 2.3143023 2.8979744 2.4114738 2.2174250 2.4093669 2.1330687 2.2796826 2.2796826 3.0034152 3.4335848 2.5480485 2.3895278 2.3929093 1.7808520 3.2494487 3.2642046 2.4077772 3.7019777 3.6075226 3.7896387 2.4246890 2.4298425 2.4818325 3.0461160 2.2714754 2.8115716 2.7596248 2.0990326 2.5242001 
HoiH23_PlH23_005371-RA                                            2.3144799 3.3452872 2.7040810 2.2489954 2.5371865 2.4651303 2.4000514 2.7380182 1.8244121 1.8163627 1.8705133 1.8031728 2.0658473 1.6833898 0.1962994 0.0000000 0.0400694 0.4335546 0.4454615 0.4225145 0.5191936 0.4770877 0.4820243 1.9721607 1.8539462 1.4572508 1.9151192 1.7531770 1.7312047 1.7272598 1.7781090 1.6675007 1.6762529 1.8744784 1.8592045 1.9592870 1.9410965 1.7792106 1.8320920 1.6636029 1.9196183 1.9553662 1.7444819 1.6253851 1.7190925 1.5497199 1.9009492 1.9667239 1.8162402 1.9635519 1.5737245 2.2994309 2.3035712 2.2205240 2.2843795 2.2594845 2.2583106 2.3897440 2.2900682 2.2915806 2.2329591 1.6713152 1.3939169 2.0029409 1.7508704 1.9006341 1.9106680 1.6675872 1.8676210 2.2545329 1.9741571 2.2244888 1.6135861 2.2047189 1.8649224 1.3570302 1.7398453 1.8771137 1.9174400 1.8226605 2.0191197 2.0313876 1.8959822 2.0129648 1.9480439 1.8789340 2.0810710 1.8306955 2.0197551 2.1524425 1.8534620 1.8423774 1.7445889 1.9444039 1.9256825 1.9242847 1.8600240 1.9829071 2.0505923 1.8759931 1.9959541 1.9793412 2.2482333 2.2279442 2.3688365 2.2571964 2.1074016 1.6006918 2.4541273 2.4701643 2.1755906 1.9759297 2.6645059 1.9081024 1.8588795 2.1240566 2.1705537 2.1360541 2.3068352 2.0872907 1.5349478 2.4489772 2.1195410 2.3502662 2.5230233 2.5230233 2.0789544 2.0015162 2.3000171 2.0919435 1.2899481 1.8987658 1.7933728 2.2415272 2.0713988 1.9578130 2.4079816 2.5830897 2.2365859 2.1725205 1.8859433 2.1300426 2.1205287 1.7252676 1.8126922 2.1453563 2.2396368 2.0602242 1.7885721 2.3063431 3.0187949 2.4779608 2.2052019 2.4643215 2.2490771 2.3051652 2.3051652 2.8919620 3.2480576 2.5750961 2.3514801 2.4823593 1.8147166 3.1776234 3.3414645 2.5743806 3.6416969 3.6904868 3.5023111 2.5428051 2.1713142 2.4433020 2.9383187 2.3215655 2.5323902 2.7535871 1.9964179 2.4854677 
HoiH06_mRNA5060                                                   2.2870583 3.3641652 2.7189343 2.2371852 2.4920361 2.4951902 2.3886949 2.6405419 1.8232318 1.8133852 1.8675722 1.8359163 2.0454574 1.7073230 0.1880285 0.0400694 0.0000000 0.4423728 0.4426261 0.4197182 0.5144285 0.4710768 0.4759982 1.9873448 1.8462741 1.3636455 1.8971138 1.7284642 1.7185591 1.7188405 1.7896983 1.7099381 1.7188801 1.8763752 1.8382710 1.9402091 1.9167352 1.7991870 1.8235587 1.6524047 1.9032939 1.9759685 1.7148755 1.5870522 1.7127935 1.5513401 1.8853201 1.9655725 1.8175926 1.9575479 1.5732568 2.2558377 2.2599078 2.1978842 2.2468058 2.2234007 2.2193143 2.3477040 2.2466990 2.2483727 2.2181458 1.6723129 1.4532314 2.0099769 1.7463791 1.8855568 1.9089149 1.6893780 1.8703473 2.2151310 1.9698871 2.1687902 1.6574819 2.2027903 1.8350735 1.3437467 1.7383427 1.9022021 1.9323330 1.8083845 2.0389885 2.0349204 1.9039428 2.0326035 1.9351206 1.9039103 2.0829207 1.7924362 2.0182629 2.1758333 1.8382830 1.8180770 1.6856603 1.9074655 1.9486258 1.9192373 1.8897273 2.0083361 2.0158436 1.8484679 1.9692827 2.0050978 2.2536031 2.2249916 2.3778118 2.2430172 2.1308305 1.6267688 2.4673687 2.4197224 2.1745723 1.9656308 2.7329703 1.8645425 1.8220649 2.1142709 2.1675074 2.1984025 2.4376798 2.0608876 1.5116507 2.4186138 2.1030977 2.2878370 2.5586643 2.5586643 2.1035908 2.0210471 2.3045680 2.1071623 1.3016186 1.8651344 1.7500960 2.2395246 2.0622111 1.9649944 2.3696502 2.5458704 2.1700597 2.1168493 1.8278940 2.1303211 2.0825744 1.7400170 1.7639799 2.0878896 2.1986276 2.0288627 1.8088705 2.2935171 2.9982485 2.4229138 2.1850075 2.4532000 2.2400732 2.2976657 2.2976657 2.9090691 3.3180327 2.5896641 2.3630017 2.4507292 1.8050787 3.2203777 3.3030751 2.5742926 3.6646749 3.7086114 3.3744756 2.4676360 2.1678666 2.4735419 2.8875071 2.3447532 2.6259557 2.7516886 2.0808981 2.4776744 
HoiH23_PlH23_005373-RA                                            2.3423294 3.2852245 2.5484230 2.1782127 2.4954385 2.4372686 2.3620682 2.4303928 1.7242038 1.7691921 1.8027162 1.7930425 1.9486477 1.4652561 0.4355363 0.4335546 0.4423728 0.0000000 0.1461060 0.1457196 0.1917204 0.2761743 0.2803522 1.6825839 1.6391414 1.2786115 2.0238441 1.8573184 1.7666998 1.8147021 1.9695837 1.7403298 1.7492815 1.8605454 1.8459380 2.0290670 1.9914187 1.9439198 1.9888804 1.6868164 2.0150424 1.9594763 1.7614945 1.7910599 1.8242691 1.6272942 1.9396240 1.9589371 1.5979618 1.8272617 1.6210371 2.1526615 2.1428862 2.0510395 2.1902103 2.1400821 2.1327101 2.2805204 2.2046587 2.2158924 2.0979876 1.7235905 1.4527368 1.9950507 1.9349392 1.8314849 1.8838118 1.5911070 1.8466513 2.3359529 2.0398767 2.1524686 1.4583794 2.0700849 1.9300090 1.3650675 1.8020371 1.8035838 1.8398500 1.7712150 2.0882365 2.0212966 1.7796571 2.0290038 1.7381797 1.9364026 2.0453388 1.6783950 1.9844236 2.0987909 1.8743555 1.8913174 1.8285919 2.1461928 2.1117296 1.9121850 2.0104763 2.1973485 2.0941267 1.9706299 2.0622452 2.0872183 2.3741547 2.2309593 2.3698121 2.1147901 2.1414453 1.7806701 2.3765782 2.4026742 2.1328999 2.1437321 2.9546317 2.0062107 1.9783908 2.2152737 2.3092032 2.1462617 2.4511270 2.2360869 1.6790294 2.4567177 2.2483057 2.3895829 2.5883099 2.5883099 2.1438519 2.1222459 2.4788454 2.2019913 0.9761021 1.8871244 1.8884371 2.1902589 2.0168134 2.0849943 2.4218420 2.5153649 2.1933699 2.0498563 1.8504042 2.0915135 2.3349883 1.7043392 1.8435304 2.0705488 2.1094283 2.2188830 1.8422336 2.2800829 3.3949999 2.5295819 2.3192215 2.6121874 2.2840898 2.3133372 2.3133372 2.7642559 3.2147214 2.5848425 2.3776933 2.2120187 1.7767448 3.4336608 3.3735392 2.4159521 3.5636115 3.7691817 3.6408559 2.9791398 2.1661746 2.5107043 2.9823230 2.0275613 2.2159640 2.5839188 1.9291966 2.7964340 
Hhon_g02034.t1                                                    2.2769472 3.2036214 2.5661271 2.2381467 2.4310921 2.3444927 2.3546916 2.5517921 1.7954400 1.8635734 1.9002802 1.9194885 2.1180508 1.4886217 0.4459947 0.4454615 0.4426261 0.1461060 0.0000000 0.0184497 0.1373596 0.2953240 0.2995598 1.8949074 1.7909172 1.3111057 2.0942629 2.0372842 1.8909479 1.9226100 2.0352071 1.7999835 1.8091487 1.9801075 1.9433361 2.0316941 1.9704977 1.9692754 2.0187384 1.8655784 2.0767159 2.0068742 1.8322052 1.8149474 1.8539198 1.7644628 2.0860868 2.0683988 1.7090681 1.8659424 1.7896754 2.2474179 2.2372140 2.1495810 2.2456628 2.2486207 2.2684479 2.3921529 2.2851009 2.2963146 2.2033358 1.7606818 1.5608359 2.0992334 1.9188354 1.9375363 1.9966332 1.5584337 1.9559645 2.4538436 2.1717932 2.2645754 1.6011103 2.1932484 1.9522667 1.3644614 1.7656283 1.8569793 1.9117671 1.7833313 2.1152302 2.0693476 1.8606267 2.0987648 1.9035207 2.0467272 2.2195458 1.8435945 2.0818167 2.1795229 1.9306442 1.8976880 1.8676796 2.1021668 2.1046052 2.0771769 2.0423558 2.2172950 2.1922459 2.0156469 2.1202346 2.1013965 2.3224752 2.3104030 2.3923140 2.2168367 2.2319888 1.7255744 2.3083196 2.4553848 2.0585045 1.9948098 3.3688957 2.0793006 2.0171113 2.1868210 2.3371683 2.2302036 2.6212635 2.2307822 1.5910406 2.4555320 2.2990704 2.3330709 2.5772397 2.5772397 2.1979325 2.1085716 2.4354781 2.1965241 1.3377021 1.9561588 1.8630602 2.1689411 2.1621072 2.1496528 2.5182503 2.6671546 2.2252466 2.0914590 1.8669561 2.1265504 2.3912081 1.7976787 1.8522722 2.0128802 2.1921924 2.1743103 1.9795110 2.3639019 3.5009635 2.5526191 2.4413380 2.5298928 2.4025978 2.4594075 2.4594075 2.8904084 3.1453357 2.6304635 2.4066214 2.4302771 1.7999235 3.4375972 3.3775781 2.4263031 3.6650682 3.9776802 3.8698265 2.6430466 2.1619307 2.5215048 2.9284882 2.0928015 2.3597344 2.7353077 1.9673422 2.8258699 
HoiH04_mRNA14252                                                  2.2686160 3.2010960 2.5827891 2.2319598 2.4317885 2.3296467 2.3402494 2.5552183 1.8216974 1.8905295 1.9277461 1.9516260 2.1219941 1.4854470 0.4276060 0.4225145 0.4197182 0.1457196 0.0184497 0.0000000 0.1423219 0.2905644 0.2947784 1.9099315 1.8050834 1.3295928 2.1008283 2.0247363 1.8832395 1.9157074 2.0228609 1.7607631 1.7697598 1.9810485 1.9278663 2.0350875 1.9740308 1.9644602 2.0150855 1.8045683 2.0338638 2.0202214 1.8455510 1.8195950 1.8584675 1.7759324 2.0996131 2.0827162 1.6944582 1.8818858 1.7605655 2.2300033 2.2198636 2.1289212 2.2214622 2.2313459 2.2495813 2.3733618 2.2546625 2.2659322 2.1851533 1.7143101 1.5253163 2.1165036 1.9239601 1.8872894 1.9466285 1.5593693 1.9568542 2.4465220 2.1724306 2.2722009 1.5993614 2.1642149 1.9176078 1.3430562 1.7325469 1.8768704 1.9242437 1.7590654 2.1091247 2.0588693 1.8752306 2.1064702 1.8860705 2.0437001 2.2679482 1.8267255 2.0575394 2.1726385 1.9167976 1.9340357 1.8405934 2.0823202 2.1129454 2.0736141 2.0323752 2.2058306 2.2071001 2.0046570 2.1004512 2.1151707 2.3256050 2.3083562 2.3781791 2.2357994 2.2459412 1.7114612 2.2864028 2.4449331 2.0661657 1.9883336 3.2214870 2.0699025 2.0262865 2.2216329 2.3173588 2.2275871 2.6101067 2.2111892 1.5985138 2.4680480 2.2934172 2.3335807 2.5838079 2.5838079 2.2127924 2.1372345 2.4127306 2.1684892 1.3370265 1.9735434 1.8537559 2.1931596 2.1702353 2.1259659 2.5344150 2.6817007 2.2264283 2.0794439 1.8765084 2.1426210 2.3648500 1.8102963 1.8642858 1.9961536 2.1550023 2.1242474 1.9289169 2.3640327 3.5726845 2.5915508 2.4341207 2.5517867 2.4566098 2.4731274 2.4731274 2.8692373 3.1121902 2.5831080 2.3762991 2.4644567 1.8164100 3.4428030 3.3079720 2.3858735 3.6099425 3.9310302 3.8230938 2.6380115 2.1578254 2.4305364 2.8893369 2.0452985 2.3628392 2.7205030 1.9402399 2.8203839 
HoiH04_mRNA16392                                                  3.1947678 5.6572979 2.6903266 2.2412885 2.6617694 2.5834636 2.4350824 4.5481146 1.9254894 1.9844712 2.0227358 1.8458183 2.2602993 1.1428472 0.4864596 0.5191936 0.5144285 0.1917204 0.1373596 0.1423219 0.0000000 0.3725652 0.3782665 1.8863372 1.8365154 1.3494158 2.2109508 1.8464782 1.8911495 1.9254834 1.9209698 1.8017218 1.8017218 2.0522971 2.0275553 2.1028316 2.0221832 2.0223068 2.0728575 1.7807846 2.1835122 2.0619276 1.7588872 1.9622316 1.8748978 1.8114957 2.0813778 1.9791562 1.5235837 2.0928743 1.7826689 2.1009427 2.0889229 2.0148670 2.2657235 2.1050142 2.1532453 2.2544059 2.2278053 2.2192732 2.0908037 1.7653823 1.6068954 2.1831410 2.0701344 1.9532432 1.9785491 1.4937213 2.0265217 2.5394624 2.2186578 2.3215330 1.8216354 2.2440922 1.9305738 1.4740986 1.7300036 2.0734144 2.0799433 1.8652883 2.2332648 2.1733411 2.0023731 2.3059768 2.0371043 2.0190379 2.2335649 1.9236278 2.2789669 2.1063854 1.8641989 2.0382072 1.8827585 2.0472146 2.2417852 2.0713441 2.0129073 2.2483621 2.0810585 1.9985063 2.1181648 2.1178254 2.3700652 2.4076850 2.3749732 2.4857951 2.3376478 1.6414585 2.4726556 2.4685096 1.9663491 2.1228889 3.1832012 2.0620961 1.9744433 2.3618880 2.5077241 2.4521135 4.5501825 2.3388113 1.4900341 2.6127959 2.2500264 2.2884295 2.5946572 2.5946572 2.1345302 2.1970314 2.4524939 2.1919988 2.2882903 2.0461486 2.0951316 2.5269829 2.3470131 2.1348962 2.5197919 2.8697797 2.2432865 2.0324589 1.9815959 1.9890875 2.3351784 1.7784689 1.9858181 2.3348036 2.5458376 2.4738364 1.9625978 2.8132643 3.6555140 2.7317898 2.5226507 2.7747166 2.2899029 2.5495501 2.5495501 2.6992965 3.5645342 2.8716713 2.5224961 2.5701661 1.9867429 3.4685751 4.0680236 2.5095804 4.1249929 4.2874738 4.2901634 3.6157868 2.2879498 2.6717260 2.9756560 2.6216304 2.9287048 2.4857493 2.3899776 2.4416790 
