81
Xesp_003235-T1                                         0.0000000 6.4467155 4.3271545 3.2270268 6.8119382 3.3366883 3.7632543 3.1183086 2.7711409 4.0788911 3.7971315 3.8949264 3.6301633 3.5454089 3.8031603 8.9999986 8.9999985 3.5765000 1.9844267 3.4889145 3.6438803 2.6790841 3.5623364 3.5776367 3.6559555 4.5250708 2.4627330 0.7266248 2.9800447 2.8132077 2.8570755 8.1342609 3.4575756 2.8119893 7.0255669 2.8876558 3.1939269 2.2993599 3.3215831 3.6347623 3.1921404 3.6040527 5.9623878 5.9623878 8.0425039 3.9590779 1.3245286 3.1519572 1.1595291 4.2923495 4.5004328 4.0455824 4.0484936 3.8068692 3.9655431 4.0178304 3.9202528 4.6460646 4.1362143 4.1330301 3.7781032 7.9780271 4.1233464 8.9999987 8.9999990 4.2430665 4.1694667 7.8254832 6.3345008 5.9988683 4.2629645 4.5952319 4.4632232 2.5889197 4.1983856 4.5461532 8.9999990 4.2789802 4.0981046 4.6828925 5.7516590 
Leuniv_Lniv_scaffold8166_01                            6.4467155 0.0000000 1.5111388 1.4053727 0.9432471 1.5116865 1.7185971 1.5210555 1.1407335 1.3006990 1.4049772 1.2788337 1.6905466 1.3670755 1.4537745 6.6328040 6.6328040 1.4084721 2.3251388 1.4605880 1.3828393 1.4204929 1.4941605 1.5781848 1.2663271 1.5186019 1.8697725 1.6302504 2.0895695 1.5923163 1.8381502 1.3977298 2.6244445 1.6072895 1.4477296 1.6886000 1.6545696 1.3435544 1.5191534 1.4654525 1.6130005 0.9108629 4.7716672 4.7716672 0.6677731 1.1062792 2.2360591 1.5741247 4.3309288 2.6897920 2.0502560 2.2741792 2.5305461 2.0349170 2.1379189 2.3676615 2.4307379 2.3008884 2.0384020 2.0384020 1.9221985 1.8136836 1.7724212 1.5466228 1.8781228 2.1047648 2.1243718 1.9561496 1.9664608 1.5249709 2.7189104 2.4246656 2.0007227 4.1039686 2.3403214 2.3576088 8.9999984 2.3737079 2.2469395 2.1899758 2.6755684 
Ocar_g6736                                             4.3271545 1.5111388 0.0000000 0.0783763 1.5417103 0.7906073 0.7572615 0.7962128 0.7069449 0.7230080 0.8538089 0.8282918 0.7720810 0.9283565 0.9119186 3.2322537 3.2322537 0.8815366 1.0082485 1.1536098 1.1057705 1.1587843 1.1128000 1.0505817 1.0555626 0.9432653 0.8149244 0.0000010 0.8324988 0.8801801 1.0161250 0.9556381 1.0384471 0.8174404 0.6025799 1.0689675 0.9831213 0.9555676 0.9227643 0.8824081 0.8048900 0.9450360 1.0275825 1.0275825 0.9704667 1.1740448 0.0000010 1.0296049 0.0000010 1.0453355 1.2141913 1.1581076 1.2369216 1.0331555 0.9560133 1.0734530 1.2186568 1.0628646 1.6260286 1.6260286 1.6843760 7.8584464 1.5058934 8.7645797 1.7018174 1.8107200 1.8623835 1.6290650 1.4454480 0.9549129 1.1541695 1.2520605 1.2374602 1.0964338 1.3710581 1.1872678 0.0000010 0.9422805 1.0848807 1.1880339 1.8126627 
Opea_EP00118_Oscarella_pearsei_P011592                 3.2270268 1.4053727 0.0783763 0.0000000 0.0594665 1.0120667 1.1787542 1.1997418 0.6644787 1.2058311 1.1551957 1.1047110 1.0223460 1.1151631 1.0833754 2.1539269 2.2229864 1.0218916 1.1814899 0.9766380 1.3307632 1.0923926 1.2398533 1.2901928 1.3419165 1.1309032 1.1145834 1.0565186 1.1201679 1.0838656 1.0576668 0.9695467 1.0673082 1.0936817 1.1080097 1.0291012 1.1142952 1.1452921 1.3026253 1.2532205 1.2851585 1.2151885 1.2424987 1.2424987 1.1392453 1.3750466 1.2624176 1.1527796 1.3486533 1.6980457 1.9248241 1.6982313 1.6004763 1.2251954 1.6222678 1.5484461 1.6274821 1.7362205 1.5230288 1.5341291 1.4175940 1.7097814 1.5334647 1.7766732 1.6424916 1.8140456 1.7962980 1.6451452 1.7040589 1.3161038 1.8120848 1.7497463 1.7273157 1.6675254 1.6440149 1.8131185 3.3915265 1.6849628 1.7026615 1.8572167 2.1775994 
Ocar_g2516                                             6.8119382 0.9432471 1.5417103 0.0594665 0.0000000 0.8233443 0.9834355 1.0847371 0.5425480 0.9993467 0.9531442 0.7893468 0.7294929 0.7606764 0.7784866 1.9636129 1.9636129 0.7859256 1.9063002 0.6687053 0.8050132 0.7795852 0.8529259 0.8423218 0.8403383 0.7529080 1.1315727 0.0000010 0.9179168 0.9329350 0.7566802 0.6433028 0.8267128 0.7881400 0.8711312 0.8943976 0.9067978 0.8520450 1.0205309 0.9350951 0.9817034 0.8409769 1.3987622 1.3987622 0.8157170 0.9136328 0.0000010 0.9624644 0.0000010 1.4882984 1.6830874 1.2720170 1.2349740 1.1471424 1.4095061 1.3335547 1.2854787 1.3841037 1.1984837 1.2018850 1.3408383 1.6625730 1.2909220 1.1207147 1.2923774 1.2968939 1.3461004 1.2031543 1.2814019 0.8777322 1.8475703 1.6885798 1.7592962 4.1776944 1.7872058 1.8027045 1.4485014 1.5296281 1.5782280 1.5940447 1.7964388 
Bralan_BLAG05001025_1                                  3.3366883 1.5116865 0.7906073 1.0120667 0.8233443 0.0000000 0.8456764 0.9167232 0.8214942 1.2726814 1.2217298 1.1104351 0.8471830 1.0409393 1.1273355 2.5462269 2.5462269 0.9683666 0.9919898 0.9202032 1.2029249 0.8958518 1.0481526 1.1369493 1.1149035 1.1400365 1.1240075 0.9948008 1.0854171 1.0756839 1.1375013 1.0408719 1.1829993 1.0399103 1.1859885 1.0120779 1.0405606 1.0424858 1.1550448 0.9862604 1.0882490 1.4306046 1.5317152 1.5317152 1.4463821 1.4718049 1.3728186 0.9794211 0.9782197 1.8366317 1.7477913 1.6096655 1.5517203 1.2926357 1.5329713 1.4898955 1.3506799 1.4777546 1.4320225 1.4344842 1.3349398 1.7855283 1.4482946 1.4689007 1.6960666 1.7004646 1.6485575 1.7323066 1.7570322 1.1814479 1.7870365 1.7504829 1.6985561 1.4893427 1.4992800 1.6452552 3.8009154 1.5972863 1.5425305 1.8067929 1.9704025 
Acagra_model.g8893.t1                                  3.7632543 1.7185971 0.7572615 1.1787542 0.9834355 0.8456764 0.0000000 0.7070185 0.9077260 1.3015313 1.2340324 1.1603886 0.8674727 1.0925423 1.0978391 2.6216619 2.6053438 1.1743698 1.2591407 1.1328004 1.2442814 0.9189565 0.9681989 1.0464286 1.0792085 1.0034601 1.0983667 0.9484598 1.0625714 1.0542357 1.1123207 1.0191927 1.0817923 1.0936575 1.1044408 1.1040565 1.0774284 1.1082261 0.8054844 0.9165660 1.0434077 1.2945419 1.2780733 1.2780733 1.2876624 1.4223516 1.1849159 0.9606242 1.0299591 1.9215089 1.9305152 1.8010069 1.7128538 1.3276860 1.5976970 1.5620549 1.3914800 1.7361626 1.5385521 1.5300889 1.3643827 1.6727946 1.5445410 1.6652590 1.5719848 1.7214501 1.5575809 1.7042138 1.5711921 1.0334770 1.6868033 1.7904461 1.7325830 1.5384368 1.4765439 1.6066655 4.5036846 1.7995445 1.8187218 1.9451314 2.1127139 
Cgig_XM_011449547.3                                    3.1183086 1.5210555 0.7962128 1.1997418 1.0847371 0.9167232 0.7070185 0.0000000 1.0484185 1.2911159 1.3215739 1.3101778 0.9382547 1.1205603 1.1946585 2.1824806 2.2034493 1.1455242 1.3720255 1.2196200 1.2707516 1.0130745 1.1385936 1.1979756 1.1963569 1.1084191 1.1227670 1.2156254 1.0455815 1.0745525 1.1671093 1.0411564 1.1573970 1.0833610 0.9655945 1.0965325 1.0707274 1.0798332 0.9367651 0.8704545 1.1142163 1.4705697 1.5052114 1.5052114 1.3054867 1.5382475 1.7011649 1.0999997 1.0414752 2.0186196 1.9358268 1.8637941 1.7916925 1.3868058 1.6410770 1.6107047 1.5495699 1.7847286 1.5254122 1.5372277 1.4861711 1.7393129 1.6142120 1.6937164 1.6520503 1.7406761 1.6015183 1.7987418 1.5850453 1.1808882 1.8344406 1.8385167 1.7686199 1.6541072 1.6193055 1.6130117 4.3605318 1.9439510 1.8569172 1.9595929 2.3470907 
Plajan_Pjan_scaffold22630_01                           2.7711409 1.1407335 0.7069449 0.6644787 0.5425480 0.8214942 0.9077260 1.0484185 0.0000000 1.1329209 1.1478153 1.1090829 0.8769243 0.9768965 0.9459778 7.3031179 7.7331327 0.9631306 1.1436809 1.0790543 1.1722067 1.0525857 0.8727891 0.9496496 1.0903177 0.9376277 0.8844918 1.0610013 0.9009181 0.8541527 0.9611373 0.8701429 0.8447005 0.8936418 0.8006765 0.9320395 1.0191542 1.0486695 0.8388197 0.9957718 0.9892738 1.0486083 1.2420771 1.2420771 0.9075015 1.1844155 1.2780108 1.0268446 1.2844742 1.5837955 1.6221912 1.4167047 1.4419979 1.1463769 1.2883343 1.1569315 1.4149577 1.4976649 1.4382032 1.4442925 1.3680808 1.8345369 1.4874054 1.3992004 1.5438948 1.6876371 1.5831871 1.5053254 1.5330038 0.8288679 1.5115917 1.5219374 1.5508460 1.4013223 1.5645552 1.5544666 4.5429757 1.4044094 1.6129601 1.5268551 2.0023230 
Aque_Aqu2.1.42578_001                                  4.0788911 1.3006990 0.7230080 1.2058311 0.9993467 1.2726814 1.3015313 1.2911159 1.1329209 0.0000000 0.5305431 0.6444136 1.2461285 0.8556193 0.8631120 1.6080414 1.6249224 0.8986458 1.0933515 0.9936577 1.4198117 1.2849324 1.3481018 1.4003276 1.4956344 1.3010094 1.4550251 1.5471824 1.4307166 1.4452290 1.4750440 1.2242390 1.4683680 1.4492036 1.2497419 1.4764891 1.4263007 1.3920534 1.5356166 1.4869232 1.3337082 1.6318757 1.3333504 1.3333504 1.4541312 1.6929476 2.1910974 1.2135333 1.8366455 2.2168146 2.2722731 1.7952550 1.9753764 1.2938752 1.6392385 1.6067848 1.6114818 1.9482712 1.5778865 1.5851806 1.4329582 1.5408216 1.4646573 1.7581297 1.6912464 1.8160737 1.7208427 1.7017768 1.5348881 1.5915213 1.7747274 1.7872803 1.8108610 1.8920047 1.6223715 1.9065045 4.3160215 1.8680091 1.8860798 2.0233148 2.0626192 
Halamb_c48233_g1_i2m.23808                             3.7971315 1.4049772 0.8538089 1.1551957 0.9531442 1.2217298 1.2340324 1.3215739 1.1478153 0.5305431 0.0000000 0.3824929 1.2498486 0.7927118 0.8091241 2.0007303 2.0177788 0.8307372 0.7614621 0.9338049 1.3265076 1.2404671 1.3571847 1.3952214 1.4082680 1.2587583 1.3318554 1.3441843 1.2915027 1.2326223 1.3188678 1.1661029 1.3400619 1.2287090 1.1964980 1.4219261 1.3904687 1.3164583 1.5148849 1.3686302 1.3469199 1.4089837 1.4789838 1.4789838 1.4362898 1.5161468 1.5859726 1.1684476 2.0518603 2.0032717 2.1261867 1.9103588 1.9233131 1.2707600 1.6043525 1.6717097 1.5897620 1.9137313 1.6104267 1.6253585 1.4115519 1.5208206 1.4313506 1.5169848 1.7785447 1.7349206 1.6900593 1.7552158 1.8131205 1.3208410 1.7491043 1.5976716 1.6846082 1.7395992 1.5245282 1.8497410 3.8566221 1.7883968 1.8219731 1.8881285 2.1449917 
Xestes_maker-XT_scaffold1614-augustus-gene-0.30-mRNA-1 3.8949264 1.2788337 0.8282918 1.1047110 0.7893468 1.1104351 1.1603886 1.3101778 1.1090829 0.6444136 0.3824929 0.0000000 1.1886944 0.7520860 0.7480868 1.6487526 1.6653428 0.7544100 0.7420719 0.9303021 1.2756389 1.0940416 1.2956870 1.3073246 1.3255270 1.1499089 1.3322865 1.2678707 1.2462130 1.1864992 1.2545516 1.0916896 1.1971476 1.2287836 1.2422619 1.3436113 1.3141531 1.2675071 1.5048585 1.3319830 1.2953479 1.3265560 1.2099753 1.2099753 1.2012588 1.3704199 1.6770491 1.1602978 2.2708509 1.9919315 2.0742796 1.7723176 1.7576832 1.2304039 1.5809036 1.5351698 1.4604007 1.7775679 1.5589277 1.5719153 1.2780095 1.7284802 1.4494672 1.6066181 1.6596798 1.6440445 1.5734322 1.6691570 1.6390833 1.2933857 1.7762231 1.5793566 1.7518286 1.7144246 1.4971942 1.8003497 3.8908629 1.8822690 1.7677262 1.8741500 2.1762145 
Hsap_ENST00000256497                                   3.6301633 1.6905466 0.7720810 1.0223460 0.7294929 0.8471830 0.8674727 0.9382547 0.8769243 1.2461285 1.2498486 1.1886944 0.0000000 1.1211979 1.1162758 2.2119148 2.2784418 1.1907616 1.4298490 1.0850327 1.3034836 0.9364998 1.1059565 1.1644625 1.1103180 1.0269855 1.1903052 1.2010408 1.1081739 1.1223536 1.1785689 1.0151535 1.1282685 1.2385083 1.1962130 1.0803423 1.2097585 1.1303104 1.0404756 0.9851724 1.0369384 1.4738344 1.4535954 1.4535954 1.3419244 1.4625862 1.5808259 1.0708663 1.6631110 1.7670590 1.7090477 1.5859372 1.4638381 1.0835779 1.4895899 1.4397904 1.2438393 1.5724808 1.4453105 1.4621553 1.4011179 1.8439265 1.4897911 1.7846003 1.7410162 1.7352021 1.5623132 1.7102667 1.4266148 1.1433366 1.6366084 1.5259024 1.6245610 1.3626886 1.4079396 1.6375052 3.3054837 1.6241268 1.5150785 1.6855865 2.0366557 
Emue_Em0001g1336a.t1                                   3.5454089 1.3670755 0.9283565 1.1151631 0.7606764 1.0409393 1.0925423 1.1205603 0.9768965 0.8556193 0.7927118 0.7520860 1.1211979 0.0000000 0.1387660 0.6781818 0.6737545 0.5677615 0.6728099 0.8461218 1.3255211 1.0455038 1.2187696 1.2504482 1.1976670 1.0802527 1.2305235 1.5211185 1.1263255 1.1051346 1.2010409 1.0226348 1.1023807 1.1297740 1.0989437 1.1624582 1.2234700 1.2056808 1.2533986 1.1572611 1.2586104 1.2821798 1.1297712 1.1297712 1.1263044 1.3774301 1.5423965 1.1737047 1.8735486 1.8015502 1.8025144 1.8470855 1.8191973 1.2052927 1.5143045 1.4323216 1.3511559 1.6987694 1.5473674 1.5503818 1.4224647 1.8325165 1.4712463 1.5295671 1.6187266 1.6885738 1.6319847 1.6626104 1.6729587 1.0366877 1.7115499 1.6882485 1.8043049 1.6762784 1.6192374 1.7932136 3.2384111 1.6665035 1.7420139 1.8184860 2.0714508 
Spolac_c101142_g1_i1_m.24645c101142-g1                 3.8031603 1.4537745 0.9119186 1.0833754 0.7784866 1.1273355 1.0978391 1.1946585 0.9459778 0.8631120 0.8091241 0.7480868 1.1162758 0.1387660 0.0000000 0.3014205 0.3052283 0.5640911 0.6885610 0.8662162 1.3890535 1.0242143 1.2937721 1.3458948 1.2826323 1.1850720 1.2759136 1.4454680 1.1675721 1.1609867 1.2396479 0.9581127 1.1235297 1.1684091 1.1965917 1.2025993 1.2805028 1.2258930 1.2868366 1.2213223 1.2941777 1.3250838 1.0318985 1.0318985 1.1833012 1.3962911 1.5899598 1.1706730 1.8150834 1.7917335 1.9814946 1.8985972 1.8240492 1.2544894 1.5763179 1.5282192 1.4136319 1.7663080 1.6071039 1.6233377 1.4727134 1.8432932 1.4978746 1.6048392 1.7423451 1.7999057 1.7466748 1.7208336 1.6933322 1.1810794 1.8544928 1.8054049 1.9302749 1.6556706 1.6196557 1.8834888 3.4437295 1.7914265 1.7824919 1.9027236 2.0466883 
Spolac_c101142_g1_i2_m.24647c101142-g1                 8.9999986 6.6328040 3.2322537 2.1539269 1.9636129 2.5462269 2.6216619 2.1824806 7.3031179 1.6080414 2.0007303 1.6487526 2.2119148 0.6781818 0.3014205 0.0000000 0.0000010 1.5617514 2.9832314 1.5567026 2.8002901 1.9459814 2.8353660 2.9641626 2.5927889 2.5469290 4.0286568 3.3504609 2.3832512 2.2321042 2.4700160 2.0457396 2.4471842 2.4596879 2.4955327 2.1168050 2.0752732 2.1783244 2.9249922 2.2107760 2.2544604 2.6011932 5.1841968 5.1841968 2.4974821 2.4351965 3.3504609 2.3824522 3.3504609 2.9100654 3.0017211 3.3064867 3.3844749 2.3564803 3.0997901 3.1440275 2.3228810 3.0057304 2.3814755 2.4673198 2.5697891 6.7239308 2.2103790 2.3376942 2.8387855 2.9649289 2.8353160 2.0811694 3.7104648 3.1283311 3.1976543 2.8132479 2.9820693 4.4208307 1.9580764 3.3215635 3.0866855 3.4580511 3.5380364 2.9392839 3.0473019 
Spolac_c101142_g1_i3_m.24648c101142-g1                 8.9999985 6.6328040 3.2322537 2.2229864 1.9636129 2.5462269 2.6053438 2.2034493 7.7331327 1.6249224 2.0177788 1.6653428 2.2784418 0.6737545 0.3052283 0.0000010 0.0000000 1.6171147 3.4438741 1.6382246 2.8687070 1.9459814 2.8353660 2.8766474 2.6753367 2.5469290 4.0286568 3.3504609 2.3832512 2.2321042 2.4700160 2.0457396 2.4471842 2.4596879 2.4955327 2.1168050 2.0752732 2.2464643 3.0137322 2.2621501 2.2544604 2.6441478 5.1841968 5.1841968 2.4974821 2.4693746 4.1894231 2.4898088 3.3504609 2.9691892 3.1350400 3.3064867 3.3844749 2.3564803 3.0997901 3.1440275 2.3228810 3.1256927 2.3814755 2.4673198 2.5697891 6.7239308 2.2103790 2.3376942 2.8387855 2.9649289 2.8353160 2.0811694 3.7104648 3.1283311 3.1976543 2.8132479 2.9820693 4.4208307 1.9580764 3.3215635 3.0866855 3.4580511 3.5380364 2.9392839 3.0473019 
Tetwil_g9337.t1                                        3.5765000 1.4084721 0.8815366 1.0218916 0.7859256 0.9683666 1.1743698 1.1455242 0.9631306 0.8986458 0.8307372 0.7544100 1.1907616 0.5677615 0.5640911 1.5617514 1.6171147 0.0000000 0.5512663 0.7800733 1.3342817 1.0559324 1.1946686 1.2896464 1.3002021 1.1620995 1.2356121 1.5023318 1.1383721 1.0974504 1.1921527 0.9497806 1.0377959 1.1149164 0.9969654 1.2819378 1.3034113 1.2492391 1.2969888 1.3165042 1.2787987 1.3008946 1.2430100 1.2430100 1.0968529 1.4178540 1.6796956 1.1414830 1.9891585 1.8529441 1.9059410 1.7994706 1.7500837 1.2196689 1.5074029 1.3985778 1.5112580 1.7394213 1.5566484 1.5594674 1.4403027 1.7696631 1.5152734 1.3916866 1.5724213 1.6596163 1.5500692 1.6394286 1.6520656 1.1473318 1.7648391 1.5923683 1.7169614 1.8374815 1.6328275 1.7428769 2.6311775 1.6266135 1.7542653 1.8630999 2.1489597 
Stycar_maker-SC_scaffold1878-augustus-gene-0.4-mRNA-1  1.9844267 2.3251388 1.0082485 1.1814899 1.9063002 0.9919898 1.2591407 1.3720255 1.1436809 1.0933515 0.7614621 0.7420719 1.4298490 0.6728099 0.6885610 2.9832314 3.4438741 0.5512663 0.0000000 0.9239420 1.6304935 1.3209539 1.3273682 1.4032073 1.4710890 1.1658998 1.2066391 1.2373038 1.1349283 1.2003023 1.2780634 1.6025392 0.6381091 1.1703615 1.6933532 1.3671599 1.2953235 1.4287999 1.1960351 1.3240552 1.2603193 1.3061670 1.5878575 1.5878575 1.0330237 1.4708293 1.3498032 1.3355826 1.6697305 1.7228639 1.9110175 1.9059304 1.9092009 1.1910289 1.6032907 1.1014456 1.5790558 1.7498634 1.7631226 1.7631226 1.2938959 9.0000000 1.8058619 3.9464416 1.7425036 1.7445618 1.7739382 3.5275157 2.3162173 1.0671917 1.9050398 2.1984016 1.9479507 1.5532797 1.8582931 1.6293556 6.0594748 1.6511860 1.8282289 1.7804256 2.1560258 
Plespi_Pspi_scaffold16920_01                           3.4889145 1.4605880 1.1536098 0.9766380 0.6687053 0.9202032 1.1328004 1.2196200 1.0790543 0.9936577 0.9338049 0.9303021 1.0850327 0.8461218 0.8662162 1.5567026 1.6382246 0.7800733 0.9239420 0.0000000 1.2786955 1.1539927 1.0471747 1.1348669 1.2084734 1.0506109 1.1994945 1.3783169 1.1640715 1.0883348 1.1078788 0.8081384 0.8684218 0.9836229 0.7814571 1.1309469 1.0691145 1.0350669 1.1730573 1.0969781 1.1334064 1.1791190 1.3259272 1.3259272 1.0245868 1.1748969 1.4308738 1.1233625 1.7948274 1.7319296 1.7782164 1.6542678 1.6989699 1.2862351 1.5368002 1.4577567 1.5084766 1.5676593 1.5598543 1.5652591 1.4113608 1.6849982 1.4227246 1.1091266 1.6392029 1.6775037 1.5970816 1.5769715 1.7243106 0.9762319 1.7000848 1.6026362 1.5944347 1.8954636 1.6931627 1.5695713 2.3891249 1.6176996 1.6305849 1.5749448 2.0528486 
Morvir_scaffold46.g21.t1                               3.6438803 1.3828393 1.1057705 1.3307632 0.8050132 1.2029249 1.2442814 1.2707516 1.1722067 1.4198117 1.3265076 1.2756389 1.3034836 1.3255211 1.3890535 2.8002901 2.8687070 1.3342817 1.6304935 1.2786955 0.0000000 0.7783314 0.9302473 1.0658018 0.9950634 0.9237449 1.2569310 1.2466145 1.1462170 1.2206378 1.1515765 0.9131549 1.0947744 1.1240840 1.0202176 1.2577586 1.2184528 1.1503933 1.2932704 1.2257262 1.3432204 1.4822858 1.3710222 1.3710222 1.3449824 1.4919074 1.7457277 1.1757291 1.6590590 2.1108017 1.9589794 1.8156959 1.7525230 1.3508825 1.6637563 1.7434701 1.5561464 1.8680918 1.5530611 1.5562502 1.4517750 1.7205443 1.5600473 1.5312855 1.6262599 1.6630101 1.7306581 1.7844800 1.5825694 0.9444512 2.0123651 1.7972084 1.8540702 1.6307639 1.5735695 1.9242765 3.8526372 1.8179705 1.8734113 1.9357664 2.1028373 
Hvul_g22572_1                                          2.6790841 1.4204929 1.1587843 1.0923926 0.7795852 0.8958518 0.9189565 1.0130745 1.0525857 1.2849324 1.2404671 1.0940416 0.9364998 1.0455038 1.0242143 1.9459814 1.9459814 1.0559324 1.3209539 1.1539927 0.7783314 0.0000000 0.6301679 0.6648542 0.6941501 0.5203257 1.0442405 1.2628418 0.9834084 1.0032745 1.0137230 0.7714525 0.7737666 1.0153502 0.7890517 0.8731809 0.9700132 0.9132105 0.9403463 0.9483057 1.0026360 1.1429948 1.8402754 1.8402754 0.9596918 1.3076920 1.2912744 1.0160679 1.7229240 1.6281716 1.6479678 1.4188081 1.5020451 1.1307571 1.2336984 1.2498020 1.2649907 1.4259572 1.1869234 1.1930780 1.0869440 1.6314888 1.3552675 0.9411889 1.1299074 1.3188493 1.3186071 1.2155713 1.4971518 0.4357327 1.7541199 1.6586442 1.7925848 1.8814535 1.6338614 1.6248374 2.1895953 1.4698192 1.5954281 1.6086188 2.0205851 
Rhoesc_Res_013529-T1                                   3.5623364 1.4941605 1.1128000 1.2398533 0.8529259 1.0481526 0.9681989 1.1385936 0.8727891 1.3481018 1.3571847 1.2956870 1.1059565 1.2187696 1.2937721 2.8353660 2.8353660 1.1946686 1.3273682 1.0471747 0.9302473 0.6301679 0.0000000 0.1730844 0.5636456 0.7090056 1.1709694 1.0122008 1.0819018 1.0558782 1.0633936 0.8692058 1.0502708 1.0185696 1.1226805 1.0255907 1.1145654 0.9571340 1.1214167 1.0682004 1.2904553 1.3200949 1.6062422 1.6062422 1.3173796 1.4095478 1.2515427 1.1178214 1.0376219 1.8881577 1.9966119 1.6068923 1.6451629 1.3279672 1.6748565 1.6044841 1.5428152 1.7848825 1.3156266 1.3266809 1.4286157 1.9873246 1.5595399 1.4857968 1.6471885 1.7227216 1.7148335 1.5618977 1.2167054 0.5067615 1.8537285 1.8735385 1.7667209 1.6741536 1.6155871 1.8693094 4.8603446 1.8601195 1.8704031 1.7883292 2.2176199 
Nemnom_g1705.t1                                        3.5776367 1.5781848 1.0505817 1.2901928 0.8423218 1.1369493 1.0464286 1.1979756 0.9496496 1.4003276 1.3952214 1.3073246 1.1644625 1.2504482 1.3458948 2.9641626 2.8766474 1.2896464 1.4032073 1.1348669 1.0658018 0.6648542 0.1730844 0.0000000 0.6598917 0.7880518 1.2196150 1.0391949 1.1649165 1.1090323 1.1527606 0.9147904 1.1184907 1.1137077 1.2249947 1.0820433 1.2348331 1.0658025 1.2058038 1.1762074 1.3495699 1.3451832 1.5091259 1.5091259 1.3149411 1.5113068 1.3154987 1.3021811 1.3622995 1.9683152 1.9719010 1.6268857 1.7239472 1.3444588 1.6842800 1.6668882 1.5506530 1.8214594 1.4261838 1.4379968 1.4392696 1.9072642 1.5568272 1.5420831 1.6841270 1.8161615 1.8291699 1.6090279 1.2373799 0.5426293 1.9056055 1.9910350 1.9420551 1.8272969 1.6593237 1.8892268 4.8032071 2.0416937 1.8769298 1.8337285 2.2031150 
Sanmal_Sma_009269-T1                                   3.6559555 1.2663271 1.0555626 1.3419165 0.8403383 1.1149035 1.0792085 1.1963569 1.0903177 1.4956344 1.4082680 1.3255270 1.1103180 1.1976670 1.2826323 2.5927889 2.6753367 1.3002021 1.4710890 1.2084734 0.9950634 0.6941501 0.5636456 0.6598917 0.0000000 0.7941586 1.1369899 1.0872204 1.0449811 1.0873396 0.9981767 0.7078074 0.9386421 0.9778972 1.0122623 1.0644930 1.1834785 1.0457778 1.2168583 1.1728637 1.3101922 1.3352344 1.4896140 1.4896140 1.3409518 1.6149144 1.3880232 1.2133925 1.8081648 2.0019702 1.9147938 1.5997785 1.5047006 1.2584549 1.6417435 1.6246570 1.5914659 1.6847242 1.3415217 1.3491449 1.3707904 1.8222752 1.4914724 1.2213983 1.4803885 1.6635542 1.7684097 1.4766620 1.3206610 0.5399001 1.8011128 1.7483320 1.8115050 1.7165382 1.6346956 1.7223654 4.3330293 1.9375218 1.8399914 1.7843912 2.1323516 
Chem_TCONS_00070160                                    4.5250708 1.5186019 0.9432653 1.1309032 0.7529080 1.1400365 1.0034601 1.1084191 0.9376277 1.3010094 1.2587583 1.1499089 1.0269855 1.0802527 1.1850720 2.5469290 2.5469290 1.1620995 1.1658998 1.0506109 0.9237449 0.5203257 0.7090056 0.7880518 0.7941586 0.0000000 1.1640119 0.8425749 1.0356407 1.0967697 1.0767350 0.8521938 1.0814177 1.0403354 1.0777438 1.0474164 1.0824125 1.0322694 1.1761970 0.9928802 1.0841175 1.3142624 1.3933782 1.3933782 1.4126299 1.3852751 0.7469470 1.1868036 0.9014217 1.7306716 1.8645601 1.5453279 1.5724342 1.3687300 1.5753348 1.5621471 1.4900786 1.5103101 1.4946232 1.5070457 1.5823857 1.7014258 1.5774902 1.6057943 1.5631699 1.6332598 1.6481099 1.5520009 1.4349868 0.7407883 1.8301303 1.9713016 1.9546451 1.8290500 1.6402658 1.8065647 4.1701439 1.8716743 1.7249857 1.9470688 2.1782986 
Spis_XP_022791460_1                                    2.4627330 1.8697725 0.8149244 1.1145834 1.1315727 1.1240075 1.0983667 1.1227670 0.8844918 1.4550251 1.3318554 1.3322865 1.1903052 1.2305235 1.2759136 4.0286568 4.0286568 1.2356121 1.2066391 1.1994945 1.2569310 1.0442405 1.1709694 1.2196150 1.1369899 1.1640119 0.0000000 0.1239803 0.2317066 0.2794948 0.3635171 0.3813063 0.3841397 0.3398079 0.1234354 0.8398511 0.8168618 0.9656023 1.2856890 1.2754871 1.4325428 1.4631521 1.3366806 1.3366806 1.6227392 1.6118536 1.1901757 1.2017495 1.4668186 1.9948250 2.2094903 2.0274258 2.0184244 1.3794888 1.6115821 1.7500101 1.7352189 1.9714488 1.6840866 1.6761525 1.6082192 1.7888860 1.7690170 2.4398402 2.1464214 1.9795698 1.9627498 2.2050725 2.0959881 1.2215978 1.9503502 1.9120833 2.0477810 1.6455838 1.7807322 2.1257415 6.0573711 2.0350343 2.0290218 2.1469327 2.3521564 
Pocdam_XM_027200971.1                                  0.7266248 1.6302504 0.0000010 1.0565186 0.0000010 0.9948008 0.9484598 1.2156254 1.0610013 1.5471824 1.3441843 1.2678707 1.2010408 1.5211185 1.4454680 3.3504609 3.3504609 1.5023318 1.2373038 1.3783169 1.2466145 1.2628418 1.0122008 1.0391949 1.0872204 0.8425749 0.1239803 0.0000000 0.2132600 0.2460551 0.3515641 8.7046741 0.0352611 0.3973365 0.0000010 0.9793673 0.9152038 0.6511223 0.9283710 1.2101398 1.1012751 1.2413789 0.0000010 0.0000010 0.0000010 1.1539050 1.0542215 1.1088388 1.3677239 1.2034464 1.5331440 1.7307321 1.8550114 0.5548763 1.2866888 1.0329574 1.3309501 1.6671714 1.2479148 1.2479148 0.5025280 0.0000010 1.3640999 0.0000010 0.0000010 1.2255936 1.2263458 1.2803148 2.0604136 0.6271908 1.1116172 1.4182931 1.4382230 0.9053869 1.0560290 1.2492450 8.9999980 1.6013734 1.5129920 1.4995748 1.6517198 
Fspp_ffun1.m4.115.m1                                   2.9800447 2.0895695 0.8324988 1.1201679 0.9179168 1.0854171 1.0625714 1.0455815 0.9009181 1.4307166 1.2915027 1.2462130 1.1081739 1.1263255 1.1675721 2.3832512 2.3832512 1.1383721 1.1349283 1.1640715 1.1462170 0.9834084 1.0819018 1.1649165 1.0449811 1.0356407 0.2317066 0.2132600 0.0000000 0.1972749 0.3398751 0.3767034 0.4017554 0.2880645 0.2007089 0.7822509 0.7342339 0.8810249 1.2278591 1.2091673 1.2847599 1.3681667 1.3694820 1.3694820 1.3989298 1.4530381 1.1737878 1.0783817 1.6254009 1.9054194 2.0600028 1.8202790 1.8075702 1.2769848 1.5579595 1.5833690 1.4770440 1.7510169 1.5301096 1.5368473 1.4808573 2.2529709 1.6823169 1.9229407 1.7939898 1.7065128 1.7274659 2.0880133 1.9162887 1.1422078 1.7691493 1.9311060 1.9003704 1.5484385 1.5568190 1.8597307 3.8345250 1.9190129 1.8882803 1.9853861 2.2434792 
Gasp_gasp1.m3.7800.m1                                  2.8132077 1.5923163 0.8801801 1.0838656 0.9329350 1.0756839 1.0542357 1.0745525 0.8541527 1.4452290 1.2326223 1.1864992 1.1223536 1.1051346 1.1609867 2.2321042 2.2321042 1.0974504 1.2003023 1.0883348 1.2206378 1.0032745 1.0558782 1.1090323 1.0873396 1.0967697 0.2794948 0.2460551 0.1972749 0.0000000 0.3452102 0.3764414 0.3985176 0.3056561 0.2569208 0.7658477 0.7588374 0.8543072 1.1794672 1.2030561 1.3074741 1.3271125 1.3363688 1.3363688 1.3361258 1.3884951 1.1018148 1.0468395 1.4862268 1.6787296 1.8464903 1.7099980 1.6823085 1.2157699 1.5227309 1.5917401 1.4539049 1.7394498 1.5334368 1.5399819 1.4584454 1.8875283 1.6708838 1.9083907 1.7358570 1.6840194 1.6637813 1.9466901 1.9020366 1.1122108 1.6460498 1.8011147 1.8486951 1.4937691 1.4716185 1.8266684 3.5889191 1.7229844 1.8292939 1.7758529 2.2064100 
Amil_Amillepora18458-RA                                2.8570755 1.8381502 1.0161250 1.0576668 0.7566802 1.1375013 1.1123207 1.1671093 0.9611373 1.4750440 1.3188678 1.2545516 1.1785689 1.2010409 1.2396479 2.4700160 2.4700160 1.1921527 1.2780634 1.1078788 1.1515765 1.0137230 1.0633936 1.1527606 0.9981767 1.0767350 0.3635171 0.3515641 0.3398751 0.3452102 0.0000000 0.0321133 0.0536345 0.2649059 0.3312474 0.8160308 0.8032451 0.8475513 1.1201738 1.2520887 1.3921038 1.3471034 1.4707585 1.4707585 1.4004583 1.4876512 1.2142938 1.0623834 1.4610365 1.9016553 2.1318299 1.7809501 1.7989983 1.3345441 1.5178855 1.7327989 1.5515826 1.8994135 1.5058210 1.5129075 1.4799104 1.8745758 1.7043794 1.8075188 1.9351351 1.8018305 1.7795295 1.8774202 2.0481411 1.1007112 1.8476124 1.8618785 1.9838414 1.7803742 1.6736141 2.0231373 3.4179410 1.7787878 1.9139310 1.9963579 2.2195665 
Adig_XM_015920828.1                                    8.1342609 1.3977298 0.9556381 0.9695467 0.6433028 1.0408719 1.0191927 1.0411564 0.8701429 1.2242390 1.1661029 1.0916896 1.0151535 1.0226348 0.9581127 2.0457396 2.0457396 0.9497806 1.6025392 0.8081384 0.9131549 0.7714525 0.8692058 0.9147904 0.7078074 0.8521938 0.3813063 8.7046741 0.3767034 0.3764414 0.0321133 0.0000000 0.0445779 0.2610161 0.3229837 0.7170556 0.7447310 0.9386239 1.0506499 1.0566771 1.2633171 1.2822598 1.5246948 1.5246948 1.3942741 1.3524385 8.7046741 0.9447467 9.0000000 2.0106800 2.1134028 1.6083871 1.7915358 1.6139707 1.5856643 1.8827158 1.6115300 1.6614334 1.2834709 1.2893253 1.5156485 1.7933881 1.3827017 1.4353802 1.6075056 1.6820354 1.6218299 1.4978147 1.5720134 0.8594800 1.9893654 1.9221354 2.1184015 2.9595476 1.7692136 2.2050476 2.0972840 1.8363473 1.8164099 1.9985690 1.9596591 
Adig_XM_015895597.1                                    3.4575756 2.6244445 1.0384471 1.0673082 0.8267128 1.1829993 1.0817923 1.1573970 0.8447005 1.4683680 1.3400619 1.1971476 1.1282685 1.1023807 1.1235297 2.4471842 2.4471842 1.0377959 0.6381091 0.8684218 1.0947744 0.7737666 1.0502708 1.1184907 0.9386421 1.0814177 0.3841397 0.0352611 0.4017554 0.3985176 0.0536345 0.0445779 0.0000000 0.2787361 0.4299359 0.8235419 0.8514239 0.8823305 1.2568648 1.1469131 1.4188133 1.3877830 1.6870670 1.6870670 1.7971804 1.3271503 0.4535170 0.9959504 0.6267189 2.0184335 2.0762294 1.7558676 1.9441165 1.4362295 1.7752218 1.9768970 1.6274151 2.0127857 1.3359757 1.3461042 1.5415911 2.0442824 1.5505688 2.0197879 1.9996007 1.6571571 1.6000828 1.7906211 1.5133546 1.1362426 2.0019164 1.8943023 2.0924190 1.7420548 1.6040862 2.2291437 2.8788137 1.9717525 1.9576547 2.0342209 1.9904970 
Gfas_gfas1.m1.8986.m1                                  2.8119893 1.6072895 0.8174404 1.0936817 0.7881400 1.0399103 1.0936575 1.0833610 0.8936418 1.4492036 1.2287090 1.2287836 1.2385083 1.1297740 1.1684091 2.4596879 2.4596879 1.1149164 1.1703615 0.9836229 1.1240840 1.0153502 1.0185696 1.1137077 0.9778972 1.0403354 0.3398079 0.3973365 0.2880645 0.3056561 0.2649059 0.2610161 0.2787361 0.0000000 0.2882517 0.7513656 0.6998701 0.8150555 1.2059130 1.1503211 1.3291066 1.3663280 1.3818155 1.3818155 1.5219176 1.4209696 1.1376554 1.0203707 1.4813809 1.9059448 2.1447076 1.7887024 1.6826894 1.2604392 1.7035466 1.7608375 1.6051105 1.8881372 1.5386289 1.5455375 1.4559640 1.8373358 1.6246755 1.8156028 1.7881368 1.7379702 1.6600078 1.8827825 1.8111436 1.0606367 1.8614651 1.8542484 1.8345854 1.5974858 1.5397887 1.9232010 3.7407880 1.8965314 1.9318909 1.9657775 2.0549857 
Pocdam_XM_027200968.1                                  7.0255669 1.4477296 0.6025799 1.1080097 0.8711312 1.1859885 1.1044408 0.9655945 0.8006765 1.2497419 1.1964980 1.2422619 1.1962130 1.0989437 1.1965917 2.4955327 2.4955327 0.9969654 1.6933532 0.7814571 1.0202176 0.7890517 1.1226805 1.2249947 1.0122623 1.0777438 0.1234354 0.0000010 0.2007089 0.2569208 0.3312474 0.3229837 0.4299359 0.2882517 0.0000000 0.6644240 0.6340014 0.9581066 1.3436022 1.2006545 1.2710534 1.3281218 1.3010101 1.3010101 1.4871916 1.4306955 0.0000010 0.9967352 0.0000010 2.3402016 2.3983694 1.8088504 1.7378202 1.4435652 1.9183612 2.0787289 1.7461539 2.0903241 1.4793795 1.4976875 1.7860454 1.8975085 1.5474925 1.7965500 1.6393858 1.6822811 1.6932003 1.6871992 1.2842369 1.2201330 2.1292634 1.9323214 2.0040648 2.8355402 1.7913133 2.5477238 3.3610935 2.2845763 1.9847496 2.1619613 2.1929174 
Exapal_XM_028660688.1                                  2.8876558 1.6886000 1.0689675 1.0291012 0.8943976 1.0120779 1.1040565 1.0965325 0.9320395 1.4764891 1.4219261 1.3436113 1.0803423 1.1624582 1.2025993 2.1168050 2.1168050 1.2819378 1.3671599 1.1309469 1.2577586 0.8731809 1.0255907 1.0820433 1.0644930 1.0474164 0.8398511 0.9793673 0.7822509 0.7658477 0.8160308 0.7170556 0.8235419 0.7513656 0.6644240 0.0000000 0.4724392 0.8855649 1.1915502 1.1557590 1.2258203 1.4920968 1.6600723 1.6600723 1.4724266 1.4981560 1.4186432 1.0264048 1.1569015 1.9365489 1.9853438 1.6029411 1.6031522 1.3141147 1.5111466 1.7842078 1.4221087 1.7703379 1.4523668 1.4726092 1.5727363 1.8100467 1.6089021 1.6923025 1.8412514 1.8924964 1.7983177 1.8205637 1.6232623 1.0988520 1.9485539 1.6858866 1.6564527 1.5493028 1.5408830 1.7136936 3.4841221 1.8890179 1.7283987 1.9231002 2.1593125 
Nvec_v1g199864                                         3.1939269 1.6545696 0.9831213 1.1142952 0.9067978 1.0405606 1.0774284 1.0707274 1.0191542 1.4263007 1.3904687 1.3141531 1.2097585 1.2234700 1.2805028 2.0752732 2.0752732 1.3034113 1.2953235 1.0691145 1.2184528 0.9700132 1.1145654 1.2348331 1.1834785 1.0824125 0.8168618 0.9152038 0.7342339 0.7588374 0.8032451 0.7447310 0.8514239 0.6998701 0.6340014 0.4724392 0.0000000 0.9743109 1.2497660 1.1949062 1.3539385 1.5710122 1.6854565 1.6854565 1.6066280 1.4881261 1.4289853 1.1378119 1.1074988 2.0348568 2.0427926 1.7710200 1.8177885 1.2934024 1.6659251 1.6181989 1.3319093 1.8470533 1.6682801 1.6782438 1.6277041 1.9318079 1.7077090 1.8135689 1.9167210 1.9949970 1.9485578 1.8288508 1.9309400 1.3302931 1.8528162 1.8896217 1.8629521 1.7847538 1.7290215 1.8666281 3.6443491 1.8718539 1.8106604 2.0737668 2.2623802 
Dgig_XM_028558623.1                                    2.2993599 1.3435544 0.9555676 1.1452921 0.8520450 1.0424858 1.1082261 1.0798332 1.0486695 1.3920534 1.3164583 1.2675071 1.1303104 1.2056808 1.2258930 2.1783244 2.2464643 1.2492391 1.4287999 1.0350669 1.1503933 0.9132105 0.9571340 1.0658025 1.0457778 1.0322694 0.9656023 0.6511223 0.8810249 0.8543072 0.8475513 0.9386239 0.8823305 0.8150555 0.9581066 0.8855649 0.9743109 0.0000000 1.1433788 1.0779228 1.2152115 1.3946747 1.4660412 1.4660412 1.3287279 1.3393389 1.3274410 1.1301766 1.3985617 1.9678842 2.0353664 1.8237123 1.6279724 1.2435294 1.6308048 1.6293157 1.4502238 1.6813759 1.4801334 1.5021678 1.4172182 1.6654553 1.5118164 1.5829099 1.6310339 1.6759957 1.6665860 1.6000612 1.3517306 1.0509639 1.7099596 1.7369090 1.6636261 1.6143855 1.5994670 1.8569776 3.4602175 1.8213403 1.8907506 1.7274146 2.1846840 
Ctel_gnl_WGS_AMQN_CAPTEDRAFT_mRNA106603                3.3215831 1.5191534 0.9227643 1.3026253 1.0205309 1.1550448 0.8054844 0.9367651 0.8388197 1.5356166 1.5148849 1.5048585 1.0404756 1.2533986 1.2868366 2.9249922 3.0137322 1.2969888 1.1960351 1.1730573 1.2932704 0.9403463 1.1214167 1.2058038 1.2168583 1.1761970 1.2856890 0.9283710 1.2278591 1.1794672 1.1201738 1.0506499 1.2568648 1.2059130 1.3436022 1.1915502 1.2497660 1.1433788 0.0000000 1.0826220 1.2030960 1.3042611 1.1476900 1.1476900 1.3724425 1.6272876 1.1529558 1.0896385 0.8165943 1.8607980 1.9302539 1.7071331 1.7043609 1.2705043 1.5639777 1.6685678 1.3569742 1.7899386 1.6188765 1.6338560 1.4858013 1.6940383 1.6683694 1.8670232 1.6836862 1.7572995 1.6745544 1.8350167 1.5825372 1.0224133 1.8140383 1.8046988 1.8366161 1.5852428 1.5788645 1.7858177 4.6501154 1.9495166 1.9118205 1.9063645 2.3253645 
Cscu_XM_023368415.1                                    3.6347623 1.4654525 0.8824081 1.2532205 0.9350951 0.9862604 0.9165660 0.8704545 0.9957718 1.4869232 1.3686302 1.3319830 0.9851724 1.1572611 1.2213223 2.2107760 2.2621501 1.3165042 1.3240552 1.0969781 1.2257262 0.9483057 1.0682004 1.1762074 1.1728637 0.9928802 1.2754871 1.2101398 1.2091673 1.2030561 1.2520887 1.0566771 1.1469131 1.1503211 1.2006545 1.1557590 1.1949062 1.0779228 1.0826220 0.0000000 1.0701030 1.5809565 1.4383688 1.4383688 1.4523214 1.5590239 1.7024860 1.1641923 1.2881213 1.9871335 2.0529708 1.7955012 1.7766135 1.4255386 1.6096626 1.6246947 1.4902005 1.8231638 1.6610561 1.6614261 1.6055826 2.1114999 1.6130173 1.8591719 1.8320269 1.8879074 1.7116785 2.0364967 1.6500510 1.1119791 1.8227039 1.7556896 1.6418643 1.6479725 1.5562108 1.7732616 3.9906932 1.9209815 1.9841754 1.8710125 2.4518594 
Dpul_mRNA548                                           3.1921404 1.6130005 0.8048900 1.2851585 0.9817034 1.0882490 1.0434077 1.1142163 0.9892738 1.3337082 1.3469199 1.2953479 1.0369384 1.2586104 1.2941777 2.2544604 2.2544604 1.2787987 1.2603193 1.1334064 1.3432204 1.0026360 1.2904553 1.3495699 1.3101922 1.0841175 1.4325428 1.1012751 1.2847599 1.3074741 1.3921038 1.2633171 1.4188133 1.3291066 1.2710534 1.2258203 1.3539385 1.2152115 1.2030960 1.0701030 0.0000000 1.4891349 1.5831602 1.5831602 1.4231973 1.5642404 1.4607954 1.0888299 1.2725096 2.0763255 2.1249837 1.8856925 1.8405507 1.3168088 1.6844822 1.5718145 1.5699022 1.9648817 1.6046476 1.6098022 1.5048445 1.7940074 1.5707681 1.6357888 1.7973456 1.7323600 1.7634176 1.8938757 1.5207640 1.2837657 1.6911577 1.8477964 1.8502990 1.5896769 1.5523981 1.8317409 4.7082245 1.8741095 2.0438572 2.0489657 2.1879230 
Scil_scict004503.1                                     3.6040527 0.9108629 0.9450360 1.2151885 0.8409769 1.4306046 1.2945419 1.4705697 1.0486083 1.6318757 1.4089837 1.3265560 1.4738344 1.2821798 1.3250838 2.6011932 2.6441478 1.3008946 1.3061670 1.1791190 1.4822858 1.1429948 1.3200949 1.3451832 1.3352344 1.3142624 1.4631521 1.2413789 1.3681667 1.3271125 1.3471034 1.2822598 1.3877830 1.3663280 1.3281218 1.4920968 1.5710122 1.3946747 1.3042611 1.5809565 1.4891349 0.0000000 0.3902355 0.3902355 0.3373085 0.5915944 0.4120167 1.3985117 2.0386632 1.9857706 2.0211793 1.6725275 1.6432625 1.3000021 1.6666792 1.6707383 1.4919113 1.7988137 1.6952912 1.7031714 1.5155465 1.5897694 1.6598057 1.9072778 1.6154011 1.7174577 1.6667844 1.8364099 1.4987250 1.2931221 1.5914540 1.6867797 1.7507193 1.5198393 1.4135069 1.6283007 3.6172737 1.6881093 1.8965495 1.7665475 2.2154767 
Leuniv_Lniv_scaffold8164_01                            5.9623878 4.7716672 1.0275825 1.2424987 1.3987622 1.5317152 1.2780733 1.5052114 1.2420771 1.3333504 1.4789838 1.2099753 1.4535954 1.1297712 1.0318985 5.1841968 5.1841968 1.2430100 1.5878575 1.3259272 1.3710222 1.8402754 1.6062422 1.5091259 1.4896140 1.3933782 1.3366806 0.0000010 1.3694820 1.3363688 1.4707585 1.5246948 1.6870670 1.3818155 1.3010101 1.6600723 1.6854565 1.4660412 1.1476900 1.4383688 1.5831602 0.3902355 0.0000000 0.0000010 0.3417166 0.8754783 0.0000010 1.4748825 0.0000010 2.2451548 2.2623956 1.9320666 1.7358190 1.9982540 1.5196456 1.6380610 1.7716231 1.6948355 1.6824257 1.6824257 1.6978716 1.2719728 1.7303442 1.3144669 1.7418698 1.9175491 2.0106931 1.7176062 2.0224663 1.5026300 1.5497675 1.9300115 2.1386309 1.6548592 1.7054391 1.8026523 2.1528264 1.7003969 1.9476001 1.8247557 2.5808994 
Leuniv_Lniv_scaffold8165_01                            5.9623878 4.7716672 1.0275825 1.2424987 1.3987622 1.5317152 1.2780733 1.5052114 1.2420771 1.3333504 1.4789838 1.2099753 1.4535954 1.1297712 1.0318985 5.1841968 5.1841968 1.2430100 1.5878575 1.3259272 1.3710222 1.8402754 1.6062422 1.5091259 1.4896140 1.3933782 1.3366806 0.0000010 1.3694820 1.3363688 1.4707585 1.5246948 1.6870670 1.3818155 1.3010101 1.6600723 1.6854565 1.4660412 1.1476900 1.4383688 1.5831602 0.3902355 0.0000010 0.0000000 0.3417166 0.8754783 0.0000010 1.4748825 0.0000010 2.2451548 2.2623956 1.9320666 1.7358190 1.9982540 1.5196456 1.6380610 1.7716231 1.6948355 1.6824257 1.6824257 1.6978716 1.2719728 1.7303442 1.3144669 1.7418698 1.9175491 2.0106931 1.7176062 2.0224663 1.5026300 1.5497675 1.9300115 2.1386309 1.6548592 1.7054391 1.8026523 2.1528264 1.7003969 1.9476001 1.8247557 2.5808994 
Gracom_Gcom_scaffold17739_01                           8.0425039 0.6677731 0.9704667 1.1392453 0.8157170 1.4463821 1.2876624 1.3054867 0.9075015 1.4541312 1.4362898 1.2012588 1.3419244 1.1263044 1.1833012 2.4974821 2.4974821 1.0968529 1.0330237 1.0245868 1.3449824 0.9596918 1.3173796 1.3149411 1.3409518 1.4126299 1.6227392 0.0000010 1.3989298 1.3361258 1.4004583 1.3942741 1.7971804 1.5219176 1.4871916 1.4724266 1.6066280 1.3287279 1.3724425 1.4523214 1.4231973 0.3373085 0.3417166 0.3417166 0.0000000 0.6528992 0.0000010 1.3367595 0.0000010 2.3233808 2.0326738 1.8497981 1.7138101 1.7049411 1.7669008 1.8752990 1.4943686 1.9265949 1.5402497 1.5422540 1.6567660 1.6222539 1.6670916 1.7284006 1.6808096 1.7208246 1.8177471 1.6731592 1.3925529 1.4036356 1.9828272 1.7771029 1.8482575 1.7534005 1.6081598 1.8237768 3.4485549 1.9499591 1.8973007 1.8214806 2.3356760 
Lcom_lcpid60261                                        3.9590779 1.1062792 1.1740448 1.3750466 0.9136328 1.4718049 1.4223516 1.5382475 1.1844155 1.6929476 1.5161468 1.3704199 1.4625862 1.3774301 1.3962911 2.4351965 2.4693746 1.4178540 1.4708293 1.1748969 1.4919074 1.3076920 1.4095478 1.5113068 1.6149144 1.3852751 1.6118536 1.1539050 1.4530381 1.3884951 1.4876512 1.3524385 1.3271503 1.4209696 1.4306955 1.4981560 1.4881261 1.3393389 1.6272876 1.5590239 1.5642404 0.5915944 0.8754783 0.8754783 0.6528992 0.0000000 0.5610481 1.4612342 2.0841105 2.1464003 1.9748585 1.8902425 1.8004753 1.4328368 1.7793238 1.9164601 1.5725642 2.0301646 1.8728135 1.8769532 1.6728619 1.7288687 1.7422645 1.9436357 1.8800339 1.9280044 1.9193427 1.8973707 1.7769499 1.5650209 1.7326911 1.7662420 1.7622008 1.6270336 1.5684224 1.7517762 3.1181736 1.6578142 1.9756278 1.8285510 2.3408446 
