74
Emue_Em0009g975a.t1                                    0.0000000 0.1511414 0.3176901 0.3176901 1.4155666 1.1353536 1.1871775 1.0867748 1.7700215 2.2683680 2.1166318 1.9938177 1.8708919 1.7365827 2.1215119 2.5867736 1.9551788 2.1394154 1.8640351 1.8109761 2.0932704 1.8303067 2.1395325 2.1594894 2.4677411 2.4291171 2.2001672 1.9885105 1.9443981 2.3947578 2.2170610 1.9705441 1.9978021 2.0007764 1.7888073 1.8056329 2.0747131 1.8317092 1.6311302 2.8989405 2.4192256 2.2114810 2.4860465 1.8406949 1.8529790 2.2126441 2.2660746 2.3043554 2.4012757 1.7758336 1.6004118 2.2638403 2.2638403 2.0619739 2.6110825 2.7194481 2.4099093 2.1376631 2.1757620 2.2345008 2.1937574 2.1937574 2.3319543 2.2033457 2.5944905 2.5944905 2.2635916 2.5708240 2.1745962 2.0212581 2.3598846 2.6376792 2.6440044 2.6226375 
Spolac_c99966_g1_i2_m.21106c99966-g1                   0.1511414 0.0000000 0.1113780 0.1113780 1.9433904 1.6498944 1.8567898 1.3795616 2.1566506 2.6585933 2.2175596 2.8702066 2.2922044 2.0041994 2.5170246 2.8197402 2.7484913 2.9806137 2.6362569 2.0549179 2.6758982 2.6090319 2.8840526 2.8331475 3.0853593 2.5027358 2.8348496 2.8048056 2.8959922 2.8395221 3.2126126 2.3124638 2.3573839 2.7638437 2.1565173 2.2788494 2.4143074 2.1682240 1.9793205 4.6204359 3.8974213 2.7415721 2.8033604 1.7375337 2.1636710 2.4896408 2.5377856 2.7603222 2.7345507 2.2731282 2.4267096 2.7820985 2.7820985 2.7617094 3.1389218 2.9601940 2.8839035 3.0119534 2.9983071 3.2184028 2.8278476 2.8233268 3.1348894 3.2412062 3.4148258 3.4171302 2.9306954 2.9009281 2.8785558 2.6343635 3.2597676 3.5233472 3.1284066 2.5850483 
Spolac_c100228_g1_i1_m.21870c100228-g1                 0.3176901 0.1113780 0.0000000 0.0000010 1.9139726 1.8294715 2.1372108 1.4350782 2.3363990 2.7681415 2.5423405 2.9468871 2.2697074 2.3108555 2.6018818 2.8409599 2.5709960 2.5709960 2.5291352 2.1114434 2.8098441 2.7759166 2.6458080 2.9058101 2.7909740 2.1273842 2.8923036 2.6577172 2.8492449 2.6041594 3.1745639 2.4778937 2.4778937 2.8727526 2.1997037 2.6084312 2.5340516 2.0746365 2.1618584 4.7925514 4.1014121 3.1426521 2.5847367 1.6366232 2.2485393 2.4607743 2.4756917 2.9045044 2.8506250 2.4389364 2.5344448 2.8483977 2.8483977 2.7678471 3.5617361 3.2927719 3.1062414 3.0789303 3.0974507 3.4546979 2.9684587 2.9632097 3.3871573 3.1392189 3.2735395 3.3094721 3.3727430 3.3017626 3.3285773 2.9952539 3.3736692 3.3736692 2.8212847 2.3534763 
Spolac_c100228_g1_i2_m.21871c100228-g1                 0.3176901 0.1113780 0.0000010 0.0000000 1.9139726 1.8294715 2.1372108 1.4350782 2.3363990 2.7681415 2.5423405 2.9468871 2.2697074 2.3108555 2.6018818 2.8409599 2.5709960 2.5709960 2.5291352 2.1114434 2.8098441 2.7759166 2.6458080 2.9058101 2.7909740 2.1273842 2.8923036 2.6577172 2.8492449 2.6041594 3.1745639 2.4778937 2.4778937 2.8727526 2.1997037 2.6084312 2.5340516 2.0746365 2.1618584 4.7925514 4.1014121 3.1426521 2.5847367 1.6366232 2.2485393 2.4607743 2.4756917 2.9045044 2.8506250 2.4389364 2.5344448 2.8483977 2.8483977 2.7678471 3.5617361 3.2927719 3.1062414 3.0789303 3.0974507 3.4546979 2.9684587 2.9632097 3.3871573 3.1392189 3.2735395 3.3094721 3.3727430 3.3017626 3.3285773 2.9952539 3.3736692 3.3736692 2.8212847 2.3534763 
Xestes_maker-XT_scaffold2431-augustus-gene-0.22-mRNA-1 1.4155666 1.9433904 1.9139726 1.9139726 0.0000000 1.1521853 1.2856900 2.3632963 3.7292373 4.0717609 3.8624302 3.2095151 3.0492134 2.8849637 2.6915113 4.6047970 4.6705855 5.0771014 3.6467198 4.0294998 3.3257102 3.5734046 3.6443384 3.4464411 4.1759346 3.5137901 4.3074438 3.8000468 4.5961214 2.9872824 2.7950647 3.0648007 3.7351835 4.0013650 3.4792678 3.1442464 3.2438717 3.3432243 2.6596413 4.4601877 4.8582128 3.4192987 3.7302641 2.6237776 3.3209697 3.8191244 3.9221424 2.9227588 3.1702570 3.1401631 3.2103145 3.7852036 3.7852036 3.4579859 4.1128489 4.4569063 3.3098189 3.2190724 3.6291128 3.4217554 3.2196314 3.3215624 3.5754464 3.0364403 2.5850904 2.6697138 5.0361066 4.7032777 4.3645366 4.2683871 3.7675394 5.2148497 4.0283797 4.9034852 
Aque_Aqu2.1.26027_001                                  1.1353536 1.6498944 1.8294715 1.8294715 1.1521853 0.0000000 0.9121541 1.6246334 2.4128003 2.6927799 2.5397851 3.0595255 2.8086690 2.1381253 2.3313705 3.0138550 2.5786733 2.6313553 2.5481090 2.2262832 2.7669818 2.7339123 2.8693642 3.0606495 2.7008955 2.1563187 3.1207142 2.5757462 2.5403983 2.4241990 3.1092804 2.4016602 2.5569241 2.6127494 2.7842196 2.4327762 2.2176993 1.8185483 2.0288675 3.3952816 3.1778969 3.1834544 2.3477682 2.1408641 2.2387423 3.0708845 3.1740593 2.7431641 2.7723341 3.1223190 3.4330432 2.5606961 2.5606961 2.4375248 3.4361541 3.2975956 2.8359764 2.8518888 2.7011691 2.6517963 2.5784805 2.6274646 2.9499054 3.2015046 3.2302851 3.1353285 3.6068852 4.1084070 3.2294019 3.5572598 2.8379585 3.2090217 2.8801071 2.3690280 
Halamb_c42231_g1_i1m.14693                             1.1871775 1.8567898 2.1372108 2.1372108 1.2856900 0.9121541 0.0000000 2.2280106 2.7556436 2.7429273 2.8857468 2.6909466 2.7195824 3.2534438 3.2656006 2.9448482 2.8765217 3.2043027 2.6810607 2.5898928 3.2899279 3.0615774 3.2633441 3.0400067 3.1856116 2.0517352 3.2152517 2.8426766 3.4406328 2.5002961 3.1667364 2.4596938 2.5288160 3.0129632 3.0979406 3.4695135 2.8185109 2.0940235 2.1753841 3.9038506 3.7031915 2.8291480 2.4238269 2.2779677 2.5336225 3.4379834 3.3207119 2.6607401 2.7449850 3.2198374 3.3831533 3.0201266 3.0201266 2.5437572 3.8208595 3.4491510 3.0975901 3.1074017 3.2773094 3.1707427 3.2002802 3.2667122 3.7765562 4.1409886 3.4357299 3.3431195 3.8056571 3.4336256 2.7108483 4.0630143 3.6228765 3.7677252 3.0565393 2.2051606 
Tetwil_g18051.t2                                       1.0867748 1.3795616 1.4350782 1.4350782 2.3632963 1.6246334 2.2280106 0.0000000 2.3932805 2.4900190 2.1732784 2.0188946 2.1071869 1.7879931 2.0090311 2.5740598 2.0901254 2.2942829 2.0593826 2.2403350 2.7614567 2.5749314 2.3858402 2.6418632 2.5056095 2.1171242 2.4133309 2.6610374 2.4903211 2.1763691 2.7755749 2.2806866 2.3047586 2.3654495 2.6539456 2.3209493 2.3068645 1.7348280 1.8384390 3.9003589 3.0076080 2.4526895 2.3047472 1.6396760 2.5777358 2.9859314 3.0230295 2.6863405 2.5961669 2.9965270 3.1179741 2.9328629 2.9328629 2.6017813 2.8948943 3.1119059 3.0373516 3.0782131 2.7133842 2.8434022 2.5785433 2.5354273 3.0576556 3.0685293 2.4411626 2.4990728 3.6216546 2.9957657 2.9547050 3.3685514 3.2028453 3.3237064 3.1075058 2.0260816 
Exapal_XM_021036416.2                                  1.7700215 2.1566506 2.3363990 2.3363990 3.7292373 2.4128003 2.7556436 2.3932805 0.0000000 2.5880032 2.5161816 1.6725783 2.2198299 1.9404703 2.0970744 1.5645572 1.9645245 1.7764708 1.6492613 1.7715310 1.5203668 1.6858794 1.5299142 1.3371096 1.5421681 1.6629668 1.3759458 2.6686769 2.6375347 2.0748662 1.9373561 1.5962603 2.1340510 2.6598266 1.6692570 2.1940957 1.8379223 1.8815777 1.4378465 3.2378968 3.1737119 2.4033303 3.0539961 1.7824031 3.1350276 3.3237648 3.3013805 2.9945022 2.5979854 3.3071920 3.4838056 3.5696425 3.5696425 2.7090894 3.5879508 3.4454864 3.1795549 2.2957143 1.9313272 1.8359319 1.9816742 1.9313312 2.0142416 1.6818034 2.3896284 2.3896284 2.6066892 3.3102863 2.0771249 2.6435304 3.0811352 3.3725463 3.9653333 3.5116867 
Acagra_model.g9857.t1                                  2.2683680 2.6585933 2.7681415 2.7681415 4.0717609 2.6927799 2.7429273 2.4900190 2.5880032 0.0000000 1.0872886 1.5875534 1.3364441 1.6741514 1.7639032 2.7037821 1.8487437 1.9856716 2.1718785 1.9137819 2.5947508 2.7915838 2.4751079 2.6751220 2.3886892 2.4775272 2.4814961 2.2397927 2.5016789 2.2146531 1.9221094 1.8330655 2.1768473 2.5195387 2.0603903 2.8167021 2.0143409 2.2107362 1.9285212 3.0817240 2.5797817 3.0914437 2.5535133 1.7230042 2.6302222 3.6216603 3.5951304 3.5378530 3.3994394 3.7647807 3.2675475 3.7491628 3.7491628 2.9433312 4.3976582 3.9882545 4.0865067 3.0997125 2.3596508 2.2807533 2.3107478 2.3218716 2.1229330 1.7275465 3.0467535 3.0467535 2.9671686 3.5828366 2.3831274 2.9299148 3.1208347 3.1332528 3.9810279 2.5549499 
Cgig_XM_011414154.3                                    2.1166318 2.2175596 2.5423405 2.5423405 3.8624302 2.5397851 2.8857468 2.1732784 2.5161816 1.0872886 0.0000000 1.3484374 1.3098438 2.0924758 1.8859301 2.3450118 2.2978886 2.1929079 1.9523939 2.2333826 2.7409526 3.2270607 2.8755495 2.6597955 2.7962648 3.0523874 2.8932745 2.6738961 2.9649322 1.9362114 2.2988076 1.6230231 2.0878945 2.9160577 2.0273102 2.4712916 2.0280943 1.9696838 1.6025427 3.3317053 3.1882340 2.8807099 2.9794034 1.3785336 3.1045087 3.9397335 3.8431441 3.3231995 3.1086272 3.9376616 3.8753661 3.3747638 3.3747638 2.9390237 3.4743068 3.7591317 3.2109173 3.3463748 2.4319196 2.3818588 2.3111607 2.2882019 2.4423983 1.9915876 2.0719111 2.0719111 2.8079453 3.1665360 2.5199433 3.0653019 3.2940525 3.3724932 3.8123348 3.6898427 
Ctel_gnl_WGS_AMQN_CAPTEDRAFT_mRNA225036                1.9938177 2.8702066 2.9468871 2.9468871 3.2095151 3.0595255 2.6909466 2.0188946 1.6725783 1.5875534 1.3484374 0.0000000 1.4035280 1.5222291 1.4951679 1.5249414 1.9590551 2.0281319 1.9118274 1.8025595 2.2404238 2.1906080 2.0336377 2.3289752 2.2574247 1.8503949 2.0292128 2.5138731 2.6687855 1.5728237 1.5775825 1.9369824 1.9621013 2.5356502 2.1673951 2.3415299 2.1406268 1.6850657 1.5808658 2.5441354 2.6536677 2.3298268 2.9529055 1.3726351 2.9136958 2.7298901 2.8037904 3.0956616 3.2242641 3.4483506 3.5753924 3.5975174 3.5975174 3.0644013 4.1187471 3.4727578 3.9772977 3.4959394 2.7991130 2.7387480 2.7531153 2.7733390 2.6903325 2.7326058 2.5187509 2.8822002 2.2196991 3.0873792 2.6228102 2.5364851 2.3850588 2.3234246 3.0067806 2.9927646 
Cscu_XM_023372350.1                                    1.8708919 2.2922044 2.2697074 2.2697074 3.0492134 2.8086690 2.7195824 2.1071869 2.2198299 1.3364441 1.3098438 1.4035280 0.0000000 1.0912477 1.1248872 1.8288878 1.5796168 1.8336721 1.6538051 1.7868768 2.0971574 2.1903447 1.9728625 1.9688709 2.4205694 2.4651485 1.9891325 2.1650681 2.4972980 2.1036978 1.8859622 1.5780116 1.7904218 1.8107249 1.5678713 2.4441017 1.8765196 1.7130632 1.3283042 2.7970311 2.4585516 2.4661412 2.2634798 1.4669644 2.2906811 2.7723208 2.6800062 2.5447896 2.5904071 2.8391721 2.9881183 2.9508165 2.9508165 2.3548802 3.2898393 3.0280148 2.4504433 1.9637989 2.5194532 2.5807927 2.4294772 2.4336640 2.5659678 2.3509833 2.9064672 2.9265540 2.6481633 3.1738009 2.2819267 2.3340176 2.4889007 2.2577643 2.8038341 2.7611105 
Tcas_TC009878_001                                      1.7365827 2.0041994 2.3108555 2.3108555 2.8849637 2.1381253 3.2534438 1.7879931 1.9404703 1.6741514 2.0924758 1.5222291 1.0912477 0.0000000 0.7877086 2.3088818 2.1148512 2.4421964 2.1792248 1.9460826 2.3555661 2.3165037 2.5245400 2.7083909 2.5832103 2.3827493 2.4159900 2.3184770 2.6054655 2.3611766 2.0226317 1.5367748 2.0626922 2.1755720 2.0283473 1.7809955 1.6602520 1.7103749 1.5919484 2.9176420 2.9718966 2.2537499 3.0671214 1.3109152 2.1398193 2.7738397 2.7738397 2.2829552 2.3459552 2.3942523 2.5361151 2.5608505 2.5608505 2.1548617 2.9680419 2.6124590 2.3247620 2.2798938 2.1622091 2.1093465 1.9741873 1.9154088 1.9352081 1.7450649 2.5200196 2.5200196 3.4103843 3.2384601 2.1258782 2.7765572 2.7690935 2.7526640 3.5457010 2.3102978 
Dpul_mRNA20578                                         2.1215119 2.5170246 2.6018818 2.6018818 2.6915113 2.3313705 3.2656006 2.0090311 2.0970744 1.7639032 1.8859301 1.4951679 1.1248872 0.7877086 0.0000000 2.2705237 1.6708292 1.6288414 1.8594007 1.7566691 2.2837095 2.2588838 2.4054998 2.5541613 2.6285822 2.1723946 2.3444225 2.2318475 2.3352139 2.4562419 2.2672312 1.7208691 1.7652537 1.8600360 2.1259180 1.8188201 1.5243109 1.6409008 1.6376268 2.4433682 2.7345259 2.0577975 1.8926524 1.2827699 1.9851984 2.8363012 2.8363012 2.5402029 2.5519172 2.9997058 2.9482509 3.0561005 3.0561005 2.5006746 3.4254416 3.1634415 3.0793262 3.0838426 2.1961358 2.1390897 2.0360979 1.9953415 2.0608698 2.2530857 2.8293696 2.8293696 3.0272980 2.4364642 2.3792713 2.6156593 2.4023467 2.3438649 2.7872511 1.6434231 
Nvec_v1g207988                                         2.5867736 2.8197402 2.8409599 2.8409599 4.6047970 3.0138550 2.9448482 2.5740598 1.5645572 2.7037821 2.3450118 1.5249414 1.8288878 2.3088818 2.2705237 0.0000000 2.3866201 2.5396350 2.3512357 2.0702873 2.0741121 2.0960405 1.8739585 1.9423361 1.8748075 1.8629987 1.8537679 2.9622048 3.2698281 2.5521764 1.7526739 1.7972222 2.1842921 3.0754315 2.2645595 3.0224674 2.0352687 2.1120250 1.5145251 3.3096858 3.1004910 2.7613701 3.2800283 1.5605086 3.2690814 3.0470346 3.0375076 2.8487252 2.8390010 3.5868716 3.1489441 3.5204408 3.5204408 2.3900663 3.2455076 3.2923001 2.9064454 2.3847620 2.0831954 2.1124640 2.0177024 1.9873181 2.1368487 2.0827652 2.6098860 2.6098860 2.7179826 3.7067549 2.3148009 3.2756217 3.3602542 3.8392504 4.2017614 3.3269280 
Lcom_lcpid28890                                        1.9551788 2.7484913 2.5709960 2.5709960 4.6705855 2.5786733 2.8765217 2.0901254 1.9645245 1.8487437 2.2978886 1.9590551 1.5796168 2.1148512 1.6708292 2.3866201 0.0000000 0.2522592 0.5627134 0.5020848 2.3763459 2.2968808 2.1566303 2.1529292 2.1228382 2.0492106 2.3616660 1.9608824 2.3500321 1.8607958 1.9976015 1.5401837 1.8110412 1.9702070 1.8155206 1.8826265 1.6839679 1.7483218 1.4512012 3.6571143 3.2711775 2.5083233 2.7297214 1.2652881 2.3435634 2.6007349 2.6304281 2.4275901 2.3817600 2.5302886 2.5868360 2.9492892 2.9492892 2.4515430 4.0200145 3.9877734 2.6646347 2.5188042 2.4259922 2.2671222 2.3186693 2.3401276 2.2856772 2.2220917 2.0308139 2.2852858 2.7801109 3.5936005 2.6180783 3.2232185 2.6730953 2.7484791 3.6077673 2.8442111 
Lcom_lcpid148204                                       2.1394154 2.9806137 2.5709960 2.5709960 5.0771014 2.6313553 3.2043027 2.2942829 1.7764708 1.9856716 2.1929079 2.0281319 1.8336721 2.4421964 1.6288414 2.5396350 0.2522592 0.0000000 0.6431754 0.5996214 2.0862752 2.2680557 2.2020205 2.1548134 2.2312320 2.1771968 2.5745248 2.0772209 2.3231832 2.2099944 1.9413014 1.5676415 1.8541115 2.2202236 1.7755249 1.8584300 1.5950958 1.7356864 1.4976686 3.3667194 3.1776526 2.6336676 2.9620607 1.4031379 2.5332805 2.9882936 3.0206003 2.6089610 2.5001153 2.7832087 2.6331540 3.3466656 3.3466656 2.7503934 4.2496708 4.2277398 2.6643911 2.5188042 2.5090304 2.3666073 2.4289349 2.4922965 2.3382830 2.2220917 1.7445589 2.0072815 3.2165234 2.7525544 2.6364747 3.4238072 2.8714283 2.8633388 4.0226415 3.0064974 
Scil_scict012937.1                                     1.8640351 2.6362569 2.5291352 2.5291352 3.6467198 2.5481090 2.6810607 2.0593826 1.6492613 2.1718785 1.9523939 1.9118274 1.6538051 2.1792248 1.8594007 2.3512357 0.5627134 0.6431754 0.0000000 0.6066070 2.1066108 2.1937890 2.3626987 2.6348552 2.2075935 1.8233975 2.5432916 2.2399335 2.3020247 1.8713429 2.0716455 1.5976871 1.9793479 2.2300046 1.7811516 1.9154438 1.9396098 1.7481586 1.4871987 3.7171253 3.2600658 2.6827020 2.4266287 1.3234875 2.3667151 3.1196502 3.1488622 2.4551824 2.5833294 2.9981316 2.7051784 2.9324416 2.9324416 2.8206437 4.1548066 4.1857580 2.7690576 2.6331281 2.9744305 2.8725158 2.8795439 2.8467261 2.8252509 2.5359564 2.0959797 2.3358087 2.7913525 2.8984714 2.3897550 2.9767559 2.1299441 2.2060897 3.2210158 2.8567002 
Gracom_Gcom_scaffold14395_01                           1.8109761 2.0549179 2.1114434 2.1114434 4.0294998 2.2262832 2.5898928 2.2403350 1.7715310 1.9137819 2.2333826 1.8025595 1.7868768 1.9460826 1.7566691 2.0702873 0.5020848 0.5996214 0.6066070 0.0000000 2.4271206 2.2062947 2.0806144 2.2608128 2.1756708 1.7715216 2.3650254 2.0317154 2.1179598 2.0442845 2.3491960 1.8465727 2.1825534 2.1499217 1.8778153 1.9126483 1.4632852 1.7358387 1.3804952 3.4364411 3.2024624 2.3407395 2.6152714 1.3869319 2.2012405 2.9128680 2.9912880 2.0881903 2.1775952 2.5905634 2.5920622 3.0755190 3.0755190 2.2952011 4.0537266 3.7779088 2.6780423 2.7739311 2.1813386 2.1716902 2.1203286 2.0723582 2.0586346 2.1049975 2.3244739 2.3396456 3.0876921 3.5978501 2.3751475 2.7742598 3.0046439 3.0300928 3.4782028 2.7107421 
Spis_XP_022797345_1                                    2.0932704 2.6758982 2.8098441 2.8098441 3.3257102 2.7669818 3.2899279 2.7614567 1.5203668 2.5947508 2.7409526 2.2404238 2.0971574 2.3555661 2.2837095 2.0741121 2.3763459 2.0862752 2.1066108 2.4271206 0.0000000 0.3392842 0.9690761 0.8131425 1.5165636 1.5342317 1.3058943 3.1852594 3.0653141 2.0329168 2.4387607 1.8410626 2.3798732 2.8214315 2.4031124 2.3873048 2.0190915 2.3170200 1.8200332 4.0002959 3.6659180 2.5045469 3.1183820 1.5211650 3.1595490 3.1891746 3.1204265 3.1117539 3.2811088 3.7731560 3.4001028 3.7455101 3.7455101 2.9681065 3.5478766 3.2936633 2.9341747 2.2539690 2.3892757 2.3992368 2.3889646 2.4326334 2.2587245 2.2582323 2.3863013 2.4518620 3.3107870 3.8268832 2.2282545 3.3139091 3.2993943 3.7718280 3.9592851 3.6800691 
Pocdam_XM_027189103.1                                  1.8303067 2.6090319 2.7759166 2.7759166 3.5734046 2.7339123 3.0615774 2.5749314 1.6858794 2.7915838 3.2270607 2.1906080 2.1903447 2.3165037 2.2588838 2.0960405 2.2968808 2.2680557 2.1937890 2.2062947 0.3392842 0.0000000 1.0402659 0.9731588 1.6315909 1.5676115 1.4998593 3.3298214 3.0797750 2.2071592 2.1009855 2.0036192 2.5195263 2.9035916 2.4494841 2.4815956 2.1789021 2.1728191 1.8387858 3.7987997 3.3581596 2.5562286 3.2282510 1.7770062 3.1789374 3.3811549 3.3742662 3.4472586 3.5633431 3.7933491 3.3434175 4.2561552 4.2561552 3.3901445 3.8334783 3.5541483 3.3118209 2.6401543 2.3449956 2.2463577 2.3096730 2.2951978 2.4333957 2.4286782 2.1154769 2.3323668 2.9908999 3.7646120 2.3797400 3.4280302 3.6533358 4.1025760 3.8921764 4.2147763 
Gasp_gasp1.m3.8981.m1                                  2.1395325 2.8840526 2.6458080 2.6458080 3.6443384 2.8693642 3.2633441 2.3858402 1.5299142 2.4751079 2.8755495 2.0336377 1.9728625 2.5245400 2.4054998 1.8739585 2.1566303 2.2020205 2.3626987 2.0806144 0.9690761 1.0402659 0.0000000 0.4971132 1.2578440 1.1462622 0.8149606 2.7326064 2.6580784 1.9233464 2.1810100 2.1399585 2.2814849 2.7554106 2.4001932 2.6452462 2.4212568 2.3360913 1.6037689 3.5825032 3.5398063 2.5904358 2.8328360 1.7234918 3.0806529 2.9220241 2.9420683 3.0712504 3.3467390 3.3298757 3.2737783 3.4012104 3.4012104 2.6796495 3.4894398 3.6167112 2.8467664 1.9797274 2.8812506 2.8293311 2.7101402 2.6737135 2.5213465 2.4035219 2.0325914 2.2148454 3.4921759 3.8306623 2.5222978 3.6314288 3.2028440 3.1748280 3.0875682 3.8797509 
Fspp_ffun1.m4.15165.m1                                 2.1594894 2.8331475 2.9058101 2.9058101 3.4464411 3.0606495 3.0400067 2.6418632 1.3371096 2.6751220 2.6597955 2.3289752 1.9688709 2.7083909 2.5541613 1.9423361 2.1529292 2.1548134 2.6348552 2.2608128 0.8131425 0.9731588 0.4971132 0.0000000 1.2744467 1.2218939 0.8805337 2.8805362 2.7319906 1.9976330 2.2860703 2.1743798 2.4838771 2.8664499 2.4246213 2.6981093 2.1131885 2.2767239 1.6718636 3.2318822 3.3936336 2.6525952 3.3044787 1.6465867 3.1283370 2.9729518 3.0472445 2.9258460 3.0229249 2.9109080 3.0908312 2.9736429 2.9736429 2.5646570 3.1706935 3.5535937 2.6564654 2.1659610 2.9594922 2.8986889 2.7536108 2.7173586 2.7604474 2.7541868 2.0729094 2.2791742 3.4302303 3.3385593 2.2964673 3.6479812 3.1508928 3.0929908 3.3311633 3.3747144 
Amil_Amillepora02719-RA                                2.4677411 3.0853593 2.7909740 2.7909740 4.1759346 2.7008955 3.1856116 2.5056095 1.5421681 2.3886892 2.7962648 2.2574247 2.4205694 2.5832103 2.6285822 1.8748075 2.1228382 2.2312320 2.2075935 2.1756708 1.5165636 1.6315909 1.2578440 1.2744467 0.0000000 0.0853932 0.9642668 3.3774523 3.6609759 2.5233131 2.2049696 1.8609824 2.3572175 2.9584641 2.2902945 2.8673290 2.1663484 2.2717988 1.5759317 3.3364792 3.1756313 2.7115065 3.3255162 2.0273838 3.0892315 3.1826555 3.1800833 3.3272621 3.1443957 3.6687691 3.2749610 3.6953253 3.6953253 2.7770657 4.0840226 3.8677948 3.2855563 2.6005103 2.6047078 2.5805123 2.5569410 2.5437358 2.5636094 2.4095728 2.4081729 2.5643943 3.4490662 3.8333058 2.6308736 3.0876369 3.2871030 3.0472710 3.5697146 3.2370624 
Adig_XM_015908493.1                                    2.4291171 2.5027358 2.1273842 2.1273842 3.5137901 2.1563187 2.0517352 2.1171242 1.6629668 2.4775272 3.0523874 1.8503949 2.4651485 2.3827493 2.1723946 1.8629987 2.0492106 2.1771968 1.8233975 1.7715216 1.5342317 1.5676115 1.1462622 1.2218939 0.0853932 0.0000000 1.0190234 2.6823687 2.8133377 2.0574356 1.7930374 1.5110728 2.1766173 2.6465454 1.5431287 2.8173330 2.1661308 2.2417218 1.3499196 2.6168656 2.4455251 2.9966574 3.3840659 2.1909024 3.3269391 3.1985746 3.1864428 2.8881602 2.8686803 3.4907995 2.8813716 3.5370084 3.5370084 2.5673754 3.7215162 3.8041565 3.3812154 2.1791977 2.2683706 2.2264612 2.4290625 2.3460055 2.4039291 2.0828399 1.7350301 1.7350301 3.5333994 3.3314255 2.2738503 2.9929121 3.0212403 2.7295925 3.5204995 3.2927736 
Gfas_gfas1.m1.4938.m1                                  2.2001672 2.8348496 2.8923036 2.8923036 4.3074438 3.1207142 3.2152517 2.4133309 1.3759458 2.4814961 2.8932745 2.0292128 1.9891325 2.4159900 2.3444225 1.8537679 2.3616660 2.5745248 2.5432916 2.3650254 1.3058943 1.4998593 0.8149606 0.8805337 0.9642668 1.0190234 0.0000000 3.1824592 3.3149650 2.4618588 2.2734540 2.0091977 2.3995519 2.9049389 2.4198266 2.6390422 2.4273003 2.1421348 1.5514440 3.3845008 3.5227323 2.8669375 2.8271357 1.7069173 3.0213029 3.0661292 3.1389449 3.3865451 3.4408779 3.8821444 3.5595697 3.3620285 3.3620285 2.7599055 4.1319803 3.9127695 3.2658075 2.4380535 2.4230162 2.4684985 2.3392811 2.3024909 2.3802226 2.2902962 2.2476256 2.5675208 3.3502717 3.6135760 2.2473565 3.2973255 3.2950026 3.2478300 3.1167315 3.0983978 
Acaspe_EP00035_Acanthoeca_spectabilis_P023634          1.9885105 2.8048056 2.6577172 2.6577172 3.8000468 2.5757462 2.8426766 2.6610374 2.6686769 2.2397927 2.6738961 2.5138731 2.1650681 2.3184770 2.2318475 2.9622048 1.9608824 2.0772209 2.2399335 2.0317154 3.1852594 3.3298214 2.7326064 2.8805362 3.3774523 2.6823687 3.1824592 0.0000000 0.6068484 1.5101520 1.6183464 1.7275249 2.0090522 2.3799036 1.6870105 2.0155021 2.4253667 2.3016521 2.0690711 3.9569870 3.3482408 3.4211163 2.5854703 1.7212340 1.6697627 4.5667180 4.6790692 3.9297753 3.9284117 3.1064768 3.2095109 3.3801415 3.3801415 3.1971846 4.9007500 4.2564556 4.0522870 4.4002466 3.6804952 3.5412042 3.3510756 3.5412630 3.4220799 3.0043561 2.8158607 2.9548753 2.9696993 4.9951991 2.8118143 4.0140419 2.3872022 2.2420265 3.8909802 2.9409483 
Helnan_EP00037_Helgoeca_nana_P001630                   1.9443981 2.8959922 2.8492449 2.8492449 4.5961214 2.5403983 3.4406328 2.4903211 2.6375347 2.5016789 2.9649322 2.6687855 2.4972980 2.6054655 2.3352139 3.2698281 2.3500321 2.3231832 2.3020247 2.1179598 3.0653141 3.0797750 2.6580784 2.7319906 3.6609759 2.8133377 3.3149650 0.6068484 0.0000000 1.3763236 1.8930214 1.8380532 2.0268090 2.3319677 1.5916473 1.9821780 2.9023027 2.5083522 1.9382391 4.7952503 3.6732494 3.4482150 2.6601432 1.7555651 1.7364388 4.7803395 4.9197782 3.7407308 3.7207673 3.3727841 3.5350132 3.3698736 3.3698736 3.5415278 5.0163715 4.6054150 4.9530762 4.7173315 3.8201242 3.6238829 3.6151412 3.6700059 3.4411986 3.1687446 3.0756525 3.2944655 3.3090686 5.0550641 3.0312169 3.8211413 2.5317216 2.4034663 3.9274091 3.0120760 
Diagra_EP00040_Diaphanoeca_grandis_P023443             2.3947578 2.8395221 2.6041594 2.6041594 2.9872824 2.4241990 2.5002961 2.1763691 2.0748662 2.2146531 1.9362114 1.5728237 2.1036978 2.3611766 2.4562419 2.5521764 1.8607958 2.2099944 1.8713429 2.0442845 2.0329168 2.2071592 1.9233464 1.9976330 2.5233131 2.0574356 2.4618588 1.5101520 1.3763236 0.0000000 1.4112549 1.5057102 1.8398960 1.8190703 1.4412184 1.3769422 2.4411491 2.0232902 1.7979478 3.1256878 3.1118118 2.8849459 2.5244867 1.3416390 1.7671708 3.7519624 3.7519624 2.5961649 2.5677357 2.6819363 2.8286798 3.1942732 3.1942732 3.3218116 3.7919792 3.6010560 2.9150521 2.8401427 2.5222687 2.3895307 2.3271046 2.3828969 2.2838811 2.0778786 1.9260114 1.9260114 2.3150795 3.2856898 2.4169371 2.7203722 2.1505332 2.5004525 2.9343937 2.4073629 
Stedip_EP00041_Stephanoeca_diplocostata_P007231        2.2170610 3.2126126 3.1745639 3.1745639 2.7950647 3.1092804 3.1667364 2.7755749 1.9373561 1.9221094 2.2988076 1.5775825 1.8859622 2.0226317 2.2672312 1.7526739 1.9976015 1.9413014 2.0716455 2.3491960 2.4387607 2.1009855 2.1810100 2.2860703 2.2049696 1.7930374 2.2734540 1.6183464 1.8930214 1.4112549 0.0000000 1.0281534 1.0402225 1.6835865 1.1692073 1.8612994 1.9858512 2.0101516 1.8476465 3.3734483 2.8268304 2.7091871 2.2068765 1.6456783 1.3844171 2.8988871 2.8988871 2.4324894 2.6221865 2.6611881 2.7238098 2.9045663 2.9045663 2.5943263 3.8868519 3.3239214 3.2179901 3.4143934 2.7668813 2.5833898 2.6142380 2.6505858 2.4579039 2.4121381 2.3080079 2.3080079 2.4719189 3.1998617 2.4189102 2.3217234 2.4829744 2.4659422 2.4189156 1.6283003 
Salmac_EP00052_Salpingoeca_macrocollata_P014864        1.9705441 2.3124638 2.4778937 2.4778937 3.0648007 2.4016602 2.4596938 2.2806866 1.5962603 1.8330655 1.6230231 1.9369824 1.5780116 1.5367748 1.7208691 1.7972222 1.5401837 1.5676415 1.5976871 1.8465727 1.8410626 2.0036192 2.1399585 2.1743798 1.8609824 1.5110728 2.0091977 1.7275249 1.8380532 1.5057102 1.0281534 0.0000000 0.0940253 1.0042829 1.2881705 1.7131309 1.4015351 1.7114788 1.4431048 2.7303130 2.4684971 2.3231328 2.3464918 1.3420769 1.3286059 2.7917490 2.7585860 2.7294302 2.9827755 2.6496770 2.8107528 2.3620776 2.3620776 2.3800201 3.5705696 3.3640764 2.3658438 2.3941868 2.4397022 2.5477788 2.4715135 2.4598424 2.5430442 2.6082966 2.0770615 2.2242548 3.3625646 3.1420273 2.5084660 2.9164499 1.7692733 1.6359418 2.3950419 2.2262293 
Salmac_EP00052_Salpingoeca_macrocollata_P014865        1.9978021 2.3573839 2.4778937 2.4778937 3.7351835 2.5569241 2.5288160 2.3047586 2.1340510 2.1768473 2.0878945 1.9621013 1.7904218 2.0626922 1.7652537 2.1842921 1.8110412 1.8541115 1.9793479 2.1825534 2.3798732 2.5195263 2.2814849 2.4838771 2.3572175 2.1766173 2.3995519 2.0090522 2.0268090 1.8398960 1.0402225 0.0940253 0.0000000 1.0293178 1.3157462 2.0931935 1.6886202 2.1732241 1.5108950 3.0885419 2.8799987 2.3483170 2.6893670 1.5914401 1.7417173 2.9431171 2.9121361 3.0891349 3.1213348 3.0414428 2.7379507 3.0336432 3.0336432 2.4270615 3.8086159 3.5823963 2.7842988 2.3941868 2.4369443 2.5456601 2.4837754 2.4815386 2.6737852 2.6082966 2.0063261 2.1402408 3.8090464 3.0712728 2.4095515 3.3925690 2.0888881 2.1695277 2.8751337 3.1908704 
Salpun_EP00053_Salpingoeca_punica_P010372              2.0007764 2.7638437 2.8727526 2.8727526 4.0013650 2.6127494 3.0129632 2.3654495 2.6598266 2.5195387 2.9160577 2.5356502 1.8107249 2.1755720 1.8600360 3.0754315 1.9702070 2.2202236 2.2300046 2.1499217 2.8214315 2.9035916 2.7554106 2.8664499 2.9584641 2.6465454 2.9049389 2.3799036 2.3319677 1.8190703 1.6835865 1.0042829 1.0293178 0.0000000 1.6053772 1.9264072 2.5893663 2.1767135 1.5887564 4.2296538 3.4861453 2.5053429 3.3250191 1.8252499 1.6093083 2.6924490 2.7129281 3.0558267 3.0723693 2.7755050 2.7910261 3.1996187 3.1996187 2.6080618 3.7191187 3.4634708 3.0892231 2.3937933 2.9545826 2.8199322 3.1753966 3.0764761 2.7340665 2.4229906 2.0927674 2.2623628 3.8200796 4.2192217 2.9251854 3.4660836 2.4331240 2.5701618 2.3786299 3.8660886 
Didcos_EP00039_Didymoeca_costata_P008182               1.7888073 2.1565173 2.1997037 2.1997037 3.4792678 2.7842196 3.0979406 2.6539456 1.6692570 2.0603903 2.0273102 2.1673951 1.5678713 2.0283473 2.1259180 2.2645595 1.8155206 1.7755249 1.7811516 1.8778153 2.4031124 2.4494841 2.4001932 2.4246213 2.2902945 1.5431287 2.4198266 1.6870105 1.5916473 1.4412184 1.1692073 1.2881705 1.3157462 1.6053772 0.0000000 1.3799944 1.9047888 1.6609241 1.7812665 2.5750280 2.3493130 2.2341334 2.3913696 1.5850863 1.3849984 3.2609689 3.3203254 3.0950039 2.8507856 3.1147798 3.2350545 3.5147837 3.5147837 2.9857725 3.8309990 3.6737588 3.6907066 4.2125551 2.6848737 2.7479546 2.6526840 2.6493172 2.9071697 3.0662439 2.7353053 3.0764619 2.4690355 2.7189845 2.5609622 2.4931249 1.8966967 1.8517189 2.3936714 2.1794595 
Salurc_EP00051_Salpingoeca_urceolata_P030042           1.8056329 2.2788494 2.6084312 2.6084312 3.1442464 2.4327762 3.4695135 2.3209493 2.1940957 2.8167021 2.4712916 2.3415299 2.4441017 1.7809955 1.8188201 3.0224674 1.8826265 1.8584300 1.9154438 1.9126483 2.3873048 2.4815956 2.6452462 2.6981093 2.8673290 2.8173330 2.6390422 2.0155021 1.9821780 1.3769422 1.8612994 1.7131309 2.0931935 1.9264072 1.3799944 0.0000000 2.2219464 1.7228127 1.7875799 3.3175886 2.7086521 2.8063479 2.7326965 1.6741721 1.4685662 3.3190119 3.3859412 2.8538217 2.7295227 2.5723709 2.6004799 3.7427228 3.7427228 3.1660307 4.2521297 4.3691045 3.1847098 2.5059735 2.7966285 2.7382241 2.7849810 2.7134340 2.6786726 2.7079580 2.2881664 2.3495404 2.8625655 3.4509672 2.6459389 2.7582440 1.9753724 2.2203636 2.8625677 3.6677148 
Bralan_BLAG02001600_1                                  2.0747131 2.4143074 2.5340516 2.5340516 3.2438717 2.2176993 2.8185109 2.3068645 1.8379223 2.0143409 2.0280943 2.1406268 1.8765196 1.6602520 1.5243109 2.0352687 1.6839679 1.5950958 1.9396098 1.4632852 2.0190915 2.1789021 2.4212568 2.1131885 2.1663484 2.1661308 2.4273003 2.4253667 2.9023027 2.4411491 1.9858512 1.4015351 1.6886202 2.5893663 1.9047888 2.2219464 0.0000000 1.6049366 1.2111239 3.4105208 3.0991312 1.8362296 2.9739495 1.3096442 2.6303665 3.0269205 3.0407574 2.7746993 2.9181031 2.6126002 2.8189401 3.1529516 3.1529516 2.4451105 3.5476296 3.7336691 2.8488781 2.5654820 1.9657301 1.8806953 1.8473036 1.7775179 2.0773532 1.9867205 1.8875590 1.9469660 3.0264126 3.2350042 2.2499230 3.1021063 2.2941713 2.4592889 3.7188685 3.4518116 
Spur_XM_003724257.3                                    1.8317092 2.1682240 2.0746365 2.0746365 3.3432243 1.8185483 2.0940235 1.7348280 1.8815777 2.2107362 1.9696838 1.6850657 1.7130632 1.7103749 1.6409008 2.1120250 1.7483218 1.7356864 1.7481586 1.7358387 2.3170200 2.1728191 2.3360913 2.2767239 2.2717988 2.2417218 2.1421348 2.3016521 2.5083522 2.0232902 2.0101516 1.7114788 2.1732241 2.1767135 1.6609241 1.7228127 1.6049366 0.0000000 0.9999821 3.1329198 2.7121489 2.3773906 2.5235942 1.4887384 2.0165093 2.5599926 2.5971028 2.7284392 2.7565920 3.3360945 2.8696842 3.1619725 3.1619725 2.0765685 3.7375911 3.6666145 2.7873744 2.1886719 1.7285365 1.8314318 1.8279384 1.7939370 1.8153917 1.7047735 1.8091815 1.8229496 3.5179432 3.1118141 2.3904718 3.5726401 2.4962869 2.8317903 3.5516723 2.6626040 
Skow_XM_006825514.1                                    1.6311302 1.9793205 2.1618584 2.1618584 2.6596413 2.0288675 2.1753841 1.8384390 1.4378465 1.9285212 1.6025427 1.5808658 1.3283042 1.5919484 1.6376268 1.5145251 1.4512012 1.4976686 1.4871987 1.3804952 1.8200332 1.8387858 1.6037689 1.6718636 1.5759317 1.3499196 1.5514440 2.0690711 1.9382391 1.7979478 1.8476465 1.4431048 1.5108950 1.5887564 1.7812665 1.7875799 1.2111239 0.9999821 0.0000000 2.2757724 2.2153547 2.3004932 1.7608697 1.1536003 1.8113604 1.7582209 1.8227867 1.5673416 1.7505166 1.6609203 1.7353827 2.2060931 2.2060931 1.7078366 2.3888913 2.3154265 2.0816976 1.7592406 1.8032062 1.7332616 1.7293788 1.7101121 1.8096398 1.6958338 2.0202073 2.0123271 2.1657792 1.9893353 1.8630868 2.2487947 2.1046960 2.3832916 2.3940512 1.6227629 
Nemnom_g3627.t1                                        2.8989405 4.6204359 4.7925514 4.7925514 4.4601877 3.3952816 3.9038506 3.9003589 3.2378968 3.0817240 3.3317053 2.5441354 2.7970311 2.9176420 2.4433682 3.3096858 3.6571143 3.3667194 3.7171253 3.4364411 4.0002959 3.7987997 3.5825032 3.2318822 3.3364792 2.6168656 3.3845008 3.9569870 4.7952503 3.1256878 3.3734483 2.7303130 3.0885419 4.2296538 2.5750280 3.3175886 3.4105208 3.1329198 2.2757724 0.0000000 0.7684535 1.6336598 2.3550908 2.4996516 4.0536608 4.9658393 5.1492386 4.2867170 4.1529995 4.2964820 4.0557339 4.3575198 4.3575198 4.1529837 4.7491418 4.8216838 3.8255762 3.6939826 3.6197809 3.4775348 3.9954875 3.8796896 4.3406180 4.5218307 3.6801881 3.6749444 3.7549637 2.7139616 2.4783908 3.3907064 4.5380172 4.5539439 4.9798691 4.0945516 
Rhoesc_Res_009402-T1                                   2.4192256 3.8974213 4.1014121 4.1014121 4.8582128 3.1778969 3.7031915 3.0076080 3.1737119 2.5797817 3.1882340 2.6536677 2.4585516 2.9718966 2.7345259 3.1004910 3.2711775 3.1776526 3.2600658 3.2024624 3.6659180 3.3581596 3.5398063 3.3936336 3.1756313 2.4455251 3.5227323 3.3482408 3.6732494 3.1118118 2.8268304 2.4684971 2.8799987 3.4861453 2.3493130 2.7086521 3.0991312 2.7121489 2.2153547 0.7684535 0.0000000 1.4007051 2.1071881 2.6641061 3.7314609 4.6202492 4.6603757 4.4466755 4.6651656 4.6759460 4.4459579 4.8850261 4.8850261 3.8906372 4.6051735 4.3815782 3.9634850 3.5281541 3.2041118 3.0161968 3.2729527 3.3521554 3.3251894 3.3270207 3.2795514 3.3027070 3.1202148 2.7124492 2.2704388 2.8325278 3.7333403 3.9048152 4.6789189 4.5897447 
Sanmal_Sma_013506-T2                                   2.2114810 2.7415721 3.1426521 3.1426521 3.4192987 3.1834544 2.8291480 2.4526895 2.4033303 3.0914437 2.8807099 2.3298268 2.4661412 2.2537499 2.0577975 2.7613701 2.5083233 2.6336676 2.6827020 2.3407395 2.5045469 2.5562286 2.5904358 2.6525952 2.7115065 2.9966574 2.8669375 3.4211163 3.4482150 2.8849459 2.7091871 2.3231328 2.3483170 2.5053429 2.2341334 2.8063479 1.8362296 2.3773906 2.3004932 1.6336598 1.4007051 0.0000000 2.1212767 1.9367257 2.7424128 3.9688176 3.9286121 3.1576328 3.2564340 3.4709696 3.0657994 4.0231266 4.0231266 3.0729388 4.3495927 4.4984645 3.9789789 3.7399520 2.7438845 2.7262824 2.7385812 2.7385812 2.7734699 2.6828117 2.8112700 2.8112700 2.8517707 2.4521734 2.0815008 2.6208617 3.4287277 3.6124622 4.2093798 3.9355124 
Morvir_scaffold227.g11.t1                              2.4860465 2.8033604 2.5847367 2.5847367 3.7302641 2.3477682 2.4238269 2.3047472 3.0539961 2.5535133 2.9794034 2.9529055 2.2634798 3.0671214 1.8926524 3.2800283 2.7297214 2.9620607 2.4266287 2.6152714 3.1183820 3.2282510 2.8328360 3.3044787 3.3255162 3.3840659 2.8271357 2.5854703 2.6601432 2.5244867 2.2068765 2.3464918 2.6893670 3.3250191 2.3913696 2.7326965 2.9739495 2.5235942 1.7608697 2.3550908 2.1071881 2.1212767 0.0000000 2.1430179 3.0662618 3.7496424 3.7977099 3.4265566 3.5721441 3.8605599 3.7577995 4.6749542 4.6749542 3.0581389 4.4001467 4.1641853 3.7995291 3.3623295 2.3391742 2.6342240 2.3362238 2.2942920 2.4013354 2.1009734 2.6024690 2.6024690 2.9122839 2.1354394 1.9576630 2.7293247 3.6871153 3.8328505 4.1124706 4.4972145 
Hsap_ENST00000601630                                   1.8406949 1.7375337 1.6366232 1.6366232 2.6237776 2.1408641 2.2779677 1.6396760 1.7824031 1.7230042 1.3785336 1.3726351 1.4669644 1.3109152 1.2827699 1.5605086 1.2652881 1.4031379 1.3234875 1.3869319 1.5211650 1.7770062 1.7234918 1.6465867 2.0273838 2.1909024 1.7069173 1.7212340 1.7555651 1.3416390 1.6456783 1.3420769 1.5914401 1.8252499 1.5850863 1.6741721 1.3096442 1.4887384 1.1536003 2.4996516 2.6641061 1.9367257 2.1430179 0.0000000 2.0785915 2.4908115 2.4908115 1.8778300 1.8434444 1.9625044 2.0473878 2.2834277 2.2834277 2.1470158 2.4551545 2.5748788 2.2155892 2.0687033 1.7161505 1.7095733 1.6319113 1.5943182 1.7676395 1.5062230 1.4648058 1.4648058 2.5013135 2.1655320 1.7968869 2.6206016 1.8767490 2.3577068 2.8894912 2.3872486 
Mylflu_EP00047_Mylnosiga_fluctuans_P007873             1.8529790 2.1636710 2.2485393 2.2485393 3.3209697 2.2387423 2.5336225 2.5777358 3.1350276 2.6302222 3.1045087 2.9136958 2.2906811 2.1398193 1.9851984 3.2690814 2.3435634 2.5332805 2.3667151 2.2012405 3.1595490 3.1789374 3.0806529 3.1283370 3.0892315 3.3269391 3.0213029 1.6697627 1.7364388 1.7671708 1.3844171 1.3286059 1.7417173 1.6093083 1.3849984 1.4685662 2.6303665 2.0165093 1.8113604 4.0536608 3.7314609 2.7424128 3.0662618 2.0785915 0.0000000 3.1395138 3.1774286 3.3235264 3.5313586 3.1845564 2.8366090 3.9964941 3.9964941 2.8415192 4.8462520 4.3538011 3.4541552 2.8576913 3.0460628 3.0174543 2.8246523 2.7641988 3.1083484 2.7101797 2.4034398 2.4034398 3.3031829 3.7370612 2.9402973 2.9592435 2.3722361 2.6024403 2.7545805 3.1466574 
Bolinf_Binf_sb1215234                                  2.2126441 2.4896408 2.4607743 2.4607743 3.8191244 3.0708845 3.4379834 2.9859314 3.3237648 3.6216603 3.9397335 2.7298901 2.7723208 2.7738397 2.8363012 3.0470346 2.6007349 2.9882936 3.1196502 2.9128680 3.1891746 3.3811549 2.9220241 2.9729518 3.1826555 3.1985746 3.0661292 4.5667180 4.7803395 3.7519624 2.8988871 2.7917490 2.9431171 2.6924490 3.2609689 3.3190119 3.0269205 2.5599926 1.7582209 4.9658393 4.6202492 3.9688176 3.7496424 2.4908115 3.1395138 0.0000000 0.0054548 0.6074269 0.6667536 1.0707631 0.9738149 1.1684913 1.1684913 0.8307074 1.6478040 1.7242586 1.4067020 1.0685644 2.9739876 3.1505027 3.2243072 3.2484744 3.0720164 2.8018828 3.1021487 3.1021487 4.6926641 3.0170024 3.1187207 4.8163187 3.6080399 3.2517804 3.8241723 2.2977663 
Mertsp_Mesp_sb551776                                   2.2660746 2.5377856 2.4756917 2.4756917 3.9221424 3.1740593 3.3207119 3.0230295 3.3013805 3.5951304 3.8431441 2.8037904 2.6800062 2.7738397 2.8363012 3.0375076 2.6304281 3.0206003 3.1488622 2.9912880 3.1204265 3.3742662 2.9420683 3.0472445 3.1800833 3.1864428 3.1389449 4.6790692 4.9197782 3.7519624 2.8988871 2.7585860 2.9121361 2.7129281 3.3203254 3.3859412 3.0407574 2.5971028 1.8227867 5.1492386 4.6603757 3.9286121 3.7977099 2.4908115 3.1774286 0.0054548 0.0000000 0.6356735 0.6962195 1.1044506 0.9738149 1.1808793 1.1808793 0.8446211 1.6880544 1.7476306 1.4510924 1.1043169 2.9715482 3.1460834 3.2190611 3.2428770 3.0992228 2.8367490 3.0244422 3.0565134 4.6625717 2.9457399 3.1187207 4.6670901 3.6031388 3.2566896 3.8422687 2.2678546 
Bolinf_Binf_sb1232654                                  2.3043554 2.7603222 2.9045044 2.9045044 2.9227588 2.7431641 2.6607401 2.6863405 2.9945022 3.5378530 3.3231995 3.0956616 2.5447896 2.2829552 2.5402029 2.8487252 2.4275901 2.6089610 2.4551824 2.0881903 3.1117539 3.4472586 3.0712504 2.9258460 3.3272621 2.8881602 3.3865451 3.9297753 3.7407308 2.5961649 2.4324894 2.7294302 3.0891349 3.0558267 3.0950039 2.8538217 2.7746993 2.7284392 1.5673416 4.2867170 4.4466755 3.1576328 3.4265566 1.8778300 3.3235264 0.6074269 0.6356735 0.0000000 0.2670583 0.9345616 0.9468543 0.7769778 0.7769778 0.9896261 1.3289165 1.1967175 1.3447626 1.2235196 3.0368690 3.0579954 3.2260336 3.2320723 2.9973051 2.5734872 3.0904254 3.1084635 3.8374056 3.5734647 3.3340533 3.7881920 2.9012412 2.8296301 3.7985995 1.4382261 
Mlei_ML1411.g6.i1                                      2.4012757 2.7345507 2.8506250 2.8506250 3.1702570 2.7723341 2.7449850 2.5961669 2.5979854 3.3994394 3.1086272 3.2242641 2.5904071 2.3459552 2.5519172 2.8390010 2.3817600 2.5001153 2.5833294 2.1775952 3.2811088 3.5633431 3.3467390 3.0229249 3.1443957 2.8686803 3.4408779 3.9284117 3.7207673 2.5677357 2.6221865 2.9827755 3.1213348 3.0723693 2.8507856 2.7295227 2.9181031 2.7565920 1.7505166 4.1529995 4.6651656 3.2564340 3.5721441 1.8434444 3.5313586 0.6667536 0.6962195 0.2670583 0.0000000 1.0234922 1.0280736 0.8052197 0.8052197 1.0895327 1.2812244 1.1713608 1.3601243 1.1871635 3.1048774 3.1329566 3.2635891 3.2670019 3.1317121 2.7824819 3.1978428 3.3937387 3.9119396 3.3492621 3.4417320 3.8464355 2.8299691 2.7370342 3.8313930 1.5507665 
Horcal_Hcv1.av93.c5.g1283.i1                           1.7758336 2.2731282 2.4389364 2.4389364 3.1401631 3.1223190 3.2198374 2.9965270 3.3071920 3.7647807 3.9376616 3.4483506 2.8391721 2.3942523 2.9997058 3.5868716 2.5302886 2.7832087 2.9981316 2.5905634 3.7731560 3.7933491 3.3298757 2.9109080 3.6687691 3.4907995 3.8821444 3.1064768 3.3727841 2.6819363 2.6611881 2.6496770 3.0414428 2.7755050 3.1147798 2.5723709 2.6126002 3.3360945 1.6609203 4.2964820 4.6759460 3.4709696 3.8605599 1.9625044 3.1845564 1.0707631 1.1044506 0.9345616 1.0234922 0.0000000 0.0486528 1.0543280 1.0543280 1.1102294 1.6938493 1.6142475 1.6408524 1.4730027 3.9424058 3.9188221 4.3311630 4.3812458 3.4030993 3.1888608 3.1868260 3.4008197 3.7395384 3.3808081 3.3064766 4.0933980 3.0361787 2.8802553 3.3159462 1.8000535 
