146
Codhol_EP00042_Codosiga_hollandica_P016447        0.0000000 0.1252035 0.1752607 1.3657699 1.0051698 0.8986682 0.0000010 1.0337957 1.0276078 1.1061985 1.1267314 1.0264508 1.1019040 1.4570191 1.0520347 1.4570191 0.0000010 1.3294494 1.3816740 1.4446806 1.4537808 1.4537808 1.4537808 0.0000010 0.0000010 1.3771390 1.3771390 1.3816740 0.0000010 1.4944785 1.4709374 0.0000010 0.0000010 1.3873367 0.0000010 0.0000010 0.0000010 0.0000010 1.3021029 1.7550473 1.3512098 0.0000010 1.3482020 1.2473342 1.4202514 1.4297051 1.0603216 1.1088760 1.1088760 1.0480425 1.0480425 0.9135405 1.4398473 1.1944078 1.3390969 1.3921633 0.6492406 1.3792160 1.3211368 1.6420134 1.6783809 1.4646869 1.2195753 1.1630533 0.0000010 0.0000010 1.2104538 1.5530804 1.3244079 1.4606380 1.2020815 1.2003051 1.3494805 1.4227248 0.9442449 1.4568926 1.3569970 1.1389202 1.4499565 1.4499565 0.0000010 0.0000010 0.0000010 1.4534657 1.4534657 0.0000010 0.0000010 0.0000010 0.0000010 1.3984025 1.3984025 0.0000010 2.8317336 0.0000010 0.0000010 0.0000010 1.2043257 0.0000010 0.0000010 0.0000010 1.2485144 0.0000010 0.0000010 0.0000010 1.0078317 1.3537543 1.7531368 1.3524885 1.6510985 2.4421590 2.1497458 1.1172551 1.1759978 1.2486763 1.2486763 1.2486763 0.0000010 0.0000010 2.5989514 3.8743344 3.8743344 2.2337476 0.0000010 0.8954755 1.1782523 1.3243318 1.6055924 1.2795988 1.4785899 0.9793024 0.9771135 1.7484904 1.1083796 0.0000010 1.4083435 1.8565648 2.1921151 1.6386860 1.6386860 1.7560702 2.0326279 2.5020412 2.0262504 1.5679655 0.0000010 2.6034973 
Codhol_EP00042_Codosiga_hollandica_P049541        0.1252035 0.0000000 0.3102566 1.7011237 1.4739502 1.3882657 1.4159785 1.3866881 1.3814391 1.4026235 1.1698959 1.2247683 1.1467181 1.5472410 0.9876714 2.1420514 3.3114452 1.5786925 2.0204009 2.0107580 2.0599025 2.0599025 1.8188765 2.6094365 0.5507452 1.9502168 1.9774040 2.0579211 2.9566046 2.0888942 1.9823516 1.6962718 2.4725094 1.8971269 1.7287894 1.8192128 1.8054091 2.0148963 1.6878910 1.7628841 1.7798539 1.8029930 1.6912851 1.6035454 1.7112942 1.1649385 1.8129050 1.7235742 1.6656735 1.7303262 1.7210924 1.6998439 1.7419976 1.8625213 1.7751201 1.8156366 1.3249045 1.5984039 1.8850606 2.2034684 2.2043322 1.8941451 1.8491723 1.8376705 1.8262600 1.2821377 1.8408625 1.7354444 1.6815650 1.5138030 1.8248824 1.4163491 1.7870879 1.8012205 1.7844821 1.3840305 1.6809439 1.5571274 1.6538832 1.6038608 2.1515570 1.8641094 1.5096593 2.0810300 2.0810300 1.9566829 2.2839679 2.5217390 2.4825222 2.1092332 2.1092332 0.9740497 2.3374556 2.5507278 2.1098317 2.3405175 2.0454107 1.3951233 1.4011879 1.3831346 1.6585505 2.0083276 2.0058156 2.1147514 1.2556389 1.7880811 2.0644888 1.7007311 1.8826474 2.0872403 1.7632985 1.9505482 1.9610123 1.8244863 1.8244863 1.6409196 1.7561341 2.1039973 2.5684255 2.4326290 2.4326290 2.2325643 2.3835175 1.5108514 1.8386468 1.2661070 1.8448516 1.6878375 1.9848946 1.5655158 1.6953105 1.7550292 1.7937749 2.2014899 2.3348757 2.1186961 2.4213590 2.0209753 2.3283556 1.8841955 2.5355439 2.1794458 1.9007335 2.0618859 2.3923913 3.9843948 
Codhol_EP00042_Codosiga_hollandica_P019276        0.1752607 0.3102566 0.0000000 2.1198149 2.1071047 1.8426151 4.9844164 1.6239225 1.8254556 1.4934065 1.6307692 1.5357840 1.7504519 2.1795082 1.6372102 2.1795082 0.0000010 1.7818571 1.9895598 1.9906426 2.1450412 2.1450412 2.1450412 0.0000010 0.0000010 1.8347845 1.7918947 2.1475100 0.0000010 2.0135061 1.8467742 0.0000010 8.9999981 2.0124955 9.0000000 9.0000000 0.0000010 0.0000010 1.8981068 1.9863678 2.0993094 0.0000010 1.9545926 1.7165909 1.8527630 1.8199328 1.7169142 1.7115654 1.7115654 1.7671568 1.7671568 1.7308539 1.7293428 1.8556718 1.9559738 1.9455107 1.7885568 1.7967222 1.9051552 1.8358370 1.8372789 1.7888891 1.8470419 1.8691440 2.9032956 0.0000010 1.8847205 1.9110395 1.7711353 1.6527898 1.7545658 1.4296968 1.9007569 1.9730341 1.9619273 1.7357172 1.9836502 1.6470854 1.9921810 1.9921810 4.5904347 3.4546777 0.0000010 2.2685568 2.2685568 0.0000010 0.0000010 5.9869058 5.9869058 2.1885287 2.1885287 0.0000010 2.8683927 0.0000010 3.8234339 0.0000010 1.8032802 0.0000010 4.6504275 0.0000010 1.9307127 3.5093960 3.5093960 3.5093960 1.6436810 1.8279234 2.4030634 1.5464801 2.0331309 2.5351376 7.5041681 1.8791158 1.9251536 2.0752820 2.0752820 2.0752820 0.0000010 9.0000000 4.2066277 6.4870090 6.4870090 3.4554482 9.0000000 1.5123269 1.7397277 1.8621054 3.0120330 1.9894812 2.0402097 1.5177711 1.7369554 2.2427620 1.5000023 0.0000010 2.2487804 2.3754578 7.6968814 3.7563988 3.7563988 2.7396357 3.0676331 2.5020412 2.7406525 2.2365524 0.0000010 6.1414455 
Salinf_EP00049_Salpingoeca_infusionum_P001356     1.3657699 1.7011237 2.1198149 0.0000000 0.9669572 0.9694457 1.1433888 1.1039614 1.0837003 1.4053889 1.3876932 1.3526623 1.2300870 1.5910840 1.2076492 2.4902773 3.3021056 1.8539608 2.0668111 2.0252774 1.9997225 1.9997225 1.7918954 2.4083907 0.7578296 2.0147239 2.0438811 2.0391873 3.1942549 1.9535894 1.9467723 2.5429878 2.2308435 2.0680660 1.6531247 1.8142580 1.2213716 1.3471972 1.7151219 1.7445206 1.9251467 1.8360542 1.7548258 1.7185107 1.7588122 1.4966668 1.9158159 1.9488955 1.8792821 1.8958950 1.8958018 1.8612125 1.7849241 1.8346448 1.7846727 1.7745755 1.8035025 1.8408116 1.9776520 2.2603824 2.2830351 1.9935656 1.9868820 1.9730507 2.0276673 1.4537368 1.9410771 1.8803832 1.9416746 1.6396110 1.8446259 1.4518989 1.7609987 1.7808310 1.8969241 1.5415181 1.6844364 1.9317651 1.8517739 1.7983010 2.2351066 1.8577255 1.2989011 2.1218277 2.1218277 1.9354652 2.2201547 2.2291210 2.1066561 1.9820282 1.9820282 1.0127516 2.1474769 2.5304187 2.1595271 2.1817960 2.0092383 1.1500003 1.3339031 1.1897717 1.6714167 1.9236767 2.4007841 1.7839330 1.3481930 1.9537413 1.8460870 1.5687701 1.8299801 1.9993687 1.8757943 1.8783371 1.8936742 1.8981336 1.8981336 1.8206656 1.9278906 2.1621399 2.4983348 2.4448254 2.4448254 2.2392186 2.2441443 1.6984122 2.0163928 1.6296593 2.1099388 1.9959157 1.9545365 1.7183483 1.6226589 1.9669686 2.0946060 2.2807410 2.3494893 2.4646405 2.3857576 2.2779910 2.5814101 1.9366670 2.4594672 2.1900463 1.8357111 1.8882439 2.2345790 3.7518427 
Microa_EP00043_Microstomoeca_roanoka_P008099      1.0051698 1.4739502 2.1071047 0.9669572 0.0000000 0.3415393 0.8681065 0.8726325 0.8630279 1.1687223 1.1722308 1.0870919 1.0572989 1.4264854 1.0685983 2.1005760 2.8656307 1.6210509 1.8035194 1.8806475 1.8783329 1.8783329 1.7139203 2.2052936 0.5634736 1.7926674 1.8119520 1.8102044 2.7310966 1.7857067 1.8099144 1.9502241 1.9972584 1.8586222 1.9228502 1.9180468 1.0378298 1.2914649 1.6713910 1.7052635 1.7858174 1.6673463 1.6115744 1.6860632 1.8068631 1.2451697 1.7470002 1.7034350 1.6519101 1.6852786 1.6895734 1.6266126 1.7047423 1.7771134 1.6809312 1.6474288 1.6166342 1.5667459 1.7042913 2.0322399 2.0494350 1.8021293 1.7010416 1.7118419 1.7692380 1.3026448 1.7682252 1.8401154 1.7870158 1.4843874 1.8087547 1.4674783 1.7610669 1.7791807 1.8114942 1.4430812 1.6598755 1.8682368 1.6666931 1.6150946 2.6723737 1.7053445 1.3241083 1.9815886 1.9815886 1.9238588 2.1797296 2.4000912 2.3437161 2.0951515 2.0951515 1.1798097 2.3075844 2.4576409 2.0580534 2.1240652 2.0082540 1.2850847 1.3612857 1.2389143 1.6948936 1.8739882 2.0294101 1.8716393 1.2802007 1.9260617 2.0826853 1.7329713 1.7950392 2.0318609 1.6941998 1.7013996 1.7330951 1.8583510 1.8583510 1.6986048 1.7814490 2.1879375 2.3949112 2.4682369 2.4682369 2.0827166 2.1954139 1.5391306 1.9273190 1.4331787 1.7185072 1.6833924 1.8701303 1.5269662 1.5134050 1.6787027 2.0077511 2.1374141 2.2907333 2.0439288 2.3272954 2.1711393 2.5084102 1.7688794 2.5856319 2.1229121 1.6251744 1.7841643 1.9601028 4.2549798 
Sros_EGD72760                                     0.8986682 1.3882657 1.8426151 0.9694457 0.3415393 0.0000000 0.7705357 0.7826037 0.7753374 1.1202670 1.0752151 1.0421008 1.0272592 1.4575923 0.9798877 2.1497558 2.7621032 1.4778299 1.7628606 1.7899760 1.7714396 1.7714396 1.6454316 2.0594300 0.5061818 1.6845032 1.7131349 1.7369042 2.5770732 1.7315101 1.7202870 2.2192306 1.9946741 1.7422988 1.9975580 2.0062079 1.1683645 1.3805134 1.5236574 1.6364895 1.6204007 1.4855775 1.5061323 1.4988102 1.6015237 0.9910942 1.6559129 1.6537878 1.6053433 1.6272930 1.6263294 1.5966532 1.6248227 1.6897599 1.5675121 1.5398587 1.6119031 1.4477774 1.4455535 1.9485315 1.9595759 1.6977023 1.6512454 1.6365208 1.7200082 1.3086662 1.6419308 1.7778624 1.6720670 1.4547119 1.6298310 1.2043694 1.6629319 1.6640380 1.8122400 1.2830009 1.6077757 1.6415765 1.5819031 1.5386049 2.5845698 1.7340855 1.2798006 1.8802991 1.8802991 1.8065726 2.1478259 2.3185432 2.2752164 1.9185152 1.9185152 1.0219974 2.1282065 2.3194625 1.9782683 2.0055378 1.8343767 1.3055148 1.3525598 1.2826923 1.5998784 1.8691574 1.9778217 1.9237103 1.2653023 1.6623606 1.6822373 1.4384370 1.6108321 1.8300611 1.6533471 1.6166589 1.6034905 1.6722740 1.6722740 1.6097057 1.6332789 1.9068428 2.1655349 2.2387259 2.2387259 1.9954279 1.9704236 1.4303891 1.8802866 1.3972382 1.6664621 1.6277336 1.7500644 1.2924587 1.4547444 1.4950159 1.6385330 1.9700867 2.3097343 1.9681471 2.0784115 2.0503508 2.3750341 1.6718275 2.4308129 2.2658802 1.7266119 1.6265488 1.8023930 4.5174001 
Chofle_EP00730_Choanoeca_flexa_P019891            0.0000010 1.4159785 4.9844164 1.1433888 0.8681065 0.7705357 0.0000000 0.2420044 0.5117551 1.1638455 1.1550155 0.9019063 1.0009186 1.2371886 0.7811548 2.2316457 3.0247725 0.8809731 2.0202706 2.1874085 2.1632822 2.1632822 1.9061847 2.5021775 0.6347126 2.2461898 2.2417630 2.2541652 2.9558424 2.0470898 1.9548954 2.7887682 2.2620426 2.0625822 2.3390576 2.1490307 1.3152624 1.5357836 1.7888918 1.8787231 1.8499124 1.8161078 1.9494896 1.7784310 1.9096905 0.0000010 2.1589770 2.0716583 1.9895309 1.9758900 1.9754683 1.9631287 1.9893631 2.0973560 1.8677239 1.9773476 1.6759627 1.5217929 0.0000010 2.4556955 2.4667575 2.1811399 1.9506745 1.9598134 1.9340035 1.5492013 2.0816577 1.8813768 1.8960003 1.4798718 2.0341837 0.0000010 1.8818168 1.8293525 1.8917249 1.2211738 1.6541302 1.6512538 2.0547253 1.8524806 2.8203884 2.0999744 1.3291637 2.1230499 2.1230499 1.8727967 2.2401559 2.5099379 2.4246210 2.2703905 2.2703905 1.1003678 2.3945227 2.4250294 2.1010095 2.0733705 2.1875452 1.3677930 1.4821493 1.3664685 1.5334420 2.0058245 2.5179159 2.0303644 0.0000010 2.6883180 5.5638688 0.0000010 2.1251846 2.1096888 1.2245396 1.7226671 1.6574460 1.9809295 1.9809295 1.7444127 1.9181847 2.3075033 2.3169030 2.3848714 2.3848714 2.2393855 2.3792495 1.5549763 2.2142811 0.5952464 0.0000010 2.0700208 2.1644454 0.0000010 1.5843691 1.4442992 4.2224690 2.2058163 2.6609357 1.9704711 2.1480758 2.1819569 2.4042082 1.8195720 2.8296593 2.8459635 1.7100222 1.8765555 2.1167544 3.9237336 
Choper_EP00045_Choanoeca_perplexa_P014034         1.0337957 1.3866881 1.6239225 1.1039614 0.8726325 0.7826037 0.2420044 0.0000000 0.4456313 1.2393166 1.1296395 0.9748664 1.0858089 1.4305244 0.8819759 2.1178765 3.1142865 1.4637775 1.9243087 1.9878065 1.9980048 1.9980048 1.7596642 2.5107381 0.6726869 1.9673150 2.0081762 2.0287261 3.0274007 1.9658478 1.8764763 2.9385502 2.2789382 1.9150436 2.3311224 2.1382737 1.4062804 1.6969675 1.7279163 1.7471719 1.9525334 1.8521945 1.7294455 1.6905016 1.7765006 1.0870296 1.7714637 1.7997361 1.7262638 1.7323937 1.7331362 1.7102620 1.7287684 1.8016919 1.7093046 1.8429961 1.5482637 1.4920869 1.5255954 2.2670471 2.2689675 1.9644743 1.8534568 1.8892708 1.9627402 1.6180678 1.9576953 1.8196252 1.7545729 1.4598291 1.7345338 1.2271612 1.8290906 1.7891980 1.8396799 1.3326145 1.6914454 1.6491805 1.7421557 1.6438868 2.7804457 2.1735876 1.5449798 2.0405102 2.0405102 1.8996488 2.2915004 2.4963171 2.4619355 2.1325304 2.1325304 1.1728912 2.4827144 2.3843847 2.1982498 2.1318867 2.1086615 1.4762833 1.5989810 1.4955309 1.7091805 2.0072119 2.4661936 2.0725385 1.3282284 1.6161648 1.6024522 1.3125843 1.8868686 2.1170813 1.8307318 1.6955146 1.6690416 1.8521887 1.8521887 1.6894839 1.9976497 2.2708542 2.6055335 2.5608646 2.5608646 2.2712302 2.4601488 1.5713652 1.9931904 1.1941080 1.5992241 1.5912261 1.9635740 1.3568313 1.5801349 1.4037968 1.6040632 2.2770551 2.4960641 2.1570137 2.6042495 2.2192322 2.4810785 1.8440246 2.5652590 2.7692801 1.7582847 1.9185197 2.4609890 4.0595247 
Mbre_EDQ88909                                     1.0276078 1.3814391 1.8254556 1.0837003 0.8630279 0.7753374 0.5117551 0.4456313 0.0000000 1.1745990 1.0239258 0.9836392 1.0460485 1.4451776 0.8803456 2.0719947 3.1042088 1.4782174 1.9325176 1.8979144 1.9553695 1.9553695 1.7175595 2.4802727 0.6670480 1.9671562 2.0108734 2.0149086 2.8788096 1.9699664 1.9243753 2.6153676 2.3350754 1.9094524 2.2240352 2.1774249 1.3322793 1.5922590 1.6258561 1.6243981 1.8284760 1.7084811 1.6192368 1.6168894 1.6428875 1.0968391 1.7043991 1.7219730 1.6898588 1.6712290 1.6671511 1.6276432 1.6140893 1.7395133 1.7302546 1.7946059 1.4759168 1.5046719 1.4133398 2.2252571 2.2207677 1.9196368 1.8924446 1.8700825 1.9529738 1.6035661 1.9555853 1.8293397 1.6880705 1.4379151 1.7783784 1.4439146 1.7897418 1.7817919 1.7819443 1.2751224 1.6183040 1.7644605 1.6749531 1.5813418 2.3566292 2.1170462 1.3667147 1.8987236 1.8987236 1.8296375 2.1967599 2.3822785 2.3282887 2.0847906 2.0847906 1.0931878 2.4366175 2.3114582 2.0957539 2.0485079 2.0071012 1.2521588 1.3961894 1.2733619 1.6260196 1.9672293 2.3975745 2.0669396 1.2345382 1.6296719 1.5809692 1.3442649 1.8181573 2.0577385 1.7892097 1.6199269 1.5930470 1.7293497 1.7293497 1.5784430 1.8117998 2.2455995 2.4665539 2.4387418 2.4387418 2.1352998 2.3302981 1.4944381 1.9422346 1.2819480 1.5948400 1.6949918 1.8998036 1.3276408 1.5163737 1.5990789 1.6233087 2.0544157 2.5465630 2.0920207 2.4121188 2.0620498 2.3678565 1.8180432 2.4505167 2.6359938 1.6592118 1.7203063 2.1343495 4.1588433 
Salurc_EP00051_Salpingoeca_urceolata_P001512      1.1061985 1.4026235 1.4934065 1.4053889 1.1687223 1.1202670 1.1638455 1.2393166 1.1745990 0.0000000 1.0048252 0.9284900 0.9317366 1.3763713 0.8181295 2.0506619 2.3844928 1.4693455 1.7076717 1.7990147 1.7756654 1.7756654 1.6788403 2.0300202 0.5828394 1.7533736 1.7860623 1.7406245 2.3515543 1.8221180 1.8025997 2.4696088 2.1773229 1.8603465 2.0655410 1.9129153 1.3525122 1.5336331 1.5509936 1.5838493 1.6798911 1.6095438 1.5293305 1.5559941 1.6624224 1.3880524 1.7432018 1.6837079 1.6349163 1.6880710 1.6832259 1.6485871 1.5493093 1.7337251 1.5070273 1.6026703 1.6611904 1.6476632 1.7493867 2.0925906 2.0868511 1.8509495 1.8973616 1.8770046 1.9345281 1.4448713 1.8976537 1.8203865 1.6282174 1.4724482 1.5749932 1.4276429 1.7002296 1.7013749 1.7606476 1.2546938 1.4834211 1.5811518 1.6414087 1.5547986 2.0563581 1.7516140 1.4784398 1.7983050 1.7983050 1.9241749 2.1615982 2.2003383 2.1931170 1.9198188 1.9198188 1.1339960 2.2072392 2.2151244 2.0159090 2.0609060 1.9190711 1.3236783 1.4536930 1.3605014 1.5218159 1.8976863 1.9872914 1.9311037 1.3547907 1.7294098 2.0916501 1.5816769 1.6831526 1.8824706 1.6852333 1.7399046 1.7515467 1.6790626 1.6790626 1.5617584 1.4612001 1.9008264 2.3539406 2.2197588 2.2197588 1.8940871 2.0566605 1.4814675 1.8407473 1.4066932 1.9743966 1.6128071 1.9329595 1.4521094 1.4057768 1.6203247 1.5001601 1.9392308 2.3085625 2.0179375 2.3656065 2.0973655 2.5478234 1.5645372 2.3779569 2.4032135 1.6954928 1.6485694 1.8706738 3.8995827 
Saldol_EP00054_Salpingoeca_dolichothecata_P010420 1.1267314 1.1698959 1.6307692 1.3876932 1.1722308 1.0752151 1.1550155 1.1296395 1.0239258 1.0048252 0.0000000 0.8743808 0.8620270 1.3216545 0.7992877 1.9855373 2.4733762 1.2337476 1.6128632 1.7487087 1.7270620 1.7270620 1.4286608 2.3066597 0.5474584 1.5936113 1.6127377 1.6482870 2.2399142 1.6996236 1.5788083 1.6485785 2.0183176 1.6021871 1.6600506 1.4137536 1.6613101 1.9117816 1.3433237 1.4512651 1.5048019 1.5177717 1.4127375 1.3848179 1.4673991 1.0545851 1.5337960 1.4313570 1.4035103 1.4634298 1.4646068 1.4063652 1.4187471 1.6212352 1.4646067 1.5012073 1.4120403 1.4162218 1.6158209 1.9437135 1.9235315 1.7036622 1.6462105 1.6112532 1.6742094 1.3216564 1.5861957 1.5750132 1.4082720 1.2819111 1.4253917 1.3160021 1.4778842 1.4759167 1.4392172 1.2509002 1.4173093 1.4236299 1.4359180 1.3714236 1.8680723 1.5959639 1.5057139 1.7427370 1.7427370 1.7291973 2.1122120 2.3082245 2.3013577 1.7869956 1.7869956 1.0776485 2.0898759 2.1416099 1.8349000 2.0080745 1.7662934 1.3075944 1.3170194 1.3617506 1.5130723 1.7793391 2.0679124 1.8307809 1.1110806 1.5161709 1.6673836 1.3709553 1.6621622 1.8488987 1.5923488 1.6329804 1.6167081 1.5401825 1.5401825 1.3868668 1.5613523 1.8619279 2.2077249 2.1220653 2.1220653 1.9038083 1.9920764 1.3351782 1.8082711 1.2466252 1.8703428 1.5388024 1.6890681 1.3266307 1.3866418 1.4050187 1.3345818 1.8992655 2.3131579 1.9382015 2.1826977 1.7299467 2.0584155 1.6739816 2.2109221 2.4054231 1.5668465 1.4044846 2.4939016 3.6247181 
Salkve_EP00050_Salpingoeca_kvevrii_P002288        1.0264508 1.2247683 1.5357840 1.3526623 1.0870919 1.0421008 0.9019063 0.9748664 0.9836392 0.9284900 0.8743808 0.0000000 0.7182822 1.2299686 0.6216231 1.9963216 2.6496874 1.2401600 1.6298755 1.7315471 1.7135172 1.7135172 1.5543206 2.0663624 0.5411773 1.7590639 1.7671826 1.6130616 2.2155808 1.6983499 1.7260715 2.5983947 2.0516231 1.6908383 2.3428353 2.2074168 1.4184952 1.5660127 1.4299048 1.4500283 1.5597277 1.4878617 1.4774257 1.4689682 1.4859047 0.9576815 1.5750194 1.5596530 1.5159971 1.5218802 1.5228695 1.5055840 1.4975433 1.6001938 1.4891549 1.4546060 1.4402889 1.3042509 1.3831116 1.9077562 1.9443527 1.6831194 1.6076899 1.5832686 1.7151072 1.4261149 1.6701107 1.6257983 1.4592538 1.3001026 1.4576062 1.1468787 1.4980127 1.5161229 1.5476639 1.1499882 1.4050443 1.2738834 1.5013523 1.4255045 2.9339189 1.8714205 1.5218144 1.7542912 1.7542912 1.5879186 1.9089075 2.3055145 2.2483209 1.8242817 1.8242817 0.8253999 2.0800764 2.0287534 1.9421011 1.9051487 1.8242459 1.2822292 1.3675076 1.2724319 1.5198690 1.8478253 1.8082730 1.9482936 1.1932174 1.3370601 1.7011090 1.3390930 1.5797730 1.7516673 1.5386737 1.6087466 1.6427289 1.4949204 1.4949204 1.3870990 1.5205753 1.8686527 2.2201005 2.0827676 2.0827676 1.8990657 2.0970839 1.3404438 1.8525834 1.1053508 1.5174411 1.3694521 1.7057832 1.1122833 1.4486618 1.3913329 1.3170183 1.9718057 2.2749707 1.9974356 2.3764156 1.9676827 2.1758485 1.6480614 2.4160271 2.7111675 1.8104433 1.6600587 1.8352700 4.3522311 
Salmac_EP00052_Salpingoeca_macrocollata_P020293   1.1019040 1.1467181 1.7504519 1.2300870 1.0572989 1.0272592 1.0009186 1.0858089 1.0460485 0.9317366 0.8620270 0.7182822 0.0000000 0.4375832 0.5243581 1.9170289 2.4754320 1.4080717 1.6679212 1.7221171 1.7691514 1.7691514 1.5874479 2.1859323 0.5417676 1.6650959 1.6920198 1.7154617 2.4871244 1.7106703 1.7056066 2.7302057 2.1072900 1.8092077 1.9431522 1.6917072 1.4897878 1.5083389 1.3892566 1.4832726 1.5572235 1.5840246 1.4833521 1.4972885 1.5698669 1.0241235 1.5062218 1.5069799 1.4458886 1.4844006 1.4853798 1.4666011 1.4779827 1.6664175 1.5066892 1.4843364 1.3340232 1.3586559 1.5384077 1.9983268 2.0157981 1.7097311 1.7083851 1.6870334 1.7439603 1.3819539 1.6892097 1.6299972 1.4903168 1.3731570 1.5190911 1.4595598 1.5490784 1.5660113 1.5781051 1.2463354 1.4541273 1.4182088 1.4894419 1.4161137 2.7048937 1.6213265 1.4913411 1.7310196 1.7310196 1.6429252 1.9417839 2.0688762 2.0370419 1.8241128 1.8241128 0.9535689 2.0214809 1.9513070 1.8623684 1.9172243 1.8053132 1.3738668 1.3438082 1.3786169 1.5486350 1.6833309 1.8327082 1.6812501 1.1509463 1.4475653 1.6278703 1.5226415 1.6181504 1.8104248 1.6006149 1.6193661 1.6170940 1.5898854 1.5898854 1.4558865 1.5547693 1.9335471 2.1732903 2.1329194 2.1329194 1.9308855 1.9223438 1.3251377 1.8116982 1.2898280 1.6115866 1.5669094 1.7285030 1.4068693 1.3152647 1.5950465 1.4677829 1.9313726 2.3571425 1.9205595 2.2956931 2.0496623 2.2650253 1.6837483 2.3838874 2.9527473 1.6756946 1.5439034 1.8205774 4.2005929 
Salmac_EP00052_Salpingoeca_macrocollata_P020295   1.4570191 1.5472410 2.1795082 1.5910840 1.4264854 1.4575923 1.2371886 1.4305244 1.4451776 1.3763713 1.3216545 1.2299686 0.4375832 0.0000000 1.2202795 0.6336095 2.4754320 1.7829802 1.8145358 1.8706612 1.8676507 1.8676507 1.7356285 2.1217156 0.5417676 1.8197950 1.7903572 1.7796894 2.4871244 1.9200768 1.9419559 2.7302057 2.0642609 1.9742815 1.7619207 1.7475379 1.4897878 1.5083389 1.6476823 1.6571873 1.7256813 1.5941016 1.6676089 1.7530672 1.8873864 1.3995557 1.8758043 1.7480106 1.7077083 1.8055888 1.8049407 1.7658555 1.7855931 1.9426886 1.8134259 1.7650151 2.0516218 1.9077662 2.0032529 2.2548597 2.2393153 1.9275813 1.9488786 1.9094460 1.9084767 1.3819539 1.9336323 1.8450060 1.7925269 1.8536434 2.0409804 1.5715554 1.8107748 1.8184200 1.8402853 1.7988357 1.7642994 2.0253402 1.7876773 1.7052561 2.5625517 1.6644326 1.4913411 1.9923464 1.9923464 1.6429252 1.9417839 2.0722686 2.0405658 2.0393173 2.0393173 0.9535689 2.1938315 1.9513070 1.9074571 1.9172243 2.0360419 1.3437640 1.4942994 1.3576019 1.7300224 1.7371660 2.1160754 1.7655198 1.4346088 1.9933996 2.4317870 1.7775132 1.8945325 2.0301504 1.5384375 1.8742920 1.8976278 1.8178938 1.8178938 1.6771918 1.5547693 1.9538950 2.2245384 2.0951791 2.0951791 1.9219947 1.9807993 1.6317949 2.0410777 1.8648407 2.4709683 2.1918556 2.0108787 1.6071180 1.6498689 2.0056604 1.8974048 1.9313726 2.4544888 2.1997550 2.4173695 2.1003818 2.3407498 1.9471848 2.4786270 2.9549553 2.0375562 2.5740184 1.8205774 4.0577852 
Salpun_EP00053_Salpingoeca_punica_P026038         1.0520347 0.9876714 1.6372102 1.2076492 1.0685983 0.9798877 0.7811548 0.8819759 0.8803456 0.8181295 0.7992877 0.6216231 0.5243581 1.2202795 0.0000000 1.7174393 0.0000010 1.3219988 1.3947668 1.4575614 1.4559170 1.4559170 1.4066437 1.9443694 0.9006692 1.3205975 1.3352222 1.3448112 0.0000010 1.6240805 1.6321119 2.6523601 1.8455747 1.5293967 1.7254459 1.5063216 1.4349853 1.5981032 1.1849399 1.3137719 1.3056995 1.4193935 1.3115171 1.2351956 1.3238800 0.9548497 1.1831718 1.1922754 1.1744541 1.2394273 1.2399324 1.1980648 1.1951001 1.3571778 1.3266229 1.3613962 1.3351505 1.2566705 1.3237873 1.5866567 1.5674672 1.4547902 1.4325890 1.4459288 1.5769957 1.6276324 1.5069457 1.3749928 1.3204796 1.2864952 1.4259841 1.1932967 1.4018135 1.3409359 1.4624820 1.0167393 1.5509063 1.3387793 1.2947037 1.2947037 2.0141343 1.6097132 2.2655499 1.5581072 1.5581072 1.4084724 1.6681212 1.8825187 1.8825187 1.4998200 1.4998200 0.9793390 1.7348016 1.9997069 1.7908787 1.7217280 1.5644045 1.8425148 1.6415351 1.9607841 1.5570917 1.6491492 1.6686219 1.6491492 1.0608187 1.4452831 1.5464774 1.3399889 1.3729270 1.6149548 2.0731359 1.5758569 1.6218764 1.4002361 1.4002361 1.4002361 1.5827136 1.7144548 2.1323394 1.9207137 1.9207137 1.7376074 1.8309971 1.3507042 1.7519832 1.1246526 1.3576076 1.3378763 1.4909843 1.2213117 1.3115746 1.3914738 1.3421814 1.5001108 1.9335246 1.8758737 2.4468464 1.6971243 1.7241616 1.6759998 1.7646632 2.4869136 1.7470758 1.5641891 1.6154027 3.9493794 
Salmac_EP00052_Salpingoeca_macrocollata_P020296   1.4570191 2.1420514 2.1795082 2.4902773 2.1005760 2.1497558 2.2316457 2.1178765 2.0719947 2.0506619 1.9855373 1.9963216 1.9170289 0.6336095 1.7174393 0.0000000 3.8153457 1.7829802 2.0986492 1.9534637 1.9819159 1.9819159 1.6092961 2.7625719 1.2402899 2.0404924 2.0113219 2.0515837 3.7024468 2.0524805 2.0877107 1.4408999 2.2752007 2.0051521 1.2974082 1.3340766 1.6163911 1.6682983 1.9084368 1.8259668 1.9732599 2.2495621 1.8847621 1.9729406 2.0913655 1.3995557 2.0622289 1.8863542 1.9193295 1.9899431 1.9956805 1.9501346 1.9259785 1.9118956 2.0080823 1.9950701 2.0516218 1.8746571 2.0032529 2.2186225 2.1903851 2.0179017 2.0606513 2.0212876 2.0171974 1.4765072 2.0934145 2.0289980 1.9116275 1.6989695 1.8537558 1.5715554 1.9587827 1.9503034 1.9783279 1.8037423 1.6897721 2.0448978 1.9456815 1.9181131 2.1162831 1.6700844 2.2113933 2.3060537 2.3060537 2.5526993 2.8259994 2.5644467 2.5017329 2.3096125 2.3096125 1.8294002 2.5795941 2.9737959 2.3313809 2.7163853 2.2142612 1.6634170 1.7427677 1.7241626 1.8585735 2.2399620 2.1080692 2.0675500 1.4346088 2.0500021 2.4317870 1.7775132 2.1041110 2.2516033 2.0188707 2.4658436 2.5312706 2.0148348 2.0148348 1.9314261 2.4435871 2.0883759 2.4225685 2.1911286 2.1911286 2.0806998 2.1488756 2.3247384 2.1002383 1.8648407 2.4709683 2.2490242 2.0412242 1.6071180 2.2950982 2.1419811 1.8939907 2.1251760 2.2922723 2.7033713 2.4790707 1.9690127 2.3940503 2.5649215 2.6108239 1.8343145 2.2882152 2.5648123 3.2735636 4.4750466 
Spolac_c102418_g1_i1_m.29232c102177-g1            0.0000010 3.3114452 0.0000010 3.3021056 2.8656307 2.7621032 3.0247725 3.1142865 3.1042088 2.3844928 2.4733762 2.6496874 2.4754320 2.4754320 0.0000010 3.8153457 0.0000000 0.0000010 0.1663380 0.9000852 0.8978860 0.8978860 3.0743711 0.8978860 0.0750199 0.4180719 0.4180719 0.2349956 0.4229480 1.1990459 1.2639899 0.0000010 0.9833877 1.3404971 0.0000010 1.1694734 0.0000010 0.0000010 1.9742364 1.9259524 1.9438500 1.6641754 1.6807822 2.0380359 2.1223261 0.0000010 3.6485473 2.9145543 2.6601976 2.7578255 2.7264788 2.6771219 1.8784687 2.0774121 2.0676446 2.0936416 0.0000010 1.2910232 0.0000010 3.4979820 3.4791812 2.4545420 2.6064479 2.5597841 2.3351491 0.4660364 2.6038119 2.3836046 2.2229285 0.1267615 9.0000000 0.0000010 2.2727987 2.3038998 2.4981930 1.6053956 0.5527812 4.2381168 2.3054482 1.9564613 0.0000010 0.0000010 0.4523951 2.3687070 2.3687070 2.1559396 2.4243341 2.5377786 2.3056861 2.5787208 2.5787208 1.1187955 2.5787208 2.3373591 2.3373591 2.3373591 2.4051243 0.6851257 0.7207566 0.7207566 0.8775503 2.1584169 0.0000010 3.3587013 0.0000010 4.3937444 0.0000010 0.0000010 2.5492023 2.6375964 1.4042180 2.9188226 2.8102789 2.1841700 2.1841700 1.8767382 1.8612619 2.1642663 2.3082520 2.5856512 2.5856512 2.0911353 2.3199271 2.7685713 2.0537666 0.0000010 0.0000010 6.1728767 6.8374550 0.0000010 3.2632052 2.8335019 2.3030250 2.6621909 2.7474537 2.9383343 1.4524557 2.2861308 3.0744942 3.2379789 5.0237467 0.0000010 0.3863690 0.0000010 3.4015602 3.4007986 
Spolac_c102177_g1_i3_m.28227c102177-g1            1.3294494 1.5786925 1.7818571 1.8539608 1.6210509 1.4778299 0.8809731 1.4637775 1.4782174 1.4693455 1.2337476 1.2401600 1.4080717 1.7829802 1.3219988 1.7829802 0.0000010 0.0000000 0.1250941 0.4816749 0.5167347 0.5167347 0.5167347 1.6027667 0.0000010 0.2508037 0.2471500 0.1401610 0.0000010 0.6554423 0.6954876 0.0000010 2.5264998 0.6947184 0.0000010 0.0000010 0.0000010 0.0000010 1.1439339 1.1223110 1.0249674 1.7200071 1.0998239 1.1251437 1.1851604 0.9649851 1.2550586 1.2840571 1.2104509 1.2431812 1.2537014 1.2022265 1.1305220 1.0532873 1.0187440 1.0993796 1.3596844 1.3278088 1.4772378 1.2891821 1.2678458 1.2906596 1.2314289 1.2471142 1.4445397 0.0000010 1.4033409 1.3109911 1.2933961 1.2992730 1.2206631 1.2390721 1.3527727 1.3342707 1.1859697 1.1188478 1.4065879 1.5069353 1.2493797 1.2493797 0.0000010 0.6194364 0.0000010 1.4709256 1.4709256 0.0000010 0.0000010 0.0000010 0.0000010 1.4034867 1.4034867 0.0000010 1.8320738 0.0000010 0.8996646 0.0000010 1.3789741 0.0000010 0.9558031 0.0000010 1.4588730 1.0778431 1.0778431 1.0778431 1.3625413 1.3027533 2.0743576 1.4309120 1.2381966 1.5331054 7.9317025 1.8821932 1.8891446 1.2685441 1.2685441 1.2685441 0.0000010 6.6900060 4.6938306 3.3118008 3.3118008 1.7261592 1.7200071 1.7541651 1.1878126 1.2128284 1.7367497 1.2719479 1.2135883 0.9938968 1.7753454 0.6404426 0.2613713 0.0000010 1.5537441 2.3479481 5.2923911 3.6618773 3.6618773 2.1363386 1.9930181 0.8951182 2.2177611 1.9208675 0.0000010 4.3901378 
Emue_Em0044g25a.t1                                1.3816740 2.0204009 1.9895598 2.0668111 1.8035194 1.7628606 2.0202706 1.9243087 1.9325176 1.7076717 1.6128632 1.6298755 1.6679212 1.8145358 1.3947668 2.0986492 0.1663380 0.1250941 0.0000000 0.6369232 0.6378434 0.6378434 0.5030438 0.8834834 0.0849837 0.3581930 0.3608595 0.0227043 0.4359752 0.7758563 0.8503965 0.7297015 0.8554014 0.8990619 0.3403491 0.1152357 0.4812420 0.4883088 1.3374514 1.3626606 1.3883663 1.5538320 1.3898226 1.3494614 1.4094582 0.9396821 1.6436283 1.5200615 1.4825067 1.5840886 1.5772001 1.4965956 1.3280676 1.3735931 1.3506762 1.3334802 1.3122613 1.2641084 1.4109097 1.8640965 1.8495523 1.6216129 1.5833009 1.6292585 1.8074200 1.1987062 1.6417796 1.5208566 1.5571968 1.3158872 1.3952303 1.1567687 1.6512673 1.6371908 1.6312430 1.0931571 1.3625928 1.6343614 1.5003852 1.4258968 1.8949545 0.9955448 1.6129818 1.6732106 1.6732106 1.9320442 2.0300425 2.0605581 1.9547044 1.7223815 1.7223815 1.1500604 2.0156441 2.1988923 1.6771071 1.8356250 1.6415338 1.2172915 1.1992996 1.2351177 1.3786129 1.7096172 1.2309632 1.5993865 1.3381953 1.4128994 2.0561343 1.3850166 1.5743927 1.7420850 2.0267296 2.1898215 2.1163448 1.5393889 1.5393889 1.4394353 1.5099442 1.7062481 1.9646182 1.8915036 1.8915036 1.6546178 1.6807059 2.0282777 1.5227203 1.1979875 1.6824420 1.6426223 1.6592141 1.0242467 2.0323722 0.7728248 0.3419036 2.1477790 1.8924353 2.3800114 2.3196100 1.9560389 2.1525924 2.4446864 2.4539201 1.9452311 1.9763413 2.0997372 2.6783532 4.3009188 
Emue_Em0009g526a.t1                               1.4446806 2.0107580 1.9906426 2.0252774 1.8806475 1.7899760 2.1874085 1.9878065 1.8979144 1.7990147 1.7487087 1.7315471 1.7221171 1.8706612 1.4575614 1.9534637 0.9000852 0.4816749 0.6369232 0.0000000 0.2857633 0.2857633 0.2082582 0.4921997 0.1159395 0.6393990 0.6381485 0.6893135 0.8694277 0.7981470 0.7904228 0.9190859 0.8809093 0.9139315 0.5198092 0.4073791 0.6259863 0.6245118 1.2749477 1.3004485 1.3562796 1.5447872 1.3779684 1.3678980 1.3772822 0.9357131 1.6303851 1.5463845 1.5082874 1.5034093 1.5040137 1.4888760 1.2868483 1.3318958 1.3878358 1.3413585 1.3643019 1.3145187 1.4102479 1.7678808 1.7419972 1.5319880 1.5183526 1.4885627 1.5839936 1.2572543 1.5059963 1.3910784 1.4025227 1.3263265 1.2852019 1.1152638 1.4905726 1.4593164 1.5149652 1.0693342 1.3806214 1.5742018 1.4601253 1.3790171 1.8383153 1.2325341 1.8099049 1.6395504 1.6395504 1.6595813 1.9570401 1.9224175 1.8566497 1.7070150 1.7070150 1.0206456 1.9644723 1.9548170 1.6530807 1.7794923 1.6454560 1.1348980 1.2203041 1.2255734 1.4387210 1.6914734 1.7152856 1.8237385 1.2887682 1.3585914 1.9188605 1.4455229 1.6123992 1.7441921 1.9248502 2.1524913 2.1119198 1.5828643 1.5828643 1.4743502 1.4774352 1.7198762 1.9034732 1.8903744 1.8903744 1.6206399 1.7322637 2.0713758 1.4749809 1.2734812 1.7484588 1.7636535 1.7508037 1.0942546 1.9549708 0.7994381 0.6127379 1.7945579 1.8557409 2.3828477 1.9305737 1.7183730 1.9844766 2.3976062 2.3440215 2.5145164 2.1716550 2.3292406 2.7615260 3.7485900 
Spolac_c104770_g3_i6_m.43151c102177-g1            1.4537808 2.0599025 2.1450412 1.9997225 1.8783329 1.7714396 2.1632822 1.9980048 1.9553695 1.7756654 1.7270620 1.7135172 1.7691514 1.8676507 1.4559170 1.9819159 0.8978860 0.5167347 0.6378434 0.2857633 0.0000000 0.0000010 0.0048850 0.0445657 0.0544294 0.6713922 0.6717450 0.6813990 0.8614137 0.8247750 0.8694391 1.1813362 0.8848012 0.9461097 0.5661169 0.3447477 0.7897483 0.7166140 1.2929654 1.3395237 1.4202207 1.5277380 1.3563849 1.3326527 1.3757784 1.0389261 1.6078524 1.5125576 1.4698182 1.4964815 1.4910612 1.4376310 1.2793830 1.3220092 1.3816837 1.3457707 1.5666574 1.2592450 1.3535337 1.7989277 1.7671497 1.5553511 1.5225457 1.5155984 1.6137048 1.1761816 1.5225493 1.4286216 1.4210528 1.3187337 1.3335248 1.1867738 1.5106451 1.4969672 1.5653086 1.0835590 1.3984425 1.5305486 1.4474346 1.3834539 1.7781072 1.2241090 1.6111570 1.6071304 1.6071304 1.6347868 1.9457577 1.9359550 1.8633100 1.6871399 1.6871399 1.0558551 1.9426969 2.0024721 1.6887133 1.8399577 1.6522586 1.1905327 1.2457064 1.3069960 1.3673591 1.6307856 1.5582635 1.6506746 1.2770815 1.3654643 1.9752084 1.5266119 1.5792874 1.7169942 1.9639207 2.1935888 2.1705030 1.5177490 1.5177490 1.4227441 1.4519272 1.8265224 1.9833392 1.8738838 1.8738838 1.6253326 1.7506026 2.0744420 1.4607182 1.2513386 1.8575800 1.7650301 1.7880670 1.1379891 1.9490865 0.8078605 0.6573088 1.8418064 1.9196327 2.4672821 1.9764373 1.7593356 1.9701626 2.4250413 2.2522749 2.4653182 2.1369513 2.4036947 2.5800735 3.6432825 
Spolac_c104770_g3_i1_m.43140c102177-g1            1.4537808 2.0599025 2.1450412 1.9997225 1.8783329 1.7714396 2.1632822 1.9980048 1.9553695 1.7756654 1.7270620 1.7135172 1.7691514 1.8676507 1.4559170 1.9819159 0.8978860 0.5167347 0.6378434 0.2857633 0.0000010 0.0000000 0.0048850 0.0445657 0.0544294 0.6713922 0.6717450 0.6813990 0.8614137 0.8247750 0.8694391 1.1813362 0.8848012 0.9461097 0.5661169 0.3447477 0.7897483 0.7166140 1.2929654 1.3395237 1.4202207 1.5277380 1.3563849 1.3326527 1.3757784 1.0389261 1.6078524 1.5125576 1.4698182 1.4964815 1.4910612 1.4376310 1.2793830 1.3220092 1.3816837 1.3457707 1.5666574 1.2592450 1.3535337 1.7989277 1.7671497 1.5553511 1.5225457 1.5155984 1.6137048 1.1761816 1.5225493 1.4286216 1.4210528 1.3187337 1.3335248 1.1867738 1.5106451 1.4969672 1.5653086 1.0835590 1.3984425 1.5305486 1.4474346 1.3834539 1.7781072 1.2241090 1.6111570 1.6071304 1.6071304 1.6347868 1.9457577 1.9359550 1.8633100 1.6871399 1.6871399 1.0558551 1.9426969 2.0024721 1.6887133 1.8399577 1.6522586 1.1905327 1.2457064 1.3069960 1.3673591 1.6307856 1.5582635 1.6506746 1.2770815 1.3654643 1.9752084 1.5266119 1.5792874 1.7169942 1.9639207 2.1935888 2.1705030 1.5177490 1.5177490 1.4227441 1.4519272 1.8265224 1.9833392 1.8738838 1.8738838 1.6253326 1.7506026 2.0744420 1.4607182 1.2513386 1.8575800 1.7650301 1.7880670 1.1379891 1.9490865 0.8078605 0.6573088 1.8418064 1.9196327 2.4672821 1.9764373 1.7593356 1.9701626 2.4250413 2.2522749 2.4653182 2.1369513 2.4036947 2.5800735 3.6432825 
Spolac_c104770_g3_i3_m.43145c102177-g1            1.4537808 1.8188765 2.1450412 1.7918954 1.7139203 1.6454316 1.9061847 1.7596642 1.7175595 1.6788403 1.4286608 1.5543206 1.5874479 1.7356285 1.4066437 1.6092961 3.0743711 0.5167347 0.5030438 0.2082582 0.0048850 0.0048850 0.0000000 1.8785314 0.0000010 0.5583453 0.5541034 0.4910742 1.8958956 0.7036095 0.7813860 1.1813362 0.7932288 0.8246581 0.5661169 0.3289821 0.1599700 0.0000010 1.0885891 1.0814287 1.1612592 0.8646428 1.1514402 1.0833055 1.1524792 1.0389261 1.2191159 1.2343642 1.1739237 1.2340738 1.2278808 1.1341124 1.0653055 1.0693292 1.1950282 1.1265651 1.5666574 1.2502003 1.3535337 1.3944978 1.3459521 1.2725267 1.2103901 1.2359820 1.3207843 1.0368908 1.2941076 1.2208505 1.2253007 1.2611261 1.2290733 1.1867738 1.2942748 1.2772862 1.2835488 1.0725650 1.4175836 1.4725832 1.1849860 1.1849860 1.7781072 1.2241090 0.0000010 1.3688457 1.3688457 0.0000010 0.4998014 1.4468845 1.4468845 1.3607034 1.3607034 0.0000010 1.6240217 0.0000010 1.2884163 0.8132704 1.3520796 1.2395402 1.2917124 1.5770382 1.3389898 1.3620637 1.5582635 1.3620637 1.2770815 1.3186241 1.9752084 1.5266119 1.3251007 1.4855632 4.1028330 1.9754336 1.9815914 1.3085559 1.3085559 1.2919031 0.0000010 1.3521687 1.9735349 1.6761388 1.6761388 1.4321057 1.4261400 2.0844288 1.1902368 1.2513386 1.8575800 1.5678994 1.3510616 1.1379891 1.7188707 0.6765922 0.6398191 1.1861415 1.6099985 2.4777385 2.1833336 1.5187097 1.5371774 2.2437164 1.7374295 2.4653182 2.2485850 2.4036947 1.6308096 3.8001470 
Spolac_c104770_g3_i4_m.43146c102177-g1            0.0000010 2.6094365 0.0000010 2.4083907 2.2052936 2.0594300 2.5021775 2.5107381 2.4802727 2.0300202 2.3066597 2.0663624 2.1859323 2.1217156 1.9443694 2.7625719 0.8978860 1.6027667 0.8834834 0.4921997 0.0445657 0.0445657 1.8785314 0.0000000 0.0544294 0.9617237 0.9617237 0.9751775 0.8614137 1.1152511 1.0920294 2.0519091 1.0042195 1.2271412 1.1294080 1.2748620 1.0252881 0.8452270 1.7311082 1.8991625 1.8982860 1.6732990 1.7753777 1.8409588 1.8467523 0.0000010 2.5232991 2.1596590 2.0805720 2.0728901 2.0687985 2.0679691 1.7430072 1.8486618 1.7452147 1.8056262 3.8800827 3.0441836 0.0000010 2.5585031 2.5277251 2.0972976 2.2175665 2.0769027 2.0129919 1.2711495 2.0008801 1.8463048 1.8580210 1.7963595 3.5408202 0.0000010 1.9504690 1.9138783 2.0458216 2.4111658 1.4929769 4.0752740 2.0481200 1.8467431 0.0000010 2.4264262 1.6111570 2.0844033 2.0844033 1.6347868 2.0788733 2.1735828 2.0726891 2.2888234 2.2888234 1.0558551 2.2888234 2.0024721 2.0582062 2.0333856 2.1928357 1.1802856 1.2871164 1.2158542 1.6008711 1.9535152 3.0078213 2.6032839 0.0000010 4.3937444 0.0000010 0.0000010 2.0626734 2.1030159 1.3699242 2.5517761 2.4945675 1.9571785 1.9571785 1.7538357 1.4519272 2.0067302 2.0178058 2.0434366 2.0434366 1.7948711 1.9436739 2.1988316 2.0650481 0.0000010 0.0000010 3.6660002 4.1386938 0.0000010 2.4196219 3.0659006 2.1880674 2.0844958 2.6098538 2.5121498 1.8686859 1.9825470 2.4058795 2.8344550 3.1762633 1.8563795 1.8197216 4.4451784 2.5965804 3.3991530 
Spolac_c104770_g3_i2_m.43143c102177-g1            0.0000010 0.5507452 0.0000010 0.7578296 0.5634736 0.5061818 0.6347126 0.6726869 0.6670480 0.5828394 0.5474584 0.5411773 0.5417676 0.5417676 0.9006692 1.2402899 0.0750199 0.0000010 0.0849837 0.1159395 0.0544294 0.0544294 0.0000010 0.0544294 0.0000000 0.0718270 0.0718270 0.0849837 0.0750199 0.1856182 0.1797250 0.0000010 0.2007198 0.1734453 0.0000010 0.0000010 0.1582836 0.1582836 0.4996929 0.5217862 0.4234272 0.3734507 0.4027204 0.3871440 0.4967570 0.0000010 1.9205945 0.6583203 0.8513706 0.7249439 0.7249439 0.6932074 0.4355988 0.4093575 0.4564918 0.4760467 0.0000010 1.6786271 0.0000010 0.8980096 0.8980096 0.5220315 0.5941146 0.5429885 0.5281323 0.5675259 0.4840689 0.5306804 0.4151671 0.3032288 0.0000010 0.0000010 0.6038527 0.5296886 0.4887883 0.0000010 0.5319900 0.0000010 0.4383704 0.4383704 0.0000010 0.0000010 0.7131545 0.7615040 0.7615040 0.7736418 0.7277048 0.7951425 0.7951425 0.8761132 0.8761132 0.8761132 0.8761132 0.7415264 0.7415264 0.7415264 0.7415264 0.7736418 0.7736418 0.7736418 0.7165963 0.7557708 0.0000010 1.1130485 0.0000010 4.3937444 0.0000010 0.0000010 0.5467293 0.5467293 0.5711246 0.7591288 0.8077716 0.4812221 0.4812221 0.4812221 0.5240979 0.5115185 0.4364840 0.5644658 0.5644658 0.4324078 0.4464726 0.5688788 0.5169501 0.0000010 0.0000010 3.2386701 3.5869788 0.0000010 0.6803146 2.9600544 2.1880674 0.5721851 1.2204176 0.8256591 0.4042353 0.5318542 0.9448282 0.9934946 1.1569730 0.0000010 0.6287345 0.0000010 0.7189278 2.0997170 
Emue_Em0044g27a.t1                                1.3771390 1.9502168 1.8347845 2.0147239 1.7926674 1.6845032 2.2461898 1.9673150 1.9671562 1.7533736 1.5936113 1.7590639 1.6650959 1.8197950 1.3205975 2.0404924 0.4180719 0.2508037 0.3581930 0.6393990 0.6713922 0.6713922 0.5583453 0.9617237 0.0718270 0.0000000 0.0032092 0.4098654 0.2137287 0.7946814 0.8898112 1.0117907 0.9020538 0.8976982 0.2232776 0.4548337 0.4450159 0.3377293 1.2880407 1.2988589 1.3495759 1.4923176 1.2849842 1.2352665 1.3295265 0.9805133 1.5751799 1.4272427 1.3739785 1.4578033 1.4553427 1.3671500 1.2379311 1.3036661 1.3046482 1.2277243 1.1245653 1.2076562 1.3704573 1.6902070 1.6605262 1.4941849 1.5289405 1.4749541 1.5435901 1.0598352 1.5031173 1.4466085 1.4072995 1.1249026 1.2266001 1.0497294 1.4503528 1.4137155 1.4626848 1.0218830 1.1809529 1.2977115 1.4007216 1.3207481 2.0385412 1.4318912 1.6517193 1.6787047 1.6787047 1.9378237 2.0385659 2.0174583 1.9281514 1.6779803 1.6779803 1.2843890 1.8884379 2.2163848 1.6940643 1.9221455 1.6390110 1.2852501 1.1562961 1.2996109 1.3651511 1.7763216 1.5253286 1.7367093 1.2874064 1.4572147 1.9432629 1.4080728 1.5342123 1.6660425 1.7441899 2.1979408 2.1987300 1.4857517 1.4857517 1.3929440 1.5725806 1.5759871 1.8644572 1.8279154 1.8279154 1.5662672 1.6618245 1.8718864 1.3893709 1.0753855 1.7970369 1.5590102 1.6315522 1.1267505 1.8972387 0.7182070 0.3492618 1.9765123 1.7410582 2.3260015 1.9937174 1.9090214 2.1097954 2.4405875 2.2161047 2.1969198 2.0619497 1.8487285 2.7152495 3.5915012 
