89
Emue_Em0010g122a.t1                                    0.0000000 0.1260167 0.6475159 0.7240714 0.7811894 0.7355274 0.8560881 1.1211729 0.9601648 1.0527044 0.7757663 1.0760641 1.0991878 1.0605380 1.0557858 0.9222370 1.0807001 1.0915953 1.0970156 1.1113097 0.7455729 0.9907250 1.0520644 0.9641313 1.1128943 0.9886155 1.0818728 1.0825240 1.0263809 0.9625321 0.8581402 0.9546132 1.0604804 1.0652721 0.9481679 0.9862093 1.1600455 1.1482679 1.1422875 0.7868360 1.2196032 1.2074492 1.2535139 1.2535139 1.2099457 1.2099457 1.2029118 1.1746034 1.2935922 1.3721717 1.0306803 1.4065259 1.3814803 1.2554822 1.4069783 1.1467903 1.4756779 1.2914317 1.4166091 1.4177068 2.3112899 1.4828354 6.6283358 3.2836935 1.3995777 1.5441006 1.0752571 1.2171153 1.7079940 1.9317557 2.0045998 2.0856496 2.2385712 2.2604164 2.2870026 2.2986324 2.3822654 2.2368946 1.9649820 2.1883837 2.2296204 2.0382176 2.0114456 2.3879293 2.8155799 2.5572744 3.2451274 3.8525640 3.0975266 
Spolac_c100786_g1_i1_m.23523c100786-g1                 0.1260167 0.0000000 0.6543411 0.7608157 0.8121679 0.7796707 0.8245949 1.1785042 0.9945373 1.1263581 0.8310545 1.1488136 1.1636242 1.0997215 1.0948661 0.9641026 1.1472679 1.1761273 1.1889223 1.1818931 0.8223343 1.0492068 1.1216219 1.0209937 1.1787438 1.0664343 1.1441969 1.1494381 1.0927626 0.9790134 0.8969999 0.9848024 1.0977837 1.1027141 1.0041189 1.0493572 1.1632031 1.2473298 1.2352466 0.7990426 1.2656068 1.2499751 1.3017489 1.3017489 1.2614999 1.2614999 1.2046835 1.1769996 1.3628046 1.4068332 1.1032889 1.4802522 1.4562140 1.3492166 1.4677715 1.2286506 1.5577070 1.3825804 1.4349001 1.4824545 2.4333168 1.4991103 7.6227671 9.0000000 1.4382217 1.5902602 1.1599156 1.1753909 1.7819182 2.0652858 2.0843550 2.1831850 2.3737612 2.4650719 2.4577602 2.4704369 2.5807706 2.2803455 2.0935927 2.1904266 2.3029520 2.1182088 1.9989621 2.4372389 2.8528966 2.6105926 3.3582833 4.0424766 3.1818614 
Tetwil_g5268.t1                                        0.6475159 0.6543411 0.0000000 0.9213314 0.9597533 0.8378015 0.9250168 1.2474919 1.0406666 1.2470526 1.0625892 1.2673473 1.2256805 1.1502792 1.1565627 0.9367980 1.2017516 1.1716696 1.1671629 1.2060774 0.8271558 1.1259913 1.1283833 1.1111253 1.5099577 1.1286073 1.0899425 1.1895638 1.1300875 1.0937625 0.9005177 1.0542872 1.1522449 1.1459385 1.1476137 1.1203551 1.2548198 1.2152767 1.1813875 1.1975034 1.3288770 1.3450923 1.3336110 1.3336110 1.3363667 1.3363667 1.5107321 1.3885757 1.4664736 1.5162572 1.2500538 1.5978246 1.5006098 1.3278909 1.5387823 1.1731637 1.5523680 1.3671822 1.5819335 1.6101280 2.3890110 1.6799895 7.9615230 9.0000000 1.6334960 1.6750723 1.0629252 1.2921602 1.8979544 2.0720113 2.0314278 2.2507572 2.1959321 2.2001362 2.3401507 2.3401507 2.6294162 2.1139841 2.2406038 2.4497760 2.3294587 1.9843627 2.3328336 2.4960728 2.9033709 2.6815673 3.1690160 3.7472223 3.1531415 
Aque_Aqu2.1.38680_001                                  0.7240714 0.7608157 0.9213314 0.0000000 0.3175280 0.2801859 0.4926756 1.3958404 1.1927267 1.3904308 1.0656986 1.3178571 1.2883975 1.0868644 1.0819270 1.0171815 1.1245172 1.1641688 1.1675473 1.1964351 0.8231352 1.1304276 1.1957421 1.1215603 1.3780451 1.1618825 1.2057865 1.1741408 1.1372597 1.0217904 0.8843273 1.0092986 1.1323260 1.1374182 1.0920809 1.0702963 1.1426931 1.2843048 1.3349105 0.7652986 1.2506119 1.2927860 1.2559570 1.2559570 1.2645142 1.2645142 1.1843810 1.1993360 1.2998593 1.3158407 1.0941690 1.4817974 1.5021580 1.3698689 1.4747946 1.1905037 1.6103679 1.3965756 1.5211082 1.5051069 2.4680579 1.5066237 3.6652358 3.2836935 1.5651925 1.6951378 1.0460861 1.2591437 1.8493189 2.0081409 2.0262444 2.1372415 2.2781777 2.2887493 2.4056179 2.4181313 2.5433248 2.2030583 2.2289063 2.1405510 2.3307516 2.1088480 1.9909301 2.2439985 2.8468404 2.8209907 3.3939293 3.5923629 2.7562510 
Halamb_c43963_g1_i2m.16855                             0.7811894 0.8121679 0.9597533 0.3175280 0.0000000 0.0028044 0.5134365 1.4487767 1.1305663 1.4077514 1.1035424 1.3639577 1.3730483 1.2072608 1.2020219 1.1019125 1.2247468 1.1909140 1.2046687 1.2710653 0.8472684 1.1983550 1.2857861 1.1820526 1.4392759 1.2079811 1.2557209 1.2309243 1.2979697 1.0409606 0.8882785 0.9820384 1.1122992 1.1173068 1.1415255 1.1047642 1.2393894 1.3533291 1.3906976 0.8991616 1.2334763 1.2822630 1.2989030 1.2989030 1.3098339 1.3098339 1.3231757 1.2761150 1.4837333 1.4309733 1.1848402 1.5736433 1.5894053 1.3600992 1.5353246 1.2473258 1.6244866 1.3849547 1.6222895 1.5520541 2.3109669 1.5651089 2.9652570 6.1076082 1.5617983 1.7736871 1.0892769 1.4851319 1.9141984 2.1239758 2.1319592 2.2596033 2.2861836 2.3722357 2.4674093 2.4802505 2.5979272 2.2209627 2.3563995 2.2789494 2.4211466 2.3055851 2.2718770 2.1707124 2.8457569 2.7743978 3.3936427 3.6269393 2.8512268 
Halamb_c47227_g1_i1m.21994                             0.7355274 0.7796707 0.8378015 0.2801859 0.0028044 0.0000000 0.4427861 1.2911758 1.1305663 1.2447067 1.1035424 1.1713273 1.2558132 1.0492871 1.0433220 1.0019867 1.0420401 1.0261193 1.0416425 1.0662424 0.8472684 0.9738448 1.0233744 0.9657654 1.0876823 0.9924717 1.0644456 1.0261728 1.1202096 0.9076867 0.8638139 0.9076867 0.9528847 0.9586487 0.9549576 0.9354933 1.0999050 1.2694304 1.2602803 0.8991616 1.1123570 1.1572065 1.1779623 1.1779623 1.1758943 1.1758943 1.2066219 1.2050763 1.3111734 1.2857868 1.1848402 1.4026106 1.4464112 1.3499833 1.3672125 1.2473258 1.4535415 1.3849547 1.4764937 1.4000026 2.2962035 1.4228644 2.9652570 6.1076082 1.4502564 1.6064652 1.0921388 1.3762266 1.8024359 1.8586693 2.0124502 2.1202330 2.1419988 2.1573561 2.3655387 2.3806763 2.4503603 2.1661468 2.1607722 2.2789494 2.2556701 2.1287771 2.1150821 2.0486334 2.7617218 2.6915309 3.4800725 3.5635334 2.8794138 
Xestes_maker-XT_scaffold4856-augustus-gene-0.45-mRNA-1 0.8560881 0.8245949 0.9250168 0.4926756 0.5134365 0.4427861 0.0000000 1.5679246 1.2042314 1.5976062 1.4894873 1.6163964 1.5897885 1.5087474 1.5087474 1.2155511 1.4400811 1.5341077 1.5080662 1.6287425 0.8938826 1.5785584 1.6406352 1.5701927 1.9115296 1.6340562 1.6237704 1.7084168 1.7605559 1.4200381 1.1733008 1.4113439 1.4412525 1.4412525 1.4402467 1.4168063 1.3583683 1.9001854 2.0218928 0.7768276 1.7195625 1.7802919 1.7317670 1.7317670 1.7826356 1.7826356 1.6495952 1.4407662 1.7954229 1.8651840 0.9288054 1.7795082 1.7534167 1.6005268 1.7895729 1.2507811 1.8882385 1.5594912 1.7820215 1.8058266 2.3091997 1.8562102 5.4877811 0.0000010 1.7407971 1.9640243 1.6078101 1.2595099 2.0491123 2.6547145 2.2824010 2.8048418 2.8783936 2.4784277 2.8248827 2.8500286 2.8625361 2.9428337 2.6777282 2.6868749 2.9728578 2.8075502 2.4072247 2.9189922 3.9827080 3.2822694 3.2822694 3.9827080 3.0656710 
Lcom_lcpid51045                                        1.1211729 1.1785042 1.2474919 1.3958404 1.4487767 1.2911758 1.5679246 0.0000000 0.1371163 0.1980618 0.1873084 0.6652675 1.0593868 1.1399092 1.1448860 0.9212991 1.1293722 1.1638892 1.1709227 1.2087391 0.7541544 0.9786640 1.0418595 0.9815464 1.0997589 0.9221615 1.0469654 1.1449840 1.1412881 1.0149711 0.8830056 1.0051931 1.0414164 1.0366746 1.0560405 1.0129164 1.1024771 1.1296229 1.0770477 0.8112653 1.1986607 1.2069577 1.2014825 1.2014825 1.1326596 1.1326596 1.3532480 1.2659468 1.1280177 1.2593727 1.1653873 1.4807160 1.4784440 1.2372727 1.4207451 1.1767262 1.5223245 1.3531507 1.4939377 1.5632196 2.3047407 1.6692683 3.8375255 7.3249235 1.5324001 1.5877244 1.1998986 2.1584155 1.7529833 1.8696302 1.8065624 1.9495903 2.0764310 2.1985006 2.3606298 2.3884188 2.5304418 2.4981094 2.2104197 2.2758023 2.3305769 2.0142193 2.0269733 2.1175237 2.7015145 2.4089585 2.8553758 3.4330225 3.3283611 
Leuniv_Lniv_C815510_01                                 0.9601648 0.9945373 1.0406666 1.1927267 1.1305663 1.1305663 1.2042314 0.1371163 0.0000000 0.1657316 0.1993682 0.5528054 0.9147240 0.9368822 0.9438196 0.8513266 0.9214770 0.9267978 0.9360239 0.9942400 0.7077326 0.7365984 0.7291229 0.7440418 0.8661516 0.7337626 0.8152137 0.8938894 0.9354403 0.7754536 0.7754536 0.7754536 0.8275745 0.8211157 0.8688102 0.8009299 0.9139193 0.8567864 0.8491995 0.7892314 0.8862524 0.8900344 0.8594233 0.8594233 0.8396722 0.8396722 1.0417066 1.0093604 0.9690312 1.1176301 1.1766927 1.2554788 1.2513875 1.1798520 1.1416189 1.1460652 1.2437807 1.2437807 1.2362670 1.2714271 0.0000010 1.3473912 5.0071001 7.3249235 1.2585460 1.1709728 1.0307395 1.7081004 1.6344829 1.5483808 1.6668618 1.6056434 1.8267899 2.0616711 1.9823365 2.0169858 1.9638784 1.9405773 1.7777290 2.3608066 2.0695747 1.7741763 1.8049992 1.8704169 2.1040301 2.1000743 2.6060117 2.6060117 2.6307387 
Scil_scict019496.1                                     1.0527044 1.1263581 1.2470526 1.3904308 1.4077514 1.2447067 1.5976062 0.1980618 0.1657316 0.0000000 0.1857633 0.7077535 1.0733589 1.1579121 1.1529119 0.9394413 1.1678573 1.1555887 1.1805986 1.2443913 0.7564879 1.0005463 1.0876595 0.9974505 1.1569131 0.9691634 1.0297684 1.1345969 1.2048651 1.0265371 0.8756729 0.9956292 1.0722582 1.0674488 1.0864152 1.0025372 1.1714968 1.1085298 1.0557712 0.8647447 1.1830642 1.1946347 1.1777680 1.1777680 1.1407223 1.1407223 1.3784167 1.2570322 1.1431402 1.2310813 1.1316908 1.4444384 1.4967051 1.2018537 1.4254295 1.1884077 1.4835777 1.3110722 1.4271108 1.5615677 2.1916267 1.6873058 4.5670374 6.6417477 1.5568784 1.6004803 1.2140524 2.0742786 1.7456433 1.9703195 2.0033158 1.9644723 2.0497173 2.2517987 2.3266375 2.3382573 2.4628463 2.5264693 2.1890392 2.2764416 2.4465604 2.0015682 2.0075556 2.1818643 2.8192595 2.5402025 2.9584084 3.4954963 3.3762279 
Gracom_Gcom_scaffold18050_01                           0.7757663 0.8310545 1.0625892 1.0656986 1.1035424 1.1035424 1.4894873 0.1873084 0.1993682 0.1857633 0.0000000 0.4666824 0.9294594 0.8089380 0.8000036 0.7107529 0.9435546 0.8623051 0.8705733 0.9340169 0.7356872 0.7398888 0.7115466 0.7533767 0.9237660 0.7368680 0.8066816 0.9388381 0.9168011 0.6431885 0.6431885 0.6431885 0.7304465 0.7390119 0.8068859 0.7849290 0.9014637 0.7618046 0.7618046 0.7600400 0.8324689 0.8157208 0.8200507 0.8200507 0.8064407 0.8064407 1.0697720 0.9357805 0.9197196 1.0430885 1.1506204 1.1506204 1.1769282 1.0380309 1.0511392 1.0673844 1.1729693 1.1729693 1.1714879 1.1923952 0.0000010 1.2733629 4.5532108 7.3249235 1.1579850 1.1242489 0.9138285 5.3599962 1.5461976 1.4419442 1.6652225 1.6441601 1.5991385 1.9257086 1.7633590 1.7633590 1.9723945 1.7901632 1.7722304 2.2191668 1.8882536 1.7827940 1.7429632 1.8844259 2.2045766 2.1952963 3.2320240 3.2320240 2.3964258 
Clacor_Ccor_scaffold15097_01                           1.0760641 1.1488136 1.2673473 1.3178571 1.3639577 1.1713273 1.6163964 0.6652675 0.5528054 0.7077535 0.4666824 0.0000000 1.1081676 1.1220382 1.1171036 0.9220656 1.1601923 1.1247458 1.1402296 1.1959142 0.7397429 0.9259177 0.9715293 0.9209620 1.0887973 0.9340100 0.9998751 1.1144400 1.0806415 1.0121179 0.9219020 1.0074587 1.0447938 1.0495325 1.0186280 0.9915672 1.0948804 1.0423111 0.9691766 0.9281722 1.2422520 1.2531049 1.2193902 1.2193902 1.1740408 1.1740408 1.3282908 1.2363640 1.2740396 1.2830199 1.1484582 1.4746747 1.5861682 1.3207961 1.4656990 1.2640178 1.5305343 1.3593897 1.4856846 1.5669796 2.2377140 1.6465045 4.2728984 2.5869954 1.6352190 1.6232055 1.0227892 1.9141436 1.9665762 2.0285179 2.0510181 2.1412525 2.2774438 2.4766528 2.3087123 2.3356480 2.4960410 2.6474645 2.3115251 2.2961112 2.1820831 2.1647499 2.1277640 2.2793804 2.8185460 2.6928150 3.1533602 3.4326800 3.3008019 
Bralan_BLAG08001212_1                                  1.0991878 1.1636242 1.2256805 1.2883975 1.3730483 1.2558132 1.5897885 1.0593868 0.9147240 1.0733589 0.9294594 1.1081676 0.0000000 0.7101482 0.7139788 0.6063233 0.8991424 1.0195669 1.0299145 0.9974218 0.5846447 0.7955825 0.9223187 0.7846216 0.8909759 0.7911666 0.8578307 0.8497526 0.9437914 0.6382867 0.6345465 0.6431492 0.6547986 0.6585497 0.7364100 0.7059830 0.7772775 1.1093234 1.0584302 0.8044451 1.1389257 1.1333006 1.1281587 1.1281587 1.0368318 1.0368318 0.9187588 0.8849960 1.0774530 1.0941397 0.9633667 1.2053609 1.2247008 1.1641068 1.2744084 1.0701427 1.2817383 1.1885384 1.3085257 1.2462967 1.9355750 1.3242586 7.7545852 9.0000000 1.4079740 1.4962523 0.9072080 1.6169741 1.7793666 1.8472606 1.8862688 2.2082328 2.0865591 2.1517325 2.2115272 2.2226918 2.4383173 2.4050511 2.2531163 2.2632671 2.1781590 2.1967835 2.0576618 2.4335892 2.7309688 2.6085577 3.1927317 3.6127197 3.1711483 
Spur_XM_030997594.1                                    1.0605380 1.0997215 1.1502792 1.0868644 1.2072608 1.0492871 1.5087474 1.1399092 0.9368822 1.1579121 0.8089380 1.1220382 0.7101482 0.0000000 0.0022318 0.4768138 0.9671575 1.0016263 0.9963823 1.0091034 0.6039029 0.8358607 0.9098925 0.8194033 0.9446310 0.8135125 0.8825050 0.9003527 0.9422531 0.7213117 0.6981506 0.7319338 0.7444438 0.7406226 0.7349990 0.7869166 0.8738365 1.0984111 1.0269446 0.6863757 1.1124166 1.1162248 1.0859927 1.0859927 0.9915822 0.9915822 1.0240669 0.9875655 1.1393416 1.2205658 1.0241422 1.3742153 1.4929844 1.2584790 1.3990039 1.0846935 1.4040116 1.2631614 1.3951779 1.3551245 2.3202263 1.4581437 8.9999990 8.9999985 1.4886211 1.5246975 0.9028579 1.6591081 1.6042706 1.8562791 1.9650917 2.1922235 2.0149133 2.1269747 2.0378921 2.0479960 2.2847495 2.4785730 2.1062812 2.2664842 2.3892749 2.1413022 2.1519707 1.9720119 2.6927832 2.4977645 3.0052196 3.5327277 2.7690598 
Spur_XM_030984456.1                                    1.0557858 1.0948661 1.1565627 1.0819270 1.2020219 1.0433220 1.5087474 1.1448860 0.9438196 1.1529119 0.8000036 1.1171036 0.7139788 0.0022318 0.0000000 0.4727924 0.9715955 0.9971088 0.9918413 1.0045755 0.6056837 0.8371892 0.9116648 0.8207251 0.9446310 0.8148320 0.8782746 0.8961459 0.9378993 0.7175785 0.6932502 0.7274889 0.7406226 0.7368056 0.7312663 0.7882020 0.8697306 1.0935916 1.0215755 0.6766515 1.1140371 1.1178506 1.0875854 1.0875854 0.9930945 0.9930945 1.0195426 0.9830600 1.1343892 1.2153720 1.0163050 1.3684007 1.4996013 1.2516832 1.4048043 1.0922469 1.4097731 1.2704583 1.3895431 1.3494553 2.3202263 1.4519740 8.9999990 8.9999985 1.4945104 1.5307314 0.8971835 1.6591081 1.5978210 1.8489076 1.9728148 2.2006871 2.0175013 2.1353948 2.0297649 2.0398316 2.2758549 2.4687946 2.0978455 2.2528208 2.3800626 2.1329218 2.1434627 1.9638460 2.6971037 2.5011464 3.0101542 3.5401026 2.7737957 
Skow_XM_006818366.1                                    0.9222370 0.9641026 0.9367980 1.0171815 1.1019125 1.0019867 1.2155511 0.9212991 0.8513266 0.9394413 0.7107529 0.9220656 0.6063233 0.4768138 0.4727924 0.0000000 0.7971565 0.8446127 0.8444720 0.8261305 0.4708351 0.5898778 0.6466542 0.6005873 0.7988195 0.6262495 0.7187870 0.6847749 0.7531344 0.5769239 0.5777459 0.5826030 0.6081770 0.6126510 0.6675308 0.6096334 0.7335668 0.9761521 0.9056874 0.6579118 1.0332567 0.9906245 1.0235086 1.0235086 0.9990346 0.9990346 0.8509037 0.8676435 0.9496364 0.9648800 1.0214753 1.1781182 1.1869476 1.1315035 1.2094330 1.1036742 1.2870306 1.2069454 1.2783842 1.2707839 1.8459247 1.2977295 6.3980806 5.7188228 1.3833427 1.3675073 0.7691674 1.4526130 1.6168865 1.9728065 1.9430508 2.1228644 2.0398717 2.0831059 2.2546428 2.2683330 2.5111612 2.4240193 2.1140175 2.4715204 2.3496243 2.3143412 2.0806038 2.2100486 2.8204692 2.6344831 2.8673103 3.2170802 2.9361678 
Morvir_scaffold323.g28.t1                              1.0807001 1.1472679 1.2017516 1.1245172 1.2247468 1.0420401 1.4400811 1.1293722 0.9214770 1.1678573 0.9435546 1.1601923 0.8991424 0.9671575 0.9715955 0.7971565 0.0000000 0.4223671 0.4074151 0.4780083 0.4854687 0.5971927 0.6506462 0.5628831 0.6571789 0.5672039 0.7132313 0.7129159 0.7532931 0.8566389 0.7540190 0.8760347 0.8519504 0.8562006 0.8900080 0.7707679 1.0021853 1.1076793 1.0594257 0.7770125 1.2433693 1.2702973 1.2576738 1.2576738 1.1643125 1.1643125 1.0857509 1.1460201 0.6399695 0.6645417 0.9663554 1.3798517 1.3999779 1.2592468 1.4319596 1.0594031 1.4497021 1.2395083 1.5013505 1.3558886 2.2795850 1.3326730 6.2132128 7.2308720 1.4625328 1.5600736 0.7685336 1.5927924 1.8294246 1.9673875 2.0356244 1.9726524 2.1176311 2.3568583 2.2528427 2.2641837 2.5037578 2.3818077 2.1907535 2.0322348 2.3250491 2.0559333 2.2550184 2.1282948 2.5040897 2.4366265 2.9909275 3.2484807 3.2006520 
Nemnom_g16542.t1                                       1.0915953 1.1761273 1.1716696 1.1641688 1.1909140 1.0261193 1.5341077 1.1638892 0.9267978 1.1555887 0.8623051 1.1247458 1.0195669 1.0016263 0.9971088 0.8446127 0.4223671 0.0000000 0.0538898 0.2556644 0.4528731 0.6118314 0.6939469 0.5892958 0.7288589 0.6276347 0.7341673 0.7228461 0.7185195 0.8846967 0.7588350 0.8720351 0.9226942 0.9270608 0.9125637 0.8032582 0.9405570 1.1091252 1.0759546 0.7676688 1.1788137 1.2061539 1.1820600 1.1820600 1.1506743 1.1506743 1.1281630 1.1790470 0.6953318 0.7395752 0.8926936 1.2448908 1.3485804 1.1625542 1.3094505 0.9875028 1.3567360 1.1637533 1.3489635 1.3638267 2.3783841 1.3856418 3.6102526 8.5403220 1.3290175 1.4213273 0.7365036 1.6754852 1.9779340 1.9333387 2.0959595 2.0187130 2.1748713 2.3097293 2.2631108 2.2755115 2.5564714 2.3889694 2.1716865 2.0967071 2.3567884 2.0817368 2.1394766 2.1566160 2.9671279 2.8478084 3.3816296 3.6818232 3.3742469 
Rhoesc_Res_017093-T1                                   1.0970156 1.1889223 1.1671629 1.1675473 1.2046687 1.0416425 1.5080662 1.1709227 0.9360239 1.1805986 0.8705733 1.1402296 1.0299145 0.9963823 0.9918413 0.8444720 0.4074151 0.0538898 0.0000000 0.2768451 0.4590486 0.6204477 0.7018952 0.5940192 0.7401203 0.6344149 0.7264209 0.7021515 0.7100151 0.8871043 0.7597312 0.8618100 0.9139797 0.9183363 0.9143275 0.8100905 0.9560817 1.0960020 1.0736542 0.7783131 1.2086956 1.2474736 1.1949196 1.1949196 1.1610764 1.1610764 1.1304159 1.1892721 0.6951589 0.7467238 0.9088532 1.2657786 1.3608702 1.1689017 1.3536929 0.9965125 1.3812645 1.1702887 1.3942550 1.3919785 2.4551084 1.4013951 3.6102526 8.5403220 1.3721045 1.4528741 0.7238114 1.6734743 1.9875886 1.9857992 2.0924078 2.0718081 2.2109913 2.3814992 2.2796332 2.2921470 2.5792687 2.4455182 2.2331737 2.1185221 2.3874332 2.0978959 2.1386903 2.2057791 2.9371747 2.8768617 3.4037633 3.6649460 3.3954227 
Sanmal_Sma_024298-T1                                   1.1113097 1.1818931 1.2060774 1.1964351 1.2710653 1.0662424 1.6287425 1.2087391 0.9942400 1.2443913 0.9340169 1.1959142 0.9974218 1.0091034 1.0045755 0.8261305 0.4780083 0.2556644 0.2768451 0.0000000 0.4713846 0.6683940 0.7477170 0.6379644 0.8057104 0.6700144 0.7425303 0.7595555 0.7598780 0.9454790 0.7993505 0.9257832 0.9389697 0.9433792 1.0189199 0.8501030 1.0282045 1.1531960 1.1186357 0.8107494 1.2695863 1.3053994 1.2318485 1.2318485 1.1648864 1.1648864 1.1729268 1.1781308 0.7571717 0.7970954 1.0234074 1.3564538 1.3486416 1.2381805 1.3866190 1.0896812 1.4268428 1.2513041 1.4440535 1.4317130 2.4647845 1.4694232 3.5631860 7.6219705 1.4659965 1.5036674 0.7224990 1.6464064 2.0235884 1.9862311 2.1380263 2.0426169 2.1412078 2.3167368 2.3793463 2.3914733 2.5501285 2.4781560 2.2721205 2.1946238 2.3489369 2.1457901 2.1956544 2.3317986 2.9339433 2.8852130 3.5010395 3.7115641 3.3476442 
Spis_XP_022787897_1                                    0.7455729 0.8223343 0.8271558 0.8231352 0.8472684 0.8472684 0.8938826 0.7541544 0.7077326 0.7564879 0.7356872 0.7397429 0.5846447 0.6039029 0.6056837 0.4708351 0.4854687 0.4528731 0.4590486 0.4713846 0.0000000 0.0300283 0.0713797 0.0852820 0.1823747 0.1034799 0.2762177 0.3221345 0.4279631 0.4601938 0.4601938 0.4601938 0.5636918 0.5693476 0.5219023 0.4549141 0.6460519 0.7978661 0.8005160 0.6509400 0.7501867 0.7786264 0.7553929 0.7553929 0.7399933 0.7399933 0.7427431 0.8366178 0.6802026 0.7162583 0.8576726 0.8951445 0.9295065 0.9082584 0.8843815 0.8882340 0.9518730 0.9518730 0.9775647 0.9218377 0.0000010 0.9619993 5.5661283 6.4740762 1.1084420 1.0765221 0.5104719 1.3987629 1.4716606 1.5187236 1.5751433 1.6827777 1.6025497 1.7711029 1.7534736 1.7561435 1.7519730 1.5978037 1.5419909 2.2165211 1.8266290 1.7706574 1.6545764 1.6456835 1.9677975 1.9788371 2.7587936 2.7587936 2.1013777 
Pocdam_XM_027200742.1                                  0.9907250 1.0492068 1.1259913 1.1304276 1.1983550 0.9738448 1.5785584 0.9786640 0.7365984 1.0005463 0.7398888 0.9259177 0.7955825 0.8358607 0.8371892 0.5898778 0.5971927 0.6118314 0.6204477 0.6683940 0.0300283 0.0000000 0.0815037 0.0750859 0.1606650 0.1162891 0.3841951 0.3825941 0.5504359 0.6720182 0.5357173 0.6683519 0.7579386 0.7618843 0.7447934 0.6372502 0.8693075 1.0186124 0.9847065 0.6257889 1.0584201 1.0895299 1.0715654 1.0715654 1.0037157 1.0037157 0.9364688 1.0240360 0.8957583 0.9660852 0.8701224 1.1546791 1.1864796 1.0816840 1.2237859 0.9374958 1.2699331 1.0611937 1.2897412 1.1988533 1.9981944 1.2503541 4.4091522 6.4740762 1.3935823 1.4307677 0.5934724 1.4936237 1.6683437 1.8726233 1.9837284 2.0874552 2.0225575 2.1908767 2.2135984 2.2248262 2.3759499 2.3296027 2.0731699 2.2219556 2.0782978 2.1143395 2.0497366 2.0444937 2.4152860 2.3558382 2.9385021 3.2136040 2.8755030 
Gasp_gasp1.m3.6093.m1                                  1.0520644 1.1216219 1.1283833 1.1957421 1.2857861 1.0233744 1.6406352 1.0418595 0.7291229 1.0876595 0.7115466 0.9715293 0.9223187 0.9098925 0.9116648 0.6466542 0.6506462 0.6939469 0.7018952 0.7477170 0.0713797 0.0815037 0.0000000 0.0346910 0.1567663 0.0937530 0.4656441 0.4475813 0.5829747 0.7665906 0.5901888 0.7833416 0.8077420 0.8077420 0.8025125 0.7039489 0.9515291 1.1276928 1.0988803 0.6139329 1.1306660 1.1719325 1.1389627 1.1389627 1.0559660 1.0559660 1.0319039 1.0905368 0.9931165 1.0312900 0.9443936 1.3309242 1.3482175 1.2499779 1.4143066 1.0318773 1.4394042 1.1664711 1.4690352 1.4238574 2.1469128 1.5034077 4.5898653 8.9999980 1.5483737 1.5416610 0.6989755 1.6187251 1.6771800 2.1468124 2.1209400 2.1009412 2.1398017 2.5493239 2.3651685 2.3805340 2.6536454 2.7496240 2.4072916 2.5962768 2.3907536 2.2441714 2.2041846 2.2106202 3.0756642 2.7688142 2.8588620 3.3274709 2.8725713 
Fspp_ffun1.m4.21273.m1                                 0.9641313 1.0209937 1.1111253 1.1215603 1.1820526 0.9657654 1.5701927 0.9815464 0.7440418 0.9974505 0.7533767 0.9209620 0.7846216 0.8194033 0.8207251 0.6005873 0.5628831 0.5892958 0.5940192 0.6379644 0.0852820 0.0750859 0.0346910 0.0000000 0.1380449 0.0875777 0.3770506 0.3800976 0.5238195 0.6751350 0.5331635 0.6674551 0.7341841 0.7380930 0.7366816 0.6241689 0.8551472 1.0110287 0.9761312 0.6198074 1.0657734 1.0904301 1.0613520 1.0613520 0.9802818 0.9802818 0.9289306 1.0068619 0.8802647 0.9131124 0.8632967 1.1654293 1.1876897 1.1141046 1.2622906 0.9612363 1.2794477 1.0715329 1.3040322 1.2380968 2.0799219 1.2850853 5.3187435 8.9999980 1.3824976 1.4167046 0.6188788 1.4153677 1.6325399 1.8890670 1.9440749 2.0327649 2.0259949 2.2376157 2.2203272 2.2316193 2.4223285 2.3891298 2.1438510 2.2841604 2.1381695 2.0967321 2.0623035 2.0493580 2.3987716 2.3194313 2.8250945 3.1359284 2.9439496 
Amil_Amillepora01324-RA                                1.1128943 1.1787438 1.5099577 1.3780451 1.4392759 1.0876823 1.9115296 1.0997589 0.8661516 1.1569131 0.9237660 1.0887973 0.8909759 0.9446310 0.9446310 0.7988195 0.6571789 0.7288589 0.7401203 0.8057104 0.1823747 0.1606650 0.1567663 0.1380449 0.0000000 0.0486818 0.5763547 0.5296206 0.5613285 0.8282135 0.6203255 0.8378664 0.8972313 0.9038917 0.9196368 0.7590034 1.1345573 1.0958893 1.0351507 0.6790599 1.3196730 1.3759207 1.3529176 1.3529176 1.2003930 1.2003930 1.1003436 1.1993618 1.1275228 1.1488739 1.1351060 1.4453298 1.4535263 1.2584901 1.5953083 1.1364068 1.5870073 1.2318967 1.5213260 1.5048428 2.2394315 1.5686870 4.8641878 9.0000000 1.7643758 1.7496615 0.5680287 1.9763043 1.8164157 2.3014337 2.0394429 2.2266796 2.4617069 2.3334208 2.4015359 2.4205931 2.5907328 2.7709895 2.5845644 2.2345123 2.2400397 2.4050924 2.4402277 2.4436562 2.9859198 2.6993920 3.3278398 3.9948060 3.9575184 
Adig_XM_015900467.1                                    0.9886155 1.0664343 1.1286073 1.1618825 1.2079811 0.9924717 1.6340562 0.9221615 0.7337626 0.9691634 0.7368680 0.9340100 0.7911666 0.8135125 0.8148320 0.6262495 0.5672039 0.6276347 0.6344149 0.6700144 0.1034799 0.1162891 0.0937530 0.0875777 0.0486818 0.0000000 0.4121458 0.3978167 0.5087372 0.6894632 0.5634611 0.6909087 0.7317037 0.7356220 0.7423653 0.6440829 0.8698625 1.0356174 0.9933531 0.6682267 1.0795804 1.1045135 1.0820804 1.0820804 0.9989382 0.9989382 0.9394445 1.0061942 0.9098219 0.9426612 0.8950549 1.1809820 1.2152901 1.1151615 1.2688774 0.9869215 1.2749063 1.0722806 1.3109035 1.2389468 1.9915656 1.2893242 5.3187435 8.9999980 1.4145722 1.4504657 0.5917962 1.4915725 1.6359715 1.8318101 1.9265530 2.0516215 2.0323632 2.2654400 2.1876041 2.1986676 2.4080483 2.3687788 2.1765602 2.3596963 2.2073551 2.1871658 2.0738597 2.0550493 2.5185090 2.4052242 2.9448102 3.3305523 2.9543156 
Exapal_XM_021061957.2                                  1.0818728 1.1441969 1.0899425 1.2057865 1.2557209 1.0644456 1.6237704 1.0469654 0.8152137 1.0297684 0.8066816 0.9998751 0.8578307 0.8825050 0.8782746 0.7187870 0.7132313 0.7341673 0.7264209 0.7425303 0.2762177 0.3841951 0.4656441 0.3770506 0.5763547 0.4121458 0.0000000 0.3352653 0.5702956 0.7818008 0.6597649 0.7643990 0.7763205 0.7803304 0.7897609 0.7904146 0.8956249 1.0190084 0.9520491 0.7380078 1.0794386 1.1024423 1.0752253 1.0752253 1.0153695 1.0153695 1.0139097 1.0511887 0.9387167 1.0399034 0.9248635 1.1725787 1.2657980 1.1236756 1.2365699 1.0249616 1.3235570 1.1781430 1.3206719 1.2201785 1.8254061 1.2611806 7.8509100 9.0000000 1.4175072 1.4237667 0.5718284 1.5141041 1.6767214 1.7146267 1.9294264 2.1554741 1.9860402 2.1311587 2.1505475 2.1560376 2.4505669 2.3764202 2.1438102 2.3500960 2.2034268 2.1136436 2.1263049 2.1256014 2.4923646 2.4516757 2.9151944 3.1224869 2.8742014 
Nvec_v1g244165                                         1.0825240 1.1494381 1.1895638 1.1741408 1.2309243 1.0261728 1.7084168 1.1449840 0.8938894 1.1345969 0.9388381 1.1144400 0.8497526 0.9003527 0.8961459 0.6847749 0.7129159 0.7228461 0.7021515 0.7595555 0.3221345 0.3825941 0.4475813 0.3800976 0.5296206 0.3978167 0.3352653 0.0000000 0.5379781 0.8080804 0.6800625 0.8114783 0.8109229 0.8068896 0.8238233 0.7774567 0.9596970 1.1373811 1.0850755 0.8062551 1.0979629 1.1121969 1.0622214 1.0622214 1.0369773 1.0369773 1.0807488 1.1330056 0.9664228 1.0222509 0.9479223 1.2129192 1.2244948 1.1380617 1.3062940 1.0500949 1.3843118 1.1627819 1.3817221 1.3138811 2.0406950 1.3939742 8.9999988 9.0000000 1.4239602 1.4336114 0.5671812 1.4783388 1.7845902 1.9117679 1.9840304 2.2553166 2.1228847 2.3023910 2.2496289 2.2610973 2.5340697 2.5897755 2.2455691 2.3638662 2.2145611 2.1200297 2.1991858 2.1562501 2.6019673 2.5436317 3.0580045 3.3104809 2.9612437 
Dgig_XM_028538846.1                                    1.0263809 1.0927626 1.1300875 1.1372597 1.2979697 1.1202096 1.7605559 1.1412881 0.9354403 1.2048651 0.9168011 1.0806415 0.9437914 0.9422531 0.9378993 0.7531344 0.7532931 0.7185195 0.7100151 0.7598780 0.4279631 0.5504359 0.5829747 0.5238195 0.5613285 0.5087372 0.5702956 0.5379781 0.0000000 0.8351839 0.7217209 0.8386086 0.8075127 0.8116518 0.8391276 0.8452809 0.9937832 1.2240283 1.1536036 0.7186627 1.1171758 1.1328967 1.1362968 1.1362968 1.0942469 1.0942469 1.1496363 1.0948855 0.9470274 1.0480002 0.9484685 1.2366839 1.3197864 1.1270432 1.2547117 1.0045893 1.3830355 1.1407085 1.3564578 1.2997251 2.0219382 1.3813861 7.1253733 6.3048159 1.3926869 1.3528519 0.2811101 1.5697829 1.8851239 1.8822787 2.1889139 2.1195012 2.2398056 2.3338524 2.5050888 2.5179919 2.5762841 2.5389757 2.2294748 2.5321429 2.3881600 2.3563146 2.0310274 2.0993656 2.6728039 2.6133500 3.0772663 3.3375570 3.3591938 
Acagra_model.g20852.t1                                 0.9625321 0.9790134 1.0937625 1.0217904 1.0409606 0.9076867 1.4200381 1.0149711 0.7754536 1.0265371 0.6431885 1.0121179 0.6382867 0.7213117 0.7175785 0.5769239 0.8566389 0.8846967 0.8871043 0.9454790 0.4601938 0.6720182 0.7665906 0.6751350 0.8282135 0.6894632 0.7818008 0.8080804 0.8351839 0.0000000 0.0150415 0.0134573 0.4828845 0.4861488 0.5343429 0.6749712 0.6375487 0.9718076 0.9327497 0.6676281 0.9883769 1.0003842 0.9938302 0.9938302 0.9381168 0.9381168 0.7147005 0.7396839 1.0361889 1.0834296 0.8598363 1.1168913 1.1981794 1.0268049 1.1734335 0.9156774 1.2368388 1.0798522 1.1535967 1.2669097 2.1750256 1.2985735 4.5938204 8.8365476 1.2795305 1.3392563 0.7961126 1.5150009 1.6532248 1.7872839 1.8965307 2.0902871 2.0433949 2.3294832 2.2685317 2.2798607 2.4500333 2.3523115 2.0503757 1.8528780 2.1019187 1.9878433 2.1073202 2.1411323 2.6542802 2.5858591 3.1287316 3.3905779 2.8243324 
Acagra_model.g20852.t1.2.5d3b8a1a                      0.8581402 0.8969999 0.9005177 0.8843273 0.8882785 0.8638139 1.1733008 0.8830056 0.7754536 0.8756729 0.6431885 0.9219020 0.6345465 0.6981506 0.6932502 0.5777459 0.7540190 0.7588350 0.7597312 0.7993505 0.4601938 0.5357173 0.5901888 0.5331635 0.6203255 0.5634611 0.6597649 0.6800625 0.7217209 0.0150415 0.0000000 0.0090650 0.4493704 0.4536371 0.4794135 0.6150675 0.5889553 0.8303978 0.7993952 0.6676281 0.9152146 0.9221109 0.9356519 0.9356519 0.9153377 0.9153377 0.7110814 0.7260031 0.8871604 0.9242216 0.8598363 1.0180311 1.0404316 0.9815428 0.9938233 0.9156774 1.1149320 1.0798522 0.9999322 1.0778945 2.2073405 1.0951683 4.5938204 8.8365476 1.1325246 1.1590264 0.7602620 1.4600216 1.5513809 1.5224748 1.7734121 1.9736378 1.8691218 2.0494218 2.0985769 2.1122242 2.1741811 2.1156711 1.8747656 1.8528780 2.0368912 1.9568324 1.8500677 1.9530801 2.4406961 2.5108216 3.2500770 3.1524038 2.5477073 
Acagra_model.g20852.t1.1.5d3b8a1a                      0.9546132 0.9848024 1.0542872 1.0092986 0.9820384 0.9076867 1.4113439 1.0051931 0.7754536 0.9956292 0.6431885 1.0074587 0.6431492 0.7319338 0.7274889 0.5826030 0.8760347 0.8720351 0.8618100 0.9257832 0.4601938 0.6683519 0.7833416 0.6674551 0.8378664 0.6909087 0.7643990 0.8114783 0.8386086 0.0134573 0.0090650 0.0000000 0.4809061 0.4847854 0.5100226 0.6715445 0.6224841 0.9169070 0.8864313 0.6676281 0.9848549 0.9963423 0.9870696 0.9870696 0.9489912 0.9489912 0.7082766 0.7677157 1.0186257 1.0741722 0.8598363 1.1268561 1.1588826 1.0268049 1.1016349 0.9156774 1.2185139 1.0798522 1.0915444 1.1843416 2.3159628 1.2074459 4.5938204 8.8365476 1.2358693 1.3024263 0.7932736 1.4881219 1.6493772 1.6599296 1.8679253 2.0556993 2.0196796 2.2474754 2.1571294 2.1697778 2.3470783 2.3496394 2.0642364 1.8528780 2.0112471 1.9248715 2.0066075 2.1322617 2.6611403 2.6444320 3.3368529 3.4258680 2.7178074 
Cgig_XM_011441127.3                                    1.0604804 1.0977837 1.1522449 1.1323260 1.1122992 0.9528847 1.4412525 1.0414164 0.8275745 1.0722582 0.7304465 1.0447938 0.6547986 0.7444438 0.7406226 0.6081770 0.8519504 0.9226942 0.9139797 0.9389697 0.5636918 0.7579386 0.8077420 0.7341841 0.8972313 0.7317037 0.7763205 0.8109229 0.8075127 0.4828845 0.4493704 0.4809061 0.0000000 0.0022465 0.6169890 0.7641033 0.7618888 1.0180885 0.9979828 0.6726586 1.0535961 1.0400817 1.0580846 1.0580846 0.9880369 0.9880369 0.8065599 0.7879054 1.0139918 1.0420741 0.9686288 1.2480126 1.2867371 1.1262632 1.2541051 1.0423084 1.2683267 1.1243592 1.3520783 1.3613560 2.2796785 1.3760881 6.0544292 5.2160308 1.2939735 1.4338564 0.7695516 1.4677062 1.6817523 1.8897250 1.9989688 2.0969550 2.1670066 2.3956584 2.3018145 2.3133889 2.4990922 2.4400962 2.2683996 2.1125186 2.1813235 2.1831803 2.1827046 2.1299560 2.9407837 2.6681127 3.0643187 3.5891781 2.9035273 
Cgig_XM_034445822.1                                    1.0652721 1.1027141 1.1459385 1.1374182 1.1173068 0.9586487 1.4412525 1.0366746 0.8211157 1.0674488 0.7390119 1.0495325 0.6585497 0.7406226 0.7368056 0.6126510 0.8562006 0.9270608 0.9183363 0.9433792 0.5693476 0.7618843 0.8077420 0.7380930 0.9038917 0.7356220 0.7803304 0.8068896 0.8116518 0.4861488 0.4536371 0.4847854 0.0022465 0.0000000 0.6205845 0.7680961 0.7658824 1.0227145 1.0033148 0.6726586 1.0552020 1.0416764 1.0596850 1.0596850 0.9895782 0.9895782 0.8106942 0.7919547 1.0185977 1.0468232 0.9711527 1.2498007 1.2887189 1.1281616 1.2557019 1.0445078 1.2701009 1.1266012 1.3539094 1.3632390 2.2796785 1.3780540 6.0544292 5.2160308 1.2955881 1.4357558 0.7749568 1.4677062 1.6885193 1.8971998 2.0067514 2.0996044 2.1753796 2.4049301 2.3109333 2.3225512 2.5087425 2.4495929 2.2774087 2.1166987 2.1841426 2.1859531 2.1855408 2.1327977 2.9548096 2.6788111 3.0643187 3.5891781 2.9035273 
Ctel_gnl_WGS_AMQN_CAPTEDRAFT_mRNA18660                 0.9481679 1.0041189 1.1476137 1.0920809 1.1415255 0.9549576 1.4402467 1.0560405 0.8688102 1.0864152 0.8068859 1.0186280 0.7364100 0.7349990 0.7312663 0.6675308 0.8900080 0.9125637 0.9143275 1.0189199 0.5219023 0.7447934 0.8025125 0.7366816 0.9196368 0.7423653 0.7897609 0.8238233 0.8391276 0.5343429 0.4794135 0.5100226 0.6169890 0.6205845 0.0000000 0.7251325 0.7471788 0.9720941 0.9124416 0.7023204 1.0275716 1.0278143 1.0006043 1.0006043 0.9714589 0.9714589 0.8279762 0.8415553 1.0720110 1.1235605 0.9127120 1.2169988 1.3411874 1.1382995 1.2698312 0.9999137 1.2914167 1.1293259 1.2932707 1.2980861 1.9764241 1.3248954 2.9013740 8.9999981 1.3249879 1.4475804 0.8399308 1.4472174 1.7423585 1.8246682 1.9164429 2.1851533 2.1617151 2.2380747 2.2438430 2.2551543 2.2965327 2.4307562 2.0266518 2.0503947 2.0278586 2.1956457 2.1830068 2.1120986 2.7934867 2.4429273 2.7538967 3.3574062 2.7978576 
Hsap_ENST00000259895                                   0.9862093 1.0493572 1.1203551 1.0702963 1.1047642 0.9354933 1.4168063 1.0129164 0.8009299 1.0025372 0.7849290 0.9915672 0.7059830 0.7869166 0.7882020 0.6096334 0.7707679 0.8032582 0.8100905 0.8501030 0.4549141 0.6372502 0.7039489 0.6241689 0.7590034 0.6440829 0.7904146 0.7774567 0.8452809 0.6749712 0.6150675 0.6715445 0.7641033 0.7680961 0.7251325 0.0000000 0.8447258 1.0200006 0.9319668 0.6764437 1.0050578 1.0115775 1.0318021 1.0318021 1.0046826 1.0046826 0.9293308 0.9685465 1.0187499 1.0245509 0.9263715 1.2551293 1.2527411 1.0657424 1.2588586 0.9766033 1.3448034 1.1062970 1.2724697 1.2781711 2.0463927 1.3392768 6.8617354 7.6499054 1.3406257 1.3678371 0.8220148 1.3666307 1.7025397 1.8957463 1.8600268 2.2731578 1.9908981 2.1083335 2.2437208 2.2551522 2.2453897 2.4662077 2.1653279 2.0243096 2.1248595 2.1138284 2.1701144 2.3290342 2.4612242 2.2873415 2.7685979 3.1345091 2.9384217 
Cscu_XM_023354657.1                                    1.1600455 1.1632031 1.2548198 1.1426931 1.2393894 1.0999050 1.3583683 1.1024771 0.9139193 1.1714968 0.9014637 1.0948804 0.7772775 0.8738365 0.8697306 0.7335668 1.0021853 0.9405570 0.9560817 1.0282045 0.6460519 0.8693075 0.9515291 0.8551472 1.1345573 0.8698625 0.8956249 0.9596970 0.9937832 0.6375487 0.5889553 0.6224841 0.7618888 0.7658824 0.7471788 0.8447258 0.0000000 1.0636505 1.0446874 0.7297979 1.1556456 1.1633555 1.1168518 1.1168518 1.1026588 1.1026588 0.7506535 0.7577814 1.1792708 1.2287908 0.9586069 1.2248281 1.3244267 1.1455005 1.2446731 1.0424665 1.2764476 1.1731184 1.2973156 1.2734609 1.9388053 1.2792236 3.3383369 9.0000000 1.2630997 1.4027583 0.9413999 1.3604392 1.8739834 1.9868895 1.8997067 2.0159150 2.1254759 2.2649377 2.3711682 2.3832095 2.4659461 2.6384986 2.2949321 2.4117212 2.4543672 2.0762379 2.2951967 2.1224939 2.9091452 2.7021823 3.2394267 3.6856105 2.9249781 
Opea_EP00118_Oscarella_pearsei_P008629                 1.1482679 1.2473298 1.2152767 1.2843048 1.3533291 1.2694304 1.9001854 1.1296229 0.8567864 1.1085298 0.7618046 1.0423111 1.1093234 1.0984111 1.0935916 0.9761521 1.1076793 1.1091252 1.0960020 1.1531960 0.7978661 1.0186124 1.1276928 1.0110287 1.0958893 1.0356174 1.0190084 1.1373811 1.2240283 0.9718076 0.8303978 0.9169070 1.0180885 1.0227145 0.9720941 1.0200006 1.0636505 0.0000000 0.0000010 0.6000580 1.1019006 1.0907386 1.0981931 1.0981931 1.0096332 1.0096332 1.3783827 1.1756192 1.2664540 1.2785028 1.0484537 1.4503186 1.5209387 1.2801862 1.5345493 1.1543771 1.5635421 1.2876163 1.5465678 1.5143694 2.7207219 1.6159958 6.0516621 7.5043402 1.6748086 1.6563262 1.0626972 1.7546803 1.9449334 2.0891097 2.1392650 2.1997036 2.2429407 2.4983735 2.3946743 2.3946743 2.5738216 2.3050793 2.4103042 2.2595766 2.2482388 2.2362152 2.3025515 1.9811657 3.1298410 2.8883892 3.3929552 3.9597035 2.9816099 
Ocar_g6014                                             1.1422875 1.2352466 1.1813875 1.3349105 1.3906976 1.2602803 2.0218928 1.0770477 0.8491995 1.0557712 0.7618046 0.9691766 1.0584302 1.0269446 1.0215755 0.9056874 1.0594257 1.0759546 1.0736542 1.1186357 0.8005160 0.9847065 1.0988803 0.9761312 1.0351507 0.9933531 0.9520491 1.0850755 1.1536036 0.9327497 0.7993952 0.8864313 0.9979828 1.0033148 0.9124416 0.9319668 1.0446874 0.0000010 0.0000000 0.6184742 1.0579616 1.0576679 1.0640940 1.0640940 0.9744136 0.9744136 1.3126920 1.1994159 1.1955986 1.1953000 1.0518749 1.4219015 1.5424525 1.2943406 1.4540788 1.1648679 1.4927752 1.3130984 1.4693905 1.4231370 2.7685560 1.4975863 6.0516621 7.5043402 1.6384652 1.6609464 1.0562505 1.7700518 1.9072149 1.8998459 2.1579779 2.1639144 2.2026663 2.4668881 2.3274408 2.3274408 2.4377652 2.2792564 2.3660439 2.2665061 2.1821795 2.2640325 2.2433975 2.0638406 3.1444576 2.9599895 3.5970260 4.0268104 3.0695889 
Plajan_Pjan_scaffold21647_01                           0.7868360 0.7990426 1.1975034 0.7652986 0.8991616 0.8991616 0.7768276 0.8112653 0.7892314 0.8647447 0.7600400 0.9281722 0.8044451 0.6863757 0.6766515 0.6579118 0.7770125 0.7676688 0.7783131 0.8107494 0.6509400 0.6257889 0.6139329 0.6198074 0.6790599 0.6682267 0.7380078 0.8062551 0.7186627 0.6676281 0.6676281 0.6676281 0.6726586 0.6726586 0.7023204 0.6764437 0.7297979 0.6000580 0.6184742 0.0000000 0.7466433 0.7712521 0.7494097 0.7494097 0.7410797 0.7410797 0.8267294 0.8776807 0.9943507 1.0081534 1.0991138 1.1397111 1.2151351 1.1276282 1.1168844 1.1185442 1.1803548 1.1803548 1.2303425 1.1767818 0.0000010 1.1979058 0.0000010 0.0000010 1.1226293 1.0658910 1.0222334 1.1222615 1.3622165 1.4465490 1.3993520 1.4924450 1.6357786 1.6773360 1.5090763 1.5279596 1.5851166 1.7089699 1.5005077 1.9469143 1.7501805 1.7132556 1.4579547 1.5094651 2.1807200 2.1807200 2.7339527 2.7339527 2.3465834 
HoiH23_PlH23_003630-RA                                 1.2196032 1.2656068 1.3288770 1.2506119 1.2334763 1.1123570 1.7195625 1.1986607 0.8862524 1.1830642 0.8324689 1.2422520 1.1389257 1.1124166 1.1140371 1.0332567 1.2433693 1.1788137 1.2086956 1.2695863 0.7501867 1.0584201 1.1306660 1.0657734 1.3196730 1.0795804 1.0794386 1.0979629 1.1171758 0.9883769 0.9152146 0.9848549 1.0535961 1.0552020 1.0275716 1.0050578 1.1556456 1.1019006 1.0579616 0.7466433 0.0000000 0.0374670 0.0570288 0.0570288 0.1513869 0.1513869 1.3271202 1.1895591 1.3664418 1.4118762 1.0630576 1.2565225 1.3023716 1.1528842 1.2584601 0.9948988 1.2926927 1.1617262 1.3793008 1.2852804 1.9644078 1.3869142 3.9932732 8.9999980 1.3473725 1.4129444 1.1102945 2.0931506 1.8601531 1.9795704 2.0955479 2.1921860 2.2281073 2.4466688 2.4263729 2.4313232 2.5046508 2.4178664 2.1605401 2.3114766 2.6635790 2.3674152 2.2177003 2.1397732 2.8842162 2.6852497 3.3249287 3.8275797 2.9013522 
HoiH06_mRNA6210                                        1.2074492 1.2499751 1.3450923 1.2927860 1.2822630 1.1572065 1.7802919 1.2069577 0.8900344 1.1946347 0.8157208 1.2531049 1.1333006 1.1162248 1.1178506 0.9906245 1.2702973 1.2061539 1.2474736 1.3053994 0.7786264 1.0895299 1.1719325 1.0904301 1.3759207 1.1045135 1.1024423 1.1121969 1.1328967 1.0003842 0.9221109 0.9963423 1.0400817 1.0416764 1.0278143 1.0115775 1.1633555 1.0907386 1.0576679 0.7712521 0.0374670 0.0000000 0.0677522 0.0677522 0.1593008 0.1593008 1.3459235 1.1872887 1.3655811 1.4444687 1.0609301 1.2883350 1.3287016 1.1716198 1.2902293 1.0137048 1.3275523 1.1853221 1.4058449 1.3289020 2.0390803 1.4364134 4.8744928 8.9999986 1.3708280 1.4300390 1.1099988 2.0910562 1.8737623 1.9942104 2.0770507 2.2455928 2.2214106 2.4117104 2.4152877 2.4202116 2.4897197 2.4598695 2.1833770 2.3332033 2.6435203 2.4645417 2.2223087 2.1483240 2.9386863 2.7696711 3.4255600 3.9323456 2.8885208 
