90
Pbac_sb2662702                                        0.0000000 0.0000010 0.3225293 0.6952569 0.7303574 0.7303574 0.8079372 0.7759775 0.9347495 1.0009712 0.9654679 3.0093931 3.7217816 0.0000010 4.7448064 6.4505557 3.8517769 2.1793201 3.6012201 3.7386583 3.3571300 3.4812140 3.4812140 0.0000010 0.0000010 4.0263810 4.8921949 3.0094555 3.8767539 3.4562409 3.9183962 4.0021159 3.6198036 3.8562685 3.5019464 4.8272865 4.6934406 4.0709589 3.5900299 3.5818227 3.6123935 0.0000010 0.0000010 4.3570890 3.9082354 3.9560886 3.7075013 3.9524136 4.2654246 4.1921197 7.1136586 5.4867822 2.8380734 2.7566022 6.2220219 3.5216566 3.2012669 3.2012669 3.3184636 5.4722628 2.5370061 2.5648106 3.5267911 3.1986908 3.7520138 3.6056812 3.7215701 4.1664043 2.7756309 4.2510017 0.0000010 3.7639106 3.6426140 3.2698722 3.1181771 4.7855743 3.4936392 4.4775127 3.4032134 3.3267927 2.7242832 3.1757138 4.8730549 5.1792470 4.9917454 4.9542061 5.0853638 5.9748848 6.7607627 4.6916408 
Pbac_sb2645963                                        0.0000010 0.0000000 0.0202534 0.4652190 0.6145190 0.6404570 0.5403441 0.6470068 0.5881010 0.5815020 0.6163496 3.1703483 2.9279236 4.0206421 2.8335457 0.0000010 3.3242149 3.4410529 2.5601105 2.7382832 2.5235913 2.7896977 2.7890845 2.6673977 2.4640977 2.0172880 0.0000010 2.5758040 2.4660975 2.9194228 3.2560662 3.4497709 3.3970928 3.0300581 3.5032933 3.3278434 3.1509107 2.8784203 2.6411188 2.6562342 2.7672952 3.7358038 3.7358038 3.3999527 3.1374208 4.7432616 3.4355409 3.4945828 2.6732741 0.0000010 2.9906956 0.0000010 2.6524880 3.2596425 3.0599359 2.9619034 2.4800824 2.4800824 1.9408681 2.5250534 2.6935982 2.3809873 2.2229937 2.4253665 2.9096594 3.0312057 2.8868157 3.3396630 2.9309048 4.8766172 6.4141417 5.2497982 3.1903751 4.1501038 3.8122021 4.1810757 3.5852974 3.2244657 5.8753847 4.9892862 4.2302937 3.1665943 3.4353617 3.2969999 3.3027993 3.1377358 3.1377358 4.3933936 5.3296803 3.6382374 
Horcal_Hcv1.av93.c3.g1075.i1                          0.3225293 0.0202534 0.0000000 0.3214699 0.4794886 0.4362661 0.4919904 0.4619609 0.5625241 0.5421020 0.5907551 2.3365228 2.5439705 4.0566960 2.8707396 2.6077313 2.9373520 3.0707758 2.4525254 2.4624184 2.2130982 2.5529660 2.5531857 2.6844217 2.4817417 2.2734903 2.3489608 2.2473140 2.3613350 2.6672711 2.7430859 3.0283428 2.8903120 2.7451162 3.2957692 3.0515045 3.0024250 2.7817037 2.4977265 2.5217617 2.5517466 3.7050122 3.7050122 3.1905861 2.7768547 3.1325109 3.0048723 3.1011212 2.8081171 2.0753326 3.2784744 3.0716821 2.2770417 2.3739240 3.3221634 2.6121023 2.4444305 2.4444305 2.3435393 2.4494006 2.6960397 2.3181378 2.3543272 2.2421174 2.7885670 2.7736041 2.7034058 3.1284197 2.5331210 3.7379673 6.4160889 3.3403022 2.8263172 2.9185098 2.8008184 3.4655665 2.8762900 2.9681044 3.6997074 3.3291859 2.8287153 2.5572458 3.3112139 3.3145418 3.3257738 3.1250964 3.1553510 4.1373150 4.7273166 3.5846124 
Mertsp_Mesp_sb533154                                  0.6952569 0.4652190 0.3214699 0.0000000 0.2915354 0.2915354 0.2592173 0.2737784 0.2938445 0.4786794 0.4509697 1.9311409 2.3262846 9.0000000 2.6497868 1.9297419 2.5818992 3.0861082 2.2768785 1.9918126 2.2499296 2.2204180 2.2346086 2.4765895 2.8975467 1.9846771 1.8197965 1.6808952 1.9364384 2.2756644 2.3306783 2.5342100 2.4520231 2.5261280 3.3394611 2.6015485 2.7938625 2.4368403 2.4170078 2.1637212 2.3240112 5.6054736 5.6054736 2.7850266 2.5271664 2.7291258 2.6335426 2.8345743 2.5604070 2.2859392 3.4114483 2.2468085 2.2879071 1.9171173 4.8784191 2.4286988 2.5863093 2.5863093 2.2748739 2.6449093 4.2456125 5.2753081 3.9807288 2.1681679 2.8065380 2.7428156 2.8765567 2.7242690 2.6208671 2.8547081 6.1549634 2.2928998 2.3826424 2.5670162 2.4406964 3.3170091 2.8718758 3.1970094 3.0761320 2.8331709 2.3484557 2.6148194 2.8450271 2.7823503 2.7426449 2.7658539 2.7756461 4.2218628 3.5325424 4.1728348 
Mlei_ML1154.g6.i1                                     0.7303574 0.6145190 0.4794886 0.2915354 0.0000000 0.0047410 0.3539261 0.3166844 0.3925711 0.5526744 0.5452469 2.2560761 2.4371560 3.0319508 2.9120162 2.2971469 2.8019109 3.0506656 2.4264644 2.5540341 2.4491787 2.6694432 2.6938855 3.2259106 2.8357194 2.1770817 2.0167029 2.2957012 2.3330591 2.8150424 2.6868953 2.8987298 2.7492764 2.7938461 3.1356586 2.9283004 2.9063211 2.9581059 2.8305809 2.6077160 2.6542045 3.6931423 3.6931423 3.3632911 2.9678165 3.2838877 3.2057719 3.0536814 2.9363195 2.0750015 3.1635375 2.5843837 2.5924236 2.5222288 2.9018786 2.3780637 2.3998617 2.3998617 2.1947987 2.4098664 3.0997793 2.4794580 2.2950245 2.3112619 2.9680754 2.9115667 2.8241817 2.9060284 2.8406367 3.3635456 5.2377717 2.8612046 2.7244927 2.9057551 2.7357640 3.5738913 3.1584315 3.0208972 3.6981766 3.3727455 2.8140486 2.6219519 3.1580209 3.1759379 3.2358958 3.0288415 3.0596068 4.5012945 4.2868614 3.6559412 
Vmul_sbMO406954                                       0.7303574 0.6404570 0.4362661 0.2915354 0.0047410 0.0000000 0.3356854 0.3166844 0.3908367 0.5697577 0.5443452 2.2070283 2.5821540 3.3448327 2.8325109 2.2971469 2.7720658 3.1577949 2.4861943 2.4209197 2.3906485 2.6527693 2.6830994 3.5070399 3.2594411 2.1770817 2.0167029 2.2175372 2.3942346 2.6476559 2.7332164 2.9899351 2.8916005 2.9861226 3.5455171 3.1676362 3.1499313 3.0456632 2.8806660 2.6605184 2.7975301 5.2735534 5.2735534 3.5195350 2.9678165 3.1929920 3.2890994 3.0889880 3.0962409 2.2448977 3.4213067 2.5843837 2.4326205 2.2350260 3.2790761 2.3720207 2.4835175 2.4835175 2.1947987 2.4607317 3.7303238 3.1066322 2.7890599 2.4443259 3.0896925 3.0208915 2.9588417 3.0717566 2.8406367 3.1932349 4.7869156 2.6390241 2.7647637 2.6268095 2.7909091 3.3593760 3.0728920 3.3623234 3.6817695 3.3877875 2.8218387 2.6767169 3.0526450 2.9969994 3.0059816 2.8653606 2.9023224 4.6375085 4.4725987 3.8925547 
Drygla_Dgla_sb285675                                  0.8079372 0.5403441 0.4919904 0.2592173 0.3539261 0.3356854 0.0000000 0.3769292 0.5435960 0.6733311 0.6408357 2.4543127 2.5332577 4.0704732 2.8401427 2.4259778 3.1001686 3.0447686 2.3603668 2.5573064 2.4921756 2.6704141 2.6873713 3.3583617 2.8681796 2.1587736 2.2228199 2.3516363 2.4118839 2.8345534 2.8121454 2.9426165 2.8078704 2.6698389 3.2219745 3.1031919 2.9420505 2.8923769 2.8229463 2.6135621 2.6221556 3.7869395 3.7869395 3.2135675 2.8894497 3.2351324 3.1027134 3.1182612 2.8160570 2.1083294 3.3022030 3.0065286 2.6388954 2.6540273 2.9656591 2.4889127 2.6328281 2.6328281 2.2561704 2.7409290 3.2624297 2.7285249 2.5441693 2.3438454 3.0176721 2.9342472 2.7874900 2.8724443 2.7137489 3.3006503 5.6836160 2.9385475 2.8741021 2.9425545 2.7419153 3.5261605 3.2654450 3.3139985 3.8749011 3.3887014 2.8338183 2.7781190 3.3284939 3.2918723 3.3071714 3.2426396 3.2753642 4.4294641 4.4908349 3.7784194 
Beraby_Baby_sb332026                                  0.7759775 0.6470068 0.4619609 0.2737784 0.3166844 0.3166844 0.3769292 0.0000000 0.4234131 0.5727142 0.5769266 2.1228864 2.5744769 8.9999980 2.7523394 2.5801560 2.8801045 2.9137590 2.3396188 2.4193259 2.4057433 2.5797223 2.5911868 3.5492211 3.5319430 2.4730145 2.4140172 2.1824768 2.4759383 2.4639269 2.5053791 2.7663414 2.6396247 2.7448003 3.3026271 2.9101582 3.0452219 2.9119207 2.9730095 2.6820102 2.7280104 6.0110056 6.0110056 3.2462069 3.0540766 3.2686973 2.9561259 3.1636545 3.1483265 2.6484776 3.6228810 2.9015787 2.7283406 2.3187509 5.7414482 2.6841414 2.8886232 2.8886232 2.3824909 2.8590037 3.8092159 5.8154235 3.8395310 2.4414970 3.5042908 3.1158233 3.4306818 3.3070595 2.7538887 3.0333907 8.6243384 2.3550428 2.8484266 2.6229177 2.4850129 3.4731825 3.0125203 3.3073699 3.5227134 3.2135561 2.6696883 3.1219598 3.3470275 3.3154353 3.3233189 3.0797908 3.1246914 4.5779073 4.0790034 4.0706162 
Lampan_Lpan_13889_01                                  0.9347495 0.5881010 0.5625241 0.2938445 0.3925711 0.3908367 0.5435960 0.4234131 0.0000000 0.4475580 0.4531204 2.3276818 2.5738959 2.7354129 2.8479015 2.5906043 2.4826579 2.9435124 2.2210248 2.4381714 2.4706753 2.5850577 2.6020264 3.0158052 2.9394572 2.0609941 2.0556312 2.1248939 2.2461622 2.7719724 2.8183698 2.8308556 2.7041023 2.5962986 3.2061243 3.1696243 3.0516066 2.8713787 2.8567302 2.5601455 2.5708102 3.4109573 3.4109573 3.0239595 2.8474105 3.0932822 2.9060894 2.9616039 2.5247425 2.0147487 3.2584377 2.6155095 2.3560755 2.4241032 3.0663377 2.4256243 2.2300635 2.2300635 2.0253456 2.2514642 2.5716560 2.2734743 1.9077198 2.1108050 2.7304199 2.8606955 2.7007398 2.7700547 2.7122045 3.1642309 4.7597712 2.8015743 2.6347571 2.8852479 2.6262153 3.3884831 3.1110187 2.8958439 3.8476515 3.1828933 2.9623398 2.8986187 2.9432951 2.9871822 3.0475150 2.9929163 3.0048475 4.0584765 4.0894551 3.6292182 
Coeast_Cast_sb783011                                  1.0009712 0.5815020 0.5421020 0.4786794 0.5526744 0.5697577 0.6733311 0.5727142 0.4475580 0.0000000 0.0463063 2.2914841 2.4666204 2.8933694 2.5882875 2.0026088 2.5286326 2.7759853 2.0491908 2.2534593 2.3935733 2.4583210 2.4640589 2.3498468 2.2396687 1.9633106 1.6687049 2.0368628 2.1167633 2.5671613 2.6142953 2.7005031 2.6721618 2.5924907 2.9440774 2.8168685 2.6225887 2.3823929 2.4612154 2.2842579 2.3898201 3.1222397 3.1222397 2.7846609 2.6493688 2.9219397 2.9180906 2.7431581 2.4078125 1.7458398 2.5516581 2.1331541 2.2924874 2.2291502 3.3955715 2.4086656 2.0780584 2.0780584 1.8264473 1.8863009 2.4596404 1.8450608 2.4030328 1.8693888 2.7906722 2.7493920 2.7778430 2.6901601 2.6510572 3.2516754 5.4071873 2.8736861 2.4894102 2.8272976 2.6079543 3.4229934 2.7592973 2.5656484 3.5657622 3.0446655 2.8308832 2.4254523 2.8716848 2.8479015 2.8448383 2.8214675 2.8277067 4.0113786 4.2329912 3.5141836 
Coemet_Cmet_scaffold19275_01                          0.9654679 0.6163496 0.5907551 0.4509697 0.5452469 0.5443452 0.6408357 0.5769266 0.4531204 0.0463063 0.0000000 2.3855666 2.7492051 3.1796417 2.8458204 2.7986670 2.7675268 2.8275085 2.2167473 2.4598612 2.5795393 2.6483226 2.6543713 2.3603434 2.2528598 2.2729324 2.2963385 2.2419717 2.3011563 2.6666204 2.8029559 2.9430835 2.8240131 2.8031394 2.9132166 3.0288364 2.8168038 2.6089123 2.6477111 2.4918967 2.6482410 3.1326155 3.1326155 2.9920829 3.0049311 3.2860212 3.0604543 2.9426890 2.6768279 2.1803424 2.7771151 3.1286108 2.4059450 2.3757201 3.2671559 2.5363081 2.2601580 2.2601580 2.2365716 2.2210299 2.6294868 1.9251284 2.3084352 2.0855696 3.0950035 2.9406324 2.9238884 2.9139735 2.5582458 3.6072288 5.3882805 2.9512620 2.6876818 3.0713884 2.7078476 3.5486548 3.0129075 2.9230363 3.7838430 3.0988428 2.9416664 2.6536121 3.0527921 3.0988635 3.0047337 3.0091227 3.0400618 4.3397550 4.4406810 3.7929963 
Salurc_EP00051_Salpingoeca_urceolata_P008258          3.0093931 3.1703483 2.3365228 1.9311409 2.2560761 2.2070283 2.4543127 2.1228864 2.3276818 2.2914841 2.3855666 0.0000000 1.8608006 3.7231756 3.1410114 3.0221807 2.6695360 2.8009513 2.8509357 2.3427223 2.5621069 2.6973508 2.6973508 3.6181911 3.6162415 2.0126413 2.0344293 2.4913748 2.4478454 2.6103967 2.9037365 2.9321602 2.8585705 2.8174502 3.1884108 2.9150225 2.7876626 3.3091414 3.1542092 3.2673143 3.0441518 4.4374328 4.4374328 3.4598634 3.0061227 3.1666036 3.3189262 2.9458272 2.8768562 2.1205952 3.4624517 2.7573238 2.5111147 2.5045842 3.2915124 2.7767704 2.5240268 2.5240268 2.4101865 2.5824809 2.7373133 2.3327236 2.3849716 2.3909433 2.9434873 3.1349132 2.8534456 2.8190822 2.5542081 3.4251825 6.7384157 2.2176264 2.0478086 2.2571735 2.2184070 3.0103008 2.6666439 2.7935136 2.6897092 2.5929499 2.7378693 2.2585396 3.5395133 3.2768633 3.4812698 3.2896159 3.2767967 3.0118740 3.1832431 2.5083497 
Salkve_EP00050_Salpingoeca_kvevrii_P015863            3.7217816 2.9279236 2.5439705 2.3262846 2.4371560 2.5821540 2.5332577 2.5744769 2.5738959 2.4666204 2.7492051 1.8608006 0.0000000 2.9863753 2.4929131 2.4076654 2.3316095 2.8091620 2.5233603 2.0631563 2.4312346 2.5428599 2.5428599 2.9316803 2.7025072 2.0089610 2.1605421 2.1565975 2.1105066 2.4494471 2.3180250 2.6187511 2.4047321 2.2938302 2.6782183 2.3913149 2.3116228 2.5091201 2.5271286 2.4321195 2.4574504 2.9392614 2.9392614 2.4557285 2.3404059 2.4317301 2.6125959 2.4066317 2.3530289 2.1842587 2.4807764 2.3431153 2.5372524 2.8604687 3.2660476 2.5609397 2.4400987 2.4400987 2.3140974 2.0784637 2.3186050 1.8732969 2.8098810 2.5041788 2.3301287 2.2873186 2.2004911 2.2994080 3.1698464 2.9807883 7.0354749 1.9405670 2.2463541 2.0329956 2.1515649 2.8502698 2.5379429 2.2710455 2.8218648 2.8663371 2.6892985 2.2928301 2.6569240 2.7136202 2.6892345 2.4876986 2.4929014 2.8027100 2.8649542 2.0819236 
Cscu_XM_023356256.1                                   0.0000010 4.0206421 4.0566960 9.0000000 3.0319508 3.3448327 4.0704732 8.9999980 2.7354129 2.8933694 3.1796417 3.7231756 2.9863753 0.0000000 0.0226451 0.0000010 1.2562710 1.3858903 1.6935763 1.4003733 1.7453705 1.7397244 1.7488826 2.3390247 2.1564131 0.0000010 0.0000010 2.2699727 1.8064802 2.0776027 2.3478908 2.4893983 2.2240488 2.3849784 2.4488617 2.4741182 2.3089395 1.4477257 1.9139752 2.5800284 2.2094422 2.4899811 2.4899811 2.4222001 0.0000010 4.2029321 2.1876050 2.6826318 2.1470088 0.0000010 2.6204965 0.0000010 2.8829447 2.9464171 3.0615589 3.4242315 2.8803797 2.8803797 0.0000010 3.0187165 3.0187165 3.0187165 2.9163148 3.4937294 2.6909148 2.6308737 2.8073318 2.4064256 4.1278187 4.5375513 3.2791892 4.8915995 2.9980867 2.6278497 2.8077560 8.9999990 4.2662749 3.0277307 5.6131135 4.1597911 4.2849398 2.8975794 3.4634898 3.3125868 3.4373959 3.2348430 3.2118074 8.8751013 8.9999982 2.4731336 
Cscu_XM_023356254.1                                   4.7448064 2.8335457 2.8707396 2.6497868 2.9120162 2.8325109 2.8401427 2.7523394 2.8479015 2.5882875 2.8458204 3.1410114 2.4929131 0.0226451 0.0000000 0.0000010 1.0994069 0.9157640 1.4453546 1.2915672 1.5352614 1.5571703 1.5611764 2.0405112 1.8972462 1.4532677 1.6799826 1.5099650 1.2806682 1.5574245 1.5609381 1.6568421 1.5798175 1.5255735 1.6683080 1.6534132 1.7007537 1.4349465 1.4952024 2.0031296 1.7549413 2.2401977 2.2401977 2.0938893 2.1115768 2.2906027 1.9511415 1.8703741 1.8789722 2.5818059 2.1430104 2.0002263 2.2517264 2.0784832 3.3596829 2.9462436 2.3428973 2.3428973 2.6369527 2.6477813 2.8299478 2.4379559 2.0605238 2.4269499 2.5751594 2.5169656 2.5672616 2.5887630 2.9503285 2.7656213 3.7634020 3.1856602 2.7586082 2.7500662 2.6089758 4.0291693 3.3398329 3.0890948 3.2948344 3.4106015 3.3035516 2.6792433 2.8577536 2.7383106 2.8811605 2.6308659 2.6311504 3.3664569 3.7680265 2.9962767 
Cscu_XM_023356253.1                                   6.4505557 0.0000010 2.6077313 1.9297419 2.2971469 2.2971469 2.4259778 2.5801560 2.5906043 2.0026088 2.7986670 3.0221807 2.4076654 0.0000010 0.0000010 0.0000000 1.2897775 0.0000010 1.7018830 1.4339007 1.6103673 2.1383896 2.1383896 7.1112185 0.0000010 2.0378371 1.8657950 1.5797704 1.5399819 1.6350905 1.9435836 1.8350787 1.7245392 1.8549682 2.2864232 1.7125965 1.9710269 1.9385300 1.8006420 2.4851346 1.9700721 0.0000010 0.0000010 3.1212706 3.0244616 3.0818893 2.3133749 2.3132125 2.8696137 2.6544980 2.7487124 2.0002263 2.5077665 1.7538450 1.5466843 2.4523589 2.0687006 2.0687006 2.8327662 2.7188687 5.6154934 4.2932493 0.0000010 2.4029478 2.5781374 2.5331633 2.5642182 2.7039337 3.8662091 3.0142121 0.0000010 2.7528244 3.1279204 3.6051788 2.9517732 3.4557779 3.2084243 3.2633210 3.0911742 3.3092842 4.0812795 3.1441921 2.7077136 2.8118075 2.7435932 2.7632521 2.7774759 2.8903049 2.7767690 3.8576448 
Tcas_TC006360_001                                     3.8517769 3.3242149 2.9373520 2.5818992 2.8019109 2.7720658 3.1001686 2.8801045 2.4826579 2.5286326 2.7675268 2.6695360 2.3316095 1.2562710 1.0994069 1.2897775 0.0000000 0.7544671 1.2256589 1.1079473 1.3440019 1.4337490 1.4312147 1.6432810 1.7282122 1.0830752 1.3277671 1.1731853 1.2155152 1.5013116 1.5558631 1.7311031 1.6065736 1.5740802 1.7936317 1.7929060 1.6917395 1.5839157 1.6366172 1.7850824 1.7678716 2.3278214 2.3278214 2.0296806 1.7720841 1.9589884 1.9120564 2.0912125 1.6696206 2.1728437 2.0762053 1.0591302 2.1811986 2.0650685 3.7444471 2.7862729 2.2551497 2.2551497 2.3815736 2.3653925 2.5388691 2.2599565 2.3907320 2.1454754 2.2673452 2.1666776 2.2900042 2.2043732 2.5056317 2.4213343 5.0755429 2.8781094 2.5784732 2.5671057 2.2967131 3.6166363 3.1245612 2.9642874 3.2502967 3.2095942 2.9995520 2.4050680 2.7347282 2.8163636 3.0281288 2.7559796 2.7360687 3.1799755 3.5406287 2.9175001 
Dpul_mRNA25537                                        2.1793201 3.4410529 3.0707758 3.0861082 3.0506656 3.1577949 3.0447686 2.9137590 2.9435124 2.7759853 2.8275085 2.8009513 2.8091620 1.3858903 0.9157640 0.0000010 0.7544671 0.0000000 1.3961711 1.3892375 1.4773400 1.2743913 1.2760199 1.8383441 1.8099180 1.0387347 0.7774893 1.3634162 1.2840068 1.4986742 1.6391107 1.9625536 1.8228173 1.6502898 1.9218493 1.9430522 1.7085815 1.5064957 1.4500045 1.9775683 2.1275041 2.0471755 2.0471755 2.0100472 1.7601139 2.1346266 2.1648395 1.9516320 2.0705139 1.9244408 1.8813879 0.0000010 2.0288471 2.3623403 3.5173998 3.1366246 2.5644082 2.5644082 2.9066777 2.8779847 2.9614377 2.9300024 2.1015144 2.6518301 2.6147007 2.4373895 2.6034545 2.4638020 2.4387457 2.9763103 4.1078159 3.5746527 2.5378664 2.6884893 2.3304280 3.7556270 3.6142588 3.3396624 3.5131777 3.1643653 2.9355661 2.8052334 3.2675432 3.3191807 3.3358652 3.2921372 3.2835487 3.7927611 4.2775055 2.8109206 
Bralan_BLAG11000776_1                                 3.6012201 2.5601105 2.4525254 2.2768785 2.4264644 2.4861943 2.3603668 2.3396188 2.2210248 2.0491908 2.2167473 2.8509357 2.5233603 1.6935763 1.4453546 1.7018830 1.2256589 1.3961711 0.0000000 0.9429018 0.9638067 1.2304702 1.2387528 1.7124598 1.5922542 1.5322938 1.6761104 1.2706075 1.2251994 1.5636714 1.3905851 1.4323525 1.4288391 1.3101150 1.2655800 1.4770182 1.5681259 1.3251469 1.2950284 1.5596167 1.4899645 1.7144080 1.7144080 1.9002024 1.9686656 2.1886934 1.5816545 1.7050197 1.5826063 2.2938601 1.4820990 1.9385201 1.9488270 1.8708781 2.4126542 2.3372713 2.1558601 2.1558601 2.0006114 2.4057115 2.6753974 2.5117787 2.1008291 2.0187061 2.0379444 1.9600318 2.0588839 2.1937398 2.3503260 2.5754290 3.4633215 3.0714924 2.2829787 2.5757458 2.2957881 3.1650091 2.8039327 2.6716447 3.2949775 3.2436983 2.8021246 2.7143493 2.5488622 2.5927504 2.7531676 2.5667858 2.5831559 3.2038032 3.3958232 2.8269167 
Hsap_ENST00000337002                                  3.7386583 2.7382832 2.4624184 1.9918126 2.5540341 2.4209197 2.5573064 2.4193259 2.4381714 2.2534593 2.4598612 2.3427223 2.0631563 1.4003733 1.2915672 1.4339007 1.1079473 1.3892375 0.9429018 0.0000000 0.9632713 1.2708988 1.2727856 1.4625033 1.4821630 1.1647785 1.2850991 1.0409307 1.1225564 1.4769458 1.2233426 1.3340035 1.3038307 1.2107952 1.2030781 1.3083482 1.2811190 1.1951496 1.1315107 1.5280399 1.5254762 2.0579837 2.0579837 1.8501905 1.7867083 2.0722396 1.5979374 1.6578883 1.7671009 2.0230769 1.4743172 1.6489981 1.8273617 1.8412852 3.1323888 2.5098903 2.2797053 2.2797053 2.2469314 2.5719150 2.7538516 2.7160303 2.1016194 1.8918108 2.0850397 2.0207351 1.9836225 1.9238915 2.0448806 2.5223359 3.8152817 2.4756155 2.4432854 2.6449299 2.4676567 3.1883753 2.7587491 2.6182763 3.4263097 3.3151208 3.1837482 2.5531814 2.5494234 2.5648661 2.7250400 2.3861205 2.3859208 2.7494649 3.1478872 2.4364211 
Skow_XM_002737953.2                                   3.3571300 2.5235913 2.2130982 2.2499296 2.4491787 2.3906485 2.4921756 2.4057433 2.4706753 2.3935733 2.5795393 2.5621069 2.4312346 1.7453705 1.5352614 1.6103673 1.3440019 1.4773400 0.9638067 0.9632713 0.0000000 1.0594744 1.0702305 1.5706997 1.4399753 1.3065934 1.5641152 1.2471671 1.1627874 1.4269392 1.2163772 1.3070710 1.2906099 1.3091107 1.1473585 1.3108544 1.2454107 1.2389661 1.2703255 1.5068829 1.4038139 1.6314319 1.6314319 1.4948042 1.3002663 1.4838098 1.3517334 1.4828917 1.5464387 2.0859014 1.4849241 1.7831470 1.7123040 1.7756740 3.2012692 2.6017749 2.2622896 2.2622896 2.1717344 2.2965202 2.4719920 2.2710951 2.0101423 1.8629872 2.2073741 2.1374877 2.1237628 2.2839639 2.0786489 2.4924772 3.6990241 2.7613590 2.7533367 2.6006583 2.4382045 2.9570111 2.5377189 2.6254737 3.2064984 3.2157063 3.1953473 2.8988351 2.6459092 2.6205439 2.7819779 2.6033043 2.6017030 3.1754902 3.3532312 2.7055984 
Spur_XM_030987204.1                                   3.4812140 2.7896977 2.5529660 2.2204180 2.6694432 2.6527693 2.6704141 2.5797223 2.5850577 2.4583210 2.6483226 2.6973508 2.5428599 1.7397244 1.5571703 2.1383896 1.4337490 1.2743913 1.2304702 1.2708988 1.0594744 0.0000000 0.0029679 1.3646876 1.2612543 1.3548878 1.6405832 1.4089321 1.2475877 1.5356454 1.4604408 1.6312647 1.5912486 1.4954855 1.2322692 1.4113991 1.3677916 1.4727624 1.3833095 1.6895203 1.5688044 1.4967110 1.4967110 1.7504687 1.9007527 2.0685151 1.6561430 1.5955382 1.4687376 2.1082608 1.3750438 2.1693221 1.9637484 2.0424487 3.0825592 2.8000301 2.3417232 2.3417232 1.9195499 2.3630650 2.9364334 2.4749090 2.1874781 2.2307071 2.4094340 2.2364397 2.1683033 2.4626656 2.6754210 2.6847251 4.1423988 2.8693255 2.8168780 2.6027865 2.3916732 3.5612868 3.2423793 3.2310360 3.3208170 3.3317495 3.1047225 2.6318763 2.5629759 2.5939063 2.6713151 2.5098286 2.5363730 2.9792362 3.3381661 2.5703113 
Spur_XM_030987183.1                                   3.4812140 2.7890845 2.5531857 2.2346086 2.6938855 2.6830994 2.6873713 2.5911868 2.6020264 2.4640589 2.6543713 2.6973508 2.5428599 1.7488826 1.5611764 2.1383896 1.4312147 1.2760199 1.2387528 1.2727856 1.0702305 0.0029679 0.0000000 1.3672628 1.2612543 1.3548878 1.6405832 1.4102790 1.2553668 1.5371852 1.4686776 1.6396291 1.5993867 1.5037167 1.2415569 1.4221486 1.3712408 1.4880001 1.3974890 1.6933829 1.5729272 1.5204283 1.5204283 1.7592660 1.9007527 2.0685151 1.6599075 1.5989155 1.4702723 2.1082608 1.3773389 2.1693221 1.9687813 2.0476057 3.1599398 2.8178213 2.3514871 2.3514871 1.9195499 2.3784309 2.9584830 2.5013699 2.2049498 2.2351116 2.4221351 2.2434620 2.1748693 2.4756476 2.7101494 2.6648644 4.1423988 2.8693255 2.8168780 2.6027865 2.3916732 3.5612868 3.2423793 3.2310360 3.3208170 3.3317495 3.1047225 2.6318763 2.5926856 2.6249201 2.7028641 2.5164156 2.5430517 2.9792362 3.3381661 2.5703113 
Lcom_lcpid158785                                      0.0000010 2.6673977 2.6844217 2.4765895 3.2259106 3.5070399 3.3583617 3.5492211 3.0158052 2.3498468 2.3603434 3.6181911 2.9316803 2.3390247 2.0405112 7.1112185 1.6432810 1.8383441 1.7124598 1.4625033 1.5706997 1.3646876 1.3672628 0.0000000 0.0674842 0.2493135 1.8963719 0.6942314 1.1877053 1.1004580 1.9045039 2.1207182 2.1195824 1.7952216 1.7261879 1.8130777 1.6955012 1.5486976 1.3806164 1.9589509 1.8745157 2.0120846 2.0120846 2.1297291 6.9724638 8.3580390 1.9676983 2.1781318 1.7936566 0.4600522 2.1242231 1.8963719 2.1467047 2.6746997 2.5300630 2.8725336 2.3794329 2.3794329 1.8963719 2.4982826 2.6022630 2.4288997 1.8200264 2.0883364 2.4172044 2.5361306 2.5202222 2.5790383 2.3321080 5.2525133 4.7297935 3.2598376 2.6622403 3.6159221 3.5995214 5.0782712 2.7137449 2.4119554 4.0366965 4.0960076 3.7764410 2.8599429 2.6328535 2.5278061 2.5533808 2.3807526 2.3720960 3.8967718 4.4532294 3.2423831 
Lcom_lcpid247779                                      0.0000010 2.4640977 2.4817417 2.8975467 2.8357194 3.2594411 2.8681796 3.5319430 2.9394572 2.2396687 2.2528598 3.6162415 2.7025072 2.1564131 1.8972462 0.0000010 1.7282122 1.8099180 1.5922542 1.4821630 1.4399753 1.2612543 1.2612543 0.0674842 0.0000000 0.0000010 0.0000010 0.7581083 1.1298101 1.4094678 1.9958099 2.2908305 2.1197444 2.0706517 1.8426454 1.8426454 1.7970316 1.5022184 1.6132773 1.8267126 1.8399082 2.5055965 2.5055965 2.2680590 0.0000010 4.6921539 2.0994603 2.3808628 2.4657920 0.0000010 1.6088312 0.0000010 1.8989190 2.7394579 2.1551121 2.5118676 2.0899242 2.0899242 0.0000010 2.4983535 2.4983535 2.4983535 1.9375564 1.9532387 2.1073238 2.1051964 2.3280240 2.2496381 3.1261105 4.2994464 4.2695298 2.9348311 2.4148648 3.0924606 3.7248256 6.0145184 2.6759086 2.9000334 3.2411613 3.6694063 3.9306730 2.2339704 2.7979909 2.6801085 2.1869770 2.2306238 2.2158557 5.9035636 4.7047242 2.4903012 
Lcom_lcpid111580                                      4.0263810 2.0172880 2.2734903 1.9846771 2.1770817 2.1770817 2.1587736 2.4730145 2.0609941 1.9633106 2.2729324 2.0126413 2.0089610 0.0000010 1.4532677 2.0378371 1.0830752 1.0387347 1.5322938 1.1647785 1.3065934 1.3548878 1.3548878 0.2493135 0.0000010 0.0000000 0.1225823 0.8844910 0.8959462 0.9671243 1.4699775 1.5470369 1.5652069 1.6197130 1.2277222 1.7130719 1.3960106 1.4555502 1.5580630 1.7428474 1.6583568 0.0000010 0.0000010 1.9245258 1.7856358 1.8406411 1.6661567 1.7496187 1.6383404 2.2301394 1.9519470 1.3549842 1.8971939 2.0826286 4.8207185 2.1905817 2.1130243 2.1130243 2.0406542 2.0896600 3.3007758 4.1321257 2.2274782 1.9864084 2.2045665 2.0519849 2.0266736 2.2627462 1.9270890 1.7710081 0.0000010 2.4107147 2.4172136 2.1491992 2.0805624 2.5335822 2.9765769 2.9588123 2.7681936 2.9815333 2.8071455 2.8698215 2.9990724 3.0033612 2.8124257 2.6725415 2.6813758 2.6200606 2.7835723 2.9430426 
Lcom_lcpid132358                                      4.8921949 0.0000010 2.3489608 1.8197965 2.0167029 2.0167029 2.2228199 2.4140172 2.0556312 1.6687049 2.2963385 2.0344293 2.1605421 0.0000010 1.6799826 1.8657950 1.3277671 0.7774893 1.6761104 1.2850991 1.5641152 1.6405832 1.6405832 1.8963719 0.0000010 0.1225823 0.0000000 1.1124077 0.9987782 1.1491310 1.8732336 1.7598975 1.8050753 1.8358203 1.2126322 1.9537921 1.5547351 1.7408038 1.5837790 1.9708459 2.0689596 0.0000010 0.0000010 2.5929267 2.2132089 2.3089664 2.0900759 2.1620059 1.8749130 2.1150539 2.1483583 1.4421247 2.4865889 1.8374119 3.6890807 2.1949949 2.2330899 2.2330899 2.1370849 2.2341319 4.8505545 4.1321257 0.0000010 2.2083967 2.3250510 2.3810305 2.2069620 2.4795248 2.3309911 2.0132635 0.0000010 2.4619237 2.5395466 2.2730732 2.4441123 2.7469651 3.0985487 2.8408942 2.5082331 2.4771420 2.6751733 3.1862112 2.8272862 2.8768257 2.5913383 2.5560530 2.5683246 2.5223934 2.7343774 3.3836582 
Acagra_model.g25740.t1                                3.0094555 2.5758040 2.2473140 1.6808952 2.2957012 2.2175372 2.3516363 2.1824768 2.1248939 2.0368628 2.2419717 2.4913748 2.1565975 2.2699727 1.5099650 1.5797704 1.1731853 1.3634162 1.2706075 1.0409307 1.2471671 1.4089321 1.4102790 0.6942314 0.7581083 0.8844910 1.1124077 0.0000000 0.7555372 1.0274464 1.4355022 1.5173536 1.5132362 1.4082844 1.4490212 1.6318606 1.4357003 1.2833908 1.3817798 1.7050147 1.5392342 1.9205067 1.9205067 1.8097897 1.7181601 1.9496454 1.5435543 1.6853050 1.6518432 2.3800225 2.0053192 1.5077525 1.9597848 1.9119614 3.2641187 2.2855115 2.3788204 2.3788204 2.2597301 2.7497100 2.8263263 2.7989346 2.0945338 2.2379558 2.0719749 2.2162869 2.0562912 2.1117279 2.2268607 2.4987375 4.6903754 2.4479991 2.2199141 2.5792182 2.5413686 3.3372895 2.6242202 2.6567172 3.2338129 3.3457183 2.9670154 2.7329156 2.7021858 2.6702848 2.7786408 2.5366527 2.5364991 3.1050504 3.3558575 2.9304185 
Ctel_gnl_WGS_AMQN_CAPTEDRAFT_mRNA221933               3.8767539 2.4660975 2.3613350 1.9364384 2.3330591 2.3942346 2.4118839 2.4759383 2.2461622 2.1167633 2.3011563 2.4478454 2.1105066 1.8064802 1.2806682 1.5399819 1.2155152 1.2840068 1.2251994 1.1225564 1.1627874 1.2475877 1.2553668 1.1877053 1.1298101 0.8959462 0.9987782 0.7555372 0.0000000 1.1090586 1.3523595 1.5859741 1.5257637 1.4567935 1.4554850 1.5560468 1.4352816 1.3837949 1.4216648 1.5546497 1.6221755 2.1260672 2.1260672 1.8858268 1.7955625 1.9500997 1.6961525 1.6757674 1.6704326 2.3963211 1.7874635 1.6195941 2.0263678 1.8886148 2.7102661 2.1549933 2.1081822 2.1081822 2.0582328 2.2947139 2.6477375 2.6726349 1.8567012 2.1934092 2.2558761 2.1784602 2.0392016 2.1384936 2.5584276 2.6731009 3.8128099 2.7481405 2.3764147 2.4330421 2.3056242 3.0041201 2.8270195 2.7802429 3.5155525 3.7126710 3.3299785 2.4651900 2.5411030 2.5092867 2.5913759 2.5404280 2.5408184 3.2441716 3.4681828 2.7463933 
Cgig_XM_011433866.3                                   3.4562409 2.9194228 2.6672711 2.2756644 2.8150424 2.6476559 2.8345534 2.4639269 2.7719724 2.5671613 2.6666204 2.6103967 2.4494471 2.0776027 1.5574245 1.6350905 1.5013116 1.4986742 1.5636714 1.4769458 1.4269392 1.5356454 1.5371852 1.1004580 1.4094678 0.9671243 1.1491310 1.0274464 1.1090586 0.0000000 1.8790364 1.9501425 1.8707611 1.7417704 1.8174890 2.0345452 1.8432055 1.6566979 1.4776756 2.0611581 1.9533866 1.9440742 1.9440742 2.2094841 2.2651902 2.4298620 1.9062144 1.7730796 1.5757908 2.2853671 2.2339219 1.6442932 2.4051586 1.9873750 3.0781664 2.5771870 2.3572704 2.3572704 1.9240557 2.6904788 3.1048208 3.3272949 2.5410971 2.2150822 2.3435437 2.3960281 2.3708456 2.3519236 2.4298985 2.5495214 4.4336913 2.8041016 2.5133231 2.6729455 2.7314620 3.6765680 2.8668279 2.7212948 3.2779763 3.4523564 3.3631589 2.7158933 2.7793459 2.7035893 2.7174327 2.5483945 2.5482523 3.1035175 3.3725813 2.4866921 
Fspp_ffun1.m4.19224.m1                                3.9183962 3.2560662 2.7430859 2.3306783 2.6868953 2.7332164 2.8121454 2.5053791 2.8183698 2.6142953 2.8029559 2.9037365 2.3180250 2.3478908 1.5609381 1.9435836 1.5558631 1.6391107 1.3905851 1.2233426 1.2163772 1.4604408 1.4686776 1.9045039 1.9958099 1.4699775 1.8732336 1.4355022 1.3523595 1.8790364 0.0000000 0.2690128 0.2337431 0.2044309 0.4035021 0.4350459 0.3519625 0.7219764 0.7382173 1.1507501 1.0722631 1.4018390 1.4018390 1.3802836 1.5141545 1.7266632 1.2235033 1.1898836 1.3941199 1.5972362 1.7778605 1.5297938 1.8460934 1.7949481 3.6337665 2.4367841 2.1118901 2.1118901 1.7250639 2.5066227 3.0044708 2.7763747 2.1996956 2.0273471 2.1617403 1.9249068 2.0246520 2.1776726 2.6784883 2.5348545 4.7314894 2.9523415 2.6739208 3.0921215 2.7378409 3.1710346 2.8094773 2.7559731 3.6484005 4.1210975 3.4868401 2.8318994 2.3986968 2.3869302 2.5224096 2.4107099 2.4105037 3.1265983 3.6340613 3.1681526 
Spis_XP_022789783_1                                   4.0021159 3.4497709 3.0283428 2.5342100 2.8987298 2.9899351 2.9426165 2.7663414 2.8308556 2.7005031 2.9430835 2.9321602 2.6187511 2.4893983 1.6568421 1.8350787 1.7311031 1.9625536 1.4323525 1.3340035 1.3070710 1.6312647 1.6396291 2.1207182 2.2908305 1.5470369 1.7598975 1.5173536 1.5859741 1.9501425 0.2690128 0.0000000 0.1263928 0.2728966 0.4489746 0.4723721 0.3978732 0.7838888 0.8125008 1.2226092 1.0744731 1.5865431 1.5865431 1.4574746 1.4909813 1.6539883 1.2549119 1.1188752 1.4195997 1.5882707 1.8399118 1.7889825 2.0401902 1.9886445 3.3334181 2.5427088 2.2718626 2.2718626 2.0489301 2.5653334 2.9285825 2.6488676 2.2523192 2.1411188 2.3154815 2.2316212 2.3300785 2.2560259 2.7643635 2.3966274 5.3458546 2.9170377 2.7305620 3.0466893 2.5430790 3.2796044 3.0927181 3.1108911 3.9273423 3.6975046 3.5952706 2.8285608 2.5044470 2.4997873 2.6419817 2.5328679 2.5331944 3.0774797 3.5492420 3.0419387 
Pocdam_XM_027188495.1                                 3.6198036 3.3970928 2.8903120 2.4520231 2.7492764 2.8916005 2.8078704 2.6396247 2.7041023 2.6721618 2.8240131 2.8585705 2.4047321 2.2240488 1.5798175 1.7245392 1.6065736 1.8228173 1.4288391 1.3038307 1.2906099 1.5912486 1.5993867 2.1195824 2.1197444 1.5652069 1.8050753 1.5132362 1.5257637 1.8707611 0.2337431 0.1263928 0.0000000 0.2569154 0.4279005 0.4368812 0.3581180 0.7243257 0.7571473 1.1121981 1.0081213 1.4152069 1.4152069 1.3664292 1.3699398 1.5634554 1.1892166 1.0822983 1.3797514 1.6795403 1.6911035 1.8003024 1.9285540 1.8803937 3.2598125 2.4247147 2.1970005 2.1970005 1.9887694 2.4887196 2.8429954 2.6607090 2.2764088 2.1885954 2.2093929 2.0759265 2.2487645 2.1445416 2.8443144 2.3577054 5.2744650 2.9360608 2.7349979 2.9285695 2.5450326 3.2529224 2.9733848 2.9483919 3.7622426 3.8164383 3.5462714 2.8133760 2.5326742 2.5089121 2.6657366 2.5322443 2.5325709 3.1366473 3.5165365 2.8845187 
Gasp_gasp1.m3.1288.m1                                 3.8562685 3.0300581 2.7451162 2.5261280 2.7938461 2.9861226 2.6698389 2.7448003 2.5962986 2.5924907 2.8031394 2.8174502 2.2938302 2.3849784 1.5255735 1.8549682 1.5740802 1.6502898 1.3101150 1.2107952 1.3091107 1.4954855 1.5037167 1.7952216 2.0706517 1.6197130 1.8358203 1.4082844 1.4567935 1.7417704 0.2044309 0.2728966 0.2569154 0.0000000 0.3712044 0.4405663 0.3821462 0.7612393 0.6955467 1.0398209 1.0341508 1.2544598 1.2544598 1.3165978 1.4760622 1.6735010 1.2360119 1.1104083 1.2551544 1.6870292 1.7721153 1.9261788 1.8554678 1.8691696 2.8206691 2.2557532 2.0783449 2.0783449 1.8508489 2.4307140 2.8242911 2.7162226 2.0938799 2.1118869 2.2833197 2.0093404 2.1741412 2.1337749 2.6005997 2.4188219 4.9417751 2.8952834 2.6297734 2.8923558 2.5054433 3.0823519 3.0154522 2.8518991 3.6050271 3.6753404 3.3181180 2.7551101 2.4936755 2.5351307 2.4698710 2.4321798 2.4325652 2.9619703 3.5364172 2.7699782 
Adig_XM_015912263.1                                   3.5019464 3.5032933 3.2957692 3.3394611 3.1356586 3.5455171 3.2219745 3.3026271 3.2061243 2.9440774 2.9132166 3.1884108 2.6782183 2.4488617 1.6683080 2.2864232 1.7936317 1.9218493 1.2655800 1.2030781 1.1473585 1.2322692 1.2415569 1.7261879 1.8426454 1.2277222 1.2126322 1.4490212 1.4554850 1.8174890 0.4035021 0.4489746 0.4279005 0.3712044 0.0000000 0.0874376 0.2663243 0.7057602 0.6597625 1.0954157 0.9848282 1.4481847 1.4481847 1.3316348 1.1942885 1.3768837 1.2593993 1.0900362 1.3211456 2.5484610 1.2643506 1.5727465 2.2254963 2.2558873 3.3929672 2.6644351 2.4576133 2.4576133 1.8963219 2.7893852 2.8679054 2.6303531 2.1958767 2.4043481 2.2893003 2.2148446 2.3043393 2.2742650 2.6416843 2.8526962 4.7170702 3.7546890 3.0503437 3.1506560 2.7857638 4.0174130 3.5959234 3.3713635 4.2635954 3.8677497 3.7787754 2.8527077 2.8457697 2.8706292 3.0936269 2.6793858 2.6680416 3.4646253 3.8384790 2.9322408 
Amil_Amillepora19338-RA                               4.8272865 3.3278434 3.0515045 2.6015485 2.9283004 3.1676362 3.1031919 2.9101582 3.1696243 2.8168685 3.0288364 2.9150225 2.3913149 2.4741182 1.6534132 1.7125965 1.7929060 1.9430522 1.4770182 1.3083482 1.3108544 1.4113991 1.4221486 1.8130777 1.8426454 1.7130719 1.9537921 1.6318606 1.5560468 2.0345452 0.4350459 0.4723721 0.4368812 0.4405663 0.0874376 0.0000000 0.3203638 0.8305762 0.8166471 1.2149105 0.9807748 1.5868773 1.5868773 1.5196804 1.3778771 1.5011907 1.4691221 1.3484501 1.5594774 1.6717588 1.6537502 2.0547324 1.9716172 1.9066246 3.4521451 2.6072904 2.3547290 2.3547290 2.1846991 2.7615449 3.2161639 2.8745446 2.1783069 2.3161244 2.2614887 2.1817119 2.2542826 2.2470504 3.1449079 2.6420480 4.7170702 3.0628089 2.7792315 3.1221235 2.6259566 3.1706536 2.8931316 3.0778679 3.5695399 3.5315125 3.2930374 2.8549305 2.6717430 2.7157282 2.8498681 2.6458044 2.6417346 2.9689448 3.2202820 2.7086819 
Gfas_gfas1.m1.13520.m1                                4.6934406 3.1509107 3.0024250 2.7938625 2.9063211 3.1499313 2.9420505 3.0452219 3.0516066 2.6225887 2.8168038 2.7876626 2.3116228 2.3089395 1.7007537 1.9710269 1.6917395 1.7085815 1.5681259 1.2811190 1.2454107 1.3677916 1.3712408 1.6955012 1.7970316 1.3960106 1.5547351 1.4357003 1.4352816 1.8432055 0.3519625 0.3978732 0.3581180 0.3821462 0.2663243 0.3203638 0.0000000 0.7387225 0.7397757 1.1618213 0.9832174 1.2825137 1.2825137 1.4603769 1.5012748 1.7223683 1.2761903 1.0579535 1.3253679 1.6776964 1.6280704 2.1604800 1.9722209 1.9677380 3.4269679 2.6018727 2.1062043 2.1062043 2.0279453 2.3851675 2.6095678 2.3746369 1.8820046 2.1121622 2.2260014 2.1168712 2.1503363 2.1639155 2.8164178 2.2683048 4.3426410 2.9902218 2.7640690 2.8799857 2.6231506 3.3412070 3.0406949 2.9566810 3.6518892 3.4309026 3.3656834 2.8914774 2.4148038 2.3598671 2.4996440 2.3564703 2.3562612 3.0982819 3.3663801 2.9633623 
Exapal_XM_021058115.1                                 4.0709589 2.8784203 2.7817037 2.4368403 2.9581059 3.0456632 2.8923769 2.9119207 2.8713787 2.3823929 2.6089123 3.3091414 2.5091201 1.4477257 1.4349465 1.9385300 1.5839157 1.5064957 1.3251469 1.1951496 1.2389661 1.4727624 1.4880001 1.5486976 1.5022184 1.4555502 1.7408038 1.2833908 1.3837949 1.6566979 0.7219764 0.7838888 0.7243257 0.7612393 0.7057602 0.8305762 0.7387225 0.0000000 0.5452455 1.2312651 1.1322363 1.1137471 1.1137471 1.3525012 1.5241735 1.6837765 1.1201243 1.1121578 1.3495947 2.1074946 1.6457464 2.0846450 1.9577680 2.0273322 2.9669402 2.3742816 2.2643338 2.2643338 2.2128880 2.5256911 2.7609789 2.4769022 2.2517248 2.2070603 2.3270769 2.1574749 2.3042904 2.1428535 2.5395910 2.4716063 4.0032954 3.1691801 2.7764660 3.0112248 2.5975559 3.9395495 2.9702547 3.2644538 3.6821363 3.5107191 3.4315345 3.0958005 2.4401331 2.4421563 2.6260857 2.3192925 2.3197161 3.2283880 3.5532740 2.8706219 
Nvec_v1g159983                                        3.5900299 2.6411188 2.4977265 2.4170078 2.8305809 2.8806660 2.8229463 2.9730095 2.8567302 2.4612154 2.6477111 3.1542092 2.5271286 1.9139752 1.4952024 1.8006420 1.6366172 1.4500045 1.2950284 1.1315107 1.2703255 1.3833095 1.3974890 1.3806164 1.6132773 1.5580630 1.5837790 1.3817798 1.4216648 1.4776756 0.7382173 0.8125008 0.7571473 0.6955467 0.6597625 0.8166471 0.7397757 0.5452455 0.0000000 1.1426565 1.0504854 1.1633548 1.1633548 1.3765192 1.4968119 1.6488179 1.1873634 1.0926281 1.2788198 2.0543828 1.6122723 2.1607101 1.7465258 1.8819148 3.1112700 2.6754129 2.1559384 2.1559384 1.8624056 2.2413683 2.4429325 2.2596998 2.0123888 2.0948502 2.3076796 1.9326355 2.1751409 2.2877482 2.4231878 2.4110085 5.2467038 3.0306041 2.8257039 2.8835134 2.5901891 3.3585015 2.8148757 2.6587941 3.3375233 3.4325779 3.1517888 3.1121752 2.4894009 2.5143639 2.6969737 2.4170544 2.4168647 2.9766819 3.5112139 2.6740376 
Dgig_XM_028537894.1                                   3.5818227 2.6562342 2.5217617 2.1637212 2.6077160 2.6605184 2.6135621 2.6820102 2.5601455 2.2842579 2.4918967 3.2673143 2.4321195 2.5800284 2.0031296 2.4851346 1.7850824 1.9775683 1.5596167 1.5280399 1.5068829 1.6895203 1.6933829 1.9589509 1.8267126 1.7428474 1.9708459 1.7050147 1.5546497 2.0611581 1.1507501 1.2226092 1.1121981 1.0398209 1.0954157 1.2149105 1.1618213 1.2312651 1.1426565 0.0000000 0.5486225 1.4082033 1.4082033 1.4515189 1.3302430 1.4396168 1.3877157 1.4058390 1.2419745 2.4699506 1.7305823 2.5649505 1.9385267 1.9433384 2.9461721 2.5965566 2.3165198 2.3165198 2.0430300 2.4419525 2.6731865 2.3937509 2.1669438 2.3509813 2.6076404 2.5270136 2.4198454 2.6189927 2.7040726 2.5331651 3.9220151 3.1566297 2.6648358 3.0277397 2.6304893 3.5927030 3.6102667 3.1704622 3.5277833 3.4918665 3.4042542 2.8837383 2.7325078 2.7183301 2.8781399 2.6755766 2.6799340 3.1624779 3.3009613 2.9415138 
Xesp_012875-T1                                        3.6123935 2.7672952 2.5517466 2.3240112 2.6542045 2.7975301 2.6221556 2.7280104 2.5708102 2.3898201 2.6482410 3.0441518 2.4574504 2.2094422 1.7549413 1.9700721 1.7678716 2.1275041 1.4899645 1.5254762 1.4038139 1.5688044 1.5729272 1.8745157 1.8399082 1.6583568 2.0689596 1.5392342 1.6221755 1.9533866 1.0722631 1.0744731 1.0081213 1.0341508 0.9848282 0.9807748 0.9832174 1.1322363 1.0504854 0.5486225 0.0000000 1.5472078 1.5472078 1.4742162 1.4686578 1.5750409 1.4367803 1.3512080 1.4338409 2.1708221 1.7141855 2.9010580 1.8481389 2.0038359 3.0727662 2.5337912 2.2895240 2.2895240 2.5462610 2.5186083 2.5557148 2.2244707 2.0135280 2.3100081 2.3100932 2.2695006 2.1803584 2.3348774 2.8402230 2.4755858 4.3314278 2.9602783 2.5283547 2.6613696 2.8371568 3.6102363 3.2200648 3.0279292 3.5078826 3.4051814 3.1346665 2.8102535 2.4546533 2.4621956 2.5672313 2.4850851 2.5128133 3.1546958 3.0457133 2.8488503 
