95
Pocdam_XM_027189514.1                                                0.0000000 5.5365501 5.4136916 7.9168200 6.3431447 5.1464523 3.2235742 5.7726476 5.6485069 5.6485069 5.0187342 5.2242848 5.3302208 4.2360432 3.5884167 4.8589241 6.3175310 4.9980355 4.8353340 6.6187107 7.9463678 3.3459762 6.3366195 7.2673291 6.4388708 5.7280087 5.7413423 5.5134466 5.7199846 5.5294103 4.9320152 5.1164424 4.5270103 6.1164906 6.9291285 5.8947297 5.9631864 5.4016349 5.9782335 8.9999983 2.6687417 3.8224308 6.6572508 5.5270278 5.6624096 4.4346822 7.8556861 4.2580421 4.2479993 4.6600641 3.0751380 4.4671464 4.3765493 5.3869132 5.3549877 6.4087037 8.9999990 4.4329060 6.1504548 5.0872280 5.0872280 5.7746522 5.4164197 5.6413984 5.2345088 5.5058723 5.8816197 5.5261185 4.7555228 2.6901885 5.5603615 5.3661415 6.1014305 5.4165119 5.3222505 6.3455309 5.9179710 5.9930488 6.8378286 6.8378286 8.6140362 8.6140362 6.5885188 6.5302697 6.8190694 3.1374825 6.1943333 6.1569128 5.9549029 7.9629183 8.9999981 7.6586138 8.9999985 8.8599683 8.9999989 
Codhol_EP00042_Codosiga_hollandica_P019412                           5.5365501 0.0000000 0.7220932 0.9211130 0.9009804 0.7926871 0.8010794 1.1344854 0.9539808 0.9539808 0.8912650 0.8737957 0.8737957 0.8737957 0.9484344 0.9073423 0.6610623 0.8192393 1.0741149 1.0480807 0.0000010 0.9142526 1.1530853 0.6312405 1.0954424 1.0561954 1.1032316 1.0291504 1.0291504 1.0644066 0.9841412 0.9841412 0.4988950 0.9766993 0.6584364 0.9020826 1.0389611 0.8071619 0.8519993 0.0000010 0.8286149 1.3701560 1.0299732 0.9449392 1.0458485 0.9883291 0.9288367 0.9575555 0.9288367 1.0287147 0.9312301 0.8289742 0.9134648 1.2183060 1.2766850 0.9574371 1.3836067 1.3836067 0.8968062 1.0001411 1.0001411 0.7400480 0.7968901 0.9889445 0.9111903 0.9204405 1.0682346 0.9239870 0.7943637 5.9682734 0.6906105 0.9466431 1.0315694 0.8003035 0.8455706 1.0187326 0.9224932 0.9832225 0.8640072 0.8640072 0.0000010 0.0000010 0.0000010 0.8013903 1.5460152 0.0000010 1.2799128 1.3364066 1.1368560 0.8799717 0.0000010 5.1297583 7.9010766 0.0000010 2.7606222 
Dpul_mRNA15663                                                       5.4136916 0.7220932 0.0000000 0.7804593 1.0741475 1.5417171 0.8028035 1.6954876 1.5815990 1.5815990 0.9694703 1.3598894 1.3836369 0.9434451 0.8201522 1.3703970 1.7782866 1.4670200 1.5286676 1.8262131 2.8226314 0.4830374 1.5575557 1.3811994 1.6201195 1.1454971 1.1374642 1.1393649 1.0981482 1.1620975 1.1809851 1.1413731 0.6137952 1.3644673 1.4088638 1.0266796 0.9435839 1.2144684 1.3524975 1.8227455 0.5706801 1.1387284 1.4711816 1.1500705 1.2542542 1.2028862 1.0231374 1.0585608 1.1120487 0.9852887 0.8416145 1.1630772 1.1171462 1.4108959 1.3561644 1.4062262 0.8210354 0.9534156 1.4637256 1.0849688 1.0849688 1.2516439 1.2931447 1.2846229 1.2517226 0.9028486 1.0631511 0.8272215 1.2829557 1.0064677 1.3402878 1.4309686 1.2029689 1.3502547 1.3555002 1.4661876 1.4494851 1.2721078 1.4698608 1.4698608 2.4468289 2.4468289 2.0657824 1.6629371 1.8509014 1.4631632 1.4894841 1.8089183 1.1285136 2.3395666 2.6233890 2.3191711 2.2474026 2.6651956 2.8756771 
Lcom_lcpid252393                                                     7.9168200 0.9211130 0.7804593 0.0000000 0.7048012 0.9052430 0.8387435 0.9639330 0.8660323 0.8660323 0.8304787 0.7594875 0.7594875 0.7594875 0.8217995 0.7488965 0.7674451 0.8190473 0.9049750 0.8692270 0.0000010 0.9446668 1.1410349 0.7219571 0.8636315 0.8772521 0.9163325 0.8657554 0.8657554 0.9051632 0.9032144 0.9032144 0.8331568 0.9297515 0.7129291 0.7114416 0.8915158 0.7343669 0.7644789 0.0000010 0.7712939 1.6367015 0.8701471 0.8924793 0.9622104 0.8846692 0.8432480 0.8572556 1.0305842 1.1157244 0.7233524 0.8431835 0.7984494 1.2702341 1.3191492 1.0347969 1.4864824 1.4864824 0.9347627 0.9886198 0.9886198 0.8031621 0.8770212 0.8745539 0.8042412 0.7666198 0.8628978 0.9114245 0.9855672 9.0000000 0.8453117 0.9068077 0.8768936 0.9201652 0.8290795 0.9176275 0.8986233 1.0037887 0.8615330 0.8615330 0.0000010 0.0000010 0.0000010 0.7323691 1.5697511 0.0000010 1.0612244 1.3741139 1.1897608 1.1790444 0.0000010 3.8146931 6.1425124 2.2392759 3.3836495 
Ctel_gnl_WGS_AMQN_CAPTEDRAFT_mRNA228368                              6.3431447 0.9009804 1.0741475 0.7048012 0.0000000 1.5281932 0.5501337 1.7391640 1.6466481 1.6466481 1.0174737 1.4297030 1.4253545 1.0162821 0.7764021 1.4200636 1.7289025 1.4964718 1.5957532 1.9408160 3.0398065 0.5141545 1.6097834 1.3056007 1.7310762 1.1122566 1.1480602 1.1554234 1.1394812 1.1254585 1.1785136 1.1381812 0.7239774 1.4805718 1.5237793 1.2277105 1.0834034 1.3341289 1.4461126 2.0310987 0.7299447 1.3898573 1.6247382 1.2718031 1.3765969 1.2548550 1.0722695 1.1622069 1.2075509 1.1540829 0.9937502 1.2413325 1.4086291 1.4446759 1.4317631 1.4262217 0.8462170 1.0701877 1.4687612 1.0921773 1.0921773 1.3349955 1.3526046 1.3958898 1.2533633 0.8938796 0.9717143 1.0155287 1.2879048 0.7718730 1.4690098 1.5227709 1.2225065 1.4070543 1.3667074 1.4358791 1.6308674 1.4121762 1.5127213 1.5127213 2.3888378 2.3888378 2.1823430 1.6204558 1.9422581 1.5516257 1.5099655 1.9000179 1.5110822 2.5231789 2.1840559 2.1257332 2.0945732 2.3993477 2.3889101 
Lcom_lcpid27570                                                      5.1464523 0.7926871 1.5417171 0.9052430 1.5281932 0.0000000 0.4407012 0.4533352 0.3690795 0.3690795 1.3196577 1.3974791 1.4044959 0.8513243 0.7132345 1.4245976 1.7031554 1.3771865 1.2990571 1.4894851 2.1894783 0.4524352 1.6176964 1.3697590 1.6574792 1.4921477 1.5067795 1.5676647 1.4974041 1.5451008 1.5118473 1.4784901 0.7044739 1.5154136 1.5262149 1.3683313 1.4052068 1.5679832 1.7228915 2.4697085 0.6811997 1.4813489 1.8412870 1.5188330 1.5814032 1.5728741 1.3376610 1.3409936 1.4049985 1.4210437 1.1288497 1.3874709 1.3410813 1.3917874 1.4417674 1.4773727 0.7333547 0.9763474 1.5188142 1.0115786 1.0115786 1.4047971 1.4102239 1.4646466 1.4472031 1.4284680 1.5067537 1.6674772 1.3854479 1.0948379 1.4815076 1.5408561 1.2296003 1.4743149 1.5240529 1.3348315 1.5443552 1.5504605 1.4833003 1.4833003 2.4701930 2.4701930 1.9663003 1.6489412 1.7364267 1.3655018 1.5448692 1.9543949 1.6526332 2.2027420 1.7836187 2.3564542 2.1016233 2.4371240 1.2163960 
Clacor_Ccor_C523347_01                                               3.2235742 0.8010794 0.8028035 0.8387435 0.5501337 0.4407012 0.0000000 0.4389399 0.4651706 0.4651706 0.5575103 0.6371102 0.6615946 0.6432862 0.6460646 0.6565283 0.3087572 0.6216287 0.6656140 0.5631470 0.8250485 0.5248176 1.0557352 0.4032765 1.2821935 0.5746566 0.6022165 0.5970979 0.5965037 0.5942737 0.6391731 0.5948754 0.6799592 0.7101705 0.6752241 0.5580186 0.5471915 0.6459623 0.7930666 0.5454389 0.6076537 0.9706817 0.7931891 0.7778953 0.8330289 0.8277235 0.6653618 0.6933957 0.7111358 0.8431683 0.7710609 0.6616321 0.7185829 0.6685059 0.6305699 0.7535187 0.7769472 0.7843969 0.7361244 0.7747689 0.7747689 0.7046841 0.7934147 0.8396289 0.7766940 0.6193397 0.7109252 0.8217233 0.6753207 0.7401468 0.7217896 0.7971832 0.5449869 0.6752074 0.6486851 0.7024212 0.8179216 0.8394521 0.6192852 0.6192852 0.0000010 0.0000010 0.5831893 0.3636496 1.4537825 1.0816903 0.9531570 1.1531421 0.8924752 0.8636670 1.0392568 3.6730184 1.3345910 0.0000010 3.3872735 
Gracom_Gcom_scaffold18954_01                                         5.7726476 1.1344854 1.6954876 0.9639330 1.7391640 0.4533352 0.4389399 0.0000000 0.3463199 0.3463199 1.3578455 1.4538796 1.4523101 0.9358578 0.7250336 1.4503485 1.6065049 1.4652329 1.4029125 1.6520312 2.6052253 0.5902295 1.7607395 1.5809658 1.9669679 1.5333339 1.5283714 1.5712195 1.5053164 1.5695705 1.4992083 1.4416428 0.7824032 1.5624332 1.5652219 1.5081337 1.4711648 1.5748523 1.7622101 2.5065270 0.7276362 1.4399238 1.9291682 1.6210074 1.6587345 1.7061714 1.4391195 1.5540485 1.5008202 1.5235551 1.2547177 1.4635377 1.4622868 1.3890004 1.4000911 1.5745250 0.8858451 1.0932680 1.5587990 1.1040760 1.1040760 1.4913154 1.5984141 1.6162153 1.5311787 1.5288142 1.5545230 1.7502633 1.5828692 1.1284089 1.5634722 1.5975879 1.2560200 1.5977718 1.6230383 1.4257560 1.7549443 1.6094466 1.5196855 1.5196855 2.5978315 2.5978315 2.1292546 1.7546743 2.0453610 1.3771290 1.6234843 2.0684013 1.7568286 2.2285755 2.0964351 2.2595527 1.8956211 2.5201393 1.2032709 
Leuniv_Lniv_scaffold20004_01                                         5.6485069 0.9539808 1.5815990 0.8660323 1.6466481 0.3690795 0.4651706 0.3463199 0.0000000 0.0000010 1.3184032 1.2935989 1.2882508 0.8149334 0.6704935 1.2810247 1.4475720 1.2507596 1.3159024 1.4700714 2.2362812 0.4869143 1.6536620 1.5474192 1.7337453 1.5335995 1.5566630 1.5789273 1.5076409 1.5587779 1.4907838 1.3922344 0.7669331 1.4944555 1.4331629 1.3887083 1.4023793 1.5191134 1.7535473 2.6831187 0.6557094 1.3704436 1.9336987 1.5584646 1.6469855 1.6089813 1.3723114 1.4259743 1.3893214 1.4271591 1.2146683 1.4879647 1.3522500 1.3528297 1.4191264 1.4715174 0.8065956 1.0262876 1.4987434 0.9910470 0.9910470 1.4816518 1.4511930 1.5374203 1.4905129 1.4729531 1.5265488 1.6038004 1.4400696 0.9623644 1.4074500 1.5428717 1.2018297 1.4532928 1.4898008 1.4087808 1.5551540 1.4655833 1.4110756 1.4110756 2.4079406 2.4079406 1.9107210 1.5534707 1.8290377 1.3726860 1.5653939 1.9283053 1.6467240 2.1977292 2.2182822 2.3315665 1.8686988 2.5300625 1.0026541 
Leuniv_Lniv_scaffold20005_01                                         5.6485069 0.9539808 1.5815990 0.8660323 1.6466481 0.3690795 0.4651706 0.3463199 0.0000010 0.0000000 1.3184032 1.2935989 1.2882508 0.8149334 0.6704935 1.2810247 1.4475720 1.2507596 1.3159024 1.4700714 2.2362812 0.4869143 1.6536620 1.5474192 1.7337453 1.5335995 1.5566630 1.5789273 1.5076409 1.5587779 1.4907838 1.3922344 0.7669331 1.4944555 1.4331629 1.3887083 1.4023793 1.5191134 1.7535473 2.6831187 0.6557094 1.3704436 1.9336987 1.5584646 1.6469855 1.6089813 1.3723114 1.4259743 1.3893214 1.4271591 1.2146683 1.4879647 1.3522500 1.3528297 1.4191264 1.4715174 0.8065956 1.0262876 1.4987434 0.9910470 0.9910470 1.4816518 1.4511930 1.5374203 1.4905129 1.4729531 1.5265488 1.6038004 1.4400696 0.9623644 1.4074500 1.5428717 1.2018297 1.4532928 1.4898008 1.4087808 1.5551540 1.4655833 1.4110756 1.4110756 2.4079406 2.4079406 1.9107210 1.5534707 1.8290377 1.3726860 1.5653939 1.9283053 1.6467240 2.1977292 2.2182822 2.3315665 1.8686988 2.5300625 1.0026541 
Bralan_BLAG14000961_1                                                5.0187342 0.8912650 0.9694703 0.8304787 1.0174737 1.3196577 0.5575103 1.3578455 1.3184032 1.3184032 0.0000000 1.2145106 1.2458439 0.8448669 0.7682707 1.2795161 1.4512144 1.2462631 1.3514670 1.4939512 2.4577168 0.4149854 1.4174346 1.1140846 1.5646972 0.8813749 0.8775836 0.9011949 0.8574368 0.9077153 0.8597752 0.7970270 0.5316160 1.1877095 1.3012328 0.7409516 0.7525756 1.1848314 1.2236782 1.5613739 0.5848027 1.2145240 1.4621931 1.0007561 0.9892763 1.1217891 0.9470236 0.9796169 1.0034776 0.9649926 0.8097072 1.0843036 1.0089822 1.2766349 1.2611663 1.2792683 0.7428805 0.8924703 1.2906011 0.9187642 0.9187642 1.1442592 1.1659977 1.2789645 1.1066803 0.8532702 0.9133131 0.8704294 1.0873842 0.8349283 1.1833240 1.3338578 0.9985588 1.1420198 1.1873404 1.1671841 1.2538663 1.2112028 1.2052246 1.2052246 2.0341748 2.0341748 1.7479684 1.2860996 1.6975584 1.5282654 1.3164048 1.6857405 1.2863054 2.0554178 1.8814205 2.0768259 1.5824695 1.9311624 2.2486450 
Horcal_Hcv1.av93.c7.g348.i1                                          5.2242848 0.8737957 1.3598894 0.7594875 1.4297030 1.3974791 0.6371102 1.4538796 1.2935989 1.2935989 1.2145106 0.0000000 0.0224135 0.0251389 0.1782714 0.4553416 0.5532737 0.4698192 0.5059210 0.6260806 0.8706478 0.3342733 1.5534259 1.2395394 1.6570509 1.2872293 1.2765292 1.2651754 1.2105609 1.2574510 1.1910674 1.1534731 0.6660129 1.2546148 1.2378044 1.2792311 1.2508818 1.3207002 1.3535407 2.0188825 0.6349559 1.1534665 1.5812549 1.2049809 1.2396301 1.3186808 1.2102929 1.2078556 1.1959725 1.1866962 0.9247508 1.3162061 1.0757323 1.2922447 1.3323232 1.5239887 0.9024244 0.9310477 1.4016053 1.0514737 1.0514737 1.2824091 1.3226387 1.3752262 1.2476794 1.2292691 1.4092607 1.3027133 1.2528185 1.0253553 1.2338228 1.3082751 1.1978127 1.4054205 1.3489942 1.3438249 1.6238691 1.2869713 0.3979026 0.3979026 0.6536399 0.6536399 0.5136974 0.5313150 1.7547836 1.2394324 1.4530634 1.7144109 1.5982845 2.2791920 2.1403333 2.3471884 2.3091944 2.1770406 2.8034689 
Pbac_sb2655173                                                       5.3302208 0.8737957 1.3836369 0.7594875 1.4253545 1.4044959 0.6615946 1.4523101 1.2882508 1.2882508 1.2458439 0.0224135 0.0000000 0.0226258 0.1943831 0.4729343 0.5549568 0.4731378 0.5194161 0.6317477 0.8811024 0.3342733 1.5755203 1.2375711 1.6506831 1.3043927 1.2982422 1.2659969 1.2116327 1.2673801 1.2058576 1.1683732 0.6886826 1.2773735 1.2458466 1.2784457 1.2642009 1.3333580 1.3619486 2.0126981 0.6445529 1.1647673 1.5838782 1.2294697 1.2361710 1.3085004 1.2303770 1.2319793 1.2105062 1.1999109 0.9430140 1.2954981 1.0868676 1.2894101 1.3293487 1.5088644 0.9482667 0.9633953 1.3921876 1.0770470 1.0770470 1.3154605 1.3460908 1.3682308 1.2740444 1.2692526 1.3959631 1.2943878 1.2652146 1.0837365 1.2739624 1.3184812 1.1941888 1.4433854 1.3556388 1.3445285 1.6047002 1.2766786 0.4028546 0.4028546 0.6587255 0.6587255 0.5361377 0.5450688 1.7541933 1.2633654 1.4309708 1.7398925 1.5847181 2.2821645 2.2138509 2.2955430 2.2686034 2.1844700 2.7427914 
Pbac_sb2655995                                                       4.2360432 0.8737957 0.9434451 0.7594875 1.0162821 0.8513243 0.6432862 0.9358578 0.8149334 0.8149334 0.8448669 0.0251389 0.0226258 0.0000000 0.1887679 0.3398035 0.3633391 0.3248894 0.3387477 0.3734386 0.5446700 0.3342733 0.9971756 0.7015234 1.1421426 0.8611128 0.8659744 0.8441661 0.7750291 0.8674524 0.8315964 0.7797510 0.6561931 0.8434926 0.8305921 0.7998138 0.8780092 0.9628305 0.9980969 1.3936043 0.6402685 1.0764561 1.1386006 0.8140189 0.8343929 0.8913138 0.6876449 0.7912633 0.7939858 0.8806178 0.8700361 0.8375310 0.8413387 0.9038702 0.9214476 0.9870273 0.9139248 0.9391678 0.9042195 0.9553109 0.9553109 0.7891318 0.9157440 0.9292308 0.8242248 0.8944788 0.9242991 0.8978060 0.9579471 1.0345010 0.9977559 0.9667756 0.8243797 0.9883377 0.9076330 0.8831372 1.1032197 1.0167173 0.2438137 0.2438137 0.4828258 0.4828258 0.3972748 0.3401710 1.2395584 1.2492680 0.9602531 1.3570784 1.1749667 1.2383874 1.9827566 2.0223702 1.9649393 1.8085769 3.2279263 
Mlei_ML0073.g21.i1                                                   3.5884167 0.9484344 0.8201522 0.8217995 0.7764021 0.7132345 0.6460646 0.7250336 0.6704935 0.6704935 0.7682707 0.1782714 0.1943831 0.1887679 0.0000000 0.2305418 0.1597800 0.2324178 0.2066366 0.1556912 0.9357039 0.4701802 0.9014225 0.3897306 1.1690809 0.6760083 0.6843983 0.6915488 0.5886648 0.7250409 0.6790548 0.5897204 0.6510257 0.7296445 0.7612980 0.6814166 0.7551696 0.8016357 0.8361345 0.8406905 0.6253133 0.9881890 1.0492243 0.6663168 0.6418485 0.7328830 0.5514577 0.6885226 0.7256795 0.8151339 0.7701026 0.6760143 0.6912016 0.9119904 0.9058485 0.9760299 0.9070652 0.8634826 0.8499982 0.8481544 0.8481544 0.7162394 0.8080732 0.8207281 0.6631081 0.7304770 0.8424477 0.8010722 0.8303538 0.9934831 0.9305593 0.8905750 0.6325680 0.8410045 0.8307882 0.7749949 0.9700539 0.9376805 0.1221771 0.1221771 0.8406905 0.8406905 0.5993960 0.1514088 1.4128343 1.1940025 0.9593700 1.4118261 1.0651699 0.9676562 0.4208233 3.7350586 1.8784026 0.6275923 3.5300459 
Vmul_Simscaffold8025_01                                              4.8589241 0.9073423 1.3703970 0.7488965 1.4200636 1.4245976 0.6565283 1.4503485 1.2810247 1.2810247 1.2795161 0.4553416 0.4729343 0.3398035 0.2305418 0.0000000 0.3293383 0.3026462 0.5697784 0.6928043 0.9444394 0.4040153 1.6032861 1.3175768 1.7283303 1.3634404 1.3988788 1.4079934 1.3579088 1.3965460 1.3408034 1.2941722 0.5669232 1.3027980 1.3201070 1.3852618 1.2115366 1.3209476 1.5513175 2.4247186 0.6602201 1.1728700 1.6279940 1.2464450 1.2884580 1.3069974 1.2165185 1.1722899 1.2162554 1.1863171 0.8904073 1.3056069 1.1790074 1.4936988 1.5159277 1.4517259 0.9245274 0.9329111 1.3282834 1.1155876 1.1155876 1.5279237 1.3898081 1.4371120 1.3502115 1.3472417 1.5024683 1.4193983 1.2980272 1.0101227 1.3461181 1.2909998 1.2399744 1.4329248 1.4340876 1.5337380 1.6832130 1.3936605 0.4040885 0.4040885 0.5904283 0.5904283 0.5607568 0.4909160 1.8065632 1.1174798 1.5723058 1.8126513 1.6502459 2.4237457 2.3627504 2.3475832 2.2035346 2.2289980 2.6109091 
Coeast_Cast_sb761327                                                 6.3175310 0.6610623 1.7782866 0.7674451 1.7289025 1.7031554 0.3087572 1.6065049 1.4475720 1.4475720 1.4512144 0.5532737 0.5549568 0.3633391 0.1597800 0.3293383 0.0000000 0.0629458 0.6591825 0.6591825 0.8767594 0.3488287 1.8782177 1.4311717 1.7675438 1.6845859 1.6869009 1.7318805 1.7318805 1.7071958 1.6269063 1.6269063 0.4285911 1.4760783 1.5047079 1.6826419 1.4535531 1.6198290 1.8228446 2.2007852 0.4901831 2.4040005 1.9619356 1.6530842 1.7121201 1.8150652 1.5219390 1.5119203 1.5922453 1.5090907 0.9321796 1.5694456 1.5249134 1.7587321 1.7814121 1.6601103 0.9491136 0.9491136 1.6524169 1.1526451 1.1526451 1.6692550 1.5816660 1.7172620 1.5680585 1.7024211 1.8536437 1.7675692 1.5378869 0.0000010 1.4190629 1.5409849 1.3939419 1.6414244 1.6497403 1.6779878 1.7111711 1.4375817 0.5348343 0.5348343 0.6484970 0.6484970 0.5413330 0.5127051 1.7088890 0.0000010 1.7865244 1.8466744 1.9333403 3.2597701 2.2210487 2.0841284 2.5916261 2.2235663 2.3146297 
Coemet_Cmet_C605858_01                                               4.9980355 0.8192393 1.4670200 0.8190473 1.4964718 1.3771865 0.6216287 1.4652329 1.2507596 1.2507596 1.2462631 0.4698192 0.4731378 0.3248894 0.2324178 0.3026462 0.0629458 0.0000000 0.5562044 0.6475839 0.9141956 0.4072849 1.6037928 1.3202159 1.7087236 1.3732762 1.3926930 1.4298766 1.3662617 1.3881683 1.3606933 1.2722850 0.5271884 1.3227910 1.3321089 1.4321903 1.2877524 1.3708477 1.5331361 2.2317795 0.6469294 1.3039745 1.6527574 1.3345701 1.3591876 1.4050994 1.2002944 1.2528418 1.2670019 1.2976243 0.9652272 1.3427427 1.2197299 1.5579729 1.5810985 1.5147299 0.8796929 1.0444375 1.5193756 1.1609186 1.1609186 1.3155695 1.3819507 1.4327309 1.3861277 1.4314517 1.5272051 1.5027150 1.3176585 1.1745259 1.2836155 1.3803146 1.2377866 1.4112593 1.4375763 1.5280581 1.5667608 1.3526183 0.4384806 0.4384806 0.6492858 0.6492858 0.5337492 0.5376033 1.7858873 1.2709014 1.5113115 1.9312352 1.7602724 2.3540291 2.2333531 2.4559744 2.2952844 2.1767853 2.6572582 
Drygla_Dgla_sb303127                                                 4.8353340 1.0741149 1.5286676 0.9049750 1.5957532 1.2990571 0.6656140 1.4029125 1.3159024 1.3159024 1.3514670 0.5059210 0.5194161 0.3387477 0.2066366 0.5697784 0.6591825 0.5562044 0.0000000 0.0000010 0.0111759 0.6084404 1.6928737 1.2547897 1.7437070 1.4403882 1.4543754 1.4594583 1.4163103 1.4343742 1.3595024 1.2895893 0.6274748 1.4468545 1.4189319 1.3388903 1.3355778 1.4375994 1.5113543 2.3754760 0.6799871 1.2256317 1.5945320 1.3353800 1.3408025 1.2581064 1.1225125 1.1610251 1.2037909 1.1814704 0.8975924 1.2344258 1.0993864 1.5295076 1.5236595 1.5977041 0.9022733 0.9402390 1.5576111 1.1187080 1.1187080 1.4346940 1.4190221 1.5109485 1.3800163 1.4067090 1.4213833 1.5865162 1.3552329 1.1586406 1.4860431 1.4403376 1.2449451 1.4444801 1.4235086 1.3570759 1.7547052 1.4529307 0.4822487 0.4822487 0.8094974 0.8094974 0.5496667 0.6944454 1.8470175 1.4011410 1.4698597 1.9212353 1.7504108 2.2402637 2.1470059 2.6866850 2.3326776 2.6177058 3.0557923 
Drygla_Dgla_sb303128                                                 6.6187107 1.0480807 1.8262131 0.8692270 1.9408160 1.4894851 0.5631470 1.6520312 1.4700714 1.4700714 1.4939512 0.6260806 0.6317477 0.3734386 0.1556912 0.6928043 0.6591825 0.6475839 0.0000010 0.0000000 0.0000010 0.6084404 1.8515035 1.2547897 1.7747998 1.7159251 1.7263755 1.7233305 1.7233305 1.7370763 1.6069681 1.6069681 0.6584058 1.6071343 1.6220282 1.5571098 1.5331930 1.5983568 1.7230336 2.3754760 0.4360937 1.3970973 1.7745423 1.4935313 1.5957160 1.5091442 1.2306760 1.3459882 1.3868764 1.2757941 0.8166534 1.4146586 1.2244637 1.7408372 1.7629155 1.8528835 0.7791951 0.7791951 1.7947788 1.0597065 1.0597065 1.6119222 1.5509435 1.6849861 1.5102225 1.7026784 1.7058087 1.8565152 1.5487955 0.0000010 1.6556547 1.5928813 1.4277930 1.6488940 1.6478694 1.6228847 1.9665351 1.5750412 0.5788648 0.5788648 0.8094974 0.8094974 0.5478393 0.6892232 1.8379609 0.0000010 1.7192462 1.9138470 1.8881325 2.9370451 2.1470059 2.3897165 3.0299847 2.6177058 2.9829930 
Drygla_Dgla_sb303129                                                 7.9463678 0.0000010 2.8226314 0.0000010 3.0398065 2.1894783 0.8250485 2.6052253 2.2362812 2.2362812 2.4577168 0.8706478 0.8811024 0.5446700 0.9357039 0.9444394 0.8767594 0.9141956 0.0111759 0.0000010 0.0000000 1.1770340 3.0486006 1.9498036 2.7685669 2.7497573 2.7829827 2.7512392 2.7512392 2.6838777 2.4958253 2.4958253 0.0000010 2.5898262 2.6666845 2.6135211 2.3725521 2.4507732 2.6610781 2.6460739 1.2360225 3.0260025 2.5693495 2.3468616 2.5840014 1.9731321 1.7273000 1.8720317 1.9392947 1.7703274 1.6505497 2.1766521 1.8035737 2.3266695 2.3621055 2.6285237 0.0000010 1.1762818 2.5805424 1.6405355 1.6405355 2.6993310 2.5184198 2.7357440 2.4455118 2.6277406 2.5089281 3.0355195 2.4167555 2.5317189 2.4971635 2.5116845 2.1847441 2.5245148 2.4678798 2.3647619 3.2626306 2.4432508 0.8184376 0.8184376 0.8148991 0.8148991 0.6218492 0.8854476 2.6575933 8.2863796 2.1512275 2.7932657 2.7395888 5.7419649 2.1470059 2.5494420 2.5056649 3.1843258 2.9492913 
Stedip_EP00041_Stephanoeca_diplocostata_P031921                      3.3459762 0.9142526 0.4830374 0.9446668 0.5141545 0.4524352 0.5248176 0.5902295 0.4869143 0.4869143 0.4149854 0.3342733 0.3342733 0.3342733 0.4701802 0.4040153 0.3488287 0.4072849 0.6084404 0.6084404 1.1770340 0.0000000 0.2775526 0.3414923 0.4174600 0.5218864 0.5043972 0.4546212 0.4546212 0.5404788 0.5706123 0.5706123 0.7769560 0.4871557 0.4725938 0.4265103 0.5418533 0.6449521 0.6875412 0.9575229 0.6665184 1.3735799 0.6815929 0.5735921 0.5436095 0.7972721 0.4398364 0.4941108 0.5004756 0.5413025 0.4476772 0.4502443 0.4607642 0.7296035 0.7198463 0.5138827 1.2059389 1.2059389 0.5368138 0.5383696 0.5383696 0.4801326 0.5005456 0.5548977 0.4636806 0.5554658 0.6079545 0.4721607 0.4873342 0.0000010 0.4946592 0.4929727 0.5358396 0.6320507 0.5449405 0.4725126 0.6026105 0.5037164 0.4357781 0.4357781 0.9184567 0.9184567 0.3793749 0.3546925 0.6366817 0.0000010 0.6702720 0.6208972 0.7237593 0.9033897 0.0000010 1.4332525 8.9999989 0.5850434 5.3871708 
Diagra_EP00040_Diaphanoeca_grandis_P005988                           6.3366195 1.1530853 1.5575557 1.1410349 1.6097834 1.6176964 1.0557352 1.7607395 1.6536620 1.6536620 1.4174346 1.5534259 1.5755203 0.9971756 0.9014225 1.6032861 1.8782177 1.6037928 1.6928737 1.8515035 3.0486006 0.2775526 0.0000000 1.0529760 0.8971430 1.4824951 1.4525475 1.4366990 1.3947202 1.5013605 1.4812171 1.4021081 0.8799252 1.3405894 1.3322666 1.5531947 1.3528514 1.6984928 1.6272381 2.1999066 0.7624284 1.4388795 1.6835061 1.5194106 1.4897714 1.7701863 1.4738968 1.5029587 1.5286848 1.4637138 1.2210490 1.6350347 1.5540385 1.4025170 1.3921842 1.3857252 0.8456043 1.0911297 1.4189923 1.1595965 1.1595965 1.2483792 1.1844267 1.2538126 1.1950138 1.4197269 1.5085904 1.5688108 1.2543520 1.0426147 1.1496351 1.3790000 1.3754488 1.5752128 1.5593762 1.4889140 1.4634417 1.3184102 1.6062608 1.6062608 2.4987869 2.4987869 2.0526137 1.8701993 1.0717447 0.8959991 1.0788218 1.6351133 1.8137154 2.5695406 1.7347236 2.1246718 2.0173759 2.4219504 3.1540316 
Salkve_EP00050_Salpingoeca_kvevrii_P020709                           7.2673291 0.6312405 1.3811994 0.7219571 1.3056007 1.3697590 0.4032765 1.5809658 1.5474192 1.5474192 1.1140846 1.2395394 1.2375711 0.7015234 0.3897306 1.3175768 1.4311717 1.3202159 1.2547897 1.2547897 1.9498036 0.3414923 1.0529760 0.0000000 1.1275396 1.2786609 1.2528936 1.3053427 1.3053427 1.3155102 1.2713928 1.2713928 0.3845790 1.1034413 1.1001635 1.3544214 1.1920926 1.3537864 1.4877344 1.9320676 0.3550154 1.1965895 1.6703084 1.2785036 1.3294860 1.3991742 1.2074420 1.2537785 1.2574846 1.0875354 0.8568842 1.2993478 1.3441527 1.2433139 1.2626855 1.3562530 0.7251912 0.7251912 1.2123057 0.7360323 0.7360323 1.2256714 1.0696049 1.0835884 0.9516035 1.3291104 1.3326179 1.3849412 1.0446583 0.0000010 0.9722047 0.9566807 1.0849015 1.4926887 1.4462265 1.3292752 1.3217499 0.9749916 1.2916972 1.2916972 1.8554949 1.8554949 1.4976841 1.2870493 1.2118780 0.0000010 1.4249541 1.4774558 1.4679304 2.7123880 1.8514787 1.5752962 2.3795269 2.2876607 2.4659943 
Helnan_EP00037_Helgoeca_nana_P008623                                 6.4388708 1.0954424 1.6201195 0.8636315 1.7310762 1.6574792 1.2821935 1.9669679 1.7337453 1.7337453 1.5646972 1.6570509 1.6506831 1.1421426 1.1690809 1.7283303 1.7675438 1.7087236 1.7437070 1.7747998 2.7685669 0.4174600 0.8971430 1.1275396 0.0000000 1.6882144 1.6876068 1.6875141 1.6166141 1.7021574 1.6588930 1.5614535 1.1153078 1.3019569 1.2625805 1.6882154 1.4817765 1.6836316 1.7275441 2.1095152 1.0000967 1.9196770 1.8959621 1.5828670 1.6574657 1.8242369 1.4628234 1.4684233 1.6158554 1.5531077 1.3276439 1.6841294 1.5759448 1.4374147 1.4425654 1.6134488 1.2236747 1.3605719 1.5805908 1.1928126 1.1928126 1.3918817 1.3014660 1.3180958 1.2097947 1.5888767 1.7632449 1.8813485 1.3419260 1.4032581 1.2740128 1.4480425 1.4973503 1.7317278 1.6616798 1.6523789 1.5278461 1.3581523 1.7833827 1.7833827 2.6352731 2.6352731 2.0661879 1.7839431 0.6621054 0.8085953 1.2206311 1.7452258 1.8652511 2.5025763 2.0031871 2.0737659 2.0381615 2.5943361 2.9892665 
HoiH23_PlH23_003507-RA                                               5.7280087 1.0561954 1.1454971 0.8772521 1.1122566 1.4921477 0.5746566 1.5333339 1.5335995 1.5335995 0.8813749 1.2872293 1.3043927 0.8611128 0.6760083 1.3634404 1.6845859 1.3732762 1.4403882 1.7159251 2.7497573 0.5218864 1.4824951 1.2786609 1.6882144 0.0000000 0.0363666 0.0770206 0.0869797 0.1010638 0.1472340 0.1623300 0.5029213 1.2144994 1.1991800 1.0580147 0.9616226 1.1469568 1.2308253 1.5313362 0.5083423 1.2594846 1.3720492 0.9734808 1.0318801 1.1516067 0.9418639 1.0250960 1.0536814 0.9623527 0.8990565 1.1217453 1.1388045 1.3022700 1.3135443 1.3594728 0.6425325 0.8206525 1.3656249 1.0060520 1.0060520 1.2326921 1.1478449 1.1499006 1.1330047 1.0838178 1.2915023 1.1045532 1.2334782 0.9127237 1.3070428 1.3934173 1.0775443 1.1707881 1.2263732 1.3293499 1.4847083 1.2312750 1.2702684 1.2702684 2.1015692 2.1015692 1.8978692 1.6196971 1.7092780 1.4479539 1.4848642 1.7647063 1.5230510 2.1362631 1.5281785 2.0305295 1.8384964 2.4334272 2.3584415 
HoiH06_mRNA1654                                                      5.7413423 1.1032316 1.1374642 0.9163325 1.1480602 1.5067795 0.6022165 1.5283714 1.5566630 1.5566630 0.8775836 1.2765292 1.2982422 0.8659744 0.6843983 1.3988788 1.6869009 1.3926930 1.4543754 1.7263755 2.7829827 0.5043972 1.4525475 1.2528936 1.6876068 0.0363666 0.0000000 0.0668214 0.0762679 0.1097135 0.1618453 0.1754819 0.5470517 1.2412091 1.2236994 1.0234377 0.9514831 1.1630303 1.2194878 1.5066819 0.5177077 1.2767445 1.3709348 0.9615707 1.0358453 1.1436555 0.9267841 1.0273736 1.0264946 0.9649482 0.8855159 1.1065716 1.1254195 1.2854970 1.2910630 1.3686889 0.6576489 0.8383733 1.3850720 1.0063278 1.0063278 1.2246020 1.1506545 1.1431553 1.1449187 1.0748349 1.2997881 1.0918517 1.2382146 0.9702347 1.2933095 1.4003422 1.0718173 1.1645213 1.2414441 1.2907607 1.4900197 1.2605874 1.2608904 1.2608904 2.0795923 2.0795923 1.8871675 1.6125046 1.7059306 1.5302080 1.4986680 1.7723878 1.5110124 2.1443212 1.5609914 2.0527303 1.9035754 2.4321098 2.4458072 
Hhon_g03203.t1                                                       5.5134466 1.0291504 1.1393649 0.8657554 1.1554234 1.5676647 0.5970979 1.5712195 1.5789273 1.5789273 0.9011949 1.2651754 1.2659969 0.8441661 0.6915488 1.4079934 1.7318805 1.4298766 1.4594583 1.7233305 2.7512392 0.4546212 1.4366990 1.3053427 1.6875141 0.0770206 0.0668214 0.0000000 0.0082639 0.1035592 0.1428592 0.1615870 0.5372284 1.2108281 1.1771414 1.0566859 0.9729350 1.1633070 1.2273601 1.5319603 0.5139674 1.2478327 1.4162868 0.9639451 1.0415798 1.1551259 0.9511320 1.0297123 1.0429235 0.9529646 0.8976662 1.0970609 1.1348822 1.3324944 1.3316480 1.3470415 0.6941728 0.8772938 1.3790878 0.9799624 0.9799624 1.2249555 1.1607335 1.1780310 1.1266247 1.0920359 1.2543972 1.0951969 1.1880190 0.9536318 1.2909536 1.4130834 1.0858968 1.1885428 1.2253384 1.2944157 1.4343943 1.2543287 1.2898375 1.2898375 2.1322488 2.1322488 1.9122393 1.6433559 1.7715561 1.5664855 1.4344382 1.7822724 1.4812162 2.0791660 1.5518951 2.0145026 1.8334745 2.3907895 2.4594482 
HoiH04_mRNA7163                                                      5.7199846 1.0291504 1.0981482 0.8657554 1.1394812 1.4974041 0.5965037 1.5053164 1.5076409 1.5076409 0.8574368 1.2105609 1.2116327 0.7750291 0.5886648 1.3579088 1.7318805 1.3662617 1.4163103 1.7233305 2.7512392 0.4546212 1.3947202 1.3053427 1.6166141 0.0869797 0.0762679 0.0082639 0.0000000 0.1151068 0.1539828 0.1468234 0.5372284 1.1602215 1.1284269 1.0607949 0.9266613 1.0958091 1.1779419 1.5319603 0.5139674 1.1399156 1.3551874 0.9515659 1.0197954 1.1200719 0.9511320 0.9960811 1.0106754 0.8928297 0.8431839 1.0560809 1.1074164 1.3158632 1.3100438 1.3377429 0.6941728 0.7393116 1.3392202 0.9335669 0.9335669 1.1899025 1.1060390 1.1127390 1.1122046 1.0591752 1.2023336 1.0782865 1.1320352 0.9335697 1.2312887 1.3461588 1.0609817 1.1164365 1.1543914 1.2361073 1.3611623 1.2016373 1.2898375 1.2898375 2.1322488 2.1322488 1.9291735 1.6433559 1.7503753 1.3377026 1.4344382 1.7155474 1.4208689 2.0791660 1.5518951 1.9360533 1.8334745 2.3907895 2.4594482 
HoiH11_mRNA5089                                                      5.5294103 1.0644066 1.1620975 0.9051632 1.1254585 1.5451008 0.5942737 1.5695705 1.5587779 1.5587779 0.9077153 1.2574510 1.2673801 0.8674524 0.7250409 1.3965460 1.7071958 1.3881683 1.4343742 1.7370763 2.6838777 0.5404788 1.5013605 1.3155102 1.7021574 0.1010638 0.1097135 0.1035592 0.1151068 0.0000000 0.1380504 0.1515516 0.5470517 1.1998266 1.1796475 1.0070254 0.9413786 1.2107599 1.2568687 1.5292564 0.5806314 1.3471122 1.4001677 0.9936196 1.0747086 1.1549056 0.9780257 1.0386043 1.0660045 1.0020373 0.9317644 1.1394252 1.1565300 1.3082100 1.3226599 1.3867534 0.7021252 0.8647566 1.4194366 1.0305505 1.0305505 1.1921960 1.1220983 1.1198308 1.1191664 1.0834365 1.2918079 1.0914525 1.2516858 0.8943158 1.3353149 1.3889447 1.0407233 1.2146639 1.2648381 1.3251130 1.5466619 1.2355254 1.2681498 1.2681498 2.1018932 2.1018932 1.9056313 1.6425602 1.8095576 1.5428930 1.4781424 1.8502774 1.4717803 2.1186375 1.6454385 2.0390627 1.9101238 2.3682836 2.5292427 
TrH2_TrispH2_000965-RA                                               4.9320152 0.9841412 1.1809851 0.9032144 1.1785136 1.5118473 0.6391731 1.4992083 1.4907838 1.4907838 0.8597752 1.1910674 1.2058576 0.8315964 0.6790548 1.3408034 1.6269063 1.3606933 1.3595024 1.6069681 2.4958253 0.5706123 1.4812171 1.2713928 1.6588930 0.1472340 0.1618453 0.1428592 0.1539828 0.1380504 0.0000000 0.0296008 0.4877833 1.2419006 1.1820872 1.0288988 0.9414562 1.1403678 1.2176006 1.4850746 0.5418913 1.2777047 1.4107250 0.9733933 1.0441586 1.1340566 0.9682425 1.0422513 1.0603178 1.0217724 0.9231892 1.0940829 1.1625364 1.3809360 1.3988908 1.3903750 0.6580145 0.8591096 1.3808144 1.0271615 1.0271615 1.2048425 1.1493421 1.1571333 1.1699799 1.0742764 1.2750046 1.0780874 1.2253224 0.9789547 1.3341065 1.3842895 1.0074882 1.2029174 1.2240508 1.3030084 1.4453808 1.2459163 1.2858221 1.2858221 2.1589013 2.1589013 1.8038213 1.6124849 1.8202189 1.5615981 1.4784623 1.8087623 1.4427387 2.0752331 1.6029874 2.0708519 1.9014183 2.2836101 2.5171793 
Tadh_TriadT49717                                                     5.1164424 0.9841412 1.1413731 0.9032144 1.1381812 1.4784901 0.5948754 1.4416428 1.3922344 1.3922344 0.7970270 1.1534731 1.1683732 0.7797510 0.5897204 1.2941722 1.6269063 1.2722850 1.2895893 1.6069681 2.4958253 0.5706123 1.4021081 1.2713928 1.5614535 0.1623300 0.1754819 0.1615870 0.1468234 0.1515516 0.0296008 0.0000000 0.4877833 1.1595707 1.1351397 0.9791576 0.8795715 1.0596678 1.1378802 1.4850746 0.5418913 1.1004444 1.3449311 0.9766146 1.0211910 1.0915178 0.9682425 1.0001659 1.0167100 0.9613504 0.8710656 1.0475295 1.1015623 1.3086923 1.3281391 1.3899066 0.6580145 0.6915787 1.2942229 0.9313250 0.9313250 1.1261491 1.0774281 1.0806305 1.1152168 1.0255299 1.1862023 1.0121249 1.1466152 0.7531035 1.2407878 1.3116052 0.9185865 1.1324487 1.1309292 1.1959607 1.3268225 1.1514680 1.2858221 1.2858221 2.1589013 2.1589013 1.8193556 1.6124849 1.7886219 1.1332487 1.4783904 1.7084004 1.3684236 2.0752331 1.6029874 2.0061486 1.9014183 2.2836101 2.5067731 
Microa_EP00043_Microstomoeca_roanoka_P029141                         4.5270103 0.4988950 0.6137952 0.8331568 0.7239774 0.7044739 0.6799592 0.7824032 0.7669331 0.7669331 0.5316160 0.6660129 0.6886826 0.6561931 0.6510257 0.5669232 0.4285911 0.5271884 0.6274748 0.6584058 0.0000010 0.7769560 0.8799252 0.3845790 1.1153078 0.5029213 0.5470517 0.5372284 0.5372284 0.5470517 0.4877833 0.4877833 0.0000000 0.6776276 0.5463486 0.7003404 0.6114687 0.6622134 0.7430540 0.0000010 0.6281716 0.9458452 0.9761840 0.6537620 0.7439247 0.7516988 0.6513246 0.6901874 0.6216316 0.7263325 0.6603501 0.6414222 0.6669962 0.9633130 1.0463663 0.8414298 1.0079364 1.0079364 0.8256708 0.7238473 0.7238473 0.6032480 0.6596627 0.6914973 0.7644868 0.6795062 0.6784046 0.9441835 0.6815754 0.4809446 0.7350722 0.7557517 0.6646037 0.8130253 0.7369334 0.7611489 0.7798701 0.7568008 0.6401866 0.6401866 0.0000010 0.0000010 0.0000010 0.4196981 1.5554234 0.7990525 1.1781997 1.0893242 0.7980676 0.9892361 0.0000010 4.3114819 3.2036025 0.0000010 3.9625754 
Microa_EP00043_Microstomoeca_roanoka_P005843                         6.1164906 0.9766993 1.3644673 0.9297515 1.4805718 1.5154136 0.7101705 1.5624332 1.4944555 1.4944555 1.1877095 1.2546148 1.2773735 0.8434926 0.7296445 1.3027980 1.4760783 1.3227910 1.4468545 1.6071343 2.5898262 0.4871557 1.3405894 1.1034413 1.3019569 1.2144994 1.2412091 1.2108281 1.1602215 1.1998266 1.2419006 1.1595707 0.6776276 0.0000000 0.3648490 1.1825855 1.1959035 1.3689785 1.4381952 1.8578381 0.6307992 1.3510416 1.6783019 1.3551645 1.4206796 1.3487295 1.2148244 1.3221430 1.2994974 1.3248788 1.0672545 1.3121436 1.2668558 1.3677635 1.3790946 1.4541233 0.8438598 1.0316077 1.4957325 1.0267955 1.0267955 0.7505208 0.7676095 0.7571036 0.8038855 1.2845626 1.4124237 1.4096500 1.1017303 1.0092778 1.2315332 1.2723256 1.2141868 1.3417609 1.4310399 1.4376649 1.3628075 1.2368311 1.3317019 1.3317019 2.0744761 2.0744761 1.7278174 1.4852952 1.6475712 1.1233769 1.4271060 1.7749254 1.5546792 2.2659756 1.7237027 2.2170206 1.9957355 2.1795517 2.8654070 
Sros_EGD80548                                                        6.9291285 0.6584364 1.4088638 0.7129291 1.5237793 1.5262149 0.6752241 1.5652219 1.4331629 1.4331629 1.3012328 1.2378044 1.2458466 0.8305921 0.7612980 1.3201070 1.5047079 1.3321089 1.4189319 1.6220282 2.6666845 0.4725938 1.3322666 1.1001635 1.2625805 1.1991800 1.2236994 1.1771414 1.1284269 1.1796475 1.1820872 1.1351397 0.5463486 0.3648490 0.0000000 1.2845642 1.2748558 1.4113447 1.4652066 1.9316558 0.5873338 1.3651730 1.6863421 1.3781604 1.5141824 1.4556957 1.2105613 1.3036711 1.3647042 1.2711099 1.1582760 1.3726358 1.2216928 1.3955785 1.4015973 1.4299488 0.7948046 0.9755892 1.4330354 1.0543498 1.0543498 0.7317323 0.8516858 0.8881780 0.8719788 1.3265500 1.4268010 1.5224074 1.1380048 0.9236628 1.1960594 1.2959215 1.1874029 1.4876593 1.4030953 1.3321732 1.3894316 1.2013192 1.3931063 1.3931063 2.2073126 2.2073126 1.7365133 1.5953598 1.5084670 1.0689881 1.3599896 1.7695278 1.5612670 1.9903668 1.7958676 2.0874058 2.0549450 1.9812397 2.4783292 
Spur_XM_030981601.1                                                  5.8947297 0.9020826 1.0266796 0.7114416 1.2277105 1.3683313 0.5580186 1.5081337 1.3887083 1.3887083 0.7409516 1.2792311 1.2784457 0.7998138 0.6814166 1.3852618 1.6826419 1.4321903 1.3388903 1.5571098 2.6135211 0.4265103 1.5531947 1.3544214 1.6882154 1.0580147 1.0234377 1.0566859 1.0607949 1.0070254 1.0288988 0.9791576 0.7003404 1.1825855 1.2845642 0.0000000 0.9312111 1.4043583 1.4186332 1.7717189 0.6647091 1.5068506 1.5360578 1.1468753 1.2179976 1.2832417 1.0830570 1.1586702 1.1558460 1.1151869 0.9249454 1.1755259 1.1511887 1.3071371 1.2855558 1.3988546 0.7173045 0.8137742 1.4001491 1.0088798 1.0088798 1.1723726 1.1780335 1.1771095 1.1600737 1.0679989 1.1461249 1.0903868 1.2803861 1.1220316 1.4379197 1.5574108 1.1794825 1.3750634 1.3953734 1.3780566 1.3999533 1.4303800 1.3444319 1.3444319 2.3811481 2.3811481 1.9262044 1.5539430 1.7183445 1.6521585 1.3855783 1.7531042 1.4656950 1.9659205 1.7400483 2.2264467 2.0375327 2.2054467 2.3273019 
Hsap_ENST00000376285                                                 5.9631864 1.0389611 0.9435839 0.8915158 1.0834034 1.4052068 0.5471915 1.4711648 1.4023793 1.4023793 0.7525756 1.2508818 1.2642009 0.8780092 0.7551696 1.2115366 1.4535531 1.2877524 1.3355778 1.5331930 2.3725521 0.5418533 1.3528514 1.1920926 1.4817765 0.9616226 0.9514831 0.9729350 0.9266613 0.9413786 0.9414562 0.8795715 0.6114687 1.1959035 1.2748558 0.9312111 0.0000000 1.0879573 1.2690105 1.7116471 0.5429949 1.2151747 1.4141920 0.9715446 1.0104292 1.1009423 0.8960874 0.9957158 0.9885682 0.9888722 0.9104955 1.1332769 1.0956158 1.2363761 1.1791811 1.2995946 0.6001065 0.8891767 1.3273964 0.9365736 0.9365736 1.2313467 1.2175275 1.2260904 1.1471633 0.9143066 0.9855828 0.9991557 1.2273678 0.7753045 1.3773729 1.3921493 0.9989715 1.2278866 1.3700898 1.2247209 1.5054139 1.3099171 1.2836707 1.2836707 2.1497573 2.1497573 1.7544737 1.5017704 1.6774372 1.7416879 1.2583752 1.8056150 1.2360613 1.9338248 2.2585959 2.0050509 1.7838602 2.5236512 1.9268582 
Morvir_scaffold52.g21.t1                                             5.4016349 0.8071619 1.2144684 0.7343669 1.3341289 1.5679832 0.6459623 1.5748523 1.5191134 1.5191134 1.1848314 1.3207002 1.3333580 0.9628305 0.8016357 1.3209476 1.6198290 1.3708477 1.4375994 1.5983568 2.4507732 0.6449521 1.6984928 1.3537864 1.6836316 1.1469568 1.1630303 1.1633070 1.0958091 1.2107599 1.1403678 1.0596678 0.6622134 1.3689785 1.4113447 1.4043583 1.0879573 0.0000000 0.8527506 1.0567569 0.3571824 0.9091671 0.9626060 0.9624425 1.0301559 1.0750984 0.8720235 0.9326657 0.9680244 1.0394955 0.8458187 1.0315613 1.0925740 1.5051386 1.4506840 1.4259029 0.8468958 1.1250672 1.4065764 1.0959554 1.0959554 1.3325448 1.3739205 1.3952409 1.4040670 1.2213036 1.3624639 1.2547089 1.2628696 1.2768486 1.3309808 1.4172907 1.1285466 0.9132134 0.8708871 1.4476619 1.4170847 1.4651927 1.3572704 1.3572704 2.0836809 2.0836809 1.7796600 1.5834518 1.9140094 1.5226429 1.5541021 1.8159565 1.4780650 2.2501639 2.2553969 2.1206490 2.0395337 2.2052010 2.4662908 
Nemnom_g19415.t1                                                     5.9782335 0.8519993 1.3524975 0.7644789 1.4461126 1.7228915 0.7930666 1.7622101 1.7535473 1.7535473 1.2236782 1.3535407 1.3619486 0.9980969 0.8361345 1.5513175 1.8228446 1.5331361 1.5113543 1.7230336 2.6610781 0.6875412 1.6272381 1.4877344 1.7275441 1.2308253 1.2194878 1.2273601 1.1779419 1.2568687 1.2176006 1.1378802 0.7430540 1.4381952 1.4652066 1.4186332 1.2690105 0.8527506 0.0000000 0.1089781 0.1669562 0.2511496 0.4124005 1.0669876 1.1594319 1.2110214 1.0314941 1.0446847 1.1000482 1.0687332 0.9493263 1.0469369 1.1672844 1.3322785 1.3295935 1.5358247 0.8938404 1.1750190 1.5546463 1.1498318 1.1498318 1.4321103 1.3841473 1.4391997 1.3666677 1.2250302 1.3608948 1.3245690 1.3297141 1.0246509 1.3210269 1.4728633 1.1958948 1.0576857 1.0607089 1.4122422 1.5011168 1.3332391 1.4311328 1.4311328 2.1634390 2.1634390 1.9046475 1.7058173 1.9213994 1.6460873 1.5961243 1.9290657 1.5658977 2.1929778 1.7419486 2.1537133 2.1725073 2.6821977 3.1095864 
