109
Emue_Em0011g359a.t1                                      0.0000000 0.2394622 1.1993579 1.3424788 1.4025555 0.8896442 1.3512105 1.4013773 1.4963976 1.2532834 1.3750142 1.5355176 1.4400619 1.6692892 1.5253627 1.4290275 1.4822413 1.5260769 9.0000000 1.1156424 1.4338433 1.5047791 1.5720313 1.6862105 1.5112328 1.8360902 1.6884390 1.2406964 0.9944032 1.4155983 1.6608098 1.4294731 1.4511194 1.7551077 1.6391029 1.5621288 1.6073083 1.6675244 1.3409434 1.6148806 1.5890826 1.7126150 1.6947393 1.9764638 1.6195310 1.5010398 1.5159098 1.6404692 1.5866547 1.9502473 1.7312930 1.4387194 1.7329043 2.2670665 1.6162652 1.8029987 1.8907295 1.6470407 2.4324161 1.6924518 2.0448560 3.3390039 3.2824059 3.2824059 3.1868193 3.1868193 2.9190747 3.3267656 3.9369702 2.7986937 3.2584626 3.0341514 2.8692780 3.1537693 3.1537693 3.3106565 3.3106565 3.8192827 3.8192827 3.8997638 3.8997638 3.0312969 3.0975080 2.7416004 2.8831332 2.6020646 2.6550403 3.2168463 1.8238764 3.4276669 3.3495024 3.1049503 3.3392217 3.2133426 3.3800539 3.3902352 3.1500803 3.4471782 3.4754049 3.4473928 4.2029854 3.3197759 3.1155250 0.1466937 2.8546972 3.8224188 1.8389829 4.4445460 1.6911129 
Spolac_c94448_g1_i1_m.10099c61777-g1                     0.2394622 0.0000000 1.5688862 1.7825277 1.7402602 0.0000010 1.8771114 1.9755031 1.9068925 1.8445272 1.9515527 2.1809265 2.0022079 2.0227731 1.9167032 1.8423354 1.8942136 2.2197656 9.0000000 1.3090926 2.4633973 1.8656557 2.2097565 2.1807689 1.7519868 2.3193877 2.3193877 1.4108413 1.0896177 1.5036681 1.7298622 1.9458625 1.8348128 1.9296106 2.0554800 2.9359682 2.1306712 1.9606057 1.8281456 2.2440736 2.2591271 2.0206568 1.9695160 2.0693261 2.1166013 1.8412336 1.6152974 1.8659943 2.1177397 2.1581038 2.4827274 1.9555958 2.2717416 3.2662012 5.2162990 2.2322024 2.6556578 2.6495836 2.8694975 2.1150403 2.8598306 3.4052074 3.4052074 3.4052074 3.4052074 3.4052074 0.0000010 4.1702920 4.1599208 4.3570605 3.8115820 3.4402371 3.4922552 3.9590490 3.9590490 3.9590490 3.9590490 3.9254840 3.9254840 4.3797495 4.3797495 3.8156030 3.9051886 3.4038768 3.4253476 3.2266697 3.3924143 3.7805534 1.3335235 4.3087898 3.7753086 3.7932554 4.0489187 3.9412718 3.6733396 3.9365017 3.5842022 4.5801260 4.3030712 4.3526547 5.5284225 4.1116997 5.4949881 0.0000010 3.3771601 4.0063293 0.0000010 4.4118932 0.0000010 
Aque_Aqu2.1.05156_001                                    1.1993579 1.5688862 0.0000000 0.1815061 0.1478021 0.2801302 0.6665902 1.6047882 1.8505152 1.4964856 1.4480537 1.6195710 1.7722475 2.3032593 1.4320152 1.8231100 1.7271742 1.8655382 0.0000010 0.0000010 1.8372055 1.7026752 1.7210693 2.2011079 1.8106523 2.3308701 1.9903269 1.1787058 0.9857819 1.3480947 1.2653201 1.7230951 1.5806883 1.9695094 1.4991079 1.8098483 1.3401810 2.0808669 1.4987066 1.6429979 1.9002111 1.8091936 1.7049428 1.5417374 1.5796873 1.2476487 2.2681464 1.9193531 1.8124745 2.3037807 1.7984337 1.6418281 1.7813884 2.1604325 2.0688859 2.1683592 1.9152885 1.8889616 2.1395868 2.0989447 2.6370670 2.7693149 2.7109657 2.7109657 2.7572060 2.7572060 3.1944319 3.0101699 9.0000000 2.5722871 2.9450921 3.3190193 3.0099155 2.9750173 2.9750173 2.8512037 2.8512037 8.9999985 8.9999985 9.0000000 9.0000000 2.7268020 2.7116005 2.7850694 9.0000000 2.7850694 2.7850694 3.6464956 6.2456945 3.7056123 3.7073857 3.3479795 3.7411073 3.9076481 3.8485161 4.2531515 3.7681157 3.6367599 3.6426749 4.5343455 4.6740429 4.1279693 3.9221465 2.1840561 2.9267969 1.9581042 2.5976747 4.0303616 1.2049286 
Aque_Aqu2.1.14828_001                                    1.3424788 1.7825277 0.1815061 0.0000000 0.0515408 0.0696414 0.6927301 1.5357143 1.8271173 1.2905556 1.5288517 1.5956321 1.8367015 2.5017170 1.4822381 1.7436590 1.7002967 1.7385783 9.0000000 0.6667476 1.6160337 1.7141074 1.8262472 1.5969416 1.7087956 1.7861508 1.7583033 1.3361517 0.8904169 1.1375312 1.9078962 1.5096737 1.5928732 1.8401567 1.5144618 1.6440815 1.5794914 2.1620408 1.4147245 1.6909752 1.8371719 1.7768854 1.5949869 2.0300228 1.5539554 1.3266532 2.9098110 2.0023014 1.9296491 2.5493221 1.8328562 1.6580669 1.9232897 2.5081197 2.0306495 1.9508623 2.0952418 1.8907384 2.6021014 2.0299467 2.2833305 2.8417088 2.8139050 2.8139050 2.5874869 2.5874869 2.4511335 2.8339976 3.7482434 2.2419403 2.8783856 2.9237965 2.7228986 2.9103097 2.9103097 2.7923431 2.7923431 3.4449169 3.4449169 4.3203651 4.3203651 2.5251869 2.5517579 2.9158244 3.6406961 2.8438944 2.6618950 3.1917067 1.9184075 3.4087808 3.3486422 3.1843859 3.6376923 3.9128720 3.5201314 3.8227843 3.4524088 3.8771827 3.6850833 4.4460742 4.3937440 3.8971977 3.8545979 3.0019743 2.8242763 2.9520460 2.5226532 3.8751219 1.7427718 
Aque_Aqu2.1.30225_001                                    1.4025555 1.7402602 0.1478021 0.0515408 0.0000000 0.2328008 0.7307560 1.6890871 1.9195005 1.5534113 1.6663602 1.7846365 1.9203471 2.3971005 1.6765366 1.7740063 1.7325809 1.7795000 7.4060388 1.7148181 1.7356291 1.7793311 1.7731022 1.6277709 1.8071450 1.8927453 1.7854283 1.3768681 0.9262814 1.1888926 1.8193724 1.6920807 1.7110937 1.8614517 1.6160057 1.9518718 1.6164474 2.1438438 1.5574549 1.7046350 1.9345731 1.9058182 1.7948870 1.9423566 1.6603650 1.4162483 1.9874743 2.0090330 1.9942131 2.4987396 1.9050796 1.7019976 1.9157348 2.5775554 2.1314448 1.9407969 2.1460063 2.1522287 2.7175223 2.0821411 2.5763550 2.7338445 2.7037864 2.7037864 2.7619387 2.7619387 3.2901050 2.9671951 3.1334537 2.4292550 2.9825786 3.0934702 2.9070628 3.0199749 3.0199749 2.8901799 2.8901799 3.2295777 3.2295777 3.4232112 3.4232112 3.0605340 3.0379658 2.9977727 3.5461393 2.9143669 2.9173707 3.5230443 2.6826053 3.6770897 3.7199289 3.4374159 3.7233748 3.7913898 3.7983552 3.9874630 3.6017448 3.9088362 3.6933505 4.2896918 4.6280633 4.1938853 4.0285782 2.4282525 2.9791155 3.9426503 2.7386937 4.2428733 1.1011774 
Aque_Aqu2.1.30215_001                                    0.8896442 0.0000010 0.2801302 0.0696414 0.2328008 0.0000000 0.6305409 0.7220319 0.9975188 0.5928072 0.6338635 0.6750357 0.7492880 0.7968952 0.4791715 0.6689847 0.6839026 0.7349098 0.0000010 0.0000010 0.6550823 0.7994478 0.8024649 0.6121816 1.0142156 1.0334385 1.1311847 0.9445987 0.4180069 0.8025014 0.0000010 0.6806975 0.6960338 0.9139835 0.6900910 0.8202337 0.5284251 1.1525998 0.5835165 0.6439775 0.6401105 0.9566296 0.9243755 0.8081939 0.8436976 0.8334900 1.9498017 0.9735010 0.8829825 0.6121816 0.7945837 0.6751607 0.9001641 1.2664458 1.4065450 1.1924770 0.8021592 0.8923111 2.6583738 1.2740555 1.0975542 3.0660179 2.1812622 2.1812622 2.3133646 2.3133646 2.5324411 1.6538844 0.0000010 1.7281530 1.7785131 2.0786551 2.1551239 1.9436472 1.9436472 1.8654425 1.8654425 4.1246470 4.1246470 0.0000010 0.0000010 1.7428427 1.7536319 1.8941776 0.0000010 1.8941776 1.8941776 2.0569368 3.1595209 2.2655141 2.4226849 2.2048180 2.3262311 2.2093253 1.9334752 2.4088760 2.2934776 2.4104419 2.3580213 2.6734033 2.7754941 2.4079013 2.5780635 2.2343252 1.7288676 0.0000010 1.2088754 9.0000000 1.2690565 
Halamb_c48569_g1_i2mm.2703                               1.3512105 1.8771114 0.6665902 0.6927301 0.7307560 0.6305409 0.0000000 1.5626624 1.8235918 1.3748307 1.6491792 1.8024936 1.7177870 2.1440376 1.6706554 1.7088229 1.7454972 1.7079524 6.8835640 1.7198456 1.5384846 1.4849335 1.5201903 1.6699996 1.4945837 1.7886227 1.5777770 1.5284611 0.9868286 1.3522556 1.7266247 1.5294770 1.5653760 1.6924365 1.6596560 1.4759740 1.6254650 1.8075113 1.5694826 1.8392573 1.7690325 1.6075495 1.5935472 1.8021630 1.5409770 1.4587311 1.6075739 1.9167138 1.8457065 2.3898334 1.9736539 1.8097129 1.7577136 2.1890504 1.4512036 1.7659776 2.2062416 1.9010563 2.7222864 1.9773277 2.5403721 2.5536615 2.4867527 2.4867527 2.4892950 2.4892950 2.5173125 2.6336192 3.0522835 2.2387511 2.6613390 2.6044599 2.6359630 2.5754534 2.5754534 2.5514406 2.5514406 3.0608193 3.0608193 2.9985441 2.9985441 2.6344711 2.6198557 2.5176066 2.8715377 2.4887227 2.4747507 3.0455426 2.3274887 3.3561119 3.4864571 3.2658360 3.5269582 3.4902643 3.4669294 3.4893150 3.3464284 3.5222456 3.4771046 3.8201595 4.2978186 3.7323044 3.4834979 1.5274175 2.7523446 3.5164724 2.3227934 5.0743835 0.1319446 
Spis_XP_022799758_1                                      1.4013773 1.9755031 1.6047882 1.5357143 1.6890871 0.7220319 1.5626624 0.0000000 0.1496449 0.3012675 0.2500019 0.4842920 0.4729890 0.7825465 1.3291314 1.2165122 1.2894769 1.2018939 1.6655017 0.8082098 1.2100622 1.4175636 1.3573719 1.1052483 0.8712795 1.7109172 1.6058948 1.6841258 1.4982683 2.2824672 0.8338892 1.4087685 1.4150420 1.4916680 1.1806377 1.2531515 1.2107941 1.7334668 1.6365647 1.4437974 1.4375937 1.7147703 1.6854960 1.7329434 1.7213479 1.4643234 1.4207422 1.7213197 1.6822076 1.9347453 1.7189334 1.3969733 1.6429132 1.8386629 1.6277291 1.6244084 1.8381191 1.7791015 2.4523255 1.9769973 2.1422944 3.3348520 3.3346905 3.3346905 3.0278709 3.0278709 2.9296117 3.3647324 3.4858527 2.5662392 3.2185650 3.1152556 3.1335593 3.0373719 3.0373719 2.8755886 2.8755886 3.3726816 3.3726816 3.6136006 3.6136006 2.7924246 2.9085392 2.5457671 2.6977010 2.5046198 2.5166148 3.2135174 2.2385768 3.0954057 2.9608828 2.8721536 2.8871881 2.9865640 3.0654068 2.8753192 2.7093564 2.9345265 2.8861344 3.0923551 3.9458622 3.2428177 3.1422721 2.1583770 2.5487310 3.1186998 3.0979892 3.4320752 2.9058801 
Pocdam_XM_027201004.1                                    1.4963976 1.9068925 1.8505152 1.8271173 1.9195005 0.9975188 1.8235918 0.1496449 0.0000000 0.3096687 0.2658892 0.5164623 0.5173952 0.8472007 1.4628363 1.3177188 1.4486038 1.3277079 1.6655017 0.7316359 1.4599920 1.5861969 1.4727568 1.2539303 0.8819982 1.8157037 1.6660504 1.9174929 1.5327796 2.4775941 0.8144665 1.5149793 1.4404446 1.6013719 1.2809781 1.3284632 1.3512999 1.9001872 1.8771693 1.6390515 1.5963213 1.8767521 1.7694584 1.6665516 1.9198897 1.6436497 1.3598636 1.9345774 1.8760523 2.0308185 2.0971412 1.5369873 1.7865105 1.9664570 1.7163090 1.7535078 2.3068097 1.9980527 2.4036020 2.1785786 2.4768961 3.2067509 3.2788611 3.2788611 3.3130790 3.3130790 3.7160906 3.6084519 3.3805506 3.1474087 3.4143647 3.4338663 3.3398362 3.1845182 3.1845182 3.0747044 3.0747044 3.4313759 3.4313759 3.6736816 3.6736816 2.9316061 3.0108603 2.8573792 2.6738457 2.9257412 2.9705765 3.4373711 2.3349581 3.3802121 3.3602124 3.1021069 3.0357965 3.1871580 3.2847623 2.9812670 2.8123848 3.2355999 3.1306102 3.2970419 4.2766091 3.5291352 3.2896026 2.0335762 2.4359232 3.0978811 2.8694618 3.5644728 3.3331995 
Gasp_gasp1.m3.20008.m1                                   1.2532834 1.8445272 1.4964856 1.2905556 1.5534113 0.5928072 1.3748307 0.3012675 0.3096687 0.0000000 0.1871304 0.4398206 0.4605730 0.6894857 1.2049736 1.0350751 1.1682482 1.1750363 2.8852540 0.8691256 1.2423454 1.2890612 1.2361209 0.9844710 0.8988955 1.6414880 1.4800898 1.5118960 1.1537866 1.8608125 0.7458292 1.3713205 1.2856593 1.3879607 1.0838506 1.2883691 1.0794281 1.5933239 1.5003791 1.2088185 1.3234207 1.5417935 1.4947902 1.2998133 1.4701403 1.2157238 1.5210983 1.6498637 1.5968416 1.7738548 1.7196602 1.1772353 1.5101167 1.7824364 1.6779938 1.5859675 1.4576835 1.6984909 2.2280561 1.7687232 2.0869055 3.3020192 3.3675757 3.3675757 2.9608815 2.9608815 3.1099372 3.4678925 3.2456876 2.7484001 3.2487950 3.2436618 3.2272570 3.0971079 3.0971079 2.8918914 2.8918914 3.6907527 3.6907527 3.4860000 3.4860000 2.9251003 3.1416460 2.5910712 2.9601087 2.5856325 2.6221769 3.1970364 2.4552050 3.3394841 3.1553306 2.8882853 3.2379158 3.1493630 3.0417432 2.9209690 2.7756217 2.7879958 2.9716834 2.9053884 3.7053718 3.1313629 3.1750412 2.0624960 2.6876199 5.5747915 3.4447414 3.3014949 2.9230997 
Fspp_ffun1.m4.952.m1                                     1.3750142 1.9515527 1.4480537 1.5288517 1.6663602 0.6338635 1.6491792 0.2500019 0.2658892 0.1871304 0.0000000 0.4082149 0.4278497 0.7281542 1.1896178 1.1436679 1.2258223 1.1844465 1.6655017 0.7561152 1.1475746 1.3822120 1.3404462 1.0526096 0.8725879 1.7253627 1.5559255 1.7170252 1.4921849 2.2110658 0.8257834 1.3025918 1.3117381 1.4761589 1.1214758 1.1720160 1.2545800 1.6891194 1.5623987 1.3714557 1.4468625 1.6670979 1.6668986 1.7575481 1.6736315 1.4566824 1.4031736 1.6884708 1.5822101 1.9702092 1.7742302 1.2924828 1.5500256 1.7722122 1.5617623 1.6157707 1.8012148 1.8416085 2.5239847 1.9539628 2.1350443 3.1705920 3.2068184 3.2068184 2.8832408 2.8832408 2.7310278 3.1544878 3.3288688 2.4426866 2.9940155 2.8965066 2.9204989 2.8673651 2.8673651 2.8033020 2.8033020 3.3854839 3.3854839 3.5294296 3.5294296 2.7972564 2.7723454 2.4108766 2.4887193 2.3755509 2.4122007 2.9557532 2.3500236 3.0953340 3.1250941 2.8684534 2.9849382 2.9981089 3.0322713 2.9611050 2.7251897 2.9618500 2.8847438 2.9081305 3.8259971 3.2697341 3.1334422 2.0659840 2.4675226 3.4083705 2.6920999 3.5370840 2.7293938 
Gfas_gfas1.m1.524.m1                                     1.5355176 2.1809265 1.6195710 1.5956321 1.7846365 0.6750357 1.8024936 0.4842920 0.5164623 0.4398206 0.4082149 0.0000000 0.5085541 0.8722835 1.5121015 1.3836053 1.4311241 1.3666887 1.8550627 1.6927548 1.3971360 1.5195006 1.6210408 0.9348047 1.0255007 1.9900279 1.7948520 2.0057490 1.6127714 2.1560743 1.1160152 1.5721958 1.5058278 1.6939513 1.3611324 1.2657846 1.2765010 1.8449971 1.8224120 1.7539331 1.6813591 1.9898222 1.9403426 2.1903254 1.8456959 1.6029671 2.1423594 1.8517888 1.9816381 2.3332885 1.8477343 1.6420697 1.7665824 2.0887179 1.6040902 1.8885003 1.8407112 2.1738328 2.9453820 2.1279103 2.5669524 3.7034373 3.7129646 3.7129646 3.2034885 3.2034885 2.9851852 3.3859566 3.9491344 2.4796663 3.3732599 3.3050630 3.3820161 3.1550649 3.1550649 2.9330167 2.9330167 4.4028524 4.4028524 4.5937139 4.5937139 2.9320540 2.9903569 2.6768278 3.4141262 2.4164157 2.4428277 3.2758748 2.7285919 3.5110509 3.4313187 3.2076588 3.3468090 3.4536144 3.4934534 3.1402259 3.0914829 3.2887325 3.2765840 3.2923009 4.2726819 3.4569674 3.0933334 2.1233851 2.7595423 3.3272211 3.0717386 4.4748487 3.2057384 
Amil_Amillepora26245-RA                                  1.4400619 2.0022079 1.7722475 1.8367015 1.9203471 0.7492880 1.7177870 0.4729890 0.5173952 0.4605730 0.4278497 0.5085541 0.0000000 0.2037130 1.3884438 1.2267408 1.3480773 1.3209545 1.3743315 0.7737813 1.3052642 1.4216094 1.4967348 1.1959687 0.9685058 1.7301791 1.6131728 1.6280129 1.5770741 2.3790713 0.9722576 1.3891548 1.4099646 1.6474890 1.2273096 1.3271572 1.3337450 1.6863424 1.7866743 1.5505071 1.6013141 1.8864388 1.8064444 1.8887112 1.8310777 1.5751665 1.5207360 1.7641524 1.7883670 2.0766556 1.7547462 1.4266400 1.5708441 1.8305941 1.6035655 1.6776353 1.8987177 1.8196898 2.3416057 2.0337684 2.2490423 3.4473481 3.5293741 3.5293741 3.1049627 3.1049627 2.9284449 3.2715506 3.6304237 2.4031810 3.0644147 3.1433774 3.0960399 3.2257566 3.2257566 3.0557626 3.0557626 3.9238626 3.9238626 4.1007806 4.1007806 2.9858134 2.9911846 2.6483073 2.9348454 2.5623394 2.6657255 3.2949706 2.1565992 3.2479779 3.2944129 3.0340081 3.1917654 3.1137273 3.2109274 2.8146458 2.7212462 3.0602881 3.0655907 3.0844594 3.9516467 3.5108840 3.2622672 2.3200155 2.3375220 3.2701227 2.9580381 3.8139648 3.1382378 
Adig_XM_015897151.1                                      1.6692892 2.0227731 2.3032593 2.5017170 2.3971005 0.7968952 2.1440376 0.7825465 0.8472007 0.6894857 0.7281542 0.8722835 0.2037130 0.0000000 1.9247711 1.4829486 1.7580507 1.5872673 1.3743315 0.7737813 1.7846988 1.7376252 1.8722027 4.4113028 1.3093287 2.4073435 2.0809135 2.1527263 4.4374082 4.1301067 1.2290132 1.7231684 1.7862249 2.1547535 1.6023727 1.9276637 1.7641940 2.0484981 1.9456143 1.8714173 2.0116615 2.2154884 2.1223701 2.4441459 2.1204056 1.8290011 1.4738342 2.1496333 2.2531092 2.7216145 2.4638225 1.7348058 1.8896768 2.3047052 2.0866503 1.8730978 1.9759496 2.1041285 2.8885088 2.3652873 2.6264037 4.8650719 4.7391645 4.7391645 3.5883765 3.5883765 2.7246324 3.7645259 3.8503439 2.9280243 3.6342764 3.6218538 3.6767672 3.8359537 3.8359537 3.7279315 3.7279315 4.6963681 4.6963681 4.0932185 4.0932185 3.3671698 3.4069396 3.1098093 3.4339994 3.1210917 3.3071070 3.7420860 2.3716896 3.6121187 3.6033336 3.2081603 3.4267063 3.4666650 3.3571997 3.0588996 2.9944582 3.3663944 3.4721819 3.2008694 3.8893445 3.5686746 3.4284547 2.3256316 2.8026123 4.4563360 2.8807967 3.8904997 3.2157824 
Skow_XM_006825680.1                                      1.5253627 1.9167032 1.4320152 1.4822381 1.6765366 0.4791715 1.6706554 1.3291314 1.4628363 1.2049736 1.1896178 1.5121015 1.3884438 1.9247711 0.0000000 1.3172412 1.3054827 1.3942999 1.3794835 0.8030436 1.3432085 1.3053124 1.4406377 1.2232347 1.3359711 1.8011095 1.9045181 1.7882435 1.1868050 1.7948292 1.1235253 0.9470801 1.1975817 1.3299242 1.3699498 1.6583657 1.3824147 1.4255447 1.8185633 1.7161374 1.4886240 1.7647038 1.6058442 1.8968637 1.6741145 1.4998022 1.7871156 1.6602800 1.7897175 1.8252190 1.7727554 1.4116802 1.7389897 2.0452961 1.7124104 1.6137150 1.9632385 1.8219942 2.3790466 1.9154763 2.2725287 3.0053591 3.0354267 3.0354267 2.7991576 2.7991576 2.7954824 2.7788573 3.1136942 2.2588130 2.7438640 2.9158496 3.1195450 2.8813832 2.8813832 2.9021296 2.9021296 3.6070295 3.6070295 3.5919119 3.5919119 2.5908724 2.6720554 2.8818407 3.0955387 2.8256001 2.9426961 3.3563287 2.4775286 3.6576772 3.5334053 3.2089562 3.2253300 3.3321491 3.1116616 3.1193507 3.1036541 3.3393208 3.4436365 3.7131362 4.2796823 4.0947591 3.9170389 3.2389483 2.5762331 4.1013704 2.1386063 3.5288361 2.5772013 
Sanmal_Sma_028604-T1                                     1.4290275 1.8423354 1.8231100 1.7436590 1.7740063 0.6689847 1.7088229 1.2165122 1.3177188 1.0350751 1.1436679 1.3836053 1.2267408 1.4829486 1.3172412 0.0000000 0.7042695 0.7835345 2.7946742 0.3410270 0.7272013 1.3329546 1.4524995 1.7740627 1.2055887 1.7454676 1.6294582 1.4907206 1.6890570 2.5671256 1.0779954 1.2778367 1.5383035 1.4810784 1.1806186 1.3656592 1.1653095 1.5730583 1.6880682 1.5192684 1.4583940 1.9457144 1.8884302 1.9611641 1.7654719 1.5689409 1.0002162 1.7567015 1.7639766 1.8555661 1.9542256 1.2982854 1.3489365 1.6987538 1.6920816 1.6570742 1.8200174 1.7746667 2.2883592 1.8585451 2.4568016 2.9329212 2.9662026 2.9662026 2.7569615 2.7569615 2.6532420 2.8898287 3.1967262 2.1907162 2.9144234 2.7819810 2.8890747 2.9531918 2.9531918 2.7748303 2.7748303 3.4065733 3.4065733 3.6071964 3.6071964 3.0734681 3.0698056 2.7166951 3.6957533 2.5944117 2.5330500 3.2636917 2.0604102 3.2086499 3.1774017 2.9743922 3.4994296 2.7574702 3.1783720 3.0356332 2.9270828 3.3915430 3.3913982 3.1456128 4.0300616 3.3927402 3.5729806 1.7788010 2.5071913 3.4384804 3.2870383 3.3003683 2.5970059 
Rhoesc_Res_016154-T1                                     1.4822413 1.8942136 1.7271742 1.7002967 1.7325809 0.6839026 1.7454972 1.2894769 1.4486038 1.1682482 1.2258223 1.4311241 1.3480773 1.7580507 1.3054827 0.7042695 0.0000000 0.3767515 1.2303552 0.3080166 0.5986074 1.3667478 1.5262903 2.7857494 1.2415437 1.8837630 1.9290181 1.6164987 1.4925370 2.3831929 1.2826178 1.3323052 1.4884763 1.5815996 1.2579496 1.2927126 1.1349397 1.7315745 1.8323537 1.5112188 1.5559853 2.0407603 1.9468032 2.0629484 1.8000173 1.4917171 1.1438753 1.8177953 1.8475029 1.9854928 2.1462252 1.3220974 1.4620600 1.7523781 1.7384199 1.8657916 1.9329758 1.8000036 2.3144278 1.8626472 2.1959123 2.8624322 2.8807135 2.8807135 2.6566746 2.6566746 2.9611862 3.0233268 3.0304434 2.5024966 2.9600129 2.7303624 2.9043159 2.9555061 2.9555061 2.8441653 2.8441653 3.3460486 3.3460486 3.4552409 3.4552409 2.8714803 2.8042899 2.6960923 3.3700851 2.6502357 2.6104040 3.0013474 1.8071671 3.1995232 3.1065441 2.9408734 3.2496863 2.7120088 3.2175564 3.0894442 3.0230236 3.3108126 3.0885726 3.1234672 3.5781565 3.2112154 3.5333549 2.5096758 2.7062915 2.9190578 2.8888411 3.3636754 2.7642395 
Nemnom_g19117.t1                                         1.5260769 2.2197656 1.8655382 1.7385783 1.7795000 0.7349098 1.7079524 1.2018939 1.3277079 1.1750363 1.1844465 1.3666887 1.3209545 1.5872673 1.3942999 0.7835345 0.3767515 0.0000000 0.1688356 0.3445764 0.6716006 1.5036778 1.5083215 3.4738819 1.2241604 1.7812038 1.7571635 1.6364820 1.6425033 2.7079415 1.1407702 1.3750156 1.5215762 1.5413547 1.2615396 1.3826091 1.1872258 1.6734337 1.9035761 1.5464697 1.6732718 1.9916148 1.8455114 2.0556231 1.8498219 1.5045581 1.1993396 1.8212846 1.8285008 1.9540902 2.1317486 1.3634393 1.5997497 1.9655922 1.9550108 1.8422776 2.1738446 1.9394843 2.4198476 2.0754654 2.2527573 3.0514718 3.0006428 3.0006428 2.7925936 2.7925936 2.8906832 3.0048461 3.2442685 2.3886453 3.0009931 2.9644723 2.9237922 3.2396642 3.2396642 3.1844972 3.1844972 3.7836382 3.7836382 3.8506957 3.8506957 3.0069334 2.9374104 2.8451349 3.4805823 2.7400125 2.7562831 3.1747720 1.9218091 3.0854199 3.0893110 2.9962913 3.3665753 2.7671691 3.0498029 2.9606037 2.8811221 3.2951344 3.1636386 3.2337291 3.6786464 3.3320093 3.3091081 2.2840095 2.7372468 3.6665548 2.8735463 3.4139422 2.7896806 
Nemnom_g19118.t1                                         9.0000000 9.0000000 0.0000010 9.0000000 7.4060388 0.0000010 6.8835640 1.6655017 1.6655017 2.8852540 1.6655017 1.8550627 1.3743315 1.3743315 1.3794835 2.7946742 1.2303552 0.1688356 0.0000000 0.9003913 0.0000010 1.4977574 4.2538357 0.0000010 1.3102222 3.5245786 3.5245786 3.6319580 0.0000010 0.0000010 1.3479420 2.4657600 1.2700850 1.2825691 2.1537232 0.0000010 2.3545426 2.5877593 7.1914608 3.9431768 5.3898302 1.6798478 1.6798478 3.5447939 1.9026948 1.9026948 5.9129586 9.0000000 6.9047695 9.0000000 0.0000010 2.0278877 3.6656426 8.9999985 0.0000010 2.1285878 5.1754668 8.7774625 8.9999984 9.0000000 9.0000000 3.8893313 3.8893313 3.8893313 3.8893313 3.8893313 0.0000010 8.9999984 8.9999984 0.0000010 8.2437635 6.3578343 8.0460037 8.8829121 8.8829121 8.8829121 8.8829121 8.8829121 8.8829121 8.8829121 8.8829121 9.0000000 8.9999989 9.0000000 9.0000000 0.0000010 9.0000000 8.9999985 2.3545426 8.9999981 8.9999980 9.0000000 9.0000000 7.6585485 8.9607088 9.0000000 9.0000000 9.0000000 9.0000000 9.0000000 8.9999981 6.3621620 0.0000010 0.0000010 3.8373454 9.0000000 0.0000010 8.1116798 0.0000010 
Aaur_scaffold3509.g1.t1                                  1.1156424 1.3090926 0.0000010 0.6667476 1.7148181 0.0000010 1.7198456 0.8082098 0.7316359 0.8691256 0.7561152 1.6927548 0.7737813 0.7737813 0.8030436 0.3410270 0.3080166 0.3445764 0.9003913 0.0000000 2.1166642 0.6506782 0.8443118 0.0000010 0.7978557 0.9078265 0.9078265 1.1052004 0.0000010 0.0000010 0.8976986 0.8647851 0.7302842 0.5740327 0.9792669 2.1806045 1.3382616 0.7077914 1.8068817 0.9973147 0.7761802 1.2471520 1.2468584 1.1507726 1.0477241 1.0866383 0.7770798 1.0516687 1.1321735 1.5722005 0.0000010 0.6704061 0.9568610 1.3243382 0.0000010 0.9149727 1.4249816 1.1689249 1.4735421 1.0684531 2.0011426 2.1466128 2.1466128 2.1466128 2.1466128 2.1466128 0.0000010 2.3218860 2.4532033 0.0000010 1.8176455 2.2949202 1.9893962 1.9596006 1.9596006 2.1030283 2.1030283 2.0808350 2.0808350 2.0600997 2.0600997 3.2666888 3.0303708 2.5503873 2.5503873 0.0000010 3.2307621 2.4288207 1.7578532 1.8993933 1.8962977 1.4893908 1.6559989 1.4488364 1.7730885 1.3133755 1.2261424 1.5977887 1.5547002 1.6447356 2.3431975 1.6875710 1.7076093 0.0000010 2.1431642 8.9999981 0.0000010 2.3772339 0.0000010 
Aaur_scaffold934.g8.t1                                   1.4338433 2.4633973 1.8372055 1.6160337 1.7356291 0.6550823 1.5384846 1.2100622 1.4599920 1.2423454 1.1475746 1.3971360 1.3052642 1.7846988 1.3432085 0.7272013 0.5986074 0.6716006 0.0000010 2.1166642 0.0000000 1.5322848 1.4702114 2.7748883 1.3922483 2.2003360 1.8975464 1.6223794 1.6485983 2.4794570 1.1651603 1.4968716 1.6343387 1.9227938 1.2206647 1.2915022 0.9316114 1.9468198 1.5884156 1.5212171 1.7512572 1.9938971 1.8060851 1.8549408 1.7837690 1.5153846 1.9516403 2.2366106 2.1248289 2.6984623 2.2002719 1.4487494 1.4158183 1.7783657 1.8923526 2.0178611 1.8250241 1.8087075 2.5470451 1.9769954 2.3742820 2.7747953 2.7545949 2.7545949 2.5000123 2.5000123 2.7383710 2.5515944 3.0788103 2.0968292 2.6845429 2.6098935 2.6782888 2.6250889 2.6250889 2.3074308 2.3074308 3.1358611 3.1358611 6.1155809 6.1155809 2.6994870 2.6805957 2.3381755 4.3001773 2.2304734 2.2363370 3.1035134 3.6576200 3.1148250 3.5287254 3.3185271 3.2837708 3.1905269 3.3416938 3.5035818 3.2824971 3.5408892 3.5145659 3.6325114 3.8660418 3.8006826 3.3823315 2.1368214 2.8557874 2.1743013 2.6569944 3.7703403 2.7381610 
Hsap_ENST00000566157                                     1.5047791 1.8656557 1.7026752 1.7141074 1.7793311 0.7994478 1.4849335 1.4175636 1.5861969 1.2890612 1.3822120 1.5195006 1.4216094 1.7376252 1.3053124 1.3329546 1.3667478 1.5036778 1.4977574 0.6506782 1.5322848 0.0000000 1.4536120 1.6273262 1.3403095 2.0977235 1.9569714 1.5791752 1.4749341 2.2208396 1.4194650 1.2942897 1.3458083 1.5268524 1.4593843 1.5299164 1.4173469 1.4899074 1.8508409 1.8062217 1.5574486 2.0083087 1.8275662 1.8197206 1.8910091 1.5205436 1.3791020 1.9235506 1.9392456 2.0250694 2.3229094 1.4643879 1.6507322 2.0655863 1.8751812 1.5769060 1.8551182 1.8537827 2.4647207 2.1144844 2.5310437 2.8344641 2.8239308 2.8239308 2.5930877 2.5930877 2.7127456 2.8492770 3.1832017 2.2758062 2.7952901 2.8863056 2.5516055 2.8332089 2.8332089 2.7220151 2.7220151 3.4823300 3.4823300 3.4468779 3.4468779 2.8930075 2.9546662 2.6815331 2.9929755 2.6651536 2.7714366 3.1537932 2.3321387 3.3129634 3.2876441 3.1686655 3.1598568 3.0235085 3.2514192 3.2172901 3.2254126 3.2517026 3.2261059 3.3821020 4.5376181 3.6339303 3.6653265 2.6400219 2.6988191 4.3032881 3.1483036 3.2208260 2.9593468 
Acagra_model.g12193.t1                                   1.5720313 2.2097565 1.7210693 1.8262472 1.7731022 0.8024649 1.5201903 1.3573719 1.4727568 1.2361209 1.3404462 1.6210408 1.4967348 1.8722027 1.4406377 1.4524995 1.5262903 1.5083215 4.2538357 0.8443118 1.4702114 1.4536120 0.0000000 1.7915023 1.4127528 1.8236650 1.7360994 1.6671216 1.4213511 1.7358120 1.4212737 1.4799141 1.4236837 1.3581830 1.4275459 1.6226712 1.4217549 1.5761916 1.9302138 1.5686797 1.4852886 1.9269267 1.8339770 1.8465339 1.8733775 1.6610052 1.2885495 2.0028095 1.9851510 2.2390925 2.1136974 1.6033578 1.8718376 2.1114187 1.7115895 1.7032477 2.0619127 1.8044700 2.1954079 2.1187754 2.5468202 3.4202792 3.3925400 3.3925400 3.1587489 3.1587489 3.1225182 3.0367898 3.5749319 2.2249792 2.9372024 2.9910491 3.0227080 2.7162367 2.7162367 2.7018279 2.7018279 3.2143693 3.2143693 3.1698338 3.1698338 2.8377125 2.9178931 2.5645519 2.9930641 2.4596843 2.4639861 3.0967359 2.1630754 3.0728937 3.3435104 3.2294510 3.2766997 3.3387353 3.4645883 3.2430067 3.5075393 3.2817373 3.3421727 3.4969155 3.8314488 3.4746456 3.4360815 2.3223663 2.7002574 4.3775406 3.2928673 3.9038723 3.1535657 
Nvec_NVE25065                                            1.6862105 2.1807689 2.2011079 1.5969416 1.6277709 0.6121816 1.6699996 1.1052483 1.2539303 0.9844710 1.0526096 0.9348047 1.1959687 4.4113028 1.2232347 1.7740627 2.7857494 3.4738819 0.0000010 0.0000010 2.7748883 1.6273262 1.7915023 0.0000000 0.0000010 1.5646346 1.5646346 0.8407958 1.0537839 1.6717851 0.0000010 1.5823225 1.1322103 1.5378671 0.9885572 1.7302327 1.8546293 1.7642223 1.5272306 1.7465921 1.6514331 2.1296015 2.1522837 1.8934414 2.4283544 2.4283544 0.0000010 1.2101450 1.3131991 1.0695282 0.9378293 1.5648397 2.5552561 1.9861295 1.9475767 2.3867451 2.1303444 1.8894219 1.8894219 2.0757034 1.9746316 3.4426716 3.4426716 3.4426716 3.4426716 3.4426716 0.0000010 3.8716355 0.0000010 3.8716355 4.0938689 3.9083702 3.8504668 3.3600221 3.3600221 3.3600221 3.3600221 0.0000010 0.0000010 0.0000010 0.0000010 3.5115481 3.5115481 3.8666294 0.0000010 3.8666294 3.8666294 4.2054229 9.0000000 6.7571936 8.7563978 5.2152762 5.7021167 4.3771451 4.5795129 4.1136228 3.2954173 6.2034217 3.7856832 5.3481261 4.5377771 4.4840049 5.0373846 0.0000010 2.8192115 0.0000010 0.0000010 5.1281702 0.0000010 
Nvec_v1g162587                                           1.5112328 1.7519868 1.8106523 1.7087956 1.8071450 1.0142156 1.4945837 0.8712795 0.8819982 0.8988955 0.8725879 1.0255007 0.9685058 1.3093287 1.3359711 1.2055887 1.2415437 1.2241604 1.3102222 0.7978557 1.3922483 1.3403095 1.4127528 0.0000010 0.0000000 1.6814717 1.6021624 1.6172783 1.3102265 1.6867714 0.5944781 1.4056310 1.3354009 1.5633286 1.1159308 1.2846159 1.3628556 1.6526228 1.7285567 1.6102412 1.6475441 2.0566060 1.9383664 1.8525989 1.8030180 1.5744664 1.2173399 1.7608393 1.8266318 1.8571162 1.8937899 1.5040851 1.6253178 1.9838805 1.7559638 1.7563800 1.6538995 1.9989367 2.3169687 2.0261141 2.2902140 2.9995880 2.9879048 2.9879048 2.8254676 2.8254676 3.2337783 2.9479936 3.0025392 2.3721335 2.8715381 2.9213890 2.8174246 2.8135802 2.8135802 2.5920532 2.5920532 3.2403451 3.2403451 3.4538386 3.4538386 2.6843280 2.6853484 2.6134677 2.8191513 2.5984714 2.6508566 2.9953767 1.8724771 2.9934423 3.0990948 2.8594546 3.0650794 2.8125047 3.1129142 2.9255045 2.7358052 3.0598292 2.9732514 3.0092882 3.9033700 3.3422058 3.5183212 2.6262592 2.4278316 3.6111730 3.6152304 3.2762878 3.3442776 
Opea_EP00118_Oscarella_pearsei_P013781                   1.8360902 2.3193877 2.3308701 1.7861508 1.8927453 1.0334385 1.7886227 1.7109172 1.8157037 1.6414880 1.7253627 1.9900279 1.7301791 2.4073435 1.8011095 1.7454676 1.8837630 1.7812038 3.5245786 0.9078265 2.2003360 2.0977235 1.8236650 1.5646346 1.6814717 0.0000000 0.1248683 1.7273556 1.6345870 2.5366718 1.6173559 1.9663407 1.8275101 1.8013557 1.7558086 2.2648165 1.9408544 1.9667967 2.1626443 1.4914483 1.9166269 2.1168639 1.9647601 2.1344492 1.9936391 1.7636537 1.4877269 2.0479651 2.0125993 2.1580772 2.2609680 1.5815062 2.1675336 2.1808140 2.2015207 1.9675895 2.2436374 2.1649660 2.4964807 2.1527842 2.6866424 2.9826429 2.9328157 2.9328157 2.9946070 2.9946070 3.1766955 3.1057637 3.3177845 2.2970760 2.8847338 3.2715406 3.0896487 2.8479733 2.8479733 2.6310384 2.6310384 3.1403186 3.1403186 3.3094259 3.3094259 3.0064561 3.0424547 3.3147901 3.6969448 3.4398229 3.3302505 3.2529900 2.6558805 3.2904465 3.2378505 2.9433794 3.2673350 3.2481475 3.1880426 3.0413458 2.9085831 3.4589420 3.4843623 3.8961225 4.2463064 3.8971603 4.2882072 8.3026915 3.0923288 3.3229108 4.1412238 3.7271587 6.6675578 
Opea_EP00118_Oscarella_pearsei_P013782                   1.6884390 2.3193877 1.9903269 1.7583033 1.7854283 1.1311847 1.5777770 1.6058948 1.6660504 1.4800898 1.5559255 1.7948520 1.6131728 2.0809135 1.9045181 1.6294582 1.9290181 1.7571635 3.5245786 0.9078265 1.8975464 1.9569714 1.7360994 1.5646346 1.6021624 0.1248683 0.0000000 1.7434104 1.6345870 2.5366718 1.6173559 1.7792222 1.6481302 1.7853805 1.7153862 2.0947162 1.8382075 1.7775436 1.9363539 1.3752679 1.8291431 2.1054921 1.9916596 2.1344492 1.8457773 1.6393795 1.4268569 1.8947200 1.7980651 2.1580772 2.0370897 1.4843165 2.0620707 2.1472032 2.0899447 1.9535111 2.2436374 2.0539109 2.4964807 2.1487369 2.6426451 2.9826429 2.9328157 2.9328157 2.9497388 2.9497388 3.4668130 3.1512688 3.3177845 2.3825313 2.9208439 3.2495177 3.1261129 2.9522505 2.9522505 2.7357093 2.7357093 3.2188131 3.2188131 3.3094259 3.3094259 3.0240824 2.9374253 3.0384792 3.6969448 3.0786591 2.9850178 3.2337250 2.7875184 3.0884318 3.3845336 3.0863575 3.3656029 3.5105863 3.3119080 3.0211218 2.9971814 3.4618667 3.5159341 3.8086549 4.0395578 3.6572740 4.6903548 2.0300311 3.0319018 3.3229108 2.8870120 3.5963088 3.0631233 
Tetwil_g2469.t1                                          1.2406964 1.4108413 1.1787058 1.3361517 1.3768681 0.9445987 1.5284611 1.6841258 1.9174929 1.5118960 1.7170252 2.0057490 1.6280129 2.1527263 1.7882435 1.4907206 1.6164987 1.6364820 3.6319580 1.1052004 1.6223794 1.5791752 1.6671216 0.8407958 1.6172783 1.7273556 1.7434104 0.0000000 0.8274192 1.0981380 1.7343893 1.7191932 1.6655954 1.7314468 1.6414264 1.5451354 1.7991979 1.8585747 1.5902691 1.8545193 2.2081587 1.9596282 1.8250354 2.0437294 1.7822197 1.5455883 1.8895194 1.8660205 2.0116207 2.2722707 2.1194507 1.7704212 1.7832825 2.2140619 1.6165723 1.7775320 2.1245338 2.0669908 2.5754916 2.1262372 2.5403468 3.1727038 3.1210265 3.1210265 2.9757729 2.9757729 2.4449085 3.1163376 3.7785202 2.3509547 3.0703027 3.1953009 3.0043593 2.8713184 2.8713184 2.8409555 2.8409555 3.2517890 3.2517890 3.7543623 3.7543623 2.8679578 3.0031640 2.7014309 3.1800083 2.7363760 2.6319431 3.3532178 1.7325568 3.5655222 3.4210299 3.3845971 3.5905297 3.4559626 3.7205840 3.5347389 3.5372001 3.8465893 3.4748755 4.0430735 4.6307952 3.7429928 3.7812296 1.9316815 2.8469936 4.3044568 6.0239373 3.5326095 8.9999989 
Stycar_maker-SC_scaffold57777-snap-gene-0.3-mRNA-1       0.9944032 1.0896177 0.9857819 0.8904169 0.9262814 0.4180069 0.9868286 1.4982683 1.5327796 1.1537866 1.4921849 1.6127714 1.5770741 4.4374082 1.1868050 1.6890570 1.4925370 1.6425033 0.0000010 0.0000010 1.6485983 1.4749341 1.4213511 1.0537839 1.3102265 1.6345870 1.6345870 0.8274192 0.0000000 0.2342290 1.5331886 1.2772420 1.1764413 1.4719347 1.3523412 1.6300180 1.4331255 1.8098439 1.0513458 1.4090955 1.8714759 1.6341518 1.5982182 1.8111134 1.3456550 1.3456550 0.0000010 1.5079907 1.6526542 1.6634821 1.5945607 1.5661191 1.8288173 2.0404748 1.6181135 1.9172039 2.0184726 1.6838100 2.1327067 1.7869599 2.2746334 2.3037155 2.1779362 2.1779362 2.0772643 2.0772643 0.0000010 2.2547954 3.5655365 2.1694518 2.3169916 2.2934739 2.3666252 2.6150641 2.6150641 2.6150641 2.6150641 2.9546249 2.9546249 5.9737765 5.9737765 2.1431258 2.2420054 2.5062457 4.0204241 2.5062457 2.5062457 2.9720996 4.5507243 4.1167147 4.0133352 2.9784777 3.8905297 3.8259965 4.1971413 3.9471305 3.6653772 4.0484813 3.7069644 4.2772933 4.6487970 5.4265525 5.1263896 0.0000010 2.8635747 2.7247590 0.0000010 3.1695316 0.0000010 
Stycar_maker-SC_scaffold61636-snap-gene-0.4-mRNA-1       1.4155983 1.5036681 1.3480947 1.1375312 1.1888926 0.8025014 1.3522556 2.2824672 2.4775941 1.8608125 2.2110658 2.1560743 2.3790713 4.1301067 1.7948292 2.5671256 2.3831929 2.7079415 0.0000010 0.0000010 2.4794570 2.2208396 1.7358120 1.6717851 1.6867714 2.5366718 2.5366718 1.0981380 0.2342290 0.0000000 1.6698307 2.1119193 1.4678144 2.1988227 2.1366782 2.9659315 2.0675789 2.1508748 1.5770400 2.2015990 2.3985334 2.4965950 2.3948418 2.6968602 2.0644313 2.0644313 0.0000010 2.4215903 2.3783964 2.5403418 2.1777248 2.3529150 2.4044991 2.9466687 3.0015864 3.2772431 2.9433210 2.4976060 2.7629850 2.9998213 2.9624610 3.0624557 2.7753023 2.7753023 2.6183966 2.6183966 0.0000010 3.2235291 1.9944043 3.4482507 3.0300347 2.8873155 3.2004305 2.7990132 2.7990132 2.7990132 2.7990132 1.5109419 1.5109419 1.2474686 1.2474686 2.9923771 3.1556186 3.1518157 1.9926765 3.1518157 3.1518157 4.7014467 4.0015636 5.4666500 4.9258587 3.8954229 4.2622313 3.6245109 4.0533105 4.5567770 3.8605179 4.1835886 3.7284676 5.2247401 5.3291814 5.4025724 6.8282625 0.0000010 3.7108056 2.6421631 0.0000010 2.7328430 0.0000010 
Exapal_XM_021042246.2                                    1.6608098 1.7298622 1.2653201 1.9078962 1.8193724 0.0000010 1.7266247 0.8338892 0.8144665 0.7458292 0.8257834 1.1160152 0.9722576 1.2290132 1.1235253 1.0779954 1.2826178 1.1407702 1.3479420 0.8976986 1.1651603 1.4194650 1.4212737 0.0000010 0.5944781 1.6173559 1.6173559 1.7343893 1.5331886 1.6698307 0.0000000 1.4043047 1.4032971 1.5272095 1.1306679 0.9723364 1.3331425 1.5123921 2.0956935 1.8677155 1.8444044 1.8056925 1.7707557 1.9208074 1.8979710 1.7153324 1.3804321 1.6640658 1.7126040 1.7850625 1.9910414 1.5541095 1.5729897 2.0626657 0.0000010 1.4359327 2.3206403 1.9866881 2.1705348 1.8028724 2.7861768 3.1375646 3.1375646 3.1375646 3.1375646 3.1375646 0.0000010 2.8869515 3.0427025 2.2540418 3.0002232 2.7452433 2.6898197 3.0025151 3.0025151 3.0025151 3.0025151 3.3080126 3.3080126 3.5774292 3.5774292 3.0540564 3.0666691 3.0507452 3.3056519 2.7754089 2.7448688 3.3615397 1.6771785 2.5384433 2.5705781 2.6064120 2.2984566 2.4074278 2.7523739 2.6531996 2.2811876 3.0369830 2.8387008 2.8190585 3.8079119 3.3710341 3.5556702 0.0000010 2.6908466 3.4005402 0.0000010 3.3872941 0.0000010 
Spur_XM_011662712.2                                      1.4294731 1.9458625 1.7230951 1.5096737 1.6920807 0.6806975 1.5294770 1.4087685 1.5149793 1.3713205 1.3025918 1.5721958 1.3891548 1.7231684 0.9470801 1.2778367 1.3323052 1.3750156 2.4657600 0.8647851 1.4968716 1.2942897 1.4799141 1.5823225 1.4056310 1.9663407 1.7792222 1.7191932 1.2772420 2.1119193 1.4043047 0.0000000 1.2299173 1.4926294 1.6058634 2.0160428 1.5223671 1.4860879 1.7259310 1.5856509 1.5021932 1.8427331 1.7565226 1.8170636 1.8871645 1.6068427 1.4043712 1.7041736 1.7475121 2.0668431 1.8944120 1.3795263 1.8150091 2.2062664 1.8698552 1.6838393 1.7689120 1.7293295 2.3877800 1.8317513 2.1979528 3.0030607 2.9780736 2.9780736 2.6919177 2.6919177 2.7932584 2.8368374 3.0995309 2.1788094 2.8088983 2.7076243 2.9315792 3.0220543 3.0220543 2.8572159 2.8572159 3.5982083 3.5982083 3.5137501 3.5137501 2.8751614 2.9227006 2.5305229 2.9760216 2.3792426 2.4975563 3.2525801 2.6246997 3.4816554 3.5824779 3.2126853 3.3026001 3.3148232 3.1768982 3.2256237 3.3321550 3.2713984 3.2702108 3.2820145 3.8220677 3.5455278 3.3077020 1.9988498 2.3780524 3.1432453 2.8858386 3.0463495 2.2791111 
Ctel_gnl_WGS_AMQN_CAPTEDRAFT_mRNA166954                  1.4511194 1.8348128 1.5806883 1.5928732 1.7110937 0.6960338 1.5653760 1.4150420 1.4404446 1.2856593 1.3117381 1.5058278 1.4099646 1.7862249 1.1975817 1.5383035 1.4884763 1.5215762 1.2700850 0.7302842 1.6343387 1.3458083 1.4236837 1.1322103 1.3354009 1.8275101 1.6481302 1.6655954 1.1764413 1.4678144 1.4032971 1.2299173 0.0000000 1.5402551 1.6732969 1.8097347 1.5940009 1.3228294 1.5526601 1.6636599 1.5176340 1.9303331 1.8355422 1.8666454 1.8213489 1.5824025 1.3843970 1.8710716 1.8402045 2.2469419 2.0541905 1.4960184 1.7667238 2.1862108 2.0754951 1.6336713 1.9890311 1.8082669 2.3826631 2.0419147 2.5012514 2.8029922 2.7832950 2.7832950 2.5979945 2.5979945 2.8076930 2.7498327 3.5357282 1.8164580 2.7390615 2.8450623 2.9337917 2.7597560 2.7597560 2.4664951 2.4664951 3.5696585 3.5696585 3.5966698 3.5966698 2.7007192 2.6613942 2.5235196 2.9965203 2.4799401 2.5309163 3.1123765 2.4624467 3.2063717 3.3904404 3.2256187 2.9657880 3.0550223 3.1729751 3.1895783 2.9960905 3.1704614 3.0016620 3.5528735 3.9871253 3.1734525 3.5342876 1.7958958 2.3551182 4.5116247 2.3264861 3.5326394 2.8767443 
Cgig_XM_034456014.1                                      1.7551077 1.9296106 1.9695094 1.8401567 1.8614517 0.9139835 1.6924365 1.4916680 1.6013719 1.3879607 1.4761589 1.6939513 1.6474890 2.1547535 1.3299242 1.4810784 1.5815996 1.5413547 1.2825691 0.5740327 1.9227938 1.5268524 1.3581830 1.5378671 1.5633286 1.8013557 1.7853805 1.7314468 1.4719347 2.1988227 1.5272095 1.4926294 1.5402551 0.0000000 1.4669779 1.7302442 1.4142856 1.5870938 1.9003575 1.7709636 1.4488775 2.0783569 2.0153542 2.0051742 1.9370768 1.7520684 1.2727772 1.9686537 1.9310133 2.1534749 2.0928212 1.4042877 1.7628027 1.9895192 1.8047127 1.7665599 1.9839771 1.7569890 2.1989945 2.1145598 2.3060258 3.0551312 3.0512626 3.0512626 2.7248402 2.7248402 2.9970740 2.8150936 2.8233976 2.5572005 2.6421922 2.7870636 2.8736558 2.9323204 2.9323204 3.0258354 3.0258354 3.2806091 3.2806091 3.0742088 3.0742088 2.8111616 2.7712150 2.7365649 2.7696137 2.7487684 2.8165202 3.1087598 2.1679401 2.8089550 2.8972299 2.8585317 3.0052575 2.8771169 2.9195840 2.9236009 3.0750991 3.0274051 2.9745761 2.8487932 3.6520089 3.3342852 3.1410145 2.2947184 2.7765463 4.8797962 3.3234299 3.8919323 3.0756481 
