124
Opea_EP00118_Oscarella_pearsei_P021545               0.0000000 1.7986881 0.9739688 0.9388618 0.9246658 0.8795707 0.9478198 0.9450207 0.2715553 0.8876603 0.7445106 0.7804369 0.9798420 3.1455160 0.7267207 0.8646702 0.8646702 0.8508779 0.0000010 0.6630656 1.0800530 1.0220825 1.1311237 1.1311237 1.1578347 1.2676875 1.2439063 1.0700961 1.2836320 1.0667927 0.8162261 1.2906196 0.9359354 0.9645488 0.9234116 0.9481567 2.9661604 0.8873084 0.0000010 0.8910285 0.8286419 0.9776162 0.9829669 1.0917787 0.8163999 0.8755727 0.6221163 0.9493296 2.8612416 1.0515657 0.5908328 0.8085459 0.8695484 0.9749743 2.2968783 1.1158193 0.9749743 0.0000010 0.8576002 0.9749743 0.9749743 0.8230674 0.9383071 0.9818557 1.0512192 0.8658407 0.8083440 0.0000010 1.0605994 1.0323018 1.3981152 2.5020952 3.5257291 0.9360599 0.8093624 0.6221242 1.2214359 1.0952214 0.7804205 1.3937947 1.2543321 1.0319805 1.0375528 1.0344505 0.0000010 1.1053456 1.3051335 1.4063869 1.0310897 1.7264815 1.7135073 1.6375186 2.4920157 1.7755908 1.5450356 1.6479449 1.5072299 1.6625852 1.3172626 1.4342325 1.4181342 1.1769603 1.2165011 1.2689807 1.5990040 4.3714285 1.5897301 0.9221406 0.7899612 0.0000010 2.0491053 0.9088981 0.5475245 1.6125247 3.0441975 1.0882977 3.0520271 3.4083024 2.5449357 0.2815120 2.7137131 0.1640075 0.2715553 4.1381924 
HoiH23_PlH23_006019-RA                               1.7986881 0.0000000 0.0396794 0.0893035 0.0893498 0.1234605 0.2241137 0.2216239 0.5911188 1.0541936 1.1077385 1.0045222 1.0555918 0.4599973 1.0502609 1.0755318 1.0755318 1.1534927 0.6077658 0.7121544 1.0204641 1.1205475 1.7061742 1.2708825 1.7110840 1.9490881 1.1839981 1.5800651 0.5405163 1.0674720 0.6307603 0.9326948 1.2225310 1.1629107 1.1763907 1.1783778 0.4180582 1.3687987 0.7041494 1.0650400 1.1034250 1.0708993 1.2529848 1.1735846 1.0818025 1.1064398 1.1961565 0.8855804 0.5651845 1.2448568 1.3293956 1.2990881 0.9088610 1.9214734 0.9175804 1.8039398 2.5712036 3.4150446 1.7121715 2.5917919 2.4212781 1.1741445 1.2439526 1.3004143 1.2821020 1.1448405 1.0805022 0.9416141 1.2744650 1.3396639 1.4983784 0.6975891 1.1652857 1.2694456 1.2236779 0.8076585 1.2920067 1.4880850 1.0729649 1.1343440 1.3423366 1.2686313 1.9737383 1.3212040 2.6380576 1.6802104 1.5292085 1.6560621 1.3417437 2.0143538 1.6245417 1.7611549 1.4747370 1.6461009 1.5931732 1.7360490 1.3239334 1.3021828 1.5187351 1.2125193 2.2194184 1.3684447 1.5876984 1.6296401 1.6236782 1.2007635 1.8758800 1.8552289 1.4998303 2.5599151 1.8248801 1.3978881 1.5254935 1.5491938 1.7830629 0.6136784 0.6863333 1.1635003 2.2236106 1.8455906 1.9219928 1.7573769 1.4756247 2.4273829 
HoiH06_mRNA10952                                     0.9739688 0.0396794 0.0000000 0.0856380 0.0869932 0.1249460 0.2200469 0.2175271 0.5911188 1.0097616 1.0482532 0.9507249 1.0117753 0.4516835 0.9906692 1.0154267 1.0154267 1.0908240 0.6040985 0.6663918 0.9602071 0.9634698 1.5735043 1.1679333 1.5773778 1.9269970 1.0125706 1.4855515 0.4603095 0.9412960 0.5524259 0.9142614 1.1609108 1.1009524 1.1160992 1.1130131 0.4417066 1.2869644 0.7187035 1.0198103 1.0351971 1.0271480 1.1699631 1.1190347 1.0138062 1.0036174 0.7339227 0.7451749 0.5403495 1.1934947 1.2188941 1.2177026 0.8453249 1.9464029 0.9560331 1.8579446 2.5956905 3.3732828 1.7282678 2.6209910 2.4403980 1.1105638 1.1558276 1.2103949 1.2091118 1.0616760 0.8200240 0.9599676 1.2010092 1.2657016 1.5141455 0.6924855 1.1467546 1.2072333 1.1822917 0.8161770 1.3085802 1.3992678 0.9060432 1.1748336 1.2980562 1.2968039 1.9725582 1.3171774 2.5467306 1.5570413 1.4690747 1.5969153 1.3710119 1.9460009 1.4221107 1.4275265 1.4929878 1.5785062 1.4288992 1.6445803 1.2754832 1.2561631 1.4310723 1.1795601 2.0759966 1.3006407 1.5102409 1.5479587 1.5657741 1.4348999 1.7904598 1.7562435 1.5084714 2.7194940 1.8339076 1.3799197 1.5254354 1.5366359 1.7720212 0.6089989 0.7757244 1.1079062 2.2867336 1.8292228 1.9136836 1.6061194 1.5008024 2.4901565 
Hhon_g08471.t1                                       0.9388618 0.0893035 0.0856380 0.0000000 0.0073038 0.1349575 0.2162645 0.2107747 0.5817139 1.0009465 1.0413674 0.9718224 1.0025306 0.4889358 1.0348564 1.0284683 1.0284683 1.1042786 0.6288062 0.6581141 0.9620296 0.9982572 1.5911255 1.1899525 1.5857921 1.9937081 1.0064195 1.4960485 0.4910952 0.9334190 0.5558056 0.9309249 1.1750329 1.1142068 1.1059063 1.1211362 0.4723369 1.3154386 0.6864999 1.0126710 1.0488881 1.0285436 1.1738796 1.1034795 1.0207117 1.0150013 0.6866000 0.7567451 0.5528410 1.2113385 1.2135748 1.2283818 0.8469796 1.8670612 0.8934788 1.8465929 2.5944224 3.2520075 1.7112915 2.6527142 2.4605342 1.1074071 1.1660716 1.2373334 1.2307199 1.0657000 0.8404618 0.9650666 1.2006163 1.2730423 1.5172107 0.7025082 1.1519206 1.2203167 1.1826145 0.8027197 1.3310933 1.3752743 0.8801012 1.1941558 1.3067245 1.2694748 1.9841441 1.3064847 2.6473051 1.5792715 1.4840785 1.6081998 1.3957038 1.9636804 1.4532237 1.3627264 1.4442212 1.6285607 1.4277128 1.6408711 1.2569044 1.2605960 1.4539030 1.1941442 2.0278238 1.2879472 1.5231812 1.5956191 1.5871112 1.4007924 1.7670473 1.7556538 1.4843534 2.5083306 1.9354787 1.4231268 1.5229110 1.5499794 1.8778631 0.6502409 0.8243906 1.1924758 2.2543095 1.8931494 1.9134788 1.5663239 1.4638183 2.4736280 
HoiH04_mRNA7288                                      0.9246658 0.0893498 0.0869932 0.0073038 0.0000000 0.1304651 0.2098606 0.2041536 0.5817139 1.0037531 1.0389948 0.9757292 0.9997825 0.4785867 1.0312690 1.0233664 1.0233664 1.1055605 0.6037381 0.6519871 0.9572126 0.9789517 1.5889955 1.1768792 1.5855591 1.9988745 1.0007422 1.4955101 0.4767550 0.9292140 0.5475240 0.9027554 1.1843591 1.1137474 1.1131645 1.1281196 0.4600959 1.3089316 0.6883233 1.0155264 1.0482191 1.0237865 1.1725765 1.1019946 1.0144981 1.0136864 0.6810082 0.7587384 0.5528410 1.2153113 1.2147437 1.2201959 0.8458693 1.8809972 0.8829872 1.8479893 2.6058237 3.2826579 1.7163350 2.6659717 2.4692415 1.1155625 1.1614801 1.2429489 1.2370426 1.0663679 0.8524606 0.9650666 1.1913672 1.2801314 1.5168882 0.6872638 1.1519206 1.2252316 1.1766690 0.8113418 1.3397878 1.3693993 0.8882402 1.1485861 1.3026723 1.2478453 1.9885427 1.2852004 2.7454251 1.5825157 1.4736792 1.6081914 1.3771167 1.9711589 1.4457385 1.3565971 1.4347870 1.6302947 1.4403961 1.6480067 1.2583887 1.2614748 1.4534400 1.1958497 2.0414582 1.2845754 1.5324347 1.5929743 1.5930527 1.4007924 1.7638040 1.7747600 1.4953029 2.5083306 1.9297191 1.4234653 1.5206514 1.5598341 1.8778631 0.6388481 0.8243906 1.1924758 2.2924779 1.8931494 1.9107284 1.5746623 1.4723125 2.4821882 
HoiH11_mRNA4589                                      0.8795707 0.1234605 0.1249460 0.1349575 0.1304651 0.0000000 0.2184565 0.2180927 0.6316821 1.0540585 1.1437475 1.0093035 1.0699094 0.4108605 1.1002259 1.1145320 1.1171579 1.1718719 0.5880801 0.6222310 0.9088735 0.8927323 1.6224104 1.1702958 1.6127152 2.0192663 0.8949096 1.5203362 0.4029859 0.8343868 0.4045618 0.9484910 1.1817332 1.1696820 1.1265694 1.1663276 0.4347129 1.2677778 0.7238201 1.0257616 1.0753178 1.0560814 1.1780931 1.1358553 1.0538635 1.0535689 0.6957598 0.8029988 0.5098847 1.2571318 1.2060731 1.2228138 0.8221134 1.9752134 0.9413198 1.8841835 2.6567040 3.4477144 1.7695456 2.8073620 2.5310803 1.1897504 1.1433480 1.2158753 1.2205778 0.9936582 0.8297612 0.9304562 1.1760678 1.2740376 1.5041604 0.3891183 0.0000010 1.2150359 1.2487661 0.8070388 1.3159362 1.3450308 0.8950745 1.1917793 1.3939385 1.1912556 1.9053986 1.2625206 2.5759849 1.5529015 1.3465781 1.4698806 1.3605754 1.9098163 0.9836899 0.9798946 1.4493275 1.4390850 0.8944028 1.5443020 1.0905707 1.1465701 1.3759481 1.0348584 1.9914132 1.1516752 1.4515312 1.4923825 1.5260252 1.4277782 1.7202618 1.7563978 1.5335986 2.8098660 1.8626994 1.3749873 1.4944267 1.5963653 9.0000000 0.4633274 0.7196626 0.8054831 2.2126174 0.4776814 1.9348596 1.5403258 1.4851264 2.3650086 
TrH2_TrispH2_009750-RA                               0.9478198 0.2241137 0.2200469 0.2162645 0.2098606 0.2184565 0.0000000 0.0033296 0.5322013 1.0788360 1.0846875 1.0142813 1.0419455 0.4641048 1.0746098 1.0709873 1.0709873 1.1194589 0.5946627 0.6593821 0.9581684 0.9221102 1.6034836 1.1876237 1.6187272 1.9733464 0.9812814 1.4806208 0.4724722 0.9189511 0.5607866 0.8602425 1.1896152 1.1372542 1.1458613 1.1559390 0.4284022 1.3277916 0.7246420 1.0549246 1.0683670 1.1056486 1.2222092 1.1905907 1.0508395 1.0488693 0.8167101 0.7573763 0.5134548 1.2449117 1.3112834 1.2868075 0.8709265 1.9261241 0.9398855 1.8374149 2.6260130 3.3631681 1.7313403 2.6649987 2.4115652 1.1106005 1.2078570 1.2687275 1.2497740 1.0834914 0.8413452 0.9575832 1.2220189 1.2717623 1.4771300 0.6578165 1.1213454 1.2357242 1.1608587 0.7785490 1.3973048 1.3728366 0.8711023 1.1692733 1.3016554 1.2115757 1.9699198 1.2357437 2.7563150 1.5921978 1.5492135 1.6758680 1.4656087 1.9726497 1.4374970 1.3889741 1.4603860 1.5697538 1.4135747 1.7313143 1.3214815 1.2673430 1.5131089 1.1345349 2.1021700 1.3060666 1.5228805 1.6213223 1.6474771 1.4511247 1.8395709 1.7907742 1.5235379 2.5804614 1.9634727 1.4536519 1.5902105 1.7665007 1.9721348 0.6458890 0.8376289 0.9872134 2.3623502 1.8027182 2.1148894 1.7438511 1.5053484 2.6311678 
Tadh_TriadT30877                                     0.9450207 0.2216239 0.2175271 0.2107747 0.2041536 0.2180927 0.0033296 0.0000000 0.5322013 1.0408659 1.0651211 0.9725352 0.9891221 0.4069211 1.0270569 1.0569441 1.0569441 1.0989647 0.5946627 0.6251659 0.9352018 0.8680637 1.5596062 1.1285412 1.5749258 1.9304939 0.9572859 1.4345800 0.4724722 0.8847817 0.4745492 0.8602425 1.1647675 1.0992287 1.1174734 1.1139846 0.4284022 1.2717685 0.7246420 1.0166967 1.0576480 1.0630628 1.1710499 1.1480276 1.0179290 0.9836799 0.8167101 0.7573763 0.5134548 1.2019360 1.2644685 1.2077836 0.8487888 1.9255135 0.9398855 1.7895979 2.5934453 3.3633724 1.6901771 2.6208566 2.3573105 1.0609098 1.1613021 1.1992627 1.2003867 1.0129856 0.8404434 0.9642560 1.1738089 1.2418250 1.4647064 0.5244114 0.8346261 1.2046823 1.1147980 0.7785490 1.3480877 1.2610220 0.8711023 1.1692733 1.2712171 1.1915341 1.9210928 1.2247779 2.7062378 1.5411244 1.5263418 1.6512594 1.4805875 1.9304573 1.3502640 1.2938366 1.4546646 1.5351823 1.3075937 1.6224390 1.2692154 1.1955218 1.4516596 1.0975204 2.0417371 1.2793615 1.4600533 1.5664201 1.5717132 1.4511247 1.7352378 1.7448233 1.4845137 2.5961437 1.9166195 1.4408778 1.5418355 1.7077600 1.8251788 0.5616153 0.7312385 0.6936373 2.3854481 1.6441059 2.0043937 1.7363171 1.5053484 2.5997239 
Lcom_lcpid247571                                     0.2715553 0.5911188 0.5911188 0.5817139 0.5817139 0.6316821 0.5322013 0.5322013 0.0000000 0.1790933 0.1830072 0.1665121 0.2309440 0.0000010 0.2527080 0.3213557 0.3213557 0.2273428 0.0000010 0.3352380 0.7062540 0.6442342 0.6576096 0.6576096 0.6490502 0.5976831 1.0745240 0.6186321 0.0000010 0.5863028 2.3130270 0.3526977 0.3530742 0.4356591 0.4098373 0.4367281 0.0000010 0.5533233 0.4254997 0.4154643 0.4760839 0.3891904 0.4630207 0.4264896 0.4438564 0.7121401 2.1206535 0.5128921 0.0000010 0.4548767 0.3497829 0.4890572 0.5435436 2.4471450 2.4471450 0.7221279 0.0000010 0.0000010 0.5226065 0.0000010 0.0000010 0.3310294 0.5383261 0.7920095 0.7300236 0.6777477 0.9274929 0.0000010 0.4754722 0.5169917 0.6053086 0.0000010 0.0000010 0.6040424 0.3571627 0.4766318 0.4939595 0.5097248 0.8503808 0.0000010 0.5012872 0.0000010 0.3219944 0.5196017 0.0000010 0.5955799 1.1948040 1.1957820 1.0655606 1.1751095 0.0000010 0.0000010 0.9977828 0.9861220 0.0000010 0.8112457 0.8924000 0.8589141 1.1988284 0.8490432 0.7591674 0.7591674 0.7711546 1.0582032 0.7531479 0.0000010 1.0086948 1.2404183 0.5637424 0.0000010 1.0672067 9.0000000 0.3359661 0.0000010 0.0000010 0.0000010 0.0000010 0.0000010 0.0000010 0.0000010 0.0000010 9.0000000 0.4991921 3.8351815 
Acagra_model.g119.t1                                 0.8876603 1.0541936 1.0097616 1.0009465 1.0037531 1.0540585 1.0788360 1.0408659 0.1790933 0.0000000 0.5756267 0.7054794 0.4999791 0.2543824 0.7285786 0.7871818 0.7849773 0.8216915 0.3729713 0.5770785 0.8153287 0.6667420 1.3943600 1.1032884 1.3967470 1.6463211 0.9743785 1.3236595 0.4130528 0.8363618 0.4314489 0.5349759 0.9611391 0.9299022 0.9488108 0.9353461 0.3720114 1.0582464 0.4074347 0.8387704 0.8832621 0.8713221 1.0557538 0.9820684 0.8897511 0.7800113 0.9127446 0.6511272 0.3435911 0.9796595 1.0607748 0.9903702 0.6755817 1.5671346 0.7824076 1.4040238 2.2167479 2.2498050 1.2493022 1.8779812 1.8352326 0.9237895 1.1198652 1.1307891 1.1498599 1.1009006 0.9254412 0.8205814 1.0615458 1.0567443 1.3229272 0.5210883 1.1942603 1.0250278 0.8562141 0.4841906 1.0934104 1.1389207 0.8856150 0.9897626 0.9532985 1.0606983 1.7081806 1.1052633 2.2447348 1.4059778 1.3977144 1.4570577 1.3061975 1.8300149 1.2738242 1.3901697 1.3162308 1.3937100 1.3643058 1.5164806 1.0824054 1.1703868 1.4274597 1.0299926 1.9133378 1.2039361 1.4283951 1.4300790 1.4424094 1.2015515 1.5940050 1.7990146 1.2437767 1.9849937 1.9422003 1.2448174 1.2931963 1.3656627 2.0413808 0.5584242 0.8355783 0.6923254 1.9273829 1.6936609 1.9597341 1.6409506 1.1778010 2.0573809 
Ctel_gnl_WGS_AMQN_CAPTEDRAFT_mRNA161003              0.7445106 1.1077385 1.0482532 1.0413674 1.0389948 1.1437475 1.0846875 1.0651211 0.1830072 0.5756267 0.0000000 0.7098031 0.6384081 0.2410627 0.6876911 0.7483363 0.7461504 0.8345193 0.4425905 0.6075771 0.8122256 0.6643285 1.4016360 1.0463279 1.3968234 1.7480368 0.8395220 1.3614568 0.3802230 0.7597741 0.4177093 0.6274306 0.9315824 1.0090067 0.9910559 1.0169665 0.3381141 1.1051279 0.4265675 0.8496541 0.9048006 0.8935130 1.0693411 0.9924708 0.9151791 0.8438832 0.8224882 0.6415785 0.3371233 0.9431809 1.0899651 1.1379665 0.7801857 1.6766547 0.9245889 1.6903899 2.6239260 2.1495592 1.4953867 2.2737849 2.2564488 0.9444870 1.0946724 1.1248113 1.1394231 1.1229817 0.7678839 0.7122617 1.1220249 1.1124163 1.3361450 0.5890262 1.2714802 0.9952067 0.9572055 0.5686979 1.2335746 1.1298970 0.9535890 1.0076167 1.0360577 1.1321078 1.8453243 1.0036656 2.6589589 1.4011174 1.4204871 1.4904651 1.2629552 1.8436704 1.3209326 1.4221276 1.4612268 1.4733227 1.5168179 1.5802598 1.1688719 1.1901969 1.4911987 1.0845418 1.9999052 1.2555483 1.4041246 1.4797875 1.5463041 1.4122646 1.6749392 1.7098554 1.3183985 2.2304445 2.0306819 1.3242576 1.4139851 1.3557407 2.3972704 0.6391945 0.8855737 0.6843684 2.0903776 1.7697706 1.9449596 1.1992927 1.3478926 2.2783693 
Bralan_BLAG02001055_3                                0.7804369 1.0045222 0.9507249 0.9718224 0.9757292 1.0093035 1.0142813 0.9725352 0.1665121 0.7054794 0.7098031 0.0000000 0.7457782 0.2988123 0.5965114 0.6560594 0.6557869 0.7674448 0.4337934 0.6217141 0.7096009 0.5952787 1.3221769 1.0507954 1.3255370 1.6157518 0.8553252 1.2819843 0.3425387 0.7902403 0.4162579 0.6445163 0.9475659 0.8844131 0.9119081 0.8828830 0.3561189 1.0675645 0.3839446 0.6980242 0.7268562 0.7358153 0.8490251 0.7655474 0.7606166 0.7007337 0.7987595 0.5975696 0.3619894 0.9377685 0.8956900 0.9880954 0.6848688 1.4979219 0.8913936 1.4230758 2.1040214 1.6577815 1.2772060 1.9925914 1.8148906 0.7979705 0.9932979 1.0480442 1.0730042 1.0134451 0.8124663 0.6402170 0.9593673 0.9787472 1.0424229 0.5464976 1.2718962 0.9982850 0.7735398 0.5694712 1.1141507 1.0556333 0.8512171 0.7376915 0.9888117 1.0404612 1.6052650 0.9882416 1.9763839 1.2876479 1.3002193 1.4241018 1.2461768 1.7677760 1.1149480 1.3019491 1.3509922 1.3493013 1.5001014 1.4310671 1.0650462 1.0931212 1.2788488 1.0596994 1.9051167 1.1719911 1.3793530 1.3304481 1.3973871 1.4654237 1.4768450 1.6319768 1.1094247 1.4411847 1.8255170 1.2321445 1.1493423 1.1652014 2.0359179 0.5610460 0.8033183 0.7125475 1.7196511 1.8496144 1.8859167 1.7666956 1.1299482 1.7776566 
Cgig_XM_011443910.3                                  0.9798420 1.0555918 1.0117753 1.0025306 0.9997825 1.0699094 1.0419455 0.9891221 0.2309440 0.4999791 0.6384081 0.7457782 0.0000000 0.3157996 0.7660090 0.8146306 0.8123658 0.8003808 0.3855773 0.5654258 0.8033163 0.6526637 1.3403871 0.9847270 1.3415870 1.6034789 0.9093616 1.3332640 0.3627642 0.8575786 0.4163162 0.5434797 0.9704215 0.9305797 0.9259837 0.9553460 0.3216025 1.0765417 0.4512873 0.9094690 0.8924348 0.9113430 1.1479912 1.0378363 0.9313825 0.8318339 0.9604356 0.6468574 0.3108675 1.0007314 1.1041828 1.0692238 0.7174083 1.6287381 0.7876944 1.6099847 2.4070987 1.9879371 1.3912412 2.2001676 2.0006130 0.9113343 1.1336540 1.1178745 1.1454303 1.0865840 0.8783245 0.7375779 1.0450194 1.0317098 1.2593922 0.5511464 1.1775219 1.0802961 0.9555194 0.4864947 1.0960661 1.1823138 0.9445901 0.9936319 0.9602064 1.0543023 1.7263963 1.0311382 2.6218377 1.3654865 1.2783545 1.3257856 1.1959846 1.7134089 1.3083280 1.2705523 1.4314430 1.4047982 1.3131291 1.6115488 1.1327010 1.2240290 1.3768890 1.0483395 1.9999290 1.2430823 1.3910020 1.3842292 1.4495744 1.3134264 1.7384213 1.7053830 1.2803018 1.8456152 1.6749630 1.1944055 1.3432845 1.4237516 2.0496802 0.5917467 0.8523221 0.7147052 1.9279370 1.6621317 1.8155769 1.7162299 1.2251662 2.3087371 
Cscu_XM_023386332.1                                  3.1455160 0.4599973 0.4516835 0.4889358 0.4785867 0.4108605 0.4641048 0.4069211 0.0000010 0.2543824 0.2410627 0.2988123 0.3157996 0.0000000 0.2044719 0.2355125 0.2355125 0.0078700 0.3929799 0.4942444 0.4807568 0.5131076 0.6298067 0.6298067 0.6298067 0.0000010 0.5796757 0.5490846 0.3294538 0.5612055 0.4653732 0.0000010 0.3985914 0.3542853 0.4038474 0.3828507 0.1863653 0.6188433 0.0000010 0.3382340 0.4276885 0.3417410 0.3438054 0.5967432 0.4099193 0.3965413 0.0000010 0.6364206 0.2839799 0.3106063 1.7563968 0.5851814 0.5454904 1.3042484 1.3042484 1.3823015 0.0000010 0.0000010 0.0000010 0.0000010 0.0000010 0.2923112 0.5956138 0.5937881 0.5736491 1.1390532 0.3135155 0.0000010 0.5671072 0.5096697 0.0000010 0.5588748 1.0653753 0.5085505 0.3586545 0.0000010 0.0000010 0.5400000 0.6061474 0.2100838 0.3745089 0.0000010 0.0000010 0.0000010 0.0000010 0.2718795 1.1492297 1.2771005 0.0000010 1.2792535 1.2105087 1.3323917 0.0000010 1.2872619 1.2572570 1.1092745 1.1004030 1.1095641 0.9195482 1.1459770 1.0465068 1.0465068 0.9835521 1.1510687 1.0882896 4.6554753 1.3373052 0.4700193 0.9887534 0.0000010 0.0000010 0.0000010 0.0000010 0.0000010 1.8564487 0.4876609 0.6092431 0.4320496 0.0000010 1.7268372 0.0000010 0.0000010 0.8378247 8.1476181 
Skow_XM_006812028.1                                  0.7267207 1.0502609 0.9906692 1.0348564 1.0312690 1.1002259 1.0746098 1.0270569 0.2527080 0.7285786 0.6876911 0.5965114 0.7660090 0.2044719 0.0000000 0.5716966 0.5714207 0.8145193 0.4119343 0.5534001 0.7584174 0.6766843 1.3710658 1.0604421 1.3862565 1.6427219 0.8616032 1.3671720 0.3410887 0.7991653 0.3680567 0.6087311 0.9913861 0.9283040 0.9646121 0.9211580 0.4059549 0.9865582 0.3975559 0.8516490 0.8537590 0.8388764 1.0557754 0.9402199 0.8142314 0.7501133 0.8468470 0.6112145 0.3342487 1.0811595 1.0653797 1.0144382 0.7707580 1.6170107 0.9594549 1.5767649 2.3425024 2.1528373 1.4033792 2.1798690 2.1475268 0.8951846 1.0767797 1.1443831 1.1165285 1.0321791 0.8145374 0.6090231 1.0302548 1.0260173 1.2897840 0.5696730 1.1950757 1.1099771 0.8820150 0.4561137 1.0902993 1.1038509 0.7775196 1.0076231 1.0234549 1.1304502 1.7715776 1.0265836 2.7688525 1.4027574 1.2915721 1.4198508 1.2441768 1.8093273 1.2381856 1.3115281 1.4553266 1.4069035 1.4395580 1.4050164 1.0415664 1.1378292 1.2984630 1.0329058 1.9102549 1.1717699 1.4450289 1.3792493 1.4296232 1.2810920 1.4454613 1.6569881 1.2442664 1.7396768 1.8561233 1.2774971 1.4086675 1.3021291 2.0986166 0.5531858 0.7867543 0.6622895 1.9981409 1.6670815 2.2115151 1.8169790 1.3033275 2.0349797 
Spur_XM_030976962.1                                  0.8646702 1.0755318 1.0154267 1.0284683 1.0233664 1.1145320 1.0709873 1.0569441 0.3213557 0.7871818 0.7483363 0.6560594 0.8146306 0.2355125 0.5716966 0.0000000 0.0020307 0.8390999 0.4920249 0.5583219 0.7506255 0.6605842 1.4437149 1.1061152 1.4524215 1.7935426 0.9252605 1.4239978 0.3107399 0.8864104 0.3961908 0.6309951 1.0035568 0.9140993 0.9671632 0.9746155 0.4145418 1.0861927 0.4323390 0.7872879 0.8221480 0.8010718 0.9567807 0.8940459 0.8646710 0.7594034 0.8707086 0.5943155 0.3111283 1.0788815 1.0065945 1.0298550 0.7632087 1.5309370 0.8854593 1.4701751 2.1440207 1.7244841 1.3085014 1.8886086 2.0012209 0.9086293 1.0237245 1.1102678 1.1107005 1.0399706 0.8854189 0.7416308 1.0337243 1.0629339 1.2987146 0.5552912 1.1125736 1.0601405 0.9826679 0.5841982 1.1741194 1.0882460 0.8455425 0.9518326 1.0993853 1.1230060 1.8160019 1.1013601 2.4514517 1.4173622 1.2916618 1.4094256 1.2798148 1.7865800 1.1385826 1.2297410 1.4341252 1.4633688 1.4970436 1.5694884 1.1065304 1.1855168 1.3681023 1.0186213 1.9279432 1.2316040 1.5286367 1.4757926 1.5008681 1.4257706 1.5831008 1.8044726 1.2975701 2.1561205 1.9454236 1.3171460 1.3255103 1.2640631 1.7469502 0.5489932 0.7426602 0.6181925 2.0883095 1.6093095 2.1537381 1.9073516 1.3899473 2.1644012 
Spur_XM_030976685.1                                  0.8646702 1.0755318 1.0154267 1.0284683 1.0233664 1.1171579 1.0709873 1.0569441 0.3213557 0.7849773 0.7461504 0.6557869 0.8123658 0.2355125 0.5714207 0.0020307 0.0000000 0.8390999 0.4920249 0.5583219 0.7479197 0.6605842 1.4371156 1.1028989 1.4457790 1.7813791 0.9252605 1.4179503 0.3107399 0.8864104 0.3961908 0.6309951 1.0042021 0.9147290 0.9693064 0.9752524 0.4145418 1.0879895 0.4323390 0.7869807 0.8217791 0.8007605 0.9562847 0.8936529 0.8621671 0.7616151 0.8707086 0.5943155 0.3111283 1.0788815 1.0060494 1.0320977 0.7632087 1.5331123 0.8854593 1.4751751 2.1506232 1.7244841 1.3124103 1.8966020 2.0096279 0.9086771 1.0217900 1.1104882 1.1109937 1.0370555 0.8854189 0.7416308 1.0332154 1.0614837 1.2962137 0.5552912 1.1125736 1.0581011 0.9805491 0.5841982 1.1733543 1.0851459 0.8455425 0.9518326 1.0963154 1.1230060 1.8080652 1.1013601 2.4514517 1.4208613 1.2901237 1.4078307 1.2771067 1.7853242 1.1385826 1.2297410 1.4352468 1.4617123 1.4970436 1.5758026 1.1065304 1.1827436 1.3664364 1.0186213 1.9283499 1.2316040 1.5277125 1.4696713 1.5022583 1.4257706 1.5845087 1.8046091 1.2978167 2.1561205 1.9332494 1.3075906 1.3258113 1.2688355 1.7469502 0.5489932 0.7426602 0.6181925 2.0962710 1.6093095 2.1538762 1.9073516 1.3899473 2.1712368 
Cscu_XM_023372174.1                                  0.8508779 1.1534927 1.0908240 1.1042786 1.1055605 1.1718719 1.1194589 1.0989647 0.2273428 0.8216915 0.8345193 0.7674448 0.8003808 0.0078700 0.8145193 0.8390999 0.8390999 0.0000000 0.3740841 0.4862270 0.6668921 0.4449134 1.4074069 0.9411243 1.3908904 1.8938775 0.6713527 1.4209216 0.3114249 0.6896812 0.2398639 0.6107398 1.0701155 1.0655233 1.0867165 1.0546024 0.3103548 1.1021783 0.5010779 0.8806291 0.9680346 0.9239234 1.0755582 1.0454119 0.9408263 0.8321505 0.6982505 0.5586339 0.3193194 1.0246117 1.1551647 1.0949204 0.7185450 1.8095004 0.8925289 1.7595402 2.6485575 2.5118806 1.5762654 2.4383984 2.4823118 1.0326165 1.1120778 1.2010299 1.1744384 1.0566235 0.8162682 0.8928022 1.0694476 1.0562871 1.4239409 0.2642762 0.3364271 1.0824420 0.9481149 0.5262285 1.2644757 1.1891048 0.7418183 0.9894489 1.0134414 1.3389232 2.1518605 1.1721459 3.4102085 1.5963879 1.4417512 1.5312424 1.5262198 1.9704907 1.0054193 1.0012027 1.4818045 1.3144614 1.0458187 1.5525123 1.0572887 1.1737869 1.4582239 0.9557377 1.8987964 1.1906850 1.4681407 1.5503139 1.4637498 1.3196916 1.7064368 1.7960251 1.3855784 2.5341595 2.0143518 1.3067989 1.5124668 1.5116838 1.3463853 0.2900819 0.4544733 0.2301442 2.4146836 0.9603053 2.1790216 1.7992900 1.4124807 2.4615399 
Ocar_g5886                                           0.0000010 0.6077658 0.6040985 0.6288062 0.6037381 0.5880801 0.5946627 0.5946627 0.0000010 0.3729713 0.4425905 0.4337934 0.3855773 0.3929799 0.4119343 0.4920249 0.4920249 0.3740841 0.0000000 0.2482476 0.5468519 0.4913573 0.7063220 0.7063220 0.7063220 0.0000010 0.7308747 0.6607135 0.5664808 0.6390320 0.4106192 0.0000010 0.6425103 0.5114884 0.4673850 0.5526512 0.4169641 0.4837940 0.0000010 0.4101704 0.4035668 0.4667351 0.4532217 0.5021553 0.4318902 0.4035668 0.6059456 1.0657580 0.4547554 0.6207432 0.5891000 0.4831695 0.4797734 2.0003926 2.0003926 9.0000000 0.0000010 0.0000010 1.5660810 0.0000010 0.0000010 0.3903871 0.4697162 0.5481038 0.5688144 0.4982510 0.4304813 0.0000010 0.4210097 0.4306693 0.0000010 0.4692355 0.0000010 0.6420581 0.4667361 0.0000010 0.0000010 0.5341160 0.5477701 0.4320344 0.7936846 0.0000010 0.0000010 0.0000010 0.0000010 0.7308747 0.9730057 0.9413283 0.0000010 1.1268790 1.0540546 0.9854940 0.0000010 1.0877771 0.8055785 1.0092702 0.9296484 0.9933484 0.8233797 0.8935098 0.9441928 0.9441928 0.8148401 0.9823158 0.9763935 4.3714285 1.1786206 0.7260455 1.4971524 0.0000010 0.0000010 0.0000010 0.0000010 0.0000010 0.0000010 0.0228446 3.3156774 0.3791545 0.0000010 0.0000010 0.0000010 0.2885714 0.0000010 8.9999984 
Plajan_Pjan_scaffold21782_01                         0.6630656 0.7121544 0.6663918 0.6581141 0.6519871 0.6222310 0.6593821 0.6251659 0.3352380 0.5770785 0.6075771 0.6217141 0.5654258 0.4942444 0.5534001 0.5583219 0.5583219 0.4862270 0.2482476 0.0000000 0.7554987 0.8123754 0.9780127 0.9695323 0.9726618 0.8718769 0.9827409 0.9204554 0.4033973 0.9109628 0.4682132 0.5268885 0.6094067 0.6601705 0.6379448 0.6511947 0.3750717 0.7361749 0.5629561 0.5736802 0.6094641 0.5894196 0.6259598 0.6549263 0.6433687 0.5307335 1.0181799 0.7494845 0.2282103 0.6455904 0.7885073 0.6929224 0.6713310 1.2681181 0.7220286 0.9746787 2.1946661 1.5987822 0.6904502 2.4359479 2.3025255 0.6134029 0.6586565 0.7014049 0.6991019 0.8836398 0.5113124 1.9958038 0.6071849 0.6335197 0.8790186 0.5860975 1.2753204 0.7425662 0.5822014 0.3564147 0.4247425 0.6871185 0.6868190 0.3976888 0.6963995 1.1223075 0.8233643 1.0098715 0.6935395 0.8320310 1.2831835 1.4100581 1.1606866 1.4914576 1.4079351 1.5068161 1.3995978 1.3982003 1.3675302 1.2678605 1.1885597 1.1948870 1.1270575 1.1578243 1.1530830 1.0974735 1.0767848 1.2977907 1.1652360 3.0114405 1.3581746 1.0622052 0.8718292 0.8982936 1.1267269 0.9944678 0.8836073 1.8814958 1.3068453 0.3073956 0.4927866 0.7021869 1.5005571 1.8755686 1.1973866 1.5811382 0.7201169 4.2095180 
Spolac_c100491_g1_i1_m.22595c100491-g1               1.0800530 1.0204641 0.9602071 0.9620296 0.9572126 0.9088735 0.9581684 0.9352018 0.7062540 0.8153287 0.8122256 0.7096009 0.8033163 0.4807568 0.7584174 0.7506255 0.7479197 0.6668921 0.5468519 0.7554987 0.0000000 0.1399564 1.1478557 1.1508179 1.1554174 1.4241778 0.8394731 1.1406468 0.3135775 0.9140952 0.2819047 1.0884137 0.9907752 0.9498892 0.9445329 0.9330285 0.4949721 1.0460848 0.6529552 0.8004602 0.8570755 0.8208615 0.9297577 0.8970759 0.8534594 0.7781685 0.9409356 0.7430031 0.3674464 1.0028162 1.0032454 0.9333781 0.9439482 1.3022792 1.0258031 1.5249629 2.9161408 0.0000010 1.2791911 2.5702197 2.1789685 0.8378722 0.8840370 0.9979189 0.9685853 1.1559663 0.6806522 0.4945550 0.5577163 0.5760077 0.6903627 0.3860855 0.6961279 0.6651424 0.8738758 0.7478003 0.9692091 0.9818399 0.7994048 0.2825994 1.0394967 1.4347967 1.5335062 1.3602594 0.0000010 1.2064388 1.5376775 1.5068903 1.5150415 1.5877812 1.1903365 1.3685768 1.7212925 1.5756001 1.5330525 1.2408834 1.2177981 1.2738243 1.2035315 1.1718743 1.2487659 1.1661954 1.2123971 1.3750100 1.2995686 1.4416168 1.5483834 1.3015782 0.6719430 0.0000010 1.6883184 1.2372070 1.1263269 1.1811451 3.0840765 0.8181096 1.0926784 0.8464148 2.2762304 1.6841520 0.7647470 1.5871170 1.5934688 3.5307668 
Emue_Em0009g1215a.t1                                 1.0220825 1.1205475 0.9634698 0.9982572 0.9789517 0.8927323 0.9221102 0.8680637 0.6442342 0.6667420 0.6643285 0.5952787 0.6526637 0.5131076 0.6766843 0.6605842 0.6605842 0.4449134 0.4913573 0.8123754 0.1399564 0.0000000 1.1299058 1.1299058 1.1253574 8.9999990 0.8369329 0.9027098 0.2721974 0.8474283 0.3093991 1.3357779 0.8558031 0.8115990 0.8093581 0.8137240 0.4071477 0.9787200 5.0668767 0.7476025 0.8958226 0.7245870 0.6804214 0.9258835 0.7439808 0.5828287 0.8996618 0.7178851 0.3214143 0.7186802 1.0060030 0.8507834 0.7782151 4.1174013 4.1174013 4.0146529 9.0000000 0.0000010 4.1687683 9.0000000 9.0000000 0.7180972 0.8784951 0.9207621 0.8757037 1.3446820 0.5150363 0.0000010 0.5562304 0.6091860 1.4342660 0.4296916 0.8242988 0.6531417 0.6745279 7.7546177 1.2595008 0.8573284 0.8473664 0.3328158 0.8554160 0.0000010 8.9999988 9.0000000 0.0000010 1.0812402 1.3827635 1.3592790 1.6473682 1.5112248 1.2245028 1.2685368 1.9031998 1.4919033 1.4149308 1.2616809 1.1882258 1.2452247 1.1063499 1.2335527 1.1404144 1.1404144 1.2114793 1.2532355 1.1570426 3.5753914 1.5945365 1.2400170 0.8190772 0.0000010 1.2966768 6.8358007 8.9999990 8.0753884 2.5572377 0.7389925 0.9942186 0.7218633 9.0000000 1.6530775 8.9999982 1.4683009 4.5948046 6.1194306 
Horcal_Hcv1.av93.c3.g254.i1                          1.1311237 1.7061742 1.5735043 1.5911255 1.5889955 1.6224104 1.6034836 1.5596062 0.6576096 1.3943600 1.4016360 1.3221769 1.3403871 0.6298067 1.3710658 1.4437149 1.4371156 1.4074069 0.7063220 0.9780127 1.1478557 1.1299058 0.0000000 0.0057549 0.0242393 0.0048926 0.2011979 0.5694116 0.1225459 0.2668719 0.7118950 0.9818208 1.4684324 1.4869169 1.5230585 1.4822166 0.6057281 1.5729419 0.8440182 1.5156914 1.5516317 1.5200769 1.8546986 1.8262089 1.5410938 1.3027121 1.5540511 1.0914891 0.4146217 1.5738304 1.7553511 1.5738125 1.0203309 2.5456139 0.9797918 2.3656993 3.8116102 4.7786773 2.2188887 3.6759156 3.6543324 1.5636872 1.5081337 1.6043958 1.5968977 1.4611045 0.9799711 1.4691253 1.5904564 1.5532355 1.7815137 0.8655535 2.3729644 1.6638921 1.4507362 0.7892786 1.7747623 1.6100488 1.1412800 0.9919166 1.6322050 0.3567094 0.8994575 0.3263517 1.0103416 0.4734546 1.6859621 1.7529149 1.7060415 2.3466549 1.2506144 1.3876245 1.7854551 1.6182100 1.4840071 1.8473987 1.4563586 1.5893526 1.9756994 1.3796700 2.5027949 1.5351572 1.8581646 1.8138301 1.8871786 1.3321476 2.1115184 2.1964532 1.9189834 2.5682249 2.3073535 1.6505194 1.9339427 1.9989249 3.4574227 0.8389680 1.1562834 0.8760060 1.0038728 1.6017076 2.7275314 2.7356221 1.9569179 3.4167305 
Horcal_Hcv1.av93.c3.g254.i2                          1.1311237 1.2708825 1.1679333 1.1899525 1.1768792 1.1702958 1.1876237 1.1285412 0.6576096 1.1032884 1.0463279 1.0507954 0.9847270 0.6298067 1.0604421 1.1061152 1.1028989 0.9411243 0.7063220 0.9695323 1.1508179 1.1299058 0.0057549 0.0000000 0.0265035 0.0077910 0.2011979 0.3612984 0.1225459 0.2668719 0.7118950 0.9487585 1.0274142 1.1468030 1.1075482 1.1299310 0.6057281 1.1703736 0.8440182 1.1345677 1.1532164 1.1379011 1.3629539 1.3802799 1.1695988 1.0619226 1.5540511 1.0914891 0.3620740 1.1626091 1.3233802 1.1345098 0.9986634 1.3504342 0.9143669 1.6289999 3.4326155 0.0000010 1.4600290 2.8725024 2.6769089 1.1482421 1.1722229 1.2934578 1.2935743 1.4016453 0.7936561 1.4691253 1.2718471 1.1901884 1.4843673 0.8655535 2.3729644 1.3099366 1.0956041 0.7892786 1.2872152 1.1540628 1.1412800 0.3979505 1.2603850 0.3552326 0.5684755 0.3252886 0.0000010 0.3253268 1.6734711 1.7428299 1.7060415 1.9343450 1.2506144 1.3876245 1.7797030 1.6149518 1.4759073 1.5250331 1.4563586 1.5805015 1.4927790 1.3883365 1.5890300 1.3582919 1.5068753 1.5742511 1.4594366 1.3321476 1.8804326 1.6794213 1.4925412 0.0000010 1.7683326 1.5876882 1.3250453 1.4630162 3.4574227 0.8389680 1.1562834 0.8760060 0.7120684 1.6017076 2.0549121 2.8721875 1.9569179 3.5187993 
Pbac_sb2657936                                       1.1578347 1.7110840 1.5773778 1.5857921 1.5855591 1.6127152 1.6187272 1.5749258 0.6490502 1.3967470 1.3968234 1.3255370 1.3415870 0.6298067 1.3862565 1.4524215 1.4457790 1.3908904 0.7063220 0.9726618 1.1554174 1.1253574 0.0242393 0.0265035 0.0000000 0.0299865 0.2034966 0.5661427 0.1225459 0.2658883 0.7118950 0.9740655 1.4571993 1.5014224 1.5421364 1.4968322 0.6057281 1.5667893 0.8440182 1.4960787 1.5401791 1.4972488 1.8316692 1.7812996 1.5177583 1.2943449 1.5604146 1.1017623 0.4146217 1.5716045 1.7104117 1.5586991 1.0268857 2.4784310 0.9797918 2.3272264 3.7049928 4.4237874 2.1801306 3.6196591 3.6237076 1.5720958 1.4832501 1.5880989 1.5778309 1.4673824 0.9884191 1.4673979 1.5635547 1.5499212 1.7762919 0.8655535 2.3729644 1.6385669 1.4333122 0.7892786 1.7654305 1.6074624 1.1349609 0.9919166 1.6310053 0.3589939 0.8912579 0.3227875 1.0026422 0.4740640 1.6831287 1.7291566 1.6804683 2.3375592 1.2972436 1.4425926 1.7684828 1.6428918 1.4789245 1.8608118 1.4646030 1.5881697 2.0022726 1.3814384 2.5156544 1.5315000 1.8542188 1.8185598 1.8973424 1.3321476 2.1391057 2.2163403 1.8974572 2.4125823 2.2961426 1.6727547 1.9082940 1.9992706 3.4574227 0.8389680 1.1562834 0.8760060 1.0220662 1.6017076 2.7039737 2.7943099 1.9374628 3.4140538 
Horcal_Hcv1.av93.c3.g254.i3                          1.2676875 1.9490881 1.9269970 1.9937081 1.9988745 2.0192663 1.9733464 1.9304939 0.5976831 1.6463211 1.7480368 1.6157518 1.6034789 0.0000010 1.6427219 1.7935426 1.7813791 1.8938775 0.0000010 0.8718769 1.4241778 8.9999990 0.0048926 0.0077910 0.0299865 0.0000000 0.0000010 0.7785807 0.0000010 0.2724664 0.0000010 0.9402815 1.8438690 1.8803685 1.8819726 1.8477445 9.0000000 1.8995866 0.8440182 1.9267518 1.8423202 1.8931589 3.1013994 2.1832840 1.9104281 1.8446219 9.0000000 0.8834737 1.4195549 2.0553996 1.8875604 2.0442352 1.1986010 2.4850074 0.9269416 2.2593808 3.7124144 4.4971980 2.1702273 3.5495491 3.5882765 2.0423520 1.7417292 1.8473475 1.8756743 1.3963182 5.6772807 1.4691253 1.9358597 1.9057329 1.6777959 0.0000010 0.0000010 2.0799719 1.7576840 0.8231775 1.8921937 2.1475441 1.3824130 3.5160030 2.1039895 0.3552326 0.8870385 0.3252886 1.0075076 0.5905710 1.8391224 1.9669061 1.6472957 2.6711516 0.8449248 2.4752807 1.6426267 1.6045724 1.7723250 2.2976781 1.4945688 1.6625236 2.4634728 1.3352255 3.6462671 1.7559016 2.1687675 2.0433530 2.3679202 0.5436741 2.3616658 2.6527382 1.9343011 2.4391508 2.4245312 1.6505194 1.8998561 1.9989249 0.0000010 0.0000010 0.0000010 0.0000010 1.0041540 0.0000010 2.6941409 3.5032751 2.0022498 3.0635450 
Beraby_Baby_sb350542                                 1.2439063 1.1839981 1.0125706 1.0064195 1.0007422 0.8949096 0.9812814 0.9572859 1.0745240 0.9743785 0.8395220 0.8553252 0.9093616 0.5796757 0.8616032 0.9252605 0.9252605 0.6713527 0.7308747 0.9827409 0.8394731 0.8369329 0.2011979 0.2011979 0.2034966 0.0000010 0.0000000 0.2095276 0.1260745 0.1995134 0.5839365 1.3796252 0.8948299 0.9271669 0.9914049 0.9529361 0.5467555 0.9131501 0.0000010 0.8364716 0.9097508 0.9008166 0.8555816 1.1415858 0.9445852 0.6543375 1.3585587 1.1105525 0.3451592 0.8659807 1.1893349 0.8552558 0.8464278 1.9096887 1.9096887 3.5041868 0.0000010 0.0000010 3.7189016 0.0000010 0.0000010 0.8811515 1.0439807 1.0565817 1.0105385 1.5051221 0.5807341 0.0000010 1.0271527 0.9737161 2.4660216 0.6871444 1.9206764 0.9985028 0.9096347 9.0000000 1.0956103 0.8862023 1.1265461 0.3430156 0.9537608 0.0000010 0.0000010 0.0000010 0.0000010 0.0374528 1.5480877 1.5470895 2.3580626 1.7223665 1.3785375 1.2950212 2.8162482 1.5966724 1.2688405 1.4360038 1.4537024 1.4897491 1.3008474 1.3819468 1.3452383 1.3452383 1.3078881 1.4297070 1.2248516 3.9228568 1.6024372 1.3321074 1.9274395 0.0000010 1.6899317 0.0000010 0.0000010 0.0000010 4.0582551 0.8195611 1.1309024 0.5675386 0.0000010 1.5423950 0.0000010 2.1969335 0.5700787 7.4092253 
Vmul_Simscaffold16044_01                             1.0700961 1.5800651 1.4855515 1.4960485 1.4955101 1.5203362 1.4806208 1.4345800 0.6186321 1.3236595 1.3614568 1.2819843 1.3332640 0.5490846 1.3671720 1.4239978 1.4179503 1.4209216 0.6607135 0.9204554 1.1406468 0.9027098 0.5694116 0.3612984 0.5661427 0.7785807 0.2095276 0.0000000 0.0753706 0.1141791 0.6004925 0.9898942 1.3702969 1.4825514 1.5083098 1.4460409 0.5850429 1.5251585 0.8560788 1.3434115 1.3601962 1.3549645 1.5825441 1.5448728 1.3598722 1.1479553 1.4105791 1.0308195 0.3797420 1.4952504 1.6436411 1.4239967 0.9254902 2.0445803 1.1219234 1.9546885 3.0582066 3.0761929 1.7791113 2.6618734 2.5205091 1.4949940 1.3602193 1.4678586 1.4542174 1.3564847 0.8872425 1.3064357 1.5183846 1.4975819 1.8072247 0.7231751 2.0543522 1.5594176 1.4465304 0.8158370 1.6637875 1.5235688 1.0578897 0.9825143 1.5571068 0.3894829 0.5016414 0.4331471 1.4878742 0.6218667 1.7526099 1.8349448 1.8242528 2.1476356 1.2634158 1.3897210 1.8203393 1.6699264 1.3202309 1.7864408 1.4266908 1.5191301 1.8377364 1.3618168 2.4272232 1.5564706 1.7441878 1.8003826 1.8412449 1.3260784 1.9875376 2.1310132 1.8678087 2.2576584 2.4358838 1.5414604 1.7950168 1.9444761 3.9103329 0.7810194 1.1164279 0.7657130 1.0046273 1.5811377 2.5169312 2.9701226 2.0524063 3.0792013 
Coeast_Cast_sb837096                                 1.2836320 0.5405163 0.4603095 0.4910952 0.4767550 0.4029859 0.4724722 0.4724722 0.0000010 0.4130528 0.3802230 0.3425387 0.3627642 0.3294538 0.3410887 0.3107399 0.3107399 0.3114249 0.5664808 0.4033973 0.3135775 0.2721974 0.1225459 0.1225459 0.1225459 0.0000010 0.1260745 0.0753706 0.0000000 0.0457624 0.3086037 0.0000010 0.3978640 0.4335583 0.4893773 0.4804635 0.4441957 0.3416088 0.0000010 0.3005980 0.3493456 0.3292186 0.3126810 0.3836713 0.4140698 0.2840928 0.2158022 0.6463574 0.3931684 0.3443325 0.9830930 0.3438005 0.3675766 0.5516247 0.5516247 0.0000010 0.0000010 0.0000010 0.0000010 0.0000010 0.0000010 0.3415693 0.4289033 0.4787700 0.4029642 0.8304337 0.3598051 0.0000010 0.3386966 0.3392368 0.0000010 0.3409775 1.5340682 0.4067047 0.3802137 0.0000010 0.0000010 0.4454879 0.5009601 0.3782981 0.5842508 0.0000010 0.0000010 0.0000010 0.0000010 0.0963337 0.7443937 0.7255878 0.0000010 0.7080920 0.7071324 0.6727683 0.0000010 0.8125996 0.6808108 0.6542696 0.6784804 0.7347846 0.5305419 0.7017707 0.6711237 0.6711237 0.5738140 0.7171995 0.6476998 4.0737926 1.0652090 0.5716572 0.8557406 0.0000010 0.0000010 0.0000010 0.0000010 0.0000010 4.1772059 0.4775477 0.7855522 0.4441441 0.0000010 0.5311905 0.0000010 0.0000010 0.8378247 6.7797626 
Coemet_Cmet_scaffold22240_01                         1.0667927 1.0674720 0.9412960 0.9334190 0.9292140 0.8343868 0.9189511 0.8847817 0.5863028 0.8363618 0.7597741 0.7902403 0.8575786 0.5612055 0.7991653 0.8864104 0.8864104 0.6896812 0.6390320 0.9109628 0.9140952 0.8474283 0.2668719 0.2668719 0.2658883 0.2724664 0.1995134 0.1141791 0.0457624 0.0000000 0.5884019 0.7732041 0.8031361 0.8262233 0.8631603 0.8485073 0.5031352 0.9376453 0.8395509 0.7908798 0.8522719 0.8028841 0.8016308 0.9705195 0.8035244 0.7044713 1.2508781 0.9698979 0.3261199 0.8705874 1.1469929 0.7774207 0.7755146 1.6151753 1.6151753 1.2895997 1.0490663 0.0000010 0.8201976 0.0000010 0.0000010 0.8707531 0.9467948 1.0249675 0.9577083 1.3071100 0.5013540 0.0000010 0.9756431 0.9416052 1.8447694 0.7066120 2.1605955 0.9814675 0.9181209 0.8399176 0.8423404 0.8878214 1.0673566 0.3782981 0.9648863 1.2812585 0.1253995 0.7161987 0.0000010 0.2239837 1.6278572 1.5973832 1.9091179 1.6182115 1.2555181 1.2425023 2.0428396 1.6568512 1.3517130 1.3654241 1.4192743 1.4366792 1.3637273 1.3058181 1.2527195 1.2527195 1.3584689 1.4829316 1.1844091 3.6951014 1.7757233 1.3103768 1.4774592 0.0000010 1.8028024 2.3056628 0.7214519 3.2323536 4.4770959 0.8221786 1.2037826 0.8422679 0.0000010 1.6026657 3.6887453 2.8566765 1.0584117 6.8340331 
