81
Adig_XM_015896884.1                                    0.0000000 0.4723460 0.7745648 0.3960214 0.6885256 0.8641380 0.9497683 1.1838575 1.3026616 1.3026616 2.6164701 2.7130447 2.0086476 1.5533257 1.2350697 1.0896194 1.3268131 2.6629946 3.1814260 2.7278976 2.6186849 2.1397369 2.3693901 1.6522984 2.3738393 0.9645106 2.2024208 2.1123304 1.9482626 1.7853119 1.6998820 1.8845309 1.7399164 1.1636606 1.1209144 1.2059835 1.2075801 0.8189165 1.1541419 1.1541419 3.3142441 1.9013455 2.5908360 2.8549071 1.1661873 3.6059577 3.1539535 3.3271161 3.8654897 3.2471751 2.5727025 3.1957400 4.0299474 2.5595224 3.1585042 2.9659162 1.5896988 3.5573455 2.6469823 3.6344432 1.5910062 4.9723218 4.0758305 4.8416254 4.4100252 4.7123367 3.9018524 8.5933820 8.9999980 8.2311902 7.9015337 8.2446799 7.3599149 8.9999989 8.9999989 7.3736435 7.5589852 6.8000567 4.5558144 6.4035245 0.0000010 
Spis_XP_022806252_1                                    0.4723460 0.0000000 0.1029100 0.3876801 0.4081245 0.4556277 0.4389073 0.6640748 0.7520476 0.9268913 1.4450581 1.4857189 1.4999057 0.5491519 1.3435675 1.0712729 1.5914324 1.2733708 1.5477565 1.4367129 1.5369105 1.3999764 1.4602476 1.5003559 1.7568318 1.0529526 1.0942841 1.1858034 1.2781655 1.1221989 1.0589471 1.2876795 1.3837896 1.2286409 1.2505667 1.3605211 1.3616058 1.3685738 1.2513382 1.2513382 1.7659062 1.4859821 1.4170155 1.3454748 1.2511913 1.9567645 1.3145250 1.9027832 1.8949353 1.7370358 1.4781411 1.7652258 1.8302677 1.9820081 1.9348481 2.2752143 1.6405699 1.4014962 1.5989341 2.0744658 1.6852610 1.7726745 2.0251176 1.7954452 1.6528551 2.2963223 2.5672081 3.9309901 6.3694379 3.9023663 4.0640796 3.3836328 3.0580080 7.2716385 6.9291241 2.7690476 3.3415666 3.4224929 3.4224929 3.3065172 3.6230201 
Pocdam_XM_027185720.1                                  0.7745648 0.1029100 0.0000000 0.4650551 0.4320637 0.4550238 0.8617084 1.0292972 0.8649135 1.0409851 2.0699295 2.1142819 1.8248486 1.0947332 1.5515330 1.1921414 1.7890935 1.9335856 2.2832198 2.1189462 2.0891730 2.0939270 1.8772217 1.7540415 2.5844038 1.3352734 1.7024244 1.6952882 1.5935099 1.4206405 1.3320495 1.4666604 1.4546950 1.3409929 1.3622497 1.4625415 1.4636141 1.3575165 1.4046768 1.4046768 2.7452875 1.4832323 2.1606038 2.0934861 1.6234927 2.8433287 1.7367836 2.5934823 2.8678831 2.9289307 2.4942828 2.4839178 2.5839588 2.9069814 2.8858643 2.9783890 1.7407554 2.6643938 2.0985683 2.9085031 1.8641403 2.8592011 2.7825532 2.9219954 3.0035483 3.1462560 3.2085851 6.5808019 8.9999981 6.3181795 5.8887886 5.1843833 5.2471055 9.0000000 8.9999983 4.6810483 6.1091361 4.6762022 3.9440591 4.2614978 3.9027936 
Gfas_gfas1.m1.189.m1                                   0.3960214 0.3876801 0.4650551 0.0000000 0.4508090 0.5398555 0.6621219 0.9656942 0.8360468 0.9791189 1.9011263 1.9407019 2.0702004 0.9432893 1.5728758 1.3537071 1.6338174 1.8752576 2.3725266 1.8995774 2.0260832 1.7860809 2.3028164 1.9609302 2.5216284 1.0812319 1.6580955 1.7248309 1.6379890 1.6587807 1.5646142 1.6567863 1.4462839 1.5641990 1.5592490 1.6360180 1.6372025 1.6292244 1.7081330 1.7081330 2.6966748 1.8520033 2.1143003 2.3176237 1.3265028 2.8984357 2.3190264 2.7581086 2.7908806 2.7283422 2.1967051 2.6639726 2.8730603 2.4659543 2.7643493 3.1344017 1.7133702 3.4909139 2.3765134 3.4306752 1.7945972 3.1167454 2.9874539 2.9975253 2.9989986 3.3717061 3.7498333 5.7462719 8.9999988 5.6653189 5.7661934 5.0517265 4.9205756 8.9999989 8.9999986 4.4181866 4.9675012 5.7703361 4.2912039 4.2904295 4.3564177 
Gasp_gasp1.m3.14564.m1                                 0.6885256 0.4081245 0.4320637 0.4508090 0.0000000 0.3074325 0.7584882 0.8904335 0.9654748 1.1777282 1.6688961 1.7036749 2.0452363 1.2266892 1.3603924 1.2435353 1.6253579 1.6179861 2.3278321 2.0022639 2.0292535 1.9573580 1.8323467 1.8329617 2.1343130 1.1703510 1.6155908 1.6278255 1.6002111 1.4395430 1.3422462 1.7529189 1.3931284 1.5130942 1.4712843 1.5469826 1.5458554 1.4770807 1.4836604 1.4836604 2.7979618 1.6126722 2.1998394 2.0631226 1.6364418 2.8936476 1.7237812 2.4917496 2.5837135 2.6398557 2.4307748 2.3731840 2.7016517 2.4979350 2.5185027 2.8127981 1.8080883 3.3457619 2.1635674 2.8084231 1.7751761 2.9341047 2.6727038 2.7271088 3.1192952 2.9252849 3.2067587 6.4510133 8.9999983 6.1826218 5.8437106 4.4803256 5.2072221 9.0000000 8.9999982 4.4378508 5.3121008 5.4173615 4.4463934 4.3412127 3.6968418 
Fspp_ffun1.m4.22162.m1                                 0.8641380 0.4556277 0.4550238 0.5398555 0.3074325 0.0000000 0.8077347 0.8999884 0.9119333 1.1132124 1.9307515 1.9723285 1.7117544 1.1168966 1.2627809 1.1442554 1.4433875 1.4322792 2.0354473 2.0852044 2.1601608 1.6673131 1.6895483 1.5846805 2.1291706 0.9560922 1.5234443 1.4214375 1.2933604 1.1791052 1.1272140 1.5983420 1.0822356 1.4443838 1.3851354 1.5132335 1.5168999 1.3885238 1.3820308 1.3820308 2.1938561 1.3046912 1.8965517 1.7990552 1.5240718 2.7478207 1.9205232 2.5804422 2.9061646 2.6648730 2.3373398 1.9436298 2.1573142 2.3293726 2.3470121 2.6367635 1.1759454 3.4262827 1.9323507 2.7339004 1.4496362 2.9939293 2.8205480 2.9888713 3.3492469 2.6213810 2.6886875 6.5708732 8.9999986 6.4176441 6.7164294 5.0379327 5.4370377 9.0000000 8.9999982 4.3846991 5.5167569 5.0813976 4.2430163 3.5657419 3.8106112 
Amil_Amillepora18730-RA                                0.9497683 0.4389073 0.8617084 0.6621219 0.7584882 0.8077347 0.0000000 0.8791249 0.5939002 0.7174020 1.4974416 1.5313500 1.6968614 0.6465227 1.3679315 1.1655768 1.5923078 1.6846457 2.2895930 1.7601138 1.8265548 1.5990164 1.7851253 1.6151052 2.1791693 1.1946720 1.6072917 1.5825573 1.5209598 1.4230190 1.3697023 1.6203910 1.2755361 1.5942482 1.5866727 1.7088459 1.7101186 1.4338852 1.4897162 1.4897162 2.2721887 1.7429222 1.5030139 1.6760569 1.3727439 2.2130580 1.8755550 2.5098182 2.3604177 2.1142738 1.8369511 1.8792321 1.9598438 1.8852568 1.7771399 2.2862679 1.5771612 2.3232104 2.1309520 2.8847697 2.1476896 2.6385845 2.7736957 2.7820289 2.8108787 2.7075636 2.9795336 5.0761028 8.9999984 4.9157926 5.4156022 4.5171242 4.5808180 9.0000000 9.0000000 3.9584303 4.0598632 5.8948405 5.2216956 4.0288605 4.2045481 
Nvec_v1g237706                                         1.1838575 0.6640748 1.0292972 0.9656942 0.8904335 0.8999884 0.8791249 0.0000000 1.0934408 1.3067479 1.7435523 1.7771065 1.7436478 1.0871979 1.5217237 1.1931904 1.3950807 1.8471970 1.8949363 2.0382159 2.3143033 1.6697022 2.0687897 1.7521636 2.4246964 1.3869167 1.6044768 1.6006777 1.4774512 1.1718830 1.1556762 1.4038700 1.3700192 1.4027047 1.4252865 1.4495201 1.4505139 1.5342930 1.3291167 1.3291167 2.4347481 1.8066779 1.8741168 2.2316763 1.5304178 2.7239758 2.4159402 2.6584993 2.6523032 2.6447125 2.3333597 2.5064538 2.6282833 2.4945589 2.4085503 2.6028273 1.6007678 3.3221130 2.5800751 2.8704087 1.6498562 3.1252153 2.7521839 2.7215635 2.8215468 2.9712342 2.8035758 5.2735336 8.9999989 5.2424626 5.4076730 4.6917240 5.2698343 8.9999988 8.9999987 4.3166396 4.9963898 4.8829393 4.4053146 4.2097614 4.0279826 
Stycar_maker-SC_scaffold2745-snap-gene-0.51-mRNA-1     1.3026616 0.7520476 0.8649135 0.8360468 0.9654748 0.9119333 0.5939002 1.0934408 0.0000000 0.0256661 0.9526273 0.9842127 0.7584434 0.5110546 0.4624437 0.9667172 0.5448212 1.3815902 1.2990137 1.5430415 1.6586615 1.5617693 1.3580050 0.7999613 1.6495061 1.0577282 1.4502442 1.5732882 1.4878629 1.5458137 1.4644013 0.8873205 1.3764541 0.7180247 0.6823662 0.6994887 0.7014547 0.7595747 0.8261071 0.8261071 1.7665720 1.7340524 1.4939424 1.5777807 1.1825138 2.7586501 3.5582493 3.1233398 2.5766002 3.0987495 1.6587738 2.3947366 2.0989680 1.9030308 1.9123726 2.1691677 1.2612417 3.4746667 2.6616551 3.0604589 0.9137158 3.6709348 3.3174210 3.4107792 3.3983392 4.1275944 3.2645909 4.5198543 6.2366929 4.4615140 4.5030423 4.7378142 4.8624299 8.9999983 8.9999986 3.7702548 4.6546196 5.8544189 4.7085232 4.7139536 0.0000010 
Stycar_maker-SC_scaffold40042-augustus-gene-0.6-mRNA-1 1.3026616 0.9268913 1.0409851 0.9791189 1.1777282 1.1132124 0.7174020 1.3067479 0.0256661 0.0000000 1.0785626 1.1173286 0.8743760 0.6055361 0.4881554 1.1571580 0.6420996 1.7090671 1.5458386 1.7789637 1.8911966 1.7717407 1.6345372 0.9800010 1.9411906 1.2806157 1.8157899 1.8931278 1.7524037 1.8199617 1.6975139 1.0410868 1.6726477 0.8192655 0.7759057 0.7895542 0.7924204 0.9049663 0.9660108 0.9660108 1.9719420 1.9908469 1.8090466 1.8864491 1.3864470 3.5432347 4.4292085 3.9957916 3.2535775 4.0884395 2.0049214 2.6056568 2.3610601 2.0301438 2.0824602 2.3503702 1.4396967 3.2999925 3.2308656 3.8761692 1.2198595 4.7596315 4.2046737 4.1052743 4.1563662 5.7265942 4.5062865 6.3284294 6.7346530 6.2299735 6.2278199 6.8817306 7.1529755 8.9999980 9.0000000 5.1413928 6.5525321 7.9557817 6.8829434 6.8002035 0.0000010 
Salkve_EP00050_Salpingoeca_kvevrii_P020627             2.6164701 1.4450581 2.0699295 1.9011263 1.6688961 1.9307515 1.4974416 1.7435523 0.9526273 1.0785626 0.0000000 0.0047496 2.0219923 1.1121404 1.3458315 1.3894733 1.3896748 1.7914410 1.7341976 2.1417223 2.2054619 1.7087563 1.3818394 1.4114251 1.8694480 1.5523369 2.4752603 2.2244852 1.8172224 1.7582663 1.6804495 1.8115396 1.9177238 1.4446621 1.4773590 1.5716741 1.5752168 1.6482746 1.5261168 1.5261168 3.2232263 1.5880145 1.4333211 1.7101327 1.6816154 3.2636572 3.3797325 2.9093060 3.7011160 3.3412031 2.0560424 2.2751176 2.2694886 2.1542028 2.4777039 2.4430217 1.4675415 5.2135912 3.1395780 4.0768095 2.1546274 4.1788823 4.1609843 3.8940002 4.1055482 3.6865694 4.3278880 7.6305172 8.9999986 7.5130292 6.5234676 5.7979716 6.5207476 8.9999989 9.0000000 5.6258974 5.7365525 4.9483952 3.8671365 4.3211967 3.8578752 
Salkve_EP00050_Salpingoeca_kvevrii_P020626             2.7130447 1.4857189 2.1142819 1.9407019 1.7036749 1.9723285 1.5313500 1.7771065 0.9842127 1.1173286 0.0047496 0.0000000 2.0596883 1.1477362 1.3770462 1.4207656 1.4203179 1.8148494 1.7578022 2.1708968 2.2358198 1.7317607 1.3998827 1.4414835 1.8946229 1.5844577 2.5217384 2.2654003 1.8542798 1.7920683 1.7122325 1.8503643 1.9573164 1.4786810 1.5124195 1.6094699 1.6131313 1.6966145 1.5656309 1.5656309 3.2708131 1.6145181 1.4524111 1.7334087 1.7175518 3.3230114 3.4427277 2.9540076 3.7689919 3.3978550 2.0846325 2.3064013 2.3007304 2.1840570 2.5122421 2.4780396 1.5061730 5.3901408 3.1954919 4.1445218 2.2144133 4.2502249 4.2277015 3.9567801 4.1745300 3.7510961 4.4107254 7.6590129 8.9999987 7.5406503 6.5457547 5.8487231 6.5804806 8.9999989 9.0000000 5.6450482 5.7945348 4.9954222 3.9158138 4.3622283 3.8578752 
Tetwil_g14387.t1                                       2.0086476 1.4999057 1.8248486 2.0702004 2.0452363 1.7117544 1.6968614 1.7436478 0.7584434 0.8743760 2.0219923 2.0596883 0.0000000 0.5605929 0.9865303 1.4589561 0.9035931 1.9271273 2.0122376 2.2001277 2.2228154 2.3324873 2.0913243 1.7955078 2.4607453 1.6330142 2.3121962 2.4679317 1.9273936 1.8158884 1.7219170 1.1333464 2.0979513 1.9347072 1.9188542 2.0707676 2.0704259 1.9448635 2.0196100 2.0196100 2.7554654 2.2297517 2.1472481 2.2391363 1.9560970 3.3043526 2.9041258 3.9106595 4.2337775 3.2319081 2.4722805 2.9316301 2.7200548 2.5568803 2.4898639 2.6992171 2.5007678 4.1087029 3.3774636 3.7103901 2.1606971 3.3586164 3.1665096 2.8288892 3.6887015 3.7383626 3.8599943 4.7145488 7.0777677 4.8706943 5.3642880 5.4870631 5.1162249 8.9999980 8.9999985 4.8689568 4.1407095 6.3528932 5.0108577 4.9413291 4.2450292 
Xestes_maker-XT_scaffold70941-snap-gene-0.8-mRNA-1     1.5533257 0.5491519 1.0947332 0.9432893 1.2266892 1.1168966 0.6465227 1.0871979 0.5110546 0.6055361 1.1121404 1.1477362 0.5605929 0.0000000 0.3674281 0.7900018 0.6383269 0.9340908 1.2876351 1.1652524 1.1180066 0.9750850 1.1144713 0.6729461 1.1627207 0.9874787 1.3545780 1.1978640 1.0359838 1.0974715 1.0252360 0.5305867 0.8515819 0.7583109 0.7268444 0.7762886 0.7784250 0.7931879 0.6953160 0.6953160 1.5383282 0.6143032 1.2269121 1.1759302 1.1236442 1.6530266 1.6908881 1.9821240 2.1803054 1.7561690 1.3445264 2.0835344 1.6542313 1.6403073 1.4813655 1.6206865 0.9107560 1.9976680 1.3549819 1.8263581 0.7874418 2.3309996 2.1464392 2.1534283 2.2575896 2.2741155 1.7456377 3.1270204 4.4637787 3.1091500 3.7140486 4.1363709 4.1785041 8.9999985 9.0000000 3.3928217 3.4025323 4.1430082 2.8529065 2.7705251 7.6343025 
Halamb_c55098_g1_i4mm.6341                             1.2350697 1.3435675 1.5515330 1.5728758 1.3603924 1.2627809 1.3679315 1.5217237 0.4624437 0.4881554 1.3458315 1.3770462 0.9865303 0.3674281 0.0000000 1.3400636 0.9606997 1.6786047 1.5432085 1.9019925 2.0172280 1.7783992 1.8831295 1.5894467 2.1037252 1.4159478 2.0581391 2.1247354 1.9986416 1.6737480 1.6543411 0.8948085 1.8153385 1.5806771 1.5508241 1.7098270 1.7204242 1.7008548 1.5592608 1.5592608 2.5498291 1.6842940 1.7777577 2.0943652 1.7120274 2.7635766 1.7054540 2.3601910 2.3722520 2.1961071 1.9316326 2.5206593 2.5581729 2.3640313 2.1811828 2.6343191 2.2944038 2.4944061 2.1800120 2.3616480 1.8193018 2.2071627 2.2542965 2.5134280 2.5600153 2.7935130 2.7297148 3.3062044 4.1522441 3.3108984 3.6530001 3.6948332 3.5402404 7.7188492 8.9999981 3.2034590 3.4507483 4.1998367 3.7824804 4.5091673 4.4365617 
Plajan_Pjan_C521288_01                                 1.0896194 1.0712729 1.1921414 1.3537071 1.2435353 1.1442554 1.1655768 1.1931904 0.9667172 1.1571580 1.3894733 1.4207656 1.4589561 0.7900018 1.3400636 0.0000000 1.1483566 1.7443318 1.4801130 1.6796399 1.7664062 1.9068799 1.4021399 1.0805112 1.8349293 1.2391220 1.9791034 1.8729329 1.6420967 1.3151806 1.2965055 1.6546747 1.7288962 1.3275427 1.1606843 1.2661115 1.2686802 1.4332227 1.0931332 1.0931332 2.1627722 1.5146814 1.5599290 1.9760348 1.5719348 2.5547232 2.0037303 2.0130270 2.2609668 1.9768143 1.7836997 2.2557418 2.2162722 2.0211559 1.9021578 2.0791650 1.5870933 2.3423268 2.3862871 2.6397251 1.6739319 2.6883552 2.4987346 2.3676427 2.5250779 2.7487775 2.9867844 4.4488178 7.8326235 4.5099181 4.0242217 3.8705163 3.8167898 9.0000000 8.9999988 3.3241050 3.2624462 3.3633199 2.6978135 3.8366955 3.9527301 
Spolac_c100414_g1_i1_m.22367c100414-g1                 1.3268131 1.5914324 1.7890935 1.6338174 1.6253579 1.4433875 1.5923078 1.3950807 0.5448212 0.6420996 1.3896748 1.4203179 0.9035931 0.6383269 0.9606997 1.1483566 0.0000000 1.5468204 1.7972854 1.7813451 1.9163373 1.7681051 1.8838274 1.7568813 2.1945652 1.4488961 1.9303142 1.7718646 1.5088834 1.5567018 1.4618421 1.2379084 2.1572799 2.0655181 2.0841365 2.1303245 2.1298435 2.2409272 2.1831091 2.1831091 2.9167979 1.9362922 1.7277567 1.8595188 1.9555709 2.8152942 2.1914776 2.8259579 2.6052188 2.3843891 1.8769133 2.4064194 2.7581616 2.0447149 1.9128530 2.3312564 2.3177603 1.8066226 2.6806251 2.6944852 1.8937888 2.4101218 2.5902021 2.2700543 2.9783725 3.3184358 3.6907564 4.3399431 7.3281795 4.3604828 4.2917651 4.4965000 3.5580089 7.9722314 8.9999982 3.7215854 4.0653444 3.6379060 3.7339301 5.2296602 5.1130922 
Stedip_EP00041_Stephanoeca_diplocostata_P041801        2.6629946 1.2733708 1.9335856 1.8752576 1.6179861 1.4322792 1.6846457 1.8471970 1.3815902 1.7090671 1.7914410 1.8148494 1.9271273 0.9340908 1.6786047 1.7443318 1.5468204 0.0000000 1.5132418 1.1818265 1.3459518 1.4039570 1.5595642 1.7496318 1.4437035 1.6879311 2.2202044 2.4131093 1.8458725 1.8768110 1.7707674 1.9130510 2.4276453 1.8862036 2.0168512 2.1452283 2.1485918 2.0296784 1.8803651 1.8803651 3.8577081 1.6567127 1.5733089 1.8020003 2.0188417 3.5718593 3.1129353 3.9401383 3.7576127 3.4293865 2.1085965 2.2345417 2.1606349 2.1377124 2.3521243 2.3566665 2.0108842 5.2502683 3.7640727 3.9377412 2.7242777 3.5794735 3.5484645 3.3646265 3.4609612 5.4820724 4.3021160 6.4497553 8.9999989 6.6917560 6.0696324 6.0688743 6.2710740 9.0000000 9.0000000 6.1668151 5.7408452 5.4389732 4.4136209 4.8295131 4.3817526 
Codhol_EP00042_Codosiga_hollandica_P016463             3.1814260 1.5477565 2.2832198 2.3725266 2.3278321 2.0354473 2.2895930 1.8949363 1.2990137 1.5458386 1.7341976 1.7578022 2.0122376 1.2876351 1.5432085 1.4801130 1.7972854 1.5132418 0.0000000 1.7586170 2.0561494 1.7793522 1.7756432 1.8534425 1.8458354 1.8386762 2.9740689 3.0573338 2.2964369 2.1451158 2.0037433 1.6707320 2.3072100 2.0819894 2.0097349 2.1678668 2.1716580 2.1323555 1.9340015 1.9340015 3.6895964 1.8979450 1.5685782 1.9145397 1.9602293 4.3887335 4.0612953 3.7294424 4.3024346 3.8713218 2.4321667 2.3641381 2.5209738 2.1275448 2.3631931 2.4817736 2.0308527 4.7493901 3.9125233 4.4717062 2.2605674 3.9714388 3.9249218 3.5341915 4.3964781 4.4863447 4.5628127 5.7843628 8.9999982 6.0022980 5.5639212 5.6984924 6.2259783 8.9999990 8.9999987 5.4502663 4.9509127 4.1158403 3.6835333 5.3083776 3.5360447 
Acaspe_EP00035_Acanthoeca_spectabilis_P023398          2.7278976 1.4367129 2.1189462 1.8995774 2.0022639 2.0852044 1.7601138 2.0382159 1.5430415 1.7789637 2.1417223 2.1708968 2.2001277 1.1652524 1.9019925 1.6796399 1.7813451 1.1818265 1.7586170 0.0000000 0.4870623 1.4667674 1.7685458 1.8014326 1.4187626 1.9570571 2.8782765 3.0585731 2.4212533 2.0507110 1.9348463 2.3462119 2.6375726 2.3317426 2.4720447 2.5728195 2.5770737 2.7506944 2.2550985 2.2550985 3.8292081 2.0204300 2.0901357 1.9461296 2.3742113 3.9431981 3.3980439 3.5532296 4.2362563 3.7037066 2.4092208 2.7718756 2.7458525 2.1783744 2.3198113 2.7871011 2.1517307 5.5507991 3.8382045 4.0373427 2.3698413 3.8756627 3.8575752 3.6524805 4.3781718 5.2652390 4.2794754 6.2580547 8.9999988 6.0666219 5.5896421 5.6529332 6.4279708 8.9999983 8.9999986 5.3048084 4.7765543 5.7070735 5.0610403 5.3078788 4.6985852 
Helnan_EP00037_Helgoeca_nana_P032885                   2.6186849 1.5369105 2.0891730 2.0260832 2.0292535 2.1601608 1.8265548 2.3143033 1.6586615 1.8911966 2.2054619 2.2358198 2.2228154 1.1180066 2.0172280 1.7664062 1.9163373 1.3459518 2.0561494 0.4870623 0.0000000 1.7864194 1.8574487 1.9407312 1.6034017 2.1021081 3.3918501 3.3035321 2.4089668 2.2593709 2.1628197 2.5179168 2.7885613 2.3650394 2.5496827 2.5860437 2.5762316 2.6535388 2.3408896 2.3408896 3.9393640 2.3028049 1.9479097 1.9621095 2.5300232 4.1046015 3.5071218 4.1381479 4.6216144 3.9106634 2.2919881 2.6516285 2.6967541 2.4302371 2.4749912 2.9235626 2.1715111 5.3489505 3.4230637 4.3351378 2.9193093 4.0024842 3.6253948 3.4064237 4.2508616 5.1557060 4.5487842 6.6336201 8.9999985 6.4697932 5.4458979 6.8843321 6.7209321 8.9999989 9.0000000 5.7453224 4.9004173 6.0964244 5.2189733 5.7084471 5.6199992 
Didcos_EP00039_Didymoeca_costata_P028802               2.1397369 1.3999764 2.0939270 1.7860809 1.9573580 1.6673131 1.5990164 1.6697022 1.5617693 1.7717407 1.7087563 1.7317607 2.3324873 0.9750850 1.7783992 1.9068799 1.7681051 1.4039570 1.7793522 1.4667674 1.7864194 0.0000000 1.8538811 1.9592922 1.7483766 1.6735962 2.5918021 2.5619229 2.2997293 1.8832594 1.7996383 1.9221239 2.9119210 1.8484058 1.9333006 2.0372848 2.0404247 2.0992248 1.6621168 1.6621168 3.6411257 2.2120086 1.9429129 2.3763988 1.7587748 3.5431756 2.9349584 3.4004480 3.2104808 3.1900459 2.3461977 2.2582526 2.4067764 1.9427377 2.0901794 2.2674982 2.5609867 5.7749463 3.5857284 5.0479018 2.9354901 3.1669617 3.4243859 2.8240962 3.2217731 4.4645896 4.9170020 6.0693683 8.6453540 5.9945628 5.6858378 4.4265806 6.2450631 8.9999982 8.9999990 4.1937136 4.8289258 4.5962471 4.3907348 5.2996496 4.4930960 
Salurc_EP00051_Salpingoeca_urceolata_P011767           2.3693901 1.4602476 1.8772217 2.3028164 1.8323467 1.6895483 1.7851253 2.0687897 1.3580050 1.6345372 1.3818394 1.3998827 2.0913243 1.1144713 1.8831295 1.4021399 1.8838274 1.5595642 1.7756432 1.7685458 1.8574487 1.8538811 0.0000000 0.1806700 1.9923749 1.6561909 2.2798370 2.2809685 2.1271484 1.9174487 1.8482326 1.8130103 2.4504909 2.5243661 2.6550520 2.7297768 2.7342302 2.3419641 2.0453920 2.0453920 3.1843495 1.4933066 1.4460716 1.3893081 1.9385500 3.3759192 2.8250792 3.2117637 3.4562944 3.3077060 1.8537789 2.4411649 2.4716729 2.0556855 2.1036916 2.2421202 2.0591961 4.4483723 3.9805934 4.2842261 2.6343304 4.2351070 3.7816725 3.6595009 4.0516307 4.4664850 4.5319277 6.1888037 8.9999981 6.5821093 5.1334057 5.2757758 5.3485543 8.9999988 8.9999988 4.9465425 4.4518508 5.4757651 4.4358528 3.8699886 4.4017412 
Salurc_EP00051_Salpingoeca_urceolata_P011768           1.6522984 1.5003559 1.7540415 1.9609302 1.8329617 1.5846805 1.6151052 1.7521636 0.7999613 0.9800010 1.4114251 1.4414835 1.7955078 0.6729461 1.5894467 1.0805112 1.7568813 1.7496318 1.8534425 1.8014326 1.9407312 1.9592922 0.1806700 0.0000000 1.8900438 1.5361862 1.6978315 1.6107458 1.6993467 1.5389298 1.4207775 1.6220528 2.1903900 2.5411576 2.6856949 2.6107581 2.6154162 2.2415601 2.0643498 2.0643498 2.5607885 1.5208482 1.6295438 1.7133064 1.8903115 2.9417077 2.1697291 2.7304849 2.5962036 2.2946871 1.5484337 2.1269802 2.5282944 1.9233253 1.9698211 2.0026697 1.9854793 2.7044696 3.0245643 3.2170522 2.6586011 2.6521228 2.6102437 2.5087773 2.5658335 4.1054820 3.3069825 4.5741159 8.3322221 4.9215843 3.6852513 4.0543620 4.5477479 8.9999989 8.9999981 3.9284517 4.0417147 3.9209492 3.9209492 3.8551601 4.4017412 
Diagra_EP00040_Diaphanoeca_grandis_P014555             2.3738393 1.7568318 2.5844038 2.5216284 2.1343130 2.1291706 2.1791693 2.4246964 1.6495061 1.9411906 1.8694480 1.8946229 2.4607453 1.1627207 2.1037252 1.8349293 2.1945652 1.4437035 1.8458354 1.4187626 1.6034017 1.7483766 1.9923749 1.8900438 0.0000000 2.3269514 3.0147443 3.0927967 2.1869153 2.2434484 2.0809713 2.1756917 2.4641018 2.5279111 2.4536862 2.9408253 2.9464381 2.6698318 2.4341786 2.4341786 4.1286154 2.0058303 1.8647639 2.0265889 2.5617045 3.9655122 3.6428077 4.1948744 3.9197564 3.6221447 2.5563597 2.5397512 2.7176027 2.0727256 2.3136418 2.5274489 2.5356917 6.1953909 3.9885702 3.7503295 2.7540169 4.5689587 4.7105606 3.9310711 4.4671772 5.1689221 4.8351848 7.2535044 8.9999990 7.2546925 6.3850457 5.1416898 7.9350361 9.0000000 9.0000000 5.8418216 5.5684208 5.7006120 4.6453816 5.4874132 4.2712609 
Morvir_scaffold55.g21.t1                               0.9645106 1.0529526 1.3352734 1.0812319 1.1703510 0.9560922 1.1946720 1.3869167 1.0577282 1.2806157 1.5523369 1.5844577 1.6330142 0.9874787 1.4159478 1.2391220 1.4488961 1.6879311 1.8386762 1.9570571 2.1021081 1.6735962 1.6561909 1.5361862 2.3269514 0.0000000 1.7490311 1.5904124 1.4815114 1.1169663 1.0933512 1.4680437 1.3275275 1.4274571 1.4534728 1.5788065 1.5822908 1.7271695 1.4321973 1.4321973 1.9871297 1.7159951 1.5782386 1.9713934 1.3698368 2.6263580 1.8438833 2.6571426 2.3482607 2.4001250 1.7796753 1.9791755 2.0467801 1.9695117 1.9869142 2.6198579 1.4154030 1.9397775 1.9261010 2.4538875 1.7974928 2.3629114 2.4812495 2.7878912 2.8324141 2.7049445 2.8717498 3.9816106 5.9868166 3.9728966 3.9196451 3.7972656 3.7127000 7.9276925 8.9999982 2.9464516 3.7705392 3.6447014 3.6012682 3.9345630 4.8595156 
Nemnom_g1574.t1                                        2.2024208 1.0942841 1.7024244 1.6580955 1.6155908 1.5234443 1.6072917 1.6044768 1.4502442 1.8157899 2.4752603 2.5217384 2.3121962 1.3545780 2.0581391 1.9791034 1.9303142 2.2202044 2.9740689 2.8782765 3.3918501 2.5918021 2.2798370 1.6978315 3.0147443 1.7490311 0.0000000 0.4524260 1.0018877 1.3198908 1.3068732 1.9806374 1.9019058 2.0248987 2.1566929 2.1669834 2.1715287 2.2664907 1.8208878 1.8208878 2.2849824 2.2316120 2.3617268 2.7882840 1.8513576 3.0956271 2.5124224 3.7979491 3.5153593 3.5374691 2.4427614 2.6522275 2.9082014 3.1902372 3.1403784 3.0709837 2.0473156 2.8521475 2.9409773 3.8512198 1.9744279 3.0730295 3.2113326 3.4551370 3.9204205 4.2143899 3.2140343 4.9892831 6.1787826 4.8494675 6.0353960 4.1896735 3.7265234 6.4974199 8.9999986 4.1068553 4.3521398 4.2424095 3.0294516 4.3308647 4.2025556 
Rhoesc_Res_017494-T1                                   2.1123304 1.1858034 1.6952882 1.7248309 1.6278255 1.4214375 1.5825573 1.6006777 1.5732882 1.8931278 2.2244852 2.2654003 2.4679317 1.1978640 2.1247354 1.8729329 1.7718646 2.4131093 3.0573338 3.0585731 3.3035321 2.5619229 2.2809685 1.6107458 3.0927967 1.5904124 0.4524260 0.0000000 0.9293133 1.2080811 1.1905001 2.1899057 1.9634925 2.3322462 2.5215103 2.4770192 2.4822666 2.4002131 1.9538603 1.9538603 2.4871628 2.0557856 2.4123550 2.7063842 1.9145683 3.3545721 2.1941608 3.8267021 2.9993271 3.3032243 2.4237619 2.6504959 2.7153660 2.9172831 2.7077656 3.1093178 2.0571951 2.8065167 2.7798193 3.8482898 2.1553051 2.9335448 3.2756038 3.2265058 3.9685746 4.3230317 3.3814064 5.2136550 7.1720358 5.0245308 5.9476714 3.9335277 3.2964472 5.5860767 8.4161330 3.7408237 4.0932867 3.9938252 3.0162632 3.5385539 3.1669347 
Aaur_scaffold124.g4.t1                                 1.9482626 1.2781655 1.5935099 1.6379890 1.6002111 1.2933604 1.5209598 1.4774512 1.4878629 1.7524037 1.8172224 1.8542798 1.9273936 1.0359838 1.9986416 1.6420967 1.5088834 1.8458725 2.2964369 2.4212533 2.4089668 2.2997293 2.1271484 1.6993467 2.1869153 1.4815114 1.0018877 0.9293133 0.0000000 1.0112147 0.9644445 2.3654934 1.6625444 1.6794793 1.7272184 1.8070244 1.7996894 2.0768119 1.5760162 1.5760162 2.1422576 1.7563467 1.8563084 2.2514349 2.0231287 2.9525159 2.4046751 2.5547553 2.8058758 2.4431614 1.9615001 2.3296088 2.3613247 2.4457001 2.3735773 2.9423777 1.7814319 2.9398918 2.3526422 3.3305179 2.0893883 3.0104306 3.1660041 2.9565061 3.8200376 3.7480409 3.0414528 6.3744516 8.9999985 6.0227117 5.4147259 4.6074007 4.1430026 8.9999983 8.9999981 3.8442664 4.4350273 3.9805091 3.5473204 4.4681199 3.9948907 
Sanmal_Sma_028131-T1                                   1.7853119 1.1221989 1.4206405 1.6587807 1.4395430 1.1791052 1.4230190 1.1718830 1.5458137 1.8199617 1.7582663 1.7920683 1.8158884 1.0974715 1.6737480 1.3151806 1.5567018 1.8768110 2.1451158 2.0507110 2.2593709 1.8832594 1.9174487 1.5389298 2.2434484 1.1169663 1.3198908 1.2080811 1.0112147 0.0000000 0.0621683 1.7355290 1.7241532 1.8315810 1.8521650 1.9341803 1.9384430 2.0353483 1.5586008 1.5586008 2.1552342 1.6361316 1.8116122 2.0984719 1.5910750 3.3017648 2.7950489 2.8793786 3.0320229 2.8142497 2.1654451 2.1973423 2.4828956 2.5258607 2.5340871 2.6113722 2.2339631 2.9328044 2.5234024 2.6679560 1.4696135 2.9676974 2.7579270 2.8226292 3.0923565 3.8445101 3.4584638 6.6771954 8.9999981 6.3101536 6.4998786 3.8364599 3.8963406 8.9999990 9.0000000 4.2702884 3.8105742 3.7341738 2.9173462 4.1801491 4.2542434 
Sanmal_Sma_022950-T1                                   1.6998820 1.0589471 1.3320495 1.5646142 1.3422462 1.1272140 1.3697023 1.1556762 1.4644013 1.6975139 1.6804495 1.7122325 1.7219170 1.0252360 1.6543411 1.2965055 1.4618421 1.7707674 2.0037433 1.9348463 2.1628197 1.7996383 1.8482326 1.4207775 2.0809713 1.0933512 1.3068732 1.1905001 0.9644445 0.0621683 0.0000000 1.6493017 1.6825670 1.7287800 1.7977830 1.8129119 1.8168771 1.9632980 1.4772948 1.4772948 2.1125384 1.5597605 1.6754253 1.9995291 1.5583010 3.0755884 2.6704011 2.9286757 3.2503627 2.9020347 2.1028555 2.1896353 2.4561840 2.4369109 2.5116305 2.6220456 2.1147885 3.0142340 2.4504148 2.5744940 1.5016025 2.8361031 2.6062873 2.6748468 2.9904416 3.9246944 3.4500966 6.0803703 8.9999987 5.7639920 5.9204985 3.7305793 3.7093687 8.9999982 8.9999987 4.0867615 3.6075368 3.5960859 2.8672325 4.0503254 3.7402023 
Aque_Aqu2.1.30006_001                                  1.8845309 1.2876795 1.4666604 1.6567863 1.7529189 1.5983420 1.6203910 1.4038700 0.8873205 1.0410868 1.8115396 1.8503643 1.1333464 0.5305867 0.8948085 1.6546747 1.2379084 1.9130510 1.6707320 2.3462119 2.5179168 1.9221239 1.8130103 1.6220528 2.1756917 1.4680437 1.9806374 2.1899057 2.3654934 1.7355290 1.6493017 0.0000000 1.7827256 1.8842950 1.9186558 2.0924512 2.0966866 2.0408899 1.6860158 1.6860158 2.1697001 1.8808933 1.9567898 2.0931626 1.5664424 2.3302082 2.1572360 2.4991482 2.4993617 2.2659942 1.9758168 2.0207653 2.6410096 2.2357309 2.2114783 2.5813928 1.9919693 2.5509636 2.0171592 2.2258184 1.5991816 2.5220249 2.3594755 2.3404974 2.6430428 3.1149691 2.6951476 3.5283272 4.3036169 3.8994416 3.7232425 3.7176044 3.9168960 7.5453791 7.5619038 3.5205539 3.9781831 4.6717523 3.8660248 3.6990879 4.8997228 
Dgig_XM_028538432.1                                    1.7399164 1.3837896 1.4546950 1.4462839 1.3931284 1.0822356 1.2755361 1.3700192 1.3764541 1.6726477 1.9177238 1.9573164 2.0979513 0.8515819 1.8153385 1.7288962 2.1572799 2.4276453 2.3072100 2.6375726 2.7885613 2.9119210 2.4504909 2.1903900 2.4641018 1.3275275 1.9019058 1.9634925 1.6625444 1.7241532 1.6825670 1.7827256 0.0000000 2.8535710 2.8113679 2.8023376 2.8083696 2.3193993 2.2661715 2.2661715 2.2777207 2.1400495 2.4510140 2.4129236 2.1496272 2.7064525 2.5315090 2.9778419 2.3421062 2.6144977 2.5185445 2.8303787 3.1443905 2.8787377 2.7206648 3.1151817 2.8017098 3.2876036 2.8078030 3.1891358 2.4600434 3.1174455 3.0453949 3.0185253 3.1449939 3.4792720 3.6199903 5.5351733 8.9999987 5.6535421 5.2817991 3.7309003 4.8050329 9.0000000 9.0000000 3.4288708 4.9443339 5.0880827 4.0379393 3.7683596 4.6095144 
HoiH23_PlH23_007901-RA                                 1.1636606 1.2286409 1.3409929 1.5641990 1.5130942 1.4443838 1.5942482 1.4027047 0.7180247 0.8192655 1.4446621 1.4786810 1.9347072 0.7583109 1.5806771 1.3275427 2.0655181 1.8862036 2.0819894 2.3317426 2.3650394 1.8484058 2.5243661 2.5411576 2.5279111 1.4274571 2.0248987 2.3322462 1.6794793 1.8315810 1.7287800 1.8842950 2.8535710 0.0000000 0.0909185 0.2651537 0.2569235 0.3892460 0.4874337 0.4874337 2.3743092 2.5007381 1.7600799 2.4286088 1.7003800 2.9268599 2.3427324 2.9031882 2.7677278 2.4628003 1.6469468 2.3746885 2.4891788 2.3875895 2.4188362 2.2278683 2.2469707 2.4556737 2.3462376 2.8144256 2.0433804 2.9604738 2.5993353 2.4012587 2.8850248 3.2781094 3.1100937 5.0381734 6.9365023 5.1456414 3.8620788 3.9435759 3.8913304 8.9999990 9.0000000 3.5777689 3.9717641 4.2789613 4.1775479 4.8322006 3.8662710 
HoiH06_mRNA6856                                        1.1209144 1.2505667 1.3622497 1.5592490 1.4712843 1.3851354 1.5866727 1.4252865 0.6823662 0.7759057 1.4773590 1.5124195 1.9188542 0.7268444 1.5508241 1.1606843 2.0841365 2.0168512 2.0097349 2.4720447 2.5496827 1.9333006 2.6550520 2.6856949 2.4536862 1.4534728 2.1566929 2.5215103 1.7272184 1.8521650 1.7977830 1.9186558 2.8113679 0.0909185 0.0000000 0.2434697 0.2353146 0.4678294 0.5105368 0.5105368 2.4747425 2.6981577 1.9570202 2.5220092 1.7314657 2.7726248 2.4330027 3.0577938 2.7834876 2.4751618 1.5789680 2.3234133 2.5438032 2.3874791 2.2463718 2.1473777 2.2993169 2.5433802 2.4491365 2.9378308 2.3022070 3.0609568 2.6617912 2.4763012 2.9348033 3.1279989 3.3759937 5.1961648 6.7875230 5.2630062 3.8021633 4.0542067 3.7366041 9.0000000 9.0000000 3.5718998 3.9549748 4.1370394 4.0353364 4.7615759 4.6157844 
Hhon_g10342.t1                                         1.2059835 1.3605211 1.4625415 1.6360180 1.5469826 1.5132335 1.7088459 1.4495201 0.6994887 0.7895542 1.5716741 1.6094699 2.0707676 0.7762886 1.7098270 1.2661115 2.1303245 2.1452283 2.1678668 2.5728195 2.5860437 2.0372848 2.7297768 2.6107581 2.9408253 1.5788065 2.1669834 2.4770192 1.8070244 1.9341803 1.8129119 2.0924512 2.8023376 0.2651537 0.2434697 0.0000000 0.0064154 0.5028283 0.4735760 0.4735760 2.4377764 2.8376290 2.1466534 2.5865884 1.9284088 3.1524368 2.6278475 3.2350848 3.1207570 2.7685057 1.6992115 2.7708950 2.6152867 2.5907304 2.6781495 2.5831256 2.3752599 3.0134801 2.5175493 3.2633167 2.3150175 2.9144725 3.0382363 2.7526556 2.9375262 3.8173920 3.5321301 5.2184303 6.4771063 5.3539575 4.0893514 3.9090235 3.6126214 9.0000000 9.0000000 3.7008917 3.8354297 4.4796403 4.4667254 4.7771104 5.6179509 
HoiH04_mRNA17384                                       1.2075801 1.3616058 1.4636141 1.6372025 1.5458554 1.5168999 1.7101186 1.4505139 0.7014547 0.7924204 1.5752168 1.6131313 2.0704259 0.7784250 1.7204242 1.2686802 2.1298435 2.1485918 2.1716580 2.5770737 2.5762316 2.0404247 2.7342302 2.6154162 2.9464381 1.5822908 2.1715287 2.4822666 1.7996894 1.9384430 1.8168771 2.0966866 2.8083696 0.2569235 0.2353146 0.0064154 0.0000000 0.4903646 0.4631056 0.4631056 2.4393478 2.8421093 2.1501868 2.5883107 1.9417218 3.1660212 2.6437087 3.2491271 3.1371927 2.7822651 1.7023156 2.7765619 2.6205239 2.5952955 2.6828491 2.5873267 2.3804309 3.0490666 2.5294404 3.2768311 2.3206152 2.9022899 3.0363359 2.7512374 2.9504723 3.8323936 3.5486199 5.2451908 6.5559761 5.3815517 4.0963670 3.9176231 3.6349305 9.0000000 9.0000000 3.7345465 3.8457083 4.4907883 4.4781126 4.7862346 5.6179509 
HoiH11_mRNA1227                                        0.8189165 1.3685738 1.3575165 1.6292244 1.4770807 1.3885238 1.4338852 1.5342930 0.7595747 0.9049663 1.6482746 1.6966145 1.9448635 0.7931879 1.7008548 1.4332227 2.2409272 2.0296784 2.1323555 2.7506944 2.6535388 2.0992248 2.3419641 2.2415601 2.6698318 1.7271695 2.2664907 2.4002131 2.0768119 2.0353483 1.9632980 2.0408899 2.3193993 0.3892460 0.4678294 0.5028283 0.4903646 0.0000000 0.4887533 0.4887533 2.2273399 2.8097622 1.9685299 2.7067929 1.7938326 2.4777037 1.8865466 2.9135353 2.3037596 2.0025088 1.5406434 2.4571499 2.6276287 2.6111837 2.8813997 2.6063404 2.4746367 1.3047393 2.3022174 2.3523964 2.2387418 2.4527093 2.3145912 2.3064147 2.5499960 3.1517453 3.0755046 4.1477029 5.2450094 4.1722627 3.9184414 3.1437971 2.9336186 9.0000000 4.4833972 2.9882172 3.1735599 3.9717084 3.9717084 4.1285218 4.8469047 
TrH2_TrispH2_005442-RA                                 1.1541419 1.2513382 1.4046768 1.7081330 1.4836604 1.3820308 1.4897162 1.3291167 0.8261071 0.9660108 1.5261168 1.5656309 2.0196100 0.6953160 1.5592608 1.0931332 2.1831091 1.8803651 1.9340015 2.2550985 2.3408896 1.6621168 2.0453920 2.0643498 2.4341786 1.4321973 1.8208878 1.9538603 1.5760162 1.5586008 1.4772948 1.6860158 2.2661715 0.4874337 0.5105368 0.4735760 0.4631056 0.4887533 0.0000000 0.0000010 1.9917498 2.2957312 1.8389298 2.3287808 1.7341932 2.5841082 1.9695494 2.6318532 2.4943955 2.0599197 1.3499697 2.4356111 2.2505970 2.1088367 2.0688836 2.1490071 2.0201713 1.7393085 2.0691906 2.6227476 2.3559941 2.1883116 2.1999822 2.0397212 2.3055167 3.2036935 3.1051220 4.1368399 5.0077588 4.2278294 3.3274180 3.3862862 3.5422824 9.0000000 8.9999987 3.1785769 3.4111304 3.9011313 3.9011313 4.5603133 4.7649270 
Tadh_TriadT57420                                       1.1541419 1.2513382 1.4046768 1.7081330 1.4836604 1.3820308 1.4897162 1.3291167 0.8261071 0.9660108 1.5261168 1.5656309 2.0196100 0.6953160 1.5592608 1.0931332 2.1831091 1.8803651 1.9340015 2.2550985 2.3408896 1.6621168 2.0453920 2.0643498 2.4341786 1.4321973 1.8208878 1.9538603 1.5760162 1.5586008 1.4772948 1.6860158 2.2661715 0.4874337 0.5105368 0.4735760 0.4631056 0.4887533 0.0000010 0.0000000 1.9917498 2.2957312 1.8389298 2.3287808 1.7341932 2.5841082 1.9695494 2.6318532 2.4943955 2.0599197 1.3499697 2.4356111 2.2505970 2.1088367 2.0688836 2.1490071 2.0201713 1.7393085 2.0691906 2.6227476 2.3559941 2.1883116 2.1999822 2.0397212 2.3055167 3.2036935 3.1051220 4.1368399 5.0077588 4.2278294 3.3274180 3.3862862 3.5422824 9.0000000 8.9999987 3.1785769 3.4111304 3.9011313 3.9011313 4.5603133 4.7649270 
Xesp_012596-T1                                         3.3142441 1.7659062 2.7452875 2.6966748 2.7979618 2.1938561 2.2721887 2.4347481 1.7665720 1.9719420 3.2232263 3.2708131 2.7554654 1.5383282 2.5498291 2.1627722 2.9167979 3.8577081 3.6895964 3.8292081 3.9393640 3.6411257 3.1843495 2.5607885 4.1286154 1.9871297 2.2849824 2.4871628 2.1422576 2.1552342 2.1125384 2.1697001 2.2777207 2.3743092 2.4747425 2.4377764 2.4393478 2.2273399 1.9917498 1.9917498 0.0000000 2.7734877 3.2540319 3.8331627 2.5462726 4.0541430 3.5077285 4.3077331 4.4099982 3.3521499 2.9893105 4.0283330 4.5673450 3.8794353 4.1131433 4.6859862 2.5227536 4.2190535 3.8472464 4.3734563 2.8623166 5.9469011 5.4651181 5.1409288 5.1379252 5.1073065 4.6583969 6.5552126 8.1030455 6.7325789 6.4064507 5.9258870 5.6626446 8.9999983 8.9999985 5.0748791 5.4729605 5.9444539 4.4313452 4.8242603 5.6703214 
Saldol_EP00054_Salpingoeca_dolichothecata_P013141      1.9013455 1.4859821 1.4832323 1.8520033 1.6126722 1.3046912 1.7429222 1.8066779 1.7340524 1.9908469 1.5880145 1.6145181 2.2297517 0.6143032 1.6842940 1.5146814 1.9362922 1.6567127 1.8979450 2.0204300 2.3028049 2.2120086 1.4933066 1.5208482 2.0058303 1.7159951 2.2316120 2.0557856 1.7563467 1.6361316 1.5597605 1.8808933 2.1400495 2.5007381 2.6981577 2.8376290 2.8421093 2.8097622 2.2957312 2.2957312 2.7734877 0.0000000 1.7562264 1.7906502 2.1381646 3.8464782 3.3030834 3.2328940 2.8029872 3.2531020 2.2216234 2.5045328 2.7479288 1.9747726 2.2160363 2.5088529 2.3738245 4.5848487 3.2378864 3.3295028 2.2698431 2.9647842 3.1608187 3.0392302 3.0471572 4.1620848 3.9698159 5.0829026 7.0098549 5.5434653 4.4409615 4.0806979 4.6658219 8.9999983 8.9999984 3.9804653 4.4746375 4.2570703 3.7809866 4.4570360 3.4378658 
Salpun_EP00053_Salpingoeca_punica_P019154              2.5908360 1.4170155 2.1606038 2.1143003 2.1998394 1.8965517 1.5030139 1.8741168 1.4939424 1.8090466 1.4333211 1.4524111 2.1472481 1.2269121 1.7777577 1.5599290 1.7277567 1.5733089 1.5685782 2.0901357 1.9479097 1.9429129 1.4460716 1.6295438 1.8647639 1.5782386 2.3617268 2.4123550 1.8563084 1.8116122 1.6754253 1.9567898 2.4510140 1.7600799 1.9570202 2.1466534 2.1501868 1.9685299 1.8389298 1.8389298 3.2540319 1.7562264 0.0000000 1.4493087 2.1900410 3.5106409 3.2202908 3.1799573 4.0244946 3.2824893 2.0613423 2.1123543 2.1311224 2.0630370 2.2869355 2.3138682 1.6679103 4.6387692 3.4210475 4.4600342 2.3923775 4.1593746 4.5012615 4.0059787 4.1764632 3.9444406 3.4998850 7.4938859 8.9999981 7.6406761 6.8346897 6.0306582 5.9413655 8.9999987 8.9999982 5.8171154 5.1022945 4.1785856 3.9434157 4.9028854 3.5043190 
Salmac_EP00052_Salpingoeca_macrocollata_P003621        2.8549071 1.3454748 2.0934861 2.3176237 2.0631226 1.7990552 1.6760569 2.2316763 1.5777807 1.8864491 1.7101327 1.7334087 2.2391363 1.1759302 2.0943652 1.9760348 1.8595188 1.8020003 1.9145397 1.9461296 1.9621095 2.3763988 1.3893081 1.7133064 2.0265889 1.9713934 2.7882840 2.7063842 2.2514349 2.0984719 1.9995291 2.0931626 2.4129236 2.4286088 2.5220092 2.5865884 2.5883107 2.7067929 2.3287808 2.3287808 3.8331627 1.7906502 1.4493087 0.0000000 2.2161260 3.5833770 3.4039894 3.8980306 3.7233196 3.9758334 2.2014118 2.3287850 2.7946924 1.9190042 2.1931136 2.4257496 2.1342243 5.3983966 3.8915690 4.7518941 2.6268394 4.5949299 5.1476852 4.9632258 5.2245573 4.9573348 3.8810379 6.5204798 8.9999985 6.6011637 6.1254153 5.7204664 5.7017950 8.9999981 8.9999984 4.8727103 5.0320307 4.7596778 3.9255427 4.9613883 3.2005681 
Hvul_g30666_1                                          1.1661873 1.2511913 1.6234927 1.3265028 1.6364418 1.5240718 1.3727439 1.5304178 1.1825138 1.3864470 1.6816154 1.7175518 1.9560970 1.1236442 1.7120274 1.5719348 1.9555709 2.0188417 1.9602293 2.3742113 2.5300232 1.7587748 1.9385500 1.8903115 2.5617045 1.3698368 1.8513576 1.9145683 2.0231287 1.5910750 1.5583010 1.5664424 2.1496272 1.7003800 1.7314657 1.9284088 1.9417218 1.7938326 1.7341932 1.7341932 2.5462726 2.1381646 2.1900410 2.2161260 0.0000000 2.4589468 2.4817098 2.1903939 2.1289643 2.4699592 2.0017675 2.3723057 2.0322776 2.6821091 2.5445764 2.9554657 1.8605319 3.3820296 2.6771102 3.2864105 1.7987980 2.1752441 2.5767185 2.6087913 2.6090801 2.8085141 2.8973260 4.4036832 8.6581706 4.3272907 4.4947424 4.0152322 3.9496315 8.9999984 8.9999986 3.6431340 4.6119641 4.3984149 3.9744342 3.9726007 3.2759577 
Acagra_model.g25819.t1                                 3.6059577 1.9567645 2.8433287 2.8984357 2.8936476 2.7478207 2.2130580 2.7239758 2.7586501 3.5432347 3.2636572 3.3230114 3.3043526 1.6530266 2.7635766 2.5547232 2.8152942 3.5718593 4.3887335 3.9431981 4.1046015 3.5431756 3.3759192 2.9417077 3.9655122 2.6263580 3.0956271 3.3545721 2.9525159 3.3017648 3.0755884 2.3302082 2.7064525 2.9268599 2.7726248 3.1524368 3.1660212 2.4777037 2.5841082 2.5841082 4.0541430 3.8464782 3.5106409 3.5833770 2.4589468 0.0000000 1.6135847 2.1038742 1.7242093 1.7530867 3.5438983 3.8236222 4.2150500 4.1740253 4.0745363 3.6800528 2.6204498 2.2336689 2.4521502 2.2169254 2.0669355 3.3406228 3.4635597 3.3357893 3.5645153 1.8733798 2.6976528 4.9035218 6.1258353 5.2122694 5.2609913 4.5680620 4.8402021 8.9999989 8.9999983 4.5037606 4.4867464 5.1562150 4.6513680 4.4848827 4.4411640 
