153
Ctel_gnl_WGS_AMQN_CAPTEDRAFT_mRNA205384                        0.0000000 0.1754577 3.2507388 2.2107807 1.5194535 2.0999994 1.5567935 1.7022585 6.0838653 2.5074940 2.3253296 2.6207422 2.4853385 2.2651996 2.6648806 2.3056800 2.6934947 2.6934947 2.7289945 2.8078393 2.7721331 2.2159726 2.7944514 2.3209410 3.3893635 2.3933088 2.2740565 2.5432607 2.0707520 2.1235833 2.1773039 2.1983793 2.4267138 2.3621331 2.2794056 2.4659266 3.0972412 2.4778663 2.4377047 2.4865558 2.8511053 2.3029594 3.0725875 3.7526955 2.3559860 2.4162927 2.3286868 1.8584316 2.2216184 2.1555292 2.4099104 2.2084082 2.8601469 2.2244463 2.0357670 1.8895122 2.4924837 2.6212062 2.9824300 2.6817876 3.0230674 2.6036411 2.6542877 2.6980188 2.1533341 2.1533341 2.1221125 2.1509593 2.0181769 2.0181769 2.0181769 3.1295779 2.0408877 2.0282868 2.3547939 2.3547939 1.8981680 3.9547617 5.4132013 3.4967427 3.8152500 3.4334943 3.0776817 2.5115212 2.1952665 2.4318762 2.7509534 2.8836343 2.8836343 2.9084205 3.1534320 2.7894186 2.7894186 2.6746965 2.7523425 2.6104340 3.1017666 2.9492304 2.7471689 3.3205624 3.3480583 5.2917721 4.6551780 4.8765093 8.9999988 0.0000010 6.7153963 5.1818304 1.7659710 2.3353524 5.4524052 3.2794521 2.4998936 2.6683464 0.5424374 3.4781980 3.9890056 4.0605466 3.1729791 3.4769043 0.0000010 3.4003358 3.1192824 3.2932879 3.1071775 2.5975068 3.3429849 3.2738665 3.3659569 3.6236800 3.7539073 3.2512843 3.3615220 3.3380225 3.4045009 3.4045009 2.8001393 3.3604081 3.1111419 7.1290321 4.1436218 3.5634834 3.8574346 3.6016421 3.7429072 5.0272348 8.9999988 3.1465847 3.5460661 7.6923079 5.1719033 6.1213673 2.1863242 
Ctel_gnl_WGS_AMQN_CAPTEDRAFT_mRNA73779                         0.1754577 0.0000000 2.6470888 2.1581021 1.4636499 2.2889787 2.0686341 2.2752883 2.7146766 2.5127969 2.5297505 2.6605606 2.5386605 2.6237058 2.4591668 2.4605896 2.6524035 2.6617733 2.6816393 2.8205279 2.7931286 2.5088143 3.7419996 2.2673185 2.8047258 2.7975657 2.6155722 2.7084680 2.3826057 2.8489688 3.6535766 2.2519743 2.7249053 2.7098591 2.6139110 2.7622736 2.8150475 2.7114648 2.2157864 2.7940333 2.5817669 4.0219626 3.0412004 2.8024750 2.7297598 2.7085630 2.6632400 2.2677726 2.3671185 2.2186618 2.2483621 2.2746649 2.7039476 2.4967663 1.9567841 2.0187553 2.0823150 3.0342110 3.0074030 3.8596066 3.2170644 2.4948637 2.4006952 4.0157329 2.7511923 2.7419117 2.7371699 2.7420600 2.7357008 2.7357008 2.7591189 2.8821419 2.2684035 2.2432502 2.3263208 2.3263208 2.4013133 3.2988620 3.2323833 3.0997257 3.5934286 2.6019916 2.7406877 2.7943745 2.3038603 3.9454640 2.9554749 2.8857756 2.8857756 2.8781762 3.2716428 3.1503869 4.1973538 2.7896537 3.3246380 3.2981388 3.8021466 3.4004317 3.1596918 3.4406422 3.5726033 4.5832543 3.8427417 3.9839683 4.9449513 3.2467082 3.5643466 3.4261776 2.5299216 2.9101209 3.1031503 3.8106201 3.0786794 3.0473119 1.9103375 3.0773737 4.3221020 2.5117960 3.1503343 3.7984056 3.1012423 3.3233158 3.1546832 3.1909908 3.6167932 2.6793989 2.9642041 3.0538294 2.9147338 3.3294775 3.9107850 3.3986544 3.4002711 3.2677458 3.3706383 3.3811386 2.9748032 3.4261907 3.3788868 3.7578361 3.8492515 3.7505749 4.9156126 3.4881228 4.1821116 4.2206521 4.8643517 3.2375141 3.6569315 3.7892764 4.8710072 5.2991369 4.7993069 
Ctel_gnl_WGS_AMQN_CAPTEDRAFT_mRNA186835                        3.2507388 2.6470888 0.0000000 0.0836875 0.9084814 2.3653003 3.0007136 2.7544020 4.1247933 2.9592379 3.1233434 3.1704539 3.1028335 2.9597784 3.2296393 3.1052652 3.2190230 3.2114895 2.9366974 3.1469813 3.1313354 3.1546984 4.8058710 5.2204512 2.9573616 3.7083082 3.3790020 3.3475824 3.2109954 4.0882978 4.6971942 3.3172244 3.4406638 3.4776359 3.1940374 3.7628549 3.5847762 3.5117454 3.1088350 3.3849915 3.3218514 4.1587231 3.7338303 3.9098706 3.3622257 3.5486711 3.5843059 3.1865522 2.9103114 3.0936682 3.2975909 3.0815447 2.9790143 3.3474519 2.7754825 2.4519609 3.6133030 3.3936662 3.5675668 4.4836808 4.2614207 3.2184799 3.5755724 4.8908152 3.0819256 3.1970672 3.3000825 3.2971377 3.3591001 3.3591001 3.4778124 3.2955065 3.1628991 3.1071506 2.9818624 2.9818624 2.9857584 3.8008833 3.9100374 3.8698376 3.7503557 3.9109454 3.7482889 3.8219613 3.3375535 3.4029750 3.3701593 3.7510642 3.7510642 3.5957156 3.7513872 3.4161771 4.1866346 3.3963033 4.5598412 4.6525119 4.1997191 4.3065419 4.7598564 5.3320914 4.5142897 4.9475175 3.8706513 4.2078382 5.7029361 2.9809761 4.2499378 2.9585140 2.2866778 3.7151444 3.0870157 4.9142948 3.3635155 3.7079018 1.5738601 3.0918759 4.0147738 0.0000010 4.2167436 3.9459401 3.4730046 4.4429672 3.9342806 3.6594792 5.1303206 3.0158427 3.8192331 3.1362272 2.8149855 5.1183144 3.0272201 4.0205341 4.7939590 4.7885605 4.8420758 4.8395145 4.5210552 4.0895322 4.5148749 4.7080652 4.9360253 5.2247156 4.8111562 4.2623252 4.6852624 4.7401669 4.7296437 4.2231900 4.0855670 3.9279794 5.0983120 6.4316521 4.6676790 
Ctel_gnl_WGS_AMQN_CAPTEDRAFT_mRNA167303                        2.2107807 2.1581021 0.0836875 0.0000000 0.7432659 2.1176965 2.3708903 2.7395682 3.5405638 2.6156359 2.7116801 2.7209982 2.7019417 2.6012243 2.7976740 2.6235003 2.7023942 2.7023066 2.4774757 2.6692571 2.7401505 2.7161913 4.5002682 2.2651298 3.0719781 3.1066754 2.7134992 2.7406132 2.6900098 3.3735136 4.0889311 2.4576426 3.0547873 2.9377945 2.7235181 3.0337473 3.1504761 3.0014842 2.6694407 2.9063814 2.9891057 3.7072313 3.3818577 3.1878628 2.8555754 2.9853167 2.9446944 2.6491016 2.6640591 2.6980290 2.7221434 2.6688276 2.9808673 2.8676704 2.4632920 2.1642452 2.9557054 2.9300665 3.0872355 4.0707139 3.5423529 2.6522560 2.9376830 4.0798617 2.6701814 2.7412553 2.7884525 2.8014954 2.7948864 2.7948864 2.8495034 3.0095837 2.9329140 2.8983773 2.6949921 2.6949921 2.9080827 3.2147738 3.4843672 3.2350152 3.2023694 3.4017698 3.1101562 3.1219324 2.8897682 3.3878546 3.2698910 3.3799895 3.3799895 3.2744098 3.3161005 3.1386890 3.9289452 3.0787915 3.9724822 3.9581519 4.1029308 3.9839550 4.1723453 4.3464354 4.1132266 4.7355560 3.9444207 3.8449015 4.8067225 3.2341405 4.0775052 3.3713816 2.4860392 3.4247635 3.2168679 4.1533718 3.0521076 3.6168484 2.0487331 2.8312467 4.1125274 2.5596836 3.8248269 3.7935515 3.3312475 3.5696472 3.3546884 3.2353261 4.2934698 2.6462016 3.3594334 2.9056910 2.7460224 4.5665295 3.4173026 4.1182040 4.0364960 4.0316980 4.0530480 4.1032977 3.7530455 3.7664961 3.8109037 4.3957046 4.4428090 4.6314766 4.9089683 3.6096768 3.9644874 4.2730283 4.7199068 4.0250624 4.2558381 4.0092500 4.9433619 6.2903620 4.8907558 
Ctel_gnl_WGS_AMQN_CAPTEDRAFT_mRNA142040                        1.5194535 1.4636499 0.9084814 0.7432659 0.0000000 1.4940765 1.9946828 2.6850963 2.8670010 2.2861327 2.3417031 2.4675946 2.4354090 2.2625106 2.4859575 2.3725044 2.2993947 2.2962505 2.2395061 2.4891859 2.6142657 2.2919931 3.8438805 2.2399568 2.5714495 2.5119908 2.3116783 2.2991134 2.2309406 2.8765333 3.4496251 2.3512354 2.5788014 2.4170934 2.3468505 2.4734836 2.6492391 2.6473924 2.5299748 2.4741199 2.5844049 2.8840821 2.9652377 2.9051024 2.5831448 2.6435590 2.7327303 2.1341489 2.2805813 2.2946455 2.1491977 2.2148893 2.6487251 2.5230742 1.9991831 1.8849710 2.6425702 2.7888725 2.8231954 3.6176967 2.9215199 2.2578894 2.3320525 3.1258643 2.5952728 2.6289897 2.6985921 2.7031812 2.6395338 2.6395338 2.6465579 2.8463516 2.3197577 2.3322397 2.3147935 2.3147935 2.3665656 3.0988176 3.0193665 3.0975432 2.9668019 2.9656030 2.7608653 2.6913449 2.3538373 3.0368173 2.7253402 2.9791379 2.9791379 2.9378721 2.8906896 2.5746419 3.4773417 2.5672034 3.3894337 3.3644328 3.4840538 3.2684779 3.3009895 3.5201606 3.9798204 4.3206867 3.7880577 3.7527113 4.5496392 3.1600589 3.7372276 3.4745505 2.5822814 3.0836069 3.2246183 3.9425423 3.0903135 2.9025170 2.0366075 2.7397390 3.9922365 3.0310088 2.9792337 3.6924114 3.2404202 3.5483788 2.8380816 2.8825540 3.2774329 2.4920089 2.7206123 2.8209932 2.5741246 3.4564520 3.0013406 3.4895013 3.4523481 3.3927099 3.4272451 3.4533100 3.4721964 3.0888832 3.2876406 4.0784325 4.3301287 4.2549913 4.9646064 3.4083355 3.4929833 3.8823852 4.3876859 3.5976610 3.9902633 3.5669178 4.6636292 5.6865863 4.5202089 
Ctel_gnl_WGS_AMQN_CAPTEDRAFT_mRNA198178                        2.0999994 2.2889787 2.3653003 2.1176965 1.4940765 0.0000000 2.8456470 2.7697150 3.0991040 3.1319960 2.8987512 3.0779995 3.1129419 3.0932129 2.8560964 3.0469518 2.9164182 2.9229517 2.7832340 2.8627664 2.8866631 2.8252164 4.7139851 2.2217016 3.0203189 3.2918613 3.0091608 2.9690416 2.9318872 3.3368027 3.7462715 2.5114664 2.9804789 2.9201807 2.8188380 3.0004597 3.1275761 3.0560931 2.5864065 2.9937570 2.7772807 3.0926790 3.3929058 2.9154475 2.9341157 2.7315472 2.9940055 2.6363497 2.6807334 2.4403561 2.5145867 2.6374126 2.7062964 3.0075823 2.1814988 2.2839907 2.8614443 3.2309701 3.1993953 4.0367787 3.2344040 2.5511714 2.7288256 3.5254643 2.9503551 2.9759651 2.9022683 2.8708021 2.9534848 2.9534848 2.8675976 2.7972694 2.6318267 2.6279555 2.5738597 2.5738597 2.7337662 3.3510746 3.1883411 3.3166603 3.5456368 2.8716099 2.6586374 2.6735900 2.7427867 3.5640863 2.8529757 3.0080374 3.0080374 2.9861478 3.2803889 3.2726094 4.5368864 3.0279861 3.5759552 3.4991610 2.9558333 3.4123761 3.0308249 3.6913787 3.7153689 4.3489288 3.9054154 3.9214992 4.7660948 3.6383065 3.8949579 3.9460778 2.7631142 2.8467081 3.3193387 4.1945858 3.4066281 3.5544083 2.0297474 3.2238486 5.5540933 2.0106504 3.0636820 3.6867258 2.9758350 3.9327008 3.2905230 3.1086900 3.5648336 2.6043280 3.0960880 3.3313993 3.1295077 4.2557880 3.7676752 3.2516558 4.0156754 4.0584849 3.9827327 3.9951368 4.0499382 3.7705474 3.8408233 3.8297044 4.5148441 4.2785882 5.3955371 3.2171949 3.5705710 4.9664269 4.7777374 3.9582409 4.3442100 4.5507396 5.2348437 5.5610354 4.8474820 
Ctel_gnl_WGS_AMQN_CAPTEDRAFT_mRNA227542                        1.5567935 2.0686341 3.0007136 2.3708903 1.9946828 2.8456470 0.0000000 2.8308267 2.9172330 2.3903147 2.6203067 2.6242892 2.7072048 2.5593769 2.6664540 2.6692255 2.5958246 2.5867917 2.4550534 2.7663432 2.7115946 2.3531966 2.6381413 2.3185634 3.0729193 2.6725385 2.5691642 2.6219677 2.4423731 2.4150132 2.8513782 2.1735244 2.6375792 2.6135396 2.4692405 2.4393229 2.9823685 2.6309256 2.3562611 2.6505403 2.6525691 2.8403542 3.1673186 3.1973380 2.7762292 2.8528055 3.0392516 2.4551930 2.4584632 2.1807746 2.4019496 2.2238799 2.4492171 2.4766459 1.9984443 1.8425513 2.6730238 3.0893267 2.6623475 3.7642807 2.5642192 2.2900555 2.3673983 3.5814902 2.5445295 2.6339390 2.5396934 2.5536252 2.6467653 2.6467653 2.6544710 2.9031131 2.7726426 2.7475589 2.5097102 2.5097102 2.5119290 3.3955074 3.4359242 3.3588365 3.4179652 3.2983989 2.9760378 2.8025598 2.5130886 3.0286494 2.7323523 2.7411069 2.7411069 2.7761196 2.8708028 3.0193720 3.6026717 2.4559132 3.2777788 3.3311538 3.1763373 2.7891267 2.7481443 3.2335249 3.1677425 4.3324638 4.5746747 4.3519087 4.3120537 3.4865159 4.1297681 4.6723872 3.4018335 3.5659396 3.5687345 3.9351030 2.9577881 3.9938378 2.4211649 3.3910516 4.1278839 2.8656183 3.7133988 4.2617384 3.1754372 3.1844290 3.2723813 3.2710655 3.5549866 2.8360232 3.1091782 3.1289063 3.0197805 4.1586979 4.2000218 3.1825251 3.0994606 3.0499216 3.0575434 3.1027766 3.1016172 2.8215799 2.8826875 4.2837722 4.8620227 4.8490019 4.7491545 4.0898294 4.3066930 5.8080841 5.1324939 3.6179497 3.9059694 4.7377622 5.5639218 5.5593574 4.7445941 
Skow_XM_006814251.1                                            1.7022585 2.2752883 2.7544020 2.7395682 2.6850963 2.7697150 2.8308267 0.0000000 1.9617244 1.8920458 1.9765656 1.9292964 1.9538249 1.9274336 1.9595175 2.1161995 1.8823266 1.8803098 1.9140595 2.1704448 2.0823799 1.9959300 4.1763949 2.2330089 2.0012586 2.8254885 2.3511897 2.4298156 2.3294562 2.4859245 3.2568322 2.9233572 2.5029103 2.4177466 2.4078336 2.5268560 2.4234404 2.3884955 2.4273913 2.5436819 2.2962006 2.5277598 2.6373548 2.5616877 2.6415499 2.4124355 2.6353589 2.0518579 2.1198413 2.0177980 1.9280371 2.0376882 3.0988096 2.6141478 2.2046514 2.0839549 2.4721964 2.1435635 2.2888447 4.9422117 2.6458122 1.5817838 1.6749950 3.0031053 2.7248210 2.7589229 2.7841572 2.7944655 2.6588908 2.6588908 2.6151097 2.8006228 2.5007430 2.4682396 2.1850386 2.1850386 2.9336073 3.0321564 2.9551827 2.9973704 2.7737032 2.5208926 2.4656953 2.5890787 2.3390925 3.6091479 2.9608878 2.6722570 2.6722570 2.5976565 2.7324310 2.7307350 5.9474769 2.6439499 3.1503681 3.0477339 4.3327316 3.7001586 3.3137093 3.9580848 3.6668076 3.8452272 3.6128470 3.6645249 5.4677658 3.6651422 3.2745449 2.9015052 2.9051308 2.9646523 2.5327782 3.4617949 4.3334225 3.5572991 2.7092991 3.0722964 5.6046483 2.2413192 3.3555504 3.4158308 3.4385277 3.7600984 3.6044939 3.6241991 3.8863957 2.9196648 2.4294227 2.8788612 2.7400895 3.6240139 5.9732530 4.3074918 2.6248792 2.6356610 2.6917377 2.7359604 2.6026520 2.5831705 2.6901788 3.7346405 3.6051265 3.6072229 4.5267024 2.5318116 3.6175008 4.6049255 4.0467894 4.1910742 5.7956775 2.7538106 5.3006871 4.3697382 4.5500186 
Skow_XM_006818281.1                                            6.0838653 2.7146766 4.1247933 3.5405638 2.8670010 3.0991040 2.9172330 1.9617244 0.0000000 2.2166867 2.4335289 2.3761553 2.3435273 2.4621941 2.3611561 2.5769514 2.5938028 2.5755586 2.5278034 2.5239606 2.5908174 2.6775163 7.2466426 2.4761445 2.8466513 2.8609007 2.8617918 2.8449938 2.6832256 2.9674813 4.6527733 5.4154083 2.7132233 2.4780062 2.5698575 2.7040317 2.8039549 2.7973837 2.4202879 2.7775111 2.6518979 5.2020437 3.1584370 2.5523876 2.9365872 2.6408702 2.7431164 2.3417868 2.2438610 2.1256316 2.2225668 2.2467258 3.0521091 2.9196425 2.3733145 1.9630606 2.4688723 2.1307217 1.5358454 5.9198731 5.0883221 1.4932927 1.7311994 6.1158070 2.5715319 2.5590496 2.5730299 2.5904623 2.6203398 2.6203398 2.5295648 2.6832897 2.9206210 2.8998382 2.7005163 2.7005163 2.9462034 3.0826618 2.6963310 3.0571190 3.2072201 2.3229984 2.3948308 2.5637622 2.6456195 3.6995760 2.8439785 2.6076727 2.6076727 2.5498892 2.9287171 2.4991180 6.1337595 2.9083601 3.2722578 3.3522753 3.7403748 3.0855290 3.1706552 3.1787993 5.1680390 4.3435867 4.3002041 3.4942173 3.5601927 2.7171523 3.2330475 3.6589012 2.9218021 3.6642511 2.9612620 3.7475387 5.7780445 3.3640487 2.0411007 3.3378330 5.5636133 1.9685704 3.3256099 3.2523333 2.2765853 3.0137273 3.6843379 3.3621690 4.8907983 2.4211313 2.8091518 3.1197564 2.9947533 5.3839505 5.3333027 4.9827780 3.5358104 3.4496102 3.4405839 3.4405839 3.1829656 3.3607950 3.4648090 3.0311759 4.0755626 4.4400061 4.4687946 3.4731643 4.3878185 5.2797693 4.2770729 5.5904577 7.4836458 2.8011990 5.0481030 5.4726845 4.8365829 
Spis_XP_022805787_1                                            2.5074940 2.5127969 2.9592379 2.6156359 2.2861327 3.1319960 2.3903147 1.8920458 2.2166867 0.0000000 0.1120706 0.2813305 0.3013234 0.3261522 0.3708672 0.4040928 0.4937989 0.5018654 0.4646639 0.5548791 0.4330146 0.7293524 0.8174487 0.7870474 0.7730316 1.8334645 1.7187602 1.7524505 1.6423733 1.8481410 2.4401702 2.7362507 1.8459941 1.6564751 1.6605639 1.7712159 1.6354478 1.7858732 1.4948424 1.6516286 1.7667146 2.4524929 1.7356265 2.5722383 1.6223248 1.5965758 1.6088471 1.3699388 1.7565793 1.5867570 1.8470136 1.5010083 2.1653218 1.9006020 1.9250776 1.5680819 1.6675579 1.8741097 2.3583688 3.8088124 4.8232442 1.9215616 1.9140453 3.4469668 1.6700557 1.6616638 1.6807823 1.6857594 1.6700396 1.6700396 1.7020715 1.9702383 2.1455714 2.1424007 2.0422638 2.0422638 2.1286292 2.5801308 2.3897965 2.5512335 2.8415407 1.9777226 1.8204067 1.9551649 2.0196335 2.6376654 2.0973099 2.1386109 2.1386109 2.1400206 2.4944801 2.4146970 3.0623682 2.4443985 2.5444256 2.5052687 2.5659090 2.3524838 2.2799565 2.4088377 2.5426081 3.7770505 3.9794604 4.0721716 3.4178931 2.7310210 3.0359794 2.6863234 2.4279902 2.5439527 2.2993039 3.4250830 3.2356160 2.8612880 1.7717189 3.0124639 4.3891464 1.7602040 2.2424798 2.8493534 2.2256148 2.5830478 2.3807111 2.5977650 3.1321168 2.2160623 2.5861891 2.4084766 2.3679242 2.5445767 4.0519494 3.1948462 2.9204428 2.8375723 2.9216459 2.9410506 2.6211737 2.8840517 2.8141893 3.3705164 3.6607601 3.5220441 3.8719106 2.8180783 3.6987471 4.6544992 4.0181252 2.4509650 3.0227938 2.8965720 5.4072339 5.4976659 3.9109822 
Pocdam_XM_027180331.1                                          2.3253296 2.5297505 3.1233434 2.7116801 2.3417031 2.8987512 2.6203067 1.9765656 2.4335289 0.1120706 0.0000000 0.2660348 0.2968485 0.2715327 0.3374468 0.3643456 0.4582668 0.4683881 0.4354769 0.5123262 0.4073879 0.6592898 0.9483238 0.6928042 0.8256515 1.7950850 1.6867714 1.7264991 1.5791369 1.8134709 2.2157567 1.7856902 1.7581080 1.5273786 1.5532442 1.6005117 1.5558327 1.6519790 1.4417235 1.4781383 1.7866035 1.8684312 1.7527173 2.5292338 1.6167245 1.5760046 1.6224692 1.3838134 1.7896041 1.5844049 1.7336518 1.5365114 2.2709101 1.8631561 1.9332255 1.5933383 1.6425527 1.9386707 2.2811747 3.1573770 2.7203157 1.9422954 1.8134846 2.4380182 1.6431496 1.6317647 1.6254411 1.6336316 1.5899202 1.5899202 1.5667125 2.0256498 2.3147532 2.3096774 2.1487527 2.1487527 2.1262942 2.5352675 2.3354672 2.5200879 2.8676802 1.9837741 1.8920642 1.9619460 2.0600237 2.5657789 2.1004394 2.1852587 2.1852587 2.1931244 2.4710306 2.5012170 2.8752499 2.3595564 2.4136303 2.3707993 2.5785710 2.4689297 2.2994843 2.4117494 2.8623580 3.7450272 3.9779981 3.6594059 3.5914590 2.7091903 3.0518955 3.1683824 2.4601047 2.6791081 2.2535868 3.2319908 3.0068890 2.9773664 1.7424969 3.2187698 4.4343159 1.7250085 2.3211487 2.7461270 2.1636433 2.6331368 2.5746752 2.5965736 3.1997993 2.1642207 2.5626169 2.3387461 2.2765053 2.9883141 3.5813969 3.2869576 2.7946583 2.7533022 2.8225313 2.8387662 2.6155919 2.8907354 2.7442438 3.4610250 3.7096143 3.6050936 3.7556163 2.8924540 3.6363023 4.4130076 3.9225162 2.3009712 3.4032452 2.9449246 5.1485903 5.1608536 3.1530954 
Spis_XP_022805783_1                                            2.6207422 2.6605606 3.1704539 2.7209982 2.4675946 3.0779995 2.6242892 1.9292964 2.3761553 0.2813305 0.2660348 0.0000000 0.0679546 0.3113764 0.3364177 0.4171574 0.4602842 0.4638599 0.4082085 0.5743363 0.4575547 0.6366232 0.9330650 0.6623882 0.7508854 1.7935802 1.7453871 1.8088169 1.6044696 1.8393875 2.2953744 1.7698574 1.7787328 1.5133197 1.4989349 1.6436159 1.6335728 1.6538301 1.4780061 1.5515979 1.7626299 2.0000955 1.8905649 2.4538308 1.6922881 1.7063479 1.7249228 1.3768246 1.8539516 1.6719695 1.8382547 1.5558202 2.2773526 1.9042053 1.9138310 1.6325877 1.8194567 1.9716994 2.2453457 3.1305903 2.7299198 1.9158958 1.9874500 2.9814500 1.6596746 1.6545771 1.6868602 1.6947547 1.6799788 1.6799788 1.7028527 1.9591997 2.3523952 2.3570132 2.1266685 2.1266685 2.1095528 2.6666460 2.5031787 2.6140181 2.7259276 2.0290290 1.8858408 2.0290050 2.1969195 2.4257679 2.1131409 2.0719181 2.0719181 2.0554130 2.3180239 2.4705349 2.9824446 2.1912921 2.4246029 2.3971832 2.7379978 2.5063133 2.4798111 2.3669346 2.8687020 3.8790149 4.1799173 3.4827785 3.7428510 2.8628556 3.0476058 3.2489739 2.3770946 2.7648441 2.2885898 3.2618414 3.1891143 2.9071750 1.8713513 3.1736257 4.1296526 1.7652581 2.3208314 2.7482364 2.2298579 2.6794318 2.4661292 2.6765192 3.0995553 2.3195688 2.6561593 2.3398423 2.2517233 3.2189815 3.9197275 3.3678811 2.6684843 2.6170843 2.6897821 2.6990493 2.5117329 2.7345876 2.6264282 3.5257863 3.7424932 3.6378043 4.3759034 2.9020914 3.7448687 4.5605110 3.9132169 2.2392674 3.2216729 3.0276498 5.0603419 5.3508561 3.4725262 
Pocdam_XM_027180323.1                                          2.4853385 2.5386605 3.1028335 2.7019417 2.4354090 3.1129419 2.7072048 1.9538249 2.3435273 0.3013234 0.2968485 0.0679546 0.0000000 0.3478097 0.3624600 0.4339245 0.4927112 0.4964966 0.4213286 0.5883155 0.5012923 0.6608173 0.9244115 0.6674807 0.7611504 1.8878594 1.7352321 1.7996188 1.6084750 1.7743711 2.3029827 1.6973026 1.7516721 1.5196169 1.4685686 1.6544982 1.6284294 1.6457915 1.4276820 1.5540363 1.8232109 2.0886616 1.8838897 2.3399838 1.6456181 1.7300886 1.7096471 1.3123670 1.8121987 1.6758658 1.8522122 1.5944954 2.3310322 1.8651733 1.8888270 1.6447266 1.8019087 1.8816676 2.2151945 3.0417225 2.7389998 1.9269997 1.9638716 3.0817414 1.6657926 1.6734725 1.7214816 1.7296318 1.7350735 1.7350735 1.7069405 1.8107442 2.2829694 2.2999544 2.0240329 2.0240329 2.1475564 2.7359885 2.6061888 2.6663539 2.8333512 2.0611328 1.9007983 2.0689935 2.2287939 2.4293257 2.0977055 2.1129477 2.1129477 2.0983986 2.3432806 2.4785239 3.1152535 2.2778530 2.4292113 2.4028807 2.7036800 2.4895977 2.5045682 2.3486896 2.8076084 3.8847549 4.2418223 3.5133364 3.7552398 2.8124848 3.0882033 3.4451637 2.2444248 2.8418555 2.2277147 3.3660612 3.3009376 2.9372706 1.6308012 3.1208194 4.1685431 1.6907723 2.3234748 2.9160697 2.2783298 2.8557285 2.5747996 2.7745769 3.3831007 2.3767838 2.5450750 2.3003391 2.2158123 3.2274793 3.8865220 3.3942848 2.8755763 2.7584038 2.8495445 2.8318952 2.6183926 2.8873661 2.7642382 3.5902058 3.8002628 3.6289019 4.2758517 2.9307334 3.6885675 4.6160501 4.1695151 2.2076396 3.1247963 2.9848236 5.3313551 5.4236370 3.6709951 
Fspp_ffun1.m4.3508.m1                                          2.2651996 2.6237058 2.9597784 2.6012243 2.2625106 3.0932129 2.5593769 1.9274336 2.4621941 0.3261522 0.2715327 0.3113764 0.3478097 0.0000000 0.3001086 0.3174332 0.4335211 0.4436706 0.3417866 0.4829387 0.3616425 0.5800946 0.8943724 0.6327293 0.7909434 1.7687363 1.7323752 1.7923642 1.5501094 1.7571551 2.3430064 1.6020521 1.7947430 1.5594996 1.5492070 1.6393276 1.6372293 1.7724288 1.5369662 1.6439364 1.7888566 2.0197911 1.7222792 2.4419285 1.6307605 1.6194435 1.6649110 1.4441213 1.7430872 1.7088245 1.7198705 1.6539798 2.4115135 1.9309442 2.0356471 1.7606317 1.8622748 2.0013663 2.4395529 3.1872365 2.5570744 1.8815832 2.0652271 2.6596936 1.7375268 1.7327385 1.7567218 1.7578998 1.7158517 1.7158517 1.6661961 1.8839242 2.2421515 2.2467148 2.1524194 2.1524194 2.1086818 2.6757644 2.5963039 2.6044489 3.0327429 2.0764447 1.9232955 2.0180349 2.1041321 2.5465813 2.0430896 2.0782919 2.0782919 2.0658265 2.3620527 2.2532038 2.7683028 2.3289813 2.3053277 2.3667947 2.6396623 2.2586949 2.1815987 2.3068408 2.6582820 4.0199261 4.1262192 3.5659749 3.7985239 2.8160833 3.0583749 3.3048411 2.3209656 2.6626842 2.1314187 3.1281479 2.9856156 3.0235330 1.8030363 3.1454372 4.3833747 1.8867688 2.2694109 2.7313921 2.1252726 2.5512348 2.4155059 2.5388304 3.0009712 2.1746458 2.5600954 2.2174253 2.1733995 3.2198474 3.6053153 3.0661449 2.6706992 2.6478361 2.6774641 2.6921536 2.5894245 2.8119502 2.6860738 3.4391401 3.5275368 3.5483021 4.0399427 2.7998981 3.4195816 4.4989377 3.9398405 2.2891035 3.3138214 3.0072676 5.1348668 5.3658490 3.5731896 
Gasp_gasp1.m3.14842.m1                                         2.6648806 2.4591668 3.2296393 2.7976740 2.4859575 2.8560964 2.6664540 1.9595175 2.3611561 0.3708672 0.3374468 0.3364177 0.3624600 0.3001086 0.0000000 0.3186268 0.4716238 0.4752560 0.3901937 0.5596939 0.4318174 0.5810867 0.8503816 0.6442124 0.7339766 1.7944882 1.6605787 1.6960677 1.5905423 1.7098923 2.1720908 1.6294709 1.7655828 1.6024197 1.5129556 1.7045745 1.6347618 1.6560764 1.4893628 1.4617162 1.7832991 2.0704935 1.7310100 2.3981944 1.6392722 1.6125421 1.6573024 1.3674038 1.7396699 1.6188102 1.6772783 1.5893188 2.4615426 1.8904606 1.9314899 1.7625495 1.8935011 1.8519262 2.2629066 3.1858460 2.8136862 1.8358904 1.9412641 2.9523156 1.6334893 1.5948559 1.6513212 1.6495033 1.6737292 1.6737292 1.6716996 1.7803950 2.3791188 2.3755963 2.0728253 2.0728253 2.1089708 2.6905035 2.4898058 2.6697933 2.8896493 1.9403052 1.8221738 1.9155532 2.0806905 2.3801076 2.0508041 2.1375765 2.1375765 2.1250207 2.3042842 2.3407854 2.7144801 2.2476122 2.2492602 2.2702151 2.5325363 2.3900222 2.3128280 2.3969148 2.8594229 3.9006100 3.7572217 3.3482757 3.5499407 2.6445955 2.8872414 3.0756157 2.3648720 2.5409071 2.1795701 3.2390171 3.3431777 2.9679268 1.6414380 3.0244869 4.3742061 1.9270740 2.2008203 2.5052219 1.9732766 2.5399767 2.3098143 2.4181843 2.8259056 2.0242736 2.4526233 2.3189631 2.1420702 3.0077643 3.7796240 3.0196874 2.6785727 2.6044556 2.7203090 2.7357425 2.4959868 2.6947273 2.6209266 3.4362728 3.4237985 3.3634925 4.0191908 3.0191590 3.7437568 4.1281918 3.4983801 2.2234706 3.3684074 3.1777206 5.0680095 5.2732861 3.6278063 
Gasp_gasp1.m3.14843.m1                                         2.3056800 2.4605896 3.1052652 2.6235003 2.3725044 3.0469518 2.6692255 2.1161995 2.5769514 0.4040928 0.3643456 0.4171574 0.4339245 0.3174332 0.3186268 0.0000000 0.5350018 0.5337590 0.4422331 0.5379155 0.4138926 0.6767273 0.9818403 0.6720090 0.8902537 1.7966452 1.7005091 1.7262261 1.5541532 1.8084008 2.3864605 1.7216989 1.7871971 1.6135416 1.5548414 1.7461574 1.6579424 1.8232933 1.5634167 1.6507952 1.8721733 1.9761974 1.8544596 2.5231162 1.5830083 1.6337203 1.6951053 1.4546051 1.9146329 1.8077326 1.8760444 1.7870599 2.6524575 1.9677504 2.1000942 1.7980031 1.9605523 1.9960910 2.4380554 3.1483255 2.6662360 2.0136689 1.9552276 2.6997783 1.6960581 1.6764443 1.7415034 1.7405685 1.6954344 1.6954344 1.6554939 1.9808171 2.4814419 2.4868514 2.3054545 2.3054545 2.2900912 2.7553917 2.6215968 2.7491503 3.0247836 2.0491818 1.9922676 2.0813679 2.1640683 2.5400730 2.0864751 2.1634999 2.1634999 2.1574824 2.3730612 2.4151419 2.9195248 2.3888956 2.5184898 2.4841897 2.8859502 2.3655433 2.2974382 2.4223873 2.6944156 4.1023517 4.1887534 3.7411904 3.5595222 2.7736142 3.2994382 3.4755215 2.5308946 2.7876330 2.4326604 3.4861208 3.3806902 3.0878871 1.6429471 3.0792333 4.3096235 1.8871152 2.3446946 2.9118672 2.2818830 2.6093263 2.4108196 2.4670474 3.0945477 2.2303991 2.4856267 2.4402517 2.2928427 3.0049468 4.0609189 3.2485453 2.8253520 2.7558807 2.8551242 2.8936039 2.6482174 2.9981890 2.8284117 3.6472371 3.8658112 3.8671849 4.1029139 3.0256059 3.8487877 4.4697364 4.0381053 2.2195037 3.3241615 3.2929631 4.9914617 5.3846462 3.7882335 
Amil_Amillepora05385-RA                                        2.6934947 2.6524035 3.2190230 2.7023942 2.2993947 2.9164182 2.5958246 1.8823266 2.5938028 0.4937989 0.4582668 0.4602842 0.4927112 0.4335211 0.4716238 0.5350018 0.0000000 0.0066672 0.3175781 0.6275010 0.5528380 0.6269277 1.0128927 0.6919802 0.9661010 1.9401631 1.7279985 1.7829217 1.6866307 1.9062267 2.3931456 1.9612837 1.8230319 1.7205621 1.7155333 1.8477290 1.8440820 1.9150107 1.6586615 1.7844252 1.8621932 2.0829775 2.0538789 2.5031808 1.7794559 1.7534068 1.8191834 1.5265601 1.7802732 1.7346301 1.8120463 1.5786342 2.4202617 2.0625468 1.8851458 1.6643281 1.9140977 1.7996214 2.3920470 3.3267124 2.4751963 1.9535837 2.0086134 2.7603570 1.7955657 1.7984875 1.8452960 1.8456741 1.7519634 1.7519634 1.7282743 1.9214918 2.3115810 2.2975968 2.0219742 2.0219742 2.1703842 2.8070429 2.6692396 2.7615632 3.0025713 2.0499615 2.0206274 1.9807335 2.1120239 2.6386940 2.2587632 2.1971327 2.1971327 2.1653889 2.3341229 2.3038114 2.7609070 2.2917097 2.5866495 2.5386407 2.8664013 2.4657278 2.2337371 2.4064831 2.8151362 3.6508941 3.8356525 3.5998749 3.2395185 2.3685539 2.9698438 3.0926207 2.1730307 2.5545537 2.0651466 3.2733491 2.9147018 3.0118930 1.7756936 3.1372255 4.6939505 1.8989547 2.2894476 2.7496833 2.3432059 2.7762982 2.5372749 2.5999401 3.0502492 2.2352935 2.4632166 2.3463769 2.2400945 3.2473941 3.8356313 3.2498715 2.7516567 2.6524795 2.7622513 2.8092422 2.7011341 2.8244084 2.6933393 3.6696601 3.7549583 3.6246927 4.2896056 3.1109490 3.5425704 4.1271656 3.8615007 2.2255566 3.1261412 3.4412259 5.0288615 5.8226326 3.6266859 
Adig_XM_015911399.1                                            2.6934947 2.6617733 3.2114895 2.7023066 2.2962505 2.9229517 2.5867917 1.8803098 2.5755586 0.5018654 0.4683881 0.4638599 0.4964966 0.4436706 0.4752560 0.5337590 0.0066672 0.0000000 0.3157882 0.6228279 0.5492094 0.6352709 1.0128927 0.6796032 0.9760826 1.9393127 1.7262217 1.7810577 1.6839008 1.9053587 2.3994434 1.9612837 1.8264183 1.7216390 1.7225009 1.8521913 1.8548977 1.9162320 1.6601560 1.7982228 1.8820159 2.0829684 2.0596486 2.4707231 1.7747959 1.7445592 1.8111385 1.5194533 1.7930419 1.7439916 1.8050555 1.5778142 2.4202617 2.0656673 1.8680534 1.6557400 1.9266530 1.7977848 2.4218954 3.3267124 2.4751963 1.9451639 2.0039660 2.8073130 1.7943271 1.8023588 1.8448469 1.8452250 1.7555289 1.7555289 1.7319254 1.9213234 2.3136743 2.2996968 2.0138941 2.0138941 2.1753899 2.8253850 2.6923958 2.7745214 2.9997978 2.0473725 2.0235722 1.9805970 2.1294679 2.6589893 2.2574958 2.1941171 2.1941171 2.1624212 2.3394732 2.2797565 2.7609070 2.2956298 2.5942675 2.5462039 2.8644207 2.4710062 2.2447214 2.4188124 2.8151362 3.6651775 3.8532281 3.6099697 3.2375219 2.3637412 2.9543823 3.0926207 2.1704426 2.5527491 2.0875989 3.3034453 2.9147018 3.0281398 1.7790695 3.1598893 4.6939505 1.8867712 2.2778179 2.7715031 2.3873621 2.7609138 2.5293685 2.5917939 3.0388067 2.2188961 2.4742732 2.3482372 2.2334554 3.2473941 3.8068884 3.2397320 2.7454280 2.6600246 2.7673330 2.8144775 2.7040925 2.8524798 2.7161508 3.6756066 3.7671275 3.6072053 4.3070359 3.1000759 3.5509456 4.1495858 3.8912044 2.2255566 3.1261412 3.4917823 5.0033827 5.8360640 3.6420925 
Gfas_gfas1.m1.14131.m1                                         2.7289945 2.6816393 2.9366974 2.4774757 2.2395061 2.7832340 2.4550534 1.9140595 2.5278034 0.4646639 0.4354769 0.4082085 0.4213286 0.3417866 0.3901937 0.4422331 0.3175781 0.3157882 0.0000000 0.5476460 0.4214209 0.6305294 1.0017040 0.6480479 0.8970722 1.7345031 1.5884679 1.6195380 1.5982172 1.8179123 2.1574664 1.7343486 1.6595420 1.5554191 1.4922293 1.6105555 1.5948024 1.6606304 1.4806747 1.5280608 1.7540404 1.8021993 1.7895215 2.2210010 1.7209921 1.8015207 1.9179792 1.3434839 1.7035423 1.5354788 1.6549635 1.6154438 2.3931328 1.8451416 1.7815923 1.5791804 1.8976129 1.8813944 2.3554185 3.0266707 2.4232788 1.7708474 1.9013363 2.9499912 1.6301871 1.6373918 1.5988678 1.6073314 1.6420584 1.6420584 1.6076354 1.8482996 2.0990537 2.1037561 1.9241448 1.9241448 1.9589976 2.8331187 2.6900143 2.7706463 2.8334524 2.0612903 1.9951733 1.8129868 1.9779010 2.1913760 1.9448503 2.1322519 2.1322519 2.1191229 2.2212843 2.1918114 2.6581558 2.1719516 2.3993467 2.3590684 2.7624140 2.3490702 2.2362948 2.3982202 2.7704731 3.7981477 4.0919802 3.5247180 3.5669268 2.6547822 2.8137139 3.3995320 2.1949083 2.5020167 2.1324594 3.2454051 2.7745528 2.9639298 1.6049820 3.0263199 4.3323681 1.6806307 2.1231654 2.6180437 2.0234408 2.5355371 2.2337228 2.3554072 2.7628607 2.1704376 2.4784384 2.2212818 2.2257777 3.0338512 3.6291258 3.0247761 2.6493846 2.5642316 2.6540912 2.6989411 2.5240900 2.8421308 2.6719234 3.6362786 3.7201082 3.6079802 4.1513079 2.8552902 3.4481914 4.2663689 3.6629859 2.3494086 3.3238251 3.1501591 4.6965570 5.7468271 3.7595491 
Amil_Amillepora10821-RA                                        2.8078393 2.8205279 3.1469813 2.6692571 2.4891859 2.8627664 2.7663432 2.1704448 2.5239606 0.5548791 0.5123262 0.5743363 0.5883155 0.4829387 0.5596939 0.5379155 0.6275010 0.6228279 0.5476460 0.0000000 0.3691811 0.8213732 1.3367690 0.7612126 1.0335107 1.7739779 1.6985701 1.7367314 1.5834900 2.0242362 2.5717392 1.8457345 1.9398620 1.6820621 1.6495421 1.7245775 1.7425091 1.7780081 1.5728190 1.7218362 1.9347779 2.2995649 1.8649833 2.3635756 1.7214471 1.6171931 1.7328770 1.6196523 1.9474263 1.8473013 1.8591056 1.7995315 2.4259929 2.0210022 2.0510409 1.7799752 1.9959471 2.0882510 2.4517163 3.4547073 3.0072743 1.9745724 2.0726177 3.3119620 1.8321108 1.8613724 1.8357311 1.8449786 1.8499867 1.8499867 1.8654543 1.9542363 2.3968627 2.4111403 2.2511053 2.2511053 2.3272487 2.6744115 2.6685773 2.6293190 3.0792784 2.0985774 2.0743720 2.0773753 2.3643023 2.6767756 2.1564352 2.1791347 2.1791347 2.1681649 2.4445324 2.4568248 3.1778838 2.3904022 2.4666533 2.5306213 2.9216946 2.5388667 2.4119585 2.6697478 3.0953540 3.6168004 3.7343165 3.8301691 3.8173732 2.5195721 2.8408181 3.2165514 2.3719910 2.7127554 2.2147910 3.3128366 3.2508113 3.0478328 1.8327551 3.1214218 4.2098214 1.7973176 2.3828638 3.0804880 2.2832220 2.6990664 2.5468143 2.5475108 3.3332520 2.2248931 2.6997811 2.5092049 2.3201259 3.3514389 3.6775965 3.2806405 2.9305281 2.8933435 2.9588931 2.9769139 2.6653190 3.1658331 2.9984425 3.5313713 3.8726189 3.7268324 4.1277403 3.1118923 3.5698169 4.5795930 3.9342155 2.5109965 3.7047559 2.9544085 5.2535935 5.4791686 3.8767444 
Gfas_gfas1.m1.2668.m1                                          2.7721331 2.7931286 3.1313354 2.7401505 2.6142657 2.8866631 2.7115946 2.0823799 2.5908174 0.4330146 0.4073879 0.4575547 0.5012923 0.3616425 0.4318174 0.4138926 0.5528380 0.5492094 0.4214209 0.3691811 0.0000000 0.7488722 1.2228496 0.6506793 0.9262865 1.7106187 1.7569264 1.8213896 1.7314145 1.9052247 2.4909094 1.7224554 1.9132876 1.6732978 1.6725205 1.6949319 1.6723479 1.7707186 1.5621176 1.6431405 1.8346096 2.0225867 1.6679732 2.2446068 1.6899742 1.6037125 1.6873925 1.5190252 1.8851175 1.7409167 1.8192477 1.7255056 2.5241145 2.0723051 2.0873409 1.8071582 1.9208187 2.0276424 2.4299426 3.3811062 2.8894775 2.0501982 2.0145164 2.9835204 1.8547343 1.8129333 1.7399155 1.7446747 1.8463478 1.8463478 1.8251828 1.9102926 2.4749761 2.4795668 2.2378406 2.2378406 2.3598393 2.6961990 2.6725707 2.5816206 2.8720171 1.9513345 1.8347127 2.0423209 2.1567270 2.6956662 2.0755459 2.3153140 2.3153140 2.3216701 2.3822116 2.4997310 3.0329520 2.3696097 2.4982050 2.4367761 2.8167544 2.5108399 2.3383243 2.6614006 3.1937659 3.9377735 4.0358396 3.7670435 3.7261965 2.6559048 3.2370913 3.4265925 2.3671987 2.7165168 2.2357712 3.3055076 3.1104985 3.0576648 1.6078752 3.2719023 4.7791976 1.6253068 2.3773095 2.9400141 2.1072715 2.6322223 2.6561159 2.6437333 3.3799721 2.2944067 2.4429425 2.3949509 2.2967930 3.1961403 4.0768678 3.6373394 3.0039344 2.9449227 3.0025680 3.0210723 2.7592296 3.1676200 3.0070622 3.5178385 3.6959753 3.7285538 4.1135966 3.2436152 3.7400542 4.4291610 3.9407947 2.6439732 3.6404169 3.1453053 4.8298571 5.5492103 3.6148810 
Nvec_v1g118980                                                 2.2159726 2.5088143 3.1546984 2.7161913 2.2919931 2.8252164 2.3531966 1.9959300 2.6775163 0.7293524 0.6592898 0.6366232 0.6608173 0.5800946 0.5810867 0.6767273 0.6269277 0.6352709 0.6305294 0.8213732 0.7488722 0.0000000 0.1315167 0.5375293 0.8563541 1.7695510 1.7368028 1.7144751 1.5241620 1.8165534 2.1326098 1.6491863 1.7420466 1.5232107 1.4263722 1.6927518 1.6436334 1.7623758 1.5528458 1.5928873 1.7824585 1.7777659 1.8454420 2.2667245 1.6085121 1.6629131 1.7491955 1.5426239 1.7621336 1.7074922 1.7011997 1.6851713 2.3720256 1.9158121 1.9495101 1.7121328 1.9202889 1.7913143 2.5117958 3.5214612 3.2490503 1.9977137 2.0223327 2.9310301 1.8649336 1.8000805 1.8105984 1.8200455 1.8129094 1.8129094 1.8321276 1.9622304 2.1877725 2.1792147 2.1637201 2.1637201 2.0408094 2.7600783 2.6411098 2.7302177 2.9471946 2.2540048 1.9717374 1.9097609 2.1495921 2.4877212 2.1059434 2.1580709 2.1580709 2.1472452 2.0499931 2.0881871 2.8056279 2.1172803 2.3807657 2.4443448 2.6818031 2.1721232 2.2512526 2.3654494 2.6407653 4.2140930 4.4308533 3.4407164 3.4375775 2.6873660 3.0618655 3.6875883 2.2504836 2.5561492 2.1269930 3.4345083 3.0739341 2.9743105 1.7267804 3.0211163 4.1974639 1.6353858 2.0790051 2.6477692 2.0120420 2.3579262 2.3020964 2.4061552 2.4519916 2.1067024 2.4636132 2.3464008 2.1195458 3.1956206 3.8580174 3.1331179 2.8428579 2.7515621 2.7788840 2.8275943 2.6994125 2.9777230 2.8476956 3.2919197 3.6642638 3.5962084 4.1793341 2.7593221 3.4423579 4.6905999 3.6899508 2.3247336 3.6556544 2.9648054 5.3632516 5.6668043 3.0767182 
Nvec_v1g46044                                                  2.7944514 3.7419996 4.8058710 4.5002682 3.8438805 4.7139851 2.6381413 4.1763949 7.2466426 0.8174487 0.9483238 0.9330650 0.9244115 0.8943724 0.8503816 0.9818403 1.0128927 1.0128927 1.0017040 1.3367690 1.2228496 0.1315167 0.0000000 2.9675639 0.9126069 2.9039482 2.5251927 2.4811313 2.5727269 2.3623733 2.1782409 2.2984743 2.9423123 2.3416315 2.1036655 2.9424649 2.9411304 3.1838460 2.8498471 2.8647205 2.6247627 2.3045497 2.2837273 3.5990355 2.1791969 2.1608143 2.6110075 2.8293789 3.1948989 2.4718995 2.8796009 2.5520176 2.4874938 3.0698419 2.6395667 2.5232131 2.6736019 2.5259314 4.2805260 3.7833555 5.4759393 3.4151151 3.7395315 3.6442973 2.7421096 2.6925553 2.5258753 2.5835558 2.7059586 2.7059586 3.2345630 3.0859475 3.0832918 3.1136534 2.4717021 2.4717021 2.7615203 4.1267536 4.0235319 4.0764874 4.3071173 3.6153265 3.2738843 3.3587266 2.6464448 2.8709320 3.2900857 3.2605869 3.2605869 3.2257572 3.1539835 2.9381760 3.0708844 3.3783142 4.0585667 4.0446902 3.2078457 3.2809080 4.0513080 3.9992443 3.3295298 5.9909850 6.0540908 6.0882319 5.1624811 6.3378436 7.2612295 9.0000000 6.1152084 2.7797654 4.0606612 4.8362025 3.0648987 4.2194416 2.6684475 4.5909760 3.8181483 0.0000010 3.4454643 4.1943602 8.9999987 4.3266099 3.1908377 3.9592546 3.6501596 3.1809055 4.8072165 3.0478452 3.2606284 3.0822832 3.2106074 3.2951026 4.4388648 4.2897514 4.3601092 4.4741859 6.3613097 4.4454514 4.7206344 6.9262790 4.9461176 4.3170649 5.7041638 4.8038315 5.2512688 8.9999987 6.0899585 3.2948127 3.9049727 5.1891468 8.9999981 8.9999990 3.1004182 
Exapal_XM_028660051.1                                          2.3209410 2.2673185 5.2204512 2.2651298 2.2399568 2.2217016 2.3185634 2.2330089 2.4761445 0.7870474 0.6928042 0.6623882 0.6674807 0.6327293 0.6442124 0.6720090 0.6919802 0.6796032 0.6480479 0.7612126 0.6506793 0.5375293 2.9675639 0.0000000 2.8444073 1.0854192 1.6426266 1.7203124 1.4220896 1.6417003 1.6812499 1.2411412 1.8538354 1.4138789 1.3409900 1.5807022 1.9570349 1.5499987 1.5781812 1.5304197 1.6964238 1.7214567 1.9430925 1.4626375 1.5707958 1.6275845 1.5537764 1.6740338 1.5887516 1.7079515 1.4039577 1.3763769 2.6929256 1.7318944 1.8273818 1.6598943 1.6477009 1.6630936 1.6615732 2.4128579 2.2106215 1.7734189 1.7504946 2.0195250 1.4669173 1.4750380 1.4402583 1.4604679 1.4829978 1.4829978 1.4829978 1.7295854 2.5024499 2.4834262 2.2774355 2.2774355 2.0636853 2.6533377 2.7987524 2.5922373 3.4839287 1.8686078 1.7757984 1.4471316 2.1406117 2.1449072 1.9238756 1.9834556 1.9834556 1.9683409 1.9150496 2.1645943 3.1891168 1.9949083 1.6863522 1.7043280 4.3649861 2.0186592 1.9524640 1.8857453 2.5745185 4.2317211 4.5696574 2.8674761 3.0971793 2.5750374 2.5160107 7.3260054 1.9218571 2.8999614 2.1407172 2.6308348 4.0580490 2.6323041 1.7044710 3.1570887 7.2234050 2.0707597 2.1898883 2.2172620 1.8673063 2.2031805 2.5715803 2.3395020 2.3691087 1.7989899 2.3455421 2.1874980 1.9791232 3.9890164 4.4710588 3.7310807 2.4586099 2.4868706 2.4288969 2.4958140 2.1689203 3.0853775 2.4553309 2.6782272 3.0184219 2.6381921 2.7943271 2.7408800 3.5685484 3.4825898 3.3001844 1.6915056 6.5307687 2.7894979 3.9486620 3.5780792 2.5450403 
Exapal_XM_021048181.2                                          3.3893635 2.8047258 2.9573616 3.0719781 2.5714495 3.0203189 3.0729193 2.0012586 2.8466513 0.7730316 0.8256515 0.7508854 0.7611504 0.7909434 0.7339766 0.8902537 0.9661010 0.9760826 0.8970722 1.0335107 0.9262865 0.8563541 0.9126069 2.8444073 0.0000000 2.5250039 2.1409171 2.1793454 2.0759958 2.1248496 2.3868885 2.4618387 2.3199602 2.0591199 1.8644460 2.1949439 2.0142230 2.1696341 1.9412373 2.0765310 1.9941235 2.4021103 2.0861408 2.9042756 1.7540146 1.8015151 1.8748650 1.7289174 2.0441487 1.8443970 2.0707427 2.1214650 2.5341277 2.1550778 2.3517984 1.9849381 2.2096776 2.0180154 2.7796772 3.8558070 4.0005548 2.1757227 2.3016483 3.4267597 2.0873391 2.0983181 2.1066384 2.0997568 2.1170086 2.1170086 2.0351697 2.0431531 2.3356584 2.2897780 2.1063136 2.1063136 2.1356727 3.2871988 2.8102991 3.3032312 3.4252797 2.5310843 2.0843747 2.2556054 2.5732745 2.5718546 2.3798401 2.2862270 2.2862270 2.2410711 2.5443119 2.8215516 3.9209302 2.6308725 2.8600710 2.6987054 2.5614996 3.0309599 2.9356829 3.1672879 3.4785258 4.3857501 4.1327420 4.0213316 4.2877192 2.2302067 3.1287540 2.7048902 2.4499022 2.9446934 2.7624897 3.7893568 4.0254053 3.6621118 1.5990712 3.3437628 4.6608664 0.0000010 2.3902982 2.5068620 2.4188869 3.3323829 2.6335667 2.7384436 3.1066898 2.3997160 2.7511540 2.7498549 2.6121988 4.2045231 4.0173531 3.4015067 3.3127381 3.2009392 3.2119743 3.2262538 3.0890340 3.0041349 3.1043082 4.1721639 4.6992044 4.3792043 4.9764204 3.2810129 4.2000015 4.7259666 3.7766512 3.2913747 3.2704960 2.9658243 5.6650725 5.6227056 3.5452273 
