107
Xestes_augustus_masked-XT_scaffold190741-processed-gene-0.0-mRNA-1  0.0000000 1.2782692 1.9209911 1.8612722 1.8612722 2.5686178 2.2549013 2.4260295 3.0153032 1.8129276 2.7215657 2.0206840 2.4335987 2.3702906 2.3778798 2.2428664 2.2848316 2.2601731 2.1296621 2.2047910 2.5121378 2.2313494 2.3644688 2.0811331 2.6460668 1.2972839 2.4944899 2.4199238 2.4125033 2.4643258 2.3874874 2.3247096 2.2846092 2.2952442 1.8158939 1.9413494 1.9294093 0.0000010 1.9294093 2.4428452 1.9913441 0.9887026 2.7273502 2.0840970 4.7670561 1.9850962 2.2124841 2.5424367 1.7096927 2.1426565 1.6811264 2.1341547 2.5563246 3.9449825 2.0270327 2.1470935 2.4595672 2.4930417 2.2730973 2.1751864 2.2090880 2.9185915 2.2836034 2.9352960 2.3615451 2.7428156 3.0187422 2.5264609 2.6812695 2.5375136 3.1881347 2.6693682 2.9188820 4.8478644 2.9450261 3.2791334 3.0667334 2.9544970 3.6582172 3.3457659 2.2992990 2.6562535 5.2353917 2.1047148 3.2738920 3.7298651 3.5312753 2.7169063 2.7250491 2.4946248 2.4110548 2.3186009 1.5579046 2.4245800 1.6684352 2.0096347 0.7443068 1.8159760 3.7838700 2.1235315 2.1299895 2.3518805 2.7710013 4.6814879 2.9014549 3.9732670 3.5336873 
Xestes_augustus_masked-XT_scaffold48048-processed-gene-0.0-mRNA-1   1.2782692 0.0000000 1.9377799 2.2633955 2.2633955 2.2354794 2.5188310 2.1639230 2.4366804 1.7261615 2.7121435 2.0997100 2.1808103 2.1128026 2.2078508 2.2329057 2.3541973 2.3046022 2.0260447 2.3257391 2.4787997 2.2141707 2.2625260 2.2292153 2.6707355 0.9633433 2.4414401 2.0720131 2.0534877 2.2066340 2.2062069 2.2624242 2.1933844 2.2044169 1.5981794 1.7760890 1.9247110 0.0000010 1.9247110 2.2372197 1.6930935 1.1447601 2.4767891 1.8114492 2.9879160 1.7818102 1.9497080 1.9696269 1.6130673 1.8099115 1.4245015 1.7203132 2.3918658 0.0000010 2.5005445 2.4184747 2.4234830 2.4659861 2.3757261 2.0856727 2.4322358 2.2138174 1.9207950 2.1782583 1.7785486 2.3268459 2.3423491 2.1481123 2.4229043 2.2563396 2.6197283 2.5311286 2.6905874 3.3951915 3.2408720 3.1427975 2.7958964 3.0352845 3.2423511 5.8135866 2.3358589 2.5317782 5.1258075 1.9183508 2.8171940 3.5096487 3.3935649 2.2939100 2.3011648 2.4658351 2.4816208 2.3378873 8.4197993 2.5345949 1.6701428 1.7397686 1.4488233 2.1312354 3.6802919 1.7477386 2.3017951 1.9347613 2.4010820 3.6286664 2.9019593 2.7996170 3.5593811 
Emue_Em0005g1643a.t1                                                1.9209911 1.9377799 0.0000000 0.4896179 0.4093321 1.8238427 1.6992293 1.2832282 0.8503761 0.9570766 1.6013416 1.3336252 1.6972460 1.6653859 1.8514216 1.7804426 1.7298511 1.6678166 1.6049981 1.7110821 1.9196658 1.8261052 1.7177131 1.7536165 1.4564771 1.1180893 1.7323445 1.8505683 1.8576152 1.8928391 1.8880199 1.7594973 1.9976467 2.0052223 1.9922247 1.9007398 2.0649436 1.9876332 2.7432411 1.6359488 1.9577282 1.7837676 2.2515029 1.6928024 2.0529680 1.8773877 1.7845860 1.9089110 1.8443289 1.6484953 2.2911851 2.0784169 1.8571168 1.5975591 2.1748876 2.1781244 1.7498027 1.7579048 1.8659339 1.4307406 1.7531316 2.7679575 1.5629920 2.4808940 2.5724387 2.2166370 2.4451492 2.2720467 2.6716803 2.1714476 1.6085990 2.3061285 2.4993664 2.5927906 2.4200195 2.9569791 2.5260270 3.3182711 3.4727969 2.9634450 3.5456441 2.2838290 2.1011135 1.9895443 2.8239396 3.4036111 3.0951272 2.7467207 2.7533528 2.1524894 1.9475731 2.3025512 2.4887272 1.8553674 2.2275445 2.5957476 2.4378987 2.5167960 3.3186421 3.1022504 2.6576204 0.6804750 1.7856174 3.5170420 2.8993093 3.2285448 4.0761372 
Spolac_c88089_g1_i1_m.4749c88089-g1                                 1.8612722 2.2633955 0.4896179 0.0000000 0.0348823 1.8850954 1.8998483 1.4721884 0.0000010 0.4307086 1.4815507 1.3527041 1.8430647 1.9209783 2.2196524 1.8912382 1.7898170 1.7391791 1.5316936 1.6405260 1.8697750 1.6215855 1.9024112 1.9025443 0.0000010 1.4036695 1.6618199 1.9325557 1.9080191 1.8697174 1.8879105 1.7933119 1.7453179 1.7453179 2.2727390 2.1985018 2.5910936 7.7440851 2.6149183 0.0000010 2.1444180 1.7640592 2.4163107 2.0906555 5.1555380 2.5254495 1.8571064 2.2633361 2.5030886 3.3535262 2.5479944 2.2311206 1.8832921 8.9999988 1.9181321 1.9908628 2.1766151 2.2128348 2.0739580 0.8956266 1.8797748 3.4413983 2.4144576 2.9939802 3.0763824 2.5183355 2.6685959 2.9389346 3.0850521 2.5669653 3.0906531 2.6068064 3.2069540 2.4008680 2.6246814 3.3564301 3.1130540 2.5790443 2.6682431 3.7030733 2.4640380 2.0882295 2.0234822 2.8761147 2.3934442 7.8717089 6.9249251 2.8569789 2.8764870 2.5786942 2.3966729 2.3481089 3.7220707 1.7501657 2.8732350 2.6647434 2.5737948 2.3144125 0.0000010 4.3905304 3.0931493 0.0000010 0.0000010 3.8808989 3.1517683 3.2973889 5.8740573 
Spolac_c88089_g1_i2_m.4750c88089-g1                                 1.8612722 2.2633955 0.4093321 0.0348823 0.0000000 2.0532999 1.8892800 1.4348287 0.0000010 0.4307086 1.3496625 1.2895182 1.7326082 1.9297612 1.9686288 1.9256656 1.9046609 1.6976329 1.6693546 1.8085266 2.0252520 1.8151196 1.8235753 1.9187136 0.0000010 1.4036695 1.7837099 1.8996312 1.9298111 1.9644973 1.9745158 1.8805416 1.9782818 1.9782818 2.2892144 2.2240683 2.3720645 2.0111619 3.2782564 0.0000010 2.1772508 2.0528877 2.2593653 1.9445442 1.8919747 2.1245907 1.9584485 2.2377537 2.2857529 2.9901600 2.2368676 1.9719268 1.9604499 1.3231085 2.0499307 2.0873805 1.8674753 1.8849537 2.1347594 1.6653240 1.9469111 3.2360802 2.4144576 2.9527912 2.7345316 2.5639022 2.5152616 2.4779301 2.8853716 2.5002459 3.3196788 2.3817535 2.9431424 2.0080101 2.2977390 2.6262292 2.5034956 3.0971856 3.2762790 2.8673287 3.2845298 2.0916437 1.7338865 2.2537313 2.7950780 8.9999990 6.8301736 2.7462621 2.7563056 2.2855224 1.9847596 2.2607054 2.5610822 1.7759641 2.5998340 2.5437165 2.5284683 2.5045019 0.0000010 3.1508900 2.6892322 0.0000010 0.0000010 3.0734317 2.9711769 3.0783922 4.3091090 
Aque_Aqu2.1.14424_001                                               2.5686178 2.2354794 1.8238427 1.8850954 2.0532999 0.0000000 0.7973222 1.6667306 1.6546535 1.3066099 1.8675162 1.6323794 1.9844602 1.0469363 1.9314496 2.0689350 1.9802975 1.9543953 1.8616022 1.8197848 1.9313230 1.8043778 1.8891275 1.8904142 1.5349991 1.7520497 1.7955998 1.9903216 2.0408861 2.0657041 2.0622184 2.0505406 2.0246004 2.0317196 2.1242257 1.9007974 2.0902961 1.8834385 2.6895888 1.9061323 2.0279374 1.8448305 2.1297908 1.8679883 1.6246613 1.8742189 1.9226458 1.8796747 1.8528976 1.7340067 1.9901242 2.1374423 2.1871246 1.3522152 2.2419973 2.2115107 2.3761718 2.3933083 2.4265319 1.5524987 1.8390365 2.3227945 2.0743758 2.5222116 2.6128383 2.0080434 2.0422172 1.9836046 2.1423573 2.3019231 1.9453362 2.1359547 2.2769511 1.8393881 2.3351758 2.3800365 2.7871002 2.7335689 3.0394024 2.9042488 3.8065420 2.2579922 1.5368737 2.0436377 2.4534258 2.7319226 2.8382374 2.0987306 2.1029778 2.2088325 1.8522504 2.5107427 2.4843594 1.7729147 2.4120055 2.3783438 2.4759730 2.1368347 2.1921656 2.4729457 2.3023921 1.6064651 1.6537485 3.2850389 2.6992010 3.0655834 4.1604036 
Halamb_c40042_g1_i4mm.769                                           2.2549013 2.5188310 1.6992293 1.8998483 1.8892800 0.7973222 0.0000000 1.6553731 1.4675483 1.0703175 1.8909053 1.5215882 2.0889219 0.9632176 1.9175105 1.9958837 1.9184595 1.8759517 1.9227528 1.7569822 1.9960339 1.8014648 1.7656015 1.7279615 1.4305686 1.3107035 1.6179775 1.8022740 1.8200172 1.8534359 1.8427145 1.7973003 1.8439046 1.8602714 2.1499580 2.0003089 2.0167174 2.1402905 2.7225721 1.7724199 1.9267241 1.8991683 2.0105155 1.7544098 1.6688938 1.8888666 2.0140669 1.9623168 1.7359920 1.4480394 1.8276251 2.4465497 2.1121472 1.2875787 2.2390851 2.2670164 2.1274731 2.1349674 2.2173635 1.3892953 1.9006459 2.4218695 1.7410287 2.5212107 2.3634585 1.9979649 2.0882113 2.1059175 2.0127944 2.3211156 1.6029121 2.0068308 2.3870904 2.1331257 2.2616537 2.3536131 2.4463059 2.8720316 3.1142821 2.7415961 3.8410703 2.2630050 2.1065914 2.0398479 2.5969927 3.1215663 3.0282430 2.4571647 2.4622624 2.0396703 2.0829926 2.5529520 2.4739637 1.6789474 2.5900934 2.7294743 2.6421847 2.4685212 2.3792192 2.8027402 2.2636551 1.5729415 1.6474875 3.3605843 3.0675865 3.1927262 3.9717301 
Tetwil_g10225.t1                                                    2.4260295 2.1639230 1.2832282 1.4721884 1.4348287 1.6667306 1.6553731 0.0000000 0.6700614 0.9759601 1.1135148 0.9892166 1.3355830 1.6031656 1.6412706 1.7362084 1.7038918 1.6274503 1.5541845 1.5994808 1.9281370 1.7161613 1.6431961 1.7759975 1.1612832 0.9762024 1.6158214 1.7251760 1.7726878 1.7462796 1.7589584 1.6530234 1.6884475 1.7024641 1.7599075 1.6914703 2.0241844 2.9049631 2.4001541 1.5585802 1.7133000 1.6370557 1.9973813 1.5440508 1.9968795 1.8120353 1.7037405 1.9065064 1.8500863 1.7077575 2.0116911 1.7545065 1.8441542 1.1624425 1.6522352 1.6374735 1.9621723 1.9733094 1.9873456 1.3470369 1.8610564 2.3701689 1.8676019 2.4952935 2.4728692 2.2574604 2.2248766 2.1833581 2.2250498 2.0888803 1.5590775 2.2544112 2.2540066 2.3684124 2.4043314 2.8770861 2.1783007 2.5928182 2.8994040 2.9086858 3.2587023 2.3049778 2.0221862 1.9890281 2.7640090 3.2799849 3.1394368 2.3945662 2.3994767 2.1645349 1.9265249 2.2205274 2.3654450 1.6917557 2.2682109 2.5509996 2.2517521 2.1471493 2.8043655 2.7757509 2.3927699 1.8757208 1.4914193 3.0697336 3.2166125 3.0366672 3.9019233 
Stycar_maker-SC_scaffold4228-snap-gene-0.149-mRNA-1                 3.0153032 2.4366804 0.8503761 0.0000010 0.0000010 1.6546535 1.4675483 0.6700614 0.0000000 3.5496716 1.6253523 1.2592122 4.1987038 2.4133531 1.4976730 1.4947668 1.4746478 1.4789573 1.3775691 1.3043532 1.4156195 1.4570950 1.5703541 1.7134856 1.0250293 0.0000010 1.3515684 1.6729743 1.6672699 1.8798713 1.8019771 1.4329962 1.5829460 1.5829460 1.2044317 1.2427556 1.4243530 0.0000010 1.3709184 1.1827569 1.4579986 0.0000010 1.8668763 1.0414359 0.0000010 2.0348423 1.5951795 2.1245983 1.5019690 1.4913259 0.0000010 0.0000010 1.7631592 0.0000010 1.6349171 1.7891402 1.4284528 1.4284528 0.9837121 1.4614290 1.9844666 1.7517980 5.3197091 2.1895204 0.0000010 1.9039147 1.6772584 1.8370791 1.9709493 2.1193042 1.1393531 2.8297565 1.8645326 2.4594515 2.7304758 3.5085187 1.0374351 2.7069612 3.3135820 9.0000000 9.0000000 3.2027404 0.0000010 1.8915643 3.2279445 3.2210983 3.2210983 2.7885118 2.7885118 2.1998061 1.9025415 7.5897721 2.2971929 1.4554632 1.6349171 3.6170611 1.8426366 9.0000000 2.7746916 4.4837346 2.0891575 1.6385040 1.5866747 3.0371361 3.3180496 9.0000000 1.6349171 
Stycar_maker-SC_scaffold21447-snap-gene-0.4-mRNA-1                  1.8129276 1.7261615 0.9570766 0.4307086 0.4307086 1.3066099 1.0703175 0.9759601 3.5496716 0.0000000 1.1509361 0.1483959 0.1722788 0.9051971 1.5544299 1.3463119 1.2053481 1.4402758 1.2661276 1.4306608 2.0070823 1.5403877 1.3955273 1.3225113 1.9386619 0.7546280 1.4820530 1.2289077 1.3687582 1.3830664 1.3468177 1.4315632 1.4629288 1.4826883 1.4603835 1.2593461 1.5504533 0.0000010 1.5504533 1.5957218 1.6541298 1.2465639 1.8977880 1.3772193 9.0000000 1.6984106 1.1468745 1.2237062 1.3288716 1.5210402 0.0000010 0.0000010 1.7050350 0.0000010 0.0000010 1.5299401 1.6379850 1.6379850 1.6811537 1.6405865 1.4660375 1.4340199 0.9798222 1.4750255 0.9527409 1.7456455 1.7731889 1.7083445 1.8120855 1.4699874 1.1588025 2.0116928 2.0232325 2.4043010 2.5972319 3.0992385 1.6359413 2.4870656 3.1067126 0.0000010 0.0000010 2.9680611 4.5859323 1.7040896 2.1539466 2.3316160 2.8601760 1.8023076 1.8023076 1.5153421 1.9360144 1.8585811 1.7343718 1.2120799 1.6015974 2.5316082 2.1724780 0.0000010 3.4091871 0.0000010 2.3229150 9.0000000 2.2230044 1.3415255 3.0456649 0.0000010 0.0000010 
Stycar_augustus_masked-SC_scaffold102535-processed-gene-0.0-mRNA-1  2.7215657 2.7121435 1.6013416 1.4815507 1.3496625 1.8675162 1.8909053 1.1135148 1.6253523 1.1509361 0.0000000 0.0819443 0.1034088 1.7345806 2.0885116 2.0161583 1.9661510 1.8734510 1.8286723 2.0441293 2.2455927 2.0494471 1.8122912 1.7831731 7.0098855 1.6794435 1.9929193 2.0393834 2.0499087 2.0399547 2.0927930 2.0756498 2.0609358 2.0609358 2.3769444 2.3085384 2.5601447 1.9128929 4.1751893 0.0000010 2.2188713 2.1054852 2.1228533 2.2426230 1.7086123 2.1744070 1.9960836 1.9360916 2.2247809 2.1557390 2.1585610 1.9263154 2.2801852 1.2473618 1.7180601 1.7347486 2.3618465 2.3784645 3.0383162 2.9421337 2.0458035 3.2019131 2.6946429 2.9361272 2.5639063 2.2537922 2.4902570 2.0337429 2.6759558 2.1513926 5.1711575 2.1536155 2.5508975 2.5009806 2.0585772 2.2383168 2.3309722 2.9043025 2.9474365 3.2995129 2.9042386 1.9513672 1.3933315 2.3289528 2.8288036 7.3574933 7.1945354 2.4572935 2.4659876 2.5659715 2.2572356 2.1433572 1.9405946 2.0948922 2.7532819 2.5408166 3.0546741 2.5481160 0.9852888 2.8964347 2.5989725 9.0000000 1.6232838 2.9941974 2.5804168 2.8035987 4.0158884 
Stycar_maker-SC_scaffold4228-augustus-gene-0.144-mRNA-1             2.0206840 2.0997100 1.3336252 1.3527041 1.2895182 1.6323794 1.5215882 0.9892166 1.2592122 0.1483959 0.0819443 0.0000000 0.1199313 1.4842724 1.8551158 1.8239259 1.7209360 1.7093928 1.6577179 1.8445680 2.1335904 1.8380560 1.5767368 1.6156591 3.3665189 0.9552491 1.8632973 1.7797697 1.8667965 1.8460884 1.8668569 1.7825673 1.8439067 1.8510839 2.0490928 1.9425261 2.1508120 2.0447560 2.9476508 3.3695357 1.9800064 1.7077931 2.1138059 1.8445041 1.9017582 1.8896942 1.7710328 1.7649571 1.9321822 1.8263613 2.1817486 1.8536492 2.1143938 1.3335337 1.6972622 1.7058239 2.2040772 2.2156787 2.4664731 1.7152464 1.8047865 2.4739142 1.4945540 2.4639793 2.2048626 2.0594898 2.2150714 1.9389021 2.3480567 2.0368905 1.5690968 2.2213147 2.3979314 2.7694075 2.3334596 2.7076426 2.2574834 2.9866279 3.2479949 3.2607241 2.7819087 2.0789442 1.6469095 2.2005092 2.6227606 3.4931237 3.5321426 2.3400024 2.3456555 2.2672804 2.1068335 2.1359955 2.0334871 1.7430853 2.3040037 2.5014770 2.6200136 2.4320608 4.2899872 2.7059595 2.6732190 4.4619704 2.3599727 3.2516528 2.7196078 2.9735848 3.9317805 
Stycar_maker-SC_scaffold4228-snap-gene-0.150-mRNA-1                 2.4335987 2.1808103 1.6972460 1.8430647 1.7326082 1.9844602 2.0889219 1.3355830 4.1987038 0.1722788 0.1034088 0.1199313 0.0000000 1.9128953 2.5666157 2.4856171 2.3469067 2.3764113 2.1995373 2.5216677 2.5709788 2.5239122 1.8937917 1.9877942 2.5322436 1.2873337 2.2702071 1.9100509 2.0330869 1.9524849 2.0154252 2.1359509 2.1207384 2.1328007 2.4601795 2.2585544 2.6044168 2.5463475 3.5686449 1.4786954 2.3474947 1.9873976 2.6315366 2.5046602 3.4388832 2.4424390 2.1037298 2.2418795 2.4065557 2.0814670 2.4184445 2.4122695 2.8698435 1.0216228 1.7640594 1.6870068 2.6190283 2.6349924 2.7516082 2.1031201 2.4209418 3.0677752 1.2894870 2.8813209 3.1499233 2.7004402 2.7691972 2.3161439 2.7244125 2.3659892 2.2700814 2.3896082 2.7070205 2.8649457 3.0744748 3.5456969 3.3134664 3.5721358 4.1250199 4.4177743 2.6177383 2.3409481 1.8301214 2.6631246 3.0215671 3.1073223 2.7828539 2.6997542 2.7097049 2.7985906 2.3434695 2.5489555 2.0616628 1.9536800 2.8640042 2.9897384 2.9544099 3.0350100 3.8249534 3.6351903 2.9516679 9.0000000 2.4812451 3.2280052 3.3390142 3.4258466 5.4693146 
Xestes_maker-XT_scaffold17716-augustus-gene-0.10-mRNA-1             2.3702906 2.1128026 1.6653859 1.9209783 1.9297612 1.0469363 0.9632176 1.6031656 2.4133531 0.9051971 1.7345806 1.4842724 1.9128953 0.0000000 2.2730189 2.2090127 2.0350625 1.9729751 1.8174774 1.8681779 2.1779532 1.9087074 1.8898184 2.0081342 2.3390135 1.6248877 1.9608971 1.9312074 1.9785721 1.8683874 1.8702984 1.8610841 2.0063744 2.0141060 2.1676359 1.9991054 2.1463568 2.4974000 2.8836758 1.2900526 2.0927801 1.9563822 2.4868106 1.8755494 1.8392225 1.9918716 2.2120260 2.1326104 1.8707360 1.7195445 2.2751751 2.4332669 2.3813829 1.3293844 2.3362985 2.2691028 2.4878039 2.4878039 2.6541021 1.8848129 1.9970300 2.5156605 2.0779208 2.6649837 2.6034971 2.2540662 2.3308758 2.1285249 2.4976744 2.4831085 1.5539685 2.3403499 2.5010405 2.1594742 2.4377566 2.7767258 2.4755769 2.7750941 3.0042723 3.2619216 3.1837292 2.3219823 2.0445995 2.3183573 2.3862920 3.2358335 3.1188836 2.2025919 2.2078873 2.0252539 2.3152260 2.7005402 2.5495273 1.7976326 2.0360139 2.6731805 2.7142636 2.3508748 2.9001484 2.6831034 2.4446363 3.5079685 2.3115904 2.9728011 3.2717753 3.4093033 4.7203648 
Spur_XM_011669720.2                                                 2.3778798 2.2078508 1.8514216 2.2196524 1.9686288 1.9314496 1.9175105 1.6412706 1.4976730 1.5544299 2.0885116 1.8551158 2.5666157 2.2730189 0.0000000 1.2705904 1.2658530 1.3013293 1.2647377 1.2446607 1.4365400 1.2788776 1.3106800 1.1477800 0.6787621 1.1192870 1.4525436 1.3870965 1.3661815 1.4314494 1.4266149 1.4487211 1.4645980 1.4765444 1.7770515 1.7444909 1.8812071 1.9194194 2.6090985 1.3715439 1.5799945 1.5779079 1.5210237 1.3670953 1.2548033 1.6448601 1.1312200 1.5840284 1.5836295 1.6982620 1.7045279 1.7138007 1.4389735 1.1161594 1.8588662 1.7802683 1.6231092 1.6231092 1.4684609 1.0716139 1.5763646 2.0582561 1.6271441 2.0976482 2.2859488 1.6659194 1.7059638 1.6668365 1.7534146 1.4116649 1.6532980 1.9195730 2.0336498 2.1308905 2.2412696 2.5549976 2.0654396 2.5594229 2.8019249 2.4559749 2.5557614 1.7792779 1.7643905 1.9322729 2.5180204 2.8969774 2.9764538 2.0051907 2.0093761 1.8841590 1.6449523 1.3575844 1.9682768 1.8670341 2.1482719 2.5176802 2.3202740 2.2952753 2.6622206 2.2346094 2.2783350 1.8831773 0.8856975 2.9551969 2.7453284 2.5055864 2.9378015 
Spis_XP_022786234_1                                                 2.2428664 2.2329057 1.7804426 1.8912382 1.9256656 2.0689350 1.9958837 1.7362084 1.4947668 1.3463119 2.0161583 1.8239259 2.4856171 2.2090127 1.2705904 0.0000000 0.1126893 0.2902501 0.3249326 0.4297130 0.4687306 0.4321302 0.7892003 0.8288975 0.4309899 0.7937796 1.3061756 1.2815446 1.2677141 1.4098157 1.3998420 1.3729912 1.3306732 1.3416143 2.0033603 2.0018469 1.9073902 2.4719313 2.6216155 1.6908087 1.8631149 1.7375250 1.7103091 1.4453496 1.5496305 1.7081772 1.2670627 1.8175724 1.7707164 1.8006376 1.8907750 2.1746832 1.5155838 1.1416756 1.6937720 1.6651154 1.7490093 1.7586790 1.5988787 1.2542363 1.3973142 2.0428816 1.4356072 2.1312045 2.2365399 1.6666007 1.7784813 1.5159839 1.8679179 1.6443970 1.5237098 1.9849256 1.9046258 2.4679178 2.1711551 2.4718509 2.2665374 2.6799231 2.9492992 2.9851203 2.6574314 2.0834290 2.1141546 2.0598845 2.7809918 2.9569870 3.1050060 2.2818610 2.2865760 1.9735457 2.0400048 1.4140063 1.6437975 1.9793177 1.9250479 2.4279403 2.5678097 1.9177061 2.6813186 2.6069286 2.1762477 1.9544598 1.3078318 2.7948700 3.2025534 2.4060441 2.8152699 
Pocdam_XM_027194782.1                                               2.2848316 2.3541973 1.7298511 1.7898170 1.9046609 1.9802975 1.9184595 1.7038918 1.4746478 1.2053481 1.9661510 1.7209360 2.3469067 2.0350625 1.2658530 0.1126893 0.0000000 0.2948631 0.3111366 0.4332332 0.4839803 0.4502133 0.8108745 0.8171250 0.4529026 0.8602260 1.2470958 1.3360210 1.3047395 1.4514182 1.4444952 1.3328591 1.3622001 1.3735146 1.9783327 1.9612705 1.8733879 2.2064222 2.6402073 1.7592138 1.8307663 1.7557454 1.6808053 1.4173063 1.5164869 1.7508123 1.2540644 1.8495400 1.7332444 1.7496131 1.8689971 2.2115129 1.5767630 1.1818242 1.6765689 1.6719136 1.6883144 1.6983651 1.5845100 1.2412034 1.4180293 2.1781680 1.5692242 2.2234589 2.2515203 1.7194662 1.7892506 1.5571154 1.9799582 1.6668933 1.5109866 1.9912514 1.8722239 2.5040465 2.1272588 2.5205179 2.1744388 2.6846596 2.9818017 2.8662065 2.5105749 1.9950985 2.2441437 2.0716864 2.7113002 2.9726013 3.1759900 2.3582871 2.3632101 1.8619858 1.8830714 1.4225129 1.6727856 1.9733779 1.9452395 2.5229463 2.6558615 2.1272913 2.5382438 2.6442891 2.2143661 1.9990095 1.3461798 2.7585753 3.1864285 2.4552862 2.9847054 
Gasp_gasp1.m3.7230.m1                                               2.2601731 2.3046022 1.6678166 1.7391791 1.6976329 1.9543953 1.8759517 1.6274503 1.4789573 1.4402758 1.8734510 1.7093928 2.3764113 1.9729751 1.3013293 0.2902501 0.2948631 0.0000000 0.1840588 0.3130101 0.3761077 0.3560749 0.7980481 0.7734515 0.5261974 0.8982364 1.2914416 1.3917313 1.3763826 1.4954323 1.4765863 1.4930223 1.4609584 1.4729125 1.9487269 1.9240792 1.8495574 1.8389411 2.5355061 1.7164594 1.7869484 1.7103830 1.5379184 1.4202692 1.5994034 1.7672123 1.2823964 1.8753572 1.8045601 1.9187924 1.8409580 1.9841918 1.5451617 1.0309759 1.6349207 1.6166110 1.7902195 1.8005870 1.6911842 1.1628613 1.4198245 2.0946588 1.5104447 2.1295436 2.1086212 1.5452575 1.6896163 1.5861329 1.8616043 1.6231181 1.5169745 1.9025513 1.8241650 2.2622465 2.1423122 2.6310709 2.2933640 2.5483191 2.9171584 2.9924804 2.7821964 2.1324907 2.0298191 2.0305000 2.8003992 3.0824485 3.1570533 2.3364735 2.3412905 1.8331261 1.8010218 1.4189777 1.7097209 2.0332684 1.9053839 2.5407218 2.3651142 1.9539379 2.5903332 2.6520502 2.1428390 1.9696967 1.3203491 2.6467253 3.1079917 2.5432529 2.9664565 
Fspp_ffun1.m4.11291.m1                                              2.1296621 2.0260447 1.6049981 1.5316936 1.6693546 1.8616022 1.9227528 1.5541845 1.3775691 1.2661276 1.8286723 1.6577179 2.1995373 1.8174774 1.2647377 0.3249326 0.3111366 0.1840588 0.0000000 0.3539085 0.4407601 0.4091733 0.7692495 0.7194368 0.6084533 0.9041770 1.1569678 1.3142743 1.3011178 1.3959870 1.3770772 1.4704165 1.4130021 1.4245065 1.8316406 1.7652853 1.7067906 1.8766157 2.3681583 1.6414086 1.6886960 1.5517592 1.4897771 1.3305329 1.5681701 1.5839264 1.2337457 1.7690878 1.6771540 1.7993584 1.8034624 1.8574746 1.4252241 1.1179926 1.6636822 1.6421361 1.6279220 1.6378708 1.5710916 1.2414455 1.3933459 2.0683265 1.4119878 1.9788485 1.9114102 1.5657405 1.5697651 1.4938642 1.9079546 1.5950027 1.4439027 1.9312720 1.7851155 2.4382009 2.0706157 2.6120247 2.2258099 2.4468190 2.7105192 2.6763012 2.6532217 2.0805228 1.9554800 1.9511176 2.5395554 2.6799049 2.8200563 2.2860086 2.2907255 1.8317647 1.7049170 1.3202403 1.9362642 1.9578557 1.7661413 2.4504950 2.4891453 1.8013744 2.5132967 2.4426027 1.9890379 1.7905867 1.3169892 2.7064943 3.0497253 2.4257864 2.9404441 
Gfas_gfas1.m1.17366.m1                                              2.2047910 2.3257391 1.7110821 1.6405260 1.8085266 1.8197848 1.7569822 1.5994808 1.3043532 1.4306608 2.0441293 1.8445680 2.5216677 1.8681779 1.2446607 0.4297130 0.4332332 0.3130101 0.3539085 0.0000000 0.3537088 0.3464632 0.8379766 0.7685095 0.5142266 0.8137537 1.1777185 1.3707067 1.4131353 1.4957257 1.4953751 1.4685961 1.3747511 1.3865488 1.8361761 1.8277945 1.8139405 1.8407987 2.6198008 1.8088612 1.8654641 1.6332084 1.5213017 1.3243062 1.7341063 1.6287251 1.2584525 1.6650903 1.7338664 1.8734406 1.7916349 2.0419474 1.4323573 1.2802930 1.7505544 1.7031347 1.6529631 1.6660531 1.5163176 1.2619338 1.4601983 2.0423104 1.4419682 1.9195265 2.0818006 1.5940325 1.6315800 1.5228122 1.7602017 1.5444812 1.6064541 1.9950735 1.7696090 2.3976144 2.1058364 2.5464877 2.3827047 2.6211571 2.9424137 2.8463899 2.9281090 2.0994330 2.2150538 1.8929291 2.6991298 3.0196351 3.0935839 2.1977607 2.2024870 1.8330587 1.7597644 1.4506620 1.7928297 2.0179630 1.8663553 2.5639637 2.4667562 2.0912940 2.4031573 2.8933799 2.1262549 2.0197575 1.3394562 2.5506996 3.1486286 2.5791706 2.9395357 
Amil_Amillepora08032-RA                                             2.5121378 2.4787997 1.9196658 1.8697750 2.0252520 1.9313230 1.9960339 1.9281370 1.4156195 2.0070823 2.2455927 2.1335904 2.5709788 2.1779532 1.4365400 0.4687306 0.4839803 0.3761077 0.4407601 0.3537088 0.0000000 0.0220345 0.8330857 0.9001174 0.5253786 1.1577919 1.4657889 1.5494400 1.5764311 1.6212971 1.6117993 1.5698780 1.5808249 1.5955203 2.0207213 2.0467125 2.0601147 2.2893417 2.8060383 1.7288250 1.9870826 1.8165515 1.8436187 1.4753765 1.7865504 1.8499511 1.4958941 2.0031122 1.8630758 1.8757802 1.6191095 2.1853490 1.7332645 1.3975461 1.7794616 1.7217392 1.8907982 1.8907982 1.7556610 1.2945122 1.5667961 2.2947283 1.8476029 2.1728546 2.3434429 1.8346198 1.8394473 1.7381256 2.0648060 1.8648276 1.6393022 2.0895346 2.0156033 2.2352015 2.3115030 2.7090454 2.4771841 2.6453577 3.0285107 2.4123589 2.4588515 2.0754250 2.3104103 2.1710390 2.9968797 3.2008692 3.0479799 2.5543586 2.5603532 2.1011401 2.0974018 1.6392995 1.4660942 2.0657580 2.1061500 2.9731901 2.5756399 2.1563464 2.7644686 2.7233922 2.3035410 2.0085816 1.3432093 2.5776190 3.2048907 2.6148786 2.7479947 
Adig_XM_015910504.1                                                 2.2313494 2.2141707 1.8261052 1.6215855 1.8151196 1.8043778 1.8014648 1.7161613 1.4570950 1.5403877 2.0494471 1.8380560 2.5239122 1.9087074 1.2788776 0.4321302 0.4502133 0.3560749 0.4091733 0.3464632 0.0220345 0.0000000 0.7935358 0.8304264 0.5188559 0.9549772 1.3252353 1.3903519 1.4185438 1.4738320 1.4597377 1.4402881 1.4661209 1.4780871 1.8924224 1.8445314 1.9360807 2.0083794 2.6927949 1.6702660 1.8275184 1.5576922 1.6773300 1.3681831 1.5584904 1.7188317 1.3486530 1.7691789 1.7025530 1.8854923 1.6191095 2.0032703 1.5074719 1.2874905 1.5908231 1.6055100 1.7637446 1.7637446 1.6086103 1.2369859 1.4236259 2.1008155 1.6771967 2.0264311 2.0413410 1.6238340 1.6554721 1.6451611 1.9473662 1.6365988 1.5399731 1.9482781 1.9178433 2.3247017 2.1885931 2.5108978 2.2490598 2.5233839 2.8753198 2.4278093 2.3827430 2.0525285 2.0995341 2.0312884 2.6376430 3.1004097 3.2283956 2.3027589 2.3075662 1.9582255 1.8857989 1.4103598 1.4337453 1.8571463 1.8910859 2.6317814 2.3164848 1.9607461 2.6892235 2.6176394 2.1337654 1.9957053 1.3013956 2.6216015 3.0529466 2.4695565 2.6922137 
Exapal_XM_021040205.2                                               2.3644688 2.2625260 1.7177131 1.9024112 1.8235753 1.8891275 1.7656015 1.6431961 1.5703541 1.3955273 1.8122912 1.5767368 1.8937917 1.8898184 1.3106800 0.7892003 0.8108745 0.7980481 0.7692495 0.8379766 0.8330857 0.7935358 0.0000000 0.4321709 0.1326679 0.9946734 1.1998255 1.2549620 1.2820384 1.2734099 1.2805288 1.3205928 1.3376461 1.3424136 2.0121208 1.8245773 1.9663486 2.9644316 2.6041865 1.3181033 1.7012691 1.6173237 1.7463900 1.4638376 2.0642810 1.6275929 1.4632839 1.6864634 1.7823699 1.8801107 1.4571688 2.0213526 1.4906177 1.1338939 1.4507086 1.4553243 1.6807286 1.6910036 1.6794090 1.4597587 1.5704339 2.0140712 1.5550732 2.2518811 2.1735996 1.6894245 1.7750135 1.5661518 1.9055618 1.5385943 1.5115015 1.8825539 1.8553521 2.6766028 2.2591890 2.5088919 2.4135117 2.5888728 2.9958793 2.6010477 2.6809127 2.0860365 2.0305977 2.2661019 2.6199388 2.9113192 2.9385147 2.2999957 2.3047362 1.7589825 1.8838013 1.4519584 1.7179048 1.8774586 2.1560047 2.5220143 2.6072783 2.1285293 2.7117872 2.3715416 2.1796545 2.0847537 1.1107732 2.8156838 2.8917198 2.7372576 3.4717094 
Nvec_v1g188893                                                      2.0811331 2.2292153 1.7536165 1.9025443 1.9187136 1.8904142 1.7279615 1.7759975 1.7134856 1.3225113 1.7831731 1.6156591 1.9877942 2.0081342 1.1477800 0.8288975 0.8171250 0.7734515 0.7194368 0.7685095 0.9001174 0.8304264 0.4321709 0.0000000 0.0000010 1.0573081 1.1578092 1.2574438 1.2756969 1.2719717 1.2867894 1.2783104 1.2770148 1.2819948 1.8075998 1.7584657 1.8012137 2.0512573 2.5210657 1.3135695 1.6356425 1.6522601 1.5480963 1.3002104 1.7913570 1.6181386 1.1755841 1.6555135 1.7048807 1.7850356 1.4768420 1.8732272 1.5299404 1.2303626 1.4512685 1.4491387 1.6074535 1.6174006 1.6529475 1.2636925 1.4793283 2.1401679 1.4520823 2.2419988 2.1945809 1.5235541 1.5981470 1.4038702 1.7226579 1.4977592 1.5091190 1.8121980 1.7552367 2.4043450 2.1661197 2.3731950 2.2764424 2.5255609 2.8850626 2.7803429 2.5339720 1.8729900 1.8315771 1.9612984 2.4669532 2.7829077 2.8169249 2.3194642 2.3244933 1.7622399 1.7685165 1.3721785 1.6008253 1.8162414 2.2347787 2.3604113 2.4135347 2.2100960 3.0778463 2.6341891 2.3235537 2.0029974 1.1830301 2.8050025 2.6595631 2.3644373 3.5224862 
Nvec_v1g49256                                                       2.6460668 2.6707355 1.4564771 0.0000010 0.0000010 1.5349991 1.4305686 1.1612832 1.0250293 1.9386619 7.0098855 3.3665189 2.5322436 2.3390135 0.6787621 0.4309899 0.4529026 0.5261974 0.6084533 0.5142266 0.5253786 0.5188559 0.1326679 0.0000010 0.0000000 0.0000010 0.8251084 2.0207674 1.9528281 2.3783186 2.3313764 1.7540821 1.4360364 1.4360364 1.6250743 1.5491330 1.3216865 0.0000010 1.3216865 0.9609658 1.9112984 0.0000010 0.9406368 1.0092126 0.0000010 1.3520087 0.9157525 1.0994908 1.3035737 1.3035737 0.0000010 0.0000010 0.8141988 0.0000010 0.0000010 0.0000010 1.0426038 1.0426038 0.6182024 1.0293575 0.9572795 1.6501362 0.0000010 2.2739932 0.0000010 1.1489352 1.1798458 0.9259710 1.7032011 1.1345493 1.1032795 1.8999900 1.0152868 4.3352128 2.7697632 2.1552556 0.0000010 2.2839069 2.2684941 0.0000010 0.0000010 2.7606795 0.0000010 1.5954385 2.6318268 2.6318268 2.6318268 2.7375920 2.7375920 1.5660187 1.6721561 0.0000010 0.0000010 1.9887629 0.0000010 3.7638570 2.2953810 0.0000010 2.5829750 0.0000010 2.7076917 1.5291189 1.1393736 2.7906346 2.5087579 0.0000010 0.0000010 
Salpun_EP00053_Salpingoeca_punica_P001347                           1.2972839 0.9633433 1.1180893 1.4036695 1.4036695 1.7520497 1.3107035 0.9762024 0.0000010 0.7546280 1.6794435 0.9552491 1.2873337 1.6248877 1.1192870 0.7937796 0.8602260 0.8982364 0.9041770 0.8137537 1.1577919 0.9549772 0.9946734 1.0573081 0.0000010 0.0000000 0.9995637 1.0210186 1.0249804 1.0469880 1.0331554 1.0786726 1.1114921 1.1114921 1.1215629 1.0814046 0.9268788 0.0000010 0.9268788 1.3251431 0.9597119 0.9038314 1.4756975 1.1136707 2.3751536 1.0605361 1.0239829 1.0205478 1.0397073 1.5483720 0.0000010 1.5672714 1.2792723 9.0000000 1.9458173 1.9362738 1.5079882 1.5079882 1.5079882 1.0392970 0.9908835 1.4148561 1.3368766 1.3887406 1.2979115 1.1307161 1.0827280 1.1520120 1.1906494 1.3965111 1.2362134 1.5166547 1.4365887 2.8790233 1.7303550 1.6462247 1.8887014 1.6677971 1.5850997 8.9012984 1.6523097 1.8447486 7.2853603 1.1015182 1.3662685 1.7964924 1.6477680 1.4947976 1.4947976 1.3361050 1.6214052 1.6126133 1.9050902 1.5833909 1.6907261 1.7257381 1.2702825 1.2293233 3.3795460 2.6776110 1.4187257 0.0000010 0.7470545 4.2030101 2.3657559 3.1358851 4.0046298 
Dgig_XM_028548153.1                                                 2.4944899 2.4414401 1.7323445 1.6618199 1.7837099 1.7955998 1.6179775 1.6158214 1.3515684 1.4820530 1.9929193 1.8632973 2.2702071 1.9608971 1.4525436 1.3061756 1.2470958 1.2914416 1.1569678 1.1777185 1.4657889 1.3252353 1.1998255 1.1578092 0.8251084 0.9995637 0.0000000 1.3915864 1.4181254 1.3919564 1.3903021 1.5075379 1.4515166 1.4594669 1.8542066 1.6684740 1.7223549 1.7525371 2.2662299 1.8603855 1.7804195 1.6863077 1.7241450 1.3894677 1.9433598 1.8916191 1.3537239 1.6489826 1.6356399 1.6468556 1.9773733 2.1673343 1.5827096 1.0483599 1.6079687 1.5810295 1.5935408 1.5935408 1.5869984 1.1620942 1.4588301 1.8771053 1.4828697 1.8228660 1.7149095 1.7499470 1.6779719 1.6224656 2.1509696 1.5907055 1.6884688 2.3110347 1.7225078 2.6177622 2.4031504 2.4080226 2.3793032 2.7456610 2.9265709 2.7462269 3.3881624 2.0525381 1.7804193 2.0140367 2.5115481 2.9661785 2.7381619 2.2425518 2.2471627 1.8246128 1.9388225 1.3561632 2.0918407 1.9326569 2.1850811 2.7529035 2.7143541 2.4173545 2.4360096 2.4680219 2.2353306 1.7855879 1.2212296 3.2554838 2.9329484 2.3339273 3.3630413 
HoiH23_PlH23_008155-RA                                              2.4199238 2.0720131 1.8505683 1.9325557 1.8996312 1.9903216 1.8022740 1.7251760 1.6729743 1.2289077 2.0393834 1.7797697 1.9100509 1.9312074 1.3870965 1.2815446 1.3360210 1.3917313 1.3142743 1.3707067 1.5494400 1.3903519 1.2549620 1.2574438 2.0207674 1.0210186 1.3915864 0.0000000 0.0697006 0.2217728 0.2137179 0.3245856 0.4925000 0.4973201 1.8576034 1.7343459 1.7355721 2.6384668 2.2688113 1.4424408 1.8481970 1.7854737 1.7629600 1.6333113 2.1127869 1.8645550 1.5080377 1.8593892 1.6954060 1.6309910 1.8915496 2.0891139 1.7753286 1.8759998 1.4126753 1.4799280 1.8322222 1.8322222 1.7216198 1.5459452 1.5845320 2.1111361 1.6805585 2.0880935 1.9322693 1.6074643 1.6723049 1.6822166 1.8332238 1.7409122 1.7183177 1.8730259 1.8312696 2.2450347 2.5221082 2.3107379 2.1492951 2.2782051 2.8124340 2.7676844 2.4343786 2.1266830 1.9725633 1.9306822 2.4140799 3.1902953 3.1093463 2.1703191 2.1748734 1.9025258 2.0293877 1.5296309 1.9727472 1.9905871 2.3566878 2.1976502 2.5741967 2.3911563 2.8623770 2.7362476 2.0412628 1.8411591 1.2686916 2.8575410 3.0692717 2.1391913 3.2584907 
HoiH06_mRNA14728                                                    2.4125033 2.0534877 1.8576152 1.9080191 1.9298111 2.0408861 1.8200172 1.7726878 1.6672699 1.3687582 2.0499087 1.8667965 2.0330869 1.9785721 1.3661815 1.2677141 1.3047395 1.3763826 1.3011178 1.4131353 1.5764311 1.4185438 1.2820384 1.2756969 1.9528281 1.0249804 1.4181254 0.0697006 0.0000000 0.2044265 0.1946580 0.3230379 0.4883436 0.4931684 1.8714131 1.7675755 1.7570310 2.5728583 2.3189962 1.4353545 1.8738724 1.7623458 1.7673926 1.6597601 1.9411969 1.9289942 1.5289640 1.8420975 1.7147090 1.7172645 1.7548202 2.0532795 1.7396111 1.8930498 1.3859707 1.4423346 1.8802230 1.8802230 1.7201575 1.6177996 1.5684475 2.1229485 1.7713063 2.0655009 1.8825739 1.7168198 1.7401024 1.7306076 1.8295435 1.6958365 1.7989627 1.8761220 1.8327419 2.1628359 2.5044312 2.3325125 2.0384982 2.2791839 2.7964207 2.8252831 2.4124820 2.0586126 1.9780889 1.9475962 2.3785717 3.1645777 3.1172585 2.2052145 2.2098540 1.9091501 2.0667463 1.5004594 1.9788428 1.9553814 2.3429835 2.1223610 2.6614602 2.3201449 2.9005926 2.4290093 2.0446650 1.9009580 1.3988517 2.8765547 3.0346009 2.0739992 3.1846858 
Hhon_g10032.t1                                                      2.4643258 2.2066340 1.8928391 1.8697174 1.9644973 2.0657041 1.8534359 1.7462796 1.8798713 1.3830664 2.0399547 1.8460884 1.9524849 1.8683874 1.4314494 1.4098157 1.4514182 1.4954323 1.3959870 1.4957257 1.6212971 1.4738320 1.2734099 1.2719717 2.3783186 1.0469880 1.3919564 0.2217728 0.2044265 0.0000000 0.0229465 0.3321036 0.5020497 0.5043983 1.8833636 1.8358532 1.8097315 2.5943718 2.4323491 1.4468981 1.8836400 1.7526404 1.8598937 1.6930442 1.8605997 1.9312628 1.5127110 1.8873115 1.6925252 1.8000551 1.8175922 1.9462805 1.8172823 1.7168645 1.4015335 1.4653352 1.8874459 1.8874459 1.7400494 1.6961273 1.6363933 2.0965630 1.4856659 1.9810758 1.8869889 1.6700320 1.7262079 1.7505226 1.8672602 1.7353708 1.8554941 1.9161779 1.8481902 2.1359892 2.4784976 2.4036714 1.9929145 2.3239498 3.0042611 2.7705673 2.2764530 2.0406915 2.0080073 2.0405688 2.2669086 2.9691520 2.9486381 2.0617088 2.0660845 1.9239274 2.0982131 1.5656948 1.9050004 1.8868333 2.4243306 2.2249941 2.5962150 2.1798451 3.1028047 2.4107781 2.0719014 2.3897914 1.5945136 2.7662747 3.2004596 2.2433694 3.6958017 
HoiH04_mRNA13529                                                    2.3874874 2.2062069 1.8880199 1.8879105 1.9745158 2.0622184 1.8427145 1.7589584 1.8019771 1.3468177 2.0927930 1.8668569 2.0154252 1.8702984 1.4266149 1.3998420 1.4444952 1.4765863 1.3770772 1.4953751 1.6117993 1.4597377 1.2805288 1.2867894 2.3313764 1.0331554 1.3903021 0.2137179 0.1946580 0.0229465 0.0000000 0.3131154 0.4908774 0.4931743 1.8922775 1.8557184 1.7554388 2.5943718 2.3544612 1.4273247 1.8783091 1.7210201 1.8321340 1.6596893 1.8605997 1.8856662 1.5166530 1.9314662 1.6750846 1.7757458 1.9146570 1.9859680 1.7794582 1.7168645 1.4259903 1.4876987 1.8825774 1.8825774 1.7336266 1.6638524 1.6018521 2.0761435 1.5226956 1.9634748 1.8964149 1.6758025 1.7372574 1.7609359 1.8815231 1.7253362 1.7964591 1.9421451 1.8756406 2.0865645 2.5552321 2.4356779 2.0508475 2.3069341 3.0152680 2.6746898 2.1899281 2.0408733 2.0080073 2.0073570 2.3055465 2.9874058 2.9621142 2.0943069 2.0987467 1.9467928 2.1234579 1.6097995 1.9335874 1.8566115 2.4309958 2.2417934 2.6153495 2.2258224 2.9934003 2.4187454 2.0395800 2.2610083 1.4949420 2.7264414 3.1856940 2.2847792 3.7206035 
HoiH11_mRNA2659                                                     2.3247096 2.2624242 1.7594973 1.7933119 1.8805416 2.0505406 1.7973003 1.6530234 1.4329962 1.4315632 2.0756498 1.7825673 2.1359509 1.8610841 1.4487211 1.3729912 1.3328591 1.4930223 1.4704165 1.4685961 1.5698780 1.4402881 1.3205928 1.2783104 1.7540821 1.0786726 1.5075379 0.3245856 0.3230379 0.3321036 0.3131154 0.0000000 0.4752817 0.4799942 1.8796312 1.9118956 1.8370209 2.4835090 2.4205091 1.5434213 1.8837289 1.6606988 1.8879034 1.7062662 1.9645885 1.8403436 1.5173713 1.9657846 1.6477208 1.6890906 1.8519419 1.9869249 1.7710961 1.7263747 1.4364742 1.5259935 1.8118691 1.8118691 1.7657587 1.4761251 1.6253554 2.1263106 1.6177454 2.1397465 2.0205301 1.6588275 1.8062833 1.8281581 1.7436027 1.7766154 1.8546865 1.9272274 1.8689828 2.2071502 2.4409758 2.3283671 2.0536622 2.4499197 3.0332285 2.8070898 2.4212665 2.1751612 2.2624877 1.9325221 2.3881836 3.3191322 3.3208132 2.2343523 2.2390641 1.9589739 2.0703721 1.5247861 1.8734979 2.0932323 2.3763884 2.4258563 2.6743635 2.2948124 3.0749066 2.6953881 2.1644704 1.7870227 1.6272941 2.7927627 3.2340889 2.3263174 3.6403639 
TrH2_TrispH2_003745-RA                                              2.2846092 2.1933844 1.9976467 1.7453179 1.9782818 2.0246004 1.8439046 1.6884475 1.5829460 1.4629288 2.0609358 1.8439067 2.1207384 2.0063744 1.4645980 1.3306732 1.3622001 1.4609584 1.4130021 1.3747511 1.5808249 1.4661209 1.3376461 1.2770148 1.4360364 1.1114921 1.4515166 0.4925000 0.4883436 0.5020497 0.4908774 0.4752817 0.0000000 0.0022784 1.7689599 1.8707633 1.8363099 2.7398944 2.3954340 1.3904303 1.8562284 1.8848223 1.8579714 1.6158529 1.8716088 1.9564655 1.5662718 1.8786792 1.6982652 1.6881844 1.9813943 1.9255872 1.6500791 1.6888103 1.5723663 1.6169322 1.8383324 1.8383324 1.7302449 1.4543327 1.6894483 1.9173348 1.7978897 1.9872759 1.9402897 1.6042020 1.7312155 1.7041557 1.6862402 1.7385955 1.7307156 1.9548814 1.6165704 2.5217630 2.4323397 2.2653803 1.9337415 2.3485584 2.8207499 3.1333233 2.0398323 1.9882273 2.0010138 2.0955963 2.7043154 3.7150689 3.3677920 2.1229366 2.1273739 1.9551527 1.9359134 1.5143641 1.9061431 1.8058590 2.4817780 2.2334619 2.6393870 2.0085784 2.8333911 2.5542545 2.1834289 1.5326349 1.4836194 2.8484050 3.2137627 2.4803676 3.4680624 
Tadh_TriadT25450                                                    2.2952442 2.2044169 2.0052223 1.7453179 1.9782818 2.0317196 1.8602714 1.7024641 1.5829460 1.4826883 2.0609358 1.8510839 2.1328007 2.0141060 1.4765444 1.3416143 1.3735146 1.4729125 1.4245065 1.3865488 1.5955203 1.4780871 1.3424136 1.2819948 1.4360364 1.1114921 1.4594669 0.4973201 0.4931684 0.5043983 0.4931743 0.4799942 0.0022784 0.0000000 1.7756658 1.8777227 1.8524082 2.7398944 2.4178920 1.3904303 1.8624324 1.8848223 1.8645182 1.6299188 1.8716088 1.9665511 1.5743830 1.8883356 1.7130530 1.7157400 1.9813943 1.9255872 1.6586740 1.6888103 1.5723663 1.6169322 1.8539981 1.8539981 1.7517227 1.4874353 1.6958343 1.9237572 1.8139327 1.9938465 1.9402897 1.6177353 1.7459218 1.7186654 1.6953099 1.7477275 1.7602617 1.9718096 1.6249984 2.5217630 2.4551735 2.2871028 1.9337415 2.3712788 2.8523880 3.1333233 2.0398323 2.0062808 2.0010138 2.0785587 2.7135731 3.7413352 3.3934000 2.1302848 2.1347348 1.9723424 1.9529148 1.5143641 1.9061431 1.8124883 2.4928885 2.2408792 2.6500694 2.0085784 2.9046901 2.5542545 2.2032719 1.5326349 1.5225507 2.8484050 3.2474554 2.4803676 3.4680624 
Acaspe_EP00035_Acanthoeca_spectabilis_P040033                       1.8158939 1.5981794 1.9922247 2.2727390 2.2892144 2.1242257 2.1499580 1.7599075 1.2044317 1.4603835 2.3769444 2.0490928 2.4601795 2.1676359 1.7770515 2.0033603 1.9783327 1.9487269 1.8316406 1.8361761 2.0207213 1.8924224 2.0121208 1.8075998 1.6250743 1.1215629 1.8542066 1.8576034 1.8714131 1.8833636 1.8922775 1.8796312 1.7689599 1.7756658 0.0000000 0.4945780 1.0980196 1.5149729 1.6825518 1.0190465 1.0773654 1.7294894 2.1060879 1.2672650 1.4827710 1.4604276 1.6333386 1.9750194 1.1474644 1.2288171 1.5830234 1.7158651 2.0282713 1.6226508 2.0755528 1.9895302 1.9265504 1.9472965 1.9902541 1.5783218 1.6446009 2.2330053 1.8218596 2.3666661 2.4059400 2.2182829 2.2903920 2.0594120 2.5069421 2.1317814 1.7853000 2.5722597 2.1594997 2.5182661 2.7075448 2.7901044 2.0332224 2.4800486 2.6895928 3.0578826 3.4899747 2.2570685 1.8928086 1.5919251 2.4905323 3.1906946 3.0394075 2.1481670 2.1527039 2.5355094 2.3980328 1.9767918 2.2744087 2.1115733 2.3508282 2.0868693 2.0259171 2.2758256 2.6426196 2.1112747 1.8402751 1.1004720 1.4316420 3.6490673 2.7743246 2.9959153 3.4872871 
