100
Mertsp_Mesp_sb535890                                   0.0000000 0.0000010 0.0000010 0.0821779 0.0821779 0.2722772 0.2722772 0.2722772 0.2722772 0.3494804 0.3494804 0.3494804 0.3494804 0.0000010 0.1949970 0.1949970 0.1949970 0.3613372 0.3613372 0.3613372 0.0000010 0.6487365 0.3665901 0.3665901 0.7873519 0.7873519 3.7191534 0.0000010 0.0000010 3.1744468 2.6012836 3.3524086 3.3141737 3.1823657 3.2283863 7.7119146 3.4898391 0.0000010 9.0000000 3.0859238 3.3188365 2.9099289 3.3771441 2.4516755 2.7850045 2.8055619 2.9615002 0.0000010 3.4904132 3.9734280 4.5343491 3.0691890 0.0000010 4.8140003 4.4134702 4.8824449 0.0000010 4.8140003 3.2305621 3.1780778 4.2782462 3.7649482 3.7493611 4.5063256 4.3209241 4.1690831 3.2300644 3.3433806 3.1220152 3.7975854 3.3712235 3.9471134 4.7504310 3.2531517 3.3292688 3.4313024 3.6479400 3.3595426 4.0053071 9.0000000 4.2655182 2.8868941 3.2518595 3.7300653 3.7584430 4.1560029 5.4742346 4.6796838 4.2024245 5.8955036 4.1760783 3.5951855 4.7328461 4.9617377 4.1952771 4.2834489 4.0350886 2.2930237 3.2884729 6.0303366 
Bolinf_Binf_sb1219958                                  0.0000010 0.0000000 0.0097377 0.0769875 0.0769875 0.2113198 0.2113198 0.2113198 0.2113198 0.2516119 0.2516119 0.2516119 0.2516119 0.5975080 0.1443444 0.1443444 0.1443444 0.1952672 0.1952672 0.1952672 0.0000010 0.4501673 0.2862113 0.2862113 0.6264942 0.5099907 2.7952302 2.2242363 3.8604176 2.1796153 1.9484801 2.3598225 2.3357694 2.3020082 2.2878273 2.2603410 2.1162791 0.0000010 1.3182148 2.2282970 2.3749211 2.1498777 2.4684287 1.3287245 2.0149037 1.9476177 2.1857563 1.5879276 2.3189009 2.6090634 2.7161361 5.0968593 9.0000000 2.8667694 2.7058951 3.0481643 1.6339759 2.8667694 2.2085930 2.3846523 2.8783010 2.8407216 2.5943122 2.9092112 2.8020575 2.7610943 2.2434175 2.5289182 2.1345756 2.6794481 2.5884359 2.7588411 3.0419284 2.3716624 2.3620483 2.3206921 3.9435891 2.2589248 3.2522639 3.2406479 3.5318833 2.6045846 2.6345817 2.9698634 2.8411119 2.7190851 2.2842038 2.8382808 2.5070946 3.2098347 3.4001288 2.9108948 3.7625125 3.7572741 3.3116639 3.0431899 3.2579062 2.2614101 3.4928957 6.0392476 
Bolinf_Binf_sb1219959                                  0.0000010 0.0097377 0.0000000 0.0761109 0.0761109 0.2242662 0.2242662 0.2242662 0.2242662 0.2841868 0.2841868 0.2841868 0.2841868 0.2355053 0.1568472 0.1568472 0.1568472 0.2307554 0.2307554 0.2307554 0.0000010 0.5037916 0.3172218 0.3172218 0.6264942 0.5760252 3.2656987 1.3621748 1.1883581 2.4343881 2.1506382 2.6979067 2.6752404 2.6006860 2.5618444 4.0905727 2.4907998 0.0000010 1.2853025 2.4932745 2.6453089 2.3877710 2.7211188 1.3090968 2.2578863 2.1564608 2.4762300 1.6084591 2.6576866 3.1843670 3.3161056 4.6145763 9.0000000 3.5595328 3.2950418 3.8497259 2.2335127 3.5595328 2.4468017 2.6996807 3.4198701 3.3538184 3.0919109 3.5141486 3.3604332 3.1937355 2.5647551 2.8033123 2.4303356 3.0518028 2.9459408 3.1593443 3.6123692 2.6744656 2.7595779 2.5934351 3.8532477 2.5263595 3.4803816 4.1597079 4.0298375 2.7777559 2.7405651 3.1150456 3.1865040 3.0262553 2.4907152 3.2237428 2.8179010 3.7774009 3.7212607 3.2427162 4.0809035 4.0906566 3.5444733 3.2662959 3.2715033 2.2930237 3.2884729 5.4980585 
Mlei_ML0015.g1.i1                                      0.0821779 0.0769875 0.0761109 0.0000000 0.0000010 0.1740418 0.1740418 0.1740418 0.1740418 0.2040179 0.2040179 0.2040179 0.2040179 0.3913743 0.1963897 0.1963897 0.1963897 0.2510554 0.2510554 0.2510554 0.0000010 0.4103317 0.2525297 0.2525297 0.6170105 0.4780015 2.5764344 1.1265955 2.2213507 1.8793357 1.7934676 2.0329250 2.0634043 2.0420491 2.0169762 1.6650091 1.7770299 0.0000010 1.2423227 2.1644007 2.1112496 2.0715111 2.4210177 1.2576214 1.8756630 1.7689732 1.9558450 1.3042199 2.0164421 2.4155014 2.4672526 6.5141031 9.0000000 2.5552129 2.4229860 2.7341618 1.5828307 2.5552129 1.9987510 2.2226478 2.7028563 2.7137995 2.5877699 2.6855886 2.5888509 2.6665250 2.1198562 2.4653842 1.9421575 2.3009678 2.2480098 2.4091035 2.5177266 2.3278810 2.0455109 1.9927305 3.8255435 1.9838799 3.0963517 3.5591582 3.4577795 2.7770231 2.8016734 3.0142188 2.9458340 2.7397992 2.2886439 3.0274538 2.7376115 3.4896754 3.4560653 3.1841791 3.8297247 3.9107589 3.6224008 3.0531308 3.3548226 2.1969388 3.6337574 5.9003789 
Vmul_sbMO387426                                        0.0821779 0.0769875 0.0761109 0.0000010 0.0000000 0.2082560 0.2158022 0.2082560 0.2158022 0.2303572 0.2303572 0.2224653 0.2224653 0.3943082 0.2168140 0.2022443 0.2168140 0.2707151 0.2582410 0.2707151 0.0000010 0.4179585 0.2703316 0.2805403 0.6170105 0.4840745 2.3712214 1.3137232 2.2213507 1.8498903 1.7325487 1.9255117 1.9630608 1.9339186 1.9205740 1.6034340 1.7190600 0.0000010 1.2484528 1.9673566 2.1217715 2.0158083 2.4210177 1.2576214 1.8323693 1.7336174 1.9248168 1.3247173 1.9277728 2.1312613 2.1828781 6.5141031 9.0000000 2.2551557 2.1913929 2.4217269 1.4537131 2.2551557 1.8465997 2.1200911 2.5801047 2.5326270 2.4863766 2.4566744 2.4104182 2.4058268 2.0333261 2.2784952 1.9073081 2.1867434 2.1415054 2.3025430 2.3806623 2.2353693 1.9170024 1.8778539 3.8255435 1.9282333 3.0296613 3.1833998 3.1866546 2.7226198 2.7351552 3.0032845 2.7159611 2.5904599 2.1322346 2.7642975 2.7376115 3.2700468 3.2423079 3.1577936 3.5980375 3.7041007 3.3871337 2.9995997 3.0760525 2.2719371 3.6337574 5.5561207 
Bolinf_Binf_sb1244913                                  0.2722772 0.2113198 0.2242662 0.1740418 0.2082560 0.0000000 0.0000010 0.0000010 0.0000010 0.2707240 0.2707240 0.2478206 0.2478206 0.2333357 0.2200945 0.2497633 0.2693501 0.2518453 0.3132053 0.3313258 0.1509010 0.3206556 0.2791446 0.2999707 0.5348671 0.3677050 1.9361663 1.3196918 0.6319920 1.5526662 1.5413827 1.7127477 1.8937876 1.8781483 1.7910012 1.5498992 1.6547223 1.1499643 1.2528626 1.8041265 2.1925296 1.8336347 2.5815104 1.5185585 1.5620124 1.5110935 1.5743187 1.2570440 1.7024821 1.7814699 1.8037676 1.4048652 0.6396565 1.8363812 1.8024816 1.8942880 1.5778379 2.7645088 1.6479401 1.8285160 2.0818470 2.0299895 2.0150451 2.1064343 2.0585964 2.0731700 1.8067875 2.0101151 1.7271495 1.8264976 1.8552528 1.9514627 2.0486043 1.9383772 1.6869137 1.7133207 4.1745718 1.7796106 2.6559958 2.5721650 2.8216136 2.5808728 2.6100975 2.6520210 2.2472925 2.3144679 1.9524387 2.7347345 3.0966364 2.8667730 2.5976748 2.4470695 2.9384572 3.0800416 2.9210376 2.6142955 2.7209946 2.0320135 3.5150086 7.5219675 
Bolinf_Binf_sb1244914                                  0.2722772 0.2113198 0.2242662 0.1740418 0.2158022 0.0000010 0.0000000 0.0000010 0.0000010 0.2707240 0.2707240 0.2707240 0.2707240 0.5513663 0.2674704 0.2497633 0.2674704 0.3320299 0.3132053 0.3320299 0.0000010 0.3716892 0.2999707 0.2999707 0.5348671 0.4354317 2.5369234 1.3419095 2.2657197 1.7647739 1.7420208 1.9457920 2.1444370 2.1110706 2.0290350 1.7246833 1.8512597 0.0000010 1.2695533 2.1317992 2.1925296 2.1363947 2.5815104 1.2477401 1.8862460 1.7909441 1.9567066 1.4352013 2.0379195 2.0995411 2.1709909 6.7376406 7.6721648 2.2080420 2.1703830 2.3031348 1.4158804 2.2080420 2.0497904 2.0965936 2.7503445 2.5931661 2.5256785 2.5913451 2.5185791 2.5210617 2.1302732 2.5090148 1.9441995 2.1865563 2.1659273 2.2698370 2.5073132 2.3317400 1.9954451 2.0161989 4.0340427 2.0719685 2.8046772 2.9198508 3.2900817 2.6569787 2.7356016 2.7962823 2.8781828 2.6002655 2.1399567 2.8147222 2.6805987 3.0745656 3.2946825 3.0130469 3.5735013 3.7266625 3.5218586 2.9003989 3.0820227 2.0389897 3.5548520 7.0424527 
Mertsp_Mesp_sb584640                                   0.2722772 0.2113198 0.2242662 0.1740418 0.2082560 0.0000010 0.0000010 0.0000000 0.0000010 0.2707240 0.2707240 0.2478206 0.2478206 0.2333357 0.2200945 0.2497633 0.2693501 0.2518453 0.3132053 0.3313258 0.1509010 0.3206556 0.2791446 0.2999707 0.5348671 0.3677050 1.9361663 1.3196918 0.6319920 1.5526662 1.5413827 1.7127477 1.8937876 1.8781483 1.7910012 1.5498992 1.6547223 1.1499643 1.2528626 1.8041265 2.1925296 1.8336347 2.5815104 1.5185585 1.5620124 1.5110935 1.5743187 1.2570440 1.7024821 1.7814699 1.8037676 1.4048652 0.6396565 1.8363812 1.8024816 1.8942880 1.5778379 2.7645088 1.6479401 1.8285160 2.0818470 2.0299895 2.0150451 2.1064343 2.0585964 2.0731700 1.8067875 2.0101151 1.7271495 1.8264976 1.8552528 1.9514627 2.0486043 1.9383772 1.6869137 1.7133207 4.1745718 1.7796106 2.6559958 2.5721650 2.8216136 2.5808728 2.6100975 2.6520210 2.2472925 2.3144679 1.9524387 2.7347345 3.0966364 2.8667730 2.5976748 2.4470695 2.9384572 3.0800416 2.9210376 2.6142955 2.7209946 2.0320135 3.5150086 7.5219675 
Mertsp_Mesp_sb584641                                   0.2722772 0.2113198 0.2242662 0.1740418 0.2158022 0.0000010 0.0000010 0.0000010 0.0000000 0.2707240 0.2707240 0.2707240 0.2707240 0.5513663 0.2674704 0.2497633 0.2674704 0.3320299 0.3132053 0.3320299 0.0000010 0.3716892 0.2999707 0.2999707 0.5348671 0.4354317 2.5369234 1.3419095 2.2657197 1.7647739 1.7420208 1.9457920 2.1444370 2.1110706 2.0290350 1.7246833 1.8512597 0.0000010 1.2695533 2.1317992 2.1925296 2.1363947 2.5815104 1.2477401 1.8862460 1.7909441 1.9567066 1.4352013 2.0379195 2.0995411 2.1709909 6.7376406 7.6721648 2.2080420 2.1703830 2.3031348 1.4158804 2.2080420 2.0497904 2.0965936 2.7503445 2.5931661 2.5256785 2.5913451 2.5185791 2.5210617 2.1302732 2.5090148 1.9441995 2.1865563 2.1659273 2.2698370 2.5073132 2.3317400 1.9954451 2.0161989 4.0340427 2.0719685 2.8046772 2.9198508 3.2900817 2.6569787 2.7356016 2.7962823 2.8781828 2.6002655 2.1399567 2.8147222 2.6805987 3.0745656 3.2946825 3.0130469 3.5735013 3.7266625 3.5218586 2.9003989 3.0820227 2.0389897 3.5548520 7.0424527 
Drygla_Dgla_sb283531                                   0.3494804 0.2516119 0.2841868 0.2040179 0.2303572 0.2707240 0.2707240 0.2707240 0.2707240 0.0000000 0.0000010 0.0000010 0.0000010 0.4974666 0.2730372 0.2678574 0.2730372 0.3067240 0.3029996 0.3067240 0.0000010 0.4595189 0.3301808 0.3301808 0.6390183 0.4934158 2.4094664 1.4193325 2.6191160 1.9595263 1.7792130 2.1155910 2.0695476 2.0834849 1.9925791 1.7851463 1.8531587 0.0000010 1.2960975 2.1587772 2.1614605 2.2060308 2.5397765 1.2446354 2.0206205 1.8247629 2.0490721 1.3484392 1.9900991 2.0799949 2.0878465 6.2943713 7.6721648 2.1548703 2.1066804 2.3351657 1.3739833 2.1548703 2.0671118 2.1229145 2.7746646 2.5170418 2.5011922 2.7513696 2.7071897 2.6883732 2.2505106 2.5929249 2.0356195 2.2909457 2.2370556 2.3293290 2.5061894 2.3110539 2.1188572 2.0543046 4.2505514 2.1025328 2.9566016 2.9422899 3.2382012 2.7245239 2.6802542 2.9684756 2.7977616 2.6123229 2.1705658 2.7656112 2.6887848 3.3368201 3.3793653 2.9792197 3.8458472 4.0212632 3.5736193 3.0270672 3.2232515 2.2182700 3.7345712 6.1957245 
Drygla_Dgla_sb283532                                   0.3494804 0.2516119 0.2841868 0.2040179 0.2303572 0.2707240 0.2707240 0.2707240 0.2707240 0.0000010 0.0000000 0.0000010 0.0000010 0.4974666 0.2730372 0.2678574 0.2730372 0.3067240 0.3029996 0.3067240 0.0000010 0.4595189 0.3301808 0.3301808 0.6390183 0.4934158 2.4094664 1.4193325 2.6191160 1.9595263 1.7792130 2.1155910 2.0695476 2.0834849 1.9925791 1.7851463 1.8531587 0.0000010 1.2960975 2.1587772 2.1614605 2.2060308 2.5397765 1.2446354 2.0206205 1.8247629 2.0490721 1.3484392 1.9900991 2.0799949 2.0878465 6.2943713 7.6721648 2.1548703 2.1066804 2.3351657 1.3739833 2.1548703 2.0671118 2.1229145 2.7746646 2.5170418 2.5011922 2.7513696 2.7071897 2.6883732 2.2505106 2.5929249 2.0356195 2.2909457 2.2370556 2.3293290 2.5061894 2.3110539 2.1188572 2.0543046 4.2505514 2.1025328 2.9566016 2.9422899 3.2382012 2.7245239 2.6802542 2.9684756 2.7977616 2.6123229 2.1705658 2.7656112 2.6887848 3.3368201 3.3793653 2.9792197 3.8458472 4.0212632 3.5736193 3.0270672 3.2232515 2.2182700 3.7345712 6.1957245 
Drygla_Dgla_sb283527                                   0.3494804 0.2516119 0.2841868 0.2040179 0.2224653 0.2478206 0.2707240 0.2478206 0.2707240 0.0000010 0.0000010 0.0000000 0.0000010 0.2705811 0.2365986 0.2678574 0.2746745 0.2514143 0.3029996 0.3072619 0.1537033 0.3958336 0.2837844 0.3301808 0.6390183 0.4113411 1.8745261 1.3467473 0.6267614 1.6743322 1.5433466 1.7983963 1.8057504 1.8209472 1.7517143 1.5393398 1.6355719 1.1515945 1.2492371 1.8178076 2.1614605 1.8467880 2.5397765 1.5480278 1.6568399 1.5705906 1.6492141 1.2183937 1.6493311 1.7606969 1.7461124 1.3374942 0.6179750 1.8130263 1.7673075 1.9192489 1.5366366 2.6798403 1.5984985 1.8314440 2.1180232 1.9532155 1.9725176 2.2813081 2.2496611 2.2244069 1.9326122 2.1169426 1.7728958 1.9068397 1.9063922 1.9861465 2.0577339 1.9527558 1.7929788 1.7321386 4.3938909 1.8098931 2.7430308 2.6779840 2.8030383 2.6173847 2.5711117 2.7490830 2.2269517 2.3048244 2.0267113 2.6883137 3.0832175 3.1288901 2.7164481 2.4443509 3.0943531 3.2256636 2.9101467 2.6731093 2.7695869 2.2084664 3.6558086 6.7771107 
Drygla_Dgla_sb283528                                   0.3494804 0.2516119 0.2841868 0.2040179 0.2224653 0.2478206 0.2707240 0.2478206 0.2707240 0.0000010 0.0000010 0.0000010 0.0000000 0.2705811 0.2365986 0.2678574 0.2746745 0.2514143 0.3029996 0.3072619 0.1537033 0.3958336 0.2837844 0.3301808 0.6390183 0.4113411 1.8745261 1.3467473 0.6267614 1.6743322 1.5433466 1.7983963 1.8057504 1.8209472 1.7517143 1.5393398 1.6355719 1.1515945 1.2492371 1.8178076 2.1614605 1.8467880 2.5397765 1.5480278 1.6568399 1.5705906 1.6492141 1.2183937 1.6493311 1.7606969 1.7461124 1.3374942 0.6179750 1.8130263 1.7673075 1.9192489 1.5366366 2.6798403 1.5984985 1.8314440 2.1180232 1.9532155 1.9725176 2.2813081 2.2496611 2.2244069 1.9326122 2.1169426 1.7728958 1.9068397 1.9063922 1.9861465 2.0577339 1.9527558 1.7929788 1.7321386 4.3938909 1.8098931 2.7430308 2.6779840 2.8030383 2.6173847 2.5711117 2.7490830 2.2269517 2.3048244 2.0267113 2.6883137 3.0832175 3.1288901 2.7164481 2.4443509 3.0943531 3.2256636 2.9101467 2.6731093 2.7695869 2.2084664 3.6558086 6.7771107 
Bolinf_Binf_sb1173426                                  0.0000010 0.5975080 0.2355053 0.3913743 0.3943082 0.2333357 0.5513663 0.2333357 0.5513663 0.4974666 0.4974666 0.2705811 0.2705811 0.0000000 0.0171168 0.0188589 0.0484863 0.0171168 0.0188589 0.0484863 0.1225799 0.3490982 0.3077726 0.5432508 0.0000010 0.3617686 1.1332434 1.3080857 0.5344444 1.1729804 1.1472677 1.3285114 1.3930597 1.3866185 1.3429887 1.3124975 1.2800046 1.1341662 1.3138019 1.1962469 1.8062129 1.3530566 2.1749114 2.6627695 1.0714829 1.1405682 1.1181334 1.2434140 1.2686356 1.3165360 1.3053663 0.8568043 0.5017773 1.2947419 1.3250104 1.3208394 1.9164113 3.1786751 1.1607747 1.4283488 1.2972737 1.3250651 1.3266466 1.3981756 1.4625635 1.4777155 1.3659191 1.4026716 1.2691460 1.2156372 1.2478663 1.3186766 1.3083900 1.4023575 1.3099429 1.3180652 6.4542789 1.4041533 2.5336209 2.2457657 2.2246752 2.6441748 2.7242857 2.7045484 1.7668103 2.0581471 2.1439716 2.6969380 5.4245516 2.7811236 1.7964718 2.2340263 2.4185049 2.6837609 2.3283022 2.4881708 2.4017610 0.9451893 2.4532802 8.9999986 
Beraby_Baby_sb332256                                   0.1949970 0.1443444 0.1568472 0.1963897 0.2168140 0.2200945 0.2674704 0.2200945 0.2674704 0.2730372 0.2730372 0.2365986 0.2365986 0.0171168 0.0000000 0.0000010 0.0093441 0.0213682 0.0341250 0.0425491 0.1497837 0.3754261 0.2914273 0.3339510 0.5877995 0.4306758 1.8834477 1.3540144 0.6505565 1.5340761 1.4389536 1.6613227 1.7730629 1.7682151 1.7401475 1.5421783 1.5849857 1.2068752 1.2345156 1.6855426 2.0573658 1.7378148 2.2698220 1.5907032 1.4890427 1.5397860 1.5845461 1.2626264 1.6521947 1.8080331 1.8240614 1.1755667 0.5715387 1.8276345 1.8190341 1.8872466 1.5963027 2.7806594 1.5555113 1.7815609 2.0385179 2.0072246 1.9027323 2.0519840 2.0129081 2.0154105 1.6894416 1.9013291 1.7083502 1.8103658 1.8002176 1.8687602 1.9966954 1.8559537 1.7217156 1.7138309 4.3391076 1.8296172 2.7545713 2.5632603 2.7358664 2.5721752 2.4954874 2.6430350 2.1954018 2.2488617 2.0875716 2.7162898 2.9993977 2.9100599 2.4172784 2.3603548 2.8682213 3.0395001 2.7606359 2.6712247 2.6239064 1.9756455 3.6094048 7.4621132 
Beraby_Baby_sb332257                                   0.1949970 0.1443444 0.1568472 0.1963897 0.2022443 0.2497633 0.2497633 0.2497633 0.2497633 0.2678574 0.2678574 0.2678574 0.2678574 0.0188589 0.0000010 0.0000000 0.0000010 0.0341250 0.0341250 0.0341250 0.0000010 0.4298538 0.3230005 0.3230005 0.5877995 0.4912067 2.4602812 1.4096811 4.6225906 1.7703369 1.6751806 1.8763818 2.0734664 2.0701013 2.0317380 1.7750593 1.7792091 0.0000010 1.3773106 2.0042987 2.1023441 1.9795866 2.2698220 1.3156434 1.7876987 1.8046212 1.9559171 1.3483272 2.0115540 2.3886308 2.4586127 5.0087387 9.0000000 2.4308244 2.4108468 2.5580235 1.5999226 2.4308244 1.9502874 2.1144863 2.5894734 2.6193779 2.3697598 2.5474582 2.4303089 2.5189260 1.9713561 2.3312548 1.9385553 2.2983927 2.2106607 2.2747797 2.5671785 2.2549717 2.1213331 2.0147640 4.1969563 2.1322307 3.0940944 3.2541029 3.3860976 2.8342861 2.6689873 2.9628543 2.9182482 2.5472567 2.3614791 2.8806021 2.6062539 3.2302894 3.0106291 2.9579737 3.6920849 3.9032904 3.6276861 3.1070546 3.0827674 1.9817666 3.6801108 7.2146140 
Beraby_Baby_sb332260                                   0.1949970 0.1443444 0.1568472 0.1963897 0.2168140 0.2693501 0.2674704 0.2693501 0.2674704 0.2730372 0.2730372 0.2746745 0.2746745 0.0484863 0.0093441 0.0000010 0.0000000 0.0425491 0.0341250 0.0294672 3.0790253 0.4391722 0.3333253 0.3339510 0.5877995 0.5024756 2.3949746 1.6419817 4.6225906 1.7662634 1.6840702 1.8869816 2.0505532 2.0353368 1.9768507 1.8222459 1.8076152 9.0000000 1.3782175 1.9449896 2.0573658 2.0459652 2.2698220 1.3156434 1.8106652 1.8833391 2.0003217 1.5459618 2.0299260 2.1655666 2.2353257 5.0087387 9.0000000 2.2158151 2.2197269 2.3410501 1.5229728 2.1714218 1.9464685 2.0541187 2.6521097 2.5864673 2.4315377 2.4749150 2.4104416 2.4120550 1.9870990 2.2996862 1.9872874 2.2005009 2.1294224 2.2042695 2.4392868 2.2772774 2.0761610 2.0065026 4.1969563 2.1649116 3.1069204 3.1371766 3.3446471 2.8436266 2.7612958 3.0514581 2.8069562 2.4937723 2.2571970 2.8472267 2.6062539 3.0938018 2.9975648 2.9808412 3.5709973 3.8317719 3.3037304 3.1167271 2.9660726 1.9817666 3.6801108 6.8003074 
Beraby_Baby_sb332258                                   0.3613372 0.1952672 0.2307554 0.2510554 0.2707151 0.2518453 0.3320299 0.2518453 0.3320299 0.3067240 0.3067240 0.2514143 0.2514143 0.0171168 0.0213682 0.0341250 0.0425491 0.0000000 0.0000010 0.0116644 0.1497837 0.3658046 0.3042056 0.3655293 0.6066524 0.4095951 1.7131322 1.3540144 0.6505565 1.4654821 1.3616263 1.6008167 1.6660823 1.6649874 1.6471829 1.5421783 1.6374715 1.2068752 1.2068896 1.6019445 1.9364806 1.6809048 2.1822850 1.7431081 1.3831460 1.4404927 1.4186297 1.2626264 1.5364816 1.7986278 1.7937623 1.1755667 0.5715387 1.7958919 1.8116153 1.8276354 1.5963027 2.8167523 1.4857219 1.7144485 1.7525033 1.8255511 1.6941681 1.8614270 1.8275687 1.8215531 1.5343289 1.8034475 1.5429076 1.7059229 1.6971877 1.7712411 1.7412645 1.7540374 1.6427138 1.5868009 4.6077167 1.6578445 2.8616319 2.5632603 2.6780034 2.6607964 2.5902674 2.7340435 2.1207348 2.3225626 2.0062166 2.6068033 3.0647664 3.0474785 2.3559897 2.3482504 2.7157164 2.8941779 2.7525871 2.5662093 2.6989383 1.8249572 3.6222985 8.1498586 
Beraby_Baby_sb332259                                   0.3613372 0.1952672 0.2307554 0.2510554 0.2582410 0.3132053 0.3132053 0.3132053 0.3132053 0.3029996 0.3029996 0.3029996 0.3029996 0.0188589 0.0341250 0.0341250 0.0341250 0.0000010 0.0000000 0.0000010 0.0000010 0.4305096 0.3540491 0.3540491 0.6066524 0.4738735 2.2426257 1.4096811 4.6225906 1.6953582 1.5896441 1.8209348 1.9558268 1.9606109 1.9371245 1.7750593 1.8738647 0.0000010 1.3178613 1.9361476 1.9845225 1.9377197 2.1822850 1.4613273 1.6651211 1.6832340 1.7481621 1.3483272 1.8813112 2.4432742 2.4737399 5.0087387 9.0000000 2.4412659 2.4675965 2.5133299 1.5999226 2.4412659 1.9053583 2.0649567 2.1732370 2.3893020 2.0809099 2.3017158 2.1852599 2.2747606 1.7569357 2.2465934 1.7079453 2.1879125 2.1273304 2.1932304 2.1731459 2.1512774 2.0170618 1.8489329 4.3839993 1.8851731 3.3439629 3.2541029 3.3629882 3.0235434 2.8507724 3.1620490 2.8863801 2.7475103 2.2218205 2.7210986 2.6669708 3.4892788 2.9871584 2.9926575 3.5299609 3.7556812 3.7780970 2.9867702 3.3126243 1.8299207 3.7252856 8.3527628 
Beraby_Baby_sb332261                                   0.3613372 0.1952672 0.2307554 0.2510554 0.2707151 0.3313258 0.3320299 0.3313258 0.3320299 0.3067240 0.3067240 0.3072619 0.3072619 0.0484863 0.0425491 0.0341250 0.0294672 0.0116644 0.0000010 0.0000000 3.0790253 0.4421490 0.3631345 0.3655293 0.6066524 0.4901270 2.2016310 1.6419817 4.6225906 1.7005781 1.6118505 1.8410127 1.9457085 1.9354933 1.8865327 1.8222459 1.8901655 9.0000000 1.3321508 1.8753273 1.9364806 2.0214320 2.1822850 1.4613273 1.7072412 1.7876175 1.8269047 1.5459618 1.9191555 2.1874124 2.2273897 5.0087387 9.0000000 2.2044028 2.2474348 2.2876358 1.5229728 2.1559480 1.9068672 2.0022227 2.2895223 2.3844608 2.1840951 2.2546844 2.1953171 2.1887862 1.8026313 2.2221241 1.7908700 2.0960406 2.0435402 2.1228619 2.0981277 2.1903339 1.9849410 1.8627692 4.3839993 1.9521636 3.3216049 3.1371766 3.3204541 3.0060266 2.9320918 3.2364554 2.7670358 2.6512313 2.1427397 2.7078734 2.6669708 3.2986580 2.9759850 3.0125894 3.4217973 3.6987311 3.3743710 3.0146021 3.1348902 1.8299207 3.7252856 7.5164075 
Mlei_ML3259.g9.i1                                      0.0000010 0.0000010 0.0000010 0.0000010 0.0000010 0.1509010 0.0000010 0.1509010 0.0000010 0.0000010 0.0000010 0.1537033 0.1537033 0.1225799 0.1497837 0.0000010 3.0790253 0.1497837 0.0000010 3.0790253 0.0000000 0.2599243 0.2559469 0.0000010 0.0000010 0.2403175 0.8201814 1.1178225 0.4344356 1.0555633 1.0206370 1.0956702 1.1105547 1.1158742 1.0159325 1.0426024 1.0266059 0.9943954 1.0424430 0.8919856 0.0000010 0.9808212 0.0000010 5.9254804 0.7380519 0.8877512 0.6668443 0.9384752 0.8941225 0.9727075 0.9024254 0.5017773 0.5017773 1.0264781 0.9603749 0.9920791 2.3202408 7.0506600 0.8110674 1.1628423 0.8622232 0.9191162 0.9378434 1.1641239 1.1812923 1.0884223 1.0076112 1.0358897 1.0147615 1.0304087 1.1540443 1.1679558 1.1825282 1.1497363 1.0639124 1.1170898 9.0000000 1.1660524 2.0178915 1.9322206 1.7857823 2.1777396 2.0153246 1.9795017 1.1589537 1.4308468 1.7565486 2.5899769 8.9999980 2.5291468 1.2956063 1.3485249 1.6052690 1.5725910 1.6779573 1.7370162 1.7321701 1.5406116 3.0946574 7.8625007 
Lampan_Lpan_3274_01                                    0.6487365 0.4501673 0.5037916 0.4103317 0.4179585 0.3206556 0.3716892 0.3206556 0.3716892 0.4595189 0.4595189 0.3958336 0.3958336 0.3490982 0.3754261 0.4298538 0.4391722 0.3658046 0.4305096 0.4421490 0.2599243 0.0000000 0.4241246 0.4768094 0.4202212 0.3243285 1.8545656 1.2847575 0.6561393 1.5778061 1.5826097 1.7356901 1.8501764 1.8256309 1.7514954 1.5500929 1.6006212 1.1395353 1.1856597 1.7296075 2.1645577 1.8171101 2.5194659 1.5404660 1.5906392 1.5911407 1.5980419 1.2143681 1.7064624 1.8726792 1.8547901 1.3266821 0.5812510 1.8869759 1.8611536 1.9432595 1.5590849 2.7785952 1.6383368 1.8207124 2.0349912 2.0164891 1.8867892 2.0945082 2.0494893 2.0293242 1.7686060 1.9770593 1.8335932 1.7781679 1.7811368 1.8941161 1.8672063 1.9415744 1.7283117 1.5747978 4.5441431 1.7293253 2.8118118 2.5971395 2.7731175 2.6588020 2.5589521 2.6974440 2.3418860 2.2611823 1.9756700 2.6459045 3.0990030 2.9604261 2.5600056 2.3739435 2.8744880 3.0203375 2.8926805 2.7172134 2.7109320 2.0022710 3.5383898 8.0340432 
Horcal_Hcv1.av93.c2.g883.i1                            0.3665901 0.2862113 0.3172218 0.2525297 0.2703316 0.2791446 0.2999707 0.2791446 0.2999707 0.3301808 0.3301808 0.2837844 0.2837844 0.3077726 0.2914273 0.3230005 0.3333253 0.3042056 0.3540491 0.3631345 0.2559469 0.4241246 0.0000000 0.0000010 0.6199429 0.4437594 1.8850951 1.3218985 0.6287658 1.6007482 1.4888175 1.6834474 1.7912163 1.7717259 1.7302679 1.4452943 1.5736082 1.1700928 1.1852501 1.7865918 2.1176790 1.8228566 2.5615394 1.5685549 1.5444913 1.6169214 1.6924619 1.2560612 1.5856804 1.8790875 1.8579326 1.2879705 0.5719833 1.9540754 1.8897722 2.0855373 1.6945724 2.9061429 1.6632492 1.8905447 1.9373932 1.9106213 1.9266079 2.0160518 2.0062653 2.0032083 1.7488451 1.9654840 1.7519284 1.8821226 1.8852347 1.9566672 1.9805335 1.8583671 1.7526299 1.6488621 3.6951792 1.7212454 2.7917989 2.5510934 2.9607765 2.6706409 2.6789028 2.7374904 2.2780032 2.3497990 2.0121335 2.6474169 3.0662805 2.8983281 2.7846273 2.5295295 2.8571590 2.8514929 2.6697731 2.5292931 2.4994708 2.2641142 3.6473753 7.4230094 
Horcal_Hcv1.av93.c2.g883.i2                            0.3665901 0.2862113 0.3172218 0.2525297 0.2805403 0.2999707 0.2999707 0.2999707 0.2999707 0.3301808 0.3301808 0.3301808 0.3301808 0.5432508 0.3339510 0.3230005 0.3339510 0.3655293 0.3540491 0.3655293 0.0000010 0.4768094 0.0000010 0.0000000 0.6199429 0.5105864 2.4300030 1.3098150 2.4400608 1.8478570 1.6932891 1.9576292 2.0499190 2.0124720 1.9490462 1.6017902 1.7477564 0.0000010 1.1818661 2.1142810 2.1176790 2.1501976 2.5615394 1.2699217 1.8472020 1.8813751 2.0661534 1.4298958 1.9419256 2.2834056 2.2706558 5.9909472 7.6721648 2.3411789 2.2912005 2.5905923 1.5067039 2.3411789 2.1026532 2.2461897 2.5530025 2.5357914 2.4706647 2.3684515 2.3584711 2.3616181 2.0384931 2.3662516 1.9972318 2.2360855 2.2481669 2.2852355 2.3803197 2.1810828 2.0323657 1.8952563 3.5686103 1.9258691 3.0756109 2.7414375 3.5805732 2.8624049 2.8617430 3.0844240 2.7962100 2.6031680 2.0767768 2.6310128 2.6746884 2.9880389 3.5712241 3.0586689 3.5028360 3.5038739 3.2985034 2.8516982 2.8813720 2.2748336 3.7225814 6.8742595 
Coeast_Cast_sb797579                                   0.7873519 0.6264942 0.6264942 0.6170105 0.6170105 0.5348671 0.5348671 0.5348671 0.5348671 0.6390183 0.6390183 0.6390183 0.6390183 0.0000010 0.5877995 0.5877995 0.5877995 0.6066524 0.6066524 0.6066524 0.0000010 0.4202212 0.6199429 0.6199429 0.0000000 0.0000010 3.4545393 0.0000010 0.0000010 2.5534116 2.4855362 2.9789865 3.1632191 3.1966666 2.9977903 8.9999982 2.8846921 0.0000010 1.6148246 2.9505931 3.1401824 3.0680219 3.3075433 1.6759296 2.6889462 2.6289646 2.9722887 1.4297630 2.7052665 3.5515143 3.6790768 2.8960981 0.0000010 3.8074162 3.6715327 4.2940830 1.0646855 3.8074162 2.9257219 2.7180649 4.0822689 3.6547075 3.1885021 3.5052472 3.4914697 3.5231391 2.8228857 3.1481727 2.7847115 3.7927920 3.5563395 3.9364957 3.6055809 3.1788088 3.4005968 3.0223387 3.3013078 2.7601819 3.9664657 4.4509055 4.3074375 2.9756370 3.1129884 3.3234210 3.6035262 3.1859980 2.7926570 3.5271509 3.0676681 3.9148654 4.1342550 3.2574458 4.1082464 4.2808541 3.7939122 3.6663836 3.4070965 1.7900707 3.4060492 6.6506369 
Coemet_Cmet_scaffold21343_01                           0.7873519 0.5099907 0.5760252 0.4780015 0.4840745 0.3677050 0.4354317 0.3677050 0.4354317 0.4934158 0.4934158 0.4113411 0.4113411 0.3617686 0.4306758 0.4912067 0.5024756 0.4095951 0.4738735 0.4901270 0.2403175 0.3243285 0.4437594 0.5105864 0.0000010 0.0000000 1.8475213 1.4578528 0.7288403 1.6474749 1.6569603 1.7869034 1.9931811 1.9736277 1.9020119 1.6848856 1.7377909 1.2073291 1.3488158 1.8766557 2.3283250 2.0234757 2.7161074 1.6098339 1.5986835 1.6095061 1.6624985 1.3308181 1.7282147 1.8843611 1.8704394 1.2397640 0.6421727 1.9563398 1.9264908 2.0868030 1.5662987 2.8913557 1.7238492 1.9111644 2.1116190 2.0822522 2.0137050 2.1186291 2.0960841 2.1183746 1.8476612 2.0384663 1.8416053 1.9765718 2.0285542 2.1278828 1.9903722 2.0151688 1.8832454 1.7347422 3.7269352 1.8120547 2.9017188 2.7244047 2.8719206 2.6564731 2.7038798 2.7291917 2.2946166 2.3561831 2.0717604 2.7041944 2.9932720 3.0255943 2.5858602 2.5203161 2.9737730 3.2003746 2.9416611 2.7511040 2.7483251 1.9021683 3.5610361 7.9817700 
Lcom_lcpid44557                                        3.7191534 2.7952302 3.2656987 2.5764344 2.3712214 1.9361663 2.5369234 1.9361663 2.5369234 2.4094664 2.4094664 1.8745261 1.8745261 1.1332434 1.8834477 2.4602812 2.3949746 1.7131322 2.2426257 2.2016310 0.8201814 1.8545656 1.8850951 2.4300030 3.4545393 1.8475213 0.0000000 0.9124337 0.4145693 1.8522609 1.8795387 1.9233930 1.9856872 2.0261174 1.9717961 1.2794988 1.7134898 0.7524510 0.9717015 1.9696268 2.5476428 2.1424637 3.0896259 1.5194795 1.9716585 1.9730471 2.1134239 1.1788795 2.1937980 2.3605865 2.3896489 1.0533530 0.4661722 2.4355992 2.3816574 2.4191336 1.6107029 3.4316049 2.0845828 2.2301636 0.7384276 0.7450880 0.8118785 2.2087657 2.1793183 2.0260497 1.9407644 2.1796222 1.9450771 2.2073701 2.2871234 2.2216648 2.0420068 2.2805560 2.0614867 1.9466686 4.6573161 2.0915645 2.8023905 2.3646999 3.0790909 3.0498627 2.9947787 2.9864409 2.6142683 2.7062005 2.2025132 2.9937558 3.4940225 3.2664352 2.7586728 2.4763249 2.8022487 2.7733889 2.9074247 2.8133562 2.8547272 2.8581986 3.0887282 7.3805697 
Ctel_gnl_WGS_AMQN_CAPTEDRAFT_mRNA140300                0.0000010 2.2242363 1.3621748 1.1265955 1.3137232 1.3196918 1.3419095 1.3196918 1.3419095 1.4193325 1.4193325 1.3467473 1.3467473 1.3080857 1.3540144 1.4096811 1.6419817 1.3540144 1.4096811 1.6419817 1.1178225 1.2847575 1.3218985 1.3098150 0.0000010 1.4578528 0.9124337 0.0000000 0.0786684 0.3623034 0.6524928 0.3927097 0.7649788 0.7535877 0.7574154 0.8020768 0.7557108 0.5702510 0.7517443 0.7421806 0.9116436 0.7822752 1.3709757 1.0096918 0.5044661 0.4899607 0.4566743 0.6738320 0.7530816 1.0605234 1.0397448 0.9074081 0.5831143 1.0690652 1.0408414 1.0875483 1.5426776 2.3086764 0.6851638 1.0085435 0.9143310 0.8784606 0.9304425 0.9891392 1.0160585 1.0441954 0.9656235 1.1102924 0.5125890 0.9237691 0.9246310 0.9646587 0.8700005 1.1131074 0.9726170 0.7170327 5.5643275 0.7817483 1.9481208 2.3196080 2.3095395 2.0158473 2.5541306 2.2534451 1.6670000 1.6187126 1.5139495 2.0137476 2.6474543 1.8681448 1.6965770 1.8580469 1.9843380 2.1203526 1.9808658 1.7785492 2.0431798 1.1610531 2.4553424 7.7580720 
Ctel_gnl_WGS_AMQN_CAPTEDRAFT_mRNA93734                 0.0000010 3.8604176 1.1883581 2.2213507 2.2213507 0.6319920 2.2657197 0.6319920 2.2657197 2.6191160 2.6191160 0.6267614 0.6267614 0.5344444 0.6505565 4.6225906 4.6225906 0.6505565 4.6225906 4.6225906 0.4344356 0.6561393 0.6287658 2.4400608 0.0000010 0.7288403 0.4145693 0.0786684 0.0000000 0.4481884 0.5165830 0.5413753 0.5359692 0.5807936 0.5761077 0.5761077 0.5761077 0.4122204 0.6369446 0.4620352 3.1669092 0.4454319 0.0000010 3.1669092 0.4423093 0.5243891 0.5093497 0.6444902 0.7532506 0.8333530 0.7599091 0.5831143 0.5831143 0.7916614 0.7567574 0.8928055 9.0000000 5.1825869 0.5876303 0.6934773 0.6430987 0.5907214 0.6370489 0.7723038 0.7656089 0.7626971 0.7748356 0.7458921 0.6150542 0.6212010 0.6111708 0.6344054 0.6965436 0.6912627 0.7095778 0.6408756 7.9628049 0.7672276 1.1910031 1.5632160 1.5154178 1.3413290 1.4375909 1.4164055 1.2274955 1.7324434 1.7263923 2.5478646 4.1418731 2.4492729 1.0089468 1.3198569 1.1199870 1.0618799 1.2701612 0.8385145 1.2888545 1.5406116 2.8865719 5.6866438 
Acagra_model.g6384.t1                                  3.1744468 2.1796153 2.4343881 1.8793357 1.8498903 1.5526662 1.7647739 1.5526662 1.7647739 1.9595263 1.9595263 1.6743322 1.6743322 1.1729804 1.5340761 1.7703369 1.7662634 1.4654821 1.6953582 1.7005781 1.0555633 1.5778061 1.6007482 1.8478570 2.5534116 1.6474749 1.8522609 0.3623034 0.4481884 0.0000000 0.8092439 0.5061014 1.3044816 1.3147948 1.2657391 0.9268081 1.1372141 0.6073734 0.6286561 1.3155992 1.5631752 1.3258269 1.7664012 0.8444064 0.8118805 0.7944622 1.1077652 0.5864646 1.1280766 1.8132703 1.8530477 1.1890082 0.7228984 1.8818933 1.7979721 1.8869830 1.2528625 2.5915848 0.9997243 1.4253944 2.1241457 1.8760230 2.0878104 1.6340553 1.6109719 1.6171969 1.5160762 1.6585368 0.9103572 1.8982882 2.0021555 1.8960177 1.8012381 1.6441750 1.6962348 1.5738051 3.4555404 1.5131439 2.6119290 2.1846469 2.6770137 2.6222738 2.9535162 2.4945845 2.1303923 2.4050624 1.8245041 2.6861904 2.7431427 2.4791470 2.3560356 2.3430406 2.7870751 2.7419947 2.7036566 2.5016452 2.6404619 2.4044621 2.7511512 5.2726850 
Bralan_BLAG12000333_1                                  2.6012836 1.9484801 2.1506382 1.7934676 1.7325487 1.5413827 1.7420208 1.5413827 1.7420208 1.7792130 1.7792130 1.5433466 1.5433466 1.1472677 1.4389536 1.6751806 1.6840702 1.3616263 1.5896441 1.6118505 1.0206370 1.5826097 1.4888175 1.6932891 2.4855362 1.6569603 1.8795387 0.6524928 0.5165830 0.8092439 0.0000000 0.8642354 1.3086026 1.3310564 1.3453756 0.9443040 1.1138362 0.6715589 0.6563164 1.3048066 1.5286378 1.3927288 1.6305935 0.8519596 0.7525025 0.8851306 1.2109357 0.6661725 1.0516348 1.7420526 1.8338675 0.9603700 0.5081000 1.7996453 1.7987155 1.8618045 1.2036702 2.4507231 0.9636572 1.4215580 2.0583048 1.9234212 2.0810910 1.5067320 1.5276952 1.4932214 1.3958170 1.5037927 1.0100462 1.8184298 1.9968277 1.9993377 1.7522290 1.4871248 1.7948573 1.6116469 3.4410491 1.6294780 2.4886881 1.9678312 2.4808810 2.6621806 2.7757107 2.6164674 2.2348061 2.3627150 1.7992979 2.5200063 2.6023641 2.3635445 2.4948931 2.1877350 2.9086894 2.8298405 2.7029702 2.3432055 2.9594309 2.2711914 2.8443732 4.9706261 
Cgig_XM_034463920.1                                    3.3524086 2.3598225 2.6979067 2.0329250 1.9255117 1.7127477 1.9457920 1.7127477 1.9457920 2.1155910 2.1155910 1.7983963 1.7983963 1.3285114 1.6613227 1.8763818 1.8869816 1.6008167 1.8209348 1.8410127 1.0956702 1.7356901 1.6834474 1.9576292 2.9789865 1.7869034 1.9233930 0.3927097 0.5413753 0.5061014 0.8642354 0.0000000 1.3494350 1.3787883 1.3064464 0.9901093 1.1871462 0.7132431 0.6859273 1.3351934 1.5871413 1.4831226 1.8082264 0.8113652 0.8037799 0.7509140 1.1635012 0.6148175 1.0997494 1.8250879 1.8383377 1.1823802 0.7928752 1.9144503 1.8498885 1.9613752 1.3428922 2.5614107 1.0819769 1.4713825 2.0311921 1.8488325 2.1220827 1.5786655 1.5085901 1.5843127 1.4362676 1.6285349 1.0129701 1.8796839 2.0362281 1.9330745 1.8163125 1.6290937 1.7914321 1.5805618 3.5174043 1.5645624 2.6680817 2.3215968 2.7242482 2.6603304 3.1511508 2.8528174 2.2746328 2.4334496 1.7439670 2.7009789 2.8273257 2.4913788 2.4114653 2.2323786 2.8828705 2.6432091 2.7018984 2.4986322 2.7195324 2.7531808 2.7369645 5.0607717 
Spis_XP_022803441_1                                    3.3141737 2.3357694 2.6752404 2.0634043 1.9630608 1.8937876 2.1444370 1.8937876 2.1444370 2.0695476 2.0695476 1.8057504 1.8057504 1.3930597 1.7730629 2.0734664 2.0505532 1.6660823 1.9558268 1.9457085 1.1105547 1.8501764 1.7912163 2.0499190 3.1632191 1.9931811 1.9856872 0.7649788 0.5359692 1.3044816 1.3086026 1.3494350 0.0000000 0.0532935 0.1417596 0.1498739 0.1713546 0.0445945 0.0781155 0.5492081 0.1423901 0.5693141 0.2639273 0.3826490 1.3719204 1.4247363 1.6905230 0.8610327 1.5723442 2.0317414 2.0775863 0.9447926 0.4582153 2.0546686 2.0531425 2.1395505 1.1985747 3.0390002 1.4606339 1.0533071 2.1250702 2.0514650 2.2113066 1.4553312 1.3690109 1.4091413 1.2342212 1.3413481 1.3599000 2.2322480 2.3784010 2.3157104 2.1092313 1.4248096 2.0595507 1.8255080 4.3051928 1.8638742 2.7289256 1.8889287 2.6053966 2.5164389 2.8896106 2.7251176 2.2022781 2.5163516 1.9677661 2.8020060 2.7736872 2.5801834 2.8612578 2.3469085 2.7665055 2.7914727 2.8439104 2.4888770 2.9651923 2.7059854 3.4942814 5.6340571 
Pocdam_XM_027192476.1                                  3.1823657 2.3020082 2.6006860 2.0420491 1.9339186 1.8781483 2.1110706 1.8781483 2.1110706 2.0834849 2.0834849 1.8209472 1.8209472 1.3866185 1.7682151 2.0701013 2.0353368 1.6649874 1.9606109 1.9354933 1.1158742 1.8256309 1.7717259 2.0124720 3.1966666 1.9736277 2.0261174 0.7535877 0.5807936 1.3147948 1.3310564 1.3787883 0.0532935 0.0000000 0.1316729 0.1644179 0.1746166 0.0807503 0.0914025 0.5400476 0.1207459 0.5800632 0.2491628 0.3911209 1.3815506 1.4220530 1.6820343 0.8759590 1.5970286 1.9918159 2.0335323 0.9187582 0.4353001 2.0164925 2.0167333 2.1048390 1.1991786 2.9918383 1.5142502 1.0469247 2.1687151 2.1195824 2.2219517 1.4837786 1.4009616 1.4440750 1.2533245 1.3336706 1.3789728 2.2366536 2.3783438 2.2980581 2.0826083 1.4376623 2.0626176 1.8546530 4.2111842 1.8512154 2.7486532 1.8771693 2.6491319 2.5740143 2.9121606 2.7154863 2.2676658 2.6082370 1.9204449 2.8487065 2.8666211 2.5672924 2.8365907 2.3461539 2.8053498 2.8406004 2.9372488 2.5736172 2.9564279 2.6888699 3.4951529 5.6329088 
Gasp_gasp1.m3.18699.m1                                 3.2283863 2.2878273 2.5618444 2.0169762 1.9205740 1.7910012 2.0290350 1.7910012 2.0290350 1.9925791 1.9925791 1.7517143 1.7517143 1.3429887 1.7401475 2.0317380 1.9768507 1.6471829 1.9371245 1.8865327 1.0159325 1.7514954 1.7302679 1.9490462 2.9977903 1.9020119 1.9717961 0.7574154 0.5761077 1.2657391 1.3453756 1.3064464 0.1417596 0.1316729 0.0000000 0.1694044 0.1828704 0.0429041 0.0738285 0.5420864 0.1313653 0.5971663 0.2620562 0.4007621 1.3491210 1.4745749 1.6740046 0.8510198 1.4952490 1.9561026 1.9881196 0.9302175 0.4490740 1.9670585 1.9598450 1.9956372 1.1583448 2.9259587 1.4519563 1.0313064 2.1609444 2.0164419 2.1874539 1.4468259 1.4108691 1.4280840 1.2228511 1.3634546 1.4214574 2.1215153 2.2922535 2.2517547 2.0296138 1.4408364 2.0189464 1.7935051 4.3010633 1.8364306 2.6511824 1.8655169 2.6023043 2.6140129 2.9113847 2.6259142 2.2341218 2.3744261 1.8830311 2.7304583 2.8331337 2.5345994 2.7556446 2.3066221 2.6671086 2.6850862 2.7985978 2.5301320 3.0051317 2.5258416 3.4413068 5.6539664 
Amil_Amillepora12363-RA                                7.7119146 2.2603410 4.0905727 1.6650091 1.6034340 1.5498992 1.7246833 1.5498992 1.7246833 1.7851463 1.7851463 1.5393398 1.5393398 1.3124975 1.5421783 1.7750593 1.8222459 1.5421783 1.7750593 1.8222459 1.0426024 1.5500929 1.4452943 1.6017902 8.9999982 1.6848856 1.2794988 0.8020768 0.5761077 0.9268081 0.9443040 0.9901093 0.1498739 0.1644179 0.1694044 0.0000000 0.0112131 0.0267308 0.1419679 0.5246019 0.2776195 0.5735424 0.4652983 0.3119670 0.9328142 1.0491170 1.0259303 0.8728073 1.0637508 1.2178696 1.2122788 0.8574121 0.4490740 1.2005854 1.1996995 1.2351507 1.0893221 2.2335672 1.0112120 0.7805436 1.3721907 1.3300150 1.3689352 0.9747485 0.9184704 1.0272235 0.9572844 1.0742778 1.1795059 1.4049145 1.4951590 1.4889571 1.2449570 1.1970851 1.3354837 1.1313471 4.7550181 1.1368733 1.9441251 1.8673597 2.1431813 1.9408304 2.1435524 2.3100380 1.7886385 1.9752585 1.5437377 2.2243537 2.5902741 2.1687731 2.2122751 2.0165173 1.9772962 2.0979804 2.1263017 2.0204443 2.2462134 1.8126684 3.2361816 5.9993154 
Adig_XM_015915952.1                                    3.4898391 2.1162791 2.4907998 1.7770299 1.7190600 1.6547223 1.8512597 1.6547223 1.8512597 1.8531587 1.8531587 1.6355719 1.6355719 1.2800046 1.5849857 1.7792091 1.8076152 1.6374715 1.8738647 1.8901655 1.0266059 1.6006212 1.5736082 1.7477564 2.8846921 1.7377909 1.7134898 0.7557108 0.5761077 1.1372141 1.1138362 1.1871462 0.1713546 0.1746166 0.1828704 0.0112131 0.0000000 0.0232306 0.1405875 0.4661767 0.2293284 0.5402824 0.2410363 0.5216100 1.1050921 1.1680241 1.3636403 0.8907130 1.3042138 1.6292454 1.6147854 0.8884478 0.4490740 1.6123016 1.6228960 1.6246464 1.1711246 2.5800598 1.2108901 0.9528674 1.8165243 1.8241297 1.8322127 1.2147828 1.1302159 1.2030237 1.0632202 1.1461671 1.2369499 1.8505404 1.9037564 1.9561134 1.5957653 1.2565941 1.7345041 1.4217791 3.7149272 1.4720430 2.4492182 1.9976304 2.4345407 2.4902902 2.6598808 2.6957315 2.1570452 2.4182578 1.8811388 2.7969393 3.0102491 2.6247004 2.7677223 2.3741982 2.6299036 2.7585253 2.7470944 2.5121419 2.9107398 2.3698770 3.3692301 6.3647471 
