82
Emue_Em0011g293a.t1                                    0.0000000 0.0505512 0.1793038 0.2937297 0.7520261 1.0702330 1.0490186 1.2263939 1.2262196 1.4835149 1.3514949 1.0629687 1.2337478 1.2562023 1.2939950 1.2380670 1.1964281 1.3007710 1.0114457 1.4721687 1.2480359 1.3608504 1.3003395 1.8170458 1.9300717 1.5287478 1.5912666 1.3581711 1.7354756 1.4159040 1.5060432 1.5000355 2.2180331 2.1811972 1.8865017 2.0578340 1.5763079 1.3822149 1.6258845 1.6278009 2.5861162 2.9766751 1.0450499 1.5438739 2.2440006 2.2466788 2.3943295 2.2429296 2.3165170 2.4150038 2.4214939 2.3045883 2.3258146 2.2624614 3.2803503 3.3899201 1.9417185 2.0103467 1.9920850 2.0514296 2.0511635 2.1662431 2.1703484 2.0022546 2.8495954 2.8037365 2.5330970 2.7702695 3.4161281 2.7099000 1.9664626 2.3852924 3.2211301 3.4123024 3.0995019 2.6413375 3.4913692 3.3506849 2.4686411 2.6548129 3.3245878 2.7995897 
Spolac_c91717_g1_i1_m.7165c106171-g1                   0.0505512 0.0000000 0.0000010 4.3703530 0.5577714 0.7746367 0.7852927 0.8609872 0.8763373 1.2648389 1.1210682 1.1137855 1.1076237 1.0443572 1.1830709 1.0402248 1.0343192 1.0596569 1.0845038 1.0078263 1.0298599 1.0721467 1.0682482 3.0048326 1.7872276 1.5442407 1.6591806 1.5016149 1.7855533 1.0943344 1.1533844 1.2284089 1.4465887 1.4250862 1.4130475 1.4024866 1.4443585 0.0000010 1.3264449 1.3276091 0.0000010 2.4708839 0.0000010 0.0000010 2.2125288 2.2495239 2.0047583 2.2015299 2.0734483 2.0741747 2.0890814 2.0890814 2.3365888 2.1433827 3.2638817 6.1176480 1.4732487 1.6989234 1.6978463 1.5926290 1.5926290 1.6983760 1.7332194 1.7888345 2.4737125 2.6290031 2.1415718 2.8335679 2.9425295 2.2704500 2.7906055 2.1580196 2.7761584 2.4815399 2.7112014 1.9961636 2.6649583 2.8826994 1.9254261 1.9208823 2.8459173 2.0394625 
Spolac_c106171_g1_i1_m.45056c106171-g1                 0.1793038 0.0000010 0.0000000 0.0000010 1.0443869 1.6892443 1.5181860 1.5020388 1.5736251 1.9141050 1.4876896 1.3150134 1.4833080 1.5702080 1.5460295 1.7494171 1.3495272 1.6674788 0.0000010 2.0574349 1.4204347 1.7574023 1.7082143 1.6334934 2.5013113 1.9100523 1.7468366 1.6767656 2.0276342 1.6959126 1.8716944 2.0406142 3.0754396 2.7808623 1.8830474 2.3337032 1.9927777 1.5901298 1.7365561 1.7365561 2.1430948 3.4233587 0.8497560 1.3228172 1.2878737 1.2878737 2.8069729 2.1636163 9.0000000 2.1704529 2.1704529 9.0000000 2.2965267 2.0008937 2.2432020 2.2154950 2.4843946 2.4272450 2.2622618 2.4530875 2.4517936 2.3834108 2.4484015 2.0728479 4.0532358 3.5514262 2.7595791 0.0000010 3.6620228 3.0720811 1.9713077 2.2066346 3.6808496 5.2655461 3.7295680 2.8212169 4.2722740 3.6629069 2.7556711 3.3657216 3.3691910 9.0000000 
Spolac_c91717_g2_i1_m.7166c106171-g1                   0.2937297 4.3703530 0.0000010 0.0000000 0.8062801 1.0060811 0.9601193 1.1245949 1.1964624 1.1812219 1.2023337 1.3007862 1.1768455 1.1548847 1.0480675 1.1443035 1.0969419 1.2486546 1.9366798 1.2146359 1.1247560 1.3750589 1.2518409 1.5413362 1.3893834 1.4562012 1.4106758 1.2980519 1.6114952 1.4940912 1.5677979 1.2555570 2.9945562 2.8125812 2.8885405 2.9011848 1.4962956 0.0000010 1.9359021 1.9513179 0.0000010 3.5133440 0.0000010 0.0000010 2.4647059 2.2368952 2.3129775 2.3522569 3.0550666 2.7433138 2.7433138 2.9528648 1.9133725 2.3665139 3.5124487 2.5853963 1.9861708 2.0009018 2.0548073 2.0516397 2.0516397 2.2702577 2.2702577 1.5311659 3.2171439 2.8075053 2.7812782 1.3521983 3.4094266 3.2790018 1.5362157 2.7364269 3.6393713 3.8739633 3.3304375 3.9794315 4.3400837 3.6193549 3.0103754 2.5444576 3.8518872 1.8890254 
Tetwil_g12460.t2                                       0.7520261 0.5577714 1.0443869 0.8062801 0.0000000 0.9342372 0.9010979 1.2274721 1.1716642 1.3269662 1.2832258 0.9608285 1.1064763 1.1435778 1.2194508 1.1811849 1.1287629 1.1767809 0.9484613 1.4016642 1.2785734 1.4237197 1.1688637 1.6493253 1.5196358 1.3742934 1.4708972 1.1910703 1.6323988 1.2569058 1.3537360 1.4300546 1.9754901 1.9648915 1.6644424 1.7717018 1.5030502 1.6529376 1.5301354 1.5285342 2.3209491 2.9088665 0.9994031 1.1608255 2.4337657 2.4598032 2.4487776 2.3211265 2.6536771 2.5307996 2.5395154 2.6971967 2.4215004 2.3185047 3.2137379 3.1456836 1.6734494 1.8986293 1.9203314 1.9180626 1.9178134 1.9716737 2.0102468 1.6819198 2.6283056 2.5479853 2.6249299 2.5122771 3.1567110 2.4852558 1.8575897 2.4720642 3.3440875 3.3355204 3.3343600 2.6129701 3.4755396 3.5959310 2.4698014 2.5277058 3.0221060 2.3939880 
Aque_Aqu2.1.30075_001                                  1.0702330 0.7746367 1.6892443 1.0060811 0.9342372 0.0000000 0.4479696 1.3823211 1.3090252 1.4341133 1.4586036 1.1563711 1.3871277 1.4284311 1.5219617 1.4838362 1.3543517 1.4680135 1.1958436 1.4490641 1.4049188 1.5179870 1.4332721 1.9671863 1.8328790 1.6395344 1.7212514 1.3852108 1.8424404 1.6163180 1.6416040 1.4591888 2.2565376 2.2332371 1.9394732 1.9622750 1.6653203 2.2583996 1.6852007 1.6795502 2.4780601 2.7638833 1.4326648 1.0004186 2.6574094 2.7062213 2.3248056 2.2621793 2.8019633 2.5772949 2.5843490 2.7081829 2.3282492 2.3011287 3.0019782 3.7618962 1.9257201 2.0484211 2.0617658 2.0446700 2.0435054 2.1061862 2.1928806 1.8785891 2.8068408 2.7321467 2.4250947 2.4428126 3.3042412 2.6241279 1.9591455 2.3139806 3.4115309 3.3117938 3.3367359 2.8421169 3.6692905 3.3760773 2.5210502 2.5071232 2.9127340 2.5920748 
Halamb_c52932_g1_i1m.34301                             1.0490186 0.7852927 1.5181860 0.9601193 0.9010979 0.4479696 0.0000000 1.3836856 1.3288151 1.4769744 1.4949220 1.0519023 1.3547047 1.4000635 1.4695452 1.4474930 1.3146134 1.4010317 1.2082171 1.4753123 1.4647870 1.5377259 1.3983531 1.8454426 1.7661307 1.5272157 1.6365434 1.3651125 1.8699503 1.5973888 1.6776590 1.4381686 2.2044552 2.1980265 1.8877680 2.0049127 1.7066444 2.2018874 1.7016490 1.7056521 2.4984415 2.6965923 1.4046718 0.8576442 2.4413477 2.6390360 2.4355960 2.3560887 2.6432520 2.4972005 2.5040092 2.5726232 2.3617189 2.2331715 2.9972613 4.1230948 1.9951605 2.2133656 2.2321008 2.2006248 2.1993216 2.2261021 2.3251621 1.9220753 2.7238077 2.6662870 2.5266397 2.8418554 3.2015789 2.7256070 1.9630681 2.4058163 3.8015005 3.3350416 3.4857002 2.8308841 3.3151701 3.3381991 2.4254912 2.4300425 2.9943976 2.7071981 
Bralan_BLAG13000406_1                                  1.2263939 0.8609872 1.5020388 1.1245949 1.2274721 1.3823211 1.3836856 0.0000000 0.7465393 0.8868396 0.8471230 0.9522714 0.9822193 0.9978180 1.0859831 1.0474126 0.9642390 1.0235623 0.8013362 1.0213957 1.0071373 0.9965229 1.4414937 1.6693992 1.6207407 1.2876528 1.4817942 1.1569044 1.6273965 1.1353612 1.2618549 0.9874960 2.0735800 1.9287404 1.7439021 1.9269921 1.6941473 2.5654478 1.1012301 1.1008496 2.1507347 2.6931351 1.9916340 2.4745722 2.2175488 2.3176809 2.4180776 2.3631162 2.6111569 2.6876879 2.6946541 2.5875239 2.4392179 2.4672091 3.4625703 3.2431145 1.4824308 1.8690824 1.8123462 1.8531152 1.8579019 1.8353974 1.8770132 1.7552759 2.5563049 2.4865399 2.3407106 2.3805457 3.4740243 2.8050487 1.9643928 2.4415250 3.4915085 3.4500318 3.3008486 2.6705289 3.2626360 3.2442618 2.3336528 2.5785920 3.1153394 2.5720357 
Skow_XM_006820837.1                                    1.2262196 0.8763373 1.5736251 1.1964624 1.1716642 1.3090252 1.3288151 0.7465393 0.0000000 0.8856870 0.8947374 0.9994485 1.1205853 1.1233446 1.1387017 1.1913120 1.0643116 1.1203343 0.8119330 1.0966991 1.0778396 0.9840640 1.3270514 1.5634724 1.4259173 1.3293012 1.4954660 1.1565872 1.5940170 1.1200200 1.1961157 1.0924144 1.9107511 1.8878574 1.6612546 1.8429028 1.6505113 2.6840411 1.1460317 1.1400634 1.9431914 2.8161888 1.6934158 1.9956838 2.2128694 2.3285638 2.4403432 2.3540665 2.5472600 2.5689482 2.5755924 2.4993943 2.3835326 2.4813668 3.0012714 3.2287928 1.5067444 1.7857600 1.7812449 1.7927984 1.7882952 1.7808155 1.8172744 1.8464063 2.7133023 2.5757656 2.4809308 2.3781882 3.1992101 2.6739284 1.6140008 2.3967550 3.5935211 3.2800666 3.6922050 2.5852581 3.1683763 3.0459363 2.3208750 2.4736653 3.0038227 2.5709855 
Acagra_model.g12330.t1                                 1.4835149 1.2648389 1.9141050 1.1812219 1.3269662 1.4341133 1.4769744 0.8868396 0.8856870 0.0000000 0.4802729 1.0949592 1.1695440 1.1736758 1.2192660 1.2879758 1.1735676 1.2479656 1.0862589 1.1379636 1.2040487 0.9614018 1.5149673 1.8757813 1.6852342 1.3670185 1.5415739 1.2586123 1.6759114 1.3668048 1.4872441 1.1624976 2.0160630 2.0152794 1.9012181 2.0286682 1.6874458 2.0960021 1.3005799 1.2976025 2.3702163 2.7131057 1.9921439 2.0476745 1.7812333 2.0665743 2.1330117 2.1573644 2.3718188 2.4320486 2.4326780 2.3192055 2.2195152 2.2058460 3.0027118 3.5978519 1.5778717 1.8329948 1.8131640 1.8558087 1.8641001 1.8617380 1.9090422 1.6754145 2.7406238 2.6466213 2.6366394 2.5028452 3.4734307 2.9099514 2.0658840 2.4068618 3.6128362 3.3357809 3.7015574 2.5811724 3.4466031 3.2484750 2.6154953 2.6770350 3.5070207 2.4858674 
Cgig_XM_011438739.3                                    1.3514949 1.1210682 1.4876896 1.2023337 1.2832258 1.4586036 1.4949220 0.8471230 0.8947374 0.4802729 0.0000000 1.0713367 1.1653795 1.1739705 1.2533351 1.2924737 1.1845275 1.2056061 0.9756857 1.1852298 1.1180695 0.9820044 1.4802508 1.9591801 1.7116532 1.3620808 1.5977814 1.2152098 1.6972726 1.3236384 1.4718905 1.1541628 2.0758030 1.9774387 1.9380074 1.9915230 1.5986134 1.8121810 1.3189441 1.3070137 2.2889739 2.9343945 1.8470971 2.1493600 2.0538935 2.1742865 2.2794837 2.2207582 2.6321966 2.5754247 2.5821799 2.6030878 2.3999153 2.4042777 3.2552343 3.8741663 1.6587846 1.7518430 1.7263866 1.7904454 1.7902037 1.8267401 1.8458026 1.5597504 2.7940796 2.6716175 2.6069256 2.5614996 3.6360023 3.0027011 1.9791438 2.6354199 3.7366981 3.7211846 3.6341090 2.6743685 3.6315861 3.5893259 2.6071858 2.6753747 3.5154845 2.6740200 
Plajan_Pjan_scaffold17080_01                           1.0629687 1.1137855 1.3150134 1.3007862 0.9608285 1.1563711 1.0519023 0.9522714 0.9994485 1.0949592 1.0713367 0.0000000 1.0911509 1.1053064 1.1189059 1.0895528 1.0774084 1.1167765 1.2627951 1.1842264 1.1329158 1.2935772 1.2764068 1.4589389 1.3541173 1.3538059 1.3139164 1.2293310 1.5427341 1.1510314 1.2174831 1.1441494 1.6602988 1.6876999 1.6871475 1.7619002 1.1276225 1.4583921 1.2633711 1.2454548 9.0000000 3.0136440 0.0000010 1.2707905 2.3949364 2.5610900 2.2089057 2.1584885 2.7777132 2.6164152 2.6308800 2.7852327 2.3140357 2.4435344 3.0287556 5.1023418 1.6526648 1.8908622 1.9223721 1.7935049 1.7935049 1.7368972 1.7791038 1.4867623 2.6010542 2.3392839 2.3829744 2.4534315 3.3195358 3.1311847 1.7743983 2.3817521 3.6501554 3.7007081 3.5437205 2.9219839 3.4423658 3.5212710 2.4670222 2.2156710 3.3845580 2.2070817 
Spis_XP_022800146_1                                    1.2337478 1.1076237 1.4833080 1.1768455 1.1064763 1.3871277 1.3547047 0.9822193 1.1205853 1.1695440 1.1653795 1.0911509 0.0000000 0.1520158 0.1996768 0.1564108 0.2359640 0.3167598 0.2364326 0.9102671 0.8435918 1.3231908 1.4165426 1.6298398 1.5287372 1.3527524 1.4630992 1.2600413 1.6311885 1.1037055 1.2440789 1.3338786 1.9405138 1.8724036 1.5223988 1.7026342 1.5087726 1.7052210 1.3019937 1.3079167 2.1524925 2.8576778 1.7595771 1.7839723 2.3710271 2.4047057 2.2097445 2.1732351 2.5821013 2.4916818 2.4953969 2.6022734 2.3881066 2.4791610 3.1067524 3.1420221 1.5690963 1.8396435 1.8398213 1.8647495 1.8634659 1.8323262 1.8599304 1.7593306 2.9746808 2.8736665 2.5881219 2.2878208 3.3153046 2.8391720 1.8161703 2.6012464 3.3755761 3.5045895 3.3784925 2.9087027 3.4774392 3.5564398 2.4441477 2.7917719 2.8802775 2.7182722 
Gasp_gasp1.m3.15912.m1                                 1.2562023 1.0443572 1.5702080 1.1548847 1.1435778 1.4284311 1.4000635 0.9978180 1.1233446 1.1736758 1.1739705 1.1053064 0.1520158 0.0000000 0.1310088 0.2337486 0.2144726 0.2840462 0.2366428 0.9341515 0.8621256 1.2825155 1.4125797 1.6496419 1.4938298 1.2862333 1.4450625 1.1670572 1.6270676 1.1156745 1.2540144 1.3725200 1.9549437 1.9235504 1.5265793 1.7562067 1.5512692 1.8338736 1.3458315 1.3500735 2.2337201 2.8553585 1.8555004 1.9422289 2.3201283 2.3602210 2.2936925 2.2633262 2.5574662 2.5919635 2.6018726 2.5978174 2.4588414 2.5291974 3.3177343 3.3420171 1.5305651 1.8691229 1.8363526 1.8413793 1.8425772 1.8793218 1.9087357 1.8254404 2.9041999 2.9138438 2.5260268 2.2059663 3.3785152 2.8236864 1.8511486 2.6738722 3.3658113 3.3619392 3.3997452 2.9904266 3.5712455 3.5804306 2.5596055 2.8523877 3.0234880 2.6686232 
Fspp_ffun1.m4.28913.m1                                 1.2939950 1.1830709 1.5460295 1.0480675 1.2194508 1.5219617 1.4695452 1.0859831 1.1387017 1.2192660 1.2533351 1.1189059 0.1996768 0.1310088 0.0000000 0.2947016 0.2482229 0.3225151 0.2132463 0.9019357 0.8249011 1.3361446 1.4567519 1.8034207 1.5146390 1.2723158 1.5493107 1.1715790 1.6065681 1.1219432 1.2697775 1.4580129 2.0485590 1.8784271 1.5697047 1.8062110 1.4008993 1.6550440 1.3941395 1.3996490 2.2577148 3.0087337 1.8201495 2.0893719 2.6889049 2.6124604 2.3945197 2.2903366 2.9281271 2.6856419 2.6922078 2.9822209 2.3381557 2.6077867 3.1828525 2.3380962 1.6487497 1.7905901 1.7644674 1.7836990 1.7851961 1.8840074 1.9118801 1.9629034 2.9242316 2.9804337 2.5022580 1.6558485 3.3353839 2.9118743 1.7241507 2.9646837 4.0224233 4.0134464 3.7999610 3.2266387 3.7113010 3.5872602 2.6631926 2.6810903 2.9462209 3.1922031 
Pocdam_XM_027190970.1                                  1.2380670 1.0402248 1.7494171 1.1443035 1.1811849 1.4838362 1.4474930 1.0474126 1.1913120 1.2879758 1.2924737 1.0895528 0.1564108 0.2337486 0.2947016 0.0000000 0.3050081 0.3763776 0.2205267 1.0252494 0.9341230 1.3650041 1.4803957 1.6328486 1.5538901 1.3553262 1.5552247 1.1832441 1.7295166 1.2114001 1.3264336 1.4227580 2.0691741 2.0461075 1.5641348 1.7825720 1.5519505 1.8558353 1.3726673 1.3720656 2.6684647 2.8974053 2.0497552 2.1378235 2.3036358 2.3733650 2.2810613 2.2328707 2.5025595 2.4880339 2.4917044 2.5326495 2.4908659 2.5690936 3.1951405 3.2256396 1.6992239 1.9591254 1.9102137 1.9296529 1.9348030 1.9163488 1.9476992 1.8662480 3.0221025 2.9151819 2.5016575 2.3244024 3.5062838 2.9468053 1.9109946 2.6696362 3.5097137 3.3860545 3.5385791 2.9891346 3.4274247 3.5562555 2.5964786 2.9526744 2.8558182 2.7052409 
Gfas_gfas1.m1.361.m1                                   1.1964281 1.0343192 1.3495272 1.0969419 1.1287629 1.3543517 1.3146134 0.9642390 1.0643116 1.1735676 1.1845275 1.0774084 0.2359640 0.2144726 0.2482229 0.3050081 0.0000000 0.2445176 0.1931584 0.9054290 0.8304782 1.2833448 1.3044237 1.6351696 1.4800565 1.2721127 1.4105078 1.1513682 1.5316768 1.1124077 1.2164117 1.3317770 1.9745684 1.8174596 1.5032504 1.7031967 1.4860272 1.7644234 1.3671306 1.3730201 2.2099210 2.6906862 1.7145759 1.9483313 2.2522256 2.3305206 2.2027580 2.1604875 2.5681426 2.5353328 2.5390606 2.5984109 2.3840704 2.4356389 3.1199415 3.0196314 1.5515834 1.8320252 1.7967451 1.8377321 1.8388303 1.8750005 1.9122336 1.8860549 3.0517338 2.9506456 2.3154358 2.2686197 3.3530401 2.7531650 1.7982145 2.4878488 3.3379580 3.2824159 3.2352405 2.8568848 3.3802587 3.4769058 2.4327642 2.7059153 2.8489285 2.5710563 
Amil_Amillepora25045-RA                                1.3007710 1.0596569 1.6674788 1.2486546 1.1767809 1.4680135 1.4010317 1.0235623 1.1203343 1.2479656 1.2056061 1.1167765 0.3167598 0.2840462 0.3225151 0.3763776 0.2445176 0.0000000 0.0461987 0.9678967 0.8633441 1.2806931 1.4336305 1.7006545 1.5131583 1.2965387 1.5076538 1.1924771 1.6266254 1.1526579 1.2913901 1.3735182 2.0703121 2.0137686 1.6431781 1.8064168 1.5134944 1.6633478 1.3895088 1.3918085 2.4590021 2.8154364 1.8124976 2.0485012 2.2738921 2.3283531 2.4063016 2.2158814 2.6252926 2.6865601 2.6874325 2.6418284 2.5739415 2.6527902 3.5787505 3.3609229 1.6596728 1.9662087 1.9121263 1.8918635 1.8930457 1.9179930 1.9763209 1.9110185 3.1523420 2.9401422 2.5462656 2.1858166 3.3784700 2.7499081 1.8458875 2.7586047 3.4936840 3.2195085 3.3491846 2.8558123 3.3209964 3.3946933 2.6351314 2.8403615 2.8470059 2.6161573 
Adig_XM_015906081.1                                    1.0114457 1.0845038 0.0000010 1.9366798 0.9484613 1.1958436 1.2082171 0.8013362 0.8119330 1.0862589 0.9756857 1.2627951 0.2364326 0.2366428 0.2132463 0.2205267 0.1931584 0.0461987 0.0000000 0.7065971 0.6888911 1.1298758 1.2186271 1.7839315 1.1697948 1.3961972 1.2517251 1.3695277 1.4553769 0.9276036 0.9516785 1.1808092 1.2772522 1.2118724 1.1229485 1.1986124 1.3699691 0.0000010 1.2444387 1.2498151 0.0000010 1.9919534 0.0000010 0.0000010 1.7965936 1.9205135 1.9282054 1.9772191 1.9877538 2.0224835 2.0244333 2.0244333 2.4844651 2.3361664 3.3255241 6.4154830 1.2444069 1.6717988 1.6629105 1.5488245 1.5488245 1.6768659 1.6768659 1.8183324 2.7956744 2.6389258 2.3163055 2.1313548 2.9654083 2.1118935 3.0420669 2.1235350 2.4971387 1.7635732 2.2756885 1.9950325 2.2830605 2.5795943 1.9823978 1.8377678 2.7113380 1.8396871 
Exapal_XM_028656691.1                                  1.4721687 1.0078263 2.0574349 1.2146359 1.4016642 1.4490641 1.4753123 1.0213957 1.0966991 1.1379636 1.1852298 1.1842264 0.9102671 0.9341515 0.9019357 1.0252494 0.9054290 0.9678967 0.7065971 0.0000000 0.5933496 1.2233630 1.4572204 1.7935914 1.5687795 1.3827542 1.4842755 1.1964261 1.6228025 1.1807629 1.2637409 1.4291210 1.9749756 1.9104228 1.6257168 1.7549098 1.6674086 1.6957670 1.4689916 1.4709828 2.2589865 2.8522328 1.8194783 2.5422457 2.3510822 2.4354126 2.3953353 2.3194203 2.6485969 2.5209228 2.5276550 2.6602058 2.3087635 2.3329646 2.9878653 3.7741944 1.6396889 1.7964697 1.7902880 1.8151195 1.8151055 1.8241266 1.8639284 2.0139761 2.8711314 2.7464637 2.7388787 2.2409173 3.2435479 2.7781721 1.7977743 2.5155253 3.5120525 3.5266113 3.6298058 2.6957360 3.5577273 3.5143840 2.4545785 2.6486271 3.3533506 2.6128081 
Nvec_NVE13939                                          1.2480359 1.0298599 1.4204347 1.1247560 1.2785734 1.4049188 1.4647870 1.0071373 1.0778396 1.2040487 1.1180695 1.1329158 0.8435918 0.8621256 0.8249011 0.9341230 0.8304782 0.8633441 0.6888911 0.5933496 0.0000000 1.1852253 1.4139087 1.6656893 1.4696013 1.3782068 1.4028244 1.1247754 1.5712576 1.0805413 1.2036321 1.3665114 2.0204950 1.9914444 1.6906007 1.7887576 1.5483077 1.6328174 1.5726315 1.5651436 2.1183921 3.1592855 1.6580171 1.9758605 2.1711552 2.2530625 2.2777181 2.2060623 2.5375777 2.4919315 2.4984979 2.5575907 2.3504425 2.2731903 3.1947976 3.8551817 1.7258012 1.8429508 1.8257907 1.8995795 1.8917151 1.9221358 1.9397994 2.0603554 2.8201327 2.6897004 2.6110696 2.2900054 3.2479124 2.8214001 1.7930190 2.4830168 3.2439873 3.4833414 3.4654828 2.6735156 3.2139001 3.4188889 2.4624140 2.4963778 3.1620219 2.6861160 
Ctel_gnl_WGS_AMQN_CAPTEDRAFT_mRNA198072                1.3608504 1.0721467 1.7574023 1.3750589 1.4237197 1.5179870 1.5377259 0.9965229 0.9840640 0.9614018 0.9820044 1.2935772 1.3231908 1.2825155 1.3361446 1.3650041 1.2833448 1.2806931 1.1298758 1.2233630 1.1852253 0.0000000 1.4521204 1.9117301 1.6313263 1.4495102 1.5770529 1.3859914 1.6854102 1.3373292 1.4061626 1.3692587 2.2707736 2.2198211 1.9885686 2.0339699 1.7000758 2.3367729 1.4395852 1.4427515 2.1736991 2.8093376 1.8452311 2.2687709 2.2488795 2.4440237 2.4248313 2.4798893 2.7049424 2.6658969 2.6737063 2.6404368 2.4642407 2.5331596 3.4951074 3.7025146 1.8295009 1.9322035 1.8860921 1.9477008 1.9477008 1.8949449 1.8979040 2.0406290 2.7207856 2.6096477 2.4292683 2.0955712 3.3340720 2.7942616 1.9004628 2.5927584 3.5553101 3.1977046 3.4928360 2.7352770 3.7104653 3.7899720 2.6254319 2.5896973 3.0529839 2.6108632 
Plespi_Pspi_scaffold20487_01                           1.3003395 1.0682482 1.7082143 1.2518409 1.1688637 1.4332721 1.3983531 1.4414937 1.3270514 1.5149673 1.4802508 1.2764068 1.4165426 1.4125797 1.4567519 1.4803957 1.3044237 1.4336305 1.2186271 1.4572204 1.4139087 1.4521204 0.0000000 1.8204683 1.7716397 1.4607140 1.6424432 1.4237027 1.9243980 1.4769197 1.6219711 1.4860272 2.2327472 2.2328315 2.0070818 1.9721463 1.6654378 1.8040858 1.7727720 1.7758588 2.3675521 2.8802869 1.4150478 1.7426700 2.2424210 2.5032687 2.3860955 2.3734952 2.4840602 2.5936263 2.6021421 2.5028588 2.3012365 2.3031105 3.4013431 3.4491931 1.7915989 2.1220210 2.0617383 2.0887349 2.0887364 2.0903429 2.1410625 1.7855806 2.9794468 2.8038364 2.6376214 2.4954406 3.5825218 2.7396557 2.0334864 2.5718779 3.5044218 3.3583388 3.3991177 2.8455744 3.3655345 3.5670041 2.5237618 2.9126749 3.4468474 2.8888624 
Hvul_g29730_1                                          1.8170458 3.0048326 1.6334934 1.5413362 1.6493253 1.9671863 1.8454426 1.6693992 1.5634724 1.8757813 1.9591801 1.4589389 1.6298398 1.6496419 1.8034207 1.6328486 1.6351696 1.7006545 1.7839315 1.7935914 1.6656893 1.9117301 1.8204683 0.0000000 1.1599957 1.2287050 1.4843381 1.0864101 1.5508656 2.0628804 2.0047318 1.9321360 3.0022772 3.0924471 2.4434247 2.4660856 2.2116255 2.6492748 1.9408737 1.9338339 2.3964213 4.3559646 2.7370313 2.1134076 3.1054306 3.1565785 2.9220341 2.9577409 4.2498285 3.0277676 3.0365455 3.9909235 3.0106842 2.8312531 3.1818862 2.9211387 2.1764287 2.5597759 2.5527023 2.4998109 2.4998109 2.4073227 2.4815724 1.9759719 3.7224054 3.7576298 3.6901983 0.0000010 4.9855803 3.9760246 1.7762615 3.8293514 6.7929547 5.7334739 5.1235429 4.3275891 4.8328317 5.0251371 4.2161355 3.4832090 4.1081609 8.1873929 
Chem_TCONS_00070976                                    1.9300717 1.7872276 2.5013113 1.3893834 1.5196358 1.8328790 1.7661307 1.6207407 1.4259173 1.6852342 1.7116532 1.3541173 1.5287372 1.4938298 1.5146390 1.5538901 1.4800565 1.5131583 1.1697948 1.5687795 1.4696013 1.6313263 1.7716397 1.1599957 0.0000000 1.2152171 1.4416651 0.9782970 1.6914909 1.5879690 1.6073389 1.8034267 2.3050552 2.3670667 2.0012925 2.0906920 1.8089248 2.1178253 1.6782414 1.6702773 2.2942293 2.9933922 2.3301953 2.3261711 2.1988800 2.2663995 2.3503449 2.2738481 2.3942784 2.3065903 2.3129026 2.3738028 2.4319154 2.4538701 2.8121836 3.8069979 1.9534655 2.4258602 2.3491182 2.3804472 2.3774165 2.2982790 2.3744848 1.9445256 3.0616445 3.0128251 2.9997225 2.6845987 3.4803741 3.2506051 1.9309733 2.5938522 3.7768851 3.8230479 3.8293418 3.4474679 3.5046302 3.4434677 3.0198116 2.5358633 3.2744376 2.3046738 
Nemnom_g19671.t1                                       1.5287478 1.5442407 1.9100523 1.4562012 1.3742934 1.6395344 1.5272157 1.2876528 1.3293012 1.3670185 1.3620808 1.3538059 1.3527524 1.2862333 1.2723158 1.3553262 1.2721127 1.2965387 1.3961972 1.3827542 1.3782068 1.4495102 1.4607140 1.2287050 1.2152171 0.0000000 0.2385248 0.5269128 0.9416752 1.4548302 1.6064521 1.4811880 2.3177746 2.3731761 2.0894865 2.1075510 1.7351757 2.5967348 1.5096563 1.5158343 2.0073686 3.2391005 1.3301486 2.0031027 2.3730486 2.4934140 2.1883093 2.3173520 2.8084369 2.6312947 2.6416063 2.7891546 2.2753060 2.5178837 3.1563299 4.6119747 1.7330068 2.0144342 2.0357073 1.9019934 1.9019934 2.0512325 2.1505016 1.7711074 2.8178285 2.9534547 2.5844972 2.6042173 3.4425836 3.0817401 1.7716686 2.8710749 4.1530377 4.3205895 3.6877636 3.4929695 3.6780082 3.7035266 2.8412663 2.6189335 3.3295733 2.5241265 
Rhoesc_Res_016054-T1                                   1.5912666 1.6591806 1.7468366 1.4106758 1.4708972 1.7212514 1.6365434 1.4817942 1.4954660 1.5415739 1.5977814 1.3139164 1.4630992 1.4450625 1.5493107 1.5552247 1.4105078 1.5076538 1.2517251 1.4842755 1.4028244 1.5770529 1.6424432 1.4843381 1.4416651 0.2385248 0.0000000 0.4706870 1.0001506 1.5250302 1.5903074 1.7400686 2.5376408 2.4745457 2.0431556 2.1312072 1.7862719 2.0383248 1.6449253 1.6501882 0.9687675 3.2370651 1.7401013 2.2680914 2.3222504 2.5069031 2.2372451 2.3774527 2.7466200 2.4635836 2.4703895 2.7182114 2.4705248 2.5599903 2.8641333 4.0253523 1.9642183 2.0874697 2.0432800 2.0374960 2.0374960 2.1631009 2.2508932 1.9854576 2.9326642 3.1333090 2.7274348 2.5712652 3.5144149 3.0805325 1.5354797 2.7623754 3.8574629 3.9544261 3.8068068 3.3553227 3.6435820 3.8755019 2.8035174 2.6163142 3.0892731 2.5564477 
Aaur_scaffold1.g47.t1                                  1.3581711 1.5016149 1.6767656 1.2980519 1.1910703 1.3852108 1.3651125 1.1569044 1.1565872 1.2586123 1.2152098 1.2293310 1.2600413 1.1670572 1.1715790 1.1832441 1.1513682 1.1924771 1.3695277 1.1964261 1.1247754 1.3859914 1.4237027 1.0864101 0.9782970 0.5269128 0.4706870 0.0000000 0.7921479 1.3112904 1.4220329 1.2340994 1.9306143 1.9839101 2.0431609 1.9824505 1.5461794 0.0000010 1.4934574 1.4976278 0.0000010 3.0017200 0.0000010 0.0000010 2.3894891 2.5103445 2.0097774 2.1582863 2.6179459 2.3852259 2.3944437 2.6130439 2.1823255 2.1545409 3.0892287 5.3625738 1.5417880 1.7717045 1.7511856 1.7584779 1.7584779 1.9165170 1.9221868 1.6837600 2.6463615 2.7898185 2.5339697 2.7180268 3.2057051 2.8831043 1.6663049 2.5754097 3.6631827 3.3450569 3.3788578 3.2507221 3.3930576 3.6225548 2.4785359 2.3489542 3.2311364 1.6976077 
Sanmal_Sma_011415-T2                                   1.7354756 1.7855533 2.0276342 1.6114952 1.6323988 1.8424404 1.8699503 1.6273965 1.5940170 1.6759114 1.6972726 1.5427341 1.6311885 1.6270676 1.6065681 1.7295166 1.5316768 1.6266254 1.4553769 1.6228025 1.5712576 1.6854102 1.9243980 1.5508656 1.6914909 0.9416752 1.0001506 0.7921479 0.0000000 1.7335091 1.7984698 1.8053447 2.5134182 2.4786613 2.2451318 2.1794680 1.8632976 1.9997736 1.7579275 1.7548437 1.3692631 3.3673791 1.9296411 2.2796409 2.5045504 2.6575455 2.4955170 2.6291880 2.9990019 2.8968072 2.8957413 3.0058452 2.8526929 2.7613939 3.4103903 4.2974971 1.9028065 2.5171095 2.4018307 2.3620399 2.3620399 2.5125372 2.6186190 2.0567870 3.3151585 3.4068125 2.9236782 2.5162950 3.5580959 2.9626777 1.7935602 2.9732146 3.8571563 3.8183361 4.1608646 3.4131311 3.4070956 3.5077308 2.9528334 2.5601868 3.3564545 2.6909246 
Dgig_XM_028548699.1                                    1.4159040 1.0943344 1.6959126 1.4940912 1.2569058 1.6163180 1.5973888 1.1353612 1.1200200 1.3668048 1.3236384 1.1510314 1.1037055 1.1156745 1.1219432 1.2114001 1.1124077 1.1526579 0.9276036 1.1807629 1.0805413 1.3373292 1.4769197 2.0628804 1.5879690 1.4548302 1.5250302 1.3112904 1.7335091 0.0000000 0.3291606 1.3468950 2.2614666 2.1383770 1.9572677 1.9172320 1.7111966 1.7407406 1.4558258 1.4602604 2.0314752 2.8844522 2.0713650 2.3788068 2.8288293 2.7427229 2.4867336 2.3958104 2.9464487 2.6967878 2.7007625 2.8886875 2.5136594 2.5897310 3.1445031 3.2318373 1.7498671 1.8730546 1.8627545 1.9136122 1.9136122 1.9891384 2.0012492 2.0358870 2.5983755 2.5065721 2.5424607 2.7833113 3.4436941 2.7924592 1.7214175 2.4125851 3.3845673 3.5196515 3.4191587 2.8726701 3.4499841 3.6204978 2.5333540 2.5849018 3.2708834 2.7681650 
Xesp_000504-T1                                         1.5060432 1.1533844 1.8716944 1.5677979 1.3537360 1.6416040 1.6776590 1.2618549 1.1961157 1.4872441 1.4718905 1.2174831 1.2440789 1.2540144 1.2697775 1.3264336 1.2164117 1.2913901 0.9516785 1.2637409 1.2036321 1.4061626 1.6219711 2.0047318 1.6073389 1.6064521 1.5903074 1.4220329 1.7984698 0.3291606 0.0000000 1.5429951 2.3612029 2.2619267 1.9705938 1.9930097 1.7417454 1.7037024 1.5053735 1.5075090 2.0022561 2.9602848 1.9468127 2.2499997 2.6513603 2.5653249 2.3524167 2.2412369 2.8234871 2.6780155 2.6819383 2.8039939 2.6707298 2.5732082 3.2321003 3.3674044 1.8210760 1.9320777 1.9299232 1.9424960 1.9424960 1.9808922 1.9979038 2.0756286 2.7313966 2.5895131 2.6385006 2.6451338 3.4741385 2.7955444 1.8732226 2.4499014 3.5787125 3.4816319 3.3251640 3.0790901 3.4278845 3.5355183 2.6829397 2.4193774 3.3545263 2.7600555 
Hsap_ENST00000287482                                   1.5000355 1.2284089 2.0406142 1.2555570 1.4300546 1.4591888 1.4381686 0.9874960 1.0924144 1.1624976 1.1541628 1.1441494 1.3338786 1.3725200 1.4580129 1.4227580 1.3317770 1.3735182 1.1808092 1.4291210 1.3665114 1.3692587 1.4860272 1.9321360 1.8034267 1.4811880 1.7400686 1.2340994 1.8053447 1.3468950 1.5429951 0.0000000 2.3962974 2.3040983 2.0352470 2.0825373 1.7285476 2.1201522 1.4367894 1.4329781 2.4429913 2.9594632 2.7539085 2.2058154 2.4197190 2.4429850 2.5780496 2.4403237 2.5559636 2.5553294 2.5623857 2.5370009 2.5754040 2.5598253 3.2432733 3.3086921 1.6312493 1.8478052 1.8086811 1.8419167 1.8419167 1.8918358 1.9315496 1.8228110 2.7014661 2.7050760 2.5176849 2.6253046 3.5668479 2.8319367 2.0168100 2.4305978 3.4080147 3.3854643 3.8767703 2.7739918 3.4071289 3.5378734 2.5293469 2.8876274 3.3585489 2.6151367 
Lcom_lcpid18347                                        2.2180331 1.4465887 3.0754396 2.9945562 1.9754901 2.2565376 2.2044552 2.0735800 1.9107511 2.0160630 2.0758030 1.6602988 1.9405138 1.9549437 2.0485590 2.0691741 1.9745684 2.0703121 1.2772522 1.9749756 2.0204950 2.2707736 2.2327472 3.0022772 2.3050552 2.3177746 2.5376408 1.9306143 2.5134182 2.2614666 2.3612029 2.3962974 0.0000000 0.5824972 0.3531431 0.3477272 2.2722795 2.5557776 2.2536152 2.2495810 3.5568888 3.2641579 2.7251374 2.8170892 2.8194791 2.9545370 3.2930672 3.0050133 3.2199016 3.3554761 3.3561003 3.3584679 3.1150488 3.0095838 3.8091461 3.8783972 2.5648638 3.1660173 3.1736329 3.0862086 3.0858425 3.0671984 3.2408194 3.4790099 2.9136899 2.8778852 3.0547733 2.6934500 3.5068041 3.0253738 3.0764053 2.9371472 3.6521452 3.4192906 3.6313468 3.2914541 3.3345569 3.7791968 2.9246595 2.8497160 3.9348707 3.1715809 
Gracom_Gcom_scaffold14849_01                           2.1811972 1.4250862 2.7808623 2.8125812 1.9648915 2.2332371 2.1980265 1.9287404 1.8878574 2.0152794 1.9774387 1.6876999 1.8724036 1.9235504 1.8784271 2.0461075 1.8174596 2.0137686 1.2118724 1.9104228 1.9914444 2.2198211 2.2328315 3.0924471 2.3670667 2.3731761 2.4745457 1.9839101 2.4786613 2.1383770 2.2619267 2.3040983 0.5824972 0.0000000 0.3126949 0.3604018 2.1837624 2.4692678 2.1829608 2.1755873 3.6061344 3.1505216 2.8920333 2.7754249 2.9459044 2.9875956 3.3851412 3.1080139 3.4514799 3.3683434 3.3773450 3.5931170 3.0392922 3.0470679 3.7071345 4.1024839 2.6228075 2.8806523 2.8706584 2.7450738 2.7590692 2.8199659 2.9480203 3.5103377 2.7839594 2.7495380 2.8578514 2.6657116 3.9632006 3.0359443 3.0264658 3.0005846 3.7507765 3.2263644 3.8093431 2.9399413 3.3093999 3.4615829 2.7377010 3.1154905 3.5949038 2.9473711 
Scil_scict006033.1                                     1.8865017 1.4130475 1.8830474 2.8885405 1.6644424 1.9394732 1.8877680 1.7439021 1.6612546 1.9012181 1.9380074 1.6871475 1.5223988 1.5265793 1.5697047 1.5641348 1.5032504 1.6431781 1.1229485 1.6257168 1.6906007 1.9885686 2.0070818 2.4434247 2.0012925 2.0894865 2.0431556 2.0431609 2.2451318 1.9572677 1.9705938 2.0352470 0.3531431 0.3126949 0.0000000 0.2936559 2.1342226 0.0000010 2.3030911 2.2918679 0.0000010 2.8993995 0.0000010 0.0000010 2.8476264 2.9016845 2.8807423 2.8193997 3.0496778 3.0301743 3.0477215 3.1707744 2.8521668 2.7838548 3.5567047 5.1498267 2.3864756 2.7862971 2.7904291 2.7299804 2.7299804 2.7797694 2.7964218 3.2989519 2.7988763 2.6257221 2.7500221 2.7616679 3.5800272 2.8886839 3.2863709 2.8819167 3.6787865 3.2198222 3.5284102 3.3725191 2.8892770 3.4448165 2.6615152 2.7467150 4.0621727 2.2963512 
Leuniv_Lniv_C800770_01                                 2.0578340 1.4024866 2.3337032 2.9011848 1.7717018 1.9622750 2.0049127 1.9269921 1.8429028 2.0286682 1.9915230 1.7619002 1.7026342 1.7562067 1.8062110 1.7825720 1.7031967 1.8064168 1.1986124 1.7549098 1.7887576 2.0339699 1.9721463 2.4660856 2.0906920 2.1075510 2.1312072 1.9824505 2.1794680 1.9172320 1.9930097 2.0825373 0.3477272 0.3604018 0.2936559 0.0000000 1.9760071 2.1467219 2.2694882 2.2633914 2.2283211 3.0110109 2.2223620 2.0317014 2.9301024 3.0440294 2.9978832 2.7526150 3.2509159 3.1490151 3.1595387 3.3943144 2.8120883 2.7031778 3.4221738 4.6707362 2.1993955 2.7255476 2.7364410 2.6264248 2.6116584 2.6281513 2.7725844 2.9922284 2.6370671 2.5428368 2.5992849 2.2933000 3.2052325 2.7412836 2.5456364 2.8979577 3.6817331 3.3409874 3.2258725 3.0085520 3.2486589 3.6581391 2.7244497 3.1241692 3.7217793 2.6228318 
Opea_EP00118_Oscarella_pearsei_P002556                 1.5763079 1.4443585 1.9927777 1.4962956 1.5030502 1.6653203 1.7066444 1.6941473 1.6505113 1.6874458 1.5986134 1.1276225 1.5087726 1.5512692 1.4008993 1.5519505 1.4860272 1.5134944 1.3699691 1.6674086 1.5483077 1.7000758 1.6654378 2.2116255 1.8089248 1.7351757 1.7862719 1.5461794 1.8632976 1.7111966 1.7417454 1.7285476 2.2722795 2.1837624 2.1342226 1.9760071 0.0000000 0.0116695 1.7494445 1.7460672 2.6899556 3.0770834 1.7488848 1.8674532 2.2361914 2.4482608 2.4379020 2.3834348 2.5624911 2.7826034 2.7942200 2.5308335 2.5424179 2.5030420 3.6581999 4.0668001 2.2266211 2.3341173 2.2945528 2.2629573 2.2612337 2.3453316 2.3608574 2.0973478 3.0449748 2.8882158 2.7168400 2.5400350 3.6326011 2.8163929 2.1829326 2.7420019 3.8223974 4.2127569 3.5492123 3.2932211 4.0784379 3.9270455 2.7252628 2.9737112 3.2835309 2.8749533 
Ocar_g10619                                            1.3822149 0.0000010 1.5901298 0.0000010 1.6529376 2.2583996 2.2018874 2.5654478 2.6840411 2.0960021 1.8121810 1.4583921 1.7052210 1.8338736 1.6550440 1.8558353 1.7644234 1.6633478 0.0000010 1.6957670 1.6328174 2.3367729 1.8040858 2.6492748 2.1178253 2.5967348 2.0383248 0.0000010 1.9997736 1.7407406 1.7037024 2.1201522 2.5557776 2.4692678 0.0000010 2.1467219 0.0116695 0.0000000 2.0621093 2.0621093 2.1083306 3.0245133 1.4733953 1.4057062 0.0000010 0.0000010 2.8340077 2.6508961 0.0000010 3.1446844 3.1446844 0.0000010 2.8945131 3.2951448 3.2813524 2.9717495 2.8742004 2.5637548 2.6072161 2.7872120 2.7872120 2.4347829 2.4347829 2.1015665 4.2574813 3.5722324 2.7184562 0.0000010 3.4045992 2.4012549 2.1985464 2.7715479 2.1391974 4.3470864 3.0638603 3.3006744 3.9629034 3.4950650 2.4396573 3.1843295 2.8199992 8.9812170 
Spur_XM_030980163.1                                    1.6258845 1.3264449 1.7365561 1.9359021 1.5301354 1.6852007 1.7016490 1.1012301 1.1460317 1.3005799 1.3189441 1.2633711 1.3019937 1.3458315 1.3941395 1.3726673 1.3671306 1.3895088 1.2444387 1.4689916 1.5726315 1.4395852 1.7727720 1.9408737 1.6782414 1.5096563 1.6449253 1.4934574 1.7579275 1.4558258 1.5053735 1.4367894 2.2536152 2.1829608 2.3030911 2.2694882 1.7494445 2.0621093 0.0000000 0.0068434 2.0803862 2.8733475 1.3797287 2.1233554 2.2801479 2.5120783 2.3439457 2.5213837 2.8873195 2.7756510 2.7863303 2.8299516 2.4981474 2.8196196 3.5238237 3.2396739 1.8513915 2.0568471 2.0553259 2.1368780 2.1276265 2.0714470 2.1317001 1.8772938 2.7670517 2.7109845 2.6232035 2.4016110 2.8651047 2.7546485 2.0812202 2.5777257 3.1366156 3.3127269 3.1697829 2.6466542 2.8560779 3.1142767 2.2908331 2.7709127 3.1697273 2.9839015 
Spur_XM_030995997.1                                    1.6278009 1.3276091 1.7365561 1.9513179 1.5285342 1.6795502 1.7056521 1.1008496 1.1400634 1.2976025 1.3070137 1.2454548 1.3079167 1.3500735 1.3996490 1.3720656 1.3730201 1.3918085 1.2498151 1.4709828 1.5651436 1.4427515 1.7758588 1.9338339 1.6702773 1.5158343 1.6501882 1.4976278 1.7548437 1.4602604 1.5075090 1.4329781 2.2495810 2.1755873 2.2918679 2.2633914 1.7460672 2.0621093 0.0068434 0.0000000 2.0803862 2.8735844 1.3797287 2.1233554 2.2835329 2.5145966 2.3405353 2.5195842 2.8606941 2.7611505 2.7717729 2.8043372 2.4993023 2.7882026 3.5285112 3.2681653 1.8529551 2.0531776 2.0550286 2.1342803 2.1250521 2.0692879 2.1292995 1.8772938 2.7427705 2.6876603 2.6178395 2.4049441 2.8567561 2.7467621 2.0812202 2.5836271 3.1487187 3.3307762 3.1828410 2.6569168 2.8553077 3.0979282 2.2802996 2.7697362 3.1796925 2.9936428 
Aaur_scaffold1.g46.t1                                  2.5861162 0.0000010 2.1430948 0.0000010 2.3209491 2.4780601 2.4984415 2.1507347 1.9431914 2.3702163 2.2889739 9.0000000 2.1524925 2.2337201 2.2577148 2.6684647 2.2099210 2.4590021 0.0000010 2.2589865 2.1183921 2.1736991 2.3675521 2.3964213 2.2942293 2.0073686 0.9687675 0.0000010 1.3692631 2.0314752 2.0022561 2.4429913 3.5568888 3.6061344 0.0000010 2.2283211 2.6899556 2.1083306 2.0803862 2.0803862 0.0000000 3.0532519 2.0664029 2.4710891 0.0000010 0.0000010 3.7695223 3.2930917 9.0000000 2.8048330 2.8048330 9.0000000 2.9959100 3.0824567 2.6804514 2.7409106 2.7194085 3.4841840 3.3055830 3.5741820 3.5741820 3.3509126 3.3509126 2.0593328 4.5016950 4.2198484 2.8550873 0.0000010 4.2385765 3.1424359 1.0172763 3.0964172 3.7247915 7.9643794 4.3366372 3.3852676 4.6343324 4.5133424 4.1328965 3.5521011 2.5053915 8.3946648 
Salmac_EP00052_Salpingoeca_macrocollata_P034214        2.9766751 2.4708839 3.4233587 3.5133440 2.9088665 2.7638833 2.6965923 2.6931351 2.8161888 2.7131057 2.9343945 3.0136440 2.8576778 2.8553585 3.0087337 2.8974053 2.6906862 2.8154364 1.9919534 2.8522328 3.1592855 2.8093376 2.8802869 4.3559646 2.9933922 3.2391005 3.2370651 3.0017200 3.3673791 2.8844522 2.9602848 2.9594632 3.2641579 3.1505216 2.8993995 3.0110109 3.0770834 3.0245133 2.8733475 2.8735844 3.0532519 0.0000000 2.9171321 2.6617983 3.2084690 3.3897189 3.3875712 3.2858840 3.2322517 3.6085440 3.6181510 3.2453590 3.4914217 3.6930511 4.5187008 4.3896677 3.3109111 3.8735116 3.7817627 3.9968187 3.9968187 3.9650462 4.0649983 4.1995304 2.8889070 2.6902845 2.8481418 2.3792241 3.4589116 2.5621704 3.5939653 2.5408139 3.2981254 3.5843534 3.5790301 2.6935230 3.0442137 3.1738370 2.4639544 3.1427429 3.4026919 3.7362947 
Stycar_maker-SC_scaffold1276-snap-gene-0.10-mRNA-1     1.0450499 0.0000010 0.8497560 0.0000010 0.9994031 1.4326648 1.4046718 1.9916340 1.6934158 1.9921439 1.8470971 0.0000010 1.7595771 1.8555004 1.8201495 2.0497552 1.7145759 1.8124976 0.0000010 1.8194783 1.6580171 1.8452311 1.4150478 2.7370313 2.3301953 1.3301486 1.7401013 0.0000010 1.9296411 2.0713650 1.9468127 2.7539085 2.7251374 2.8920333 0.0000010 2.2223620 1.7488848 1.4733953 1.3797287 1.3797287 2.0664029 2.9171321 0.0000000 1.5972012 0.0000010 0.0000010 3.4751247 2.8041421 7.7827577 2.5745754 2.5745754 7.7827577 2.6390531 2.5196134 2.6737526 2.3952196 3.5289594 2.7759644 2.5754778 2.9883764 2.9870026 2.9065696 2.9065696 2.7655614 3.1885314 3.3608051 3.0462748 0.0000010 4.1107956 2.5111766 1.6841378 2.9085119 2.8008822 4.5731130 2.9780171 3.4462609 3.3964622 4.1549349 2.3311779 2.9576798 1.4567526 6.9063293 
Xestes_maker-XT_scaffold67019-augustus-gene-0.3-mRNA-1 1.5438739 0.0000010 1.3228172 0.0000010 1.1608255 1.0004186 0.8576442 2.4745722 1.9956838 2.0476745 2.1493600 1.2707905 1.7839723 1.9422289 2.0893719 2.1378235 1.9483313 2.0485012 0.0000010 2.5422457 1.9758605 2.2687709 1.7426700 2.1134076 2.3261711 2.0031027 2.2680914 0.0000010 2.2796409 2.3788068 2.2499997 2.2058154 2.8170892 2.7754249 0.0000010 2.0317014 1.8674532 1.4057062 2.1233554 2.1233554 2.4710891 2.6617983 1.5972012 0.0000000 1.2878737 1.2878737 2.7354801 2.1530625 3.7992769 2.8138512 2.8138512 3.7992769 2.6518695 2.2937381 2.7673905 1.8601239 2.7773638 2.8533295 2.9548749 2.7074676 2.7076429 2.5836664 2.8933802 1.7113627 3.4610472 3.3685279 2.8219849 0.0000010 3.0155837 2.9086956 1.9839457 2.4588786 4.5982586 4.9397485 4.2875677 2.7948148 3.8051120 3.6867784 2.4894071 2.8044747 2.8161202 8.0438270 
Bolinf_Binf_sb1296234                                  2.2440006 2.2125288 1.2878737 2.4647059 2.4337657 2.6574094 2.4413477 2.2175488 2.2128694 1.7812333 2.0538935 2.3949364 2.3710271 2.3201283 2.6889049 2.3036358 2.2522256 2.2738921 1.7965936 2.3510822 2.1711552 2.2488795 2.2424210 3.1054306 2.1988800 2.3730486 2.3222504 2.3894891 2.5045504 2.8288293 2.6513603 2.4197190 2.8194791 2.9459044 2.8476264 2.9301024 2.2361914 0.0000010 2.2801479 2.2835329 0.0000010 3.2084690 0.0000010 1.2878737 0.0000000 0.0189611 0.4260225 0.4915628 0.5660800 0.5826958 0.5866862 0.5795540 0.6422513 0.6283648 4.1948830 6.8864330 2.2581259 2.7210792 2.7523794 2.5963124 2.5963124 2.5795397 2.6219651 4.8090551 3.6512793 3.4778113 2.8792336 2.6758247 3.5745338 3.1417038 6.8463745 3.4144009 3.4063368 3.5646266 3.4082681 2.9847886 3.3899290 3.8389201 2.9480702 3.2521351 3.0857856 1.7684553 
