94
Stycar_snap_masked-SC_scaffold103123-processed-gene-0.5-mRNA-1 0.0000000 2.1085702 3.5633871 7.7849719 3.9277997 4.3126818 5.4450677 4.8358886 9.0000000 4.1404872 7.7242599 7.7642790 5.2954143 8.6417877 8.8350824 4.7931095 4.4804998 4.3385980 4.1930480 5.1055053 5.8501907 3.9938013 4.5103554 4.3359133 4.5232800 5.3054782 4.0195354 4.3070554 4.5399429 5.4446022 8.0915053 8.9999980 5.1424676 5.3666287 0.0000010 4.5571857 4.6097336 4.5241458 4.0519252 5.1283375 5.0898144 4.1116172 5.0880778 4.3775035 3.7981665 6.0764356 8.9999989 5.2228393 5.8778399 4.6613506 4.7816571 4.7757101 4.5100782 3.7476114 3.7476114 3.8984452 3.7874271 4.6027209 4.6027209 4.3998778 6.8642489 8.4195894 4.7484452 4.0369275 3.8731014 3.8731014 4.1828412 3.7108169 5.3879155 3.6455620 2.8454175 4.2605267 4.9081064 4.4473524 4.7135025 2.7902078 4.0576209 7.3644853 4.2941316 4.9695380 6.0277291 6.3435208 4.3613763 4.2325157 6.2724312 4.1842476 4.7601116 4.0336541 6.9730939 3.9593676 5.6323772 3.6006755 3.1423545 7.1050793 
Spolac_c91420_g1_i2_m.6860c91420-g1                            2.1085702 0.0000000 0.5564401 2.3324888 3.2830405 2.9999583 3.5165986 2.5458819 0.6114813 2.8422602 8.6415815 2.6335453 3.5889110 3.2932339 2.8720490 2.7022781 3.3283746 3.1093480 3.0085092 3.0429695 0.5696105 2.7886623 2.9867568 2.9132110 2.5864532 2.9039168 3.2382901 3.6070892 3.3363439 3.5873760 3.3932530 2.1814810 2.9019818 3.2373717 0.0000010 3.4976690 3.3398717 3.3106761 3.2092623 3.2977544 3.3536740 2.9181458 3.1553484 2.7009018 3.2775182 2.4714121 1.8046825 3.1442475 2.2987417 4.0820258 2.7318449 2.7759084 2.4771944 2.7106638 2.7106638 3.5476196 2.6715822 2.7167820 2.7167820 2.7388448 2.0429381 2.3992180 2.5432200 2.3946562 2.6768926 2.6768926 2.5270415 3.6179271 3.0995095 2.4641739 4.4247516 3.4319167 4.1031082 3.9842619 3.6364371 3.3195721 3.1715949 2.6773814 3.4301395 3.5842627 3.9359661 3.7515644 4.3723601 2.9619611 2.3707983 3.3693110 2.4067377 2.8324429 4.9402600 3.4288168 0.0000010 3.9532493 4.1498619 0.0000010 
Emue_Em0011g33a.t1                                             3.5633871 0.5564401 0.0000000 2.1598322 2.2936212 1.4923941 2.5910893 2.2940336 1.3861242 2.5018886 2.5272426 2.3727950 2.9819823 2.5551791 2.4236027 2.4804805 2.5233636 2.6406971 2.6083081 2.3588758 1.5337092 2.1806590 2.2423310 2.2884942 2.0975730 2.2954434 2.3969427 2.9372365 2.5892471 2.5815730 2.5757594 1.9669695 2.5386877 2.2243362 1.7080484 2.6997963 2.7126928 2.7303792 2.5731679 2.5113784 2.5067878 2.6413084 2.5257472 2.2530430 2.5511469 2.2684354 1.9093748 2.4166658 2.1354836 3.3630644 2.4501870 2.4548359 2.3656592 2.7614990 2.7614990 3.8653131 2.7081594 2.5290153 2.5290153 2.3355347 2.0378224 2.2231802 2.3321520 2.1984393 2.5122982 2.5122982 2.5951578 4.9842942 3.5032310 2.5088522 3.4672457 2.9472725 2.1558947 3.1128631 3.4032860 3.6975887 3.0245101 2.3795528 3.1303340 3.1170557 3.2502076 2.9584209 3.2531670 2.5343817 2.9561403 2.9772605 2.3637206 2.8278295 2.5416043 2.4318120 2.8836601 4.1060903 4.0157866 1.9171663 
Codhol_EP00042_Codosiga_hollandica_P054368                     7.7849719 2.3324888 2.1598322 0.0000000 0.0854441 8.5846747 1.9543421 2.9621030 1.7779270 3.1579479 2.2953660 2.1234263 2.1968264 2.3709101 2.2943099 2.1324263 2.5796780 2.5300100 2.5298167 2.5941806 1.7186278 2.1339801 2.5433820 2.4924116 2.4223260 2.1145114 3.2974201 3.2600687 2.6593989 2.3195825 2.5669780 1.7762619 2.3375346 2.0188968 4.4599557 2.4623395 2.4784335 2.3998220 2.6744290 2.4957314 2.4957314 2.1897011 2.2929668 2.3015174 2.3364819 2.3279898 2.0759039 1.9347018 1.6419569 2.6303469 2.5932962 2.5935816 2.6757561 2.5163615 2.5163615 5.1441414 2.5872795 2.4028748 2.4028748 2.4609109 2.3519429 2.0112272 2.4293978 2.3837018 2.2983395 2.2983395 2.1806696 8.9999982 3.3162053 3.1103454 5.6201772 2.6092690 2.1905128 2.2525170 2.2526052 6.5317872 2.4824598 2.0090038 2.8547933 2.7408285 2.7357929 2.6278868 2.8079339 2.7195320 2.6177043 3.5381663 2.2853272 2.8110224 2.0379358 1.5850571 2.1495361 6.4056501 3.8080069 1.5084320 
Codhol_EP00042_Codosiga_hollandica_P054370                     3.9277997 3.2830405 2.2936212 0.0854441 0.0000000 0.3559980 1.8804755 3.3619871 1.8266227 2.8482884 1.7110155 1.9582314 2.1500276 2.2560694 2.0426855 2.0206322 2.3979920 2.2189342 2.1888080 2.3240103 1.6339045 2.1577602 2.3214526 2.2441889 2.2235846 2.2620250 2.5628703 2.8194260 2.4846759 2.4217240 2.6291499 1.7762619 2.0950793 2.0685182 1.5241910 2.3091753 2.3394784 2.2771282 2.3308905 2.2649725 2.2719276 2.3771329 2.5392250 2.4006019 2.2031652 2.4138486 2.2153198 1.9399631 2.1534318 2.3094310 2.3807832 2.3842922 2.4966380 2.9233287 2.9233287 4.1915229 2.7225693 2.3352065 2.3352065 2.4058450 2.0506842 2.3949293 2.3421182 2.3323595 2.3047813 2.3047813 2.4439141 3.4934437 3.2118359 2.8548326 2.5344490 2.6533636 1.7186611 2.1046378 2.4495917 1.1815780 2.4607490 2.1075062 2.7150205 2.3366853 2.4791288 2.4665634 2.5817021 2.2983013 2.9146833 2.4997773 2.7210931 2.9514889 2.1059178 2.0173694 1.9565449 3.4473630 2.5784098 1.5084320 
Codhol_EP00042_Codosiga_hollandica_P054373                     4.3126818 2.9999583 1.4923941 8.5846747 0.3559980 0.0000000 1.6157472 4.0515732 2.5549152 2.5812185 1.4926679 1.5329508 1.9544852 2.0349870 1.9048600 2.1111748 2.0143987 1.5391781 1.5391781 2.1982516 1.8793195 2.0748045 2.0771365 2.1111937 1.9361870 1.8103522 1.6776406 2.6724411 2.5414854 2.1697122 2.3149257 3.1497493 1.7416298 2.2969947 1.4560491 2.3945791 2.3121262 2.4067412 2.3901800 2.2147942 2.2147942 2.6387219 2.5204618 2.6139202 2.3074117 2.4182616 3.2016611 4.1771705 4.4520468 3.3068371 2.4086126 2.4086126 2.4553040 4.8552642 4.8552642 5.1961258 4.8552642 2.4181355 2.4181355 2.7575060 1.8327483 7.4422384 2.5894679 2.4915977 2.9120838 2.9120838 4.8713111 4.2262133 2.8356206 4.5056130 2.4007062 2.0317571 1.3492925 2.0186782 4.7900131 3.7826799 2.8439249 1.7152565 3.4143532 2.5715926 2.2528570 2.7999058 2.4929441 1.8354764 4.8536933 2.3061732 4.9802592 5.6147823 1.5691120 2.2252709 2.3580340 5.2011096 3.8902852 0.0000010 
Mylflu_EP00047_Mylnosiga_fluctuans_P007386                     5.4450677 3.5165986 2.5910893 1.9543421 1.8804755 1.6157472 0.0000000 3.6482700 1.9001164 3.1213423 1.8559291 1.8992238 2.1760490 2.1378987 2.0818836 2.1017382 1.9408992 1.9829367 1.9806873 2.3653330 1.3498561 1.9618631 2.3354229 2.2113354 2.2393290 2.0426658 2.5681333 3.0014443 2.5780458 2.0865135 2.2858140 1.9007353 2.1412898 1.8350961 1.8593865 2.4458522 2.5074682 2.5405585 2.4035785 2.4834114 2.4835113 2.2462482 2.4622344 2.0220009 2.1559259 2.2229859 1.8592029 1.9689658 2.0037250 2.5592021 2.5110531 2.5434369 2.6509479 3.1369801 3.1369801 4.7148455 2.9948015 2.3408125 2.3408125 2.3723697 1.8375393 2.0960797 2.2811640 2.2745191 2.2820044 2.2820044 2.9454976 7.0259407 2.8835780 3.3867006 3.1468168 2.4333024 1.9342681 2.4167145 3.1903114 1.6025898 2.1797075 1.8436270 2.1473257 2.2431915 2.6319818 2.5233649 2.5779296 2.0711358 2.8607610 2.4367013 2.4984481 2.2816124 1.9246975 1.9220124 1.6393848 4.0399707 2.8662952 1.3420920 
Tetwil_g21059.t1                                               4.8358886 2.5458819 2.2940336 2.9621030 3.3619871 4.0515732 3.6482700 0.0000000 1.2937094 2.8535467 2.4842959 2.8135422 3.3608799 3.2299294 2.9729138 2.9742705 3.1981054 3.5239494 3.5446982 2.8637749 2.5721379 2.9767022 2.9167774 2.8739285 2.8280664 2.9384188 3.3115520 3.3936849 3.1576511 3.0388919 3.3827247 2.2557915 2.9750982 2.9419762 2.1709840 3.8506579 3.8470076 3.8246678 3.5509351 3.5961372 3.5880453 3.0843551 2.8990332 2.7428553 2.8694665 3.2408304 2.7361612 3.3873717 2.6657530 3.3813350 2.8746394 2.9039782 3.0130068 3.2171706 3.2171706 4.1520731 3.3339019 3.1514575 3.1514575 2.9807202 2.6538814 2.8357425 2.9811431 2.9146113 2.7323341 2.7323341 3.1777006 5.3723925 3.7162168 3.4597226 5.0201604 3.2274984 3.1195480 3.6311721 3.7918454 3.7766867 3.0055953 3.0080072 3.3180578 3.3289691 3.5097629 3.2796148 3.7076546 3.2544141 3.2779607 3.8176152 3.2334472 3.6736519 2.6779242 2.9623496 3.1709818 4.3649111 4.7280210 2.8393275 
Stycar_maker-SC_scaffold190-snap-gene-0.6-mRNA-1               9.0000000 0.6114813 1.3861242 1.7779270 1.8266227 2.5549152 1.9001164 1.2937094 0.0000000 1.5398036 2.1160843 1.8660655 1.8660655 1.7992437 1.7909059 1.7630215 1.8106068 2.0943289 2.0922191 1.7421493 1.9280766 1.7574620 1.5717847 1.6605900 1.6351285 1.8072992 1.9442751 2.4977143 1.9991458 1.8186645 1.7728176 1.4024284 1.6856763 1.6154164 3.1971214 2.1826956 2.1809605 2.1210359 2.0852989 2.0901336 2.0901336 1.9829538 2.0182745 1.6342346 1.7731673 1.9244871 1.5996483 1.5445097 1.6775751 2.0109126 1.7476794 1.7257536 1.8431344 0.7983969 0.7983969 1.5464553 0.7983969 1.7637675 1.7637675 1.7072884 2.2739712 1.3432547 1.7611207 1.7854792 1.6826293 1.6826293 1.1981521 3.1060537 2.4216794 0.6849436 2.2937007 1.9775455 2.3965041 1.9188783 1.5062026 0.0000010 1.9080860 2.2519192 2.3735241 2.6047312 1.9611842 1.8944152 2.1209237 2.0179319 1.6145249 2.6028662 1.8822184 0.7595556 2.7943273 2.0526508 2.9889375 5.2858502 0.0000010 2.4052373 
Xestes_maker-XT_scaffold180690-augustus-gene-0.36-mRNA-1       4.1404872 2.8422602 2.5018886 3.1579479 2.8482884 2.5812185 3.1213423 2.8535467 1.5398036 0.0000000 1.9307468 2.3588883 2.8082116 2.5337859 2.5480651 3.1027547 2.8579463 3.0675287 3.0134942 2.6871152 2.1005139 3.0073604 2.6497840 2.6099337 2.6785002 2.7118286 2.8330420 2.8844269 2.6190224 2.9044735 2.8876623 3.1815831 2.7147334 2.5681549 1.8470261 2.8233179 2.7221873 2.7593703 2.6066326 2.5279810 2.5232691 2.3889519 2.8144111 2.6159546 2.7131435 2.9674205 3.0931594 3.1331637 3.1131929 2.8606174 2.7455692 2.7312061 2.7050763 3.1692011 3.1692011 4.3811984 3.0833544 2.8852657 2.8852657 2.6736623 2.5644654 2.5247243 2.6615576 2.5225056 2.6407580 2.6407580 2.8952934 4.1665051 3.2992321 3.2778494 3.7130056 3.1775862 2.2915651 3.1460265 3.4020964 3.2791526 3.0056204 3.0674704 3.0972312 3.1731772 3.6913468 3.1941361 3.4236820 3.1210178 3.4626211 3.9146181 2.9689240 3.0532102 3.1327940 2.6740749 3.5307811 3.3580402 3.5587780 2.9455530 
Lcom_lcpid106631                                               7.7242599 8.6415815 2.5272426 2.2953660 1.7110155 1.4926679 1.8559291 2.4842959 2.1160843 1.9307468 0.0000000 0.0559213 0.0559213 0.6751623 0.6108106 0.6639340 1.4786907 1.4188833 1.4294794 1.5768666 1.5368792 1.6603804 1.6527685 1.7590976 1.4921994 1.6164802 1.4707542 2.5593857 2.0696640 1.6561257 1.3092248 1.5297839 1.7143952 1.5874237 1.9124357 1.7405989 1.7141992 1.7246712 1.7236787 1.5290940 1.5290940 1.6576045 1.7270398 1.6132714 1.5285665 2.2051309 2.4086331 2.3256898 8.0452013 3.1568144 1.8426497 1.8557939 1.9806775 8.9999984 8.9999984 8.9999984 8.9999984 2.2001371 2.2001371 2.0699610 1.9706089 6.8825368 2.1685897 2.0240350 2.3789752 2.3789752 8.8440427 0.0000010 3.0555674 8.9999984 3.6661884 2.2226126 1.8756450 2.3331141 8.9999989 0.0000010 2.4029104 2.3446836 2.9288795 3.0799564 2.0340228 2.3408474 2.6610994 2.5856493 7.5484566 1.7934212 4.7871590 4.6696407 2.0670909 1.9169861 2.1882665 3.9985648 0.0000010 1.1605832 
Lcom_lcpid47787                                                7.7642790 2.6335453 2.3727950 2.1234263 1.9582314 1.5329508 1.8992238 2.8135422 1.8660655 2.3588883 0.0559213 0.0000000 0.0276622 0.6955464 0.7033596 0.7191054 1.5646050 1.7604516 1.7455154 1.7601002 1.5182831 1.9177789 1.9747303 2.0095016 1.8707401 1.8758459 1.8880664 2.5314426 2.2241858 1.8302418 1.8117000 1.4932567 1.8404957 1.7828969 1.9124357 2.3363199 2.2889787 2.2578184 2.2717916 2.1455603 2.1455603 2.1099950 2.2840125 2.2428596 1.9451166 2.1390846 1.9544043 2.2682512 2.4959090 2.5893184 2.0193086 2.0280417 2.1809195 2.9144327 2.9144327 5.1922781 2.8154200 2.2451643 2.2451643 2.1953719 2.0653118 2.7895369 2.2386437 2.1279481 2.3226086 2.3226086 2.4407643 8.9999980 3.1954484 3.2657401 8.3943085 2.4102990 2.1602634 2.4795683 2.4198964 0.0000010 2.2800365 2.1582757 2.7853071 2.9716960 2.8026711 3.0330897 3.0361202 2.7579050 2.1849633 1.9829822 2.3273044 3.0764426 2.1489779 2.0947371 2.1882665 5.9112309 3.0633725 1.8590063 
Lcom_lcpid62507                                                5.2954143 3.5889110 2.9819823 2.1968264 2.1500276 1.9544852 2.1760490 3.3608799 1.8660655 2.8082116 0.0559213 0.0276622 0.0000000 0.8100766 0.7733872 0.7908966 1.9989595 2.2565519 2.2362446 2.0610927 1.5182831 2.2497296 2.4005554 2.4482809 2.2282916 2.1492307 2.3896723 2.8754519 2.5780839 2.2638182 2.1863020 1.4932567 2.0676913 2.1229577 1.9124357 2.5675766 2.5173849 2.4850656 2.4465540 2.4534639 2.4548531 2.5856158 2.7402893 2.7158719 2.4557038 2.4375845 2.0319352 2.5020641 3.0360101 2.7951590 2.1084831 2.1609032 2.4036225 3.3579603 3.3579603 4.2917994 3.3368463 2.6519468 2.6519468 2.4818305 2.2699880 2.6245016 2.5519201 2.4838349 2.5082944 2.5082944 2.9569727 5.9278248 3.3066668 3.4282109 4.1435631 2.9638412 2.0565863 2.7070771 3.1381057 2.2156267 2.6267871 2.3154295 3.0138893 3.1976227 3.1433578 2.9177619 3.0489028 2.6349832 2.2846621 2.1803023 2.5118606 2.7691261 2.4237695 2.4154316 2.1882665 3.6001648 1.7350280 1.8590063 
Gracom_Gcom_scaffold15566_01                                   8.6417877 3.2932339 2.5551791 2.3709101 2.2560694 2.0349870 2.1378987 3.2299294 1.7992437 2.5337859 0.6751623 0.6955464 0.8100766 0.0000000 0.5733248 0.6148753 1.7430385 1.9220021 1.9221713 1.8674327 1.5108150 1.9426383 2.1420731 2.2338012 2.1276469 1.9639639 2.2308478 2.6340211 2.2765321 1.8370966 1.7237232 1.4059276 2.0247503 1.8109323 2.1316465 1.9318743 1.9155187 1.9413709 1.8676257 2.0697814 2.0757988 2.2665469 2.4549621 2.2964559 2.0183027 2.3183102 2.2027856 2.2136344 2.3943956 2.5548043 2.2492375 2.2621600 2.2811686 3.3429591 3.3429591 4.6194411 3.1695589 2.6201706 2.6201706 2.4449673 2.1218459 2.5464016 2.3348017 2.4141467 2.5813897 2.5813897 2.7572608 8.9999986 3.1601900 3.0886879 3.8804427 3.3200353 2.1713912 2.6336451 3.2073114 8.9999984 2.6078122 2.2130097 2.7454211 3.0479867 2.8316535 2.6705881 3.2600856 2.4716536 2.6379443 2.6033260 2.4081049 2.5964264 2.6084504 1.6921943 2.2085463 4.0530439 2.8595480 1.8728482 
Leuniv_Lniv_scaffold25775_01                                   8.8350824 2.8720490 2.4236027 2.2943099 2.0426855 1.9048600 2.0818836 2.9729138 1.7909059 2.5480651 0.6108106 0.7033596 0.7733872 0.5733248 0.0000000 0.5288301 1.6945275 1.8205154 1.8227216 1.7776747 1.3217516 1.7675516 1.9965442 2.0536558 1.9228825 1.9154465 2.0731579 2.4686701 2.1210105 1.8289262 1.8649479 1.3145660 1.8311481 1.6979761 1.8325946 1.9142638 1.9291202 1.9508905 2.0103747 2.0803764 2.0804574 2.2884395 2.4150889 2.3063715 1.8814697 2.2187390 2.2881665 2.1657067 2.0746546 2.3575215 2.1163657 2.1083531 2.1581147 2.6117441 2.6117441 3.3774296 2.5927100 2.2001782 2.2001782 2.0192797 1.6668977 2.4767264 1.9960271 1.9636601 2.1868537 2.1868537 2.4437884 3.9018029 2.7818697 2.5676805 4.1184477 2.9969279 1.9743221 2.5365563 2.9903976 3.9464546 2.2008019 2.1131615 2.6645622 2.5880039 3.1736435 2.8460157 3.0768284 2.4635336 2.6641344 2.2735413 2.5345993 3.0169948 2.5111266 1.8557453 2.3351363 3.7106795 2.2340010 1.9596039 
Scil_scict000462.1                                             4.7931095 2.7022781 2.4804805 2.1324263 2.0206322 2.1111748 2.1017382 2.9742705 1.7630215 3.1027547 0.6639340 0.7191054 0.7908966 0.6148753 0.5288301 0.0000000 2.0582533 2.0388024 2.0827653 2.0384827 1.5683480 2.0993161 2.1562598 2.2266773 2.1019646 1.9380033 2.3788228 2.6401015 2.3865938 2.2748291 2.0292579 1.3424362 1.9704104 1.8724383 2.1641634 2.2950293 2.2765954 2.2240437 2.1069429 2.2128065 2.2119897 2.3964045 2.5192925 2.2985863 2.1221478 2.5317908 2.3446982 2.1890296 3.0162641 2.6830315 2.0389005 2.0386594 2.2838226 3.2398140 3.2398140 3.8599340 3.2938609 2.5423900 2.5423900 2.3095589 2.0492492 2.3775156 2.3177120 2.2670383 2.4515865 2.4515865 2.9953893 4.9751849 3.2164179 3.0622391 3.2105719 3.0258325 2.1925354 2.7852037 3.4782376 2.1941049 2.8838079 2.0618663 2.9469482 2.8921727 3.0704791 2.8858706 3.0107968 2.6291652 2.4204081 2.2299961 2.5870629 2.6413253 2.5725369 2.4449154 2.4009107 3.3700452 1.6284204 1.8123439 
Bralan_BLAG13000612_1                                          4.4804998 3.3283746 2.5233636 2.5796780 2.3979920 2.0143987 1.9408992 3.1981054 1.8106068 2.8579463 1.4786907 1.5646050 1.9989595 1.7430385 1.6945275 2.0582533 0.0000000 1.5418608 1.5421581 1.6340814 1.0544925 1.2361087 1.9135473 1.8569324 1.7982676 1.8709456 2.0875616 2.3304452 2.1155973 2.0596740 2.0252018 1.5509572 1.5453751 1.5054825 1.4990975 2.1744042 2.1361153 2.0884765 2.0518968 2.0553130 2.0421909 2.0548990 2.0334917 2.0226302 1.7213820 2.1709990 2.1036366 2.1007790 1.8502470 2.6372821 1.9534591 2.0053432 1.9850420 2.8396813 2.8396813 3.6320874 2.9370654 2.3229514 2.3229514 2.3360452 1.7594189 2.6566768 2.3590329 2.2442487 2.0776786 2.0776786 2.7575592 3.9189865 2.7844135 2.6210105 3.7460987 2.5748508 1.8655741 2.4497209 2.9025805 2.5461798 2.5118332 2.1710040 2.4871249 2.5652264 2.8356994 2.5594385 2.6877472 2.4730957 2.4975777 2.1096363 2.2867056 2.4512441 2.2625677 2.2585845 1.8842657 3.3927839 3.2564685 1.4956927 
Spur_XM_030996917.1                                            4.3385980 3.1093480 2.6406971 2.5300100 2.2189342 1.5391781 1.9829367 3.5239494 2.0943289 3.0675287 1.4188833 1.7604516 2.2565519 1.9220021 1.8205154 2.0388024 1.5418608 0.0000000 0.0398854 1.6744564 1.0271856 1.3577227 2.1909841 2.1392160 2.1458385 2.0692547 2.2671071 2.8790278 2.4606871 1.8744199 1.7566334 1.8340334 1.5063434 1.5857792 1.2294927 2.2335478 2.2556034 2.1982192 2.2161855 2.0544625 2.0415633 2.3351370 2.5157660 2.3511469 1.7302692 2.3513342 2.2325338 2.0983187 2.1408691 2.7378204 1.8521930 1.8809477 1.9415102 3.0807527 3.0807527 3.8383306 3.3567500 2.2584622 2.2584622 2.0979030 1.4571277 2.6992564 2.2130097 2.0850090 2.3308633 2.3308633 3.0028632 4.5249895 3.0087839 3.1713789 4.1003851 2.8513837 1.7389089 2.5134832 3.3553595 2.4408287 2.3473063 2.2192903 2.4926994 2.5929629 3.2870729 3.0062869 2.8171342 2.2815006 3.0539539 1.8821503 2.8264693 2.8973038 1.9173463 2.2801469 1.5342375 4.1490700 3.5576299 1.9368275 
Spur_XM_786297.5                                               4.1930480 3.0085092 2.6083081 2.5298167 2.1888080 1.5391781 1.9806873 3.5446982 2.0922191 3.0134942 1.4294794 1.7455154 2.2362446 1.9221713 1.8227216 2.0827653 1.5421581 0.0398854 0.0000000 1.7153611 1.0503724 1.3681664 2.0956613 2.0787664 2.0939030 1.9991955 2.2003170 2.7985943 2.4045436 1.8950787 1.7372912 1.7734801 1.5063312 1.5680352 1.2166339 2.2549791 2.2731804 2.2338058 2.2572670 2.0772844 2.0642456 2.3077107 2.5300840 2.3499571 1.7390635 2.3373943 2.1806598 2.0883293 2.1833745 2.7209067 1.8068416 1.8404910 1.9462696 3.1688883 3.1688883 3.9796654 3.4556396 2.2428680 2.2428680 2.0930981 1.4487634 2.6895191 2.1764312 2.0487548 2.3006717 2.3006717 2.9968497 4.5331835 2.9643431 3.1628148 4.0176993 2.8538223 1.7426419 2.5338496 3.3042205 2.4400440 2.3195868 2.2092505 2.4473987 2.5687942 3.2362848 2.9099310 2.8221494 2.3206538 3.1073105 1.8590512 2.7836950 2.8956003 1.9158817 2.2228326 1.5695568 4.0534870 3.3029977 1.8670965 
Cscu_XM_023368313.1                                            5.1055053 3.0429695 2.3588758 2.5941806 2.3240103 2.1982516 2.3653330 2.8637749 1.7421493 2.6871152 1.5768666 1.7601002 2.0610927 1.8674327 1.7776747 2.0384827 1.6340814 1.6744564 1.7153611 0.0000000 1.1513333 1.6647644 1.9393856 1.8298923 1.8687610 1.7022133 2.0769568 2.2798227 2.0590588 1.8641912 2.2227245 1.6245106 1.7317482 1.8544551 1.3706690 1.9628509 1.9413479 1.9948765 2.0012437 1.9956110 1.9827908 2.0143128 2.2842281 1.9444914 1.6214421 2.3204035 2.1251519 2.0482974 2.4596387 2.3639975 2.0726437 2.1010546 1.8589700 2.8872669 2.8872669 3.5753308 2.9576599 2.3480287 2.3480287 2.2568902 1.8287488 2.7034528 2.1973515 2.2760550 2.3471024 2.3471024 3.1232077 4.5149243 3.0255986 3.0172757 2.8174864 2.4708598 2.4887670 2.6865131 2.9881632 2.3755721 2.6613221 2.4262204 2.6822727 2.5848472 2.5109834 2.4041613 2.9291214 2.7202651 2.5826985 2.2100699 2.3997177 2.6910667 2.3210500 2.2142100 2.0698057 3.6194957 2.9263966 2.0203772 
Dpul_mRNA2338                                                  5.8501907 0.5696105 1.5337092 1.7186278 1.6339045 1.8793195 1.3498561 2.5721379 1.9280766 2.1005139 1.5368792 1.5182831 1.5182831 1.5108150 1.3217516 1.5683480 1.0544925 1.0271856 1.0503724 1.1513333 0.0000000 1.0636097 1.2862657 1.2854065 1.2428862 1.2458448 1.3668164 1.7039904 1.5184467 1.2114198 1.2480967 1.0892780 1.1520812 1.2027003 1.9056139 1.4701758 1.4573609 1.3948654 1.4375981 1.5159554 1.5159554 1.3845962 1.2278978 1.1374620 1.2449047 1.5725129 1.6296549 1.2541677 1.5062344 2.1222227 1.5632775 1.5646171 1.6306930 0.9077782 0.9077782 3.1867889 0.9077782 1.3199609 1.3199609 1.2538187 1.3891851 1.2326321 1.2001509 1.2174458 1.4394718 1.4394718 1.3910584 4.3283934 2.1663298 0.8177708 1.2044291 1.9110810 1.7429909 1.6552808 1.6270452 0.0000010 1.9212180 1.8075219 1.6794700 1.8842743 1.9385818 2.0094024 1.9093097 1.8551181 1.7186147 1.5892693 1.8099162 0.8981587 1.6799342 1.9254523 2.0030499 3.7017125 0.0000010 1.6315894 
Skow_XM_006816534.1                                            3.9938013 2.7886623 2.1806590 2.1339801 2.1577602 2.0748045 1.9618631 2.9767022 1.7574620 3.0073604 1.6603804 1.9177789 2.2497296 1.9426383 1.7675516 2.0993161 1.2361087 1.3577227 1.3681664 1.6647644 1.0636097 0.0000000 1.9394301 1.8605173 1.7251614 1.7878579 1.8525786 2.3266510 2.0830332 1.8940158 1.9755064 1.5082231 1.4920646 1.5826566 1.3752284 2.0521967 2.0011573 2.0141987 2.0655331 2.0190075 2.0156688 2.1550516 2.3662697 1.7919925 1.6661463 2.2253094 1.8371753 1.9865298 2.0390759 2.6938364 1.7669984 1.8206193 2.0343014 2.9361816 2.9361816 3.7655512 3.0618295 2.5206529 2.5206529 2.3924482 1.8140378 2.5513104 2.3161470 2.2582379 2.4063650 2.4063650 3.0835332 4.5265263 3.2072013 3.0817454 3.4661804 2.7888529 1.6989430 2.4932477 3.3549624 1.9053691 2.5047977 2.4308108 2.5482402 2.4174440 2.7887032 2.6530719 2.6361003 2.0039666 3.0471323 1.9693863 2.1913396 2.4978088 2.1018502 2.0694620 1.3744164 2.9524263 3.7588482 1.6627196 
Spis_XP_022792379_1                                            4.5103554 2.9867568 2.2423310 2.5433820 2.3214526 2.0771365 2.3354229 2.9167774 1.5717847 2.6497840 1.6527685 1.9747303 2.4005554 2.1420731 1.9965442 2.1562598 1.9135473 2.1909841 2.0956613 1.9393856 1.2862657 1.9394301 0.0000000 0.1157617 0.3405663 0.4741076 0.4120535 0.9460608 0.8884907 1.6720662 1.7850768 1.8627593 1.9811644 1.9309901 1.2675756 2.3343817 2.3116862 2.2483018 2.2450040 2.2768430 2.2769218 2.2033922 2.3220076 2.2430453 2.1590389 2.2925524 2.1089857 2.1802308 2.2182429 2.9337858 2.1451778 2.1514378 2.0840186 2.9007739 2.9007739 3.6270755 2.9369383 2.1708962 2.1708962 2.2216707 1.7530556 2.4070575 2.1614376 2.1644967 2.3377421 2.3377421 2.6668261 3.2868017 3.0793260 2.6086868 3.4525541 2.9824537 2.0261063 2.6489069 3.4346265 2.4089365 2.6162916 2.0945697 2.7354765 2.6061942 3.0566620 2.7937703 3.0431546 2.2310615 2.9362955 2.5048748 2.5693076 2.4401169 2.2948074 2.4705865 2.0434054 3.8167276 2.5877794 1.8723857 
Pocdam_XM_027179988.1                                          4.3359133 2.9132110 2.2884942 2.4924116 2.2441889 2.1111937 2.2113354 2.8739285 1.6605900 2.6099337 1.7590976 2.0095016 2.4482809 2.2338012 2.0536558 2.2266773 1.8569324 2.1392160 2.0787664 1.8298923 1.2854065 1.8605173 0.1157617 0.0000000 0.3773055 0.4930980 0.4376169 0.9172667 0.8672532 1.6578967 1.7512294 1.7403722 2.0070915 1.8725909 1.2258959 2.2594853 2.2604086 2.2344539 2.2348688 2.2874302 2.2902166 2.0849064 2.2957955 2.1142286 2.0954640 2.2146889 2.1400872 2.1772657 2.1480190 2.9156978 2.1479251 2.1809113 2.1658111 2.9134362 2.9134362 3.6556668 2.9232970 2.2277890 2.2277890 2.2865824 1.8035352 2.7080025 2.2021551 2.2166318 2.3686008 2.3686008 2.8717092 3.0588522 3.1230772 2.6531894 3.1599452 2.9017327 2.0537509 2.6136114 3.2944351 2.1123815 2.4946040 2.1341152 2.7376401 2.6645592 3.1015732 2.8283579 3.0317906 2.2550183 2.8291338 2.4924909 2.6766209 2.3929040 2.2146191 2.4622358 1.9894572 3.7054933 2.5673905 1.9934283 
Fspp_ffun1.m4.907.m1                                           4.5232800 2.5864532 2.0975730 2.4223260 2.2235846 1.9361870 2.2393290 2.8280664 1.6351285 2.6785002 1.4921994 1.8707401 2.2282916 2.1276469 1.9228825 2.1019646 1.7982676 2.1458385 2.0939030 1.8687610 1.2428862 1.7251614 0.3405663 0.3773055 0.0000000 0.3497293 0.2558112 0.8202410 0.7978610 1.5717950 1.7288259 1.6026050 2.0054660 1.8401801 1.2585027 2.3979229 2.3844865 2.2682322 2.3307014 2.3181463 2.3200207 2.1499480 2.2142171 2.1138772 2.1335029 2.1663485 2.0483068 2.0768225 2.3292729 2.7892103 2.0088893 2.0257521 2.0637959 2.7778775 2.7778775 3.5085532 2.8771776 2.0855657 2.0855657 2.1241546 1.6449556 2.5577855 2.0844171 2.1009822 2.2319129 2.2319129 2.8946411 3.2489286 2.8643440 2.6546119 2.9973612 2.9043405 1.8737281 2.4725749 3.1265481 2.6836539 2.4178613 2.0018316 2.5182599 2.4435814 2.9614827 2.6871330 3.0522581 2.2030476 2.6463084 2.2777579 2.4717592 2.4362552 2.3708928 2.4408293 1.8135605 3.9416346 2.6216795 2.0418523 
Gfas_gfas1.m1.18189.m1                                         5.3054782 2.9039168 2.2954434 2.1145114 2.2620250 1.8103522 2.0426658 2.9384188 1.8072992 2.7118286 1.6164802 1.8758459 2.1492307 1.9639639 1.9154465 1.9380033 1.8709456 2.0692547 1.9991955 1.7022133 1.2458448 1.7878579 0.4741076 0.4930980 0.3497293 0.0000000 0.4999095 0.7171405 0.6884529 1.4876451 1.4880619 1.8807575 2.0335793 1.7268800 1.2634153 2.2716729 2.2251822 2.1131213 2.1548392 2.1834648 2.1834648 1.9894044 2.2768386 2.0351647 2.1154937 2.0857409 2.0757206 1.9345665 2.0095637 2.6276780 2.1754754 2.2225710 2.2018113 2.6792199 2.6792199 4.1513981 2.7812439 1.9028867 1.9028867 1.9941093 1.5760100 2.6491638 1.9673983 2.0350284 2.0988269 2.0988269 2.7582565 3.7499836 2.6364373 2.6960855 3.5773887 2.8705089 1.9262933 2.4075846 3.1549013 0.9424718 2.3423133 2.2018946 2.4358183 2.3773941 2.8429820 2.5277485 2.8458111 2.2164725 2.7073413 2.2186347 2.4078729 2.0596795 2.1229861 2.6404765 1.8566963 5.0066497 2.8838609 2.1140361 
Gasp_gasp1.m3.16057.m1                                         4.0195354 3.2382901 2.3969427 3.2974201 2.5628703 1.6776406 2.5681333 3.3115520 1.9442751 2.8330420 1.4707542 1.8880664 2.3896723 2.2308478 2.0731579 2.3788228 2.0875616 2.2671071 2.2003170 2.0769568 1.3668164 1.8525786 0.4120535 0.4376169 0.2558112 0.4999095 0.0000000 0.8581906 0.8324936 1.8025728 1.9364695 2.1558528 2.1970977 2.0903833 1.4430032 2.4492617 2.4231517 2.2975188 2.3490129 2.4521984 2.4523026 2.6184354 2.7677905 2.7505573 2.3338518 2.5279714 2.7199875 2.4337713 2.5936901 3.1232069 2.3529409 2.3742642 2.4393903 3.6016422 3.6016422 3.6016422 3.6896195 2.2798137 2.2798137 2.3250424 1.6533007 3.6739043 2.2689298 2.2654422 2.5136142 2.5136142 3.5308679 3.2614299 3.4618279 3.1748929 3.1044857 3.1075193 1.8404375 2.9077957 4.5381502 2.4089199 2.8134865 2.3904409 3.1193798 2.9473814 3.2572165 2.6105936 3.4002217 2.3664629 3.7604917 2.3962731 3.2892775 3.7201224 2.3330846 2.3483023 2.0179156 3.7471990 2.6633576 1.6697584 
Amil_Amillepora00039-RA                                        4.3070554 3.6070892 2.9372365 3.2600687 2.8194260 2.6724411 3.0014443 3.3936849 2.4977143 2.8844269 2.5593857 2.5314426 2.8754519 2.6340211 2.4686701 2.6401015 2.3304452 2.8790278 2.7985943 2.2798227 1.7039904 2.3266510 0.9460608 0.9172667 0.8202410 0.7171405 0.8581906 0.0000000 0.0143316 2.1419710 2.5225874 2.4891796 2.4862409 2.2431071 1.4743974 3.0439239 3.0112481 2.8002263 2.7086823 2.7388163 2.7389488 2.6916045 2.7508811 2.7665534 2.4777726 2.5805297 2.6960134 2.1767985 2.3450419 3.2407669 2.7499752 2.7733904 2.8172752 3.5747253 3.5747253 4.4358452 3.6499003 2.8010617 2.8010617 2.8100493 2.1304990 3.3172932 2.5657444 2.7271868 2.8760264 2.8760264 3.4747199 3.6604976 3.7393926 3.1179905 3.7899129 3.5633352 2.3988908 3.4997482 3.4544886 2.3720812 2.7430713 2.7079819 2.8121279 2.7886300 3.7694845 3.4086423 3.7681110 2.5875078 2.8491461 2.8894101 2.5206814 2.9457892 3.5473942 3.5400447 2.5586009 3.4084133 2.8543744 1.9155417 
Adig_XM_015900225.1                                            4.5399429 3.3363439 2.5892471 2.6593989 2.4846759 2.5414854 2.5780458 3.1576511 1.9991458 2.6190224 2.0696640 2.2241858 2.5780839 2.2765321 2.1210105 2.3865938 2.1155973 2.4606871 2.4045436 2.0590588 1.5184467 2.0830332 0.8884907 0.8672532 0.7978610 0.6884529 0.8324936 0.0143316 0.0000000 1.8897143 2.1056001 2.1694397 2.2152215 2.0526281 1.4053727 2.6503444 2.6440147 2.4994330 2.3834515 2.4168456 2.4169331 2.4182540 2.4664753 2.4977901 2.2136557 2.2748757 2.3849426 2.1376494 2.1490880 2.9848376 2.5470048 2.5647494 2.5654924 3.3020764 3.3020764 4.3593082 3.3617851 2.3772715 2.3772715 2.4061982 1.7477281 2.9688505 2.2432704 2.3914871 2.4673440 2.4673440 3.2282053 3.7101603 3.2725017 2.9011810 3.9384424 3.2123027 2.1568526 2.9989011 3.3134866 2.3720812 2.4704928 2.2874801 2.5587774 2.5453535 3.2771950 2.9643169 3.3031590 2.3443989 2.7034998 2.6142466 2.5842591 2.7611018 2.8469969 2.5449395 1.9899597 3.5323964 2.9543573 2.0378408 
Exapal_XM_021042219.2                                          5.4446022 3.5873760 2.5815730 2.3195825 2.4217240 2.1697122 2.0865135 3.0388919 1.8186645 2.9044735 1.6561257 1.8302418 2.2638182 1.8370966 1.8289262 2.2748291 2.0596740 1.8744199 1.8950787 1.8641912 1.2114198 1.8940158 1.6720662 1.6578967 1.5717950 1.4876451 1.8025728 2.1419710 1.8897143 0.0000000 1.2742103 1.7955431 2.0061102 1.8448979 1.7288429 2.3932620 2.3422231 2.2620784 2.4196116 2.3081826 2.3094193 2.3770284 2.4319168 2.3333995 2.0599809 2.1176502 1.9585884 2.3340863 1.8636465 2.9640363 2.1188162 2.1663134 2.1906155 2.6469889 2.6469889 3.1057914 2.6599730 2.1428127 2.1428127 2.1193508 1.7077849 2.2479033 2.0704180 2.1179699 2.1619633 2.1619633 2.6867309 3.3932232 2.7305641 2.2830126 3.6554604 2.9119790 2.2197900 2.7283762 3.1808981 3.4953570 2.4674117 2.3981016 2.6942163 2.7289838 2.9696158 2.9600502 2.8047975 2.2051013 2.9931164 2.3087219 2.0583154 2.2267557 2.2020373 2.4204926 2.2606087 4.1510637 3.6147245 1.8052991 
Nvec_v1g93188                                                  8.0915053 3.3932530 2.5757594 2.5669780 2.6291499 2.3149257 2.2858140 3.3827247 1.7728176 2.8876623 1.3092248 1.8117000 2.1863020 1.7237232 1.8649479 2.0292579 2.0252018 1.7566334 1.7372912 2.2227245 1.2480967 1.9755064 1.7850768 1.7512294 1.7288259 1.4880619 1.9364695 2.5225874 2.1056001 1.2742103 0.0000000 2.0573542 2.1705440 1.9790398 2.0674310 2.7240579 2.6907867 2.5917756 2.5469598 2.5161713 2.5111309 2.3546350 2.4806107 2.2159602 2.1544420 2.2139984 2.3423451 2.3008064 2.0534702 2.9586363 2.1385136 2.1381160 2.2013228 3.3078443 3.3078443 4.6042500 3.1100811 2.2937900 2.2937900 2.3955937 1.7940057 2.5212085 2.3167645 2.2728684 2.4335962 2.4335962 3.2343468 8.8040664 2.8492380 3.3243788 4.0998666 2.7891550 2.1863792 2.6014389 3.3177753 8.9999984 2.7525997 2.5392133 2.7720653 2.9576188 2.9027042 3.0665729 3.1123168 2.4668895 3.1547612 2.5611456 2.2626477 3.0954936 2.9068545 2.3019615 1.9806234 6.3677132 4.3443596 1.7973070 
Clacor_Ccor_C505911_01                                         8.9999980 2.1814810 1.9669695 1.7762619 1.7762619 3.1497493 1.9007353 2.2557915 1.4024284 3.1815831 1.5297839 1.4932567 1.4932567 1.4059276 1.3145660 1.3424362 1.5509572 1.8340334 1.7734801 1.6245106 1.0892780 1.5082231 1.8627593 1.7403722 1.6026050 1.8807575 2.1558528 2.4891796 2.1694397 1.7955431 2.0573542 0.0000000 1.6476721 1.7336223 0.0000010 2.3060212 2.3210220 2.2068981 2.2881742 2.2446041 2.2446041 2.2311416 2.1700864 2.0410593 1.7672963 2.1896371 2.1604825 1.8369271 1.9952998 2.8758016 2.3373917 2.3255248 2.7294324 2.6320247 2.6320247 5.9992282 2.8411123 2.4302729 2.4302729 2.2835486 2.1370236 2.4622392 2.1443331 2.0918058 2.4791556 2.4791556 2.6179836 9.0000000 4.0365108 2.5819528 5.2362462 2.3312634 1.8875142 2.6720746 2.5276758 0.0000010 2.0394571 2.1839854 2.3891314 2.5545388 2.7766379 2.6482785 2.7079142 3.0036427 2.6743679 3.6673229 2.2365469 3.4622447 2.0791131 0.9510579 0.0000010 2.5788371 0.0000010 1.9466094 
Cgig_XM_011424514.3                                            5.1424676 2.9019818 2.5386877 2.3375346 2.0950793 1.7416298 2.1412898 2.9750982 1.6856763 2.7147334 1.7143952 1.8404957 2.0676913 2.0247503 1.8311481 1.9704104 1.5453751 1.5063434 1.5063312 1.7317482 1.1520812 1.4920646 1.9811644 2.0070915 2.0054660 2.0335793 2.1970977 2.4862409 2.2152215 2.0061102 2.1705440 1.6476721 0.0000000 1.6612692 1.4271145 2.0186219 2.0638306 1.9868959 1.9700777 1.9269113 1.9148099 2.1259475 2.1471091 2.0016223 1.5434129 2.1331900 1.8633957 2.1252700 2.4570944 2.5114458 1.9978612 1.9888511 1.9279301 3.1864654 3.1864654 4.0825832 3.1073240 2.2365110 2.2365110 2.1613198 1.6596573 2.7888842 2.1936839 2.1233831 2.3029432 2.3029432 2.8649165 3.7097073 2.7926666 3.0771551 3.7166519 2.9730550 1.9697183 2.5832667 3.1143856 2.8251850 2.7558014 2.1831538 2.7376095 2.9985374 2.8342755 2.9112332 3.1107369 2.3558605 2.9518345 1.8622298 2.4494409 2.8423903 2.0379581 2.6677474 2.2664075 3.4760181 2.9556173 1.6842827 
Hsap_ENST00000372090                                           5.3666287 3.2373717 2.2243362 2.0188968 2.0685182 2.2969947 1.8350961 2.9419762 1.6154164 2.5681549 1.5874237 1.7828969 2.1229577 1.8109323 1.6979761 1.8724383 1.5054825 1.5857792 1.5680352 1.8544551 1.2027003 1.5826566 1.9309901 1.8725909 1.8401801 1.7268800 2.0903833 2.2431071 2.0526281 1.8448979 1.9790398 1.7336223 1.6612692 0.0000000 1.4132077 1.9826307 1.9895445 1.9778097 1.8776953 1.7763265 1.7756206 1.7706483 1.8949069 1.9261691 1.5479539 2.0599199 1.8775674 1.9925437 1.8976967 2.6397990 1.7983906 1.7839571 1.9460659 3.1089646 3.1089646 3.9384738 2.9997335 2.2613019 2.2613019 2.1812008 1.5142056 2.4595458 2.1755411 2.1314986 2.2090612 2.2090612 2.7704833 4.7595576 2.9055203 3.1197908 4.1021600 2.6403607 1.8774660 2.4266683 2.9040783 3.0944288 2.4958226 2.0827315 2.6909491 2.6741620 2.9695371 2.7791674 2.7003631 2.1766340 2.4400857 2.3663090 2.0491660 2.3754591 2.2789026 2.2779723 1.6526037 4.1332495 2.7994006 1.6193923 
Saldol_EP00054_Salpingoeca_dolichothecata_P001177              0.0000010 0.0000010 1.7080484 4.4599557 1.5241910 1.4560491 1.8593865 2.1709840 3.1971214 1.8470261 1.9124357 1.9124357 1.9124357 2.1316465 1.8325946 2.1641634 1.4990975 1.2294927 1.2166339 1.3706690 1.9056139 1.3752284 1.2675756 1.2258959 1.2585027 1.2634153 1.4430032 1.4743974 1.4053727 1.7288429 2.0674310 0.0000010 1.4271145 1.4132077 0.0000000 1.7264991 1.7895479 1.7784745 1.6681512 1.5078056 1.5078056 1.7318022 1.3805804 1.4326265 1.8281678 2.6100401 0.0000010 5.2020800 3.2689911 2.1082503 1.5890479 1.6634644 1.5775054 0.0000010 0.0000010 0.0000010 0.0000010 2.2671028 2.2671028 2.3375476 2.3314701 0.0000010 2.2601767 2.1346854 2.8188889 2.8188889 0.0000010 0.0000010 2.8188889 0.0000010 3.6825488 2.0330405 1.5127149 1.8572141 0.0000010 0.0000010 2.4413346 1.9618089 1.8036541 1.5051297 1.7671510 2.3157787 2.2130166 1.9225434 9.0000000 1.5575940 7.2667402 1.7334440 1.7512646 1.4739637 2.1764283 5.1373892 0.0000010 0.0000010 
HoiH23_PlH23_008644-RA                                         4.5571857 3.4976690 2.6997963 2.4623395 2.3091753 2.3945791 2.4458522 3.8506579 2.1826956 2.8233179 1.7405989 2.3363199 2.5675766 1.9318743 1.9142638 2.2950293 2.1744042 2.2335478 2.2549791 1.9628509 1.4701758 2.0521967 2.3343817 2.2594853 2.3979229 2.2716729 2.4492617 3.0439239 2.6503444 2.3932620 2.7240579 2.3060212 2.0186219 1.9826307 1.7264991 0.0000000 0.0604566 0.1170417 0.2694641 0.3875874 0.3920780 2.0653544 2.3077534 2.2456287 2.3587275 2.7262240 2.3352912 2.2635385 2.4868772 2.6990488 2.2168318 2.2122530 2.2193873 2.9703795 2.9703795 3.6726929 3.1016322 2.4559252 2.4559252 2.3867207 1.9076868 2.9871058 2.4858492 2.3817745 2.5574561 2.5574561 3.0266750 3.8042051 3.2906688 3.4717471 5.1093546 2.9746448 2.5367597 3.2078437 3.7723619 3.3555024 3.1327917 2.7052675 3.0544192 3.1010125 3.4559297 3.2312655 3.2470561 2.8788876 3.4174117 2.8118683 2.7583082 2.9114615 2.5367029 2.7572734 2.4371889 3.4698024 3.2044852 2.1051880 
HoiH06_mRNA5030                                                4.6097336 3.3398717 2.7126928 2.4784335 2.3394784 2.3121262 2.5074682 3.8470076 2.1809605 2.7221873 1.7141992 2.2889787 2.5173849 1.9155187 1.9291202 2.2765954 2.1361153 2.2556034 2.2731804 1.9413479 1.4573609 2.0011573 2.3116862 2.2604086 2.3844865 2.2251822 2.4231517 3.0112481 2.6440147 2.3422231 2.6907867 2.3210220 2.0638306 1.9895445 1.7895479 0.0604566 0.0000000 0.1254836 0.2650261 0.3754280 0.3798616 2.0462005 2.2607838 2.1696278 2.3475054 2.6607468 2.2830983 2.1988723 2.4703846 2.7570144 2.1443906 2.1399330 2.1339926 2.8657631 2.8657631 3.4535104 3.0244554 2.4806098 2.4806098 2.4209598 1.9884663 2.9121873 2.4510439 2.3709341 2.6009893 2.6009893 3.0697174 3.7664990 3.3440253 3.5321445 4.8836201 3.0184061 2.4568058 3.1064688 3.7612457 3.4165755 3.1349525 2.7417459 3.0300844 3.0252487 3.4689528 3.2495484 3.1950477 2.8316425 3.2643132 2.8211017 2.6526684 2.7966247 2.6735885 2.6365166 2.3882082 3.5981250 2.9921585 2.1137581 
HoiH04_mRNA5238                                                4.5241458 3.3106761 2.7303792 2.3998220 2.2771282 2.4067412 2.5405585 3.8246678 2.1210359 2.7593703 1.7246712 2.2578184 2.4850656 1.9413709 1.9508905 2.2240437 2.0884765 2.1982192 2.2338058 1.9948765 1.3948654 2.0141987 2.2483018 2.2344539 2.2682322 2.1131213 2.2975188 2.8002263 2.4994330 2.2620784 2.5917756 2.2068981 1.9868959 1.9778097 1.7784745 0.1170417 0.1254836 0.0000000 0.2439144 0.3742605 0.3786568 2.0214044 2.2230577 2.1475103 2.3260596 2.6450213 2.2113055 2.2296520 2.4034162 2.6987743 2.1106152 2.1062139 2.1352888 2.9037591 2.9037591 3.5627259 3.0211403 2.3881651 2.3881651 2.3734363 1.8632947 2.8858275 2.4124573 2.3031458 2.5088843 2.5088843 2.9727132 3.9214134 3.2874487 3.3235041 4.6808997 2.9695963 2.5046187 3.0986690 3.7832082 3.2641593 3.1308406 2.7990328 2.9947881 3.0735051 3.3907856 3.1358622 3.3235573 2.7617506 3.1415932 2.7130520 2.6331423 2.7579853 2.6543850 2.7672965 2.3273260 3.8474666 2.9424257 1.9927504 
HoiH11_mRNA4108                                                4.0519252 3.2092623 2.5731679 2.6744290 2.3308905 2.3901800 2.4035785 3.5509351 2.0852989 2.6066326 1.7236787 2.2717916 2.4465540 1.8676257 2.0103747 2.1069429 2.0518968 2.2161855 2.2572670 2.0012437 1.4375981 2.0655331 2.2450040 2.2348688 2.3307014 2.1548392 2.3490129 2.7086823 2.3834515 2.4196116 2.5469598 2.2881742 1.9700777 1.8776953 1.6681512 0.2694641 0.2650261 0.2439144 0.0000000 0.3652800 0.3696562 1.9696079 2.0991552 2.0282194 2.2896517 2.5479891 2.2338636 2.1884312 2.3142605 2.5408230 2.0306119 2.0281170 1.9389639 2.7746103 2.7746103 3.3398118 2.7786273 2.3187397 2.3187397 2.3721491 1.8473124 2.8643665 2.2898311 2.1702137 2.3880992 2.3880992 2.8445869 3.3858492 3.1583372 3.0923283 4.2362540 2.8443863 2.5812939 2.8851211 3.2045557 2.8770888 3.0509389 2.7403551 2.9151241 2.8907646 3.0293068 2.9749635 2.8787356 2.6727593 3.4465073 2.7384837 2.5897228 2.7936092 2.6844304 2.5957562 2.4804402 3.1727921 2.9842490 1.9318720 
