74
HoiH23_PlH23_001091-RA                                 0.0000000 0.0716773 0.2394696 0.2403698 0.5370450 0.5373105 3.3301521 2.5189864 3.1140185 3.1588512 2.8536511 3.1026767 3.0079834 2.9154616 2.9038527 3.3153678 3.7249113 2.0263064 3.4174641 3.5501303 3.1840307 3.8182122 2.1667396 3.4400102 3.3905221 2.8099172 3.7038874 2.9133521 3.8346699 3.5912300 4.3539563 3.8886399 4.2369306 3.2555944 6.3865076 4.3341196 3.8317577 3.7697243 3.7956252 4.8069991 3.8050783 4.8171100 3.5513468 3.5098006 3.7731165 3.4532122 3.3022758 3.4432143 4.0020330 3.9990154 3.4207161 3.4179474 3.6328827 3.2515469 3.7059361 3.1852291 3.6160294 2.8526673 3.3510855 3.5227294 3.4317252 4.0978213 3.5201516 4.1854289 3.7290440 3.5437245 3.2274392 3.5352023 3.9073040 3.8570597 3.9013800 3.2584576 3.6779445 4.4828142 
HoiH06_mRNA5827                                        0.0716773 0.0000000 0.2354474 0.2363390 0.5847655 0.5780734 3.3861610 2.4711353 3.1796632 3.1950036 2.8793516 3.1616281 3.0641260 2.9755290 2.9894118 3.3935657 3.7385564 2.0263064 3.3439783 3.5183249 3.2087121 3.8276737 2.1701253 3.5170883 3.3904012 2.8425934 3.7626278 3.0256503 3.9250663 3.5007138 4.3615834 3.8949174 4.2384259 3.2496126 6.3842327 4.3998547 3.9349358 3.8715954 3.8899616 4.8319203 3.6406409 4.7232901 3.6550974 3.6390873 3.7068229 3.3817340 3.3291118 3.4361542 3.9927361 3.9899004 3.4383727 3.4346790 3.6816782 3.3581937 3.7553694 3.2516412 3.7257059 2.9891449 3.4131356 3.5295828 3.3568212 4.0374340 3.4271679 4.2584941 3.7735714 3.5556080 3.2345369 3.5393958 3.9319350 3.9553363 3.9806004 3.1642511 3.7686824 4.2977008 
Hhon_g03573.t1                                         0.2394696 0.2354474 0.0000000 0.0087747 0.5824332 0.5764080 3.3946946 2.5368056 3.3396521 3.3412704 3.0138413 3.3251669 3.1849709 3.1084749 3.1077251 3.5270303 3.7886588 2.0263064 3.5067193 3.7811937 3.3649782 3.9925505 2.2774306 3.9116237 3.4438524 3.0228573 4.2636495 3.0956263 4.0910091 3.5654823 4.7033169 3.8019711 4.2240900 3.3697075 6.5759042 4.4115567 4.1437094 3.9663080 4.0787053 4.9773919 3.7908771 4.6330071 3.4896669 3.5510121 3.7685757 3.7165828 3.4271679 3.5675863 4.0387331 4.0149506 3.3636601 3.3376657 3.7003658 3.2962356 3.4864570 3.1473114 3.6394137 2.9879915 3.6420012 3.5482613 3.5755909 4.2226339 3.5588696 4.2769145 3.8551675 3.6761435 3.3798200 3.6853632 4.1006034 4.0691777 4.1376427 3.2434735 3.7604847 4.6909046 
HoiH04_mRNA7919                                        0.2403698 0.2363390 0.0087747 0.0000000 0.5848222 0.5787766 3.3926919 2.5069271 3.3399512 3.3757176 3.0423339 3.3388503 3.1800939 3.1398345 3.1390021 3.5035360 3.7841868 2.0263064 3.5757770 3.8096815 3.3843035 4.0025672 2.2090149 3.8924954 3.4498602 3.0098381 4.3320186 3.0749300 4.1024436 3.5937214 4.6812352 3.8360792 4.1904819 3.2988748 6.5531028 4.4174131 4.1206126 3.9086847 4.0542840 4.9287778 3.7311025 4.4818953 3.4546811 3.5235283 3.7131909 3.6889460 3.3406790 3.5500246 4.0079177 3.9848215 3.3711334 3.3675050 3.7352934 3.2619009 3.5420065 3.1575162 3.6145525 2.9823218 3.6336201 3.5303330 3.5934311 4.2035479 3.5515739 4.2710823 3.8637130 3.7032759 3.4153681 3.7163270 4.0994034 4.1715673 4.1655817 3.2435126 3.7978577 4.6538437 
TrH2_TrispH2_001466-RA                                 0.5370450 0.5847655 0.5824332 0.5848222 0.0000000 0.0071823 3.0743046 2.5636649 3.3430828 3.3018349 3.0010547 3.3699007 3.2036714 3.3011998 3.2923260 3.4689822 3.8038386 2.1182721 3.3409053 3.8509313 3.4380548 3.7975782 2.6438323 3.7184772 3.5842010 3.3025453 4.4854846 3.0752541 4.1379670 3.9900337 4.1822213 3.9358077 4.1780722 3.1819061 6.5338791 4.6676231 4.0946917 3.9431595 4.2542127 4.9410828 4.0460693 4.6764521 3.5755152 3.4523184 3.6109498 3.7459425 3.5695922 3.4670781 4.0103819 4.0802636 3.5648963 3.5206454 3.6933344 3.5458353 3.9820319 3.4461071 3.8962269 3.2622313 3.4367810 3.7611731 3.5451149 4.4101056 3.6255548 4.3903368 3.7840146 3.9051848 3.4851279 3.8045348 4.0543684 4.0766427 4.2421097 3.3708752 3.8428819 5.0541325 
Tadh_TriadT57926                                       0.5373105 0.5780734 0.5764080 0.5787766 0.0071823 0.0000000 3.0394565 2.5148551 3.2972013 3.2608494 2.9459208 3.3134949 3.1505848 3.2591248 3.2504903 3.4259679 3.7681633 2.1182721 3.3441975 3.8383545 3.3879705 3.7931907 2.6005198 3.6714269 3.5424377 3.2615943 4.3310763 3.0451047 4.0920492 3.9304066 4.0801965 3.8650279 4.1251771 3.1098230 6.2776000 4.5404899 4.0486097 3.9467272 4.2598202 4.9047741 4.0274583 4.6764521 3.5442822 3.4523184 3.5477524 3.7144652 3.5141201 3.4011841 3.9970973 4.0243341 3.5048866 3.4646703 3.6347591 3.5144587 3.9479123 3.3816076 3.8476555 3.2227449 3.3650448 3.7104633 3.5298928 4.3736488 3.5800023 4.3760405 3.7873956 3.8481743 3.4578829 3.7710470 3.9986132 4.1484136 4.1838321 3.3297819 3.7897389 5.0412114 
Bralan_BLAG01000801_3                                  3.3301521 3.3861610 3.3946946 3.3926919 3.0743046 3.0394565 0.0000000 1.5666968 2.5415373 2.5005343 2.3744333 2.4194525 2.5862031 2.5979951 2.5980581 3.2445711 3.0342391 1.5788402 3.2218521 3.1739867 3.2145992 3.1165229 1.6520286 1.9303029 2.3727070 2.5819704 3.8761792 2.6740215 2.0680480 2.9140032 3.7660006 3.5601609 3.6287961 2.6973419 5.4898439 3.5518785 3.3518800 2.7933259 2.4884496 4.1776951 2.5321553 3.9985826 3.4310564 3.2942373 3.3812038 3.0540482 3.6848449 2.7578237 3.6214201 3.6073905 3.3792624 3.2644494 3.2932183 3.3314623 3.6417156 2.8091164 3.1757300 3.1192415 3.2920515 3.3824536 3.3032575 3.5372409 3.3919174 3.6046038 3.8572883 3.5048774 3.7571971 3.5491954 2.7456313 2.4924029 3.6572699 3.5705614 3.9132554 5.2892389 
Cscu_XM_023377978.1                                    2.5189864 2.4711353 2.5368056 2.5069271 2.5636649 2.5148551 1.5666968 0.0000000 1.8655193 1.8815364 1.5696169 1.6504917 1.9181723 1.8290456 1.8519171 2.4073151 2.3122718 1.8443170 2.9582525 2.5322846 2.4047267 2.1575469 1.5692334 2.0950630 1.4980052 1.7961151 2.9188578 2.1341384 1.5575022 2.1485195 2.8211557 2.3652088 2.2503755 1.9806580 3.7661223 2.5413176 2.1648267 2.3397015 2.3273059 2.3363298 2.3086399 3.9133180 2.5885798 2.9183521 2.5173806 2.0180768 3.6747541 1.6861724 2.6960880 2.6211961 2.1663928 2.1885368 2.0789657 2.1968378 1.9299242 1.7750820 2.0139500 1.9997671 2.3565098 2.8348997 3.6767807 3.4455572 3.0117602 3.3984790 3.7609013 3.7365213 3.2186895 3.6883452 1.9489601 2.0671637 2.4020832 2.2744610 2.4935465 2.7190809 
Spis_XP_022798133_1                                    3.1140185 3.1796632 3.3396521 3.3399512 3.3430828 3.2972013 2.5415373 1.8655193 0.0000000 0.1678022 0.6027755 0.5125991 0.6242512 0.7843263 0.7745068 3.6360073 3.4746156 1.4933542 3.3683344 3.8795510 3.5753557 3.3487974 2.0559557 2.1856022 2.6450212 1.5886902 1.6826658 1.7946819 2.7571364 2.7050666 3.8804332 3.4264976 3.5216426 2.7534120 5.1758281 3.2747098 4.2169217 2.5945787 2.6119290 4.2496184 3.1796403 4.0638651 3.5726430 3.0793053 4.1271160 3.2038531 3.5786029 3.2948042 3.8350211 3.8836745 2.8539494 2.7833589 2.7933621 2.8069495 3.1292736 2.6444505 4.0092869 2.2373806 3.1588669 3.9600939 3.8133640 3.6987212 3.9027390 3.8038438 3.5281281 3.4866205 4.1987928 3.6583363 2.6067583 2.5574228 3.6918516 3.0355745 3.5864555 4.8044535 
Pocdam_XM_027197081.1                                  3.1588512 3.1950036 3.3412704 3.3757176 3.3018349 3.2608494 2.5005343 1.8815364 0.1678022 0.0000000 0.5864557 0.4940935 0.6159624 0.7489017 0.7345286 3.4360606 3.6071815 1.4754574 3.4127292 3.7839835 3.4046215 3.0735147 2.1070271 2.3610944 2.5971976 1.5525034 1.7440114 1.8095498 2.6840918 2.6287058 3.7937636 3.3248205 3.5610698 2.8924688 5.4058086 3.3135752 4.0977498 2.7898437 2.7301255 4.1845389 3.2575598 4.3613868 3.5206404 2.7959633 4.0328591 3.0233954 3.7144016 3.1018173 3.8688906 3.9345558 2.7487256 2.7162184 2.7428824 2.7768530 3.1808079 2.6155446 3.8913345 2.2035865 3.1831807 3.9049334 3.7044812 3.4406272 3.9951697 3.5824452 3.4037889 3.3680443 4.2757839 3.8189154 2.5694635 2.6630541 3.6561957 3.1475836 3.7016618 4.9187540 
Gasp_gasp1.m3.15839.m1                                 2.8536511 2.8793516 3.0138413 3.0423339 3.0010547 2.9459208 2.3744333 1.5696169 0.6027755 0.5864557 0.0000000 0.3545294 0.5039293 0.7076310 0.6965790 3.4045143 3.3074531 1.4830576 3.1657639 3.5903463 3.2423355 3.0246075 1.8411560 2.3793133 2.6748025 1.5914915 1.8872596 1.6700239 2.5933634 2.4157621 3.5922474 3.4338928 3.7145768 2.9323225 6.3567254 3.5134736 4.1972096 2.9936130 2.8110520 4.3801118 3.0131993 5.3590397 3.2592645 2.9136785 3.6655586 2.9884982 3.5057512 2.7921615 3.6682587 3.7174887 2.8507764 2.8020768 2.7283370 2.9102280 3.0042518 2.7332525 3.9237537 2.2515698 2.9628508 3.7284455 3.5112670 3.7777329 3.7466191 3.7144061 3.5558285 3.5763566 3.8501642 3.9119594 2.3764171 2.1580082 3.5217941 2.2347559 3.6566987 5.3717656 
Fspp_ffun1.m4.15290.m1                                 3.1026767 3.1616281 3.3251669 3.3388503 3.3699007 3.3134949 2.4194525 1.6504917 0.5125991 0.4940935 0.3545294 0.0000000 0.4810903 0.6646601 0.6491542 3.3584141 3.3094613 1.3922674 3.4908530 3.7437168 3.2833682 3.0407104 1.8325308 2.4321195 2.5927840 1.3924634 1.4152471 1.6214119 2.6370074 2.5326259 3.5908994 3.4549610 3.5483081 2.7125577 5.8504755 3.3570192 3.9581654 2.8405383 2.6786392 4.3820729 3.2101765 4.4111817 3.4427112 2.8896792 3.8821727 3.0424562 3.3942774 3.1835704 3.4647920 3.5623587 2.8589717 2.7888857 2.6877491 2.7517683 2.9683660 2.6420977 3.8200782 2.3147601 3.1319714 4.0303896 3.7092603 3.8496973 3.7529561 3.9177548 3.6457371 3.9142334 4.2972949 4.1548866 2.6614432 2.4454450 3.5726216 2.9588800 3.7654459 5.2105221 
Gfas_gfas1.m1.15949.m1                                 3.0079834 3.0641260 3.1849709 3.1800939 3.2036714 3.1505848 2.5862031 1.9181723 0.6242512 0.6159624 0.5039293 0.4810903 0.0000000 0.5589590 0.5540979 3.4902880 3.4806573 1.6162794 3.4483846 3.5759887 3.4324455 3.0812695 1.9143028 2.3881383 2.6032966 1.4879169 1.5030912 1.7940296 2.5242587 2.4805041 3.5634114 3.4891348 3.6818615 2.6500975 5.7095075 3.4922851 4.0636673 2.9269776 2.7736651 4.4839289 3.6212518 4.8396690 3.7727117 3.0185971 3.8186206 3.1212321 3.4634742 3.1922891 3.4577849 3.5587710 2.7616884 2.7093669 2.6272645 2.7354232 3.1897735 2.8431779 3.8224121 2.2870450 2.9344331 3.8600195 3.6306820 3.6776560 3.6065981 3.6981132 3.4924357 3.5996598 3.9387960 4.2193881 2.8546602 2.6447514 3.7301026 2.8692866 3.7820012 5.0297719 
Amil_Amillepora22078-RA                                2.9154616 2.9755290 3.1084749 3.1398345 3.3011998 3.2591248 2.5979951 1.8290456 0.7843263 0.7489017 0.7076310 0.6646601 0.5589590 0.0000000 0.0206246 3.6867978 3.3502663 1.4847564 3.3840077 3.9869178 3.4534871 2.9996581 2.0912165 2.3076487 2.5242386 1.6222299 1.7017098 1.8615174 2.7355135 2.6481623 3.4840451 3.1654190 3.8376880 2.9151640 5.7812688 4.0526776 4.0783463 2.8996341 2.8097889 4.3334090 3.3799930 5.0365809 3.8697130 3.1503342 3.6300634 2.9925067 3.7594216 2.9407291 3.3629930 3.4822757 2.9787509 2.8982420 2.8034237 2.7449237 3.2171696 2.8728655 3.7155537 2.3839978 3.0932380 3.9530056 3.7071163 3.7394584 3.5761006 3.6002865 3.4754982 3.7432014 4.1815444 4.1177530 2.8399740 2.8144678 3.6267497 3.1025775 3.6785647 4.9025640 
Adig_XM_015911445.1                                    2.9038527 2.9894118 3.1077251 3.1390021 3.2923260 3.2504903 2.5980581 1.8519171 0.7745068 0.7345286 0.6965790 0.6491542 0.5540979 0.0206246 0.0000000 3.6687121 3.3638158 1.4847564 3.3778735 3.9306808 3.4972032 2.9817303 2.0827145 2.3392814 2.5284499 1.6007357 1.6756951 1.8397942 2.7391918 2.6640070 3.4378742 3.1965551 3.8313983 2.9510586 5.9172375 4.0824180 4.0582861 2.8786748 2.7499866 4.3645882 3.3842384 5.0365809 3.8437805 3.1149565 3.6666804 3.0311867 3.7340926 2.9323528 3.3823054 3.5020886 2.9243598 2.8656883 2.8151375 2.7518678 3.2198036 2.8739088 3.7811370 2.4090922 3.1037449 4.0137624 3.6614104 3.7550938 3.5603492 3.6682540 3.5020361 3.8181438 4.2117894 4.0946095 2.8726223 2.8322579 3.6294105 3.1160432 3.6931954 4.9447797 
Lcom_lcpid37179                                        3.3153678 3.3935657 3.5270303 3.5035360 3.4689822 3.4259679 3.2445711 2.4073151 3.6360073 3.4360606 3.4045143 3.3584141 3.4902880 3.6867978 3.6687121 0.0000000 3.1301878 1.1007026 2.7152798 1.0704889 0.9880524 2.0449208 2.6197011 3.2104143 4.3124913 3.3874746 3.5154435 3.1924457 3.9390700 2.8536817 3.7411171 3.4334152 4.4892506 3.3550401 5.8598859 4.2151434 3.8386518 3.3033878 2.6226652 4.0455356 3.1557752 5.4339541 3.4579136 3.6328016 3.4065499 3.5809268 4.1485840 2.9479547 3.4571312 3.5683585 3.5511223 3.5026548 3.6892726 3.7492839 3.6934442 4.0881130 3.8914531 3.8117611 3.1496159 3.4083485 3.2457835 3.9558723 3.1727450 4.1851015 3.9923959 3.7877562 4.0358884 3.3775918 3.5262671 2.9164065 3.4461496 3.8560312 4.0513176 4.7340247 
Plajan_Pjan_C571354_01                                 3.7249113 3.7385564 3.7886588 3.7841868 3.8038386 3.7681633 3.0342391 2.3122718 3.4746156 3.6071815 3.3074531 3.3094613 3.4806573 3.3502663 3.3638158 3.1301878 0.0000000 1.3640482 3.0655008 2.7454414 2.8564160 3.0830515 2.5045311 3.3708132 3.5933678 3.2056882 4.5465558 3.2370098 3.8494313 3.0309801 4.4272219 3.9061472 4.0124315 3.3374525 6.9695287 4.3095439 3.7646421 3.7837861 3.7463857 4.2871799 3.2953646 5.0783546 3.5549496 3.6611008 3.7097953 4.0916010 4.0897493 3.6487277 2.9543428 2.9365294 3.9641542 3.8689754 4.1135158 3.9668783 4.6677839 3.6967579 4.6248478 3.6472151 3.5475249 4.2563407 4.3577306 4.5305022 3.8040025 4.0950955 4.0902402 3.6919167 3.6754980 4.0291390 3.8568898 3.5354747 4.2419672 4.2316684 4.6127781 5.4434570 
Saldol_EP00054_Salpingoeca_dolichothecata_P029961      2.0263064 2.0263064 2.0263064 2.0263064 2.1182721 2.1182721 1.5788402 1.8443170 1.4933542 1.4754574 1.4830576 1.3922674 1.6162794 1.4847564 1.4847564 1.1007026 1.3640482 0.0000000 1.3578932 1.1597877 1.1758408 1.0114842 1.9724774 1.7435899 1.8838900 1.7426839 0.0000010 1.6100549 1.8900675 1.7675217 1.3188939 1.3578404 1.7521210 1.7809265 4.1294873 1.3884098 1.7521210 1.8019289 1.6671292 1.8019289 1.8133013 8.9999986 1.5835485 1.5662601 1.7572853 1.7757026 2.8403551 1.9459143 1.5832005 1.5832005 1.6296238 1.6537270 1.7721833 1.7783421 1.8476956 1.5053762 2.0072088 1.7747247 2.0384429 1.8683522 2.3400237 2.2113729 2.4491154 1.8092988 1.8986549 1.8120890 1.9984159 1.7371806 1.6560292 2.0386900 1.8878478 1.4259847 2.4259446 1.4228417 
Salurc_EP00051_Salpingoeca_urceolata_P004163           3.4174641 3.3439783 3.5067193 3.5757770 3.3409053 3.3441975 3.2218521 2.9582525 3.3683344 3.4127292 3.1657639 3.4908530 3.4483846 3.3840077 3.3778735 2.7152798 3.0655008 1.3578932 0.0000000 2.6441413 2.7222031 3.1344667 3.1790863 3.0919146 3.5572768 3.0340499 3.1522021 3.2776327 3.6976965 3.0556784 2.6868965 2.3963340 4.1100323 3.1301564 8.9999982 4.9548877 3.8080767 3.7256916 3.5358830 4.8087468 3.6826520 6.8225339 3.4948014 3.2786748 3.5845130 3.5931028 4.3930219 3.2129020 3.8668560 3.9259590 3.2676966 3.1958804 3.5343672 3.6775108 3.8696535 3.5313311 4.5162668 3.7298617 3.5086055 2.3994283 2.5154497 3.6678462 2.4210675 2.6007555 2.3995077 2.4732018 2.2439339 3.1336344 3.2937666 3.2024446 3.8328319 4.0830633 4.1660406 3.7108060 
Gracom_Gcom_scaffold13400_01                           3.5501303 3.5183249 3.7811937 3.8096815 3.8509313 3.8383545 3.1739867 2.5322846 3.8795510 3.7839835 3.5903463 3.7437168 3.5759887 3.9869178 3.9306808 1.0704889 2.7454414 1.1597877 2.6441413 0.0000000 0.9777936 2.2395588 2.7678124 3.1498025 4.3325873 3.2665953 3.6798621 3.6785452 3.8491238 3.1112762 3.7972637 3.6504591 4.6167718 3.0364819 5.4273397 3.7483825 3.7135492 3.4228712 2.9049112 4.6981405 3.6103672 6.2132011 3.6565260 3.8264194 3.5829310 3.5668619 5.1016322 2.8453216 3.8046443 3.9017771 3.9128113 3.7072723 4.1799574 4.0185132 4.0132351 4.0977326 4.1627571 3.7608189 3.0501549 3.4047113 3.7748162 4.3566535 3.4571481 4.4481086 4.2702178 3.9821220 3.9721083 3.8727140 3.8241130 3.6570557 3.4285169 4.1856574 4.3816406 5.1494689 
Scil_scict016536.1                                     3.1840307 3.2087121 3.3649782 3.3843035 3.4380548 3.3879705 3.2145992 2.4047267 3.5753557 3.4046215 3.2423355 3.2833682 3.4324455 3.4534871 3.4972032 0.9880524 2.8564160 1.1758408 2.7222031 0.9777936 0.0000000 2.1837183 2.5385073 3.5808270 3.9996667 3.3277173 4.8530790 3.2216958 3.7198865 3.0229723 3.6208510 3.6351562 4.1526118 2.5823255 4.8255746 3.7496966 3.5492140 2.9778759 2.7964700 4.1598734 3.7368353 5.7315029 3.4054663 3.6894177 3.6372629 3.9226064 4.6171231 3.0769312 3.5921590 3.6228586 3.6944961 3.6928699 3.9430424 3.3454798 3.5698751 3.5429540 3.7774114 3.8131887 3.4188175 3.5511224 3.5497548 4.4247810 3.6496868 4.3110191 4.2407344 3.7595369 3.8657560 3.6653506 4.2656585 3.1539225 3.6482298 4.6772169 4.1668425 5.2922383 
Clacor_Ccor_C542637_01                                 3.8182122 3.8276737 3.9925505 4.0025672 3.7975782 3.7931907 3.1165229 2.1575469 3.3487974 3.0735147 3.0246075 3.0407104 3.0812695 2.9996581 2.9817303 2.0449208 3.0830515 1.0114842 3.1344667 2.2395588 2.1837183 0.0000000 2.3540869 3.5197921 3.7570942 3.0884577 4.6905941 3.3273148 3.8677498 2.8818415 3.4281158 3.6325865 3.6464854 2.9794308 5.2106062 3.4859977 3.9364787 3.4204825 3.2693547 4.7779813 3.4300680 5.1213758 3.9614192 3.2651699 3.2919682 3.7792747 4.5162730 2.9769672 3.6143406 3.6179157 3.1680638 3.1144919 3.4694626 2.7856223 3.4081766 3.6028678 4.2777252 3.3645536 3.3343677 3.7843426 3.8751053 3.5873442 3.9421544 3.3179270 3.7837829 3.6756038 3.6274659 4.0096520 3.1196830 3.4893738 3.8940588 4.7587703 3.9415360 4.4349347 
Cscu_XM_023385769.1                                    2.1667396 2.1701253 2.2774306 2.2090149 2.6438323 2.6005198 1.6520286 1.5692334 2.0559557 2.1070271 1.8411560 1.8325308 1.9143028 2.0912165 2.0827145 2.6197011 2.5045311 1.9724774 3.1790863 2.7678124 2.5385073 2.3540869 0.0000000 2.2259395 1.9836518 2.1319165 4.8507846 1.9784001 2.0556565 3.0061937 3.2480052 2.5099242 3.1280271 2.1250964 4.2838313 2.9582718 2.7601281 2.7677996 2.9701538 2.9799362 2.9749890 3.8831337 3.1974022 2.5826032 2.6540126 2.6349531 4.5999873 2.0557086 2.9923888 2.9335394 2.5362948 2.5532939 2.9608867 2.5933177 2.5531722 2.4203234 2.6047262 1.9662432 1.9968909 3.3073162 2.9890455 3.1567418 2.9050867 3.1719914 3.0862922 3.6175402 3.0872036 3.6004616 2.7081071 2.5887237 2.8352438 2.4044752 2.2326249 3.0703783 
Spur_XM_030973987.1                                    3.4400102 3.5170883 3.9116237 3.8924954 3.7184772 3.6714269 1.9303029 2.0950630 2.1856022 2.3610944 2.3793133 2.4321195 2.3881383 2.3076487 2.3392814 3.2104143 3.3708132 1.7435899 3.0919146 3.1498025 3.5808270 3.5197921 2.2259395 0.0000000 2.2045795 2.3680591 3.3375681 2.6567606 2.0200304 3.5433274 3.5507056 3.7656606 3.0626700 2.2250007 4.2947713 3.4300031 2.9870564 2.6291096 2.4335647 3.4144641 2.8924781 3.8163940 3.7781639 3.2248338 3.7339299 2.8566811 4.6046854 3.0551671 3.4593327 3.4373046 3.0649430 3.0149329 2.9672265 3.3125548 3.3237984 2.6121348 2.5858026 2.5040112 2.6932680 4.1037967 3.8140014 4.2482507 3.9103315 2.8663634 3.1399213 4.0729729 3.7201390 3.9384419 1.8698214 1.9014068 3.3633928 3.8072059 3.4415429 4.1063041 
Cgig_XM_011425500.3                                    3.3905221 3.3904012 3.4438524 3.4498602 3.5842010 3.5424377 2.3727070 1.4980052 2.6450212 2.5971976 2.6748025 2.5927840 2.6032966 2.5242386 2.5284499 4.3124913 3.5933678 1.8838900 3.5572768 4.3325873 3.9996667 3.7570942 1.9836518 2.2045795 0.0000000 2.4076092 3.4204396 2.7252060 2.0265509 2.8024637 3.6632538 3.7751196 4.2451012 2.8982874 5.8586407 4.1417641 3.9570404 3.4193543 3.3433405 4.0837541 3.2247633 3.7496969 4.0006287 3.7949562 3.8829143 3.2374772 4.1531471 2.9056965 3.3609197 3.2877503 3.5972598 3.4224273 3.5952088 2.9660245 3.6776072 3.2908535 3.0399934 3.2447770 2.5963501 4.3606847 4.2273709 4.4406398 4.1205355 4.0775389 4.3418431 4.5921368 4.6250802 3.9061754 2.4311428 1.9433779 4.1612990 4.6168883 4.4628355 4.9869919 
Exapal_XM_021053962.2                                  2.8099172 2.8425934 3.0228573 3.0098381 3.3025453 3.2615943 2.5819704 1.7961151 1.5886902 1.5525034 1.5914915 1.3924634 1.4879169 1.6222299 1.6007357 3.3874746 3.2056882 1.7426839 3.0340499 3.2665953 3.3277173 3.0884577 2.1319165 2.3680591 2.4076092 0.0000000 0.0056617 1.3734214 2.2949214 2.4620899 3.7164295 3.3819318 3.5530625 2.9378916 6.1759015 3.3030814 3.7102955 2.6082330 2.6907361 4.0265120 3.3289895 4.2520081 3.4700720 3.1414721 3.7804979 3.1454755 4.2836476 2.9737939 3.5057996 3.5121397 2.9883009 2.9279165 2.7749427 2.8069196 3.1610530 3.2653392 3.2329981 2.4822895 2.8280091 3.9934854 4.0553702 4.4774611 3.9837127 3.9260497 3.5970512 3.6793736 4.0199715 4.0801255 2.8765444 2.5243744 3.7894971 3.3449830 3.9587376 4.6964657 
Exapal_XM_021043790.2                                  3.7038874 3.7626278 4.2636495 4.3320186 4.4854846 4.3310763 3.8761792 2.9188578 1.6826658 1.7440114 1.8872596 1.4152471 1.5030912 1.7017098 1.6756951 3.5154435 4.5465558 0.0000010 3.1522021 3.6798621 4.8530790 4.6905941 4.8507846 3.3375681 3.4204396 0.0056617 0.0000000 1.4226287 3.7269337 3.9674947 3.9500738 4.3437528 4.6326547 0.0000010 0.0000010 2.3465845 4.4642440 2.9477064 2.9477064 8.9999983 8.9999989 0.0000010 3.5966891 2.5340873 4.5708244 3.4906733 9.0000000 5.5689972 4.5360578 4.5360578 2.8026146 2.8026146 2.8809343 3.3245081 3.6618100 3.1067065 3.9030055 1.9863117 4.0437216 4.9267468 4.5714823 0.0000010 3.7803478 4.3786997 3.7333996 4.4786617 4.2020769 5.2783508 3.8733646 3.4881509 3.8119254 4.5343295 7.5849082 4.9708425 
Nvec_v1g214316                                         2.9133521 3.0256503 3.0956263 3.0749300 3.0752541 3.0451047 2.6740215 2.1341384 1.7946819 1.8095498 1.6700239 1.6214119 1.7940296 1.8615174 1.8397942 3.1924457 3.2370098 1.6100549 3.2776327 3.6785452 3.2216958 3.3273148 1.9784001 2.6567606 2.7252060 1.3734214 1.4226287 0.0000000 2.7772506 2.7103743 3.7284622 3.5922641 3.8522469 3.2633798 6.7832848 4.1753662 4.1574224 3.1815768 3.4659244 4.4807321 3.6668863 5.2242805 3.3997642 2.8223941 3.9322962 3.2808043 3.1169180 3.4040806 3.5461716 3.6220982 2.8517001 2.8050160 2.8191080 2.7167097 2.7103467 2.7476543 3.5919249 2.2647538 2.9631185 3.9557831 4.0587881 4.1141162 4.2980453 3.6827963 3.6528119 4.0705390 4.0395738 4.1570331 2.9678856 2.8838996 3.4392492 2.8616957 3.3787826 4.6930107 
Acagra_model.g24161.t1_model.g24162.t1                 3.8346699 3.9250663 4.0910091 4.1024436 4.1379670 4.0920492 2.0680480 1.5575022 2.7571364 2.6840918 2.5933634 2.6370074 2.5242587 2.7355135 2.7391918 3.9390700 3.8494313 1.8900675 3.6976965 3.8491238 3.7198865 3.8677498 2.0556565 2.0200304 2.0265509 2.2949214 3.7269337 2.7772506 0.0000000 2.7423209 4.5168050 3.7341459 3.8377798 3.1635863 5.7393175 3.8486020 3.8844920 3.1120684 2.7997291 4.1776368 2.8492349 3.8547536 3.4369606 3.0797004 3.9348261 3.4922397 3.5081378 2.8705873 3.3739916 3.4045933 3.8067666 3.5837523 3.4600156 3.2319127 3.6382728 3.5345551 3.2341386 2.9692047 3.1094523 4.9383592 4.3007808 4.0566201 4.2655667 3.9824805 4.4056122 4.6295350 4.3490723 4.3443246 2.5339125 1.6952283 3.4341365 3.5038628 4.0703831 4.9833756 
Chem_TCONS_00049190                                    3.5912300 3.5007138 3.5654823 3.5937214 3.9900337 3.9304066 2.9140032 2.1485195 2.7050666 2.6287058 2.4157621 2.5326259 2.4805041 2.6481623 2.6640070 2.8536817 3.0309801 1.7675217 3.0556784 3.1112762 3.0229723 2.8818415 3.0061937 3.5433274 2.8024637 2.4620899 3.9674947 2.7103743 2.7423209 0.0000000 3.4177938 3.2762667 3.7057737 2.7989317 4.2351734 3.9364843 4.0919301 3.7582863 3.7706020 3.9026934 3.6347746 5.3312507 3.4711131 3.0871958 3.6026228 3.2682917 5.0120614 2.9874313 3.5161392 3.4687992 2.2785465 2.1707370 2.3258121 2.2430190 2.1830734 2.3123561 4.1523252 2.2851521 2.6891568 3.3979670 3.0557896 3.0477447 2.8483281 3.1598387 3.1774141 3.3039376 3.2224055 4.0959791 3.1270750 2.9498351 3.5817296 3.0566873 3.3751847 1.7099799 
Codhol_EP00042_Codosiga_hollandica_P042309             4.3539563 4.3615834 4.7033169 4.6812352 4.1822213 4.0801965 3.7660006 2.8211557 3.8804332 3.7937636 3.5922474 3.5908994 3.5634114 3.4840451 3.4378742 3.7411171 4.4272219 1.3188939 2.6868965 3.7972637 3.6208510 3.4281158 3.2480052 3.5507056 3.6632538 3.7164295 3.9500738 3.7284622 4.5168050 3.4177938 0.0000000 2.5252104 5.2836107 4.6382408 7.4236170 4.6878352 5.0664567 4.0574257 3.4628364 5.2373746 4.4425801 6.5111218 5.4352555 4.1418365 4.3365715 3.9822488 5.3716681 3.5079122 4.0966976 4.0656314 3.9093586 3.9231529 4.6399604 3.7525724 4.0945104 4.0651756 4.4881220 3.3304214 3.5294851 3.0918529 3.6738266 4.2863499 3.7404778 3.3429333 3.3651084 3.2834091 2.6869667 3.1867723 3.6491881 3.4919414 4.5867540 4.3126557 5.2447565 5.5533910 
Didcos_EP00039_Didymoeca_costata_P020273               3.8886399 3.8949174 3.8019711 3.8360792 3.9358077 3.8650279 3.5601609 2.3652088 3.4264976 3.3248205 3.4338928 3.4549610 3.4891348 3.1654190 3.1965551 3.4334152 3.9061472 1.3578404 2.3963340 3.6504591 3.6351562 3.6325865 2.5099242 3.7656606 3.7751196 3.3819318 4.3437528 3.5922641 3.7341459 3.2762667 2.5252104 0.0000000 3.9230507 3.4421185 4.9288608 4.4485495 4.0905946 3.9051786 3.8906771 4.3756480 4.0018609 5.3799140 4.0804679 4.0242112 4.2273207 3.7487155 4.5689185 3.7210920 3.5955933 3.6348168 3.4498115 3.5046827 3.5621661 3.4894749 4.0198030 3.2662515 3.8878118 2.9722223 3.7114214 2.7559097 3.3347434 3.6802794 3.5124447 2.4516539 2.6313687 2.5618794 2.2520531 3.4205083 3.4340692 3.6842815 4.1547682 4.0278524 4.0651307 4.9610497 
Emue_Em0014g553a.t1                                    4.2369306 4.2384259 4.2240900 4.1904819 4.1780722 4.1251771 3.6287961 2.2503755 3.5216426 3.5610698 3.7145768 3.5483081 3.6818615 3.8376880 3.8313983 4.4892506 4.0124315 1.7521210 4.1100323 4.6167718 4.1526118 3.6464854 3.1280271 3.0626700 4.2451012 3.5530625 4.6326547 3.8522469 3.8377798 3.7057737 5.2836107 3.9230507 0.0000000 0.4435041 0.8648815 0.4503244 1.5543510 1.0550441 0.8925067 1.5924310 0.8368301 1.8261137 3.0844369 2.5902631 2.9491702 2.4017896 3.1074648 2.5930455 5.5224879 5.3619335 4.3895475 4.2734591 4.3600491 3.6448338 4.1518291 3.8788539 4.3108692 3.5141883 3.3345191 4.3269919 4.4360961 3.7617481 4.3728283 4.6915727 4.6363164 4.6589288 4.9356592 3.9558493 3.7138138 2.9915928 3.2433746 3.5581872 4.7455536 5.1475264 
Emue_Em0014g561a.t1                                    3.2555944 3.2496126 3.3697075 3.2988748 3.1819061 3.1098230 2.6973419 1.9806580 2.7534120 2.8924688 2.9323225 2.7125577 2.6500975 2.9151640 2.9510586 3.3550401 3.3374525 1.7809265 3.1301564 3.0364819 2.5823255 2.9794308 2.1250964 2.2250007 2.8982874 2.9378916 0.0000010 3.2633798 3.1635863 2.7989317 4.6382408 3.4421185 0.4435041 0.0000000 0.3459642 0.3559414 0.8454436 0.7251867 0.6081808 1.3119596 0.7015494 2.4427883 2.0633714 1.9237545 2.1449582 2.0076279 2.9557793 1.6858143 4.4327607 4.3932064 3.7527562 3.9165132 3.9838135 3.2119700 3.2058999 3.2947579 3.0765519 2.8313378 2.6756167 4.1080345 4.0371515 3.4760494 2.9048299 3.6497200 3.8790103 4.0781239 3.6028782 3.1895080 2.7520805 2.3201617 2.5145693 2.2139575 4.1732008 4.7980967 
Emue_Em0614g3a.t1                                      6.3865076 6.3842327 6.5759042 6.5531028 6.5338791 6.2776000 5.4898439 3.7661223 5.1758281 5.4058086 6.3567254 5.8504755 5.7095075 5.7812688 5.9172375 5.8598859 6.9695287 4.1294873 8.9999982 5.4273397 4.8255746 5.2106062 4.2838313 4.2947713 5.8586407 6.1759015 0.0000010 6.7832848 5.7393175 4.2351734 7.4236170 4.9288608 0.8648815 0.3459642 0.0000000 0.4589803 2.2264130 2.3720229 1.6862157 3.0432460 2.2956367 4.1024598 3.8669427 3.9395927 4.1262573 4.2864476 5.3736304 3.7768585 7.5441509 7.3003250 6.6144597 6.2971142 6.6601559 5.4801351 5.4512353 6.7598391 5.5716115 5.0854452 5.2799689 6.1831251 6.0685623 5.6894380 5.2606003 7.8460817 6.4003787 6.2380777 6.0884102 6.0019562 4.3884755 3.7392947 4.6012560 2.9619759 7.4305634 6.1407525 
Emue_Em0019g827a.t1                                    4.3341196 4.3998547 4.4115567 4.4174131 4.6676231 4.5404899 3.5518785 2.5413176 3.2747098 3.3135752 3.5134736 3.3570192 3.4922851 4.0526776 4.0824180 4.2151434 4.3095439 1.3884098 4.9548877 3.7483825 3.7496966 3.4859977 2.9582718 3.4300031 4.1417641 3.3030814 2.3465845 4.1753662 3.8486020 3.9364843 4.6878352 4.4485495 0.4503244 0.3559414 0.4589803 0.0000000 1.4242283 1.1859354 0.7602166 1.4572490 0.9927325 3.3208972 3.1422485 3.2368496 3.3128126 3.3887055 6.0302287 3.4300042 4.9640381 4.8317841 4.2377888 4.2291600 4.1536032 4.1803664 4.3514993 4.3328199 3.8425737 3.4937438 4.2795132 4.4830944 3.9387405 3.5888920 4.4993040 4.5742184 4.5635807 4.9230642 5.1315363 3.9983204 3.2322177 2.6720995 3.3864499 2.7733802 4.6740495 5.6908905 
Emue_Em0014g554a.t1                                    3.8317577 3.9349358 4.1437094 4.1206126 4.0946917 4.0486097 3.3518800 2.1648267 4.2169217 4.0977498 4.1972096 3.9581654 4.0636673 4.0783463 4.0582861 3.8386518 3.7646421 1.7521210 3.8080767 3.7135492 3.5492140 3.9364787 2.7601281 2.9870564 3.9570404 3.7102955 4.4642440 4.1574224 3.8844920 4.0919301 5.0664567 4.0905946 1.5543510 0.8454436 2.2264130 1.4242283 0.0000000 0.8321123 0.5774214 1.0012022 1.1942247 2.2096718 2.8770126 2.2072591 2.7890045 2.7176253 3.2885229 2.2927156 4.8182880 4.8347116 4.2891576 4.1676744 4.2990143 4.0455746 4.0024577 4.1634758 4.3529601 4.2668728 3.8062829 4.0176889 3.6442033 4.6112971 3.8200457 4.5077525 5.0426268 4.6942480 4.2299123 3.6849274 3.8182249 3.4817356 3.8510418 4.0372372 4.7216226 6.9780723 
Spolac_c104151_g2_i3_m.38478c104151-g2                 3.7697243 3.8715954 3.9663080 3.9086847 3.9431595 3.9467272 2.7933259 2.3397015 2.5945787 2.7898437 2.9936130 2.8405383 2.9269776 2.8996341 2.8786748 3.3033878 3.7837861 1.8019289 3.7256916 3.4228712 2.9778759 3.4204825 2.7677996 2.6291096 3.4193543 2.6082330 2.9477064 3.1815768 3.1120684 3.7582863 4.0574257 3.9051786 1.0550441 0.7251867 2.3720229 1.1859354 0.8321123 0.0000000 0.0000010 0.6161404 0.8370993 1.9753971 2.3225954 2.2560316 2.6071867 2.0909724 2.7653484 1.9811255 4.3230994 4.3394125 3.7605815 3.6367879 3.7656462 3.1763347 3.4126920 3.7143016 2.9835840 2.9747676 3.4745514 3.7397229 4.0901776 3.3259577 4.0864624 3.7788163 4.1378463 4.4036628 4.1971349 4.0401351 3.4243101 3.3646925 2.7182552 3.6090730 4.6191431 4.7132165 
Spolac_c104151_g2_i4_m.38481c104151-g2                 3.7956252 3.8899616 4.0787053 4.0542840 4.2542127 4.2598202 2.4884496 2.3273059 2.6119290 2.7301255 2.8110520 2.6786392 2.7736651 2.8097889 2.7499866 2.6226652 3.7463857 1.6671292 3.5358830 2.9049112 2.7964700 3.2693547 2.9701538 2.4335647 3.3433405 2.6907361 2.9477064 3.4659244 2.7997291 3.7706020 3.4628364 3.8906771 0.8925067 0.6081808 1.6862157 0.7602166 0.5774214 0.0000010 0.0000000 0.7432660 0.7624705 3.8427404 2.0507683 1.8579337 2.5182506 2.3077881 3.6274634 1.4297696 3.7839058 3.7839058 3.0753568 3.0122610 3.2250554 2.9655616 3.3956413 2.9923498 2.7693016 2.7892247 3.3988366 3.9703684 4.3054657 3.3451689 3.7458280 3.9376294 4.3055761 4.0385303 3.2856136 3.6162670 3.5896325 3.3646925 2.8699879 3.4901733 4.0697196 4.3942308 
Spolac_c104151_g2_i1_m.38475c104151-g2                 4.8069991 4.8319203 4.9773919 4.9287778 4.9410828 4.9047741 4.1776951 2.3363298 4.2496184 4.1845389 4.3801118 4.3820729 4.4839289 4.3334090 4.3645882 4.0455356 4.2871799 1.8019289 4.8087468 4.6981405 4.1598734 4.7779813 2.9799362 3.4144641 4.0837541 4.0265120 8.9999983 4.4807321 4.1776368 3.9026934 5.2373746 4.3756480 1.5924310 1.3119596 3.0432460 1.4572490 1.0012022 0.6161404 0.7432660 0.0000000 0.2255171 1.4115008 3.3075385 2.6059469 3.0111969 3.0752373 3.1244129 2.8380826 4.6945538 4.8144631 5.2209644 4.8890484 5.1564131 4.1932169 4.5236818 4.2024349 4.6872482 4.6583583 4.3559680 4.5631203 4.4244158 4.6516173 4.6695079 4.8527232 5.9093723 5.8525590 5.7955990 4.2699038 3.9369393 4.2167768 3.7655299 3.9345794 5.2498819 6.6841351 
Spolac_c104151_g2_i2_m.38477c104151-g2                 3.8050783 3.6406409 3.7908771 3.7311025 4.0460693 4.0274583 2.5321553 2.3086399 3.1796403 3.2575598 3.0131993 3.2101765 3.6212518 3.3799930 3.3842384 3.1557752 3.2953646 1.8133013 3.6826520 3.6103672 3.7368353 3.4300680 2.9749890 2.8924781 3.2247633 3.3289895 8.9999989 3.6668863 2.8492349 3.6347746 4.4425801 4.0018609 0.8368301 0.7015494 2.2956367 0.9927325 1.1942247 0.8370993 0.7624705 0.2255171 0.0000000 0.3454114 2.6988502 2.1772387 2.1948051 2.1516472 2.6158129 1.8362233 4.0886929 4.1081876 3.6716927 3.3812531 3.5730085 3.6388059 3.4311772 3.1361957 3.8078879 2.9593362 3.1410897 3.8875463 4.0948341 3.1460715 3.8785617 3.8233993 4.6507707 4.6255100 4.8369877 3.4282674 3.7453736 4.2017366 2.9165894 3.9867523 4.3332827 4.2241793 
Spolac_c104151_g2_i4_m.38484c104151-g2                 4.8171100 4.7232901 4.6330071 4.4818953 4.6764521 4.6764521 3.9985826 3.9133180 4.0638651 4.3613868 5.3590397 4.4111817 4.8396690 5.0365809 5.0365809 5.4339541 5.0783546 8.9999986 6.8225339 6.2132011 5.7315029 5.1213758 3.8831337 3.8163940 3.7496969 4.2520081 0.0000010 5.2242805 3.8547536 5.3312507 6.5111218 5.3799140 1.8261137 2.4427883 4.1024598 3.3208972 2.2096718 1.9753971 3.8427404 1.4115008 0.3454114 0.0000000 4.3863528 4.2648669 2.5840325 2.9461206 3.4831339 3.2349428 4.8924996 4.9739201 6.1669358 6.1669358 5.0965587 5.2777551 5.2690051 6.0151559 6.3808441 4.0279740 3.4602756 4.8971424 7.4595272 5.7051457 8.9999988 6.5567018 8.9999981 8.3960526 8.9999985 5.9009980 5.7227814 3.1948945 4.5700175 1.6779659 5.1877701 8.2670584 
Aque_Aqu2.1.27241_001                                  3.5513468 3.6550974 3.4896669 3.4546811 3.5755152 3.5442822 3.4310564 2.5885798 3.5726430 3.5206404 3.2592645 3.4427112 3.7727117 3.8697130 3.8437805 3.4579136 3.5549496 1.5835485 3.4948014 3.6565260 3.4054663 3.9614192 3.1974022 3.7781639 4.0006287 3.4700720 3.5966891 3.3997642 3.4369606 3.4711131 5.4352555 4.0804679 3.0844369 2.0633714 3.8669427 3.1422485 2.8770126 2.3225954 2.0507683 3.3075385 2.6988502 4.3863528 0.0000000 1.4906323 1.9244342 2.6432136 2.3423754 2.4020595 4.2329294 4.3172145 3.9276527 4.0450800 4.0173021 3.8144619 4.3918930 3.9198807 4.5047377 3.6411118 3.8509333 3.2188050 3.4926130 4.0264945 3.7598187 4.3317545 4.7834171 4.0401428 4.0562522 3.8823884 4.2057937 3.9635569 3.5723836 3.0478192 4.1851789 5.7949710 
Halamb_c49736_g1_i1m.26780                             3.5098006 3.6390873 3.5510121 3.5235283 3.4523184 3.4523184 3.2942373 2.9183521 3.0793053 2.7959633 2.9136785 2.8896792 3.0185971 3.1503342 3.1149565 3.6328016 3.6611008 1.5662601 3.2786748 3.8264194 3.6894177 3.2651699 2.5826032 3.2248338 3.7949562 3.1414721 2.5340873 2.8223941 3.0797004 3.0871958 4.1418365 4.0242112 2.5902631 1.9237545 3.9395927 3.2368496 2.2072591 2.2560316 1.8579337 2.6059469 2.1772387 4.2648669 1.4906323 0.0000000 1.4217579 2.2041459 2.3696523 2.3787154 3.6833884 3.7354018 3.4405455 3.5344120 3.5202410 3.4266455 3.5872918 3.6107363 4.0225361 2.8934357 3.2630932 3.1126628 3.2681595 3.3065290 4.1891144 3.8526483 4.0614150 5.0088331 4.6805937 4.5525169 3.1690451 2.9672123 2.8279913 2.1931239 3.7162265 4.1143213 
Xestes_maker-XT_scaffold5085-augustus-gene-0.10-mRNA-1 3.7731165 3.7068229 3.7685757 3.7131909 3.6109498 3.5477524 3.3812038 2.5173806 4.1271160 4.0328591 3.6655586 3.8821727 3.8186206 3.6300634 3.6666804 3.4065499 3.7097953 1.7572853 3.5845130 3.5829310 3.6372629 3.2919682 2.6540126 3.7339299 3.8829143 3.7804979 4.5708244 3.9322962 3.9348261 3.6026228 4.3365715 4.2273207 2.9491702 2.1449582 4.1262573 3.3128126 2.7890045 2.6071867 2.5182506 3.0111969 2.1948051 2.5840325 1.9244342 1.4217579 0.0000000 2.4414170 3.0809212 2.1486698 3.8100436 3.8969641 4.3812973 4.3851267 4.5135355 4.1442589 4.5742479 3.4149102 4.5338441 3.7437877 3.2030632 3.5875882 3.6371052 4.1502543 4.0236707 4.3528231 4.3050928 3.9996157 4.1106634 4.0032768 4.0472649 3.7032401 3.5222144 3.8149077 4.2409108 5.7879645 
Tetwil_g12998.t1                                       3.4532122 3.3817340 3.7165828 3.6889460 3.7459425 3.7144652 3.0540482 2.0180768 3.2038531 3.0233954 2.9884982 3.0424562 3.1212321 2.9925067 3.0311867 3.5809268 4.0916010 1.7757026 3.5931028 3.5668619 3.9226064 3.7792747 2.6349531 2.8566811 3.2374772 3.1454755 3.4906733 3.2808043 3.4922397 3.2682917 3.9822488 3.7487155 2.4017896 2.0076279 4.2864476 3.3887055 2.7176253 2.0909724 2.3077881 3.0752373 2.1516472 2.9461206 2.6432136 2.2041459 2.4414170 0.0000000 3.1949902 2.0296227 3.8786384 3.8576402 3.5439762 3.5230909 3.3861907 3.6024884 3.8626327 3.9121336 4.3379379 3.6056745 3.6752787 3.7897290 4.0209600 3.7869405 4.6373890 4.1510814 4.2789997 4.5370173 4.4364996 4.6282414 3.4308851 2.6199553 2.9414701 2.4410786 4.3120740 6.1331937 
Aque_Aqu2.1.16324_001                                  3.3022758 3.3291118 3.4271679 3.3406790 3.5695922 3.5141201 3.6848449 3.6747541 3.5786029 3.7144016 3.5057512 3.3942774 3.4634742 3.7594216 3.7340926 4.1485840 4.0897493 2.8403551 4.3930219 5.1016322 4.6171231 4.5162730 4.5999873 4.6046854 4.1531471 4.2836476 9.0000000 3.1169180 3.5081378 5.0120614 5.3716681 4.5689185 3.1074648 2.9557793 5.3736304 6.0302287 3.2885229 2.7653484 3.6274634 3.1244129 2.6158129 3.4831339 2.3423754 2.3696523 3.0809212 3.1949902 0.0000000 3.0654267 4.8619945 4.4666770 3.7898514 4.1128449 3.8541984 3.8929912 3.6896707 4.0807249 4.2501624 4.1709142 3.5672522 3.9073442 5.7921458 5.2311034 6.1127370 6.2480870 6.3919405 4.8264933 5.4511324 5.6129630 5.4439451 4.7083845 3.7405327 4.3758563 4.8137224 6.8105484 
Stycar_maker-SC_scaffold27388-snap-gene-0.33-mRNA-1    3.4432143 3.4361542 3.5675863 3.5500246 3.4670781 3.4011841 2.7578237 1.6861724 3.2948042 3.1018173 2.7921615 3.1835704 3.1922891 2.9407291 2.9323528 2.9479547 3.6487277 1.9459143 3.2129020 2.8453216 3.0769312 2.9769672 2.0557086 3.0551671 2.9056965 2.9737939 5.5689972 3.4040806 2.8705873 2.9874313 3.5079122 3.7210920 2.5930455 1.6858143 3.7768585 3.4300042 2.2927156 1.9811255 1.4297696 2.8380826 1.8362233 3.2349428 2.4020595 2.3787154 2.1486698 2.0296227 3.0654267 0.0000000 3.6746735 3.7473982 3.8161136 3.8018914 3.9027075 3.4529165 3.9583787 3.7429396 3.5820766 3.5265627 2.9456904 3.4659452 3.3110869 4.1223860 3.3723192 3.8009262 4.2013923 4.1439620 3.8064943 3.4262929 3.3762637 2.3606354 3.1240257 3.1197291 3.7856296 5.0108205 
Opea_EP00118_Oscarella_pearsei_P026469                 4.0020330 3.9927361 4.0387331 4.0079177 4.0103819 3.9970973 3.6214201 2.6960880 3.8350211 3.8688906 3.6682587 3.4647920 3.4577849 3.3629930 3.3823054 3.4571312 2.9543428 1.5832005 3.8668560 3.8046443 3.5921590 3.6143406 2.9923888 3.4593327 3.3609197 3.5057996 4.5360578 3.5461716 3.3739916 3.5161392 4.0966976 3.5955933 5.5224879 4.4327607 7.5441509 4.9640381 4.8182880 4.3230994 3.7839058 4.6945538 4.0886929 4.8924996 4.2329294 3.6833884 3.8100436 3.8786384 4.8619945 3.6746735 0.0000000 0.0204512 3.9015475 3.8802175 4.1147791 4.2834524 3.9716600 3.7144991 4.1243273 3.5540566 3.3956845 4.3629676 4.0833223 3.7903157 4.4171640 4.3742430 4.3750629 5.0241284 4.9908149 4.1613054 4.7873452 3.6806416 3.7097835 5.2758183 4.3373137 5.5842769 
Ocar_g1853                                             3.9990154 3.9899004 4.0149506 3.9848215 4.0802636 4.0243341 3.6073905 2.6211961 3.8836745 3.9345558 3.7174887 3.5623587 3.5587710 3.4822757 3.5020886 3.5683585 2.9365294 1.5832005 3.9259590 3.9017771 3.6228586 3.6179157 2.9335394 3.4373046 3.2877503 3.5121397 4.5360578 3.6220982 3.4045933 3.4687992 4.0656314 3.6348168 5.3619335 4.3932064 7.3003250 4.8317841 4.8347116 4.3394125 3.7839058 4.8144631 4.1081876 4.9739201 4.3172145 3.7354018 3.8969641 3.8576402 4.4666770 3.7473982 0.0204512 0.0000000 3.9429025 3.9185941 4.1068386 4.3701707 3.9268911 3.6913854 4.2113316 3.5411621 3.3641377 4.4393044 4.0868962 3.8498085 4.4317728 4.3742430 4.5721205 5.0968534 5.0335977 4.1547929 4.7517452 3.6806416 3.6913464 5.0478690 4.3979779 5.5412475 
