89
Hhon_g05293.t1                                                    0.0000000 0.0000010 0.0989331 0.1412901 0.3222774 0.3595107 1.4239913 1.5926528 1.4785696 1.0777491 0.9496409 1.5182371 1.1582081 1.6581188 1.7079599 1.3722895 1.3839655 0.6812745 0.8498450 1.4159264 1.3444676 1.4464563 2.3635915 1.3471875 1.3398920 1.8818839 1.4098825 1.3668738 1.6631734 1.5789488 1.6120064 1.6061531 2.0900449 1.7807333 2.1421925 2.3032322 2.4071588 1.4977589 2.5219499 2.4328919 2.2363366 2.9440432 1.9444524 2.1594428 2.4190829 2.4190829 2.2924239 2.6034273 2.4885314 1.8897618 2.9170626 3.2944937 1.7311518 2.8412686 2.7210325 2.8412686 2.7210325 2.8325477 2.8325477 2.7889714 2.5420054 2.5420054 2.5824134 2.4827695 2.7318850 2.6426340 2.5638150 2.7518655 2.7518655 2.7124786 3.0813752 3.0813752 2.6698775 2.6698775 2.8666852 3.0717868 3.1999620 3.0831392 3.1002669 3.0014236 3.0030366 2.9987248 2.9376695 2.8889834 2.6720451 2.5973582 1.6504395 2.6255142 2.0401831 
HoiH04_mRNA17293                                                  0.0000010 0.0000000 0.0989331 0.1412901 0.3222774 0.3595107 1.4239913 1.5926528 1.4785696 1.0777491 0.9496409 1.5182371 1.1582081 1.6581188 1.7079599 1.3722895 1.3839655 0.6812745 0.8498450 1.4159264 1.3444676 1.4464563 2.3635915 1.3471875 1.3398920 1.8818839 1.4098825 1.3668738 1.6631734 1.5789488 1.6120064 1.6061531 2.0900449 1.7807333 2.1421925 2.3032322 2.4071588 1.4977589 2.5219499 2.4328919 2.2363366 2.9440432 1.9444524 2.1594428 2.4190829 2.4190829 2.2924239 2.6034273 2.4885314 1.8897618 2.9170626 3.2944937 1.7311518 2.8412686 2.7210325 2.8412686 2.7210325 2.8325477 2.8325477 2.7889714 2.5420054 2.5420054 2.5824134 2.4827695 2.7318850 2.6426340 2.5638150 2.7518655 2.7518655 2.7124786 3.0813752 3.0813752 2.6698775 2.6698775 2.8666852 3.0717868 3.1999620 3.0831392 3.1002669 3.0014236 3.0030366 2.9987248 2.9376695 2.8889834 2.6720451 2.5973582 1.6504395 2.6255142 2.0401831 
HoiH23_PlH23_000726-RA                                            0.0989331 0.0989331 0.0000000 0.0671938 0.2965437 0.3358553 1.4617541 1.5874989 1.4567147 0.9942262 0.9980743 1.5325762 1.1910851 1.7208307 1.7901224 1.4035938 1.4138049 0.6361934 0.8397671 1.4407367 1.3437005 1.4263511 2.2182511 1.3898123 1.3573223 1.9822932 1.4372858 1.3244393 1.6549766 1.6324713 1.5763599 1.5873982 2.1455594 1.7849463 2.0758916 2.2556930 2.4284184 1.4839765 2.5187057 2.4232320 2.1807057 2.7722140 1.9348213 2.2846577 2.4408903 2.4408903 2.3376942 2.5827430 2.4378269 1.8781671 2.8927058 3.1331369 1.7397310 2.8734374 2.7298796 2.8734374 2.7298796 2.7675193 2.7675193 2.8032926 2.4858150 2.4858150 2.5539155 2.4049878 2.7758924 2.6300273 2.5427818 2.8803308 2.8803308 2.7498548 3.1058126 3.1058126 2.7044466 2.7044466 2.9132598 3.0959074 3.2268398 3.1217248 3.0825439 3.0280728 3.0297173 3.0205432 3.1200001 3.0383762 2.8822110 2.6375593 1.6789334 2.7015362 2.1732084 
HoiH06_mRNA6331                                                   0.1412901 0.1412901 0.0671938 0.0000000 0.3422213 0.3884818 1.4897733 1.6475409 1.5105272 0.9823354 1.0361327 1.6342593 1.1644138 1.7315964 1.8038898 1.4705596 1.4803274 0.6493273 0.8492224 1.4885652 1.3580874 1.4709444 2.1462971 1.4509199 1.3969812 2.0550630 1.5069651 1.4044611 1.7090874 1.7016345 1.6147369 1.6215847 2.1701051 1.8667394 2.0649777 2.2355096 2.5147536 1.4827231 2.5548545 2.4560343 2.1674018 2.9108730 1.9683307 2.3095291 2.4179833 2.4179833 2.5035715 2.5439101 2.4589685 1.8463173 2.9541747 3.1174255 1.7560111 2.8820465 2.7770608 2.8820465 2.7770608 2.7746427 2.7746427 2.8115664 2.6513874 2.6513874 2.7008109 2.4875787 2.8474721 2.7642912 2.6283560 2.8521531 2.8521531 2.8107461 3.1326628 3.1326628 2.7000243 2.7000243 2.9328468 3.1253398 3.2593759 3.0785845 3.0451089 2.9955547 2.9973901 2.9881881 2.9736674 3.0712481 2.8350839 2.5984475 1.8020954 2.8769485 2.2546102 
TrH2_TrispH2_000227-RA                                            0.3222774 0.3222774 0.2965437 0.3422213 0.0000000 0.0341200 1.5343757 1.5917781 1.5554811 1.1189175 1.0428744 1.5666974 1.2282032 1.7534700 1.8881686 1.4297608 1.4620833 0.6659111 0.8549604 1.4679445 1.4415197 1.5434754 2.3221890 1.3262767 1.3647227 1.9685610 1.4152872 1.3132796 1.7354513 1.6160278 1.6633828 1.6226714 2.1628712 1.8741804 2.1268004 2.3286205 2.4137113 1.5054120 2.6128884 2.4872939 2.3354555 2.7800578 1.9507930 2.3530269 2.3597073 2.3597073 2.3545859 2.6316743 2.5169004 1.9306076 2.9901802 3.0746351 1.7807934 2.7964006 2.7103418 2.7964006 2.7103418 2.7616297 2.7616297 2.8076493 2.6116045 2.6116045 2.8521357 2.5580592 2.8909155 2.6843471 2.6157240 2.8356485 2.8356485 2.7955141 3.2582591 3.2582591 2.7935519 2.7935519 3.0402877 3.0204600 3.1432527 2.9849889 3.0436961 2.9797425 2.9788448 3.0074100 3.4718567 3.0481511 2.8279284 2.5703276 1.8988263 2.5523671 2.3616986 
Tadh_TriadT52570                                                  0.3595107 0.3595107 0.3358553 0.3884818 0.0341200 0.0000000 1.6149469 1.6099512 1.7196717 1.2602568 1.1755511 1.6161728 1.2979134 1.8218371 2.0313440 1.5828804 1.6000295 0.6730762 0.6525815 1.5745765 1.6199904 1.6774831 2.2944211 1.4603911 1.5440959 1.9783922 1.6219831 1.5128313 2.0184651 1.7134759 1.8347318 1.7374372 2.0599579 2.0341197 2.2936634 2.4322962 2.4679499 1.6747419 2.8616624 2.6161442 2.4133778 2.8288464 2.0363373 2.2884885 2.4672472 2.4672472 2.5983153 2.8879037 2.8206654 2.1365115 3.3223199 3.4929810 1.7795384 2.9472240 2.7933528 2.9472240 2.7933528 3.0105293 3.0105293 2.9948376 2.9221111 2.9221111 3.1117304 2.8310920 2.8783984 2.6525012 2.7721907 2.9795093 2.9795093 2.7895805 3.1306662 3.1306662 2.8677177 2.8677177 2.8856852 3.2166756 3.2166756 3.0853296 3.2488088 3.0531056 3.0546028 3.0429814 4.1263302 2.8900997 2.8393883 2.6064575 1.9305529 2.4732184 2.2914198 
Bralan_BLAG07001166_1                                             1.4239913 1.4239913 1.4617541 1.4897733 1.5343757 1.6149469 0.0000000 1.4288843 1.4410699 0.8422660 0.8582873 1.5047552 1.1133260 1.5945321 1.6824264 1.3909323 1.4251593 0.7359063 0.9731214 1.3803139 1.4480813 1.4324382 1.9588353 1.3684352 1.3586452 1.7280148 1.4768720 1.2181386 1.4107042 1.7156979 1.5363618 1.4499380 2.2607190 1.4856436 2.2570460 2.3515775 2.2342278 1.6083124 2.6596926 2.5810051 2.3278469 2.9232066 1.7576405 2.4279962 2.5514851 2.5514851 2.3606896 2.7692476 2.6712947 2.0467629 3.2335007 3.0819141 1.7018831 3.3482001 3.2924284 3.3482001 3.2924284 3.2548847 3.2548847 3.2497374 3.0716312 3.0716312 3.4253329 3.0004187 3.0873066 2.9120947 2.6958388 3.2231556 3.2231556 3.4143479 3.0075850 3.0075850 2.8048257 2.8048257 2.8869292 3.5545740 3.6358719 3.4426394 3.5235704 3.0124894 3.0049253 3.0498151 3.3179385 3.1868127 2.7186235 2.7936118 1.3919071 2.5140972 2.8432134 
Cgig_XM_011456176.3                                               1.5926528 1.5926528 1.5874989 1.6475409 1.5917781 1.6099512 1.4288843 0.0000000 1.4202113 0.6855480 0.7593515 1.5382740 1.1385589 1.6992768 1.7906207 1.4015774 1.3949672 0.6327715 0.7752008 1.3860976 1.5169922 1.3670819 1.8629415 1.4754012 1.4858726 1.7005723 1.6116979 1.4536607 1.6167459 1.6833244 1.4530062 1.2258349 2.3649571 1.6717604 2.3217114 2.3800594 2.4385918 1.5768978 2.7591859 2.7834337 2.3842461 2.8712827 1.8486165 2.2373280 2.4955001 2.4955001 2.1748608 2.8870018 2.9491545 2.2821698 3.4541799 3.5044338 1.5848476 2.9764281 2.8359797 2.9764281 2.8359797 2.6371114 2.6371114 2.7688097 2.7425200 2.7425200 3.0651706 2.6831276 3.0063165 2.8711732 2.6795111 3.2319653 3.2319653 3.0162295 3.2227593 3.2227593 2.9324602 2.9324602 3.0991889 3.3642424 3.4642401 3.3989899 3.2635206 3.0615557 3.0554435 3.1255654 2.9682763 3.0501380 2.6303882 2.4118641 1.7130544 2.7166427 2.1629332 
Ctel_gnl_WGS_AMQN_CAPTEDRAFT_mRNA176253                           1.4785696 1.4785696 1.4567147 1.5105272 1.5554811 1.7196717 1.4410699 1.4202113 0.0000000 0.0000010 0.9324200 1.6781325 1.3582832 1.6702391 1.7465995 1.4932816 1.4763429 0.8204265 1.0225166 1.4751873 1.4797828 1.4130656 1.6882576 1.4161681 1.5008841 1.7715303 1.5651041 1.3891116 1.5322040 1.8085425 1.5718467 1.3754554 2.4917165 1.6903696 2.1457222 2.2914221 2.4629938 1.6635230 2.3713122 2.3606838 2.1526290 2.8955074 1.7194818 2.3166439 2.2219991 2.2219991 2.1725939 2.7838388 2.9359107 2.0394341 3.3296516 2.8560368 1.6921948 2.9939222 3.0250420 2.9939222 3.0250420 2.9109832 2.9109832 3.1003891 2.6860884 2.6860884 2.7914601 2.7245323 2.9976387 2.9923860 2.8193105 2.7409327 2.7409327 3.0334130 2.8437620 2.8437620 2.5944766 2.5944766 2.7163685 3.4288275 3.5366353 3.5391777 3.3972365 2.9823966 2.9748915 3.0052687 4.1865793 4.0245474 3.2528564 2.7086738 1.8468415 3.2968629 2.1835844 
Ctel_gnl_WGS_AMQN_CAPTEDRAFT_mRNA101477                           1.0777491 1.0777491 0.9942262 0.9823354 1.1189175 1.2602568 0.8422660 0.6855480 0.0000010 0.0000000 0.8093618 1.0417884 0.9620943 0.9099864 0.9469116 0.7512146 0.7320654 0.8368842 1.0464112 0.7081592 0.7305106 0.7659868 0.0000010 0.8209541 0.9093014 0.0000010 0.8069849 0.8155832 0.7816349 1.1107503 0.8407179 0.9004305 0.0000010 1.0779932 1.5552340 1.5488543 1.5846100 1.3904415 1.3846995 1.4968912 1.5517360 9.0000000 1.1273813 0.0000010 1.1649386 1.1649386 1.1642984 1.5681561 1.7829256 1.6205250 0.0000010 0.0000010 1.4098303 2.2931655 2.2931655 2.2931655 2.2931655 2.2931655 2.2931655 2.2931655 2.0544514 2.0544514 2.0490490 2.0490490 2.1160461 2.1160461 2.1160461 1.9226401 1.9226401 2.1070162 2.5313614 2.5313614 1.9626556 1.9626556 1.9861962 2.3250063 2.4727045 2.4541392 2.2643641 2.2501181 2.2439621 2.2929446 5.7075735 0.0000010 0.0000010 0.0000010 0.0000010 3.7825002 0.0000010 
Skow_XM_006813590.1                                               0.9496409 0.9496409 0.9980743 1.0361327 1.0428744 1.1755511 0.8582873 0.7593515 0.9324200 0.8093618 0.0000000 0.8395237 0.9776075 0.9840690 0.9632522 0.9256247 0.9284726 0.6534329 0.8600379 0.8757094 0.9975151 0.8799469 0.0000010 0.8113144 0.8672684 0.0000010 0.9269268 0.8007371 0.8540007 0.9977869 0.9420084 1.0041423 1.3127035 1.0780708 1.5377486 1.4789060 1.3395233 1.1767146 1.6330799 1.7066159 1.7794780 3.3581289 1.1863012 0.5277533 1.4787399 1.4787399 1.3777054 1.9750957 2.0129764 1.7312543 1.9502913 1.6087633 1.3202805 2.6260449 2.6260449 2.6260449 2.6260449 2.6514537 2.6514537 2.6514537 2.4969710 2.4969710 2.3940813 2.4599919 2.6876815 2.6876815 2.7135520 2.5462139 2.5462139 2.4682662 3.4697471 3.4697471 2.4786807 2.4786807 2.8390017 2.7826854 2.9501667 2.8490127 2.7738325 2.5463106 2.5618509 2.5391756 3.6910482 0.5355345 1.6764290 2.6108872 0.5355345 2.4914667 1.3215732 
Morvir_scaffold17.g119.t1                                         1.5182371 1.5182371 1.5325762 1.6342593 1.5666974 1.6161728 1.5047552 1.5382740 1.6781325 1.0417884 0.8395237 0.0000000 0.5948864 1.0629634 1.0554626 1.1433918 1.1542841 0.5993200 0.8017090 1.1980178 1.2055680 1.2410273 1.3990532 1.4168719 1.2583639 1.4762023 1.3908779 1.5535984 1.6637133 1.0603788 1.7563208 1.6306761 1.4731326 1.6140380 2.1905280 2.3336059 2.2416365 1.3195782 2.2820296 2.3356179 2.2430895 2.6139189 1.9550294 1.7198620 2.0331027 2.0331027 2.1736412 2.6981883 2.5360974 1.9670199 2.9991230 2.8601473 1.3361237 2.6190024 2.6065054 2.6190024 2.6065054 2.5200654 2.5200654 2.5688148 2.1682602 2.1682602 2.6790854 2.2323915 2.6742005 2.5458202 2.3447145 2.8296391 2.8296391 2.7639370 2.9042834 2.9042834 2.4500571 2.4500571 2.6997684 2.8973488 3.0171865 2.9744186 3.0032174 2.5416101 2.5380700 2.5958991 2.8578644 2.5441943 2.2760007 2.4345051 1.9455960 2.3628878 1.7585794 
Nemnom_g18244.t1                                                  1.1582081 1.1582081 1.1910851 1.1644138 1.2282032 1.2979134 1.1133260 1.1385589 1.3582832 0.9620943 0.9776075 0.5948864 0.0000000 0.0676973 0.3102703 0.9767002 1.0178207 0.5874209 0.6943267 0.9689102 1.0582296 1.0478062 0.0000010 1.0241742 1.1019714 6.7454194 1.0345628 1.1502269 1.3971652 0.8500444 1.1625582 1.4962447 0.4108549 1.4167664 1.8531750 1.7348972 1.8062701 1.4029566 1.9852214 2.1369042 2.1315971 0.8645628 1.5108602 0.0000010 1.5803246 1.5803246 2.0016097 2.0425249 2.0734166 1.8605896 2.7028557 2.2135615 1.1851667 2.2517828 2.2517828 2.2517828 2.2517828 2.2517828 2.2517828 2.2517828 2.0258614 2.0258614 2.1873767 2.1873767 2.0835345 2.0835345 2.0835345 2.4028450 2.4028450 2.3189029 3.1637122 3.1637122 2.1837243 2.1837243 2.6434917 2.2552470 2.3751036 2.2915579 2.1642327 2.0444651 2.0474345 2.0530212 2.9235483 3.6359461 2.3115852 2.0483031 1.1777831 1.8475050 0.0000010 
Rhoesc_Res_010579-T1                                              1.6581188 1.6581188 1.7208307 1.7315964 1.7534700 1.8218371 1.5945321 1.6992768 1.6702391 0.9099864 0.9840690 1.0629634 0.0676973 0.0000000 0.5495563 1.3782273 1.3583245 0.6000079 0.7066036 1.3882092 1.4685056 1.3540802 1.8491212 1.5588902 1.5127468 1.7905390 1.5091857 1.7393218 1.9201632 1.3613668 1.8455953 1.7418938 0.5975223 1.9018524 2.5017305 2.4449115 2.2914435 1.3795108 2.4338237 2.5808405 2.1661731 2.4005696 2.1985425 0.3871093 2.2045709 2.2045709 2.4825895 2.5342336 2.5649688 1.8835527 3.2501394 3.4056342 1.3895273 2.8362292 2.6145332 2.8362292 2.6145332 2.4813501 2.4813501 2.5058816 2.1251885 2.1251885 3.0100983 2.2518321 2.8146419 2.6038407 2.3277820 3.0293413 3.0293413 3.0954876 3.3467817 3.3467817 2.7098399 2.7098399 3.0641555 3.0093308 3.1389021 3.0368193 2.9758611 2.7170816 2.7192524 2.7332944 3.0329893 3.0864548 2.5976815 2.9076151 2.0269131 2.5293121 2.9321117 
Sanmal_Sma_024886-T1                                              1.7079599 1.7079599 1.7901224 1.8038898 1.8881686 2.0313440 1.6824264 1.7906207 1.7465995 0.9469116 0.9632522 1.0554626 0.3102703 0.5495563 0.0000000 1.3767434 1.3981524 0.6531437 0.7971271 1.4126046 1.4367149 1.3743352 1.9189056 1.6197901 1.4475409 1.8240001 1.5496222 1.7610070 1.8411167 1.3859562 1.8852350 1.7674834 0.6369300 1.8575258 2.3677637 2.3081645 2.3392799 1.3698923 2.6659646 2.6379218 2.3971197 2.9354292 2.0487658 0.8228465 2.2299802 2.2299802 2.3733129 2.4732289 2.6671487 1.8227077 2.9820242 3.0794906 1.3935064 3.0280093 2.9026934 3.0280093 2.9026934 2.7282370 2.7282370 2.8059660 2.2239682 2.2239682 2.9750996 2.4072685 2.8252893 2.6924478 2.4765417 2.8706457 2.8706457 3.1275881 3.1901154 3.1901154 2.6470441 2.6470441 2.9709117 3.1769735 3.3046190 3.1365614 3.0062411 2.8427448 2.8476990 2.8520835 2.8925972 3.2376752 2.7889309 2.8763551 2.2191437 2.5102770 1.8034345 
Spis_XP_022789974_1                                               1.3722895 1.3722895 1.4035938 1.4705596 1.4297608 1.5828804 1.3909323 1.4015774 1.4932816 0.7512146 0.9256247 1.1433918 0.9767002 1.3782273 1.3767434 0.0000000 0.1039155 0.1399317 0.2524179 0.4521147 0.8556861 0.5250724 0.8304158 1.1606974 0.9046817 0.4809067 1.2889991 1.3317420 1.5756387 1.3965637 1.5528340 1.5320005 1.7555017 1.6824166 1.9909802 2.1953422 2.2647264 1.4400601 2.3223135 2.2166275 2.3376269 2.1769440 1.8182084 1.7652221 2.2171286 2.2171286 2.1428850 2.6859785 2.7543427 2.0826654 3.1385185 2.9054975 1.5263636 2.9488189 2.9299649 2.9488189 2.9299649 2.8984369 2.8984369 2.9343139 2.7686624 2.7686624 2.9195567 2.5978867 2.8683982 2.7953506 2.6549954 2.9541885 2.9541885 2.9968362 3.0432446 3.0432446 2.6445455 2.6445455 2.9072131 3.1957149 3.3572944 3.2695441 3.3587466 2.9592903 2.9446644 2.9959952 2.0221986 2.6952301 2.5891039 2.3638140 1.9042464 2.0307150 1.6871818 
Pocdam_XM_027190405.1                                             1.3839655 1.3839655 1.4138049 1.4803274 1.4620833 1.6000295 1.4251593 1.3949672 1.4763429 0.7320654 0.9284726 1.1542841 1.0178207 1.3583245 1.3981524 0.1039155 0.0000000 0.1626697 0.2761141 0.4687763 0.8650793 0.5518269 0.8393323 1.1881757 0.9074160 0.5387496 1.2689370 1.3808393 1.5383669 1.4266936 1.5716325 1.5451601 1.7547722 1.6557323 1.9861146 2.1676085 2.2967757 1.4413854 2.2957550 2.2523971 2.4479527 2.1021296 1.7438268 1.7642139 2.1937346 2.1937346 2.2734356 2.7259147 2.7733025 2.0769201 3.1046642 2.8551284 1.5048138 3.0425818 2.9472493 3.0425818 2.9472493 2.8977304 2.8977304 2.9519674 2.7679853 2.7679853 3.0209709 2.6023784 2.8774563 2.8110951 2.6733513 3.0349931 3.0349931 3.1336384 3.1802449 3.1802449 2.7768635 2.7768635 3.0317490 3.3184773 3.4906948 3.2715908 3.3438644 2.9629687 2.9484744 3.0015032 1.9880013 2.6575356 2.6063365 2.3922260 1.9510247 2.2000172 1.7328755 
Gasp_gasp1.m3.25515.m1                                            0.6812745 0.6812745 0.6361934 0.6493273 0.6659111 0.6730762 0.7359063 0.6327715 0.8204265 0.8368842 0.6534329 0.5993200 0.5874209 0.6000079 0.6531437 0.1399317 0.1626697 0.0000000 0.0724154 0.1296832 0.2609921 0.2515350 0.0000010 0.3090854 0.3728065 0.0000010 0.5009022 0.6339374 0.7348122 0.7679010 0.6053798 0.6989748 0.0000010 0.8298750 1.4833741 1.3783554 1.4378835 1.1904333 1.4712399 1.6502417 1.6658644 6.9234190 1.0632403 0.0000010 1.5355743 1.5355743 1.3392491 1.6706239 1.8486856 1.8498290 0.0000010 0.0000010 0.7794114 1.7831520 1.7831520 1.7831520 1.7831520 1.7831520 1.7831520 1.7831520 1.8242231 1.8242231 1.7744448 1.7744448 2.0630359 2.0630359 2.0630359 2.0198514 2.0198514 1.8689367 2.5182613 2.5182613 1.8456664 1.8456664 1.9358498 1.8725618 1.8725618 1.8514969 2.0166846 1.7232886 1.7125947 1.7232213 3.0912258 0.0000010 0.0000010 0.0000010 0.0000010 2.8068851 0.0000010 
Fspp_ffun1.m4.20175.m1                                            0.8498450 0.8498450 0.8397671 0.8492224 0.8549604 0.6525815 0.9731214 0.7752008 1.0225166 1.0464112 0.8600379 0.8017090 0.6943267 0.7066036 0.7971271 0.2524179 0.2761141 0.0724154 0.0000000 0.2524938 0.4560695 0.3712678 0.0000010 0.4532608 0.5691171 0.0000010 0.6856330 0.8493050 0.8309634 0.8778049 0.8942699 0.8700996 0.0000010 1.0053217 1.7973445 1.7272177 1.8673312 1.5006837 1.7884938 1.9426951 1.6040134 6.9234190 1.3817166 0.0000010 1.8076589 1.8076589 1.6885233 2.0031048 2.1564187 1.9889436 0.0000010 0.0000010 0.9797314 2.0555546 2.0555546 2.0555546 2.0555546 2.0555546 2.0555546 2.0555546 2.1493720 2.1493720 2.0971354 2.0971354 2.4058080 2.4058080 2.4058080 2.4149472 2.4149472 2.0967136 2.5046088 2.5046088 2.0719603 2.0719603 1.9064956 2.2309148 1.9370636 2.1673041 2.4666314 2.1377857 2.1440915 2.1173539 3.8891687 0.0000010 0.0000010 0.0000010 0.0000010 2.7765722 0.0000010 
Gfas_gfas1.m1.13813.m1                                            1.4159264 1.4159264 1.4407367 1.4885652 1.4679445 1.5745765 1.3803139 1.3860976 1.4751873 0.7081592 0.8757094 1.1980178 0.9689102 1.3882092 1.4126046 0.4521147 0.4687763 0.1296832 0.2524938 0.0000000 0.8383734 0.4538402 0.5952736 1.1877717 0.9075893 0.6486956 1.2251157 1.3416196 1.5856643 1.4556174 1.5121986 1.6235310 1.8290296 1.5689876 1.9515233 2.0848987 2.0980839 1.4177089 2.1973341 2.1789748 2.2851095 2.3085575 1.7156680 1.7309437 2.2094425 2.2094425 2.2663286 2.5523864 2.5649046 2.0204749 2.8370006 2.8853589 1.5071920 3.1137607 3.0688652 3.1137607 3.0688652 2.9168671 2.9168671 2.9837883 2.5449152 2.5449152 2.9138780 2.4932061 2.9359822 2.8192524 2.7125700 2.9954685 2.9954685 3.0186597 3.0610577 3.0610577 2.6494429 2.6494429 2.8970564 3.1509770 3.2845547 3.1635577 3.0476041 2.8506051 2.8472651 2.8963979 2.2928629 2.3514984 2.2473276 2.5315028 2.0299955 2.2540292 1.7559362 
Nvec_v1g200317                                                    1.3444676 1.3444676 1.3437005 1.3580874 1.4415197 1.6199904 1.4480813 1.5169922 1.4797828 0.7305106 0.9975151 1.2055680 1.0582296 1.4685056 1.4367149 0.8556861 0.8650793 0.2609921 0.4560695 0.8383734 0.0000000 0.8728335 1.3222904 1.2082769 0.7184690 1.0987506 1.3444467 1.4171589 1.5407726 1.4685276 1.5838284 1.5001768 1.9343930 1.5377009 2.2614096 2.2371829 2.3909496 1.5233684 2.3438866 2.2585947 2.2109941 2.3070918 1.7251074 1.8456256 2.0770327 2.0770327 2.4006626 2.6368498 2.8397346 2.0446314 3.1302062 3.1254860 1.7040844 2.7831173 2.7265350 2.7831173 2.7265350 2.5963975 2.5963975 2.6382324 2.3779870 2.3779870 2.7261609 2.4407751 2.8607287 2.6541486 2.5149935 2.8470419 2.8470419 2.7436023 2.9270182 2.9270182 2.5218047 2.5218047 2.7713259 2.8439009 2.9480362 3.0056111 2.9713544 2.6859666 2.6770653 2.7097930 2.7871587 2.6384609 2.3786888 2.4337159 1.7674610 2.4518742 1.8976249 
Amil_Amillepora08923-RA                                           1.4464563 1.4464563 1.4263511 1.4709444 1.5434754 1.6774831 1.4324382 1.3670819 1.4130656 0.7659868 0.8799469 1.2410273 1.0478062 1.3540802 1.3743352 0.5250724 0.5518269 0.2515350 0.3712678 0.4538402 0.8728335 0.0000000 0.1164318 1.1468251 0.9101410 0.7747072 1.2236210 1.4241206 1.5355051 1.5528862 1.5860087 1.5902358 1.8807212 1.5808378 2.0557591 2.2280294 2.3817183 1.4561603 2.2026408 2.2409732 2.3289371 2.3546430 1.7176694 1.8357486 2.2825290 2.2825290 2.2248860 2.5719463 2.5761290 2.0037349 2.8008963 2.8101106 1.5053588 2.7967486 2.6761189 2.7967486 2.6761189 2.5661996 2.5661996 2.6692155 2.5432983 2.5432983 2.6580756 2.4045004 2.8046387 2.7003905 2.5287543 3.0921938 3.0921938 2.8529249 2.9137026 2.9137026 2.5408303 2.5408303 2.7403546 3.3293711 3.5109757 3.4746766 3.1183195 2.7494196 2.7460757 2.7741320 2.2891000 2.5925818 2.4737519 2.4217730 1.8909952 2.2986677 1.7808249 
Adig_XM_015896287.1                                               2.3635915 2.3635915 2.2182511 2.1462971 2.3221890 2.2944211 1.9588353 1.8629415 1.6882576 0.0000010 0.0000010 1.3990532 0.0000010 1.8491212 1.9189056 0.8304158 0.8393323 0.0000010 0.0000010 0.5952736 1.3222904 0.1164318 0.0000000 2.0394857 1.4376442 0.8962358 1.7612736 2.3522999 2.2010638 1.6127566 2.3857064 1.9428225 2.4507108 2.2165450 2.0852962 2.2841737 2.5433885 1.2673613 2.0376235 2.5081369 0.4924244 2.5245603 2.3951320 1.8880598 2.5011442 2.5011442 2.5965287 2.4407517 2.5333708 3.6445995 2.2091328 2.2917870 1.1184215 4.2022569 7.7531418 4.2022569 7.7531418 0.0000010 0.0000010 7.7531418 0.0000010 0.0000010 3.2719898 0.0000010 3.6378172 5.5792350 7.2363076 3.9614639 3.9614639 3.5718195 2.7974122 2.7974122 2.7974122 2.7974122 2.7974122 6.1066845 6.1066845 3.6247280 3.3842372 4.1872402 4.1830619 4.0250785 4.2627021 2.3064107 2.4913645 2.2091221 2.0512361 2.4881968 1.9915833 
Dgig_XM_028554277.1                                               1.3471875 1.3471875 1.3898123 1.4509199 1.3262767 1.4603911 1.3684352 1.4754012 1.4161681 0.8209541 0.8113144 1.4168719 1.0241742 1.5588902 1.6197901 1.1606974 1.1881757 0.3090854 0.4532608 1.1877717 1.2082769 1.1468251 2.0394857 0.0000000 1.2186442 1.6715293 0.5841518 1.4586414 1.5742257 1.6063393 1.7461343 1.5714054 2.1703826 1.7292434 2.4084399 2.4241002 2.6618064 1.3958325 2.6233882 2.4934532 2.7316618 2.8299655 1.9920390 2.3120972 2.4688896 2.4688896 2.3035155 2.9507329 2.6516700 1.9291247 3.3880708 3.2503883 1.5580758 2.8034595 2.6903525 2.8034595 2.6903525 2.5517043 2.5517043 2.6678965 2.3388236 2.3388236 2.6766401 2.3019745 2.8229947 2.7170028 2.5149358 2.9681075 2.9681075 2.9000306 2.8879965 2.8879965 2.5448878 2.5448878 2.7281347 2.8951517 2.9872027 2.9504046 3.1388429 2.7516249 2.7435742 2.7592803 3.2699175 3.4560064 2.9492555 2.4854247 1.9154119 3.0690621 2.4001018 
Exapal_XM_021055115.1                                             1.3398920 1.3398920 1.3573223 1.3969812 1.3647227 1.5440959 1.3586452 1.4858726 1.5008841 0.9093014 0.8672684 1.2583639 1.1019714 1.5127468 1.4475409 0.9046817 0.9074160 0.3728065 0.5691171 0.9075893 0.7184690 0.9101410 1.4376442 1.2186442 0.0000000 1.1923785 1.3158588 1.3305094 1.5851264 1.4934692 1.7665939 1.4583727 1.9611949 1.5232901 2.1658591 2.1437130 2.3494388 1.4561214 2.3156731 2.2344008 2.1164713 2.5130596 1.7706168 2.0391390 2.1774809 2.1774809 2.1576051 2.7408417 2.7271266 2.0023553 3.0568218 2.9034681 1.5601008 2.7976555 2.8148095 2.7976555 2.8148095 2.8003519 2.8003519 2.8286950 2.5097969 2.5097969 2.8081955 2.4557231 3.0656089 2.9127250 2.6740675 2.7534734 2.7534734 2.8133394 3.0369884 3.0369884 2.6283967 2.6283967 2.8909030 3.2211476 3.3510881 3.1067423 3.1395332 2.8354022 2.8262985 2.8642335 2.4746056 2.8665920 2.5344541 2.5122599 1.6910287 2.6952132 1.9186180 
Gasp_gasp1.m3.25516.m1                                            1.8818839 1.8818839 1.9822932 2.0550630 1.9685610 1.9783922 1.7280148 1.7005723 1.7715303 0.0000010 0.0000010 1.4762023 6.7454194 1.7905390 1.8240001 0.4809067 0.5387496 0.0000010 0.0000010 0.6486956 1.0987506 0.7747072 0.8962358 1.6715293 1.1923785 0.0000000 1.6411063 2.0082685 2.3108877 1.6700481 2.1048631 1.7154461 1.7803921 2.1933206 2.3912847 2.9218913 2.9475546 1.6578568 2.7067082 2.6614792 4.0635832 2.5657843 2.4031443 1.6926035 2.5940291 2.5940291 2.7134097 2.4327025 2.3736780 3.0341037 2.3572888 2.3603574 1.3830496 3.6035640 3.6164310 3.6035640 3.6164310 4.5571277 4.5571277 3.6164310 3.1913005 3.1913005 3.7146895 5.2138540 3.5652692 3.7662915 2.8140527 3.8317384 3.8317384 3.7018248 3.0812792 3.0812792 3.0812792 3.0812792 3.0812792 4.4407542 4.4407542 3.3956833 3.6754806 3.6252758 3.6092023 3.5266563 4.1934133 2.7425353 2.7325918 2.3396145 2.0620303 2.2002329 2.2504344 
Xesp_005376-T1                                                    1.4098825 1.4098825 1.4372858 1.5069651 1.4152872 1.6219831 1.4768720 1.6116979 1.5651041 0.8069849 0.9269268 1.3908779 1.0345628 1.5091857 1.5496222 1.2889991 1.2689370 0.5009022 0.6856330 1.2251157 1.3444467 1.2236210 1.7612736 0.5841518 1.3158588 1.6411063 0.0000000 1.5555495 1.6698333 1.5514984 1.7725473 1.7206154 2.4924606 1.7420158 2.3148407 2.3457563 2.4639416 1.5022249 2.5801087 2.5770603 2.2855519 3.0679973 2.0212941 2.6261331 2.4797967 2.4797967 2.3587601 2.5573415 2.6380825 1.8712545 3.1144229 3.3002402 1.6449573 3.1421688 3.0804183 3.1421688 3.0804183 2.8382624 2.8382624 3.0894554 2.5967753 2.5967753 2.6396947 2.4776374 2.9674664 2.9762816 2.7537338 3.1490773 3.1490773 3.0382867 3.3997008 3.3997008 2.9662771 2.9662771 3.2030033 3.2564157 3.3521669 3.2155379 3.2308893 3.0654008 3.0616549 3.0638031 3.6961263 3.4005429 2.7152414 2.9953483 2.3604050 2.8816987 3.1239599 
Hsap_ENST00000320640                                              1.3668738 1.3668738 1.3244393 1.4044611 1.3132796 1.5128313 1.2181386 1.4536607 1.3891116 0.8155832 0.8007371 1.5535984 1.1502269 1.7393218 1.7610070 1.3317420 1.3808393 0.6339374 0.8493050 1.3416196 1.4171589 1.4241206 2.3522999 1.4586414 1.3305094 2.0082685 1.5555495 0.0000000 1.5205397 1.8539507 1.4175124 1.5387652 2.0756284 1.6537284 2.3987610 2.6014185 2.5929360 1.5974890 2.5601982 2.4673970 2.2393284 2.9455688 1.7445322 2.3988450 2.4187192 2.4187192 2.2933427 2.7288183 2.6018189 2.1190124 3.3123936 2.8849880 1.7182975 3.1251732 3.0966841 3.1251732 3.0966841 3.0208564 3.0208564 3.1139095 2.6049602 2.6049602 3.1429387 2.5916449 2.8846161 2.6908336 2.5244131 2.9032329 2.9032329 3.0595874 3.1320004 3.1320004 2.8025611 2.8025611 2.9574090 3.4657836 3.6700172 3.5027432 3.3229326 3.2179837 3.2087084 3.1931030 3.2326131 3.2634079 2.8859305 2.2763624 1.6944851 2.9256057 2.6182586 
Cscu_XM_023360142.1                                               1.6631734 1.6631734 1.6549766 1.7090874 1.7354513 2.0184651 1.4107042 1.6167459 1.5322040 0.7816349 0.8540007 1.6637133 1.3971652 1.9201632 1.8411167 1.5756387 1.5383669 0.7348122 0.8309634 1.5856643 1.5407726 1.5355051 2.2010638 1.5742257 1.5851264 2.3108877 1.6698333 1.5205397 0.0000000 1.8021908 1.3080416 1.5323077 2.5438756 1.6499426 2.3239964 2.2857592 2.3595839 1.4125640 2.6596139 2.6324277 2.4847425 2.6598385 1.5198387 2.4690368 2.5373683 2.5373683 2.3301340 2.8670300 2.8501791 2.3124390 3.5246698 3.1865384 2.0114255 2.9654861 2.7908435 2.9654861 2.7908435 2.5565697 2.5565697 2.7066381 2.6648083 2.6648083 3.0194909 2.3812426 3.0953277 2.9591455 2.6183569 3.0789448 3.0789448 3.0199313 3.5240232 3.5240232 2.9805518 2.9805518 3.3230244 3.0955061 3.1763481 3.2864972 3.4326887 3.2219935 3.2136102 3.2921946 3.8302601 3.5321266 2.7129966 2.8655278 1.9104293 3.0948273 2.4174650 
Chem_TCONS_00066636                                               1.5789488 1.5789488 1.6324713 1.7016345 1.6160278 1.7134759 1.7156979 1.6833244 1.8085425 1.1107503 0.9977869 1.0603788 0.8500444 1.3613668 1.3859562 1.3965637 1.4266936 0.7679010 0.8778049 1.4556174 1.4685276 1.5528862 1.6127566 1.6063393 1.4934692 1.6700481 1.5514984 1.8539507 1.8021908 0.0000000 1.8886473 1.7989632 2.1441132 2.0585802 2.6318013 2.5154426 2.5045904 1.4154218 2.8735832 2.6800608 2.5439730 3.3209336 2.0188535 1.8100921 2.5124578 2.5124578 2.3174727 2.6084252 2.4998040 1.8925678 3.2441594 3.1124958 1.1562957 2.8147144 2.7459038 2.8147144 2.7459038 2.3891428 2.3891428 2.6006261 2.3232969 2.3232969 2.8908635 2.1951740 2.9453010 2.8274084 2.5766022 3.1812730 3.1812730 3.0461230 3.2444432 3.2444432 2.6827292 2.6827292 3.0749015 2.9451912 3.0749904 2.9785590 3.1208275 3.0259821 3.0279162 2.9975219 3.4597719 2.8247188 2.6485997 2.8022291 1.8035959 2.4648195 1.4246489 
Tcas_TC034874_001                                                 1.6120064 1.6120064 1.5763599 1.6147369 1.6633828 1.8347318 1.5363618 1.4530062 1.5718467 0.8407179 0.9420084 1.7563208 1.1625582 1.8455953 1.8852350 1.5528340 1.5716325 0.6053798 0.8942699 1.5121986 1.5838284 1.5860087 2.3857064 1.7461343 1.7665939 2.1048631 1.7725473 1.4175124 1.3080416 1.8886473 0.0000000 1.4964975 2.3448005 1.9494989 2.5569819 2.5316444 2.7556295 1.5600277 2.8284458 2.8038817 1.8749738 3.3736444 1.3406245 2.5775288 2.8148395 2.8148395 2.4436546 2.9077100 3.2787130 2.1210579 3.7448123 3.8175026 1.9667343 2.9434859 2.7851441 2.9434859 2.7851441 2.7320208 2.7320208 2.8247754 2.7582109 2.7582109 3.1183225 2.6519709 3.0284967 2.8217450 2.7653896 3.0121725 3.0121725 2.9994882 3.2008560 3.2008560 2.7858344 2.7858344 2.9751481 3.2022679 3.2304357 3.1852494 3.1631259 3.2590271 3.2472645 3.3079406 3.1693579 3.5870173 3.0013771 2.9486705 1.7784214 3.3007859 2.5522846 
Acagra_model.g31370.t1                                            1.6061531 1.6061531 1.5873982 1.6215847 1.6226714 1.7374372 1.4499380 1.2258349 1.3754554 0.9004305 1.0041423 1.6306761 1.4962447 1.7418938 1.7674834 1.5320005 1.5451601 0.6989748 0.8700996 1.6235310 1.5001768 1.5902358 1.9428225 1.5714054 1.4583727 1.7154461 1.7206154 1.5387652 1.5323077 1.7989632 1.4964975 0.0000000 2.4761478 1.6887621 2.3400049 2.4564853 2.5016496 1.6574655 2.4745562 2.3676031 2.3872926 3.5125943 1.6827173 2.1343934 2.5482624 2.5482624 2.3424391 2.9928186 3.0993987 2.4484987 3.8672957 3.4663879 2.0412901 2.9959488 3.0112655 2.9959488 3.0112655 2.8454459 2.8454459 3.0923800 2.7630962 2.7630962 3.1239056 2.8945471 3.1791687 3.1677830 2.8565421 3.1539706 3.1539706 3.0256218 3.0778017 3.0778017 2.8025816 2.8025816 2.9249513 3.6326186 3.7641878 3.6178466 3.4819716 2.8872047 2.8766105 2.9474335 3.8630182 3.6845076 3.4952678 2.8815210 1.6266968 2.7542502 2.0797134 
Aaur_scaffold719.g3.t1                                            2.0900449 2.0900449 2.1455594 2.1701051 2.1628712 2.0599579 2.2607190 2.3649571 2.4917165 0.0000010 1.3127035 1.4731326 0.4108549 0.5975223 0.6369300 1.7555017 1.7547722 0.0000010 0.0000010 1.8290296 1.9343930 1.8807212 2.4507108 2.1703826 1.9611949 1.7803921 2.4924606 2.0756284 2.5438756 2.1441132 2.3448005 2.4761478 0.0000000 2.7866165 2.6914745 2.8502208 3.0175713 1.8767823 3.2470720 3.2165569 3.2045545 2.8923080 2.6698061 0.6915376 2.6245666 2.6245666 3.1486531 3.5708539 3.4291877 2.8258162 3.5395653 3.3748890 1.8067381 3.7302620 3.7709209 3.7302620 3.7709209 3.6471096 3.6471096 3.5721030 3.4945746 3.4945746 3.6734896 3.4678947 3.3615026 3.4116617 3.1713751 3.7014907 3.7014907 3.8147339 3.5615973 3.5615973 3.5615973 3.5615973 3.5615973 3.9977712 3.9977712 3.7812558 3.6292645 3.2707431 3.2686237 3.2074063 2.5054271 3.7357284 2.7827607 2.8877830 2.2399192 2.9348529 2.1491182 
Spur_XM_780751.5                                                  1.7807333 1.7807333 1.7849463 1.8667394 1.8741804 2.0341197 1.4856436 1.6717604 1.6903696 1.0779932 1.0780708 1.6140380 1.4167664 1.9018524 1.8575258 1.6824166 1.6557323 0.8298750 1.0053217 1.5689876 1.5377009 1.5808378 2.2165450 1.7292434 1.5232901 2.1933206 1.7420158 1.6537284 1.6499426 2.0585802 1.9494989 1.6887621 2.7866165 0.0000000 2.6106073 2.7383540 2.6610574 1.9104179 2.8397859 2.7697473 2.4824781 3.3675209 1.7947403 2.2831715 2.3923754 2.3923754 2.4706792 2.9012900 2.8657163 2.0250178 3.7726049 3.3011574 1.9988620 2.7183322 2.6184189 2.7183322 2.6184189 2.4480310 2.4480310 2.6790262 2.4393919 2.4393919 3.0734474 2.3721655 2.9306549 2.7530341 2.5082782 3.0152504 3.0152504 3.0994045 3.0385373 3.0385373 2.7442932 2.7442932 2.9410920 3.2591806 3.3954358 3.5561737 3.2360744 3.1552657 3.1444952 3.2096850 4.4186580 3.4458054 2.9495904 2.9728868 1.8268745 2.8317429 2.6789761 
Emue_Em0018g41a.t1                                                2.1421925 2.1421925 2.0758916 2.0649777 2.1268004 2.2936634 2.2570460 2.3217114 2.1457222 1.5552340 1.5377486 2.1905280 1.8531750 2.5017305 2.3677637 1.9909802 1.9861146 1.4833741 1.7973445 1.9515233 2.2614096 2.0557591 2.0852962 2.4084399 2.1658591 2.3912847 2.3148407 2.3987610 2.3239964 2.6318013 2.5569819 2.3400049 2.6914745 2.6106073 0.0000000 0.2615690 1.2848201 0.6983392 1.6360029 1.5973581 1.4285031 2.0302838 2.5142393 2.7586944 2.3942017 2.3942017 2.6484550 2.8616186 3.1633362 2.1834649 3.3350859 3.1861786 2.7852164 3.7060336 3.6608209 3.7060336 3.6608209 3.9050216 3.9050216 3.7440567 3.7288859 3.7288859 3.7198672 3.2831382 3.6390958 3.6772171 3.4787075 3.6152292 3.6152292 3.7394638 4.2191684 4.2191684 3.7201658 3.7201658 4.0444752 3.8107605 3.9869262 3.8063559 3.5856232 3.4359289 3.4466563 3.5477380 3.8574780 1.9614856 1.7430121 3.0930834 3.1484385 1.8430510 2.7945137 
Spolac_c103112_g1_i1_m.32529c103112-g1                            2.3032322 2.3032322 2.2556930 2.2355096 2.3286205 2.4322962 2.3515775 2.3800594 2.2914221 1.5488543 1.4789060 2.3336059 1.7348972 2.4449115 2.3081645 2.1953422 2.1676085 1.3783554 1.7272177 2.0848987 2.2371829 2.2280294 2.2841737 2.4241002 2.1437130 2.9218913 2.3457563 2.6014185 2.2857592 2.5154426 2.5316444 2.4564853 2.8502208 2.7383540 0.2615690 0.0000000 1.3611441 0.6540030 1.6815344 1.6428274 1.5532211 2.1665766 2.4545164 2.8844693 2.4826528 2.4826528 2.6773216 2.8849530 3.2980610 2.1362853 3.5413118 3.2969170 2.9861551 3.7911216 3.7784189 3.7911216 3.7784189 3.8574904 3.8574904 3.7901465 3.5257562 3.5257562 3.6569977 3.2685964 3.7309110 3.8450365 3.4369731 3.6164906 3.6164906 3.8920318 4.3424727 4.3424727 3.7695351 3.7695351 4.1612509 4.0137633 4.2091154 3.9655858 3.8188175 3.5194504 3.5220435 3.6311591 4.3015779 2.0967143 1.8560780 3.5221309 2.9961562 1.9380170 2.5447758 
Tetwil_g23826.t1                                                  2.4071588 2.4071588 2.4284184 2.5147536 2.4137113 2.4679499 2.2342278 2.4385918 2.4629938 1.5846100 1.3395233 2.2416365 1.8062701 2.2914435 2.3392799 2.2647264 2.2967757 1.4378835 1.8673312 2.0980839 2.3909496 2.3817183 2.5433885 2.6618064 2.3494388 2.9475546 2.4639416 2.5929360 2.3595839 2.5045904 2.7556295 2.5016496 3.0175713 2.6610574 1.2848201 1.3611441 0.0000000 0.5012539 1.8025770 1.7269240 1.3937108 2.6892846 2.4053094 2.8552707 2.6665981 2.6665981 2.3855794 2.9798268 3.1607630 2.2404051 3.6048773 3.1086550 2.8209106 3.4014765 3.3113158 3.4014765 3.3113158 3.2889391 3.2889391 3.3407858 2.9610010 2.9610010 3.2079867 2.8958479 3.3604622 3.2016252 3.1117784 3.5508509 3.5508509 3.5812919 3.4735955 3.4735955 3.2730299 3.2730299 3.4918276 3.5937526 3.7099525 3.5704468 3.4868412 3.0533329 3.0578141 3.1625679 4.5217241 1.8024571 1.6873053 3.3046009 3.1962141 0.1195241 2.8268505 
Stycar_maker-SC_scaffold4887-snap-gene-0.52-mRNA-1                1.4977589 1.4977589 1.4839765 1.4827231 1.5054120 1.6747419 1.6083124 1.5768978 1.6635230 1.3904415 1.1767146 1.3195782 1.4029566 1.3795108 1.3698923 1.4400601 1.4413854 1.1904333 1.5006837 1.4177089 1.5233684 1.4561603 1.2673613 1.3958325 1.4561214 1.6578568 1.5022249 1.5974890 1.4125640 1.4154218 1.5600277 1.6574655 1.8767823 1.9104179 0.6983392 0.6540030 0.5012539 0.0000000 0.8707568 1.0768765 1.1672194 2.0628838 1.5367347 1.3509913 1.7226113 1.7226113 1.8504726 2.1317982 2.2904997 2.1308903 1.6593567 1.8660064 1.8531967 2.6087000 2.5539435 2.6087000 2.5539435 2.5539435 2.5539435 2.5539435 2.4256078 2.4256078 2.3523530 2.3972853 2.7897880 2.7717547 2.7807224 2.4464395 2.4464395 2.7393970 2.8515201 2.8515201 2.4483331 2.4483331 2.6000031 2.7030057 2.9085259 2.7103008 2.4851264 2.5331429 2.5257003 2.5743867 4.1930498 2.2558688 2.2558688 1.9265746 1.6172629 2.8007872 1.2664177 
Aque_Aqu2.1.44212_001                                             2.5219499 2.5219499 2.5187057 2.5548545 2.6128884 2.8616624 2.6596926 2.7591859 2.3713122 1.3846995 1.6330799 2.2820296 1.9852214 2.4338237 2.6659646 2.3223135 2.2957550 1.4712399 1.7884938 2.1973341 2.3438866 2.2026408 2.0376235 2.6233882 2.3156731 2.7067082 2.5801087 2.5601982 2.6596139 2.8735832 2.8284458 2.4745562 3.2470720 2.8397859 1.6360029 1.6815344 1.8025770 0.8707568 0.0000000 0.7101646 0.9525392 1.1189992 2.7463166 3.1031069 2.5777681 2.5777681 2.5502639 3.1398793 3.1041300 2.1565794 3.2944421 3.1225680 2.9276479 3.8951898 3.8142302 3.8951898 3.8142302 3.7484350 3.7484350 3.6391208 3.3655506 3.3655506 3.1983655 3.0002702 3.8157204 3.8308021 3.5764811 3.6833335 3.6833335 3.6406516 4.1568615 4.1568615 3.6802131 3.6802131 4.0092429 3.9796044 4.1304237 3.7572633 3.6823045 3.5592234 3.5574159 3.6079669 4.8341865 2.3355847 2.1524405 2.8585992 3.1415167 2.5227871 2.9108250 
Halamb_c51760_g2_i3mm.4142                                        2.4328919 2.4328919 2.4232320 2.4560343 2.4872939 2.6161442 2.5810051 2.7834337 2.3606838 1.4968912 1.7066159 2.3356179 2.1369042 2.5808405 2.6379218 2.2166275 2.2523971 1.6502417 1.9426951 2.1789748 2.2585947 2.2409732 2.5081369 2.4934532 2.2344008 2.6614792 2.5770603 2.4673970 2.6324277 2.6800608 2.8038817 2.3676031 3.2165569 2.7697473 1.5973581 1.6428274 1.7269240 1.0768765 0.7101646 0.0000000 0.7457050 0.9941132 2.9149829 2.7301548 2.6239015 2.6239015 2.6307088 3.1870750 3.3020251 2.5707252 3.2229506 3.2047720 3.0056829 3.7227663 3.6154043 3.7227663 3.6154043 3.8804099 3.8804099 3.7874613 3.3361658 3.3361658 3.3222276 3.2852868 3.6019551 3.4734322 3.4814120 3.6532520 3.6532520 3.7750536 4.1792591 4.1792591 3.7237431 3.7237431 4.0082069 3.8409246 3.9794634 3.7104494 3.5950710 3.5447101 3.5428634 3.5347492 4.2188036 2.6193463 2.4673949 2.6631978 3.1000095 2.4162023 2.5785633 
Xestes_augustus_masked-XT_scaffold87363-processed-gene-0.1-mRNA-1 2.2363366 2.2363366 2.1807057 2.1674018 2.3354555 2.4133778 2.3278469 2.3842461 2.1526290 1.5517360 1.7794780 2.2430895 2.1315971 2.1661731 2.3971197 2.3376269 2.4479527 1.6658644 1.6040134 2.2851095 2.2109941 2.3289371 0.4924244 2.7316618 2.1164713 4.0635832 2.2855519 2.2393284 2.4847425 2.5439730 1.8749738 2.3872926 3.2045545 2.4824781 1.4285031 1.5532211 1.3937108 1.1672194 0.9525392 0.7457050 0.0000000 0.0000010 2.5803693 1.4159329 2.4983770 2.4983770 2.4823434 3.4234815 3.3937376 2.7455663 3.6848093 3.3836547 2.7770601 4.1044798 4.1044798 4.1044798 4.1044798 4.1044798 4.1044798 4.1044798 3.8169035 3.8169035 4.1062065 4.1152484 3.9163338 3.9163338 3.9163338 4.4758010 4.4758010 3.6420050 5.0024904 5.0024904 4.4867147 4.4867147 4.4848663 4.7139320 4.7139320 4.6938460 4.5870007 4.0935770 4.1431480 4.1841440 3.8506732 5.6469673 3.2106238 2.7890165 2.2729460 1.5654116 1.5451449 
