110
Emue_Em0370g1a.t1                                             0.0000000 2.6319734 0.0359272 0.0359272 2.1738986 2.1738986 2.1738986 0.0000010 0.4195579 0.1945197 0.0000010 0.3319183 2.2632206 1.7477739 0.0000010 1.4702447 2.6064424 2.6064424 4.8656660 5.3208139 5.0803000 0.0000010 0.0000010 4.5416448 7.4509859 7.4509859 7.2985977 6.9551994 6.3165932 4.5416448 6.3165932 4.5416448 4.5416448 5.5050021 5.6028527 6.5534060 0.0000010 5.0365609 5.0268385 5.9493561 5.8287549 5.8287549 5.1635678 4.3187961 0.0000010 0.0000010 4.5297181 4.4510346 4.4016362 4.2151466 1.3498985 4.2226297 4.3669538 4.2059950 6.1049359 2.6489232 4.9267486 5.4672260 5.9930401 6.8865898 8.3470999 2.7778191 5.6086014 5.4391032 4.1731712 4.2027150 0.0000010 4.7378877 3.8737888 4.2184346 3.9998005 3.9998005 3.9324550 5.8488466 2.9467615 2.5000790 5.8933714 3.8861461 5.4533712 4.6736907 5.4609942 5.6033286 5.1076065 5.1836130 4.5094117 4.4306108 4.3026915 4.7992038 4.5925657 2.7584242 2.1970232 4.5251255 4.4598135 5.2775945 4.0793270 4.0395208 4.5410062 4.5410062 3.1559815 4.7394079 3.4844548 5.0440081 3.7869709 4.3512454 0.0000010 9.0000000 3.4900594 3.9349247 1.7905538 3.6704462 
Emue_Em0324g1a.t1                                             2.6319734 0.0000000 2.6604391 0.4860909 0.0148050 0.0091864 0.0142654 0.1639386 0.6337469 0.5039299 0.2421088 2.5566248 2.1207869 2.0704972 1.4867984 1.6766678 2.0885430 2.0885430 3.5577726 5.1052071 3.9772308 3.3929652 3.1626723 7.0210157 9.0000000 9.0000000 9.0000000 4.3067421 4.1656430 3.9511341 3.7900793 3.5419912 6.9767489 4.2497174 4.3451407 4.4221077 3.1565625 6.7370978 4.7498522 4.5630284 3.8265834 3.8265834 8.1622430 8.1622430 3.1308548 3.1891799 2.9737210 3.0253461 2.9037969 2.9215017 4.7830477 2.9007169 2.8991655 2.5779547 2.8673538 2.5549801 2.9676422 2.8056355 2.8240076 2.9191724 3.1572817 2.5421633 2.8519706 3.2715240 3.0041554 3.0041554 8.4875574 3.0852145 3.1937266 3.1462835 3.1077640 3.1489292 3.1323812 3.2538950 3.0073951 5.0833316 2.8353717 3.5722019 2.6523892 3.9341482 3.2850664 3.4672332 3.2966352 4.4532664 3.6475365 4.0397512 4.0397512 3.7858129 3.6007366 2.8001597 3.1421919 4.4974202 5.4028265 5.3568337 4.6492467 4.7475783 4.9001114 9.0000000 4.9622569 4.3882606 5.7579634 4.8812219 4.3284310 4.6522849 2.3408583 2.5255584 4.4916899 8.6118015 6.9405157 6.6388318 
Emue_Em0549g6a.t1                                             0.0359272 2.6604391 0.0000000 0.0731669 2.4309121 2.1846056 2.1558355 2.1325442 0.4455657 0.2000541 2.1674372 0.2484200 1.9453820 1.6427879 2.2621773 1.3915329 2.5833667 2.5833667 4.8096003 4.3632875 5.7681841 8.9999987 8.9999987 4.5231754 7.4509859 7.4509859 7.2985977 6.5736951 6.6425153 5.5565079 5.8131747 4.4067479 4.3359315 6.3286805 5.8886697 5.9606279 6.7761900 4.9796294 5.8848084 6.7296918 5.5934666 5.5934666 4.9885023 4.2780250 6.4177067 6.4177067 4.0323453 3.9901500 3.9372172 3.8449836 1.3060509 4.0339520 3.9157169 3.7359846 5.3650901 3.3279753 4.9899647 4.9883738 5.3454616 5.5104116 7.2903152 3.2556463 5.1251826 5.0379128 3.6287830 3.6529042 9.0000000 4.6505730 3.7072076 4.0152684 3.8513193 3.8513193 4.1086519 5.2302295 3.3119315 2.1835242 5.1746225 3.8519682 4.7616568 4.6503991 5.5245119 5.1824698 4.8229756 5.0986632 4.1530602 3.9876663 3.9998271 8.9378856 4.5699640 2.8185477 3.3207803 4.1402527 3.8385115 4.8942640 4.2019520 4.1101229 4.5344814 2.4544819 3.6683461 4.7955472 3.8254637 5.2497787 4.0826658 4.7086623 9.0000000 9.0000000 3.4925592 3.4060924 2.6609525 3.8735606 
Emue_Em0013g2a.t1                                             0.0359272 0.4860909 0.0731669 0.0000000 0.2381715 0.2284192 0.2328964 0.1259043 0.1569280 0.2348656 0.1956895 0.5434521 1.3727031 1.3116101 1.0857641 1.0581514 1.5739999 1.5739999 2.7676047 3.4881524 3.0682411 2.5968225 2.5632304 3.3093126 4.4530682 4.4530682 4.4091569 3.5344902 3.5055829 3.2350019 3.4009918 3.0998640 3.7636764 3.3781849 3.4234581 3.5574177 2.6522320 3.7800313 3.4302028 3.3714206 3.2104963 3.2104963 3.2555313 3.1019313 2.7674663 2.6704795 2.3815968 2.4089368 2.3334893 2.3936080 2.1944495 2.2962365 2.2306342 2.2168974 2.5037691 1.9768674 2.5581331 2.5852040 2.6946492 2.4329196 2.7234451 2.0552535 2.3659109 2.6502376 2.3033119 2.3095586 2.0907619 2.6299378 2.2401446 2.3016103 2.2564107 2.2653413 2.3282742 2.4897300 2.1154295 2.1090655 2.4539379 2.5764783 2.4419000 3.1259794 3.0575993 3.1474582 2.9226179 3.6783502 2.8370346 2.8676839 2.8797683 2.6407976 2.7237428 2.0553479 2.3868070 3.1124086 3.4835945 3.6689423 2.9774964 2.9860107 2.9443219 2.6405905 3.0529031 3.0980779 3.1639597 3.1967357 3.2795443 3.4256073 0.7234179 1.4926675 2.9351998 3.0604879 3.6128271 4.3464640 
Emue_Em0445g5a.t1                                             2.1738986 0.0148050 2.4309121 0.2381715 0.0000000 0.0194306 0.0153166 0.1430340 0.3436368 0.5285961 0.2202415 2.3563211 1.6109819 1.6160991 1.1756098 1.5083169 1.7097045 1.7097045 2.9798498 5.4384262 3.3272474 2.4203975 2.3964759 8.9999983 9.0000000 9.0000000 9.0000000 3.5657027 3.4933617 3.2994491 3.3691435 3.1587291 9.0000000 3.5647119 3.6068234 3.6254346 2.7172313 7.3509183 3.8873608 3.7364839 3.4437947 3.4437947 8.9999981 8.9999981 2.7036979 2.7800303 2.5574232 2.6054016 2.5225862 2.4941900 4.6324049 2.5152423 2.7743666 2.3460337 2.4831221 2.1403609 2.4831118 2.4067702 2.4522105 2.3991419 2.5344159 2.1896821 2.3640494 2.6176758 2.4190793 2.4190793 4.3557333 2.5589609 2.5248418 2.5244746 2.4764803 2.4920846 2.4774452 2.6474738 2.4273848 0.0000010 2.4328236 2.8706365 2.2654040 3.3810007 3.0185380 3.1663037 3.0298429 3.4774378 3.4980140 3.4641431 3.4641431 3.2236101 2.9668953 2.7566793 2.6118987 3.6757953 5.1043882 5.0661462 3.6625054 3.8488120 4.0190554 9.0000000 4.0528369 4.1201694 6.2507190 4.5008960 4.1208086 4.1901755 0.9029360 2.1651163 4.3243568 8.1162285 5.9629703 5.9371820 
Emue_Em0446g5a.t1                                             2.1738986 0.0091864 2.1846056 0.2284192 0.0194306 0.0000000 0.0084292 0.1279502 0.3372450 0.5285961 0.1822341 2.2821935 1.6337123 1.5696928 1.1458224 1.5083169 1.6449534 1.6449534 2.8873398 5.4384262 3.3300001 2.3871856 2.3998640 8.9999983 9.0000000 9.0000000 9.0000000 3.5237716 3.4520602 3.2586221 3.4079590 3.1946006 9.0000000 3.5367582 3.5939110 3.6124944 2.7172313 7.3509183 3.8352146 3.6907547 3.4437947 3.4437947 8.9999981 8.9999981 2.7036979 2.7800303 2.4522042 2.4967918 2.4161777 2.3889752 4.6324049 2.3820138 2.6627048 2.3460337 2.4285128 2.1044804 2.3886079 2.3277696 2.3489017 2.3202874 2.4301703 2.1254156 2.2883659 2.5921835 2.3278307 2.3278307 1.9965097 2.5338280 2.5150946 2.5147409 2.4665942 2.4822701 2.4885736 2.5600282 2.3418738 0.0000010 2.4096859 2.7930687 2.2890584 3.3881816 2.9468464 3.0877870 3.0298429 3.3626818 3.4980140 3.3979909 3.3979909 3.1527070 2.9039239 2.7566793 2.5661607 3.5407743 4.9324437 4.8981811 3.7599653 3.8621022 4.0727999 9.0000000 4.1512620 4.1483425 6.2507190 4.3557204 4.0961337 4.2429688 0.8185310 2.0277389 4.3243568 8.1162285 6.0372011 5.7869608 
Emue_Em0416g5a.t1                                             2.1738986 0.0142654 2.1558355 0.2328964 0.0153166 0.0084292 0.0000000 0.1137875 0.3096389 0.5285961 0.1956895 2.3892968 1.5599598 1.5613290 1.1362200 1.5083169 1.5957633 1.5957633 2.8822146 5.4384262 3.3329144 2.3851025 2.3851025 8.9999983 9.0000000 9.0000000 9.0000000 3.5556655 3.4973975 3.2991231 3.4079590 3.1946006 9.0000000 3.5651943 3.5998286 3.6187964 2.7172313 7.3509183 3.8717259 3.7233070 3.4359165 3.4359165 8.9999981 8.9999981 2.7036979 2.7800303 2.4597886 2.5051896 2.4120435 2.3844483 4.6324049 2.4007801 2.7434100 2.3460337 2.4393921 2.0786317 2.4156753 2.3490735 2.3661655 2.3301702 2.4127746 2.1191123 2.3277893 2.5861007 2.3542205 2.3542205 2.3134483 2.4999145 2.4558199 2.4555612 2.4053621 2.4211279 2.4093915 2.5139743 2.2926662 0.0000010 2.3959484 2.7838112 2.2815577 3.3372974 2.9331544 3.0797167 3.0298429 3.4636610 3.4980140 3.4156241 3.4156241 3.1704420 2.9186583 2.7566793 2.5581679 3.6236892 5.2147243 5.1726196 3.7769433 3.8795041 4.0714911 9.0000000 4.0713613 4.1677284 6.2507190 4.4419783 4.1400092 4.2523926 0.7424430 1.9542220 4.3243568 8.1162285 5.7982324 5.6668620 
Emue_Em0771g1a.t1                                             0.0000010 0.1639386 2.1325442 0.1259043 0.1430340 0.1279502 0.1137875 0.0000000 0.1788902 0.5097132 0.1956895 1.2676221 1.2402784 1.2565498 1.1105837 1.0432652 1.3443331 1.3443331 2.8419717 4.6089706 2.7917676 2.3851025 2.3851025 2.9014987 0.0000010 0.0000010 0.0000010 2.8810200 2.9253186 2.9253186 2.7627498 2.7627498 2.2307777 2.9247098 2.7592505 2.8039272 2.7172313 4.9349617 2.9941063 2.9471287 2.7232383 2.7232383 5.0168472 5.0168472 2.7885657 2.9284799 2.1987804 2.2557751 2.1554733 2.1937126 5.2745143 2.1425157 1.7661886 2.0698297 2.1891447 2.1168041 2.5014226 2.3905438 2.4044218 2.0997239 2.2534392 2.1101188 2.1302240 2.3321749 2.1760598 2.1760598 2.3134483 2.2585745 2.4425089 2.4541753 2.3804720 2.4012952 2.4098577 2.5954447 2.5993007 0.0000010 2.0153469 2.0668481 2.0689788 3.3878344 2.8010596 2.8486575 2.6248256 3.2661507 2.7853139 3.1178197 3.1178197 3.1178197 2.3463120 2.7359258 2.7278504 3.2450068 4.3098076 4.3098076 3.1882669 3.3954504 3.7688846 9.0000000 3.5825016 3.4114572 6.2896487 3.8584345 3.7855595 3.3469079 0.7424430 1.8775608 3.2050412 0.0000010 4.9722418 5.6105393 
Spolac_c98481_g1_i1_m.17324c98481-g1                          0.4195579 0.6337469 0.4455657 0.1569280 0.3436368 0.3372450 0.3096389 0.1788902 0.0000000 0.3661649 0.3785216 0.7368368 1.4029857 1.3320554 1.1040798 0.9203707 1.5698495 1.5698495 2.8353804 3.5410559 3.1612295 3.0900692 2.6151280 3.3939475 4.6976785 4.6976785 4.6178870 3.7365569 3.6703896 3.4264900 3.4413561 3.1291651 3.6841946 3.5378491 3.6162432 3.6997342 2.8119528 3.8474861 3.7263609 3.6420231 3.2514689 3.2514689 3.1995020 3.0456608 2.9239978 2.7970057 2.5984661 2.6187749 2.5652059 2.6457682 2.1549225 2.4227498 2.3073326 2.3578421 2.5290608 2.1018192 2.6319170 2.6610031 2.7512095 2.5970530 2.8787477 2.2059126 2.5437974 2.7059929 2.3762092 2.3815314 2.9863913 2.6947060 2.4920164 2.5109291 2.5051649 2.5195663 2.5269834 2.7098203 2.3968026 2.1810971 2.4891242 2.8753744 2.4388979 3.1825842 2.9156426 3.0207272 2.7977782 3.4479937 2.7262237 3.0104170 3.0205197 2.8400628 2.8465043 2.0066126 2.5994563 3.2240688 3.8005251 3.9069037 3.2737292 3.4192454 3.2704427 2.8712535 3.2643726 3.2441293 3.1679143 3.4633063 3.5345170 3.5765911 0.9892925 1.3575321 3.0175222 3.1912149 3.8535504 4.3472834 
Emue_Em0251g1a.t1                                             0.1945197 0.5039299 0.2000541 0.2348656 0.5285961 0.5285961 0.5285961 0.5097132 0.3661649 0.0000000 0.4778683 0.4340870 1.5189457 1.4717942 1.1122724 1.0883949 1.5823356 1.5823356 2.8433142 3.5573693 3.3618998 2.9228278 2.9228278 3.8007018 8.3863870 8.3863870 8.2506998 4.0840222 3.9577005 3.5787510 3.9577005 3.5787510 5.1497045 3.7904491 3.9684082 4.0767200 3.4509668 4.2145383 3.9023518 3.8269487 3.8203270 3.8203270 3.7917094 3.6284574 2.9999605 2.8547792 2.6411362 2.6747415 2.6059134 2.6084711 2.1866553 2.5130523 2.5566073 2.5489265 2.6429315 1.8507296 2.6354122 2.6899957 2.6675935 2.6593338 2.8930024 2.2068315 2.5992073 2.7858751 2.3277165 2.3392459 1.4038602 2.7394917 2.4204648 2.3874508 2.4551474 2.4646822 2.4309550 2.5845850 2.0528629 2.1962217 2.7615754 2.7935806 2.7423408 3.1562098 3.0328665 3.1352014 3.1396357 3.6372486 2.8203874 2.8970054 2.9151552 2.4475771 2.7715769 1.8430029 2.1390670 2.9877012 3.5970469 3.6421224 2.9680394 2.9499115 3.1249941 3.1807715 3.1928332 3.5969251 3.4522685 3.5014671 3.5553232 4.1975770 3.7003825 3.4958356 3.2020432 3.6551032 4.1246241 4.3161859 
Emue_Em0464g1a.t1                                             0.0000010 0.2421088 2.1674372 0.1956895 0.2202415 0.1822341 0.1956895 0.1956895 0.3785216 0.4778683 0.0000000 0.8519370 1.3907431 1.3706186 1.2241588 1.1727184 1.3648184 1.3648184 2.8546836 3.5917825 2.4147992 2.4452399 2.3812128 4.2983837 0.0000010 0.0000010 0.0000010 2.5434373 2.5589335 2.5589335 2.5314665 2.5314665 0.0000010 2.7239664 2.6294755 2.6294755 2.7574560 8.9999981 2.8135957 2.8348062 2.5526148 2.5526148 6.2577008 6.2577008 2.6183208 2.6183208 2.0733766 2.1527699 2.1136981 2.0982995 0.0000010 2.0317594 1.4381500 1.9202209 2.0998072 2.0107923 2.2776228 2.2088574 2.1285750 1.9225415 2.1674473 2.0559018 2.0280881 2.3467972 1.9745357 1.9745357 2.6557114 2.0925556 2.2273682 2.2273682 2.1373583 2.1575893 2.1984948 2.4202103 2.3897385 0.0000010 1.6939511 2.1169728 1.9016433 3.5243084 2.6822183 2.7778992 2.5261798 2.9472163 2.2923964 2.5620646 2.5620646 2.5620646 2.2074499 2.0267235 2.5564606 2.8101726 4.0639514 4.0639514 2.8924622 3.1649199 3.8882669 0.0000010 3.5274760 3.5117364 7.9805271 4.1170636 3.5412451 3.2827541 1.2343727 3.3418181 3.4958004 0.0000010 4.5730343 4.1573675 
Emue_Em0242g7a.t1                                             0.3319183 2.5566248 0.2484200 0.5434521 2.3563211 2.2821935 2.3892968 1.2676221 0.7368368 0.4340870 0.8519370 0.0000000 2.2998218 2.0368812 2.5606543 1.5919585 2.3664996 2.3664996 4.0486591 3.8830861 3.6215271 1.4264829 1.4264829 4.5221181 8.9999980 8.9999980 8.9999987 4.6544633 4.5805549 3.5545922 4.8892109 3.8455231 4.4890564 4.2881501 4.1730457 4.3732869 0.5440242 4.5925553 3.8420158 4.2625231 4.3414040 4.3414040 4.1774520 3.8091463 2.4364268 2.0934947 3.6985858 3.6270344 3.4983699 3.5777028 2.5154880 3.4956808 3.5842484 3.7777879 4.1877041 2.5499340 3.6753177 3.8138375 3.9027962 4.2247852 4.4599502 2.7297441 3.6368833 4.5018495 3.3906305 3.4094511 0.7315868 4.0136324 3.0751170 3.3753393 3.2643508 3.2643508 3.2255911 3.4022454 2.7461976 2.8296095 4.4317423 3.6897704 4.2673328 3.7269258 3.8035312 4.1012107 3.8280231 4.4358302 3.9798619 3.2981368 3.3170211 2.3650782 3.2823321 2.5041013 2.8664347 3.3225949 3.1980915 3.3896322 3.2113280 3.1052741 3.0705920 3.7073014 3.0002609 3.4871577 3.0642426 3.1784123 3.1724277 4.1910087 0.0000010 4.7988404 3.1938844 3.7171157 3.0975223 4.1953509 
Halamb_c52552_g1_i1mm.4644                                    2.2632206 2.1207869 1.9453820 1.3727031 1.6109819 1.6337123 1.5599598 1.2402784 1.4029857 1.5189457 1.3907431 2.2998218 0.0000000 0.4913368 0.5747913 1.6426027 1.9447905 1.9447905 2.9719977 3.2834334 3.0983690 3.2733382 2.7502106 3.5585489 4.0887872 4.0887872 4.0656171 3.5669801 3.5898732 3.4867064 3.3613260 3.2072630 3.7385360 3.4287834 3.5994281 3.8256684 2.6151417 3.8706263 3.5491823 3.4989461 3.2325961 3.2325961 3.1630400 3.0002514 2.6210220 2.6666736 2.5024217 2.5194854 2.4781938 2.6034082 2.0412556 2.4384700 2.2756888 2.2528930 2.4246139 1.9954290 2.7209618 2.7735402 2.7437308 2.3061299 2.6607447 2.3179715 2.5598527 2.8246530 2.1846599 2.1897342 2.3467472 2.7285986 2.4876607 2.5161586 2.5456569 2.5458936 2.5378656 2.7579017 2.4621796 1.8038194 2.3137491 3.0485580 2.3842256 3.2970640 3.2620630 3.3499128 2.8610996 3.6177846 2.9010697 3.2020503 3.2604757 2.7786138 3.0286319 2.2172937 2.5859505 3.2626000 4.2630130 4.3446961 3.5758640 3.7714226 3.4446963 3.7727001 3.5568283 3.7537792 3.4380672 3.5997801 3.8937267 3.9647262 1.6037374 1.9586102 3.0359751 3.8631957 4.3843530 4.7942092 
Aque_Aqu2.1.40642_001                                         1.7477739 2.0704972 1.6427879 1.3116101 1.6160991 1.5696928 1.5613290 1.2565498 1.3320554 1.4717942 1.3706186 2.0368812 0.4913368 0.0000000 0.5897498 1.5077454 1.9888795 1.9888795 2.8477080 3.3267760 3.0625497 3.0653615 2.7439511 3.5074689 3.8180375 3.8180375 3.8905800 3.4417920 3.4805372 3.3369722 3.2917869 3.0928542 3.7368002 3.3487229 3.5100989 3.6241443 2.5512175 3.7329470 3.4187211 3.2883946 3.2875104 3.2875104 3.5902992 3.4680208 2.5198157 2.5793238 2.3496810 2.3486667 2.3257391 2.4486510 1.8470001 2.3850804 2.2605850 2.2482931 2.3656738 1.9149165 2.6849497 2.6965719 2.8639108 2.2778831 2.5395999 2.1478926 2.4236675 2.6522661 2.1875989 2.1926524 2.2826405 2.4843869 2.2843351 2.2882653 2.3012135 2.3086916 2.3408249 2.6591938 2.4053410 1.9867620 2.3487234 2.7066413 2.4427890 3.0953823 2.9490034 3.1009994 2.9180075 3.4606511 2.8134859 3.1290148 3.1377375 2.8372645 2.7692013 2.3057444 2.3282511 3.0788308 3.7386259 3.9153543 3.4823867 3.4891668 3.3004163 3.4205674 3.3966520 3.4411999 3.2361208 3.3736521 3.8163002 3.6955753 1.5357967 1.8806967 3.2993072 3.5691139 4.0101545 4.6171432 
Xestes_snap_masked-XT_scaffold6215-processed-gene-0.49-mRNA-1 0.0000010 1.4867984 2.2621773 1.0857641 1.1756098 1.1458224 1.1362200 1.1105837 1.1040798 1.1122724 1.2241588 2.5606543 0.5747913 0.5897498 0.0000000 1.1186201 1.5073534 1.5073534 2.5517393 2.9244052 2.8256609 3.1988958 2.8877623 3.1959618 0.0000010 0.0000010 0.0000010 3.2870366 3.3088560 3.3088560 2.9112430 2.9112430 4.2918338 3.2279917 3.3631791 3.3980879 2.7146854 3.6266940 3.3502709 3.1749449 2.9515680 2.9515680 2.9273009 2.9273009 2.6967456 2.6694541 2.2050292 2.2180057 2.1561276 2.1847831 2.7215238 2.2613865 1.5352349 1.7738475 2.0852970 2.0060798 2.2612197 2.2155120 2.3307238 1.7755705 2.0306709 2.0321987 1.9539185 2.1259977 1.8399633 1.8399633 2.4021732 2.0083051 2.2982756 2.2642110 2.2897824 2.3164538 2.2745300 2.4901228 2.4744736 3.0400051 1.8693488 2.4655523 1.7177436 3.0679650 2.7353261 2.7514730 2.1472663 3.3107507 1.9733819 2.5936888 2.5936888 2.6105085 2.4594623 2.0666967 2.4863416 2.9812569 3.9673713 3.9673713 3.3009479 3.5121286 3.3224265 4.3385322 3.3728855 3.2747321 3.5693976 3.7780388 3.6846661 3.5285483 1.6357274 1.9407337 3.1439914 3.6804850 4.6879580 4.6568770 
Tetwil_g6796.t1                                               1.4702447 1.6766678 1.3915329 1.0581514 1.5083169 1.5083169 1.5083169 1.0432652 0.9203707 1.0883949 1.1727184 1.5919585 1.6426027 1.5077454 1.1186201 0.0000000 1.7573488 1.7573488 2.9843969 3.5384223 3.7691852 3.9749412 3.9749412 3.5016005 5.6561031 5.6561031 5.4952901 4.2214237 4.3090342 3.8644981 4.3090342 3.8644981 3.7823909 4.1345664 4.3773298 4.4361285 4.8800037 4.0671792 4.1754232 4.2600272 4.1639424 4.1639424 3.4419796 3.3321055 3.7845939 3.4969331 2.3945640 2.3775444 2.3270279 2.4459634 1.9698629 2.1995386 2.1909725 2.2445436 2.4229166 1.7875491 2.9465599 2.9218213 2.9134020 2.7146886 2.9842725 2.2510884 2.8285444 2.8347182 2.4459392 2.4536466 3.5378250 2.7961747 2.6590423 2.6959216 2.7595819 2.7761909 2.6619812 2.6983293 2.2196573 2.3005785 3.1600686 2.9652927 2.5285653 2.9633795 2.9115081 3.2560283 2.8701963 4.4468361 3.0940380 3.0744212 3.0741282 2.6896003 3.1222225 2.5957222 2.5567238 3.4047544 4.0233714 3.9675453 3.3078308 3.3604723 3.0695366 3.0714196 3.8052452 3.6096014 3.6508613 3.6505953 3.8432173 3.8435332 0.0000010 1.8433062 3.6646964 3.1011500 4.0247053 5.1574205 
Plespi_Pspi_scaffold5808_01                                   2.6064424 2.0885430 2.5833667 1.5739999 1.7097045 1.6449534 1.5957633 1.3443331 1.5698495 1.5823356 1.3648184 2.3664996 1.9447905 1.9888795 1.5073534 1.7573488 0.0000000 0.0000010 2.8023592 3.0886578 2.9553502 2.9955889 2.7284674 3.1531115 4.1813685 4.1813685 4.0996263 3.3485845 3.2872630 3.0935616 3.1707691 2.9075892 3.1499437 3.2338969 3.4776638 3.6336668 2.4254476 3.2124446 3.0822610 3.0911667 3.1234934 3.1234934 2.9646423 2.8920422 2.7305047 2.7785527 2.2896338 2.3221526 2.2895066 2.3164105 2.6815147 2.2740975 2.1361083 2.3857987 2.2098340 1.9458823 2.8250113 2.7635177 2.7047982 2.4356653 2.5439563 2.2626248 2.4403459 2.6546570 2.2312535 2.2412244 2.2117664 2.5233728 2.5953841 2.6341489 2.5365764 2.5620902 2.4832636 2.5153149 2.2694864 2.1245793 2.4694293 2.9223193 2.5704940 3.1513885 2.9018067 2.8501271 2.9330007 3.4006866 2.7338133 2.7284051 2.7548336 2.4223158 2.4547957 2.2452795 2.4969625 3.1073495 4.0037770 4.4410570 3.2038016 3.3498375 3.3749731 2.7214460 3.1901692 3.4337914 3.6248033 3.3476784 3.4752408 3.7797722 1.5927745 2.2374290 3.3084308 3.9166516 4.1007134 5.5445453 
Plespi_Pspi_scaffold5809_01                                   2.6064424 2.0885430 2.5833667 1.5739999 1.7097045 1.6449534 1.5957633 1.3443331 1.5698495 1.5823356 1.3648184 2.3664996 1.9447905 1.9888795 1.5073534 1.7573488 0.0000010 0.0000000 2.8023592 3.0886578 2.9553502 2.9955889 2.7284674 3.1531115 4.1813685 4.1813685 4.0996263 3.3485845 3.2872630 3.0935616 3.1707691 2.9075892 3.1499437 3.2338969 3.4776638 3.6336668 2.4254476 3.2124446 3.0822610 3.0911667 3.1234934 3.1234934 2.9646423 2.8920422 2.7305047 2.7785527 2.2896338 2.3221526 2.2895066 2.3164105 2.6815147 2.2740975 2.1361083 2.3857987 2.2098340 1.9458823 2.8250113 2.7635177 2.7047982 2.4356653 2.5439563 2.2626248 2.4403459 2.6546570 2.2312535 2.2412244 2.2117664 2.5233728 2.5953841 2.6341489 2.5365764 2.5620902 2.4832636 2.5153149 2.2694864 2.1245793 2.4694293 2.9223193 2.5704940 3.1513885 2.9018067 2.8501271 2.9330007 3.4006866 2.7338133 2.7284051 2.7548336 2.4223158 2.4547957 2.2452795 2.4969625 3.1073495 4.0037770 4.4410570 3.2038016 3.3498375 3.3749731 2.7214460 3.1901692 3.4337914 3.6248033 3.3476784 3.4752408 3.7797722 1.5927745 2.2374290 3.3084308 3.9166516 4.1007134 5.5445453 
Morvir_scaffold11.g49.t1                                      4.8656660 3.5577726 4.8096003 2.7676047 2.9798498 2.8873398 2.8822146 2.8419717 2.8353804 2.8433142 2.8546836 4.0486591 2.9719977 2.8477080 2.5517393 2.9843969 2.8023592 2.8023592 0.0000000 2.7898744 2.6604685 2.6600663 2.2914405 2.7940112 3.8082421 3.8082421 3.7069364 3.0994196 3.1076110 2.8896108 3.1044262 2.8171315 2.9725039 2.9387357 3.0392968 3.1269646 2.6137957 2.9475517 2.8922304 2.9241574 3.1089758 3.1089758 2.7507614 2.7723508 2.6763889 2.5894668 1.7951358 1.8019840 1.7685315 1.8627796 1.3145612 1.8548357 2.1730092 1.8525669 1.9151778 1.4404988 2.0826470 2.2156500 2.1080089 2.0889966 2.1102812 1.8192294 2.1781710 2.5693003 2.2493216 2.2552681 2.3220893 2.1204112 2.1648124 2.1028358 2.2057299 2.2071269 2.1838559 2.2478006 1.9083453 1.6372634 2.4333788 2.8875248 2.1782003 1.8147539 1.8629258 1.9088243 1.5319098 2.0546556 3.0301791 3.1978561 3.1647849 2.8863357 2.9409751 2.3036227 2.1631034 1.6816167 3.8264248 3.8478243 2.9290676 3.1755326 3.2599153 2.5066455 3.6496356 3.6723642 3.7423925 3.4199473 3.3164576 3.4983373 3.0520341 3.4024849 3.0301135 2.9696925 3.7060187 4.3749829 
Bolinf_Binf_sb1268239                                         5.3208139 5.1052071 4.3632875 3.4881524 5.4384262 5.4384262 5.4384262 4.6089706 3.5410559 3.5573693 3.5917825 3.8830861 3.2834334 3.3267760 2.9244052 3.5384223 3.0886578 3.0886578 2.7898744 0.0000000 0.0000010 0.0000010 0.0000010 0.2100287 0.1863048 0.1863048 0.1677089 0.2681380 0.2479096 0.2479096 0.2479096 0.2479096 0.2195970 0.3242185 0.3485182 0.3553650 0.4732746 0.3891684 0.3971251 0.3740482 0.3397904 0.3397904 0.3939463 0.3939463 0.7352568 0.7034215 2.3722299 2.2946641 2.3014152 2.4466003 2.1777773 2.3422142 2.1595472 2.2872250 2.3108613 2.2625200 2.7753468 2.6901087 2.3063887 2.5617029 2.4028222 2.6329973 2.4534176 2.7138752 2.5851162 2.5677167 1.6893309 2.4726538 2.7912446 2.7396810 2.8243199 2.8302613 2.6931923 2.7601548 2.7836422 1.9284447 2.8888285 2.7809804 2.4987226 2.3465876 2.6324728 2.7139027 2.6537027 2.9291392 2.9891361 3.1359276 3.1359276 3.4368361 2.7376706 2.7541531 3.0386311 3.3179160 3.1213375 2.8058634 3.0784594 2.9946843 3.0047189 2.2450903 3.2544117 3.0695475 3.3467812 3.3467812 3.0544468 3.4893213 0.0000010 3.9717762 3.3032630 2.7564408 3.6632909 6.3078079 
Mertsp_Mesp_sb589946                                          5.0803000 3.9772308 5.7681841 3.0682411 3.3272474 3.3300001 3.3329144 2.7917676 3.1612295 3.3618998 2.4147992 3.6215271 3.0983690 3.0625497 2.8256609 3.7691852 2.9553502 2.9553502 2.6604685 0.0000010 0.0000000 0.0000010 0.0000010 0.2327596 0.2189218 0.2189218 0.2036802 0.2482618 0.2414779 0.2345087 0.2292424 0.2210757 0.2071742 0.3189106 0.3194547 0.3269967 0.3715835 0.3990538 0.4080639 0.4192411 0.2872066 0.2872066 0.3648105 0.3763953 0.5704448 0.5760351 2.1838694 2.1375010 2.1421842 2.1841437 2.1777773 2.1167477 2.0192861 2.0959005 2.0814670 2.0751249 2.5915841 2.5863769 2.2467258 2.3199193 2.2747852 2.3084931 2.2494844 2.4944583 2.3838673 2.3739351 2.2586854 2.2344971 2.6902408 2.7057365 2.7250009 2.7193631 2.6475720 2.6882950 2.7010585 1.9284447 2.4837516 2.5571815 2.2609621 2.4292138 2.6715360 2.7158033 2.5833517 2.8896847 3.0163013 3.1894877 3.1894877 3.3201776 2.8945837 2.7270838 2.8890951 2.9758792 3.2287079 3.0423893 2.9898703 3.0747617 3.1278397 2.4295089 3.3235376 3.1643119 3.7537174 3.2041980 3.2843919 3.3439711 2.9017156 4.0882370 3.2018859 2.8054406 3.5668766 5.2460368 
Bolinf_Binf_sb1268240                                         0.0000010 3.3929652 8.9999987 2.5968225 2.4203975 2.3871856 2.3851025 2.3851025 3.0900692 2.9228278 2.4452399 1.4264829 3.2733382 3.0653615 3.1988958 3.9749412 2.9955889 2.9955889 2.6600663 0.0000010 0.0000010 0.0000000 0.0000010 1.7696520 0.0000010 0.0000010 0.0000010 0.2076420 0.2403932 0.2403932 0.2066156 0.2066156 0.0000010 0.3605332 0.3440530 0.3631010 0.3594025 0.0000010 0.4246395 0.5235147 0.2001215 0.2001215 1.3419084 1.3419084 0.4157149 0.4157149 2.1307485 2.1175400 2.1514222 2.0829238 0.0000010 2.1517506 1.8496311 1.6983695 2.1420602 2.2004947 2.4938510 2.5426184 2.5434760 2.2571490 2.2623825 2.3187501 2.2743132 2.3913371 2.2425359 2.2425359 2.8030825 2.2101029 2.9645211 2.9230521 2.9698820 2.9528837 2.9289046 3.1526268 3.1526268 0.0000010 1.9494415 2.4558006 1.8564715 3.1255100 2.9726959 2.9277701 2.3686890 3.1028128 3.2203959 3.7450743 3.7450743 3.7450743 3.7351053 3.1108893 3.2820948 2.9973382 3.8444935 3.8444935 3.0695251 3.7566925 3.5940557 8.9999988 3.6248628 3.5434064 5.8735800 3.4820176 3.5734420 3.0532277 3.2316435 4.1250901 1.7615710 0.0000010 4.0385935 4.7135620 
Bolinf_Binf_sb1268241                                         0.0000010 3.1626723 8.9999987 2.5632304 2.3964759 2.3998640 2.3851025 2.3851025 2.6151280 2.9228278 2.3812128 1.4264829 2.7502106 2.7439511 2.8877623 3.9749412 2.7284674 2.7284674 2.2914405 0.0000010 0.0000010 0.0000010 0.0000000 1.7696520 0.0000010 0.0000010 0.0000010 0.1794396 0.1632222 0.1632222 0.1780521 0.1780521 0.0000010 0.2547669 0.2496647 0.2591417 0.3549586 0.0000010 0.3197960 0.4042345 0.2001215 0.2001215 1.3419084 1.3419084 0.4157149 0.4157149 1.7330114 1.6985667 1.7090475 1.7042588 0.0000010 1.7053188 1.8496311 1.6983695 1.7661970 1.7674835 1.6735199 1.8703132 1.8331060 1.8927594 1.9121991 1.9092309 2.0618061 1.9004978 1.9267460 1.9267460 2.2949081 1.9514494 2.2415208 2.1895123 2.2994522 2.2859568 2.3697956 2.4430010 2.4430010 0.0000010 1.9343558 1.9588841 1.8737182 2.3377429 2.4311922 2.5801358 2.3686890 2.9091803 3.2203959 3.3333375 3.3333375 3.3333375 3.0201576 3.1108893 2.7595727 2.7889388 3.0674285 3.0674285 2.5217706 2.6621050 3.2163593 0.0000010 3.2224613 3.4783389 5.4695255 2.5123410 3.5545859 2.9041373 2.8584258 4.9305563 1.5758296 0.0000010 3.7627890 3.9952841 
Mertsp_Mesp_sb541808                                          4.5416448 7.0210157 4.5231754 3.3093126 8.9999983 8.9999983 8.9999983 2.9014987 3.3939475 3.8007018 4.2983837 4.5221181 3.5585489 3.5074689 3.1959618 3.5016005 3.1531115 3.1531115 2.7940112 0.2100287 0.2327596 1.7696520 1.7696520 0.0000000 0.0116121 0.0116121 0.0482335 0.1102177 0.1480936 0.1402034 0.1480936 0.1402034 0.1045990 0.3282585 0.3340264 0.3517620 2.1350052 0.3804635 0.4088913 0.3762059 0.2806427 0.2806427 0.4404094 0.4552964 2.2380894 0.7067075 2.5435385 2.4459404 2.4096390 2.5845986 2.4123079 2.3448864 2.2458688 2.3501013 2.3715482 2.3528191 3.1820911 3.1839635 2.6722532 2.5144591 2.5027765 2.4580574 2.2153387 3.0325305 2.7523669 2.7299058 3.2630102 2.3912939 2.8774875 2.9737465 3.0150114 3.0251462 2.8903851 2.7621477 2.7621477 2.2192582 2.6823158 3.0266427 2.5308714 2.4626003 2.5915460 2.8603477 2.7881864 2.8270227 2.8705134 2.9030000 2.9030000 3.1858657 2.5957944 1.8199397 2.3306980 2.9105791 3.0035053 2.5852288 2.9292194 2.8323493 2.7907732 2.5556499 3.1344040 2.7248660 2.4734475 2.5206236 2.6310820 3.2933584 4.2983837 9.0000000 3.6869601 2.8245472 3.7689697 7.1308260 
Bolinf_Binf_sb1260597                                         7.4509859 9.0000000 7.4509859 4.4530682 9.0000000 9.0000000 9.0000000 0.0000010 4.6976785 8.3863870 0.0000010 8.9999980 4.0887872 3.8180375 0.0000010 5.6561031 4.1813685 4.1813685 3.8082421 0.1863048 0.2189218 0.0000010 0.0000010 0.0116121 0.0000000 0.0000010 0.0258796 0.0621453 0.0820830 0.0999306 0.0820830 0.0999306 0.0876511 0.1770034 0.2060469 0.2347338 0.0000010 0.3229708 0.3377474 0.3037622 0.2652650 0.2652650 0.2783858 0.3020909 0.0000010 0.0000010 3.7796169 3.5623336 3.6815643 4.2610092 1.6225462 3.8928149 3.8712929 3.7410294 3.3127707 2.1184248 5.0943902 5.1710948 4.0402529 4.3327883 4.0019343 2.6606455 3.4034276 4.4850448 5.0321236 4.9753433 0.0000010 3.3715093 4.6155701 5.2420530 5.1048667 5.1331130 4.9427105 5.5966865 4.3160607 2.7359436 4.6676463 4.6642987 3.8467408 3.5094480 4.0941061 4.5703933 4.9348158 4.6006784 4.9887182 5.3019432 5.3019432 5.2907890 4.6308119 0.0000010 9.0000000 4.1329291 4.3241881 3.7982500 3.5688264 3.1386255 2.1086921 2.1086921 4.5488006 4.1237725 3.0608160 3.5432805 3.6527400 3.6662544 0.0000010 0.0000010 3.0907665 4.5987201 4.3216659 5.4344023 
Bolinf_Binf_sb1260598                                         7.4509859 9.0000000 7.4509859 4.4530682 9.0000000 9.0000000 9.0000000 0.0000010 4.6976785 8.3863870 0.0000010 8.9999980 4.0887872 3.8180375 0.0000010 5.6561031 4.1813685 4.1813685 3.8082421 0.1863048 0.2189218 0.0000010 0.0000010 0.0116121 0.0000010 0.0000000 0.0258796 0.0621453 0.0820830 0.0999306 0.0820830 0.0999306 0.0876511 0.1770034 0.2060469 0.2347338 0.0000010 0.3229708 0.3377474 0.3037622 0.2652650 0.2652650 0.2783858 0.3020909 0.0000010 0.0000010 3.7796169 3.5623336 3.6815643 4.2610092 1.6225462 3.8928149 3.8712929 3.7410294 3.3127707 2.1184248 5.0943902 5.1710948 4.0402529 4.3327883 4.0019343 2.6606455 3.4034276 4.4850448 5.0321236 4.9753433 0.0000010 3.3715093 4.6155701 5.2420530 5.1048667 5.1331130 4.9427105 5.5966865 4.3160607 2.7359436 4.6676463 4.6642987 3.8467408 3.5094480 4.0941061 4.5703933 4.9348158 4.6006784 4.9887182 5.3019432 5.3019432 5.2907890 4.6308119 0.0000010 9.0000000 4.1329291 4.3241881 3.7982500 3.5688264 3.1386255 2.1086921 2.1086921 4.5488006 4.1237725 3.0608160 3.5432805 3.6527400 3.6662544 0.0000010 0.0000010 3.0907665 4.5987201 4.3216659 5.4344023 
Vmul_sbMO463290                                               7.2985977 9.0000000 7.2985977 4.4091569 9.0000000 9.0000000 9.0000000 0.0000010 4.6178870 8.2506998 0.0000010 8.9999987 4.0656171 3.8905800 0.0000010 5.4952901 4.0996263 4.0996263 3.7069364 0.1677089 0.2036802 0.0000010 0.0000010 0.0482335 0.0258796 0.0258796 0.0000000 0.0450386 0.0769949 0.1150053 0.0769949 0.1150053 0.1024934 0.1638313 0.2066214 0.2353948 0.0000010 0.3066891 0.3212800 0.2975674 0.2742158 0.2742158 0.2464902 0.2672073 0.0000010 0.0000010 3.7693644 3.5523142 3.6717604 4.2584681 1.5314161 3.8820937 3.8605858 3.7309191 3.2410788 2.1346296 5.0402571 5.1173055 4.0029566 4.3954154 4.1183433 2.7237760 3.3751997 4.5562380 5.1046149 5.0551541 0.0000010 3.3255107 4.3476143 4.9529225 4.8301224 4.8565418 4.6893867 5.3191430 4.1074130 2.6923919 4.5423875 4.6802097 3.8228587 3.4815401 4.0666406 4.4918342 4.8074336 4.5516332 4.8756707 5.3327468 5.3327468 5.2907890 4.6571837 0.0000010 9.0000000 4.1371255 4.4918139 3.9244636 3.5759052 3.2733095 1.9392561 1.9392561 4.4692641 4.1339115 3.1934376 3.6523930 3.6183043 3.6889301 0.0000010 0.0000010 3.0764545 4.4232607 4.3093084 5.1931167 
Mlei_ML0823.g9.i1                                             6.9551994 4.3067421 6.5736951 3.5344902 3.5657027 3.5237716 3.5556655 2.8810200 3.7365569 4.0840222 2.5434373 4.6544633 3.5669801 3.4417920 3.2870366 4.2214237 3.3485845 3.3485845 3.0994196 0.2681380 0.2482618 0.2076420 0.1794396 0.1102177 0.0621453 0.0621453 0.0450386 0.0000000 0.1664732 0.1736394 0.1708644 0.1815354 0.1795522 0.3287276 0.3254179 0.3693276 0.3920327 0.4154387 0.4124608 0.4043363 0.2672152 0.2672152 0.3870819 0.4049152 0.6030791 0.5769822 2.7504736 2.7561353 2.7074104 2.8460016 2.3927935 2.7286233 2.8711385 2.7691171 2.6968295 2.2785895 3.1674356 3.3998167 3.1023507 3.0006717 2.9251640 2.4795736 2.9053166 3.1563267 3.0213440 3.0148585 2.6840429 2.7003453 3.1247617 3.1661299 3.1317183 3.1271909 3.0953062 3.3075525 2.9551532 2.5980441 2.9809907 3.1888136 2.9819787 3.1841654 3.2806803 3.5069115 3.3850437 3.6346675 3.8654593 4.0786965 4.0196847 3.7142556 3.4676053 2.7980291 3.2227066 3.3024699 3.8942806 3.7965125 3.5588793 3.7510931 3.4318092 3.0482135 3.9582481 3.5421246 4.0201961 3.6822866 3.5607477 3.6017323 2.8786381 4.0319197 3.7029276 3.8850269 3.9626994 6.0650394 
Beraby_Baby_sb342994                                          6.3165932 4.1656430 6.6425153 3.5055829 3.4933617 3.4520602 3.4973975 2.9253186 3.6703896 3.9577005 2.5589335 4.5805549 3.5898732 3.4805372 3.3088560 4.3090342 3.2872630 3.2872630 3.1076110 0.2479096 0.2414779 0.2403932 0.1632222 0.1480936 0.0820830 0.0820830 0.0769949 0.1664732 0.0000000 0.0041570 0.0041490 0.0107749 0.0279108 0.3084304 0.3276628 0.3464074 0.3313830 0.3711029 0.3647443 0.3919487 0.2450105 0.2450105 0.4634087 0.4858747 0.5858763 0.5965684 2.6595514 2.6515979 2.6818057 2.7506298 2.3540503 2.7291023 2.8841357 2.6612805 2.6540821 2.3295235 3.1945921 3.1703595 2.9008836 2.9882639 2.7985063 2.5736329 2.7093866 3.0893622 2.9977991 2.9908837 2.9157628 2.5749905 3.1185515 3.1401718 3.1229991 3.1183549 3.0853958 3.2193876 2.9761341 2.2888769 2.8933660 3.1519302 2.7182259 3.1567528 3.1596691 3.3143201 3.2266550 3.3814109 3.5858001 3.7292411 3.7292411 3.5489759 3.5188590 2.7684458 3.1072914 3.3365208 3.9204110 3.8242544 3.4802410 3.7618011 3.4662815 2.8501793 3.9735317 3.6234772 3.9504863 3.6987751 3.5258376 3.5741576 3.0451501 4.0204328 3.6842847 3.6419167 4.0381385 5.6098974 
Beraby_Baby_sb342996                                          4.5416448 3.9511341 5.5565079 3.2350019 3.2994491 3.2586221 3.2991231 2.9253186 3.4264900 3.5787510 2.5589335 3.5545922 3.4867064 3.3369722 3.3088560 3.8644981 3.0935616 3.0935616 2.8896108 0.2479096 0.2345087 0.2403932 0.1632222 0.1402034 0.0999306 0.0999306 0.1150053 0.1736394 0.0041570 0.0000000 0.0107749 0.0053484 0.0207597 0.3473565 0.3446552 0.3575355 0.3313830 0.4247377 0.3838997 0.4166125 0.2330357 0.2330357 0.4928527 0.5096504 0.5858763 0.5965684 2.3052409 2.2982363 2.2883529 2.3505039 2.3540503 2.2936678 2.1507642 2.1606440 2.3104039 2.3273079 2.8508110 2.8307848 2.5880762 2.5718690 2.4778481 2.5749721 2.4221627 2.6945307 2.5936681 2.5770284 2.9157628 2.3766003 2.9369558 2.9222116 2.9367614 2.9315650 2.8650287 2.9189881 2.9357633 2.2888769 2.4662980 2.8882366 2.3770364 2.9061263 2.8781464 3.0574798 2.7843457 3.0259640 3.0057388 3.2901146 3.2901146 3.5175110 3.2025273 2.7684458 3.1072914 3.2198989 3.7770105 3.6164065 3.3335058 3.6237130 3.4662815 2.8501793 3.7033787 3.4015907 3.7965727 3.4987861 3.3068440 3.4344120 3.0451501 4.0204328 3.6842847 2.7310836 4.0381385 5.5864720 
Beraby_Baby_sb342995                                          6.3165932 3.7900793 5.8131747 3.4009918 3.3691435 3.4079590 3.4079590 2.7627498 3.4413561 3.9577005 2.5314665 4.8892109 3.3613260 3.2917869 2.9112430 4.3090342 3.1707691 3.1707691 3.1044262 0.2479096 0.2292424 0.2066156 0.1780521 0.1480936 0.0820830 0.0820830 0.0769949 0.1708644 0.0041490 0.0107749 0.0000000 0.0053687 0.0279108 0.2792427 0.3189321 0.3348091 0.3161498 0.3711029 0.3655171 0.3749364 0.2586694 0.2586694 0.4634087 0.4858747 0.5858763 0.5965684 2.7574460 2.7438916 2.7471194 2.8216846 2.3540503 2.8029890 2.9091111 2.7406581 2.6731206 2.2181673 3.2320127 3.1972578 2.8286411 3.0230343 2.7671833 2.4860551 2.7599230 3.1702021 3.1483822 3.1390082 2.1961037 2.5083388 3.0304536 3.0472731 3.0704055 3.0737420 3.0620326 3.1237212 2.7940706 2.2888769 2.9605152 3.1250831 2.7775831 3.0212438 3.0453298 3.2138612 3.3121660 3.3045794 3.5858001 3.5790995 3.5790995 3.1989252 3.1501604 2.7684458 2.9137930 3.3160617 3.4981389 3.3842841 3.3584775 3.3949581 3.1664866 2.5883916 3.9196293 3.6616670 3.8658750 3.5420693 3.4997866 3.6055064 2.3822020 4.5497227 3.8369451 3.6419167 3.9593956 5.5519132 
Beraby_Baby_sb342997                                          4.5416448 3.5419912 4.4067479 3.0998640 3.1587291 3.1946006 3.1946006 2.7627498 3.1291651 3.5787510 2.5314665 3.8455231 3.2072630 3.0928542 2.9112430 3.8644981 2.9075892 2.9075892 2.8171315 0.2479096 0.2210757 0.2066156 0.1780521 0.1402034 0.0999306 0.0999306 0.1150053 0.1815354 0.0107749 0.0053484 0.0053687 0.0000000 0.0207597 0.3188090 0.3382487 0.3457357 0.3161498 0.4247377 0.3904916 0.4011324 0.2498228 0.2498228 0.4928527 0.5096504 0.5858763 0.5965684 2.3041103 2.2918596 2.2441966 2.3027618 2.3540503 2.2385468 2.1589751 2.2117489 2.2259039 2.2131190 2.7730282 2.7549794 2.4201821 2.4790211 2.3500899 2.4876093 2.3863679 2.6530172 2.6251780 2.6027286 2.1961037 2.2412535 2.7823250 2.7519485 2.8178491 2.8211372 2.7668293 2.7224807 2.7422582 2.2888769 2.4807848 2.7788130 2.4095845 2.6791265 2.6741298 2.8707998 2.8525343 2.8290208 3.0057388 3.0070851 3.0070851 3.1439309 2.7379438 2.7684458 2.9137930 3.1581794 3.2968034 3.0970380 3.1751316 3.2174772 3.1664866 2.5883916 3.5784661 3.3994602 3.7071608 3.2903467 3.2230155 3.4453487 2.3822020 4.5497227 3.8369451 2.7310836 3.9593956 5.5131360 
Drygla_Dgla_sb277863                                          4.5416448 6.9767489 4.3359315 3.7636764 9.0000000 9.0000000 9.0000000 2.2307777 3.6841946 5.1497045 0.0000010 4.4890564 3.7385360 3.7368002 4.2918338 3.7823909 3.1499437 3.1499437 2.9725039 0.2195970 0.2071742 0.0000010 0.0000010 0.1045990 0.0876511 0.0876511 0.1024934 0.1795522 0.0279108 0.0207597 0.0279108 0.0207597 0.0000000 0.2819760 0.2841890 0.2924295 0.0000010 0.3792791 0.3811703 0.3962116 0.2526504 0.2526504 0.4435165 0.4601534 0.0000010 5.6817116 2.6858112 2.5653300 2.5200257 2.7434352 2.5432677 2.4484048 2.3956455 2.4958718 2.3445582 2.4522528 3.4841908 3.4865270 2.8230249 2.8903608 2.8855716 2.8137270 2.5009774 3.3771011 3.2228961 3.1978623 1.9677532 2.6375106 3.1988034 3.3300346 3.3785460 3.3925787 3.1957890 3.1008403 3.1008403 2.2888769 2.8702401 3.2032028 2.8719888 2.6287486 2.8806839 3.3161296 3.1938956 2.7388424 3.2946044 2.9712787 2.9712787 4.2618013 2.7811916 2.6404108 2.7481283 3.4911816 2.7857460 2.3048174 3.0728583 2.9504349 2.7923788 2.5252225 3.1801447 3.1665829 2.7290864 2.7290864 2.7421314 3.5824550 0.0000010 7.6943329 3.7011467 2.7497703 3.9681712 6.4467108 
Lampan_Lpan_10524_01                                          5.5050021 4.2497174 6.3286805 3.3781849 3.5647119 3.5367582 3.5651943 2.9247098 3.5378491 3.7904491 2.7239664 4.2881501 3.4287834 3.3487229 3.2279917 4.1345664 3.2338969 3.2338969 2.9387357 0.3242185 0.3189106 0.3605332 0.2547669 0.3282585 0.1770034 0.1770034 0.1638313 0.3287276 0.3084304 0.3473565 0.2792427 0.3188090 0.2819760 0.0000000 0.4043055 0.4184800 0.2442991 0.3273379 0.3205830 0.3412483 0.3684190 0.3684190 0.3749365 0.3924293 0.4936066 0.5084630 2.6514860 2.6335028 2.6473093 2.7060697 2.3566146 2.6354337 2.7669134 2.6194118 2.5499174 2.2680552 2.9360274 2.9124098 2.7361289 2.8255647 2.5835618 2.3276933 2.5904455 2.9239596 2.8641644 2.8576394 2.9090903 2.5214085 2.9495092 2.9676540 2.9232605 2.9034848 2.9270346 3.1225435 2.8735761 2.1402256 2.7337221 3.1482613 2.5354458 3.0347687 3.0157290 3.0995220 2.9290785 3.3738579 3.4135853 3.6994308 3.6994308 3.6249752 3.3043047 2.7267178 3.0733657 3.1326769 3.9538324 3.8320286 3.5843977 3.5793464 3.3750654 2.8078634 3.9113188 3.5776144 4.0582777 3.8055049 3.6630478 3.5681754 3.2209604 3.9838095 3.6041346 3.3872628 3.6358661 5.3348514 
