100
Emue_Em0011g522a.t1                                            0.0000000 0.0997679 0.1039965 0.4373207 0.5904906 0.9442711 0.6519580 0.5525512 0.6324809 1.3838991 1.2393963 1.2767416 1.1895282 1.2280175 1.1902322 1.1984485 1.1341892 1.2169453 1.1431743 1.2167603 1.6172252 1.3525510 1.1626474 1.0847656 1.0660538 1.2702857 1.2270000 1.1998069 1.2205100 1.2367243 1.1428209 1.3268897 1.4909522 1.4411436 1.2367638 1.6015594 1.2588647 1.2672625 1.2827785 1.6113196 1.3619804 0.7288750 0.4154013 1.6637310 1.5536384 1.4106761 1.5616468 1.5160829 1.1720855 1.2078996 1.3407757 1.4225024 1.3916753 1.2770923 1.3903167 1.5810429 1.6182828 1.3425853 1.3304022 1.3523362 1.3586684 1.3586684 1.3984699 1.3984699 1.5945464 1.3967501 1.9635168 1.9619420 1.9611124 1.7872743 1.6101373 1.6788753 2.3712770 1.7726439 1.4874126 1.9092832 1.4921612 1.4921612 1.5288709 1.5288709 1.4767681 1.4752402 1.5029612 1.7472469 1.6723086 1.6723086 1.6486887 1.6486887 1.6628239 1.6952507 1.7149236 1.6297752 1.6297752 1.6506570 1.6015427 1.3820864 2.1034345 5.4853900 0.3088114 2.9830398 
Spolac_c98933_g1_i1_m.18374c98933-g1                           0.0997679 0.0000000 0.0034517 0.4077066 0.5801690 0.9193615 0.6341798 0.5375520 0.6826570 1.3321993 1.1355064 1.2558862 1.1146757 1.1928905 1.1639198 1.1509127 1.1192521 1.2126692 1.1303457 1.1431846 1.5808577 1.2966461 1.0845923 1.0648733 1.0074578 1.2514795 1.1829419 1.1151133 1.1892766 1.1752032 1.1304327 1.2708187 1.4733274 1.4536887 1.1898672 1.5456754 1.2124832 1.2292895 1.2217846 1.6260825 1.3610743 0.6737283 0.4354342 1.6830445 1.5564231 1.4412643 1.6334842 1.4654420 1.1900265 1.2689410 1.3386141 1.4202373 1.4510181 1.3307693 1.3993052 1.6334106 1.5821952 1.3160589 1.2780343 1.2940685 1.3001851 1.3001851 1.3689068 1.3689068 1.5263092 1.3480580 1.9086563 1.8566989 1.9140238 1.7975149 1.6744215 1.6934682 2.4331220 1.8998663 1.4949102 1.8969853 1.5154438 1.5154438 1.5469473 1.5469473 1.4956489 1.4930497 1.5170048 1.7981878 1.6973731 1.6973731 1.6922317 1.6922317 1.6680814 1.7289006 1.7488940 1.6570951 1.6570951 1.5603028 1.5763910 1.3568381 1.6199612 5.3721951 0.2967283 3.0135586 
Spolac_c98933_g1_i2_m.18375c98933-g1                           0.1039965 0.0034517 0.0000000 0.4148362 0.5891067 0.9193615 0.6436014 0.5460879 0.6926649 1.3321993 1.1514110 1.2735039 1.1303461 1.2096625 1.1802385 1.1670246 1.1385143 1.2310023 1.1461019 1.1591471 1.5808577 1.3160966 1.0992423 1.0798772 1.0215984 1.2685197 1.1992076 1.1151133 1.2057687 1.1916397 1.1460096 1.2883993 1.4933801 1.4737005 1.2063412 1.5456754 1.2292714 1.2462469 1.2467352 1.6260825 1.3795800 0.6737283 0.4354342 1.7071075 1.5783090 1.4773401 1.6578787 1.4860105 1.2066607 1.2992011 1.3662914 1.4478492 1.4718088 1.3497183 1.4201219 1.6571383 1.6055496 1.3356416 1.2970524 1.3134601 1.3196468 1.3196468 1.3890014 1.3890014 1.5507613 1.3480580 1.9377464 1.8566989 1.9429509 1.8243559 1.6989709 1.7183174 2.4792552 1.8998663 1.4949102 1.9260843 1.5374300 1.5374300 1.5719778 1.5719778 1.5173590 1.5269117 1.5396838 1.8276632 1.7221272 1.7221272 1.7299818 1.7299818 1.6922120 1.7541358 1.7744667 1.6570951 1.6570951 1.5825783 1.5986074 1.3769995 1.7404893 5.4982856 0.2967283 2.9857992 
Tetwil_g17787.t1                                               0.4373207 0.4077066 0.4148362 0.0000000 0.5468220 0.8072415 0.5159580 0.5079668 0.6876454 1.3774376 1.1248439 1.1561358 1.1266366 1.1556003 1.2098399 1.2140856 1.1648804 1.0686323 1.0935385 1.2490361 1.4841077 1.2370662 1.1008579 1.0570146 1.0347402 1.2348494 1.1124333 1.2878753 1.3434061 1.3340339 1.2329314 1.3381174 1.3752594 1.3496921 1.1975326 1.5454112 1.3157095 1.3413734 1.1095062 1.5406343 1.3006234 0.9030742 0.3880463 1.5544886 1.4513016 1.4815933 1.4461569 1.5137437 1.2046888 1.0946632 1.2472009 1.3306325 1.4697101 1.3369588 1.2828485 1.4483106 1.6544897 1.2022438 1.1934280 1.1960997 1.2059224 1.2059224 1.2788228 1.2788228 1.4450158 1.4988815 2.0025435 2.1962497 1.8651630 1.8586076 1.8561334 1.9369470 3.0385451 2.0630923 1.4617768 1.7311500 1.5555509 1.5555509 1.5663167 1.5663167 1.6499677 1.5244850 1.6758055 1.7863712 1.7456178 1.7456178 1.7268792 1.7268792 1.8184261 1.8834955 1.9055967 1.8936663 1.8936663 1.7934182 1.9008796 1.5359508 1.6530416 5.1863052 0.3402815 3.3949830 
Aque_Aqu2.1.34260_001                                          0.5904906 0.5801690 0.5891067 0.5468220 0.0000000 0.0457367 0.2906329 0.3877214 0.7827775 1.2520918 1.1252431 1.2777801 1.1887410 1.1638660 1.0722222 1.1416200 1.1432434 1.1045391 1.1497447 1.2437498 1.4633880 1.2008686 1.0509482 1.0398521 1.0541043 1.2140533 1.1920980 1.0845554 1.2657100 1.1564836 1.1241630 1.2010052 1.4101442 1.4051984 1.2672433 1.6295777 1.3021563 1.3001157 1.2308862 1.6743794 1.2489643 0.7327827 0.6272584 1.7387356 1.5353251 1.4951085 1.5019389 1.5127842 1.2054597 1.2648992 1.4258493 1.4913754 1.5262699 1.3195851 1.3010043 1.4291533 1.6443597 1.2539344 1.2605241 1.3153729 1.3160880 1.3160880 1.3254010 1.3254010 1.4748358 1.4718971 1.8540658 2.0261199 1.7801508 1.7867720 1.7653864 1.8181121 2.8140157 2.1403140 1.3938085 1.7654168 1.5558153 1.5558153 1.5296045 1.5296045 1.6065161 1.4163236 1.6443850 1.7198787 1.7141874 1.7141874 1.6004888 1.6004888 1.7542997 1.7593525 1.7797979 1.8937068 1.8937068 1.7608481 1.9490037 1.4373175 1.6169766 5.5682407 0.5239139 3.4396621 
Aque_Aqu2.1.07152_001                                          0.9442711 0.9193615 0.9193615 0.8072415 0.0457367 0.0000000 0.3746348 0.4290389 0.9962830 1.3699756 0.9841887 1.3843945 1.1892764 0.9937829 1.0745211 1.2869962 1.2691327 1.1977979 1.1442198 1.2080438 1.2805408 1.1577830 0.9450763 0.9798279 0.8856083 1.0260218 0.9650148 1.0845554 1.1173909 1.0574458 1.0759789 0.8593953 1.5236821 1.5236821 1.1858664 1.5113771 1.2125846 1.2383304 4.4739178 1.6232236 1.1502928 0.7327827 0.8075043 1.5352229 1.5002487 0.0000010 1.3216503 1.3015091 1.0763963 0.0000010 0.0000010 2.9616960 1.8822949 1.5421005 0.9918253 1.5487698 1.9207889 0.9308333 0.9771293 1.0378471 1.0378471 1.0378471 1.1861234 1.1861234 1.6628449 1.3418576 1.8502119 1.6532211 1.7768478 2.1865081 2.2925500 2.5037734 2.5037734 2.3778589 1.0496832 1.5315798 1.8677038 1.8677038 1.8833572 1.8833572 2.0030079 0.0000010 2.0353967 2.4684773 2.1831882 2.1831882 9.0000000 9.0000000 2.5795886 2.1109637 2.1869268 2.2682038 2.2682038 1.7876604 2.4222716 1.7626590 0.0000010 6.5555074 0.0000010 3.4119090 
Halamb_c48316_g1_i1m.23984                                     0.6519580 0.6341798 0.6436014 0.5159580 0.2906329 0.3746348 0.0000000 0.3471709 0.7835996 1.1764693 1.1434266 1.2624492 1.1085060 1.1403128 1.1566101 1.1878970 1.0818655 1.1374212 1.1558253 1.2713844 1.5241267 1.1468915 1.0777068 1.0627791 1.0741126 1.2202009 1.1934861 1.1304250 1.3016941 1.2523594 1.1744659 1.3650439 1.4420803 1.3732202 1.2462574 1.6268240 1.2776282 1.2991550 1.1488638 1.7341693 1.3219237 0.7665254 0.5563743 1.7524068 1.6490868 1.6090123 1.6640412 1.5501938 1.3078112 1.4733465 1.4247623 1.4995579 1.5901970 1.4914200 1.3257642 1.5947096 1.7753994 1.3254830 1.3132902 1.3162969 1.3265395 1.3265395 1.4334235 1.4334235 1.6012297 1.2959850 2.0953532 2.3299327 1.9199243 1.9676510 2.0931382 2.1129570 2.8608059 2.3007821 1.2962850 1.8916080 1.4822223 1.4822223 1.4726749 1.4726749 1.5989366 1.4782983 1.6291013 1.7005193 1.6946202 1.6946202 1.6160960 1.6160960 1.7941236 1.8559318 1.8774143 1.8530877 1.8530877 1.7404174 1.8264342 1.4621370 1.6387435 5.6229305 0.5953768 3.1956404 
Xestes_maker-XT_scaffold2414-snap-gene-0.21-mRNA-1             0.5525512 0.5375520 0.5460879 0.5079668 0.3877214 0.4290389 0.3471709 0.0000000 0.7512231 1.0983136 1.0740300 1.1699848 1.0664923 1.0999000 1.1500879 1.1379262 1.0778652 1.2328159 1.1524548 1.3149035 1.5233289 1.2524773 1.0726376 1.0817918 1.1289432 1.1084548 1.1278848 1.1570881 1.3061716 1.2988439 1.1184629 1.3187854 1.3644593 1.3289592 1.3003433 1.5766806 1.3606431 1.3655075 1.1647257 1.7762937 1.2153448 0.8455603 0.5371461 1.6575299 1.6213843 1.7696318 1.6843413 1.4595475 1.2339346 1.3506659 1.4423108 1.5198446 1.4965249 1.3319845 1.3009666 1.5771619 1.6794343 1.2446310 1.2485975 1.3101882 1.3170357 1.3170357 1.3488702 1.3488702 1.5199799 1.3130046 2.0758725 2.3851913 2.0084465 1.9679417 2.0292113 2.1145818 2.9626106 2.2639349 1.3984286 1.8193810 1.4647367 1.4647367 1.4989959 1.4989959 1.4848837 1.4349404 1.6362127 1.8480885 1.7225324 1.7225324 1.7530511 1.7530511 1.7139639 1.8061100 1.8272017 1.7526287 1.7526287 1.7283162 1.8290854 1.5495017 1.6690352 5.5684707 0.4552613 3.4450941 
Plespi_Pspi_scaffold7168_01                                    0.6324809 0.6826570 0.6926649 0.6876454 0.7827775 0.9962830 0.7835996 0.7512231 0.0000000 1.4608884 1.2722002 1.3560784 1.2803259 1.3327930 1.2448396 1.2329088 1.0827211 1.2919243 1.2001587 1.2648015 1.6122912 1.3268025 1.1709081 1.2753699 1.1596722 1.2937832 1.2673599 1.3980977 1.2680559 1.2770586 1.2735746 1.2527850 1.3710608 1.3403145 1.3766068 1.7688232 1.3545877 1.3742231 1.3554705 1.8736082 1.4153215 1.4072370 0.7893756 1.7613846 1.6697032 1.6684096 1.6503683 1.7137015 1.3204313 1.4041629 1.3162414 1.3468688 1.3184460 1.3885267 1.3261864 1.4203717 1.6345379 1.3883045 1.3621108 1.4437967 1.4547174 1.4547174 1.4948777 1.4948777 1.7403966 1.5219358 1.8619264 2.1673608 1.8035288 1.8346090 1.5009429 1.6293223 2.4274802 1.9827918 1.5391933 1.8907516 1.6526953 1.6526953 1.6896431 1.6896431 1.7395157 1.8375992 1.5979585 1.8308490 1.7934136 1.7934136 1.8479740 1.8479740 1.8390402 1.8841660 1.8719013 1.8200967 1.8200967 1.7032188 1.8610043 1.6721282 1.4770411 4.8428421 0.5695740 2.8824582 
Lcom_lcpid190765                                               1.3838991 1.3321993 1.3321993 1.3774376 1.2520918 1.3699756 1.1764693 1.0983136 1.4608884 0.0000000 0.2880640 0.3525034 0.3957167 0.4458130 0.4776686 0.5183429 0.5091823 0.4958474 0.4011849 0.4177165 0.4915400 0.4847789 0.4571054 0.4789302 0.4377744 0.4362948 0.4993055 0.5029001 0.5326490 0.5441323 0.4653864 0.6427440 0.5932268 0.5932268 0.5125111 0.5293971 0.5554319 0.5554319 0.3667296 1.4742023 1.0577319 5.5246116 1.4592466 1.9903220 1.7278961 1.4270023 1.7240703 1.7144240 0.8674721 0.8654685 0.6183541 0.6275530 1.3206924 1.4279846 1.7297760 1.5958869 1.5573224 1.4604905 1.4972264 1.5720870 1.6002876 1.6002876 1.7123061 1.7123061 1.6072513 1.4873322 2.3851208 2.0303450 2.7170742 2.6915770 2.0788003 2.0372336 2.0372336 2.1069586 1.4398341 1.6020725 1.9291131 1.9291131 1.9291131 1.9291131 2.0235444 1.8969092 1.9232422 2.0559208 2.0559208 2.0559208 2.3011444 2.3011444 2.0565632 2.1460448 2.1006725 2.0082145 2.0082145 1.7929007 1.7107158 1.6300187 0.0000010 5.9603177 0.0000010 2.8282711 
Cgig_XM_034455591.1                                            1.2393963 1.1355064 1.1514110 1.1248439 1.1252431 0.9841887 1.1434266 1.0740300 1.2722002 0.2880640 0.0000000 0.4621492 0.4351124 0.4446654 0.5907143 0.6136097 0.5664272 0.5697156 0.5183164 0.4767628 0.7938809 0.6578748 0.5173060 0.5583602 0.5998177 0.5955073 0.6712562 0.8646434 0.8138816 0.8230740 0.6986541 0.8055606 0.8314533 0.8041872 0.7277189 0.9268995 0.7906866 0.7918786 0.4566539 0.9262896 0.9804596 0.8353433 1.1082978 1.5040376 1.2209070 0.9808882 1.2295704 1.3731926 0.8129847 0.8262055 0.7912971 0.8010824 1.1725404 1.0454539 1.1915996 1.4888022 1.5426100 1.0120008 1.0385145 1.0444472 1.0502390 1.0502390 1.1756788 1.1756788 1.3641527 1.2356794 1.9132501 1.9587470 1.5420305 1.6848606 1.3801057 1.4648288 2.1386155 1.9706744 1.5053208 1.6616349 1.4510844 1.4510844 1.4814129 1.4814129 1.5139264 1.5555266 1.5203225 1.5402163 1.4870811 1.4870811 1.5683961 1.5683961 1.4143325 1.5378958 1.5280181 1.5381648 1.5381648 1.4043415 1.5339491 1.3980088 1.0618159 5.0014875 0.8361953 2.7122018 
Acagra_model.g12402.t1                                         1.2767416 1.2558862 1.2735039 1.1561358 1.2777801 1.3843945 1.2624492 1.1699848 1.3560784 0.3525034 0.4621492 0.0000000 0.4612838 0.4791172 0.7168295 0.7248309 0.7167099 0.6759528 0.5690982 0.5327525 0.7998427 0.7124582 0.4962378 0.5005276 0.5369533 0.6035042 0.6251762 0.9365338 0.8580866 0.8552229 0.7011203 0.8058053 0.8077759 0.7975062 0.7268728 0.9833396 0.8306772 0.8423640 0.4507776 0.9554667 1.0240165 1.0961783 1.2474425 1.4496785 1.2388374 1.0144098 1.1910417 1.3249029 0.8838553 0.8011214 0.6657199 0.7232331 1.1996343 1.3443812 1.3699180 1.5674562 1.5086538 1.0090714 1.0436100 1.0649479 1.0740203 1.0740203 1.1772024 1.1772024 1.3010123 1.3475057 1.9323134 2.0052818 1.7338856 1.7740459 1.6409225 1.7048859 2.5274883 1.9596291 1.6328317 1.7039103 1.7177244 1.7177244 1.7260048 1.7260048 1.7464541 1.6556929 1.7330193 1.7632150 1.7917988 1.7917988 1.6476882 1.6476882 1.7267980 1.7826226 1.7708860 1.9390131 1.9390131 1.5979108 1.7115922 1.6026881 1.1901244 5.5625848 0.6628349 2.9843044 
Cscu_XM_023362404.1                                            1.1895282 1.1146757 1.1303461 1.1266366 1.1887410 1.1892764 1.1085060 1.0664923 1.2803259 0.3957167 0.4351124 0.4612838 0.0000000 0.3357534 0.6341836 0.6500148 0.6323822 0.6155865 0.5859793 0.5354422 0.7653216 0.5797865 0.4332944 0.4057943 0.5396683 0.5575771 0.5056980 0.6895574 0.8144759 0.8012136 0.6381832 0.7847215 0.7959136 0.7758229 0.7507596 1.0055423 0.7720730 0.7695079 0.4640825 0.9298043 0.8780918 0.9893660 1.2316253 1.5050783 1.3207692 1.0064140 1.2378923 1.3428306 0.8513956 0.8451020 0.7241537 0.7672851 1.1863142 1.0018598 1.1385104 1.4109592 1.5438960 1.0052116 1.0137497 1.0678368 1.0768328 1.0768328 1.0818500 1.0818500 1.3324175 1.0686345 1.7554966 2.0067836 1.5558002 1.6470683 1.4982165 1.5481468 2.3170556 1.9038616 1.2628508 1.5828387 1.4900689 1.4900689 1.4849121 1.4849121 1.5662409 1.6466274 1.4802737 1.5561309 1.5608801 1.5608801 1.6843114 1.6843114 1.5383858 1.5837126 1.6017768 1.5929020 1.5929020 1.4191964 1.5161887 1.4153070 1.3534386 4.9430125 0.6522507 2.6672020 
Tcas_TC007151_001                                              1.2280175 1.1928905 1.2096625 1.1556003 1.1638660 0.9937829 1.1403128 1.0999000 1.3327930 0.4458130 0.4446654 0.4791172 0.3357534 0.0000000 0.6200177 0.6278762 0.6097297 0.6312638 0.5878023 0.5149734 0.7195639 0.6423299 0.5326508 0.4655319 0.5386582 0.5141683 0.6151375 0.5709019 0.7763580 0.7869765 0.6586135 0.8241847 0.8246904 0.7956176 0.6766104 1.0151446 0.7568610 0.7682430 0.4977725 1.0638380 0.9675783 0.9363594 1.1825008 1.5130296 1.2884402 1.0080169 1.1892356 1.2987798 0.8641110 0.8628395 0.7290947 0.7750345 1.1515155 0.9903411 1.1963457 1.4250570 1.5223362 0.9405365 0.9558114 0.9860594 0.9916740 0.9916740 1.0599318 1.0599318 1.2922590 1.2325050 1.8024567 1.9213324 1.4834021 1.5501129 1.4885507 1.5161130 2.3213794 2.0535312 1.4630612 1.6354333 1.4182737 1.4182737 1.4081701 1.4081701 1.4861609 1.4662838 1.4620963 1.5483620 1.5847646 1.5847646 1.6834890 1.6834890 1.4881049 1.5644604 1.5822980 1.6530855 1.6530855 1.4776281 1.5925644 1.3358244 1.3417981 5.5273575 0.7472239 2.7390300 
Spis_XP_022797045_1                                            1.1902322 1.1639198 1.1802385 1.2098399 1.0722222 1.0745211 1.1566101 1.1500879 1.2448396 0.4776686 0.5907143 0.7168295 0.6341836 0.6200177 0.0000000 0.0784069 0.2331596 0.2905235 0.3699625 0.3712892 0.3202453 0.2950896 0.5978617 0.5825597 0.5961865 0.6587112 0.6488411 0.7230301 0.7656210 0.7324827 0.5618137 0.7065392 0.6769774 0.6620281 0.5675993 0.7693267 0.5580621 0.5511931 0.5924794 0.6156197 1.0313786 1.1775378 1.3222015 1.3398575 1.1905772 1.0570608 1.2325156 1.2968411 0.7828885 0.7589356 0.8653936 0.8756716 1.0447947 0.9730468 1.2400838 1.3257537 1.4749755 0.9932637 1.0124886 1.0387143 1.0397709 1.0397709 1.0704034 1.0704034 1.2674856 1.6094402 1.4987655 1.6342910 1.4748972 1.4611058 1.3860296 1.3860351 2.0533323 1.4008580 1.4155978 1.4772108 1.3585475 1.3585475 1.3344117 1.3344117 1.3788278 1.3537658 1.3567354 1.5105827 1.5186027 1.5186027 1.4518251 1.4518251 1.4934699 1.5254568 1.5225997 1.4876486 1.4876486 1.3742404 1.4336410 1.2355052 1.2398531 4.9453108 0.7128484 2.6388820 
Pocdam_XM_027186572.1                                          1.1984485 1.1509127 1.1670246 1.2140856 1.1416200 1.2869962 1.1878970 1.1379262 1.2329088 0.5183429 0.6136097 0.7248309 0.6500148 0.6278762 0.0784069 0.0000000 0.2520039 0.2969878 0.3772019 0.3963024 0.3629860 0.3227234 0.6017731 0.5897012 0.6219162 0.6426847 0.6763861 0.7594923 0.7540510 0.7322636 0.5664133 0.7089816 0.6472275 0.6300022 0.5666667 0.7641402 0.5486391 0.5449017 0.6147139 0.6346654 1.0778005 1.1829343 1.3044257 1.3790143 1.2206069 1.0795322 1.2562503 1.3419469 0.8143670 0.7433199 0.8533345 0.8642135 1.0252971 0.9644269 1.2428776 1.3928332 1.4579012 1.0343241 1.0272062 1.0490055 1.0500546 1.0500546 1.0953721 1.0953721 1.3073321 1.5230167 1.5025416 1.6391066 1.4041155 1.3984411 1.3579342 1.3449824 2.0029885 1.3532508 1.4531669 1.4705526 1.3420571 1.3420571 1.3226979 1.3226979 1.3210084 1.3050874 1.3588809 1.4942248 1.4674166 1.4674166 1.4225859 1.4225859 1.4427550 1.5017280 1.4989640 1.4980114 1.4980114 1.3602106 1.3973434 1.2130960 1.1711900 4.6746774 0.7128484 2.6436813 
Gasp_gasp1.m3.20737.m1                                         1.1341892 1.1192521 1.1385143 1.1648804 1.1432434 1.2691327 1.0818655 1.0778652 1.0827211 0.5091823 0.5664272 0.7167099 0.6323822 0.6097297 0.2331596 0.2520039 0.0000000 0.3366028 0.3690829 0.3788753 0.3055227 0.2996024 0.5813595 0.6104703 0.5827745 0.6314104 0.6273204 0.7810081 0.6604520 0.6181582 0.5005472 0.5847882 0.6127639 0.6127639 0.5659381 0.6893395 0.5183440 0.5173537 0.5466907 0.8310956 0.9666926 0.9948433 1.3767823 1.3354071 1.2262836 0.9158361 1.2148063 1.3548014 0.8194774 0.6983911 0.6250817 0.6329439 1.0683070 0.9358438 1.1382983 1.3077884 1.2489066 0.9206289 0.9236609 0.9614354 0.9628984 0.9628984 0.9788395 0.9788395 1.2983305 1.5798200 1.4821622 1.3633416 1.4831609 1.4948898 1.4005678 1.4445995 2.2597707 1.4343072 1.4726998 1.4803521 1.2808123 1.2808123 1.2335146 1.2335146 1.3196033 1.1087779 1.2560604 1.3839122 1.4039962 1.4039962 1.2325008 1.2325008 1.4414980 1.5441629 1.5406082 1.4872108 1.4872108 1.2202889 1.3569600 1.0724289 1.1683335 4.0106837 0.7242080 2.5413074 
Amil_Amillepora26055-RA                                        1.2169453 1.2126692 1.2310023 1.0686323 1.1045391 1.1977979 1.1374212 1.2328159 1.2919243 0.4958474 0.5697156 0.6759528 0.6155865 0.6312638 0.2905235 0.2969878 0.3366028 0.0000000 0.3725414 0.3543416 0.4217799 0.2882819 0.5940498 0.5140778 0.6263880 0.6886955 0.6513466 0.8553826 0.7745219 0.7256079 0.5888767 0.6778298 0.6182388 0.5937395 0.6366396 0.8600093 0.6459799 0.6429275 0.6354147 0.1612396 0.9819519 1.2549436 1.1945517 1.3005862 1.1495222 0.8735281 1.2115828 1.3933381 0.8209954 0.7482316 0.8782939 0.8701724 1.0770795 0.9548192 1.1363252 1.4062813 1.4652092 1.0136841 1.0108135 1.0341217 1.0352770 1.0352770 1.1097063 1.1097063 1.3467784 1.2432697 1.5172229 1.7900074 1.4318773 1.5175275 1.3398249 1.4108711 2.0765661 1.4618080 1.5768322 1.6001641 1.2989793 1.2989793 1.2519816 1.2519816 1.3197347 1.2980687 1.2411246 1.2943003 1.3349754 1.3349754 1.3655412 1.3655412 1.3397297 1.4795491 1.4547172 1.3178054 1.3178054 1.3161283 1.3964704 1.2291462 1.2382988 4.5960926 0.8297340 2.7690894 
Exapal_XM_021038048.1                                          1.1431743 1.1303457 1.1461019 1.0935385 1.1497447 1.1442198 1.1558253 1.1524548 1.2001587 0.4011849 0.5183164 0.5690982 0.5859793 0.5878023 0.3699625 0.3772019 0.3690829 0.3725414 0.0000000 0.2596841 0.5047916 0.4382516 0.5808958 0.5560730 0.5838106 0.6866153 0.6494597 0.6316781 0.7157088 0.7120653 0.5626013 0.7116452 0.6054909 0.5942356 0.5677648 0.7704538 0.5827466 0.5838964 0.5870018 0.6499423 1.0247161 1.0266440 1.2998232 1.4352563 1.2907051 0.9134780 1.2081354 1.3640721 0.8246315 0.7804850 0.8057731 0.8291257 1.0606118 1.0154523 1.1100109 1.2964230 1.4454063 0.9781573 0.9633670 0.9792894 0.9804539 0.9804539 1.0680139 1.0680139 1.2528099 1.3217676 1.7002047 1.7523731 1.6194097 1.6155717 1.4414970 1.4382522 2.1674251 1.7545067 1.2767010 1.5347908 1.5070618 1.5070618 1.4652834 1.4652834 1.5445470 1.3968564 1.4633044 1.6232111 1.6603782 1.6603782 1.5599536 1.5599536 1.6134713 1.6150195 1.6118493 1.6491026 1.6491026 1.3986360 1.3993973 1.3850355 1.6174545 4.6889256 0.7590143 2.9261535 
Nvec_v1g161623                                                 1.2167603 1.1431846 1.1591471 1.2490361 1.2437498 1.2080438 1.2713844 1.3149035 1.2648015 0.4177165 0.4767628 0.5327525 0.5354422 0.5149734 0.3712892 0.3963024 0.3788753 0.3543416 0.2596841 0.0000000 0.5063486 0.3742269 0.5411337 0.5434583 0.5509791 0.6604882 0.5843459 0.8005783 0.6772588 0.6934604 0.5464974 0.6189753 0.5699526 0.5665712 0.5954661 0.7731391 0.5746100 0.5738768 0.5515094 0.6505444 1.0358717 1.0226174 1.2392101 1.4260128 1.1566645 0.9085649 1.0851515 1.2683080 0.7963616 0.8154798 0.7637885 0.7768375 1.1448721 1.1127688 1.1408239 1.5020039 1.4632926 1.0636445 1.0698956 1.0852825 1.0862598 1.0862598 1.1814900 1.1814900 1.4039283 1.2316767 1.7250914 1.7733042 1.4795859 1.5428801 1.4263790 1.5097312 2.1238260 1.7545135 1.3834762 1.7709637 1.5416235 1.5416235 1.5809150 1.5809150 1.6089403 1.5510306 1.4668529 1.5614115 1.5567501 1.5567501 1.5197027 1.5197027 1.5230455 1.7103107 1.7068931 1.5550951 1.5550951 1.3304647 1.5034731 1.2828958 1.0658652 4.8592711 0.9141721 2.8709765 
Fspp_ffun1.m4.19715.m1                                         1.6172252 1.5808577 1.5808577 1.4841077 1.4633880 1.2805408 1.5241267 1.5233289 1.6122912 0.4915400 0.7938809 0.7998427 0.7653216 0.7195639 0.3202453 0.3629860 0.3055227 0.4217799 0.5047916 0.5063486 0.0000000 0.3249577 0.7448216 0.7257510 0.6771458 0.8044267 0.7923290 0.6808919 0.8899304 0.8928442 0.6937779 0.8833527 0.7767955 0.7701833 0.7581067 0.8099197 0.7463569 0.7252283 0.7237624 0.7874458 1.1808986 1.2688012 1.4688580 1.6489198 1.5852245 1.4325389 1.5174802 1.6648365 0.9940143 1.0608280 1.0035128 1.0221639 1.3665225 1.2071971 1.5346396 1.4888043 1.7096622 1.2973198 1.3237521 1.3517897 1.3524954 1.3524954 1.4132381 1.4132381 1.7465854 1.5548942 1.9704363 1.8191626 1.9010009 1.8801976 1.7599874 1.7416635 2.0677490 1.5656303 1.4538681 1.9423215 1.7714101 1.7714101 1.7386403 1.7386403 1.8165062 1.9141760 1.6745041 1.8611136 1.8639994 1.8639994 1.9627297 1.9627297 1.8112537 2.0325956 2.0000437 1.7156332 1.7156332 1.7991442 1.8982548 1.6234642 3.6996025 5.3103065 0.9872951 3.2618157 
Gfas_gfas1.m1.3962.m1                                          1.3525510 1.2966461 1.3160966 1.2370662 1.2008686 1.1577830 1.1468915 1.2524773 1.3268025 0.4847789 0.6578748 0.7124582 0.5797865 0.6423299 0.2950896 0.3227234 0.2996024 0.2882819 0.4382516 0.3742269 0.3249577 0.0000000 0.6199344 0.5968576 0.6406183 0.6711647 0.6838282 0.7210100 0.7391383 0.7024396 0.6225137 0.6536874 0.6669384 0.6603891 0.7043019 0.7769430 0.6488141 0.6528403 0.6697320 0.5960748 1.0951560 1.0349355 1.0690311 1.5361194 1.2282700 1.2427004 1.3000766 1.4140200 0.8851790 0.9892377 0.9174041 0.9167024 1.0413671 0.9209203 1.1319084 1.4483612 1.4979125 1.0351603 1.0498554 1.0968335 1.0978486 1.0978486 1.1434687 1.1434687 1.4110264 1.1161827 1.5469904 1.7439296 1.5476271 1.5305466 1.3903488 1.4942527 1.9542069 1.3462176 1.3509752 1.7295804 1.6127159 1.6127159 1.5844048 1.5844048 1.6514008 1.6825420 1.5163415 1.6183282 1.6453212 1.6453212 1.7812717 1.7812717 1.6433182 1.7387965 1.7108928 1.5407578 1.5407578 1.4901194 1.6826360 1.4634279 2.2241061 5.0769305 1.2247488 2.8796448 
Bralan_BLAG13000232_1                                          1.1626474 1.0845923 1.0992423 1.1008579 1.0509482 0.9450763 1.0777068 1.0726376 1.1709081 0.4571054 0.5173060 0.4962378 0.4332944 0.5326508 0.5978617 0.6017731 0.5813595 0.5940498 0.5808958 0.5411337 0.7448216 0.6199344 0.0000000 0.4552742 0.4543767 0.5204995 0.5403449 0.8336744 0.7306755 0.7466491 0.6795371 0.7689314 0.8259629 0.8077631 0.7308589 0.9290030 0.7448578 0.7538033 0.4793428 0.9337723 0.9307811 0.9082219 1.1507883 1.3799871 1.2564081 1.0059029 1.1415390 1.3137697 0.7624340 0.7658236 0.6916520 0.7249694 1.1492311 1.1473383 1.2719455 1.5028645 1.5814315 1.0631971 1.0581637 1.0641590 1.0730183 1.0730183 1.1535293 1.1535293 1.3797770 1.0950220 1.8488690 1.7987678 1.6454873 1.8052484 1.5760316 1.6791289 2.5164879 2.0232473 1.2856937 1.5236223 1.5874353 1.5874353 1.5752659 1.5752659 1.6148545 1.6932927 1.6131363 1.5545305 1.5489562 1.5489562 1.5469233 1.5469233 1.6287880 1.7490013 1.7380921 1.8342412 1.8342412 1.5146621 1.6004922 1.4020611 1.3645152 5.0060257 0.5693545 2.8531857 
Skow_XM_006825556.1                                            1.0847656 1.0648733 1.0798772 1.0570146 1.0398521 0.9798279 1.0627791 1.0817918 1.2753699 0.4789302 0.5583602 0.5005276 0.4057943 0.4655319 0.5825597 0.5897012 0.6104703 0.5140778 0.5560730 0.5434583 0.7257510 0.5968576 0.4552742 0.0000000 0.5482613 0.5604978 0.5221475 0.6972630 0.8399351 0.7921960 0.7039737 0.7921035 0.7613425 0.7399769 0.6976173 0.9686568 0.7283060 0.7373968 0.5581542 0.8971516 1.0251511 1.3363406 1.3573944 1.5160986 1.2765649 1.0496380 1.2328871 1.3879544 0.7886429 0.7353497 0.7231719 0.7391507 1.2571805 1.1607415 1.3168766 1.5672695 1.7081239 0.9470329 0.9633014 1.0270533 1.0359442 1.0359442 1.0919523 1.0919523 1.3495160 1.1737929 1.8826808 1.9695361 1.7239902 1.6432709 1.5763526 1.6776006 2.4691802 2.0518642 1.4911822 1.6747219 1.4631563 1.4631563 1.4060518 1.4060518 1.5363730 1.4648548 1.3505401 1.4193813 1.4791311 1.4791311 1.4034911 1.4034911 1.4906600 1.4901151 1.5070225 1.5882117 1.5882117 1.3796968 1.5543233 1.3144480 1.0913689 5.6718066 0.6332438 2.9352752 
Hsap_ENST00000357332                                           1.0660538 1.0074578 1.0215984 1.0347402 1.0541043 0.8856083 1.0741126 1.1289432 1.1596722 0.4377744 0.5998177 0.5369533 0.5396683 0.5386582 0.5961865 0.6219162 0.5827745 0.6263880 0.5838106 0.5509791 0.6771458 0.6406183 0.4543767 0.5482613 0.0000000 0.6341605 0.5834892 0.8199523 0.7300611 0.7408220 0.6482435 0.7674180 0.7924205 0.8002448 0.6542696 0.9181133 0.6585173 0.6722916 0.5926883 0.9998084 0.9190026 0.9921758 1.0939294 1.3756654 1.3089568 0.9404815 1.1423775 1.2477510 0.8316010 0.8153951 0.6829857 0.7252065 1.3039254 1.1010768 1.2445955 1.4703001 1.5390852 0.9900934 0.9992083 1.0336856 1.0427137 1.0427137 1.0763506 1.0763506 1.2661020 1.0128638 1.6334702 2.0189133 1.6084404 1.6851039 1.4512507 1.5166940 2.3261011 1.8655955 1.3299061 1.4933155 1.5396087 1.5396087 1.4964422 1.4964422 1.5916216 1.6613219 1.4292054 1.5137609 1.5113378 1.5113378 1.5411326 1.5411326 1.6618474 1.6668287 1.6858918 1.6987573 1.6987573 1.4948530 1.5896155 1.4555044 1.1201996 5.0402216 0.7297668 2.8191932 
Dpul_mRNA18493                                                 1.2702857 1.2514795 1.2685197 1.2348494 1.2140533 1.0260218 1.2202009 1.1084548 1.2937832 0.4362948 0.5955073 0.6035042 0.5575771 0.5141683 0.6587112 0.6426847 0.6314104 0.6886955 0.6866153 0.6604882 0.8044267 0.6711647 0.5204995 0.5604978 0.6341605 0.0000000 0.6858684 0.8877338 0.7669217 0.7561809 0.6947224 0.8147788 0.8351694 0.8244238 0.8337960 1.1753835 0.8138395 0.8123591 0.5324406 1.1315701 1.0320541 1.2007507 1.1839195 1.6351513 1.4449098 1.0667237 1.2392243 1.3638205 0.8948298 0.8491906 0.7768537 0.8456171 1.2197753 1.0752637 1.2159001 1.4594743 1.5776247 0.9619771 0.9774793 1.0043523 1.0129726 1.0129726 1.0867782 1.0867782 1.2555852 1.5428388 1.8716116 2.0258572 1.6160174 1.5854301 1.6133284 1.5922358 2.3035796 1.9327971 1.4042905 1.6892017 1.4147746 1.4147746 1.4151730 1.4151730 1.4449681 1.4211366 1.3653979 1.4500962 1.4502697 1.4502697 1.4453756 1.4453756 1.3755106 1.5704508 1.5606455 1.6352324 1.6352324 1.4177739 1.5757522 1.3579995 1.2390831 5.1580977 0.7816738 2.9778807 
Spur_XM_791801.4                                               1.2270000 1.1829419 1.1992076 1.1124333 1.1920980 0.9650148 1.1934861 1.1278848 1.2673599 0.4993055 0.6712562 0.6251762 0.5056980 0.6151375 0.6488411 0.6763861 0.6273204 0.6513466 0.6494597 0.5843459 0.7923290 0.6838282 0.5403449 0.5221475 0.5834892 0.6858684 0.0000000 0.8473179 0.8837048 0.8376202 0.7511635 0.8664343 0.8598518 0.8170644 0.8237927 1.0690825 0.7907011 0.7903802 0.8019017 0.9925629 1.1405185 0.9589949 1.0769899 1.6236358 1.4048815 1.1647055 1.3419752 1.4880497 1.0115530 1.1894484 0.7911702 0.8112895 1.1948614 1.1630205 1.2829968 1.6210381 1.5842441 1.0592275 1.0535517 1.0841822 1.0932904 1.0932904 1.1842927 1.1842927 1.4547542 1.2881197 1.9910529 1.8910705 2.0133112 1.9277836 1.6639361 1.7675334 2.4568508 1.8460111 1.3467966 1.7933272 1.6969306 1.6969306 1.7019009 1.7019009 1.7322957 1.8576039 1.7087219 1.8284926 1.7991902 1.7991902 2.0250841 2.0250841 1.7986366 1.8935382 1.9148132 1.9555342 1.9555342 1.7642626 1.9346170 1.6183852 1.3250489 5.5535350 0.7676455 2.8168721 
Morvir_scaffold85.g82.t1                                       1.1998069 1.1151133 1.1151133 1.2878753 1.0845554 1.0845554 1.1304250 1.1570881 1.3980977 0.5029001 0.8646434 0.9365338 0.6895574 0.5709019 0.7230301 0.7594923 0.7810081 0.8553826 0.6316781 0.8005783 0.6808919 0.7210100 0.8336744 0.6972630 0.8199523 0.8877338 0.8473179 0.0000000 0.6069852 0.6483884 0.5659110 0.5063256 0.6993069 0.6993069 0.6723225 0.8500941 0.7363297 0.7330508 0.0000010 1.3078933 0.8778312 1.4650163 1.3074025 1.3926848 1.0301555 1.1092414 1.0016583 1.2392102 1.0956067 0.0000010 0.0000010 2.0875365 1.1562800 1.1225564 0.8267555 1.1774338 1.2557656 0.8373387 0.8661086 0.9779369 0.9779369 0.9779369 0.9813095 0.9813095 1.4431323 0.9375553 1.3394739 1.2928801 1.6681161 1.5192112 1.6644294 1.8873905 1.8873905 1.5837994 0.8492742 1.0304416 1.6185343 1.6185343 1.2342608 1.2342608 1.5075204 0.0000010 1.3226061 1.5005893 1.6998527 1.6998527 9.0000000 9.0000000 2.1143477 1.6412690 1.7281966 1.5697853 1.5697853 1.2093473 1.5412801 1.3747341 0.0000010 3.9041738 0.0000010 3.2003892 
Nemnom_g12722.t1                                               1.2205100 1.1892766 1.2057687 1.3434061 1.2657100 1.1173909 1.3016941 1.3061716 1.2680559 0.5326490 0.8138816 0.8580866 0.8144759 0.7763580 0.7656210 0.7540510 0.6604520 0.7745219 0.7157088 0.6772588 0.8899304 0.7391383 0.7306755 0.8399351 0.7300611 0.7669217 0.8837048 0.6069852 0.0000000 0.0856919 0.3814424 0.5983960 0.6361740 0.6160867 0.7159093 0.8719289 0.7747362 0.7712193 0.8982133 1.2388207 1.1402089 0.9376127 1.1431760 1.6587933 1.3311590 1.0587749 1.3461172 1.4821103 0.9753927 1.0769823 0.9913622 1.0437163 1.4009828 1.3342488 1.2486892 1.5325041 1.3797638 1.1032987 1.1301687 1.1954739 1.2016658 1.2016658 1.2516845 1.2516845 1.4338275 1.2299961 1.7330420 1.7343340 1.5464307 1.6396843 1.4194423 1.5362234 2.1824532 1.8649900 1.1245307 1.5018791 1.5002427 1.5002427 1.4666864 1.4666864 1.5799847 1.5712050 1.4579653 1.5337511 1.5682401 1.5682401 1.4773880 1.4773880 1.6296914 1.6515624 1.6776411 1.7049668 1.7049668 1.5909456 1.6229439 1.4645885 0.9753171 4.7827634 1.1340798 3.0106960 
Rhoesc_Res_016718-T1                                           1.2367243 1.1752032 1.1916397 1.3340339 1.1564836 1.0574458 1.2523594 1.2988439 1.2770586 0.5441323 0.8230740 0.8552229 0.8012136 0.7869765 0.7324827 0.7322636 0.6181582 0.7256079 0.7120653 0.6934604 0.8928442 0.7024396 0.7466491 0.7921960 0.7408220 0.7561809 0.8376202 0.6483884 0.0856919 0.0000000 0.3972016 0.6247432 0.6426397 0.6223423 0.6808949 0.8713597 0.7129335 0.7230453 0.8459383 1.1597257 1.1619898 1.0237488 1.1964922 1.6500759 1.3381733 1.0353281 1.4258294 1.5133675 0.9818143 1.0896266 0.9635639 1.0138087 1.3968554 1.2957177 1.1650682 1.4393396 1.3233248 1.0572314 1.0838124 1.1488054 1.1548848 1.1548848 1.2057173 1.2057173 1.3868215 1.3722249 1.6768912 1.8500602 1.5479560 1.5795364 1.4026070 1.4723126 2.1444990 1.8500073 1.1463306 1.4467472 1.4334204 1.4334204 1.4103545 1.4103545 1.5184479 1.5300092 1.4236150 1.5270507 1.5548618 1.5548618 1.5040755 1.5040755 1.5839557 1.6638619 1.6606780 1.7048720 1.7048720 1.5371478 1.6021997 1.3888627 0.9632943 4.8168202 1.0183293 2.9640687 
Sanmal_Sma_011801-T1                                           1.1428209 1.1304327 1.1460096 1.2329314 1.1241630 1.0759789 1.1744659 1.1184629 1.2735746 0.4653864 0.6986541 0.7011203 0.6381832 0.6586135 0.5618137 0.5664133 0.5005472 0.5888767 0.5626013 0.5464974 0.6937779 0.6225137 0.6795371 0.7039737 0.6482435 0.6947224 0.7511635 0.5659110 0.3814424 0.3972016 0.0000000 0.5396973 0.5391586 0.5328582 0.6247338 0.7754561 0.6346261 0.6412294 0.7519451 1.0325691 0.9931582 0.9667381 1.3128209 1.4499022 1.2424231 0.9678969 1.1555987 1.3369055 0.8701927 0.9326932 0.8738927 0.8659111 1.1262674 1.1079069 1.1559892 1.2969906 1.3809888 0.9934174 1.0030111 1.0275015 1.0325773 1.0325773 1.1090377 1.1090377 1.3017192 1.1680335 1.6708350 1.6411740 1.4133051 1.3857400 1.3989293 1.4286101 2.0503990 1.6827804 1.1550194 1.3894927 1.3943180 1.3943180 1.3800033 1.3800033 1.4448704 1.3497386 1.4101077 1.5015593 1.4889326 1.4889326 1.4117844 1.4117844 1.5215910 1.5937552 1.6193734 1.5048202 1.5048202 1.3678751 1.5311722 1.3202341 0.9558702 5.1547813 0.8708451 2.8577701 
Hvul_g18149_1                                                  1.3268897 1.2708187 1.2883993 1.3381174 1.2010052 0.8593953 1.3650439 1.3187854 1.2527850 0.6427440 0.8055606 0.8058053 0.7847215 0.8241847 0.7065392 0.7089816 0.5847882 0.6778298 0.7116452 0.6189753 0.8833527 0.6536874 0.7689314 0.7921035 0.7674180 0.8147788 0.8664343 0.5063256 0.5983960 0.6247432 0.5396973 0.0000000 0.4355785 0.4380049 0.7934075 0.9147320 0.8225646 0.8211293 0.8200511 1.1359591 1.0807436 0.8626406 1.2025755 1.6572689 1.2407872 1.0338172 1.2943686 1.3979595 1.0796554 1.1018646 0.8508423 0.8553666 1.2512669 1.2364812 1.1701869 1.4210724 1.5995962 1.1784791 1.1633110 1.1910323 1.1967327 1.1967327 1.3222074 1.3222074 1.4881974 1.1724338 1.7170132 1.8760380 1.6534895 1.6282018 1.4441057 1.5694440 2.2591680 1.7786044 1.1396698 1.5739338 1.6106131 1.6106131 1.6103203 1.6103203 1.6399588 1.5479856 1.5499351 1.5675201 1.5624327 1.5624327 1.4512677 1.4512677 1.5439814 1.6486494 1.6530358 1.8645471 1.8645471 1.4968406 1.7152399 1.4995447 1.0120398 4.7124841 1.0439258 2.9674050 
Chem_TCONS_00020350                                            1.4909522 1.4733274 1.4933801 1.3752594 1.4101442 1.5236821 1.4420803 1.3644593 1.3710608 0.5932268 0.8314533 0.8077759 0.7959136 0.8246904 0.6769774 0.6472275 0.6127639 0.6182388 0.6054909 0.5699526 0.7767955 0.6669384 0.8259629 0.7613425 0.7924205 0.8351694 0.8598518 0.6993069 0.6361740 0.6426397 0.5391586 0.4355785 0.0000000 0.0034466 0.7770913 0.9393650 0.7992706 0.8069211 0.7866428 1.0142103 1.1117241 1.1194303 1.4480250 1.6642695 1.2756893 1.0791914 1.3239071 1.4561098 1.0490797 1.0488627 0.8404472 0.8791003 1.1472924 1.2012978 1.1520135 1.2795836 1.4612228 1.1317322 1.1246757 1.1330405 1.1384430 1.1384430 1.1882736 1.1882736 1.4195703 1.5147379 1.5844500 1.6901453 1.5758776 1.5400681 1.4762269 1.5066994 2.1528173 1.8219615 1.3227582 1.5325260 1.5257323 1.5257323 1.5222755 1.5222755 1.6328765 1.5355413 1.5376274 1.5611850 1.5499700 1.5499700 1.5389468 1.5389468 1.5821381 1.6896243 1.6863675 1.6691449 1.6691449 1.5799400 1.6342420 1.5394415 0.8076506 5.0769718 0.9940954 2.8182886 
Chem_TCONS_00018771                                            1.4411436 1.4536887 1.4737005 1.3496921 1.4051984 1.5236821 1.3732202 1.3289592 1.3403145 0.5932268 0.8041872 0.7975062 0.7758229 0.7956176 0.6620281 0.6300022 0.6127639 0.5937395 0.5942356 0.5665712 0.7701833 0.6603891 0.8077631 0.7399769 0.8002448 0.8244238 0.8170644 0.6993069 0.6160867 0.6223423 0.5328582 0.4380049 0.0034466 0.0000000 0.7539789 0.9378165 0.7841645 0.7919454 0.7256091 1.0104723 1.0975736 1.1194303 1.4480250 1.5845544 1.2685486 1.0670016 1.2814918 1.4450193 1.0000725 0.9654128 0.7793086 0.8196700 1.0982563 1.1472943 1.0824349 1.2384648 1.3919494 1.1241259 1.1040148 1.1213573 1.1268142 1.1268142 1.1706825 1.1706825 1.3867349 1.5147379 1.5196533 1.6901453 1.5186586 1.4757111 1.4294135 1.4578623 2.1480146 1.8219615 1.3227582 1.5109901 1.4439145 1.4439145 1.4325174 1.4325174 1.5461699 1.4097625 1.4459694 1.4525951 1.4520007 1.4520007 1.3941284 1.3941284 1.4883186 1.6278915 1.6247847 1.6030312 1.6030312 1.5007222 1.5548802 1.4419273 0.7265954 4.9265552 0.9940954 2.8087807 
Dgig_XM_028545263.1                                            1.2367638 1.1898672 1.2063412 1.1975326 1.2672433 1.1858664 1.2462574 1.3003433 1.3766068 0.5125111 0.7277189 0.7268728 0.7507596 0.6766104 0.5675993 0.5666667 0.5659381 0.6366396 0.5677648 0.5954661 0.7581067 0.7043019 0.7308589 0.6976173 0.6542696 0.8337960 0.8237927 0.6723225 0.7159093 0.6808949 0.6247338 0.7934075 0.7770913 0.7539789 0.0000000 0.0955194 0.2660212 0.2688965 0.8436174 1.0403916 1.0777605 0.8865003 1.2390920 1.5608704 1.3993906 0.8858748 1.4893552 1.5808834 0.9895998 1.0514881 0.9194306 0.9305507 1.4151673 1.4282126 1.3484292 1.5864313 1.6082171 1.1031350 1.1326284 1.1617876 1.1712999 1.1712999 1.2789122 1.2789122 1.5073213 1.4392469 1.8636151 1.7591347 1.8918174 1.8730461 1.6687388 1.6852935 2.4974821 2.1918856 1.3150823 1.6423926 1.5985258 1.5985258 1.6207380 1.6207380 1.6802521 1.6797408 1.6297879 1.7910319 1.7520490 1.7520490 1.7308664 1.7308664 1.7741201 1.8288536 1.8251744 1.8132994 1.8132994 1.5998197 1.6491515 1.4560782 1.1655049 5.5710198 1.1846954 2.9946491 
Dgig_XM_028559960.1                                            1.6015594 1.5456754 1.5456754 1.5454112 1.6295777 1.5113771 1.6268240 1.5766806 1.7688232 0.5293971 0.9268995 0.9833396 1.0055423 1.0151446 0.7693267 0.7641402 0.6893395 0.8600093 0.7704538 0.7731391 0.8099197 0.7769430 0.9290030 0.9686568 0.9181133 1.1753835 1.0690825 0.8500941 0.8719289 0.8713597 0.7754561 0.9147320 0.9393650 0.9378165 0.0955194 0.0000000 0.3162443 0.3193561 1.3070367 1.3966576 1.6983630 0.7903685 1.3363098 2.5332990 2.0202150 1.6036434 2.2966648 2.3663937 1.3667379 1.7766811 1.4635572 1.4360622 2.2941300 2.1639112 2.0842021 2.4473097 2.3738886 2.0710658 2.1061051 2.2294377 2.2516922 2.2516922 2.2218299 2.2218299 3.0235088 1.7879672 2.9419667 2.1199356 3.0301848 3.1122495 2.4864193 2.6214199 2.3336288 2.2291185 1.6418401 2.3791749 2.4377706 2.4377706 2.6771541 2.6771541 2.4909506 2.9296443 2.4860182 2.8589840 2.5754475 2.5754475 3.0095699 3.0095699 2.6916166 2.7197961 2.7467949 2.4116723 2.4116723 2.4092918 2.6037176 2.3270473 8.9999982 6.4733184 2.7624587 4.5245468 
Xesp_001229-T1                                                 1.2588647 1.2124832 1.2292714 1.3157095 1.3021563 1.2125846 1.2776282 1.3606431 1.3545877 0.5554319 0.7906866 0.8306772 0.7720730 0.7568610 0.5580621 0.5486391 0.5183440 0.6459799 0.5827466 0.5746100 0.7463569 0.6488141 0.7448578 0.7283060 0.6585173 0.8138395 0.7907011 0.7363297 0.7747362 0.7129335 0.6346261 0.8225646 0.7992706 0.7841645 0.2660212 0.3162443 0.0000000 0.0102730 0.8201748 1.0596824 1.1271642 0.8370775 1.3126416 1.6297627 1.3590464 1.0333480 1.4598047 1.6121494 1.0893350 1.1949840 0.9009959 0.9193487 1.4246424 1.3391656 1.3308458 1.6140794 1.6273879 1.1442084 1.1624699 1.1958879 1.2053770 1.2053770 1.2776214 1.2776214 1.5889828 1.4976205 1.8413614 1.8065917 1.8154368 1.8525748 1.5871456 1.6896510 2.4619010 2.1012861 1.3270909 1.6041216 1.5673196 1.5673196 1.6030587 1.6030587 1.6310715 1.6194392 1.5421837 1.6551010 1.6144644 1.6144644 1.5933435 1.5933435 1.7430464 1.7193516 1.7160037 1.7089377 1.7089377 1.5943841 1.7121441 1.4456755 1.4009234 5.6670823 1.1137807 2.8730625 
