174
Adig_XM_015910353.1                                   0.0000000 0.0187203 0.0243026 0.4896986 0.5688146 0.6745291 0.6601101 0.9230993 0.8659570 0.8296948 0.7778069 0.8288390 0.5561621 0.9267254 0.9496228 0.9588709 0.6541482 1.0822229 1.2161841 1.0882294 1.4067737 1.3076732 1.3429048 1.5342004 1.3549099 1.2435564 1.3669033 1.3173478 1.3135825 1.5535604 2.1710750 1.5217808 1.5921482 1.3802773 1.5193427 1.2925915 1.7483875 1.0854275 1.8233544 1.9867333 1.9231274 1.6853767 1.3953867 1.3837312 1.4462782 1.5073946 1.4579822 1.4774436 1.9794916 1.6695743 1.7735587 1.3996391 1.5873457 1.5624281 1.5573734 1.5051097 1.4505674 1.5009802 1.5553303 1.5248450 1.5903799 1.6072052 1.9521363 1.5372781 1.3889421 1.7046927 1.8878421 3.3627267 1.5767003 1.6260575 1.7121260 1.6885926 1.2293012 1.2293012 1.6817224 1.7076637 1.8077482 1.9268718 1.5631401 1.4556595 1.7454729 1.5852694 1.1465611 1.4466436 1.5725732 1.6735401 1.6304761 1.5539847 1.4841951 1.4827518 1.4479211 1.7140819 2.2441197 2.0495275 2.3323209 2.0607125 2.0410903 2.0760010 1.9512826 1.9512826 2.0745967 2.0381297 2.0117140 2.2098185 2.1286580 2.0918093 2.0863605 2.1157561 2.7365810 2.1254267 2.1574006 2.1251950 2.0499577 1.9432128 2.0287493 1.9269110 2.0329311 1.9534887 2.1157036 2.3782394 2.3732338 1.9180410 2.2007309 2.6575745 2.2447970 2.5980075 1.5415272 1.9675128 2.0087581 2.1487031 1.9805848 2.0878052 2.4166787 2.4812826 2.3228542 2.4940183 2.2943709 2.2739395 2.1432668 2.4499981 2.2752999 2.2533485 2.3384456 2.4612727 2.4425782 2.6350990 2.5256739 2.1994500 2.3235252 2.5882069 2.2141568 2.5779213 2.8539767 2.3565624 2.1587829 2.4606879 1.7448243 1.9196308 2.1540661 3.8901737 3.5217078 2.7842375 2.7011464 2.5486308 2.7892741 2.1311610 2.1300889 2.0822603 2.8066572 2.8842126 2.9245985 3.9303041 2.9777995 3.0894128 
Adig_XM_015924211.1                                   0.0187203 0.0000000 0.0235755 0.5007714 0.4897061 0.6243393 0.5847872 0.8492432 0.8328808 0.7884457 0.7318995 0.8128110 0.3873551 0.8515922 0.8766778 0.8636532 2.3375913 0.9061716 0.9541364 1.0849205 1.0843181 1.0313647 1.0803221 1.1669791 1.1380493 1.2759166 1.2557293 1.1905939 1.1445737 1.4011700 0.0000010 1.4901111 1.4296552 2.8167081 1.4302147 1.4157740 1.3335756 1.0940050 1.6382258 1.9884371 1.9378961 1.7855637 1.1559134 1.1948848 1.0309783 1.4315541 1.3042753 1.0788498 0.0000010 1.7181426 1.5540808 1.2802579 1.2881764 1.2939967 1.3197649 1.3208074 1.2699321 1.2695090 1.1928571 1.1663922 1.4605770 1.5325570 4.3952472 1.5518055 1.2679133 1.3450243 1.8520473 0.0000010 1.3468785 0.0000010 1.3633104 1.6120369 1.2350514 1.2350514 1.3871235 1.4563123 1.8554532 0.0000010 0.0000010 1.2346021 3.2653658 1.4336350 1.1465611 1.3626681 1.2292946 1.3853627 1.5959467 1.7669856 1.4401640 1.4509128 1.4196493 1.6736964 2.3223508 2.0282006 2.0090604 1.7355718 1.9398288 1.6436372 1.8552799 1.8552799 1.8735429 1.8729668 1.8989974 2.3460949 1.7903131 1.7979734 1.9445127 1.8567534 0.0000010 1.7610725 1.7072130 2.0771487 1.7960981 1.8644202 1.8081526 1.6684930 1.7441345 1.5771120 1.8180942 1.9292433 1.9730318 1.8576000 1.7895563 0.0000010 2.1440762 1.9300013 1.5686142 1.7546037 1.6585650 1.8616795 1.8492944 1.9575120 2.3765037 2.1380750 2.1027409 2.5733082 2.1514981 2.0643276 2.0318139 2.1259653 2.0257387 1.7520337 1.7993056 1.9819761 2.0124865 2.1975683 2.1968242 1.7574611 1.9362630 2.2814621 1.9237840 1.6524895 2.0524487 2.2495422 1.6312728 2.0624544 1.5575084 1.3191774 1.7893831 3.7720453 1.9335744 2.4430222 2.0503302 2.4508271 2.8574370 1.7628736 1.9733759 1.9733759 2.5059079 2.6033028 2.6033028 3.3950552 4.0193431 4.0193431 
Amil_Amillepora06085-RA                               0.0243026 0.0235755 0.0000000 0.5027522 0.5868202 0.6783227 0.6735750 0.9166541 0.8659481 0.8474324 0.7880655 0.8389101 0.5553866 0.9334374 0.9572147 0.9568153 0.6390203 1.1050526 1.2232626 1.1128620 1.4415172 1.3331669 1.3678073 1.5554098 1.3781490 1.3278440 1.3912104 1.3464983 1.3327848 1.5794684 2.1988374 1.5337120 1.6067994 1.3047052 1.5036276 1.2968719 1.7516422 1.1018741 1.8606354 2.0073065 1.9519499 1.7352286 1.4074770 1.4107308 1.4864579 1.5687388 1.4979284 1.4906104 2.0340012 1.6581158 1.7968124 1.4123214 1.5945386 1.5674258 1.5623878 1.5096233 1.4677303 1.5184650 1.5942840 1.5510146 1.6270263 1.6316344 1.9521363 1.5153107 1.4032411 1.7062710 1.9312883 3.3019860 1.5721092 1.6723633 1.7650163 1.6701015 1.2765520 1.2765520 1.7070326 1.7311550 1.8257227 1.9554067 1.6708163 1.4450405 1.7711163 1.5467009 1.1721358 1.4529963 1.5999092 1.6969651 1.6587649 1.5364597 1.4912263 1.5045195 1.4301206 1.7541686 2.2215671 2.0435337 2.3338124 2.0504522 2.0177952 2.0824699 1.9669790 1.9669790 2.0726634 2.0357153 2.0142315 2.2098094 2.1317591 2.1201081 2.0925446 2.1243492 2.7025338 2.1788790 2.2003346 2.1000499 2.0295038 1.9190212 2.0496356 1.8991122 2.0099224 1.9195485 2.1378014 2.3485986 2.3541543 1.8974328 2.1737905 2.6588969 2.2203766 2.5732990 1.5315249 1.9605603 1.9662576 2.1091842 1.9280220 2.1009485 2.4720833 2.4363296 2.2981029 2.4665047 2.3119451 2.2425123 2.1042745 2.4334865 2.3015151 2.2572026 2.3315967 2.4261608 2.4325333 2.6348338 2.4919518 2.2134744 2.3034971 2.5998853 2.1561579 2.5791780 2.8231348 2.3320343 2.1781980 2.4155167 1.6942463 1.9072008 2.1574798 3.8112031 3.4658150 2.7270989 2.6621551 2.5273568 2.7495327 2.0986532 2.1152118 2.0677273 2.7713781 2.8261120 2.8640336 3.8823479 3.0349779 3.1509956 
Gasp_gasp1.m3.19960.m1                                0.4896986 0.5007714 0.5027522 0.0000000 0.1610876 0.3003625 0.2881349 0.5410348 0.5391924 0.6002027 0.4719657 0.4869019 0.4046172 0.5457058 0.5585908 0.5300236 1.5969403 0.6977718 0.8206157 0.7633338 0.8403916 0.8985768 0.8862348 1.0396787 0.9461481 1.2288334 0.8907101 0.9213698 0.8910880 1.0983186 0.0000010 1.3178560 1.2306721 0.9669595 1.0204951 1.0120278 1.3240797 1.1198689 1.1935293 1.3380832 1.2741434 1.1858965 0.9178913 0.9481232 0.8830321 1.0439821 0.9974250 1.0136743 1.0142310 1.4390860 1.3266572 0.9356688 0.9827299 0.9882038 0.9823112 0.9829134 0.9936307 0.9841316 0.9409851 1.0153137 1.1507275 1.1990081 1.9523439 1.5758934 1.3619727 1.2286221 1.6476709 0.0000010 1.2240988 1.8905848 1.3244546 1.4544230 1.2808467 1.2808467 1.2367685 1.1815913 1.3083635 0.0000010 1.1724073 1.1403003 1.1128737 1.1424432 1.2646007 1.1444659 0.9568484 1.1361225 1.3025043 1.1951394 1.2419370 1.2518296 1.4160760 1.3480256 1.7332011 1.5993844 1.6800398 1.5739639 1.4361184 1.5417201 1.4449599 1.4449599 1.5069643 1.4867815 1.4999041 1.7861759 1.4566695 1.5568047 1.4896678 1.4890712 0.0000010 1.5355846 1.5818136 1.4981592 1.3318634 1.3734344 1.4185051 1.3997366 1.4256088 1.3962810 1.6207248 1.5837100 1.6204557 1.7326066 1.4160518 1.2020731 1.7775628 2.0586780 1.6116207 1.3433089 1.2377773 1.3811265 1.5328676 2.2137354 1.2858641 1.9156097 1.6472063 1.6515151 1.7197453 1.7632257 1.6440417 1.5415952 1.8041402 1.5432567 1.7305777 1.8283318 1.8359844 1.9249219 1.8980648 1.7761496 1.7205500 1.9724287 1.7120011 1.5835698 1.7983971 1.8148320 1.4969142 1.9291932 1.4147795 1.3367961 1.5742919 3.3647858 1.3123462 2.4962744 2.2839923 2.2657822 2.3492225 1.7308528 2.2478108 2.2478108 2.1424450 2.2949212 2.3899556 3.4621264 3.4230024 3.4230024 
Fspp_ffun1.m4.12628.m1                                0.5688146 0.4897061 0.5868202 0.1610876 0.0000000 0.2891578 0.2887639 0.6495968 0.6424374 0.6577275 0.5427385 0.6216373 0.4314490 0.6438539 0.6537881 0.6901933 0.3756959 0.8975625 0.9916820 0.9170492 1.1116076 1.0956574 1.1041836 1.3428017 1.0877089 1.3309450 1.0772702 1.0377502 1.0397103 1.2181795 1.6005803 1.2604314 1.3135260 0.9809099 1.0845717 1.0261966 1.4107815 1.0288363 1.3970040 1.5745670 1.4877277 1.3960198 1.0999266 1.1543963 1.1481973 1.2015941 1.0486113 1.1590266 1.3607250 1.6284401 1.4785044 1.1534179 1.1484632 1.1465962 1.1507852 1.1411565 1.1204555 1.1198717 1.3138414 1.2374982 1.3260661 1.3649621 1.7246445 1.6016021 1.3332956 1.4372224 1.5114860 1.9501571 1.3258251 1.7786643 1.4032913 1.4759073 1.1943164 1.1943164 1.3428321 1.3795101 1.5199296 1.5515224 1.4028343 1.1884408 1.3779048 1.3903412 1.2685198 1.2149353 1.1944740 1.4707265 1.4862967 1.1968757 1.4246067 1.1615137 1.3351289 1.4019351 1.9588798 1.7145338 1.9182723 1.7756867 1.8139878 1.6616916 1.7835072 1.7835072 1.7277060 1.7406887 1.7607426 1.9311604 1.8414769 1.8678079 1.7812950 1.8897064 1.9649327 1.7115233 1.7057339 1.7827927 1.6986473 1.6147904 1.6709123 1.6362303 1.6903009 1.5905353 1.8978900 1.9349898 1.9367127 1.8977286 1.7195735 1.9576460 1.8497681 2.2659361 1.6135398 1.6430551 1.6038561 1.7258149 1.7116584 2.2110558 1.7069507 2.1122858 1.8584951 1.9872818 2.0284311 1.9563673 1.7579598 1.7997887 1.8349006 1.8008273 2.0520922 2.1054484 2.1004608 2.2544496 2.0439188 1.9991726 1.9700498 2.2348504 2.1032941 2.0917920 2.0432596 2.0244031 1.8389915 1.9921995 1.4858213 1.5841324 1.9361891 3.3681790 2.0218935 2.6833950 2.5333632 2.4539439 2.5924751 1.7048914 1.3591920 1.4253662 2.4740416 2.7569601 2.8526807 4.0928241 2.7415887 2.7423762 
Spis_XP_022789669_1                                   0.6745291 0.6243393 0.6783227 0.3003625 0.2891578 0.0000000 0.1397012 0.7591751 0.7446337 0.7650188 0.6777527 0.7541912 0.6149266 0.8683944 0.8667101 0.8473430 0.4874441 1.0276494 1.0954663 0.9701859 1.2484413 1.2297634 1.2203657 1.4442603 1.2007642 1.2404404 1.1942983 1.1794231 1.2048280 1.3289533 2.2381410 1.2056709 1.3680917 0.9342333 1.2183243 0.9942741 1.5796010 0.9304384 1.6537274 1.7861485 1.7483800 1.4390407 1.2234504 1.2918601 1.3638317 1.2659863 1.2618103 1.3446930 1.7821805 1.4341393 1.7144483 1.1940032 1.3523352 1.3298703 1.3436931 1.2777669 1.2417922 1.3109742 1.5166220 1.4088182 1.4750434 1.4952138 1.8762724 1.5627976 1.2605952 1.7057838 1.6107013 3.6599697 1.5222560 1.8176134 1.6924262 1.5289954 1.3123096 1.3123096 1.5699916 1.6337315 1.5741060 1.8799331 1.6056321 1.3381339 1.3787754 1.4504145 1.2727808 1.2959391 1.3523910 1.5297978 1.5748716 1.3960112 1.4731481 1.3449718 1.4625887 1.6427818 2.0169780 1.7282573 2.0664383 2.0264616 2.0001817 1.9068279 1.7164199 1.7164199 1.8682528 1.8523301 1.7175577 2.0670465 1.8895825 1.8376650 1.8881798 1.8911185 2.7289721 1.8910725 1.8758375 1.8345642 1.8236129 1.7225478 1.7658119 1.7195459 1.7591760 1.7419349 1.9624343 2.0622177 2.0911427 1.7688878 1.9214997 2.5153807 1.9688742 2.4715648 1.7553004 1.8395575 1.5898881 1.7854552 1.6806409 2.0931901 1.8537614 2.2680725 1.9580673 2.1032622 2.0965258 2.1206842 1.7850466 2.0091694 1.8890802 2.0144258 2.2738636 2.2426014 2.2455773 2.3992187 2.3018458 2.3096737 2.1180763 2.4466864 2.0601917 2.3712163 2.4186604 1.9853233 1.9741901 2.1745366 1.4285316 1.8506349 2.1010065 3.7571792 3.1662280 2.7014267 2.6847293 2.4542580 2.6245931 1.8092317 2.0841962 1.9868419 2.8190791 3.0189223 3.1005744 4.0008948 2.8131337 2.9351930 
Pocdam_XM_027184095.1                                 0.6601101 0.5847872 0.6735750 0.2881349 0.2887639 0.1397012 0.0000000 0.7873039 0.7673728 0.7949965 0.7158476 0.7765726 0.6217533 0.8988284 0.8990143 0.8952979 0.5165654 1.0227487 1.0875878 0.9738738 1.2811094 1.2607589 1.2641321 1.4994576 1.2298842 1.2235857 1.2178644 1.1745392 1.1903987 1.3386242 2.1267648 1.2740469 1.4546940 1.0187545 1.3214782 1.0781869 1.6439619 0.9808019 1.6675620 1.8483205 1.8021481 1.4864114 1.2440229 1.3284232 1.3434155 1.3518596 1.2705601 1.4096383 1.8858014 1.5242108 1.7487664 1.2259841 1.3479830 1.3338886 1.3365575 1.2807274 1.2529516 1.3037820 1.5387598 1.4204324 1.4984558 1.5157050 1.8847507 1.8306214 1.3364417 1.7139579 1.6251598 3.2533794 1.5099447 1.8264901 1.7455603 1.6109564 1.2832945 1.2832945 1.6040498 1.6752817 1.6620434 1.8765918 1.5370774 1.3619207 1.4080439 1.4942012 1.2244965 1.3713739 1.4145145 1.5664421 1.6436099 1.4120259 1.5194553 1.3246002 1.5086815 1.6307845 2.0433443 1.7600797 2.1933276 2.0218551 1.9896025 1.9516976 1.6884682 1.6884682 1.8714820 1.8524361 1.6886303 2.0595495 1.9151109 1.8030967 1.8758851 1.8830611 2.7446777 1.8792185 1.8908220 1.8692405 1.8242651 1.7088180 1.7556559 1.7362112 1.7859910 1.7223601 1.9623371 2.0711481 2.1010684 1.8593605 1.8795105 2.3594929 1.9843296 2.5125303 1.8482519 1.8531119 1.5728398 1.7915288 1.6998320 2.0106057 1.9340830 2.2665296 1.9212708 2.0471551 2.1038722 2.1777799 1.7974467 1.9941409 1.8802201 1.9879063 2.2271197 2.1798732 2.2659929 2.4666119 2.3627175 2.3146374 2.1799215 2.4962387 2.0303793 2.3679742 2.3985265 2.0528829 1.9990265 2.1367497 1.5150113 1.8770972 2.2045730 3.8370818 2.9399669 2.8018201 2.7408918 2.5029420 2.7159530 1.8328905 2.0749976 2.0159740 2.7474404 2.9634957 3.0130042 4.0371191 2.7657887 2.9118008 
Spis_XP_022789631_1                                   0.9230993 0.8492432 0.9166541 0.5410348 0.6495968 0.7591751 0.7873039 0.0000000 0.1100647 0.3271362 0.3074066 0.3722569 0.8382899 0.5164849 0.5261341 0.5118453 0.8265597 0.9340368 1.0696784 0.7935759 1.2781844 1.3240503 1.3047471 1.5092250 1.3459197 1.5119044 1.3336613 1.3218396 1.2979957 1.3760556 2.2396913 1.2198649 1.4814032 1.1172541 1.3273588 1.0389522 1.5996807 1.0063135 1.7080468 1.8452210 1.7888798 1.5313906 1.3259767 1.3184022 1.2959168 1.1836121 1.1816504 1.2738395 1.7975140 1.5644955 1.7806369 1.1784765 1.3797864 1.3415202 1.3672663 1.3139260 1.2974466 1.3729986 1.4497837 1.3102700 1.4206987 1.4558832 1.9093227 1.4149148 1.3037985 1.5942866 1.5722903 2.8974245 1.5128291 1.4995048 1.6682284 1.5181847 1.1641357 1.1641357 1.5417222 1.6718504 1.5530490 1.4823193 1.6306805 1.2495797 1.5470925 1.2788499 1.1353356 1.4180117 1.5302865 1.6199459 1.5079185 1.3602992 1.3764752 1.3558685 1.4498747 1.5512933 1.8637643 1.7778497 2.0932368 1.9152319 2.0181863 1.8799778 1.8719922 1.8719922 1.9132824 1.8931463 1.9049677 2.0896233 2.0276950 1.8989968 1.8798002 1.9969914 2.3425030 2.0862337 2.1389336 1.9368660 1.8735936 1.8731006 1.8700732 1.8869524 1.9749600 1.9420313 2.1429878 2.1879499 2.1601012 1.8863559 1.9472894 2.4133650 2.1938611 2.4500954 1.7148079 1.8744824 1.8151881 1.9413844 1.7292419 2.5193226 1.9512480 2.3179436 2.1079318 2.2921918 2.1432942 2.0568113 1.8918322 2.2147026 2.0410777 2.1058963 2.0982584 2.1725463 2.3892930 2.4726941 2.3428712 2.1987545 2.1386067 2.2462719 2.1764027 2.5850786 2.5769746 2.0449511 2.2459394 2.1779689 1.5975646 2.0357655 2.3621011 3.5977160 2.8877481 2.7484544 2.6060830 2.4732353 2.5826712 1.6545533 2.0010705 2.0195474 2.8274316 2.8865728 3.0253280 3.9776514 2.9343742 2.9572417 
Pocdam_XM_027184048.1                                 0.8659570 0.8328808 0.8659481 0.5391924 0.6424374 0.7446337 0.7673728 0.1100647 0.0000000 0.3248869 0.2943671 0.3703185 0.7970365 0.5091272 0.5192475 0.4986107 0.8402269 0.9384215 1.0863229 0.7853028 1.3027840 1.3547856 1.3299593 1.4899110 1.3228087 1.5306483 1.2971485 1.2862117 1.2683234 1.3058175 2.1058070 1.2170653 1.4276505 1.1114115 1.3472830 1.0450507 1.5999660 1.0013438 1.7050076 1.8027936 1.7455336 1.4796774 1.3476367 1.3110929 1.3082691 1.2666317 1.1784576 1.2808863 1.8540697 1.6150595 1.8405326 1.1509657 1.3475543 1.3137890 1.3418459 1.2942590 1.2628283 1.3344819 1.4727981 1.2740185 1.4091297 1.5026695 1.8817797 1.2813013 1.2864075 1.5396318 1.6155607 2.7290709 1.4517634 1.4763968 1.6264357 1.4901906 1.2211639 1.2211639 1.4829896 1.6215392 1.5170806 1.4326737 1.6470105 1.2680644 1.4236584 1.2551165 1.0884207 1.3924847 1.4564966 1.6286115 1.5221029 1.3389748 1.4127739 1.3140503 1.4282542 1.5467250 1.8269881 1.8744053 2.1308985 1.9093953 2.0273415 1.8926543 1.8349327 1.8349327 1.8780614 1.8813409 1.8474238 2.0843163 2.0584913 1.8797243 1.8756353 1.9790255 2.4417450 2.0014233 2.0690413 1.9326369 1.8777164 1.8802179 1.8539300 1.8153322 1.9111798 1.9104448 2.0783306 2.1863654 2.1426131 1.8827250 1.9279316 2.3123295 2.1973356 2.4450977 1.6835783 1.8854795 1.8113392 1.9139261 1.7563477 2.4805232 1.7970405 2.3205409 2.1838479 2.4052764 2.1020658 2.1074930 1.9186976 2.0958534 2.0127831 2.0640823 2.1047813 2.1887740 2.3507240 2.4780448 2.3286555 2.2071126 2.1237202 2.2118658 2.1909367 2.4434831 2.5905897 2.0872843 2.2506786 2.1481828 1.5835077 2.0044041 2.3005708 3.7314512 2.6986133 2.6381353 2.5296775 2.5145237 2.5770565 1.5629709 1.9130387 1.9395874 2.7896632 2.8683772 3.0065048 3.8523511 2.9674323 2.9630724 
Gasp_gasp1.m3.10218.m1                                0.8296948 0.7884457 0.8474324 0.6002027 0.6577275 0.7650188 0.7949965 0.3271362 0.3248869 0.0000000 0.1943616 0.3449984 0.7876863 0.5266841 0.5485867 0.5221140 0.7426891 0.9762306 1.1069479 0.8022538 1.2854110 1.2922975 1.2458883 1.4683341 1.2945289 1.5045802 1.3013174 1.2893141 1.2316660 1.3996837 2.4270251 1.2005020 1.4819763 1.0503945 1.3024424 1.0266001 1.6632613 1.1518705 1.6730022 1.8584403 1.7673003 1.4329600 1.3639123 1.3623683 1.2598957 1.2376538 1.2210585 1.2751069 1.9421986 1.6861176 1.8853539 1.2070121 1.4657475 1.4305268 1.4289585 1.3653475 1.3575145 1.4291589 1.4597438 1.3244516 1.4807361 1.4914197 1.6828947 1.6285804 1.3541469 1.5857989 1.8112025 3.5076811 1.5212999 1.5007455 1.5942452 1.4493444 1.3346619 1.3346619 1.4496256 1.5424999 1.4154382 1.6638510 1.4119302 1.3135124 1.4082901 1.3468515 1.2150445 1.3935559 1.5431039 1.5687369 1.4624880 1.2650109 1.3988058 1.5611252 1.4707576 1.5185720 1.7997588 1.9211204 2.1542182 2.0413329 2.2337191 2.0884481 1.9521481 1.9521481 2.0831368 2.0609862 2.0348913 2.2296116 2.1042205 2.0293961 1.9588659 2.0284494 2.5322197 2.0940099 2.1811018 2.0881288 1.9970866 2.0431660 1.9090956 1.9594630 2.0672383 2.0283704 2.1990206 2.3789254 2.3812663 2.0860136 2.1183694 2.4239764 2.3631402 2.6179709 1.7068623 1.9781880 1.8813523 2.0719884 1.8779423 2.3809908 1.9598632 2.4255329 2.1829684 2.4254871 2.1868775 2.2415887 1.9873800 2.2175228 2.0543152 2.1778119 2.3970536 2.4247028 2.4098781 2.4073672 2.3615034 2.1756440 2.0621927 2.2252735 2.2542509 2.6547907 2.5963168 1.9066921 2.2256610 2.1985801 1.6076103 2.0023009 2.3298910 3.7445084 2.8794107 2.8164529 2.7005948 2.6600789 2.7099821 1.7362656 2.0621677 2.0762381 2.9326984 2.9138165 3.0558068 4.2725562 3.1152709 3.0740517 
Fspp_ffun1.m4.12627.m1                                0.7778069 0.7318995 0.7880655 0.4719657 0.5427385 0.6777527 0.7158476 0.3074066 0.2943671 0.1943616 0.0000000 0.3039444 0.7022989 0.4245173 0.4398817 0.4310425 0.7461241 0.9229858 1.0535401 0.7975599 1.2110780 1.2619018 1.2418732 1.4407227 1.2384944 1.3991258 1.2522576 1.2688474 1.2318451 1.3392916 2.0783836 1.1723735 1.4424163 1.0441550 1.2687452 1.0293639 1.5641282 1.0028302 1.6248323 1.7789739 1.7046712 1.4175728 1.2586032 1.2836015 1.2352947 1.1703694 1.1386310 1.2421668 1.7379887 1.5500191 1.7587052 1.1646364 1.3892602 1.3571861 1.3399553 1.2983441 1.2797860 1.3411118 1.3649331 1.2485056 1.3942516 1.4019178 2.0014532 1.4706554 1.2978050 1.5546584 1.5878305 3.4987211 1.4528952 1.4326575 1.5598158 1.4185626 1.1879886 1.1879886 1.4245569 1.5710143 1.4494390 1.6103145 1.4361453 1.3044828 1.3998743 1.2892692 1.2669874 1.2914193 1.4204732 1.5614195 1.4426362 1.2435353 1.3893242 1.3751648 1.3891476 1.4572133 1.7597575 1.8153252 2.0775139 2.0105039 2.0665220 1.9456366 1.8623200 1.8623200 2.0156655 2.0046837 1.9254521 2.2144339 2.1592909 2.0068965 1.9488793 2.0675403 2.4992461 2.0645026 2.1026430 2.0073835 1.9691390 1.9681998 1.8607974 1.9141769 1.9523552 1.9999550 2.1825796 2.2471806 2.2585006 1.9144998 1.9809059 2.4319233 2.2693851 2.4326980 1.6056369 1.8979475 1.7964282 2.0013864 1.7839557 2.3800733 1.7271973 2.2764135 2.0563777 2.2264514 2.2011492 2.2006223 1.9582714 2.1043864 2.0276327 2.1196259 2.2194455 2.3674275 2.4281342 2.4058869 2.3075124 2.1291977 2.1428628 2.2206244 2.1378759 2.5890507 2.6017962 1.9266915 2.2132379 2.1737517 1.5780280 1.9506739 2.1894009 3.7292724 2.6880905 2.7981135 2.6370509 2.6950803 2.7359672 1.5663629 1.9596888 1.9804626 2.8709848 2.8536209 2.9932597 4.3508546 3.1738376 3.1807107 
Gfas_gfas1.m1.1361.m1                                 0.8288390 0.8128110 0.8389101 0.4869019 0.6216373 0.7541912 0.7765726 0.3722569 0.3703185 0.3449984 0.3039444 0.0000000 0.7726440 0.4064928 0.4167642 0.4091830 0.8355274 0.9546716 1.0622970 0.7421606 1.2341851 1.2576757 1.2434023 1.3703318 1.2806005 1.3940375 1.2631417 1.2235111 1.2009659 1.4300202 2.3087150 1.2481035 1.5173887 1.0859083 1.3245129 1.0534709 1.5715690 1.0261386 1.6108847 1.8032111 1.7246576 1.4824953 1.3089968 1.2969273 1.2484421 1.3135042 1.2743886 1.2750253 2.0452216 1.6653335 1.8841386 1.1832756 1.3639709 1.3435913 1.3554206 1.3190585 1.2345470 1.3013242 1.3821046 1.2473041 1.4659731 1.4664157 1.7262653 1.6170586 1.3617247 1.5500462 1.6413930 2.8999115 1.4641353 1.5711894 1.6184938 1.4803301 1.2114737 1.2114737 1.4914717 1.6899027 1.5217378 1.5441227 1.5817460 1.2834237 1.4569919 1.2860094 1.2500078 1.3119879 1.5283249 1.5579254 1.4305012 1.2788372 1.4459964 1.3719052 1.4821708 1.4426548 1.5963514 1.7859099 2.1072141 1.9953911 2.0625289 2.1329695 1.9028987 1.9028987 1.9567154 1.9365373 1.9300292 2.1262829 2.0203723 1.9655480 1.9363316 1.9993841 2.5224129 1.9623483 2.1936371 1.9940336 1.9177926 1.9705163 1.8824234 1.8228674 1.9609804 1.9646110 2.2315380 2.2754300 2.2330708 1.9397542 2.0804318 2.5107241 2.2262896 2.6310695 1.7230128 1.9142090 1.7884772 1.9585367 1.6149487 2.4403444 1.7873349 2.3492998 2.1179831 2.3301675 2.2025470 2.1535390 1.9873615 2.1277559 2.0362617 2.0684044 2.1578659 2.2169217 2.3751495 2.4597854 2.3535293 2.1178336 2.0583481 2.2124349 2.1893724 2.5008564 2.4614033 1.8952081 2.2152799 2.2676425 1.4960514 1.9459724 2.3327950 3.6894760 3.1254688 2.7747541 2.6335864 2.6035967 2.7114288 1.6176647 2.0877133 2.1886305 2.8416625 2.8509020 2.9737322 4.2495920 3.1565444 3.2010606 
Gfas_gfas1.m1.1362.m1                                 0.5561621 0.3873551 0.5553866 0.4046172 0.4314490 0.6149266 0.6217533 0.8382899 0.7970365 0.7876863 0.7022989 0.7726440 0.0000000 0.8181129 0.8345839 0.8601691 0.7922297 1.0299595 1.1350406 1.0428733 1.2951786 1.2516408 1.2974535 1.5399877 1.2489902 1.2107047 1.1956134 1.1881922 1.1971035 1.4912854 2.2385513 1.3356648 1.4889028 1.2037983 1.3702355 1.1825639 1.6438003 1.0951158 1.6621713 1.7371659 1.7186808 1.5282089 1.2956048 1.3120103 1.3290121 1.2395461 1.3014055 1.3200295 1.8554529 1.5721803 1.7906959 1.2414506 1.3492596 1.3426411 1.3601608 1.3104322 1.3405610 1.3613267 1.4527744 1.4135185 1.5541630 1.5899968 1.7500538 1.7253953 1.3578510 1.7024123 1.5325833 3.8950328 1.6166441 1.7293010 1.6446633 1.6423162 1.2721553 1.2721553 1.5314220 1.5087467 1.5998494 1.7162241 1.4819337 1.3289628 1.4539438 1.4884147 1.1831223 1.4864112 1.4657185 1.6595056 1.5452717 1.3190340 1.5431535 1.4326219 1.5131781 1.5904364 2.1216004 1.8343124 2.1587713 1.9832337 2.1063743 1.8186900 1.8108061 1.8108061 1.8992188 1.8794189 1.7599105 2.0472811 1.9557077 1.8992534 1.9300766 2.0121693 3.0660256 1.8635802 1.8831653 1.8988984 1.8338002 1.7336303 1.9169168 1.7264353 1.7961362 1.7574752 1.9814295 2.1007570 2.1309344 1.8531695 2.0007753 2.5374655 2.1774904 2.4905500 1.4095506 1.7049209 1.7144557 2.0033915 1.7557393 2.0251628 2.2778860 2.2644326 2.0802371 2.2570015 2.1317379 2.0248472 1.8547151 2.1205218 1.9361152 1.8999864 2.1787049 2.4449390 2.3796761 2.2800328 2.2073103 2.0892062 2.1007058 2.3723518 2.0215018 2.1602307 2.3643214 2.2408428 2.0129242 2.2817973 1.5906665 1.7730269 2.0888732 3.6120601 3.2065825 2.7109541 2.6730365 2.5985532 2.6527599 1.9288271 2.0075999 2.0705308 2.6618311 2.8510823 2.8953424 4.0650254 3.0417569 3.0877747 
Adig_XM_015910316.1                                   0.9267254 0.8515922 0.9334374 0.5457058 0.6438539 0.8683944 0.8988284 0.5164849 0.5091272 0.5266841 0.4245173 0.4064928 0.8181129 0.0000000 0.0172605 0.0262190 1.0169821 0.9759839 1.0607447 0.9082795 1.4099497 1.3789535 1.4006773 1.6612746 1.4282762 1.3378570 1.3598346 1.3730536 1.3691359 1.6231176 2.4049301 1.3254735 1.6671543 0.8581718 1.3603454 1.0813408 1.8562574 1.1528808 1.6848642 1.8510389 1.7806047 1.5145390 1.4547759 1.4820296 1.3865566 1.5229280 1.3724252 1.3683275 2.1452278 1.7733924 1.9829085 1.3874395 1.5807082 1.5634787 1.5849612 1.5373043 1.5016731 1.5899383 1.5545926 1.4816007 1.5823598 1.5520618 1.6863023 1.6078153 1.2692540 1.6646675 1.6821796 3.1860531 1.6776930 1.9203046 1.7525706 1.5044253 1.2598474 1.2598474 1.4936949 1.7727042 1.6163020 1.5685574 1.6192386 1.3365012 1.6199704 1.3918587 1.2366126 1.4320139 1.6075141 1.7733857 1.7111397 1.4527610 1.5113675 1.2337456 1.5305823 1.6057664 1.7385136 1.8699522 2.3492159 2.1821505 2.2690085 2.0269429 1.9526952 1.9526952 2.0369886 2.0238761 1.9017571 2.2837571 2.1724220 2.1593627 2.1382349 2.1865931 2.8661715 2.2639430 2.3084781 2.2568014 2.1573683 2.2070830 2.1098208 2.0787300 2.2033802 2.1508405 2.3818645 2.2995080 2.3278459 1.9143751 2.1764116 2.9541750 2.3299219 2.6317183 1.7767810 2.1725838 2.0287872 2.1267743 1.6533816 2.4892475 2.2039813 2.4803795 2.3648338 2.6684174 2.3678855 2.5145093 2.0077805 2.3196283 2.3192308 2.2339283 2.6402425 2.4837392 2.6908376 2.7405852 2.6944041 2.3320564 2.3319042 2.4551735 2.4024782 3.1060980 2.7461396 2.3767984 2.3322193 2.5078706 1.5494163 2.0302228 2.3230112 4.5121968 3.9429769 2.9057797 2.7063534 2.7187023 2.6574338 1.6746997 2.0933593 2.2680144 2.9186134 2.9488648 3.1155687 4.6486253 3.4277899 3.4926423 
Adig_XM_015924208.1                                   0.9496228 0.8766778 0.9572147 0.5585908 0.6537881 0.8667101 0.8990143 0.5261341 0.5192475 0.5485867 0.4398817 0.4167642 0.8345839 0.0172605 0.0000000 0.0399018 1.0220265 0.9897119 1.0813114 0.9221220 1.4302976 1.3918463 1.4339154 1.6745343 1.4516650 1.3106622 1.3890784 1.4078975 1.4062482 1.6486627 2.4731830 1.3326860 1.6982571 0.8581718 1.3714614 1.0926261 1.8762502 1.1798075 1.7073827 1.8687529 1.7976468 1.5206807 1.4474423 1.5078999 1.4132522 1.5482773 1.3906388 1.3897609 2.1776310 1.7739247 1.9976669 1.4368211 1.6381432 1.6203288 1.6417443 1.5961588 1.5618057 1.6499112 1.5765836 1.4853624 1.6214338 1.5894183 1.6863023 1.6078153 1.2635947 1.7036207 1.7823110 3.1273067 1.6732735 1.9046985 1.7779636 1.5398418 1.3280854 1.3280854 1.5235343 1.8093059 1.6646038 1.6752307 1.5778460 1.3675872 1.6198843 1.4125401 1.3249234 1.4520800 1.6308563 1.7910494 1.7384872 1.4822068 1.5490954 1.2965962 1.5630571 1.6221593 1.7967979 1.9286331 2.3435791 2.2041214 2.2846109 2.0287678 1.9738514 1.9738514 2.0760918 2.0626844 1.9256598 2.3272690 2.1931990 2.1852889 2.1686734 2.2279231 2.9252322 2.3036733 2.3474607 2.2877398 2.1895616 2.2297739 2.1514366 2.1163595 2.2442569 2.2163777 2.4294504 2.3809180 2.4104288 1.9043588 2.2294805 3.1083307 2.3814771 2.6841483 1.8542600 2.2106720 2.0029788 2.1375437 1.6639905 2.4919931 2.1636656 2.4930567 2.3915213 2.6756218 2.4322327 2.5558442 2.0544618 2.3057106 2.3268196 2.2583522 2.6750439 2.5072438 2.7625781 2.7714627 2.7381713 2.3869380 2.4088999 2.4786244 2.4370725 3.0957887 2.7589175 2.4189620 2.3618476 2.5849835 1.5644456 2.1018201 2.3790867 4.4810817 3.8859246 2.9235954 2.7199612 2.7782499 2.7168635 1.7474701 2.1402417 2.3179877 2.9247708 2.9689832 3.1377790 4.6838693 3.5193964 3.5505340 
Amil_Amillepora06083-RA                               0.9588709 0.8636532 0.9568153 0.5300236 0.6901933 0.8473430 0.8952979 0.5118453 0.4986107 0.5221140 0.4310425 0.4091830 0.8601691 0.0262190 0.0399018 0.0000000 1.2424987 1.0136164 1.0783831 0.9270652 1.3909787 1.3582394 1.3475890 1.5257838 1.3783422 1.3285795 1.2839101 1.2845678 1.2578474 1.5016135 2.6472017 1.2512034 1.6200922 0.8851087 1.2987337 1.0358728 1.7907969 1.1573189 1.6519078 1.7794411 1.7128059 1.4367809 1.3808143 1.3921899 1.3155784 1.2765539 1.3317939 1.3511535 1.9972683 1.6834002 1.9679516 1.2743229 1.5035513 1.4996010 1.4880798 1.4295685 1.4103098 1.4906234 1.4272269 1.4031961 1.6022631 1.5652800 1.7067382 1.5651091 1.2774413 1.6916101 1.6520742 3.1860531 1.6258383 2.0780931 1.7116833 1.5296076 1.3259555 1.3259555 1.5632545 1.7081948 1.5397362 1.8147409 1.5612070 1.3880203 1.4466642 1.3995856 1.2439184 1.4276615 1.5832585 1.6761251 1.6292143 1.4556283 1.4907457 1.2423340 1.5269301 1.5605328 1.7823095 1.8702815 2.1645713 2.0425383 2.0793615 2.0207908 1.7985246 1.7985246 1.9923858 1.9899787 1.7614375 2.2106283 2.0592247 1.9175060 1.9870252 2.0758828 3.2410398 2.1250710 2.2866468 2.1696688 2.0787246 2.1450013 2.0779803 2.0289099 2.1444349 2.1358050 2.3084272 2.1835089 2.2110827 1.9670534 2.0883548 2.6833479 2.3162996 2.5839254 1.7696994 2.0179286 1.8199366 2.0063643 1.7763400 2.4587164 1.8056276 2.4479982 2.3408292 2.5867240 2.2962073 2.4043544 1.9111815 2.1488169 2.2143416 2.0567513 2.4106944 2.2920644 2.5912466 2.6487389 2.5744532 2.3623230 2.2964506 2.3658022 2.2300641 2.7700107 2.5563814 2.0012888 2.1639493 2.3605381 1.5380814 2.0535999 2.2588031 4.0747103 3.6217917 2.7240100 2.5850352 2.6163265 2.5381567 1.6494302 2.2106108 2.4308695 2.8976200 2.8987773 3.0413671 4.2280733 3.4342439 3.4685076 
Gasp_gasp1.m3.23255.m1                                0.6541482 2.3375913 0.6390203 1.5969403 0.3756959 0.4874441 0.5165654 0.8265597 0.8402269 0.7426891 0.7461241 0.8355274 0.7922297 1.0169821 1.0220265 1.2424987 0.0000000 1.2931988 1.4205297 1.0306108 1.7768372 1.6471608 1.8103933 2.3454674 1.6490743 4.8164549 1.6767048 1.5307598 1.4782568 2.0224726 2.0603833 1.6605579 1.6597667 1.5006414 3.4876677 1.9055942 1.9972839 5.1007192 2.3163537 2.4105787 2.3822703 1.7725198 1.6133612 2.0203256 2.0546890 3.4646477 1.7236894 2.2262328 2.2874381 4.0033847 2.2733478 1.2058643 1.9041659 1.8095320 1.9110838 1.7773586 1.6350802 1.8953699 2.1018004 1.8138626 1.8240590 1.9823788 3.7678012 0.0000010 5.0076967 2.1128027 6.5346492 2.7914372 1.8518114 0.9949307 2.0836943 1.8463991 1.9336205 1.9336205 1.7784421 1.8715331 1.1861300 1.2527133 1.3609724 1.6660556 1.2207671 2.0356555 2.3279954 1.6398373 1.9476800 2.2423101 2.0030127 2.0286923 1.3817227 2.5969571 3.7714503 1.9661186 0.0000010 3.9430895 3.2645826 2.4729091 2.4577711 2.6958894 2.0731762 2.0731762 2.3493562 2.3035725 3.6862138 2.4023861 2.3282047 2.5015765 2.3086795 2.2396961 2.7993445 2.5322362 2.3550841 2.2264353 2.1959203 2.2115793 2.2731713 2.1027781 2.1997867 2.1440903 2.3596548 2.7396489 2.8521978 1.9857147 2.6070627 2.4899582 2.1679527 3.0229914 1.1077744 2.4824878 2.0464062 2.6668432 2.6316073 3.8103830 2.1029241 2.9830667 2.3176188 2.3487959 2.6693716 2.3762995 2.2524345 3.3937796 2.2292876 2.7737749 3.6761378 3.2249474 3.4320581 2.8881235 3.0356128 3.1318344 2.6727568 3.2182403 2.3814785 3.9900821 4.5156032 4.6829792 3.3761523 2.9275802 2.8952790 2.7143013 3.1598897 4.2186733 3.6147712 2.6999950 3.0062324 2.4749749 2.5753539 3.9594930 2.1916908 2.0952197 2.9957142 3.2183269 3.2183269 4.1827249 2.8882465 3.1573933 
Exapal_XM_021040750.2                                 1.0822229 0.9061716 1.1050526 0.6977718 0.8975625 1.0276494 1.0227487 0.9340368 0.9384215 0.9762306 0.9229858 0.9546716 1.0299595 0.9759839 0.9897119 1.0136164 1.2931988 0.0000000 0.4918595 0.7237992 1.3100715 1.3385790 1.3127166 1.4776426 1.3814514 1.5275231 1.4216756 1.3915882 1.3632883 1.4807831 2.6864132 1.3057828 1.5707629 1.1230993 1.3592412 1.1227406 1.7414865 1.2547265 1.6574885 1.7359890 1.7166465 1.5035122 1.2930277 1.3843058 1.3553764 1.3121378 1.3312985 1.3608890 1.8533663 1.5300687 1.7304541 1.3583266 1.4715371 1.4438091 1.4303112 1.4168357 1.3966653 1.4517024 1.4868162 1.3381158 1.3721117 1.4687731 1.4222741 1.4050775 1.2095854 1.5618992 1.6056502 3.1807161 1.5887004 1.3886643 1.6819218 1.3399997 1.3623375 1.3623375 1.5567561 1.5818424 1.4804731 1.5644794 1.3463198 1.2992909 1.5242751 1.4293862 1.1533121 1.5467098 1.5012165 1.5037576 1.5824232 1.3728646 1.4715385 1.2901774 1.4898912 1.6842098 1.4885335 1.7921622 2.2397818 2.0197374 2.1406182 2.0511346 1.8814809 1.8814809 2.0215216 2.0276541 1.8487169 2.2393890 2.0714426 1.9475963 2.0370003 2.1641573 3.2093306 2.1130658 2.1336947 2.1656037 2.1007311 2.0222853 1.9397197 2.0262428 2.1358166 2.1086285 2.1241653 2.1752550 2.1863261 1.7753042 2.0497379 2.7499963 2.1906710 2.6258976 1.6963277 1.9580161 1.7600417 1.9807750 1.7713567 2.3673796 1.8450730 2.2464827 2.0619659 2.2192669 2.0863662 2.0731226 1.8797557 2.1321634 2.0617501 2.1974395 2.0598197 2.2529075 2.3528548 2.2763949 2.3458702 2.3794030 2.2107859 2.5082931 2.1392251 2.6084102 2.5431267 1.9300221 2.2834406 2.3314760 1.5016664 1.8646001 1.9417749 3.8289285 3.2714778 2.8210080 2.8024898 2.9157136 2.6786580 1.9312276 2.1920878 2.3164052 2.8461634 2.9428902 3.0356151 3.8511770 3.0285882 2.8674829 
Exapal_XM_021040752.2                                 1.2161841 0.9541364 1.2232626 0.8206157 0.9916820 1.0954663 1.0875878 1.0696784 1.0863229 1.1069479 1.0535401 1.0622970 1.1350406 1.0607447 1.0813114 1.0783831 1.4205297 0.4918595 0.0000000 0.9017503 1.4329276 1.4413263 1.3911209 1.6107699 1.5009657 1.5579858 1.3961646 1.4012007 1.4527115 1.5068132 2.4482723 1.3418534 1.5416500 1.1551739 1.4866741 1.2457061 1.7176202 1.4084019 1.7257487 1.7101194 1.6769030 1.4803417 1.3993396 1.4018752 1.3334132 1.4427482 1.3223607 1.3941120 1.8628868 1.6401635 1.7748213 1.3295542 1.4463297 1.4298518 1.4149984 1.3916354 1.3205762 1.3865007 1.5909939 1.4355903 1.4804381 1.5727392 1.6303507 1.5381334 1.2642539 1.6142186 1.7172841 3.2603437 1.5456256 1.6356975 1.8521707 1.5349233 1.3671136 1.3671136 1.6752652 1.7088646 1.5923478 1.5997930 1.4198585 1.4823498 1.5616064 1.5397991 1.1235816 1.6362666 1.5136197 1.6981521 1.6813036 1.3730940 1.4674750 1.2609483 1.4241051 1.6180201 1.5758886 1.8771817 2.3387337 2.0670376 2.0534750 1.8833735 1.9321126 1.9321126 1.9778749 1.9609337 1.9199611 2.1658407 2.0768728 1.9881892 2.0390571 2.1993434 2.7649368 2.0570350 2.0622916 1.9415773 1.8991401 1.9481340 1.9380856 1.9269050 2.0334812 1.9212370 2.1660453 2.1747044 2.2490735 1.8592247 2.1088809 2.7250831 2.1588734 2.6258736 1.6833960 1.9621389 1.7664714 1.8856901 1.5730836 2.2647360 1.8416955 2.3140897 2.2007206 2.4310635 2.1415111 2.0490670 1.8748063 2.1238104 2.1622454 2.1180823 2.1978002 2.3959901 2.2138176 2.4187921 2.2350165 2.3842876 2.0725508 2.4437098 2.1022290 2.5200133 2.5022831 2.0483055 2.1333596 2.2888656 1.5335166 1.8232382 1.9301755 3.6493318 3.1038980 2.6593602 2.5519845 2.5715747 2.8587540 2.0675241 2.0892290 2.2884928 2.9230236 2.8767597 2.9799711 4.0187013 3.0469716 2.9534626 
Nvec_v1g98096                                         1.0882294 1.0849205 1.1128620 0.7633338 0.9170492 0.9701859 0.9738738 0.7935759 0.7853028 0.8022538 0.7975599 0.7421606 1.0428733 0.9082795 0.9221220 0.9270652 1.0306108 0.7237992 0.9017503 0.0000000 1.1058580 1.1127422 1.1179111 1.2193198 1.2997771 2.0321140 1.2428261 1.2337178 1.2107535 1.3125970 2.5068829 1.2061842 1.3574784 1.0464944 1.1508937 0.9850891 1.6133299 1.1021421 1.4448636 1.5352132 1.4976347 1.3679046 1.1044092 1.1258117 1.2337411 1.1969892 1.1342275 1.2090620 1.7170852 1.5848122 1.6697712 1.2144319 1.2171532 1.2081667 1.2241542 1.2482776 1.1957637 1.2082213 1.2968320 1.1602196 1.3262738 1.4287961 1.4728780 1.4124928 1.3094566 1.4727971 2.0958488 2.3574051 1.4283564 1.5876878 1.4952884 1.3310238 1.2866087 1.2866087 1.3945865 1.5119422 1.4452743 1.4556163 1.3794979 1.1780084 1.3024534 1.2749411 1.1369618 1.3927538 1.2868490 1.4306670 1.3486344 1.1571726 1.4169952 1.3520414 1.4840726 1.3554828 1.5707509 1.8688710 1.9563334 1.8196914 1.9294495 1.7579139 1.8619531 1.8619531 1.8465757 1.8604570 1.7295947 2.0349588 1.9697216 1.8987409 1.9233851 2.0121759 2.3522287 2.0245585 2.1228708 2.0634440 1.9408792 1.9309903 1.8725291 1.9197902 2.0555825 1.9356449 1.9353752 2.0305118 1.9931773 1.7865144 1.9023549 2.4566018 2.1261353 2.6797413 1.8754937 1.8818470 1.6203756 1.7683961 1.6447970 2.4508148 1.5490406 2.2537541 2.1325984 2.3866180 2.0581598 2.2372029 1.8753890 2.0081513 2.0505976 2.2646586 2.1635144 2.1076625 2.2860766 2.2006228 2.1643419 2.2310066 2.1591211 2.2868170 2.0888379 2.4147683 2.3467562 1.8573793 2.1380036 2.1379273 1.6275176 2.0468513 2.1246356 3.4661199 2.9404843 2.9593938 2.8619467 2.8379052 2.8489563 1.8903276 1.9826820 2.1244022 2.6270708 2.8663185 3.0195251 4.0547837 2.4570279 2.4570279 
Aaur_scaffold166.g15.t1                               1.4067737 1.0843181 1.4415172 0.8403916 1.1116076 1.2484413 1.2811094 1.2781844 1.3027840 1.2854110 1.2110780 1.2341851 1.2951786 1.4099497 1.4302976 1.3909787 1.7768372 1.3100715 1.4329276 1.1058580 0.0000000 0.3686211 0.3030307 0.8510588 1.4311751 1.6969007 1.3597319 1.3611266 1.3548833 1.2848849 2.0086891 1.2547330 1.4630050 1.2642890 1.2653214 1.0310060 1.7261443 1.0881870 1.5623886 1.7101123 1.6212799 1.3608042 1.1608518 1.2002738 1.1861601 1.1183273 1.2064894 1.2260095 1.7902605 1.5522952 1.7426579 1.1787786 1.2982181 1.2850312 1.2729337 1.2507512 1.1961991 1.2594818 1.3911722 1.3552512 1.0608365 1.0810846 1.4359799 1.0478604 1.2131935 1.3975849 1.7809845 3.6391164 1.6177278 1.6166240 1.5161477 1.4421437 1.3970227 1.3970227 1.4560804 1.4532243 1.3980783 1.7792399 1.4221914 1.4665318 1.4341924 1.4254780 1.2301346 1.5532155 1.1295959 1.2655642 1.2019048 1.3705214 1.4860836 1.3397652 1.5124652 1.5143044 1.8461854 1.7234839 2.3145229 2.2585432 2.0236813 2.0999010 1.8552711 1.8552711 2.0537274 2.0768254 1.8303934 2.2316839 2.1425925 1.9018849 2.0542268 2.1472893 3.5457510 1.9873455 2.0475590 2.1489409 2.1575876 2.1203951 2.0492932 2.0821103 2.1769784 2.1087194 2.0513483 2.2131099 2.2387748 1.9377701 2.1250230 2.7097627 2.2671512 2.6293397 1.7309203 2.0670163 1.9400051 2.1626394 1.6979357 2.2316755 1.9831951 2.4183701 2.3034552 2.7756950 2.2271697 2.3017628 2.1186979 2.4863421 2.3542842 2.4192612 2.2920393 2.3845798 2.4444167 2.4414519 2.3902195 2.4904272 2.4836454 2.5351846 2.1655423 2.4892786 2.5698117 2.1321746 2.1804570 2.3662244 1.6740217 1.9591962 2.1467535 3.9571548 3.1957694 3.0541645 2.8936982 2.7763022 2.6435623 1.7607307 1.6802879 1.6666675 3.0478726 2.8934211 2.9951541 4.1688137 2.9503336 3.0574845 
Nemnom_g18729.t1                                      1.3076732 1.0313647 1.3331669 0.8985768 1.0956574 1.2297634 1.2607589 1.3240503 1.3547856 1.2922975 1.2619018 1.2576757 1.2516408 1.3789535 1.3918463 1.3582394 1.6471608 1.3385790 1.4413263 1.1127422 0.3686211 0.0000000 0.1866408 0.8462648 1.4341895 1.5355090 1.3953028 1.3838381 1.3461368 1.4027953 2.3529472 1.2346653 1.5035578 1.2386769 1.3968521 1.0864688 1.7668634 1.1369674 1.6632735 1.7876733 1.6979181 1.3818649 1.1827498 1.1663829 1.2649099 1.0499555 1.2524521 1.3135078 1.9289713 1.6691748 1.8199848 1.1791006 1.3054154 1.3401917 1.3110108 1.2853301 1.2213155 1.3071897 1.2759882 1.3831384 1.0352085 1.0610634 1.4448333 1.1006435 1.2742901 1.4719053 1.7888901 3.2339322 1.5909842 1.7461296 1.5147676 1.4414806 1.3643516 1.3643516 1.4983142 1.4975042 1.4322222 1.9266579 1.2693680 1.5094539 1.3889437 1.4194223 1.3519119 1.5875029 1.2180922 1.3218685 1.3480699 1.3763493 1.4839930 1.5371165 1.5847803 1.4976061 1.9678986 1.8247384 2.4065334 2.2294688 1.9806857 2.2042084 1.8223226 1.8223226 2.0260597 2.0308769 1.8105962 2.1872848 2.0526223 1.9317219 2.0777842 2.1650877 3.2546439 2.1137084 2.1928388 2.2121025 2.2111319 2.1926832 2.2031673 2.1633795 2.2854849 2.1675770 2.1929352 2.2259541 2.2747215 1.8130596 2.2585726 2.8702493 2.2523763 2.8966010 1.7616441 2.0755603 1.9318255 2.1319165 1.8247923 2.3164169 1.9113070 2.4210693 2.2611810 2.6402829 2.2868944 2.2783956 2.0361127 2.6090719 2.3385509 2.2487195 2.2944029 2.3428678 2.3995065 2.3817628 2.3986671 2.5522524 2.5279327 2.3595286 2.0451362 2.4724574 2.6679059 2.2089006 2.1413077 2.2920559 1.6793844 2.0298410 2.2874975 3.9518354 3.3374511 2.8696637 2.7148560 2.8758889 2.7206618 1.7733088 1.8617376 1.8829210 2.8335458 2.7346182 2.8154195 4.0551433 3.0786047 3.2689162 
