125
Chem_TCONS_00003102                                   0.0000000 0.0000010 2.7581292 0.0000010 0.0000010 2.8210853 2.9618709 2.7967793 2.9412312 2.7759611 0.6233210 0.0000010 2.0634030 2.3871119 2.3755435 1.5643334 1.5643334 1.4216375 2.2858587 1.4480379 0.0000010 3.0591533 0.0000010 2.7085633 2.1680686 1.9788264 1.2509958 2.3082366 2.4582022 2.6183074 0.0000010 2.6093276 2.5034199 0.0000010 0.0000010 0.0000010 0.0000010 2.1959575 2.3043729 2.6765440 2.4864244 2.4864244 2.5355857 2.3719122 2.5870885 0.5955559 0.0000010 1.8768552 0.4273504 2.0406246 2.1011756 0.0000010 2.1417093 1.9283244 0.0000010 0.3853996 3.1924842 2.8290509 2.4375437 0.8385078 0.0000010 0.0000010 2.7679955 2.6938611 0.0000010 0.0000010 0.0000010 0.0000010 0.0000010 0.0000010 2.6719425 2.4458498 2.6609312 2.6609312 0.0000010 3.8798464 2.2463169 1.5571307 2.1340134 3.2823483 0.0000010 0.0000010 2.0862218 0.0000010 0.0000010 0.0000010 0.0000010 0.0000010 0.0000010 2.3760380 2.3760380 2.3927847 0.0000010 0.0000010 2.5703317 0.0000010 0.0000010 2.4078151 0.0000010 2.7089057 0.0000010 0.0000010 0.0000010 1.5338824 3.9286566 3.7693914 3.2543844 3.2543844 3.1798971 3.7657611 2.9931842 2.8813693 3.0764588 1.4650364 2.0297337 2.9274236 2.8812434 2.4004938 4.2305915 2.5433412 0.0000010 8.8887221 5.4715434 0.0000010 0.0000010 
Dpul_mRNA23128                                        0.0000010 0.0000000 0.5507119 0.6871406 0.0000010 2.0962834 1.9160601 1.8978899 1.9309455 2.0328121 1.8809406 0.0000010 1.5572333 1.2579155 1.7950437 1.2234670 1.2234670 1.4246875 1.3671180 1.7179604 0.0000010 1.9591854 1.2780401 1.0352822 0.9593545 1.1099728 0.8349406 1.1013695 1.1027150 1.3972312 0.0000010 1.1967195 1.1970549 1.3619454 1.3326123 0.5867234 1.2160008 1.3124011 1.5639311 1.2043763 1.9804195 1.9804195 1.8522387 1.8510745 1.8804462 1.8212357 1.4709407 1.4101652 0.0000010 1.5714704 1.3748157 1.6514549 1.6168871 1.2760099 1.4698426 1.1048559 1.1804014 1.2126610 1.0991717 1.6718981 1.7239574 0.0000010 2.4807552 1.7527833 0.0000010 1.6324363 0.0000010 1.6324363 1.4784808 1.5656989 0.0000010 1.4756805 1.3096817 1.3096817 0.9265192 1.4158254 1.2083260 0.6066432 1.0746413 1.4930103 1.8798147 0.0000010 1.6386861 0.0000010 2.1673717 2.3624866 2.3624866 2.0510272 2.0510272 2.1801662 2.1684779 2.1543364 0.9652602 2.2654197 2.3176159 2.3176159 2.3176159 1.5799341 2.2168043 1.7049723 2.0146705 2.0146705 3.1380708 1.2374165 2.8109846 2.8633240 2.8156945 2.8156945 3.4755137 2.2359818 2.2290594 1.9873652 2.6805558 8.7367821 0.0000010 0.0000010 2.2316111 0.0000010 2.0704009 4.0832823 2.4209531 0.0000010 0.0000010 2.3823565 0.0000010 
Dpul_mRNA15872                                        2.7581292 0.5507119 0.0000000 0.5131525 1.3834662 1.4498918 1.4176492 1.3467083 1.3935029 1.4495267 1.3064790 0.3214177 1.2279677 1.0569465 1.3432833 1.1978293 1.1978293 1.2524788 1.2106438 1.3858224 0.9843655 1.3776773 0.3553126 1.0914438 1.0677381 1.0649628 0.6323307 1.0247090 0.9754861 1.1338487 0.9954662 1.3089102 1.2668780 0.8209777 0.8308950 0.9052567 1.1377412 1.1527788 1.1773989 1.2610562 1.3008517 1.3027678 1.3294250 1.2874627 1.2975288 1.0604638 1.2120353 1.1809010 1.5170567 1.2562475 1.1790497 1.1639161 1.4460570 1.2301062 1.1403718 0.9742255 1.0787398 1.0881504 1.0725055 1.1897523 0.8751934 1.3414449 1.5978017 1.4537490 1.0114204 1.1060486 1.2481846 1.0692818 1.4234545 1.1040215 2.0271099 1.2298282 1.2833996 1.2833996 0.9490699 0.9694946 0.8664379 0.9855757 1.0711371 1.0724348 1.3939919 1.6714153 1.3216629 2.1635226 2.3371576 1.9559402 1.8156826 1.5735088 1.6355544 1.6391359 1.6348032 1.6764602 1.3825459 1.7632825 1.7161716 1.6217184 1.8971584 1.7065666 1.7316037 1.6343886 2.0680271 2.1341043 1.9354638 1.5505331 1.6375001 1.7166017 1.6420486 1.6420486 1.7411618 1.7789175 1.5157410 1.4118169 1.7309908 1.3955148 1.5306943 2.4138024 2.4616695 1.7562965 1.9566769 1.7656881 1.7149175 2.6001745 3.0055931 2.4892415 0.5529490 
Dpul_mRNA1544                                         0.0000010 0.6871406 0.5131525 0.0000000 0.0000010 2.2482722 1.9607285 1.9754056 2.1832428 2.1453171 2.3417497 0.0000010 2.0062783 1.3013633 1.9887679 1.7437065 1.7437065 1.8080296 1.8819573 2.2970671 0.0000010 1.8538766 1.7016412 1.2914693 1.1054748 1.2141034 1.0520117 1.2542830 1.3004153 1.5222421 1.7830205 1.6428991 1.5435110 1.4914926 1.5284427 1.2178805 1.5897866 1.6327697 1.8706552 1.4017876 1.7760087 1.7791315 1.7903351 1.8158095 1.7437820 1.5107758 1.8965938 1.8463287 1.7338147 1.9967396 1.8286416 1.8783982 1.9348649 1.9160393 1.9270738 1.5400433 1.4013689 1.4623748 1.2738569 1.6492699 2.8919132 0.0000010 2.2211324 1.9877744 0.0000010 1.8260089 2.5908824 1.7610090 1.9024381 1.9021190 0.0000010 1.7965990 1.8174827 1.8174827 1.5192528 1.6787694 1.1631451 1.1179121 1.1783536 2.0330745 2.4972763 1.6385047 1.8391635 3.0807545 2.5999467 2.6904097 2.6904097 2.5935990 2.5935990 2.4948322 2.4948322 2.5755446 1.9752352 2.8045918 2.8577341 2.8577341 2.8950226 2.2525978 2.6380347 2.3716958 3.0508354 3.2827069 4.1877900 0.9845005 2.7490594 2.8655524 2.7241907 2.7241907 2.9061912 2.7060460 2.2773297 2.0155854 2.4119918 6.3431562 0.0000010 0.0000010 4.1456893 0.0000010 2.5478799 2.8714061 2.6316241 0.0000010 0.0000010 2.9091284 1.0012202 
Lcom_lcpid241984                                      0.0000010 0.0000010 1.3834662 0.0000010 0.0000000 0.8644643 0.7570811 0.5947445 1.2896270 1.0591562 0.7910371 0.4467759 0.8384655 1.0216205 0.7073054 0.8389900 0.8389900 0.7422733 1.0812846 0.7626749 0.0000010 0.7548660 0.0000010 0.9547811 1.2852875 1.2099531 1.4367424 1.3086245 1.3330897 1.0897138 0.7655797 0.9056459 0.8901552 0.0000010 0.0000010 0.0000010 1.0825444 1.0825444 0.9230224 0.7808717 0.7782594 0.7782594 0.7541517 0.7116858 0.7291247 0.7434741 1.0171580 1.1623694 1.7614511 1.1239516 1.0217571 0.0000010 1.0625317 1.0175861 0.0000010 0.9095645 1.1026163 1.3778129 1.0457109 1.0888753 0.0000010 0.7979099 1.0667364 1.6494959 1.2857021 0.0000010 0.0000010 0.0000010 1.6203523 0.9933820 2.5990543 1.1077596 1.1924041 1.1924041 0.0000010 0.7111448 1.4047553 1.0174245 1.9548997 1.6889845 0.0000010 0.0000010 1.5863005 4.4130832 0.0000010 0.0000010 1.3532371 1.3532371 0.0000010 1.7679570 1.7679570 1.7679570 0.0000010 1.6082423 1.7982996 1.4200447 0.7982035 1.5475429 0.7982035 1.4669293 0.0000010 0.0000010 0.0000010 2.1646608 0.8906289 1.1231676 1.2155516 1.2155516 1.1649370 0.9665089 0.9905501 0.8406784 1.0961761 0.0000010 0.0000010 0.0000010 6.2229395 0.0000010 1.2602490 1.0609940 0.8477571 1.0663180 1.2371037 0.0000010 0.0000010 
Salinf_EP00049_Salpingoeca_infusionum_P011376         2.8210853 2.0962834 1.4498918 2.2482722 0.8644643 0.0000000 0.5202167 0.4915464 0.5999690 0.6675042 0.5739464 0.4353248 1.3086481 1.3627251 0.6987245 1.2797013 1.2797013 1.2931119 1.2735180 1.5279122 0.4827811 0.8341487 0.8400681 1.3532102 1.3603523 1.3558763 1.2978441 1.3595254 1.3608747 1.1565164 1.0570867 1.2428006 1.2081101 1.1706688 1.1494371 1.1164086 1.1945107 1.2423230 1.2379317 1.2882687 1.3591892 1.3590597 1.3886249 1.3348173 1.3607636 1.1365908 1.2236022 1.2365040 1.2941930 1.2538560 1.2060018 1.3791324 1.4334003 1.2341090 1.3627821 1.2088347 1.5160632 1.4324090 1.4035936 1.5284681 1.1439088 1.1915000 1.5551074 1.6156131 1.2531934 1.4461324 1.2961973 1.6400431 1.6367382 1.3519268 1.8634609 1.3340644 1.3584512 1.3584512 1.1897274 1.1201172 1.5683641 1.2531643 1.9394287 1.2302594 1.6858419 2.4956387 1.7134774 2.5667124 2.8423033 2.0184325 1.8203919 1.5471749 1.6432453 1.7919262 1.7852200 1.8175794 1.6664008 1.7874681 1.7818294 1.6109738 2.0770391 1.7720218 1.8149450 1.6756199 2.1337505 2.5230241 1.5905282 1.3090452 1.1492339 1.1349609 1.0275916 1.0275916 1.1639549 1.0533230 0.9572247 0.9527552 1.3581005 1.2728070 1.6028609 2.5115233 2.2874312 1.5490738 1.5144811 2.0242887 2.1281371 2.0280689 2.4367070 2.5942361 4.5045630 
Microa_EP00043_Microstomoeca_roanoka_P028472          2.9618709 1.9160601 1.4176492 1.9607285 0.7570811 0.5202167 0.0000000 0.2287297 0.5937371 0.6345675 0.5287652 0.3220444 1.4657018 1.2498350 0.7347374 1.2875642 1.2875642 1.3095508 1.2727162 1.4736027 0.6216299 0.8484990 0.7604620 1.2896820 1.1897437 1.2577310 1.2909758 1.3102504 1.3195458 1.1042353 0.9546015 1.2186503 1.1129498 0.9230987 0.9200167 0.9761941 1.0527667 1.1360737 1.2302429 1.2293242 1.2894294 1.2893621 1.2987336 1.2516389 1.2842434 1.0508883 1.2439531 1.2516870 1.3954171 1.3044104 1.2482717 1.5266479 1.5187535 1.2078837 1.3887061 1.1304062 1.4092834 1.4058897 1.3376227 1.3581210 1.3900375 1.1081613 1.5330019 1.6031114 1.0996856 1.4012209 1.3131061 1.5169155 1.5270496 1.2379203 2.0575207 1.2790840 1.2839505 1.2839505 1.0665425 1.1133197 1.4888072 1.1643933 1.7598752 1.0799354 1.4050439 2.2783804 1.6079402 2.1191868 2.3542100 1.8139218 1.6433422 1.4158636 1.5025208 1.7258152 1.7145107 1.7445837 1.4422328 1.5733014 1.6821004 1.4645609 1.7509394 1.6587572 1.6151107 1.5923986 1.6556931 1.9133743 1.4189950 1.2845018 1.1541259 1.1624901 1.0588897 1.0588897 1.1740668 1.0245763 1.0294555 0.9036569 1.3486405 1.5348801 1.7868807 2.4385332 2.3967471 1.6807052 1.5176462 1.8628055 2.1157378 2.5764134 2.9614522 2.1711180 3.8385392 
Sros_EGD80722                                         2.7967793 1.8978899 1.3467083 1.9754056 0.5947445 0.4915464 0.2287297 0.0000000 0.6082088 0.6357328 0.5344872 0.5215577 1.4006368 1.3089420 0.6854849 1.2719207 1.2719207 1.2748181 1.1919306 1.3997405 0.5557439 0.8025075 0.7480358 1.2346695 1.1484191 1.2115166 1.2591449 1.3297540 1.3166582 1.0886583 0.9481160 1.1637898 1.1249749 0.9539490 0.9496746 0.9664187 1.0412901 1.0977378 1.1517917 1.2389395 1.3195715 1.3213426 1.3177479 1.2782400 1.2820272 1.0958226 1.1810589 1.1540393 1.3090972 1.2195439 1.1881500 1.5877675 1.4735554 1.1475817 1.3281255 1.0763256 1.3625048 1.3859642 1.2410388 1.3918149 1.3070859 1.0343798 1.5916617 1.6437610 1.1227876 1.4112386 1.3195558 1.5210398 1.5759305 1.2541620 2.1605067 1.3240431 1.3586558 1.3586558 1.1214252 1.0380572 1.4362338 1.1376389 1.6531303 1.1314715 1.4771359 2.3235257 1.6591637 2.1201804 2.6384976 1.9205953 1.7347506 1.5164843 1.6175302 1.6587178 1.6459884 1.6654938 1.5331620 1.5653247 1.6741097 1.4880460 1.8556695 1.6982071 1.7605750 1.6427830 1.8852512 1.9539034 1.5294946 1.3002976 1.1027415 1.1002616 0.9702323 0.9702323 1.0862192 1.0245751 0.9323952 0.8379748 1.2233867 1.2928592 1.4971340 2.0961018 2.1411159 1.2891141 1.4834530 1.8754212 2.2206894 2.2676490 2.5257569 2.5014323 3.6095753 
Chofle_EP00730_Choanoeca_flexa_P004114                2.9412312 1.9309455 1.3935029 2.1832428 1.2896270 0.5999690 0.5937371 0.6082088 0.0000000 0.1708981 0.4242433 0.4859913 1.3252889 1.3742224 0.8350639 1.3349216 1.3349216 1.3549517 1.3531901 1.5853909 0.6853246 0.8873674 0.7674868 1.3392436 1.3504489 1.3416950 1.3230135 1.4246495 1.4558838 1.1824486 0.9921792 1.3166041 1.2146654 1.3366419 1.2450479 1.0538219 1.2430718 1.2755847 1.2694741 1.3315635 1.3916699 1.3935724 1.4290776 1.4352809 1.3707382 1.1819704 1.3734751 1.3496923 1.4335194 1.3322742 1.3325481 1.6409620 1.6420644 1.2949971 1.4404531 1.1818021 1.5374432 1.5099988 1.4100170 1.5089273 1.3145834 1.1538779 1.6803743 1.6768639 1.3264190 1.3479076 1.3708894 1.3926258 1.6160744 1.2783183 2.3824921 1.3835572 1.3821402 1.3821402 1.1204749 1.1039446 1.5338268 1.2266385 1.7142518 1.2344437 1.6402138 1.9563306 1.6409434 2.4211003 2.9099558 2.0578262 1.9375340 1.6661223 1.7051316 1.7950800 1.7701844 1.8115101 1.6311131 1.8482116 1.8325775 1.7419416 2.1552483 1.8197771 1.8395962 1.7130748 2.2005017 2.5674835 1.7862142 1.3575250 1.1404642 1.1793551 1.0090071 1.0090071 1.0848357 1.0589630 1.0807126 0.9049351 1.3815647 1.3744204 1.4886797 2.1477036 2.6446273 1.3955261 1.6350613 2.0324871 2.2212630 3.1910766 3.6535713 3.1424563 3.3791392 
Choper_EP00045_Choanoeca_perplexa_P015249             2.7759611 2.0328121 1.4495267 2.1453171 1.0591562 0.6675042 0.6345675 0.6357328 0.1708981 0.0000000 0.4554887 0.5168664 1.3617538 1.4401584 0.8939563 1.3385939 1.3385939 1.3679258 1.3055287 1.5795956 0.6880492 0.9089378 0.8342660 1.3992849 1.4169170 1.3845655 1.4159057 1.4390388 1.4658789 1.1781988 1.0460622 1.3223788 1.2885367 1.3681260 1.2743674 1.1344921 1.2296477 1.2857788 1.2387710 1.3410721 1.4018167 1.4016490 1.4299020 1.4036508 1.3775928 1.1644750 1.3229154 1.3092207 1.2946745 1.2995455 1.2963945 1.5238960 1.5752030 1.2779279 1.4206699 1.1364240 1.5563342 1.5208027 1.4517694 1.5130403 1.4317103 1.1120805 1.6900726 1.7061950 1.3706878 1.3592173 1.3926095 1.3999757 1.6414984 1.3035430 2.3340319 1.4034505 1.3747050 1.3747050 1.1428426 1.1959704 1.5779287 1.2754609 1.8005373 1.2158198 1.7054337 2.0717428 1.7031886 2.4226557 2.7871400 2.0402783 1.8942051 1.6446556 1.7098196 1.8153749 1.7941703 1.8215739 1.6880247 1.8533782 1.8477103 1.7256018 2.1968973 1.8749375 1.9351083 1.7574354 2.1147031 2.6261542 1.8318271 1.3953773 1.1410247 1.1829437 1.0455874 1.0455874 1.0989681 1.1047067 1.1291201 0.9285551 1.4369506 1.3859868 1.4526083 2.1995363 2.6772386 1.6080778 1.6663665 2.0437569 2.3725610 2.9194919 3.3255242 2.5760395 3.4200551 
Mbre_EDQ91239                                         0.6233210 1.8809406 1.3064790 2.3417497 0.7910371 0.5739464 0.5287652 0.5344872 0.4242433 0.4554887 0.0000000 0.2703525 1.1747712 1.2141095 0.6937706 1.1451243 1.1451243 1.1378892 1.1093462 1.2426061 0.6128985 0.7698960 0.9057379 1.1110507 1.1335078 1.2090196 1.2636212 1.1528077 1.1704682 0.9822432 1.1448336 1.0897211 0.9972500 1.1022326 1.0251455 1.1363434 1.1415302 1.0643224 1.1018502 1.1193237 1.1547491 1.1584093 1.1648435 1.1675091 1.1435107 1.1099449 1.2826835 1.1021492 1.3813419 1.0792508 1.1119004 1.5138611 1.3019367 1.0641145 1.4443608 1.1866248 1.2374383 1.2421809 1.1581361 1.4379594 1.5424709 1.2032142 1.4754124 1.4549321 1.5340588 1.4337516 1.5597790 1.3716259 1.6823766 1.3567737 1.5812394 1.1771250 1.1753229 1.1753229 1.1935425 1.1321472 1.2817670 1.1927763 1.5862110 1.2343996 1.4955521 2.5965117 1.3740359 2.1097927 2.4636389 1.8432473 1.7121188 1.4996758 1.5604736 1.4891613 1.4891613 1.5270369 1.7966895 1.7739772 1.5070391 1.5426924 1.9377993 1.4656338 1.7063670 1.4737127 2.0789095 2.4592473 1.5013043 1.3234800 0.9914145 1.0301706 0.9709763 0.9709763 1.0384300 0.9562714 0.9363146 0.8612384 1.0800397 0.5438426 0.5469901 0.5997767 1.6780214 0.3003865 1.2819408 1.7375139 2.2295758 1.8389207 2.0629147 2.0047161 3.8630916 
Morvir_scaffold331.g20.t1                             0.0000010 0.0000010 0.3214177 0.0000010 0.4467759 0.4353248 0.3220444 0.5215577 0.4859913 0.5168664 0.2703525 0.0000000 0.1712474 0.2405955 0.2059953 0.2331266 0.2331266 0.2196508 0.2207955 0.3606235 0.0000010 0.2480548 0.0000010 0.2153684 0.3574971 0.4074087 0.3448040 0.3117450 0.2516744 0.2207690 0.9092258 0.2973164 0.2563295 0.0000010 0.0000010 0.0000010 0.2816856 0.2816856 0.2620501 0.2732640 0.2916804 0.2916804 0.2732640 0.2732640 0.3369462 0.3539143 0.3403863 0.3828805 0.0000010 0.4182026 0.3539116 0.0000010 0.3118319 0.3523890 0.0000010 0.2754040 0.3565388 0.3476402 0.3155101 0.5795727 0.0000010 0.2633583 0.3203328 0.5322271 0.7570353 0.0000010 0.0000010 0.0000010 0.7052694 0.8373373 0.1789115 0.5507365 0.4294919 0.4294919 0.0000010 0.3413109 0.4087383 0.4009849 9.0000000 0.0000010 0.0000010 0.0000010 0.0000010 0.0000010 0.0000010 0.0000010 0.5410805 0.5410805 0.0000010 0.6733944 0.6733944 0.6733944 0.0000010 0.4213760 0.4834594 0.4834594 0.7263576 0.4384421 0.7263576 0.4236051 0.0000010 0.0000010 0.0000010 0.0000010 0.5441132 0.4800069 0.4149492 0.4149492 0.5847701 0.3093200 0.5747724 0.4216756 0.4473845 0.0000010 0.0000010 0.0000010 2.8549942 0.0000010 0.6130000 0.7816411 0.9324882 0.0000010 0.0000010 0.0000010 0.0000010 
Sanmal_Sma_025109-T1                                  2.0634030 1.5572333 1.2279677 2.0062783 0.8384655 1.3086481 1.4657018 1.4006368 1.3252889 1.3617538 1.1747712 0.1712474 0.0000000 1.2029133 1.2559613 0.3882097 0.3882097 0.4080355 1.0015788 0.9769770 0.3605315 1.4588524 0.7767617 1.1834520 1.2386798 1.1803081 1.1413991 1.2244740 1.1846904 1.2568053 0.9267151 1.3381425 1.2789024 1.7241297 1.6776412 0.9039939 1.1647287 1.2781186 0.9455920 1.2046713 1.3722385 1.3722853 1.3573076 1.3491950 1.3137300 1.0079746 1.0098555 0.9883850 1.1120440 0.9849832 0.9223800 1.5006381 1.0816181 0.9688817 1.1442675 1.0231129 1.2424135 1.2916266 1.2677471 1.2957353 1.0068292 0.7187088 1.8300521 1.6571677 0.8901500 1.3454218 1.2116118 1.4709191 1.8149800 1.3904840 2.3932131 1.3742522 1.3933159 1.3296885 1.2621547 1.2033529 1.3829473 1.1359168 1.6165636 0.5290244 1.0600256 0.3983178 1.5144520 1.9433381 3.0332636 2.1251839 1.9192681 1.5839237 1.6821665 1.6665816 1.6244170 1.6537341 1.6345091 1.6813746 1.6051562 1.5144905 2.1038721 1.5375826 1.7814479 1.5864354 1.4364549 1.7325386 1.8531621 1.3095383 1.7829637 1.9007611 1.5484760 1.5484760 1.7104199 1.6488317 1.5420872 1.4653164 1.7364562 0.5613611 0.6445655 2.3134395 2.2161751 1.5183055 1.6924014 1.7846020 1.8845488 1.7777506 2.0139888 1.3147954 3.4002471 
Skow_XM_006818225.1                                   2.3871119 1.2579155 1.0569465 1.3013633 1.0216205 1.3627251 1.2498350 1.3089420 1.3742224 1.4401584 1.2141095 0.2405955 1.2029133 0.0000000 1.1515639 1.1271475 1.1271475 1.1656496 1.1401767 1.2625152 0.7911062 1.3681711 0.2856347 0.7507215 0.8374750 1.0278986 0.9087976 0.8965962 0.8839175 1.0030280 0.7169533 1.1235850 1.1118483 1.1156000 1.0818504 0.7446011 1.0078607 0.9985821 1.0215452 1.0627981 1.1921029 1.1916458 1.2164307 1.1804249 1.1846019 0.9065291 0.9915534 1.1034871 1.2400045 1.1283620 1.1036394 1.5146331 1.4029952 1.0284803 1.1700290 1.0676283 1.0304413 1.0406615 1.0264512 1.0809251 0.9218202 1.0104796 1.5299495 1.4115719 1.0086002 1.0758826 0.8806505 1.2900019 1.4105926 1.1005109 2.4024535 1.1458242 1.1723018 1.1252361 0.8474274 0.9205951 1.0610119 0.9066944 1.2184222 0.9674994 1.3189229 1.8982208 1.3211466 2.1277369 2.7929197 2.1084607 1.8458706 1.6079981 1.7709649 1.9194679 1.8631379 1.9219175 1.3327416 1.6468807 1.8556833 1.6080346 2.0058029 1.7457899 1.9005587 1.8193579 1.7671823 2.0583344 2.3067891 1.9254346 1.6278797 1.6520526 1.5557117 1.5557117 1.5923901 1.4462604 1.4672320 1.4317205 1.8495428 1.5241219 2.5281086 2.7298839 2.8668404 1.9706424 1.8930790 1.8436544 1.5295446 2.0344866 2.3368798 2.1648052 2.1313716 
Saldol_EP00054_Salpingoeca_dolichothecata_P028973     2.3755435 1.7950437 1.3432833 1.9887679 0.7073054 0.6987245 0.7347374 0.6854849 0.8350639 0.8939563 0.6937706 0.2059953 1.2559613 1.1515639 0.0000000 1.1410137 1.1410137 1.1979220 1.1292473 1.3884809 0.7060118 0.7405419 0.6128793 1.1140541 1.1517036 1.2238180 1.1734462 1.1526747 1.1568202 1.0139557 0.8847342 1.0724458 1.0570480 1.0979452 1.0604083 0.8422595 0.9852973 1.0414325 1.0501528 1.1663208 1.2185057 1.2184928 1.2240445 1.1665672 1.2465899 1.0079133 1.0543577 1.0888801 1.2862961 1.0606867 1.0828353 1.2374890 1.3078523 1.0697119 1.1044922 1.0005050 1.2436128 1.2639832 1.2631407 1.3034662 1.0810059 1.0572114 1.5006350 1.4331658 1.2280079 1.1349071 1.1646812 1.1729207 1.3994368 1.0883518 1.9749985 1.2563206 1.2513831 1.2513831 0.9156099 1.0599572 1.3735538 1.1371784 1.5973407 1.0496200 1.3546336 2.4871006 1.4776873 2.3241254 2.7770036 1.9820472 1.7675186 1.4790933 1.5822975 1.6741747 1.6602974 1.6915754 1.4229091 1.6931037 1.7173282 1.5026739 1.8475985 1.5926836 1.7340763 1.6236999 1.5840365 1.9793151 1.7661711 1.4826769 1.0152281 1.0852765 0.9627845 0.9627845 1.0953197 1.0140802 0.8132568 0.8109905 1.0396237 1.3918039 1.5139360 2.3390848 2.4364782 1.4796635 1.3804626 1.8960143 1.8702439 1.6231769 1.7380883 2.6308591 3.5100316 
Nemnom_g12507.t1                                      1.5643334 1.2234670 1.1978293 1.7437065 0.8389900 1.2797013 1.2875642 1.2719207 1.3349216 1.3385939 1.1451243 0.2331266 0.3882097 1.1271475 1.1410137 0.0000000 0.0000010 0.1596403 0.9205442 1.0115385 0.3692939 1.3244468 0.5997665 1.1817054 1.1051992 1.1490940 1.0818061 1.1548473 1.1381674 1.1225049 0.8768479 1.2114888 1.1301336 1.3707288 1.3585645 0.8385786 1.0950878 1.1703589 0.8542902 1.1344585 1.2777147 1.2812385 1.2617527 1.2246993 1.2344273 0.9792927 0.9759169 0.9787515 1.0356872 1.0143709 0.9287276 1.4550410 1.1736009 0.9326333 1.1568723 0.9247138 1.2599595 1.2605217 1.1735065 1.2254703 0.8320296 0.8481682 1.6332152 1.6041515 1.0718437 1.3877666 1.2252830 1.5424402 1.6167643 1.2614071 2.3509060 1.2744639 1.3023476 1.2582284 1.1075530 1.0803453 1.3325384 1.0765087 1.5678113 0.5178063 1.0148135 0.4159067 1.4052783 2.1488835 2.6352853 1.8760983 1.7534293 1.5317969 1.5875656 1.6444715 1.5909043 1.6312062 1.4156185 1.5799350 1.5587931 1.4756821 1.9834143 1.4299594 1.6997024 1.4492717 1.3414941 1.5862401 1.9440678 1.2469329 1.6867496 1.7609103 1.5269444 1.5269444 1.5762234 1.5095382 1.4714074 1.4055325 1.6536663 0.6225847 0.5540220 2.0251050 1.9668896 1.2997269 1.5866450 1.7919552 1.9177319 1.9266511 2.1373406 1.1590936 3.7472292 
Nemnom_g5924.t1                                       1.5643334 1.2234670 1.1978293 1.7437065 0.8389900 1.2797013 1.2875642 1.2719207 1.3349216 1.3385939 1.1451243 0.2331266 0.3882097 1.1271475 1.1410137 0.0000010 0.0000000 0.1596403 0.9205442 1.0115385 0.3692939 1.3244468 0.5997665 1.1817054 1.1051992 1.1490940 1.0818061 1.1548473 1.1381674 1.1225049 0.8768479 1.2114888 1.1301336 1.3707288 1.3585645 0.8385786 1.0950878 1.1703589 0.8542902 1.1344585 1.2777147 1.2812385 1.2617527 1.2246993 1.2344273 0.9792927 0.9759169 0.9787515 1.0356872 1.0143709 0.9287276 1.4550410 1.1736009 0.9326333 1.1568723 0.9247138 1.2599595 1.2605217 1.1735065 1.2254703 0.8320296 0.8481682 1.6332152 1.6041515 1.0718437 1.3877666 1.2252830 1.5424402 1.6167643 1.2614071 2.3509060 1.2744639 1.3023476 1.2582284 1.1075530 1.0803453 1.3325384 1.0765087 1.5678113 0.5178063 1.0148135 0.4159067 1.4052783 2.1488835 2.6352853 1.8760983 1.7534293 1.5317969 1.5875656 1.6444715 1.5909043 1.6312062 1.4156185 1.5799350 1.5587931 1.4756821 1.9834143 1.4299594 1.6997024 1.4492717 1.3414941 1.5862401 1.9440678 1.2469329 1.6867496 1.7609103 1.5269444 1.5269444 1.5762234 1.5095382 1.4714074 1.4055325 1.6536663 0.6225847 0.5540220 2.0251050 1.9668896 1.2997269 1.5866450 1.7919552 1.9177319 1.9266511 2.1373406 1.1590936 3.7472292 
Rhoesc_Res_011358-T1                                  1.4216375 1.4246875 1.2524788 1.8080296 0.7422733 1.2931119 1.3095508 1.2748181 1.3549517 1.3679258 1.1378892 0.2196508 0.4080355 1.1656496 1.1979220 0.1596403 0.1596403 0.0000000 0.9472966 1.0170442 0.3387531 1.3490715 1.0277025 1.2270065 1.1595550 1.1606660 1.1326929 1.1911362 1.2357696 1.2275861 0.9215599 1.2099056 1.1830970 1.3517152 1.3887802 0.8666664 1.0919401 1.2202446 0.9115624 1.1461583 1.2968752 1.3022823 1.2994798 1.2555377 1.2665752 0.9966088 0.9856901 0.9917933 0.9239386 1.0016608 0.9298644 1.3781938 1.1360117 0.9430883 1.2238084 0.9505557 1.2808185 1.3095537 1.2444839 1.2942628 1.3619973 0.8152745 1.7018808 1.7111537 1.1015005 1.5360626 1.2833098 1.7701183 1.7448220 1.3691121 2.3885981 1.3513911 1.3604381 1.3144301 1.2041860 1.2123073 1.3687051 1.0555042 1.5854376 0.5908952 1.1149944 0.4850480 1.4406334 2.2206265 2.7941557 1.9162559 1.7593975 1.6128898 1.7149370 1.7261562 1.6838192 1.6942337 1.4276553 1.6466859 1.6024446 1.5414065 2.2160489 1.4648794 1.9115042 1.4988132 1.5040695 1.7518164 2.3542601 1.2020488 1.6646783 1.7348779 1.5490374 1.5490374 1.5840949 1.5689971 1.4866026 1.4300197 1.6552689 0.6065002 0.5573154 2.0260890 2.0935013 1.3253775 1.6421477 1.8407699 2.0869792 1.6427716 1.8260603 1.2565886 3.9933695 
Dgig_XM_028537057.1                                   2.2858587 1.3671180 1.2106438 1.8819573 1.0812846 1.2735180 1.2727162 1.1919306 1.3531901 1.3055287 1.1093462 0.2207955 1.0015788 1.1401767 1.1292473 0.9205442 0.9205442 0.9472966 0.0000000 1.1642997 0.3520122 1.2732381 0.7250383 1.1479254 1.1831535 1.1006994 1.0600077 1.1335012 1.1272096 1.0654126 0.7989745 1.0502515 1.0534500 1.0783143 1.0803909 0.7947659 0.9819343 1.0874992 0.7142151 1.1083231 1.2160940 1.2160833 1.2064396 1.1597124 1.2042501 0.9660094 0.7174270 0.7548330 0.6994070 0.7842237 0.7302891 1.0082550 0.9388761 0.7491247 0.9108447 0.8013769 1.1986400 1.2124661 1.1234247 1.1734193 1.1655738 0.8715752 1.4640062 1.5784309 0.9545153 1.4585549 1.2866764 1.6139139 1.5399906 1.2690394 1.9660940 1.2164788 1.2281661 1.1983078 1.0266359 0.9751131 1.2878481 1.0499446 1.6673925 0.7983799 1.1680350 1.6523720 1.3954145 2.0865593 2.5516632 1.8150095 1.6580992 1.4088633 1.4837905 1.5743190 1.5507607 1.5797099 1.2716622 1.5268902 1.4997434 1.3471026 1.7231810 1.4943588 1.7329193 1.5413816 1.3195413 1.5852823 1.5849666 1.4389607 1.5882580 1.6292524 1.4344711 1.4344711 1.5851633 1.3947306 1.3650333 1.2619445 1.4763755 0.9078731 1.1840945 2.1416199 2.1849168 1.4447474 1.6883379 1.6866840 1.8910405 2.4922878 2.7304032 0.4528474 3.2794453 
Hvul_g20347_1                                         1.4480379 1.7179604 1.3858224 2.2970671 0.7626749 1.5279122 1.4736027 1.3997405 1.5853909 1.5795956 1.2426061 0.3606235 0.9769770 1.2625152 1.3884809 1.0115385 1.0115385 1.0170442 1.1642997 0.0000000 0.2174059 1.4535467 0.8219275 1.2605765 1.2886810 1.3330619 1.2239042 1.2503296 1.2053081 1.3613444 1.0642667 1.3132863 1.2995312 1.3570667 1.3560742 1.1755805 1.2468242 1.3656310 1.0991736 1.2628890 1.3459119 1.3473119 1.3386032 1.3125773 1.3226541 1.0261650 1.1188412 1.0971478 0.9195240 1.1652493 1.1339824 1.7095312 1.3911202 1.0871734 1.3050348 1.0229652 1.2693433 1.2741047 1.3356092 1.3120444 1.0425729 0.6007653 1.8196148 1.7587434 1.1209059 1.4461552 1.3122876 1.6044119 1.6865045 1.3053205 2.4085113 1.4684893 1.4212864 1.3854013 1.2048034 1.0963241 1.3491087 1.1555085 1.7689803 0.8812647 0.7923040 1.4606469 1.5195481 2.4296489 2.8041703 2.1422874 1.8459961 1.6049231 1.7897087 1.7524477 1.7108088 1.7459529 1.6677898 1.7079371 1.6818101 1.6305816 2.1061959 1.6145234 1.9108378 1.6480138 1.7983262 2.1639736 1.7161143 1.2101395 1.7606764 1.8799912 1.6996601 1.6996601 1.6800018 1.5792503 1.6976619 1.6025230 1.7867541 1.0238719 1.1651939 2.3291613 2.3343083 1.8351935 1.8000385 1.8029646 2.1245087 2.2363996 2.4661364 1.7824699 4.1701681 
Chem_TCONS_00003103                                   0.0000010 0.0000010 0.9843655 0.0000010 0.0000010 0.4827811 0.6216299 0.5557439 0.6853246 0.6880492 0.6128985 0.0000010 0.3605315 0.7911062 0.7060118 0.3692939 0.3692939 0.3387531 0.3520122 0.2174059 0.0000000 0.5521525 0.0000010 0.5335278 0.4681696 0.6207776 0.6212104 0.6228340 0.7135617 0.6989815 0.0000010 0.7638001 0.7847680 0.0000010 0.0000010 0.0000010 0.5519356 0.6475259 0.4176429 0.5690159 0.5740685 0.5740685 0.5909251 0.5909251 0.5504549 0.4943203 0.6615859 0.3787719 0.3367105 0.3904866 0.3553967 0.0000010 0.3423021 0.3694002 0.0000010 0.8795574 0.7840967 0.8182146 0.6890737 0.9899843 0.0000010 0.0000010 1.0128774 1.2516885 2.5317349 0.0000010 0.0000010 0.0000010 6.6614370 3.0509255 1.2100774 0.8245975 0.8394686 0.8394686 0.0000010 0.0000010 0.8602419 0.9500131 0.8470922 0.0000010 3.4663988 0.0000010 0.7673599 1.6987741 0.0000010 0.0000010 1.1981153 1.1981153 0.0000010 0.8556576 0.8556576 0.8325536 0.0000010 1.4142183 0.9070848 1.1981153 0.0000010 0.8612209 0.0000010 0.8430241 0.0000010 0.0000010 0.0000010 0.9592151 0.8684113 0.8400746 0.6526329 0.6526329 0.7331084 0.7599698 0.6271927 0.7199197 0.6682152 0.2897992 0.3893211 0.1358029 1.1640661 0.0974597 1.2148086 0.8964596 0.0000010 2.8975461 2.8975461 0.0000010 0.0000010 
Salkve_EP00050_Salpingoeca_kvevrii_P022245            3.0591533 1.9591854 1.3776773 1.8538766 0.7548660 0.8341487 0.8484990 0.8025075 0.8873674 0.9089378 0.7698960 0.2480548 1.4588524 1.3681711 0.7405419 1.3244468 1.3244468 1.3490715 1.2732381 1.4535467 0.5521525 0.0000000 0.7251242 1.2523154 1.2169921 1.2691938 1.1819217 1.2630974 1.2932380 1.1624138 1.0687938 1.1957504 1.1842810 1.3548848 1.2837751 1.0928773 1.1426546 1.1837491 1.1906252 1.3078198 1.2711229 1.2725405 1.2809003 1.2247689 1.2990308 1.0695171 1.2530183 1.2418108 1.3430179 1.2844316 1.2076636 1.4503363 1.5043953 1.2456878 1.3665734 1.1095330 1.3444514 1.3654615 1.3057232 1.3048789 1.1818335 1.0748409 1.5787959 1.7551113 1.3124748 1.3013662 1.4145908 1.2729044 1.6119194 1.2362226 2.3676171 1.3412668 1.3829315 1.3829315 1.0969363 1.1747499 1.4184712 1.2111094 1.7584349 1.1769063 1.5492914 2.9102231 1.5805270 2.6379976 3.0693518 1.9950501 1.7577266 1.5194114 1.6544946 1.6837351 1.6711708 1.6993478 1.7370232 1.7074954 1.7303565 1.5514231 2.1012080 1.6822770 1.8714308 1.6661577 2.0912508 2.4876115 1.8934221 1.2786748 1.1708443 1.1934602 1.0573052 1.0573052 1.1168513 1.1484436 0.9021553 0.8699201 1.2564712 1.4716077 1.5714426 2.8145761 2.6283133 1.5012539 1.4642298 1.8836672 2.0534724 1.9675587 2.4081056 2.5329746 3.2801298 
Ctel_gnl_WGS_AMQN_CAPTEDRAFT_mRNA150162               0.0000010 1.2780401 0.3553126 1.7016412 0.0000010 0.8400681 0.7604620 0.7480358 0.7674868 0.8342660 0.9057379 0.0000010 0.7767617 0.2856347 0.6128793 0.5997665 0.5997665 1.0277025 0.7250383 0.8219275 0.0000010 0.7251242 0.0000000 0.1838550 0.2214092 0.2176324 0.2462504 0.2798488 0.2983805 0.4071604 0.0000010 0.4177430 0.4178723 0.4372034 0.4089070 0.0000010 0.0000010 0.3761810 0.6770929 3.3593972 1.1656911 1.1656911 1.2128150 1.1651429 1.2050251 1.1715085 0.7567379 0.7920983 0.0000010 0.8104031 0.7280932 1.6232761 1.9021277 0.4304311 0.7799594 0.5528439 0.3659247 0.3514279 0.2657550 0.5308719 0.5524639 0.0000010 8.9999987 0.6203254 0.0000010 0.6099425 0.0000010 0.6099425 0.3865527 0.3701017 0.0000010 0.4393152 0.4238145 0.4238145 0.4030792 0.4052720 0.3496906 3.8545642 0.2540854 0.6798740 1.0542966 0.0000010 0.5138698 0.0000010 9.0000000 9.0000000 9.0000000 0.9787867 0.9787867 0.9249743 0.9249743 1.2255617 0.0000010 1.0810005 1.1374102 1.1374102 1.1374102 3.6861085 1.1142149 8.9999984 0.0000010 0.0000010 1.1483682 0.6312947 1.2335723 1.3295215 1.3337394 1.3337394 1.7025636 1.4334577 1.0328340 0.7003757 1.2812033 0.0000010 0.0000010 0.0000010 5.8624172 0.0000010 0.9600468 1.7290847 5.8834770 0.0000010 0.0000010 1.3012352 0.0000010 
Spur_XM_030976146.1                                   2.7085633 1.0352822 1.0914438 1.2914693 0.9547811 1.3532102 1.2896820 1.2346695 1.3392436 1.3992849 1.1110507 0.2153684 1.1834520 0.7507215 1.1140541 1.1817054 1.1817054 1.2270065 1.1479254 1.2605765 0.5335278 1.2523154 0.1838550 0.0000000 0.8404626 0.9518198 0.9143997 0.9512182 0.9389020 1.0255126 0.6976614 1.0846628 1.0147026 1.1553043 1.1190632 0.7255656 0.9860025 1.0514642 0.9724565 1.1467748 1.2819351 1.2823997 1.3112011 1.2885558 1.2442104 0.9806632 1.1284699 1.0973258 1.5780258 1.1548512 1.0899293 1.4930486 1.3544643 1.0512448 1.1333124 1.0459845 1.0422667 1.0971176 1.0295147 1.0277260 0.6594819 1.1594052 1.6138468 1.4250233 1.1263911 1.0753328 0.8990018 1.2423497 1.5051512 1.1317402 2.1097405 1.1932168 1.2761887 1.2211594 0.8763446 0.8658992 1.1532500 0.9154733 1.3223854 0.9359304 1.1867994 2.1179742 1.4170850 2.0772376 2.6975723 2.0527144 1.8580946 1.6226719 1.7310293 1.8124999 1.7450525 1.7857463 1.3621440 1.6338568 1.6579499 1.5723192 1.9834898 1.6112403 1.8246127 1.6385304 1.5898248 1.7993336 1.9011694 1.2888485 1.6630990 1.6447381 1.5355654 1.5355654 1.6160860 1.4769793 1.4691940 1.3801858 1.6570723 1.0112347 1.3047179 1.9379684 2.2041839 1.4447787 1.9071172 1.7318542 1.4724913 2.9831208 3.2852762 1.5974803 2.4244103 
Bralan_BLAG07000768_1                                 2.1680686 0.9593545 1.0677381 1.1054748 1.2852875 1.3603523 1.1897437 1.1484191 1.3504489 1.4169170 1.1335078 0.3574971 1.2386798 0.8374750 1.1517036 1.1051992 1.1051992 1.1595550 1.1831535 1.2886810 0.4681696 1.2169921 0.2214092 0.8404626 0.0000000 0.9669492 0.8330491 0.9025313 0.9461185 1.0093877 0.7047289 1.0945287 1.0686848 1.0502926 1.0191145 0.7170009 1.0251005 1.0515538 1.0004753 1.0619278 1.1920569 1.1930802 1.2188419 1.1617723 1.1724118 0.8711373 1.1281720 1.1359647 1.3530657 1.1339744 1.1117681 1.2983148 1.3493164 1.0460164 1.0703953 0.9894548 1.0376063 1.0454258 0.9184934 1.0199929 0.7373257 1.0958650 1.4992938 1.4130659 1.1715155 1.0746329 0.9006966 1.2411584 1.3499742 1.0229415 2.1278003 1.1941377 1.2292888 1.1876768 0.7804692 0.8590033 1.0378048 0.8717725 1.1946069 1.0069310 1.2028903 1.9067962 1.2595308 2.1602860 2.7267992 2.0655411 1.9113104 1.6486420 1.7189573 1.6506954 1.5912393 1.6261852 1.2687205 1.6924517 1.6517963 1.5855797 1.9744906 1.5756267 1.6565177 1.6135562 1.3676361 1.5029540 1.9658814 1.0455468 1.6068045 1.6413462 1.5595082 1.5595082 1.5762523 1.5206773 1.4581359 1.3462722 1.6895722 1.1639916 1.4044102 2.2840562 2.1694923 1.6248376 1.7025200 1.6545642 1.4408222 2.2478269 2.5279075 1.7853943 2.6490490 
Acagra_model.g30352.t1_model.g30351.t1                1.9788264 1.1099728 1.0649628 1.2141034 1.2099531 1.3558763 1.2577310 1.2115166 1.3416950 1.3845655 1.2090196 0.4074087 1.1803081 1.0278986 1.2238180 1.1490940 1.1490940 1.1606660 1.1006994 1.3330619 0.6207776 1.2691938 0.2176324 0.9518198 0.9669492 0.0000000 0.8520672 1.0691826 1.0386859 1.0571149 0.8931889 1.1543535 1.1372682 1.2146448 1.1935853 0.8870410 1.1287220 1.1091006 1.1050027 1.0883677 1.2541965 1.2588379 1.2618820 1.2292092 1.2046335 0.9805812 1.2072520 1.1547590 1.2866531 1.1722812 1.1710585 1.6090999 1.4509289 1.1020757 1.3013582 1.1188453 1.1120397 1.1428581 0.5898250 0.9760340 0.5478801 1.1098324 1.5753815 1.4841176 1.0611621 1.1416540 1.0774590 1.2256814 1.5083707 1.1784655 2.1348272 1.1482589 1.2276446 1.1817604 0.8774862 0.9819631 1.0012225 0.6825294 1.1923381 1.0691296 1.4492481 2.3293882 1.1752366 2.2772458 3.0045055 2.0622148 1.9110566 1.6325313 1.6975246 1.6298748 1.5578560 1.6123273 1.4786880 1.6540899 1.5970417 1.5464106 2.0991901 1.5547658 1.8335211 1.6581722 1.4525997 1.5627853 2.1341482 1.4992165 1.5457693 1.6108187 1.4200233 1.4200233 1.5763146 1.3709271 1.3617948 1.2994337 1.6476124 1.0986715 1.0861127 2.0080298 2.2458334 1.3065135 1.7689944 1.3243559 1.8316781 2.3608557 2.5878344 2.3131025 2.8416732 
Tcas_TC005178_001                                     1.2509958 0.8349406 0.6323307 1.0520117 1.4367424 1.2978441 1.2909758 1.2591449 1.3230135 1.4159057 1.2636212 0.3448040 1.1413991 0.9087976 1.1734462 1.0818061 1.0818061 1.1326929 1.0600077 1.2239042 0.6212104 1.1819217 0.2462504 0.9143997 0.8330491 0.8520672 0.0000000 0.8197326 0.8091980 0.9897784 0.7633662 1.0713585 1.0752532 1.0480754 1.0323028 0.8492343 1.0677908 1.0174770 0.9894959 1.0189872 1.1544104 1.1600342 1.1640500 1.1499026 1.1520295 0.9587394 1.1795432 1.0269824 1.3361066 1.0839575 0.9885894 1.2670085 1.2704908 0.9908239 1.1121607 1.0171565 0.9697777 0.9517841 0.8027002 1.0319389 0.7428912 1.2869094 1.5720198 1.3731430 1.0174918 1.1328676 1.1979141 1.1292968 1.4659182 1.1426509 1.9609620 1.1048512 1.2187118 1.1773156 0.8898487 0.8382975 0.7142344 0.8151428 0.8601168 1.0820110 1.2561532 2.1104871 1.1613208 2.2075120 2.6203856 1.9891059 1.8703568 1.6625477 1.7203643 1.5871557 1.5351984 1.5837813 1.2854356 1.7126583 1.5895273 1.6528656 1.9994669 1.4339693 1.7321335 1.4909718 1.5653091 1.7000292 2.1515568 1.5198884 1.5015132 1.5430735 1.4012505 1.4012505 1.5065222 1.4857778 1.3631294 1.2531433 1.6069769 0.8836249 0.9311850 1.2765036 1.8541315 0.9183185 1.7323817 1.5712780 1.6576730 2.6609187 3.0426824 1.9018328 2.0106639 
Hsap_ENST00000422611                                  2.3082366 1.1013695 1.0247090 1.2542830 1.3086245 1.3595254 1.3102504 1.3297540 1.4246495 1.4390388 1.1528077 0.3117450 1.2244740 0.8965962 1.1526747 1.1548473 1.1548473 1.1911362 1.1335012 1.2503296 0.6228340 1.2630974 0.2798488 0.9512182 0.9025313 1.0691826 0.8197326 0.0000000 0.3526097 1.0625653 0.7892689 1.1885206 1.0765585 1.1595583 1.1109460 0.7989221 1.1024653 1.1423687 1.0171095 1.1253543 1.2541290 1.2570552 1.2291584 1.2154176 1.2371385 0.9210697 1.1216125 1.0658912 1.2356550 1.0940364 1.0957549 1.4661264 1.3446401 1.0190815 1.0617503 1.0071247 0.5305868 0.5226365 1.0432567 1.0272592 0.8389592 1.3282101 1.4878092 1.3765423 1.0008237 1.0595367 1.0242982 1.1233994 1.3941143 1.0044692 2.1353679 1.0981202 1.1409300 1.0954257 0.7926043 0.8464906 1.1038034 0.8939129 1.3287568 1.0367434 1.1694591 1.7886293 1.3921853 2.1417837 2.6349316 2.0282882 1.9066449 1.6378675 1.6824136 1.7722502 1.7118491 1.7581820 1.3693913 1.7004179 1.6653800 1.5416284 1.8538542 1.6393774 1.6527181 1.6120560 1.6548057 1.9180464 1.9065487 1.3381243 1.4722213 1.5844340 1.5382011 1.5382011 1.5918675 1.5036169 1.5289243 1.3321031 1.7304198 1.3171189 1.3228319 2.4890292 2.4600183 1.4936395 1.8107543 1.6196638 1.5631598 2.7946299 3.1568410 2.2270997 2.7768100 
Hsap_ENST00000354181                                  2.4582022 1.1027150 0.9754861 1.3004153 1.3330897 1.3608747 1.3195458 1.3166582 1.4558838 1.4658789 1.1704682 0.2516744 1.1846904 0.8839175 1.1568202 1.1381674 1.1381674 1.2357696 1.1272096 1.2053081 0.7135617 1.2932380 0.2983805 0.9389020 0.9461185 1.0386859 0.8091980 0.3526097 0.0000000 1.0465927 0.7432139 1.1176945 1.0286777 1.1077619 1.0850573 0.7557306 1.0173583 1.0562001 1.0322841 1.1721839 1.2801484 1.2849198 1.2634235 1.2238716 1.2603754 0.9018722 1.0828599 1.0844607 1.2520865 1.1348530 1.1196545 1.3471977 1.3792928 1.0504068 1.0178538 0.9792527 0.5101607 0.4719289 1.0448559 1.0567082 0.8423552 1.2721064 1.4591515 1.3718065 0.9601655 1.0348940 1.0697887 1.0435863 1.3305956 1.0239378 2.1746201 1.0564803 1.1557636 1.1073295 0.8184265 0.8589686 1.0351442 0.8891131 1.2566728 0.9873368 1.1477932 1.8071125 1.3933728 2.1800345 2.7749648 2.0492494 1.8821945 1.6153108 1.6951441 1.7525326 1.6723200 1.7139852 1.2823663 1.6441139 1.6656439 1.5528449 1.9126470 1.6164008 1.6020142 1.6014717 1.5498505 1.8728806 1.8508637 1.1463469 1.5361990 1.6358957 1.5779162 1.5779162 1.5553251 1.4598794 1.5068788 1.3888453 1.7212250 1.2880904 1.2739012 2.3388566 2.3633377 1.3187812 1.7992978 1.5359804 1.5069885 3.4151218 3.7723631 2.1252589 2.7680386 
Plajan_Pjan_C570986_01                                2.6183074 1.3972312 1.1338487 1.5222421 1.0897138 1.1565164 1.1042353 1.0886583 1.1824486 1.1781988 0.9822432 0.2207690 1.2568053 1.0030280 1.0139557 1.1225049 1.1225049 1.2275861 1.0654126 1.3613444 0.6989815 1.1624138 0.4071604 1.0255126 1.0093877 1.0571149 0.9897784 1.0625653 1.0465927 0.0000000 0.5534192 0.8459352 0.8185529 0.8730940 0.8501942 0.5403785 0.4906120 0.5174129 0.9054607 0.9508719 1.0799307 1.0776419 1.0936314 1.0708237 1.0682237 0.8256254 1.0765648 1.0213439 1.2540035 1.0334362 1.0091846 1.4599811 1.2833703 0.9570823 1.1609149 0.9126559 1.1490807 1.0624941 1.0975186 1.2235366 0.9130670 1.1872108 1.4132422 1.1944350 0.9348302 0.8986615 0.7832542 1.0242962 1.1730838 0.9188692 1.9078000 1.0643901 1.0644566 1.0367462 0.8055414 0.8155541 1.2219766 0.9536549 1.4556091 1.0039401 1.2916568 1.7982268 1.4726800 1.9014357 2.4092480 1.9170253 1.7422588 1.5077341 1.6001547 1.7486730 1.6728972 1.7234306 1.2537503 1.5994792 1.6420817 1.5233180 1.8513377 1.5805599 1.6014098 1.5831766 1.1602961 1.3363500 1.6269773 1.2735302 1.3424990 1.4654401 1.3543645 1.3543645 1.4085024 1.3477438 1.1853730 1.1649070 1.4939601 1.0885328 1.3423373 1.8930933 2.0266819 1.2335030 1.6289774 1.8070081 1.5514628 2.6107223 2.8652538 2.3508405 2.3234803 
