114
Lcom_lcpid83308                                                    0.0000000 0.2663251 0.3335544 0.3085280 0.7233410 0.6370126 1.0816070 0.8652312 1.1548423 1.2466578 1.1410465 1.1458818 1.2485464 1.2108924 1.2819420 1.3604379 1.0891493 0.8547399 1.1279356 1.1198491 1.0284461 1.0315190 0.9980008 0.9902275 1.1290028 1.0592042 1.1292450 1.2628978 0.9430154 1.1394870 1.1814074 1.7993462 1.3393406 1.1918251 1.3335315 1.1890528 1.2274337 1.2067734 1.1800186 1.1646534 1.8206743 1.3540415 0.9981137 1.2557475 0.9481675 1.1312500 1.1738820 1.2832567 1.2370957 0.9839722 1.2854673 1.0450386 1.2956424 1.5925187 1.5173939 1.6789213 2.8339058 1.5049048 1.4308278 1.4308278 1.1298800 1.2461780 1.5048115 1.5284326 1.3753539 1.4470610 1.3718614 1.3761741 1.3761741 1.3851520 1.1546387 1.1546387 1.4122376 1.3158303 3.5754538 1.5263521 1.4477628 1.5120818 2.2869926 1.5490041 2.2960770 1.3573627 1.6748313 1.8365931 1.0165045 2.2442188 1.9342341 2.7888290 2.3036012 2.2199335 1.9800370 2.0062073 2.0882554 1.4688499 1.8929937 1.8041647 1.8331256 1.8861503 1.9074937 2.1336656 3.2087897 2.8475995 2.1864095 2.5971329 2.5910405 2.2315357 3.1834656 3.5338928 3.4666319 2.5385342 3.0656026 4.7722632 1.9523796 1.0168069 
Leuniv_Lniv_scaffold9345_01                                        0.2663251 0.0000000 0.4161174 0.2753271 0.6654453 0.7979528 1.0998481 1.0027457 1.3056421 1.2264258 1.1637407 1.1666880 1.3281123 1.2879272 1.1846988 1.2728287 1.1396656 1.0416049 1.3405885 1.1778577 1.1282518 1.1444598 1.0369863 1.0433645 1.0954676 1.0771027 1.0924834 1.2188139 1.1566876 1.0540325 1.0519607 1.4073266 1.3940476 1.1162517 1.1370935 1.1459786 1.1459786 1.1219273 1.1133344 1.0242700 1.3724070 1.1851878 1.0298705 1.0413951 1.6128125 1.2037959 1.0526117 1.4003329 1.4001257 1.3669619 1.3726468 1.2214335 1.3318309 1.2072608 1.5432103 1.6536043 8.9999984 1.3454857 1.3454857 1.3454857 1.1079641 1.1823090 1.3520538 1.3520538 1.4667534 1.4639747 1.3827390 1.4058581 1.4058581 1.4018485 1.1762520 1.1762520 1.4145075 1.4324440 3.4446136 1.3151424 1.1699774 1.2640174 1.8394583 1.1883993 2.1835966 1.3949947 1.7326245 1.6542047 0.9021257 2.2611623 4.6455134 2.2291467 2.2659098 2.0281265 1.7606318 1.8813925 1.9587295 0.0000010 2.1344997 1.6766448 1.7021208 1.7378545 1.8530237 2.0604177 4.0137939 2.5090286 2.1648262 2.7179040 2.8383563 1.9758431 3.4656808 3.9571985 3.9390000 2.2856902 2.4791763 2.7274532 1.7734851 3.7639729 
Gracom_Gcom_scaffold19188_01                                       0.3335544 0.4161174 0.0000000 0.4060638 0.7548715 0.6091676 1.2677066 0.9632410 1.3400699 1.3816344 1.2972497 1.3025618 1.3899434 1.3170211 1.2984115 1.4660021 1.2258972 0.9773233 1.2628318 1.4013112 1.2890325 1.2923589 1.2747213 1.2503161 1.3815402 1.2736309 1.3884242 1.4456883 0.9507321 1.3325992 1.2481759 2.2906942 1.5905141 1.2830184 1.4229336 1.3160607 1.3432381 1.3358141 1.2754155 1.2237842 1.8762156 1.4950028 1.2161926 1.5426519 1.0718583 1.3439161 1.5219484 1.3703893 1.4682592 1.1114014 1.5641105 1.1085645 1.3745793 1.6401610 1.9224816 1.9956528 3.5300934 1.7388694 1.6530213 1.6530213 1.1582504 1.2908788 1.7637501 1.8029293 1.5057891 1.5885635 1.6193623 1.6206666 1.6206666 1.6084941 1.2106913 1.2106913 1.6929716 1.3681625 4.6106139 1.7842887 1.7868004 1.7745947 3.1275781 1.9304072 2.5086517 1.5329008 1.8315753 2.0946051 1.2955839 2.2322796 1.9201650 2.6796260 2.2375337 2.1610497 2.0572312 2.1864884 2.2932054 1.5222027 2.0502066 1.8702698 1.9436437 1.9646474 2.0689442 2.2582859 3.6902789 3.0599966 2.3772935 2.9321365 2.7795607 2.3067999 3.1019442 3.9900152 3.7787115 2.8292548 2.6508047 4.5111612 2.1380550 1.2309030 
Scil_scict000947.3                                                 0.3085280 0.2753271 0.4060638 0.0000000 0.8316487 0.6883726 1.3807985 0.9704500 1.5591715 1.5131336 1.3910841 1.2645898 1.4869799 1.3546185 1.3195796 1.5532797 1.3460776 1.0178171 1.3063016 1.6132525 1.4857953 1.4977594 1.4382005 1.3659878 1.4067330 1.4001288 1.7005898 1.5213980 1.1100875 1.4847751 1.4088251 2.0384383 1.6145710 1.3401891 1.3445127 1.4228456 1.4097194 1.3819981 1.3670971 1.3210457 1.6562830 1.4208466 1.2828659 1.3276372 1.7095397 1.5227986 1.4604343 1.6683210 1.6286182 1.2395911 1.6465425 1.1615024 1.5040550 1.5851131 1.8831888 1.7121787 2.6597658 1.6745094 1.6652073 1.6652073 1.0310472 1.3327189 1.7201900 1.7201900 1.6148450 1.7154850 1.7131212 1.7376510 1.7376510 1.7350415 1.2959581 1.2959581 1.6811693 1.4287654 4.2548383 1.6333959 1.6256817 1.6911537 2.8211701 1.7810103 2.0451662 1.7896142 2.1086509 1.8832882 1.1969663 2.4026294 3.4075336 2.3557205 2.6289551 2.2100876 2.2669141 2.2293314 2.2144493 1.1146974 2.1788680 1.9159071 1.9389107 2.0660674 2.0494707 2.2966941 4.2226718 3.1621012 2.3940007 2.7539664 2.5861543 2.0631264 3.5356183 4.0490121 4.0437415 3.3626589 2.9185817 4.0034960 2.0585437 1.9990479 
Clacor_Ccor_scaffold14440_01                                       0.7233410 0.6654453 0.7548715 0.8316487 0.0000000 0.0000010 0.9972991 0.0000010 0.9208892 1.2463156 1.0102676 1.0446569 1.0382657 1.0004017 1.0080549 1.1071806 1.1639702 0.6671047 0.0000010 1.2437156 1.1997161 1.1997161 1.1139343 1.1169739 1.2561874 1.2151138 1.2810342 1.2571999 2.5713196 1.2380318 1.1106329 1.4365602 1.4145264 1.4736628 1.5455068 1.5383050 1.5383050 1.5058423 1.5027037 1.6170071 3.3077093 1.0310319 0.8431553 0.8561599 0.0000010 0.9618351 1.1552721 1.3168406 1.3544699 0.0000010 1.3216541 1.0968314 1.2595022 1.1896064 1.3964187 1.4637720 2.2876936 1.3959674 1.3959674 1.3959674 1.0346534 1.3981118 1.4819727 1.4819727 1.2078092 1.4816675 1.3205064 1.4006074 1.4006074 1.4303312 1.3960621 1.3960621 1.3991757 1.1143272 2.3207032 1.3793314 1.3793314 1.3635040 1.6141712 1.2927590 1.1658187 1.3274707 1.4270447 1.4217969 1.2635123 2.4395968 8.9999981 2.5009392 2.6106859 2.5757650 2.3595953 2.3673133 2.2768825 0.0000010 2.1013293 2.0920742 2.0920742 2.3696390 2.1042597 2.3712714 4.8902955 2.4780729 1.8514163 2.7413632 2.7673403 2.6440890 3.5704202 2.8642639 2.8642639 1.7403341 8.9398657 3.0264671 2.7427839 0.0000010 
Clacor_Ccor_C519263_01                                             0.6370126 0.7979528 0.6091676 0.6883726 0.0000010 0.0000000 0.9756203 0.8617139 0.9503963 1.0876628 0.9603772 0.9661304 1.0604850 0.9955531 1.0407426 1.0608826 0.8416203 0.8217518 1.0691335 0.8984644 0.8962750 0.9061858 0.8796500 0.8606800 0.8606800 0.9356061 0.9088860 0.8852632 0.8464318 0.8259861 0.8302446 4.1881129 0.9651196 0.9175352 0.9732137 0.8924167 0.8924167 0.8923944 0.8542843 0.8542843 1.3119917 1.3179593 0.9039898 1.1686509 0.9653492 0.9700652 0.9684360 1.1208767 0.9687653 1.0001516 0.9675395 1.1964331 1.1234740 9.0000000 1.5079835 0.0000010 0.0000010 1.2881983 1.1931160 1.1931160 1.2168664 1.2429806 1.2888545 1.2913037 1.2732499 1.2784667 1.1233308 1.1458007 1.1458007 1.1324499 1.1458007 1.1458007 1.1899365 1.2784667 8.9999989 1.2418711 1.1030811 1.1786421 0.0000010 1.3068970 2.9708920 1.3437394 1.3477507 1.9351711 1.0144375 1.8633021 1.4602804 7.1456423 1.6822786 1.6240725 1.6299956 1.5681925 1.9500541 1.2983052 1.6640725 1.4974832 1.4974832 1.8108858 1.7079991 1.6977229 2.6504165 2.7147728 4.3132521 2.1972868 2.1333263 2.4620875 2.5498686 3.1611599 3.1611599 3.0560975 2.0883640 3.4924788 1.0483959 0.8369468 
Bralan_BLAG04001804_1                                              1.0816070 1.0998481 1.2677066 1.3807985 0.9972991 0.9756203 0.0000000 0.2630445 0.4616549 0.4573191 0.4380952 0.4648206 0.4495292 0.4809862 0.5402446 0.5346981 0.7145384 0.4098230 0.8189646 0.9231774 0.7655692 0.7629773 0.8023133 0.7552566 0.8949824 0.7891636 0.7987163 0.8716675 0.5529466 0.8594016 0.8130939 1.6510937 1.0281647 0.9587977 1.1131458 0.9506109 0.9767722 0.9584266 0.8879892 0.8063911 1.0706971 0.4782076 0.9318557 1.2407362 0.8361104 1.0155580 0.9370667 1.0691539 1.1384547 0.8193752 1.2751214 0.9229580 1.1860504 1.1707168 1.5543842 1.4547625 3.0109389 1.3137627 1.2641070 1.2641070 0.7471482 0.8509666 1.3068950 1.3376815 1.2080798 1.2638141 1.2012590 1.1294909 1.1294909 1.1323072 0.8034399 0.8034399 1.2298598 1.0032700 4.1853739 1.3875852 1.3883232 1.4218565 2.6494180 1.4096552 2.0247093 1.6735314 2.2038793 1.9908732 1.3885435 1.7780244 1.3390116 2.1890401 2.0063749 1.8589497 1.6050789 1.7950423 1.7003519 1.0335981 1.7531077 1.6594634 1.6483554 1.7618252 1.7398186 1.8816151 3.3815503 2.8437067 2.0047349 2.4327582 2.3752996 2.4254088 2.7725807 3.3956653 3.6547572 3.0228716 2.4864118 3.3888654 1.7734845 0.5019258 
Skow_XM_002740015.2                                                0.8652312 1.0027457 0.9632410 0.9704500 0.0000010 0.8617139 0.2630445 0.0000000 0.2878358 0.2975330 0.3406253 0.3703812 0.3478541 0.3786456 0.3832909 0.4387024 0.4390366 0.4578193 0.9125722 0.6094525 0.5311284 0.5394281 0.5545835 0.5383442 0.6750198 0.5401644 0.5144937 0.6023348 0.5473582 0.5422171 0.5566649 0.3223663 0.6969774 0.5451564 0.6386198 0.5105697 0.5634453 0.5379527 0.5440973 0.5601568 1.2074800 0.0000010 0.7153109 1.6547865 0.8536259 0.7522895 0.6602073 0.6927754 0.7712055 0.7559309 0.7682878 0.8260345 0.9410195 0.0000010 2.8505654 0.0000010 0.0000010 0.9425042 0.8794947 0.8794947 0.9350854 0.8244999 0.8170875 0.8532548 0.8766455 0.8723357 0.7526776 0.7407793 0.7407793 0.7301795 0.7407793 0.7407793 0.7614971 0.8723357 0.0000010 0.9379829 0.5384632 0.9566995 0.0000010 0.7069007 4.0535358 1.3881100 1.6202086 2.0647990 1.6021377 1.6111205 1.4309705 8.3729990 1.5758975 1.5203825 1.3681105 1.7121121 1.5203882 1.1741504 1.4475094 1.3390090 1.3390090 1.5806894 1.5076486 1.4533274 2.1709502 2.2196259 0.0000010 2.1687099 2.0770072 2.7283517 2.3116342 4.0810370 4.0810370 0.2349954 2.1623884 4.0440960 0.7774827 0.6529187 
Cscu_XM_023375196.1                                                1.1548423 1.3056421 1.3400699 1.5591715 0.9208892 0.9503963 0.4616549 0.2878358 0.0000000 0.5732260 0.4930733 0.5001257 0.4363075 0.4499847 0.4681934 0.5909269 0.8184452 0.5067319 0.7824103 0.8953372 0.7644100 0.7451333 0.7772029 0.7576103 0.8682120 0.7108971 0.7732644 0.9209638 0.6057819 0.8858430 0.9066414 1.7292082 1.0238859 0.9610799 1.0757158 0.9385441 0.9734062 0.9839694 0.9305270 0.8426748 1.0920086 0.6643855 1.0342665 1.4267847 0.8254191 1.1010644 0.8956266 1.0373230 1.0682621 0.7919291 1.1591393 0.9128274 1.2018286 1.1982328 1.4152383 1.2014081 2.8883717 1.3601097 1.3147174 1.3147174 0.7354705 0.9148110 1.3889373 1.4237282 1.2268617 1.2919120 1.2294557 1.2199715 1.2199715 1.2218129 0.8123596 0.8123596 1.2615360 0.9927994 5.4853337 1.4559949 1.5238463 1.5284893 3.2314059 1.6053136 1.9420563 1.5562571 2.0501428 1.8915853 1.3590284 1.6959714 1.4113112 2.3119261 2.0380909 1.8741856 1.6543127 1.8736925 1.6603968 1.1754572 1.6774424 1.6658222 1.5283933 1.7278763 1.7568393 1.8582785 3.4663663 2.9205209 2.0321906 2.3835073 2.4515608 2.3413591 2.5826776 3.6880244 3.7770581 3.3856562 2.4746691 3.4707537 1.6848346 0.5627877 
Spur_XM_030978197.1                                                1.2466578 1.2264258 1.3816344 1.5131336 1.2463156 1.0876628 0.4573191 0.2975330 0.5732260 0.0000000 0.5301464 0.5936484 0.5562352 0.5671993 0.6499326 0.6126003 0.7804305 0.5193081 0.8994686 0.9369473 0.8012568 0.8064205 0.7918453 0.7636138 0.9114998 0.7317108 0.7829490 1.0011685 0.6834101 0.8971277 0.9082628 1.5789494 1.0819067 0.9628778 1.1109369 0.9634060 0.9944197 0.9919539 0.9090775 0.7966157 1.2694706 0.4937666 1.0071592 1.2546593 0.9227951 1.0999344 0.9752258 1.1211998 1.1120136 0.8787511 1.3025148 1.0277913 1.3537725 1.4330234 1.4544719 1.5316925 4.2410908 1.2381246 1.1817925 1.1817925 0.8579198 0.9150835 1.2189540 1.2418961 1.0697567 1.1218487 1.0949365 1.0425216 1.0425216 1.0429248 0.8451421 0.8451421 1.1464678 0.9471173 3.4829087 1.2928420 1.2126264 1.3343777 2.1834182 1.2625846 1.9249549 1.7178427 2.3124894 2.1311327 1.4740799 1.7623935 1.4457172 2.1672981 2.0270867 1.9227841 1.6428420 1.9144158 1.7453612 1.1181835 1.8170431 1.7385876 1.6825817 1.7745129 1.8672798 1.8091660 3.1542202 2.6617688 2.0761321 2.6206042 2.4879868 2.4577675 2.8181532 3.5241559 3.6772840 3.1035801 2.6759094 3.4265856 1.9475951 0.5633663 
Hsap_ENST00000264515                                               1.1410465 1.1637407 1.2972497 1.3910841 1.0102676 0.9603772 0.4380952 0.3406253 0.4930733 0.5301464 0.0000000 0.5435577 0.5396698 0.5102818 0.5655776 0.6213678 0.7525021 0.4373886 0.9604583 0.9007680 0.7450336 0.7405081 0.7871475 0.7320451 0.9107323 0.7098646 0.7591065 0.9944403 0.6632017 0.8937611 0.8709262 1.5269936 0.9887569 0.9054487 1.0503464 0.9011025 0.9327794 0.9357436 0.8969929 0.7876111 1.2601351 0.4948555 0.9512387 1.2403596 0.8709254 1.1341208 0.8381165 1.0305213 1.0960177 0.8575277 1.1792668 0.9635034 1.2304109 1.1322191 1.3555003 1.2653827 3.0154986 1.3442308 1.2885144 1.2885144 0.8288925 0.9010578 1.3483389 1.3815851 1.1831769 1.2540227 1.2249893 1.1927280 1.1927280 1.1927050 0.8601894 0.8601894 1.3002826 1.0527712 4.8632691 1.4459483 1.3855444 1.4290641 2.7099728 1.4630217 1.8671257 1.5750808 2.0393751 2.1329122 1.4484229 1.8259657 1.5843799 1.8818941 1.9134476 1.8517738 1.7583030 1.8712413 1.7291321 1.2946313 1.7911377 1.8519517 1.8117458 1.8359572 1.8462813 2.0672101 3.6486993 2.7858943 1.9833900 2.4946469 2.6386904 2.5026157 2.8254134 3.5657937 3.7592846 3.0369696 2.4531973 3.6379989 1.7593158 0.6185012 
Tcas_TC003004_001                                                  1.1458818 1.1666880 1.3025618 1.2645898 1.0446569 0.9661304 0.4648206 0.3703812 0.5001257 0.5936484 0.5435577 0.0000000 0.5392230 0.5518715 0.4813489 0.6306855 0.7297160 0.5188439 1.0326083 0.7622567 0.6856813 0.6860966 0.6743127 0.6502916 0.8155469 0.6568854 0.7044987 0.8657446 0.6599848 0.8418365 0.8039114 1.4506657 1.0148052 0.9810068 1.1350929 0.9594357 0.9973160 1.0036343 0.9354828 0.8037281 1.2601554 0.6318760 0.9216610 1.1940655 0.8551302 0.9129792 0.7523746 1.0058357 0.9874069 0.8691906 1.1241219 0.9528700 1.2989131 1.3600031 1.2075086 1.2430612 3.3625545 1.1217985 1.0850053 1.0850053 0.8234139 0.9453062 1.2003419 1.2298863 1.0896865 1.1357892 1.0795765 1.0631080 1.0631080 1.0670018 0.8894221 0.8894221 1.1184749 1.0148344 3.5854649 1.2219526 1.1581227 1.1996615 2.0004209 1.1937008 1.8636121 1.5641720 1.9337607 1.9302326 1.4257046 1.8991174 1.4919388 2.3016846 1.9831046 1.9366093 1.6572530 2.0210256 1.9005350 1.0891812 1.9104120 1.6487547 1.5891904 1.6514606 1.8476987 1.8848318 3.4856796 2.7765812 2.0713367 2.5776005 2.5915247 2.6265728 2.9910602 3.7445435 3.7892831 2.2575929 2.6288048 3.8586262 1.5161062 0.6160239 
Cgig_XM_011452995.3                                                1.2485464 1.3281123 1.3899434 1.4869799 1.0382657 1.0604850 0.4495292 0.3478541 0.4363075 0.5562352 0.5396698 0.5392230 0.0000000 0.2873750 0.5322165 0.3972157 0.7420944 0.4926214 1.0082829 0.8800627 0.7639623 0.7531144 0.7774484 0.7162692 0.8847683 0.7040190 0.7683094 0.8591343 0.6709678 0.8290290 0.8258626 1.3579736 1.0204555 1.0285337 1.1898560 1.0032957 1.0481118 1.0438229 0.9402728 0.8766898 1.2246557 0.4939556 0.9549616 1.2795045 0.8637518 1.0389062 0.8820782 1.0854834 1.1423002 0.9344651 1.1931300 1.0225805 1.2929268 1.1976906 1.3727196 1.3046358 3.0288012 1.2149266 1.1652450 1.1652450 0.7840968 0.9088644 1.2081190 1.2364834 1.0646834 1.0991671 1.1637837 1.0444455 1.0444455 1.0503628 0.7966362 0.7966362 1.1376139 0.9623078 3.7617719 1.2898672 1.2578558 1.2818867 2.3337703 1.3915964 1.7161242 1.6044046 2.0000884 1.8688902 1.2755981 1.7252727 1.4863375 2.0809576 1.9419056 1.9201483 1.7000332 1.8073975 1.7623941 1.2314941 1.6695000 1.6735247 1.7081577 1.7426005 1.8490244 1.8640964 3.2858536 2.8568257 2.3040765 2.4188833 2.3932503 2.3132318 2.8232522 3.6141870 3.7864123 2.1829558 2.6019641 3.6682606 1.6730626 0.6398459 
Acagra_model.g16426.t1                                             1.2108924 1.2879272 1.3170211 1.3546185 1.0004017 0.9955531 0.4809862 0.3786456 0.4499847 0.5671993 0.5102818 0.5518715 0.2873750 0.0000000 0.5887731 0.4104021 0.7069659 0.4984805 0.9432650 0.8163999 0.7353641 0.7292980 0.7645221 0.7011996 0.8784547 0.6733753 0.7452407 0.8877188 0.7285768 0.8597891 0.8023548 1.3379335 0.9964628 0.9115598 1.0097291 0.8964870 0.9373404 0.9326897 0.8869238 0.8444033 1.1575047 0.5222704 0.9989878 1.2507959 0.9995885 1.0124359 0.8177325 1.0309588 1.0436631 0.9095993 1.2252815 0.9361884 1.2358436 1.1958371 1.2300408 1.2816627 3.0375488 1.1755409 1.1350859 1.1350859 0.7964862 0.9231670 1.1894182 1.2178392 1.0866064 1.1214938 1.1202050 1.0603870 1.0603870 1.0694897 0.8535396 0.8535396 1.1549099 0.9909577 3.2560245 1.2051393 1.1745224 1.1867556 1.9768185 1.3647314 1.6607898 1.5676000 1.8603467 1.9015651 1.3341611 1.7598505 1.5674224 2.2274063 1.8771745 1.9453610 1.7079796 1.9004505 1.7729340 1.2553786 1.7449575 1.6562521 1.6687515 1.8107401 1.8809914 1.9608354 3.4118855 2.9728201 2.2281075 2.5170898 2.5707594 2.4305511 2.6734843 3.7777117 3.8668320 2.3913501 2.4527853 3.5692157 1.6026156 0.6420999 
Dpul_mRNA18616                                                     1.2819420 1.1846988 1.2984115 1.3195796 1.0080549 1.0407426 0.5402446 0.3832909 0.4681934 0.6499326 0.5655776 0.4813489 0.5322165 0.5887731 0.0000000 0.6698175 0.7704196 0.5489253 0.8684292 0.9272156 0.8288143 0.8143239 0.8028460 0.7597350 0.9320136 0.7556306 0.8166671 0.9150686 0.7091478 0.8970205 0.9069722 1.4628843 0.9913846 1.0099244 1.1395039 1.0015776 1.0336631 1.0402270 0.9853799 0.9159650 1.2473268 0.6145968 0.9216689 1.2035966 0.8601315 1.0021163 0.9590598 0.9890718 1.1056413 0.8969763 1.1241064 0.8792363 1.2705044 1.2556856 1.3274119 1.4200502 3.2390378 1.1965048 1.1591073 1.1591073 0.7626960 0.8950663 1.2268425 1.2559343 1.1017069 1.1811947 1.0772695 1.0887528 1.0887528 1.0877613 0.8173323 0.8173323 1.1595036 1.0073675 3.5024327 1.1825530 1.2186686 1.3066802 2.3074792 1.3539083 1.7266811 1.6399681 1.9486774 1.9779839 1.4403070 1.7907079 1.5811280 2.0881471 1.9711571 1.9385062 1.6117130 2.0615667 1.8069809 1.2734887 1.8184142 1.6986757 1.6695602 1.7699126 1.9209208 1.9638637 3.8250154 2.8064303 2.0705503 2.6669948 2.7373400 2.4782060 2.9092139 3.5444323 3.5261812 2.5857321 2.5526205 3.5162644 1.7101612 0.6559279 
Ctel_gnl_WGS_AMQN_CAPTEDRAFT_mRNA167502                            1.3604379 1.2728287 1.4660021 1.5532797 1.1071806 1.0608826 0.5346981 0.4387024 0.5909269 0.6126003 0.6213678 0.6306855 0.3972157 0.4104021 0.6698175 0.0000000 0.8057256 0.5219358 0.8000582 0.9078775 0.8314465 0.8022994 0.8093615 0.7976127 0.9085018 0.7933869 0.8283263 0.9028214 0.6730517 0.8159798 0.7593845 1.3351753 1.0180868 0.9401564 1.0548315 0.9626705 0.9686068 0.9712742 0.9345534 0.8218726 1.0997700 0.5775237 1.1226101 1.4726182 1.0607266 1.1196794 0.9216697 1.0422809 1.1494817 0.9616646 1.1651490 1.0121140 1.2949361 1.2464790 1.4857001 1.4004569 3.8047984 1.2007657 1.1619758 1.1619758 0.7789873 0.9236757 1.2142380 1.2428556 1.1320111 1.1954274 1.1757401 1.1033313 1.1033313 1.1032332 0.8410089 0.8410089 1.1367500 0.9825357 4.1868239 1.3054895 1.3103728 1.3485232 2.6005209 1.3912404 1.7932030 1.6431045 2.0540812 1.9637085 1.4326724 1.7176129 1.5816874 2.1702447 2.0670789 1.8940893 1.8246244 1.9468133 1.8380865 1.6393126 1.8008175 1.8518520 1.8005465 1.8766539 1.7979572 2.0117142 3.3406668 2.7452106 2.0893708 2.6045385 2.4639279 2.4021964 2.9149273 3.5789293 3.5530452 2.7817714 2.5358862 3.6487155 1.5833804 0.6887645 
Dgig_XM_028546084.1                                                1.0891493 1.1396656 1.2258972 1.3460776 1.1639702 0.8416203 0.7145384 0.4390366 0.8184452 0.7804305 0.7525021 0.7297160 0.7420944 0.7069659 0.7704196 0.8057256 0.0000000 0.0829202 0.6935186 0.5825114 0.4903911 0.4898631 0.5341998 0.4880455 0.5847023 0.4922711 0.5350966 0.7613618 0.4315359 0.6993679 0.6976936 1.4229216 0.8437636 0.9405033 1.0807097 0.9409080 0.9643477 0.9286298 0.9438582 0.8236600 1.0146426 0.9588214 0.9942330 1.3794575 0.7780544 1.0475969 0.6136945 1.0096450 1.1461362 0.8006046 1.2493743 0.9670112 1.3176414 1.7379728 1.5158066 1.4927668 3.8739558 1.2028597 1.1649272 1.1649272 0.7358104 0.9788567 1.2194635 1.2476504 1.1571210 1.2639352 1.1566370 1.1269825 1.1269825 1.1222459 0.9028897 0.9028897 1.1579316 1.1033038 4.7532034 1.3332982 1.3659581 1.3571499 2.6288048 1.3559223 1.6748622 1.5119815 1.7436166 1.6883705 1.3061540 1.8281657 1.4493276 2.7151902 2.0245862 1.8593624 1.7688318 1.9079625 1.7929145 1.3128822 1.7905562 1.6841377 1.6070228 1.8637831 1.9170435 1.9535487 3.0041256 2.6555045 2.3044350 2.6144219 2.6032367 2.5066791 3.2431255 3.7165461 3.5093171 0.7839745 2.5151361 3.8951218 1.6904341 0.5228858 
Xesp_014360-T1                                                     0.8547399 1.0416049 0.9773233 1.0178171 0.6671047 0.8217518 0.4098230 0.4578193 0.5067319 0.5193081 0.4373886 0.5188439 0.4926214 0.4984805 0.5489253 0.5219358 0.0829202 0.0000000 0.5431766 0.3144119 0.2854438 0.2901477 0.3072762 0.3021307 0.3782139 0.3348645 0.3388808 0.4663698 0.4092183 0.3893035 0.4040740 0.9083539 0.4924958 0.5857461 0.6535781 0.5677089 0.5800415 0.5682633 0.5684700 0.5788873 1.0002539 0.3413091 0.6308940 0.8808885 0.7442912 0.6305836 0.3545960 0.7471611 0.8125050 0.8140907 0.7827260 0.8857578 0.9685868 0.7295294 0.7906256 0.5377815 0.0000010 0.7949911 0.7641746 0.7641746 0.8633277 0.8201275 0.8271626 0.8513764 0.8507154 0.8486705 0.7210182 0.7496538 0.7496538 0.7470791 0.7496538 0.7496538 0.7558931 0.8486705 4.9555111 0.8606114 0.6989377 0.8594982 0.0000010 0.5857320 1.4882356 1.3613441 1.4250156 1.6580276 1.0760082 1.4914480 1.4183002 2.5457812 1.5261148 1.5075178 1.3781575 1.6886517 1.4072246 1.3128822 1.5416819 1.3785511 1.3785511 1.6593572 1.5986748 1.6260265 2.1981314 2.3715453 3.1739004 2.1795176 2.1584734 2.2913020 2.7761972 3.1938398 3.1938398 0.0000010 2.1709597 3.5023069 0.8406192 0.4923382 
Fspp_ffun1.m4.19397.m1                                             1.1279356 1.3405885 1.2628318 1.3063016 0.0000010 1.0691335 0.8189646 0.9125722 0.7824103 0.8994686 0.9604583 1.0326083 1.0082829 0.9432650 0.8684292 0.8000582 0.6935186 0.5431766 0.0000000 0.0711168 0.0715818 0.0862624 0.0995874 0.1044965 0.1044965 0.3737156 0.2884640 0.4673958 0.5055751 0.4844975 0.5407210 0.0000010 0.7570390 0.7003474 0.5613518 0.6579632 0.6579632 0.6858186 0.7183223 0.7183223 0.5742663 0.0000010 0.8826039 0.0000010 0.8826039 1.0983210 4.8970887 0.8277332 0.8320463 0.8606639 0.7360581 0.7592123 0.8815218 0.0000010 1.5543797 0.0000010 0.0000010 1.0846470 1.0846470 1.0846470 1.3084099 1.1517267 1.1662644 1.1662644 1.1652096 1.1797851 1.1418460 0.9301935 0.9301935 0.9301935 0.9301935 0.9301935 1.0208355 1.1797851 0.0000010 1.0584202 0.0000010 1.8772384 0.0000010 0.0000010 4.3116940 1.6027719 1.4877976 1.6059757 0.0000010 1.7241577 1.7620104 3.7736901 1.8057245 1.7244900 1.6039696 2.0137647 1.8563480 0.0000010 1.9755790 1.7422291 1.7422291 2.1148468 1.7934443 1.6927635 2.4280827 2.3845174 0.0000010 3.2381575 2.6013297 2.2166359 2.8364536 2.9277070 2.9277070 0.0000010 1.6597567 2.1007322 0.0000010 0.6401210 
Gasp_gasp1.m3.3009.m1                                              1.1198491 1.1778577 1.4013112 1.6132525 1.2437156 0.8984644 0.9231774 0.6094525 0.8953372 0.9369473 0.9007680 0.7622567 0.8800627 0.8163999 0.9272156 0.9078775 0.5825114 0.3144119 0.0711168 0.0000000 0.1525070 0.1495233 0.1555022 0.2091016 0.2086442 0.3845568 0.4134035 0.7842449 0.4942414 0.8206267 0.7518907 1.8258969 1.0545536 0.7307852 0.8185137 0.7531118 0.7346089 0.7508566 0.7628255 0.7230871 0.8540486 1.0747008 1.0663401 1.5065490 0.8989017 1.2403820 0.1969985 1.2182516 1.2040417 0.8588898 1.2753787 0.9494969 1.3709450 1.7611707 1.8306011 1.5006807 3.5362199 1.3551744 1.3278796 1.3278796 0.8004629 1.0959593 1.4170014 1.4584225 1.3472079 1.3887559 1.3234528 1.2616889 1.2616889 1.2674356 0.9822624 0.9822624 1.2990510 1.2258555 4.2748578 1.4883949 1.6432183 1.5719632 2.8449230 1.7285458 1.7311710 1.5804172 1.9241876 1.8268858 1.5827107 1.8262691 1.2833296 2.5202063 2.1931833 1.9819248 1.8988204 2.0894405 1.8446636 1.4000503 1.9910665 1.8294206 1.8716798 1.9876086 1.9267089 2.1097300 3.0884732 2.8135981 2.4832445 2.3762370 2.2772018 2.4159910 2.8041452 3.2483065 3.2433117 1.5782392 2.3592457 3.1086802 2.7196735 0.4187270 
Spis_XP_022800918_1                                                1.0284461 1.1282518 1.2890325 1.4857953 1.1997161 0.8962750 0.7655692 0.5311284 0.7644100 0.8012568 0.7450336 0.6856813 0.7639623 0.7353641 0.8288143 0.8314465 0.4903911 0.2854438 0.0715818 0.1525070 0.0000000 0.0275939 0.1728841 0.1878607 0.2364617 0.3254958 0.3584809 0.7188811 0.4457183 0.7463178 0.7071381 1.6734845 0.9250706 0.6925323 0.7732868 0.7143581 0.7216225 0.7196971 0.7120901 0.6978553 0.9706739 0.9558172 0.9648817 1.3082233 0.7894964 1.0574164 0.2095537 1.0958513 1.0957667 0.7194727 1.1250293 0.8927482 1.2093622 1.6152475 1.6526058 1.3899972 3.5670969 1.1944585 1.1759660 1.1759660 0.7145555 0.9564178 1.2675625 1.2976708 1.1473830 1.1830872 1.1077126 1.1086659 1.1086659 1.1129681 0.8628400 0.8628400 1.1731847 1.0287469 4.4349666 1.3148897 1.3803179 1.3764314 2.7573530 1.4100584 1.7806777 1.5254743 1.8216602 1.7217207 1.5075367 1.6926620 1.2756440 2.3025373 2.0584685 1.8676177 1.7002926 2.0612812 1.7252995 1.3505708 1.7439063 1.7019090 1.6764931 1.7634924 1.7529572 1.8260232 3.0214088 2.7925611 2.3601246 2.3791606 2.3877028 2.1773871 2.7156368 3.1810129 3.1576832 1.8728059 2.3904330 3.3481974 1.9206029 0.4627998 
Pocdam_XM_027203708.1                                              1.0315190 1.1444598 1.2923589 1.4977594 1.1997161 0.9061858 0.7629773 0.5394281 0.7451333 0.8064205 0.7405081 0.6860966 0.7531144 0.7292980 0.8143239 0.8022994 0.4898631 0.2901477 0.0862624 0.1495233 0.0275939 0.0000000 0.1678868 0.1904694 0.2390815 0.3195764 0.3550101 0.7085138 0.4454759 0.7435607 0.6932620 1.6669339 0.9214483 0.6972138 0.7789466 0.7190602 0.7263830 0.7245379 0.7167192 0.7030730 0.9700520 0.9611624 0.9880087 1.3429954 0.8024759 1.0471405 0.2094517 1.0826427 1.0897561 0.7269436 1.1462057 0.8975970 1.2319746 1.6383787 1.6296446 1.3994312 3.6120666 1.1885339 1.1702102 1.1702102 0.7124958 0.9548795 1.2774464 1.3080138 1.1411274 1.1768731 1.1324294 1.1016434 1.1016434 1.1059302 0.8614018 0.8614018 1.1677566 1.0290749 4.6068121 1.3243797 1.3955558 1.3760413 2.7807241 1.4090966 1.7659353 1.5152557 1.8444217 1.7241470 1.4818446 1.7064540 1.2733833 2.3282462 2.0850811 1.8830058 1.6987727 2.0321655 1.7445033 1.3505708 1.7719990 1.7346168 1.7093458 1.8004078 1.7368553 1.8657713 2.9739249 2.6944672 2.3601246 2.3973805 2.4076803 2.1921520 2.6920266 3.2144494 3.2079617 1.7426947 2.3893356 3.3481974 1.9123858 0.4627998 
Gfas_gfas1.m1.896.m1                                               0.9980008 1.0369863 1.2747213 1.4382005 1.1139343 0.8796500 0.8023133 0.5545835 0.7772029 0.7918453 0.7871475 0.6743127 0.7774484 0.7645221 0.8028460 0.8093615 0.5341998 0.3072762 0.0995874 0.1555022 0.1728841 0.1678868 0.0000000 0.1299942 0.1719186 0.3364109 0.3693814 0.7096452 0.4406307 0.7583829 0.6971492 1.6771220 0.8816164 0.7008320 0.7753031 0.7108624 0.7180696 0.7117801 0.6906531 0.6924873 0.9153244 0.9684158 0.9344160 1.2830902 0.7712011 1.0093238 0.2312034 1.0384637 1.0811661 0.7157586 1.1062270 0.8732351 1.1667552 1.4953385 1.6455330 1.3320723 2.7927983 1.1976355 1.1695224 1.1695224 0.7386103 0.9511785 1.2239325 1.2523347 1.1298177 1.1742278 1.1554340 1.0828662 1.0828662 1.0870420 0.8490885 0.8490885 1.1494957 1.0691660 3.9119746 1.2841085 1.3464511 1.3823246 2.6827148 1.4150824 1.7245080 1.5463838 1.9087146 1.7674630 1.4837539 1.7178281 1.2410306 2.2730683 2.0823545 1.8417567 1.6962807 1.9646048 1.6885219 1.2001495 1.8015073 1.6687322 1.6983816 1.8087364 1.7302673 1.9319183 3.0315082 2.7801698 2.2138118 2.3534936 2.3346392 2.0629209 2.6101542 3.2465073 3.2462315 1.7998389 2.3419188 3.3990500 1.7568678 0.4335661 
Adig_XM_015910965.1                                                0.9902275 1.0433645 1.2503161 1.3659878 1.1169739 0.8606800 0.7552566 0.5383442 0.7576103 0.7636138 0.7320451 0.6502916 0.7162692 0.7011996 0.7597350 0.7976127 0.4880455 0.3021307 0.1044965 0.2091016 0.1878607 0.1904694 0.1299942 0.0000000 0.0420925 0.3168400 0.3319231 0.6303262 0.4233143 0.6903972 0.6517436 1.5220082 0.8269370 0.7126788 0.7877523 0.7201730 0.7308683 0.7264074 0.7165430 0.6973227 0.8756254 0.8674732 0.9263446 1.2810511 0.7925539 0.9462529 0.2700552 0.9809943 1.0843156 0.7275064 1.0661595 0.8792972 1.1771622 1.5419756 1.6233058 1.3562982 3.2812450 1.1614132 1.1364798 1.1364798 0.7205088 0.9426950 1.1862995 1.2130726 1.0958805 1.1421568 1.0960669 1.0590290 1.0590290 1.0631442 0.8314762 0.8314762 1.1165893 1.0092879 3.8854093 1.2323504 1.2934738 1.3374030 2.6625956 1.3863475 1.6493910 1.5546083 1.8800342 1.7915449 1.5094206 1.6716885 1.2243709 2.2444174 1.9379514 1.8320124 1.5779115 1.9010532 1.6245739 1.2148633 1.7082437 1.6816750 1.6350675 1.8155664 1.7218346 1.8530090 2.9593758 2.8365491 2.3300723 2.2741287 2.2064796 2.0869105 2.6196720 3.1719589 3.0920311 1.6602625 2.2638356 3.3718741 1.8260777 0.4327835 
Amil_Amillepora24548-RA                                            1.1290028 1.0954676 1.3815402 1.4067330 1.2561874 0.8606800 0.8949824 0.6750198 0.8682120 0.9114998 0.9107323 0.8155469 0.8847683 0.8784547 0.9320136 0.9085018 0.5847023 0.3782139 0.1044965 0.2086442 0.2364617 0.2390815 0.1719186 0.0420925 0.0000000 0.3956691 0.3984347 0.7414118 0.5128328 0.8212911 0.7636623 2.1154884 0.9396596 0.7717554 0.8188932 0.7977088 0.7862586 0.7666104 0.8163098 0.7892275 0.8905455 1.0372803 1.0110032 1.3250715 1.0205837 1.1216905 0.2996683 1.1577956 1.2035050 0.8838915 1.1434460 0.9999078 1.3369503 1.8289944 1.9317090 1.8192717 3.2184512 1.2130157 1.1829018 1.1829018 0.7476009 1.1300544 1.2222182 1.2538011 1.2237977 1.2752004 1.2531986 1.1934498 1.1934498 1.1984624 0.9927838 0.9927838 1.1521525 1.2278901 3.7351809 1.3384334 1.4494884 1.4377607 3.6276861 1.4910843 1.8984643 1.6797713 1.9850353 1.9880024 1.6951113 1.9633558 1.3956181 2.7668230 2.2593623 2.0691644 1.9235312 2.0259720 1.9032400 2.0554988 2.0977548 1.9102911 1.9638788 2.1238302 1.8770723 2.1663226 3.3148105 3.4555384 3.9088116 2.5163368 2.3894626 2.3110407 2.7626640 3.4785272 3.5289468 1.5563640 2.0844699 3.8080845 1.9662771 0.5770750 
Exapal_XM_021047961.2                                              1.0592042 1.0771027 1.2736309 1.4001288 1.2151138 0.9356061 0.7891636 0.5401644 0.7108971 0.7317108 0.7098646 0.6568854 0.7040190 0.6733753 0.7556306 0.7933869 0.4922711 0.3348645 0.3737156 0.3845568 0.3254958 0.3195764 0.3364109 0.3168400 0.3956691 0.0000000 0.2289622 0.6491087 0.4560696 0.6970811 0.6230383 1.3790299 0.7948822 0.7282366 0.8151556 0.7506633 0.7590639 0.7246269 0.7206307 0.7046134 1.0008341 0.8500411 0.9806746 1.3083989 0.8672473 1.0145472 0.3824423 1.1287041 1.1460664 0.7631540 1.1218499 0.9086890 1.1778866 1.5775191 1.7304843 1.3938587 3.2549555 1.1890520 1.1526205 1.1526205 0.7764068 0.9730815 1.2063854 1.2287934 1.1583799 1.1948131 1.1551373 1.0512020 1.0512020 1.0555198 0.8788032 0.8788032 1.1688537 1.0780609 3.5751925 1.2262118 1.2183890 1.3590653 2.4911820 1.3346982 1.4859883 1.5140497 1.7368570 1.7657783 1.5163551 1.6913037 1.2997153 2.0988433 2.0050554 1.8082857 1.6664240 1.9357277 1.6696056 1.2410196 1.7094250 1.7583732 1.7244930 1.8282413 1.7771987 1.8524432 2.8076099 2.6157885 2.3707044 2.3048010 2.2477786 2.1871464 2.6771195 3.3258703 3.4036331 1.5994819 2.2361847 3.7758937 1.7193427 0.4629888 
Nvec_v1g31888                                                      1.1292450 1.0924834 1.3884242 1.7005898 1.2810342 0.9088860 0.7987163 0.5144937 0.7732644 0.7829490 0.7591065 0.7044987 0.7683094 0.7452407 0.8166671 0.8283263 0.5350966 0.3388808 0.2884640 0.4134035 0.3584809 0.3550101 0.3693814 0.3319231 0.3984347 0.2289622 0.0000000 0.7031388 0.4547253 0.7322495 0.7264515 1.5778473 0.8451630 0.7675132 0.8790079 0.7688089 0.7790827 0.7911167 0.7853989 0.7305642 1.0217534 0.8662763 1.0278428 1.4311205 0.8171989 1.0456053 0.4627729 1.1627511 1.1711217 0.7272885 1.2120145 0.9380991 1.2493200 1.6819055 1.8951843 1.5971262 3.6932832 1.2899399 1.2423545 1.2423545 0.7945282 0.9561716 1.3195402 1.3453368 1.2646068 1.3121423 1.1727340 1.2002536 1.2002536 1.2047657 0.9080181 0.9080181 1.2887474 1.1169214 4.7794903 1.4049321 1.4304202 1.5164412 2.9196862 1.4282809 1.4913590 1.6313358 1.9435493 1.9619435 1.5730886 1.7285612 1.2837926 2.4156548 2.1658353 1.9754665 1.7761242 1.9635267 1.7233490 1.2445198 1.8866393 1.8315201 1.7982541 1.9191644 1.7635581 2.0127377 3.1666552 2.8801790 2.2599216 2.3416728 2.2876952 2.2429280 2.9928014 3.3341564 3.4644748 1.7994263 2.1087418 3.5448281 1.9720670 0.5063860 
Morvir_scaffold191.g51.t1                                          1.2628978 1.2188139 1.4456883 1.5213980 1.2571999 0.8852632 0.8716675 0.6023348 0.9209638 1.0011685 0.9944403 0.8657446 0.8591343 0.8877188 0.9150686 0.9028214 0.7613618 0.4663698 0.4673958 0.7842449 0.7188811 0.7085138 0.7096452 0.6303262 0.7414118 0.6491087 0.7031388 0.0000000 0.2529071 0.3675203 0.3787887 0.9333988 0.5566468 0.9597368 1.0728865 0.9700106 0.9762382 0.9747893 0.9613523 0.8001990 0.5982600 1.1411845 1.1908535 1.6794622 0.8727412 1.2483610 0.8579554 1.2224345 1.2081904 0.7870078 1.3794489 1.0963342 1.4451154 1.7037391 1.8527072 1.8019731 5.4050259 1.3112595 1.2593211 1.2593211 0.7809393 1.0198387 1.3730174 1.3977851 1.2353849 1.3076552 1.2821028 1.2838566 1.2838566 1.2926054 0.9531806 0.9531806 1.3032044 1.1314358 4.3517492 1.4130762 1.5003612 1.5374671 2.8515377 1.5797204 1.3616272 1.7761181 1.9884673 1.9754893 1.4623261 1.6904581 1.4886539 2.3075250 2.0533895 1.9634967 1.7926176 1.9414843 1.7446236 1.9345926 1.8691817 1.5709958 1.5880637 1.8756843 1.9137967 1.9611986 3.2355100 2.7536345 2.3625212 2.7454890 2.6395323 2.3149730 3.0321901 3.5677379 3.6288588 2.4129483 1.7692978 3.3012216 2.0532277 0.3259117 
Nemnom_g5802.t1                                                    0.9430154 1.1566876 0.9507321 1.1100875 2.5713196 0.8464318 0.5529466 0.5473582 0.6057819 0.6834101 0.6632017 0.6599848 0.6709678 0.7285768 0.7091478 0.6730517 0.4315359 0.4092183 0.5055751 0.4942414 0.4457183 0.4454759 0.4406307 0.4233143 0.5128328 0.4560696 0.4547253 0.2529071 0.0000000 0.0623556 0.1612096 4.2142791 0.3846670 0.6172851 0.7098967 0.6066144 0.6176084 0.6143268 0.6107533 0.6153982 0.5568175 1.0529486 0.8008536 1.3213076 0.8159039 0.7362067 0.5868698 0.8307002 0.8327844 0.7458147 0.9432359 1.0323745 1.1630719 1.9345364 1.3111051 1.5079580 0.0000010 0.9483908 0.8872889 0.8872889 0.8597341 0.9269807 0.9727073 0.9956511 0.9473825 0.9512512 0.8500651 0.8641907 0.8641907 0.8610460 0.8641907 0.8641907 0.8453263 0.9512512 8.9999985 1.0425387 1.0099369 1.1111749 9.0000000 1.0205107 2.1246556 1.3947879 1.4463844 1.8524007 1.3763893 1.6812561 1.3534078 4.1487829 1.6638939 1.6192008 1.4975405 1.7138165 1.5506463 1.5737860 1.6182658 1.4606985 1.4606985 1.7644542 1.5866291 1.6754409 2.1760705 2.4844448 4.4535910 2.1847705 2.2148986 2.4575547 2.6920755 3.7463164 3.7463164 3.6784680 1.6942474 3.5512160 1.0615734 0.3170546 
Rhoesc_Res_007590-T1                                               1.1394870 1.0540325 1.3325992 1.4847751 1.2380318 0.8259861 0.8594016 0.5422171 0.8858430 0.8971277 0.8937611 0.8418365 0.8290290 0.8597891 0.8970205 0.8159798 0.6993679 0.3893035 0.4844975 0.8206267 0.7463178 0.7435607 0.7583829 0.6903972 0.8212911 0.6970811 0.7322495 0.3675203 0.0623556 0.0000000 0.2116127 0.2508093 0.5708106 0.8229090 0.9293376 0.8499178 0.8543496 0.8563392 0.8286286 0.7559606 0.5832613 1.0459455 1.0645190 1.4887089 0.7949831 1.1214395 0.9587933 1.1147491 1.1672383 0.7223546 1.2112700 1.0094264 1.3470955 1.6023287 1.7645354 1.7170721 4.7544862 1.1800787 1.1347338 1.1347338 0.7372201 0.9068306 1.2272569 1.2475167 1.1460355 1.2047865 1.0879340 1.1077418 1.1077418 1.1113897 0.8518766 0.8518766 1.1082549 1.0127974 3.7457358 1.2612692 1.3266621 1.3529662 2.5045515 1.3129207 1.4345700 1.6105528 1.8203053 1.8710299 1.5128087 1.6722427 1.4941837 2.1567044 1.9075607 1.7735615 1.7610158 1.8538013 1.6825951 1.7025923 1.8112845 1.6199667 1.6610460 1.8855869 1.7876670 2.0043096 2.7299026 2.4619231 2.1009014 2.3446601 2.3255727 2.2038353 2.8555497 3.3997358 3.5556253 2.6198937 1.7645646 3.4441125 1.7912507 0.3219631 
Sanmal_Sma_015173-T1                                               1.1814074 1.0519607 1.2481759 1.4088251 1.1106329 0.8302446 0.8130939 0.5566649 0.9066414 0.9082628 0.8709262 0.8039114 0.8258626 0.8023548 0.9069722 0.7593845 0.6976936 0.4040740 0.5407210 0.7518907 0.7071381 0.6932620 0.6971492 0.6517436 0.7636623 0.6230383 0.7264515 0.3787887 0.1612096 0.2116127 0.0000000 0.5770954 0.5741963 0.8050826 0.9052057 0.8149144 0.8096902 0.8252607 0.7772715 0.7029299 0.5589891 1.1101004 1.1061242 1.5789640 0.7375410 1.1221172 0.8330928 1.0564018 1.1442662 0.7303269 1.2394623 1.0076918 1.3225928 1.4970135 1.6782865 1.7082582 4.6944869 1.2351760 1.1989870 1.1989870 0.7123608 0.9798509 1.2975003 1.3206351 1.1725640 1.2607455 1.1961693 1.1775083 1.1775083 1.1838617 0.9212194 0.9212194 1.2397606 1.0385040 4.3245606 1.3419977 1.4128620 1.3851494 2.6360384 1.4852681 1.3417537 1.7196270 1.9846554 1.8853001 1.4382012 1.5981040 1.5509996 2.2023767 2.0596758 1.8342030 1.7843719 1.9374585 1.7645671 1.7788600 1.8005913 1.6716401 1.6998860 1.8179647 1.7701995 2.0007936 3.1443194 2.6016109 2.1429243 2.3277348 2.2320911 2.2733548 2.7734127 3.3898334 3.4689901 2.7205097 1.4895777 3.4568260 1.7583990 0.2872488 
Nemnom_g5803.t1                                                    1.7993462 1.4073266 2.2906942 2.0384383 1.4365602 4.1881129 1.6510937 0.3223663 1.7292082 1.5789494 1.5269936 1.4506657 1.3579736 1.3379335 1.4628843 1.3351753 1.4229216 0.9083539 0.0000010 1.8258969 1.6734845 1.6669339 1.6771220 1.5220082 2.1154884 1.3790299 1.5778473 0.9333988 4.2142791 0.2508093 0.5770954 0.0000000 1.1409237 1.7246414 1.7570553 1.8060803 1.8480367 1.7482270 1.6737189 1.5922137 1.2843551 1.3435387 1.7923510 1.8560250 1.8147584 1.9777819 1.5847033 2.0547302 2.2337540 0.5524335 2.0585756 1.5839073 2.1865673 1.7110558 2.2778205 1.9519210 4.3359112 1.9161822 1.9161822 1.9161822 0.9541601 1.3543028 2.0400008 2.0400008 1.9011426 1.9770687 1.8132532 1.9777727 1.9777727 1.9987120 1.2976368 1.2976368 1.8995939 1.6075386 4.1001257 2.0017218 2.0017218 2.0662779 2.6706756 1.9535648 1.2906439 2.2299191 2.5338985 2.2057388 2.0111952 2.1064164 3.5128162 2.1082932 2.6973278 2.5675206 2.7099178 2.7441375 2.4858515 0.0000010 2.6092455 2.5153933 2.6100814 2.6288677 2.7271809 2.9691073 5.6527273 3.0202395 2.3747976 3.2322228 3.1262524 2.6534231 3.4983799 3.5273174 3.6409121 2.7369503 8.9999982 2.9382094 2.8345454 0.0000010 
Chem_TCONS_00052801                                                1.3393406 1.3940476 1.5905141 1.6145710 1.4145264 0.9651196 1.0281647 0.6969774 1.0238859 1.0819067 0.9887569 1.0148052 1.0204555 0.9964628 0.9913846 1.0180868 0.8437636 0.4924958 0.7570390 1.0545536 0.9250706 0.9214483 0.8816164 0.8269370 0.9396596 0.7948822 0.8451630 0.5566468 0.3846670 0.5708106 0.5741963 1.1409237 0.0000000 1.0183653 1.1469181 1.0177574 1.0183066 1.0493913 0.9829812 0.8696964 0.8772717 1.2759483 1.1828009 1.6817626 0.8600369 1.2078042 1.0943134 1.2436028 1.2141017 0.7638624 1.3576322 1.1392999 1.5463491 1.8086799 1.7733100 1.7325930 4.5724780 1.6407566 1.5855459 1.5855459 0.9116228 1.2204009 1.6641265 1.7001145 1.4850958 1.5839911 1.5833549 1.5544269 1.5544269 1.5629273 1.1837700 1.1837700 1.5684288 1.2541506 7.4447470 1.7273685 1.8120532 1.8463907 3.7248187 1.9619515 1.2032925 1.7181330 1.9913511 2.0925773 1.5523256 1.8286577 1.5763106 2.6433794 2.1551781 1.9769027 1.8565225 2.0671498 1.7333313 1.5466115 1.7437198 1.7263684 1.6959317 1.9064561 1.8868285 2.0725031 3.2769534 2.7947179 2.2487428 2.6288062 2.5550893 2.4628172 3.4023944 3.3460147 3.3773695 3.5761960 1.8189193 3.4179661 1.9313380 0.2863120 
