93
Ocar_g5132                                               0.0000000 0.1676681 0.1676681 0.6069714 1.6079641 0.4905199 0.6872492 0.7380880 0.7524624 0.7931884 0.3530411 0.8212910 0.7124279 0.7906089 0.7925856 0.6273341 0.7970618 0.7678955 0.7721264 0.8589977 0.7926624 0.7960312 0.8382086 0.7327043 1.0415247 0.5098668 0.8119573 0.7149686 0.5031165 0.7604599 0.7731544 0.7533956 0.7936075 0.9655959 0.9134741 0.7038901 0.7699192 0.9563339 0.6696082 0.7606710 0.8165321 0.9788765 1.0978111 0.6902423 0.6902423 0.8353146 0.8991486 0.8496124 1.0098975 0.6054364 0.9052685 0.9724132 1.0113141 0.8959136 0.9233910 0.9373212 0.9032733 0.9458548 0.9077649 0.7359554 0.9160639 0.8271852 0.9865865 0.8575283 0.8575283 1.0068111 0.9630389 1.0813720 1.1477691 0.9753721 0.9372829 1.0886323 0.9826040 0.8912865 1.0535492 1.1902068 0.7790420 1.0917203 0.9884483 1.0339783 0.9663249 1.1297328 0.8983397 0.8983397 1.2940765 0.9395203 1.0362325 0.8886424 1.2503563 0.6522442 0.9076971 0.7873641 1.6233652 
Opea_EP00118_Oscarella_pearsei_P009158                   0.1676681 0.0000000 0.0000010 0.6809576 1.0281989 0.4514642 0.7302918 0.7660339 0.7765536 0.8581945 0.3530411 0.8551273 0.7306858 0.8380622 0.8326870 0.7286098 0.7750002 0.8150400 0.8363712 0.8773279 0.8805536 0.9134916 0.9309383 0.6913821 1.0686538 0.5098668 0.8136035 0.6367421 0.5031165 0.8583263 0.6648617 0.8479886 0.8213857 1.0187491 0.7725979 0.6628919 0.8086783 0.9928818 0.6696082 0.8516401 0.7060998 0.9507593 0.8369020 0.8512279 0.8512279 0.9372615 0.9419500 0.8312727 1.0878739 0.6054364 0.8877693 1.0058743 1.0528971 0.8664543 0.9713741 1.0566445 0.9603403 0.9549326 0.9550188 0.7414343 1.0488792 1.0753219 1.0685278 0.9543733 0.9543733 0.9909329 1.0173110 0.9937045 1.1497706 1.1161003 0.9040848 1.1207231 1.1589977 0.9318311 1.0897729 1.1649642 0.8992317 1.2035989 1.0693887 1.2543569 1.1520560 1.1284964 1.1128812 1.1587010 1.2801294 1.0288794 1.3805384 1.0021138 1.3641511 0.8980343 1.0350313 1.0373609 1.4660424 
Opea_EP00118_Oscarella_pearsei_P009159                   0.1676681 0.0000010 0.0000000 0.6809576 1.0281989 0.4514642 0.7302918 0.7660339 0.7765536 0.8581945 0.3530411 0.8551273 0.7306858 0.8380622 0.8326870 0.7286098 0.7750002 0.8150400 0.8363712 0.8773279 0.8805536 0.9134916 0.9309383 0.6913821 1.0686538 0.5098668 0.8136035 0.6367421 0.5031165 0.8583263 0.6648617 0.8479886 0.8213857 1.0187491 0.7725979 0.6628919 0.8086783 0.9928818 0.6696082 0.8516401 0.7060998 0.9507593 0.8369020 0.8512279 0.8512279 0.9372615 0.9419500 0.8312727 1.0878739 0.6054364 0.8877693 1.0058743 1.0528971 0.8664543 0.9713741 1.0566445 0.9603403 0.9549326 0.9550188 0.7414343 1.0488792 1.0753219 1.0685278 0.9543733 0.9543733 0.9909329 1.0173110 0.9937045 1.1497706 1.1161003 0.9040848 1.1207231 1.1589977 0.9318311 1.0897729 1.1649642 0.8992317 1.2035989 1.0693887 1.2543569 1.1520560 1.1284964 1.1128812 1.1587010 1.2801294 1.0288794 1.3805384 1.0021138 1.3641511 0.8980343 1.0350313 1.0373609 1.4660424 
Plajan_Pjan_scaffold9007_01                              0.6069714 0.6809576 0.6809576 0.0000000 0.0000010 0.0000010 0.8230667 0.8194790 0.8500342 0.8520027 0.3908170 0.8991395 0.8167873 1.0014021 1.0032819 0.9449079 0.9455716 0.8524057 0.9984124 0.9597858 0.9200393 0.9765095 0.9897328 0.6912110 0.9637916 0.4612215 0.7707531 0.6419188 0.5100109 0.9328585 0.6862243 0.8338535 0.7818190 1.0154700 0.7187274 0.7087634 0.8952632 1.0146515 0.6009535 0.8380930 0.7178677 0.9303142 0.8794949 0.8319003 0.8319003 0.9417635 1.0083458 0.8278413 1.0877955 0.5697570 0.9403586 0.9712559 1.0439957 0.9942493 1.0208715 1.1039893 1.0100100 1.0200276 1.0459757 0.8764168 1.1449202 1.0993905 1.1062414 1.0104515 1.0104515 1.0798098 1.1244789 1.1180226 1.3237942 1.1875560 0.8595142 1.2805745 1.3531660 1.0796736 1.0564575 1.2891333 0.9933238 1.1343799 1.1677970 1.3925677 1.1525770 1.1251698 1.1263253 1.1902531 1.3333934 1.1082786 1.6249330 1.0052037 1.5999392 1.0368210 0.9966170 0.9811638 1.6697698 
Plajan_Pjan_scaffold9008_01                              1.6079641 1.0281989 1.0281989 0.0000010 0.0000000 0.0000010 0.9849909 0.9859344 0.9692215 1.1481871 0.0000010 1.0584704 0.9715012 1.6139745 1.6253571 8.9999984 1.5447425 1.0398602 1.1297725 1.1343363 1.6248430 2.3073304 1.0101732 1.3786528 1.4555584 0.5094119 1.5482737 1.1981140 0.0000010 1.2142414 0.9577943 1.2473816 0.7594361 0.9946788 1.1469023 1.2653619 1.2653619 1.3615667 0.0000010 1.3195701 1.2771919 1.3988449 1.4431080 1.5472780 1.5472780 1.6157971 1.6974948 1.6123951 1.3880093 0.5547078 1.4977388 1.3341144 1.5345437 1.4999466 1.8098834 1.8060700 1.8060700 1.8274507 1.9844167 1.6687076 1.7670013 1.6248773 1.5393328 0.9967877 0.9967877 1.6361282 1.7228957 2.0812519 2.3552452 1.7708262 2.3421167 1.7260226 4.0555390 1.8136642 1.5029781 1.4094453 0.6597126 1.7293239 1.2712480 1.7138005 1.4857200 1.5276464 0.3850427 0.3850427 1.7395376 1.7922451 9.0000000 0.0000010 2.3896110 0.0000010 1.4573307 0.0000010 3.5928065 
Plajan_Pjan_scaffold9009_01                              0.4905199 0.4514642 0.4514642 0.0000010 0.0000010 0.0000000 0.5101062 0.5996915 0.5880589 0.5930765 0.3908170 0.6164473 0.5667004 0.7180204 0.7201162 0.5056019 0.6678499 0.6095606 0.6599293 0.6480229 0.7004091 0.7876080 0.6380871 0.6786018 0.7584340 0.4612215 0.7179768 0.6030057 0.5035546 0.6551307 0.6862243 0.6276599 0.6286457 0.7378351 0.7187274 0.5839955 0.5839955 0.7054122 0.6009535 0.5415218 0.7178677 0.7390382 0.8794949 0.7155911 0.7155911 0.7949492 0.7602426 0.7763223 0.7662868 0.5697570 0.7215768 0.7634115 0.8339852 0.7984123 0.8640983 0.8383363 0.8383363 0.8743683 0.8694526 0.7343775 0.7114121 0.8321450 0.8204446 0.7153210 0.7153210 0.7713368 0.9791137 1.1180226 1.3237942 0.9637952 0.8595142 1.0336123 1.0054772 0.8034751 0.7955616 1.0064079 0.7547734 0.9096989 0.8400303 0.8853978 0.7368786 0.8582937 0.7996825 0.7996825 1.0149648 0.8241212 0.9245890 0.9119965 1.2037032 0.5128511 0.7347173 0.6000032 1.5067810 
Gfas_gfas1.m1.5953.m1                                    0.6872492 0.7302918 0.7302918 0.8230667 0.9849909 0.5101062 0.0000000 0.2101700 0.2107121 0.4606531 0.2150034 0.5133629 0.2084751 0.6207473 0.6207473 0.6314701 0.5944086 0.1934958 0.1978287 0.2136424 0.8241714 0.8063156 0.8664246 0.5655551 0.9043316 0.4888353 0.5962706 0.6372823 0.4825867 0.7749920 0.5462896 0.7130206 0.8324067 1.0457827 0.6449817 0.6056881 0.7810135 0.8048182 0.5534040 0.7709009 0.5473591 0.8144869 0.5325367 0.6971530 0.6971530 0.7906301 0.8878287 0.7310888 1.0088419 0.5768211 0.8424319 0.7722481 0.8087072 0.7284703 0.8541412 0.9492605 0.8465969 0.8788954 0.8703100 0.7223184 1.0237110 0.7013418 0.7544294 0.8795378 0.8726436 0.9851195 0.9481170 0.7003847 0.6966908 0.9698485 0.8399949 1.0033978 1.1227264 0.9148660 0.9558803 1.0222441 0.9032065 1.0491542 1.1280011 1.2869351 1.2549713 1.1434906 1.0637019 1.1594240 1.1146354 0.9936637 1.5324560 0.5894860 1.2954050 0.8362996 0.7820001 1.0378146 1.3429502 
Spis_XP_022788583_1                                      0.7380880 0.7660339 0.7660339 0.8194790 0.9859344 0.5996915 0.2101700 0.0000000 0.0204411 0.4485311 0.1887824 0.5054952 0.1909475 0.6125622 0.6125622 0.6154082 0.6262081 0.2337839 0.2393901 0.2478805 0.7927471 0.7860611 0.8426256 0.6618071 0.8423287 0.4832418 0.6524381 0.6271606 0.4943361 0.7190339 0.5436357 0.6928769 0.7808651 0.9414230 0.6670868 0.6470319 0.7846204 0.8512442 0.6115683 0.8032454 0.6571802 0.8613095 0.6730114 0.6505406 0.6505406 0.8010464 0.8796414 0.7864770 0.9667825 0.6001906 0.8188713 0.6970058 0.7158479 0.6399042 0.7648943 0.8656726 0.7710117 0.7680248 0.7647618 0.6945078 0.9415991 0.6474978 0.7757715 0.8138021 0.7938370 0.8704358 0.9778393 0.8538435 0.9051220 1.0149646 0.8121876 1.0864073 1.0999774 0.9394931 0.9605789 1.0570473 0.9136942 1.0248172 1.0540061 1.2097598 1.1511841 1.1076102 1.0419279 1.0419279 1.0778417 1.0086737 1.4506770 0.6841794 1.2587872 0.7985427 0.6973768 1.0341697 1.3794475 
Pocdam_XM_027203870.1                                    0.7524624 0.7765536 0.7765536 0.8500342 0.9692215 0.5880589 0.2107121 0.0204411 0.0000000 0.4713547 0.1809584 0.5278919 0.1959547 0.6676394 0.6630586 0.6831687 0.6857538 0.2295793 0.2605573 0.2708389 0.8293373 0.8231198 0.8665743 0.6535560 0.8628108 0.4987161 0.6482892 0.6115001 0.4754262 0.7719525 0.5303179 0.7494651 0.8001293 1.0329209 0.6794106 0.6330360 0.8063638 0.8337220 0.5914828 0.8174056 0.6562024 0.8833444 0.6724034 0.6977569 0.6977569 0.8328764 0.8777923 0.7903382 1.0079865 0.6080647 0.8274256 0.7218673 0.7406827 0.7006096 0.7732692 0.8666481 0.7798258 0.7845851 0.7750365 0.6938421 0.9766486 0.7369411 0.8238442 0.8706401 0.8506272 0.9633863 1.0297057 0.8727467 0.9271976 1.0858273 0.7910197 1.1120392 1.1218170 0.9576404 0.9894939 1.0723371 0.9196737 1.0410884 1.0858233 1.2173847 1.2036330 1.1047322 1.0814570 1.1900454 1.1288358 0.9901802 1.3769983 0.6871159 1.2940617 0.8431822 0.7253967 1.0948927 1.3511063 
Exapal_XM_021043541.1                                    0.7931884 0.8581945 0.8581945 0.8520027 1.1481871 0.5930765 0.4606531 0.4485311 0.4713547 0.0000000 0.1589630 0.3882300 0.4952438 0.6912499 0.6865562 0.6656601 0.7040572 0.5228356 0.6237789 0.5937017 0.7953747 0.8527702 0.9121620 0.6911892 0.8818889 0.4357236 0.6801037 0.5972021 0.5159081 0.8123282 0.5210032 0.7953025 0.8105516 1.0100150 0.6367295 0.6195035 0.8099339 1.0419847 0.5917189 0.8458345 0.6618137 0.9374841 0.8115403 0.7011323 0.7011323 0.8264554 0.9969881 0.7804603 1.0839647 0.5154004 0.9067921 0.8496480 0.8910252 0.7703198 0.9464692 1.0553971 0.9669154 0.9176600 0.9695039 0.7838736 1.1359090 0.7758193 0.8244939 1.0128095 1.0050708 1.0270237 0.9888252 0.8259659 0.9015143 1.1498329 0.7481930 1.1287564 1.1563664 1.0207898 0.9978373 1.1862838 1.0600844 1.1248960 1.2530887 1.2685474 1.2453704 1.2473264 1.1447586 1.1798427 1.3074337 1.1304255 1.7645906 0.5456528 1.3271525 1.0240055 0.7972498 1.0818005 1.3998592 
Nvec_NVE9748                                             0.3530411 0.3530411 0.3530411 0.3908170 0.0000010 0.3908170 0.2150034 0.1887824 0.1809584 0.1589630 0.0000000 0.0061808 0.1970022 0.2824461 0.2824461 0.2851534 0.2846547 0.2513664 0.2468599 0.2679176 0.3918175 0.3849189 0.3910575 0.4221066 0.5421851 0.5009287 0.4405853 0.4947728 0.4576590 0.3516320 0.3437748 0.3805096 0.4021694 0.4240555 0.4291490 0.3704951 0.3704951 0.4317206 0.6276319 0.3555223 0.3934816 0.4101656 0.3101343 0.3578394 0.3578394 0.3655080 0.4488369 0.5075618 0.5330947 0.2235742 0.4349098 0.3614377 0.4021248 0.3956272 0.6185360 0.5807908 0.5807908 0.6440556 0.5848424 0.5197932 0.5454439 0.3499436 0.3981145 0.4482839 0.4482839 0.4425771 0.5172719 0.4081530 0.2972384 0.4451108 0.4967907 0.5484882 0.5362076 0.4884902 0.5621872 0.6508758 0.5868112 0.6913271 0.6230518 0.6500953 0.6019524 0.6037597 0.6601785 0.6601785 0.6837984 0.4984579 0.8021639 0.0900711 0.7399665 0.3867229 0.3156183 0.5104743 0.8879845 
Nvec_v1g235676                                           0.8212910 0.8551273 0.8551273 0.8991395 1.0584704 0.6164473 0.5133629 0.5054952 0.5278919 0.3882300 0.0061808 0.0000000 0.5388323 0.7143871 0.7095568 0.7009770 0.7462215 0.5527235 0.6175382 0.6265848 0.7990078 0.8620135 0.9716088 0.7197009 0.8929338 0.5174059 0.7649760 0.7165323 0.5626129 0.8446924 0.5299418 0.8662746 0.7114425 0.9486450 0.5870146 0.6341427 0.7989577 0.9923338 0.6197608 0.8402056 0.6001666 0.8728751 0.7021893 0.7323339 0.7323339 0.8623409 0.9871909 0.8616994 1.0694615 0.5587427 0.8556774 0.8069154 0.8282647 0.7397891 0.9342155 1.0103877 0.9192454 0.9099304 0.9738348 0.8159044 1.1028825 0.7470099 0.8349735 0.9334166 0.9244786 1.1630569 1.0288718 0.8592877 0.9281046 1.0914900 0.8118740 1.1408954 1.2009719 0.9535809 0.9843369 1.1028056 0.9752424 0.9966248 1.1297785 1.2426190 1.1492147 1.1495833 1.1018580 1.1884481 1.1667713 1.1881418 1.7463413 0.2304644 1.3950653 0.9758991 0.8259918 1.0268595 1.3648808 
Fspp_ffun1.m4.7270.m1                                    0.7124279 0.7306858 0.7306858 0.8167873 0.9715012 0.5667004 0.2084751 0.1909475 0.1959547 0.4952438 0.1970022 0.5388323 0.0000000 0.6651182 0.6605383 0.6519502 0.6406779 0.1917213 0.2373293 0.2507875 0.7994748 0.7820564 0.9048225 0.6556026 0.8090574 0.4561436 0.6722490 0.6795169 0.5064347 0.7389807 0.5273510 0.7260297 0.7748556 0.9803539 0.6579191 0.6659487 0.7920828 0.8404021 0.5793229 0.8081687 0.5892704 0.8031625 0.5695127 0.7127816 0.7127816 0.8186552 0.8572533 0.8056622 0.9861230 0.4814983 0.7900889 0.7809234 0.7958398 0.7074999 0.8136579 0.8900791 0.8001226 0.8406663 0.8071351 0.7112015 0.9457436 0.7643955 0.8094801 0.8616611 0.8427570 0.9437685 0.9790246 0.8872196 0.9275887 1.0402911 0.7691920 1.0489630 1.1002599 0.8829005 0.9877210 1.0797356 0.9486825 1.0132781 1.0600926 1.1963421 1.1401426 1.0527490 1.0151426 1.1017500 1.0998596 0.9709124 1.3780142 0.6586340 1.2351747 0.8607516 0.7161603 1.0593461 1.3221340 
Dgig_XM_028546038.1                                      0.7906089 0.8380622 0.8380622 1.0014021 1.6139745 0.7180204 0.6207473 0.6125622 0.6676394 0.6912499 0.2824461 0.7143871 0.6651182 0.0000000 0.0018177 0.2214542 0.1973013 0.7138217 0.7235797 0.7106874 0.8722512 0.9187460 1.0132928 0.6808125 0.9955499 0.4672680 0.7731384 0.6447616 0.5218028 0.9020931 0.5904709 0.8381812 0.6696025 0.9524356 0.7004589 0.7182304 0.9081912 0.9760785 0.5986383 0.9062037 0.7312721 0.9573567 0.8618263 0.7908991 0.7908991 0.9524426 0.9465639 0.8631714 1.0935696 0.4747606 0.9156216 0.9044620 0.9558899 0.8752868 0.9467581 1.0627392 0.9562128 0.9586354 0.9462670 0.7725829 1.0731833 0.8894811 0.9262768 0.8879584 0.8994065 1.0230601 1.0007287 0.7427061 0.8729620 1.0394179 0.7261048 1.0371896 1.0501574 0.9873009 0.9858553 1.1490434 1.0591745 1.0230893 1.0676639 1.3361016 1.1510442 1.2116962 1.0969164 1.2191440 1.2614120 1.1521796 1.7515602 0.7748221 1.4959847 0.9104480 0.8796996 1.0558165 1.5102168 
Dgig_XM_028558177.1                                      0.7925856 0.8326870 0.8326870 1.0032819 1.6253571 0.7201162 0.6207473 0.6125622 0.6630586 0.6865562 0.2824461 0.7095568 0.6605383 0.0018177 0.0000000 0.2214542 0.1978155 0.7090034 0.7175494 0.7055751 0.8787976 0.9255011 1.0075035 0.6742799 0.9893644 0.4672680 0.7672497 0.6390930 0.5218028 0.8965471 0.5841900 0.8381812 0.6643412 0.9543932 0.7082010 0.7199419 0.9098536 0.9702258 0.5986383 0.9084316 0.7400187 0.9517133 0.8498714 0.7908991 0.7908991 0.9464251 0.9408513 0.8667728 1.0955555 0.4747606 0.9099869 0.8987928 0.9500537 0.8697729 0.9467581 1.0627392 0.9562128 0.9586354 0.9462670 0.7725829 1.0731833 0.8926871 0.9206971 0.8945069 0.9060435 1.0230601 0.9943801 0.7318017 0.8597611 1.0424953 0.7261048 1.0371896 1.0501574 0.9811912 0.9797096 1.1421135 1.0591745 1.0161421 1.0607648 1.3275279 1.1435846 1.2043900 1.0969164 1.2191440 1.2540062 1.1451186 1.7515602 0.7748221 1.4869887 0.9104480 0.8728831 1.0558165 1.5006639 
Xesp_026666-T1                                           0.6273341 0.7286098 0.7286098 0.9449079 8.9999984 0.5056019 0.6314701 0.6154082 0.6831687 0.6656601 0.2851534 0.7009770 0.6519502 0.2214542 0.2214542 0.0000000 0.0340211 0.7307650 0.8037561 0.7722575 0.8151985 0.7553902 1.0700827 0.5509564 1.0571998 0.4807295 0.7121727 0.6417464 0.5831891 0.9543229 0.4726678 0.7337066 0.6818901 1.0745789 0.6201274 0.5963896 0.8610033 0.8829577 0.6154784 0.8813102 0.5630300 0.8998501 0.4826442 0.7336639 0.7336639 0.8204088 0.8071105 0.7679659 1.0769102 0.4498477 0.8799184 0.8408285 0.8803712 0.8382074 0.8963072 1.0330793 0.8986770 0.9059954 0.8803869 0.7202244 1.0575429 0.7427062 0.8598958 1.0694655 1.0728750 0.9432230 1.0426758 0.4905691 0.4101903 1.0065727 0.5090221 1.0429268 0.9999619 0.9852006 1.0928123 1.2428047 1.1758544 1.1526351 1.1848003 1.5173400 1.3303744 1.2555329 1.1502029 1.2828787 1.2968942 1.1485431 1.7553804 0.9677231 1.4176122 0.9013485 0.8216296 0.9895866 1.4080629 
Xesp_015259-T1                                           0.7970618 0.7750002 0.7750002 0.9455716 1.5447425 0.6678499 0.5944086 0.6262081 0.6857538 0.7040572 0.2846547 0.7462215 0.6406779 0.1973013 0.1978155 0.0340211 0.0000000 0.7085940 0.7323432 0.7609687 0.8427399 0.8802761 1.0188026 0.7252030 1.0767278 0.4688428 0.8011889 0.6556411 0.5573834 0.9119019 0.6271483 0.7777250 0.6417736 0.9495950 0.7093147 0.7121189 0.8771329 0.9370987 0.5918624 0.8773803 0.6684971 0.9173488 0.8232357 0.7348955 0.7348955 0.9121633 0.9533105 0.8991000 1.0457130 0.4411505 0.9053089 0.8983195 0.9389588 0.8819556 0.9006657 0.9954780 0.8951069 0.8885976 0.8865507 0.7322658 1.0106087 0.8533582 0.9423700 0.9684625 0.9706979 1.0461408 1.0746355 0.8896348 1.0154352 1.0448954 0.6983194 1.0213403 1.0367175 0.9878789 1.0275909 1.1050189 1.0326609 1.0224371 1.0670781 1.2895704 1.1267091 1.1948070 1.0881496 1.2173654 1.3207264 1.1388629 1.6939528 0.9783892 1.4858727 0.8594271 0.8473511 0.9626910 1.4861686 
Gasp_gasp1.m3.6451.m1                                    0.7678955 0.8150400 0.8150400 0.8524057 1.0398602 0.6095606 0.1934958 0.2337839 0.2295793 0.5228356 0.2513664 0.5527235 0.1917213 0.7138217 0.7090034 0.7307650 0.7085940 0.0000000 0.2169747 0.2562463 0.8690950 0.8792558 0.9459124 0.7042672 0.8868909 0.5025170 0.7151429 0.6895057 0.5526851 0.7775232 0.5782798 0.7309081 0.7573502 0.9788014 0.6883952 0.7308080 0.8809120 0.8383107 0.5536824 0.9027553 0.6561093 0.8349542 0.6931143 0.7534746 0.7534746 0.8932858 0.9829845 0.9030109 1.0642343 0.5897646 0.9232198 0.7901577 0.8448564 0.7628408 0.8650082 0.9438996 0.8461318 0.8757921 0.8807632 0.7696994 1.0442525 0.8179371 0.8443059 0.9214485 0.9121712 0.9762874 0.9872193 0.8136833 0.8796504 1.0796970 0.8054678 1.0571099 1.1167244 0.9746683 1.0431753 1.0803043 0.9386933 1.0166197 1.0353320 1.2271086 1.1928578 1.1236327 1.0598156 1.1439642 1.1112210 1.0729741 1.3685351 0.6647706 1.3550439 0.9053833 0.8304946 1.0421203 1.2076302 
Amil_Amillepora24056-RA                                  0.7721264 0.8363712 0.8363712 0.9984124 1.1297725 0.6599293 0.1978287 0.2393901 0.2605573 0.6237789 0.2468599 0.6175382 0.2373293 0.7235797 0.7175494 0.8037561 0.7323432 0.2169747 0.0000000 0.0776941 0.8970306 0.9367514 0.9473330 0.6954192 0.9840884 0.5190806 0.6562404 0.6628304 0.4784076 0.8097537 0.4695336 0.8029454 0.7896287 1.0605450 0.6074204 0.6385307 0.9028307 0.9580550 0.6451170 0.9956991 0.6270473 0.9124872 0.6512371 0.6915803 0.6915803 0.8746760 0.8877386 0.7725398 1.0047971 0.3484835 0.9052175 0.7997317 0.8297770 0.7681554 0.8957062 1.0101912 0.8731032 0.9120748 0.8666163 0.7304242 1.1972922 0.9077878 0.8440816 0.9784835 0.9685614 1.0131283 0.9540148 0.7601965 0.8085167 1.0550448 0.8324765 1.0841175 1.1413501 1.0638759 1.0240131 1.0764007 1.0210464 0.9656495 1.0335444 1.2613931 1.2511727 1.1635719 1.2334373 1.3474343 1.1287111 1.1534538 1.6456200 0.5528898 1.3162664 1.1212945 0.8535274 1.4088037 1.3783023 
Adig_XM_015906337.1                                      0.8589977 0.8773279 0.8773279 0.9597858 1.1343363 0.6480229 0.2136424 0.2478805 0.2708389 0.5937017 0.2679176 0.6265848 0.2507875 0.7106874 0.7055751 0.7722575 0.7609687 0.2562463 0.0776941 0.0000000 0.9267076 0.9640910 0.9801864 0.7780670 1.0144971 0.5571315 0.7873682 0.7100946 0.5626949 0.8355121 0.6054053 0.7806360 0.8759081 1.1196538 0.6974857 0.7685147 0.9552208 0.9761709 0.6098585 0.9648732 0.7130765 0.9573389 0.7554567 0.8202205 0.8202205 0.9455211 1.0504175 0.8689527 1.0597387 0.5309929 0.9526405 0.8135081 0.8246661 0.7675266 1.0134010 1.1082026 0.9884343 1.0247443 1.0064363 0.8384962 1.1869252 0.8423340 0.8653873 1.0043105 0.9957144 1.0774220 1.0877515 0.9369938 0.9158756 1.1429554 0.9423372 1.1526350 1.1922254 1.0489855 1.0945201 1.1522765 1.1165040 1.1604666 1.1559014 1.3910065 1.4387472 1.1936676 1.1553506 1.2312578 1.2067254 1.1911138 2.0729549 0.9043411 1.4517750 0.9097218 0.8135879 1.1852140 1.3677087 
Hsap_ENST00000336079                                     0.7926624 0.8805536 0.8805536 0.9200393 1.6248430 0.7004091 0.8241714 0.7927471 0.8293373 0.7953747 0.3918175 0.7990078 0.7994748 0.8722512 0.8787976 0.8151985 0.8427399 0.8690950 0.8970306 0.9267076 0.0000000 0.1451894 0.9010446 0.6029290 0.9139068 0.4249197 0.7231323 0.5669422 0.4562955 0.7700830 0.5554939 0.8079197 0.7363439 0.9978993 0.6667077 0.5571426 0.7823380 0.9186171 0.6037220 0.8268685 0.6461692 0.9494476 0.7936660 0.6753393 0.6753393 0.8449910 0.8746143 0.7729874 1.0350191 0.5903552 0.8472709 0.9495667 0.9899149 0.8852504 0.9003634 0.9848003 0.8978379 0.8759592 0.9810936 0.6843268 1.0636565 0.9439905 0.9947062 0.8775032 0.8774574 1.0471001 1.0313259 0.8611943 0.9602158 1.0321522 0.7879058 1.0839595 1.1427421 1.1059632 1.0505989 1.2851260 1.0027388 1.2371765 1.1656063 1.4670307 1.3339027 1.1867912 1.3016648 1.3921521 1.3821794 1.0563918 1.7258489 0.9545312 1.6063510 0.8856992 0.9294709 1.1246436 1.5733009 
Hsap_ENST00000625837                                     0.7960312 0.9134916 0.9134916 0.9765095 2.3073304 0.7876080 0.8063156 0.7860611 0.8231198 0.8527702 0.3849189 0.8620135 0.7820564 0.9187460 0.9255011 0.7553902 0.8802761 0.8792558 0.9367514 0.9640910 0.1451894 0.0000000 0.9471253 0.6945032 1.0092269 0.3938357 0.8055167 0.5894849 0.4679632 0.7885453 0.6672250 0.8238212 0.7132917 0.9704255 0.7321017 0.6517059 0.8513687 0.9792326 0.6037220 0.8600614 0.7477411 1.0085011 0.9168238 0.6315310 0.6315310 0.8721225 0.8902462 0.8159023 1.0471392 0.5139744 0.8626525 0.9338018 0.9769632 0.8451941 0.9043448 1.0122623 0.9249640 0.8828439 0.9641550 0.6839596 1.0626044 0.9854284 1.0282430 1.0037596 1.0044487 1.0525049 1.1012263 0.9720944 1.1201342 1.1143185 0.7930905 1.1770499 1.1529667 1.1796999 1.0836935 1.3181810 0.9967792 1.2478959 1.2260177 1.4060670 1.3038301 1.2864695 1.2781064 1.3738777 1.4592821 1.0930494 1.7687686 0.9838386 1.7373114 0.8734726 0.9627015 1.0342881 1.6495257 
Ctel_gnl_WGS_AMQN_CAPTEDRAFT_mRNA224610                  0.8382086 0.9309383 0.9309383 0.9897328 1.0101732 0.6380871 0.8664246 0.8426256 0.8665743 0.9121620 0.3910575 0.9716088 0.9048225 1.0132928 1.0075035 1.0700827 1.0188026 0.9459124 0.9473330 0.9801864 0.9010446 0.9471253 0.0000000 0.6025625 0.9567824 0.4563759 0.6339560 0.6474434 0.4826438 0.7918292 0.5469135 0.8341606 0.7881765 0.9934409 0.6762164 0.6046039 0.7901753 1.1549599 0.5427000 0.7266508 0.6302937 0.9342100 0.6610985 0.7489097 0.7489097 0.8888067 0.9263951 0.8189895 1.0460056 0.4818904 0.8391955 0.9201602 0.9277236 0.9228910 1.0541772 1.0986967 1.0344645 1.0761473 1.0151642 0.8029633 1.2109991 0.9803343 0.9783888 0.8928319 0.9085939 1.2340054 1.0524918 0.7970266 0.9465215 1.1200021 0.6299314 1.1191565 1.1568281 1.0709626 1.1861711 1.1887985 1.0101121 1.1347746 1.1837093 1.3903622 1.2612488 1.3654843 1.3890249 1.4897024 1.3423559 1.1173475 1.8579675 1.0179374 1.4367337 1.1195917 0.9629358 1.2126346 1.4151629 
Salpun_EP00053_Salpingoeca_punica_P010738                0.7327043 0.6913821 0.6913821 0.6912110 1.3786528 0.6786018 0.5655551 0.6618071 0.6535560 0.6911892 0.4221066 0.7197009 0.6556026 0.6808125 0.6742799 0.5509564 0.7252030 0.7042672 0.6954192 0.7780670 0.6029290 0.6945032 0.6025625 0.0000000 0.6063902 0.3449490 0.5357214 0.3515846 0.3590348 0.7113804 0.5963623 0.6480995 0.5675251 0.6461765 0.6264331 0.6871527 0.6871527 0.7263850 0.5885468 0.6600545 0.6704425 0.7234326 0.7513657 0.5922610 0.5922610 0.7271276 0.7752189 0.8987239 0.8469849 0.4787232 0.7121237 0.6824599 0.7537611 0.7431779 0.8510357 0.8351977 0.8351977 0.8584202 0.8306446 0.7456003 0.7780158 0.7051129 0.8239276 0.6036924 0.6036924 0.8175650 0.8027248 0.8149238 1.0063120 0.8271644 0.6430836 0.9054508 0.8204002 0.6422194 0.6905282 0.7449715 0.7061274 0.8125797 0.8150659 0.8002353 0.7406983 0.8005250 0.7706988 0.7706988 0.9623253 0.6268202 0.8419197 0.8692915 1.1485055 0.4418785 0.6155882 0.6217651 1.2697947 
Salkve_EP00050_Salpingoeca_kvevrii_P012970               1.0415247 1.0686538 1.0686538 0.9637916 1.4555584 0.7584340 0.9043316 0.8423287 0.8628108 0.8818889 0.5421851 0.8929338 0.8090574 0.9955499 0.9893644 1.0571998 1.0767278 0.8868909 0.9840884 1.0144971 0.9139068 1.0092269 0.9567824 0.6063902 0.0000000 0.3486526 0.6980106 0.5700639 0.5120649 0.9438119 0.8157030 0.9070668 0.8152702 1.1110848 0.8127488 0.8605833 1.0321211 0.9868098 0.6435553 1.0270438 0.8219287 0.9709750 0.7964955 0.9187863 0.9187863 1.0423947 1.0382075 0.9724260 1.2947627 0.6487475 0.9735895 1.0111391 1.0581240 1.0704898 0.9742789 1.0509609 0.9653715 1.0112152 1.0269651 0.8115637 1.1110376 1.1965475 1.1283538 0.9622247 0.9743979 1.0549022 1.0407769 0.9822399 1.0582533 1.0911674 0.8693053 1.1134317 1.1176096 0.9182704 0.9590511 0.9917470 0.9918842 1.0148769 0.9865774 1.1069003 0.9938553 1.0424122 1.0378804 1.1253121 1.0991311 0.9215630 1.3863972 1.2345337 1.2986753 0.9229268 0.9300851 1.0839676 1.6488478 
Lcom_lcpid136356                                         0.5098668 0.5098668 0.5098668 0.4612215 0.5094119 0.4612215 0.4888353 0.4832418 0.4987161 0.4357236 0.5009287 0.5174059 0.4561436 0.4672680 0.4672680 0.4807295 0.4688428 0.5025170 0.5190806 0.5571315 0.4249197 0.3938357 0.4563759 0.3449490 0.3486526 0.0000000 0.3803854 0.3993958 0.4586433 0.4035968 0.4881129 0.3952237 0.5359530 0.5845318 0.5370089 0.4991917 0.4991917 0.5550036 0.6226444 0.4495579 0.4838344 0.5200160 0.4121893 0.4856508 0.4856508 0.4995611 0.4144769 0.5531960 0.5262121 0.4283037 0.4709441 0.5137819 0.5017423 0.5195871 0.6314968 0.6315503 0.6315503 0.6406634 0.5666188 0.5790752 0.5790752 0.5703465 0.5725200 0.4891653 0.4891653 0.5587673 0.6343940 0.5374261 0.4806542 0.7169231 0.7579647 0.6777246 0.6047480 0.4982696 0.4502436 0.6626941 0.7561472 0.6047552 0.5264365 0.5975590 0.5722657 0.5990840 0.6832631 0.6832631 0.6350112 0.4855336 2.3930013 2.2526615 0.7976085 0.5187760 0.5603245 0.6852959 0.9123658 
Salurc_EP00051_Salpingoeca_urceolata_P009907             0.8119573 0.8136035 0.8136035 0.7707531 1.5482737 0.7179768 0.5962706 0.6524381 0.6482892 0.6801037 0.4405853 0.7649760 0.6722490 0.7731384 0.7672497 0.7121727 0.8011889 0.7151429 0.6562404 0.7873682 0.7231323 0.8055167 0.6339560 0.5357214 0.6980106 0.3803854 0.0000000 0.5083661 0.4121918 0.7098798 0.6117017 0.6595262 0.6204381 0.7339475 0.7760216 0.7857661 0.7683746 0.7916198 0.7294131 0.6828625 0.6028059 0.7208589 0.6760649 0.7187668 0.7187668 0.8209222 0.7977928 0.8957907 0.8905852 0.5202738 0.7776706 0.7491233 0.7601999 0.7490825 1.0269642 1.0320635 1.0320635 1.0195470 1.0223037 0.7813049 0.9617554 0.7890756 0.8074075 0.7225458 0.7225458 0.7957436 0.8651732 0.8336970 0.9326214 0.9220912 0.7993681 0.9150645 0.8702256 0.7630313 0.7084249 0.8119513 0.7495830 0.9212301 0.9001092 0.8640813 0.8116620 1.0057607 0.8733276 0.8733276 0.9200087 0.8010834 1.1071921 0.9355640 1.0959386 0.6570261 0.7220103 0.7612767 1.3061601 
Salmac_EP00052_Salpingoeca_macrocollata_P030576          0.7149686 0.6367421 0.6367421 0.6419188 1.1981140 0.6030057 0.6372823 0.6271606 0.6115001 0.5972021 0.4947728 0.7165323 0.6795169 0.6447616 0.6390930 0.6417464 0.6556411 0.6895057 0.6628304 0.7100946 0.5669422 0.5894849 0.6474434 0.3515846 0.5700639 0.3993958 0.5083661 0.0000000 0.4157143 0.5765787 0.5709058 0.5218015 0.6365351 0.7050132 0.6910198 0.5926891 0.5759412 0.7323770 0.6965708 0.6077651 0.5468078 0.6293755 0.5929158 0.6521239 0.6521239 0.7124351 0.6282174 0.8018292 0.7985025 0.6395309 0.6679382 0.6362998 0.6471453 0.6548141 0.8060150 0.8059583 0.8059583 0.8002071 0.7936705 0.6929336 0.6987386 0.6629599 0.7112838 0.5867076 0.5867076 0.7903924 0.8503867 0.8713983 0.8754999 0.9041845 0.9054030 0.8933889 0.8352966 0.6394956 0.6752818 0.7152185 0.7476209 0.8511640 0.7670113 0.7568658 0.7444502 0.7640556 0.8871721 0.8871721 0.8863738 0.6746207 0.8592129 1.0324578 1.1629336 0.5074671 0.6323239 0.5858967 1.1898136 
Lcom_lcpid142802                                         0.5031165 0.5031165 0.5031165 0.5100109 0.0000010 0.5035546 0.4825867 0.4943361 0.4754262 0.5159081 0.4576590 0.5626129 0.5064347 0.5218028 0.5218028 0.5831891 0.5573834 0.5526851 0.4784076 0.5626949 0.4562955 0.4679632 0.4826438 0.3590348 0.5120649 0.4586433 0.4121918 0.4157143 0.0000000 0.4619059 0.4091859 0.4722733 0.5165971 0.6183237 0.5426513 0.5168462 0.5157039 0.6420653 0.7257377 0.4435983 0.5831452 0.6082822 0.5180362 0.5386229 0.5386229 0.5494224 0.5670791 0.7461731 0.7558741 0.8663331 0.5314983 0.5647776 0.5823801 0.6526727 0.8299950 0.8185090 0.8185090 0.8327896 0.7785393 0.7095675 0.7593899 0.5760975 0.7223435 0.5180419 0.5180419 0.5254401 0.7570119 0.5158622 0.3605854 0.6919886 0.7661506 0.8375592 0.8604910 0.5023130 0.5716090 0.7749594 0.6834809 0.7669359 0.8234492 0.5928189 0.6130147 0.8075703 0.8446729 0.8446729 0.7627416 0.5197904 1.1538905 0.7621223 0.9512282 0.5658134 0.5118664 0.6394483 1.1198768 
Bralan_BLAG14101208_1                                    0.7604599 0.8583263 0.8583263 0.9328585 1.2142414 0.6551307 0.7749920 0.7190339 0.7719525 0.8123282 0.3516320 0.8446924 0.7389807 0.9020931 0.8965471 0.9543229 0.9119019 0.7775232 0.8097537 0.8355121 0.7700830 0.7885453 0.7918292 0.7113804 0.9438119 0.4035968 0.7098798 0.5765787 0.4619059 0.0000000 0.5424799 0.6926548 0.6946314 0.8729019 0.6671253 0.6370907 0.7781471 0.9772790 0.6415398 0.6509838 0.6354404 0.8642670 0.6633637 0.7377712 0.7377712 0.8909333 0.8596743 0.7587762 0.9789202 0.4405818 0.8224955 0.8129468 0.8140483 0.7747969 0.8335565 0.8967264 0.8449987 0.8078673 0.8671406 0.6572206 0.9383029 0.9098061 0.8882350 0.8384093 0.8336511 1.1048497 1.0524042 0.8614065 0.9897322 1.0933983 0.7874332 1.1435559 1.1822711 0.9536514 0.9840725 1.1457777 0.8867001 1.1106464 1.2255907 1.2444485 1.1981903 1.2124703 1.2033861 1.2244513 1.2034113 1.0695318 1.6325727 0.8821610 1.4104051 1.0005997 0.7746791 1.0570012 1.3769388 
Clacor_Ccor_scaffold13133_01                             0.7731544 0.6648617 0.6648617 0.6862243 0.9577943 0.6862243 0.5462896 0.5436357 0.5303179 0.5210032 0.3437748 0.5299418 0.5273510 0.5904709 0.5841900 0.4726678 0.6271483 0.5782798 0.4695336 0.6054053 0.5554939 0.6672250 0.5469135 0.5963623 0.8157030 0.4881129 0.6117017 0.5709058 0.4091859 0.5424799 0.0000000 0.4615207 0.4201556 0.5388391 0.5095666 0.5770736 0.5770736 0.6391645 0.7481505 0.5449774 0.5476150 0.5375428 0.5593502 0.4820605 0.4820605 0.5251181 0.6750701 0.8910652 0.8429931 0.5860892 0.6947392 0.5963181 0.6054932 0.6112217 0.8620532 0.8494326 0.8494326 0.8720486 0.8354459 0.6839785 0.7957562 0.6950125 0.7400007 0.5322891 0.5322891 0.6561575 0.9840976 0.8893037 1.0790657 0.9363779 0.7955413 0.9865479 0.9159180 0.7397589 0.6479731 0.7971214 0.7380138 0.7865948 0.7017971 0.7705342 0.6876837 0.7471833 0.7622173 0.7622173 0.8813069 0.7974273 1.2365611 0.8246943 1.2830037 0.4571336 0.5467673 0.4664504 1.1511660 
Skow_XM_006823369.1                                      0.7533956 0.8479886 0.8479886 0.8338535 1.2473816 0.6276599 0.7130206 0.6928769 0.7494651 0.7953025 0.3805096 0.8662746 0.7260297 0.8381812 0.8381812 0.7337066 0.7777250 0.7309081 0.8029454 0.7806360 0.8079197 0.8238212 0.8341606 0.6480995 0.9070668 0.3952237 0.6595262 0.5218015 0.4722733 0.6926548 0.4615207 0.0000000 0.7269381 1.0377454 0.6786363 0.6454557 0.8321138 1.0295316 0.6442459 0.7864143 0.5878458 0.8232634 0.5703680 0.7196651 0.7196651 0.8469413 0.8940011 0.7119016 0.9429000 0.4307321 0.8540628 0.9053694 0.9316820 0.7979357 1.0432073 1.1051756 1.0364746 1.0590359 0.9842917 0.8112338 1.1607516 0.8407230 0.8999896 0.7972426 0.8068662 1.0177324 1.0131604 0.8752897 1.0359973 1.0462340 0.8081946 1.0865215 1.0891193 0.9530709 1.0627337 1.1098795 1.0088008 1.1623978 1.1302765 1.3633336 1.2729724 1.3044746 1.0892880 1.1927701 1.1806057 1.1427319 1.9014177 1.1885529 1.6124825 1.0305316 0.8592697 0.9128048 1.3751945 
Lcom_lcpid82030                                          0.7936075 0.8213857 0.8213857 0.7818190 0.7594361 0.6286457 0.8324067 0.7808651 0.8001293 0.8105516 0.4021694 0.7114425 0.7748556 0.6696025 0.6643412 0.6818901 0.6417736 0.7573502 0.7896287 0.8759081 0.7363439 0.7132917 0.7881765 0.5675251 0.8152702 0.5359530 0.6204381 0.6365351 0.5165971 0.6946314 0.4201556 0.7269381 0.0000000 0.3623255 0.2209205 0.6486216 0.7487281 0.9530336 0.6467714 0.6915317 0.4455153 0.5188662 0.4536317 0.6726298 0.6726298 0.7035684 0.8090984 0.7097775 0.9280898 0.6101541 0.8727654 0.8052668 0.8182311 0.7531911 0.9367224 0.9509636 0.9473427 0.9758973 0.9193575 0.8260843 0.9358190 0.7748752 0.7241061 0.7254067 0.7395605 0.8777807 0.9586114 0.6839358 0.7352303 0.9333480 0.7862299 0.9976120 1.1464624 0.7922423 0.8036536 0.8869278 0.9291235 0.9944943 1.0304213 1.2177165 1.0914385 1.0932463 1.0626959 1.1402239 0.9966496 0.8521045 1.4171751 0.7382866 1.2446486 0.8230535 0.8280058 0.6669627 1.4185472 
Gracom_Gcom_scaffold17368_01                             0.9655959 1.0187491 1.0187491 1.0154700 0.9946788 0.7378351 1.0457827 0.9414230 1.0329209 1.0100150 0.4240555 0.9486450 0.9803539 0.9524356 0.9543932 1.0745789 0.9495950 0.9788014 1.0605450 1.1196538 0.9978993 0.9704255 0.9934409 0.6461765 1.1110848 0.5845318 0.7339475 0.7050132 0.6183237 0.8729019 0.5388391 1.0377454 0.3623255 0.0000000 0.3013008 0.8231923 1.0380850 1.2915790 0.6946156 0.9685187 0.5817080 0.7829877 0.7018272 0.9208714 0.9208714 1.0035859 1.0206400 0.8455844 1.2476423 0.6183423 1.0267155 1.0408932 1.0841699 1.0282144 1.1910239 1.2445118 1.1777100 1.1656775 1.1583016 0.9939976 1.3685270 1.0052711 0.9777298 1.0332396 1.0356252 1.2027017 1.0311649 0.6657838 0.7165491 1.1027094 0.7756726 1.2096118 1.4099146 1.0487486 1.1085380 0.9834559 1.0614971 1.2064487 1.2964321 1.3872092 1.3035108 1.4444779 1.3412195 1.4264526 1.2607114 1.1667040 1.8887611 0.8887168 1.4198714 1.3378051 1.1086349 1.0233938 1.6043302 
Leuniv_Lniv_scaffold21998_01                             0.9134741 0.7725979 0.7725979 0.7187274 1.1469023 0.7187274 0.6449817 0.6670868 0.6794106 0.6367295 0.4291490 0.5870146 0.6579191 0.7004589 0.7082010 0.6201274 0.7093147 0.6883952 0.6074204 0.6974857 0.6667077 0.7321017 0.6762164 0.6264331 0.8127488 0.5370089 0.7760216 0.6910198 0.5426513 0.6671253 0.5095666 0.6786363 0.2209205 0.3013008 0.0000000 0.7318201 0.7318201 0.7889678 0.7188733 0.6290311 0.5418747 0.5478541 0.7061912 0.5984036 0.5984036 0.6564622 0.8350851 0.9170825 0.8756633 0.6091214 0.7331214 0.8051254 0.8173240 0.7785426 0.9439046 0.9490790 0.9490790 0.9672102 0.9308724 0.8045593 0.8928106 0.7667717 0.8279048 0.6741437 0.6741437 0.8291261 0.8227856 0.7881569 0.9619093 0.7411953 0.7724406 0.8178615 0.8100844 0.7939026 0.7221176 0.8162343 0.7273655 0.9377889 0.8579156 0.8893513 0.8445590 0.9357617 0.8615282 0.8615282 0.9314313 0.7929394 1.2839790 0.7802403 1.2214451 0.5001961 0.6702249 0.4141335 1.4902031 
Cgig_XM_034474112.1                                      0.7038901 0.6628919 0.6628919 0.7087634 1.2653619 0.5839955 0.6056881 0.6470319 0.6330360 0.6195035 0.3704951 0.6341427 0.6659487 0.7182304 0.7199419 0.5963896 0.7121189 0.7308080 0.6385307 0.7685147 0.5571426 0.6517059 0.6046039 0.6871527 0.8605833 0.4991917 0.7857661 0.5926891 0.5168462 0.6370907 0.5770736 0.6454557 0.6486216 0.8231923 0.7318201 0.0000000 0.0225116 0.7241982 0.5036822 0.4243761 0.5731721 0.7421450 0.6577855 0.6152121 0.6152121 0.7594309 0.6997976 0.7105556 0.7448333 0.4662475 0.6311222 0.7188372 0.7232737 0.6674581 0.7447583 0.7874018 0.7688062 0.7682859 0.7626907 0.5881894 0.7649505 0.7395852 0.7484240 0.7300471 0.7300471 0.8696873 0.9988046 0.9532701 1.0738397 0.9093397 0.6699235 0.9609307 0.9683883 0.9614652 0.9382598 1.0365397 0.8558386 0.9990632 0.9919070 1.0540713 0.9372288 1.0993551 1.0035367 1.0035367 1.1294069 0.8476332 1.2151444 0.9366107 1.2840677 0.5526952 0.7038550 0.7533389 1.3425735 
Cgig_XM_011448622.3                                      0.7699192 0.8086783 0.8086783 0.8952632 1.2653619 0.5839955 0.7810135 0.7846204 0.8063638 0.8099339 0.3704951 0.7989577 0.7920828 0.9081912 0.9098536 0.8610033 0.8771329 0.8809120 0.9028307 0.9552208 0.7823380 0.8513687 0.7901753 0.6871527 1.0321211 0.4991917 0.7683746 0.5759412 0.5157039 0.7781471 0.5770736 0.8321138 0.7487281 1.0380850 0.7318201 0.0225116 0.0000000 0.9281234 0.5036822 0.5525323 0.5731721 0.8394272 0.6577855 0.7466290 0.7466290 0.9161994 0.7667334 0.6907113 0.9633803 0.4662475 0.6733399 0.8542877 0.8728404 0.8123794 0.8083932 0.8925580 0.8277619 0.8306551 0.8386324 0.6391446 1.0288104 0.9087738 0.8809219 0.8470702 0.8522824 1.1256270 1.0852264 0.9532701 1.0738397 1.0290388 0.6699235 1.1024074 1.1660127 1.1267514 1.1396635 1.2171186 1.0119969 1.1372254 1.2511606 1.4380219 1.2355278 1.3523066 1.1218339 1.2437519 1.2721116 1.0610454 1.7131375 0.9273254 1.5193262 0.8904640 0.9128431 1.0468702 1.5331363 
Aque_Aqu2.1.22703_001                                    0.9563339 0.9928818 0.9928818 1.0146515 1.3615667 0.7054122 0.8048182 0.8512442 0.8337220 1.0419847 0.4317206 0.9923338 0.8404021 0.9760785 0.9702258 0.8829577 0.9370987 0.8383107 0.9580550 0.9761709 0.9186171 0.9792326 1.1549599 0.7263850 0.9868098 0.5550036 0.7916198 0.7323770 0.6420653 0.9772790 0.6391645 1.0295316 0.9530336 1.2915790 0.7889678 0.7241982 0.9281234 0.0000000 0.5315152 0.9735550 0.7089818 1.0304328 0.7779016 0.6632601 0.6632601 0.7644141 1.0111227 0.9156037 1.1311329 0.7270405 0.9795941 1.0271216 1.0641659 1.0028483 1.0821013 1.1527315 1.0767369 1.0314584 1.0824508 0.8382271 1.3017719 1.0350260 1.0879094 1.0890857 1.0793537 1.0691697 1.1038025 0.9443368 1.1011089 1.2773623 0.8648940 1.1735897 1.1277519 1.0853805 1.2153245 1.3742908 1.0565687 1.2459221 1.4437804 1.3708973 1.2819548 1.5193284 1.3729578 1.4123212 1.4815722 1.3066420 2.0115536 1.0218905 1.6036496 0.5408187 0.6568315 1.2227919 1.2527672 
Lcom_lcpid185870                                         0.6696082 0.6696082 0.6696082 0.6009535 0.0000010 0.6009535 0.5534040 0.6115683 0.5914828 0.5917189 0.6276319 0.6197608 0.5793229 0.5986383 0.5986383 0.6154784 0.5918624 0.5536824 0.6451170 0.6098585 0.6037220 0.6037220 0.5427000 0.5885468 0.6435553 0.6226444 0.7294131 0.6965708 0.7257377 0.6415398 0.7481505 0.6442459 0.6467714 0.6946156 0.7188733 0.5036822 0.5036822 0.5315152 0.0000000 0.5109926 0.6487795 0.6639107 0.6372750 0.5711576 0.5711576 0.6344113 0.5598347 0.6750890 0.7805832 1.0403536 0.6261733 0.5675483 0.5706181 0.5343278 0.6546858 0.6546858 0.6546858 0.6546858 0.5865129 0.6247634 0.6247634 0.5401278 0.5450054 0.6152551 0.6152551 0.5900222 0.6907806 0.4516498 0.2607314 0.7266579 0.5209707 0.6920524 0.6920524 0.5826185 0.7267597 0.8911462 0.7361064 1.0575202 1.0538776 0.9473248 0.9499194 1.0942833 0.8881062 0.8881062 0.8309843 0.6706338 1.6096965 0.0000010 0.7572565 0.5280329 0.6339156 0.6847987 1.1168732 
Acagra_model.g16741.t1                                   0.7606710 0.8516401 0.8516401 0.8380930 1.3195701 0.5415218 0.7709009 0.8032454 0.8174056 0.8458345 0.3555223 0.8402056 0.8081687 0.9062037 0.9084316 0.8813102 0.8773803 0.9027553 0.9956991 0.9648732 0.8268685 0.8600614 0.7266508 0.6600545 1.0270438 0.4495579 0.6828625 0.6077651 0.4435983 0.6509838 0.5449774 0.7864143 0.6915317 0.9685187 0.6290311 0.4243761 0.5525323 0.9735550 0.5109926 0.0000000 0.5501837 0.8961417 0.5652032 0.7422026 0.7422026 0.9148724 0.7690651 0.6316589 0.8960004 0.3752355 0.6699606 0.8462018 0.8482215 0.7467121 0.7496250 0.8177826 0.7510727 0.7700083 0.7593472 0.6115011 0.9246872 0.8158780 0.9050761 0.8511280 0.8439720 0.9905093 1.0910932 0.8703742 0.9637470 1.0403285 0.7317598 1.0418162 1.0809399 1.0193028 1.1352695 1.1684042 0.9157938 1.1445632 1.2629129 1.3041098 1.2253889 1.3315054 1.1535626 1.2343424 1.3047769 1.0512494 1.7510961 1.0354365 1.4233935 0.9536456 0.8761621 1.1692372 1.4393826 
