95
Vmul_sbMO446125                                    0.0000000 0.1046047 0.1236069 0.1900785 0.1900785 0.2737274 0.7776707 0.5586998 0.5261524 0.5228460 0.5278439 0.3355214 0.5843251 0.5843251 0.5215350 0.5976225 0.6114653 0.5723061 0.6095355 0.5756099 0.6327594 0.6012802 0.6807451 0.7797149 0.6713856 0.5721677 0.5814220 0.6400668 0.5804310 0.6315084 0.6745184 0.6591544 0.6463909 0.6114544 0.7215382 0.6877904 0.7381412 0.6791320 0.5474642 0.7377601 0.6987845 0.6491449 0.8461876 0.6650343 0.6890977 0.7164126 0.6400407 0.5913430 0.0535682 0.0535682 0.0000010 0.0000010 0.0535682 0.0535682 0.6579606 0.6075119 0.5302934 0.0000010 0.8030742 0.2593859 0.7453589 0.7554252 0.0000010 1.3271837 1.2249800 1.2985483 1.3349651 1.3389553 1.2293133 1.2714810 1.2020527 1.1864434 1.4496015 1.4126315 1.3192250 1.0939242 1.5397935 1.6304106 1.5442081 1.3137635 1.3232053 1.0291339 1.0465582 0.9883670 0.9329671 0.9329671 0.8989740 0.0000010 0.0000010 0.0000010 0.0000010 4.6658505 2.0651144 0.8685784 3.7900403 
Lampan_Lpan_15496_01                               0.1046047 0.0000000 0.1945295 0.3572355 0.3572355 0.3092694 0.5659380 0.6833082 1.2974402 1.3079408 1.1556827 1.1313341 1.4338868 1.4338868 0.7579860 1.3011488 1.5047154 1.2966998 1.4784673 1.1670813 1.4337905 1.3589134 1.3863706 0.9880823 1.3656204 1.4612200 1.5242218 1.0402080 1.4659029 1.6112470 1.5877927 1.5091709 1.4703600 1.4952636 0.8797258 1.6539433 1.6272816 1.6962919 1.5165703 1.3685265 1.0246686 1.4617354 1.8317216 1.4794247 1.2174087 1.5845411 1.4924608 1.7005000 0.7318986 0.7318986 1.1823575 1.5447224 0.5174787 0.5174787 1.5642740 1.5119635 1.3346659 0.0000010 1.8516967 1.6286025 1.4572088 1.5899875 0.5370457 1.3292474 1.9750480 2.0669252 2.2037426 2.1766323 2.1812035 1.5334439 1.9975106 2.0793063 2.1121363 2.2259258 2.2430068 2.0497940 2.4940615 2.4860357 2.5516734 2.0157254 2.3657065 1.6504937 1.5544250 1.6377432 1.6311513 1.6311513 1.6985120 2.6995601 1.3821398 1.7471364 1.7471364 3.0506739 2.1231455 1.1375952 4.1909361 
Coemet_Cmet_scaffold17280_01                       0.1236069 0.1945295 0.0000000 0.4401241 0.4401241 0.4545172 0.5489303 0.7394735 1.5140985 1.5430104 1.2549767 1.2123990 1.7222558 1.7704109 0.7815479 1.5778051 1.6751950 1.7484735 1.7128698 1.5093549 1.6163070 1.5763342 1.5874488 1.2036985 1.4696204 1.7243253 1.7902739 1.1396089 1.7086618 1.8161313 1.8302026 1.7402874 1.7752872 1.7321674 0.9465155 1.8214139 1.8092267 1.8687298 1.8694257 1.4717741 1.0894396 1.6928422 1.9945695 1.6706037 1.4959906 1.8938670 1.7562756 1.7857585 0.8384493 0.8384493 1.4089166 1.6767995 0.6831199 0.6831199 1.8695260 1.8661438 1.6835998 2.9236776 2.0472256 2.0718151 1.8903017 1.8976209 0.4602033 1.3161772 2.3480650 2.5373645 2.5666702 2.5867622 2.5244081 1.5697047 2.4541855 2.4816037 2.5005071 2.5878053 2.6439199 2.3164270 2.8487859 2.9131905 2.8913832 2.3680864 2.7660367 2.2699486 2.3083836 2.0643614 2.2763870 2.2567496 2.2651597 2.1010996 0.3933512 0.6184794 0.8751133 2.2649836 3.1826028 1.2281767 4.3107216 
Horcal_Hcv1.av93.c10.g174.i2                       0.1900785 0.3572355 0.4401241 0.0000000 0.0000010 0.1274106 0.1447516 0.7881037 1.6444517 1.6474262 1.3607461 1.4225765 1.8530622 1.9061172 0.9496228 1.7109385 1.8206571 1.8153868 1.8610317 1.5458060 1.7553249 1.7218138 1.7941547 1.2836647 1.5269521 1.9209569 1.9603953 1.1295606 1.8557325 1.9741339 1.8911727 1.8657618 1.9686641 1.9093957 0.9641272 1.8779099 1.9001715 1.9809543 2.0338680 1.5791523 1.1397830 1.7629342 2.0927822 1.7907746 1.6333707 1.9493313 1.8570400 1.8755393 0.9089931 0.9089931 1.3303228 1.6765641 0.6812379 0.6812379 1.9853106 1.9841071 1.8114451 3.0709869 2.2052774 2.2866952 1.9390137 1.9556306 0.4808158 1.5479910 2.3852090 2.5837965 2.6596971 2.6597759 2.6588744 1.7825815 2.4681929 2.4897974 2.5534722 2.5789470 2.6206143 2.5610922 2.8805285 2.9242778 2.9069352 2.4968957 2.7623019 2.5028768 2.5617974 2.3206744 2.4545884 2.4295768 2.4590085 2.3395446 0.3675113 0.7271173 0.9097356 2.9234569 3.1698496 1.4462880 4.7018455 
Horcal_Hcv1.av93.c10.g174.i1                       0.1900785 0.3572355 0.4401241 0.0000010 0.0000000 0.1274106 0.1411170 0.7881037 1.6368264 1.6397761 1.3607461 1.4076711 1.8495775 1.9027032 0.9314753 1.7056006 1.8173488 1.8101157 1.8533596 1.5403069 1.7521143 1.7185125 1.7941587 1.2836647 1.5161890 1.9071179 1.9463934 1.1295606 1.8444416 1.9678038 1.8774115 1.8657618 1.9626850 1.9161267 0.9641272 1.8779099 1.9001715 1.9768297 2.0248822 1.5791523 1.1397830 1.7596834 2.0883179 1.7907735 1.6331213 1.9434447 1.8570400 1.8689775 0.9048448 0.9048448 1.3268580 1.6755543 0.6812379 0.6812379 1.9856336 1.9756779 1.8081686 3.0709869 2.1981961 2.2745379 1.9390137 1.9556306 0.4808158 1.5479910 2.3757217 2.5837965 2.6541895 2.6597759 2.6511144 1.7825815 2.4694615 2.4858290 2.5534722 2.5713785 2.6151161 2.5559023 2.8723263 2.9200507 2.8992199 2.4880257 2.7526128 2.4962752 2.5546849 2.3128578 2.4473313 2.4219956 2.4524713 2.3269939 0.3675113 0.7271173 0.9097356 2.9234569 3.1740872 1.4462880 4.5903399 
Pbac_sb2650721                                     0.2737274 0.3092694 0.4545172 0.1274106 0.1274106 0.0000000 2.9964545 0.9117952 0.9247662 0.8739396 0.8408127 0.0000010 1.1438605 1.1438605 0.6701830 0.8520060 1.1555275 1.1158146 1.1510149 0.8423143 1.0660262 1.0987817 1.1097645 1.0077786 1.1183777 1.0100082 1.0543501 0.9571983 1.0370092 1.1110182 0.9804371 1.0974464 1.1704446 1.2990693 1.0724709 1.0570079 1.1059427 1.3230374 1.9984833 2.0959372 1.1421410 1.1471081 1.2324768 0.9501736 1.0498492 1.1295374 1.1613721 2.1466403 0.0000010 0.0000010 0.0000010 0.0000010 0.0000010 0.0000010 1.2243040 1.3571530 0.8703550 2.9504098 0.9020520 0.0000010 1.2973924 1.4773889 0.0000010 1.8371905 1.2865475 1.6845690 1.5406607 1.5557053 1.2716053 1.4687509 1.3491096 1.3991632 1.6597607 1.7315428 1.5008980 1.5374299 1.8137979 1.8187411 1.8595536 1.5731915 2.0234147 1.8644890 2.2398350 1.7310243 1.7069541 1.7069541 2.1073215 3.0155182 2.1422531 3.4409999 3.4409999 3.9746846 1.4714854 2.6318105 4.8697046 
Pbac_sb2650722                                     0.7776707 0.5659380 0.5489303 0.1447516 0.1411170 2.9964545 0.0000000 0.9110140 2.4958407 2.4507143 2.1049495 1.6846612 2.5590753 2.5590753 1.1584925 2.2726700 2.5428835 2.5011261 2.4326114 2.1395877 2.5266615 2.4458780 2.4009044 1.7618268 2.1047932 2.5564985 2.6344718 2.8217159 2.5518236 2.5566863 2.3862415 2.6463756 2.6060392 2.7173220 1.0716683 2.4433219 2.5472305 2.5273100 2.4983228 1.9916253 1.5484247 2.3290061 2.7241970 2.5499515 2.0943881 2.5807026 2.4083470 2.2510651 0.8070586 0.8070586 1.2926154 1.7196411 0.7099443 0.7099443 2.4435283 2.7206777 2.4826480 3.7335808 3.1536798 2.2894733 2.2997376 2.5317517 0.6735323 2.0889395 3.1596403 3.1958314 3.4564985 3.5150741 3.5597706 2.2334841 3.3132414 3.3773605 3.5031258 3.3650958 3.2550115 3.4295798 3.8460006 3.8472069 3.9207137 3.1426566 3.8005019 2.5124653 2.4741615 2.6650366 2.6125560 2.6125560 2.4443850 3.1905135 0.2182270 0.6670224 0.6670224 5.9847282 3.2826945 1.4110771 3.5996716 
Lcom_lcpid141278                                   0.5586998 0.6833082 0.7394735 0.7881037 0.7881037 0.9117952 0.9110140 0.0000000 0.0152524 0.0255895 0.0207103 0.0117312 0.3281708 0.3281708 0.3213759 0.3568874 0.4427973 0.3973106 0.4658771 0.4494682 0.4633158 0.5107762 0.4848775 0.7260745 0.5938652 0.5497721 0.5407069 0.5954615 0.5548347 0.5656598 0.5882382 0.4460750 0.4739564 0.4930092 0.6673348 0.6956375 0.7406000 0.6781219 0.4987245 0.6565294 0.7105112 0.6772917 0.7506303 0.6314343 0.6462562 0.4763174 0.4758603 0.7364728 0.4610160 0.4610160 0.0000010 0.0000010 0.4610160 0.4610160 0.7494585 0.4650147 0.3882254 0.0000010 0.5762215 0.2112192 0.5265909 0.6916987 0.3697951 1.0550626 1.1047575 1.0794185 1.0654550 1.0753024 0.8631244 0.9498380 0.8831218 0.8751883 0.9952030 1.1161221 1.0817166 0.9946054 1.2363021 1.2481399 1.1277770 0.9755202 1.0859982 0.7636064 0.6570899 0.7478484 0.7489634 0.7489634 0.8779520 0.0000010 0.0000010 0.3160391 0.3160391 4.4383942 1.4487043 0.7232339 4.1211119 
Scil_scict001685.1                                 0.5261524 1.2974402 1.5140985 1.6444517 1.6368264 0.9247662 2.4958407 0.0152524 0.0000000 0.1043678 0.1136545 0.2326424 1.0619936 1.1037114 0.6050161 0.8176234 1.1029746 0.9660700 1.0497001 1.0016048 1.0149364 1.0992274 1.1233142 0.9300618 1.2118228 1.2429351 1.2661617 0.6670559 1.1565001 1.2431107 1.2216327 1.1145788 1.1743851 1.1157877 0.6219885 1.3918024 1.3956333 1.3225943 1.7036062 1.2826292 0.9649192 1.2697376 1.4253893 1.2420769 1.1470095 1.2245809 1.1674715 1.2496537 1.9037407 1.9037407 3.0857451 3.7685798 1.5273583 1.5273583 1.4895572 1.1273179 1.0173547 1.0970405 1.2091127 1.3184149 1.2630809 1.2991210 2.0678090 1.0702314 2.2888751 2.1962360 2.2184271 2.1599891 2.1635493 1.2871393 2.2045451 2.2238845 2.1288382 2.2403895 2.2533674 2.1217773 2.2586870 2.3663004 2.4106012 2.3344289 2.3853370 2.0992005 2.1242113 1.7918038 2.0241604 2.0909561 1.8459110 0.2115902 2.0525135 1.8337509 2.4501266 1.4174923 2.7527771 0.8254950 3.8412367 
Leuniv_Lniv_scaffold12186_01                       0.5228460 1.3079408 1.5430104 1.6474262 1.6397761 0.8739396 2.4507143 0.0255895 0.1043678 0.0000000 0.0998225 0.2416695 1.0550265 1.0972160 0.5705564 0.7795706 1.1232454 1.0078063 1.0066169 0.9873746 1.0240376 1.1292980 1.1410806 0.9490180 1.1697775 1.2477828 1.2577306 0.7038343 1.1528653 1.2007256 1.2114614 1.1231437 1.1809403 1.1237105 0.6312319 1.4013201 1.3702859 1.3160884 1.6484749 1.2309133 0.9292960 1.2610082 1.4056475 1.2233645 1.1208894 1.2037430 1.1916020 1.2306137 1.9354226 1.9354226 3.1955722 3.8602952 1.5754299 1.5754299 1.5013496 1.1677628 1.0073607 1.0663344 1.2409672 1.3174152 1.2530998 1.2883853 1.9705833 1.0702314 2.2651725 2.2390750 2.2181989 2.1803705 2.1339126 1.3174542 2.1787487 2.2061817 2.1258177 2.1983223 2.2726618 2.1555638 2.2642446 2.3776752 2.3704219 2.2840258 2.3900115 2.0775747 2.1152556 1.7777468 1.9839704 2.0395105 1.8089253 0.2026051 2.0549417 1.8414233 2.4336002 1.4869405 2.7937294 0.8372312 3.7783176 
Gracom_Gcom_scaffold17311_01                       0.5278439 1.1556827 1.2549767 1.3607461 1.3607461 0.8408127 2.1049495 0.0207103 0.1136545 0.0998225 0.0000000 0.1588956 0.8004122 0.8004122 0.4515341 0.6441872 0.9256751 0.8210769 0.9378042 0.8827777 0.8832299 1.0099302 0.9808321 0.8714042 1.0662277 1.0555165 1.0761694 0.6351896 1.0388569 1.0997021 1.0210770 0.9995319 0.9430987 0.9634863 0.6398265 1.2400126 1.2501863 1.2826042 1.3274915 1.2084233 0.9265745 1.1101178 1.4361047 1.1161373 0.9019268 0.9797643 0.8735349 1.1688829 1.7222626 1.7222626 3.4461591 4.1938678 1.5038505 1.5038505 1.2798269 0.9704832 0.8454247 0.9688509 1.3177624 1.3210423 1.0187672 1.0906466 2.1187996 1.0729817 1.7156184 1.7653207 1.6775382 1.6387101 1.5942463 1.2398139 1.5788103 1.6489985 1.6299586 1.7450421 1.6380799 1.5394824 1.7784023 1.8968038 1.7506120 1.8224319 1.7942987 1.2671294 1.2619727 1.2049352 1.1726637 1.1726637 1.3805005 0.3073380 8.9999981 2.4645776 2.6524913 4.8606585 1.7374437 0.7575498 3.7509477 
Clacor_Ccor_C516943_01                             0.3355214 1.1313341 1.2123990 1.4225765 1.4076711 0.0000010 1.6846612 0.0117312 0.2326424 0.2416695 0.1588956 0.0000000 0.8927726 0.8927726 0.6140496 0.8440576 0.9509934 1.0207278 0.8652326 0.7955239 0.8687404 1.0206236 0.9155463 0.6852354 1.0551811 1.1412569 1.1338911 9.0000000 1.0765487 1.0828573 1.0322825 0.9573195 0.8900667 0.9829238 0.3974450 1.1066890 1.1234939 1.1273105 1.0854330 1.0557702 0.7953828 1.0268874 1.4222048 1.0996156 0.7729914 0.9277553 0.7399703 0.9786670 1.3570519 1.3570519 2.6187608 3.6061906 1.2331474 1.2331474 1.0828759 0.9358018 0.8694728 0.0000010 1.7651650 1.2079104 1.0913610 1.2176011 2.1851561 0.6553535 1.6752318 1.7918071 1.6696942 1.6523979 1.7120291 1.1255483 1.7162924 1.7074367 1.5900037 1.7667473 1.7123373 1.6301803 1.6909815 1.7762245 1.6131292 1.8144963 1.8214027 1.3741800 1.3412933 1.3239095 1.3661636 1.3661636 1.2662762 0.5525380 9.0000000 2.0699812 1.9405762 0.8986505 1.7375456 0.1887033 4.1539908 
Plespi_Pspi_scaffold4991_01                        0.5843251 1.4338868 1.7222558 1.8530622 1.8495775 1.1438605 2.5590753 0.3281708 1.0619936 1.0550265 0.8004122 0.8927726 0.0000000 0.0000010 0.6104494 1.0753648 1.3092657 0.8287423 1.3325284 1.3764676 1.3216333 1.3262260 1.3724608 0.8634479 1.4189330 1.5659375 1.5574364 0.6398435 1.5033138 1.6495618 1.6320074 1.3918833 1.4277518 1.3910480 0.6860603 1.6235001 1.5445407 1.6459152 1.7171458 1.2899165 0.9626721 1.5642246 1.7195806 1.6377598 1.4424275 1.4024020 1.5137706 1.5694001 2.4598467 2.4598467 5.2309468 5.8221346 1.8260485 1.8260485 1.8427068 0.9992561 0.8431506 1.0423856 1.0380448 1.1798653 1.1271107 1.2175597 1.9282389 1.0308184 2.3175491 2.2507223 2.2649089 2.2260726 2.2572357 1.4438836 2.3676389 2.3551077 2.2102661 2.1523442 2.3829421 2.3510790 2.4721712 2.5241817 2.3940443 2.3373333 2.5048631 2.2801636 2.2702254 2.0383696 2.2184657 2.2181324 1.9712200 1.6634162 2.5474348 2.1879379 2.3621544 2.2316809 2.7544659 0.9075965 4.3895639 
Plespi_Pspi_scaffold4992_01                        0.5843251 1.4338868 1.7704109 1.9061172 1.9027032 1.1438605 2.5590753 0.3281708 1.1037114 1.0972160 0.8004122 0.8927726 0.0000010 0.0000000 0.6104494 1.1169204 1.3550939 0.8776668 1.3760711 1.4137588 1.3706965 1.3840884 1.4173965 0.8634479 1.4189330 1.6109235 1.6023980 0.6398435 1.5489004 1.6883064 1.6727698 1.4382525 1.4681081 1.4343874 0.6860603 1.6876067 1.6084746 1.7177767 1.7171458 1.2899165 0.9626721 1.6256420 1.7971601 1.6768497 1.4807460 1.4461299 1.5643616 1.6114479 2.4598467 2.4598467 5.2309468 5.8221346 1.8260485 1.8260485 1.9185174 1.0540653 0.8898603 1.0423856 1.0937485 1.1798653 1.1885434 1.2600844 2.0905798 1.0308184 2.4120542 2.3509539 2.3676893 2.3126661 2.3528648 1.4438836 2.4724280 2.4596424 2.3185944 2.2389276 2.4880063 2.4473761 2.5849383 2.6376546 2.5019185 2.4455248 2.6176744 2.3527562 2.3473449 2.0383696 2.2915788 2.2951288 2.0258406 1.7224237 2.6502412 2.3632283 2.3621544 2.4245425 2.9331444 0.9075965 4.8673174 
Ocar_g2807                                         0.5215350 0.7579860 0.7815479 0.9496228 0.9314753 0.6701830 1.1584925 0.3213759 0.6050161 0.5705564 0.4515341 0.6140496 0.6104494 0.6104494 0.0000000 0.1280570 0.9048052 0.5810177 0.7839543 0.7209950 0.8265630 0.8043835 0.7738783 0.7784541 0.8815183 0.7973960 0.7759230 0.0000010 0.7416410 0.6340258 0.8449728 0.7577484 0.7989177 0.6527738 0.5888421 0.9337142 0.9199572 0.8702599 0.8303143 0.6463168 0.6968637 0.8718962 1.0075825 0.8373036 0.8548576 0.8241832 0.6273069 0.8638577 0.9888404 0.9888404 4.7292336 8.9999981 0.7650426 0.7650426 1.0905062 0.5773588 0.6695684 0.0000010 1.9961651 0.7323888 0.6605026 0.7249670 2.1211823 0.9581623 1.0776355 1.0879980 1.0979606 1.2361087 1.1259450 1.0249481 1.0763456 1.0338125 0.9818911 1.0298340 1.2133286 1.0850633 1.2980859 1.3461757 1.2016685 1.0880692 1.3679106 1.0894482 1.0571095 1.0502581 1.1585548 1.1585548 0.8946697 2.4341398 0.0000010 2.0929061 2.0929061 3.9434230 1.6306139 0.2389844 7.7198970 
Opea_EP00118_Oscarella_pearsei_P008309             0.5976225 1.3011488 1.5778051 1.7109385 1.7056006 0.8520060 2.2726700 0.3568874 0.8176234 0.7795706 0.6441872 0.8440576 1.0753648 1.1169204 0.1280570 0.0000000 1.1401827 1.1126700 1.1098686 1.0843888 1.0987380 1.1239790 1.1305083 0.9982738 1.3295509 1.3496287 1.3629408 0.6250582 1.3397598 1.3427921 1.3639182 1.0872709 1.2640605 1.1980542 0.6807482 1.3425580 1.3328153 1.3262038 1.5165978 1.2900630 0.9141426 1.2237532 1.3728378 1.3240133 1.1895093 1.2735206 1.3446013 1.3237160 2.1190478 2.1190478 4.4155041 5.1612075 1.5283240 1.5283240 1.6371640 1.2601674 1.1349001 1.6634882 1.3338072 1.3990795 1.4381187 1.2899137 2.1245629 1.0779918 2.2159793 2.3099726 2.3041248 2.2930200 2.3135794 1.3444142 2.1312094 2.1428142 2.1852403 2.2109206 2.2456712 2.1600404 2.2881874 2.4033275 2.3286891 2.2994275 2.4611879 2.2765838 2.3594028 1.9478201 2.3411365 2.3730681 1.7149368 1.0784655 2.3680979 2.0851996 2.6024089 1.6580814 2.7070827 0.8812337 4.2985199 
Cgig_XM_034467760.1                                0.6114653 1.5047154 1.6751950 1.8206571 1.8173488 1.1555275 2.5428835 0.4427973 1.1029746 1.1232454 0.9256751 0.9509934 1.3092657 1.3550939 0.9048052 1.1401827 0.0000000 1.2523123 0.7591618 0.7628650 0.4433250 0.4891254 0.5765160 0.8234946 1.2139485 1.3357063 1.3424055 0.5828835 1.2944376 1.3394840 1.3613907 0.6896145 0.7355042 0.6857995 0.5848476 1.2330207 1.1741975 1.1697317 1.5058632 0.9822078 0.7010953 1.1354059 1.2475323 1.3525455 1.3041756 0.8090960 0.8047952 0.8253331 2.4460136 2.4460136 5.2354785 6.7152228 1.7512512 1.7512512 1.2687061 1.5054129 1.4006182 1.5316709 1.7253321 1.8067172 1.6247100 1.6403101 2.0837869 1.0871461 2.3262761 2.2598632 2.3045364 2.3001234 2.2907144 1.3584375 2.2970884 2.2823101 2.2554697 2.3830325 2.3472475 2.3025473 2.4914488 2.5194849 2.4176260 2.3745603 2.3588389 2.0763066 2.1112715 1.8173281 1.9841149 2.0189942 1.5368751 1.6013690 2.2418583 2.0273165 2.5035816 2.0505634 2.5686992 0.8215653 4.1779282 
Spolac_c101278_g2_i1_m.25124c101278-g2             0.5723061 1.2966998 1.7484735 1.8153868 1.8101157 1.1158146 2.5011261 0.3973106 0.9660700 1.0078063 0.8210769 1.0207278 0.8287423 0.8776668 0.5810177 1.1126700 1.2523123 0.0000000 1.3351247 1.3503384 1.3358868 1.4226861 1.3980069 0.8576280 1.3955467 1.4459574 1.4421955 0.7805577 1.4177874 1.5663647 1.4618455 1.2915795 1.4787332 1.4201037 0.7275628 1.5493200 1.4901415 1.5891863 1.7843122 1.2834500 0.9650085 1.4150542 1.6521336 1.5318710 1.3474557 1.3868598 1.4801312 1.4503406 2.1782057 2.1782057 4.8548412 5.0818067 1.4178772 1.4178772 1.6200440 0.5899254 0.5590446 0.7441428 0.6811063 0.6972210 0.9451504 0.9584085 1.6568223 1.1862980 2.2007021 2.1303201 2.1716615 2.0561934 2.1994568 1.5014636 2.1720073 2.1416034 2.1074713 2.1024147 2.3795065 2.1570773 2.3071613 2.4043812 2.3079127 2.2437641 2.3321178 2.1956492 2.2127245 1.8965293 2.2055594 2.2281323 1.9717153 1.5295156 2.5717213 2.3168193 3.0701902 2.2856725 3.0370543 0.7663148 4.3511221 
Hsap_ENST00000013125                               0.6095355 1.4784673 1.7128698 1.8610317 1.8533596 1.1510149 2.4326114 0.4658771 1.0497001 1.0066169 0.9378042 0.8652326 1.3325284 1.3760711 0.7839543 1.1098686 0.7591618 1.3351247 0.0000000 0.3933108 0.6920030 0.7129368 0.7433736 0.8866400 1.1870298 1.2426510 1.2447707 0.6739641 1.2013266 1.2764126 1.4003633 0.7316289 0.8366372 0.8236278 0.7563092 1.3352737 1.2686438 1.2488176 1.4316549 1.0364187 0.8031951 1.2146788 1.3414403 1.3782972 1.2917114 0.8551146 1.0229632 0.7325992 2.2390462 2.2390462 4.2339594 4.9550137 1.6485939 1.6485939 0.9551945 1.4680709 1.3178788 1.4653618 1.5928296 1.6658555 1.6149822 1.5717785 2.1254676 1.1282092 2.2517974 2.2407561 2.2152521 2.2633998 2.2981890 1.4888438 2.2064429 2.2833830 2.2385858 2.2975096 2.3556758 2.3423532 2.4831682 2.5736637 2.3923419 2.4323411 2.4564044 2.1392065 2.1587763 1.8828343 2.1593386 2.1940761 1.2766660 1.4933625 2.2308844 2.2375492 2.9245409 1.8926626 2.7143946 0.8888942 3.7623285 
Hsap_ENST00000263881                               0.5756099 1.1670813 1.5093549 1.5458060 1.5403069 0.8423143 2.1395877 0.4494682 1.0016048 0.9873746 0.8827777 0.7955239 1.3764676 1.4137588 0.7209950 1.0843888 0.7628650 1.3503384 0.3933108 0.0000000 0.7046264 0.6334294 0.7174274 0.8867463 1.1083528 1.2584161 1.2587892 0.6302642 1.1674254 1.2598371 1.4073194 0.7141314 0.8363539 0.8302816 0.7176405 1.2386876 1.2050125 1.1614255 1.3976727 1.0282112 0.7673670 1.1251343 1.2247842 1.2641292 1.1869264 0.8220887 0.9151137 0.6840390 1.7016475 1.7016475 2.8363196 3.3155813 1.5413802 1.5413802 0.9032579 1.5322787 1.3950811 1.8306592 1.7183616 1.7220495 1.6586644 1.6987800 1.9236172 1.0268544 2.1012617 2.0964717 2.1371750 2.1396424 2.2080609 1.3256492 2.1423309 2.1533475 2.1360372 2.1631949 2.2663784 2.0808981 2.4004569 2.4961839 2.3079169 2.3417791 2.3994892 2.0822397 2.1408303 1.7825310 2.0950768 2.0881756 1.2515442 1.4631176 2.2184244 2.1368731 2.7404268 2.0410334 2.4142656 0.8424548 3.9406693 
Acagra_model.g17954.t1                             0.6327594 1.4337905 1.6163070 1.7553249 1.7521143 1.0660262 2.5266615 0.4633158 1.0149364 1.0240376 0.8832299 0.8687404 1.3216333 1.3706965 0.8265630 1.0987380 0.4433250 1.3358868 0.6920030 0.7046264 0.0000000 0.4136931 0.4968012 0.8676137 1.2059616 1.2823104 1.2890082 0.6876808 1.2596657 1.3045274 1.3551596 0.7256656 0.7060099 0.6027323 0.6173515 1.3051246 1.2455447 1.2293135 1.5391456 1.1007733 0.8050350 1.1824041 1.3091281 1.3524618 1.3049291 0.8008336 0.7754035 0.7137394 2.0710277 2.0710277 3.6835919 4.3131056 1.6837733 1.6837733 1.1674819 1.5194208 1.4395280 1.4667446 1.7640378 1.6831455 1.6516961 1.7547347 1.9714719 1.0742448 2.2313786 2.2485765 2.2323643 2.1495420 2.2504674 1.3793302 2.2934476 2.2340184 2.1488302 2.3774149 2.3335167 2.2538522 2.4383900 2.5247244 2.4334283 2.2916369 2.3507149 2.2120955 2.2764852 1.9278286 2.1136108 2.1031986 1.5616908 1.4175651 2.3407887 2.1686212 2.9556763 1.8202148 2.4834226 0.8386704 4.2388009 
Ctel_gnl_WGS_AMQN_CAPTEDRAFT_mRNA197561            0.6012802 1.3589134 1.5763342 1.7218138 1.7185125 1.0987817 2.4458780 0.5107762 1.0992274 1.1292980 1.0099302 1.0206236 1.3262260 1.3840884 0.8043835 1.1239790 0.4891254 1.4226861 0.7129368 0.6334294 0.4136931 0.0000000 0.4749905 0.9796782 1.2237814 1.2451884 1.2481877 0.6773713 1.2139846 1.2439415 1.3924041 0.6363834 0.7075748 0.5738405 0.7439374 1.2447959 1.1688259 1.1814445 1.4932197 1.1844020 0.8176140 1.1694645 1.2556436 1.2601986 1.2234354 0.7542917 0.7491512 0.6785822 1.9525855 1.9525855 3.4621226 4.1767401 1.6402160 1.6402160 1.1856643 1.5860548 1.4258387 1.4978431 1.8289431 1.7505520 1.6621011 1.7045106 1.9853495 0.9566608 2.1382175 2.0978520 2.1419400 2.2185105 2.2417726 1.2248733 2.2356275 2.1934745 2.1242675 2.2475363 2.2744164 2.1161762 2.3634969 2.4848569 2.3601807 2.2092799 2.3758260 2.1202921 2.1381972 1.8021749 2.0945983 2.1066762 1.4875918 1.5835295 2.2195288 1.9723023 2.3370818 1.7937554 2.4483484 0.8950868 4.3395140 
Cscu_XM_023386983.1                                0.6807451 1.3863706 1.5874488 1.7941547 1.7941587 1.1097645 2.4009044 0.4848775 1.1233142 1.1410806 0.9808321 0.9155463 1.3724608 1.4173965 0.7738783 1.1305083 0.5765160 1.3980069 0.7433736 0.7174274 0.4968012 0.4749905 0.0000000 0.9252572 1.2756791 1.3247079 1.3314999 0.8253897 1.3091761 1.3943333 1.3959678 0.6466346 0.5387868 0.3756485 0.7325127 1.3439939 1.3065433 1.3096770 1.4869090 1.1154456 0.7609674 1.2203366 1.3535631 1.3373964 1.2576853 0.7998575 0.6344424 0.7558965 2.0180736 2.0180736 3.8581964 4.4633250 1.5508987 1.5508987 1.2735658 1.5016378 1.4526263 1.6582991 1.7711216 1.6863221 1.6480457 1.7345552 2.0147308 1.0445218 2.1650131 2.2614561 2.2599241 2.3316998 2.3763466 1.4173733 2.2670806 2.2912605 2.2186148 2.2925073 2.4222810 2.3948589 2.5559750 2.6832681 2.5295516 2.4344972 2.5444265 2.3168915 2.3546990 2.0484713 2.2056498 2.1698162 1.5490841 1.6269948 2.3025782 2.1345387 2.6443726 1.8784687 2.5044142 0.9438339 4.3857400 
Hvul_g33_1                                         0.7797149 0.9880823 1.2036985 1.2836647 1.2836647 1.0077786 1.7618268 0.7260745 0.9300618 0.9490180 0.8714042 0.6852354 0.8634479 0.8634479 0.7784541 0.9982738 0.8234946 0.8576280 0.8866400 0.8867463 0.8676137 0.9796782 0.9252572 0.0000000 0.5154210 0.5804402 0.6110128 0.4557687 0.6105038 0.5310486 0.6465725 0.7748219 0.9331254 0.9489793 0.7815659 0.9070931 0.9150333 1.0230681 0.9495887 1.0317333 0.6673348 0.9288529 1.0888701 0.8612407 0.8341042 0.8969659 0.9613558 1.1583462 1.5805502 1.5805502 4.1134338 4.6357083 1.3076129 1.3076129 1.0992026 0.9928033 0.9770639 0.0000010 1.4757287 1.1583805 1.2041723 1.4635383 3.0392473 1.2985961 1.6730485 1.7525164 1.5579926 1.6310687 1.5445911 1.3683202 1.5354188 1.5994324 1.6883337 1.7003911 1.7702308 1.3162591 1.7295249 1.8567423 1.7514845 1.6603773 1.6485725 1.4058051 1.3231007 1.3145911 1.2354689 1.2354689 1.2587268 3.1354951 7.3875361 0.3697951 0.3697951 8.1379526 1.3534808 1.0669991 3.5143381 
Chem_TCONS_00071635                                0.6713856 1.3656204 1.4696204 1.5269521 1.5161890 1.1183777 2.1047932 0.5938652 1.2118228 1.1697775 1.0662277 1.0551811 1.4189330 1.4189330 0.8815183 1.3295509 1.2139485 1.3955467 1.1870298 1.1083528 1.2059616 1.2237814 1.2756791 0.5154210 0.0000000 0.6598813 0.6533224 0.4649154 0.6164039 0.7487385 0.6881486 1.0689290 1.2100949 1.3966369 0.7408505 1.2897185 1.2408466 1.2767671 1.2805475 1.1950184 0.8384294 1.1052699 1.4331258 0.9943653 0.8952318 1.2117333 1.3254416 1.3007505 2.0132229 2.0132229 3.9428544 4.3675743 1.6559566 1.6559566 1.3875856 1.5563732 1.4190448 2.2996334 1.9660963 2.0162912 1.5397745 1.8950955 2.1286346 1.0783713 2.0069881 1.9567238 1.9812451 2.0157324 2.0532231 1.2816557 1.9558150 2.0459661 1.9707685 2.0546022 2.2584565 2.0754011 2.3035945 2.3605874 2.0383576 2.0835575 1.9526956 1.7602578 1.7228893 1.7279597 1.7676760 1.7676760 1.6257005 2.0760312 2.0691654 1.4705365 1.4705365 2.9580694 2.0650987 1.0275234 3.3540518 
Rhoesc_Res_004209-T1                               0.5721677 1.4612200 1.7243253 1.9209569 1.9071179 1.0100082 2.5564985 0.5497721 1.2429351 1.2477828 1.0555165 1.1412569 1.5659375 1.6109235 0.7973960 1.3496287 1.3357063 1.4459574 1.2426510 1.2584161 1.2823104 1.2451884 1.3247079 0.5804402 0.6598813 0.0000000 0.0469325 0.0691824 0.2169156 0.2623587 0.6626311 1.2021417 1.3202737 1.3403895 0.5968398 1.3238950 1.2533237 1.2651406 1.4819108 1.1211975 0.7902683 1.2427960 1.4085613 1.1979733 1.1042667 1.2952447 1.4736451 1.3676046 2.3665137 2.3665137 4.7534473 5.5306676 1.5738151 1.5738151 1.6398110 1.5598882 1.4425260 2.0502896 1.8070834 1.7225780 1.7377149 1.9023700 1.9972373 1.2296200 2.4499707 2.2264914 2.3294146 2.3729125 2.4814398 1.3138277 2.3067391 2.3058923 2.2522349 2.3295005 2.3921122 2.2973640 2.6385040 2.6982337 2.5286371 2.4250110 2.4690732 2.1313204 2.1746392 1.8272195 2.1845513 2.1554288 2.0226158 1.8091032 2.2008489 2.0418109 2.4974005 1.0391963 2.7832536 0.9678851 4.3047139 
Nemnom_g2964.t1                                    0.5814220 1.5242218 1.7902739 1.9603953 1.9463934 1.0543501 2.6344718 0.5407069 1.2661617 1.2577306 1.0761694 1.1338911 1.5574364 1.6023980 0.7759230 1.3629408 1.3424055 1.4421955 1.2447707 1.2587892 1.2890082 1.2481877 1.3314999 0.6110128 0.6533224 0.0469325 0.0000000 0.0289428 0.2179923 0.2687987 0.6733666 1.2194665 1.3194735 1.3606093 0.5968718 1.3350352 1.2995938 1.3035573 1.5704018 1.1631649 0.8061411 1.2624768 1.4479934 1.2312561 1.1325912 1.3143074 1.5013777 1.4041926 2.4107946 2.4107946 4.9431760 5.7150081 1.5062632 1.5062632 1.6489825 1.5783866 1.4754887 2.0468712 1.8232829 1.7481410 1.7839099 1.8995388 1.9479084 1.2339144 2.4777331 2.2514743 2.3769179 2.4013502 2.5570045 1.3385276 2.3465246 2.3388015 2.2765181 2.3669499 2.4468976 2.3248362 2.6723597 2.7242493 2.5362969 2.4485456 2.4929754 2.1473731 2.1932780 1.8374020 2.2133171 2.1797828 2.0015947 1.8176141 2.2637929 2.0703031 2.5467547 1.0666753 2.7978424 0.9689612 4.2778426 
Nemnom_g18287.t1                                   0.6400668 1.0402080 1.1396089 1.1295606 1.1295606 0.9571983 2.8217159 0.5954615 0.6670559 0.7038343 0.6351896 9.0000000 0.6398435 0.6398435 0.0000010 0.6250582 0.5828835 0.7805577 0.6739641 0.6302642 0.6876808 0.6773713 0.8253897 0.4557687 0.4649154 0.0691824 0.0289428 0.0000000 0.1049004 0.1686776 0.2740002 0.5430303 0.7069749 0.8666736 0.5783862 0.6451585 0.6821177 0.7500401 0.7723054 1.4144004 0.6480168 0.6373479 0.8089960 0.5503118 0.4945503 0.6051676 0.8284474 1.3437033 9.0000000 9.0000000 9.0000000 9.0000000 9.0000000 9.0000000 0.9784997 1.1693936 0.6962291 0.0000010 0.8837071 4.7233068 0.9854381 1.2592960 2.7399075 1.6457633 1.3873475 1.2661721 1.3481793 1.4211854 1.1033218 1.0873380 1.0734245 1.1483313 1.2678400 1.3167235 1.4432555 1.3761302 1.5246427 1.5299852 1.3815640 1.3177706 1.4794466 1.3763413 1.4797179 1.3276743 1.3547685 1.3547685 1.2556138 1.5195166 2.7399075 0.0000010 0.0000010 0.0000010 1.3465801 1.7974486 3.7443500 
Aaur_scaffold112.g20.t1                            0.5804310 1.4659029 1.7086618 1.8557325 1.8444416 1.0370092 2.5518236 0.5548347 1.1565001 1.1528653 1.0388569 1.0765487 1.5033138 1.5489004 0.7416410 1.3397598 1.2944376 1.4177874 1.2013266 1.1674254 1.2596657 1.2139846 1.3091761 0.6105038 0.6164039 0.2169156 0.2179923 0.1049004 0.0000000 0.2262858 0.6083659 1.1930265 1.2703123 1.3217375 0.6038711 1.2492594 1.2100083 1.2009807 1.3947334 1.0836992 0.7783215 1.1978851 1.3326466 1.1644164 1.1026747 1.2713011 1.4481401 1.2874039 2.0810169 2.0810169 3.8817669 4.5137446 1.4606177 1.4606177 1.5655837 1.5385313 1.4479756 2.1594648 1.7523466 1.7028394 1.7197736 1.8414701 1.7529185 1.2098207 2.4069580 2.3832693 2.3970243 2.4615101 2.5564135 1.3629851 2.3926437 2.4167863 2.3029490 2.3375641 2.5114275 2.4214362 2.7046945 2.7619679 2.5729575 2.5331096 2.5820980 2.1137299 2.1311480 1.8111681 2.1402707 2.1144635 1.9834146 1.6735536 2.0887916 2.0914212 2.5855061 0.9476326 2.7771957 1.0470092 4.2000210 
Sanmal_Sma_023284-T1                               0.6315084 1.6112470 1.8161313 1.9741339 1.9678038 1.1110182 2.5566863 0.5656598 1.2431107 1.2007256 1.0997021 1.0828573 1.6495618 1.6883064 0.6340258 1.3427921 1.3394840 1.5663647 1.2764126 1.2598371 1.3045274 1.2439415 1.3943333 0.5310486 0.7487385 0.2623587 0.2687987 0.1686776 0.2262858 0.0000000 0.6838724 1.2394702 1.3840721 1.4424254 0.5971139 1.3724129 1.3084936 1.2917949 1.5614017 1.1229514 0.7715267 1.2810757 1.4544637 1.2159890 1.1234481 1.3456268 1.5458064 1.4508653 2.3593304 2.3593304 4.1184994 4.8379230 1.7958993 1.7958993 1.6588286 1.6441561 1.5852073 2.0381456 2.0632042 1.9097640 1.8061611 1.9733984 2.3068729 1.2146448 2.4994284 2.3771655 2.4668093 2.5939163 2.6442041 1.3398162 2.4259373 2.4397529 2.3478266 2.2922841 2.4606472 2.3752364 2.6995526 2.7605854 2.7192957 2.6155097 2.6214907 2.1989059 2.2484220 1.8741144 2.2152102 2.2025432 2.1142198 1.7723700 2.1356882 2.2418416 2.7799800 1.0000591 3.0162422 0.9905511 4.2081647 
Morvir_scaffold235.g16.t1                          0.6745184 1.5877927 1.8302026 1.8911727 1.8774115 0.9804371 2.3862415 0.5882382 1.2216327 1.2114614 1.0210770 1.0322825 1.6320074 1.6727698 0.8449728 1.3639182 1.3613907 1.4618455 1.4003633 1.4073194 1.3551596 1.3924041 1.3959678 0.6465725 0.6881486 0.6626311 0.6733666 0.2740002 0.6083659 0.6838724 0.0000000 1.2926191 1.4635347 1.4250914 0.6292324 1.3550050 1.3270756 1.2997028 1.4499054 1.0558365 0.7486923 1.2005191 1.4280503 1.2920007 1.2430621 1.3525315 1.4333086 1.4210263 2.5314433 2.5314433 4.7529739 6.0343972 1.7350961 1.7350961 1.6635180 1.5711428 1.6527934 2.6188454 1.9888994 1.9345173 1.8227526 1.9702396 1.9631683 1.1665149 2.2798145 2.3459086 2.2924786 2.3648659 2.5239546 1.4761583 2.3447698 2.3027752 2.3270687 2.3926689 2.4445353 2.3386590 2.5745206 2.6270892 2.4978956 2.4299963 2.4400205 2.2902038 2.3632340 1.9652061 2.3559562 2.2727067 2.1502843 1.7780861 2.1686993 2.2191238 2.7161029 1.2637591 2.5260719 1.1302448 4.6827842 
Skow_XM_006815565.1                                0.6591544 1.5091709 1.7402874 1.8657618 1.8657618 1.0974464 2.6463756 0.4460750 1.1145788 1.1231437 0.9995319 0.9573195 1.3918833 1.4382525 0.7577484 1.0872709 0.6896145 1.2915795 0.7316289 0.7141314 0.7256656 0.6363834 0.6466346 0.7748219 1.0689290 1.2021417 1.2194665 0.5430303 1.1930265 1.2394702 1.2926191 0.0000000 0.8051405 0.7813679 0.6545689 1.2853170 1.2384788 1.2418449 1.5672061 1.0884950 0.7771072 1.1543775 1.3141569 1.3586933 1.2693201 0.6167464 0.9895932 0.7270568 2.3488125 2.3488125 4.4127122 5.6266952 1.9713203 1.9713203 1.2787357 1.4790167 1.3230994 1.7082090 1.6673607 1.7042251 1.5779916 1.7105620 1.7820430 1.0541248 2.1662486 2.1375542 2.2112567 2.2751295 2.1821432 1.3985774 2.1552442 2.1184438 2.2437322 2.2019793 2.4123875 2.2669828 2.4678265 2.5823623 2.4406584 2.3036115 2.3338895 2.0607293 2.1193310 1.7704939 2.0865735 2.1148531 1.6233530 1.6959332 2.3415018 2.0689083 2.6265036 1.9888104 2.4317150 0.8638068 4.3575235 
Tcas_TC002609_001                                  0.6463909 1.4703600 1.7752872 1.9686641 1.9626850 1.1704446 2.6060392 0.4739564 1.1743851 1.1809403 0.9430987 0.8900667 1.4277518 1.4681081 0.7989177 1.2640605 0.7355042 1.4787332 0.8366372 0.8363539 0.7060099 0.7075748 0.5387868 0.9331254 1.2100949 1.3202737 1.3194735 0.7069749 1.2703123 1.3840721 1.4635347 0.8051405 0.0000000 0.6415033 0.7230649 1.5132783 1.4934725 1.4956565 1.8110659 1.2056983 0.8241782 1.3974802 1.5688770 1.4000092 1.2778134 0.9245573 0.7104954 0.8894924 2.3070639 2.3070639 4.7604722 5.7905548 1.7109043 1.7109043 1.2879363 1.6837972 1.5490033 1.8530190 1.8836400 1.8141335 1.7774698 1.8043683 2.3048812 1.1048745 2.2752837 2.3123098 2.3044313 2.3411963 2.2830899 1.4202420 2.3961036 2.4265857 2.3130554 2.3180522 2.4842981 2.3922308 2.5252994 2.6323664 2.4422821 2.4329723 2.5534840 2.3708572 2.4146967 1.9551694 2.2412081 2.2245608 1.5880088 1.8053136 2.7893838 2.6678204 3.3935522 1.9439596 2.6849123 0.9330474 4.2442934 
Cscu_XM_023375731.1                                0.6114544 1.4952636 1.7321674 1.9093957 1.9161267 1.2990693 2.7173220 0.4930092 1.1157877 1.1237105 0.9634863 0.9829238 1.3910480 1.4343874 0.6527738 1.1980542 0.6857995 1.4201037 0.8236278 0.8302816 0.6027323 0.5738405 0.3756485 0.9489793 1.3966369 1.3403895 1.3606093 0.8666736 1.3217375 1.4424254 1.4250914 0.7813679 0.6415033 0.0000000 0.7624722 1.4634293 1.4382698 1.3469396 1.6340243 1.2154350 0.9374301 1.2698062 1.4091383 1.4217902 1.3292754 0.8707982 0.7328487 0.9020275 2.2081450 2.2081450 4.4828597 5.5610240 1.6671914 1.6671914 1.2937030 1.5976778 1.5184213 1.5165421 1.9455821 1.7805841 1.7156946 1.7072964 1.9986437 1.0350973 2.3569312 2.4962939 2.4952161 2.4256177 2.5256828 1.4586467 2.4323652 2.3611712 2.3697215 2.5227958 2.4465467 2.3923920 2.4440617 2.5243667 2.6110663 2.5546154 2.5864722 2.2528443 2.2727462 1.9273299 2.0338047 1.9883017 1.5910857 1.6226547 2.3875939 2.0941458 2.4942690 1.8193207 3.0288549 0.8961456 4.1147822 
Fspp_ffun1.m4.23288.m1                             0.7215382 0.8797258 0.9465155 0.9641272 0.9641272 1.0724709 1.0716683 0.6673348 0.6219885 0.6312319 0.6398265 0.3974450 0.6860603 0.6860603 0.5888421 0.6807482 0.5848476 0.7275628 0.7563092 0.7176405 0.6173515 0.7439374 0.7325127 0.7815659 0.7408505 0.5968398 0.5968718 0.5783862 0.6038711 0.5971139 0.6292324 0.6545689 0.7230649 0.7624722 0.0000000 0.0415010 0.0488046 0.1176941 0.1332073 0.2768070 0.2171204 0.2316235 0.1126609 0.5388226 0.5795277 0.7486088 0.7147774 0.9105584 0.7236892 0.7236892 0.8500605 0.0000010 0.7236892 0.7236892 1.0003849 0.9201472 0.8080206 0.0000010 0.9789587 0.5726777 0.8272179 1.0061997 0.0000010 1.3245455 1.2627426 1.3048679 1.2199252 1.4088532 1.1892416 1.3622307 1.1341859 1.1747670 1.2527542 1.5176456 1.4314835 1.2298264 1.5904332 1.5745513 1.5181810 1.4101770 1.4401268 1.2093361 1.0582132 1.1047428 1.1133322 1.1133322 1.2422285 0.0000010 0.0000010 0.0000010 0.0000010 5.1815481 1.2810487 1.0961009 3.2648935 
Spis_XP_022788271_1                                0.6877904 1.6539433 1.8214139 1.8779099 1.8779099 1.0570079 2.4433219 0.6956375 1.3918024 1.4013201 1.2400126 1.1066890 1.6235001 1.6876067 0.9337142 1.3425580 1.2330207 1.5493200 1.3352737 1.2386876 1.3051246 1.2447959 1.3439939 0.9070931 1.2897185 1.3238950 1.3350352 0.6451585 1.2492594 1.3724129 1.3550050 1.2853170 1.5132783 1.4634293 0.0415010 0.0000000 0.1176666 0.2485962 0.4615145 0.4060509 0.2968076 0.5443365 0.2759893 1.0024639 0.9785288 1.2929945 1.5281115 1.3355160 2.6483169 2.6483169 4.9147957 6.0868982 2.0510486 2.0510486 1.7687336 1.7140221 1.6233948 1.8442575 1.8705406 1.8670084 1.7866257 1.8778674 2.3909992 1.1785429 2.3257964 2.2631540 2.3031433 2.4469588 2.4171903 1.4312849 2.3308728 2.3945396 2.2364289 2.4715610 2.3620443 2.3765994 2.6075201 2.6773042 2.5842079 2.4639038 2.5118802 2.2833891 2.3617973 1.9787877 2.2770941 2.2883899 2.0528487 1.9269865 2.0673089 2.0148388 2.3565819 1.8011702 1.2340390 1.0505094 4.2863401 
Gasp_gasp1.m3.5485.m1                              0.7381412 1.6272816 1.8092267 1.9001715 1.9001715 1.1059427 2.5472305 0.7406000 1.3956333 1.3702859 1.2501863 1.1234939 1.5445407 1.6084746 0.9199572 1.3328153 1.1741975 1.4901415 1.2686438 1.2050125 1.2455447 1.1688259 1.3065433 0.9150333 1.2408466 1.2533237 1.2995938 0.6821177 1.2100083 1.3084936 1.3270756 1.2384788 1.4934725 1.4382698 0.0488046 0.1176666 0.0000000 0.2398323 0.4345280 0.3986104 0.2792247 0.5165647 0.2617933 0.9715702 0.9238569 1.2660093 1.4721369 1.2274807 2.6155771 2.6155771 4.6316931 5.4798875 2.2650169 2.2650169 1.7868386 1.6404120 1.6054797 1.7643741 1.7927494 1.7303859 1.7225463 1.8403170 2.1633639 1.2146267 2.4002786 2.2561273 2.2939711 2.4369138 2.3676835 1.4770949 2.3095072 2.3854987 2.1962782 2.3700278 2.3845302 2.3047550 2.5360340 2.5972775 2.5507900 2.4132459 2.4780895 2.1848219 2.2050485 1.8148396 2.0963210 2.0918516 2.0338258 1.8224371 2.0808037 1.9661476 2.2687793 1.7759636 1.3672203 1.0366855 4.0593429 
Gfas_gfas1.m1.15494.m1                             0.6791320 1.6962919 1.8687298 1.9809543 1.9768297 1.3230374 2.5273100 0.6781219 1.3225943 1.3160884 1.2826042 1.1273105 1.6459152 1.7177767 0.8702599 1.3262038 1.1697317 1.5891863 1.2488176 1.1614255 1.2293135 1.1814445 1.3096770 1.0230681 1.2767671 1.2651406 1.3035573 0.7500401 1.2009807 1.2917949 1.2997028 1.2418449 1.4956565 1.3469396 0.1176941 0.2485962 0.2398323 0.0000000 0.2128553 0.1871115 0.3123308 0.5356130 0.0931534 1.0304613 0.9772234 1.2689020 1.4583470 1.2923986 2.5767095 2.5767095 4.7027452 6.0676301 2.1673978 2.1673978 1.6733797 1.6619031 1.6129998 1.7969502 1.8822988 1.7005572 1.7581099 1.8736413 2.0594146 1.1816586 2.2389555 2.2030240 2.2018966 2.2352642 2.2577216 1.4076329 2.0587964 2.1339633 2.0721196 2.1644730 2.2497718 2.2306509 2.3552184 2.3786710 2.4436324 2.2987263 2.3810407 2.2788210 2.2049537 1.9402435 2.2055034 2.2044077 2.0915136 1.8402221 2.2675705 2.0634318 2.4543143 1.6569937 1.7253684 1.0682971 4.1338674 
Adig_XM_015898057.1                                0.5474642 1.5165703 1.8694257 2.0338680 2.0248822 1.9984833 2.4983228 0.4987245 1.7036062 1.6484749 1.3274915 1.0854330 1.7171458 1.7171458 0.8303143 1.5165978 1.5058632 1.7843122 1.4316549 1.3976727 1.5391456 1.4932197 1.4869090 0.9495887 1.2805475 1.4819108 1.5704018 0.7723054 1.3947334 1.5614017 1.4499054 1.5672061 1.8110659 1.6340243 0.1332073 0.4615145 0.4345280 0.2128553 0.0000000 0.0237134 0.2849611 0.6051600 0.0979733 1.1857749 1.1170544 1.4423982 1.6690343 1.4227512 2.2928581 2.2928581 4.5124700 5.8084880 1.9598712 1.9598712 1.8682242 1.6346501 1.8419704 5.9539677 3.4316840 1.8238754 1.7634484 2.1119450 2.8658443 1.0183162 2.3052743 2.1591577 2.0099972 2.2163949 2.5299764 1.2284322 2.0035416 2.2142029 2.1726187 2.1529746 2.1824954 2.3130166 2.2373602 2.3853198 2.4776961 2.2785357 2.1522342 1.7167337 1.6701269 1.5574754 1.6694899 1.6694899 1.8139962 3.4359884 6.1199258 2.7361111 2.3311775 3.9534236 1.1747017 0.5191693 3.7309043 
