93
Emue_Em0011g853a.t1                                                0.0000000 0.1199748 0.4316112 1.3379069 0.5930545 1.1883349 1.6962168 1.8517980 1.6246036 1.0315629 1.7797506 1.6805956 1.7527274 1.6954125 1.6282004 1.6541417 1.6983345 1.5753514 0.7149044 0.9526999 1.1932883 1.8024866 1.8049960 1.7586610 1.6034215 1.6867775 1.6300598 0.9545192 1.7945727 1.7122128 1.3894205 1.6416116 1.1257691 2.0810057 1.0848571 1.1560142 2.1015738 1.1621306 1.6404782 1.9972763 4.8688688 4.8096563 4.0141785 1.2322520 1.4087156 2.2154260 1.7521593 1.5101999 2.2665294 2.4601037 2.1624951 2.1472593 2.1571420 1.8378304 2.1409029 2.5511250 1.5934301 1.9590574 1.9735494 2.4276625 2.4073366 4.1876746 3.3688915 2.5320536 2.8307471 2.5851754 2.5573004 2.0909822 2.1330048 2.6948248 2.2317747 2.9998901 1.6751538 2.4016992 2.6456475 3.1484333 2.3837008 2.1249498 2.7350658 3.0770421 2.1751299 2.3357853 2.7061134 2.6468070 3.4054610 2.1703723 1.9551238 3.2539693 2.6163901 1.9655460 2.1671257 2.9964823 3.8328287 
Spolac_c95301_g1_i1_m.11293c95301-g1                               0.1199748 0.0000000 1.0466777 0.6396771 0.7254976 0.7254976 0.8654814 0.8649013 0.8747252 0.9414350 0.8749645 0.8728898 0.8930448 0.8390906 0.8390906 0.8390906 0.8481401 0.7037118 0.7037118 0.9382068 0.8294065 0.9236270 0.8235273 0.8236201 0.7551868 1.0536919 1.0299502 0.8672880 0.8558300 0.6042829 0.7731529 0.7545330 0.9451133 0.9665243 0.9374444 0.9337492 1.0223507 1.0051451 0.5521282 0.8559941 8.9999982 2.4429898 8.9999982 0.9486940 0.9843714 1.3821464 1.0457153 1.0048998 1.6550874 1.7458511 1.5199374 1.4465996 1.3718006 1.3718006 1.4466844 1.3222741 1.4678569 1.4100549 1.6041266 1.3708173 0.7199210 0.0000010 0.0000010 2.7067326 2.7373009 2.9445575 2.7860028 2.5922194 2.4035564 2.7786571 2.9309534 2.9765324 4.4717431 8.9999985 4.2118458 2.6755251 3.1723926 0.0000010 3.6358144 3.3175537 2.9509713 2.4216562 2.8310576 3.0024402 0.0000010 0.0000010 0.0000010 6.7389736 0.0000010 2.0066944 0.6881182 3.1208209 0.0000010 
Spolac_c95301_g2_i1_m.11294c95301-g1                               0.4316112 1.0466777 0.0000000 1.9574856 0.7525946 1.6040581 2.6926135 2.9404673 2.5759310 8.2339420 2.8733195 2.6186531 2.8389321 2.8333274 2.8158487 2.7668544 3.1747925 3.2079837 3.0350660 9.0000000 2.3137345 3.0522737 3.5920387 2.9172485 2.8538268 2.9204904 3.2577310 6.3647401 3.0769282 2.9482603 2.4723289 2.6504663 9.0000000 3.3114930 9.0000000 2.2310270 3.6621427 1.3584028 2.8618287 3.3454588 4.1326171 4.6195689 3.3193079 4.3431609 2.0541325 3.4210237 3.1085231 2.1690795 3.3905398 3.4871740 4.5092189 4.4481690 4.5939050 3.6910913 4.6753300 4.4628916 1.8396980 2.5687168 8.9999988 3.6967603 8.9999984 3.8296527 3.0640976 3.8073989 4.0521212 2.8582606 3.9963363 2.6768205 4.7376355 4.5485349 2.9357413 3.6808231 9.0000000 4.3326248 2.8397980 4.6833871 3.3424403 3.2674286 3.7443314 3.8003315 3.3021385 3.1429430 3.5198632 3.2211808 3.9819928 3.0225924 2.1904601 3.2131711 3.6124201 2.4173217 3.6369116 3.4057836 4.3503657 
Tetwil_g9502.t1                                                    1.3379069 0.6396771 1.9574856 0.0000000 0.4566417 1.1806125 1.5970160 1.6342363 1.5525919 1.0810469 1.7753066 1.6150296 1.6214735 1.8197636 1.7230243 1.7231360 1.8456177 1.6561953 0.7148861 0.7400494 1.1356993 1.7167610 1.6701145 1.8721357 1.7217225 1.8130638 1.8704735 0.7681332 1.7127858 1.8008926 1.6380584 1.8350250 1.0716283 2.0046807 1.0370955 1.1136247 2.0564444 1.1772944 1.6341131 1.9249898 4.0045928 3.8112395 3.4846659 1.2721689 1.4289655 2.3232712 1.8996514 1.5149531 2.2152773 2.4816398 2.5003128 2.4668079 2.4269779 1.7834086 2.5904435 3.2428810 1.4328451 1.9236767 1.8060884 2.4975184 2.4060073 4.2125203 3.4117845 2.9595836 3.2336742 2.2866626 3.0405863 2.3806441 2.3270414 3.0187115 2.3327540 3.1899096 2.0563765 2.5922970 3.0739445 3.3919413 2.9209621 2.3934581 3.1355756 3.4618837 2.3734915 2.7355471 3.2097253 3.4875008 3.9867144 2.5818589 1.8771209 3.8052343 3.0579249 2.0861569 2.3477367 2.7967046 4.7539323 
Stycar_augustus_masked-SC_scaffold115244-processed-gene-0.2-mRNA-1 0.5930545 0.7254976 0.7525946 0.4566417 0.0000000 0.0061743 0.5679606 0.6760835 0.7150993 0.6318273 0.7050988 0.7072389 0.6943435 0.7893434 0.7229009 0.7229009 0.7638319 0.6708085 0.6708085 0.7150753 0.6229688 0.6670883 0.6732695 0.7431759 0.6360459 0.8362885 0.8221974 0.6617085 0.7150511 0.7184944 0.6027238 0.6798323 0.9638741 0.9993941 0.9984053 0.8966220 1.0259519 0.9614442 0.8631693 0.9290500 5.9787674 4.2828980 5.9787674 0.9870666 0.9380241 1.2662276 0.8878691 1.1628815 1.2011397 1.3134386 1.0350647 1.0323783 1.0236029 1.0183194 1.0318851 1.0207766 1.2804434 1.2051269 1.4654272 1.3377700 1.3025485 0.0000010 0.0000010 1.7416491 1.8100155 1.9634285 1.5642689 1.6870648 1.9905617 1.8125579 1.9514094 1.9988071 1.4882058 2.0566474 2.4973488 1.5384523 1.8425816 0.8780446 2.2131826 2.0093825 1.8863359 1.8355946 1.9229406 2.0527815 0.0000010 0.5464895 1.7052819 4.1412971 2.9625733 1.5810871 0.7562956 2.9346367 0.0000010 
Stycar_augustus_masked-SC_scaffold34013-processed-gene-0.0-mRNA-1  1.1883349 0.7254976 1.6040581 1.1806125 0.0061743 0.0000000 1.4778669 1.6014962 1.4153641 0.7657485 1.6545562 1.6168343 1.5705992 1.8153540 1.7319467 1.6364725 1.6304962 1.6928743 0.6848229 0.7150753 1.1037831 1.6742770 1.6365830 1.7744048 1.4340658 1.7457213 1.7383940 0.7674852 1.7729493 1.7961292 1.5299555 1.7438664 1.0024303 1.8778580 1.0262252 1.0216014 1.8450059 1.0384318 1.5215273 1.7874708 4.3579867 3.8805661 3.7075976 1.1495983 1.2130332 2.2923052 1.9665103 1.3748519 2.0058666 2.2900747 2.1723787 2.2623231 2.2895227 1.5770239 2.1860868 2.6432484 1.4022054 1.8168070 1.6566099 2.2708696 2.0411122 3.3522813 2.7113745 3.0904163 3.2112524 2.2218102 2.8725953 2.0324393 1.9905617 2.9544697 2.1347018 3.1872701 1.9321833 2.5052157 2.6395524 3.1431283 2.6848611 2.0312846 3.0988368 3.2888054 2.3275131 2.4076992 3.0106941 3.1859277 3.5560741 2.3847965 1.8247610 3.5264488 3.0731145 1.8843345 2.0551484 2.7694979 4.5661799 
Skow_XM_002742403.2                                                1.6962168 0.8654814 2.6926135 1.5970160 0.5679606 1.4778669 0.0000000 1.1278972 1.0098438 0.9523558 1.1557955 1.1576207 1.1234367 1.2620239 1.2185137 1.2431485 1.2471774 1.1829488 0.5373397 0.6820573 0.9503746 1.2881667 1.3375497 1.5680466 1.1705235 1.1908270 1.2468171 0.5128272 1.1391709 1.3316759 1.0432215 1.0286113 1.0299790 1.8786613 0.9700289 1.0836943 1.8818852 1.0012707 1.3138914 2.1164882 4.4102246 4.6158765 3.1834140 1.3222397 0.9787547 2.0571572 1.5500919 1.2807541 2.1434083 2.1776839 1.7790583 1.7800956 1.7196342 1.3451982 1.8715942 2.1040018 1.6263791 1.7806724 1.4200763 2.2916967 1.7781980 3.1711390 2.7000003 2.6743025 2.7373060 2.1104829 2.5932330 2.1256695 2.2202405 2.5071187 2.0558721 2.8820370 2.0491627 2.4738839 2.8939962 2.9731980 2.7251864 2.0625223 2.7264638 2.8339739 2.1874475 2.2254446 3.2035452 3.0318136 3.4293934 1.5526330 2.0414734 3.1255207 2.6550359 2.0825694 1.7091918 2.3931679 3.3139884 
Spis_XP_022794458_1                                                1.8517980 0.8649013 2.9404673 1.6342363 0.6760835 1.6014962 1.1278972 0.0000000 0.2598428 0.0909398 0.3514852 0.2708818 0.1517376 0.5068756 0.4917898 0.4801839 1.0821213 0.9773624 0.4596682 0.6243053 0.9309785 1.2665037 1.4126601 1.4285745 1.0846842 1.1762805 1.1532834 0.6789277 1.3970328 1.4295434 1.2183543 1.5083655 1.0126699 1.6989621 0.9925599 0.9199366 1.7101482 0.9859707 1.4320542 1.6362275 4.1749047 4.6131097 3.0938548 1.1778195 1.2704903 2.2444327 1.5522947 1.3151707 2.0695592 2.1672086 1.8289978 1.8892794 1.7501930 1.4882504 1.7187996 1.9209783 1.6532887 1.8594191 1.5187062 2.2943180 1.9791809 3.5366687 2.8336402 2.2254949 2.4178881 2.1524656 2.5315341 2.0653514 1.9383479 2.4945268 2.3442693 2.3501200 1.7780916 2.4519775 2.7326389 2.6936394 2.5654158 2.1282916 2.4404793 2.8081764 2.6274998 2.3433633 3.1493831 2.9259238 3.0636612 1.9119238 2.1274157 3.1536039 2.5342795 2.0362805 1.6485593 2.3158955 4.0593926 
Gasp_gasp1.m3.15977.m1                                             1.6246036 0.8747252 2.5759310 1.5525919 0.7150993 1.4153641 1.0098438 0.2598428 0.0000000 0.0714122 0.2356354 0.1345485 0.2233828 0.4215652 0.4087065 0.3652787 0.9705402 0.8656042 0.5150834 0.6686872 0.8850708 1.1659921 1.2622133 1.3381452 0.9738174 1.0694073 1.0620414 0.7480022 1.2595887 1.4466873 1.1889366 1.4247510 1.0883258 1.6443613 1.0653884 1.0029261 1.6943639 1.0613388 1.5103451 1.5985780 3.9025567 3.9516195 3.1444678 1.1989050 1.2225085 2.1041910 1.5039504 1.2706400 1.9862295 2.0025029 1.7773092 1.8327427 1.7323851 1.4412310 1.7781553 1.8203924 1.6582136 1.8202117 1.5212449 2.2377493 2.0939341 3.2675309 2.7144030 2.3171219 2.2881798 2.0966635 2.2937711 2.0123062 1.9647201 2.3467136 2.2813837 2.2501588 1.7817338 2.5508781 2.7580566 2.6258590 2.3577104 1.9937379 2.5362785 2.7901876 2.4481807 2.2432878 2.9170812 2.8879666 2.9851260 1.6693291 1.7824227 3.4153112 2.4446863 2.1339725 1.4672251 2.1237432 3.7040285 
Gasp_gasp1.m3.15978.m1                                             1.0315629 0.9414350 8.2339420 1.0810469 0.6318273 0.7657485 0.9523558 0.0909398 0.0714122 0.0000000 0.1145280 0.0745093 0.1655949 0.2675815 0.2675815 0.2675815 0.7126986 0.7348343 0.6281062 0.5978330 0.6629161 0.7895832 0.8801701 0.9931554 0.4540397 0.8900340 0.8533292 0.7469024 0.9291421 0.8885515 1.0357210 0.9416801 1.0579657 1.0809468 1.0809468 0.9802986 0.9692883 0.7361051 0.0000010 0.9188986 8.9999982 0.0000010 0.0000010 1.0866092 1.0339859 1.4944274 1.5135567 1.2290741 1.0396921 1.4737880 0.9852489 0.9852489 0.9633291 0.9633291 1.0584484 1.0584484 1.4733676 1.3508438 1.6093701 1.6445522 9.0000000 0.0000010 0.0000010 3.1322847 3.0442810 2.8698921 3.3208964 2.3219663 2.1845748 2.2953637 2.1881224 2.3418445 0.0000010 0.0000010 3.9093976 2.8560645 3.6731522 0.0000010 3.3951128 3.3506308 5.2959218 1.9365363 3.5183733 3.0436930 0.0000010 3.9147059 0.0000010 8.0056480 0.0000010 1.4189197 2.7564114 5.2956152 9.0000000 
Gfas_gfas1.m1.20659.m1                                             1.7797506 0.8749645 2.8733195 1.7753066 0.7050988 1.6545562 1.1557955 0.3514852 0.2356354 0.1145280 0.0000000 0.3352982 0.3210587 0.4638483 0.4502864 0.3915005 1.1316616 1.0188777 0.4887372 0.6840919 0.9518612 1.3961528 1.4360361 1.4712375 1.1512215 1.2310842 1.2122729 0.7768588 1.4960883 1.5353352 1.2138690 1.5411834 1.0947629 1.8125912 1.0723932 1.0115902 1.7844344 1.0120540 1.4394317 1.7405910 4.6233471 4.6759219 3.0143217 1.2553361 1.2929805 2.1956636 1.5895057 1.3609361 2.1337835 2.3198562 1.9113077 1.9497913 1.8610675 1.4761536 1.7939215 1.9487376 1.6521954 1.9473851 1.6133382 2.4193638 2.1210691 3.9445192 3.1375759 2.3497442 2.2566935 2.1604354 2.5318447 2.0881621 1.9429294 2.5567605 2.3446329 2.5936733 2.2285810 2.6562989 2.8785903 2.9416882 2.6079555 2.1620962 2.7628653 2.8607893 2.4882322 2.2734367 3.1215281 2.9053015 3.0118256 2.0763843 2.0094801 3.6565999 2.6932943 2.0836622 1.5628101 2.1370416 3.7526538 
Fspp_ffun1.m4.3734.m1                                              1.6805956 0.8728898 2.6186531 1.6150296 0.7072389 1.6168343 1.1576207 0.2708818 0.1345485 0.0745093 0.3352982 0.0000000 0.2226194 0.4660797 0.4506973 0.4103865 1.0332928 0.9539002 0.5288757 0.6583446 1.0280897 1.4125705 1.5400555 1.4486011 1.0732165 1.1528942 1.1328289 0.7377802 1.3789166 1.4641311 1.3262674 1.4036461 0.9865176 1.7737408 1.0010152 0.9347196 1.8165903 0.8947683 1.3966390 1.8167789 4.2351709 4.1079825 3.1991986 1.1792798 1.2639197 2.3277996 1.5825447 1.2508404 2.1911883 2.2564679 1.9207481 1.9622556 1.8301572 1.4665604 1.8073465 1.9616565 1.5483436 1.9533595 1.2699074 2.3036586 2.0482447 3.3434581 2.8231984 2.4836206 2.5470542 2.1650190 2.6461989 2.1272116 1.9255756 2.5390686 2.4496224 2.5783914 1.7425791 2.2101693 2.8053965 2.8562599 2.5740697 2.0288912 2.6428161 3.0208261 2.6917543 2.4276590 3.0759721 3.0292711 3.1855521 2.2496057 1.5329953 3.7597786 2.8557937 2.0194641 1.8233789 2.3041255 3.4570249 
Pocdam_XM_027197900.1                                              1.7527274 0.8930448 2.8389321 1.6214735 0.6943435 1.5705992 1.1234367 0.1517376 0.2233828 0.1655949 0.3210587 0.2226194 0.0000000 0.4674635 0.4540357 0.4215021 1.0224637 0.9520807 0.4592558 0.6516890 0.9170427 1.2341746 1.3124994 1.4126705 1.0610010 1.2031715 1.1809767 0.7150911 1.3511233 1.4707063 1.2486184 1.4596542 1.0022148 1.6778607 0.9955709 0.9660703 1.7225807 1.0051988 1.4842952 1.7038909 4.1223701 4.9126363 3.0682760 1.2200800 1.2601363 2.1751003 1.4998639 1.2988592 2.0731035 2.1714859 1.8253352 1.8778251 1.7153091 1.4825194 1.6552362 1.7931172 1.6455641 1.8832836 1.5250718 2.2750351 1.9624541 3.6239243 2.9384948 2.2435539 2.3698855 2.1302360 2.4691771 2.0921097 2.0545202 2.4800884 2.3431062 2.3974717 1.7266125 2.4392366 2.8156743 2.7759708 2.3501834 1.9842849 2.4995834 2.9270865 2.6331011 2.2643308 3.1207504 2.9729105 3.1392096 1.8249264 2.1361438 3.1884675 2.4170074 2.0143194 1.6313289 2.2763471 3.5027883 
Amil_Amillepora00805-RA                                            1.6954125 0.8390906 2.8333274 1.8197636 0.7893434 1.8153540 1.2620239 0.5068756 0.4215652 0.2675815 0.4638483 0.4660797 0.4674635 0.0000000 0.0000010 0.0871424 1.1634815 1.0098943 0.5700166 0.7695113 1.1220069 1.4491008 1.5367869 1.5824654 1.1576292 1.1884600 1.1911560 0.7977715 1.4640982 1.5375638 1.2170727 1.7406058 1.1711303 1.7443636 1.1051231 1.1166224 1.7636720 1.0824972 1.5423454 1.7101120 4.3646221 5.9707149 2.9301735 1.2397494 1.3806228 2.3906579 1.7960800 1.4679766 2.0533266 2.3477373 1.9682061 1.9588081 1.9000805 1.5932023 1.8797795 1.8427162 1.6489483 2.0231560 1.5828119 2.3254340 2.1302142 4.2635187 3.4768133 2.5963822 2.5118568 2.4395671 2.7662722 2.3820563 1.8942558 2.8029220 2.5329536 2.7435047 2.1800133 2.9595601 3.2987573 2.9252088 2.7918234 2.0959908 2.8958757 2.9248573 2.7283207 2.5927289 3.3770113 3.0918737 3.4763758 2.1156146 2.1692895 3.8125537 2.7099519 2.2075855 1.8155995 2.2268472 3.6399538 
Amil_Amillepora00825-RA                                            1.6282004 0.8390906 2.8158487 1.7230243 0.7229009 1.7319467 1.2185137 0.4917898 0.4087065 0.2675815 0.4502864 0.4506973 0.4540357 0.0000010 0.0000000 0.0850800 1.1128936 0.9722083 0.5269476 0.7695113 1.0723342 1.3937836 1.4889373 1.5065654 1.1196192 1.1487389 1.1465453 0.7977715 1.4014583 1.4804288 1.1744138 1.6592469 1.0755526 1.6511944 1.0189032 1.0474970 1.6659018 1.0178263 1.4222943 1.6455557 4.3724177 6.0440395 2.9301735 1.1807289 1.3233323 2.3416564 1.6841192 1.4152311 2.0113041 2.2442538 1.8964316 1.8883659 1.8329661 1.5313534 1.7994103 1.8284030 1.6101964 1.9715104 1.5101451 2.2514197 1.9532297 4.4309843 3.5788805 2.4619815 2.3926811 2.2872559 2.5965749 2.2245045 1.8942558 2.6843274 2.3957521 2.5834953 1.8924106 2.6157000 3.0949617 2.7431406 2.6341947 1.9656073 2.7196474 2.7820234 2.5314879 2.4249351 3.2043107 2.9320051 3.4501858 1.9503276 2.1792282 3.6856232 2.7470493 2.1485643 1.7034340 2.2242462 3.6407476 
Adig_XM_015893031.1                                                1.6541417 0.8390906 2.7668544 1.7231360 0.7229009 1.6364725 1.2431485 0.4801839 0.3652787 0.2675815 0.3915005 0.4103865 0.4215021 0.0871424 0.0850800 0.0000000 1.1293487 1.0053651 0.5269476 0.7695113 1.0616777 1.4476767 1.5070980 1.5104780 1.1830677 1.2260920 1.2390299 0.7977715 1.4039717 1.5263564 1.2550207 1.7251853 1.0871296 1.7021141 1.0237441 1.0396299 1.7647692 1.0224444 1.4277436 1.6720607 4.4526515 5.1152632 2.8852155 1.1643739 1.3379340 2.2017832 1.7251381 1.4187176 2.0458561 2.2204738 1.9035004 1.9070173 1.8245929 1.5352500 1.8132252 1.8332070 1.6144671 1.9373903 1.4875985 2.2721180 1.9996234 4.2185258 3.4791684 2.4237705 2.3454255 2.3119886 2.5727005 2.1784941 1.8942558 2.6635872 2.3674477 2.5649588 1.9590727 2.6812681 3.1639701 2.7093098 2.6604300 1.9508062 2.6511821 2.7890850 2.5331608 2.3982997 3.1401059 2.9505334 3.2484226 1.9144661 2.1792282 3.5592169 2.6839912 2.1538524 1.7608943 2.3316047 3.5409071 
Exapal_XM_021061780.2                                              1.6983345 0.8481401 3.1747925 1.8456177 0.7638319 1.6304962 1.2471774 1.0821213 0.9705402 0.7126986 1.1316616 1.0332928 1.0224637 1.1634815 1.1128936 1.1293487 0.0000000 0.5917692 0.2926436 0.6768164 0.9811215 1.3809146 1.3870335 1.3748879 1.1604016 1.2421509 1.2555638 0.7166595 1.3685853 1.6644183 1.2591170 1.6053052 1.1142942 1.7757592 1.0908087 1.0064299 1.8681698 1.0766662 1.3903429 1.7716251 4.1244563 3.5976199 2.7203544 1.1763582 1.2215736 2.4410830 1.8342311 1.3265296 2.0519614 2.3248997 1.9598350 1.9723695 1.8756926 1.4379410 1.9363603 1.9326421 1.6501493 1.8889831 1.6417769 2.4461694 2.0223012 4.0267931 3.2795719 2.8836739 2.8538707 2.3328608 2.8909518 2.2425223 2.3585234 2.7848976 2.3142290 2.9667088 1.8057934 2.1628628 2.8615525 3.0676668 2.5833170 1.9643951 2.7381919 3.1717825 2.3647951 2.5746774 3.4437532 3.2151219 3.8350061 1.8706666 2.4264804 3.4619345 2.9318704 2.1314137 1.6141998 2.4114292 3.7941688 
Nvec_v1g100805                                                     1.5753514 0.7037118 3.2079837 1.6561953 0.6708085 1.6928743 1.1829488 0.9773624 0.8656042 0.7348343 1.0188777 0.9539002 0.9520807 1.0098943 0.9722083 1.0053651 0.5917692 0.0000000 0.0000010 0.7368486 1.0209894 1.3229749 1.3432015 1.3178081 1.0168771 1.1732709 1.1816618 0.8140036 1.2665467 1.4894726 1.1503969 1.4625029 1.1393890 1.8164887 1.1337737 0.9997207 1.8731511 1.1872837 1.4759560 1.8223108 4.8498024 3.4420658 3.2102133 1.1586989 1.1655430 2.2315624 1.7099685 1.3452008 1.9257739 2.1925005 1.8472545 1.8936794 1.8140654 1.3780192 1.8126586 1.8479485 1.5707341 1.9477522 1.7056620 2.4032146 1.7988214 3.9366090 3.4389053 2.6119612 2.6511082 2.1515855 2.4325806 1.9614679 2.1601349 2.4456963 2.0693308 2.7527773 2.1446696 2.3700187 2.9065817 3.0541879 2.2935440 1.8475636 2.6286237 2.7952460 2.1979261 2.5672093 2.9932589 2.8785483 3.6627138 1.9598787 2.4985661 3.6058853 2.8690316 2.0880258 1.4833142 1.9685303 3.2918945 
Nvec_v1g149889                                                     0.7149044 0.7037118 3.0350660 0.7148861 0.6708085 0.6848229 0.5373397 0.4596682 0.5150834 0.6281062 0.4887372 0.5288757 0.4592558 0.5700166 0.5269476 0.5269476 0.2926436 0.0000010 0.0000000 0.7368486 0.5604046 0.7328628 0.6653779 0.6372655 0.5822871 0.7303507 0.7175395 0.7012636 0.6126561 0.7435194 0.5934523 0.6686730 1.0964611 1.1215947 1.0995206 1.0098189 1.1264681 1.1739031 0.8956417 0.9742832 8.9999986 1.8735476 8.9999986 1.0567918 0.9283357 1.3535040 0.9311185 1.0343890 1.2272048 1.3742972 1.0069961 1.0378596 0.9927677 0.9877623 1.0976510 1.0325879 1.3360382 1.3087988 1.4162459 1.2665706 1.3064323 0.0000010 0.0000010 1.7834346 1.8292143 2.0106886 1.8003409 1.6724947 2.1601349 1.9534253 1.8432113 1.9172781 1.6908579 2.2813096 3.0109308 1.7539367 1.7917955 1.0307176 2.1139336 2.1514340 2.1526824 1.9083439 2.2711072 2.3529666 0.0000010 0.4006529 1.8506893 4.5350134 4.6687164 1.5871893 0.7401017 3.6996167 0.0000010 
Morvir_scaffold27.g11.t1                                           0.9526999 0.9382068 9.0000000 0.7400494 0.7150753 0.7150753 0.6820573 0.6243053 0.6686872 0.5978330 0.6840919 0.6583446 0.6516890 0.7695113 0.7695113 0.7695113 0.6768164 0.7368486 0.7368486 0.0000000 0.4520325 0.5714074 0.5557840 0.5073557 0.5943064 0.8408773 0.8208925 0.7069918 0.7133688 0.6303079 0.6600894 0.6750421 1.0158259 1.0452698 1.0147101 0.9252325 0.9218019 0.8794281 0.6851279 0.8239695 3.6913551 3.0267512 3.6913551 0.8942951 0.9936048 1.0998316 1.0619064 0.9578438 1.0014430 1.2757039 1.2762131 1.2809124 1.1845535 1.1845535 1.2694637 1.1213690 1.4073578 1.3459297 1.2644169 1.2243554 1.1065388 0.0000010 0.0000010 2.2730968 2.5330235 2.7388429 2.4264841 2.7994083 2.3022465 2.9674089 3.1882494 2.8994784 3.4098216 6.9632008 3.6733098 2.2743870 2.7386800 2.7227983 2.7017192 3.2289764 3.8064816 2.6676332 3.5730038 3.3175866 0.0000010 0.0000010 0.0000010 6.0848047 0.0000010 1.8129726 0.8775551 2.3715606 0.0000010 
Sanmal_Sma_005941-T1                                               1.1932883 0.8294065 2.3137345 1.1356993 0.6229688 1.1037831 0.9503746 0.9309785 0.8850708 0.6629161 0.9518612 1.0280897 0.9170427 1.1220069 1.0723342 1.0616777 0.9811215 1.0209894 0.5604046 0.4520325 0.0000000 0.4784318 0.4650573 0.9254295 0.9215616 1.0893173 1.0270999 0.6898826 1.0778186 1.0353561 0.9737516 0.9251389 0.8865145 1.2394172 0.8569970 0.7523069 1.2639958 0.8054941 1.1693292 1.3004484 3.0255115 3.2106776 2.6899076 1.0226414 1.2547519 1.3682710 1.4051780 1.2905897 1.5337223 1.6470744 1.5196818 1.4996098 1.4955474 1.4345086 1.5019143 1.4720366 1.3914876 1.4246884 1.7617055 1.8345359 1.5433859 3.9091801 2.7434397 2.0660882 2.0421083 2.0546503 2.0592309 2.1340749 1.9033698 2.1408986 1.9902527 2.4273471 2.1270354 2.8514415 2.7799514 2.2362214 2.4415356 1.9355833 2.0377665 2.3289233 2.4678094 2.2030595 2.3574167 2.3256928 2.3251384 1.4588157 2.4818453 2.8036752 2.1639799 2.1428846 1.2344212 1.1529193 2.9976836 
Nemnom_g15789.t1                                                   1.8024866 0.9236270 3.0522737 1.7167610 0.6670883 1.6742770 1.2881667 1.2665037 1.1659921 0.7895832 1.3961528 1.4125705 1.2341746 1.4491008 1.3937836 1.4476767 1.3809146 1.3229749 0.7328628 0.5714074 0.4784318 0.0000000 0.2573775 1.2967509 1.4054099 1.4346715 1.4464931 0.7438726 1.4364909 1.4980766 1.4425271 1.2724242 0.9408247 1.6415249 0.9080877 0.8641615 1.7248724 0.9616378 1.1925435 1.7852044 4.3605058 4.1515671 3.4570341 1.1265434 1.2704821 2.0449158 1.7183539 1.3081511 2.0157856 2.2766241 1.9340822 1.9264768 1.9172306 1.5203199 1.7841735 1.8379052 1.5176541 1.8284031 1.7551272 2.4013251 2.2709739 3.5940761 2.9777540 2.6777802 2.8330240 2.3634617 2.8429875 1.9438784 2.1234096 2.7589520 2.2833057 2.8632759 2.1658395 2.7099732 3.0552158 2.9523171 2.7406601 2.0043114 2.7662915 2.6754576 2.6617814 2.2581891 3.2103811 2.9425791 2.6273353 1.9535091 2.2960016 3.1412461 2.6208029 1.9978215 1.5297286 1.0617195 1.9650275 
Rhoesc_Res_005292-T1                                               1.8049960 0.8235273 3.5920387 1.6701145 0.6732695 1.6365830 1.3375497 1.4126601 1.2622133 0.8801701 1.4360361 1.5400555 1.3124994 1.5367869 1.4889373 1.5070980 1.3870335 1.3432015 0.6653779 0.5557840 0.4650573 0.2573775 0.0000000 1.2584311 1.4687597 1.5337713 1.5681181 0.6800139 1.4278050 1.4285040 1.4966341 1.3677770 0.9753571 1.7377173 0.9484630 0.9683291 1.7285507 1.0818139 1.3242141 1.7251717 4.2567433 3.8862936 3.3442243 1.0646566 1.2902191 2.1439212 1.6822943 1.3866659 2.0781688 2.4483650 1.9361009 1.9048948 1.9346302 1.4720864 1.8365727 1.9880996 1.5273373 1.9342900 1.8346348 2.4315112 2.2667279 3.4136359 2.9378362 2.8806341 2.9323203 2.3388243 2.7934502 2.0425499 2.1543614 2.7349357 2.1012482 3.1577501 2.2651372 2.8657847 3.1125458 2.9151095 2.7115693 2.1046768 2.7560900 2.8981599 2.6803155 2.2522948 3.0952539 3.1123587 3.3544554 1.9791976 2.5220929 3.2575246 2.8662705 2.0480963 1.5607074 1.1051802 1.9940384 
Chem_TCONS_00051280                                                1.7586610 0.8236201 2.9172485 1.8721357 0.7431759 1.7744048 1.5680466 1.4285745 1.3381452 0.9931554 1.4712375 1.4486011 1.4126705 1.5824654 1.5065654 1.5104780 1.3748879 1.3178081 0.6372655 0.5073557 0.9254295 1.2967509 1.2584311 0.0000000 1.4724814 1.5361480 1.5176442 0.8016083 1.5128917 1.5399823 1.3299573 1.4145018 0.9975633 1.6173601 0.9061405 0.9249435 1.6687360 0.9906232 1.3027233 1.5648762 3.8450493 2.5805503 2.8982212 1.1204790 1.3350403 2.4145565 1.7893661 1.5926007 2.1676002 2.2529473 2.3184543 2.2596587 2.1612255 1.7129266 2.1232234 2.4174062 1.5007249 1.8975914 1.6660607 2.4982745 1.9989267 3.2703246 2.7002365 2.6539951 2.7947843 2.3656205 2.7954669 2.3111606 2.2737523 2.5913998 2.2705538 2.8120157 2.4741464 3.2963675 3.2426902 2.9275704 3.0182564 2.2792166 2.7343675 3.0893253 2.9534103 2.5303526 2.8267403 2.8949266 3.4406280 1.9270770 1.9209844 3.3036247 3.1966410 2.2668317 1.2558806 2.1087772 3.1807802 
Dgig_XM_028537795.1                                                1.6034215 0.7551868 2.8538268 1.7217225 0.6360459 1.4340658 1.1705235 1.0846842 0.9738174 0.4540397 1.1512215 1.0732165 1.0610010 1.1576292 1.1196192 1.1830677 1.1604016 1.0168771 0.5822871 0.5943064 0.9215616 1.4054099 1.4687597 1.4724814 0.0000000 0.5196301 0.5609295 0.8217429 1.4106951 1.5407180 1.1713299 1.4820865 1.0727370 1.7630615 1.0572244 1.0223214 1.7266949 1.0251930 1.4420162 1.6651791 3.7630416 3.2735358 2.9614341 1.1265546 1.1391368 2.1719317 1.6266522 1.2993708 1.9501591 2.0948618 1.8279324 1.9279420 1.8561392 1.3978001 1.8850938 2.1129628 1.5986876 1.7872613 1.6554935 2.4468111 1.8957414 2.9045714 2.4888548 2.5101043 2.7425677 2.1904308 2.2893017 2.3454590 2.1156599 2.4925457 2.0575331 2.9765395 1.8195536 2.4351873 2.7581418 2.8768933 2.4502929 2.0137550 2.8761503 2.7560045 2.4763248 2.2395525 2.9523835 3.0917202 3.3146675 1.8657750 2.1506222 3.2283448 3.0078321 2.0622871 1.6149212 2.1834141 3.7046176 
Xesp_009417-T1                                                     1.6867775 1.0536919 2.9204904 1.8130638 0.8362885 1.7457213 1.1908270 1.1762805 1.0694073 0.8900340 1.2310842 1.1528942 1.2031715 1.1884600 1.1487389 1.2260920 1.2421509 1.1732709 0.7303507 0.8408773 1.0893173 1.4346715 1.5337713 1.5361480 0.5196301 0.0000000 0.0193232 0.8984256 1.5785852 1.6548223 1.3303238 1.6070387 1.2333358 2.0168424 1.2678876 1.2692573 1.9642146 1.0877448 1.5611500 1.9401719 3.8326535 4.3645789 2.7501424 1.3660383 1.2915468 2.2009765 1.7579533 1.3153800 2.0391541 2.2287428 1.9939705 1.9824518 1.8801942 1.4831908 2.0310247 2.3267333 1.5787497 1.7625752 1.6680196 2.4820157 1.9430065 3.1868805 2.8262840 2.6613804 2.8190480 2.4723268 2.6777047 2.3577286 2.1819085 2.7778054 2.3617377 3.4241417 2.2636957 2.7562112 2.9700644 3.0780116 2.6285076 2.1207729 2.6545953 2.9240057 2.7692120 2.5051760 2.8831998 3.0000799 3.1099011 2.0126628 2.1077190 3.5709248 2.5560216 2.2780089 1.5951850 2.2181923 3.1583921 
Xesp_023847-T1                                                     1.6300598 1.0299502 3.2577310 1.8704735 0.8221974 1.7383940 1.2468171 1.1532834 1.0620414 0.8533292 1.2122729 1.1328289 1.1809767 1.1911560 1.1465453 1.2390299 1.2555638 1.1816618 0.7175395 0.8208925 1.0270999 1.4464931 1.5681181 1.5176442 0.5609295 0.0193232 0.0000000 0.7520957 1.5569240 1.6448782 1.3479171 1.6359841 1.2158985 1.8845664 1.2505064 1.2582277 1.9080212 1.0804658 1.3445054 1.8177529 4.1634431 4.2246140 2.7451443 1.3616552 1.2641279 2.2140510 1.6677270 1.2500175 2.0344987 2.2462562 1.9530366 1.9420974 1.8601713 1.3889251 1.9295517 2.1743720 1.4627981 1.7017762 1.6862961 2.4094429 1.9791014 3.4114811 2.7144416 2.5708086 2.6700539 2.2894009 2.4354968 2.2786001 2.1427589 2.7826113 2.2870890 3.4073299 2.2636957 2.4558064 2.9806453 2.9826813 2.4958469 1.9197067 2.5903280 2.9624481 2.7309640 2.2700174 2.7742987 2.9114072 2.9488664 2.1696257 2.1535107 3.8218620 2.6241777 2.1515385 1.5493834 2.6313248 3.6640254 
Acagra_model.g6345.t1                                              0.9545192 0.8672880 6.3647401 0.7681332 0.6617085 0.7674852 0.5128272 0.6789277 0.7480022 0.7469024 0.7768588 0.7377802 0.7150911 0.7977715 0.7977715 0.7977715 0.7166595 0.8140036 0.7012636 0.7069918 0.6898826 0.7438726 0.6800139 0.8016083 0.8217429 0.8984256 0.7520957 0.0000000 0.5005274 0.5877631 0.5823384 0.6361109 0.8704276 0.9454407 0.8373746 0.7356031 1.0398713 0.8979358 0.7596288 0.9494373 4.3665515 6.3593150 4.0257785 0.9581272 1.1663194 1.3519110 0.9417037 1.1204139 1.3671700 1.5005413 1.6234090 1.5975044 1.4811971 1.4710208 1.4481005 1.6460129 1.3691407 1.3162422 1.4868139 1.5097472 1.1845042 9.0000000 9.0000000 1.9053756 2.0075625 2.3411353 2.3426676 2.2007521 2.1247441 2.3593240 2.4233379 2.0305232 2.1825948 3.0273317 3.1112481 2.3051387 2.5860774 2.5867197 2.7423301 2.9610380 2.5638031 2.5037744 2.4348045 2.4850883 8.9999987 2.9951626 1.8651370 6.4056761 6.8802614 2.0431098 0.9280249 2.7578557 3.5986943 
Cgig_XM_034481780.1                                                1.7945727 0.8558300 3.0769282 1.7127858 0.7150511 1.7729493 1.1391709 1.3970328 1.2595887 0.9291421 1.4960883 1.3789166 1.3511233 1.4640982 1.4014583 1.4039717 1.3685853 1.2665467 0.6126561 0.7133688 1.0778186 1.4364909 1.4278050 1.5128917 1.4106951 1.5785852 1.5569240 0.5005274 0.0000000 1.3960047 1.2648104 1.2751798 1.1826122 1.8510240 1.0677979 1.1494873 1.8079329 1.1061240 1.4340302 1.8393371 4.0570048 3.8800185 2.6945516 1.2329877 1.1195896 2.5885404 1.6357035 1.3603188 2.2750911 2.4041421 2.0442085 2.0442026 1.9632725 1.5532212 1.8483720 1.8988483 1.5090849 1.9270904 1.5910307 2.4999302 2.1511946 3.2371315 2.7057279 2.5696137 2.5448980 2.0445924 2.5509247 1.9574944 2.3594811 2.5427188 2.2563931 2.8613331 2.7748903 2.8661408 2.7996325 3.0137869 2.6027088 2.1558075 2.8435197 3.1615391 2.6173528 2.6032452 3.4845544 3.3725640 3.3933917 1.2348446 2.0837315 3.1202455 2.4262544 2.1924237 2.0378801 2.5105569 4.2268458 
Hsap_ENST00000234296                                               1.7122128 0.6042829 2.9482603 1.8008926 0.7184944 1.7961292 1.3316759 1.4295434 1.4466873 0.8885515 1.5353352 1.4641311 1.4707063 1.5375638 1.4804288 1.5263564 1.6644183 1.4894726 0.7435194 0.6303079 1.0353561 1.4980766 1.4285040 1.5399823 1.5407180 1.6548223 1.6448782 0.5877631 1.3960047 0.0000000 1.3006023 1.4159859 0.9230544 1.5197420 0.8819167 0.9900830 1.5394629 0.9842032 1.3755907 1.6465552 3.5855743 3.8378439 2.5069567 1.1373485 1.0414658 2.2015941 1.5813961 1.4155376 2.4413716 2.4231183 2.1081673 2.0397795 1.9774122 1.5305824 1.9250010 2.2506395 1.5317935 1.7429335 1.8134938 2.4578844 2.0469748 2.7344887 2.3739204 2.5429916 2.8468846 2.1211763 2.8773335 2.0879344 2.0917158 2.6214241 2.0390632 2.8125539 2.4668633 2.8505322 2.8181729 3.4264483 2.8307565 2.0994468 2.7866958 3.2787778 2.8671733 2.4176985 3.1708228 2.9821161 3.7539262 1.9051751 2.3502114 3.1905792 2.6137621 2.3500319 1.8911050 2.6342282 3.2551021 
Bralan_BLAG12000713_1                                              1.3894205 0.7731529 2.4723289 1.6380584 0.6027238 1.5299555 1.0432215 1.2183543 1.1889366 1.0357210 1.2138690 1.3262674 1.2486184 1.2170727 1.1744138 1.2550207 1.2591170 1.1503969 0.5934523 0.6600894 0.9737516 1.4425271 1.4966341 1.3299573 1.1713299 1.3303238 1.3479171 0.5823384 1.2648104 1.3006023 0.0000000 1.2257594 0.9656695 1.6087977 0.9522278 0.9084615 1.5638531 0.8773745 1.1910625 1.5558551 3.4562289 3.0818817 2.8623127 1.0662268 1.0943749 2.1098585 1.6251538 1.2713834 2.1400587 2.1891179 1.9900509 2.0131602 2.0115098 1.5030095 1.9600110 2.2186089 1.5702625 1.7385340 1.6360511 2.4587657 2.1201878 3.1942642 2.7301282 2.7044068 2.6177722 2.1553269 2.4406269 2.0428203 1.9694708 2.3921739 2.0012839 2.8346561 2.2682463 2.6745804 2.6199944 2.8746605 2.3786809 1.9779449 2.7150093 2.9592175 2.2690358 2.3732087 3.0075481 2.8818254 3.4428468 1.6880792 2.3606636 2.9607210 2.4085214 2.1992500 1.5953733 2.3906861 3.2531135 
Spur_XM_030990827.1                                                1.6416116 0.7545330 2.6504663 1.8350250 0.6798323 1.7438664 1.0286113 1.5083655 1.4247510 0.9416801 1.5411834 1.4036461 1.4596542 1.7406058 1.6592469 1.7251853 1.6053052 1.4625029 0.6686730 0.6750421 0.9251389 1.2724242 1.3677770 1.4145018 1.4820865 1.6070387 1.6359841 0.6361109 1.2751798 1.4159859 1.2257594 0.0000000 0.9548266 1.7317957 0.9099486 1.0811225 1.8360825 0.9735560 1.3299102 1.8197446 3.9056539 4.2279242 2.7130839 1.1421222 1.1554121 2.5801184 1.6981418 1.3584090 2.3830421 2.5816497 2.1581839 2.1659708 2.0719449 1.6064071 2.0529116 2.3050602 1.7042275 1.9374435 1.6151090 2.2709505 1.8628193 3.0633834 2.6705377 2.6079592 2.7529691 2.2690140 2.4634217 2.1331289 2.3746267 2.8235039 2.3191637 3.1416064 2.3209658 3.2685879 3.0527972 2.9855982 2.9912986 2.0543746 3.0594554 3.2608309 2.6016990 2.2547946 3.0744409 3.1599356 3.7336406 1.6968647 2.0399280 3.0333179 2.8752452 2.1997883 1.8824018 2.2059457 3.3801423 
Bolinf_Binf_sb1193716                                              1.1257691 0.9451133 9.0000000 1.0716283 0.9638741 1.0024303 1.0299790 1.0126699 1.0883258 1.0579657 1.0947629 0.9865176 1.0022148 1.1711303 1.0755526 1.0871296 1.1142942 1.1393890 1.0964611 1.0158259 0.8865145 0.9408247 0.9753571 0.9975633 1.0727370 1.2333358 1.2158985 0.8704276 1.1826122 0.9230544 0.9656695 0.9548266 0.0000000 0.0852400 0.0781282 0.1896326 0.2653794 0.3157631 0.2288575 0.3970348 5.9519161 3.7215732 5.9519161 0.4058691 1.2755871 1.6758427 1.2633037 1.3497162 1.5558145 1.7721230 1.6004602 1.5692835 1.5798313 1.5888572 1.5950345 1.3963512 1.6386571 1.5752724 1.5028470 1.5215059 1.4453956 0.0000010 0.0000010 1.7403685 1.8920609 1.9309343 1.9272514 2.1200182 2.0229976 2.2577468 2.2985917 2.1442281 1.9887402 2.4956864 2.6752236 1.8814268 2.0029206 1.4591354 2.6737779 2.7510448 2.1823417 1.9487360 2.6633608 2.3401163 0.0000010 1.2141868 1.7136664 4.2953855 2.2144277 1.6495807 1.1217747 4.1209376 1.4295069 
Mlei_ML0609.g6.i1                                                  2.0810057 0.9665243 3.3114930 2.0046807 0.9993941 1.8778580 1.8786613 1.6989621 1.6443613 1.0809468 1.8125912 1.7737408 1.6778607 1.7443636 1.6511944 1.7021141 1.7757592 1.8164887 1.1215947 1.0452698 1.2394172 1.6415249 1.7377173 1.6173601 1.7630615 2.0168424 1.8845664 0.9454407 1.8510240 1.5197420 1.6087977 1.7317957 0.0852400 0.0000000 0.0056664 0.2240031 0.3158541 0.3215341 0.2987868 0.4788398 1.0421923 0.9156325 1.5804495 0.5213998 1.6063914 2.2992229 1.9706605 1.5849557 2.5052851 2.7220205 2.1504365 2.1268009 2.1793352 1.9384092 2.3633854 2.6208242 1.6879714 1.9726657 1.7258097 2.3460454 2.3065172 1.1082732 0.9817708 2.3602056 2.3553048 1.8820652 2.4960478 2.1658575 1.9936128 2.4681188 2.1788685 2.6796405 1.8872897 2.4821672 2.3629688 2.8544688 2.5654645 2.0149894 2.7332935 3.2669319 2.5312683 2.2124946 3.3081742 2.9333611 1.0702896 1.9770162 2.3451800 3.3194289 3.1897361 2.0500193 1.9086624 2.8815040 5.3335587 
Vmul_sbMO362357                                                    1.0848571 0.9374444 9.0000000 1.0370955 0.9984053 1.0262252 0.9700289 0.9925599 1.0653884 1.0809468 1.0723932 1.0010152 0.9955709 1.1051231 1.0189032 1.0237441 1.0908087 1.1337737 1.0995206 1.0147101 0.8569970 0.9080877 0.9484630 0.9061405 1.0572244 1.2678876 1.2505064 0.8373746 1.0677979 0.8819167 0.9522278 0.9099486 0.0781282 0.0056664 0.0000000 0.1587828 0.2428311 0.2907719 0.1694111 0.3916599 5.9519161 3.7215732 5.9519161 0.3831588 1.2294100 1.5384299 1.2150654 1.3103277 1.4091457 1.6090993 1.5325306 1.5044511 1.4641196 1.4724974 1.4941303 1.4059744 1.5679411 1.4457518 1.4178992 1.4274770 1.3646128 0.0000010 0.0000010 1.6184779 1.8095159 1.7281074 1.7857937 2.1352907 2.0457066 2.1884387 2.2185156 2.2056716 1.9044673 2.3899841 2.6163264 1.7477585 1.9637789 1.4701360 2.4560371 2.6068388 2.1593434 1.8529497 2.6246839 2.2347596 0.0000010 0.9518162 1.7136664 3.8958880 1.3117789 1.5026855 0.9876213 3.9793776 1.4295069 
Drygla_Dgla_sb291091                                               1.1560142 0.9337492 2.2310270 1.1136247 0.8966220 1.0216014 1.0836943 0.9199366 1.0029261 0.9802986 1.0115902 0.9347196 0.9660703 1.1166224 1.0474970 1.0396299 1.0064299 0.9997207 1.0098189 0.9252325 0.7523069 0.8641615 0.9683291 0.9249435 1.0223214 1.2692573 1.2582277 0.7356031 1.1494873 0.9900830 0.9084615 1.0811225 0.1896326 0.2240031 0.1587828 0.0000000 0.2947271 0.4043826 0.2709328 0.4794814 1.8330612 3.4309670 1.7593475 0.4746882 1.2690066 1.5459162 1.2475176 1.3255959 1.4923925 1.7537930 1.2955699 1.3014776 1.2994224 1.3035170 1.2713833 1.1050521 1.4076924 1.3192834 1.7266287 1.7411896 1.7011283 1.7977792 0.5796133 1.5781628 1.6177886 1.6237883 1.6783143 1.8299469 1.9644033 1.9332577 1.9149970 1.9331532 1.8654257 2.5034916 2.3554561 1.7831247 1.7069798 1.4265509 2.0390483 2.2013402 1.9058011 1.7226762 2.2849816 1.8888395 0.8345687 1.1754737 1.9054194 2.9482664 1.5223143 1.7293891 1.1530821 2.6186629 9.0000000 
Lampan_Lpan_C411043_01                                             2.1015738 1.0223507 3.6621427 2.0564444 1.0259519 1.8450059 1.8818852 1.7101482 1.6943639 0.9692883 1.7844344 1.8165903 1.7225807 1.7636720 1.6659018 1.7647692 1.8681698 1.8731511 1.1264681 0.9218019 1.2639958 1.7248724 1.7285507 1.6687360 1.7266949 1.9642146 1.9080212 1.0398713 1.8079329 1.5394629 1.5638531 1.8360825 0.2653794 0.3158541 0.2428311 0.2947271 0.0000000 0.4635470 0.4776908 0.5104620 1.0671856 0.8996455 1.7297157 0.5556861 1.7055138 2.3430744 2.1430790 1.8038007 2.5650208 2.6906660 2.1367757 2.1073830 2.1672006 1.8687875 2.3528387 2.6336889 1.7633365 1.9776403 1.7385567 2.2520583 2.0857821 1.0676402 0.9540005 2.4251725 2.4850964 2.1214616 2.5659969 2.1214998 2.1776538 2.4310402 2.2766788 2.6580913 1.9645594 2.7313448 2.4692474 2.8130357 2.4908192 2.2687256 2.8758059 3.3429762 2.5197398 2.2681160 3.2610514 2.8087105 1.0726708 2.2122816 2.1033780 3.3536026 3.2036325 2.3760020 1.9548756 3.1088238 5.4267190 
Eupdun_Edun_sb10613811                                             1.1621306 1.0051451 1.3584028 1.1772944 0.9614442 1.0384318 1.0012707 0.9859707 1.0613388 0.7361051 1.0120540 0.8947683 1.0051988 1.0824972 1.0178263 1.0224444 1.0766662 1.1872837 1.1739031 0.8794281 0.8054941 0.9616378 1.0818139 0.9906232 1.0251930 1.0877448 1.0804658 0.8979358 1.1061240 0.9842032 0.8773745 0.9735560 0.3157631 0.3215341 0.2907719 0.4043826 0.4635470 0.0000000 0.3721480 0.5141105 2.0514482 4.4240113 2.0514482 0.5792989 1.2372478 1.5470084 1.2002019 1.4872961 1.5142336 1.6275613 1.3921417 1.3917137 1.4115759 1.4195778 1.2288446 0.6762434 1.2688126 1.4270726 1.6179260 1.5376127 1.5299739 0.0000010 0.0000010 1.5828802 1.7427537 1.6268669 1.6500839 2.0004932 2.0540750 2.3074929 2.2614944 2.1530379 1.9915896 2.7514478 2.3674454 1.8166679 1.7939399 1.5119033 1.9175309 2.3587194 1.8898155 1.7580874 2.4077981 2.0916745 0.4256680 0.9809489 2.5985461 2.6954031 1.4784836 1.8636002 1.1192715 2.0845643 1.4295069 
Beraby_Baby_sb322170                                               1.6404782 0.5521282 2.8618287 1.6341131 0.8631693 1.5215273 1.3138914 1.4320542 1.5103451 0.0000010 1.4394317 1.3966390 1.4842952 1.5423454 1.4222943 1.4277436 1.3903429 1.4759560 0.8956417 0.6851279 1.1693292 1.1925435 1.3242141 1.3027233 1.4420162 1.5611500 1.3445054 0.7596288 1.4340302 1.3755907 1.1910625 1.3299102 0.2288575 0.2987868 0.1694111 0.2709328 0.4776908 0.3721480 0.0000000 0.6186211 1.3378704 3.2668005 1.3378704 0.5473900 1.6542064 1.9709980 1.6479530 1.5948869 1.9766174 2.1686527 1.7251245 1.6993379 1.6110851 1.6187661 1.6601851 2.0657814 1.7002110 1.5103034 1.9185116 2.2951228 1.7469459 1.6446232 1.2181838 1.7959371 1.8991811 1.9381356 1.8547383 2.0428799 1.6824145 2.3744459 2.3193947 2.1234623 1.9816229 2.8586904 2.1599231 2.0093014 2.2816252 2.0612383 2.1144701 2.4732675 2.1568044 1.9667794 2.6053315 2.1595242 1.1136250 1.5555772 2.4536712 2.1724009 2.0928065 2.0537900 1.6300501 2.4043845 5.2471895 
Horcal_Hcv1.av93.c3.g473.i1                                        1.9972763 0.8559941 3.3454588 1.9249898 0.9290500 1.7874708 2.1164882 1.6362275 1.5985780 0.9188986 1.7405910 1.8167789 1.7038909 1.7101120 1.6455557 1.6720607 1.7716251 1.8223108 0.9742832 0.8239695 1.3004484 1.7852044 1.7251717 1.5648762 1.6651791 1.9401719 1.8177529 0.9494373 1.8393371 1.6465552 1.5558551 1.8197446 0.3970348 0.4788398 0.3916599 0.4794814 0.5104620 0.5141105 0.6186211 0.0000000 0.3728834 0.3215286 0.7950791 0.0664532 1.6317244 2.3849324 2.1035654 1.7830934 2.6241121 2.9835542 2.2901930 2.2480633 2.3117235 1.9830416 2.4394260 2.6761921 1.7406123 1.9829108 1.9487650 2.3944988 2.2111388 1.0230379 1.0013751 2.6145623 2.3592522 2.2070833 2.7818014 2.2179104 2.0988685 2.4163472 2.2019404 2.3978321 2.1118260 2.6169790 2.4366930 2.7940226 2.6359280 2.0665499 2.7548605 3.4760122 2.6060135 2.2603916 3.2790208 3.1559261 1.2107461 2.3651926 2.5642262 3.4269003 3.1257563 2.2979056 1.8798306 3.1458589 5.4498857 
