118
Emue_Em0012g171a.t1                                    0.0000000 0.1505296 0.1402139 0.1441263 0.1853774 0.6910753 0.7034806 0.6764096 0.7124425 0.7721624 1.2438979 1.5521132 0.9943585 1.2459706 1.4038053 0.8218594 1.4024202 1.5945472 1.3603227 0.8584562 1.4214038 1.2064633 1.1268807 1.5097118 1.1870220 1.2389181 1.1878685 1.0679243 1.2542429 1.1111154 1.1989956 1.2482187 1.2678508 1.2648316 1.4294205 1.3695347 1.1771977 1.2025330 1.4693758 1.4362104 0.6941155 1.4593120 1.1437026 1.2207826 1.2286351 1.2907750 1.4874414 1.2160522 1.2328292 1.3069031 1.1579502 1.2195904 1.2960935 1.5367162 1.3946213 1.3639724 1.8430880 1.4305766 1.4991631 1.1882797 1.1935224 0.7985190 1.1561593 1.0360829 1.0360829 1.2851130 1.2829434 1.3089224 1.7445159 1.7663987 1.6901293 1.6901293 1.9067372 1.7591348 2.2695070 2.2695070 1.8166534 2.1526799 1.7292395 1.7292395 2.2630696 1.5042413 1.1811182 1.9761665 3.0518841 1.6822013 1.7183527 1.5533188 1.5041838 1.6909489 1.3774067 1.5584846 1.3271479 1.5131504 1.6662909 1.6766094 1.7966291 1.2072877 1.7629158 1.6587477 2.4655416 1.7354051 1.9551842 1.5329881 1.9077122 1.7931160 1.6329415 1.7294387 1.9465157 1.9101682 1.7747066 1.7832885 1.7529325 1.8315782 1.9273409 2.0947289 1.9721692 4.6711017 
Spolac_c103349_g1_i3_m.33799c103349-g1                 0.1505296 0.0000000 0.0000010 0.0164144 0.0385150 0.6751614 0.6923678 0.6618422 0.6815967 0.7431736 1.2158463 1.4841530 0.8382478 1.2315624 1.3775252 0.8401952 1.3461738 1.6030667 1.3550828 0.8078330 1.3461055 1.1307841 1.1063400 1.5573860 1.1266257 1.1585650 1.1409568 1.0309030 1.1417521 1.0145969 1.1284287 1.1722807 1.1509652 1.2058000 1.3616826 1.2912819 1.1066381 1.1456211 1.4270471 1.3836779 0.6411822 1.4560270 1.0875198 1.2059998 1.0441655 1.2375677 1.4429909 1.1583346 1.1480179 1.2217695 1.0911441 1.1481336 1.1909701 1.4031380 1.5962100 1.2777879 1.8163144 1.3318150 1.3864699 1.1917008 1.1966752 0.8067849 1.1292949 0.9946391 0.9946391 1.2780923 1.1894198 1.2815302 1.4591240 1.6032475 1.6415081 1.6415081 1.8144845 1.7360061 2.0902931 2.0902931 1.8410072 2.0747904 1.5192794 1.5192794 2.1185798 1.5394009 1.1436628 1.8464726 2.7885990 1.6059312 1.6431038 1.4703139 1.4043167 1.6149644 1.2874918 1.5046855 1.2867149 1.4923099 1.6996534 1.5515971 1.6595704 1.1322499 1.7789190 1.7020887 2.2621631 1.5734532 1.5743192 1.4015575 1.8119511 1.7664671 1.5636632 1.6297970 1.8274489 1.8275630 1.7273365 1.7710147 1.6222106 1.8232413 1.9063807 2.0387693 1.9847790 4.9536646 
Spolac_c103349_g1_i2_m.33796c103349-g1                 0.1402139 0.0000010 0.0000000 0.0000010 1.5909997 0.5379453 0.4743946 0.4795877 0.5131672 0.5931151 0.9313419 0.9073986 0.8382478 0.9039570 1.0750187 0.8401952 0.9960563 0.9865438 1.0093709 0.8078330 1.2056995 0.8671820 0.8135528 1.5573860 0.8972733 0.8875373 0.8594648 0.8384130 0.9031542 0.9224967 0.8785652 0.8983805 0.8685420 0.8780467 1.0565513 0.9661057 0.8225273 0.8601542 1.0088378 1.0136227 0.6411822 1.0490442 0.8682826 0.9156021 0.9843778 0.9326034 0.9939608 0.9407332 0.9462194 0.9830668 0.8602221 0.8714959 0.9877624 1.2919620 1.6267275 1.0099257 1.0469298 1.0705916 1.1724046 0.9232645 0.9303247 0.8067849 0.8241231 0.9946391 0.9946391 1.0290190 1.1894198 1.0711382 1.4591240 1.6032475 1.6415081 1.6415081 1.5712555 1.7360061 1.5752719 1.5752719 1.6155076 1.5732856 1.5192794 1.5192794 1.6049812 1.3778600 1.1436628 1.4706929 1.7910569 1.2144316 1.2692942 1.2267173 1.0518416 1.2065234 1.0429265 1.2853757 1.2558894 1.1915491 1.4972801 1.1619380 1.3005377 1.0645404 1.7007936 1.6352430 2.3949846 1.3336515 1.6217999 1.2119250 1.4376467 1.4024738 1.3371243 1.4749969 1.6702795 1.6705516 1.4120827 1.5414562 1.4660570 1.5783080 1.5491401 1.5303129 1.2425802 5.1255141 
Spolac_c103349_g1_i4_m.33801c103349-g1                 0.1441263 0.0164144 0.0000010 0.0000000 0.0164144 0.9771972 0.7161558 1.0623766 1.0244602 1.0900230 1.9739951 2.3070992 0.0000010 2.0704946 2.2201020 0.0000010 2.4730082 2.2625204 2.4651726 0.0000010 1.7390780 1.7169358 1.7600909 0.0000010 1.6391738 1.7361371 1.6903799 1.4156807 1.6300144 1.1669098 1.7321088 1.7652664 1.7781065 2.0407199 2.1063386 1.9672141 1.9083614 1.8246194 2.7563701 2.5306592 0.0000010 2.5134267 1.4905147 1.8785118 9.0000000 2.0088636 2.8163095 1.6211087 1.5591482 1.6820786 1.6619923 1.6392486 1.5935961 1.6380676 1.8858809 2.0107555 4.5763901 2.1226128 1.9917384 1.8809621 1.8809621 0.0000010 1.5734694 0.0000010 0.0000010 2.0536532 0.0000010 1.8302506 0.0000010 0.0000010 0.0000010 0.0000010 2.5879906 0.0000010 3.5367652 3.5367652 3.3229908 3.5590897 0.0000010 0.0000010 3.5747536 9.0000000 0.0000010 2.9819066 7.0261796 2.2943069 2.3198341 1.8110832 2.1550698 2.3440856 1.5491959 2.1431807 9.0000000 2.5096078 2.2688649 2.4839200 2.4839200 5.8283695 9.0000000 9.0000000 2.3499304 2.3499304 0.0000010 1.6863578 2.9750636 2.8435859 2.1261404 1.9756266 2.1261404 2.2492427 2.4753347 2.2846939 2.2444583 2.1338590 3.3400190 3.3761374 2.4120580 4.7376852 
Spolac_c103349_g1_i2_m.33797c103349-g1                 0.1853774 0.0385150 1.5909997 0.0164144 0.0000000 0.9663228 0.7516960 1.0456354 0.9920195 1.0336126 1.8699775 2.1760005 1.4182871 1.9551464 2.0671257 0.0000010 2.1927403 2.0044020 2.2477031 2.4027575 1.6688139 1.7132775 1.7453875 0.0000010 1.5847486 1.7152888 1.7099287 1.4683972 1.6279584 1.2430698 1.6835054 1.7245731 1.7239173 1.9404203 1.9651993 1.9205619 1.6965685 1.7675779 2.3696419 2.2115920 1.7776103 2.3636072 1.5211900 1.7702450 1.7549803 1.8966244 2.4770473 1.6254730 1.5729593 1.6788859 1.6100861 1.6424335 1.5986959 1.6073990 1.6163855 1.8593057 3.9636399 1.9523053 1.7778086 1.8019666 1.8019666 0.0000010 1.4877124 1.8955824 1.8955824 1.8608104 0.0000010 1.7714647 0.0000010 2.2558123 0.0000010 0.0000010 2.4784055 0.0000010 3.3596660 3.3596660 2.3236519 3.2103921 0.0000010 0.0000010 3.2765561 2.3930297 2.3388885 2.7302449 6.1630677 2.4142152 2.4444030 2.0302851 2.3674677 2.4791725 1.8285842 2.2097293 1.5132966 2.2826765 2.0727588 2.6505754 2.6505754 8.9999989 4.1835215 4.1835215 2.2385535 2.3103091 3.7274257 1.8319576 2.6453084 2.6544559 1.9683700 1.8555054 1.9683700 2.2437570 2.4094462 2.2694329 2.0032988 2.0204923 2.7099494 3.4690633 2.2364842 4.7485359 
Aque_Aqu2.1.26155_001                                  0.6910753 0.6751614 0.5379453 0.9771972 0.9663228 0.0000000 0.0247903 0.0884678 0.2196100 0.6844551 1.1791409 1.3974521 0.6879183 1.1783001 1.2302324 0.8452699 1.2955515 1.4679318 1.3227035 0.7938491 1.3629860 1.0521745 1.0895780 1.5299713 1.0723363 1.0621514 1.0045564 0.9700343 1.0519566 0.9375103 1.0139875 1.0627689 1.1278990 1.0979588 1.2402690 1.2042901 1.0495045 1.0956926 1.3538076 1.2976988 0.6571533 1.3175248 1.0618030 1.1276714 1.0147854 1.1667241 1.3755361 1.0740867 1.0853102 1.1644357 1.0594464 1.1583409 1.1590519 1.4291347 1.2425936 1.1988530 1.6796515 1.3174077 1.4675305 1.2790712 1.2842787 0.9592025 1.3426260 0.9585620 0.9585620 1.2484768 1.1161259 1.2196394 1.3577699 1.4696649 1.3827535 1.3827535 1.6550940 1.5912390 2.0346979 2.0346979 1.5812868 1.9832999 1.3420445 1.3420445 2.0264829 1.2445988 0.9515655 1.7518154 2.6772257 1.6209635 1.5911101 1.5122911 1.3760884 1.6185744 1.2700825 1.5600643 1.1995783 1.4184724 1.6088685 1.4685349 1.6522042 0.9388372 1.5364941 1.5075208 2.4192012 1.6545309 1.3685639 1.5294626 1.8552909 1.6363658 1.5329894 1.6225665 1.8033874 1.7791767 1.8327273 1.8241506 1.5829181 1.7050193 1.7127147 1.9290056 1.9916752 4.9301500 
Aque_Aqu2.1.04207_001                                  0.7034806 0.6923678 0.4743946 0.7161558 0.7516960 0.0247903 0.0000000 0.1058597 0.2227805 0.7710095 1.6027409 1.7341711 0.0000010 1.7024511 1.6928405 0.0000010 1.9256851 1.7509708 1.8699686 0.0000010 1.8931600 1.3815557 1.3546373 0.0000010 1.3386805 1.3470515 1.2224039 1.3028101 1.2852537 1.2381379 1.3375587 1.3058026 1.3038221 1.4371570 1.4382907 1.6214805 1.4086303 1.4865540 1.7041636 1.6821159 0.0000010 1.7438418 1.2739825 1.3342265 0.7148469 1.5373686 1.6769920 1.2778937 1.2766052 1.3820679 1.2477517 1.4545177 1.3433067 1.3512412 1.2757283 1.3978943 3.3086047 1.7006341 1.8068230 1.3595443 1.3595443 0.0000010 1.3110426 0.0000010 0.0000010 1.5686578 0.0000010 1.4454656 0.0000010 0.0000010 0.0000010 0.0000010 2.5075350 0.0000010 2.6314238 2.6314238 1.9069916 2.5564848 0.0000010 0.0000010 2.4890539 1.5673089 0.0000010 2.2506551 6.6264043 2.0194012 1.9774183 2.0966211 2.0049345 1.9635825 1.9605009 1.9460367 1.3984835 1.7514895 1.3990457 2.0032046 2.0032046 5.8494116 9.0000000 9.0000000 2.0741596 2.0741596 0.9421139 1.8301659 2.1334744 1.9528504 1.7604290 1.9076410 1.7604290 1.7467760 1.7501199 1.6963473 1.7081812 1.9174552 2.2607478 2.6717325 1.8121324 4.8627093 
Halamb_c46427_g1_i1mm.1949                             0.6764096 0.6618422 0.4795877 1.0623766 1.0456354 0.0884678 0.1058597 0.0000000 0.1833561 0.6645518 1.1446848 1.3681403 0.6700712 1.1360624 1.2348161 0.8542098 1.3027673 1.4739079 1.3113630 0.7645850 1.3255526 1.0171211 1.0499875 1.5027695 1.0830645 1.0842348 1.0268760 0.9549145 1.0300081 0.9283314 1.0079207 1.0311227 1.0942721 1.0788303 1.2120741 1.2011501 1.0385164 1.0902087 1.3244690 1.2686062 0.6003214 1.2983043 1.0120317 1.1087230 1.0580888 1.1397239 1.3467910 1.0480487 1.0683077 1.1433959 1.0320625 1.1196127 1.1386303 1.4107502 1.2340658 1.1843258 1.6769973 1.3316028 1.4693510 1.2614665 1.2666367 0.9526772 1.3073789 0.9379424 0.9379424 1.2583111 1.0413379 1.1939550 1.3090458 1.4312116 1.3579998 1.3579998 1.6354248 1.5359618 1.9771223 1.9771223 1.5310088 1.9433776 1.3072939 1.3072939 1.9967209 1.2328441 0.8663810 1.6754234 2.6082274 1.5683372 1.5433225 1.4551047 1.3486057 1.5778206 1.2279137 1.5166844 1.2084757 1.4076117 1.5811091 1.4329080 1.5952548 0.9286678 1.5648823 1.4718080 2.3263466 1.5388178 1.3391505 1.4578355 1.8177857 1.5759260 1.5078090 1.5997550 1.7904891 1.7436962 1.7677485 1.7413013 1.5310336 1.6888918 1.6608313 1.9141927 1.9658037 4.5493057 
Xestes_maker-XT_scaffold4980-augustus-gene-0.35-mRNA-1 0.7124425 0.6815967 0.5131672 1.0244602 0.9920195 0.2196100 0.2227805 0.1833561 0.0000000 0.7452213 1.1070987 1.3200499 0.6759567 1.1053905 1.2188377 0.7643601 1.2485616 1.4276670 1.2331768 0.7397203 1.2183459 1.0833928 1.1124890 1.1478796 1.1462594 1.0736440 1.1211364 0.9864954 1.0946761 0.9210851 1.0407935 1.1180548 1.1389335 1.1216681 1.2637173 1.2562811 1.0916694 1.1781711 1.3680316 1.3007817 0.6860572 1.2916639 1.0421188 1.1325267 1.0316586 1.1415548 1.3670473 1.1152449 1.1416119 1.2365388 1.0651440 1.1910039 1.2064399 1.4650623 1.2188489 1.2321177 1.8118389 1.2566065 1.3647827 1.3335583 1.3391883 0.9274250 1.3246210 0.9724400 0.9724400 1.2794264 1.1289342 1.2352546 1.3766524 1.4796049 1.5579191 1.5579191 1.6940632 1.7536588 2.1237342 2.1237342 1.5644021 2.0473153 1.3485649 1.3485649 2.1182897 1.3288157 0.9289396 1.7483857 2.7731893 1.5732311 1.5517877 1.4415469 1.2939476 1.5898185 1.2008036 1.4982972 1.0976453 1.3858824 1.5825022 1.4908329 1.5600858 0.8090369 1.3190375 1.5545875 2.2947646 1.4546512 1.4729422 1.4584949 1.7298817 1.5992279 1.5142065 1.6413618 1.7448621 1.6952891 1.6906381 1.6547254 1.4629566 1.6860276 1.6592594 1.8869091 1.8489968 4.8903676 
Plespi_Pspi_C615778_01                                 0.7721624 0.7431736 0.5931151 1.0900230 1.0336126 0.6844551 0.7710095 0.6645518 0.7452213 0.0000000 1.0287185 1.2953099 0.7252387 1.0261457 1.1506160 0.7794021 1.1529449 1.2910672 1.1747088 0.8028906 1.2556800 1.0712760 0.9702266 1.3180495 0.9448724 1.0262174 0.9856345 0.8321676 1.0333756 0.8510464 0.9533972 1.0743788 1.0912816 1.0724430 1.1995536 1.1694029 0.8715382 0.9244469 1.1552078 1.1530097 0.5994911 1.1944147 0.8557908 0.8809718 0.9841013 1.1160525 1.2051717 0.9516393 0.9584942 1.0340394 0.9239677 0.9591212 1.0364731 1.1913702 1.4668639 1.2490317 1.6085100 1.1426915 1.3668615 1.3180776 1.3234499 1.1236037 1.2980731 0.9791156 0.9791156 1.1178614 1.1162188 1.2030689 1.4662877 1.6242356 1.5300850 1.5300850 1.7379491 1.5492750 2.1367426 2.1367426 1.9672298 2.1071329 1.4117400 1.4117400 2.0828673 1.7358656 0.9753643 1.8208175 2.6312781 1.5284706 1.5308118 1.3866224 1.3656101 1.4979751 1.1784915 1.3984246 1.1945293 1.3448117 1.5839273 1.4398965 1.5723421 1.0740976 1.7968623 1.7285934 2.0952496 1.4634977 1.5532044 1.4009562 1.6323433 1.6014774 1.5351072 1.6073808 1.8469275 1.7378811 1.6453133 1.7670336 1.6078768 1.8223314 1.6373024 1.8287572 1.5701488 4.4667333 
Lcom_lcpid41790                                        1.2438979 1.2158463 0.9313419 1.9739951 1.8699775 1.1791409 1.6027409 1.1446848 1.1070987 1.0287185 0.0000000 0.4775993 0.3240468 0.3466061 0.7285420 0.4764915 0.7012937 0.6900330 0.7260910 0.4790718 0.7947662 0.9212092 1.0175409 0.8555028 1.0438132 0.9935190 1.0506973 1.0355598 1.1241194 0.9879798 1.0034174 1.1413331 1.1557402 1.0112443 1.2490031 1.2649492 0.9666649 0.9948993 1.2676189 1.2385136 0.6866395 1.2110729 0.9890081 1.0335009 1.2435563 1.1629922 1.2279800 0.9914702 1.0062993 1.0074660 0.9047159 1.0517263 1.1052857 1.2416015 1.5481610 1.2576211 1.5102748 0.8365614 0.8583590 1.6611132 1.6625803 1.2265895 1.6982050 0.7211643 0.7211643 1.1027053 1.1934350 1.1421082 1.3846404 1.5372870 1.3681144 1.3681144 1.6787775 1.5217133 1.8904626 1.8904626 2.0362448 1.9669586 1.3900038 1.3900038 2.0469330 1.8990870 1.1160696 1.8293148 2.6941842 1.4944170 1.5079718 1.5299325 1.4204666 1.5172305 1.2877343 1.4488327 0.8810363 1.4130138 1.6722048 1.3774468 1.5681998 1.0837459 1.6157333 1.5387321 1.9832256 1.4864615 1.7017012 1.5577293 1.7225650 1.6070425 1.5347956 1.6741196 1.8522802 1.6959444 1.5478776 1.7025921 1.6176256 1.7036116 1.8721142 1.9300696 0.5489423 4.5111469 
Gracom_Gcom_scaffold18824_01                           1.5521132 1.4841530 0.9073986 2.3070992 2.1760005 1.3974521 1.7341711 1.3681403 1.3200499 1.2953099 0.4775993 0.0000000 0.3118833 0.4397434 0.8734339 1.4123961 0.9605525 0.9307383 0.8938073 0.4834003 0.8179617 1.2026093 1.4021441 0.6987511 1.1513683 1.2026607 1.1578588 1.0980456 1.3757289 0.9894843 1.2351697 1.3098242 1.3576596 1.1565506 1.4096304 1.3134856 1.1932117 1.2452702 1.2726068 1.2366790 0.9272223 1.2884598 1.1609179 1.2657525 0.9607542 1.3146705 1.3578554 1.1873912 1.1858019 1.2480218 1.0541297 1.2823540 1.3335210 1.5711246 1.5044408 1.3408473 2.2832479 0.9574681 0.9046068 1.8493280 1.8526385 2.2637461 1.7680279 0.6239244 0.6239244 1.2335734 1.0665675 1.3938076 1.2188029 1.5968671 1.1792028 1.1792028 1.9172548 3.1276342 2.2974658 2.2974658 2.1279191 2.4039188 1.1420277 1.1420277 2.2697111 1.8140563 1.1844837 2.2647725 3.8838676 1.7982575 1.8269264 1.6605138 1.7575004 1.8017438 1.5773024 1.7150373 0.8116135 1.5054902 1.7366934 1.5873205 1.5746099 1.1272590 3.7835058 3.7835058 1.7606011 1.5129146 0.9525289 1.4416905 1.9202324 1.7562443 1.6231725 1.6900406 1.6629244 1.8240526 1.5225470 1.5690814 1.6694305 1.7240044 2.0790124 2.2248820 0.6620811 5.0047313 
Clacor_Ccor_C503881_01                                 0.9943585 0.8382478 0.8382478 0.0000010 1.4182871 0.6879183 0.0000010 0.6700712 0.6759567 0.7252387 0.3240468 0.3118833 0.0000000 0.3349706 0.4382708 0.0000010 0.5025168 0.4210669 0.5216239 0.3666590 0.5029319 0.7634426 0.7032618 0.6476683 0.6129988 0.6310286 0.6164763 0.5772444 0.6632797 0.6417226 0.5903469 0.7154945 0.6719953 0.6074791 0.7378030 0.6063375 0.5604726 0.6026735 0.6321294 0.5990768 0.5882274 0.6241719 0.5921650 0.6793492 1.2933417 0.6616207 0.6059379 0.6305508 0.6574009 0.6069105 0.5665655 0.5682299 0.8574400 1.5444837 0.0000010 0.8361525 0.9637874 0.6376003 0.6695101 1.5171554 1.5219346 1.2295273 1.2519591 0.4591343 0.4591343 0.8918846 0.1510965 0.9958411 0.7865850 1.5730390 0.8419420 0.8419420 1.4649281 0.0000010 1.3991132 1.3991132 2.1815096 1.6871564 0.6514527 0.6514527 1.4781402 2.0040912 1.1970406 1.5050560 1.8426683 0.9366159 0.9472343 0.9862570 0.9438066 0.9082702 0.9077095 1.5137601 0.7551055 1.0275439 1.4696098 1.0842933 1.0842933 0.5564756 5.2760102 5.2760102 1.8975552 1.2046153 0.6223713 1.0077389 1.1426815 1.1693987 1.2859555 1.3106618 1.2859555 1.5032431 1.4604751 1.3643203 1.4858187 1.3590130 1.4862040 1.4040119 0.2947604 5.8424069 
Scil_scict021807.1                                     1.2459706 1.2315624 0.9039570 2.0704946 1.9551464 1.1783001 1.7024511 1.1360624 1.1053905 1.0261457 0.3466061 0.4397434 0.3349706 0.0000000 0.7386494 0.5434324 0.7273538 0.7419775 0.7195560 0.5105820 0.7639632 0.9110038 1.0275738 0.7250900 1.0572431 0.9999903 1.0610164 1.0358391 1.0746123 0.9159984 1.0007330 1.1276655 1.1301662 0.9945269 1.2348189 1.1963961 0.9712297 0.9865182 1.2479573 1.2366563 0.6206790 1.2015882 1.0034243 1.0386332 1.1922823 1.1935432 1.2800457 0.9981145 1.0127471 1.0431665 0.9379480 1.0711647 1.1165155 1.2587221 1.6425049 1.2547805 1.5067988 0.8421796 0.9201397 1.6475392 1.6490239 1.1699132 1.6588548 0.7698347 0.7698347 1.0540798 1.1562001 1.3039387 1.3942484 1.5504731 1.4179542 1.4179542 1.6791866 1.5342037 1.9933114 1.9933114 2.1296607 2.0319489 1.3525939 1.3525939 2.0143947 1.8819414 1.1422384 1.8331242 2.8693672 1.5302812 1.5589953 1.5534147 1.5469039 1.5452563 1.3757314 1.3791598 0.8813737 1.3800003 1.6287941 1.4323581 1.5031727 1.1840739 1.7687860 1.7165775 2.0675973 1.4551806 1.6420824 1.4219665 1.7029044 1.5177671 1.4175080 1.5732180 1.6917476 1.7179450 1.5285955 1.6417088 1.5826688 1.7143498 1.7760936 1.9253218 0.5146596 5.1151884 
Lcom_lcpid53199                                        1.4038053 1.3775252 1.0750187 2.2201020 2.0671257 1.2302324 1.6928405 1.2348161 1.2188377 1.1506160 0.7285420 0.8734339 0.4382708 0.7386494 0.0000000 0.7608292 0.5499020 0.5126763 0.6168966 0.5380790 0.9063393 1.0817952 1.1882681 1.0244794 1.0858436 1.1628565 1.2097538 1.1448184 1.1943246 1.0991887 1.0658086 1.2967033 1.3395368 1.0838075 1.3382483 1.3980908 1.1829329 1.2505728 1.3715236 1.3156844 0.8530550 1.3708396 1.2019237 1.1876603 1.2521343 1.3047481 1.4213329 1.2311463 1.2389941 1.2810735 1.0704922 1.2382592 1.3176531 1.4966610 1.6148285 1.3366653 1.8471943 0.9147650 1.0405915 1.7830360 1.7845915 1.3259073 1.7782556 0.8662687 0.8662687 1.2711754 1.3386261 1.4540148 1.6501403 1.6887848 1.6947915 1.6947915 1.9292787 1.8711694 2.3271630 2.3271630 1.9834331 2.2359436 1.6913460 1.6913460 2.2159976 1.9170203 1.2496162 2.1299713 3.1133564 1.6540980 1.6822081 1.5815705 1.5218162 1.6205206 1.3770715 1.5371716 1.0260354 1.5471014 1.7165453 1.5807274 1.7055826 1.1882424 1.7702197 1.7673451 2.0428215 1.5184760 1.7195357 1.5242047 1.7500132 1.6161202 1.5205425 1.6073924 1.7392289 1.8261654 1.7455235 1.7644569 1.6432320 1.8285567 1.7755116 2.0092639 0.9999997 5.1586994 
Clacor_Ccor_C530417_01                                 0.8218594 0.8401952 0.8401952 0.0000010 0.0000010 0.8452699 0.0000010 0.8542098 0.7643601 0.7794021 0.4764915 1.4123961 0.0000010 0.5434324 0.7608292 0.0000000 0.7211666 0.5717486 0.6772373 0.5742996 0.9005599 0.6746177 0.6613784 0.8461665 0.8089054 0.7210003 0.8478216 0.8127454 0.8205470 0.8071121 0.8112298 0.9118558 1.0304768 0.8307086 0.9341476 0.9909510 0.6310099 0.6346091 1.0013815 0.9799970 0.5528481 0.9436883 0.8135271 0.7182609 3.6900745 0.8353394 0.9330672 0.7549838 0.7530386 0.7867128 0.7522980 0.7853125 0.7291109 0.6809300 0.5379093 1.1653177 0.7299196 0.8629752 1.0610803 1.2312161 1.2312161 1.0891536 4.1338168 0.8303959 0.8303959 0.9014862 1.3518024 0.9699532 1.6931537 1.6931537 1.6822389 1.6822389 1.7816591 1.7728168 1.9148455 1.9148455 0.0000010 1.7184079 1.6781452 1.6781452 1.8548514 0.0000010 1.0255579 1.5630893 1.5630893 0.9732165 1.0205107 0.9955691 0.7217028 1.0817134 0.8117736 1.1670164 1.0468135 1.2653770 1.3162794 1.1771882 1.5596260 1.2178665 1.3812811 1.3017073 5.7594667 1.5246639 3.0489496 1.4953235 1.5985847 1.5330963 1.4044135 1.6908306 2.5705871 1.6312074 1.4438134 1.5775428 1.5544381 0.0000010 1.5763746 1.5559167 0.0000010 4.5965394 
Gracom_Gcom_C557410_01                                 1.4024202 1.3461738 0.9960563 2.4730082 2.1927403 1.2955515 1.9256851 1.3027673 1.2485616 1.1529449 0.7012937 0.9605525 0.5025168 0.7273538 0.5499020 0.7211666 0.0000000 0.3478602 0.4091140 0.4082103 0.8274850 0.9819606 1.1059705 0.9323898 1.1013796 1.1234177 1.1336810 1.0327352 1.1217439 1.0697713 1.0674608 1.2357680 1.2709144 1.0758964 1.3368588 1.3269624 1.1588860 1.1825565 1.3111953 1.2894906 0.6678038 1.3139416 1.1210406 1.1305607 1.3365455 1.2437782 1.2738407 1.1209861 1.1407097 1.1783654 1.0423924 1.1536648 1.2278923 1.4018501 1.7746482 1.3454408 1.6140465 0.8897476 0.8812167 1.6774530 1.6789265 1.1843162 1.7739545 0.7645718 0.7645718 1.2561190 1.1164264 1.3065189 1.7111706 1.7887610 1.7563812 1.7563812 1.9636054 1.9667251 2.1925302 2.1925302 2.3907366 2.3733830 1.8179970 1.8179970 2.2318321 2.1718868 1.1826938 2.1069433 3.0175799 1.6063756 1.6291407 1.6354236 1.5020904 1.5948935 1.3893899 1.4776160 1.0474638 1.4254156 1.5837183 1.6110515 1.7096278 1.1669225 1.6990831 1.7322340 2.1559083 1.5228163 1.5909737 1.4887167 1.8041435 1.6623824 1.5238803 1.5903296 1.8393133 1.7727156 1.6303273 1.6480299 1.6098153 1.8619247 1.8043321 2.1313409 1.1763088 5.1471054 
Leuniv_Lniv_scaffold25717_01                           1.5945472 1.6030667 0.9865438 2.2625204 2.0044020 1.4679318 1.7509708 1.4739079 1.4276670 1.2910672 0.6900330 0.9307383 0.4210669 0.7419775 0.5126763 0.5717486 0.3478602 0.0000000 0.4198558 0.5717486 0.7233501 1.2516829 1.3961368 1.6154892 1.1779620 1.2966672 1.2514882 1.1299164 1.3139138 1.2080187 1.1568709 1.4019623 1.4305224 1.1397139 1.4665014 1.5853361 1.3879361 1.4915452 1.3963334 1.3969436 1.2763232 1.5101238 1.2941773 1.3115427 1.0590100 1.4868704 1.5774063 1.2662008 1.2635512 1.2713913 1.2149491 1.4248692 1.5073168 1.5141860 1.7041094 1.4557543 2.2095186 0.9574638 0.8188202 1.9402773 1.9433215 0.5717486 1.8063077 0.4614621 0.4614621 1.4406548 0.5717486 1.4524621 0.6743375 2.6429366 0.6743375 0.6743375 2.3326185 0.6743375 2.4771229 2.4771229 2.3959533 2.9035920 0.6743375 0.6743375 2.6178139 2.2582023 1.7647527 2.4734514 5.3432989 2.0035824 2.0160293 1.8980560 2.0460256 2.0413445 1.7894713 1.5963435 0.8950114 1.6754933 1.9007100 1.7252199 1.7252199 1.0799005 3.3688829 3.3688829 1.6176384 1.5479738 0.8083248 1.6276890 2.1899698 1.9666987 1.9139868 1.8189456 1.9139868 2.0148865 1.7685017 1.8604011 1.9193630 1.9666161 2.0882668 2.8423067 0.9994022 4.8721632 
Scil_scict003144.1                                     1.3603227 1.3550828 1.0093709 2.4651726 2.2477031 1.3227035 1.8699686 1.3113630 1.2331768 1.1747088 0.7260910 0.8938073 0.5216239 0.7195560 0.6168966 0.6772373 0.4091140 0.4198558 0.0000000 0.4128088 0.8339769 1.0333116 1.1462219 0.8699619 1.0956350 1.0560784 1.1261370 1.0536684 1.1713877 1.0814887 1.0493296 1.3052801 1.2722367 1.1071448 1.3447269 1.3226526 1.1482766 1.2264730 1.3867924 1.3391863 0.6801934 1.3099053 1.1708775 1.1532840 1.4506685 1.2497717 1.3565104 1.1313405 1.1350521 1.1951866 1.0133401 1.1493201 1.2261944 1.3877101 1.9796728 1.3817477 1.6758871 0.8958441 0.8887232 1.8448782 1.8465225 1.1967503 1.9307778 0.7875216 0.7875216 1.2168017 1.1394553 1.2985485 1.6034205 1.7636053 1.6392390 1.6392390 1.9253225 1.7751670 2.1893556 2.1893556 2.3281007 2.3077459 1.6324826 1.6324826 2.2047747 2.1664622 1.1457331 2.0918133 3.0725082 1.6232228 1.6603815 1.6682316 1.5959372 1.6197899 1.4294600 1.4571471 1.0236018 1.4742405 1.4661246 1.5358602 1.6219724 1.2027178 1.8893379 1.8631229 2.2974326 1.5624648 1.5218595 1.4891426 1.7008004 1.6026841 1.6336512 1.6853861 1.9843469 1.6616457 1.5454086 1.5685998 1.5677463 1.8918295 1.7666243 2.0141203 1.1404032 5.1117208 
Leuniv_Lniv_scaffold25716_01                           0.8584562 0.8078330 0.8078330 0.0000010 2.4027575 0.7938491 0.0000010 0.7645850 0.7397203 0.8028906 0.4790718 0.4834003 0.3666590 0.5105820 0.5380790 0.5742996 0.4082103 0.5717486 0.4128088 0.0000000 0.8423308 0.7726118 0.8139212 0.9415013 0.9276949 0.8455561 0.9402361 0.9888775 0.9531967 0.9799973 0.9151119 0.9713084 0.9408778 0.8024676 0.9035196 1.0338794 0.7810704 0.8580345 1.0672840 1.0694584 0.5802699 1.0085682 0.8922829 0.8968387 3.1006896 0.9344813 0.9629333 0.8928111 0.9307649 0.9475059 0.7705272 0.9384330 0.8901023 1.1450784 0.7148784 1.0668765 0.9532517 0.7877444 1.0206160 1.2397631 1.2397631 1.1018726 1.0589684 0.7370702 0.7370702 1.0501605 1.1489323 1.1347398 1.5308715 1.4938007 1.5557415 1.5557415 1.5202563 1.8134693 1.6497468 1.6497468 1.3633418 1.5596390 1.5528973 1.5528973 1.5169499 1.5728015 0.7201712 1.4836962 1.4836962 1.0371869 1.1016470 1.1460763 0.8296435 1.0872834 0.8645574 1.3557451 1.1114902 1.2120517 1.2836006 1.1973283 1.4210464 1.1513829 1.5268970 1.5742978 5.2361171 1.4033547 1.6050511 1.2298176 1.3453435 1.3212452 1.3935166 1.5449670 1.8629703 1.4055253 1.4976610 1.4957171 1.3940671 0.8558670 1.3120835 1.5619171 0.0000010 4.8716452 
Scil_scict019340.1                                     1.4214038 1.3461055 1.2056995 1.7390780 1.6688139 1.3629860 1.8931600 1.3255526 1.2183459 1.2556800 0.7947662 0.8179617 0.5029319 0.7639632 0.9063393 0.9005599 0.8274850 0.7233501 0.8339769 0.8423308 0.0000000 1.0984200 1.2001223 0.6899553 1.2334204 1.2018910 1.1835118 1.1678119 1.2084144 1.1557426 1.1411893 1.2630805 1.2833129 1.1466682 1.3472522 1.2867180 1.1092777 1.1666408 1.4028958 1.3716061 0.7377289 1.3430419 1.1364573 1.1162888 1.3313959 1.2548931 1.3640983 1.1139795 1.1416912 1.2203462 1.0329282 1.1930080 1.1982719 1.3396670 1.7581265 1.3607980 1.7417113 0.9640929 0.6552325 1.6856857 1.6864924 1.1818951 1.6248134 0.9291798 0.9291798 1.2964159 1.4218435 1.4525974 1.8016949 1.9200206 1.9969328 1.9969328 1.9616451 2.0892130 2.0919103 2.0919103 2.3259247 2.2981513 1.8543586 1.8543586 2.2633619 2.3596579 1.4078354 1.9656260 2.9675424 1.6359740 1.6635162 1.7016516 1.6117454 1.6258707 1.4378064 1.5847291 1.1092364 1.5063543 1.6307814 1.6381401 1.8120916 1.3740558 1.9087651 1.9910571 2.0012908 1.5641611 1.9809383 1.7103394 1.8644390 1.7619682 1.6918939 1.7464563 1.8680848 1.7529489 1.6650252 1.6769630 1.6377386 1.7679340 2.0269212 2.1691861 0.9357339 5.0915262 
Opea_EP00118_Oscarella_pearsei_P009259                 1.2064633 1.1307841 0.8671820 1.7169358 1.7132775 1.0521745 1.3815557 1.0171211 1.0833928 1.0712760 0.9212092 1.2026093 0.7634426 0.9110038 1.0817952 0.6746177 0.9819606 1.2516829 1.0333116 0.7726118 1.0984200 0.0000000 0.5013162 1.0958155 0.8830462 0.8275985 0.9051676 0.8193600 0.8943158 0.7351426 0.8592119 0.9294545 0.9920334 0.8420024 0.9941322 1.0269719 0.8178598 0.8867025 1.0421396 1.0195569 0.5840938 1.0062374 0.8043942 0.8339988 1.2095191 1.0485806 1.1570140 0.7989006 0.7912874 0.8547779 0.7555323 0.8024034 0.8498929 0.9616605 1.2016563 1.0302124 0.4358527 1.1034998 1.2811687 1.7022690 1.7091642 1.1276586 1.7802949 0.8845753 0.8845753 0.9762666 1.1125770 1.1407464 1.3938126 1.5622547 1.4055982 1.4055982 1.5728543 1.4824001 1.9172892 1.9172892 1.8513180 1.8445822 1.3770185 1.3770185 1.9223571 1.6794064 1.1624350 1.6526453 2.5681025 1.4629146 1.4865906 1.3324496 1.3255561 1.4498779 1.2593978 1.3592817 1.0823927 1.3305358 1.5541658 1.4937539 1.5749073 1.1726911 1.7230807 1.7591938 1.8132656 1.3747806 1.5791162 1.3420121 1.5771252 1.6054334 1.5684611 1.6726108 1.8994020 1.6148484 1.4542192 1.5324125 1.5209625 1.4972269 1.6332319 1.7194177 1.4831803 4.7658528 
Plajan_Pjan_C566204_01                                 1.1268807 1.1063400 0.8135528 1.7600909 1.7453875 1.0895780 1.3546373 1.0499875 1.1124890 0.9702266 1.0175409 1.4021441 0.7032618 1.0275738 1.1882681 0.6613784 1.1059705 1.3961368 1.1462219 0.8139212 1.2001223 0.5013162 0.0000000 1.1247384 0.8351205 0.7976838 0.8826791 0.7457859 0.8635580 0.7266158 0.8323789 0.8839772 0.9707400 0.8925476 1.0792046 0.9823009 0.8101622 0.8362054 1.0821197 1.0673453 0.5322370 1.0178421 0.7767899 0.7887747 1.3274852 1.0424729 1.1544822 0.7497505 0.7616961 0.7539814 0.7282572 0.7428401 0.7869180 0.9466761 1.3900517 1.0196945 1.0419624 1.1529839 1.3204687 1.5028177 1.5090727 0.9869230 1.6701888 0.8508464 0.8508464 1.0389004 1.1038809 1.1289363 1.3924871 1.4736087 1.4029561 1.4029561 1.4929416 1.5516945 1.7288881 1.7288881 1.6589218 1.7550539 1.3646692 1.3646692 1.7824945 1.4750157 1.0379589 1.6725196 2.5093093 1.4264754 1.4604833 1.3480584 1.2967242 1.4195650 1.1781644 1.3130404 1.1075945 1.3606951 1.4797932 1.4166257 1.5255384 1.0277088 1.6326578 1.6326973 2.1977648 1.5169235 1.2644375 1.3281573 1.5130350 1.5395104 1.5057914 1.5660761 1.8098443 1.6621860 1.5003562 1.6172389 1.6049235 1.5475418 1.5860472 1.7634219 1.6559059 4.8561271 
Leuniv_Lniv_scaffold7490_01                            1.5097118 1.5573860 1.5573860 0.0000010 0.0000010 1.5299713 0.0000010 1.5027695 1.1478796 1.3180495 0.8555028 0.6987511 0.6476683 0.7250900 1.0244794 0.8461665 0.9323898 1.6154892 0.8699619 0.9415013 0.6899553 1.0958155 1.1247384 0.0000000 1.4586895 1.2233089 1.3415486 1.3652347 1.4424236 1.3245939 1.3726162 1.5445569 1.5498923 1.4164588 1.5095537 1.3318886 1.0746315 1.1121328 1.4790766 1.4522412 0.7613643 1.4509453 1.2433260 1.2000762 1.8349506 1.2733070 1.2856839 1.3632574 1.3600685 1.4458251 1.2266819 1.4367936 1.3742584 1.5045973 1.8847514 1.6632056 1.2772275 0.8421033 0.8239929 1.3595508 1.3595508 1.2552150 0.8470813 1.1002282 1.1002282 1.3242042 1.5461625 1.4579769 2.1816588 2.1816588 2.1084703 2.1084703 2.2254630 2.4316429 2.1788249 2.1788249 0.0000010 2.0047564 1.9667010 1.9667010 2.1733164 0.0000010 0.9607096 2.0658806 2.0658806 1.5471903 1.5782231 1.5755205 1.1207169 1.4343457 1.1001856 1.5471496 1.3071524 1.8217405 1.8113395 1.6011940 1.9806058 1.4239993 1.6432677 1.8823268 4.8335693 1.9055437 3.0076987 1.8240063 1.7655526 1.6262567 1.6818005 1.8574867 2.7028647 1.6887473 1.7384602 1.8229559 1.4488486 0.0000010 1.7446400 2.2043813 0.0000010 4.8640818 
Bralan_BLAG01002731_1                                  1.1870220 1.1266257 0.8972733 1.6391738 1.5847486 1.0723363 1.3386805 1.0830645 1.1462594 0.9448724 1.0438132 1.1513683 0.6129988 1.0572431 1.0858436 0.8089054 1.1013796 1.1779620 1.0956350 0.9276949 1.2334204 0.8830462 0.8351205 1.4586895 0.0000000 0.4888143 0.5374111 0.4414537 0.5363418 0.4646687 0.4054558 0.6442356 0.6213243 0.5052912 0.6449842 0.8927046 0.7071725 0.7825385 0.9505210 0.9370224 0.5186148 0.9827900 0.7362631 0.7575298 0.7591687 0.9510832 1.0638034 0.7410233 0.7367459 0.7678783 0.6785102 0.7347019 0.7941292 0.9396680 0.8167577 0.7991092 1.5175434 1.2014094 1.3438971 1.7464328 1.7533870 1.2310866 1.8265289 0.9496145 0.9496145 1.0753321 1.1671709 1.0541947 1.3313222 1.4660868 1.4333333 1.4333333 1.6443503 1.6108592 1.9580409 1.9580409 1.6114352 1.8562445 1.2941947 1.2941947 1.8684295 1.5947267 0.8425509 1.8358618 2.6396910 1.3690806 1.3820452 1.2458996 1.1770861 1.3618540 1.0266634 1.3411294 1.1372814 1.2805766 1.5118770 1.2602796 1.4701453 1.1003339 1.9852879 1.6982782 1.7158022 1.3594417 1.2363498 1.3983789 1.6303933 1.4674441 1.4737044 1.5100961 1.7238421 1.7226528 1.6168324 1.5671554 1.6208267 1.5322572 1.6924624 1.7649303 1.5937686 4.9971899 
Spur_XM_030980576.1                                    1.2389181 1.1585650 0.8875373 1.7361371 1.7152888 1.0621514 1.3470515 1.0842348 1.0736440 1.0262174 0.9935190 1.2026607 0.6310286 0.9999903 1.1628565 0.7210003 1.1234177 1.2966672 1.0560784 0.8455561 1.2018910 0.8275985 0.7976838 1.2233089 0.4888143 0.0000000 0.5405924 0.4258550 0.5434447 0.4460518 0.4051204 0.6356685 0.6910860 0.5854832 0.7532838 0.8753583 0.6839358 0.7428463 0.9625381 0.9336098 0.4768466 0.9349910 0.7106803 0.7562284 0.7509393 0.9687695 1.0563092 0.7648123 0.7494218 0.8081914 0.6513348 0.7234622 0.8001793 0.9610908 0.9779573 0.8759144 1.4639841 1.1737710 1.4181755 1.7801873 1.7816708 1.2513841 1.6599486 0.8547705 0.8547705 1.0850851 1.0976024 1.0444176 1.2561121 1.4251691 1.2821439 1.2821439 1.6212791 1.4729232 1.9006395 1.9006395 1.7637470 1.9430237 1.3153602 1.3153602 1.9701675 1.6084623 0.9281843 1.6944304 2.6286855 1.3383529 1.3413241 1.2788973 1.0861332 1.3506436 0.9996311 1.2882464 1.0147207 1.3271658 1.5395764 1.3171562 1.4914660 1.0923930 1.7921703 1.4410732 1.9506210 1.3771566 1.3624803 1.3952291 1.6782917 1.5320849 1.4879142 1.5185450 1.8381454 1.6959540 1.6650317 1.5493041 1.4789648 1.5112866 1.6973815 1.5908896 1.5303029 4.7950193 
Acagra_model.g13208.t1                                 1.1878685 1.1409568 0.8594648 1.6903799 1.7099287 1.0045564 1.2224039 1.0268760 1.1211364 0.9856345 1.0506973 1.1578588 0.6164763 1.0610164 1.2097538 0.8478216 1.1336810 1.2514882 1.1261370 0.9402361 1.1835118 0.9051676 0.8826791 1.3415486 0.5374111 0.5405924 0.0000000 0.3354292 0.5175083 0.4170327 0.4997504 0.4781640 0.6167035 0.6227991 0.7423011 1.0117489 0.7883438 0.8246657 1.0943149 1.0645862 0.5866375 1.1312986 0.7786341 0.8636131 0.9108307 1.0245253 1.1241689 0.8050257 0.7840414 0.8574160 0.7125212 0.8204457 0.8786957 1.0310364 1.0038797 0.8845255 1.4598296 1.2426927 1.3558124 1.5731359 1.5776711 1.0737621 1.6387769 0.8897513 0.8897513 1.0947980 1.2470211 1.1145756 1.3893577 1.5467880 1.4051562 1.4051562 1.6672977 1.5266034 2.0320520 2.0320520 1.8374154 1.8600248 1.2730726 1.2730726 1.9267394 1.6732755 0.9555257 1.8471751 2.8941984 1.3388775 1.3549709 1.2008036 1.0997483 1.3602735 1.0158227 1.3445921 1.0682309 1.4392238 1.6572587 1.3340759 1.5054779 1.0527773 1.6862728 1.5709299 1.9280300 1.3921153 1.2894516 1.4527015 1.7710612 1.5821779 1.4924437 1.5812992 1.7994450 1.6945721 1.5744543 1.6073376 1.5031321 1.5107393 1.6590629 1.6676783 1.6643683 4.5188540 
Ctel_gnl_WGS_AMQN_CAPTEDRAFT_mRNA154749                1.0679243 1.0309030 0.8384130 1.4156807 1.4683972 0.9700343 1.3028101 0.9549145 0.9864954 0.8321676 1.0355598 1.0980456 0.5772444 1.0358391 1.1448184 0.8127454 1.0327352 1.1299164 1.0536684 0.9888775 1.1678119 0.8193600 0.7457859 1.3652347 0.4414537 0.4258550 0.3354292 0.0000000 0.4398435 0.3613493 0.4217436 0.4417558 0.4887819 0.4733006 0.6213822 0.9054539 0.6674733 0.7449657 0.9362133 0.9268825 0.5195974 0.9459313 0.6857639 0.7177066 0.7793003 0.9642787 1.0207626 0.7060132 0.7076005 0.7294408 0.6140699 0.7177870 0.7871726 0.9218490 1.1589732 0.7818614 1.3697670 1.2041638 1.2667586 1.4668070 1.4711840 1.0516989 1.4783757 0.8810253 0.8810253 1.0176560 1.0926545 1.0507240 1.3540680 1.4708609 1.4150560 1.4150560 1.6660534 1.5646029 1.8931712 1.8931712 1.7975578 1.7657201 1.2875033 1.2875033 1.7685775 1.7218657 0.9194716 1.7612739 2.7167877 1.2157272 1.2363068 1.1981684 1.1170768 1.2038035 0.9979898 1.2107863 0.9792480 1.3095902 1.3699203 1.1412204 1.2900194 0.9756275 1.6346665 1.5150670 1.7620058 1.2671411 1.3036235 1.3387333 1.5439831 1.4279676 1.3876616 1.4075347 1.7564643 1.6653666 1.4853749 1.4785227 1.4533500 1.5148108 1.6518286 1.6241706 1.4391304 5.3038014 
Cscu_XM_023354625.1                                    1.2542429 1.1417521 0.9031542 1.6300144 1.6279584 1.0519566 1.2852537 1.0300081 1.0946761 1.0333756 1.1241194 1.3757289 0.6632797 1.0746123 1.1943246 0.8205470 1.1217439 1.3139138 1.1713877 0.9531967 1.2084144 0.8943158 0.8635580 1.4424236 0.5363418 0.5434447 0.5175083 0.4398435 0.0000000 0.3737003 0.4885844 0.5697778 0.5203532 0.5368650 0.6536524 0.9761708 0.8189716 0.8976920 1.0583076 1.0252498 0.6188871 1.1119502 0.7895381 0.8901741 0.8771678 1.0187852 1.1545966 0.8227237 0.8064489 0.8463951 0.7453329 0.8137027 0.8673182 1.0375477 0.9655734 0.7543060 1.5490842 1.2589587 1.3790977 1.5344313 1.5388455 1.0449192 1.6406887 0.9919476 0.9919476 1.0978204 1.2173793 1.0960593 1.2701036 1.4245251 1.3936859 1.3936859 1.5636633 1.4130317 1.8956815 1.8956815 1.6732145 1.7787640 1.1598679 1.1598679 1.9200544 1.5375687 1.0395035 1.8301079 2.7843718 1.2828053 1.2882973 1.1996560 1.1398010 1.2746513 1.0098571 1.3414285 1.0493443 1.3093717 1.5747503 1.2782038 1.4125244 1.1547818 1.8489967 1.5819594 1.8466075 1.3355744 1.4959280 1.3816595 1.6364054 1.4502832 1.4545431 1.4850539 1.7714291 1.5779675 1.6437324 1.6126570 1.5088842 1.4369450 1.6482181 1.6253914 1.6675390 4.6605041 
Dpul_mRNA8632                                          1.1111154 1.0145969 0.9224967 1.1669098 1.2430698 0.9375103 1.2381379 0.9283314 0.9210851 0.8510464 0.9879798 0.9894843 0.6417226 0.9159984 1.0991887 0.8071121 1.0697713 1.2080187 1.0814887 0.9799973 1.1557426 0.7351426 0.7266158 1.3245939 0.4646687 0.4460518 0.4170327 0.3613493 0.3737003 0.0000000 0.4363348 0.5093046 0.4203694 0.4921363 0.6064442 0.8451032 0.7023044 0.7386116 0.8679496 0.8558683 0.5068666 0.9025594 0.7083628 0.7502817 0.8255184 0.8866059 0.9508763 0.7023427 0.7011055 0.7255973 0.6093141 0.7322507 0.7742399 0.9154423 1.1094994 0.7558326 1.2486547 1.0911448 1.3038987 1.4463892 1.4508573 1.0764699 1.4349368 0.8798338 0.8798338 1.0203493 1.1605200 1.0029994 1.2915121 1.4809563 1.3700398 1.3700398 1.6574303 1.4508671 1.7467706 1.7467706 1.7805633 1.7089183 1.2790987 1.2790987 1.6979094 1.7458952 0.9839990 1.6460469 2.5882474 1.2032485 1.2146842 1.2201234 1.1039961 1.2395166 1.0673150 1.3214861 0.9845661 1.2455237 1.3148549 1.1027174 1.2314637 1.0411456 1.6796337 1.4807726 1.7326894 1.2217838 1.3137757 1.3597337 1.4563027 1.3561373 1.4639293 1.5388077 1.7697244 1.4585773 1.4775344 1.3955099 1.4476211 1.4102839 1.5479416 1.5484682 1.1859143 4.4786848 
Skow_NM_001168121.1                                    1.1989956 1.1284287 0.8785652 1.7321088 1.6835054 1.0139875 1.3375587 1.0079207 1.0407935 0.9533972 1.0034174 1.2351697 0.5903469 1.0007330 1.0658086 0.8112298 1.0674608 1.1568709 1.0493296 0.9151119 1.1411893 0.8592119 0.8323789 1.3726162 0.4054558 0.4051204 0.4997504 0.4217436 0.4885844 0.4363348 0.0000000 0.5968650 0.6262931 0.4755364 0.6500093 0.9092836 0.6870821 0.7437447 1.0120074 0.9726221 0.5949271 0.9896467 0.7075592 0.7246594 0.7888511 0.9637996 1.0670388 0.7098088 0.6976783 0.7359213 0.6230684 0.7189667 0.7965563 0.9144295 0.9438170 0.8429053 1.4460201 1.1332363 1.3259375 1.6756389 1.6726024 1.2620206 1.6984790 0.9133691 0.9133691 1.0979624 1.2977669 1.1321696 1.4056669 1.5470395 1.5337954 1.5337954 1.7031328 1.6657922 2.0571562 2.0571562 1.6405895 1.9635244 1.4558197 1.4558197 1.9527393 1.7602628 1.0682648 1.8260908 2.7101853 1.3639699 1.4113758 1.2801734 1.2406034 1.3967214 1.0462064 1.3589637 1.0382881 1.3621996 1.5579330 1.2776704 1.4700921 1.1852613 1.9856997 1.6670562 1.8205203 1.4252070 1.4364579 1.3949404 1.7198394 1.5224895 1.5157486 1.5819545 1.8942634 1.7854725 1.7261995 1.6517277 1.5407163 1.5367750 1.7202291 1.6509940 1.5378556 5.1660906 
Cgig_XM_011457889.3                                    1.2482187 1.1722807 0.8983805 1.7652664 1.7245731 1.0627689 1.3058026 1.0311227 1.1180548 1.0743788 1.1413331 1.3098242 0.7154945 1.1276655 1.2967033 0.9118558 1.2357680 1.4019623 1.3052801 0.9713084 1.2630805 0.9294545 0.8839772 1.5445569 0.6442356 0.6356685 0.4781640 0.4417558 0.5697778 0.5093046 0.5968650 0.0000000 0.6866016 0.6521923 0.7888967 1.0249595 0.8735983 0.9100635 1.0920744 1.0740630 0.6450059 1.1695514 0.8568409 0.9320347 1.1816503 1.1235718 1.2301029 0.8872691 0.8875647 0.9503043 0.7601460 0.8891296 0.8973704 1.0990496 0.8519806 0.9245365 1.5747173 1.2919093 1.4590012 1.6199003 1.6263348 1.1525734 1.6624434 0.9495228 0.9495228 1.0582895 1.1388001 1.1457443 1.4086056 1.4809121 1.4595913 1.4595913 1.6502382 1.6292142 1.9520780 1.9520780 1.6765350 1.8588904 1.3741052 1.3741052 1.9304679 1.7280420 0.9001403 1.7341542 2.6104472 1.3222217 1.3438112 1.2550367 1.1378824 1.3500444 1.0324896 1.3852095 1.1390723 1.4064884 1.6197607 1.2734971 1.4751208 1.0764451 1.7008019 1.4971974 1.8310576 1.3860007 1.3603856 1.4350183 1.5590345 1.5481804 1.4316272 1.5019252 1.7840866 1.7082073 1.6733408 1.5971886 1.5317651 1.4821214 1.6596146 1.7144334 1.6166682 4.4424453 
