127
Morvir_scaffold85.g54.t1                                           0.0000000 4.4922576 7.5568305 0.8867917 6.0081388 5.7000810 4.4823756 3.4929317 5.7926847 4.9642614 4.6689974 5.5697788 4.2579191 4.4001891 3.3727737 3.8459133 4.3430760 4.2775781 4.5704947 4.0025843 3.9052077 4.5984615 4.1578205 1.6003842 6.2095277 4.4624870 6.6767280 6.7031383 7.3232792 4.5034968 4.7716109 6.1115252 4.6438922 3.4774288 3.6492791 4.4131141 4.2710805 3.4945385 4.3514949 3.7777760 4.4540291 4.4251605 3.5769038 4.1277732 4.4616478 3.5451765 3.5451765 3.5451765 4.0917647 5.0142095 2.1212069 4.5265273 5.2311094 2.5750393 4.2265084 5.0249350 5.0764024 6.2330950 4.8726122 5.0889069 5.0822264 4.2327500 1.9880943 4.1681506 4.7749101 9.0000000 4.6253793 9.0000000 3.8979680 3.8430853 5.3470127 4.8138855 5.0595459 4.5758696 5.5127470 5.6015017 4.1257470 4.1582120 4.2691922 4.6584175 4.6584175 0.6326027 0.6326027 4.5186344 4.5186344 4.8821716 4.0490657 3.8195771 3.9583631 3.9583631 4.1680897 4.3218959 4.0986001 4.0986001 4.0954766 0.0000010 0.0000010 0.0000010 0.0000010 0.0000010 0.0000010 4.6659403 4.6659403 6.7913968 4.4085560 5.7998659 5.7998659 5.0651261 5.0244285 5.0828404 5.2119584 5.4767630 4.8541972 4.3241510 6.9109312 7.2281620 4.6469704 5.4393017 6.6879106 4.3534469 6.6611574 6.7789918 3.7647083 3.7839514 4.0278752 2.9366973 6.7919067 
Aaur_scaffold1935.g1.t1                                            4.4922576 0.0000000 7.2540495 0.0000010 5.4943752 3.3396686 3.1033671 2.7310915 3.1760376 2.8401371 3.2161993 3.0918737 3.2772889 3.6229330 4.1692786 1.5468048 0.6481065 3.4062388 1.5468048 3.9153273 4.3126408 3.7883815 4.5741421 5.5854274 6.1284630 1.3644048 4.4532519 1.4724194 3.5362552 4.4647776 3.2166087 3.2278511 2.2660775 3.5524926 5.8583107 4.5719861 2.9531466 2.0976004 3.0199170 2.8066946 2.1920740 3.1228589 2.8674744 3.0347135 0.9299908 2.8940372 2.8940372 2.8940372 3.0197576 3.3110805 2.8237749 2.5797901 3.2454078 4.9554038 2.8284944 4.8482345 7.4311283 4.2306074 7.2239806 4.1866291 6.7076500 4.6673410 1.2979080 3.8700461 4.1804137 8.9999987 3.8050676 2.0212602 4.4868732 3.3621539 4.5813405 2.9825077 4.2517889 3.2580963 2.5588149 4.6751513 3.9657010 3.8117824 3.8839898 3.8210468 3.6729283 3.9355315 3.7229600 4.3006489 4.3006489 4.0613395 3.8162187 3.8719338 5.9912501 3.9415676 3.6704663 4.3686542 4.5295012 4.5295012 4.4759127 4.4761715 5.5072279 4.5656817 7.8643905 4.8682955 8.7663829 5.2076794 4.0816737 6.2564950 4.7158568 3.6100028 3.6100028 3.4579574 4.5829803 3.4983971 8.9999985 4.0718980 6.4590033 2.5461314 5.7745703 6.3256556 4.5539769 4.5376076 3.8809682 1.7871917 3.0104853 3.3420248 2.9860209 2.8275475 2.7772710 2.5593990 3.3997254 
Hvul_g22860_1                                                      7.5568305 7.2540495 0.0000000 8.2063892 3.7248255 8.9999986 5.6490341 2.7463363 4.1389774 4.7677562 2.5578091 3.1666323 4.5663017 4.2945434 6.4979653 2.5757009 1.9971078 3.1385007 3.3166765 4.8557962 4.1123837 4.2778400 5.0892268 8.9999989 8.9999984 2.3526374 3.8356435 2.5356975 3.6100367 4.7401314 6.1084194 7.0333375 3.5205106 6.9320538 5.4491547 5.0359684 3.4763100 4.5347763 5.4202176 4.2023787 3.9229233 5.1677836 4.1899208 4.1794720 2.7321731 4.9209417 4.9209417 4.9209417 4.6358707 4.6820406 2.0781086 5.4706157 4.1439250 2.6145875 2.1469478 7.7652840 6.9145009 5.3979475 6.4769322 5.2213280 5.3677358 6.0776779 4.4352150 7.3427140 5.5424497 2.5287353 5.6894820 4.0768469 5.1452916 4.7416331 4.7699866 5.4596310 4.1806512 3.4709145 4.1337742 7.6924356 5.3421081 5.0802248 4.9259466 5.7448802 5.7448802 6.2348191 6.2348191 5.5073882 5.5073882 5.9559311 4.7459762 4.7997440 5.9906994 5.5017634 5.1966158 7.2040717 6.8242547 6.8242547 6.9097698 8.9999987 8.9999989 8.9999984 8.9999984 8.9999990 8.9999984 8.9999985 8.9999988 8.9999983 5.1168833 5.2728003 5.2728003 4.6257151 5.7213879 4.6224019 8.9999988 5.9282388 6.6566499 4.3468081 4.5698173 6.0637220 7.5907462 6.2837697 6.3864999 5.1838982 6.6211079 4.6752037 5.4501076 5.9197095 5.5420646 5.7902985 8.9999982 
Nvec_v1g16334                                                      0.8867917 0.0000010 8.2063892 0.0000000 9.0000000 4.9290533 0.0000010 0.0000010 2.5584227 0.9123958 0.0000010 0.0000010 3.2806633 2.4010367 0.3135338 1.9791706 0.0000010 4.3118587 2.9699355 1.5014067 1.8584672 6.1199895 1.0664605 1.9082586 1.9082586 0.0000010 0.0000010 0.0000010 0.0000010 1.3896908 1.9791706 0.0000010 0.0000010 4.4678519 0.0000010 1.9791706 0.0000010 0.0000010 0.0000010 0.0000010 0.0000010 2.1393925 0.0000010 0.0000010 0.0000010 0.0000010 0.0000010 0.0000010 0.0000010 7.9305594 0.0000010 2.5206227 0.0000010 0.0000010 0.0000010 0.0000010 0.0000010 0.0000010 8.9999983 0.0000010 0.0000010 2.4258575 2.3474183 1.5340257 2.4258575 9.0000000 2.4258575 9.0000000 2.4258575 0.0000010 9.0000000 0.0000010 0.0000010 9.0000000 0.0000010 1.9791706 0.0000010 0.0000010 0.0000010 0.0000010 0.0000010 0.0000010 0.0000010 0.0000010 0.0000010 0.0000010 0.0000010 0.0000010 0.0000010 0.0000010 0.0000010 0.0000010 0.0000010 0.0000010 0.0000010 0.0000010 0.0000010 0.0000010 0.0000010 0.0000010 0.0000010 0.0000010 0.0000010 0.0000010 0.0000010 0.0000010 0.0000010 0.0000010 0.0000010 2.4258575 4.6179677 0.0000010 8.9999990 7.1125347 3.7282529 3.7282529 0.0000010 0.0000010 9.0000000 9.0000000 0.0000010 0.0000010 0.0000010 0.0000010 0.0000010 0.0000010 9.0000000 
Chem_TCONS_00022299                                                6.0081388 5.4943752 3.7248255 9.0000000 0.0000000 4.0137086 5.1348201 5.3594544 3.8643981 5.3467604 6.8546753 2.2287026 3.0078755 3.1713398 4.7695686 4.4970258 3.5254385 4.4406809 3.7052677 3.7476871 3.6918195 3.4989477 6.1800670 7.4541873 6.5742417 5.1471690 7.5096727 7.8246449 6.4295532 5.5163892 5.9006347 5.9642352 5.6199431 4.9621476 8.2991895 5.0463361 6.3973766 5.1200473 4.9095835 4.3845758 3.4690711 5.0108649 4.1156495 3.8830461 8.1569300 4.1427428 4.1427428 4.1427428 4.1989578 4.8155619 6.9421453 5.1116868 5.1673788 2.2862420 2.2780280 5.3791104 7.2657012 8.8401268 6.6113606 4.4768660 4.9799146 4.8991330 3.8233534 5.0452042 6.2139511 7.3042818 4.0020502 0.7151890 4.6830353 5.2824946 4.2656016 4.7195787 7.0328102 8.8855284 4.9210835 8.7082285 4.1435309 3.4102848 4.3004145 4.0274072 4.1435309 3.2061852 3.2899801 3.9287641 3.9287641 3.9287641 4.0850157 3.8642445 4.6531059 4.0482549 3.7199794 5.4789427 5.6149243 5.6149243 5.4220519 6.5719452 5.9378767 6.5841381 8.9999987 8.9999988 8.9999985 5.7844087 5.7390543 7.8958555 3.6719706 3.9466678 3.9466678 4.0908279 4.7450036 4.4253920 5.6008503 5.4691484 5.7426631 4.9451504 6.1484975 8.1379613 5.1801378 8.0390777 5.6737066 4.3209438 4.4645266 5.0592849 5.6954703 6.2935221 5.2794398 4.9547853 6.8813087 
Pbac_sb2645548                                                     5.7000810 3.3396686 8.9999986 4.9290533 4.0137086 0.0000000 7.0555008 5.4935767 4.6540387 4.7348078 4.7388738 3.4688969 5.7219677 5.7193406 7.2435940 4.0400447 3.9705741 7.1411251 4.1745072 5.6489908 5.7599364 5.6543981 6.8650266 8.0860593 7.9022785 4.6859213 4.7346448 4.1672364 6.7704450 7.3419025 6.9830807 7.6148226 4.2082862 6.5002975 7.3963532 7.2964515 5.4176048 5.0641661 6.5750138 4.7822488 4.2729290 6.0934137 5.9157873 6.6153226 5.1962856 5.7010095 5.7527422 5.7527422 5.9714185 6.5719764 4.4301162 5.3940600 5.3855151 3.6553999 4.1737914 5.9694542 7.8594591 7.2940822 6.7640941 5.7686373 4.9996548 7.5556070 4.6584485 5.6332696 8.2429292 8.9999980 7.1419898 8.3586114 8.4695356 6.6010266 7.3309332 5.1946209 6.8430700 5.1453564 4.6940358 6.8265196 5.2484914 5.0248898 5.3768914 5.4176251 4.8672509 6.4337755 5.3009962 5.1509857 5.1509857 5.1113504 5.1602780 5.4147987 6.5037468 4.8097231 4.8395660 4.7396466 6.3231937 6.4315944 6.2507128 8.9999989 7.3747394 8.9999983 8.9999981 8.9999981 8.9999986 5.1194040 5.5184347 8.1891727 4.7878320 5.4963334 5.4963334 5.0432260 5.6437728 6.7527520 6.5922599 7.4851493 5.8528753 5.9008589 7.3419819 7.1536219 5.5767365 5.9942803 7.2433514 4.9063188 5.3603288 4.2946202 4.5061188 5.2783351 6.2524137 4.3710755 6.9739296 
Plajan_Pjan_C569020_01                                             4.4823756 3.1033671 5.6490341 0.0000010 5.1348201 7.0555008 0.0000000 0.8703477 1.1689196 1.2977091 0.8319093 0.9401033 1.5342394 1.4957534 1.7068435 0.6476762 0.3521733 1.6899317 0.7260039 1.7676636 1.7916911 2.0001656 2.2835244 4.8930728 4.5488925 0.6695479 0.7330105 0.4260328 1.3520876 1.6310014 1.7504455 2.0746068 0.8441053 1.5837792 1.9253295 1.7105920 1.3398722 1.0501780 1.4923734 0.8534029 0.9249814 1.6847335 1.7129361 1.8086447 0.8790606 1.7118559 1.7316612 1.7316612 1.7753964 1.6520990 1.0674915 1.4573207 1.5697715 1.0260356 1.1028202 2.4522385 2.9519822 2.3829293 2.5345573 1.2461939 1.6470360 2.5532368 1.7555818 1.8133290 1.8302320 8.9999987 1.7839015 2.1590885 2.0498663 1.6640570 1.9081459 1.4166665 2.0203187 0.8368476 1.3779751 2.3416108 2.3118396 2.4396007 2.2147030 2.3344460 2.1466585 3.7739907 3.6227867 2.1199286 2.1199286 2.1522748 2.1337381 2.4900226 2.9494403 2.0783771 1.8084704 1.7951772 2.4917061 2.3649098 3.0438912 7.4798640 6.1797954 8.9999984 8.9999983 8.9999988 8.9999989 2.2440392 2.1021815 3.5123759 2.1745820 2.4662461 2.4662461 2.0138952 2.1034707 2.0640115 2.4925300 2.1346001 1.7132085 1.5842325 2.0909369 1.8547401 1.9580890 2.5495309 2.2795255 1.5518184 2.7517898 1.5925208 2.0177179 2.4669338 2.2790286 2.1967359 3.8974465 
Dpul_mRNA892                                                       3.4929317 2.7310915 2.7463363 0.0000010 5.3594544 5.4935767 0.8703477 0.0000000 0.5503366 0.6583758 0.6583758 1.5835318 0.7371317 0.7415784 0.7728019 0.8007277 0.9228601 0.7133342 0.7050536 0.7440056 0.7039418 0.7552435 0.8456996 9.0000000 8.9999986 0.8094419 0.7957208 0.8653766 0.9951434 0.8040740 0.6215669 1.2608819 0.7531091 0.5509739 0.7809084 0.5850130 0.6045993 0.7520642 0.6871053 0.8538573 0.6722277 0.7365403 0.7291567 0.6916586 0.7598721 0.6734455 0.6734455 0.6734455 0.7636789 0.6336341 0.8851057 0.8629162 0.9332882 0.9950426 0.9436666 0.9618215 0.9610348 0.9758985 0.8500446 0.8145220 0.7449046 0.8366246 1.2519371 1.0647693 0.9382186 0.0000010 0.9616479 0.0000010 0.9766323 0.9494318 0.7883251 0.7391301 0.9623556 0.9767761 0.8923452 1.0198609 1.2816820 1.6030703 1.2489480 1.2709122 1.2709122 0.7709719 0.7709719 1.1156465 1.1156465 1.5134098 1.2430349 1.6030703 1.2378127 1.2378127 1.2762766 1.1768867 1.1768867 1.1768867 1.0798109 1.4478188 4.5899083 9.0000000 0.0000010 0.0000010 0.0000010 1.3506083 1.3770640 3.9601128 1.1752637 2.2054542 2.2054542 1.0064788 1.0234212 0.8873781 0.8368096 0.8484840 1.0936822 0.6082785 1.1578726 1.1578726 1.1364168 1.1341426 0.8363245 1.3839085 9.0000000 7.7291754 2.3449570 1.8036202 2.6276143 2.7063152 1.3341007 
Salpun_EP00053_Salpingoeca_punica_P018431                          5.7926847 3.1760376 4.1389774 2.5584227 3.8643981 4.6540387 1.1689196 0.5503366 0.0000000 1.0974862 0.5513998 1.6408460 1.1494523 1.2186668 1.3057417 0.7542278 0.7556731 1.2913556 1.1460039 1.3145908 1.3110327 1.4929076 1.7197750 3.0650343 3.9536147 1.0222364 1.2730410 1.1749925 1.6051763 1.4114255 1.2761802 1.5680335 1.0526089 1.3247416 1.7623146 1.4394890 1.5162337 1.5590849 1.1733799 1.1434979 1.0480277 1.2235484 1.2723213 1.3496626 1.2775415 1.2808131 1.2808131 1.2808131 1.4644238 1.4724314 1.0236570 1.2032631 1.2194927 0.6547679 0.6038190 1.3261100 1.6728552 1.3792890 1.1881845 0.9189427 0.8727129 1.7110598 0.9706152 1.4005049 1.5055656 5.7252591 1.4321016 3.4832264 1.5630574 1.2916491 1.7866168 0.9426090 1.8646917 0.7876990 1.6323833 2.0552278 1.6350817 1.9776220 1.6684222 1.7197447 1.6185341 1.5315375 1.1407599 1.6459156 1.6459156 1.6049681 1.5482815 2.0813297 2.0753533 1.8466633 2.2006578 1.7878420 1.7472768 1.7558351 1.6538127 2.3589777 2.7233850 3.1189873 4.3843935 2.4105948 6.7022874 1.3759202 1.4622481 3.1916029 1.3005865 2.0248143 2.0248143 1.3477614 1.4246489 1.7176942 1.3665489 1.7064967 1.2778888 1.5187738 1.2891594 1.1015173 1.6990638 1.5049097 1.6029099 1.3789014 2.5572854 3.3825995 1.9230786 1.9418071 1.7961358 1.8027492 2.4593462 
Salurc_EP00051_Salpingoeca_urceolata_P003388                       4.9642614 2.8401371 4.7677562 0.9123958 5.3467604 4.7348078 1.2977091 0.6583758 1.0974862 0.0000000 0.0465557 1.4670791 1.1868909 1.2284532 1.4466548 0.6979559 0.6053638 1.3432509 1.1891768 1.4758392 1.4331959 1.6985761 1.4620509 2.9906037 3.6538933 0.6755435 0.9083119 0.6901450 1.4004399 1.3145207 1.0180393 1.2118717 0.8991174 1.3218674 1.4549351 1.2454878 1.3013680 1.2071870 1.2462107 0.9959331 0.9757558 1.2348279 1.2095375 1.2608673 1.1018399 1.1804570 1.1804570 1.1804570 1.2781116 1.2482229 1.0982160 1.1158145 1.0269232 0.6083993 0.5938857 1.6631000 1.9570294 1.7735022 1.6371567 1.1624508 1.0675539 1.3420469 1.2498942 1.4379418 1.3016190 8.9999990 1.0672496 2.0190606 1.2862863 0.9979639 1.4168109 1.0035238 1.3419802 0.8170811 1.3021469 2.4248733 1.1265114 1.3122722 1.1197172 1.1500882 1.1500882 1.2534669 1.2534669 1.1652084 1.1652084 1.1406227 1.1346209 1.3431188 1.6633711 1.3974587 1.6073288 1.2160350 1.3445806 1.3445806 1.3609443 2.8234982 2.0740512 2.6939836 2.1294241 2.6877526 7.3178077 1.1658127 1.2933224 2.7289570 1.2698299 1.7673634 1.7673634 1.2567258 1.3181548 1.1650629 1.2777241 1.4511040 1.4400672 1.5909361 1.5113390 1.5163275 1.5210806 1.6049882 1.2797424 1.3290746 1.9015823 2.3907355 1.8725158 1.7904862 1.6046376 1.4594430 2.3002171 
Salurc_EP00051_Salpingoeca_urceolata_P003389                       4.6689974 3.2161993 2.5578091 0.0000010 6.8546753 4.7388738 0.8319093 0.6583758 0.5513998 0.0465557 0.0000000 1.1231340 0.8822613 0.9071920 0.7673001 0.6819885 0.4279430 0.8455951 0.8644829 0.7889024 0.8505874 1.3551712 0.7657520 0.0000010 7.4903849 0.6699354 0.6605471 0.7121520 0.8432912 0.8690731 0.7146334 0.9567193 0.6258138 0.6503462 0.8559892 0.7139033 0.6192482 0.6898364 0.7288651 0.7426467 0.7647216 0.8139529 1.0508781 1.0395886 1.1944815 1.0354744 1.0354744 1.0354744 1.2105705 0.5796020 1.0982160 0.9165249 0.6360138 0.6083993 0.5848322 0.8277178 0.8251442 0.8671806 0.6225671 0.8244102 0.7061338 0.7083542 1.0553504 1.0415791 0.7645369 9.0000000 0.7929361 9.0000000 0.8600377 0.6454023 0.8515844 0.8772896 0.8825834 0.8170811 0.8816286 1.0643822 0.8415280 1.2302492 0.9149715 0.8854056 0.8854056 0.7344268 0.7344268 0.8945266 0.8945266 0.9038830 0.8467756 1.2302492 1.1121172 1.1121172 1.1121172 0.9273446 0.9273446 0.9273446 0.8171391 7.5718028 3.2730667 3.2730667 0.0000010 0.0000010 0.0000010 0.9196885 0.9196885 2.8560874 0.6964055 1.2777897 1.2777897 0.7563310 0.6885450 0.7112655 0.5885342 0.7700233 1.0253026 0.9764181 0.7704349 0.7704349 1.2356343 0.9488849 1.0975383 0.9082749 1.9060756 1.3863042 1.6172915 1.5212412 1.6040700 1.4364386 1.2172412 
Lcom_lcpid245058                                                   5.5697788 3.0918737 3.1666323 0.0000010 2.2287026 3.4688969 0.9401033 1.5835318 1.6408460 1.4670791 1.1231340 0.0000000 0.9604150 0.9331312 0.8295593 0.5134102 0.3027899 0.9638441 0.9927393 1.0645841 1.1061719 0.9356727 1.2848522 0.4264662 4.0885750 0.7737829 0.7056965 0.5176240 0.6260290 0.9707075 0.4550444 0.3736458 0.5210675 0.8230540 0.9154311 0.6144676 0.6238159 0.8909851 0.9264948 1.0095792 1.2899622 1.3466855 1.2496306 1.2774875 1.0673615 1.3207916 1.3207916 1.3207916 1.3462743 0.9201684 5.5150995 1.2298092 1.0197584 1.4416996 1.8930934 2.3939371 2.5026316 2.2390485 2.0766176 1.7248902 1.4880042 1.2422275 6.2462919 2.3881209 1.3919022 9.0000000 1.2576687 1.3964784 1.0798079 1.1467032 1.5548156 1.4564293 1.2688834 3.9562592 1.2157333 1.1716098 1.5436565 1.5834854 1.5445719 1.5470774 1.5436565 1.3007498 1.2255821 1.6335598 1.6335598 1.6335598 1.6173887 1.6663718 1.6366387 1.6339561 1.5938990 1.6643883 1.6659382 1.6659382 1.6628539 1.7509705 5.8482456 3.2959487 1.9791706 1.7509705 1.9791706 1.7718463 1.7974905 1.8812333 1.2280866 1.4234406 1.4234406 1.4261346 1.4618034 0.9201403 1.8694351 1.9205295 1.6248200 0.8389500 1.9388216 2.1114692 3.3094600 1.4664780 1.7610956 1.9903629 1.2276609 1.0529556 1.2227936 1.0952434 1.2987692 1.3015807 2.4117779 
Spis_XP_022796060_1                                                4.2579191 3.2772889 4.5663017 3.2806633 3.0078755 5.7219677 1.5342394 0.7371317 1.1494523 1.1868909 0.8822613 0.9604150 0.0000000 0.0542936 0.9185887 0.3203773 0.2025012 0.6554667 0.1221417 0.3309714 0.3126307 0.3101296 2.0054261 3.0926495 2.9935754 0.9322830 1.0276874 0.6829549 1.4232640 1.1596471 1.5111075 1.7261301 0.6698898 1.3112614 1.3842734 1.3571342 1.2243827 1.1968799 1.1589081 0.9665082 0.8112587 1.5925782 1.3965707 1.3412777 0.7658687 1.4142669 1.4113176 1.4113176 1.4474707 1.2497750 1.1794164 1.2852847 1.2483007 0.9690362 0.9975811 2.0264820 2.5610473 2.3884565 1.9543127 1.1839769 1.4143161 2.0553452 1.5195335 1.5522756 1.8578489 8.9999981 1.4384781 1.0483687 1.4907628 1.2982221 1.7770102 1.2938209 1.8998878 1.0221027 1.8387948 2.6674388 2.1797363 2.0091424 1.9914690 2.0408460 1.8863374 3.0378908 2.9545734 1.9874359 1.9874359 1.9607914 1.9047539 2.2458322 2.5666835 1.8248774 1.6830735 1.9712444 2.5331005 2.4556764 2.8222867 6.5087344 5.3901473 6.9657687 8.9999984 6.8304631 8.9999982 1.8767288 1.9145064 3.8436513 1.7480778 2.2320955 2.2320955 1.7897538 1.8284965 1.7458813 1.9755911 1.9969503 1.5546236 1.4277894 2.1313883 2.3622684 2.0359845 2.1967751 2.1408798 1.6985687 2.4739989 2.0370001 1.8422441 2.3038573 2.0559539 1.7809427 4.0133783 
Pocdam_XM_027188269.1                                              4.4001891 3.6229330 4.2945434 2.4010367 3.1713398 5.7193406 1.4957534 0.7415784 1.2186668 1.2284532 0.9071920 0.9331312 0.0542936 0.0000000 0.8723833 0.2949674 0.2025012 0.6465933 0.1111446 0.3317781 0.3272098 0.3206266 1.9554477 3.0092387 2.9268882 0.9032184 1.0292897 0.7059961 1.4295380 1.1242430 1.5390721 1.7707676 0.6731164 1.3091522 1.3305181 1.3556819 1.2154180 1.1662768 1.1586300 0.9533131 0.8471694 1.6223388 1.3688469 1.3070579 0.7302206 1.3841477 1.3812144 1.3812144 1.4154186 1.2345094 1.1874660 1.3245939 1.2546105 0.9690362 0.9975811 2.0108912 2.5689920 2.4169923 1.9237362 1.1715535 1.4273088 1.9717640 1.5826159 1.5037415 1.8507614 8.8402751 1.4377926 1.0056750 1.4709067 1.2837693 1.7262042 1.2413364 1.8483352 1.0278334 1.8709564 2.6135802 2.1556033 2.0115077 1.9903765 2.0443105 1.8862364 3.1502337 3.0930466 1.9783058 1.9783058 1.9520849 1.9054079 2.2638535 2.4984742 1.7399029 1.6118199 1.8958985 2.4309401 2.3719226 2.7979883 6.7331227 5.4562781 7.4694105 8.9999989 7.2947769 8.9999985 1.8558317 1.8633887 3.8178677 1.7352882 2.2929666 2.2929666 1.8215593 1.8572073 1.7391054 1.9744714 1.9886484 1.5450569 1.4404960 2.0944362 2.3531791 2.1174968 2.1927544 2.1202573 1.6728980 2.4259983 2.0370001 1.8449936 2.3206454 2.0720450 1.8297803 3.9600992 
Exapal_XM_021056591.2                                              3.3727737 4.1692786 6.4979653 0.3135338 4.7695686 7.2435940 1.7068435 0.7728019 1.3057417 1.4466548 0.7673001 0.8295593 0.9185887 0.8723833 0.0000000 0.1617700 0.1001892 1.1851947 0.4206305 1.1258989 1.0546734 1.1249610 2.3027471 4.1464466 4.1223937 0.7900367 0.9436760 0.6029531 1.4914370 1.5575584 1.5733515 1.8405401 0.7715240 1.4020357 1.8461323 1.6930019 1.4823734 1.0065348 1.3970740 0.9587513 0.9761511 2.0205505 1.5373933 1.6225502 0.7515039 1.5750434 1.5882611 1.5882611 1.6431129 1.4999975 1.4264695 1.4364070 1.5765623 1.0481973 0.9690968 1.8419270 2.5548911 2.1488074 2.0364795 1.2673685 1.4507375 2.2117439 1.7069091 1.7130690 1.9529712 7.8790513 1.7593273 1.4219799 1.7846516 1.6604320 2.1197896 1.5083454 1.8819852 0.8838451 1.6594041 2.7375109 2.2012160 2.1652492 2.1081720 2.1546454 1.9266454 3.6060839 3.3663745 2.1093708 2.1093708 2.0981989 1.9289222 2.3457412 2.3800697 1.6288954 1.5830126 1.8512949 2.5800846 2.5282475 3.1873489 8.9999988 7.8862034 8.9999988 8.9999990 8.9999985 8.9999988 1.9242817 1.8056211 4.0515595 1.9411936 2.5245502 2.5245502 2.0117842 2.0099062 1.9540764 2.0476292 2.0492413 1.6163712 1.6503186 2.1451234 1.9030715 2.3122982 2.3511095 2.3133193 1.4797556 2.5196624 1.7966017 1.9402335 2.4193337 2.3458953 1.9317779 3.5912866 
Nvec_v1g132837                                                     3.8459133 1.5468048 2.5757009 1.9791706 4.4970258 4.0400447 0.6476762 0.8007277 0.7542278 0.6979559 0.6819885 0.5134102 0.3203773 0.2949674 0.1617700 0.0000000 0.0000010 0.3234408 0.2777993 0.3229356 0.3329562 0.2318301 0.6531445 0.0000010 8.9999985 0.6310366 0.5075571 0.5418120 0.7402076 0.4258953 0.4850487 0.3401026 0.5233706 0.4570787 0.4778599 0.5871984 0.5378533 0.7485377 0.4809951 0.7061251 0.6197300 0.6221180 0.7083396 0.7901435 0.7628068 0.7130787 0.7130787 0.7130787 0.7301259 0.4467145 1.4096453 0.9085728 0.8409338 1.2024669 1.1079566 1.1157326 1.0593919 1.0593919 1.0134360 0.9017508 0.8687165 0.8347467 1.5341969 1.3020926 0.5203253 0.0000010 0.5217542 1.1136059 0.5490063 0.5376993 0.6678986 1.0011579 1.0289082 0.7094035 0.9290054 0.6694218 0.6252766 0.5198184 0.6694831 0.6300150 0.6300150 0.7344268 0.7344268 0.5431338 0.5431338 0.7070743 0.6636113 0.5404066 0.7469329 0.7469329 0.7469329 0.5927512 0.5927512 0.5927512 0.6480078 0.0000010 9.0000000 9.0000000 0.0000010 0.0000010 0.0000010 0.7025705 0.7025705 2.0975955 0.6250213 0.5197225 0.5197225 0.6054832 0.5599908 0.5370804 1.0359356 1.0424031 1.1475802 0.4687693 1.0006472 1.0006472 2.1034438 1.1323707 0.8656537 0.9821555 0.6328333 0.6045656 0.4813654 0.4652112 0.5213080 0.5048350 0.7863863 
Nvec_v1g7544                                                       4.3430760 0.6481065 1.9971078 0.0000010 3.5254385 3.9705741 0.3521733 0.9228601 0.7556731 0.6053638 0.4279430 0.3027899 0.2025012 0.2025012 0.1001892 0.0000010 0.0000000 0.1744960 0.1747061 0.2083139 0.2080939 0.2080939 0.4210426 0.0000010 9.0000000 0.4210426 0.3917025 0.3956440 0.3551117 0.2417627 0.2916126 0.2916126 0.5082774 0.3374438 0.2860788 0.4506510 0.3599972 0.6055457 0.3002068 0.4096280 0.5558402 0.4677339 0.5172627 0.6477040 0.6477040 0.5128707 0.5128707 0.5128707 0.5172627 0.2486722 0.0000010 0.6721876 0.5188327 0.0000010 0.7235391 1.5062994 1.2981363 1.2981363 1.0589412 1.3063642 0.9813965 0.5369694 0.0000010 1.5802674 0.3001067 0.0000010 0.3001067 1.1136059 0.2741746 0.1975054 0.4231078 1.0015914 1.0227885 0.0000010 1.0292243 0.4994012 0.5554124 0.5554124 0.5554124 0.5554124 0.5554124 0.7344268 0.7344268 0.5073228 0.5073228 0.5073228 0.5845714 0.5845714 0.6137628 0.6137628 0.6137628 0.5573195 0.5573195 0.5573195 0.5573195 0.0000010 9.0000000 9.0000000 0.0000010 0.0000010 0.0000010 0.7078778 0.7078778 0.7078778 0.3700641 0.4995305 0.4995305 0.4995305 0.4161411 0.3316638 0.9814778 0.8177309 1.1557706 0.3827229 0.8575014 0.8575014 2.0479959 0.9552009 0.8527902 0.7424505 0.6181543 0.5707642 0.4609613 0.4259814 0.5044217 0.4979759 0.8622195 
Gasp_gasp1.m3.11085.m1                                             4.2775781 3.4062388 3.1385007 4.3118587 4.4406809 7.1411251 1.6899317 0.7133342 1.2913556 1.3432509 0.8455951 0.9638441 0.6554667 0.6465933 1.1851947 0.3234408 0.1744960 0.0000000 0.0560755 0.6091829 0.6613662 1.1256347 2.0674729 8.9999981 6.5205092 0.7598998 0.6962198 0.6296633 1.3343163 1.5002786 1.8938471 2.9876798 0.6900664 1.5879484 1.6306902 1.6309225 0.7503547 0.9189327 1.6646387 0.8265018 0.9105986 1.8549547 1.4294932 1.5245075 0.6565506 1.5015287 1.5055340 1.5055340 1.5511358 1.4951740 1.0676882 1.3664597 1.2680331 0.9690362 0.9042155 1.7557960 1.9100077 1.7117246 1.8822342 1.1210273 1.2349084 1.7578589 1.1215343 1.8508005 1.3723110 6.2124759 1.7102326 1.8586541 1.9081262 1.5985854 2.1470519 1.6462864 1.9012528 0.9912294 1.6857787 1.3274462 2.1374521 2.1818737 2.0162383 2.1779204 1.8113553 8.9999981 8.9999988 2.4797922 2.4797922 2.3568497 2.0771159 3.2183189 2.6355414 1.4825208 1.2753048 1.4755723 1.9828839 1.9561078 2.5786985 8.9999983 8.9999981 8.9999986 8.9999981 8.9999980 8.9999984 1.5110035 1.4980484 4.3871914 2.0089096 3.4871426 3.4871426 2.1701034 1.6275851 1.9956020 1.9428523 1.6132119 1.7867266 1.2404566 2.2611025 1.8748290 2.2047138 2.1294717 2.1984270 1.3840838 3.2725535 1.3121515 3.1615308 3.2738852 3.4328317 2.4638872 3.0330101 
Fspp_ffun1.m4.27032.m1                                             4.5704947 1.5468048 3.3166765 2.9699355 3.7052677 4.1745072 0.7260039 0.7050536 1.1460039 1.1891768 0.8644829 0.9927393 0.1221417 0.1111446 0.4206305 0.2777993 0.1747061 0.0560755 0.0000000 0.1280786 0.0849352 0.1090547 0.9009132 8.9999981 2.5240147 0.7278977 0.7263949 0.6595722 0.8634831 0.6043947 0.8649883 1.0968925 0.6486957 0.6776405 0.6319603 0.8074892 0.6239841 0.8754245 0.6412380 0.7323746 0.8452629 0.9591334 0.7415533 0.7860218 0.6655867 0.7706579 0.7706579 0.7706579 0.8006006 0.6398062 1.1433138 1.2814750 1.0645774 0.9690362 0.9042155 1.5196299 1.4929906 1.6062733 1.4123135 1.0930245 1.0175299 1.0536330 1.0588537 1.5371177 0.8553135 8.9999982 0.8770075 1.9981064 0.9883715 0.7164477 0.9864612 1.2416853 1.3455025 0.9537379 1.3684914 1.0373112 0.9328402 1.0152293 0.9062230 0.9205125 0.9205125 0.7344268 0.7344268 0.9541355 0.9541355 1.0314099 0.8970835 1.0790703 0.9965252 0.9965252 0.9965252 1.0577932 1.0577932 1.0577932 0.9288166 7.5718028 5.4473977 9.0000000 0.0000010 0.0000010 0.0000010 1.1250402 1.1749005 2.4139119 0.8380716 1.0044098 1.0044098 0.8332847 0.7772446 0.9059676 1.5931627 1.5178201 1.4668223 0.7644102 1.6476500 1.6476500 1.8190494 1.1803881 1.1412369 1.3950437 1.3232085 0.9531195 1.3510699 1.2265589 1.1459717 0.9761425 1.3993719 
Gfas_gfas1.m1.4824.m1                                              4.0025843 3.9153273 4.8557962 1.5014067 3.7476871 5.6489908 1.7676636 0.7440056 1.3145908 1.4758392 0.7889024 1.0645841 0.3309714 0.3317781 1.1258989 0.3229356 0.2083139 0.6091829 0.1280786 0.0000000 0.3900971 0.3964317 1.9614346 3.1530745 3.0233088 0.9077022 1.0253167 0.7025320 1.3889284 1.4776338 1.7591822 2.0860063 0.9654454 1.4538934 1.7937063 1.6727760 1.1598327 1.0667545 1.3013821 1.2603747 1.0567956 2.0141755 1.6998966 1.5725771 0.6862369 1.6847705 1.6814661 1.6814661 1.7082393 1.6155034 1.1958616 1.8221405 1.7012494 0.9570334 0.9623654 1.8003277 2.6142509 2.2953084 2.0705383 1.2519401 1.4908677 2.1998756 1.6919230 2.0374455 1.7986593 6.2697367 1.7652451 1.0100742 1.9435348 1.6190523 2.0113980 1.6107591 1.9883984 0.9886613 1.9470512 2.5867202 2.2009600 2.1112559 2.0030203 2.0564217 1.8774542 3.0973778 2.9780119 2.0654880 2.0654880 2.0287055 1.9387585 2.3950533 2.5899010 1.7989477 1.6768803 1.8610806 2.5633539 2.4898159 2.8591257 6.2164566 6.6724810 7.5612749 8.9999981 7.4629572 8.9999990 1.9713677 1.8511540 3.8558484 1.6321651 2.3662042 2.3662042 1.8180659 1.9458616 2.0610721 2.3269201 2.3767372 2.1232978 1.8647457 2.5937342 2.2905049 2.4752039 2.5929305 2.3442095 1.7076525 2.8868059 1.8897865 2.6260242 2.6623428 2.4199157 1.7729941 4.0883487 
Amil_Amillepora20136-RA                                            3.9052077 4.3126408 4.1123837 1.8584672 3.6918195 5.7599364 1.7916911 0.7039418 1.3110327 1.4331959 0.8505874 1.1061719 0.3126307 0.3272098 1.0546734 0.3329562 0.2080939 0.6613662 0.0849352 0.3900971 0.0000000 0.0388600 1.8820942 2.7646298 2.7318256 0.9202241 0.9527789 0.6705099 1.4128644 1.3325984 1.7608983 2.0762279 0.9115800 1.3585957 1.6356623 1.4462201 1.2513640 1.1335659 1.3170492 1.0225986 1.0325813 1.9022551 1.5327362 1.4766455 0.6644590 1.5256306 1.5226109 1.5226109 1.5973433 1.4634753 1.0676882 1.6103002 1.4655152 0.9690362 0.9042155 1.9443276 2.5268982 2.1359535 2.0044362 1.2106139 1.4218282 2.3298616 1.5033347 1.8893757 2.1091306 8.9999983 1.7394644 2.0154805 1.8933609 1.5442385 1.9657378 1.5273050 2.0615072 0.9912294 1.8533071 2.7101669 2.3489051 2.2826517 2.1792708 2.2486703 2.0144401 3.9603841 3.7736355 2.2118798 2.2118798 2.1693373 2.1086511 2.5480981 2.7966112 1.9158762 1.5099289 1.8194000 2.8351613 2.7562130 3.0284095 8.1336779 6.4509185 8.9999988 8.9999985 8.9999986 8.9999981 2.0699932 1.9107122 4.1036544 1.8625722 2.6260294 2.6260294 2.0696127 2.1113025 2.0221784 2.1908783 2.0415701 1.5936062 1.6448967 2.3237197 2.3115994 2.3034037 2.3597456 2.4007648 1.6587367 2.8885603 2.0032795 2.0417894 2.6241076 2.2887202 2.1069492 4.3021726 
Adig_XM_015913965.1                                                4.5984615 3.7883815 4.2778400 6.1199895 3.4989477 5.6543981 2.0001656 0.7552435 1.4929076 1.6985761 1.3551712 0.9356727 0.3101296 0.3206266 1.1249610 0.2318301 0.2080939 1.1256347 0.1090547 0.3964317 0.0388600 0.0000000 2.0008336 2.3714827 2.3305067 1.0561030 1.2167503 0.5665969 1.5651732 1.4546113 1.8512598 1.8512598 0.7826417 1.4673901 1.8942470 1.5349694 1.6773817 1.3282369 1.3476336 0.9981798 1.1445629 2.1470408 1.6663857 1.5641711 0.5708942 1.6485408 1.6446941 1.6446941 1.6681033 1.6202644 0.0000010 1.8632810 1.6501206 0.0000010 0.7235391 2.7885529 3.9109799 4.6025263 2.5572360 1.6435963 1.8119800 2.7529382 8.9999983 2.1656067 2.5356986 8.9999982 1.9209837 2.0154805 2.1166644 1.6746403 2.1372799 1.6502882 2.3564027 0.0000010 2.6910846 4.2137822 2.6562141 2.1820989 2.5264247 2.5395649 2.2734894 3.4131416 3.0958086 2.3718410 2.3718410 2.3718410 2.4545384 2.4545384 2.9504504 1.9252917 1.7349422 2.1594321 3.1809270 3.0823617 3.8511862 6.8145508 5.6290436 8.0959604 8.9999987 8.0557259 8.9999989 2.5426051 2.6623814 3.9250010 2.2375353 2.5161183 2.5161183 2.4383491 2.6236679 2.2414053 2.7908544 2.5530793 1.8430579 2.0741282 2.7358954 4.0030657 2.6088211 2.7683009 2.7037524 1.9844150 2.6548015 2.0032795 1.8142199 2.3312984 2.0411614 1.9440194 5.9689909 
Spolac_c104452_g1_i1_m.40605c104452-g1                             4.1578205 4.5741421 5.0892268 1.0664605 6.1800670 6.8650266 2.2835244 0.8456996 1.7197750 1.4620509 0.7657520 1.2848522 2.0054261 1.9554477 2.3027471 0.6531445 0.4210426 2.0674729 0.9009132 1.9614346 1.8820942 2.0008336 0.0000000 0.0000010 0.0246102 0.1003235 0.5809030 0.3297859 0.8581329 2.3453417 2.5601653 3.4043742 0.9033219 2.4852541 2.6658117 2.3123346 1.2866422 0.7504756 2.4948819 1.0194272 1.3757594 2.7229483 2.1941945 2.4524052 0.8890563 2.3001346 2.3101744 2.3101744 2.3375739 2.4306233 1.1459534 1.6401382 1.7241552 0.9355466 0.9225117 2.5405848 3.2308126 2.2029719 2.8097447 1.5916586 1.7210324 2.9952900 1.5132722 2.0190896 2.2726260 8.9999982 2.6545667 3.1950891 2.8564815 2.2475423 2.9749963 2.0795372 2.0215311 0.6681803 1.5545254 1.8896563 2.6663030 3.0032710 2.6274580 2.8815223 2.3596686 6.2545070 5.0064738 2.7695548 2.7695548 2.6807607 2.5919491 3.5675280 3.8023148 2.1453409 1.7562522 1.9761201 3.3025496 3.1526838 3.7949924 8.9999980 8.9999985 8.9999980 8.9999982 8.9999982 8.9999983 2.1532320 1.8777974 5.0175852 2.4655096 3.8116776 3.8116776 2.6317527 2.5367960 2.5712353 2.5792586 2.0774395 2.1977539 2.3693359 2.6972070 2.3092886 2.9890771 2.5320555 3.4211035 1.9829883 2.3387944 1.9985370 2.8467691 3.8011170 3.7782164 2.4925464 4.9592504 
Spolac_c104452_g1_i2_m.40608c104452-g1                             1.6003842 5.5854274 8.9999989 1.9082586 7.4541873 8.0860593 4.8930728 9.0000000 3.0650343 2.9906037 0.0000010 0.4264662 3.0926495 3.0092387 4.1464466 0.0000010 0.0000010 8.9999981 8.9999981 3.1530745 2.7646298 2.3714827 0.0000010 0.0000000 0.0000010 4.4956055 9.0000000 0.0000010 2.8493298 4.2427213 4.3182497 4.3182497 1.1899651 4.6073477 8.5941789 4.3479273 5.1224437 4.3864091 4.1373624 2.6933747 3.3757393 5.7543858 4.2165069 4.5975900 0.0000010 4.5658135 4.6487069 4.6487069 4.2649431 4.7306218 0.0000010 5.3217794 3.3893489 0.0000010 0.0000010 8.9999980 8.9999987 8.9999989 8.2287069 3.6934117 2.8753960 8.7098404 6.6560086 3.2448396 5.8092358 9.0000000 5.1575838 9.0000000 6.0065868 4.1265127 6.2976508 4.4659031 3.3921182 0.0000010 3.3744996 8.7219225 5.7826122 4.5919974 4.8514891 6.1745798 4.8332025 6.4114055 4.9729626 4.8186980 4.8186980 4.8186980 5.2497147 5.2497147 8.9999984 3.4759571 3.9872873 6.0889957 8.9999988 8.9999986 8.9999984 8.9999990 8.9999984 8.9999981 8.9999982 8.9999982 8.9999983 5.4890520 8.9999987 7.1565672 4.9148559 5.8294843 5.8294843 5.7993520 6.6084041 5.2582179 5.1926596 5.0377941 4.0310913 6.5156179 5.5917587 9.0000000 6.1811223 5.1996645 6.4622294 8.9999989 3.2063495 7.1484533 4.0026438 6.5933135 5.4972440 2.8108010 8.9999984 
Spolac_c104452_g1_i3_m.40611c104452-g1                             6.2095277 6.1284630 8.9999984 1.9082586 6.5742417 7.9022785 4.5488925 8.9999986 3.9536147 3.6538933 7.4903849 4.0885750 2.9935754 2.9268882 4.1223937 8.9999985 9.0000000 6.5205092 2.5240147 3.0233088 2.7318256 2.3305067 0.0246102 0.0000010 0.0000000 4.6069278 9.0000000 3.0096297 3.0856595 4.2588019 4.7014068 4.5619719 2.2049957 4.9359151 6.7337362 4.1832809 4.3754945 3.7972389 4.4700301 2.9822468 4.2230772 5.4361282 3.9732809 4.6795972 8.9999989 4.3031564 4.3600396 4.3600396 4.0670674 4.3654489 6.3154928 5.0513870 3.5166113 6.6556578 6.6556578 8.9999983 8.9999990 8.9999984 7.9688137 5.7749075 3.8688245 6.8876817 6.9116666 3.8360398 6.3923524 8.9999982 5.1553059 8.9999983 5.9541899 4.1097635 5.9332019 4.7320575 4.3751339 6.8974269 5.5145810 6.9220570 6.3367314 5.7481987 5.5413148 6.6947565 5.9050357 6.5480563 5.2768524 5.2542813 5.2542813 5.2365515 5.5820656 5.5977057 8.9999987 5.1896801 7.1232606 7.3132535 8.9999983 8.9999989 8.9999981 8.9999990 8.9999984 8.9999990 8.9999982 8.9999982 8.9999983 6.8054959 8.8367448 8.9365597 5.3756465 5.9557696 5.9557696 5.8889590 6.3199985 5.1783990 6.6854672 7.4368778 4.3227853 5.0593246 6.4423840 8.9999988 7.4641371 5.2338860 6.4113367 8.9999987 3.0618771 4.9145824 4.1298603 5.9894202 5.4395156 3.3318359 8.9999980 
Spolac_c104452_g1_i4_m.40614c104452-g1                             4.4624870 1.3644048 2.3526374 0.0000010 5.1471690 4.6859213 0.6695479 0.8094419 1.0222364 0.6755435 0.6699354 0.7737829 0.9322830 0.9032184 0.7900367 0.6310366 0.4210426 0.7598998 0.7278977 0.9077022 0.9202241 1.0561030 0.1003235 4.4956055 4.6069278 0.0000000 0.2887893 0.3297859 0.3502459 0.8281684 0.9111617 1.2769431 0.6984511 0.8708772 0.5771571 0.8487975 0.7014336 0.3644589 0.8178291 0.6415226 0.7173576 0.7909239 0.7785821 0.8284145 0.8613060 0.7634499 0.7634499 0.7634499 0.8527179 0.7969576 1.1459534 0.8668623 0.8917833 0.9355466 0.9225117 1.3981807 1.2647091 1.2649649 1.1062034 1.0871036 0.9621186 0.9244390 1.1288411 1.2421443 0.5362733 0.0000010 0.7960373 1.2559683 0.8290962 0.8021684 0.8756786 1.0142868 0.7341791 0.6681803 0.6986584 0.4863189 0.7259017 0.7909336 0.9662336 0.9924902 0.7637731 8.7830474 0.7344268 0.9387950 0.9387950 1.0368306 0.9984059 1.3657385 1.2365461 0.8874247 0.8874247 0.7330679 0.9534836 0.9761499 0.9555182 9.0000000 8.9999988 8.9999988 9.0000000 9.0000000 9.0000000 0.9102942 0.9102942 2.5996689 0.7075128 1.2716006 1.2716006 0.8396246 0.8040430 0.7306379 1.0732133 1.1173442 1.2465593 0.8713840 1.0607435 1.0607435 1.6173044 1.1708934 1.3562800 1.2503112 0.6874632 0.7635028 0.6085255 1.0520940 0.9328044 0.9120174 1.4413652 
Stycar_augustus_masked-SC_scaffold100695-processed-gene-0.1-mRNA-1 6.6767280 4.4532519 3.8356435 0.0000010 7.5096727 4.7346448 0.7330105 0.7957208 1.2730410 0.9083119 0.6605471 0.7056965 1.0276874 1.0292897 0.9436760 0.5075571 0.3917025 0.6962198 0.7263949 1.0253167 0.9527789 1.2167503 0.5809030 9.0000000 9.0000000 0.2887893 0.0000000 0.0361278 0.2608936 0.7390110 0.7885355 1.2169386 0.6267720 0.9122171 0.6497436 0.7234742 0.6412043 0.5427541 1.1555987 0.9105275 0.9561027 1.0114031 1.1843791 1.3210465 0.8967918 1.2124090 1.2124090 1.2124090 1.1580894 0.9115920 1.7893642 1.2606074 1.0939017 0.7484510 4.0615024 2.4135352 2.1864659 1.8172892 1.7285095 1.2578947 1.1288502 1.2199958 5.5411479 1.6351279 0.8673480 0.0000010 0.9233288 0.7235690 0.8637582 0.9020102 1.0331554 1.2962532 1.0303925 0.3461905 0.7048300 0.4897705 1.1498880 1.4773218 1.1498880 1.1498880 1.1498880 8.9999984 8.9999984 1.1479740 1.1479740 1.1479740 1.1856023 1.5450006 1.2558319 1.2558319 1.0739513 1.0267077 1.1466292 1.1466292 1.1466292 8.9999989 8.9999981 9.0000000 9.0000000 8.9999986 0.0000010 1.1550304 1.0228798 2.4320362 1.0871874 1.3190235 1.3190235 1.0237285 1.0281721 0.9774109 1.7180727 1.5528201 1.6195786 0.9255035 1.2743324 1.1799266 2.2280258 1.5945043 1.2325216 1.3344373 0.8552585 0.8274738 1.0715012 1.3436561 1.3442343 1.3222564 1.4651977 
Stycar_augustus_masked-SC_scaffold127426-processed-gene-0.1-mRNA-1 6.7031383 1.4724194 2.5356975 0.0000010 7.8246449 4.1672364 0.4260328 0.8653766 1.1749925 0.6901450 0.7121520 0.5176240 0.6829549 0.7059961 0.6029531 0.5418120 0.3956440 0.6296633 0.6595722 0.7025320 0.6705099 0.5665969 0.3297859 0.0000010 3.0096297 0.3297859 0.0361278 0.0000000 0.0494562 0.4886219 0.4723902 0.5312950 0.5523566 0.5919059 0.4479585 0.5042622 0.5031941 0.4677245 0.8002747 0.6791141 0.7628647 0.6647336 0.8575220 0.9837723 0.9837723 0.8927879 0.8927879 0.8927879 0.8575220 0.5992609 2.0922703 1.0003491 0.8637236 3.0001525 4.0615024 1.9108005 1.6722820 1.6722820 1.4454216 1.0442724 0.9381842 0.8550314 5.5411479 1.3919066 0.5457687 0.0000010 0.5955805 0.7235690 0.6174332 0.5858155 0.7325442 1.0686192 0.6386036 0.3973192 0.6105023 0.4176551 0.8113460 0.8339506 0.8113460 0.8113460 0.8113460 0.7344268 0.7344268 0.7973251 0.7973251 0.7973251 0.8418104 0.8864046 0.9743169 0.9743169 0.9743169 0.8108625 0.8108625 0.8108625 0.8108625 0.0000010 9.0000000 9.0000000 0.0000010 0.0000010 0.0000010 0.9527457 0.9527457 1.9127952 0.6476495 0.7758133 0.7758133 0.7333826 0.7021194 0.6571036 1.4474108 1.3866916 1.3872884 0.6573458 1.1065859 1.1065859 1.9530369 1.2617134 0.8579880 1.2897149 0.4595068 0.3796997 0.5593311 0.6649050 0.6783183 0.8640505 0.9716916 
Stycar_maker-SC_scaffold136964-snap-gene-0.5-mRNA-1                7.3232792 3.5362552 3.6100367 0.0000010 6.4295532 6.7704450 1.3520876 0.9951434 1.6051763 1.4004399 0.8432912 0.6260290 1.4232640 1.4295380 1.4914370 0.7402076 0.3551117 1.3343163 0.8634831 1.3889284 1.4128644 1.5651732 0.8581329 2.8493298 3.0856595 0.3502459 0.2608936 0.0494562 0.0000000 1.2367872 1.3819376 1.7888216 0.7764240 1.3630254 1.2148993 1.5414583 0.9152221 0.5526504 1.5772385 0.9657409 1.1426198 1.7780509 2.1088217 1.9837767 1.0477855 2.0755369 2.0755369 2.0755369 2.0213344 1.4301113 1.4158495 1.2682444 1.5075831 1.3470128 1.3764438 2.1619173 2.5631902 1.9390321 1.9594550 1.2871350 1.5708178 1.7545715 2.6354059 1.8962212 1.2692387 8.9999986 1.6860725 0.7235690 1.4386679 1.4301731 1.5558397 1.5929179 1.2010831 0.5097934 0.7319759 0.8667970 1.4049784 1.3986600 1.4050792 1.2929373 1.2761740 2.2341883 2.3826743 1.3242547 1.3242547 1.4264879 1.4645208 1.7675957 1.6740370 1.2098782 1.0729467 0.9619434 1.2945395 1.2945395 1.9749147 8.9999990 8.9999989 8.9999989 8.9999980 8.9999984 8.9999988 1.3122630 1.1516943 3.3290009 1.2420520 2.0131369 2.0131369 1.4794655 1.3319729 1.6201981 1.6563044 1.5005679 1.7788287 1.1737968 1.8089165 1.5583365 2.2565422 1.9889892 1.8807194 1.3958339 1.8463423 0.7089108 1.5623507 1.9248486 2.2503661 1.7905984 2.5178986 
