154
Emue_Em0001g2411a.t1                              0.0000000 0.1292141 0.7010503 0.7839192 0.9593659 1.0089528 1.8121454 0.9311529 0.7042309 0.6039484 0.9234872 1.1719411 0.0000010 1.2822770 0.7691100 1.3575710 0.7138572 1.2587644 1.1913707 1.2024233 0.8146100 1.2255976 1.2822959 1.2647421 1.1362962 1.2168669 1.0167042 1.3339382 1.2139143 0.6844181 1.3312828 1.2199066 1.1719106 3.7842714 1.2524035 1.3071799 1.5269061 2.0969673 6.9090631 3.8419365 0.0000010 1.2715737 1.2092580 1.0343248 1.2759615 1.3072937 1.3072937 1.2858903 1.3331420 1.1027708 0.0000010 0.0000010 0.6282749 0.6628037 0.6282749 1.4607094 1.6258521 0.0000010 0.0000010 0.0000010 0.8731553 0.0000010 0.0000010 0.0000010 1.3609937 1.3816758 1.2068150 1.3566635 1.3912895 0.9017026 1.3138448 1.3991529 1.3699167 0.5959924 0.5959924 1.4427408 0.0000010 1.1594637 1.1594637 1.3502640 1.1588844 2.9104351 1.4104311 0.0000010 0.0000010 0.0000010 1.6249399 1.6249399 1.6249399 1.8534438 5.5111131 1.9228220 1.9228220 1.9134198 1.5990547 1.6763112 1.6579754 1.6763112 1.4558556 1.8048872 2.5793445 2.5793445 2.5955924 1.8588478 1.8710957 1.1451098 1.1743310 1.4534491 1.6341259 1.1765345 1.8851547 1.9188733 1.8704501 1.7226379 1.4989145 1.4634290 1.5612301 1.5055990 1.6122538 4.2084172 1.5180926 1.5174761 1.5950967 1.5703007 1.3653187 1.5721864 1.5166640 1.5634559 1.5558666 1.5081413 0.7608826 1.7984069 1.0032700 1.7584608 1.8785473 2.0227535 1.7552926 3.1179142 1.7887019 1.8832069 2.8519681 1.8433916 1.9277576 1.4875309 1.9539538 1.9539538 4.5192335 2.0835580 0.0000010 1.7602160 3.2644150 5.0100903 1.6963888 4.0958902 
Spolac_c104538_g1_i1_m.41268c104538-g1            0.1292141 0.0000000 0.8020329 0.7726174 0.9861121 1.0178919 1.7847909 0.9282860 0.7373344 0.9015331 0.9367072 1.2290842 1.1671543 1.2686815 0.7788644 1.3287896 0.6825996 1.2388751 1.2367862 1.2093712 0.7538853 1.4037039 1.3510472 1.3296800 1.2596484 1.3523315 0.9998882 1.4821407 1.3310908 0.6962425 1.3822827 1.3216754 1.2599205 1.3140405 1.3287604 1.3331911 1.4772809 2.2872723 1.7967633 2.2449791 1.4711923 1.3022905 1.2805353 1.2215591 1.3151148 1.4162563 1.4162563 1.3120816 1.3981118 1.2694084 2.0022806 1.9985713 1.8821513 1.8730562 1.9541517 1.5680315 1.7102944 2.6743237 2.7346016 2.2091343 1.4725790 2.4791618 2.5025159 1.6503650 1.4510251 1.4775810 1.3003839 1.4660936 1.5131770 0.9608425 1.3721652 1.5886438 1.5972471 1.7898980 1.8044207 1.6703563 1.7840579 1.3164148 1.0943311 1.5967021 1.6713552 2.2672336 1.4901523 1.6852122 1.6410741 1.7562736 1.6253330 1.7128033 1.6501074 2.8461078 6.0746952 2.0670749 2.0670749 2.0620400 1.6537395 1.7759227 1.7602292 1.7759227 1.4884971 1.8126842 2.7940053 2.7940053 2.8217313 1.9202333 1.9124728 1.3453741 1.3882433 1.5041633 1.5951854 1.3523469 1.8660101 1.9815995 1.9431096 1.8282894 1.8590580 1.5582720 1.6858140 1.4134948 1.6409230 1.9073440 1.7101196 1.7436763 1.7467423 1.5644291 1.4701420 1.5499395 1.5224374 1.6088468 1.5779083 1.4880642 1.1908819 1.2683759 1.2814507 1.7634773 1.9865382 2.2162928 2.1374113 2.8489141 2.1037631 2.1689397 2.5406908 2.2245869 2.1188509 1.5095803 2.2014052 2.2014052 4.3455861 1.8222944 1.3276032 1.7873738 2.6767649 1.5980144 1.6613227 2.8391776 
Emue_Em0024g36a.t1                                0.7010503 0.8020329 0.0000000 1.3323800 1.2057692 1.1806198 8.9999989 1.8622288 0.9784510 0.7128254 1.4284684 2.3074307 0.0000010 2.4098035 0.0000010 2.4494550 0.7708142 2.2601741 2.5151050 2.3937509 0.0000010 1.8764704 1.9252289 2.0195274 1.8634823 1.9088429 0.0000010 2.2793983 2.1755982 0.6093000 2.2745887 2.2974086 2.4239535 0.0000010 2.4428801 2.4938559 2.3277619 4.7451978 9.0000000 3.1452577 0.0000010 2.5548860 2.2380720 2.3457344 2.1795604 2.2798307 2.2798307 2.3847333 2.0639574 1.8362651 0.0000010 0.0000010 0.6282749 0.3941003 0.6282749 3.1901388 3.1252605 0.0000010 0.0000010 0.0000010 0.0000010 0.0000010 0.0000010 0.0000010 2.7258799 2.7258799 2.7258799 1.7457281 1.7457281 0.0000010 2.8928979 2.4950560 3.1552162 0.0000010 0.0000010 3.3760735 0.0000010 0.0000010 0.0000010 2.4197216 7.5605099 7.0521060 2.7402721 0.0000010 0.0000010 0.0000010 0.7708142 0.7708142 0.7708142 2.3467131 0.0000010 4.5190883 4.5190883 4.8215313 2.3302960 4.5190883 4.8215313 4.5190883 2.3302960 2.1610756 4.3611573 4.3611573 4.6697742 2.2301502 1.7478590 2.5101212 2.5101212 2.6723348 3.3951768 2.1960438 3.2346971 3.6502247 3.8193818 2.9391609 2.3546608 2.2699915 2.4758110 3.0377506 2.8179614 4.7217631 2.5505800 2.4169006 3.0490589 3.4305967 6.6404064 3.3950194 3.3950194 3.3167363 3.5144845 3.6519765 1.4499519 1.0434154 0.0000010 2.9126466 2.0407722 2.5007130 2.9898821 0.9712306 2.8507459 2.8945713 4.7459779 3.4169939 2.9633818 2.2250778 3.0408471 3.0408471 6.6316086 3.9314812 0.0000010 9.0000000 7.8089812 0.0000010 3.3820997 5.3572428 
Tetwil_g1601.t1                                   0.7839192 0.7726174 1.3323800 0.0000000 0.6751388 0.9774245 1.3892952 0.9240007 0.6871594 0.2997798 0.7882371 1.2135314 0.0000010 1.2470524 1.0758105 1.2649110 0.6778089 1.3431192 1.1959765 1.2476089 0.5864421 1.0819130 1.2681212 1.2127871 1.0718137 1.2083356 0.7721922 1.3835852 1.2053371 0.7234187 1.2875808 1.2169372 1.1960689 5.0267388 1.2575136 1.2820121 1.6260641 2.5759993 2.1301378 3.9518281 0.0000010 1.2806195 1.2820687 0.9219601 1.1699974 1.2212544 1.2212544 1.2420533 1.3889105 1.1260544 0.0000010 0.0000010 0.6282749 1.3846333 0.6282749 1.3680988 1.6966197 0.0000010 0.0000010 0.0000010 0.7742205 0.0000010 0.0000010 0.0000010 1.4593989 1.5185845 1.2290338 1.2894034 1.3676617 0.7503037 1.2868021 1.2845786 1.3263676 0.0000010 0.0000010 1.3834620 0.0000010 1.1327493 1.1327493 1.2682784 1.0628403 2.8379512 1.5623975 0.0000010 0.0000010 0.0000010 1.4624007 1.4624007 1.4624007 1.4502163 3.2521702 2.0654607 2.0654607 2.0824179 1.6094933 1.9372036 1.9506573 1.9372036 1.5224040 1.7284945 2.5224503 2.5224503 2.5665299 1.7570785 1.8647827 1.1583681 1.1968500 1.3408848 1.5703331 1.3153221 1.8034402 1.9609121 1.9230533 1.8114610 1.6149467 1.4744851 1.6526843 1.5502653 1.5646939 4.2084172 1.5816480 1.5444374 1.6816803 1.5563015 1.4340506 1.6499538 1.5675786 1.5550748 1.5366127 1.4869200 0.7503004 0.3596664 0.6608271 1.7075282 2.9157263 1.9120279 1.6609252 3.0173476 1.6994076 1.8078664 2.3786954 1.7716818 1.8969746 1.3565852 1.7859441 1.7859441 4.5248100 1.8006222 0.0000010 2.5206262 3.4892575 3.4444400 1.8289461 4.2932882 
Stycar_maker-SC_scaffold3993-snap-gene-0.5-mRNA-1 0.9593659 0.9861121 1.2057692 0.6751388 0.0000000 1.2060442 2.0557428 1.4863781 0.9785147 0.0000010 1.1185094 1.6361618 0.0000010 1.7337128 0.0000010 1.7310245 1.6236825 1.9563128 1.9457436 1.8002977 0.0000010 1.8244822 1.5454677 1.5924111 1.5459683 1.4896510 0.0000010 1.7621405 1.9942588 1.1600053 2.0329503 1.9900291 2.0078469 0.0000010 1.8524520 1.8591987 1.8098180 2.5793618 7.6122239 3.5430608 0.0000010 1.9816960 1.9104888 1.6547621 1.7586048 1.9633822 1.9633822 1.8747614 2.2667804 1.4236754 0.0000010 0.0000010 1.5310680 2.8433325 1.5310680 2.0469182 1.9459564 0.0000010 0.0000010 0.0000010 0.0000010 0.0000010 0.0000010 0.0000010 1.8178092 1.8178092 1.8178092 1.7003559 1.7003559 0.0000010 1.9490462 1.8400927 1.8365572 0.0000010 0.0000010 1.8947788 0.0000010 0.0000010 0.0000010 1.8790502 4.6540883 7.5353353 1.9600602 0.0000010 0.0000010 0.0000010 1.7676233 1.7676233 1.7676233 1.8671721 0.0000010 2.1765781 2.1765781 2.1309481 1.8359708 2.0507724 2.0025408 2.0507724 1.7586106 1.7745241 2.9374309 2.9374309 2.8739144 2.1405403 1.7472291 1.6885933 1.6885933 1.6417272 2.3054475 1.4771839 1.7581711 2.5845235 2.6169492 2.3563765 1.9795823 2.0598070 2.1940941 2.2645787 2.4734188 4.2084172 2.6779880 2.3035430 2.0023778 2.1436467 3.9216506 2.1406782 2.1406782 2.2194575 2.2342709 2.2031809 1.2380213 2.3730463 9.0000000 2.4637878 3.0529522 2.3448730 2.3982331 2.2436711 2.4102638 2.3674840 1.7196659 2.5420890 2.6242803 1.7313038 2.3475938 2.3475938 5.3350916 1.8741747 0.0000010 2.3852137 4.1486933 3.2957444 1.8911689 3.7781962 
Aque_Aqu2.1.42538_001                             1.0089528 1.0178919 1.1806198 0.9774245 1.2060442 0.0000000 0.0000010 0.0503964 0.4065749 0.0000010 1.0911857 1.4747615 0.0000010 1.6578231 0.0000010 1.8086232 0.0000010 1.8358660 1.6870467 1.7221775 0.0000010 1.3400052 1.9345794 2.3305653 2.3305653 2.2535098 0.0000010 1.5110149 1.6490932 0.5716907 1.7030704 1.7218924 1.9119663 0.0000010 2.0855474 1.7129671 1.7589727 2.8233618 8.9654416 2.6196537 0.0000010 1.8581995 1.9155481 1.4727172 1.9964068 2.3504185 2.3504185 1.9165744 1.9374015 1.6785896 0.0000010 0.0000010 0.0000010 0.0000010 0.0000010 1.4873697 1.4873697 0.0000010 0.0000010 0.0000010 0.0000010 0.0000010 0.0000010 0.0000010 1.4219444 1.4219444 1.4219444 1.4219444 1.4219444 0.0000010 1.5591042 1.4636691 1.5242914 0.0000010 0.0000010 1.7580939 0.0000010 0.0000010 0.0000010 1.5154486 3.7917910 5.8009741 1.4323614 0.0000010 0.0000010 0.0000010 0.0000010 0.0000010 0.0000010 1.4248738 0.0000010 2.5559044 2.5559044 2.4063569 1.5654598 2.5559044 2.4063569 2.5559044 1.5654598 1.5654598 2.5559044 2.5559044 2.4063569 1.5654598 1.5654598 1.6320046 1.6320046 1.7452280 2.3603464 1.7590474 2.5868402 2.1965543 2.2636923 1.9433884 2.2442269 1.6480582 1.8278409 2.3329619 1.9175804 4.7497561 1.9887265 1.8589066 1.9919841 1.6656782 3.3785069 1.6854968 1.6854968 1.7595201 1.7132004 1.7944397 1.3097026 0.0000010 0.0000010 2.2090124 3.9952381 1.6597907 1.5053096 1.8535131 1.5901745 1.6406988 0.6689965 1.7982380 2.0582342 0.9595485 2.0759145 2.0759145 4.4329524 1.9497243 0.0000010 2.2815885 3.3892348 0.0000010 1.5068758 4.0864547 
Aque_Aqu2.1.42537_001                             1.8121454 1.7847909 8.9999989 1.3892952 2.0557428 0.0000010 0.0000000 0.0246760 2.3148312 1.3802752 1.7317195 1.9592164 0.0000010 2.3079529 0.0000010 2.2719369 0.0000010 2.2734706 2.2009925 2.7268932 0.0000010 6.4623822 1.9917557 1.8602615 1.8664730 1.8788591 0.0000010 2.5751752 1.8936065 0.0000010 2.3860713 1.8777944 1.7604773 1.5245554 1.9872891 2.0260500 2.5847062 3.7836202 0.0000010 6.8080820 0.0000010 2.1111521 2.0155021 3.7958959 2.2283709 2.2132940 2.2132940 2.0513659 2.6088593 1.8154524 0.0000010 0.0000010 0.0000010 0.0000010 0.0000010 2.1669971 2.1669971 0.0000010 0.0000010 0.0000010 0.0000010 0.0000010 0.0000010 0.0000010 2.0552053 2.0552053 2.0552053 4.7470254 4.7470254 0.0000010 2.3439761 2.1573767 2.0399984 0.0000010 0.0000010 2.1720708 0.0000010 0.0000010 0.0000010 2.1751152 0.0000010 8.9999985 2.0602205 0.0000010 0.0000010 0.0000010 0.9783576 0.9783576 0.9783576 4.5974862 0.0000010 2.3522251 2.3522251 2.3522251 2.3522251 2.2251085 2.2251085 2.2251085 2.2251085 5.0603691 4.2939915 4.2939915 4.2939915 4.2939915 3.1823151 2.0348823 2.0348823 2.1193654 2.5642115 1.7484222 1.8079293 2.7619992 2.8370220 2.7745113 1.9452086 2.2565891 2.3813583 2.7566602 2.4963470 0.0000010 2.5099231 2.8960136 2.5877096 2.2965764 0.0000010 2.3098849 2.3098849 2.2397778 2.2997844 2.2353509 0.0000010 0.0000010 0.0000010 1.8369403 4.9485950 2.9387849 2.6891222 0.0000010 2.6536432 3.0483905 3.2689309 3.4805758 3.7370941 0.6872896 2.5597250 2.5597250 5.0669331 2.1993899 0.0000010 1.3290545 5.9768294 7.3102260 1.8028092 5.0153565 
Aque_Aqu2.1.42542_001                             0.9311529 0.9282860 1.8622288 0.9240007 1.4863781 0.0503964 0.0246760 0.0000000 0.3980412 0.5120650 1.0649761 1.3369182 1.1780700 1.3719232 1.0812924 1.3749330 0.8886419 1.4253186 1.4619973 1.4721339 0.8513954 1.5924926 1.5257204 1.5516089 1.5193804 1.5170973 1.1001324 1.5812454 1.4212951 1.0121401 1.4406754 1.3981854 1.4154269 1.2934540 1.4599899 1.4072544 1.5772410 2.6510116 1.7144124 2.2167778 1.6807826 1.5415322 1.4451012 1.4752629 1.5547823 1.5585046 1.5585046 1.5133260 1.5614436 1.3582408 2.0328896 2.0100790 1.9943683 1.9961565 2.1055954 1.6563141 1.7086403 2.5318387 2.6668062 2.3896806 1.5921367 2.4212648 2.8263519 1.7900182 1.5848268 1.6242685 1.4275341 1.4672509 1.5200328 1.0827500 1.5397505 1.6093143 1.5850666 1.8812921 1.8361272 1.6590881 1.6689691 1.4712198 1.1186743 1.6377604 1.7145611 2.3151690 1.5915819 1.7917649 1.7095022 1.7049501 1.7469231 1.7425258 1.8145553 2.9290639 6.2238084 2.0964904 2.0964904 2.0682784 1.7007442 2.0112224 1.9788999 2.0112224 1.6453926 1.9616928 2.8786148 2.8786148 2.8692753 1.9833446 1.9980310 1.4543420 1.5342047 1.4794030 1.8161429 1.5310670 1.8478338 2.1276889 2.0254462 1.9091464 1.9345315 1.7523710 1.7630386 1.7235385 1.7375502 1.8215268 1.7296233 1.8234402 1.8464532 1.4623259 1.4223648 1.4915094 1.4698801 1.5561675 1.4887530 1.4593552 1.4068410 1.2979454 0.7709376 1.7823166 2.2270527 2.2091431 2.0106751 2.7426349 2.0091300 2.0119447 2.3196638 2.2784480 2.1939776 0.6732602 2.1470351 2.1470351 3.9614989 1.8395140 1.5816728 1.8673025 2.8724796 1.4635234 1.5618353 2.9031146 
Halamb_c51936_g1_i1m.31753                        0.7042309 0.7373344 0.9784510 0.6871594 0.9785147 0.4065749 2.3148312 0.3980412 0.0000000 0.0358434 0.9382909 1.2003165 0.3403377 1.1171049 1.0020495 1.1876491 0.8043103 1.2247469 1.2655105 1.1961903 0.9260142 1.3427291 1.3563745 1.3310679 1.3179089 1.3317144 1.1258509 1.3571251 1.2293966 0.8767315 1.2541423 1.2357545 1.2458755 1.5489163 1.3135037 1.2254556 1.4858519 2.6999241 2.2014687 3.2037528 1.7877974 1.3471687 1.2621050 1.3347094 1.3981068 1.3873117 1.3873117 1.3053558 1.3268920 1.2521835 2.3896598 2.3896598 2.0515116 2.0014164 2.0515116 1.5431414 1.4554970 1.7635695 2.5077543 2.5077543 1.3872018 2.2992579 2.5077543 1.6887208 1.2807929 1.3265628 1.2532994 1.2902099 1.3409944 1.0018232 1.3397936 1.3976542 1.4329084 1.8097839 1.8097839 1.5113575 0.0000010 1.5152145 1.0619784 1.4507981 1.6863444 2.0359113 1.4181322 4.8415457 4.8415457 4.8415457 1.6396607 1.6396607 1.6396607 2.3855489 5.1303908 2.1821849 2.1821849 1.9168051 1.3609585 2.1821849 1.9168051 2.1821849 1.3609585 1.7023478 5.1372283 5.1372283 5.5981879 1.6002494 1.7053430 1.2459711 1.3040289 1.1587233 1.6411531 1.3988542 2.5422099 1.7855327 1.8003017 1.6349678 1.7016761 1.4053373 1.5229685 1.4032934 1.5185959 2.0187588 1.5749736 1.5256744 1.6302786 1.3814933 1.3715753 1.3954125 1.3700285 1.4596265 1.3841647 1.4060726 1.1733507 0.0000010 2.4517767 1.6518113 1.5309379 1.8240135 1.6171789 3.4842017 1.7143791 1.7266638 1.4351024 1.8186018 1.9380069 1.7452830 1.8293704 1.8293704 4.0876765 1.4194646 0.0000010 2.1416644 2.0263650 4.1677255 1.6167928 3.2848829 
Halamb_c48866_g2_i3mm.2818                        0.6039484 0.9015331 0.7128254 0.2997798 0.0000010 0.0000010 1.3802752 0.5120650 0.0358434 0.0000000 1.0305776 1.3258911 1.2700877 0.9487351 3.5529185 1.2895089 0.7098947 1.4993545 1.4624723 1.5133373 1.6037130 1.6105822 1.6249271 4.0952220 4.8051769 1.5384541 1.2930937 1.9700619 1.5084829 0.5741040 1.4522126 1.4826187 1.3651449 1.2012323 1.4700159 1.2923856 1.4341202 3.7139129 1.5643562 1.4607606 1.4582067 1.5319156 1.5022779 1.9663649 1.6350040 1.6494579 1.6494579 1.6612186 1.7645456 1.4396833 2.0077254 2.0035594 1.9052952 1.9052952 2.0408012 1.6750496 0.2836189 2.1846947 2.4797428 2.2616448 1.9763668 2.2308020 2.4711645 1.7002703 0.2568112 0.2568112 1.6524739 0.7128254 0.7128254 1.6431434 2.2914378 1.9642617 1.9002054 2.3261356 2.1045192 2.0816670 1.6582304 3.8362970 1.2930937 2.0971840 2.0426300 2.3556951 0.0000010 1.8402702 1.7283630 1.7251916 1.6425892 1.6416880 1.6901422 5.6733775 6.2942005 0.8554590 0.8554590 0.8554590 0.8554590 0.8554590 0.8554590 0.8554590 0.8554590 9.0000000 9.0000000 9.0000000 9.0000000 9.0000000 9.0000000 1.7427708 1.8719446 1.1782949 1.9701776 1.4905180 2.2442289 2.2873614 2.1197371 2.1929432 2.1939167 2.9095582 1.7491662 1.3248791 1.8150447 1.8948717 1.8452436 2.0423118 1.9049328 1.3916620 1.4108217 1.4121457 1.3954380 1.4937900 1.4278671 1.3624898 1.6568830 1.4139097 0.7040079 2.1000591 2.0445841 2.5981002 2.4945937 2.6944741 2.5642558 2.4530141 2.0699212 2.7964007 2.3851878 0.2472084 2.4913750 2.4913750 3.8899727 2.1369057 1.4843656 1.6862118 2.4066987 1.3392906 0.2568112 1.7844555 
Plespi_Pspi_scaffold14665_01                      0.9234872 0.9367072 1.4284684 0.7882371 1.1185094 1.0911857 1.7317195 1.0649761 0.9382909 1.0305776 0.0000000 1.2209965 1.1564928 1.1501622 0.8421411 1.2275166 0.7110190 1.1950034 1.1923025 1.2321961 0.8103412 1.2747121 1.3240587 1.4060856 1.3766295 1.3334496 0.9165034 1.4125503 1.2656735 0.8955323 1.2459618 1.2609976 1.2660457 1.1499101 1.2620091 1.2289672 1.4809385 3.1740644 1.5276413 2.0136713 1.5182796 1.2769582 1.2006628 1.3289052 1.2994553 1.3452698 1.3452698 1.3387911 1.3365518 1.2214061 1.7841355 1.7958159 1.7202604 1.7223010 1.9393063 1.5680158 2.0297458 2.2254657 2.4789649 2.2332004 1.4360769 2.0741670 2.5129827 1.5472179 1.6167986 1.6784403 1.3750999 1.4749679 1.5355753 0.9715662 1.5027793 1.5225816 1.6016750 1.8260591 1.7024092 1.6408875 1.4132432 1.4374832 1.1202680 1.5884670 1.6517542 2.1779237 1.8674393 1.7873966 1.5123723 1.5511206 1.4364520 1.4676978 1.5858727 2.7008065 4.8630316 2.2626715 2.2626715 2.3809230 1.6173161 2.2626715 2.3809230 2.2626715 1.6173161 1.7044985 2.3575692 2.3575692 2.4894646 1.6441783 1.9751470 1.3066169 1.3476982 1.3715004 1.5754984 1.4193407 2.3278845 1.9101112 1.8435755 1.6951434 1.8348489 1.4127920 1.5343208 1.2956526 1.5820116 1.7295845 1.5964138 1.6156153 1.5971182 1.4105911 1.3201631 1.4597292 1.4460236 1.4720752 1.4230641 1.3648598 1.1688782 1.2523931 1.5699008 1.7295453 2.1152574 1.9419803 1.8697354 2.6100391 1.9182170 1.9484397 1.5912661 1.9751851 2.0283187 2.1516128 1.9913242 1.9913242 3.8555862 1.2163805 1.2021581 1.5328442 2.6037891 1.5064651 1.5849188 2.4870673 
Lcom_lcpid16010                                   1.1719411 1.2290842 2.3074307 1.2135314 1.6361618 1.4747615 1.9592164 1.3369182 1.2003165 1.3258911 1.2209965 0.0000000 0.2320171 0.3332760 0.2360980 0.3268624 0.5030000 1.0943626 1.2078442 1.0931485 0.5359515 1.2048373 1.2601754 1.3366817 1.1991480 1.2624476 0.7185344 1.3595133 1.2548195 0.7246664 1.2774078 1.2572428 1.2257600 1.1485333 1.1863440 1.2475715 1.3254828 2.5378819 1.4883435 1.9479583 1.4176283 1.2238025 1.2495095 1.0734731 1.2622476 1.2869468 1.2869468 1.2643653 1.3221733 1.0632457 1.9046551 1.9202614 1.8165246 1.8159123 1.8986030 1.5276484 2.1595752 2.3344364 2.4062861 2.1773153 1.3278580 2.0844913 2.3937299 1.5720632 1.7222101 1.7790056 1.3284699 1.5902663 1.6704153 0.8251755 1.4222640 1.5156237 1.4692266 1.5600354 1.5945848 1.5083100 1.6894342 1.1634166 0.8482889 1.5127117 1.5016585 2.1333794 1.8062558 1.8534622 1.7020342 1.7402445 1.5324024 1.5681703 1.5702851 2.7123138 4.9996710 2.2288384 2.2288384 2.1955539 1.8070907 2.2093686 2.1701810 2.2093686 1.7637878 2.0539037 3.1404629 3.1404629 3.1271459 2.1437004 2.1134286 1.1447610 1.2020286 0.4306010 1.4891586 1.3954790 2.2474020 1.7733298 1.7057469 1.6571799 1.6256869 1.4032388 1.5598621 1.4470306 1.5254100 1.7638965 1.4572948 1.5452096 1.8162022 1.4287011 1.2603054 1.4800152 1.4358818 1.4685329 1.4733590 1.3669462 1.1646755 1.4321920 1.6175742 1.6557323 1.6848146 2.1162839 1.8922781 2.8713829 1.9327027 1.9397339 2.6539801 1.9680307 2.0757862 2.1715140 2.0550817 2.0550817 3.5768000 1.8159778 1.4055430 1.5466026 3.4538986 1.5835854 1.3616535 2.8584289 
Leuniv_Lniv_C784891_01                            0.0000010 1.1671543 0.0000010 0.0000010 0.0000010 0.0000010 0.0000010 1.1780700 0.3403377 1.2700877 1.1564928 0.2320171 0.0000000 0.0000010 0.0000010 0.2766613 0.0000010 1.0349638 1.1511920 1.1809721 0.0000010 1.3976523 1.1445205 6.6676473 6.6676473 1.1799178 0.0000010 1.5417701 1.2484199 0.0000010 1.1904650 1.2026037 1.1819714 1.0133274 1.1305212 1.0703794 1.2798612 0.0000010 1.3292344 1.1958195 1.2284428 1.1553186 1.2596034 1.1326674 1.2546278 1.3974780 1.3974780 1.5031553 1.5128703 0.9626141 1.9145993 1.9170602 1.6372057 1.6372057 1.8404893 1.4357098 0.0000010 2.6661002 1.9840155 1.7999300 1.4993725 1.7454907 1.4629736 1.5249376 0.0000010 0.0000010 0.0000010 0.0000010 0.0000010 0.0000010 5.0443851 1.6571980 1.6014078 1.7471657 1.6636409 1.6629729 1.4852043 1.3651621 0.0000010 1.5836637 1.5224077 1.7396565 0.0000010 1.7283025 1.6272394 1.6272394 1.5502741 1.5502741 1.5977557 5.4279558 5.6706189 0.0000010 0.0000010 0.0000010 0.0000010 0.0000010 0.0000010 0.0000010 0.0000010 0.0000010 0.0000010 0.0000010 0.0000010 0.0000010 0.0000010 1.4221564 1.6794694 0.0000010 1.3195118 1.3250531 3.6998997 1.6170178 1.5009401 1.6613884 1.8173534 3.1861634 1.5962420 2.3535819 1.5496885 1.6704587 1.4347145 1.5679056 1.8495030 1.2966763 1.2958514 1.2860269 1.2855810 1.2619166 1.3319066 1.1851451 1.2415830 1.4251975 1.4196065 1.4835103 1.6178381 2.7734030 2.3969695 2.4019577 2.4019577 2.2740208 1.1390921 2.2352558 2.1160267 0.0000010 2.2743846 2.2743846 3.7298688 1.2565092 1.2987888 1.2576326 3.2426304 1.1969292 0.0000010 1.6139245 
Gracom_Gcom_scaffold19100_01                      1.2822770 1.2686815 2.4098035 1.2470524 1.7337128 1.6578231 2.3079529 1.3719232 1.1171049 0.9487351 1.1501622 0.3332760 0.0000010 0.0000000 0.1387133 0.2680663 0.4001621 1.1271685 1.1031268 1.1106442 0.6219684 1.1278024 1.3488415 1.3591520 1.2058330 1.3378406 0.7581341 1.2853726 1.2234296 0.7498593 1.2759942 1.2452596 1.2197461 7.9179883 1.1708094 1.4894161 1.4242419 2.9060698 4.4162501 3.5383791 7.7112506 1.2060867 1.1788908 0.9420858 1.1647326 1.1660795 1.1660795 1.1880824 1.1608168 1.0865401 0.0000010 0.0000010 0.6282749 1.0395103 0.6282749 1.5620530 2.3278745 0.0000010 9.0000000 9.0000000 0.9438937 0.0000010 9.0000000 0.0000010 1.8854841 1.9433496 1.3515981 1.8230923 1.9133264 0.7877588 1.3875404 1.3457993 1.4386011 1.1793624 1.1793624 1.4231589 0.0000010 1.0505326 0.8049320 1.3999363 1.2222162 2.1869823 2.0724326 0.0000010 0.0000010 0.0000010 1.9918438 1.9918438 1.9918438 2.1278114 4.0221729 2.3199313 2.3199313 2.3161033 1.9183084 2.2473634 2.2401752 2.2473634 1.8514196 2.1216143 3.1946424 3.1946424 3.2329708 2.2580879 2.2882134 1.2312439 1.2832010 0.3972516 1.3190060 1.3851203 2.4270997 1.7633779 1.7547813 1.5029027 1.4029799 1.3557190 1.5137562 1.5054963 1.4884220 2.3329513 1.4565011 1.4789485 1.7504208 1.4579312 1.0892587 1.5373506 1.4896601 1.5253390 1.4833204 1.3941579 0.8422920 0.9314660 0.8187740 1.4396022 2.0938647 1.8940964 1.6628341 3.7842876 1.6414708 1.6367896 2.6439584 1.6955658 1.8142937 2.3539999 1.8518798 1.8518798 3.7134116 1.9599943 0.0000010 1.6631442 3.8663227 3.6808534 1.3987558 4.0846273 
Leuniv_Lniv_scaffold17894_01                      0.7691100 0.7788644 0.0000010 1.0758105 0.0000010 0.0000010 0.0000010 1.0812924 1.0020495 3.5529185 0.8421411 0.2360980 0.0000010 0.1387133 0.0000000 0.1794739 0.3408700 0.6016312 0.5585504 0.6398518 0.6366767 0.6596672 0.7244398 0.7844168 0.7844168 0.7666366 0.7561014 0.7224478 0.6347645 9.0000000 0.6448251 0.6541969 0.6497916 9.0000000 0.6315998 0.7797439 0.8894762 0.0000010 4.0019482 3.4159500 6.9016346 0.7333259 0.6201021 0.6703202 0.5585095 0.6041636 0.6041636 0.6178294 0.6155330 0.6471279 0.0000010 0.0000010 0.0000010 0.0000010 0.0000010 1.1858716 2.7588410 0.0000010 0.0000010 0.0000010 0.8332574 0.0000010 0.0000010 0.0000010 0.0000010 0.0000010 0.8142350 0.0000010 0.0000010 0.8142350 0.8448975 0.7923158 0.8486403 0.7926238 0.7926238 0.7858665 0.0000010 0.8231593 0.8025850 0.8031517 0.9324727 0.8318363 0.0000010 0.0000010 0.0000010 0.0000010 2.6806801 2.6806801 2.6806801 3.7028861 3.7028861 0.0000010 0.0000010 0.0000010 0.0000010 0.0000010 0.0000010 0.0000010 0.0000010 0.0000010 0.0000010 0.0000010 0.0000010 0.0000010 0.0000010 0.7623383 0.7515345 0.0000010 0.7392544 0.7328856 3.7231870 1.0212718 1.0044589 0.8065894 1.1723783 0.7844431 0.8960939 0.9697302 0.8148637 0.7674121 0.8942820 0.9599535 1.1263887 0.9501509 0.9658755 0.9600093 0.9637821 0.9199958 0.9416202 0.9224507 0.6460463 0.0000010 0.4212952 0.8223485 0.8765926 1.3738446 1.0879364 2.5693633 1.1392095 1.0771691 1.0617033 1.1767270 1.2626181 0.0000010 1.3255079 1.3255079 3.5071268 1.2005088 0.0000010 2.5849481 1.8363589 1.7209545 0.0000010 4.1707491 
Scil_scict024944.1                                1.3575710 1.3287896 2.4494550 1.2649110 1.7310245 1.8086232 2.2719369 1.3749330 1.1876491 1.2895089 1.2275166 0.3268624 0.2766613 0.2680663 0.1794739 0.0000000 0.4172677 1.1211863 1.2084100 1.1348746 0.5150804 1.2556222 1.3298385 1.3506495 1.2134141 1.2913138 0.7749334 1.4396847 1.2669181 0.7673544 1.2877349 1.2769938 1.2555395 1.1319867 1.1896913 1.3353599 1.4007310 2.8384443 1.4624093 1.9320618 1.3986241 1.2262683 1.2800824 1.1379154 1.2397422 1.2468922 1.2468922 1.3174307 1.3280076 1.1174224 2.0196493 2.0508056 1.8178050 1.8171932 1.9538874 1.6031013 2.3601003 2.5218333 2.4112805 2.2160839 1.3483046 2.1239244 2.3051262 1.5743051 1.8212072 1.8844484 1.3731241 1.7156774 1.8100714 0.8218220 1.4751351 1.5244590 1.5486448 1.6743268 1.6619168 1.5799570 1.6370136 1.2661698 0.8928988 1.5752510 1.5301815 2.1985178 1.9604259 2.0093140 1.6916407 1.7440240 1.4927412 1.5396052 1.6126234 2.7523478 4.8076595 2.2924596 2.2924596 2.2610077 1.8626580 2.2566716 2.2193619 2.2566716 1.8113967 2.1484386 3.2603152 3.2603152 3.2517616 2.2251268 2.3621051 1.2622120 1.3209244 0.4126922 1.4871603 1.4543703 2.1516866 1.8393305 1.8288443 1.6768293 1.7104819 1.4438962 1.6351617 1.4904730 1.5729336 1.7880089 1.5787342 1.5433102 1.8000655 1.4778106 1.3420822 1.5577499 1.5146663 1.5589234 1.5477025 1.4529965 1.1656039 1.3839953 1.7472473 1.6238363 1.7718722 2.1367301 1.9686780 2.8141841 1.9816441 1.8976151 2.6313821 2.0465629 2.1279245 2.1858425 2.1256549 2.1256549 3.7433472 1.8753081 1.3036330 1.4511418 3.3434966 1.6478254 1.4231022 2.7236486 
Clacor_Ccor_C521991_01                            0.7138572 0.6825996 0.7708142 0.6778089 1.6236825 0.0000010 0.0000010 0.8886419 0.8043103 0.7098947 0.7110190 0.5030000 0.0000010 0.4001621 0.3408700 0.4172677 0.0000000 0.4700459 0.5031546 0.5551023 0.5323694 0.6608669 0.6173393 0.7085077 0.7085077 0.6935647 0.7798741 0.6998954 0.5818236 0.8593830 0.6246700 0.5925360 0.5911868 8.9999985 0.5523747 0.6631745 1.0119368 0.0000010 0.0000010 3.5439490 0.0000010 0.6438200 0.5979177 0.5809635 0.5950224 0.6150111 0.6150111 0.5970184 0.5972520 0.5515283 0.0000010 0.0000010 0.0000010 0.0000010 0.0000010 0.9700622 3.4923235 0.0000010 0.0000010 0.0000010 0.6340110 0.0000010 0.0000010 0.0000010 0.6736454 0.6303050 0.6577176 0.6736454 0.6303050 0.6238992 0.7070419 0.6807116 0.6757525 0.5761753 0.5761753 0.7164822 0.0000010 0.7100131 0.7100131 0.7010459 0.8224535 1.1124907 0.6842648 0.0000010 0.0000010 0.0000010 2.0900557 2.0900557 2.0900557 1.3932521 3.1227314 0.7993697 0.7993697 0.0000010 0.7396453 0.7993697 0.0000010 0.7993697 0.7396453 1.6068355 0.7993697 0.7993697 0.0000010 0.7396453 1.6068355 0.5843601 0.5579007 0.6730450 0.6454118 0.8753763 3.9614996 1.0979142 1.0025425 0.9289499 1.1895358 0.7466986 0.8946900 0.8083329 0.7378464 0.0000010 0.7838479 0.8427906 1.0389985 0.8491669 0.8623752 0.8532811 0.8438619 0.9188617 0.8242673 0.8071172 0.5442926 0.0000010 0.9264690 0.8963239 0.6901255 1.2275871 0.9039892 3.0236590 0.9930350 0.9524478 1.0947454 1.1685852 1.1387494 1.1186042 1.3163852 1.3163852 3.7013821 1.5455177 0.0000010 0.0000010 2.5060969 0.8006005 0.0000010 5.5721175 
Skow_XM_006818781.1                               1.2587644 1.2388751 2.2601741 1.3431192 1.9563128 1.8358660 2.2734706 1.4253186 1.2247469 1.4993545 1.1950034 1.0943626 1.0349638 1.1271685 0.6016312 1.1211863 0.4700459 0.0000000 0.7131175 0.6689701 0.4910865 0.9887993 1.0395354 1.0341381 0.9406330 1.0292186 0.6412189 1.1744496 1.1070336 0.5189225 1.1031714 1.0991311 1.0397216 1.2148415 1.0739888 1.1432609 1.1466076 2.5398779 1.2299603 1.8309198 1.0724146 1.0429714 1.0217709 0.7455381 0.7453096 0.7519484 0.7519484 0.6690989 0.8903651 1.0757338 1.6508566 1.6627711 1.4848170 1.4898264 1.5521407 1.4127456 2.2667818 1.8590767 2.0421051 1.7275468 1.0617438 1.9116676 2.2077184 1.3046610 1.9345213 2.0194567 1.2701838 1.7193494 1.8353303 0.6094635 1.3581525 1.3174122 1.4163444 1.3885482 1.3851583 1.4188124 1.3661223 0.8833769 0.6534896 1.3457442 1.2369513 1.9180993 2.0063425 1.5625207 1.4461217 1.5217575 1.3259068 1.3936252 1.3508668 2.5761306 5.4010271 2.3627662 2.3627662 2.2941736 1.8055373 2.2929974 2.2126198 2.2929974 1.7272595 1.9231275 3.2560251 3.2560251 3.1775808 2.1024248 2.0200478 1.2487258 1.2522292 1.4158484 1.0718294 1.1818406 1.8805832 1.8390013 1.7740821 1.6631157 1.5726879 1.3377221 1.5573698 1.2594817 1.4985526 1.7987634 1.4633794 1.5104434 1.6619807 1.2411346 1.0777832 1.2503609 1.2074827 1.3089461 1.2534219 1.1723495 0.9288769 1.3487313 1.3974026 1.2865219 1.7572096 2.0327677 1.6886927 2.6619842 1.7356678 1.8362876 2.6494792 1.9287214 1.9215081 2.0171190 2.0405429 2.0405429 3.9939552 1.0067008 1.2961444 1.3334632 3.7633336 1.0337751 1.7350445 2.8653733 
Hsap_ENST00000356352                              1.1913707 1.2367862 2.5151050 1.1959765 1.9457436 1.6870467 2.2009925 1.4619973 1.2655105 1.4624723 1.1923025 1.2078442 1.1511920 1.1031268 0.5585504 1.2084100 0.5031546 0.7131175 0.0000000 0.7072821 0.4902283 1.0125574 1.0337269 1.0204179 0.9434379 1.0298617 0.5597041 1.1827643 1.0556892 0.4241500 1.0695892 1.0575174 1.0434207 1.0823288 1.0240677 1.1265130 1.1735488 2.3920564 1.2557696 1.6749760 1.1185878 1.0380121 1.0617682 0.7901173 0.8165068 0.8444607 0.8444607 0.8218865 1.0549429 1.1692340 1.7685457 1.7761971 1.8310205 1.8397662 1.8233505 1.4467615 2.0380555 2.1305147 2.2989216 2.0809616 1.2825677 1.9772655 2.7122098 1.4737463 1.7348203 1.8179503 1.2638494 1.6507822 1.7814178 0.6868115 1.3028077 1.4035999 1.4271772 1.4842803 1.5144236 1.4221252 1.7043174 0.9639703 0.6653573 1.4108722 1.3884974 2.0309148 1.7665432 1.6000621 1.5234058 1.5568881 1.4777971 1.5055296 1.5141789 2.4972184 4.9254554 2.2629142 2.2629142 2.1950330 1.7480331 2.1919390 2.1125538 2.1919390 1.6739260 2.1193298 3.1096122 3.1096122 3.0320310 2.0371084 2.3067536 1.2687715 1.2869154 1.3942888 1.0909286 1.1985032 1.8879032 1.9372653 1.8927286 1.6505275 1.6605668 1.3593282 1.6121277 1.2999246 1.4620152 1.7680545 1.5938134 1.5626275 1.6245825 1.3070600 1.1814929 1.3258162 1.2878118 1.3527575 1.3115567 1.1951216 1.0108525 1.3341578 1.7261385 1.2787684 1.8309159 2.1621347 1.9064497 2.6585886 1.8804462 1.8861912 2.1478092 2.0073980 2.0618931 2.0468312 2.0056940 2.0056940 3.8033466 1.0205659 1.3503691 1.1250899 3.1916147 1.2114753 1.7788676 2.6032358 
Bralan_BLAG05000944_1                             1.2024233 1.2093712 2.3937509 1.2476089 1.8002977 1.7221775 2.7268932 1.4721339 1.1961903 1.5133373 1.2321961 1.0931485 1.1809721 1.1106442 0.6398518 1.1348746 0.5551023 0.6689701 0.7072821 0.0000000 0.4559105 1.0374496 1.0484956 1.0098342 0.8989516 1.0272826 0.5527433 1.1498091 1.1411664 0.4783663 1.1172886 1.1315203 1.0866735 1.2096708 1.1376316 1.1925098 1.2271451 2.3088210 1.2703659 1.7426314 1.2468793 1.0471445 1.0644601 0.8157634 0.7394498 0.7612631 0.7612631 0.8116371 0.9712593 1.1635573 1.8953460 1.9310902 1.6626096 1.6638176 1.7371026 1.4519614 2.0318776 2.2628378 2.0824473 1.9817321 1.2415759 1.9422276 2.1041750 1.6468841 1.7774694 1.8816103 1.2797228 1.6259766 1.7803408 0.7149844 1.3327819 1.3905386 1.4679843 1.6280648 1.6167802 1.4723771 1.5443984 0.9931864 0.7741102 1.4127507 1.3773506 1.9743188 1.8283068 1.6880889 1.5115300 1.5344142 1.4176368 1.4394537 1.4977118 2.3867590 4.7963864 2.3804625 2.3804625 2.3157802 1.8261858 2.2818247 2.2054999 2.2818247 1.7366490 2.1604759 3.0450929 3.0450929 2.9733674 2.0430413 2.3402497 1.2501734 1.2885707 1.3644623 1.0710412 1.2052563 1.6883270 1.8903888 1.8235897 1.6406681 1.6273533 1.3677613 1.5877728 1.3223027 1.4481246 1.6845772 1.5275058 1.5289515 1.5783221 1.3186422 1.2410253 1.3657671 1.3161680 1.3806629 1.3599943 1.2477636 1.0005108 1.5382289 1.4637360 1.2108715 1.8082136 1.9556978 1.8036679 2.4876985 1.7575218 1.8687604 2.4862804 1.9898842 2.0212985 2.4617999 2.0547699 2.0547699 3.7959975 0.9251619 1.3848274 1.2487205 2.9037052 1.1429674 1.9388603 2.2961472 
Morvir_scaffold1415.g1.t1                         0.8146100 0.7538853 0.0000010 0.5864421 0.0000010 0.0000010 0.0000010 0.8513954 0.9260142 1.6037130 0.8103412 0.5359515 0.0000010 0.6219684 0.6366767 0.5150804 0.5323694 0.4910865 0.4902283 0.4559105 0.0000000 0.2116602 0.1890374 0.2089612 0.2089612 0.1987511 0.2294035 0.2361205 0.3120080 0.0000010 0.3244913 0.3120080 0.3163508 8.9999988 0.3431402 0.3025930 0.5222366 0.0000010 0.0000010 3.0196359 0.0000010 0.3923468 0.4436295 0.5347128 0.4413422 0.5442713 0.5442713 0.4898155 0.5367734 0.6153137 0.0000010 0.0000010 0.0000010 0.0000010 0.0000010 1.2287295 2.9894266 0.0000010 0.0000010 0.0000010 0.6210413 0.0000010 0.0000010 0.0000010 0.0000010 0.0000010 0.5943507 0.0000010 0.0000010 0.5943507 0.6543774 0.6094455 0.6007441 0.5301662 0.5301662 0.5860800 0.0000010 0.6356371 0.6356371 0.6067098 0.6212300 0.6441600 0.0000010 0.0000010 0.0000010 0.0000010 2.3799129 2.3799129 2.3799129 3.9497778 3.9497778 0.0000010 0.0000010 0.0000010 0.0000010 0.0000010 0.0000010 0.0000010 0.0000010 0.0000010 0.0000010 0.0000010 0.0000010 0.0000010 0.0000010 0.6100937 0.5959652 9.0000000 0.7256379 0.0000010 3.5109896 1.0343770 0.9753328 0.8691608 1.4756709 0.6713228 1.0416564 0.9112928 0.8360709 0.0000010 0.8813481 0.8180083 0.9853669 0.9287172 0.9264582 0.9345773 0.9588643 0.9355570 0.8478434 0.8143600 0.4149907 0.0000010 0.5388995 0.8064518 1.3540873 1.2646167 0.9271409 2.6021955 0.9670472 0.8662261 0.8054882 1.0440098 1.1402664 0.0000010 1.2780092 1.2780092 3.4978269 1.0647454 0.0000010 0.0000010 1.4533869 0.6215172 0.0000010 4.9001402 
Chem_TCONS_00051419                               1.2255976 1.4037039 1.8764704 1.0819130 1.8244822 1.3400052 6.4623822 1.5924926 1.3427291 1.6105822 1.2747121 1.2048373 1.3976523 1.1278024 0.6596672 1.2556222 0.6608669 0.9887993 1.0125574 1.0374496 0.2116602 0.0000000 0.6682458 0.6833444 0.6372364 0.6754608 0.3553751 0.5780014 1.0034338 0.6003317 0.9922307 1.0108689 0.9794382 1.0262244 0.9415873 1.1063201 1.0838851 2.0783794 0.8618604 1.3910530 0.6927969 0.9798055 0.9699339 1.0676031 1.1293716 1.1634661 1.1634661 1.1686871 1.2536446 1.2239698 1.9273654 1.9563002 1.8635670 1.8517677 2.0134215 1.4885119 2.5853098 1.8960684 2.1372377 1.9847596 1.3019124 1.7426716 2.2527965 1.5372693 1.9277489 2.0044292 1.1930901 1.4059737 1.4410559 0.7287943 1.2766021 1.4231134 1.4107405 1.5354375 1.5582590 1.4736723 1.7612990 0.8597400 0.6172293 1.4190491 1.4179804 1.6970075 1.9566360 2.1741820 1.8366446 1.9662912 1.6662016 1.7667830 1.8141683 2.5160680 4.1195730 6.3607867 6.3607867 7.1438155 2.1897008 6.8930908 8.1474289 6.8930908 2.1372812 2.3941147 7.0526350 7.0526350 8.2968268 2.1955011 1.9298336 1.1249157 1.1722965 1.4469147 1.3774782 0.9311700 2.2926134 1.9161985 1.8285384 1.7282390 1.7551080 1.3402785 1.6117544 1.2999116 1.5166454 1.7232206 1.5792521 1.5763089 1.6444717 1.3356514 1.2221681 1.3769058 1.3021402 1.3630021 1.3533325 1.2694177 0.9559983 1.6314436 2.0595337 1.6418258 1.7898913 2.1638703 1.7014379 2.3968700 1.7131107 1.9548195 1.9496211 2.1736160 2.1961616 6.6582930 2.0754259 2.0754259 3.9264549 2.1061166 0.7674741 1.2187552 3.0169720 1.4558345 2.2031269 2.4582911 
Sanmal_Sma_009400-T1                              1.2822959 1.3510472 1.9252289 1.2681212 1.5454677 1.9345794 1.9917557 1.5257204 1.3563745 1.6249271 1.3240587 1.2601754 1.1445205 1.3488415 0.7244398 1.3298385 0.6173393 1.0395354 1.0337269 1.0484956 0.1890374 0.6682458 0.0000000 0.3157374 0.3362246 0.3554465 0.2058256 0.7031103 0.9088305 0.4411128 0.9136031 0.9036868 0.9271529 0.9776078 0.9576212 0.9665898 1.1069629 1.9066839 0.6194354 1.1585162 0.4654774 0.9882475 0.9601302 1.0036341 1.1686367 1.2304338 1.2304338 1.2050706 1.2640395 1.2049491 1.9375505 1.9722362 1.7271129 1.7321299 1.8380891 1.4257997 2.0926172 1.5818583 2.0279118 2.0845793 1.2543828 1.6856056 2.1807390 1.4365099 1.6554824 1.6902654 1.1950902 1.6336115 1.6899154 0.6580462 1.3177146 1.3847852 1.4241907 1.4681506 1.5009296 1.4504749 1.6657362 0.8931560 0.6012347 1.4191820 1.3499799 2.1081434 1.7771856 2.0488151 1.6852893 1.7886988 1.5384612 1.6182282 1.6780000 2.5915951 4.6821236 2.0949282 2.0949282 2.0529475 1.7849221 1.7676111 1.7164992 1.7676111 1.5989499 2.0806531 2.9629987 2.9629987 2.9293602 2.1368398 2.2858270 1.2090898 1.2225557 1.5817941 1.4571692 0.7239616 0.8619188 2.0130240 1.9585328 1.7424098 1.8184306 1.4427920 1.6636547 1.3721163 1.6592687 1.6564030 1.6699483 1.5664978 1.6837250 1.3703181 1.2273023 1.3553566 1.3197197 1.3830838 1.4168211 1.2953078 0.8970509 1.8261196 2.0173650 1.6482366 1.8763001 2.1073819 1.8234996 2.5560965 1.8160241 1.9061424 1.9366075 2.1740418 2.1207601 2.0167853 2.0316754 2.0316754 3.6817748 1.5102886 1.0298905 1.0556159 3.5189656 1.5300693 1.7794466 2.4187319 
Nemnom_g9540.t1                                   1.2647421 1.3296800 2.0195274 1.2127871 1.5924111 2.3305653 1.8602615 1.5516089 1.3310679 4.0952220 1.4060856 1.3366817 6.6676473 1.3591520 0.7844168 1.3506495 0.7085077 1.0341381 1.0204179 1.0098342 0.2089612 0.6833444 0.3157374 0.0000000 0.0034873 0.0961774 0.1637481 0.7259237 0.8742100 0.5929927 0.9179753 0.8713717 0.8982602 3.2777044 0.9154548 0.9767254 1.0341554 2.0008379 2.6613556 3.5041386 2.5231622 0.8925645 0.9136874 0.9104179 1.0440249 1.0857269 1.0857269 1.0252440 1.1934153 1.1524610 0.0000010 0.0000010 5.7249852 5.1179047 4.0889907 1.3831030 2.0154472 0.0000010 9.0000000 9.0000000 1.0034539 0.0000010 9.0000000 0.0000010 1.6772270 1.6918336 1.2182458 1.7597159 1.7920360 0.7222326 1.2474470 1.2742534 1.3040068 1.1162687 1.2475937 1.3319619 8.9999989 0.8600834 0.6372590 1.3566105 1.2766370 2.1736280 1.7742746 0.0000010 8.4300763 8.4300763 2.5202072 2.5202072 1.5430306 2.1269743 4.0497686 1.9440426 1.9440426 1.9066686 1.7276513 1.7223285 1.6758547 1.7223285 1.5957912 2.0314787 2.7743509 2.7743509 2.7506709 2.0885127 2.2644277 1.1630132 1.1971556 1.5604852 1.2771965 0.7213721 0.5472945 2.0259049 2.0220832 1.7980612 1.6541769 1.4311699 1.7148488 1.4433660 1.6313756 6.3582158 1.5839491 1.5172794 1.6671631 1.3936924 1.1595382 1.4334041 1.3761025 1.4619204 1.4026681 1.3137823 0.7170390 3.9879241 4.6218113 1.4188756 1.7728884 2.1244079 1.6906677 3.5945399 1.6414472 1.7374129 2.0724601 2.1377493 2.0450297 2.1209670 1.9356053 1.9356053 4.2359368 1.4472902 8.9999983 2.9075575 4.0192245 3.2603962 1.6699034 4.2941285 
Nemnom_g4769.t1                                   1.1362962 1.2596484 1.8634823 1.0718137 1.5459683 2.3305653 1.8664730 1.5193804 1.3179089 4.8051769 1.3766295 1.1991480 6.6676473 1.2058330 0.7844168 1.2134141 0.7085077 0.9406330 0.9434379 0.8989516 0.2089612 0.6372364 0.3362246 0.0034873 0.0000000 0.1130097 0.1637481 0.7090121 0.8925695 0.5929927 0.8824778 0.8914014 0.9381753 5.8469478 0.9093115 1.0022357 1.0341554 2.0008379 2.6613556 3.6276168 2.5231622 0.8998736 0.9015838 0.9104179 0.9934278 1.0312289 1.0312289 0.9735405 1.1033225 1.0863639 0.0000010 0.0000010 5.7249852 5.1179047 4.0889907 1.3655327 2.3816445 0.0000010 9.0000000 9.0000000 1.0034539 0.0000010 9.0000000 0.0000010 1.6846891 1.7067739 1.1544317 1.7069817 1.7354813 0.7222326 1.1896899 1.2048253 1.2500048 1.1162687 1.2475937 1.2762892 8.9999989 0.8600834 0.6372590 1.3047505 1.2766370 1.8454497 2.0155680 0.0000010 8.4300763 8.4300763 3.1092313 3.1092313 1.8445143 2.1369549 4.0497686 2.2721499 2.2721499 2.2020490 1.7431757 2.2721499 2.2020490 2.2721499 1.7431757 2.0441698 2.2721499 2.2721499 2.2020490 1.7431757 2.2296628 1.0996773 1.1327219 1.4517792 1.1942104 0.7591993 0.9338611 1.9313577 1.9009193 1.6683987 1.6541769 1.2939510 1.5990820 1.3230794 1.4910030 6.3582158 1.4466504 1.4870437 1.5938478 1.3890713 1.1595382 1.4414393 1.3728269 1.4656254 1.4071146 1.3314606 0.7170390 3.9879241 4.6218113 1.3899031 1.7728884 1.9818814 1.5601102 3.5945399 1.5379273 1.6062976 0.6300650 1.9862669 1.9340508 6.9339649 1.8369462 1.8369462 4.2905338 1.6566383 8.9999983 2.9075575 3.8884495 3.4826794 2.0069021 4.2709095 
