117
Skow_XM_006817242.1                                     0.0000000 0.0000010 1.1101796 0.7631209 0.8564061 0.8353820 0.8040083 0.7141744 0.7526640 0.9197608 1.0217970 1.0217970 1.0604848 1.0258253 1.0712478 1.0829830 1.1343289 0.8609275 0.0000010 0.9334705 0.9364239 0.0000010 1.5811047 1.1493379 1.2081405 1.0926155 1.2512470 1.2250763 1.2026651 1.2364402 1.2107468 1.1952637 1.5693677 1.6483767 1.5578474 1.4674616 1.6776458 1.7131504 1.5722757 1.5599998 1.9001834 1.7233779 2.3332753 1.7613764 1.7613764 1.4257299 1.4680736 2.0895296 2.0813273 2.1363909 1.8246896 1.8627523 5.9224793 1.8891098 1.4890771 1.4890771 1.5489471 1.6714346 1.4239225 1.9414101 1.8090939 1.9247630 1.7896460 1.9004333 2.0915041 2.5047510 1.8466855 1.7815010 1.9048615 1.6018918 1.4679210 0.0000010 1.9892210 1.8688331 2.2541795 1.6980919 2.2718022 2.9399558 2.2718022 2.3265232 2.1409754 2.2751856 2.2751856 2.2751856 0.0000010 0.0000010 1.9552754 0.0000010 2.4168659 0.0000010 0.0000010 2.8535697 2.5621376 2.2530011 2.7881999 2.0096477 9.0000000 0.0000010 1.8385416 1.6232538 6.6257198 6.6257198 1.7450003 1.6791561 1.7682070 2.8942573 3.3385102 3.6224952 3.6224952 3.4581318 3.4532526 1.6143032 1.6143032 1.7192091 2.2876597 2.0500883 2.0500883 
Adig_XM_015903082.1                                     0.0000010 0.0000000 0.0253503 0.6008171 0.7220858 0.5972674 0.4717873 0.6607799 1.0306659 1.3864710 1.4109046 1.3997844 1.2491143 1.4638757 1.4119964 1.3983088 1.6943183 1.3881806 1.3214637 1.2672620 1.2554373 1.3394135 1.6534693 1.5499204 1.5597079 1.9461143 1.4126226 1.6681383 1.4276385 1.4432301 1.5373554 1.4222199 1.6845407 1.5795103 1.5993762 1.9704559 2.0119556 1.4733306 1.7347699 1.6821289 2.6660598 1.8870953 2.9991820 1.8233312 1.8233312 2.4194818 2.3429807 0.0000010 9.0000000 2.1308591 2.2905164 2.3637539 2.0867457 1.9519765 4.7812788 2.3130919 2.4450055 1.6906263 1.8509541 1.8561972 1.5677181 1.7649172 1.7371998 1.9414784 1.6774875 1.8509586 1.8283145 1.9193637 1.9915751 1.8174037 1.4384789 2.3910610 1.5998028 1.9064161 1.8250091 6.8969592 1.7884073 1.6704711 1.7951353 2.1526401 1.8144516 1.6837887 1.7612570 1.7612570 1.8708115 1.4873647 1.8873267 2.1176364 2.0873592 1.8910965 2.2988489 1.8393634 1.9393864 1.7941264 2.4922686 5.8958098 5.8958098 6.8969592 3.0453856 1.8055406 2.2193971 2.2489102 2.6517050 2.7446023 2.5224186 1.8068265 2.6740830 2.4897357 2.4954901 2.3245256 2.3245256 2.3910610 2.3910610 6.8969592 6.8969592 5.2586816 5.6518916 
Amil_Amillepora03364-RA                                 1.1101796 0.0253503 0.0000000 0.5152257 0.6136398 0.5049352 0.4169960 0.7799929 1.0319114 1.4048485 1.4429867 1.4348801 1.4088882 1.4967590 1.4272460 1.4300494 1.8184813 1.4813142 1.3081352 1.4899855 1.5424702 1.3690425 1.9630914 1.6379522 1.7321569 1.8823810 1.5108122 1.7577561 1.8210472 1.7810112 1.7892930 1.5941991 1.9541196 2.0410034 1.9453436 1.8786911 1.9467543 1.6286977 1.7170998 2.1096540 2.8118961 1.9038611 2.8847995 2.4580040 2.4580040 2.2974513 2.2166714 2.3760303 3.1481391 2.6077545 2.4247767 2.6614628 2.7186256 2.1031805 2.3614357 2.3044258 2.4751806 1.9488174 1.9741454 2.1811035 1.8950583 2.0722364 2.2385117 2.4059373 2.4317402 2.5836727 2.3840276 2.5188312 2.4564508 1.9653898 1.8649062 2.1106570 2.3352531 2.1663831 2.2484715 1.6115512 2.1677894 3.1804149 2.1921104 2.3623769 2.1316230 2.0752610 2.1119039 1.9457400 1.8571801 1.4873647 1.9950683 2.1515350 2.2008206 1.9943146 2.3121672 2.2831549 2.3433484 2.2464169 2.6319451 2.4510836 2.6044094 2.2091833 2.3074851 2.1308108 2.3296451 2.3594612 2.5174737 2.4893807 2.8578728 2.0813841 3.4404871 3.2054242 3.2087812 3.0505434 3.1011069 2.4931465 2.4931465 2.6827647 4.0521646 4.2272913 4.4563459 
Spis_XP_022795707_1                                     0.7631209 0.6008171 0.5152257 0.0000000 0.1450276 0.3205339 0.2868783 0.7054278 0.9085458 1.1761799 1.2083247 1.1964183 1.1663007 1.2453586 1.2554766 1.2615657 1.5540290 1.4105513 1.2162033 1.2577549 1.3587965 1.3781265 1.7780518 1.4870828 1.6473098 1.6624630 1.3078767 1.5586055 1.6058612 1.4501953 1.4423726 1.5750584 1.7355127 1.8245644 1.7464452 1.4984739 1.7343147 1.5554994 1.5123820 1.8442881 2.3801298 1.7519547 2.5309343 2.0106114 2.0106114 2.1349121 2.1155212 2.0777712 2.8253776 2.4248317 2.2098499 2.2879017 2.7213826 1.9492913 2.0270513 2.1259966 2.2081456 1.7342968 1.7535826 1.9579369 1.8240047 2.0112742 1.9322914 2.2713887 2.1318000 2.3009810 2.1993722 2.2133727 2.1243960 1.9484275 1.6759169 1.8688372 2.2966871 1.8833708 1.9279745 1.3344532 1.8538533 2.3915973 1.8001599 2.1121607 2.0057670 1.8767557 1.9561690 1.7849085 1.7285306 1.4377325 1.8149340 1.7649102 1.8153681 1.6456903 1.8378143 2.1054477 2.1572972 2.0527580 2.3151893 2.0363657 2.2824719 2.0794486 2.0884402 1.9857232 2.2820226 2.3107391 2.1832580 2.1487837 2.2877892 2.0389107 2.8942528 2.8256899 2.8214035 2.6737201 2.7199730 2.3143815 2.3143815 2.5750837 3.3460865 3.1866283 3.2929250 
Pocdam_XM_027186927.1                                   0.8564061 0.7220858 0.6136398 0.1450276 0.0000000 0.3308026 0.3129068 0.8744538 1.0160020 1.3791447 1.4520487 1.4501669 1.4241216 1.5176568 1.4678906 1.4628878 1.6404790 1.4730546 1.5840635 1.2862709 1.5161105 1.8967674 2.0451645 1.6085091 1.8656052 1.7756693 1.3997277 1.6380439 1.6449097 1.5671852 1.5518582 1.5753747 1.7700237 2.0701493 1.8474076 1.4822860 1.8445026 1.6451069 1.6222083 1.7563498 2.4844072 1.7339796 2.6956619 2.2246225 2.2246225 2.3479083 2.2776354 2.2403499 2.7564752 2.6200186 2.4784459 2.4884983 2.3734173 1.8869086 2.1145267 2.1593571 2.1441630 1.7596989 1.8427626 2.1060749 1.8916105 2.1648363 2.2160848 2.5223143 2.4825539 2.5101751 2.3615739 2.3589085 2.3377149 2.0636737 1.8343613 1.8429152 2.3512177 2.1127897 1.9115491 1.3514174 2.0878154 2.5104785 2.0077388 2.1888217 2.4198315 2.2657616 2.4269952 2.1298255 1.8803818 1.4267232 1.9609748 1.8010133 1.8189542 1.5675722 1.5634532 2.4875908 2.5963685 2.2615610 2.7333502 2.0665465 2.2800329 2.3063758 2.1495624 2.0689701 2.5977559 2.5977559 2.4817449 2.4065971 2.5992620 2.3933102 3.6714458 3.3282081 3.3219986 3.2242285 3.2918220 2.8890748 2.8890748 2.4771953 3.1517760 3.2596331 3.4058260 
Gasp_gasp1.m3.4527.m1                                   0.8353820 0.5972674 0.5049352 0.3205339 0.3308026 0.0000000 0.2209780 0.7114436 0.9274119 1.2367674 1.2816497 1.2752851 1.2460508 1.3091449 1.3129334 1.3152307 1.6594262 1.5271381 1.2197973 1.3179780 1.4950096 1.4259952 1.8153174 1.5455174 1.7851238 1.7151944 1.3174462 1.4967791 1.5264138 1.5212007 1.5465157 1.5740917 1.9371428 1.9052004 1.8232653 1.7081111 1.8638070 1.6429566 1.6305000 1.9093694 2.6816001 1.9201538 2.7706959 2.3827225 2.3827225 2.3239080 2.2271777 2.2409521 2.9601588 2.5757122 2.2964097 2.5400733 2.5800557 2.0095651 2.1347018 2.1760179 2.2886245 1.8813103 1.8584311 2.1161828 1.8284298 2.0696893 2.0191451 2.4269511 2.3051299 2.4216367 2.3894140 2.3885883 2.2406520 2.0662338 1.6241236 2.1338600 2.1484078 1.9667461 2.1000398 1.4167964 1.9722121 2.5806725 1.9575077 2.2006913 2.2265742 2.0786593 2.1907366 1.9706393 1.7270082 1.3582606 1.9839568 1.9631097 2.0063820 1.8449476 2.1628736 2.5342706 2.5702718 2.3918086 2.5715130 2.3704019 2.6870677 2.4213854 2.3563400 2.1878460 2.3371867 2.3666416 2.3998451 2.4061464 2.9003678 2.2293018 3.3338480 3.1418597 3.1372447 3.0617896 3.0848148 2.4424098 2.4424098 2.7153452 3.2522503 3.1827623 3.2412964 
Fspp_ffun1.m4.22787.m1                                  0.8040083 0.4717873 0.4169960 0.2868783 0.3129068 0.2209780 0.0000000 0.7319287 0.8976362 1.2082675 1.2547348 1.2474233 1.2402574 1.2806590 1.2668955 1.2799809 1.6664539 1.5307244 1.2146301 1.2873137 1.4085133 1.3211089 1.7727990 1.5713340 1.7086097 1.6532355 1.2076413 1.4494437 1.5673285 1.5554161 1.5225746 1.5134647 1.8452391 1.8782836 1.6859884 1.5320848 1.7875176 1.5162739 1.5527478 1.8301611 2.5676775 1.7105914 2.6609448 2.1848699 2.1848699 2.1313709 2.0837461 2.0515996 2.9298641 2.4090516 2.1890499 2.4442983 2.4462870 1.8431241 1.9943942 2.1297683 2.0884334 1.6414353 1.6787142 2.0199806 1.7438704 2.0117156 1.9271704 2.2877989 2.4034597 2.3968123 2.1914212 2.2486551 2.3024550 1.8426011 1.7355390 2.0800716 2.0972462 1.9182945 1.8940979 1.3287449 1.8554564 2.4672811 1.8108150 2.0266877 1.9923382 1.9396567 2.0458726 1.8678324 1.6781621 1.3595873 1.9139766 1.8175991 1.8859129 1.6121861 2.1098082 2.3755293 2.4352378 2.1899815 2.4667615 2.0623283 2.3063265 2.1995513 2.0197862 1.7879024 1.9674700 1.9929253 2.2900510 2.2825729 2.7500881 2.2196111 3.3890834 3.2521590 3.2471045 3.0967177 3.1292408 2.2872251 2.2872251 2.4521777 3.2742972 3.0273734 3.1427511 
Exapal_XM_021041425.1                                   0.7141744 0.6607799 0.7799929 0.7054278 0.8744538 0.7114436 0.7319287 0.0000000 0.5923891 1.1246838 1.1728050 1.1619474 1.1531855 1.1878356 1.1805549 1.1709992 1.5509432 1.5688505 1.0858034 1.3230515 1.3999984 1.3194739 1.8515395 1.5785156 1.5021734 1.4336199 1.3029303 1.3157807 1.6342126 1.4786978 1.4730138 1.5453780 1.7102001 1.9167237 1.5609353 1.6900566 1.7848278 1.6910033 1.6978835 2.1309077 2.2723029 1.8848091 2.4926726 2.3648836 2.3648836 2.1013294 1.9871142 1.8470663 2.3948810 2.2849474 2.3711486 2.3547073 2.8026398 2.0306720 2.1429133 2.2076882 2.3478027 1.8505541 1.8898173 2.0021895 2.0053218 2.0217042 2.0850206 2.4162757 2.4152983 2.5358776 2.3809720 2.4286451 2.2875034 1.8035744 1.8620962 2.0704455 2.2017649 1.9642108 2.1961782 1.5522907 2.1419587 2.4356991 2.0947557 2.1016353 2.1472488 2.2032437 2.2379457 1.9334808 1.6144252 1.5742505 2.0112822 1.5733947 1.8398400 1.6942199 1.9548056 2.5024370 2.4119574 2.2474857 2.3653468 2.3042640 2.5955290 2.4726800 2.1548674 1.8655206 2.4069466 2.4489883 2.2958242 2.2209730 2.8062083 2.1742914 2.9279520 2.8709590 2.8709590 2.7968272 2.8259074 2.2082436 2.2082436 2.5968201 3.6783594 3.2645621 3.2645621 
Nvec_v1g85909                                           0.7526640 1.0306659 1.0319114 0.9085458 1.0160020 0.9274119 0.8976362 0.5923891 0.0000000 1.3486972 1.4128308 1.4084818 1.3413326 1.4105247 1.4309394 1.4207877 1.5692297 1.5717371 1.1162337 1.4693625 1.4413851 1.4868687 1.9497288 1.6527141 1.8108633 1.8717048 1.2880396 1.4424426 1.7627740 1.6090487 1.6105205 1.6157554 2.0475102 1.8919429 1.6931335 1.5976550 1.6818672 1.6545908 1.6048128 2.1017094 2.5821285 1.9925731 2.6991294 2.3407191 2.3407191 2.3819882 2.2647570 1.8036381 2.2868589 2.2735158 2.3667315 2.4510599 2.4054375 1.9395496 2.0227652 2.2896878 2.5172990 1.8330473 1.7440606 2.1215702 1.8580975 1.9661858 2.0607570 2.1950856 2.2070907 2.2973057 2.2037291 2.3138191 2.2160379 1.9940718 1.8154908 1.8358538 2.1109270 2.0396228 2.2492672 1.4344224 2.1188076 2.5567590 2.1518165 2.2254581 2.1722883 2.3743691 2.4292131 2.0899004 1.7724676 1.4688282 2.0458526 2.1217134 2.1505815 1.9329707 2.0780117 2.5661528 2.5676731 2.3816446 2.4564794 2.3785054 2.9190346 2.6003302 2.4236135 2.0999810 2.1261505 2.1517883 2.3363833 2.4216631 3.1758956 2.3765755 3.1464426 2.8922154 2.8912426 2.8520117 2.8909047 2.6012907 2.6012907 2.6995189 3.7439224 3.1194409 3.2858501 
HoiH23_PlH23_007943-RA                                  0.9197608 1.3864710 1.4048485 1.1761799 1.3791447 1.2367674 1.2082675 1.1246838 1.3486972 0.0000000 0.0725439 0.0724334 0.0336240 0.0939055 0.1426281 0.1454660 1.6239614 1.2916729 1.2562437 1.2116315 1.3128657 1.3572415 1.6607999 1.2965292 1.6638281 1.7465818 1.4415144 1.5574761 1.7117323 1.6986479 1.6186737 1.7000260 1.9443405 1.8233745 1.8581597 1.8026111 1.9174382 1.6076630 1.7533386 1.7549166 1.9902565 1.7104536 2.3969528 1.8692165 1.8692165 1.9662792 1.9257245 2.0728391 2.8778960 2.5675498 2.4334123 2.4960737 2.8385906 2.1683883 2.1755349 2.1181944 2.5830491 1.8954608 2.0373255 1.9194442 2.1378965 2.1870031 2.0489836 2.4281001 2.4146806 2.6099416 2.5601906 2.5075100 2.5645411 1.9276314 1.5508437 1.4270508 2.0699116 2.0506185 2.1067464 1.4914357 2.0479439 2.7960177 1.8958741 2.1143569 1.9066537 1.9890064 2.0474960 1.8490711 1.6693624 1.7545588 2.0590242 2.1598436 2.2581794 2.1855124 2.0064655 2.2032463 2.0377390 1.9777754 2.3165112 2.1849532 2.2345234 2.4032409 2.0016129 1.9551142 2.1887592 2.2162433 2.4571881 2.4879654 2.9185304 1.9869477 2.5199463 2.3238046 2.3225588 2.3828060 2.3810065 2.1284192 2.1284192 2.3735589 3.4465903 3.2597168 3.3396185 
Hhon_g03338.t1                                          1.0217970 1.4109046 1.4429867 1.2083247 1.4520487 1.2816497 1.2547348 1.1728050 1.4128308 0.0725439 0.0000000 0.0043719 0.0883975 0.1201651 0.1771295 0.1829375 1.6325721 1.3284741 1.2579445 1.2628128 1.3461806 1.2965927 1.7582448 1.3794447 1.6966684 1.7049415 1.4873793 1.5756375 1.7917654 1.7091124 1.6620956 1.7359994 1.9815430 1.8516227 1.8441310 1.8489146 1.9044354 1.6407864 1.7650013 1.9098557 2.0659265 1.7891400 2.4596509 1.9352903 1.9352903 1.9695575 1.9598263 2.1913179 2.8984553 2.5668469 2.4553043 2.5777929 2.8382159 2.1601032 2.2499579 2.1463337 2.6602424 1.9117346 2.1399741 1.9823926 2.1520882 2.1871544 2.0942645 2.5150587 2.4645139 2.6281093 2.6182440 2.5409647 2.6074068 1.9387170 1.5778570 1.5436565 2.3024215 2.0606654 2.1694633 1.6597709 2.0987282 2.7535905 1.9502952 2.2515267 1.9510005 2.0099887 2.0653650 1.8381870 1.6177597 1.6928971 2.1701988 2.1176100 2.2203056 2.1999106 1.9450381 2.2328293 2.0738484 2.0516200 2.3429380 2.4088279 2.5726405 2.5975437 2.0504467 1.9841249 2.1202362 2.1273367 2.5910168 2.6086746 3.1466515 1.9950743 2.4612129 2.3292929 2.3280881 2.3391794 2.3374687 2.1881804 2.1881804 2.4958581 3.7517279 3.3545594 3.4306999 
HoiH04_mRNA399                                          1.0217970 1.3997844 1.4348801 1.1964183 1.4501669 1.2752851 1.2474233 1.1619474 1.4084818 0.0724334 0.0043719 0.0000000 0.0867685 0.1199812 0.1768505 0.1826489 1.6163309 1.3518491 1.2343462 1.2541115 1.3414897 1.3175842 1.7793178 1.3801491 1.7011627 1.7053046 1.5049028 1.6004504 1.8102889 1.7159734 1.6687447 1.7363855 1.9829076 1.8528048 1.8553496 1.8549669 1.8939205 1.6365072 1.7605604 1.9298591 2.0507810 1.7926453 2.4438694 1.9198025 1.9198025 1.9840648 1.9744261 2.1913179 2.8890080 2.5874735 2.4769965 2.5852773 2.8382159 2.1611821 2.2499579 2.1669501 2.6595881 1.9101153 2.1386476 1.9891773 2.1409657 2.1948704 2.1023450 2.5124109 2.4736077 2.6371494 2.6291551 2.5514472 2.6199495 1.9469980 1.5725705 1.4942093 2.3024215 2.0772215 2.1530204 1.6597709 2.0832084 2.7535905 1.9358728 2.2291837 1.9354217 1.9950425 2.0500667 1.8403711 1.6224839 1.6990760 2.1660167 2.1203188 2.2225522 2.1785665 1.9450381 2.2193609 2.0615428 2.0643102 2.3655562 2.4388635 2.6302061 2.5210266 2.0440079 2.0073989 2.1462909 2.1536203 2.5927498 2.6105535 3.1081294 1.9933751 2.4789478 2.3438674 2.3426549 2.3537570 2.3520343 2.1687194 2.1687194 2.4930321 3.6645209 3.3545594 3.4306999 
HoiH06_mRNA11515                                        1.0604848 1.2491143 1.4088882 1.1663007 1.4241216 1.2460508 1.2402574 1.1531855 1.3413326 0.0336240 0.0883975 0.0867685 0.0000000 0.0977949 0.1529381 0.1591053 1.5742300 1.3562750 1.2244787 1.2531091 1.3279919 1.3510498 1.7260996 1.3545908 1.6318035 1.6632913 1.4661468 1.6009624 1.8187645 1.7650043 1.6915135 1.7603385 1.9322186 1.8459702 1.8613946 1.8841786 1.9201747 1.6949452 1.8144198 1.9051371 1.9553504 1.7181944 2.2172723 1.9390577 1.9390577 1.9538488 1.9424937 2.1014734 2.8796689 2.6518963 2.4176042 2.4944641 2.7925922 2.1067670 2.3613053 2.1592469 2.6593222 1.9420368 2.1772736 1.9958696 2.2106979 2.2049185 2.0840223 2.5753440 2.5552007 2.7599491 2.6653376 2.5896983 2.5537837 2.0225212 1.5944041 1.3806867 2.1861944 1.9867038 2.1948131 1.5483002 2.0884883 2.7927110 1.9622276 2.1161874 1.9058270 2.0627948 2.0794307 1.8714682 1.7279780 1.6665104 2.0875466 2.0557616 2.1665129 2.1086847 2.0513503 2.1595272 1.9216022 2.0616092 2.2366959 2.3144740 2.4774686 2.4195863 2.0039394 1.9364177 2.1236760 2.1575364 2.5025969 2.4643326 3.1563176 2.0405640 2.5108538 2.3166967 2.3166967 2.2875171 2.2856752 2.1933189 2.1933189 2.4334076 3.5519914 3.1265470 3.1265470 
HoiH11_mRNA8847                                         1.0258253 1.4638757 1.4967590 1.2453586 1.5176568 1.3091449 1.2806590 1.1878356 1.4105247 0.0939055 0.1201651 0.1199812 0.0977949 0.0000000 0.1330265 0.1384237 1.6770795 1.3772747 1.3616469 1.3262236 1.3626727 1.3454130 1.7681100 1.4312886 1.7360077 1.7836283 1.5019024 1.6413642 1.7743532 1.7657857 1.6746220 1.8238856 2.0307963 1.9283852 1.8833642 1.8714443 1.9685981 1.6778135 1.8376906 1.8927759 2.0043980 1.7584533 2.3442446 1.9016092 1.9016092 1.9943614 1.9680445 2.1419408 2.8287405 2.5681634 2.4577847 2.4970236 2.8441623 2.1582965 2.2969466 2.1668948 2.6154794 1.8883516 2.1067601 1.9667356 2.2036847 2.2330010 2.0917320 2.5207356 2.5292032 2.7350089 2.6487842 2.6031414 2.7501063 1.9083173 1.6030900 1.3639403 2.2472404 2.0558160 2.1503718 1.6636217 2.0553364 2.8307832 1.9710575 2.1076641 1.9251455 2.0149220 2.0323068 1.8460095 1.7056691 1.7908381 2.1192516 2.2073709 2.2869776 2.1921174 2.2756157 2.2264389 2.0212464 2.0677109 2.4122413 2.3445847 2.4342807 2.4595993 2.2033429 1.9511266 1.9447299 1.9684025 2.5438951 2.5500687 3.1598658 2.0311895 2.5343946 2.4003321 2.3990809 2.3218664 2.3201499 2.1413469 2.1413469 2.4859349 3.6160757 3.3419131 3.3471407 
TrH2_TrispH2_007835-RA                                  1.0712478 1.4119964 1.4272460 1.2554766 1.4678906 1.3129334 1.2668955 1.1805549 1.4309394 0.1426281 0.1771295 0.1768505 0.1529381 0.1330265 0.0000000 0.0043906 1.7103970 1.4390467 1.3484831 1.2976900 1.3743385 1.3453505 1.8022990 1.4694647 1.6717601 1.7230371 1.4890587 1.6080418 1.7928816 1.7831089 1.7108697 1.8220568 1.9737405 1.8848648 1.8262137 1.8551320 1.9931934 1.6643230 1.8370698 1.7482782 2.0604308 1.6818176 2.3514066 1.8908990 1.8908990 2.0122016 1.9469880 2.0078432 2.7666547 2.5160747 2.3863460 2.4756673 2.7636571 2.1987315 2.3023293 2.2256045 2.6690563 1.8964210 2.0397758 1.9352171 2.1511492 2.2179835 1.9815353 2.4341172 2.4824131 2.5559192 2.5426814 2.5179785 2.7341805 2.0070015 1.5974170 1.4340632 2.0681748 1.9184052 2.0317730 1.5418774 1.9812054 2.7770491 1.8684913 2.0209277 1.8328093 1.9192657 2.0261713 1.8213633 1.6422699 1.6549011 2.0378902 2.0635796 2.2137059 2.0995185 1.9513268 2.1908189 2.0369037 2.0855905 2.3817523 2.3249507 2.5270677 2.1804669 2.1073276 1.8963180 1.9418247 1.9651152 2.6456413 2.6405214 3.2504056 1.9598034 2.5645972 2.3893532 2.3881047 2.3998235 2.3980521 2.3219064 2.3219064 2.2315333 3.5435874 3.2928632 3.4287991 
Tadh_TriadT32990                                        1.0829830 1.3983088 1.4300494 1.2615657 1.4628878 1.3152307 1.2799809 1.1709992 1.4207877 0.1454660 0.1829375 0.1826489 0.1591053 0.1384237 0.0043906 0.0000000 1.7097858 1.4355053 1.3354258 1.2959631 1.3644051 1.3336197 1.7935227 1.4531182 1.6776796 1.7169612 1.4857553 1.6150837 1.8161946 1.7772106 1.7248713 1.8424209 1.9899214 1.9026572 1.8328977 1.8392003 1.9885505 1.6578913 1.8186529 1.7459932 2.0420977 1.6623526 2.3183013 1.8863213 1.8863213 1.9920139 1.9378786 2.0078432 2.7666547 2.4969577 2.3785908 2.4675956 2.7022983 2.1846923 2.3023293 2.2234242 2.6598778 1.9064446 2.0270539 1.9454407 2.1592759 2.2299863 1.9688921 2.4475673 2.4662076 2.5393983 2.5524741 2.5320811 2.7341805 2.0180792 1.5921105 1.4340632 2.0582447 1.9121100 2.0251554 1.5310803 1.9698988 2.7770491 1.8622858 2.0201034 1.8208542 1.9077742 2.0143576 1.8079461 1.6144923 1.6187605 2.0210855 2.0571475 2.2080137 2.0916773 1.9382045 2.1839868 2.0305505 2.0927548 2.3695309 2.3178330 2.4962038 2.1804669 2.0993352 1.8963180 1.9653110 1.9890022 2.6263201 2.6197535 3.2762284 1.9771232 2.5415367 2.3557903 2.3545590 2.3728199 2.3710674 2.3438809 2.3438809 2.2315333 3.5435874 3.2717603 3.4081371 
Ctel_gnl_WGS_AMQN_CAPTEDRAFT_mRNA172928                 1.1343289 1.6943183 1.8184813 1.5540290 1.6404790 1.6594262 1.6664539 1.5509432 1.5692297 1.6239614 1.6325721 1.6163309 1.5742300 1.6770795 1.7103970 1.7097858 0.0000000 1.0785573 1.3115027 1.4812640 1.4486585 1.6695063 2.0026795 1.4835290 1.7954794 1.7372091 1.7110509 1.8215463 2.0616397 1.7274744 1.7257809 1.9077164 2.2166575 2.1790212 1.9730691 1.7178622 1.8466584 1.8155872 1.8975744 2.1262055 2.3151050 2.0686699 2.8291294 2.3873977 2.3873977 1.8197398 1.8031149 2.8535939 3.3720838 2.9758985 2.4815352 2.6091495 2.1030382 2.0486862 2.0570653 2.3613351 2.5949256 2.0553128 2.0515246 2.2740359 2.2687757 2.3021966 2.3861764 2.7263169 2.3931301 2.5142762 2.6396052 2.5816682 2.7270854 2.2590623 1.7309865 1.1647404 2.1010392 2.1136428 2.2368989 1.5321374 2.0629777 2.3217785 2.0559412 2.3478154 2.2877206 2.1921327 2.2592626 2.0129765 1.7160879 1.7120671 2.2854289 1.8906096 1.7826659 1.9759247 1.6632427 2.2733301 2.1898702 2.3849834 2.6632947 2.1927899 3.1317333 2.8681203 2.3332369 2.1591733 2.3880073 2.3880073 2.0181934 2.0448330 2.1880927 2.1991675 2.6807582 2.4841336 2.4849141 2.6182060 2.6006970 2.4087731 2.4087731 2.9785260 3.7140258 3.4588495 3.6175870 
Acagra_model.g978.t1                                    0.8609275 1.3881806 1.4813142 1.4105513 1.4730546 1.5271381 1.5307244 1.5688505 1.5717371 1.2916729 1.3284741 1.3518491 1.3562750 1.3772747 1.4390467 1.4355053 1.0785573 0.0000000 1.0969787 1.1224228 1.1580732 1.0820927 1.7966745 1.0271397 1.6238128 1.5268604 1.4642914 1.6147600 1.9289456 1.6320290 1.7063686 1.6258340 2.1878843 1.9608569 1.8726411 1.5568113 1.7855333 1.6601644 1.7584629 1.9942648 2.4056615 1.8350984 2.4890055 2.1052522 2.1052522 1.8328331 1.7763853 2.5683210 3.2097607 2.6779964 2.4067361 2.7594215 3.6265746 2.2328831 2.1950590 2.1941903 2.7538106 2.0016947 1.9862683 2.2583273 2.1998961 1.8842629 2.2268223 2.7167811 2.4594908 2.5411479 2.6142821 2.5857112 2.4822754 2.1332363 1.5271158 1.4420966 1.8931171 2.1777467 2.2202937 1.3239315 2.1701650 2.7104291 2.1814364 2.4395345 2.2125975 2.2250556 2.2967412 1.9332533 1.7147201 1.5162390 2.3199488 2.5904431 2.5239851 2.4010345 4.1032815 2.4298855 2.2651299 2.3295329 2.6635104 2.2017094 2.5343146 2.7775712 2.3599187 1.9419742 2.5961657 2.5863656 2.1859588 2.2478360 2.9480479 2.2460108 2.6585851 2.7606220 2.7588306 2.4934848 2.5134025 1.9997373 1.9997373 2.8850242 3.7241735 2.7796247 2.8543003 
Skow_XM_006820573.1                                     0.0000010 1.3214637 1.3081352 1.2162033 1.5840635 1.2197973 1.2146301 1.0858034 1.1162337 1.2562437 1.2579445 1.2343462 1.2244787 1.3616469 1.3484831 1.3354258 1.3115027 1.0969787 0.0000000 1.0859797 1.0495159 1.5923274 1.7449813 1.1106365 1.5491874 1.9036410 1.3277957 1.3983027 1.3747635 1.4808696 1.6143753 1.5741898 1.7028340 1.4899047 1.5687401 1.5738589 1.5793196 1.2757239 1.5140841 1.0077901 2.5937763 1.6963608 2.4697094 1.9365129 1.9365129 1.9765909 1.9045677 0.0000010 8.9999989 2.1870695 2.0328428 2.0048050 1.7957032 1.6700789 4.1620683 2.4437004 2.7147452 1.5275882 1.3484175 1.7438109 1.5206069 1.7163274 1.6905620 1.5617063 1.3894761 1.3562384 1.7877868 1.7644212 1.8310961 1.7910816 1.3074322 0.5310889 1.7397342 1.8783500 1.9281823 0.9365123 1.6659565 2.4023183 1.7890927 2.0146928 1.9476292 1.7711192 1.9237813 1.9237813 1.9163463 1.6169617 1.8349218 2.1081877 2.0451291 1.9766586 1.9565078 1.9111323 2.1346354 2.0724007 2.7254565 1.2061431 1.2061431 0.4598020 2.6297441 2.3455431 2.4191133 2.4519817 2.0334734 2.2589897 2.5719366 1.9529370 2.1816370 2.3464149 2.3446611 2.1736978 2.1736978 0.7139660 0.7139660 1.4874651 2.8449625 4.3809367 4.3744870 
Bralan_BLAG03001603_1                                   0.9334705 1.2672620 1.4899855 1.2577549 1.2862709 1.3179780 1.2873137 1.3230515 1.4693625 1.2116315 1.2628128 1.2541115 1.2531091 1.3262236 1.2976900 1.2959631 1.4812640 1.1224228 1.0859797 0.0000000 0.7324862 1.3596568 1.8237436 1.2126579 1.5941725 1.5423524 1.3890474 1.7072883 1.9812469 1.8856437 1.8737774 1.9223755 1.8967524 1.9544470 1.8870244 1.4989705 1.7659900 1.6122395 1.5599743 1.9917981 2.3908522 1.7917967 2.4906579 2.1410290 2.1410290 1.8403289 1.7368263 2.1590343 3.1860631 2.5635899 2.2707593 2.5270754 2.3490873 2.0743126 2.2734841 2.4392477 2.5396479 1.8467254 1.9944280 2.2322202 2.1845565 2.1591240 2.0441061 2.2144457 2.2039935 2.2363670 2.3728775 2.3083111 2.1437782 2.1770300 1.6519913 1.2773859 2.1511333 1.9959224 2.0885697 1.5124975 2.0153264 2.7425392 1.9464404 2.2194793 2.1827358 1.9308823 1.9709335 1.7542532 1.7452806 1.7118493 2.0568345 1.9201826 1.9851201 1.9284988 1.2914388 2.3442780 2.2829723 2.2013195 2.3494411 2.2613375 2.8025710 2.7334728 2.1887528 2.2063121 2.2799001 2.2731026 2.2492249 2.2113031 2.2701729 2.2234728 2.7591368 2.5966139 2.5966139 2.4284212 2.4324192 2.4368602 2.4368602 2.4329522 3.3013335 3.2850131 3.3729062 
Bralan_BLAG03001611_1                                   0.9364239 1.2554373 1.5424702 1.3587965 1.5161105 1.4950096 1.4085133 1.3999984 1.4413851 1.3128657 1.3461806 1.3414897 1.3279919 1.3626727 1.3743385 1.3644051 1.4486585 1.1580732 1.0495159 0.7324862 0.0000000 1.2214583 1.6557241 1.2084450 1.5967319 1.6790819 1.6105726 1.7416015 2.2138288 1.8021044 1.8766840 1.9732051 2.1457613 2.2895045 2.1017326 1.5608113 1.7910187 1.6545111 1.5332462 1.9580436 2.1099518 1.7689726 2.3861596 2.1162082 2.1162082 1.9550903 1.8547405 2.1884017 3.0396712 2.5666374 2.1894517 2.4327214 2.2289310 2.0484543 2.4729349 2.3974770 2.6749233 1.9868846 2.0174394 2.2418778 2.0419242 2.1140660 2.1345502 2.2892392 2.4390418 2.5238206 2.2806495 2.3413433 2.0946408 2.3254148 1.6071761 1.3625060 2.2363825 1.9763627 2.1848039 1.4604441 1.9523002 2.4294193 1.9803907 2.1733738 1.9764368 1.8066434 1.8515574 1.6226373 1.4801564 1.3050342 1.8382655 1.8559614 1.8598919 1.8602922 1.3854467 2.0916786 2.0879167 2.0214102 2.2440389 2.4372542 3.0913397 2.8418822 2.1721474 1.9775140 2.6747155 2.6867452 2.2520634 2.1802821 2.4056517 2.3727943 2.8319683 2.6302050 2.6115592 2.4685544 2.4811272 2.7335343 2.7335343 2.6293091 3.6071961 3.3882919 3.4933597 
Ocar_g10825                                             0.0000010 1.3394135 1.3690425 1.3781265 1.8967674 1.4259952 1.3211089 1.3194739 1.4868687 1.3572415 1.2965927 1.3175842 1.3510498 1.3454130 1.3453505 1.3336197 1.6695063 1.0820927 1.5923274 1.3596568 1.2214583 0.0000000 0.0000010 1.0860328 1.3394185 1.5499202 1.3991188 1.6941972 1.3817827 1.3779706 1.3483401 1.8803177 1.8234217 1.6157889 1.5026438 1.3417474 1.5411695 1.3284765 1.3788128 1.8146137 1.7498783 1.4449725 1.8711778 1.4411363 1.4411363 1.7477428 1.7018025 0.0000010 0.0000010 2.2951869 1.9439618 1.8842943 2.3424252 2.0101774 0.0000010 2.3959995 2.3162521 1.8771951 1.6458387 1.9090429 1.9007997 1.7224125 1.7755892 1.7243174 1.7204905 1.6520244 1.6371047 1.6214602 1.4573618 2.0283693 1.5197483 0.0000010 1.7693006 1.7338499 1.7770179 0.0000010 1.5369980 1.1685180 1.3917134 2.2895536 1.5415937 1.3801409 1.4008788 1.4008788 1.4981666 1.3868532 1.7708602 1.7361462 1.8617607 1.8124910 2.6871120 1.6036234 1.6205636 1.7139152 1.6383696 0.0000010 0.0000010 0.0000010 0.0000010 1.7008213 2.2326862 2.2326862 1.9416730 1.8927340 0.0000010 1.9052449 2.0710671 2.4022045 2.4022045 2.3511177 2.3511177 0.0000010 0.0000010 0.0000010 0.0000010 4.9984315 4.9984315 
Opea_EP00118_Oscarella_pearsei_P026715                  1.5811047 1.6534693 1.9630914 1.7780518 2.0451645 1.8153174 1.7727990 1.8515395 1.9497288 1.6607999 1.7582448 1.7793178 1.7260996 1.7681100 1.8022990 1.7935227 2.0026795 1.7966745 1.7449813 1.8237436 1.6557241 0.0000010 0.0000000 1.7535927 1.9244202 2.0324790 1.5975132 1.8516244 2.0999768 1.8494203 1.8304929 2.0690881 2.0885465 2.0841432 2.1875568 1.5234858 1.8298847 1.6875135 1.7483861 2.0133770 2.1954381 1.7475938 2.4779914 2.0053005 2.0053005 2.3903097 2.3391827 1.9173545 2.8757963 2.5985216 2.2048329 2.3535879 2.8153016 2.1521802 1.9446912 2.1044623 2.2654253 1.9912522 1.8794022 2.0300696 2.1223453 1.9768821 2.1046272 2.4392211 2.3004391 2.3798288 2.2354157 2.2851963 2.1683135 2.0832552 2.1735341 2.1333525 1.9925867 2.0839119 1.9955030 1.4063130 1.9749195 1.9795708 1.8820624 2.5138035 1.9066965 1.8865876 1.9692608 1.6857892 1.8763502 1.4526934 2.0765779 2.0243610 1.9080042 1.9148601 2.2757306 2.2865557 2.2273819 2.0554667 2.3400915 2.3010599 2.7311523 2.4694866 2.1870018 1.8297028 2.6244265 2.6244265 2.5107661 2.5129045 3.4645223 2.4054815 3.0125537 3.1831949 3.1773048 3.2014386 3.2526892 1.6866763 1.6866763 2.3933887 4.0374768 2.7754303 2.9563783 
Cgig_XM_034472824.1                                     1.1493379 1.5499204 1.6379522 1.4870828 1.6085091 1.5455174 1.5713340 1.5785156 1.6527141 1.2965292 1.3794447 1.3801491 1.3545908 1.4312886 1.4694647 1.4531182 1.4835290 1.0271397 1.1106365 1.2126579 1.2084450 1.0860328 1.7535927 0.0000000 1.6130834 1.6534836 1.5176240 1.7164413 1.7059779 1.6892289 1.8259184 1.8026061 2.0649405 1.9622137 1.9078339 1.5794645 1.8709447 1.6811847 1.6980118 2.0839039 2.1056779 1.8575908 2.4508079 1.8985735 1.8985735 1.9683042 1.8489067 2.2954870 3.1754136 2.5365555 2.2168019 2.4347029 2.2523286 2.0760074 2.6010575 2.3545250 2.4383254 1.9506939 1.9509710 2.4076817 2.2745803 2.3101171 2.3370602 2.3282067 2.3924349 2.5163923 2.3787361 2.3722693 2.2873748 2.3677123 1.8001185 1.5912135 2.1693092 2.1896811 2.3772136 1.4326490 2.1022214 2.8728664 2.1927367 2.3090479 2.1150704 2.0885930 2.1105359 1.9286516 1.9022331 1.5673904 1.9726642 2.3350241 2.2231610 2.2192512 2.3514284 2.1596831 2.1275639 2.1965672 2.6211705 2.5350287 3.2980318 2.5761931 2.2357281 2.3077398 2.4397913 2.4498962 2.3060329 2.3489183 2.2497733 2.2786079 2.8232128 2.6552073 2.6571377 2.5623477 2.5906243 2.3507443 2.3507443 3.2942529 3.2533960 3.2819536 3.5417492 
Spur_XM_785490.5                                        1.2081405 1.5597079 1.7321569 1.6473098 1.8656052 1.7851238 1.7086097 1.5021734 1.8108633 1.6638281 1.6966684 1.7011627 1.6318035 1.7360077 1.6717601 1.6776796 1.7954794 1.6238128 1.5491874 1.5941725 1.5967319 1.3394185 1.9244202 1.6130834 0.0000000 1.6603921 1.6641068 1.8513837 2.1362286 1.9807276 2.0180719 2.1498512 1.8586271 2.0534417 2.1378374 1.6213941 2.0017639 1.8739206 1.9362482 2.0000752 2.4481605 1.8471577 2.5366131 2.0536551 2.0536551 2.3317101 2.3221500 2.1096256 2.9965179 2.6367792 2.5847239 2.7621828 2.6569373 2.2461172 2.4369155 2.2841487 2.1237533 2.0095040 2.0025425 2.2216981 2.2803109 2.1990682 2.2453542 2.5474858 2.3703027 2.4689781 2.5239300 2.5989853 2.4449127 2.3943872 1.8789713 1.8174059 2.4668975 2.2453488 2.4051865 1.8336579 2.1950261 2.6390812 2.3016843 2.3771805 2.3713208 2.2597945 2.3397652 2.1885139 1.7014165 1.4815710 2.0953859 1.8990865 1.9926456 1.9478138 1.9498840 2.5168892 2.4555177 2.4713414 2.7388879 2.5841782 3.5075711 2.9500521 2.4957891 2.1977953 2.2867270 2.2949511 2.4181103 2.4359988 2.8953989 2.3138152 3.1440625 3.2179394 3.2192799 2.9059459 2.9028141 3.0576743 3.0576743 2.8255634 3.9414588 3.2835439 3.4385015 
Spur_XM_011663138.2                                     1.0926155 1.9461143 1.8823810 1.6624630 1.7756693 1.7151944 1.6532355 1.4336199 1.8717048 1.7465818 1.7049415 1.7053046 1.6632913 1.7836283 1.7230371 1.7169612 1.7372091 1.5268604 1.9036410 1.5423524 1.6790819 1.5499202 2.0324790 1.6534836 1.6603921 0.0000000 1.8850696 2.0818828 1.9994762 1.8307705 1.9193359 1.9814046 1.8696387 2.0805184 1.9848490 1.8147337 1.9027473 1.6845877 1.8316590 2.1669310 2.2911771 1.8952433 2.3652008 2.3525759 2.3525759 2.1180813 2.1618935 1.8319936 2.4502989 2.4273524 2.4159360 2.3206823 2.6774589 2.0008439 2.3688013 2.3927625 2.4633668 2.1987182 2.1365647 2.4653897 2.4235667 2.3646798 2.5874322 2.3211771 2.3130277 2.1557670 2.4341167 2.4318731 2.4021620 2.2139769 1.8409222 1.8980652 2.1615890 2.3343173 2.3837334 1.8662052 2.2288227 2.6988439 2.1726533 2.2253189 2.2186576 2.2835552 2.5178808 2.1643640 2.2191711 2.0212935 2.4668511 2.3480455 2.2611134 2.2413467 2.1588674 2.5996679 2.3954797 2.6155259 2.8006184 2.5910287 4.1553991 3.6830478 3.0213323 2.3945688 2.1960114 2.1775261 2.4992451 2.7109510 2.9941758 2.3324226 3.4334011 3.2148800 3.2403449 3.1192217 3.1186801 2.6580297 2.6580297 2.6563901 3.6861428 3.1278654 3.4545968 
Dgig_XM_028535778.1                                     1.2512470 1.4126226 1.5108122 1.3078767 1.3997277 1.3174462 1.2076413 1.3029303 1.2880396 1.4415144 1.4873793 1.5049028 1.4661468 1.5019024 1.4890587 1.4857553 1.7110509 1.4642914 1.3277957 1.3890474 1.6105726 1.3991188 1.5975132 1.5176240 1.6641068 1.8850696 0.0000000 0.5698528 1.8846500 1.6829792 1.7276423 1.6055818 1.9162721 2.0231996 1.6986600 1.9597812 1.8240697 1.8524986 1.8018048 1.8402355 2.4598823 2.0115000 2.5364576 2.3740864 2.3740864 2.3331027 2.3844161 2.3936102 2.6184766 2.5171829 2.1880414 2.4915406 2.3669222 1.9474704 2.2980173 2.0507879 2.1834519 1.9455765 1.7698562 2.0387911 2.0236640 2.1905605 2.1135631 2.4646706 2.2222640 2.1880374 2.3988280 2.3623260 2.4543061 2.0605610 1.9860349 1.9192971 2.0269427 1.9282537 2.1360944 1.2004465 2.0640634 2.4698019 2.0733905 1.7672874 1.9013008 1.8808966 1.9393352 1.7904365 1.7474111 1.8191953 1.9459528 1.8461395 1.9114090 2.1748668 1.7337196 2.3592252 2.3437053 2.2466329 2.3178908 2.1395780 2.1494199 2.2094992 2.0613139 2.0209110 2.5712373 2.5641626 2.6126347 2.5707869 2.8737898 2.3605034 2.7896199 2.8098112 2.8122855 2.6958965 2.6932207 1.7890856 1.7890856 2.7816817 3.1641463 3.1592116 3.3145438 
Xesp_013910-T1                                          1.2250763 1.6681383 1.7577561 1.5586055 1.6380439 1.4967791 1.4494437 1.3157807 1.4424426 1.5574761 1.5756375 1.6004504 1.6009624 1.6413642 1.6080418 1.6150837 1.8215463 1.6147600 1.3983027 1.7072883 1.7416015 1.6941972 1.8516244 1.7164413 1.8513837 2.0818828 0.5698528 0.0000000 2.0672235 1.7379389 1.7189396 1.7150114 2.1019342 2.0400365 1.7443392 2.0771091 1.9542829 1.9894966 1.9584884 1.9166170 2.4536849 2.3462998 2.6674652 2.5085520 2.5085520 2.3694172 2.3503940 2.2377744 2.6337350 2.4510545 2.2474993 2.6706418 2.5343820 2.2058581 2.2505955 2.3148591 2.4331802 2.1280296 2.0237407 2.1540011 1.9708442 2.2783576 1.9836728 2.4571746 2.2331047 2.2312352 2.6630138 2.5585328 2.4922755 2.1019616 1.9435749 2.1915373 2.4913605 2.3844464 2.3008402 1.3169597 2.3714265 2.2376665 2.2375673 2.3968626 2.2216436 2.2863491 2.3974540 2.2038977 2.2580706 2.0091532 2.1874441 2.4420494 2.3022429 2.4396890 2.3594270 2.5961121 2.6188998 2.5924772 2.6300290 2.1653731 2.4656892 2.4183328 2.5240939 2.1308675 2.6252638 2.6605130 2.6539427 2.7021307 2.8073856 2.4545634 2.9769567 2.7701248 2.7692383 2.7286537 2.7260122 2.0612447 2.0612447 3.1368637 2.9083659 3.0857107 3.3764353 
Aaur_scaffold633.g4.t1                                  1.2026651 1.4276385 1.8210472 1.6058612 1.6449097 1.5264138 1.5673285 1.6342126 1.7627740 1.7117323 1.7917654 1.8102889 1.8187645 1.7743532 1.7928816 1.8161946 2.0616397 1.9289456 1.3747635 1.9812469 2.2138288 1.3817827 2.0999768 1.7059779 2.1362286 1.9994762 1.8846500 2.0672235 0.0000000 0.8065157 0.7461572 1.0165820 1.5896914 1.6949698 1.6127679 1.9078847 2.6865015 2.4953689 2.6372415 2.6383590 2.7389858 2.5012466 3.2016359 3.0366585 3.0366585 2.4323111 2.3961773 2.8516916 5.4557743 2.9078165 2.9032896 3.0005826 2.0970804 2.5092690 2.6960432 2.5901392 2.8722988 2.3492550 2.5082214 2.5418057 2.3952192 2.2919733 2.4497930 2.8907338 3.1179829 2.9328631 2.7206571 2.6118691 2.5589830 2.4149778 2.3790448 8.3234055 2.3827657 2.6666519 2.6987729 2.7102775 2.6363731 2.4824644 2.6054358 2.9210115 2.9843514 2.7379098 2.9146646 2.5024331 1.8467179 1.8533170 2.9199825 2.2367493 2.1005082 2.2503300 1.8134892 2.8831980 2.8484927 2.8369164 3.6293620 3.2821372 8.2217901 8.9999987 3.3476756 3.0317754 2.3056372 2.3056372 2.5892620 2.6386136 3.6350174 2.9200904 3.3724130 3.4395501 3.4366584 3.1145965 3.1119173 8.9593758 8.9593758 5.8696012 5.5177450 3.5756783 3.8416114 
Nemnom_g16623.t1                                        1.2364402 1.4432301 1.7810112 1.4501953 1.5671852 1.5212007 1.5554161 1.4786978 1.6090487 1.6986479 1.7091124 1.7159734 1.7650043 1.7657857 1.7831089 1.7772106 1.7274744 1.6320290 1.4808696 1.8856437 1.8021044 1.3779706 1.8494203 1.6892289 1.9807276 1.8307705 1.6829792 1.7379389 0.8065157 0.0000000 0.2109808 0.7535403 1.3810078 1.5989160 1.3703004 1.8948924 2.1649128 1.9615964 1.9880669 2.4090843 2.1881947 2.0792199 2.8655347 2.5352200 2.5352200 2.3256060 2.2712210 2.9379720 3.7538404 2.5735072 2.5057993 2.5695512 2.1619762 2.1967628 2.0171225 2.2370157 2.6639541 2.2134557 2.3424905 2.2885549 2.2909719 2.2967954 2.3569908 2.7891501 2.9021924 2.7300524 2.4505141 2.5026419 2.3497801 2.2821693 2.1956710 2.7376258 2.4711649 2.2549957 2.4327044 1.9215530 2.2589184 2.5143236 2.2734104 2.5010670 2.6344140 2.4691127 2.5395726 2.2070356 1.6436442 1.5745085 2.4102137 2.0166935 1.8476925 2.0293016 1.6753686 2.6576147 2.6597213 2.4457975 2.7704819 2.5934932 3.5886560 3.3911265 2.7170029 2.5683892 2.6489094 2.6489094 2.4149326 2.3976054 3.0722441 2.3672183 2.8403829 2.7128828 2.7108890 2.5449570 2.5913464 3.4367438 3.4367438 3.6645084 4.3826376 3.0641224 3.2387473 
Rhoesc_Res_005399-T1                                    1.2107468 1.5373554 1.7892930 1.4423726 1.5518582 1.5465157 1.5225746 1.4730138 1.6105205 1.6186737 1.6620956 1.6687447 1.6915135 1.6746220 1.7108697 1.7248713 1.7257809 1.7063686 1.6143753 1.8737774 1.8766840 1.3483401 1.8304929 1.8259184 2.0180719 1.9193359 1.7276423 1.7189396 0.7461572 0.2109808 0.0000000 0.7384877 1.3863826 1.5535015 1.4783270 1.8859250 2.0618187 1.9508228 1.9589990 2.3644467 2.2613965 2.1397900 2.8941852 2.5807253 2.5807253 2.3603173 2.3115182 3.0340509 3.6595545 2.6184642 2.6563974 2.6768882 2.2231768 2.1957239 2.1257632 2.1137193 2.6391567 2.1562533 2.2428268 2.2190232 2.2148491 2.1939026 2.2138404 2.7521776 2.8386670 2.6207424 2.4499894 2.4966921 2.3358388 2.2249862 2.2450363 2.7248446 2.5668081 2.3074835 2.4454872 1.9675973 2.3153026 2.6119206 2.2817458 2.6019291 2.5957805 2.4353260 2.5215833 2.2002766 1.7285174 1.7727145 2.4200832 2.0240520 1.8921671 1.9951485 1.5864852 2.6567902 2.6392831 2.3399638 2.8388955 2.5281789 3.2321907 3.4749034 2.4813053 2.4507514 2.6125553 2.6125553 2.4860334 2.4988666 3.1757450 2.3391355 2.8492094 2.8557377 2.8537354 2.5809528 2.6267935 3.6478053 3.6478053 3.6218348 4.5484369 2.9040727 2.9867439 
Sanmal_Sma_006165-T1                                    1.1952637 1.4222199 1.5941991 1.5750584 1.5753747 1.5740917 1.5134647 1.5453780 1.6157554 1.7000260 1.7359994 1.7363855 1.7603385 1.8238856 1.8220568 1.8424209 1.9077164 1.6258340 1.5741898 1.9223755 1.9732051 1.8803177 2.0690881 1.8026061 2.1498512 1.9814046 1.6055818 1.7150114 1.0165820 0.7535403 0.7384877 0.0000000 1.5128042 1.5372515 1.4167890 1.7907578 1.9887687 1.8567547 1.8655237 2.4291797 2.2422304 2.2976747 2.6127470 2.6295354 2.6295354 2.2903602 2.2544812 3.2262267 4.2145347 2.8218070 2.6524195 2.7723316 2.3939745 2.2592375 2.2738690 2.3878651 2.6086296 2.1009605 2.2380406 2.4959720 2.1295345 2.2278233 2.4852577 2.6336612 2.8181147 2.7748879 2.5268511 2.5857196 2.4216569 2.2121222 2.1918707 2.3159252 2.3572471 2.2693180 2.3255363 1.8199334 2.2407399 2.8591396 2.1976927 2.3625324 2.5299645 2.2949421 2.4031099 2.0590279 1.6623288 1.7739144 2.2853984 2.1846983 1.9743736 2.1776334 1.8234944 2.5889641 2.6037749 2.2887083 2.5896828 2.5114737 2.9765396 3.0299622 2.5151638 2.0767110 2.5047668 2.5047668 2.3723651 2.3678786 2.6171922 2.2352351 3.0158118 3.0291096 3.0269054 2.6896470 2.6832980 3.7673665 3.7673665 3.4274514 3.9600618 3.4357182 3.7687908 
