85
Emue_Em0012g1002a.t1                                  0.0000000 0.1899022 0.6313557 1.1032833 1.1048260 1.1227057 1.0407836 1.1085367 0.8310502 0.9339438 1.2408672 1.2693812 1.0865328 1.2726231 1.2517676 1.2534742 1.1684759 1.4078630 1.4012179 1.3303370 1.4284995 1.4284995 1.4442734 1.4387906 1.6648040 1.6233584 1.4675465 1.3167939 1.4801708 1.0254480 1.0339344 1.0791288 1.1238527 1.4276841 1.2733327 1.2559921 1.5223021 1.5915561 1.7768846 1.4673657 1.6830573 1.6181108 1.6543545 2.1109546 2.1733180 1.7749835 2.0291236 1.7844595 1.6134126 1.7718025 1.6569397 1.9939598 2.1358533 1.8585558 1.5502746 2.8258871 2.0094749 1.8083597 1.9922824 1.8121024 2.3876683 1.8765163 2.0050338 2.9003956 1.9824000 2.7243746 2.7243746 3.1883123 2.9137633 2.9505859 2.7872877 2.7872877 3.9132005 3.1247440 3.1089558 2.6385562 2.6937529 1.9378550 1.8986473 1.8832901 2.1252399 2.6863054 1.7750049 3.1758525 1.4490694 
Spolac_c98769_g1_i1_m.17986c98769-g1                  0.1899022 0.0000000 0.6066885 1.0227806 1.0280129 1.0222079 1.0222613 1.0469009 0.7949115 0.9040291 1.1658767 1.2162814 1.0250722 1.2258008 1.2232014 1.2172723 1.1525399 1.2565555 1.3063430 1.1603804 1.3532046 1.3532046 1.4422072 1.3995151 1.6521137 1.6531658 1.4625272 1.2674057 1.3709326 1.0559642 0.9958030 0.8296781 1.1359126 1.2716113 1.2701574 1.2978451 1.4987369 1.5185036 1.6336903 1.3751130 1.5772580 1.4735694 1.5358477 2.0407891 2.2841108 1.7963197 2.0223933 1.7362454 1.6254086 1.7486931 1.4875088 1.9173665 1.9700130 1.6873566 1.6444721 2.4786112 1.7614049 1.6423847 1.9104760 1.7530260 2.3746686 1.7178010 1.9413605 2.8032200 1.9176311 2.6693616 2.6693616 3.2206571 2.8894615 2.9685513 2.8089886 2.8089886 4.1863108 3.3549874 3.2569960 2.7701802 2.9490496 1.8607692 1.9516523 1.7703832 1.8911719 2.5140013 1.5672009 3.0480606 1.2190113 
Tetwil_g18294.t1                                      0.6313557 0.6066885 0.0000000 0.9145300 0.9287079 0.9220513 0.9224323 0.9973881 0.6424321 0.9564598 1.0009395 1.1072907 1.1808328 1.0538069 1.0344615 1.0740266 1.2476376 1.1074427 1.3446984 1.0775461 1.3014281 1.3014281 1.4290691 1.3763645 1.5764379 1.5737363 1.3848501 1.0713522 1.1834310 0.9291924 0.8907276 0.9313799 1.0453615 1.3269678 1.0242189 1.0174482 1.4612186 1.4165491 1.4062469 1.3908642 1.4265639 1.6240256 1.4360279 1.8998117 1.9755604 1.8789916 1.9072887 1.5576165 1.7813402 1.9339107 1.4949922 2.0056743 2.3422198 1.6315119 1.6277508 2.2178940 1.5820336 1.5485387 1.9860312 1.7049554 2.1726848 1.6899279 1.8844687 2.3774475 2.0654118 2.8682718 2.8682718 3.1866056 2.9392867 3.1489101 3.1629058 3.1629058 3.8768620 3.2667863 3.0968001 2.6154611 2.8974997 2.0714572 2.5935009 1.6107131 1.8092443 3.0351094 1.5514146 2.7476407 1.0452419 
Spis_XP_022800597_1                                   1.1032833 1.0227806 0.9145300 0.0000000 0.0922176 0.2306217 0.1664778 0.3529592 0.5239088 0.5645854 0.2597658 0.3625850 0.8643829 0.8724232 0.8287491 0.8212057 1.0759390 0.9528657 1.0510313 1.0537934 1.0599439 1.0599439 1.2686504 1.2072812 1.3279012 1.4139222 1.2040457 0.9398975 1.0276589 1.4258720 1.3883545 1.5305416 1.1206553 1.5045692 1.0834059 1.1594937 1.4669628 1.0769406 1.2204874 1.2635776 1.4711438 1.4787186 1.2691492 1.7998539 2.1590503 1.7519279 1.7768663 1.7791808 1.6465576 1.9270618 1.7885142 1.8670681 2.1831340 1.9522462 1.4520278 2.3328851 1.6710099 1.7003976 1.9105172 1.7359090 2.3231097 1.6682148 1.7273136 1.8785878 1.9513652 3.0263672 3.0263672 3.0695882 2.9592213 3.1681790 3.2845462 3.2845462 3.9927807 3.7198083 3.5503283 2.8432596 2.9807194 1.9568804 2.2557629 1.5885728 1.9006978 2.6135691 1.4197311 1.6745220 1.7615494 
Pocdam_XM_027199044.1                                 1.1048260 1.0280129 0.9287079 0.0922176 0.0000000 0.2419999 0.1769186 0.3531488 0.5260249 0.5098606 0.2465357 0.3622601 0.7541218 0.7593667 0.7514026 0.7074553 1.0629701 0.8512826 0.9325221 1.0651977 1.0246021 1.0246021 1.2796621 1.2565516 1.3806401 1.4251859 1.2898200 1.0249869 1.0937328 1.3497872 1.3332812 1.2869510 1.0962112 1.5847016 1.0095203 1.1327385 1.4192649 0.9595182 1.1630459 1.2440668 1.4751936 1.4974806 1.3749577 1.7786859 1.9220985 1.8288632 1.8672612 1.7585270 1.6715519 1.8958311 1.6902955 1.8560146 2.1244277 1.8648435 1.3844502 2.4716125 1.6613323 1.7259113 1.8797382 1.6848550 2.2698117 1.6211693 1.7654297 1.6948855 1.8128578 3.1218281 3.1218281 2.8668327 2.8714768 3.0797405 2.9813544 2.9813544 4.1870140 3.8767460 3.6590717 2.9046472 2.9126297 1.9212511 2.3052270 1.6492660 1.8601559 2.6920737 1.3496066 1.7470856 1.6760846 
Gasp_gasp1.m3.2858.m1                                 1.1227057 1.0222079 0.9220513 0.2306217 0.2419999 0.0000000 0.1065339 0.3096761 0.5139974 0.4462996 0.2566077 0.3731600 0.7685775 0.7904114 0.8052376 0.7978931 1.0770518 0.7688095 0.9296370 1.0109481 0.9030542 0.9030542 1.2162850 1.1690391 1.2845212 1.3547021 1.2071006 0.9435285 0.9842649 1.3633056 1.3547028 1.3663958 1.0355790 1.5847525 0.9740173 1.0974648 1.3654598 0.9698131 1.1119843 1.1824113 1.4266843 1.5359074 1.4761328 1.6543513 2.0394227 1.6613731 1.6925212 1.6734553 1.8186544 2.0192212 1.7397633 1.9934588 2.3814151 2.0243344 1.5089873 2.5986211 1.7480175 1.6915955 1.9488122 1.7311943 2.0799128 1.6570127 1.7250458 2.0803061 1.8819101 2.8857757 2.8857757 2.8618761 2.7844794 2.9262028 3.1325191 3.1325191 3.9277087 3.6996183 3.2922989 2.6684615 2.8716116 2.0077730 2.2403501 1.4832708 1.7821066 2.8988712 1.2555404 1.5872872 1.7684298 
Fspp_ffun1.m4.9126.m1                                 1.0407836 1.0222613 0.9224323 0.1664778 0.1769186 0.1065339 0.0000000 0.3269221 0.5070888 0.4411248 0.2299430 0.3302269 0.7562473 0.7994255 0.8088816 0.8136347 1.0318369 0.8081659 0.9249004 0.9806375 0.9038102 0.9038102 1.1301266 1.1089368 1.2190337 1.2600054 1.1394701 0.8776199 0.9144601 1.3454545 1.3248275 1.3174903 1.0017273 1.4506664 0.9344328 1.0929120 1.3791173 1.0100859 1.1152262 1.1877022 1.3861553 1.4324045 1.4313120 1.6240733 1.8968024 1.6691700 1.6120902 1.6837308 1.7477972 1.9344397 1.6772985 1.9490949 2.3520480 1.9310459 1.4355391 2.5218211 1.6880268 1.6857564 1.9475250 1.7730747 2.1142293 1.5972551 1.7186030 2.0118270 1.9575085 2.8024930 2.8024930 2.8822214 2.7630784 2.9504798 3.0633434 3.0633434 3.8837511 3.6060348 3.2543155 2.7292198 2.8408777 1.9143027 2.2074026 1.5665947 1.8312804 2.8542722 1.3297715 1.4935516 1.7020289 
Gfas_gfas1.m1.15879.m1                                1.1085367 1.0469009 0.9973881 0.3529592 0.3531488 0.3096761 0.3269221 0.0000000 0.6437712 0.6233866 0.3677161 0.3460716 0.9405169 0.9619433 0.9566999 0.8960882 1.3076768 1.0761186 1.2293951 1.3391269 1.1954730 1.1954730 1.5090100 1.4330359 1.4330359 1.5043522 1.4452375 1.1255925 1.1597039 1.4596424 1.4721339 1.3000414 1.3088807 1.8439563 1.1928001 1.2145779 1.6234904 1.1740840 1.2799746 1.4592329 1.5847825 1.7579553 1.8429701 2.3639182 2.3046475 2.3426032 2.2574384 1.6812920 1.8957407 1.9555154 1.6623830 2.1336637 2.8742415 2.2964374 1.5553914 2.2266808 2.1170358 1.8331945 2.0302537 1.8226418 2.9847763 2.1021308 1.9383023 2.2410490 2.3838862 3.8159651 3.8159651 4.0859475 3.9721271 4.5013470 4.3468748 4.3468748 4.5628396 4.7186498 4.2680729 3.5515397 3.5963580 2.0617361 2.2772601 1.9991167 2.0097558 3.6820372 1.5189461 5.2997789 1.1341063 
Exapal_XM_021050372.2                                 0.8310502 0.7949115 0.6424321 0.5239088 0.5260249 0.5139974 0.5070888 0.6437712 0.0000000 0.2644084 0.5837422 0.5210299 0.5552107 0.5729830 0.5819000 0.5450766 0.6871349 0.7209326 0.9111968 0.7688738 0.8230689 0.8230689 0.9310049 0.8995158 1.0630253 1.0984919 0.9158056 0.8409969 0.9089506 1.1793142 1.1436969 1.2078703 0.7416520 1.1391543 0.8324657 0.8389195 1.3731124 0.9280433 0.9304775 0.9930677 1.1134616 1.2455580 1.0456336 1.5738454 1.5873720 1.5301991 1.4833653 1.5107905 1.2366330 1.4803674 1.3624243 1.6460764 1.7881831 1.4164080 1.4139865 1.9662373 1.4215755 1.4366963 1.6442311 1.4593019 1.9719022 1.3943750 1.6796679 2.0123144 1.4161044 2.3540351 2.3540351 2.2956738 2.2331679 2.2970092 2.4633007 2.4633007 3.0246208 2.8351997 2.8713330 2.2294935 2.3149915 1.4849760 1.7461770 1.4849301 1.7036631 2.5792600 1.1476739 2.3160882 1.6847595 
Nvec_v1g54560                                         0.9339438 0.9040291 0.9564598 0.5645854 0.5098606 0.4462996 0.4411248 0.6233866 0.2644084 0.0000000 0.5266864 0.6053088 0.5950519 0.6016281 0.6186848 0.6518181 0.8159296 0.8372333 0.8460432 0.8561944 0.7921381 0.7921381 1.0739497 1.0813808 1.2087270 1.2264744 1.1506549 0.8849352 0.9199748 1.4270224 1.4313934 1.3248490 0.9236069 1.4221357 0.8210802 0.9756807 1.1785902 1.0395802 1.0324915 1.1421721 1.3839128 1.4154302 1.3338018 1.6738902 1.7178392 1.6148604 1.5240448 1.6630162 1.5791678 1.8077865 1.6790350 1.7353690 2.0177173 1.6056908 1.4671249 2.4083980 1.5341057 1.4431093 1.7672320 1.5793449 2.1677974 1.6333376 1.7426567 2.1957856 1.6063458 2.4039666 2.4039666 2.3600406 2.3121154 2.5574822 2.5792338 2.5792338 3.3268278 3.1051286 2.8263248 2.3930272 2.4556300 1.8201189 2.1736379 1.4375918 1.8233106 2.6448550 1.2122059 2.0777056 1.5804197 
Amil_Amillepora27994-RA                               1.2408672 1.1658767 1.0009395 0.2597658 0.2465357 0.2566077 0.2299430 0.3677161 0.5837422 0.5266864 0.0000000 0.0565636 0.7669050 0.8219111 0.8259697 0.7785836 0.9460563 0.8129395 0.8257326 1.0636104 0.9333437 0.9333437 1.1414652 1.1279619 1.3472776 1.3568571 1.1850089 1.1195571 1.1395500 1.2789390 1.5989394 1.4112487 1.0254023 1.3623644 1.1070808 1.1134880 1.6620915 1.2132836 1.0390232 1.0071854 1.1335674 1.1220620 1.1940236 1.3887217 1.7548480 1.4515922 1.4752337 1.4844068 1.4117519 1.5790164 1.5674523 1.7854165 2.4417828 1.9285595 1.1626502 3.1338706 1.5373833 1.6261203 1.5726303 1.5726303 1.5605343 1.5605343 1.6998593 1.6294255 1.5448127 2.4486426 2.4486426 2.8817967 2.8057416 2.6578974 2.7704009 2.7704009 3.3880744 3.0510334 2.8199981 2.2414829 2.4493275 1.7397972 2.1426932 1.7153066 1.6042590 2.2773696 1.4040804 1.5625661 1.7799087 
Adig_XM_015909394.1                                   1.2693812 1.2162814 1.1072907 0.3625850 0.3622601 0.3731600 0.3302269 0.3460716 0.5210299 0.6053088 0.0565636 0.0000000 0.8818016 0.9404914 0.9211727 0.8666700 1.2528944 0.9230779 1.0955736 1.3112812 0.9014268 0.9014268 1.4445126 1.4155935 1.6077728 1.6590313 1.4372313 1.1722939 1.1976520 1.4734809 1.6207927 1.9257146 1.3564514 1.7574845 1.1729263 1.2440809 1.5320364 1.0434292 1.2475188 1.4376352 1.6168362 1.5221380 1.4490136 2.0126432 2.4381333 2.0035049 2.0516305 1.7730506 1.7091224 1.9315759 1.8684246 2.1523361 2.5563179 2.0118638 1.6020026 2.7897970 1.7244620 1.7990191 2.0220144 1.7945569 2.8035774 2.0134072 2.0508061 2.4052168 2.3076872 3.1697853 3.1697853 3.1849429 3.0509616 3.3699189 3.3270364 3.3270364 4.5531420 4.0294744 3.8507220 2.8293836 3.1575510 2.0057058 2.3721808 1.7064272 2.0615733 3.2236620 1.3658772 1.3873297 2.1176737 
Sanmal_Sma_023472-T1                                  1.0865328 1.0250722 1.1808328 0.8643829 0.7541218 0.7685775 0.7562473 0.9405169 0.5552107 0.5950519 0.7669050 0.8818016 0.0000000 0.3144422 0.3078443 0.2535940 0.9048654 0.9948002 0.7753966 1.0373775 0.7799513 0.7799513 1.2573107 1.2549932 1.3717620 1.3798886 1.3592752 1.0443964 1.0501801 1.4841414 1.6238271 1.2864244 1.1987891 1.4890945 1.0559381 1.2967383 1.1158147 0.8305127 1.0140343 1.2802736 1.4741402 1.5081375 1.4277616 1.6577585 1.8681149 1.6350938 1.6966613 1.9429726 2.0228201 2.1223950 1.8345132 2.1261254 2.3973795 1.9579129 1.7135895 2.7324241 1.7383483 1.7121193 2.0251710 1.8531187 2.3951828 1.7246752 1.8795681 2.8694694 1.7370617 2.6031602 2.6031602 2.4551927 2.4252987 2.3901572 2.4778021 2.4778021 3.6083601 3.2523555 3.0282944 2.6842179 2.5380938 1.8998227 2.2225871 1.4280183 1.8173299 2.7639530 1.3779777 2.0585896 2.1433668 
Rhoesc_Res_004724-T1                                  1.2726231 1.2258008 1.0538069 0.8724232 0.7593667 0.7904114 0.7994255 0.9619433 0.5729830 0.6016281 0.8219111 0.9404914 0.3144422 0.0000000 0.0583688 0.1796717 1.0378273 0.9750625 0.7866653 1.1162896 0.9020578 0.9020578 1.2064966 1.2086714 1.2688344 1.2069617 1.2114361 0.9520161 0.9910463 1.3962043 1.5130639 1.4646219 1.2646162 1.3600182 0.9469538 1.1543609 1.1714630 0.8229040 1.0223821 1.2855955 1.5050146 1.4587637 1.4455534 1.7055131 1.7987573 1.6361927 1.7331194 1.7299392 2.0389461 2.1642719 1.8385038 2.2576232 2.4714337 1.9393632 1.7023991 2.5319329 1.6811012 1.6326874 2.0997770 1.8059558 2.4339926 1.8613402 1.7979064 2.6103996 1.7437495 2.4994320 2.4994320 2.4118470 2.5534550 2.7284522 2.7010280 2.7010280 3.7595410 3.6475850 3.2396106 2.8191185 2.6524506 1.8758442 2.4215428 1.3751138 1.7187010 3.1844688 1.5527888 2.3365225 2.3950899 
Nemnom_g18480.t1                                      1.2517676 1.2232014 1.0344615 0.8287491 0.7514026 0.8052376 0.8088816 0.9566999 0.5819000 0.6186848 0.8259697 0.9211727 0.3078443 0.0583688 0.0000000 0.1806392 0.9941666 1.0065309 0.7975332 1.0779683 0.8800701 0.8800701 1.1376262 1.1402286 1.2238455 1.1363026 1.1211537 0.8694857 0.9269457 1.3952098 1.6038370 1.3965415 1.2265232 1.3511691 0.9623893 1.1998764 1.1559776 0.8338398 0.9841622 1.2487085 1.5735883 1.4240993 1.4015831 1.6114905 1.7197147 1.5384207 1.6070029 1.7435382 1.9215754 2.0539551 1.8067486 2.2080542 2.4746421 1.8364020 1.7054701 2.5564118 1.6076889 1.6498988 2.0179792 1.7472705 2.3898421 1.8087586 1.7679441 2.4549690 1.7034947 2.1885350 2.1885350 2.3161316 2.3861682 2.5690644 2.5958139 2.5958139 3.5477618 3.3450970 3.0124010 2.7106533 2.5903480 1.8471194 2.3458933 1.4317389 1.7259513 3.0389910 1.4683534 2.2245006 2.1425752 
Aaur_scaffold247.g14.t1                               1.2534742 1.2172723 1.0740266 0.8212057 0.7074553 0.7978931 0.8136347 0.8960882 0.5450766 0.6518181 0.7785836 0.8666700 0.2535940 0.1796717 0.1806392 0.0000000 1.0564969 0.9644368 0.7964005 1.0786390 0.8454138 0.8454138 1.1878200 1.1826210 1.2175092 1.2316486 1.2400002 0.9659830 0.9825847 1.3574947 1.5285032 1.6058624 1.2428529 1.4589829 0.9967730 1.1023202 1.1690285 0.8296294 0.9852131 1.3071382 1.4246754 1.4937883 1.3823691 1.7529700 1.7436135 1.6512872 1.7038636 1.9622363 1.9815380 2.1045775 1.9220483 2.2741140 2.9648980 1.9914762 1.6975732 2.4675553 1.6782663 1.7515500 2.0919318 1.8556368 2.4813886 1.8147534 1.8623867 2.5240139 1.7151797 2.6754049 2.6754049 2.4579312 2.4588256 2.5376741 2.6671462 2.6671462 3.7996839 3.5618056 3.1234992 2.7284783 2.4707118 2.0644399 2.4072923 1.4774947 1.8321899 3.0915456 1.5120848 2.3673901 2.0135802 
Acagra_model.g518.t1                                  1.1684759 1.1525399 1.2476376 1.0759390 1.0629701 1.0770518 1.0318369 1.3076768 0.6871349 0.8159296 0.9460563 1.2528944 0.9048654 1.0378273 0.9941666 1.0564969 0.0000000 1.2083414 1.3873957 0.9305685 0.9420435 0.9420435 1.3007236 1.2730519 1.4480513 1.4515076 1.2481370 0.9901354 1.1464940 1.4039260 1.6664823 1.2735840 1.3102868 1.3201640 1.0257029 1.3211357 1.5459832 1.3735882 1.2317886 1.1453756 1.4274704 1.5537927 1.2631104 1.8751165 2.0852937 1.8064812 2.0102583 1.9285062 1.9045463 2.0783089 1.8793877 2.1869422 1.9343841 1.8560038 1.7246339 2.7925077 1.7814982 1.8285101 2.3655569 2.0623448 2.5666342 2.1548501 2.2256208 2.6934477 1.7732249 2.5961822 2.5961822 2.7842672 2.6592342 2.8147742 2.7882246 2.7882246 3.5964216 3.4095830 3.3574234 2.9213935 2.6024325 1.6878195 2.1445076 1.9583969 2.2553451 2.6944329 1.3801210 2.9196524 2.1514243 
Dgig_XM_028537585.1                                   1.4078630 1.2565555 1.1074427 0.9528657 0.8512826 0.7688095 0.8081659 1.0761186 0.7209326 0.8372333 0.8129395 0.9230779 0.9948002 0.9750625 1.0065309 0.9644368 1.2083414 0.0000000 1.1791854 1.0908453 1.0762677 1.0762677 1.5458287 1.5531443 1.6675279 1.6588480 1.5544641 1.2291199 1.2521003 1.5241992 1.6273962 1.5894977 1.3143394 1.6211559 1.1881195 1.3046482 1.2855467 1.1797058 1.2822646 1.3992183 1.4480076 1.7621950 1.4262123 2.0333919 2.2701355 1.9305835 2.0433298 1.7213873 1.9356275 1.9400280 1.7118733 2.0514309 2.5388713 1.6709953 1.6300637 2.7256582 1.7800188 1.5584272 1.7806525 1.5472833 2.5330252 2.0085871 2.0939705 2.4688169 2.0555033 2.9843939 2.9843939 2.8733417 2.7575597 2.9801267 3.3057769 3.3057769 4.0183422 3.9885255 3.7961569 3.1033254 3.4068084 1.9528102 2.2672964 1.4155517 1.7219024 3.2285745 0.4796244 2.2723164 2.0490168 
Morvir_scaffold389.g4.t1                              1.4012179 1.3063430 1.3446984 1.0510313 0.9325221 0.9296370 0.9249004 1.2293951 0.9111968 0.8460432 0.8257326 1.0955736 0.7753966 0.7866653 0.7975332 0.7964005 1.3873957 1.1791854 0.0000000 1.2606366 1.2561687 1.2561687 1.3683499 1.3142172 1.5248225 1.5564623 1.4916761 1.4653992 1.4553224 1.8486851 2.0780040 1.3308638 1.4278196 1.7983376 1.4681960 1.2694512 1.3856017 0.9237889 1.2141883 1.3850390 1.4600257 1.5099713 1.3938667 1.6565490 2.1501831 1.7330532 1.9739966 1.9735435 1.8686372 1.9263301 1.8848313 2.1070675 2.5422913 1.7538385 1.5793600 3.1181039 1.5870694 1.6856818 1.8472841 1.8472841 1.9805374 1.9443601 1.8308009 2.7488992 1.8421839 3.4540315 3.4540315 3.3113828 3.3360664 3.3647623 3.3065113 3.3065113 4.5046814 3.8941321 3.6029875 3.6759497 3.3342886 1.8021497 2.2324244 1.8567729 1.6352121 2.9560252 1.5488698 2.3620967 2.3614508 
Cscu_XM_023365258.1                                   1.3303370 1.1603804 1.0775461 1.0537934 1.0651977 1.0109481 0.9806375 1.3391269 0.7688738 0.8561944 1.0636104 1.3112812 1.0373775 1.1162896 1.0779683 1.0786390 0.9305685 1.0908453 1.2606366 0.0000000 1.0086551 1.0086551 1.2952540 1.2413639 1.4190410 1.4619270 1.3323397 1.0569681 1.1353157 1.5713239 1.6667409 1.0266878 1.1459305 0.8049746 1.1733838 1.3742961 1.5560393 1.5344239 1.2280896 1.2548482 1.2211894 1.5702857 1.3344765 1.9688759 1.9896798 1.7847320 1.7950796 1.7778870 2.1452875 2.1439871 1.7950402 2.0139592 2.0137899 2.0016676 1.7921474 2.3254920 1.5893458 1.7387642 2.3195799 2.0795548 2.5244016 2.0576477 2.0742375 2.4866732 1.9953035 2.4396587 2.4396587 2.4179470 2.3181970 2.5486623 2.6342441 2.6342441 3.5818839 3.1937781 3.0394117 2.6273665 2.4190091 1.9143080 2.0556678 1.8811525 2.2034061 2.9208733 1.3150734 3.0844772 1.8518486 
Spur_XM_782618.5                                      1.4284995 1.3532046 1.3014281 1.0599439 1.0246021 0.9030542 0.9038102 1.1954730 0.8230689 0.7921381 0.9333437 0.9014268 0.7799513 0.9020578 0.8800701 0.8454138 0.9420435 1.0762677 1.2561687 1.0086551 0.0000000 0.0000010 1.3296046 1.3649737 1.4462788 1.4205153 1.4466700 1.2653310 1.1447017 1.6890369 1.8842826 1.4475568 1.0950901 1.4682761 1.2118856 1.4985546 1.5811835 1.0975022 1.3271322 1.2055273 1.5165554 1.6338226 1.6336195 1.9779926 1.8485637 1.7310547 1.9013934 1.6990272 2.0378786 2.0911204 2.0479068 1.9431558 1.9300960 1.9490994 1.8307586 2.6244533 1.6936600 1.9456992 2.2305722 1.8908244 2.6618060 1.9048713 2.4099320 2.9331360 2.2464784 2.5598638 2.5598638 2.8446675 2.6389577 2.6867992 2.7697125 2.7697125 3.5704257 3.0867189 3.0181213 2.7372669 3.0040334 1.6239006 1.9346368 2.1884211 2.2668545 2.9372383 1.4369694 2.5493948 2.1584335 
Spur_XM_030985294.1                                   1.4284995 1.3532046 1.3014281 1.0599439 1.0246021 0.9030542 0.9038102 1.1954730 0.8230689 0.7921381 0.9333437 0.9014268 0.7799513 0.9020578 0.8800701 0.8454138 0.9420435 1.0762677 1.2561687 1.0086551 0.0000010 0.0000000 1.3296046 1.3649737 1.4462788 1.4205153 1.4466700 1.2653310 1.1447017 1.6890369 1.8842826 1.4475568 1.0950901 1.4682761 1.2118856 1.4985546 1.5811835 1.0975022 1.3271322 1.2055273 1.5165554 1.6338226 1.6336195 1.9779926 1.8485637 1.7310547 1.9013934 1.6990272 2.0378786 2.0911204 2.0479068 1.9431558 1.9300960 1.9490994 1.8307586 2.6244533 1.6936600 1.9456992 2.2305722 1.8908244 2.6618060 1.9048713 2.4099320 2.9331360 2.2464784 2.5598638 2.5598638 2.8446675 2.6389577 2.6867992 2.7697125 2.7697125 3.5704257 3.0867189 3.0181213 2.7372669 3.0040334 1.6239006 1.9346368 2.1884211 2.2668545 2.9372383 1.4369694 2.5493948 2.1584335 
HoiH23_PlH23_008765-RA                                1.4442734 1.4422072 1.4290691 1.2686504 1.2796621 1.2162850 1.1301266 1.5090100 0.9310049 1.0739497 1.1414652 1.4445126 1.2573107 1.2064966 1.1376262 1.1878200 1.3007236 1.5458287 1.3683499 1.2952540 1.3296046 1.3296046 0.0000000 0.0607428 0.1267682 0.0759748 0.1474965 0.1835357 0.1823745 1.7159750 1.8459929 1.2206038 1.4494773 1.7007775 1.2732602 1.3757236 1.7152519 1.4932460 1.5725645 1.3768983 1.6119238 1.5269803 1.5293144 1.5219554 1.5812901 1.5915587 1.6767176 1.8512002 1.8573878 1.8844263 1.8408738 1.9229522 2.3577143 1.9437955 1.6785963 2.3071656 1.6680386 1.8789136 2.0184810 1.8611406 2.3497991 2.0321377 1.9975645 2.2058279 1.7101024 2.1434628 2.1434628 2.5374740 2.4157219 2.5467117 2.6867055 2.6867055 3.4849695 3.0799897 3.2924989 2.3164610 2.3881227 2.0902613 2.2608311 1.9917896 2.3500458 3.4389442 1.7947045 2.2933092 1.7620354 
Hhon_g04086.t1                                        1.4387906 1.3995151 1.3763645 1.2072812 1.2565516 1.1690391 1.1089368 1.4330359 0.8995158 1.0813808 1.1279619 1.4155935 1.2549932 1.2086714 1.1402286 1.1826210 1.2730519 1.5531443 1.3142172 1.2413639 1.3649737 1.3649737 0.0607428 0.0000000 0.0656554 0.1300977 0.1504694 0.1599491 0.1673735 1.7222272 1.8486938 1.2486069 1.4049598 1.6694213 1.1927817 1.2739423 1.7382686 1.4546338 1.5478404 1.3691373 1.5018391 1.5066538 1.5169046 1.5498784 1.5644040 1.6096007 1.6957625 1.7646334 1.7985546 1.8993790 1.7263097 1.9016877 2.3140519 1.8599461 1.7039833 2.1294681 1.5769515 1.8472947 1.8811551 1.8013818 2.3241785 1.9648778 1.9358541 2.2648074 1.7257586 2.2948596 2.2948596 2.6626406 2.5678516 2.7168749 2.7743227 2.7743227 3.6754343 3.2671383 3.4223795 2.3550021 2.4915512 2.0130282 2.2139802 1.8776082 2.2265387 3.3524493 1.7341889 2.3363862 1.8075863 
HoiH04_mRNA7725                                       1.6648040 1.6521137 1.5764379 1.3279012 1.3806401 1.2845212 1.2190337 1.4330359 1.0630253 1.2087270 1.3472776 1.6077728 1.3717620 1.2688344 1.2238455 1.2175092 1.4480513 1.6675279 1.5248225 1.4190410 1.4462788 1.4462788 0.1267682 0.0656554 0.0000000 0.1010580 0.2329356 0.2647692 0.1757949 1.9222473 2.0895507 1.6295198 1.5568793 1.8313265 1.3984180 1.4347809 1.8602375 1.5398603 1.5991678 1.4772574 1.6215585 1.6109344 1.7163118 1.7561500 1.5644040 1.8316549 1.8900371 1.8396756 1.8726724 1.9713201 1.8207467 2.0431404 2.7447063 2.0332182 1.8700002 2.1370407 1.6459752 1.9717820 2.0469046 1.9590021 2.4233530 2.0418694 2.0233901 2.2648074 1.9383012 2.6182361 2.6182361 2.6626406 2.9104630 3.0627687 3.1236608 3.1236608 3.5350520 3.5666469 3.6775313 2.7407364 2.8704596 2.1144314 2.2122317 1.9831943 2.1923083 3.4834313 1.8406942 2.7256186 2.3106055 
HoiH06_mRNA13028                                      1.6233584 1.6531658 1.5737363 1.4139222 1.4251859 1.3547021 1.2600054 1.5043522 1.0984919 1.2264744 1.3568571 1.6590313 1.3798886 1.2069617 1.1363026 1.2316486 1.4515076 1.6588480 1.5564623 1.4619270 1.4205153 1.4205153 0.0759748 0.1300977 0.1010580 0.0000000 0.2401264 0.2978988 0.2180773 1.9406238 2.0361829 1.4334566 1.5758419 1.8133010 1.4172032 1.4800950 1.9584775 1.6075759 1.6784025 1.4950697 1.7626543 1.6472851 1.7743472 1.7094556 1.5889242 1.7611566 1.8480282 1.8277533 1.8921833 1.9343299 1.9152440 2.0508516 2.6845113 2.0623938 1.7762635 2.4395715 1.6650918 1.9848965 2.1460995 1.9742915 2.3028292 2.0323840 2.0431007 2.2060567 1.8313778 2.3347840 2.3347840 2.5544178 2.7864549 2.8933758 3.0265587 3.0265587 3.5265408 3.4053070 3.4142345 2.7455189 2.7905054 2.1735772 2.2756484 2.0905697 2.2925092 3.5227895 1.9046805 2.7565606 2.1467533 
TrH2_TrispH2_007265-RA                                1.4675465 1.4625272 1.3848501 1.2040457 1.2898200 1.2071006 1.1394701 1.4452375 0.9158056 1.1506549 1.1850089 1.4372313 1.3592752 1.2114361 1.1211537 1.2400002 1.2481370 1.5544641 1.4916761 1.3323397 1.4466700 1.4466700 0.1474965 0.1504694 0.2329356 0.2401264 0.0000000 0.0806083 0.1990636 1.6649561 1.8620769 1.2935741 1.5138075 1.6731256 1.2710447 1.3487014 1.7397737 1.5234760 1.5546918 1.3702558 1.5880950 1.6475895 1.5698756 1.5939599 1.6368057 1.6655720 1.6921355 1.8830716 1.8956335 1.9310355 1.8595949 1.8858604 2.2243444 2.0177865 1.7238760 2.4200716 1.7265570 1.6912808 2.1328994 1.9261832 2.5060106 2.0791423 1.9823042 2.3075531 1.7502452 2.4701621 2.4701621 2.8294496 2.6857351 2.8057177 3.0120893 3.0120893 3.3403749 3.1643130 3.5464006 2.4204715 2.4674971 2.2628541 2.2974241 1.8307686 2.2943004 3.3820965 1.8881729 2.6278848 2.0011643 
Tadh_TriadT22236                                      1.3167939 1.2674057 1.0713522 0.9398975 1.0249869 0.9435285 0.8776199 1.1255925 0.8409969 0.8849352 1.1195571 1.1722939 1.0443964 0.9520161 0.8694857 0.9659830 0.9901354 1.2291199 1.4653992 1.0569681 1.2653310 1.2653310 0.1835357 0.1599491 0.2647692 0.2978988 0.0806083 0.0000000 0.1898532 1.4712868 1.6231597 1.2574474 1.2586405 1.3983427 1.1864213 1.2800933 1.6599055 1.3715174 1.5044027 1.0928331 1.3160670 1.4115456 1.2996343 1.4102056 1.3430541 1.4807937 1.4275164 1.5889107 1.6903214 1.7421265 1.6206700 1.5960716 2.1577128 1.6546665 1.6277933 2.1947303 1.5469572 1.5592317 1.6787288 1.7746250 2.3804430 1.8682772 1.9156321 1.8156558 1.5161710 2.1551606 2.1551606 2.5615811 2.4455783 2.5536502 2.8365939 2.8365939 3.0347351 2.8440320 2.9970971 2.2634604 2.4298023 1.9559160 2.1642384 1.8084697 1.9787451 2.8851245 1.7462077 2.5027158 1.9693572 
HoiH11_mRNA9104                                       1.4801708 1.3709326 1.1834310 1.0276589 1.0937328 0.9842649 0.9144601 1.1597039 0.9089506 0.9199748 1.1395500 1.1976520 1.0501801 0.9910463 0.9269457 0.9825847 1.1464940 1.2521003 1.4553224 1.1353157 1.1447017 1.1447017 0.1823745 0.1673735 0.1757949 0.2180773 0.1990636 0.1898532 0.0000000 1.5576238 1.6948094 1.2418809 1.1202932 1.4808359 1.2207638 1.3330496 1.8912685 1.3583979 1.3870574 1.0549719 1.2591599 1.5270749 1.3685310 1.4125192 1.1210806 1.5030028 1.4952501 1.4707443 1.4671101 1.3699478 1.5667976 1.5616320 2.4000408 1.6560036 1.5898927 1.9992085 1.4656287 1.7355520 1.5131885 1.5035775 2.1401360 1.6859102 1.9614900 1.8565451 1.6219628 2.1577949 2.1577949 2.3703250 2.4202634 2.6161768 2.8316880 2.8316880 2.7958458 2.8143241 2.9411222 2.3348057 2.3915088 1.8315174 2.0989190 1.8332710 2.0121176 2.9199128 1.7497004 3.0214971 2.0020983 
Aque_Aqu2.1.33788_001                                 1.0254480 1.0559642 0.9291924 1.4258720 1.3497872 1.3633056 1.3454545 1.4596424 1.1793142 1.4270224 1.2789390 1.4734809 1.4841414 1.3962043 1.3952098 1.3574947 1.4039260 1.5241992 1.8486851 1.5713239 1.6890369 1.6890369 1.7159750 1.7222272 1.9222473 1.9406238 1.6649561 1.4712868 1.5576238 0.0000000 0.2912006 0.6423745 1.3270859 1.5292514 1.3754988 1.3927380 1.8905439 1.6195267 1.5550348 1.6033967 1.7234822 1.6313914 1.9402997 1.9815182 1.9476088 1.7372701 2.0347587 1.8019840 1.8387249 1.9675332 1.8847883 2.4307573 2.3950133 2.0916872 1.7171161 2.7935541 1.9291746 1.9281863 2.0560484 1.8464480 2.3525792 2.0694593 2.7235137 2.3932402 2.2004988 3.0115247 3.0115247 3.8465363 3.3257275 3.3444559 3.4356393 3.4356393 4.3442867 3.5245500 3.5016612 2.7486098 2.7321958 2.2090577 2.4393922 2.5361173 2.4701401 3.2801096 1.8454064 3.4794029 1.9025132 
Halamb_c24985_g1_i1m.4626                             1.0339344 0.9958030 0.8907276 1.3883545 1.3332812 1.3547028 1.3248275 1.4721339 1.1436969 1.4313934 1.5989394 1.6207927 1.6238271 1.5130639 1.6038370 1.5285032 1.6664823 1.6273962 2.0780040 1.6667409 1.8842826 1.8842826 1.8459929 1.8486938 2.0895507 2.0361829 1.8620769 1.6231597 1.6948094 0.2912006 0.0000000 0.6424490 1.4305051 1.7468814 1.5353891 1.5202497 2.1475592 1.7404486 1.7573714 1.7850935 1.8854986 1.6508472 2.0892790 2.2116082 2.2893627 2.0938522 2.3054013 1.9582391 1.9610742 1.9828825 1.8281826 2.2649718 2.2669720 2.0735712 1.5739367 2.8061389 2.0542982 2.0420464 2.2935488 2.0273057 2.5414477 2.0937067 2.4189234 2.4641529 2.2508019 3.3375106 3.3375106 3.9873587 3.2765478 3.5915222 3.4155282 3.4155282 4.5942377 3.7521199 3.9953378 2.9205662 3.1078750 2.4488249 2.3908844 2.4498601 2.3730602 3.4368614 2.1739073 4.1044783 2.0970574 
Xestes_maker-XT_scaffold1472-augustus-gene-0.6-mRNA-1 1.0791288 0.8296781 0.9313799 1.5305416 1.2869510 1.3663958 1.3174903 1.3000414 1.2078703 1.3248490 1.4112487 1.9257146 1.2864244 1.4646219 1.3965415 1.6058624 1.2735840 1.5894977 1.3308638 1.0266878 1.4475568 1.4475568 1.2206038 1.2486069 1.6295198 1.4334566 1.2935741 1.2574474 1.2418809 0.6423745 0.6424490 0.0000000 0.9674429 0.9525132 1.2921194 1.5531550 1.9853707 1.6538910 1.3661474 1.1304731 1.5812699 1.2834681 1.5249672 1.7453774 1.8393867 1.4032389 1.3716395 1.7300026 1.6896753 1.5685695 1.8960105 1.7479758 1.7936570 2.2273934 1.6569084 8.9999985 1.5491079 1.7315439 1.6663571 1.6663571 1.5101988 1.5101988 1.5684418 1.6915268 1.3165866 2.0851295 2.0851295 2.5497286 2.0565813 2.0630286 2.0091033 2.0091033 2.6448835 2.0746337 2.5575141 2.1170286 2.0753376 1.6828553 1.6600412 2.3851993 2.2955098 1.9101719 1.5847439 2.1371057 1.8405539 
Bralan_BLAG03001620_1                                 1.1238527 1.1359126 1.0453615 1.1206553 1.0962112 1.0355790 1.0017273 1.3088807 0.7416520 0.9236069 1.0254023 1.3564514 1.1987891 1.2646162 1.2265232 1.2428529 1.3102868 1.3143394 1.4278196 1.1459305 1.0950901 1.0950901 1.4494773 1.4049598 1.5568793 1.5758419 1.5138075 1.2586405 1.1202932 1.3270859 1.4305051 0.9674429 0.0000000 1.3329334 1.1457137 1.3403240 1.5345043 1.3638185 1.4521112 1.1881487 1.4771032 1.6077964 1.4057046 2.3340888 2.3525340 1.9402053 1.9961600 1.9529783 1.9225857 2.1550351 1.7621429 1.9381820 2.1835566 1.8524064 1.7014601 2.5386091 1.6301882 2.0201023 2.1149925 1.6676058 2.2339390 1.6973330 2.2797888 2.9646060 2.0042152 2.5516428 2.5516428 2.2932311 2.4414333 2.5377185 2.5407395 2.5407395 3.3192395 2.9880817 2.9899126 2.2456056 2.6936218 1.9423124 2.4685919 2.0083660 2.3076969 2.6194638 1.5785461 2.8290409 1.7907746 
Tcas_TC001325_001                                     1.4276841 1.2716113 1.3269678 1.5045692 1.5847016 1.5847525 1.4506664 1.8439563 1.1391543 1.4221357 1.3623644 1.7574845 1.4890945 1.3600182 1.3511691 1.4589829 1.3201640 1.6211559 1.7983376 0.8049746 1.4682761 1.4682761 1.7007775 1.6694213 1.8313265 1.8133010 1.6731256 1.3983427 1.4808359 1.5292514 1.7468814 0.9525132 1.3329334 0.0000000 1.3317411 1.5176884 1.6526579 1.7729083 1.4956966 1.5480117 1.0919011 1.1705045 1.3445869 2.2932268 2.3249607 2.1650714 2.3689180 2.3918532 2.3174849 2.5743607 2.1263243 2.3153340 1.8780551 2.3165686 2.3362951 2.7841440 1.9329971 2.1274191 2.5650203 2.4385591 2.6260933 2.1546333 2.3202342 2.5009991 2.4285163 2.4924963 2.4924963 2.7585075 2.6433455 3.0579377 3.0527143 3.0527143 3.8188448 3.3898433 3.2011100 2.7058091 2.7545599 2.3816551 2.4247940 1.8439126 2.1507196 3.9750027 1.6797208 3.1966099 2.4788707 
Opea_EP00118_Oscarella_pearsei_P017638                1.2733327 1.2701574 1.0242189 1.0834059 1.0095203 0.9740173 0.9344328 1.1928001 0.8324657 0.8210802 1.1070808 1.1729263 1.0559381 0.9469538 0.9623893 0.9967730 1.0257029 1.1881195 1.4681960 1.1733838 1.2118856 1.2118856 1.2732602 1.1927817 1.3984180 1.4172032 1.2710447 1.1864213 1.2207638 1.3754988 1.5353891 1.2921194 1.1457137 1.3317411 0.0000000 0.7094213 1.5666584 1.1728578 1.2995371 1.3434404 1.5265857 1.5648916 1.5952104 1.8670765 1.4592553 1.6734989 1.8305644 1.7230189 1.4860204 1.6167947 1.7775699 2.0269561 2.0267136 1.6486184 1.5827996 2.4471319 1.6854072 1.6694151 1.8639211 1.8096793 2.4873973 2.2134672 2.1754354 2.3706265 2.2528244 2.5842923 2.5842923 3.0832545 2.8395330 2.9632950 3.0977205 3.0977205 3.4177368 3.0623125 2.9949939 2.8060880 2.7311705 2.0611182 2.2383189 1.5495045 1.6187125 3.7595718 1.8031777 2.9736054 1.7149807 
Plajan_Pjan_C547647_01                                1.2559921 1.2978451 1.0174482 1.1594937 1.1327385 1.0974648 1.0929120 1.2145779 0.8389195 0.9756807 1.1134880 1.2440809 1.2967383 1.1543609 1.1998764 1.1023202 1.3211357 1.3046482 1.2694512 1.3742961 1.4985546 1.4985546 1.3757236 1.2739423 1.4347809 1.4800950 1.3487014 1.2800933 1.3330496 1.3927380 1.5202497 1.5531550 1.3403240 1.5176884 0.7094213 0.0000000 1.7690712 1.3870789 1.4774760 1.3860518 1.7213428 1.8053518 1.7995777 2.1146314 2.0055557 1.9901546 2.3202140 1.8480362 2.0240266 2.1179643 2.0578462 1.9027613 2.1262103 1.8063749 1.8654268 2.4434797 1.7570814 2.0359488 1.9960249 1.9241586 2.5426499 2.2913692 2.5406815 2.3018334 2.4120786 3.1991659 3.1991659 3.5768543 3.3312571 3.1697036 3.4460769 3.4460769 4.2344501 3.7775281 3.6551560 3.2632312 2.8967050 1.8572043 2.2613236 1.6909394 1.9201425 3.5519141 1.9801267 2.9611124 1.6984205 
Hvul_g13996_1                                         1.5223021 1.4987369 1.4612186 1.4669628 1.4192649 1.3654598 1.3791173 1.6234904 1.3731124 1.1785902 1.6620915 1.5320364 1.1158147 1.1714630 1.1559776 1.1690285 1.5459832 1.2855467 1.3856017 1.5560393 1.5811835 1.5811835 1.7152519 1.7382686 1.8602375 1.9584775 1.7397737 1.6599055 1.8912685 1.8905439 2.1475592 1.9853707 1.5345043 1.6526579 1.5666584 1.7690712 0.0000000 0.8292305 1.4773141 1.7826661 1.8172892 1.5784628 1.7445667 2.2663367 2.1084461 2.2401252 2.2107554 2.2051957 2.1240620 2.1814343 2.1738593 2.4646495 2.4601695 2.2417492 2.0735648 2.8445539 2.0328199 1.6749969 2.4368662 2.4700578 2.5604429 2.2975491 2.3222646 3.0238499 2.1728245 3.1217647 3.1217647 2.6864076 2.7758303 3.0195472 2.7508281 2.7508281 4.0671380 3.8550673 3.8566074 3.3221251 3.1832795 2.4694207 2.6358002 1.4695549 1.6210921 3.9945122 1.7620295 2.4407704 2.9192213 
Chem_TCONS_00000559                                   1.5915561 1.5185036 1.4165491 1.0769406 0.9595182 0.9698131 1.0100859 1.1740840 0.9280433 1.0395802 1.2132836 1.0434292 0.8305127 0.8229040 0.8338398 0.8296294 1.3735882 1.1797058 0.9237889 1.5344239 1.0975022 1.0975022 1.4932460 1.4546338 1.5398603 1.6075759 1.5234760 1.3715174 1.3583979 1.6195267 1.7404486 1.6538910 1.3638185 1.7729083 1.1728578 1.3870789 0.8292305 0.0000000 1.2689319 1.5242299 1.7377757 1.7795037 1.6559110 2.1261413 2.4430390 2.2516553 2.4640985 2.1790345 2.3542568 2.5944990 2.0757289 2.2411655 2.6604632 2.2734141 1.9765282 2.6451799 1.8544317 1.8893330 2.2456989 1.9849778 3.1809001 2.4345945 2.1090673 2.4401128 2.1672439 3.4960316 3.4960316 2.7656444 2.8528960 3.1964349 3.0319293 3.0319293 3.6964739 3.3885229 3.3622328 3.2310883 3.3799911 1.8993235 2.3856560 1.4667506 1.9015989 3.9646659 1.5190105 2.6265008 2.7356617 
Skow_XM_002740857.2                                   1.7768846 1.6336903 1.4062469 1.2204874 1.1630459 1.1119843 1.1152262 1.2799746 0.9304775 1.0324915 1.0390232 1.2475188 1.0140343 1.0223821 0.9841622 0.9852131 1.2317886 1.2822646 1.2141883 1.2280896 1.3271322 1.3271322 1.5725645 1.5478404 1.5991678 1.6784025 1.5546918 1.5044027 1.3870574 1.5550348 1.7573714 1.3661474 1.4521112 1.4956966 1.2995371 1.4774760 1.4773141 1.2689319 0.0000000 1.2492117 1.4472042 1.5637843 1.7951278 2.2555038 2.4110633 2.0773250 2.1886336 2.2153078 1.9425502 1.9518925 2.1466495 2.2853536 2.5924154 2.2683689 2.0223164 2.6545940 2.0122297 2.2186319 2.6208662 2.3432821 2.7628438 2.1756614 2.4752424 2.4646205 2.1266125 3.0047151 3.0047151 2.9547656 2.9549944 2.9672948 3.4198586 3.4198586 3.6218103 3.3872177 3.8656177 2.8659594 3.5277594 2.2503785 2.7328057 2.2356548 2.1170245 3.8248749 1.5676317 3.3397419 2.2886330 
Hsap_ENST00000303204                                  1.4673657 1.3751130 1.3908642 1.2635776 1.2440668 1.1824113 1.1877022 1.4592329 0.9930677 1.1421721 1.0071854 1.4376352 1.2802736 1.2855955 1.2487085 1.3071382 1.1453756 1.3992183 1.3850390 1.2548482 1.2055273 1.2055273 1.3768983 1.3691373 1.4772574 1.4950697 1.3702558 1.0928331 1.0549719 1.6033967 1.7850935 1.1304731 1.1881487 1.5480117 1.3434404 1.3860518 1.7826661 1.5242299 1.2492117 0.0000000 1.5696120 1.5111303 1.7095856 1.6823989 1.9417221 1.7146502 1.7655919 1.8877067 2.0775389 2.3387656 2.0307212 1.9273743 2.1198601 1.8561655 1.6573619 2.3073258 1.3802128 1.5807237 1.9276190 1.7459417 2.5282932 2.0661369 2.2175074 2.1738451 1.8407071 2.4780275 2.4780275 2.8457890 2.5154184 2.9011771 2.8609663 2.8609663 3.4920456 3.2178790 2.8201224 2.5135368 2.7456231 1.7863062 2.1504406 1.9073731 1.9863250 3.0017083 1.8796966 2.6208465 2.0129134 
Ctel_gnl_WGS_AMQN_CAPTEDRAFT_mRNA165159               1.6830573 1.5772580 1.4265639 1.4711438 1.4751936 1.4266843 1.3861553 1.5847825 1.1134616 1.3839128 1.1335674 1.6168362 1.4741402 1.5050146 1.5735883 1.4246754 1.4274704 1.4480076 1.4600257 1.2211894 1.5165554 1.5165554 1.6119238 1.5018391 1.6215585 1.7626543 1.5880950 1.3160670 1.2591599 1.7234822 1.8854986 1.5812699 1.4771032 1.0919011 1.5265857 1.7213428 1.8172892 1.7377757 1.4472042 1.5696120 0.0000000 1.6187271 1.5610111 2.3276083 1.9421353 2.0826661 2.3450790 1.9436555 1.7829522 1.9064934 1.7867021 1.9773908 1.9330204 2.1968888 1.8809226 2.1311120 1.6351589 1.7704841 2.1199547 1.9486506 2.5224183 2.0162421 1.9559115 2.4343643 2.3611885 2.8931962 2.8931962 2.9719504 3.0220980 3.0835490 2.9926653 2.9926653 3.7755020 3.4507935 3.5746883 2.5434901 2.6318167 2.0077969 2.0412970 2.1870086 2.2214692 3.1352688 1.3012506 3.0003959 2.2895578 
Dpul_mRNA29808                                        1.6181108 1.4735694 1.6240256 1.4787186 1.4974806 1.5359074 1.4324045 1.7579553 1.2455580 1.4154302 1.1220620 1.5221380 1.5081375 1.4587637 1.4240993 1.4937883 1.5537927 1.7621950 1.5099713 1.5702857 1.6338226 1.6338226 1.5269803 1.5066538 1.6109344 1.6472851 1.6475895 1.4115456 1.5270749 1.6313914 1.6508472 1.2834681 1.6077964 1.1705045 1.5648916 1.8053518 1.5784628 1.7795037 1.5637843 1.5111303 1.6187271 0.0000000 1.4035314 2.2794606 3.0167239 2.0789528 2.1802344 2.6202417 2.4021800 2.6149846 2.2563465 2.2536182 2.1652991 2.4760932 2.2695429 3.0810048 1.9026648 2.0383238 2.9065379 2.6487909 2.1203533 1.8073780 2.6598324 2.5941008 2.6010134 2.9483595 2.9483595 2.8266822 2.8769696 2.7741894 2.8963747 2.8963747 3.6062208 3.3954337 3.3671505 2.8832975 2.7051696 2.0824998 2.3281886 2.2252913 2.1407518 3.3679857 1.7832677 2.7805731 2.8899621 
Cgig_XM_011416606.3                                   1.6543545 1.5358477 1.4360279 1.2691492 1.3749577 1.4761328 1.4313120 1.8429701 1.0456336 1.3338018 1.1940236 1.4490136 1.4277616 1.4455534 1.4015831 1.3823691 1.2631104 1.4262123 1.3938667 1.3344765 1.6336195 1.6336195 1.5293144 1.5169046 1.7163118 1.7743472 1.5698756 1.2996343 1.3685310 1.9402997 2.0892790 1.5249672 1.4057046 1.3445869 1.5952104 1.7995777 1.7445667 1.6559110 1.7951278 1.7095856 1.5610111 1.4035314 0.0000000 1.8925129 2.4068311 1.9690394 2.0655114 2.5569173 2.1421486 2.4535727 2.3489978 1.9912072 2.2221601 2.5197269 2.0040085 2.7402117 1.7772155 2.1798013 2.4676214 2.1359763 2.3245347 1.9724724 2.2669227 2.4928276 2.0219269 2.7797187 2.7797187 2.8154761 2.7059583 2.9560452 3.1192260 3.1192260 3.1485628 3.0875842 3.5363661 2.6918280 3.0817357 2.2700363 2.4066744 2.1620495 2.2489046 3.4094707 1.7163854 2.6061848 2.4053881 
Lcom_lcpid79343                                       2.1109546 2.0407891 1.8998117 1.7998539 1.7786859 1.6543513 1.6240733 2.3639182 1.5738454 1.6738902 1.3887217 2.0126432 1.6577585 1.7055131 1.6114905 1.7529700 1.8751165 2.0333919 1.6565490 1.9688759 1.9779926 1.9779926 1.5219554 1.5498784 1.7561500 1.7094556 1.5939599 1.4102056 1.4125192 1.9815182 2.2116082 1.7453774 2.3340888 2.2932268 1.8670765 2.1146314 2.2663367 2.1261413 2.2555038 1.6823989 2.3276083 2.2794606 1.8925129 0.0000000 0.5423330 0.4210926 0.5560707 2.7423896 2.4363150 2.4482926 2.4569570 2.1025721 2.6261284 2.2195603 2.0035581 2.6066730 1.8001057 1.9857258 2.1539849 2.1301719 2.6480397 2.5202561 2.6138071 1.9904541 1.8227361 2.4308270 2.4308270 2.4529917 2.3448566 2.7152623 2.6904545 2.6904545 2.8722173 2.7106510 2.5945954 2.4725185 3.0003640 2.3842438 2.7730998 2.5721843 2.4410798 4.4554911 2.0901122 2.7202064 2.8212566 
