108
Emue_Em0016g105a.t1                                     0.0000000 0.1069080 0.5778831 0.7698725 0.8777056 0.6295371 1.0827671 0.7194872 0.6152298 0.8910844 0.8910844 1.2037715 1.2602906 1.2245521 1.2770693 1.1485308 1.0389065 1.0633643 1.0823273 1.0778890 1.1783903 1.1357449 1.1024537 0.9357076 1.0641476 1.1254759 0.0000010 1.1647765 1.2039188 1.2741438 1.2835561 1.2518212 1.3050139 1.1570709 1.3483981 1.4137845 1.5060180 1.3248445 1.4335646 1.2128897 1.2128897 1.6709272 1.6823230 1.6649007 1.5186618 1.4439517 1.2245040 2.0551901 1.4675667 1.4787710 1.4688119 1.5348990 1.4288889 1.5749265 1.6748677 1.4930260 1.4058582 1.1992606 1.1992606 1.3401531 1.3401531 1.4058582 1.4217556 1.4648088 1.4648088 1.4100473 1.4646554 1.2581589 2.7538481 1.7507648 1.7507648 1.7533872 0.0455543 1.2308103 1.8012376 1.7402293 1.8258120 1.6472047 1.8421638 2.0435376 2.0477211 2.0728149 2.0814515 2.0800784 2.0871739 2.0513978 2.0776163 2.3684907 2.3356013 2.5313371 2.4657240 2.5381996 3.0001462 2.3146944 2.6504454 2.3666834 2.2207660 2.3873571 2.4182907 3.0641100 1.6981267 3.2184459 2.5929072 2.3063786 5.0689984 2.6091912 2.6091912 5.7088838 
Spolac_c99630_g2_i1_m.20165c99630-g1                    0.1069080 0.0000000 0.4532419 0.7033110 0.7496630 0.6170050 1.0270711 0.5657797 0.6830093 0.8299157 0.8299157 1.1390803 1.2302230 1.1794103 1.2363640 1.1972093 1.0209695 1.0576822 1.1046928 1.1240153 1.1778534 1.1744455 1.0657344 0.8961376 0.9525931 1.0001801 0.0000010 1.1703453 1.2093368 1.2326384 1.3127741 1.2057443 1.2188663 1.2090401 1.5103955 1.5052672 1.5127232 1.3318688 1.4677788 1.1355166 1.1355166 1.5692270 1.5692270 1.5692270 1.3196125 1.3118065 1.1790146 2.1215179 1.2941569 1.3076274 1.3901761 1.4834419 1.3934465 1.4882188 1.6059691 1.3712161 1.3348973 1.1398125 1.1398125 1.2856969 1.2856969 1.3348973 1.3436186 1.3574340 1.3574340 1.3199249 1.3994488 1.2096839 2.2344883 4.5292142 4.5292142 1.7449456 0.0000010 1.1360324 1.6168479 1.9074063 2.0428780 1.8292692 1.9027913 1.9399991 1.8930432 1.8771272 1.8876282 1.9621344 1.9644366 2.1560045 2.2191899 2.3172460 2.2454815 2.3977792 2.4195058 2.4033094 2.7914832 2.1932670 2.5954104 2.2305827 2.0597972 2.2402978 2.4864655 2.6594165 1.6409871 2.8616007 2.4242058 2.2415454 5.9552658 2.2026273 2.2026273 5.6541156 
Aque_Aqu2.1.06894_001                                   0.5778831 0.4532419 0.0000000 0.0946235 0.3605734 0.2343397 0.0000010 0.6277934 0.7124840 0.7292521 0.7292521 1.1634395 0.9717595 0.9778398 1.0357964 1.0928310 0.9458257 0.9458257 1.0629327 1.0500275 1.1285333 1.0435328 0.9403764 0.8798926 1.0321608 1.1108219 0.0000010 0.9222161 1.1775949 1.0536297 1.0647000 1.0135922 1.0558693 1.1119382 1.1656515 1.3321799 1.3395336 1.1026246 1.4199022 0.9776140 0.9776140 1.3405170 1.3405170 1.3405170 1.3318096 1.3318096 1.0116436 9.0000000 1.2855063 1.2855063 1.1025407 1.1984297 1.0184844 1.1785093 1.1785093 1.1366085 0.9752438 0.7722436 0.7722436 0.9752438 0.9752438 0.9752438 1.0733553 1.0317228 1.0317228 1.2185792 1.0554389 0.8319883 1.4243260 4.5292142 4.5292142 2.1801635 2.7479046 1.0344179 1.4151010 1.6147932 1.6548729 1.7953082 1.5974001 1.7835074 1.7623502 1.7659910 1.7659910 1.7784159 1.8054097 1.9941134 1.9062449 2.1856113 1.9977055 1.9181451 2.3656755 2.5768212 3.0702925 2.1760460 2.4669495 1.7949553 2.0500785 2.2638385 2.5327809 2.4010363 1.8498895 3.0528316 2.2621331 2.2052542 7.0956952 3.6243004 3.6243004 4.6885126 
Aque_Aqu2.1.31777_001                                   0.7698725 0.7033110 0.0946235 0.0000000 0.6575618 0.4154660 1.2568678 0.9287349 0.8424669 0.9316016 0.9316016 1.5116895 1.4102924 1.3657800 1.4421121 1.3578853 1.2047947 1.2190164 1.2355856 1.2357690 1.2823294 1.2999144 1.2562732 1.1237362 1.2935551 1.3920748 1.7319390 1.2490774 1.4170141 1.3778653 1.3193992 1.2922673 1.4357650 1.3557581 1.3929200 1.4952183 1.6714318 1.4987784 1.6958942 1.3546760 1.3546760 1.6545391 1.8129132 1.6443273 1.5737373 1.4778913 1.1386668 2.3206877 1.6899687 1.7001861 1.6621626 1.7090674 1.3359256 1.6906561 1.8908455 1.7032514 1.2010797 1.0130203 1.0130203 1.1127147 1.1127147 1.2010797 1.4604425 1.2605703 1.2605703 1.6396810 1.5014258 1.2422200 3.2288945 1.7364427 1.7364427 1.7768202 1.1262502 1.8707443 1.9342094 2.1032989 2.0368250 1.8919580 1.8623662 2.0592183 2.0363530 2.1701348 2.1556129 2.0798369 2.0743541 2.2232241 2.2710793 2.4997218 2.2404001 2.2858762 2.7497419 2.7895917 3.3720898 2.6018740 2.8264255 2.4356746 2.4624235 2.5456553 2.5554163 2.6547048 1.8165731 3.3879758 2.7597467 2.8069017 3.9288311 2.9009970 2.9009970 4.8453673 
Halamb_c49459_g1_i1m.26187                              0.8777056 0.7496630 0.3605734 0.6575618 0.0000000 0.4312321 1.4119189 1.1967167 1.1066763 1.1862490 1.1862490 1.6028550 1.5088861 1.5321485 1.5894936 1.6442709 1.3203294 1.3225244 1.3857306 1.3210376 1.4144842 1.3451909 1.3863750 1.2891440 1.5032867 1.5327783 2.1692031 1.3816074 1.5898769 1.6082524 1.6643389 1.5942370 1.5449571 1.5418835 1.7688636 1.6988515 1.9287617 1.6203812 1.6824055 1.6340194 1.6340194 1.6959299 1.9155721 1.6549672 1.6730866 1.5064091 1.1193968 2.8740876 1.8592296 1.8707161 1.7800805 1.8509882 1.2868077 1.8709927 2.1176407 1.8653334 1.3103588 1.0942172 1.0942172 1.2141384 1.2141384 1.3103588 1.7153438 1.3744790 1.3744790 1.8458144 1.6865205 1.3228513 3.0869592 2.3691464 2.3691464 1.8426223 1.4390595 1.8885930 2.1490104 2.1336793 2.2351680 2.0594666 1.8098440 2.2460265 2.1938664 2.3772859 2.3867013 2.2108582 2.2085421 2.4472056 2.6038440 2.7342496 2.5548559 2.5137302 3.1834292 3.1050536 3.4267976 2.7309078 2.6105261 2.5501756 2.2521645 2.7850621 2.7838127 3.0524813 1.9047283 3.6255361 3.0420529 3.0222799 4.3551789 3.2628528 3.2628528 4.9708256 
Xestes_maker-XT_scaffold5067-augustus-gene-0.12-mRNA-1  0.6295371 0.6170050 0.2343397 0.4154660 0.4312321 0.0000000 1.1285028 0.7076059 0.9035977 0.6710899 0.6710899 0.9744887 0.9813955 0.9634302 1.0265140 0.9063397 0.8595742 0.8534273 0.8313993 0.8345178 0.9570784 0.9377897 0.8695490 0.6165360 0.8516389 0.8999704 0.0000010 0.9705433 1.2506835 1.0030179 1.1420046 1.0622404 0.9641297 1.0187616 1.1431518 1.2078818 1.2260403 1.0500886 1.4066198 1.0618431 1.0618431 1.1840388 1.1840388 1.1840388 1.0723836 1.0723836 1.0871440 9.0000000 1.0263049 1.0427182 1.0851151 1.0814923 1.0814923 1.0871107 1.4376308 1.0306146 1.0071791 1.0080724 1.0080724 1.0071791 1.0071791 1.0071791 1.0045445 0.6347882 0.6347882 1.0988958 1.0357237 1.1214544 1.4533186 4.5292142 4.5292142 1.4403348 0.0000010 1.0406273 1.3097028 1.4323112 1.4559375 1.1903708 1.7997825 1.5914877 1.5961770 1.6521747 1.6660214 1.5746488 1.5938755 1.6991361 1.8340710 1.6612276 1.5252102 1.8104472 2.2225551 2.4485339 2.6053713 1.6104706 2.2400425 1.6651357 1.5685284 1.6273921 2.0056742 2.0154289 1.7678234 2.3698628 2.1640737 2.1417941 6.4080093 2.6021582 2.6021582 5.5760711 
Stycar_maker-SC_scaffold144450-snap-gene-0.3-mRNA-1     1.0827671 1.0270711 0.0000010 1.2568678 1.4119189 1.1285028 0.0000000 0.0653632 0.9411875 1.2123260 1.2123260 1.7008731 2.1536914 2.2489459 2.4925352 1.2987686 2.0065031 1.9758132 1.7564139 1.9010685 1.9489677 2.0260155 1.8501927 0.0000010 1.5810661 1.8143054 0.0000010 1.6760136 1.9138762 1.4618074 1.8249744 1.9548337 1.6030654 1.6450289 2.7292783 1.8557888 1.9464243 2.2570419 2.2570419 1.7801504 1.7801504 2.3878084 2.3878084 2.3878084 2.3071243 2.3071243 2.3071243 0.0000010 2.0575042 2.1769773 2.5844845 2.3423688 2.3423688 2.5396588 8.9999981 2.1896870 2.2960570 2.2960570 2.2960570 2.2960570 2.2960570 2.2960570 2.2534077 0.0000010 0.0000010 2.6211243 2.2522557 2.5113316 3.9558817 0.0000010 0.0000010 1.6077965 0.0000010 1.9245979 0.0000010 3.1057122 3.1397851 1.4132885 3.1829911 2.1365794 1.9131496 2.1993843 2.2937648 1.7693165 1.7693165 3.6223451 3.4559550 2.4573627 2.3158226 3.7439076 2.7952957 2.9227466 3.0277187 2.8969171 2.8935370 5.6058319 3.3553531 2.3544507 3.2788206 3.4930044 1.4731030 3.6699767 4.4587880 6.1207910 8.6759525 3.8226605 3.8226605 3.7778093 
Stycar_maker-SC_scaffold2395-augustus-gene-0.168-mRNA-1 0.7194872 0.5657797 0.6277934 0.9287349 1.1967167 0.7076059 0.0653632 0.0000000 0.5914601 1.1232867 1.1232867 1.4586868 1.5352691 1.4356190 1.5017536 1.3288073 1.2597239 1.2734919 1.2867423 1.2926927 1.4179617 1.3621180 1.3792501 1.0284006 1.2923935 1.4066336 1.7608806 1.2624963 1.3583258 1.3415395 1.3257248 1.4580450 1.4364060 1.3146298 1.4536760 1.6088861 1.5480874 1.6155599 1.6235883 1.4214382 1.4214382 1.7594369 1.7875970 1.6399619 1.7063151 1.4847626 1.2636944 2.5300196 1.7143226 1.7252731 1.7199637 1.7808976 1.3807728 1.8301485 1.9905854 1.7881368 1.3429855 1.1522585 1.1522585 1.2872758 1.2872758 1.3429855 1.7139330 1.3937754 1.3937754 1.8066890 1.6025289 1.3028481 3.4584144 3.3102550 3.3102550 1.5494953 1.2199097 1.9315063 1.7669709 2.0257084 1.9519036 1.8679142 1.8559037 2.1261147 2.0483214 2.2160613 2.2142913 2.0282474 2.0431831 2.4854003 2.4408234 2.4757534 2.4430882 2.6442709 2.8712633 3.0566452 3.5984485 2.5126890 2.4862392 2.6325591 2.4938721 2.7890584 2.6506453 2.8669594 1.7329308 3.2575741 2.9402649 3.0529760 3.7728633 3.4692292 3.4692292 4.9464049 
Tetwil_g5765.t2                                         0.6152298 0.6830093 0.7124840 0.8424669 1.1066763 0.9035977 0.9411875 0.5914601 0.0000000 1.0055322 1.0055322 1.2392200 1.3227297 1.2896819 1.4008696 1.3866695 1.1743521 1.2153160 1.2613300 1.2109422 1.3140021 1.2719399 1.2117565 1.1255511 1.2536168 1.2742215 0.0000010 1.2192300 1.1782973 1.3434037 1.2694996 1.3871449 1.4210614 1.3495229 1.3875961 1.3691835 1.4916153 1.4412237 1.7127254 1.3283250 1.3283250 1.6855160 1.7310146 1.7092135 1.6582442 1.6117362 1.3833224 1.9552351 1.6261354 1.6159521 1.6417821 1.5642675 1.5136988 1.5883151 1.7592384 1.5307861 1.4527057 1.2940079 1.2940079 1.4465542 1.4465542 1.4527057 1.4718554 1.4690660 1.4690660 1.6013392 1.5303022 1.5629273 2.8823433 1.8873779 1.8873779 1.8176772 0.4962745 1.6788936 1.7798639 1.7041450 1.8112356 1.5853167 2.2081568 1.8054084 1.8708801 1.9448909 1.9667281 1.9128360 1.9206453 2.0868233 2.1950679 2.1666892 2.0609463 2.5044371 2.7292080 2.7826023 3.0455124 2.1410233 2.7873232 2.3912039 2.1325387 2.4890745 2.5516327 2.8513712 1.7184437 2.9784026 2.5954740 2.5339680 4.7246785 2.6220624 2.6220624 5.4910404 
Plespi_Pspi_scaffold1800_01                             0.8910844 0.8299157 0.7292521 0.9316016 1.1862490 0.6710899 1.2123260 1.1232867 1.0055322 0.0000000 0.0000010 1.4921785 1.3231710 1.3745333 1.3916177 1.4501052 1.4149542 1.4224789 1.4424185 1.4215380 1.4850267 1.4615742 1.3426943 1.2740144 1.4303155 1.4367963 1.9617508 1.3670418 1.4047813 1.3387289 1.3151198 1.4700681 1.4248395 1.3464783 1.3961506 1.5660243 1.6582757 1.4694448 1.7131222 1.3976332 1.3976332 1.6472890 1.8156495 1.7161790 1.5420719 1.4497643 1.1468313 2.1449986 1.7000174 1.7101522 1.7085919 1.9032986 1.4447898 1.7305206 1.9577053 1.6677140 1.2776355 1.1022459 1.1022459 1.2204511 1.2204511 1.2776355 1.6099453 1.3602093 1.3602093 1.7062800 1.6773849 1.2000458 3.0603082 2.0575783 2.0575783 1.8064767 1.2445851 1.9294056 2.0471862 2.0488199 2.0188180 1.8808626 1.9706204 1.9699093 1.9448037 1.9938118 1.9994488 2.0894338 2.0725233 2.2976306 2.4489993 2.3398893 2.3376046 2.4966629 2.7823357 2.7639485 2.9346459 2.3938579 2.6559112 2.6279189 2.2322337 2.5662511 2.4524846 2.7966560 1.9089467 3.4322872 2.8792361 2.6879172 4.0094195 2.8252535 2.8252535 5.5655685 
Plespi_Pspi_scaffold1801_01                             0.8910844 0.8299157 0.7292521 0.9316016 1.1862490 0.6710899 1.2123260 1.1232867 1.0055322 0.0000010 0.0000000 1.4921785 1.3231710 1.3745333 1.3916177 1.4501052 1.4149542 1.4224789 1.4424185 1.4215380 1.4850267 1.4615742 1.3426943 1.2740144 1.4303155 1.4367963 1.9617508 1.3670418 1.4047813 1.3387289 1.3151198 1.4700681 1.4248395 1.3464783 1.3961506 1.5660243 1.6582757 1.4694448 1.7131222 1.3976332 1.3976332 1.6472890 1.8156495 1.7161790 1.5420719 1.4497643 1.1468313 2.1449986 1.7000174 1.7101522 1.7085919 1.9032986 1.4447898 1.7305206 1.9577053 1.6677140 1.2776355 1.1022459 1.1022459 1.2204511 1.2204511 1.2776355 1.6099453 1.3602093 1.3602093 1.7062800 1.6773849 1.2000458 3.0603082 2.0575783 2.0575783 1.8064767 1.2445851 1.9294056 2.0471862 2.0488199 2.0188180 1.8808626 1.9706204 1.9699093 1.9448037 1.9938118 1.9994488 2.0894338 2.0725233 2.2976306 2.4489993 2.3398893 2.3376046 2.4966629 2.7823357 2.7639485 2.9346459 2.3938579 2.6559112 2.6279189 2.2322337 2.5662511 2.4524846 2.7966560 1.9089467 3.4322872 2.8792361 2.6879172 4.0094195 2.8252535 2.8252535 5.5655685 
Morvir_scaffold113.g13.t1                               1.2037715 1.1390803 1.1634395 1.5116895 1.6028550 0.9744887 1.7008731 1.4586868 1.2392200 1.4921785 1.4921785 0.0000000 0.7791177 0.7483975 0.7334536 0.9273372 0.9231670 0.9239089 0.9033072 0.8610840 0.9407523 0.9523830 0.9712077 0.8716407 0.9806478 1.0014092 1.4592554 1.2167731 1.3477204 1.2451568 1.2059368 1.2646045 1.3129949 1.2546220 1.4681250 1.2891395 1.4866474 1.3487865 1.4110561 1.2927766 1.2927766 1.5991688 1.7432446 1.6215696 1.5417443 1.4491737 1.1288454 1.9291738 1.6675377 1.6775649 1.6345865 1.7646295 1.5109886 1.7780822 1.9779530 1.7361999 1.4978080 1.1408114 1.1408114 1.5250419 1.5250419 1.4978080 1.6331428 1.7161818 1.7161818 1.6813795 1.6850339 1.2189852 3.1285832 1.8541325 1.8541325 1.3574165 1.6226638 1.2230526 2.4272944 1.7471540 1.8976273 1.6954220 1.7440997 1.9130653 1.8712364 1.9973079 2.0044668 1.8973465 1.8863913 2.2469912 2.3623899 2.1909684 2.2716223 2.3425748 2.7826313 2.7361484 3.3352713 2.3393996 2.4644312 2.2688269 2.2635275 2.5111159 2.3101380 2.8563840 1.9389397 3.6372555 2.6935684 2.6697827 3.0271612 3.5459876 3.5459876 4.3384078 
Nemnom_g5306.t1                                         1.2602906 1.2302230 0.9717595 1.4102924 1.5088861 0.9813955 2.1536914 1.5352691 1.3227297 1.3231710 1.3231710 0.7791177 0.0000000 0.1280155 0.5431785 0.7624248 0.8928873 0.8789101 0.8628261 0.8644923 0.8778306 0.9277008 0.7953200 0.8407022 1.0198292 1.0518177 0.9217640 1.1751396 1.3417429 1.2697138 1.2193475 1.2384874 1.1596781 1.2179641 1.3104365 1.2148379 1.4675674 1.3486499 1.5523852 1.3314935 1.3314935 1.4352533 1.5052223 1.4234191 1.4909903 1.3856591 1.1681595 1.9503865 1.5779323 1.5872920 1.5119191 1.5862135 1.3316956 1.5560466 1.7169747 1.5433968 1.3697494 1.0597934 1.0597934 1.3805308 1.3805308 1.3697494 1.5810369 1.5659277 1.5659277 1.6100585 1.6488107 1.1678908 2.8956424 2.1516316 2.1516316 1.4181527 1.5513692 1.2632637 2.2736212 1.9090855 1.9374125 1.8626352 1.7032110 1.9173214 1.8783003 2.0228167 1.9854026 1.8495545 1.8174874 2.3415869 2.3712614 2.1794082 2.0088895 2.2745281 2.6589862 2.7357880 3.1874555 2.2438889 2.1543356 2.2931768 2.1340965 2.3909072 2.3911124 2.6332501 1.5095814 3.5052343 2.7328458 2.6682158 3.2383163 3.6454421 3.6454421 4.7431339 
Rhoesc_Res_015719-T1                                    1.2245521 1.1794103 0.9778398 1.3657800 1.5321485 0.9634302 2.2489459 1.4356190 1.2896819 1.3745333 1.3745333 0.7483975 0.1280155 0.0000000 0.4465218 0.7361012 0.8078365 0.7999773 0.7988963 0.7927534 0.8270860 0.8712293 0.7610769 0.7503309 0.9615934 0.9585000 0.6110572 1.1393243 1.2459045 1.2013861 1.1666994 1.2007351 1.1630348 1.1643163 1.2939015 1.1719964 1.3867221 1.3409591 1.5681059 1.3127637 1.3127637 1.4336622 1.4695354 1.4247841 1.4886266 1.3882399 1.1206656 2.0520005 1.5279042 1.5370237 1.5637207 1.5489141 1.2692042 1.5457016 1.6942487 1.5326497 1.3586739 1.0137277 1.0137277 1.3591969 1.3591969 1.3586739 1.5271781 1.6127556 1.6127556 1.5805949 1.5625217 1.2155617 2.8865963 2.0078261 2.0078261 1.4063049 1.4397067 1.1839351 2.3469682 1.7679398 1.8053618 1.7091574 1.7276620 1.7483721 1.7414130 1.8483782 1.8142635 1.7149060 1.6797150 2.1918830 2.1912984 2.0512756 1.8938827 2.1669264 2.5366760 2.5735849 3.1097923 2.0928475 2.0851859 2.1807724 1.9974812 2.2926346 2.2982338 2.5412709 1.5191156 3.4546076 2.6760163 2.5687173 2.9819462 3.2590889 3.2590889 4.4231976 
Sanmal_Sma_021751-T1                                    1.2770693 1.2363640 1.0357964 1.4421121 1.5894936 1.0265140 2.4925352 1.5017536 1.4008696 1.3916177 1.3916177 0.7334536 0.5431785 0.4465218 0.0000000 0.8121233 0.8550895 0.8579567 0.8375774 0.8274037 0.8773631 0.9046805 0.8556090 0.7494263 0.9912476 1.0385713 0.6478969 1.1168952 1.3891111 1.1220307 1.2158257 1.2453878 1.2779714 1.2199107 1.3321885 1.2607679 1.4554470 1.3406835 1.4365436 1.2706595 1.2706595 1.5009511 1.6182080 1.4719364 1.4910546 1.3576899 1.1107844 2.0666925 1.5709730 1.5802564 1.6356156 1.7261213 1.3850949 1.7838970 1.8858676 1.7302023 1.3813335 1.0970145 1.0970145 1.3803967 1.3803967 1.3813335 1.5090528 1.5268095 1.5268095 1.5571334 1.5699793 1.0876017 3.0768517 1.9326541 1.9326541 1.4043525 1.6122609 1.1995903 2.1781884 1.8757236 1.9164517 1.8590924 1.6328742 1.8948043 1.8317174 1.9641031 1.9422702 1.9111408 1.8887867 2.3241463 2.2768032 2.2358673 2.0259511 2.5727705 2.7983923 2.6637473 3.0496030 2.4383182 2.5402305 2.1969236 2.1521602 2.5079716 2.4520593 2.8416817 1.7786333 3.4099500 2.9274762 2.8370052 3.3917982 3.4123398 3.4123398 4.9558544 
Chem_TCONS_00072164                                     1.1485308 1.1972093 1.0928310 1.3578853 1.6442709 0.9063397 1.2987686 1.3288073 1.3866695 1.4501052 1.4501052 0.9273372 0.7624248 0.7361012 0.8121233 0.0000000 0.9282961 0.9147704 0.8518708 0.8936777 0.8906158 0.8986195 0.9494776 0.8351335 0.9958103 1.0470109 1.3628210 1.0969864 1.3599181 1.2814216 1.2636624 1.2764299 1.3410529 1.2759253 1.2402278 1.2384432 1.4693698 1.3694707 1.5223530 1.2488830 1.2488830 1.6563008 1.7009951 1.6552389 1.6591827 1.5670835 1.2050082 2.0801688 1.8114694 1.8114694 1.7054423 1.7941066 1.6061262 1.6934827 1.6719233 1.6915103 1.5510757 1.0859999 1.0859999 1.5684085 1.5684085 1.5510757 1.6839773 1.8212481 1.8212481 1.6836342 1.6624383 1.2059088 3.4530292 1.7475641 1.7475641 1.7414478 1.2108204 0.9062287 1.9074454 1.7132408 1.8157244 1.8544025 1.3668516 2.0029584 1.9192627 2.0193333 2.0053124 1.8865584 1.8627757 2.3694378 2.1655504 2.2810072 2.1041614 2.4354949 2.5742283 2.6097466 3.2190254 2.3875815 2.3790759 2.1072493 2.2041420 2.6342453 2.4202454 2.9710292 1.7811457 3.7715771 2.6488257 2.5547335 2.8640609 3.3479276 3.3479276 5.0837311 
Spis_XP_022780257_1                                     1.0389065 1.0209695 0.9458257 1.2047947 1.3203294 0.8595742 2.0065031 1.2597239 1.1743521 1.4149542 1.4149542 0.9231670 0.8928873 0.8078365 0.8550895 0.9282961 0.0000000 0.0446962 0.1863972 0.1597264 0.2337883 0.2578106 0.5092458 0.5002102 0.7287685 0.8114866 1.3161814 0.9843795 1.0439951 1.1343717 1.0058687 0.9483223 1.0963486 1.0034965 1.1041242 1.0847408 1.2827236 1.1562944 1.4039079 1.0996267 1.0996267 1.4387800 1.4946796 1.4541729 1.4878889 1.4221773 1.0670513 1.9860697 1.5248879 1.5338306 1.5159012 1.5647381 1.2706250 1.5978631 1.7694704 1.5948196 1.3782488 1.0428307 1.0428307 1.3946719 1.3946719 1.3782488 1.5583525 1.5800356 1.5800356 1.5541833 1.5630009 1.0344653 3.0233620 2.0128651 2.0128651 1.4685861 1.3434181 1.3799778 2.1942864 1.8168285 1.7947114 1.7390891 1.5528090 1.6260710 1.6557165 1.6822159 1.6646027 1.7089886 1.7142000 2.2683820 2.2982846 2.1475132 2.0829090 2.3019276 2.6336176 2.6966989 3.2643033 2.2135514 2.7010282 2.1431985 2.1832267 2.2229119 2.3285397 2.6328036 1.6581219 3.5050056 2.8916037 2.7874609 2.8095828 2.9213116 2.9213116 4.6002101 
Pocdam_XM_027188937.1                                   1.0633643 1.0576822 0.9458257 1.2190164 1.3225244 0.8534273 1.9758132 1.2734919 1.2153160 1.4224789 1.4224789 0.9239089 0.8789101 0.7999773 0.8579567 0.9147704 0.0446962 0.0000000 0.1781886 0.1468419 0.2264064 0.2628648 0.5092078 0.5214179 0.7484662 0.8225981 1.1958089 0.9570650 1.0380677 1.1236882 1.0117077 0.9630475 1.0992837 0.9769502 1.0776176 1.0748943 1.2582193 1.1662448 1.3894401 1.0875938 1.0875938 1.4197984 1.4683113 1.4432339 1.4850403 1.4259023 1.0942141 1.9276786 1.4961487 1.5049607 1.4723515 1.5401339 1.2545937 1.5861420 1.7478720 1.5720581 1.3697770 1.0489655 1.0489655 1.3822357 1.3822357 1.3697770 1.5284421 1.5531687 1.5531687 1.5291688 1.5560482 1.0476771 3.0666144 1.9733373 1.9733373 1.4880707 1.2955023 1.3573426 2.1814778 1.8285734 1.7900921 1.7494436 1.5605518 1.6551377 1.6831855 1.7012582 1.6833784 1.7333539 1.7387745 2.2958718 2.3050711 2.1536113 2.0589960 2.2848249 2.6238975 2.6308158 3.2218926 2.2249899 2.6189333 2.1571157 2.1652345 2.2383880 2.3493341 2.6215388 1.6843846 3.5073585 2.8633391 2.7546230 2.7919603 2.7696952 2.7696952 4.5515496 
Gasp_gasp1.m3.2140.m1                                   1.0823273 1.1046928 1.0629327 1.2355856 1.3857306 0.8313993 1.7564139 1.2867423 1.2613300 1.4424185 1.4424185 0.9033072 0.8628261 0.7988963 0.8375774 0.8518708 0.1863972 0.1781886 0.0000000 0.1222341 0.2023820 0.2909084 0.4925837 0.5270377 0.7128419 0.7667580 1.3810304 0.9606766 1.0693236 1.1199961 1.0104188 1.0174863 1.1616762 1.0346518 1.1160883 1.1395737 1.2986803 1.1866788 1.4437337 1.1076413 1.1076413 1.4540847 1.5012961 1.4891708 1.4574435 1.4088985 1.0296138 1.9750119 1.4497177 1.4582536 1.4525205 1.5284332 1.2562141 1.5800496 1.7327665 1.6134703 1.3476143 1.0792152 1.0792152 1.3786378 1.3786378 1.3476143 1.5297958 1.4598232 1.4598232 1.5174623 1.5561481 1.0382923 3.0847849 1.8041608 1.8041608 1.5168967 1.2619057 1.3549596 2.1401550 1.7700643 1.7661271 1.7536522 1.6389611 1.7363589 1.7389885 1.7635226 1.7447194 1.7718670 1.7831631 2.2391024 2.2917986 2.2120916 2.1941494 2.3514089 2.6547982 2.6883244 3.1564455 2.3415909 2.7616572 2.0867968 2.2211779 2.2650660 2.3455730 2.6406757 1.7223355 3.4801708 2.8250273 2.7190515 2.8652298 2.8509478 2.8509478 4.5962561 
Fspp_ffun1.m4.24461.m1                                  1.0778890 1.1240153 1.0500275 1.2357690 1.3210376 0.8345178 1.9010685 1.2926927 1.2109422 1.4215380 1.4215380 0.8610840 0.8644923 0.7927534 0.8274037 0.8936777 0.1597264 0.1468419 0.1222341 0.0000000 0.2073816 0.2660870 0.4970489 0.5481142 0.7565664 0.8062308 1.3354498 0.9382241 1.0406359 1.0632135 0.9878124 0.9761462 1.0966712 0.9708681 1.1055122 1.0835067 1.2824290 1.1433640 1.4043388 1.1089919 1.1089919 1.4224997 1.4725241 1.4357525 1.4324012 1.3686523 0.9982549 1.9812968 1.4412335 1.4496714 1.4331717 1.4973040 1.2172117 1.5452285 1.7236527 1.5898244 1.2926352 1.0184094 1.0184094 1.3099938 1.3099938 1.2926352 1.4580137 1.4343821 1.4343821 1.5079198 1.5514965 1.0250735 2.9831099 1.9226768 1.9226768 1.5566655 1.2334830 1.3522534 2.1334762 1.7559663 1.7802023 1.7549303 1.6697355 1.6338527 1.6503457 1.7053211 1.6873861 1.7289699 1.7396735 2.2339298 2.3070657 2.1454734 2.1503240 2.2901566 2.6919232 2.7429946 3.1868747 2.2388522 2.6167963 2.0932783 2.2153697 2.2927041 2.2972215 2.6662413 1.6835747 3.5425839 2.8866008 2.7100066 2.8527778 2.7728038 2.7728038 4.4352282 
Gfas_gfas1.m1.20903.m1                                  1.1783903 1.1778534 1.1285333 1.2823294 1.4144842 0.9570784 1.9489677 1.4179617 1.3140021 1.4850267 1.4850267 0.9407523 0.8778306 0.8270860 0.8773631 0.8906158 0.2337883 0.2264064 0.2023820 0.2073816 0.0000000 0.2216754 0.4795485 0.5300831 0.7877364 0.8328072 1.4141823 0.9725919 1.1004224 1.1373356 1.0632060 1.0490554 1.1860204 1.0850631 1.1790032 1.1496069 1.3236010 1.1524228 1.3805557 1.1352122 1.1352122 1.4548515 1.4645757 1.4480893 1.5800389 1.5038720 1.1535588 2.2000300 1.5617324 1.5708861 1.4997886 1.5375229 1.3507232 1.5676280 1.7144705 1.5636900 1.3544277 1.0901220 1.0901220 1.3735842 1.3735842 1.3544277 1.5247598 1.4970906 1.4970906 1.5828078 1.5524754 1.1192255 3.0304747 1.9082354 1.9082354 1.4125809 1.3515230 1.3648395 2.1405427 1.8394530 1.8554983 1.7858072 1.6100431 1.7206045 1.7394027 1.7630377 1.7441948 1.7822536 1.7872302 2.2881728 2.3167628 2.2032892 2.2207484 2.3254887 2.7241399 2.6521570 3.0650119 2.2462240 2.6437050 2.0471186 2.1711484 2.2993146 2.3416036 2.5976611 1.7212502 3.7212399 2.7708631 2.5824679 2.9237756 2.8950851 2.8950851 4.6883801 
Adig_XM_015919609.1                                     1.1357449 1.1744455 1.0435328 1.2999144 1.3451909 0.9377897 2.0260155 1.3621180 1.2719399 1.4615742 1.4615742 0.9523830 0.9277008 0.8712293 0.9046805 0.8986195 0.2578106 0.2628648 0.2909084 0.2660870 0.2216754 0.0000000 0.5606027 0.5390804 0.8118184 0.8373111 1.3962900 0.9443801 1.0955879 1.0977788 1.0637345 1.0475125 1.1270387 1.0701003 1.1783205 1.1536324 1.2781006 1.2575599 1.5303334 1.1684804 1.1684804 1.4358617 1.4556787 1.4669111 1.4756078 1.4119258 1.0473713 1.9956335 1.4814764 1.4901503 1.5039495 1.4631296 1.2487623 1.5343526 1.6679234 1.5640865 1.3504715 1.1052386 1.1052386 1.3771701 1.3771701 1.3504715 1.4872116 1.4332869 1.4332869 1.5565241 1.5360871 1.0055746 3.0834454 1.8740116 1.8740116 1.5786628 1.3859997 1.4212943 2.2351768 1.8140413 1.7863575 1.7586387 1.4045848 1.6776916 1.6975161 1.7099987 1.7076098 1.8317968 1.8305655 2.2551529 2.3170081 2.1892526 2.1288603 2.3575786 2.6952823 2.8200700 3.2636983 2.1889004 2.4954588 2.1184871 2.2388209 2.2953130 2.3968847 2.6272376 1.7595584 3.7691705 2.7814140 2.6981114 3.0332761 3.1559632 3.1559632 4.3573877 
Nvec_v1g11103                                           1.1024537 1.0657344 0.9403764 1.2562732 1.3863750 0.8695490 1.8501927 1.3792501 1.2117565 1.3426943 1.3426943 0.9712077 0.7953200 0.7610769 0.8556090 0.9494776 0.5092458 0.5092078 0.4925837 0.4970489 0.4795485 0.5606027 0.0000000 0.4606134 0.7493075 0.7801453 1.2456605 1.0001926 1.1334302 1.0816132 0.9526462 1.0231823 1.0041936 1.0306030 1.1107733 1.0784911 1.3282496 1.1280203 1.3710268 1.0458027 1.0458027 1.3340311 1.4148652 1.3504313 1.3368220 1.2766172 1.0560756 1.6301436 1.4464316 1.4445783 1.4464752 1.3725799 1.1675615 1.4368282 1.5797091 1.4276664 1.1400480 0.9799505 0.9799505 1.1870233 1.1870233 1.1400480 1.3764789 1.1686608 1.1686608 1.3940176 1.4358125 0.9736210 2.6948060 1.8378612 1.8378612 1.3380799 1.2841666 1.4459222 1.7608690 1.7970932 1.9021547 1.7744233 1.6804224 1.5616427 1.5866021 1.6304647 1.6229878 1.6876908 1.6874570 2.0412950 2.1885249 2.0605683 1.9416616 2.2326821 2.5076723 2.5777592 3.1658097 2.1016458 2.2919161 2.1377871 2.0736802 2.1117447 2.1470783 2.4856328 1.7759353 3.4193753 2.5420031 2.4365008 3.1607533 2.7435497 2.7435497 4.0418806 
Exapal_XM_028663546.1                                   0.9357076 0.8961376 0.8798926 1.1237362 1.2891440 0.6165360 0.0000010 1.0284006 1.1255511 1.2740144 1.2740144 0.8716407 0.8407022 0.7503309 0.7494263 0.8351335 0.5002102 0.5214179 0.5270377 0.5481142 0.5300831 0.5390804 0.4606134 0.0000000 0.6792859 0.7580556 1.1955485 0.9261950 1.1214979 1.0353915 0.9646028 0.9538658 1.0024702 0.9774765 1.1318212 1.0221673 1.2120976 1.0076769 1.3684991 0.9989347 0.9989347 1.4131478 1.5133011 1.4493129 1.2939510 1.2847961 0.9342601 1.6358361 1.3879554 1.3879554 1.4412229 1.4469733 1.1823744 1.5539729 1.5729218 1.5917134 1.2516787 0.7903973 0.7903973 1.2535104 1.2535104 1.2516787 1.4556088 1.4799931 1.4799931 1.4488163 1.3941210 0.7909710 2.5725581 2.5190264 2.5190264 1.4398785 1.1613561 1.3503216 1.9527887 1.7357282 1.6645268 1.7416266 1.2736251 1.6828886 1.6676150 1.6236175 1.6133977 1.6942236 1.6412381 2.0959625 2.1865381 2.2151434 2.0323615 2.3820201 2.4922262 2.4446388 3.5167384 2.5318175 2.4213814 2.0246029 2.2215081 2.4626259 2.2560643 2.4872967 1.7733243 3.5231226 2.5578462 2.6604481 2.6454892 2.7879041 2.7879041 4.4671881 
Dgig_XM_028555197.1                                     1.0641476 0.9525931 1.0321608 1.2935551 1.5032867 0.8516389 1.5810661 1.2923935 1.2536168 1.4303155 1.4303155 0.9806478 1.0198292 0.9615934 0.9912476 0.9958103 0.7287685 0.7484662 0.7128419 0.7565664 0.7877364 0.8118184 0.7493075 0.6792859 0.0000000 0.3383374 1.4709269 1.0844424 1.2384866 1.2048080 1.1573138 1.0894550 1.2413916 1.1396048 1.2471286 1.2324106 1.2863040 1.3184079 1.4822507 1.1423670 1.1423670 1.5053958 1.5774512 1.5350121 1.4491280 1.4042127 1.1801032 1.7599939 1.5210130 1.5300833 1.6051787 1.5941365 1.2212876 1.6762425 1.8771678 1.7180481 1.3661931 1.1474822 1.1474822 1.3906946 1.3906946 1.3661931 1.5802246 1.4071980 1.4071980 1.5764909 1.5464070 1.2611314 2.9058138 1.9726240 1.9726240 1.4772004 1.3223928 1.4629126 2.2086563 1.9385904 1.8079903 1.7950308 1.6681921 1.6546435 1.6753470 1.7168756 1.6984961 1.5842288 1.5966772 2.1016730 2.2431228 2.1535102 2.1989280 2.4410306 2.6481236 2.5505060 3.3215659 2.2588138 2.5013162 2.2168953 2.3735537 2.3832039 2.4323586 2.5508784 1.8035115 3.4361987 2.7067552 2.6828075 3.0198831 3.4200915 3.4200915 4.9103270 
Xesp_008068-T1                                          1.1254759 1.0001801 1.1108219 1.3920748 1.5327783 0.8999704 1.8143054 1.4066336 1.2742215 1.4367963 1.4367963 1.0014092 1.0518177 0.9585000 1.0385713 1.0470109 0.8114866 0.8225981 0.7667580 0.8062308 0.8328072 0.8373111 0.7801453 0.7580556 0.3383374 0.0000000 1.6582984 1.0957196 1.2673697 1.1607820 1.1436158 1.1580572 1.2163506 1.1667840 1.2651635 1.2238828 1.2684491 1.3679227 1.5125245 1.1530463 1.1530463 1.5416910 1.6362900 1.5952905 1.5498686 1.5015206 1.1730850 2.0527011 1.5559839 1.5651294 1.6473847 1.6064624 1.2807727 1.6189941 1.7808886 1.6588839 1.3853304 1.0965008 1.0965008 1.3820680 1.3820680 1.3853304 1.6242743 1.5096854 1.5096854 1.6268301 1.6212877 1.2651799 3.0639397 1.9124514 1.9124514 1.4128102 1.4179128 1.4358524 2.4270050 1.9637458 1.8665244 1.7530699 1.5645848 1.7326080 1.7340399 1.7317560 1.7281492 1.6893098 1.6693375 2.2397341 2.4604661 2.0708605 2.3377370 2.5892943 2.7472166 2.6859044 3.2578022 2.2890382 2.5591440 2.2543908 2.4177065 2.2590717 2.3889820 2.7131308 1.8203483 3.4824003 2.8167951 2.6443572 3.2818391 3.3477709 3.3477709 4.4913528 
Aaur_scaffold4501.g1.t1                                 0.0000010 0.0000010 0.0000010 1.7319390 2.1692031 0.0000010 0.0000010 1.7608806 0.0000010 1.9617508 1.9617508 1.4592554 0.9217640 0.6110572 0.6478969 1.3628210 1.3161814 1.1958089 1.3810304 1.3354498 1.4141823 1.3962900 1.2456605 1.1955485 1.4709269 1.6582984 0.0000000 1.3812454 1.8127407 1.4643412 1.3978622 1.5372780 2.8084079 1.7489856 1.9145810 1.4410243 1.5680761 1.9666664 2.2606236 1.3297240 1.3297240 0.0000010 1.9782506 7.0071689 0.0000010 0.0000010 0.0000010 0.0000010 2.3629473 2.3629473 2.2771758 2.6858240 0.4407671 2.4302074 2.4302074 2.5124897 0.0000010 0.0000010 0.0000010 0.0000010 0.0000010 0.0000010 2.0999753 0.0000010 0.0000010 2.0889293 2.4020618 0.0000010 5.5685324 2.0636163 2.0636163 0.0000010 1.6888918 5.7161885 2.2630191 2.9220140 2.5355623 2.4358343 0.0000010 1.8215836 1.6683335 1.8664591 1.7787987 1.9961220 1.9961220 3.2346006 3.1763040 2.5017168 2.4636920 2.6468707 3.7552518 2.8329975 3.0785566 3.5260035 0.0000010 2.9205259 2.4620924 2.3211472 2.6847690 2.0160273 0.0000010 2.9474830 3.8055936 3.0964069 1.3261280 2.9371812 2.9371812 3.0265357 
Bralan_BLAG08000164_1                                   1.1647765 1.1703453 0.9222161 1.2490774 1.3816074 0.9705433 1.6760136 1.2624963 1.2192300 1.3670418 1.3670418 1.2167731 1.1751396 1.1393243 1.1168952 1.0969864 0.9843795 0.9570650 0.9606766 0.9382241 0.9725919 0.9443801 1.0001926 0.9261950 1.0844424 1.0957196 1.3812454 0.0000000 0.6352609 0.6900951 0.6749567 0.6723463 0.9406554 0.7287050 0.7787858 0.8227894 1.0024714 1.2713305 1.4764994 1.0038693 1.0038693 1.3470262 1.4056076 1.3097394 1.4453531 1.3026923 1.0772713 1.9871328 1.4601206 1.4582663 1.3792532 1.3834606 1.0639745 1.5101455 1.6855618 1.4894392 1.1963139 0.9237360 0.9237360 1.1983030 1.1983030 1.1963139 1.4184790 1.3395462 1.3395462 1.3972997 1.3390301 1.0413881 2.6639466 1.8184348 1.8184348 1.2734845 1.2480507 1.5813212 1.6516717 1.9429644 1.7884337 1.8729689 2.0708321 1.7431128 1.7118988 1.8023499 1.7829389 1.6403194 1.6217680 1.9236814 2.0398438 2.1191389 1.9855244 2.2212582 2.7200464 2.5791895 3.0336149 2.1996595 2.2820538 2.0962639 1.9066911 2.3725495 2.2606427 2.5516443 1.7377437 3.3576435 3.0527586 2.9383250 3.1176140 2.8733866 2.8733866 4.5827613 
Hsap_ENST00000371717                                    1.2039188 1.2093368 1.1775949 1.4170141 1.5898769 1.2506835 1.9138762 1.3583258 1.1782973 1.4047813 1.4047813 1.3477204 1.3417429 1.2459045 1.3891111 1.3599181 1.0439951 1.0380677 1.0693236 1.0406359 1.1004224 1.0955879 1.1334302 1.1214979 1.2384866 1.2673697 1.8127407 0.6352609 0.0000000 0.7749592 0.7147526 0.7889040 0.9713968 0.8136561 0.8864510 0.8776565 1.1125415 1.2907754 1.5170474 1.2186512 1.2186512 1.3686737 1.4306997 1.3961396 1.4954791 1.4363435 1.1792502 1.8268021 1.5534429 1.5497414 1.4781206 1.5589199 1.2950393 1.5036488 1.7138325 1.5052847 1.3631076 1.1686420 1.1686420 1.3591544 1.3591544 1.3631076 1.5788259 1.4135690 1.4135690 1.5472098 1.4098400 1.1857021 2.7851160 1.9342701 1.9342701 1.6191031 1.3570837 1.9524677 1.6039054 1.8661134 1.9943010 1.9879729 2.3461002 1.8936090 1.8743671 1.8919545 1.8750143 1.9146435 1.9130340 2.0667780 2.1866507 2.2625285 2.2112841 2.4007060 2.7330603 2.7626928 3.0555052 2.5210048 2.4578324 2.2992340 2.1555306 2.4796783 2.4599318 2.6088367 1.9218134 3.5277403 3.0485310 2.8926001 3.4480665 3.2075721 3.2075721 4.6957535 
Spur_XM_011673547.2                                     1.2741438 1.2326384 1.0536297 1.3778653 1.6082524 1.0030179 1.4618074 1.3415395 1.3434037 1.3387289 1.3387289 1.2451568 1.2697138 1.2013861 1.1220307 1.2814216 1.1343717 1.1236882 1.1199961 1.0632135 1.1373356 1.0977788 1.0816132 1.0353915 1.2048080 1.1607820 1.4643412 0.6900951 0.7749592 0.0000000 0.7097868 0.7382580 0.8718933 0.8597547 0.8770461 0.9331016 1.0117304 1.4561584 1.5609796 1.2215316 1.2215316 1.4494552 1.5129764 1.4501175 1.4600819 1.3796853 1.0723309 1.7324226 1.5213689 1.5199034 1.4318105 1.5478125 1.2850795 1.6363753 1.8304956 1.6057980 1.2831802 1.0013520 1.0013520 1.2944119 1.2944119 1.2831802 1.3919493 1.4101489 1.4101489 1.5223460 1.4892995 1.1713856 2.8818627 1.6358000 1.6358000 1.3618634 1.5239539 1.6661858 1.7669957 1.9652213 1.8740146 1.8955170 1.9768077 1.8249451 1.8085075 1.9425020 1.9262971 1.7496702 1.7236232 2.0606157 2.2195893 2.2126235 1.8924255 2.3099299 2.7349912 2.6563289 2.8974202 2.4392482 2.3249716 2.1624654 2.1299819 2.2350144 2.4220120 2.4471334 1.8625221 3.2991491 3.0663683 2.9842591 3.6784902 3.3471855 3.3471855 4.6952903 
Skow_XM_002736759.2                                     1.2835561 1.3127741 1.0647000 1.3193992 1.6643389 1.1420046 1.8249744 1.3257248 1.2694996 1.3151198 1.3151198 1.2059368 1.2193475 1.1666994 1.2158257 1.2636624 1.0058687 1.0117077 1.0104188 0.9878124 1.0632060 1.0637345 0.9526462 0.9646028 1.1573138 1.1436158 1.3978622 0.6749567 0.7147526 0.7097868 0.0000000 0.7345296 0.8864885 0.7832801 0.8367116 0.8930710 1.0491484 1.3143739 1.5666419 1.2086284 1.2086284 1.4052418 1.4359585 1.4321177 1.4941304 1.4311888 1.0773887 1.8772660 1.4460717 1.4474398 1.4325063 1.5119425 1.2342765 1.4106696 1.5927292 1.4044285 1.2543618 0.9233392 0.9233392 1.2075041 1.2075041 1.2543618 1.4380213 1.4555470 1.4555470 1.4355232 1.4228876 1.0155479 2.7988652 1.6811447 1.6811447 1.2193598 1.2531643 1.8250169 1.7764132 1.8580451 1.9543292 1.7615269 2.1216668 1.6960345 1.7322605 1.7333688 1.7327152 1.6962830 1.6789286 2.1396572 2.2165071 2.1578609 1.9619981 2.1681201 2.6738191 2.7052611 3.2767963 2.4196755 2.5178824 2.2107568 2.1715075 2.3763685 2.2514894 2.6531504 1.9055990 3.6413924 2.9586752 2.8884740 3.4077527 3.1202943 3.1202943 4.1434482 
Acagra_model.g20692.t1                                  1.2518212 1.2057443 1.0135922 1.2922673 1.5942370 1.0622404 1.9548337 1.4580450 1.3871449 1.4700681 1.4700681 1.2646045 1.2384874 1.2007351 1.2453878 1.2764299 0.9483223 0.9630475 1.0174863 0.9761462 1.0490554 1.0475125 1.0231823 0.9538658 1.0894550 1.1580572 1.5372780 0.6723463 0.7889040 0.7382580 0.7345296 0.0000000 0.6396366 0.6650912 0.8197733 0.7518748 0.8670555 1.3302705 1.6771728 1.1521865 1.1521865 1.4075509 1.5012824 1.4445762 1.5025795 1.4525073 1.2203081 1.7626535 1.5004299 1.5017967 1.5466509 1.5952093 1.3046826 1.6598632 1.6910395 1.6077690 1.4276410 1.2497029 1.2497029 1.4458537 1.4458537 1.4276410 1.5834337 1.3785974 1.3785974 1.5617777 1.5156573 1.1900678 2.8527198 1.7734191 1.7734191 1.4182503 1.3994003 1.8096617 1.7044597 2.0435047 1.9550997 1.8486700 2.0040155 1.6938145 1.7262869 1.8118398 1.7921504 1.7355927 1.7085381 2.1601990 2.2208989 2.2463311 2.0909391 2.3110135 2.8288387 2.7675569 3.2392306 2.3844442 2.3666862 2.3437973 2.0505593 2.4792364 2.5272447 2.4489864 1.8644660 3.3554467 2.7316676 2.6038941 3.4394021 3.0244629 3.0244629 4.9767780 
Ctel_gnl_WGS_AMQN_CAPTEDRAFT_mRNA155657                 1.3050139 1.2188663 1.0558693 1.4357650 1.5449571 0.9641297 1.6030654 1.4364060 1.4210614 1.4248395 1.4248395 1.3129949 1.1596781 1.1630348 1.2779714 1.3410529 1.0963486 1.0992837 1.1616762 1.0966712 1.1860204 1.1270387 1.0041936 1.0024702 1.2413916 1.2163506 2.8084079 0.9406554 0.9713968 0.8718933 0.8864885 0.6396366 0.0000000 0.7424898 0.9401433 0.8839628 1.0119104 1.3444716 1.4575956 1.3708639 1.3708639 1.5695877 1.5940305 1.5374184 1.5560552 1.4526964 1.1128033 2.1874323 1.5258503 1.5275796 1.6119278 1.6103350 1.3691052 1.6125562 1.7915108 1.5855018 1.4336708 1.1698824 1.1698824 1.4662310 1.4662310 1.4336708 1.5731487 1.4963334 1.4963334 1.6208633 1.4904514 1.2178236 2.6908971 3.2235249 3.2235249 1.3578871 1.8753989 1.3396517 1.5112897 1.9755884 2.0484319 1.9268148 2.0594163 1.8970116 1.9521816 2.0056312 2.0139401 1.9281458 1.9222654 2.2034625 2.3485189 2.2246023 1.8558607 2.3875374 2.5483149 2.6548416 3.1810870 2.2552899 2.1701071 2.3369508 2.0090485 2.3839694 2.5232527 2.5385662 1.7017976 3.6108881 2.8797427 2.7401743 6.5754277 3.3059440 3.3059440 4.7979818 
Dpul_mRNA11701                                          1.1570709 1.2090401 1.1119382 1.3557581 1.5418835 1.0187616 1.6450289 1.3146298 1.3495229 1.3464783 1.3464783 1.2546220 1.2179641 1.1643163 1.2199107 1.2759253 1.0034965 0.9769502 1.0346518 0.9708681 1.0850631 1.0701003 1.0306030 0.9774765 1.1396048 1.1667840 1.7489856 0.7287050 0.8136561 0.8597547 0.7832801 0.6650912 0.7424898 0.0000000 0.7429505 0.7270423 0.9608353 1.2786938 1.5880922 1.2148601 1.2148601 1.3457348 1.3863181 1.3797515 1.4541895 1.3525731 1.1042540 1.8026497 1.3531957 1.3545876 1.4410008 1.4599516 1.2266186 1.4924775 1.6625615 1.4612088 1.2440072 1.0020875 1.0020875 1.2363290 1.2363290 1.2440072 1.4031310 1.3829837 1.3829837 1.4696968 1.3839199 1.1000598 2.7893991 1.6718220 1.6718220 1.0665387 1.3222024 2.0057576 1.5363610 1.9759413 1.8804352 1.8317609 1.8040494 1.8065226 1.7983627 1.9068920 1.9058638 1.8635210 1.8714454 1.9969640 2.1054683 2.1704118 2.1073447 2.2830500 2.7160367 2.7819610 3.1902609 2.1917594 2.4199779 2.2009267 2.0491688 2.4398208 2.4052551 2.4902779 1.4903027 3.4263176 2.8657391 2.7593391 3.3605707 2.8116773 2.8116773 4.2981210 
Cscu_XM_023362715.1                                     1.3483981 1.5103955 1.1656515 1.3929200 1.7688636 1.1431518 2.7292783 1.4536760 1.3875961 1.3961506 1.3961506 1.4681250 1.3104365 1.2939015 1.3321885 1.2402278 1.1041242 1.0776176 1.1160883 1.1055122 1.1790032 1.1783205 1.1107733 1.1318212 1.2471286 1.2651635 1.9145810 0.7787858 0.8864510 0.8770461 0.8367116 0.8197733 0.9401433 0.7429505 0.0000000 0.7346029 1.1082782 1.3327548 1.7745678 1.2272020 1.2272020 1.7221419 1.7669909 1.6696460 1.6871372 1.5164914 1.3336598 1.9362153 1.6989121 1.7001983 1.5960851 1.7269446 1.5598996 1.7147145 1.8372530 1.7310955 1.4095399 1.2693441 1.2693441 1.4302808 1.4302808 1.4095399 1.5790004 1.3558604 1.3558604 1.6791574 1.5589708 1.3700102 3.2123469 1.9476608 1.9476608 1.4956287 1.2840377 1.8985547 1.8069094 2.0997980 2.0417572 1.9535714 2.2786436 1.9508859 1.9525002 2.0063812 2.0051472 1.9226869 1.9240124 2.2153905 2.2961169 2.2848100 2.2277655 2.4396160 2.8047736 2.8255483 3.3257024 2.5546528 2.4747484 2.2490629 2.5422550 2.4970528 2.5171320 2.7771029 1.9954491 3.4994345 2.7733838 2.8979587 3.6546477 3.2227585 3.2227585 4.8121435 
