113
Emue_Em0013g302a.t1                                    0.0000000 0.0226556 0.2914191 0.3188323 1.4941363 1.1666729 1.6870885 1.9131945 2.0368904 1.5929864 1.6069865 1.5275260 1.8128823 1.8366035 1.7427168 1.8936844 2.0709309 1.9374686 1.7952055 1.7502399 2.5321435 2.1682865 2.0199594 1.8155672 1.7541462 1.8591715 1.8669049 1.8671819 1.4818410 1.7786337 1.6699730 1.7136147 1.7349873 1.6907868 1.6423026 1.7102190 1.7118300 1.7118300 1.8496547 1.7372615 2.4092994 1.7776620 2.1775461 2.3347881 1.6158803 2.1948413 2.0162387 2.2760622 1.9669957 2.1483284 2.1858310 2.1181226 2.1181226 2.2222068 1.9754587 1.6543276 1.6960031 2.1453766 1.9319473 1.6349353 1.9890190 2.0336325 1.9598074 2.1143813 1.9530385 2.0746948 2.1084198 2.2903309 1.8304158 1.9497573 1.7977097 1.9775608 2.2517089 1.5894261 2.1421847 2.1301901 2.1301901 3.6644304 2.3170547 2.1511901 2.2470705 2.0543206 2.0769237 2.4222490 2.3353281 2.3109591 2.8264309 2.3531166 2.0825332 2.5224312 2.4457238 2.9187350 1.8906975 2.3332085 2.3449916 2.0065639 2.2708776 2.5752560 2.7436823 2.4429409 2.7430052 2.3009640 2.5989483 2.3092495 2.1825059 2.6676074 3.2538842 3.2538842 3.2426176 2.0296657 2.0240425 3.0033538 3.3331298 
Emue_Em0013g292a.t1                                    0.0226556 0.0000000 0.3281933 0.3658984 1.5812880 1.1666729 1.7670043 1.9131945 2.0368904 1.6077812 1.6846223 1.6362171 1.9830703 1.9429280 1.9063044 1.9789477 2.0709309 1.9644199 1.8870636 1.9104952 3.0398003 2.6901856 2.9434313 1.8445576 1.8576561 1.9654870 1.9794654 1.9796847 1.4818410 1.8904977 1.7777892 1.8348395 1.8318114 1.7817397 1.7360787 1.8097008 1.7916701 1.7916701 1.9277526 1.7420393 2.4092994 1.8470967 2.2602071 2.5132970 1.6158803 2.2695808 2.0162387 2.3643121 2.0033918 2.2346057 2.2610760 2.2114122 2.2114122 2.3438185 2.0157746 1.6543276 1.7754946 2.2559856 1.9344851 1.6349353 1.9866976 2.1338870 2.0759091 2.2000534 2.0875719 2.2121216 2.0928289 2.2936402 1.9763877 2.1129864 1.9577443 2.1482776 2.5913207 1.5894261 2.2094661 2.1660722 2.1660722 3.6644304 2.2867115 2.1763592 2.4039398 2.0543206 2.1260262 2.5402401 2.4445662 2.3902283 3.0173878 2.5257115 2.0825332 2.3825933 2.3202119 3.1440049 1.8919205 2.4266155 2.4173935 2.0701519 2.2787705 2.6175617 2.6490403 2.4469819 2.7860053 2.3264477 2.6401639 2.4224635 2.2985004 2.6213038 3.4648186 3.4648186 3.6886549 2.2429840 2.2364129 3.2826359 3.2612091 
Spolac_c101101_g1_i1_m.24527c101101-g1                 0.2914191 0.3281933 0.0000000 0.0249856 1.4839241 1.0532073 1.5374860 2.1682467 2.2149797 1.4657451 1.6468395 1.5721006 1.7031972 1.7520073 1.6824679 1.7219509 2.3555088 1.8088863 1.7826405 1.6660358 2.4765948 2.1388138 1.9566099 1.6984018 1.6838875 1.7653132 1.7711092 1.7714505 1.6898752 1.7015359 1.6629375 1.6860509 1.7263876 1.6724583 1.6213118 1.7927983 1.8164270 1.8164270 1.8371145 1.6727867 2.1525531 1.8052123 2.1695708 2.4431355 1.7849181 2.1445787 1.8104540 2.2054703 1.9798960 2.0779658 2.1525084 2.0200995 2.0200995 2.2150381 1.9730595 1.6675913 1.6469915 2.1039017 1.7475931 2.1056433 2.0034530 2.0824667 1.8805911 2.1675996 1.9011341 2.1123015 2.0876912 2.2717876 1.7913259 1.9075642 1.7214692 1.8801402 2.1870016 2.1400479 2.0923430 2.1254761 2.1254761 5.0135619 2.3266376 2.3214166 2.2117093 2.6187039 2.0438768 2.3219797 2.2804583 2.2299114 2.9626914 2.1853778 2.7275341 2.4343579 2.4118047 3.4934011 1.8301852 2.3164091 2.2483857 2.1836783 1.9860143 2.3955931 3.3812357 2.4249373 2.7480181 2.4002270 2.4259810 2.1154637 2.0947965 2.6115612 2.9894066 2.9894066 3.0944162 1.9525038 1.9374231 3.1663951 3.7986235 
Spolac_c101101_g1_i2_m.24528c101101-g1                 0.3188323 0.3658984 0.0249856 0.0000000 1.6062765 1.2859581 1.6698593 2.1682467 2.2149797 1.5824360 1.7544109 1.5721006 1.8288232 1.9383510 1.8224009 1.8023271 2.3715991 3.2940320 1.6612293 1.8163811 2.3636439 1.9236850 2.1768108 1.8463798 1.7623737 1.8706609 1.8796662 1.8799864 1.6898752 1.8027191 1.7652468 1.8186830 1.8861435 1.7802941 1.7234412 1.8564941 1.8839447 1.8839447 1.9786031 1.7588673 4.3670038 1.9020320 2.4580360 2.4146525 1.7849181 2.4164964 2.4015844 2.4905914 2.5269115 2.2793809 2.3321929 2.2280052 2.2280052 2.2150381 2.2360783 1.9863539 1.8128664 2.2348491 2.3073973 2.1056433 2.1719247 2.2976632 1.8805911 2.1746595 2.0240535 2.1452605 2.3220715 2.5113168 2.0172778 2.0172778 1.8825050 2.0287992 1.9843061 2.2389823 2.2616360 2.3341906 2.3341906 4.8535130 2.4197257 2.3214166 2.4065788 2.5663230 2.1947535 2.5724806 2.4486025 2.5133407 2.7534253 2.3525202 2.7275341 2.7216159 2.6706089 3.2587429 1.8308791 2.5920702 2.5060312 2.1836783 2.3593746 2.6758107 3.5017117 2.7850672 2.7480181 2.7514189 2.7421572 2.2249733 2.3060517 2.8244403 3.0341284 3.0341284 3.0944162 1.9525038 1.9374231 2.9250179 3.8764301 
Tetwil_g18450.t2                                       1.4941363 1.5812880 1.4839241 1.6062765 0.0000000 0.8088810 1.3918082 1.8734071 1.9053141 1.3435797 1.5273817 1.5571617 1.6547396 1.6450825 1.7245821 1.7292758 2.3935677 1.6569403 1.4840869 1.3404252 2.1979001 1.8943262 1.4959049 1.6778731 1.6352553 1.7170749 1.7789164 1.8045298 1.8284704 1.6923777 1.6639372 1.6804407 1.5924238 1.6138912 1.6538186 1.5936412 1.6215862 1.6215862 1.7229740 1.6897944 1.7773066 1.7280641 2.0442618 2.4965747 1.4355274 2.0822192 1.5693572 2.0710511 1.6438239 2.0971459 2.1248591 2.0134999 2.0134999 2.0965692 1.9317155 1.4822236 1.7881289 1.8540078 1.4484490 2.0486244 1.9597939 1.7200922 1.9560194 2.1007668 1.8150039 1.9127943 1.7905815 2.1755585 1.7705253 1.8656199 1.8231684 1.7051497 2.1518480 1.6637880 2.1302917 2.0551078 2.0551078 3.4808588 2.2685564 1.9773415 2.1603694 2.0864481 1.9585253 2.3450960 2.1643355 2.0256067 2.6012190 2.2591090 2.5069825 2.8059502 2.3924135 2.3936783 2.2377168 2.1194478 2.1982600 2.5375288 2.0155981 2.4636652 3.2364741 2.4013046 2.6482216 2.3181497 2.6345424 2.2449677 2.3146891 2.5426457 2.6118144 2.6118144 4.0792602 1.8919126 1.8874717 2.9097303 3.5541667 
Stycar_maker-SC_scaffold22342-snap-gene-0.4-mRNA-1     1.1666729 1.1666729 1.0532073 1.2859581 0.8088810 0.0000000 0.7818402 0.0000010 2.9931879 0.9456651 1.0828431 0.6147762 1.1878469 1.2726345 1.2596479 1.3184320 2.7619059 1.3794678 1.1735911 1.1955501 5.0065548 5.6803249 4.7303766 1.2941232 1.1953395 1.1324345 1.1450620 1.1281180 0.8370564 1.2475757 1.1860862 1.1605333 1.1811592 1.1493700 1.1512439 1.2614293 1.2614293 1.2614293 1.1551388 1.4000605 1.9568124 1.3101435 1.6657394 1.9081599 1.4778408 1.6259613 1.6912370 1.6012295 1.5344550 1.5539793 1.5509940 1.4343765 1.4343765 1.4071664 1.4945286 1.5975863 1.1945130 1.3429749 1.1749475 3.1234117 1.0757768 1.1915643 0.9772463 1.4208705 1.5425819 1.8974724 1.3753332 1.4436677 1.2769683 1.4932329 1.3133875 1.2796392 2.0135322 2.4853292 1.4495656 1.7013522 1.7013522 1.9070133 1.6277070 1.9939711 1.6298494 4.9154308 1.6216034 2.0140791 1.7057856 1.8646870 6.4473042 1.6951282 0.0000010 1.6291510 1.6291510 8.9999989 2.3345770 1.6981628 1.5209971 0.0000010 1.7213536 1.9443828 3.1787716 1.9485470 5.1782435 1.7249436 2.2037192 2.0191553 1.6566364 1.7942807 2.6434711 2.6434711 0.0000010 0.7406174 0.5528406 3.5904932 4.0492418 
Xestes_maker-XT_scaffold5401-augustus-gene-0.22-mRNA-1 1.6870885 1.7670043 1.5374860 1.6698593 1.3918082 0.7818402 0.0000000 0.9591082 0.9813066 0.6554383 1.6927607 1.5952965 1.6528600 1.7198198 1.6890370 1.6523373 2.3372944 2.1990594 1.8603824 1.6375179 3.0765365 2.4795262 2.7428948 1.7342790 1.6970350 1.7513712 1.7980920 1.8263281 1.8896717 1.8669124 1.7698783 1.7669701 1.7554408 1.7655375 1.6799539 1.8522029 1.8600513 1.8600513 1.6565185 1.7444120 1.7731744 1.6940487 2.1108683 2.9264695 1.4594575 2.0929335 1.4991155 2.0786858 1.6209514 2.1811362 2.1754705 2.3401649 2.3401649 2.4943352 1.9962018 1.3410507 1.0331469 1.7786211 1.5838490 1.7949944 1.8405915 1.9200537 1.8871091 2.0601271 1.9611747 2.0095592 1.7723239 2.1768639 1.8755298 2.0013801 1.9110965 1.8351762 2.3242906 2.6330172 2.1695293 2.2876096 2.2876096 3.1037486 2.4837209 2.6495161 2.3816777 2.0241593 2.1269008 2.4112337 2.1914470 2.1461030 2.9237903 2.0847412 2.2191058 2.7304806 2.1093626 2.2814158 2.2882296 2.1088104 2.2137958 2.0948849 2.1699453 2.2554093 2.6235406 2.6112713 3.4184010 2.1994985 2.3179219 2.1009132 2.1722150 2.3000195 2.6687950 2.6687950 3.5854000 2.0991996 2.0973564 2.4452508 2.3101215 
Halamb_c22999_g1_i1m.4162                              1.9131945 1.9131945 2.1682467 2.1682467 1.8734071 0.0000010 0.9591082 0.0000000 0.0133152 1.6312419 1.7927278 2.0305615 2.0596081 2.1255623 5.6828924 2.0480679 2.2618158 2.1588223 3.0643322 3.0643322 9.0000000 3.0643322 0.0000010 2.0699296 2.0385687 2.0839679 2.1476859 2.1882427 2.0032621 2.4930112 2.1131100 1.9384932 2.0013271 1.9198454 1.7829285 1.8623892 1.8633094 1.8633094 2.0680968 2.0076359 0.0000010 2.2162393 2.9961472 2.9961472 0.0000010 2.7974332 0.0000010 2.5535388 0.0000010 2.2901483 2.4541348 3.1461859 3.1461859 3.1461859 2.3488321 0.0000010 1.3371082 2.5349913 3.1671863 2.1490490 2.4668963 2.8412349 2.4575451 2.2607419 2.1653915 2.1732618 1.9726381 3.7912909 2.7212078 2.7212078 2.7659455 2.4200195 2.5202538 2.8645913 2.7508315 3.0985023 3.0985023 3.1250196 2.9247931 0.6645604 3.2749502 2.0467956 2.2105137 2.8110060 2.8650309 2.5711458 2.5711458 3.8176736 2.3240671 7.4729178 2.2097530 1.9215116 2.0217085 2.7370490 2.4026858 2.1877020 4.6022525 3.0289141 2.7301778 2.9327488 8.9999989 2.9633889 2.4919966 3.5106514 3.1307576 2.1022750 2.4353848 2.4353848 2.4557490 2.2627057 2.2627057 2.8214186 1.9218751 
Halamb_c32223_g1_i1m.7014                              2.0368904 2.0368904 2.2149797 2.2149797 1.9053141 2.9931879 0.9813066 0.0133152 0.0000000 1.7009126 1.8599193 2.0287411 2.0038112 2.1324296 3.7122406 1.9959644 2.4360153 1.9491349 1.3476591 1.3476591 9.0000000 1.6016433 0.0000010 1.9439595 1.9673899 2.0028839 2.1000923 2.1368054 2.0032621 2.3320484 2.0619051 1.9043776 2.0032484 1.8810566 1.8150611 1.8611559 1.8620028 1.8620028 2.0614496 2.0647304 0.0000010 2.3267296 2.4459823 2.5281844 1.2781678 2.6903518 2.6161897 2.4143169 0.8696148 2.2741259 2.4231938 2.9361796 2.9361796 2.9361796 2.2889534 2.0113143 1.3498810 2.5078160 3.1671863 2.1490490 2.3512476 2.7070345 2.2602001 2.1402679 2.2633084 2.2398593 2.0160772 3.8733810 2.7948995 2.7948995 2.7310943 2.6719307 2.5926113 2.8645913 2.7828934 2.9964004 2.9964004 3.1250196 2.8957892 2.0290099 3.0741114 2.0467956 2.1840138 2.7273957 2.7789007 2.4780488 2.4874210 2.8541683 2.3240671 6.7068998 2.2675751 1.9215116 2.0217085 2.7748674 2.5352183 2.3888380 3.9401864 2.9666617 2.7382548 3.1206476 5.1855319 2.7883386 2.4014692 2.4090753 3.0983806 3.8044823 2.3727856 2.3727856 2.7876477 2.2250099 2.2250099 2.7921715 2.0418248 
Halamb_c36223_g1_i2mm.426                              1.5929864 1.6077812 1.4657451 1.5824360 1.3435797 0.9456651 0.6554383 1.6312419 1.7009126 0.0000000 1.4275498 1.4905906 1.6503768 1.6574750 1.7066315 1.6868057 4.0409175 2.2161407 1.8102172 1.5839480 2.7210441 2.2406771 2.5240238 1.6692480 1.5785213 1.5765145 1.6559191 1.6588714 1.8515738 1.7475452 1.5382540 1.5649031 1.5945064 1.5130158 1.5649661 1.5305391 1.5563948 1.5563948 1.7094555 1.6255226 1.9325452 1.5818652 1.8171414 1.9485517 1.6054474 1.8221433 1.7162703 1.7996021 1.7034042 1.7920273 1.8001809 1.8395640 1.8395640 1.8886373 1.6773213 1.4186771 0.8811355 1.7926858 1.4121941 2.7363312 1.6127317 1.7183098 1.7195179 1.9802054 1.8128733 1.9902273 1.7862507 2.0213349 1.6888962 1.7906066 1.8297303 1.7356027 2.1364071 2.4311329 1.6894410 2.0902557 2.0902557 3.6230570 2.2428728 2.6527978 2.1416131 2.4215606 2.0911045 2.1993927 2.1265719 2.1633329 3.0392707 2.0817117 2.6355302 2.2696962 2.2412468 4.2980325 2.0640924 2.2081609 2.4816418 2.8612539 2.2690733 2.4724113 4.2054779 2.6302430 2.6625728 2.0597420 2.1656318 2.2743316 1.8091549 2.4722429 2.5294380 2.5294380 2.4455896 2.0180112 1.9971413 2.5802710 3.7920932 
Bralan_BLAG03001277_1                                  1.6069865 1.6846223 1.6468395 1.7544109 1.5273817 1.0828431 1.6927607 1.7927278 1.8599193 1.4275498 0.0000000 0.7839073 1.0651336 1.0614966 1.2148334 0.9967466 1.2298581 1.6889316 1.3834491 1.2128664 1.8287756 1.5551471 1.6438874 1.2670192 1.1744922 1.2438525 1.2638216 1.2603523 0.8528942 1.2443519 1.2066778 1.1268865 1.2478031 1.2175046 1.1681811 1.2497552 1.2700743 1.2700743 1.3356651 1.3436193 1.1217069 1.1051815 1.7186983 1.9291763 1.2038540 1.7838281 1.4893310 1.8351344 1.4365424 1.7522436 1.8305787 1.8404500 1.8404500 1.9281259 1.6067816 1.2250927 1.7242315 1.7022278 1.2769929 1.2127337 1.5409038 1.3278139 1.3253867 1.5829159 1.4105162 1.4786709 1.5262255 1.9624910 1.5083762 1.6133330 1.4416577 1.5306407 1.9615820 1.0458368 1.7127646 1.8453304 1.8453304 3.4656091 2.0960432 2.0311905 2.0782898 1.7288011 1.6593270 1.9876784 1.6372267 1.9986481 2.5918118 1.8927821 1.8388874 2.2407076 1.9201711 1.9743492 1.6153201 2.0976171 2.0108082 1.7676355 2.1554100 2.2274595 2.3791344 2.1619272 2.5429244 2.1099497 2.2414586 1.9079011 1.7178175 2.2576404 2.9715616 2.9715616 2.9798508 1.8558163 1.8426267 2.2804585 2.8709475 
Skow_XM_006811584.1                                    1.5275260 1.6362171 1.5721006 1.5721006 1.5571617 0.6147762 1.5952965 2.0305615 2.0287411 1.4905906 0.7839073 0.0000000 0.8458623 0.9922115 0.9935220 1.0213065 1.3656625 2.6957528 1.0689775 1.0088544 1.6323406 1.3761562 1.3902127 1.1228784 1.0167006 1.1375240 1.1229936 1.1290097 0.9458556 1.0302270 1.1081188 1.0865220 1.0620489 1.0218956 1.0710815 1.0762903 1.0899548 1.0899548 1.2717984 1.2243729 0.0000010 1.0926149 1.6037479 1.8415573 1.1995641 1.6694030 0.9382172 1.8647561 0.9153509 1.7840761 1.7831491 1.5806115 1.5806115 1.5806115 1.5942945 0.8801353 1.7587596 1.4972544 0.8427047 1.2350671 1.4705537 1.2102373 1.4036802 1.4952748 1.2410685 1.3590253 1.3534036 1.8980196 1.5036601 1.5036601 1.3514816 1.5614081 1.5360730 0.8416665 1.6609891 1.7741005 1.7741005 3.3293433 2.0252960 2.0213465 2.0716715 1.6910331 1.7056294 1.9315942 1.7444236 1.7923378 1.8635920 1.9836647 1.8312107 2.2510042 1.9134097 1.8270018 1.3722975 1.9839451 2.0128693 1.9462515 2.2183080 2.4589704 2.1750848 2.1492514 2.3158372 2.1831802 1.8977277 1.6960061 1.6176135 2.2334453 2.9357293 2.9357293 3.0998672 1.7355357 1.7228602 1.9509849 2.3763352 
Spur_XM_011663947.2                                    1.8128823 1.9830703 1.7031972 1.8288232 1.6547396 1.1878469 1.6528600 2.0596081 2.0038112 1.6503768 1.0651336 0.8458623 0.0000000 1.2028767 1.2947591 1.1754710 1.6385908 1.9320969 1.3038074 1.2410971 1.8535468 1.5418943 1.6364263 1.2965886 1.2749458 1.2870773 1.3561091 1.3559786 1.0846788 1.3571165 1.2235722 1.2204846 1.2579781 1.2042684 1.2609493 1.3073144 1.3134436 1.3134436 1.4472265 1.4317583 1.4107187 1.2088601 1.9825867 2.4556038 1.3547488 2.0337252 1.4935035 2.0530554 1.4245840 2.0937094 2.1124754 2.0159151 2.0159151 2.0775060 1.8790092 1.5973771 1.8736750 1.7952640 1.5564271 1.4213252 1.7037951 1.6548720 1.7277583 1.8131024 1.5750832 1.7633747 1.6697545 2.0662053 1.6456884 1.7420840 1.6211892 1.7165224 1.9613311 1.5034570 1.6623294 2.1061312 2.1061312 2.5691398 2.2109920 2.2133706 2.4407187 1.6111115 1.6960795 2.1959870 1.9369710 2.2030301 2.7055065 2.1569955 2.0486956 2.9155707 2.1754473 2.0887026 1.5398470 2.1665036 2.2665700 1.9438639 2.1651154 2.3652877 2.6483107 2.3657988 2.7665567 2.2709054 2.4558142 2.0186118 1.9643580 2.4549249 2.8621453 2.8621453 3.6699971 1.8701195 1.8590804 2.3281495 2.7344602 
Hsap_ENST00000360003                                   1.8366035 1.9429280 1.7520073 1.9383510 1.6450825 1.2726345 1.7198198 2.1255623 2.1324296 1.6574750 1.0614966 0.9922115 1.2028767 0.0000000 1.2855303 1.2312292 1.4181861 1.7304229 1.3553742 1.1725940 1.8410212 1.6073487 1.5713515 1.3861938 1.3577216 1.3727377 1.4068540 1.4113331 1.1920962 1.4584239 1.3353061 1.3078885 1.3210852 1.2674203 1.3144495 1.3528345 1.3547553 1.3547553 1.4817535 1.3761254 1.5984632 1.3876772 1.7651017 2.0905184 1.3371529 1.8932398 1.4504854 1.9226769 1.2320699 1.9385390 1.9938341 2.0154170 2.0154170 2.0961637 1.7919233 1.4452176 1.7626125 1.7262063 1.7192330 1.5247422 1.7727822 1.8041592 1.6139189 1.8278507 1.4867095 1.6595334 1.5323141 1.9562390 1.6426900 1.7224945 1.6118199 1.6973034 2.0443541 1.5381690 1.9687575 2.0228556 2.0228556 3.1443494 2.1713094 2.4859590 2.3420654 1.8572176 1.8792728 2.1151591 1.8716115 2.0393539 2.4939896 2.0660203 1.8478757 2.8996842 2.2235322 2.3050479 1.7289697 2.4125037 2.3916753 1.7302086 2.1420234 2.5730166 2.5428801 2.3752352 2.4570803 2.2598464 2.4607207 1.9376474 1.9056101 2.3276385 2.8450576 2.8450576 3.0413853 1.7658559 1.7554577 2.1966728 2.6875227 
Acagra_model.g981.t1                                   1.7427168 1.9063044 1.6824679 1.8224009 1.7245821 1.2596479 1.6890370 5.6828924 3.7122406 1.7066315 1.2148334 0.9935220 1.2947591 1.2855303 0.0000000 1.0877623 2.9518650 1.9068042 1.3183460 1.2656925 1.8765622 1.6303765 1.4179130 1.6193414 1.4655277 1.4849497 1.4945662 1.5048959 4.1116213 1.5400413 1.3556669 1.3320274 1.3051939 1.2911182 1.3451573 1.3120929 1.3140004 1.3140004 1.5283350 1.4979656 1.4582242 1.3067258 1.9042087 2.1072288 1.4855832 1.8433612 1.7428100 1.9853605 1.7612714 1.9370358 1.9635459 1.9393025 1.9393025 1.9014880 1.7932705 1.6047974 1.6581668 1.9317051 1.4735265 3.6069764 1.6270685 1.6535283 1.5101335 2.0052059 1.7153947 1.9165909 1.5673215 2.1308086 1.7374792 1.8468271 1.5565095 1.7443619 1.9834954 3.2441981 1.7943285 2.1084914 2.1084914 5.4205917 2.2796822 2.4244569 2.0770109 3.6139010 2.0491015 2.2724137 2.0756902 2.0878078 2.5703923 1.8876027 3.5065182 2.3477132 2.3203190 5.9026309 4.1031341 2.3743391 2.2052563 3.1709990 2.3967532 2.4482865 3.7751869 2.2533799 2.7269655 2.2394856 2.4180262 1.9674251 1.9015354 2.2116098 2.6587350 2.6587350 3.4839288 2.2718404 2.2476978 2.5067298 3.9635785 
Cgig_XM_034473016.1                                    1.8936844 1.9789477 1.7219509 1.8023271 1.7292758 1.3184320 1.6523373 2.0480679 1.9959644 1.6868057 0.9967466 1.0213065 1.1754710 1.2312292 1.0877623 0.0000000 1.2344249 1.6211454 1.5712704 1.4510035 2.3571782 2.0139584 1.8626647 1.5939105 1.4138391 1.4595097 1.4844730 1.4918474 1.1404258 1.5441429 1.3575201 1.3325177 1.2938886 1.3054111 1.3095942 1.2853131 1.2849640 1.2849640 1.4283040 1.4426776 1.4160758 1.2252635 2.0386111 2.2767989 1.3490586 2.1204304 1.7546288 2.1827209 1.4540920 2.0675387 2.1469116 2.0603082 2.0603082 2.0338615 1.8952580 1.7150839 1.9973467 1.6719417 1.5173224 1.2970742 1.6510953 1.8135067 1.6860539 1.8668097 1.6125954 1.6945266 1.4780032 1.9515353 1.7167681 1.7931288 1.8472559 1.8618287 2.2499493 1.4193075 1.7494671 2.1970422 2.1970422 2.8308280 2.3848924 2.4635302 2.4539874 1.5971720 1.8898124 2.3462959 2.1483103 2.2576910 2.7267895 2.5902364 2.4196594 2.8608354 2.1638819 2.1647342 1.7659221 2.4263088 2.4866338 2.1272401 2.5028436 2.5212071 2.5719717 2.2648110 3.0707151 2.4808868 2.3549023 2.2269407 1.9249907 2.5178146 3.0132299 3.0132299 2.9592281 1.8964847 1.8853371 2.4155974 2.7266525 
Opea_EP00118_Oscarella_pearsei_P020443                 2.0709309 2.0709309 2.3555088 2.3715991 2.3935677 2.7619059 2.3372944 2.2618158 2.4360153 4.0409175 1.2298581 1.3656625 1.6385908 1.4181861 2.9518650 1.2344249 0.0000000 1.8747719 6.0045773 4.7225861 0.7473784 0.7473784 2.1745990 1.2920319 1.7304628 1.7371018 1.9160238 1.9145303 1.5344390 2.1085000 1.6220786 1.5761660 1.5047340 1.5370477 1.5625661 1.5780451 1.5703390 1.5703390 1.5376071 1.8006634 3.2249377 1.5370558 3.4903323 4.3270743 6.5317908 3.2573280 4.1328052 3.0974243 3.5082238 3.2170823 3.1771820 3.7418830 3.7418830 3.8411337 2.9194379 3.4568335 3.1986330 2.1661081 3.7253521 1.4371631 1.9710762 2.2746343 3.7046989 1.9308849 1.8210956 2.0408606 2.6985691 2.8519425 2.0716279 2.0716279 2.2764186 2.2413786 2.0464077 1.4645693 2.4704372 2.2779607 2.2779607 3.0355840 2.5757333 3.1996395 3.7276971 1.6096903 1.9835700 2.3530190 2.2378712 2.3879025 2.1804125 5.2140173 2.0559717 6.8650725 2.3440991 1.9045145 1.6637046 2.2766882 2.2611275 1.8381907 3.5989764 3.2326815 2.2917776 2.5771860 3.1511897 3.0253451 2.9486582 6.1747592 2.9292870 2.1719073 3.0571759 3.0571759 3.3205827 1.6034152 1.6034152 1.8217322 2.2001420 
Opea_EP00118_Oscarella_pearsei_P020444                 1.9374686 1.9644199 1.8088863 3.2940320 1.6569403 1.3794678 2.1990594 2.1588223 1.9491349 2.2161407 1.6889316 2.6957528 1.9320969 1.7304229 1.9068042 1.6211454 1.8747719 0.0000000 2.4797387 0.2218428 3.6798510 2.7601721 1.5266736 1.1503054 1.5498690 1.5510643 1.5720776 1.5720776 1.0755393 1.6598351 1.7313922 1.8571793 1.9800050 2.0314794 2.0245880 2.0491693 2.0491693 2.0491693 1.5690058 2.0266278 2.2783489 2.4083385 1.3499099 2.8779420 1.4299053 1.3227796 1.1137213 1.5572612 1.3556948 1.6835602 1.7336898 1.8827708 1.8827708 3.3866185 1.9893167 1.6289587 1.9705951 2.2282637 1.7052359 0.8202984 1.7183535 1.7224010 2.9297764 3.3121625 1.8481912 2.2101649 1.7126047 2.2014789 1.5688974 1.7501100 1.7082677 1.7167299 2.9854602 0.3619138 2.2399335 1.9541414 1.9541414 2.6634634 1.8384881 3.8447010 1.7666785 2.6014894 1.7902801 2.2766841 1.8184828 1.8973242 5.1345250 1.7228786 0.8314608 2.8583928 2.4468932 1.2299872 0.9973630 2.6365477 2.1407496 2.9708534 1.9272295 1.9739536 1.4404718 1.8465973 4.3805081 2.6163063 2.1698731 1.8991255 2.2527306 2.5759618 2.5410987 2.5410987 4.2842639 4.0031452 3.8125834 4.3710163 3.3177230 
Opea_EP00118_Oscarella_pearsei_P020445                 1.7952055 1.8870636 1.7826405 1.6612293 1.4840869 1.1735911 1.8603824 3.0643322 1.3476591 1.8102172 1.3834491 1.0689775 1.3038074 1.3553742 1.3183460 1.5712704 6.0045773 2.4797387 0.0000000 0.1082533 0.3400762 0.2011193 0.5179721 1.2951013 1.3293072 1.3217675 1.3269019 1.3269019 1.4643721 1.3089101 1.4549481 1.4205578 1.4534073 1.4938405 1.5709931 1.4368260 1.4406243 1.4406243 1.3954504 1.6198291 2.5161620 1.3744265 1.7019396 1.5966432 1.4603198 1.7620561 1.9157100 1.7323754 1.6294557 1.7759258 1.8433856 1.6247104 1.6247104 1.4648888 1.6315698 1.5648063 2.0224939 1.7351702 1.5548159 1.5998084 1.5460098 1.4374618 1.6094496 1.5914324 1.5685447 2.0672919 1.7070180 2.1154329 1.7501274 1.7903748 1.6709938 1.8295031 1.8797526 2.1833807 1.9420397 1.9964368 1.9964368 4.0322374 2.3919048 2.7306029 1.9508736 1.1943270 1.9725296 2.4346068 2.1620801 2.1880025 2.7262388 2.1618417 0.0000010 2.6379137 2.6379137 6.0494758 1.5944975 2.4696464 2.3989160 2.1122360 2.3475199 2.6155260 4.1391344 2.3146224 2.4675352 2.4229383 2.4384984 2.1340174 1.7889088 2.4067867 2.5679256 2.5679256 3.5666613 1.9082113 1.9082113 2.4403873 6.2178618 
Opea_EP00118_Oscarella_pearsei_P020447                 1.7502399 1.9104952 1.6660358 1.8163811 1.3404252 1.1955501 1.6375179 3.0643322 1.3476591 1.5839480 1.2128664 1.0088544 1.2410971 1.1725940 1.2656925 1.4510035 4.7225861 0.2218428 0.1082533 0.0000000 0.3511486 0.2079702 0.4998045 1.0950158 1.1877361 1.1828882 1.2133645 1.2174108 1.4643721 1.2252429 1.2997309 1.2934549 1.3306123 1.2871255 1.3730942 1.3129988 1.3190526 1.3190526 1.2845776 1.4277603 2.1111917 1.4011016 1.4979324 1.6197206 1.4603198 1.5566655 1.3342435 1.5885712 1.4146269 1.6342144 1.6485391 1.5982220 1.5982220 1.6205395 1.6090606 1.4223119 1.8365958 1.7076820 1.4685470 1.5998084 1.4354227 1.4162562 1.5677414 1.6902362 1.3994096 1.8111934 1.5465392 1.9757883 1.5240340 1.6320458 1.4182430 1.5187877 1.8453656 2.0903476 1.8114537 1.7980434 1.7980434 3.7342325 1.9760025 2.7144346 1.6863945 3.3456621 1.7743040 2.0661993 1.8481017 1.8415881 2.7640273 1.8694664 0.0000010 2.3078706 2.3078706 6.0564301 1.2714679 2.1660796 2.0610569 2.1122360 1.9790046 2.1533945 2.7747776 2.1097466 2.5261903 2.1766912 2.2446611 1.9981726 1.6900862 2.2700756 2.5586489 2.5586489 3.2701596 1.7704167 1.7704167 2.8497989 5.1716776 
Opea_EP00118_Oscarella_pearsei_P020446                 2.5321435 3.0398003 2.4765948 2.3636439 2.1979001 5.0065548 3.0765365 9.0000000 9.0000000 2.7210441 1.8287756 1.6323406 1.8535468 1.8410212 1.8765622 2.3571782 0.7473784 3.6798510 0.3400762 0.3511486 0.0000000 0.0917261 0.3544784 1.6772602 1.9574576 1.9393165 2.0076332 2.0076332 0.0000010 2.0131577 2.1634115 2.1325911 2.2987340 2.1465260 2.3912547 2.3476337 2.3708271 2.3708271 2.2277349 2.2308699 2.7911954 2.1174973 2.5034283 2.1453127 2.1231389 2.6463702 5.0872605 2.4130344 3.3884092 2.4414252 2.4556242 2.2461410 2.2461410 2.1746623 2.4497241 2.1126982 2.5319893 2.5743702 4.0270930 9.0000000 2.5458010 2.3124452 2.2102357 2.1928350 1.9615700 2.5623804 2.5242315 3.0698661 2.2842303 2.4062927 2.0332718 2.3396528 2.4817628 0.0000010 2.7940637 2.5550367 2.5550367 9.0000000 2.9776248 3.0308264 2.4564868 6.8332144 2.8551955 3.3034328 3.1572836 2.8338846 2.6519232 2.6458422 0.0000010 3.0383349 3.0383349 4.6726616 3.1825935 2.9830201 2.5933207 2.6142164 3.1890865 3.1573533 5.2873924 2.8771215 2.9372161 3.2855728 3.4097648 2.8527563 2.6322872 3.3332733 3.3688489 3.3688489 3.9661536 2.3617490 2.3189060 2.6205810 6.6491416 
Opea_EP00118_Oscarella_pearsei_P020442                 2.1682865 2.6901856 2.1388138 1.9236850 1.8943262 5.6803249 2.4795262 3.0643322 1.6016433 2.2406771 1.5551471 1.3761562 1.5418943 1.6073487 1.6303765 2.0139584 0.7473784 2.7601721 0.2011193 0.2079702 0.0917261 0.0000000 0.4442250 1.5450704 1.6433835 1.6742150 1.7078908 1.7078908 0.0000010 1.7385176 1.8769889 1.8480326 2.0496507 1.9665600 1.9984232 1.9534420 1.9703394 1.9703394 1.9268448 1.9197062 3.8020069 1.9343554 2.1535889 1.7996994 2.1231389 2.3231893 5.1337609 2.1776317 3.5305085 2.2023346 2.2027746 1.9427298 1.9427298 1.7949379 2.2745740 2.2375681 2.4137901 2.3205982 4.0895263 9.0000000 2.0981771 1.9660955 1.7496793 1.8698832 1.7439125 2.3608154 2.1272441 2.8607244 1.9814210 2.0688219 1.8266637 2.0329886 2.1775185 0.0000010 2.5258454 2.5041705 2.5041705 9.0000000 2.6721344 2.9020602 2.1857304 6.8332144 2.5954547 2.7253606 2.7217170 2.4598229 2.2185213 2.3295114 0.0000010 2.9124937 2.9124937 4.6726616 3.1825935 2.7548934 2.6638566 2.1122360 2.9151274 3.0176114 3.6895402 2.6985556 2.2412757 2.6963092 2.9035421 2.3482673 2.3349831 2.9734615 2.8347389 2.8347389 3.2701596 1.9130718 1.8788425 2.4840048 6.7071309 
Opea_EP00118_Oscarella_pearsei_P020448                 2.0199594 2.9434313 1.9566099 2.1768108 1.4959049 4.7303766 2.7428948 0.0000010 0.0000010 2.5240238 1.6438874 1.3902127 1.6364263 1.5713515 1.4179130 1.8626647 2.1745990 1.5266736 0.5179721 0.4998045 0.3544784 0.4442250 0.0000000 1.0582121 1.5131572 1.6009951 1.5614445 1.5614445 0.0000010 1.6061397 1.7082122 1.7036056 1.6264042 1.5376803 1.7359388 1.6876813 1.7000358 1.7000358 1.9473508 1.6338685 3.9437355 1.8258210 2.2638421 2.2070522 2.6259274 2.4005850 2.1854417 2.1639435 2.8639950 2.3045364 2.3216439 1.8162337 1.8162337 1.6985275 2.2231432 2.7975218 2.6348302 2.2661852 3.1422527 0.0000010 2.1647867 2.1899543 1.9767317 2.2940791 1.6093560 2.1198605 2.2027461 3.0861853 1.6106896 1.6106896 1.4895022 1.6344345 1.3942058 0.0000010 2.1378239 2.4037542 2.4037542 0.0000010 1.7231815 1.6962636 1.6787083 4.3526781 2.4378139 1.7123049 1.7762509 1.8466881 2.1235679 1.7883518 0.0000010 3.2912259 3.2912259 5.4412571 1.2350675 2.3250987 2.0961316 0.4435296 2.2897616 2.4224437 4.3040810 2.1148864 3.2186786 3.5766296 3.5212157 1.9120429 2.7507750 2.6368071 2.3642131 2.3642131 2.8375186 1.5363216 1.5363216 2.0305607 3.5132719 
Plajan_Pjan_scaffold21887_01                           1.8155672 1.8445576 1.6984018 1.8463798 1.6778731 1.2941232 1.7342790 2.0699296 1.9439595 1.6692480 1.2670192 1.1228784 1.2965886 1.3861938 1.6193414 1.5939105 1.2920319 1.1503054 1.2951013 1.0950158 1.6772602 1.5450704 1.0582121 0.0000000 1.3983036 1.4380117 1.5103975 1.5232121 1.2517237 1.4959929 1.4999467 1.5077180 1.5146811 1.4844310 1.5223234 1.4879448 1.4994341 1.4994341 1.4516282 1.5804502 2.1365337 1.5597614 1.8486010 1.9599673 1.2510399 2.0085578 1.7459429 2.2226475 1.8458293 2.0122847 2.0418692 2.1980954 2.1980954 2.1889833 1.9190067 1.5282235 1.8507977 1.8416254 1.6385733 1.6547695 1.8560790 1.8533410 1.8839088 1.8244680 1.8290816 2.0543118 1.6931938 2.0471415 1.7583488 1.8795332 1.7561138 1.8126323 2.1823997 1.6316689 1.9906596 2.1504487 2.1504487 3.4280117 2.2723096 2.7874442 2.2033725 1.8515685 1.8786593 2.1134118 1.8832299 2.1775987 2.7296091 2.0377654 2.3943236 3.0735094 2.4428779 2.4426640 1.4774856 2.1802654 2.0215586 1.9934079 2.0705605 2.5207839 2.4292443 2.2785125 2.3037368 2.2532555 2.3881282 2.0192530 1.9435370 2.4001390 2.7979585 2.7979585 4.1538698 1.9304436 1.9164150 2.4486893 2.6607238 
HoiH23_PlH23_007819-RA                                 1.7541462 1.8576561 1.6838875 1.7623737 1.6352553 1.1953395 1.6970350 2.0385687 1.9673899 1.5785213 1.1744922 1.0167006 1.2749458 1.3577216 1.4655277 1.4138391 1.7304628 1.5498690 1.3293072 1.1877361 1.9574576 1.6433835 1.5131572 1.3983036 0.0000000 0.0467338 0.1109556 0.1109725 0.2073900 0.3305165 1.2492785 1.2135835 1.2935917 1.1969174 1.3303804 1.2623486 1.2921511 1.2921511 1.3536400 1.3144239 1.6165545 1.4932388 1.6058805 2.0170115 1.2948296 1.7621661 1.2515056 1.8990703 1.4132381 1.9322244 1.9278858 1.8256476 1.8256476 1.8744599 1.7664572 1.4581418 2.0092670 1.6378805 1.4496696 1.8423650 1.7231128 1.5419441 1.8250152 2.0172949 1.8317090 1.9399694 1.5360931 1.9423755 1.5884632 1.6803565 1.6579913 1.7801367 1.9257422 1.4533414 1.7726375 1.9593758 1.9593758 3.2256467 2.3147577 2.6459822 2.4156696 2.2641418 1.9320760 2.1119494 2.0130098 2.1486939 2.7168744 2.0623331 2.2537953 2.6430474 2.1018567 2.6514311 1.6357233 2.1007393 2.1772332 1.8816539 2.2489277 2.5282033 2.5719485 2.3601900 2.4884473 2.2289993 2.3101108 2.0265108 1.9508905 2.2368056 2.9190074 2.9190074 2.7338601 1.9261475 1.9109753 2.4092890 2.7793936 
HoiH06_mRNA13980                                       1.8591715 1.9654870 1.7653132 1.8706609 1.7170749 1.1324345 1.7513712 2.0839679 2.0028839 1.5765145 1.2438525 1.1375240 1.2870773 1.3727377 1.4849497 1.4595097 1.7371018 1.5510643 1.3217675 1.1828882 1.9393165 1.6742150 1.6009951 1.4380117 0.0467338 0.0000000 0.1117979 0.1109104 0.2160805 0.2932045 1.2694943 1.2144473 1.3103598 1.2079481 1.3323983 1.2412101 1.2698217 1.2698217 1.3677916 1.3314910 1.6058279 1.4497464 1.7451827 2.2103776 1.3957052 1.7792356 1.3065562 1.9434086 1.4470012 2.0123706 2.0254866 1.8270433 1.8270433 1.8974567 1.8104749 1.4866762 1.9884728 1.6036450 1.2884268 1.5256972 1.7139735 1.5272578 1.8430735 2.1012150 1.8962259 1.9334472 1.5711653 2.0574658 1.5708870 1.6622992 1.6640195 1.8263067 2.0411322 1.3120279 1.8308339 1.9636925 1.9636925 3.2128840 2.2182297 2.5342584 2.4600322 1.7305372 1.8929634 2.1485807 2.0375634 2.1748382 2.6996301 2.1624930 2.1278762 2.5739602 2.0691755 2.2604947 1.6117176 2.1757125 2.2301820 1.6612367 2.2812714 2.5485910 2.5366655 2.3654605 2.4823518 2.2322292 2.3141103 2.1482016 2.0822856 2.2425752 2.9097751 2.9097751 2.7261288 2.0279469 2.0118235 2.5539791 2.7373013 
Hhon_g10609.t1                                         1.8669049 1.9794654 1.7711092 1.8796662 1.7789164 1.1450620 1.7980920 2.1476859 2.1000923 1.6559191 1.2638216 1.1229936 1.3561091 1.4068540 1.4945662 1.4844730 1.9160238 1.5720776 1.3269019 1.2133645 2.0076332 1.7078908 1.5614445 1.5103975 0.1109556 0.1117979 0.0000000 0.0051521 0.1847750 0.3101804 1.3466165 1.2974827 1.3509658 1.2492935 1.4169594 1.3219480 1.3459561 1.3459561 1.4125677 1.4035605 1.5576115 1.4874717 1.7308208 2.2442181 1.3996767 1.8330166 1.2715187 2.0988593 1.4929757 2.0837734 2.1267119 1.9527068 1.9527068 2.0440810 1.9123866 1.5429127 2.0550939 1.7448587 1.5021821 1.9440248 1.8026376 1.5574636 1.8375797 2.0669066 1.9481205 2.0016236 1.5785845 2.0777360 1.6452553 1.7331830 1.7389469 1.7792829 2.0356805 1.5725915 1.9042913 2.0906652 2.0906652 3.8293254 2.3639892 2.4244132 2.5011497 2.2747691 2.0146707 2.2696180 2.1655457 2.3510714 2.9607140 2.1476686 2.4989401 2.7456996 2.2281649 2.9038922 1.9724973 2.2652325 2.3107501 2.0524003 2.2854259 2.6710832 2.7579636 2.4684284 2.5587008 2.4080927 2.3714994 2.1335122 2.1659075 2.2350451 3.0408243 3.0408243 2.6000298 2.0435523 2.0281533 2.6465136 2.8157768 
HoiH04_mRNA17793                                       1.8671819 1.9796847 1.7714505 1.8799864 1.8045298 1.1281180 1.8263281 2.1882427 2.1368054 1.6588714 1.2603523 1.1290097 1.3559786 1.4113331 1.5048959 1.4918474 1.9145303 1.5720776 1.3269019 1.2174108 2.0076332 1.7078908 1.5614445 1.5232121 0.1109725 0.1109104 0.0051521 0.0000000 0.1752211 0.3079352 1.3542701 1.2909478 1.3533576 1.2515967 1.4193725 1.3229171 1.3469224 1.3469224 1.4000170 1.3962475 1.5576115 1.5061954 1.7545429 2.2863720 1.3996767 1.8627571 1.2796876 2.1159153 1.4963632 2.0913495 2.1343910 1.9771943 1.9771943 2.0738762 1.9386080 1.5551810 2.0698206 1.7361438 1.5185214 1.9423066 1.8157184 1.5669454 1.8375797 2.0667897 1.9370492 1.9809404 1.5866504 2.0936017 1.6397727 1.7275309 1.7390926 1.7794344 2.0316586 1.5725915 1.9246325 2.0922734 2.0922734 3.8293254 2.3416690 2.4244132 2.5185204 2.2853913 2.0188478 2.2717515 2.1761534 2.3328412 2.9183248 2.1329861 2.5061394 2.7304039 2.2040809 2.8556361 1.9349373 2.2709400 2.2880371 2.0200821 2.2885724 2.6787798 2.7580698 2.4738185 2.5587008 2.4235304 2.3855009 2.1335370 2.1723935 2.2167244 3.0832809 3.0832809 2.6971608 2.0576397 2.0421049 2.6493680 2.8158085 
TrH2_TrispH2_010423-RA                                 1.4818410 1.4818410 1.6898752 1.6898752 1.8284704 0.8370564 1.8896717 2.0032621 2.0032621 1.8515738 0.8528942 0.9458556 1.0846788 1.1920962 4.1116213 1.1404258 1.5344390 1.0755393 1.4643721 1.4643721 0.0000010 0.0000010 0.0000010 1.2517237 0.2073900 0.2160805 0.1847750 0.1752211 0.0000000 0.3521300 1.1699964 1.1530035 1.2206785 1.1714999 1.2528596 1.2915338 1.2854439 1.2854439 1.4985924 1.4885867 0.0000010 1.2531019 2.0009171 2.5688565 1.4268420 2.5199293 0.8370564 2.5599331 0.8370564 2.7957535 2.8696254 2.3543924 2.3543924 2.3543924 2.3698126 2.0823827 2.6284311 1.8092958 3.9604218 1.7467251 1.7620273 1.8571691 1.2953941 1.6949048 1.9831127 2.0489460 1.2222556 3.3387122 1.8209368 1.8209368 2.0916794 1.9273013 2.0521993 1.3598712 2.4098497 1.9525718 1.9525718 3.0537440 2.6081568 2.7500023 4.5292568 2.0472599 2.1937390 2.1020885 2.0926997 2.0614525 2.1108136 3.7906186 2.2056346 8.9999985 2.0878867 2.0452163 1.7309624 2.4217045 2.2943542 1.6567612 2.3131454 2.4596376 2.6206160 2.4822786 6.8240573 2.8317418 2.3466528 7.1945954 2.5035139 2.2882600 2.8689381 2.8689381 2.1336735 1.8638450 1.8638450 1.5476176 2.0670918 
Tadh_TriadT31319                                       1.7786337 1.8904977 1.7015359 1.8027191 1.6923777 1.2475757 1.8669124 2.4930112 2.3320484 1.7475452 1.2443519 1.0302270 1.3571165 1.4584239 1.5400413 1.5441429 2.1085000 1.6598351 1.3089101 1.2252429 2.0131577 1.7385176 1.6061397 1.4959929 0.3305165 0.2932045 0.3101804 0.3079352 0.3521300 0.0000000 1.3973143 1.3625230 1.4069556 1.3240101 1.4007707 1.3971840 1.3969517 1.3969517 1.4431810 1.4305355 1.6054222 1.5986760 1.6920506 2.0995904 1.3370270 1.9211222 1.3370279 2.1818183 1.4673817 2.0250315 2.0721252 1.9292538 1.9292538 1.9954685 1.9703377 1.6237078 2.1342317 1.6159862 1.4322955 1.9352727 1.7079831 1.5053365 1.6884796 1.9097108 1.9770772 1.9984498 1.5875596 2.0595209 1.6951650 1.8189237 1.7701359 1.7652634 2.0798212 1.8491666 2.0791793 2.0339149 2.0339149 3.6090406 2.3943055 2.5219710 2.5279576 2.2760745 1.9716827 2.3689055 2.0383699 2.1989914 2.8513890 2.1023234 3.1492815 2.7251393 2.1867684 2.6924895 2.2389449 2.4653515 2.3084003 1.9596868 2.2543466 2.7915147 3.1836793 2.4917635 2.5117324 2.3134492 2.5231880 2.0788889 2.0870274 2.2256870 3.2798080 3.2798080 2.7889074 2.0111347 1.9980061 2.5997732 2.9358808 
Spis_XP_022806522_1                                    1.6699730 1.7777892 1.6629375 1.7652468 1.6639372 1.1860862 1.7698783 2.1131100 2.0619051 1.5382540 1.2066778 1.1081188 1.2235722 1.3353061 1.3556669 1.3575201 1.6220786 1.7313922 1.4549481 1.2997309 2.1634115 1.8769889 1.7082122 1.4999467 1.2492785 1.2694943 1.3466165 1.3542701 1.1699964 1.3973143 0.0000000 0.1072960 0.3398556 0.3350820 0.4181005 0.5105554 0.5219329 0.5219329 1.1525981 1.0734490 1.7869278 1.4316057 2.0148368 2.5001533 1.3712272 2.1518286 1.5119526 2.1023753 1.5016807 2.1030912 2.1133843 2.0933827 2.0933827 2.1502365 1.7544095 1.3807153 1.7389688 1.7079687 1.2288760 1.7237816 1.6441432 1.6071288 1.5903180 1.7872213 1.4826177 1.6302980 1.4790014 2.0399697 1.6772157 1.8086681 1.7337642 1.7710521 2.1150999 1.6981667 1.7577039 2.0846978 2.0846978 2.9559356 2.0498281 2.2863619 2.3150811 1.9052739 1.8180706 2.2434177 2.1006859 2.1771989 2.8041957 2.0670475 1.9994382 2.7594842 2.2034277 2.3353172 1.6033296 2.2298093 2.3075383 1.6757209 2.1824458 2.4533540 2.9926833 2.3192490 2.6262305 2.3764903 2.5508312 1.9796833 1.8825968 2.3770333 2.9597357 2.9597357 3.2809259 1.8910171 1.8798669 2.3595264 2.4883831 
Pocdam_XM_027184076.1                                  1.7136147 1.8348395 1.6860509 1.8186830 1.6804407 1.1605333 1.7669701 1.9384932 1.9043776 1.5649031 1.1268865 1.0865220 1.2204846 1.3078885 1.3320274 1.3325177 1.5761660 1.8571793 1.4205578 1.2934549 2.1325911 1.8480326 1.7036056 1.5077180 1.2135835 1.2144473 1.2974827 1.2909478 1.1530035 1.3625230 0.1072960 0.0000000 0.3238955 0.3004296 0.3904584 0.4713824 0.4822459 0.4822459 1.1568266 1.0500141 1.7865782 1.4133771 1.9441513 2.3950821 1.4259052 2.1293935 1.4752222 2.0712453 1.5199377 2.0710331 2.0710389 2.1071532 2.1071532 2.1707856 1.7772591 1.4016363 1.7553094 1.6707758 1.2899924 1.6079384 1.6254858 1.5395929 1.5796392 1.7144762 1.4866337 1.6221559 1.4523005 1.9884465 1.6280612 1.7567102 1.6455288 1.6179229 2.0062434 1.7026882 1.7222273 2.0180204 2.0180204 3.1044601 2.0436643 2.4576579 2.2652526 1.8450229 1.7183841 2.1359219 2.0448799 2.2176137 2.8301325 2.0828509 2.0120529 2.6799574 2.1696819 2.3920163 1.5083793 2.1662295 2.2511026 1.5906646 2.0885031 2.4236309 2.8434980 2.2041348 2.5787264 2.3170095 2.4460011 2.0116212 1.8650137 2.3316922 2.8360289 2.8360289 3.1739520 1.8435098 1.8326167 2.3721369 2.4856178 
Gasp_gasp1.m3.22179.m1                                 1.7349873 1.8318114 1.7263876 1.8861435 1.5924238 1.1811592 1.7554408 2.0013271 2.0032484 1.5945064 1.2478031 1.0620489 1.2579781 1.3210852 1.3051939 1.2938886 1.5047340 1.9800050 1.4534073 1.3306123 2.2987340 2.0496507 1.6264042 1.5146811 1.2935917 1.3103598 1.3509658 1.3533576 1.2206785 1.4069556 0.3398556 0.3238955 0.0000000 0.2267061 0.3432308 0.4336358 0.4411107 0.4411107 1.1373357 1.0148051 1.7203417 1.3567837 2.0181667 2.4014132 1.4304720 2.1151351 1.6361889 2.3142069 1.4881171 2.1726551 2.2584166 2.1395324 2.1395324 2.1577961 1.8526646 1.4082479 1.8476521 1.6852677 1.2239803 1.5697128 1.5849577 1.5440420 1.6546639 1.6465243 1.4980140 1.6734317 1.4772567 1.9358368 1.6003502 1.7243536 1.7090466 1.7160549 1.8549839 1.5486174 1.8147191 2.1270301 2.1270301 3.2164229 2.1230118 2.4675673 2.3831628 1.7795189 1.7372493 2.0842917 1.9634112 2.1522877 2.7344991 2.1222994 2.0785212 2.7867019 2.1786226 2.2378241 1.5348288 2.1440576 2.3715336 1.6569451 2.2075759 2.4661809 3.0565093 2.3124885 2.5355852 2.2970733 2.4634291 2.0021599 1.9011820 2.3779907 2.7876687 2.7876687 3.5416220 1.9277454 1.9163040 2.3346322 2.5318006 
