98
Emue_Em0013g14a.t1                                                 0.0000000 0.0288811 0.1506891 0.1219461 0.1539337 0.7014819 1.2624557 0.6552020 1.1804864 0.9643727 0.5730088 1.3431551 0.9374649 1.4882735 1.5105441 1.4203407 1.2494290 1.5117022 1.4814215 1.4822177 1.5887170 1.5259190 1.5465291 1.5725856 1.5725856 1.5522485 1.5192745 1.3955609 0.9679949 1.6678957 2.0198003 1.2174156 1.5082889 1.3903987 1.6187584 1.4837632 1.4552159 1.7366494 1.5363502 1.5288250 1.4725177 1.4561130 1.6275473 1.9107042 1.8308639 1.8308639 1.8166896 1.7661931 1.6354027 1.6111047 1.4060452 1.3148528 1.6630888 1.4917484 1.4432439 1.3911223 1.6208950 1.6208950 1.8042112 1.8042112 1.9136098 1.3034718 2.8538691 1.7462847 1.8183246 1.9344899 1.4956978 1.4956978 1.1686951 1.2552869 1.8298274 1.7414494 1.7189003 1.7293939 1.7201184 1.7703233 1.5992781 2.0987969 1.7485571 1.7002333 1.2062669 1.9962083 1.6879746 2.0148759 1.5983963 3.9132199 3.4748507 2.0932008 3.9392539 3.6623192 3.6751843 2.8442627 2.7900501 3.5143647 3.4657646 2.8049965 2.1735381 2.3174005 
Emue_Em0013g22a.t1                                                 0.0288811 0.0000000 0.1749126 0.1212870 0.1539337 0.5544580 0.8825309 0.4453249 0.8933849 0.5122846 0.5116361 1.0681644 0.9809910 1.1019551 1.1007457 1.1844298 1.0193412 1.2079860 0.9534090 0.9740425 1.1009287 1.0081910 1.0140853 0.9622074 0.9622074 0.9791547 0.9913196 0.9380926 1.1906476 1.3496934 2.0198003 1.2018851 1.1666062 1.0386781 1.1190625 1.1389594 1.1080031 1.3234529 1.0962674 1.0612995 1.0020635 1.0301760 1.6275473 1.6341545 1.5705462 1.5705462 1.5008278 1.5008278 1.5008278 1.5008278 1.4237933 1.4237933 1.5008278 1.4605451 1.4235284 1.4237933 1.6057046 1.6057046 1.6057046 1.6057046 1.5861538 1.2769531 1.7248875 1.3024945 1.5299444 1.6642288 1.2704583 1.2704583 0.9719075 0.8207503 1.2543147 1.2441004 1.2749046 1.2744147 1.2229736 1.3062746 1.3062746 1.5070371 1.3469362 1.3238286 1.2104515 2.6977155 1.4827475 2.3303897 1.7572145 3.8974230 8.9999987 3.1538392 4.1925861 2.7851619 2.7851619 2.7414921 2.7414921 3.6822267 3.6822267 2.6919138 1.5194411 2.2925149 
Spolac_c99371_g2_i1_m.19513c99371-g2                               0.1506891 0.1749126 0.0000000 0.0164612 0.2440966 0.4530796 0.7220652 0.5727894 0.8034812 0.6224754 0.4361316 0.8276333 0.7493448 0.8918911 0.9397980 0.9630116 0.8008325 0.9209154 0.9547093 0.9420844 0.9394151 0.9736914 0.9718843 0.9007325 0.9007325 0.9948735 0.9705020 0.8849782 0.9901502 1.1725452 2.7216383 1.0721481 0.9685820 0.9366193 1.0522195 0.9970530 0.9854682 0.9630283 1.1229883 1.0728719 1.0111263 1.0171091 1.4082501 1.3958603 1.4238727 1.4238727 1.4209576 1.4209576 1.4209576 1.4209576 1.3154743 1.1944392 1.4209576 1.4209576 1.3055470 1.2871080 1.3523106 1.3523106 1.3523106 1.3523106 1.4079742 1.0400849 1.8160989 1.2347379 1.3515636 1.4487074 1.2478385 1.2478385 0.8613531 0.7737399 1.1503846 1.0853389 1.1181600 1.1184522 1.0794299 1.1254651 1.1142444 1.3723298 1.2208197 1.2863423 1.2259190 1.1971807 1.0930710 0.7970800 1.6309717 2.6776628 2.0763119 3.4105003 3.6527171 2.9874654 3.0160815 2.8605492 2.8209894 3.1628209 3.1300593 2.3949255 1.6843635 1.7698278 
Spolac_c99371_g2_i2_m.19514c99371-g2                               0.1219461 0.1212870 0.0164612 0.0000000 0.3180897 0.4770542 0.8011484 0.5727894 0.8333011 0.6258131 0.5150914 0.8522246 0.8551894 0.9572320 0.9911266 1.0112637 0.8428078 1.0186652 0.9330159 0.9243885 0.9964025 0.9735553 0.9655893 0.9007325 0.9007325 0.9979738 0.9952827 0.8974972 0.9901502 1.2150330 2.0284940 1.0721481 0.9723367 0.9669981 1.0702198 1.0236770 1.0004336 1.0969989 1.1365124 1.0643888 0.9827742 0.9894477 1.5988471 1.4886220 1.4876474 1.4876474 1.5007992 1.5007992 1.5007992 1.5007992 1.4140305 1.3321110 1.5007992 1.5007992 1.4591440 1.4078244 1.4287191 1.4287191 1.4287191 1.4287191 1.5043585 1.2813166 1.9134245 1.3313544 1.4682091 1.5346581 1.2775152 1.2775152 0.8795134 0.7737399 1.1845278 1.1154405 1.1426652 1.1429281 1.1107357 1.1392123 1.1292852 1.4795306 1.2670916 1.3081327 1.2307666 1.1533329 1.1495395 0.7970800 1.6309717 3.0202466 2.0763119 2.9843911 3.9581678 2.9390325 2.9648039 2.8260446 2.7920718 3.5331070 3.5144865 2.8108874 1.6843635 2.1262081 
Emue_Em0573g6a.t1                                                  0.1539337 0.1539337 0.2440966 0.3180897 0.0000000 0.9030011 1.0434050 0.0000010 1.2099833 0.8602481 1.6798452 1.5013970 1.4572454 1.5350028 1.5702297 1.6232328 1.4557833 1.6481764 1.4911809 1.5008831 1.4738276 1.5960402 1.7205056 1.3192319 1.3192319 1.4988336 1.4412841 1.3034399 1.1026323 1.7900401 3.0617010 0.0000010 1.6348396 1.2724808 1.4752192 1.7438946 1.6695537 3.6806944 1.4957250 1.4432084 1.3625924 1.3440059 2.2926638 2.4156290 2.4196704 2.4196704 2.1087826 2.1087826 2.1087826 2.1087826 2.1087826 2.1087826 2.1087826 2.1087826 2.1087826 2.1087826 2.3722698 2.3722698 2.3722698 2.3722698 2.0541484 1.7105159 2.0541484 1.7333994 1.7860924 2.0407061 1.6037201 1.6037201 1.4442688 0.0000010 1.8877006 1.8513615 1.9094292 1.9094292 1.8966843 1.8903246 1.8903246 2.0315831 1.8078902 1.6405207 1.6780409 1.0101257 2.5748243 0.0000010 3.9393468 4.1996293 0.0000010 1.1063567 5.3950207 2.8002391 2.8002391 2.8002391 2.8002391 4.4419039 4.4419039 2.7496279 1.5187050 4.7214249 
Tetwil_g23459.t1                                                   0.7014819 0.5544580 0.4530796 0.4770542 0.9030011 0.0000000 0.9671812 0.4806907 0.9327590 0.5571118 0.3986127 1.2382203 0.9360196 1.4563487 1.5184010 1.3455565 1.2099859 1.4179166 1.3246247 1.3425441 1.3626529 1.3313190 1.3322541 1.3629342 1.3629342 1.3917697 1.4131147 1.2953230 1.1710443 1.4274794 2.3466102 1.1276632 1.3718331 1.3330123 1.4940547 1.3093695 1.2917835 1.5292033 1.4723557 1.5037542 1.3645263 1.3548615 1.7641738 1.9823413 1.8896636 1.8896636 1.9933458 1.9933458 1.8164460 1.7990922 1.5596984 1.4415573 1.8607134 1.7094446 1.6054573 1.5143341 1.7471823 1.7471823 1.9494073 1.9494073 1.9936231 1.4230953 2.4322337 1.7594472 1.8579945 1.9688426 1.7895466 1.7895466 0.9999608 0.9659390 1.6639843 1.6248657 1.6121464 1.6173651 1.6475994 1.7657985 1.5587732 1.8401605 1.7292203 1.7576031 1.2221245 1.7576306 1.5222376 1.7597595 1.8982060 3.5350649 2.7862447 0.9800528 4.0551611 3.3181854 3.3011738 2.8128984 2.7854593 3.3673506 3.3534176 3.2527431 2.4941367 2.4446383 
Aque_Aqu2.1.40700_001                                              1.2624557 0.8825309 0.7220652 0.8011484 1.0434050 0.9671812 0.0000000 0.4513536 0.4392987 1.3155537 0.8176068 1.5691082 1.0567627 1.6616907 1.6783374 1.5354096 1.4724629 1.8432586 1.5601988 1.5459693 1.6096697 1.5782629 1.5923037 1.6309616 1.6309616 1.6465916 1.5810349 1.5224209 0.9091100 1.6952561 3.0166422 1.2560423 1.6541590 1.6281117 1.8067956 1.6574539 1.6763010 1.8140869 1.6709464 1.6952413 1.7017219 1.6837074 1.6634820 2.0121608 2.0061580 2.0061580 2.1682919 2.1016088 1.9476321 1.9171931 1.6747964 1.5083842 2.0059153 1.8050624 1.7194676 1.6231071 1.8048374 1.8048374 2.0464607 2.0464607 2.2150011 1.5754944 3.3476043 1.8562881 1.9698452 2.0915394 1.7896342 1.7896342 1.3579195 1.4875580 1.8551672 1.8855685 1.8809517 1.8861736 1.8642036 1.7984262 1.6150370 1.9633361 1.9083891 1.7814550 1.2778827 2.0180502 1.7484154 2.0072349 2.1439416 3.7632177 3.9333629 2.7057041 4.4869068 3.6403305 3.6405010 3.3104266 3.2530881 3.8819421 3.8230806 3.3715247 2.3940363 2.5727199 
Xestes_augustus_masked-XT_scaffold142886-processed-gene-0.1-mRNA-1 0.6552020 0.4453249 0.5727894 0.5727894 0.0000010 0.4806907 0.4513536 0.0000000 0.4731789 0.7911971 0.5214459 0.9307062 0.7324815 1.0013141 0.9994533 1.0553725 0.8601502 1.2349808 1.0962807 1.0786155 1.0654902 1.0867469 1.0753245 1.0916728 1.0916728 1.1046894 1.0580674 1.0898873 0.8540960 1.1392810 0.0000010 1.0725703 0.9827288 1.0224024 1.1085855 0.9853080 0.9637142 1.0380001 1.0529508 1.0649876 1.1118957 1.1538788 2.3591955 1.6056773 1.6363580 1.6363580 1.7861044 1.7861044 1.7861044 1.7861044 1.5145664 1.1213811 1.7861044 1.7861044 1.2101752 1.3822142 1.6489580 1.6489580 1.6489580 1.6489580 1.7585484 0.0000010 3.4961645 1.6598712 1.7900151 1.7428242 1.5593095 1.5593095 0.8745968 0.8575800 1.0678032 1.0765273 1.0763393 1.0777211 1.0733050 1.1059923 1.1029132 1.3282337 1.2118529 1.3184733 1.0232845 1.0140193 0.9677141 0.9174671 1.8237482 2.9543156 2.4727332 4.4880824 4.4207561 3.5211917 3.6216498 3.0023795 2.8213839 3.0023795 2.8213839 2.8907139 2.1215116 1.4258409 
Halamb_c48772_g1_i1mm.2781                                         1.1804864 0.8933849 0.8034812 0.8333011 1.2099833 0.9327590 0.4392987 0.4731789 0.0000000 1.1410373 0.8259066 1.4180504 1.0857953 1.5203588 1.5315312 1.5650449 1.3082614 1.7026532 1.5627001 1.5588365 1.6260884 1.5789949 1.5984671 1.6176790 1.6176790 1.6237653 1.5385542 1.5175206 0.9428676 1.6684924 3.3402419 1.2580255 1.4633189 1.4379538 1.6633818 1.5405715 1.5587313 1.6426597 1.5990479 1.5960409 1.5967862 1.5688050 1.4950782 1.8198508 1.8328082 1.8328082 1.9672320 1.8814649 1.7764057 1.7722537 1.6014710 1.4556229 1.8217294 1.7635606 1.6220535 1.5577064 1.6340491 1.6340491 1.8193716 1.8193716 2.0029040 1.3568859 3.0196366 1.7637465 1.9114196 1.9726269 1.5897678 1.5897678 1.2601624 1.4264018 1.5016001 1.5620224 1.5538895 1.5550759 1.5623003 1.5632000 1.4141304 1.8987326 1.8745703 1.7024054 1.3634761 1.9083506 1.6750452 1.8258626 2.3563432 3.4848476 3.3812451 2.5341815 4.4174491 3.5909470 3.6070902 3.5189164 3.4526570 3.9974990 3.9268345 3.6126091 2.5232665 2.4805413 
Stycar_maker-SC_scaffold4665-snap-gene-0.117-mRNA-1                0.9643727 0.5122846 0.6224754 0.6258131 0.8602481 0.5571118 1.3155537 0.7911971 1.1410373 0.0000000 0.1926442 1.4815558 0.8730979 1.8220535 1.7715793 1.6099854 1.5088480 1.8817300 1.4831520 1.5041151 1.6179394 1.6017495 1.5792594 1.6461165 1.6461165 1.6544108 1.6334608 1.5522303 0.9848336 1.6164250 2.1391629 1.3904929 1.6240196 1.5352763 1.7492737 1.6811484 1.6241319 2.0229131 1.8128450 1.8080552 1.6645769 1.6297861 1.5490702 2.1408871 1.9590759 1.9590759 2.0105272 1.9340629 1.8226079 1.8083544 1.3975838 1.2663922 1.8874860 1.6711940 1.4708619 1.3250503 1.8300467 1.8300467 2.0624872 2.0624872 2.0546801 1.3613702 2.7715651 1.8736325 1.9844114 2.1542269 1.7318669 1.7318669 1.3701173 1.6835324 2.0131022 1.9411898 1.9223587 1.9197390 1.9759478 1.9401948 1.7679045 2.2260416 2.0667242 1.8800246 1.2519568 2.4202773 1.9257746 2.8141497 1.9527675 4.6392975 3.9545601 1.7363051 4.1614709 3.8084959 3.7694754 2.7021703 2.6972384 3.1091831 3.1038259 3.0799979 2.9069753 2.4643083 
Stycar_augustus_masked-SC_scaffold4665-processed-gene-0.17-mRNA-1  0.5730088 0.5116361 0.4361316 0.5150914 1.6798452 0.3986127 0.8176068 0.5214459 0.8259066 0.1926442 0.0000000 0.9983553 0.8499732 1.0576335 0.9044550 1.0736229 0.9446709 1.1735266 0.9878904 0.9727191 0.9309434 0.9894396 1.0497205 0.9193858 0.9193858 1.0866824 1.0470739 1.0078487 0.8884546 1.1379654 3.2956573 0.8292751 1.0119396 1.1219001 1.2724380 1.1052350 1.1025589 1.1379087 1.2054717 1.3082096 1.0796114 1.1405365 1.5696002 1.4517485 1.3160827 1.3160827 1.4786119 1.4786119 1.4786119 1.4786119 1.4786119 1.2732518 1.4786119 1.4786119 1.4397329 1.3472699 1.2824646 1.2824646 1.2824646 1.2824646 1.3497803 0.9664058 2.0591210 1.2496771 1.4823618 1.4932107 1.3251123 1.3251123 0.9024580 0.6548755 1.1287058 1.1491272 1.1639269 1.1634034 1.1206976 1.1655717 1.1621594 1.3730308 1.2138202 1.3565715 1.2359778 1.6494354 0.9952265 2.2891074 2.0486863 3.2161041 4.3044063 3.3427680 4.0736369 2.8203965 2.8181661 2.7191306 2.7156733 2.8902739 2.8969729 3.0043248 1.8171908 1.6633869 
Bralan_BLAG03001272_1                                              1.3431551 1.0681644 0.8276333 0.8522246 1.5013970 1.2382203 1.5691082 0.9307062 1.4180504 1.4815558 0.9983553 0.0000000 0.4978567 0.9257238 0.8236677 0.8897990 0.7388916 0.9244868 0.9441692 0.9448566 1.0393648 0.9705130 0.9496346 1.0609202 1.0609202 1.0375727 0.9692605 0.9686298 0.9071979 1.4275414 1.7879165 1.1347524 0.8280271 0.8867565 1.3841390 1.3126397 1.3484533 1.5742001 1.3300906 1.3707023 1.1047415 1.1330423 1.3879829 1.6549706 1.6167462 1.6167462 1.6917401 1.6422470 1.4803166 1.4537046 1.2198637 1.1743734 1.5317851 1.3544434 1.3866686 1.2490772 1.4541327 1.4541327 1.6402450 1.6402450 1.7135284 1.3188386 2.5064993 1.5237687 1.6534128 1.7162403 1.2895655 1.2895655 1.4738050 1.6444726 1.5073993 1.4663829 1.4402547 1.4447009 1.4311994 1.4538806 1.3431920 1.8542232 1.7326018 1.5979775 1.1286750 1.8784032 1.5300407 1.0124846 1.9701489 3.1165191 3.1147916 2.8945703 3.5120711 3.3624565 3.4280559 2.8938427 2.7841902 3.4535975 3.3222621 3.0726383 2.1219489 2.0899590 
Acagra_model.g1177.t1                                              0.9374649 0.9809910 0.7493448 0.8551894 1.4572454 0.9360196 1.0567627 0.7324815 1.0857953 0.8730979 0.8499732 0.4978567 0.0000000 0.3748947 0.5525006 0.5708053 0.4624938 0.6161308 0.6254635 0.6198777 0.6321731 0.6129524 0.6675028 0.5816895 0.5816895 0.6508208 0.5792888 0.5527830 0.9249089 1.0137125 1.5505153 0.8641077 0.6379950 0.5833350 0.8634210 0.8438357 0.8248958 1.0264077 0.8619880 0.8683969 0.6199125 0.6747114 1.3826641 1.3700875 1.3053065 1.3053065 1.3477605 1.3499453 1.3499453 1.3499453 1.3101712 1.3101712 1.3477605 1.3169598 1.3203029 1.3077454 1.3607846 1.3607846 1.3591068 1.3591068 1.3600474 1.3466789 1.7429039 1.0529938 1.2471455 1.2412719 1.0679908 1.0679908 1.2244341 0.9122208 0.9509193 0.9463121 0.9590502 0.9587085 0.9342136 0.9869776 0.9869776 1.2046200 1.1408125 1.2424226 1.0019004 1.0147037 0.8894908 1.2049811 1.7498256 2.9756370 1.0133577 2.7284980 3.6091833 2.6337282 2.7279454 2.7987707 2.6992729 3.6970223 3.5784341 3.2267660 1.5005895 1.8178201 
Cgig_XM_011433418.3                                                1.4882735 1.1019551 0.8918911 0.9572320 1.5350028 1.4563487 1.6616907 1.0013141 1.5203588 1.8220535 1.0576335 0.9257238 0.3748947 0.0000000 1.0095832 0.9240035 0.8954050 1.0660544 1.1362632 1.1393821 1.1680752 1.1581896 1.1944147 1.2752476 1.2752476 1.2640862 1.1543633 1.0675362 0.9223108 1.4346203 2.0075723 1.1362478 1.0095000 1.0751713 1.5221483 1.4505696 1.4640612 1.7456409 1.5122219 1.4981516 1.2231235 1.2627487 1.3479665 1.8136190 1.7358476 1.7358476 1.8677593 1.7660297 1.5903547 1.5831282 1.3073091 1.2194673 1.6470727 1.4565521 1.3417757 1.3055927 1.5350562 1.5350562 1.7059567 1.7059567 1.8696556 1.2592470 2.4532746 1.6610650 1.6547586 1.8519068 1.3523270 1.3523270 1.6131054 1.7216229 1.6907155 1.6112199 1.6494102 1.6533844 1.6485902 1.6390755 1.4915663 2.1143595 1.8598356 1.7523428 1.1604020 1.8568186 1.5309974 1.0807472 1.6270567 3.3497944 2.9667326 3.1871099 3.9769713 3.3544204 3.3652027 2.6414260 2.5915413 3.1658290 3.1146478 2.9184223 2.1913829 1.8292554 
Cscu_XM_023369905.1                                                1.5105441 1.1007457 0.9397980 0.9911266 1.5702297 1.5184010 1.6783374 0.9994533 1.5315312 1.7715793 0.9044550 0.8236677 0.5525006 1.0095832 0.0000000 0.9602305 0.8687297 0.8970878 1.1880789 1.2041504 1.2481407 1.1637193 1.2186376 1.2489838 1.2489838 1.2452453 1.1814871 1.1549337 0.8461651 1.5946703 2.5345988 1.2916311 0.9743352 1.0798735 1.5791700 1.4884102 1.4948931 1.6710030 1.4824276 1.5052135 1.3212787 1.3149351 1.3779274 1.6869309 1.6545461 1.6545461 1.8001817 1.7253150 1.5519350 1.5402555 1.2514666 1.1672368 1.5968855 1.3823893 1.3263228 1.2272051 1.3801807 1.3801807 1.6126411 1.6126411 1.7546630 1.2454414 2.3762635 1.6602899 1.6947344 1.8420552 1.4044255 1.4044255 1.7361122 1.9059160 1.7211953 1.6357860 1.5928205 1.5905930 1.6398495 1.6771903 1.4681245 2.0417937 1.8896866 1.7995978 1.1720627 1.9095167 1.4896483 1.2117677 1.9154014 3.2945391 3.2935234 3.1918136 4.0175276 3.1502515 3.2188277 2.5434091 2.4775926 2.9856640 2.9140289 2.8815954 2.1737801 1.9180147 
Ctel_gnl_WGS_AMQN_CAPTEDRAFT_mRNA178164                            1.4203407 1.1844298 0.9630116 1.0112637 1.6232328 1.3455565 1.5354096 1.0553725 1.5650449 1.6099854 1.0736229 0.8897990 0.5708053 0.9240035 0.9602305 0.0000000 0.9314964 0.9871262 1.1026960 1.1100697 1.1617561 1.1177511 1.1425136 1.1915569 1.1915569 1.1929275 1.0914619 1.0749073 0.9137750 1.5091075 1.9425333 1.3216139 0.9861955 1.0443598 1.5377743 1.4539753 1.4495769 1.7009011 1.4329125 1.4552494 1.3372707 1.3786735 1.5578256 1.9942643 1.9577140 1.9577140 2.0395703 1.9694504 1.7509134 1.7175748 1.4748085 1.4293488 1.8248449 1.6033237 1.6085951 1.5243475 1.7090880 1.7090880 1.9765687 1.9765687 2.0535131 1.4452177 2.5895284 1.7716179 1.9008604 1.9313870 1.4924520 1.4924520 1.6411577 1.7440178 1.5451121 1.4984302 1.5041514 1.5054888 1.4994816 1.5527962 1.4417939 1.9017436 1.6981571 1.7109386 1.1429348 1.7599108 1.4439624 1.1114388 1.7360463 3.3009523 3.4496028 3.0340817 3.8511810 3.5056056 3.5123393 2.9705603 2.9106813 3.2945179 3.2310682 3.0774730 2.3753452 1.9136867 
Skow_XM_006817836.1                                                1.2494290 1.0193412 0.8008325 0.8428078 1.4557833 1.2099859 1.4724629 0.8601502 1.3082614 1.5088480 0.9446709 0.7388916 0.4624938 0.8954050 0.8687297 0.9314964 0.0000000 0.9156757 0.9087108 0.9081316 0.9838377 0.9550969 0.9608264 0.9943071 0.9943071 1.0134370 0.9629791 0.9042849 0.8779726 1.4456561 2.0390773 1.1103508 0.8326533 0.8094695 1.3042362 1.2095275 1.2153657 1.3716599 1.3168264 1.4106148 1.1618185 1.1586353 1.4391889 1.7171294 1.7355922 1.7355922 1.7786528 1.7238226 1.5964521 1.5728507 1.2683137 1.2377077 1.6407269 1.4130650 1.4005580 1.3301543 1.5473127 1.5473127 1.6807996 1.6807996 1.7909404 1.4043467 2.4730556 1.5696776 1.6860668 1.7382899 1.4359252 1.4359252 1.3983546 1.4881148 1.5214445 1.4946070 1.4972373 1.4937222 1.4929224 1.4616293 1.3831072 1.8622149 1.7478189 1.5665249 1.1282522 1.6624236 1.3524172 1.0030830 1.7290753 3.2735094 3.0382063 3.3123427 3.8914650 3.3080928 3.3376954 2.7882289 2.7146466 3.2823744 3.2013722 2.8046878 2.1891990 1.9519318 
Tcas_TC011759_001                                                  1.5117022 1.2079860 0.9209154 1.0186652 1.6481764 1.4179166 1.8432586 1.2349808 1.7026532 1.8817300 1.1735266 0.9244868 0.6161308 1.0660544 0.8970878 0.9871262 0.9156757 0.0000000 1.1067218 1.0829058 1.1726406 1.1096802 1.1354785 1.1759232 1.1759232 1.1971085 1.0724729 1.0768177 0.9093822 1.6606287 2.3837484 1.3340085 1.0062422 1.0235380 1.4521905 1.3506419 1.3433169 1.6244003 1.3776874 1.3978317 1.2092289 1.2510015 1.3453993 1.5902238 1.5173374 1.5173374 1.6733169 1.6188021 1.4143060 1.3984686 1.2952841 1.1976519 1.4358989 1.3424347 1.2628843 1.2786817 1.4020685 1.4020685 1.5762893 1.5762893 1.6414484 1.2453033 2.1269589 1.4930389 1.5977189 1.6077518 1.2303688 1.2303688 1.7347849 1.9113574 1.5946637 1.5427727 1.5437068 1.5332948 1.5524741 1.5087010 1.3641721 1.9827766 1.8104657 1.6246156 1.1636226 1.9557279 1.5550701 1.3281763 1.7997668 2.9850397 2.7906508 3.0057653 3.6799773 3.2198354 3.2204674 2.6384219 2.5878605 3.1071942 3.0548275 2.8618515 2.1309358 1.8723192 
Spis_XP_022792940_1                                                1.4814215 0.9534090 0.9547093 0.9330159 1.4911809 1.3246247 1.5601988 1.0962807 1.5627001 1.4831520 0.9878904 0.9441692 0.6254635 1.1362632 1.1880789 1.1026960 0.9087108 1.1067218 0.0000000 0.0392963 0.1190409 0.1258182 0.1115771 0.1781669 0.1781669 0.1918067 0.4869034 0.4745375 0.8756316 1.3989469 1.4729643 1.2776903 1.0091272 1.0736357 1.1749647 1.1398758 1.1366088 1.3703444 1.2024322 1.2204854 0.9285516 0.9853763 1.3343249 1.6730593 1.6299669 1.6299669 1.7098490 1.6273455 1.5128467 1.4690401 1.2457584 1.1580032 1.5253243 1.3597163 1.2529647 1.2338327 1.5473078 1.5473078 1.6882066 1.6882066 1.7299123 1.2223976 2.4669343 1.5179670 1.6548121 1.7423422 1.3740357 1.3740357 1.4804010 1.6457504 1.5276722 1.4821406 1.4826120 1.4874918 1.5163844 1.5126127 1.3970815 1.9351872 1.9287262 1.7394028 1.1921290 1.8386931 1.4732244 1.4988017 1.8157584 3.5328208 3.2091909 2.7516849 3.9055186 3.2634081 3.2844195 2.6605726 2.5687059 3.0867353 2.9798431 2.9730648 2.3923063 1.7336821 
Pocdam_XM_027199548.1                                              1.4822177 0.9740425 0.9420844 0.9243885 1.5008831 1.3425441 1.5459693 1.0786155 1.5588365 1.5041151 0.9727191 0.9448566 0.6198777 1.1393821 1.2041504 1.1100697 0.9081316 1.0829058 0.0392963 0.0000000 0.1215777 0.1383513 0.1122580 0.1881344 0.1881344 0.2049701 0.4918520 0.4756083 0.8575006 1.4207325 1.4659601 1.2809676 0.9996583 1.0797366 1.2062651 1.1222768 1.1277979 1.3507892 1.1936107 1.2074231 0.9312896 0.9928099 1.3078206 1.6809812 1.6441989 1.6441989 1.7417576 1.6607244 1.5350292 1.4729597 1.2323371 1.1269050 1.5475773 1.3483426 1.2205982 1.2084653 1.5258287 1.5258287 1.6946312 1.6946312 1.7507598 1.2241164 2.4194616 1.5355153 1.6862829 1.7430129 1.3711800 1.3711800 1.4734182 1.6335255 1.5294193 1.4837950 1.4819806 1.4868695 1.5230792 1.5241482 1.4112492 1.9693363 1.9626782 1.7263956 1.1992048 1.9000729 1.4960497 1.5010369 1.8077894 3.5276051 3.2732446 2.7893037 3.8736144 3.3280923 3.3488091 2.6414823 2.5495350 3.0523737 2.9452628 2.9309035 2.4004565 1.7276168 
Gasp_gasp1.m3.30727.m1                                             1.5887170 1.1009287 0.9394151 0.9964025 1.4738276 1.3626529 1.6096697 1.0654902 1.6260884 1.6179394 0.9309434 1.0393648 0.6321731 1.1680752 1.2481407 1.1617561 0.9838377 1.1726406 0.1190409 0.1215777 0.0000000 0.1562486 0.1054296 0.1733433 0.1733433 0.2204010 0.5405658 0.5652955 0.8667425 1.4991298 2.4387811 1.2918561 1.0831013 1.0911703 1.3114544 1.2408894 1.2330910 1.3407405 1.2875432 1.2900955 0.9838648 1.0607282 1.3676030 1.7312282 1.7525744 1.7525744 1.8281613 1.7389721 1.6055388 1.5436645 1.3425415 1.2294803 1.6193928 1.4285760 1.3683665 1.3238741 1.5939367 1.5939367 1.7455121 1.7455121 1.8196544 1.3694407 2.7939794 1.5605140 1.7385331 1.7707319 1.5018522 1.5018522 1.5731680 1.6452030 1.6806896 1.6099351 1.5934189 1.5988197 1.6552641 1.6706147 1.5263536 1.8838967 1.9625888 1.7726828 1.3092383 1.9219762 1.4561797 1.5286360 1.7821580 3.3537089 3.1538316 2.8171189 3.9543129 3.2966145 3.3243119 2.5608108 2.4566942 2.6599803 2.5481175 2.3714143 2.4577790 1.6158614 
Gfas_gfas1.m1.2480.m1                                              1.5259190 1.0081910 0.9736914 0.9735553 1.5960402 1.3313190 1.5782629 1.0867469 1.5789949 1.6017495 0.9894396 0.9705130 0.6129524 1.1581896 1.1637193 1.1177511 0.9550969 1.1096802 0.1258182 0.1383513 0.1562486 0.0000000 0.1236677 0.1502197 0.1502197 0.1622594 0.4882549 0.4936826 0.8644187 1.4795024 1.4923716 1.3413466 1.0318306 1.0688753 1.1723437 1.1719712 1.1414155 1.3495060 1.2203322 1.2541839 0.9404870 0.9814858 1.3606036 1.7025920 1.6507570 1.6507570 1.7307051 1.6487203 1.5525745 1.4959969 1.2781813 1.1742532 1.5599875 1.3783216 1.2738021 1.2552122 1.5022648 1.5022648 1.6590687 1.6590687 1.7424638 1.2658668 2.4882697 1.5674203 1.6693996 1.7512515 1.4118707 1.4118707 1.5127401 1.6779802 1.5499455 1.4784273 1.4880891 1.4928669 1.5196826 1.5435227 1.4157352 1.9682722 1.8982308 1.7428820 1.2042511 1.9353210 1.5198742 1.5155573 1.7638843 3.4807035 2.9889176 2.7329831 3.9415292 3.1967224 3.2179386 2.6595942 2.5680227 3.0632394 2.9563413 2.9428114 2.4349555 1.6521017 
Fspp_ffun1.m4.3824.m1                                              1.5465291 1.0140853 0.9718843 0.9655893 1.7205056 1.3322541 1.5923037 1.0753245 1.5984671 1.5792594 1.0497205 0.9496346 0.6675028 1.1944147 1.2186376 1.1425136 0.9608264 1.1354785 0.1115771 0.1122580 0.1054296 0.1236677 0.0000000 0.1818310 0.1818310 0.1904250 0.5097709 0.5003538 0.9553482 1.4636137 1.5610667 1.2846251 1.0277403 1.0816575 1.2090985 1.1559982 1.1398715 1.3709528 1.2477742 1.2738638 0.9643708 1.0020052 1.3284215 1.6645599 1.6431706 1.6431706 1.7029002 1.6250278 1.5049549 1.4426155 1.2417945 1.1228327 1.5141511 1.3317014 1.2092078 1.2095787 1.5124528 1.5124528 1.6748137 1.6748137 1.7288107 1.2476209 2.5396793 1.5133357 1.6598027 1.7129036 1.4107112 1.4107112 1.5173622 1.6905263 1.6255840 1.5596262 1.5361550 1.5412935 1.6148234 1.6096640 1.4749145 2.0227152 2.0053431 1.8344056 1.2870710 1.8863206 1.5453104 1.4667512 1.4542098 3.4502380 3.0320030 2.7131098 4.1494153 3.2387037 3.2570650 2.5729981 2.4815324 2.9525055 2.8456748 2.7435228 2.5099392 1.8490203 
Amil_Amillepora03446-RA                                            1.5725856 0.9622074 0.9007325 0.9007325 1.3192319 1.3629342 1.6309616 1.0916728 1.6176790 1.6461165 0.9193858 1.0609202 0.5816895 1.2752476 1.2489838 1.1915569 0.9943071 1.1759232 0.1781669 0.1881344 0.1733433 0.1502197 0.1818310 0.0000000 0.0000010 0.0226509 0.5548745 0.5472360 0.8803418 1.5378716 1.6860199 1.3340037 1.1539859 1.1678046 1.2032884 1.2502169 1.2229368 1.2571004 1.2963253 1.2870693 0.9985129 1.0794819 1.0225244 1.6257019 1.6194163 1.6194163 1.7416868 1.6502169 1.4859436 1.4343720 1.1560665 1.0021057 1.4947678 1.3069934 1.0882190 1.1106271 1.4768540 1.4768540 1.6548785 1.6548785 1.6977699 0.9495144 2.6582962 1.5315873 1.6667571 1.7653457 1.3523753 1.3523753 1.4932775 1.6237704 1.6825005 1.5867791 1.5721637 1.5777604 1.6430111 1.6239364 1.4968246 2.0006250 1.9285493 1.7355099 1.2668913 1.9182085 1.4718566 1.5923539 1.6866728 3.3737602 3.0426630 2.8639771 3.7649296 3.2963229 3.3230262 2.4694840 2.3500935 2.6542278 2.5283064 1.9457896 2.4132037 1.0754305 
Amil_Amillepora03405-RA                                            1.5725856 0.9622074 0.9007325 0.9007325 1.3192319 1.3629342 1.6309616 1.0916728 1.6176790 1.6461165 0.9193858 1.0609202 0.5816895 1.2752476 1.2489838 1.1915569 0.9943071 1.1759232 0.1781669 0.1881344 0.1733433 0.1502197 0.1818310 0.0000010 0.0000000 0.0226509 0.5548745 0.5472360 0.8803418 1.5378716 1.6860199 1.3340037 1.1539859 1.1678046 1.2032884 1.2502169 1.2229368 1.2571004 1.2963253 1.2870693 0.9985129 1.0794819 1.0225244 1.6257019 1.6194163 1.6194163 1.7416868 1.6502169 1.4859436 1.4343720 1.1560665 1.0021057 1.4947678 1.3069934 1.0882190 1.1106271 1.4768540 1.4768540 1.6548785 1.6548785 1.6977699 0.9495144 2.6582962 1.5315873 1.6667571 1.7653457 1.3523753 1.3523753 1.4932775 1.6237704 1.6825005 1.5867791 1.5721637 1.5777604 1.6430111 1.6239364 1.4968246 2.0006250 1.9285493 1.7355099 1.2668913 1.9182085 1.4718566 1.5923539 1.6866728 3.3737602 3.0426630 2.8639771 3.7649296 3.2963229 3.3230262 2.4694840 2.3500935 2.6542278 2.5283064 1.9457896 2.4132037 1.0754305 
Adig_XM_015904002.1                                                1.5522485 0.9791547 0.9948735 0.9979738 1.4988336 1.3917697 1.6465916 1.1046894 1.6237653 1.6544108 1.0866824 1.0375727 0.6508208 1.2640862 1.2452453 1.1929275 1.0134370 1.1971085 0.1918067 0.2049701 0.2204010 0.1622594 0.1904250 0.0226509 0.0226509 0.0000000 0.5735338 0.5396210 0.8751818 1.5146149 1.4994392 1.4172214 1.1398153 1.1589055 1.2189177 1.2436594 1.2126876 1.3725531 1.2898465 1.2924185 0.9588741 1.0295041 1.2874873 1.7082701 1.7205126 1.7205126 1.8014575 1.7191540 1.5759818 1.5347102 1.3225281 1.1950330 1.5836096 1.4274662 1.2340558 1.2960711 1.5682974 1.5682974 1.7167473 1.7167473 1.7494947 1.2239764 2.4487406 1.5860409 1.7108149 1.8321329 1.4439825 1.4439825 1.5145342 1.7232622 1.6279612 1.5587643 1.5398977 1.5449647 1.6138368 1.5904208 1.4686103 2.0328921 1.9493315 1.7647371 1.2611290 1.9721175 1.5424670 1.5808295 1.8157584 3.4718487 3.0476111 2.7868415 4.0025196 3.4001452 3.4239452 2.7490668 2.6502642 3.1566419 3.0409768 2.8220012 2.5179382 1.6863628 
Exapal_XM_021058228.2                                              1.5192745 0.9913196 0.9705020 0.9952827 1.4412841 1.4131147 1.5810349 1.0580674 1.5385542 1.6334608 1.0470739 0.9692605 0.5792888 1.1543633 1.1814871 1.0914619 0.9629791 1.0724729 0.4869034 0.4918520 0.5405658 0.4882549 0.5097709 0.5548745 0.5548745 0.5735338 0.0000000 0.3032078 0.7972008 1.4406586 1.5976764 1.2918703 1.0458274 1.0918280 1.1677991 1.1262669 1.1325938 1.3127941 1.1642885 1.2246936 0.9527447 0.9436877 1.3645614 1.7499181 1.7195542 1.7195542 1.7926394 1.6891804 1.5767362 1.5629061 1.2928030 1.2044282 1.5972845 1.4011917 1.2512272 1.2905504 1.5253236 1.5253236 1.6580702 1.6580702 1.7598344 1.1604200 2.4240329 1.5177171 1.6604229 1.6732360 1.3938929 1.3938929 1.5088432 1.6621862 1.5489428 1.5071860 1.5012831 1.4996306 1.5416819 1.5990461 1.4509356 2.0166464 1.8710998 1.7125947 1.1462423 2.0936484 1.5716149 1.7068355 1.6841317 3.6697002 3.2189480 3.0813248 4.1822877 3.5434537 3.5647195 2.8549992 2.7841354 3.1898210 3.1090488 2.9185265 2.2397501 1.6195374 
Nvec_v1g160052                                                     1.3955609 0.9380926 0.8849782 0.8974972 1.3034399 1.2953230 1.5224209 1.0898873 1.5175206 1.5522303 1.0078487 0.9686298 0.5527830 1.0675362 1.1549337 1.0749073 0.9042849 1.0768177 0.4745375 0.4756083 0.5652955 0.4936826 0.5003538 0.5472360 0.5472360 0.5396210 0.3032078 0.0000000 0.8076267 1.3943103 1.4656720 1.2208691 1.0283081 1.1119834 1.1815580 1.0779129 1.0708721 1.3210355 1.1669847 1.2237406 0.8954987 0.9047188 1.2770244 1.7597014 1.7342972 1.7342972 1.7841982 1.7083193 1.5737647 1.5129384 1.2781538 1.1858830 1.5932417 1.3758625 1.2224098 1.2499992 1.5186865 1.5186865 1.6809933 1.6809933 1.7580318 1.1334827 2.3874958 1.4750945 1.6531233 1.6687707 1.4059995 1.4059995 1.4465257 1.6291232 1.5767206 1.5075104 1.4984726 1.4982305 1.5416154 1.5904988 1.4631157 1.9890647 1.8047977 1.6123509 1.1192598 1.9671352 1.5244254 1.5651918 1.6963903 3.4078906 3.2636039 2.7888160 3.8661306 3.5111499 3.5323692 2.8021776 2.7119601 3.2165441 3.1105399 2.9481905 2.2179496 1.6105263 
Opea_EP00118_Oscarella_pearsei_P017861                             0.9679949 1.1906476 0.9901502 0.9901502 1.1026323 1.1710443 0.9091100 0.8540960 0.9428676 0.9848336 0.8884546 0.9071979 0.9249089 0.9223108 0.8461651 0.9137750 0.8779726 0.9093822 0.8756316 0.8575006 0.8667425 0.8644187 0.9553482 0.8803418 0.8803418 0.8751818 0.7972008 0.8076267 0.0000000 0.1031054 3.9796179 0.0000010 0.9058306 0.9004487 0.9655868 0.9654801 0.9766303 0.8497577 0.9318131 1.0175235 0.8661047 0.9388023 1.2927247 1.2310985 1.1998313 1.1998313 1.2591584 1.2633281 1.2633281 1.2633281 1.2633281 1.2633281 1.2591584 1.2591584 1.2563919 1.2591584 1.2120886 1.2120886 1.2120886 1.2120886 1.2481376 1.1390520 2.2410371 1.2338893 1.1606516 1.2701277 1.1006099 1.1006099 0.9653161 0.7740831 1.0232163 1.0220043 1.0008506 0.9854022 0.9837967 0.9668589 0.9668589 1.1047370 1.0415976 1.1501535 1.0455649 2.0152829 0.7639032 0.8523148 3.0636844 2.6091025 0.0000010 3.4434333 2.9199669 3.0601010 3.0829334 3.1732411 3.1515525 3.5092484 3.4932976 2.4139742 1.6849889 1.1047346 
Opea_EP00118_Oscarella_pearsei_P017862                             1.6678957 1.3496934 1.1725452 1.2150330 1.7900401 1.4274794 1.6952561 1.1392810 1.6684924 1.6164250 1.1379654 1.4275414 1.0137125 1.4346203 1.5946703 1.5091075 1.4456561 1.6606287 1.3989469 1.4207325 1.4991298 1.4795024 1.4636137 1.5378716 1.5378716 1.5146149 1.4406586 1.3943103 0.1031054 0.0000000 0.0000010 0.0000010 1.3851709 1.4399184 1.5959290 1.5492576 1.5818559 1.7233813 1.7351472 1.7405565 1.4831422 1.4439123 1.6240867 1.9077658 1.7897611 1.7897611 1.8353944 1.7874727 1.7293587 1.7005316 1.5631879 1.3944453 1.7601759 1.6547981 1.4589526 1.4687796 1.7361405 1.7361405 1.7837105 1.7837105 1.8272707 1.3397929 2.6071541 1.7811929 1.8362384 1.9296520 1.5433089 1.5433089 1.6285381 1.7804231 1.6666960 1.6667677 1.6684723 1.6693684 1.6529811 1.6133153 1.5384860 2.0206495 2.0562872 1.9092089 1.2437626 1.4150280 1.2075887 1.8645305 2.8680873 3.6860008 3.0518400 2.8598850 3.8587593 3.6318985 3.6357605 3.1757307 3.1644201 3.5193766 3.5103362 3.0747656 2.5004955 2.2133113 
Ocar_g7329                                                         2.0198003 2.0198003 2.7216383 2.0284940 3.0617010 2.3466102 3.0166422 0.0000010 3.3402419 2.1391629 3.2956573 1.7879165 1.5505153 2.0075723 2.5345988 1.9425333 2.0390773 2.3837484 1.4729643 1.4659601 2.4387811 1.4923716 1.5610667 1.6860199 1.6860199 1.4994392 1.5976764 1.4656720 3.9796179 0.0000010 0.0000000 0.0000010 1.7333896 1.9043805 1.8201815 1.8658759 1.8051707 4.0859920 2.0576611 1.9950722 1.5409832 1.6308166 3.0760106 3.1580600 2.7418157 2.7418157 2.6270768 2.6270768 2.6270768 2.6270768 2.6270768 2.6270768 2.6270768 2.6270768 2.6270768 2.6270768 2.6669665 2.6669665 2.6669665 2.6669665 2.4389332 2.6560163 2.4389332 1.9915541 2.6282857 2.6181848 2.1281135 2.1281135 2.2337215 0.0000010 1.8757305 1.8785664 1.9616174 1.9616174 1.9428618 1.9204211 1.9204211 2.7323054 2.4629094 2.5125526 2.0513731 1.6162670 4.9423068 0.0000010 0.0000010 8.9999985 0.0000010 0.7085327 6.0474496 3.6349898 3.6349898 3.6349898 3.6349898 6.7277997 6.7277997 4.8854076 7.6460479 4.5122216 
Ocar_g7330                                                         1.2174156 1.2018851 1.0721481 1.0721481 0.0000010 1.1276632 1.2560423 1.0725703 1.2580255 1.3904929 0.8292751 1.1347524 0.8641077 1.1362478 1.2916311 1.3216139 1.1103508 1.3340085 1.2776903 1.2809676 1.2918561 1.3413466 1.2846251 1.3340037 1.3340037 1.4172214 1.2918703 1.2208691 0.0000010 0.0000010 0.0000010 0.0000000 1.2068471 1.2002951 1.3671914 1.2433547 1.2299919 1.3063276 1.4147577 1.4754999 1.1210273 1.1816509 0.0000010 1.9199698 1.8182541 1.8182541 1.8611681 1.8613593 1.8613593 1.8613593 1.6111853 1.0632017 1.8611681 1.7647985 0.9232058 1.3284830 1.9014951 1.9014951 1.9014951 1.9014951 1.7838727 0.0000010 7.6866554 1.9187517 1.9281444 1.9095887 1.7571604 1.7571604 1.2738646 1.2738646 1.3833240 1.4025925 1.3600437 1.3617221 1.3569817 1.3914714 1.3842400 1.9085960 1.9935372 2.0195559 1.2071219 0.9303493 0.8564902 1.2467984 0.9439203 3.2688263 2.1491699 3.6243489 3.8102445 3.9754436 3.9803089 3.8593158 3.8442809 3.8593158 3.8442809 3.5014307 2.6273828 1.0134532 
Hsap_ENST00000359653                                               1.5082889 1.1666062 0.9685820 0.9723367 1.6348396 1.3718331 1.6541590 0.9827288 1.4633189 1.6240196 1.0119396 0.8280271 0.6379950 1.0095000 0.9743352 0.9861955 0.8326533 1.0062422 1.0091272 0.9996583 1.0831013 1.0318306 1.0277403 1.1539859 1.1539859 1.1398153 1.0458274 1.0283081 0.9058306 1.3851709 1.7333896 1.2068471 0.0000000 0.9413145 1.4374698 1.4561744 1.4748197 1.6934137 1.4121723 1.3858154 1.1810995 1.1766681 1.4344141 1.8292180 1.7900233 1.7900233 1.7812969 1.7626463 1.5682021 1.5271246 1.3393654 1.2434329 1.6026059 1.3910201 1.3941683 1.3143205 1.5329306 1.5329306 1.8615036 1.8615036 1.8071769 1.1254446 2.5712993 1.7374476 1.8549619 1.8552785 1.4273607 1.4273607 1.4960931 1.5692131 1.6015441 1.5493173 1.5160396 1.5138571 1.5837052 1.5397993 1.3795050 2.0604598 1.9288983 1.8051111 1.1800740 1.9729691 1.6197167 1.2095884 1.7017471 3.1901913 3.0718536 3.3196780 3.9758251 3.1818744 3.2008289 2.5760649 2.5256806 2.9463336 2.8939439 2.9940829 2.2368484 2.2033262 
Spur_XM_792185.5                                                   1.3903987 1.0386781 0.9366193 0.9669981 1.2724808 1.3330123 1.6281117 1.0224024 1.4379538 1.5352763 1.1219001 0.8867565 0.5833350 1.0751713 1.0798735 1.0443598 0.8094695 1.0235380 1.0736357 1.0797366 1.0911703 1.0688753 1.0816575 1.1678046 1.1678046 1.1589055 1.0918280 1.1119834 0.9004487 1.4399184 1.9043805 1.2002951 0.9413145 0.0000000 1.4039563 1.3838043 1.3695265 1.5088326 1.3916607 1.4875059 1.2000841 1.2416606 1.4249151 1.6258848 1.6772159 1.6772159 1.6742630 1.6388555 1.5496248 1.5028740 1.2818235 1.1885462 1.5771617 1.4031394 1.3259109 1.3012953 1.5405917 1.5405917 1.7269529 1.7269529 1.7762985 1.4156525 2.3333988 1.6537151 1.6741750 1.7004113 1.3368219 1.3368219 1.5041815 1.5771662 1.5621546 1.5031505 1.5077904 1.5007257 1.5162734 1.5201721 1.3938860 1.8425365 1.7130947 1.5991846 1.2026404 1.8837032 1.5742023 1.2081436 1.8426610 3.2942741 2.7586487 2.8999291 3.5285716 3.1771638 3.2131737 2.8419850 2.7780484 3.2342792 3.1635390 2.8889766 2.2441864 2.0811128 
Morvir_scaffold4.g83.t1                                            1.6187584 1.1190625 1.0522195 1.0702198 1.4752192 1.4940547 1.8067956 1.1085855 1.6633818 1.7492737 1.2724380 1.3841390 0.8634210 1.5221483 1.5791700 1.5377743 1.3042362 1.4521905 1.1749647 1.2062651 1.3114544 1.1723437 1.2090985 1.2032884 1.2032884 1.2189177 1.1677991 1.1815580 0.9655868 1.5959290 1.8201815 1.3671914 1.4374698 1.4039563 0.0000000 0.7316698 0.7081379 0.7981016 0.8534152 0.9403615 1.3454476 1.3161418 1.3890926 1.9255827 2.0002628 2.0002628 1.9217183 1.8630706 1.7036740 1.6822117 1.3567199 1.2590397 1.7092868 1.5082807 1.3669464 1.3181886 1.7241973 1.7241973 1.9678720 1.9678720 1.8156853 1.0806964 2.3828957 1.7666004 1.8594055 1.9370581 1.5239878 1.5239878 1.6863358 1.7924966 1.8342358 1.8487118 1.8481751 1.8444833 1.8478539 1.8679240 1.6758438 2.1439995 2.0770668 1.9536844 1.2791971 2.0389590 1.6655681 1.9816150 1.9969268 3.5962812 3.6257310 2.9602957 4.4787406 3.7238676 3.7110680 2.9975333 2.9497663 3.5739253 3.5306074 3.2034342 2.3893463 1.4700746 
Nemnom_g4892.t1                                                    1.4837632 1.1389594 0.9970530 1.0236770 1.7438946 1.3093695 1.6574539 0.9853080 1.5405715 1.6811484 1.1052350 1.3126397 0.8438357 1.4505696 1.4884102 1.4539753 1.2095275 1.3506419 1.1398758 1.1222768 1.2408894 1.1719712 1.1559982 1.2502169 1.2502169 1.2436594 1.1262669 1.0779129 0.9654801 1.5492576 1.8658759 1.2433547 1.4561744 1.3838043 0.7316698 0.0000000 0.0961392 0.4676570 0.8623819 0.9263014 1.2517086 1.2094185 1.4606554 1.8227581 1.7713939 1.7713939 1.7894625 1.7627501 1.6161944 1.5540330 1.2571644 1.1986510 1.6353599 1.4049864 1.3145736 1.2818312 1.5974038 1.5974038 1.8203296 1.8203296 1.8304157 1.0589076 2.3648845 1.6679900 1.7196905 1.8540233 1.5131961 1.5131961 1.6730560 1.7569833 1.5987011 1.6139769 1.6024357 1.6072415 1.6351791 1.6692308 1.5239601 2.1520951 1.9893639 1.9343459 1.2199667 2.0061139 1.6352036 2.0542289 1.7923016 3.5563215 3.4897245 2.8254911 4.4319360 3.7388380 3.6556426 2.9303839 2.9991174 3.2122632 3.3104964 3.4285105 2.3991105 1.4287546 
Rhoesc_Res_003300-T1                                               1.4552159 1.1080031 0.9854682 1.0004336 1.6695537 1.2917835 1.6763010 0.9637142 1.5587313 1.6241319 1.1025589 1.3484533 0.8248958 1.4640612 1.4948931 1.4495769 1.2153657 1.3433169 1.1366088 1.1277979 1.2330910 1.1414155 1.1398715 1.2229368 1.2229368 1.2126876 1.1325938 1.0708721 0.9766303 1.5818559 1.8051707 1.2299919 1.4748197 1.3695265 0.7081379 0.0961392 0.0000000 0.4457673 0.8418936 0.8797852 1.2488137 1.2204179 1.4868920 1.7932591 1.8049719 1.8049719 1.7686799 1.7272545 1.6255576 1.5397152 1.2370696 1.1846899 1.6271658 1.3860422 1.2969131 1.2681371 1.5862135 1.5862135 1.8109366 1.8109366 1.7976212 1.1060644 2.3573643 1.6880430 1.6904833 1.8589202 1.4777541 1.4777541 1.6283778 1.7089649 1.5929611 1.6098095 1.6237704 1.6310062 1.6449821 1.6939395 1.5281374 2.1860584 2.0092470 1.9160929 1.2023868 1.9834416 1.6190291 2.1499544 1.8897147 3.6525036 3.4235983 2.9048781 4.3487173 3.7659764 3.6655929 2.8430424 2.9066513 3.1122909 3.2033036 3.2471524 2.4211319 1.4225147 
Sanmal_Sma_008316-T1                                               1.7366494 1.3234529 0.9630283 1.0969989 3.6806944 1.5292033 1.8140869 1.0380001 1.6426597 2.0229131 1.1379087 1.5742001 1.0264077 1.7456409 1.6710030 1.7009011 1.3716599 1.6244003 1.3703444 1.3507892 1.3407405 1.3495060 1.3709528 1.2571004 1.2571004 1.3725531 1.3127941 1.3210355 0.8497577 1.7233813 4.0859920 1.3063276 1.6934137 1.5088326 0.7981016 0.4676570 0.4457673 0.0000000 1.0144519 1.0624139 1.5254035 1.4297544 1.4429095 1.7638271 1.9615780 1.9615780 1.9221198 1.9083841 1.7211425 1.6935936 1.3268539 1.2477069 1.7125475 1.5150044 1.3391270 1.3620112 1.6500203 1.6500203 1.8924169 1.8924169 1.8243078 0.9407055 2.6376579 1.8471099 1.8089153 1.9057575 1.5913386 1.5913386 1.8003895 1.8094446 1.9292830 1.9131624 1.8861354 1.8914762 1.9075162 1.9372587 1.6953661 2.3615851 2.2764721 2.1162085 1.3593565 2.0505835 1.6244677 2.0865122 1.7923108 4.0342851 3.1804510 3.1203444 4.5658797 4.0326409 3.9260446 3.2235100 3.3095248 3.1867815 3.2741610 3.2547614 2.6883708 0.9032620 
