96
Drygla_Dgla_sb297492                                  0.0000000 4.4316530 4.4117143 4.3839279 4.8257929 4.4380621 4.9905579 4.2115375 4.1033120 3.2083690 4.8401122 4.2618043 4.4175814 2.6229296 3.9492606 4.0767684 3.7324429 3.9476209 4.2327541 4.2474615 0.0000010 3.3299184 3.7838522 4.0063894 4.1198323 4.2333801 3.7749128 4.1198655 4.1956066 3.9889832 3.8367112 4.0230394 4.2819391 3.8988410 4.4866984 4.3261490 3.9521810 5.5428361 3.9616733 4.2874348 4.2874348 4.6970819 4.7735907 4.3489102 4.4654191 2.8940457 2.9612997 3.4649165 3.8523131 4.6030810 5.3364099 4.8960468 4.5975034 5.4916466 3.3000534 4.4340507 3.9362425 4.4316781 4.2895122 4.5223047 4.5223047 4.3485549 4.8343046 5.0646179 4.4893519 4.3988910 4.4168257 3.6777985 3.7283317 3.5506437 3.9025233 4.7320828 4.0984460 3.8436079 3.9628759 4.2412926 3.8809697 3.6185695 4.4138560 3.9510163 3.5970931 4.5157398 4.1790199 3.6057742 3.6057742 3.8137149 4.1492414 4.5201010 4.2246994 3.7657740 3.8621645 6.3805842 3.5566867 4.6825410 4.6892884 4.4584035 
Opea_EP00118_Oscarella_pearsei_P004209                4.4316530 0.0000000 0.0022470 2.4893195 2.3717002 2.4046448 2.3050815 2.2551121 2.1419286 1.8559164 2.6454670 2.5466686 2.5732466 1.8690456 2.2345617 2.1760736 2.2684424 2.2681177 2.2629387 2.1412648 1.7719866 2.3339678 2.3022242 2.2719004 2.3663110 2.4471169 2.6459621 2.6014930 2.6467613 2.1091539 2.2183793 2.2661512 2.4282686 2.3090717 2.2642935 2.3119536 2.5063267 2.1791330 1.6293817 1.7501348 1.7501348 2.6883036 2.7345927 2.8704225 2.6759129 2.8854361 2.8149014 3.0273388 2.9431739 2.2310046 2.5184620 2.9078784 2.7887335 2.8889240 2.7459651 2.3468558 2.5514483 2.5660005 2.5695765 2.6076990 2.6127931 2.5880349 2.7598839 2.8335184 2.2210213 2.7957236 2.8017263 3.5688750 3.2864067 2.8783665 2.6639414 2.6070108 2.7155249 2.6272299 2.5550409 2.5204507 2.8484712 2.7949199 2.6584670 2.8062297 2.8566093 3.1107328 3.2295792 2.5973141 2.5973141 3.0645461 3.4560766 3.5115432 3.3873989 3.2579645 3.5515768 3.9573441 3.3881424 3.8393909 3.5913664 3.1704115 
Ocar_g1035                                            4.4117143 0.0022470 0.0000000 2.5286895 2.4210025 2.4762486 2.3050815 2.2570264 2.1449189 1.8559164 2.6441281 2.5504682 2.5990872 1.8690456 2.2322084 2.1741667 2.2620272 2.2735821 2.2701441 2.1480759 1.8857507 2.3339678 2.3221467 2.2833856 2.3716374 2.4578596 2.6221475 2.5811207 2.6566158 2.1283836 2.2330110 2.2895819 2.4462295 2.2933232 2.2463057 2.2973215 2.5166472 2.1791330 1.6371452 1.7556801 1.7556801 2.7161288 2.7629110 2.8731878 2.6934901 2.8854361 2.8149014 3.0273388 2.9431739 2.2444237 2.4992217 2.9317697 2.8142122 2.9838527 2.8378010 2.3404401 2.5333719 2.5576537 2.5611956 2.5991524 2.6042235 2.5795289 2.7501530 2.8223599 2.2181701 2.7861882 2.8096563 3.5560656 3.3004759 2.8694037 2.6463069 2.6531452 2.7056969 2.6203835 2.5468581 2.5316338 2.8608753 2.7763403 2.6474363 2.8035869 2.8509091 3.1177514 3.2388927 2.6200932 2.6200932 3.0594951 3.4585102 3.5105973 3.3700024 3.2431373 3.5836132 3.9463940 3.3721858 3.8448924 3.6137325 3.1725372 
Emue_Em0011g1196a.t1                                  4.3839279 2.4893195 2.5286895 0.0000000 0.2195384 0.2042323 0.2211934 0.9246308 0.7614783 3.6842062 1.2421663 1.2527402 1.2816632 3.4192721 1.9538880 1.9609270 2.1332444 1.9225679 1.9072185 2.0080256 1.5852490 2.2616316 1.9973859 2.0042220 1.9809741 1.9752587 2.4555192 2.3910506 2.6339828 1.8857288 2.0682562 1.9441538 2.1140314 2.0861155 1.9591787 2.1313413 2.5071937 2.0739849 2.0417349 1.8700014 1.8700014 2.3437293 2.3250614 2.4074284 2.3828430 4.7568238 4.9160733 2.5402234 2.8756532 1.8972439 2.0319182 2.4813226 2.3690617 2.2487051 2.8279728 2.3306918 2.5120309 2.5041419 2.4734578 2.5543108 2.5482287 2.5447262 2.5780421 2.7076181 1.2330215 2.4957355 2.9176557 3.3200262 3.3353322 2.6145408 2.5034800 2.1077483 2.6245142 2.4237737 2.4362819 2.6782143 2.9141832 2.7036961 2.5049194 2.6197696 2.5780225 3.0738703 3.0620598 2.7494846 2.7494846 3.0711354 3.2972285 3.3022754 3.0881038 3.1436067 3.7424558 3.7821746 3.5646298 3.6051944 3.3928369 3.2562503 
Spolac_c95221_g1_i1_m.11165c89341-g1                  4.8257929 2.3717002 2.4210025 0.2195384 0.0000000 0.0229536 2.7280541 0.8423022 0.6253584 0.0000010 1.2921242 1.1654886 1.2364615 0.0000010 1.6576586 1.6574874 1.9662406 1.5818093 1.7253225 1.6928231 1.4021211 1.9569322 1.7036921 1.7066618 1.7655808 1.8687452 2.1616709 2.0641775 2.2687691 1.8182158 1.8479734 1.8044640 1.7750916 1.8208538 1.8208538 2.0771054 2.1723434 1.9607072 2.1768242 1.8864046 1.8864046 2.2972767 2.3041363 2.3633654 2.3007873 0.0000010 3.3831631 2.2093853 3.3835302 2.0111432 2.2605988 2.4248712 2.2514979 2.4271105 2.6483953 2.1695217 2.4392767 2.2454364 2.2280615 2.2519648 2.2652553 2.3062908 2.2153747 2.3711246 1.2248846 2.4354286 2.4851382 3.1152319 3.1549880 2.7862135 2.4138596 2.1529293 2.6539200 2.3763549 2.4643962 2.5956366 2.9462836 2.6826524 2.3910471 2.4310616 2.4847633 2.8466855 2.7559844 2.8184087 2.8184087 2.8045500 3.0629158 2.9208328 2.9158704 3.0790960 3.4725788 3.7677593 3.2986141 3.0388984 2.9659905 3.2727273 
Spolac_c95221_g1_i2_m.11167c89341-g1                  4.4380621 2.4046448 2.4762486 0.2042323 0.0229536 0.0000000 0.0000010 0.9766118 1.6970437 0.0000010 1.3734903 1.2147871 1.3234642 0.0000010 1.5715598 1.5697225 2.0389867 1.5718619 1.5382866 1.5344880 1.4021211 1.8709056 1.6593043 1.6379686 1.7077592 1.8495757 2.2277634 2.1382948 2.3253058 1.6630955 1.7386303 1.6408891 1.6400996 1.7424539 1.7424539 1.9847872 2.1552259 1.9184964 2.2535895 1.8461161 1.8461161 2.2772308 2.2915609 2.5235421 2.3191634 0.0000010 3.3831631 1.2177591 0.0000010 2.1035401 2.7980385 2.4532671 2.2859218 2.2500021 2.7517103 2.0598998 2.3837161 2.1990424 2.1987597 2.2365531 2.2540992 2.2516112 2.1430748 2.3231927 1.2394646 2.4494754 2.6484963 3.2752222 3.3505449 3.0175757 2.4063918 2.1529293 2.6790566 2.3992258 2.6747856 2.7006801 3.0822350 2.6340357 2.4758788 2.3669971 2.4118826 2.9296921 3.1249242 2.7845493 2.7845493 2.7508082 2.9417001 2.7903829 2.9869532 3.1672547 3.5596114 4.1243557 3.1450239 2.9565753 2.9146077 3.0757588 
Spolac_c95221_g1_i1_m.11166c89341-g1                  4.9905579 2.3050815 2.3050815 0.2211934 2.7280541 0.0000010 0.0000000 0.6390315 0.5663335 0.0000010 1.3319044 1.1735877 1.2562787 0.0000010 2.9087524 2.8500420 2.7656939 2.6385005 2.3816461 3.9541865 0.0000010 4.5781547 2.9717814 3.5499836 2.4947426 2.4108873 4.5041495 4.5247679 4.3253659 2.3211708 2.5733133 2.4051504 3.4834194 2.5038565 2.5038565 2.1985641 3.3040360 0.0000010 1.9413873 1.9413873 1.9413873 2.9387991 2.8907712 2.5633948 3.2334761 5.0786217 0.0000010 4.0365778 3.5380027 2.8125846 3.2876846 3.0030178 3.1860464 0.0000010 3.0440011 2.3151564 2.4719907 4.4439790 4.2652991 4.6209292 4.1559286 4.7543570 4.2624533 4.2624533 0.0000010 2.9401894 4.2904271 6.4161666 5.0379645 2.7204032 2.7115599 0.0000010 2.3952601 2.4809482 2.3977532 2.8696761 3.7314775 3.1298572 2.9154527 3.9339906 3.3650420 2.9225337 3.1672725 3.3087436 3.3087436 4.6695484 4.2013403 5.8428875 4.3654463 4.4329108 5.5564582 4.2881129 5.1597119 4.5442966 4.2252348 4.1619224 
Tetwil_g11321.t2                                      4.2115375 2.2551121 2.2570264 0.9246308 0.8423022 0.9766118 0.6390315 0.0000000 0.4065632 0.6548856 1.1972024 1.1086539 1.1134200 0.7197479 1.7654374 1.7946652 1.7722693 1.7305121 1.7807038 1.6850110 0.0000010 1.7622464 1.8527532 1.7984485 1.8521047 1.9252573 2.1001185 2.0978402 2.3221263 1.7094288 1.9110591 1.9080635 1.9792577 1.9504980 1.9594011 2.0150356 2.3058917 3.2021635 1.9290571 1.9478955 1.9478955 2.0250803 2.0286854 2.1085746 2.1275722 2.2631834 2.3036158 1.8905854 2.0844431 1.7695456 2.2214911 2.1948607 2.1969704 6.4319551 2.5527242 2.0843073 2.2856217 2.2477992 2.2109594 2.2529881 2.2566371 2.2402169 2.1824299 2.2406531 1.3519175 2.1617220 2.4120151 2.9838250 2.9398296 2.4793486 2.3883777 2.7080955 2.2398302 2.3621348 2.1320995 2.2958343 2.5677706 2.5352679 2.4106707 2.4412910 2.3574314 2.9343367 2.8120394 2.7685518 2.7685518 2.7382325 3.1797351 3.2902977 3.0984662 2.9406841 3.5520568 3.2059253 3.1996901 3.1471506 3.2911308 3.1336738 
Stycar_maker-SC_scaffold5575-augustus-gene-0.7-mRNA-1 4.1033120 2.1419286 2.1449189 0.7614783 0.6253584 1.6970437 0.5663335 0.4065632 0.0000000 0.7029962 1.1973938 1.0864326 1.1279703 1.1460161 1.7204212 1.6808215 1.6166372 1.6743745 1.7720830 1.6210005 0.0000010 1.7187744 1.7784957 1.7392831 1.7866430 1.6716605 2.3097057 2.1230872 2.4305291 1.7020180 1.9221797 1.9761166 1.9804692 1.9873714 1.9797285 1.8629206 2.2397014 0.0000010 1.5790564 1.5790564 1.5790564 1.9743912 1.9690199 2.0138039 2.0912141 2.3159734 2.3001097 1.9418092 2.1713318 2.0062646 2.1147112 2.1516252 2.1316547 6.2216897 2.5909914 1.9892933 2.3489354 2.4142260 2.3903823 2.4998578 2.4923213 2.4517610 2.4064204 2.4054230 0.7758069 2.2152678 2.3383132 3.1374171 3.0077953 2.2999205 2.4473753 0.0000010 2.1202332 2.1360833 2.0326801 2.1165075 2.4949844 2.3218734 2.3089758 2.4014545 2.3003742 2.9236959 2.8300023 2.7706106 2.7706106 2.7179036 3.4806153 3.6207131 3.1130225 3.0784325 3.5265239 3.1336972 3.5357526 3.7609129 3.5525451 3.0907698 
Spolac_c89341_g1_i1_m.5581c89341-g1                   3.2083690 1.8559164 1.8559164 3.6842062 0.0000010 0.0000010 0.0000010 0.6548856 0.7029962 0.0000000 2.5121377 1.1087562 1.0944117 0.7427487 1.3368068 1.3720265 1.2816085 1.3570268 1.2297753 1.2882560 0.0000010 1.3520162 1.4395258 1.4199296 1.1694528 1.2407103 1.3232047 1.4207885 1.9274559 1.4842127 2.1496096 1.5596331 1.2328204 1.9139434 0.0000010 1.7750158 1.8482231 0.0000010 1.4071906 1.4071906 1.4071906 2.1891593 2.1800934 2.5017489 2.4724734 2.3653578 2.3653578 0.0000010 2.6556522 0.0000010 0.0000010 2.5450249 2.5711727 0.0000010 0.9661900 1.6123980 1.7612993 1.4774047 1.4635816 1.5266989 1.5266989 1.5800148 1.6276108 1.6276108 0.0000010 2.1487426 1.8115508 2.7507738 2.7246675 2.5957117 3.4457418 0.0000010 1.5127837 1.6256057 2.0611318 2.1035916 2.9487203 3.0450548 2.6403013 2.1353472 2.2862775 3.7765436 3.8508836 2.6026309 2.6026309 2.2597421 3.5935348 3.3442161 4.0327437 3.5497415 3.6524328 4.5036475 2.9487908 3.5398269 4.0704265 3.7988347 
Aque_Aqu2.1.25034_001                                 4.8401122 2.6454670 2.6441281 1.2421663 1.2921242 1.3734903 1.3319044 1.1972024 1.1973938 2.5121377 0.0000000 0.6670107 0.4045540 0.0000010 1.9586636 2.0110353 2.3556723 1.9421332 2.0735346 1.9453615 1.4609060 2.6043310 1.9628597 2.0672999 2.0852038 2.1349118 2.3611805 2.3702861 2.4082548 1.9752827 1.9983521 1.8971618 2.1366382 2.0342496 2.0199815 2.1446373 2.2973681 2.1029372 2.5161852 2.1742233 2.1742233 2.4876752 2.5038514 2.4026754 2.4459446 7.5042718 9.0000000 2.6861691 3.2255768 1.9587973 2.1868401 2.5887520 2.4307817 2.7444374 2.5769549 2.2405869 2.3623739 2.4204962 2.3993447 2.3994272 2.4190733 2.4798106 2.4623115 2.4420839 1.4113548 2.6087818 2.6626437 3.1608352 3.2119646 2.8440698 2.4883193 2.1532896 2.7102461 2.3875911 2.3412709 2.6892229 2.7554948 2.6454080 2.5516349 2.6221251 2.7051331 3.0807904 2.9123057 2.7578251 2.7578251 2.8809716 3.0956811 3.3469513 2.9751727 3.0722545 3.5243679 4.2433447 3.5207661 3.4969215 3.3106706 3.2319532 
Xestes_maker-XT_scaffold2961-snap-gene-0.7-mRNA-1     4.2618043 2.5466686 2.5504682 1.2527402 1.1654886 1.2147871 1.1735877 1.1086539 1.0864326 1.1087562 0.6670107 0.0000000 0.5195760 0.4984917 1.8899957 1.9367484 2.1021823 1.9340446 1.9848620 1.8501561 1.1307383 2.1430779 1.9253357 1.9923722 2.0184485 2.1489457 2.3085821 2.2288012 2.5216475 1.8973900 2.1383833 2.0128172 2.1888501 2.1640890 2.1482970 2.1726889 2.3774863 2.0006288 2.3207757 2.0715431 2.0715431 2.4408690 2.4818294 2.4279719 2.4116337 2.3853483 2.5964143 2.7021577 2.8334873 2.0484697 2.2700512 2.5155393 2.4047414 3.1489617 2.9814150 2.1888575 2.4814395 2.3862333 2.3463816 2.3992722 2.4142597 2.4063577 2.3993375 2.3887308 1.4290414 2.4630361 2.3767742 3.1081740 3.1691677 2.8605773 2.4999182 2.3825963 2.6121267 2.2174770 2.4050469 2.5917664 2.9569089 2.6827649 2.6052415 2.5628567 2.5508810 3.2263884 3.2002405 2.7820637 2.7820637 2.6673435 3.3377847 3.4777186 3.1261324 3.1275420 3.4335798 3.8348056 3.5025901 3.5799037 3.5083312 3.0830168 
Halamb_c53575_g1_i3mm.5309                            4.4175814 2.5732466 2.5990872 1.2816632 1.2364615 1.3234642 1.2562787 1.1134200 1.1279703 1.0944117 0.4045540 0.5195760 0.0000000 0.2870591 1.9938183 2.0306610 2.1516007 1.9920050 2.0690437 1.9906975 1.5780858 2.2880914 2.0046887 2.0145538 2.0269040 2.0996168 2.3919690 2.3239358 2.4955005 1.9058082 2.1187692 1.9815630 2.1907195 2.0925345 2.1000586 2.1989188 2.3570447 2.0821511 2.4501173 2.1278633 2.1278633 2.4788000 2.4811268 2.4007674 2.3768414 2.2385024 2.3903902 2.5356292 2.7506951 1.9705509 2.1456021 2.4894462 2.4272438 2.5806401 2.8233466 2.1801409 2.3380871 2.3937296 2.3883582 2.4036445 2.4143681 2.4044249 2.3947164 2.3829822 1.4440094 2.4792822 2.4713370 3.0364062 3.1181998 2.9859259 2.4648064 2.2831062 2.7225181 2.2224835 2.3635733 2.6124883 2.8965143 2.7325274 2.5910888 2.5695950 2.6298389 3.2178501 3.0207428 2.7224171 2.7224171 2.7395597 3.0551353 3.2281129 3.2149187 3.2042583 3.6451385 3.9475477 3.5625308 3.4764459 3.4256682 3.0547215 
Aque_Aqu2.1.01203_001                                 2.6229296 1.8690456 1.8690456 3.4192721 0.0000010 0.0000010 0.0000010 0.7197479 1.1460161 0.7427487 0.0000010 0.4984917 0.2870591 0.0000000 1.4089746 1.4959823 1.3561829 1.4903653 1.3558313 1.4661286 0.0000010 1.4161294 1.4082953 1.2533957 1.3266123 1.7492854 1.2697907 1.3975049 1.6456076 1.3137564 3.1083455 1.7916550 1.4308955 1.5305777 0.0000010 1.4877595 1.3022284 0.0000010 1.4071906 1.4071906 1.4071906 1.7465691 1.6707635 1.7488030 1.7961052 1.8101262 1.8101262 0.0000010 2.3259978 0.0000010 0.0000010 1.4041739 1.4584799 0.0000010 0.9661900 1.0987269 1.4416912 1.3423503 1.2881404 1.4927184 1.4927184 1.5475475 1.4257175 1.4257175 0.0000010 1.5867806 1.6093346 2.1606544 2.4045873 0.0000010 3.9989791 0.0000010 1.4412026 1.6641955 2.2109487 1.8020725 2.8410138 2.4420097 2.7440721 1.8866940 2.3156185 2.7443044 3.2394545 3.3805288 3.3805288 2.4324405 2.8640611 2.9033398 3.4770355 3.4617122 3.8489776 3.3092393 3.1057716 4.2418109 4.3644849 2.8215270 
Spis_XP_022785225_1                                   3.9492606 2.2345617 2.2322084 1.9538880 1.6576586 1.5715598 2.9087524 1.7654374 1.7204212 1.3368068 1.9586636 1.8899957 1.9938183 1.4089746 0.0000000 0.0784478 0.2378469 0.2618056 0.2453627 0.3330719 0.3622302 0.3762072 0.7462868 0.7233865 0.9743424 1.0857607 1.5739669 1.5272896 1.5140647 1.3725650 1.5887285 1.4573975 1.5560848 1.6028608 1.6043383 1.6610982 1.5570323 1.7225343 1.4625490 1.4265698 1.4265698 2.0110704 2.0158946 2.1080438 2.0526754 2.2100945 2.1754731 3.0361241 2.8271206 1.3833842 1.8183939 2.0222396 1.9666799 2.1230339 4.0316827 1.6650542 2.0241428 1.9016443 1.9276353 1.9084324 1.9205320 1.9118173 1.9843568 1.9981347 1.5324013 1.9958915 1.9694170 2.7328899 2.7741820 2.3236468 2.0552585 1.9292298 2.0784248 2.0184187 1.9996192 2.2244898 2.6244090 2.4704495 2.2933214 2.1916300 2.2285477 2.4807875 2.8702087 2.4435368 2.4435368 2.7275072 3.1293664 2.9315264 2.7909192 2.6624349 3.2865483 3.5398597 3.0702580 3.0125153 2.8483150 2.7635460 
Pocdam_XM_027189612.1                                 4.0767684 2.1760736 2.1741667 1.9609270 1.6574874 1.5697225 2.8500420 1.7946652 1.6808215 1.3720265 2.0110353 1.9367484 2.0306610 1.4959823 0.0784478 0.0000000 0.2289720 0.2460509 0.2201806 0.3197317 0.3247170 0.3682970 0.7241540 0.6934656 0.9681988 1.0668968 1.5663606 1.5248602 1.4989702 1.3523751 1.5419515 1.4360658 1.5739336 1.5823140 1.5879737 1.6363340 1.5766342 1.7344441 1.4470573 1.4427667 1.4427667 2.0307834 2.0332903 2.1159897 2.0534432 2.1042987 2.1906572 3.2312424 2.7320455 1.3693268 1.7894316 2.0490022 1.9943057 2.1933815 3.8518608 1.6830255 2.0046546 1.9215226 1.9563969 1.9478992 1.9533862 1.9283844 2.0292043 2.0414521 1.5468071 1.9644166 1.9363045 2.7280324 2.7821751 2.3255963 2.0499690 1.9418727 2.0316991 2.0071338 1.9908014 2.2204107 2.6419995 2.4349600 2.3203608 2.1439093 2.1605399 2.4837618 2.7987146 2.4064523 2.4064523 2.6864320 3.0824953 2.9498671 2.7882385 2.6825053 3.2610650 3.5427338 3.0565798 3.0012673 2.7810661 2.8299133 
Fspp_ffun1.m2b.3418.m1                                3.7324429 2.2684424 2.2620272 2.1332444 1.9662406 2.0389867 2.7656939 1.7722693 1.6166372 1.2816085 2.3556723 2.1021823 2.1516007 1.3561829 0.2378469 0.2289720 0.0000000 0.2397577 0.2226097 0.3642731 0.0000010 0.4095792 0.7767537 0.7684523 1.0313773 1.1784795 1.6082855 1.5210599 1.6086981 1.3878531 1.5539773 1.5495004 1.6520603 1.6659648 1.7299294 1.6527912 1.5392876 4.5456894 1.5693926 1.6017121 1.6017121 2.0090572 2.0280534 2.2435333 2.1828301 1.9968516 2.2450134 3.2682790 2.6611125 1.4889791 1.7973927 2.0740389 2.0619617 5.6394642 3.8462012 1.6733721 2.0600631 1.9158397 1.9553644 1.9594128 1.9728574 1.9828092 2.0623396 2.0621079 1.9308051 1.8008501 1.8413934 2.6656542 2.7305564 2.4596185 2.1720180 2.9329337 2.0827421 2.1572548 1.8271645 2.1875258 2.7664186 2.5324105 2.2358090 2.2271493 2.2436679 2.5511955 2.9471088 2.7349227 2.7349227 2.7198898 3.3228853 3.1302767 2.9400254 2.6870610 3.3960628 3.4158279 3.0619164 2.9914100 2.9843259 3.0162823 
Gfas_gfas1.m1.385.m1                                  3.9476209 2.2681177 2.2735821 1.9225679 1.5818093 1.5718619 2.6385005 1.7305121 1.6743745 1.3570268 1.9421332 1.9340446 1.9920050 1.4903653 0.2618056 0.2460509 0.2397577 0.0000000 0.2344060 0.2555882 0.3135677 0.3069856 0.7419935 0.7912415 0.9663053 1.0602961 1.5706340 1.5557433 1.5416823 1.3137056 1.5894576 1.4585839 1.5129130 1.6057122 1.6089788 1.6032196 1.5515234 1.4438509 1.2960897 1.3230060 1.3230060 2.0096740 2.0140551 2.0480854 2.0151894 2.0963554 2.1285218 3.0004503 2.5127698 1.2368547 1.5131944 2.0354485 1.9838078 1.9425813 3.7765594 1.6078131 1.8767560 1.8500035 1.8966843 1.8862509 1.8976342 1.8515662 1.9188087 1.9244512 1.4929143 1.9499459 1.9293415 2.8457238 2.8669513 2.3672277 2.0619217 1.8496738 2.1151808 1.9619336 1.8317109 2.1894471 2.6351839 2.4848436 2.2333762 2.1944565 2.1352715 2.5785300 3.0685910 2.4530659 2.4530659 2.6131089 3.3101604 3.0625544 2.9139096 2.7667400 3.4133464 3.6143130 3.1525700 3.0657938 2.9885239 2.8124569 
Gasp_gasp1.m3.11384.m1                                4.2327541 2.2629387 2.2701441 1.9072185 1.7253225 1.5382866 2.3816461 1.7807038 1.7720830 1.2297753 2.0735346 1.9848620 2.0690437 1.3558313 0.2453627 0.2201806 0.2226097 0.2344060 0.0000000 0.3588972 0.2774175 0.3292344 0.7617125 0.7566166 1.0463982 1.1153076 1.6013832 1.5674902 1.5694619 1.3872577 1.5215611 1.4223816 1.6167059 1.6273601 1.6248595 1.6891175 1.6373937 1.7864830 1.5942870 1.5392527 1.5392527 1.9282222 1.9352397 2.0217779 2.0111099 2.0216119 2.1004131 2.8949999 2.4907607 1.5215355 1.8624676 2.0009354 1.9328807 2.0943797 3.2671528 1.7007815 2.0288439 1.9040616 1.9317684 1.9339009 1.9404880 1.8925095 1.9688497 2.0082782 1.5315912 2.0126410 2.0407598 2.8660062 2.8155134 2.2408441 2.0701122 1.8872098 2.0991486 2.0593577 1.9550322 2.2184004 2.7426811 2.4754506 2.3117820 2.2333437 2.2116065 2.5742953 3.0412621 2.5259480 2.5259480 2.7463813 3.1436301 2.9611355 2.8333706 2.7030784 3.3402049 3.6397121 3.1925404 3.1023025 2.8409448 2.8000886 
Amil_Amillepora25075-RA                               4.2474615 2.1412648 2.1480759 2.0080256 1.6928231 1.5344880 3.9541865 1.6850110 1.6210005 1.2882560 1.9453615 1.8501561 1.9906975 1.4661286 0.3330719 0.3197317 0.3642731 0.2555882 0.3588972 0.0000000 0.0136650 0.0368139 0.7174900 0.7119026 0.9493523 1.0327337 1.4618021 1.4045127 1.4981089 1.3228518 1.5979252 1.5020946 1.5026407 1.5593481 1.5596817 1.6963742 1.5168246 1.7848599 1.5319048 1.5153854 1.5153854 2.0212122 2.0376677 2.1219079 2.0495357 2.2147112 2.2622025 2.9812103 2.4967036 1.5635453 1.9198429 2.0861853 2.0348812 2.2243160 3.7858400 1.6660258 1.8701985 1.8245818 1.8707156 1.8531242 1.8622629 1.8681888 1.8724337 1.8725498 1.4865237 1.8755943 1.7762567 2.6606055 2.7058057 2.2008622 2.1365612 1.9143285 2.0956247 2.0066314 2.0429099 2.1895542 2.6888812 2.3755879 2.2193198 2.1225133 2.0277185 2.5027701 2.8841401 2.3819173 2.3819173 2.6414446 3.1744359 3.1037195 2.6474128 2.5332764 3.0485615 3.4545226 2.9258238 3.1440819 2.9769018 2.8528706 
Adig_XM_015906106.1                                   0.0000010 1.7719866 1.8857507 1.5852490 1.4021211 1.4021211 0.0000010 0.0000010 0.0000010 0.0000010 1.4609060 1.1307383 1.5780858 0.0000010 0.3622302 0.3247170 0.0000010 0.3135677 0.2774175 0.0136650 0.0000000 0.0000010 0.4377417 0.6422651 0.8726047 0.7938686 1.2051144 1.1219357 0.9429197 1.2364920 1.3262564 1.2162221 1.2580152 1.5557344 1.5557344 1.6289805 1.3519576 1.0959256 0.0000010 1.0959256 1.0959256 2.2109532 2.1643462 1.5522982 1.8732952 0.0000010 0.0000010 0.0000010 0.0000010 0.0000010 0.0000010 2.3440689 2.3385189 2.1130891 9.0000000 1.8202739 1.6297063 1.4713776 1.5215926 1.5172397 1.5172397 1.3613340 1.5798894 1.5798894 1.1304689 1.2927087 1.5996209 2.6750470 2.7103395 2.1975457 1.5460183 1.4938215 2.1118629 1.6510003 0.0000010 2.2398777 2.5535530 1.8593716 2.0444961 1.5609202 1.7201532 1.8675578 0.0000010 1.9750793 1.9750793 1.9726448 2.2030838 2.0181696 0.0000010 2.9551820 3.0381355 3.2679943 3.5453824 0.0000010 2.7169557 1.6796445 
Adig_XM_015906045.1                                   3.3299184 2.3339678 2.3339678 2.2616316 1.9569322 1.8709056 4.5781547 1.7622464 1.7187744 1.3520162 2.6043310 2.1430779 2.2880914 1.4161294 0.3762072 0.3682970 0.4095792 0.3069856 0.3292344 0.0368139 0.0000010 0.0000000 0.8702358 0.8509969 1.0528670 1.2315855 1.6132331 1.5206118 1.7710708 1.3518798 1.7285589 1.5284245 1.7009909 1.7447247 1.8275049 1.8243943 1.7182019 4.5465987 1.5219244 1.5219244 1.5219244 2.0510375 2.0604942 2.1829316 2.1804766 2.2658173 2.3120401 2.9672499 2.4352125 1.6226682 1.9281387 2.1278737 2.0555127 4.0749859 5.1144672 1.7586531 1.9912650 1.8563013 1.9073958 1.8861963 1.8898222 1.9140287 1.9469486 1.9642436 2.0609074 2.0392892 1.9589048 2.6748898 2.8616083 2.4389054 2.4417891 2.5252474 2.1617963 2.3971837 2.0370746 2.4045304 2.8073206 2.6645388 2.6743127 2.3576460 2.1498649 2.7130085 3.3326817 2.6212657 2.6212657 2.7426462 3.6675323 3.3636397 2.8887542 2.6887995 3.2914939 3.7827350 2.9040899 3.0968897 3.1113254 2.9030325 
Exapal_XM_021047397.2                                 3.7838522 2.3022242 2.3221467 1.9973859 1.7036921 1.6593043 2.9717814 1.8527532 1.7784957 1.4395258 1.9628597 1.9253357 2.0046887 1.4082953 0.7462868 0.7241540 0.7767537 0.7419935 0.7617125 0.7174900 0.4377417 0.8702358 0.0000000 0.6663037 1.0464891 1.1603947 1.6467523 1.6533518 1.5723712 1.3816738 1.5623359 1.4786548 1.6293030 1.5756484 1.5606505 1.7165757 1.6049779 1.9407736 1.5373739 1.5594834 1.5594834 2.0015317 1.9854377 2.0072206 1.9647429 1.7828577 1.8671291 2.6400572 2.4865450 1.3425816 1.7568256 2.0647696 2.0088619 2.3140454 3.4395446 1.6584561 1.7565200 1.9222817 1.9608766 1.9544063 1.9643862 1.9775151 2.0382735 2.0776581 1.5094434 1.9220069 1.9464984 2.8874715 2.8638720 2.4223305 2.1726720 1.9992233 2.1692163 2.1224386 2.0440793 2.3498128 2.7021012 2.5407811 2.3512346 2.2529754 2.2082539 2.5372395 2.8689232 2.4569770 2.4569770 2.6090065 3.0698274 3.1301605 2.8650084 2.7660076 3.4100051 3.7296779 3.2240682 3.1992091 3.1277333 3.1141849 
Nvec_v1g238900                                        4.0063894 2.2719004 2.2833856 2.0042220 1.7066618 1.6379686 3.5499836 1.7984485 1.7392831 1.4199296 2.0672999 1.9923722 2.0145538 1.2533957 0.7233865 0.6934656 0.7684523 0.7912415 0.7566166 0.7119026 0.6422651 0.8509969 0.6663037 0.0000000 1.1421312 1.2584560 1.5894252 1.5837063 1.6434685 1.3705290 1.5843580 1.4866144 1.6393228 1.5857163 1.6051422 1.6737175 1.6110416 1.7837458 1.5054145 1.4838427 1.4838427 1.9502759 1.9467382 1.9078160 1.9380586 1.9177611 1.9724261 2.6366598 2.3579875 1.5087716 1.8752753 1.9485056 1.9068330 2.0346579 3.2968860 1.6503790 1.9067997 2.0522320 2.0879081 2.0547159 2.0652912 2.0187546 2.1129766 2.0789010 1.5925960 2.0334004 1.9677684 2.8318971 2.9625123 2.3384898 2.1189927 1.8721516 2.1089160 2.1305536 2.0737698 2.4166409 2.6451532 2.3594892 2.3268352 2.2105916 2.2058836 2.5467229 2.8381298 2.3535939 2.3535939 2.5529246 3.0651205 2.9866838 2.8015805 2.7512417 3.3334851 3.6931651 3.1071988 3.0259007 2.9817715 2.9779066 
Dgig_XM_028557038.1                                   4.1198323 2.3663110 2.3716374 1.9809741 1.7655808 1.7077592 2.4947426 1.8521047 1.7866430 1.1694528 2.0852038 2.0184485 2.0269040 1.3266123 0.9743424 0.9681988 1.0313773 0.9663053 1.0463982 0.9493523 0.8726047 1.0528670 1.0464891 1.1421312 0.0000000 0.3327644 1.5559615 1.6300944 1.6842293 1.3615377 1.6234552 1.5437038 1.6010613 1.6430555 1.6634578 1.7385629 1.7428381 2.0284758 1.6211867 1.6636815 1.6636815 2.0987786 2.1141639 2.1234530 2.1020719 1.7899712 1.8295314 2.9566193 2.4519115 1.5520389 1.7243931 2.1534665 2.1369364 2.1678412 3.7987326 1.7162817 1.8852426 1.8182804 1.8700082 1.7809862 1.7827455 1.8460161 1.8794136 1.9064565 1.5790765 1.8685096 1.9474990 3.0115209 3.0299688 2.5554058 2.0483599 1.8075669 2.0773282 2.0309209 2.1382930 2.2591376 2.7107053 2.3923869 2.3716262 2.2612487 2.1593937 2.5535459 2.8163106 2.3803347 2.3803347 2.5585200 3.1901162 3.0493163 2.8339993 2.7707714 3.1813667 3.3234881 3.3572144 3.0887830 3.2352473 2.9959619 
Xesp_009697-T1                                        4.2333801 2.4471169 2.4578596 1.9752587 1.8687452 1.8495757 2.4108873 1.9252573 1.6716605 1.2407103 2.1349118 2.1489457 2.0996168 1.7492854 1.0857607 1.0668968 1.1784795 1.0602961 1.1153076 1.0327337 0.7938686 1.2315855 1.1603947 1.2584560 0.3327644 0.0000000 1.7070982 1.7390033 1.8350347 1.5528006 1.6687219 1.6133516 1.6816626 1.7962312 1.8008942 1.9033857 1.9418060 1.9987930 1.8770179 1.8014729 1.8014729 2.1675011 2.1727356 2.1769636 2.1900993 1.8558678 1.8611278 2.6500017 2.4311374 1.8298310 1.6307458 2.2256552 2.2283232 2.0793062 3.7994869 1.8179652 1.9941217 1.8738134 1.9192048 1.8994243 1.9016688 1.9449792 1.9929128 2.0159141 1.6676861 1.9747602 2.0483850 2.9977116 2.9508499 2.7046725 2.2049425 1.8117583 2.0951589 2.2497815 2.3667158 2.3083215 2.6571969 2.4727268 2.5046938 2.4591657 2.2623690 2.6751773 3.0445433 2.4581258 2.4581258 2.6774195 3.1978499 3.2227305 3.1093433 2.9776988 3.2175166 3.4204028 3.4095400 3.4787395 3.2951689 3.1418807 
Nemnom_g8718.t1                                       3.7749128 2.6459621 2.6221475 2.4555192 2.1616709 2.2277634 4.5041495 2.1001185 2.3097057 1.3232047 2.3611805 2.3085821 2.3919690 1.2697907 1.5739669 1.5663606 1.6082855 1.5706340 1.6013832 1.4618021 1.2051144 1.6132331 1.6467523 1.5894252 1.5559615 1.7070982 0.0000000 0.2010328 0.8649906 1.7952291 2.0378530 1.9947399 1.8505754 1.8942662 1.9302029 2.0244385 1.3644658 1.9944485 1.7903799 1.7793391 1.7793391 2.4658984 2.5042492 2.4266259 2.4908609 2.4603373 2.5332276 3.6836441 3.1760723 1.6742591 2.3410179 2.6152138 2.5281462 2.6200863 3.7467654 1.9270099 2.1137681 2.2099810 2.2082718 2.2262392 2.2366636 2.2653086 2.2881064 2.2508929 1.9609132 1.7689572 1.6918731 3.1890306 3.0545256 2.5731211 2.3501420 2.2729615 2.5077264 2.4362039 2.2094164 2.5313335 2.7673604 2.5739897 2.7491324 2.6450125 2.5483173 2.8873323 3.2108778 2.4987323 2.4987323 2.8965852 3.2290091 3.1915113 3.2198786 3.1460371 3.4848662 3.8710791 3.6287610 3.4420706 3.5024629 3.2182035 
Rhoesc_Res_002996-T1                                  4.1198655 2.6014930 2.5811207 2.3910506 2.0641775 2.1382948 4.5247679 2.0978402 2.1230872 1.4207885 2.3702861 2.2288012 2.3239358 1.3975049 1.5272896 1.5248602 1.5210599 1.5557433 1.5674902 1.4045127 1.1219357 1.5206118 1.6533518 1.5837063 1.6300944 1.7390033 0.2010328 0.0000000 0.8312723 1.7702034 2.0254680 1.9747597 1.8991802 1.8879703 1.8835756 2.0229648 1.3679930 1.8604609 1.8313284 1.7503073 1.7503073 2.4774592 2.5066748 2.4821730 2.5003959 2.4098532 2.4759172 3.6825530 3.1214403 1.7156852 2.2523472 2.6073852 2.4977494 2.7678315 3.9073263 1.9374996 2.1100712 2.1421545 2.1457629 2.2023000 2.2126041 2.2021213 2.2240854 2.1543373 1.9008195 1.7282025 1.6178079 3.3049033 3.1402294 2.5692782 2.4526935 2.3037157 2.5148047 2.5027160 2.2237639 2.5593867 2.8237046 2.6602446 2.7634835 2.6364309 2.5756070 2.8892102 3.1545095 2.5733498 2.5733498 2.8799802 3.3916199 3.3401418 3.3051263 3.1623249 3.5040752 3.9844195 3.4788443 3.3845805 3.4575898 3.3287716 
Sanmal_Sma_008854-T1                                  4.1956066 2.6467613 2.6566158 2.6339828 2.2687691 2.3253058 4.3253659 2.3221263 2.4305291 1.9274559 2.4082548 2.5216475 2.4955005 1.6456076 1.5140647 1.4989702 1.6086981 1.5416823 1.5694619 1.4981089 0.9429197 1.7710708 1.5723712 1.6434685 1.6842293 1.8350347 0.8649906 0.8312723 0.0000000 1.8469012 2.0270570 2.0620550 2.0214981 2.0060131 1.9749168 1.9958679 1.4425105 2.0976933 1.8575525 1.8607519 1.8607519 2.5242601 2.5511608 2.5051733 2.4971492 2.7860604 2.6927210 3.8966090 3.3960235 1.7349701 2.3550301 2.6167802 2.5297940 2.2328323 4.0721036 1.9771789 2.1377207 2.1999157 2.2218441 2.2567554 2.2624636 2.2989084 2.3369737 2.2923646 2.0074374 1.8318055 1.6342056 3.2580598 3.2377881 2.9550094 2.4763710 2.1736619 2.5850148 2.4473179 2.2445704 2.5339839 2.7085640 2.6092177 2.6572221 2.7534779 2.7095116 2.9117482 3.1588425 2.5896675 2.5896675 2.8863833 3.1705499 3.2149317 3.2552803 3.0856274 3.5053103 4.0216722 3.6945226 3.4460329 3.3620571 3.2205321 
Bralan_BLAG13001052_1                                 3.9889832 2.1091539 2.1283836 1.8857288 1.8182158 1.6630955 2.3211708 1.7094288 1.7020180 1.4842127 1.9752827 1.8973900 1.9058082 1.3137564 1.3725650 1.3523751 1.3878531 1.3137056 1.3872577 1.3228518 1.2364920 1.3518798 1.3816738 1.3705290 1.3615377 1.5528006 1.7952291 1.7702034 1.8469012 0.0000000 0.8470495 0.8702159 0.9987012 1.0444220 1.0045000 1.1933317 1.8182460 1.7821011 1.6498057 1.5863251 1.5863251 1.9948094 1.9957400 2.0214865 1.9976676 1.8941619 1.9453131 2.6671121 2.1568296 1.6673677 2.3125868 2.1896910 2.0942629 2.0140375 2.8829378 1.1862525 1.5576995 1.9089789 1.9125828 1.9579845 1.9631917 1.8922672 2.0212781 2.0570453 1.5145410 1.9420202 2.1250313 2.9499504 2.9739898 2.2593675 2.1466579 1.8292558 2.0773237 2.1772830 1.8816797 2.1511215 2.6023989 2.3952410 2.3122431 2.2997044 2.0185653 2.4586808 2.7542338 2.4053654 2.4053654 2.4359917 2.8748791 2.7863068 2.7361651 2.7322143 3.0315903 3.6611007 3.0984825 3.1885611 3.1246787 2.8054125 
Skow_XM_006824836.1                                   3.8367112 2.2183793 2.2330110 2.0682562 1.8479734 1.7386303 2.5733133 1.9110591 1.9221797 2.1496096 1.9983521 2.1383833 2.1187692 3.1083455 1.5887285 1.5419515 1.5539773 1.5894576 1.5215611 1.5979252 1.3262564 1.7285589 1.5623359 1.5843580 1.6234552 1.6687219 2.0378530 2.0254680 2.0270570 0.8470495 0.0000000 0.8590024 1.2224894 1.1168060 1.0570579 1.4001009 2.0388386 1.8163257 1.7610867 1.6538359 1.6538359 2.1604764 2.1747905 2.1798531 2.1648445 2.9642967 2.9419913 2.8021133 2.5809982 1.4883755 1.8462144 2.3845614 2.3066772 2.5145727 3.0422413 1.3409462 1.7489144 2.1292363 2.1593318 2.1572220 2.1561016 2.1494641 2.2678676 2.2835472 1.5737212 2.2595486 2.1050712 3.0824821 3.1912516 2.4312571 2.1527421 2.1432750 2.3069803 2.5057522 2.2670735 2.4706048 2.6519709 2.5794538 2.4424045 2.5320423 2.2265491 2.6338394 2.8679908 2.6145172 2.6145172 2.7378728 3.0639803 3.1426527 3.0566561 2.8808513 3.1585271 3.9374583 3.2561277 3.2579377 3.2184884 3.1658509 
Spur_XM_030995940.1                                   4.0230394 2.2661512 2.2895819 1.9441538 1.8044640 1.6408891 2.4051504 1.9080635 1.9761166 1.5596331 1.8971618 2.0128172 1.9815630 1.7916550 1.4573975 1.4360658 1.5495004 1.4585839 1.4223816 1.5020946 1.2162221 1.5284245 1.4786548 1.4866144 1.5437038 1.6133516 1.9947399 1.9747597 2.0620550 0.8702159 0.8590024 0.0000000 1.1155276 1.1390647 1.0770947 1.3162663 1.9457611 1.7637967 1.7189550 1.6317346 1.6317346 2.0743293 2.0719796 2.0397265 2.0017474 2.3486824 2.4838058 2.7406270 2.5432452 1.4645171 1.8804395 2.1817820 2.0403043 1.9269967 2.7786841 1.3830534 1.6223210 2.0258767 2.0544838 2.0819505 2.0887771 2.0141513 2.1138201 2.1577744 1.5452118 2.0216043 2.1380442 3.0977687 3.0669105 2.3548515 2.0786342 1.6488328 2.0594959 2.2169950 2.1591983 2.2392978 2.6481633 2.5614414 2.3739688 2.4154581 2.0349171 2.6643333 2.7293097 2.5093469 2.5093469 2.6317250 2.9250236 3.0803385 2.8999300 2.8267244 3.1856990 3.6399089 3.2524807 3.0139910 2.9981752 2.9215675 
Hsap_ENST00000372343                                  4.2819391 2.4282686 2.4462295 2.1140314 1.7750916 1.6400996 3.4834194 1.9792577 1.9804692 1.2328204 2.1366382 2.1888501 2.1907195 1.4308955 1.5560848 1.5739336 1.6520603 1.5129130 1.6167059 1.5026407 1.2580152 1.7009909 1.6293030 1.6393228 1.6010613 1.6816626 1.8505754 1.8991802 2.0214981 0.9987012 1.2224894 1.1155276 0.0000000 1.2869650 1.2518025 1.3936736 1.9612351 1.9486898 1.9394464 1.8206850 1.8206850 2.0449846 2.0525712 2.1597898 2.0932782 2.3877203 2.2580804 2.6769343 2.5441756 1.6888114 2.6385094 2.2265569 2.1988118 2.0235798 3.3502314 1.5308463 1.7641854 2.1190726 2.1282831 2.1237303 2.1279362 2.1484044 2.2223412 2.1936430 1.5767241 1.9996219 2.1218132 3.2757470 3.1709114 2.5103330 2.1941098 1.7884165 2.3938876 2.2896216 2.1130517 2.3691448 2.7311885 2.5669882 2.5110570 2.5102732 2.1476614 2.6296672 2.7729985 2.4739580 2.4739580 2.7095168 2.9758880 2.9474109 2.9536595 2.8483084 3.2396034 3.6623577 3.3895496 3.3587598 3.2617053 3.0008168 
Acagra_model.g27728.t1                                3.8988410 2.3090717 2.2933232 2.0861155 1.8208538 1.7424539 2.5038565 1.9504980 1.9873714 1.9139434 2.0342496 2.1640890 2.0925345 1.5305777 1.6028608 1.5823140 1.6659648 1.6057122 1.6273601 1.5593481 1.5557344 1.7447247 1.5756484 1.5857163 1.6430555 1.7962312 1.8942662 1.8879703 2.0060131 1.0444220 1.1168060 1.1390647 1.2869650 0.0000000 0.0012430 0.9409282 2.0219342 1.9762183 1.6420683 1.6312259 1.6312259 2.0750933 2.0597038 2.0782255 2.0556598 2.1354907 2.3017006 2.6027807 2.3114944 1.6430183 2.3213597 2.1989343 2.1479641 2.4461661 2.6703443 1.3073644 1.5842217 2.0630045 2.0949514 2.0789315 2.0796897 2.0592625 2.1678146 2.1739141 1.6106715 2.0373918 2.1605745 3.2845794 3.3627616 2.5869852 2.1752008 1.9316173 2.1851975 2.2994598 2.1122720 2.3226468 2.7641080 2.5240993 2.3342347 2.4809512 2.1901653 2.6349068 2.7686143 2.4231640 2.4231640 2.6431275 3.0208141 3.1031797 2.8641854 2.8187633 3.0785525 3.7121681 3.3004318 3.2394238 3.3474850 3.0518013 
Acagra_model.g27728.t1.1.5d3b8bfc                     4.4866984 2.2642935 2.2463057 1.9591787 1.8208538 1.7424539 2.5038565 1.9594011 1.9797285 0.0000010 2.0199815 2.1482970 2.1000586 0.0000010 1.6043383 1.5879737 1.7299294 1.6089788 1.6248595 1.5596817 1.5557344 1.8275049 1.5606505 1.6051422 1.6634578 1.8008942 1.9302029 1.8835756 1.9749168 1.0045000 1.0570579 1.0770947 1.2518025 0.0012430 0.0000000 0.9049194 2.0674256 1.9762183 1.6361602 1.6272794 1.6272794 2.0514698 2.0548395 2.0903073 2.0411205 2.3674771 3.4701398 2.5748455 2.4416947 1.6430183 2.3213597 2.2386333 2.1935857 2.4461661 2.6810687 1.2787754 1.5615694 2.0573430 2.0986280 2.0548243 2.0556908 2.0528729 2.1428261 2.1452899 1.6106715 2.0837432 2.1584643 3.3204564 3.3242035 2.5741611 2.1257363 1.9316173 2.2001148 2.3135312 2.2212299 2.3325819 2.7356663 2.4825863 2.3209579 2.5364939 2.1479850 2.5751513 2.6167809 2.4310946 2.4310946 2.6670091 2.9596566 2.9779519 2.8221975 2.7415893 3.0701568 3.6198177 3.2913332 3.2924063 3.3469299 3.0361994 
Cgig_XM_011444456.3                                   4.3261490 2.3119536 2.2973215 2.1313413 2.0771054 1.9847872 2.1985641 2.0150356 1.8629206 1.7750158 2.1446373 2.1726889 2.1989188 1.4877595 1.6610982 1.6363340 1.6527912 1.6032196 1.6891175 1.6963742 1.6289805 1.8243943 1.7165757 1.6737175 1.7385629 1.9033857 2.0244385 2.0229648 1.9958679 1.1933317 1.4001009 1.3162663 1.3936736 0.9409282 0.9049194 0.0000000 2.0525135 2.1762338 1.7904377 1.7993644 1.7993644 2.1789520 2.1654991 2.1302523 2.0781127 1.9408894 1.9777082 2.7708512 2.2856211 1.7646009 2.2272134 2.2585198 2.2124633 2.3901750 3.0448697 1.3851550 1.6331926 2.2263301 2.2491728 2.2524684 2.2544256 2.2037258 2.3312608 2.3173859 1.7282130 2.0944364 2.2124053 3.1224573 2.9263945 2.7383921 2.2281043 2.0715352 2.3497984 2.2691365 2.2306560 2.2905661 2.6695796 2.5003619 2.4340011 2.5541300 2.3480672 2.6552125 2.6643537 2.6376740 2.6376740 2.4753055 3.0245237 3.2042153 3.0076747 2.8995304 3.1038612 3.7093966 3.4439836 3.0948180 3.1639860 2.8902315 
Morvir_scaffold125.g24.t1                             3.9521810 2.5063267 2.5166472 2.5071937 2.1723434 2.1552259 3.3040360 2.3058917 2.2397014 1.8482231 2.2973681 2.3774863 2.3570447 1.3022284 1.5570323 1.5766342 1.5392876 1.5515234 1.6373937 1.5168246 1.3519576 1.7182019 1.6049779 1.6110416 1.7428381 1.9418060 1.3644658 1.3679930 1.4425105 1.8182460 2.0388386 1.9457611 1.9612351 2.0219342 2.0674256 2.0525135 0.0000000 2.3170885 1.8054564 1.8802488 1.8802488 2.4207081 2.4377328 2.3193585 2.3216449 2.5784483 2.6330555 3.1322740 3.0622767 1.6141661 2.0633599 2.5002919 2.4203145 2.5933142 3.4078304 2.0046751 2.1633397 2.1411542 2.1419376 2.1494896 2.1550732 2.2905200 2.2902714 2.2605804 1.8945950 1.7931190 1.6981638 2.9832756 2.9436125 2.6786610 2.4133519 2.2993183 2.5491476 2.3428482 2.2368556 2.4655026 2.7866622 2.6340998 2.5082895 2.6371483 2.4504624 2.8992854 3.0984627 2.8052045 2.8052045 2.7276823 3.2029637 3.1403800 2.9626698 2.9026782 3.5562036 3.7582821 2.9965930 3.2954719 3.3533152 3.0449203 
Plajan_Pjan_scaffold769_01                            5.5428361 2.1791330 2.1791330 2.0739849 1.9607072 1.9184964 0.0000010 3.2021635 0.0000010 0.0000010 2.1029372 2.0006288 2.0821511 0.0000010 1.7225343 1.7344441 4.5456894 1.4438509 1.7864830 1.7848599 1.0959256 4.5465987 1.9407736 1.7837458 2.0284758 1.9987930 1.9944485 1.8604609 2.0976933 1.7821011 1.8163257 1.7637967 1.9486898 1.9762183 1.9762183 2.1762338 2.3170885 0.0000000 2.4333819 0.2226859 0.2226859 2.9883669 2.9921391 3.5148530 2.7533583 0.0000010 5.3885715 0.0000010 0.0000010 3.7071805 3.9777656 3.1873894 3.0003379 2.1733534 0.0000010 2.7272000 2.0526150 2.5250727 2.4536474 2.5049275 2.5049275 2.3315784 2.3302965 2.2804636 1.9961820 2.3859884 2.5574690 3.7638270 3.8343300 4.1691268 2.4226900 2.3021511 3.1934890 2.3560831 3.4646371 2.6992982 3.3007785 2.8716704 2.6939050 2.4057969 2.4631563 3.0349125 3.5220052 3.1461359 3.1461359 2.9992885 2.8755513 3.1651873 4.3320597 3.5916541 2.5668566 4.8646459 3.2308110 3.9794085 3.4882357 2.9699945 
Plajan_Pjan_scaffold771_01                            3.9616733 1.6293817 1.6371452 2.0417349 2.1768242 2.2535895 1.9413873 1.9290571 1.5790564 1.4071906 2.5161852 2.3207757 2.4501173 1.4071906 1.4625490 1.4470573 1.5693926 1.2960897 1.5942870 1.5319048 0.0000010 1.5219244 1.5373739 1.5054145 1.6211867 1.8770179 1.7903799 1.8313284 1.8575525 1.6498057 1.7610867 1.7189550 1.9394464 1.6420683 1.6361602 1.7904377 1.8054564 2.4333819 0.0000000 0.0056959 0.0056959 1.9796358 2.0029901 2.0330675 1.9530847 1.1076024 1.3046798 1.1603688 3.3093128 1.7109785 1.9664671 1.9743811 1.9965426 5.8641895 2.3265493 1.8872760 2.0646933 2.2620694 2.2592274 2.2558803 2.2601048 2.2234466 2.3149339 2.3232019 1.9646265 2.1479904 2.1094538 2.7013556 2.4528731 2.0545077 1.9221246 2.5044614 2.1946592 2.3470874 1.7386920 2.2024563 2.3820192 2.2528315 2.1467585 2.3647953 2.1534657 2.1755519 2.5326835 2.4477902 2.4477902 2.4038449 3.1224765 2.9585756 2.5702157 2.3482662 3.0993045 3.2765643 2.7109707 2.5595783 2.5346166 3.1841146 
