101
Beraby_Baby_sb355965                                   0.0000000 0.0000010 0.4827535 0.0000010 0.0000010 0.9075762 0.8851697 1.2550670 1.2550670 1.7286707 1.1653730 1.0528162 0.8851697 1.9545239 1.9545239 4.0908397 3.6772818 2.9290294 3.9333490 3.9288771 4.1194380 4.0477925 3.9607442 3.2991213 3.5769657 3.5261676 3.6615521 3.1126467 3.5462283 3.2047080 3.8785095 3.7916490 3.9504457 3.9704808 3.6041106 3.1574106 0.0000010 2.1104824 3.7707068 7.2239486 2.6140720 0.0000010 2.9163436 2.9163436 3.8782033 3.4333873 2.0940687 3.5833947 2.6512236 3.6643671 4.3912387 2.5681519 2.8341384 2.8830089 2.8504478 0.0000010 2.6889339 3.9843768 3.2274386 3.5663578 3.6012134 3.9178436 0.0000010 3.0729141 3.6222037 4.0915699 4.1370676 3.8299896 5.1054688 4.9647067 4.7607706 4.2891671 5.0491024 5.3862679 4.4293221 8.5932793 4.2346095 5.2156820 4.8412631 8.5981562 3.8396292 4.3602908 4.3025117 3.0494050 4.9904914 3.6749086 3.6749086 5.3970364 5.6960041 4.0919162 4.6300559 4.0599930 4.0187925 4.7485159 4.7208111 4.3697304 4.2723857 6.5154946 6.5154946 4.9542461 0.0000010 
Bolinf_Binf_sb1182552                                  0.0000010 0.0000000 0.1499376 0.4361473 0.4361473 0.5926674 0.6094355 0.9150983 0.9150983 0.9134861 0.9063231 1.2699792 0.7567338 8.4125601 8.6009047 4.6232359 4.1192526 4.1192526 3.8700409 3.8463723 4.0847317 4.2086456 4.2011595 0.0000010 3.8443248 5.2957815 4.9878965 9.0000000 3.6398609 0.5816353 3.8062351 3.7350983 3.1963396 3.5596966 3.0014411 3.6119189 2.7964599 3.4723132 3.1913441 3.9303147 1.9354559 3.0877749 3.4698752 3.4698752 3.8409628 4.4620840 0.0000010 3.8500527 8.3961014 4.4853972 3.9247659 3.7906872 3.7900837 3.6447315 3.4764770 4.0747115 8.6792244 3.7987652 3.6550347 3.8872642 3.7110228 3.3939427 3.1114420 3.2935263 2.9917032 3.4913845 3.6827080 3.5701067 3.0472300 3.0886484 3.2130535 3.1202017 2.9080536 4.1723567 3.5195730 2.3918327 3.7904055 3.6776037 3.5182624 4.6996319 3.9949981 3.5667553 4.0555887 2.8472833 4.6833491 3.8521747 4.3543163 2.9936558 3.4239584 5.2818894 3.4850840 4.1474318 4.0586336 3.8759137 3.7256611 3.8390285 4.0725076 4.2506738 4.2506738 3.5103551 5.0912786 
Mlei_ML0508.g20.i1                                     0.4827535 0.1499376 0.0000000 0.3422904 0.3422904 0.7194254 0.7084733 0.8738630 0.8738630 0.8890733 0.9109703 0.9914516 0.8021825 7.8326356 7.9849382 4.0780657 3.6508552 3.6243127 4.0438633 3.7621845 3.8314902 3.8766243 3.9910046 2.9349818 3.4154675 3.9285808 3.7219417 3.6666820 3.1244888 2.5587525 3.2144858 3.1638312 3.5073543 3.4088874 3.0745869 3.6222060 2.7409721 3.1318379 3.0894443 3.7974064 3.0784723 3.0115900 3.2291207 3.2291207 3.3873453 3.7591216 2.3536550 3.3055876 2.9583219 3.4585517 3.1726517 3.0127705 3.1086607 3.0501111 3.0290441 4.1950563 2.6668107 3.3874161 3.0753987 3.2567142 3.3207935 3.2491302 2.9155221 3.1144562 3.1458917 3.2860700 3.4947936 3.4526116 3.2597997 3.2599864 3.3502861 3.1654071 3.2210745 4.4178799 3.3896201 2.8366022 3.7092900 3.6662418 3.4826067 4.6613537 3.6931342 3.9330806 3.9981909 3.2821945 5.0739096 3.5901040 3.8173821 4.2743115 3.9450700 4.1651259 3.4225920 3.7882835 3.6470180 4.0629914 3.9398509 3.9000753 4.1317896 3.8766416 3.8766416 3.3149805 4.8699415 
Beraby_Baby_sb337492                                   0.0000010 0.4361473 0.3422904 0.0000000 0.0000010 0.7740410 0.7672578 0.9734656 0.9734656 0.9680272 0.9351858 1.0246013 0.9490145 8.3762883 8.5720015 4.1796152 4.1075406 4.1075406 3.8388678 3.6621294 3.9840963 4.0596395 4.0547660 1.8566484 3.5611446 5.6011111 4.3564455 8.9999988 3.7965735 2.0132976 3.6768540 3.5308158 3.8844473 3.3882696 3.4932132 3.9212341 2.9980886 4.1704431 3.7987809 4.0970880 2.9771344 3.2009688 3.5684047 3.5684047 3.7245965 4.4314553 0.0000010 3.7892350 7.4846565 3.9641970 3.5528737 3.9386064 3.9017431 3.7241602 3.9301790 5.0478796 3.2612043 3.7342531 3.2571568 3.8235250 3.8285435 3.5374804 3.1235060 3.6517681 3.3529374 3.6614159 3.9951557 3.7948924 3.1514648 3.3631895 3.4784399 3.1058411 3.0659999 4.6060530 3.7063268 2.3960842 3.9248429 3.6945279 3.8647279 4.9425155 4.1214741 4.0102051 4.6279215 3.1781009 5.6528591 3.8040832 4.4524111 4.4629674 4.5841146 4.6158196 3.5458204 4.2386296 4.0970851 4.2186223 4.3584775 4.1832921 4.7416837 3.9307482 3.9307482 3.9016497 5.5249083 
Beraby_Baby_sb337493                                   0.0000010 0.4361473 0.3422904 0.0000010 0.0000000 0.7740410 0.7672578 0.9734656 0.9734656 0.9680272 0.9351858 1.0246013 0.9490145 8.3762883 8.5720015 4.1796152 4.1075406 4.1075406 3.8388678 3.6621294 3.9840963 4.0596395 4.0547660 1.8566484 3.5611446 5.6011111 4.3564455 8.9999988 3.7965735 2.0132976 3.6768540 3.5308158 3.8844473 3.3882696 3.4932132 3.9212341 2.9980886 4.1704431 3.7987809 4.0970880 2.9771344 3.2009688 3.5684047 3.5684047 3.7245965 4.4314553 0.0000010 3.7892350 7.4846565 3.9641970 3.5528737 3.9386064 3.9017431 3.7241602 3.9301790 5.0478796 3.2612043 3.7342531 3.2571568 3.8235250 3.8285435 3.5374804 3.1235060 3.6517681 3.3529374 3.6614159 3.9951557 3.7948924 3.1514648 3.3631895 3.4784399 3.1058411 3.0659999 4.6060530 3.7063268 2.3960842 3.9248429 3.6945279 3.8647279 4.9425155 4.1214741 4.0102051 4.6279215 3.1781009 5.6528591 3.8040832 4.4524111 4.4629674 4.5841146 4.6158196 3.5458204 4.2386296 4.0970851 4.2186223 4.3584775 4.1832921 4.7416837 3.9307482 3.9307482 3.9016497 5.5249083 
Horcal_Hcv1.av93.c5.g1230.i1                           0.9075762 0.5926674 0.7194254 0.7740410 0.7740410 0.0000000 0.0083233 1.0669399 1.0669399 1.0791443 1.0747913 1.0617681 0.0110691 6.4396910 6.5667563 3.5749683 3.3393178 3.0452388 3.5035778 3.2551004 3.5070513 3.5806025 3.5601861 2.2966873 3.2583047 4.0022862 3.7084607 2.9512222 3.0415794 2.4242756 3.1746686 3.1841705 3.5624487 2.9236816 4.1337849 3.2671508 2.7365754 2.9495509 2.9519993 2.9899966 2.1384920 2.9543160 2.8828652 2.8828652 3.1520864 3.3494879 1.5331877 2.9726801 2.5804878 3.0586138 2.9990855 2.9570912 3.0130349 3.0599923 3.0171095 4.1880413 2.9914105 3.0888174 2.8811657 3.2386144 2.9791989 3.1302573 2.9714648 2.8584661 3.0010180 3.2440319 3.1609980 3.2585658 3.2488524 3.3518169 3.2617991 3.1950194 3.1568178 4.3864812 2.9670210 2.9675154 3.1981473 3.2520387 3.4895379 5.1717317 3.4218615 3.8633068 4.1350049 2.8448375 4.0890216 3.3784022 3.4595774 3.6489738 3.9540014 3.7566875 3.6043157 3.6377647 3.6620320 3.6294415 3.3688796 3.0910657 3.6136420 3.3537292 3.3537292 3.4531049 4.9695024 
Pbac_sb2652446                                         0.8851697 0.6094355 0.7084733 0.7672578 0.7672578 0.0083233 0.0000000 1.0691684 1.0691684 1.0813903 1.0663377 1.0660713 0.0036608 6.4396910 6.5667563 3.5901489 3.3189148 3.0235015 3.4811737 3.2287118 3.4838345 3.6006159 3.5813946 2.2966873 3.2750574 4.0509215 3.7334683 2.9512222 3.0693870 2.4302823 3.2049048 3.2009664 3.5731026 2.9236816 4.1711391 3.2746988 2.7365754 2.9703953 2.9402198 2.9395694 2.1384920 2.9543160 2.8901024 2.8901024 3.1179696 3.3209024 1.5331877 2.9489364 2.5804878 3.0328490 2.9809013 2.9439098 2.9996132 3.0717584 3.0495223 4.4418821 2.9914105 3.0767423 2.9011679 3.2489392 2.9693065 3.1496379 3.0057296 2.8493281 3.0215491 3.2742938 3.1097438 3.2954819 3.2339637 3.3612116 3.2864582 3.1456036 3.1566016 4.3864812 2.9739386 2.9675154 3.1828160 3.2478539 3.4981134 5.1545911 3.3829103 3.8837276 4.0713760 2.8630414 4.0834028 3.4075283 3.5080490 3.6230235 3.9544193 3.7638741 3.5910310 3.6358789 3.6755343 3.6378900 3.4005337 3.0954761 3.6342146 3.3570180 3.3570180 3.3895448 5.0621255 
Coeast_Cast_sb795206                                   1.2550670 0.9150983 0.8738630 0.9734656 0.9734656 1.0669399 1.0691684 0.0000000 0.0000010 0.0359460 0.3487635 0.9909222 1.1385554 7.3824446 7.5566287 3.4431546 3.6970370 3.6970370 3.7023220 3.5394489 3.5258395 3.1861414 3.2646433 3.9538202 3.1123817 3.9842675 3.4757231 4.3621326 3.1525618 0.9019540 3.2205308 3.2840930 3.4302031 3.4172295 3.3981762 3.4101934 2.4381913 3.2768007 2.8558008 3.0448093 2.8116779 2.7257490 2.8917883 2.8917883 3.0782780 3.7084453 0.0000010 3.0904475 2.5207435 3.3522932 3.1807520 3.1659145 3.0826978 2.9740820 2.9508783 3.9434818 2.3090146 2.9900967 2.7356940 3.0123726 3.1330437 3.1249107 2.8430256 2.7426054 2.8715748 3.2445172 3.1614413 3.0676968 3.0973738 3.2812310 3.3011279 3.0500101 3.1769414 3.9864271 3.3714975 2.4808863 3.3368662 3.5242457 3.6564563 3.8376565 2.9554285 3.3537680 3.6594849 3.0877634 4.2535027 3.6823417 4.2417825 4.0436321 3.8629973 3.7717331 3.4424340 3.7410362 3.5219457 3.6262869 3.7065091 3.7192719 4.1282057 3.8270275 3.8270275 3.3899799 4.2805594 
Coeast_Cast_sb795207                                   1.2550670 0.9150983 0.8738630 0.9734656 0.9734656 1.0669399 1.0691684 0.0000010 0.0000000 0.0359460 0.3487635 0.9909222 1.1385554 7.3824446 7.5566287 3.4431546 3.6970370 3.6970370 3.7023220 3.5394489 3.5258395 3.1861414 3.2646433 3.9538202 3.1123817 3.9842675 3.4757231 4.3621326 3.1525618 0.9019540 3.2205308 3.2840930 3.4302031 3.4172295 3.3981762 3.4101934 2.4381913 3.2768007 2.8558008 3.0448093 2.8116779 2.7257490 2.8917883 2.8917883 3.0782780 3.7084453 0.0000010 3.0904475 2.5207435 3.3522932 3.1807520 3.1659145 3.0826978 2.9740820 2.9508783 3.9434818 2.3090146 2.9900967 2.7356940 3.0123726 3.1330437 3.1249107 2.8430256 2.7426054 2.8715748 3.2445172 3.1614413 3.0676968 3.0973738 3.2812310 3.3011279 3.0500101 3.1769414 3.9864271 3.3714975 2.4808863 3.3368662 3.5242457 3.6564563 3.8376565 2.9554285 3.3537680 3.6594849 3.0877634 4.2535027 3.6823417 4.2417825 4.0436321 3.8629973 3.7717331 3.4424340 3.7410362 3.5219457 3.6262869 3.7065091 3.7192719 4.1282057 3.8270275 3.8270275 3.3899799 4.2805594 
Coemet_Cmet_scaffold6683_01                            1.7286707 0.9134861 0.8890733 0.9680272 0.9680272 1.0791443 1.0813903 0.0359460 0.0359460 0.0000000 0.3372031 1.0509936 1.1728624 7.7339371 7.9295205 3.5857931 3.8993630 3.8993630 3.8599435 3.6793414 3.6679329 3.3616276 3.4110211 4.4347119 3.2212873 3.9956534 3.6298138 4.9236799 3.2845774 0.7534459 3.2202040 3.3936894 3.4264313 3.4226019 3.4003092 3.4650916 2.4381913 3.3397502 2.8749428 2.9953109 2.7580587 2.7473259 3.0272027 3.0272027 3.1707867 3.7345485 0.0000010 3.0839863 2.9871218 3.3112120 3.1167639 3.2109593 3.1222111 3.0157407 3.0471453 3.9771987 2.5842702 3.1054638 2.8007208 3.0675229 3.1279224 3.1557290 2.8301449 2.8465900 2.9090980 3.2983832 3.2127639 3.1038354 3.0555916 3.2253913 3.2364270 3.0198194 3.1062868 3.9633516 3.3957985 2.4808863 3.4004279 3.5456166 3.6961806 3.8452594 3.0865709 3.3499269 3.6348401 3.0692885 4.3365077 3.6026019 4.1735141 3.9636264 3.8334816 3.9242104 3.4447304 3.8571451 3.5759956 3.6216281 3.7647399 3.8834328 4.1420653 4.0038324 4.0038324 3.2322542 4.3213019 
Vmul_sbMO457883                                        1.1653730 0.9063231 0.9109703 0.9351858 0.9351858 1.0747913 1.0663377 0.3487635 0.3487635 0.3372031 0.0000000 0.8958195 1.1672977 6.3679930 6.4929840 3.2953346 3.5030290 3.3343741 3.6837091 3.3997737 3.4004233 3.1895836 3.2943695 2.8565814 3.0183883 3.6482637 3.3872319 3.5184828 3.3395004 2.6908990 3.1936512 3.2540757 3.3314092 3.2198971 3.5988858 3.6153936 2.2369039 3.0503749 3.0521238 3.1535888 2.9573633 2.7890774 3.0736875 3.0736875 3.0853628 3.6679819 2.3340019 3.1801081 3.1665369 3.2824539 3.2621378 3.0035962 2.9913245 2.7726611 2.7840194 4.0625262 2.2542291 3.2034108 2.8418822 3.2134234 3.0780976 3.0528063 2.9784939 2.7156498 2.7483655 3.0386069 3.3584234 3.1284073 3.2109555 3.1843875 3.1305327 3.0831659 3.0828224 4.4465565 3.3268509 2.4712557 3.3937267 3.6201390 3.7643317 4.2353204 3.2594295 3.2840621 3.6604308 2.7258771 4.5224087 3.4033575 3.8093816 4.1045803 3.8492411 3.8385353 3.5570156 3.5235715 3.4873757 3.6256604 3.6805997 3.9762624 4.2738734 3.6632170 3.6632170 3.3134177 4.0361895 
Lampan_Lpan_10834_01                                   1.0528162 1.2699792 0.9914516 1.0246013 1.0246013 1.0617681 1.0660713 0.9909222 0.9909222 1.0509936 0.8958195 0.0000000 0.9371051 5.1001080 5.1001080 3.3898513 3.2395036 3.0199727 3.6099581 3.2929135 3.4907956 3.1965308 3.3111787 2.2635370 2.8920752 3.6547928 3.0139049 2.6945769 2.9962314 2.4715177 3.1573086 2.9864393 3.9152112 3.3776143 5.6053439 3.7801953 3.7680030 2.7792989 3.0723691 3.0218900 2.8047676 3.2358188 3.0648120 3.0648120 3.1323114 3.4359447 1.7115607 3.0574719 2.7758070 3.1482032 3.0874384 2.9145678 2.9253939 2.7352054 2.8220528 5.4801431 2.1498781 2.8641741 2.8459245 3.2196282 3.0870149 2.9978091 2.5052830 2.6390776 2.9111182 2.9601611 3.2333497 3.3241556 3.5776486 3.3603721 3.3891513 3.1532631 3.2079988 6.6067769 3.3356529 3.6651289 3.7104039 3.5192552 3.6094994 5.8364685 3.4018739 3.5776719 3.6386071 2.8132748 4.9147534 3.7208167 3.7372472 4.1742921 3.9049314 4.0398829 3.6546780 3.8911256 4.0213516 3.7447058 3.5311710 3.8989250 3.8527607 3.2514856 3.2514856 3.4637774 7.8538644 
Pbac_sb2656278                                         0.8851697 0.7567338 0.8021825 0.9490145 0.9490145 0.0110691 0.0036608 1.1385554 1.1385554 1.1728624 1.1672977 0.9371051 0.0000000 1.5976432 1.5976432 3.0757936 2.8533935 2.3408240 3.2038482 2.6254237 2.9584356 3.1980413 3.1311213 2.2966873 2.8541066 3.2017044 3.0068101 2.6093774 2.8171601 2.4468538 2.9761882 2.9894486 3.3840518 2.9945841 4.1165729 2.8957194 2.6431146 2.4658160 2.8148984 2.9051486 2.0828882 2.7692878 2.4659784 2.4659784 2.7410526 2.9016439 1.5331877 2.5346466 2.3295144 2.5814798 2.6753912 2.1431222 2.1097981 2.6801421 2.6444272 0.0000010 2.6458804 2.6062970 2.5693175 2.8136558 2.6489278 2.8822567 2.4318059 2.7190027 2.8414060 2.9292663 2.7445158 3.0863384 3.3269431 3.5518152 3.4747238 3.1642891 3.2951244 4.5971119 2.8809184 3.6980031 3.2818276 3.2546337 3.6464738 5.2773981 2.9849525 4.0276924 3.9900623 2.8883162 4.1318342 3.1883840 3.1883840 3.9116555 3.9880458 3.4761566 3.7694362 3.2701933 3.4516305 3.8465276 3.5998911 3.0741865 3.6626951 3.5977354 3.5977354 2.0947076 1.9447265 
Hhon_g08906.t1                                         1.9545239 8.4125601 7.8326356 8.3762883 8.3762883 6.4396910 6.4396910 7.3824446 7.3824446 7.7339371 6.3679930 5.1001080 1.5976432 0.0000000 0.0117359 0.9885489 1.0136699 1.0136699 0.9958842 0.9729278 1.0548258 0.9947925 1.0335880 1.1000889 1.1942928 4.2878591 1.0106955 1.8411530 5.2215054 3.0256410 3.8441556 4.3540779 5.1005819 2.9315162 7.1341271 4.1922265 9.0000000 3.6029991 3.9049351 2.6719322 2.3378615 3.3207587 3.4881267 3.4881267 3.1871374 3.4803195 0.6265955 2.8337411 1.5717634 2.7941089 5.7469951 2.7107216 2.7107216 2.7106722 3.5256923 3.9526686 1.8194643 3.1030364 4.1557446 4.1005772 3.1843116 3.0802623 5.1033132 3.6773771 5.0252980 3.9132853 3.9323945 4.3137021 4.0225942 3.9645716 3.9137554 3.7731841 4.6499930 8.9999983 5.1541282 9.0000000 6.7877661 5.5736929 5.5105606 8.9999989 4.8749798 6.2695014 5.8840045 1.2659566 6.9246738 5.6177971 5.9212214 4.6142911 6.6318113 4.5890634 3.7461605 6.8184933 6.7287638 3.4937909 4.9282802 5.4380027 4.6766524 5.2549771 5.2549771 3.1685194 6.2253901 
HoiH04_mRNA5318                                        1.9545239 8.6009047 7.9849382 8.5720015 8.5720015 6.5667563 6.5667563 7.5566287 7.5566287 7.9295205 6.4929840 5.1001080 1.5976432 0.0117359 0.0000000 0.9957310 1.0208892 1.0208892 1.0030475 0.9801118 1.0630132 1.0019965 1.0411176 1.1000889 1.2070323 4.4327101 1.0230600 1.8411530 5.3862232 3.0256410 3.9524201 4.4854009 5.2527857 2.9315162 7.5006263 4.1922265 9.0000000 3.6972855 4.0078275 2.6719322 2.3378615 3.3207587 3.5765218 3.5765218 3.2699428 3.5790021 0.6265955 2.9059493 1.5717634 2.8665136 6.1084973 2.7790332 2.7790332 2.7795432 3.6210087 4.0742217 1.8194643 3.1839102 4.2675055 4.1005772 3.2101564 3.1592631 5.2711536 3.7809797 5.0871045 3.9639351 4.0494611 4.4386160 4.1315170 4.0708782 4.0215733 3.8701770 4.7844318 8.9999983 5.3024560 9.0000000 7.0254324 5.7494569 5.6737010 8.9999989 5.0224085 6.4877399 6.0880792 1.2659566 7.1822908 5.7894195 6.1045893 4.6142911 6.8820708 4.7169279 3.7862927 7.0452494 6.9475732 3.5872681 5.0738738 5.6002654 4.7140145 5.4931540 5.4931540 3.2613158 6.7394613 
HoiH23_PlH23_007980-RA                                 4.0908397 4.6232359 4.0780657 4.1796152 4.1796152 3.5749683 3.5901489 3.4431546 3.4431546 3.5857931 3.2953346 3.3898513 3.0757936 0.9885489 0.9957310 0.0000000 0.2240322 0.2195148 0.2859120 0.2298735 0.2371834 0.2215137 0.2417929 0.2811591 0.4367136 0.4246510 0.4758999 0.5232525 2.3896859 2.7731945 2.3923136 2.3827467 2.6285337 2.5848301 2.3651955 2.3347675 1.0627257 1.9765331 2.2758516 2.1121613 2.3334566 1.8495401 1.9739847 1.9739847 1.8810207 2.0434300 1.3796821 1.9204345 2.0751288 2.1784027 2.3987918 1.9701659 1.9883953 1.8884595 1.9865117 2.5943426 2.5326188 1.8688062 2.0275995 2.2462343 1.9091421 2.1758764 2.2112123 1.9922176 2.0699124 1.9868996 2.3669724 2.1066297 2.1135976 2.4776942 2.5049404 2.3524754 2.2055133 2.9732973 2.4723270 2.3622894 2.7253630 2.9033751 2.9749051 3.1825271 2.2791719 2.4362699 2.6205729 2.2157432 3.4943291 2.9189653 3.2142630 3.1890307 3.1897267 3.0145964 2.6079676 2.9244371 3.1422415 2.9033792 2.7413301 3.2628769 3.0588157 2.7019841 2.7019841 2.1050582 3.4576222 
Hhon_g03916.t1                                         3.6772818 4.1192526 3.6508552 4.1075406 4.1075406 3.3393178 3.3189148 3.6970370 3.6970370 3.8993630 3.5030290 3.2395036 2.8533935 1.0136699 1.0208892 0.2240322 0.0000000 0.0000010 0.1816271 0.1456608 0.0380633 0.2603698 0.2767423 0.2738638 0.4265051 0.4802564 0.5061614 0.5677448 2.2756297 2.3337632 2.3822750 2.2995248 2.9024118 2.6696298 2.8340339 2.3258986 1.0094404 2.0016442 2.3272556 2.0823212 2.3260593 1.6716619 2.0342436 2.0342436 2.0417854 1.9743725 1.3811188 1.8581706 1.9167177 2.0874277 2.3671592 2.0826971 2.1146339 1.9613735 2.0317813 2.7618311 2.4269060 1.9279421 2.1100052 2.4264189 1.9554340 2.2575971 2.1977299 1.9555978 2.1474528 2.0456629 2.3630092 2.1486388 2.2132908 2.4366895 2.5412772 2.3764686 2.2825967 3.3600612 2.3749605 2.4850995 2.7946623 2.9665100 2.9029212 3.8690914 2.2586006 2.5265364 2.6429660 2.3989268 3.5910806 2.7807595 2.8801721 3.2268627 2.8966716 2.9050550 2.6646969 2.9854778 3.2713257 2.9701398 2.6789203 3.1057216 2.9614809 2.7585080 2.7585080 2.0926737 3.4239498 
Hhon_g08905.t1                                         2.9290294 4.1192526 3.6243127 4.1075406 4.1075406 3.0452388 3.0235015 3.6970370 3.6970370 3.8993630 3.3343741 3.0199727 2.3408240 1.0136699 1.0208892 0.2195148 0.0000010 0.0000000 0.1377569 0.1456608 0.0135850 0.2608888 0.2395587 0.2738638 0.4717489 0.6342840 0.5830782 0.5677448 2.1926641 2.0352131 2.3457144 2.2231479 2.6989113 2.4600612 2.8000577 2.2366825 1.0094404 2.0016442 2.2015585 2.0823212 1.9888124 1.6716619 2.0342436 2.0342436 1.9511327 1.9458092 1.5171606 1.7729524 1.6248056 1.9869731 2.3740299 2.1366626 2.1752289 1.9360844 2.0829544 2.7618311 2.4269060 1.8472461 2.0502189 2.1780887 1.8422391 2.0595458 2.1977299 1.8871204 2.0135842 1.9791003 2.2468939 2.0525479 2.0768624 2.3080078 2.4288987 2.1843369 2.0857712 2.9051524 2.3153810 2.4850995 2.7605260 2.7325029 2.6985489 3.5355420 2.0228949 2.4411697 2.5666342 2.4245091 3.4684710 2.7078187 2.8245883 3.2268627 2.6568189 2.8166393 2.7301567 3.0147409 3.2352502 2.6811758 2.5355145 2.9289239 2.7379699 2.7585080 2.7585080 2.0779471 3.4239498 
Hhon_g10902.t1                                         3.9333490 3.8700409 4.0438633 3.8388678 3.8388678 3.5035778 3.4811737 3.7023220 3.7023220 3.8599435 3.6837091 3.6099581 3.2038482 0.9958842 1.0030475 0.2859120 0.1816271 0.1377569 0.0000000 0.0268416 0.2238335 0.3402850 0.2629202 0.3214736 0.5222785 0.7058894 0.6753950 0.5861784 2.4953138 3.0774301 2.5802793 2.5086659 2.9072613 2.9496753 2.4526146 2.2831048 0.8094530 1.9201510 2.4560055 2.1885184 2.4543057 1.7170116 2.1325287 2.1325287 2.1690653 2.2394263 1.3906369 2.0819735 1.9467547 2.3875349 2.8233905 2.0756940 2.1314884 2.1023531 2.2010767 2.7619645 2.6073177 2.1007424 2.3463714 2.6170862 2.0524054 2.3344217 2.0992875 2.1218912 2.2790837 2.2705195 2.5405893 2.2405415 2.1693975 2.5199273 2.6109336 2.3149752 2.2296116 2.9422861 2.5527689 1.7819548 2.8208000 3.1155630 3.0176091 3.8131999 2.3731815 2.7828776 2.7818369 2.7890981 3.9628465 3.0071137 3.2552321 3.6595141 3.1260780 3.0977533 2.7630200 3.2417668 3.4546289 3.0572495 2.8153010 3.4426014 3.0973051 3.1505087 3.1505087 2.4733098 3.0437002 
HoiH04_mRNA15202                                       3.9288771 3.8463723 3.7621845 3.6621294 3.6621294 3.2551004 3.2287118 3.5394489 3.5394489 3.6793414 3.3997737 3.2929135 2.6254237 0.9729278 0.9801118 0.2298735 0.1456608 0.1456608 0.0268416 0.0000000 0.1286843 0.2761498 0.2521468 0.3979291 0.5089500 0.8666922 0.6787003 0.9393521 2.1043610 1.8773700 2.1626453 2.1766426 2.6154420 2.6122674 2.4144472 2.2704227 0.8094530 1.7417056 2.0081772 2.0359916 2.3539079 1.6532289 2.0367099 2.0367099 1.7855428 1.9369068 2.2033881 1.7888354 1.6053372 2.0036147 2.4452266 2.0481495 2.0710043 1.8554500 2.1408115 2.7536069 2.6780160 1.8045694 2.0938676 2.1520583 1.7016468 1.8995843 1.9771304 1.7980926 2.0332590 1.9689155 2.1744815 2.0191966 1.8025034 2.1339552 2.2364445 1.9354998 1.8859428 2.4383173 2.1957596 1.7819548 2.5724795 2.7687887 2.6661127 3.2728907 1.9694547 2.3053008 2.4283742 2.4216403 3.6695177 2.7163042 3.0055986 3.2579888 2.9372263 2.7311310 2.6228811 3.1687215 3.2101291 2.6764513 2.6126017 3.0212270 2.9998886 2.9116860 2.9116860 1.8122153 3.0168898 
Hhon_g11180.t1                                         4.1194380 4.0847317 3.8314902 3.9840963 3.9840963 3.5070513 3.4838345 3.5258395 3.5258395 3.6679329 3.4004233 3.4907956 2.9584356 1.0548258 1.0630132 0.2371834 0.0380633 0.0135850 0.2238335 0.1286843 0.0000000 0.2485788 0.2818062 0.4007614 0.4579669 0.5313860 0.5347331 0.6739029 2.2679391 2.8236234 2.3085533 2.2544698 2.6690591 2.5807601 2.2382083 2.2721655 1.0144731 1.8671659 2.2749591 2.0780999 2.8156034 1.6716619 1.9438820 1.9438820 1.8818038 2.0903244 1.8085233 1.9594480 2.9942954 2.2855583 2.5084553 2.2259121 2.2762997 2.0500997 2.1661430 2.7618311 5.5319295 1.8680530 1.9379665 2.2987154 1.8685462 2.1001847 1.9943994 2.0206330 2.2518158 2.0742930 2.3454658 2.0742948 2.3133937 2.4189583 2.5192060 2.4271480 2.2703079 2.6936398 2.5277058 1.6992354 2.9899518 2.9241379 2.9694134 3.0442275 2.1096909 2.3403741 2.5276036 2.3705314 3.3574041 2.8565936 3.2499778 3.1376741 3.3088801 3.1691112 2.7030076 3.1429756 3.3941888 2.9882642 2.7990503 3.2400475 3.2761755 2.8818855 2.8818855 1.8721073 3.3659325 
HoiH06_mRNA12881                                       4.0477925 4.2086456 3.8766243 4.0596395 4.0596395 3.5806025 3.6006159 3.1861414 3.1861414 3.3616276 3.1895836 3.1965308 3.1980413 0.9947925 1.0019965 0.2215137 0.2603698 0.2608888 0.3402850 0.2761498 0.2485788 0.0000000 0.0511087 0.2583816 0.4259935 0.4797841 0.4924752 0.5221393 2.1809191 2.5382371 2.2361337 2.2183833 2.6498361 2.6272724 2.2164693 2.1965399 1.0632969 1.9198240 2.3438110 2.1424834 2.3040924 1.7482986 1.9136296 1.9136296 1.7689348 1.9926635 1.3467232 1.8343234 2.1260578 2.0831300 2.2929541 1.9357521 1.9731159 1.9117913 1.9271474 2.4733575 2.5396393 1.9089721 2.0239190 2.2275836 1.8672352 2.0919538 2.1162199 1.9851329 2.0240208 1.9213835 2.2946143 2.0761474 2.0828204 2.3769284 2.3837195 2.3043750 2.1350400 2.8280249 2.5113731 2.3126603 2.5941307 2.7733291 2.7675509 3.0747132 2.2531023 2.3940362 2.5855520 2.2586390 3.4776474 2.9394734 3.2417119 3.0798018 3.1519490 3.0779342 2.4492601 3.1015125 3.2341939 2.8108353 2.7050253 3.1727911 3.0770353 2.5859411 2.5859411 2.0812405 3.0217597 
HoiH06_mRNA11655                                       3.9607442 4.2011595 3.9910046 4.0547660 4.0547660 3.5601861 3.5813946 3.2646433 3.2646433 3.4110211 3.2943695 3.3111787 3.1311213 1.0335880 1.0411176 0.2417929 0.2767423 0.2395587 0.2629202 0.2521468 0.2818062 0.0511087 0.0000000 0.2602803 0.4715528 0.5831054 0.5518227 0.5163727 2.2214801 2.7906801 2.2728953 2.2303422 2.5898222 2.6290674 2.1811522 2.2130588 1.0632969 1.8496598 2.3379626 2.1305969 2.2937231 1.7293977 1.8721426 1.8721426 1.8676825 2.0636796 1.2854809 1.8605090 1.9178303 2.1249288 2.3652898 1.8709842 1.9085054 1.9231885 1.9796784 2.4236107 2.6317041 1.9423723 2.0311105 2.2219776 1.8769784 2.1385812 2.0565846 1.9511071 2.0428107 2.0246209 2.3087595 2.0757035 2.0525094 2.4207067 2.4507508 2.3225294 2.1465203 2.8343078 2.5127384 2.3126603 2.6007204 2.6916862 2.7014388 2.7554906 2.2577633 2.3969061 2.5689252 2.3239162 3.5299590 2.9834998 3.2986479 3.0543775 3.1034570 3.0193369 2.4098905 3.0858011 3.2077031 2.6780286 2.6799620 3.1781246 2.9452158 2.5674443 2.5674443 2.2087143 2.9398269 
HoiH11_mRNA694                                         3.2991213 0.0000010 2.9349818 1.8566484 1.8566484 2.2966873 2.2966873 3.9538202 3.9538202 4.4347119 2.8565814 2.2635370 2.2966873 1.1000889 1.1000889 0.2811591 0.2738638 0.2738638 0.3214736 0.3979291 0.4007614 0.2583816 0.2602803 0.0000000 0.2803012 0.1828314 0.2696056 0.3042108 2.0796946 1.9873990 2.3549161 2.0113603 2.5103637 2.4880483 2.5744912 2.3267596 0.0000010 2.3271733 2.5178615 3.8453686 2.0717187 0.0000010 2.5307127 2.5307127 1.9189211 1.5498815 1.3739499 1.4930925 1.4642856 1.7843343 1.9942082 1.6261377 1.5807039 1.9918382 1.5851030 0.0000010 1.5953194 1.7843664 1.9312693 2.0228391 1.9697288 2.3701117 0.0000010 1.6786255 1.6798917 1.7740189 1.8675066 2.1284701 1.8320325 2.3326404 2.3541208 1.9521552 1.9501181 2.8781483 2.3865500 5.4701282 2.0898846 2.1423103 2.0587702 1.7391659 1.9468427 2.6736254 2.7053041 2.9473683 2.8579954 2.0278644 2.0278644 5.8579146 1.9744357 2.3135068 2.8951394 2.3190483 2.2809398 2.4596186 2.1033509 2.3670813 2.1194184 2.7732031 2.7732031 2.7673948 0.0000010 
TrH2_TrispH2_008902-RA                                 3.5769657 3.8443248 3.4154675 3.5611446 3.5611446 3.2583047 3.2750574 3.1123817 3.1123817 3.2212873 3.0183883 2.8920752 2.8541066 1.1942928 1.2070323 0.4367136 0.4265051 0.4717489 0.5222785 0.5089500 0.4579669 0.4259935 0.4715528 0.2803012 0.0000000 0.0087219 0.0025954 0.1377813 2.2647036 2.3506057 2.2764821 2.3428664 2.5269051 2.6496866 2.3445984 2.4027252 1.1576201 2.1505271 2.2646182 2.2184416 2.3124543 1.8384749 1.9847825 1.9847825 1.8819162 2.0672537 1.4008668 1.8921551 1.8580566 2.0410829 2.2805292 2.0516725 2.1022346 1.9306305 1.9843947 2.6343948 2.3524227 1.8969384 2.0293802 2.2579104 1.9223790 2.0573644 2.1759497 1.9051349 2.0576920 2.0213748 2.2707892 2.0829419 2.0919428 2.4171397 2.3946713 2.2600724 2.1215903 2.8467591 2.5623748 2.3329393 2.6183893 2.9227992 2.6641130 2.8180393 2.2115408 2.3436411 2.5562848 2.2883343 3.2940014 2.8535083 3.0898572 3.2060409 3.2213041 2.9627766 2.5177304 2.8311030 2.9071472 2.7908907 2.6500674 3.1144683 2.7897457 2.6224388 2.6224388 2.0089307 3.5099123 
Tadh_TriadT62680                                       3.5261676 5.2957815 3.9285808 5.6011111 5.6011111 4.0022862 4.0509215 3.9842675 3.9842675 3.9956534 3.6482637 3.6547928 3.2017044 4.2878591 4.4327101 0.4246510 0.4802564 0.6342840 0.7058894 0.8666922 0.5313860 0.4797841 0.5831054 0.1828314 0.0087219 0.0000000 0.0041655 0.1245167 2.6223792 2.5113331 2.7075280 2.5268555 2.5665825 2.6530569 2.1972087 2.1622226 1.2603902 2.3636820 2.5917560 6.5015053 2.2666743 0.0000010 2.1567142 2.1567142 2.1728078 2.0302929 1.4008668 2.1321066 2.2840983 2.5797575 2.2729304 2.0127305 2.1295372 2.1440590 2.0303271 3.1142470 9.0000000 1.9921741 2.0324906 2.4226139 2.1044524 2.4327735 2.9289346 2.2536250 2.2565198 2.0783235 2.7282261 2.1204216 2.2957025 2.6800957 2.5922002 2.4416088 2.2469245 2.6291605 3.1467149 2.0644998 2.8506437 3.2291598 2.9943713 2.5752480 2.2977545 2.3000373 2.6719688 2.5340972 3.2362375 3.1565913 3.8072922 6.1020662 4.1052596 4.0019990 2.9849575 2.7945582 3.2747327 3.5050534 3.0366253 3.7012262 3.6039165 3.3101102 3.3101102 2.0649563 4.1244834 
Tadh_TriadT62117                                       3.6615521 4.9878965 3.7219417 4.3564455 4.3564455 3.7084607 3.7334683 3.4757231 3.4757231 3.6298138 3.3872319 3.0139049 3.0068101 1.0106955 1.0230600 0.4758999 0.5061614 0.5830782 0.6753950 0.6787003 0.5347331 0.4924752 0.5518227 0.2696056 0.0025954 0.0041655 0.0000000 0.0680263 2.5998221 2.3676769 2.5162157 2.5825531 2.8114186 2.9679481 2.5259284 2.7962017 1.2603902 2.4752158 2.4665024 2.5721712 2.3124543 2.3746655 2.1695146 2.1695146 2.0572201 2.1632951 1.4008668 2.0116644 2.0745762 2.2548942 2.3566565 2.0093666 2.0692256 2.0777621 2.0984589 3.0175178 1.7279306 2.0911048 2.2560333 2.5981286 2.1284071 2.4443003 2.7918727 2.1442320 2.3159042 2.2346309 2.6047220 2.3671687 2.4282650 2.7441578 2.6787180 2.5198740 2.4560261 2.5427790 2.7635514 2.3329393 2.6910603 2.9917432 2.7101804 2.6419317 2.6134773 2.6146695 2.8644857 2.7332163 3.4250735 2.9975708 3.3239041 3.8602533 3.5056774 3.2490239 2.5826058 2.7495200 2.9608507 3.0058445 2.8029781 3.2946003 3.1137080 2.7441685 2.7441685 2.0315728 4.1642000 
Tadh_wf_g11605.t1                                      3.1126467 9.0000000 3.6666820 8.9999988 8.9999988 2.9512222 2.9512222 4.3621326 4.3621326 4.9236799 3.5184828 2.6945769 2.6093774 1.8411530 1.8411530 0.5232525 0.5677448 0.5677448 0.5861784 0.9393521 0.6739029 0.5221393 0.5163727 0.3042108 0.1377813 0.1245167 0.0680263 0.0000000 2.8876176 2.0369696 3.0076716 2.6518593 2.8267974 2.3723805 8.9999987 2.6327398 0.0000010 2.7884970 2.7458817 2.8937262 2.0595155 0.0000010 2.8346472 2.8346472 2.0128735 1.9857795 1.5398486 2.0214896 1.7395989 2.2470142 2.3826701 2.0064795 1.9780351 2.2962222 2.1342734 9.0000000 2.1654603 2.2384410 2.0301436 2.4457683 2.6584833 2.8215208 9.0000000 1.9593952 1.7709926 2.0371217 2.5265155 2.7181870 2.1027435 2.5845824 2.6398526 2.3054351 2.2559038 4.1525294 3.0891164 3.8424701 3.1169125 3.2517068 2.6812322 5.8581102 2.4203811 3.5849997 3.2177187 3.0018501 4.0403002 2.9369881 3.0161268 5.9446787 2.6282724 3.1371191 3.8114009 2.9698629 3.2525797 3.0244766 2.5598661 3.2180382 2.5289834 3.1589550 3.1589550 4.4866256 4.9979635 
Lcom_lcpid54835                                        3.5462283 3.6398609 3.1244888 3.7965735 3.7965735 3.0415794 3.0693870 3.1525618 3.1525618 3.2845774 3.3395004 2.9962314 2.8171601 5.2215054 5.3862232 2.3896859 2.2756297 2.1926641 2.4953138 2.1043610 2.2679391 2.1809191 2.2214801 2.0796946 2.2647036 2.6223792 2.5998221 2.8876176 0.0000000 0.0183317 0.5884433 0.6033157 2.0013615 2.1507460 1.9923365 2.0128933 0.8840022 1.5023212 1.7229345 1.7625867 2.0537024 1.4254635 1.6562387 1.6562387 1.5675796 1.7083915 1.4779341 1.5639800 1.8378632 1.7684151 1.9828533 1.6825193 1.6168511 1.6705819 1.5509490 2.2492402 1.6781398 1.6264634 1.7034596 1.8016377 1.6104630 1.8367913 1.0564441 1.6207909 1.7810533 1.6384140 1.7061576 1.7046803 1.7973044 1.9583298 2.0094609 1.9517819 1.9703330 1.9046962 2.6009095 1.8468608 2.6234149 2.6707823 2.6092748 2.4009636 1.9461837 1.9148684 2.4696112 1.8638316 3.5269497 2.3898241 2.7077530 3.0139333 3.0286993 2.7771132 2.5134431 2.9136030 2.7219485 2.7115309 2.8937167 2.8736190 3.0735142 2.3782053 2.3782053 1.5554481 2.2894605 
Lcom_lcpid99343                                        3.2047080 0.5816353 2.5587525 2.0132976 2.0132976 2.4242756 2.4302823 0.9019540 0.9019540 0.7534459 2.6908990 2.4715177 2.4468538 3.0256410 3.0256410 2.7731945 2.3337632 2.0352131 3.0774301 1.8773700 2.8236234 2.5382371 2.7906801 1.9873990 2.3506057 2.5113331 2.3676769 2.0369696 0.0183317 0.0000000 0.6714076 0.6889153 1.7281717 1.8819794 1.9697598 1.9645243 0.0000010 1.3107183 1.7455859 1.6800969 1.8476845 3.7224809 1.3238310 1.3238310 1.7235626 1.9253052 1.4779341 1.9515709 1.6465193 1.9054160 2.3393793 1.4857975 1.4234904 1.7542094 1.5308969 1.4236078 0.8068566 1.9024719 1.8307813 2.1456862 2.1176102 2.6850551 1.4236078 1.6196711 1.8545813 1.8476140 1.9784510 2.0099951 2.2572275 2.4902439 2.6098269 2.4218478 2.6897955 3.7962827 2.6277117 4.3159963 2.2293428 2.5192448 2.8426305 2.8446832 2.1756759 2.7761876 2.7264125 1.8220957 4.1058522 2.2832891 2.2832891 3.0202278 2.7329346 2.6543846 2.8760989 2.7750201 2.5644778 2.8679177 3.0967755 3.0465452 2.8416517 2.3999838 2.3999838 2.1207452 1.4236078 
Gracom_Gcom_scaffold11189_01                           3.8785095 3.8062351 3.2144858 3.6768540 3.6768540 3.1746686 3.2049048 3.2205308 3.2205308 3.2202040 3.1936512 3.1573086 2.9761882 3.8441556 3.9524201 2.3923136 2.3822750 2.3457144 2.5802793 2.1626453 2.3085533 2.2361337 2.2728953 2.3549161 2.2764821 2.7075280 2.5162157 3.0076716 0.5884433 0.6714076 0.0000000 0.4438260 2.0400782 2.1133706 1.7961159 2.0559351 0.9096207 1.5845672 1.7794985 1.8314896 1.8378021 1.6442642 1.5702631 1.5702631 1.5280017 1.7000216 1.4701911 1.6218491 1.9678829 1.7619005 1.9145422 1.7171620 1.6427963 1.6634107 1.5677201 2.2147191 2.1087616 1.5027111 1.6202507 1.6693097 1.6481152 1.8221763 1.0718721 1.5081429 1.7637442 1.6376965 1.7194424 1.7882210 1.8900999 1.8941600 1.8865027 1.8662381 1.8693815 1.9450078 2.6593787 1.7879580 2.4694531 2.5099138 2.5710305 2.4045427 1.8473244 2.0730229 2.3797201 1.9146912 3.5719449 2.3795942 2.8378265 2.8701046 2.9962778 2.8261675 2.3055546 2.8533352 2.8324409 2.7196833 2.6542055 2.8633965 2.8804764 2.3596295 2.3596295 1.7059842 1.8358946 
Scil_scict002421.2                                     3.7916490 3.7350983 3.1638312 3.5308158 3.5308158 3.1841705 3.2009664 3.2840930 3.2840930 3.3936894 3.2540757 2.9864393 2.9894486 4.3540779 4.4854009 2.3827467 2.2995248 2.2231479 2.5086659 2.1766426 2.2544698 2.2183833 2.2303422 2.0113603 2.3428664 2.5268555 2.5825531 2.6518593 0.6033157 0.6889153 0.4438260 0.0000000 2.0897498 2.2309105 1.7386252 2.1586568 0.9751746 1.6043924 1.8015155 1.8705680 1.8365213 1.6237417 1.5899145 1.5899145 1.5768008 1.7584494 1.8045446 1.6502017 2.0464342 1.7898842 1.9713708 1.7104145 1.6106638 1.7070852 1.5552109 2.1466598 1.9375109 1.5590604 1.6313930 1.7664335 1.5872866 1.8951975 1.0543285 1.5427849 1.7877221 1.7447106 1.8339060 1.8104586 1.8083868 1.9644255 2.0020380 1.8778925 1.9899615 2.0602707 2.6305915 1.6738357 2.5822377 2.5358598 2.6864348 2.6621734 1.8784580 2.1707994 2.4206291 1.9689197 3.6168337 2.4983506 2.8873485 3.1898011 3.2234344 2.9244629 2.4183086 2.8603937 2.7487663 2.8221183 2.7608858 2.9237147 2.9761973 2.3027906 2.3027906 1.5409433 1.7801085 
Aque_Aqu2.1.41907_001                                  3.9504457 3.1963396 3.5073543 3.8844473 3.8844473 3.5624487 3.5731026 3.4302031 3.4302031 3.4264313 3.3314092 3.9152112 3.3840518 5.1005819 5.2527857 2.6285337 2.9024118 2.6989113 2.9072613 2.6154420 2.6690591 2.6498361 2.5898222 2.5103637 2.5269051 2.5665825 2.8114186 2.8267974 2.0013615 1.7281717 2.0400782 2.0897498 0.0000000 0.3128893 0.5494655 1.2595417 0.5266327 1.5970161 1.7846930 1.9487241 1.1083579 1.0630436 2.1257274 2.1257274 1.9078356 2.1620459 1.6790744 2.2099534 2.0733293 2.4021260 2.5106594 2.4469970 2.3613767 2.2309596 2.1565285 2.7715169 2.4972935 1.9752262 1.9384517 2.0048226 2.1628324 2.1695517 1.9363779 1.8267563 2.1544069 2.2182579 2.0806298 2.0440119 2.1692991 2.2802181 2.2844642 2.3473188 2.2465912 2.2002230 2.7846521 2.2492536 2.6045646 3.0148991 2.4989834 2.7678149 2.3292003 2.3178354 2.4415407 1.2481129 3.3326716 2.8069814 3.2180967 3.9766175 3.1693245 3.1435208 2.7404603 2.9949459 3.0009786 2.7641948 2.7564075 3.1900619 2.8357818 2.1383926 2.1383926 2.0517557 2.5696890 
Halamb_c44497_g1_i1m.17572                             3.9704808 3.5596966 3.4088874 3.3882696 3.3882696 2.9236816 2.9236816 3.4172295 3.4172295 3.4226019 3.2198971 3.3776143 2.9945841 2.9315162 2.9315162 2.5848301 2.6696298 2.4600612 2.9496753 2.6122674 2.5807601 2.6272724 2.6290674 2.4880483 2.6496866 2.6530569 2.9679481 2.3723805 2.1507460 1.8819794 2.1133706 2.2309105 0.3128893 0.0000000 1.9004402 1.1584760 0.4477075 1.6576767 1.9543046 1.7114207 1.0138785 0.8641031 2.1704360 2.1704360 1.9058518 2.1986142 1.6359415 2.2356789 2.0792653 2.1821458 2.6356543 2.7679052 2.7405972 2.3224806 2.3305056 4.4193207 2.9356465 2.1188534 2.0950113 1.9202186 2.0494907 2.2340250 2.0805534 1.8859836 2.1384105 2.3517920 2.2328823 2.2392010 2.3519323 2.4076504 2.3689746 2.3327158 2.2647706 3.4851518 2.9368503 5.7258713 2.8268231 3.0351284 2.6386783 3.6544047 2.2381795 2.3915918 2.5687159 1.1282789 3.5914434 2.8236712 2.8588686 3.6546532 2.9330133 2.6413825 2.8984791 2.8244169 3.0160014 2.7122424 2.7496577 3.3744587 2.7929923 2.0345257 2.0345257 2.1044929 3.5252718 
Halamb_c19053_g1_i1m.3338                              3.6041106 3.0014411 3.0745869 3.4932132 3.4932132 4.1337849 4.1711391 3.3981762 3.3981762 3.4003092 3.5988858 5.6053439 4.1165729 7.1341271 7.5006263 2.3651955 2.8340339 2.8000577 2.4526146 2.4144472 2.2382083 2.2164693 2.1811522 2.5744912 2.3445984 2.1972087 2.5259284 8.9999987 1.9923365 1.9697598 1.7961159 1.7386252 0.5494655 1.9004402 0.0000000 1.5281535 0.5821598 1.8670216 1.9227469 3.3905505 2.0158498 1.2762435 2.0214937 2.0214937 1.7941298 2.1433271 0.0000010 1.9954008 2.1221797 2.9209976 2.8460443 2.0966931 1.9426517 2.0755351 2.2968228 3.2239170 1.1949480 1.7463296 1.7801619 2.3895465 1.9059144 1.9848234 1.7929742 1.9190491 2.2650848 2.2883373 1.9797983 1.9328655 1.9822800 1.9863894 2.0836181 2.0430779 1.8978390 1.9228707 2.6935186 2.0390001 2.5381810 2.9366155 2.2641494 2.6466533 2.1195206 2.1157945 2.3438007 2.4215890 2.9301443 2.8550228 4.5221455 5.6900665 3.3203523 5.2478808 2.6851594 3.2762607 3.1575688 3.1447185 2.8405278 3.1183275 3.1502421 2.5049332 2.5049332 2.0641260 2.6895202 
Tetwil_g3847.t2                                        3.1574106 3.6119189 3.6222060 3.9212341 3.9212341 3.2671508 3.2746988 3.4101934 3.4101934 3.4650916 3.6153936 3.7801953 2.8957194 4.1922265 4.1922265 2.3347675 2.3258986 2.2366825 2.2831048 2.2704227 2.2721655 2.1965399 2.2130588 2.3267596 2.4027252 2.1622226 2.7962017 2.6327398 2.0128933 1.9645243 2.0559351 2.1586568 1.2595417 1.1584760 1.5281535 0.0000000 0.2858713 1.7173248 1.8686952 1.9593707 0.6410564 0.6155185 1.7789742 1.7789742 1.9335874 2.0108503 1.6297564 1.8376576 2.1813935 2.1824508 2.3351271 2.2739641 2.1331737 2.0614271 2.0509998 2.9863393 2.7304261 1.9534202 2.1238026 1.7928696 1.9458678 2.0066092 1.9447861 2.0466525 2.0766684 1.9562538 2.1321691 2.0173568 2.0957332 2.1257742 2.1622913 2.1237700 1.9913106 2.3006108 2.7330147 1.9461808 2.8802396 2.4530766 2.3118833 2.7862502 2.2892892 2.2055739 2.2217551 0.9554686 3.2506771 2.3924141 2.8084229 2.8782078 3.0883336 2.6257450 2.6663948 2.8699464 2.9557919 2.9405816 2.9439334 2.8422248 3.1549415 1.8276509 1.8276509 1.8757667 4.0874233 
Stycar_maker-SC_scaffold5881-augustus-gene-0.75-mRNA-1 0.0000010 2.7964599 2.7409721 2.9980886 2.9980886 2.7365754 2.7365754 2.4381913 2.4381913 2.4381913 2.2369039 3.7680030 2.6431146 9.0000000 9.0000000 1.0627257 1.0094404 1.0094404 0.8094530 0.8094530 1.0144731 1.0632969 1.0632969 0.0000010 1.1576201 1.2603902 1.2603902 0.0000010 0.8840022 0.0000010 0.9096207 0.9751746 0.5266327 0.4477075 0.5821598 0.2858713 0.0000000 0.6793814 0.6760763 0.8942420 1.1330953 0.0000010 0.6234225 0.6234225 0.8217447 0.9082206 0.0000010 0.9963169 3.1301533 1.9521240 0.9406497 1.7067998 1.4097561 1.0936010 0.9035043 9.0000000 2.2009504 0.8143254 0.9268838 0.7808609 0.7753346 0.7995515 0.8120851 0.9934337 1.0648131 0.8746260 1.0954341 0.9020630 0.9207551 0.9302713 1.0143252 0.9372339 0.8522622 1.2028765 1.3756829 1.1963621 1.5164922 1.5620983 1.1392428 1.4311139 1.1308599 0.9847222 1.0640479 0.2077577 1.4721180 1.4167182 3.1731143 1.7974482 2.6046110 1.8229641 1.2288834 1.6782283 1.8183171 1.7353684 1.5390823 1.8095709 2.3378482 1.5483716 1.5483716 0.9651003 3.4649746 
