121
Emue_Em0011g632a.t1                                            0.0000000 0.0000010 0.4476227 1.2558030 1.2558030 0.0000010 0.0000010 2.0143327 2.9139088 0.8561207 1.3861379 1.3861379 2.1064373 2.1257996 2.8440344 2.3388735 1.1102484 2.6960419 2.2095488 2.2414393 1.8462973 2.0674154 2.4366187 2.4954464 2.3987873 2.5565762 3.5366699 2.0923495 0.0000010 0.0000010 2.6100148 3.2522314 1.8633135 2.1348097 2.9097172 2.9097172 2.1943104 1.3952468 1.3514435 1.3265683 2.1880217 2.7128939 0.8773264 2.7576449 2.1534231 2.2917611 2.5118041 2.8167734 2.7953921 2.2630001 1.2229908 1.4115491 2.5468102 2.7497239 3.7123628 2.9006947 2.7951144 2.9512841 3.0275347 2.7908670 3.1031335 2.7887538 3.1520710 2.5010069 2.5565762 2.2009270 3.1745554 4.6676464 0.7103422 3.0138054 1.4907869 0.7103422 3.0944372 2.9598345 3.6627750 3.3290843 3.0719926 2.6348244 2.7051087 2.7879265 3.0700666 1.5687887 0.0000010 2.2208286 2.1607088 2.0003769 2.7268270 3.1773603 2.2908806 2.2777381 2.5427247 2.7497899 3.1106055 2.8418977 3.6012608 3.5696467 2.8852598 2.3491640 2.4258761 2.4934001 2.6346388 2.7507092 2.2816623 3.4529099 2.4593804 3.1108938 2.0436899 3.0783473 2.9022991 3.3748574 2.5699645 2.5971520 2.5385585 2.6812993 1.3406955 1.4924448 2.1536214 2.9183695 2.4445677 2.5235612 4.6284353 
Emue_Em0011g637a.t1                                            0.0000010 0.0000000 0.3902010 0.9174327 0.9174327 0.0000010 0.0000010 1.5438961 5.4072551 0.0000010 1.0747987 1.0747987 2.0628949 2.1392415 2.4987321 2.2427150 1.1833994 2.8064956 2.2205657 2.1865896 1.8462973 1.8533001 1.9667379 2.0685800 2.1330518 2.5565762 3.2860715 0.0000010 0.0000010 0.0000010 2.6364298 2.5503280 1.8633135 2.1348097 2.5365179 2.5365179 2.2397526 1.3952468 1.3514435 1.3265683 2.0859496 2.5493635 0.8011264 2.7773473 2.1534231 1.9470228 2.1499925 2.7382889 2.6982970 2.1958923 1.2553247 1.4115491 2.0713730 2.4704764 3.3560900 2.7522403 2.6761580 2.7931657 2.9178831 2.5810394 0.0000010 2.5689286 2.5248904 2.5010069 2.5565762 2.2009270 2.3056464 4.6676464 0.7103422 2.2948773 1.4907869 0.7103422 2.8966583 2.5234277 3.6893806 3.0868355 3.0458685 2.5381829 2.2775209 2.1884779 2.3591370 1.5687887 0.0000010 1.8097388 1.6282260 2.0003769 2.3758097 3.0754124 1.8629434 1.9738852 2.1774640 2.4341882 3.0557627 2.7875204 2.9153646 2.8713393 2.7756339 2.0246448 2.4979522 2.1702434 2.8606245 0.0000010 2.6851246 6.2717634 2.2324030 2.8946429 1.6962035 2.3431221 2.8156402 4.3420219 1.2235081 0.0000010 2.0789233 1.9089275 1.1774233 1.5168174 0.0000010 1.3585455 1.6912254 0.0000010 3.7617318 
Spolac_c96176_g1_i1_m.12664c96176-g1                           0.4476227 0.3902010 0.0000000 3.4500979 3.4500979 0.0000010 0.0000010 2.0921183 7.8872229 2.5565762 1.0956017 1.0956017 2.2871746 2.4364840 2.6378799 2.7868364 0.0000010 2.9189437 2.4519607 2.3841050 4.1227969 2.3620418 2.4949045 2.5343017 2.5820563 0.0000010 3.6198465 0.0000010 0.0000010 0.0000010 3.9783293 3.2845178 0.0000010 0.0000010 3.1244038 3.1244038 2.3440305 0.0000010 0.0000010 0.0000010 4.0200012 3.1227862 0.0000010 4.6497884 5.9984486 2.2265368 2.4078875 3.3070206 3.3070206 2.8428242 0.9973392 0.0000010 3.5876220 2.4686063 8.9999990 2.2820558 2.3454856 2.4649278 2.5616510 2.2626492 1.0997691 2.4262169 3.4135586 9.0000000 0.0000010 2.6409036 3.5204555 0.0000010 0.0000010 3.7522511 0.3542224 0.0000010 4.1562322 4.1879672 4.3252239 8.3687235 7.2207363 4.1478284 3.1017274 3.7059666 3.3872478 0.0000010 0.0000010 2.6418664 2.7250667 2.7509459 3.6996339 6.8046649 8.9999988 2.2359979 2.2359979 3.1248172 3.7850345 3.5211496 5.3509518 5.3509518 3.2859570 4.1484041 5.1298276 3.8182031 2.6972832 1.7051488 2.4369112 2.8536727 2.8473791 2.9740438 2.6815145 3.9539903 2.4909624 3.2285425 2.2877193 3.5336147 3.5143742 2.3368454 1.4278900 1.5230799 1.8512450 2.1062446 1.8784260 0.5638475 5.9343659 
Emue_Em0011g634a.t1                                            1.2558030 0.9174327 3.4500979 0.0000000 0.0000010 0.4813891 0.5055976 1.0472326 0.9613254 0.7700314 0.8418819 0.8418819 1.0449107 1.0315700 0.9480342 1.1610944 1.1305135 1.2981785 1.0394849 1.0502468 1.0014993 1.2707405 1.1226606 1.1226606 1.0461856 1.4929626 1.5777902 1.7149838 1.6321470 1.3493529 1.3689682 1.5349297 1.3149181 1.5057816 1.5268083 1.5268083 1.0432843 3.3211221 8.9999987 0.9452994 1.2442282 1.2499949 0.8131050 1.6493569 1.4323175 1.0626201 1.1455397 1.6787078 1.2154982 1.1828647 1.1265693 1.1726178 1.0928243 1.2822840 1.4911825 1.2217121 1.3244747 1.2180653 1.2180653 3.4826230 1.7097680 1.0045963 1.1986938 1.5541516 1.4747158 1.5541516 1.5156209 1.4395450 1.4329235 1.5886949 1.5503073 1.5503073 1.7030887 1.6439101 3.1907097 2.0669185 1.9668856 1.6650070 1.7669640 1.5386467 1.9295677 1.1868339 1.9094437 1.2422758 1.5332655 9.0000000 1.3549254 1.4182490 1.9160275 1.8507384 8.9999986 9.0000000 1.3957855 1.2453971 2.5833774 1.3138360 1.4214554 1.5971451 7.4289936 1.5473412 1.1292763 1.5445090 6.7930304 3.5396005 1.7035068 1.1744634 1.7047998 2.1941600 2.3148556 3.1542283 6.0328681 1.7097680 9.0000000 3.2126309 5.8526679 2.9842012 3.9179768 1.8671606 1.7097680 2.2811319 1.7134910 
Emue_Em0011g639a.t1                                            1.2558030 0.9174327 3.4500979 0.0000010 0.0000000 0.4813891 0.5055976 1.0472326 0.9613254 0.7700314 0.8418819 0.8418819 1.0449107 1.0315700 0.9480342 1.1610944 1.1305135 1.2981785 1.0394849 1.0502468 1.0014993 1.2707405 1.1226606 1.1226606 1.0461856 1.4929626 1.5777902 1.7149838 1.6321470 1.3493529 1.3689682 1.5349297 1.3149181 1.5057816 1.5268083 1.5268083 1.0432843 3.3211221 8.9999987 0.9452994 1.2442282 1.2499949 0.8131050 1.6493569 1.4323175 1.0626201 1.1455397 1.6787078 1.2154982 1.1828647 1.1265693 1.1726178 1.0928243 1.2822840 1.4911825 1.2217121 1.3244747 1.2180653 1.2180653 3.4826230 1.7097680 1.0045963 1.1986938 1.5541516 1.4747158 1.5541516 1.5156209 1.4395450 1.4329235 1.5886949 1.5503073 1.5503073 1.7030887 1.6439101 3.1907097 2.0669185 1.9668856 1.6650070 1.7669640 1.5386467 1.9295677 1.1868339 1.9094437 1.2422758 1.5332655 9.0000000 1.3549254 1.4182490 1.9160275 1.8507384 8.9999986 9.0000000 1.3957855 1.2453971 2.5833774 1.3138360 1.4214554 1.5971451 7.4289936 1.5473412 1.1292763 1.5445090 6.7930304 3.5396005 1.7035068 1.1744634 1.7047998 2.1941600 2.3148556 3.1542283 6.0328681 1.7097680 9.0000000 3.2126309 5.8526679 2.9842012 3.9179768 1.8671606 1.7097680 2.2811319 1.7134910 
Tetwil_g26551.t1                                               0.0000010 0.0000010 0.0000010 0.4813891 0.4813891 0.0000000 0.4153773 0.7404241 0.7769731 0.4361124 0.6140518 0.6140518 0.7625809 0.8377421 1.0595538 1.0774643 1.0350322 1.3898209 0.7723596 0.8542745 0.0000010 0.8413217 1.2537776 1.2537776 0.9299728 2.0341105 1.4553607 1.3850816 1.4618781 1.4618781 1.4041687 1.2879426 1.0457124 0.0000010 1.6284630 1.6284630 0.8942475 2.3442134 0.0000010 0.4469574 2.2763281 1.8189024 1.2253321 1.3604034 1.3707407 1.0990051 1.2896711 4.5372859 1.3268955 1.0306347 1.1852602 1.0854556 0.9123889 1.2756246 0.0000010 1.6639439 1.8120975 1.5714580 1.5714580 8.1260249 0.5499685 1.3525336 1.3985247 1.0359644 1.0359644 1.0359644 1.1324389 1.1131559 1.1651947 0.9943340 0.9482509 0.9482509 1.1387872 1.5111939 0.0000010 1.7078725 0.0000010 1.6401041 2.1420438 1.4110009 4.9716461 1.4430216 2.6697562 1.4608205 1.7240776 0.0000010 1.3991506 0.0000010 5.4211015 4.2305272 7.6112040 0.0000010 1.4324212 1.4115551 4.3721854 1.1583881 1.2837148 2.0016302 1.7907247 2.6016286 5.2576599 0.0000010 3.2430047 1.9569205 2.5740033 0.4688777 1.7890153 2.1688588 1.8613398 0.3851794 0.5499685 2.5565762 0.0000010 3.1679614 0.0000010 0.0000010 5.1251551 3.3088571 0.5499685 0.5351469 0.8012090 
Stycar_snap_masked-SC_scaffold140307-processed-gene-0.1-mRNA-1 0.0000010 0.0000010 0.0000010 0.5055976 0.5055976 0.4153773 0.0000000 0.7873732 0.8584984 0.5417264 0.8935271 0.8935271 0.9257353 0.8860652 0.9760857 1.0887253 0.8892178 1.2445512 0.9066176 0.9365139 0.0000010 0.9236329 1.0208964 1.0208964 0.9802874 1.2841611 0.8829820 1.2860763 1.2860763 1.2860763 1.0297434 0.9541283 1.0398006 0.0000010 1.3147562 1.3147562 0.8819021 1.4022595 0.0000010 0.7571190 2.1979878 1.7662573 0.2787775 1.1569060 1.1569060 1.0284881 0.9618703 6.7217690 1.0916851 1.0801838 1.0724915 0.7964447 0.7897155 1.3658158 0.0000010 1.4959982 1.4958027 1.5019320 1.5019320 8.9999989 0.0000010 1.2773242 1.4976580 1.2802453 1.2802453 1.2802453 1.4534387 1.4534387 1.3585591 1.3674828 1.4024884 1.4024884 1.3378037 1.3988898 0.0000010 1.7927057 0.0000010 1.6876977 1.8933565 1.5289775 4.9173579 1.3151963 2.4580071 1.4778962 1.1236138 0.0000010 1.3554807 0.0000010 5.1464489 5.1464489 8.9999985 0.0000010 1.3418021 1.0513148 3.8005967 0.8401937 1.2841904 3.0630389 0.0000010 2.5138149 9.0000000 0.0000010 4.2113529 5.8886297 3.4690426 0.0000010 1.3060979 1.5478470 9.0000000 0.0000010 0.0000010 0.0000010 0.0000010 2.3754668 0.0000010 0.0000010 5.9429728 2.1282156 0.0000010 9.0000000 1.2481873 
Aque_Aqu2.1.24313_001                                          2.0143327 1.5438961 2.0921183 1.0472326 1.0472326 0.7404241 0.7873732 0.0000000 0.1546381 0.2980885 1.1160163 1.1160163 2.0441628 1.9557173 1.9678323 2.1295652 1.0608378 1.9320242 1.8718567 1.8590578 1.3974570 1.9108924 1.9063224 1.9096845 2.0116824 1.1866855 2.3496719 1.5418826 1.5635504 1.2213235 1.6972240 2.3124458 1.4622847 2.0638511 2.2808857 2.2808857 1.7716631 2.0706305 1.8085914 1.1258036 1.7250620 1.9384367 0.6843413 2.0364610 1.5260827 1.9771319 1.8993311 2.6616296 2.2453211 1.7851844 1.2740251 1.2814512 2.2015227 2.1058862 2.4929667 2.1228321 2.1706241 2.1704893 2.1460521 2.5881228 3.5572381 2.0266473 2.0570927 1.9468971 1.8150729 1.8301669 2.3910847 1.8538341 1.4988213 2.4411326 1.6483217 1.6353998 2.5523513 2.5887564 3.8839174 2.2458925 2.3787420 2.6132311 2.7039209 2.3731462 2.5626914 1.3799521 2.0067617 2.1058235 1.9821092 1.8671329 2.3883255 1.5058644 2.4746586 2.6830883 4.2810931 3.2364963 2.2753746 2.3490190 3.1318688 2.5401961 2.3136370 1.9937018 2.1982533 2.3968140 2.3312179 2.8109742 3.5362124 3.1907464 2.2072730 2.6316498 2.1761426 2.5800334 3.0350159 3.9135107 2.9306115 2.4509491 3.3025376 3.2327598 1.6699049 2.2252161 2.3523432 2.8513645 2.3102834 3.4621194 4.6402939 
Aque_Aqu2.1.24315_001                                          2.9139088 5.4072551 7.8872229 0.9613254 0.9613254 0.7769731 0.8584984 0.1546381 0.0000000 0.3031272 0.9530303 0.9530303 1.3203871 1.2884595 1.3366325 1.5010124 1.1818405 1.9629964 1.1780924 1.1531038 0.0000010 1.2376169 1.4750225 1.4750225 1.2067096 1.4510340 1.2894611 1.4245761 1.5142066 1.5142066 1.2735905 1.1963575 1.0500595 0.4187749 1.7511044 1.7511044 1.2656912 5.4808691 3.3476658 0.8426826 1.0429792 1.8416970 1.9707260 1.7038672 1.4578030 1.3416738 1.3787379 5.1509472 1.3899527 1.1865158 1.0926632 1.0956981 1.2565157 1.4005908 0.0000010 1.5936124 1.7860681 1.5543810 1.5543810 5.6286690 0.0000010 1.1584259 1.8229420 1.6109371 1.6109371 1.6109371 1.8046124 1.6503048 1.6802115 1.6042903 1.7032483 1.7032483 1.9046719 2.1712167 2.8619749 2.1438049 8.6660130 1.6769319 1.7397125 1.5829933 2.4893976 1.1486555 2.3393201 1.3437691 1.5848410 0.0000010 1.6425039 0.9935114 8.9999987 7.1144056 8.9999988 8.9999984 1.5380353 1.6029568 4.5917647 1.5453700 1.6990296 2.0970942 2.8943440 1.7149511 1.9629994 1.7358629 6.8403410 4.9153725 1.6450190 3.0250420 1.8609527 1.7800568 1.9438871 2.8218433 1.1014503 0.9326558 0.0000010 2.6501903 2.7844289 3.4665353 2.8856321 1.8383197 0.2428485 0.4160022 4.2111484 
Halamb_c15823_g1_i1m.2704                                      0.8561207 0.0000010 2.5565762 0.7700314 0.7700314 0.4361124 0.5417264 0.2980885 0.3031272 0.0000000 0.7526487 0.7526487 0.9832648 0.9760385 1.2805745 1.2408068 1.1776877 1.1375228 0.9821608 1.0212595 0.0000010 0.9470064 1.3315037 1.3315037 0.9878458 1.0957335 1.0649751 1.1791636 1.3669684 1.2116414 1.0591315 1.0741766 1.0494217 1.2155978 1.1777890 1.1777890 1.2063343 3.7446761 6.0962346 0.9625821 1.3458010 1.3040788 0.0000010 1.5411956 1.3559172 1.1695010 1.0987094 1.4449976 1.0714193 0.9704110 0.9975095 1.0268130 1.2529934 1.0282402 2.7256427 0.9976802 1.2171844 1.0153566 1.0153566 4.8064214 0.0000010 0.9668602 1.2349823 1.3756222 1.3756222 1.3756222 1.3072989 1.3072989 1.3333562 1.2717510 1.2603973 1.2603973 1.6032545 1.6327572 4.7807028 1.7601886 1.0518322 1.1016302 1.1345118 1.1486073 1.5331724 1.0342809 1.3507322 0.9865399 1.3128396 0.0000010 1.3141616 1.3275196 4.6423321 4.6423321 9.0000000 0.0000010 1.3047940 1.2094708 2.3542971 1.0494185 1.3657766 1.6328475 3.0524031 1.7649554 1.3868505 1.5236700 8.9999990 2.7927025 1.4276573 3.8086726 2.3673114 1.8425486 3.8086726 8.9999989 0.0000010 0.0000010 0.0000010 3.7041364 2.5565762 0.0000010 1.5075510 3.8086726 0.0000010 2.5565762 0.6769384 
Plespi_Pspi_scaffold2272_01                                    1.3861379 1.0747987 1.0956017 0.8418819 0.8418819 0.6140518 0.8935271 1.1160163 0.9530303 0.7526487 0.0000000 0.0000010 0.9160772 0.9313655 0.9573175 1.0797766 0.8341061 1.2219225 0.9341098 0.9351602 1.0321846 1.0814348 1.0685610 1.0774252 1.0351411 0.9682146 1.3150688 0.9693820 1.0488877 0.8344567 1.3406949 1.3155051 1.3341404 2.3713031 1.6294989 1.6294989 1.0787809 1.9435468 1.7748919 0.9451536 1.2385440 1.0479617 1.1921417 1.2030556 1.1675486 1.0850672 1.0898814 1.6897865 1.2464672 1.0204290 0.9845835 0.9687173 1.2066392 1.1803062 1.8117688 1.0887480 1.1599866 1.0759355 1.0759355 1.6355782 3.3629461 1.0258557 1.2518216 1.2929002 1.1946314 1.2785759 1.3537133 1.1843950 1.1190206 1.3776957 1.2403776 1.2000925 1.5691794 1.4881651 2.1825662 1.4560920 1.6102250 1.4873525 1.6552409 1.5475761 2.0028675 1.1863440 1.7081652 1.2862459 1.3903555 1.3779841 1.2603808 1.1098259 2.1572224 1.9777134 3.0215021 1.9506667 1.4642779 1.2509674 2.1934798 1.5594934 1.2803292 1.2666163 1.6276601 1.5464891 1.3428062 2.6465692 3.2094762 4.5329379 1.2239032 1.6522475 1.3933387 2.0567639 1.9197485 3.1845051 5.7392347 7.0875242 3.6873129 3.6239706 1.0454413 0.9091157 4.3250776 3.7499751 3.6232802 5.7713028 2.2238571 
Plespi_Pspi_scaffold2273_01                                    1.3861379 1.0747987 1.0956017 0.8418819 0.8418819 0.6140518 0.8935271 1.1160163 0.9530303 0.7526487 0.0000010 0.0000000 0.9160772 0.9313655 0.9573175 1.0797766 0.8341061 1.2219225 0.9341098 0.9351602 1.0321846 1.0814348 1.0685610 1.0774252 1.0351411 0.9682146 1.3150688 0.9693820 1.0488877 0.8344567 1.3406949 1.3155051 1.3341404 2.3713031 1.6294989 1.6294989 1.0787809 1.9435468 1.7748919 0.9451536 1.2385440 1.0479617 1.1921417 1.2030556 1.1675486 1.0850672 1.0898814 1.6897865 1.2464672 1.0204290 0.9845835 0.9687173 1.2066392 1.1803062 1.8117688 1.0887480 1.1599866 1.0759355 1.0759355 1.6355782 3.3629461 1.0258557 1.2518216 1.2929002 1.1946314 1.2785759 1.3537133 1.1843950 1.1190206 1.3776957 1.2403776 1.2000925 1.5691794 1.4881651 2.1825662 1.4560920 1.6102250 1.4873525 1.6552409 1.5475761 2.0028675 1.1863440 1.7081652 1.2862459 1.3903555 1.3779841 1.2603808 1.1098259 2.1572224 1.9777134 3.0215021 1.9506667 1.4642779 1.2509674 2.1934798 1.5594934 1.2803292 1.2666163 1.6276601 1.5464891 1.3428062 2.6465692 3.2094762 4.5329379 1.2239032 1.6522475 1.3933387 2.0567639 1.9197485 3.1845051 5.7392347 7.0875242 3.6873129 3.6239706 1.0454413 0.9091157 4.3250776 3.7499751 3.6232802 5.7713028 2.2238571 
Gfas_gfas1.m1.3957.m1                                          2.1064373 2.0628949 2.2871746 1.0449107 1.0449107 0.7625809 0.9257353 2.0441628 1.3203871 0.9832648 0.9160772 0.9160772 0.0000000 0.4879457 1.3585254 1.3809877 0.6829525 1.5696760 0.4525379 0.4569705 0.5298952 0.4188835 1.1722736 1.1966089 1.0099616 0.9862412 2.0569191 1.0884148 0.9951192 0.7992403 1.4005888 1.9151498 1.1222033 1.6250059 1.8669390 1.8669390 1.1083573 1.2362382 1.3653343 0.8737552 1.4265243 1.5416188 1.5094892 1.6793626 1.1781491 1.5362018 1.1638924 2.1443797 1.7829113 1.4691047 0.9875875 0.8247275 1.5436097 1.4745396 2.1102013 1.6654397 1.6381489 1.6841362 1.6896509 2.1890028 2.1254039 1.4695659 1.7392204 1.6159949 1.2378861 1.6073589 2.3522490 1.3009791 1.1725724 2.3332856 1.1825783 1.2561391 2.3701693 2.3696179 4.1717505 2.1102052 2.7119149 2.2175337 2.0717032 2.2771385 2.5391277 1.3006662 1.4393575 1.7673270 1.9908436 1.9252992 1.4695846 1.1963708 1.9322420 1.8776027 3.2546059 2.5239363 1.8118691 1.5815324 2.9562189 2.3906473 1.8726991 1.4558096 1.6972151 1.9849580 0.5957519 1.4853723 1.2217906 2.8492443 1.6571581 2.1742363 1.7027771 2.3344348 2.4750016 2.9280407 2.6959758 2.7777504 2.9451508 2.7951825 2.4446666 3.1925817 1.7424308 2.6752775 2.9260763 2.4145496 4.2070645 
Spis_XP_022797056_1                                            2.1257996 2.1392415 2.4364840 1.0315700 1.0315700 0.8377421 0.8860652 1.9557173 1.2884595 0.9760385 0.9313655 0.9313655 0.4879457 0.0000000 1.3237123 1.3517672 0.6687080 1.5017271 0.6436939 0.6314668 0.7216878 0.4014362 1.2086303 1.2561361 0.9869065 0.9960936 2.0119115 1.1105268 1.0203108 0.7948522 1.5044550 1.9765951 1.0408516 1.6005046 1.9118136 1.9118136 1.0659327 1.1915031 1.3067360 0.8197327 1.3933234 1.5752190 1.2180592 1.5627269 1.1382556 1.4421808 1.1825877 1.9952991 1.6816567 1.4707885 1.0708908 0.8693337 1.3956714 1.4497269 2.0787379 1.5428193 1.5565799 1.5184034 1.5350581 2.0429595 1.8636669 1.3760939 1.6578737 1.5235171 1.2167785 1.5737889 2.2701759 1.3301051 1.1398860 2.2967387 1.1750814 1.2213234 2.4472606 2.1669828 3.3824259 2.2316784 2.8446865 2.0101541 1.9975700 2.2003775 2.4882400 1.3609494 1.4504773 1.7344978 2.0377893 2.0341666 1.4869136 1.1707306 1.9331382 1.8049410 2.9710816 2.3622451 1.7978157 1.5073748 2.6123302 2.1182557 1.8572967 1.4286709 1.9431190 1.9628891 0.5829308 1.3446829 0.5821997 2.6444908 1.4743492 1.8986563 1.7929874 2.0247915 2.3486650 2.7229412 2.2354068 2.5238576 2.7559616 2.4535538 2.4396032 3.3931513 1.7194080 2.2286267 2.7603680 2.0178221 3.4030934 
Bralan_BLAG13000640_2                                          2.8440344 2.4987321 2.6378799 0.9480342 0.9480342 1.0595538 0.9760857 1.9678323 1.3366325 1.2805745 0.9573175 0.9573175 1.3585254 1.3237123 0.0000000 1.1565301 0.5909568 1.3296733 1.3268450 1.3232898 1.0468833 1.4033584 1.2695574 1.2980824 1.4024127 1.0571078 2.0520113 1.1108579 1.0981143 0.8678387 1.4665304 2.1763985 0.9440585 1.3977492 1.8102302 1.8102302 1.3525887 1.2980840 1.3247279 0.8269271 1.3171361 1.4371527 1.4444139 1.4732439 1.1397517 1.4553985 1.3931236 2.2482775 1.7879851 1.3982799 0.9074988 0.7813703 1.6169424 1.2767458 1.9209748 1.4680152 1.5173007 1.4710615 1.4668328 1.9760038 2.3013720 1.3626161 1.5492263 1.6143807 1.2163759 1.6286701 2.2572478 1.3092907 1.1925439 2.2447242 1.3130243 1.4359819 2.4898045 2.0924061 3.4208550 2.2872131 2.9684834 1.9481023 2.0512696 2.0447496 2.3162530 1.2060822 1.2802993 1.7766744 1.7565233 2.0797801 1.7259006 1.1846405 2.0196384 1.8460557 3.1274771 2.4144092 1.8623221 1.6482269 2.4352135 2.0090572 1.7896357 1.5567302 2.0787892 1.8537399 1.6509183 1.6876232 2.5809358 2.5103865 1.7012668 2.1834153 1.7214243 2.3358381 2.1651183 2.5719840 2.5408964 2.7550243 3.2141190 2.5011054 2.2696036 3.0796375 2.1717924 2.1623423 2.1056697 2.6351052 3.6769333 
Spur_XM_011665587.2                                            2.3388735 2.2427150 2.7868364 1.1610944 1.1610944 1.0774643 1.0887253 2.1295652 1.5010124 1.2408068 1.0797766 1.0797766 1.3809877 1.3517672 1.1565301 0.0000000 0.5415644 1.4361503 1.3710597 1.4635220 1.2128767 1.3672377 1.4308405 1.4650844 1.4460686 1.0483950 2.1001303 1.1025340 1.0635461 0.8343176 1.6244796 2.1747865 1.1462777 1.7908082 2.1210505 2.1210505 1.5679754 1.3825307 1.3465501 0.9919441 1.4570623 1.6161478 1.3236752 1.6290442 1.2328373 1.4733670 1.3311573 2.0839916 1.7316920 1.3746682 1.0100044 0.8933128 1.6773077 1.3938248 1.9342635 1.7469152 1.7744769 1.7797267 1.7749619 2.2119604 2.0578772 1.5512794 1.7107103 1.7544347 1.1921115 1.7441729 2.2352399 1.2483650 1.1707472 2.2354270 1.1504766 1.2685742 2.4060047 2.1048076 3.4176294 2.1549452 2.8413943 2.1279225 2.4300354 2.0805749 2.6172874 1.3938388 1.3575141 1.7866540 1.6934283 2.0939775 1.6377658 1.1938737 2.1346799 2.0532163 3.4007769 2.6230647 1.8621274 1.6852008 2.7070707 2.1813076 1.9631249 1.5723483 1.8662683 1.7438666 1.6428299 1.6457623 2.4674437 2.9374149 1.7478697 2.5169758 1.7228801 2.5943990 2.3586955 2.5644468 2.2620892 2.7306555 2.7016994 2.4932376 2.3963890 2.8468444 2.2494980 2.9445637 2.4426161 2.0416684 3.8389710 
Skow_XM_006816793.1                                            1.1102484 1.1833994 0.0000010 1.1305135 1.1305135 1.0350322 0.8892178 1.0608378 1.1818405 1.1776877 0.8341061 0.8341061 0.6829525 0.6687080 0.5909568 0.5415644 0.0000000 0.6115293 0.6743620 0.6660701 0.7623791 0.6489265 0.7609630 0.7609630 0.7909033 1.1548447 0.9915148 1.0127875 1.0787416 0.8802661 1.2089918 1.0697299 0.9419034 1.3407762 1.1122878 1.1122878 0.8246303 1.4768939 1.4346118 0.9233880 1.0234585 0.6966047 1.0241858 1.1158243 1.0425479 0.7902272 0.7786503 1.7013758 1.1258261 0.9785110 1.0538675 1.0130132 0.8468774 0.7068907 0.9090801 0.9036076 0.9252133 0.8877350 0.8877350 1.6783184 0.0000010 0.7930537 0.6951793 1.2092859 1.2690557 1.2092859 1.2399930 1.3510835 1.2425386 1.2483111 1.2398957 1.2553186 1.1735934 1.3305774 0.9885006 1.4655887 1.8402630 1.2448468 1.2737126 1.3925255 1.8101167 1.2565691 1.4236661 1.0273186 1.0690211 1.2718493 0.9260200 0.9820888 1.5021398 1.4685569 3.6119813 1.7807170 1.0531069 0.9450172 1.8294980 1.2158820 1.0199269 0.8405924 1.1456450 1.1244896 1.0326177 0.8671471 3.9676011 2.9280167 0.9958748 0.6508354 1.1118430 1.4256176 0.7750492 2.0284039 2.9521656 0.0000010 0.0000010 3.5817202 1.6418898 0.0000010 2.9399566 6.2259811 2.1515608 0.6808891 1.6277228 
Ctel_gnl_WGS_AMQN_CAPTEDRAFT_mRNA43016                         2.6960419 2.8064956 2.9189437 1.2981785 1.2981785 1.3898209 1.2445512 1.9320242 1.9629964 1.1375228 1.2219225 1.2219225 1.5696760 1.5017271 1.3296733 1.4361503 0.6115293 0.0000000 1.5206122 1.5841070 1.3776075 1.5802585 1.6430367 1.7107630 1.5888084 1.1040307 2.0950197 1.1660078 1.2386067 1.0361148 1.5414746 2.1707466 1.2088862 2.0658995 2.0991435 2.0991435 1.5685526 1.3505776 1.4084818 1.0321695 1.4750949 1.6046376 1.5023100 1.9732871 1.3916896 1.6773447 1.6318012 2.1029263 1.7956083 1.5607382 1.1545308 1.0751358 1.8445999 1.5485444 2.2368288 1.7276655 1.8110304 1.7029509 1.6839242 2.0848976 1.6006991 1.5575330 1.4458708 1.8894446 1.3171438 1.6887747 2.1302172 1.3814137 1.3417377 2.2962717 1.1693196 1.2988103 2.6159506 2.2423324 3.6628481 2.3060654 2.6877882 2.2008940 2.2157167 2.3854333 2.7163718 1.3856306 1.5968875 2.0063617 2.0867452 2.4508067 1.8144614 1.3719907 2.1474849 2.2063945 3.7991478 2.5791742 1.9254046 1.8807474 2.7472977 2.2698456 1.7552190 1.8789705 1.8980238 1.6250964 1.9071698 1.9874456 2.6848671 2.6601437 1.8550895 2.3837778 1.6595794 2.3078703 2.7160950 2.8622095 2.4386931 2.2946430 2.4753784 3.0236398 2.3473264 2.7887869 2.3406598 2.7612492 1.8031721 1.7246779 3.5788517 
Amil_Amillepora26054-RA                                        2.2095488 2.2205657 2.4519607 1.0394849 1.0394849 0.7723596 0.9066176 1.8718567 1.1780924 0.9821608 0.9341098 0.9341098 0.4525379 0.6436939 1.3268450 1.3710597 0.6743620 1.5206122 0.0000000 0.0252520 0.0261342 0.5316112 1.1061916 1.1356668 1.0048214 1.0006113 1.9270286 1.1606069 0.9867897 0.8341446 1.4065967 1.8603996 1.1102718 1.7147109 1.8942991 1.8942991 1.0156659 1.1689889 1.3288916 0.8297313 1.3322273 1.5443218 1.3238553 1.5746992 1.1870387 1.4072180 1.1033042 1.9548341 1.6088717 1.3600736 1.0059291 0.8159188 1.4919619 1.4519164 2.2707778 1.5466059 1.5129271 1.5396895 1.5318334 2.0660784 1.9426256 1.3406646 1.6763365 1.7306360 1.2060706 1.7138606 2.2060783 1.2332651 1.1433349 2.2678812 1.2726098 1.2825287 2.4109650 2.2983558 4.1958348 2.2733185 2.8714393 2.1974609 1.9902338 2.2014227 2.4466286 1.3649232 1.4470463 1.8168132 1.9459017 1.8061013 1.3712720 1.3018292 2.1039411 2.0255529 3.1828948 2.5320366 1.7088045 1.5411569 2.4934381 2.0055172 1.7866164 1.5268042 2.1125310 1.7859148 0.8222963 1.5206721 1.6172241 3.0876605 1.7812876 2.2337567 1.6610013 2.1626904 2.3954205 2.7832968 2.6444775 2.3551367 2.3977161 2.3338800 2.4214727 4.4452415 1.8257331 3.0692350 2.5269275 2.0018756 3.6953062 
Adig_XM_015913650.1                                            2.2414393 2.1865896 2.3841050 1.0502468 1.0502468 0.8542745 0.9365139 1.8590578 1.1531038 1.0212595 0.9351602 0.9351602 0.4569705 0.6314668 1.3232898 1.4635220 0.6660701 1.5841070 0.0252520 0.0000000 0.0262489 0.5272306 1.0800415 1.1200704 1.0118348 0.9982743 1.9566041 1.1744026 1.0000844 0.8424440 1.4520722 1.8795613 1.0779485 1.6466718 1.9416660 1.9416660 1.0332768 1.1640041 1.3073952 0.8139878 1.3056826 1.5172612 1.2954177 1.5810491 1.1732142 1.4601136 1.1095642 2.0243489 1.6841291 1.4214110 1.0260087 0.8252998 1.4979028 1.5148312 2.3200004 1.5767990 1.5458176 1.5840891 1.5767638 2.0810382 2.0759484 1.3728327 1.6441826 1.7602491 1.2290807 1.7622475 2.3103823 1.2539219 1.1592421 2.3133886 1.2772063 1.2938995 2.4689590 2.2981086 3.7039898 2.2808149 2.8908915 2.2710724 2.0281121 2.2601601 2.4712410 1.3398990 1.4442370 1.8022658 1.9611708 1.7603421 1.4631297 1.3018292 2.1677454 1.9553587 2.9631266 2.5409737 1.7629888 1.5886758 2.5727713 2.1087821 1.8474889 1.5259569 2.1350060 1.9256151 0.8024301 1.4130014 1.4618575 2.8173708 1.7262793 2.1441207 1.7570478 2.1588212 2.2461489 2.8993076 2.4629417 2.8462356 2.9289098 2.5176622 2.3588221 3.7013638 1.7850153 2.5002342 2.6890442 2.2227364 4.0317832 
Adig_XM_015913661.1                                            1.8462973 1.8462973 4.1227969 1.0014993 1.0014993 0.0000010 0.0000010 1.3974570 0.0000010 0.0000010 1.0321846 1.0321846 0.5298952 0.7216878 1.0468833 1.2128767 0.7623791 1.3776075 0.0261342 0.0262489 0.0000000 0.5286508 0.9702404 1.0407668 0.9263202 1.4094555 2.0458852 5.7998354 1.2257087 0.7575124 1.8127455 1.8223944 1.5238038 1.7938666 1.7992729 1.7992729 0.9119460 1.0322213 1.1086368 0.9659537 1.2787334 1.7133434 1.2918481 1.5066664 1.3876089 1.3971203 1.0701388 1.5266122 1.5266122 1.3895103 1.1986626 0.8811992 1.6753274 1.3431022 2.0173050 1.2521015 1.1854909 1.2973224 1.2973224 1.2022267 0.0000010 1.1741119 1.3346350 2.2351628 2.7426188 2.2361285 2.0870596 2.3111516 1.3767351 2.2268906 1.4557201 1.6647713 2.4640214 2.2001444 4.7214718 2.4427838 2.4720082 1.8634502 1.4775635 1.9554797 1.7912364 1.5723425 0.7204009 1.4449424 1.8852931 1.7397240 1.2705307 1.5053300 1.5374531 1.6159454 2.9671183 2.0235483 1.6627735 1.3637547 1.6367073 1.6367073 1.5586588 1.4090645 2.0968814 1.5924434 0.9440488 0.0000010 1.4026294 5.6447347 1.4055670 1.5452262 1.4510210 1.9928128 2.0112774 1.0914916 5.6345476 0.0000010 1.5180797 3.3806020 1.9547303 2.4904937 0.0000010 1.4613042 2.4094758 0.0000010 4.2293008 
Fspp_ffun1.m4.19709.m1                                         2.0674154 1.8533001 2.3620418 1.2707405 1.2707405 0.8413217 0.9236329 1.9108924 1.2376169 0.9470064 1.0814348 1.0814348 0.4188835 0.4014362 1.4033584 1.3672377 0.6489265 1.5802585 0.5316112 0.5272306 0.5286508 0.0000000 1.2348515 1.2691058 1.0391662 1.0545618 2.1303780 1.2294051 0.9356076 0.8778582 1.4632554 1.9289583 1.1317368 1.7755977 1.8898927 1.8898927 1.0452356 1.1309363 1.1025612 0.7937636 1.3837869 1.5260430 1.2985092 1.4205528 1.0979720 1.4195737 1.1857258 2.1808445 1.8094739 1.5019913 1.0591482 0.8609965 1.5386080 1.4340713 1.9212295 1.6907432 1.6629081 1.7183262 1.7123291 2.0693387 2.2736469 1.4449997 1.6947227 1.5925473 1.3397874 1.5404845 2.3054603 1.4853854 1.1677017 2.3232045 1.2319322 1.3105450 2.4786261 2.1978468 3.4039365 2.1017761 2.3022188 2.2200081 2.0915766 2.2068533 2.7995816 1.3593675 1.4118585 1.9008108 1.9321873 1.8376901 1.5544111 1.5917891 2.1526177 1.9530955 3.1550374 2.4363230 1.8000309 1.6189636 2.9094665 2.3481032 1.9309003 1.4644260 1.5481732 2.1074309 0.4164033 1.2968632 0.8806365 2.4668351 1.5614127 2.1493522 1.6430222 2.0560645 2.3163553 2.6216652 2.3331061 2.7010079 3.0609841 2.6484549 2.0937242 3.1749685 1.8467454 2.3691342 2.6606717 2.0541747 3.6322336 
Dgig_XM_028545398.1                                            2.4366187 1.9667379 2.4949045 1.1226606 1.1226606 1.2537776 1.0208964 1.9063224 1.4750225 1.3315037 1.0685610 1.0685610 1.1722736 1.2086303 1.2695574 1.4308405 0.7609630 1.6430367 1.1061916 1.0800415 0.9702404 1.2348515 0.0000000 0.0059618 1.1789144 0.9667873 2.0448022 1.3141522 1.2884114 0.9304734 1.4332524 1.8859227 1.0565000 1.6539263 1.8838549 1.8838549 1.2241582 1.4796905 1.5936168 0.9852400 1.3262173 1.5121409 1.2596524 1.3254617 0.8845655 1.3491972 0.6639118 2.2044165 1.7884786 1.4636528 0.8941963 0.8931933 1.4907033 1.4797731 2.0387209 1.3833019 1.4169029 1.3510015 1.3507771 1.9048179 2.7419701 1.3728612 1.8364814 1.7240041 1.1987947 1.6228614 2.2523155 1.3581568 1.1541077 2.2633097 1.3016719 1.4425544 2.4002247 1.8956697 3.0536798 2.1336314 2.8276809 2.1835172 2.2818325 2.1256068 2.5940997 1.2817718 1.4043445 1.7298304 1.9475709 1.6704001 1.6403411 1.0939907 1.9298818 1.8896629 2.9214585 2.4158703 2.1484834 1.4696776 2.6865894 2.2169311 1.9861022 1.4821050 1.6821890 1.8939080 1.4741239 1.8622233 2.4585061 2.5217906 1.5075338 2.0791606 1.7024454 2.3916045 2.3323885 2.9135727 2.5716611 2.5598044 2.6563118 2.6650588 2.0997430 2.8918773 2.2223960 2.1291277 2.3394646 2.8667615 3.1512022 
Dgig_XM_028559935.1                                            2.4954464 2.0685800 2.5343017 1.1226606 1.1226606 1.2537776 1.0208964 1.9096845 1.4750225 1.3315037 1.0774252 1.0774252 1.1966089 1.2561361 1.2980824 1.4650844 0.7609630 1.7107630 1.1356668 1.1200704 1.0407668 1.2691058 0.0059618 0.0000000 1.1991539 0.9667873 2.0799608 1.3075515 1.2884114 0.9304734 1.4722707 1.9244602 1.0594757 1.6652045 1.8861156 1.8861156 1.2699961 1.4852734 1.5984438 0.9871914 1.3283980 1.5531764 1.2654712 1.3883982 0.9521114 1.3968136 0.6894194 2.2458623 1.8227562 1.4736014 0.8967576 0.8931933 1.5360510 1.5049654 2.0478264 1.3881180 1.4210594 1.3630379 1.3628313 1.9201121 2.7468796 1.4056805 1.8606810 1.7992882 1.1987947 1.6946478 2.3216091 1.3581568 1.1541077 2.3174245 1.3016719 1.4425544 2.4429490 1.9033091 3.0196573 2.2046886 2.9927757 2.2041153 2.3110954 2.1517002 2.6006076 1.2850525 1.4043445 1.7521047 1.9506264 1.7314251 1.6318648 1.1016600 1.9298818 1.9521878 3.0343738 2.5277541 2.1705029 1.4885746 2.7357395 2.2572186 1.9877786 1.4848454 1.7465048 1.9670307 1.5247410 1.8637145 2.4650130 2.5344218 1.5585333 2.2046617 1.7125332 2.4134630 2.3341568 2.9762471 2.6187776 2.4824448 2.5436415 2.6027505 2.1424257 2.9628920 2.2307040 2.1291654 2.4067396 2.8660818 3.1336749 
Nvec_v1g240001                                                 2.3987873 2.1330518 2.5820563 1.0461856 1.0461856 0.9299728 0.9802874 2.0116824 1.2067096 0.9878458 1.0351411 1.0351411 1.0099616 0.9869065 1.4024127 1.4460686 0.7909033 1.5888084 1.0048214 1.0118348 0.9263202 1.0391662 1.1789144 1.1991539 0.0000000 0.9000872 1.9980812 1.2111024 1.1285340 0.8723344 1.5404664 1.9709820 1.0783317 1.6661547 1.7547842 1.7547842 0.9656223 1.3824092 1.3986128 0.8499125 1.4241299 1.5018305 1.4798365 1.5022933 1.0781083 1.3631660 1.1802356 2.1042426 1.7566955 1.3600146 0.8909033 0.8134759 1.6802170 1.5985004 2.1837175 1.7487886 1.7925768 1.7782032 1.7853149 2.3701606 2.6725608 1.5916298 1.6337272 1.7068681 1.2160928 1.7038747 2.1031214 1.2250913 1.2743344 2.4166830 1.2319217 1.3591291 2.6594569 2.2127147 3.2614898 2.3676464 3.0018553 2.0248254 1.9799508 1.9417241 2.3648479 1.2285577 1.3449205 1.7485365 1.9575046 1.9990963 1.6335731 1.4161728 2.3435903 2.1816732 3.4209376 2.4529171 1.7396105 1.5681689 2.5101673 2.0675353 1.8682243 1.4976573 1.8893563 1.9552931 1.3004976 1.6793738 2.0909965 2.6843008 1.5432614 2.3401492 1.9013420 2.1574552 2.2805652 2.6471400 2.5387389 3.2210991 3.0876716 2.6052584 2.5473980 2.8380144 2.0007427 2.2772660 2.5529857 2.4503143 3.6261302 
Salpun_EP00053_Salpingoeca_punica_P009651                      2.5565762 2.5565762 0.0000010 1.4929626 1.4929626 2.0341105 1.2841611 1.1866855 1.4510340 1.0957335 0.9682146 0.9682146 0.9862412 0.9960936 1.0571078 1.0483950 1.1548447 1.1040307 1.0006113 0.9982743 1.4094555 1.0545618 0.9667873 0.9667873 0.9000872 0.0000000 0.9022300 0.9997679 0.9111597 0.8578476 0.9419780 1.0134410 1.1156813 0.4808571 0.8934679 0.8934679 0.9553337 4.5285214 5.7191345 1.1741582 1.1638082 1.1185752 1.7902459 1.9011033 1.7385756 1.2107813 0.9336009 2.2805652 1.2242653 1.1697070 1.1727095 1.1081772 1.0082889 1.0992477 2.0837879 0.9372509 1.0478757 0.9468492 0.9468492 2.1490861 0.0000010 0.8648436 1.0015614 1.5019479 1.4039383 1.5019479 1.5794201 1.6417653 1.4660507 1.5021827 1.4676344 1.4742085 1.7312716 1.3415212 8.7532867 1.6659073 3.2485160 1.2577430 1.4112016 1.3855815 2.0094215 1.1087554 1.1383717 1.0082984 0.9226069 0.1000843 1.1826830 0.8982626 2.7831348 2.7831348 8.9999987 6.4139718 1.1277328 1.1164888 2.3961788 1.2622880 0.9842748 1.3681855 2.0008121 1.4079607 0.8728990 1.3602842 8.6187926 2.9998365 1.0983924 9.0000000 1.8117832 2.3554573 0.0000010 8.3519617 8.9999982 0.0000010 0.0000010 3.6489496 0.0000010 0.0000010 3.1173620 9.0000000 0.0000010 8.7156984 0.8274709 
Acaspe_EP00035_Acanthoeca_spectabilis_P008829                  3.5366699 3.2860715 3.6198465 1.5777902 1.5777902 1.4553607 0.8829820 2.3496719 1.2894611 1.0649751 1.3150688 1.3150688 2.0569191 2.0119115 2.0520113 2.1001303 0.9915148 2.0950197 1.9270286 1.9566041 2.0458852 2.1303780 2.0448022 2.0799608 1.9980812 0.9022300 0.0000000 0.7439550 0.6339414 0.5059578 0.8849651 0.6597845 0.8098497 0.8886963 1.8565902 1.8565902 2.0844152 2.0396749 1.7143010 1.1398446 1.8229684 2.0386464 2.0627175 2.3356684 1.7622408 2.0495684 1.9629502 2.8127064 2.2155796 1.8757773 1.0600333 1.1593148 2.0744259 2.1805517 2.9055155 2.5508791 2.5288824 2.4041489 2.3844895 3.3597437 2.8831458 2.2764370 2.4976023 2.1423274 1.4576736 2.0908438 2.7939467 1.5049054 1.2706763 2.8560321 1.4126964 1.3528166 2.8336375 2.5245579 4.1792531 2.6529486 3.2851219 2.1093967 2.0120070 2.2242559 2.3418649 1.2272414 1.1847034 1.8050476 1.7795078 1.4088511 2.5444008 1.2528208 1.5848221 1.5623310 2.3688521 1.8172689 1.5408884 2.2699271 2.7443368 2.2235979 1.7655893 1.4976790 2.7478719 2.4128203 2.3338282 2.7125759 3.8747785 4.2534995 2.2735301 3.0871093 2.5895953 3.1899277 2.9593193 2.5149022 2.1005101 2.9185498 3.1610545 2.3978909 3.5388857 4.4721856 2.5255384 2.6661156 2.5338320 2.6607519 4.4912015 
Stedip_EP00041_Stephanoeca_diplocostata_P028532                2.0923495 0.0000010 0.0000010 1.7149838 1.7149838 1.3850816 1.2860763 1.5418826 1.4245761 1.1791636 0.9693820 0.9693820 1.0884148 1.1105268 1.1108579 1.1025340 1.0127875 1.1660078 1.1606069 1.1744026 5.7998354 1.2294051 1.3141522 1.3075515 1.2111024 0.9997679 0.7439550 0.0000000 0.0719323 0.1146563 0.5429297 0.6898460 0.9971269 3.1818508 0.9900811 0.9900811 1.3237768 7.5238837 3.9475891 1.2220473 1.3254515 1.3638519 7.0636722 1.5960213 1.5114686 1.2464566 1.3783911 2.6506807 1.1659228 1.0337798 1.0673239 1.0686679 1.0703971 1.5185784 7.2668422 1.5421492 1.7241109 1.4841525 1.4841525 4.2122940 3.2356576 1.3482991 1.5656175 1.5133720 1.5439418 1.5133720 1.8383650 1.7001462 1.6151923 1.5346157 1.6758956 1.6853160 1.7333994 1.6190878 2.0827382 1.5869660 8.9999986 1.2135285 1.6715440 1.4052248 2.6596297 1.2121447 1.2998751 1.1852659 1.1307811 9.0000000 1.3436857 0.6556846 5.8190659 4.9765899 8.9999982 5.5785683 1.0236075 1.4640474 3.5737408 1.2314369 1.2701576 1.2406114 3.6041887 2.0962995 1.4683639 1.5099929 7.1834185 3.4079730 1.3349434 3.1384276 1.9635734 2.0724543 2.6719524 3.3793279 6.2419278 0.0000010 0.0000010 3.5505660 0.0000010 1.4713850 3.2813821 3.0721303 4.0039945 2.2125125 4.1946483 
Stedip_EP00041_Stephanoeca_diplocostata_P028521                0.0000010 0.0000010 0.0000010 1.6321470 1.6321470 1.4618781 1.2860763 1.5635504 1.5142066 1.3669684 1.0488877 1.0488877 0.9951192 1.0203108 1.0981143 1.0635461 1.0787416 1.2386067 0.9867897 1.0000844 1.2257087 0.9356076 1.2884114 1.2884114 1.1285340 0.9111597 0.6339414 0.0719323 0.0000000 0.0725791 0.4973210 0.6327904 0.9583093 2.2272048 0.8622794 0.8622794 1.1597569 6.1111190 3.8600371 1.1508304 1.2653577 1.3841278 8.9999985 1.4694400 1.3506432 1.1027259 1.3012601 3.8933220 1.1563487 1.0222840 1.0942252 1.0443746 0.9141122 1.3021955 6.2837052 1.4595846 1.6317492 1.5008134 1.5008134 4.2827512 0.0000010 1.2449045 1.4645517 1.4641709 1.4425092 1.4641709 1.7881081 1.7197536 1.5432187 1.5371401 1.5071728 1.4565866 1.6818832 1.5100874 1.8905905 1.5450923 3.1184435 1.0876781 1.4907159 1.3392278 2.7052947 1.1825428 1.4059763 0.9758496 1.0489299 2.5585490 1.1265583 0.1504406 6.7872457 6.7872457 9.0000000 3.2651960 0.9328341 1.2006987 4.0800633 1.1231984 1.0748235 1.1528548 3.7312713 1.9342126 1.3711435 1.3602842 6.6418031 3.8740307 1.3454720 9.0000000 2.0046015 1.9087478 0.0000010 9.0000000 0.0000010 0.0000010 0.0000010 3.6977238 0.0000010 0.0000010 3.4745417 8.9999986 0.0000010 8.7156984 1.0449958 
Stedip_EP00041_Stephanoeca_diplocostata_P028533                0.0000010 0.0000010 0.0000010 1.3493529 1.3493529 1.4618781 1.2860763 1.2213235 1.5142066 1.2116414 0.8344567 0.8344567 0.7992403 0.7948522 0.8678387 0.8343176 0.8802661 1.0361148 0.8341446 0.8424440 0.7575124 0.8778582 0.9304734 0.9304734 0.8723344 0.8578476 0.5059578 0.1146563 0.0725791 0.0000000 0.4575013 0.4670982 0.8707885 0.4187749 0.7627508 0.7627508 0.9113325 3.9266697 6.5145274 0.9541024 0.9286125 1.0005585 2.6407482 1.6352315 1.4879167 0.9522041 0.9623933 1.5746802 0.9164619 0.7742566 0.8496746 0.9223224 0.8661839 1.0824778 1.1578275 1.1644564 1.2333602 1.1658094 1.1658094 2.5269135 0.0000010 0.9552823 1.0614200 1.6026037 1.6026037 1.6026037 1.6159865 1.6159865 1.5326102 1.6616116 1.4458518 1.4458518 1.6048968 1.5777077 1.8905905 1.5978565 3.6622381 0.9688408 1.3609433 1.1310670 2.0168065 1.0238742 1.2571315 0.7416945 0.9534489 0.0000010 1.1234853 0.0936054 0.9629282 0.9629282 8.9999984 1.0908173 0.7799120 1.1670957 2.2015456 0.9227108 0.9118094 0.9434275 5.5379934 1.6815802 0.8929430 1.3602842 7.8637148 4.1358004 0.9964342 9.0000000 1.8756775 1.7105805 0.0000010 2.8761444 8.9999988 0.0000010 0.0000010 3.4036058 0.0000010 0.0000010 3.4745417 8.9999986 0.0000010 8.7156984 0.5167255 
Diagra_EP00040_Diaphanoeca_grandis_P020472                     2.6100148 2.6364298 3.9783293 1.3689682 1.3689682 1.4041687 1.0297434 1.6972240 1.2735905 1.0591315 1.3406949 1.3406949 1.4005888 1.5044550 1.4665304 1.6244796 1.2089918 1.5414746 1.4065967 1.4520722 1.8127455 1.4632554 1.4332524 1.4722707 1.5404664 0.9419780 0.8849651 0.5429297 0.4973210 0.4575013 0.0000000 0.8330258 0.9855750 1.1662224 1.4959905 1.4959905 1.6276564 1.8342713 2.0420245 1.2579080 1.6008117 1.6852232 2.4451074 1.6504830 1.5655535 1.3890123 1.5148389 2.3431444 1.6300968 1.4942531 1.3228684 1.3387286 1.6623686 1.6945071 2.7672849 1.7344263 1.8115818 1.7129776 1.7129776 2.5445553 6.1328670 1.6078937 1.7624144 1.8355631 1.4946200 1.8355631 2.0815102 1.6899002 1.5709385 1.8626560 1.5165758 1.5546258 2.3171895 1.9125546 4.8026965 1.9809673 2.2284080 1.5917206 1.4544380 1.6317535 1.9010942 1.2087267 1.2088212 1.4587721 1.2775680 1.3506182 1.8163367 1.0769762 1.5426985 1.4119247 2.4397172 1.5906843 1.2560650 1.8159232 2.2391369 1.6314779 1.1790095 1.2928807 2.0944856 2.1952965 1.8721698 3.3867505 4.0539810 5.1593395 1.9656518 1.9442566 2.1164460 2.5088783 5.7963536 3.0102100 3.8440088 3.2133401 3.4991127 3.7542575 2.5918000 3.2113511 4.7554152 2.9735927 4.4002976 1.9907380 3.4085783 
