113
Lcom_lcpid116135                                     0.0000000 0.0000010 0.0414527 0.0590483 0.1114472 0.2100645 0.3324773 0.2867294 0.2789052 0.3012176 0.2908401 0.2655643 0.3144288 0.3032866 0.3611207 0.2871075 0.2918024 0.2822903 0.2920682 0.2920682 0.2920682 0.2920682 0.3134890 0.2829217 0.2829217 0.2663324 0.2667133 0.2667133 0.2799698 0.2799698 0.2681022 0.2693562 0.2799698 0.2660326 0.2680699 0.3152759 0.2316827 0.2548932 0.2511029 0.2511029 0.2240547 0.2785166 0.2849196 0.2964928 0.2949469 0.2949469 0.2869898 0.2869898 0.2889669 0.2811926 0.3519692 0.3091481 0.3453246 0.3849068 0.2463639 0.2463639 0.2859170 0.2990923 0.2526224 0.4130569 0.3345903 0.4169602 0.3598698 0.4353321 0.3987746 0.3987746 0.3779053 0.3577955 0.2689251 0.2988656 0.3592034 0.3193103 0.4751671 0.3807499 0.3768627 0.2701213 0.2954682 0.4090384 0.1888391 0.3041857 0.2835892 0.3173161 0.3363759 0.3241654 0.4926129 0.3434300 0.4435200 0.4746858 0.4095342 0.4303200 0.4246141 0.3457354 0.3608672 0.5694721 0.4894466 0.4939676 0.5217317 0.4158051 0.4844801 0.4325501 0.3793065 0.1994296 0.6334489 0.2762126 0.4781382 0.8724941 0.6854567 0.3561524 0.1911381 0.3311402 0.4357008 0.4072647 0.9569244 
Scil_scict012497.1                                   0.0000010 0.0000000 0.0738141 0.0794096 0.1382799 0.2915095 0.3252755 0.3263515 0.3179598 0.3333326 0.3224003 0.3157944 0.3584980 0.3393161 0.4057749 0.3156675 0.3535791 0.3407645 0.3631067 0.3577305 0.3889996 0.3476759 0.3134890 0.3126388 0.3406094 0.3254586 0.3357536 0.3357536 0.3098271 0.3180351 0.2763161 0.2930280 0.3054788 0.3282828 0.3240659 0.3152759 0.3080680 0.3207200 0.2856055 0.3435612 0.3887614 0.3132437 0.3396773 0.3318770 0.3521836 0.3504745 0.3811629 0.3811629 0.2988814 0.3302139 0.3502446 0.3473805 0.3754652 0.4034730 0.3138660 0.3138660 0.3478444 0.3498214 0.3143424 0.4990640 0.3693725 0.4599691 0.4240232 0.4968204 0.5387993 0.4907677 0.4614208 0.3704836 0.2982364 0.2942482 0.3556008 0.3193103 0.4751671 0.3807499 0.3988067 0.3277050 0.3784864 0.4703816 0.2850403 0.3364633 0.3406058 0.3710706 0.4502999 0.4806499 0.5664610 0.4070108 0.4845514 0.4852933 0.4685291 0.5007060 0.4965974 0.3480370 0.3948851 0.5564031 0.4650956 0.5298912 0.5940305 0.5554918 0.5780734 0.4123744 0.5034014 0.2946977 0.7945328 0.3606564 0.5436932 0.5630046 0.5326847 0.4728947 0.4003555 0.3311402 0.5080581 0.4940292 0.9344301 
Gracom_Gcom_C545694_01                               0.0414527 0.0738141 0.0000000 0.0900033 0.1258417 0.2696226 0.3939680 0.3275638 0.3369517 0.3725976 0.3277579 0.3452332 0.3748988 0.3513356 0.4020977 0.3487157 0.3708058 0.3403854 0.3725459 0.3684939 0.3882705 0.3571817 0.3153348 0.3073139 0.3334598 0.3068266 0.3222870 0.3222870 0.3084950 0.3247975 0.2751982 0.2979071 0.3296610 0.3106516 0.3324808 0.3512986 0.3001981 0.3106862 0.2899702 0.3212008 0.3380498 0.3149059 0.3381889 0.3509496 0.3444849 0.3424231 0.3711256 0.3711256 0.3142777 0.3612200 0.3614419 0.3348667 0.3498462 0.3867266 0.3326780 0.3326780 0.3321868 0.3536312 0.3394420 0.5116394 0.3712605 0.4678791 0.4235706 0.5224867 0.5266551 0.4689117 0.4348596 0.3683078 0.3182909 0.3203014 0.3582700 0.3963952 0.5571313 0.4444637 0.4214855 0.3314981 0.3995990 0.5207215 0.3287025 0.3497330 0.3727977 0.3652134 0.4388061 0.5099707 0.5870026 0.4058201 0.5174593 0.4902772 0.5108626 0.5675912 0.5174119 0.3615267 0.4200586 0.5695194 0.4789186 0.5646800 0.5855205 0.5764288 0.5443088 0.4479094 0.5096466 0.3390641 0.7777206 0.3884494 0.5955092 0.5469306 0.5301333 0.4405985 0.3853434 0.3892169 0.5421260 0.5172208 0.9300451 
Lcom_lcpid112127                                     0.0590483 0.0794096 0.0900033 0.0000000 0.1288857 0.2471406 0.3725705 0.3033299 0.2955541 0.3195104 0.2995783 0.3088062 0.3338951 0.3419045 0.3479076 0.3007668 0.3386926 0.3248208 0.3221436 0.3187665 0.3353027 0.3045273 0.2484445 0.2721959 0.2898221 0.2857453 0.2945750 0.2945750 0.2674138 0.2809485 0.2351142 0.2600461 0.2863415 0.2865335 0.2922343 0.3157206 0.2590477 0.2755257 0.2624399 0.3006622 0.3108382 0.2873398 0.3140462 0.3215787 0.3323217 0.3346845 0.3530347 0.3530347 0.3169758 0.3307499 0.3389885 0.3087120 0.3324486 0.3766445 0.3133284 0.3133284 0.3454082 0.3239159 0.3244831 0.4604476 0.3316218 0.4271029 0.3907675 0.4676923 0.5090804 0.4518204 0.4262522 0.3485628 0.2886226 0.2588698 0.3511719 0.3406356 0.5186683 0.3752077 0.4232193 0.2881307 0.3545893 0.4460674 0.3200947 0.3564998 0.3192061 0.3310386 0.4211173 0.4832258 0.5367978 0.3756064 0.5279679 0.4697105 0.4819033 0.5249401 0.4955960 0.3219688 0.4245986 0.5631858 0.4720898 0.5413238 0.5700450 0.4955958 0.5876135 0.4385883 0.4763111 0.3347403 0.7237497 0.3596967 0.5634111 0.5815057 0.5520582 0.3786711 0.3271292 0.3574589 0.5075268 0.5149347 0.8688498 
Leuniv_Lniv_C784943_01                               0.1114472 0.1382799 0.1258417 0.1288857 0.0000000 0.2815896 0.3746892 0.3319531 0.3176450 0.3255249 0.3105720 0.2954272 0.3302850 0.3320381 0.3342335 0.3434695 0.3138810 0.3431549 0.3512614 0.3474691 0.3488848 0.3457811 0.2627465 0.2862408 0.3071686 0.2829271 0.3047843 0.3047843 0.2874940 0.3022163 0.2745126 0.2805733 0.3167115 0.2831016 0.2998816 0.3225191 0.2469376 0.2978967 0.3244144 0.3480239 0.3938268 0.3028689 0.3144032 0.3262861 0.3290047 0.3228756 0.3399653 0.3399653 0.3146689 0.3448375 0.3151898 0.2318829 0.3446724 0.3830398 0.3098332 0.3098332 0.3211474 0.2978347 0.2848960 0.4619986 0.3757371 0.4713763 0.4314893 0.5035099 0.4212360 0.3969916 0.3830701 0.3336854 0.2831426 0.3102149 0.3483495 0.5116918 0.6396457 0.5263583 0.4617645 0.2733950 0.3598926 0.4849283 0.3276613 0.3260637 0.3482706 0.3564108 0.4504878 0.4981963 0.5469398 0.4115676 0.5026766 0.4578341 0.4715844 0.4648966 0.4938494 0.3285258 0.3491845 0.5602771 0.4477862 0.5431134 0.5162765 0.4692277 0.5294633 0.3908485 0.4667429 0.2946432 0.7412657 0.3353655 0.5990548 0.6098412 0.5426346 0.3659593 0.3249691 0.4264974 0.4708999 0.5049850 0.9187215 
Tcas_TC002569_001                                    0.2100645 0.2915095 0.2696226 0.2471406 0.2815896 0.0000000 0.3557972 0.2586663 0.2506312 0.2578698 0.2413627 0.2848159 0.2968578 0.3051041 0.3201015 0.2643583 0.2516720 0.2382116 0.3850090 0.3777461 0.3879334 0.3699476 0.3223133 0.3623763 0.3543862 0.3385481 0.3948494 0.3948494 0.3659058 0.3790126 0.3378189 0.3420267 0.3729308 0.3523409 0.3421096 0.3299328 0.3435339 0.3274693 0.3518242 0.3637339 0.4183385 0.2771105 0.3238178 0.3297795 0.3442876 0.3383250 0.3478769 0.3478769 0.2642853 0.2970397 0.3265948 0.2769095 0.3617445 0.3376247 0.3130123 0.3130123 0.3028674 0.3804475 0.2897846 0.4788569 0.3222105 0.4095138 0.3789670 0.4212529 0.5149806 0.4331272 0.3891128 0.3053130 0.2790616 0.3334482 0.3365549 0.3369234 0.6022012 0.4373470 0.4366956 0.2519790 0.3447592 0.4402018 0.3775436 0.4004246 0.3864283 0.3661893 0.4164912 0.5516269 0.5354831 0.3781008 0.4913576 0.4608341 0.3962537 0.4460214 0.4162039 0.3241791 0.4219353 0.5725986 0.4786780 0.5941222 0.5589924 0.4821791 0.5133536 0.4513518 0.4594648 0.3630089 0.7525134 0.3828400 0.5377835 0.5900114 0.5285799 0.2524510 0.4645804 0.3140003 0.4666114 0.5079628 0.9516639 
Adig_XM_015904547.1                                  0.3324773 0.3252755 0.3939680 0.3725705 0.3746892 0.3557972 0.0000000 0.0420682 0.0420682 0.0565500 0.0575158 0.0736947 0.1238083 0.1225264 0.1911856 0.1904672 0.2079856 0.1980511 0.3275976 0.3275976 0.3539757 0.3539757 0.2546966 0.2493894 0.2493894 0.2969931 0.3239119 0.3239119 0.3097152 0.3097152 0.3073769 0.2796941 0.3097152 0.2646119 0.2023821 0.2068835 0.2510976 0.2393310 0.2270793 0.2220494 1.9928029 0.1823504 0.2160622 0.2401223 0.2160622 0.2160622 0.1768954 0.1768954 0.2002566 0.2171748 0.2509320 0.2162706 0.4053086 0.2700459 0.2534353 0.2534353 0.1220489 0.2964304 0.2476759 0.4236952 0.3135526 0.4284720 0.2824194 0.4389672 0.4744896 0.4744896 0.4504806 0.4916652 0.3984849 0.5013964 0.3029665 0.3601865 0.4914074 0.2404400 0.5012397 0.0428629 0.2075088 0.3152517 0.3416438 0.4433040 0.4160888 0.3502533 0.3230196 0.3723923 0.4103718 0.4385972 0.5568951 0.5120043 0.4336804 0.4125069 0.4584726 0.3425609 0.3899740 0.6238194 0.4150443 0.5447657 0.5745716 1.2468953 0.5144805 0.3834851 0.4429061 0.2455449 1.0180761 0.2636506 0.8674788 0.9138284 7.0096821 0.0000010 0.4047336 0.1621853 0.0610011 0.4420026 1.0304108 
Spis_XP_022792535_1                                  0.2867294 0.3263515 0.3275638 0.3033299 0.3319531 0.2586663 0.0420682 0.0000000 0.0297068 0.1148297 0.0946096 0.1196597 0.1338999 0.1820554 0.2164082 0.1554383 0.2656523 0.2090499 0.3300573 0.3355332 0.3455561 0.3142304 0.2389471 0.2995455 0.3031913 0.3320827 0.3232471 0.3232471 0.3083915 0.3156505 0.2788539 0.2789849 0.3088348 0.2865190 0.2675651 0.2282957 0.3102559 0.2948939 0.2777288 0.3054383 0.4367155 0.1956894 0.2646784 0.2515578 0.2687978 0.2528546 0.2639159 0.2639159 0.1792674 0.2347255 0.2426972 0.2513981 0.3427377 0.2714468 0.2621827 0.2621827 0.2179023 0.3199399 0.2198643 0.4575270 0.3379498 0.3870269 0.3039386 0.4380688 0.4499640 0.3986175 0.3596998 0.3138108 0.3046887 0.3535903 0.2950176 0.2320279 0.3922267 0.2404400 0.3770617 0.1254339 0.2897294 0.3872482 0.3722346 0.3837905 0.3910066 0.3320525 0.3985900 0.4485335 0.4415082 0.4096287 0.4973404 0.4452098 0.4060879 0.4093619 0.3996066 0.3242689 0.3621419 0.5963966 0.4509028 0.6200202 0.6281257 0.5957706 0.5829631 0.3416467 0.4862953 0.3155484 0.7387499 0.2988527 0.6388201 0.5666909 0.5373282 0.2124568 0.4124157 0.1070755 0.2206069 0.4507420 0.9317756 
Pocdam_XM_027184759.1                                0.2789052 0.3179598 0.3369517 0.2955541 0.3176450 0.2506312 0.0420682 0.0297068 0.0000000 0.0843669 0.0755097 0.0908465 0.1044510 0.1612838 0.1817042 0.1424657 0.2531909 0.2138199 0.3006441 0.3062207 0.3159668 0.2844825 0.2245493 0.3008973 0.3048876 0.3112918 0.3012030 0.3012030 0.2753060 0.2807739 0.2558990 0.2556326 0.2685366 0.2768324 0.2369196 0.2025338 0.3118515 0.3080392 0.2701932 0.2983345 0.4239649 0.1750132 0.2503989 0.2369166 0.2557913 0.2458650 0.2502155 0.2502155 0.1706317 0.2357809 0.2161330 0.2339791 0.3403921 0.2625778 0.2477184 0.2477184 0.2087899 0.3104314 0.1990798 0.4193886 0.3079829 0.3710805 0.2870737 0.4065416 0.4398218 0.3901563 0.3516959 0.3037624 0.2929466 0.3583165 0.2699558 0.2320279 0.3922267 0.2404400 0.3531077 0.1002640 0.2780029 0.3575852 0.3452085 0.3584317 0.3821983 0.3158542 0.3514985 0.4133805 0.4097155 0.3894965 0.4458377 0.3954703 0.3521242 0.3704043 0.3717120 0.3079169 0.3445061 0.5714023 0.4489736 0.5908156 0.6235410 0.5902588 0.5932333 0.3086414 0.4601933 0.3275766 0.7233349 0.3033056 0.6089549 0.5731357 0.4983274 0.2711951 0.4292358 0.1070755 0.2229234 0.4885659 0.9204991 
Fspp_ffun1.m4.28387.m1                               0.3012176 0.3333326 0.3725976 0.3195104 0.3255249 0.2578698 0.0565500 0.1148297 0.0843669 0.0000000 0.0619478 0.1328843 0.1527357 0.1560741 0.1747030 0.1539125 0.2669042 0.2198015 0.3113128 0.3171378 0.3274947 0.2944277 0.2489877 0.3103272 0.3053542 0.3131952 0.2969500 0.2969500 0.3101198 0.3180307 0.2877814 0.2865599 0.3091230 0.3089144 0.2768467 0.2245791 0.3204138 0.3189049 0.2814052 0.3150974 0.4551098 0.1999148 0.2488360 0.2343131 0.2548401 0.2377457 0.2487921 0.2487921 0.1902481 0.2499499 0.1952694 0.2078375 0.3368024 0.2861645 0.2606559 0.2606559 0.2274271 0.3066247 0.2426053 0.3936232 0.3079737 0.3490307 0.2837587 0.3819696 0.4253980 0.3731577 0.3509264 0.3447620 0.2842564 0.3284729 0.2832052 0.2644533 0.4158728 0.2647887 0.3316642 0.0713024 0.2807748 0.3611685 0.3586040 0.3504060 0.3919410 0.3012015 0.3141085 0.4287531 0.3903692 0.3574977 0.4653366 0.4093667 0.3422985 0.3446864 0.3336559 0.3026588 0.3186564 0.5813380 0.4675227 0.5777383 0.6551127 0.6370851 0.6089619 0.2977015 0.4520393 0.3218867 0.7781109 0.3439950 0.5669285 0.5247530 0.4643780 0.2677790 0.4534994 0.0913675 0.2570305 0.4198766 0.7959738 
Gfas_gfas1.m1.8091.m1                                0.2908401 0.3224003 0.3277579 0.2995783 0.3105720 0.2413627 0.0575158 0.0946096 0.0755097 0.0619478 0.0000000 0.0966626 0.1099506 0.1381443 0.1222813 0.1514299 0.2598444 0.1932756 0.2766563 0.2766563 0.2766563 0.2766563 0.2243705 0.2911272 0.2752388 0.2910655 0.2830075 0.2830075 0.2815093 0.2815093 0.2890683 0.2811459 0.2643010 0.2986885 0.2600094 0.2023570 0.2894937 0.2651841 0.2505254 0.2620212 0.3710167 0.1725094 0.2137530 0.2212738 0.2238754 0.2197284 0.2013406 0.2013406 0.1645348 0.2200413 0.1808901 0.2112267 0.3373871 0.2586277 0.2475637 0.2475637 0.1798967 0.2824064 0.2353597 0.3721914 0.3128782 0.3989554 0.2755157 0.3897800 0.3301173 0.3301173 0.3302349 0.2987173 0.2602059 0.3122490 0.2624128 0.2639445 0.4159333 0.2644081 0.3290836 0.0504889 0.2380593 0.3707586 0.3486591 0.3663543 0.3444438 0.3083936 0.3446974 0.4207209 0.3894302 0.4201931 0.4324147 0.4276711 0.3658448 0.3219925 0.3729451 0.3066973 0.3481432 0.5901729 0.5143449 0.5634742 0.6338404 0.6083095 0.5966607 0.3556103 0.4242457 0.2429054 0.8262160 0.2645945 0.5527379 0.5520322 0.4693812 0.2436890 0.2925284 0.1229276 0.1355295 0.4687307 0.8884084 
Dgig_XM_028553521.1                                  0.2655643 0.3157944 0.3452332 0.3088062 0.2954272 0.2848159 0.0736947 0.1196597 0.0908465 0.1328843 0.0966626 0.0000000 0.0608934 0.1686644 0.2063770 0.1626527 0.2358690 0.2028458 0.3543128 0.3489402 0.3518205 0.3298011 0.2202932 0.2880641 0.2814185 0.3140992 0.3035551 0.3035551 0.3089859 0.3151253 0.2903922 0.2891719 0.2730716 0.3138362 0.2640169 0.1960723 0.2966872 0.2998543 0.2793597 0.3091867 0.4428907 0.1782439 0.2531128 0.2477678 0.2567857 0.2417230 0.2517879 0.2517879 0.1919430 0.2527980 0.2267577 0.2543746 0.3269848 0.2716636 0.2750060 0.2750060 0.2147195 0.3135960 0.2007309 0.4413386 0.2615819 0.3913642 0.3277113 0.4049631 0.3968252 0.3226774 0.3377721 0.3288036 0.2714623 0.3524598 0.2724326 0.2320279 0.3631815 0.2404400 0.3103176 0.1168676 0.2866759 0.3939424 0.3121451 0.3480232 0.4175104 0.3519519 0.3496656 0.4173350 0.4864610 0.3989265 0.4756131 0.4346670 0.3671502 0.3676004 0.3919633 0.2948325 0.3760172 0.5777950 0.4629844 0.5633132 0.6266307 0.6248220 0.6297768 0.3708628 0.4451285 0.3357637 0.7971251 0.3153969 0.6070247 0.5235897 0.4590159 0.2739467 0.4602451 0.1042791 0.2555392 0.4830297 0.8204302 
Xesp_012621-T1                                       0.3144288 0.3584980 0.3748988 0.3338951 0.3302850 0.2968578 0.1238083 0.1338999 0.1044510 0.1527357 0.1099506 0.0608934 0.0000000 0.1875141 0.2247020 0.1632201 0.2834146 0.2431673 0.3511645 0.3443541 0.3472767 0.3264071 0.2522875 0.3145006 0.3186307 0.3368761 0.3364041 0.3364041 0.3300903 0.3204826 0.3110950 0.3016265 0.2917144 0.3294249 0.2693191 0.2132070 0.3130525 0.3216665 0.2815775 0.2933011 0.4009550 0.1745044 0.2441815 0.2239126 0.2429133 0.2330926 0.2342292 0.2342292 0.2165467 0.2645279 0.2468092 0.2861533 0.3201855 0.3112224 0.2953450 0.2953450 0.2473176 0.3170852 0.2227016 0.4829597 0.2748661 0.4074913 0.3304181 0.4392727 0.4344180 0.3572606 0.3528114 0.3207569 0.2916569 0.3747499 0.3057320 0.2895863 0.3909148 0.2401859 0.3398848 0.1554261 0.2986360 0.3939250 0.3053384 0.3831368 0.4400102 0.3694248 0.3697744 0.4355019 0.4921032 0.3996917 0.5084558 0.4554536 0.3995918 0.3821082 0.4006858 0.3282417 0.4077180 0.5726432 0.4718812 0.5912730 0.6580228 0.6290852 0.6556123 0.3698421 0.4894442 0.3511204 0.7737583 0.3216276 0.6296873 0.5612759 0.4847822 0.2575481 0.4666276 0.1512750 0.2764923 0.4866641 0.8643206 
Morvir_scaffold297.g18.t1                            0.3032866 0.3393161 0.3513356 0.3419045 0.3320381 0.3051041 0.1225264 0.1820554 0.1612838 0.1560741 0.1381443 0.1686644 0.1875141 0.0000000 0.1668781 0.1629574 0.2551355 0.1922495 0.3623255 0.3641780 0.3700384 0.3405822 0.2718394 0.3097394 0.3389402 0.3174932 0.3249810 0.3249810 0.3376474 0.3304906 0.3089943 0.2995371 0.2987391 0.3399436 0.2785461 0.2430917 0.3083354 0.3291539 0.2908752 0.3190553 0.4323210 0.2227523 0.2578144 0.2465660 0.2599409 0.2562220 0.2657599 0.2657599 0.1910103 0.2602058 0.2319714 0.2744231 0.3838124 0.3255114 0.2711098 0.2711098 0.2554825 0.3129169 0.2521529 0.4406266 0.3125125 0.4170770 0.2922239 0.3978555 0.3911336 0.3253146 0.3117853 0.3497030 0.2517028 0.3370107 0.2806144 0.2630977 0.3612321 0.2688767 0.3329369 0.1500284 0.3475275 0.3953033 0.3969913 0.3901453 0.4292933 0.3587341 0.3769297 0.4661388 0.4653055 0.4334990 0.4554163 0.4434196 0.4092196 0.3791201 0.4073308 0.3130422 0.3991694 0.5653187 0.4320391 0.5476579 0.6599673 0.6449782 0.6392527 0.3689298 0.4940560 0.3124947 0.7604167 0.3307695 0.6384644 0.5197135 0.4787114 0.2539236 0.4602049 0.1076365 0.3417364 0.5238607 0.8720039 
Exapal_XM_028658750.1                                0.3611207 0.4057749 0.4020977 0.3479076 0.3342335 0.3201015 0.1911856 0.2164082 0.1817042 0.1747030 0.1222813 0.2063770 0.2247020 0.1668781 0.0000000 0.1810789 0.2842650 0.1909675 0.3179604 0.3145462 0.3502002 0.3009181 0.2802199 0.3042621 0.3440604 0.3453370 0.2859256 0.2859256 0.3076909 0.3145653 0.2877239 0.3221682 0.3161581 0.3584441 0.3222312 0.2624963 0.3367267 0.3256768 0.2620586 0.3234971 0.4306579 0.2343158 0.2972735 0.2555779 0.3002271 0.2893954 0.3095133 0.3095133 0.2004660 0.2937288 0.2496656 0.2886507 0.3713473 0.3604856 0.2974087 0.2974087 0.2657280 0.3809762 0.3164474 0.5096603 0.3162421 0.4578726 0.3144073 0.4095447 0.3823962 0.3541316 0.4025990 0.3139895 0.3061903 0.2570591 0.2972894 0.3531257 0.4615136 0.3735306 0.3845273 0.1641386 0.3196952 0.3429268 0.3753508 0.3564808 0.4572237 0.3158060 0.3758701 0.4934493 0.4762883 0.3886717 0.5458945 0.4928565 0.4440606 0.4197533 0.3934451 0.3152797 0.4109217 0.5772815 0.4526169 0.5951363 0.6622060 0.6120053 0.6948895 0.4033390 0.4568303 0.3351510 0.7002345 0.3572168 0.5795121 0.5685123 0.5143170 0.3418089 0.4515774 0.1292774 0.2986413 0.4780217 0.8035946 
Nvec_v1g186929                                       0.2871075 0.3156675 0.3487157 0.3007668 0.3434695 0.2643583 0.1904672 0.1554383 0.1424657 0.1539125 0.1514299 0.1626527 0.1632201 0.1629574 0.1810789 0.0000000 0.2484634 0.2049582 0.3296510 0.3259329 0.3364211 0.3128469 0.2359505 0.2984484 0.3194026 0.2998164 0.3057946 0.3057946 0.3118847 0.3135023 0.2764027 0.2755259 0.2779075 0.3113016 0.2738599 0.2335585 0.2798917 0.2885562 0.2749303 0.3094120 0.3903291 0.1857296 0.2403363 0.2287064 0.2397227 0.2392546 0.2273529 0.2273529 0.1747778 0.2736266 0.2478131 0.2628736 0.3585172 0.2770187 0.2268558 0.2268558 0.2452420 0.3263882 0.2425717 0.4271644 0.2818120 0.3685428 0.2981091 0.3900731 0.4320239 0.3685656 0.3823874 0.3727646 0.2853542 0.3087378 0.2983624 0.2870369 0.4008132 0.3148935 0.3337803 0.1725559 0.3151785 0.3733526 0.2990227 0.4045821 0.3792474 0.2976886 0.3555233 0.4216933 0.3918755 0.3905059 0.5202786 0.4375154 0.3593000 0.3703369 0.3696952 0.3333471 0.3655915 0.5929999 0.4082928 0.6192226 0.6540468 0.6180677 0.6429671 0.3591646 0.4760916 0.3471737 0.7654720 0.3220300 0.5995511 0.5038977 0.4703205 0.2317248 0.3620615 0.1322283 0.3098386 0.4892014 0.8660433 
Hvul_g19858_1                                        0.2918024 0.3535791 0.3708058 0.3386926 0.3138810 0.2516720 0.2079856 0.2656523 0.2531909 0.2669042 0.2598444 0.2358690 0.2834146 0.2551355 0.2842650 0.2484634 0.0000000 0.1187191 0.3254591 0.3194018 0.3139116 0.3102719 0.2430207 0.3176285 0.3473772 0.3025629 0.3270966 0.3270966 0.3226354 0.3329956 0.2959957 0.3013074 0.3290911 0.3229917 0.2985039 0.2944633 0.3106037 0.3040579 0.3132160 0.3377072 0.4418813 0.2463220 0.2952473 0.3072367 0.3053984 0.2958097 0.3086183 0.3086183 0.2338642 0.2553759 0.2742545 0.2703276 0.3479319 0.3061358 0.2430517 0.2430517 0.2525221 0.3352941 0.2487679 0.4940690 0.3308308 0.4402507 0.3320294 0.4151204 0.4003912 0.3382289 0.3162807 0.3643154 0.2599496 0.3837656 0.2825035 0.2641414 0.3683038 0.2461871 0.3811904 0.2289298 0.3399351 0.4570843 0.3341870 0.3878507 0.4167006 0.3746086 0.3786615 0.4846712 0.5210364 0.4522968 0.5267062 0.4912549 0.4045143 0.4117209 0.4150121 0.3138664 0.4553521 0.5940680 0.4977477 0.5786127 0.5584759 0.5797923 0.5659061 0.4003309 0.4713382 0.3536779 0.7149079 0.3353112 0.6248461 0.5911001 0.5465170 0.2131199 0.4234332 0.1538415 0.4223804 0.4744988 0.9339436 
Chem_TCONS_00032202                                  0.2822903 0.3407645 0.3403854 0.3248208 0.3431549 0.2382116 0.1980511 0.2090499 0.2138199 0.2198015 0.1932756 0.2028458 0.2431673 0.1922495 0.1909675 0.2049582 0.1187191 0.0000000 0.3313473 0.3313473 0.3313473 0.3313473 0.3119335 0.3207050 0.3663980 0.3231620 0.2793753 0.2793753 0.3178141 0.3178141 0.3066680 0.2984054 0.3203973 0.3062065 0.2688667 0.2864271 0.3138189 0.3007991 0.3069047 0.3069047 0.3848930 0.2526726 0.2633903 0.2714329 0.2820459 0.2779189 0.2690261 0.2690261 0.2124993 0.2448670 0.2866685 0.2699729 0.4221383 0.3315384 0.2382370 0.2382370 0.2519617 0.2937320 0.2404481 0.4274652 0.3473944 0.4559382 0.2981573 0.4592051 0.3072837 0.3072837 0.2779363 0.3617254 0.2756977 0.3500979 0.2659589 0.2391097 0.3774422 0.2505987 0.3842120 0.1679641 0.2923092 0.4430410 0.3644882 0.4306967 0.3990857 0.3671756 0.4542714 0.4881678 0.5242556 0.4192423 0.5566979 0.5312830 0.3927769 0.3778937 0.3983067 0.3361182 0.4499660 0.5802644 0.5084446 0.6009819 0.5925854 0.5472689 0.5536084 0.4442843 0.4258236 0.3012027 0.7629541 0.2982881 0.6292413 0.6491307 0.6027120 0.0339253 0.3158195 0.1568511 0.3114187 0.4822238 0.9232280 
Bolinf_Binf_sb1212854                                0.2920682 0.3631067 0.3725459 0.3221436 0.3512614 0.3850090 0.3275976 0.3300573 0.3006441 0.3113128 0.2766563 0.3543128 0.3511645 0.3623255 0.3179604 0.3296510 0.3254591 0.3313473 0.0000000 0.0000010 0.0210212 0.0000010 0.0386829 0.1159831 0.1074393 0.1209936 0.1201622 0.1201622 0.0816983 0.0842953 0.0910918 0.1007992 0.1074880 0.1285852 0.1061143 0.1081669 0.1151919 0.1261469 0.0701631 0.1043390 0.1349414 0.2584143 0.3333868 0.3078678 0.3265082 0.3346334 0.3830914 0.3830914 0.3050251 0.3926059 0.3365413 0.2741750 0.3667602 0.3724663 0.3448078 0.3448078 0.3648534 0.3283783 0.3557857 0.4081271 0.3283576 0.4210105 0.4117190 0.4547048 0.4239154 0.4243817 0.4848041 0.3777986 0.3037351 0.3424178 0.3622367 0.2910466 0.4234718 0.3631613 0.4132968 0.3060015 0.3467020 0.4500666 0.3434652 0.3573467 0.3637383 0.3572985 0.4462718 0.4276787 0.5247901 0.4977293 0.5079607 0.5133042 0.4643174 0.3882513 0.4399459 0.3968531 0.3712037 0.5835617 0.4346074 0.5075795 0.5880247 0.5818319 0.6374470 0.4360446 0.5024224 0.3633705 0.7608984 0.1511352 0.5870474 0.6804336 0.5470269 0.4107239 0.1876238 0.2294372 0.4624170 0.5477257 0.8814694 
Bolinf_Binf_sb1212853                                0.2920682 0.3577305 0.3684939 0.3187665 0.3474691 0.3777461 0.3275976 0.3355332 0.3062207 0.3171378 0.2766563 0.3489402 0.3443541 0.3641780 0.3145462 0.3259329 0.3194018 0.3313473 0.0000010 0.0000000 0.0207497 0.0000010 0.0386829 0.1159831 0.1074393 0.1192118 0.1201622 0.1201622 0.0864930 0.0842953 0.0960083 0.0993617 0.1063967 0.1274499 0.1051730 0.1081669 0.1151919 0.1246716 0.0701631 0.1034287 0.1330111 0.2584143 0.3286245 0.3078678 0.3217970 0.3298351 0.3788334 0.3788334 0.3018305 0.3848883 0.3315467 0.2777105 0.3635985 0.3863576 0.3624576 0.3624576 0.3729227 0.3236028 0.3519412 0.4000099 0.3245482 0.4126732 0.4170250 0.4451079 0.4436730 0.4285410 0.4939196 0.3777986 0.3004977 0.3424178 0.3553024 0.2910466 0.4234718 0.3631613 0.4085710 0.3020054 0.3495542 0.4445995 0.3434652 0.3530299 0.3651985 0.3599718 0.4462718 0.4295336 0.5130793 0.4870008 0.4967031 0.5019035 0.4544750 0.3804893 0.4306822 0.3888671 0.3669906 0.5723203 0.4270127 0.5075795 0.5880247 0.5818319 0.6388819 0.4290375 0.4939744 0.3514917 0.7608984 0.1488950 0.5870474 0.6654737 0.5372946 0.3990933 0.2065287 0.2294372 0.4930119 0.5477257 0.8814694 
Mertsp_Mesp_sb536754                                 0.2920682 0.3889996 0.3882705 0.3353027 0.3488848 0.3879334 0.3539757 0.3455561 0.3159668 0.3274947 0.2766563 0.3518205 0.3472767 0.3700384 0.3502002 0.3364211 0.3139116 0.3313473 0.0210212 0.0207497 0.0000000 0.0000010 0.0386829 0.1159831 0.1074393 0.1105056 0.1270802 0.1270802 0.1131065 0.1119698 0.0897373 0.0990078 0.1049768 0.1186038 0.0962193 0.1081669 0.1332536 0.1096193 0.0701631 0.1012641 0.1287062 0.2960739 0.3313539 0.3078678 0.3246243 0.3255636 0.3737804 0.3737804 0.3226571 0.3972246 0.3614371 0.3067726 0.3635985 0.3970539 0.3730308 0.3730308 0.3582743 0.3699676 0.3739824 0.4433059 0.3245482 0.4273447 0.4278903 0.4278000 0.5023084 0.4310693 0.4964427 0.3777986 0.3175187 0.3424178 0.3840876 0.2910466 0.4234718 0.3631613 0.4030612 0.3005667 0.3901124 0.4493824 0.3601119 0.3530299 0.4126941 0.3793221 0.4462718 0.4404350 0.5138114 0.4892435 0.5244990 0.4964772 0.4409461 0.3940740 0.4178006 0.3905496 0.4223709 0.5853652 0.4270127 0.5075795 0.5880247 0.5818319 0.6435741 0.4232283 0.5197311 0.3658774 0.7608984 0.1828357 0.5870474 0.6495705 0.5266326 0.3894903 0.2162315 0.2294372 0.5067749 0.5401225 0.8814694 
Bolinf_Binf_sb1212855                                0.2920682 0.3476759 0.3571817 0.3045273 0.3457811 0.3699476 0.3539757 0.3142304 0.2844825 0.2944277 0.2766563 0.3298011 0.3264071 0.3405822 0.3009181 0.3128469 0.3102719 0.3313473 0.0000010 0.0000010 0.0000010 0.0000000 0.0386829 0.1159831 0.1074393 0.1031616 0.1270802 0.1270802 0.0840330 0.0865221 0.0854123 0.0962291 0.0922896 0.1160416 0.0930485 0.1081669 0.1151919 0.1141728 0.0701631 0.1036617 0.1337453 0.2429199 0.3119642 0.3078678 0.3048067 0.3131380 0.3605959 0.3605959 0.2890022 0.3770458 0.3279050 0.2667512 0.3687102 0.3567862 0.3288091 0.3288091 0.3512750 0.3278031 0.3388155 0.3930822 0.3298082 0.4216105 0.4246826 0.4385959 0.4050465 0.4050465 0.4535962 0.3777986 0.3071265 0.3424178 0.3562808 0.2910466 0.4234718 0.3631613 0.3903760 0.2704268 0.3371051 0.4344474 0.3601119 0.3573467 0.3602471 0.3415614 0.4462718 0.4408635 0.5125754 0.4925152 0.4961611 0.5008329 0.4405894 0.3748107 0.4160479 0.3912836 0.3596485 0.6003515 0.4376061 0.5106320 0.5880247 0.5818319 0.6194729 0.4128369 0.4956060 0.3271260 0.7608984 0.1528870 0.5870474 0.6401724 0.5127439 0.3686401 0.1521032 0.2294372 0.4513234 0.5404936 0.8814694 
Bolinf_Binf_sb1222749                                0.3134890 0.3134890 0.3153348 0.2484445 0.2627465 0.3223133 0.2546966 0.2389471 0.2245493 0.2489877 0.2243705 0.2202932 0.2522875 0.2718394 0.2802199 0.2359505 0.2430207 0.3119335 0.0386829 0.0386829 0.0386829 0.0386829 0.0000000 0.0000010 0.0000010 0.0287939 0.0389219 0.0389219 0.0487784 0.0487784 0.0388309 0.0488556 0.0487784 0.0584571 0.0605467 0.1170270 0.0000010 0.0589579 0.0788841 0.0788841 0.1319829 0.2330154 0.2488489 0.2488489 0.2607404 0.2607404 0.2503598 0.2503598 0.2560048 0.2529955 0.2354564 0.1925391 0.3045857 0.2968451 0.2679398 0.2679398 0.2306057 0.2919457 0.2828213 0.2996328 0.2411953 0.3688440 0.2845391 0.3617943 0.3280735 0.3280735 0.3188846 0.3016251 0.2694826 0.3272995 0.3666522 0.3307327 0.3524224 0.3993530 0.2740988 0.2357891 0.2569201 0.3153663 0.2253984 0.3218675 0.2916380 0.3001392 0.3371012 0.2859620 0.3295242 0.3875232 0.4546095 0.4082088 0.3747840 0.2861919 0.3608799 0.3405660 0.2781685 0.5734943 0.4674513 0.4199459 0.5073310 0.4456114 0.5159453 0.3773682 0.3869065 0.2547772 0.6721894 0.0918371 0.5082057 0.8864497 0.5779006 0.2798846 0.0683885 0.2553454 0.3945390 0.4340544 0.8308904 
Beraby_Baby_sb345273                                 0.2829217 0.3126388 0.3073139 0.2721959 0.2862408 0.3623763 0.2493894 0.2995455 0.3008973 0.3103272 0.2911272 0.2880641 0.3145006 0.3097394 0.3042621 0.2984484 0.3176285 0.3207050 0.1159831 0.1159831 0.1159831 0.1159831 0.0000010 0.0000000 0.0213965 0.0589115 0.0667796 0.0667796 0.0777284 0.0777284 0.0717957 0.0777974 0.0729772 0.0928075 0.1094539 0.1091580 0.0000010 0.0828966 0.1162344 0.1162344 0.1700357 0.2869320 0.2822648 0.2905743 0.3079602 0.2971260 0.2949317 0.2949317 0.3047841 0.3285064 0.3093328 0.2550523 0.3834239 0.3229275 0.3036648 0.3036648 0.2839791 0.3115871 0.2976823 0.4209083 0.3322725 0.4853198 0.3793160 0.4423380 0.3686906 0.3686906 0.3496133 0.3332109 0.2912622 0.3142550 0.3424723 0.3307327 0.4701599 0.3916935 0.4032794 0.2789934 0.3212079 0.4315163 0.3314749 0.3460314 0.3543560 0.3249801 0.4760223 0.4705707 0.5607226 0.4752994 0.5081969 0.4992643 0.4784057 0.3884178 0.4665339 0.4010515 0.3536943 0.6314355 0.4948096 0.5061332 0.6214069 0.6251830 0.6191857 0.4422031 0.4874639 0.2809619 0.7919198 0.1031932 0.5903516 0.6246359 0.5230254 0.3285436 0.0950131 0.2316448 0.4024741 0.4985197 0.8585459 
Beraby_Baby_sb345274                                 0.2829217 0.3406094 0.3334598 0.2898221 0.3071686 0.3543862 0.2493894 0.3031913 0.3048876 0.3053542 0.2752388 0.2814185 0.3186307 0.3389402 0.3440604 0.3194026 0.3473772 0.3663980 0.1074393 0.1074393 0.1074393 0.1074393 0.0000010 0.0213965 0.0000000 0.0742418 0.0941034 0.0941034 0.0923307 0.0923307 0.0926907 0.1004195 0.0923307 0.1033276 0.1337348 0.1091580 0.0262761 0.1066325 0.1325209 0.1325209 0.2336856 0.2853304 0.2910659 0.3017863 0.3142176 0.3003251 0.2996030 0.2996030 0.2835552 0.3145620 0.3319823 0.2613399 0.3482928 0.3333644 0.3283030 0.3283030 0.2762830 0.3323249 0.3262353 0.3677453 0.3121069 0.4455140 0.3582642 0.4154458 0.4209517 0.4209517 0.4134700 0.3644183 0.3359674 0.3767439 0.3954798 0.3307327 0.4701599 0.3916935 0.4257752 0.2398912 0.3087294 0.3930296 0.2838973 0.3357158 0.3004414 0.3282067 0.4253432 0.3784073 0.4525079 0.4286294 0.4678676 0.4926576 0.4496290 0.3755569 0.4404596 0.3817949 0.3388384 0.6359354 0.5675981 0.5066840 0.5871561 0.5681411 0.5705970 0.4377652 0.4539781 0.2714676 0.7379905 0.1197249 0.5708718 0.8348583 0.6242066 0.4587501 0.1350071 0.2316448 0.4129779 0.5195023 0.9307362 
Mlei_ML0135.g19.i1                                   0.2663324 0.3254586 0.3068266 0.2857453 0.2829271 0.3385481 0.2969931 0.3320827 0.3112918 0.3131952 0.2910655 0.3140992 0.3368761 0.3174932 0.3453370 0.2998164 0.3025629 0.3231620 0.1209936 0.1192118 0.1105056 0.1031616 0.0287939 0.0589115 0.0742418 0.0000000 0.0664652 0.0664652 0.0832268 0.0808433 0.0600831 0.0651996 0.0718603 0.0864417 0.0814013 0.0966035 0.0780276 0.0803888 0.0979691 0.1201596 0.1781123 0.3031209 0.2799226 0.2922525 0.3063117 0.2825597 0.3104362 0.3104362 0.3092591 0.3484689 0.3181573 0.2721944 0.3719435 0.3630534 0.3312557 0.3312557 0.3019956 0.3446859 0.3227287 0.4084566 0.3055859 0.3997653 0.3825279 0.3996818 0.4888399 0.4210905 0.4514351 0.3789727 0.2807791 0.3390273 0.3589561 0.3021038 0.5216714 0.4035579 0.3964072 0.2970024 0.3368887 0.4012872 0.3312808 0.3400897 0.3644733 0.3440757 0.4604048 0.4896107 0.4965766 0.4439566 0.4683887 0.4508888 0.4118268 0.3832786 0.3960315 0.3586912 0.3626925 0.5693613 0.4204867 0.5087625 0.5761927 0.5600131 0.5670644 0.4015553 0.4726938 0.2689249 0.7256267 0.1158150 0.5808037 0.5496588 0.4746068 0.3185572 0.1625863 0.2309325 0.5142425 0.4892786 0.8620093 
Bolinf_Binf_sb1244038                                0.2667133 0.3357536 0.3222870 0.2945750 0.3047843 0.3948494 0.3239119 0.3232471 0.3012030 0.2969500 0.2830075 0.3035551 0.3364041 0.3249810 0.2859256 0.3057946 0.3270966 0.2793753 0.1201622 0.1201622 0.1270802 0.1270802 0.0389219 0.0667796 0.0941034 0.0664652 0.0000000 0.0000010 0.0899925 0.0925121 0.0756490 0.0760227 0.0819559 0.1022319 0.1004762 0.1013765 0.0697495 0.1176676 0.1041588 0.1323065 0.2057911 0.2625150 0.2929222 0.2914084 0.3149755 0.3053129 0.3261365 0.3261365 0.2688475 0.3859223 0.3383701 0.2927797 0.3903839 0.3589238 0.3190603 0.3190603 0.3382215 0.3704115 0.3182855 0.4146269 0.3366968 0.4568785 0.4231921 0.4544906 0.4438777 0.4438777 0.4308916 0.3897663 0.2956818 0.3227594 0.3765199 0.2547145 0.5326917 0.3944843 0.4163446 0.2774749 0.3168107 0.4354295 0.3325180 0.3558846 0.3574164 0.3579485 0.4475751 0.5078919 0.5272848 0.4409604 0.5055393 0.5451806 0.4711615 0.4169617 0.4537752 0.4002595 0.3550404 0.5961100 0.4624670 0.5219136 0.6073155 0.5893599 0.6317901 0.4227943 0.5054227 0.2894861 0.7260524 0.1492686 0.5866278 0.6248374 0.5390642 0.3327454 0.1375481 0.2250743 0.4526527 0.5327388 0.8994566 
Mertsp_Mesp_sb573128                                 0.2667133 0.3357536 0.3222870 0.2945750 0.3047843 0.3948494 0.3239119 0.3232471 0.3012030 0.2969500 0.2830075 0.3035551 0.3364041 0.3249810 0.2859256 0.3057946 0.3270966 0.2793753 0.1201622 0.1201622 0.1270802 0.1270802 0.0389219 0.0667796 0.0941034 0.0664652 0.0000010 0.0000000 0.0899925 0.0925121 0.0756490 0.0760227 0.0819559 0.1022319 0.1004762 0.1013765 0.0697495 0.1176676 0.1041588 0.1323065 0.2057911 0.2625150 0.2929222 0.2914084 0.3149755 0.3053129 0.3261365 0.3261365 0.2688475 0.3859223 0.3383701 0.2927797 0.3903839 0.3589238 0.3190603 0.3190603 0.3382215 0.3704115 0.3182855 0.4146269 0.3366968 0.4568785 0.4231921 0.4544906 0.4438777 0.4438777 0.4308916 0.3897663 0.2956818 0.3227594 0.3765199 0.2547145 0.5326917 0.3944843 0.4163446 0.2774749 0.3168107 0.4354295 0.3325180 0.3558846 0.3574164 0.3579485 0.4475751 0.5078919 0.5272848 0.4409604 0.5055393 0.5451806 0.4711615 0.4169617 0.4537752 0.4002595 0.3550404 0.5961100 0.4624670 0.5219136 0.6073155 0.5893599 0.6317901 0.4227943 0.5054227 0.2894861 0.7260524 0.1492686 0.5866278 0.6248374 0.5390642 0.3327454 0.1375481 0.2250743 0.4526527 0.5327388 0.8994566 
Coeast_Cast_sb804802                                 0.2799698 0.3098271 0.3084950 0.2674138 0.2874940 0.3659058 0.3097152 0.3083915 0.2753060 0.3101198 0.2815093 0.3089859 0.3300903 0.3376474 0.3076909 0.3118847 0.3226354 0.3178141 0.0816983 0.0864930 0.1131065 0.0840330 0.0487784 0.0777284 0.0923307 0.0832268 0.0899925 0.0899925 0.0000000 0.0000010 0.0207411 0.0364672 0.0123865 0.0733848 0.0973843 0.0990807 0.0929081 0.0901499 0.0895709 0.1215629 0.1838623 0.2658084 0.2787174 0.2611876 0.2779827 0.2782325 0.2983996 0.2983996 0.3007457 0.3462596 0.2826588 0.2745719 0.3138541 0.3601642 0.3360524 0.3360524 0.3377892 0.3041758 0.2863764 0.3971878 0.3015737 0.4203008 0.3748222 0.4329684 0.4176296 0.4031921 0.4113615 0.3397399 0.2873793 0.3604164 0.3272262 0.3131740 0.5153910 0.4141215 0.4348803 0.2849065 0.3153086 0.4324943 0.3532744 0.3129140 0.3504905 0.3485820 0.4248252 0.4606606 0.5297153 0.4621980 0.4408003 0.4663279 0.4449196 0.3834802 0.4383123 0.3778995 0.3370996 0.5698078 0.4512404 0.5276595 0.5437576 0.5093260 0.5872751 0.4374309 0.4537985 0.3326866 0.6954761 0.1166731 0.5586436 0.6197746 0.5391739 0.3589369 0.1587430 0.2280760 0.4883014 0.4755542 0.8261524 
Coeast_Cast_sb804803                                 0.2799698 0.3180351 0.3247975 0.2809485 0.3022163 0.3790126 0.3097152 0.3156505 0.2807739 0.3180307 0.2815093 0.3151253 0.3204826 0.3304906 0.3145653 0.3135023 0.3329956 0.3178141 0.0842953 0.0842953 0.1119698 0.0865221 0.0487784 0.0777284 0.0923307 0.0808433 0.0925121 0.0925121 0.0000010 0.0000000 0.0216918 0.0324168 0.0125007 0.0759797 0.1009097 0.0990807 0.0929081 0.0813536 0.0895709 0.1132406 0.1732447 0.2756319 0.2772790 0.2543657 0.2736071 0.2767744 0.2855290 0.2855290 0.3165264 0.3346167 0.2987429 0.2730802 0.3195532 0.3467547 0.3150853 0.3150853 0.3186770 0.3041136 0.3012463 0.3887669 0.3089587 0.4377457 0.3592429 0.4517837 0.4077572 0.4080427 0.4105478 0.3397399 0.3023757 0.3604164 0.3380014 0.3131740 0.5153910 0.4141215 0.4384251 0.2953527 0.3158317 0.4433250 0.3532744 0.3165161 0.3539955 0.3402103 0.4248252 0.4447572 0.5569240 0.4831352 0.4606623 0.4686165 0.4647969 0.3708381 0.4578633 0.3925402 0.3518329 0.5599431 0.4658398 0.5135861 0.5437576 0.5093260 0.6035636 0.4538519 0.4528669 0.3527426 0.6954761 0.0984679 0.5586436 0.6432647 0.5522093 0.3589198 0.1007592 0.2280760 0.4386083 0.4755542 0.8261524 
Coemet_Cmet_scaffold10381_01                         0.2681022 0.2763161 0.2751982 0.2351142 0.2745126 0.3378189 0.3073769 0.2788539 0.2558990 0.2877814 0.2890683 0.2903922 0.3110950 0.3089943 0.2877239 0.2764027 0.2959957 0.3066680 0.0910918 0.0960083 0.0897373 0.0854123 0.0388309 0.0717957 0.0926907 0.0600831 0.0756490 0.0756490 0.0207411 0.0216918 0.0000000 0.0155043 0.0183930 0.0435184 0.0844264 0.0995779 0.0781462 0.0717291 0.0893812 0.1137532 0.1705552 0.2456085 0.2422313 0.2547294 0.2544563 0.2550448 0.2620185 0.2620185 0.2676069 0.3319706 0.2706229 0.2560508 0.3313010 0.3171922 0.3006699 0.3006699 0.3126002 0.3011763 0.2581095 0.3913014 0.3017203 0.4091257 0.3898531 0.4226604 0.4078005 0.3930411 0.3856490 0.3551303 0.2820037 0.3435001 0.3222284 0.3131740 0.5321370 0.4141215 0.3982134 0.2539774 0.3028384 0.4014435 0.3402757 0.3130658 0.3275994 0.3367736 0.4445492 0.4560626 0.4998388 0.4539245 0.4276673 0.4527180 0.4215499 0.3765009 0.4148285 0.3699940 0.3226444 0.5610338 0.4419827 0.5197731 0.5365601 0.4991111 0.5495690 0.3940776 0.4534776 0.3038446 0.6945566 0.1094601 0.5669187 0.5561430 0.4761050 0.2777394 0.1237290 0.2264307 0.4812424 0.4577866 0.8320346 
Vmul_SimC396192                                      0.2693562 0.2930280 0.2979071 0.2600461 0.2805733 0.3420267 0.2796941 0.2789849 0.2556326 0.2865599 0.2811459 0.2891719 0.3016265 0.2995371 0.3221682 0.2755259 0.3013074 0.2984054 0.1007992 0.0993617 0.0990078 0.0962291 0.0488556 0.0777974 0.1004195 0.0651996 0.0760227 0.0760227 0.0364672 0.0324168 0.0155043 0.0000000 0.0308529 0.0528598 0.0883710 0.0882143 0.1016251 0.0757780 0.0832009 0.1060932 0.1661339 0.2548043 0.2393084 0.2442027 0.2510310 0.2453349 0.2615851 0.2615851 0.2769977 0.3216251 0.2836384 0.2730204 0.3208437 0.3155599 0.2904640 0.2904640 0.2909101 0.3049215 0.2687721 0.4110368 0.3100173 0.3935286 0.3797503 0.4202105 0.4491240 0.4034155 0.3963875 0.3375645 0.2725893 0.3363056 0.3191177 0.2743279 0.4858154 0.3802181 0.3882371 0.2743799 0.3130350 0.3950235 0.3201522 0.3039879 0.3596784 0.3519453 0.4322069 0.4466084 0.4730429 0.4420162 0.4587128 0.4480376 0.4198358 0.3716084 0.4137419 0.3579720 0.3533162 0.5319780 0.4259947 0.5311339 0.5441816 0.4952849 0.5443239 0.3799365 0.4398018 0.2887151 0.6807725 0.1288915 0.5812881 0.5543906 0.4903194 0.2754854 0.1541348 0.2074760 0.4859159 0.4370445 0.8489668 
Coeast_Cast_sb804804                                 0.2799698 0.3054788 0.3296610 0.2863415 0.3167115 0.3729308 0.3097152 0.3088348 0.2685366 0.3091230 0.2643010 0.2730716 0.2917144 0.2987391 0.3161581 0.2779075 0.3290911 0.3203973 0.1074880 0.1063967 0.1049768 0.0922896 0.0487784 0.0729772 0.0923307 0.0718603 0.0819559 0.0819559 0.0123865 0.0125007 0.0183930 0.0308529 0.0000000 0.0644770 0.1013004 0.0990807 0.0882011 0.0858182 0.0930757 0.0921446 0.1470060 0.2666769 0.2709796 0.2651364 0.2749762 0.2786228 0.2658264 0.2658264 0.2837930 0.3020805 0.3075164 0.2723882 0.3100500 0.3194265 0.3059644 0.3059644 0.3225706 0.3104914 0.2841417 0.3768670 0.2863472 0.4240780 0.3164015 0.4252448 0.4206047 0.4104116 0.4023082 0.3529934 0.3059209 0.3652883 0.3599112 0.3131740 0.5153910 0.4141215 0.4184183 0.2502887 0.2960355 0.4233554 0.3532744 0.2916893 0.3244270 0.3047048 0.4231138 0.3926590 0.4808718 0.4418177 0.4178042 0.4449097 0.4078249 0.3408142 0.4191174 0.3787926 0.3371940 0.5709211 0.5015312 0.4959410 0.5809545 0.5574181 0.5861548 0.4170446 0.4336597 0.3147657 0.6633258 0.1086043 0.5586436 0.6618967 0.5453134 0.3687697 0.1144895 0.2280760 0.4459939 0.4203930 0.7159248 
