147
Cgig_XM_034475133.1                                                 0.0000000 0.0000010 0.0000010 0.0000010 1.5505911 0.0000010 2.1414608 2.0665151 2.1543204 1.7398532 2.1162242 2.3052027 1.3208362 2.1905384 1.4716143 2.1670379 9.0000000 9.0000000 2.3452018 2.0936983 2.2397645 1.9249077 3.4925539 2.0468141 1.9971227 0.0000010 2.8809622 2.4715850 2.3699521 2.5400628 2.4184059 2.6044727 2.1972388 2.1637142 1.8944153 2.0936435 2.1955987 2.1955987 7.4135144 2.3646975 2.0183667 1.5962893 1.9234696 0.0000010 1.9934971 2.2898432 2.3805877 1.9587409 1.2947922 1.3609044 1.9720785 9.0000000 2.3144961 1.9550708 3.1644129 5.5081867 0.0000010 0.0000010 0.0000010 0.0000010 2.5530133 2.3046328 2.3046328 2.3046328 2.3046328 2.3046328 2.3046328 2.3046328 2.3046328 2.3046328 2.5604438 2.5604438 2.5604438 2.5604438 1.5949736 1.5949736 1.7666783 1.8001565 1.8001565 1.8001565 1.8931885 2.1830682 2.1682899 2.2886339 2.2886339 1.9798253 8.6769605 2.3655784 3.4700181 8.9999985 8.9999985 8.9999985 8.9999985 3.4700181 2.3655784 3.4700181 2.3655784 0.0000010 5.7167609 4.4243035 4.5495845 4.5495845 0.0000010 4.3578054 5.3825744 3.7033402 4.3392250 4.9927668 5.0630730 3.9780363 4.8216429 4.0016400 4.0016400 5.0214586 3.1179761 3.4481140 5.5155167 5.0212793 2.4290485 6.2288372 5.6219337 3.1456032 4.8569437 7.0263689 8.2197777 7.0524665 4.4065860 2.9392680 3.9458279 3.9458279 8.3743276 4.6157362 5.9342964 5.9342964 9.0000000 3.5853892 0.0000010 0.0000010 0.0000010 0.0000010 6.2963037 0.0000010 0.0000010 0.0000010 8.9999988 8.6099656 2.8176868 
Cgig_XM_011441621.3                                                 0.0000010 0.0000000 0.5030272 0.6280791 0.6530901 0.6861513 0.7218045 0.9382474 0.8092920 0.7647691 0.8082789 0.9257751 0.8203787 0.9819789 0.8614174 1.1674520 0.6629128 0.7971215 0.9171136 0.8962804 0.9255714 0.9088980 0.9948300 1.0031072 0.8941664 0.8930135 1.1390564 1.0501288 1.0379356 1.0793086 1.0723802 1.0712585 0.9828390 0.9679938 0.9199495 0.9629596 0.9760435 0.9206450 0.8495972 1.1120564 1.0048606 1.0498424 0.9787341 0.8704233 0.9434168 1.0892417 0.9423578 1.0935535 0.9136607 0.8883585 1.1103880 1.8050775 1.2368478 1.2769631 1.2985614 1.9060461 0.8912112 0.9416733 1.0311709 0.9134751 1.0883594 1.3555777 1.3555777 1.0684331 1.1221181 1.0917701 1.4186217 1.4402604 1.2514703 1.5099831 1.0588143 1.0588143 1.1006103 1.1006103 1.0510597 1.0510597 1.0459398 1.1078675 1.1153928 1.1153928 1.1115343 1.0782244 1.1034744 1.4082014 1.4082014 1.1529806 1.1709487 1.0929672 0.9881328 1.0895592 1.0895592 1.0675428 1.0675428 0.9699274 1.0762226 1.3422078 1.5072638 1.1013618 2.2472753 2.8643185 1.9167763 3.4458378 1.4736785 1.9249433 1.7785335 1.7457470 1.8368360 1.8369601 1.9161141 1.8494418 2.0600767 1.8090669 1.8090669 2.1345676 1.7222178 1.3030350 1.7669879 2.2106235 1.5976641 2.3183796 1.6182056 1.8278554 2.0733636 2.0408995 2.0874331 2.0969474 2.0488511 1.8189540 1.6423431 1.5157682 2.0825538 2.1062313 5.0275989 2.3072919 2.5634195 1.6340600 2.0037578 1.5736973 2.0645197 2.5700413 2.1600369 1.0964704 1.1665977 1.7187072 2.6854706 3.2225737 1.4085157 
Acagra_model.g3820.t1                                               0.0000010 0.5030272 0.0000000 0.6373003 0.5507469 0.6402109 0.5916303 0.8138792 0.6927417 0.6451600 0.6714274 0.7158299 0.6746901 0.7717640 0.6959598 0.8997206 0.7358869 0.7912071 0.8091102 0.7847431 0.7400106 0.7668313 0.7780117 0.8575121 0.8287326 0.9546344 0.8435758 0.8003176 0.8048141 0.8269376 0.9486576 0.9470655 0.7669345 0.7550014 0.7619228 0.7484829 0.7947362 0.7446587 0.7110883 0.9265092 0.8552198 0.9270908 0.8202824 0.9121050 0.7493462 0.8935194 0.8134661 0.9480546 0.8445421 0.5571672 1.0385224 1.4826989 1.0147090 1.0794765 1.1472800 1.8846696 0.9130967 0.8985813 0.8877941 0.9140244 0.8831962 1.0480453 1.0480453 0.9204993 0.9100619 0.9389237 1.1299279 1.1955278 1.0306730 1.3087556 0.9436609 0.9436609 0.9380622 0.9380622 0.8735751 0.8735751 0.9563044 0.9279410 0.9356838 0.9356838 0.9436084 0.9293448 1.0239429 1.0391039 1.0391039 1.0006207 1.0043190 0.9305334 0.9276347 0.9403480 0.9403480 0.9291087 0.9291087 0.9180856 0.9209936 1.2598077 1.2668970 0.8981167 1.7097157 2.6929617 1.6154347 2.4226296 1.3579197 1.5192766 1.4729961 1.6393049 1.5314244 1.5831176 1.5045453 1.6009193 1.7331099 1.5374413 1.5374413 1.7027518 1.3585906 1.1778856 1.1122959 1.1093653 1.1621530 1.1455587 1.1834092 1.5584154 1.7277757 1.7157752 1.8141836 1.8130040 1.9098712 1.3220456 1.4750775 1.4163822 1.7353503 2.0686201 4.6958094 2.1052272 2.3617601 1.5398005 2.1593935 1.8240136 2.2199594 2.8969733 1.9333965 0.8868813 0.9997953 1.5074339 1.3997382 2.8804562 0.6493003 
Lcom_lcpid112877                                                    0.0000010 0.6280791 0.6373003 0.0000000 0.5950915 0.7523688 0.5461170 0.8363298 0.6755670 0.6044544 0.7754472 0.6323506 0.7458655 0.7821832 0.7725366 1.0124923 0.7483477 0.8039077 0.7977378 0.8059668 0.8177275 0.8408076 0.8617227 0.8023384 0.8085044 0.9395583 0.8782606 0.8525933 0.8393691 0.9500192 1.0264111 0.9626147 0.8812009 0.8635367 0.8283535 0.8355285 0.8815750 0.8911071 0.8489108 0.9031555 0.7944052 0.8948562 0.8888971 0.8955206 0.8279480 0.8149308 0.7903534 0.8685151 0.9433947 0.0000010 1.0207539 1.4537071 1.1430033 1.1924689 1.0620235 1.7768979 0.9938075 0.9954994 0.9954994 1.0486121 0.8873777 1.0031034 1.0031034 0.9760580 0.9760580 1.0117411 1.3367490 1.1838783 1.1714462 1.5310134 0.8604141 0.8604141 0.8604141 0.8604141 0.8940269 0.8940269 0.9075442 0.9730639 0.9730639 0.9730639 0.9863096 0.8882710 1.0277912 1.1339523 1.1339523 1.0048935 1.0277912 0.8738817 0.8738817 0.9238529 0.9238529 0.9238529 0.9238529 0.8738817 0.8738817 1.2130159 1.2130159 0.8195996 1.8157282 3.9495980 1.7623212 3.2210927 1.3844224 1.7762172 1.6816370 1.6007364 1.7993670 1.7056086 1.7839511 1.8122917 1.9836474 1.7819647 1.7819647 2.2468195 0.0000010 1.4600810 1.5067025 1.8601392 1.2292416 0.0000010 2.3940094 2.0864478 1.8285103 1.8711209 1.6904677 1.9187400 1.7844539 1.9807680 1.1982516 1.3776416 1.7344553 1.9854635 0.0000010 2.1300424 2.2416046 1.4915689 1.9245086 1.9696111 2.0698962 3.4127088 1.7477593 0.8426876 1.3837142 1.1057162 1.8601392 2.6987208 1.5781950 
Ctel_gnl_WGS_AMQN_CAPTEDRAFT_mRNA226972                             1.5505911 0.6530901 0.5507469 0.5950915 0.0000000 0.6345627 0.6886908 0.8659124 0.8088664 0.6509985 0.7157001 0.8692784 0.7237433 0.8174469 0.7833313 0.7343601 0.6320167 0.8153197 0.7959684 0.8164796 0.8402081 0.8288386 0.8967306 0.8882226 0.8311215 0.9062842 0.9820453 0.9573589 0.9092184 0.9926267 1.0057541 0.9590139 0.8526516 0.8018629 0.8210955 0.8347742 0.8854814 0.8063164 0.8271823 0.9245539 0.8602043 0.9403567 0.8213522 0.9431714 0.8354718 0.9754532 0.8914105 1.0948376 0.8034544 0.8994248 1.0002621 1.5785582 1.1410166 1.1154521 1.4126136 2.1390174 0.9687089 1.0222939 1.1254865 0.9492673 1.0904801 1.0828219 1.0828219 1.0389371 1.1051563 1.0041973 1.2221924 1.1696357 1.1512186 1.2308385 0.9942645 0.9942645 1.0654223 1.0654223 0.9964606 0.9964606 1.0516149 1.0385184 1.0632576 1.0632576 1.0175301 0.9965999 1.0081853 1.0899839 1.0899839 1.1261122 1.1742883 1.0357181 0.9632242 1.1338389 1.1338389 1.1345613 1.1345613 0.9633360 1.0360046 1.1138704 1.2301295 1.2776704 2.1541635 3.2632110 1.8504992 2.7520521 1.5688332 1.9370109 1.7807415 1.8555327 2.0249238 2.1038745 1.9954538 1.8178407 2.0014962 1.8060715 1.8060715 1.7804928 1.2187152 1.3757991 1.2424732 1.7138977 1.3844907 1.7743284 1.4533184 1.4504796 1.9603809 1.9961353 1.9737881 2.2494879 2.0248829 1.5069310 1.4286954 1.4467116 2.0673532 2.2321114 2.9459403 2.1335432 2.4998347 1.5015789 2.1745211 1.7399442 2.2800965 3.6587438 2.2443736 1.2660065 1.3898613 2.0264320 2.5115551 3.0078528 1.4874762 
Lcom_lcpid217097                                                    0.0000010 0.6861513 0.6402109 0.7523688 0.6345627 0.0000000 0.3937271 0.4826435 0.5929726 0.5476053 0.6376820 0.5467766 0.5879314 0.5735013 0.7724798 0.6896146 0.9364607 0.9364607 0.7222978 0.7270334 0.7188247 0.7071318 0.8125551 0.7067923 0.7091902 0.9203715 0.8022696 0.7923234 0.7312179 0.8020354 1.0355204 1.0155495 0.9647256 0.8598054 0.9112137 0.8937957 0.9403022 0.9403022 0.8672165 0.8312214 0.8552861 0.9958396 0.7923420 0.0000010 0.9009150 0.8181078 0.8181078 0.8230634 0.8511955 0.4220535 1.1339822 9.0000000 1.3151755 1.1776168 1.4057960 1.7038533 2.7372241 2.4556284 2.4556284 2.4556284 0.9537165 0.7989812 0.7989812 0.9982672 0.9982672 0.9982672 0.9982672 0.9267190 0.9982672 0.9592301 0.9785696 0.9785696 0.9785696 0.9785696 1.0557437 1.0557437 0.9688553 1.0008189 1.0008189 1.0008189 1.0008189 0.9740045 1.0451568 0.9929940 0.9929940 1.1437345 1.0451568 1.1328933 1.1328933 1.9953601 1.9953601 1.9953601 1.9953601 1.1328933 1.1328933 1.1328933 1.1328933 2.5254335 3.3015057 2.0538219 1.5690594 2.5441761 0.0000010 1.6589630 1.2239363 1.4255947 1.5269591 1.6409796 1.3771439 1.4127557 1.5968449 1.4263388 1.4263388 1.3854928 0.9161935 1.0516868 0.7625523 0.8275075 0.9299688 0.8013590 1.2856526 0.8438391 1.3908795 1.1911654 1.2488732 1.4970006 1.6423016 1.2016497 1.0673220 1.0673220 1.7042003 1.9808339 8.9999983 1.9012464 1.9277563 1.4637275 5.1790121 1.7860358 2.5761430 0.0000010 2.0465817 0.0000010 0.0000010 0.0000010 0.9719238 2.6248004 0.6560202 
Dpul_mRNA15111                                                      2.1414608 0.7218045 0.5916303 0.5461170 0.6886908 0.3937271 0.0000000 0.5537342 0.5664537 0.6282290 0.6744414 0.7089629 0.7445049 0.6971654 0.6858013 0.9314952 0.5650080 0.6486128 0.7441983 0.7482020 0.7451481 0.7350549 0.8131131 0.8464507 0.7716282 0.7826571 0.9295050 0.8880860 0.8540847 0.9140053 0.9247396 0.8823138 0.8252968 0.8125740 0.8233201 0.7907500 0.8081464 0.7931065 0.7452983 0.9311588 0.9009682 0.9833594 0.8323684 0.8325855 0.7982356 0.9212706 0.8891670 0.8668403 0.7591455 0.7833512 0.9187437 1.9711960 1.0077968 1.1244203 1.2392233 1.9446021 0.7091412 0.7241347 0.7092322 0.7009913 0.8161571 1.1365690 1.1365690 0.8515769 0.8329469 0.8771086 1.1094738 1.1597198 1.0138518 1.2614961 0.8796737 0.8796737 0.8691638 0.8691638 0.8275662 0.8275662 0.8050064 0.8799651 0.8799651 0.8799651 0.9149033 0.8461438 0.9939529 1.1521654 1.1521654 0.9634310 1.1484225 0.8275613 0.7812434 0.8539299 0.8539299 0.8539299 0.8539299 0.7812434 0.8275613 1.1632909 1.1658431 0.7625547 1.4588692 2.4895818 1.7232289 3.2026059 1.3143864 1.7118679 1.7111816 1.6612298 1.6715315 1.6669415 1.7138050 1.7617431 1.8889812 1.7585653 1.7585653 1.7139776 1.7401059 1.2956911 1.3197833 1.9060500 1.2948679 1.9989756 1.5969654 1.4789242 1.6807508 1.7320134 1.7209612 1.8912709 1.7699953 1.5215906 1.3975414 1.3385003 1.9527113 1.9594205 3.7706811 1.8510603 2.1893323 1.3565407 2.1066864 1.7645967 1.7932762 2.4335930 1.8412474 0.7397043 0.9511298 1.4296612 2.3642316 3.0177878 1.3978324 
Tcas_TC005232_001                                                   2.0665151 0.9382474 0.8138792 0.8363298 0.8659124 0.4826435 0.5537342 0.0000000 0.7730723 0.8568217 0.9965785 0.9937089 0.9536382 0.9945860 1.0551141 1.0828703 0.7423589 0.9627821 0.9062414 1.0205783 1.0689181 1.0417233 1.1397155 1.1398399 1.0646882 1.1373096 1.1658078 1.2009548 1.2323361 1.2580775 1.2501488 1.1714856 1.1818878 1.1173276 1.1864233 1.1972530 1.1916067 1.0842836 1.0067603 1.4181249 1.2962111 1.3742294 1.1863807 0.9839656 0.9157006 1.1200589 0.9726152 1.0181555 0.8984291 1.0146242 1.1477485 2.3974704 1.2764197 1.3629768 1.4119827 2.1363278 1.0237266 1.0289414 1.1852893 1.0076378 1.2630880 1.6062926 1.6062926 1.1737475 1.2720302 1.2068064 1.6319137 1.5858127 1.4139824 1.6443135 1.0482928 1.0482928 1.1780228 1.1780228 1.2079564 1.2079564 1.1483427 1.2340952 1.2510859 1.2510859 1.2445652 1.2375220 1.2381694 1.6128098 1.6128098 1.2733017 1.3045880 1.2170495 1.1178688 1.2215542 1.2215542 1.2084896 1.2084896 1.1067557 1.2071183 1.4292901 1.5820531 1.3094370 2.4725511 2.9763555 1.9751588 3.1237761 1.8658075 2.0060136 1.7286710 1.9346905 1.9987152 2.0727333 1.9471019 1.9976057 2.1770144 1.9374997 1.9374997 1.9562066 1.6939990 1.4184579 1.6482865 2.1303251 1.2743948 2.1430918 2.0342610 1.5508355 2.0291649 2.0693478 2.0690597 2.3849716 2.0743257 1.7408802 1.7789506 1.6303122 2.1649237 2.3927107 3.9727037 2.1317693 2.3280699 1.4393398 2.8352376 2.0628941 2.3840822 3.2317104 2.2393644 1.6939965 1.9396932 2.1649066 2.5431836 2.8959129 1.8153749 
Tcas_TC005233_001                                                   2.1543204 0.8092920 0.6927417 0.6755670 0.8088664 0.5929726 0.5664537 0.7730723 0.0000000 0.8726564 0.9962755 0.9020021 0.8241629 0.8729957 0.9642660 1.0833295 0.7391092 0.9490067 0.9667121 1.0741509 1.0620036 1.0334338 1.2058714 1.0968399 0.9738433 1.0504724 1.1882451 1.1647074 1.1672216 1.1237228 1.1164109 1.1303187 1.0234767 0.9923349 1.0272926 1.0430624 0.9927606 0.8974778 0.8791323 1.0903749 0.9886770 1.0600767 0.9023478 0.9088751 0.8762214 1.1558069 0.9949425 1.0317641 1.0080124 0.9694837 1.2582790 1.7890351 1.2848334 1.2709719 1.2109130 1.9731340 0.8683238 0.8986210 1.0853816 0.8385608 1.1255852 1.2374664 1.2374664 0.9908816 1.1130628 0.9838334 1.1837122 1.2462731 1.0330094 1.3246624 0.9862981 0.9862981 1.1046453 1.1046453 1.1471981 1.1471981 1.0736859 1.1228955 1.1618546 1.1618546 1.1368078 1.1320909 1.0335311 1.1756155 1.1756155 1.1509873 1.1977227 1.1174159 1.1248393 1.2192253 1.2192253 1.2012264 1.2012264 1.1098603 1.1042890 1.2673767 1.2145037 1.3020619 2.6225834 2.2593247 1.8241738 2.9109825 1.8677190 1.9119338 1.7153163 1.7940517 1.7295286 1.7969667 1.8971981 1.9331978 2.0994054 1.8772427 1.8772427 1.7142332 1.6152921 1.2237631 1.4577936 1.7417246 1.5738134 1.7754512 1.2530249 1.4729079 2.0240631 1.9957494 2.1047467 2.2008345 2.0513370 1.5106040 1.5110643 1.4622503 2.0487509 2.3457456 3.7522009 2.0520457 2.3406927 1.4601634 2.1147339 1.5610582 2.2871462 2.4462989 2.0512799 1.5171314 2.3738906 1.6066791 2.3192084 3.0129521 1.4908624 
Acagra_model.g7004.t1                                               1.7398532 0.7647691 0.6451600 0.6044544 0.6509985 0.5476053 0.6282290 0.8568217 0.8726564 0.0000000 0.5489210 0.8308579 0.6630395 0.8011533 0.8063071 1.0564226 0.6579539 0.8083038 0.8430951 0.9320616 0.9174815 0.9099335 0.9882947 0.9785490 0.8462291 0.8864063 0.9694859 0.9186196 0.9475619 0.9712754 1.0967417 1.0946262 0.9238239 0.8970298 0.9148283 0.9052401 0.9272200 0.8508925 0.9038340 0.9640249 0.9508201 1.0535252 0.8471092 0.8501085 0.8256454 0.9999857 0.8742375 1.0263910 0.8385317 0.8231989 1.0935931 1.5917550 1.3052021 1.2328237 1.2668319 2.1508705 0.9468943 0.9192520 1.1045843 0.8668783 1.0677976 1.0660332 1.0660332 0.9500653 1.0723891 0.9298439 1.0214233 1.0724739 0.9661779 1.1751980 0.9672211 0.9672211 1.0999537 1.0999537 1.0171836 1.0171836 1.0471338 1.0405065 1.0698220 1.0698220 1.0522202 1.0590355 1.0152452 1.0987567 1.0987567 1.1283431 1.1458085 1.1327624 1.0903875 1.2168690 1.2168690 1.2013341 1.2013341 1.0777273 1.1214279 1.2704206 1.3179478 1.3809732 2.0434030 2.6496405 1.9192550 2.7566809 1.5439724 1.8395941 1.6765125 1.7024782 1.8781717 1.8503729 1.9109953 1.9311437 2.0551900 1.7427686 1.7427686 1.6766118 1.3561110 1.3478894 1.1888238 1.6681464 1.3351124 1.5433857 1.4987880 1.4485081 1.9527419 2.0892636 1.9778916 2.2636411 2.0245761 1.5524523 1.5310654 1.4560037 2.2318413 2.1385210 3.7708837 2.1447048 2.3318253 1.4430928 1.8094097 1.6853926 2.1891447 2.5159372 2.1080246 1.3145674 0.8614790 2.1813264 2.1881714 2.9880711 1.2557997 
Cgig_XM_011445624.3                                                 2.1162242 0.8082789 0.6714274 0.7754472 0.7157001 0.6376820 0.6744414 0.9965785 0.9962755 0.5489210 0.0000000 0.9539282 0.7512081 0.9318072 0.9258694 1.0870760 0.7269292 0.8888550 0.9637427 0.9756591 0.9540634 0.9490753 1.0160862 1.0282854 0.8664083 0.9041567 0.9877904 0.9314176 0.9747753 0.9830259 1.0688546 1.1071334 0.9880335 0.9732680 0.9888674 0.9507773 0.9622216 0.8815658 0.8545275 0.9992427 0.9271025 0.9991427 0.8384195 0.8349181 0.8802169 1.0662022 0.9493516 0.9983582 0.8530225 1.0487653 1.1465674 1.7887215 1.3402915 1.2491514 1.4537996 2.0751464 0.9336751 0.9505078 1.1571550 0.8269522 1.1892655 1.2431663 1.2431663 1.0365762 1.1706074 0.9915014 1.2488403 1.2679176 1.1004118 1.3661982 1.0200108 1.0200108 1.1705896 1.1705896 1.1242007 1.1242007 1.0903507 1.1417391 1.2081310 1.2081310 1.1652067 1.1929626 1.0881635 1.2711633 1.2711633 1.2835412 1.2137311 1.1634566 1.1092428 1.2133783 1.2133783 1.1888342 1.1888342 1.0892361 1.1452273 1.2315188 1.3181596 1.6751483 2.3804273 2.7508724 2.0550058 2.9975882 1.7421429 1.9190746 1.8144664 1.9305061 2.1071171 2.1311412 2.0970327 2.1260016 2.3349896 1.7877470 1.7877470 1.9896343 1.4163351 1.4062344 1.5511757 1.9930280 1.3732243 1.5926633 1.4213936 1.4860280 2.0439260 2.1394569 2.1604773 2.4118371 2.0893526 1.7385131 1.5871372 1.4420196 2.2181030 2.2480609 4.4699420 2.2035835 2.5229002 1.6089392 2.2254398 1.9696839 2.3453012 2.7659864 2.1982988 1.4385506 0.8470563 2.2886809 3.0552756 3.3821938 1.2906306 
Spur_XM_030994446.1                                                 2.3052027 0.9257751 0.7158299 0.6323506 0.8692784 0.5467766 0.7089629 0.9937089 0.9020021 0.8308579 0.9539282 0.0000000 0.7170186 0.8340021 0.8855252 0.8587057 0.5816369 0.8110120 0.8837363 0.8547863 0.8667885 0.8556690 0.9004568 0.9307361 0.8472633 0.8954972 1.0781201 1.0512564 1.0664288 0.9612327 0.9964789 0.9842937 0.8425301 0.8071608 0.7858539 0.7983625 0.8250300 0.7596559 0.7599281 0.9816144 0.9407829 1.0287111 0.8601391 0.8208197 0.7728332 1.0119838 0.8880614 1.0898212 0.8132186 1.1796415 1.0038126 1.6817982 1.2737178 1.2270286 1.2008379 2.1284643 1.0072748 1.0126806 1.1989232 0.9955700 1.1868857 1.2631154 1.2631154 1.0924516 1.2116509 1.1061533 1.3420508 1.3180440 1.1856235 1.4157445 1.1072637 1.1072637 1.2702892 1.2702892 1.1488159 1.1488159 1.1504902 1.2110563 1.2386710 1.2386710 1.2254791 1.2375735 1.1220842 1.3233749 1.3233749 1.2011652 1.2469320 1.2233858 1.1908344 1.3314925 1.3314925 1.3251397 1.3251397 1.1847327 1.2181923 1.3509703 1.3788756 1.3604328 2.4776522 2.7717852 1.8684916 2.5873720 1.5852369 1.8642206 1.6482209 1.7659734 1.8012386 1.8109922 1.8587775 1.8817725 2.0967573 1.7423614 1.7423614 1.9070500 1.3090589 1.3571023 1.6613322 2.0905433 1.2795516 1.8387382 1.3279302 1.5563052 1.8900688 2.0446988 1.9979410 2.3179413 2.0938484 1.3049181 1.5058401 1.4486851 2.1586258 2.0217336 4.1107752 2.1725386 2.3418989 1.4334003 1.6792858 1.4927089 2.1536333 2.5568909 2.0531804 1.4210763 1.7834705 2.0193028 2.5561183 2.9264372 1.4223795 
Ctel_gnl_WGS_AMQN_CAPTEDRAFT_mRNA166009                             1.3208362 0.8203787 0.6746901 0.7458655 0.7237433 0.5879314 0.7445049 0.9536382 0.8241629 0.6630395 0.7512081 0.7170186 0.0000000 0.8546960 0.8568414 0.9203140 0.7495759 0.8081359 0.8474863 0.8412448 0.8407485 0.8513750 0.9285004 0.8976778 0.8053577 0.8507945 1.0374477 0.9652766 0.9837296 1.0268577 1.0220255 0.9796577 0.9110311 0.9063875 0.9177006 0.9244273 0.9098293 0.9067973 0.8121717 0.9222978 0.9029526 1.0325632 0.9010355 0.8750155 0.8967394 1.0157209 0.9649271 1.0470732 0.8824005 0.9325359 1.1400847 2.3572820 1.0608326 1.1120366 1.4448292 2.0870203 1.0704015 1.1295487 1.0788976 1.0910146 1.1286185 1.2829310 1.2829310 1.1760825 1.1405055 1.1679558 1.3698791 1.3541463 1.2489190 1.4254500 1.2125861 1.2125861 1.2013899 1.2013899 1.1394883 1.1394883 1.1274947 1.1055650 1.1055650 1.1055650 1.1198454 1.1207341 1.2842597 1.4810447 1.4810447 1.1723109 1.4051646 1.1345851 1.0809253 1.2075973 1.2075973 1.2075973 1.2075973 1.0809253 1.1345851 1.5237190 1.5236944 1.0623619 1.9543581 3.2202133 1.7062512 2.3793199 1.3641837 1.6106616 1.6663750 1.6004412 1.6688648 1.6737040 1.7289813 1.7347459 1.7768756 1.6335556 1.6335556 1.9114362 1.1708294 1.3879361 1.6034196 1.8262377 1.4332399 1.4452564 1.4080502 1.5300110 1.7431301 1.8554451 1.8641225 1.9559242 1.9134520 1.6277669 1.5287099 1.5313786 1.8411677 1.8637115 3.1355508 2.0283336 2.4397261 1.6527381 1.7047563 1.6085506 2.0657751 2.5821586 2.1324317 0.9083960 0.9534563 1.5366081 2.5831888 3.1712382 1.3959338 
Hsap_ENST00000369705                                                2.1905384 0.9819789 0.7717640 0.7821832 0.8174469 0.5735013 0.6971654 0.9945860 0.8729957 0.8011533 0.9318072 0.8340021 0.8546960 0.0000000 0.4628774 0.9433483 0.6425926 0.8499073 0.8981821 0.8811209 0.8725710 0.8743404 0.9439713 1.0135184 0.8275583 0.9042432 1.0706823 1.0018573 0.9448574 0.9827556 1.1468542 1.1095179 1.0110696 0.9914079 0.9703700 0.9797823 1.0140297 0.9352756 0.8816283 1.0542563 1.0407726 1.0935510 0.8795504 1.0437103 0.7931283 1.1052971 1.0102291 1.1132525 0.7171313 0.8919369 1.0084574 1.6881916 1.1661965 1.1461509 1.3099986 2.1170373 0.8308380 0.9101357 1.0313812 0.7850424 1.1065708 1.2386840 1.2386840 1.0100287 1.0878989 0.9639342 1.2117278 1.2546674 1.0675172 1.3728452 1.0360662 1.0360662 1.1196881 1.1196881 1.0828243 1.0828243 1.0855685 1.0681933 1.0808176 1.0808176 1.1068849 1.0735941 1.0647017 1.2211539 1.2211539 1.1823392 1.1399370 1.1250272 1.0449581 1.1846522 1.1846522 1.1584161 1.1584161 1.0237051 1.1057341 1.2715580 1.3905216 1.2761802 2.1377891 3.0314966 2.0401063 2.9889252 1.6320888 1.7966514 1.5948131 1.8408632 1.8191592 1.7778798 1.7375446 1.7932731 1.9639988 1.8279351 1.8279351 1.6390453 1.5423256 1.4308011 1.3900536 1.8976227 1.2979364 1.8546831 1.5050447 1.5177156 1.8903236 1.8596821 1.8750421 2.0380070 1.8030610 1.6940590 1.4290850 1.3963893 1.9154967 2.1338867 4.0822959 2.1365420 2.3772119 1.5153774 1.7209359 1.7493320 2.0135183 2.4703084 2.1125930 1.3237852 1.6141365 1.8175215 2.5939949 2.9872107 1.5613755 
Hsap_ENST00000393324                                                1.4716143 0.8614174 0.6959598 0.7725366 0.7833313 0.7724798 0.6858013 1.0551141 0.9642660 0.8063071 0.9258694 0.8855252 0.8568414 0.4628774 0.0000000 0.9362601 0.6131781 0.8989940 0.8791368 0.8937157 0.8787934 0.8737198 0.9438896 1.0272248 0.8146187 0.8956737 1.1215445 1.0749478 1.0371433 0.9817318 1.0959986 1.0637353 0.8923203 0.8759840 0.8840447 0.8651178 0.8795228 0.8289517 0.8643335 1.0916249 1.0598986 1.0610047 0.9499558 0.9930182 0.8037091 1.1810726 1.0578773 1.2088029 0.7049335 0.8517644 0.9830230 1.5810873 1.2571832 1.2501292 1.4753939 2.1273597 0.7357423 0.8019299 0.9528974 0.7088786 1.0483588 1.2481032 1.2481032 0.9486578 1.0448348 0.9331186 1.1609093 1.2598071 1.0338512 1.4059519 0.9870413 0.9870413 1.0929226 1.0929226 1.0832084 1.0832084 1.0765975 1.0555068 1.0664540 1.0664540 1.0817488 1.0679070 1.0724351 1.3007893 1.3007893 1.1481650 1.1378510 1.1308497 1.0532876 1.1786983 1.1786983 1.1594537 1.1594537 1.0375552 1.1165424 1.3704678 1.4711683 1.2387074 2.1096580 2.4164504 1.8557712 3.0384254 1.5307116 1.8480998 1.6432110 1.7131782 1.7924472 1.8159305 1.8295933 1.8955578 1.9837521 1.8186195 1.8186195 1.7816946 1.7707881 1.4182629 1.6057807 1.9794202 1.3899577 2.0036436 1.5267416 1.5008890 1.9094079 1.8762589 1.8964055 2.1474311 1.8364148 1.4633979 1.4525913 1.3936179 2.0930191 2.2561899 3.4560646 2.0997947 2.4052444 1.5223163 1.9493639 1.7362488 2.1766944 3.0831374 2.1003366 1.4720097 1.7525006 2.2052943 2.7483110 2.9718589 1.7195277 
Gfas_gfas1.m1.19861.m1                                              2.1670379 1.1674520 0.8997206 1.0124923 0.7343601 0.6896146 0.9314952 1.0828703 1.0833295 1.0564226 1.0870760 0.8587057 0.9203140 0.9433483 0.9362601 0.0000000 0.2546049 0.2563788 0.2039213 0.1938628 0.2234203 0.2338468 0.3137884 0.4272005 0.4662044 0.4264170 0.7975697 0.7892863 0.8315125 0.7875182 0.6649202 0.6325710 1.0696837 1.0054899 1.0015424 0.9474233 0.9670137 0.9649700 0.7781279 0.9822827 0.8672928 0.8996291 0.7843722 0.0000010 0.9941043 1.0954605 1.1011020 1.3688892 1.0084443 1.0176049 1.3263621 4.6341671 1.0903111 0.9826172 1.4372931 1.9353930 1.8301352 1.7453729 1.7453729 1.7453729 1.2540322 1.0510042 1.0510042 1.1826554 1.1826554 1.1826554 1.1826554 1.1320197 1.1826554 1.1819164 1.1644613 1.1644613 1.1644613 1.1644613 1.1689631 1.1689631 1.1396743 1.2018419 1.2018419 1.2018419 1.1987978 1.0709097 1.1768969 1.2541858 1.2541858 1.2423925 1.3144137 1.2479923 1.0548890 1.9916232 1.9916232 1.9916232 1.9916232 1.0548890 1.2479923 1.0548890 1.2479923 2.5254335 3.5679988 2.2313702 1.9054722 2.2436312 0.0000010 1.6581249 1.6074582 1.6416689 1.7246536 1.9247553 1.7024381 1.7330202 1.8895367 1.6147113 1.6147113 1.5687394 1.1941677 1.4173685 1.4574871 1.7438816 1.0946416 1.5917891 1.3394295 0.9300429 2.0038566 2.0966797 1.9524296 2.3204998 2.1779462 1.3758176 1.2302117 1.2302117 2.2738058 2.0999635 3.0827810 2.3052634 2.9097146 1.6248892 3.9046606 2.1171840 2.2183033 0.0000010 2.0767975 0.0000010 0.0000010 0.0000010 2.7150922 2.4771373 1.4155947 
Adig_XM_015895364.1                                                 9.0000000 0.6629128 0.7358869 0.7483477 0.6320167 0.9364607 0.5650080 0.7423589 0.7391092 0.6579539 0.7269292 0.5816369 0.7495759 0.6425926 0.6131781 0.2546049 0.0000000 0.0039066 0.0303477 0.2007888 0.1834545 0.1918812 0.2079745 0.3842460 0.4398198 0.4797015 0.5913557 0.5569052 0.5804065 0.6434058 0.5584142 0.5470723 0.6860163 0.6661669 0.7094419 0.7234787 0.6558826 0.6444020 0.7016611 0.8889909 0.6925053 0.8245561 0.7137918 0.6813553 0.7598619 0.7155295 0.7306757 0.8714558 0.9027577 4.0362762 0.9936320 1.3191082 0.9147044 1.0608171 1.0888277 1.4261207 0.7914185 0.7837293 0.7837293 0.7837293 0.7865849 0.7717837 0.7717837 0.7841638 0.7841638 0.7841638 1.0395309 0.8546242 0.8704160 0.9953425 0.7378215 0.7378215 0.7378215 0.7378215 0.6860185 0.6860185 0.7751413 0.7785229 0.7785229 0.7785229 0.7648858 0.7338235 0.8360101 1.0877074 1.0877074 0.8774961 0.8223836 0.7646408 0.7193100 0.7805018 0.7805018 0.7805018 0.7805018 0.7193100 0.7646408 1.1126787 1.2037037 0.8292451 2.9530228 1.7263661 1.8348529 6.1663787 1.1773906 1.5346086 1.4099590 1.4389100 1.4625667 1.4534339 1.4498293 1.7417584 1.7085021 1.5033846 1.5033846 1.5893852 0.5526994 1.0502094 0.4664827 1.1437269 0.6865260 2.6033735 1.2572207 1.4939277 1.6365745 1.6342184 1.6410783 1.6803492 1.7243754 0.9959319 1.1364057 1.1041973 1.7027089 1.6484911 8.9999981 1.9693983 1.8731877 1.4790549 2.1462513 1.7071981 1.8871823 0.0000010 1.6185018 0.0000010 0.0000010 1.0974493 1.0419621 2.3971286 7.0372682 
Adig_XM_015908530.1                                                 9.0000000 0.7971215 0.7912071 0.8039077 0.8153197 0.9364607 0.6486128 0.9627821 0.9490067 0.8083038 0.8888550 0.8110120 0.8081359 0.8499073 0.8989940 0.2563788 0.0039066 0.0000000 0.0186168 0.2000105 0.2095333 0.2201902 0.2072164 0.4365883 0.4085983 0.4231362 0.6538550 0.6183162 0.6613226 0.7104677 0.6835732 0.6916966 0.8492668 0.8197029 0.8672963 0.8428706 0.8095857 0.6956249 0.7102234 1.0517706 0.9091422 1.0049795 0.7723414 0.9105945 0.8240210 1.0154839 0.9260477 1.0710207 0.8769855 4.0362762 1.1000361 1.2079635 0.9829332 1.0430609 1.1483476 1.7192090 0.8762730 0.8467119 0.9962773 0.7920395 0.9743987 0.9153966 0.9153966 0.8374652 0.9667882 0.7907143 1.0605274 0.8546242 0.8840288 1.0862360 0.7647961 0.7647961 0.8979234 0.8979234 0.8832331 0.8832331 0.8867052 0.9709361 1.0316705 1.0316705 0.9396801 0.9665099 0.8393304 1.0877074 1.0877074 0.9898541 0.8259339 0.9731566 0.9429704 1.0006160 1.0006160 1.0278900 1.0278900 0.9677266 0.9981226 1.1147860 1.2060275 1.1214311 1.8858854 2.5473033 2.0577327 4.8360533 1.6408621 1.6893343 1.4044285 1.7352462 1.7116353 1.6560564 1.7504518 1.9765627 1.9876477 1.6564410 1.6564410 1.6019595 0.5526994 1.1610637 0.4664827 1.1437269 0.6865260 2.6033735 1.3280358 1.8038988 1.8250311 1.9236878 1.9166126 2.1277069 1.9940654 0.9959319 1.5628174 1.4053715 2.0510263 2.0516574 8.9999981 2.1702127 2.1724967 1.4907285 2.1546449 1.7656731 2.0914827 2.5164925 1.7992813 0.2359462 1.6493793 1.9361798 1.0419621 2.8309781 7.0372682 
Amil_Amillepora20195-RA                                             2.3452018 0.9171136 0.8091102 0.7977378 0.7959684 0.7222978 0.7441983 0.9062414 0.9667121 0.8430951 0.9637427 0.8837363 0.8474863 0.8981821 0.8791368 0.2039213 0.0303477 0.0186168 0.0000000 0.1677077 0.1763101 0.1889776 0.2280132 0.3835450 0.4147189 0.4224964 0.6557254 0.6140187 0.6379202 0.7372269 0.6191775 0.6195669 0.9097942 0.8626931 0.8905761 0.8660020 0.8567834 0.8057741 0.7388851 0.9935207 0.9233195 1.0165603 0.8499309 0.9231667 0.8513356 1.1338139 1.0599864 1.1699174 0.8772747 0.9471186 1.0733948 1.5914879 0.8441660 0.8431034 1.2759048 1.7595353 0.8222421 0.8052853 0.8646078 0.7715168 0.9406031 1.0661450 1.0661450 0.8962422 0.9304987 0.9053502 1.1380938 1.0915804 1.0008134 1.1779861 0.8855916 0.8855916 0.9227393 0.9227393 0.9069034 0.9069034 0.9330930 1.0181552 1.0181552 1.0181552 0.9826064 0.9148418 1.0082843 1.3017008 1.3017008 0.9860191 1.0659635 0.9937849 0.9162870 1.0792799 1.0792799 1.0792799 1.0792799 0.9162870 0.9937849 1.1963063 1.3040702 0.9630686 2.0279569 2.7923984 1.8167819 2.1105924 1.5434636 1.6921168 1.4995737 1.6515992 1.7156187 1.7175945 1.6584648 1.7753141 1.8597193 1.5978526 1.5978526 1.6035416 1.1680025 1.2236403 1.3083284 1.6155643 1.0485617 1.6663488 1.4490046 1.2160264 1.7794275 1.7799011 1.7393586 1.9343966 1.8565959 1.3345740 1.4770407 1.3912420 2.0039439 1.9109094 2.2661781 1.9958661 2.3665726 1.4425648 2.1858828 1.9598163 1.9698095 2.4295632 1.8672626 0.1007512 1.4143028 1.6299326 2.5628906 2.6935750 1.6330894 
Fspp_ffun1.m4.36.m1                                                 2.0936983 0.8962804 0.7847431 0.8059668 0.8164796 0.7270334 0.7482020 1.0205783 1.0741509 0.9320616 0.9756591 0.8547863 0.8412448 0.8811209 0.8937157 0.1938628 0.2007888 0.2000105 0.1677077 0.0000000 0.1671781 0.1639657 0.1508391 0.4054763 0.3785111 0.3978345 0.7341251 0.6891437 0.6937250 0.6934647 0.6671795 0.6637842 0.9173766 0.8712419 0.9065571 0.8860540 0.8424737 0.7510282 0.7055395 1.0160901 0.9005825 0.9961456 0.8408702 0.9378304 0.8622550 1.1448624 1.0641158 1.2083323 0.8317956 1.0527187 1.0589387 1.4122257 0.9378571 0.9695145 1.2546897 1.8512638 0.8934961 0.8701504 1.0477129 0.8506379 1.0355151 1.0951161 1.0951161 0.9163739 1.0332343 0.9190130 1.1502522 1.1226697 1.0116005 1.1460460 0.9070474 0.9070474 1.0395852 1.0395852 1.0152441 1.0152441 0.9621547 1.0426967 1.1201048 1.1201048 1.0392881 1.0343228 0.9840312 1.2139511 1.2139511 1.0819283 1.0293082 1.0645159 1.0069750 1.1847501 1.1847501 1.1835909 1.1835909 1.0060086 1.0636552 1.1491928 1.2396284 1.1987280 2.0367281 2.6075502 1.9184195 2.4846114 1.6568632 1.7469919 1.4968951 1.7158155 1.7352530 1.7637960 1.8482465 1.8393119 1.9085549 1.6229383 1.6229383 1.6609843 1.2583338 1.2454343 1.4426656 1.6609278 1.1158249 1.6871138 1.3976344 1.3843494 1.9211020 1.9569385 1.9186883 2.1201670 1.9311738 1.4051887 1.4956986 1.4077168 2.1727684 2.0981611 3.0412290 2.0441198 2.3050087 1.4198673 2.0047493 1.7485526 2.0461619 2.7987148 1.9169589 0.4009378 1.7910681 2.0633063 2.6912215 2.7282246 1.4048090 
Spis_XP_022796529_1                                                 2.2397645 0.9255714 0.7400106 0.8177275 0.8402081 0.7188247 0.7451481 1.0689181 1.0620036 0.9174815 0.9540634 0.8667885 0.8407485 0.8725710 0.8787934 0.2234203 0.1834545 0.2095333 0.1763101 0.1671781 0.0000000 0.0575791 0.2186593 0.4270781 0.3934078 0.4050103 0.7673869 0.7278440 0.7392954 0.7236878 0.6695112 0.6819265 0.9365692 0.9009943 0.9253145 0.8893420 0.8735097 0.7806720 0.7069687 1.0301890 0.8887982 1.0043440 0.8526420 0.9012953 0.8497579 1.0930925 1.0092642 1.1763570 0.8365657 0.9321524 1.1140523 1.5504754 0.9952410 0.9763812 1.2321855 1.7927243 0.8795725 0.8699065 1.0302006 0.8303039 1.0379896 1.1232352 1.1232352 0.9413081 1.0462303 0.9398288 1.2020393 1.1664028 1.0570553 1.2202244 0.9490780 0.9490780 1.0750420 1.0750420 1.0292840 1.0292840 1.0111526 1.0509029 1.1177192 1.1177192 1.0713268 1.0411601 1.0300827 1.2816162 1.2816162 1.1581373 1.0721665 1.1302407 1.0795249 1.2547660 1.2547660 1.2154954 1.2154954 1.0492849 1.1027020 1.2508561 1.3196062 1.1781477 2.0869198 2.9392839 1.8967231 2.4709855 1.5766995 1.7310375 1.4799636 1.7165026 1.6957727 1.7251882 1.7826158 1.7886368 1.9505155 1.6778112 1.6778112 1.5590113 1.1686786 1.1933454 1.3878583 1.6746811 1.0986038 1.9436531 1.3828091 1.3508629 1.9240915 1.9331917 1.8681009 2.0677739 2.0312132 1.2937386 1.4556824 1.3436990 2.1181128 2.1633197 2.7809045 2.0003563 2.3137740 1.5384716 2.1455713 1.7689634 2.0978924 2.8553241 1.8499085 0.3986241 1.7747087 1.9971650 2.5151922 2.7292679 1.4635924 
Pocdam_XM_027188313.1                                               1.9249077 0.9088980 0.7668313 0.8408076 0.8288386 0.7071318 0.7350549 1.0417233 1.0334338 0.9099335 0.9490753 0.8556690 0.8513750 0.8743404 0.8737198 0.2338468 0.1918812 0.2201902 0.1889776 0.1639657 0.0575791 0.0000000 0.2243931 0.4183653 0.3923471 0.4136874 0.7681208 0.7156239 0.7207853 0.7194015 0.6928319 0.7013547 0.9285186 0.9014729 0.9061507 0.8927013 0.8665799 0.7746573 0.7300263 1.0156262 0.8836411 0.9983091 0.8445505 0.8870200 0.8377370 1.1183377 1.0280585 1.1913785 0.8144200 0.8945156 1.0605963 1.6749567 0.9736176 0.9487948 1.2275108 1.7308329 0.8859560 0.8600316 1.0233241 0.8336329 1.0584888 1.1209952 1.1209952 0.9341914 1.0408792 0.9414236 1.2063285 1.1678639 1.0589514 1.2198565 0.9484956 0.9484956 1.0765744 1.0765744 1.0307929 1.0307929 1.0027862 1.0499193 1.1126418 1.1126418 1.0652296 1.0509604 1.0336084 1.2667176 1.2667176 1.1241458 1.0735284 1.1020841 1.0407998 1.2016272 1.2016272 1.2048409 1.2048409 1.0430239 1.1042221 1.3134593 1.3858406 1.1583082 1.9977416 2.9519377 1.8829056 2.5589958 1.5527504 1.6879044 1.4514859 1.6934405 1.6774062 1.7113938 1.7588998 1.7911498 1.9525513 1.6746495 1.6746495 1.5637962 1.2522104 1.2245108 1.4013699 1.6213881 1.1421244 1.8809546 1.4280463 1.3703399 1.8971186 1.8929905 1.9010178 2.1062495 1.9938980 1.4072244 1.4910503 1.3588671 2.1009612 2.1305956 2.6994732 1.9801479 2.2791783 1.5074732 1.9610126 1.7380028 2.0623462 2.8971623 1.8940496 0.4481588 1.7415429 1.9283159 2.5645174 2.7122174 1.4643093 
Gasp_gasp1.m3.26754.m1                                              3.4925539 0.9948300 0.7780117 0.8617227 0.8967306 0.8125551 0.8131131 1.1397155 1.2058714 0.9882947 1.0160862 0.9004568 0.9285004 0.9439713 0.9438896 0.3137884 0.2079745 0.2072164 0.2280132 0.1508391 0.2186593 0.2243931 0.0000000 0.5067238 0.4327411 0.3964217 0.8015512 0.7463771 0.7871066 0.7800991 0.7860978 0.7450850 0.9812443 0.9438177 0.9548102 0.9478184 0.9076493 0.8301120 0.7506305 1.0824778 0.9772736 1.0924009 0.8796629 0.9496125 0.9445521 1.2233902 1.1159618 1.3323222 0.9319420 1.4381279 1.1705192 1.4194165 1.0557269 1.0350676 1.3372085 1.9104142 0.9206826 0.8992032 1.0547029 0.8564735 1.1273637 1.3312857 1.3312857 0.9982527 1.0987838 1.0029776 1.3428422 1.3519357 1.1530012 1.3560753 1.0124823 1.0124823 1.1394944 1.1394944 1.0991817 1.0991817 1.0758151 1.1208647 1.1930218 1.1930218 1.1246987 1.1076017 1.0886435 1.4872676 1.4872676 1.1759632 0.9795847 1.1620541 1.0265945 1.1816862 1.1816862 1.1738154 1.1738154 1.0200230 1.1560791 1.2359574 1.5022899 1.1643755 2.2240200 3.3748770 2.0687375 2.9063389 1.5981910 1.9070503 1.6707931 1.8302332 1.8878154 1.8939788 1.9624055 1.9800595 1.9938643 1.7917537 1.7917537 1.8012268 1.8459654 1.3618708 1.5888510 1.8441741 1.2947256 2.0892661 1.5268992 1.5170789 2.0230952 2.0607930 1.9727898 2.2083271 2.1468450 1.5549267 1.6298287 1.5225931 2.3358916 2.2525322 3.5006100 2.0870449 2.3543696 1.6144264 2.0962107 1.8367362 2.1002820 2.8098164 2.0982613 0.3891653 1.7067291 1.9216923 2.6300171 2.7846663 2.0940288 
Exapal_XM_021036865.2                                               2.0468141 1.0031072 0.8575121 0.8023384 0.8882226 0.7067923 0.8464507 1.1398399 1.0968399 0.9785490 1.0282854 0.9307361 0.8976778 1.0135184 1.0272248 0.4272005 0.3842460 0.4365883 0.3835450 0.4054763 0.4270781 0.4183653 0.5067238 0.0000000 0.2659254 0.2896817 0.7476508 0.7661393 0.6853670 0.7409248 0.7588152 0.7382094 0.9603786 0.9253391 0.9318796 0.9735916 0.9522370 0.8291352 0.7395008 0.9759361 0.9068519 0.9748185 0.8365420 0.8966478 0.8683319 1.2680608 1.1411941 1.3152509 0.9610696 1.1428984 1.1122200 1.3258758 0.9462537 0.9807000 1.2983785 1.8992463 1.0202276 1.0373985 1.1953607 0.9554328 1.2063901 1.2689218 1.2689218 1.0908481 1.1934422 1.0601131 1.2681603 1.2790319 1.1512146 1.3214522 1.0308776 1.0308776 1.1769806 1.1769806 1.1047669 1.1047669 1.0771657 1.1369509 1.1934911 1.1934911 1.1381226 1.1393792 1.0511634 1.2124559 1.2124559 1.2032296 1.1382046 1.1845849 1.1285201 1.3471726 1.3471726 1.3186764 1.3186764 1.1066295 1.1647776 1.1036658 1.2237478 1.3846854 2.1676428 3.5340149 1.9734692 2.4456198 1.8031907 1.9268844 1.5167345 1.7357358 1.8511955 1.8899076 1.9349674 2.0653311 2.0627914 1.6937019 1.6937019 1.8016261 1.1817099 1.3930935 1.4274257 1.7244073 1.2029761 1.6746564 1.4640835 1.3596132 1.9565363 2.0333151 1.9442671 2.1164290 2.0250041 1.3781419 1.5340828 1.4386553 2.2146275 2.1582883 3.5986859 2.2485464 2.5870944 1.5802543 1.9267585 1.6981992 2.2564799 3.3507184 2.0084559 0.6013113 2.1662833 2.1844323 2.2262336 2.6981972 1.7928789 
Nvec_v1g173675                                                      1.9971227 0.8941664 0.8287326 0.8085044 0.8311215 0.7091902 0.7716282 1.0646882 0.9738433 0.8462291 0.8664083 0.8472633 0.8053577 0.8275583 0.8146187 0.4662044 0.4398198 0.4085983 0.4147189 0.3785111 0.3934078 0.3923471 0.4327411 0.2659254 0.0000000 0.0184263 0.6685038 0.6265155 0.5969506 0.6990693 0.6310988 0.6405811 0.8827693 0.8514853 0.8481878 0.8563362 0.8623834 0.8205844 0.7382898 0.9931256 0.8401287 0.9056272 0.8035714 0.8888399 0.8887700 1.2323835 1.1360887 1.3155094 0.9060294 1.0452357 1.0187804 1.3640137 0.9038350 0.9240005 1.2261474 1.7936763 0.8625708 0.8588153 0.9160720 0.8782616 1.0412009 1.3139196 1.3139196 0.9990651 1.0298145 1.0532436 1.3047081 1.4008706 1.1586575 1.4252101 0.9533932 0.9533932 0.9916601 0.9916601 0.9686253 0.9686253 0.9345980 1.0059719 1.0059719 1.0059719 1.0286030 0.9799959 1.0596043 1.2618421 1.2618421 1.0044697 1.1299595 0.9946848 0.9216359 0.9836480 0.9836480 0.9836480 0.9836480 0.9216359 0.9946848 1.2784858 1.3721060 0.8904688 1.8092243 3.5369262 1.8253733 2.4457827 1.3922267 1.7609355 1.6228778 1.7124032 1.7372929 1.7131007 1.7250422 1.8611734 1.8059410 1.6443324 1.6443324 1.8324539 1.1656866 1.3139912 1.4609530 1.8325151 1.2932954 1.6184026 1.3616492 1.3323594 1.7216037 1.7742872 1.7281968 1.9285871 1.8448197 1.3858815 1.5382334 1.4167823 1.9118083 1.9355339 2.6541562 2.1186584 2.4554754 1.4786547 2.0020297 1.5699366 1.8113310 2.6501658 1.9414615 0.3545413 1.5838593 1.5878540 2.4495522 2.7581271 1.6028789 
