125
Aque_Aqu2.1.38408_001                                 0.0000000 2.0648429 0.7592939 0.7592939 1.5412620 1.5045224 3.3351247 2.2922847 1.4756472 3.5546075 1.4075199 1.6802854 2.1328621 1.1193661 1.7068928 2.1109172 2.0770123 1.9834715 1.6980454 1.4137111 2.2150404 0.7790878 2.0014566 2.1310612 2.1518594 2.5606991 2.2602506 1.4869910 2.1605134 0.7931369 1.6882834 1.7040853 2.1823045 1.6560039 2.0995482 2.0422637 2.2673907 2.4036503 2.4045867 2.4349977 1.6958877 2.2366506 1.4583903 1.3877145 2.0381651 2.7580512 2.1389670 2.7449475 8.3767913 4.8975151 2.7929747 2.7749907 3.3746320 7.6544090 2.5090469 4.4907118 2.4424389 2.0606751 3.5538745 6.5333660 3.5658854 2.0429810 1.8955081 3.6640745 4.2322732 5.4852335 2.4165698 2.1998617 1.5533740 1.7393806 2.7202885 2.5520571 2.4085118 2.0706179 2.3591759 2.4998224 2.3794981 2.4993211 2.5268227 2.2629641 2.5787406 3.3528547 3.3528547 2.4300813 2.3895121 2.6293581 3.7180411 5.7115417 3.7944147 4.3754726 3.9861312 5.2387634 4.3154255 4.3312643 4.3543966 4.3543966 6.9034020 4.3154255 4.3291942 4.3752382 3.7180411 5.0878249 5.2719568 4.9169529 3.9557463 3.5901781 3.5848947 4.5922808 3.5903657 3.2874467 5.1896076 4.9028392 4.1365892 5.1981677 5.3179316 5.2211700 5.2211700 5.4203249 4.9965239 6.8568848 4.8081743 1.1830320 2.1994282 3.0006287 1.8158493 
Hsap_ENST00000262577                                  2.0648429 0.0000000 0.6612603 0.6612603 1.8938449 2.0544810 3.0572235 3.1287636 1.7428894 3.3545160 1.6690741 1.5310213 2.0850405 0.8913953 1.3675065 2.2426561 2.2197291 2.2061497 1.8494587 1.2259905 2.2908321 0.6704310 1.9945377 2.1418919 2.2640120 2.4090985 2.3122499 1.5584573 2.1032817 2.1687040 1.3512165 2.1351748 2.5364208 1.2663699 2.5680869 2.5181899 2.6166925 2.7735873 2.6745639 2.8376251 1.8770072 2.2971457 2.6167999 1.8917252 1.9024008 2.7978330 2.2254860 2.8528451 7.8646240 4.4839921 2.7636724 2.7320213 3.3339647 8.3146993 1.8786491 3.9615648 1.9574343 2.1366489 3.7872154 6.9785225 3.6759667 1.9706091 1.8232381 3.5917298 4.4338768 5.5313100 2.6469627 2.4078552 1.4558617 1.8307965 2.4315531 2.4581410 2.1723364 2.1812805 2.4522552 2.2014467 2.2504611 2.3012814 2.6141806 2.0979013 2.4737768 3.5526425 3.5526425 2.3986305 2.5182483 2.7806842 3.8975543 6.2732093 4.1413007 4.4801640 4.4974801 4.9824768 4.4801640 4.2387066 4.3920748 4.3920748 6.2486640 4.4801640 4.6213412 4.4986886 3.8975543 5.6311006 5.5313690 5.5709826 3.7731586 5.0593022 3.9315112 4.4689187 3.6622149 3.7926745 5.1120319 4.8542823 4.4829775 5.1286898 5.3186711 5.3336972 5.3336972 5.2192594 5.0942602 7.6678119 5.5850335 3.1714747 2.2257222 3.1464572 1.7245332 
Ctel_gnl_WGS_AMQN_CAPTEDRAFT_mRNA77329                0.7592939 0.6612603 0.0000000 0.0000010 0.6561572 0.6998626 4.0613238 0.0000010 0.7097587 0.0000010 0.7097587 0.6581728 0.8266686 0.8433882 0.7469183 0.8579375 0.8247627 0.7744694 0.8087914 0.7570275 0.7310098 0.8170584 0.8179745 0.9212273 0.6677751 0.8023680 0.8023680 0.7484300 0.6958042 0.8136776 0.6551578 0.8510282 0.9339834 0.9975987 0.9216006 0.8690081 0.8993803 0.8993803 1.0059261 1.0087090 1.1814201 0.8019101 2.1338225 0.9635038 1.0994978 1.4268916 1.2754722 1.1695178 0.0000010 2.1909430 1.6507892 1.6507892 1.5831537 0.0000010 2.1697663 2.1407730 2.1407730 1.8309099 1.8548949 7.0931329 1.7408856 1.6759651 1.6759651 2.5101690 1.8821101 1.9924202 0.8766420 0.8695036 1.0851885 0.7767702 0.8418830 0.9645524 0.9540803 1.0134517 1.9703988 1.9703988 1.9703988 1.7017036 1.1463624 1.8077168 1.5236974 1.8716875 1.8716875 1.4136281 1.4692335 1.0706188 3.9024379 4.5203447 3.9024379 3.9024379 3.9024379 3.6326036 3.9024379 3.4322762 3.9024379 3.9024379 0.0000010 3.9024379 4.3726328 3.9024379 3.9024379 3.5258367 3.8068369 3.3743625 3.4575548 0.0000010 3.9024379 3.9024379 3.5606503 3.9024379 4.5974882 4.1343952 2.9812776 4.7014448 4.7014448 4.7014448 4.7014448 4.7014448 4.7014448 8.9999981 3.4357612 0.7228033 1.1406709 1.8027612 1.4914485 
Ctel_gnl_WGS_AMQN_CAPTEDRAFT_mRNA70214                0.7592939 0.6612603 0.0000010 0.0000000 0.6561572 0.6998626 4.0613238 0.0000010 0.7097587 0.0000010 0.7097587 0.6581728 0.8266686 0.8433882 0.7469183 0.8579375 0.8247627 0.7744694 0.8087914 0.7570275 0.7310098 0.8170584 0.8179745 0.9212273 0.6677751 0.8023680 0.8023680 0.7484300 0.6958042 0.8136776 0.6551578 0.8510282 0.9339834 0.9975987 0.9216006 0.8690081 0.8993803 0.8993803 1.0059261 1.0087090 1.1814201 0.8019101 2.1338225 0.9635038 1.0994978 1.4268916 1.2754722 1.1695178 0.0000010 2.1909430 1.6507892 1.6507892 1.5831537 0.0000010 2.1697663 2.1407730 2.1407730 1.8309099 1.8548949 7.0931329 1.7408856 1.6759651 1.6759651 2.5101690 1.8821101 1.9924202 0.8766420 0.8695036 1.0851885 0.7767702 0.8418830 0.9645524 0.9540803 1.0134517 1.9703988 1.9703988 1.9703988 1.7017036 1.1463624 1.8077168 1.5236974 1.8716875 1.8716875 1.4136281 1.4692335 1.0706188 3.9024379 4.5203447 3.9024379 3.9024379 3.9024379 3.6326036 3.9024379 3.4322762 3.9024379 3.9024379 0.0000010 3.9024379 4.3726328 3.9024379 3.9024379 3.5258367 3.8068369 3.3743625 3.4575548 0.0000010 3.9024379 3.9024379 3.5606503 3.9024379 4.5974882 4.1343952 2.9812776 4.7014448 4.7014448 4.7014448 4.7014448 4.7014448 4.7014448 8.9999981 3.4357612 0.7228033 1.1406709 1.8027612 1.4914485 
Plespi_Pspi_C611962_01                                1.5412620 1.8938449 0.6561572 0.6561572 0.0000000 1.4108254 2.8100431 4.2327665 1.2166785 2.6922800 1.1435847 1.5412464 1.6840665 0.8326153 1.2575140 1.8841932 1.8855970 1.8372584 1.6801575 1.2348260 1.8720815 0.7392349 1.9417987 2.0365990 1.9202763 2.0890220 1.9399182 1.2190138 1.8272955 1.4939913 1.2546926 1.4836428 2.2496275 1.4839182 2.2013779 2.1095366 2.0438461 2.1151861 2.3375526 2.2932329 1.6870510 2.1354200 1.6963542 1.2705218 1.8969262 2.5493153 2.1144205 2.6703891 5.0958421 3.6489129 3.0098228 3.0725871 3.3071325 8.9999987 2.4012510 4.0795929 2.1901186 1.7646182 3.1209019 7.4569827 3.1338014 1.8729107 1.7566212 4.3023492 3.8863375 5.0341436 1.8549395 1.9263778 1.1733325 1.6159977 2.0012038 2.0701633 1.8802160 1.8932378 2.1423178 2.4645009 2.1371783 2.2195510 2.0717888 1.9047073 1.9860127 2.6546059 2.6546059 2.4848200 2.0574181 2.3701801 3.3101271 5.5796847 3.2036732 3.7732077 3.3218669 5.2003286 3.7340482 4.0830344 3.7917145 3.7917145 5.4243726 3.7340482 4.3495439 3.7652726 3.3101271 5.1846909 5.4545714 5.2922372 3.4802998 2.8246584 3.3824527 3.8142959 3.0892094 3.3423789 4.4179784 3.7320051 4.2424505 4.6055216 4.6628988 5.1149938 5.1149938 4.5252664 4.3833488 7.2342101 5.1465124 1.6657648 1.7715415 3.5212647 1.7724264 
Emue_Em0018g289a.t1                                   1.5045224 2.0544810 0.6998626 0.6998626 1.4108254 0.0000000 0.6018827 0.2726805 0.4470968 0.5726326 0.7564002 1.5396599 2.1119602 1.0219857 1.6446960 2.0224174 2.0283122 2.0223480 1.8204174 1.1692003 2.0558644 0.8027744 2.1487010 2.2922808 2.2581884 2.4676515 2.2009480 1.6940778 2.2183146 1.5590271 1.5466002 1.4875676 2.4031676 1.5172709 2.3272284 2.3161099 2.3043611 2.4930409 2.3554851 2.5496494 1.8402573 2.2972402 1.9007460 1.5476000 1.7711091 3.0112111 2.2848798 3.0157001 3.6524760 3.3721344 2.7793869 2.7797054 3.0729831 4.6608190 2.2048045 3.5559068 1.8568391 1.7030036 2.8572317 6.2995401 3.0772922 1.8962241 1.6594433 4.0230506 3.7314563 5.0459346 2.0721519 2.2685418 1.3142324 1.8038026 2.3403289 2.3695254 2.0647909 2.2931470 2.3794240 2.6796940 2.3110492 2.4193824 2.5600265 1.8401626 2.2361584 2.9791465 2.9791465 2.6286182 2.5040076 2.7135590 4.4789139 5.2301507 4.7241573 4.8640823 4.7918525 5.2344103 4.7766542 4.2723063 4.7977711 4.7977711 5.6263614 4.7766542 5.0728405 4.7609154 4.4789139 4.8453242 6.1021932 5.0666148 4.3176230 4.8819405 4.3191979 5.3377633 3.7928449 4.1019982 4.3970530 5.0740347 4.3722486 5.2771618 5.4565703 5.2087169 5.2087169 5.4348729 5.3182888 6.3436026 4.7127606 2.0747761 2.9611621 3.6223483 1.8184045 
Spolac_c100485_g1_i1_m.22578c100485-g1                3.3351247 3.0572235 4.0613238 4.0613238 2.8100431 0.6018827 0.0000000 0.0000010 0.0429706 0.0000010 5.5632526 3.5222288 4.2942143 0.0000010 4.4258818 3.4143087 3.1836811 3.3930679 2.5826174 3.5947526 3.6233389 3.6158705 2.9777590 3.3939329 4.3320184 4.5664858 5.8091684 6.5274222 4.1456733 2.9188594 3.2037181 2.0000613 3.8064564 2.1602841 3.3374389 3.3552662 3.3098667 4.2982102 3.4644061 4.2323124 1.6775572 3.4375552 1.6792479 3.5459581 5.5479445 5.1424803 2.9752068 4.4374425 6.7517783 6.7517783 7.9791103 7.9791103 5.1380405 4.0382131 0.0000010 6.0314205 0.0000010 5.2184231 5.8077690 8.9999980 7.0991416 3.8860041 3.8860041 1.6975181 7.7685028 8.9999985 3.4043570 5.1079915 3.6607767 2.1848147 3.6797220 5.1111775 3.9507882 3.0528523 3.1493026 3.1493026 3.1493026 3.9338662 6.9055286 3.4592117 3.9242975 7.9876719 7.9876719 5.3272749 3.8319170 4.1129443 9.0000000 6.4502851 9.0000000 9.0000000 9.0000000 8.9999983 9.0000000 9.0000000 9.0000000 9.0000000 0.0000010 9.0000000 9.0000000 9.0000000 9.0000000 4.3731432 6.0261898 6.5141688 9.0000000 0.0000010 9.0000000 9.0000000 5.4930915 9.0000000 0.0000010 9.0000000 5.0074797 4.4169525 4.6952588 5.3199251 5.3199251 4.6952588 4.6952588 5.9746315 6.1748574 3.4887606 5.5434595 5.0408102 5.1102624 
Spolac_c100485_g1_i5_m.22581c100485-g1                2.2922847 3.1287636 0.0000010 0.0000010 4.2327665 0.2726805 0.0000010 0.0000000 0.0000010 0.0000010 7.1359834 1.7601297 4.2290274 0.0000010 0.0000010 3.0882198 2.8458402 3.5141628 1.5763752 0.0000010 2.8128420 0.0000010 2.5147862 2.6870670 4.8923732 3.3937326 5.9820824 0.0000010 4.2825261 2.2650014 5.2692514 1.9237490 3.4822097 0.0000010 2.5576456 2.5814672 3.4740115 5.8301550 3.4504526 4.8085269 1.1977572 2.5996897 0.0000010 4.3506778 1.5111608 5.1839854 2.6284436 4.1413128 6.0114204 6.0114204 0.0000010 0.0000010 4.3809573 3.6581108 0.0000010 5.6951194 0.0000010 4.4649558 5.4177007 2.9963099 6.8810494 3.6264155 3.6264155 0.0000010 8.9999987 8.9999987 3.4352042 4.1447832 0.0000010 1.8387448 3.0336228 4.8932044 8.3844936 2.8682024 2.0710583 2.0710583 2.0710583 2.8029852 8.9999982 0.0000010 5.4049149 6.0219054 6.0219054 4.3953523 4.8270806 4.0336208 0.0000010 5.3547922 0.0000010 0.0000010 0.0000010 8.9999987 0.0000010 0.0000010 0.0000010 0.0000010 0.0000010 0.0000010 0.0000010 0.0000010 0.0000010 3.7392670 3.7695845 4.4423171 0.0000010 0.0000010 0.0000010 0.0000010 1.1008843 0.0000010 0.0000010 0.0000010 4.3233682 4.8272290 9.0000000 6.1752972 6.1752972 9.0000000 9.0000000 6.5535800 6.4641178 5.6913512 9.0000000 4.2144253 0.0000010 
Spolac_c100485_g1_i2_m.22579c100485-g1                1.4756472 1.7428894 0.7097587 0.7097587 1.2166785 0.4470968 0.0429706 0.0000010 0.0000000 0.0000010 0.2699743 1.3051213 1.7474730 0.7516298 0.8263189 1.6952018 1.6760514 1.6136466 1.2398793 0.8579058 1.7326970 0.7736693 1.6978872 2.0306399 1.9054928 2.1046978 1.7845801 1.1466056 1.8995958 1.4885080 1.1498282 1.1717339 2.1258427 1.1387747 2.1579355 2.1167509 2.1473804 2.2837978 2.3166277 2.3847999 1.4457941 2.0299430 1.8347966 1.3460471 1.4215757 2.6074820 1.9194350 2.3216444 6.0187273 3.9816678 2.8038890 2.7417371 3.0206418 4.0382131 2.0556247 3.4568326 1.8686498 1.6098763 2.9053629 6.4127578 3.1498205 1.5631417 1.5631417 3.7253062 3.4437457 4.7079555 1.6096157 2.1577095 0.9037966 1.2423887 2.1023297 2.1251514 1.8031508 1.8689184 2.3091370 2.2530379 2.2530379 2.1791928 2.1316751 1.5385612 2.0642067 2.6515774 2.6515774 2.1036516 2.1832192 2.3320477 4.2713000 6.4543516 4.2713000 4.2713000 4.2713000 5.4648565 4.2713000 3.7753020 4.2713000 4.2713000 0.0000010 4.2713000 4.3623257 4.2713000 4.2713000 4.9904749 5.1525680 4.9942454 3.3498895 4.4567811 4.2713000 4.2713000 3.5639523 4.2713000 4.3670616 4.7102902 4.2391364 4.5119854 4.5599172 4.7623387 4.7623387 4.5599172 4.5599172 7.2117621 4.8764929 1.7891833 2.1510796 3.0876055 1.1893148 
Spolac_c100485_g1_i4_m.22580c100485-g1                3.5546075 3.3545160 0.0000010 0.0000010 2.6922800 0.5726326 0.0000010 0.0000010 0.0000010 0.0000000 6.5568790 3.3353361 4.1730231 0.0000010 0.0000010 3.3972351 3.1795110 3.5335673 1.5763752 0.0000010 3.6657982 0.0000010 3.1015770 3.6082671 4.5454477 4.5033840 5.4935346 8.9999987 4.6275842 3.2634133 2.7751232 2.1896589 4.1055301 0.0000010 3.9576018 3.9793785 3.6802872 4.8413428 3.8495294 4.9662401 1.4636666 3.5389166 0.0000010 3.8571054 1.5111608 4.7397219 2.6284436 4.3850647 6.2291852 6.2291852 8.2729174 8.2729174 5.2049201 4.0382131 0.0000010 6.0775293 0.0000010 5.2184231 5.8432812 8.9999986 7.4280116 3.6264155 3.6264155 6.0198303 8.7657017 8.7657017 3.3546934 5.3649624 0.0000010 1.7333223 3.7548023 4.9567907 4.0047231 3.2246175 2.0710583 2.0710583 2.0710583 2.8029852 7.3921823 0.0000010 3.3426276 8.5903563 8.5903563 5.2568653 4.2574667 4.5639695 0.0000010 5.4133295 0.0000010 0.0000010 0.0000010 8.9999982 0.0000010 0.0000010 0.0000010 0.0000010 0.0000010 0.0000010 0.0000010 0.0000010 0.0000010 5.3157241 7.2063120 7.9339764 0.0000010 0.0000010 0.0000010 0.0000010 1.1008843 0.0000010 0.0000010 0.0000010 5.1115126 5.7069222 6.3347694 6.0906528 6.0906528 6.3347694 6.3347694 6.2991098 7.4917433 3.9345186 5.5487481 5.6187527 0.0000010 
Spolac_c100485_g1_i7_m.22582c100485-g1                1.4075199 1.6690741 0.7097587 0.7097587 1.1435847 0.7564002 5.5632526 7.1359834 0.2699743 6.5568790 0.0000000 1.2714098 1.5217359 0.7516298 0.8263189 1.6134244 1.6339215 1.4717212 1.3632133 0.9084852 1.5836912 0.7620298 1.7625102 2.0284471 1.7147148 2.0981051 1.5916694 1.1426869 1.6710671 1.4577383 1.1289566 1.3215490 2.0023743 1.1544644 2.1945018 2.1178660 2.1012046 2.0929768 2.3264148 2.1148050 1.4924051 2.0282032 1.8347966 1.2247914 1.4307863 2.5805640 1.9977901 2.1589488 5.5074636 3.5968382 2.6296720 2.5657119 2.9294499 7.7814755 2.0556247 3.5422028 1.8686498 1.4607439 2.8626093 5.4560166 2.8455606 1.5179115 1.5179115 3.7816304 3.0813673 4.2128737 1.6340795 1.8187056 0.9037966 1.4431887 2.1628560 2.1988114 1.8226187 1.9960277 2.2779702 2.2231677 2.2231677 2.1413025 1.9936992 1.4978881 2.2940009 2.5991353 2.5991353 1.9029207 2.1876282 2.2620877 4.2713000 7.3239014 4.2713000 4.2713000 4.2713000 4.9297344 4.2713000 3.7753020 4.2713000 4.2713000 0.0000010 4.2713000 4.3623257 4.2713000 4.2713000 5.2586245 5.0596765 5.4266708 3.3498895 4.4567811 4.2713000 4.2713000 3.7615118 4.2713000 3.1598824 4.7102902 4.4680432 4.5320931 4.7134694 5.0179810 5.0179810 4.7134694 4.7134694 8.9999988 4.9476148 1.6995948 1.9000474 3.0838626 1.1893148 
Spur_XM_030975155.1                                   1.6802854 1.5310213 0.6581728 0.6581728 1.5412464 1.5396599 3.5222288 1.7601297 1.3051213 3.3353361 1.2714098 0.0000000 1.5903672 0.6459005 1.6361938 1.7262451 1.6888185 1.5714462 1.8014699 1.1832178 1.6344744 0.7335398 1.6761976 1.7232219 1.5145482 1.8132482 1.6290166 1.4246360 1.4155442 1.6315582 1.2617705 1.8691565 2.0365372 1.6134377 2.0539211 1.9377235 2.0849603 2.1471956 2.0676982 2.0994306 1.6301410 1.6522001 2.2468064 1.3673391 2.0143176 2.2881359 1.9836627 2.2133062 7.3829784 3.6692178 2.9098970 2.9112121 2.8550450 2.2912491 2.9370035 3.7588074 2.6163615 2.0590205 3.1356991 7.2370948 3.1963817 1.8554710 1.6388255 4.1476975 3.4178394 4.4467998 1.7156015 1.9203931 1.2913984 1.8246025 1.8906803 2.1177356 1.8813789 2.0813692 2.6190704 2.6980038 2.5364872 2.7178098 2.2131183 2.2647596 2.1890972 2.6910054 2.6910054 2.4073943 2.2703291 2.4359311 3.6993053 5.9704149 3.7367142 4.4657294 4.3103809 4.4774387 4.2728622 3.7234902 4.6500501 4.6500501 7.5301775 4.3784396 4.5980635 4.6311507 3.6993053 4.1968973 5.0165341 4.9240374 3.7586680 4.1538302 3.7172004 5.0064507 3.3487869 3.6597190 5.3318613 4.7421145 3.4370295 4.2769439 4.2664288 4.3449722 4.3449722 4.0988261 4.6812871 4.2863097 3.9604115 1.9703395 2.0651727 2.8155492 1.8651467 
Opea_EP00118_Oscarella_pearsei_P012996                2.1328621 2.0850405 0.8266686 0.8266686 1.6840665 2.1119602 4.2942143 4.2290274 1.7474730 4.1730231 1.5217359 1.5903672 0.0000000 0.3484537 0.1104647 2.0052113 1.9066390 1.7755801 1.6045634 1.1186010 1.9107191 0.6937824 1.8852466 2.1753062 1.8752645 2.2201299 1.7448439 1.1926820 1.7492146 2.3594735 1.3417025 2.0858594 2.3204306 1.2843928 2.6003080 2.5629402 2.7422405 2.8255849 2.7694897 2.8154488 1.6535497 2.1183063 2.8019346 1.9455415 1.9224416 2.6541201 2.0351362 2.9009934 7.4550405 4.3432485 2.8555008 2.9018297 3.1580297 3.1778846 2.5749209 4.3126752 2.7181104 2.1790211 3.8842345 5.5820909 3.7253321 1.9941143 1.7860569 4.1583042 4.2317483 5.3412173 2.0009645 2.3183776 1.1620832 1.7392599 2.2970987 2.3861887 2.2184798 2.2147799 2.4347593 2.4196554 2.4068096 2.3740615 2.2587338 2.4277003 2.5180302 2.8321347 2.8321347 2.7080278 2.8182263 2.5687527 3.5457062 5.9228603 3.3839827 4.2231974 4.0004156 4.8342620 4.2231974 3.9604584 4.0798921 4.0798921 6.7511384 4.2231974 4.0484006 4.1971758 3.5457062 5.0192492 5.2559667 5.2358819 3.5242646 3.1167937 3.4899925 3.7888445 3.3663531 3.3395840 4.3795394 4.1024142 4.0521341 4.2961273 4.4773778 4.7143892 4.7143892 4.4393599 4.6644576 5.1271284 4.4073115 2.6110493 2.2194937 3.1989721 1.7719983 
Opea_EP00118_Oscarella_pearsei_P012998                1.1193661 0.8913953 0.8433882 0.8433882 0.8326153 1.0219857 0.0000010 0.0000010 0.7516298 0.0000010 0.7516298 0.6459005 0.3484537 0.0000000 0.3378070 0.7946110 0.7384348 0.6810104 0.9316000 0.6711855 0.5204244 0.6574735 0.7901348 1.0293713 0.8609363 1.0347718 1.0347718 0.9250707 0.8282997 1.4543939 0.9365942 1.0606750 0.9070870 1.0391260 1.1731422 1.1229749 1.1427821 1.1427821 1.3150364 1.3378756 1.6121734 1.0125804 3.9733955 0.8319332 1.0413515 1.3151159 1.1085936 1.2317095 0.0000010 1.8382121 2.4887198 2.4887198 2.3254704 0.0000010 1.8199552 2.0509286 1.8803309 1.9089993 2.1552827 5.5385285 2.1354124 1.1865469 1.1865469 2.9066951 2.8582276 2.6825668 1.2447609 1.1551848 1.0040889 1.0789371 1.1610763 1.3779850 1.2126344 1.0517796 1.6448764 2.1906048 1.7018320 1.9082585 1.5777806 4.3542112 1.8064379 2.0884085 2.0884085 2.0700765 1.7430254 1.3014146 5.1673163 4.7725049 5.1673163 5.2819830 5.1673163 3.4339464 5.2819830 4.1120703 8.9999985 8.9999985 9.0000000 5.2819830 5.0429383 8.9999987 5.1673163 4.3131822 4.9176649 3.7192327 2.9627709 0.0000010 5.1673163 7.5739850 2.8958498 5.1673163 7.9287582 5.1673163 2.3176485 6.3155182 4.8372178 6.3155182 6.3155182 4.8372178 5.7115530 0.0000010 3.1842099 0.9977259 1.0462439 3.8928299 1.5809474 
Ocar_g2669                                            1.7068928 1.3675065 0.7469183 0.7469183 1.2575140 1.6446960 4.4258818 0.0000010 0.8263189 0.0000010 0.8263189 1.6361938 0.1104647 0.3378070 0.0000000 1.4788940 1.4942060 1.3716724 1.7360416 1.6446964 1.3674787 0.6209828 1.7650184 1.2792783 1.4338843 1.2755091 1.2755091 1.2849569 1.5884462 2.0155552 1.4868947 2.0705476 1.7732717 1.5510451 2.1675964 2.1468208 2.2482301 2.2452424 2.2856059 2.2719580 1.5164556 1.6895650 2.5286593 1.4940217 1.6100850 2.2942903 1.9835369 2.3687155 0.0000010 1.8259389 2.1784451 2.2522023 2.1390678 0.0000010 1.7578758 2.4753945 2.2479158 1.4412113 2.5998097 5.3315227 2.7723343 1.9660894 1.5624651 2.9596633 2.7659956 4.0702934 1.4039781 1.6762849 1.6168005 1.8405789 1.3768014 1.5153030 1.5693157 1.8107236 2.3575019 2.3443989 2.3106124 2.4960743 1.9214819 3.2788930 2.1770077 2.3538665 2.3538665 2.0215795 2.2400611 2.2419826 3.5094510 4.5302336 3.3138835 4.3904351 4.0924531 4.1367298 4.3839083 4.0641254 4.5093542 4.5093542 8.9421210 4.3260742 4.2387175 4.5684890 3.5094510 4.1189986 4.2315037 4.1144842 3.7068289 3.1167937 3.4386387 4.2696402 3.6058865 3.2459805 6.8666411 4.3984511 2.8892398 4.2323667 3.9500505 4.2323667 4.2323667 3.7501268 4.3756388 4.9395792 3.5710910 0.9977259 0.8945766 2.4678376 2.3481485 
Spis_XP_022807599_1                                   2.1109172 2.2426561 0.8579375 0.8579375 1.8841932 2.0224174 3.4143087 3.0882198 1.6952018 3.3972351 1.6134244 1.7262451 2.0052113 0.7946110 1.4788940 0.0000000 0.1537818 0.4362656 0.3715232 0.4567356 0.7041676 0.4193678 1.3175265 1.8399260 1.6826575 2.2979536 1.9797753 1.4055858 1.8872053 2.2226725 1.3547774 2.1196563 2.0983913 1.5149534 2.1661444 2.2447463 2.1827732 2.2372066 2.2029226 2.2416491 1.7277380 2.0914586 2.7505143 1.8582132 1.6981069 2.5613492 2.1468658 2.7504293 5.9493238 4.3419613 2.7618106 2.7208733 3.2350401 6.7033634 2.4554473 3.9595478 2.1677590 2.0746738 3.1466720 5.4606227 2.9821308 2.0064960 1.8790641 3.9721788 3.9102203 5.2546331 2.2459766 2.3732272 1.3275044 1.4601032 2.3035963 2.4963111 2.3821973 2.2616553 2.1180358 2.3240597 2.1455416 2.5371071 2.1145958 2.1634391 2.3437459 2.9980850 2.9980850 2.6913977 2.4487315 2.9641776 3.3973899 5.8041168 3.3829872 3.5357249 3.6831758 4.6337311 3.5237072 3.5022181 3.6458132 3.6458132 4.1167328 3.4911617 3.7869672 3.6886724 3.3973899 4.2883962 4.9164739 4.4985817 3.3946144 2.7900797 3.5198609 3.7867225 3.2011570 3.3485870 4.7733703 3.9475757 4.1701626 4.4217380 4.3803102 4.2555880 4.2555880 4.1165286 4.3251936 4.4280557 4.1561800 2.5096608 1.7738838 3.3148836 0.9762739 
Pocdam_XM_027196444.1                                 2.0770123 2.2197291 0.8247627 0.8247627 1.8855970 2.0283122 3.1836811 2.8458402 1.6760514 3.1795110 1.6339215 1.6888185 1.9066390 0.7384348 1.4942060 0.1537818 0.0000000 0.4346242 0.3403882 0.4548926 0.6595093 0.4127077 1.3109412 1.7616528 1.7022118 2.2581387 1.9647977 1.3701994 1.9104862 2.2341199 1.3412829 2.1288028 2.1523540 1.5555708 2.1076046 2.1803098 2.1292186 2.2125088 2.1509909 2.2106753 1.7389211 2.1057866 2.7153502 1.7628046 1.6851449 2.5444075 2.1267090 2.6007786 6.3182561 4.4781994 2.8266059 2.7849537 3.3692011 7.9280461 2.6229664 4.0219247 2.2977352 2.0687409 3.1668438 5.3582174 2.9772743 1.9760965 1.8438843 4.2581048 3.9062766 5.0563959 2.2828933 2.2856046 1.2907733 1.3760928 2.3572935 2.4511300 2.2933724 2.2617355 2.2304347 2.3898918 2.2180620 2.5429805 1.9980108 2.0961930 2.3255918 3.1077172 3.1077172 2.7233608 2.4232036 2.9109567 3.3402200 5.5949985 3.2713365 3.4061140 3.5948061 4.5193311 3.3995114 3.4868730 3.5655062 3.5655062 4.0054518 3.3696067 3.6358704 3.6071537 3.3402200 4.2500060 4.8566030 4.2139629 3.3314781 3.0053054 3.4587856 3.6394349 3.1847240 3.2930373 4.1698227 3.9217944 4.1804514 4.5815778 4.5821322 4.6717240 4.6717240 4.3102822 4.5744116 5.3750740 4.3472801 2.4809224 1.6990126 3.2942859 0.9368398 
Gasp_gasp1.m3.25957.m1                                1.9834715 2.2061497 0.7744694 0.7744694 1.8372584 2.0223480 3.3930679 3.5141628 1.6136466 3.5335673 1.4717212 1.5714462 1.7755801 0.6810104 1.3716724 0.4362656 0.4346242 0.0000000 0.1970513 0.3457314 0.5523182 0.3748427 1.1727264 1.6274907 1.4781190 2.1953150 1.9651861 1.4153550 1.7141626 2.1486283 1.2209640 2.0124417 1.9552404 1.4981941 2.0066228 2.0379725 1.9857779 2.0663629 2.0727791 2.0837748 1.6605513 2.0104567 2.7599788 1.6754225 1.7303687 2.3395752 2.0438470 2.4934913 8.2764338 4.7702342 2.6471443 2.6171314 3.0513633 8.9999985 2.4472105 4.1168512 2.2062280 2.0789826 3.2479618 5.0957902 3.3225459 1.9141307 1.8074506 3.8093392 3.8732550 5.3611343 1.9850583 2.2571719 1.2457141 1.4196628 2.1728734 2.3370957 2.2316711 2.0814664 2.3117572 2.4439140 2.3250821 2.7159454 1.9642294 2.1205163 2.1624525 2.6465351 2.6465351 2.5778764 2.2445666 2.4720047 3.4490563 4.6828698 3.2081538 3.0594989 3.4320576 4.0721448 3.1849725 3.0344953 3.2765160 3.2765160 3.0153616 3.0997988 3.4500560 3.3137859 3.4490563 3.7914112 4.4952821 4.0014813 2.9227952 3.3367874 3.5650304 3.5679683 3.3258089 3.3952002 3.4155590 3.5575978 3.8212485 4.3187485 4.2590050 4.5407539 4.5407539 3.9904941 4.3304344 5.4161507 4.2463159 2.3156521 1.5189639 3.0943769 0.8543211 
Fspp_ffun1.m4.8607.m1                                 1.6980454 1.8494587 0.8087914 0.8087914 1.6801575 1.8204174 2.5826174 1.5763752 1.2398793 1.5763752 1.3632133 1.8014699 1.6045634 0.9316000 1.7360416 0.3715232 0.3403882 0.1970513 0.0000000 0.4180995 0.4220669 0.4299371 1.0166329 1.4252928 1.2877377 1.7386232 1.6874630 1.5052765 1.4056768 1.7444324 1.4440179 1.8344741 1.7477636 1.6715038 2.0201005 2.0062635 2.0158643 2.1605277 2.0087987 2.0528675 1.7599294 1.6965791 2.6228668 1.6719384 1.9529324 2.2819913 2.2486492 2.4409037 5.8134545 4.0463928 2.6755571 2.5854389 2.6073433 0.0000010 2.9255603 3.8280143 2.4940750 2.2661052 2.9468278 5.0220758 3.0227971 2.0972637 1.9219804 4.5969467 3.0808657 4.5102650 1.9058275 1.9611094 1.2421332 1.5354724 1.9857501 2.1566312 2.1392916 2.1511159 2.1924216 2.3960697 2.2477935 2.6971261 2.1842606 2.0680756 2.3136841 2.5741960 2.5741960 2.6383994 2.4271958 2.3572712 3.5049319 4.8065927 3.2459948 3.3378656 3.4767470 3.9747557 3.2771851 3.4615719 3.4573150 3.4573150 3.3806481 3.3016664 3.5373786 3.4982383 3.5049319 3.9598792 4.1052504 3.9350304 3.3021154 3.6502049 3.6330994 3.9382874 3.6030602 3.4535339 3.8431456 3.7551115 3.6970009 4.0674435 3.9953538 4.0255833 4.0255833 3.6144732 4.1241173 3.2677300 3.8685929 3.1930630 2.0336689 3.0369909 0.8380270 
Adig_XM_015910565.1                                   1.4137111 1.2259905 0.7570275 0.7570275 1.2348260 1.1692003 3.5947526 0.0000010 0.8579058 0.0000010 0.9084852 1.1832178 1.1186010 0.6711855 1.6446964 0.4567356 0.4548926 0.3457314 0.4180995 0.0000000 0.3817394 0.3751015 0.7440638 1.0235936 1.0004465 1.1980783 1.1844039 1.2258860 1.0770027 1.4163054 1.1949517 1.6080807 1.1848012 1.4673468 1.5741152 1.4457353 1.4737679 1.4979313 1.5364784 1.5238009 1.3280561 1.2083588 2.4481199 1.1363386 1.6115237 1.9873785 1.7415871 1.9407335 0.7868342 2.1847424 2.1298436 2.0616641 2.0131684 0.0000010 2.1113119 2.1100083 2.1100083 2.0720817 2.0998764 4.9853331 2.0450697 1.7510053 1.6451655 3.1779070 2.4090348 2.9709085 1.5183606 1.5702240 1.2231371 1.4007281 1.2853446 1.7134233 1.6394287 1.6758272 2.1930298 2.2662836 2.0281960 2.2664173 1.8879527 2.2230182 1.9348659 2.3115633 2.3115633 1.8906034 2.0609391 1.9129437 3.3573253 4.1283702 2.8898119 3.0036246 2.9684213 3.3221841 2.9458475 3.1133890 3.1651335 3.1651335 2.8723902 2.9669717 3.5064069 3.2014542 3.3573253 3.3896668 3.3740895 3.2696507 2.9687899 3.1928602 3.2900558 3.7782245 3.1828399 3.2476600 3.2267260 3.4660362 2.8926218 4.0691687 4.0343527 4.1018394 4.1018394 3.6750535 3.9611274 4.5001406 3.0078353 1.3185623 1.3768983 2.7923644 0.5424602 
Gfas_gfas1.m1.17735.m1                                2.2150404 2.2908321 0.7310098 0.7310098 1.8720815 2.0558644 3.6233389 2.8128420 1.7326970 3.6657982 1.5836912 1.6344744 1.9107191 0.5204244 1.3674787 0.7041676 0.6595093 0.5523182 0.4220669 0.3817394 0.0000000 0.3595358 1.3156951 1.8503974 1.8291406 2.3978031 2.0546973 1.3920523 1.8170523 2.2142565 1.2112253 2.2584476 1.9788378 1.5644065 1.9166901 1.9561686 2.0905061 2.1638865 2.1116608 2.2073304 1.5840586 2.1657076 2.7076094 1.6832114 1.7871036 2.7759440 2.1012612 2.5510234 6.1613595 4.3837984 2.7181692 2.6486462 3.2409320 8.9999988 2.4990977 4.3307600 2.2319371 2.0735223 3.4486295 5.7395146 3.1551933 2.0117118 1.8875910 3.6425740 3.8169521 5.2688885 2.2139887 2.3006101 1.2004390 1.3867193 2.3844806 2.7389573 2.5159169 2.3675373 2.1543703 2.3178497 2.1538405 2.3900738 2.2641829 2.1622557 2.1973695 2.9464476 2.9464476 2.6811051 2.4343898 2.7709662 3.6759338 5.0684842 3.3243735 3.6947233 3.5438578 4.0261761 3.6904669 3.2035075 3.6556693 3.6556693 3.6138044 3.6556693 3.7848132 3.6556693 3.6759338 3.8208368 4.8886825 4.2689451 3.1097954 4.4796874 3.7994363 3.9213907 3.3606547 3.5813715 3.8735839 3.9183128 3.6635983 4.5286818 4.5148053 4.6417728 4.6417728 4.2035078 4.5254400 5.4459752 4.3171898 2.6091257 1.9031063 3.4133896 0.8843937 
Nvec_v1g128042                                        0.7790878 0.6704310 0.8170584 0.8170584 0.7392349 0.8027744 3.6158705 0.0000010 0.7736693 0.0000010 0.7620298 0.7335398 0.6937824 0.6574735 0.6209828 0.4193678 0.4127077 0.3748427 0.4299371 0.3751015 0.3595358 0.0000000 0.3653686 0.6059178 0.6147669 0.7207426 0.7317625 0.7602872 0.7366005 0.9047501 0.7583867 0.8472276 0.7098398 0.9501898 0.9506271 0.8611045 0.8959621 0.9174960 0.9504149 0.9437708 0.7845776 0.8850236 1.7339887 0.8219840 1.1840718 1.3062253 1.1196121 1.2221852 0.0000010 1.6066645 1.8160091 1.7858338 1.6481131 0.0000010 1.4883917 1.6260656 1.6260656 1.5661949 1.6314430 5.6065962 1.5194343 1.4293617 1.4293617 2.6089015 1.8696432 2.1521571 0.8972623 0.7257252 0.9608995 0.7084914 0.7177972 1.3359347 1.4203507 1.1956129 1.9278842 2.0014222 2.0014222 1.5636656 1.3807486 1.6776990 1.6033802 1.7963351 1.7963351 1.2004941 1.4710211 1.3892962 3.5488084 3.4194192 3.5488084 3.5488084 3.5488084 2.8975526 3.5488084 2.8043210 3.5488084 3.5488084 0.0000010 3.5488084 3.6154396 3.5488084 3.5488084 2.6956608 3.1239047 2.8043210 2.8099079 3.7217974 3.5488084 3.5488084 3.3689637 3.5488084 3.6824641 4.0579719 2.2175303 3.8112410 4.0242252 3.8112410 3.8112410 4.0242252 4.0242252 3.2637704 2.9086347 0.7603193 1.0104056 1.9221261 0.7932481 
Exapal_XM_021038746.2                                 2.0014566 1.9945377 0.8179745 0.8179745 1.9417987 2.1487010 2.9777590 2.5147862 1.6978872 3.1015770 1.7625102 1.6761976 1.8852466 0.7901348 1.7650184 1.3175265 1.3109412 1.1727264 1.0166329 0.7440638 1.3156951 0.3653686 0.0000000 1.6720285 1.7503056 2.3587171 2.0924015 1.5083125 1.8205937 2.1508849 1.4490516 1.9303300 1.9570820 1.5140337 2.2743143 2.1897477 2.1325870 2.2396218 2.2373173 2.1848341 1.7813527 2.0998420 2.9642366 1.7942153 1.8508790 2.5505970 2.1463203 2.3224734 6.8626444 4.1834569 2.6250960 2.5914965 3.0947655 7.0970592 1.8498923 3.6034747 1.9045577 2.0257202 3.0725300 6.1121619 3.2003106 1.8596372 1.7298292 3.6436527 3.7444304 4.5569854 2.2887868 2.5079273 1.6077047 1.6308608 2.3060979 2.2267012 2.1839446 2.2057161 2.0138190 2.3304311 2.0848537 2.4484459 2.0643782 1.9961906 2.3884585 3.1974758 3.1974758 2.6258135 2.6156605 2.8129538 3.6267124 6.5288501 3.3353778 3.8389838 3.5191174 5.1762211 3.7578612 3.8531827 4.0001778 4.0001778 4.8898876 3.7851461 4.4055357 4.0294537 3.6267124 4.7938681 5.6396786 4.9269791 3.1603356 3.1586220 3.6962240 4.6103643 3.5124198 3.5127037 4.6292911 3.8336819 3.8449474 4.9014088 4.8653771 4.8456528 4.8456528 4.5906955 5.1033574 5.7969175 3.7411831 2.3939178 1.9981886 3.4340564 1.2664244 
Dgig_XM_028554192.1                                   2.1310612 2.1418919 0.9212273 0.9212273 2.0365990 2.2922808 3.3939329 2.6870670 2.0306399 3.6082671 2.0284471 1.7232219 2.1753062 1.0293713 1.2792783 1.8399260 1.7616528 1.6274907 1.4252928 1.0235936 1.8503974 0.6059178 1.6720285 0.0000000 2.0032535 2.5679390 2.4270054 1.6839557 2.3887859 2.3007616 1.4421751 2.2492208 1.5223185 1.6929590 2.4958364 2.4166775 2.4409972 2.5797134 2.6024416 2.5256751 2.0170779 2.3634139 3.1948625 2.0341522 2.0039340 3.0007958 2.3583202 2.7065062 5.9026587 4.2288844 2.7549578 2.7839638 3.1581565 8.9999985 2.5293771 4.2704724 2.3054132 2.2596169 3.0096098 5.4924339 3.2322660 1.6547429 1.6615511 4.0088134 3.6265534 4.8456515 2.5252490 2.6214072 1.3865595 1.7916206 2.6120646 2.3511045 2.3127483 2.4080793 2.0840002 2.2490569 2.1097698 2.1810305 2.2354033 2.3161988 2.3820933 3.4440638 3.4440638 2.3239192 2.4347468 2.3707597 3.1775242 6.2052964 3.4693309 3.8418206 3.5494137 4.9159889 3.8418206 3.8182567 3.9497707 3.9497707 6.8177750 3.8418206 4.2571931 4.0016465 3.1775242 4.1478823 5.3406496 4.6869835 3.4829037 2.8836523 3.2838403 3.8798953 3.1146619 3.2243661 6.2417082 4.6896799 3.8330631 4.3176981 4.4068413 4.4767835 4.4767835 4.2289999 4.3036727 6.2442626 3.8977090 2.5193475 2.6654711 3.5962877 1.5049040 
Skow_XM_006822152.1                                   2.1518594 2.2640120 0.6677751 0.6677751 1.9202763 2.2581884 4.3320184 4.8923732 1.9054928 4.5454477 1.7147148 1.5145482 1.8752645 0.8609363 1.4338843 1.6826575 1.7022118 1.4781190 1.2877377 1.0004465 1.8291406 0.6147669 1.7503056 2.0032535 0.0000000 2.3401099 2.0421766 1.2703965 1.7217021 2.4178383 1.3413972 2.2366111 2.3415978 1.4316716 2.2616475 2.2938213 2.2741990 2.3649895 2.4078852 2.2625026 1.7928731 1.9535200 2.4148619 1.7715334 1.7348311 2.4255617 2.0526644 2.5403042 8.0966340 4.3669117 2.7455322 2.7220647 3.3449532 8.9999983 2.5162944 4.0345162 2.4671745 2.0542340 3.4701608 5.4750778 3.4590844 2.0276504 1.7391768 4.0022235 3.8953302 4.9458793 2.0408044 2.1220542 1.2667539 1.4486517 2.2613400 2.3433952 2.2726879 2.0934010 2.2797499 2.5360732 2.2091954 2.6336006 2.3289477 1.8814460 2.2179279 3.1423708 3.1423708 2.4383319 2.1246668 2.7397477 3.0725748 6.2069668 3.2281112 4.0316873 3.7422354 4.8220976 3.9028882 3.6624101 4.2885865 4.2885865 8.9999987 3.9873908 4.1151149 4.3226117 3.0725748 4.2411355 5.0233327 4.4043979 3.2288207 3.2511280 3.1924297 4.1272283 3.0877924 3.0368500 6.4827428 4.3468184 3.7871279 4.2565406 4.3283995 4.3991350 4.3991350 4.2350610 4.5596357 5.2299820 3.8868838 2.5812461 1.5654446 3.1908117 1.7056878 
Nemnom_g1950.t1                                       2.5606991 2.4090985 0.8023680 0.8023680 2.0890220 2.4676515 4.5664858 3.3937326 2.1046978 4.5033840 2.0981051 1.8132482 2.2201299 1.0347718 1.2755091 2.2979536 2.2581387 2.1953150 1.7386232 1.1980783 2.3978031 0.7207426 2.3587171 2.5679390 2.3401099 0.0000000 0.0659785 0.6152757 2.2668844 2.5323106 1.3419911 2.3646879 2.7464391 1.2917705 2.6400365 2.6248793 2.9466297 3.1490863 3.0089759 3.0241398 2.0190668 2.6437743 2.7187777 2.1853177 2.2405954 3.2752460 2.5379313 3.1024509 8.9999987 4.7597204 3.0060554 3.0255229 3.5275688 7.7336375 3.0522693 5.0246912 2.3366811 2.0437616 4.0643054 8.9999988 3.9089401 1.9082143 1.7155806 4.7069917 4.3308826 5.8930952 1.4974512 2.4843985 1.3220585 1.8364826 0.9779122 2.7995911 2.7779651 2.8214904 2.2455513 2.2922795 2.2937874 2.1885492 2.4834145 2.3959188 2.2470067 3.4728088 3.4728088 2.7608725 2.6537282 2.8259800 4.1170789 6.2654296 4.0655899 4.6146792 4.5767935 4.9570757 4.6146792 3.7523214 4.5184828 4.5184828 5.8214350 4.6146792 4.2269200 4.6763367 4.1170789 5.2213896 5.9037699 5.2266346 3.6379587 3.6789170 4.1467335 4.2429335 3.7074581 4.0240066 5.0585957 4.9003273 5.0529436 6.9611023 7.1442109 6.6360564 6.6360564 6.9475584 6.9341536 8.9999983 5.5373542 3.0744444 2.9960673 3.6064911 1.6532170 
Nemnom_g7290.t1                                       2.2602506 2.3122499 0.8023680 0.8023680 1.9399182 2.2009480 5.8091684 5.9820824 1.7845801 5.4935346 1.5916694 1.6290166 1.7448439 1.0347718 1.2755091 1.9797753 1.9647977 1.9651861 1.6874630 1.1844039 2.0546973 0.7317625 2.0924015 2.4270054 2.0421766 0.0659785 0.0000000 0.5675541 1.9077205 2.2863450 1.1454138 2.1315605 2.6628725 1.2788465 2.3928396 2.3416763 2.5328085 2.5256007 2.6507806 2.6426622 1.9561016 2.3932096 2.6662687 1.9792237 2.1723532 2.9375327 2.4689371 2.8598901 9.0000000 4.3527801 2.8744322 2.8936041 3.0236161 3.6793371 2.9884389 4.1195851 2.2869876 2.0708762 3.4931233 7.7723383 3.4591414 1.9245015 1.7326466 4.5815219 4.0094143 5.4867711 1.4113080 2.1482524 1.3220585 1.7249337 0.8576125 2.4950190 2.4226454 2.5245574 2.2652540 2.3105949 2.3156977 2.1924871 2.3885710 2.4628303 2.0862099 3.2998080 3.2998080 2.5793332 2.3425239 2.5062645 4.1170789 6.4329336 4.0655899 4.6146792 4.5767935 4.6300741 4.6146792 3.7564935 4.5184828 4.5184828 5.8214350 4.6146792 4.2188445 4.6763367 4.1170789 4.6946210 5.8473462 5.0494784 3.6379587 3.6789170 4.1467335 4.2429335 3.7074581 4.0240066 5.9675723 4.9003273 4.2695199 5.9520514 5.8133718 5.8560448 5.8560448 5.5671576 5.7647663 6.8909559 5.0482571 2.7291398 2.6132575 3.3035913 1.6532170 
Aaur_scaffold11.g28.t1                                1.4869910 1.5584573 0.7484300 0.7484300 1.2190138 1.6940778 6.5274222 0.0000010 1.1466056 8.9999987 1.1426869 1.4246360 1.1926820 0.9250707 1.2849569 1.4055858 1.3701994 1.4153550 1.5052765 1.2258860 1.3920523 0.7602872 1.5083125 1.6839557 1.2703965 0.6152757 0.5675541 0.0000000 1.1726281 1.5154244 1.1679649 1.4542081 1.7824953 1.2693337 1.5213652 1.3859489 1.6809859 1.6856628 1.7088579 1.7210034 1.3452640 1.6294523 2.4212644 1.3500901 1.8228531 1.8888844 1.9114427 1.8789160 9.0000000 2.5637164 2.2710357 2.3152009 2.3406374 8.9999986 2.6342965 2.5378073 2.0555480 1.6459784 2.3689588 5.4442069 2.4072968 1.7150345 1.4810151 3.6945191 2.8071644 3.3671278 0.7962551 1.5550558 1.0726619 1.5532984 0.6643937 1.8251813 1.8585443 1.8592825 2.2125823 2.2269674 2.1484455 1.9925136 1.8076700 2.3405326 2.3283175 2.4635736 2.4635736 2.2743050 2.2064107 2.3232085 3.4695945 4.9433022 3.3607799 3.5530190 3.5692313 3.9292060 3.5530190 3.4032669 3.7478200 3.7478200 4.4787708 3.5530190 3.8724307 3.8249009 3.4695945 3.6541974 4.4509615 3.6748869 3.1696197 2.9460356 3.4934712 3.7415635 3.2851299 3.3945136 4.0510030 4.4551128 3.2653226 4.5799023 4.5364614 4.5799023 4.5799023 4.2896246 4.6404162 3.0758752 3.8967748 1.9364587 1.7175170 2.6691133 1.7260167 
Cgig_XM_020068852.2                                   2.1605134 2.1032817 0.6958042 0.6958042 1.8272955 2.2183146 4.1456733 4.2825261 1.8995958 4.6275842 1.6710671 1.4155442 1.7492146 0.8282997 1.5884462 1.8872053 1.9104862 1.7141626 1.4056768 1.0770027 1.8170523 0.7366005 1.8205937 2.3887859 1.7217021 2.2668844 1.9077205 1.1726281 0.0000000 2.1960557 1.1539425 2.1613903 2.2535774 1.4638660 2.2366440 2.3048293 2.1545320 2.2141733 2.3004924 2.2668995 1.4550380 1.9355942 2.7313251 1.9605180 1.5799014 2.8484192 1.9131622 2.6515628 6.9491349 3.8663379 2.5269498 2.5287775 3.2650203 7.6233285 2.1001676 3.5359289 2.0003597 1.9178495 3.0456954 6.0185745 3.0386211 1.6760528 1.4516925 3.6288422 3.4897713 4.3843297 1.9181720 2.4156078 1.1104046 1.5221716 2.1856411 2.1225494 2.0680380 2.0806133 2.0827868 2.3295044 2.0383568 2.3832993 2.0836566 1.9632702 2.0629574 2.9898532 2.9898532 1.9147517 2.3066428 2.3805329 3.3591588 5.8589873 3.5063990 4.2070602 3.8584690 4.6929800 4.3774076 3.6355040 4.4100486 4.4100486 8.9999987 4.3774076 4.0925199 4.4589031 3.3591588 4.2436149 4.9039463 4.5168266 3.2822904 3.5448716 3.3981350 3.8853268 3.3710387 3.2773781 8.1770830 4.3012788 3.9335542 5.1221196 5.1310712 5.1354196 5.1354196 5.0692869 5.2961460 7.1235633 4.1177815 2.2142101 1.8855116 2.9912800 1.8207611 
Halamb_c55081_g1_i2mm.6334                            0.7931369 2.1687040 0.8136776 0.8136776 1.4939913 1.5590271 2.9188594 2.2650014 1.4885080 3.2634133 1.4577383 1.6315582 2.3594735 1.4543939 2.0155552 2.2226725 2.2341199 2.1486283 1.7444324 1.4163054 2.2142565 0.9047501 2.1508849 2.3007616 2.4178383 2.5323106 2.2863450 1.5154244 2.1960557 0.0000000 1.5713574 1.6540042 2.3223288 1.8403270 2.0877081 2.0925687 2.3553416 2.5126098 2.3053699 2.3953536 1.7836506 2.1077499 1.7622481 1.4406365 2.2267071 2.8783574 2.3547447 2.6629040 6.6363241 4.6454161 2.9627638 2.9290808 3.5574889 8.9999984 2.5652542 4.1433589 2.4366585 2.1935240 3.4575180 7.0665237 3.5455146 2.0667201 1.9424099 3.5651615 3.8560429 4.8773110 2.4368019 2.2548546 1.4672098 1.7771224 2.7462325 2.6654590 2.3434480 2.1967172 2.4522314 2.6343487 2.4791275 2.7667709 2.5217560 2.3340959 2.4369149 3.2501188 3.2501188 2.7324486 2.4438955 2.7742482 4.3214815 6.3933637 4.2403812 4.9833863 4.4804033 5.4256607 4.8843029 4.6989836 4.9507960 4.9507960 7.4643369 4.8843029 5.1083322 4.9125650 4.3214815 5.5292675 5.6325130 5.4269396 4.3722414 4.3149880 4.5095531 5.4518234 4.2874598 4.4067889 5.3456076 5.4925046 4.2685782 4.1657308 4.2712078 4.6870214 4.6870214 4.3073660 4.1497990 6.5942126 5.4717081 1.1145909 2.2426586 3.3879837 1.9471664 
