110
Halamb_c43649_g3_i1m.16448                            0.0000000 3.4606084 4.1735289 3.7405040 3.6273370 3.6429739 3.6996238 3.6011709 3.5712202 3.5712202 2.7562223 3.0858869 3.0162454 3.0684174 3.0067649 1.3362897 0.9798329 3.1507408 2.7669032 2.0800158 2.9952513 3.2904894 3.3190138 3.3290687 3.2514384 3.1523762 3.1404641 3.1404641 3.0017149 3.5617897 3.4643794 2.7130210 3.9162528 3.6871960 3.4070047 3.2859043 2.8536109 2.9275378 3.7934901 4.5106662 3.7731486 4.5860923 4.4851396 3.4334918 3.8343353 3.4321689 4.1352806 3.5335743 4.2960665 4.2960665 3.0228144 4.0782033 3.9892539 3.8811424 3.8811424 4.3715745 3.9500849 3.2277325 3.0399537 2.9074659 3.0105935 2.5925907 3.3047133 4.5228647 4.8405029 2.8358904 2.9890541 1.9548093 1.8987404 1.9273103 3.5163711 2.9164519 3.1144904 2.9091988 2.6201285 1.1439161 1.6952748 3.8527304 3.2508463 3.2508463 4.4896608 4.6442509 4.4144502 6.7005731 5.8793757 6.6161278 4.8368354 6.1178797 6.7309012 7.2838039 5.4176067 4.3154614 4.9131240 4.8647195 3.9764702 3.4149315 3.9507315 4.2060391 6.4559645 4.1427364 4.4278852 6.2674697 6.0755509 5.5128646 6.1925583 6.1549297 6.7157196 2.3538630 3.6229670 4.8351799 
Opea_EP00118_Oscarella_pearsei_P021382                3.4606084 0.0000000 0.1362412 2.1297374 2.0503799 1.6632102 1.9917467 1.9277490 1.9593255 1.9593255 1.8233630 1.9622844 1.9116443 2.0141711 2.1217855 1.1699591 1.6002351 1.8138503 1.8831113 1.4793426 2.1081488 2.0006787 1.7017613 2.0214431 1.9597998 1.7866245 1.7079688 1.7079688 2.0249029 1.3082224 1.7480923 1.6970671 1.8104222 1.7451981 1.6672464 1.8353128 1.9139601 1.6270203 1.5201723 1.7663857 1.5800258 1.7078460 1.7357384 1.4657823 1.8946286 1.5451581 1.8887699 1.9130965 2.1696646 2.1696646 1.8316121 1.8651016 2.1431905 2.0632151 2.0632151 2.3685138 1.7666551 1.6805739 1.5517864 1.6254701 1.4692328 1.6448449 1.7532130 2.1034776 2.1652661 2.0726749 2.4688263 2.0051546 2.0271244 2.1210197 2.0195206 2.4226571 2.6441545 2.7075277 2.9930065 1.8441840 1.7693858 2.3599220 3.2806667 3.2806667 2.0261683 3.1351333 3.3768995 2.8993092 2.9535259 3.1147090 2.7640028 2.3887259 3.2124567 2.7422603 2.4456947 2.9181228 3.4288715 3.3715154 1.8026696 2.5676991 3.2521754 2.9974600 3.7146265 2.7046662 3.7846531 2.8002778 2.8081772 3.1060592 3.0082962 2.9731288 3.4334711 2.0999681 2.7695206 2.8637717 
Opea_EP00118_Oscarella_pearsei_P021385                4.1735289 0.1362412 0.0000000 2.4228779 2.2213889 2.4590217 2.2392215 2.1181916 2.1832335 2.1832335 2.1047917 2.2853962 2.2509551 2.0952296 2.4641982 1.1699591 1.4416606 2.0665926 2.0501748 1.4670297 2.5321466 2.5490451 2.2306434 2.3384081 2.0750060 2.1603641 1.9036726 1.9036726 2.3022781 1.3082224 2.2820287 2.1437125 2.2092908 2.1390367 1.9882618 2.3617402 2.1894487 2.0315295 2.0061104 2.1353538 1.9319537 2.4605255 2.1581008 1.7933725 2.4180914 2.1164757 2.4569638 2.3295370 2.3772882 2.3772882 2.2543280 2.1748678 2.3893488 2.2404400 2.2404400 2.5451938 2.1827982 1.9809843 2.0744669 1.8499906 1.9215603 1.9632431 1.9992710 2.9037088 3.2524748 2.3043310 2.5982352 2.3846694 2.2279249 2.4961217 2.4460474 2.6050702 2.4234902 2.3635715 2.7378043 1.8441840 2.0477909 2.3116667 3.7789946 3.7789946 2.3231470 3.0462713 3.3398449 3.0480377 3.0652210 3.0101359 3.2149830 2.9930532 3.3934498 3.1388365 2.6658440 2.8955396 3.3668958 3.1420705 2.6483069 2.4526646 3.2850775 3.0383930 3.8426371 2.7668950 3.6967879 2.9945115 3.0010895 3.0556276 3.0994645 2.9348022 3.5472970 2.0961552 2.8259306 3.4958802 
HoiH11_mRNA3186                                       3.7405040 2.1297374 2.4228779 0.0000000 0.2531790 0.3803874 0.3673659 0.3240068 0.2865209 0.2865209 1.5763345 1.8158607 1.8254608 1.5262678 1.9427970 0.6788915 1.2790488 1.8647723 1.6190528 1.0840729 1.6311387 1.9044887 1.8579205 1.6072721 1.7163551 1.8982699 1.7041948 1.7041948 1.4416434 0.9540681 2.0735754 1.6823738 2.0369659 2.0369659 1.8111358 2.0311721 1.8770313 1.7551086 2.0098611 2.1722384 1.8848645 2.5681343 2.1024861 1.7108599 2.0508279 1.7458657 2.1520347 2.0136622 2.0525101 2.0525101 1.6790289 2.0733351 1.8358898 1.9693107 1.9693107 2.1664020 1.9580296 2.1173012 1.9411237 1.8159886 1.6187340 1.9913043 2.1842144 3.2801019 3.3713169 2.1686696 2.9877011 2.5034314 2.5738490 2.4936736 2.5030390 2.1939337 2.1762699 2.0989179 2.3806844 1.5415294 1.7955901 2.7642877 3.6089852 3.6089852 2.6704490 3.0133506 3.5572569 3.0513580 3.3710286 3.5221041 3.9855367 3.5519491 3.5636595 3.1282860 2.6852630 2.9040734 3.0480041 3.0451813 2.8117670 2.8731617 3.5695968 3.0938235 3.8917873 2.8880909 4.4853290 2.7045130 2.6893608 2.5017357 2.7785044 3.0093085 2.9981118 2.1985457 2.6211047 3.3097194 
TrH2_TrispH2_000140-RA                                3.6273370 2.0503799 2.2213889 0.2531790 0.0000000 0.0709428 0.3748618 0.3647871 0.2913103 0.2913103 1.3649819 1.6630038 1.6305047 1.3506496 1.6002271 0.6094286 1.0995281 1.6639535 1.6035355 0.9703505 1.6201972 1.9597333 1.6065589 1.4258982 1.4869444 1.7109921 1.5442467 1.5442467 1.5480272 1.0196862 1.9169575 1.5085221 1.8012485 1.7713277 1.7394533 1.9097125 1.7966756 1.7497699 2.0126291 2.2320216 1.8760177 2.3923425 1.8980359 1.6148096 2.1840780 1.9282814 2.3252096 2.1816270 2.0368651 2.0368651 1.7331436 2.0781564 1.9034482 2.0283214 2.0283214 2.3166834 1.8764788 2.0060707 1.6586741 1.6276643 1.4342720 1.8138917 1.9805976 2.9496980 3.0053204 2.0959519 2.4828559 2.3455457 2.2991480 2.1119387 2.2713805 2.2288987 2.1479319 2.0067266 2.2948685 1.4593160 1.7454253 2.7077473 3.6941260 3.6941260 2.3212405 3.2256529 3.4223642 3.3526641 3.3104162 3.7238104 3.8979314 3.7253652 3.3201136 3.3419074 2.4164056 2.9669278 3.0102152 2.7503270 3.0355487 2.7388416 3.3353187 2.9952427 4.0280990 2.6810682 3.6661076 2.4254115 2.4473192 2.4769173 2.8990580 2.9929547 3.1301907 2.0008867 2.5321454 3.2387265 
Tadh_TriadT52486                                      3.6429739 1.6632102 2.4590217 0.3803874 0.0709428 0.0000000 0.5524436 0.5257965 0.4289738 0.4289738 1.5091382 1.8083226 1.6768911 1.3342287 1.7514305 0.6094286 0.9641077 1.7738378 1.7136483 0.9378527 1.8795529 1.9370265 1.5310236 1.5391036 1.4186680 1.6799989 1.7249533 1.7249533 1.7429546 1.0196862 1.8414204 1.6204408 1.2754222 1.2531765 1.7490757 1.9562847 1.8515967 1.6095634 1.8226382 1.9705361 1.6657176 2.0131593 1.8316075 1.5173245 2.1655919 1.9663503 2.3545708 2.1470826 2.0145065 2.0145065 1.7331436 2.0579301 1.9676950 2.0849376 2.0849376 2.2512906 1.8299893 1.8438003 1.5861090 1.4720058 1.3978626 1.7876563 1.9006478 2.8066355 2.7366113 2.0767788 2.4950387 2.5013085 2.3831997 2.1198349 2.2252937 2.4132368 2.5390638 2.5401421 2.6007536 1.4593160 1.4365052 2.6942864 4.0424021 4.0424021 2.0628321 3.4619746 3.8515936 3.4666129 3.5071231 4.0617533 4.0398916 3.5482833 3.8612487 3.6678745 2.5632007 3.1911493 3.3502098 2.8750739 3.1778433 2.6938451 3.0208031 3.2597570 4.5532534 2.6344676 3.6964362 2.2899141 2.3163860 2.3322373 2.8490571 3.0076782 2.9014685 1.8733570 2.4655531 3.3403264 
HoiH23_PlH23_001867-RA                                3.6996238 1.9917467 2.2392215 0.3673659 0.3748618 0.5524436 0.0000000 0.1190621 0.2778657 0.2778657 1.3954870 1.6742780 1.6001070 1.3924087 1.7343112 0.5958988 1.0831433 1.6553327 1.6303859 1.0478458 1.7763729 2.0534051 1.6709529 1.3314153 1.5742462 1.6858137 1.7067540 1.7067540 1.3675868 0.9629723 2.0304565 1.6054241 1.9826281 1.9486518 1.6785638 1.8204164 1.7564099 1.8529590 1.9517489 2.1875233 1.9694307 2.1688830 1.7622489 1.5163602 2.0281533 1.7804979 2.2083789 2.1054349 1.8603624 1.8603624 1.5499432 2.1890979 1.7960576 1.8850601 1.8850601 2.2016100 1.8918108 1.8632357 1.7853543 1.6519426 1.4169896 1.7099296 2.0357736 2.9785657 3.2360389 1.9644234 2.3814391 2.1572470 2.2295418 2.2908063 2.3559099 2.1454974 2.2421628 2.0675388 2.2043708 1.3348950 1.6376603 2.5571304 3.5259386 3.5259386 2.4203729 3.0503654 2.9459514 3.1726457 3.2965951 3.5493773 3.4930036 3.6289739 2.8627089 3.1592364 2.5781805 3.0801612 2.8729434 2.5152691 2.9840964 2.7726390 3.4322482 3.1508753 3.5721517 2.6666979 3.5385539 2.4605539 2.4627509 2.6026419 2.9384779 2.7068295 3.0680298 1.9791731 2.6296232 3.0591510 
HoiH06_mRNA8967                                       3.6011709 1.9277490 2.1181916 0.3240068 0.3647871 0.5257965 0.1190621 0.0000000 0.2436890 0.2436890 1.2631289 1.5781666 1.4804075 1.3131801 1.6088943 0.5300244 0.9752021 1.4676472 1.4861934 0.9132202 1.5757122 1.8649197 1.5152476 1.2074358 1.4308597 1.4846763 1.5845282 1.5845282 1.2617191 0.8761915 1.9372734 1.5019548 1.8515197 1.8203643 1.6347237 1.8117362 1.6816222 1.6582181 1.7897570 1.9045947 1.8348817 2.1009614 1.6621616 1.4145461 1.9221822 1.6916478 2.0879179 1.9378966 1.7288353 1.7288353 1.4678922 2.0727791 1.6757669 1.7741560 1.7741560 2.1394605 1.6957705 1.8028690 1.7098386 1.5718339 1.4099729 1.6711611 1.8723328 2.6172791 2.8380502 1.8302457 2.3518074 2.1643634 2.1234602 2.1916936 1.9889972 2.1269251 2.0047640 1.9674586 1.9272027 1.3699509 1.7398836 2.4788289 3.0663593 3.0663593 2.1440429 2.8816024 3.0047564 3.0061681 3.1039558 3.3374823 3.6862394 3.6477040 2.8508659 2.9892978 2.5157122 3.0320547 2.6654603 2.6307809 2.8902563 2.7652150 3.4672285 3.0848995 3.4407204 2.7258263 3.3534399 2.5704449 2.5727796 2.5830744 2.7925932 2.7272854 3.1817053 1.8788536 2.4697586 2.9400513 
Hhon_g04431.t1                                        3.5712202 1.9593255 2.1832335 0.2865209 0.2913103 0.4289738 0.2778657 0.2436890 0.0000000 0.0000010 1.3271312 1.6184472 1.5074296 1.3713407 1.6665143 0.5910637 1.0326168 1.5131449 1.5025869 0.9557344 1.6539273 1.8988330 1.5478947 1.3496324 1.4949319 1.5365006 1.6344799 1.6344799 1.3817437 0.8750850 2.0001779 1.5144833 1.8420464 1.8112599 1.7224991 1.8475248 1.6324370 1.7516084 1.8939407 2.0483768 1.7525835 2.2779689 1.8559696 1.5831298 2.0642341 1.8508006 2.1970193 2.0878611 1.9582859 1.9582859 1.7135358 2.1461726 1.8631792 2.0252582 2.0252582 2.1656306 1.6729379 1.9140643 1.8319913 1.7406907 1.5510674 1.7716566 1.9943122 2.8455331 3.0715801 2.0327577 2.4901782 2.1867263 2.2563837 2.2030507 2.2073907 2.1061909 2.1776112 1.9941024 2.0515170 1.3992376 1.9399954 2.4791898 3.2968489 3.2968489 2.4307699 2.8516003 3.1555516 3.0704761 3.3675346 3.2243489 3.4962519 3.6213101 2.8644919 3.0008533 2.4679961 2.7919464 2.6715496 2.5881621 2.8644432 2.7208354 3.2976881 2.9019359 3.6478650 2.7707461 3.7717159 2.7152253 2.7372894 2.5097377 2.7344329 2.8361816 3.1462976 2.1065425 2.2774257 3.1176277 
HoiH04_mRNA1911                                       3.5712202 1.9593255 2.1832335 0.2865209 0.2913103 0.4289738 0.2778657 0.2436890 0.0000010 0.0000000 1.3271312 1.6184472 1.5074296 1.3713407 1.6665143 0.5910637 1.0326168 1.5131449 1.5025869 0.9557344 1.6539273 1.8988330 1.5478947 1.3496324 1.4949319 1.5365006 1.6344799 1.6344799 1.3817437 0.8750850 2.0001779 1.5144833 1.8420464 1.8112599 1.7224991 1.8475248 1.6324370 1.7516084 1.8939407 2.0483768 1.7525835 2.2779689 1.8559696 1.5831298 2.0642341 1.8508006 2.1970193 2.0878611 1.9582859 1.9582859 1.7135358 2.1461726 1.8631792 2.0252582 2.0252582 2.1656306 1.6729379 1.9140643 1.8319913 1.7406907 1.5510674 1.7716566 1.9943122 2.8455331 3.0715801 2.0327577 2.4901782 2.1867263 2.2563837 2.2030507 2.2073907 2.1061909 2.1776112 1.9941024 2.0515170 1.3992376 1.9399954 2.4791898 3.2968489 3.2968489 2.4307699 2.8516003 3.1555516 3.0704761 3.3675346 3.2243489 3.4962519 3.6213101 2.8644919 3.0008533 2.4679961 2.7919464 2.6715496 2.5881621 2.8644432 2.7208354 3.2976881 2.9019359 3.6478650 2.7707461 3.7717159 2.7152253 2.7372894 2.5097377 2.7344329 2.8361816 3.1462976 2.1065425 2.2774257 3.1176277 
Bralan_BLAG07000159_1                                 2.7562223 1.8233630 2.1047917 1.5763345 1.3649819 1.5091382 1.3954870 1.2631289 1.3271312 1.3271312 0.0000000 1.3638312 1.2137994 1.2615246 1.3090099 0.4669531 0.8650033 1.2336200 1.0339774 0.6423537 1.1780569 1.2900588 1.0738705 0.8034232 1.0860449 1.0972027 1.3325448 1.3325448 1.1484481 0.8338161 1.7059650 1.4482640 1.5682097 1.5444497 1.3301037 1.6819145 1.6555557 1.4776165 1.6057859 1.5947561 1.5546680 1.8247446 1.6275011 1.3446516 1.7610956 1.6050777 1.8510219 1.8242705 1.7864151 1.7864151 1.6494120 1.9319790 1.8598261 1.7781810 1.7781810 1.5963374 1.6391647 1.9142544 1.5438060 1.4002737 1.5039020 1.5977415 1.6590442 2.5175802 2.8181433 1.7465880 2.1076357 1.9198203 2.0071185 1.9087879 1.5976082 1.1745205 1.3279614 1.7220047 1.8451373 1.3759854 1.4783162 2.4950486 3.8308038 3.8308038 1.9539296 3.0029299 2.9693582 2.7073710 3.0826933 3.6240383 3.8011732 3.7585577 3.4703019 3.1489067 2.4583503 2.7251720 3.3602964 2.8167792 2.3287794 2.7092413 3.2546087 3.1802324 4.0007242 2.5022866 2.9715206 2.8105667 2.7799283 2.9013238 2.9554769 2.7484996 3.3331101 1.3408437 2.7410607 2.6850088 
Spis_XP_022805525_1                                   3.0858869 1.9622844 2.2853962 1.8158607 1.6630038 1.8083226 1.6742780 1.5781666 1.6184472 1.6184472 1.3638312 0.0000000 0.1840221 0.5159306 0.6220888 0.2933168 0.4812362 1.1343088 1.1332360 0.7521913 1.2367923 1.6499535 1.3589681 1.2463576 1.3498261 1.4946395 1.3078327 1.3078327 1.4528535 1.0194207 2.0570904 1.6784665 1.9466170 1.9129172 1.7636678 1.6531146 1.6774951 1.6469311 1.8651370 1.7766704 1.5034114 2.2746690 1.9138439 1.8072324 2.1018692 1.9398450 2.1257062 1.9421987 1.9134421 1.9134421 1.9049540 1.9923429 1.9431951 2.0812482 2.0812482 2.0126542 1.9087887 1.9638681 1.5860750 1.8398620 1.8195203 1.8281048 1.9682114 2.5407596 2.9956358 2.1587749 2.4277024 2.1019730 2.1412361 2.3095289 1.8600555 1.7176108 1.5889894 0.8555164 1.6130946 1.6571083 1.5424346 2.2840219 3.6508649 3.6508649 2.3130164 3.0038747 3.3929237 3.2259165 3.2936860 3.7373525 3.8503583 3.5841064 3.9569991 3.0489245 2.6207924 3.1007582 2.6800077 3.4736589 2.2803628 2.9595248 3.0317369 2.7663475 4.3374709 2.6680071 4.0405673 3.2957438 3.3658640 3.2741378 3.0751346 3.0134875 3.8107154 1.1060818 2.9456374 3.1164606 
Pocdam_XM_027182152.1                                 3.0162454 1.9116443 2.2509551 1.8254608 1.6305047 1.6768911 1.6001070 1.4804075 1.5074296 1.5074296 1.2137994 0.1840221 0.0000000 0.4805939 0.6152928 0.1880134 0.4074491 0.9958600 1.0557514 0.6238045 1.2079540 1.5295354 1.2496443 1.1590207 1.1816652 1.3850901 1.2542361 1.2542361 1.3643238 1.0662644 1.9214380 1.7589881 1.8406280 1.8098139 1.6385532 1.7131973 1.7055152 1.5904217 1.7477266 1.6077688 1.5574908 2.1907001 1.9164149 1.7582731 1.9751835 1.7875681 2.0096964 1.8900951 1.7358266 1.7358266 1.6968889 1.9476215 1.8498358 1.9583668 1.9583668 1.7447466 1.8845507 1.8212174 1.5686051 1.6980018 1.6105691 1.6470198 1.8403667 2.4688633 2.7502194 1.9752258 2.4081015 2.0129168 2.0050671 2.2108530 1.7791189 1.6272266 1.5962173 0.8350707 1.5902906 1.5349709 1.4990707 2.2311908 3.5331926 3.5331926 2.1007253 3.0078273 3.2912687 3.2562246 3.2984334 3.5574833 3.7449836 3.3297742 3.8465207 3.1035093 2.6674604 3.0638669 2.6452842 3.2597065 2.7307931 3.0405612 3.2769228 2.9723991 4.6678168 2.3068376 4.2356230 3.3167396 3.3869352 3.2095048 3.0907556 2.8294475 3.7449144 0.9388861 2.8264464 3.0714603 
Gasp_gasp1.m3.27158.m1                                3.0684174 2.0141711 2.0952296 1.5262678 1.3506496 1.3342287 1.3924087 1.3131801 1.3713407 1.3713407 1.2615246 0.5159306 0.4805939 0.0000000 0.4536776 0.1844410 0.3401926 1.0487100 1.0345005 0.6982663 1.2027751 1.4803761 1.1529338 1.1128766 1.2674680 1.4236994 1.1945207 1.1945207 1.2627770 1.0210339 1.6350068 1.4438490 1.7971356 1.7665773 1.6671930 1.4526781 1.3496640 1.3596494 1.4258713 1.3209262 1.4026928 1.9748399 1.6756320 1.5303429 1.7931862 1.4816748 1.8674106 1.9059962 1.8607689 1.8607689 1.6740167 1.9300512 1.8197588 1.9910169 1.9910169 1.8608836 1.5806049 1.7849301 1.5670742 1.7505071 1.5812829 1.6023565 1.8542402 2.2377106 2.6810348 1.8897719 2.1662511 2.0488614 2.0141844 2.0989911 1.7816515 1.5984165 1.5908655 0.5731445 1.5623194 1.4616536 1.5419755 2.2884314 3.4845137 3.4845137 1.9290178 2.5716097 3.0102733 2.9735902 3.2853491 3.7868388 3.7406484 3.2079449 3.3678374 3.0851097 2.5178797 2.6541325 2.6186868 2.8039373 2.3924483 3.1660190 3.1000904 3.2145005 4.2211274 2.4182883 4.1600129 3.1586738 3.2341837 3.1307297 2.7493756 2.6161710 3.6128365 0.7828764 2.7327102 3.0190673 
Adig_XM_015911775.1                                   3.0067649 2.1217855 2.4641982 1.9427970 1.6002271 1.7514305 1.7343112 1.6088943 1.6665143 1.6665143 1.3090099 0.6220888 0.6152928 0.4536776 0.0000000 0.0689094 0.4405054 1.1069590 1.1747705 0.6973376 1.3904482 1.6682165 1.3829479 1.2940549 1.4033071 1.6392241 1.3332259 1.3332259 1.4198146 1.0904578 2.0366184 1.7650932 1.9665898 1.9328215 1.7799403 1.8745097 1.8649795 1.6388151 1.8456567 1.7075728 1.5999119 2.2383262 2.0124178 1.7265217 2.1053032 1.8424547 2.2085458 2.1041107 2.0620419 2.0620419 1.7937971 2.2830526 2.1123647 2.2270362 2.2270362 2.0676948 1.9928334 1.8985524 1.7562619 1.8490579 1.8221495 1.6966161 2.0065897 2.7146619 3.0902824 2.3450667 2.2604641 2.2440875 2.3873981 2.3971665 1.8933069 1.8615945 1.7746261 0.8399801 1.6762133 1.3622469 1.6624851 2.2314044 3.7802976 3.7802976 2.2808183 3.0446059 3.1858713 2.8938998 3.3075029 3.4096159 4.1548761 3.6353509 3.5770351 3.4021101 2.6266380 2.7403462 3.0303257 3.2109692 2.7170068 3.0345244 3.0766605 3.0893570 4.5205093 2.5187087 4.4691279 3.6100235 3.6133801 3.6454023 3.1857796 3.0587810 4.0729260 0.8855005 3.0840484 3.3566988 
Gfas_gfas1.m1.18892.m1                                1.3362897 1.1699591 1.1699591 0.6788915 0.6094286 0.6094286 0.5958988 0.5300244 0.5910637 0.5910637 0.4669531 0.2933168 0.1880134 0.1844410 0.0689094 0.0000000 0.1258161 0.4536929 0.5175622 0.5336623 0.6636041 0.9262738 0.4533126 0.5226738 0.6626508 0.6618864 0.5721523 0.5721523 0.6782952 0.7919091 1.0111816 0.7106094 1.0663836 1.0269537 0.8826064 0.8946393 0.9769777 0.8430708 0.6375714 0.8374201 0.6513520 0.9686107 1.0039237 1.0112019 0.9998009 0.9998009 1.2285522 1.3085512 1.0625278 1.0625278 1.0625278 1.2089123 1.2598290 1.0325184 1.0325184 1.0404045 0.7805189 0.8333468 0.7450903 0.6906442 0.6906442 1.0587412 1.0587412 1.1145253 1.1930304 1.0522930 1.3589695 0.9371271 0.8219556 0.9380353 0.9811102 0.0000010 2.4645803 0.0000010 0.0000010 1.2665263 0.8344819 1.7462919 1.9372567 1.9372567 1.0809226 2.2431226 2.3441674 1.8372163 1.6009314 2.0798241 2.3837844 2.2098699 2.3748575 1.8342036 1.5984849 1.8492265 2.0456158 1.8835335 0.0000010 1.5500061 1.9862554 1.9862554 3.1299515 2.0869825 2.1977556 1.7082229 1.7082229 1.9603279 2.1233020 2.0163940 2.3463472 2.9650033 1.9577902 2.1160501 
Fspp_ffun1.m4.13493.m1                                0.9798329 1.6002351 1.4416606 1.2790488 1.0995281 0.9641077 1.0831433 0.9752021 1.0326168 1.0326168 0.8650033 0.4812362 0.4074491 0.3401926 0.4405054 0.1258161 0.0000000 0.6973993 0.7645228 0.7095667 1.1094332 1.3391064 0.7972371 0.7178380 0.9232916 0.9851560 0.9463443 0.9463443 0.9636397 0.9240148 1.3449311 1.0854750 1.6976500 1.6440857 1.3008579 1.1445958 1.1808198 1.2099466 0.9982078 1.2477408 1.0852715 1.6334925 1.4420017 1.3995860 1.3302496 1.0724323 1.4888696 1.5556199 1.3196340 1.3196340 1.0973292 1.3570666 1.4819048 1.3360531 1.3360531 1.4523960 1.1599599 1.3231324 0.9121711 1.3127927 0.9443005 1.3019716 1.5330018 1.4091080 1.6780801 1.4750268 1.6084841 1.3701986 1.2255752 1.4441105 1.3540717 2.2375320 2.6440228 2.0670088 1.9182338 1.3163151 1.3975526 1.9282560 2.7205831 2.7205831 1.4813565 2.4576997 2.5496376 2.4240547 2.2731587 2.9480938 3.0995303 2.7160340 2.8617798 2.4874034 2.1301058 2.4346615 2.2914963 2.5660957 1.8313889 3.5150022 3.3559191 2.7741111 3.9704765 2.0652411 2.6541684 2.3645417 2.3645417 2.3624267 2.6655699 2.5177685 2.8489033 2.7338627 2.2476407 4.4299227 
Exapal_XM_021037337.2                                 3.1507408 1.8138503 2.0665926 1.8647723 1.6639535 1.7738378 1.6553327 1.4676472 1.5131449 1.5131449 1.2336200 1.1343088 0.9958600 1.0487100 1.1069590 0.4536929 0.6973993 0.0000000 1.1245861 0.6453641 1.4527449 1.5710735 1.2938740 1.1021740 1.1742742 1.3023688 1.3757701 1.3757701 1.2174405 1.0185551 1.8194555 1.5637543 1.8762396 1.8450105 1.7515935 1.7230598 1.8467704 1.3919174 1.5775921 1.3839687 1.3421140 2.0329882 1.8881065 1.4842626 1.8284467 1.5345646 1.9523684 2.0339130 1.7629634 1.7629634 1.4028291 2.0272436 1.9422274 1.9101520 1.9101520 1.9384925 1.7343206 1.7328134 1.8379087 1.6058295 1.6219050 1.3043391 1.5767645 2.3226454 2.5280067 1.8295463 2.3123760 1.8600150 1.8097892 1.9469022 1.6250451 1.7178925 1.6550354 1.3732010 1.4621435 1.9012320 1.7336299 2.0127341 3.5135894 3.5135894 2.0941292 2.8156429 2.7850878 2.8766359 2.9874674 3.5524292 4.0949996 3.2609683 3.1992364 3.3805841 2.4655209 3.1693611 2.9260249 3.0019204 2.2365941 2.5626252 3.0138065 2.9862599 4.2007835 2.6509430 3.6939448 3.0392485 3.0419500 3.1744332 2.8925664 2.8840918 3.3326606 1.2515309 2.9416996 3.4143533 
Cgig_XM_034482508.1                                   2.7669032 1.8831113 2.0501748 1.6190528 1.6035355 1.7136483 1.6303859 1.4861934 1.5025869 1.5025869 1.0339774 1.1332360 1.0557514 1.0345005 1.1747705 0.5175622 0.7645228 1.1245861 0.0000000 0.4555839 0.9703719 1.2351053 1.0485654 0.9722340 1.1480726 1.1149577 1.2670706 1.2670706 1.1369058 0.8177274 1.6907655 1.6177192 1.6010935 1.5761884 1.2896390 1.8311705 1.8707956 1.2922611 1.5809074 1.5799480 1.3643345 2.0113470 1.7164527 1.5266055 1.7686155 1.6009554 1.7884531 1.7990971 1.6899577 1.6899577 1.4968634 1.7574637 1.7664199 1.7662290 1.7662290 1.6394574 1.6819777 1.4920304 1.3627656 1.6151007 1.5439897 1.5195893 1.7274930 2.3936174 2.7090564 1.7741882 2.2710732 1.7021599 1.9143890 1.7217245 1.5989231 0.9284290 0.9815600 1.4712175 1.5285881 1.4703404 1.3393504 2.5003467 3.1033160 3.1033160 1.9045876 3.0221346 2.9148143 3.0965848 3.3550950 3.9914079 3.4692664 3.7245168 3.0541797 3.0205125 2.6473537 2.5322643 2.7279616 2.8432382 2.3732974 2.5571342 2.8644773 2.9549954 3.5185230 2.6643292 3.4095772 2.8621215 2.8645624 2.5158157 2.4586592 2.3704071 3.0123987 1.3995751 2.6035822 3.0456779 
Ctel_gnl_WGS_AMQN_CAPTEDRAFT_mRNA199984               2.0800158 1.4793426 1.4670297 1.0840729 0.9703505 0.9378527 1.0478458 0.9132202 0.9557344 0.9557344 0.6423537 0.7521913 0.6238045 0.6982663 0.6973376 0.5336623 0.7095667 0.6453641 0.4555839 0.0000000 0.0611259 0.9117135 0.6605655 0.5715828 0.7145994 0.6623920 0.8349716 0.8349716 0.8234954 1.0684921 1.0444245 1.0711245 1.0666081 1.0456929 0.8555854 1.0385414 1.0574754 0.9393865 0.8884920 0.9802564 0.8960204 1.2141071 1.2016729 1.2103445 0.9621038 0.9398433 1.0798840 1.3061817 1.2298800 1.2298800 1.2168740 1.2133057 1.1979083 1.1616115 1.1616115 1.2805367 0.9748280 1.0144543 0.8465358 1.1533113 1.1416881 1.1916567 1.1501904 1.6006149 1.4547748 1.1119625 1.9111313 1.2281718 1.4122740 1.2331052 1.1778282 0.7206698 1.0584697 0.7951090 0.6689868 1.5912981 1.1120740 2.8070226 2.7229571 2.7229571 1.2371190 2.7800356 2.7207634 2.7541978 2.6446574 3.6589922 2.7599633 2.8240422 2.4459779 3.0128971 2.1706762 2.1894888 2.8890549 2.5379077 1.2939211 2.0566375 2.3844373 2.4004411 3.4024575 3.0337422 2.9887041 2.3521226 2.3561288 2.3690694 2.4632784 2.6124524 2.9485111 1.5520747 2.0257541 2.4385049 
Ctel_gnl_WGS_AMQN_CAPTEDRAFT_mRNA168430               2.9952513 2.1081488 2.5321466 1.6311387 1.6201972 1.8795529 1.7763729 1.5757122 1.6539273 1.6539273 1.1780569 1.2367923 1.2079540 1.2027751 1.3904482 0.6636041 1.1094332 1.4527449 0.9703719 0.0611259 0.0000000 1.2012603 1.1521631 1.2191929 1.3959327 1.3049483 1.6795205 1.6795205 1.3060918 1.2002909 2.0776178 1.9669670 2.0600438 2.0206487 1.5407126 2.0423525 1.9862482 1.9213645 1.9561368 2.1298932 1.7701858 2.2186392 1.9722117 1.6867481 1.9745277 1.7234634 2.0367942 2.1577073 2.1496057 2.1496057 1.9227137 2.0978415 1.9435959 2.0597194 2.0597194 1.8047952 1.9820708 1.8826213 1.7149146 1.9216800 1.9726387 1.6907275 2.0056181 2.8754634 3.1207473 2.0598955 2.4576278 2.2587409 2.4773816 2.2985134 1.8685506 1.1667742 1.3650753 1.5833756 1.8093836 1.8399552 1.5211085 3.0455139 3.8972054 3.8972054 2.0013979 3.3014217 3.3812933 3.7503846 3.6260619 4.3733386 3.6851646 3.6733679 3.6702803 3.4610224 2.8664960 3.0296494 3.4588767 3.6006543 2.3666097 2.4471482 3.1335245 3.1239928 4.2317446 3.2122357 3.6306796 2.8766543 2.8813622 2.9276315 2.8821876 2.8142782 3.1045581 1.7718757 2.9471469 3.4093889 
Cscu_XM_023377280.1                                   3.2904894 2.0006787 2.5490451 1.9044887 1.9597333 1.9370265 2.0534051 1.8649197 1.8988330 1.8988330 1.2900588 1.6499535 1.5295354 1.4803761 1.6682165 0.9262738 1.3391064 1.5710735 1.2351053 0.9117135 1.2012603 0.0000000 0.0758905 1.3423638 1.4839223 1.4467044 1.7193432 1.7193432 1.4528007 1.2874063 1.8721888 1.6643426 1.8754816 1.8434081 1.6880802 1.9487455 1.9259912 1.8090426 1.7082751 1.8844597 1.5568109 2.0139993 1.8509502 1.4962211 2.0028105 1.7605763 2.1212308 2.0198126 2.1095910 2.1095910 1.8815270 1.9768811 2.0739715 2.1064054 2.1064054 2.0071349 2.0294664 2.1859590 1.7151550 1.5898090 1.5827165 1.7726292 2.0969787 2.9448130 3.2245021 2.1426981 2.6931554 2.2868172 2.3572356 2.3272143 1.9374895 1.3820931 1.3230851 1.7891118 2.1368061 1.9941574 1.5498794 2.9985463 4.9301826 4.9301826 2.5075190 3.4212107 3.7672457 3.2749815 3.4333281 3.5955271 4.5504013 3.8769437 3.6589684 3.6275313 2.9704942 2.9951535 3.7653776 3.6444137 2.4220599 2.5760161 3.2404179 3.0093355 4.1896171 3.0817543 4.0685541 2.7547256 2.7483326 2.6345940 2.8445837 2.6984154 2.9050149 1.4825313 3.3196229 3.3049119 
Cscu_XM_023371389.1                                   3.3190138 1.7017613 2.2306434 1.8579205 1.6065589 1.5310236 1.6709529 1.5152476 1.5478947 1.5478947 1.0738705 1.3589681 1.2496443 1.1529338 1.3829479 0.4533126 0.7972371 1.2938740 1.0485654 0.6605655 1.1521631 0.0758905 0.0000000 1.1152627 1.1872940 1.1857708 1.4633797 1.4633797 1.1553892 0.8955280 1.5817515 1.3986784 1.5671965 1.5427274 1.4214963 1.6796633 1.6835407 1.4827444 1.4257334 1.6205064 1.2968013 1.7908702 1.6126933 1.3031564 1.8392450 1.5849322 1.9352310 1.8079922 1.8635905 1.8635905 1.6416904 1.7871648 1.8299888 1.8876332 1.8876332 1.7695761 1.7530199 1.8823536 1.4099024 1.4902608 1.5070520 1.4568801 1.7792502 2.4698251 2.6814968 1.8871457 2.1791487 2.0213938 1.9643934 2.0067457 1.6288092 1.3426343 1.2406358 1.7389414 2.0772805 1.3299707 1.3197018 2.4450723 4.3441087 4.3441087 2.0016181 3.0421192 3.5540733 2.9536074 2.9891641 3.3824155 4.0897749 3.7867443 3.1485323 3.4231407 2.5757358 2.5622798 3.1921191 3.1832955 2.4220599 2.5760161 3.0548000 2.8707755 3.9124927 2.4918243 3.4730398 2.5196486 2.5134581 2.4143236 2.6515455 2.4769450 2.7864651 1.3378805 2.8950592 3.1961941 
Skow_XM_006816853.1                                   3.3290687 2.0214431 2.3384081 1.6072721 1.4258982 1.5391036 1.3314153 1.2074358 1.3496324 1.3496324 0.8034232 1.2463576 1.1590207 1.1128766 1.2940549 0.5226738 0.7178380 1.1021740 0.9722340 0.5715828 1.2191929 1.3423638 1.1152627 0.0000000 1.0260094 1.1123564 1.2156897 1.2156897 1.1966052 0.9019489 1.7848323 1.5242705 1.4547217 1.4325721 1.3429898 1.5385218 1.6645187 1.3579677 1.5141718 1.5594164 1.5194258 1.9242291 1.6116316 1.3663270 1.7174262 1.5004152 1.8907701 1.7466713 1.6415067 1.6415067 1.3942840 1.7988056 1.5372373 1.8025157 1.8025157 1.5777493 1.5802422 1.7142637 1.9128163 1.5703116 1.5389989 1.3893788 1.7153180 2.3906411 2.5973038 1.9972872 2.2721402 2.3138525 2.0691009 2.2054597 1.6708254 1.2524199 1.2476628 1.3989750 1.6661387 1.7463781 1.7169127 2.2896509 3.5328001 3.5328001 1.8709606 3.0367310 2.8138620 3.2243593 3.3206557 3.5795642 3.6917982 3.2028540 3.4738975 3.0027395 2.6672282 3.1580518 3.1419985 3.0655575 2.2668186 2.4661062 3.5396508 3.0327178 4.4311116 2.3465516 3.4313425 3.3607143 3.3637419 2.7565053 3.0877911 3.0852026 3.1854831 1.2123164 2.4948640 2.5962015 
Hsap_ENST00000475243                                  3.2514384 1.9597998 2.0750060 1.7163551 1.4869444 1.4186680 1.5742462 1.4308597 1.4949319 1.4949319 1.0860449 1.3498261 1.1816652 1.2674680 1.4033071 0.6626508 0.9232916 1.1742742 1.1480726 0.7145994 1.3959327 1.4839223 1.1872940 1.0260094 0.0000000 0.7388383 1.2946484 1.2946484 1.3400519 0.8651762 1.6119879 1.4676452 1.6242528 1.5987395 1.2322612 1.7479975 1.7465025 1.4906812 1.7355378 1.7217751 1.7071258 1.9054372 1.6833392 1.3542416 1.7401388 1.4863143 1.8581516 1.7871907 1.5557099 1.5557099 1.3077610 1.6362751 1.6374486 1.6595086 1.6595086 1.6971651 1.7889156 1.7140402 1.5075520 1.6603483 1.7530982 1.3387527 1.6476008 2.3348239 2.3840378 1.8081452 2.4014945 1.8470052 1.9043044 1.8649900 1.6462902 1.3447600 1.2721164 1.6765564 1.8186346 1.6038816 1.7421023 2.2075150 3.7704663 3.7704663 1.9089899 2.8036175 2.7422968 2.8071609 3.4576673 3.4083423 3.4797909 3.8548432 3.0352567 3.5668445 2.9980758 2.6783837 2.9147077 2.6502514 2.7169490 2.4975282 2.9915806 2.9745708 4.2647829 2.2781695 3.4634972 3.1474959 3.1732253 2.7875569 2.7781046 2.6252559 3.4176089 1.4821734 2.8853019 3.3974990 
Hsap_ENST00000340541                                  3.1523762 1.7866245 2.1603641 1.8982699 1.7109921 1.6799989 1.6858137 1.4846763 1.5365006 1.5365006 1.0972027 1.4946395 1.3850901 1.4236994 1.6392241 0.6618864 0.9851560 1.3023688 1.1149577 0.6623920 1.3049483 1.4467044 1.1857708 1.1123564 0.7388383 0.0000000 1.4087623 1.4087623 1.4613400 0.9058466 1.5717896 1.7490031 1.5819030 1.5592793 1.3518531 1.6906144 1.7527203 1.4861686 1.7798560 1.8076179 1.6751121 1.9125980 1.7859945 1.3940346 2.0240815 1.7635243 2.1534086 2.1177448 1.9097711 1.9097711 1.6722942 1.9373282 1.8473836 1.8452909 1.8452909 1.9152247 1.9098555 1.8272053 1.4302534 1.5385448 1.5413375 1.4760215 1.7254671 2.2694458 2.5701257 2.0180749 2.3041206 1.7421569 2.1214952 1.9586950 1.8708953 1.3966729 1.5349551 1.9021464 1.8220033 1.6441517 1.6234022 2.1821615 3.9371224 3.9371224 2.0242055 3.4410891 3.3548578 3.1073022 3.2902551 3.8885338 3.5014906 3.9171288 3.2649622 3.5660701 2.8282588 3.0501424 2.9882888 2.9393703 2.7741212 2.3844404 2.6213053 2.8898015 3.6805418 2.3020136 3.4940281 3.0612436 3.0853682 2.7104289 2.8705979 2.7907504 3.6082883 1.4354093 3.0257239 3.2692549 
Dgig_XM_028560450.1                                   3.1404641 1.7079688 1.9036726 1.7041948 1.5442467 1.7249533 1.7067540 1.5845282 1.6344799 1.6344799 1.3325448 1.3078327 1.2542361 1.1945207 1.3332259 0.5721523 0.9463443 1.3757701 1.2670706 0.8349716 1.6795205 1.7193432 1.4633797 1.2156897 1.2946484 1.4087623 0.0000000 0.0000010 1.5088217 0.9613860 1.7878492 1.5832393 2.0167785 1.9819685 1.5875734 1.5146415 1.6658089 1.5306755 1.6932377 1.9273167 1.7774527 2.2797722 1.8180884 1.4438826 2.0576919 1.7867138 2.0670933 2.0323419 2.0115264 2.0115264 1.6234553 2.0517286 1.8526600 1.9932271 1.9932271 1.9246454 2.2503111 2.0742023 0.9249027 1.7371455 1.5481911 1.6295970 1.9801183 2.5402612 2.9607439 1.9436961 2.4093276 2.0741760 1.9868306 1.9367604 1.8352772 1.7890637 1.8029445 1.8807441 1.8605369 0.8790644 1.0955689 2.3442088 3.5718744 3.5718744 2.0259989 3.0385646 3.0388038 2.6291166 2.7070098 3.2702449 3.2517422 3.2623668 3.1245018 3.6306396 2.8111608 2.5927816 2.6536429 2.9463081 2.8777202 2.3032176 2.9643417 3.2586425 3.4932051 2.5181148 3.4441795 2.6991603 2.7015443 2.6563441 2.3411406 2.3982141 3.1301100 1.3681823 2.7443213 2.9121308 
Dgig_XM_028536455.1                                   3.1404641 1.7079688 1.9036726 1.7041948 1.5442467 1.7249533 1.7067540 1.5845282 1.6344799 1.6344799 1.3325448 1.3078327 1.2542361 1.1945207 1.3332259 0.5721523 0.9463443 1.3757701 1.2670706 0.8349716 1.6795205 1.7193432 1.4633797 1.2156897 1.2946484 1.4087623 0.0000010 0.0000000 1.5088217 0.9613860 1.7878492 1.5832393 2.0167785 1.9819685 1.5875734 1.5146415 1.6658089 1.5306755 1.6932377 1.9273167 1.7774527 2.2797722 1.8180884 1.4438826 2.0576919 1.7867138 2.0670933 2.0323419 2.0115264 2.0115264 1.6234553 2.0517286 1.8526600 1.9932271 1.9932271 1.9246454 2.2503111 2.0742023 0.9249027 1.7371455 1.5481911 1.6295970 1.9801183 2.5402612 2.9607439 1.9436961 2.4093276 2.0741760 1.9868306 1.9367604 1.8352772 1.7890637 1.8029445 1.8807441 1.8605369 0.8790644 1.0955689 2.3442088 3.5718744 3.5718744 2.0259989 3.0385646 3.0388038 2.6291166 2.7070098 3.2702449 3.2517422 3.2623668 3.1245018 3.6306396 2.8111608 2.5927816 2.6536429 2.9463081 2.8777202 2.3032176 2.9643417 3.2586425 3.4932051 2.5181148 3.4441795 2.6991603 2.7015443 2.6563441 2.3411406 2.3982141 3.1301100 1.3681823 2.7443213 2.9121308 
Tcas_TC002864_001                                     3.0017149 2.0249029 2.3022781 1.4416434 1.5480272 1.7429546 1.3675868 1.2617191 1.3817437 1.3817437 1.1484481 1.4528535 1.3643238 1.2627770 1.4198146 0.6782952 0.9636397 1.2174405 1.1369058 0.8234954 1.3060918 1.4528007 1.1553892 1.1966052 1.3400519 1.4613400 1.5088217 1.5088217 0.0000000 1.0044470 1.6957763 1.7143987 1.8222383 1.7907175 1.4566162 1.9092299 1.8062097 1.5636634 1.6093108 1.6726700 1.6332243 1.9396681 1.6090249 1.3718671 1.8038672 1.7364022 1.8989803 1.8221756 1.5359088 1.5359088 1.3585192 1.8676754 1.7109345 1.6887255 1.6887255 1.6655136 1.8621349 1.8709642 1.7745236 1.5697443 1.5525147 1.5947806 1.9467775 2.6413024 2.8239284 1.7279590 2.5803569 2.0794661 2.2486144 2.3074802 1.3272544 1.3871495 1.4245211 1.5366671 1.9576849 1.3547895 1.5289266 2.1851530 3.2764617 3.2764617 1.9117531 3.1662017 2.9637719 3.0893850 3.1305519 3.2081246 3.3184649 3.0556002 3.2510372 2.9422605 2.4646136 2.3364527 2.4511544 2.6536196 2.2420120 3.0294393 3.2001783 3.1648472 3.5394088 2.3090219 3.2072656 3.1647580 3.1673350 2.8767568 3.1699275 2.8614878 2.9729019 1.8093509 2.3788682 2.9009562 
Hvul_g16619_1                                         3.5617897 1.3082224 1.3082224 0.9540681 1.0196862 1.0196862 0.9629723 0.8761915 0.8750850 0.8750850 0.8338161 1.0194207 1.0662644 1.0210339 1.0904578 0.7919091 0.9240148 1.0185551 0.8177274 1.0684921 1.2002909 1.2874063 0.8955280 0.9019489 0.8651762 0.9058466 0.9613860 0.9613860 1.0044470 0.0000000 1.0956109 0.8829975 1.2959097 1.2390838 1.0411315 1.2566364 1.2175548 1.0999198 1.0679696 1.0031234 1.1348612 1.1091434 1.1557844 1.1184661 1.2553274 1.2553274 1.2433423 1.2079480 1.2007753 1.2007753 1.2007753 1.2658046 1.1207729 1.3782641 1.3782641 1.5143122 0.8597499 1.3791562 1.1722127 1.0589967 1.0589967 1.4891660 1.4891660 1.5985491 1.5991629 1.2809178 1.8353701 1.4134486 1.3049139 1.1647426 1.2551390 1.6071400 1.8200445 1.5361680 1.6731160 1.9412281 1.3499964 2.1241888 2.3315633 2.3315633 2.1547671 3.0255678 2.6300915 2.6065254 2.4777935 3.0523799 3.1576815 2.8839699 2.4693007 2.2923928 2.0004792 2.3001332 2.5594105 1.9754170 1.2397827 2.3520504 2.6805747 2.6805747 3.2388869 2.5177786 2.6219926 2.0374497 2.0101908 2.3733449 2.2711865 2.5342426 2.4937740 2.2767535 2.3699266 2.2273320 
Morvir_scaffold64.g49.t1                              3.4643794 1.7480923 2.2820287 2.0735754 1.9169575 1.8414204 2.0304565 1.9372734 2.0001779 2.0001779 1.7059650 2.0570904 1.9214380 1.6350068 2.0366184 1.0111816 1.3449311 1.8194555 1.6907655 1.0444245 2.0776178 1.8721888 1.5817515 1.7848323 1.6119879 1.5717896 1.7878492 1.7878492 1.6957763 1.0956109 0.0000000 1.4850680 2.0328496 1.9973792 1.7809481 1.6206290 1.5061214 1.8972642 2.1958326 1.9459752 1.8203393 2.2758263 2.1905140 1.7283185 2.3255787 1.9890157 2.4593674 2.5456343 2.3775934 2.3775934 2.0134800 2.3539274 2.1615892 2.3126154 2.3126154 2.1683676 2.1167259 1.8493065 1.9368127 1.7422801 1.7181556 1.7856688 2.1305476 2.8852926 3.2685386 2.1440993 2.3412689 2.2633386 2.3790267 2.3097714 2.1324405 2.2841078 2.2992159 2.2959860 2.5881209 1.9938027 2.1090174 2.4794349 4.2221242 4.2221242 2.3832977 2.8184605 3.1641448 3.1473515 3.1986129 3.7898907 4.0468502 3.5753231 3.7115434 3.1349466 2.9323260 3.2667853 3.5664870 3.6201131 2.5023047 2.8485425 3.0220200 3.0942879 3.3951626 2.4619639 3.7627967 3.2487221 3.2141088 3.0275917 2.9893316 2.9573571 3.6717192 1.7370635 3.5040156 3.8426085 
Sanmal_Sma_025335-T1                                  2.7130210 1.6970671 2.1437125 1.6823738 1.5085221 1.6204408 1.6054241 1.5019548 1.5144833 1.5144833 1.4482640 1.6784665 1.7589881 1.4438490 1.7650932 0.7106094 1.0854750 1.5637543 1.6177192 1.0711245 1.9669670 1.6643426 1.3986784 1.5242705 1.4676452 1.7490031 1.5832393 1.5832393 1.7143987 0.8829975 1.4850680 0.0000000 1.6654252 1.6397946 1.7567438 0.8610109 0.7678395 1.7068208 1.6470951 1.7025276 1.6426061 2.2971126 1.8862549 1.4902121 1.9372648 1.7756761 2.0131588 2.0467099 1.9729428 1.9729428 1.7412843 2.0342437 1.8376695 1.9158404 1.9158404 1.9610185 1.9046343 1.9751531 2.0986071 1.8179867 1.9054408 1.6189043 1.7585464 2.5880520 2.9254088 2.1993699 2.1940025 2.0851894 1.9344841 2.0369021 2.0580236 1.9642403 1.9121732 1.9877413 2.2698905 1.7861374 1.8401820 2.4376805 4.2528910 4.2528910 2.2203718 3.0776546 3.4802971 3.0287921 3.1448482 3.3528559 3.5024328 3.2418289 3.2998571 3.1483581 2.6099141 3.3734291 3.1017546 2.8979529 2.2112517 2.7187093 2.9237274 3.2656172 3.7811599 2.3965617 3.6148590 3.1903833 3.1727804 2.8811667 2.6857666 2.7255236 3.2423214 1.3908062 3.3356137 2.9466274 
Spur_XM_030985832.1                                   3.9162528 1.8104222 2.2092908 2.0369659 1.8012485 1.2754222 1.9826281 1.8515197 1.8420464 1.8420464 1.5682097 1.9466170 1.8406280 1.7971356 1.9665898 1.0663836 1.6976500 1.8762396 1.6010935 1.0666081 2.0600438 1.8754816 1.5671965 1.4547217 1.6242528 1.5819030 2.0167785 2.0167785 1.8222383 1.2959097 2.0328496 1.6654252 0.0000000 0.0000010 0.4815182 1.8436462 1.9379357 1.6503710 1.8901091 1.7887162 1.6458423 1.8272718 1.6188493 1.1939624 1.7838177 1.3449288 1.7298810 1.6172122 1.6520565 1.6520565 1.1014088 1.7561615 1.5502609 1.7309958 1.7309958 1.7272832 1.6728452 2.2385899 1.5276883 1.8795036 1.5204658 1.6458028 2.1912881 2.1449866 2.2588335 2.3390480 2.8702682 2.4823458 2.6131668 2.3186274 2.2299443 2.0133104 2.2480018 2.4633077 2.5218533 2.0364230 1.9169002 2.9727449 3.5539609 3.5539609 2.2614380 3.3031679 3.2538621 3.1340778 3.4648986 3.9499024 3.7548643 3.6325726 3.4062948 3.0057087 3.5490598 3.5876514 3.5518661 3.6796667 1.9635755 2.6340816 3.3243920 3.2961431 5.2364008 2.4425371 4.4465103 3.1763178 3.1981265 2.9795492 3.6140291 3.3199624 4.0369294 1.9058091 2.9293655 2.8312377 
Spur_XM_030993784.1                                   3.6871960 1.7451981 2.1390367 2.0369659 1.7713277 1.2531765 1.9486518 1.8203643 1.8112599 1.8112599 1.5444497 1.9129172 1.8098139 1.7665773 1.9328215 1.0269537 1.6440857 1.8450105 1.5761884 1.0456929 2.0206487 1.8434081 1.5427274 1.4325721 1.5987395 1.5592793 1.9819685 1.9819685 1.7907175 1.2390838 1.9973792 1.6397946 0.0000010 0.0000000 0.4757307 1.8260057 1.9171301 1.6503710 1.8345281 1.7887162 1.6198152 1.8272718 1.6188493 1.1939624 1.7941084 1.3574257 1.7298810 1.6176448 1.6520565 1.6520565 1.1014088 1.7561615 1.5502609 1.7309958 1.7309958 1.6943535 1.6441066 2.1954066 1.4989165 1.8536999 1.5012771 1.6147397 2.1499763 2.1030532 2.2102314 2.2618391 2.7806148 2.4667166 2.5241585 2.2732581 2.1884853 2.0133104 2.2053361 2.4633077 2.5218533 2.0169812 1.9114052 2.8745597 3.4519176 3.4519176 2.2245256 3.2473190 3.1970597 3.0834900 3.4019974 3.8597182 3.6451123 3.5509423 3.3191378 2.9881347 3.4851513 3.5022477 3.4572400 3.6425393 1.9635755 2.6340816 3.2163943 3.2066365 5.0245390 2.3734717 4.3263590 3.0453013 3.0660515 2.8576690 3.5046647 3.2276816 3.9083752 1.8512220 2.8545544 2.8312377 
