118
Codhol_EP00042_Codosiga_hollandica_P034768                        0.0000000 1.6672415 1.5100238 1.9699225 2.1856870 1.7674301 1.6693263 4.0039077 4.2900516 3.4323562 3.7217637 3.4413535 3.2179815 2.0405681 3.1176879 3.0380175 3.3416830 3.4927595 4.3678225 4.6306028 3.0026412 4.1909972 3.6579917 3.2044524 3.6148044 3.5213657 4.1915800 3.6911916 4.0407870 3.2356630 3.5347689 3.5929051 3.4613922 3.7457626 3.6922015 3.5076469 3.8480713 3.7091388 3.3902067 2.7092898 3.4889417 3.7286688 3.3603846 3.8224887 3.6373919 3.3911556 3.3932593 2.8222601 4.4297630 3.4326801 3.5924740 3.6206316 3.4868738 3.6297806 3.3504367 3.4768385 3.8721766 3.8319069 3.7092483 3.5975557 3.5745752 3.3396335 3.3035119 3.7161194 3.1772395 3.3948220 2.7746060 4.2467431 3.4368489 3.4327350 3.6118751 3.3447332 3.6256955 3.5079300 3.5079300 3.4089867 3.1718975 3.6447075 3.1684966 3.6348925 3.6348925 3.6448560 3.7801018 2.9963203 4.0201571 3.7595669 2.8451908 3.1970139 3.4744966 4.2997966 4.3401042 4.1841066 5.5429839 4.5197133 3.6867650 3.1535657 3.6198978 5.2015571 3.7741879 2.6562899 4.0102441 3.9169113 3.8412325 4.0659750 4.2574765 3.8646283 4.4663672 5.0053830 3.9259962 4.2224201 3.2117948 3.4025041 2.9813299 3.0147489 2.7542429 3.2717940 2.1381921 2.1622118 
Salmac_EP00052_Salpingoeca_macrocollata_P006255                   1.6672415 0.0000000 1.0016236 1.0970086 2.0346390 2.0440812 1.9797013 4.1217677 4.1969435 4.0674580 4.1962653 3.8968827 3.3602471 2.1953031 2.9999574 4.0668010 4.0532320 4.9085640 4.7850489 7.1316513 3.8982623 4.6749570 3.9676079 3.6719062 4.2829413 4.3048998 4.5052164 4.0641062 3.9125724 3.4391147 3.7921040 3.8871598 3.8072440 3.8399905 3.7643329 3.6557663 3.7080830 3.8014448 3.5850028 3.2598894 3.7569650 4.0927134 3.7659971 3.8578829 3.7283035 3.6691325 3.6956397 2.9671957 3.8571104 4.1558077 3.9943166 4.0387857 4.3208937 4.1060556 4.0335318 3.7161262 4.0681835 4.1320301 3.9551879 3.9551516 3.9202207 3.5535869 3.7338267 3.8950935 3.3001258 3.9150264 3.7997261 4.3220155 3.8734198 3.8460211 4.0573721 4.0002942 4.0143981 3.8733347 3.8733347 3.6458788 3.4888255 3.9111426 3.6940285 3.7739692 3.7739692 4.2289866 4.1327763 3.7454540 4.2629875 3.6269423 3.8068096 3.7790776 4.0437622 5.2364938 5.0265846 4.6818901 5.3607829 5.2036488 3.2713786 3.6676973 4.1634773 6.7270968 4.4837440 3.9110233 4.0084505 4.2165731 4.5487070 4.7023804 4.2747963 3.9223616 3.5256283 5.3884559 4.1628092 4.6454885 3.4286312 3.6154253 3.3395326 3.1199896 2.7675493 3.8000956 2.5003703 2.3846817 
Salpun_EP00053_Salpingoeca_punica_P027288                         1.5100238 1.0016236 0.0000000 2.0925381 1.9858941 2.2179158 1.6814542 3.5628909 4.1098573 3.6308652 4.3062247 3.3314397 3.2115226 0.0000010 1.1139547 2.9527466 3.4763324 4.4658400 4.1393925 6.4109969 3.1181519 4.6155074 4.1590519 3.3297689 2.9089831 3.8252473 4.1535354 3.2608621 3.3646124 2.8451165 3.3509702 3.3904043 3.5485522 3.7257251 3.3461907 2.9658596 3.0105973 3.2338468 3.4563019 3.6419089 3.3826750 3.7031841 3.4535218 3.4459135 3.4705957 3.1710537 3.3781067 3.2505485 3.8708619 3.4948284 3.5475345 3.5815067 3.4573304 3.7649670 3.2669078 3.5724903 3.8268412 4.2907483 3.7914158 3.6941103 3.6825723 3.5708176 3.9198507 3.5993863 4.1765626 3.3398599 3.0699228 3.4361628 3.3735879 3.3638712 3.6626453 3.7372069 3.4112831 3.5535199 3.5535199 3.6813306 3.4930818 3.7480092 3.5333492 3.3449040 3.3449040 3.6557044 3.9305195 0.9866791 4.3430866 3.2854589 3.0590156 3.2103815 4.0067482 4.0252852 4.1071164 3.8912304 3.8313486 4.8200688 2.6656214 3.4483831 3.3725345 6.0328733 2.7912224 4.0766275 3.9011147 3.7663180 3.6925790 3.9826884 4.1814775 3.3144574 3.1955264 5.2493144 4.2135752 3.9103547 3.4971815 3.2560191 3.4663006 3.1061025 2.5430003 3.5884741 2.4234362 2.1127965 
Salpun_EP00053_Salpingoeca_punica_P027289                         1.9699225 1.0970086 2.0925381 0.0000000 1.8120175 2.0116582 1.8672204 4.4373888 9.0000000 3.4719332 9.0000000 3.1864278 3.3799538 1.9584711 2.3444467 4.0728556 3.5348008 3.3055351 7.2199945 0.0000010 3.3048076 3.3369095 3.0964762 3.4921882 3.5527826 4.5003437 4.4183346 4.5763009 9.0000000 3.4976564 4.1854673 4.6389509 3.8101461 4.7927157 4.5785614 4.2927692 4.5241706 4.4957525 3.4094921 3.0783479 4.2306180 5.1675214 3.9847373 3.8124684 8.6880122 3.8113418 3.7498197 3.1127943 9.0000000 3.8786743 4.3552699 4.3446966 3.8358356 3.6610452 3.4401249 8.3855245 4.0641665 3.4416132 4.0256737 4.0389504 3.9710238 3.5248298 3.3721241 4.1982234 2.7935045 3.4569656 5.0185946 3.9884999 4.4892867 4.5376453 3.9864812 3.2521418 9.0000000 4.5715201 4.5715201 3.7139049 3.8922925 3.6137654 3.3770706 0.0000010 0.0000010 4.3398866 3.9448573 3.2018106 3.8517030 5.3229567 3.6376053 4.4692784 3.9222807 8.6008718 9.0000000 9.0000000 8.9999984 4.5968358 6.8638010 3.5399875 3.6824536 0.0000010 3.6111882 2.7810967 3.7409385 4.6149756 4.3682662 4.1054808 5.6393643 4.4814629 9.0000000 4.8335689 9.0000000 6.0495676 3.1413414 3.1626187 3.2090405 2.2072993 2.9466219 3.3971292 2.3377658 2.4131666 
Salkve_EP00050_Salpingoeca_kvevrii_P000045                        2.1856870 2.0346390 1.9858941 1.8120175 0.0000000 1.8831149 1.9871632 3.4171751 4.1912352 3.8691253 3.6982060 3.8007444 3.3617214 2.1987047 2.8537879 3.8290422 3.8018541 3.6373901 5.0185492 5.1174231 3.9590442 4.3281068 3.6710305 4.0587799 3.4405088 3.7395556 4.0806684 3.8924881 4.3467345 3.4161534 3.9402672 3.8458783 3.7182647 4.0152256 3.8471791 3.6555538 3.8946211 3.7671261 3.5695450 3.0215794 3.7420153 3.8595198 4.0295067 3.7451008 3.7604291 3.6939411 3.9722778 3.2740155 4.7547510 3.7879632 4.1762326 4.1975514 3.8022366 3.6740638 3.3522193 3.7834054 3.8882981 3.6620544 4.1959775 3.9646787 3.9295212 3.5125723 3.7357181 3.9672825 3.6744988 3.6839181 3.6607123 4.4993398 3.8702992 3.8476268 4.2181672 3.6892422 4.4985449 3.8946467 3.8946467 3.6609991 3.7862750 3.9949285 3.1527292 3.5290973 3.5290973 3.7747344 3.8281735 2.9544512 4.0723328 3.7662127 3.5996744 3.6523757 3.9662283 4.2380093 4.0186184 3.8219696 5.0451394 5.3271597 4.9083483 3.7943972 3.9730657 5.7755447 3.9455778 4.0963634 3.9087480 4.5390586 5.0428749 3.7164166 4.5775742 3.5437313 4.0994081 4.6177113 4.1260735 3.6713453 3.3362771 3.1400379 2.8573489 2.9239879 2.8483389 3.7241546 2.8427231 2.4685957 
Salurc_EP00051_Salpingoeca_urceolata_P009879                      1.7674301 2.0440812 2.2179158 2.0116582 1.8831149 0.0000000 2.4344519 2.0048773 4.7192852 2.8727272 1.4610187 3.3284305 2.3355040 1.4574975 2.3589181 0.9233708 3.2823952 3.4778563 8.0906349 9.0000000 2.5844867 2.9698965 2.9198779 3.3807566 3.4468362 2.6485869 2.5947046 2.8570902 1.3657614 2.4008980 3.5567107 3.1937273 2.1360649 3.2558663 2.8866180 2.9290013 3.2111351 2.9647418 2.5358382 2.2448288 2.8072259 3.7992357 2.9925201 3.5882978 0.9178848 2.7530449 3.2626368 1.9117896 1.3657614 2.8266082 3.0633809 2.9828771 3.1050180 3.2347150 2.6644421 1.0849164 3.4643936 2.2453538 3.1444598 2.9870199 3.0053523 2.3432281 1.6441902 3.0217986 2.1540363 2.7530891 0.0000010 2.7999513 1.8646103 0.9032262 0.0000010 2.3563317 2.9059652 2.3767485 2.3767485 3.4049855 1.3033110 2.7568786 2.1968178 0.0000010 0.0000010 3.0717019 3.3807224 3.2965007 3.0409675 3.6501212 2.9081800 3.2179309 3.3211968 1.3657614 1.3657614 1.8259402 5.5235546 0.9541096 8.2625427 3.5861985 3.8662820 9.0000000 7.6869653 3.1055536 3.1783875 4.7326987 3.7154931 2.7574589 2.6552232 3.4948557 3.1122281 3.4257133 7.5640908 3.4016572 3.0303993 3.4810663 2.4731449 2.4910994 3.6237982 3.7600444 4.0654554 3.3504013 
Mylflu_EP00047_Mylnosiga_fluctuans_P023513                        1.6693263 1.9797013 1.6814542 1.8672204 1.9871632 2.4344519 0.0000000 3.5528381 4.0621044 3.8347369 3.9971718 3.8019824 3.8842101 2.8705206 3.5197179 3.4118838 3.5749823 3.3524380 4.8827295 5.5470874 3.6376442 4.6904477 4.4810607 3.6890006 4.8424572 3.9688391 4.2804861 4.0539030 5.2454924 3.7248271 3.8679427 3.9818953 3.7862425 3.8236889 3.9083022 3.7437240 3.8167357 4.0371179 3.7238443 2.7767377 3.7605912 3.9044085 3.9140090 4.1590274 4.1040125 3.5193256 3.7304667 3.4808248 4.3815143 4.0811739 4.1807158 4.1587959 3.8778176 4.2277104 3.9236305 3.8962489 4.2579145 3.6082115 4.3037595 4.2485105 4.2582711 3.7695263 3.7930809 4.2569073 3.2253094 3.1232059 3.0850575 3.5648954 3.4648516 3.4521858 3.1999059 3.4474704 3.9756691 3.6902120 3.6902120 3.7032663 3.5461423 3.6714057 3.7070087 3.2098474 3.2098474 3.8319536 3.6216777 3.0350711 3.9735722 3.5839634 3.6508312 3.7477807 3.9309915 4.1324922 4.0597763 4.2245069 5.3114923 4.6034982 3.6007061 3.0989162 3.5990541 5.8736475 4.8094428 3.5534640 4.1779028 4.2147527 4.1064042 4.1006850 4.3109827 3.9744730 3.6291771 5.6401334 4.3238800 4.3346994 3.5621603 3.2479508 3.2071381 3.1326759 2.7962726 3.6234827 2.5128556 2.2713732 
Salinf_EP00049_Salpingoeca_infusionum_P015421                     4.0039077 4.1217677 3.5628909 4.4373888 3.4171751 2.0048773 3.5528381 0.0000000 1.5709676 2.5756459 2.4198515 2.5889941 2.4719164 2.4892921 2.0823548 3.1139157 2.7537383 2.6289590 3.2156662 4.2016517 2.6677819 3.1373192 2.6973301 2.6282790 2.8515167 2.1964542 2.8302193 2.5532605 3.3428163 2.2940789 2.6122136 2.4776995 2.6136517 2.7131854 2.4929514 2.4554269 2.4906904 2.5562205 2.4563743 3.1533578 2.5194457 2.3781463 2.5069448 2.7371942 2.2645449 2.5400035 2.6951413 2.3356399 2.5398992 2.6054359 2.7884095 2.7946483 2.7660497 2.7375396 2.5112106 2.2384625 2.6279169 2.6206300 2.4484856 2.3958177 2.3983841 2.3892427 2.4293458 2.4294612 2.8689261 2.6288695 3.0304886 2.3623719 2.7880282 2.8168919 3.1873856 2.6604934 2.2985361 2.7680560 2.7680560 2.7838698 2.9122325 2.6959107 2.7502103 2.7323268 2.7323268 2.5764128 2.3442163 1.8882071 2.4761946 2.2260069 2.3698846 2.3278712 2.7230451 2.7753163 2.6991106 2.7613533 3.3999680 3.3125178 2.7214779 2.2319076 2.6369496 3.8970271 4.5651297 2.7609406 3.1587170 2.8866764 3.1066792 1.9267753 2.0381390 1.7713638 2.2172040 3.0188726 2.3421879 2.4888273 4.5368484 3.9502565 4.6192413 4.4300948 4.1316261 4.8554869 4.5850827 3.9010984 
Microa_EP00043_Microstomoeca_roanoka_P019445                      4.2900516 4.1969435 4.1098573 9.0000000 4.1912352 4.7192852 4.0621044 1.5709676 0.0000000 2.4653010 2.4735098 2.4577850 2.3273241 0.0000010 0.0000010 9.0000000 2.4349665 3.4460152 2.6233984 3.3257209 2.4999835 5.4531057 7.0928409 2.2240279 0.0000010 0.0000010 2.8648957 2.1244093 3.4328832 1.8484961 2.4080238 2.4175325 2.4114589 2.6490218 2.2814694 1.9567468 2.2958165 2.4125617 2.3683598 0.0000010 1.9451960 2.2921689 2.2025815 2.5050505 2.2560562 2.0217720 2.2735540 1.9999162 2.6101515 2.2084417 2.5499407 2.5447366 2.3087762 2.2858861 2.1396790 2.1452317 2.4057830 2.4009416 2.6926331 2.6252117 2.6252117 2.6624894 2.7048301 2.5367949 2.7890817 2.6062427 0.0000010 2.6338279 2.5184044 2.5184044 6.7449455 2.3850801 2.5389491 2.6790891 2.6790891 2.8303877 2.7245192 2.4665134 2.6868982 1.9324521 1.9324521 3.4132965 2.2486637 0.0000010 2.1641311 2.5761119 8.9999985 2.4286693 2.7441461 2.7124195 2.7124195 2.5409124 2.9213821 3.6250082 4.4814368 2.0795018 3.0815717 4.3801005 0.0000010 7.1473723 3.1240524 2.7060915 2.6492939 1.7236167 2.8497471 0.1338973 2.9405353 2.3473122 3.0117374 2.3239355 4.6993110 4.4678958 4.5236216 6.0371412 4.1506881 5.3823562 8.9975031 4.5213936 
Lcom_lcpid47649                                                   3.4323562 4.0674580 3.6308652 3.4719332 3.8691253 2.8727272 3.8347369 2.5756459 2.4653010 0.0000000 0.4086852 0.6760065 1.6239089 0.9479488 1.2332912 1.5253365 1.3467701 1.4490633 1.7567741 1.8612875 1.3298119 1.0180635 0.8443120 1.0206841 1.5298590 1.2046506 1.7624076 1.4000736 1.2973131 1.1774918 1.5428102 1.4834018 1.4194450 1.6403824 1.3892345 1.3365965 1.3567403 1.4226965 1.3261940 1.6487264 1.4185759 1.5564859 1.3491385 1.6311631 1.6537854 1.4388540 1.4828532 1.1845293 1.3465774 1.4646594 1.3699384 1.3861997 1.5043583 1.6328799 1.4591590 1.4045905 1.6335248 1.8883083 1.7499874 1.7117594 1.7129844 1.5616466 1.5937275 1.6730260 2.0132057 1.6764817 1.6900984 1.7646700 1.6464181 1.7013624 2.5294822 1.6604126 1.4504382 1.8689484 1.8689484 1.6351868 1.8480394 1.8071458 1.5355024 2.0112156 2.0112156 2.6664958 2.4500683 1.6101637 2.4829635 2.3251788 2.3272857 2.2773002 1.7696029 1.8500306 1.8521531 1.6346877 2.5473673 1.6155232 2.3539887 2.2614078 2.1726972 3.1345286 1.9792960 3.2638399 2.9996242 3.0195604 3.0880321 3.0272224 3.4338375 2.7317928 2.5210896 3.4225598 2.0622370 2.9300587 4.3188894 4.6759912 4.6654166 4.4327655 4.2092876 4.7500365 3.6561213 3.3565246 
Leuniv_Lniv_scaffold21614_01                                      3.7217637 4.1962653 4.3062247 9.0000000 3.6982060 1.4610187 3.9971718 2.4198515 2.4735098 0.4086852 0.0000000 0.4317890 1.3652619 0.0000010 0.5915966 4.4007321 1.0889495 2.4319093 1.2249954 2.1264193 1.0169757 3.7919894 5.0917065 1.0450154 0.0000010 0.0000010 2.2865497 1.0639376 1.3498184 0.9780274 1.3590827 1.2913385 1.3945424 1.5795173 1.2769132 1.0286222 1.2402749 1.4794260 1.1342105 0.0000010 1.3249005 1.2413876 1.2200853 1.6017804 1.2456057 1.2561482 1.1564461 1.2414439 1.2635878 1.2795682 1.4027743 1.3950490 1.2875925 1.0552541 1.0636104 1.2724138 1.4828747 1.5973266 1.5144125 1.5832825 1.5832825 1.4832482 1.5776743 1.4989641 4.4699623 1.6424053 0.0000010 1.6581258 1.4386540 1.4386540 6.5923116 1.5725434 1.4636193 1.4431716 1.4431716 1.3925359 1.6998717 1.3188696 1.3288579 1.3012121 1.3012121 3.8506344 2.1655415 0.0000010 2.4159275 2.3532356 5.5820583 2.3071808 1.9235661 1.8002879 1.8002879 1.3719925 1.6577193 1.6525222 1.6554429 2.1491914 2.4610090 3.4776647 0.0000010 8.8672215 2.5693024 3.2795653 3.1024687 3.0022334 3.4656315 1.3641064 2.3002372 3.1802915 1.9624641 2.5562463 4.1851016 4.8154628 5.7512747 5.9913703 4.4344888 4.8851483 7.5902122 3.4646420 
Gracom_Gcom_C559096_01                                            3.4413535 3.8968827 3.3314397 3.1864278 3.8007444 3.3284305 3.8019824 2.5889941 2.4577850 0.6760065 0.4317890 0.0000000 1.6620515 0.7895807 1.2140605 1.5091630 1.3468079 1.4376794 1.8205545 2.0826558 1.3178551 1.0129700 0.7816278 1.0030781 1.4499309 1.3413633 1.7539488 1.4382460 1.4053728 1.1833850 1.3891118 1.4923201 1.4096205 1.6322761 1.4349130 1.3737022 1.3929854 1.4549155 1.3348852 1.6553706 1.4065133 1.5858493 1.3847856 1.6845933 1.4873151 1.4752114 1.4845361 1.2680670 1.3703133 1.5349635 1.3619689 1.3802536 1.4446139 1.6979797 1.4418845 1.5435638 1.7353253 1.8990221 1.8548525 1.7865322 1.7868511 1.6337798 1.7439187 1.7701361 2.2618383 1.8324432 1.9757498 1.9777641 1.8225303 1.9131349 2.5534360 1.8502251 1.6513070 2.0179542 2.0179542 1.7216266 1.9520438 1.8470750 1.5279580 2.0034795 2.0034795 2.7762297 2.4490328 1.3810238 2.4606708 2.4309907 2.2553401 2.3005197 1.8369343 2.2011237 2.2499274 1.6212235 2.7576815 1.9241821 2.7281947 2.3755699 2.3344227 3.2378081 1.6570607 3.1154766 2.9393267 3.0877933 3.2965293 3.0974377 3.8318877 2.8366653 2.2506383 3.6000338 2.2185902 3.0614422 4.5501704 4.8069452 4.7265012 4.3679425 4.2913166 4.5284295 4.0259410 3.6233173 
Tetwil_g5857.t2                                                   3.2179815 3.3602471 3.2115226 3.3799538 3.3617214 2.3355040 3.8842101 2.4719164 2.3273241 1.6239089 1.3652619 1.6620515 0.0000000 0.7067642 0.8484723 2.1640976 1.4618429 1.2961074 2.0167320 2.0391094 1.3679434 2.1028073 1.6086938 1.4987628 1.5218084 1.3958580 1.6784204 1.3136451 1.2074189 1.1238053 1.5902663 1.5992914 1.5589484 1.8052988 1.4596339 1.3819968 1.4007125 1.4257741 1.5330126 2.0772603 1.6210151 1.5911398 1.4784804 1.9118511 1.4301291 1.4232914 1.5914458 1.3888988 1.3123697 1.4352287 1.6221250 1.6536420 1.6009292 1.8754312 1.6943872 1.0708861 1.5837306 1.7463004 1.8066996 1.7749516 1.7733523 1.5721910 1.6841471 1.7616628 1.7120065 1.8424777 2.9632490 1.4764142 1.8369675 1.8554810 3.1766660 1.7608670 1.2632763 1.9907151 1.9907151 1.7649409 2.1163611 2.0031272 1.7916659 2.0509907 2.0509907 2.6429095 2.1499300 1.3895311 2.6535791 2.4365611 2.4923775 2.1936409 1.5317037 1.3557217 1.3052361 1.0319536 1.8448499 1.4376912 2.6284436 2.6304841 2.5109205 3.4958316 1.7597705 2.8206180 2.7471257 2.9209853 3.0520996 3.2380787 4.3590255 3.0740062 3.0252060 3.2810015 2.3850665 2.8336744 3.8569658 4.1457850 4.5304532 4.1091482 3.6544928 4.8418224 3.8094732 3.5484850 
Stycar_maker-SC_scaffold103357-snap-gene-0.3-mRNA-1               2.0405681 2.1953031 0.0000010 1.9584711 2.1987047 1.4574975 2.8705206 2.4892921 0.0000010 0.9479488 0.0000010 0.7895807 0.7067642 0.0000000 0.7013888 1.3182049 0.8517793 0.5351687 2.2889797 0.0000010 0.8912204 0.8472943 0.8930826 0.8723638 0.8009059 1.0920695 1.0920695 1.0006002 0.0000010 1.1393934 1.2672156 1.3685128 1.3396117 1.1331027 1.0728270 1.0444580 1.0613197 1.1305348 1.1003016 0.8417642 1.1025774 1.5407579 1.0431413 1.2131421 0.0000010 1.0313391 1.0148267 1.0528025 0.0000010 0.9995551 1.0192865 1.0317562 1.2005942 1.3319459 1.0759778 0.0000010 1.0869020 1.0557579 1.3479402 1.2715871 1.2715871 1.2431051 1.3278803 1.3554864 0.8774807 1.2342012 1.2101181 0.0000010 1.1745451 1.3602110 0.0000010 1.3525908 0.0000010 1.7048463 1.7048463 1.4694619 1.5674136 1.4766674 1.1888730 0.0000010 0.0000010 1.9051065 1.6755773 0.9957515 1.8823420 2.3289438 1.5543887 1.8714670 1.3866931 0.0000010 0.0000010 0.0000010 7.8645320 0.0000010 8.9999989 2.1792613 2.5276664 0.0000010 0.1370745 2.7090532 2.7336279 1.9519583 2.4292730 3.0506577 2.8158534 2.6540904 0.0000010 1.1571846 4.2419263 3.0559701 3.5215814 3.7731692 3.1446875 3.0317951 3.3742400 2.5785781 3.5206495 3.5206495 
Spolac_c91357_g2_i1_m.6803c91357-g2                               3.1176879 2.9999574 1.1139547 2.3444467 2.8537879 2.3589181 3.5197179 2.0823548 0.0000010 1.2332912 0.5915966 1.2140605 0.8484723 0.7013888 0.0000000 0.0000010 1.0462618 0.8730207 3.2615747 1.1236484 0.9123881 1.4063531 1.1609263 1.2073549 0.8872533 1.3945312 1.3804712 1.3532437 0.5915966 0.7955746 1.4564696 1.6179935 1.7606009 1.4045278 1.3728037 1.3791677 1.3851223 1.4226998 1.5046390 1.2298937 1.4290549 1.5637216 1.2327222 1.5705084 0.5915966 1.4196124 1.2794731 1.1284424 0.5915966 1.2089911 1.1518848 1.1336871 1.2961273 1.5723286 1.3131914 0.5915966 1.3012596 1.3391110 1.1778188 1.0929703 1.0907310 1.0446889 1.1647048 1.1380114 0.4642461 1.5087730 2.0109994 0.5915966 1.9821245 2.7813804 0.0000010 1.3354568 2.5990003 1.9025095 1.9025095 1.3980167 1.6857618 1.5266165 1.0464589 9.0000000 9.0000000 1.9167408 1.9955441 1.4612909 1.8654162 1.9164176 1.5434895 1.7768903 1.2792018 0.5915966 0.5915966 0.5915966 4.3126198 0.5915966 7.0991662 1.8919041 2.3992672 0.0000010 1.5709055 2.2806622 2.4019391 2.0544544 2.4154007 2.7940121 2.9292491 2.4926810 0.5915966 2.2147199 2.4214652 3.0171373 3.3669792 3.9234749 3.5007672 2.4182488 3.1135839 3.6655227 5.5606874 4.5807771 
Opea_EP00118_Oscarella_pearsei_P008350                            3.0380175 4.0668010 2.9527466 4.0728556 3.8290422 0.9233708 3.4118838 3.1139157 9.0000000 1.5253365 4.4007321 1.5091630 2.1640976 1.3182049 0.0000010 0.0000000 0.0943671 5.8263847 0.3729401 0.0000010 0.7993212 1.5424274 1.1285064 1.1953904 0.0000010 0.8036579 1.4938080 1.5475633 4.0214887 1.3559226 1.5470498 1.6674933 1.6215208 1.9136557 1.5913104 1.6666825 1.3979464 1.5588196 1.5989533 2.8500232 1.4847804 1.7364869 1.3920263 1.6320469 1.8384342 1.4435553 1.4918524 1.4312047 3.3127841 1.2824345 1.4870512 1.4898884 1.4502112 1.9188819 1.4522065 2.1781599 1.6889342 2.0486101 1.5783914 1.5784449 1.5913179 1.5816974 1.6725153 1.6393780 3.8381206 2.0234192 1.9980835 2.0178683 2.0303006 2.0499630 2.0954142 2.0790588 4.8246822 2.2028258 2.2028258 1.9654728 1.9558189 2.1242285 2.0379923 2.4865326 2.4865326 2.2395676 2.4963086 0.0000010 2.2949512 2.3015965 2.6085476 2.2631517 1.6950571 2.5675569 2.1214976 6.0890146 3.7600488 3.2712811 3.1119091 2.3447997 1.9775275 4.0765017 1.3182049 0.9233708 3.2957262 3.4575967 3.5357589 3.0774547 3.5113128 3.0274330 6.4908931 6.3907361 9.0000000 3.7526875 4.9697593 5.1856451 4.5498091 4.4698074 4.4334274 4.5435647 3.3041366 3.3878094 
Opea_EP00118_Oscarella_pearsei_P008347                            3.3416830 4.0532320 3.4763324 3.5348008 3.8018541 3.2823952 3.5749823 2.7537383 2.4349665 1.3467701 1.0889495 1.3468079 1.4618429 0.8517793 1.0462618 0.0943671 0.0000000 0.1499544 0.2509223 0.4134365 0.6933633 1.8109749 1.3836702 1.3218388 1.1019609 1.0840084 1.6415291 1.3725092 1.5039915 1.1739023 1.5247808 1.3875286 1.4026147 1.4911080 1.3198597 1.3215562 1.2971186 1.3367677 1.4015634 2.1285574 1.2875964 1.4009023 1.2618230 1.6920917 1.5439417 1.3537098 1.3707860 1.2772273 1.2058934 1.1969299 1.3511737 1.3666284 1.3289099 1.6330578 1.3447417 1.5293761 1.4943954 1.7495534 1.5819036 1.5725152 1.5793274 1.4515984 1.5783718 1.5822627 2.0706702 1.7014900 1.9263746 1.6335247 1.7152811 1.7872999 2.3827669 1.6615997 1.3837591 1.9034569 1.9034569 1.6749375 1.8199313 1.7094018 1.6146168 2.0956906 2.0956906 2.4627190 2.1419485 1.2679680 2.3339586 2.4614057 2.3430068 2.2259507 1.5855808 1.9629168 1.8201614 1.7942329 2.4741464 2.0699446 3.6423318 2.2938859 2.2660501 3.3213613 1.9494298 2.8403006 2.9017929 3.2976704 3.2891853 2.9870589 3.9440537 2.9225160 1.8670374 3.5954752 2.1897809 3.0423771 4.0706938 4.3280461 4.3297340 4.4785350 4.0706576 4.4282087 3.5238548 3.3868859 
Opea_EP00118_Oscarella_pearsei_P008348                            3.4927595 4.9085640 4.4658400 3.3055351 3.6373901 3.4778563 3.3524380 2.6289590 3.4460152 1.4490633 2.4319093 1.4376794 1.2961074 0.5351687 0.8730207 5.8263847 0.1499544 0.0000000 3.8525385 4.4216028 0.7649568 1.4684128 1.1991672 1.4085289 1.0280639 1.1715118 1.4212287 1.5432925 4.0908756 0.8746371 1.8646711 1.2352791 1.3734231 1.0904720 1.1906525 1.1201321 1.0459015 1.1519289 1.3669408 1.2195578 1.2314254 1.3393053 1.0800658 1.4977341 3.5714319 1.0710236 1.3961113 0.9822141 3.6503654 1.1229576 1.3812364 1.3917881 1.1541498 1.4179865 1.4334799 3.8118271 1.4779597 1.1145560 1.6061012 1.5483167 1.5682663 1.0629768 1.3683189 1.5934617 1.1693509 1.3909503 0.0000010 3.1083215 2.9777543 3.1697535 5.1349505 1.2670956 1.8695669 2.0600539 2.0600539 1.6794287 2.8547667 1.5645522 1.2573338 3.8776186 3.8776186 1.9070981 1.5494161 1.2585312 2.2289189 3.0434531 1.6433018 1.9559194 1.3699611 3.0733040 3.0733040 4.6777630 3.8369909 3.6296869 8.5533025 2.1447132 2.5302431 3.9642799 5.4581739 2.1971522 2.4616796 2.8342378 3.2630308 2.2126934 2.5844730 2.7779150 4.3440517 3.5371474 3.9420639 3.1149377 4.5620444 4.4664852 3.1223928 3.3019473 4.4671682 4.5191033 6.0140633 7.7188406 
Ocar_g7434                                                        4.3678225 4.7850489 4.1393925 7.2199945 5.0185492 8.0906349 4.8827295 3.2156662 2.6233984 1.7567741 1.2249954 1.8205545 2.0167320 2.2889797 3.2615747 0.3729401 0.2509223 3.8525385 0.0000000 0.4134365 1.0829210 2.4251615 2.2473348 1.8199948 3.5472483 1.9145026 2.1249910 1.6872033 1.5039915 1.5926418 1.9167381 1.7502604 1.5967189 1.8834796 1.7014328 1.8111661 1.7376543 1.7477575 1.6256717 5.0452336 1.6476620 1.8601136 1.6911789 2.3066068 1.5090878 1.9644146 1.8922439 1.7635401 1.4296563 1.6383250 1.8598852 1.8777808 1.9072924 2.2179207 1.8451786 1.4971767 1.8711390 2.1994904 1.9683745 1.9910993 1.9932678 1.9069905 1.8324326 2.0857651 3.3953951 2.1431260 1.7918989 1.7424953 1.7766719 1.8206035 2.4325073 2.0495483 1.6385079 2.1589811 2.1589811 2.2149594 1.7720677 2.2331341 2.0243295 1.6149080 1.6149080 3.1308189 2.8093101 6.9713382 2.8830350 2.6979311 3.3836430 2.9918996 2.1801512 2.0087604 1.9834315 1.9608449 2.4363079 2.0699446 3.9232233 3.0348454 2.8614624 3.2912755 2.9910571 6.2672910 3.5170139 4.1189555 3.9137602 4.0828602 4.8308111 3.6371920 1.8670374 4.3454931 2.2953184 3.5943731 4.6191448 5.2849273 5.8844426 7.6271870 5.2124411 5.3685392 4.3786233 3.7686683 
Opea_EP00118_Oscarella_pearsei_P008349                            4.6306028 7.1316513 6.4109969 0.0000010 5.1174231 9.0000000 5.5470874 4.2016517 3.3257209 1.8612875 2.1264193 2.0826558 2.0391094 0.0000010 1.1236484 0.0000010 0.4134365 4.4216028 0.4134365 0.0000000 1.2348398 2.7825842 6.2118659 2.0300607 0.0000010 0.0000010 3.0369269 1.7235373 2.3032898 1.8348377 2.2081392 1.9869266 2.2725200 2.1305913 1.8708840 1.7283955 1.8181980 2.0384157 2.8906882 0.0000010 1.9443754 2.1018052 2.0208852 1.6265523 1.7102235 2.2050160 1.8325680 1.8955510 3.4656820 1.8364948 1.8474918 1.8896324 1.6884993 1.8713679 1.8179812 2.2691304 2.0772870 2.2293530 2.3044772 2.1413247 2.1413247 2.3297061 2.2205783 2.0422309 3.5047084 2.5638771 0.0000010 2.5638771 2.8836073 2.8836073 2.8301119 2.3495824 3.2173611 2.6517138 2.6517138 2.6231798 2.0403906 2.6830963 2.3215490 1.6349951 1.6349951 3.5065302 2.9729681 0.0000010 2.7735948 4.5317611 4.2788795 3.5962340 2.1902224 2.4911582 2.4911582 3.3377385 4.1978178 4.4955397 9.0000000 3.3547547 3.3197312 3.1702784 0.0000010 9.0000000 4.0116082 4.0391817 3.1247596 2.9171422 1.3039209 1.1667777 3.1475687 3.1330474 3.2400424 3.1670235 4.9871671 3.3785326 4.4503612 8.9999988 6.2216653 6.9404868 8.9999983 3.7567825 
Plajan_Pjan_scaffold23582_01                                      3.0026412 3.8982623 3.1181519 3.3048076 3.9590442 2.5844867 3.6376442 2.6677819 2.4999835 1.3298119 1.0169757 1.3178551 1.3679434 0.8912204 0.9123881 0.7993212 0.6933633 0.7649568 1.0829210 1.2348398 0.0000000 1.9691960 1.5445835 1.2813869 1.0388851 1.0174599 1.5013529 1.2078474 1.1891417 1.1235680 1.3390578 1.2155835 1.2194019 1.4253478 1.2008814 1.1851425 1.1192484 1.1784961 1.1801663 1.3262442 1.2204008 1.2888194 1.2118526 1.5363196 1.4809249 1.2167310 1.2872920 1.1211587 1.1128345 1.2059848 1.1269838 1.1284852 1.1470333 1.6279141 1.3847714 1.5622813 1.4611812 1.6345373 1.5425760 1.5177116 1.5252316 1.3728760 1.5257600 1.5365012 1.8133681 1.7781953 2.1853081 1.7343812 1.6428593 1.7096994 2.8864615 1.5879433 1.2338230 1.8854175 1.8854175 1.5913735 1.8003063 1.6676251 1.5191310 2.1469116 2.1469116 2.4792387 2.1718293 1.3867457 2.1770639 2.2586107 2.2016012 2.2136012 1.5188653 1.9215144 1.8235550 1.4123115 2.5607385 1.9977945 3.5304070 2.1623742 2.1647316 3.2754248 2.0512600 3.0623369 3.2126691 3.0779757 3.3025738 2.9555012 3.7720137 2.7804374 2.3255934 3.8082916 2.1943069 2.9433910 4.2982459 4.3645028 4.2932672 4.6947938 3.8159584 4.5248080 3.9883178 3.3484100 
Scil_scict008612.3                                                4.1909972 4.6749570 4.6155074 3.3369095 4.3281068 2.9698965 4.6904477 3.1373192 5.4531057 1.0180635 3.7919894 1.0129700 2.1028073 0.8472943 1.4063531 1.5424274 1.8109749 1.4684128 2.4251615 2.7825842 1.9691960 0.0000000 0.5550710 1.4143577 1.5782372 1.3060424 2.0551905 1.9203519 5.1305289 1.5828323 1.9399001 1.9391099 1.8932258 1.9539644 1.8295854 1.8013107 1.8815233 1.7962613 1.8666581 1.5953091 1.8692373 2.0137555 1.8089523 1.7808058 2.2552668 1.9171154 1.9826355 1.6937972 5.1381233 2.0100404 1.8705403 1.9114553 2.0154847 2.3861114 2.1018515 2.5159176 2.2456807 2.5395585 2.3352943 2.3181897 2.3260893 2.1489174 2.5834677 2.2134997 2.4474229 2.3493489 1.8322556 3.5499022 2.4072113 2.5464354 2.6314438 2.4417709 4.5924392 2.7958213 2.7958213 2.1922892 2.0187543 2.4101183 2.0487245 2.1303578 2.1303578 3.1729519 2.8624504 1.5240643 3.1053216 3.4295218 2.2436045 2.9365685 2.2753954 3.0916608 3.2687850 3.6357927 4.1494892 5.0791320 3.4760270 3.1945787 2.7515684 3.8767240 1.7598884 3.1821212 3.6380125 3.6314880 3.8367280 3.1105286 3.8776176 3.0824028 7.6546321 4.4977129 5.5562399 3.6644307 5.5332219 5.1973445 5.2207578 4.6415042 5.2095014 5.4536603 4.2425594 4.7725224 
Leuniv_Lniv_scaffold21613_01                                      3.6579917 3.9676079 4.1590519 3.0964762 3.6710305 2.9198779 4.4810607 2.6973301 7.0928409 0.8443120 5.0917065 0.7816278 1.6086938 0.8930826 1.1609263 1.1285064 1.3836702 1.1991672 2.2473348 6.2118659 1.5445835 0.5550710 0.0000000 1.0157973 1.5100099 1.3322250 1.5121064 1.5229016 5.5348820 1.1227188 1.4853358 1.4533950 1.4089621 1.5219733 1.4631055 1.4550606 1.4915418 1.3736467 1.1501084 1.1400383 1.4788514 1.7938063 1.4497095 1.4278254 1.7310811 1.5660014 1.5516000 1.3565339 3.3446941 1.4514631 1.5295825 1.5459706 1.6405940 1.7333578 1.6048381 2.1844136 1.7639894 1.8961791 1.8098713 1.7598196 1.7645368 1.4454853 1.7596864 1.7637061 2.1543081 1.7725411 1.3552202 5.9543062 1.7667913 1.8911883 1.7859864 1.7234881 3.9665429 2.4210387 2.4210387 1.7994575 1.8061145 2.0172980 1.6123303 3.0252409 3.0252409 2.3726305 2.2830276 1.2936319 2.4224935 2.4377178 1.8110519 2.1787796 1.9278804 5.1955247 5.7132787 5.7089918 5.6365369 5.9648148 4.1667684 2.7546721 2.3297524 8.9999982 1.6531241 2.7904714 2.9825969 3.0399769 3.2996148 2.8735704 3.0293315 3.1909973 5.3485889 4.7093617 5.6930780 3.4722572 4.7903590 4.9500046 5.4617782 3.9804314 4.7017695 5.0516756 3.5144993 4.2599456 
Clacor_Ccor_scaffold13138_01                                      3.2044524 3.6719062 3.3297689 3.4921882 4.0587799 3.3807566 3.6890006 2.6282790 2.2240279 1.0206841 1.0450154 1.0030781 1.4987628 0.8723638 1.2073549 1.1953904 1.3218388 1.4085289 1.8199948 2.0300607 1.2813869 1.4143577 1.0157973 0.0000000 1.8385510 1.1790557 1.6737090 1.3563543 1.4935457 1.2187362 1.4274217 1.5018960 1.4889899 1.5927811 1.3844475 1.3739177 1.3794521 1.4415906 1.3323298 1.8249225 1.4441192 1.5539356 1.2890198 1.5210433 1.6341788 1.3119652 1.4238087 1.1305336 1.1247598 1.3316033 1.2637462 1.2748284 1.4102650 1.8106529 1.6128235 1.4029829 1.4893370 1.8637886 1.5525315 1.4686672 1.4728351 1.3218881 1.4672251 1.6046935 2.1198968 1.6800487 2.0775250 1.5483457 1.6786468 1.7496163 2.2595580 1.5316243 1.2383706 1.8531199 1.8531199 1.7297913 2.0355663 1.8638869 1.5625603 1.8524049 1.8524049 2.6172636 2.3872137 1.5541981 2.3300583 2.3343597 2.2362574 2.4061739 1.7180507 2.0186255 1.9251079 1.7190143 2.6604640 1.8926874 2.9193011 2.2363984 2.1204729 3.0168744 1.7791485 3.1217633 3.0749149 3.2133094 3.3969515 2.9660495 3.5183605 2.7484881 2.9722372 3.9047278 2.7546672 2.9810750 4.8491195 4.3568565 4.5584023 4.3260185 4.3160054 4.7386322 3.3126443 3.3911429 
Plespi_Pspi_C577710_01                                            3.6148044 4.2829413 2.9089831 3.5527826 3.4405088 3.4468362 4.8424572 2.8515167 0.0000010 1.5298590 0.0000010 1.4499309 1.5218084 0.8009059 0.8872533 0.0000010 1.1019609 1.0280639 3.5472483 0.0000010 1.0388851 1.5782372 1.5100099 1.8385510 0.0000000 1.3770590 1.3770590 1.4343587 0.0000010 0.7008116 1.7203926 1.4498942 1.2378815 1.4772427 1.4294715 1.4074866 1.5412314 1.4676486 1.5985547 1.6528151 1.2988498 2.2085768 1.3095209 1.7072654 0.0000010 1.5766196 1.7173295 1.0134692 0.0000010 1.4930180 1.4844594 1.5478509 1.6169364 1.9768271 1.7795268 0.0000010 1.4076709 1.4793741 1.5899519 1.4017852 1.4118344 1.1536421 1.6082956 1.4943311 1.3863429 1.6555656 0.3691348 0.0000010 1.0936339 9.0000000 0.0000010 1.2241137 0.0000010 2.0734270 2.0734270 1.5630965 1.6518157 1.6779899 1.2012146 0.0000010 0.0000010 2.0160019 1.8411516 1.2082404 2.2570403 2.0923223 1.7712958 2.0421635 1.3269430 0.0000010 0.0000010 0.0000010 3.6065562 0.0000010 7.7726616 2.1934796 2.5581878 0.0000010 2.0881962 2.5022372 2.6680474 3.0785894 3.3607602 2.6629888 3.1867890 3.2439979 0.0000010 3.1656679 5.2605639 3.1016310 2.7882439 3.1913956 3.6190509 2.7436000 3.2920341 3.9201206 8.2543405 8.2543405 
Nemnom_g20067.t1                                                  3.5213657 4.3048998 3.8252473 4.5003437 3.7395556 2.6485869 3.9688391 2.1964542 0.0000010 1.2046506 0.0000010 1.3413633 1.3958580 1.0920695 1.3945312 0.8036579 1.0840084 1.1715118 1.9145026 0.0000010 1.0174599 1.3060424 1.3322250 1.1790557 1.3770590 0.0000000 0.0226263 0.1924335 0.0000010 0.2659333 0.9833525 0.8604788 0.6682780 0.8562931 0.7842260 0.7731431 0.7971636 0.8303782 0.6524017 0.8146467 0.6908776 1.2842015 0.7679892 0.7556598 0.7508445 1.0762166 1.0916002 0.8441832 0.0000010 1.0212436 1.2165665 1.2129887 1.1752804 1.5442818 1.2557713 0.7693746 1.2151984 1.2719270 1.3338908 1.1572319 1.1689341 0.9708090 1.0131568 1.4165625 2.0029073 1.4085768 1.3107207 0.0000010 1.2014911 1.3469723 1.4630604 1.2310658 0.0000010 1.6211806 1.6211806 1.4462393 1.3672969 1.5450552 1.2933532 0.0000010 0.0000010 1.7498886 2.0292901 1.4378835 1.7703660 2.0311872 1.9405820 2.0822160 1.5404433 2.8347834 0.0000010 0.0000010 6.0735103 0.0000010 8.7083308 2.1914468 1.9576461 0.0000010 2.3109340 3.1726574 2.8996972 2.7586570 2.9083502 3.0810057 2.9215831 3.3255087 0.0000010 3.3339557 8.3237376 3.1583929 4.8606097 6.1909328 5.1479723 3.5379452 4.3567150 4.4820660 3.3995188 3.3995188 
Nemnom_g14667.t1                                                  4.1915800 4.5052164 4.1535354 4.4183346 4.0806684 2.5947046 4.2804861 2.8302193 2.8648957 1.7624076 2.2865497 1.7539488 1.6784204 1.0920695 1.3804712 1.4938080 1.6415291 1.4212287 2.1249910 3.0369269 1.5013529 2.0551905 1.5121064 1.6737090 1.3770590 0.0226263 0.0000000 0.3206505 6.5569666 0.6262148 1.1246908 1.1141415 1.0865352 1.3784216 1.0416654 1.0015253 1.0691987 1.1567088 0.9529784 0.7999630 0.9349535 1.2547851 1.0456691 1.0031764 1.1628031 1.4736037 1.4624339 1.3665675 1.9441329 1.4817018 1.5830940 1.5813709 1.3921459 1.9384487 1.6070160 1.7611174 1.6835206 2.0033713 1.7807474 1.6697115 1.6717491 1.5635707 1.7838255 1.8799187 2.2118740 1.9870926 1.6560389 2.6113311 1.9584392 2.0520010 2.3321330 1.9865492 2.2099652 2.1964736 2.1964736 2.0302641 2.0502497 1.9804711 1.7079603 2.1266018 2.1266018 2.4053514 2.5599218 1.4378835 2.6208337 2.6762279 2.2054822 2.6957768 2.0034411 2.5166138 2.4499674 2.7871680 3.2460032 6.7125748 3.2784100 2.5329455 2.5034414 4.0059458 2.3109340 3.6379017 3.2724779 3.5111193 3.4092692 3.4723280 4.1553250 3.4550744 8.9999986 3.9284403 3.6850973 2.9356092 4.5444472 5.2778647 5.3464195 4.5806182 4.4713758 5.1572074 3.9845381 3.9389778 
Rhoesc_Res_005152-T1                                              3.6911916 4.0641062 3.2608621 4.5763009 3.8924881 2.8570902 4.0539030 2.5532605 2.1244093 1.4000736 1.0639376 1.4382460 1.3136451 1.0006002 1.3532437 1.5475633 1.3725092 1.5432925 1.6872033 1.7235373 1.2078474 1.9203519 1.5229016 1.3563543 1.4343587 0.1924335 0.3206505 0.0000000 0.1374770 0.3659433 0.8685074 0.8961292 0.8888276 1.0889550 0.8266839 0.7958095 0.7959272 0.8766727 0.8111692 0.8169233 0.7855084 0.9450596 0.8466873 0.8967845 0.7789820 1.2215669 1.1515339 1.0819895 0.7855759 1.1362920 1.2364902 1.2408882 1.1516769 1.5514656 1.3354309 1.2505636 1.4372490 1.5983434 1.4811490 1.4177567 1.4177526 1.2872149 1.4154952 1.5131367 2.2143271 1.6409302 1.8033944 1.5931366 1.5622988 1.6225155 2.5808023 1.6223420 1.1395483 1.7770725 1.7770725 1.5564246 1.8177965 1.6384351 1.5578951 1.8012159 1.8012159 2.3390574 2.1294102 1.4848660 2.2697976 2.2880172 2.2766417 2.2340193 1.7889587 1.8225337 1.7822280 1.4101450 2.3165316 1.3023201 3.0347456 2.2404556 2.1433567 2.6319297 2.1842549 3.4124158 2.8874978 2.9172578 2.9112689 3.2674329 4.3728654 3.2050516 2.1818683 3.2020365 2.2845761 2.6391207 3.9062509 4.4820170 4.9808051 4.1987487 4.3355702 4.4611736 3.8259333 3.5036840 
Nemnom_g14668.t1                                                  4.0407870 3.9125724 3.3646124 9.0000000 4.3467345 1.3657614 5.2454924 3.3428163 3.4328832 1.2973131 1.3498184 1.4053728 1.2074189 0.0000010 0.5915966 4.0214887 1.5039915 4.0908756 1.5039915 2.3032898 1.1891417 5.1305289 5.5348820 1.4935457 0.0000010 0.0000010 6.5569666 0.1374770 0.0000000 0.2578708 0.6328113 1.3820406 1.4191728 1.3055328 1.0996007 1.1952193 1.0745388 1.2095176 1.1407158 0.0000010 1.4686457 1.2755618 1.5145691 4.9498302 1.0180589 1.3884699 1.4313819 1.5294252 1.2244194 1.1830335 1.5093550 1.5646458 1.2718070 1.0920277 1.2442271 1.0519785 1.7447134 1.6756715 1.5058383 1.5653473 1.5653473 1.4963731 1.5481889 1.6558435 0.0000010 1.6874376 0.0000010 1.6874376 1.4677124 1.4677124 8.9999987 1.6609918 1.5231890 1.3824486 1.3824486 1.2733448 2.1599526 1.3466927 1.9401992 9.0000000 9.0000000 7.3242724 2.4489716 0.0000010 3.3279316 3.4240900 5.0290078 3.2932341 2.5143986 2.0123553 2.0123553 1.0655013 1.1356429 1.2719903 0.0000010 3.1845002 2.8654230 8.9999985 0.0000010 5.3119208 3.1058153 3.0545181 2.6192341 0.0000010 3.4656315 0.0000010 2.3060243 4.3586003 2.8887357 5.1743279 3.0542767 5.4315473 5.2377430 8.9999983 4.1604637 3.5428864 6.3957799 3.8276107 
Aaur_scaffold850.g4.t1                                            3.2356630 3.4391147 2.8451165 3.4976564 3.4161534 2.4008980 3.7248271 2.2940789 1.8484961 1.1774918 0.9780274 1.1833850 1.1238053 1.1393934 0.7955746 1.3559226 1.1739023 0.8746371 1.5926418 1.8348377 1.1235680 1.5828323 1.1227188 1.2187362 0.7008116 0.2659333 0.6262148 0.3659433 0.2578708 0.0000000 0.7440462 0.7645523 0.8423366 0.9873897 0.7350454 0.7452267 0.7108380 0.7929502 0.8371773 0.8633467 0.7162397 0.6195915 0.7701518 0.8472324 0.7670346 1.1371752 1.0721178 1.0482777 0.7796503 1.1118888 1.2450838 1.2596181 1.0148298 1.3943805 1.2043862 1.1749032 1.2812219 1.5763373 1.2855982 1.2421411 1.2401727 1.2806465 1.5216769 1.3789996 2.4600734 1.6018174 1.9541544 1.7194832 1.6133746 1.6013829 2.2221205 1.5977510 0.8902725 1.8307784 1.8307784 1.3959407 1.7700015 1.5406672 1.3758718 1.8882298 1.8882298 2.0660031 1.9034002 1.0171181 2.0459630 2.0746362 2.0005981 1.8935991 1.5147942 1.7967983 1.7993154 1.6131834 1.9362862 1.5072978 2.8643499 1.9270578 1.9441571 2.9493880 5.9380072 2.0775469 2.5226571 2.6648905 2.7398083 2.7178668 4.0953114 2.5106482 1.9103236 2.6177985 2.1845778 2.2122614 3.4850174 3.9543497 4.5857089 4.0865164 4.1132502 4.6891512 3.2225457 3.0621390 
Chem_TCONS_00011918                                               3.5347689 3.7921040 3.3509702 4.1854673 3.9402672 3.5567107 3.8679427 2.6122136 2.4080238 1.5428102 1.3590827 1.3891118 1.5902663 1.2672156 1.4564696 1.5470498 1.5247808 1.8646711 1.9167381 2.2081392 1.3390578 1.9399001 1.4853358 1.4274217 1.7203926 0.9833525 1.1246908 0.8685074 0.6328113 0.7440462 0.0000000 1.0535218 0.9569976 1.4269134 1.1769903 1.1669168 1.0637892 1.1416337 1.0880236 0.9329572 1.0691983 1.2773495 1.0893622 0.8003954 0.8642165 1.3407942 1.2469815 1.1709791 0.8706310 1.3522884 1.4216534 1.4290362 1.3545895 1.9010827 1.6034618 1.4198091 1.5882667 1.8367830 1.5333405 1.4565014 1.4555498 1.3247759 1.3877614 1.5901789 2.2661056 1.5991560 1.5747692 1.6365181 1.4775314 1.5344305 2.3404776 1.5780038 1.3142483 1.6820789 1.6820789 1.5819953 1.8198226 1.8385948 1.3641115 1.7479315 1.7479315 2.3444657 2.1619226 1.3051008 2.2593282 2.1710200 2.0382545 2.2752418 1.7097013 2.0980385 2.0251499 1.6224919 2.3566332 1.5599083 2.2998952 2.2142508 2.1273392 3.5949506 2.8570630 3.0821913 2.9312948 2.8884818 2.9061485 3.2136024 4.2522826 3.2270604 2.5775083 3.4673001 2.7522393 2.9953662 4.0142017 4.3644244 4.2445527 4.3626034 3.7777617 4.5469271 3.3307453 3.3343852 
Dgig_XM_028535968.1                                               3.5929051 3.8871598 3.3904043 4.6389509 3.8458783 3.1937273 3.9818953 2.4776995 2.4175325 1.4834018 1.2913385 1.4923201 1.5992914 1.3685128 1.6179935 1.6674933 1.3875286 1.2352791 1.7502604 1.9869266 1.2155835 1.9391099 1.4533950 1.5018960 1.4498942 0.8604788 1.1141415 0.8961292 1.3820406 0.7645523 1.0535218 0.0000000 0.2792995 0.9546302 0.7262416 0.7217209 0.7409732 0.7558946 0.6977629 0.6423320 0.7483185 0.8695625 0.7162353 1.0304194 0.9169049 1.2322841 1.2408147 1.0295427 1.1087348 1.2921032 1.3305004 1.3275723 1.2085488 1.5838400 1.3064189 1.3510741 1.3742680 1.5154297 1.4563133 1.3874568 1.3891431 1.2091222 1.4217850 1.4110655 2.0170344 1.7001980 1.7107273 1.8020981 1.6530264 1.6997502 2.1774098 1.6898554 1.3747590 1.8972156 1.8972156 1.6551021 1.9921878 1.8018320 1.6284178 1.5698629 1.5698629 2.3520615 2.0745690 1.3237646 2.2340286 2.2390662 2.0481439 2.3343957 1.7558129 2.0484207 1.9101350 1.6582093 2.3116183 1.8794602 3.1663532 2.2461551 2.3141393 3.5755746 3.1363116 3.1428184 2.9651450 2.9942633 3.0029896 2.9541662 4.5249405 3.1278914 2.3201148 3.2857037 2.1286022 2.9121053 4.1985664 4.4932985 4.9643471 4.6300103 4.0107003 4.5063609 3.9227236 3.8864210 
