95
Ocar_g10015                                       0.0000000 0.0140762 0.0140762 0.0000010 2.3506924 2.4424930 2.3670549 2.3387194 2.0350638 2.0404310 2.0981763 2.3033004 1.8506207 1.8047968 2.9649946 3.0355011 2.7680517 2.5727472 0.0000010 2.7746592 2.6794153 2.5453991 2.1075854 2.1075854 2.9042083 1.5724804 2.1140428 1.9226783 2.2608978 2.1526969 2.4289755 2.1557571 1.9679815 1.4364956 1.7847864 2.5365901 2.9119890 2.3650439 2.3275339 2.4303868 2.0156821 1.9170337 1.7603088 1.5263662 1.8859612 2.2546252 2.4415314 3.5846954 2.0047988 2.1764189 2.2695566 2.2695566 2.2237059 2.0673151 2.0673151 2.2937568 2.3739026 2.3455876 2.1732257 2.3226192 2.0059020 2.1834376 1.9758967 1.9758967 1.1100814 3.1340718 0.0000010 2.8053497 2.1860546 3.4634751 2.7595803 2.7547246 2.3801768 2.0264605 2.9827946 0.0000010 0.0000010 1.7787636 1.7787636 2.2562632 0.0000010 0.0000010 1.3213393 0.0000010 0.0000010 2.2195605 2.0512882 2.0512882 1.6754499 0.0000010 0.0000010 0.0000010 2.3276067 0.3414465 5.8499511 
Opea_EP00118_Oscarella_pearsei_P014686            0.0140762 0.0000000 0.1310625 0.6809582 1.0087820 1.5340908 1.1550007 1.3486770 1.0875516 1.2408774 1.1761225 1.2592395 1.2287478 1.2234642 1.5063967 1.4995197 1.4531427 1.4066970 0.8818750 1.3389488 1.3422822 1.4296298 1.4395315 1.4395315 1.5155265 1.0080570 1.1629854 1.2804968 1.5069571 1.4943196 1.5323160 1.5099729 1.6076195 1.3715779 1.5331583 1.4774371 1.3302357 1.0956649 1.2063445 1.3801512 1.2720962 1.1701896 1.2222540 1.1985568 1.2563203 1.3911364 1.1729567 1.6973649 1.3569598 1.3783496 1.3829437 1.3679795 1.4024285 1.3960778 1.3659373 1.7868643 1.6528652 1.8848816 1.8015069 1.6190730 1.7174795 1.4751368 1.0661873 1.0661873 1.2987617 1.5299840 2.5747253 1.7611125 1.3435280 1.7667614 1.6541954 1.3761728 1.4816348 1.5006074 1.4686218 2.6100166 2.6100166 1.5983999 1.5983999 1.6403342 2.3566391 2.3566391 1.5581512 4.6171757 1.6145836 1.5825672 1.5658827 1.6620919 1.7267994 2.5449774 1.5812164 2.2853301 1.4407062 1.2460393 5.0745311 
Opea_EP00118_Oscarella_pearsei_P014687            0.0140762 0.1310625 0.0000000 0.6644275 1.0248267 1.3063940 1.0173710 1.1799837 1.1827359 1.0838136 1.0551785 1.1621409 1.0456447 1.0816841 1.3147894 1.3162041 1.2343394 1.3749543 0.9901286 1.1594399 1.1435272 1.2175404 1.2173745 1.2200990 1.3382174 1.0080570 1.0651747 1.1400994 1.2539645 1.3198836 1.2987926 1.2604345 1.3736697 1.2072282 1.3691775 1.2722970 1.1674695 1.0526480 1.0095197 1.1368755 1.1303007 1.0588379 1.1138177 1.0732321 1.1260349 1.2648840 1.1990389 1.4557066 1.1372239 1.1658681 1.1521183 1.1448576 1.1710228 1.1801086 1.1430452 1.5747733 1.4751321 1.6217829 1.4852733 1.3535052 1.4588112 1.2370701 1.0782730 1.0782730 1.2987617 1.5642089 2.5747253 1.5247309 1.3678454 1.5688039 1.6454561 1.3624944 1.3324980 1.4966247 1.4945410 1.8828714 1.8828714 1.4267193 1.4267193 1.4708907 1.7529310 1.7529310 1.3199813 1.8759014 1.3338919 1.3926473 1.4277007 1.4858668 1.5431915 1.8420928 1.3284942 1.4313936 1.5140451 1.2662072 4.4637960 
Gasp_gasp1.m3.26878.m1                            0.0000010 0.6809582 0.6644275 0.0000000 0.0583221 0.1412427 0.1510719 0.1835273 0.2451434 0.2451434 0.3682673 0.3330172 0.3707963 0.3968592 0.5193089 0.3327739 0.4969173 0.4614430 0.3524810 0.5049084 0.5393654 0.4678363 0.5532972 0.5532972 0.5350836 0.5705222 0.5493975 0.5960118 0.6072190 0.6875026 0.6461625 0.6869388 0.7508076 0.7915901 0.7002601 0.4936318 0.6768001 0.6988534 0.5130458 0.5814297 0.5123218 0.6162624 0.6435891 0.5555477 0.6421932 0.5392403 0.5383027 0.5762305 0.7603885 0.7803488 0.7762401 0.7762401 0.7463905 0.7305072 0.7305072 0.6526951 0.5944416 0.6355084 0.7022923 0.6514755 0.7361436 0.6858533 0.6842983 0.6842983 0.0000010 0.6723743 1.0249464 0.7652637 0.0000010 0.7766224 0.2479883 0.7521861 0.7894727 0.8075769 0.7841038 0.0000010 0.0000010 0.7997445 0.7997445 0.7997445 0.0000010 0.0000010 0.7997445 0.0000010 0.7955081 0.7750010 0.8011059 0.8011059 0.7964004 0.0000010 0.8072486 0.0000010 0.5889523 0.4702985 4.6431300 
Fspp_ffun1.m4.771.m1                              2.3506924 1.0087820 1.0248267 0.0583221 0.0000000 0.3089769 0.2630681 0.2566110 0.5707338 0.3742441 0.5499773 0.5801737 0.6511983 0.6773264 1.0330253 0.9440559 0.9938907 1.0381265 1.0963410 0.8424666 0.8597850 0.8751557 1.0091221 1.0040440 1.0662177 0.9484464 0.9305582 0.9066217 0.9647265 1.0444777 1.0779257 1.1771060 1.1805183 1.0656678 1.1585980 0.9524450 0.8975798 0.9035998 0.8860814 0.8785744 0.7295145 0.9495412 0.9129297 0.9019074 1.1393275 1.0373115 0.9661199 1.2450470 0.8364529 0.8286707 0.8262582 0.8161099 0.8258933 0.8385992 0.8385992 1.1851423 1.2578549 1.2648590 1.2551023 0.9325514 1.2082895 1.1514332 1.0485359 1.0485359 1.6556236 1.4517836 1.2960714 1.3193181 1.0177591 1.3343551 1.5119204 1.1527999 1.1268116 1.1509392 1.3492448 0.0000010 0.0000010 0.9117885 0.9117885 1.0047207 2.1972310 2.1972310 0.8547463 0.0000010 0.9376966 1.1864692 1.1193517 1.1815704 0.9775228 0.0000010 0.8549824 0.0000010 0.9961372 0.6157300 5.0789421 
Spis_XP_022785750_1                               2.4424930 1.5340908 1.3063940 0.1412427 0.3089769 0.0000000 0.4600418 0.1389433 0.8136066 0.5736503 0.8920300 0.9467193 1.0110242 1.0443638 1.4455943 1.3415645 1.2897022 1.5242967 1.1557431 1.3085219 1.3002095 1.4052235 1.3157129 1.3120300 1.3930580 1.4537980 1.4188350 1.3169641 1.3322535 1.4713917 1.4980014 1.5703135 1.6280337 1.6156825 1.5975050 1.3791477 1.3250119 1.2126489 1.1404257 1.2179422 1.3179005 1.3319949 1.3375016 1.3108701 1.5834327 1.4156006 1.3133917 1.5197842 1.2607580 1.2940723 1.2468939 1.2334825 1.2706279 1.2926642 1.2498556 1.6992622 1.7373936 1.7550955 1.7319565 1.5891541 1.5982255 1.4974449 1.4548003 1.4548003 2.3170922 1.7523358 2.2142820 1.6012482 1.5435654 1.6901596 2.0186466 1.6121235 1.4963890 1.7567049 1.5721928 1.7101568 1.7101568 1.6787130 1.6787130 1.6891477 1.8151344 1.8151344 1.5312224 2.1024469 1.4696535 1.5892914 1.6268014 1.7121852 1.7063599 1.9494515 1.3773737 1.7934656 1.8738240 1.4873926 3.2855778 
Gfas_gfas1.m1.5281.m1                             2.3670549 1.1550007 1.0173710 0.1510719 0.2630681 0.4600418 0.0000000 0.4118763 0.4505359 0.3202392 0.6172294 0.6703431 0.7321219 0.7294278 1.0596599 1.0172615 0.9532208 1.1092573 0.8061538 0.9010490 0.9021197 1.0048820 0.9858576 0.9828684 1.0837511 0.9767535 1.0230470 1.0010192 1.0599825 1.1548471 1.1829481 1.2403935 1.2891225 1.2410051 1.1800340 1.0466957 0.9515515 0.9046787 0.8695273 0.9744567 0.9264602 0.9965405 1.0253194 1.0577962 1.1370517 1.1477463 0.9204673 1.2441493 0.9243825 0.9456648 0.9295737 0.9180583 0.9463711 0.9230460 0.9135173 1.3401783 1.3991081 1.3431954 1.3859769 1.2462532 1.3502192 1.1807409 1.0692188 1.0692188 1.5325421 1.2310463 1.4487621 1.2620644 0.8816078 1.3259794 1.4873525 1.1328115 1.1812203 1.3247695 1.2948419 1.4306870 1.4306870 1.2113829 1.2113829 1.2473584 1.4608324 1.4608324 1.1458040 1.6876256 1.1955403 1.2253476 1.1848315 1.2182520 1.2680668 1.5458422 1.2399145 1.4142168 1.3412444 1.2088030 3.3682540 
Pocdam_XM_027197391.1                             2.3387194 1.3486770 1.1799837 0.1835273 0.2566110 0.1389433 0.4118763 0.0000000 0.6872551 0.5203258 0.7968533 0.8301134 0.9080821 0.9420517 1.2649026 1.1718758 1.1474956 1.3274211 1.1443588 1.1345514 1.1234799 1.1674887 1.1364390 1.1333053 1.2595613 1.0942697 1.1871051 1.1929786 1.1963486 1.3054301 1.3594309 1.3915914 1.4537350 1.3471258 1.4022033 1.1992811 1.1880869 1.0829104 1.0000845 1.0697492 1.0978208 1.1786721 1.1847201 1.1818838 1.3376446 1.2361586 1.0941062 1.3784655 1.1538696 1.1686492 1.1400766 1.1282649 1.1515050 1.1675976 1.1141641 1.5194739 1.5506217 1.5958594 1.5305747 1.3992956 1.4444939 1.3786193 1.1939414 1.1939414 1.7056576 1.4151822 1.9064640 1.4089011 1.0322157 1.5077923 1.5947188 1.1853323 1.3140580 1.3674776 1.3508208 1.6352558 1.6352558 1.3985720 1.3985720 1.4347811 1.7391578 1.7391578 1.2717500 2.0317528 1.3530494 1.4007858 1.4106438 1.4610124 1.4404825 1.9174612 1.3251182 1.7743551 1.5872806 1.5043895 3.5277876 
Amil_Amillepora35727-RA                           2.0350638 1.0875516 1.1827359 0.2451434 0.5707338 0.8136066 0.4505359 0.6872551 0.0000000 0.1276950 0.9340680 0.9983358 0.9547196 0.9752203 1.3127186 1.2659598 1.2330663 1.1908744 0.9152851 1.0890301 1.0702066 0.9981369 1.2303593 1.2250890 1.3499254 1.0847686 1.0402809 1.2767530 1.2122186 1.3406086 1.3195803 1.5081000 1.6278781 1.5461127 1.5069936 1.2592769 1.1413291 1.0777353 1.0121538 1.1820567 0.9795367 1.1999569 1.2420613 1.2259896 1.1394364 1.3296158 1.0913501 1.4673453 1.3000148 1.3468660 1.2681737 1.2621732 1.2958255 1.2559926 1.2559926 1.5675094 1.5128313 1.4653497 1.4817774 1.3228223 1.5281230 1.3707221 1.3255157 1.3255157 1.8378990 1.4727727 2.2356452 1.5992581 1.2032298 1.5304417 1.9161699 1.4672786 1.3551082 1.2626551 1.5660177 1.8237635 1.8237635 1.2421890 1.2421890 1.3137178 1.7710237 1.7710237 1.1890651 4.1205076 1.2387564 1.4434619 1.3541070 1.3289488 1.3305637 2.0107727 1.3072349 1.5571509 1.1673044 0.9013945 3.1473619 
Adig_XM_015910021.1                               2.0404310 1.2408774 1.0838136 0.2451434 0.3742441 0.5736503 0.3202392 0.5203258 0.1276950 0.0000000 0.7094343 0.7691107 0.8413020 0.8633403 1.1444714 1.0871996 1.0485274 1.2712738 1.0196988 1.0330949 1.0387594 1.0774229 1.0906062 1.0875174 1.2379876 1.1064708 1.0793568 1.1225751 1.1379691 1.2144366 1.2442150 1.2826565 1.3701722 1.4054839 1.3073212 1.1202509 1.0311853 0.9517015 0.9509767 1.0494045 1.0236225 1.0722652 1.1235994 1.1107657 1.2054071 1.2037864 1.0760740 1.3060952 1.0946698 1.1162609 1.0756413 1.0697351 1.1093504 1.0844009 1.0680562 1.4113388 1.4375121 1.4344484 1.4854886 1.3608964 1.4216133 1.2648357 1.2216199 1.2216199 1.4350766 1.3827409 1.9420419 1.3685964 1.0441654 1.4673786 1.6490299 1.2484152 1.3158990 1.4401405 1.4508009 1.7095195 1.7095195 1.3645737 1.3645737 1.3968077 1.7491609 1.7491609 1.2727726 1.8810971 1.3683099 1.3665415 1.3616988 1.4146570 1.4530320 1.8820761 1.3647485 1.6380801 1.5527418 1.3782684 3.6063554 
Nvec_v1g240296                                    2.0981763 1.1761225 1.0551785 0.3682673 0.5499773 0.8920300 0.6172294 0.7968533 0.9340680 0.7094343 0.0000000 0.3874328 0.6566781 0.6810362 1.0359886 0.9692317 0.8995569 1.1224544 0.7960713 0.8653552 0.8731259 0.9293835 1.0300644 1.0320232 1.1463128 0.8514709 0.9932171 0.9834879 1.0165249 1.1679226 1.1339275 1.1745492 1.2453380 1.1161051 1.2032550 1.0219730 1.0084149 0.8831533 0.8478811 1.0115708 1.0140779 0.9288572 1.0032122 0.9616148 1.0593237 1.0950047 0.9052530 1.1465200 0.8718322 0.8972167 0.8555990 0.8461209 0.8575126 0.8638237 0.8170751 1.2626743 1.2805977 1.3158187 1.2183178 1.1112001 1.2701552 1.2396644 1.0438669 1.0438669 1.4870491 1.2440321 1.8068219 1.2755208 0.9911514 1.3726048 1.4341340 1.0535369 1.1403199 1.2365915 1.2599311 1.5839505 1.5839505 1.2635413 1.2635413 1.3090878 1.6502176 1.6502176 1.1035826 1.6276957 1.1788175 1.1798876 1.1970563 1.2745682 1.2528491 1.5709949 1.2140935 1.4801746 1.2724159 1.2189089 3.4188445 
Exapal_XM_021046443.2                             2.3033004 1.2592395 1.1621409 0.3330172 0.5801737 0.9467193 0.6703431 0.8301134 0.9983358 0.7691107 0.3874328 0.0000000 0.7185003 0.7388803 0.9417140 1.0103951 0.9172795 1.1858642 0.8977132 0.9855083 0.9820181 1.0276954 1.0333730 1.0354676 1.1263657 0.9301796 0.9987432 1.0067381 0.9937729 1.1278624 1.1973053 1.2218403 1.2628814 1.0839779 1.1530648 0.9987140 1.0574887 0.9508523 0.9304523 1.0496460 0.9484551 0.9905916 1.0187155 1.0037466 1.0831918 1.0986246 0.9689486 1.2019649 0.9280245 0.9324616 0.9249225 0.9075905 0.9165889 0.9398214 0.8922573 1.2698877 1.3079225 1.2682369 1.2401013 1.1061784 1.2444187 1.2080293 1.0841617 1.0841617 1.7372673 1.2732395 1.6098271 1.2288424 1.0360193 1.4245875 1.5248601 1.1607744 1.1706404 1.3021735 1.3574045 1.6535346 1.6535346 1.1760994 1.1760994 1.2574269 1.5933651 1.5933651 1.1159518 2.0061486 1.2538552 1.2705798 1.2224423 1.3080921 1.3432249 1.8645619 1.2795417 1.5868719 1.3555516 1.4395733 3.3683631 
Dgig_XM_028541866.1                               1.8506207 1.2287478 1.0456447 0.3707963 0.6511983 1.0110242 0.7321219 0.9080821 0.9547196 0.8413020 0.6566781 0.7185003 0.0000000 0.3642158 1.0144329 0.9248096 0.9566707 1.1138536 0.7428437 0.8104215 0.8070803 0.8681313 1.0187315 1.0206867 1.0853409 0.8506726 0.9265005 1.0077557 0.9867365 1.1664184 1.1645969 1.2594691 1.3024536 1.1455686 1.2595212 1.0108841 1.0362443 0.9301999 0.9547853 1.0080968 1.0320433 0.9899232 1.0006434 0.9579341 0.9963966 1.0614819 0.9121043 1.0909021 0.8944487 0.9159158 0.8834378 0.8818493 0.9415986 0.9367230 0.9156908 1.3836966 1.3346975 1.3323620 1.2874412 1.2021401 1.3368634 1.1695328 1.0218137 1.0218137 1.3252950 1.3008108 1.9019964 1.3172552 1.1144080 1.4016808 1.2961378 1.1193442 1.2488851 1.2627651 1.2052005 1.5744164 1.5744164 1.2418037 1.2418037 1.2828384 1.5718207 1.5718207 1.1541502 1.6792652 1.1882744 1.2362268 1.2247418 1.2706328 1.3373610 1.7071903 1.2848623 1.5765126 1.1663280 1.1214931 3.6799530 
Xesp_015977-T1                                    1.8047968 1.2234642 1.0816841 0.3968592 0.6773264 1.0443638 0.7294278 0.9420517 0.9752203 0.8633403 0.6810362 0.7388803 0.3642158 0.0000000 1.0744463 1.0129512 1.0330266 1.0716056 0.7989221 0.8406413 0.8337297 0.8393156 1.0242857 1.0280094 1.1434316 0.8966802 0.9671416 1.0028563 1.0473988 1.1894943 1.1842469 1.2678185 1.2879434 1.1769453 1.2317817 1.0744445 1.0525965 0.9664438 0.9311465 1.0119140 1.0283903 0.9778455 1.0156933 0.9981814 1.0524755 1.0809166 0.9889347 1.1514702 0.9760542 1.0017846 0.9595708 0.9442021 0.9664057 0.9731203 0.9418609 1.4029096 1.4298106 1.4186430 1.3316610 1.2003817 1.3746719 1.1286618 1.1554528 1.1554528 1.2150082 1.3287213 2.0183344 1.2994406 1.1420916 1.4303063 1.3737843 1.1759061 1.2291460 1.3893034 1.2522680 1.4974498 1.4974498 1.2380390 1.2380390 1.2809193 1.5209365 1.5209365 1.2012208 1.7302987 1.2607848 1.3242545 1.3131774 1.3643853 1.3509422 1.7578643 1.2924434 1.5355129 1.2262010 1.2281384 3.7457082 
Acagra_model.g10012.t1                            2.9649946 1.5063967 1.3147894 0.5193089 1.0330253 1.4455943 1.0596599 1.2649026 1.3127186 1.1444714 1.0359886 0.9417140 1.0144329 1.0744463 0.0000000 0.5299218 0.6153986 1.3460196 0.8799592 1.2299154 1.2143656 1.2654410 0.8413633 0.8388829 0.8590005 1.0089580 1.1680029 1.3032401 1.3487984 1.3769085 1.4169535 1.4629317 1.5577321 1.3492023 1.4805463 1.3674925 1.2254967 1.1774514 1.0773519 1.2456666 1.1990453 1.2614936 1.2667569 1.2302570 1.2508012 1.3149340 1.1722911 0.7685538 1.2065527 1.2680110 1.2299547 1.2163479 1.2370832 1.2246010 1.2042836 1.7044520 1.7365431 1.6618448 1.6429165 1.4281314 1.6415378 1.4208829 1.3642418 1.3642418 2.2619382 1.0160111 1.6697092 1.0684907 1.6532988 1.1309010 1.9282779 1.5941005 1.5299443 1.6591725 1.6170989 1.7529286 1.7529286 1.4166523 1.4166523 1.5317695 1.8523047 1.8523047 1.3089504 1.7959996 1.2772944 1.4903856 1.5562899 1.5174700 1.4784238 1.9233572 1.2718497 1.7713782 1.0985309 1.3081272 3.9071819 
Cgig_XM_034445532.1                               3.0355011 1.4995197 1.3162041 0.3327739 0.9440559 1.3415645 1.0172615 1.1718758 1.2659598 1.0871996 0.9692317 1.0103951 0.9248096 1.0129512 0.5299218 0.0000000 0.6634880 1.2908166 0.9848084 1.1710610 1.1770774 1.1413648 0.8072495 0.8048205 0.8889600 0.9944757 1.1707022 1.3130117 1.3366988 1.3503613 1.4119086 1.4906602 1.5984303 1.2899551 1.4450326 1.3644128 1.2291121 1.1157958 1.1299101 1.2449769 1.2180175 1.2601680 1.2738327 1.2367298 1.2540066 1.2760348 1.1887952 0.7533800 1.1687437 1.2291048 1.1876084 1.1712869 1.1807676 1.1740385 1.1455091 1.6650180 1.6749782 1.6551554 1.6449210 1.4040227 1.5770831 1.4229838 1.3388518 1.3388518 2.1349415 1.0104499 1.7738946 1.0905479 1.5600634 1.1036221 1.8499451 1.5823055 1.4862537 1.6873307 1.5823894 1.9343941 1.9343941 1.4837597 1.4837597 1.5755564 2.0501016 2.0501016 1.3488376 1.7966141 1.3383762 1.5030181 1.5573563 1.5686827 1.4834144 1.9599751 1.3139879 1.8539678 1.1239424 1.3173248 3.6237173 
Bralan_BLAG06000734_1                             2.7680517 1.4531427 1.2343394 0.4969173 0.9938907 1.2897022 0.9532208 1.1474956 1.2330663 1.0485274 0.8995569 0.9172795 0.9566707 1.0330266 0.6153986 0.6634880 0.0000000 1.1772957 0.7874711 1.0759005 1.1285586 1.0761295 0.6808871 0.6786610 0.7160288 0.8995978 1.1896039 1.2185624 1.2239232 1.3204119 1.2777145 1.4463187 1.5626051 1.2466482 1.3696278 1.2419600 1.1694965 1.0796681 1.0375147 1.2201476 1.1559557 1.0968941 1.1480553 1.1303120 1.1530100 1.3021098 1.1335069 0.8056028 1.1322356 1.1843226 1.1201007 1.1112743 1.1320736 1.1177821 1.0882857 1.5980841 1.5124796 1.5701886 1.4245386 1.2990611 1.5734522 1.3740117 1.3642015 1.3642015 1.7941069 0.9667045 1.4356211 0.9986855 1.4324864 1.0834235 1.9857336 1.4919895 1.4078496 1.5019286 1.5503309 1.7606521 1.7606521 1.2920305 1.2920305 1.3895488 1.6715668 1.6715668 1.1889321 1.6688417 1.2282286 1.4329265 1.4483362 1.4200595 1.4339408 1.8152955 1.3101512 1.6323821 0.9148041 1.2776283 3.6599764 
Hvul_g15397_1                                     2.5727472 1.4066970 1.3749543 0.4614430 1.0381265 1.5242967 1.1092573 1.3274211 1.1908744 1.2712738 1.1224544 1.1858642 1.1138536 1.0716056 1.3460196 1.2908166 1.1772957 0.0000000 0.6023231 0.9185349 0.9232667 0.9069144 1.2362010 1.2416058 1.3450535 0.8702529 1.0712800 1.3547008 1.2112414 1.4130225 1.3051287 1.3913920 1.4942516 1.2831919 1.3559056 1.2628493 1.2174896 1.1122833 1.0953120 1.2511842 1.2248526 1.2199289 1.2476892 1.2213452 1.1767761 0.7042033 0.9433775 1.3410884 1.2818382 1.2181614 1.2886806 1.2840351 1.2906638 1.3042365 1.2583193 1.6174167 1.5891202 1.5773543 1.2241541 1.1632819 1.4958915 1.3813143 1.2064243 1.2064243 1.6373754 1.4570206 1.9889143 1.5679986 1.2387381 1.5118128 1.8886993 1.7241399 1.4943271 1.5766330 1.4774508 1.8378965 1.8378965 1.4292834 1.4292834 1.4486305 1.8851972 1.8851972 1.3334264 2.2679183 1.3380508 1.5091449 1.3799900 1.3858463 1.5406396 2.0021549 1.4840727 1.9205026 1.4415021 1.3765561 4.0960972 
Aaur_scaffold964.g3.t1                            0.0000010 0.8818750 0.9901286 0.3524810 1.0963410 1.1557431 0.8061538 1.1443588 0.9152851 1.0196988 0.7960713 0.8977132 0.7428437 0.7989221 0.8799592 0.9848084 0.7874711 0.6023231 0.0000000 0.3241450 0.3118006 0.3783040 0.8704571 0.8704571 1.0109436 1.0970296 1.2134574 1.2335215 1.0423596 1.1081321 1.4588823 1.2959144 1.2839975 1.3431781 1.1081450 1.1274943 0.9649127 0.9606492 0.9057914 1.1341679 1.0757277 0.9697584 0.9432276 0.8240890 0.9437266 0.9613414 0.7431602 0.9281854 1.3579941 1.3753696 1.3876006 1.3876006 1.3859977 1.3572449 1.3780472 1.3632424 1.4537062 1.5189487 1.1804261 1.0905190 1.4751288 1.0997778 1.3523478 1.3523478 0.0000010 1.1415487 2.3355211 1.1053083 2.4590983 1.2840822 0.0000010 2.3906991 1.1430628 1.7684575 1.4346947 1.3197749 1.3197749 1.1555216 1.1555216 1.1555216 1.4273420 1.4273420 1.1321535 2.2816458 1.1464067 1.1464067 1.1244677 1.1244677 1.3899437 1.2940189 1.1741883 1.2645754 1.0697442 1.1105885 2.3755760 
Nemnom_g2493.t1                                   2.7746592 1.3389488 1.1594399 0.5049084 0.8424666 1.3085219 0.9010490 1.1345514 1.0890301 1.0330949 0.8653552 0.9855083 0.8104215 0.8406413 1.2299154 1.1710610 1.0759005 0.9185349 0.3241450 0.0000000 0.1463182 0.3769726 1.1560587 1.1601554 1.1637926 0.9763192 1.0207961 1.2364190 1.0891276 1.3784708 1.2423611 1.4767224 1.5330843 1.2988558 1.3518958 1.1084813 1.1081898 0.9975092 0.9961912 1.1008887 1.1762397 1.0698319 1.0375165 1.0650368 1.1315750 1.0028287 0.6750655 1.3246102 1.0936443 1.1625032 1.1331857 1.1285686 1.1259603 1.0849686 1.0347530 1.5334893 1.5274840 1.4840505 1.3289612 1.2192330 1.3855107 1.2973821 1.1793925 1.1793925 1.5373902 1.3147816 1.7698993 1.3538975 1.1367121 1.5199696 1.5344460 1.2500408 1.3822282 1.4479393 1.3346991 1.9789319 1.9789319 1.3044118 1.3044118 1.3916073 1.7814910 1.7814910 1.3100266 2.2193474 1.3524007 1.4272421 1.3732385 1.3994104 1.4638194 2.0557870 1.3484516 1.7518876 1.3820623 1.3406757 3.8423459 
Rhoesc_Res_000513-T1                              2.6794153 1.3422822 1.1435272 0.5393654 0.8597850 1.3002095 0.9021197 1.1234799 1.0702066 1.0387594 0.8731259 0.9820181 0.8070803 0.8337297 1.2143656 1.1770774 1.1285586 0.9232667 0.3118006 0.1463182 0.0000000 0.3814790 1.1942319 1.1959313 1.2121150 1.0171302 1.0077751 1.2434502 1.1235473 1.3850549 1.2574806 1.4263442 1.4687196 1.2931281 1.3523202 1.1678453 1.1241534 1.0249262 1.0100380 1.1231773 1.1805788 1.0970806 1.0676274 1.0637465 1.0906148 0.9820037 0.6867000 1.3350198 1.0911263 1.1617497 1.1044812 1.0999296 1.1074455 1.0821666 1.0312322 1.4990229 1.5656626 1.5079684 1.2914390 1.2054742 1.3750976 1.3475708 1.2261528 1.2261528 1.5695997 1.2919103 1.8416513 1.4053100 1.1869802 1.5513863 1.4636379 1.2800572 1.3425810 1.4270307 1.3264444 1.8455394 1.8455394 1.3236950 1.3236950 1.3962772 1.7558572 1.7558572 1.3191982 2.2275028 1.3656429 1.4293549 1.4228866 1.4588025 1.5042274 2.0750860 1.3266358 1.8390819 1.4392570 1.3044906 3.9515256 
Sanmal_Sma_010712-T1                              2.5453991 1.4296298 1.2175404 0.4678363 0.8751557 1.4052235 1.0048820 1.1674887 0.9981369 1.0774229 0.9293835 1.0276954 0.8681313 0.8393156 1.2654410 1.1413648 1.0761295 0.9069144 0.3783040 0.3769726 0.3814790 0.0000000 1.1537927 1.1537927 1.2290509 0.8850734 1.0403781 1.3208344 1.1394882 1.3908014 1.2440176 1.4526611 1.4911012 1.2450021 1.3505782 1.0847035 1.1281319 0.9952798 1.0787768 1.1550059 1.1180087 1.0882093 1.1253936 1.0916207 1.1619300 0.9075329 0.7042828 1.2534720 1.1553011 1.1461116 1.1585599 1.1518061 1.1508912 1.1269407 1.0937560 1.4752351 1.4779539 1.5338761 1.4041680 1.2815341 1.4199484 1.3224409 1.2539700 1.2539700 1.4774797 1.2695608 2.0125348 1.4752066 1.1515875 1.4966857 1.8609611 1.4605658 1.4672395 1.6172249 1.4426297 1.8199792 1.8199792 1.3083172 1.3083172 1.3705343 1.7059647 1.7059647 1.2538221 1.9763193 1.3225761 1.4508065 1.4141951 1.4244579 1.5152279 1.9508923 1.4238762 1.7694465 1.4137111 1.3335785 3.6080700 
Hsap_ENST00000617716                              2.1075854 1.4395315 1.2173745 0.5532972 1.0091221 1.3157129 0.9858576 1.1364390 1.2303593 1.0906062 1.0300644 1.0333730 1.0187315 1.0242857 0.8413633 0.8072495 0.6808871 1.2362010 0.8704571 1.1560587 1.1942319 1.1537927 0.0000000 0.0012655 0.8328858 0.9864459 1.1936739 1.2771654 1.3194240 1.3949569 1.4857931 1.4474023 1.5175546 1.2404211 1.4224538 1.3119239 1.2262720 1.1184991 1.0936933 1.2208024 1.1540970 1.1653999 1.1576308 1.1538103 1.1499832 1.2983414 1.1360254 0.9162907 1.2304382 1.2720170 1.2324772 1.2212205 1.2252543 1.2136301 1.1607855 1.6486016 1.5940214 1.5788598 1.6196158 1.3803845 1.5205226 1.3383522 1.3916541 1.3916541 1.9275801 1.1007543 1.6486634 1.1533046 1.5666477 1.1354953 1.8537761 1.5278200 1.4119685 1.4448322 1.5114341 1.8534484 1.8534484 1.3500325 1.3500325 1.3961444 1.7748266 1.7748266 1.2488876 1.9024174 1.2346492 1.3929255 1.4244840 1.4178298 1.3982473 1.8538891 1.3137552 1.6261833 1.0467214 1.4413582 3.8838126 
Hsap_ENST00000291576                              2.1075854 1.4395315 1.2200990 0.5532972 1.0040440 1.3120300 0.9828684 1.1333053 1.2250890 1.0875174 1.0320232 1.0354676 1.0206867 1.0280094 0.8388829 0.8048205 0.6786610 1.2416058 0.8704571 1.1601554 1.1959313 1.1537927 0.0012655 0.0000000 0.8303911 0.9864459 1.1894671 1.2737937 1.3159151 1.3913055 1.4819118 1.4435370 1.5134900 1.2358545 1.4185775 1.3083972 1.2229662 1.1148406 1.0906206 1.2174831 1.1540970 1.1695328 1.1617643 1.1579506 1.1499832 1.3002031 1.1311326 0.9136292 1.2321900 1.2720170 1.2342265 1.2229564 1.2270024 1.2179035 1.1650633 1.6442987 1.5898166 1.5747612 1.6196158 1.3803845 1.5163762 1.3347549 1.3916541 1.3916541 1.9275801 1.0963097 1.6486634 1.1572658 1.5666477 1.1354953 1.8413683 1.5182499 1.4080115 1.4448322 1.5051265 1.8534484 1.8534484 1.3500325 1.3500325 1.3961444 1.7748266 1.7748266 1.2488876 1.9024174 1.2346492 1.3890372 1.4244840 1.4178298 1.3982473 1.8538891 1.3137552 1.6261833 1.0467214 1.4413582 3.8838126 
Spur_XM_030981217.1                               2.9042083 1.5155265 1.3382174 0.5350836 1.0662177 1.3930580 1.0837511 1.2595613 1.3499254 1.2379876 1.1463128 1.1263657 1.0853409 1.1434316 0.8590005 0.8889600 0.7160288 1.3450535 1.0109436 1.1637926 1.2121150 1.2290509 0.8328858 0.8303911 0.0000000 1.1261878 1.2529050 1.4012849 1.4671966 1.5223477 1.5371873 1.6387081 1.7215156 1.4732126 1.6011099 1.3732192 1.2612307 1.2037106 1.1524282 1.2886337 1.2219126 1.3194037 1.3374038 1.2786354 1.3331661 1.3693023 1.2471140 1.0139973 1.2262166 1.2661464 1.2579598 1.2381877 1.2471280 1.2177353 1.2115991 1.8006986 1.7379193 1.7765582 1.6690100 1.5147198 1.7257904 1.4639501 1.5629402 1.5629402 1.9960209 1.0344608 1.9923926 1.2213966 1.5689157 1.1567392 1.9502139 1.6903657 1.4951301 1.6809893 1.5731171 1.7415360 1.7415360 1.3169115 1.3169115 1.4172313 1.5930740 1.5930740 1.2607236 1.8711903 1.2350724 1.4635374 1.4753697 1.4506298 1.4475937 1.8080670 1.2876018 1.6046226 1.0902976 1.4711584 3.5539832 
Saldol_EP00054_Salpingoeca_dolichothecata_P011068 1.5724804 1.0080570 1.0080570 0.5705222 0.9484464 1.4537980 0.9767535 1.0942697 1.0847686 1.1064708 0.8514709 0.9301796 0.8506726 0.8966802 1.0089580 0.9944757 0.8995978 0.8702529 1.0970296 0.9763192 1.0171302 0.8850734 0.9864459 0.9864459 1.1261878 0.0000000 0.6281085 0.6890938 0.6254770 0.7825018 0.7738947 0.8650686 0.8589043 0.7782518 0.8023003 0.7586751 0.9628693 1.0495557 0.9934343 1.0159211 0.9574449 0.9274093 0.8487705 0.8441209 0.8589495 1.0401819 1.0059073 1.1276297 1.1276614 1.1167956 1.1255126 1.1255126 1.1135037 1.0660323 1.0660323 0.9520341 1.0454341 0.9871619 1.0115669 0.9481963 1.0822031 1.0368900 1.1972319 1.1972319 0.9655084 1.3597685 2.4146671 1.2943176 1.1214306 1.3408669 1.3260292 1.2951005 1.3305969 1.2396800 1.3650947 2.1130169 2.1130169 1.1724898 1.1724898 1.1954796 1.9768635 1.9768635 1.1686688 0.0000010 1.1814286 1.2812440 1.2839761 1.2420779 1.2041767 1.5288163 1.2475470 2.0067490 0.9765593 0.8309808 3.4284500 
Salpun_EP00053_Salpingoeca_punica_P007146         2.1140428 1.1629854 1.0651747 0.5493975 0.9305582 1.4188350 1.0230470 1.1871051 1.0402809 1.0793568 0.9932171 0.9987432 0.9265005 0.9671416 1.1680029 1.1707022 1.1896039 1.0712800 1.2134574 1.0207961 1.0077751 1.0403781 1.1936739 1.1894671 1.2529050 0.6281085 0.0000000 0.5385335 0.7028851 0.9083398 0.7832449 0.8863411 0.9166145 0.8254383 1.0033511 0.8118595 1.0706144 0.9831601 0.8972327 1.0537759 1.0695938 0.9546491 1.0215072 1.0046595 1.0261703 1.1018240 0.9561395 1.3020591 1.0972018 1.1067028 1.1264122 1.1200424 1.1010581 1.1008867 1.0173619 1.2181634 1.1730848 1.2096482 1.0521904 1.0489675 1.0565011 0.9051291 1.0735620 1.0735620 1.4554366 1.2994181 2.4482349 1.4029395 0.8629864 1.5258638 1.4831138 1.2463461 1.3333750 1.3988331 1.3265590 1.8049359 1.8049359 1.3389723 1.3389723 1.3638415 1.6550990 1.6550990 1.3779753 1.9917292 1.3466317 1.3606742 1.3660785 1.3660785 1.4253901 1.7461965 1.3257711 1.7197670 1.4476163 1.3207124 3.3486984 
Salmac_EP00052_Salpingoeca_macrocollata_P007259   1.9226783 1.2804968 1.1400994 0.5960118 0.9066217 1.3169641 1.0010192 1.1929786 1.2767530 1.1225751 0.9834879 1.0067381 1.0077557 1.0028563 1.3032401 1.3130117 1.2185624 1.3547008 1.2335215 1.2364190 1.2434502 1.3208344 1.2771654 1.2737937 1.4012849 0.6890938 0.5385335 0.0000000 0.6623665 0.8647714 0.7916687 0.8659345 0.8919033 0.8649835 0.9136850 0.8204570 1.0989380 1.0116649 1.0584219 1.1327579 1.1285384 1.0884184 1.0915903 1.1496600 1.2145567 1.2733734 1.3373966 1.3827483 1.1060964 1.1531209 1.1244611 1.1090006 1.1025320 1.1255469 1.0618628 1.1608940 1.1041036 1.0743875 1.1639931 1.1107757 1.0709659 0.9216202 1.2327818 1.2327818 1.6784083 1.5509846 2.6502614 1.5223918 1.1038211 1.6230632 1.3376952 1.1674388 1.3178353 1.4805076 1.3380608 1.7924950 1.7924950 1.3961840 1.3961840 1.4357120 1.7573759 1.7573759 1.3937641 1.9677201 1.4113836 1.3751026 1.4026684 1.4430709 1.4945788 1.8485353 1.4199260 1.7473136 1.5710843 1.4074848 3.7077369 
Salurc_EP00051_Salpingoeca_urceolata_P015317      2.2608978 1.5069571 1.2539645 0.6072190 0.9647265 1.3322535 1.0599825 1.1963486 1.2122186 1.1379691 1.0165249 0.9937729 0.9867365 1.0473988 1.3487984 1.3366988 1.2239232 1.2112414 1.0423596 1.0891276 1.1235473 1.1394882 1.3194240 1.3159151 1.4671966 0.6254770 0.7028851 0.6623665 0.0000000 0.8940769 0.8756986 0.8572832 0.9226408 0.8445250 0.8953643 0.7894993 1.1004373 0.9919888 1.0020822 1.1304867 1.1824118 1.0754611 1.0443642 1.0644368 1.1368799 1.2187789 1.1276970 1.4628215 1.0741768 1.1092873 1.0837439 1.0731766 1.0784578 1.0796238 0.9982542 1.0074140 1.1018612 1.0801202 1.1011966 1.0723504 1.0395836 0.9701386 1.3038095 1.3038095 1.6145142 1.5560517 2.0074158 1.5393853 1.0977868 1.5623379 1.3386301 1.1690229 1.3050942 1.4817417 1.3278504 1.7825770 1.7825770 1.4311229 1.4311229 1.4883164 1.8977283 1.8977283 1.3556104 1.9236235 1.3818845 1.3362791 1.4783971 1.5140499 1.5325422 1.9313975 1.4620498 1.7424177 1.6321325 1.3953342 3.4038447 
Didcos_EP00039_Didymoeca_costata_P029411          2.1526969 1.4943196 1.3198836 0.6875026 1.0444777 1.4713917 1.1548471 1.3054301 1.3406086 1.2144366 1.1679226 1.1278624 1.1664184 1.1894943 1.3769085 1.3503613 1.3204119 1.4130225 1.1081321 1.3784708 1.3850549 1.3908014 1.3949569 1.3913055 1.5223477 0.7825018 0.9083398 0.8647714 0.8940769 0.0000000 1.0777815 0.7810995 0.8788268 0.7772661 0.8321846 0.9331472 1.2596371 1.1539586 1.1940831 1.3082359 1.2870928 1.2388808 1.1910307 1.2197378 1.2668164 1.4965760 1.3481894 1.5633864 1.2796218 1.3109031 1.2836032 1.2745782 1.2518937 1.2640707 1.2312874 1.2261378 1.2035732 1.2343894 1.2481308 1.1665302 1.1150305 1.0610100 1.3791059 1.3791059 1.7695901 1.5930952 2.4399654 1.6249836 1.2813567 1.5656006 1.6359021 1.4509778 1.3840397 1.4863312 1.5314187 2.0086726 2.0086726 1.4431509 1.4431509 1.5199145 1.8373935 1.8373935 1.4068789 1.8905011 1.4452881 1.5012676 1.5552868 1.5698105 1.6190935 1.9669178 1.4121676 1.7062610 1.5795900 1.6051888 4.5067823 
Mylflu_EP00047_Mylnosiga_fluctuans_P005493        2.4289755 1.5323160 1.2987926 0.6461625 1.0779257 1.4980014 1.1829481 1.3594309 1.3195803 1.2442150 1.1339275 1.1973053 1.1645969 1.1842469 1.4169535 1.4119086 1.2777145 1.3051287 1.4588823 1.2423611 1.2574806 1.2440176 1.4857931 1.4819118 1.5371873 0.7738947 0.7832449 0.7916687 0.8756986 1.0777815 0.0000000 1.0350943 1.0955252 0.9029903 1.0748769 0.9589564 1.2520889 1.1525783 1.0991883 1.3377806 1.3396226 1.2023571 1.1707876 1.2272681 1.2587548 1.3299279 1.4148712 1.5816115 1.3434619 1.4061253 1.3499710 1.3352468 1.3274494 1.3176747 1.2396203 1.3003847 1.3062074 1.2446372 1.2184631 1.1139870 1.1857885 1.1030368 1.4690229 1.4690229 1.8410865 1.5483374 2.3565023 1.5504446 1.4791593 1.7671200 1.5934645 1.3496780 1.4785820 1.5418287 1.5213041 2.0019618 2.0019618 1.4825955 1.4825955 1.5347404 2.0269142 2.0269142 1.4549945 2.2013673 1.4494486 1.4730816 1.5673527 1.5117122 1.6051784 2.0219115 1.4726909 1.9599066 1.6836461 1.6086292 3.8011926 
Helnan_EP00037_Helgoeca_nana_P011846              2.1557571 1.5099729 1.2604345 0.6869388 1.1771060 1.5703135 1.2403935 1.3915914 1.5081000 1.2826565 1.1745492 1.2218403 1.2594691 1.2678185 1.4629317 1.4906602 1.4463187 1.3913920 1.2959144 1.4767224 1.4263442 1.4526611 1.4474023 1.4435370 1.6387081 0.8650686 0.8863411 0.8659345 0.8572832 0.7810995 1.0350943 0.0000000 0.2511060 0.5617069 0.6468004 0.9567670 1.3333499 1.2548384 1.2361959 1.4009923 1.3283756 1.2362644 1.2417591 1.2840356 1.2996817 1.4826867 1.6088348 1.6201577 1.3252002 1.3277030 1.3234348 1.3064775 1.3172044 1.3012059 1.2887771 1.2516581 1.1639885 1.1815595 1.1755220 1.1417430 1.2177240 1.0516847 1.4138233 1.4138233 1.5333577 1.7519412 2.4849805 1.6683036 1.3758449 1.8186640 1.4673276 1.3102840 1.3536158 1.5216003 1.4403328 1.9550099 1.9550099 1.4049952 1.4049952 1.4648630 1.7993048 1.7993048 1.3548916 1.9000197 1.3962950 1.3768269 1.4924693 1.5507094 1.5764748 1.9593747 1.4042480 1.6189853 1.6393667 1.5408208 4.0338435 
Acaspe_EP00035_Acanthoeca_spectabilis_P007547     1.9679815 1.6076195 1.3736697 0.7508076 1.1805183 1.6280337 1.2891225 1.4537350 1.6278781 1.3701722 1.2453380 1.2628814 1.3024536 1.2879434 1.5577321 1.5984303 1.5626051 1.4942516 1.2839975 1.5330843 1.4687196 1.4911012 1.5175546 1.5134900 1.7215156 0.8589043 0.9166145 0.8919033 0.9226408 0.8788268 1.0955252 0.2511060 0.0000000 0.6081204 0.6789224 1.0502619 1.3542038 1.2801222 1.3228564 1.4679823 1.4090342 1.2912913 1.2856555 1.3100269 1.3640743 1.5661871 1.6180988 1.7033327 1.4037209 1.4241769 1.4091125 1.3908382 1.4242379 1.3782484 1.3676673 1.3488103 1.2654209 1.2872808 1.3085426 1.2919855 1.3075296 1.1550250 1.4059407 1.4059407 1.4746904 1.6718786 2.5016505 1.6838351 1.3894399 1.9703036 1.5687784 1.3644549 1.4345277 1.5337865 1.4906483 2.0503532 2.0503532 1.4802235 1.4802235 1.5498712 1.9978122 1.9978122 1.4207711 2.0331227 1.4774027 1.4681537 1.5975925 1.6525689 1.6615850 2.1367619 1.5002982 1.9238859 1.7810120 1.6449927 4.1239087 
Diagra_EP00040_Diaphanoeca_grandis_P022810        1.4364956 1.3715779 1.2072282 0.7915901 1.0656678 1.6156825 1.2410051 1.3471258 1.5461127 1.4054839 1.1161051 1.0839779 1.1455686 1.1769453 1.3492023 1.2899551 1.2466482 1.2831919 1.3431781 1.2988558 1.2931281 1.2450021 1.2404211 1.2358545 1.4732126 0.7782518 0.8254383 0.8649835 0.8445250 0.7772661 0.9029903 0.5617069 0.6081204 0.0000000 0.6295026 0.8128390 1.2996651 1.1543878 1.1175558 1.2399059 1.2927168 1.2142418 1.1810205 1.1968945 1.1652909 1.3362519 1.1283207 1.4233724 1.3375412 1.3190429 1.3314977 1.3286721 1.3479195 1.3079988 1.2389214 1.1321570 1.1369736 1.1925384 1.0220488 1.0242873 1.0991299 1.0392009 1.2056832 1.2056832 1.1526425 1.3439561 2.8762268 1.5155905 0.8321441 1.6295056 1.3330293 1.2405077 1.4575204 1.3901315 1.3809455 2.0244331 2.0244331 1.5189222 1.5189222 1.5495255 2.1193937 2.1193937 1.4773933 2.1096880 1.4921190 1.4758242 1.5567725 1.5483425 1.6731552 2.1679829 1.4796242 1.9364177 1.6522247 1.7099556 3.7551346 
Stedip_EP00041_Stephanoeca_diplocostata_P028678   1.7847864 1.5331583 1.3691775 0.7002601 1.1585980 1.5975050 1.1800340 1.4022033 1.5069936 1.3073212 1.2032550 1.1530648 1.2595212 1.2317817 1.4805463 1.4450326 1.3696278 1.3559056 1.1081450 1.3518958 1.3523202 1.3505782 1.4224538 1.4185775 1.6011099 0.8023003 1.0033511 0.9136850 0.8953643 0.8321846 1.0748769 0.6468004 0.6789224 0.6295026 0.0000000 0.9280085 1.2755248 1.2140550 1.2340083 1.4504853 1.3815232 1.2671207 1.2728938 1.3165559 1.3285021 1.4521379 1.3981147 1.5989417 1.3330383 1.3503565 1.3546037 1.3339745 1.3151905 1.2893011 1.2893011 1.2415474 1.1878968 1.2180426 1.1863785 1.1869366 1.1679401 1.1354075 1.4016183 1.4016183 1.8078247 1.7002380 2.2158889 1.6908448 1.2530401 1.6575554 1.4211759 1.5009293 1.4216876 1.4525987 1.4428169 1.9354044 1.9354044 1.3980143 1.3980143 1.4796418 1.8121185 1.8121185 1.3588644 1.9699583 1.3441977 1.3981258 1.5430556 1.6125741 1.5726207 1.9353891 1.4870860 1.7387785 1.5865464 1.5071094 3.8096625 
Salkve_EP00050_Salpingoeca_kvevrii_P018517        2.5365901 1.4774371 1.2722970 0.4936318 0.9524450 1.3791477 1.0466957 1.1992811 1.2592769 1.1202509 1.0219730 0.9987140 1.0108841 1.0744445 1.3674925 1.3644128 1.2419600 1.2628493 1.1274943 1.1084813 1.1678453 1.0847035 1.3119239 1.3083972 1.3732192 0.7586751 0.8118595 0.8204570 0.7894993 0.9331472 0.9589564 0.9567670 1.0502619 0.8128390 0.9280085 0.0000000 1.2136378 1.1538865 1.0440843 1.1891796 1.2102157 1.0780522 1.0655269 1.0812895 1.0293239 1.2092890 1.1698872 1.4881252 1.2004581 1.2391266 1.1825823 1.1740504 1.1854798 1.1445518 1.0744509 0.9413449 1.0801891 1.1032856 0.9751794 1.0269116 0.9965908 0.9568935 1.2315238 1.2315238 1.7108710 1.5739073 1.8579864 1.5431912 1.1054665 1.5888265 1.4126973 1.3585670 1.3783771 1.4798343 1.3750720 1.8246111 1.8246111 1.4854738 1.4854738 1.5519874 1.9885791 1.9885791 1.3448192 1.8563753 1.3488460 1.3487936 1.4372556 1.4492379 1.6031574 2.0835588 1.3975863 1.8871978 1.5215365 1.5270912 3.9164301 
Emue_Em0020g63a.t1                                2.9119890 1.3302357 1.1674695 0.6768001 0.8975798 1.3250119 0.9515515 1.1880869 1.1413291 1.0311853 1.0084149 1.0574887 1.0362443 1.0525965 1.2254967 1.2291121 1.1694965 1.2174896 0.9649127 1.1081898 1.1241534 1.1281319 1.2262720 1.2229662 1.2612307 0.9628693 1.0706144 1.0989380 1.1004373 1.2596371 1.2520889 1.3333499 1.3542038 1.2996651 1.2755248 1.2136378 0.0000000 0.1312073 0.7218283 0.8327933 0.8946089 1.0710717 1.1326252 1.1011938 1.1478736 1.2615935 1.2144764 1.3481257 1.1006910 1.1376871 1.1145530 1.1027921 1.1016597 1.1303181 1.1061662 1.3636314 1.4230321 1.5916423 1.4838885 1.3470557 1.3535085 1.3462350 1.1166946 1.1166946 1.4692846 1.4913064 2.1456169 1.5274514 0.6830720 1.4559553 1.5643584 1.2643541 1.4071445 1.4552653 1.3863341 2.0447463 2.0447463 1.4792309 1.4792309 1.5275285 2.1567426 2.1567426 1.3669908 2.2579484 1.4542621 1.4677079 1.4813510 1.4639557 1.4982036 2.0422808 1.4130270 1.7681533 1.4493482 0.9695425 3.7700291 
Spolac_c99686_g1_i1_m.20332c99686-g1              2.3650439 1.0956649 1.0526480 0.6988534 0.9035998 1.2126489 0.9046787 1.0829104 1.0777353 0.9517015 0.8831533 0.9508523 0.9301999 0.9664438 1.1774514 1.1157958 1.0796681 1.1122833 0.9606492 0.9975092 1.0249262 0.9952798 1.1184991 1.1148406 1.2037106 1.0495557 0.9831601 1.0116649 0.9919888 1.1539586 1.1525783 1.2548384 1.2801222 1.1543878 1.2140550 1.1538865 0.1312073 0.0000000 0.6549387 0.7959818 0.8521920 0.9543139 0.9718807 0.9830241 1.0053028 1.1996963 1.2562928 1.2520814 1.0152722 1.0492363 1.0173173 1.0095089 1.0203395 1.0261579 1.0261579 1.3149159 1.3379177 1.4529325 1.3857581 1.2340060 1.3298071 1.2061001 1.1152744 1.1152744 1.2648621 1.5012988 2.2127847 1.4583058 0.7033638 1.3258751 1.5583619 1.3320648 1.2784323 1.3516425 1.4298410 1.7153176 1.7153176 1.1994597 1.1994597 1.2849397 1.6634803 1.6634803 1.1320774 1.5946593 1.1920624 1.3226331 1.3354539 1.2896480 1.2329371 1.5367558 1.1658239 1.4209513 1.0202273 0.5193617 3.6194402 
Plespi_Pspi_C613774_01                            2.3275339 1.2063445 1.0095197 0.5130458 0.8860814 1.1404257 0.8695273 1.0000845 1.0121538 0.9509767 0.8478811 0.9304523 0.9547853 0.9311465 1.0773519 1.1299101 1.0375147 1.0953120 0.9057914 0.9961912 1.0100380 1.0787768 1.0936933 1.0906206 1.1524282 0.9934343 0.8972327 1.0584219 1.0020822 1.1940831 1.0991883 1.2361959 1.3228564 1.1175558 1.2340083 1.0440843 0.7218283 0.6549387 0.0000000 0.8248227 0.8256391 0.9146731 0.8960467 0.9622471 0.9268168 1.1911275 1.1778516 1.2874974 1.0141260 1.0323918 1.0390834 1.0312154 1.0342821 0.9978654 0.9753077 1.3700750 1.3556384 1.3950038 1.3521893 1.1826916 1.3048770 1.0899473 1.0942243 1.0942243 1.3580570 1.3605269 2.1570288 1.3675210 0.9536359 1.4030326 1.4882284 1.2379601 1.1334422 1.3762274 1.3073314 1.4746151 1.4746151 1.1984182 1.1984182 1.2647938 1.5477239 1.5477239 1.0830936 1.4349616 1.1215830 1.2301348 1.2670947 1.2639029 1.3023245 1.5726306 1.1336874 1.3723598 1.4139751 0.9575099 4.1493749 
