128
Emue_Em0011g799a.t1                                               0.0000000 0.1486743 0.1837505 0.5903968 0.9570345 1.0856773 1.0892009 1.1193237 1.0909232 1.0966565 1.1530763 1.5226797 1.2760331 1.0681385 1.2994067 1.2772816 1.1645006 1.2604036 1.1722598 1.1726215 1.2409635 1.0462610 1.0418857 1.0355846 1.0269534 1.2644006 1.2840892 1.2840892 1.1258277 1.0845032 1.0816757 1.0825321 1.0384112 0.9220748 1.4619777 1.3092589 1.3426465 1.2870568 1.3613832 1.5115806 1.5059021 1.3492549 1.5008695 1.6031932 1.5893934 1.5461146 1.6027278 1.6119673 1.5975915 1.5028786 1.3894629 1.5396674 1.6057291 1.6449575 1.6581381 1.6635756 2.1330664 1.3811769 2.0737721 1.7564589 1.7966003 1.6317259 1.6831330 1.7158948 1.9702059 1.6479887 1.6496234 2.6838992 1.7376734 2.3443444 1.8632660 1.4725883 1.5950671 1.6418903 2.4114733 2.0190221 1.8444109 1.9198127 1.8499185 2.0983191 1.7435249 1.8395287 2.0472384 2.2788248 2.3222529 2.2887138 2.5217356 2.3189883 2.5289599 2.7783476 2.4586981 3.1108249 2.3317535 2.3859054 2.0379916 2.0379916 1.5737237 2.1318119 2.1318119 2.1432652 2.7083880 2.7083880 2.7083880 2.7083880 2.2291226 2.5749862 2.6697259 2.6855066 2.4851865 2.4851865 3.0305027 2.3379231 2.3317722 2.0001202 2.3311919 1.8086535 1.8937908 1.9265006 1.9776828 2.1320604 2.2075678 2.1877295 2.2186683 2.2186683 2.1831135 2.2114507 2.2114507 2.6913525 
Spolac_c99163_g1_i5_m.18982c99163-g1                              0.1486743 0.0000000 0.0039181 0.4601373 0.8398941 0.9294337 0.9294337 1.1222489 1.1586732 1.1216449 1.1723655 1.4920355 1.1397137 0.9716939 1.1903575 1.1961213 1.1196190 1.2164149 1.0501344 1.0501783 1.0978066 0.9362735 0.9387473 0.9252566 0.8973299 1.1892486 1.3121427 1.3121427 1.0124213 0.9848143 0.9697376 0.9706373 0.9277916 0.8586144 1.3680093 1.2495082 1.2797686 1.2297191 1.3124209 1.4578571 1.3906203 1.2308166 1.4001288 1.3854282 1.3854282 1.3301550 1.4265974 1.4157465 1.4165849 1.2908644 1.2690599 1.4097493 1.3775914 1.5856643 1.5860381 1.5959956 1.6535025 1.2632349 1.5655658 1.5075617 1.5698389 1.5149061 1.5515259 1.5305191 1.9060163 1.5502111 1.5517401 2.3527528 1.5535299 2.0347552 1.6703742 1.5163824 1.7355987 1.6742119 2.1505212 1.8539856 1.7383062 1.9052920 1.8122404 2.0090495 1.7495823 1.8099988 1.9119196 2.1745356 2.2829239 2.2698641 2.6126415 2.2962106 2.3989619 2.4858295 2.0987230 2.8681811 2.2559289 2.3972915 1.9994704 1.9994704 1.3868948 2.1158457 2.1158457 2.1303116 2.5194424 2.5194424 2.5194424 2.5194424 2.2064946 2.4967812 2.5929517 2.6090250 2.1781231 2.1781231 2.4360614 2.3345126 1.9736184 1.7592451 2.0215216 1.5725087 1.6868413 1.6867416 1.8534941 1.9854374 1.9544023 1.9416469 2.0405248 2.0405248 2.0061387 1.9961909 1.9961909 2.4433126 
Spolac_c99163_g1_i6_m.18983c99163-g1                              0.1837505 0.0039181 0.0000000 0.5605147 0.9930981 1.0352206 1.0352206 1.4090934 1.4614975 1.3290902 1.4451398 3.7882360 1.2930479 1.0880899 1.3660193 1.3683747 1.3013877 1.3911338 1.2437860 1.1962389 1.2676829 1.0489202 1.0527572 1.0245797 1.0036113 1.3460040 1.5718421 1.5718421 1.2205458 1.1805581 1.1477090 1.1477090 1.0991213 1.0196221 1.5220533 1.4193382 1.4577615 1.4166978 1.5050695 1.6665812 1.5831979 1.3426734 1.5603075 1.4854506 1.4854506 1.4140964 1.5476537 1.5227437 1.5128010 1.2908644 1.3835314 1.5794360 1.4574935 1.7311867 1.7088971 1.7464102 1.6887813 1.2360686 1.6464960 1.5795577 1.6760816 1.6504265 1.6528120 1.6215753 2.0043971 1.5947437 1.5966995 2.1722279 1.5485329 2.0900533 1.5370663 1.6783404 1.8809853 1.7167261 2.0224293 1.8728909 1.7307162 1.9792292 1.8136675 1.7635133 1.7971149 1.7956075 2.0237136 2.0214002 2.6670204 2.6659013 3.0759343 2.6816882 2.3989619 2.8706102 2.0987230 2.8681811 2.7253427 2.8889349 2.2550838 2.2550838 1.6734746 2.5586070 2.5586070 2.5808772 3.2510298 3.2510298 3.2510298 3.2510298 2.9152421 3.2285819 3.3615256 3.3836225 2.9219857 2.9219857 2.4360614 2.7851157 1.9307959 1.8057259 2.0666288 1.7054306 1.8122855 1.8798507 1.9647817 2.2488269 2.1943560 2.0539701 2.3303721 2.3303721 2.2692573 2.2620879 2.2620879 2.6241545 
Stycar_augustus_masked-SC_scaffold29100-processed-gene-0.0-mRNA-1 0.5903968 0.4601373 0.5605147 0.0000000 0.7166422 0.7459781 0.7506139 0.9322347 1.0064898 0.9311199 0.9954647 1.2687799 1.0610371 0.9575231 1.1149608 1.1232732 1.0754685 1.0638163 1.0442696 1.0795087 1.1064987 1.0109235 0.9801152 0.9838809 0.9790470 1.2713805 1.2558504 1.2558504 1.1352706 1.0755020 1.0881693 1.0889477 1.0196364 0.9119472 1.1513860 1.2210354 1.2334465 1.1083801 1.2169660 1.3021852 1.2416329 1.2295499 1.3132842 1.3677895 1.3569250 1.2768971 1.3395342 1.3637632 1.3239263 1.2301452 1.3051305 1.3013502 1.3694708 1.4907671 1.4954013 1.5007023 1.6694586 1.5123719 1.6214723 1.4956099 1.5641144 1.4262361 1.5913567 1.5980789 1.7226456 1.5297093 1.5358901 2.3300813 1.7466970 2.0407468 1.9233380 1.4078292 1.6223151 1.6006601 2.0816164 1.8846631 1.7193390 1.8353836 1.8872071 2.3341011 1.8906275 1.9110984 1.9121790 2.0760353 1.9402462 1.9107497 2.4131239 2.1583037 2.5162242 2.3123907 2.3672983 2.6516339 2.0755679 2.2408362 1.8618336 1.8618336 1.2957670 2.1432107 2.1432107 2.1566521 2.4990558 2.4990558 2.4990558 2.4990558 2.1294098 2.3172813 2.4112833 2.4259293 1.8890332 1.8890332 2.1635447 2.2436581 1.9561098 1.7528651 1.8031488 1.5235137 1.6172054 1.6325875 1.6789959 1.8450201 1.8215008 1.9316544 2.1089312 2.1089312 1.9406036 1.9369670 1.9369670 2.4414019 
Aque_Aqu2.1.16507_001                                             0.9570345 0.8398941 0.9930981 0.7166422 0.0000000 0.3938531 0.3950231 1.2373820 1.2113817 1.1976391 1.2763422 1.6687447 1.2769206 1.3290075 1.4533257 1.4683004 1.3130196 1.4389153 1.4561985 1.3654852 1.4891006 1.3630923 1.3219375 1.3461373 1.4190425 1.5763494 1.4571829 1.4571829 1.3035105 1.2678463 1.2865782 1.2873317 1.2495747 1.0853516 1.3463343 1.4469314 1.4550549 1.3829932 1.4661993 1.4740819 1.5281995 1.5238753 1.6334792 1.5059547 1.4938860 1.4556317 1.5160592 1.5615730 1.3961530 1.4173723 1.5417986 1.5864571 1.5756765 1.5515221 1.5471660 1.6409757 1.9092607 1.5050510 1.8407794 1.4825517 1.5628347 1.5690478 1.6106403 1.5705295 1.7282893 1.4917174 1.4878721 2.3892995 1.9159316 2.0728557 2.1403223 1.5819566 1.8242504 1.7681246 2.2258487 2.0098956 1.8659144 1.9568491 1.9242240 2.4329092 2.0317195 2.1185943 1.9878995 2.1175334 2.0817574 2.0658817 2.2289376 2.2379102 2.6831390 2.2794043 2.2195372 2.6407603 1.9759027 2.0816391 1.9708110 1.9708110 1.5466457 2.0088734 1.9947438 2.0175273 2.4139955 2.4139955 2.4139955 2.4139955 2.2069088 2.3292520 2.4509206 2.4265451 2.2903902 2.2903902 2.5761429 2.2152860 2.0194168 1.7352330 2.0012472 1.8096700 1.8797785 1.9302345 1.9996889 1.9383202 1.9118117 2.0927202 2.2943830 2.2943830 2.2447186 2.4030130 2.4030130 2.1538227 
Halamb_c54315_g1_i1m.37964                                        1.0856773 0.9294337 1.0352206 0.7459781 0.3938531 0.0000000 0.0000010 1.2957520 1.2087301 1.2090431 1.2907891 1.7632385 1.4520510 1.4054490 1.4338427 1.4711133 1.3491157 1.3857405 1.5066291 1.3666291 1.4331166 1.4490199 1.4286216 1.3910484 1.4470488 1.4909776 1.6429792 1.6429792 1.2492186 1.2266149 1.2123874 1.2131540 1.2337846 1.1232990 1.4392769 1.5670564 1.5802561 1.4284606 1.4971281 1.5264172 1.6573304 1.6574637 1.6909384 1.5644868 1.5519163 1.5874625 1.5695498 1.6066967 1.3434756 1.4262455 1.6630298 1.7617617 1.6832721 1.6494019 1.6520689 1.7311948 1.9158443 1.6564086 1.8252137 1.5029967 1.7385500 1.5423748 1.6425924 1.6028685 1.8180003 1.5913297 1.5968740 2.3481570 2.0035968 2.1203460 2.2022481 1.5588430 1.9168926 1.7450684 2.1579487 2.0010279 1.8666147 1.9893628 1.9092879 2.4921888 2.1417968 2.2019939 2.0342026 2.2862859 2.1708355 2.1529307 2.3701819 2.2697298 2.6733378 2.2971802 2.4176459 2.8272898 2.1119517 2.2386119 2.0719630 2.0719630 1.5292924 2.1414361 2.1324866 2.1566187 2.5677867 2.5677867 2.5677867 2.5677867 2.3135667 2.4344711 2.5340810 2.5308181 2.3295240 2.3295240 2.4956597 2.3046684 2.1654252 1.7629500 2.0795097 1.8438901 1.9182023 1.9518972 2.0200122 1.9579010 1.9603159 2.1047376 2.2715626 2.2715626 2.2738406 2.3902592 2.3902592 2.4822489 
Halamb_c54315_g2_i2mm.5832                                        1.0892009 0.9294337 1.0352206 0.7506139 0.3950231 0.0000010 0.0000000 1.2912714 1.2122263 1.2090431 1.2933120 1.7632385 1.4520510 1.4194972 1.4458950 1.4837879 1.3613291 1.3857405 1.5187218 1.3789848 1.4474597 1.4781459 1.4578477 1.4111200 1.4470488 1.4996260 1.6687841 1.6687841 1.2492186 1.2266149 1.2123874 1.2131540 1.2337846 1.1232990 1.4480755 1.5755658 1.5887385 1.4284606 1.5057255 1.5313366 1.6457502 1.6454772 1.6944521 1.5918820 1.5792165 1.6148487 1.5965773 1.6340181 1.3536486 1.4504576 1.6748996 1.7617617 1.6964359 1.6754620 1.6772767 1.7570514 1.9240198 1.6744979 1.8252137 1.5071230 1.7420044 1.5467122 1.6305523 1.6115469 1.8180003 1.5880978 1.5935880 2.3581836 1.9778890 2.1298930 2.2161029 1.5476610 1.9161276 1.7450684 2.1579487 2.0097579 1.8596102 1.9724260 1.8936284 2.4649362 2.1227036 2.1819846 2.0473433 2.2644506 2.1708355 2.1529307 2.3701819 2.2697298 2.6404014 2.2971802 2.4176459 2.8272898 2.1119517 2.2126524 2.0536251 2.0536251 1.5349380 2.1414361 2.1324866 2.1566187 2.5742609 2.5979937 2.5979937 2.5742609 2.3135667 2.4344711 2.5340810 2.5308181 2.3295240 2.3295240 2.4956597 2.3046684 2.1654252 1.7538992 2.0607940 1.8438901 1.9369204 1.9701218 2.0398355 1.9568096 1.9732801 2.1128266 2.2733910 2.2733910 2.2564368 2.3896456 2.3896456 2.4573881 
Lcom_lcpid89141                                                   1.1193237 1.1222489 1.4090934 0.9322347 1.2373820 1.2957520 1.2912714 0.0000000 0.2576374 0.2156171 0.2850172 1.2036931 0.7609462 1.0374080 1.1220292 1.0761855 1.0929680 1.0287306 1.1440074 1.0793189 1.1774788 1.0685663 1.0659311 1.0106375 1.0537895 1.1679831 1.2645755 1.2645755 1.0698762 1.0458224 1.0312149 1.0319955 1.0109126 0.8984463 1.2850346 1.2444651 1.2834528 1.1924244 1.2623531 1.4836049 1.3679880 1.4175772 1.5324445 1.4113851 1.4004407 1.4372312 1.4467953 1.4582846 1.3615234 1.3639163 1.3079931 1.3403109 1.5542431 1.6437660 1.6856517 1.5191350 1.8499989 1.2969293 1.8661641 1.7101336 1.8061135 1.6145659 1.8193465 1.6977071 1.8241063 1.7447572 1.7383038 2.6865385 1.5952019 1.9858752 1.7741361 1.3200835 1.4271689 1.6926760 1.9586460 2.0136150 1.8841224 1.9271097 1.8302007 2.3628534 1.9311433 2.0013310 1.6477078 2.0474261 2.3990326 2.4163324 2.6242511 2.5394819 2.6792550 2.5225075 2.3028081 2.8800995 2.1125063 2.1280354 2.1294268 2.1294268 1.3108617 2.0572774 2.0483496 2.0631170 2.1644395 2.1698473 2.1698473 2.1644395 2.0437129 2.0992246 2.1924166 2.2227104 2.0154516 2.0154516 2.3494527 2.0430404 1.9108603 1.6268057 1.7860275 1.7780480 1.9090141 1.8459385 1.7875850 2.0603323 1.8734808 2.1276259 2.2057072 2.2057072 2.1659593 2.1964083 2.1964083 2.3153120 
Gracom_Gcom_scaffold264_01                                        1.0909232 1.1586732 1.4614975 1.0064898 1.2113817 1.2087301 1.2122263 0.2576374 0.0000000 0.1848335 0.2342431 1.1689950 0.7883691 1.0819790 1.2049220 1.1541733 1.1815372 1.0753467 1.1704013 1.0507410 1.2205777 1.0601004 1.0907271 1.0583354 1.0611481 1.1815570 1.3544481 1.3544481 1.0223538 0.9803809 1.0037469 1.0045375 1.0092202 0.9075308 1.3374415 1.2630374 1.2859227 1.1558821 1.2458797 1.5169970 1.4591566 1.5219661 1.5478949 1.4966892 1.4849425 1.5072679 1.5219387 1.5416377 1.3640639 1.3997531 1.3052782 1.3296826 1.5848370 1.7179204 1.7425500 1.6531470 2.0213706 1.2952077 2.1014898 1.5934719 1.6496655 1.5508396 1.6927344 1.6849753 1.7890977 1.7667621 1.7683064 2.5401590 1.5851270 1.9546192 1.7940169 1.3422858 1.4725921 1.6921438 2.0312259 1.9474214 1.8074188 2.0749661 1.9416349 2.2634414 1.8256445 2.0560874 1.5981243 2.2308278 2.4050941 2.4499812 2.6420153 2.6356314 2.7421136 2.5232381 2.5275464 2.9976007 2.4478551 2.4923312 2.1104951 2.1104951 1.2815496 2.3343697 2.3245280 2.3515118 2.4595214 2.4917140 2.4917140 2.4595214 2.2424533 2.3375485 2.4386780 2.4400648 2.1182744 2.1182744 2.3878575 2.2043649 2.0129680 1.5923232 1.8518468 1.8252900 1.9389107 1.9444421 1.9306658 2.1584101 2.0079381 2.0589318 2.2888405 2.2888405 2.2167993 2.2458483 2.2458483 2.4929730 
Scil_scict000424.1                                                1.0966565 1.1216449 1.3290902 0.9311199 1.1976391 1.2090431 1.2090431 0.2156171 0.1848335 0.0000000 0.2514903 1.2066209 0.8022754 1.0093912 1.0725004 1.0784389 1.0768475 1.0175427 1.0714896 1.0103647 1.1785930 1.0084516 1.0222167 0.9612344 1.0900351 1.1737240 1.1996738 1.1996738 1.0531995 1.0322263 1.0111376 1.0119246 1.0074748 0.8918183 1.1804914 1.1902576 1.2080704 1.2004863 1.1713219 1.4474040 1.3234290 1.4070895 1.4315235 1.4096145 1.3982484 1.4139556 1.4518681 1.4624222 1.3466332 1.3519983 1.2225198 1.3721860 1.5344674 1.6923187 1.7120180 1.5723548 1.9067093 1.1084357 2.0926829 1.6393648 1.7216279 1.5191970 1.8404561 1.6760253 1.8167908 1.7078677 1.7093979 2.4021341 1.4874540 1.9464954 1.6803226 1.3491657 1.4020184 1.7322457 1.9829660 1.8327510 1.7420849 1.9063412 1.8708527 2.2491753 1.8426386 2.0099970 1.4056244 2.1051490 2.3419831 2.3786548 2.5120274 2.4297780 2.5272223 2.4777039 2.4403719 2.8785019 2.3014292 2.2494933 2.0274272 2.0274272 1.2088134 2.0638925 2.0548203 2.0809942 2.1146920 2.1146920 2.1146920 2.1146920 2.1325870 2.1911873 2.1904878 2.1904878 2.1597631 2.1597631 2.4075747 2.1100963 1.8196746 1.4398047 1.7508643 1.8104942 1.7461800 1.7613559 1.7317023 2.0247719 1.8728219 2.0370664 2.1418966 2.1418966 2.1173366 2.0870953 2.0870953 2.4824464 
Leuniv_Lniv_scaffold5850_01                                       1.1530763 1.1723655 1.4451398 0.9954647 1.2763422 1.2907891 1.2933120 0.2850172 0.2342431 0.2514903 0.0000000 1.3297671 0.8187412 0.9878121 1.0754451 1.0731414 1.0662532 0.9896565 1.1577276 1.0672316 1.2594619 1.0547255 1.0892651 1.0177106 1.0842197 1.1833588 1.2142083 1.2142083 0.9854637 0.9530527 0.9512242 0.9482577 0.9546026 0.8379789 1.3321301 1.3359505 1.3372298 1.2335094 1.2532332 1.6298821 1.5481132 1.5234279 1.4922164 1.4432377 1.4319189 1.4256926 1.4438871 1.4819902 1.3426080 1.2406381 1.3633910 1.4065171 1.4888012 1.5772486 1.5809849 1.5593816 1.9984813 1.2964531 2.0962057 1.6115837 1.7328273 1.4999340 1.7904403 1.6969403 1.7746758 1.7701636 1.7717327 2.2676093 1.4773537 1.9570029 1.7617784 1.3684876 1.4236861 1.7823723 1.8787781 1.7849580 1.7620235 2.0211830 1.9328400 2.2293915 1.8858689 2.0408001 1.5775908 2.2659685 2.5458673 2.6054471 2.6989541 2.6466975 2.6490228 2.5958573 2.4083890 2.9128209 2.4583278 2.4684172 2.2346511 2.2346511 1.2423447 2.2410192 2.2314791 2.2574424 2.2461429 2.2461429 2.2461429 2.2461429 2.1099672 2.2928046 2.2800516 2.2800516 2.1265968 2.1265968 2.2455038 2.1219340 1.9972783 1.5587820 1.7794597 1.8071623 1.8878307 1.8454989 1.8751144 1.9741884 2.1081393 2.1265666 2.1969204 2.1969204 2.2222287 2.2375227 2.2375227 2.3145473 
Clacor_Ccor_scaffold5323_01                                       1.5226797 1.4920355 3.7882360 1.2687799 1.6687447 1.7632385 1.7632385 1.2036931 1.1689950 1.2066209 1.3297671 0.0000000 0.6323798 1.4694188 1.6481081 1.7127892 1.6634587 1.4300975 1.5062926 1.6049532 1.6480999 1.6404888 1.6211719 1.4959331 1.4940086 1.7190921 1.6311645 1.6311645 1.2808307 1.2366184 1.1985375 1.2001130 1.2122363 1.1463188 2.2132571 2.1384085 2.0743960 1.9876388 2.0124006 2.4286193 2.3012326 2.2338610 2.3205273 2.2510795 2.2097045 2.0469014 2.0782033 2.1595649 1.9161341 3.2987984 1.8145150 1.8053763 2.2071447 2.1446514 2.1917483 2.2252502 3.1666833 3.8572278 3.0715381 2.3138179 3.1185038 2.4557281 2.5528346 2.5621996 2.4649518 2.1791499 2.1704776 5.0126567 3.4128249 2.7095658 4.0518547 2.2786433 2.1404599 2.3719302 3.8863627 2.7025745 2.7557697 2.8803674 2.8356049 5.2057068 2.7352658 3.2942018 2.0576909 2.6657286 2.9926191 2.8121932 3.5170297 3.0197269 5.0736337 3.2298803 5.8654327 8.1624687 2.8434056 2.9717883 3.4200560 3.4200560 1.9094880 2.0726127 2.0726127 2.1007851 2.2734299 2.2734299 2.2734299 2.2734299 1.9191238 2.4380314 2.4380314 2.4380314 1.7795574 1.7795574 5.2008117 2.3076434 5.4413634 2.2771636 2.6940838 2.6244652 2.9993472 2.6601688 2.2242334 2.7064325 2.7967846 3.4857763 2.5000526 2.5000526 2.7096239 2.7669900 2.7669900 2.9006612 
Clacor_Ccor_scaffold9450_01                                       1.2760331 1.1397137 1.2930479 1.0610371 1.2769206 1.4520510 1.4520510 0.7609462 0.7883691 0.8022754 0.8187412 0.6323798 0.0000000 0.9666920 1.0488193 1.0275132 1.1241818 1.0752587 1.0558731 1.0494316 1.1682662 0.9897725 0.9661962 0.9457721 1.0512764 1.1688018 1.2268263 1.2268263 1.1193958 1.0874038 1.0812823 1.0820542 1.0616002 0.9588844 1.2939589 1.3605012 1.3899734 1.4123110 1.3790765 1.5043640 1.4521221 1.4129380 1.4777668 1.4281096 1.4166677 1.4072386 1.3964850 1.4332533 1.2874295 1.1692250 1.2842192 1.4177262 1.7281767 1.6284026 1.6313617 1.5668404 1.8400035 1.2988442 1.9606431 1.6693025 1.8454369 1.7133266 1.8074695 1.7151742 1.8634361 1.7170296 1.7226237 2.3186971 1.5969330 1.9286357 1.9917811 1.4919577 1.7996594 1.9367057 2.0368570 1.9359622 1.8955086 2.1383247 1.9760353 2.3800353 1.9779169 2.2387139 1.8606193 2.1362667 2.6298308 2.6731671 3.0291898 2.8641698 2.9383209 2.7404046 2.4099597 2.9361156 2.3421079 2.3613498 2.3281085 2.3281085 1.3979178 2.2206659 2.2042610 2.2326035 2.1993600 2.1993600 2.1993600 2.1993600 2.1644521 2.4778727 2.4683012 2.4683012 2.1231880 2.1231880 2.4158599 2.2839312 1.7945709 1.5666124 1.6801960 2.0373067 1.8974057 1.7944895 1.9709442 2.0043038 1.9599568 2.1622397 2.3441725 2.3441725 2.1965823 2.2921070 2.2921070 2.2949645 
Bralan_BLAG13000238_1                                             1.0681385 0.9716939 1.0880899 0.9575231 1.3290075 1.4054490 1.4194972 1.0374080 1.0819790 1.0093912 0.9878121 1.4694188 0.9666920 0.0000000 0.4586006 0.4337068 0.4833105 0.5514669 0.3865030 0.5495731 0.5737017 0.3988126 0.4228832 0.3699438 0.4460278 0.6042253 0.7324815 0.7324815 0.9285796 0.9146802 0.9120224 0.9089877 0.8950621 0.8725202 1.0430083 1.1501264 1.1372997 1.0218008 1.0693452 1.2443968 1.1745170 1.1787552 1.1175424 1.3350114 1.3244658 1.2737016 1.2928731 1.3109019 1.2056106 1.1168416 1.0912180 1.2008330 1.4728422 1.5049214 1.4982864 1.5334482 1.8305766 1.4809732 1.9376519 1.3783473 1.6401060 1.5569347 1.5699010 1.6928512 1.7160064 1.6066023 1.6168061 1.9553006 1.3018911 1.6655071 1.6614453 1.2325025 1.3553828 1.6020731 1.6162482 1.5906256 1.5167001 1.7310747 1.6376838 1.9981456 1.6323016 1.7417614 1.5642361 1.9096966 2.2224208 2.2238730 2.2622587 2.2368499 2.3648093 2.3729271 2.2415508 2.3103102 1.9359829 2.0496282 2.1392603 2.1392603 1.2683479 2.0560801 2.0560801 2.0690027 2.4044370 2.4286817 2.4286817 2.4044370 2.0208922 2.2389887 2.3204721 2.2753662 1.9271196 1.9271196 1.9818349 1.9274147 1.5701695 1.5279216 1.6312516 1.3774031 1.4561481 1.4313634 1.3944315 1.6096491 1.9520993 1.8688579 1.9520274 1.9520274 1.7474751 1.8719018 1.8719018 2.2384488 
Hsap_ENST00000380110                                              1.2994067 1.1903575 1.3660193 1.1149608 1.4533257 1.4338427 1.4458950 1.1220292 1.2049220 1.0725004 1.0754451 1.6481081 1.0488193 0.4586006 0.0000000 0.1086330 0.2009800 0.3773090 0.5107357 0.5883061 0.6545245 0.5015217 0.5545734 0.5415767 0.5168840 0.7349391 0.8481761 0.8481761 1.0102582 1.0045873 1.0155729 1.0123964 0.9906167 0.9010611 1.0890145 1.1289068 1.1293950 1.0624357 1.1497713 1.2753735 1.1900455 1.2461789 1.1713016 1.2131982 1.2035709 1.1775738 1.2132352 1.2491442 1.3473223 1.1577905 1.0668274 1.1608562 1.6190723 1.4274399 1.3895938 1.4422426 1.7383268 1.5388424 1.8109146 1.6393476 1.7276419 1.7105408 1.7742619 1.7653229 1.7746380 1.7234851 1.7397563 1.7765073 1.3422812 1.6553535 1.5660080 1.1719580 1.3358070 1.5479617 1.5500336 1.6441824 1.5485432 1.6186010 1.5681394 2.0801461 1.6997753 1.8252056 1.4802287 1.8950402 2.3908614 2.4004866 2.3757414 2.2711652 2.4417467 2.4684746 2.1400436 2.5841153 2.0597694 2.1970904 2.0421481 2.0421481 1.3391520 1.8778553 1.8778553 1.8894637 2.3235855 2.3274616 2.3274616 2.3235855 1.9443056 2.1398519 2.2670201 2.2695798 1.7528734 1.7528734 1.7780492 2.0542866 1.4915006 1.4734397 1.5756167 1.4165644 1.4895485 1.5180909 1.5676172 1.7206342 2.1795052 1.8432896 1.9691878 1.9691878 1.8513068 1.9803359 1.9803359 2.3624086 
Hsap_ENST00000357083                                              1.2772816 1.1961213 1.3683747 1.1232732 1.4683004 1.4711133 1.4837879 1.0761855 1.1541733 1.0784389 1.0731414 1.7127892 1.0275132 0.4337068 0.1086330 0.0000000 0.1852821 0.3885351 0.5274185 0.5919579 0.6536899 0.4912802 0.5474607 0.5032821 0.5211669 0.7348445 0.8717770 0.8717770 0.9880677 0.9687328 0.9672327 0.9641082 0.9449612 0.8511511 1.0768358 1.1024778 1.1238167 1.0275472 1.1224090 1.2700644 1.1604309 1.2520220 1.2402384 1.2104508 1.2009032 1.1725007 1.2118676 1.2493699 1.3450906 1.1514184 1.1059277 1.1475266 1.5953650 1.4235540 1.4057771 1.4373518 1.6906895 1.5126439 1.7529746 1.5799580 1.7202914 1.5905350 1.7379497 1.6939077 1.7815033 1.7339509 1.7410817 1.8172361 1.3472533 1.7117601 1.6088101 1.1431604 1.3586489 1.5489374 1.5690186 1.6974803 1.6068664 1.6507977 1.5528727 2.0543700 1.6990788 1.8182313 1.3919602 1.8956485 2.3858259 2.3915923 2.3116810 2.2289661 2.4292862 2.3741019 2.0434036 2.5244532 1.9838174 2.1223952 2.0886979 2.0886979 1.3244306 1.8497855 1.8497855 1.8613025 2.2761371 2.2903342 2.2903342 2.2761371 1.9492881 2.1704657 2.2677950 2.2735533 1.7158289 1.7158289 1.7318761 1.9996106 1.4735459 1.5184928 1.6326222 1.4445865 1.5382527 1.5332420 1.4977733 1.7220861 2.0350782 1.8161827 2.0894685 2.0894685 1.9523789 2.0169058 2.0169058 2.3627536 
Hsap_ENST00000359227                                              1.1645006 1.1196190 1.3013877 1.0754685 1.3130196 1.3491157 1.3613291 1.0929680 1.1815372 1.0768475 1.0662532 1.6634587 1.1241818 0.4833105 0.2009800 0.1852821 0.0000000 0.4312678 0.5094815 0.6499436 0.7069305 0.5620674 0.6078979 0.5500926 0.5479712 0.7321520 0.8473821 0.8473821 1.0081638 0.9983218 1.0267066 1.0235349 1.0120737 0.9106115 1.1339499 1.1126074 1.1223917 1.0898371 1.1774343 1.2554921 1.1986086 1.2561093 1.1856815 1.2197697 1.2101092 1.2069904 1.2196336 1.2436784 1.3219918 1.0981513 1.1373278 1.1923565 1.5608895 1.4683018 1.4550194 1.5103090 1.6805883 1.4736580 1.7578971 1.5561094 1.6926699 1.6767232 1.7807901 1.7038734 1.6919959 1.7514321 1.7549149 1.8847494 1.3369781 1.7711025 1.6403542 1.1675077 1.3301441 1.4918752 1.6298689 1.7196103 1.6988823 1.7862244 1.6810317 2.1102346 1.7128222 1.8474611 1.3681205 1.8748568 2.3608758 2.3528400 2.3352383 2.3351694 2.3671489 2.4520906 2.1713217 2.5424701 2.0628804 2.1380593 2.0352284 2.0352284 1.2686367 1.8598021 1.8598021 1.8712279 2.2731851 2.2771307 2.2771307 2.2731851 2.0157227 2.2130210 2.2967045 2.2967045 1.7908920 1.7908920 1.7623148 2.0557527 1.5688916 1.5526883 1.7765284 1.4977196 1.4943904 1.6026082 1.5814405 1.7982821 2.1398671 1.8800483 2.1879256 2.1879256 1.9575597 2.1201007 2.1201007 2.1623484 
Hsap_ENST00000407627                                              1.2604036 1.2164149 1.3911338 1.0638163 1.4389153 1.3857405 1.3857405 1.0287306 1.0753467 1.0175427 0.9896565 1.4300975 1.0752587 0.5514669 0.3773090 0.3885351 0.4312678 0.0000000 0.6055974 0.7242447 0.7513321 0.6317373 0.6485258 0.6152068 0.6320213 0.7801577 1.0065902 1.0065902 0.9583448 0.9512578 0.9813186 0.9782407 0.9495511 0.8802461 1.3156091 1.0499801 1.0689729 1.1043529 1.1624869 1.3529084 1.3277677 1.3060498 1.2746647 1.3068149 1.2963702 1.2529750 1.2647970 1.2852619 1.3062045 1.1653859 1.1916242 1.2194854 1.6668874 1.5452734 1.5630154 1.5226116 1.7331318 1.4244945 1.8511452 1.5158647 1.7540647 1.6057009 1.7032966 1.6579798 1.7429628 1.7608732 1.7608732 1.9763830 1.3074051 1.8380351 1.6084215 1.1734789 1.2309630 1.5814253 1.6131661 1.8361521 1.7880332 1.8938609 1.8196598 2.2358264 1.8116284 1.9056555 1.3880289 1.7755368 2.6030183 2.6525154 2.4931670 2.4921550 2.6329833 2.5679213 2.4605022 2.8455951 2.3005974 2.3289582 2.2672288 2.2672288 1.3300336 1.9244814 1.9244814 1.9364086 2.2992520 2.2992520 2.2992520 2.2992520 1.9713086 2.2047859 2.3328289 2.3433058 1.7655980 1.7655980 1.8289761 2.0720186 1.6732474 1.6695250 1.7044214 1.5549583 1.5713899 1.5913006 1.5119301 1.9326721 2.0492922 1.9087151 2.1784066 2.1784066 1.9844229 2.0732787 2.0732787 2.2143024 
Skow_NM_001164904.1                                               1.1722598 1.0501344 1.2437860 1.0442696 1.4561985 1.5066291 1.5187218 1.1440074 1.1704013 1.0714896 1.1577276 1.5062926 1.0558731 0.3865030 0.5107357 0.5274185 0.5094815 0.6055974 0.0000000 0.6038078 0.6744330 0.4615317 0.4902470 0.4701948 0.5342322 0.7410150 0.8047718 0.8047718 0.9536477 0.9589110 0.9578883 0.9548842 0.9561317 0.8814181 1.2175134 1.1849077 1.1770915 1.0813147 1.1741523 1.2594705 1.2068479 1.2127346 1.2976455 1.3681828 1.3574118 1.3074748 1.3394077 1.3520636 1.3163750 1.1798767 0.9886241 1.1105724 1.5477063 1.6239537 1.6977985 1.7549173 1.8615954 1.5480253 1.9525901 1.4616758 1.6908974 1.4912392 1.5619977 1.6908241 1.7692981 1.7049949 1.7071169 2.2242031 1.3588274 1.7262461 1.6127982 1.2815961 1.4692720 1.6691503 1.7905157 1.7718755 1.6708972 1.7909849 1.6969678 2.2222282 1.7848121 1.9143322 1.4651597 1.9954001 2.1881398 2.1816635 2.2881490 2.1915067 2.5652195 2.5531540 2.4884406 2.6060120 2.1612687 2.2593987 2.2001279 2.2001279 1.4177133 2.0359981 2.0359981 2.0486889 2.3128414 2.3128414 2.3128414 2.3128414 2.1347599 2.2962064 2.3126593 2.2849780 1.8483727 1.8483727 1.9513542 2.0843938 1.5558413 1.6933310 1.7672199 1.4084172 1.4677513 1.3885006 1.5688480 1.8020789 2.1496102 1.9799043 1.9795704 1.9795704 1.7695163 1.8640953 1.8640953 2.3743554 
Acagra_model.g7455.t1.1.5d3b848b                                  1.1726215 1.0501783 1.1962389 1.0795087 1.3654852 1.3666291 1.3789848 1.0793189 1.0507410 1.0103647 1.0672316 1.6049532 1.0494316 0.5495731 0.5883061 0.5919579 0.6499436 0.7242447 0.6038078 0.0000000 0.3680636 0.3436154 0.3664390 0.3513261 0.3992415 0.4614974 0.9934031 0.9934031 0.8989020 0.8941873 0.9048730 0.9019109 0.8934378 0.8528379 1.1519769 1.0717012 1.0749105 1.0571093 1.1210529 1.2308739 1.2574611 1.2019340 1.2071669 1.2676148 1.2575574 1.2476718 1.2355809 1.2774647 1.2887058 1.1309507 1.1413850 1.1904813 1.5172533 1.4920103 1.5298330 1.6118154 1.6503418 1.3815986 1.7321266 1.5434295 1.6368772 1.6404605 1.5980225 1.6058948 1.6244053 1.8215082 1.8389747 1.8386356 1.3182464 1.6327003 1.5860325 1.2883408 1.2959436 1.6253147 1.7402825 1.7013512 1.6385480 1.7711515 1.6691480 2.0942415 1.7671088 1.8156810 1.3939529 1.7346393 2.1838186 2.2198944 2.4018562 2.3148068 2.3223488 2.4429787 2.3037463 2.2882403 2.0544706 2.1245164 2.1031462 2.1031462 1.2806115 2.1296845 2.1296845 2.1430320 2.5536415 2.5574289 2.5574289 2.5536415 2.1608942 2.4131571 2.4849404 2.4875806 2.0150247 2.0150247 2.1044826 2.3365953 1.7542957 1.4361653 1.5367817 1.4804502 1.5402889 1.5703792 1.5609248 1.6203384 1.8521358 1.6125423 1.9388127 1.9388127 1.7810034 1.8951004 1.8951004 2.3536068 
Cgig_XM_034457384.1                                               1.2409635 1.0978066 1.2676829 1.1064987 1.4891006 1.4331166 1.4474597 1.1774788 1.2205777 1.1785930 1.2594619 1.6480999 1.1682662 0.5737017 0.6545245 0.6536899 0.7069305 0.7513321 0.6744330 0.3680636 0.0000000 0.4197385 0.4370656 0.3981680 0.4019950 0.5113731 0.9829593 0.9829593 0.9531497 0.9512927 0.9797428 0.9793085 0.9106581 0.8986838 1.2858013 1.2818587 1.2840453 1.1834527 1.2493126 1.4190327 1.4199675 1.3065689 1.3832786 1.4817026 1.4702300 1.4550292 1.4483890 1.4682068 1.5198579 1.3390093 1.1150377 1.1851451 1.6243679 1.5974763 1.5749603 1.6952029 1.7970693 1.7803976 1.8403351 1.7724962 1.8142493 1.7399218 1.8189510 1.7809360 1.9014559 1.8083892 1.8301682 2.0427846 1.3877876 1.8603132 1.6768603 1.2875433 1.4908829 1.8124169 1.7981547 1.7056064 1.5697313 1.6696257 1.5863711 2.0833840 1.7419059 1.8351258 1.6126836 1.7928566 2.4173321 2.4607988 2.7831457 2.6358805 3.0035897 2.6602628 2.4161437 2.8098160 2.2528542 2.3932341 2.3389904 2.3389904 1.4707471 2.1241946 2.1241946 2.1443614 2.6073086 2.6125389 2.6125389 2.6073086 2.0764211 2.4851864 2.5536933 2.5732294 2.1645522 2.1645522 2.2771017 2.4230755 1.7212605 1.6935372 1.7098291 1.5747152 1.5979023 1.6728596 1.5747236 1.5962678 2.1580028 1.9204233 2.2466169 2.2466169 2.0371696 2.1795469 2.1795469 2.4580111 
Cscu_XM_023356639.1                                               1.0462610 0.9362735 1.0489202 1.0109235 1.3630923 1.4490199 1.4781459 1.0685663 1.0601004 1.0084516 1.0547255 1.6404888 0.9897725 0.3988126 0.5015217 0.4912802 0.5620674 0.6317373 0.4615317 0.3436154 0.4197385 0.0000000 0.0646705 0.1445292 0.2273728 0.4840470 0.8012365 0.8012365 0.9450103 0.9444899 0.9386280 0.9355842 0.9165228 0.8862620 1.1110598 1.1320006 1.1185134 1.0789831 1.1327205 1.2014134 1.2109718 1.1801802 1.1676029 1.2847228 1.2746051 1.2470969 1.2594414 1.2857745 1.2749435 1.0571413 1.0175515 1.1607248 1.5751923 1.5303665 1.5765075 1.6542814 1.7727067 1.4170529 1.8678991 1.5510309 1.7247978 1.6248704 1.5694241 1.6503088 1.7191374 1.6978522 1.7085181 1.9427179 1.2716648 1.6084471 1.4932744 1.1130589 1.2218530 1.5762019 1.5477753 1.5410558 1.4337245 1.5626200 1.4543763 1.9719854 1.6321986 1.6560152 1.4668783 1.6715962 2.2698110 2.3113731 2.5160988 2.3013663 2.5433997 2.4606268 2.3428831 2.5887472 2.0269474 2.1076158 2.0256871 2.0256871 1.2921791 2.1765368 2.1765368 2.1902083 2.5494098 2.5312414 2.5312414 2.5494098 2.1972755 2.4272982 2.4868884 2.4744138 2.0550854 2.0550854 2.2407376 2.3268967 1.5733728 1.4750664 1.5527656 1.2507151 1.3146637 1.3483556 1.3784180 1.6862042 1.8693392 1.6563448 2.0074702 2.0074702 1.7533409 1.8821039 1.8821039 2.1902348 
Cscu_XM_023372262.1                                               1.0418857 0.9387473 1.0527572 0.9801152 1.3219375 1.4286216 1.4578477 1.0659311 1.0907271 1.0222167 1.0892651 1.6211719 0.9661962 0.4228832 0.5545734 0.5474607 0.6078979 0.6485258 0.4902470 0.3664390 0.4370656 0.0646705 0.0000000 0.1723149 0.2217136 0.5219260 0.8455416 0.8455416 0.9517553 0.9340328 0.9453082 0.9422593 0.9239301 0.8937387 1.1296072 1.1431967 1.1213519 1.0716727 1.1171793 1.2966481 1.2604379 1.1969419 1.1608031 1.3332592 1.3227351 1.3088643 1.3323973 1.3598442 1.2577828 1.0488710 1.0601060 1.1959344 1.5631116 1.5291388 1.5702077 1.6836205 1.7004074 1.3682747 1.8138852 1.5569108 1.7323540 1.6625857 1.6221692 1.6916744 1.7360596 1.7058336 1.7165479 1.9801514 1.2799888 1.6070917 1.5271862 1.1121888 1.2509687 1.5809756 1.5710156 1.5563083 1.4418878 1.5594074 1.5345496 2.0023814 1.6563471 1.6600177 1.4929638 1.7278203 2.3280475 2.3505850 2.5024316 2.3066186 2.6162819 2.4588594 2.3100897 2.6007012 2.0482746 2.1199604 1.9745552 1.9745552 1.3208931 2.2082781 2.2082781 2.2221515 2.5877618 2.5690816 2.5690816 2.5877618 2.1564808 2.4405053 2.4904255 2.4778857 2.0312017 2.0312017 2.2159516 2.3068185 1.6092162 1.4262443 1.5940637 1.2851600 1.3385139 1.3339126 1.4221087 1.7201932 1.8124511 1.6392196 2.0221549 2.0221549 1.7578947 1.9091783 1.9091783 2.1877448 
Tcas_TC034524_001                                                 1.0355846 0.9252566 1.0245797 0.9838809 1.3461373 1.3910484 1.4111200 1.0106375 1.0583354 0.9612344 1.0177106 1.4959331 0.9457721 0.3699438 0.5415767 0.5032821 0.5500926 0.6152068 0.4701948 0.3513261 0.3981680 0.1445292 0.1723149 0.0000000 0.2162272 0.4292212 0.8492507 0.8492507 0.8996503 0.8935675 0.9085480 0.9055993 0.8832604 0.8545839 1.1162624 1.1916464 1.1845244 1.1244889 1.1482891 1.2602061 1.2232614 1.2220149 1.2149804 1.2808277 1.2708461 1.2527259 1.2501410 1.2693174 1.2132477 1.0359881 1.0563624 1.2092514 1.5130862 1.4955846 1.5002963 1.6014988 1.6807884 1.3814804 1.7642876 1.5193817 1.6601037 1.5773474 1.5462054 1.6800762 1.7168549 1.6345150 1.6461507 1.9483506 1.2085623 1.5922118 1.5046337 1.0918854 1.2457918 1.5349143 1.5395760 1.5092097 1.4005090 1.6191013 1.4851460 1.8726968 1.5579664 1.6462753 1.4522585 1.6867750 2.2579713 2.2726727 2.5174451 2.3201774 2.4775237 2.4020708 2.1644206 2.4774959 2.0763855 2.1764791 2.0945578 2.0945578 1.2526775 2.1577051 2.1577051 2.1711431 2.4612747 2.4441091 2.4441091 2.4612747 2.2113108 2.2827568 2.3637354 2.3217360 1.9827113 1.9827113 2.1614223 2.2389572 1.6119457 1.5075143 1.6516555 1.3981815 1.4882012 1.4572907 1.4286184 1.6773961 1.7886888 1.7004045 1.9443073 1.9443073 1.6837502 1.8287427 1.8287427 2.0961542 
Dpul_mRNA28141                                                    1.0269534 0.8973299 1.0036113 0.9790470 1.4190425 1.4470488 1.4470488 1.0537895 1.0611481 1.0900351 1.0842197 1.4940086 1.0512764 0.4460278 0.5168840 0.5211669 0.5479712 0.6320213 0.5342322 0.3992415 0.4019950 0.2273728 0.2217136 0.2162272 0.0000000 0.4901727 0.9427997 0.9427997 1.0967929 1.0891096 1.0831242 1.0797554 1.0513887 0.9786376 1.2275466 1.2520960 1.2466369 1.2507737 1.2507737 1.3030097 1.2337442 1.1425794 1.2137167 1.4345802 1.4223292 1.3989665 1.4138541 1.3995656 1.3384162 1.0741696 1.1107762 1.2472968 1.5765938 1.4415153 1.4776124 1.5444379 1.7008207 1.2700549 1.7394381 1.6150297 1.6082855 1.5686454 1.6878698 1.7210985 1.6156688 1.5675734 1.5751483 2.0130767 1.2006907 1.6346191 1.6112744 1.1729069 1.1175477 1.6737288 1.9315321 1.6149055 1.5614456 1.6814862 1.6660723 2.2305910 1.7871025 1.7856407 1.4554792 1.6548747 2.4039233 2.4277378 2.8638256 2.6485354 2.4975452 2.7388920 2.1967764 2.8821499 2.0325723 2.0008228 2.1369890 2.1369890 1.1430360 2.2211930 2.2211930 2.2493075 2.5981727 2.5981727 2.5981727 2.5981727 2.3720792 2.6877553 2.6877553 2.6877553 2.2179608 2.2179608 2.3065670 2.6672885 1.7318197 1.5352148 1.6554917 1.4452710 1.4174473 1.4843149 1.3463286 1.6825803 1.7128246 1.6727655 1.9886846 1.9886846 1.6379384 1.7576383 1.7576383 2.1474822 
Ctel_gnl_WGS_AMQN_CAPTEDRAFT_mRNA172701                           1.2644006 1.1892486 1.3460040 1.2713805 1.5763494 1.4909776 1.4996260 1.1679831 1.1815570 1.1737240 1.1833588 1.7190921 1.1688018 0.6042253 0.7349391 0.7348445 0.7321520 0.7801577 0.7410150 0.4614974 0.5113731 0.4840470 0.5219260 0.4292212 0.4901727 0.0000000 1.0067645 1.0067645 1.1214491 1.1024517 1.1122073 1.1146396 1.1179672 1.0572808 1.2099518 1.2496759 1.2470813 1.1657001 1.2110145 1.3400105 1.3015031 1.2701612 1.3822583 1.3417901 1.3313384 1.3274540 1.3677368 1.3848171 1.3858197 1.2126062 1.2236708 1.2840666 1.6383329 1.7047990 1.7455131 1.7918976 1.9441475 1.4960980 1.9931289 1.6845871 1.8105578 1.8063447 1.7415004 1.8008435 1.8347234 1.8373416 1.8595101 2.0394969 1.3665532 1.7377018 1.7069253 1.2358255 1.4274279 1.7324151 1.7089241 1.8398722 1.7295995 1.7251575 1.6632610 2.2038125 1.8361971 1.9158745 1.6269269 1.8872623 2.5515596 2.6150300 2.6922297 2.7116950 2.7154082 2.7865592 2.3334796 2.8504598 2.2530112 2.2701905 2.4992761 2.4992761 1.4785065 2.3443384 2.3443384 2.3591309 2.7073451 2.7073451 2.7073451 2.7073451 2.2694214 2.4401705 2.4671706 2.5468132 2.2649683 2.2649683 2.3065356 2.4005392 1.6519888 1.5686343 1.7483225 1.4648258 1.5773779 1.5524732 1.5417376 1.8979816 2.1349477 1.8883606 2.1235402 2.1235402 1.8774469 2.0167425 2.0167425 2.3668267 
Spur_XM_030996875.1                                               1.2840892 1.3121427 1.5718421 1.2558504 1.4571829 1.6429792 1.6687841 1.2645755 1.3544481 1.1996738 1.2142083 1.6311645 1.2268263 0.7324815 0.8481761 0.8717770 0.8473821 1.0065902 0.8047718 0.9934031 0.9829593 0.8012365 0.8455416 0.8492507 0.9427997 1.0067645 0.0000000 0.0000010 1.0264470 1.0337870 1.0169434 1.0165072 1.0162627 0.9045919 1.1700699 1.4493291 1.4377427 1.2737967 1.3234003 1.3866950 1.4120741 1.4613427 1.4860875 1.4475758 1.4366707 1.3832148 1.4248676 1.4143596 1.3351402 1.3989965 1.4281385 1.4704118 1.7914313 1.7323471 1.7634094 1.7760281 2.1716715 1.8299972 2.2689137 1.7755914 1.9039654 1.6766021 1.9487059 1.8861740 1.7290235 1.8597662 1.8723691 2.2458643 1.4366499 2.0601395 1.9797262 1.5494737 1.7752118 1.7402791 2.0369455 2.0013902 1.9080182 2.1362793 2.1244578 2.4370350 2.0445248 2.1653561 1.8228472 2.1100563 2.4137499 2.3851210 2.5700466 2.6153651 2.9917392 2.6589770 2.4145063 2.9076910 2.1734503 2.3035964 2.3176616 2.3176616 1.4750709 2.1399641 2.1399641 2.1538374 2.4931464 2.4996685 2.4996685 2.4931464 2.0593133 2.1647843 2.2997532 2.2200663 2.1209427 2.1209427 2.4821824 2.2553528 2.0600131 1.6919484 1.8398925 1.6523537 1.7247758 1.6216553 1.7451041 1.8322551 2.3029274 2.1394529 2.2804006 2.2804006 1.9245384 2.0606753 2.0606753 2.3730764 
Spur_XM_030996879.1                                               1.2840892 1.3121427 1.5718421 1.2558504 1.4571829 1.6429792 1.6687841 1.2645755 1.3544481 1.1996738 1.2142083 1.6311645 1.2268263 0.7324815 0.8481761 0.8717770 0.8473821 1.0065902 0.8047718 0.9934031 0.9829593 0.8012365 0.8455416 0.8492507 0.9427997 1.0067645 0.0000010 0.0000000 1.0264470 1.0337870 1.0169434 1.0165072 1.0162627 0.9045919 1.1700699 1.4493291 1.4377427 1.2737967 1.3234003 1.3866950 1.4120741 1.4613427 1.4860875 1.4475758 1.4366707 1.3832148 1.4248676 1.4143596 1.3351402 1.3989965 1.4281385 1.4704118 1.7914313 1.7323471 1.7634094 1.7760281 2.1716715 1.8299972 2.2689137 1.7755914 1.9039654 1.6766021 1.9487059 1.8861740 1.7290235 1.8597662 1.8723691 2.2458643 1.4366499 2.0601395 1.9797262 1.5494737 1.7752118 1.7402791 2.0369455 2.0013902 1.9080182 2.1362793 2.1244578 2.4370350 2.0445248 2.1653561 1.8228472 2.1100563 2.4137499 2.3851210 2.5700466 2.6153651 2.9917392 2.6589770 2.4145063 2.9076910 2.1734503 2.3035964 2.3176616 2.3176616 1.4750709 2.1399641 2.1399641 2.1538374 2.4931464 2.4996685 2.4996685 2.4931464 2.0593133 2.1647843 2.2997532 2.2200663 2.1209427 2.1209427 2.4821824 2.2553528 2.0600131 1.6919484 1.8398925 1.6523537 1.7247758 1.6216553 1.7451041 1.8322551 2.3029274 2.1394529 2.2804006 2.2804006 1.9245384 2.0606753 2.0606753 2.3730764 
HoiH23_PlH23_009672-RA                                            1.1258277 1.0124213 1.2205458 1.1352706 1.3035105 1.2492186 1.2492186 1.0698762 1.0223538 1.0531995 0.9854637 1.2808307 1.1193958 0.9285796 1.0102582 0.9880677 1.0081638 0.9583448 0.9536477 0.8989020 0.9531497 0.9450103 0.9517553 0.8996503 1.0967929 1.1214491 1.0264470 1.0264470 0.0000000 0.0308211 0.0501205 0.0469076 0.1242143 0.0932380 1.1111116 1.0567348 1.0614393 1.0922057 1.0953807 1.2457254 1.1287851 1.0720261 1.1477728 1.2308374 1.2208535 1.2163248 1.2462234 1.2597710 1.1578702 1.2081139 1.1076187 1.1425365 1.3995086 1.3149158 1.3086374 1.3819546 1.6013902 1.3195360 1.7522230 1.4261977 1.5191147 1.3902146 1.5355556 1.4862321 1.7416238 1.6441702 1.6475997 2.1146587 1.5780054 1.8745210 1.7782081 1.4936869 1.6081253 1.8434572 1.8543972 2.0397000 1.9747527 2.2044991 2.0976187 2.2646786 2.0142295 2.2516819 1.6515335 2.0806123 2.1251298 2.1226732 2.4109512 2.3533039 2.4791360 2.4469319 2.3718349 2.5068552 2.1416933 2.1728797 2.2056078 2.2056078 1.3025518 2.1766641 2.1766641 2.1911107 2.3143436 2.3143436 2.3143436 2.3143436 2.0627050 2.3102682 2.2630952 2.2630952 2.0990016 2.0990016 2.5335668 2.3215858 1.7099862 1.6719033 1.8479290 1.6746346 1.6253032 1.5876910 1.6488625 1.8470842 2.0037464 2.0906694 1.9873268 1.9873268 1.9502075 2.2234434 2.2234434 2.2908897 
