124
Dpul_mRNA16150                                        0.0000000 0.2684554 0.4760741 0.6762324 0.6243529 0.2351968 7.9863078 4.1906740 0.3739360 0.5125522 0.0000010 0.0000010 0.0000010 0.0000010 1.0039927 0.0000010 0.0000010 2.8764737 2.6672559 6.5740091 4.3074167 2.8169990 2.8558692 2.7255029 2.7769968 2.4402473 2.6619572 2.8416058 1.1637933 2.7624891 2.7624891 2.7624891 1.6203737 1.6203737 2.4444619 2.4444619 2.4444619 1.6203737 1.2969116 1.7518570 4.1214852 2.8260905 3.3605233 2.7857573 0.0000010 8.9100084 0.0000010 8.9100084 8.9999990 8.9999989 2.8766330 2.8766330 2.8766330 2.8766330 2.8766330 3.0090655 3.0090655 0.0000010 3.2131709 2.7777704 2.6569515 2.4231202 2.8817213 3.6104055 3.3879479 3.1820848 3.3347326 0.0000010 2.2126874 2.2857702 2.6513250 2.3355677 2.3355677 2.3910749 2.4895879 2.5467314 2.7586884 2.7586884 2.6100435 1.4659743 2.5355317 2.7571072 2.8676017 2.6763166 3.6915256 2.9907390 8.9999987 2.6589018 2.9797989 2.6500709 2.8423606 1.4093351 2.6226710 2.9121870 3.3224435 3.5157953 3.0818064 1.3048602 3.2219673 2.9632157 2.9330987 2.9564141 4.5019447 2.5574821 6.3522313 2.6390997 3.3108693 2.6737085 2.4213617 2.9391978 2.3065419 2.7381921 3.3930254 2.2148403 3.2599133 2.7807311 3.6380023 3.3061920 3.5371488 2.6601086 3.0372919 3.0372919 6.1833728 8.9999983 
Dpul_mRNA5257                                         0.2684554 0.0000000 0.2838960 0.4339461 0.4964094 0.2080525 8.8727503 3.9230582 0.6996182 0.9006373 2.6606300 2.6606300 2.6606300 2.7451822 0.9673984 0.0000010 0.0000010 2.5910784 2.5023993 4.1827336 3.3441949 2.5177126 2.4829914 2.2513625 2.3024251 2.0507876 2.2667428 2.3021656 1.5720972 2.4567783 2.4567783 2.4567783 1.7418249 1.7418249 2.1773373 2.1773373 2.1773373 1.7418249 2.5069530 1.9462124 3.7124775 2.4809076 2.8903479 2.2002527 2.7667435 4.2284222 2.7667435 4.2284222 8.6951972 8.4260430 2.6511952 2.6511952 2.6511952 2.6511952 2.6511952 2.7833470 2.7833470 0.0000010 2.9741036 2.6191161 2.4377177 2.3565544 2.7757821 3.2602269 3.0505723 2.6719379 2.8593989 1.4595701 2.0132437 2.1269631 2.3721658 2.1166515 2.1166515 2.1340788 2.2674689 2.3159101 2.1949857 2.1949857 2.1361584 1.5434873 2.4644313 2.2308621 2.5277606 2.2613894 2.8513403 2.6896795 3.8930895 2.3652287 2.5124651 2.1855698 2.4154584 1.4846210 2.4782339 2.6012022 2.7209838 2.7569173 2.5095421 1.4339923 2.9670714 2.6240380 2.8393616 2.3618442 3.9376539 2.4213772 5.6018727 2.1259264 2.9851925 2.4219567 2.3373747 2.6312693 0.0000010 2.4321673 2.9712510 1.9982482 2.8635046 2.3618294 3.0008931 3.3397179 2.9840618 2.1991299 2.7939823 2.7939823 6.4490529 8.9999984 
Dpul_mRNA1792                                         0.4760741 0.2838960 0.0000000 0.6521624 0.6889940 0.4874319 8.9999982 1.1895425 0.4549823 0.7843454 0.3334685 0.3334685 0.3978033 0.3936307 1.0989954 4.5040063 2.9301207 2.0238281 1.8621030 3.9157242 2.5250237 2.1483308 2.1289212 2.0379654 1.9945989 1.8634865 2.0368766 2.0505626 1.3057945 2.0673597 2.0673597 2.0673597 1.6599941 1.6599941 1.9855090 1.9855090 1.8322194 1.4474663 1.8735067 1.6939891 2.1715139 2.0141550 2.1377307 2.2423299 1.4452286 2.0805395 1.3927069 1.9955950 8.9999986 8.0451363 2.0717382 2.0717382 2.0425339 2.1411185 2.0161126 2.1778083 2.1778083 9.0000000 2.3320759 2.1811915 1.9281382 2.0073794 2.1799204 2.4717159 2.4564583 2.8111201 2.4138827 2.0814799 1.7539726 1.8879495 2.0105613 1.8633824 1.8633824 1.8719280 1.9117513 1.9372198 2.0215193 2.0215193 1.8441436 1.4184903 2.2162850 1.8365357 1.9703314 1.9396613 2.1229139 2.0913440 2.1850991 2.2734736 2.1831297 2.0432541 1.9008175 1.3184915 1.9672452 2.0613761 2.4843661 2.4217480 2.4315568 1.7609953 2.6372574 2.5677470 2.4421874 1.9089529 2.3497730 2.2835152 6.8284724 1.8261856 2.5105236 2.2979382 1.9138188 2.2772412 0.0000010 2.0506398 2.8049161 1.9715973 2.7193391 2.3172076 2.9719084 2.6138971 2.8932051 2.1102814 2.7087142 2.7087142 4.6276353 8.3424010 
Dpul_mRNA27065                                        0.6762324 0.4339461 0.6521624 0.0000000 0.0416010 0.4515743 2.1167119 3.5836875 0.6282256 0.7584378 2.6606300 2.6606300 2.6606300 2.7451822 0.4672523 0.0000010 0.0000010 1.6061615 1.6817090 2.1616282 2.3482651 1.7996074 1.7712652 1.7178135 1.6741361 1.4693164 1.6909512 1.6075760 1.3808451 1.8390145 1.8390145 1.8390145 1.5566986 1.5566986 1.7590804 1.7590804 1.7590804 1.5566986 2.5069530 1.8085576 3.2963019 1.8183473 2.0728205 1.5470641 2.7667435 2.7016443 2.7667435 2.7016443 8.9999984 8.9999982 2.0390577 2.0390577 2.0390577 2.0390577 2.0390577 2.1174657 2.1174657 0.0000010 2.0208033 1.6894237 1.5523425 2.4237134 1.9351858 2.3141926 2.0978103 1.9146736 1.9791554 1.4595701 1.3824561 1.2816359 1.4001132 1.3497797 1.3497797 1.2671659 1.3158688 1.3410025 1.5431191 1.5431191 1.4912241 1.6277210 1.8626179 1.5571075 1.6698181 1.5518480 1.9269256 1.9374098 2.8006725 1.8239847 1.8664183 1.5971744 1.7159085 1.4176510 1.8337189 1.7698718 1.7933060 1.7758756 1.7709133 1.4740926 2.1623552 1.9749642 1.9273718 1.6258064 2.5875082 1.8435277 2.1811184 1.5327336 1.8885435 1.5860405 1.5966839 1.7957613 8.1051972 1.6516059 2.0389951 1.4309726 1.8596556 1.6727090 2.0363835 2.0855468 1.9999242 1.6227536 1.6374993 1.6374993 5.4339373 6.6229441 
Dpul_mRNA27057                                        0.6243529 0.4964094 0.6889940 0.0416010 0.0000000 0.7422168 2.3996477 1.5720048 0.5194296 0.7816343 1.0627573 1.0627573 0.8944596 0.7254415 0.5781353 4.1604981 4.0686900 1.9030274 2.1193564 2.6329582 2.7010633 2.2347663 2.1993205 2.1329484 2.0661499 1.9380169 2.0250209 2.1455971 2.0873588 2.2799837 2.2799837 2.2799837 2.1150492 2.1150492 2.2023062 2.2023062 2.0169822 1.8513980 8.1764657 2.3682140 4.1570434 2.2729852 2.4465326 1.6184462 7.4900966 3.6447748 9.0000000 4.0331958 8.9999983 8.9999984 2.4619802 2.4619802 2.5501627 2.6568065 2.4619802 2.7490154 2.7490154 0.0000010 2.6356659 2.1206496 1.9335188 3.5292253 2.2753136 2.4097991 2.3550746 2.7286493 2.4010284 9.0000000 1.6413793 1.7428637 1.8675141 1.7385378 1.7385378 1.7402848 1.7847873 1.8128399 2.0765502 2.0765502 2.0059831 2.1695243 2.3615345 1.9483227 1.8621841 2.1267919 2.5384914 2.1170402 4.6119576 2.0641238 2.2161106 1.9904036 2.0001640 1.9441792 2.1742052 1.9779839 2.3267504 2.1842388 2.0615538 1.9431519 2.3724635 2.1850762 2.3295091 1.9150273 2.9875041 2.1620227 2.6095786 1.9786946 2.4516879 2.1492035 1.9546693 2.3426963 8.1051972 2.0945293 2.5192709 1.7433745 2.1812796 2.1037500 2.2046139 2.5508360 2.5875271 2.0940637 1.6202478 1.6202478 6.3346632 7.7625791 
Dpul_mRNA16169                                        0.2351968 0.2080525 0.4874319 0.4515743 0.7422168 0.0000000 6.9434415 3.4264923 0.9556510 1.1906838 2.7128240 2.7128240 2.7513843 3.2581895 1.1859758 9.0000000 3.2551771 2.9000419 2.6491936 4.2731546 3.4286891 2.7305666 2.7919612 2.6529356 2.5814183 2.3393093 2.6844390 2.7683298 1.9624392 2.5088659 2.5088659 2.5088659 1.7110875 1.7110875 2.2572926 2.2572926 2.3180637 1.7673218 1.3749442 2.0840843 3.6796106 2.4741192 3.0267519 2.1913855 1.7393629 5.5447078 1.8220910 5.4888264 8.9999988 8.9999983 2.8956533 2.8956533 2.8956533 2.8118248 2.8956533 2.9338393 2.9006210 0.0000010 3.0182650 2.7861904 2.7469374 3.3900110 2.7671704 3.3063913 3.2179943 3.5004397 3.2095754 1.3221472 2.4991799 2.7623192 3.0553744 2.7757431 2.7757431 2.7617907 2.8966923 2.9516219 2.4319126 2.4319126 2.4165306 2.1876751 3.0463982 2.5967009 2.6389349 2.7858962 3.4433858 2.8621502 8.9999983 2.6826960 2.8490934 2.6359577 2.7668701 2.1546186 2.6874430 2.8265412 2.8660861 2.8426317 2.6232312 1.8773092 3.0086726 2.7142958 3.1794930 2.8153365 3.7677504 2.7224448 4.5344886 2.5148471 3.3548602 2.9352729 2.6873706 3.2746835 9.0000000 2.7453442 3.6816719 2.2730173 3.1578116 2.6009164 2.8022630 3.5654164 3.4343034 2.6696216 2.6001764 2.6001764 8.2002031 6.9332724 
Lcom_lcpid171711                                      7.9863078 8.8727503 8.9999982 2.1167119 2.3996477 6.9434415 0.0000000 1.0975727 0.0000010 0.0000010 0.0000010 0.0000010 0.0000010 0.0000010 1.0013304 0.0000010 0.0000010 0.9272964 1.0915820 1.5128961 1.2641042 1.2185169 1.1834164 1.1928592 1.1987079 1.2867539 1.1910820 1.1985824 0.0000010 2.1587605 2.1587605 2.1587605 2.2413713 2.2413713 2.1969271 2.1969271 2.1969271 2.2413713 0.0000010 0.0000010 0.0000010 2.2928770 2.1484757 2.3704794 0.0000010 3.0137614 0.0000010 3.0137614 5.0988136 5.0988136 1.8403729 1.8403729 1.8403729 1.8403729 1.8403729 1.8765712 1.7659262 0.0000010 1.7695413 0.8474907 0.9655302 0.0000010 1.6100366 1.5548427 1.6069782 1.5875998 1.6550826 0.0000010 1.1818891 1.1928905 1.2944511 1.1759042 1.1759042 1.2474240 1.3412141 1.3565043 1.4932452 1.4932452 1.5358368 1.7404285 1.6586251 1.2771283 1.0427096 1.3318470 1.2751228 1.2408713 4.6960945 1.2543814 1.2767564 1.4271900 1.4142382 1.1827989 1.2979446 1.6395000 1.5831022 1.7754262 1.8677422 1.5135776 1.7779044 1.8540369 1.7234511 1.5217795 1.4213936 1.6620773 1.9137252 1.4775660 1.5927924 1.7744455 1.5433929 1.5754457 2.6913918 1.5095935 1.3336608 1.2367787 1.9124645 1.7912782 1.5912013 1.7874232 2.2896228 1.3794901 1.7426383 1.7426383 6.0937779 8.2264140 
Dpul_mRNA29844                                        4.1906740 3.9230582 1.1895425 3.5836875 1.5720048 3.4264923 1.0975727 0.0000000 0.3825726 1.1218458 0.3282058 0.3282058 0.2661076 0.3686133 1.1209217 4.2307125 3.0601967 1.4791649 1.3861634 2.4129109 1.7581336 1.4840475 1.5265771 1.6083898 1.5172504 1.7548391 1.4308382 1.6431990 1.8748764 2.0314960 2.0314960 2.0314960 2.1295748 2.1295748 2.1035886 2.1035886 1.5529167 1.5551892 2.5516865 2.1474782 2.1474782 2.0967498 1.9058732 1.9112221 1.8691879 1.6757204 2.1270871 1.8663672 0.0000010 7.1454322 1.4834437 1.4834437 1.8107568 2.1253433 1.0652384 1.9264299 1.9264299 9.0000000 2.2920595 1.4817656 1.1793024 1.7418782 2.3376570 2.3492634 2.6108949 4.1029851 2.3889862 3.0055962 1.4142723 1.8438182 1.8194744 1.7380745 1.7380745 1.8884250 1.6606800 1.6606800 1.7350436 1.7350436 1.7263703 1.5496026 2.0852732 1.5751049 1.4173222 1.7994061 1.3617268 1.5734490 1.7864286 1.6241197 1.6826805 1.6376288 1.5502861 1.8004397 1.7852805 1.7457457 2.4951759 2.2539157 2.2476236 2.1950828 2.2309175 2.4661490 2.1937850 1.7914454 1.6581210 2.4950920 0.3691379 1.7989090 2.2533976 2.4189990 2.1105170 1.9487527 0.0000010 2.2821047 1.9927966 1.9138992 2.3165193 2.0728895 1.5072929 2.0978046 2.6038476 2.0777881 3.9166872 3.9166872 5.7624118 2.8077464 
Dpul_mRNA6073                                         0.3739360 0.6996182 0.4549823 0.6282256 0.5194296 0.9556510 0.0000010 0.3825726 0.0000000 0.3141607 0.1659473 0.1659473 0.0895575 0.3059897 0.6569638 3.9401339 2.4301928 1.5524098 1.3775635 1.8116114 2.0753949 1.4344973 1.4712014 1.4138319 1.3993804 1.4631355 1.4036989 1.4072920 1.6425751 1.7749260 1.7749260 1.7749260 1.6650464 1.6650464 1.6650464 1.6650464 1.6001003 1.6001003 1.6434932 1.9045536 1.9312829 1.9249706 1.8877168 1.9551182 1.4994678 1.5874552 1.4994678 1.5874552 8.9999981 8.3707547 1.4993571 1.4993571 1.6801176 1.6801176 1.4851950 1.7539993 1.7539993 9.0000000 1.7321127 1.5537600 1.2900737 1.6637173 1.6482717 1.9212273 1.6878832 2.4169694 1.7333135 1.9967150 1.1861390 1.3887125 1.4129822 1.4086557 1.4086557 1.3656557 1.3951137 1.3951137 1.3574309 1.3574309 1.4140159 1.5344421 1.7002098 1.4045045 1.3564040 1.7376563 1.8071511 1.5118171 1.6403614 1.5151710 1.6023085 1.4449413 1.4533521 1.6093986 1.6635616 1.4020827 2.0631229 1.7583149 1.7802449 1.7802449 1.7938260 1.6232039 2.0275192 1.6299280 1.7959710 1.7932865 0.0000010 1.4609687 1.7991038 1.7632857 1.7518883 1.8026880 0.0000010 1.8775646 1.9431294 1.5561971 2.1252237 1.7731611 3.3933785 2.1434872 2.1465541 1.6223776 1.9397010 1.9397010 5.1732986 5.7099409 
Dpul_mRNA6184                                         0.5125522 0.9006373 0.7843454 0.7584378 0.7816343 1.1906838 0.0000010 1.1218458 0.3141607 0.0000000 0.0000010 0.0000010 0.1250956 0.2950942 1.6103740 5.4762709 4.0966559 2.4511956 2.4545079 3.3121081 2.7463284 2.3638751 2.3246540 2.2386128 2.1772204 2.3743384 2.2675965 2.2457104 2.3465079 2.5976684 2.5976684 2.5976684 2.4778495 2.4778495 2.4778495 2.4778495 2.0955550 2.0955550 2.7849137 2.6856536 2.7616227 2.5993058 2.6186792 2.3855940 2.3257778 2.2351079 2.2035039 2.1433415 8.9999987 8.9999986 1.7558905 1.7558905 2.3563446 2.5252481 1.4927008 2.4842456 2.4842456 9.0000000 2.5792064 2.3417795 2.1963289 2.0777701 2.1692837 2.6109460 2.3671339 2.9222695 2.1844339 2.5750297 2.0440937 2.1465250 2.1802387 2.2438815 2.2112905 2.2580184 2.0825280 2.0938359 2.3957108 2.3957108 2.3324932 1.6372843 2.5738501 2.3926897 2.3795281 2.7509237 2.0522241 2.6618339 2.6825605 2.4314899 2.4618793 2.3578278 2.4408345 2.9897967 2.9863667 2.3858915 2.9689113 2.5870307 2.7065314 2.7065314 2.6671831 2.7387628 2.7841657 2.5148442 2.9594631 3.1141632 0.0000010 2.3550709 2.9668855 2.9808395 2.7201128 2.4379261 0.0000010 3.1978767 2.9492626 2.5683774 3.6372998 2.9430916 4.8406535 3.0488923 2.5914777 3.4972123 2.0951322 2.0951322 6.5740886 5.1704217 
Dpul_mRNA17369                                        0.0000010 2.6606300 0.3334685 2.6606300 1.0627573 2.7128240 0.0000010 0.3282058 0.1659473 0.0000010 0.0000000 0.0000010 0.1250956 0.2950942 0.3936693 0.0000010 0.9505181 0.7674092 0.7836775 0.5751212 0.8311592 0.7599869 0.7631451 0.7048328 0.7045119 0.8633700 0.7075615 0.7896231 1.0532780 1.1114500 1.1114500 1.1114500 1.2053589 1.2053589 1.2053589 1.2053589 1.2053589 1.2053589 0.6546864 1.0854437 1.0854437 1.1545480 1.0586663 0.0000010 0.6752012 1.0018888 0.6752012 1.0018888 0.0000010 5.3605918 0.9665034 0.9665034 0.9665034 0.9665034 0.9665034 0.9767093 0.9767093 0.0000010 1.1083179 0.7033839 0.6862667 1.1359464 0.9949267 1.2340405 1.1218990 2.7159370 1.0389367 0.8775993 0.7510963 0.8087184 0.8087184 0.7449989 0.7449989 0.7898143 0.8021565 0.8021565 0.8736979 0.8736979 0.8707642 1.0797745 1.0797745 0.8045789 0.7173610 1.0052235 1.0733879 0.8671790 0.9803794 0.7021834 0.8417254 0.7504678 0.7803176 0.8533232 0.8533232 0.7635651 1.3098602 1.0771748 1.1463599 1.1463599 1.1028627 1.0391142 1.1516435 0.7779849 0.7227790 1.4957562 0.0000010 0.8411132 1.2868139 1.3649965 1.2754289 1.1989270 0.0000010 1.1895885 1.1464547 0.9682267 1.4178604 1.2263211 0.0000010 1.3038192 1.6461373 1.1645984 3.8504486 3.8504486 3.8119971 2.8106107 
Dpul_mRNA4281                                         0.0000010 2.6606300 0.3334685 2.6606300 1.0627573 2.7128240 0.0000010 0.3282058 0.1659473 0.0000010 0.0000010 0.0000000 0.1250956 0.2950942 0.3936693 0.0000010 0.9505181 0.7674092 0.7836775 0.5751212 0.8311592 0.7599869 0.7631451 0.7048328 0.7045119 0.8633700 0.7075615 0.7896231 1.0532780 1.1114500 1.1114500 1.1114500 1.2053589 1.2053589 1.2053589 1.2053589 1.2053589 1.2053589 0.6546864 1.0854437 1.0854437 1.1545480 1.0586663 0.0000010 0.6752012 1.0018888 0.6752012 1.0018888 0.0000010 5.3605918 0.9665034 0.9665034 0.9665034 0.9665034 0.9665034 0.9767093 0.9767093 0.0000010 1.1083179 0.7033839 0.6862667 1.1359464 0.9949267 1.2340405 1.1218990 2.7159370 1.0389367 0.8775993 0.7510963 0.8087184 0.8087184 0.7449989 0.7449989 0.7898143 0.8021565 0.8021565 0.8736979 0.8736979 0.8707642 1.0797745 1.0797745 0.8045789 0.7173610 1.0052235 1.0733879 0.8671790 0.9803794 0.7021834 0.8417254 0.7504678 0.7803176 0.8533232 0.8533232 0.7635651 1.3098602 1.0771748 1.1463599 1.1463599 1.1028627 1.0391142 1.1516435 0.7779849 0.7227790 1.4957562 0.0000010 0.8411132 1.2868139 1.3649965 1.2754289 1.1989270 0.0000010 1.1895885 1.1464547 0.9682267 1.4178604 1.2263211 0.0000010 1.3038192 1.6461373 1.1645984 3.8504486 3.8504486 3.8119971 2.8106107 
Dpul_mRNA21828                                        0.0000010 2.6606300 0.3978033 2.6606300 0.8944596 2.7513843 0.0000010 0.2661076 0.0895575 0.1250956 0.1250956 0.1250956 0.0000000 0.2124066 0.3511540 0.0000010 0.9505181 0.7096479 0.8104812 0.5751212 0.9090078 0.7849795 0.8302232 0.7683902 0.7271181 0.9450398 0.7038796 0.8589102 1.1352596 1.2741609 1.2741609 1.2741609 1.2978253 1.2978253 1.2978253 1.2978253 1.2978253 1.2978253 0.7824434 1.1697632 1.1697632 1.2433534 1.1412048 0.0000010 0.7922125 0.9964178 0.7922125 0.9964178 0.0000010 4.9729427 0.9601393 0.9601393 0.9601393 0.9601393 0.9601393 0.9706332 0.9706332 0.0000010 0.9914153 0.7493185 0.7130005 1.1569632 1.0286168 1.2055785 1.1732046 2.7105973 1.0346653 0.8775993 0.7594022 0.7826641 0.7826641 0.7182222 0.7182222 0.7874413 0.8813594 0.8813594 0.8386163 0.8386163 0.8359946 1.1745461 1.1745461 0.8392314 0.6813551 1.1048140 1.1413546 0.8673372 0.9831165 0.8115021 0.8819313 0.8556598 0.8465821 0.9107423 0.9107423 0.7612777 1.3437289 1.1694327 1.2254885 1.2254885 1.2344966 1.1650132 1.1620457 0.8703835 0.7587989 1.5870534 0.0000010 0.9144891 1.3019724 1.3811417 1.3277220 1.2699309 0.0000010 1.1920462 1.0742779 1.0160012 1.5043409 1.3344774 0.0000010 1.3683048 1.7656546 1.1487838 3.8504486 3.8504486 3.6221540 3.7239101 
Dpul_mRNA4827                                         0.0000010 2.7451822 0.3936307 2.7451822 0.7254415 3.2581895 0.0000010 0.3686133 0.3059897 0.2950942 0.2950942 0.2950942 0.2124066 0.0000000 0.3370838 1.6630431 0.5882305 0.7447711 0.7666072 1.0454366 0.9907838 0.8692254 0.9143933 0.8630609 0.8228247 1.0276966 0.7505382 0.8935358 1.1987497 1.3143654 1.3143654 1.3143654 1.4315642 1.4315642 1.4315642 1.4315642 1.4315642 1.4315642 1.1555129 1.3707727 1.3707727 1.3169248 1.2003778 0.0000010 1.0140305 1.1194283 1.0140305 1.1194283 0.0000010 4.7764155 1.0958236 1.0958236 1.0958236 1.0958236 1.0958236 1.1061503 1.1061503 9.0000000 1.2291767 0.7620916 0.6497783 1.3260395 1.2194621 1.3300793 1.3759979 3.3707391 1.2809519 2.0104544 0.8339270 0.8367644 0.8367644 0.7713011 0.7713011 0.8181800 0.8299788 0.8299788 0.9713917 0.9713917 0.9207386 1.1264500 1.1264500 0.8634009 0.6512639 1.1188843 1.1599109 0.7689036 1.0078224 0.9784031 0.9310927 0.9056552 0.9127929 0.8672771 0.8672771 0.7819556 1.4480187 1.3389380 1.2506591 1.2506591 1.3596099 1.2896519 1.2645746 0.8852122 0.7431205 1.8759781 0.0000010 0.7891691 1.4463790 1.4798775 1.3672373 1.2111503 0.0000010 1.2942848 1.3026734 1.0197410 1.2449113 1.2228932 0.0000010 1.4204235 1.8132435 1.1152377 2.6003007 2.6003007 2.0590914 2.1408412 
Dpul_mRNA6379                                         1.0039927 0.9673984 1.0989954 0.4672523 0.5781353 1.1859758 1.0013304 1.1209217 0.6569638 1.6103740 0.3936693 0.3936693 0.3511540 0.3370838 0.0000000 0.0599317 0.0960724 1.0261723 0.8575996 1.7112891 1.3360644 1.2748796 1.2920854 1.2307796 1.2519418 1.2773396 1.1490065 0.8429542 0.9875808 1.4597463 1.8613001 1.8613001 1.1915887 1.1915887 1.4260493 1.4260493 1.4652946 1.1992989 1.0602605 1.1524830 1.2436956 1.2855183 1.4261978 1.6120357 1.1086362 1.1494918 1.0613089 1.1098392 5.8336882 5.2787115 1.7093442 1.7093442 1.7288574 1.7886380 1.7740591 1.7920607 1.3745698 8.6727716 1.8625546 0.8371571 1.0636200 1.2665596 1.5407155 1.7420227 1.7390365 1.8828941 1.6665409 1.3991068 0.9683455 1.1738516 1.0802220 1.1714658 1.1650182 0.8146359 1.2172645 0.8766605 1.3289434 1.3364946 1.4160379 1.1517629 1.7608829 1.3853584 1.1442582 1.2484823 1.3136221 0.9872469 1.2709166 1.4517944 1.4393615 1.4083591 1.3891683 1.2581189 1.4115842 1.4706177 1.6865490 1.7994368 1.7324815 1.2170877 1.7538504 1.6297256 1.3669511 1.4565916 1.2340229 1.6766216 1.6025885 1.3859885 1.8019924 1.7956180 1.8213483 1.6505998 1.7963065 1.8061107 1.8634088 1.4338138 1.6734777 1.9352826 1.5587861 1.9634019 2.1889715 1.8696848 1.9773931 1.9773931 3.7028064 4.6476966 
Dpul_mRNA2515                                         0.0000010 0.0000010 4.5040063 0.0000010 4.1604981 9.0000000 0.0000010 4.2307125 3.9401339 5.4762709 0.0000010 0.0000010 0.0000010 1.6630431 0.0599317 0.0000000 0.0423515 0.6056552 0.8382417 1.3160084 1.0267250 0.9931180 0.9888963 0.9399667 0.8905130 1.0761840 0.9637221 1.0004374 1.5406716 1.6196422 1.6196422 1.6196422 1.4768152 1.4768152 1.4768152 1.4768152 1.7981174 1.7981174 1.6931998 1.7008388 1.7008388 1.6028205 1.6863733 0.0000010 1.8202706 1.8202706 1.6747163 1.6747163 0.0000010 6.0641729 1.1793131 1.1793131 1.5884469 1.9431049 1.4533250 1.8737188 1.8737188 7.8079356 1.8844772 0.8851162 0.8521639 2.7238795 1.7785496 1.6592411 1.7745967 2.0677651 2.0744905 2.0080204 0.8502994 1.1060095 1.0962560 1.0447854 1.0193099 1.1234072 1.0063307 0.9848610 1.2883411 1.2883411 1.5679648 0.9905692 1.6168848 1.2577360 0.9273987 1.2635927 0.9191149 1.3176212 1.3217744 0.9152410 0.9561791 1.0080784 0.9749243 1.6266652 1.6266652 1.6957598 1.2697397 1.1682223 1.2102738 1.2102738 1.0907903 1.4373903 1.2471905 1.4503448 1.0751594 1.2206213 0.0000010 1.3392003 1.8678680 1.6351006 1.8716475 1.4520135 0.0000010 2.2893901 1.8077346 1.0433704 2.0765733 2.1500850 0.0000010 1.7134750 1.3682676 2.8067432 2.7102565 2.7102565 2.0677501 4.8882478 
Dpul_mRNA22071                                        0.0000010 0.0000010 2.9301207 0.0000010 4.0686900 3.2551771 0.0000010 3.0601967 2.4301928 4.0966559 0.9505181 0.9505181 0.9505181 0.5882305 0.0960724 0.0423515 0.0000000 0.6356400 0.9014332 1.2837459 1.0406781 1.0199288 1.0159559 0.9777953 0.9275087 1.0961327 0.9209850 1.0149128 1.5502153 1.6081652 1.6081652 1.6081652 1.4788687 1.4788687 1.4788687 1.4788687 1.6126398 1.6126398 1.6006564 1.7250650 1.7250650 1.6290418 1.5764454 0.0000010 1.6443677 1.6829287 1.5305100 1.5697657 0.0000010 5.6323821 1.2657769 1.2657769 1.6481595 1.9500937 1.4994229 1.9219912 1.9219912 7.8079356 1.9209619 0.9280066 0.8554883 2.5876529 1.9377782 1.7977030 2.0157336 2.2908494 2.1705636 1.9312893 0.8661429 1.1310818 1.1222373 1.0754054 1.0521780 1.1697082 1.0459962 1.0261296 1.3230227 1.3230227 1.5758188 0.8732589 1.5125054 1.2027307 0.9680891 1.2807794 1.0288021 1.3085539 1.3259094 0.9922365 1.0043248 1.0267850 0.9534308 1.5617848 1.5617848 1.6258574 1.3292991 1.1787617 1.2377336 1.2377336 1.1430071 1.4854908 1.3171323 1.3706207 1.0253354 1.3233833 0.0000010 1.3484382 1.9890499 1.7697752 1.8109567 1.3943362 0.0000010 2.1827062 1.7235282 1.0595764 1.8567000 1.9108761 0.0000010 1.7380913 1.5995104 2.6440414 2.7102565 2.7102565 2.0558100 4.4123675 
Spur_XM_030980727.1                                   2.8764737 2.5910784 2.0238281 1.6061615 1.9030274 2.9000419 0.9272964 1.4791649 1.5524098 2.4511956 0.7674092 0.7674092 0.7096479 0.7447711 1.0261723 0.6056552 0.6356400 0.0000000 0.7603931 1.2003563 1.0755760 0.9293996 0.9438058 0.9444372 0.9414140 0.9674069 0.9611468 0.6823320 0.9648132 1.4138586 1.7550263 1.7550263 1.1583635 1.1583635 1.3948996 1.3948996 1.4805592 1.2263745 0.8980226 1.1038243 1.1476730 1.3496980 1.4513363 1.7470018 1.0207177 1.0145466 0.9434316 0.9536408 8.9999987 5.9395286 1.9782464 1.9782464 1.9386961 1.9608326 2.1193828 1.9579776 1.5078324 7.5371783 2.0040606 0.8047365 0.9044394 1.2771888 1.5684471 1.5285373 1.5992351 1.9540015 1.6444473 1.2961826 1.1761150 1.2577006 1.1903737 1.2588944 1.2516269 0.9639810 1.2864086 0.9984683 1.2688815 1.2761432 1.2857930 1.0860531 1.5558740 1.1967931 0.9834487 0.9569911 1.0992220 0.9227007 1.0774268 1.2846014 1.2347605 1.1783443 1.2756566 1.2720109 1.3600222 1.4810350 1.5647352 1.5871478 1.6708581 1.0701403 1.6397058 1.7736829 1.3659266 1.3943964 1.1852418 1.4993622 1.5289794 1.2450570 1.8075750 1.8006662 1.7138035 1.5136320 2.0236003 1.8860385 1.8675380 1.3575563 1.5736664 1.8592676 1.6817319 1.8664714 1.7799116 1.7251270 1.9969642 1.9969642 3.6503967 5.2371638 
Bralan_BLAG06000533_1                                 2.6672559 2.5023993 1.8621030 1.6817090 2.1193564 2.6491936 1.0915820 1.3861634 1.3775635 2.4545079 0.7836775 0.7836775 0.8104812 0.7666072 0.8575996 0.8382417 0.9014332 0.7603931 0.0000000 1.3217706 1.0347204 0.8376650 0.8603166 0.9091509 0.8773410 0.8965278 0.9411815 0.9083071 0.9136450 1.4834247 1.5671776 1.5671776 1.0840267 1.0840267 1.4594024 1.4594024 1.5560245 1.1236934 0.9955773 1.0887906 1.1198380 1.3734858 1.5343615 2.2038178 1.0421062 1.0344716 0.9691963 0.9774650 8.9999987 5.3369179 1.6407948 1.6407948 1.6582078 1.7195207 1.7125411 1.6262742 1.4165653 7.3260077 1.6552992 0.8342198 0.8015084 1.1860475 1.3285611 1.4082646 1.3133523 1.8676105 1.5778250 1.2265402 0.8792182 1.0668303 1.0966887 1.0212808 1.0146133 0.9023803 1.0926336 1.0444806 1.2359207 1.2325960 1.2403986 0.9276492 1.3886174 0.9749903 0.8016177 1.1509234 1.1115104 0.9977101 1.2504712 1.1036925 1.0781624 1.0918772 1.0373614 1.2848559 1.3245439 1.2656304 1.2896576 1.4294984 1.3883141 0.9972084 1.4979692 1.5373511 1.4535076 1.3112035 1.1321149 1.4136888 1.5884655 1.2003985 1.4489657 1.4698411 1.4927628 1.3025135 2.7616060 1.5158505 1.6446614 1.1474845 1.7583237 1.6252296 1.6784567 1.6424801 1.7927159 1.5211635 1.8466580 1.8466580 4.0857344 4.9709390 
Amil_Amillepora07325-RA                               6.5740091 4.1827336 3.9157242 2.1616282 2.6329582 4.2731546 1.5128961 2.4129109 1.8116114 3.3121081 0.5751212 0.5751212 0.5751212 1.0454366 1.7112891 1.3160084 1.2837459 1.2003563 1.3217706 0.0000000 0.0972427 0.5571329 0.5268944 0.5756222 0.5264477 0.4706247 0.9839539 0.6837974 0.9316702 1.7965909 2.0347431 2.0347431 1.1115082 1.1115082 1.5978468 1.5978468 1.8123354 1.1867141 1.0299256 1.0694356 1.0694356 1.4025499 1.6737955 2.0094164 1.1334144 1.1969337 0.9392713 1.0020778 8.9999982 7.0760772 2.7296147 2.7296147 2.6008675 2.5438589 3.0060707 2.4453890 1.5668767 8.9999987 2.3196667 1.3842685 1.3931858 1.1686557 1.7552580 1.5995362 1.7248541 1.8026486 1.9465424 1.0241485 1.3936031 1.5044188 1.4939003 1.5489432 1.5406558 0.9957722 1.6021918 1.2189485 1.2831746 1.2831746 1.4405135 1.1524862 1.7911801 1.4198356 1.5221737 1.5520997 1.7268407 1.0805929 1.2637720 1.6545510 1.6532769 1.4639019 1.7163842 1.8708407 1.8400232 1.6846335 2.0092053 2.0923987 2.1115851 1.1724497 1.9731588 2.3897907 1.9398329 1.8230572 1.4073773 1.8040969 1.4985939 1.6843012 2.1172206 2.0290947 2.1368136 1.9797042 2.2913488 2.0420390 2.0760275 1.9227364 2.2396588 2.2239814 1.8840008 2.1702913 2.4629980 2.4300473 2.9792585 2.9792585 3.4269059 6.6159964 
Adig_XM_015897449.1                                   4.3074167 3.3441949 2.5250237 2.3482651 2.7010633 3.4286891 1.2641042 1.7581336 2.0753949 2.7463284 0.8311592 0.8311592 0.9090078 0.9907838 1.3360644 1.0267250 1.0406781 1.0755760 1.0347204 0.0972427 0.0000000 0.4340762 0.4228527 0.4242825 0.3904519 0.3414876 0.8060689 0.5976680 0.8959191 1.5243184 1.7684336 1.7684336 1.0997018 1.0997018 1.3338661 1.3338661 1.4010427 1.1421218 0.9492884 1.1104773 1.0943028 1.2908922 1.4606543 1.7516680 0.9083361 0.8894689 0.7943230 0.7977932 7.1801360 6.0043960 1.9324185 1.9324185 1.9322586 1.9312655 2.0032462 1.8527851 1.3725372 5.2816890 1.8324580 1.1281760 1.2228017 0.9521998 1.5093685 1.5388927 1.5010123 1.8719488 1.6734703 1.0179568 1.2771975 1.2669007 1.1980918 1.3033813 1.2989733 0.9816377 1.3295292 1.0198505 1.0624894 1.0565718 1.1635791 1.1936957 1.7282506 1.2068930 1.2974622 1.3216210 1.3158774 1.0904568 1.2509694 1.3676828 1.3270347 1.2684672 1.3396795 1.4605629 1.5569677 1.4145585 1.8605920 1.8172484 1.9224147 1.2809272 1.7749007 1.8802284 1.6763844 1.4222905 1.2365013 1.6384905 1.4451369 1.2174399 1.8791603 1.7685612 1.8290522 1.7311896 2.1474605 1.8522550 1.8527351 1.5977159 2.0049116 2.0677616 1.5746418 2.0365595 2.1354063 2.2064008 2.2910510 2.2910510 3.5734982 4.9479631 
Spis_XP_022797930_1                                   2.8169990 2.5177126 2.1483308 1.7996074 2.2347663 2.7305666 1.2185169 1.4840475 1.4344973 2.3638751 0.7599869 0.7599869 0.7849795 0.8692254 1.2748796 0.9931180 1.0199288 0.9293996 0.8376650 0.5571329 0.4340762 0.0000000 0.0707773 0.2840341 0.2928104 0.3403836 0.7913160 0.5351475 0.8242830 1.3723229 1.6988867 1.6988867 0.9634999 0.9634999 1.2245252 1.2245252 1.3119799 1.0214832 0.8954320 0.9727715 1.0142487 1.2244081 1.3317385 1.7092244 0.8702629 0.8869458 0.7676345 0.8038466 8.6563284 6.2368887 1.9038044 1.9038044 1.8588812 1.8552169 1.9691483 1.7567475 1.2290164 5.5628265 1.7388160 1.0033505 1.1253567 1.0822341 1.3875681 1.4688456 1.5442598 1.7833437 1.5782149 1.0569363 1.2392516 1.1657067 1.0723571 1.1950573 1.1947405 0.8734877 1.2471067 0.9148309 1.0374513 1.0359901 1.0995778 0.9994397 1.5858213 1.1400600 1.1781997 1.1865861 1.2099491 1.0052519 1.2454509 1.2370025 1.2282048 1.1911691 1.2553991 1.4511526 1.4960861 1.3074403 1.6547011 1.6101388 1.5848214 1.1270636 1.7496653 1.7641514 1.4170840 1.4062872 1.3399203 1.4687105 1.5399971 1.1691581 1.8398211 1.6745984 1.6382833 1.5976532 2.3463922 1.7386392 1.7578930 1.5621397 1.7701923 1.8871447 1.5599695 1.9212708 2.1106254 2.0326016 2.1054140 2.1054140 3.9290123 4.9147436 
Pocdam_XM_027199024.1                                 2.8558692 2.4829914 2.1289212 1.7712652 2.1993205 2.7919612 1.1834164 1.5265771 1.4712014 2.3246540 0.7631451 0.7631451 0.8302232 0.9143933 1.2920854 0.9888963 1.0159559 0.9438058 0.8603166 0.5268944 0.4228527 0.0707773 0.0000000 0.2376604 0.2606429 0.3079707 0.7793050 0.5468599 0.8255725 1.3465739 1.7326148 1.7326148 0.9556268 0.9556268 1.2478095 1.2478095 1.3379633 1.0107622 0.8876837 0.9514425 1.0071151 1.2203946 1.3692495 1.6844999 0.8443193 0.8655744 0.7449363 0.7846503 8.7670625 6.2328715 1.9225301 1.9225301 1.8663462 1.8623573 1.9896001 1.7377173 1.2185671 5.3652091 1.7222581 1.0126831 1.1722766 1.0865911 1.4171552 1.4218287 1.4876033 1.7849331 1.5544004 1.0480257 1.2751365 1.1884618 1.0772697 1.1910977 1.1869750 0.8778129 1.1980515 0.9085613 1.0400099 1.0385530 1.1246566 0.9938802 1.5749718 1.1618997 1.1883702 1.1671659 1.2180883 0.9655891 1.2126584 1.1911115 1.1776033 1.1888107 1.2804554 1.4764074 1.5481474 1.3411770 1.6211463 1.6317438 1.5596716 1.0395829 1.7322559 1.7462365 1.4604056 1.3942351 1.3387474 1.4344923 1.5634345 1.1364621 1.8606614 1.6697120 1.7237590 1.7019898 2.3689484 1.7383613 1.8363270 1.5433819 1.7388652 1.8988987 1.5696892 1.9101551 2.0999427 2.0391395 2.0933061 2.0933061 3.9008959 5.0674166 
Gasp_gasp1.m3.3281.m1                                 2.7255029 2.2513625 2.0379654 1.7178135 2.1329484 2.6529356 1.1928592 1.6083898 1.4138319 2.2386128 0.7048328 0.7048328 0.7683902 0.8630609 1.2307796 0.9399667 0.9777953 0.9444372 0.9091509 0.5756222 0.4242825 0.2840341 0.2376604 0.0000000 0.1584789 0.3141910 0.8159344 0.5510909 0.8323192 1.3609336 1.7085889 1.7085889 1.0028298 1.0028298 1.2835459 1.2835459 1.3434944 1.0205667 0.8901619 0.9938275 1.0420908 1.2634598 1.3384407 1.7462427 0.8453679 0.8785800 0.7454179 0.7959874 8.9999981 6.2449184 1.8507960 1.8507960 1.8266586 1.8205488 1.9286698 1.7537972 1.2509730 6.4458792 1.7544900 1.0162759 1.1354185 1.0584101 1.3958417 1.4798519 1.4805979 1.7248007 1.5273107 1.0707909 1.2314486 1.1571762 1.1006055 1.1726536 1.1685719 0.8639984 1.1787764 0.8773691 0.9847828 0.9834056 1.0534058 0.9098355 1.5381516 1.1612831 1.1443250 1.1958318 1.2836524 1.0038420 1.1945455 1.2865259 1.2985622 1.2569355 1.3727120 1.4181630 1.4336529 1.3226960 1.7119145 1.6850290 1.7062802 1.1058783 1.6944865 1.6861493 1.4303905 1.4390344 1.2924149 1.4560827 1.4895687 1.2252849 1.7499500 1.6454990 1.6749431 1.6771240 2.3526730 1.7508813 1.7850811 1.5272834 1.7506189 1.8830982 1.6228995 1.9252020 2.1470561 1.9869883 2.0661344 2.0661344 3.7434628 5.1519162 
Fspp_ffun1.m4.23885.m1                                2.7769968 2.3024251 1.9945989 1.6741361 2.0661499 2.5814183 1.1987079 1.5172504 1.3993804 2.1772204 0.7045119 0.7045119 0.7271181 0.8228247 1.2519418 0.8905130 0.9275087 0.9414140 0.8773410 0.5264477 0.3904519 0.2928104 0.2606429 0.1584789 0.0000000 0.2580611 0.7860357 0.5039965 0.7983880 1.4080294 1.7595886 1.7595886 0.9735383 0.9735383 1.2995917 1.2995917 1.3875394 1.0157018 0.8302688 0.9312699 0.9597944 1.2055763 1.3703933 1.7899794 0.8549619 0.9201862 0.7333076 0.8166500 8.7476289 6.0554814 1.8472117 1.8472117 1.8260288 1.8137360 1.9472498 1.7613368 1.2379970 7.1466305 1.8085035 1.0281888 1.1609082 1.0535872 1.4612001 1.5027032 1.4589768 1.6821576 1.4952491 1.0236055 1.2182195 1.1801481 1.0628987 1.1775360 1.1775360 0.8329134 1.1710298 0.8803258 0.9656224 0.9642810 1.0617454 0.9647058 1.5557914 1.1049761 1.1287664 1.1341594 1.2172219 0.9855450 1.1879053 1.2518030 1.2681295 1.2581926 1.3002515 1.4527628 1.4820915 1.3264427 1.6764380 1.6354148 1.6611035 1.0973387 1.6639912 1.6702308 1.4408423 1.4736429 1.2971456 1.4729071 1.5184212 1.1692063 1.7653997 1.6623918 1.7026314 1.7383900 2.3486499 1.7350380 1.7689310 1.5329286 1.7343384 1.9246704 1.6318376 2.0222154 2.1569013 1.9578517 2.2341101 2.2341101 3.5670950 4.9610336 
Gfas_gfas1.m1.18230.m1                                2.4402473 2.0507876 1.8634865 1.4693164 1.9380169 2.3393093 1.2867539 1.7548391 1.4631355 2.3743384 0.8633700 0.8633700 0.9450398 1.0276966 1.2773396 1.0761840 1.0961327 0.9674069 0.8965278 0.4706247 0.3414876 0.3403836 0.3079707 0.3141910 0.2580611 0.0000000 0.7792683 0.5537766 0.9123067 1.4363556 1.7436489 1.7436489 1.0041587 1.0041587 1.2579592 1.2579592 1.3400868 1.0587580 0.9074483 0.9653876 1.0160121 1.2283968 1.4787702 1.7917481 0.9468245 0.9788130 0.8148289 0.8691875 7.9965929 6.4632169 1.9275352 1.9275352 1.8774437 1.8622638 1.9924283 1.8009760 1.2800237 5.0807803 1.7797476 1.0133087 1.1292981 1.0342906 1.4678938 1.4870280 1.5138591 1.6998220 1.5467753 0.9453096 1.1677589 1.2011845 1.0511848 1.2110220 1.2068713 0.8588446 1.2241292 0.9024157 1.0048596 0.9992661 1.1416502 1.0384182 1.5701849 1.1297047 1.1358866 1.2213597 1.2924500 1.0130286 1.2433471 1.2686860 1.2763485 1.2399722 1.3282487 1.3594964 1.4588360 1.3362626 1.6648987 1.6139910 1.6023249 1.1157616 1.7218293 1.6847321 1.4917570 1.3761240 1.3070343 1.5307623 1.5181840 1.1032748 1.7537363 1.6091711 1.6842871 1.6688996 2.1300885 1.7854725 1.7192900 1.5876102 1.7628077 1.9310933 1.6473228 2.0176431 2.0402755 1.9836481 2.1378711 2.1378711 3.4022828 4.8184604 
Exapal_XM_021047869.2                                 2.6619572 2.2667428 2.0368766 1.6909512 2.0250209 2.6844390 1.1910820 1.4308382 1.4036989 2.2675965 0.7075615 0.7075615 0.7038796 0.7505382 1.1490065 0.9637221 0.9209850 0.9611468 0.9411815 0.9839539 0.8060689 0.7913160 0.7793050 0.8159344 0.7860357 0.7792683 0.0000000 0.4100265 0.7998281 1.3772124 1.5393364 1.5393364 0.9813168 0.9813168 1.2013471 1.2013471 1.2784624 1.0417094 0.8042409 0.9397628 0.9910712 1.2260171 1.2944271 1.7452918 0.8828447 0.9629536 0.7793379 0.8715980 6.0254300 5.0002979 1.7030268 1.7030268 1.6670458 1.6906749 1.8130036 1.6392905 1.3051224 5.8265249 1.7857996 1.0052899 1.0508720 1.0656837 1.5102146 1.4611479 1.4223863 1.7391450 1.5102392 1.0006932 1.0289209 1.1419660 1.0334511 1.0385339 1.0390679 0.8619993 1.1380915 0.9337049 1.0560459 1.0622017 1.1660202 0.8008081 1.4163541 1.0663750 1.0960658 1.1769856 1.2416461 1.0443411 1.1462864 1.1898410 1.1574319 1.0598606 1.1481730 1.3966562 1.4069268 1.2009493 1.4509331 1.5558715 1.4688092 1.0591531 1.5920977 1.6955020 1.4101437 1.2775450 1.3284041 1.4751666 1.2772273 1.0851704 1.5961050 1.5873815 1.5214771 1.3377898 2.1531766 1.7931862 1.5411066 1.3881479 1.6237322 1.6821004 1.5259452 1.9313360 1.8850132 1.8677685 2.0773315 2.0773315 4.0728291 5.0123140 
Nvec_v1g79630                                         2.8416058 2.3021656 2.0505626 1.6075760 2.1455971 2.7683298 1.1985824 1.6431990 1.4072920 2.2457104 0.7896231 0.7896231 0.8589102 0.8935358 0.8429542 1.0004374 1.0149128 0.6823320 0.9083071 0.6837974 0.5976680 0.5351475 0.5468599 0.5510909 0.5039965 0.5537766 0.4100265 0.0000000 0.7649787 1.3496384 1.3594841 1.3594841 1.0798576 1.0798576 1.2410169 1.2410169 1.3188715 1.1560921 0.8202350 0.9907494 1.0159594 1.2326358 1.3501839 1.7268514 0.9636447 0.9652006 0.7871461 0.8237286 7.5221949 4.8061482 1.2865042 1.2865042 1.3081627 1.3409078 1.3485599 1.3450501 1.2733845 7.6418318 1.4526031 0.7790924 0.7859697 1.0907205 1.1922546 1.1262641 1.0629897 1.4581584 1.1681620 1.0734820 0.7731121 0.8942483 0.8893120 0.8770052 0.8757925 0.8493006 0.9214768 0.9076524 0.8633562 0.8694328 0.9213581 0.8790202 1.1495134 0.7382860 0.8843954 1.1026445 1.0677734 0.9739209 1.1379669 0.8189341 0.8771964 0.8076786 0.8718065 1.1513064 1.2113031 1.0132751 1.2565959 1.3410331 1.2552763 0.9522654 1.2675292 1.3516151 1.3384990 1.1579721 1.0480936 1.2234747 1.6121810 0.9907507 1.3356293 1.3273955 1.3223742 1.1651269 1.7859168 1.4570123 1.4121969 1.0564694 1.6674449 1.5444727 1.6686242 1.4948143 1.4608074 1.7153270 1.3510181 1.3510181 4.0649270 4.9524699 
Lampan_Lpan_14255_01                                  1.1637933 1.5720972 1.3057945 1.3808451 2.0873588 1.9624392 0.0000010 1.8748764 1.6425751 2.3465079 1.0532780 1.0532780 1.1352596 1.1987497 0.9875808 1.5406716 1.5502153 0.9648132 0.9136450 0.9316702 0.8959191 0.8242830 0.8255725 0.8323192 0.7983880 0.9123067 0.7998281 0.7649787 0.0000000 0.3299125 0.3299125 0.3299125 0.2823644 0.2823644 0.2823644 0.2823644 0.3397730 0.3397730 0.2783149 0.2548289 0.2519097 0.2845332 0.2881383 0.2757674 0.4641546 0.4948575 0.3478797 0.3953351 6.8171693 4.6502825 0.2838049 0.2838049 0.3223260 0.3452765 0.2964346 0.3441016 0.3441016 5.6253070 0.4530937 0.9929160 0.8815698 1.0067227 1.0179204 1.2110883 1.2259452 1.8732408 1.1951160 1.0908126 0.9764219 0.8689951 0.8958836 0.9356837 0.9356837 0.9351987 0.8472399 0.8472399 0.8938653 0.8938653 0.9640222 0.6799768 0.9818278 0.9048184 0.9709710 1.0373406 1.0191770 0.9327451 1.0641942 1.1025971 1.0576976 0.9810109 0.9616819 1.2325777 1.2655162 0.9469784 1.1362060 1.1092934 1.1321760 1.1321760 1.0136863 1.1973994 1.0787462 0.9489750 0.9952081 1.1331580 0.0000010 0.8759408 1.0957864 1.1050191 1.0256110 0.9859591 0.0000010 1.1389927 1.1834696 1.0548143 1.2158391 1.2363530 0.4350995 1.0543775 1.1832469 1.6274225 1.8169884 1.8169884 2.4658634 2.6188890 
Bolinf_Binf_sb1238891                                 2.7624891 2.4567783 2.0673597 1.8390145 2.2799837 2.5088659 2.1587605 2.0314960 1.7749260 2.5976684 1.1114500 1.1114500 1.2741609 1.3143654 1.4597463 1.6196422 1.6081652 1.4138586 1.4834247 1.7965909 1.5243184 1.3723229 1.3465739 1.3609336 1.4080294 1.4363556 1.3772124 1.3496384 0.3299125 0.0000000 0.0370807 0.0370807 0.2920333 0.2920333 0.3300336 0.3300336 0.3818624 0.3666444 0.2490628 0.2643760 0.2772533 0.2696196 0.3733799 0.2772773 0.5455031 0.5927924 0.4548498 0.5143743 5.1704984 4.7293985 0.5611506 0.5611506 0.5705731 0.5703110 0.6038290 0.5634713 0.4677114 5.7784787 0.7015131 1.5529431 1.5439648 1.1500349 1.5937318 1.6134918 1.6194327 2.0533544 1.6721314 1.0319533 1.4846367 1.3605014 1.3902410 1.4472770 1.4472770 1.3642696 1.4249397 1.3787412 1.4606228 1.4709686 1.4282770 1.2351898 1.7603023 1.6169869 1.5536837 1.5226255 1.7029872 1.3926135 1.4533046 1.6348683 1.5230766 1.5248844 1.5440388 1.6805262 1.8047616 1.5771003 1.6240396 1.8636851 1.8036111 1.3088893 1.7018463 1.7866388 1.8986091 1.4610470 1.5087043 1.8098570 2.1097601 1.5124859 1.7213748 1.7442735 1.6960675 1.6918213 2.4852681 1.5980684 1.7897038 1.7586003 2.0245393 1.8698209 0.6950358 2.0287897 2.0293957 2.0857557 2.0141882 2.0141882 4.3638323 5.1236382 
