175
Tadh_TriadT60237                                       0.0000000 1.4352627 0.1262763 1.0676278 1.0553518 0.0000010 1.2210240 1.2210240 0.0000010 0.9433429 0.9433429 0.0000010 0.8965011 0.7859691 1.8587979 0.9654162 0.9654162 0.9654162 0.8628183 1.4620885 0.7653937 0.7653937 0.7833413 2.0674608 4.4416092 2.1569660 2.3040927 2.0860876 3.2269031 2.2494343 2.2213094 2.3041555 6.7923880 2.3764024 2.3151877 3.4747414 2.1385896 2.0198144 0.0000010 4.8280246 4.7094763 2.0779613 2.7922233 2.2410487 3.1230017 3.1230017 2.6550311 2.3335271 3.0806413 2.6292156 2.0955955 2.8245810 3.4657461 3.6633341 2.6479023 5.0179046 0.0000010 3.6595250 0.0000010 0.0000010 3.5102648 4.0159810 3.2266349 1.7228962 2.8991158 4.7434462 2.8572978 2.3504987 2.3504987 2.4514963 2.4514963 0.0000010 3.9525480 4.2728182 4.0798877 0.0000010 0.0000010 3.7960239 3.0298428 3.3436000 2.7120828 2.7120828 0.0000010 0.0000010 0.0000010 0.0000010 8.9999984 2.2629929 2.2629929 2.2629929 2.2629929 2.2629929 5.4765515 0.0000010 1.6581998 2.6880151 0.0000010 0.0000010 0.0000010 2.3261961 3.3519434 5.4422741 0.0000010 9.0000000 0.0000010 0.0000010 2.8488692 0.0000010 3.4719963 5.4422741 3.7465281 2.5111225 2.9048599 3.4704397 3.6392451 3.6392451 3.9057365 0.0000010 3.3259855 0.0000010 4.0994754 4.1062077 0.0000010 3.9291171 2.9788485 0.0000010 2.4579644 2.2207532 2.2112874 2.5767949 0.0000010 0.0000010 2.6250773 4.9747004 3.0958474 4.9747004 2.7847545 3.2590555 2.0372493 3.7431727 4.7219929 5.3727593 2.2856666 2.2675770 2.7873288 2.4251835 5.4273713 5.4273713 0.0000010 0.0000010 5.0280816 5.6855366 4.0601150 0.0000010 0.0000010 0.0000010 3.9111490 0.0000010 2.5015202 5.0722797 0.0000010 0.0000010 0.0000010 2.2605192 2.1485366 2.6344982 3.7024597 4.0505555 2.8295647 2.0990805 5.7301548 4.2056664 3.9550292 3.6994298 2.2219382 
Tadh_TriadT60236                                       1.4352627 0.0000000 0.0113675 0.6755232 0.6238768 0.6254190 0.6444615 0.6341225 0.5871166 0.6800479 0.6661079 0.6510810 0.9106169 1.5088904 0.9348716 0.9098915 0.9098915 0.8839593 1.6970569 0.9210163 0.6455905 0.6219189 0.6744243 1.1374955 1.2406390 1.2497023 1.3706777 1.1683656 1.2036617 1.1135026 1.2158776 1.2218173 2.5108786 1.4816788 1.9015886 1.4652048 1.4890967 1.4188300 1.4205491 0.0000010 1.3558564 1.4746610 1.4327411 1.3308302 1.1988396 1.1962436 1.3601780 1.3333832 1.4656854 1.1702623 1.3048703 1.4557076 1.6608877 1.7886412 1.6275334 1.7491332 2.2562106 1.5383524 1.7993983 1.3493234 1.3437518 1.5959116 1.4632354 1.1174080 1.0522117 1.5669486 1.4850331 1.4486048 1.4572351 1.5329542 1.2533775 1.1294435 1.5558119 1.5152762 1.5243749 1.5165401 1.5341092 1.3871134 1.4236922 0.0000010 1.8412485 1.8412485 1.7281372 1.7727718 1.7727718 1.7281372 1.6371594 1.6226631 1.6226631 1.6226631 1.6226631 1.6226631 1.1565549 1.5000467 1.6379409 1.5691395 1.4567852 1.4718534 1.4386014 1.2844650 1.6085825 1.6039386 1.5633914 1.8523123 1.7198468 1.7162663 1.7060838 2.2851557 2.8129164 2.7267106 1.5519845 1.5141986 1.4330510 1.2789822 1.5455728 1.3861541 1.5098104 1.5744273 1.3465641 1.1666312 1.5225055 1.5440908 1.1466047 4.6359484 1.4049270 1.1838459 1.5415864 1.5065070 1.5233855 1.5067987 1.3823493 1.6586546 1.5611173 1.5621130 1.5733933 1.5621130 1.8412013 1.0728747 2.2002133 1.1826682 1.4552213 1.6113673 1.6752305 1.8258314 1.7751666 1.8391776 2.3167871 2.3167871 1.5532199 1.6231168 2.2256594 1.4585306 1.7359176 1.8358082 1.4396948 1.7059600 1.4885303 1.7266165 1.2025991 1.5183711 1.9577366 2.1610926 2.5373396 0.0000010 1.7651979 0.0000010 2.1797242 2.3962213 2.8489439 2.1330719 2.9354156 2.6670863 1.8235591 2.4532568 1.9145524 
TrH2_TrispH2_000797-RA                                 0.1262763 0.0113675 0.0000000 0.7616253 0.6773267 0.7379384 0.7666990 0.7089969 0.5955575 0.7692083 0.7097541 0.6844284 0.9423165 0.9332449 0.9902923 0.9435002 0.9435002 0.9365771 1.0873811 0.9750533 0.6464406 0.6370860 0.6760992 1.5038676 1.2406390 1.4659910 1.6233587 1.4016581 1.3608854 1.3346156 1.4848560 1.4942569 3.1660165 1.7213986 2.0750214 1.6907430 1.9157244 1.6640701 1.5941422 4.6609950 1.7868871 1.7014698 1.6487518 1.5656296 1.5404758 1.5383174 1.6654311 1.5589831 1.7280265 1.4880437 1.4855045 1.7130875 1.9505064 2.1108215 1.9608499 2.0139565 2.2957597 1.8997867 1.9697355 1.7024351 2.8860442 2.0178715 1.9498616 1.2308951 1.1838243 2.1777075 1.8127619 1.7085392 1.6640759 1.8024701 1.5895537 1.3163821 1.9403209 1.9435498 1.8960973 1.6770248 1.6526906 1.7592436 1.7229151 3.5847905 1.9831976 1.9831976 1.8403946 1.8365731 1.8465110 1.8583577 1.6944539 1.7523155 1.7397804 1.7146476 1.7397804 1.7551988 1.7534008 1.5840399 1.7221438 1.7285649 1.4567852 1.4718534 1.5288435 1.6293492 1.8512007 1.6346444 1.8707996 2.3725476 1.6741662 1.9074154 1.9587908 2.2851557 3.2083960 2.8792549 1.9873100 1.7642779 1.6977014 1.5621854 2.0992109 1.7187782 1.9121361 1.6784800 1.6940608 1.3297694 1.9117529 1.9612617 1.2587221 4.4036308 1.7297271 1.3718549 1.7723405 1.6485849 1.6965107 1.7895695 1.4265481 1.7514328 1.8216748 1.5774642 1.7834756 1.6188364 2.1938150 1.7425472 2.2130897 1.2522110 1.6250229 1.9947218 1.8117087 1.9399416 1.8628969 1.9464089 2.4634773 2.4634773 1.6960520 1.7614781 2.5004265 1.8190660 2.0299858 1.8358082 1.4409916 1.7951387 1.7018176 1.8385245 1.7234398 1.6435592 2.0481037 2.4739256 2.4290914 2.4640530 2.0989222 2.9336585 3.4251175 2.5174550 2.9149475 2.0922856 3.3124600 2.9130590 2.3081903 3.9737185 2.2869310 
HoiH23_PlH23_003865-RA                                 1.0676278 0.6755232 0.7616253 0.0000000 0.0569421 0.1317630 0.1259360 0.1200694 0.0894597 0.2216599 0.2093524 0.2027656 0.8469853 0.8339541 0.8790800 0.8017451 0.8017451 0.7669061 0.7772318 0.8926880 0.8269881 0.8117221 0.8438805 1.2804525 1.3041333 1.3022434 1.2236286 1.1174177 1.0710938 1.1884177 1.2122710 1.2352837 3.9010087 1.4285200 1.5859606 1.4061318 1.6588712 1.2317023 1.2401565 6.9246138 1.6040953 1.3356410 1.2706745 1.1735562 1.3908701 1.3742153 1.3455582 1.1986177 1.2016345 1.2336455 1.2042973 1.4446133 1.5104134 1.5677931 1.4094348 1.5877082 1.4645264 1.5307530 1.4550020 1.3317832 2.5915256 1.6339366 1.5439836 1.1395367 1.1515618 1.7410117 1.6775115 1.5322742 1.5431639 1.4736375 1.3871059 1.2849828 1.6571651 1.6470288 1.5353984 1.2771093 1.3264553 1.3545863 1.5024994 3.1884570 1.4813192 1.4813192 1.6235141 1.4379998 1.4171010 1.5854959 1.4454154 1.4878633 1.4793770 1.4524154 1.4793770 1.4909964 1.8964685 1.4190611 1.3543378 1.3957181 1.1945486 1.1616286 1.2965055 1.4471657 1.6195358 1.4922562 1.2843728 2.0870626 1.1303134 1.6905779 1.6299481 2.1421803 2.6356374 2.5452817 1.4575747 1.3853811 1.3395001 1.3202127 1.7927011 1.4107475 1.4780409 1.1430675 1.4273801 1.1776461 1.5786089 1.5375081 1.0644238 3.7757724 1.5717535 1.3771052 1.4650675 1.4052969 1.4417199 1.5948122 1.2579962 1.5596461 1.5087183 1.3755893 1.4657888 1.4064977 1.8065809 1.3229107 1.9801294 1.0804345 1.3504802 1.8146412 1.4231875 1.5611804 1.3957261 1.6244661 1.7760552 1.7760552 1.5390752 1.7112248 2.1326861 2.2879499 2.0599724 1.7715431 1.4637939 1.6150194 1.4174703 1.4475103 1.4850774 1.6681458 1.7993387 1.6849651 2.5504454 2.0354236 1.6230251 2.6017104 2.9096725 2.1912605 2.2308279 1.8598570 2.9430781 2.3273915 2.1271470 3.0102183 1.8802949 
HoiH06_mRNA2628                                        1.0553518 0.6238768 0.6773267 0.0569421 0.0000000 0.1095475 0.1124404 0.1004642 0.1021573 0.2044130 0.2135287 0.1829224 0.7771906 0.8635504 0.7727413 0.7557834 0.7557834 0.7519371 0.7710263 0.8510497 0.8004515 0.8153141 0.7816103 1.2618404 1.3163651 1.1851239 1.1195911 1.0275019 0.9598500 1.0636614 1.0748803 1.1059017 3.3265832 1.3071013 1.5704234 1.2983087 1.6841008 1.1773808 1.0476260 6.8217466 1.4798419 1.2508589 1.1924880 1.0481108 1.3297951 1.3162565 1.1836511 1.1191036 1.1035971 1.1642537 1.0985654 1.3305997 1.4266473 1.5027513 1.1728096 1.4793113 1.4908593 1.4096310 1.2679115 1.4203602 2.6334233 1.4874328 1.5996828 1.1388569 1.1395111 1.5838701 1.5973309 1.4419773 1.4614976 1.3216964 1.3700500 0.9021544 1.5387771 1.5135383 1.3966006 0.9093304 1.3767513 1.2456497 1.3940092 3.1359078 1.4449255 1.4449255 1.3353528 1.2676972 1.2764269 1.3498373 1.3068162 1.3908859 1.3908859 1.3908859 1.3908859 1.3908859 1.8892899 1.1443885 1.2604346 1.3598944 1.1665864 1.1233265 1.1092438 1.4144602 1.5324978 1.3666986 1.3338937 1.9913517 1.0808202 1.3727572 1.5221863 2.1825244 2.7070440 2.4064842 1.3467815 1.2453019 1.2322043 1.2246580 1.6856332 1.3194499 1.3725476 1.0872722 1.3619545 0.9431572 1.4545103 1.4013460 0.8747277 3.6333338 1.5163696 1.4022971 1.4245468 1.3048554 1.3522084 1.5061537 1.0026174 1.3859413 1.3739227 1.2039448 1.3065345 1.2163355 1.7843608 1.2729990 1.8556160 1.1018352 1.2260447 1.6835890 1.3516759 1.5480221 1.2132448 1.5826721 1.6386155 1.6386155 1.1844101 1.3186312 1.9373416 1.4331128 1.9309992 1.7351273 1.3165913 1.5644170 1.3504087 1.2421610 1.5612776 1.4506793 1.4326913 1.6967785 2.6008896 2.0630498 1.6636873 2.5951704 2.8474922 2.2510681 2.2510565 1.9056223 2.9312000 2.2515538 2.1885467 2.8962239 1.8882342 
Hhon_g09765.t1                                         0.0000010 0.6254190 0.7379384 0.1317630 0.1095475 0.0000000 0.0000010 0.0236538 0.0525456 0.2377764 0.7108203 0.1896024 0.8361321 0.0000010 0.8361321 0.7747559 0.7747559 0.6552142 0.0000010 0.7610978 0.9181482 0.8352296 0.8803914 2.4329059 0.0000010 1.0785485 1.0296467 0.9912022 0.9650487 1.0223208 1.0338004 1.0565764 3.2105857 1.3903855 1.8302806 1.1766524 0.0000010 1.0047742 1.0548191 0.0000010 1.0962073 1.1146044 1.0838436 1.1101926 1.2079639 1.1560227 1.0900170 0.9901802 1.1043070 1.1237102 1.0099141 1.2457231 1.3337292 1.3985126 1.0807783 1.4614120 1.3985440 1.4064834 1.4508795 4.7123096 0.0000010 1.3916740 0.7742291 0.0000010 0.0000010 1.8781858 1.4958047 1.5555083 1.5600830 1.3211287 0.0000010 1.1553684 1.5067931 1.3544615 1.3057832 1.2890025 1.2015674 1.0026942 1.2484729 0.0000010 1.2447615 1.2447615 1.6532677 1.5003875 1.4717344 1.6158914 1.5075313 1.3679117 1.3501613 1.2975571 1.3501613 1.3676132 0.0000010 1.3690026 1.3084154 1.2991043 1.1080682 1.1037113 1.3451183 0.0000010 1.2765795 1.2765795 9.0000000 1.2765795 1.0472407 1.5220636 1.5489231 1.8712909 5.3906544 4.3806955 1.1706724 1.1964313 1.2182872 1.0153996 2.3414212 1.0344315 1.2148520 1.2253889 1.1427829 1.1160981 1.1841332 1.2446625 1.0555415 6.0061192 1.4023892 0.9375522 1.4157862 1.5683577 1.5498839 1.3186548 1.2928729 1.3334756 1.2556610 1.2893904 1.2893904 1.3555233 2.6684709 1.7275641 2.8084108 7.0208555 1.3640410 1.7757332 1.2926275 1.5834689 1.4116355 1.6616881 1.2652584 1.2652584 1.3821410 1.5783221 1.2827710 2.0094833 2.0188477 1.6761428 1.3776450 1.8201443 1.1786645 1.4154368 0.0000010 1.6472344 1.8525369 3.1341501 5.7204962 0.0000010 1.8640005 0.0000010 0.0000010 1.8410586 2.3522952 3.3951941 1.0469648 1.4735127 0.8836116 0.0000010 1.9100349 
Hhon_g06341.t1                                         1.2210240 0.6444615 0.7666990 0.1259360 0.1124404 0.0000010 0.0000000 0.0091011 0.0525456 0.2517765 0.2512250 0.1896024 0.9081886 0.8307242 0.9589781 0.8567156 0.8567156 0.8075678 0.8084761 0.9689910 0.8273272 0.8122709 0.8466168 1.2011260 1.3006237 1.2769571 1.2784158 1.1564233 1.1227469 1.1757935 1.2382973 1.2850834 3.9985577 1.4147287 1.6481919 1.3729458 1.6472805 1.3425232 1.3810246 5.7498735 1.6124958 1.3296905 1.3354920 1.2793211 1.3556294 1.3404711 1.3060444 1.2194098 1.2345927 1.2606067 1.1899126 1.4535624 1.5572913 1.6803434 1.5932487 1.6117513 1.5499388 1.5533575 1.5088534 1.3902145 2.5977376 1.6202632 1.6483813 1.1774181 1.2149780 1.7568570 1.7071082 1.6127228 1.6113693 1.5260057 1.4652611 1.1553684 1.6311025 1.6128883 1.6024766 1.2890025 1.5010497 1.4238783 1.6158371 2.9705772 1.5174389 1.5174389 1.6532677 1.5795423 1.5601781 1.6158914 1.5957608 1.5198982 1.5112987 1.4860025 1.5112987 1.5202025 1.8809253 1.3690026 1.3843073 1.4521083 1.0928136 1.1037113 1.3451183 1.5035730 1.6425459 1.5451323 1.9133028 2.1210158 1.0472407 1.4956125 1.7449596 1.7657993 2.8015323 2.7746053 1.5304759 1.4846646 1.4145069 1.3672248 1.9739315 1.4801465 1.5558353 1.3275313 1.4944904 1.1160981 1.6632954 1.6657570 1.0555415 3.7366245 1.5300963 1.3379129 1.4566662 1.3968431 1.4571643 1.5355802 1.2928729 1.5112827 1.4641789 1.3759319 1.4709429 1.4122058 1.6700662 1.3341536 1.8229472 1.2156414 1.4479002 1.8860370 1.4735571 1.6025617 1.4471275 1.7130815 1.7037090 1.7037090 1.3821410 1.5783221 2.1976438 2.0225865 2.1888470 1.6761428 1.3776450 1.7437964 1.5040105 1.5105340 1.4457940 1.6912839 1.8525369 1.9092201 2.5816098 1.7481610 1.6483938 2.5137640 2.8497776 2.2254695 2.0575292 1.8038978 2.9004299 2.3719372 2.1644223 2.7864406 1.6718683 
HoiH04_mRNA4659                                        1.2210240 0.6341225 0.7089969 0.1200694 0.1004642 0.0236538 0.0091011 0.0000000 0.0442903 0.2358569 0.2512250 0.1572800 0.8325450 0.8307242 0.8571045 0.8169344 0.8169344 0.7930513 0.8084761 0.9273918 0.7830989 0.7863796 0.8127951 1.1865727 1.3006237 1.2373125 1.2051805 1.0953185 1.0499659 1.1254316 1.1517417 1.1857579 3.8087945 1.3429124 1.6576661 1.3158153 1.6472805 1.2728125 1.2586700 5.7498735 1.5185066 1.2488524 1.2851600 1.1949348 1.2956873 1.3063797 1.2256873 1.2119022 1.1941891 1.1962376 1.1569365 1.3599796 1.5045648 1.6416836 1.4251538 1.3791295 1.5499388 1.4713654 1.3913830 1.3902145 2.5977376 1.5591963 1.6483813 1.1774181 1.2149780 1.6791348 1.6530569 1.5633316 1.5622275 1.4451243 1.4652611 0.9663204 1.5620289 1.5665767 1.5270794 1.0725239 1.5010497 1.3671681 1.5265868 2.9705772 1.5174389 1.5174389 1.4243152 1.4579323 1.4579323 1.4243152 1.4841291 1.4536540 1.4536540 1.4536540 1.4536540 1.4536540 1.8809253 1.2401921 1.3411682 1.4226357 1.0928136 1.1037113 1.2161467 1.5035730 1.5705036 1.4582038 1.9133028 2.0376762 1.0923097 1.3053083 1.6410863 1.7657993 2.8423092 2.7656404 1.4934024 1.4017086 1.3177293 1.2816048 1.9525515 1.4652903 1.4762430 1.2398160 1.4235623 0.9326232 1.5876814 1.5818507 0.9436350 3.6157218 1.4826696 1.3379129 1.4137936 1.3526039 1.3901760 1.4858742 1.0946960 1.3804136 1.3754224 1.2874453 1.3953419 1.2874453 1.6432921 1.3341536 1.8169076 1.2156414 1.3531823 1.7885714 1.4383859 1.6025617 1.3195431 1.7167895 1.6546573 1.6546573 1.1256438 1.3194371 2.1120052 1.4390081 2.0803352 1.6761428 1.4007165 1.7269522 1.4451598 1.4077707 1.4457940 1.4682254 1.4941302 1.9092201 2.6170777 1.7481610 1.6483938 2.5137640 2.8497776 2.2254695 2.0575292 1.8038978 2.9004299 2.3719372 2.1644223 2.7864406 1.6718683 
HoiH11_mRNA5188                                        0.0000010 0.5871166 0.5955575 0.0894597 0.1021573 0.0525456 0.0525456 0.0442903 0.0000000 0.1687361 0.7108203 0.1593362 0.6338127 0.0000010 0.6338127 0.6306165 0.6306165 0.6163114 0.0000010 0.6227007 0.6999719 0.7062542 0.7333014 2.0607098 0.0000010 0.9353315 0.8093755 0.7676471 0.7643339 0.8292929 0.7593327 0.7724396 1.6903348 1.0809082 1.7301522 1.0029114 0.0000010 0.7664464 0.8088769 0.0000010 0.8443178 0.8528467 0.9081838 0.8903971 1.0780358 1.0790258 0.9033193 0.9242715 0.9741202 0.9205708 0.8615133 1.0203532 1.1013213 1.1976918 0.8083911 1.2225239 1.3079506 1.1365087 1.2021231 4.7123096 0.0000010 1.1882932 0.7742291 0.0000010 0.0000010 1.5113307 1.3109159 1.3804667 1.3850686 1.0917529 0.0000010 0.8408735 1.2316754 1.1357131 1.0453585 0.9079347 1.2015674 0.8349093 0.9518630 0.0000010 1.2828734 1.2828734 1.4325146 1.3156351 1.3156351 1.4325146 1.2545697 1.2258205 1.2258205 1.2258205 1.2258205 1.2258205 0.0000010 1.2338055 1.1801679 1.2113230 1.1906111 1.1882499 1.1864952 0.0000010 1.0945945 1.0945945 9.0000000 1.0945945 1.0517474 1.2964246 1.2987156 1.9471398 7.7938796 4.6185596 1.0394782 1.0164829 0.9980105 0.8103425 1.4914542 0.9461234 1.0265907 1.0696507 0.8923581 0.9511829 1.0174451 1.0534737 0.9297318 5.6313691 1.2130717 0.9375522 1.3035746 1.4183322 1.3553808 1.1888135 1.0016670 1.1606385 1.0289952 1.1030232 1.1030232 1.1030232 2.0832006 1.7275641 2.6995956 7.0208555 1.1227549 1.4968906 1.1459981 1.5501704 1.1740341 1.3969624 1.2222084 1.2222084 1.0785986 1.1672438 1.1261576 1.2211666 1.6555302 1.7207286 1.3227247 1.6337961 1.0013152 1.1577040 0.0000010 1.3937408 1.3311047 2.8169392 6.1943768 0.0000010 1.8640005 0.0000010 0.0000010 1.7018698 2.0119301 3.3951941 1.0469648 1.4918048 0.8836116 0.0000010 1.9100349 
TrH2_TrispH2_000796-RA                                 0.9433429 0.6800479 0.7692083 0.2216599 0.2044130 0.2377764 0.2517765 0.2358569 0.1687361 0.0000000 0.0036979 0.0222680 0.9061172 0.8759420 0.9426214 0.8395485 0.8395485 0.7969711 0.8361087 0.9262860 0.8053031 0.7859931 0.7762514 1.2472456 1.2012275 1.2828484 1.2192199 1.1469426 1.1612446 1.1461540 1.2405388 1.2536405 4.5432395 1.4825391 1.6839554 1.4621950 1.5507705 1.3151023 1.4257643 5.7648092 1.6607064 1.4545225 1.3145029 1.2047955 1.3218645 1.3154648 1.2621138 1.1986750 1.1282712 1.2141941 1.1861169 1.4335654 1.4857656 1.5979791 1.5045738 1.6990350 1.3532615 1.5205460 1.4519676 1.5032962 2.4833018 1.6057759 1.6870417 1.1507318 1.1195312 1.7150911 1.6580699 1.5960875 1.5494410 1.5070608 1.3671176 1.2464234 1.6827359 1.5922277 1.5234023 1.1638311 1.5892673 1.4686826 1.6437671 2.8492733 1.5371325 1.5371325 1.7241867 1.5994214 1.6267372 1.7770155 1.5618766 1.5257520 1.5276631 1.5041725 1.5276631 1.5259608 1.8565594 1.4121716 1.4640813 1.4654215 1.1188245 1.1326244 1.4224808 1.5262089 1.6111314 1.5200087 1.8091060 2.1113612 1.3348418 1.4449913 1.6140245 2.0012534 2.7424763 2.6601776 1.5403731 1.4081759 1.3494116 1.3528465 1.8145124 1.3814543 1.4798204 1.3192171 1.3920141 1.2469287 1.6691817 1.6429798 1.0974735 3.6171084 1.5774028 1.4765406 1.4410556 1.4259028 1.3884761 1.5110308 1.1939534 1.5119719 1.4540967 1.3730380 1.4695742 1.4487409 1.6718384 1.2997550 1.8891425 1.2037311 1.3971844 1.8303475 1.4071128 1.5134760 1.4819678 1.6172212 1.7746808 1.7746808 1.4414540 1.6207470 2.2802761 2.1365696 2.0340328 1.8192594 1.5127354 1.5524664 1.4626860 1.4691204 1.4779811 1.5537926 1.8261076 1.9974172 2.7304657 1.8297240 1.5280739 2.4148255 2.5646184 2.0299225 1.8318691 1.6905352 2.6717804 2.3587375 2.1031426 2.6671048 1.8440171 
Tadh_TriadT60235                                       0.9433429 0.6661079 0.7097541 0.2093524 0.2135287 0.7108203 0.2512250 0.2512250 0.7108203 0.0036979 0.0000000 2.7338941 0.8764769 0.8759420 0.9381840 0.8648020 0.8648020 0.8662105 0.8361087 1.0405931 0.7446705 0.7534079 0.6945263 1.1618067 1.2012275 1.4628099 1.4007207 1.2321616 1.3213852 1.2449294 1.3968894 1.4106679 5.9020921 1.4602248 1.6045540 1.6038577 1.5693184 1.4972535 4.4059640 5.7648092 2.1371870 1.5366408 1.4690422 1.2460297 1.4046488 1.4235082 1.3727839 1.3332777 1.2089406 1.3421003 1.2714877 1.5139332 1.6645640 1.8847791 3.8807715 3.6247227 2.3396683 1.6491820 1.6473505 1.3461293 2.4833018 1.8825932 1.7781160 1.1507318 1.1195312 1.6390057 1.7357861 1.5794971 1.4757080 1.6263829 1.3671176 0.0000010 1.7122489 1.7605084 1.8004994 0.0000010 1.5870475 1.6694096 1.9098800 2.8492733 1.7069372 1.7069372 0.0000010 1.7129046 1.7129046 0.0000010 1.6766938 1.5745307 1.5745307 1.5745307 1.5745307 1.5745307 1.8565594 0.0000010 1.4846086 1.5494460 1.2970727 3.1478210 0.0000010 1.5205676 1.7603995 1.6142731 1.7428770 3.2613980 0.0000010 2.4036033 1.6377876 2.4036033 2.0709223 1.8051315 1.6822065 1.6733030 1.5603560 1.6514526 1.6908286 1.5995210 1.7872808 1.3990431 1.6713965 0.0000010 2.0158109 1.9968562 0.0000010 3.0990297 1.5376217 1.3518377 1.3414018 1.1960453 1.1550926 1.5317661 0.0000010 1.8298979 1.5926619 1.3782715 1.5548685 1.3782715 1.5818950 1.2901065 1.2936131 1.1085943 1.4485508 1.8809788 1.4282798 1.4140777 1.7490068 1.6118292 2.8960388 2.8960388 0.0000010 0.0000010 4.3895069 4.1343989 2.3633062 0.0000010 0.0000010 1.4232354 1.8715627 1.9225181 1.4779811 6.3328397 0.0000010 1.4596700 1.4719264 1.8906394 1.4902758 2.4148255 2.6682239 2.7190851 1.8041670 1.6317298 3.8914137 3.8563022 3.7311206 2.6671048 1.8476192 
Tadh_TriadT30592                                       0.0000010 0.6510810 0.6844284 0.2027656 0.1829224 0.1896024 0.1896024 0.1572800 0.1593362 0.0222680 2.7338941 0.0000000 0.6601006 0.0000010 0.6601006 0.6194469 0.6194469 0.6047811 0.0000010 0.6268155 0.8235557 0.8134387 0.7731869 2.0607098 0.0000010 0.9311448 0.7468201 0.7768283 0.7414985 0.7803013 0.6976685 0.7208229 2.4141754 1.1397586 1.7930304 1.0240657 0.0000010 0.8518855 0.8363241 0.0000010 0.9067120 0.9843396 0.9123148 0.8627055 1.0326299 1.0335918 0.8839264 0.8563773 0.9257569 0.9118966 0.9148309 1.0208891 1.1852477 1.2149346 0.8255425 1.2208900 1.1878663 1.1463284 1.2028511 0.0000010 0.0000010 1.2320637 0.6408821 0.0000010 0.0000010 1.4789999 1.2901969 1.3718831 1.3718831 1.1716433 0.0000010 1.0937695 1.3857317 1.2472950 1.0216021 0.9774223 1.2515439 0.9861877 1.0756300 0.0000010 1.3060175 1.3060175 1.4986898 1.3484978 1.3511970 1.5021624 1.2894569 1.2754553 1.2744651 1.2388107 1.2744651 1.2687174 0.0000010 1.2062214 1.2799316 1.2357479 1.1367351 1.1407650 1.2507141 0.0000010 1.1552233 1.1552233 9.0000000 1.1552233 1.1690692 1.2326160 1.2349134 2.0194783 8.3416464 5.0864823 1.0708674 0.9531189 0.9391724 0.8612303 1.6556360 0.9366379 0.9982773 1.0744240 0.8976000 0.9624891 1.0787013 1.0630308 0.8994602 5.7521081 1.3583729 1.0026856 1.3351776 1.4599677 1.4170713 1.2081237 1.0187522 1.1835144 1.1439529 1.1971345 1.1971345 1.2253451 2.1603363 1.7275641 3.0356071 7.2762935 1.2055444 1.5914348 1.2069447 1.6553908 1.2864722 1.4446026 1.2332846 1.2332846 1.1476025 1.3235376 1.2076271 1.4998780 1.6668260 1.8192594 1.4047327 1.5201809 0.9639215 1.0988954 0.0000010 1.2984292 1.4295167 3.0409056 6.3380060 0.0000010 1.8640005 0.0000010 0.0000010 1.5367175 1.9112965 2.4170425 0.9134116 1.5491529 0.8400678 0.0000010 1.8268427 
TrH2_TrispH2_000795-RA                                 0.8965011 0.9106169 0.9423165 0.8469853 0.7771906 0.8361321 0.9081886 0.8325450 0.6338127 0.9061172 0.8764769 0.6601006 0.0000000 0.0000010 0.0000010 0.2855781 0.2855781 0.2423181 0.1375045 0.3532946 1.0887612 1.0502000 1.0776969 1.4138035 1.4623523 1.4392368 1.3593156 1.3242581 1.3596108 1.2852914 1.3946046 1.4205610 4.4125347 1.5695610 1.8421467 1.6908422 1.8301814 1.5858342 1.6955561 4.5426969 1.8409066 1.5789687 1.6694478 1.6069908 1.5529463 1.5639224 1.4829793 1.4492308 1.4792902 1.4550174 1.5250375 1.5864334 1.7389053 1.8815497 1.7402653 1.8683053 2.0331813 1.8705423 1.8203983 1.7533340 2.4011553 2.0626634 1.9536135 1.6045918 1.4421161 2.1829056 2.0420868 1.8700830 1.8438366 1.7896244 1.5366709 1.3394491 1.8072865 1.8180244 1.9017150 1.4389559 1.8664913 1.7714302 1.7199118 2.6521208 1.8439930 1.8439930 1.8016008 1.8086542 1.8398705 1.8604589 1.6600012 1.7681537 1.7570024 1.7570024 1.7570024 1.7654083 1.9710973 1.2654599 1.7174081 1.7152951 1.1849356 1.2015712 1.4422558 1.8418901 2.0502226 1.9690887 1.7483404 2.5235173 1.5492388 1.8299777 2.0106979 2.2705971 3.4690892 3.4156039 1.8687403 1.7110359 1.7148606 1.4963397 2.3236500 1.8551470 1.8414657 1.3912036 1.6247175 1.3800781 1.8498405 1.9257899 1.2707514 4.0215945 1.6787879 1.6260980 1.6752351 1.6673131 1.5585748 1.7986484 1.3790854 1.7031617 1.7365361 1.6838077 1.7417309 1.7319743 2.1303668 1.4655458 2.0000878 1.2628989 1.6718648 2.1007226 1.7343477 1.9018893 1.5747203 2.1815649 2.2759322 2.2759322 1.5481394 1.5493162 2.7013785 1.8910019 2.2131190 1.7078978 1.4259412 1.6588130 1.6793628 1.7864679 1.6459362 1.6918746 2.0486108 1.8868865 2.0501443 1.7882130 1.7760338 2.8503536 3.1901235 2.4360232 2.2670037 2.1659382 2.9477701 2.4883517 2.5803806 3.2980079 1.8424582 
Tadh_TriadT60233                                       0.7859691 1.5088904 0.9332449 0.8339541 0.8635504 0.0000010 0.8307242 0.8307242 0.0000010 0.8759420 0.8759420 0.0000010 0.0000010 0.0000000 0.0000010 0.2826951 0.2826951 0.3003918 0.1375045 0.6546140 1.1950713 1.1950713 1.1834488 1.6910014 8.5616126 1.9735855 1.4707931 1.5529514 2.0715803 1.5594073 1.7655945 1.7171216 9.0000000 1.7118346 2.1701655 2.9875640 2.0910438 2.3753508 0.0000010 4.5426969 4.1778281 1.9599491 1.8834325 1.9564680 2.3572410 2.3572410 2.0056145 1.7249666 1.8619815 2.1331286 2.2955053 2.3827001 2.5318326 2.8547190 5.5398330 7.2003749 0.0000010 2.8826749 0.0000010 0.0000010 3.0619366 3.1978518 2.9491473 2.1809233 2.5633224 3.1658653 3.6083692 2.9047533 2.9047533 2.7022127 2.7022127 0.0000010 3.1264976 3.1317450 3.2737133 0.0000010 0.0000010 3.9363696 2.7307889 2.6521208 2.6193532 2.6193532 0.0000010 0.0000010 0.0000010 0.0000010 0.0000010 2.1946583 2.1946583 2.1946583 2.1946583 2.1946583 5.1992511 0.0000010 1.9100317 2.3698935 0.0000010 0.0000010 0.0000010 2.2003587 2.5487456 2.8341207 0.0000010 8.9999987 0.0000010 0.0000010 2.3057865 0.0000010 2.5969605 1.8391082 2.8002822 2.4577255 2.8517317 2.5272784 2.8125365 2.8125365 2.8638574 0.0000010 2.2092738 0.0000010 3.3704602 3.3704602 0.0000010 2.8090606 2.1456485 0.0000010 2.1883806 1.7919684 1.7907516 2.4998672 0.0000010 0.0000010 2.4610279 9.0000000 2.2682945 9.0000000 2.5289677 2.1591838 1.6857192 2.6574967 3.6133190 5.0564384 2.0808746 2.0356771 4.3953897 2.2275185 2.4618097 2.4618097 0.0000010 0.0000010 5.1735507 5.6855366 3.1268342 0.0000010 0.0000010 0.0000010 4.3900663 0.0000010 2.2537754 5.0722797 0.0000010 9.0000000 0.0000010 1.8440272 1.7382957 2.8503536 3.3571042 0.0000010 2.2794963 1.9615135 5.2884025 4.2839681 3.6009561 3.4016287 1.8207617 
Tadh_TriadT60232                                       1.8587979 0.9348716 0.9902923 0.8790800 0.7727413 0.8361321 0.9589781 0.8571045 0.6338127 0.9426214 0.9381840 0.6601006 0.0000010 0.0000010 0.0000000 0.3025161 0.3025161 0.2403374 0.0000010 0.3076199 1.0797326 1.0273243 1.0802023 1.3327252 1.4137871 1.3532352 1.3221178 1.2907764 1.3182445 1.2340324 1.3372349 1.3738998 4.2225620 1.5640746 1.7935107 1.5780594 1.3072771 1.4232486 1.6955561 0.0000010 1.5252038 1.5146123 1.7044923 1.6191921 1.4348328 1.4480526 1.4395537 1.4198752 1.4637945 1.3671812 1.3529672 1.4431395 1.6316552 1.7614501 1.4895800 1.6249276 2.0331813 1.7418504 1.8203983 1.7533340 0.0000010 1.9784590 1.7069139 1.5014972 1.2637427 2.0662254 1.9060591 1.8914003 1.8604991 1.7117840 1.1863438 1.3394491 1.6415870 1.6561010 1.7458016 1.4389559 1.8664913 1.5042405 1.6124908 0.0000010 1.6876582 1.6876582 1.8016008 1.8086542 1.8398705 1.8604589 1.6600012 1.7130953 1.6991165 1.6991165 1.6991165 1.7095717 1.5160681 1.2654599 1.7427656 1.6313207 1.1849356 1.2015712 1.4422558 1.7488085 1.9694383 1.9694383 1.7483404 1.9823433 1.5492388 1.8299777 1.9779312 2.2705971 4.8111934 4.1899786 1.7023741 1.5687056 1.5055868 1.3061841 2.2205004 1.6921755 1.6264800 1.3912036 1.5247114 1.3800781 1.6077090 1.6933357 1.2707514 5.4412932 1.6036635 1.6260980 1.5763015 1.6534297 1.5303649 1.6960055 1.3790854 1.7031617 1.6176568 1.6785993 1.6785993 1.7292909 2.0884480 0.9601547 2.2036551 1.2364018 1.6030466 1.7929475 1.7073329 1.9526557 1.4763388 2.2478032 2.2591874 2.2591874 1.5481394 1.5493162 2.4083120 1.8726380 2.0765354 1.7078978 1.4259412 1.6588130 1.5460271 1.7864679 1.1919984 1.6497000 2.0486108 1.8276526 2.0501443 0.0000010 2.0825963 0.0000010 0.0000010 2.4360232 2.2298002 3.0823777 2.4687840 2.2001393 2.2446733 0.0000010 1.9488969 
Hhon_g09766.t1                                         0.9654162 0.9098915 0.9435002 0.8017451 0.7557834 0.7747559 0.8567156 0.8169344 0.6306165 0.8395485 0.8648020 0.6194469 0.2855781 0.2826951 0.3025161 0.0000000 0.0000010 0.0107302 0.1378552 0.1590014 1.0592507 1.0528487 1.0960666 1.3906258 1.3290679 1.3833318 1.3337460 1.2685090 1.2494300 1.2100162 1.2948227 1.2915636 2.9103740 1.4524466 1.7769911 1.5403458 1.8899156 1.5285069 1.5539021 5.0872751 1.7831880 1.5590167 1.5989786 1.5610142 1.4577916 1.4448270 1.3646694 1.3867986 1.4161492 1.3717322 1.3512721 1.5800934 1.6504389 1.7560251 1.6766883 1.7890379 1.7956483 1.6595867 1.5753037 1.4622532 2.3835977 1.9211692 1.9199684 1.6007037 1.3639781 2.0160353 1.8288049 1.6948949 1.7003086 1.6813869 1.5034833 1.2143667 1.7646529 1.8797416 1.7451694 1.2560995 1.7670076 1.7061872 1.5692714 2.7785803 1.7783002 1.7783002 1.5869177 1.6016832 1.6065551 1.5960340 1.4779443 1.6434524 1.6271105 1.6271105 1.6271105 1.6431783 2.0143239 1.2984417 1.5928703 1.5863733 1.2571240 1.2812672 1.2751371 1.6620922 1.9142033 1.8074724 1.6894800 2.3780444 1.5459519 1.8338613 1.9900986 2.2493596 3.3390977 3.2768030 1.8044971 1.5479468 1.5826834 1.4242507 2.3299793 1.7835230 1.6428927 1.3110550 1.5449716 1.3214268 1.8421324 1.9051971 1.2748369 4.1591797 1.7121169 1.5121526 1.5946965 1.5602151 1.5256551 1.6813173 1.4101971 1.6129116 1.6106181 1.5781232 1.6622962 1.6118200 1.9890651 1.5462797 2.0556348 1.2095577 1.6099122 2.0263611 1.6850787 1.9037965 1.3860384 1.9630451 2.3435095 2.3435095 1.4329473 1.5043977 2.7200978 1.5411339 2.0258819 1.8159983 1.3734033 1.4679569 1.6456380 1.6981320 1.7595532 1.5034823 1.8635549 2.0293662 2.0918953 1.9634888 1.7682491 2.6710160 3.2032533 2.3471009 2.4692055 2.1962729 3.0202649 2.4955609 2.6675353 3.0973594 2.2445894 
Hhon_g06340.t1                                         0.9654162 0.9098915 0.9435002 0.8017451 0.7557834 0.7747559 0.8567156 0.8169344 0.6306165 0.8395485 0.8648020 0.6194469 0.2855781 0.2826951 0.3025161 0.0000010 0.0000000 0.0107302 0.1378552 0.1590014 1.0592507 1.0528487 1.0960666 1.3906258 1.3290679 1.3833318 1.3337460 1.2685090 1.2494300 1.2100162 1.2948227 1.2915636 2.9103740 1.4524466 1.7769911 1.5403458 1.8899156 1.5285069 1.5539021 5.0872751 1.7831880 1.5590167 1.5989786 1.5610142 1.4577916 1.4448270 1.3646694 1.3867986 1.4161492 1.3717322 1.3512721 1.5800934 1.6504389 1.7560251 1.6766883 1.7890379 1.7956483 1.6595867 1.5753037 1.4622532 2.3835977 1.9211692 1.9199684 1.6007037 1.3639781 2.0160353 1.8288049 1.6948949 1.7003086 1.6813869 1.5034833 1.2143667 1.7646529 1.8797416 1.7451694 1.2560995 1.7670076 1.7061872 1.5692714 2.7785803 1.7783002 1.7783002 1.5869177 1.6016832 1.6065551 1.5960340 1.4779443 1.6434524 1.6271105 1.6271105 1.6271105 1.6431783 2.0143239 1.2984417 1.5928703 1.5863733 1.2571240 1.2812672 1.2751371 1.6620922 1.9142033 1.8074724 1.6894800 2.3780444 1.5459519 1.8338613 1.9900986 2.2493596 3.3390977 3.2768030 1.8044971 1.5479468 1.5826834 1.4242507 2.3299793 1.7835230 1.6428927 1.3110550 1.5449716 1.3214268 1.8421324 1.9051971 1.2748369 4.1591797 1.7121169 1.5121526 1.5946965 1.5602151 1.5256551 1.6813173 1.4101971 1.6129116 1.6106181 1.5781232 1.6622962 1.6118200 1.9890651 1.5462797 2.0556348 1.2095577 1.6099122 2.0263611 1.6850787 1.9037965 1.3860384 1.9630451 2.3435095 2.3435095 1.4329473 1.5043977 2.7200978 1.5411339 2.0258819 1.8159983 1.3734033 1.4679569 1.6456380 1.6981320 1.7595532 1.5034823 1.8635549 2.0293662 2.0918953 1.9634888 1.7682491 2.6710160 3.2032533 2.3471009 2.4692055 2.1962729 3.0202649 2.4955609 2.6675353 3.0973594 2.2445894 
HoiH04_mRNA4661                                        0.9654162 0.8839593 0.9365771 0.7669061 0.7519371 0.6552142 0.8075678 0.7930513 0.6163114 0.7969711 0.8662105 0.6047811 0.2423181 0.3003918 0.2403374 0.0107302 0.0107302 0.0000000 0.1559660 0.1780631 1.0526193 1.0436669 1.0679275 1.4086137 1.3290679 1.3932766 1.2880766 1.2320425 1.2165278 1.1937510 1.2538909 1.2497217 3.2470055 1.4291184 1.7715003 1.5002422 1.9190232 1.4827191 1.4851614 5.0872751 1.7541238 1.5262355 1.5894904 1.4426699 1.4523379 1.4646057 1.3290179 1.3497981 1.3918931 1.3819226 1.3542305 1.4993209 1.6699187 1.7610522 1.5591826 1.6863580 1.7875239 1.6146022 1.5278364 1.4622532 2.3927151 1.8363606 1.9258670 1.6041740 1.3672380 1.9416572 1.7895418 1.6490034 1.6560745 1.6599321 1.5144860 1.1210756 1.7477817 1.8485127 1.7502136 1.1238372 1.7621194 1.7318779 1.6022187 2.7785803 1.7843415 1.7843415 1.6377826 1.6285866 1.6285866 1.6377826 1.4582439 1.6393021 1.6393021 1.6393021 1.6393021 1.6393021 2.0143239 1.2371591 1.6288714 1.5924500 1.2571240 1.2812672 1.2963228 1.7077214 1.9133525 1.8018323 1.6894800 2.3690365 1.5182956 1.5950935 1.9486955 2.2493596 3.3208770 3.3486270 1.7471438 1.5332231 1.5295531 1.4324706 2.2983759 1.7885534 1.6209682 1.2667864 1.5274279 1.1032954 1.7370964 1.7888355 1.0727204 4.2273377 1.6790096 1.5121526 1.5903287 1.5770254 1.5290287 1.6641437 1.3842253 1.6791693 1.6431700 1.6173526 1.7162157 1.6173526 2.0175942 1.5488087 2.0672491 1.2283957 1.5819214 2.0079968 1.7077412 1.9358530 1.3590174 1.9691556 2.3231698 2.3231698 1.3496968 1.4283218 2.7325374 1.3400771 1.9821377 1.8159983 1.4263885 1.4499226 1.6598051 1.7039982 1.7802221 1.4808586 1.7184147 2.0293662 2.1306538 1.9634888 1.7863635 2.6710160 3.2943928 2.3428517 2.4692055 2.1962729 3.0202649 2.4955609 2.6675353 3.1421817 2.2445894 
HoiH06_mRNA2631                                        0.8628183 1.6970569 1.0873811 0.7772318 0.7710263 0.0000010 0.8084761 0.8084761 0.0000010 0.8361087 0.8361087 0.0000010 0.1375045 0.1375045 0.0000010 0.1378552 0.1378552 0.1559660 0.0000000 0.5151452 1.4570136 1.4570136 1.2441397 1.4510525 9.0000000 1.7685778 1.2675310 1.2817774 2.0530355 1.1772040 1.4723278 1.4902417 9.0000000 1.4747082 2.1295014 2.9304239 1.9363908 2.3447347 0.0000010 3.9754529 3.7888420 1.9540815 1.5730629 1.7669092 1.8085570 1.8085570 1.3914569 1.2207726 1.7625622 1.7334290 2.1037385 2.0104157 1.9659659 2.1522194 4.3043326 8.9999990 0.0000010 2.1550030 0.0000010 0.0000010 2.2654385 2.2399475 2.0581463 2.0293194 2.3925094 1.8589139 2.6198253 2.6711126 2.6711126 2.3932912 2.3932912 0.0000010 2.6543766 2.3531835 2.2625273 0.0000010 0.0000010 2.4401342 2.0411856 1.9329723 1.9434356 1.9434356 0.0000010 0.0000010 0.0000010 0.0000010 0.0000010 1.5194348 1.5194348 1.5194348 1.5194348 1.5194348 1.2076112 0.0000010 1.8282530 1.7334675 0.0000010 0.0000010 0.0000010 1.5537303 2.3496183 2.8821218 0.0000010 8.9999990 0.0000010 0.0000010 2.1780797 0.0000010 2.3531987 1.8515720 2.1253432 2.1420070 2.4425043 2.1036025 2.5989564 2.5989564 2.0746351 0.0000010 1.8545966 0.0000010 2.4611835 2.4611835 0.0000010 2.2244753 1.8588397 0.0000010 2.1653516 1.9103450 1.9402579 2.2239666 0.0000010 0.0000010 2.1096435 9.0000000 1.9048161 9.0000000 2.0914876 1.9569242 1.4901316 2.4831850 2.9660810 5.2406937 1.8605252 1.8041963 2.5703746 2.2793447 2.5400285 2.5400285 0.0000010 0.0000010 4.6402167 0.0000010 2.8616803 0.0000010 0.0000010 0.0000010 6.2944783 0.0000010 1.8949387 0.0000010 0.0000010 9.0000000 0.0000010 1.2222255 1.2111708 1.4062712 3.1191083 0.0000010 1.6615452 1.7634682 6.0518410 4.6749833 3.6925323 2.7829119 1.2348116 
HoiH23_PlH23_003864-RA                                 1.4620885 0.9210163 0.9750533 0.8926880 0.8510497 0.7610978 0.9689910 0.9273918 0.6227007 0.9262860 1.0405931 0.6268155 0.3532946 0.6546140 0.3076199 0.1590014 0.1590014 0.1780631 0.5151452 0.0000000 1.1554044 1.1558380 1.1694011 1.6836822 1.3696424 1.4841811 1.4866146 1.4002631 1.2667396 1.3017304 1.4439966 1.4230094 2.8880530 1.6429737 2.0595679 1.5831779 2.3899799 1.6019421 1.5787444 6.6024920 1.8077127 1.6621371 1.7070095 1.6942879 1.5693119 1.5543965 1.5182581 1.5089549 1.5470603 1.5124683 1.4945043 1.7174711 1.8330511 1.9062645 1.6968801 1.7434254 1.9456214 1.9337818 1.6732955 1.4592349 3.4494112 2.1750423 2.3550271 1.9040875 1.4433416 2.2708091 1.9850515 1.7665524 1.7963378 1.8462380 1.7459402 1.1519857 1.8854460 2.0579213 1.9890568 1.2408631 1.7524100 1.8224793 1.7446106 5.4383213 2.0506549 2.0506549 1.5486331 1.6503578 1.6551793 1.5579138 1.5556040 1.8644782 1.8454340 1.8454340 1.8454340 1.8642924 2.1704360 1.2316350 1.7849580 1.7335849 1.2444521 1.2646358 1.2391378 2.1068965 2.1746683 1.8794265 1.7424960 2.4036577 1.5430602 1.8177178 2.2815741 2.2662652 4.6499325 3.6072326 2.0252081 1.7313009 1.7481735 1.5458787 2.8391014 2.0130789 1.8420569 1.3534942 1.7353608 1.2679008 2.0037679 2.0824222 1.2195329 5.6810525 1.8729092 1.5714982 1.6808740 1.7254062 1.7005729 1.8123812 1.3526378 1.5857559 1.7546690 1.6156745 1.8388927 1.6500362 2.3198267 1.8272815 2.4155569 1.3181453 1.6497604 2.1153916 1.8420761 2.1518756 1.4123081 2.2379254 2.3789953 2.3789953 1.4235840 1.4944762 2.7922478 1.5158770 2.0990384 1.6852771 1.2876447 1.4485112 1.6276790 1.6813896 2.1017854 1.4293479 1.8237342 1.9914415 2.0508098 4.0120054 2.5621412 6.4346594 4.3389261 2.6097373 4.1398339 3.2011504 3.7122714 2.7546926 3.0367936 5.7420166 3.7860832 
Hhon_g06342.t1                                         0.7653937 0.6455905 0.6464406 0.8269881 0.8004515 0.9181482 0.8273272 0.7830989 0.6999719 0.8053031 0.7446705 0.8235557 1.0887612 1.1950713 1.0797326 1.0592507 1.0592507 1.0526193 1.4570136 1.1554044 0.0000000 0.0265549 0.3040457 1.4936102 1.3600036 1.5273670 1.5769509 1.4370275 1.4394757 1.4020680 1.5457209 1.4075342 2.5170150 1.6786185 1.9526101 1.6889884 1.8237795 1.6343337 1.7563705 4.7713069 1.8114740 1.6815066 1.6716025 1.5135304 1.4638832 1.4565631 1.5960490 1.5772209 1.6384070 1.4864221 1.4912239 1.7014795 1.8615361 1.9629940 2.2969831 2.0501390 1.9256148 1.8272225 1.7927723 1.4822896 3.2083159 2.0394049 1.8400133 1.1046088 1.1757238 1.9905502 1.7755100 1.7493324 1.6626143 1.6436823 1.6226279 1.2714468 1.6736728 1.7110310 1.8150159 1.5041272 1.7033814 1.8020250 1.7650714 3.9295357 1.9636640 1.9636640 1.9213262 1.8649119 1.8529358 1.8991397 1.7489862 1.8261813 1.8313720 1.8010507 1.8313720 1.8301829 1.8953046 1.7334505 1.7384455 1.7337893 1.6297375 1.7337533 1.7599292 1.7992449 2.0071526 1.8092469 1.9058899 2.4733007 1.7255862 2.0808224 2.0157789 2.5710805 3.3833356 3.1823592 1.9073566 1.8254241 1.7632551 1.5514736 2.0956984 1.6534790 1.8319840 1.5871460 1.6487393 1.2818784 1.9418517 1.9160141 1.2042860 4.2152573 1.6218255 1.1780752 1.5484898 1.5513139 1.5194680 1.6554421 1.3534743 1.5536239 1.7240751 1.5248138 1.7216298 1.5754091 2.0372953 1.5747600 2.2164793 1.5042101 1.6889045 2.0439155 1.8549187 1.9444478 1.9641256 1.9502065 2.0318031 2.0318031 1.3436910 1.4577116 2.6238181 1.7515005 2.0232695 1.9212935 1.5698786 1.5286891 1.7227023 2.1132939 1.6663537 1.9044023 1.9984864 2.7380182 2.5474550 2.4924731 2.1886080 3.1642005 3.0202149 2.0262084 2.4111368 2.2787157 3.5120808 2.7344447 2.6329797 3.2132346 2.1870104 
HoiH04_mRNA8954                                        0.7653937 0.6219189 0.6370860 0.8117221 0.8153141 0.8352296 0.8122709 0.7863796 0.7062542 0.7859931 0.7534079 0.8134387 1.0502000 1.1950713 1.0273243 1.0528487 1.0528487 1.0436669 1.4570136 1.1558380 0.0265549 0.0000000 0.3225633 1.4792602 1.3235751 1.5205520 1.5453475 1.3824655 1.3856317 1.3444338 1.4647265 1.3686555 2.5998396 1.6407117 1.9203892 1.6361010 1.8307006 1.5737835 1.6789637 4.7713069 1.7932372 1.6559306 1.6662493 1.3883847 1.4939254 1.4862851 1.5698451 1.5705751 1.6545768 1.4304116 1.4421908 1.6454404 1.8135819 1.9198925 2.2396951 1.9692979 1.9109633 1.8265902 1.7903743 1.5161791 3.2308262 2.0149130 1.8666848 1.1181157 1.1575358 1.9583871 1.7628405 1.7094980 1.6164000 1.6366992 1.6528740 1.3249203 1.6656729 1.7629163 1.8364836 1.4046038 1.7446774 1.8232295 1.7784907 3.9295357 1.9439373 1.9439373 1.8635833 1.8131511 1.8232085 1.8827752 1.7522022 1.8460283 1.8299466 1.8073051 1.8299466 1.8479495 1.9348316 1.6549071 1.7555420 1.7735290 1.6233983 1.7398348 1.7849118 1.8128972 1.9666340 1.7578329 1.9814782 2.4114072 1.5849889 1.8484060 1.9910057 2.5243268 3.3541985 3.0939641 1.8775589 1.8445223 1.7596493 1.5758142 2.0518373 1.6225904 1.8283682 1.6267683 1.6591549 1.1323280 1.8956733 1.8396564 1.0036604 4.2612732 1.5899290 1.2162226 1.5496947 1.5629974 1.5220419 1.6343584 1.3166823 1.5663508 1.7012670 1.5476955 1.7495596 1.5352591 2.0005016 1.5738906 2.2014755 1.4754876 1.6218758 1.9842651 1.8427538 1.9334970 1.9530378 1.8921077 2.0276250 2.0276250 1.2900507 1.4129573 2.6233205 1.5913168 1.9963318 1.9183333 1.5407408 1.5141022 1.7942776 2.0820071 1.6633923 1.7799907 1.8020866 2.6961303 2.6791960 2.4924731 2.1886080 3.1642005 3.0202149 2.0409958 2.4111368 2.2735490 3.4858097 2.7197287 2.6186574 3.2132346 2.2047879 
