176
Helnan_EP00037_Helgoeca_nana_P006556               0.0000000 0.1358363 1.4400504 3.1246352 3.6305242 2.8677252 3.6385493 3.5892404 3.5694101 4.0833265 4.0833265 3.5459326 3.5459326 2.3581027 2.3234158 2.9167163 2.9167163 3.3458805 3.3997119 3.0048208 2.9548200 2.4623496 2.3255183 3.6431337 2.6878021 3.6848759 3.4412663 3.1848603 3.0127641 3.4600009 2.9486542 3.2409048 3.6713055 2.6241653 3.2943210 3.0791437 3.0136265 4.0863877 5.3218573 3.5362180 4.7444417 2.7435759 3.2862424 3.4060290 6.4665998 3.3487137 2.6663577 3.7630662 3.4453605 2.9918333 2.9051717 3.0717350 3.6014311 3.5106720 3.5470414 3.4238512 3.0179478 3.1585634 2.8240729 2.8226267 3.0577495 3.0543298 3.1509455 2.5257994 2.8023932 2.8884667 3.2466228 2.3020158 2.3020158 3.1308203 3.0680434 2.5615445 3.8339929 3.7407950 2.3880658 2.8853519 3.2825741 3.1647092 3.1647092 2.6536278 2.6536278 2.9480911 3.0445778 3.0445778 2.9104883 2.5470562 3.0945360 3.1328975 3.2105511 3.0567867 3.3421356 3.0176715 3.6308481 3.5323069 3.5323069 3.6189422 3.4777609 2.9857546 2.8889251 3.0908749 3.0794680 3.4195713 3.2106339 2.8682088 2.9489992 2.9794438 2.8675177 2.8907612 2.8296861 6.0866346 3.2416626 3.1996661 3.2363769 3.4339032 3.1148117 2.9081062 3.2766077 3.2766077 2.4947421 3.3516521 2.7597353 3.2591185 2.8777743 3.8278960 3.0302736 3.4706505 3.2194232 3.2073587 3.1197909 3.5587060 3.0187533 3.4772903 3.1555490 3.1308578 3.2766792 4.9560409 3.5755126 3.2767997 3.3752920 3.1099256 2.1329764 2.4667478 3.5266765 3.3958255 3.3958255 3.7816415 3.4868900 2.6961374 3.2504012 2.9327666 2.7310097 2.5899667 2.6070740 2.8833304 3.0527224 2.8731576 2.8431014 3.0753979 2.9220024 2.9030355 2.8903511 3.1566602 3.3569117 2.8162402 2.9321279 2.5649051 3.4826842 3.6110458 5.4929062 4.5256491 4.9210230 6.3040844 2.4497955 6.1296864 5.8472819 4.9799924 
Helnan_EP00037_Helgoeca_nana_P006557               0.1358363 0.0000000 1.3867949 2.8574958 3.7150559 2.8677252 3.7223008 3.7658996 3.7579077 4.1252222 4.1252222 3.4851872 3.4851872 2.3581027 2.3234158 2.9167163 2.9167163 3.3458805 3.3997119 3.0048208 2.7802778 2.4623496 2.3255183 3.6431337 2.5551052 3.5862741 3.1681347 2.8822009 2.9432221 3.3380191 2.7361501 3.0732654 3.6407920 2.6241653 3.2649345 3.0791437 3.0136265 4.0590447 5.2964846 3.3557469 4.9355797 2.7435759 3.4173695 3.4060290 7.1998624 3.3375327 2.6883917 3.4137184 3.2228949 2.7527705 2.6947212 2.9283774 3.2772982 3.1709430 3.2933841 3.1725608 3.0179478 2.9391614 2.9187001 2.7086230 2.9062697 3.0998874 3.1950033 2.5257994 2.7162067 2.8884667 2.9741713 2.3020158 2.3020158 2.9993808 2.8918900 2.5615445 3.6114741 3.4360160 2.3880658 2.7167449 3.1637594 2.9578398 2.9578398 2.6536278 2.6536278 2.7502378 2.8338213 2.8338213 2.8866441 2.5470562 2.8190931 2.9800578 3.0232012 2.9130505 3.1725733 3.0706608 3.2844780 3.2084600 3.2084600 3.2681054 3.1902462 3.0371015 2.7885593 3.0452371 3.0246050 3.3001775 2.8795930 2.9403708 2.9497469 2.9953992 2.9502647 2.9743814 2.8918131 6.2459905 3.0758775 3.0198867 3.0673463 3.2196840 3.1148117 2.7573631 3.1715789 3.1715789 2.4947421 3.1289541 2.6853936 3.0815765 2.8180686 3.4941959 2.9163448 3.3033225 3.1644734 2.9925860 2.8887014 3.3299308 2.9753378 3.2370111 3.0966950 3.0515337 3.1149401 4.0811501 3.3413416 3.2368798 3.2423393 2.9938443 2.1329764 2.4010190 3.3699768 3.1988944 3.1988944 3.7738523 3.3792961 2.6961374 3.0264953 2.8172341 2.7310097 2.5510877 2.5213079 2.9423987 3.1180947 2.7762413 2.6832177 2.9978533 2.8981422 2.8556446 2.8322583 3.0230491 3.2292230 2.6735287 2.6799900 2.5243648 3.5141405 3.5959924 5.0101812 4.0234390 4.3296953 5.3582950 2.2401071 5.8341491 4.1126244 4.5630378 
Stedip_EP00041_Stephanoeca_diplocostata_P005487    1.4400504 1.3867949 0.0000000 2.2049143 3.3049986 3.2795408 3.2438899 2.9571903 3.1472455 3.5066694 3.5066694 3.5001570 3.5001570 3.0618208 3.0162915 3.5765154 3.5765154 5.5754434 3.1732489 3.3224424 2.9193430 2.5986579 2.3815896 2.3881730 3.6152819 2.4093017 2.2866169 2.4269280 2.3811584 2.7610479 2.2290842 2.1502225 3.1744821 1.5346087 2.0464845 2.7843675 4.7082283 4.6228340 6.0618989 2.8984370 2.5264573 2.4821414 2.4192785 5.0132912 7.4279039 2.1233956 2.0795572 2.0254418 2.0123292 2.0446290 1.9267242 2.1242783 2.8273969 1.8395017 2.4132235 2.5783802 2.4202481 2.6336627 2.4736335 2.4831353 2.5268020 2.4660451 2.8406208 2.1231919 2.4272772 2.3880148 2.4162045 2.3737020 2.3737020 2.3563291 2.3563291 2.3737020 2.5778618 2.5778618 2.4427487 2.4579856 3.1460896 2.5279735 2.5279735 2.5739438 2.5739438 2.6191793 2.6191793 2.6191793 2.4385920 2.2604772 1.9847230 2.1741217 2.0666647 2.8815712 2.5496006 2.3272381 2.3544398 2.4107861 2.4107861 2.3768827 2.3711326 2.3317857 2.2213661 2.1035983 2.2851937 2.4420115 2.8623723 2.2145329 2.3079555 2.1608023 2.0756993 2.0756993 2.0204208 5.1345110 2.3002450 2.2670391 2.2935400 2.2542508 2.4242454 2.4039534 2.4243278 2.4243278 2.5486399 2.1921356 2.0247356 1.9127219 2.5489704 3.6231314 2.5102760 2.5407306 2.9248588 2.1898465 2.2201021 2.5327198 2.0158176 2.3655577 2.0800536 2.0625053 2.7645069 2.4279837 2.3007920 2.3908962 2.8156041 2.1179765 3.4765887 2.1201004 2.7508918 2.3463810 2.3463810 2.6591230 2.4080362 2.3652926 2.3493385 2.3096292 2.5805898 3.4613641 2.7620537 2.2280268 2.1340663 2.1962335 2.2537862 2.3872035 2.5213919 1.9267809 1.9267809 2.3760587 3.3478694 2.5927670 2.5927670 1.8303470 2.3094791 2.2175788 2.7081888 2.1651486 1.8190811 1.7711794 2.4221346 5.3500823 1.6049351 2.8282668 
Salurc_EP00051_Salpingoeca_urceolata_P008763       3.1246352 2.8574958 2.2049143 0.0000000 3.1527591 2.2046935 3.1855325 3.1261962 2.8648630 3.1399835 3.1399835 2.7420539 2.7420539 2.1127171 2.0442084 2.5998394 2.5998394 2.6380487 2.4742499 2.0582598 2.9231695 2.0574844 2.0355269 1.4593859 2.0835373 2.5823711 2.5000056 2.3745408 2.5079621 2.6333368 2.0468017 1.9823458 3.4762795 1.5782608 2.9918204 2.1906401 3.0873500 4.5742295 5.5839690 2.7925616 3.4825526 1.7686463 2.5798324 2.6343019 4.2709198 2.8411850 2.2733818 2.6603014 2.3656599 2.0660919 2.2402130 2.1743075 2.6437441 2.5665353 2.7182294 2.5114337 2.0904927 2.9322068 2.2496357 2.0811433 3.2002385 2.9612786 2.2514019 1.9005574 2.1252408 1.7202674 2.8396680 1.7535036 1.7535036 2.5565855 2.3587308 1.7463321 3.0249934 2.7575210 1.9476139 2.3464795 2.4607690 2.6180325 2.6180325 1.7674072 1.7674072 2.3302015 2.3876901 2.3876901 1.8915941 1.8302365 2.8746711 2.1924769 2.7287329 2.0097130 2.5309626 1.8650976 2.6842410 2.6954633 2.6954633 2.6477067 2.5785215 1.8486104 1.9203619 2.6567645 2.6887689 2.5194555 2.2032307 2.1300535 2.2876807 2.2227893 2.2109694 2.1736336 2.1241605 4.2841461 2.6785501 2.5384353 2.5176652 2.3315748 1.9324422 2.0023409 2.6171291 2.7117123 1.7789528 2.6581507 2.5972201 2.6569055 2.4727000 2.7509353 2.3599619 2.5109527 2.7296605 2.6517718 2.7753448 2.5532136 2.4840769 2.9351831 2.7733737 2.7764548 2.4175694 4.9316262 2.9191355 2.2407331 2.7023752 2.9634278 1.7719978 2.2026204 2.2246265 3.2484455 3.2484455 3.1347137 3.2708125 2.2152417 3.2541446 2.1150703 1.9509459 2.1280844 2.2367119 2.7237457 3.1290567 2.9814166 2.7794424 2.7867716 2.5835576 2.5838721 2.5926858 2.8635987 3.0372308 2.8202610 2.8427093 2.3234702 2.3278460 2.8250567 4.5504894 4.0967451 4.3211193 5.4241412 2.7088784 4.9513751 3.7348884 5.0509414 
Coeast_Cast_sb822467                               3.6305242 3.7150559 3.3049986 3.1527591 0.0000000 0.0000010 0.0332503 0.3451226 0.4239652 0.4817486 0.4817486 0.3356641 0.3356641 0.4601674 0.3581547 0.5570298 0.5570298 0.7174272 0.5094639 0.4655226 2.9169648 2.5998164 2.4165994 2.0890842 2.8006787 2.5535842 2.6595252 2.7653069 2.3061810 2.9069363 2.6234959 2.2486575 3.6968478 1.4462932 2.7577180 1.7715347 1.9886441 4.2882366 8.0063684 2.7375079 2.3641232 1.6344873 2.6391203 2.2330944 5.8247173 2.4147500 1.6904186 2.9834043 2.7669721 2.8696797 2.8759408 2.7918481 2.7732792 3.1485595 2.6638850 2.5457930 1.6327561 2.3732907 1.7834253 1.8193833 2.5815670 2.6234015 2.3827002 2.1091260 2.5058960 2.2509326 3.1434617 2.0109092 2.0109092 2.9306163 2.7035352 2.0119347 3.2752811 2.9412929 2.0492476 2.6850760 3.1532074 2.8755541 2.8755541 2.0920100 2.0920100 2.7706306 2.7703266 2.7703266 2.3480890 1.9798501 2.3315267 2.2385874 2.4444209 2.0229670 2.7356921 2.1158478 2.5402793 2.4953037 2.4953037 2.5546169 2.5774581 2.1465022 2.1226950 2.4387609 2.5856478 2.5957097 2.4726963 2.8538453 2.6234969 2.6516362 2.4684771 2.5120715 2.5962648 6.9457798 2.9341460 2.4554948 2.4390050 2.4065683 1.6995397 1.8624547 2.3899730 2.3899730 1.5428516 2.4674891 2.4279301 2.7366423 2.2238844 2.8283469 2.3308754 2.7114424 2.5046006 2.6970994 2.9173126 2.4832206 2.5221737 2.7166113 2.8170900 2.7882012 2.4287056 5.7602244 2.8581705 2.5347530 2.8774037 3.1323996 1.6651903 2.7580615 2.5244677 2.8471246 2.8471246 2.8520443 3.0398748 2.0406348 2.8270978 3.2924141 1.9128782 2.8728989 2.6951170 4.0639070 4.0305840 3.3413569 3.0160109 2.6209483 2.5891274 2.6469067 2.6410109 3.1728056 3.2726894 3.0502523 3.4403366 2.7667994 2.6289111 2.3750224 6.6445883 6.1722341 6.5659270 8.5328905 4.0008650 2.7003444 8.9999986 5.9884890 
Coemet_Cmet_scaffold21363_01                       2.8677252 2.8677252 3.2795408 2.2046935 0.0000010 0.0000000 0.0000010 0.1763082 0.2345974 0.2702770 0.2702770 0.2702770 0.2702770 0.4601674 0.3581547 0.5280497 0.5280497 0.6883829 0.5037688 0.4655226 2.3438941 2.4548264 2.2815600 2.0890842 1.8260424 1.6282705 1.6445394 1.6435256 1.3700019 2.0971119 1.5877066 1.5113257 2.3831268 1.4462932 1.6722916 1.7715347 1.9886441 2.9852146 6.7469794 1.8001091 1.8776376 1.6344873 1.8032709 2.2330944 5.6046926 1.6207147 1.6382596 1.9088778 1.8039169 1.7274841 1.6655896 1.7257144 1.6360374 1.9505337 1.5467598 1.4421340 1.6327561 1.5834701 1.5057235 1.5402789 1.8946482 1.8544479 1.8662359 2.0526835 2.0045405 1.9415523 2.0281706 2.0109092 2.0109092 2.0281706 2.0281706 2.0119347 1.8553121 1.8553121 2.0043415 2.0043415 2.2491885 2.0522366 2.0522366 2.0522366 2.0522366 2.0522366 2.0522366 2.0522366 2.0000370 1.9425619 1.6644166 1.8374885 1.7526714 1.5260171 1.8111870 1.8499718 1.8273175 1.7959715 1.7959715 1.8500195 1.8828763 1.8828763 1.6867934 1.7089358 1.7417413 2.0424389 1.9756787 1.9786694 1.8547664 1.8809464 1.8333764 1.8532058 1.9582874 7.6907924 1.9679865 1.8977591 1.9536198 1.7422397 1.6715949 1.6141511 1.6141511 1.6141511 1.5428516 1.6126804 1.7038331 1.8697961 1.6744770 2.0808578 1.7694246 1.9475285 1.6916393 1.8024293 1.8777222 1.8579189 1.8946791 1.9349625 1.9658158 1.9760072 1.7666942 5.5907609 2.0861481 2.1219748 1.9629142 2.0418601 1.6651903 1.9449576 1.9750277 2.0072813 2.0072813 2.4302547 2.2116330 2.0406348 2.1321584 2.1081556 1.9128782 2.0290967 2.1239330 2.8034265 2.9006544 2.2464087 2.0903081 1.6633349 1.5764850 1.9516582 2.0150288 2.3724797 2.5696145 2.3292488 2.3292488 1.8525229 2.1119325 1.6771390 0.0000010 4.3559895 5.7184721 9.0000000 2.4882252 1.9238675 0.0000010 4.8515451 
Coemet_Cmet_scaffold21364_01                       3.6385493 3.7223008 3.2438899 3.1855325 0.0332503 0.0000010 0.0000000 0.3429402 0.4564907 0.5315013 0.5315013 0.3503646 0.3503646 0.4601674 0.3581547 0.5570298 0.5570298 0.7174272 0.5094639 0.4655226 2.8659691 2.5998164 2.4165994 2.0890842 2.8006787 2.6281495 2.6525218 2.7430680 2.2876877 2.9824453 2.6578649 2.2190966 3.6233517 1.4462932 2.7281198 1.7715347 1.9886441 4.1831996 7.3532163 2.7600691 2.3641232 1.6344873 2.6939211 2.2330944 5.8769985 2.4266737 1.6904186 3.0703549 2.7750502 2.8773497 2.8240699 2.8389651 2.7037626 3.1878945 2.6341019 2.5715285 1.6327561 2.3295731 1.7819023 1.8193833 2.5373542 2.5868802 2.3493205 2.1091260 2.5032515 2.2509326 3.1926920 2.0109092 2.0109092 2.9971010 2.6815781 2.0119347 3.3749028 2.9059648 2.0492476 2.6892900 3.1532074 2.8634648 2.8634648 2.0920100 2.0920100 2.6814857 2.6832223 2.6832223 2.3480890 1.9798501 2.2975505 2.2385874 2.4437933 2.0294898 2.5760695 2.1158478 2.4715656 2.4077368 2.4077368 2.4799163 2.5716832 2.1465022 2.1200323 2.3866610 2.5654637 2.6405219 2.4446292 2.8497199 2.6221350 2.6384057 2.3800431 2.4211057 2.5721875 6.8648302 3.0099079 2.4924970 2.5471660 2.3914981 1.6995397 1.9008898 2.4551755 2.4551755 1.5428516 2.4267081 2.4929853 2.8446431 2.3118575 2.8292609 2.2862935 2.7551609 2.5167916 2.6386777 2.8528980 2.5007791 2.5311065 2.7620710 2.8641290 2.8268833 2.4103091 5.5667987 2.8536912 2.5347731 2.8283906 3.0821522 1.6651903 2.8339026 2.5533301 2.8002833 2.8002833 2.9187661 3.0430434 2.0406348 2.8732933 3.2492187 1.9128782 2.8307108 2.6511241 3.9134611 4.0770089 3.3720156 2.9614457 2.6391063 2.5306370 2.6486679 2.6450826 2.9976970 3.0999768 3.0168444 3.3794523 2.8237366 2.4980444 2.3455492 5.4794549 6.4295446 6.8457805 8.8647773 3.9540214 2.8414576 8.3880576 5.3809449 
Lampan_Lpan_12864_01                               3.5892404 3.7658996 2.9571903 3.1261962 0.3451226 0.1763082 0.3429402 0.0000000 0.3644952 0.4310399 0.4310399 0.3157255 0.3157255 0.4419070 0.3724109 0.6151635 0.6151635 0.7935840 0.5285157 0.5258971 3.0879158 2.5757031 2.3557229 2.2312244 2.3103584 2.4895837 2.4847811 2.5680082 2.1584612 2.8705469 2.4345390 2.4063191 3.3960488 1.6017149 2.5239153 1.8378169 2.3409828 4.1796037 6.2803764 2.6615393 2.7499498 1.6829436 2.4552541 2.3595312 5.2358129 2.3529964 1.7535374 3.0539586 2.5665077 2.6681323 2.6646833 2.7191081 2.8181608 3.1383060 2.7091703 2.7316936 1.5914439 2.3803976 2.0174750 1.8481111 2.7086381 2.6734617 2.4970336 2.0969569 2.4188617 2.3467224 3.1130107 2.0048845 2.0048845 2.9851620 2.5794391 2.0035010 3.3996397 2.7807966 2.1156265 2.7282219 2.9918546 2.7884336 2.7884336 2.0544544 2.0544544 2.7305102 2.7515147 2.7515147 2.2430496 2.0593330 2.2641126 2.1631019 2.3692978 2.1509281 2.5421715 1.9984848 2.2924327 2.2634556 2.2634556 2.3407764 2.4505021 2.0298429 1.9931031 2.4126539 2.4425012 2.6106423 2.4119961 2.5464315 2.4073206 2.5212969 2.3010856 2.3224135 2.3871018 6.5540451 2.8362308 2.4946968 2.6161017 2.4547976 1.7471022 1.8617205 2.3211590 2.3211590 1.4737326 2.5715766 2.4108761 2.7007022 2.1954515 2.8855466 2.1921222 2.6598105 2.3449953 2.5231417 2.6796163 2.4716341 2.4847278 2.6938779 2.6738934 2.6696128 2.3053437 4.9422840 2.7257635 2.5263908 2.9579814 2.8235399 1.6654330 2.6869485 2.5799776 2.7513268 2.7513268 2.8775087 2.9233851 2.0352587 2.8867753 2.8939644 2.0752655 2.8775104 2.7859836 4.0151224 3.6784412 3.1543148 2.9895444 2.5997349 2.7029847 2.6597490 2.7223849 3.1749399 3.3795185 2.9148600 3.1310977 2.7439553 2.3884506 2.3949883 6.8434778 6.7052459 7.1967212 8.9999986 4.2297877 3.1949747 7.0206944 5.8031074 
Mlei_ML0317.g15.i1                                 3.5694101 3.7579077 3.1472455 2.8648630 0.4239652 0.2345974 0.4564907 0.3644952 0.0000000 0.3665819 0.3665819 0.2811085 0.2811085 0.5644464 0.4425517 0.7042993 0.7042993 0.8096301 0.5211426 0.4586798 3.0302732 2.6387080 2.5107472 2.1008120 3.1095647 2.7409114 2.8502350 2.9488926 2.5393403 3.1546679 2.5809601 2.5726484 3.7061072 1.7106765 2.7513574 1.9717309 2.3666891 4.3257138 6.9239543 2.6603974 2.5316097 1.7071838 2.6138974 2.4264317 4.9770553 2.5332649 1.8040228 3.1325125 2.7118588 2.5331899 2.6294669 2.5478017 2.8468788 2.8799049 2.7241816 2.6107709 1.7724262 2.1778051 1.9329159 1.8735194 2.8191110 2.5340207 2.4163754 2.0305631 2.4872907 2.3820449 3.2908076 1.9840068 1.9840068 2.9321164 2.7907534 2.0395465 3.2508542 3.0620968 2.1091116 2.8166616 3.0223038 3.0139380 3.0139380 2.0492791 2.0492791 2.6157648 2.6581545 2.6581545 2.2705371 2.0181106 2.4229452 2.2795609 2.7245385 2.2795578 2.7458911 2.0820548 2.5538779 2.5787074 2.5787074 2.6707265 2.6806177 2.1103589 2.1329575 2.5574433 2.6981984 2.5656851 2.6259360 2.8836263 2.7055566 2.8530841 2.5373292 2.5578407 2.7064104 6.8085544 2.9525189 2.7572399 2.8146711 2.5337245 1.9654490 2.0601833 2.5360023 2.5360023 1.6425048 2.6850642 2.4935970 2.7784222 2.3146627 3.2575446 2.2591757 2.9854873 2.4561129 2.8027902 2.8741661 2.6679884 2.5893479 2.9439873 2.8003916 2.8609063 2.6066331 4.7961505 2.8247275 2.7424748 2.8204910 2.9790104 1.7100408 2.9711108 2.6007987 3.1461929 3.1461929 3.1187815 3.1504256 2.1636972 2.9724087 3.1919956 1.9744623 3.1366954 3.0004262 3.8730533 3.9910598 3.5213773 3.1939599 2.8210549 2.6484983 2.8420624 2.8217228 3.1095405 3.2854953 3.1507843 3.4302043 2.7884491 2.7362603 2.2944180 8.0937351 7.1038787 7.9090252 8.9999987 4.2543467 2.8981709 6.5305219 5.5471472 
Beraby_Baby_sb336642                               4.0833265 4.1252222 3.5066694 3.1399835 0.4817486 0.2702770 0.5315013 0.4310399 0.3665819 0.0000000 0.0000010 0.0516717 0.0516717 0.4959923 0.3773324 0.6527365 0.6527365 0.8886233 0.5340614 0.5652095 3.3121521 2.7627345 2.5441878 2.4220657 2.9340400 2.7236630 2.9926785 2.7223720 2.2815972 3.0988104 2.6129356 2.4011394 3.3435735 1.5024401 2.5291750 1.8751526 2.0944145 3.9099513 6.2677099 2.5824892 2.8789382 1.7348175 2.5514020 2.3899903 5.4282127 2.5593220 1.8034141 3.1706041 2.8990873 2.8809309 2.8045034 2.7687039 2.9341147 3.0337220 2.7796810 2.6118189 1.6253407 2.4368909 1.9814926 1.9238365 2.7631922 2.6789603 2.4292824 2.0604174 2.6605849 2.4225010 3.4503991 2.0821323 2.0821323 3.1139212 2.8477688 2.0908085 3.3960165 2.9983443 2.2117956 2.9531000 3.0041109 2.8944937 2.8944937 2.0887508 2.0887508 2.7000182 2.7212278 2.7212278 2.3115202 2.1170155 2.6057847 2.4158774 2.8933712 2.2204926 2.7245345 2.1968568 2.6999716 2.7689808 2.7689808 2.7537960 2.7642665 2.2185827 2.1379664 2.6290554 2.7360367 2.8184336 2.5741561 2.8905049 2.7412823 2.9162554 2.7072980 2.7373198 2.8734203 7.1634805 3.0304716 2.6663324 2.7239906 2.6672622 2.0345322 2.1214361 2.6846220 2.6846220 1.7301834 2.7090312 2.5749472 2.7815118 2.5622461 3.4088664 2.4417145 2.7590247 2.7410393 2.9432648 2.9429516 2.8196387 2.8115067 2.9998684 2.9865471 3.0665857 2.8189564 5.6494353 2.8699327 2.6622337 3.2112897 3.3250328 1.6852668 2.9252179 2.8356176 3.1822487 3.1822487 2.8508946 2.9785386 2.1546799 2.9605399 3.2823893 1.8639265 3.4467046 2.9673936 4.4616678 4.3486273 3.4426833 3.1399642 3.0513030 2.9485496 3.0799080 3.1124328 3.5108574 3.6600831 3.3327505 3.5892747 2.9673909 2.9895600 2.6820586 8.9999989 8.6645504 8.9999988 8.9999983 4.2323204 2.7052773 8.9999987 6.8797276 
Beraby_Baby_sb336643                               4.0833265 4.1252222 3.5066694 3.1399835 0.4817486 0.2702770 0.5315013 0.4310399 0.3665819 0.0000010 0.0000000 0.0516717 0.0516717 0.4959923 0.3773324 0.6527365 0.6527365 0.8886233 0.5340614 0.5652095 3.3121521 2.7627345 2.5441878 2.4220657 2.9340400 2.7236630 2.9926785 2.7223720 2.2815972 3.0988104 2.6129356 2.4011394 3.3435735 1.5024401 2.5291750 1.8751526 2.0944145 3.9099513 6.2677099 2.5824892 2.8789382 1.7348175 2.5514020 2.3899903 5.4282127 2.5593220 1.8034141 3.1706041 2.8990873 2.8809309 2.8045034 2.7687039 2.9341147 3.0337220 2.7796810 2.6118189 1.6253407 2.4368909 1.9814926 1.9238365 2.7631922 2.6789603 2.4292824 2.0604174 2.6605849 2.4225010 3.4503991 2.0821323 2.0821323 3.1139212 2.8477688 2.0908085 3.3960165 2.9983443 2.2117956 2.9531000 3.0041109 2.8944937 2.8944937 2.0887508 2.0887508 2.7000182 2.7212278 2.7212278 2.3115202 2.1170155 2.6057847 2.4158774 2.8933712 2.2204926 2.7245345 2.1968568 2.6999716 2.7689808 2.7689808 2.7537960 2.7642665 2.2185827 2.1379664 2.6290554 2.7360367 2.8184336 2.5741561 2.8905049 2.7412823 2.9162554 2.7072980 2.7373198 2.8734203 7.1634805 3.0304716 2.6663324 2.7239906 2.6672622 2.0345322 2.1214361 2.6846220 2.6846220 1.7301834 2.7090312 2.5749472 2.7815118 2.5622461 3.4088664 2.4417145 2.7590247 2.7410393 2.9432648 2.9429516 2.8196387 2.8115067 2.9998684 2.9865471 3.0665857 2.8189564 5.6494353 2.8699327 2.6622337 3.2112897 3.3250328 1.6852668 2.9252179 2.8356176 3.1822487 3.1822487 2.8508946 2.9785386 2.1546799 2.9605399 3.2823893 1.8639265 3.4467046 2.9673936 4.4616678 4.3486273 3.4426833 3.1399642 3.0513030 2.9485496 3.0799080 3.1124328 3.5108574 3.6600831 3.3327505 3.5892747 2.9673909 2.9895600 2.6820586 8.9999989 8.6645504 8.9999988 8.9999983 4.2323204 2.7052773 8.9999987 6.8797276 
Beraby_Baby_sb336645                               3.5459326 3.4851872 3.5001570 2.7420539 0.3356641 0.2702770 0.3503646 0.3157255 0.2811085 0.0516717 0.0516717 0.0000000 0.0000010 0.4959923 0.3773324 0.6527365 0.6527365 0.8886233 0.5340614 0.5652095 2.9902907 2.7627345 2.5441878 2.4220657 2.9340400 2.2857311 2.3670633 2.2789891 1.8905470 2.7257421 2.2376728 2.1245425 2.9589493 1.5024401 2.2035677 1.8751526 2.0944145 3.5235207 5.7047981 2.4020119 2.8300759 1.7348175 2.1895151 2.3899903 4.8731038 2.2392357 1.7416382 2.4940039 2.4682096 2.3434979 2.2685106 2.3971748 2.3345437 2.5219451 2.3122225 2.2130267 1.6253407 2.1360435 1.9236443 1.9203416 2.3123113 2.2801423 2.2836353 2.0604174 2.6167522 2.4225010 2.7652897 2.0821323 2.0821323 2.7073006 2.5547329 2.0908085 2.7857090 2.5524294 2.2117956 2.7737120 2.7775447 2.5419872 2.5419872 2.0887508 2.0887508 2.5846170 2.5846170 2.5846170 2.3029128 2.1170155 2.2298265 2.3875558 2.4715199 2.1636587 2.4299892 2.1968568 2.3298352 2.3325789 2.3325789 2.3851312 2.3771539 2.2185827 2.0785643 2.3512180 2.3614697 2.5054856 2.2792201 2.5112824 2.3778354 2.4554290 2.4827013 2.5031952 2.5518267 6.7649881 2.5322783 2.2215305 2.3295680 2.2768730 2.0345322 2.1665882 2.1994151 2.1994151 1.7301834 2.1167559 2.2138626 2.3893825 2.1960073 2.8480559 2.2107568 2.4549505 2.4434799 2.3955373 2.4898676 2.4424811 2.3759763 2.6828915 2.5828720 2.5816815 2.5774963 4.6801213 2.5252967 2.5775048 2.5135121 2.6459330 1.6852668 2.6882280 2.4545653 2.6743538 2.6743538 2.5920974 2.6031184 2.1546799 2.5454673 3.0529990 1.8639265 2.8357642 2.6706228 3.6865384 3.8386752 2.9549467 2.9219595 2.5390639 2.4023858 2.6743401 2.7434121 3.0626166 3.2430848 2.7253788 2.9068117 2.3779742 2.7201248 2.1300344 7.5338819 7.0553815 7.3819147 8.9999983 3.6314195 2.4766727 5.7435899 5.6604738 
Beraby_Baby_sb336646                               3.5459326 3.4851872 3.5001570 2.7420539 0.3356641 0.2702770 0.3503646 0.3157255 0.2811085 0.0516717 0.0516717 0.0000010 0.0000000 0.4959923 0.3773324 0.6527365 0.6527365 0.8886233 0.5340614 0.5652095 2.9902907 2.7627345 2.5441878 2.4220657 2.9340400 2.2857311 2.3670633 2.2789891 1.8905470 2.7257421 2.2376728 2.1245425 2.9589493 1.5024401 2.2035677 1.8751526 2.0944145 3.5235207 5.7047981 2.4020119 2.8300759 1.7348175 2.1895151 2.3899903 4.8731038 2.2392357 1.7416382 2.4940039 2.4682096 2.3434979 2.2685106 2.3971748 2.3345437 2.5219451 2.3122225 2.2130267 1.6253407 2.1360435 1.9236443 1.9203416 2.3123113 2.2801423 2.2836353 2.0604174 2.6167522 2.4225010 2.7652897 2.0821323 2.0821323 2.7073006 2.5547329 2.0908085 2.7857090 2.5524294 2.2117956 2.7737120 2.7775447 2.5419872 2.5419872 2.0887508 2.0887508 2.5846170 2.5846170 2.5846170 2.3029128 2.1170155 2.2298265 2.3875558 2.4715199 2.1636587 2.4299892 2.1968568 2.3298352 2.3325789 2.3325789 2.3851312 2.3771539 2.2185827 2.0785643 2.3512180 2.3614697 2.5054856 2.2792201 2.5112824 2.3778354 2.4554290 2.4827013 2.5031952 2.5518267 6.7649881 2.5322783 2.2215305 2.3295680 2.2768730 2.0345322 2.1665882 2.1994151 2.1994151 1.7301834 2.1167559 2.2138626 2.3893825 2.1960073 2.8480559 2.2107568 2.4549505 2.4434799 2.3955373 2.4898676 2.4424811 2.3759763 2.6828915 2.5828720 2.5816815 2.5774963 4.6801213 2.5252967 2.5775048 2.5135121 2.6459330 1.6852668 2.6882280 2.4545653 2.6743538 2.6743538 2.5920974 2.6031184 2.1546799 2.5454673 3.0529990 1.8639265 2.8357642 2.6706228 3.6865384 3.8386752 2.9549467 2.9219595 2.5390639 2.4023858 2.6743401 2.7434121 3.0626166 3.2430848 2.7253788 2.9068117 2.3779742 2.7201248 2.1300344 7.5338819 7.0553815 7.3819147 8.9999983 3.6314195 2.4766727 5.7435899 5.6604738 
Eupdun_Edun_sb10642406                             2.3581027 2.3581027 3.0618208 2.1127171 0.4601674 0.4601674 0.4601674 0.4419070 0.5644464 0.4959923 0.4959923 0.4959923 0.4959923 0.0000000 0.0741216 0.2247668 0.2247668 0.4841487 0.7188965 0.8303119 2.1905523 2.0572334 2.0957123 2.2926724 0.4807544 1.3227229 1.6549193 1.3426771 1.3296250 1.9853016 1.3493203 1.4429722 2.2319865 1.3653113 1.6368594 1.8414000 2.1160164 3.0351001 5.6190278 1.8017226 1.9616599 1.6415394 1.5094219 2.1708024 5.6394184 1.5510746 1.6675236 1.6943473 1.5864458 1.4742126 1.4524649 1.5088361 1.4501640 1.5851262 1.3963796 1.4038155 1.3988429 1.5913649 1.2455461 1.2641852 1.4988092 1.5157424 1.7138737 1.6620567 1.8515245 1.8270221 1.8642270 1.9890844 1.9890844 1.8642270 1.8642270 1.8642270 1.5354151 1.5354151 1.7400841 1.7400841 1.7453697 1.5900668 1.5900668 1.5900668 1.5900668 1.5900668 1.5900668 1.5900668 1.6341584 1.7968577 1.8047115 1.8969718 1.8473211 1.8106082 1.8816268 1.6880940 1.6992705 1.6567726 1.6567726 1.6904615 1.6983527 1.6983527 1.9049742 1.6232611 1.5411675 1.8569601 2.0077339 1.6126346 1.6493876 1.6050259 1.6513204 1.6454838 1.6130545 7.8459295 1.7075202 1.6255624 1.7521741 1.6267030 1.6944991 1.7978248 1.7978248 1.7978248 1.6976960 1.5624683 1.4973087 1.7151624 1.5661103 2.1527464 1.7625601 1.7853145 1.7389173 1.6272853 1.5341452 1.7831702 1.7035607 2.1034671 2.0905377 1.9897567 1.7539675 8.2713370 1.9665620 1.9665620 2.0139852 2.0942243 1.7404688 1.7439786 1.7556581 1.6306168 1.6306168 1.7566120 1.7099981 1.7335755 1.7335755 1.8963274 1.8828001 1.9165183 2.0051332 2.6807700 2.6313805 2.1936149 2.0970613 1.7747490 1.7086387 2.0177465 2.0177465 2.2046809 2.4633992 2.1039933 2.1039933 1.6819288 1.6489466 1.6133357 0.0000010 2.8948678 9.0000000 0.0000010 2.2894756 2.3874350 0.0000010 4.3565880 
Eupdun_Edun_sb10642407                             2.3234158 2.3234158 3.0162915 2.0442084 0.3581547 0.3581547 0.3581547 0.3724109 0.4425517 0.3773324 0.3773324 0.3773324 0.3773324 0.0741216 0.0000000 0.2243280 0.2243280 0.4821409 0.6704991 0.6238961 2.0820190 2.0491366 2.1385591 2.2926724 0.4807544 1.3194022 1.5156826 1.3325095 1.2895767 1.9376116 1.3421242 1.4238419 2.2484531 1.3653113 1.5409223 1.9424301 2.1160164 3.1244866 5.6190278 1.8360537 2.0581398 1.6502647 1.5432945 2.1708024 5.6394184 1.5857497 1.7032173 1.6560095 1.5283195 1.4547650 1.4333758 1.5210483 1.3966134 1.5804608 1.3446395 1.3443540 1.3988429 1.5297404 1.2251575 1.2497689 1.5222527 1.5412190 1.7138737 1.6620567 1.8703437 1.8641581 1.8461652 1.9669272 1.9669272 1.8461652 1.8461652 1.8461652 1.5354151 1.5354151 1.7543933 1.7543933 1.7453697 1.6054588 1.6054588 1.6054588 1.6054588 1.6054588 1.6054588 1.6054588 1.6164662 1.7519031 1.6831922 1.8296711 1.7881426 1.7059375 1.7756576 1.5422488 1.5761122 1.5642178 1.5642178 1.5754111 1.5549467 1.5549467 1.7015240 1.5918489 1.5338266 1.8020771 1.9034654 1.5818225 1.6180127 1.5673631 1.6201503 1.6143161 1.6039058 7.8459295 1.7203464 1.5816762 1.6256646 1.5695873 1.5912586 1.6878368 1.6878368 1.6878368 1.6352012 1.5093254 1.4564027 1.6388714 1.5635721 2.0764884 1.6763635 1.6413095 1.5813863 1.5146621 1.4506766 1.6690299 1.6018464 1.9134940 1.8707726 1.7971082 1.6231002 8.9999988 1.8607810 1.8607810 1.7845965 2.0283180 1.7404688 1.7387134 1.7377683 1.6244913 1.6244913 1.7566120 1.6390254 1.6952779 1.6952779 2.0066428 1.8828001 1.7845258 2.0518384 2.6740825 2.6945531 2.2130637 2.0364770 1.6780344 1.6354567 2.0041346 2.0041346 2.2046809 2.4895581 2.1021087 2.1021087 1.4768701 1.7325479 1.6737042 0.0000010 2.8948678 9.0000000 0.0000010 2.2894756 2.2909697 0.0000010 4.3565880 
Eupdun_Edun_sb10642404                             2.9167163 2.9167163 3.5765154 2.5998394 0.5570298 0.5280497 0.5570298 0.6151635 0.7042993 0.6527365 0.6527365 0.6527365 0.6527365 0.2247668 0.2243280 0.0000000 0.0000010 0.3195787 0.9456031 1.2893799 2.9914471 2.8079224 2.8626462 4.4132461 1.9558925 2.0412514 2.2597510 1.9629469 1.9017163 2.5789621 2.0759819 2.0253466 2.4193738 1.6065600 2.5342417 2.0318312 2.1538279 3.0480925 6.8663242 2.6010278 8.9999987 2.1090260 2.2897501 1.8922265 5.5483255 2.2496004 2.4682533 2.4075382 2.2293872 2.2774029 2.2014540 2.1977634 1.8517387 2.2691740 1.7678813 1.6673132 1.6984434 1.9236138 1.5706299 1.6225028 1.8176308 1.9132383 1.8073186 2.0056194 2.0723718 2.0015643 2.1002308 2.0904114 2.0904114 2.1002308 2.1002308 1.9723661 1.8595435 1.8595435 1.9559911 1.9707462 2.0858762 1.8773075 1.8773075 1.8629307 1.8629307 1.8773075 1.8773075 1.8773075 1.9739671 1.9891383 2.0991008 2.3202646 2.1259359 2.1834201 2.1300600 2.0124546 2.0369445 2.0279419 2.0279419 2.0086245 2.0384015 2.0384015 2.2619474 1.9182627 2.0256723 2.2988819 2.7860450 2.1788246 2.1252911 2.2018398 2.1645042 2.1580940 2.1308209 7.1244734 2.3178794 2.0797507 2.2609539 1.9947544 2.3059181 2.1687658 2.1687658 2.1687658 2.1283144 1.8452151 1.8708258 2.1860645 2.1399238 2.0858464 2.1624047 2.1098717 2.4468393 2.1777493 2.0435747 2.3754141 2.3976292 2.4174989 2.2295849 2.3725456 2.2562865 4.7294462 2.4559988 2.4841974 2.2127845 2.4144290 1.7404688 2.4540830 2.0872429 2.1837657 2.1837657 1.8509021 2.2962568 2.0964822 2.2127605 2.6386410 1.8828001 2.1085210 2.6089244 3.4636296 3.2261625 2.8806687 2.7256940 2.0723690 1.8676757 2.2203676 2.2760921 2.1239976 2.4104490 2.8196667 2.8196667 1.8786966 2.9811989 2.1327411 8.6950396 3.8641637 3.9724341 8.9999989 2.7544952 2.2568348 0.0000010 6.7600813 
Eupdun_Edun_sb10642405                             2.9167163 2.9167163 3.5765154 2.5998394 0.5570298 0.5280497 0.5570298 0.6151635 0.7042993 0.6527365 0.6527365 0.6527365 0.6527365 0.2247668 0.2243280 0.0000010 0.0000000 0.3195787 0.9456031 1.2893799 2.9914471 2.8079224 2.8626462 4.4132461 1.9558925 2.0412514 2.2597510 1.9629469 1.9017163 2.5789621 2.0759819 2.0253466 2.4193738 1.6065600 2.5342417 2.0318312 2.1538279 3.0480925 6.8663242 2.6010278 8.9999987 2.1090260 2.2897501 1.8922265 5.5483255 2.2496004 2.4682533 2.4075382 2.2293872 2.2774029 2.2014540 2.1977634 1.8517387 2.2691740 1.7678813 1.6673132 1.6984434 1.9236138 1.5706299 1.6225028 1.8176308 1.9132383 1.8073186 2.0056194 2.0723718 2.0015643 2.1002308 2.0904114 2.0904114 2.1002308 2.1002308 1.9723661 1.8595435 1.8595435 1.9559911 1.9707462 2.0858762 1.8773075 1.8773075 1.8629307 1.8629307 1.8773075 1.8773075 1.8773075 1.9739671 1.9891383 2.0991008 2.3202646 2.1259359 2.1834201 2.1300600 2.0124546 2.0369445 2.0279419 2.0279419 2.0086245 2.0384015 2.0384015 2.2619474 1.9182627 2.0256723 2.2988819 2.7860450 2.1788246 2.1252911 2.2018398 2.1645042 2.1580940 2.1308209 7.1244734 2.3178794 2.0797507 2.2609539 1.9947544 2.3059181 2.1687658 2.1687658 2.1687658 2.1283144 1.8452151 1.8708258 2.1860645 2.1399238 2.0858464 2.1624047 2.1098717 2.4468393 2.1777493 2.0435747 2.3754141 2.3976292 2.4174989 2.2295849 2.3725456 2.2562865 4.7294462 2.4559988 2.4841974 2.2127845 2.4144290 1.7404688 2.4540830 2.0872429 2.1837657 2.1837657 1.8509021 2.2962568 2.0964822 2.2127605 2.6386410 1.8828001 2.1085210 2.6089244 3.4636296 3.2261625 2.8806687 2.7256940 2.0723690 1.8676757 2.2203676 2.2760921 2.1239976 2.4104490 2.8196667 2.8196667 1.8786966 2.9811989 2.1327411 8.6950396 3.8641637 3.9724341 8.9999989 2.7544952 2.2568348 0.0000010 6.7600813 
Eupdun_Edun_sb10642408                             3.3458805 3.3458805 5.5754434 2.6380487 0.7174272 0.6883829 0.7174272 0.7935840 0.8096301 0.8886233 0.8886233 0.8886233 0.8886233 0.4841487 0.4821409 0.3195787 0.3195787 0.0000000 1.2086072 2.2428830 2.8672709 2.7309953 2.3751164 4.4599462 1.9558925 2.0103105 1.9195772 1.9835136 1.9613886 2.3337368 1.9370825 1.9492796 2.0059017 1.4008768 2.0984432 1.7501977 1.8435216 2.5996235 5.0305017 2.4598692 8.4870644 1.9333136 2.1000279 1.5882754 5.1342834 2.0219980 2.2056585 2.3333413 2.1959653 2.0764045 2.1754925 1.9111679 1.6692289 2.2395948 1.6741829 1.6695596 2.1557768 1.7471049 1.5015608 1.6048041 1.7371595 1.7084711 1.6727277 1.9913890 2.1316443 2.1654499 2.1349605 2.1415415 2.1415415 2.1349605 2.1349605 1.9856113 1.8497600 1.8497600 2.0503728 2.0682738 1.8784247 1.9498677 1.9498677 1.9329120 1.9329120 1.9498677 1.9498677 1.9498677 2.0806161 2.2314362 1.8798728 1.9647434 2.0110083 2.1031372 1.9065221 1.8592516 1.8859177 1.9399583 1.9399583 1.8672514 1.8810955 1.8810955 2.2335067 1.8289368 1.6302004 1.9944736 2.4917617 2.0060508 1.8470103 1.9188895 1.9326837 1.9257517 1.8485378 5.7569994 2.1576872 2.0035225 2.1039253 1.9202275 2.0449360 2.0551380 2.0551380 2.0551380 2.0926160 1.6736733 1.9003736 2.1685778 2.1050810 1.9095862 2.0579995 1.8708425 1.9973562 2.2681356 2.0787884 1.8958633 2.1423216 2.2777886 2.0072081 2.2147864 2.1699956 3.2855645 2.1433769 2.1657687 1.9246851 2.1807261 1.5999153 2.1783593 2.1089642 2.3732190 2.3732190 1.9562420 2.3466727 2.1205540 2.2553940 2.3008175 1.5627636 2.2926974 2.7693803 3.6609499 3.5775601 3.1793562 3.3460960 1.9115663 1.7306319 2.3861830 2.4568070 1.9617810 2.0778449 2.5215307 2.5215307 1.9444465 2.8588752 1.7706012 8.6950396 3.5871194 3.1477959 8.9999989 2.7544952 1.5978892 0.0000010 6.7600813 
Pbac_sb2653321                                     3.3997119 3.3997119 3.1732489 2.4742499 0.5094639 0.5037688 0.5094639 0.5285157 0.5211426 0.5340614 0.5340614 0.5340614 0.5340614 0.7188965 0.6704991 0.9456031 0.9456031 1.2086072 0.0000000 0.0635522 2.5793771 2.4871399 2.2267569 2.0962608 2.7990515 2.0581545 1.9252335 1.9229936 1.7627246 2.3848204 1.9395474 1.9772540 2.4700121 1.5047097 1.9512139 1.8089945 2.6318107 3.4946589 4.3320632 2.1304563 2.1150258 1.7534432 1.9144357 2.3189781 4.0746778 1.8807991 1.7995639 2.0002609 2.0842882 2.0864759 1.9800630 2.0948709 1.9208484 2.1210690 1.8545239 1.7505197 1.6320084 1.7899087 1.6654039 1.8092205 1.7985422 2.0646468 2.0404750 2.0742950 2.2128868 2.2869059 2.3502368 1.9338980 1.9338980 2.3502368 2.3502368 1.9525496 2.5415395 2.5415395 2.0544169 2.3192737 2.5813370 2.1998711 2.1998711 1.9933661 1.9933661 2.1998711 2.1998711 2.1998711 2.1986846 1.8394050 1.8333346 2.0504843 1.9818372 2.0001765 1.9160089 2.1146612 2.0909661 2.1155015 2.1155015 2.1739612 2.1199323 2.1199323 1.8977694 1.9949470 2.0989468 2.1630244 2.1008842 2.2760568 2.1845056 2.1983572 2.2201527 2.2410553 2.3223190 7.0849853 2.0279476 2.3135122 2.2344527 1.9950339 1.9156306 1.9796242 1.9796242 1.9796242 1.7068712 1.7457724 1.9549281 2.1232627 1.8888986 2.6739414 2.1247934 2.1485277 2.0819638 1.9893709 1.9714161 2.3049819 2.0566591 2.2353826 2.1483912 2.0421699 2.1254212 4.7574291 2.3013032 2.2776468 2.0906359 2.1219959 2.1094510 2.1937213 2.3784683 2.2228203 2.2228203 2.8265262 2.2915919 1.9472292 2.2360702 2.3728748 1.9080681 2.3450512 2.4186202 3.1547809 3.2933698 2.6163650 2.6343639 2.1641724 2.1866433 2.2848149 2.3247977 2.5998023 2.7704297 2.4484514 2.4484514 2.2402576 2.2909333 2.0238729 4.2357335 5.9978892 7.0697742 8.9999988 3.1784576 1.3876865 0.0000010 5.2798733 
Pbac_sb2658011                                     3.0048208 3.0048208 3.3224424 2.0582598 0.4655226 0.4655226 0.4655226 0.5258971 0.4586798 0.5652095 0.5652095 0.5652095 0.5652095 0.8303119 0.6238961 1.2893799 1.2893799 2.2428830 0.0635522 0.0000000 2.4056450 2.5724932 2.3993803 2.0962608 0.0000010 1.6691960 1.5415463 1.6008816 1.4728432 2.2026846 1.5169762 1.7208107 2.6984432 1.3270577 1.5094264 2.1297706 4.0535807 6.0443631 4.2774358 1.8557787 1.5514773 1.9168731 1.9340298 3.3834041 6.0115344 1.6867299 1.6867299 1.8225892 1.7766045 1.7082687 1.5924965 1.8668364 1.8557017 1.8270748 1.8738197 1.5843261 1.6320084 1.8588679 1.6023169 1.6499027 1.9519957 2.3896847 2.5192907 2.1024067 1.9997300 2.2047633 2.1593570 2.1593570 2.1593570 2.1593570 2.1593570 2.1593570 2.1525568 2.1525568 1.9756918 1.9756918 2.4413157 2.0923873 2.0923873 2.0923873 2.0923873 2.0923873 2.0923873 2.0923873 2.0233575 1.8564251 1.8197239 1.9059344 1.7947493 1.7405483 1.8908029 1.8303220 1.7976658 1.7988433 1.7988433 1.8916836 1.7939621 1.7939621 1.6091783 1.8766604 1.9603179 1.9433687 1.7220794 2.0426727 2.0124665 1.9689072 2.0283385 2.0619907 2.1348284 8.5416677 1.7086213 1.9989355 1.9653060 1.7407777 1.6748490 1.8090680 1.8090680 1.8090680 1.8332375 1.7234251 1.7694755 1.9468128 1.6328893 3.4310552 1.7567197 2.0655834 1.7732121 1.6564761 1.6597274 2.0968048 1.7861118 2.0960009 2.1557260 1.8598309 1.8852168 8.9999990 2.1626193 2.1626193 1.9455442 1.8879945 2.5683203 1.9018936 2.4049764 2.1421026 2.1421026 3.4406307 2.2906849 2.4729382 2.4729382 2.0725092 2.5367156 1.9622112 2.1226807 2.4523365 2.9415957 2.2959070 1.9846959 1.9235309 1.9836433 2.1536632 2.1536632 2.8598247 3.1494864 2.0688612 2.0688612 1.9064146 1.7052760 1.7516523 0.0000010 9.0000000 9.0000000 0.0000010 1.9451419 2.0721701 0.0000010 4.3565880 
Codhol_EP00042_Codosiga_hollandica_P058788         2.9548200 2.7802778 2.9193430 2.9231695 2.9169648 2.3438941 2.8659691 3.0879158 3.0302732 3.3121521 3.3121521 2.9902907 2.9902907 2.1905523 2.0820190 2.9914471 2.9914471 2.8672709 2.5793771 2.4056450 0.0000000 0.5375519 0.7516616 1.7262853 3.1030120 2.8610619 2.6119949 2.4797052 2.7727840 2.9198652 2.2546067 2.3046610 3.5152853 1.9828894 2.8748155 2.2395854 2.6114198 4.0111837 5.4333556 2.8184390 3.1240416 1.8556516 3.0021991 2.4153712 5.3283399 2.7197487 1.9194222 3.0304203 2.7440893 2.4190491 2.3921475 2.4756477 3.0870975 2.7831974 2.8063767 2.8099363 1.9275787 2.9132687 2.4866147 2.8348011 3.1380353 3.2111199 2.9882397 2.2490433 2.6612895 2.5777634 3.2931053 2.2208091 2.2208091 3.0895865 2.8100387 2.2622237 3.6502819 3.2372333 2.5726791 2.8994924 3.0804216 2.8767171 2.8767171 2.2936253 2.2936253 2.5965139 2.6028929 2.6028929 2.5871117 2.3520832 2.6694534 2.4634054 2.7756665 2.5372180 2.6913358 2.3728958 2.9214377 3.0052568 3.0052568 2.9897406 2.8825415 2.3900283 2.4901477 2.7463692 2.7131234 2.5145649 2.3640528 2.6361433 2.2817871 2.3860042 2.2940655 2.2864673 2.2338350 4.8950077 2.7007219 2.3739939 2.4635855 2.7660138 1.8377367 2.1557072 2.4665190 2.5655389 1.9263347 2.5740323 2.7729423 2.8185181 2.6431065 2.9280724 2.3627082 2.8204792 3.0265108 2.7150873 2.6493953 2.6943392 2.2505982 3.1986984 3.0567203 3.0237787 2.9629000 5.6648387 3.3675406 2.8363235 3.3829767 2.8246124 1.9350380 2.4028789 3.0042789 3.0470410 3.0470410 3.9261602 3.7441938 2.4285000 3.1183332 2.6272741 2.1229043 2.2861887 2.0757690 2.6667398 2.9044524 2.5704455 2.6162827 2.7848125 2.7828192 2.8694527 2.8356610 3.0767050 3.1182523 2.5856027 2.6487043 2.3927088 2.4203776 3.4388827 4.2545610 5.0763890 5.5919366 5.6066928 3.1954577 5.7028412 4.4588557 4.4335425 
Codhol_EP00042_Codosiga_hollandica_P047723         2.4623496 2.4623496 2.5986579 2.0574844 2.5998164 2.4548264 2.5998164 2.5757031 2.6387080 2.7627345 2.7627345 2.7627345 2.7627345 2.0572334 2.0491366 2.8079224 2.8079224 2.7309953 2.4871399 2.5724932 0.5375519 0.0000000 0.6263950 1.9763709 3.4846485 2.2858556 2.1427164 1.8420263 2.1872142 2.3182453 2.0508227 2.0871860 2.9597389 2.0385515 2.4741096 2.4777387 2.5248230 3.3663509 6.5322407 2.4566027 2.8863934 1.8900410 2.2587028 2.4607181 5.0447001 2.1978389 2.1062559 1.9881236 2.1602805 2.0246181 2.0178034 1.9717870 2.1286433 2.1427702 2.0918676 2.1750220 1.9186330 2.1400227 2.2247582 2.2123268 2.1183601 2.6013246 2.5533002 1.9935516 2.2294960 2.2503460 2.3167438 1.9859431 1.9859431 2.3167438 2.3167438 1.9885771 2.6368744 2.6368744 2.1035345 2.3259488 2.5198980 2.3216116 2.3216116 2.1592034 2.1592034 2.3216116 2.3216116 2.3216116 2.3153433 2.0581219 2.1362614 1.9938735 2.0347496 2.1424719 2.0813198 2.0680804 2.1033721 2.0628429 2.0628429 2.0081310 2.0684187 2.0684187 2.3270066 1.9763711 2.0673855 1.8994538 1.9178947 2.0027797 1.9302493 1.8653496 1.8186252 1.8169651 1.7445984 5.9252910 1.9179843 2.0316927 1.9902174 1.9610056 1.8598690 1.8767960 1.8767960 1.8767960 1.7731425 1.8167890 2.2000545 2.3252525 2.0294541 2.4933066 1.9646045 2.0707175 2.2880025 1.8174343 1.8623468 1.9199728 1.9734471 2.6503722 2.3415356 2.3640486 2.1190852 8.8038327 2.5297854 2.3276320 2.5533994 2.1040258 1.6466899 1.6336093 2.2142500 2.8652967 2.8652967 3.0609204 2.7319543 2.2637904 2.7712533 1.9862143 1.9454341 1.8765095 1.9762471 2.2220835 2.3291182 2.0573094 2.3784355 2.0525264 1.9146799 2.1498042 2.1186998 2.2138532 2.3205631 2.0870743 2.0870743 1.5971467 2.2537488 2.4432152 4.5115912 4.2757637 5.9950535 6.3586798 2.3348098 3.7665393 0.0000010 3.5238011 
