126
Stedip_EP00041_Stephanoeca_diplocostata_P025554        0.0000000 0.1720883 0.8655146 1.2053585 1.1840933 1.1157739 1.8787455 1.9986562 1.7208199 1.5521099 1.9222412 1.9368834 0.9731108 1.7908611 1.7748032 1.6613510 1.8257624 1.8625446 1.9097280 1.9922745 1.9426491 2.0028836 1.7480819 1.9466136 1.9819524 1.9391218 2.4396883 1.8515156 1.8303231 1.8638918 1.2670084 1.3358710 1.8003385 1.8684022 1.4826679 2.1075734 1.8563179 2.4008140 2.1089871 2.1520723 1.6717891 2.1190638 2.1553177 2.0778335 2.1631418 2.1631418 2.1386666 2.1386666 1.7442348 2.0496021 2.1534504 2.7979895 2.0824180 2.0479195 1.9523553 2.0517510 2.2698827 1.8629029 1.2382979 1.6641733 1.7483986 1.3617625 1.5275204 1.2926260 2.1283689 1.4181572 1.4098019 1.1069489 1.0444034 1.3219332 1.1163081 1.6280195 2.1088586 2.0091265 1.2934249 1.3777516 2.7554908 2.6828244 2.0529029 2.9742296 2.0691568 1.9794777 0.8725323 2.4870515 1.5283656 1.7145889 1.7145889 1.9998979 2.0487156 1.6697299 2.1347386 1.8043094 2.0011221 2.2004301 1.6247853 1.9261797 1.4232397 2.0490024 1.4771365 1.3881995 1.2956327 1.9412654 2.0572077 1.3413649 2.0968409 2.0968409 2.0968409 2.1138889 1.2713795 1.5616935 1.3141314 2.0014041 2.0164334 1.6978533 1.6167118 2.2070235 2.4335666 2.4434301 2.3982265 2.6769851 2.7259160 3.9318335 4.3930750 2.3585744 4.6815252 3.9103827 
Stedip_EP00041_Stephanoeca_diplocostata_P025555        0.1720883 0.0000000 0.7754814 0.7441215 0.7197895 1.2787987 1.2331954 1.2917384 1.2454535 1.2119891 1.3588310 1.2643968 1.3113721 1.2561548 1.2478927 1.2981796 1.2685699 1.4106435 1.3426613 1.3729504 1.3285682 0.0000010 1.1830124 1.4638633 1.4553915 1.3645022 1.5058077 1.2302440 1.2199315 1.2305156 1.2945437 1.2619267 1.2305156 1.2587558 1.3238487 1.2888164 1.2495388 2.8941192 1.4229766 1.4229766 1.9515801 1.3929781 1.5334575 1.4228294 1.3926236 1.3926236 1.3926236 1.3926236 1.5539890 1.5438629 1.5419779 1.8494563 1.2081232 1.2408969 1.1815529 1.1987781 1.2842604 1.3546238 1.1807599 1.2802540 1.1450938 1.0027240 1.1961022 1.1961022 1.2220416 1.1875575 1.1875575 1.1875575 1.0970123 1.0787430 0.9998334 1.2004125 1.5232010 1.1548359 1.2726494 1.2606849 1.6239288 1.0531521 1.1653921 1.7070269 1.1871860 1.2109581 1.1823570 1.7540861 1.0523732 1.2436895 1.2436895 1.2098908 1.3882046 1.3882046 1.4135562 1.4135562 1.1713457 1.3891683 1.4311020 1.7640518 1.3585172 1.3951213 1.2832611 1.4901812 1.3700945 1.3763625 1.2753118 1.3839366 1.4424640 1.4424640 1.4424640 1.4424640 1.4041746 1.4415967 1.4415967 1.2052759 1.1313340 1.3031949 1.0900374 1.8638173 1.5298269 1.3347284 1.5333782 1.5627285 1.4348624 1.6647570 8.9999985 1.3320206 4.5019500 2.8312786 
Diagra_EP00040_Diaphanoeca_grandis_P036721             0.8655146 0.7754814 0.0000000 1.1086438 1.0690236 1.1687422 1.3943795 1.5774186 1.3196698 1.4788853 1.4788221 1.3584776 0.9870788 1.5414787 1.5186375 1.5336560 1.5360651 1.5094381 1.5088711 1.7138827 1.5445599 1.7808011 1.6081328 1.5604959 1.5725288 1.5285751 1.8653862 1.5060277 1.4796826 1.4414320 1.3211001 1.4065539 1.4878395 1.5079975 1.4783527 1.5154715 1.5826260 1.8863010 1.6482015 1.7296012 1.5509788 1.6980755 1.6940766 1.7196986 1.5852026 1.5852026 1.5852026 1.5852026 1.5383170 1.5411108 1.6535047 2.6248368 1.6608235 1.5757138 1.6236799 1.5948400 1.7007779 1.8552364 1.5287911 2.0489202 2.0587412 1.6298811 1.6105056 1.6175205 1.7492344 1.6454084 1.6321903 1.3214951 1.2757036 1.6444279 1.1575304 1.6335687 1.8389592 1.6738667 1.6273963 2.1053868 2.4661746 2.4856589 1.7891659 2.3104403 1.7843613 1.7013252 0.9843992 2.0250478 1.6391481 1.7350123 1.7350123 1.5674786 1.6427693 1.6301082 1.7897791 1.6931365 1.5931678 1.7242719 1.7298953 2.0120459 1.5178108 1.6839692 1.4909602 1.4542208 1.3499142 1.4536521 1.4973263 1.3566753 1.5545359 1.5545359 1.5545359 1.5478606 1.3988121 1.5493878 1.4887370 1.5089876 1.7953110 1.4142103 1.2711872 1.9543818 2.0257748 1.9234399 1.9471337 2.0889437 2.2559215 3.0874642 3.6422153 1.6826751 3.5630748 2.1174624 
Helnan_EP00037_Helgoeca_nana_P018412                   1.2053585 0.7441215 1.1086438 0.0000000 0.2666739 1.0732546 2.0553406 2.2100929 2.0069123 1.8210612 2.4097539 2.1314222 1.0525241 2.2854219 2.2595083 2.0860515 2.2382535 2.1233491 2.1977399 2.3178497 2.2422832 2.6645329 2.2135792 2.3809005 2.3426562 2.3210857 2.9937289 2.2202770 2.3346101 2.3630306 1.4037582 1.6019096 2.2737941 2.3423770 1.6325960 2.5264937 2.1712718 3.0339551 2.4156688 2.4260671 2.0203198 2.3930658 2.3855946 2.3325867 2.4269916 2.4269916 2.3857480 2.3857480 2.0838531 2.4171692 2.4515983 3.5898214 2.4147049 2.4605573 2.4203503 2.2516412 2.6218076 2.2407087 1.2159429 1.8395371 1.8713100 1.3500456 1.7519135 1.2661003 2.4177030 1.5738905 1.5447076 1.1610212 1.0207419 1.5491068 1.1927867 1.8702067 2.4321230 2.2196478 1.4401874 1.6689915 3.0597639 3.0546561 2.4130417 3.3350589 2.2980659 2.2034443 0.9551031 2.7717713 1.9199318 1.9587669 1.9587669 2.5709528 2.3258967 1.8909849 2.6708398 2.1286458 2.4982438 2.7159649 1.7025766 1.9547453 1.4345494 2.4471889 1.7749754 1.4950659 1.3636036 2.1845423 2.1827993 1.4464085 2.3607817 2.3589646 2.3607817 2.3449019 1.3651859 1.9894781 1.5835335 2.1768251 2.4964187 1.6263842 1.8675404 2.3044406 3.0180095 2.9329878 2.7579228 3.0550725 2.8588677 4.3764095 5.1512579 2.3186205 5.2151033 3.7606266 
Acaspe_EP00035_Acanthoeca_spectabilis_P038476          1.1840933 0.7197895 1.0690236 0.2666739 0.0000000 1.1276222 1.9025261 2.1246439 1.9804074 1.7180167 2.2475467 2.0265233 0.9995904 2.1692429 2.1943643 2.0371314 2.1830856 2.0798725 2.1026093 2.2355963 2.2262276 2.6506054 2.1178641 2.2322770 2.1585968 2.1303477 2.9049321 2.1526078 2.1278973 2.1277904 1.3830288 1.4752884 2.0866044 2.0879871 1.5405353 2.3404592 2.1209483 3.0007642 2.4004455 2.4117221 2.0323672 2.4269933 2.3937189 2.4051278 2.3789173 2.3789173 2.3780887 2.3780887 2.0337471 2.3350266 2.3944031 3.6293301 2.3771803 2.3876467 2.3360047 2.1868111 2.3965161 2.1195686 1.2470224 1.7965335 1.9607882 1.4326667 1.6778820 1.3004458 2.2857668 1.5747795 1.5375576 1.1604641 1.0424259 1.5706947 1.1860230 1.7855218 2.3309603 2.1715829 1.4254757 1.7379389 2.9762798 2.9923649 2.3531684 3.1243960 2.1693450 2.1853806 0.9121231 2.7199820 1.8331894 1.9283335 1.9283335 2.2831715 2.2605599 1.8389752 2.6433846 2.1369455 2.3163979 2.5279432 1.6454975 1.8926551 1.5192477 2.2249970 1.6989083 1.5935047 1.3935614 2.0024837 2.0273806 1.4584982 2.1733398 2.1820565 2.1733398 2.2046286 1.3911464 1.8699855 1.6038947 2.1532434 2.3095931 1.5811415 1.7580431 2.3452356 2.8974630 2.7468728 2.7337959 2.8397849 2.7490418 4.0576054 4.5631199 2.3669446 4.4440402 3.3262836 
Mbre_EDQ85081                                          1.1157739 1.2787987 1.1687422 1.0732546 1.1276222 0.0000000 0.4762669 0.5709004 0.6234796 0.7055183 0.7009522 0.7861664 0.9033600 0.8769625 0.8503784 0.8960913 0.8723687 0.9207990 1.0065735 0.9938443 0.9049168 0.7896777 0.8195714 0.9627128 0.9424047 0.9621505 0.8279567 0.9310618 0.9522344 0.9388928 0.9639890 0.9714682 0.9220928 0.9824099 1.0114558 0.9177235 1.0305853 1.1147508 1.0011448 1.0011448 1.0773350 0.9549920 0.9631097 0.9685834 0.8886832 0.8886832 0.8886832 0.8886832 0.9407460 0.9461120 0.9464781 5.2243978 0.9782035 1.1679265 1.0137410 1.0034719 0.9080711 1.2460601 1.1878804 1.3971662 1.7700150 1.2145722 1.0193339 1.3513740 1.0306176 1.0322424 1.0322424 1.0322424 1.0129543 1.0652355 1.2550179 1.0419183 1.2030962 0.9150560 1.1244431 1.3474592 1.6554074 1.3427466 1.1462170 2.5570091 1.1104760 1.0501975 0.8519050 1.3053284 0.9847146 0.9377214 0.9377214 0.8939396 1.0291042 1.0291042 0.9806724 1.0022236 0.9353669 0.8624840 1.0723249 1.2337213 1.1101301 1.1058751 1.0112784 0.9887872 0.9890389 0.9880129 1.0337419 1.0219736 1.0302841 1.0302841 1.0302841 1.0411477 0.8657528 0.8657528 0.8657528 0.9117102 0.9436071 1.0557827 0.9757082 1.2931093 1.0887063 1.1665827 1.3155676 1.5513016 1.6116341 0.8409941 2.5042014 1.0536246 3.3202290 0.0000010 
Chofle_EP00730_Choanoeca_flexa_P013940                 1.8787455 1.2331954 1.3943795 2.0553406 1.9025261 0.4762669 0.0000000 0.5125959 1.3723954 1.2696941 1.4366808 1.3315455 0.9198924 1.6842886 1.6708937 1.5518392 1.7032994 1.5931420 1.7064500 1.6491119 1.6543027 2.0799927 1.7516178 1.6718828 1.6663887 1.6534567 2.1016812 1.7296589 1.5998838 1.6216097 1.0718800 1.2227056 1.6056815 1.6288594 1.2636369 1.8968290 1.6965499 2.2775159 1.7031453 1.7599647 1.2302470 1.7506924 1.6838127 1.7607811 1.7349430 1.7349430 1.7263722 1.7263722 1.6488112 1.7400583 1.7406863 2.4092051 1.8335544 1.8613936 1.7439448 1.6768559 1.9074157 1.7553077 1.0100167 1.5311123 1.8578541 1.2830051 1.5163479 1.2884689 1.9684222 1.4100975 1.4042488 1.0190890 1.0405522 1.2174805 1.6033191 1.6191538 2.0502574 1.8674555 1.1486436 1.5867765 2.7698511 2.7433738 1.9523746 2.3904513 1.8415428 1.7092514 0.9615669 1.9504541 1.5241430 1.6149088 1.6149088 1.7750644 1.6567616 1.5136905 1.6998697 1.4422447 1.7439785 1.9436306 1.4470210 1.6293314 1.2647119 1.8628667 1.3636320 1.1969923 1.1345329 1.6058923 1.6492233 1.1863072 1.7127442 1.7127442 1.7127442 1.7179664 1.0503867 1.5406876 1.2539358 1.7642015 1.9296823 1.3389529 1.7885879 1.7333281 2.0313448 1.9310824 2.0430609 2.4645173 2.2674925 3.2346821 3.2284124 1.9560567 3.4352314 1.6371676 
Choper_EP00045_Choanoeca_perplexa_P012032              1.9986562 1.2917384 1.5774186 2.2100929 2.1246439 0.5709004 0.5125959 0.0000000 1.4961685 1.2663851 1.4119929 1.5129893 0.7832945 1.6761601 1.6720430 1.5523191 1.6767209 1.5263517 1.6883928 1.6090364 1.6329325 2.1229550 1.7884206 1.7078192 1.7030002 1.6864572 2.0003166 1.7908519 1.6432749 1.6433045 1.0778384 1.1652382 1.6302517 1.7085333 1.2288819 1.9669189 1.6589759 2.2818590 1.7546077 1.7896953 1.2926860 1.7527094 1.7937475 1.8054402 1.7048165 1.7048165 1.6935579 1.6935579 1.5816846 1.6844812 1.8417503 2.2183466 1.9169310 1.9549478 1.7918345 1.6914146 1.9848376 1.9348566 1.2648361 1.7706234 1.8897469 1.3585976 1.5867974 1.3231458 1.9985143 1.4535566 1.4252070 1.0736769 1.1210503 1.3334986 1.3371917 1.6821125 2.2137111 1.8690334 1.2441457 1.6185099 2.8570893 2.7745319 1.9342187 2.4317690 1.8432567 1.7208805 0.9045020 2.0360913 1.5180040 1.6290182 1.6290182 1.8543614 1.6626273 1.4816673 1.8070314 1.5586016 1.8204349 2.0843310 1.4840713 1.6574140 1.2913468 1.9503056 1.3676339 1.2533249 1.2199545 1.6615435 1.7045772 1.2094939 1.8667490 1.8606301 1.8667490 1.8723860 1.0709471 1.6055499 1.2753219 1.7337754 1.9797894 1.2564390 1.7348319 1.8527225 2.0022754 1.9747325 2.0751315 2.6294281 2.4904989 3.2660170 3.4143217 2.2256722 3.5682098 1.5981463 
Saldol_EP00054_Salpingoeca_dolichothecata_P024169      1.7208199 1.2454535 1.3196698 2.0069123 1.9804074 0.6234796 1.3723954 1.4961685 0.0000000 1.2743283 1.6078309 1.2203840 0.8412992 1.4029826 1.3282835 1.3343943 1.3443542 1.3833016 1.4075090 1.3863415 1.3030210 1.5504096 1.4480270 1.4484943 1.4540055 1.3477375 1.7937641 1.5178493 1.3082472 1.3579475 1.0692182 1.1058473 1.3370497 1.3242135 1.1431514 1.5649827 1.3922226 1.8732620 1.5845588 1.6145773 1.2420582 1.5415346 1.5873377 1.5969481 1.4190091 1.4190091 1.4167344 1.4167344 1.3282014 1.3999021 1.6037713 2.6647006 1.6274111 1.5089330 1.5599323 1.5176606 1.7184226 1.6335521 0.9961558 1.5829649 1.5946463 1.0641538 1.3025891 1.1900024 1.5622415 1.1818370 1.1646131 0.9030023 0.8431879 1.0963199 0.9895537 1.3399950 1.6409896 1.6097606 1.0734710 1.3260430 2.1214023 2.3879705 1.7255783 2.2469135 1.7086536 1.4917037 0.8284594 1.6419733 1.2377412 1.4012975 1.4012975 1.5986013 1.5511823 1.4134722 1.3823721 1.2912657 1.5543732 1.5736745 1.4671601 1.6511328 1.2422567 1.6013985 1.2818494 1.2146670 1.1444363 1.5064425 1.5415293 1.2336577 1.5813691 1.5813691 1.5813691 1.5771334 1.0394465 1.3892890 1.2283035 1.4866157 1.6678515 1.2669807 1.5866677 1.8331090 1.6916534 1.7360548 1.7642035 2.7171510 2.6160623 2.3656133 2.3269549 2.0062158 2.9764218 2.4296267 
Microa_EP00043_Microstomoeca_roanoka_P017274           1.5521099 1.2119891 1.4788853 1.8210612 1.7180167 0.7055183 1.2696941 1.2663851 1.2743283 0.0000000 0.8012408 1.3465792 0.7521885 1.4796094 1.4500258 1.4576274 1.4882102 1.3498808 1.5483116 1.6553685 1.4873839 1.7423226 1.5972014 1.5836136 1.5612233 1.5496219 1.9752092 1.5735789 1.4673594 1.4772414 1.0744829 1.1816775 1.5081459 1.5507177 1.2659070 1.5970630 1.5862752 2.1803763 1.5240971 1.6000148 1.5186925 1.5055384 1.5198675 1.5202956 1.6352188 1.6352188 1.6352188 1.6352188 1.5591854 1.5998947 1.6560478 2.6812687 1.5849320 1.7594935 1.7355430 1.5865155 1.7006889 1.9049988 1.2815901 1.8572702 1.9635643 1.3702757 1.5922347 1.3480504 1.7330055 1.3872572 1.3635240 1.0000802 1.1125628 1.3218443 1.2242050 1.6005572 1.8115694 1.4609532 1.0826065 1.4210646 2.5783170 2.5022924 1.6696341 2.3694031 1.6909283 1.5757996 0.7742101 1.9840164 1.5285412 1.6535738 1.6535738 1.4984070 1.5972581 1.5165370 1.5549411 1.3175534 1.6364477 1.6528946 1.4401933 1.6445600 1.4196685 1.7640529 1.4739812 1.3700458 1.1233897 1.4654640 1.4763426 1.2617868 1.8621273 1.8622311 1.8621273 1.8663188 1.0404455 1.4994951 1.2262881 1.5873862 1.7250246 1.3490473 1.5891643 1.7641386 1.8442015 1.9807062 2.0178500 2.3152943 2.3271433 3.7141371 3.9552356 1.8496402 4.2375587 2.0999484 
Sros_EGD80628                                          1.9222412 1.3588310 1.4788221 2.4097539 2.2475467 0.7009522 1.4366808 1.4119929 1.6078309 0.8012408 0.0000000 1.4640690 0.6954650 1.8811869 1.8165840 1.7156936 1.7773646 1.6157211 1.8120592 1.8586238 1.7212071 2.1892966 1.7803788 1.8586654 1.8242245 1.8311917 2.3708020 1.9018712 1.7509378 1.8045053 1.0623465 1.1931453 1.7975163 1.8627301 1.2259145 2.0217681 1.8717726 2.7937154 1.9070807 1.9241175 1.4249650 1.7798113 1.7900297 1.7137952 2.0069154 2.0069154 1.9859156 1.9859156 1.6023439 1.7426975 1.8545690 2.0258922 1.9092224 2.0705531 1.9826983 1.8427518 2.1211420 2.2017776 1.2631817 1.8662191 1.9314228 1.4091143 1.7756577 1.3602390 2.0411332 1.5168343 1.4928182 1.1151323 1.1093514 1.3927725 1.2731446 1.8377469 2.2408094 1.8881380 1.2664670 1.2871988 2.7764782 2.9920270 2.0051192 2.9179588 2.0584925 1.8585911 0.7568534 2.3153202 1.6342628 1.7091870 1.7091870 2.0003738 1.8426505 1.6069919 1.7671647 1.4211374 2.1220042 2.0350293 1.5916611 1.7997864 1.5118506 2.0912807 1.5677433 1.4402228 1.2383268 1.8677769 1.9484222 1.3188220 2.1082617 2.1064086 2.1082617 2.1233290 1.0959111 1.5563287 1.2737251 1.9226957 2.0075358 1.3911905 1.9315801 1.9784147 2.2614594 2.3930451 2.3852262 2.8530028 2.4891345 3.4668671 3.7821491 2.3758720 3.8698365 2.1747092 
Salurc_EP00051_Salpingoeca_urceolata_P031565           1.9368834 1.2643968 1.3584776 2.1314222 2.0265233 0.7861664 1.3315455 1.5129893 1.2203840 1.3465792 1.4640690 0.0000000 0.9109659 1.4787598 1.4622758 1.3422557 1.5007873 1.4289709 1.5133140 1.5355757 1.4986185 1.5697181 1.5482550 1.6065537 1.5544465 1.6369287 1.8517267 1.5733243 1.4075575 1.4798227 0.9479669 1.0815788 1.4245859 1.4843622 1.1316594 1.7754296 1.6299921 2.0814770 1.5799658 1.6033989 1.1559223 1.7281617 1.6240522 1.6757654 1.7002405 1.7002405 1.6857750 1.6857750 1.5601400 1.7125519 1.6834843 2.3011367 1.6670370 1.8074845 1.6590662 1.5605661 1.8068369 1.9359650 1.1296645 1.7208754 1.5015223 1.1250089 1.4437097 1.2227660 1.9824572 1.3802535 1.3339375 0.9977967 0.9965672 1.1688963 1.1316163 1.5583388 1.9685260 1.7532741 1.0537807 1.1374372 2.4511447 2.8055327 1.7984870 2.3595817 1.7986090 1.5297198 0.7864503 1.7103698 1.4739765 1.5092035 1.5092035 1.8211015 1.6337187 1.4151213 1.6782454 1.4949902 1.8152523 1.8352580 1.4765181 1.5824621 1.3853499 1.8101972 1.3528628 1.3177030 1.1368789 1.5766420 1.6907691 1.1785755 1.6496402 1.6437036 1.6496402 1.6738705 1.1443480 1.4161279 1.2468666 1.7227947 1.7217558 1.2536129 1.5420861 1.7295254 2.0063406 1.7840102 1.7392474 2.6669636 2.5074676 3.2588991 2.8825033 1.7259151 3.3776282 2.5267455 
Gfas_gfas1.m1.22667.m1                                 0.9731108 1.3113721 0.9870788 1.0525241 0.9995904 0.9033600 0.9198924 0.7832945 0.8412992 0.7521885 0.6954650 0.9109659 0.0000000 0.0579314 0.0585003 0.0584032 0.0690019 0.0799105 0.1785385 0.1935406 0.2509056 0.0000010 0.2738433 0.3587478 0.3584013 0.3352154 5.6919098 0.3880742 0.5692367 0.5522885 0.5906072 0.5867925 0.5478744 0.5995518 0.6399905 0.5540736 0.3696261 0.0000010 0.4809364 0.4809364 0.8803267 0.4230841 0.5215064 0.4491819 0.5021931 0.5021931 0.5021931 0.5021931 0.6069876 0.6185564 0.4978017 0.0000010 0.6674463 0.6666977 0.5565668 0.4983887 0.5221548 0.8284059 0.8717830 0.8717830 1.1019952 1.0920736 0.6937566 0.6937566 0.6748314 0.6716298 0.6716298 0.6716298 0.6707313 0.7958036 0.7958036 0.7095026 1.0259351 0.6997264 1.3979049 1.2090518 1.5726664 0.6586491 0.4945738 0.0000010 0.5477284 0.5271608 0.5271608 3.1843313 0.4674377 0.5202223 0.5202223 0.7074732 0.4484124 0.4484124 0.5079517 0.5079517 0.6758570 0.8548190 0.8041605 1.2810810 0.6388402 0.6391553 0.6186787 0.6615628 0.5631412 0.5631412 0.5580581 0.7005723 0.6596097 0.6596097 0.6596097 0.6450384 0.7218332 0.7218332 0.7218332 0.5371000 0.3529459 0.9914675 0.9379190 1.1755052 1.0470511 1.8312824 1.7647104 1.3600961 1.3998716 0.7860814 4.4466001 0.0000010 7.0095540 0.0000010 
Fspp_ffun1.m4.254.m1                                   1.7908611 1.2561548 1.5414787 2.2854219 2.1692429 0.8769625 1.6842886 1.6761601 1.4029826 1.4796094 1.8811869 1.4787598 0.0579314 0.0000000 0.1629080 0.1212584 0.1792197 0.1970263 0.3923412 0.5407918 0.7171945 0.2235768 0.7348228 0.7363087 0.7235638 0.7401775 0.8835800 0.8681428 0.9783826 1.0448621 0.5745301 0.6524971 0.9703677 1.0350505 0.7474551 1.1625477 0.8015503 1.0782665 1.0715280 1.0703889 0.6643845 1.1047460 1.0443637 1.1084029 0.8593763 0.8593763 0.8392203 0.8392203 0.9053192 0.8666893 0.9378271 1.3422672 0.9221150 1.0751670 0.9282926 0.7816903 1.0883685 1.6464938 0.8655675 1.3641368 1.2007606 0.9209322 1.2193496 0.9992867 1.6656130 0.9665503 0.9497124 0.7553935 0.7381596 0.9280682 0.7071131 1.2707529 1.6103290 1.4263096 0.8055206 0.7523649 2.2091578 2.0760183 1.3140601 1.6582405 1.2945454 1.2248760 0.4916359 1.4876391 0.9622658 1.1501759 1.1501759 1.4085074 1.0007680 0.9397582 0.9882267 0.8587061 1.4659594 1.5227968 1.1124669 1.2244335 0.9168453 1.3910506 0.9524651 0.8951131 0.8142247 1.1944378 1.2911138 0.8522120 1.3932919 1.3879047 1.3932919 1.4197125 0.9003622 1.1793370 0.9635498 0.8718537 0.9893937 1.2382173 1.6247994 1.8042873 1.5357166 1.5489418 1.5035234 2.6148843 2.6172812 2.4902364 2.2906035 2.2215908 2.9079787 2.8666348 
Spis_XP_022784870_1                                    1.7748032 1.2478927 1.5186375 2.2595083 2.1943643 0.8503784 1.6708937 1.6720430 1.3282835 1.4500258 1.8165840 1.4622758 0.0585003 0.1629080 0.0000000 0.1592862 0.0781033 0.2134282 0.3882839 0.5005506 0.6872001 0.2459867 0.7644483 0.7418480 0.7021979 0.7579137 0.8980352 0.8758689 0.9685329 1.0274616 0.6034065 0.6807189 0.9716208 1.0318518 0.7387966 1.1302471 0.8005927 1.1033593 1.0840351 1.0809369 0.6300705 1.0952867 1.0290614 1.1102547 0.8274388 0.8274388 0.8103334 0.8103334 0.9057241 0.8590796 0.9653363 1.3601465 0.9281337 1.0567605 0.9119836 0.7748920 1.1214116 1.5470891 0.8485596 1.2969460 1.1573155 0.8790311 1.1923150 0.9722353 1.5748185 0.9320998 0.9235596 0.7348295 0.7264915 0.8986326 0.7277866 1.2027216 1.5389142 1.3980225 0.7844559 0.7950536 2.0228508 2.1179146 1.3100042 1.6449726 1.2961801 1.2369949 0.4966875 1.5036564 1.0079688 1.1940305 1.1940305 1.4240199 1.0173729 0.9417893 0.9598544 0.8489436 1.4559048 1.4842628 1.0905858 1.1984512 0.9395339 1.4235837 0.9629404 0.9238588 0.8241743 1.2093053 1.2913708 0.8783699 1.3828557 1.3872036 1.3828557 1.4136104 0.9265404 1.2024835 0.9817662 0.8830388 0.9863985 1.3418238 1.6259557 1.7697079 1.4422729 1.5092273 1.4310146 2.6097722 2.5742011 2.4495237 2.3274914 2.1535766 2.8839742 2.7555653 
Gasp_gasp1.m3.22813.m1                                 1.6613510 1.2981796 1.5336560 2.0860515 2.0371314 0.8960913 1.5518392 1.5523191 1.3343943 1.4576274 1.7156936 1.3422557 0.0584032 0.1212584 0.1592862 0.0000000 0.1786801 0.1837908 0.3785338 0.4775826 0.6380330 0.1927355 0.7726873 0.7196065 0.6965756 0.7109540 0.8441918 0.8564641 0.9832124 1.0127331 0.5905364 0.6745494 0.9957048 1.0097819 0.7655142 1.0355133 0.7412816 0.9545138 1.0226168 1.0224392 0.6485174 1.0369577 1.0036835 1.0513932 0.8205258 0.8205258 0.8160572 0.8160572 0.8972704 0.8708530 0.9174155 1.3211108 0.8927132 1.0109401 0.9282392 0.8156333 1.0128019 1.5032914 0.8708898 1.3101095 1.1423369 0.9393820 1.2097828 0.9988677 1.5143296 0.9374357 0.9357679 0.7582216 0.7565579 0.9233458 0.7736983 1.2555515 1.4893983 1.2700984 0.8136205 0.8330658 2.1184537 2.1102670 1.3362410 1.7514881 1.3341445 1.2429903 0.4974703 1.4909263 1.0578266 1.1591488 1.1591488 1.3494993 1.0367789 1.0004661 1.0174723 0.8785185 1.3993812 1.3928159 1.0763715 1.1818094 0.9276748 1.3140073 1.0231747 0.9308771 0.8315703 1.1905032 1.2638235 0.8778794 1.3314691 1.3276428 1.3314691 1.3592353 0.9315032 1.2165837 0.9942319 0.9259734 0.9220388 1.3777342 1.5678265 1.8217124 1.3432405 1.4777320 1.4878691 2.3941278 2.4048535 2.7660919 2.5438951 1.9061466 3.1047616 2.3700550 
Pocdam_XM_027183134.1                                  1.8257624 1.2685699 1.5360651 2.2382535 2.1830856 0.8723687 1.7032994 1.6767209 1.3443542 1.4882102 1.7773646 1.5007873 0.0690019 0.1792197 0.0781033 0.1786801 0.0000000 0.2094602 0.4019691 0.5009963 0.6931534 0.2680826 0.7519765 0.7379641 0.6941029 0.7476140 0.8937099 0.8628866 0.9741927 1.0185784 0.6026449 0.6841536 0.9682141 1.0220438 0.7540484 1.1306101 0.8184433 1.1171164 1.0884988 1.0861100 0.6384589 1.1172243 1.0160465 1.0963644 0.8479194 0.8479194 0.8278688 0.8278688 0.8929098 0.8617701 0.9778049 1.3263049 0.9368503 1.0659801 0.9214530 0.7827075 1.0954290 1.5462157 0.8510288 1.2929730 1.1370191 0.9036434 1.2195312 0.9904629 1.5630026 0.9141920 0.9081318 0.7361680 0.7283449 0.9011197 0.7546929 1.2667070 1.5990565 1.4058278 0.7996446 0.7973398 1.9927394 2.1697247 1.3075329 1.6807628 1.3198512 1.2685735 0.5139523 1.5421863 1.0254990 1.1863669 1.1863669 1.4186558 0.9684173 0.8921214 0.9722082 0.8541328 1.4554085 1.4702690 1.0942105 1.2042863 0.9262596 1.4067160 0.9460240 0.9204385 0.8294019 1.1639839 1.2803936 0.8637657 1.3660750 1.3614030 1.3660750 1.3980311 0.9310272 1.1581337 0.9778038 0.9175725 1.0050912 1.3309080 1.6335128 1.7780929 1.4471333 1.5380868 1.4971825 2.6152639 2.6229286 2.4236427 2.3574758 2.2060635 2.7646813 2.7904135 
Adig_XM_015907703.1                                    1.8625446 1.4106435 1.5094381 2.1233491 2.0798725 0.9207990 1.5931420 1.5263517 1.3833016 1.3498808 1.6157211 1.4289709 0.0799105 0.1970263 0.2134282 0.1837908 0.2094602 0.0000000 0.3468740 0.5170769 0.6480525 0.2796023 0.6624419 0.6874694 0.6887409 0.7099851 0.8427594 0.8307958 0.9577828 1.0003688 0.6368591 0.7200972 0.9328252 0.9949256 0.7497449 1.0594098 0.7327194 1.0819095 1.0268690 1.0325194 0.6385032 1.0217481 0.9348306 1.0093130 0.8093187 0.8093187 0.7849094 0.7849094 0.8037069 0.8011113 0.8844158 1.4215794 0.8602816 0.9310061 0.8185651 0.7231948 1.0389719 1.4422232 0.8803975 1.3507975 1.1990781 0.9786221 1.2129200 1.0531405 1.4625659 0.9864634 0.9852873 0.7794226 0.7524302 0.9738844 0.7343797 1.2326038 1.5956402 1.3732391 0.8730515 0.8927789 2.0273329 2.0613370 1.2848291 1.6209127 1.2833944 1.2151103 0.5318997 1.4793979 0.9583602 1.1042992 1.1042992 1.3392527 0.9236532 0.8228700 0.9224105 0.9300582 1.3683339 1.4046523 1.1093289 1.2168651 0.9866858 1.3316645 0.9583821 0.9650730 0.8690143 1.1552277 1.2123882 0.8875010 1.2620043 1.2620043 1.2620043 1.2741737 0.9325000 1.1377600 0.9668221 0.7815197 0.9841795 1.3863526 1.6066725 1.8293397 1.4545886 1.5306885 1.5302037 2.5892475 2.5488667 2.3098007 2.2742669 2.2329330 2.8237234 2.3641972 
Nvec_v1g161803                                         1.9097280 1.3426613 1.5088711 2.1977399 2.1026093 1.0065735 1.7064500 1.6883928 1.4075090 1.5483116 1.8120592 1.5133140 0.1785385 0.3923412 0.3882839 0.3785338 0.4019691 0.3468740 0.0000000 0.4472940 0.7463805 0.5267402 0.7579971 0.7547074 0.7310978 0.7587293 0.8450892 0.8467557 0.9998996 1.0246996 0.5908930 0.7641330 0.9824267 1.0338118 0.7753066 1.1095503 0.7903400 1.0066696 1.0064793 1.0179352 0.7184152 1.1029982 0.9914390 1.1096104 0.7708936 0.7708936 0.7646156 0.7646156 0.9277917 0.8854704 0.9061053 1.4210124 0.9045238 0.9784159 0.8730895 0.7941655 1.1058143 1.6923848 0.9039419 1.2662498 1.1648511 1.0447874 1.2720768 1.0868761 1.7249242 1.0711939 1.0547755 0.7859943 0.7986307 0.9781365 0.7739242 1.3179033 1.6696562 1.4680891 0.9184307 1.0825571 2.1844656 2.1533539 1.3013868 1.5928264 1.3089647 1.2506842 0.5931643 1.4623473 1.0773663 1.2680386 1.2680386 1.4657254 0.9958406 0.9240282 1.0259720 0.9719817 1.5755813 1.5314582 1.1357443 1.2430521 1.0649032 1.4305543 1.0393732 0.9918188 0.8959028 1.2413378 1.3716221 0.9132890 1.3856173 1.3804954 1.3856173 1.3960819 1.0068573 1.2323711 0.9888620 0.8444027 0.9469472 1.4112976 1.7134981 1.8111141 1.5840153 1.4307336 1.4068208 2.5872873 2.5899051 2.4845515 2.4552120 2.2375693 2.9671450 2.6007362 
Exapal_XM_021060441.2                                  1.9922745 1.3729504 1.7138827 2.3178497 2.2355963 0.9938443 1.6491119 1.6090364 1.3863415 1.6553685 1.8586238 1.5355757 0.1935406 0.5407918 0.5005506 0.4775826 0.5009963 0.5170769 0.4472940 0.0000000 0.8158458 0.6858213 0.8332995 0.8217073 0.8226837 0.8582308 1.0154750 0.9554274 1.0794915 1.0789323 0.6235659 0.7141159 1.0676082 1.1079242 0.7849957 1.2251880 0.8299670 1.0980528 1.1455846 1.1599997 0.7082756 1.1524556 1.0475189 1.1465170 0.9159367 0.9159367 0.9102064 0.9102064 0.9802298 0.9578176 1.0202791 1.5722825 1.0595385 1.0325607 1.0620047 0.8924190 1.2025542 1.7031381 0.9837890 1.3286335 1.3822528 1.1319339 1.3200925 1.1470431 1.7189504 1.1260474 1.0872086 0.8644157 0.8902232 1.0653654 0.9688928 1.3744245 1.6955998 1.4747319 0.9412393 1.2048130 2.1289607 2.1524517 1.2832505 1.5640847 1.2980962 1.3195821 0.5972148 1.5468326 1.0680124 1.2323362 1.2323362 1.5246036 1.0528161 0.9388995 1.0442273 0.9039736 1.6158593 1.5422780 1.1644430 1.2782608 1.1019676 1.4605185 1.0178457 0.9456619 0.9178711 1.3159931 1.4416873 0.9211827 1.4510477 1.4478488 1.4510477 1.4413714 0.9716256 1.1302839 0.9503391 0.9422852 1.1076100 1.4447808 1.7295410 1.8128623 1.5483407 1.5120710 1.5591495 2.5954883 2.4793837 2.7710168 2.3916156 1.9939784 2.7975326 2.4821262 
Morvir_scaffold215.g6.t1                               1.9426491 1.3285682 1.5445599 2.2422832 2.2262276 0.9049168 1.6543027 1.6329325 1.3030210 1.4873839 1.7212071 1.4986185 0.2509056 0.7171945 0.6872001 0.6380330 0.6931534 0.6480525 0.7463805 0.8158458 0.0000000 0.8595093 0.5649379 0.5179370 0.5080852 0.5173714 0.6209409 0.8211884 0.9890017 1.0316036 0.6628019 0.7442635 0.9859145 1.0341296 0.7793142 1.1161021 0.8907392 1.1546013 1.0887994 1.1020242 0.7444790 1.0009911 1.0218205 1.0663175 0.8496894 0.8496894 0.8352004 0.8352004 0.8348945 0.9163715 0.9386797 1.1756722 0.8958998 1.0100740 0.9057513 0.8379772 1.0560660 1.5296211 0.9037459 1.3801467 1.4182919 0.9473698 1.2044291 1.0080802 1.5783442 1.0124135 1.0034638 0.8199827 0.7854447 0.9342913 0.7880331 1.2750285 1.5860585 1.3477358 0.8682044 0.9759212 2.1134383 2.1916961 1.2871303 1.6176020 1.2715722 1.2199815 0.5485510 1.4467646 0.9021480 1.0931589 1.0931589 1.4014715 0.8890660 0.7944894 1.0527133 0.9399428 1.5136954 1.3688642 1.0983747 1.2314369 0.9632361 1.2713650 0.9607564 0.9040415 0.7721502 1.0980865 1.1960645 0.8696807 1.2815294 1.2815294 1.2815294 1.2915973 0.8904318 1.1605412 0.9353437 0.9501829 0.8769007 1.4491340 1.7750733 1.6099184 1.3562572 1.4806212 1.4789277 2.5478248 2.5518237 2.3145227 2.3160649 2.3109508 3.0725795 2.7162001 
Gfas_gfas1.m1.8257.m1                                  2.0028836 0.0000010 1.7808011 2.6645329 2.6506054 0.7896777 2.0799927 2.1229550 1.5504096 1.7423226 2.1892966 1.5697181 0.0000010 0.2235768 0.2459867 0.1927355 0.2680826 0.2796023 0.5267402 0.6858213 0.8595093 0.0000000 0.9493197 0.8868823 0.8445852 0.8915681 0.8849218 1.0840997 1.2614474 1.2987514 0.6594029 0.7948389 1.2520926 1.2961431 0.9144322 1.2797684 0.9569572 1.0488101 1.2674418 1.3105484 0.6499771 1.2445171 1.2902591 1.2718479 1.0222364 1.0222364 1.0222364 1.0222364 1.0411283 1.0617068 1.1058820 1.1715516 1.0261935 1.1785888 1.0427289 0.9717287 1.2569279 1.8787741 1.2748620 1.8994392 1.7469144 0.8479950 1.4872466 1.7087613 2.1497265 1.2019441 1.1986095 0.9745909 0.9282912 1.1625091 0.0000010 1.6674492 1.9252335 1.7486465 0.7291440 0.7271574 2.6494077 2.6938653 1.7008337 1.9123636 1.7407487 1.4885666 0.0000010 1.5306676 1.1526614 1.4165993 1.4165993 1.7852750 1.2102774 1.1040387 1.2818694 1.1721123 1.7414521 1.7464052 1.3743975 1.3743975 1.4212687 1.7812460 1.2521762 1.0853360 1.0368210 1.6140597 1.6887106 1.0850556 1.7117964 1.7117964 1.7117964 1.7167893 1.0048604 1.3400049 1.0940549 1.0933678 1.1475960 3.8128021 1.8904463 2.0516477 1.5804189 1.5731345 1.6161903 2.8733703 2.9481285 3.1666560 2.6950428 2.1809561 3.3231281 2.8421947 
Chem_TCONS_00022806                                    1.7480819 1.1830124 1.6081328 2.2135792 2.1178641 0.8195714 1.7516178 1.7884206 1.4480270 1.5972014 1.7803788 1.5482550 0.2738433 0.7348228 0.7644483 0.7726873 0.7519765 0.6624419 0.7579971 0.8332995 0.5649379 0.9493197 0.0000000 0.6145602 0.6349821 0.6576644 0.7756246 0.8997468 1.0552018 1.0892282 0.6480807 0.7552089 1.0633917 1.1062806 0.8172690 1.1443676 1.0013343 1.2539765 1.1419767 1.1585971 0.7443088 1.1713277 1.0817287 1.1597355 0.8885642 0.8885642 0.8917119 0.8917119 0.9276144 0.9365473 0.9909651 1.2199774 0.9388401 1.1308157 1.0204816 0.9516148 1.0857483 1.5680673 0.8294145 1.3238251 1.2472488 0.8829800 1.2115743 0.9872132 1.4526409 1.0401794 1.0316318 0.7788662 0.7361326 0.9760426 0.7164212 1.3059867 1.5816545 1.3263162 0.8369479 0.8824785 2.0918882 2.0290403 1.3760330 1.7631700 1.3546237 1.4003949 0.4789545 1.7069571 1.0192563 1.1966433 1.1966433 1.3798072 1.0853080 0.9636843 1.0406139 0.9455030 1.4454700 1.4160585 1.0813649 1.2139102 0.9406392 1.3536767 0.9414321 0.9300563 0.7866570 1.1446527 1.2709850 0.9047250 1.2135570 1.2129086 1.2135570 1.2073380 0.8590986 1.0741429 0.9278931 1.0292291 0.7735976 1.3905995 1.7447199 1.7324577 1.5152306 1.6044381 1.7136440 2.6233080 2.4499572 2.6881292 2.6025802 2.4500831 3.4157360 2.7744022 
Nemnom_g3613.t1                                        1.9466136 1.4638633 1.5604959 2.3809005 2.2322770 0.9627128 1.6718828 1.7078192 1.4484943 1.5836136 1.8586654 1.6065537 0.3587478 0.7363087 0.7418480 0.7196065 0.7379641 0.6874694 0.7547074 0.8217073 0.5179370 0.8868823 0.6145602 0.0000000 0.1394528 0.3793547 0.3840796 0.8784784 1.0509850 1.0995575 0.5890118 0.7663898 1.0342012 1.1102396 0.8446420 1.1284635 0.9317709 1.2207369 1.1779462 1.2005894 0.7026199 1.2200131 1.1671447 1.2119891 0.8750099 0.8750099 0.8483443 0.8483443 0.9222709 0.9651325 0.9803427 1.3288476 0.9337479 1.1012317 0.9122778 0.9279808 1.0266374 1.6573708 0.8944681 1.3117817 1.3975410 0.9711916 1.2019985 1.0064341 1.7145892 1.1131323 1.0738849 0.8084918 0.7470079 0.9565854 0.8104050 1.2528417 1.5544324 1.4255046 0.9157810 1.0899330 2.2519610 2.1360123 1.3398649 1.7204102 1.3515560 1.3168642 0.5466497 1.5700947 1.0267305 1.1749108 1.1749108 1.5298121 1.0132057 0.9066600 1.0655564 0.9150831 1.5282500 1.5922132 1.0966322 1.2572459 0.9060073 1.2738134 0.9475177 0.8489473 0.7191478 1.0646976 1.2339843 0.8426780 1.3238078 1.3188076 1.3238078 1.3462141 0.8269319 1.1177511 0.8942297 1.0007203 0.8298210 1.4444411 1.9412307 1.6922551 1.5273335 1.5138266 1.6150541 2.5169595 2.5683566 2.5085693 2.4849555 2.3838631 3.1985208 2.6205591 
Rhoesc_Res_009392-T1                                   1.9819524 1.4553915 1.5725288 2.3426562 2.1585968 0.9424047 1.6663887 1.7030002 1.4540055 1.5612233 1.8242245 1.5544465 0.3584013 0.7235638 0.7021979 0.6965756 0.6941029 0.6887409 0.7310978 0.8226837 0.5080852 0.8445852 0.6349821 0.1394528 0.0000000 0.3447366 0.3371700 0.8796622 1.0422735 1.1038667 0.6154314 0.7755513 1.0368935 1.1156286 0.8552640 1.1469521 0.9650672 1.1621032 1.1511284 1.1792415 0.7172520 1.1623518 1.1207217 1.2033232 0.8586747 0.8586747 0.8478364 0.8478364 0.9341226 0.9775294 0.9916585 1.4148026 0.9013845 1.0328999 0.9030728 0.9105313 1.0553488 1.6201836 0.9098345 1.3217281 1.3692377 0.9641145 1.1829948 0.9985880 1.6396971 1.0947011 1.0564401 0.8158803 0.7732873 1.0111159 0.8092353 1.2759674 1.5876902 1.3854353 0.9122197 1.0878664 2.1838501 2.1267946 1.3514312 1.7230158 1.3515114 1.3347397 0.5531777 1.5683447 1.0413411 1.2067642 1.2067642 1.4694564 0.9806818 0.8810032 1.0572693 0.9101463 1.5011871 1.5038008 1.0671852 1.2201605 0.9410404 1.3274568 0.9607604 0.8889779 0.7494085 1.0696213 1.1881264 0.8484812 1.3226819 1.3168073 1.3226819 1.3247485 0.8535325 1.1323517 0.9263461 1.0142045 0.8127792 1.4030823 1.8730734 1.6256607 1.4727257 1.5411059 1.5167745 2.5258225 2.4928436 2.3392502 2.2711243 2.2563676 3.3023683 2.4479204 
Sanmal_Sma_013919-T1                                   1.9391218 1.3645022 1.5285751 2.3210857 2.1303477 0.9621505 1.6534567 1.6864572 1.3477375 1.5496219 1.8311917 1.6369287 0.3352154 0.7401775 0.7579137 0.7109540 0.7476140 0.7099851 0.7587293 0.8582308 0.5173714 0.8915681 0.6576644 0.3793547 0.3447366 0.0000000 0.4509257 0.9224137 1.0810049 1.1173008 0.6282992 0.7813656 1.0756376 1.1282334 0.8588525 1.1368991 0.9916355 1.1461216 1.2369999 1.2604840 0.7567299 1.1972038 1.1707775 1.2472918 0.9345970 0.9345970 0.9266737 0.9266737 0.9472250 0.9924976 0.9996691 1.4100353 0.9361500 1.1353505 0.9678124 0.9112367 1.0870351 1.6184765 0.9090312 1.3021462 1.4955385 0.9926878 1.2237849 1.0187553 1.6726120 1.0904696 1.0750746 0.7867935 0.7333640 0.9644205 0.8341023 1.3023388 1.6035676 1.4005836 0.9491438 1.2126980 2.1435634 2.1822800 1.3418363 1.6123394 1.2884499 1.3779105 0.5794161 1.5782755 1.0229348 1.1979211 1.1979211 1.4492252 0.9655381 0.8940165 1.0503611 0.9330635 1.5414992 1.4662089 1.0975335 1.2713207 1.0327288 1.2815915 0.9772394 0.9079362 0.7930099 1.0818454 1.1912497 0.8908481 1.3656586 1.3607302 1.3656586 1.3744130 0.9102570 1.1153798 0.9259354 1.0378986 0.8966346 1.5237011 1.7998274 1.6911892 1.5629462 1.5337967 1.5530128 2.5559116 2.5219696 2.4429805 2.3401783 2.3155653 2.9514861 2.5522664 
Aaur_scaffold993.g8.t2                                 2.4396883 1.5058077 1.8653862 2.9937289 2.9049321 0.8279567 2.1016812 2.0003166 1.7937641 1.9752092 2.3708020 1.8517267 5.6919098 0.8835800 0.8980352 0.8441918 0.8937099 0.8427594 0.8450892 1.0154750 0.6209409 0.8849218 0.7756246 0.3840796 0.3371700 0.4509257 0.0000000 1.0855433 1.3968670 1.4620987 0.6173888 0.9129161 1.4028977 1.4525299 1.0172015 1.3326914 1.1584775 1.2069347 1.6221022 1.6290073 0.7165521 1.5588615 1.5810701 1.4978362 1.0470709 1.0470709 1.0296530 1.0296530 1.1002328 1.1533032 1.1959584 1.3069284 1.0783183 1.2458979 1.1579895 1.0478039 1.2943238 2.1317640 1.4823515 1.6627720 0.4521564 0.7370741 1.5906766 1.4952760 2.3284673 1.3205786 1.2487318 0.7075085 0.6731166 1.0336092 2.6121054 1.6475562 2.0574751 1.8229387 0.6967471 0.0000010 2.7599832 2.7451092 1.6940775 1.7359832 1.6559989 1.7336515 1.4192734 1.7702628 1.2774414 1.5658481 1.5658481 1.8201752 1.1340868 1.0354349 1.3520090 1.1945365 1.9623298 1.8963187 1.2625996 1.2429641 2.7715645 1.6462361 1.1010647 0.9772849 0.7574311 1.3256944 1.4571038 0.8711419 1.5320874 1.5241371 1.5320874 1.5497480 0.7021010 1.2551294 0.9240330 1.2281197 1.1600517 4.8764997 2.3118239 2.1046386 1.7375766 1.6095143 1.5813402 3.2266280 3.1490058 2.8048554 2.3710022 2.6934622 3.3846541 2.5948532 
Bralan_BLAG02001778_3                                  1.8515156 1.2302440 1.5060277 2.2202770 2.1526078 0.9310618 1.7296589 1.7908519 1.5178493 1.5735789 1.9018712 1.5733243 0.3880742 0.8681428 0.8758689 0.8564641 0.8628866 0.8307958 0.8467557 0.9554274 0.8211884 1.0840997 0.8997468 0.8784784 0.8796622 0.9224137 1.0855433 0.0000000 0.9860804 1.0126866 0.5967168 0.6959215 0.9964513 0.9852373 0.7351771 0.9336227 1.0663723 1.3179467 1.0986891 1.1203553 0.6546045 1.1127563 1.1154326 1.1335112 0.8381321 0.8381321 0.8143011 0.8143011 0.8712599 0.8727376 0.9497654 1.7345495 0.9006021 1.0345137 0.8750582 0.7662769 0.9347065 1.6464069 0.9782643 1.3908904 1.4517407 1.1217883 1.3498020 1.1837330 1.8014165 1.1279671 1.1094121 0.8852166 0.9428845 1.0670323 1.1023435 1.4030297 1.7453502 1.5325510 0.9330262 1.1231485 2.2435980 2.1861108 1.4363044 1.7725030 1.4368619 1.2793398 0.5301632 1.5257199 1.0560741 1.2460818 1.2460818 1.4917863 0.9858393 0.8997207 1.1613365 1.0824616 1.5506343 1.7034617 1.1214697 1.2059256 1.0806749 1.3362564 0.9296761 0.8846458 0.8266076 1.1700248 1.2809978 0.8460138 1.3083487 1.3123287 1.3083487 1.3299708 1.0130868 1.1691134 1.0022027 0.8329027 1.1182464 1.4056186 1.8311234 1.7619960 1.5836764 1.6354297 1.5744965 2.6944623 2.7282112 2.4809270 2.5648301 2.2350662 3.0231223 2.5503735 
HoiH23_PlH23_009365-RA                                 1.8303231 1.2199315 1.4796826 2.3346101 2.1278973 0.9522344 1.5998838 1.6432749 1.3082472 1.4673594 1.7509378 1.4075575 0.5692367 0.9783826 0.9685329 0.9832124 0.9741927 0.9577828 0.9998996 1.0794915 0.9890017 1.2614474 1.0552018 1.0509850 1.0422735 1.0810049 1.3968670 0.9860804 0.0000000 0.0889778 0.0372924 0.0268945 0.1043098 0.1658737 0.1303921 1.1395352 1.0756447 1.3219174 1.2029548 1.2343338 0.8336996 1.2383411 1.3305599 1.3186883 0.9860830 0.9860830 0.9860830 0.9860830 1.0526624 1.0755179 1.1298748 1.4801748 0.9919039 1.1711497 1.0063942 1.0083445 1.2014209 1.7348307 1.1115578 1.5008738 1.2993825 1.0611897 1.2996964 1.1435680 1.7668237 1.2458887 1.2570889 0.9799080 0.9145891 1.1036701 1.1933067 1.4627204 1.7046073 1.3939597 0.9195463 1.1335609 2.3293551 2.3834471 1.3764260 1.7404674 1.4003260 1.3050994 0.7205843 1.4815931 1.1026281 1.1274133 1.1274133 1.4761802 1.0398335 0.9119531 1.0577465 0.9930623 1.4881327 1.4345756 1.2137388 1.3127659 1.1324638 1.3956536 1.0780924 0.9936507 0.9243139 1.2922573 1.3551323 0.9456870 1.4395762 1.4343686 1.4395762 1.4133075 1.0725352 1.3276546 1.0995205 1.0504513 1.1925781 1.3430667 1.7596108 1.6988977 1.5290346 1.4305779 1.4726670 2.6312402 2.4474528 2.3388684 2.5893775 2.3294168 2.7831410 2.5891208 
Hhon_g02376.t1                                         1.8638918 1.2305156 1.4414320 2.3630306 2.1277904 0.9388928 1.6216097 1.6433045 1.3579475 1.4772414 1.8045053 1.4798227 0.5522885 1.0448621 1.0274616 1.0127331 1.0185784 1.0003688 1.0246996 1.0789323 1.0316036 1.2987514 1.0892282 1.0995575 1.1038667 1.1173008 1.4620987 1.0126866 0.0889778 0.0000000 0.0027921 0.0415795 0.1136293 0.1769322 0.1447967 1.1930606 1.1005531 1.3865393 1.2361911 1.2649963 0.8124160 1.2563104 1.3298591 1.3687894 1.0128169 1.0128169 1.0040364 1.0040364 1.0646474 1.1084747 1.1975994 1.5365202 1.0390152 1.2165642 1.0128932 1.0396227 1.2336193 1.7549178 1.0881952 1.5128460 1.3534176 1.0405175 1.2978420 1.1304658 1.7986750 1.2371755 1.2481491 0.9618010 0.8908180 1.0732886 1.2053073 1.4876582 1.7425829 1.4162323 0.9133303 1.1096850 2.3652241 2.4465331 1.3681583 1.7291933 1.3879278 1.3184059 0.7266447 1.4970329 1.0938131 1.1125828 1.1125828 1.4527306 1.0661437 0.9279770 1.0983203 0.9840591 1.4777277 1.4572731 1.2167346 1.3163648 1.1376110 1.4139983 1.0975733 0.9872534 0.9127950 1.3301104 1.4009328 0.9456982 1.5016658 1.4963963 1.5016658 1.4826089 1.0513351 1.2843783 1.0650601 1.0786391 1.2472635 1.3431546 1.8103303 1.7109451 1.5639918 1.4744018 1.4721373 2.7048223 2.4601933 2.3911734 2.6924891 2.4044804 3.0154074 2.7094775 
