100
Emue_Em0011g736a.t1                                    0.0000000 1.1412365 5.2627424 1.4280708 1.6667517 5.5836084 2.0515498 0.8616110 5.0565164 2.2590199 2.2657421 1.6414544 2.3918316 2.0028460 3.3081682 2.1707917 2.1447282 2.2121878 2.3041964 2.3156996 2.2802961 2.9032351 2.7012020 2.5329900 2.3892314 2.3571059 2.4107578 2.7711816 2.6231617 2.5837020 2.5331024 2.4129477 2.2808898 2.6751997 2.8468144 2.5724641 2.8852370 2.5409895 3.7779974 2.3237878 2.4654380 1.4660544 1.9280932 2.9519235 4.2653567 2.6168779 2.5712970 2.6310970 2.3590790 2.2178203 3.0461098 2.5890018 2.6162695 2.6409603 2.6409603 2.7304615 2.6916259 2.6998151 2.4140260 2.7000592 2.6995462 2.6978589 2.5581538 2.7465271 6.0082915 3.0614176 3.1369347 1.6481228 3.2095233 2.7764656 2.4383074 2.6496739 1.7289679 7.2515773 2.7473911 2.4902982 4.7388364 2.8059434 2.6562845 3.5283613 3.5100467 3.2513443 3.3986257 3.3986257 3.8022758 3.8022758 3.8022758 3.8022758 4.0405129 3.1288489 3.1288489 3.6847371 3.9858345 4.1838232 3.9006280 3.9594979 2.8231069 2.7350251 1.0967196 7.8605777 
Emue_Em0011g749a.t1                                    1.1412365 0.0000000 0.1781174 0.1045272 0.1126078 0.2977763 0.4098691 0.5340359 0.4148946 1.1078279 1.0661310 0.9124683 1.0055610 0.9825113 1.0205426 1.0019633 0.9602281 0.9642086 0.9721954 0.9522954 1.0738013 1.1985896 1.4522259 1.0639330 1.0175402 0.9802573 1.0420238 1.1560681 1.1896778 1.1444054 1.0210073 1.0674024 1.1753025 1.1184013 1.2267897 1.0055042 1.0629339 1.1991010 1.4247307 1.0880383 1.0045944 1.3047669 1.2435967 1.3579198 1.1172895 1.1397780 1.1807728 1.1480826 1.0545399 0.9855076 1.2950395 1.2651438 1.2453147 1.2886260 1.2886260 1.2438333 1.3105983 1.3184152 1.1862307 1.3053207 1.2165091 1.2679065 1.1581060 1.3070991 1.7265887 1.4954436 1.3631426 1.5994181 1.3317798 1.2756995 1.1530085 1.3114859 1.7896394 2.0903726 1.4446648 1.4076089 1.6993617 1.7375864 1.3969432 1.8074667 1.6718069 1.7969513 1.7769164 1.8239282 1.7637688 1.7637688 1.7637688 1.7637688 1.6596424 1.7749190 1.7749190 1.6776843 1.7263634 1.8329845 1.7224126 1.8990510 1.4451252 1.5394252 0.4786251 3.0764667 
Spolac_c104601_g2_i1_m.41704c104601-g2                 5.2627424 0.1781174 0.0000000 0.0181409 0.0181409 0.2890043 0.3129804 0.0000010 0.4010264 0.8428934 0.8491391 0.6385310 0.8480379 0.8581885 0.8581885 0.7196077 0.7126343 0.6908470 0.7782014 0.6767220 0.7453419 0.7372457 6.1588686 0.6257947 0.6522201 0.6293658 0.6965458 1.0305568 0.7742592 0.8703170 0.8318701 0.7766375 0.9595551 0.8549013 1.1621660 0.7600931 0.7192749 0.8337843 1.2372561 1.2372561 0.8179346 0.0000010 0.0000010 1.2156458 1.0486529 1.0013452 0.9639358 0.9612232 0.8215904 0.8656505 0.9318808 1.3098692 1.2905351 1.2821715 1.2821715 1.1477675 1.3126398 1.3126398 1.1984687 1.1115721 1.0582411 1.2090508 1.1207837 1.5899163 1.6189055 1.6189055 1.5604577 0.0000010 1.2827292 1.3218864 1.2281378 1.0320045 1.5019677 1.1999736 1.1999736 1.1630904 1.1630904 0.0000010 1.3643634 1.6541724 1.6610050 1.5207829 1.7903692 1.8282265 2.0223953 2.0223953 2.0589374 2.0589374 1.8288347 2.3412940 2.3412940 2.1131272 1.9266739 2.4992156 1.8341623 2.0410254 1.6381502 2.3090151 0.0000010 1.6310135 
Spolac_c104601_g2_i2_m.41706c104601-g2                 1.4280708 0.1045272 0.0181409 0.0000000 0.0000010 0.2982918 0.3719902 0.4917686 0.4469852 1.1229733 1.0616376 0.9023854 1.0196526 1.0085822 1.0140719 0.9869641 0.9680333 0.9488233 0.9918119 0.9450864 1.0404532 1.1156909 1.6185272 1.0364674 1.0056186 0.9512116 0.9887860 1.2430363 1.1264674 1.1347443 1.0549592 1.0874836 1.1600077 1.1301117 1.3070579 0.9716645 1.0346304 1.1883910 1.4366925 1.1802489 1.0517532 1.3406792 1.2660772 1.3924792 1.1781332 1.1846040 1.2328058 1.1679488 1.1131550 1.0176470 1.2476634 1.3393113 1.3227996 1.3442934 1.3442934 1.3046943 1.3852885 1.3924207 1.2054684 1.2843264 1.2041720 1.2741754 1.1808363 1.4004136 1.7478324 1.5751928 1.4397133 1.3701437 1.4080197 1.3811846 1.1788696 1.2798606 1.7573342 1.8285080 1.3858178 1.3527224 1.5199881 1.7616587 1.4042765 1.8013408 1.6689974 1.7948061 1.8734387 1.8872134 1.9277527 1.9277527 1.9376830 1.9376830 1.7797429 1.8493513 1.8493513 1.8688888 1.8351768 2.1008562 1.8082482 2.0598502 1.4848209 1.5742645 0.4470881 1.9964694 
Spolac_c104601_g2_i3_m.41708c104601-g2                 1.6667517 0.1126078 0.0181409 0.0000010 0.0000000 0.2982918 0.3576947 0.5450734 0.4469852 1.0860734 1.0143611 0.7816421 0.9412479 0.9581183 1.0133679 0.9461600 0.9312395 0.9056075 0.9534018 0.9057778 0.9933341 1.0763400 1.6185272 0.9783493 0.9930072 0.8953771 0.8958103 1.1884465 1.0480230 1.0980527 1.0436279 1.0293907 1.1434955 1.0687935 1.2468340 0.9360325 0.9431608 1.1664535 1.4032811 1.2417547 0.9725936 0.7001298 1.2513825 1.3924792 1.1781332 1.1693655 1.1978982 1.1289076 1.0361394 1.0875579 1.2138079 1.3568694 1.3421404 1.3632061 1.3632061 1.3037858 1.4034841 1.4117650 1.1829524 1.1920553 1.1176026 1.2013750 1.1309134 1.4270054 1.7621763 1.5502083 1.4005208 1.0976900 1.3908032 1.3732636 1.1535885 1.2018776 1.6249897 1.7788356 1.3483600 1.3142960 1.5199881 1.7151726 1.3515036 1.7825428 1.6442770 1.6316784 1.8850807 1.9026645 1.9121615 1.9121615 1.9233590 1.9233590 1.7383630 1.8091323 1.8091323 1.8922338 1.8444993 2.1205637 1.7772336 1.8570030 1.5101551 1.6233904 0.3567949 2.0446581 
Stycar_maker-SC_scaffold61516-augustus-gene-0.5-mRNA-1 5.5836084 0.2977763 0.2890043 0.2982918 0.2982918 0.0000000 0.0699620 0.0000010 0.4136715 0.8694839 0.8404182 0.7155770 0.8025529 0.8192108 0.8192108 0.9027879 0.8085133 0.7856302 0.7653850 0.8262528 0.8761291 0.8587994 1.4757839 0.8181248 0.8262963 0.7861500 0.8161282 1.0874681 0.9310634 0.9669633 0.8863499 0.9573305 0.9993693 0.9784848 1.1217271 0.8569876 0.7209338 1.0573962 1.0956762 1.0956762 0.7644175 0.0000010 0.7298185 1.2141851 1.0964665 0.9847718 1.0304197 0.9830407 0.9258119 0.9012312 1.1477467 1.0974126 1.0918837 1.1355458 1.1355458 1.0814102 1.1279566 1.1378613 1.1949214 1.0702826 0.9941176 1.1109793 1.0912684 1.2881868 1.3110423 1.3110423 1.2851418 0.0000010 1.2562561 1.2149814 1.1260388 1.0355651 1.5019677 1.3735893 1.3272572 1.3228669 1.5256882 1.2496401 1.2576683 1.7458775 1.6385234 1.5701724 1.7424761 1.7747749 1.8931638 1.8931638 1.9692174 1.9692174 1.7278237 1.8627498 1.8627498 2.0198666 1.9163163 2.0286646 1.8116033 1.8313429 1.5303277 1.7445215 0.1484840 1.6435868 
Stycar_maker-SC_scaffold105457-snap-gene-0.24-mRNA-1   2.0515498 0.4098691 0.3129804 0.3719902 0.3576947 0.0699620 0.0000000 0.0212991 0.4287045 1.0564101 1.0528815 1.0545232 0.9936893 1.0438263 0.9297600 1.1155141 1.0081238 0.9987947 0.9970640 1.0246577 1.0643092 1.1451506 1.6923411 0.9462156 0.9522878 1.0034810 1.0251618 1.3586757 1.0917769 1.1109929 0.9901559 1.1562392 1.2086312 1.1669586 1.2587745 0.9675787 0.9910057 1.1722478 1.4106366 1.2059486 0.9749661 1.4746411 1.3945549 1.3626671 1.0465574 1.1205363 1.1774369 1.0713820 0.9831875 0.9444782 1.2766098 1.2284183 1.2217883 1.2397653 1.2397653 1.2615108 1.2273068 1.2273068 1.3054456 1.2038353 1.1072627 1.2460222 1.2321544 1.2864357 1.3854137 1.4617887 1.3424997 1.4525900 1.3284695 1.3403551 1.2197585 1.2151506 1.8693226 1.8191961 1.3245358 1.3518230 1.4966680 1.8571840 1.3227264 1.9195709 1.7127041 1.8445138 1.7583058 1.7836513 1.9029276 1.9029276 1.9622644 1.9622644 1.7928410 1.9646632 1.9646632 1.9626471 1.8794087 2.0600772 1.8355789 2.0805333 1.4383921 1.5782441 0.6394182 1.4393424 
Stycar_maker-SC_scaffold2763-augustus-gene-0.21-mRNA-1 0.8616110 0.5340359 0.0000010 0.4917686 0.5450734 0.0000010 0.0212991 0.0000000 0.0000010 1.4125186 1.4265256 1.2793250 1.3736582 1.3204727 1.4702456 1.4182337 1.3763650 1.3407234 1.3808758 1.3450126 1.3877418 1.9687086 1.6765559 1.2475642 1.2483267 1.2882654 1.3819378 1.9108828 1.7127147 1.5668237 1.4594229 1.6172787 1.3123556 1.6065701 1.4481140 1.0476429 1.4049044 1.6089933 3.2424463 1.2961074 1.3763087 1.3844214 1.4970674 1.5178873 0.0000010 1.4457788 1.4692396 1.3386273 1.2434826 0.9220922 1.7218588 1.5693693 1.5613059 1.4839027 1.4839027 1.8163602 1.4635512 1.4635512 1.5677492 1.7031496 1.5045554 1.5978665 1.6192823 1.4292167 3.4633580 1.7589063 1.5760454 1.4525900 1.4876634 1.5747522 1.3808601 1.5813355 1.7506591 8.9999990 1.4617806 1.4960678 4.9111769 2.4986119 1.4868685 2.2308037 1.8455322 2.3598137 1.6176258 1.6176258 1.7993003 1.7993003 1.7993003 1.7993003 1.7323108 1.6823035 1.6823035 1.6205169 1.5330154 1.8909942 1.7488920 2.4461417 1.2232195 1.2232195 0.7225134 0.0000010 
Tetwil_g23531.t1                                       5.0565164 0.4148946 0.4010264 0.4469852 0.4469852 0.4136715 0.4287045 0.0000010 0.0000000 1.0518101 0.9882661 0.7875099 0.9087448 1.0146587 1.0146587 0.9443713 0.8384570 0.8271645 0.8775022 0.8944956 0.9432162 0.9202892 2.3270955 0.8729626 0.8897568 0.8353472 0.8758821 1.1951936 1.0963862 1.1039559 0.8905231 1.1177864 0.9822776 1.1457567 1.3375446 0.8258206 0.7073422 1.0423125 1.3237877 1.3237877 1.0303498 0.0000010 2.9027630 1.5170722 1.1140034 1.0694393 1.1768026 1.0702481 0.9611788 0.8765016 1.2653548 1.2250234 1.2043385 1.3093986 1.3093986 1.1501799 1.2512419 1.2639298 1.3426079 1.3229153 1.2439589 1.3157802 1.3734507 1.4583651 1.8593339 1.8593339 1.4263976 0.0000010 1.3497760 1.3461736 1.2147675 1.1630837 1.4030153 1.4631286 1.4529506 1.4519255 1.5217702 1.3667244 1.5267239 1.9211850 1.7161935 1.7929940 2.0736111 2.3328042 2.2762849 2.2762849 2.1824741 2.1824741 2.0654105 2.3895710 2.3895710 2.2296953 2.0650197 2.3970212 2.2318234 2.3311873 2.0742936 2.2330108 0.0000010 1.6435163 
Bralan_BLAG02001567_1                                  2.2590199 1.1078279 0.8428934 1.1229733 1.0860734 0.8694839 1.0564101 1.4125186 1.0518101 0.0000000 0.7549455 0.6952538 0.6196528 0.6759280 0.6372097 0.6685926 0.7337271 0.7350775 0.7660364 0.7881997 0.8589352 0.9738751 1.2127812 0.8093760 0.8473121 0.8298118 0.8721392 1.0366120 1.0887297 1.1236226 0.9310550 0.8588769 0.7477701 1.0729911 1.0442430 1.3229908 1.2414409 0.8391055 0.9912565 0.7941587 0.9690193 1.3815800 1.1360986 1.2365235 1.0790565 0.9776196 0.9557642 0.9913942 0.9908501 1.1782910 0.9633454 1.1355897 1.1296820 1.1752188 1.1752188 1.1924374 1.2029876 1.2063247 1.2356656 1.1235907 1.0862311 1.0910519 1.0244618 1.1423713 1.5541685 1.3176922 1.2467461 1.6129572 1.1623014 1.1027978 1.0456397 1.1359983 1.6152265 2.0160691 1.3974174 1.3407818 1.6892214 1.5528492 1.2532845 1.6445952 1.4664985 1.4829945 1.6593056 1.6804495 1.7075854 1.7075854 1.7451129 1.7451129 1.6991469 1.6537697 1.6537697 1.7907891 1.6706309 1.8784910 1.7478360 1.9554243 1.4903678 1.5593871 1.2597771 1.4020133 
Spur_XM_030996350.1                                    2.2657421 1.0661310 0.8491391 1.0616376 1.0143611 0.8404182 1.0528815 1.4265256 0.9882661 0.7549455 0.0000000 0.5408882 0.5465280 0.6323302 0.5743593 0.6555588 0.6053662 0.5837416 0.6302169 0.6243317 0.6754522 0.7985514 0.8638098 0.7019606 0.7059622 0.6869865 0.7122292 0.8591104 1.0284346 0.9535965 0.7744400 0.8297134 0.6878457 0.8391342 0.8908242 1.3577634 1.2067417 0.8372308 0.9989530 0.7898262 0.8373557 1.1618171 1.2850319 1.1523277 1.0833462 1.0174190 1.0107804 1.0454411 1.0327637 1.3561753 1.0112166 1.0768066 1.0850732 1.0780519 1.0780519 1.1079073 1.1640663 1.1575438 1.1047062 1.0945421 1.0953027 1.0210834 1.1436303 1.0638565 1.3396824 1.2061975 1.0574509 2.0417619 1.1487815 1.1248953 1.0113167 1.0132892 1.4681350 1.7793412 1.2248466 1.1934836 1.4729714 1.3398355 1.1671984 1.5948018 1.4656555 1.5272934 1.3565155 1.3290973 1.4437536 1.4437536 1.4533197 1.4533197 1.5207667 1.4968454 1.4968454 1.5817143 1.5274323 1.6835602 1.5076812 1.6698450 1.2593846 1.2908850 1.2069184 1.3830467 
Skow_XM_006822193.1                                    1.6414544 0.9124683 0.6385310 0.9023854 0.7816421 0.7155770 1.0545232 1.2793250 0.7875099 0.6952538 0.5408882 0.0000000 0.6766690 0.6621327 0.6100407 0.6453932 0.6081024 0.6145330 0.6670604 0.5874739 0.6749167 0.9708883 4.8434643 0.6930451 0.6411838 0.7008373 0.7146807 0.9859459 1.0893402 0.9165626 0.7259573 0.7380970 0.6292956 0.8314676 1.0818085 1.2349502 1.2722187 0.8414846 1.7258798 0.9817587 0.8493594 0.9737801 1.1751619 0.9238426 0.8485267 0.9759421 0.9706053 1.1644342 0.9791363 1.0853184 1.0842518 1.0174139 1.0845278 1.0294274 1.0294274 1.0689272 1.1124045 1.1124045 1.4659458 1.3876433 1.3045002 1.3248493 1.5233841 1.3340413 1.7750209 1.4422762 1.2467238 1.5502334 1.5076856 1.1394236 1.2426697 1.4195431 1.8524466 1.7469566 1.3788336 1.3268542 1.3697914 3.0008480 1.4201756 1.7676492 1.7595883 1.4666543 1.2302382 1.2064042 1.3946353 1.3946353 1.4277412 1.4277412 1.3958579 1.2348948 1.2348948 1.2802968 1.5685006 1.8167345 1.4053958 2.0475149 1.3607222 1.5430030 1.1691997 1.0498615 
Hsap_ENST00000381750                                   2.3918316 1.0055610 0.8480379 1.0196526 0.9412479 0.8025529 0.9936893 1.3736582 0.9087448 0.6196528 0.5465280 0.6766690 0.0000000 0.6277469 0.6048154 0.6497145 0.6331918 0.6084325 0.6170591 0.6355732 0.6740238 0.7752103 0.8489929 0.7521714 0.6664151 0.6837577 0.6648969 0.8164854 0.9292410 0.9203007 0.8182960 0.7462814 0.6710407 0.9511509 0.9142010 1.2525347 1.1659070 0.7767944 0.9050269 0.7353636 0.8336320 1.5648038 1.1168172 1.1234940 0.9865933 0.8602239 0.8827345 0.8646719 0.8360040 1.1452891 0.9716784 1.1738490 1.1711392 1.1750400 1.1750400 1.1715305 1.1525019 1.1531646 1.0523471 1.0845343 1.0672505 1.0531310 1.1277843 1.1350805 1.3145475 1.1792002 1.0858786 1.6300737 1.1172260 1.0317992 0.9443936 1.0079270 1.5792848 1.6796932 1.1465374 1.1065652 1.4406820 1.2687203 1.0881545 1.6206861 1.3763407 1.3756062 1.4074513 1.4158776 1.4111357 1.4111357 1.4130035 1.4130035 1.4248112 1.3269894 1.3269894 1.4573036 1.4491127 1.4927598 1.5180884 1.6456959 1.2684003 1.3237580 1.0700776 1.5336606 
Acagra_model.g11817.t1                                 2.0028460 0.9825113 0.8581885 1.0085822 0.9581183 0.8192108 1.0438263 1.3204727 1.0146587 0.6759280 0.6323302 0.6621327 0.6277469 0.0000000 0.0079428 0.4265958 0.7025271 0.7287358 0.7417775 0.8085736 0.8390122 0.9455867 1.0714934 0.8089920 0.7484717 0.7019721 0.7514566 0.9926154 1.0189915 1.0483648 0.9145295 0.9775780 0.6360920 0.9403700 0.9498238 1.3203300 1.2161426 0.8623406 0.9568502 0.8030596 0.8974989 1.3118181 1.2742382 1.2340830 1.0399043 0.9573276 0.9834299 0.9225611 0.9525498 1.1495289 0.9785663 1.2503245 1.2384695 1.2555147 1.2555147 1.2617721 1.2724107 1.2731268 1.1605820 1.2111225 1.1901902 1.2375124 1.2615392 1.1872271 1.5434579 1.3995018 1.2128489 1.9051716 1.2612483 1.2646209 1.1086682 1.2274481 1.7462642 1.7258280 1.2860179 1.2702402 1.4315726 1.5194819 1.3062986 1.6764553 1.5482391 1.4971101 1.5862972 1.6022336 1.6588709 1.6588709 1.7006392 1.7006392 1.6547310 1.6425904 1.6425904 1.6650133 1.6728727 1.7141349 1.6876417 1.7990621 1.3850746 1.4534903 1.0324939 1.2621128 
Acagra_model.g11817.t1.1.5d3b86ab                      3.3081682 1.0205426 0.8581885 1.0140719 1.0133679 0.8192108 0.9297600 1.4702456 1.0146587 0.6372097 0.5743593 0.6100407 0.6048154 0.0079428 0.0000000 0.3843909 0.6582626 0.6991359 0.6985428 0.7774259 0.8027693 0.7897572 1.0670224 0.7477468 0.7003563 0.6492763 0.6488739 1.0038876 0.9073817 0.9707474 0.8699989 0.9103948 0.6294829 0.9122836 0.8903509 1.3059718 1.1520208 0.8400030 0.8082555 0.8257678 0.8360254 2.4742910 1.3095477 1.2625838 1.0399043 0.9155207 0.9122907 0.8242797 0.9256539 1.1471963 0.9784942 1.1549800 1.1385034 1.1656347 1.1656347 1.1422638 1.2401275 1.2410218 1.0886904 1.1463090 1.1397088 1.1542227 1.2223468 1.1125982 1.4956817 1.3353717 1.1633428 5.3475092 1.1941242 1.2506806 1.0192612 1.1028824 1.5592489 1.5780078 1.2987433 1.2647029 1.3385613 1.2804959 1.2620917 1.6911037 1.5067336 1.5005579 1.6007509 1.6244781 1.7318920 1.7318920 1.7894427 1.7894427 1.6301606 1.6959365 1.6959365 1.7053830 1.7016083 1.7941477 1.7414867 1.7660638 1.4014542 1.5007709 0.8946628 1.2575733 
Cgig_XM_011455440.3                                    2.1707917 1.0019633 0.7196077 0.9869641 0.9461600 0.9027879 1.1155141 1.4182337 0.9443713 0.6685926 0.6555588 0.6453932 0.6497145 0.4265958 0.3843909 0.0000000 0.6353363 0.6278005 0.6621529 0.6797730 0.7063074 0.8145631 0.9554418 0.7183374 0.7262482 0.6874704 0.8160781 1.0220837 1.0452009 1.0169584 0.8547984 0.8899703 0.6065664 0.9140769 0.9801218 1.2834874 1.1961761 0.7797266 0.9144824 0.7391403 0.8970901 1.1111227 1.4296428 1.3640720 1.1579258 1.0313492 1.0190034 1.0679159 1.0738708 1.2067675 0.9592973 1.2878822 1.2937873 1.2807239 1.2807239 1.2960828 1.2909947 1.2917179 1.1495646 1.1873198 1.1665508 1.1574234 1.1773035 1.2275548 1.5904803 1.3923365 1.1149815 1.7156513 1.2076968 1.1444943 1.0723497 1.1532409 1.6684381 1.6964703 1.2286618 1.2291699 1.4814918 1.4719639 1.2164565 1.6267101 1.4769560 1.5614906 1.5389465 1.5393730 1.5296842 1.5296842 1.5438726 1.5438726 1.5329224 1.4564616 1.4564616 1.4802909 1.4550878 1.6708722 1.6190621 1.7541064 1.3481228 1.4295805 1.1443856 1.2676872 
Spis_XP_022804393_1                                    2.1447282 0.9602281 0.7126343 0.9680333 0.9312395 0.8085133 1.0081238 1.3763650 0.8384570 0.7337271 0.6053662 0.6081024 0.6331918 0.7025271 0.6582626 0.6353363 0.0000000 0.0821359 0.1125963 0.1728416 0.2143910 0.2759774 0.4142853 0.4195238 0.3819462 0.4594426 0.4942467 0.7437491 0.8519830 0.7800455 0.5907262 0.5875325 0.7752566 0.7825160 0.7622587 1.1640598 1.1034211 0.7900497 0.9672921 0.8108664 0.7581390 1.0346865 1.3350145 1.1965400 0.9596771 0.9215568 0.8888766 0.8921313 0.9181602 1.0638642 0.8779572 0.9848394 1.0044057 1.0082565 1.0082565 0.9762117 0.9950337 0.9956265 1.0253031 1.0447888 1.0006344 1.0110424 1.1341984 1.0984792 1.4174552 1.1941293 0.8928824 1.4087924 1.0353089 1.0417319 0.8829875 1.0290414 1.3887010 1.7151023 1.1709200 1.1294072 1.4272230 1.3784889 1.1639890 1.4999157 1.3511132 1.4137919 1.4458024 1.4464437 1.3612009 1.3612009 1.4189045 1.4189045 1.4578452 1.3915629 1.3915629 1.3625305 1.3238970 1.3998871 1.4509936 1.6583064 1.1927826 1.2524251 1.2988398 1.2160202 
Fspp_ffun1.m4.20614.m1                                 2.2121878 0.9642086 0.6908470 0.9488233 0.9056075 0.7856302 0.9987947 1.3407234 0.8271645 0.7350775 0.5837416 0.6145330 0.6084325 0.7287358 0.6991359 0.6278005 0.0821359 0.0000000 0.0725328 0.1642594 0.1804538 0.2387914 0.3952366 0.4053538 0.3633109 0.4285017 0.4558032 0.7445715 0.8693711 0.7545199 0.5862802 0.5638240 0.7600161 0.7735282 0.7443430 1.1543135 1.0911980 0.8059888 1.0107001 0.8209206 0.7315654 1.0435967 1.1998277 1.1519897 0.9315015 0.9006131 0.8712714 0.8434544 0.8622255 1.0791829 0.8985987 0.9798139 0.9992634 0.9985957 0.9985957 0.9803156 1.0112896 1.0118886 1.0029272 1.0600115 1.0016662 1.0108898 1.0961789 1.0594678 1.4099348 1.2078110 0.8531404 1.4218447 1.0589033 1.0486315 0.9108641 1.0157590 1.4544679 1.7327595 1.1338213 1.1019556 1.4891358 1.2498572 1.1725641 1.4934457 1.3999715 1.4214542 1.3520540 1.3598578 1.2926603 1.2926603 1.3480743 1.3480743 1.3943738 1.3427869 1.3427869 1.3164029 1.2811713 1.3300861 1.3891413 1.5929719 1.1144264 1.1647746 1.3355010 1.3598693 
Gasp_gasp1.m3.7735.m1                                  2.3041964 0.9721954 0.7782014 0.9918119 0.9534018 0.7653850 0.9970640 1.3808758 0.8775022 0.7660364 0.6302169 0.6670604 0.6170591 0.7417775 0.6985428 0.6621529 0.1125963 0.0725328 0.0000000 0.2001152 0.2196954 0.2811015 0.4212049 0.4298521 0.3806831 0.4802814 0.4790472 0.7236025 0.8681087 0.8209850 0.6423414 0.5937111 0.8095804 0.8413192 0.7818857 1.1677506 1.1155942 0.8500310 1.0727467 0.8385082 0.8090198 1.2773379 1.2606776 1.1523431 0.9257385 0.9051096 0.8717882 0.8578238 0.8878240 1.0847570 0.9473416 1.0224451 1.0387178 1.0296385 1.0296385 1.0100727 1.0519615 1.0525738 1.0832414 1.0640767 1.0007352 1.0484086 1.0884017 1.0923896 1.5231771 1.2980957 0.9529968 1.3779946 1.1216550 1.0629066 0.9534189 1.0089306 1.4411353 1.7319309 1.1471151 1.1008193 1.4725911 1.2683538 1.1972966 1.5924748 1.4080210 1.4120493 1.4512223 1.4663769 1.4352806 1.4352806 1.4392589 1.4392589 1.4356720 1.4066331 1.4066331 1.3307020 1.3512973 1.4143800 1.4608276 1.7429723 1.1775306 1.2329268 1.3404268 1.6511116 
Gfas_gfas1.m1.4908.m1                                  2.3156996 0.9522954 0.6767220 0.9450864 0.9057778 0.8262528 1.0246577 1.3450126 0.8944956 0.7881997 0.6243317 0.5874739 0.6355732 0.8085736 0.7774259 0.6797730 0.1728416 0.1642594 0.2001152 0.0000000 0.1717716 0.2262921 0.3927954 0.4241841 0.4335212 0.4984248 0.5247773 0.8187266 0.9236041 0.8150274 0.6580163 0.6166509 0.8397627 0.8465994 0.7864241 1.1231901 1.1171586 0.8877114 1.1013820 0.8699406 0.8384359 1.2227450 1.3668568 1.2611236 0.9903866 0.9907998 0.8985725 0.9083171 0.9792202 1.1367054 0.9616848 1.1109764 1.1398010 1.1215105 1.1215105 1.1185067 1.1262250 1.1268751 1.0492477 1.1039460 1.0260261 1.0049528 1.1198491 1.1289433 1.4453589 1.2315976 0.9715281 1.2268436 1.1002316 1.0482348 0.9241496 1.0681904 1.5076585 1.7532861 1.1616484 1.1729470 1.5357325 1.4023394 1.2178737 1.4986783 1.4002418 1.4893411 1.4442357 1.4591771 1.4000927 1.4000927 1.4437521 1.4437521 1.4657876 1.3821296 1.3821296 1.3881665 1.4034410 1.4266156 1.5727768 1.8140125 1.2344269 1.2983442 1.3139291 1.5528440 
Amil_Amillepora26181-RA                                2.2802961 1.0738013 0.7453419 1.0404532 0.9933341 0.8761291 1.0643092 1.3877418 0.9432162 0.8589352 0.6754522 0.6749167 0.6740238 0.8390122 0.8027693 0.7063074 0.2143910 0.1804538 0.2196954 0.1717716 0.0000000 0.0595824 0.1778738 0.4618936 0.4479749 0.5173224 0.5433741 0.8011820 0.9258418 0.8031514 0.6462201 0.6252481 0.8816745 0.8277588 0.8402808 1.1544081 1.1310421 0.8283692 1.1039629 0.9168052 0.7505892 1.1981440 1.3852039 1.2646187 1.0718469 1.0300839 0.9992865 0.9898714 0.9990529 1.2117911 0.9980967 1.0854113 1.1253861 1.1046768 1.1046768 1.0909901 1.1251383 1.1257873 1.0583857 1.1213294 1.0412788 1.0611817 1.1468310 1.1718863 1.4435466 1.2472874 1.0023093 1.4453742 1.1697605 1.0889355 0.9534811 1.0453179 1.5417390 1.6602921 1.0901336 1.0796819 1.4086828 1.2972756 1.2174908 1.5436997 1.4586090 1.4804896 1.4433628 1.4689671 1.4451996 1.4451996 1.4774822 1.4774822 1.4760909 1.4369201 1.4369201 1.4422132 1.4028945 1.4609001 1.5897971 1.8059582 1.2018020 1.2577796 1.4448725 1.8097135 
Adig_XM_015923832.1                                    2.9032351 1.1985896 0.7372457 1.1156909 1.0763400 0.8587994 1.1451506 1.9687086 0.9202892 0.9738751 0.7985514 0.9708883 0.7752103 0.9455867 0.7897572 0.8145631 0.2759774 0.2387914 0.2811015 0.2262921 0.0595824 0.0000000 0.2000745 0.5358579 0.5447654 0.6065590 0.6238059 0.9100507 0.9976655 0.8564008 0.7050271 0.6950472 0.9744431 0.9815157 0.9543691 1.2790698 1.2424451 0.9154592 1.0823342 1.0466962 0.8679913 1.7417738 1.6566280 1.3778145 1.0579515 1.1170935 1.0750085 1.0502380 1.1106019 1.3097609 1.0764049 1.2220752 1.2531079 1.2602705 1.2602705 1.2136731 1.2709645 1.2717184 1.1210378 1.1957251 1.1186589 1.1080961 1.2082273 1.2473365 1.3703055 1.3206964 1.1147503 1.5285850 1.2412983 1.1613484 1.0283948 1.0924576 2.0119040 1.7199698 1.1979029 1.1861299 1.3888170 1.3108675 1.2698147 1.6000897 1.4782060 1.5807126 1.6227801 1.6665561 1.5815354 1.5815354 1.6332217 1.6332217 1.6130016 1.5999048 1.5999048 1.5672333 1.5809041 1.5957990 1.7349813 1.9798848 1.3425192 1.4154901 1.7042386 1.7484192 
Adig_XM_015894513.1                                    2.7012020 1.4522259 6.1588686 1.6185272 1.6185272 1.4757839 1.6923411 1.6765559 2.3270955 1.2127812 0.8638098 4.8434643 0.8489929 1.0714934 1.0670224 0.9554418 0.4142853 0.3952366 0.4212049 0.3927954 0.1778738 0.2000745 0.0000000 0.6824519 0.6972613 0.7434505 0.7222838 0.9148342 1.1078669 0.9799956 0.8582894 0.7375098 1.1012298 1.1169256 0.9641026 2.0930765 1.8476514 1.1879088 1.1662637 1.1170513 0.9769073 0.0000010 1.4126006 1.5659096 1.5800860 1.3238595 1.3336080 1.2678403 1.2704911 1.6125499 1.3514204 1.3814831 1.4309221 1.4008467 1.4008467 1.3949305 1.4716838 1.4732441 1.2139732 1.2848719 1.2705044 1.2650139 1.3668284 1.3840757 1.8261717 1.5154663 1.2319868 5.0807325 1.4736791 1.3279988 1.2224677 1.2036507 2.0813314 3.5323904 1.3692597 1.4306563 2.7915938 1.1303828 1.3717680 1.9438426 1.5299419 1.8248239 1.6317822 1.6317822 1.7726470 1.7726470 1.7978221 1.7978221 1.8140630 1.6343635 1.6343635 1.6945024 1.6620712 1.8938681 1.7711585 1.7756555 1.4944451 1.4944451 1.3278266 3.7420895 
Exapal_XM_021040630.2                                  2.5329900 1.0639330 0.6257947 1.0364674 0.9783493 0.8181248 0.9462156 1.2475642 0.8729626 0.8093760 0.7019606 0.6930451 0.7521714 0.8089920 0.7477468 0.7183374 0.4195238 0.4053538 0.4298521 0.4241841 0.4618936 0.5358579 0.6824519 0.0000000 0.3193200 0.5381155 0.5970382 0.8396766 0.9341173 0.8294607 0.7619478 0.7616009 0.9005590 0.9361800 0.9029803 1.3053442 1.2803658 0.9121563 1.0438422 0.8459598 0.8520309 1.0979682 1.4125810 1.2155895 1.0220679 0.9293815 0.9591492 0.9876531 1.0400732 1.1946817 0.8967959 0.9734064 0.9962891 1.0132388 1.0132388 0.9580607 1.0127001 1.0132834 1.1232567 1.0381093 0.9875944 1.0036451 1.0756122 1.1838950 1.4610240 1.3350641 0.9719276 1.5657851 1.1615509 1.0658909 0.9912944 1.0254655 1.7428950 1.7637148 1.2003825 1.2267296 1.5901427 1.4277184 1.2701987 1.6259785 1.4855221 1.4784805 1.4298544 1.4343002 1.4326463 1.4326463 1.4635959 1.4635959 1.5836001 1.4972290 1.4972290 1.5319816 1.4649355 1.5459610 1.5028624 1.6744469 1.2051588 1.2787778 1.3626480 1.3126003 
Nvec_v1g194731                                         2.3892314 1.0175402 0.6522201 1.0056186 0.9930072 0.8262963 0.9522878 1.2483267 0.8897568 0.8473121 0.7059622 0.6411838 0.6664151 0.7484717 0.7003563 0.7262482 0.3819462 0.3633109 0.3806831 0.4335212 0.4479749 0.5447654 0.6972613 0.3193200 0.0000000 0.5391057 0.5599628 0.8136763 0.9121610 0.8607865 0.6990414 0.7400129 0.8461264 0.8553180 0.8363307 1.2437031 1.1698102 0.8477711 1.0386166 0.8299018 0.8955780 1.2371655 1.4109174 1.1448825 0.9848274 0.9386502 0.9038387 0.9352929 0.9855951 1.1869726 0.9601040 1.0882598 1.1242240 1.0837502 1.0837502 1.0886772 1.0934914 1.0941182 1.0570279 1.1348421 1.1045032 1.1082099 1.1514555 1.1976807 1.4798998 1.3737666 1.0347259 1.5420072 1.1578392 1.1899387 0.9854176 1.0490141 1.5963598 1.6542771 1.1985277 1.2145055 1.5065099 1.4861813 1.3034292 1.6053596 1.5022899 1.4261066 1.4624956 1.4365317 1.4358720 1.4358720 1.5027552 1.5027552 1.4532643 1.3982794 1.3982794 1.4465756 1.4002342 1.4134532 1.4416619 1.6160119 1.2649900 1.3450393 1.3830150 1.2339541 
Dgig_XM_028548009.1                                    2.3571059 0.9802573 0.6293658 0.9512116 0.8953771 0.7861500 1.0034810 1.2882654 0.8353472 0.8298118 0.6869865 0.7008373 0.6837577 0.7019721 0.6492763 0.6874704 0.4594426 0.4285017 0.4802814 0.4984248 0.5173224 0.6065590 0.7434505 0.5381155 0.5391057 0.0000000 0.2452623 0.8493759 0.8355222 0.7871797 0.7224080 0.6824645 0.8927900 0.8714547 0.8387380 1.2551608 1.1836251 0.8555636 1.0408613 0.8831448 0.7854042 1.0563016 1.2346117 1.0774274 0.9128965 0.9197979 0.9300748 0.9285604 1.0133359 1.2082971 1.0519769 1.0563115 1.0785693 1.0808122 1.0808122 1.0244969 1.0624196 1.0630366 1.0846743 1.0756603 1.0088920 1.0212752 1.1230512 1.0342095 1.4399630 1.2237571 0.9707982 1.7947445 1.1679435 1.0467392 0.9505511 1.0591961 1.6439181 1.7296642 1.2200273 1.2062529 1.4808672 1.4986670 1.3164398 1.5159906 1.4122273 1.5187971 1.3665117 1.3691100 1.4173824 1.4173824 1.4777198 1.4777198 1.4327033 1.4148699 1.4148699 1.3808551 1.3562294 1.4686202 1.4560584 1.6132590 1.2641403 1.3160078 1.1024399 1.5961254 
Xesp_000952-T1                                         2.4107578 1.0420238 0.6965458 0.9887860 0.8958103 0.8161282 1.0251618 1.3819378 0.8758821 0.8721392 0.7122292 0.7146807 0.6648969 0.7514566 0.6488739 0.8160781 0.4942467 0.4558032 0.4790472 0.5247773 0.5433741 0.6238059 0.7222838 0.5970382 0.5599628 0.2452623 0.0000000 0.8623951 0.8737971 0.8173018 0.7296720 0.7022774 0.9689115 0.8965977 0.8369916 1.2397620 1.2157122 0.8723147 1.0325284 0.9133797 0.8617028 1.0514097 1.4324253 1.1287021 0.9791459 1.0042706 1.0377023 0.9748243 1.0068029 1.2479731 1.0869832 1.0472662 1.0714273 1.0687427 1.0687427 1.0706347 1.0834194 1.0840571 1.0226437 1.1651438 1.0867030 1.0782371 1.1193080 1.0494921 1.5377212 1.3150065 1.0429491 2.0629200 1.1662229 1.0538426 0.9715064 1.0408366 1.6527356 1.7070418 1.3107610 1.2516728 1.4610751 1.4469826 1.3616716 1.5883306 1.4869845 1.5952649 1.5275004 1.5300077 1.5230776 1.5230776 1.5668146 1.5668146 1.5265914 1.5816198 1.5816198 1.5762033 1.5096313 1.5448912 1.4748504 1.6261419 1.4016764 1.4663853 1.1850307 1.7773861 
Morvir_scaffold390.g20.t1                              2.7711816 1.1560681 1.0305568 1.2430363 1.1884465 1.0874681 1.3586757 1.9108828 1.1951936 1.0366120 0.8591104 0.9859459 0.8164854 0.9926154 1.0038876 1.0220837 0.7437491 0.7445715 0.7236025 0.8187266 0.8011820 0.9100507 0.9148342 0.8396766 0.8136763 0.8493759 0.8623951 0.0000000 0.8582985 0.7556652 0.5381085 0.5683996 1.0691776 0.7084855 0.7011790 1.6837505 1.5748180 1.1181706 1.2851446 1.0604562 1.0912566 1.6683349 1.2875745 1.2585860 1.2128672 1.1921708 1.2410349 1.1483751 1.1893962 1.4272158 1.3332547 1.1422811 1.1671027 1.1758305 1.1758305 1.2054379 1.2157008 1.2218561 1.2925801 1.2846084 1.2845929 1.1761418 1.2912898 1.0858221 1.4771550 1.4669376 1.2531870 2.3768047 1.3482613 1.1334428 1.2741090 1.3088565 2.1617059 2.1601224 1.3989968 1.3662270 1.8445304 1.4646082 1.5644089 1.8084512 1.7230221 1.7760064 1.4718592 1.5435068 1.5225811 1.5225811 1.5225811 1.5225811 1.4835985 1.6560499 1.6560499 1.6204212 1.5239482 1.5616205 1.6425196 1.7869454 1.3454126 1.3797653 1.4663391 2.3456879 
Nemnom_g11995.t1                                       2.6231617 1.1896778 0.7742592 1.1264674 1.0480230 0.9310634 1.0917769 1.7127147 1.0963862 1.0887297 1.0284346 1.0893402 0.9292410 1.0189915 0.9073817 1.0452009 0.8519830 0.8693711 0.8681087 0.9236041 0.9258418 0.9976655 1.1078669 0.9341173 0.9121610 0.8355222 0.8737971 0.8582985 0.0000000 0.2318558 0.5883439 0.4876828 1.1427304 0.8625437 0.9290081 1.4523514 1.2542721 1.0787033 1.2242454 1.1074847 1.0137816 1.6268086 1.4208625 1.3187336 1.1787454 1.2394981 1.2506385 1.2891238 1.2415656 1.3438983 1.1666150 1.2520670 1.2363746 1.2590296 1.2590296 1.2158343 1.2446711 1.2453536 1.2275920 1.2767316 1.1826286 1.2304418 1.2220774 1.2643036 1.5468363 1.4311277 1.3284253 1.8457736 1.4807858 1.1477261 1.1631018 1.1664409 1.6932476 1.7878417 1.3635601 1.3585610 1.5486936 1.6873664 1.3972452 1.7940948 1.6840617 1.6703197 1.6461318 1.6539871 1.8370176 1.8370176 1.8256568 1.8256568 1.7650768 1.8681528 1.8681528 1.7856088 1.7226312 1.8475410 1.7840558 2.1056583 1.4851083 1.5572961 1.4328964 1.5374981 
Rhoesc_Res_016847-T1                                   2.5837020 1.1444054 0.8703170 1.1347443 1.0980527 0.9669633 1.1109929 1.5668237 1.1039559 1.1236226 0.9535965 0.9165626 0.9203007 1.0483648 0.9707474 1.0169584 0.7800455 0.7545199 0.8209850 0.8150274 0.8031514 0.8564008 0.9799956 0.8294607 0.8607865 0.7871797 0.8173018 0.7556652 0.2318558 0.0000000 0.5692194 0.3983112 1.0470270 0.8680845 0.8239735 1.4332187 1.2800650 1.1223223 1.3006847 1.1114845 1.0087888 1.3014372 1.4310774 1.4138505 1.2524937 1.2725131 1.2493793 1.2847266 1.2036770 1.4083444 1.1548472 1.2419707 1.2320549 1.2624039 1.2624039 1.2170019 1.2352889 1.2359655 1.2863303 1.2520056 1.2227478 1.1988673 1.2490724 1.3183213 1.5976428 1.4775402 1.2406858 1.8715861 1.5211911 1.1908212 1.1450794 1.2876434 1.9094217 1.7339273 1.3704742 1.3454088 1.5766088 1.7397978 1.3834060 1.8399235 1.7283898 1.6765485 1.5585450 1.5630346 1.8013219 1.8013219 1.7750469 1.7750469 1.6835210 1.8017040 1.8017040 1.7674805 1.6777230 1.8665363 1.6832409 1.9896451 1.3643618 1.4249902 1.4476148 1.6031504 
Sanmal_Sma_011879-T1                                   2.5331024 1.0210073 0.8318701 1.0549592 1.0436279 0.8863499 0.9901559 1.4594229 0.8905231 0.9310550 0.7744400 0.7259573 0.8182960 0.9145295 0.8699989 0.8547984 0.5907262 0.5862802 0.6423414 0.6580163 0.6462201 0.7050271 0.8582894 0.7619478 0.6990414 0.7224080 0.7296720 0.5381085 0.5883439 0.5692194 0.0000000 0.3101226 0.9259141 0.7103812 0.6670137 1.3484992 1.2036138 0.8949366 1.1632924 0.9650527 0.9062342 1.1786968 1.4532026 1.2588103 1.0591971 1.1144952 1.0745613 1.0958237 1.0477532 1.2385727 1.0348713 1.0488289 1.0490691 1.0954566 1.0954566 1.0904428 1.0798127 1.0804205 1.2011103 1.2411889 1.2247794 1.2537768 1.1959299 1.1779405 1.5783291 1.4349080 1.2555223 1.7238550 1.3478000 1.1707677 1.0861189 1.1758372 1.8857464 1.9360791 1.3417143 1.3298129 1.6891767 1.5905403 1.3155130 1.7026110 1.6024958 1.5555913 1.4827904 1.5046066 1.5655207 1.5655207 1.5661502 1.5661502 1.4721347 1.6945744 1.6945744 1.5979183 1.4864381 1.7006748 1.5880094 1.8687284 1.3163841 1.3839072 1.3252359 1.5741507 
Aaur_scaffold3493.g1.t1                                2.4129477 1.0674024 0.7766375 1.0874836 1.0293907 0.9573305 1.1562392 1.6172787 1.1177864 0.8588769 0.8297134 0.7380970 0.7462814 0.9775780 0.9103948 0.8899703 0.5875325 0.5638240 0.5937111 0.6166509 0.6252481 0.6950472 0.7375098 0.7616009 0.7400129 0.6824645 0.7022774 0.5683996 0.4876828 0.3983112 0.3101226 0.0000000 0.9971370 0.6871839 0.6398591 1.4165541 1.2526675 0.9419101 1.0648254 0.8862431 0.8856890 1.2061541 1.3873085 1.3078754 1.1564477 1.1351348 1.1128334 1.1322132 1.0772564 1.2708607 1.0128319 1.0747511 1.0815619 1.1205754 1.1205754 1.1020940 1.1001472 1.1008720 1.2285472 1.2121308 1.1909910 1.1680291 1.1720944 1.1632445 1.4995954 1.3747481 1.1695668 1.7150347 1.3080475 1.0287027 1.0829521 1.1445999 1.9105475 1.9089731 1.2216193 1.2515385 1.6896929 1.5581542 1.2247736 1.7553391 1.5968415 1.6992472 1.4776582 1.5032152 1.5128120 1.5128120 1.5128120 1.5128120 1.4586151 1.6412084 1.6412084 1.5968040 1.4459225 1.5770080 1.5856462 1.8068550 1.3072103 1.3632134 1.3374812 3.6120436 
Ctel_gnl_WGS_AMQN_CAPTEDRAFT_mRNA218453                2.2808898 1.1753025 0.9595551 1.1600077 1.1434955 0.9993693 1.2086312 1.3123556 0.9822776 0.7477701 0.6878457 0.6292956 0.6710407 0.6360920 0.6294829 0.6065664 0.7752566 0.7600161 0.8095804 0.8397627 0.8816745 0.9744431 1.1012298 0.9005590 0.8461264 0.8927900 0.9689115 1.0691776 1.1427304 1.0470270 0.9259141 0.9971370 0.0000000 1.1236285 1.0225303 1.3975980 1.2726606 0.8450379 1.0914711 0.8491294 0.9905266 1.2090693 1.5147342 1.3861150 1.2533570 1.1672728 1.1945073 1.2008955 1.1081416 1.3762440 1.1777079 1.3448496 1.3653081 1.3565779 1.3565779 1.3426733 1.3340090 1.3347931 1.2771542 1.3852991 1.3469647 1.2942206 1.2928040 1.2472988 1.7155786 1.4416078 1.1589882 1.8778364 1.2591734 1.2802522 1.0992217 1.2733517 1.6357160 2.0641265 1.3874266 1.3712328 1.7654684 1.6734358 1.3110258 1.7052763 1.6075814 1.5923257 1.7303790 1.7503900 1.7527135 1.7527135 1.8015427 1.8015427 1.7664829 1.7368458 1.7368458 1.6950696 1.7412439 1.9111591 1.7354135 1.9294200 1.5512209 1.6472041 1.3308335 1.3595715 
Hvul_g7942_1                                           2.6751997 1.1184013 0.8549013 1.1301117 1.0687935 0.9784848 1.1669586 1.6065701 1.1457567 1.0729911 0.8391342 0.8314676 0.9511509 0.9403700 0.9122836 0.9140769 0.7825160 0.7735282 0.8413192 0.8465994 0.8277588 0.9815157 1.1169256 0.9361800 0.8553180 0.8714547 0.8965977 0.7084855 0.8625437 0.8680845 0.7103812 0.6871839 1.1236285 0.0000000 0.4493738 1.4162467 1.3449528 1.1390981 1.3912632 1.1506300 0.9294968 0.9385501 1.2193927 1.4051989 1.2479130 1.1435851 1.1648408 1.1913399 1.1531186 1.2963236 1.2175483 1.1546992 1.1629647 1.1639327 1.1639327 1.1880913 1.2056710 1.2063522 1.3124307 1.4206699 1.3534027 1.3176183 1.4585594 1.4099399 1.6971699 1.5589319 1.3237488 2.0106798 1.4105758 1.3376656 1.2258462 1.3208785 1.9166511 1.8416841 1.3426934 1.3719131 1.6281751 1.6793994 1.5627911 1.9757259 1.8864572 1.7863911 1.4446358 1.4827137 1.6380687 1.6380687 1.6125720 1.6125720 1.5602598 1.6128406 1.6128406 1.6252824 1.5777556 1.7131931 1.6986517 1.9479002 1.3695019 1.4187657 1.2217404 1.6902637 
Chem_TCONS_00026698                                    2.8468144 1.2267897 1.1621660 1.3070579 1.2468340 1.1217271 1.2587745 1.4481140 1.3375446 1.0442430 0.8908242 1.0818085 0.9142010 0.9498238 0.8903509 0.9801218 0.7622587 0.7443430 0.7818857 0.7864241 0.8402808 0.9543691 0.9641026 0.9029803 0.8363307 0.8387380 0.8369916 0.7011790 0.9290081 0.8239735 0.6670137 0.6398591 1.0225303 0.4493738 0.0000000 1.4325153 1.3627820 1.0965364 1.3044458 1.1270737 0.9866665 1.2217446 1.3324528 1.4425260 1.2928315 1.1880415 1.2034210 1.1845366 1.1736628 1.3297409 1.2313075 1.1957064 1.1989119 1.1870162 1.1870162 1.2378969 1.2464755 1.2471675 1.3777194 1.3586732 1.3645222 1.3494255 1.5519620 1.3103768 1.7963467 1.5833721 1.2762035 1.9268668 1.3935764 1.3034056 1.2310262 1.2439837 1.8058482 2.0984488 1.4712187 1.4304139 1.7403366 1.6252110 1.4762979 1.9473793 1.7724587 1.6743115 1.5165009 1.5676057 1.7101420 1.7101420 1.6373309 1.6373309 1.4649365 1.6561909 1.6561909 1.5717528 1.5960650 1.6250538 1.6409376 1.8873860 1.3940498 1.4848157 1.2496780 2.1720916 
Aque_Aqu2.1.27621_001                                  2.5724641 1.0055042 0.7600931 0.9716645 0.9360325 0.8569876 0.9675787 1.0476429 0.8258206 1.3229908 1.3577634 1.2349502 1.2525347 1.3203300 1.3059718 1.2834874 1.1640598 1.1543135 1.1677506 1.1231901 1.1544081 1.2790698 2.0930765 1.3053442 1.2437031 1.2551608 1.2397620 1.6837505 1.4523514 1.4332187 1.3484992 1.4165541 1.3975980 1.4162467 1.4325153 0.0000000 0.3949721 1.3631885 1.6557788 1.4491192 1.2926004 1.4334849 1.5888371 1.7094127 1.4422691 1.4490101 1.3764443 1.3458774 1.4266094 1.2909589 1.6227576 1.5678127 1.5324791 1.5595200 1.5595200 1.6236960 1.6450106 1.6534693 1.5217183 1.5522862 1.4854706 1.4753991 1.4929923 1.7738793 1.9536894 1.7627510 1.6107986 1.5763733 1.6341549 1.5797263 1.4566636 1.4038986 1.9425565 2.1415167 1.6220532 1.6685072 1.8696873 2.2040697 1.7036802 2.0185144 1.9321859 2.0321520 2.0351969 2.1191172 2.1565152 2.1565152 2.2290569 2.2290569 2.0276467 2.2626337 2.2626337 2.1633837 2.0248035 2.1515578 2.1714315 2.3837585 1.8549645 1.9288673 1.0254369 2.1044074 
Halamb_c50912_g1_i2m.29369                             2.8852370 1.0629339 0.7192749 1.0346304 0.9431608 0.7209338 0.9910057 1.4049044 0.7073422 1.2414409 1.2067417 1.2722187 1.1659070 1.2161426 1.1520208 1.1961761 1.1034211 1.0911980 1.1155942 1.1171586 1.1310421 1.2424451 1.8476514 1.2803658 1.1698102 1.1836251 1.2157122 1.5748180 1.2542721 1.2800650 1.2036138 1.2526675 1.2726606 1.3449528 1.3627820 0.3949721 0.0000000 1.3151877 1.5206354 1.3775575 1.2448351 1.5404378 1.6402756 1.5688452 1.2872998 1.3393560 1.2955923 1.3346248 1.4029353 1.1979626 1.4966589 1.5926295 1.5863582 1.5929434 1.5929434 1.6449770 1.5893478 1.5976155 1.5742488 1.5058332 1.4227240 1.4884119 1.4047812 1.6849944 1.8260220 1.7424662 1.4704075 1.6134054 1.5914773 1.5567395 1.3808691 1.3855141 1.7925955 2.0746590 1.6171368 1.6146637 1.7099052 2.4371210 1.6677239 1.8992696 1.7919592 2.0009751 1.8808833 1.9847520 2.0346054 2.0346054 2.0426011 2.0426011 1.9032247 2.0720701 2.0720701 2.0731427 1.8978118 1.9800446 2.0814388 2.2604848 1.6986874 1.7590347 1.2306790 1.5820882 
