131
Salurc_EP00051_Salpingoeca_urceolata_P000499            0.0000000 2.5910685 2.0453492 1.9107701 1.9107701 2.1875064 2.1948341 2.4994320 8.9999989 2.2653352 2.2342806 2.5988977 2.4356637 2.3539027 2.4517694 2.3286768 2.4192012 0.0000010 2.9459985 0.9604960 2.4809924 1.9872554 2.4911684 2.6854612 2.6237734 2.4576940 2.3595880 2.5365161 2.5365161 2.4787823 1.2663647 1.7873319 2.6886783 2.3810839 2.2029093 2.0945233 2.0945233 3.3306739 3.0240221 2.9491444 2.9491444 2.9491444 2.8570526 2.9491444 2.9969227 2.7834096 3.0374715 2.7089335 2.6076245 4.9936425 2.6749385 3.2213235 2.3092649 2.5698141 2.9176101 6.3882266 3.6039580 2.9811805 2.9811805 2.9812985 3.0575335 2.5774893 2.4767931 2.9590260 3.6225690 2.7801006 3.4910844 2.9874013 2.9797367 3.1035922 2.6741747 6.0066051 4.0497307 6.0066051 6.0066051 6.2314678 2.3911387 2.2772907 2.3045140 3.9922422 3.0492995 2.9520589 2.4588925 2.9769632 2.9286449 6.5235142 3.0479836 3.4319310 3.4319310 2.7794708 3.0397506 3.1392180 2.8551984 3.1298316 3.2446873 3.0835943 3.0081611 1.7243311 2.9941272 3.0562482 3.0562482 3.3195806 2.5139268 1.7050952 2.2260173 2.2146099 2.3061753 2.2320788 2.0430547 2.0430547 2.7444673 2.6237168 2.9109720 3.5710141 3.4099800 8.6416188 2.4689373 2.6121378 4.0125680 3.7452260 4.0398385 3.9868084 4.3519993 5.4788283 8.9999988 4.3517204 4.3517204 4.3983233 4.6506292 1.8645722 2.9726866 
Saldol_EP00054_Salpingoeca_dolichothecata_P022773       2.5910685 0.0000000 2.4579591 4.2645867 4.2634785 3.4336710 2.1041072 3.2972283 3.5549549 3.0924924 3.4316821 3.4913868 3.7532012 3.5838180 3.6395170 3.2609125 4.2923159 2.1000531 3.5616062 2.0013048 2.9668763 3.0377201 2.9685314 3.1414861 3.0500838 3.2421777 2.9092201 3.3189209 3.3428523 3.3615465 2.0747208 2.4662230 3.2283819 2.9076730 3.0885912 3.2649109 3.2649109 3.3017708 2.2988079 2.5282581 2.0579286 2.5282581 2.3483396 2.3674295 2.5892245 2.4752403 2.9819630 2.3269987 3.5696920 4.6538125 2.5824529 4.1750977 2.8565932 3.0933257 3.0494750 3.6149392 3.3314028 2.5942549 2.5942549 3.0684804 2.5949534 2.5565855 2.6354347 2.8581095 3.1181087 2.8935086 3.2823539 3.6019884 2.9876063 3.4935893 3.0623293 3.6431675 3.2571820 3.6431675 3.5312812 3.6603999 3.5084679 2.7205463 2.7379281 3.0873768 2.7292624 3.8346430 3.3946692 3.0198109 3.0423537 3.5149821 3.1438976 3.1880457 3.1880457 3.7583930 3.3486372 3.4100952 3.6721447 2.9836266 4.1347479 4.0616294 3.6995529 3.6225713 3.6120423 2.9311428 2.5825901 2.2759130 2.7251687 2.3147970 3.1164266 3.3253810 3.2148327 3.1112722 3.1357292 3.2745359 2.4596606 3.4151457 3.4794626 3.0163927 3.8398887 4.0625849 2.7119099 3.5737334 3.4686401 3.7222271 3.2261174 4.3011066 4.3005100 3.6381626 5.4222899 2.8314354 2.8314354 3.1596036 4.5314118 4.2135637 3.8823328 
Salkve_EP00050_Salpingoeca_kvevrii_P015947              2.0453492 2.4579591 0.0000000 3.6774362 3.6776832 3.1643872 2.0351705 3.7833891 2.5146136 3.4123789 3.8446060 3.6454196 3.4638443 3.3323552 3.1401240 2.8963795 4.0372650 2.1111480 3.7954348 1.7080278 3.1860003 3.7394125 3.0010411 3.3864693 3.4498629 3.3648440 3.1923073 3.3244886 3.0109254 3.3052509 1.9409445 1.9271173 3.3905227 2.9744214 3.0577440 3.1168265 3.1168265 3.9392887 2.4014932 2.7222002 2.2017554 2.7189251 2.3498875 2.4930561 2.5664062 2.3403866 3.3778361 2.2492595 3.8380811 4.8525766 3.2747519 4.1243914 2.6849487 3.2843672 3.2703922 8.9999987 3.4634977 2.6442870 2.6442870 4.0839342 2.4035021 3.2246502 3.1723544 3.8984725 4.3323760 3.3339427 3.6893666 3.3871582 2.5192195 3.0232764 2.5444847 3.5402004 3.2414562 3.5402004 3.3981340 3.7289066 3.3736506 2.4004917 3.2170112 3.9320654 2.9965573 3.9652393 2.6906344 3.9300851 3.8214601 4.9119040 3.4262780 3.2207129 3.2207129 3.8748713 3.1448842 3.0826861 3.2433547 3.7156764 3.4691271 3.4775240 3.0165600 3.5948980 3.8372471 3.5286787 2.8444680 2.7277083 3.9522841 2.9541699 3.1585171 3.2375796 2.9213671 2.8191856 3.1157793 3.3413195 3.2699875 4.3644224 3.7050061 3.3291207 3.9330335 3.9003188 2.8479936 3.7217971 4.1716612 3.9482512 3.1835434 3.6840416 3.6613476 3.7471296 5.3159317 3.0958987 3.0958987 3.8053512 3.9983335 3.8654699 3.8327886 
Mylflu_EP00047_Mylnosiga_fluctuans_P023082              1.9107701 4.2645867 3.6774362 0.0000000 0.0000010 3.3236215 2.5283123 4.0477498 3.7637698 3.1788670 3.3853561 4.7351436 4.3832192 3.8706780 3.9817564 3.4716432 4.1904779 2.7329002 3.6750087 1.8516801 3.0666446 3.5791605 3.5908323 4.0308528 3.7424352 4.0412747 3.8635805 4.2311802 4.1016418 4.0643732 2.4326773 2.5187369 3.1510632 3.1977745 3.0120863 3.1030326 3.1030326 3.4354014 2.1271940 2.4496452 1.7772228 2.4056722 2.1420336 2.0969032 2.4018013 1.8717306 3.7807684 1.4953825 3.5036968 3.7155602 3.4997214 3.2689361 2.2469072 3.1833065 3.5195985 2.1684809 4.2336356 2.7508925 2.7508925 3.8851337 2.6869024 3.9245969 3.6809218 4.3984201 4.5577807 3.3394991 4.0584218 3.4291050 2.8491276 3.8759173 3.0002934 4.3051074 3.8239154 4.3051074 4.7710593 4.5258110 3.5744956 2.6091172 3.3587147 3.5150980 3.0777851 2.9974932 2.5042532 3.6350373 3.5991084 4.3883609 3.4595099 3.3925675 3.3925675 3.4917750 2.8900467 3.1203753 3.0081421 3.7668710 4.0762041 3.4568425 3.4821137 2.6360765 3.7030471 3.1097681 2.5018235 3.0039802 3.5473577 2.7277377 2.9705952 2.9438615 2.9355590 2.7985287 2.8772330 2.9833505 3.4157755 3.9299238 4.4944369 3.7612961 4.1601153 4.3896350 3.1720481 3.9152360 3.3452717 3.9529168 3.8112468 3.8369298 4.8472671 3.5065888 5.3111492 2.5769602 2.5769602 3.9763318 4.9298629 5.8428573 5.5160023 
Mylflu_EP00047_Mylnosiga_fluctuans_P023083              1.9107701 4.2634785 3.6776832 0.0000010 0.0000000 3.3246041 2.5283123 4.0485820 3.8481254 3.1800038 3.3861175 4.7347485 4.3834446 3.8717917 3.9826732 3.4737814 4.1910876 2.7386957 3.6913132 1.8516801 3.0945021 3.6179179 3.6237958 4.0595088 3.7690707 4.0698324 3.8809680 4.2602173 4.1350255 4.0966747 2.4326773 2.5226139 3.1540349 3.2001512 3.0135333 3.1043124 3.1043124 3.4360539 2.1480920 2.4697988 1.7772228 2.4257053 2.1633605 2.1174330 2.4217912 1.8910330 3.7807853 1.4953825 3.5042585 3.7157906 3.5002876 3.2698739 2.2526637 3.1844329 3.5201916 2.1684809 4.2325756 2.7557977 2.7557977 3.8864452 2.6869024 3.9259518 3.6826659 4.3986581 4.5576926 3.3404283 4.0579119 3.4432862 2.8513931 3.8757176 3.0020366 4.3576036 3.8599709 4.3576036 4.8340821 4.5811088 3.5748962 2.6098316 3.3748712 3.5156130 3.0794093 3.0397963 2.4663711 3.6353298 3.5994734 4.3866157 3.4602292 3.3934088 3.3934088 3.4923476 2.8490008 3.0745249 3.0239958 3.7090087 4.0770363 3.4588752 3.4850713 2.6381383 3.7032131 3.1373231 2.5279568 2.9468696 3.5478325 2.7301506 2.9731940 2.9468616 2.9382307 2.8013789 2.8799489 2.9965631 3.4178244 3.9296532 4.4929379 3.7613558 4.1928037 4.3900973 3.1734913 3.9387232 3.3673375 3.9529168 3.8414373 3.8555494 4.8413720 3.5044804 5.3020002 2.5769602 2.5769602 4.0173882 4.9730386 5.8396836 5.5985669 
Hsap_ENST00000323760                                    2.1875064 3.4336710 3.1643872 3.3236215 3.3246041 0.0000000 1.7092076 4.1588649 3.0439061 1.8434641 2.1583068 3.8191951 4.1742958 4.4863601 4.1373787 2.9551977 4.2241399 3.0214577 4.0840384 2.6158230 3.4234912 3.5078883 2.9464403 3.0224734 3.0463876 2.9686971 2.7109046 2.8745330 2.6051792 2.7137504 1.7395560 1.4966768 2.8204448 2.8065551 3.0282828 3.2535553 3.2535553 2.5284649 1.5159038 1.8012649 1.4998836 1.8012649 1.4098340 1.4415674 1.8083941 1.4999544 2.5043164 1.3631744 3.0990467 3.4701518 2.5563182 2.8661954 1.4409065 3.0430228 3.2285839 5.4162116 2.4195440 2.1117948 2.1117948 3.2211497 1.9558123 2.9045850 2.7057233 3.3776949 3.0425137 3.0153659 2.5505631 2.5966514 2.3552943 2.4662807 2.3378234 2.9419561 2.7046531 2.9419561 2.9221327 2.9675914 3.0742983 2.4687322 2.5672300 2.6218780 2.7412777 2.9292948 2.8007667 3.3198134 3.1812284 4.6302705 2.9609129 3.1459566 3.1459566 3.6936745 2.5343633 2.7154202 3.3383490 2.7505844 3.9697999 3.8339352 3.1756592 2.8327419 2.8500649 3.1402141 2.6137182 3.7050641 3.3130187 4.0848106 3.2492894 2.9637555 3.3123346 3.2793031 3.3031304 3.4322424 2.8814245 2.5527898 2.9749356 3.0381871 4.8206649 4.7348092 2.5951681 4.4790186 4.9743521 4.3019907 3.3110834 4.3650376 4.7406726 3.6302675 5.3145069 3.0358540 3.0358540 3.8171696 4.6525289 5.6635093 4.2870765 
Mylflu_EP00047_Mylnosiga_fluctuans_P003299              2.1948341 2.1041072 2.0351705 2.5283123 2.5283123 1.7092076 0.0000000 3.3793151 3.4530446 2.5432435 3.3801580 2.8959009 3.1550077 3.0820248 3.2033962 2.3087848 2.9885288 0.0000010 3.5894219 2.5690504 2.8695129 2.0899934 3.5322363 2.7878566 2.9830590 2.9048738 2.4316014 3.1222568 3.1222568 3.1222568 2.4830906 3.0253228 3.0166242 3.0857825 3.0148980 2.9024675 2.9024675 2.9500984 2.3080735 2.3080735 2.3080735 2.3080735 2.4065035 2.3080735 2.3760295 2.4912627 2.4089845 1.6193386 2.6781241 3.3576126 3.5195299 3.2243475 2.6536875 2.7444749 4.2780586 5.5948169 3.1051717 2.1946681 2.1946681 2.4775714 2.4775714 2.5205584 2.3536836 2.1655150 2.3513339 2.6751009 2.6559538 3.2961251 2.6938376 2.9988099 2.5996414 7.6025699 2.5062286 7.6025699 7.6025699 8.9999986 3.1741623 2.5072696 2.7400133 3.1433999 2.5008258 2.3096331 2.0039188 2.5307659 2.6704321 0.7985984 2.6286141 2.7832814 2.7832814 3.1049032 3.4147993 3.5062626 2.5088850 2.6663597 4.1353243 4.0037941 3.5296480 2.3612130 3.0493902 3.0208321 3.0208321 3.1468411 2.0573158 2.5109522 3.1201869 2.8757270 2.6917764 2.7675930 2.9204865 2.9204865 2.7133539 2.9717876 2.4969928 2.7704551 4.0767038 6.8802393 3.2597110 4.1461191 4.4493394 4.4653616 3.8664162 5.4068047 3.4120007 5.2281773 8.9999987 5.6452428 5.6452428 5.0787407 6.4231577 0.0000010 0.0000010 
Mylflu_EP00047_Mylnosiga_fluctuans_P006041              2.4994320 3.2972283 3.7833891 4.0477498 4.0485820 4.1588649 3.3793151 0.0000000 2.8790229 3.8196892 3.7505943 4.4131150 4.1265469 4.2813806 4.6881141 3.8944193 4.7281399 3.6492858 4.2213186 2.7938041 3.5448324 4.6464626 3.6910917 4.3774814 4.4403058 4.5534145 4.1078381 4.3272215 4.2002703 4.1762650 2.6756357 2.9800468 3.1909393 3.1823473 4.0306775 4.0973254 4.0973254 4.3010932 2.8403223 3.2200625 2.6847090 3.2200625 2.8274741 2.8277370 3.0576114 2.5103863 4.0894240 2.2662319 4.1220906 4.7966494 3.9899255 3.6864209 2.9749514 4.1437280 4.5055946 1.9966955 4.5423440 3.0491673 3.0491673 4.3356892 2.7423945 4.0244064 4.1585705 4.0108745 4.7679643 3.9778188 4.6060298 4.9461642 3.6943171 4.1519125 4.0510430 5.0661274 4.6067363 5.0661274 4.8026011 4.9962136 4.2673828 2.5849766 3.8880247 3.8102742 3.7648416 3.5716335 4.0525977 4.3294613 4.2792943 5.6122583 4.5889434 4.1390470 4.1390470 4.1891936 3.6662971 3.9072089 3.9581380 4.0166067 5.3416923 4.3156668 3.4607151 3.7947425 4.1240724 2.8950185 2.7157575 2.9139618 4.3293851 3.3627719 3.9311320 3.7402673 3.7463038 3.6213715 4.0966380 4.2954780 4.4731286 4.4576773 5.0568402 3.9152434 4.4974957 4.8611229 3.4107658 3.6136501 4.0534259 4.5460225 3.8242511 3.9483683 3.6426499 3.9970729 5.5254024 2.5960391 2.5960391 3.5823194 4.7028675 4.4360634 3.9440787 
Salurc_EP00051_Salpingoeca_urceolata_P000501            8.9999989 3.5549549 2.5146136 3.7637698 3.8481254 3.0439061 3.4530446 2.8790229 0.0000000 2.1030956 2.1090709 2.8817661 2.6578767 2.7998471 2.9547168 2.4295156 2.5879346 2.5426298 3.8023990 3.4333960 2.1744489 3.1345798 3.0990274 2.8635006 2.4582534 2.7111362 2.8051623 2.5836730 2.7144158 2.7727591 3.5936306 2.7021572 3.1756775 2.4844124 2.5790333 2.6670224 2.6670224 2.3984972 2.4929091 2.5107707 2.3003785 2.5107707 2.4595893 2.5651585 2.4749801 2.4211728 2.3714222 5.2695622 2.9980310 3.1246312 2.5004830 2.4626106 3.0181278 2.2750920 2.2321400 2.6468393 3.4902322 2.6938507 2.6938507 3.5243380 2.2268684 2.8544046 2.7648174 3.9228600 3.0703702 2.9457348 2.5737910 2.3474783 2.5585342 2.6654562 2.1630796 1.9155563 1.9933078 1.9155563 2.0104710 2.1203173 2.8600766 3.2243097 3.0657790 3.0274723 2.4606788 3.2063589 2.7110999 3.0539936 3.2902150 3.1422091 2.7435347 2.7839894 2.7839894 3.2704483 2.8750503 3.0955842 2.7268710 2.5073477 3.1797363 3.2143325 3.3984758 2.7790423 2.9775559 2.6899415 2.3501527 3.0647523 3.7019869 2.7973132 2.8384903 3.1433468 2.7264471 2.5964935 2.9323231 2.9218053 2.6881646 2.5948575 2.7171901 3.0263397 2.3006890 2.7015875 2.7939176 3.3695164 3.6931497 3.3931007 3.6383803 3.8726457 3.4484708 2.8122539 1.7407253 1.6219552 1.6219552 2.8186453 3.3868344 2.2601630 2.3692244 
Hsap_ENST00000245960                                    2.2653352 3.0924924 3.4123789 3.1788670 3.1800038 1.8434641 2.5432435 3.8196892 2.1030956 0.0000000 1.2306997 3.2550709 3.7350715 3.6910672 4.2555820 2.8844716 3.9538648 1.9943534 3.9804714 2.6205671 3.0110329 3.6765055 2.4689081 2.7206769 2.5625140 2.7095309 2.5514889 2.8365588 2.7743872 2.8705741 1.9137805 1.4606984 1.9296799 2.2361908 2.5249441 2.6687893 2.6687893 2.1466628 1.4277290 1.6350338 1.3716256 1.6292106 1.3996537 1.4095158 1.6447295 1.5056327 1.9833333 1.4270420 2.9792263 3.2906650 2.5138681 2.6610689 1.4598975 2.4877199 2.6556740 1.6379898 2.4350111 1.8438405 1.8438405 3.4899897 1.9826786 2.7579463 2.8985222 3.1734848 3.7029996 2.4920290 2.4283583 2.6808763 1.9891160 2.5700917 2.3421115 2.4842256 2.4099084 2.4842256 2.2072395 2.5178598 2.8598517 2.2306647 2.2300295 2.3253363 2.5663624 2.7515501 2.5477968 2.6909809 2.6863124 3.5443223 2.8662407 3.0069662 3.0069662 3.2550093 2.1854315 2.3938037 2.4517424 2.5210702 3.9339837 3.0248397 2.6395235 2.5991446 2.1373117 3.5930068 2.7427347 3.1587505 3.8738089 3.1258477 2.7534549 2.6269013 2.8314153 2.7763151 2.9713386 3.1070682 2.7045211 2.0720014 3.5268292 3.5366187 4.5245326 3.2328186 2.2215135 5.3243481 3.8279920 4.7480820 3.9976262 4.6392727 4.1221818 3.1656672 5.0896316 3.0951039 3.0951039 3.5069652 5.2818580 5.3945530 5.6348853 
Hsap_ENST00000302506                                    2.2342806 3.4316821 3.8446060 3.3853561 3.3861175 2.1583068 3.3801580 3.7505943 2.1090709 1.2306997 0.0000000 3.3397971 3.6655640 3.4747987 3.6578053 2.8488260 3.5657648 2.4414828 4.6724613 2.0747198 3.1658796 3.9274140 2.1271149 2.4490968 2.5246318 2.6087188 2.3178737 2.6803043 2.4500766 2.5434611 1.7745176 1.3894074 2.2046992 2.0959426 2.4653644 2.6835130 2.6835130 2.3940802 1.3844993 1.5986858 1.2694131 1.5814149 1.3382840 1.3669061 1.6193791 1.4333713 2.0069052 1.3079488 3.1234550 3.0341407 2.3442086 2.6222860 1.6179559 2.7077880 2.8942311 2.0170509 2.2612850 2.1461193 2.1461193 3.7874453 2.2248160 2.9335438 3.0339561 3.0487745 3.8149745 2.7903283 2.4018734 2.6022445 1.9327422 2.2741294 2.0277848 2.4796039 2.4898731 2.4796039 2.1440102 2.4441250 2.7405477 2.6447482 1.9829688 2.7427244 2.2973863 2.5930818 2.9853718 2.7856925 2.8057184 3.7115312 3.2373961 3.2509250 3.2509250 3.3563630 2.3057775 2.4672624 2.1928695 2.7081735 3.6995460 3.1801529 2.6836862 2.5647166 2.1324342 3.7136139 2.8586432 3.0803588 4.4935638 2.9316218 2.8218000 2.6487892 2.7796592 2.6268924 2.8940640 3.0177333 2.4769286 2.4074038 3.3232537 3.3630259 4.3159035 3.2806664 1.9201874 4.5811562 4.6312121 3.9288367 3.7130887 4.3327224 3.9593348 3.1205465 4.6068372 3.4828283 3.4828283 4.0712536 4.5196142 5.0695874 4.0690258 
Leuniv_Lniv_C815514_01                                  2.5988977 3.4913868 3.6454196 4.7351436 4.7347485 3.8191951 2.8959009 4.4131150 2.8817661 3.2550709 3.3397971 0.0000000 1.0910060 1.1907393 1.5692067 2.0277545 3.1456009 3.2945959 4.4174822 2.7963224 4.3122991 4.1511310 2.9314539 3.8168263 3.3656354 3.4802676 3.2803465 3.3853284 3.2339816 3.2049051 2.3761314 2.0254411 2.6919952 3.0485040 3.2101227 3.3663388 3.3663388 3.5860847 2.7041619 2.8079854 2.4104673 2.7958371 2.6839347 2.7654751 2.7892013 2.5117504 3.4013293 2.3651319 3.7169436 4.3011212 3.0644740 3.9506147 2.8741940 3.2034481 3.4111534 3.0950426 3.6851657 2.7380960 2.7380960 4.6357762 2.7242510 4.0504341 3.7245104 4.3219337 4.9610932 3.3747156 4.1853712 4.1912872 3.3644132 3.7387702 3.3192530 3.7273192 3.1677752 3.7273192 3.5757729 4.0529816 3.2224449 3.1361601 3.4049592 3.4454241 3.6384863 3.8654269 3.5807176 3.2924592 3.3707848 4.1298295 3.5884392 3.3778463 3.3778463 4.0646433 3.8790535 3.9488420 3.6672351 3.8203043 3.5772278 3.5403178 3.2476812 3.1569125 3.4468848 4.2967033 3.5909772 3.7285407 3.9057054 3.7620768 3.2588551 3.0195451 3.2817267 3.1324391 3.1953892 3.3945874 3.9487234 3.8302863 4.3536308 3.7523021 4.5631361 4.4350318 2.9063883 4.7038819 4.8420644 4.8801269 4.8755583 5.2116300 4.8294906 4.2858921 4.8430827 3.4232154 3.4232154 4.7850789 4.9183291 4.7179303 5.9310417 
Scil_scict017598.1                                      2.4356637 3.7532012 3.4638443 4.3832192 4.3834446 4.1742958 3.1550077 4.1265469 2.6578767 3.7350715 3.6655640 1.0910060 0.0000000 1.0300086 1.4650398 2.2019813 3.4311610 3.5968249 4.6847001 2.5809326 4.7569892 3.8562066 3.0842124 3.7923175 3.4806189 3.5748075 3.3502308 3.4304384 3.1586569 3.1874927 2.1488562 1.8974906 2.7810353 3.4881509 3.5320026 3.7643623 3.7643623 3.7604170 2.4602466 2.6019026 2.5549294 2.5535537 2.4298881 2.4096998 2.6507952 2.4121476 3.5070021 2.4049066 3.9688427 4.6719022 3.3968272 4.4378014 2.7460307 3.5681875 3.8924419 3.0444229 3.3319475 2.8683875 2.8683875 4.6961109 2.7793489 4.0037926 4.1347048 5.1072547 5.3872347 3.8747593 4.1888703 4.4154105 3.6615036 3.4254794 3.2914195 4.2131868 3.4782195 4.2131868 3.9746051 4.5720851 3.8577316 2.9944436 3.0823237 3.4289193 3.0779819 3.9273020 4.1838160 3.8745889 3.9981247 5.2533116 3.6201520 3.1994502 3.1994502 3.9833414 4.3563527 4.3349448 3.5722797 4.0756318 3.8688638 3.8869955 2.8484277 3.7102344 3.2396742 3.8191068 3.0657960 3.3814807 4.6392419 3.6804325 3.4231319 3.1492005 3.4959466 3.4156463 3.4079581 3.6457942 3.4555648 4.5004361 4.4893552 4.1931086 4.4723926 4.4693860 3.1536549 5.8031746 4.7919987 5.0858152 4.8799710 4.9128583 4.7417334 3.9985835 4.9354662 3.1877295 3.1877295 4.8554137 4.4733313 5.2781161 6.8354623 
Gracom_Gcom_scaffold15850_01                            2.3539027 3.5838180 3.3323552 3.8706780 3.8717917 4.4863601 3.0820248 4.2813806 2.7998471 3.6910672 3.4747987 1.1907393 1.0300086 0.0000000 1.6040299 2.0648372 2.8363423 3.5020711 4.1074099 2.4258303 3.8998872 4.3880301 2.6288932 3.3027664 3.0985862 3.1782480 3.0723903 3.0617807 2.8171375 2.9467509 1.7251460 1.5494268 2.6092448 3.1517807 3.3207050 3.2692559 3.2692559 3.3424809 2.4986275 2.5177417 2.3025321 2.5070354 2.3859505 2.4022471 2.4661174 2.0967252 3.5258938 2.3563611 3.3450894 3.5587308 3.1712507 3.8640608 2.2414896 3.2960617 3.5041864 3.2258849 3.0673604 2.7221348 2.7221348 4.1138084 2.6009241 3.6389887 3.5584202 4.3984745 4.3837390 3.7038434 3.8041967 3.7194531 3.0103588 3.4494847 3.2859541 3.6500084 3.0942251 3.6500084 3.4679681 3.9651870 3.1174818 2.6248145 2.9877518 3.4366084 2.9653582 3.3201360 3.2475989 3.7477878 3.7497921 4.7911860 3.3481095 3.0201299 3.0201299 3.6973329 3.4367237 3.5407368 3.3057107 3.4596925 3.3159969 3.5361050 3.1160084 3.2249778 3.1867226 3.1729824 2.7769240 3.6644049 4.4829742 3.4500494 3.1177347 2.8913592 3.0050042 2.9048169 2.8504866 3.0470456 3.7981693 4.1928423 4.0749870 3.5238652 4.1398872 4.3473773 2.8177193 5.0054605 3.9572952 4.8134746 4.3725482 5.3197247 4.5370510 4.2721005 5.0729497 3.0078139 3.0078139 4.3695739 4.5016087 4.7496861 4.9615387 
Lcom_lcpid30780                                         2.4517694 3.6395170 3.1401240 3.9817564 3.9826732 4.1373787 3.2033962 4.6881141 2.9547168 4.2555820 3.6578053 1.5692067 1.4650398 1.6040299 0.0000000 2.1544089 3.1841903 3.3792807 4.2795843 2.4849689 3.9224408 4.9275736 3.4088748 4.2047197 4.0858047 4.2842577 4.0764621 4.0616397 3.5575383 3.6839322 1.7006618 1.6150355 3.2388223 3.2866830 3.6584492 3.3312596 3.3312596 3.9128249 2.5956962 2.7961587 2.5375905 2.7841796 2.5074240 2.5990582 2.8498953 2.4864626 3.6069658 2.2851228 4.1204818 4.0168814 3.9462306 4.0347701 2.6797917 3.5857313 3.9970725 4.0461478 3.4184562 2.3035288 2.3035288 3.5930078 2.3012306 3.7957253 3.9503574 4.4532689 4.7863120 4.0135269 4.6167367 4.1759287 3.4684815 4.0101582 3.7479443 4.0352957 3.3053314 4.0352957 3.8135041 4.3207870 4.0901634 2.8088130 3.2783586 3.9056727 3.5963629 3.5501347 3.6320734 3.6411790 3.8236593 5.1302556 3.8336962 3.5693771 3.5693771 4.1966160 3.7273780 3.8328298 3.7113906 3.8245131 3.7644535 3.6854194 3.1152722 3.5333672 3.5651852 4.1050891 3.1899448 3.5216823 4.5285244 3.5281538 3.3829213 3.1667118 3.2543644 3.1382667 3.2649930 3.4515678 3.8567016 4.0782648 4.2881867 3.9658279 4.4156554 4.3112888 2.9924207 5.1972350 4.6297097 4.7299524 4.4643800 5.1813577 5.1172521 4.4811085 5.5461061 3.2598332 3.2598332 4.3930432 4.5826497 5.7259722 6.3724954 
Lcom_lcpid72817                                         2.3286768 3.2609125 2.8963795 3.4716432 3.4737814 2.9551977 2.3087848 3.8944193 2.4295156 2.8844716 2.8488260 2.0277545 2.2019813 2.0648372 2.1544089 0.0000000 1.3377814 3.0098909 3.5815230 2.7682742 3.4768539 2.9268608 2.6905592 2.8535003 2.6061894 2.6720298 2.5043382 2.5665174 2.5843915 2.6858268 2.5539985 2.1016476 2.4790935 2.8025043 2.7369476 2.6836982 2.6836982 2.9002167 2.0599604 2.2004088 1.9330936 2.1857376 2.0742920 2.0637602 2.2997639 2.3721697 3.0220465 2.1067108 3.0974977 3.6430158 2.8486822 3.1614745 2.0642903 2.9282489 3.4151680 3.4329000 3.1211600 2.6506186 2.6506186 3.1857099 2.5972679 3.0622491 2.9913157 3.1784610 3.4871630 3.1765562 3.1954410 2.9034303 3.0417930 3.5781931 2.5976382 2.9702899 2.8216902 2.9702899 3.1313913 3.2282747 2.9048903 3.0551462 2.9226815 3.0343872 3.2682359 3.0794020 2.8408338 2.4420916 2.6187865 3.2643568 2.5821338 2.4705048 2.4705048 2.4922836 3.6490943 3.6185369 3.0692199 3.9708997 2.9597632 2.9463582 2.6718687 2.8857175 3.1932954 3.7032771 3.4494401 3.4183226 3.5768249 3.4351576 2.8009196 2.8799680 2.7696453 2.7077336 2.6132873 2.8546470 3.0001665 3.9769162 2.7872592 3.4718353 3.4728285 3.8532824 3.1407792 3.8585756 4.3915295 4.1818783 4.3510369 3.7218595 3.7371006 4.2786519 4.7265264 4.6167008 4.6167008 3.8712973 3.4351283 3.7977112 4.6089018 
Scil_scict011831.1                                      2.4192012 4.2923159 4.0372650 4.1904779 4.1910876 4.2241399 2.9885288 4.7281399 2.5879346 3.9538648 3.5657648 3.1456009 3.4311610 2.8363423 3.1841903 1.3377814 0.0000000 2.7474906 4.7327885 3.3617723 4.9534352 3.7341605 3.1127857 3.6220253 3.6623407 3.6285937 3.7025861 3.4526511 2.8916229 2.9802090 2.9402376 2.2188270 2.6985775 3.7865735 3.3707964 3.3453893 3.3453893 3.5816130 2.3477458 2.7065603 2.3603938 2.7065603 2.4214503 2.3831405 2.8272621 2.5532779 3.9992207 2.5281882 3.9084936 3.7267169 3.7256463 3.9123571 2.2504769 3.4493353 3.7962296 8.9999989 3.4359489 2.7821284 2.7821284 4.0006993 2.4558892 3.8651896 3.4582410 4.0225499 5.0746543 3.6261853 4.1823757 3.9531862 3.5645339 4.1310362 3.8549914 3.9135349 3.5200857 3.9135349 4.0884840 3.9643067 4.0222350 2.8503162 3.1862747 4.0914963 3.7232127 3.4692567 3.2723072 3.3028315 3.3796078 4.7208508 3.1920431 2.8938770 2.8938770 3.4568655 3.4875701 3.5468538 3.1646748 3.3197267 3.6619028 4.0795849 2.9269346 2.7644111 3.9574540 3.8026239 3.1806697 3.6605499 4.4001041 4.2406076 3.5868586 3.5305601 3.5935100 3.4448166 3.4205567 3.7098014 4.1677583 4.0084533 3.6739631 4.5357384 4.8106450 3.4824548 3.0144138 4.5796494 4.0636262 4.8887232 4.3333711 4.8097742 4.9855349 4.2937151 6.4382932 3.7059213 3.7059213 4.9377613 4.3608746 5.6860589 4.8839057 
Salpun_EP00053_Salpingoeca_punica_P025408               0.0000010 2.1000531 2.1111480 2.7329002 2.7386957 3.0214577 0.0000010 3.6492858 2.5426298 1.9943534 2.4414828 3.2945959 3.5968249 3.5020711 3.3792807 3.0098909 2.7474906 0.0000000 3.3550073 0.0000010 2.0044354 2.7845376 3.2032280 3.4118238 2.6364675 3.2324667 2.4487205 3.1555499 2.9958972 3.0084286 3.1903684 2.9587956 2.9979461 2.9599266 2.6269672 2.5027627 2.5027627 2.0246385 1.7124432 2.9287502 0.8846704 2.8119217 1.7597813 1.6219935 2.5735112 1.8903485 3.3987771 0.0000010 4.1840298 4.2241568 2.2156806 2.6585444 1.9467946 2.7290402 2.7101986 0.0000010 2.6793422 2.5084216 2.5084216 3.2698125 0.8052302 3.2569147 3.0053630 3.8515267 3.0918242 2.4467787 2.3779560 2.8828004 3.1182708 3.0729651 2.9776456 2.7612048 2.7612048 2.7612048 2.7612048 2.8364691 3.2362103 1.9614212 3.0597609 2.7114691 2.9832479 2.6577439 4.1008587 3.1041597 2.9190226 3.0018137 3.1545960 3.1781606 3.1781606 3.1784274 2.0184743 2.0184320 2.1274295 2.3009982 3.2587160 3.6327582 3.7295918 3.3911681 2.8471245 2.6090123 2.2808611 1.8585199 1.7423507 2.4005401 2.8210515 2.6030310 2.4125636 2.2831589 2.7898650 3.2041059 3.2236233 3.4698894 3.7488868 2.1496231 2.9434446 2.4043092 2.5699824 2.9566824 2.5318401 3.3214633 3.6209016 3.3210108 2.7859971 3.7386049 2.6349227 0.0000010 0.0000010 2.7634587 2.8440478 3.4121026 2.9666356 
Microa_EP00043_Microstomoeca_roanoka_P012441            2.9459985 3.5616062 3.7954348 3.6750087 3.6913132 4.0840384 3.5894219 4.2213186 3.8023990 3.9804714 4.6724613 4.4174822 4.6847001 4.1074099 4.2795843 3.5815230 4.7327885 3.3550073 0.0000000 1.9017376 3.6403793 4.2466977 3.9660715 4.2115705 4.1102369 4.1415712 3.9737379 4.2186100 3.6932933 3.8250927 2.1711425 2.5559701 3.7752901 3.4397782 4.0054427 3.9442078 3.9442078 3.5740834 2.1150181 2.4435280 1.8811885 2.4435280 2.1240481 2.0908136 2.4125254 2.0792250 3.1809907 2.2959771 3.5927323 4.4246214 3.7545899 3.4530369 2.4056450 3.9551477 3.9854106 8.9999983 3.6315991 2.8294544 2.8294544 4.3571801 2.5599618 3.8290066 3.8717212 4.8258198 4.6631447 3.5499645 3.9653538 4.4545125 2.9263508 3.6941826 3.2396945 4.1159079 3.7429420 4.1159079 4.2007527 4.3077122 3.7772785 2.9061051 3.8798952 3.5565181 3.3756016 3.3367880 2.8583600 3.4799847 3.5374002 4.5437831 3.4094675 3.3117073 3.3117073 3.4350064 3.1966434 3.3129975 3.9635940 4.1057681 4.1129989 4.0932398 2.6793430 3.3765407 3.7074880 3.6736666 3.0928208 3.1369184 3.7705579 3.5155489 3.4372477 3.4899678 3.6665943 3.4856403 3.7028386 3.8290761 3.6302614 4.1017630 4.7256743 3.8425243 3.6512824 4.6087651 3.5878026 2.7801973 4.5317705 4.7951136 3.6244411 4.3484804 3.8585477 3.6434589 5.6444232 3.0103536 3.0103536 3.8801575 5.4896337 4.8669013 4.0530591 
Salpun_EP00053_Salpingoeca_punica_P025714               0.9604960 2.0013048 1.7080278 1.8516801 1.8516801 2.6158230 2.5690504 2.7938041 3.4333960 2.6205671 2.0747198 2.7963224 2.5809326 2.4258303 2.4849689 2.7682742 3.3617723 0.0000010 1.9017376 0.0000000 0.7624119 2.3311920 1.7728657 1.8401611 2.1334337 2.0782802 2.0426806 2.0203621 2.0203621 2.0584567 1.7932887 1.7932887 2.3814185 1.8154759 1.9442119 2.0537217 2.0537217 2.9732988 2.8558431 2.8072087 2.8072087 2.8072087 2.8307127 2.8108288 3.1031960 2.3869536 2.8074122 2.0917356 2.0458380 3.5504190 2.5498931 2.1631943 3.3909333 2.2017782 2.2017782 0.0000010 2.3854364 3.2440766 3.2440766 3.0880367 3.0880367 2.2221786 2.4730891 3.3485855 2.2644656 2.5098409 2.8955891 2.9406094 2.8517206 2.9371424 2.6795645 5.1826060 5.2027550 5.1826060 5.1826060 5.1826060 2.0787314 1.7832255 2.7444384 2.4049893 2.8442139 2.5393896 3.0574333 2.6464343 2.6251263 8.7832124 2.8170724 2.7120375 2.7120375 3.0627970 3.2412942 3.2412942 3.9057051 2.7395141 2.9541363 3.0043706 3.1616245 2.2101910 2.7986374 2.4872354 2.4872354 2.4336940 2.2384458 1.5482930 1.8811182 1.9529548 2.0859055 2.0859055 1.8104098 1.8104098 2.7961837 2.8932037 2.5372208 2.9676382 3.1575432 6.5663439 2.7337164 1.8011561 3.7489615 4.3071622 4.4721059 4.4925918 5.9362961 3.5858622 6.8216399 2.9106092 2.9106092 3.7699458 5.0766326 4.4872169 4.0404135 
Salmac_EP00052_Salpingoeca_macrocollata_P017180         2.4809924 2.9668763 3.1860003 3.0666446 3.0945021 3.4234912 2.8695129 3.5448324 2.1744489 3.0110329 3.1658796 4.3122991 4.7569892 3.8998872 3.9224408 3.4768539 4.9534352 2.0044354 3.6403793 0.7624119 0.0000000 3.3137005 3.3408813 3.3075118 3.4280585 3.7455745 3.3741377 3.5954419 3.3577267 3.4858897 1.9924412 2.1974592 3.2877421 3.1850548 2.9801605 3.0236565 3.0236565 3.5096834 2.5014905 2.8947582 2.4088433 2.8947582 2.5850235 2.5264616 2.7233645 2.3229620 3.1365080 1.6112241 3.6719231 4.3940253 3.2747682 3.5251070 3.0248556 3.0066821 3.1824526 7.9524248 3.7178891 2.6689623 2.6689623 3.8381287 2.9998412 3.5570363 3.8809868 3.4812009 3.8699570 3.4545847 3.8139746 3.8465804 3.2393310 3.3259957 3.3227824 4.1420722 3.8566320 4.1420722 4.1254968 4.1554480 3.5632341 2.5533004 3.5808674 3.8377171 3.6859106 3.4561825 2.7420419 3.5529802 3.5240237 4.4237594 3.9439664 3.6418589 3.6418589 4.2206974 3.5012017 3.6053758 3.9775822 4.0905062 4.3595271 4.2587192 4.0140469 2.7406609 4.0091447 3.4720552 2.8287166 2.6780949 3.4862037 2.5858119 3.8060167 3.3821900 3.8072368 3.6885555 3.4410716 3.4943358 3.1012187 3.3739742 3.9362684 3.0826107 3.8396282 3.8343632 3.2078583 3.5792141 3.4792656 4.9056580 3.7398474 4.1128414 4.2281211 3.4614035 5.6075910 3.4490455 3.4490455 3.7155768 4.7172969 4.3874956 4.1951491 
Salurc_EP00051_Salpingoeca_urceolata_P001975            1.9872554 3.0377201 3.7394125 3.5791605 3.6179179 3.5078883 2.0899934 4.6464626 3.1345798 3.6765055 3.9274140 4.1511310 3.8562066 4.3880301 4.9275736 2.9268608 3.7341605 2.7845376 4.2466977 2.3311920 3.3137005 0.0000000 2.9829552 3.5960492 3.5157122 3.7171294 3.3882676 3.5534876 3.2531066 3.4677761 1.9820662 1.9008696 2.8162734 3.4023308 2.9177546 3.0492035 3.0492035 3.6151792 1.9109096 2.3207745 1.8089391 2.3130293 1.9777570 2.0318367 2.3174922 2.2674747 3.2077784 1.7861252 4.5110547 5.6335993 3.8086183 4.4242294 2.5039419 3.5503755 3.7852947 1.5075990 4.0973781 2.1546719 2.1546719 3.6474894 2.0347121 3.4213977 3.4588106 3.8428790 4.5710955 4.0509488 4.0279632 3.3571920 3.4635674 3.3581148 3.1218679 3.2832339 2.9675173 3.2832339 3.1328334 3.4633367 4.1427257 2.8261919 2.4267440 3.7157055 3.5489603 3.6298652 2.7935370 3.2089275 3.1561206 4.0878243 3.0993893 3.2553765 3.2553765 3.7663876 3.4665297 3.5817696 3.1662891 3.6635406 4.2332100 3.8913430 3.4828115 3.6556212 4.4669149 3.5450689 2.8636551 2.6866819 4.1212725 3.1718878 3.9986422 3.8625807 3.8489494 3.7563739 3.9097256 3.9680916 3.3530776 3.8001214 3.6611471 3.9342861 4.8894521 4.5425755 3.3242478 4.4036698 4.0690138 4.4775224 4.1211042 4.1798764 4.3384841 3.6866770 4.9990466 3.2402070 3.2402070 3.9909495 4.5229589 4.8346600 5.5948091 
Spis_XP_022806634_1                                     2.4911684 2.9685314 3.0010411 3.5908323 3.6237958 2.9464403 3.5322363 3.6910917 3.0990274 2.4689081 2.1271149 2.9314539 3.0842124 2.6288932 3.4088748 2.6905592 3.1127857 3.2032280 3.9660715 1.7728657 3.3408813 2.9829552 0.0000000 0.1831178 0.2364484 0.2160647 0.3449035 0.4753140 0.4682638 0.4869813 1.1670732 0.8664709 1.0162704 2.0613905 1.7616510 1.8231594 1.8231594 2.1482192 1.7250644 2.1761008 1.6974348 2.1467492 1.6088670 1.7007203 2.1076915 1.6064211 2.4680928 1.4814763 2.8870107 3.5904746 1.5439512 2.6154732 1.8640704 1.9952636 2.3594105 8.9999987 2.5089820 2.5952572 2.5952572 3.5751740 2.1894167 2.9511729 3.0485741 3.2643822 3.6378807 2.3570186 2.6014986 2.3313798 2.4599107 2.6186382 2.5306185 3.3463864 2.9114384 3.3463864 3.3799493 3.1842510 2.0396464 2.6630018 2.6404838 2.5080120 2.3345948 2.4270954 2.9303748 2.6381593 2.5559616 3.4949664 2.9466289 2.7500668 2.7500668 2.7304656 3.3531830 3.6345152 2.8025248 3.2597435 3.5765235 3.2092310 2.8716948 2.5503987 2.4309563 3.0800893 2.7563187 3.5383970 3.6332285 2.9704153 2.6741902 2.5076457 2.4866631 2.4096135 2.3548754 2.5202637 2.1671169 2.8096772 2.9408106 2.8967268 3.4278721 3.8640476 2.1515927 4.5863803 3.6714602 4.5206477 4.3321199 4.2108968 4.8294770 3.6635676 4.4140580 3.6515487 3.6515487 4.0942197 4.3351814 5.4243894 3.7578776 
Pocdam_XM_027183955.1                                   2.6854612 3.1414861 3.3864693 4.0308528 4.0595088 3.0224734 2.7878566 4.3774814 2.8635006 2.7206769 2.4490968 3.8168263 3.7923175 3.3027664 4.2047197 2.8535003 3.6220253 3.4118238 4.2115705 1.8401611 3.3075118 3.5960492 0.1831178 0.0000000 0.2369293 0.2278620 0.3501824 0.5099180 0.5334841 0.5497602 1.1439421 0.7889358 0.9329951 2.2610703 2.0048148 2.0140158 2.0140158 2.2552389 1.4412502 1.8575035 1.4736622 1.8321660 1.3099678 1.3959120 1.8746365 1.3597788 2.6510462 1.2063060 3.0483005 3.6259793 1.7017230 2.5978477 1.7835420 2.0547762 2.3672741 7.6009734 2.5483941 2.2961214 2.2961214 3.4823125 1.9567988 3.0819771 2.9699477 3.5072832 4.1461680 2.4472090 2.6910150 2.5458851 2.3950187 2.5595567 2.3865117 3.2723459 2.8669187 3.2723459 3.1779174 3.2577135 2.3045778 2.5599309 2.8522734 2.6015707 2.3862433 2.6063081 3.0164957 3.1669016 3.0955832 4.0466611 3.0592961 3.0197024 3.0197024 3.4962159 2.9751637 3.2510327 2.8998932 3.3082941 4.2932344 3.5312274 2.7150898 2.4863911 2.2371832 3.4971732 2.6075040 3.5150531 3.8951195 3.3669106 2.8487393 2.7220217 2.7441506 2.6491252 2.6253034 2.7756836 2.4257514 2.8765961 3.3155340 3.1997167 4.2461214 3.7727416 2.0581752 5.4128275 3.8409806 4.9187078 3.9310714 4.5874407 4.5873034 3.8071594 5.0356946 3.7124233 3.7124233 4.4690785 5.2319555 5.6713617 4.3254155 
Gasp_gasp1.m3.16996.m1                                  2.6237734 3.0500838 3.4498629 3.7424352 3.7690707 3.0463876 2.9830590 4.4403058 2.4582534 2.5625140 2.5246318 3.3656354 3.4806189 3.0985862 4.0858047 2.6061894 3.6623407 2.6364675 4.1102369 2.1334337 3.4280585 3.5157122 0.2364484 0.2369293 0.0000000 0.1723032 0.3141029 0.4899159 0.4772319 0.5107773 0.9922361 0.6619326 0.9243075 2.1645773 1.9458761 1.9155330 1.9155330 2.2217559 1.4306874 1.8505886 1.3829655 1.7910777 1.3139528 1.3817561 1.8653544 1.3964342 2.6948254 1.2441426 2.8316838 3.4763283 1.5710231 2.6062902 1.6800145 1.9863495 2.2521672 8.9999987 2.5434619 2.2517194 2.2517194 3.3767356 1.9401951 3.0288798 2.9391731 3.5964776 3.9848500 2.2957730 2.5356397 2.5567369 2.2847340 2.4866292 2.4197104 3.1333988 2.8033983 3.1333988 3.0587174 3.1271114 2.3089299 2.5045111 2.8128047 2.4316166 2.4067775 2.5966101 3.1664412 3.0425905 3.0426614 4.0313057 2.8293643 2.8528898 2.8528898 3.3907585 2.8604054 3.1196105 2.9756697 3.0354832 3.9326825 3.3537199 2.6800649 2.4322539 2.1711604 3.5504458 2.5399116 3.4785490 3.7647993 3.0323159 2.7739918 2.7553869 2.6503583 2.5802201 2.6797748 2.8420497 2.3383481 2.9737277 3.7534093 3.0651187 3.8595431 3.3645864 2.0318339 4.9409252 4.5874846 4.7405922 4.1764178 4.5062380 4.4658089 3.8614738 5.0267097 3.9563942 3.9563942 4.4140717 5.4424151 5.0991213 4.1510284 
Fspp_ffun1.m4.10390.m1                                  2.4576940 3.2421777 3.3648440 4.0412747 4.0698324 2.9686971 2.9048738 4.5534145 2.7111362 2.7095309 2.6087188 3.4802676 3.5748075 3.1782480 4.2842577 2.6720298 3.6285937 3.2324667 4.1415712 2.0782802 3.7455745 3.7171294 0.2160647 0.2278620 0.1723032 0.0000000 0.2969766 0.4385968 0.4394148 0.4753089 1.1290452 0.8383694 0.8986434 2.2443341 2.0381631 2.0196295 2.0196295 2.2065094 1.4827695 1.9106350 1.4608032 1.8841201 1.3621469 1.4314479 1.8500961 1.4240459 2.7607911 1.3267331 2.9224165 3.7715944 1.6096769 2.6806979 1.7311366 2.1435843 2.4741117 8.9999987 2.4886437 2.4331066 2.4331066 3.6464685 1.9992975 3.1293994 3.0575938 3.5962485 3.9868679 2.4384528 2.5595341 2.4483228 2.3607815 2.5220378 2.3883031 3.1490229 2.8097262 3.1490229 3.0968653 3.1425369 2.3354224 2.6534414 2.9397711 2.6686797 2.5336361 2.5924442 3.3030651 3.0807694 3.0425197 3.9499720 2.9356651 2.8265930 2.8265930 3.3738950 3.0882533 3.3368124 2.9803231 3.1047465 4.5583020 3.5288832 3.0758670 2.5495140 2.2193980 3.7396559 2.7730924 3.7005369 3.8981204 3.4214054 2.9083167 3.0353753 2.8538426 2.7565054 2.7904096 2.9479114 2.2540749 3.0585857 3.5511321 3.2147276 3.9181825 3.6756119 2.0598568 5.5222142 4.5786185 4.8796515 4.0233144 4.6357763 4.7731648 3.8577937 4.9436946 4.0433155 4.0433155 4.2141666 5.4099460 5.4300710 4.5795012 
Gfas_gfas1.m1.556.m1                                    2.3595880 2.9092201 3.1923073 3.8635805 3.8809680 2.7109046 2.4316014 4.1078381 2.8051623 2.5514889 2.3178737 3.2803465 3.3502308 3.0723903 4.0764621 2.5043382 3.7025861 2.4487205 3.9737379 2.0426806 3.3741377 3.3882676 0.3449035 0.3501824 0.3141029 0.2969766 0.0000000 0.3845764 0.3796817 0.4365912 1.1863408 0.7723278 0.8718858 2.0508570 1.8561075 1.8846197 1.8846197 2.1422780 1.5034265 1.5779465 1.4119638 1.5533444 1.4254130 1.5004986 1.5620373 1.3937265 2.7189472 1.3886257 2.8663552 3.2175351 1.5496801 2.7303097 1.8178991 1.9411969 2.2473045 5.6285743 2.3206283 2.0141453 2.0141453 3.4708621 1.9163664 2.8486691 2.8884051 3.2428571 3.6858801 2.2883775 2.5115145 2.5195786 2.1239264 2.4602050 2.2107496 2.9194501 2.5426675 2.9194501 2.8086243 2.9133138 2.3330165 2.3285823 2.6191829 2.4776047 2.1787166 2.2376580 2.6943626 2.9995723 2.9692326 4.0128847 2.6428804 2.5960806 2.5960806 3.2538366 2.4805674 2.6366094 2.6661189 2.8962574 4.2552030 3.4495318 2.8237378 2.4705858 2.2038927 3.4676109 2.2783796 3.4256604 3.7730004 3.2748212 2.8201365 2.7732140 2.7916204 2.6489873 2.6680179 2.6744908 2.2998722 2.8363920 3.3192142 3.2903293 3.6510890 3.6056005 1.8795609 5.1508103 4.3554810 5.0048854 3.9953149 4.4730133 4.7044319 3.5495581 4.9955248 3.9199349 3.9199349 3.8556942 4.9394519 5.0748640 4.1389515 
Amil_Amillepora05700-RA                                 2.5365161 3.3189209 3.3244886 4.2311802 4.2602173 2.8745330 3.1222568 4.3272215 2.5836730 2.8365588 2.6803043 3.3853284 3.4304384 3.0617807 4.0616397 2.5665174 3.4526511 3.1555499 4.2186100 2.0203621 3.5954419 3.5534876 0.4753140 0.5099180 0.4899159 0.4385968 0.3845764 0.0000000 0.0194240 0.0177883 1.1698783 0.8450719 0.9251501 2.0847792 2.0244499 2.0109732 2.0109732 2.0341729 1.3876506 1.7742868 1.3179251 1.7471702 1.3183756 1.3856823 1.7509693 1.2787568 2.7500052 1.2541169 2.9093664 3.3753677 1.8762382 2.6561105 1.7498015 2.0746887 2.3858048 7.4974056 2.4378637 2.4024229 2.4024229 3.6279876 2.0634955 3.3468235 3.1299286 3.6551789 4.1517542 2.3416700 2.5819486 2.3969738 2.2871043 2.5374302 2.2742305 3.1058667 2.8339754 3.1058667 3.0657783 3.0996530 2.3227593 2.4968629 2.8416263 2.6983809 2.5398158 2.6842187 3.1483945 3.2650600 3.1966888 4.4093559 2.9161495 2.9566291 2.9566291 3.4251727 3.1688050 3.2856875 3.0118721 3.4770154 3.9286462 3.2078702 2.6647011 2.3086357 2.2489961 3.6136541 2.5026285 3.2689200 3.7193694 3.2951937 2.9015532 2.8665982 2.8097977 2.6560774 2.7939596 2.9403517 2.4403801 2.9144248 3.5458466 2.8729770 3.7227420 3.6844968 2.1424115 5.2666591 4.3358987 4.7189493 3.8379254 4.5635051 4.8174644 3.6790998 5.0344821 4.1703388 4.1703388 4.0160409 5.0694109 5.5488753 3.9129689 
Adig_XM_015912984.1                                     2.5365161 3.3428523 3.0109254 4.1016418 4.1350255 2.6051792 3.1222568 4.2002703 2.7144158 2.7743872 2.4500766 3.2339816 3.1586569 2.8171375 3.5575383 2.5843915 2.8916229 2.9958972 3.6932933 2.0203621 3.3577267 3.2531066 0.4682638 0.5334841 0.4772319 0.4394148 0.3796817 0.0194240 0.0000000 0.0125751 1.1698783 0.8602851 0.9950687 1.8881951 1.9104285 1.9715585 1.9715585 1.9639299 1.3876506 1.7856059 1.3179251 1.7583091 1.3282240 1.3856823 1.7398095 1.2787568 2.4874340 1.2541169 2.9179588 3.3221065 1.7329764 2.4395118 1.7498015 2.0511855 2.4575306 7.4974056 2.2914859 2.3851827 2.3851827 3.4393635 2.0634955 3.2192981 3.1261555 3.4043061 3.6696967 2.2679167 2.5534442 2.1079055 2.4316800 2.5919290 2.2974750 2.8738431 2.6460672 2.8738431 2.8738431 2.7392867 2.1280924 2.4784058 2.5173351 2.6453429 2.3618827 2.4993004 2.9072604 2.9349911 2.9615698 4.4124308 2.8572792 2.8374976 2.8374976 2.9944225 3.2046018 3.3286562 2.8409054 3.1992068 3.3753054 2.9184978 2.5675792 2.1761032 2.2325089 3.1012785 2.4826604 3.3107802 3.5622325 3.0036950 2.9172076 2.7991018 2.7430003 2.6180786 2.6382775 2.7961105 2.2325476 2.9634934 2.9612126 2.5969094 3.6984492 3.6259168 2.2418535 4.8731733 4.2312354 4.4308264 3.8060871 4.2476015 4.7530918 3.1252291 4.6405405 4.1703388 4.1703388 3.8191723 4.8495077 5.3444396 3.2910907 
