134
Salkve_EP00050_Salpingoeca_kvevrii_P022850                       0.0000000 0.1076974 4.1161973 5.9358421 5.8132115 2.9665568 2.9665568 2.9665568 2.6050056 3.4570052 3.9124971 2.6887139 6.7507762 3.0779277 6.7507762 5.8723311 3.4365804 6.3030322 6.3030322 2.8795906 3.2377625 2.2291149 2.5611770 5.8937401 2.9940933 2.8106377 2.7957345 3.0161481 3.0663055 2.9300460 2.9612530 8.9999988 2.3816797 2.6247831 2.4046678 4.6425384 2.5597840 2.4677361 2.4232654 2.6879690 2.5959494 2.9205321 2.4811409 2.5293683 2.0699346 2.3555621 3.5200480 2.2580565 3.8912337 2.5506097 5.1217228 2.5815814 2.8747662 4.3172041 3.3726105 2.3354413 2.0154876 2.5475570 2.4806366 2.5092097 2.5714111 2.7957209 3.1190499 2.7055638 1.8742383 2.4885243 2.9158976 2.3322585 2.2164255 2.1702749 2.1360780 2.2498208 2.8894153 2.5002573 2.6692578 2.6141240 2.4876969 2.4850049 2.8935528 2.5622969 2.4547183 2.3645264 2.4358444 2.6410030 0.0000010 8.9999981 2.2904458 2.1452999 2.2637047 2.4973347 1.8064783 2.5839986 2.3562304 2.6855453 2.9356894 3.2089262 2.7049788 2.6390309 2.6117173 2.3001656 2.5343904 2.4320898 8.9999988 2.6792973 2.3066091 8.9999990 2.7549515 2.9801468 2.6913203 2.5756114 3.0494951 2.8467599 2.9908086 3.0701276 2.5567173 3.1897090 2.9586106 3.4974845 3.4144840 3.4498533 2.3946281 3.3093058 0.0000010 2.1792169 2.9390957 2.7362486 2.3374742 2.3374742 2.1461497 1.8442411 3.4464586 4.4256500 2.7019254 5.0461470 
Salkve_EP00050_Salpingoeca_kvevrii_P022851                       0.1076974 0.0000000 3.4815180 4.2943013 3.5675641 2.6787141 2.6962538 2.6962538 1.7325699 3.0156843 3.6420924 2.6772814 4.1572354 2.7469651 4.0613945 3.1158905 2.8257630 4.1423159 4.0340388 2.6954478 1.2771614 2.2291149 2.5611770 3.1466083 2.8465758 2.5083124 2.7273923 2.7113655 2.7022516 2.6047114 2.5811524 3.7874389 2.2172680 2.3308627 2.3891972 3.5738420 2.5636326 2.4513206 2.4469890 2.5764809 2.3844265 2.5054402 2.2984746 2.3594742 2.2566886 2.4793570 2.6851325 2.4130679 3.9219207 2.5126600 3.2288137 2.1267092 2.5541865 1.7147888 2.7913063 2.2507956 1.4607924 2.4395535 2.4020192 2.5113211 2.4089807 2.9823959 3.1630232 2.4862633 1.8742383 2.5639369 2.7240837 2.4748301 2.3876012 2.3123914 2.2921313 1.8090511 2.6241286 2.3561423 2.4086092 2.4751943 2.4611575 2.4731119 2.6099078 2.4164476 2.2750242 2.2871411 2.4145334 2.3962365 7.3217398 5.3178598 2.1381187 1.7631029 1.9261726 2.4133452 2.5631575 2.4362706 2.3886641 2.4604668 2.6259687 2.6264279 2.5089992 2.5678720 2.6151028 2.4684882 2.6914565 2.4162786 4.9052531 2.7155571 2.0820391 5.3913394 2.8064884 3.1615351 2.7269667 2.7209985 2.4935507 2.6029751 2.6192892 2.8596161 2.5427001 2.7777408 2.5163686 2.6946153 3.0970022 2.6590999 3.5608707 4.7649136 6.7478558 2.1792169 2.9390957 2.6074066 2.3374742 2.3374742 2.1461497 1.8442411 3.3288640 4.5588796 3.7661072 3.7352004 
Bolinf_Binf_sb1297825                                            4.1161973 3.4815180 0.0000000 0.0034088 0.4833334 0.3781147 0.3623911 0.3623911 0.1837446 0.2730992 0.2834125 0.2730992 0.3722805 0.3056390 0.3551740 0.3414449 0.3344225 0.4810444 0.5736567 0.4223324 0.0000010 0.0000010 0.0000010 0.4273786 0.4800056 1.5425370 0.6314838 0.5791503 0.5791503 0.5865221 0.5865221 0.6139373 2.0596014 1.8129003 2.0558209 2.0731975 2.0010846 1.7726030 1.7386334 1.6920512 1.8227105 1.6354918 1.8281774 1.7980049 1.8696849 1.9208446 1.7553515 1.9401705 0.0000010 1.6698509 1.8762564 1.5672499 1.7165928 1.2492400 2.1437802 1.7502150 0.9945102 1.8254381 1.8069160 1.6887149 1.9523471 2.1451764 1.9339714 1.7428094 0.0000010 1.8165477 1.5555377 2.0035466 1.9853904 1.8585443 1.8487793 0.4350883 1.8754180 1.9588518 1.8888430 1.8537998 1.7908082 2.2597395 1.7932499 1.8376077 1.6265156 1.8394215 1.9487963 1.7704611 1.8858576 2.2454769 1.8452593 2.3216436 2.2557132 1.8830525 1.6027382 1.6918419 1.7666783 1.8272268 1.8323343 1.9246571 1.8694506 2.1245903 2.3320878 2.7049087 3.1890281 2.4170165 2.7081157 2.4675145 2.3248506 3.6880058 2.9340603 9.0000000 3.0335172 2.4318499 1.7561024 3.0070158 2.8260974 2.3954064 2.2394711 2.4179110 2.5159014 2.3317839 2.9399231 1.7298967 2.2872689 2.0416827 1.6165161 0.0000010 0.0000010 1.6591815 0.0000010 0.0000010 0.0000010 0.0000010 0.0000010 2.7770062 5.1515452 0.2651295 
Mertsp_Mesp_sb573337                                             5.9358421 4.2943013 0.0034088 0.0000000 0.4833334 0.4363195 0.4025719 0.4025719 0.6166693 0.3133946 0.3111430 0.3133946 0.3722805 0.3469175 0.3551740 0.3830431 0.3746263 0.4810444 0.5736567 0.4752659 0.0000010 0.0000010 0.0000010 0.4925229 0.5732541 1.2516267 0.7280044 0.6455199 0.6455199 0.7521916 0.7521916 0.6139373 2.2992979 2.0147172 2.2748867 2.2984094 2.2948146 2.1504338 2.0287100 1.9377934 2.0851222 1.9279945 2.0508676 2.0122120 1.9488331 1.9809296 1.9577973 2.0338384 0.0000010 2.0129668 2.1497221 1.5672499 1.9360083 0.0000010 2.4333204 2.0042748 1.8918705 2.0278967 2.0271382 1.9151098 2.2560439 2.1451764 0.0000010 1.9573820 0.0000010 2.1229146 1.7306417 2.3093670 2.2674645 2.1205657 2.0938552 1.7701316 2.1891102 2.2136530 2.1375824 2.0849142 2.0596112 2.5958487 2.0782724 2.0094255 1.7804449 2.0426312 2.2663649 1.9115170 1.8858576 2.1261960 2.0261978 4.2236326 3.9517934 2.0684563 1.5799440 1.8657045 1.9582950 2.0518469 2.0582641 2.1861746 2.1088045 2.2264749 2.4718343 3.2084525 3.7424610 2.8272320 2.6104717 3.0652510 2.6216095 3.6880058 3.7477531 9.0000000 3.9887123 3.1427657 2.0278960 3.3498681 3.0963812 2.6470428 1.8970010 2.6077001 2.7967135 2.5439561 3.2596061 2.8493805 2.3507650 2.1460365 1.6165161 0.0000010 0.0000010 1.6591815 0.0000010 0.0000010 0.0000010 0.0000010 0.0000010 3.5297676 5.7559644 0.6292711 
Mertsp_Mesp_sb540525                                             5.8132115 3.5675641 0.4833334 0.4833334 0.0000000 0.0000010 0.0118011 0.0118011 0.0000010 0.3904013 0.3904013 0.3904013 0.3602642 0.3641923 0.3641923 0.4238065 0.4083425 0.5054755 0.5200045 0.5456154 0.0000010 0.0000010 0.0000010 0.5416441 0.6870284 1.2516267 0.7761117 0.6366761 0.6366761 0.6806676 0.6806676 0.6366761 2.1441426 2.1276637 2.0407791 1.9544631 1.9882851 1.7842322 1.7143353 1.7979877 1.7561516 1.8366391 1.5650275 1.5693911 1.4753776 1.5121778 1.4735552 1.5462517 0.0000010 1.7107699 1.5651825 0.0000010 1.7704648 0.0000010 1.7182593 1.9858155 0.0000010 1.7257485 1.6543112 1.6373815 1.6599392 1.4851680 0.7981340 1.7498578 0.0000010 2.0043836 1.4283306 2.1085258 1.7125542 1.7082594 1.7412515 0.0000010 1.8356265 2.0406985 2.1319530 1.5913175 1.6763776 1.9958762 1.8509197 1.7096780 1.6920922 1.8113484 1.9500175 1.8743193 2.6590336 1.8570198 1.8796808 8.9999985 2.0096914 1.7861504 1.7863551 2.0257849 2.0393414 1.7988592 1.8451567 1.7748229 1.7052529 1.9318407 2.3145444 3.1985335 3.2830070 2.6092629 2.5133285 2.5456374 1.9295459 2.8697646 3.2120501 9.0000000 3.0501646 2.4026982 1.6101743 2.8565912 2.7364899 2.3600373 1.4895071 2.2282023 2.0076962 1.8382926 2.6928885 3.2841148 1.9453409 2.5579617 1.9484846 0.0000010 0.0000010 1.7174966 0.0000010 0.0000010 0.0000010 0.0000010 0.0000010 1.7681939 5.3470613 0.6636422 
Beraby_Baby_sb350597                                             2.9665568 2.6787141 0.3781147 0.4363195 0.0000010 0.0000000 0.0053066 0.0053066 0.2199382 0.3381941 0.3342851 0.2965402 0.3692882 0.2215844 0.3375288 0.3427460 0.2766093 0.5507032 0.5701771 0.4786145 0.5043825 0.5153679 0.4761943 0.4328532 0.5443540 0.5911768 0.6061292 0.6967447 0.6519923 0.7129450 0.6595792 0.6413591 1.7031038 1.5979893 1.7041075 1.9381553 1.4815622 1.4207727 1.5037246 1.4805929 1.4840550 1.3877072 1.3939249 1.4304892 1.3483715 1.3617018 1.5330803 1.3847199 2.2686586 1.3970349 2.1028143 1.4932338 1.5913227 1.9228497 1.7467507 1.4438835 1.1013143 1.4976422 1.3629486 1.3887583 1.4262915 1.3015724 1.8051932 1.4783935 1.0305661 1.4558146 1.4031500 1.5617495 1.5106588 1.4560846 1.4873310 1.3080523 1.5268656 1.5867621 1.7294124 1.4459047 1.5256954 1.5982285 1.5847781 1.5098578 1.5774638 1.5501179 1.6029858 1.6211136 2.7259657 3.5933882 1.5485556 1.5896741 1.6509783 1.6065581 1.6489013 1.5969089 1.6445910 1.5421800 1.6469264 1.4812890 1.5373007 1.6012688 1.7318304 1.7659908 1.9384888 1.8446996 2.7426058 1.5865575 1.5800068 2.8697646 1.8625311 2.1163408 1.9082683 1.8051983 1.7193618 2.4610778 2.3589853 2.2708486 2.0374199 2.1421395 2.0167949 2.1666396 2.3831245 1.8497631 2.0147540 2.2564216 2.0180785 1.0773347 1.4040975 1.5341025 1.2925393 1.2925393 1.4040608 0.3414580 2.1716072 2.5571476 2.6446757 2.1962179 
Beraby_Baby_sb350595                                             2.9665568 2.6962538 0.3623911 0.4025719 0.0118011 0.0053066 0.0000000 0.0000010 0.2199382 0.3352174 0.3300291 0.2997427 0.3635583 0.2411793 0.3416837 0.3351293 0.2814738 0.5061363 0.6130557 0.4664524 0.5043825 0.5153679 0.4761943 0.4363947 0.5368373 0.5911768 0.6126919 0.6954647 0.6559135 0.7222615 0.6699702 0.6530640 1.6476410 1.5920359 1.6973378 1.9183738 1.5542899 1.4207727 1.5480395 1.5153388 1.5288273 1.4226587 1.5141862 1.5416800 1.4596699 1.4763225 1.6376911 1.5295591 2.2686586 1.3970349 2.3661194 1.5364662 1.6401487 1.9228497 1.9614976 1.5304531 1.1013143 1.5971745 1.4508324 1.4430993 1.5073943 1.4525270 1.8279077 1.5563976 1.0305661 1.5089673 1.4771050 1.6610914 1.6050764 1.5370884 1.5527236 1.3080523 1.5812050 1.6143961 1.7282352 1.5473457 1.5425463 1.7054120 1.6296451 1.5826806 1.6034663 1.5653772 1.6428875 1.6027524 1.8670761 3.2631186 1.5924956 1.5886638 1.6509783 1.6648842 1.5429788 1.5759779 1.6223039 1.6153284 1.7181968 1.6062882 1.6347978 1.6933283 1.8271469 1.7927855 2.1838964 1.8577644 2.7313830 1.6588642 1.5800068 2.8697646 1.8625311 2.1163408 1.9082683 1.8456434 1.7933699 2.5297087 2.4709876 2.3658168 2.0374199 2.1919112 2.2025933 2.2851731 2.5106885 1.8670022 2.1363942 2.3157657 1.8417297 1.0773347 1.4040975 1.5341025 1.2925393 1.2925393 1.4040608 0.3414580 2.1716072 2.5610385 2.8829284 2.1962179 
Beraby_Baby_sb350596                                             2.9665568 2.6962538 0.3623911 0.4025719 0.0118011 0.0053066 0.0000010 0.0000000 0.2199382 0.3352174 0.3300291 0.2997427 0.3635583 0.2411793 0.3416837 0.3351293 0.2814738 0.5061363 0.6130557 0.4664524 0.5043825 0.5153679 0.4761943 0.4363947 0.5368373 0.5911768 0.6126919 0.6954647 0.6559135 0.7222615 0.6699702 0.6530640 1.6476410 1.5920359 1.6973378 1.9183738 1.5542899 1.4207727 1.5480395 1.5153388 1.5288273 1.4226587 1.5141862 1.5416800 1.4596699 1.4763225 1.6376911 1.5295591 2.2686586 1.3970349 2.3661194 1.5364662 1.6401487 1.9228497 1.9614976 1.5304531 1.1013143 1.5971745 1.4508324 1.4430993 1.5073943 1.4525270 1.8279077 1.5563976 1.0305661 1.5089673 1.4771050 1.6610914 1.6050764 1.5370884 1.5527236 1.3080523 1.5812050 1.6143961 1.7282352 1.5473457 1.5425463 1.7054120 1.6296451 1.5826806 1.6034663 1.5653772 1.6428875 1.6027524 1.8670761 3.2631186 1.5924956 1.5886638 1.6509783 1.6648842 1.5429788 1.5759779 1.6223039 1.6153284 1.7181968 1.6062882 1.6347978 1.6933283 1.8271469 1.7927855 2.1838964 1.8577644 2.7313830 1.6588642 1.5800068 2.8697646 1.8625311 2.1163408 1.9082683 1.8456434 1.7933699 2.5297087 2.4709876 2.3658168 2.0374199 2.1919112 2.2025933 2.2851731 2.5106885 1.8670022 2.1363942 2.3157657 1.8417297 1.0773347 1.4040975 1.5341025 1.2925393 1.2925393 1.4040608 0.3414580 2.1716072 2.5610385 2.8829284 2.1962179 
Mertsp_Mesp_sb542950                                             2.6050056 1.7325699 0.1837446 0.6166693 0.0000010 0.2199382 0.2199382 0.2199382 0.0000000 0.2631664 0.4089663 0.2529988 0.0000010 0.1853299 0.0000010 0.1889466 0.2033403 0.0000010 0.0000010 0.3192220 0.5412112 9.0000000 0.2779862 0.4328403 0.3221370 0.3391754 0.3715920 0.4505966 0.4371875 0.4505966 0.4371875 0.0000010 1.0023109 1.1021464 1.1073374 0.6836024 0.9669071 0.9289144 0.8982352 1.0271372 1.0703699 1.0768588 1.0962214 1.1383510 1.1163262 1.0947135 1.0564724 1.1356353 2.1068678 1.0496472 2.3300036 1.1568806 1.2070287 1.9253804 1.0382294 1.0247349 0.9641158 1.0179391 0.8172714 0.8944943 1.0021714 0.7698916 4.1171324 1.1589000 1.0228280 0.9606474 1.0020905 1.2664173 1.2011634 1.1795309 1.2017107 1.1211563 1.0255752 1.0436594 1.0607570 1.0256904 1.1110737 1.1627978 0.8696116 1.0847378 1.2199077 1.2877257 1.2994565 1.3180267 0.0000010 7.7550545 1.0990259 1.3064926 1.3216885 1.2485978 0.0000010 1.0860895 1.0640558 1.1419980 1.1635713 1.0404252 1.0968624 1.1320221 1.1236258 1.2860882 1.2714251 1.4744653 9.0000000 1.0466371 1.1248142 0.0000010 1.3953480 4.9096600 1.3223666 1.2153788 1.3337540 1.6112013 1.5896090 1.8619818 3.2227750 1.8470754 1.4315324 1.6961553 1.8191724 1.1655699 0.0000010 0.4796135 0.0000010 9.0000000 1.1322908 0.9056134 0.7114508 0.7114508 1.5519567 9.0000000 1.7105953 1.7420354 1.8175988 2.1591893 
Drygla_Dgla_sb300488                                             3.4570052 3.0156843 0.2730992 0.3133946 0.3904013 0.3381941 0.3352174 0.3352174 0.2631664 0.0000000 0.0000010 0.0021124 0.2888374 0.2491216 0.2962552 0.2809891 0.2719624 0.4104858 0.5017628 0.4055981 0.4954761 0.6771918 0.5026486 0.3929691 0.4697623 0.5119710 0.5409893 0.6242475 0.6242475 0.7222956 0.7222956 0.5416643 1.7036654 1.5748798 1.8039050 1.7629801 1.5809679 1.4613905 1.4435246 1.5240564 1.5767301 1.3411058 1.5393000 1.5611731 1.5044305 1.4915081 1.5665611 1.6000394 2.0314952 1.4618116 2.1537185 1.5363086 1.6585228 1.7775132 1.7409305 1.6225403 0.9805540 1.5985909 1.5666880 1.3817088 1.5360672 1.5072312 2.6539430 1.5923160 1.0645775 1.5546902 1.4935814 1.7492183 1.7051685 1.6181507 1.6250473 1.5317398 1.6219464 1.6010492 1.7406746 1.5113604 1.5640517 1.7748328 1.6035473 1.5411492 1.5935994 1.5432989 1.6766229 1.7215803 1.8763660 3.0676219 1.5261265 1.5508558 1.8248026 1.7314923 1.5410882 1.6180938 1.6713683 1.7246384 1.7098073 1.5290379 1.7467478 1.8318782 2.0313084 1.9495957 2.3722383 2.0581840 2.7544710 1.8577811 1.7643652 3.3717041 2.0473979 4.2375375 2.0733435 1.7718595 1.7932447 2.7319083 2.6175332 2.4558806 3.5977900 2.2827337 2.2062912 2.3019008 2.5974223 1.7328082 2.0741607 2.1231065 1.6514369 0.0000010 1.8535644 1.4576013 1.3061820 1.3061820 2.4178526 0.3495716 1.6525791 2.5500652 3.1213899 1.8472857 
Drygla_Dgla_sb300490                                             3.9124971 3.6420924 0.2834125 0.3111430 0.3904013 0.3342851 0.3300291 0.3300291 0.4089663 0.0000010 0.0000000 0.0000010 0.2888374 0.2639763 0.2969585 0.2778681 0.2662718 0.4104858 0.5017628 0.3684434 0.0000010 0.0000010 0.0000010 0.4116797 0.4925268 1.2516267 0.6012292 0.5284008 0.5284008 0.6668065 0.6668065 0.5434723 1.9569231 1.7551810 1.9738451 1.7629801 1.8344795 1.7433140 1.6896386 1.6361914 1.7759053 1.4770499 1.7202135 1.7345195 1.7023082 1.7235223 1.7234642 1.8770348 0.0000010 1.7807967 1.9499264 1.2917914 1.7409679 0.0000010 2.0469390 1.8134643 1.1033509 1.7608804 1.7644835 1.6011015 1.8675830 1.9224374 2.4574369 1.7611132 0.0000010 1.7581082 1.4859697 1.9871831 1.8346788 1.7439509 1.7719418 0.4619420 1.7094896 1.9517892 1.9674644 1.6086891 1.5821257 1.9618190 1.7527549 1.7489014 1.5777954 1.5853903 1.8041552 1.8132131 1.8763660 2.0401765 1.7337707 2.3272901 2.1204103 1.9103417 1.5410882 1.7630618 1.8440918 1.7098102 1.7247174 1.7912517 1.7706355 1.9591602 2.2062189 2.6400253 3.2488460 2.5132474 2.7544710 2.3953792 2.2635164 3.3717041 2.8596596 9.0000000 3.0198980 2.3415424 1.6594798 3.0730149 2.9856376 2.5399293 2.1044482 2.3630898 2.4850519 2.3321113 2.9272335 2.2787977 2.0741607 2.1231065 1.6514369 0.0000010 0.0000010 1.7174966 0.0000010 0.0000010 0.0000010 0.0000010 0.0000010 2.7167531 5.1746731 0.2707670 
Drygla_Dgla_sb300489                                             2.6887139 2.6772814 0.2730992 0.3133946 0.3904013 0.2965402 0.2997427 0.2997427 0.2529988 0.0021124 0.0000010 0.0000000 0.2888374 0.2496966 0.2962552 0.2809891 0.2463333 0.4104858 0.5017628 0.3637196 0.4954761 0.0000010 0.3498036 0.3929691 0.4191657 0.3924600 0.4979265 0.5209718 0.5209718 0.5803953 0.5803953 0.5416643 1.5287230 1.4141970 1.6113395 1.7629801 1.5050887 1.3298481 1.4435246 1.3949941 1.4783791 1.2402368 1.4617519 1.4857998 1.4470524 1.4488791 1.4680617 1.5893235 2.7200537 1.3837044 2.1647879 1.1550393 1.5080360 1.7695509 1.6134137 1.4765756 0.9805540 1.4603593 1.4227467 1.2726402 1.4521017 1.4485984 3.3116903 1.5210076 1.0222324 1.4114057 1.3138886 1.6394589 1.5725321 1.5006370 1.5070442 1.0650833 1.4540248 1.5428803 1.5720712 1.3971115 1.4308932 1.6392798 1.4438488 1.4898705 1.4090114 1.4370505 1.5402098 1.5859498 1.8763660 2.6786709 1.3986375 1.3084486 1.5380864 1.6124342 1.5410882 1.4602299 1.5228910 1.5209166 1.5262159 1.5348135 1.5394862 1.6157413 1.7973454 1.8320302 2.3142732 1.8713131 2.7544710 1.7451682 1.5914983 3.3717041 1.9226510 8.9999985 1.9274713 1.6171144 1.5299501 2.4948448 2.3940471 2.2289558 2.8170430 2.1149620 2.0494168 2.0563321 2.4456560 1.6263585 2.0741607 2.1231065 1.6514369 0.0000010 1.1839244 0.9869505 0.7602482 0.7602482 0.0000010 0.0000010 1.5746838 1.9277105 3.1997966 0.9953383 
Mertsp_Mesp_sb540625                                             6.7507762 4.1572354 0.3722805 0.3722805 0.3602642 0.3692882 0.3635583 0.3635583 0.0000010 0.2888374 0.2888374 0.2888374 0.0000000 0.0044274 0.0044274 0.2300056 0.2215496 0.3864184 0.5114914 0.4125178 0.0000010 0.0000010 0.0000010 0.5102481 0.5624863 1.2516267 0.7316112 0.5005293 0.5005293 0.4834839 0.4834839 0.5005293 1.7523591 1.7708758 1.9559801 1.8265830 1.9399745 1.8222395 1.7586723 1.6548418 1.9280937 1.7758017 1.8331216 1.8530780 1.7613661 1.7798148 1.8804214 1.9035087 0.0000010 1.5449414 2.1493237 1.9706667 1.8531173 0.0000010 2.2236887 2.1057506 0.0000010 2.0061337 1.8805301 1.6311724 1.9629455 1.9629455 9.0000000 1.9973819 0.0000010 1.8310117 1.6161439 2.2381316 2.0164157 1.8423321 1.9342725 0.0000010 1.7916691 2.0662646 2.1093804 1.7198795 1.6535862 2.2122487 1.8092928 1.8483017 1.5437528 1.7315455 1.8981851 1.7623333 1.7838216 1.8948492 1.8948492 8.9999984 3.5057051 2.0202978 1.6407877 1.8674649 1.8311682 1.8106496 1.8559696 1.9487689 1.9437323 1.8961678 2.2506920 3.4085253 4.9214368 2.9203943 2.6223316 3.6402013 1.8846177 3.6858702 3.6858702 9.0000000 4.0401261 2.5929926 1.7133895 2.8289039 2.8309805 2.6496064 1.8066935 2.3845646 2.6470398 2.3981102 3.1228511 3.2355780 2.0819660 2.3984834 1.7750267 0.0000010 0.0000010 0.0000010 0.0000010 0.0000010 0.0000010 0.0000010 0.0000010 1.8090161 5.5044639 0.8139257 
Bolinf_Binf_sb1235964                                            3.0779277 2.7469651 0.3056390 0.3469175 0.3641923 0.2215844 0.2411793 0.2411793 0.1853299 0.2491216 0.2639763 0.2496966 0.0044274 0.0000000 0.0000010 0.1829385 0.1442344 0.4319994 0.5486703 0.3501715 0.3685600 0.0000010 0.2409756 0.4067559 0.4161211 0.3686835 0.5219426 0.4955176 0.4955176 0.4899298 0.4899298 0.5376926 1.5722709 1.4368064 1.5733470 1.9023553 1.4834043 1.3173967 1.5102104 1.4200166 1.4975749 1.3045664 1.4645825 1.4730507 1.4377303 1.4652690 1.4493080 1.5252145 1.4025783 1.3386891 2.1601478 1.2113959 1.4955425 1.9792881 1.5078636 1.5312399 1.0065202 1.5148259 1.3775625 1.2958609 1.5118479 1.4562758 3.5854931 1.5432525 0.9145059 1.4666516 1.3344370 1.6201605 1.6039855 1.5113497 1.5300761 1.0654632 1.4589414 1.5686368 1.5923961 1.4564627 1.4833016 1.6439347 1.4501428 1.5031025 1.4456157 1.5548078 1.5699820 1.5529988 1.7838216 2.7508219 1.4526156 1.4314510 1.5299196 1.6148239 1.6491220 1.5165884 1.5622812 1.5288619 1.5442849 1.5435248 1.5716176 1.6197153 1.8215355 1.8197032 2.4550387 1.9001981 2.8204215 1.8542961 1.5759620 3.1700977 1.9248593 8.3690688 1.9033169 1.7288202 1.5230946 2.4254460 2.3700612 2.2093802 2.1165598 2.1184223 2.0783871 2.2135256 2.5595020 1.4718741 2.1544584 2.2764994 1.7750267 0.0000010 0.9773806 0.8271491 0.6695685 0.6695685 0.0000010 0.0000010 1.6154890 1.9665771 2.8505498 0.9461469 
Bolinf_Binf_sb1235965                                            6.7507762 4.0613945 0.3551740 0.3551740 0.3641923 0.3375288 0.3416837 0.3416837 0.0000010 0.2962552 0.2969585 0.2962552 0.0044274 0.0000010 0.0000000 0.2038078 0.1916290 0.4319994 0.5486703 0.4337093 0.0000010 0.0000010 0.0000010 0.4873313 0.6047269 1.1206814 0.7162789 0.5567699 0.5567699 0.6340456 0.6340456 0.5376926 2.0877446 1.8590904 2.1256954 2.0708004 2.0791552 2.0204120 1.9773557 1.8919878 2.0834940 1.6740039 1.9903577 1.9965162 1.8887668 1.9225134 1.9694681 2.0315643 0.0000010 1.8411442 2.2652558 1.9051642 1.9805518 0.0000010 2.1903013 2.1814480 2.2693144 2.0852287 1.9411002 1.7195266 2.0874699 1.9337701 2.7065518 2.0044721 0.0000010 2.1480313 1.6561192 2.2499093 2.1196033 2.0017500 2.0553338 0.0000010 2.0103189 2.2049484 2.2356928 1.8253988 1.8682882 2.2990960 1.9690435 1.8781635 1.7331576 2.0172272 2.1867989 1.8584658 1.7838216 1.9623265 1.9363585 5.7688620 3.8329668 2.0823779 1.6565851 2.0086223 2.0037617 2.0067212 2.0462605 2.1394471 2.1431809 2.1115587 2.4305163 3.3734683 4.1504127 3.0121017 2.8584831 3.4280677 2.3594246 3.1700977 3.4056776 9.0000000 3.4100372 2.9628216 1.8482321 3.1249972 3.1191170 2.7250351 1.8066935 2.6207571 2.7674265 2.7139567 3.3260901 3.4169773 2.2526370 2.3984834 1.7750267 0.0000010 0.0000010 1.6591815 0.0000010 0.0000010 0.0000010 0.0000010 0.0000010 3.0219310 5.0802941 0.8060419 
Vmul_sbMO422713                                                  5.8723311 3.1158905 0.3414449 0.3830431 0.4238065 0.3427460 0.3351293 0.3351293 0.1889466 0.2809891 0.2778681 0.2809891 0.2300056 0.1829385 0.2038078 0.0000000 0.0174557 0.4303030 0.5265243 0.3989669 0.0000010 0.0000010 0.0000010 0.4226246 0.4757298 0.9738256 0.5982102 0.5283148 0.5283148 0.5401318 0.5401318 0.5633162 1.8769969 1.6808780 1.9363015 1.7365140 1.7105027 1.6300370 1.6810468 1.5825474 1.6665690 1.4196610 1.7372587 1.7522796 1.7380289 1.7976457 1.7077398 1.8527301 0.0000010 1.6902730 1.8748069 1.6103130 1.6907822 2.5488496 1.9612217 1.8374788 1.2988277 1.7481938 1.6447790 1.5659571 1.8096819 1.8501977 3.4543743 1.7725939 0.0000010 1.7766505 1.5517250 1.9181293 1.8283856 1.7799235 1.7239517 0.9778485 1.7369321 1.8212609 1.8258854 1.6593086 1.6806261 1.9790576 1.7618655 1.7967613 1.4879186 1.6761617 1.8300449 1.7272340 1.6902586 2.1805689 1.6691362 2.5843740 2.2318024 1.9401987 1.5973627 1.7640352 1.8007424 1.6301918 1.6600528 1.7406349 1.6604921 1.9227592 2.1449416 2.6469494 3.3287561 2.4792167 2.9468914 2.2918736 2.0767452 3.2275998 2.4962124 9.0000000 2.3750510 2.2503887 1.7194609 2.8904242 2.8589132 2.3934227 2.0714934 2.2881445 2.4578770 2.3539591 2.7581592 1.8991035 2.1065930 2.1529127 1.6672450 0.0000010 0.0000010 1.6591815 0.0000010 0.0000010 0.0000010 0.0000010 0.0000010 2.5237013 4.9581323 0.2684631 
Mlei_ML4553.g11.i1                                               3.4365804 2.8257630 0.3344225 0.3746263 0.4083425 0.2766093 0.2814738 0.2814738 0.2033403 0.2719624 0.2662718 0.2463333 0.2215496 0.1442344 0.1916290 0.0174557 0.0000000 0.4245963 0.5179517 0.3921307 0.4746603 0.1879909 0.3642524 0.3829934 0.4550672 0.5099904 0.5650595 0.5785362 0.5785362 0.6086482 0.6086482 0.5394643 1.6842847 1.5610617 1.7018302 1.7485114 1.5179227 1.4196535 1.4806601 1.5022915 1.5071584 1.3180814 1.5284739 1.5619452 1.5132065 1.5583438 1.5519714 1.5722060 2.3898281 1.4894262 2.1661064 1.5630660 1.6104901 2.1357296 1.6651329 1.6543086 1.0532067 1.5941076 1.5056344 1.4468533 1.5846727 1.5098552 3.7067778 1.6333837 0.8837409 1.5621926 1.4729415 1.7615730 1.7532258 1.6957037 1.6660857 1.5106811 1.6107848 1.5958449 1.6970204 1.5891019 1.6102780 1.7470956 1.6437545 1.6406431 1.4772273 1.6367467 1.6885032 1.6621817 1.6743421 2.8451358 1.5376742 1.7063575 1.7732498 1.7097524 1.5973627 1.6280154 1.7154743 1.5834147 1.5986358 1.4785206 1.6299207 1.7577751 1.9783323 1.9587739 2.4834931 2.1066040 2.8516460 1.8787234 1.7361598 3.1936397 2.1517942 8.9999988 2.1302987 1.8805532 1.6592310 2.6040750 2.5273100 2.4078142 3.1985408 2.1975115 2.2449653 2.3568825 2.5477798 1.7143583 2.1134681 2.1529127 1.6672450 0.0000010 1.8407863 1.3020072 1.1551392 1.1551392 1.5881637 0.0000010 1.5740973 2.2189443 2.8506187 1.0484803 
Pbac_sb2639465                                                   6.3030322 4.1423159 0.4810444 0.4810444 0.5054755 0.5507032 0.5061363 0.5061363 0.0000010 0.4104858 0.4104858 0.4104858 0.3864184 0.4319994 0.4319994 0.4303030 0.4245963 0.0000000 0.0421816 0.0657955 0.0000010 0.5375403 0.5375403 0.7097708 0.7276952 1.0924785 0.8757289 0.6063962 0.6071121 0.6917868 0.6960143 0.5836843 2.0219448 1.8339620 2.0882358 2.0667248 2.2506777 2.2338499 1.9648426 1.9278085 2.0072297 1.7848471 1.9377815 1.9928816 1.9782477 1.9220579 2.0258186 2.0304194 0.0000010 1.9278578 2.2774559 1.5088250 2.1055474 0.0000010 2.6008440 2.1510497 9.0000000 1.9909692 2.0111113 1.8919612 2.0194308 1.8584879 0.4756813 1.9689109 0.0000010 2.2122395 1.6408721 2.5216315 2.2458298 2.1812965 2.2019412 0.5375403 2.0067575 2.1433732 2.2385964 1.7205401 1.7665537 2.2207481 2.0114507 1.8354457 1.8407643 1.9365527 2.1271035 1.9117990 1.9177723 1.8507846 1.8515049 4.0786416 4.6828130 1.8930658 1.6018150 2.0039434 2.0470359 1.9751260 2.0484026 2.0582692 2.0309992 2.1416132 2.4589340 3.3983816 3.5270101 2.9830954 2.9065933 3.0600283 2.2501219 2.8784290 3.3763906 8.9999980 3.3061353 2.9073261 1.9044759 3.3580360 3.3212191 2.9014363 1.2149580 2.7633052 3.1856410 2.5670941 3.5812684 3.7419184 2.1975165 2.3037007 1.7054648 0.5375403 0.5375403 0.9458935 0.5375403 0.5375403 1.5179505 0.5375403 0.5375403 4.5504583 5.9469207 3.7208305 
Pbac_sb2663505                                                   6.3030322 4.0340388 0.5736567 0.5736567 0.5200045 0.5701771 0.6130557 0.6130557 0.0000010 0.5017628 0.5017628 0.5017628 0.5114914 0.5486703 0.5486703 0.5265243 0.5179517 0.0421816 0.0000000 0.1018305 0.0000010 0.5375403 0.5375403 0.7384045 0.7365501 0.9557334 0.9550265 0.6919119 0.6939594 0.7131704 0.7179855 0.6654470 2.1198323 1.8943505 2.3112048 2.3830334 2.5813584 2.4900880 2.2775685 2.0612818 1.9692131 2.0590601 1.9601513 2.0447951 2.0246676 1.9606200 1.9982126 2.0432980 0.0000010 2.0268009 2.3056016 1.1996056 2.0194403 0.0000010 2.4179253 2.0281422 9.0000000 1.8227506 1.8324311 2.1294289 2.0035353 1.7928143 0.4756813 1.9785072 0.0000010 2.5044737 1.5851100 2.5874639 2.2893247 2.2389586 2.3512197 0.5375403 2.0156860 1.9883858 2.1044845 1.6879377 1.7729958 2.2044895 1.8985246 1.7372418 1.9210132 1.9461920 2.0694119 2.0334907 2.0743136 1.7438817 1.7396278 3.8009081 4.6155334 1.8442225 1.4123220 1.9541751 1.9404636 1.9222772 2.0255246 1.9227284 1.9572966 1.9738046 2.3314556 3.0869002 3.0276064 3.0298737 2.9524495 3.0387262 2.2356423 2.8994191 3.3848652 8.9999980 3.3567803 2.7334822 1.7874515 3.1620356 2.8827328 2.8624490 1.2149580 2.6403909 3.1628284 2.5407429 3.2786228 3.9370866 2.1388578 1.9365981 1.6335703 0.5375403 0.5375403 0.9458935 0.5375403 0.5375403 1.5179505 0.5375403 0.5375403 6.8444961 7.0415460 9.0000000 
Horcal_Hcv1.av93.c10.g532.i1                                     2.8795906 2.6954478 0.4223324 0.4752659 0.5456154 0.4786145 0.4664524 0.4664524 0.3192220 0.4055981 0.3684434 0.3637196 0.4125178 0.3501715 0.4337093 0.3989669 0.3921307 0.0657955 0.1018305 0.0000000 0.0350229 0.0430382 0.0199802 0.5489589 0.5273089 0.5387926 0.6578807 0.6338932 0.5911718 0.6618263 0.6048654 0.6170781 1.5413801 1.4741161 1.6351525 1.8948814 1.5097004 1.4164665 1.4482403 1.4743864 1.5644925 1.4107377 1.4816600 1.4693353 1.4617763 1.4307889 1.6506226 1.4993455 2.4738408 1.3313394 2.1740862 1.4962431 1.6372940 1.9895488 2.0084494 1.5209506 1.0364550 1.4935740 1.4474983 1.3892946 1.4869480 1.5617503 1.8138137 1.4996666 0.8196271 1.4512355 1.4489544 1.7310351 1.6015850 1.5948090 1.5809850 1.2763974 1.5564724 1.6272616 1.7233954 1.4291514 1.4335466 1.6565925 1.5262166 1.4876484 1.4539032 1.5377856 1.5630439 1.5646855 1.9461961 3.1526303 1.4359893 1.4008991 1.5682071 1.5488534 1.6254744 1.5751072 1.6371940 1.6237244 1.7363413 1.5972267 1.6845914 1.6791382 1.7809991 1.6694092 2.0356251 1.8501476 2.8850367 1.6466249 1.5487929 2.9777137 1.7775711 2.0332408 1.7879054 1.7014777 1.6944266 2.4396129 2.4212213 2.2183145 1.8567682 2.1760968 2.0769292 2.1353602 2.5318425 1.8018051 2.0944316 2.2286774 1.7274102 0.9624169 1.3820041 1.7105222 1.3719212 1.3719212 1.2690429 0.6045199 2.1878306 2.4399745 3.2607400 1.7617757 
Pbac_sb2639461                                                   3.2377625 1.2771614 0.0000010 0.0000010 0.0000010 0.5043825 0.5043825 0.5043825 0.5412112 0.4954761 0.0000010 0.4954761 0.0000010 0.3685600 0.0000010 0.0000010 0.4746603 0.0000010 0.0000010 0.0350229 0.0000000 0.0000010 0.0000010 0.4030309 0.5352548 0.5352548 0.5758379 0.6137512 0.6137512 0.6137512 0.6137512 0.0000010 0.7500886 0.8907342 0.9180838 0.0000010 1.0124186 0.9693528 1.2544259 1.8446986 1.6040137 1.7451784 1.4332309 1.4332309 1.4332309 1.2160853 1.3758156 1.2450139 1.1158139 1.2768053 9.0000000 1.5844628 1.6039889 1.9669036 1.1714974 1.5713901 1.1016454 1.3260344 1.3203418 1.5370565 1.3085384 1.9838545 0.0000010 1.5744041 4.9888970 1.3216043 1.0951430 1.4853398 1.2919123 1.1759809 1.0723586 1.4575611 1.2986723 1.3220187 1.2671643 1.3533936 1.4339460 1.3681234 1.0088756 1.4055529 0.9621972 1.7196694 1.7030563 1.2318456 0.0000010 0.8838788 1.1192704 1.0445100 1.1013544 1.2502991 0.0000010 1.1668244 1.0579274 1.7130776 1.7130776 1.7147782 1.7130776 1.2860237 1.2860237 0.8492075 1.0726095 1.7607909 0.0000010 1.2860645 0.9075175 0.0000010 1.3499858 0.0000010 1.2377285 1.0458731 1.3608765 1.4551177 1.5680970 1.3176476 0.0000010 1.4013300 1.3210975 1.4595838 1.1751861 0.8509160 0.0000010 0.0000010 0.0000010 0.0000010 0.0000010 1.3431439 0.0000010 0.0000010 0.0000010 0.0000010 2.0957262 6.1797043 7.6338780 0.0000010 
Pbac_sb2660215                                                   2.2291149 2.2291149 0.0000010 0.0000010 0.0000010 0.5153679 0.5153679 0.5153679 9.0000000 0.6771918 0.0000010 0.0000010 0.0000010 0.0000010 0.0000010 0.0000010 0.1879909 0.5375403 0.5375403 0.0430382 0.0000010 0.0000000 0.0251675 0.0000010 0.5972837 0.5666944 0.6588091 0.8374806 0.7012719 0.8374806 0.7012719 9.0000000 1.1091468 1.0525266 1.5674651 0.0000010 0.9318874 0.9505068 0.0000010 1.1816470 1.1818854 1.1572447 1.0477181 1.0434127 0.9297412 0.9597872 4.0122330 0.9075260 1.7637756 1.0336967 5.0113844 1.5278873 1.2771801 2.4049447 4.5169534 1.1653907 0.0000010 1.0421910 1.0388912 1.1760317 1.2041354 2.3009589 1.1978513 1.1720928 0.0000010 1.1182192 1.1949085 1.2564233 1.1191693 1.1084729 1.1250316 1.1472246 1.1297089 1.2548571 1.4238676 0.9396371 1.0482761 1.1239182 1.2588245 1.0590433 1.1100242 0.9944352 1.1300612 1.2822213 0.0000010 6.0047048 1.2677747 1.2677747 1.2994580 1.2563421 0.9015856 1.3213002 1.4274441 1.2077089 1.5209593 0.0000010 1.3121148 1.3018464 1.3018464 1.2560480 1.5533558 1.4437971 2.9967461 1.0750902 1.4447557 0.0000010 1.1335882 1.1335882 1.3062180 1.5110675 2.1124101 1.9038279 1.8739345 1.6741760 1.6741760 1.6377642 1.5744309 1.6942328 1.7435003 1.6243503 0.0000010 3.2950553 0.0000010 0.7514107 1.1570695 1.7683556 1.4080573 1.4080573 1.1850022 0.5258784 2.2666094 3.1329766 2.0362468 5.4684708 
Pbac_sb2665389                                                   2.5611770 2.5611770 0.0000010 0.0000010 0.0000010 0.4761943 0.4761943 0.4761943 0.2779862 0.5026486 0.0000010 0.3498036 0.0000010 0.2409756 0.0000010 0.0000010 0.3642524 0.5375403 0.5375403 0.0199802 0.0000010 0.0251675 0.0000000 0.9069306 0.5239400 0.5253523 0.6460154 0.7804367 0.7085386 0.7804367 0.7085386 5.7877786 1.2350939 1.2971248 1.4262401 0.0000010 1.1666306 1.2091300 0.7541857 1.2711927 1.4119330 1.2025581 1.2147812 1.2185086 1.1285596 1.0946948 1.5812118 1.2027052 2.5343012 1.1604765 2.8043977 1.5069281 1.4541723 1.8152632 2.0573811 1.1936217 0.7117764 1.1846294 1.0669572 1.1230723 1.2481957 1.2548843 1.7899242 1.2463895 0.7413516 1.1281872 1.3046594 1.3925093 1.3074306 1.3477127 1.3390285 1.3379100 1.3089685 1.3511331 1.4714264 1.2866091 1.2233052 1.3482578 1.3148502 1.2019831 1.3129977 1.2828674 1.3140030 1.4016705 0.0000010 7.0989334 1.2387399 1.2387399 1.4726871 1.3426648 0.9015856 1.4650136 1.4561949 1.5404721 1.7233969 1.0871223 1.6137811 1.5119058 1.5012623 1.2067272 1.4253050 1.5075211 2.9967461 1.3028591 1.4045137 0.0000010 1.4195360 1.7567624 1.5293634 1.5240955 1.7691432 2.0380455 1.9929500 2.0412831 1.9292919 1.8652004 1.6792617 2.0071026 2.1996908 1.7982358 0.0000010 3.2950553 0.0000010 1.0455285 1.4084905 1.7425333 1.4101657 1.4101657 1.3035944 0.5983982 2.1763643 2.2387290 1.0340109 4.7606747 
Lampan_Lpan_14669_01                                             5.8937401 3.1466083 0.4273786 0.4925229 0.5416441 0.4328532 0.4363947 0.4363947 0.4328403 0.3929691 0.4116797 0.3929691 0.5102481 0.4067559 0.4873313 0.4226246 0.3829934 0.7097708 0.7384045 0.5489589 0.4030309 0.0000010 0.9069306 0.0000000 0.4629823 0.4578010 0.5497648 0.5168431 0.5168431 0.5133005 0.5133005 0.5390346 1.7991182 1.6387790 1.6787187 1.7277213 1.5225673 1.4377781 1.4918072 1.4644739 1.4493999 1.2547365 1.3770555 1.3902651 1.4465697 1.4749146 1.4011208 1.4540786 2.0538134 1.5508414 1.6172136 1.2617804 1.4928576 2.0161862 1.4992629 1.5416450 1.1501725 1.5616775 1.5493519 1.3650438 1.5168369 1.6283613 2.4367747 1.5833756 1.8827905 1.4450025 1.2849397 1.6714744 1.4861396 1.5059570 1.5064852 0.8825521 1.7190637 1.6667949 1.7468516 1.4376414 1.6167092 1.6856841 1.5754817 1.6831209 1.5564283 1.7135150 1.6606411 1.6345906 2.6613040 2.3561396 1.5558976 1.5782074 1.6546318 1.6980832 1.9239265 1.6861469 1.7916455 1.5824762 1.5545548 1.6096945 1.5505942 1.7496206 1.9536383 2.0317106 2.3531385 2.1310623 2.8032708 1.7919137 1.9599348 3.2076306 2.1704014 8.8579323 2.2725875 1.8913000 1.4038556 2.3584419 2.2856097 2.1625010 2.0714934 2.1210399 1.8606692 1.9044821 2.3519369 1.4959984 2.0521379 1.5850994 1.3351139 0.0000010 0.0000010 1.0734254 0.0000010 0.0000010 0.0000010 0.0000010 1.0764842 2.9540533 5.0851188 0.4103857 
Coeast_Cast_sb790876                                             2.9940933 2.8465758 0.4800056 0.5732541 0.6870284 0.5443540 0.5368373 0.5368373 0.3221370 0.4697623 0.4925268 0.4191657 0.5624863 0.4161211 0.6047269 0.4757298 0.4550672 0.7276952 0.7365501 0.5273089 0.5352548 0.5972837 0.5239400 0.4629823 0.0000000 0.0785095 0.4555283 0.6686508 0.6055936 0.6772016 0.6004291 0.6982357 1.5720559 1.5249934 1.5456472 1.9128978 1.3877562 1.3247600 1.3690693 1.3827596 1.4383708 1.3293735 1.3439027 1.3330671 1.3046880 1.3323538 1.4161247 1.3457418 2.3750335 1.3574515 1.9539435 1.3313250 1.4294743 1.9244876 1.6879074 1.3454877 1.0184053 1.4812132 1.3237700 1.2692111 1.3587541 1.3055733 1.6032924 1.4006222 0.8567647 1.3672945 1.4451868 1.5330669 1.4912042 1.4287722 1.4291500 1.2014385 1.5852182 1.5192034 1.5861982 1.4752157 1.6287817 1.5799059 1.5090360 1.5286073 1.4372713 1.4640277 1.5713590 1.5870717 2.3189667 3.5579090 1.4388696 1.4011671 1.5564617 1.4962463 1.6994223 1.5528441 1.4820084 1.4522248 1.5317504 1.4716778 1.4627401 1.5070746 1.6399231 1.6452587 1.9423564 1.7416201 2.8539397 1.5520072 1.5497245 3.9057119 1.8507222 2.3278165 1.8343052 1.7228493 1.5835002 2.4215087 2.5088974 2.3503281 1.9936659 2.1436406 2.1525537 2.3117530 2.5811417 1.7211114 2.1435061 1.9017309 1.5642154 1.5349621 1.3472318 1.5142081 1.2133598 1.2133598 1.3317032 0.7074158 2.0068202 2.3778715 2.7825289 2.1094802 
Coemet_Cmet_scaffold3789_01                                      2.8106377 2.5083124 1.5425370 1.2516267 1.2516267 0.5911768 0.5911768 0.5911768 0.3391754 0.5119710 1.2516267 0.3924600 1.2516267 0.3686835 1.1206814 0.9738256 0.5099904 1.0924785 0.9557334 0.5387926 0.5352548 0.5666944 0.5253523 0.4578010 0.0785095 0.0000000 0.4531739 0.7926947 0.6864617 0.7882831 0.6795679 1.3138431 1.3455679 1.4173450 1.3754672 2.6378162 1.1640205 1.1482868 0.9762577 1.3411027 1.4256082 1.2641273 1.2930285 1.2782422 1.1908501 1.2272806 1.4086281 1.2415426 2.4828283 1.2123792 3.2330751 1.3584813 1.4492594 1.7863873 1.7721601 1.1855464 0.9223274 1.3053089 1.1451579 1.1357437 1.1908873 1.0464328 1.6723666 1.2574272 0.8504527 1.2179305 1.4233190 1.3479126 1.3463409 1.2870509 1.3536921 1.2610709 1.4361928 1.3878394 1.4900018 1.4144928 1.5119110 1.4762317 1.4667817 1.3039589 1.3524695 1.3461342 1.4801991 1.3812599 2.9136332 5.4653791 1.2343488 1.2379241 1.4776486 1.3802851 1.7956617 1.4320582 1.3281693 1.3884039 1.5381817 1.0850538 1.4006202 1.2975255 1.3544372 1.3350814 1.5428893 1.5169278 3.5825417 1.3084858 1.3181993 5.1557894 1.4661732 1.9781933 1.5259498 1.3648527 1.6812447 2.3255570 2.5104039 2.3258385 2.2220888 1.9632494 2.0363729 2.2319015 2.3016613 1.6629394 2.3578739 3.7635678 4.8186799 1.6790418 1.4786400 1.5353502 1.2364729 1.2364729 1.3955239 0.6897526 2.0033868 2.3848714 1.5150914 4.9961504 
Vmul_Simscaffold2063_01                                          2.7957345 2.7273923 0.6314838 0.7280044 0.7761117 0.6061292 0.6126919 0.6126919 0.3715920 0.5409893 0.6012292 0.4979265 0.7316112 0.5219426 0.7162789 0.5982102 0.5650595 0.8757289 0.9550265 0.6578807 0.5758379 0.6588091 0.6460154 0.5497648 0.4555283 0.4531739 0.0000000 0.7325879 0.7201369 0.7145875 0.6955294 0.8337050 1.6509693 1.5647434 1.6232572 2.0832012 1.5264740 1.3803146 1.5569661 1.5786593 1.5267736 1.5066208 1.4687368 1.4742856 1.4581463 1.4751306 1.6075739 1.4614714 2.3242343 1.3722849 2.2132561 1.3862677 1.5133133 1.8654908 1.9757170 1.4533643 1.0479857 1.5022399 1.4644309 1.3932966 1.5772313 1.5615011 1.8310308 1.6286741 1.0009171 1.5532708 1.5293471 1.8167519 1.7675206 1.7083186 1.6503091 1.2494060 1.6774111 1.6456249 1.6268638 1.6100273 1.6245071 1.6548568 1.5838391 1.6925493 1.5204154 1.4890105 1.5823266 1.6752406 2.2662923 3.2603731 1.5093453 1.4050971 1.6453893 1.6720496 1.8581283 1.5437058 1.4996447 1.6381760 1.7152568 1.6427047 1.6552296 1.6333299 1.8085987 1.7383801 2.2009633 1.7708304 2.9244018 1.6307707 1.6272864 3.5413086 1.8367285 2.1556789 1.8709708 1.7236541 1.7139034 2.4703247 2.4495518 2.3379769 2.0223548 2.2529742 2.0623520 2.2067884 2.6294368 1.8623138 2.3911665 2.4188800 2.0127551 0.9301731 1.2980311 1.7211153 1.2130029 1.2130029 1.3971027 0.7247255 2.1642043 2.3360709 3.0481051 2.3136707 
Eupdun_Edun_sb10672996                                           3.0161481 2.7113655 0.5791503 0.6455199 0.6366761 0.6967447 0.6954647 0.6954647 0.4505966 0.6242475 0.5284008 0.5209718 0.5005293 0.4955176 0.5567699 0.5283148 0.5785362 0.6063962 0.6919119 0.6338932 0.6137512 0.8374806 0.7804367 0.5168431 0.6686508 0.7926947 0.7325879 0.0000000 0.0000010 0.0021167 0.0023832 0.0073842 1.7584680 1.5624523 1.6213777 1.9431726 1.5965034 1.4520342 1.4975506 1.4332239 1.5241380 1.4716771 1.4104656 1.4296893 1.4052836 1.4241236 1.5681414 1.4434017 2.6157925 1.3933959 2.0565112 1.5414132 1.6432113 1.8229659 2.0842085 1.5392497 1.0513727 1.4532890 1.4774226 1.3727074 1.5648555 1.7072849 1.7243595 1.5641763 1.1051070 1.4693635 1.4136670 1.7299269 1.6071714 1.6885372 1.6786230 1.4625015 1.7018506 1.7806265 1.8131378 1.4568687 1.4546027 1.6662704 1.5162464 1.5148111 1.4324945 1.5100351 1.5336831 1.6323665 2.0246174 3.2453978 1.5503509 1.5014073 1.6014781 1.6394015 1.7043860 1.6319193 1.6845554 1.5807104 1.6623999 1.5459651 1.6323599 1.7091668 1.8280104 1.7155436 2.3253554 1.7593453 2.8241097 1.7642808 1.6045472 3.2855528 1.8818469 2.5349425 1.8110009 1.7650566 1.6441784 2.3732364 2.5921019 2.2306023 2.0858241 2.1076645 2.1505811 2.2069779 2.5074764 1.9035425 2.1158488 2.4923647 1.8264976 0.9443894 1.3402880 1.4923532 1.3716805 1.3716805 1.3188318 0.8603609 2.1125119 2.6738073 3.1398296 2.2679259 
