118
Emue_Em0011g533a.t1                                     0.0000000 1.5762029 1.7256572 1.9989786 1.3944718 2.4003785 0.5277156 2.8584323 3.7297221 2.7833875 5.2042033 3.4452345 4.0895223 7.0966117 6.6545237 2.0057754 3.2302696 3.0368947 4.0829605 2.9989480 2.9739309 2.8887639 2.5332716 2.8157839 2.8925264 3.1710441 3.0242687 2.4269394 3.1491175 2.8808564 2.4463226 2.8423648 2.7970229 2.5968762 3.4349967 2.9069862 3.0420858 2.6402360 2.0239001 4.9093235 3.3746091 2.9308021 2.3436478 4.9282738 8.5272439 3.4399058 3.1916931 3.2009145 3.2050053 3.1923045 3.1656000 2.9345949 3.0154014 3.9312678 3.5489239 2.9013322 2.6863419 3.0754142 2.5450002 3.0415311 3.3717263 3.3717263 2.9596654 3.8374700 3.2995609 3.7839372 2.4401687 3.1917549 3.5458640 2.6057608 2.4536417 4.3109813 3.3242006 1.6544253 4.4870582 4.1429283 4.6621456 4.7522715 2.7398881 5.3918490 3.8000673 4.9124667 4.7029630 4.9823036 3.8600629 5.5439320 4.6110644 3.9070543 4.5877922 5.8630389 3.6415154 3.2850308 3.5296679 3.2707257 2.3824812 4.2017356 3.7576003 5.0579358 3.8964759 3.8728563 4.1798703 3.8571153 3.5642544 3.9735472 3.0205511 5.8221850 3.7540098 3.7540098 3.8712958 8.9999990 3.2366812 4.0075820 4.0917354 3.9324552 3.9169783 3.9389102 5.2343821 1.6185303 
Emue_Em0011g536a.t1                                     1.5762029 0.0000000 0.1566468 0.9820567 0.5864790 0.6146521 0.6347447 0.9802440 1.3313855 0.9617582 0.6499081 0.6391288 0.4857501 0.7161947 1.0558757 1.1019971 1.3559424 1.0935087 0.9870095 1.4458027 1.2653033 1.2416649 0.8969966 1.4459768 1.3663963 1.3493685 1.1946360 1.2163035 1.1672694 1.2004921 1.0262108 1.2260808 0.7468047 1.1227165 1.5405270 1.3711764 1.3451414 1.1617922 1.8164916 1.2816542 1.0192215 1.2258074 1.2950107 1.6673819 1.9472349 1.3978890 1.3924889 1.3990450 1.3774905 1.3468423 1.3293179 1.2977964 1.4078357 1.5990592 1.1336541 1.2518487 1.1477168 1.4287043 1.1761534 1.4014812 1.4944955 1.4944955 1.0474654 1.7775524 1.4524545 1.6760779 1.5185982 1.4095400 1.6220285 1.4179162 0.7275188 2.4467031 1.7467092 1.2818724 2.2697509 2.7521705 2.2899884 2.2997448 1.6580546 2.5086485 2.1733519 2.2209342 2.2984721 1.9323734 2.5684240 1.9934329 2.5233619 2.0956257 1.8704568 3.4544866 2.0799643 2.1365416 1.9971698 2.0981937 1.8347842 2.0613469 2.8002114 2.8705311 2.0497259 2.0907638 2.2269466 2.0746492 2.0464426 2.1215400 2.9631785 2.8273493 2.2303863 2.2303863 2.0740350 1.8351524 2.2635729 2.2405374 2.4173765 2.2849279 1.8233526 2.2078451 1.1337509 1.6816282 
Spolac_c40736_g1_i1_m.1105c23835-g1                     1.7256572 0.1566468 0.0000000 0.6640802 0.4663925 0.5636688 3.3416897 0.7595400 1.0102813 0.9682647 0.0000010 0.0000010 0.0000010 0.0000010 3.8162704 0.8594866 1.0048638 0.7816946 1.1067669 1.1682928 1.1643547 1.0950046 0.0000010 3.5692001 0.0000010 1.0170551 1.0689846 0.9433693 0.7899247 0.7899930 0.8309347 1.0422278 0.0000010 0.7073840 2.6816401 2.7493975 1.3013907 0.0000010 2.3914204 0.0000010 2.2056956 1.0131148 0.6127545 1.6127886 1.8910897 1.2731195 1.3771252 1.3771252 1.3270096 1.3270096 1.3645718 1.1432777 1.3658714 0.0000010 1.8945203 0.9893367 0.9893367 8.9999988 1.2060848 1.3210519 1.0033272 1.0033272 0.9884481 1.1459927 0.0000010 2.9957608 1.1950978 1.2337578 1.6215100 0.7086007 1.8157793 2.3550125 1.2060206 1.0052546 1.9544800 0.0000010 1.9471668 1.9252406 1.6072384 1.7791087 1.1457519 2.0319943 1.9678741 0.0000010 0.0000010 1.7992543 0.0000010 1.6746336 2.0074810 1.6746336 1.6795741 2.3468764 1.7696431 1.4789051 1.7324098 1.7222684 8.9999981 3.6534746 1.5537146 1.5287564 1.6582467 1.5495140 1.5391609 1.6954131 0.9198728 3.4024848 1.8399402 1.8399402 1.7251982 0.0000010 1.6662438 1.6989728 2.2705284 2.4854969 1.6577887 2.1632936 0.8978546 2.3557341 
Tetwil_g5168.t2                                         1.9989786 0.9820567 0.6640802 0.0000000 0.3318884 0.4123215 1.3894392 0.9880747 0.9258145 1.0961281 0.0000010 1.1253723 0.0000010 0.0000010 3.9179938 0.9433554 1.2491528 0.9933996 0.4452232 1.4807896 1.4139463 1.5319596 1.4589249 2.0423218 1.9997299 1.5941158 1.0428197 1.2656056 0.9907741 1.1544143 0.9402514 1.4240125 0.0000010 1.3630271 1.9302163 1.7566474 1.7274543 2.4594896 1.7041229 0.0000010 0.0000010 1.2877121 0.9861386 1.0690410 1.4447176 1.6364902 1.7358008 1.7350811 1.6497276 1.5638612 1.5454743 1.2948734 1.6532621 0.0000010 1.9064347 1.4402854 1.0658831 3.1599232 1.3783452 1.3948269 1.2946482 1.2946482 0.8377344 1.2689184 1.8987720 2.9018651 1.4411603 1.5524247 1.7784298 1.7923892 1.4163871 2.3905885 1.4753973 1.2003405 2.3499297 4.0348633 2.3976987 2.3896757 1.3538937 2.3735358 1.9713016 2.1958794 2.3322262 0.0000010 2.3940164 1.7390834 3.0064652 2.2540940 1.9067721 2.6166339 2.1674988 1.7595528 2.0453229 2.1212220 1.8581402 2.2771607 4.3812105 2.7161604 2.2779311 2.3291333 2.6451054 2.2864578 2.0358325 2.3988375 4.6981130 2.7397788 2.6061497 2.6061497 2.2718124 0.0000010 2.4135570 2.5704647 2.7554036 2.7169832 2.1319415 2.3287318 1.2039200 1.3898546 
Stycar_maker-SC_scaffold20249-snap-gene-0.5-mRNA-1      1.3944718 0.5864790 0.4663925 0.3318884 0.0000000 0.0047426 3.2533767 0.6667565 0.8478100 0.7669492 0.0000010 1.3524161 0.0000010 0.0000010 3.1814178 0.7257313 0.8252791 0.7714741 0.3430475 0.9199454 0.9369536 0.9842175 0.0000010 2.1559823 1.1750338 1.0052805 0.9476270 0.7746902 0.9030915 0.9310160 0.8549024 0.8835091 0.0000010 0.8227956 1.7451047 1.1322100 1.1334656 2.5228276 1.5626062 0.0000010 2.6542495 0.8589534 0.8443442 1.0750721 1.2133509 1.0745011 1.1254232 1.1254232 1.1208925 1.1186093 1.0529305 0.9033826 1.1233687 0.0000010 1.7434999 1.0588519 1.0595728 6.8747266 0.8854589 1.1182117 0.8945474 0.8945474 0.7240858 0.9284032 0.0000010 3.9176647 1.0013186 1.0675967 1.3365119 1.1295939 2.4402110 1.9146972 1.6394958 1.3116704 1.7309768 0.0000010 1.6462660 1.6578394 1.6078101 1.7804126 1.4391129 1.6375359 1.6778445 0.0000010 1.7244174 1.2408612 1.7681376 1.8573309 2.0543925 1.8573309 1.6638891 1.6218211 1.5996942 1.5764096 1.8072399 1.7930864 8.9999984 2.6830454 1.7916043 1.7887477 1.7406994 1.8307906 1.6229583 1.9489461 8.9999982 3.0483148 1.9410823 1.9410823 2.0287722 0.0000010 1.8726814 1.8008780 2.0503006 1.9247809 1.4994347 1.7949087 0.6023080 3.4043776 
Stycar_maker-SC_scaffold102727-augustus-gene-0.4-mRNA-1 2.4003785 0.6146521 0.5636688 0.4123215 0.0047426 0.0000000 3.0623218 0.6632107 0.8430106 0.6656509 0.0000010 0.4414777 0.0000010 0.0000010 3.3504445 0.7967740 1.0627619 0.7595198 0.2060076 1.0369317 1.0274832 1.0590324 0.0000010 1.8944914 0.3742950 1.1108976 1.1844494 0.8629120 0.9423320 0.8907362 0.9403219 1.0013799 0.0000010 0.7817550 2.2072992 1.9374917 1.1630039 0.0000010 1.7241355 0.0000010 3.6022399 0.9033990 0.7817291 1.3508893 1.6144261 1.1610386 1.2622521 1.2622521 1.2429288 1.2429288 1.1746956 0.9793502 1.3462861 0.0000010 1.8924322 1.0894823 1.0884427 8.9999989 1.0476562 1.1536752 0.9265488 0.9265488 0.9981590 1.0884762 0.0000010 2.9324124 1.1420041 1.2372007 1.8751991 1.0084684 3.0340074 2.3817406 1.5430730 1.4365463 1.9584214 0.0000010 1.9832549 1.9859441 1.6286955 1.8709322 1.4192151 1.9713858 2.0467500 0.0000010 1.5883921 1.4741352 0.9195433 1.8706333 2.0211013 1.8706333 1.6187060 1.7529995 1.6404830 1.6184907 1.8072399 1.7607979 8.9999983 3.8447432 1.7408935 1.7049716 1.7460373 1.8812157 1.5370864 1.7507574 8.9999986 3.8421389 1.8566341 1.8566341 1.7434054 0.0000010 1.6330856 1.6662678 2.0667830 2.5110949 1.6405810 2.0505121 0.6023080 3.6157945 
Spolac_c23835_g1_i1_m.552c23835-g1                      0.5277156 0.6347447 3.3416897 1.3894392 3.2533767 3.0623218 0.0000000 1.9575398 7.2535543 2.0021180 0.0000010 0.7757917 0.0000010 0.0000010 4.9319452 1.9147453 5.4385069 4.7978208 0.0000010 2.5023384 1.9706899 2.3318720 1.0478215 1.4979770 1.7047721 2.9852354 4.1707308 2.4236379 5.0277601 2.1347430 4.1929125 2.0809679 0.0000010 1.8089584 2.1992895 2.0621936 2.1732574 1.7042523 2.2053005 0.0000010 0.0000010 2.2608519 3.1477373 4.1098256 6.2994647 3.2455360 3.1669599 3.1669599 2.9880058 2.5230918 2.4759193 2.1677010 2.3219791 0.0000010 1.9381181 2.3528839 3.3572954 2.1465534 2.2511589 2.5238286 2.5354517 2.5354517 3.0466697 4.7069813 1.9258350 2.0763676 2.5275280 2.2635751 2.5878766 2.4801860 1.2901428 8.9616462 4.0193009 4.1632381 4.5475393 4.1113406 4.6972163 4.6596718 6.4474776 5.4594488 3.9521707 4.5704564 4.6027505 0.0000010 3.7493346 4.5571377 4.6872734 3.3905165 4.8767576 6.3601402 3.3733080 4.3997167 2.8072580 3.1126747 9.0000000 3.2372692 2.8360858 7.0231741 3.2161923 3.4117617 3.1071359 3.1350863 3.3910972 3.1769041 2.8853111 5.8485129 3.5952269 3.5952269 3.6990454 0.0000010 3.4864427 3.8540543 3.8161665 2.7830392 3.2322228 2.8772187 1.4509868 1.5446286 
Plespi_Pspi_C613602_01                                  2.8584323 0.9802440 0.7595400 0.9880747 0.6667565 0.6632107 1.9575398 0.0000000 1.1800917 1.1103819 0.9042700 0.8908070 0.7080546 0.6057655 1.1822793 1.0720648 1.1952761 1.0142883 1.0905630 1.3411132 1.3380397 1.2711446 1.1041157 1.4756928 1.3980620 1.4981426 1.0317738 1.2392133 1.0301942 1.1219170 0.8427527 1.3056480 0.9688952 1.2791020 1.6383917 1.5418948 1.3928710 1.6109824 2.1512984 1.6167335 1.5206324 1.2902436 1.2229666 1.0547463 1.2271744 1.3907099 1.3779029 1.3798297 1.3975575 1.3584559 1.2903094 1.3017083 1.4679307 1.7097835 1.4948280 1.2349750 1.0082763 1.5286162 1.2305907 1.2938076 1.5312379 1.5312379 0.8486019 1.3985832 1.7073555 1.9759337 1.5333224 1.4480253 1.5113640 1.5418781 1.2270132 2.4237711 1.7006985 1.3980590 2.2988023 2.4241511 2.3565872 2.3907242 1.9341348 2.3081600 2.1184713 2.1047850 2.2846798 2.2110336 2.6627899 2.0449538 3.1449717 2.1674875 2.0967066 3.6851272 2.1188110 2.7594283 2.0754840 2.0286260 2.0057624 2.2726342 3.2627516 2.7747729 2.0650636 2.1447807 2.1768343 2.0576662 2.0632432 2.2049838 3.8115665 2.7610870 2.2340609 2.2340609 2.0609230 1.8578282 2.3853797 2.3697668 2.3864659 2.4134432 1.6823758 2.1909931 1.0208708 1.6976564 
Aque_Aqu2.1.00339_001                                   3.7297221 1.3313855 1.0102813 0.9258145 0.8478100 0.8430106 7.2535543 1.1800917 0.0000000 0.0428109 1.6993611 1.4937447 2.9114116 4.9385550 2.9114116 0.7798449 0.4702776 0.4837801 1.6577064 1.1456196 1.2386184 1.3976602 0.0000010 2.4785697 2.0313933 1.2900944 1.4103098 1.2793951 1.3358033 1.4993128 1.4425173 1.4115105 0.0000010 1.3849787 1.4867927 1.3406795 1.8027783 9.0000000 2.2015830 9.0000000 0.0000010 1.2529967 1.2568004 1.4527847 0.0000010 1.2984755 1.4089270 1.4089270 1.4326050 1.4085687 1.4726398 1.4856403 1.3963510 0.0000010 1.3438024 1.5260672 1.6477569 4.7946303 1.3400240 1.2829491 1.4031163 1.4031163 0.3484035 1.2866116 9.0000000 5.9869326 1.1734964 1.4238317 1.4159460 1.5987157 2.6227153 0.0000010 1.5552824 1.3449910 1.6779180 0.0000010 1.8067318 1.7947158 1.0569653 1.8797495 1.9222763 1.9580097 1.7211963 7.9776814 1.9072856 1.3503896 1.8941563 2.2995823 0.0000010 2.4014676 2.1840694 0.0000010 2.0599334 1.7953749 0.0000010 2.1438219 0.0000010 2.3161021 2.1855047 2.2027432 2.5796915 1.9598544 2.3279959 2.2422554 9.0000000 2.1346590 1.8025583 1.8025583 1.8582676 5.7840860 2.1506123 2.3743806 2.3692875 1.9664405 1.4203252 2.1377310 1.9901066 0.0000010 
Aque_Aqu2.1.36707_001                                   2.7833875 0.9617582 0.9682647 1.0961281 0.7669492 0.6656509 2.0021180 1.1103819 0.0428109 0.0000000 0.0000010 0.3347759 0.4205868 0.8490494 1.1518717 0.8776860 0.6220703 0.4560477 1.0153147 1.3981689 1.3239169 1.2892968 1.1417450 1.3746132 1.3778342 1.5656503 1.3873495 1.3226518 1.3506579 1.2915931 1.2386646 1.3549488 0.8594577 1.2612794 1.6461854 1.4646775 1.4375958 1.3159978 1.8869986 1.5157231 1.2858354 1.2425008 1.4689572 1.5722512 1.8082463 1.4157890 1.4399971 1.4292314 1.4402288 1.4016297 1.3672178 1.2729212 1.4676918 1.6345349 1.3298502 1.3962970 1.1830099 1.6604425 1.2200361 1.3225842 1.6104177 1.6104177 1.1793329 1.7901166 1.4420111 1.8636022 1.5770677 1.5072598 1.6873108 1.4171157 0.9404407 2.5620997 1.3366700 1.2912488 2.2933085 2.7691067 2.2781576 2.3381304 1.7401614 2.4778873 2.1436588 2.2309056 2.3166958 2.2233230 2.9372277 2.2647113 2.9663393 2.0900633 2.0800981 3.4834240 1.9881796 2.4823308 2.0696186 2.0338627 1.7321435 2.0820769 2.8827340 2.8004147 2.0773293 2.1877712 2.3158161 2.0291191 2.0138583 2.0721712 2.8699124 2.5613644 2.2453188 2.2453188 2.0079184 2.2531937 2.1966764 2.3293054 2.3626190 2.3527175 1.6899016 2.1114458 1.5389996 1.5932270 
Aque_Aqu2.1.06783_001                                   5.2042033 0.6499081 0.0000010 0.0000010 0.0000010 0.0000010 0.0000010 0.9042700 1.6993611 0.0000010 0.0000000 0.3382766 0.4274165 0.8490494 0.7596316 0.0000010 3.5784985 0.0000010 1.0329924 1.2049530 1.0879755 0.9910750 1.1222662 1.1822477 1.1913926 1.1691621 2.5773577 1.0174503 3.0074533 1.1400648 2.5287064 1.0073687 0.8594577 0.9871581 1.0472439 1.0318125 1.0508341 1.0115057 0.0000010 1.5157231 1.0530810 1.0065438 3.0350397 0.0000010 0.0000010 1.0136014 1.0347235 1.0190322 1.1289750 1.1289750 1.0501469 0.9984431 1.0697067 1.6345349 1.1551514 1.0085591 0.0000010 1.0494042 0.9312537 1.1255531 1.3524305 1.3524305 0.0000010 0.0000010 1.2777886 1.3852709 0.0000010 1.4110415 1.4612041 0.8600761 0.6958674 0.0000010 0.0000010 0.0000010 2.1378461 2.4464514 1.9931448 2.1131485 0.0000010 0.0000010 1.6405686 1.8711923 2.1890286 2.2233230 7.7687617 3.1394819 2.7600930 1.6461453 0.0000010 5.0153522 1.6897657 0.0000010 1.9219721 1.9903920 0.0000010 1.8325123 1.7262540 0.0000010 1.6081162 1.6399290 1.8168131 1.5641423 1.7933305 1.8080434 1.9344568 0.0000010 1.8551270 1.8551270 1.8925547 2.2577695 2.1916685 2.1007430 1.8174335 1.8650475 1.3371937 1.6948401 1.5014103 9.0000000 
Halamb_c46805_g1_i3mm.2067                              3.4452345 0.6391288 0.0000010 1.1253723 1.3524161 0.4414777 0.7757917 0.8908070 1.4937447 0.3347759 0.3382766 0.0000000 0.3952506 0.6120785 0.6698082 1.8887354 1.1820577 1.0046110 0.9313853 1.1817270 1.0139506 1.0063900 0.9450551 1.0594212 1.0919144 1.0069347 2.9721917 0.9699329 3.4681519 1.0904229 2.5544081 0.9502454 0.7372498 0.9115448 0.9675380 0.9414464 0.9708893 0.9657736 0.0000010 1.3934977 1.0217066 0.8912857 2.2147795 0.0000010 0.0000010 1.0921134 1.0541928 1.0603236 1.0453788 1.0162051 0.9521915 0.9611277 1.0262894 1.6336010 1.0273388 0.9976203 0.0000010 0.9972893 0.9116315 1.1139350 1.3694931 1.3694931 0.0000010 1.8325021 1.2517181 1.3972167 1.8289157 1.3243364 1.2601778 0.9095652 0.7241390 0.0000010 0.0000010 1.1914270 2.1013842 2.3984008 2.2043679 2.2029741 0.0000010 1.8740290 2.7779073 1.9980463 2.0537653 1.8998734 2.9107527 3.6665743 3.8095865 1.5519940 0.0000010 4.9463422 1.4876506 0.0000010 1.6689501 1.5274115 0.0000010 1.6829370 1.6357356 3.3764725 1.5189031 1.6035075 1.6260721 1.4881325 1.6077262 1.6506056 1.6875230 3.1255624 1.7355689 1.7355689 1.6205041 1.9285949 1.7560969 1.8079666 1.7309168 1.6884645 1.4346431 1.5665059 1.2766577 9.0000000 
Xestes_maker-XT_scaffold126003-snap-gene-0.6-mRNA-1     4.0895223 0.4857501 0.0000010 0.0000010 0.0000010 0.0000010 0.0000010 0.7080546 2.9114116 0.4205868 0.4274165 0.3952506 0.0000000 0.4906753 0.6984032 0.0000010 1.6630922 0.0000010 0.8913246 0.9683518 0.9044173 0.8336966 0.7443171 0.9692696 1.0353288 0.9782844 1.9711352 0.7970233 2.4901982 1.0296299 0.8707169 0.9239720 0.7686573 0.8512383 0.9246261 0.9288395 0.9660091 0.9140810 0.0000010 1.4802354 1.0299759 0.9101625 2.0911470 0.0000010 0.0000010 0.7768929 0.8060674 0.7938861 0.8260362 0.8260362 0.8655811 0.9021376 0.8868608 1.5325570 0.9622934 0.8703896 0.0000010 0.8851934 0.7787275 0.9001763 1.2815429 1.2815429 0.0000010 0.0000010 1.2513109 1.3058529 0.0000010 1.2561105 1.2645998 0.7415850 0.5599708 0.0000010 0.0000010 0.0000010 1.8173769 1.9364338 1.9611362 2.0857770 0.0000010 0.0000010 1.8959580 1.5981701 1.8074911 1.8989247 1.5450435 2.9373972 2.7115594 1.4053175 3.1861786 4.6912877 1.5379515 0.0000010 1.6897779 1.8673195 0.0000010 1.7430719 1.5184758 0.0000010 1.4739073 1.4930111 1.6403647 1.4763000 1.5907330 1.6277448 1.5013895 0.0000010 1.6931817 1.6931817 1.5394383 2.1509238 1.8578457 1.8108732 1.5877519 1.7383077 1.2570455 1.6310204 1.0988822 1.4511741 
Stycar_maker-SC_scaffold15968-snap-gene-0.2-mRNA-1      7.0966117 0.7161947 0.0000010 0.0000010 0.0000010 0.0000010 0.0000010 0.6057655 4.9385550 0.8490494 0.8490494 0.6120785 0.4906753 0.0000000 0.4211888 0.0000010 4.1491625 0.0000010 1.2422954 1.4593524 1.0221614 0.9502753 0.0000010 1.6946793 1.7041743 1.2264518 0.0000010 1.5656491 0.0000010 1.6179454 1.2398528 1.4821900 0.0000010 1.2989410 1.5466043 1.4799303 1.5240391 1.3671263 0.0000010 5.2988928 0.0000010 1.3657774 0.0000010 0.0000010 0.0000010 0.9172520 0.9304250 0.9304250 0.8964520 0.8964520 1.1310426 1.1450532 1.0031588 9.0000000 9.0000000 1.3432815 0.0000010 1.2530889 1.0430851 1.0953900 1.5939279 1.5939279 0.0000010 0.0000010 1.8446263 1.9990609 0.0000010 1.6755812 1.6115645 0.0000010 8.1867607 0.0000010 0.0000010 0.0000010 2.7398044 0.0000010 2.3274526 3.0179556 0.0000010 0.0000010 0.0000010 2.3629923 2.3812455 2.3435341 0.0000010 2.4175178 0.0000010 2.0137691 7.9703611 4.8145325 2.8754145 0.0000010 2.4907370 2.9109521 0.0000010 2.1346762 0.0000010 0.0000010 2.1598115 2.3067216 1.7827827 2.1331139 3.3559771 2.6810403 3.3268390 0.0000010 2.5402414 2.5402414 2.8339269 2.2861156 0.0000010 2.2285220 1.7765908 2.4731997 1.4580760 2.6018112 1.2209109 0.0000010 
Tetwil_g25102.t1                                        6.6545237 1.0558757 3.8162704 3.9179938 3.1814178 3.3504445 4.9319452 1.1822793 2.9114116 1.1518717 0.7596316 0.6698082 0.6984032 0.4211888 0.0000000 3.2264615 3.9081867 4.0618214 1.2015178 2.0066252 1.7440344 1.5869156 3.0242390 1.4810880 1.5076627 1.6665632 4.5231151 1.6961047 4.4959396 1.7515709 4.2311015 1.7073392 1.4310620 1.4982923 1.8711452 1.5134902 1.6717116 1.5518837 0.0000010 2.9244590 5.0520260 1.7872975 3.1950555 5.9998430 8.9999990 1.5890934 1.6179500 1.6179500 1.5737641 1.5737641 1.5420682 1.3451564 1.7614596 3.4667992 2.2708370 1.5742313 4.7481165 1.2241683 1.4716849 2.0292692 1.9227511 1.9227511 4.7473418 4.5509565 1.7584006 1.7391734 5.1413636 1.8118456 1.8978913 1.5980527 1.5001807 6.5049435 3.8610387 8.1851247 2.6871677 4.8219698 3.0846880 3.2446620 8.1843238 3.2114105 5.5137546 2.5107660 2.8951011 2.3519236 0.0000010 3.0259456 3.8875823 1.9763284 4.5577418 5.5959145 2.4639770 9.0000000 2.3997869 2.4797313 5.8709256 2.2031428 3.8430494 1.3173038 2.1241232 2.2724001 2.1985155 2.1702123 2.6292398 2.3613950 3.0030336 0.0000010 2.3632663 2.3632663 2.3496091 2.0904993 2.3851843 2.5081026 2.1115622 2.3320606 1.8536341 2.4722819 1.0720134 9.0000000 
Xestes_maker-XT_scaffold1605-augustus-gene-0.21-mRNA-1  2.0057754 1.1019971 0.8594866 0.9433554 0.7257313 0.7967740 1.9147453 1.0720648 0.7798449 0.8776860 0.0000010 1.8887354 0.0000010 0.0000010 3.2264615 0.0000000 0.7613198 0.6029435 0.1585553 1.2997729 1.4580680 1.3789066 0.0000010 2.3060121 1.9527892 1.7552228 1.1967581 1.3916919 1.0575364 1.2029192 1.1532234 1.4233116 0.0000010 1.3097290 1.9890539 1.7660289 1.6677667 2.4479399 1.6680614 0.0000010 1.8601681 1.3493950 1.1428551 1.3620882 2.0522163 1.4356579 1.5365113 1.5334855 1.5909620 1.5692384 1.6239997 1.4827246 1.6619336 0.0000010 2.3894163 1.4652972 1.2249673 3.4928206 1.4127813 1.4081248 1.4890601 1.4890601 1.0408873 1.5074774 1.5048902 4.3295503 1.5248617 1.5044999 1.8304674 1.5666720 1.9608696 2.7419239 1.3154008 1.1945474 2.3059691 4.0015086 2.1480395 2.1266309 1.9517196 2.3544935 1.8138576 2.1851471 2.1614741 0.0000010 2.3171857 1.6963517 2.8580612 2.4123581 2.4573260 2.5603084 2.3023289 2.8777501 2.1167974 2.2361847 1.5231918 2.3091843 5.6692761 2.7347959 2.5228309 2.4639271 2.6681461 2.4218900 2.1247692 2.6746523 4.9749343 3.1070593 2.7499616 2.7499616 2.2537649 1.9294509 2.4202003 2.6390547 2.8523013 2.8588417 2.0164005 2.8231548 0.4267749 1.6253095 
Halamb_c51608_g1_i2m.30967                              3.2302696 1.3559424 1.0048638 1.2491528 0.8252791 1.0627619 5.4385069 1.1952761 0.4702776 0.6220703 3.5784985 1.1820577 1.6630922 4.1491625 3.9081867 0.7613198 0.0000000 0.1351222 0.2228170 1.4231828 1.4677992 1.4928658 0.0000010 2.6960300 2.4092123 1.4988148 1.3989150 1.5307849 1.1810995 1.3364830 1.3639440 1.6007785 0.0000010 1.2663733 2.8230791 1.8577022 1.8565566 1.9486227 3.3068048 1.9294509 1.7684663 1.5457831 1.2508492 2.2323160 8.3120129 1.5376554 1.6512484 1.6512484 1.6553570 1.6969833 1.6611387 1.5858621 1.6987328 0.0000010 2.5794146 1.5489792 1.3320828 3.8052715 1.4728885 1.7392221 1.4302503 1.4302503 1.0618425 1.4396876 2.3499544 5.7479039 1.4408859 1.6803070 1.5794327 1.3176133 3.2533928 3.2076628 1.1764130 1.2286722 2.2621553 0.0000010 2.2574043 2.2171896 1.5608458 2.2125531 1.8290393 2.2826912 2.3441716 4.1491625 2.7424388 1.8584853 3.8273825 2.2527563 7.0551463 2.3879761 2.2206514 5.4242204 2.1226018 1.8137459 1.3678598 1.8717951 8.9999988 2.6400328 2.3899138 2.3343620 2.5550696 1.9676337 2.1450394 2.4434719 7.3751222 2.9054093 2.1987074 2.1987074 2.0856193 9.0000000 2.0139116 2.1730890 2.4616001 2.0930350 1.8115157 2.3013258 1.0175330 3.2559638 
Halamb_c51608_g2_i1m.30968                              3.0368947 1.0935087 0.7816946 0.9933996 0.7714741 0.7595198 4.7978208 1.0142883 0.4837801 0.4560477 0.0000010 1.0046110 0.0000010 0.0000010 4.0618214 0.6029435 0.1351222 0.0000000 0.4713460 1.2602948 1.3290091 1.3307570 0.0000010 2.7775111 2.4706222 1.4296976 1.2096443 1.2353947 1.0891152 1.1899840 1.1072899 1.4179883 0.0000010 1.3099248 2.1363561 2.1211605 1.5818352 3.0934222 2.3283414 0.0000010 1.7684663 1.3349623 1.2669711 1.4579507 1.8298245 1.3663143 1.4994286 1.4994286 1.4796209 1.5132829 1.5281065 1.3695036 1.6197868 0.0000010 2.6420526 1.3718648 1.1392444 5.7917190 1.3031100 1.4511315 1.4749166 1.4749166 1.0949784 1.4790929 7.5049208 5.6704873 1.3458569 1.4986819 1.7962464 1.2949130 2.8899687 2.7552567 1.2047217 1.2475406 2.1380686 0.0000010 2.1899642 2.1652408 1.8321959 2.0393270 1.7712602 2.1401664 2.1854265 0.0000010 2.7325261 1.8341542 3.4524571 1.9609439 2.5787147 2.0042256 1.8956991 2.7481239 1.9521809 1.7982472 1.5277129 1.8921402 8.2157658 2.5622747 2.2142990 2.2029934 2.1852634 1.9453100 1.9534761 1.9851801 8.4487863 2.7978007 2.1560250 2.1560250 1.9493332 9.0000000 2.0240680 2.0621773 2.1930004 2.5284296 1.6227756 2.1669019 1.6366546 3.7170247 
Bralan_BLAG10000091_1                                   4.0829605 0.9870095 1.1067669 0.4452232 0.3430475 0.2060076 0.0000010 1.0905630 1.6577064 1.0153147 1.0329924 0.9313853 0.8913246 1.2422954 1.2015178 0.1585553 0.2228170 0.4713460 0.0000000 0.6897806 0.6461907 0.5841203 0.7412404 0.8052492 0.7688805 0.6964320 1.6697443 0.5896666 1.6501258 0.7689347 0.7047998 0.6762448 0.5748013 0.6594739 0.7034600 0.6737352 0.6843255 0.7099361 0.0000010 1.1556922 0.7011329 0.6609391 2.0122696 0.4221111 0.0000010 0.7720791 0.7854484 0.7734359 0.7573964 0.7573964 0.6081980 0.7356780 0.6391689 2.0464935 1.2481666 0.9303323 0.9036324 0.9004793 0.9134151 0.7500238 1.2809263 1.2809263 0.2060076 0.4221111 1.2122586 1.3616009 1.1264068 1.1793781 1.2589049 0.6122720 0.9088914 0.5814634 1.6971112 1.6971112 1.7762989 1.8752852 1.6782775 1.7647488 0.0000010 2.6115470 1.5533041 1.5914738 1.6039240 1.7514217 1.5450435 2.6159351 2.4971598 1.5730599 7.4311928 4.6976834 1.4408246 0.0000010 1.8037978 1.7275064 0.0000010 1.5867742 1.4545776 0.0000010 1.3175353 1.3474318 1.5288956 1.5469512 1.5603002 1.6445679 1.7979503 0.0000010 1.6724030 1.6724030 1.5274629 2.3328499 1.8082778 1.8773240 1.5983735 1.5890065 1.1586839 1.6806837 0.9774404 1.4511741 
Hsap_ENST00000311895                                    2.9989480 1.4458027 1.1682928 1.4807896 0.9199454 1.0369317 2.5023384 1.3411132 1.1456196 1.3981689 1.2049530 1.1817270 0.9683518 1.4593524 2.0066252 1.2997729 1.4231828 1.2602948 0.6897806 0.0000000 0.9505954 1.0021749 0.9086071 1.1920101 1.2158072 1.2134401 0.9749226 1.0575481 1.0200476 1.0169370 0.8508129 0.9992705 0.5793749 0.9601449 1.3045670 1.1348029 1.1289553 1.1577067 1.5373015 1.3293484 1.1189523 1.0553297 0.9898626 0.9811592 1.2328156 1.2523278 1.2536719 1.2535077 1.2666900 1.2007179 0.9450464 0.8625361 0.9785020 1.5424728 1.3261892 1.1581322 0.8814301 1.5030448 1.1590984 1.1500314 1.4784772 1.4784772 1.0234635 1.3998626 1.5135246 1.9092331 1.0637480 1.3690398 1.4496256 1.1491918 1.3472371 2.2689943 1.7795389 1.3275435 2.0545282 2.2458784 2.1015849 2.1453618 1.6809551 2.2614460 2.1318140 2.0679869 2.2725240 1.9453491 1.9374409 1.6080931 2.1663721 1.9204134 1.6474192 3.1819566 1.9855954 1.6125867 1.8636132 1.9542628 1.8868817 2.0183704 2.6440323 2.6782291 1.8343031 1.8309410 2.1630182 1.9736314 1.9335674 2.1975662 3.2818858 2.8044431 2.2428362 2.2428362 1.9957360 2.9834026 2.2118971 2.3308442 2.3354270 2.2174951 1.7943772 2.1996484 1.2764978 1.3206209 
Spur_XM_030996685.1                                     2.9739309 1.2653033 1.1643547 1.4139463 0.9369536 1.0274832 1.9706899 1.3380397 1.2386184 1.3239169 1.0879755 1.0139506 0.9044173 1.0221614 1.7440344 1.4580680 1.4677992 1.3290091 0.6461907 0.9505954 0.0000000 0.7249847 0.8544468 1.0378936 1.0544997 1.1698182 1.1012580 0.9670929 1.0703083 0.9415803 0.9113817 0.9818980 0.5593328 0.8721031 1.2107218 1.0766124 1.0205055 1.0459053 1.8135889 1.0885558 1.0946672 0.9277959 1.0062594 1.2271031 1.8254366 1.1666704 1.1824350 1.1839055 1.1471955 1.1388583 0.9083837 0.9330277 0.9776677 1.7935714 1.3482316 1.2254217 1.1916064 1.4215698 1.1314109 1.1280063 1.4018604 1.4018604 1.0648130 1.4189177 1.3967824 1.6838043 1.0075913 1.2998937 1.4246133 1.0393790 1.2301322 2.1449769 1.5293587 1.2677806 2.0615523 2.1683134 2.2677821 2.2833874 1.6119899 2.5232476 2.2927698 2.1671017 2.1380065 1.9834746 2.3692683 1.7268166 2.1842787 1.9153347 2.3274442 3.3525651 1.8543515 2.3518635 1.9834901 1.9445976 2.0168074 1.9403590 2.3271725 3.0139728 1.9902812 2.0873112 2.1706973 1.9654413 1.8608400 2.1008437 2.9227892 2.6299952 2.0826833 2.0826833 1.9723064 2.1141345 2.1767863 2.2269855 2.2660333 2.1951868 1.7853950 2.1337323 0.9419675 1.3163967 
Skow_XM_006812580.1                                     2.8887639 1.2416649 1.0950046 1.5319596 0.9842175 1.0590324 2.3318720 1.2711446 1.3976602 1.2892968 0.9910750 1.0063900 0.8336966 0.9502753 1.5869156 1.3789066 1.4928658 1.3307570 0.5841203 1.0021749 0.7249847 0.0000000 0.9491374 1.1565755 1.1798413 1.2105464 1.0421315 1.0156765 0.9326453 0.9517130 0.8430665 1.0484515 0.5842708 0.9219553 1.3065177 1.1643599 1.1053964 1.0587662 1.7453197 1.0941336 1.1294785 1.0107615 1.0031449 1.3895554 1.9104346 1.1898086 1.1844096 1.1814976 1.1789699 1.1590798 0.8937887 0.9109350 0.9389392 2.1582882 1.5126713 1.2190710 1.1110334 1.4302904 1.1438377 1.1099093 1.4000801 1.4000801 1.0160054 1.5388920 1.3346986 1.7182483 1.1308326 1.3254499 1.4226483 1.1432299 1.2966070 2.0187368 1.8785555 1.4273465 1.9996413 1.9480221 2.0960965 2.1223118 1.7108107 2.2026330 2.1974121 1.9934026 2.0285843 1.7752557 2.3102823 1.7473909 2.1279021 1.9382831 2.1399760 3.3040857 1.8865712 2.6663257 2.0065450 2.0278725 2.1791634 1.9742886 2.5550616 2.6201593 1.8469523 1.9002901 2.3300243 1.9246013 1.9315829 2.0971223 2.9335869 2.7395610 2.1970357 2.1970357 1.9916992 1.8699271 2.1228590 2.0352927 2.2460579 2.2908056 1.6492959 2.2459900 0.9597444 1.3917212 
Morvir_scaffold344.g14.t1                               2.5332716 0.8969966 0.0000010 1.4589249 0.0000010 0.0000010 1.0478215 1.1041157 0.0000010 1.1417450 1.1222662 0.9450551 0.7443171 0.0000010 3.0242390 0.0000010 0.0000010 0.0000010 0.7412404 0.9086071 0.8544468 0.9491374 0.0000000 0.4447228 0.4747777 0.6064710 3.0720909 0.5915252 2.6503437 0.4670062 1.0226879 0.5824353 0.4322494 0.5511790 0.5817295 0.5875678 0.5966716 0.6002007 3.7684016 0.5157378 0.8333122 0.7147503 2.0207507 0.0000010 0.0000010 0.8220061 0.7801186 0.7735097 0.7806509 0.7244709 0.8550055 0.8615257 0.8945106 1.3998735 1.0979136 0.9233554 0.0000010 0.9755170 0.8311991 1.0335679 1.1930714 1.1930714 0.0000010 0.0000010 1.1628914 1.0942884 2.4738612 1.0589561 0.9962847 0.9886679 0.8456654 0.0000010 0.0000010 0.0000010 1.7468969 2.0442099 1.7765742 1.8140608 0.0000010 8.8052848 2.6692085 1.8373972 1.8908605 1.2164216 8.9999984 2.6306170 2.5664107 1.5052910 0.0000010 5.2227160 1.4210797 0.0000010 1.4318122 1.7440565 0.0000010 1.6467286 1.6621295 0.0000010 1.5681158 1.5352649 1.6420028 1.3238329 1.3803612 1.8463120 1.8644539 0.0000010 1.4853443 1.4853443 1.4666440 0.0000010 1.7237202 1.8335806 1.8106171 1.6758880 1.4914831 1.5342599 1.5361463 3.8169627 
Sanmal_Sma_011767-T1                                    2.8157839 1.4459768 3.5692001 2.0423218 2.1559823 1.8944914 1.4979770 1.4756928 2.4785697 1.3746132 1.1822477 1.0594212 0.9692696 1.6946793 1.4810880 2.3060121 2.6960300 2.7775111 0.8052492 1.1920101 1.0378936 1.1565755 0.4447228 0.0000000 0.5047356 1.1173135 3.4256266 0.9286794 2.8320637 0.4669745 2.2805541 0.9521188 0.5434479 0.9646579 0.9488638 0.9097915 0.9214319 0.8685089 1.2677937 1.0703350 0.9623650 0.9907863 1.9902882 1.4607203 0.0000010 1.3919395 1.3395727 1.3291653 1.3383280 1.2823475 1.1087633 1.0377500 1.0187004 1.7433766 1.1236688 1.2872408 2.5782686 1.2557911 1.1070169 1.2270578 1.5515188 1.5515188 2.9431050 2.4846155 1.3299236 1.3772913 1.7455556 1.5018627 1.2527394 1.3405186 1.1963116 4.0556785 5.5704192 7.3506997 2.4327381 1.9334751 2.5945589 2.6709166 5.4496869 4.7880515 3.2999552 2.4816136 2.5531610 1.9851345 3.5303983 2.2970335 1.9767222 2.0063254 9.0000000 6.0118610 2.0499777 3.1756456 2.1051169 2.2217186 3.0944775 2.1942546 2.0479304 3.5793749 2.1746095 2.2628763 2.2142606 1.9068372 2.0094470 2.3303693 3.0875332 4.2063182 2.2306251 2.2306251 2.1413890 2.3570181 2.4066473 2.4614041 2.2854836 2.4331076 1.9018021 2.1755853 1.2241258 0.8361139 
Nemnom_g12558.t1                                        2.8925264 1.3663963 0.0000010 1.9997299 1.1750338 0.3742950 1.7047721 1.3980620 2.0313933 1.3778342 1.1913926 1.0919144 1.0353288 1.7041743 1.5076627 1.9527892 2.4092123 2.4706222 0.7688805 1.2158072 1.0544997 1.1798413 0.4747777 0.5047356 0.0000000 1.1193756 2.7474295 0.9816897 2.3323994 0.2118250 2.3110190 1.0135163 0.5270722 1.0364601 1.0511271 0.9997232 1.0537294 1.0864311 1.9605399 1.1309167 0.9408392 1.0627843 2.0566273 0.0000010 0.0000010 1.3633564 1.2773011 1.2670087 1.2974784 1.2131092 1.1238532 1.1523448 1.1846296 1.9405299 1.2269753 1.2773247 0.0000010 1.2999876 1.1307024 1.2450858 1.4837834 1.4837834 0.0000010 2.0151552 1.4064296 1.4165083 1.7151202 1.4030405 1.4621672 1.3394919 1.1676888 0.0000010 0.0000010 2.4393591 2.4011905 1.8907855 2.3617826 2.4373639 0.0000010 4.1045146 2.8886869 2.2866354 2.4155482 1.9850025 3.7188095 2.1977651 2.0015642 2.0736239 9.0000000 5.6569337 1.9924175 0.0000010 2.1168208 2.2601010 0.0000010 2.2189761 2.3078131 4.1440827 2.0764831 2.2265534 2.3221050 1.9681888 1.9423377 2.3247426 3.1401391 3.8454801 2.2918898 2.2918898 2.0426541 1.9134083 2.4692333 2.3547502 2.2259109 2.1714381 1.9396435 2.2746170 1.1198675 0.9331322 
Nvec_v1g168557                                          3.1710441 1.3493685 1.0170551 1.5941158 1.0052805 1.1108976 2.9852354 1.4981426 1.2900944 1.5656503 1.1691621 1.0069347 0.9782844 1.2264518 1.6665632 1.7552228 1.4988148 1.4296976 0.6964320 1.2134401 1.1698182 1.2105464 0.6064710 1.1173135 1.1193756 0.0000000 0.7499860 0.6370317 0.8201612 0.8654700 0.7743518 0.8295124 0.3827188 0.7107720 1.0778982 0.8727320 0.9389875 0.9205996 3.0507775 0.8483918 0.8535344 0.8924708 0.8375759 0.8768783 1.7737086 1.3266650 1.2934635 1.2923133 1.3155445 1.2525137 1.0768933 1.1438983 1.2146733 1.8081907 1.2968299 1.2164039 1.0041339 1.5856840 1.1934420 1.3650323 1.4518289 1.4518289 1.0346553 1.5735973 1.5609915 1.7430493 1.5353050 1.3778309 1.3649820 1.3449406 1.3196401 2.7541759 1.8043011 1.3664109 2.4536425 2.1414675 2.4078011 2.3653590 1.8055768 2.9036291 2.5398010 2.4982913 2.4443309 2.0608088 3.4437017 1.4700110 2.8051950 2.0896776 2.0818118 3.3718886 2.0519248 2.6624735 2.0582758 2.2899932 1.7036845 2.1211436 2.9870428 3.1598535 2.2133742 2.2237658 2.3674822 2.0801922 2.0852099 2.3555972 3.9570661 2.7215054 2.3159601 2.3159601 1.9489107 1.9939077 2.3759805 2.4253848 2.3828195 2.4680096 2.0238528 2.3922283 1.0247962 2.8594816 
Morvir_scaffold344.g18.t1                               3.0242687 1.1946360 1.0689846 1.0428197 0.9476270 1.1844494 4.1707308 1.0317738 1.4103098 1.3873495 2.5773577 2.9721917 1.9711352 0.0000010 4.5231151 1.1967581 1.3989150 1.2096443 1.6697443 0.9749226 1.1012580 1.0421315 3.0720909 3.4256266 2.7474295 0.7499860 0.0000000 0.6922934 0.5409254 0.5672342 0.4836873 0.7825389 3.4521979 0.6150982 1.4351357 1.0412442 1.1400307 2.7991766 2.0486335 2.9380543 3.0537294 0.8815780 0.6257097 0.8933827 1.5931885 1.0548616 1.1682497 1.1682497 1.1102668 1.1102668 0.9502429 0.9850296 1.3095611 2.2942983 1.4710940 1.0536586 0.9929028 4.1581778 1.1001473 1.4067686 0.9587587 0.9587587 0.9733185 0.9651780 2.9732119 3.0653096 0.9498003 1.0123974 1.2870982 1.0404540 2.3733895 2.3348037 2.0478753 1.4919916 2.3099559 2.3426126 2.1458602 2.1243164 2.1372334 2.0474631 1.8786182 2.3610909 2.1809499 6.9099228 1.4507071 0.7075794 9.0000000 1.7783128 1.7587979 1.9750705 1.8154525 2.0580402 1.6981237 1.7240729 2.2648901 1.8876683 4.2593241 2.7711137 1.8072588 1.8857303 2.0472681 1.9354468 1.7994275 1.9993487 3.0930792 2.5900021 2.0809849 2.0809849 1.9183581 0.0000010 2.0344204 2.2421211 2.0646253 2.0619228 1.5600550 2.0632679 0.7596892 2.7235718 
Exapal_XM_021052528.1                                   2.4269394 1.2163035 0.9433693 1.2656056 0.7746902 0.8629120 2.4236379 1.2392133 1.2793951 1.3226518 1.0174503 0.9699329 0.7970233 1.5656491 1.6961047 1.3916919 1.5307849 1.2353947 0.5896666 1.0575481 0.9670929 1.0156765 0.5915252 0.9286794 0.9816897 0.6370317 0.6922934 0.0000000 0.7375363 0.7237553 0.5648119 0.6286376 0.3223822 0.5880789 0.8649293 0.6996896 0.7057882 0.7806685 1.3227861 0.6094251 1.2022330 0.7035509 0.6873803 0.5784848 0.9208261 1.0435317 1.0782061 1.0691013 1.0585748 0.9944230 0.9661406 0.9331182 1.0325067 1.2452580 1.2797818 1.0806206 0.9470891 1.3917547 1.0880373 1.1633404 1.2571026 1.2571026 0.8813370 1.3830262 1.3723787 1.5941171 1.1999973 1.2460058 1.3992019 1.1281988 1.1701358 2.0154429 1.7060902 1.3927829 2.0244306 2.0819354 2.0912216 2.0811806 1.7970589 2.2960233 2.2190292 2.0864194 2.0611112 1.6131530 2.5149275 1.2593340 1.9976362 1.9839975 1.7503054 3.2975052 1.9001983 2.1593375 1.9310636 1.9686146 1.9709024 1.9789394 2.9633274 2.7640220 1.8881315 1.9388685 2.2467588 1.8580295 1.7915936 2.1293703 3.3130588 2.7602341 2.1243039 2.1243039 1.9592517 1.9176483 2.1547582 2.1624660 2.2373809 2.2395797 1.6086477 2.0658270 1.2150910 1.6398242 
Nemnom_g12556.t1                                        3.1491175 1.1672694 0.7899247 0.9907741 0.9030915 0.9423320 5.0277601 1.0301942 1.3358033 1.3506579 3.0074533 3.4681519 2.4901982 0.0000010 4.4959396 1.0575364 1.1810995 1.0891152 1.6501258 1.0200476 1.0703083 0.9326453 2.6503437 2.8320637 2.3323994 0.8201612 0.5409254 0.7375363 0.0000000 0.2506228 0.3595625 0.7560788 3.4332490 0.7638090 1.5131845 1.2271338 1.1506682 4.0935887 2.2941917 3.0678125 5.6264802 0.8843234 0.6201792 0.8078026 1.0063553 1.0936440 1.1331093 1.1331093 1.0657943 1.0657943 0.9421285 0.9563422 1.1714257 7.2750837 2.6970046 1.1679095 0.9946941 8.5616021 1.0808792 1.2807001 1.0718051 1.0718051 0.9060215 1.0409159 2.7551080 3.4202404 0.8558663 0.9787761 1.3123277 1.0870555 1.9600466 1.9282480 1.7505046 1.2979361 1.9523596 3.1215054 2.0981859 2.0587684 1.7105511 1.9757205 1.6319046 2.1998802 1.9857077 3.9450581 1.8163573 0.8894230 5.1299668 1.8688347 1.7850486 2.0229837 1.8795475 2.3580076 1.8644368 1.8497436 1.5624353 1.8670823 7.7879893 2.6842284 1.8396201 1.8539893 2.0206448 1.7872789 1.8606757 2.2034014 6.3054435 2.4571943 2.0834828 2.0834828 1.8608209 5.0988772 2.2553158 2.1677153 2.2256086 2.3065442 1.3534565 2.0480885 0.2307257 2.5144928 
Rhoesc_Res_016577-T1                                    2.8808564 1.2004921 0.7899930 1.1544143 0.9310160 0.8907362 2.1347430 1.1219170 1.4993128 1.2915931 1.1400648 1.0904229 1.0296299 1.6179454 1.7515709 1.2029192 1.3364830 1.1899840 0.7689347 1.0169370 0.9415803 0.9517130 0.4670062 0.4669745 0.2118250 0.8654700 0.5672342 0.7237553 0.2506228 0.0000000 0.3668438 0.7958053 0.5264302 0.8080271 1.0703031 0.9359198 0.9346365 1.0251289 1.9958311 1.0784057 1.0426918 0.8755036 0.8472144 0.7517142 0.9319213 1.1055942 1.1003520 1.0944895 1.0786995 1.0538468 0.9120571 0.9753245 1.0926687 2.0409963 1.3492901 1.0981051 0.9583703 1.2977096 0.9818559 1.0842181 1.1753159 1.1753159 0.9019612 1.1356764 1.3705953 1.6187945 1.0488093 1.0585417 1.1696399 1.0380019 1.2096962 1.8679703 1.8028507 1.3212670 2.0511272 1.9183945 2.1265969 2.1430641 1.7408365 2.2415598 2.0965871 2.1722615 2.1144162 1.9454641 2.4707931 1.4429378 2.0231487 1.8503215 1.7824681 3.3465310 1.7366063 2.0837343 1.7583698 1.8112774 1.7790642 1.8784534 2.3649409 2.7888140 1.7936144 1.8655695 1.9570961 1.6486109 1.7922515 1.9810685 2.8440800 2.6436860 1.9307885 1.9307885 1.7466124 2.0470271 2.1029982 2.1138958 1.9496611 2.0761892 1.5850463 1.9860636 1.0182299 1.2907991 
Sanmal_Sma_011765-T1                                    2.4463226 1.0262108 0.8309347 0.9402514 0.8549024 0.9403219 4.1929125 0.8427527 1.4425173 1.2386646 2.5287064 2.5544081 0.8707169 1.2398528 4.2311015 1.1532234 1.3639440 1.1072899 0.7047998 0.8508129 0.9113817 0.8430665 1.0226879 2.2805541 2.3110190 0.7743518 0.4836873 0.5648119 0.3595625 0.3668438 0.0000000 0.6695507 0.0000010 0.5460558 1.3317735 1.0133842 0.8741895 1.4637710 3.9717252 2.3755704 2.2580788 0.7552707 0.6402451 0.7801116 1.1248015 1.0226274 1.0574149 1.0574149 1.0392518 1.0392518 0.8323581 0.8167082 1.0193611 0.4561392 1.2548288 0.9784795 1.0156591 2.6797991 0.9819016 1.1204700 1.0288555 1.0288555 0.9361944 1.0226467 6.6998090 3.8573259 0.8311993 0.8461856 1.0528471 0.7021208 1.8003736 2.2448996 1.9144123 1.4914615 1.9991992 1.0120738 2.0521048 2.0397227 2.0548263 1.9436217 1.6868227 2.2261975 2.0603697 4.9861412 1.4178789 0.7696987 2.0209089 1.7271770 1.8610616 1.7518170 1.8282613 2.2310374 1.7460763 1.7361803 2.1913933 1.8475542 6.6204770 2.8467568 1.8262183 1.8540049 2.0736825 1.7062108 1.8414645 1.9149676 2.1871298 2.8122056 2.0315020 2.0315020 1.8282918 6.6747749 2.0223094 2.2348415 2.0586925 2.3371720 1.3747048 2.0808194 0.7826226 2.1778535 
Spis_XP_022786617_1                                     2.8423648 1.2260808 1.0422278 1.4240125 0.8835091 1.0013799 2.0809679 1.3056480 1.4115105 1.3549488 1.0073687 0.9502454 0.9239720 1.4821900 1.7073392 1.4233116 1.6007785 1.4179883 0.6762448 0.9992705 0.9818980 1.0484515 0.5824353 0.9521188 1.0135163 0.8295124 0.7825389 0.6286376 0.7560788 0.7958053 0.6695507 0.0000000 0.0824805 0.1616363 0.4880679 0.3191425 0.3742507 0.1944445 0.4901152 0.5662650 0.4742465 0.7650586 0.8165207 0.2313989 0.1167324 1.1362081 1.1345052 1.1358672 1.1499505 1.0726707 0.9321868 1.0287024 1.0337128 1.2833359 0.9457647 1.0848920 0.8987261 1.3421571 1.0604918 1.2510893 1.3535792 1.3535792 0.9873165 1.3735259 1.3678910 1.6336553 1.3517601 1.1666319 1.3217136 1.1748498 1.2530322 2.3444477 1.5061751 1.2359377 2.1079983 1.9577201 2.1518238 2.2016437 1.7478086 2.4123335 2.1807447 2.1823063 2.1544296 1.7724033 2.5884600 0.9032424 1.3562689 1.9578897 1.8543827 3.3023699 1.9957964 2.1447549 1.9542312 1.9394482 1.8550751 1.9032818 2.5377362 3.1300440 1.9555202 1.9822968 2.1603033 1.8807250 1.9502010 2.1061321 2.9102715 3.1447582 2.1588926 2.1588926 1.9898337 2.0293071 2.2425427 2.3685731 2.3066375 2.2023370 1.6826861 2.1392473 1.0345925 1.4834392 
