73
Emue_Em0012g1095a.t1                              0.0000000 0.0729345 0.5086846 0.7957002 0.8634267 0.8987216 0.8792907 0.8127011 0.8894244 0.9092655 0.7316084 0.6623111 0.8109658 0.8894473 0.7605505 0.7500938 1.0115339 0.9969423 1.0039207 0.8113304 1.0956532 0.8975804 0.9343900 0.9343900 0.8711729 0.8450151 1.6177673 0.8265459 1.1599298 1.0612791 0.7518682 0.8386372 0.9367782 0.8080611 0.7888918 0.9262214 1.4240527 1.3917709 1.2866089 1.5846344 1.5057808 1.4690801 1.5622205 1.4442697 1.3797404 1.4159361 1.5030952 0.9859210 1.1885079 1.1385174 1.0274355 1.1030683 1.1022475 1.9743036 1.8447341 1.7876993 2.9437511 1.5117089 1.6040912 1.6827581 1.4610789 1.3604329 1.7298826 1.4350923 1.3367481 1.5792714 1.5337733 1.3550690 1.5051290 1.6320720 2.7241905 2.2340687 2.4865808 
Spolac_c101156_g1_i3_m.24706c101156-g1            0.0729345 0.0000000 0.4570403 0.7422610 0.8370866 0.8723461 0.8645963 0.8126812 0.8749353 0.8989268 0.7387701 0.6099890 0.7968512 0.8602339 0.7200232 0.8036436 1.0168776 1.0017866 0.9697798 0.7370312 1.0395230 0.8945386 0.9115889 0.9115889 0.8333590 0.8459573 1.5235443 0.8436271 1.0531509 0.9896452 0.7360970 0.8044660 0.8816745 0.7803118 0.7536353 0.9376202 1.3441934 1.3715157 1.2309749 1.4728873 1.4833077 1.4811663 1.5566493 1.3468293 1.3651344 1.4116029 1.4323670 0.9854261 1.1714074 1.0682674 1.0324088 1.0942347 1.0971940 2.0375265 1.7591996 1.7600831 2.7540238 1.5760864 1.5760864 1.6458716 1.4115431 1.4433440 1.6299874 1.4485802 1.3299524 1.5348044 1.4682476 1.3634051 1.4735397 1.6566816 2.9292035 2.3067459 2.3242690 
Tetwil_g19905.t1                                  0.5086846 0.4570403 0.0000000 0.7303921 0.8409420 0.8409420 0.8407708 0.8375884 0.8379276 0.9269839 0.7540039 0.7207095 0.9116889 0.8777235 0.7679446 0.9407571 0.8986429 0.9169538 0.8846282 0.8641027 0.9510405 0.9051031 0.8764971 0.8764971 0.8618563 0.8729518 1.6412830 0.8842394 0.9480080 0.8574075 0.6571311 0.7007728 0.8811441 0.8779023 0.8945106 0.7390963 1.1119616 1.3399822 0.8052577 1.1285864 1.0745059 1.1327403 1.1022417 1.3039920 1.4075254 1.1988777 1.2233688 0.9572595 1.0795149 1.0018403 1.0312627 0.9852794 0.8393750 1.6805351 1.6281506 1.6324648 2.5640805 1.6905464 1.8043274 1.6707493 1.3671431 1.5640632 1.5927783 1.4925761 1.6258921 1.4220642 1.3237098 1.4401251 1.4452396 1.5075753 2.4215375 2.3430286 2.7992048 
Bralan_BLAG01000731_1                             0.7957002 0.7422610 0.7303921 0.0000000 0.8937416 0.8815818 0.9232414 0.4262500 0.9583445 0.8391058 0.5368863 0.4407014 0.6055417 0.6843644 0.6665813 0.6235883 1.1185084 1.1268380 0.9702986 0.8627345 1.4179985 1.0827661 0.9633193 0.9633193 1.1724093 0.6363378 1.4992218 0.5447636 1.1396601 1.0272584 0.9070921 0.9102705 0.8805592 1.1068377 1.1540728 0.9197969 1.6368250 1.5012757 1.3171432 1.6539969 1.5974487 1.7293284 1.6004388 1.6264030 1.6883046 1.7058920 1.5446474 1.2065648 1.1943551 1.1427633 1.2064260 1.3625091 1.2144913 2.0346004 1.6556668 1.6002845 2.4145460 1.7102581 1.7223041 1.6434172 1.7655400 1.6953840 1.7940766 1.5716506 1.2620328 2.1765933 2.0485699 1.0813744 1.3841492 1.7155342 2.8211706 2.4255880 2.5690149 
Spis_XP_022804831_1                               0.8634267 0.8370866 0.8409420 0.8937416 0.0000000 0.0408111 0.1262394 0.0596007 0.1236861 0.6614415 0.7272450 0.4707432 0.7170752 0.9718531 0.9759920 0.7286359 1.0662542 1.0557301 1.1688649 1.0399801 1.4276544 1.0978899 0.9993437 0.9993437 1.2414935 0.6325326 1.3656746 0.4633467 1.1139902 1.0925190 0.9275882 0.9353812 1.1517415 1.0947942 1.1528494 1.3175653 1.7396586 1.7487650 1.7818654 2.1933074 1.8209661 1.9182900 1.9421091 1.9849897 1.8029917 2.0212746 1.9209333 1.4473797 1.6707886 1.4476862 1.4997798 1.6095812 1.2941754 2.3133395 2.0759457 1.9621502 3.2335150 1.6935151 1.6410357 1.6193385 1.9440630 1.8786321 2.0321601 1.7308730 1.4329429 2.3239830 2.3985474 1.1233131 1.7287886 2.0479341 2.6703330 2.7740969 2.1056354 
Pocdam_XM_027192914.1                             0.8987216 0.8723461 0.8409420 0.8815818 0.0408111 0.0000000 0.1148421 0.0596007 0.1318699 0.6548664 0.7209313 0.4707432 0.7059866 0.9680474 0.9925013 0.7275276 1.0972798 1.0865305 1.1680822 1.0350236 1.4985599 1.1062276 0.9706258 0.9706258 1.2335251 0.6325326 1.4007635 0.4633467 1.1137725 1.0918558 0.9275882 0.9353812 1.1516038 1.0864441 1.1406874 1.3301930 1.7407661 1.7626436 1.7438619 2.2146202 1.7784331 1.9501650 1.9311478 1.9489031 1.8102502 2.0293377 1.8521865 1.5027807 1.6697000 1.4679187 1.4986458 1.6238537 1.3202420 2.2611181 2.0581849 1.9433752 3.2077238 1.7272499 1.6745432 1.6853353 1.9793854 1.9182156 2.0549171 1.7481042 1.4278945 2.3346605 2.3779775 1.1233131 1.7185904 2.0718600 2.6236161 2.7574381 2.1992017 
Gasp_gasp1.m3.23149.m1                            0.8792907 0.8645963 0.8407708 0.9232414 0.1262394 0.1148421 0.0000000 0.0606746 0.0370198 0.6373524 0.7697828 0.4707432 0.6540684 0.9377003 0.9550232 0.7057832 1.0727610 1.0622463 1.1729138 1.0399816 1.4778372 1.0979567 0.9635191 0.9635191 1.2960637 0.6325326 1.3517860 0.4633467 1.1215246 1.1006190 0.9034475 0.9110545 1.1565365 1.1388504 1.2010017 1.2865001 1.7505490 1.7777317 1.8185241 2.1299784 1.8964947 1.8609567 2.0581143 2.0113929 1.7932662 2.0147134 1.8682082 1.4342988 1.5363707 1.3728083 1.4034721 1.5941024 1.3183094 2.4259363 1.9570237 1.9042879 2.9688142 1.6399788 1.5988639 1.6845720 1.9247931 1.8303038 1.9910142 1.6930046 1.4262819 2.2412490 2.2304401 1.1224053 1.7774694 2.1956297 2.8101919 2.5376607 2.1815842 
Gfas_gfas1.m1.22375.m1                            0.8127011 0.8126812 0.8375884 0.4262500 0.0596007 0.0596007 0.0606746 0.0000000 0.0709965 0.1865155 0.3880454 0.4794623 0.4875427 0.5969837 0.4349020 0.4554077 0.4942325 0.4712555 0.6407958 0.4433418 0.7284290 0.7350003 0.6649997 0.6649997 0.6374072 0.6526233 1.0789591 0.5094883 0.4522520 0.4564468 0.9550627 1.0043198 0.6802558 0.5111205 0.5048264 0.5558429 1.0803564 1.2805465 1.1263641 1.2936439 1.3441282 1.2116288 1.3728805 1.2425151 1.4029562 1.3470073 1.3034702 0.9368513 0.9313888 0.9496576 0.9276296 0.9559132 0.9020747 1.5908121 1.2025203 1.2033636 1.9832468 1.0713194 1.1011532 0.9935968 0.9283515 0.8894948 1.0901763 0.8555803 0.8413279 1.7083622 1.5439464 1.1239568 1.3318734 1.4759119 1.8469525 2.0354729 0.8120949 
Fspp_ffun1.m4.9698.m1                             0.8894244 0.8749353 0.8379276 0.9583445 0.1236861 0.1318699 0.0370198 0.0709965 0.0000000 0.6257810 0.7697995 0.4714658 0.6859248 0.9379084 0.9316307 0.6812398 1.0232676 1.0129019 1.1543781 1.0715422 1.4815342 1.1174966 0.9813849 0.9813849 1.3248446 0.6325326 1.3906891 0.4633467 1.0880461 1.1157192 0.9039803 0.9115826 1.1447435 1.1154731 1.1611804 1.3657220 1.7186207 1.6682322 1.7966021 2.1153609 1.9070215 1.8208365 1.9995252 1.9711625 1.7648512 2.0037987 1.8749056 1.3347732 1.4834296 1.3290108 1.3889383 1.5713331 1.3383002 2.4723783 1.9224377 1.8992565 2.9660393 1.5393933 1.5587104 1.5798840 1.8728299 1.7292502 1.9553806 1.6169712 1.3794290 2.2494932 2.1945218 1.1452487 1.6426009 2.2213779 2.7897789 2.5293904 2.1207451 
Nvec_v1g139976                                    0.9092655 0.8989268 0.9269839 0.8391058 0.6614415 0.6548664 0.6373524 0.1865155 0.6257810 0.0000000 0.8285039 0.5693270 0.8001825 0.9267502 1.1367593 0.8135446 1.2009461 1.2009714 1.1892816 1.2025732 1.6502772 1.0590405 1.0837072 1.0837072 1.3614969 0.6359843 1.3415804 0.2929999 1.0941267 1.1508397 1.0292896 1.0465118 1.1369619 1.2415454 1.2733295 1.4872123 1.8496749 1.9696937 1.9962454 2.2697405 1.9013059 1.9882639 2.0340416 2.0563170 1.9297408 1.9769469 2.0245133 1.6644041 1.7254796 1.7090010 1.5742645 1.9770595 1.4338829 2.3099639 2.1668580 2.0214786 3.6357251 1.7694478 1.7352994 1.6816388 1.8194362 1.6652103 2.0508675 1.6944595 1.4492880 2.0062865 2.2144572 1.2125713 1.8426428 2.2290366 2.4516088 2.8917384 1.6010800 
Hsap_ENST00000263974                              0.7316084 0.7387701 0.7540039 0.5368863 0.7272450 0.7209313 0.7697828 0.3880454 0.7697995 0.8285039 0.0000000 0.4018128 0.5090993 0.6239228 0.6767198 0.5634610 1.0046673 0.9743024 0.9150697 0.8921628 1.1264856 0.8684649 0.7681787 0.7681787 1.0585115 0.5811122 1.3771830 0.5591480 1.0989337 1.0559537 0.7981166 0.8750353 0.6860762 1.1271348 1.1799851 0.8784053 1.4767859 1.2730558 1.4783880 1.7272110 1.7204635 1.8720618 1.9603545 1.6168768 1.7858837 1.6070169 1.5422815 1.1968467 1.1884153 1.1737935 1.2181381 1.2597387 1.1659861 2.1607816 1.8896237 1.7781115 3.0962432 1.6438077 1.7171853 1.5719864 1.6585893 1.5224628 1.8565047 1.4865813 1.2989383 1.9824187 2.0604280 1.0051830 1.3850850 1.8875778 3.3193847 2.6575043 2.1851471 
Opea_EP00118_Oscarella_pearsei_P008705            0.6623111 0.6099890 0.7207095 0.4407014 0.4707432 0.4707432 0.4707432 0.4794623 0.4714658 0.5693270 0.4018128 0.0000000 0.4402108 0.4273283 0.4257651 0.5660249 0.5699423 0.5427061 0.4944721 0.5275866 0.6485334 0.6149834 0.5732110 0.5732110 0.5892660 0.6553519 1.4285273 0.7088651 0.6959192 0.6439110 0.8443964 0.7696506 0.6327571 0.6830381 0.6658989 0.5099854 0.5037734 1.0182632 0.8419517 1.1823429 1.1751422 1.1313784 1.1107813 1.0293458 1.2891785 1.1978938 1.1608771 0.9511279 1.0404653 1.0085213 1.0465169 1.0544276 0.8646532 1.6064400 1.4309312 1.3424554 2.0854709 1.1605992 1.1960467 1.1757474 1.0929224 1.1010133 1.2167212 1.0218360 1.0354187 1.5079379 1.4821517 1.0819005 1.1774754 1.4602273 2.4235518 1.8687453 1.4595100 
Cgig_XM_011416011.3                               0.8109658 0.7968512 0.9116889 0.6055417 0.7170752 0.7059866 0.6540684 0.4875427 0.6859248 0.8001825 0.5090993 0.4402108 0.0000000 0.5410553 0.7104794 0.6536738 0.9438718 0.9259843 0.7374013 0.8877267 1.2467287 0.9126039 0.8626817 0.8626817 1.1358474 0.6803047 1.6316059 0.6473827 0.9602049 0.9311053 0.9482869 0.9710455 0.8213783 0.9811023 0.9688287 0.9391094 1.3405143 1.5615795 1.1630011 1.4797056 1.5550151 1.4117064 1.5773697 1.5839723 1.7630921 1.6549919 1.5308478 1.0705418 1.1268606 1.1964918 1.2447988 1.1459872 0.9809703 2.3302574 1.3473466 1.3492756 2.0056794 1.3958050 1.3958050 1.3351829 1.4559548 1.4297393 1.5639609 1.3284498 1.0480028 2.1339840 2.4707686 1.0717247 1.4691919 1.7214731 3.2928534 2.5224599 2.3351178 
Acagra_model.g6644.t1.1.5d3b852e                  0.8894473 0.8602339 0.8777235 0.6843644 0.9718531 0.9680474 0.9377003 0.5969837 0.9379084 0.9267502 0.6239228 0.4273283 0.5410553 0.0000000 0.7010354 0.6438808 1.0282703 1.0473411 0.7878196 0.9668265 1.2996924 1.0197941 1.0093126 1.0093126 1.0513728 0.5855465 2.0310696 0.5869683 1.2601860 1.1146491 0.8631379 0.9122917 0.9440065 1.0460461 1.0901881 1.1680675 1.4565965 2.0403401 1.5141811 1.7808405 1.7762935 1.7585299 1.8683148 1.6952839 2.2212273 1.9168790 1.5091963 1.4754950 1.4145385 1.4211252 1.4625826 1.3941331 1.2994417 2.4502923 1.7085085 1.5469305 2.7893188 1.7878168 1.6408028 1.6116096 1.5004986 1.6060745 1.8673289 1.5546685 1.2304436 2.0469972 1.9087400 1.1946335 1.7741450 2.0689660 2.8595162 3.0096550 2.4958042 
Cscu_XM_023377953.1                               0.7605505 0.7200232 0.7679446 0.6665813 0.9759920 0.9925013 0.9550232 0.4349020 0.9316307 1.1367593 0.6767198 0.4257651 0.7104794 0.7010354 0.0000000 0.5809149 1.1456118 1.1436577 1.0470190 1.1304418 1.5507844 1.0306740 0.8688591 0.8688591 1.3435185 0.6187467 1.6684674 0.5136399 1.3181259 1.2827939 0.7379301 0.8208090 0.9029572 1.0725474 1.2021601 1.2933220 1.3734367 1.6748486 1.5669852 1.6656421 1.6495477 1.5724479 1.8386341 1.7292074 1.8150693 1.6429110 1.6822309 1.4879015 1.5236696 1.4278354 1.4476625 1.5776421 1.3001869 2.0482767 1.9554499 1.8448183 2.8070513 1.8194730 1.8048390 1.7070323 1.9109493 1.9454779 2.1434945 1.8228344 1.1846067 2.5122175 2.2617545 1.0797448 1.5896086 1.9975758 3.0124908 3.0123507 2.5920988 
Dpul_mRNA9638                                     0.7500938 0.8036436 0.9407571 0.6235883 0.7286359 0.7275276 0.7057832 0.4554077 0.6812398 0.8135446 0.5634610 0.5660249 0.6536738 0.6438808 0.5809149 0.0000000 0.8804542 0.8492087 0.8565757 0.7470320 1.0786763 0.8599885 0.8269938 0.8269938 0.9627704 0.7394721 1.4964535 0.7313403 0.8830874 0.8143105 0.8679354 1.0587949 0.7728686 0.9591656 0.9856641 0.9432147 1.3612830 1.4670206 1.2434441 1.5022225 1.4843724 1.4527565 1.4809987 1.4374322 1.5091013 1.2817929 1.6686862 1.1222625 1.1809355 1.1319704 1.1241655 1.0480669 1.0503494 1.6651908 1.7899050 1.6595103 2.5755429 1.6099711 1.6344638 1.5616802 1.5503465 1.4800411 1.8165317 1.3451307 1.1899672 2.0196934 2.1338605 1.2546898 1.4061690 1.7636071 3.0719204 2.3324731 1.9959349 
Sanmal_Sma_001918-T1                              1.0115339 1.0168776 0.8986429 1.1185084 1.0662542 1.0972798 1.0727610 0.4942325 1.0232676 1.2009461 1.0046673 0.5699423 0.9438718 1.0282703 1.1456118 0.8804542 0.0000000 0.0147315 1.3309112 1.0183549 1.6848026 1.2174489 1.1374257 1.1374257 1.4488236 0.8690481 1.4156542 0.5970798 1.1730873 1.1931465 0.9274626 0.9416922 1.1481392 0.7514262 0.7388555 1.5960828 1.6517030 1.6983390 1.5217553 2.2747529 1.8373068 2.0792109 1.7915332 2.0713469 2.0534336 1.9990672 1.8785020 1.4900979 1.7195805 1.7227204 1.8293563 1.8440071 1.5482736 2.1172979 1.9992902 2.0443688 3.0775882 1.7145505 1.6661608 1.8214295 1.8909511 1.9330830 1.9138715 2.1290732 1.8725140 2.4643793 2.2454519 1.1909669 1.5420138 2.1482803 2.0749206 2.8621423 2.5051521 
Sanmal_Sma_004593-T1                              0.9969423 1.0017866 0.9169538 1.1268380 1.0557301 1.0865305 1.0622463 0.4712555 1.0129019 1.2009714 0.9743024 0.5427061 0.9259843 1.0473411 1.1436577 0.8492087 0.0147315 0.0000000 1.3117965 1.0042248 1.7123617 1.1890221 1.1110416 1.1110416 1.4302850 0.8412810 1.4021606 0.5382744 1.1842887 1.2266689 0.9140331 0.9282981 1.1311158 0.7471938 0.7282358 1.5546670 1.6260775 1.6703821 1.5661448 2.2686104 1.8546454 2.1039431 1.8615785 2.1112842 2.0371408 2.0421516 1.8938682 1.4998255 1.7332566 1.7367182 1.8625727 1.8554482 1.5437467 2.1820540 1.9612513 2.0027166 2.9079478 1.7129854 1.6646369 1.7924939 1.8547196 1.9157070 1.8769093 2.0945287 1.8554364 2.5137361 2.2882435 1.1636935 1.5527218 2.1301369 2.1464456 2.9354032 2.5900163 
Ctel_gnl_WGS_AMQN_CAPTEDRAFT_mRNA162600           1.0039207 0.9697798 0.8846282 0.9702986 1.1688649 1.1680822 1.1729138 0.6407958 1.1543781 1.1892816 0.9150697 0.4944721 0.7374013 0.7878196 1.0470190 0.8565757 1.3309112 1.3117965 0.0000000 1.1146112 1.7603495 1.1342955 1.1768209 1.1768209 1.4279597 0.8197796 2.0152202 0.7362991 1.2165340 1.1446939 1.0175525 0.9587361 1.0598984 1.2633989 1.3486962 1.5515552 1.5474679 1.8203042 1.9929466 1.8348169 1.8703046 1.9101544 1.7980747 1.8583148 2.1337137 1.9759755 2.0947341 1.4409052 1.6531301 1.5647296 1.5596104 1.6060096 1.5405555 2.6488488 2.1710336 2.0222083 3.1095998 2.0329053 2.0106060 1.9080568 1.8170627 1.8701900 2.1756809 1.6640361 1.5711713 2.3415686 2.3841901 1.2232443 1.6853788 2.1460119 3.7712176 2.4793072 2.7714845 
Chem_TCONS_00021639                               0.8113304 0.7370312 0.8641027 0.8627345 1.0399801 1.0350236 1.0399816 0.4433418 1.0715422 1.2025732 0.8921628 0.5275866 0.8877267 0.9668265 1.1304418 0.7470320 1.0183549 1.0042248 1.1146112 0.0000000 1.4065472 1.0135697 0.9469420 0.9469420 1.1977756 0.8418668 1.4664687 0.7071132 1.1826469 1.1875457 0.9303551 0.9062670 1.2676693 1.0028726 1.0019388 1.5332943 1.4885782 1.5726916 1.7505417 1.7333695 1.6047991 1.5897069 1.7231136 1.8161528 1.9005222 1.8228836 1.8982353 1.5994707 1.5308007 1.4885765 1.4902495 1.7243240 1.6126122 2.2739803 2.1494399 2.1511793 3.3021752 1.6047015 1.6190315 1.7769921 1.9560782 1.9617792 2.1644904 1.7284774 1.5002114 2.2988060 2.0599207 1.0706530 1.4014468 2.1840412 2.7101660 2.6772333 2.7305450 
HoiH23_PlH23_005113-RA                            1.0956532 1.0395230 0.9510405 1.4179985 1.4276544 1.4985599 1.4778372 0.7284290 1.4815342 1.6502772 1.1264856 0.6485334 1.2467287 1.2996924 1.5507844 1.0786763 1.6848026 1.7123617 1.7603495 1.4065472 0.0000000 0.0712225 0.1255410 0.1255410 0.3366170 0.1967706 1.9975759 0.7960578 1.6682445 1.5638504 0.9707596 0.9202359 1.6089809 1.8222802 1.7953483 1.8860161 2.0059314 1.9928795 1.6768956 2.3981513 2.1975407 2.3199923 2.1624110 2.0506074 2.3190140 2.3336891 2.5414725 1.8050061 1.8231593 1.7781964 1.7668807 1.8193355 1.6088881 2.6729252 2.4223440 2.2539826 3.8789225 2.2286191 2.0853776 2.3452570 2.1998332 2.2863103 2.3277614 2.3661543 1.9874212 2.9065164 2.7882066 1.3519669 1.9091320 2.3410965 3.4526370 3.1780817 3.2489185 
HoiH06_mRNA2276                                   0.8975804 0.8945386 0.9051031 1.0827661 1.0978899 1.1062276 1.0979567 0.7350003 1.1174966 1.0590405 0.8684649 0.6149834 0.9126039 1.0197941 1.0306740 0.8599885 1.2174489 1.1890221 1.1342955 1.0135697 0.0712225 0.0000000 0.1528899 0.1528899 0.2145188 0.1979626 1.6624713 0.7508456 1.1043748 1.0829069 0.9793223 0.9614394 0.9451957 1.3298931 1.2783384 1.3231032 1.5748258 1.5975003 1.7505837 1.8575596 1.8573207 1.8583475 1.7737150 1.6438300 1.9426934 1.8846009 1.7017923 1.3947387 1.5411516 1.5070309 1.4365322 1.5518026 1.4692199 2.3103186 1.8560810 1.8568247 2.7820081 1.6105867 1.6105867 1.6557450 1.6751113 1.6118239 1.7808114 1.6802074 1.4909342 2.0173332 1.9160410 1.3679102 1.7507260 2.1217216 2.8733412 2.9475792 2.3440332 
Hhon_g01098.t1                                    0.9343900 0.9115889 0.8764971 0.9633193 0.9993437 0.9706258 0.9635191 0.6649997 0.9813849 1.0837072 0.7681787 0.5732110 0.8626817 1.0093126 0.8688591 0.8269938 1.1374257 1.1110416 1.1768209 0.9469420 0.1255410 0.1528899 0.0000000 0.0000010 0.1820685 0.1697891 1.6518724 0.7144134 1.0672487 1.1128418 0.9117221 0.8995367 0.9148124 1.2753679 1.2649787 1.2007686 1.5193343 1.5330919 1.7896350 1.7547467 1.8067536 1.8602784 1.7389640 1.5414467 2.0360164 1.8570844 1.6360302 1.4439671 1.4383094 1.5208907 1.4787021 1.6004220 1.4837987 2.2911831 1.7421338 1.7429037 2.7763012 1.4963711 1.4963711 1.4930251 1.6178881 1.6112546 1.7223989 1.5225261 1.4687834 2.0119547 1.9114987 1.2652615 1.7385140 2.2081366 3.0629308 2.6755166 2.3563589 
HoiH04_mRNA4781                                   0.9343900 0.9115889 0.8764971 0.9633193 0.9993437 0.9706258 0.9635191 0.6649997 0.9813849 1.0837072 0.7681787 0.5732110 0.8626817 1.0093126 0.8688591 0.8269938 1.1374257 1.1110416 1.1768209 0.9469420 0.1255410 0.1528899 0.0000010 0.0000000 0.1820685 0.1697891 1.6518724 0.7144134 1.0672487 1.1128418 0.9117221 0.8995367 0.9148124 1.2753679 1.2649787 1.2007686 1.5193343 1.5330919 1.7896350 1.7547467 1.8067536 1.8602784 1.7389640 1.5414467 2.0360164 1.8570844 1.6360302 1.4439671 1.4383094 1.5208907 1.4787021 1.6004220 1.4837987 2.2911831 1.7421338 1.7429037 2.7763012 1.4963711 1.4963711 1.4930251 1.6178881 1.6112546 1.7223989 1.5225261 1.4687834 2.0119547 1.9114987 1.2652615 1.7385140 2.2081366 3.0629308 2.6755166 2.3563589 
TrH2_TrispH2_009195-RA                            0.8711729 0.8333590 0.8618563 1.1724093 1.2414935 1.2335251 1.2960637 0.6374072 1.3248446 1.3614969 1.0585115 0.5892660 1.1358474 1.0513728 1.3435185 0.9627704 1.4488236 1.4302850 1.4279597 1.1977756 0.3366170 0.2145188 0.1820685 0.1820685 0.0000000 0.1430308 1.9306446 0.7402569 1.3989518 1.4305180 0.9527984 0.8928174 1.3190233 1.3736827 1.4081316 1.2952604 1.8164903 1.9092022 1.8552011 2.1511215 1.8677703 2.0376333 1.8640151 1.9430232 1.9415612 2.1109027 2.1874708 1.5448439 1.4822570 1.4806318 1.5060753 1.6827753 1.6421605 2.3785193 2.0809815 1.9985949 3.2882389 1.7730488 1.8534006 2.0154027 2.1117952 2.0331953 2.1916053 2.0675214 1.7774773 2.6276714 2.4574794 1.2243557 1.7107544 2.3284881 2.7924154 2.6498325 2.8826505 
Tadh_TriadT31979                                  0.8450151 0.8459573 0.8729518 0.6363378 0.6325326 0.6325326 0.6325326 0.6526233 0.6325326 0.6359843 0.5811122 0.6553519 0.6803047 0.5855465 0.6187467 0.7394721 0.8690481 0.8412810 0.8197796 0.8418668 0.1967706 0.1979626 0.1697891 0.1697891 0.1430308 0.0000000 1.5099486 0.7402569 0.8160498 0.7780241 1.0081297 0.9051938 0.7889108 0.9166948 0.8956754 0.6069982 1.3287839 1.3298408 0.9820839 1.5056171 1.6230904 1.4087462 1.4830530 1.3000559 1.6647733 1.4923390 1.2801503 1.3222486 1.3627378 1.3339099 1.3250629 1.3398300 1.0774883 1.9747973 1.5769783 1.5779829 2.1110367 1.5077755 1.5077755 1.5581864 1.3753295 1.4095487 1.5623652 1.3955848 1.2875485 1.8549284 1.9198434 1.3484978 1.5000262 1.7783385 2.4114057 2.5333763 1.5350472 
Morvir_scaffold76.g28.t1                          1.6177673 1.5235443 1.6412830 1.4992218 1.3656746 1.4007635 1.3517860 1.0789591 1.3906891 1.3415804 1.3771830 1.4285273 1.6316059 2.0310696 1.6684674 1.4964535 1.4156542 1.4021606 2.0152202 1.4664687 1.9975759 1.6624713 1.6518724 1.6518724 1.9306446 1.5099486 0.0000000 0.5808899 1.3578320 1.5156463 1.5408079 1.5596579 1.4863121 1.3206351 1.2984594 1.0982971 2.2285334 2.6644474 1.5552314 2.8427103 2.6611963 2.3414777 2.5164962 2.8408946 2.4287114 2.8431757 2.6198732 2.0801668 2.1870405 2.1899675 2.0990830 2.2854225 1.9442575 2.5582933 2.2231695 2.1585907 2.6812720 2.3032631 2.3364065 2.2727255 2.2550056 2.2085759 2.3035858 2.3872327 2.7660541 2.7007994 3.1287552 1.7449708 2.0831984 3.0663688 2.7043324 3.4200162 1.7719278 
Nvec_v1g146211                                    0.8265459 0.8436271 0.8842394 0.5447636 0.4633467 0.4633467 0.4633467 0.5094883 0.4633467 0.2929999 0.5591480 0.7088651 0.6473827 0.5869683 0.5136399 0.7313403 0.5970798 0.5382744 0.7362991 0.7071132 0.7960578 0.7508456 0.7144134 0.7144134 0.7402569 0.7402569 0.5808899 0.0000000 0.6461658 0.7200307 0.9340438 0.8799247 0.8082445 0.5308776 0.5308776 0.4828556 0.9316475 0.9704378 1.2066947 1.2448038 1.2893487 1.0759238 1.2422888 1.1422710 1.4932510 1.1629074 0.8983945 1.7815126 1.7051675 1.7616248 1.6554610 1.9632397 1.4151287 1.3360524 0.9358937 0.9358937 1.5518715 1.0578491 1.0578491 0.9731510 0.8811533 0.8445464 0.9866357 0.9518682 1.3538947 1.5976872 1.5467229 1.1644789 1.1597352 1.6216171 4.2352710 2.2394925 1.5380121 
Dgig_XM_028553819.1                               1.1599298 1.0531509 0.9480080 1.1396601 1.1139902 1.1137725 1.1215246 0.4522520 1.0880461 1.0941267 1.0989337 0.6959192 0.9602049 1.2601860 1.3181259 0.8830874 1.1730873 1.1842887 1.2165340 1.1826469 1.6682445 1.1043748 1.0672487 1.0672487 1.3989518 0.8160498 1.3578320 0.6461658 0.0000000 0.2725515 0.8078168 0.8478168 1.0644727 1.2532884 1.2883627 1.6501548 1.6632429 1.7172809 1.8075871 2.2716722 2.0362715 2.0249120 1.8343983 1.8929551 1.8918652 1.9678323 2.1716233 1.3913993 1.6025875 1.4579695 1.4850165 1.6576900 1.6802433 2.5061647 2.0459136 2.0674733 3.3451820 1.7881823 1.7969839 1.8566692 1.8470678 2.0342398 2.1217093 2.0187923 1.8743393 2.5934425 2.4188660 0.9944909 1.7420077 2.5745322 2.7343962 2.8756961 2.9649442 
Xesp_010571-T1                                    1.0612791 0.9896452 0.8574075 1.0272584 1.0925190 1.0918558 1.1006190 0.4564468 1.1157192 1.1508397 1.0559537 0.6439110 0.9311053 1.1146491 1.2827939 0.8143105 1.1931465 1.2266689 1.1446939 1.1875457 1.5638504 1.0829069 1.1128418 1.1128418 1.4305180 0.7780241 1.5156463 0.7200307 0.2725515 0.0000000 0.8641766 0.8128407 1.0231798 1.2038560 1.1908482 1.5924980 1.6552436 1.6618714 1.5395977 2.1408994 1.8870193 1.9876064 1.8461319 1.7687579 1.6389268 1.8398988 1.8456575 1.3060671 1.4069506 1.3732841 1.3865838 1.5019344 1.3922481 2.3368570 2.0572239 2.0792310 3.2694185 1.7298461 1.7381515 1.8073261 1.7062652 1.8417536 1.9576754 1.8714042 1.7633701 2.2806443 2.1571579 0.9916244 1.5059886 2.2846169 2.6942923 2.9718421 3.1252123 
Aque_Aqu2.1.41897_001                             0.7518682 0.7360970 0.6571311 0.9070921 0.9275882 0.9275882 0.9034475 0.9550627 0.9039803 1.0292896 0.7981166 0.8443964 0.9482869 0.8631379 0.7379301 0.8679354 0.9274626 0.9140331 1.0175525 0.9303551 0.9707596 0.9793223 0.9117221 0.9117221 0.9527984 1.0081297 1.5408079 0.9340438 0.8078168 0.8641766 0.0000000 0.1995902 0.8574074 0.8638157 0.8495302 0.7510881 1.1006194 1.4504781 0.9390565 1.3439455 1.4358949 1.3807758 1.3200205 1.4361924 1.4947627 1.6312984 1.4340623 1.0773394 1.2355022 1.1847453 1.1473545 1.1424123 1.1411237 1.8123536 1.9516358 2.0251427 2.7059873 1.6211408 1.6211408 1.4938793 1.5505776 1.5525892 1.6964909 1.5254279 1.6209190 1.5885152 1.4889408 1.3376624 1.3979424 1.7467726 2.3213054 2.4232060 2.8515094 
Halamb_c12546_g1_i1m.2041                         0.8386372 0.8044660 0.7007728 0.9102705 0.9353812 0.9353812 0.9110545 1.0043198 0.9115826 1.0465118 0.8750353 0.7696506 0.9710455 0.9122917 0.8208090 1.0587949 0.9416922 0.9282981 0.9587361 0.9062670 0.9202359 0.9614394 0.8995367 0.8995367 0.8928174 0.9051938 1.5596579 0.8799247 0.8478168 0.8128407 0.1995902 0.0000000 0.9884091 0.9068119 0.8826182 0.9070830 1.1624740 1.4488256 0.9440211 1.4324836 1.5124459 1.4693597 1.4878214 1.4789406 1.6178065 1.6966901 1.3815391 1.0658336 1.2284078 1.2100299 1.1617411 1.1918918 1.1997692 1.8629400 1.8121815 1.8813066 2.6997931 1.5710956 1.5710956 1.4553628 1.5079031 1.5456754 1.7898407 1.5023294 1.5869120 1.8033997 1.8019413 1.3412519 1.3937339 1.7960235 2.4467901 2.3483655 3.0621499 
Spur_XM_030995020.1                               0.9367782 0.8816745 0.8811441 0.8805592 1.1517415 1.1516038 1.1565365 0.6802558 1.1447435 1.1369619 0.6860762 0.6327571 0.8213783 0.9440065 0.9029572 0.7728686 1.1481392 1.1311158 1.0598984 1.2676693 1.6089809 0.9451957 0.9148124 0.9148124 1.3190233 0.7889108 1.4863121 0.8082445 1.0644727 1.0231798 0.8574074 0.9884091 0.0000000 1.0924754 1.1338798 1.3298443 1.6564679 1.7438311 1.5528036 2.2548785 1.6943960 1.7509654 1.5831903 2.1133861 1.7331659 1.8500741 2.1327713 1.4066664 1.5787952 1.4626575 1.6260137 1.7179549 1.4669288 2.0135047 1.6884960 1.4820135 2.7062053 1.5474570 1.4885965 1.5542480 1.5080235 1.5666153 1.6215193 1.5553496 1.5649702 2.2354777 2.0323085 1.1584308 1.8283232 1.6450071 2.8238757 2.8977382 3.0416605 
Nemnom_g11237.t1                                  0.8080611 0.7803118 0.8779023 1.1068377 1.0947942 1.0864441 1.1388504 0.5111205 1.1154731 1.2415454 1.1271348 0.6830381 0.9811023 1.0460461 1.0725474 0.9591656 0.7514262 0.7471938 1.2633989 1.0028726 1.8222802 1.3298931 1.2753679 1.2753679 1.3736827 0.9166948 1.3206351 0.5308776 1.2532884 1.2038560 0.8638157 0.9068119 1.0924754 0.0000000 0.1236972 1.6517293 1.8640402 1.9232464 1.7731014 2.1002465 1.8958226 1.9209934 1.8800256 2.0481372 1.9046819 2.0456413 2.0184228 1.7427857 1.9956375 1.7996026 1.8063346 1.7919383 1.6931956 2.4534626 2.0418352 1.8898545 3.0364603 1.9131216 1.9273378 1.9452390 1.8936821 1.8131967 1.8954503 1.9838943 1.6958882 2.5268258 2.2697696 1.2954393 1.6059656 2.2422630 1.8616400 2.8795042 3.0278828 
Rhoesc_Res_008669-T1                              0.7888918 0.7536353 0.8945106 1.1540728 1.1528494 1.1406874 1.2010017 0.5048264 1.1611804 1.2733295 1.1799851 0.6658989 0.9688287 1.0901881 1.2021601 0.9856641 0.7388555 0.7282358 1.3486962 1.0019388 1.7953483 1.2783384 1.2649787 1.2649787 1.4081316 0.8956754 1.2984594 0.5308776 1.2883627 1.1908482 0.8495302 0.8826182 1.1338798 0.1236972 0.0000000 1.7404766 1.9146436 1.9735301 1.9079255 2.1116138 2.0347521 1.9875880 1.9495969 2.1599887 1.9115391 1.9748066 2.0502706 1.7138852 2.0403184 1.8285264 1.8780683 1.9096056 1.7830746 2.6332350 2.0605794 1.8616780 3.0123309 1.9355309 1.9505408 1.8916934 1.9465847 1.8648034 1.9601083 1.9628235 1.7452380 2.6140798 2.3404188 1.3454520 1.5746437 2.2542231 1.7776495 2.7410093 3.0152539 
Skow_XM_006822304.1                               0.9262214 0.9376202 0.7390963 0.9197969 1.3175653 1.3301930 1.2865001 0.5558429 1.3657220 1.4872123 0.8784053 0.5099854 0.9391094 1.1680675 1.2933220 0.9432147 1.5960828 1.5546670 1.5515552 1.5332943 1.8860161 1.3231032 1.2007686 1.2007686 1.2952604 0.6069982 1.0982971 0.4828556 1.6501548 1.5924980 0.7510881 0.9070830 1.3298443 1.6517293 1.7404766 0.0000000 1.7869127 2.1084642 1.6797604 1.8485762 1.7283421 1.8504571 1.9983384 2.0850322 2.0523585 2.0415153 2.2357533 1.5890321 1.8018305 1.7848063 1.5983424 1.8566045 1.5830286 2.4748659 2.0960118 2.0094541 2.6279930 2.0900496 2.0683934 2.1331222 2.4538900 2.2130080 2.4625237 2.4857289 2.1240484 2.7192620 2.4981459 1.0477783 1.6846692 2.2951457 3.1411716 3.0350167 3.5903018 
Ocar_g9542                                        1.4240527 1.3441934 1.1119616 1.6368250 1.7396586 1.7407661 1.7505490 1.0803564 1.7186207 1.8496749 1.4767859 0.5037734 1.3405143 1.4565965 1.3734367 1.3612830 1.6517030 1.6260775 1.5474679 1.4885782 2.0059314 1.5748258 1.5193343 1.5193343 1.8164903 1.3287839 2.2285334 0.9316475 1.6632429 1.6552436 1.1006194 1.1624740 1.6564679 1.8640402 1.9146436 1.7869127 0.0000000 1.9308686 1.8245113 2.0244505 2.2888736 2.1278720 2.2479077 1.9901793 2.0783248 2.0638383 2.3349487 1.7610385 1.8823885 1.9363004 2.0289261 2.0869048 1.7687418 2.2460352 2.3892129 2.4183858 2.8593976 2.4218934 2.4500857 2.2300371 2.0170904 2.1538479 2.2654725 2.2100647 2.3500515 2.4804907 2.4678148 1.5590924 2.2531481 2.3107099 3.4060165 3.3763702 2.7349294 
Saldol_EP00054_Salpingoeca_dolichothecata_P007506 1.3917709 1.3715157 1.3399822 1.5012757 1.7487650 1.7626436 1.7777317 1.2805465 1.6682322 1.9696937 1.2730558 1.0182632 1.5615795 2.0403401 1.6748486 1.4670206 1.6983390 1.6703821 1.8203042 1.5726916 1.9928795 1.5975003 1.5330919 1.5330919 1.9092022 1.3298408 2.6644474 0.9704378 1.7172809 1.6618714 1.4504781 1.4488256 1.7438311 1.9232464 1.9735301 2.1084642 1.9308686 0.0000000 1.0947995 1.2473300 1.1589540 1.3225607 1.4070899 1.3880630 1.6825508 1.1217397 1.0503768 2.2708669 2.1388800 1.9182660 1.9633060 2.2024020 1.8625820 1.8208909 2.6318656 2.5192137 3.9133916 2.3412194 2.2620826 2.1873723 2.4330097 2.5307328 2.5974843 2.2788948 2.6929758 1.6510242 1.8824971 0.9175038 1.5318428 1.9171251 4.1257595 2.3592854 3.1425785 
Lcom_lcpid242223                                  1.2866089 1.2309749 0.8052577 1.3171432 1.7818654 1.7438619 1.8185241 1.1263641 1.7966021 1.9962454 1.4783880 0.8419517 1.1630011 1.5141811 1.5669852 1.2434441 1.5217553 1.5661448 1.9929466 1.7505417 1.6768956 1.7505837 1.7896350 1.7896350 1.8552011 0.9820839 1.5552314 1.2066947 1.8075871 1.5395977 0.9390565 0.9440211 1.5528036 1.7731014 1.9079255 1.6797604 1.8245113 1.0947995 0.0000000 0.8822034 0.9341472 0.8418608 1.2126236 0.7176502 1.0528660 1.0087370 1.3154856 1.6734000 1.7296617 1.7385037 1.5321367 1.6804530 1.7328941 1.2151762 2.4147672 2.4901204 3.3045407 2.5180692 2.5180692 2.6240591 2.6605937 2.6417433 3.1987352 2.5232277 2.5414931 1.5745022 1.5181957 1.0022055 1.0918841 1.5125265 3.1912046 2.5004487 3.4471837 
Acaspe_EP00035_Acanthoeca_spectabilis_P034545     1.5846344 1.4728873 1.1285864 1.6539969 2.1933074 2.2146202 2.1299784 1.2936439 2.1153609 2.2697405 1.7272110 1.1823429 1.4797056 1.7808405 1.6656421 1.5022225 2.2747529 2.2686104 1.8348169 1.7333695 2.3981513 1.8575596 1.7547467 1.7547467 2.1511215 1.5056171 2.8427103 1.2448038 2.2716722 2.1408994 1.3439455 1.4324836 2.2548785 2.1002465 2.1116138 1.8485762 2.0244505 1.2473300 0.8822034 0.0000000 0.7227424 0.4765400 0.9414801 1.1157858 0.9746660 0.9464807 1.3565976 2.1657393 2.0951945 2.1403464 1.9582407 2.2404313 2.0834826 1.9293538 2.4248835 2.4293684 3.5516987 2.3593527 2.4220979 2.3692298 2.4173473 2.4702610 2.5094502 2.4323382 2.5154216 1.8488036 1.9127041 0.9007509 1.0842839 1.4690881 3.6443625 2.5589885 4.1662243 
Stedip_EP00041_Stephanoeca_diplocostata_P015102   1.5057808 1.4833077 1.0745059 1.5974487 1.8209661 1.7784331 1.8964947 1.3441282 1.9070215 1.9013059 1.7204635 1.1751422 1.5550151 1.7762935 1.6495477 1.4843724 1.8373068 1.8546454 1.8703046 1.6047991 2.1975407 1.8573207 1.8067536 1.8067536 1.8677703 1.6230904 2.6611963 1.2893487 2.0362715 1.8870193 1.4358949 1.5124459 1.6943960 1.8958226 2.0347521 1.7283421 2.2888736 1.1589540 0.9341472 0.7227424 0.0000000 0.5936472 0.6302969 0.9626060 1.0524675 0.9793550 1.3902143 1.9670923 2.0734193 1.9514851 1.7756279 1.9086412 1.8498419 1.3776275 2.3813933 2.3507909 3.2896897 2.1298046 2.2852812 2.1740891 2.3867347 2.4699411 2.6921037 2.2520637 2.2593500 1.5805880 1.5941378 0.9916762 1.0124088 1.4512896 4.0650501 2.6707768 3.6959434 
Helnan_EP00037_Helgoeca_nana_P033470              1.4690801 1.4811663 1.1327403 1.7293284 1.9182900 1.9501650 1.8609567 1.2116288 1.8208365 1.9882639 1.8720618 1.1313784 1.4117064 1.7585299 1.5724479 1.4527565 2.0792109 2.1039431 1.9101544 1.5897069 2.3199923 1.8583475 1.8602784 1.8602784 2.0376333 1.4087462 2.3414777 1.0759238 2.0249120 1.9876064 1.3807758 1.4693597 1.7509654 1.9209934 1.9875880 1.8504571 2.1278720 1.3225607 0.8418608 0.4765400 0.5936472 0.0000000 0.7778219 1.1292953 0.9541931 0.9635467 1.4007195 2.1828057 2.1903134 2.0972616 1.9945217 2.1745235 1.9988514 1.6628291 2.4363082 2.3979206 3.2876270 2.4150979 2.5378630 2.3918269 2.4820395 2.3910234 2.5625996 2.4865935 2.3677970 1.9567175 1.5541683 0.8363121 1.1138353 1.5302515 3.6587096 2.4068284 3.3071071 
Diagra_EP00040_Diaphanoeca_grandis_P016865        1.5622205 1.5566493 1.1022417 1.6004388 1.9421091 1.9311478 2.0581143 1.3728805 1.9995252 2.0340416 1.9603545 1.1107813 1.5773697 1.8683148 1.8386341 1.4809987 1.7915332 1.8615785 1.7980747 1.7231136 2.1624110 1.7737150 1.7389640 1.7389640 1.8640151 1.4830530 2.5164962 1.2422888 1.8343983 1.8461319 1.3200205 1.4878214 1.5831903 1.8800256 1.9495969 1.9983384 2.2479077 1.4070899 1.2126236 0.9414801 0.6302969 0.7778219 0.0000000 1.2907911 0.9863601 0.8933887 1.3143426 1.8890561 2.1382800 1.9739436 2.1088656 2.0084306 1.9636617 1.6255332 2.5622988 2.4065633 3.8523930 2.3573297 2.4178340 2.1595327 2.5526616 2.6384330 2.4931658 2.1390622 2.4372593 1.8051039 1.6852088 1.0061208 1.2009262 1.3831950 3.4359365 2.1579714 3.7653466 
Salurc_EP00051_Salpingoeca_urceolata_P001903      1.4442697 1.3468293 1.3039920 1.6264030 1.9849897 1.9489031 2.0113929 1.2425151 1.9711625 2.0563170 1.6168768 1.0293458 1.5839723 1.6952839 1.7292074 1.4374322 2.0713469 2.1112842 1.8583148 1.8161528 2.0506074 1.6438300 1.5414467 1.5414467 1.9430232 1.3000559 2.8408946 1.1422710 1.8929551 1.7687579 1.4361924 1.4789406 2.1133861 2.0481372 2.1599887 2.0850322 1.9901793 1.3880630 0.7176502 1.1157858 0.9626060 1.1292953 1.2907911 0.0000000 1.1814392 1.3019992 1.4710009 2.0141065 2.0210795 1.9840468 2.0446800 2.1441104 2.0606191 1.4625061 2.6935582 2.6656493 3.7026815 2.5512466 2.6119333 2.6707221 2.5134522 2.6063430 2.8936228 2.3508264 2.7047053 1.6432448 1.6795137 1.0467186 1.0607621 2.0718487 3.4538220 2.3885204 3.3133176 
Salkve_EP00050_Salpingoeca_kvevrii_P006787        1.3797404 1.3651344 1.4075254 1.6883046 1.8029917 1.8102502 1.7932662 1.4029562 1.7648512 1.9297408 1.7858837 1.2891785 1.7630921 2.2212273 1.8150693 1.5091013 2.0534336 2.0371408 2.1337137 1.9005222 2.3190140 1.9426934 2.0360164 2.0360164 1.9415612 1.6647733 2.4287114 1.4932510 1.8918652 1.6389268 1.4947627 1.6178065 1.7331659 1.9046819 1.9115391 2.0523585 2.0783248 1.6825508 1.0528660 0.9746660 1.0524675 0.9541931 0.9863601 1.1814392 0.0000000 1.2553024 1.1028780 1.8471622 1.9318939 1.9419747 1.8035677 1.9292528 1.9387838 1.4787630 2.8730944 2.7489024 4.0618092 2.4794312 2.5959884 2.3180403 2.5987909 2.6153783 2.7085918 2.4787514 2.3851571 1.8071831 1.6417364 1.1338950 1.3115227 1.8174150 3.6122303 2.3192520 2.5642676 
Didcos_EP00039_Didymoeca_costata_P030671          1.4159361 1.4116029 1.1988777 1.7058920 2.0212746 2.0293377 2.0147134 1.3470073 2.0037987 1.9769469 1.6070169 1.1978938 1.6549919 1.9168790 1.6429110 1.2817929 1.9990672 2.0421516 1.9759755 1.8228836 2.3336891 1.8846009 1.8570844 1.8570844 2.1109027 1.4923390 2.8431757 1.1629074 1.9678323 1.8398988 1.6312984 1.6966901 1.8500741 2.0456413 1.9748066 2.0415153 2.0638383 1.1217397 1.0087370 0.9464807 0.9793550 0.9635467 0.8933887 1.3019992 1.2553024 0.0000000 1.2288775 2.4818707 2.5151106 2.2018828 2.1043650 2.4158926 2.2218284 1.6920861 2.7924410 2.8522077 4.1061888 2.8150757 2.8982363 2.5366109 2.5948772 2.6366180 2.9133100 2.6964733 2.9138099 1.5300846 1.5996844 1.1219842 1.3119995 1.7807351 4.0277361 2.6942667 3.2191810 
Mylflu_EP00047_Mylnosiga_fluctuans_P013280        1.5030952 1.4323670 1.2233688 1.5446474 1.9209333 1.8521865 1.8682082 1.3034702 1.8749056 2.0245133 1.5422815 1.1608771 1.5308478 1.5091963 1.6822309 1.6686862 1.8785020 1.8938682 2.0947341 1.8982353 2.5414725 1.7017923 1.6360302 1.6360302 2.1874708 1.2801503 2.6198732 0.8983945 2.1716233 1.8456575 1.4340623 1.3815391 2.1327713 2.0184228 2.0502706 2.2357533 2.3349487 1.0503768 1.3154856 1.3565976 1.3902143 1.4007195 1.3143426 1.4710009 1.1028780 1.2288775 0.0000000 2.2038960 2.4623960 2.3898249 2.1884153 2.6245564 2.0966254 2.1484070 2.5029362 2.5421114 3.6064615 2.5774928 2.5821387 2.5322406 2.2628577 2.4381979 2.6162978 2.5364782 2.4874432 1.9936452 1.8970599 0.9440248 1.1675704 1.7979443 4.0654050 3.3288249 3.2810505 
Lcom_lcpid63460                                   0.9859210 0.9854261 0.9572595 1.2065648 1.4473797 1.5027807 1.4342988 0.9368513 1.3347732 1.6644041 1.1968467 0.9511279 1.0705418 1.4754950 1.4879015 1.1222625 1.4900979 1.4998255 1.4409052 1.5994707 1.8050061 1.3947387 1.4439671 1.4439671 1.5448439 1.3222486 2.0801668 1.7815126 1.3913993 1.3060671 1.0773394 1.0658336 1.4066664 1.7427857 1.7138852 1.5890321 1.7610385 2.2708669 1.6734000 2.1657393 1.9670923 2.1828057 1.8890561 2.0141065 1.8471622 2.4818707 2.2038960 0.0000000 0.4304501 0.4247427 0.3954325 0.4555968 0.6919495 2.5713693 2.3135320 2.1502200 3.2185431 2.0248701 1.9249703 2.0877530 2.0458845 2.0088551 2.1399721 2.0885829 1.6282817 2.9159724 2.7487827 1.8175143 1.9560856 2.5406933 2.8353836 2.7162310 3.4139423 
Gracom_Gcom_scaffold12015_01                      1.1885079 1.1714074 1.0795149 1.1943551 1.6707886 1.6697000 1.5363707 0.9313888 1.4834296 1.7254796 1.1884153 1.0404653 1.1268606 1.4145385 1.5236696 1.1809355 1.7195805 1.7332566 1.6531301 1.5308007 1.8231593 1.5411516 1.4383094 1.4383094 1.4822570 1.3627378 2.1870405 1.7051675 1.6025875 1.4069506 1.2355022 1.2284078 1.5787952 1.9956375 2.0403184 1.8018305 1.8823885 2.1388800 1.7296617 2.0951945 2.0734193 2.1903134 2.1382800 2.0210795 1.9318939 2.5151106 2.4623960 0.4304501 0.0000000 0.3868407 0.4778001 0.5000611 0.7306987 2.6121538 2.2313515 2.0773562 2.9314797 2.1267960 2.0712145 2.1221019 2.2265265 2.1529525 2.1730572 2.3351482 1.6957595 2.7079844 2.7087706 1.7232691 2.1483811 2.5917116 3.2142099 2.9048728 3.7606944 
Gracom_Gcom_scaffold329_01                        1.1385174 1.0682674 1.0018403 1.1427633 1.4476862 1.4679187 1.3728083 0.9496576 1.3290108 1.7090010 1.1737935 1.0085213 1.1964918 1.4211252 1.4278354 1.1319704 1.7227204 1.7367182 1.5647296 1.4885765 1.7781964 1.5070309 1.5208907 1.5208907 1.4806318 1.3339099 2.1899675 1.7616248 1.4579695 1.3732841 1.1847453 1.2100299 1.4626575 1.7996026 1.8285264 1.7848063 1.9363004 1.9182660 1.7385037 2.1403464 1.9514851 2.0972616 1.9739436 1.9840468 1.9419747 2.2018828 2.3898249 0.4247427 0.3868407 0.0000000 0.4034664 0.4430712 0.6815317 2.3914788 2.4918938 2.3017858 3.1467313 2.0606673 1.9376202 2.1175679 2.2414705 2.2947944 2.2207781 2.2429939 1.7334576 2.8497385 2.6677660 1.8585436 2.1386485 2.2602865 3.1191487 2.7197625 3.6132409 
Leuniv_Lniv_scaffold20867_01                      1.0274355 1.0324088 1.0312627 1.2064260 1.4997798 1.4986458 1.4034721 0.9276296 1.3889383 1.5742645 1.2181381 1.0465169 1.2447988 1.4625826 1.4476625 1.1241655 1.8293563 1.8625727 1.5596104 1.4902495 1.7668807 1.4365322 1.4787021 1.4787021 1.5060753 1.3250629 2.0990830 1.6554610 1.4850165 1.3865838 1.1473545 1.1617411 1.6260137 1.8063346 1.8780683 1.5983424 2.0289261 1.9633060 1.5321367 1.9582407 1.7756279 1.9945217 2.1088656 2.0446800 1.8035677 2.1043650 2.1884153 0.3954325 0.4778001 0.4034664 0.0000000 0.4887402 0.7451753 2.6392623 2.6689214 2.5486880 3.7003035 2.1282393 2.0667791 2.2130605 2.4926499 2.3604695 2.6795140 2.4216805 1.7445171 2.5769189 2.5692479 1.8126093 2.0214869 2.3402696 3.3331394 3.0866995 3.5053880 
