90
Emue_Em0011g643a.t1                               0.0000000 0.1899738 0.1371549 1.6771619 1.5773359 1.4458663 1.6668199 1.6116634 1.3440435 1.5221613 1.7636891 1.4546875 1.4602440 1.8768575 1.5891489 1.4197224 1.4443731 1.8789718 1.1814062 1.3610815 1.4679938 1.4171697 1.8842835 1.4653861 1.4975130 1.6305009 1.6810081 1.0889177 1.7403556 1.4047859 1.3755242 1.4278920 1.4278920 1.3381683 1.3939815 1.4585254 1.4357410 1.5452989 1.3845778 1.5277168 1.5654690 1.9539420 1.4978985 1.3542212 1.5081476 1.6738101 2.0824354 1.3305864 1.7185168 1.6833811 1.6404547 1.5176226 1.5812579 1.5881317 1.6745828 2.1386788 2.0174559 1.4381525 2.2068826 2.2068826 2.5700005 2.9636130 2.9591132 2.6016872 2.9272919 2.7689444 3.0830229 3.1583104 2.7246321 3.1221857 3.3255532 3.1012332 3.0830345 3.2958584 1.8740820 1.8614777 1.4824877 1.5137233 1.4946204 1.9379151 2.0737573 2.0642672 1.8145493 1.7783397 2.3201852 1.0799479 1.7193803 2.4898037 2.0434760 3.2279887 
Spolac_c83847_g1_i1_m.3324c40417-g1               0.1899738 0.0000000 0.0000010 1.7954847 1.3807431 3.0964674 0.0000010 0.0000010 1.1060385 1.3039950 1.5185236 1.2773898 1.2037125 0.0000010 1.1283116 1.1438504 1.2509839 1.9433156 1.4784013 1.2531601 1.5150050 1.4777538 1.1769975 1.1769975 1.1769975 1.4952899 1.4711235 1.0666296 1.4190275 1.4124458 1.3951531 1.4185169 1.4185169 1.3573263 1.3560893 1.3565866 1.3581164 1.2289850 1.3338526 1.1716028 1.2673811 2.0705825 1.1317178 1.2246169 1.2843353 1.5508217 1.9298371 1.7110681 1.7502975 1.4458837 1.4136488 1.5024836 1.6378794 1.5679615 1.7979491 1.6821922 1.7565605 1.1567267 0.0000010 0.0000010 8.9999981 2.0131241 2.0131241 2.0521287 1.9877201 1.9369319 2.3178498 2.2543310 2.2429378 2.2195997 2.4126245 2.2176933 2.1465562 2.1465562 2.3683115 1.5882173 1.6410103 1.5646664 1.5627522 1.4923785 1.6211936 1.5764105 2.0140523 1.4746601 2.0171215 1.0731428 1.4675714 3.7310931 2.3960477 3.1511244 
Spolac_c40417_g1_i1_m.1077c40417-g1               0.1371549 0.0000010 0.0000000 0.0000010 1.9823980 1.1985491 1.6286098 1.5080954 1.6801688 1.7604244 1.8208974 1.3193635 1.4582608 1.1956969 3.2142743 1.6026859 0.0000010 1.6026859 0.0000010 1.8359801 1.5871370 1.4264670 4.2838889 1.5847806 1.6651167 1.6839112 1.4608755 1.0766347 1.8847917 1.3877231 1.2465002 1.4178774 1.4178774 1.2026748 1.2788150 1.3751354 1.3589396 4.5494638 1.3183468 1.6917996 1.4294948 1.8237299 2.2711564 2.2041812 1.7974610 1.8603378 2.6460291 1.4382239 1.9007357 3.2787643 1.9219057 1.6660659 1.6556513 1.6093453 1.8564328 1.9273078 1.7898349 1.5958634 1.6888708 1.6888708 1.7347666 4.2795289 6.9977820 0.0000010 3.0295135 2.7417758 2.6784661 2.8581346 0.0000010 7.1964096 2.8786769 3.2551196 3.3058849 4.0757753 1.5861966 2.1708879 1.5160453 1.5160894 1.5160894 2.7398659 3.2098604 2.8598654 1.8049957 2.7877020 2.3371176 0.9371150 2.1881691 2.3878362 1.5260801 2.6042139 
Codhol_EP00042_Codosiga_hollandica_P042423        1.6771619 1.7954847 0.0000010 0.0000000 0.0674660 0.8484966 0.0000010 0.0000010 1.3879978 1.4194781 1.4796224 1.1237185 1.1936375 0.0000010 1.1936375 1.3620443 1.3620443 5.0062871 1.4245029 1.3915987 1.1287607 1.4914545 1.0083549 1.0083549 1.0083549 1.6331259 1.5310941 1.7731170 2.4145399 1.3520664 1.2903231 1.2608053 1.2608053 1.4313352 1.4313352 2.1801801 2.0104718 1.9223338 2.2648004 2.1194661 1.9872917 8.9999990 1.5919225 2.6101973 2.2523160 0.0000010 2.0595143 6.7116092 2.0559032 2.1223272 2.4476912 3.0446666 2.7010911 2.2577756 3.0213372 2.4950939 3.3543819 0.9503969 0.0000010 0.0000010 4.9879037 2.5348277 2.5348277 2.2850273 1.7424662 1.8381720 2.2477669 3.2238017 2.4639970 2.1298924 2.3124523 1.9649423 2.0901058 2.0901058 2.7454088 3.2856798 1.7129347 1.4417343 1.4065558 1.4192301 2.2329654 2.0054172 4.1560006 2.1960176 2.5231347 1.7123206 1.7580347 4.6104351 2.7777150 3.0451589 
Codhol_EP00042_Codosiga_hollandica_P042421        1.5773359 1.3807431 1.9823980 0.0674660 0.0000000 1.1651570 1.3854332 1.2275463 1.3371344 1.4618149 1.4813174 1.4293211 1.4632758 1.5727019 1.6165927 1.5189797 1.5339519 1.8492405 1.1037841 1.4785128 1.3942251 1.5843784 1.7903330 1.2680253 1.2566642 1.5541377 1.5637742 1.2547537 1.6134203 1.5352910 1.4349447 1.4966295 1.4966295 1.5529822 1.4631485 1.7107476 1.6872524 1.7711621 1.5364368 1.9542804 1.7945852 2.7327112 1.6658016 2.0679554 1.7361759 1.6046738 2.1874636 2.0153971 2.0779699 2.0790160 1.9877924 1.8840190 1.5863206 1.6145828 1.7793646 1.9526293 1.8528170 1.4666351 1.8846650 1.8846650 2.2943775 2.8434843 3.0357543 2.7862669 2.4328219 2.4616986 2.7803607 2.8548096 3.0049543 2.9964485 2.6693217 2.2227697 2.3986612 2.4963121 1.9992749 2.0102200 1.9478791 1.8896824 1.8999030 1.9992825 2.1401227 2.2271188 2.1064143 2.2758879 2.1208557 1.9067894 1.7844422 2.9493165 1.7327802 2.7336276 
Saldol_EP00054_Salpingoeca_dolichothecata_P033980 1.4458663 3.0964674 1.1985491 0.8484966 1.1651570 0.0000000 0.7901292 0.3862620 0.6490285 1.3458090 1.5239381 0.9797309 1.1878989 1.0756974 1.8000360 0.9551263 0.8484966 0.9045144 1.4563560 0.9475058 1.8623452 1.1159672 6.1391630 1.3962183 1.5568417 1.1482864 1.3402121 2.3067427 1.4287152 1.7069906 2.3397848 1.6736064 1.6736064 1.5148415 1.5145823 1.1838837 1.2042722 2.9170213 1.2114818 1.5636035 1.9272126 2.9631764 5.2022530 1.9372798 1.4210017 0.8873882 2.0311162 1.4710924 1.6534171 2.2517859 2.0993292 1.5995207 1.3014788 1.4169230 1.6560899 1.7327635 1.5768632 1.5939909 1.2722368 1.2722368 1.2722368 2.1748056 2.7274906 3.1794261 1.8504987 1.6641877 2.0420344 2.2394309 2.8712027 2.8712027 2.2726263 1.9132848 1.9404049 2.3479546 1.6408532 2.1678870 1.9634476 2.2178881 2.1141053 2.0430433 1.5930017 1.7003438 7.1113842 5.4325059 1.5932397 2.9065426 4.3275574 2.4737890 3.1235658 2.5368501 
Chofle_EP00730_Choanoeca_flexa_P006253            1.6668199 0.0000010 1.6286098 0.0000010 1.3854332 0.7901292 0.0000000 0.0138684 0.2120137 0.5151372 1.2137078 1.3256192 1.3404605 1.2494907 4.3730346 1.1480490 0.0000010 1.0867188 1.3478395 1.3448780 1.3327704 1.3218123 7.5694744 1.1634777 1.1681454 1.1613760 1.1590252 1.8138525 1.5837031 1.1257574 1.1216905 1.1247393 1.1247393 1.1597485 1.0740442 1.4607505 1.4607505 3.8162331 1.2437859 2.0677418 2.0208025 5.4212811 1.8812195 3.6124006 1.3350032 1.4256757 1.6989664 1.5346777 1.7964126 2.1308465 2.0497351 1.7803616 1.5546484 1.5358934 1.4396338 2.0528189 1.7286505 1.8529855 1.1552845 1.1552845 1.1552845 3.1379022 8.9999985 9.0000000 2.2717176 2.1017937 2.1381716 2.0780755 9.0000000 9.0000000 2.5188686 1.8826093 2.0573044 2.1568013 1.3968706 1.9069997 1.7114706 1.9115055 1.8917045 2.5299212 2.8654131 2.5136768 2.3894052 2.2352395 1.5221457 1.5908642 1.7247268 2.2531413 1.2806213 2.5005294 
Chofle_EP00730_Choanoeca_flexa_P006254            1.6116634 0.0000010 1.5080954 0.0000010 1.2275463 0.3862620 0.0138684 0.0000000 0.1936286 0.5488450 1.1200709 1.1070752 1.1547262 1.0497935 4.3730346 0.9076985 0.0000010 0.9076985 1.3478395 1.2864260 1.2317526 1.0972302 5.9427465 0.9914809 1.1066385 1.0426717 1.0963587 1.8138525 1.3377610 1.0029772 1.1216905 1.0134553 1.0134553 1.0165937 0.9100672 1.1212952 1.1212952 3.8162331 1.2960573 1.3203791 1.5736446 5.4212811 1.9719765 3.6124006 1.1637914 1.2426509 1.6989664 1.1481352 1.7174376 2.1308465 1.6912447 1.4680113 1.4913985 1.4025371 1.2819383 2.0177186 1.6342130 1.7441904 0.7840673 0.7840673 0.7840673 2.9433126 8.9999985 9.0000000 2.1448893 1.8898039 2.1381716 1.6034554 9.0000000 9.0000000 1.9142302 1.5892245 1.7178150 2.0186479 1.2640109 1.3549059 1.5787827 1.5787827 1.5787827 2.7243211 2.9324657 2.6577874 2.3894052 2.2352395 1.5953631 1.5908642 1.7247268 1.9686601 0.9514240 2.3830064 
Chofle_EP00730_Choanoeca_flexa_P006255            1.3440435 1.1060385 1.6801688 1.3879978 1.3371344 0.6490285 0.2120137 0.1936286 0.0000000 0.3413332 1.1101116 1.1511822 1.1935861 1.2707160 1.5713981 1.0478241 1.1975803 1.2986238 1.0245360 1.3477182 1.2922155 1.2691480 1.9092893 1.3021997 1.3481596 1.1332363 1.1769705 1.1194032 1.2377904 1.4744299 1.5603875 1.4107875 1.4107875 1.4817190 1.3729724 1.4622695 1.4673461 1.7263630 1.4888631 1.6022897 1.6541064 2.5002564 1.6291192 2.0239096 1.4825226 1.3944767 2.0486909 1.3629860 2.0154934 1.9936938 1.8849414 1.8518606 1.6716197 1.6935786 1.7858371 2.0062852 2.0644189 1.3988528 1.2898635 1.2898635 1.7387611 2.4030750 2.5465853 2.3169609 2.3412475 2.2597905 2.5927639 2.3516727 2.7115807 3.1243507 2.6675574 2.0241548 2.0563453 2.1565428 1.9495947 1.9953554 1.7572893 1.7344299 1.7600530 2.0049716 2.0739779 2.1487586 2.0896407 2.2290267 1.9183575 1.5061105 1.7459789 2.0436191 1.1508050 2.7375342 
Choper_EP00045_Choanoeca_perplexa_P001603         1.5221613 1.3039950 1.7604244 1.4194781 1.4618149 1.3458090 0.5151372 0.5488450 0.3413332 0.0000000 1.0788662 1.2050128 1.2853203 1.3077401 1.7609933 1.2786778 1.6241564 1.4815620 1.0527681 1.3677979 1.3047809 1.3041166 1.9466184 1.3808770 1.4145722 1.2073075 1.1232075 1.1833362 1.2250490 1.5659352 1.6413498 1.5206205 1.5206205 1.5938760 1.4582482 1.6366315 1.6290657 1.7585559 1.5936191 1.7137126 1.7523671 2.4774906 1.6569399 1.9789287 1.5199227 1.4543019 2.1718586 1.6102144 1.9673914 2.0291185 1.8572168 1.9871306 1.7992431 1.6326249 1.9004840 2.2038334 2.2537456 1.4455916 1.5592276 1.5592276 2.0984941 2.5173807 2.7239069 2.6709247 2.4193646 2.3691034 2.7487348 2.7578517 2.7696939 3.3019583 2.9279201 2.2219207 2.1843122 2.2323524 2.1417503 2.1103192 1.7506327 1.8575622 1.8825087 2.0888447 2.2378624 2.3113076 1.9986736 2.2007688 2.1609745 1.5787003 1.7274435 2.2538564 1.3486409 3.0176785 
Salinf_EP00049_Salpingoeca_infusionum_P007742     1.7636891 1.5185236 1.8208974 1.4796224 1.4813174 1.5239381 1.2137078 1.1200709 1.1101116 1.0788662 0.0000000 1.2743779 1.4191279 1.5498461 1.9497649 1.2497483 1.5921654 1.4584158 1.1447150 1.4673510 1.4604536 1.3239581 2.0851655 1.3600397 1.3597561 1.0758946 1.0999690 1.4418518 1.4625306 1.3476223 1.3141577 1.3756759 1.3756759 1.3843667 1.3047723 1.6968604 1.7229924 1.9885685 1.6292660 2.0356218 1.8842419 2.6073072 1.7753578 1.8924465 1.8024894 1.8574673 2.2218671 1.5275680 2.0694888 2.2036561 1.9973707 1.8766931 1.7427576 1.7406599 1.9698982 2.1021567 2.1074548 1.6317503 1.6396999 1.6396999 2.2076557 2.7485209 2.9796646 2.5649233 2.4361760 2.4025240 2.4916213 2.4238254 2.4128754 2.6238072 2.6631532 2.4741884 2.4749023 2.5534378 2.1680102 2.2028405 1.7737691 1.8371614 1.8163891 2.0445938 2.2322691 2.3408828 2.1303149 2.3613595 2.1433642 1.6977708 1.5357617 2.5710284 1.5862994 3.2155274 
Acaspe_EP00035_Acanthoeca_spectabilis_P018231     1.4546875 1.2773898 1.3193635 1.1237185 1.4293211 0.9797309 1.3256192 1.1070752 1.1511822 1.2050128 1.2743779 0.0000000 0.2524265 0.4832234 0.6072840 0.7929417 0.9850399 1.0180531 0.7327978 0.8471637 1.2183612 1.3686124 1.8672529 1.3529203 1.3730558 1.2368790 1.3329049 1.1532739 1.4504146 1.4425464 1.3874833 1.4621530 1.4621530 1.4211236 1.3536705 1.7697396 1.7676804 1.7876900 1.5707232 1.8268012 1.8343266 2.5605026 1.9028294 1.9087086 1.7416556 1.6466824 2.1715272 1.9250176 2.0514944 2.0260322 2.1368419 1.7578138 1.7206529 1.8401150 1.8621932 2.5046404 2.2467817 1.5747179 1.1237849 1.1237849 1.5280741 2.3400576 2.4462426 2.1314400 2.5413037 2.4826080 2.5349503 2.5196471 2.4426916 2.7862003 2.4867833 2.4245350 2.4083959 2.5829344 1.9459715 2.0006865 1.8060968 1.8313564 1.7998278 1.8779896 1.9269736 2.1492838 1.8695486 1.8119166 2.2360178 1.5062045 1.5225635 2.3134796 1.6307396 2.7460582 
Helnan_EP00037_Helgoeca_nana_P020311              1.4602440 1.2037125 1.4582608 1.1936375 1.4632758 1.1878989 1.3404605 1.1547262 1.1935861 1.2853203 1.4191279 0.2524265 0.0000000 0.1985925 0.2868509 0.7834017 0.9314166 1.0269621 0.7545639 0.8083339 1.2271165 1.3663666 1.8367233 1.3571799 1.3715501 1.3627067 1.5183812 1.0793983 1.5344296 1.4957878 1.3946380 1.4464109 1.4464109 1.5105072 1.3897721 1.7133817 1.7096356 1.7229267 1.5573998 1.8673987 1.8281044 2.4379948 1.8480652 1.9001474 1.7639212 1.6816394 2.1527273 1.8575980 1.9852811 1.9466329 2.0168176 1.7766125 1.6495146 1.8565238 1.9022926 2.3761218 2.2117307 1.5982564 1.1111342 1.1111342 1.5636799 2.4117354 2.5194122 2.2252381 2.4980993 2.3809263 2.7676916 2.4776548 2.6714308 2.8847262 2.5701902 2.3906324 2.4182296 2.6237353 1.8362535 2.0716709 1.7322783 1.7630928 1.7508156 1.9604537 1.8066348 2.0597646 1.8380345 1.8699029 2.2782494 1.4313527 1.5877018 2.2977623 1.7344041 2.7578817 
Helnan_EP00037_Helgoeca_nana_P020310              1.8768575 0.0000010 1.1956969 0.0000010 1.5727019 1.0756974 1.2494907 1.0497935 1.2707160 1.3077401 1.5498461 0.4832234 0.1985925 0.0000000 2.9174662 0.9792642 0.0000010 0.9792642 1.6705467 1.0813605 1.3195255 1.3667973 5.1869059 1.4695249 1.5504227 1.3770574 1.7129921 1.9874048 1.6507997 1.8667448 1.5578841 1.7710198 1.7710198 1.6007378 1.4122532 1.7665570 1.7521333 2.7519167 1.6268165 2.5115001 2.2166634 4.5755139 2.5537461 4.0525352 1.9810161 1.7751862 4.2336904 1.8231017 2.4595919 3.9053857 2.6275018 1.7926912 1.6697696 1.7365320 1.7721851 2.5729369 2.0247402 1.9428325 0.8351878 0.8351878 0.8351878 2.5268663 4.4821784 5.3315728 2.1218815 1.9939018 2.1785148 2.1916717 5.7278505 5.7278505 2.1908367 2.2082542 2.3032658 2.9606877 1.4650247 2.0424458 1.8197442 1.9027187 1.9622700 2.9343367 2.6483461 2.9597210 2.1537015 3.1388711 1.7422953 1.5202329 1.7173650 2.0545466 1.8382288 2.6272332 
Helnan_EP00037_Helgoeca_nana_P020309              1.5891489 1.1283116 3.2142743 1.1936375 1.6165927 1.8000360 4.3730346 4.3730346 1.5713981 1.7609933 1.9497649 0.6072840 0.2868509 2.9174662 0.0000000 1.0982531 0.8509984 2.0050499 1.1330182 1.1618808 1.5461672 1.6175000 1.7196581 1.6763886 1.6763886 1.8710831 1.8094930 1.3321471 1.7422069 1.6317981 1.6403619 1.5698801 1.5698801 1.6297714 1.5717061 1.8286575 1.8255756 1.7351503 1.7536196 1.8716995 1.9160718 2.7213571 1.7593789 1.8682009 2.1011591 2.6949757 2.4056504 2.2713121 2.4048974 2.3306064 2.5455620 1.9924427 1.9796687 2.0001649 2.2876680 2.4109781 2.7482346 1.6440947 4.9454606 4.9454606 6.5916001 2.8543411 2.8543411 2.7142078 3.2069184 2.9898923 3.6989811 3.1211694 2.9248574 3.1164179 3.2863205 3.0231379 2.8786101 2.8786101 2.6498584 2.1674795 2.2351968 2.1844034 2.1212680 2.1296152 1.9261135 2.2579190 2.2307133 2.0196857 2.7561925 1.5942207 1.8719311 4.5589635 2.7708850 3.5006267 
Stedip_EP00041_Stephanoeca_diplocostata_P019039   1.4197224 1.1438504 1.6026859 1.3620443 1.5189797 0.9551263 1.1480490 0.9076985 1.0478241 1.2786778 1.2497483 0.7929417 0.7834017 0.9792642 1.0982531 0.0000000 0.1310728 0.1293831 0.6754045 0.6734584 1.3813096 1.3042198 1.7599088 1.3962770 1.4469039 1.4230703 1.3977956 1.1259502 1.5687611 1.4896896 1.4264885 1.4952818 1.4952818 1.4838900 1.3619275 1.6346388 1.6462947 1.5416315 1.5765170 1.8290813 1.7293629 2.3314683 1.6264680 1.8880084 1.7650414 1.6262423 1.9612041 1.5535130 1.8529959 1.7060588 1.7271486 1.6623854 1.6383125 1.6283751 1.9748598 2.1556842 2.1878944 1.5352760 1.1138632 1.1138632 1.5595287 2.7519388 2.7870138 2.3191451 2.6505961 2.5673306 2.9200987 2.6432709 2.5436420 2.7506916 2.7860745 2.4487164 2.5215414 2.6751397 2.0104010 2.0157093 2.0255447 2.0660830 2.0419156 1.9306898 1.8441000 1.9943619 1.9278534 1.9202399 2.1692918 1.6290371 1.7560268 2.3261198 1.7592842 2.6520315 
Stedip_EP00041_Stephanoeca_diplocostata_P019042   1.4443731 1.2509839 0.0000010 1.3620443 1.5339519 0.8484966 0.0000010 0.0000010 1.1975803 1.6241564 1.5921654 0.9850399 0.9314166 0.0000010 0.8509984 0.1310728 0.0000000 3.6363089 1.3598583 1.3086903 1.4216295 1.8772622 1.9094258 1.5637284 1.5637284 2.1249484 1.9363739 1.5557006 2.0252114 1.9097058 1.8819253 1.7981192 1.7981192 1.9120465 1.9120465 2.4663423 2.3229693 2.0071027 2.4470556 2.4179830 2.3376549 5.2885960 1.6594137 2.1469592 1.9579785 4.4232836 2.0903826 2.2713121 2.0357539 2.0111094 2.2374658 2.2456943 2.2269839 2.4685083 2.5873439 2.5205223 2.6788691 1.7281504 0.0000010 0.0000010 3.6710312 2.1897469 2.1897469 2.4927096 2.3577608 2.4115002 2.8552391 2.8537789 2.6193200 2.6054578 2.6656364 2.6397990 2.7019920 2.7019920 2.0241540 2.5203961 2.4319254 2.2249415 2.2254537 2.1194204 1.7415066 1.7982145 2.7509467 2.6759529 2.9602330 1.7847429 2.1740077 8.0443233 2.2459706 3.0474848 
Stedip_EP00041_Stephanoeca_diplocostata_P019040   1.8789718 1.9433156 1.6026859 5.0062871 1.8492405 0.9045144 1.0867188 0.9076985 1.2986238 1.4815620 1.4584158 1.0180531 1.0269621 0.9792642 2.0050499 0.1293831 3.6363089 0.0000000 1.0445937 0.7676812 1.7363727 1.4923588 2.3123282 1.5667689 1.6221403 1.6495325 1.5426752 1.5329942 1.7321004 1.6469099 1.6132286 1.6893086 1.6893086 1.6188771 1.4795275 1.7969598 1.8590306 1.9072888 1.6693403 2.0392456 1.8988605 2.1809214 2.0586324 2.4298982 2.1351667 1.6444715 2.3202622 1.3136439 2.0810346 2.0749617 2.0017141 1.8034437 1.9296644 1.8584317 2.3179998 2.4642098 2.4477826 1.8160744 1.0600595 1.0600595 1.4260305 3.9076293 4.2251216 3.3236678 3.3381261 3.2154551 3.5258040 3.0614920 3.7726097 3.9234813 3.4545353 2.8292156 2.8157191 3.0230032 2.5187890 2.2264982 2.3722153 2.4576909 2.4392625 2.2324827 2.2588351 2.4002146 2.3236933 2.1552697 2.3459442 2.0801784 2.0283925 2.1345510 1.9899306 3.1132941 
Didcos_EP00039_Didymoeca_costata_P010806          1.1814062 1.4784013 0.0000010 1.4245029 1.1037841 1.4563560 1.3478395 1.3478395 1.0245360 1.0527681 1.1447150 0.7327978 0.7545639 1.6705467 1.1330182 0.6754045 1.3598583 1.0445937 0.0000000 0.7343208 0.9330506 1.0170896 1.2561599 0.9748227 0.9748227 1.1592333 1.0304834 0.9714961 1.0675664 1.2435090 1.2515390 1.2644397 1.2644397 1.2784405 1.2770400 1.4476157 1.4932887 1.5022801 1.3996215 1.5337241 1.5510191 2.0172995 1.3614929 1.5312897 1.6063331 1.3742637 1.8135998 4.1334801 1.7260893 1.6050164 1.7188883 1.4491539 1.5454392 1.6895778 1.4282623 2.2164470 2.0404959 1.1631084 0.0000010 0.0000010 8.9999982 2.3097986 2.3097986 2.5902608 2.4535316 2.4411545 3.0132884 2.4373455 2.6412107 2.5905547 2.7143479 2.2248148 2.3060612 2.3060612 1.9067510 2.0346592 1.6270938 1.5700622 1.5540484 1.4229701 1.4083705 1.4813071 1.6815795 1.5365606 1.8717128 1.2366854 1.1376719 2.8888564 1.7785058 2.8776918 
Diagra_EP00040_Diaphanoeca_grandis_P012606        1.3610815 1.2531601 1.8359801 1.3915987 1.4785128 0.9475058 1.3448780 1.2864260 1.3477182 1.3677979 1.4673510 0.8471637 0.8083339 1.0813605 1.1618808 0.6734584 1.3086903 0.7676812 0.7343208 0.0000000 1.4145113 1.2778821 1.8521084 1.3861250 1.4430517 1.4100960 1.3651235 1.3323806 1.6461309 1.3839239 1.3813850 1.3756438 1.3756438 1.4688706 1.3243938 1.5885979 1.5683259 1.4336784 1.5575056 1.6949944 1.7739938 2.3906697 1.8791297 1.8576144 1.8845635 1.8016707 2.4105436 1.5083467 2.0738087 1.8938418 1.7978189 1.6651624 1.5953293 1.6886094 2.0709838 2.3925342 2.4337298 1.4059515 1.2485157 1.2485157 1.6255026 3.0898059 3.1472875 2.5842684 2.8208318 2.7062788 3.1062958 2.9355296 2.6018956 2.9643063 3.0202314 2.6954484 2.7790554 2.8919914 2.0210733 2.2140098 2.0466405 2.1153097 2.1055368 1.9615646 1.9707836 2.0845782 1.9067852 1.9947229 2.1916866 1.8051835 1.6693539 2.6350959 1.7549023 3.0949731 
Salkve_EP00050_Salpingoeca_kvevrii_P006179        1.4679938 1.5150050 1.5871370 1.1287607 1.3942251 1.8623452 1.3327704 1.2317526 1.2922155 1.3047809 1.4604536 1.2183612 1.2271165 1.3195255 1.5461672 1.3813096 1.4216295 1.7363727 0.9330506 1.4145113 0.0000000 1.3222546 1.6866075 1.0867223 1.0959560 1.3953366 1.4280181 1.0893136 1.3110980 1.3528247 1.2345054 1.2809249 1.2809249 1.3778490 1.3030195 1.6123006 1.5745100 1.7701713 1.6159870 1.8819894 1.6776050 2.3892060 1.7946074 1.7098228 1.7558201 1.6215373 1.7089678 2.3852611 1.7611843 1.8225717 1.8112411 1.8307349 1.7005323 1.8783090 1.7566338 2.0030992 2.1846112 1.5876936 1.8034582 1.8034582 1.9974437 2.3110644 2.5483650 2.4807146 2.2047212 2.2754608 2.1561438 2.4300293 2.6066953 2.6328458 2.3554346 2.3797754 2.3562085 2.4188349 2.1005342 2.1531916 1.5900941 1.5799877 1.5650084 1.7694950 1.9378748 1.8478349 1.8620276 1.9361126 1.9115983 1.2175824 1.3530812 2.8306968 1.7227532 2.5121255 
Salpun_EP00053_Salpingoeca_punica_P003189         1.4171697 1.4777538 1.4264670 1.4914545 1.5843784 1.1159672 1.3218123 1.0972302 1.2691480 1.3041166 1.3239581 1.3686124 1.3663666 1.3667973 1.6175000 1.3042198 1.8772622 1.4923588 1.0170896 1.2778821 1.3222546 0.0000000 2.0648002 1.5307786 1.6096514 1.2003323 1.2428968 1.3101672 1.3971824 1.5626406 1.4913952 1.6093578 1.6093578 1.5227983 1.4911040 1.6046789 1.6096208 1.8436032 1.5600517 1.8200537 1.8353984 2.3584291 1.6949166 2.0270614 2.0389415 1.9458275 2.0433129 1.6245890 1.8793174 1.9053056 1.8788443 1.5206644 1.6839377 1.6696840 1.8356067 2.4142884 2.3050979 1.5565180 1.7382573 1.7382573 1.9349564 2.9974234 3.0722484 2.7972312 2.5955711 2.6086493 3.3747129 2.8267298 2.7022908 3.1571611 2.8585189 2.5187210 2.5923125 2.6219774 1.9902187 2.0959204 1.8663445 1.8956069 1.8696822 2.2665401 2.2173046 2.4007512 1.9970283 2.0844349 2.0386379 1.4171156 1.2467547 2.2800697 1.7382142 2.9502234 
Salurc_EP00051_Salpingoeca_urceolata_P007825      1.8842835 1.1769975 4.2838889 1.0083549 1.7903330 6.1391630 7.5694744 5.9427465 1.9092893 1.9466184 2.0851655 1.8672529 1.8367233 5.1869059 1.7196581 1.7599088 1.9094258 2.3123282 1.2561599 1.8521084 1.6866075 2.0648002 0.0000000 0.4030160 0.4167741 1.9358597 1.9048326 1.8300627 2.1087342 2.0796125 1.7832114 2.0703017 2.0703017 2.0476633 2.0503500 2.3789250 2.4031102 2.0840911 2.2744528 2.3637298 2.2927787 2.7029134 2.0177274 2.1786905 2.6623907 3.1138347 2.4205972 5.7873745 2.6721985 2.0027931 2.4545654 2.3596748 2.5832924 2.6664593 2.6456095 2.8710245 3.0895939 2.1984798 5.1364774 5.1364774 6.3206034 2.9882285 3.0020053 3.1952780 2.9644755 3.1659924 3.2646341 3.5418904 2.7456238 2.6584361 3.7230962 3.0218782 2.8360532 2.7347447 3.0120259 2.9573806 2.5727716 2.5323382 2.5232965 2.4768696 2.7607217 2.9245044 2.2318865 2.3910560 2.5751408 1.8898795 1.8328787 4.9334373 2.5456453 3.8269066 
Salurc_EP00051_Salpingoeca_urceolata_P007826      1.4653861 1.1769975 1.5847806 1.0083549 1.2680253 1.3962183 1.1634777 0.9914809 1.3021997 1.3808770 1.3600397 1.3529203 1.3571799 1.4695249 1.6763886 1.3962770 1.5637284 1.5667689 0.9748227 1.3861250 1.0867223 1.5307786 0.4030160 0.0000000 0.0155367 1.5499783 1.5638795 1.4390937 1.5304091 1.5429538 1.4958558 1.5018812 1.5018812 1.4666406 1.3894366 1.6403203 1.6346354 1.7992235 1.5265255 1.7371323 1.7996936 2.2115161 1.5896381 1.8255982 1.6473774 1.5577102 2.0989833 1.6217675 1.8933628 1.8917125 1.8115867 1.7793126 1.6851357 1.6794302 1.8240559 2.0502590 2.0806394 1.5169559 1.8158818 1.8158818 2.2993508 2.9288979 2.9501086 2.9386648 2.6858482 2.7497027 2.7672909 2.6833100 2.6250862 2.8710336 2.9732387 2.5715206 2.5239470 2.4658915 1.8731938 2.2467800 1.8021756 1.8953393 1.8790355 2.2068586 2.4111841 2.5007876 1.8862499 2.1743560 2.1679498 1.5651045 1.5138463 2.3231018 1.6963497 2.8176837 
Salurc_EP00051_Salpingoeca_urceolata_P007827      1.4975130 1.1769975 1.6651167 1.0083549 1.2566642 1.5568417 1.1681454 1.1066385 1.3481596 1.4145722 1.3597561 1.3730558 1.3715501 1.5504227 1.6763886 1.4469039 1.5637284 1.6221403 0.9748227 1.4430517 1.0959560 1.6096514 0.4167741 0.0155367 0.0000000 1.5430982 1.5427194 1.4390937 1.5302231 1.5944819 1.4958558 1.5340432 1.5340432 1.5185689 1.4384945 1.7023284 1.6958119 1.7992235 1.5814006 1.7777543 1.8558257 2.2115161 1.6082407 1.8255982 1.7509275 1.7250133 2.0989833 2.1558586 1.9728346 1.8917125 1.8645959 1.7909833 1.6564130 1.6985243 1.8762102 2.0357029 2.0874569 1.6016139 1.8621099 1.8621099 2.4424733 3.0294253 2.9501086 2.9386648 2.7112237 2.7892823 2.7672909 2.6345914 2.6250862 2.8710336 2.9479858 2.5077352 2.4515545 2.4288953 1.9345562 2.2352701 1.8064119 1.8276805 1.8237746 2.2608843 2.4226849 2.5710309 1.8862499 2.1743560 2.2180984 1.5651045 1.4518892 2.3678860 1.5515747 2.9215774 
Microa_EP00043_Microstomoeca_roanoka_P009191      1.6305009 1.4952899 1.6839112 1.6331259 1.5541377 1.1482864 1.1613760 1.0426717 1.1332363 1.2073075 1.0758946 1.2368790 1.3627067 1.3770574 1.8710831 1.4230703 2.1249484 1.6495325 1.1592333 1.4100960 1.3953366 1.2003323 1.9358597 1.5499783 1.5430982 0.0000000 0.4633337 1.2944880 1.4774783 1.6923205 1.6418225 1.6481225 1.6481225 1.5839747 1.4731248 1.9987054 2.0133380 2.2812971 1.9643524 2.3524224 2.3264119 3.1542124 2.2078449 2.5260397 1.9832815 1.7641019 2.3383886 1.8106284 2.0603090 2.0524802 2.0170446 2.0063511 1.8831589 1.8335027 2.2320040 2.3921598 2.2945239 1.5745569 1.2841319 1.2841319 1.6317674 2.8068919 2.9691753 2.9989892 2.9078268 2.7734717 2.8769451 2.7115818 2.8292563 3.2217360 2.9919431 2.5144617 2.5264363 2.6216063 2.4085153 2.4815854 1.8421678 1.9236159 1.9277664 2.1148345 2.2691134 2.4102678 2.4091422 2.2963917 2.1536752 1.8860040 1.6374570 2.6232886 1.5121719 3.1621103 
Sros_EGD76372                                     1.6810081 1.4711235 1.4608755 1.5310941 1.5637742 1.3402121 1.1590252 1.0963587 1.1769705 1.1232075 1.0999690 1.3329049 1.5183812 1.7129921 1.8094930 1.3977956 1.9363739 1.5426752 1.0304834 1.3651235 1.4280181 1.2428968 1.9048326 1.5638795 1.5427194 0.4633337 0.0000000 1.3716397 1.4227621 1.5988163 1.6021298 1.5905833 1.5905833 1.5936760 1.4991491 1.9440247 2.0228822 2.0198233 1.9277058 2.2814814 2.0991646 3.1694116 2.0545023 2.3057997 1.9381712 1.8558894 2.3768308 1.6826694 2.2099480 2.3114181 1.9119178 1.9165631 1.9768538 1.8858227 2.2554332 2.4709394 2.4089882 1.5327297 1.6200037 1.6200037 2.0067830 2.7390263 2.8889077 2.7904425 2.9614663 2.8905614 2.9747400 2.7861973 2.5617429 3.1519148 3.1030165 2.6058607 2.5943251 2.6080879 2.4332529 2.6837881 1.9007688 2.0426802 2.0193588 2.0321706 2.3425929 2.2620195 2.3286943 2.2700657 2.2681861 1.6631894 1.8681158 2.6848951 1.4717129 3.4707498 
Saldol_EP00054_Salpingoeca_dolichothecata_P028227 1.0889177 1.0666296 1.0766347 1.7731170 1.2547537 2.3067427 1.8138525 1.8138525 1.1194032 1.1833362 1.4418518 1.1532739 1.0793983 1.9874048 1.3321471 1.1259502 1.5557006 1.5329942 0.9714961 1.3323806 1.0893136 1.3101672 1.8300627 1.4390937 1.4390937 1.2944880 1.3716397 0.0000000 1.1129618 1.6696144 1.5999774 1.6105336 1.6105336 1.5322876 1.5546170 1.8264037 1.9140389 1.7607557 1.7449672 1.7228228 1.7180016 2.0593419 1.6258673 1.6415277 1.6164667 1.6676199 1.8858607 3.9572306 1.9315904 1.7058829 1.7627660 1.6239661 1.6937039 1.6496371 1.6702538 2.1658679 2.3762262 1.4657991 2.9340567 2.9340567 8.9999982 2.7780386 2.7780386 2.6836126 2.6383153 2.7016376 3.2315878 3.0220916 3.1050964 3.3854027 3.1575381 2.5733469 2.5909423 2.5909423 2.0103118 2.3330003 1.4099324 1.4594998 1.4134534 1.6268488 1.8237219 1.9797221 1.8840898 1.8500408 2.1446328 1.1815476 1.3872848 3.2112316 1.9219488 2.3199899 
Mylflu_EP00047_Mylnosiga_fluctuans_P020524        1.7403556 1.4190275 1.8847917 2.4145399 1.6134203 1.4287152 1.5837031 1.3377610 1.2377904 1.2250490 1.4625306 1.4504146 1.5344296 1.6507997 1.7422069 1.5687611 2.0252114 1.7321004 1.0675664 1.6461309 1.3110980 1.3971824 2.1087342 1.5304091 1.5302231 1.4774783 1.4227621 1.1129618 0.0000000 1.6891797 1.6364297 1.6342933 1.6342933 1.6797623 1.5383648 1.8668719 1.9018166 1.9389613 1.7135060 1.8832723 1.8841022 2.3267241 1.9525384 1.9345581 1.7356966 1.5799132 2.2077918 1.9722722 2.0358494 1.9181670 1.8301545 1.7985565 2.0682587 1.9024135 2.1534971 2.2944502 2.1774450 1.6997611 2.6166733 2.6166733 3.0968072 2.8084162 2.9892086 2.9250575 2.8610133 2.7737957 2.8615757 2.7321735 2.7052634 3.2501046 2.8920907 2.5920693 2.6059309 2.7348982 2.4842022 2.1891574 1.7223435 1.7768276 1.7481007 1.9321138 2.1904444 2.3299033 2.1923049 2.4667938 2.4386228 1.6917235 1.4665850 2.9257459 1.9395678 2.7605016 
HoiH23_PlH23_009957-RA                            1.4047859 1.4124458 1.3877231 1.3520664 1.5352910 1.7069906 1.1257574 1.0029772 1.4744299 1.5659352 1.3476223 1.4425464 1.4957878 1.8667448 1.6317981 1.4896896 1.9097058 1.6469099 1.2435090 1.3839239 1.3528247 1.5626406 2.0796125 1.5429538 1.5944819 1.6923205 1.5988163 1.6696144 1.6891797 0.0000000 0.0161824 0.0916328 0.0916328 0.1733208 0.1588582 1.3299110 1.3474951 1.5197540 1.3572814 1.5213650 1.4656718 2.0552137 1.4204067 1.7387657 1.4195771 1.4054762 1.6770620 1.5890573 1.5190943 1.5684304 1.7378746 1.6393174 1.5453984 1.5895680 1.7237614 1.9775215 1.8763048 1.5930304 1.9215557 1.9215557 2.1999400 2.7682814 2.9418424 2.6174685 2.4021650 2.3423654 2.5413871 2.6063239 2.6115949 2.8855537 2.6016103 2.3067842 2.3300816 2.3598005 1.7383217 2.1291286 1.7431196 1.7490223 1.7177557 1.7885977 2.1150521 2.0694828 1.7013420 1.8254985 1.9615474 1.6356667 1.4475940 2.3258928 2.1354373 2.7712300 
HoiH06_mRNA6641                                   1.3755242 1.3951531 1.2465002 1.2903231 1.4349447 2.3397848 1.1216905 1.1216905 1.5603875 1.6413498 1.3141577 1.3874833 1.3946380 1.5578841 1.6403619 1.4264885 1.8819253 1.6132286 1.2515390 1.3813850 1.2345054 1.4913952 1.7832114 1.4958558 1.4958558 1.6418225 1.6021298 1.5999774 1.6364297 0.0161824 0.0000000 0.0765551 0.0765551 0.1573055 0.1383200 1.3568268 1.3779143 1.5651496 1.4325266 1.5139349 1.4301905 2.0399149 1.3911698 1.7733475 1.5010191 1.4974011 1.6704831 2.4247632 1.6021122 1.5649497 1.7682062 1.6511656 1.5441364 1.5496242 1.7058247 2.0011931 1.9065406 1.6004209 1.7670288 1.7670288 2.1894845 2.7269053 2.8651823 2.5691054 2.4437829 2.4209091 2.5481582 2.6019722 2.5926144 2.8682836 2.5848893 2.3894012 2.4078025 2.4078025 1.7785157 2.0402228 1.6896033 1.6411277 1.6143567 1.6322570 1.9509444 1.8948362 1.7183188 1.8287260 2.0406075 1.5875861 1.3753216 2.2805315 2.0185108 3.0172940 
Hhon_g00174.t1                                    1.4278920 1.4185169 1.4178774 1.2608053 1.4966295 1.6736064 1.1247393 1.0134553 1.4107875 1.5206205 1.3756759 1.4621530 1.4464109 1.7710198 1.5698801 1.4952818 1.7981192 1.6893086 1.2644397 1.3756438 1.2809249 1.6093578 2.0703017 1.5018812 1.5340432 1.6481225 1.5905833 1.6105336 1.6342933 0.0916328 0.0765551 0.0000000 0.0000010 0.2069413 0.1944250 1.3514562 1.3693813 1.5121938 1.3744532 1.4737446 1.4390827 1.9915733 1.3691682 1.7021255 1.4416824 1.4462653 1.7444620 1.8041817 1.6123812 1.5778059 1.7158300 1.6642846 1.5091545 1.5576623 1.6317927 1.9410472 1.7949707 1.6191828 1.9553504 1.9553504 2.3093348 2.7286375 2.8761864 2.6334883 2.3350500 2.3046302 2.3980788 2.5861343 2.5296270 2.8324167 2.5463186 2.2691258 2.2923464 2.3914746 1.7532135 2.1825246 1.7253667 1.7349219 1.7040274 1.7120769 2.0732413 1.9903277 1.6598922 1.8335502 1.9680114 1.5646928 1.5476125 2.2679706 2.1446359 2.8210377 
HoiH04_mRNA17635                                  1.4278920 1.4185169 1.4178774 1.2608053 1.4966295 1.6736064 1.1247393 1.0134553 1.4107875 1.5206205 1.3756759 1.4621530 1.4464109 1.7710198 1.5698801 1.4952818 1.7981192 1.6893086 1.2644397 1.3756438 1.2809249 1.6093578 2.0703017 1.5018812 1.5340432 1.6481225 1.5905833 1.6105336 1.6342933 0.0916328 0.0765551 0.0000010 0.0000000 0.2069413 0.1944250 1.3514562 1.3693813 1.5121938 1.3744532 1.4737446 1.4390827 1.9915733 1.3691682 1.7021255 1.4416824 1.4462653 1.7444620 1.8041817 1.6123812 1.5778059 1.7158300 1.6642846 1.5091545 1.5576623 1.6317927 1.9410472 1.7949707 1.6191828 1.9553504 1.9553504 2.3093348 2.7286375 2.8761864 2.6334883 2.3350500 2.3046302 2.3980788 2.5861343 2.5296270 2.8324167 2.5463186 2.2691258 2.2923464 2.3914746 1.7532135 2.1825246 1.7253667 1.7349219 1.7040274 1.7120769 2.0732413 1.9903277 1.6598922 1.8335502 1.9680114 1.5646928 1.5476125 2.2679706 2.1446359 2.8210377 
TrH2_TrispH2_000514-RA                            1.3381683 1.3573263 1.2026748 1.4313352 1.5529822 1.5148415 1.1597485 1.0165937 1.4817190 1.5938760 1.3843667 1.4211236 1.5105072 1.6007378 1.6297714 1.4838900 1.9120465 1.6188771 1.2784405 1.4688706 1.3778490 1.5227983 2.0476633 1.4666406 1.5185689 1.5839747 1.5936760 1.5322876 1.6797623 0.1733208 0.1573055 0.2069413 0.2069413 0.0000000 0.0038124 1.3162680 1.3697285 1.5011755 1.3564705 1.4887258 1.4132090 1.9605944 1.4825998 1.8134463 1.4031565 1.4020533 1.8282749 1.6587511 1.6660741 1.6350149 1.8002813 1.5898319 1.5486540 1.6365235 1.7541904 1.8684026 1.7493208 1.4797948 1.7329311 1.7329311 2.0232318 2.8418241 3.0862168 2.7142738 2.4735365 2.4326749 2.6311681 2.6565242 2.8000093 3.0377619 2.6903975 2.4646540 2.4780555 2.5049542 1.7026958 2.0973958 1.7923851 1.7566462 1.7486273 1.6538871 2.0076039 2.1193021 1.7665711 1.7000818 1.9493200 1.5572523 1.5257609 2.2569206 2.0839066 2.6411634 
Tadh_TriadT58045                                  1.3939815 1.3560893 1.2788150 1.4313352 1.4631485 1.5145823 1.0740442 0.9100672 1.3729724 1.4582482 1.3047723 1.3536705 1.3897721 1.4122532 1.5717061 1.3619275 1.9120465 1.4795275 1.2770400 1.3243938 1.3030195 1.4911040 2.0503500 1.3894366 1.4384945 1.4731248 1.4991491 1.5546170 1.5383648 0.1588582 0.1383200 0.1944250 0.1944250 0.0038124 0.0000000 1.2865589 1.3449129 1.4966173 1.3481669 1.4702425 1.3754794 2.0554569 1.3912108 1.7556984 1.2867507 1.2276955 1.6066136 1.6587511 1.5164033 1.5131835 1.6977616 1.6007618 1.5436283 1.6457492 1.7167265 1.8504526 1.7290957 1.4838724 1.6853008 1.6853008 2.0343354 2.6436254 2.8876602 2.6748842 2.2868511 2.2588593 2.4315573 2.4734163 2.7678814 2.8769952 2.4785552 2.2761159 2.3135554 2.3326825 1.7522480 2.0530020 1.6861110 1.6578961 1.6498215 1.5106170 1.8108328 1.8891137 1.7085549 1.5623209 1.8846265 1.5421032 1.4858895 2.3366177 2.0754440 2.5569546 
Spis_XP_022803014_1                               1.4585254 1.3565866 1.3751354 2.1801801 1.7107476 1.1838837 1.4607505 1.1212952 1.4622695 1.6366315 1.6968604 1.7697396 1.7133817 1.7665570 1.8286575 1.6346388 2.4663423 1.7969598 1.4476157 1.5885979 1.6123006 1.6046789 2.3789250 1.6403203 1.7023284 1.9987054 1.9440247 1.8264037 1.8668719 1.3299110 1.3568268 1.3514562 1.3514562 1.3162680 1.2865589 0.0000000 0.0460692 0.2197003 0.2424435 0.4097005 0.4196238 0.6356887 0.7366144 0.7235235 0.9679657 0.8752192 1.8403400 1.5203473 1.6713233 1.6221588 1.5982609 1.2610612 1.4787628 1.5423930 1.6464916 1.7471956 1.7905252 1.5484760 2.3413509 2.3413509 2.9304387 2.8910207 3.0596651 2.7900307 2.4429302 2.4662303 2.6550702 2.5666048 2.4686234 3.0488266 2.8015419 2.5060303 2.4898130 2.4055044 1.5682778 2.0627124 2.1646024 2.1372794 2.1454757 2.1255261 2.1484318 2.2143426 1.5485431 1.7905218 2.0711670 1.6266533 1.9739904 1.9881321 2.2799802 3.4632047 
Pocdam_XM_027194544.1                             1.4357410 1.3581164 1.3589396 2.0104718 1.6872524 1.2042722 1.4607505 1.1212952 1.4673461 1.6290657 1.7229924 1.7676804 1.7096356 1.7521333 1.8255756 1.6462947 2.3229693 1.8590306 1.4932887 1.5683259 1.5745100 1.6096208 2.4031102 1.6346354 1.6958119 2.0133380 2.0228822 1.9140389 1.9018166 1.3474951 1.3779143 1.3693813 1.3693813 1.3697285 1.3449129 0.0460692 0.0000000 0.2664652 0.2760587 0.4508618 0.4362080 0.7044575 0.7512071 0.7260758 0.9798701 0.8512067 1.8517925 1.5203473 1.6477517 1.6578246 1.5854066 1.3017512 1.4678480 1.5557105 1.6620953 1.7546903 1.7889478 1.5374840 2.3959098 2.3959098 2.9233057 2.9469982 3.1269483 2.8138863 2.4490310 2.5001723 2.7259172 2.6372008 2.5584763 3.1155672 2.8376025 2.5181788 2.5018996 2.4176347 1.5467854 2.0606259 2.1558200 2.1168046 2.1619703 2.1468087 2.1643365 2.2188175 1.5350037 1.8511880 2.0364891 1.5672586 1.9974140 1.9881321 2.2781309 3.4606989 
Gasp_gasp1.m3.30520.m1                            1.5452989 1.2289850 4.5494638 1.9223338 1.7711621 2.9170213 3.8162331 3.8162331 1.7263630 1.7585559 1.9885685 1.7876900 1.7229267 2.7519167 1.7351503 1.5416315 2.0071027 1.9072888 1.5022801 1.4336784 1.7701713 1.8436032 2.0840911 1.7992235 1.7992235 2.2812971 2.0198233 1.7607557 1.9389613 1.5197540 1.5651496 1.5121938 1.5121938 1.5011755 1.4966173 0.2197003 0.2664652 0.0000000 0.2510346 0.3883190 0.4575042 0.6521539 0.6797178 0.7702301 1.0409592 0.9522808 1.7485211 1.9906559 1.5893931 1.3405412 1.3538141 1.4126481 1.5597225 1.5896867 1.6850528 1.8312298 1.8148553 1.4050751 4.3230859 4.3230859 8.9999981 2.7254084 2.6924439 2.6147461 2.5317288 2.5289521 2.7865488 2.5822281 2.2938739 2.6078501 2.9725856 2.5886227 2.5328019 2.5328019 1.6094097 2.0970492 2.4805538 2.2878441 2.3334072 2.1243306 1.9108193 1.9370179 1.4818800 1.7565842 2.0510152 1.8567936 2.1867321 3.2102940 2.5798012 3.7402315 
Fspp_ffun1.m4.19868.m1                            1.3845778 1.3338526 1.3183468 2.2648004 1.5364368 1.2114818 1.2437859 1.2960573 1.4888631 1.5936191 1.6292660 1.5707232 1.5573998 1.6268165 1.7536196 1.5765170 2.4470556 1.6693403 1.3996215 1.5575056 1.6159870 1.5600517 2.2744528 1.5265255 1.5814006 1.9643524 1.9277058 1.7449672 1.7135060 1.3572814 1.4325266 1.3744532 1.3744532 1.3564705 1.3481669 0.2424435 0.2760587 0.2510346 0.0000000 0.4910939 0.4953589 0.7457762 0.8422587 0.9015542 1.0063994 0.9080948 1.7396781 1.0060635 1.5960642 1.5527222 1.4164194 1.2053884 1.3571084 1.3774977 1.5686284 1.6988876 1.6773630 1.3957731 2.0730760 2.0730760 2.5039458 2.6459250 2.6906270 2.2630039 2.1392250 2.1543482 2.4407198 2.2669195 2.1801905 2.7505973 2.4725153 2.1370856 2.1215233 2.1215233 1.4842600 1.9635381 2.1362930 2.0481181 2.0637438 2.1402188 2.1275608 2.3085187 1.5635591 1.8222744 2.0469334 1.5675316 1.7608159 2.0624490 2.0713848 3.0300841 
Amil_Amillepora00079-RA                           1.5277168 1.1716028 1.6917996 2.1194661 1.9542804 1.5636035 2.0677418 1.3203791 1.6022897 1.7137126 2.0356218 1.8268012 1.8673987 2.5115001 1.8716995 1.8290813 2.4179830 2.0392456 1.5337241 1.6949944 1.8819894 1.8200537 2.3637298 1.7371323 1.7777543 2.3524224 2.2814814 1.7228228 1.8832723 1.5213650 1.5139349 1.4737446 1.4737446 1.4887258 1.4702425 0.4097005 0.4508618 0.3883190 0.4910939 0.0000000 0.2407206 0.3026620 0.7053232 0.7787422 0.8906532 0.8479836 2.0429413 1.6166136 1.6306294 1.6617252 1.6037678 1.6844461 1.7942943 1.5173400 1.7979156 1.9264214 1.9304941 1.5959353 2.8119215 2.8119215 4.1313124 2.6833878 2.6832236 2.4523881 2.4810257 2.4834689 2.7539624 2.8230453 2.3865881 2.9231708 2.9323435 2.7320356 2.6980374 2.5897384 1.8957712 1.9524875 2.6617153 2.6318232 2.6067063 2.2628243 2.4448794 2.5811386 1.6011386 1.8429227 2.2090929 1.6258726 2.2993055 2.2985719 2.7733639 4.0145558 
Gfas_gfas1.m1.9160.m1                             1.5654690 1.2673811 1.4294948 1.9872917 1.7945852 1.9272126 2.0208025 1.5736446 1.6541064 1.7523671 1.8842419 1.8343266 1.8281044 2.2166634 1.9160718 1.7293629 2.3376549 1.8988605 1.5510191 1.7739938 1.6776050 1.8353984 2.2927787 1.7996936 1.8558257 2.3264119 2.0991646 1.7180016 1.8841022 1.4656718 1.4301905 1.4390827 1.4390827 1.4132090 1.3754794 0.4196238 0.4362080 0.4575042 0.4953589 0.2407206 0.0000000 0.5458004 0.7898897 0.7961303 1.0551517 0.9932527 1.8375541 1.5694525 1.6869603 1.6615752 1.6619209 1.5941774 1.7442422 1.5811445 1.7862083 1.6891761 1.9269625 1.5987931 2.2631612 2.2631612 3.1652044 2.5399701 2.7565637 2.4790068 2.3889687 2.4440716 2.5316521 2.6699906 2.2690854 2.8180985 2.8533998 2.7006781 2.6480053 2.5532375 1.8942249 2.1179342 2.3713618 2.3065908 2.2784797 2.0557458 2.1901041 2.3144032 1.6048204 1.7835872 2.2886075 1.4682400 2.2288111 2.5086454 2.3978157 3.6783388 
Adig_XM_015900148.1                               1.9539420 2.0705825 1.8237299 8.9999990 2.7327112 2.9631764 5.4212811 5.4212811 2.5002564 2.4774906 2.6073072 2.5605026 2.4379948 4.5755139 2.7213571 2.3314683 5.2885960 2.1809214 2.0172995 2.3906697 2.3892060 2.3584291 2.7029134 2.2115161 2.2115161 3.1542124 3.1694116 2.0593419 2.3267241 2.0552137 2.0399149 1.9915733 1.9915733 1.9605944 2.0554569 0.6356887 0.7044575 0.6521539 0.7457762 0.3026620 0.5458004 0.0000000 0.9030328 1.0077808 1.4417392 0.8908400 2.7800881 9.0000000 2.3121782 2.2948397 2.1450027 1.8729762 1.9832622 1.6395487 2.0096605 2.2813492 2.1870922 2.0996678 3.6087573 3.6087573 8.5484361 3.6992080 3.6625470 3.5040744 3.4096688 3.2486740 4.0317994 3.7527230 3.2922295 4.1198709 4.1279235 3.6597034 3.4874642 3.4874642 2.1584421 2.1162705 3.1166324 3.2607431 3.2265711 2.9216514 3.0305858 3.2857156 1.5842460 2.3924887 2.6267564 2.5011918 2.6588091 3.5853550 3.4418837 5.7128078 
