107
Emue_Em0010g357a.t1                                    0.0000000 0.0471276 0.2139954 0.8072829 1.4883329 1.4069900 0.0000010 1.8000175 1.3466030 1.3573414 0.7434342 0.8928043 1.4853864 1.5178401 1.3235462 1.3637854 1.4730895 1.4557143 1.4472029 1.6058872 1.6968073 1.2669029 1.0484182 1.0484182 1.0602158 1.6651890 1.6478019 1.0741797 1.0578497 1.6882951 1.5762287 1.5874073 1.6111564 1.6246762 0.8910578 1.8477453 1.8494792 4.5491132 1.5418527 1.8241033 1.8365723 2.1041635 2.1041635 2.6736810 2.8523857 1.9536725 1.9536725 2.7251388 1.9281889 0.7464839 0.6858960 2.1501628 2.0011443 1.8584076 2.0036755 2.1575371 1.9404578 1.9994192 1.4786487 1.4128902 2.5048100 1.8286821 1.8784470 1.8784470 2.5279720 1.1894413 1.9122145 1.3051601 2.2411331 1.7011897 1.6951517 1.7465712 1.7281335 1.7659488 1.7765011 1.4571619 1.4665255 1.4968221 1.5238515 1.5181839 1.4942832 1.5938215 0.4317677 2.2888108 1.7172300 2.6056650 1.6648109 1.4909214 1.8024475 2.5592101 2.2722006 1.5994679 2.5853025 2.7338397 2.2832512 3.0140854 3.3027022 3.4503721 3.1029527 3.2241522 2.4549384 2.6200925 3.6284299 3.9622431 3.1060493 2.9375895 3.5763711 
Emue_Em0010g361a.t1                                    0.0471276 0.0000000 0.2118407 0.6257486 1.3313277 1.7603226 0.0000010 1.8611629 1.6205333 1.7067431 3.4790532 3.4790532 1.8191354 2.8102328 1.6911960 1.6309234 1.7378475 1.7928993 1.7066589 1.8470228 2.8077832 1.3176334 4.2148434 4.2148434 3.7054582 1.7571913 1.7796296 1.1312615 1.0592950 1.4931535 1.4940595 1.6724863 1.7274921 1.6590064 0.6190441 1.7905630 1.7910671 3.8288721 1.5674690 0.5333769 0.5333769 2.6286545 2.6286545 2.9217622 3.0962005 0.5333769 0.5333769 0.0000010 1.9833743 0.5333769 0.0000010 1.7306250 1.7306250 1.9287684 3.4535744 3.4535744 1.8492320 3.1061426 3.4066305 0.5333769 1.9072184 2.1437027 2.5358942 2.5358942 1.9506031 1.1720710 1.8291550 1.3803898 2.1932889 2.0086103 2.1233804 2.1169343 2.1248631 1.9967064 1.9922942 1.4078438 1.4180144 1.3740792 1.4381704 1.4117293 1.3789436 1.6269699 2.8284857 4.0044464 1.9534771 2.4572153 1.5964350 1.4015265 1.6250762 3.0118203 1.7559077 2.2871625 2.2424655 2.6597413 2.2251830 3.1197067 3.0621201 3.1263798 2.8742290 2.6786627 2.9666605 1.0946003 3.6522072 3.9029159 3.4928840 2.5592505 4.2931264 
Spolac_c103612_g2_i3_m.35159c103612-g2                 0.2139954 0.2118407 0.0000000 0.6347943 1.3004985 1.2947889 0.7485502 1.4498919 1.1631613 1.1569855 0.6838838 0.8391856 1.2112542 1.2697721 1.1756122 1.1437141 1.2198890 1.2865651 1.2825995 1.3618945 1.2082438 1.1657762 0.8571649 0.8571649 0.8646774 1.3949943 1.2997961 0.9382760 0.8220532 1.4322010 1.3558644 1.3523925 1.3673138 1.3928322 0.8543059 1.4677640 1.4842501 4.0871168 1.3218558 1.4619277 1.4666356 1.6811825 1.8175797 2.2889412 2.2484030 1.5475049 1.6793338 2.2670048 1.6598767 0.9012887 1.1715833 1.8618051 1.7781266 1.5510162 1.8545368 1.9485097 1.6295302 1.5644644 1.2259523 1.2341024 2.4512969 1.6906804 1.7343466 1.7343466 2.4234984 0.9723882 1.4683103 1.2133271 1.7540164 1.3528096 1.3292114 1.3590983 1.3478768 1.4322725 1.4427064 1.3581839 1.3367155 1.3321747 1.3471696 1.3925886 1.3537582 1.4094672 0.5418867 1.7305138 1.4424599 2.2763591 1.5093577 1.3269005 1.6452671 1.8685840 1.8638530 1.6100672 2.3264713 2.4232013 2.2602334 2.6964598 2.9178149 3.0307474 2.9435023 2.9159866 2.1144165 2.9352491 3.5667700 2.8902585 2.1549954 2.7782792 3.2304448 
Tetwil_g4159.t1                                        0.8072829 0.6257486 0.6347943 0.0000000 1.1969437 1.1980654 1.0327305 1.4192664 1.1511984 1.1473087 0.8372865 0.9068494 1.1219672 1.2214617 1.1235037 1.1964186 1.1827619 1.2515260 1.2434904 1.3055589 1.1955837 1.2998090 1.0233922 1.0233922 1.0252114 1.4394327 1.3387368 0.9082367 0.8542062 1.3486709 1.3702652 1.3711190 1.3856037 1.3954376 0.9687390 1.4809499 1.4982442 4.4243601 1.3796255 1.6546646 1.6703920 1.8097430 1.9774119 2.5341484 2.8615501 1.6186254 1.7349361 2.2995010 1.7739760 0.9625520 1.3515738 1.8513063 1.7426300 1.6540527 1.8260052 1.9471712 1.7310214 1.6818178 1.3245958 1.3226421 2.5655797 1.7836855 1.7974594 1.7974594 2.7477449 0.9709743 1.4914372 1.2294821 1.7424628 1.4128337 1.3895461 1.3910122 1.3912915 1.4159699 1.4364123 1.4618274 1.4512912 1.4236504 1.4634032 1.4779739 1.4389344 1.5200322 0.8270376 1.8549629 1.5007086 1.9796506 1.5364870 1.4428042 1.5518171 1.9227908 1.8822982 1.6351192 2.3363353 2.2077604 2.2319932 2.3684439 2.7028180 2.5661437 2.7693039 2.7916406 2.0612605 3.2822863 3.5345076 2.5834562 1.8984631 2.5991331 2.8321299 
Bralan_BLAG19100898_1                                  1.4883329 1.3313277 1.3004985 1.1969437 0.0000000 0.8970303 0.7883411 1.1732916 0.9493745 0.9285762 0.7716928 0.7813439 0.9532895 1.0039480 0.9356243 1.0432613 1.0003480 1.0944734 1.0922712 1.1165942 1.0781467 1.2696876 0.9491414 0.9491414 0.9641989 1.1611420 1.0910463 1.4372020 1.3478460 1.2872253 1.2087345 1.3054781 1.3071583 1.2778772 0.9943675 1.2922670 1.2996053 4.1078000 1.0431219 1.6364802 1.7352944 1.7646653 1.8831906 2.2131867 2.0545382 1.6852501 1.8004158 2.2188402 1.6249625 0.9131532 1.2156766 1.9673370 1.8395348 1.6631445 1.9312704 2.0781455 1.5706615 1.6580570 1.3557240 1.3367014 2.0593480 1.7279820 1.7879859 1.7879859 2.0660411 1.3428295 1.2953830 0.8235914 1.3953000 1.4705722 1.4564416 1.4694387 1.4784781 1.5213989 1.5203940 1.1916130 1.2178635 1.2545633 1.2548720 1.2224548 1.2436293 1.2778719 1.2527125 1.5169305 1.5987974 2.0105830 1.6632784 1.5230248 1.6167829 1.6336503 1.5935432 1.8271413 2.4087693 2.4669533 2.4300656 2.5660325 3.1085108 3.0596869 2.8389095 2.7963222 2.4953045 3.0809983 3.5946841 2.8556984 1.6398394 2.7060388 3.0851596 
Spur_NM_214494.1                                       1.4069900 1.7603226 1.2947889 1.1980654 0.8970303 0.0000000 0.6395589 1.1092982 1.0070076 1.0162582 0.8039678 0.8055194 1.0246776 1.0701849 0.9777512 1.0968934 1.0458425 1.0483203 1.0358228 1.0799114 1.1431153 1.3445107 1.0065553 1.0065553 1.0100610 1.1870313 1.0898088 1.3631415 1.3050226 1.2864615 1.1971955 1.2761352 1.2907834 1.2694248 0.9506726 1.3044783 1.3220099 4.0615958 1.1122070 1.5114388 1.5321815 1.7122938 1.7932800 2.0168162 2.6128331 1.5753721 1.6183038 1.8034864 1.6478140 1.0145247 1.4924912 1.6167703 1.5524566 1.5541261 1.6524686 1.7298116 1.6598058 1.5773448 1.3686215 1.3555243 2.1346294 1.5129098 1.5083459 1.5083459 2.3365967 1.3681044 1.3035494 0.8866759 1.5057939 1.3477655 1.3253546 1.3270469 1.3372935 1.3477767 1.3650854 1.3145812 1.2828911 1.2518667 1.2823107 1.2672237 1.2420098 1.3023373 1.2859938 1.5676651 1.5582910 2.0230745 1.5944688 1.4830573 1.6855500 2.0097216 1.7321216 1.7561932 2.2577167 2.5360642 2.1970672 2.3554123 3.1554665 2.9974995 2.5763486 2.6227234 2.3316929 3.1951361 3.4841152 2.8521967 1.5644245 2.7158737 2.9992993 
Skow_XM_006815240.1                                    0.0000010 0.0000010 0.7485502 1.0327305 0.7883411 0.6395589 0.0000000 0.8175644 0.9048289 0.9831257 0.9448721 0.9168520 0.9240158 0.9727281 1.1368591 0.9322845 0.9390877 1.1594038 1.1594038 1.1348898 0.0000010 1.3330226 1.3330876 1.3330876 1.3330876 0.1744624 0.9138934 1.1993194 1.1285400 1.1125170 1.1684702 1.1751193 1.1751193 1.2221291 1.2554316 1.1363084 1.1524691 4.4401536 0.9462702 1.1425805 1.4936999 1.7295113 0.0000010 0.0000010 0.0000010 1.7295113 0.0000010 0.0000010 1.4642067 0.0000010 1.0836377 2.1745062 1.4852061 1.6303983 1.4852061 2.1745062 1.5443519 1.5443519 1.5443519 1.5766552 0.0000010 0.0000010 0.0000010 0.0000010 0.0000010 1.2000023 0.9909974 9.0000000 1.0778742 1.4514584 1.4067203 1.4305194 1.4865477 1.4945627 1.4945627 0.8947045 1.2553780 1.2282226 1.3037037 1.3064872 1.2282226 1.2515096 4.3659031 0.9051907 1.4114947 0.0000010 1.5059261 1.4098821 0.8305457 1.2692815 1.1252684 2.3431987 1.4995323 2.0950213 1.6471490 1.7797810 2.0462221 1.7430955 1.5844690 2.4146560 0.0000010 3.5622508 3.5527675 2.2800947 0.8198421 2.0899363 1.9369327 
Cgig_XM_034465963.1                                    1.8000175 1.8611629 1.4498919 1.4192664 1.1732916 1.1092982 0.8175644 0.0000000 1.2213645 1.2119041 0.8561622 0.8968354 1.1512472 1.2617007 1.2058663 1.3081060 1.3222256 1.4484713 1.4343402 1.4614018 1.1621226 1.5563009 1.1243003 1.1243003 1.1252476 0.9281675 0.8728134 1.5610115 1.5200335 1.3978641 1.4751797 1.5458517 1.5571199 1.5404712 0.9980088 1.5504277 1.5597908 4.1066465 1.3127292 1.6826038 1.7219118 1.8466440 2.0135786 2.3639399 2.3608107 1.6778658 1.8127726 2.1744261 1.8757025 1.1373837 1.5059497 2.0197108 1.8960443 1.7556891 1.9539679 2.0869822 1.7818178 1.7978401 1.3469186 1.3726570 2.5142042 1.8860389 1.8811941 1.8811941 2.5840831 1.5170660 0.8797609 1.2437974 1.4138624 1.5229133 1.4940327 1.4863191 1.4901788 1.5212072 1.5306476 1.4612939 1.4578928 1.4448644 1.4163424 1.4626491 1.4641637 1.5041051 1.1979115 1.5621101 1.5434512 2.1181058 1.5954212 1.5044678 1.5850172 1.8034195 1.6047363 1.7173324 2.4278242 2.5484926 2.5244937 2.3964277 3.1099326 3.1099968 2.5350676 2.5641022 2.3023192 3.0993532 3.4972286 2.6479597 2.0271432 2.9483007 2.9643091 
Spis_XP_022797908_1                                    1.3466030 1.6205333 1.1631613 1.1511984 0.9493745 1.0070076 0.9048289 1.2213645 0.0000000 0.0519835 0.1177851 0.1576179 0.2075049 0.2581549 0.1521318 0.4265208 0.4140760 0.6853982 0.6815425 0.7462388 1.0206594 1.1908242 0.9265202 0.9265202 0.9261485 1.2427488 1.1754717 1.3378323 1.3044344 1.1396899 1.0861690 0.9967822 1.0048302 1.0179849 0.8063364 1.0422446 1.0632304 3.7550196 0.9813611 1.5003528 1.4809710 1.6328479 1.8575093 2.2836943 2.8574899 1.4689016 1.6765843 2.1543053 1.6117302 0.9835921 1.2099885 1.8418393 1.7244635 1.5422528 1.7961753 1.9286091 1.5687593 1.5405280 1.2106061 1.2125365 2.2029026 1.6138238 1.6562092 1.6562092 2.2937312 1.1526581 1.3613643 0.8709323 1.5755953 1.1650451 1.1640059 1.1461625 1.1632287 1.2289147 1.2515970 1.1434258 1.1469873 1.0965443 1.1237402 1.1467730 1.1024204 1.1824739 1.1927251 1.6229066 1.4041195 2.0444408 1.4638394 1.4048132 1.5475798 1.8250266 1.7251496 1.8767387 2.2155510 2.4773614 2.3444271 2.2791459 3.1905156 3.0348287 2.9576095 2.6912999 2.6532867 3.0380201 3.4619155 2.6271077 1.4426480 2.9471792 3.2033615 
Pocdam_XM_027187087.1                                  1.3573414 1.7067431 1.1569855 1.1473087 0.9285762 1.0162582 0.9831257 1.2119041 0.0519835 0.0000000 0.1236312 0.1468749 0.2021935 0.2509530 0.1539857 0.4399066 0.4238863 0.6828708 0.6790039 0.7394594 1.0431337 1.1756540 0.9311600 0.9311600 0.9321081 1.2341157 1.1689673 1.3319010 1.2826995 1.1405779 1.0711384 1.0276938 1.0357577 1.0383530 0.8368272 1.0479070 1.0689700 3.8032887 1.0182664 1.4758098 1.4606365 1.5887345 1.7987124 2.1667877 2.5778526 1.4413971 1.6393409 2.0557353 1.5623232 0.9681148 1.1581211 1.7347673 1.6372616 1.4855260 1.7145623 1.8262194 1.5661199 1.5190705 1.1948941 1.1968034 2.1661154 1.5932203 1.6175416 1.6175416 2.3501326 1.1825336 1.3305574 0.8932134 1.5516884 1.1457524 1.1416454 1.1428100 1.1547699 1.2370069 1.2597098 1.1458946 1.1554866 1.1056490 1.1321415 1.1661457 1.1176444 1.1980437 1.1462916 1.6099942 1.4117205 2.0769114 1.4526820 1.3704779 1.5695942 1.8264304 1.7083510 1.9093861 2.2301620 2.4422528 2.3390913 2.3035676 3.1353731 3.0088261 2.9466924 2.7079513 2.6257868 3.0302817 3.4496121 2.5931193 1.3986187 2.9870549 3.1889657 
Fspp_ffun1.m4.7644.m1                                  0.7434342 3.4790532 0.6838838 0.8372865 0.7716928 0.8039678 0.9448721 0.8561622 0.1177851 0.1236312 0.0000000 0.0840048 0.1796199 0.1915527 0.1164306 0.3467432 0.3883063 0.5559542 0.5559542 0.6290088 0.8865669 1.0068401 0.7929734 0.7929734 0.7929734 0.8621205 0.8602429 0.8795010 0.8497803 0.9652788 0.9469994 0.8188739 0.8188739 0.8177794 0.7809013 0.8853634 0.8839505 3.5544052 0.7556653 1.0575141 1.0615215 1.1196208 1.1872392 1.1488847 0.0000010 1.1196208 1.1872392 1.1488847 1.1263344 1.0258627 1.1644348 1.1568965 1.0728113 1.1935203 1.0728113 1.1568965 1.0606643 1.0606643 1.0525028 1.0552324 1.1320400 1.0213850 1.0213850 1.0213850 0.0000010 0.9073507 0.9647318 0.6754948 1.0560408 0.9774452 0.9516141 0.9575125 0.9748153 1.0498318 1.0498318 1.0091995 1.0603785 0.9901702 1.0216164 1.0198411 0.9565769 1.0056342 1.1764537 0.9242026 1.0526151 1.1569851 1.1184585 1.0606401 1.1287452 1.3156028 1.2944489 1.8378233 1.6169283 1.8391277 1.7690914 1.9180155 2.5993214 2.4459692 2.3630181 2.2794439 2.0653593 2.8759229 3.0924693 2.0452933 0.9652415 2.3296930 2.4169132 
Gasp_gasp1.m3.12790.m1                                 0.8928043 3.4790532 0.8391856 0.9068494 0.7813439 0.8055194 0.9168520 0.8968354 0.1576179 0.1468749 0.0840048 0.0000000 0.1861261 0.1954062 0.1369884 0.3841791 0.4051523 0.6233074 0.6233074 0.6847880 0.8920381 1.0687193 0.7482585 0.7482585 0.7482585 0.9453602 0.9105315 0.9188812 0.8873903 0.9937402 0.9481743 0.8501834 0.8512812 0.8387284 0.8040682 0.8823093 0.8809292 3.6369801 0.7916462 1.2364306 1.2304713 1.2845952 1.4611911 1.6897627 0.0000010 1.2845952 1.4611911 1.6897627 1.2512533 1.0164486 1.2291838 1.5407669 1.4257302 1.3507897 1.4257302 1.5407669 1.2209729 1.2209729 1.1194091 1.2126441 1.9100194 1.3076005 1.3076005 1.3076005 0.0000010 1.0474519 1.0287665 0.7363668 1.1256604 1.0568609 1.0536764 1.0236385 1.0410155 1.1090861 1.1090861 1.1215989 1.1030797 1.0241575 1.0723411 1.0664778 1.0001658 1.0483423 1.0877660 0.9524529 1.1933913 1.8050695 1.2804948 1.2184743 1.3610769 1.4765011 1.4214748 1.7547283 1.7945156 1.9789623 1.9423974 2.0269353 2.7730074 2.6647089 2.6717248 2.5634212 2.1710406 2.8814834 3.2495189 2.1617732 1.1074907 2.6734201 2.5956660 
Amil_Amillepora03975-RA                                1.4853864 1.8191354 1.2112542 1.1219672 0.9532895 1.0246776 0.9240158 1.1512472 0.2075049 0.2021935 0.1796199 0.1861261 0.0000000 0.0600803 0.1542564 0.4711147 0.4378779 0.6649131 0.6683898 0.7318776 1.0757753 1.1577412 0.8931505 0.8931505 0.9060495 1.1475472 1.1071838 1.3216745 1.3004323 1.1421866 1.0954814 1.0525447 1.0586278 1.0500337 0.8092068 1.1062595 1.1221598 4.0041242 1.0560236 1.4514421 1.4420506 1.5943400 1.7850795 2.1749208 2.7850840 1.4492268 1.6103751 2.0086862 1.5944337 0.8987351 1.0553797 1.6943201 1.6131778 1.4616349 1.6279123 1.7114031 1.5006197 1.4759372 1.1321810 1.1646129 2.0760276 1.6124309 1.6340305 1.6340305 2.3705559 1.1890735 1.3043440 0.9395955 1.5549534 1.2052138 1.1860643 1.2027281 1.2179573 1.2923073 1.3226095 1.1293933 1.1574625 1.1157949 1.1157019 1.1717634 1.1370393 1.1837248 1.1900433 1.5511290 1.4582465 2.0739006 1.4545480 1.3754711 1.6271576 1.7956687 1.6392276 1.8433455 2.1486951 2.3359060 2.2205546 2.3290493 3.0657227 2.8609662 2.6325049 2.5557409 2.6359478 3.0521231 3.4549445 2.5385688 1.4338543 2.6921691 3.0660069 
Adig_XM_015892738.1                                    1.5178401 2.8102328 1.2697721 1.2214617 1.0039480 1.0701849 0.9727281 1.2617007 0.2581549 0.2509530 0.1915527 0.1954062 0.0600803 0.0000000 0.2064584 0.5094886 0.4871138 0.7567559 0.7549008 0.8295261 0.9626131 1.2194933 0.9028351 0.9028351 0.9028351 1.2846789 1.2268544 1.4191138 1.4562021 1.2881157 1.2212479 1.1061143 1.1070930 1.0870551 0.7994210 1.1839038 1.1842510 4.2429616 1.1445588 1.5077707 1.4937158 1.7683595 1.9519507 2.4064773 4.2911521 1.5101593 1.6392230 2.0086862 1.7605390 1.0251192 1.1694230 1.7302230 1.6333717 1.5689760 1.6905581 1.7991210 1.7005501 1.5982087 1.2337021 1.2188945 2.6119089 1.5947521 1.6556975 1.6556975 3.4128197 1.3138891 1.4971510 1.0205471 1.8088389 1.1533275 1.1278015 1.1332113 1.1477386 1.2069942 1.2069942 1.2477529 1.2866213 1.2187490 1.2250727 1.2681125 1.2213000 1.2744830 1.1409357 1.5458123 1.4928518 2.0838364 1.5497926 1.4782983 1.6653429 1.8932008 1.8056776 1.9796202 2.3078572 2.6048365 2.5115138 2.5458662 3.2746225 3.1693042 2.8337273 2.7692901 2.6830697 3.1311974 3.8058327 2.7518373 1.4821396 2.9597305 3.2651401 
Gfas_gfas1.m1.15878.m1                                 1.3235462 1.6911960 1.1756122 1.1235037 0.9356243 0.9777512 1.1368591 1.2058663 0.1521318 0.1539857 0.1164306 0.1369884 0.1542564 0.2064584 0.0000000 0.4565505 0.4299717 0.6577322 0.6583460 0.7197892 1.0437331 1.1502839 0.9008750 0.9008750 0.9150333 1.1693246 1.1368322 1.2996726 1.2884743 1.1182922 1.0571185 1.0557355 1.0641889 1.0446931 0.8474640 1.0919684 1.1134242 3.7838937 1.0246999 1.5082034 1.4934462 1.6851691 1.8233367 2.1870682 2.6295125 1.5505236 1.6742016 2.0889801 1.5640943 0.9247543 1.2372970 1.7513089 1.6446195 1.5655226 1.7031698 1.8228176 1.5327106 1.5094845 1.1891036 1.1897373 2.1883438 1.5849142 1.6129207 1.6129207 2.4322925 1.1849380 1.3727147 0.8796921 1.5767386 1.1977806 1.1835112 1.1708892 1.1900601 1.2721838 1.2998709 1.1554738 1.1694433 1.1181378 1.1330830 1.1665459 1.1202124 1.2191973 1.0562659 1.5068739 1.5164827 1.9930895 1.5381857 1.4787476 1.5689457 1.9109228 1.7903911 1.9807679 2.3205206 2.5527648 2.3577423 2.4058003 3.1748012 3.0470381 2.9586131 2.7188279 2.5232192 3.2100217 3.5897019 2.6976564 1.4666431 2.9477746 3.0428770 
Exapal_XM_021043294.2                                  1.3637854 1.6309234 1.1437141 1.1964186 1.0432613 1.0968934 0.9322845 1.3081060 0.4265208 0.4399066 0.3467432 0.3841791 0.4711147 0.5094886 0.4565505 0.0000000 0.3403730 0.7232248 0.7242547 0.7851648 0.7412679 1.2305849 0.9254505 0.9254505 0.9421923 1.2833894 1.2287837 1.4214357 1.3343569 1.1370319 1.1442545 1.0671566 1.0636189 1.0533274 0.7573378 1.1022950 1.1294978 4.1260259 1.1293127 1.5361261 1.5513028 1.7222563 1.8649661 2.2200191 2.5565902 1.6145750 1.7573486 2.2138864 1.6845386 0.9797816 1.2142946 1.8514862 1.7278273 1.5579135 1.7644772 1.8988876 1.6297182 1.6391302 1.3180414 1.3028360 2.3290900 1.7820013 1.7994451 1.7994451 2.3725292 1.2707980 1.3089767 1.0086681 1.6804530 1.1341819 1.1234669 1.1454843 1.1402138 1.2212362 1.2380544 1.1969915 1.2142754 1.1647484 1.1784110 1.2024793 1.1751681 1.2284835 1.0987145 1.6711490 1.5246377 2.0610532 1.5126802 1.4508313 1.6043279 1.8572290 1.7582276 1.6888835 2.3246891 2.4313993 2.4058002 2.3242125 3.2228605 3.0386504 2.7732654 2.6964050 2.7905735 3.1538934 3.5838654 2.7095906 1.4657067 2.7716497 3.0665153 
Nvec_v1g193454                                         1.4730895 1.7378475 1.2198890 1.1827619 1.0003480 1.0458425 0.9390877 1.3222256 0.4140760 0.4238863 0.3883063 0.4051523 0.4378779 0.4871138 0.4299717 0.3403730 0.0000000 0.7338485 0.7318592 0.8400051 0.7667273 1.2549408 0.9345891 0.9345891 0.9298867 1.3124716 1.2143027 1.4051415 1.3544081 1.1408886 1.1560623 1.0826056 1.0903285 1.0656329 0.8492268 1.1411749 1.1541398 3.9315705 1.1537919 1.5889959 1.6138978 1.7199136 1.9341257 2.3476848 3.2687555 1.5775324 1.7841787 2.2845610 1.6921439 1.0245977 1.2918743 1.8923119 1.7774435 1.6289960 1.8540570 1.9846757 1.6263284 1.6083722 1.2459543 1.2544385 2.5325726 1.7852472 1.8313383 1.8313383 2.5258271 1.2517435 1.3813737 0.9294957 1.6504483 1.1356263 1.1424843 1.1143542 1.1205606 1.2023604 1.2140508 1.2063629 1.2131484 1.1360326 1.1585677 1.1886948 1.1420150 1.2448543 1.2314984 1.5804634 1.5550333 2.1818154 1.5561546 1.4985215 1.6650981 1.9723467 1.8951514 1.9258969 2.2777662 2.5830426 2.4546452 2.4694588 3.1782795 3.0034736 3.0452219 2.9003903 2.6829894 3.1139840 3.5827857 2.6677472 1.4874091 2.7690521 3.0478285 
Dgig_XM_028543518.1                                    1.4557143 1.7928993 1.2865651 1.2515260 1.0944734 1.0483203 1.1594038 1.4484713 0.6853982 0.6828708 0.5559542 0.6233074 0.6649131 0.7567559 0.6577322 0.7232248 0.7338485 0.0000000 0.0086282 0.2226538 1.1159140 1.3101130 1.0121899 1.0121899 1.0122451 1.4281942 1.3270979 1.5142282 1.4087520 1.1043460 1.1206557 1.1776160 1.1855994 1.1608319 0.8418413 1.1896081 1.2070165 4.0505751 1.1819187 1.6572407 1.6605013 1.7143314 1.8851380 2.3476615 2.4279502 1.6036355 1.7711896 2.3819109 1.7487887 0.9773490 1.1469607 1.9590038 1.8562373 1.6370511 2.0031612 2.1283788 1.7137774 1.6969057 1.3267011 1.3496381 2.5758962 1.7447315 1.8164082 1.8164082 2.5157618 1.3770460 1.4647940 1.0257518 1.7056465 1.3386541 1.3255993 1.3056460 1.3086918 1.3436708 1.3573627 1.2002600 1.2437481 1.1607369 1.1584182 1.1895355 1.1532540 1.2327424 1.4304146 1.7887477 1.4930674 2.0146124 1.6562360 1.4432938 1.6056844 1.9718473 1.9280806 1.7441650 2.2156777 2.5236500 2.3355615 2.5987107 3.3505738 3.1245480 3.0273367 2.9066070 2.7311536 3.1779588 3.6620960 2.7376540 1.5920635 2.6107446 2.8384502 
Dgig_XM_028557924.1                                    1.4472029 1.7066589 1.2825995 1.2434904 1.0922712 1.0358228 1.1594038 1.4343402 0.6815425 0.6790039 0.5559542 0.6233074 0.6683898 0.7549008 0.6583460 0.7242547 0.7318592 0.0086282 0.0000000 0.2192270 1.1159140 1.3058750 1.0121899 1.0121899 1.0099127 1.4076484 1.3114808 1.5139639 1.4050958 1.1007740 1.1159884 1.1756361 1.1789558 1.1544255 0.8418413 1.1895608 1.1993209 4.0741088 1.1850658 1.6557882 1.6591443 1.7131837 1.8834608 2.3444705 2.4279502 1.6023293 1.7691294 2.3768869 1.7384685 0.9773490 1.1469607 1.9561917 1.8537494 1.6358168 2.0003362 2.1251508 1.7071169 1.6926835 1.3267011 1.3496381 2.5640551 1.7427902 1.8143774 1.8143774 2.4912836 1.3824982 1.4633247 1.0114429 1.6935153 1.3420239 1.3290361 1.2979258 1.3119657 1.3379091 1.3525695 1.1970733 1.2408872 1.1696007 1.1673384 1.1852646 1.1491706 1.2358440 1.4304146 1.7607882 1.4896846 2.0051406 1.6562360 1.4432938 1.5824328 1.9730581 1.9295117 1.7441650 2.2058894 2.5098890 2.3098506 2.5803575 3.3326975 3.1174241 3.0298264 2.9086634 2.7311536 3.1779588 3.6294966 2.6953465 1.5931729 2.6194922 2.8394519 
Xesp_020386-T1                                         1.6058872 1.8470228 1.3618945 1.3055589 1.1165942 1.0799114 1.1348898 1.4614018 0.7462388 0.7394594 0.6290088 0.6847880 0.7318776 0.8295261 0.7197892 0.7851648 0.8400051 0.2226538 0.2192270 0.0000000 1.3422253 1.4050767 1.0804793 1.0804793 1.0800532 1.4864372 1.3664581 1.6248766 1.4605524 1.1874186 1.1888155 1.2338209 1.2372559 1.2442558 0.9307054 1.2609964 1.2726840 4.2299108 1.2647869 1.7282358 1.7054376 1.7401797 1.9295534 2.4291085 2.4780345 1.6141208 1.7962658 2.4436436 1.8015347 1.0627511 1.1111207 2.1831564 2.0498734 1.6809281 2.2425586 2.4082078 1.7883271 1.7801655 1.4160587 1.4214018 2.8284206 1.8276764 1.9271379 1.9271379 2.5338560 1.4304528 1.5555130 1.0476692 1.7511219 1.4169678 1.4290770 1.3839789 1.3994979 1.4472872 1.4609934 1.2942859 1.3311113 1.2705139 1.3008242 1.3139476 1.2555745 1.3441811 1.3859859 1.8456222 1.5755467 2.2685902 1.7640914 1.5700120 1.6869976 2.1297941 2.0332504 1.9416325 2.3992593 2.6149909 2.4471282 2.6756942 3.3029332 3.1334819 3.1287769 2.9325180 2.8188546 3.1221639 3.6382018 2.7610510 1.7131522 2.6777884 3.0382416 
Opea_EP00118_Oscarella_pearsei_P010566                 1.6968073 2.8077832 1.2082438 1.1955837 1.0781467 1.1431153 0.0000010 1.1621226 1.0206594 1.0431337 0.8865669 0.8920381 1.0757753 0.9626131 1.0437331 0.7412679 0.7667273 1.1159140 1.1159140 1.3422253 0.0000000 0.1574526 0.6439246 0.6439246 0.6439246 1.4704531 1.4684634 1.1881689 1.0559127 1.2046148 1.2669957 1.1998969 1.1998969 1.1912920 1.0928800 1.2058834 1.2058834 5.0881708 1.2319156 1.1712425 1.1712425 1.4067959 1.4067959 1.4067959 0.0000010 1.4067959 1.4067959 1.4067959 1.6302369 0.8351078 0.0000010 1.3129895 1.3129895 1.3129895 1.3129895 1.3129895 1.4063621 1.2098839 1.1108431 1.1108431 1.9302072 1.2522992 1.2522992 1.2522992 4.0100287 1.3894180 1.3552719 1.1276716 1.2305910 1.2827451 1.2849159 1.2678679 1.2678679 1.3132976 1.3132976 1.2191795 1.2191795 1.2332801 1.2355510 1.2838824 1.2332801 1.4325982 0.5488910 1.1492704 1.3551107 1.4373833 1.6613344 1.5361470 1.5220975 1.6340511 1.8434664 1.3941505 1.6530630 1.8196202 1.8084972 2.1370953 2.8145535 2.6936358 2.5571691 2.3324266 2.2897543 2.5813913 3.0978308 2.8775519 1.2157426 2.3474004 3.1499418 
Opea_EP00118_Oscarella_pearsei_P010565                 1.2669029 1.3176334 1.1657762 1.2998090 1.2696876 1.3445107 1.3330226 1.5563009 1.1908242 1.1756540 1.0068401 1.0687193 1.1577412 1.2194933 1.1502839 1.2305849 1.2549408 1.3101130 1.3058750 1.4050767 0.1574526 0.0000000 0.5916835 0.5916835 0.5952124 1.5125717 1.4207432 1.4303508 1.3375429 1.4023987 1.4006115 1.4796090 1.4850498 1.4563822 1.1033512 1.4377200 1.4683291 4.6242741 1.3490153 1.5194061 1.5729216 1.7474986 1.9589430 2.7025646 3.0289349 1.5538375 1.7073329 2.4705817 1.6996580 0.8413699 1.0823635 2.0608688 1.9159477 1.6366605 1.9030541 2.0531172 1.6443279 1.5385212 1.3303163 1.3095327 2.5542348 1.6173126 1.6283430 1.6283430 2.5852612 1.3968260 1.5631977 1.2385089 1.5642036 1.4887072 1.4720455 1.4419510 1.4528091 1.5148539 1.5417942 1.3594838 1.3725397 1.3228896 1.3195090 1.3885516 1.3476040 1.3765740 1.1722038 1.8271007 1.5285029 2.5664264 1.5197667 1.4483890 1.6760650 1.8863957 1.7501261 1.8683840 2.3641576 2.3773727 2.2715656 2.4734817 3.0864091 3.1547341 2.6215875 2.5481488 2.2854451 2.9225306 3.5787881 2.5658539 2.0937426 2.6147256 3.0480714 
Plajan_Pjan_scaffold3352_01                            1.0484182 4.2148434 0.8571649 1.0233922 0.9491414 1.0065553 1.3330876 1.1243003 0.9265202 0.9311600 0.7929734 0.7482585 0.8931505 0.9028351 0.9008750 0.9254505 0.9345891 1.0121899 1.0121899 1.0804793 0.6439246 0.5916835 0.0000000 0.0000010 0.0000010 0.9450135 0.9938862 1.1211121 1.0571773 1.2426758 1.1953740 1.1255263 1.1255263 1.1470269 1.0514206 1.1893791 1.1882321 4.0636890 1.1161960 1.0371840 1.1252414 1.1804529 1.0712906 1.0621840 3.3565179 1.1566653 1.0344318 0.9760933 1.2657899 0.9010139 1.2997296 1.0171903 0.9634450 1.2203540 0.9634450 1.0171903 1.2425848 1.1502113 1.1023418 1.1021915 1.5547163 0.9436272 0.9325441 0.9325441 4.3866351 1.1206912 1.1152257 0.9291058 1.0859479 1.1783876 1.1583464 1.1137244 1.1077192 1.2388744 1.2388744 1.2795940 1.3217633 1.2521003 1.2348752 1.2850087 1.2598496 1.2393363 1.1603520 1.1246614 1.1451373 1.2718222 1.3135297 1.2573077 1.3128761 1.4412137 1.4722935 1.7314847 1.8022297 1.7268529 1.8295840 1.9052083 2.5082012 2.5586266 2.3997724 2.1180882 1.9570706 2.8186995 2.8992101 1.9985838 1.4027971 2.3236286 2.9113540 
Plajan_Pjan_scaffold3356_01                            1.0484182 4.2148434 0.8571649 1.0233922 0.9491414 1.0065553 1.3330876 1.1243003 0.9265202 0.9311600 0.7929734 0.7482585 0.8931505 0.9028351 0.9008750 0.9254505 0.9345891 1.0121899 1.0121899 1.0804793 0.6439246 0.5916835 0.0000010 0.0000000 0.0000010 0.9450135 0.9938862 1.1211121 1.0571773 1.2426758 1.1953740 1.1255263 1.1255263 1.1470269 1.0514206 1.1893791 1.1882321 4.0636890 1.1161960 1.0371840 1.1252414 1.1804529 1.0712906 1.0621840 3.3565179 1.1566653 1.0344318 0.9760933 1.2657899 0.9010139 1.2997296 1.0171903 0.9634450 1.2203540 0.9634450 1.0171903 1.2425848 1.1502113 1.1023418 1.1021915 1.5547163 0.9436272 0.9325441 0.9325441 4.3866351 1.1206912 1.1152257 0.9291058 1.0859479 1.1783876 1.1583464 1.1137244 1.1077192 1.2388744 1.2388744 1.2795940 1.3217633 1.2521003 1.2348752 1.2850087 1.2598496 1.2393363 1.1603520 1.1246614 1.1451373 1.2718222 1.3135297 1.2573077 1.3128761 1.4412137 1.4722935 1.7314847 1.8022297 1.7268529 1.8295840 1.9052083 2.5082012 2.5586266 2.3997724 2.1180882 1.9570706 2.8186995 2.8992101 1.9985838 1.4027971 2.3236286 2.9113540 
Plajan_Pjan_scaffold3354_01                            1.0602158 3.7054582 0.8646774 1.0252114 0.9641989 1.0100610 1.3330876 1.1252476 0.9261485 0.9321081 0.7929734 0.7482585 0.9060495 0.9028351 0.9150333 0.9421923 0.9298867 1.0122451 1.0099127 1.0800532 0.6439246 0.5952124 0.0000010 0.0000010 0.0000000 0.9443935 0.9938180 1.1257901 1.0622007 1.2511627 1.1853753 1.1565915 1.1565915 1.1758403 1.0514206 1.2182605 1.2067495 4.0873441 1.1158231 1.0371840 1.1252414 1.1804529 1.0712906 1.0621840 3.3565179 1.1566653 1.0344318 0.9760933 1.2699533 0.9010139 1.2997296 1.0171903 0.9634450 1.2203540 0.9634450 1.0171903 1.2462842 1.1502113 1.1023418 1.1021915 1.5547163 0.9436272 0.9325441 0.9325441 4.4386076 1.1138812 1.1161059 0.9254757 1.0831383 1.1764920 1.1564037 1.1164629 1.1076110 1.2531416 1.2460786 1.2588849 1.3046199 1.2365555 1.2193914 1.2667140 1.2422856 1.2232487 1.1603520 1.1290034 1.1451373 1.2718222 1.3033066 1.2470198 1.3085732 1.4412137 1.4758761 1.7314847 1.7904991 1.7156248 1.8335357 1.8920803 2.4821237 2.5319385 2.4030785 2.1184536 1.9570706 2.8186995 2.9268276 1.9894375 1.4027971 2.3236286 2.8981558 
Ctel_gnl_WGS_AMQN_CAPTEDRAFT_mRNA226670                1.6651890 1.7571913 1.3949943 1.4394327 1.1611420 1.1870313 0.1744624 0.9281675 1.2427488 1.2341157 0.8621205 0.9453602 1.1475472 1.2846789 1.1693246 1.2833894 1.3124716 1.4281942 1.4076484 1.4864372 1.4704531 1.5125717 0.9450135 0.9450135 0.9443935 0.0000000 0.0030753 1.4814955 1.5465449 1.5359237 1.5017850 1.6136768 1.6216127 1.5779425 0.8460777 1.6249082 1.6344221 4.2681387 1.3834253 1.6930296 1.7040015 1.8999312 1.9040110 2.3367400 2.6233541 1.6157210 1.6108573 1.9785968 1.9335644 0.9234633 1.5218117 1.8815043 1.7799778 1.7253582 1.8497762 1.9622337 1.8653582 1.8297049 1.3770573 1.3182646 2.5434823 1.7523141 1.7666330 1.7666330 2.7661895 1.5092337 1.0936346 1.2066924 1.6400026 1.6930800 1.6646620 1.6493323 1.6632402 1.6949884 1.7002030 1.5430813 1.5499493 1.5078579 1.4857538 1.5428034 1.5493330 1.5828419 0.6421069 1.8317487 1.5995113 2.1900319 1.6751879 1.6638434 1.6973055 1.9904573 1.7540991 1.6817408 2.7945646 2.7253932 2.8093157 2.7273442 3.7393246 3.7559705 2.6941244 2.7728952 2.2890998 3.1724049 3.6958808 2.6709522 2.2139479 2.8960081 3.1457831 
Ctel_gnl_WGS_AMQN_CAPTEDRAFT_mRNA183430                1.6478019 1.7796296 1.2997961 1.3387368 1.0910463 1.0898088 0.9138934 0.8728134 1.1754717 1.1689673 0.8602429 0.9105315 1.1071838 1.2268544 1.1368322 1.2287837 1.2143027 1.3270979 1.3114808 1.3664581 1.4684634 1.4207432 0.9938862 0.9938862 0.9938180 0.0030753 0.0000000 1.4060858 1.4453610 1.4868148 1.4612961 1.4894800 1.4961304 1.4833855 0.9979330 1.5171388 1.5239736 4.3051611 1.3122479 1.5438912 1.5801489 1.7321443 1.8898608 2.3272327 2.6233541 1.5180903 1.6165844 2.0000389 1.7535762 0.9234633 1.2314068 1.8925324 1.8001464 1.5914752 1.8299142 1.9297155 1.6962926 1.6522300 1.3172672 1.2886397 2.4642780 1.7509620 1.7654039 1.7654039 2.6783727 1.4017140 1.0331353 1.1832753 1.4714627 1.5588382 1.5658236 1.5226710 1.5370392 1.5452942 1.5497639 1.4408774 1.4307692 1.4231657 1.4130873 1.4629208 1.4489548 1.4413440 1.1307972 1.5890552 1.5521509 2.1521595 1.5546714 1.5578113 1.5981485 1.6824632 1.5536460 1.8367929 2.4319595 2.5034960 2.4162989 2.5396465 3.2009950 3.1335612 2.5813929 2.5696270 2.2890998 3.1715208 3.4842637 2.4092641 1.9702462 2.7741849 2.9036614 
Aque_Aqu2.1.38611_001                                  1.0741797 1.1312615 0.9382760 0.9082367 1.4372020 1.3631415 1.1993194 1.5610115 1.3378323 1.3319010 0.8795010 0.9188812 1.3216745 1.4191138 1.2996726 1.4214357 1.4051415 1.5142282 1.5139639 1.6248766 1.1881689 1.4303508 1.1211121 1.1211121 1.1257901 1.4814955 1.4060858 0.0000000 0.3805436 1.6449028 1.6217883 1.6574779 1.6733321 1.5964157 1.1078954 1.7867513 1.7719616 5.0061512 1.5320161 1.5692422 1.6172117 1.7694092 1.8742500 2.3413247 2.7543528 1.5311298 1.5567318 1.9296873 1.7684986 0.9599803 1.2947534 1.8548108 1.8062721 1.6973417 1.8425711 1.8957989 1.7707407 1.7179701 1.4194120 1.3726118 2.4507543 1.6300123 1.6359789 1.6359789 2.7456232 1.2304501 1.6879617 1.3687137 1.7488450 1.5991612 1.5681509 1.6287843 1.6415300 1.6200637 1.6389478 1.5446817 1.5350378 1.4919970 1.5121276 1.5711292 1.5259473 1.6226619 1.1261102 2.0703702 1.5426740 2.1218545 1.6186631 1.5291240 1.5440930 1.9104025 1.8799838 1.6939726 2.5157001 2.5524268 2.3638529 2.5701129 3.2456400 3.0458968 2.9910046 3.0090306 2.1631889 3.1409041 3.5493974 2.9332281 2.2605931 2.8233799 3.0266608 
Halamb_c53800_g2_i1mm.5454                             1.0578497 1.0592950 0.8220532 0.8542062 1.3478460 1.3050226 1.1285400 1.5200335 1.3044344 1.2826995 0.8497803 0.8873903 1.3004323 1.4562021 1.2884743 1.3343569 1.3544081 1.4087520 1.4050958 1.4605524 1.0559127 1.3375429 1.0571773 1.0571773 1.0622007 1.5465449 1.4453610 0.3805436 0.0000000 1.5379855 1.5516783 1.6704331 1.6883874 1.6165953 1.0670072 1.6891793 1.6834665 4.5991753 1.4654806 1.5511708 1.6172975 1.7753526 1.9222905 2.2374492 3.3779155 1.5255233 1.5941940 1.7771868 1.7546860 1.0213993 1.3837613 1.7495178 1.7063651 1.6681059 1.8064144 1.8601435 1.7146245 1.6853686 1.3267750 1.3139104 2.4450951 1.5823327 1.5940331 1.5940331 2.6297903 1.0893211 1.5907303 1.3225395 1.6759313 1.6144771 1.5856641 1.6155294 1.6228335 1.5771464 1.5900420 1.5170448 1.5147217 1.4485157 1.4961945 1.5195794 1.4742798 1.5828041 0.9973811 1.9117521 1.3743922 1.9306524 1.5298849 1.3861158 1.4977652 1.7606638 1.7911224 1.6757301 2.4706064 2.5197130 2.3718782 2.5822848 3.0396027 2.8771071 3.0979355 2.9931225 2.3574709 3.2440503 3.7076267 2.9022170 2.1511348 3.0113410 3.0315380 
Hvul_g26943_1                                          1.6882951 1.4931535 1.4322010 1.3486709 1.2872253 1.2864615 1.1125170 1.3978641 1.1396899 1.1405779 0.9652788 0.9937402 1.1421866 1.2881157 1.1182922 1.1370319 1.1408886 1.1043460 1.1007740 1.1874186 1.2046148 1.4023987 1.2426758 1.2426758 1.2511627 1.5359237 1.4868148 1.6449028 1.5379855 0.0000000 0.4798637 0.9528484 0.9548396 0.9772176 0.8052325 0.9442056 0.9553647 4.0339918 1.3783719 1.6605457 1.7073223 1.8597379 1.9539200 2.4595872 3.2270640 1.6536265 1.7010566 2.2161773 1.8046709 0.8957077 1.4443513 2.0247716 1.9025063 1.8012416 2.0095704 2.1498864 1.7882114 1.7508643 1.3917112 1.3814794 2.5467123 1.7313715 1.7681239 1.7681239 2.5447944 1.5242337 1.4598817 1.1329574 1.6725229 1.4352363 1.3786169 1.4056019 1.4110398 1.4621904 1.4780800 1.3648432 1.4189509 1.4140942 1.4173049 1.4229214 1.4193334 1.4933398 1.1061407 1.9617781 1.6186699 2.1823885 1.5815145 1.5343091 1.6687594 1.9095151 1.8493884 1.7240469 2.5464432 2.5209407 2.5840343 2.4745556 3.3421521 3.1029161 2.9345276 2.8635445 2.4682310 3.6053070 4.0896105 2.7258652 1.4517942 2.7886011 3.0885448 
Chem_TCONS_00021611                                    1.5762287 1.4940595 1.3558644 1.3702652 1.2087345 1.1971955 1.1684702 1.4751797 1.0861690 1.0711384 0.9469994 0.9481743 1.0954814 1.2212479 1.0571185 1.1442545 1.1560623 1.1206557 1.1159884 1.1888155 1.2669957 1.4006115 1.1953740 1.1953740 1.1853753 1.5017850 1.4612961 1.6217883 1.5516783 0.4798637 0.0000000 0.9781661 0.9799935 0.9420106 0.7445673 0.9057840 0.9098042 4.0417743 1.3534233 1.6537099 1.7478653 1.8634382 1.9545454 2.4289602 2.2874168 1.7015460 1.7531192 2.2783071 1.7755745 1.0212963 1.3083941 2.0710658 1.9451466 1.7393602 2.0574744 2.2034321 1.7357122 1.7811020 1.4211810 1.3887627 2.4591616 1.7660095 1.7954209 1.7954209 2.4207774 1.4718928 1.4427912 1.0475184 1.6410558 1.5307266 1.4717595 1.5128470 1.5066583 1.5061619 1.5164186 1.2986290 1.3267859 1.3310435 1.3222118 1.3564477 1.3639483 1.3400295 1.3007301 1.9180735 1.6965378 2.1278162 1.6791066 1.5745060 1.7611913 1.9582478 1.8699098 1.8071950 2.4268145 2.5187087 2.4690627 2.4767472 3.3663347 3.1994967 2.7584859 2.7985486 2.3929322 3.4516625 3.9546618 2.9562342 1.3382617 2.7822402 3.1890952 
Nemnom_g19080.t1                                       1.5874073 1.6724863 1.3523925 1.3711190 1.3054781 1.2761352 1.1751193 1.5458517 0.9967822 1.0276938 0.8188739 0.8501834 1.0525447 1.1061143 1.0557355 1.0671566 1.0826056 1.1776160 1.1756361 1.2338209 1.1998969 1.4796090 1.1255263 1.1255263 1.1565915 1.6136768 1.4894800 1.6574779 1.6704331 0.9528484 0.9781661 0.0000000 0.0012679 0.1356859 0.2811690 0.6152389 0.6175803 3.9393217 1.4722041 1.7414125 1.7715604 1.9598334 2.0573757 2.6652752 3.1014010 1.7715231 1.8125854 2.4363958 1.9392981 1.0053353 1.3823715 2.1539981 2.0379876 1.7920140 2.1904358 2.3275536 1.8742227 1.8958790 1.5340736 1.5143114 2.7001566 1.9860965 2.0141253 2.0141253 2.6880622 1.4977835 1.6100696 1.2125898 1.7651281 1.4868869 1.4224659 1.4366999 1.4427175 1.5319203 1.5485027 1.3865904 1.4002291 1.3749542 1.3547362 1.4097516 1.3927099 1.4318190 1.4958766 2.0477433 1.7993102 2.7231957 1.6946532 1.6258309 1.7110428 2.0239774 1.9035220 1.7878352 2.2698715 2.4903816 2.5450107 2.5728529 3.1266353 2.9839842 2.8020756 2.7928067 2.3715498 3.0810569 3.6563629 2.6428557 1.3718831 2.9175876 3.2069803 
Nemnom_g4478.t1                                        1.6111564 1.7274921 1.3673138 1.3856037 1.3071583 1.2907834 1.1751193 1.5571199 1.0048302 1.0357577 0.8188739 0.8512812 1.0586278 1.1070930 1.0641889 1.0636189 1.0903285 1.1855994 1.1789558 1.2372559 1.1998969 1.4850498 1.1255263 1.1255263 1.1565915 1.6216127 1.4961304 1.6733321 1.6883874 0.9548396 0.9799935 0.0012679 0.0000000 0.1351119 0.2811690 0.6215435 0.6302118 3.9402552 1.4888677 1.7426243 1.7727130 1.9609168 2.0588700 2.6681895 3.1014010 1.7726980 1.8142631 2.4402936 1.9406429 1.0053353 1.3823715 2.1563827 2.0401058 1.7930968 2.1927621 2.3301910 1.8751282 1.8969989 1.5340736 1.5154362 2.7033037 1.9878278 2.0158943 2.0158943 2.6880622 1.5070544 1.6156394 1.2186705 1.7660632 1.4925819 1.4280743 1.4394217 1.4482702 1.5375249 1.5680864 1.3934566 1.4061407 1.3798144 1.3596599 1.4190203 1.4019297 1.4368570 1.4958766 2.0571966 1.8004576 2.7274627 1.6960939 1.6239565 1.7314488 2.0229095 1.9026884 1.7878352 2.2730673 2.5001395 2.5445004 2.5673471 3.1288651 2.9856537 2.8011573 2.7919929 2.3715498 3.0810569 3.6052891 2.6422003 1.3729164 2.9221336 3.2384156 
Rhoesc_Res_012992-T1                                   1.6246762 1.6590064 1.3928322 1.3954376 1.2778772 1.2694248 1.2221291 1.5404712 1.0179849 1.0383530 0.8177794 0.8387284 1.0500337 1.0870551 1.0446931 1.0533274 1.0656329 1.1608319 1.1544255 1.2442558 1.1912920 1.4563822 1.1470269 1.1470269 1.1758403 1.5779425 1.4833855 1.5964157 1.6165953 0.9772176 0.9420106 0.1356859 0.1351119 0.0000000 0.2849267 0.6136604 0.6196092 3.7548612 1.5091977 1.7373313 1.7732801 1.9598033 2.0663759 2.6459400 3.3278563 1.7421167 1.7844322 2.3712883 1.9346421 1.0003871 1.4582269 2.0523530 1.9467673 1.7553348 2.0383160 2.1569150 1.9127143 1.8998142 1.5150741 1.5003714 2.7470109 1.9916306 1.9911990 1.9911990 2.7746449 1.5341584 1.5989516 1.1533469 1.7823009 1.5037074 1.4305126 1.4459409 1.4548778 1.5669043 1.5954910 1.4252994 1.4516151 1.3947401 1.3866323 1.4421222 1.4110273 1.4502641 1.5102704 2.0801813 1.7702350 2.5362423 1.6999944 1.5799995 1.7762352 2.0386349 1.9515392 1.8392814 2.3322667 2.4592810 2.5155166 2.5339786 3.1755669 3.0934423 2.8307631 2.9036000 2.4115125 3.0460874 3.6416347 2.6747946 1.3692946 2.8236824 3.1231810 
Aaur_scaffold33.g5.t2                                  0.8910578 0.6190441 0.8543059 0.9687390 0.9943675 0.9506726 1.2554316 0.9980088 0.8063364 0.8368272 0.7809013 0.8040682 0.8092068 0.7994210 0.8474640 0.7573378 0.8492268 0.8418413 0.8418413 0.9307054 1.0928800 1.1033512 1.0514206 1.0514206 1.0514206 0.8460777 0.9979330 1.1078954 1.0670072 0.8052325 0.7445673 0.2811690 0.2811690 0.2849267 0.0000000 0.5347667 0.5414524 3.4089546 1.0919110 1.1536858 1.2056650 1.2174064 1.0497605 0.8316611 0.0000010 1.2174064 1.0497605 0.8316611 1.2896196 1.0191813 1.4421717 0.9234200 0.9136312 1.2237279 0.9136312 0.9234200 1.2461523 1.2461523 1.2461523 1.2574798 0.8112492 1.0485839 1.0485839 1.0485839 0.0000010 0.9874594 1.2020523 0.6777159 1.1185601 1.0707918 1.0056806 1.0180864 1.0310357 1.1149889 1.1149889 1.0712522 1.2042025 1.1568817 1.1363253 1.1431536 1.1254066 1.1777337 1.4950295 1.2039801 1.2244965 0.9158844 1.2787355 1.2687262 1.1203755 1.4544291 1.2528895 1.7671134 1.7147517 1.7814487 1.7567369 1.8151690 2.3321866 2.1911220 2.1518540 2.3388571 2.1550335 2.8618745 2.8605581 2.0542122 0.8835470 2.1631500 2.4559427 
