90
Chem_TCONS_00001214                                             0.0000000 0.7713559 0.7554518 0.7502718 0.7548449 0.7771961 0.8196106 0.7829333 0.3365844 0.7072879 0.4384072 0.8823723 0.7007709 0.6947108 0.5868267 0.7852251 0.8275194 0.6952912 0.8456638 1.1263757 0.9207257 0.6171234 0.9462232 0.9678419 1.0881322 1.0881322 1.0935125 0.5717265 1.1130257 1.1233694 1.2425839 0.7865911 1.1347023 1.0262733 1.3940194 1.4627462 0.6979442 0.6979442 1.3201114 0.9018587 1.3052436 0.6033517 0.8279532 0.7311022 0.9657612 1.1768107 0.6007776 0.5502936 0.8331441 1.1446452 1.4079985 1.4128594 0.8763794 1.5418011 1.4183248 1.6336295 1.4852260 1.4852260 1.0368289 1.3834586 1.3880316 1.0769079 1.0443528 1.1278436 1.3043228 1.3437425 2.0251777 1.7859614 1.3896547 2.2446721 1.6119498 2.7862787 1.7258632 2.4272814 3.8543967 2.2489420 2.2317324 1.4441990 2.2541631 1.5562240 1.7982306 1.6533382 1.8481660 1.9601222 0.9365157 2.0944488 1.8038489 0.8248816 1.5190172 2.1584943 
Spis_XP_022785834_1                                             0.7713559 0.0000000 0.0219670 0.1183757 0.1095191 0.1240526 0.1699078 0.1631677 0.1921607 0.4145591 0.7914816 0.7245065 0.7852930 0.7767295 0.6735653 0.7905601 0.8020557 0.7215216 0.7910959 1.0750675 0.8950097 0.5949056 0.9360129 0.9338553 1.1356696 1.1356696 1.1384665 0.4956489 1.1834197 1.1372872 1.1705578 0.6384406 1.0736316 1.0720250 1.3183635 1.2236109 0.6485701 0.6485701 1.5797654 1.0203995 1.3615625 0.5858847 0.8125526 0.5611434 0.8762704 1.2585571 0.6307896 0.4797786 0.7800622 1.3411085 1.4503940 1.4616128 0.8196510 1.4701547 1.4429544 1.5862256 1.6100860 1.5447542 0.8184498 1.4417403 1.5972802 1.1219242 0.9983930 1.1033247 1.3119775 1.3644030 2.1769168 1.8245816 1.3301466 2.5398688 1.5048884 2.9911686 1.7031683 2.8912279 4.6481118 2.0619103 2.5740851 1.5257211 2.5416295 1.5480471 1.8955690 1.6498097 2.1066794 1.9805166 0.8425556 2.2536342 1.9321818 1.0602302 1.5035752 2.1553984 
Pocdam_XM_027180830.1                                           0.7554518 0.0219670 0.0000000 0.1034900 0.0954781 0.1113846 0.1685054 0.1590366 0.1867112 0.4106522 0.7957065 0.7158886 0.7782485 0.7739945 0.6720425 0.7889186 0.7950938 0.7204084 0.7863141 1.0733181 0.8768364 0.5832361 0.9204973 0.9182061 1.1224985 1.1224985 1.1252430 0.4867066 1.1719502 1.1239267 1.1566749 0.6248631 1.0793011 1.0757108 1.2969853 1.2236109 0.6499641 0.6499641 1.5661645 1.0158454 1.3747815 0.5690247 0.8086100 0.5424204 0.8862518 1.2464650 0.6122376 0.4739701 0.7925759 1.3191857 1.4409440 1.4520793 0.8072027 1.4433848 1.4259077 1.5568945 1.5754473 1.5109414 0.8147068 1.4304622 1.5839612 1.1125235 0.9529762 1.1018656 1.3024701 1.3522640 2.1500429 1.7952086 1.3319294 2.4962160 1.4164866 2.8759954 1.6841756 2.8799300 4.7314664 2.0599137 2.5537485 1.5208356 2.4876641 1.5237968 1.8663295 1.6125076 2.0571738 1.9592442 0.8690656 2.2284467 1.8976036 1.0463228 1.4673795 2.1539631 
Gasp_gasp1.m3.26282.m1                                          0.7502718 0.1183757 0.1034900 0.0000000 0.0431807 0.0991508 0.1486936 0.1424725 0.1796533 0.3944960 0.7896012 0.7157678 0.7826296 0.7773282 0.6866225 0.7966446 0.7809501 0.7235418 0.8162129 1.0882636 0.8759444 0.5477123 0.8886178 0.9120864 1.1610559 1.1610559 1.1638979 0.4926674 1.1839390 1.1653452 1.1980945 0.6732647 1.0811960 1.0605773 1.2323052 1.2222127 0.6371199 0.6371199 1.5576083 0.9805341 1.3452414 0.5391843 0.7864226 0.5736552 0.8560654 1.2227069 0.5668209 0.4908826 0.7598447 1.3363760 1.5058865 1.5172682 0.8492039 1.5068082 1.4637285 1.5187055 1.5396908 1.4838815 0.8368296 1.4102550 1.5940534 1.1340870 0.9342943 1.1263600 1.2873968 1.3584544 2.1528154 1.8684689 1.3290735 2.5079718 1.4877654 2.8944690 1.7352621 2.8340589 4.7393459 2.0558704 2.5097656 1.5173115 2.4464244 1.5607767 1.7822652 1.6186369 2.0836766 1.9562206 0.8325931 2.2636000 1.9395978 1.0641958 1.4323642 2.1643595 
Fspp_ffun1.m4.16512.m1                                          0.7548449 0.1095191 0.0954781 0.0431807 0.0000000 0.0938893 0.1357058 0.1332945 0.1744426 0.3817914 0.7974584 0.6984862 0.7753168 0.7591859 0.6813507 0.7915636 0.7702381 0.7343113 0.8330222 1.0877613 0.8862034 0.5492215 0.8908833 0.9231758 1.1744789 1.1744789 1.1773670 0.5083876 1.1804912 1.1722168 1.2032332 0.6919785 1.1001798 1.0931548 1.2547148 1.1917088 0.6273695 0.6273695 1.6314295 1.0265937 1.4005831 0.5533053 0.7734102 0.5787011 0.8901205 1.2114492 0.5650617 0.4914975 0.7697508 1.3315266 1.4864141 1.4976709 0.8337267 1.4770016 1.4444734 1.5155204 1.5389678 1.4773926 0.8188775 1.4478386 1.6196722 1.1613121 0.9466977 1.1457452 1.3088104 1.3381945 2.2091414 1.8528499 1.3291152 2.4958574 1.4875231 2.9263226 1.7211241 2.8673944 4.8201761 2.0858942 2.5472943 1.5257983 2.4603240 1.5709265 1.8120334 1.6000023 2.0531816 2.0175500 0.8212451 2.2527773 1.8791361 1.0647603 1.4504225 2.1696855 
Gfas_gfas1.m1.20606.m1                                          0.7771961 0.1240526 0.1113846 0.0991508 0.0938893 0.0000000 0.1405146 0.1303726 0.1794115 0.4343306 0.8308223 0.6721475 0.7842772 0.7645415 0.6958357 0.8224318 0.7631326 0.7291244 0.8236377 1.0603057 0.8732056 0.5856228 0.9021981 0.9313913 1.1027640 1.1027640 1.1054942 0.4894911 1.1429432 1.0982532 1.1434961 0.6577521 1.0834935 1.0733760 1.2835765 1.1568369 0.6188636 0.6188636 1.6206179 1.0204235 1.4316982 0.5137572 0.7791130 0.5686824 0.8548228 1.2429290 0.5646290 0.5126849 0.7819458 1.3376952 1.4935355 1.5051433 0.8290038 1.4434961 1.4453046 1.5372445 1.5510533 1.5059517 0.8020257 1.3993977 1.6135106 1.1719178 0.9470681 1.1334782 1.3093165 1.3148252 2.2094571 1.7899370 1.3901091 2.5302528 1.5345380 2.8098974 1.6150420 2.8359300 4.7042197 1.9025252 2.5219362 1.4543075 2.4161740 1.5061771 1.9187783 1.7205539 2.0666558 1.9289981 0.8178574 2.2661866 1.8638745 1.1034658 1.4626835 2.1819940 
Amil_Amillepora21937-RA                                         0.8196106 0.1699078 0.1685054 0.1486936 0.1357058 0.1405146 0.0000000 0.0104371 0.2134646 0.4380196 0.8388980 0.7551875 0.8166090 0.7933815 0.7154253 0.8367797 0.8099338 0.8007706 0.8993574 1.1515212 0.9086364 0.6063454 0.8996006 0.9298985 1.2020375 1.2020375 1.2013082 0.5286501 1.2455817 1.2143222 1.2705028 0.7061473 1.1932575 1.1881916 1.3424647 1.2421940 0.6543209 0.6543209 1.6263143 1.1122615 1.5144834 0.5772602 0.7657022 0.6197297 0.9466617 1.2875780 0.6401584 0.4867064 0.7857027 1.3317194 1.5841878 1.5966944 0.8923379 1.5453073 1.5674499 1.8073672 1.6913361 1.6135486 0.8759119 1.4704394 1.7181824 1.1763144 1.0269494 1.0830927 1.3206839 1.3108289 2.2914050 1.8718896 1.4129920 2.5854749 1.5236351 2.9692536 1.7910241 2.9869483 5.3717927 2.1809099 2.6616263 1.5770785 2.6679028 1.6391050 1.9206872 1.6514793 2.0779970 2.1346798 0.8227223 2.3446087 1.9020468 1.2428555 1.6069243 2.3955967 
Adig_XM_015899448.1                                             0.7829333 0.1631677 0.1590366 0.1424725 0.1332945 0.1303726 0.0104371 0.0000000 0.1950505 0.4203402 0.7890011 0.7261457 0.7993268 0.7692588 0.6964182 0.8102731 0.7774035 0.7667258 0.8606891 1.1020699 0.9158108 0.6063454 0.9476030 0.9667273 1.1471923 1.1471923 1.1464224 0.5298520 1.2037801 1.1511579 1.2022113 0.6926473 1.0907924 1.0773161 1.3125227 1.2925690 0.6543209 0.6543209 1.5633810 1.0584252 1.4184661 0.5772602 0.7748844 0.6077338 0.9043324 1.2542571 0.6012565 0.4867064 0.7469824 1.2662657 1.4894956 1.5008916 0.8608731 1.4552710 1.4320522 1.5752779 1.5462128 1.4770872 0.8423392 1.4181810 1.6762620 1.1914024 1.0043566 1.1505269 1.3346132 1.3551355 2.2804770 1.8572664 1.4186333 2.5711502 1.5334960 2.9197646 1.7689781 3.0238384 5.2180279 2.1809099 2.5787431 1.5581049 2.5949525 1.5757073 1.9293809 1.6763626 2.0482694 2.0553022 0.8227223 2.2681522 1.9411773 1.1407644 1.5266278 2.2298029 
Nvec_v1g243879                                                  0.3365844 0.1921607 0.1867112 0.1796533 0.1744426 0.1794115 0.2134646 0.1950505 0.0000000 0.1621119 0.2902506 0.3007863 0.3304784 0.3663216 0.3768255 0.3768255 0.3539325 0.4066539 0.3675116 0.3842939 0.7064701 0.5210615 0.7575939 0.7564047 0.5539952 0.5539952 0.5484654 0.5163666 0.5332050 0.5458499 0.6284307 0.6955334 0.5337693 0.5337693 0.8210104 0.9301933 0.7054380 0.7054380 0.6901503 0.7860370 0.7849808 0.5739175 0.7709116 0.5539754 0.3685294 0.5823821 0.5689492 0.5230459 0.5684184 0.7389643 0.8255982 0.8255982 0.7720023 0.8735005 0.7508840 1.4720869 1.0104716 1.0104716 0.3268186 0.7317751 1.0138220 0.9228974 0.9066932 0.8479844 1.0416262 1.0478493 0.9059757 0.9860377 1.1265031 1.3461175 1.6278542 1.7986087 0.8458434 1.4910662 2.0005587 2.0381525 1.2316602 1.1901004 1.2704759 1.4046139 1.1554869 1.1554869 1.0961825 1.0270843 0.8749352 1.3803760 1.0465189 0.3720236 0.9069523 1.1781195 
Exapal_XM_021038153.2                                           0.7072879 0.4145591 0.4106522 0.3944960 0.3817914 0.4343306 0.4380196 0.4203402 0.1621119 0.0000000 0.7336408 0.8077315 0.8049984 0.7738540 0.7263165 0.8734442 0.7635915 0.6672924 0.8727639 1.0959369 0.9308235 0.5168630 0.9016924 0.9415252 1.2328467 1.2328467 1.2325190 0.5102106 1.2879045 1.2688358 1.3214690 0.6919165 1.0817403 1.0769936 1.4213392 1.4422266 0.7094757 0.7094757 1.6996541 0.9893128 1.5547097 0.6216602 0.7930526 0.5968495 0.8009356 1.2091160 0.6316383 0.5226867 0.7454352 1.3181045 1.3716446 1.3825673 0.8359393 1.4771884 1.4803961 1.5787534 1.5288494 1.4553176 0.9048488 1.3384831 1.6263376 1.0984206 1.1698081 1.2594515 1.2719225 1.3634325 2.2444234 2.0429665 1.3375439 2.6231998 1.5435781 3.1305392 1.7839181 2.9769512 5.3379633 2.2538613 2.4906770 1.4949158 2.6579284 1.4447954 1.7722555 1.6323424 1.9731245 1.8436098 0.8613059 2.3541707 1.8910249 1.0390910 1.6111953 2.2476082 
Hvul_g420_1                                                     0.4384072 0.7914816 0.7957065 0.7896012 0.7974584 0.8308223 0.8388980 0.7890011 0.2902506 0.7336408 0.0000000 0.8330281 0.7937879 0.7992882 0.6616129 0.9012543 0.8979944 0.8024415 0.9351726 1.1786176 0.8614203 0.5817056 0.8793438 0.9089780 1.0569461 1.0569461 1.0621993 0.5123208 1.1131055 1.0650181 1.1717105 0.6999398 1.2335716 1.1235269 1.3229792 1.4910081 0.7592424 0.7592424 1.5778708 0.9578111 1.4934433 0.5905808 0.8394540 0.6497964 1.0203629 1.4027338 0.6115154 0.5808321 0.8753298 1.2565027 1.4118846 1.4167776 0.8701523 1.4399753 1.4177228 1.6291665 1.5057247 1.5057247 0.9496585 1.2902266 1.5111466 1.0286592 1.0955603 1.1938840 1.2997029 1.3895224 2.2168787 1.9484239 1.4529455 2.4568635 1.5616689 3.1612047 1.6878241 2.6404733 4.3981469 2.2806665 2.3299667 1.4677963 2.5530683 1.5554664 1.8934777 1.6579588 2.0090412 1.7413447 0.8882603 1.9853327 1.9125585 0.9297918 1.6325146 2.1473660 
Dgig_XM_028550572.1                                             0.8823723 0.7245065 0.7158886 0.7157678 0.6984862 0.6721475 0.7551875 0.7261457 0.3007863 0.8077315 0.8330281 0.0000000 1.0060047 1.0027251 0.9533286 1.1548899 0.9262408 0.7261147 1.0184718 1.2615130 0.9722744 0.6373601 1.0257686 1.0366818 1.3984619 1.3984619 1.4007525 0.5892230 1.3340913 1.4303690 1.4717737 0.7585914 1.1766781 1.1474624 1.2507137 1.1962074 0.5740671 0.5740671 1.5545099 1.0218381 1.3355716 0.5730858 0.8057293 0.6258474 1.0560984 1.4018507 0.6059003 0.5311924 0.8954712 1.4079235 1.6093622 1.6142670 0.8618225 1.6980992 1.6569206 1.5451759 1.5771626 1.5094886 0.3742008 1.4196860 1.6354447 1.3045707 1.0534681 1.1180176 1.2979292 1.4104945 2.1768734 2.0541982 1.3642851 2.6019036 1.7182950 2.9946925 1.7307886 2.8136229 4.7167576 2.0998048 2.7298414 1.6021497 2.6468298 1.6126419 1.9030870 1.7431298 2.1052819 2.2386792 0.8877031 2.4328819 1.7920005 1.2775851 1.5079691 2.5282827 
Nemnom_g10056.t1                                                0.7007709 0.7852930 0.7782485 0.7826296 0.7753168 0.7842772 0.8166090 0.7993268 0.3304784 0.8049984 0.7937879 1.0060047 0.0000000 0.1181816 0.3147458 0.3447015 0.9031898 0.7926333 1.0021090 1.1445545 0.9011003 0.5450733 0.9550258 0.9863557 1.2953909 1.2953909 1.3092149 0.5994602 1.3213344 1.3283627 1.3891803 0.8421021 1.2428277 1.1974160 1.3213863 1.4116836 0.7141850 0.7141850 1.6604154 1.0092160 1.4560683 0.5869222 0.7535529 0.6955487 1.0496428 1.4071055 0.6238340 0.5627143 0.7943362 1.2745708 1.5394603 1.5508956 0.9022646 1.6662785 1.4885403 1.7738364 1.7662844 1.6733416 1.1071400 1.4471233 1.6744256 1.1567212 1.2207263 1.3147165 1.3356098 1.4845565 2.2335903 2.0869079 1.4887332 2.6009733 1.6813367 3.2029044 1.8792769 2.6396262 4.2495537 2.3973763 2.4061793 1.5632943 2.5317981 1.6348033 1.9684672 1.7974818 2.0589578 2.2063505 0.9487120 2.2465435 2.1024933 0.7190346 1.4837404 2.4815431 
Rhoesc_Res_011910-T1                                            0.6947108 0.7767295 0.7739945 0.7773282 0.7591859 0.7645415 0.7933815 0.7692588 0.3663216 0.7738540 0.7992882 1.0027251 0.1181816 0.0000000 0.3412977 0.3526989 0.8794391 0.8147983 0.9435269 1.1565654 0.9303844 0.5673539 0.9367277 0.9724254 1.2575511 1.2575511 1.2710296 0.6105471 1.3241540 1.2914176 1.3628085 0.8152717 1.1665848 1.1304450 1.3652223 1.5310258 0.7567031 0.7567031 1.6835638 1.0390460 1.4733090 0.6245469 0.7432780 0.7670205 1.0310248 1.4088266 0.6283291 0.5683822 0.8039193 1.2832794 1.5539742 1.5654431 0.9254273 1.6361459 1.4208808 1.7049162 1.7300508 1.6358454 1.0577093 1.4469553 1.6227573 1.1275344 1.1557989 1.2780102 1.3693764 1.4190223 2.2598245 1.9867825 1.4281651 2.5557148 1.6377073 3.0797684 1.7667708 2.6165330 4.2870095 2.2423018 2.3462269 1.5734318 2.5023142 1.5992768 1.8740687 1.7106441 2.0720198 2.1465504 0.9619508 2.1806757 2.0250357 0.7436843 1.5231339 2.3883207 
Sanmal_Sma_007758-T1                                            0.5868267 0.6735653 0.6720425 0.6866225 0.6813507 0.6958357 0.7154253 0.6964182 0.3768255 0.7263165 0.6616129 0.9533286 0.3147458 0.3412977 0.0000000 0.0101989 0.7381635 0.6872015 0.7844851 0.9166111 0.9698643 0.5585561 1.0305852 1.0425919 1.1458467 1.1458467 1.1599861 0.5852392 1.1531439 1.1729253 1.2826428 0.8274594 1.0520915 1.0392510 1.4273613 1.3287362 0.7489841 0.7489841 1.4329844 1.1009614 1.3042396 0.6702269 0.8883658 0.7192757 0.8405114 1.2832172 0.6489139 0.6027384 0.7044869 1.1815750 1.4426854 1.4426854 0.8989919 1.5545183 1.3620544 1.9014146 1.6378277 1.5407509 1.0313579 1.2637154 1.6909733 1.1777038 1.2241405 1.3145934 1.3433540 1.4314446 1.9410915 1.8018471 1.3991999 2.0921809 1.6461227 2.7826738 1.5982575 2.2600599 3.5795947 2.2778587 2.3462237 1.7626381 2.0789549 1.6729445 1.8042276 1.8973984 1.9138090 1.8720380 0.9458781 1.8971910 1.9776489 0.6226697 1.5632302 1.9159783 
Sanmal_Sma_007756-T1                                            0.7852251 0.7905601 0.7889186 0.7966446 0.7915636 0.8224318 0.8367797 0.8102731 0.3768255 0.8734442 0.9012543 1.1548899 0.3447015 0.3526989 0.0101989 0.0000000 0.9812041 0.8290131 1.0475167 1.1877262 0.9698643 0.5585561 1.0305852 1.0425919 1.3564030 1.3564030 1.3696591 0.5879253 1.4132208 1.4287760 1.5371946 0.8298009 1.2790036 1.2185055 1.4688860 1.4442098 0.7489841 0.7489841 1.7260272 1.1009614 1.5390179 0.6702269 0.8753050 0.7192757 1.1422463 1.5410153 0.6489139 0.6027384 0.8281736 1.3734635 1.7069853 1.7118940 0.9665433 1.8092748 1.6003057 2.0043667 1.8442030 1.7577091 1.2125804 1.6112779 1.7979863 1.1777038 1.2241405 1.3145934 1.3433540 1.4413670 2.5002335 2.2684853 1.4803869 2.5416250 1.6461227 3.3500578 1.9146085 2.7938400 4.6687604 2.2778587 2.6770372 1.7807433 2.7143999 1.6729445 1.9902709 1.8814211 2.3568304 2.3175489 0.9458781 2.2661383 2.1160279 0.7387044 1.7452056 2.4806308 
Acagra_model.g7197.t1                                           0.8275194 0.8020557 0.7950938 0.7809501 0.7702381 0.7631326 0.8099338 0.7774035 0.3539325 0.7635915 0.8979944 0.9262408 0.9031898 0.8794391 0.7381635 0.9812041 0.0000000 0.4587691 0.4212162 0.8535774 0.9674905 0.6635354 0.9262386 0.9323916 1.2654392 1.2654392 1.2709542 0.5512406 1.2336287 1.1991739 1.2941856 0.8340478 0.8839732 0.9350751 1.3535117 1.4638515 0.6612136 0.6612136 1.6737346 1.0838206 1.4952012 0.6103998 0.8332325 0.6074629 0.6692646 1.3861440 0.7069788 0.5845604 0.7769034 1.2849964 1.4270238 1.4381610 0.8650364 1.3828888 1.3653440 1.5569913 1.5976895 1.5167919 1.0059016 1.2227592 1.7523294 1.1762859 1.2362475 1.3096219 1.2946488 1.3666535 2.0992206 1.8878599 1.5089541 2.4588897 1.4360061 2.9070926 1.3998477 2.6542092 4.0775301 2.0905663 2.4032840 1.5229022 2.5301182 1.3895193 1.9317973 1.6411738 2.0481723 1.9101800 0.9147401 2.1188851 1.8951163 1.0803800 1.6147437 2.1035307 
Ctel_gnl_WGS_AMQN_CAPTEDRAFT_mRNA1572                           0.6952912 0.7215216 0.7204084 0.7235418 0.7343113 0.7291244 0.8007706 0.7667258 0.4066539 0.6672924 0.8024415 0.7261147 0.7926333 0.8147983 0.6872015 0.8290131 0.4587691 0.0000000 0.4906741 0.6025005 0.9019150 0.6730788 1.0250920 1.0459452 0.8557528 0.8557528 0.8606652 0.5606955 0.8529725 0.8241162 0.8715792 0.7990471 0.7487935 0.7114580 1.2680862 1.3483094 0.6443767 0.6443767 1.2141388 0.9510932 1.2397898 0.6037797 0.8571392 0.5786599 0.6519917 1.2209131 0.7347674 0.6013634 0.8518222 1.0859428 1.2475354 1.2475354 0.8920184 1.1794284 1.2511198 1.7519704 1.4067782 1.4067782 0.7643137 1.1926487 1.6674729 1.2787239 1.3341185 1.2729296 1.2964924 1.4000785 1.5742581 1.7761047 1.4551446 2.0220039 1.6512321 2.7058640 1.3213440 2.3534829 3.5478732 1.8684488 2.3549654 1.7012817 2.3940456 1.5790902 1.6655506 1.5364790 1.6997449 1.6784687 0.9704455 2.0539959 1.8448791 0.9345571 1.3823351 2.0162856 
Cgig_XM_034458754.1                                             0.8456638 0.7910959 0.7863141 0.8162129 0.8330222 0.8236377 0.8993574 0.8606891 0.3675116 0.8727639 0.9351726 1.0184718 1.0021090 0.9435269 0.7844851 1.0475167 0.4212162 0.4906741 0.0000000 0.8150149 0.8930459 0.6499517 0.9029459 0.9360757 1.2129407 1.2129407 1.2184814 0.5422153 1.2804100 1.1573668 1.1836454 0.7776330 0.9067646 0.9211008 1.3718545 1.4490782 0.6866903 0.6866903 1.7068295 1.0421984 1.4499419 0.5703514 0.8528171 0.5933285 0.7875954 1.5332637 0.7554861 0.6412629 0.8183112 1.3522838 1.5104027 1.5166744 0.8453592 1.5498599 1.4716463 1.5795373 1.5430162 1.5301814 1.0117820 1.2400831 1.5649367 1.1053702 1.1313199 1.2342505 1.3207543 1.4665071 2.3365535 1.9874787 1.5222932 2.7077722 1.4706462 3.1284945 1.5169398 2.4800169 3.9232301 2.1865615 2.3770264 1.6137379 2.7535774 1.5178220 1.9893525 1.7413570 1.9592008 2.0912290 0.9522797 2.2807683 1.8950432 1.3324387 1.4865146 2.4193240 
Skow_XM_006823202.1                                             1.1263757 1.0750675 1.0733181 1.0882636 1.0877613 1.0603057 1.1515212 1.1020699 0.3842939 1.0959369 1.1786176 1.2615130 1.1445545 1.1565654 0.9166111 1.1877262 0.8535774 0.6025005 0.8150149 0.0000000 0.9077632 0.4597551 0.9899673 0.9115984 1.3351863 1.3351863 1.3480600 0.5578966 1.3617386 1.3049551 1.4065819 0.8367521 0.9094379 0.9137636 1.4134726 1.3768303 0.6963889 0.6963889 1.7137366 1.0462536 1.6235311 0.6011695 0.9050522 0.5674049 0.8821350 1.5759182 0.6935131 0.6084591 0.6995409 1.3871948 1.4840075 1.4840075 0.8215901 1.5725827 1.5782116 1.5864891 1.6712650 1.5728246 1.3229608 1.3375020 1.6677953 1.3265521 0.9762202 1.2898496 1.3257080 1.3938614 2.5604423 2.2321629 1.4878605 2.7774485 1.5833840 3.5358448 1.5989830 2.8539655 4.0818653 1.9615988 2.6749791 1.5667064 2.9300681 1.4261109 1.9998662 1.6544076 2.0016437 2.0227172 0.8998618 2.3386776 2.0951045 1.4405630 1.7131919 2.2556003 
Lcom_lcpid108451                                                0.9207257 0.8950097 0.8768364 0.8759444 0.8862034 0.8732056 0.9086364 0.9158108 0.7064701 0.9308235 0.8614203 0.9722744 0.9011003 0.9303844 0.9698643 0.9698643 0.9674905 0.9019150 0.8930459 0.9077632 0.0000000 0.1901110 0.2949478 0.2919829 0.8403164 0.8403164 0.8348113 0.7378003 0.8152036 0.8346240 0.8832061 0.9019242 0.9195406 0.9195406 1.3686119 1.7468782 0.7964627 0.7964627 1.0473748 1.1554169 1.1553805 0.7144928 1.0143104 1.0066187 0.8793040 0.8937170 0.7275352 0.6753347 1.0838759 1.0400714 1.2060167 1.2060167 1.0417175 1.1139128 1.0852111 1.6567752 1.2893148 1.2893148 1.0653109 1.1500861 0.9051750 0.4957149 0.5825482 0.7645079 1.1981400 1.2521037 1.2816675 1.2576718 1.3892130 1.4487381 1.6980186 2.2540356 1.4049133 1.5886831 1.9016250 1.8143437 1.5414048 1.5366853 1.3688353 1.4035276 1.3685374 1.3685374 1.2729852 1.4073729 0.9917349 1.5000387 1.3397515 1.0750858 1.0947454 1.7470806 
Lcom_lcpid199110                                                0.6171234 0.5949056 0.5832361 0.5477123 0.5492215 0.5856228 0.6063454 0.6063454 0.5210615 0.5168630 0.5817056 0.6373601 0.5450733 0.5673539 0.5585561 0.5585561 0.6635354 0.6730788 0.6499517 0.4597551 0.1901110 0.0000000 0.2175281 0.2318805 0.5218454 0.5218454 0.5096183 0.5226198 0.5226198 0.5484162 0.6815792 0.7016876 0.5614545 0.5614545 1.1157853 1.1812520 0.7002857 0.7002857 0.6802147 0.7471911 0.7201330 0.5914496 0.5480859 0.7164144 0.5363952 0.5844560 0.5501073 0.6861768 0.6559915 0.6052595 0.6217449 0.6217449 0.6217449 0.6171364 0.6450926 0.8261778 0.6172217 0.6172217 0.6052966 0.8177929 0.5938837 0.3537659 0.2315320 0.0000010 0.8659723 0.8538450 0.9512101 1.0422377 1.3488298 1.0558325 1.3680004 1.4583385 1.0178305 1.1151372 0.2173477 0.2173477 1.0250179 1.0338001 1.0060499 1.1050752 0.8309452 0.8309452 1.0805154 0.9054534 0.7717552 0.8748334 1.0996697 0.6239506 0.6570574 0.6287640 
Lcom_lcpid109966                                                0.9462232 0.9360129 0.9204973 0.8886178 0.8908833 0.9021981 0.8996006 0.9476030 0.7575939 0.9016924 0.8793438 1.0257686 0.9550258 0.9367277 1.0305852 1.0305852 0.9262386 1.0250920 0.9029459 0.9899673 0.2949478 0.2175281 0.0000000 0.1661234 1.0023449 1.0023449 0.9962450 0.8363505 0.9907549 0.9888892 1.0340493 0.9772718 0.9852886 0.9852886 1.3484330 1.7720451 0.8588107 0.8588107 1.0805462 1.0946628 1.1434031 0.7191861 1.0504110 1.0551851 0.8742805 0.9610665 0.8218264 0.7524865 1.0635785 1.0948353 1.2022893 1.2022893 1.0686974 1.0591075 1.0798884 1.6162074 1.2474212 1.2474212 1.1170757 1.1637336 0.8613849 0.4882413 0.5413127 0.7700384 1.2279216 1.3299361 1.3776215 1.2856995 1.4485701 1.5055163 1.6160092 2.0850121 1.4223419 1.5954414 1.8920855 1.7514553 1.5371909 1.5438637 1.3996705 1.3791113 1.3552423 1.3552423 1.2422937 1.4339488 1.0011123 1.6189940 1.3372940 1.1464284 1.1097382 1.8235984 
Lcom_lcpid111183                                                0.9678419 0.9338553 0.9182061 0.9120864 0.9231758 0.9313913 0.9298985 0.9667273 0.7564047 0.9415252 0.9089780 1.0366818 0.9863557 0.9724254 1.0425919 1.0425919 0.9323916 1.0459452 0.9360757 0.9115984 0.2919829 0.2318805 0.1661234 0.0000000 1.0376449 1.0376449 1.0313753 0.8699244 0.9977742 1.0356457 1.0871595 1.0155058 0.9487106 0.9487106 1.4616018 1.8821941 0.7955845 0.7955845 1.1341133 1.1919509 1.2275345 0.7465178 1.0186102 1.0658595 0.9490891 0.9477409 0.7756588 0.7151333 1.0384130 1.0394260 1.1564801 1.1564801 1.0314084 1.0683612 1.0626393 1.6677011 1.2036147 1.2036147 1.1521059 1.1825736 0.9911607 0.5576369 0.5962908 0.7636592 1.2628402 1.3384975 1.2615125 1.3248510 1.3956624 1.5126136 1.7513070 2.0646512 1.4295932 1.5906661 1.9780897 1.7231145 1.5231363 1.5594817 1.3692747 1.3880599 1.3031876 1.3031876 1.2870155 1.4359286 0.9324735 1.5905292 1.3277291 1.2584787 1.1685180 1.7641861 
Hhon_g07455.t1                                                  1.0881322 1.1356696 1.1224985 1.1610559 1.1744789 1.1027640 1.2020375 1.1471923 0.5539952 1.2328467 1.0569461 1.3984619 1.2953909 1.2575511 1.1458467 1.3564030 1.2654392 0.8557528 1.2129407 1.3351863 0.8403164 0.5218454 1.0023449 1.0376449 0.0000000 0.0000010 0.0039652 0.1449380 0.2305301 0.1268541 0.1540013 0.1105337 1.3900464 1.4375679 1.3928099 1.5067506 0.7888924 0.7888924 1.6001360 1.0861053 1.4875217 0.6465054 1.0922916 0.7616206 1.3026055 1.6765981 0.8540798 0.6959294 0.9839592 1.4230610 1.5697106 1.5761800 0.9274964 1.6694243 1.7538535 1.7408456 1.7706551 1.6822257 1.4249281 1.5599809 1.5462124 1.2022413 1.0471196 1.4599798 1.5120594 1.4335849 2.3058567 2.1987340 1.6680405 2.6349707 1.6413158 3.2282555 1.7121762 2.7240181 4.4208209 1.7564767 2.5235141 1.6147800 2.6602545 1.7095355 1.9373421 1.6863930 2.1829317 2.1737141 1.0228322 2.3958773 2.0606595 1.6212986 1.8300716 2.6741038 
Hhon_g09741.t1                                                  1.0881322 1.1356696 1.1224985 1.1610559 1.1744789 1.1027640 1.2020375 1.1471923 0.5539952 1.2328467 1.0569461 1.3984619 1.2953909 1.2575511 1.1458467 1.3564030 1.2654392 0.8557528 1.2129407 1.3351863 0.8403164 0.5218454 1.0023449 1.0376449 0.0000010 0.0000000 0.0039652 0.1449380 0.2305301 0.1268541 0.1540013 0.1105337 1.3900464 1.4375679 1.3928099 1.5067506 0.7888924 0.7888924 1.6001360 1.0861053 1.4875217 0.6465054 1.0922916 0.7616206 1.3026055 1.6765981 0.8540798 0.6959294 0.9839592 1.4230610 1.5697106 1.5761800 0.9274964 1.6694243 1.7538535 1.7408456 1.7706551 1.6822257 1.4249281 1.5599809 1.5462124 1.2022413 1.0471196 1.4599798 1.5120594 1.4335849 2.3058567 2.1987340 1.6680405 2.6349707 1.6413158 3.2282555 1.7121762 2.7240181 4.4208209 1.7564767 2.5235141 1.6147800 2.6602545 1.7095355 1.9373421 1.6863930 2.1829317 2.1737141 1.0228322 2.3958773 2.0606595 1.6212986 1.8300716 2.6741038 
HoiH04_mRNA5885                                                 1.0935125 1.1384665 1.1252430 1.1638979 1.1773670 1.1054942 1.2013082 1.1464224 0.5484654 1.2325190 1.0621993 1.4007525 1.3092149 1.2710296 1.1599861 1.3696591 1.2709542 0.8606652 1.2184814 1.3480600 0.8348113 0.5096183 0.9962450 1.0313753 0.0039652 0.0039652 0.0000000 0.1492849 0.2335999 0.1290631 0.1561886 0.1158565 1.3922913 1.4401338 1.4104595 1.5067506 0.7888924 0.7888924 1.6111614 1.0932476 1.4902665 0.6541533 1.1006517 0.7677658 1.2976092 1.6835189 0.8630190 0.6877290 0.9785071 1.4173006 1.5633452 1.5698047 0.9211879 1.6631810 1.7612026 1.7408456 1.7713792 1.6748245 1.4249281 1.5674679 1.5462124 1.2022413 1.0471196 1.4599798 1.5211296 1.4377177 2.3301408 2.2241758 1.6771744 2.6389546 1.6583555 3.2475468 1.7318087 2.7470932 4.4798954 1.7564767 2.5533561 1.6243554 2.6787020 1.7120166 1.9469383 1.6957952 2.1810389 2.1749449 1.0134898 2.4186838 2.0703547 1.6221656 1.8534761 2.7007186 
Tadh_TriadT50520                                                0.5717265 0.4956489 0.4867066 0.4926674 0.5083876 0.4894911 0.5286501 0.5298520 0.5163666 0.5102106 0.5123208 0.5892230 0.5994602 0.6105471 0.5852392 0.5879253 0.5512406 0.5606955 0.5422153 0.5578966 0.7378003 0.5226198 0.8363505 0.8699244 0.1449380 0.1449380 0.1492849 0.0000000 0.0079307 0.1235000 0.1642012 0.1787318 0.6335973 0.6370615 0.8799788 1.0628972 0.8812645 0.8812645 0.8569192 0.9044940 0.8698816 0.6471736 1.0746245 0.6764534 0.4987610 0.7974326 0.7847767 0.6786670 0.6305300 0.8010005 0.8686227 0.8686227 0.8015196 0.8645520 0.8763290 1.4169964 0.9960626 0.9960626 0.6083172 0.9115669 1.0286303 1.0479259 0.9722219 1.2728444 1.1759364 0.9921931 0.9852047 1.0737282 1.2992918 1.2436010 1.5882350 1.7427835 0.8773499 1.3954559 1.8286469 1.7617183 1.2988019 1.2775251 1.2510662 1.3724151 1.2312786 1.2128776 1.1898575 1.1057516 0.9186821 1.2799304 1.0823641 0.7652531 0.9867129 1.1738870 
TrH2_TrispH2_004475-RA                                          1.1130257 1.1834197 1.1719502 1.1839390 1.1804912 1.1429432 1.2455817 1.2037801 0.5332050 1.2879045 1.1131055 1.3340913 1.3213344 1.3241540 1.1531439 1.4132208 1.2336287 0.8529725 1.2804100 1.3617386 0.8152036 0.5226198 0.9907549 0.9977742 0.2305301 0.2305301 0.2335999 0.0079307 0.0000000 0.2428179 0.2765662 0.1903953 1.5070233 1.5569157 1.5970581 1.6064628 0.8886868 0.8886868 1.8130786 1.0816025 1.6083270 0.6471736 0.9097302 0.7263802 1.3456094 1.7400517 0.8000934 0.6786670 0.9728949 1.4630878 1.4991558 1.5098308 0.8264323 1.7431588 1.8399227 1.7044324 1.7597901 1.6428773 1.4829230 1.6315392 1.7177110 1.1985727 1.0375744 1.5249762 1.3898229 1.3087604 2.5050636 2.1936009 1.5864384 2.6942704 1.5650521 3.2207138 1.8776219 2.7066938 4.6948392 1.8397205 2.8705578 1.7212413 2.9094149 1.6032847 1.9057704 1.6851735 2.3348228 2.0981091 0.9186821 2.4792429 1.8753034 1.7529679 1.8093726 2.5245962 
HoiH23_PlH23_010184-RA                                          1.1233694 1.1372872 1.1239267 1.1653452 1.1722168 1.0982532 1.2143222 1.1511579 0.5458499 1.2688358 1.0650181 1.4303690 1.3283627 1.2914176 1.1729253 1.4287760 1.1991739 0.8241162 1.1573668 1.3049551 0.8346240 0.5484162 0.9888892 1.0356457 0.1268541 0.1268541 0.1290631 0.1235000 0.2428179 0.0000000 0.0703131 0.0860816 1.3672867 1.3887715 1.4202728 1.4704760 0.8196918 0.8196918 1.6057788 1.0885019 1.4577530 0.6475624 1.0983929 0.7770168 1.3085726 1.7282777 0.8459081 0.7081119 0.9847703 1.4197812 1.5352483 1.5417370 0.9101938 1.6948130 1.6953764 1.7441725 1.7752667 1.6610881 1.4399978 1.5552124 1.5377127 1.1526234 1.0133736 1.3990133 1.5027951 1.4485318 2.3779431 2.1882755 1.6650115 2.6246172 1.6555634 3.1537250 1.7715884 2.6963317 4.2895532 1.7261793 2.5865088 1.6093231 2.6909655 1.7211997 1.8858031 1.6658022 2.1478507 2.2255912 0.9889067 2.3332249 1.7470357 1.5304576 1.7872049 2.5342745 
HoiH06_mRNA8845                                                 1.2425839 1.1705578 1.1566749 1.1980945 1.2032332 1.1434961 1.2705028 1.2022113 0.6284307 1.3214690 1.1717105 1.4717737 1.3891803 1.3628085 1.2826428 1.5371946 1.2941856 0.8715792 1.1836454 1.4065819 0.8832061 0.6815792 1.0340493 1.0871595 0.1540013 0.1540013 0.1561886 0.1642012 0.2765662 0.0703131 0.0000000 0.1458631 1.4221316 1.4501155 1.4269813 1.5038633 0.7803605 0.7803605 1.6109096 1.0696315 1.5015378 0.7104041 1.1813199 0.8585577 1.3982541 1.7663272 0.9178837 0.8120309 1.0197399 1.4711565 1.5698873 1.5765065 0.9511787 1.7253337 1.7584727 1.6313583 1.7997826 1.6928975 1.3749121 1.6200996 1.4731036 1.1230886 0.9697690 1.3394795 1.5429755 1.5210487 2.3462780 2.2223539 1.6443981 2.5548655 1.6044218 3.2101330 1.7728239 2.5959868 4.1024957 1.6414013 2.6049038 1.6399003 2.7568559 1.6441623 1.9694495 1.7498256 2.0307634 2.3086879 1.1442139 2.3726335 1.8173538 1.4214919 1.8177312 2.4763508 
HoiH11_mRNA8459                                                 0.7865911 0.6384406 0.6248631 0.6732647 0.6919785 0.6577521 0.7061473 0.6926473 0.6955334 0.6919165 0.6999398 0.7585914 0.8421021 0.8152717 0.8274594 0.8298009 0.8340478 0.7990471 0.7776330 0.8367521 0.9019242 0.7016876 0.9772718 1.0155058 0.1105337 0.1105337 0.1158565 0.1787318 0.1903953 0.0860816 0.1458631 0.0000000 0.8347416 0.8407247 0.9309596 1.0088330 0.7958590 0.7958590 1.1739347 1.2573505 1.1347143 0.8057281 1.3222566 0.9288628 0.6602193 1.0105061 0.9768717 0.7866816 0.8434279 0.9829623 1.0707121 1.0707121 0.9768369 1.0687299 1.0503384 1.4950195 1.0877021 1.0877021 0.8800205 1.2687432 0.9834161 1.0795643 0.9949673 1.1961115 1.3634971 1.2985082 1.2226773 1.3312300 1.3567918 1.5427585 1.8583341 2.0436474 1.0362042 1.6529542 1.9486509 1.7116825 1.5563973 1.4579137 1.5316655 1.8108887 1.4145143 1.3904802 1.5479420 1.3658786 1.0449538 1.3209317 1.2146317 0.8045586 1.1777201 1.4573861 
Spur_XM_030983437.1                                             1.1347023 1.0736316 1.0793011 1.0811960 1.1001798 1.0834935 1.1932575 1.0907924 0.5337693 1.0817403 1.2335716 1.1766781 1.2428277 1.1665848 1.0520915 1.2790036 0.8839732 0.7487935 0.9067646 0.9094379 0.9195406 0.5614545 0.9852886 0.9487106 1.3900464 1.3900464 1.3922913 0.6335973 1.5070233 1.3672867 1.4221316 0.8347416 0.0000000 0.0106051 1.5220302 1.5694924 0.7518853 0.7518853 1.8800887 1.1056788 1.5281832 0.7143043 0.9462372 0.7538033 0.9583824 1.5378187 0.7261221 0.6705849 0.7811561 1.4320769 1.4662255 1.4772769 0.8524326 1.6585091 1.5445534 1.7144303 1.5651290 1.5061795 1.3722782 1.4164181 1.5659861 1.2781853 1.1066805 1.1940292 1.4501871 1.4123909 2.6313344 2.2460639 1.4674494 2.7848311 1.4344120 3.1508169 1.7093903 2.9235673 4.3340435 2.1393789 2.7201361 1.5518621 2.6512917 1.4885793 2.1249116 1.8703465 2.1722376 2.0040508 0.9356577 2.2406822 2.2238649 1.4655370 1.7786435 2.3381773 
Spur_XM_030998496.1                                             1.0262733 1.0720250 1.0757108 1.0605773 1.0931548 1.0733760 1.1881916 1.0773161 0.5337693 1.0769936 1.1235269 1.1474624 1.1974160 1.1304450 1.0392510 1.2185055 0.9350751 0.7114580 0.9211008 0.9137636 0.9195406 0.5614545 0.9852886 0.9487106 1.4375679 1.4375679 1.4401338 0.6370615 1.5569157 1.3887715 1.4501155 0.8407247 0.0106051 0.0000000 1.4770239 1.5740812 0.7518853 0.7518853 1.7960194 1.1056788 1.4568915 0.7143043 0.9674052 0.7538033 0.9516825 1.5323801 0.7261221 0.6705849 0.6893562 1.3365094 1.3747450 1.3864210 0.8034618 1.5902141 1.4475787 1.6882872 1.4674985 1.4029485 1.3223664 1.3731691 1.5220678 1.2781853 1.1066805 1.1940292 1.4501871 1.4123909 2.5327533 2.2141051 1.3446946 2.6076016 1.4344120 2.9418790 1.6926661 2.8978287 4.5509733 2.1393789 2.5953008 1.5518621 2.4375881 1.4885793 2.0619359 1.8703465 2.0416575 1.9922872 0.9356577 2.2357886 2.2199191 1.4751934 1.8512992 2.4677932 
Emue_Em0023g39a.t1                                              1.3940194 1.3183635 1.2969853 1.2323052 1.2547148 1.2835765 1.3424647 1.3125227 0.8210104 1.4213392 1.3229792 1.2507137 1.3213863 1.3652223 1.4273613 1.4688860 1.3535117 1.2680862 1.3718545 1.4134726 1.3686119 1.1157853 1.3484330 1.4616018 1.3928099 1.3928099 1.4104595 0.8799788 1.5970581 1.4202728 1.4269813 0.9309596 1.5220302 1.4770239 0.0000000 0.2072791 0.1622378 0.1622378 1.1908112 1.0281197 1.1756063 0.4866790 1.0091345 1.0834407 1.5295541 1.4338996 0.9692548 0.9495800 1.1984986 1.4737212 1.6835742 1.6835742 1.2996981 1.4974530 1.5207674 1.4364158 1.4727660 1.4500559 1.4476144 1.6683869 1.4631779 1.3357215 0.9604242 1.1661743 1.5772116 1.7387103 2.3819400 1.9018942 1.7249591 2.2959382 1.9474583 2.9679490 1.9686517 2.6559112 3.4022947 1.4152410 2.5474927 1.8095208 2.3038571 1.7173421 2.3082576 2.0374481 1.7607990 2.2460746 1.3219693 2.1204939 2.3158896 1.3856952 1.1928983 2.2354970 
Emue_Em0179g1a.t1                                               1.4627462 1.2236109 1.2236109 1.2222127 1.1917088 1.1568369 1.2421940 1.2925690 0.9301933 1.4422266 1.4910081 1.1962074 1.4116836 1.5310258 1.3287362 1.4442098 1.4638515 1.3483094 1.4490782 1.3768303 1.7468782 1.1812520 1.7720451 1.8821941 1.5067506 1.5067506 1.5067506 1.0628972 1.6064628 1.4704760 1.5038633 1.0088330 1.5694924 1.5740812 0.2072791 0.0000000 0.2612435 0.2612435 1.3783909 1.3303053 1.4511475 0.4902434 1.1061412 1.1856025 1.4361558 1.5569898 1.1419306 1.0190503 1.5064358 1.7114945 2.1869240 2.1869240 1.5967211 1.8186127 1.8409197 1.6474887 1.6689509 1.6689509 1.4788657 2.0226081 2.0725243 1.8480850 1.2437112 1.4062542 1.9410322 2.6333768 2.5159269 2.3072061 1.7631841 2.7720193 3.4551455 3.2374350 1.9859436 2.8043881 2.7249928 1.2401340 3.2211511 2.8452905 2.3907727 2.5029590 2.7524016 2.5520272 2.1705541 2.1079001 1.1764310 2.1426204 2.6520042 1.4322404 1.1872288 2.3333513 
Spolac_c80329_g1_i1_m.2595c4932-g1                              0.6979442 0.6485701 0.6499641 0.6371199 0.6273695 0.6188636 0.6543209 0.6543209 0.7054380 0.7094757 0.7592424 0.5740671 0.7141850 0.7567031 0.7489841 0.7489841 0.6612136 0.6443767 0.6866903 0.6963889 0.7964627 0.7002857 0.8588107 0.7955845 0.7888924 0.7888924 0.7888924 0.8812645 0.8886868 0.8196918 0.7803605 0.7958590 0.7518853 0.7518853 0.1622378 0.2612435 0.0000000 0.0000010 0.4315858 0.4262624 0.4942101 0.3505644 0.6375056 0.9118463 0.6071096 0.7796249 0.8413549 0.8119664 0.6885510 0.7293411 0.9117371 0.9117371 0.8425509 0.8742115 0.9111646 0.9852928 0.6914157 0.6914157 0.6800157 1.0983494 0.8852676 0.7259549 0.8560320 0.7296193 1.1245583 1.1647040 0.9932846 1.2246138 1.2282461 1.4708908 1.6190193 1.5687477 1.0978153 1.4519265 1.3047104 1.3707182 1.7421380 1.5474109 1.2829059 1.2840927 1.2176605 1.2176605 0.9790886 1.0956839 1.0910841 1.0228120 1.2339456 0.7692165 0.4085346 1.0321277 
Spolac_c80329_g1_i2_m.2597c4932-g1                              0.6979442 0.6485701 0.6499641 0.6371199 0.6273695 0.6188636 0.6543209 0.6543209 0.7054380 0.7094757 0.7592424 0.5740671 0.7141850 0.7567031 0.7489841 0.7489841 0.6612136 0.6443767 0.6866903 0.6963889 0.7964627 0.7002857 0.8588107 0.7955845 0.7888924 0.7888924 0.7888924 0.8812645 0.8886868 0.8196918 0.7803605 0.7958590 0.7518853 0.7518853 0.1622378 0.2612435 0.0000010 0.0000000 0.4315858 0.4262624 0.4942101 0.3505644 0.6375056 0.9118463 0.6071096 0.7796249 0.8413549 0.8119664 0.6885510 0.7293411 0.9117371 0.9117371 0.8425509 0.8742115 0.9111646 0.9852928 0.6914157 0.6914157 0.6800157 1.0983494 0.8852676 0.7259549 0.8560320 0.7296193 1.1245583 1.1647040 0.9932846 1.2246138 1.2282461 1.4708908 1.6190193 1.5687477 1.0978153 1.4519265 1.3047104 1.3707182 1.7421380 1.5474109 1.2829059 1.2840927 1.2176605 1.2176605 0.9790886 1.0956839 1.0910841 1.0228120 1.2339456 0.7692165 0.4085346 1.0321277 
Aque_Aqu2.1.28446_001                                           1.3201114 1.5797654 1.5661645 1.5576083 1.6314295 1.6206179 1.6263143 1.5633810 0.6901503 1.6996541 1.5778708 1.5545099 1.6604154 1.6835638 1.4329844 1.7260272 1.6737346 1.2141388 1.7068295 1.7137366 1.0473748 0.6802147 1.0805462 1.1341133 1.6001360 1.6001360 1.6111614 0.8569192 1.8130786 1.6057788 1.6109096 1.1739347 1.8800887 1.7960194 1.1908112 1.3783909 0.4315858 0.4315858 0.0000000 0.1603421 0.4421787 0.3554895 0.7553551 1.0209795 1.7116962 1.5554180 0.7088652 0.7173431 1.2539098 1.6180726 1.9038697 1.9106443 1.2196887 1.8987131 1.9143525 1.9109239 2.0915328 1.9885189 1.6251805 1.7116218 1.7563347 1.2091398 1.0642528 1.3018173 1.5007769 1.8157534 2.6415306 2.4740027 1.7051253 2.5800234 1.4599424 3.4208125 2.3361973 3.2847334 5.4371289 2.1393080 2.7394764 1.6832547 2.8162177 1.4853171 2.3981260 1.9243929 2.2456759 2.5129139 1.1100654 2.6132008 2.3173271 2.2853174 1.1884950 2.9115353 
Halamb_c46611_g2_i1m.20913                                      0.9018587 1.0203995 1.0158454 0.9805341 1.0265937 1.0204235 1.1122615 1.0584252 0.7860370 0.9893128 0.9578111 1.0218381 1.0092160 1.0390460 1.1009614 1.1009614 1.0838206 0.9510932 1.0421984 1.0462536 1.1554169 0.7471911 1.0946628 1.1919509 1.0861053 1.0861053 1.0932476 0.9044940 1.0816025 1.0885019 1.0696315 1.2573505 1.1056788 1.1056788 1.0281197 1.3303053 0.4262624 0.4262624 0.1603421 0.0000000 0.2952248 0.3653889 0.7999687 1.0415458 1.0533192 0.9403979 0.7512203 0.7782526 0.9899344 1.1635041 1.3670271 1.3670271 1.1632366 1.3000129 1.1993912 1.6760365 1.4247162 1.4247162 0.9778421 1.2758027 1.4015806 1.2836415 1.2029256 1.3301763 1.4300455 1.7159363 1.5992703 1.6112877 1.5561220 1.7504543 1.4085138 2.3264215 1.4779438 1.9209376 2.6181426 2.0886031 1.7721510 1.6797689 1.6752907 1.5109791 1.8154709 1.8327482 1.2920858 1.4278556 1.1406926 1.6131135 1.7215034 1.2411306 0.7651032 1.6205173 
Xestes_augustus_masked-XT_scaffold271-processed-gene-0.4-mRNA-1 1.3052436 1.3615625 1.3747815 1.3452414 1.4005831 1.4316982 1.5144834 1.4184661 0.7849808 1.5547097 1.4934433 1.3355716 1.4560683 1.4733090 1.3042396 1.5390179 1.4952012 1.2397898 1.4499419 1.6235311 1.1553805 0.7201330 1.1434031 1.2275345 1.4875217 1.4875217 1.4902665 0.8698816 1.6083270 1.4577530 1.5015378 1.1347143 1.5281832 1.4568915 1.1756063 1.4511475 0.4942101 0.4942101 0.4421787 0.2952248 0.0000000 0.3896583 0.8147488 1.0399285 1.5282855 1.3669105 0.7578660 0.7744246 1.2429059 1.5359938 1.6668619 1.6668619 1.2091653 1.7295556 1.6442615 1.7497013 1.7680201 1.7476580 1.3636273 1.7019862 1.5286010 1.3520167 1.1844323 1.3843283 1.4893859 1.7314403 2.3655031 2.2915175 1.7719935 2.4646969 1.6175104 3.3219973 2.0233625 2.8858147 4.9211066 2.0945717 2.5886845 1.7144434 2.5548067 1.5070475 2.1208149 1.8240882 1.9839781 2.3252775 1.1294012 2.3094145 2.0058143 1.9436447 1.1739487 2.4390494 
