165
Aaur_scaffold372.g4.t1                                           0.0000000 0.0000010 0.3951369 0.3694016 0.3665028 0.0000010 0.6859111 0.0000010 0.6374510 0.0000010 0.9707818 0.6435866 0.9454210 1.0114258 1.0142885 0.9270297 0.0000010 0.9331010 0.9464239 2.1811314 0.9489204 0.8923106 0.9156471 0.0000010 1.0689329 1.2761317 1.1219739 1.0580129 0.9814525 0.9929073 1.2726383 0.9754856 1.1394579 1.1310702 1.0560307 1.0546276 0.0000010 0.0000010 0.0000010 0.0000010 1.3236941 1.1407696 1.1407696 1.1707552 1.3913131 1.2356391 1.2761731 1.2284715 1.2319815 0.0000010 0.0000010 1.5349831 1.5519500 1.5519500 1.4786776 0.0000010 0.0000010 0.0000010 0.0000010 0.0000010 0.0000010 0.0000010 1.3645500 0.0000010 0.0000010 1.3298903 0.0000010 1.3119601 0.0000010 1.3857487 1.3759998 1.3046499 1.3046499 0.0000010 0.0000010 0.0000010 0.0000010 1.3093664 0.0000010 1.9964625 1.8169260 1.8621474 2.1138562 1.6062530 1.7526730 0.0000010 1.5270481 1.8181045 1.7395044 1.6505292 2.0317476 0.0000010 1.6586153 0.0000010 1.7460411 1.7448225 0.0000010 1.7751968 1.2454901 0.0000010 0.0000010 1.5237805 1.4899548 1.5431182 1.5217188 2.0459052 1.5080854 1.5163193 0.0000010 0.0000010 1.9371545 0.0000010 1.1695415 1.5726362 0.0000010 0.0000010 1.4403815 1.4768354 1.6840872 0.0000010 2.2832154 1.1715709 1.1715709 1.1715709 1.1715709 0.0000010 0.0000010 0.0000010 0.0000010 0.0000010 1.3419752 0.0000010 1.6091147 2.5734716 1.7205122 1.7546121 1.6393893 0.0000010 1.3528724 1.3528724 1.3528724 4.4306868 2.1999333 2.2087416 0.0000010 0.0000010 4.3044102 2.5558664 2.6400414 3.4399333 2.7007434 3.5211989 3.1167213 3.2045848 2.3887846 0.0000010 0.0000010 0.0000010 4.1244989 4.4327466 0.0000010 0.0000010 0.0000010 1.5224977 0.0000010 
Aaur_scaffold372.g3.t1                                           0.0000010 0.0000000 0.1296024 0.1306119 0.1947233 0.0000010 0.3175698 0.9269441 0.4310864 0.0000010 0.5779191 0.5852070 0.5669441 0.5482939 0.5468022 0.6511697 0.0000010 0.5140912 0.6192418 0.0000010 0.6937976 0.5330964 0.5380659 0.0000010 0.5383390 0.5642884 0.5253022 0.5416880 0.5350242 0.5952698 0.6511970 0.4836602 0.5396805 0.5188549 0.5510803 0.5882708 0.0000010 0.0000010 0.2762660 1.7790867 0.8873128 0.7386060 0.7386060 0.7976189 0.7876282 0.7915443 0.7828261 0.8162306 0.7806100 0.8435969 0.0000010 0.6999910 0.8550560 0.8550560 0.8313620 0.0000010 0.8553213 0.7117041 0.0000010 0.0000010 0.0000010 1.0215320 0.8185558 0.3336081 0.0000010 0.7736047 0.0000010 0.6831201 0.0000010 0.7409056 0.7434552 0.7017200 0.7017200 0.0000010 1.9358944 2.4278402 0.8114281 0.9704011 0.0000010 1.1947977 1.1520927 1.1435880 1.0491943 0.0000010 0.9521684 0.0000010 0.9363851 1.3534762 1.2835861 1.2876207 3.2204092 2.4287321 1.2126897 8.0143430 0.0000010 1.3191593 0.0000010 1.1461654 0.7083778 1.4576915 0.0000010 0.6823045 0.6837088 0.6801537 0.6801537 0.6808727 0.7046932 0.7069819 1.0070780 0.0000010 1.1539607 1.2382344 0.7151189 0.9315634 0.8379214 0.0000010 0.9670212 0.9670212 0.9670212 1.5463654 0.9969946 0.9879289 0.9879289 0.9879289 0.9879289 0.5365321 0.5365321 0.5365321 0.5365321 0.9476625 0.9492287 0.0000010 0.0000010 0.0000010 0.0000010 0.0000010 0.0000010 0.0000010 1.8993119 1.8993119 1.8993119 0.0000010 5.2156195 5.2156195 1.7129835 1.2124513 1.4825552 1.6576741 1.3683576 0.0000010 1.4722026 1.6820514 1.6582309 1.8448398 1.6905490 7.2959121 9.0000000 0.0000010 4.5204439 4.4018073 3.2319173 0.8303398 0.0000010 0.0000010 7.8628830 
Nemnom_g15681.t1                                                 0.3951369 0.1296024 0.0000000 0.0828579 0.2499857 0.1880323 0.4309113 0.4735648 0.5523878 0.7887182 0.7103052 0.6060860 0.6645118 0.6811256 0.6884244 0.7708742 0.6937166 0.9012546 0.6222324 0.9353230 0.6581608 0.6820458 0.6893153 0.9023207 0.7795358 0.8290087 0.8340135 0.8133122 0.8181759 0.8550020 1.0037320 0.7448577 0.7492098 0.7484005 0.8078309 0.8248905 0.9338921 0.4227277 0.4734508 0.1794600 0.9150141 0.8869916 0.8869916 0.8890511 0.9726633 0.9143032 0.9117101 0.8870013 0.8807786 1.0775295 0.6932048 1.1417649 1.2883128 1.1743579 1.1679357 0.9410042 0.9789343 0.8599480 1.1196339 1.1196339 0.8859641 1.0052397 0.9633379 1.0524564 1.1456668 0.9628718 0.8424903 0.9183092 0.9440102 1.0130291 0.9935137 0.9445626 0.9445626 1.0610247 0.9361207 1.3899398 0.8375271 1.1379160 1.2524679 1.4262993 1.3476645 1.3357658 1.3842697 1.9340447 1.3154191 1.0237169 1.1491321 1.5240597 1.5300127 1.5283401 2.3377772 1.5017089 1.5768016 1.9371297 2.2342239 1.5441994 0.8702129 1.4722125 0.9500412 1.5279775 1.0812173 1.1523130 1.1477387 1.1706049 1.1691710 1.1376072 1.1518998 1.1564873 0.9942323 1.8529459 1.5824838 1.1594309 0.6264179 1.3666974 1.0904314 1.6022365 1.3636343 1.3441048 1.4553824 1.4697983 1.2865060 1.1333292 1.1333292 1.1294603 1.1294603 1.3687436 1.3687436 1.3486728 1.3486728 1.1829065 1.3274258 1.1390598 1.3885354 1.3078481 1.3674936 2.1353521 2.0239242 1.2204525 1.4025532 1.6845633 1.4310166 1.2645753 2.0189036 2.8430762 1.6119215 1.1442473 1.3697920 2.2713693 2.1582298 2.2689366 2.1533003 2.3147598 2.2750793 2.4014349 2.3326574 1.5666841 1.6136113 1.2524415 3.9351104 3.9698950 1.8801767 0.8999612 1.5660409 1.5081363 2.0185628 
Rhoesc_Res_000667-T1                                             0.3694016 0.1306119 0.0828579 0.0000000 0.2374422 0.1740050 0.4343721 0.4684903 0.5554165 0.7071211 0.6929783 0.6004518 0.6408622 0.6590785 0.6723553 0.7474356 0.6718929 0.8869006 0.6244343 1.0095995 0.6338164 0.6824687 0.6897958 0.8657766 0.7838923 0.8263869 0.8163692 0.8004026 0.7998121 0.8394861 0.9840012 0.7266685 0.7482528 0.7390168 0.7971479 0.8170536 0.8898243 0.4801081 0.4922276 0.1636915 0.9118958 0.8718499 0.8718499 0.8717730 0.9807465 0.9090618 0.9200762 0.8832149 0.8847062 1.0506295 0.7045733 1.1135385 1.2738850 1.1571353 1.1582716 0.9528418 1.0184703 0.8657198 1.0779238 1.0779238 0.8430755 0.9959821 0.9511429 1.0384746 1.1279125 0.9503744 0.8276141 0.8958119 0.9311115 0.9939389 0.9746753 0.9209944 0.9209944 0.9620601 0.8883802 1.3678444 0.8417704 1.1479395 1.1506877 1.4103303 1.3686576 1.3484687 1.3860488 1.7059177 1.2976529 1.0205761 1.1638807 1.5150239 1.5230605 1.5291494 2.1836232 1.4405912 1.5432681 1.9345223 2.0633807 1.5344045 0.8691605 1.4723527 0.9508622 1.5279775 1.0293125 1.1344701 1.1348822 1.1493585 1.1479543 1.1215551 1.1366712 1.1414709 1.0609704 1.7746448 1.5742626 1.2559073 0.6210795 1.3505980 1.1186680 1.5610376 1.3382975 1.3254423 1.4411568 1.4756672 1.2972677 1.1484997 1.1484997 1.1445889 1.1445889 1.3019102 1.3019102 1.2824749 1.2824749 1.1997719 1.3056525 1.1093339 1.3574790 1.3014723 1.3351174 2.1849073 2.0012442 1.1906976 1.3276540 1.4798108 1.3456816 1.2422419 2.0016486 2.7360548 1.6936831 1.1262020 1.4380883 2.2611881 2.1660067 2.3230297 2.1509190 2.3523148 2.3360153 2.4663912 2.3516818 1.5811437 1.6300982 1.2441877 3.9672927 3.9779929 1.8661353 0.9002244 1.5532311 1.4563996 2.0711828 
Sanmal_Sma_010827-T1                                             0.3665028 0.1947233 0.2499857 0.2374422 0.0000000 0.1747424 0.4143057 0.4306748 0.5295321 0.7687753 0.6650499 0.6089125 0.6463414 0.6491584 0.6542561 0.7091361 0.6776789 0.9098000 0.6597596 0.9930098 0.6226683 0.6740964 0.7054227 0.9778647 0.7738674 0.8052871 0.7969500 0.7574128 0.7774194 0.8380725 0.9658251 0.7157978 0.7448585 0.7349645 0.7431911 0.8183931 0.7210614 0.5140994 0.5018849 0.2550027 0.8892218 0.8098694 0.8098694 0.8621586 0.9199352 0.8737006 0.8572328 0.8473185 0.8419117 0.9954210 0.7155491 1.0810633 1.1913521 1.1085713 1.0925693 1.0181713 0.9416323 0.8452475 1.1101438 1.1101438 0.8538577 0.9660955 0.9127252 1.0657566 1.0433383 0.9194328 0.8412721 0.8660493 0.9582871 0.9974193 0.9628389 0.8924705 0.8924705 0.9725566 0.9252509 1.3191387 0.8930653 1.1165655 0.9322142 1.4303968 1.3636705 1.3341133 1.3745253 1.6370860 1.2788641 1.1129640 1.2192538 1.5283050 1.5058179 1.5048244 2.1276171 1.5922748 1.5533561 1.8703030 1.8719849 1.5175388 0.9975015 1.4585616 0.9153521 1.5295581 0.9980387 1.1441646 1.1376073 1.1468280 1.1453540 1.1199614 1.1305115 1.1492882 1.0578191 1.8046451 1.6165645 1.3678511 0.5984396 1.3140794 1.0794270 1.7507582 1.3145466 1.2789440 1.4245995 1.5074026 1.2178815 1.1408232 1.1408232 1.1369359 1.1369359 1.4280645 1.4280645 1.4077662 1.4077662 1.1843222 1.2583448 1.1662096 1.3519150 1.3580364 1.3531611 2.0825600 1.9156871 1.3054601 1.3506050 1.4929225 1.3732201 1.2085702 1.8792896 2.4448691 1.6497965 1.1500961 1.5537180 2.3123718 2.2137504 2.2636832 2.2182551 2.3648492 2.4117613 2.4874875 2.3861071 1.4324837 1.5664320 0.9455572 3.8921991 3.8258369 1.9351216 0.8921621 1.7332145 1.4156187 2.1211293 
Aaur_scaffold372.g5.t1                                           0.0000010 0.0000010 0.1880323 0.1740050 0.1747424 0.0000000 0.4409915 0.4817186 0.5056929 0.7971625 0.6985133 0.1996062 0.6465653 0.6558999 0.6745452 0.7019818 0.7272516 0.7026340 0.6746832 0.4239383 0.5883441 0.7344028 0.7389421 0.8867820 0.8404003 0.9078401 0.8767340 0.9237887 0.8602488 0.9138959 1.0478472 0.7578664 0.8243559 0.8007970 1.1008417 0.9061898 1.4326921 0.0000010 0.3536213 0.1996062 0.0000010 1.6781701 1.6781701 0.8183515 0.0000010 0.7603039 0.7693466 0.7013377 0.7102422 1.1273611 0.6813616 0.9900236 1.5301871 1.0180835 0.9762598 0.0000010 0.0000010 0.0000010 0.0000010 0.0000010 0.4770617 0.4770617 0.8969039 1.0396998 1.0912083 0.9152769 0.8335921 0.9964837 0.8619296 0.9435601 0.9185307 1.0029836 1.0029836 0.7649692 0.8235898 1.3316269 0.0000010 1.0672415 1.2902302 1.1212152 1.0857445 1.0775694 1.2231511 0.0000010 1.2001972 1.1093144 1.0526014 1.3822147 1.3399752 1.3703021 1.7328689 1.3228225 1.3534311 0.7035659 2.0289932 1.3132722 0.9439312 1.2863562 0.9991559 0.0000010 0.0000010 1.3686208 1.3695462 1.3740892 1.3740892 1.3799655 1.3468415 1.3293726 0.0000010 2.6562090 1.5938648 0.0000010 2.2285920 1.4090911 0.0000010 4.2685850 1.4505342 1.4417698 1.4505342 1.8063696 1.2635102 0.9737469 0.9737469 0.9737469 0.9737469 0.7072744 0.7072744 0.7072744 0.7072744 0.9737469 3.1455493 1.1698618 1.2789993 1.2709769 1.2810891 3.0275001 3.1225069 1.2915390 1.4289097 3.5055107 1.5001245 1.1644619 1.8587950 1.5265810 0.0000010 0.0000010 0.0000010 2.4165423 2.1179267 1.7442069 2.2194125 2.0437032 2.6037165 2.3931613 2.2130619 0.9208600 0.7649692 0.2945872 3.9227999 6.4423537 1.6415590 0.6281822 1.8596940 1.0793046 0.0000010 
Morvir_scaffold131.g5.t1                                         0.6859111 0.3175698 0.4309113 0.4343721 0.4143057 0.4409915 0.0000000 0.4494653 0.4815616 0.7007815 0.6052009 0.5846780 0.5993841 0.6073081 0.6076631 0.6698376 0.5982313 0.8172578 0.6073825 0.8743408 0.5937491 0.6310237 0.6513585 0.8943691 0.7271950 0.7520585 0.7349976 0.7464831 0.7395885 0.7724137 0.9088388 0.6751078 0.7045985 0.7127447 0.7143229 0.7817213 0.7052635 0.4997859 0.4407906 0.4184939 0.7759369 0.7670057 0.7670057 0.7985592 0.8449311 0.8162170 0.8103268 0.7886285 0.7961589 0.9497946 0.7085370 0.9676629 1.1417588 1.0562295 0.9959872 0.9886679 0.8852857 0.8156946 1.1363700 1.1363700 0.8333536 0.9333080 0.8629118 1.0208650 0.9776434 0.8573820 0.8719939 0.8284301 0.8552504 0.9551600 0.9311774 0.8332212 0.8332212 1.0300550 0.8311226 1.2694974 0.8828612 1.0667345 1.2128877 1.2729015 1.2702845 1.2644604 1.2441205 1.4111099 1.1852843 0.7369852 1.1242334 1.4093201 1.4251753 1.4292960 1.8383835 1.3699541 1.4208797 1.7585783 1.4936115 1.3966826 0.7854343 1.3524764 0.8855365 1.5569077 1.2052369 1.0108528 1.0072317 1.0338043 1.0338667 1.0454631 1.0241233 1.0382262 0.9776793 1.8188196 1.4975247 1.3288146 0.5737424 1.2565875 1.0231856 1.7326864 1.2278466 1.1891141 1.3412345 1.5045795 1.1737734 1.0618568 1.0618568 1.0581385 1.0581385 1.2758551 1.2758551 1.2568835 1.2568835 1.1246313 1.1786093 1.1582306 1.3115679 1.3250012 1.3566929 2.0529014 1.8432293 1.2036650 1.2840757 1.3308427 1.3078555 1.2031220 1.5518629 1.7133991 1.4597399 1.0797067 1.3665006 2.2501486 2.1442372 2.2541546 2.1946306 2.3795193 2.3187198 2.4699558 2.3936136 1.7399699 1.4099925 1.1515836 3.8777573 3.8590078 1.7239853 0.8181761 1.7175591 1.4512776 2.0917602 
Hvul_g10037_1                                                    0.0000010 0.9269441 0.4735648 0.4684903 0.4306748 0.4817186 0.4494653 0.0000000 0.2297965 0.0000010 0.6218892 0.0000010 0.6267218 0.6385393 0.6928954 0.6295541 0.6187581 0.6224868 0.6626786 0.6142634 0.5781544 0.6429887 0.7029928 0.0000010 0.8382600 0.9356238 1.0336223 0.9304942 0.8548794 0.8742631 1.1385291 0.8625382 0.8351856 0.8129727 0.8196696 0.9320667 0.0000010 0.0000010 0.0000010 0.0000010 0.4687521 1.2411531 1.2411531 0.7422016 2.4760225 0.7533518 0.7473777 0.6798940 0.6884402 0.0000010 0.6848395 0.9142675 3.6581967 0.8901764 0.8905561 0.0000010 0.0000010 1.6801032 0.0000010 0.0000010 0.0000010 0.0000010 0.8739317 0.9947990 0.9050298 0.8888894 0.6075174 0.9646553 0.9997814 0.9730775 0.9214537 0.8562952 0.8562952 0.0000010 0.0000010 2.7846704 4.9826434 1.0249580 0.9133317 1.1460537 1.1980763 1.2347706 1.2650298 0.0000010 1.1295122 1.0536868 0.9422064 1.4366624 1.2947242 1.2751352 1.7441350 1.1017352 1.2254580 0.0000010 7.7383038 1.2493901 0.8077713 1.2679150 0.9756400 0.0000010 1.4621856 1.0893988 1.0825368 1.1014688 1.1037828 1.1130910 1.0929335 1.0929335 0.0000010 0.0000010 1.6652257 0.0000010 1.9259863 1.3457626 0.0000010 0.0000010 1.3400963 1.3400963 1.3400963 0.0000010 3.1766113 1.0254779 1.0254779 1.0254779 1.0254779 0.0000010 0.0000010 0.0000010 0.0000010 0.0000010 1.9221198 1.2080158 1.2626107 1.2607124 1.2395033 2.0930824 1.8820948 1.2881440 1.3099223 0.0000010 1.3099223 1.2884264 1.4849042 2.0637949 0.0000010 0.0000010 0.0000010 2.1612211 2.0884285 0.0000010 2.0831113 2.3178903 2.1609860 2.1476861 2.2882117 0.8379621 0.0000010 0.0000010 3.8594430 6.7068649 1.3888795 0.9762355 1.6780949 2.0085191 0.0000010 
Chem_TCONS_00001075                                              0.6374510 0.4310864 0.5523878 0.5554165 0.5295321 0.5056929 0.4815616 0.2297965 0.0000000 0.7473334 0.6938262 0.7056429 0.6842742 0.7080806 0.7070198 0.7020414 0.6599160 0.7823407 0.7412887 0.8442290 0.7235524 0.7592738 0.7896961 0.8888509 0.8429460 0.8576907 0.8652251 0.8570812 0.8269014 0.8839120 1.0247123 0.7708274 0.8125001 0.8030825 0.8104660 0.8583123 3.0659114 1.2159373 2.4400191 0.6638982 0.9241408 0.8492177 0.8492177 0.8906032 0.8462333 0.8623808 0.8673760 0.8502237 0.8444309 1.1785447 0.7259435 0.9541474 1.1580289 1.0716127 1.0841249 1.0861464 0.8769865 0.8293435 2.8489448 2.8489448 1.5450197 1.1002554 0.9368348 1.0755981 1.1230838 0.9166150 0.8227118 0.8504225 0.9457742 0.9618847 0.9525749 0.8830785 0.8830785 1.5489834 1.0611253 1.2440926 0.9862684 1.1256624 1.1498556 1.2746763 1.3197908 1.3044838 1.3350940 1.1586483 1.2120591 0.9831752 1.1273468 1.4323183 1.3926597 1.3899228 1.8011993 1.2938008 1.3892357 1.8473575 1.5736780 1.4367931 0.7485594 1.4072450 0.9348743 1.4665798 1.6244879 1.1567394 1.1603537 1.1776213 1.1791051 1.1983282 1.1540536 1.1672732 0.8940950 3.2890624 1.5287645 1.4609166 0.3873725 1.3116085 1.0956666 3.8576030 1.3035523 1.2958696 1.3417578 2.4732807 1.2288553 1.1384300 1.1384300 1.1334885 1.1334885 4.7472843 4.7472843 4.4467262 4.4467262 1.2414958 1.2699902 1.2076037 1.3260612 1.3315863 1.3527211 2.0476316 1.9759305 1.2521059 1.3488348 1.4013857 1.3953170 1.2532409 1.5453008 1.7096323 1.7201722 1.2645148 1.7084102 2.2738885 2.1539254 1.9265775 2.1740394 2.3795281 2.3410733 2.4155989 2.4422696 1.6012056 1.8048977 4.5606326 4.0240838 4.2144112 1.6830364 0.5978394 1.5213575 2.3357462 2.3110046 
Gasp_gasp1.m3.13912.m1                                           0.0000010 0.0000010 0.7887182 0.7071211 0.7687753 0.7971625 0.7007815 0.0000010 0.7473334 0.0000000 0.0000010 0.0000010 0.0980025 0.1167911 0.1146858 0.1340106 0.1364487 0.1530973 0.1939909 0.0000010 0.0000010 0.6720297 0.6595734 1.1573997 1.1573997 1.2484790 1.2126347 0.9467433 0.9011226 0.9608943 1.6541843 0.8190453 1.0126294 0.9338367 7.6213560 0.8992872 2.0977550 0.0000010 0.0000010 0.0000010 0.0000010 0.0000010 0.0000010 0.8463058 0.0000010 0.8315793 0.8992140 0.8316965 0.8343476 0.0000010 0.7775322 1.0386619 0.0000010 1.0394837 1.0955654 0.0000010 0.0000010 0.0000010 0.0000010 0.0000010 0.0000010 0.0000010 1.1646905 0.0000010 0.0000010 1.1583512 1.0909513 1.0078511 0.8084859 0.9615235 0.9454130 1.1643747 1.1643747 0.0000010 0.0000010 0.0000010 0.0000010 1.1055202 1.6101932 1.4405905 1.1363047 1.1489333 1.2538361 0.0000010 1.2956541 0.0000010 1.3791082 1.7520440 1.6836007 1.8231775 0.0000010 2.1346963 2.1346963 0.0000010 0.0000010 1.4151434 0.0000010 2.0978347 1.2528888 0.0000010 0.0000010 1.5874149 1.6097832 1.5906246 1.5906246 5.3609471 1.5679408 1.4543630 0.0000010 0.0000010 1.6206902 0.0000010 2.1304385 2.7901539 0.0000010 0.0000010 0.8665571 0.8665571 0.8665571 0.0000010 0.0000010 0.0000010 0.0000010 0.0000010 0.0000010 0.0000010 0.0000010 0.0000010 0.0000010 0.0000010 0.0000010 0.0000010 0.8122103 0.7073007 0.6722037 8.9999988 0.0000010 9.0000000 0.9271853 0.0000010 1.0403137 0.7965060 2.3758523 0.0000010 0.0000010 0.0000010 0.0000010 2.4354421 2.8250694 0.0000010 2.1188277 0.0000010 3.9828198 4.4055007 5.0576892 0.0000010 0.0000010 0.0000010 4.8085377 0.0000010 0.0000010 0.0000010 0.0000010 0.0000010 0.0000010 
Gasp_gasp1.m3.13911.m1                                           0.9707818 0.5779191 0.7103052 0.6929783 0.6650499 0.6985133 0.6052009 0.6218892 0.6938262 0.0000010 0.0000000 0.0947679 0.0665182 0.1187633 0.1189452 0.1820463 0.0953538 0.3208193 0.2899943 0.5333246 0.2961639 0.4773530 0.5119695 1.1496081 0.7308616 0.7493808 0.7466767 0.7696849 0.7077012 0.7442460 0.9138689 0.6162618 0.6840441 0.6720908 0.6894123 0.7886256 0.6358665 0.6065450 0.6044113 0.6641001 0.7462198 0.7477658 0.7477658 0.7758353 0.7855036 0.8124434 0.8134089 0.7844670 0.7951816 0.8543036 0.6501930 0.9780832 1.1611702 1.0689939 1.0348546 0.9588667 0.9015880 0.7893516 1.1730204 1.1730204 0.8838778 0.9115389 0.8286360 0.9946939 0.9120381 0.8274448 1.0248563 0.7392204 0.7779954 0.8419817 0.8336794 0.8143205 0.8143205 0.9334544 0.8043199 1.2701194 0.8271878 1.0642582 0.7031483 1.3098434 1.3003383 1.3013969 1.2958789 1.3716759 1.2055791 0.9372716 1.1634181 1.4832721 1.4796903 1.4777112 2.0488519 1.3699225 1.4968597 1.7989796 1.6381834 1.4310731 0.9841920 1.3779027 0.8785040 1.4775402 1.2501947 1.0873117 1.0922710 1.0934227 1.0952688 1.0939512 1.0795204 1.0815611 0.9467755 1.5441033 1.5355713 1.5196827 0.8078554 1.2137532 0.9699722 1.6444194 1.2449336 1.2131453 1.3711542 1.4357001 1.1412058 1.0720412 1.0720412 1.0682894 1.0682894 1.3919681 1.3919681 1.3722057 1.3722057 1.0770908 1.1722528 1.2271074 1.3378425 1.3200584 1.3877242 2.1169317 1.8877444 1.1388284 1.2952525 1.3608626 1.3274920 1.2179219 1.8998592 2.1599175 1.3575306 1.0478355 1.2971189 2.0150450 2.0289725 2.0765896 2.0400678 2.2114145 2.3620906 2.3705629 2.2956950 1.7028920 1.6416364 1.1140608 4.0095935 3.9320593 1.7773384 1.2613945 2.0260726 1.6813050 2.2549202 
Gfas_gfas1.m1.21024.m1                                           0.6435866 0.5852070 0.6060860 0.6004518 0.6089125 0.1996062 0.5846780 0.0000010 0.7056429 0.0000010 0.0947679 0.0000000 0.0940609 0.0940581 0.0951607 0.3348803 0.0000010 0.5524320 0.2581009 0.0000010 0.3061853 0.4475329 0.4860606 0.0000010 0.6670178 0.6706614 0.6875298 0.6854012 0.6722811 0.6943070 0.8579428 0.5944796 0.6641489 0.6611454 0.5674646 0.7384384 0.5535062 0.5571524 0.5749710 0.6440122 0.7874779 0.7427537 0.7427537 0.7752041 0.8006098 0.8576903 0.8615032 0.8403795 0.8415759 0.8319993 0.0000010 1.1086015 1.1436264 1.1436264 1.1386589 0.8994119 0.9372409 0.8286856 1.1573980 1.1573980 0.9138903 0.9348357 0.8342353 0.0000010 0.0000010 0.8151643 0.0000010 0.6596567 0.0000010 0.8322093 0.8492652 0.7801655 0.7801655 0.9351296 0.8020069 1.2926519 0.8858657 1.1313150 0.0000010 1.3366223 1.3088250 1.3510889 1.3652755 0.0000010 1.2248253 0.0000010 1.2326335 1.4815157 1.5055422 1.4965984 3.7885288 5.0578222 1.5674983 1.8033773 0.0000010 1.5136299 0.0000010 1.3779796 0.8279101 1.5272074 1.1546220 0.9406532 0.9308301 0.9316246 0.9302244 0.9337136 0.9084136 0.9308417 0.9703289 1.4854836 1.4530225 1.5147216 0.7664624 1.0997580 1.0499466 1.3597802 1.1146744 1.0683050 1.2796839 1.4729406 1.1522703 1.0731366 1.0731366 1.0693394 1.0693394 1.3389178 1.3389178 1.3198280 1.3198280 1.1013018 1.0549308 0.0000010 0.0000010 0.0000010 0.0000010 0.0000010 0.0000010 0.0000010 0.6918315 0.6918315 0.6918315 0.0000010 4.8205837 4.8205837 1.4764597 1.0679342 1.2641668 1.9527013 1.9847621 0.0000010 1.9487013 2.1510421 2.1415515 2.2208646 2.3568629 1.5583119 1.6917295 1.0844969 3.7799647 3.6539377 2.3560261 1.2834318 1.2200510 1.7677554 2.2478255 
Fspp_ffun1.m4.11463.m1                                           0.9454210 0.5669441 0.6645118 0.6408622 0.6463414 0.6465653 0.5993841 0.6267218 0.6842742 0.0980025 0.0665182 0.0940609 0.0000000 0.1071363 0.1105883 0.1773467 0.1077281 0.3277771 0.2609827 0.4717574 0.2770047 0.4400450 0.4698485 0.9869066 0.7060727 0.7333699 0.7261522 0.7310663 0.6848815 0.7181135 0.8773066 0.5869743 0.6530567 0.6526558 0.6749047 0.7605471 0.5686761 0.5235959 0.5489466 0.6355291 0.7409684 0.7303867 0.7303867 0.7534386 0.7831442 0.8055014 0.7899577 0.7643794 0.7774881 0.8378535 0.6101287 0.9783730 1.1336406 1.0528529 1.0093237 0.8361271 0.8806130 0.7769171 1.0844240 1.0844240 0.8440982 0.8705519 0.8230271 1.0545205 0.9670488 0.8216478 0.8876698 0.7563919 0.8013100 0.8480265 0.8435944 0.8053568 0.8053568 0.9642379 0.8075683 1.2649875 0.8751967 1.0422402 0.7101127 1.2909225 1.2615944 1.2707888 1.2849225 1.4715373 1.1864687 0.9218152 1.1518212 1.4434503 1.4330044 1.4301792 2.0144654 1.3223130 1.4373311 1.7197605 1.5196000 1.4458445 1.0085124 1.3318033 0.8506150 1.5281293 1.0942298 1.0668653 1.0652159 1.0701090 1.0718676 1.0663207 1.0596214 1.0633890 0.9851256 1.4476610 1.5238617 1.4205330 0.8246707 1.2163258 1.0426967 1.3687969 1.2071408 1.1897068 1.3348014 1.3674451 1.1506901 1.0705254 1.0705254 1.0668094 1.0668094 1.3249959 1.3249959 1.3061138 1.3061138 1.0823643 1.1747122 1.2241481 1.2911971 1.2992567 1.3214186 2.0010627 1.9024034 1.1250628 1.2250385 1.2465560 1.2606832 1.1786537 1.7537293 2.0762316 1.3563787 1.0659261 1.2684612 1.9960994 2.0308518 2.0883219 2.0256546 2.1814083 2.3104875 2.3152845 2.3085533 1.5243824 1.7267253 1.0817772 3.9046381 3.8371022 1.6695874 1.2907958 1.8191265 1.6596328 2.3557249 
Spis_XP_022787927_1                                              1.0114258 0.5482939 0.6811256 0.6590785 0.6491584 0.6558999 0.6073081 0.6385393 0.7080806 0.1167911 0.1187633 0.0940581 0.1071363 0.0000000 0.0433344 0.1873994 0.1340603 0.3391137 0.2970221 0.6566591 0.3051208 0.4808830 0.5078571 0.9563906 0.7186906 0.7350522 0.7374266 0.7571867 0.7095204 0.7447247 0.8956960 0.6272065 0.6802057 0.6825095 0.7062527 0.7697315 0.7157846 0.4990475 0.5504573 0.6509105 0.7504354 0.7551562 0.7551562 0.7706562 0.7863616 0.8126253 0.7925043 0.7700300 0.7807896 0.8340049 0.6764510 0.9670129 1.1196915 1.0468796 1.0212714 0.8651164 0.9014732 0.8038491 1.0659911 1.0659911 0.8747934 0.8905282 0.8394989 0.9935421 0.9518396 0.8331429 0.9316750 0.7705286 0.7972516 0.8927232 0.8760607 0.8258006 0.8258006 0.9535860 0.8164455 1.2820274 0.8213778 1.0453786 0.7181819 1.3069118 1.2531552 1.2688772 1.2925153 1.4256212 1.1766106 0.8786429 1.1672392 1.4244352 1.4339425 1.4305716 2.0200842 1.3029858 1.4676159 1.8122132 1.7393753 1.4444731 1.0608945 1.3378055 0.8692982 1.4707373 1.1318374 1.0737391 1.0740216 1.0855070 1.0855356 1.0771523 1.0688503 1.0722215 0.9677879 1.4211379 1.5211795 1.4848927 0.8409428 1.2237190 1.1081556 1.3524039 1.2234527 1.2086510 1.3565684 1.4091653 1.1464047 1.0546561 1.0546561 1.0509558 1.0509558 1.3201380 1.3201380 1.3012211 1.3012211 1.0995487 1.1839746 1.2111318 1.3169652 1.3166452 1.3605664 2.2143360 1.9654080 1.1133907 1.2764658 1.3750427 1.3159801 1.1961619 1.8000985 2.0978682 1.3821309 1.0433159 1.2581851 2.0091107 2.0354231 2.0899871 2.0238851 2.2138955 2.3357501 2.3228866 2.2848380 1.4325102 1.7138216 1.0824116 3.9672451 3.9789344 1.7848597 1.2963731 1.8756011 1.8345104 2.2266437 
Pocdam_XM_027198156.1                                            1.0142885 0.5468022 0.6884244 0.6723553 0.6542561 0.6745452 0.6076631 0.6928954 0.7070198 0.1146858 0.1189452 0.0951607 0.1105883 0.0433344 0.0000000 0.2034309 0.1386042 0.3490750 0.2897146 0.6738601 0.3025216 0.4643330 0.4968792 0.9953561 0.7171164 0.7264970 0.7413150 0.7612100 0.7182665 0.7493739 0.9118068 0.6346828 0.6829512 0.6820589 0.7092094 0.7741019 0.6959723 0.5114814 0.5424364 0.6468050 0.7358816 0.7538743 0.7538743 0.7677126 0.7740345 0.8091165 0.7897467 0.7712793 0.7806242 0.8474629 0.6893314 0.9746914 1.1201571 1.0538381 1.0238834 0.8789346 0.8904366 0.8022867 1.0867198 1.0867198 0.8907864 0.8923740 0.8415961 1.0152251 0.9830317 0.8408182 0.9465313 0.7786023 0.8405934 0.8887252 0.8709119 0.8360492 0.8360492 0.9452612 0.8190275 1.2948950 0.8240915 1.0325773 0.7031483 1.3078895 1.2626782 1.2713619 1.2926874 1.5260316 1.2120727 0.9718549 1.1799781 1.4091548 1.4173348 1.4170681 1.9951956 1.3803886 1.4903726 1.8588929 1.7088632 1.4361061 1.1675031 1.3440210 0.8552841 1.4707373 1.1519156 1.0743521 1.0756837 1.0865474 1.0865754 1.0925339 1.0749074 1.0781620 0.9419105 1.4835573 1.5221701 1.4812672 0.8490528 1.2294284 1.0886063 1.3012480 1.2130173 1.2016552 1.3472171 1.4083842 1.1486418 1.0461819 1.0461819 1.0425022 1.0425022 1.3315860 1.3315860 1.3126051 1.3126051 1.0969134 1.1923447 1.2288708 1.3423846 1.3370310 1.3895268 2.1759164 1.9790689 1.0794458 1.2661857 1.3551798 1.3076939 1.1819936 1.8330036 2.1179483 1.3832365 1.0205726 1.2042492 1.9938886 2.0502319 2.0489206 2.0208956 2.2266942 2.3206710 2.3365787 2.3043345 1.4918894 1.7427149 1.0681347 4.0374184 4.0039953 1.8701940 1.2963731 1.8473841 1.8167012 2.3268555 
Amil_Amillepora06375-RA                                          0.9270297 0.6511697 0.7708742 0.7474356 0.7091361 0.7019818 0.6698376 0.6295541 0.7020414 0.1340106 0.1820463 0.3348803 0.1773467 0.1873994 0.2034309 0.0000000 0.1133583 0.0288783 0.3474877 0.5466714 0.3199143 0.5153911 0.5519556 1.0993072 0.8302307 0.8453557 0.8231900 0.8629597 0.7398056 0.7839730 0.9465256 0.6820488 0.7021320 0.6965271 0.8454355 0.7806456 2.1196087 2.4676873 1.7174578 1.6340202 0.6183963 0.7903010 0.7903010 0.7276710 0.8707763 0.7853492 0.7526319 0.7344129 0.7590632 2.9254731 0.6172606 0.9933962 1.0976763 0.9837675 0.9677154 2.4523131 1.9687299 0.8963752 3.3783297 3.3783297 3.3783297 2.5034323 0.8965044 1.0899459 0.9919651 0.9053786 0.9480612 0.8137037 0.8134757 0.9358211 0.9003200 0.9040084 0.9040084 0.0000010 1.4519419 5.3072215 1.1055551 0.9389546 0.7119267 1.2765690 1.2126142 1.2188429 1.2510003 1.5172874 1.1315855 0.8781238 1.0641848 1.3857898 1.3019061 1.3237692 1.6868396 1.2289694 1.3285069 4.9918905 1.5372287 1.3632886 1.1672844 1.3339868 0.8968054 0.0000010 3.1576647 1.1905267 1.1917498 1.2051514 1.2105381 1.2513935 1.1915581 1.1889203 0.0000010 6.5975531 1.5309344 2.0606537 1.8757804 1.3368191 2.0394317 5.3427802 1.2240374 1.2069054 1.2914941 1.7273298 0.9426982 0.8046147 0.8046147 0.8046147 0.8046147 7.5475944 7.5475944 7.5475944 7.5475944 0.8309751 1.3118235 1.1644061 1.2968914 1.2838131 1.3268113 2.0831355 1.8959576 1.1744919 1.2276684 1.2607507 1.2629408 1.1535732 1.5730012 1.8274500 0.0000010 0.5373655 3.0450729 2.1500447 2.1341852 2.0469462 2.1518930 2.3705465 2.5937322 2.4426114 2.2912066 0.2677382 3.0152520 0.0000010 4.4437726 9.0000000 1.3773287 2.2919777 1.9968954 1.5841610 1.5414942 
Gfas_gfas1.m1.20270.m1                                           0.0000010 0.0000010 0.6937166 0.6718929 0.6776789 0.7272516 0.5982313 0.6187581 0.6599160 0.1364487 0.0953538 0.0000010 0.1077281 0.1340603 0.1386042 0.1133583 0.0000000 0.1246346 0.3039835 0.6142634 0.2640104 0.4856998 0.5428035 1.1319022 0.8157116 0.9392638 0.8680854 0.8996877 0.7512248 0.7946054 1.0072790 0.6678671 0.6389978 0.6435574 0.9453739 0.7971148 2.1196087 0.0000010 0.0000010 0.0000010 0.0000010 1.3043509 1.3043509 0.6923129 0.0000010 0.7115279 0.6889016 0.6584757 0.6731310 0.0000010 0.6455076 0.9112306 5.7073981 0.9183447 0.8644358 0.0000010 0.0000010 0.0000010 0.0000010 0.0000010 0.0000010 0.0000010 0.8779487 1.0783404 0.9745801 0.9139693 0.9907714 0.8177192 0.7901390 0.9232033 0.8753398 0.8052208 0.8052208 0.0000010 0.0000010 3.0292987 0.0000010 1.0179546 0.7230085 1.2257550 1.1347034 1.1573650 1.1238491 0.0000010 1.1586159 0.9489572 1.0454257 1.4543808 1.3774644 1.3923565 1.9493828 1.2257778 1.3065184 0.0000010 7.7383038 1.3659828 1.1221648 1.3346384 0.9520556 0.0000010 1.8962808 1.2230948 1.2250934 1.2541274 1.2561746 1.2924444 1.2802754 1.2637375 0.0000010 0.0000010 1.6279175 0.0000010 1.8478580 1.4129679 0.0000010 0.0000010 1.2166244 1.2166244 1.2166244 0.0000010 9.0000000 0.0000010 0.0000010 0.0000010 0.0000010 0.0000010 0.0000010 0.0000010 0.0000010 0.0000010 2.5781498 1.2121263 1.1840249 1.1880574 1.1915811 2.6110439 2.3444443 1.1436714 1.1889772 0.0000010 1.2403462 1.1307766 1.7131297 2.1259581 0.0000010 0.0000010 0.0000010 2.1480133 2.2426065 0.0000010 2.1988056 2.2209289 2.5903880 2.4544390 2.4539352 0.0000010 0.0000010 0.0000010 4.0953711 8.9999988 1.2695352 1.1652595 1.9763520 1.6156936 0.0000010 
Adig_XM_015907691.1                                              0.9331010 0.5140912 0.9012546 0.8869006 0.9098000 0.7026340 0.8172578 0.6224868 0.7823407 0.1530973 0.3208193 0.5524320 0.3277771 0.3391137 0.3490750 0.0288783 0.1246346 0.0000000 0.5181150 0.5779783 0.5502313 0.7028627 0.7327343 1.0214172 0.9431033 0.9600245 0.9710596 0.9887501 0.9047395 0.9594098 1.1544510 0.8244086 0.8630590 0.8789692 0.9755512 0.9602199 2.3119018 2.1841648 1.8897633 2.4371759 0.6757949 1.2109371 1.2109371 1.0010734 0.9278612 1.0447963 1.0146511 1.0056738 1.0258530 3.6819581 0.6121850 1.0249275 1.6304601 1.3080163 1.2894538 2.7663651 1.7501784 1.4992855 2.2742740 2.2742740 2.9506692 2.1212837 1.1248823 1.1008794 0.9919651 1.1561371 0.9386236 0.7676528 0.8060336 1.2099678 1.1861324 1.1109994 1.1109994 6.1149766 3.3062912 4.8659415 0.8841569 1.2607855 0.7119267 1.5645899 1.5652564 1.5673423 1.6024415 1.1318447 1.4260990 0.6945985 1.4121204 1.7750704 1.7276496 1.7176679 1.9766739 1.2968268 1.8732513 6.7223619 1.5274539 1.7064439 1.1305572 1.6541060 1.1352768 1.5743523 6.3263207 1.3747395 1.3581184 1.3670046 1.3710668 1.3708494 1.3146998 1.3290046 0.9750298 5.2746025 1.7274252 1.7756559 1.4284507 1.5308276 1.2770944 4.0518557 1.4753782 1.3099480 1.4873052 2.8586402 1.6726161 1.6398161 1.6398161 1.6454163 1.6454163 3.1036793 3.1036793 3.1454438 3.1454438 1.8355421 1.6588495 0.9930853 1.2392770 1.2054498 1.2562546 2.0831355 1.8806435 1.0432852 1.1964068 1.4066985 1.2353698 1.0633550 1.6156133 2.0600777 1.3587783 1.0095743 1.2696205 2.2933888 2.2177556 1.7804811 2.2941147 2.3719916 2.4688680 2.5833284 2.4197339 3.4182308 4.7024759 3.9068680 4.8955852 6.2838987 1.8146539 1.3678575 1.8458224 5.5279642 5.7216001 
Exapal_XM_021056014.2                                            0.9464239 0.6192418 0.6222324 0.6244343 0.6597596 0.6746832 0.6073825 0.6626786 0.7412887 0.1939909 0.2899943 0.2581009 0.2609827 0.2970221 0.2897146 0.3474877 0.3039835 0.5181150 0.0000000 0.6766196 0.2007630 0.4874968 0.5057983 0.9807988 0.7183531 0.7342273 0.7381621 0.7443348 0.6843675 0.7238091 0.9046156 0.6132652 0.6590561 0.6485526 0.6589097 0.7429442 0.4934909 0.5002790 0.4978026 0.5060960 0.6846570 0.7029592 0.7029592 0.7510363 0.8101076 0.8140271 0.8080057 0.7848223 0.7961288 0.8545127 0.6378707 1.0149764 1.1418366 1.0639015 1.0603883 0.7653628 0.8287590 0.7409343 0.9473965 0.9473965 0.7546460 0.8493973 0.8342248 0.9560732 0.8738129 0.8092774 1.0125446 0.8530553 0.8326244 0.8716110 0.8554556 0.8238255 0.8238255 0.9180873 0.7586661 1.2191443 0.7981526 1.0529599 0.8792534 1.3470003 1.2776850 1.2769933 1.3160146 1.3451232 1.1929566 1.0285940 1.1493030 1.4794308 1.4917301 1.5128837 2.0679478 1.3975814 1.4782973 1.8052502 1.6282566 1.4129903 0.8968309 1.3401558 0.8720352 1.6160595 1.1121296 1.0746101 1.0647488 1.0771792 1.0789548 1.0971028 1.0647745 1.0696416 1.0203046 1.4599624 1.4953989 1.2631721 0.7387947 1.2331849 1.1058661 1.4230997 1.2072024 1.1854838 1.3235692 1.4113339 1.1963301 1.0678623 1.0678623 1.0641572 1.0641572 1.3948215 1.3948215 1.3748883 1.3748883 1.0984192 1.1942647 1.1685201 1.2701019 1.2950248 1.3105290 2.0803792 1.9787965 1.1520992 1.2650442 1.3239324 1.3122934 1.1807990 1.8063324 2.1103361 1.4037750 1.1436551 1.1708805 2.1309768 2.0615078 1.9362288 2.0206770 2.2265454 2.3255954 2.3213685 2.2710919 1.5602796 1.5991487 1.0264943 3.9470960 3.8222322 1.6543292 1.1902559 1.5813926 1.4969064 2.2638530 
Gfas_gfas1.m1.20271.m1                                           2.1811314 0.0000010 0.9353230 1.0095995 0.9930098 0.4239383 0.8743408 0.6142634 0.8442290 0.0000010 0.5333246 0.0000010 0.4717574 0.6566591 0.6738601 0.5466714 0.6142634 0.5779783 0.6766196 0.0000000 0.5693713 0.6211295 0.6559680 0.0000010 0.8253339 0.8667590 0.7006786 0.9155423 0.7570810 0.8305329 1.0554479 0.7623803 0.7776931 0.9659099 1.0859408 1.5089609 0.0000010 0.0000010 0.0000010 0.0000010 0.0000010 1.3314871 1.3314871 0.7035981 2.3799487 1.0014671 1.1212857 0.9345400 0.9345400 0.0000010 0.6142634 1.1822412 1.0592758 0.9567756 1.1171041 0.0000010 1.5752893 1.5752893 0.0000010 0.0000010 0.0000010 1.5752893 1.7820437 0.7622679 0.6122189 1.1057849 0.0000010 1.0726400 0.6142634 1.1229317 1.2680115 1.0932844 1.0932844 0.0000010 0.0000010 9.0000000 0.0000010 1.4341603 0.0000010 1.0614767 1.3289831 1.3125076 1.7755234 2.3187670 0.8613471 0.0000010 1.1491695 1.8204327 1.6644320 1.7952552 1.9268590 1.4129438 1.8573984 0.0000010 1.9132617 1.5177751 0.0000010 1.6529877 1.6259439 0.0000010 0.0000010 1.1891148 1.1891148 1.2865045 1.2244219 1.0993652 1.1807224 1.1807224 0.0000010 0.0000010 1.1487045 0.0000010 0.0000010 1.0229077 9.0000000 0.0000010 3.0645391 3.0645391 3.0645391 9.0000000 9.0000000 9.0000000 9.0000000 9.0000000 9.0000000 0.0000010 0.0000010 0.0000010 0.0000010 9.0000000 3.1883211 0.6142634 2.1060965 2.3517709 2.4663996 2.8892161 2.7154361 0.6142634 2.5005139 2.9492728 2.5005139 1.2550319 2.6564442 2.5126208 1.5752893 1.5752893 0.0000010 1.5305852 1.7613557 2.0903637 2.1816835 2.2229720 2.4342569 2.3735335 1.6201579 0.0000010 0.0000010 0.0000010 4.7157631 9.0000000 0.0000010 0.0000010 0.0000010 0.0000010 0.0000010 
Nvec_v1g242616                                                   0.9489204 0.6937976 0.6581608 0.6338164 0.6226683 0.5883441 0.5937491 0.5781544 0.7235524 0.0000010 0.2961639 0.3061853 0.2770047 0.3051208 0.3025216 0.3199143 0.2640104 0.5502313 0.2007630 0.5693713 0.0000000 0.4972200 0.5125790 0.0000010 0.7140880 0.7354441 0.7328081 0.6792252 0.7078063 0.7444218 0.8575379 0.6356350 0.6678068 0.6432879 0.6088436 0.7699644 0.0529639 0.4390409 0.4955559 0.5232602 0.7674786 0.7544437 0.7544437 0.7364224 0.8793661 0.7868030 0.7791466 0.7498763 0.7584020 0.5306539 0.5982169 1.0264992 1.0616075 1.0147756 0.9660034 0.5247900 0.8164858 0.7276508 0.7277033 0.7277033 0.6671531 0.8202913 0.8267993 0.9881617 0.9005330 0.8206485 0.0000010 0.8166782 0.8072037 0.8679380 0.8562756 0.7945184 0.7945184 0.8429492 0.6885347 0.9206333 0.9352038 1.0726122 0.0000010 1.3331805 1.3576347 1.3593066 1.4001257 1.3535211 1.1753595 0.9281194 1.1644433 1.4093988 1.3786393 1.3856906 1.8909567 1.3924091 1.4034867 1.5893460 1.4868651 1.4011720 0.8947052 1.2836230 0.8289602 1.7273135 0.8258237 1.0574352 1.0612453 1.0598216 1.0647234 1.0670357 1.0417451 1.0572133 1.0516948 1.3970936 1.5345058 1.4067135 0.6992772 1.1833321 1.0363841 0.6218187 1.1986194 1.2236434 1.3103413 1.1920075 1.0974332 0.9827826 0.9827826 0.9786685 0.9786685 1.0123270 1.0123270 0.9834810 0.9834810 1.0134181 1.0991874 1.4348244 1.4551515 1.5129456 1.4861262 1.7102318 1.7269132 1.1721902 1.3900360 1.3458025 1.3900360 1.4022917 1.5844677 1.8981204 1.4011552 1.2644182 1.2245602 2.1179409 1.9945640 1.8201525 2.0182990 2.1516249 2.1139344 2.1835956 2.1472678 1.5460992 1.4681924 0.8494380 3.8448116 3.8475282 1.6497702 1.1665050 1.6776746 1.5687549 2.3082652 
Dgig_XM_028541725.1                                              0.8923106 0.5330964 0.6820458 0.6824687 0.6740964 0.7344028 0.6310237 0.6429887 0.7592738 0.6720297 0.4773530 0.4475329 0.4400450 0.4808830 0.4643330 0.5153911 0.4856998 0.7028627 0.4874968 0.6211295 0.4972200 0.0000000 0.1121453 1.1816123 0.7462258 0.7612979 0.7519071 0.7476654 0.7372097 0.7323976 0.9229099 0.6667025 0.6763756 0.6893935 0.6980510 0.8009165 1.0211294 0.7544536 0.6891865 0.6783959 0.7574807 0.7457284 0.7457284 0.8166245 0.8041971 0.8194321 0.8167384 0.8025397 0.8108228 0.9816212 0.6485121 1.0221662 1.1554619 1.0706999 1.0344738 1.3314629 0.9225174 0.8786751 1.3994441 1.3994441 1.1257020 1.0312898 0.9242223 1.0034967 1.0247786 0.9185983 1.0255175 0.8229248 0.8585786 0.9522097 0.9310474 0.8351995 0.8351995 1.2695147 1.0381962 1.3627603 0.8654250 1.0536569 0.8172538 1.3097739 1.3666980 1.3963356 1.3197432 1.1571231 1.2030683 1.0928906 1.1683524 1.4542038 1.4512786 1.4237041 1.9539109 1.3148024 1.4579362 1.8899449 1.4950903 1.4745530 0.9385197 1.3476595 0.9320849 1.4252378 1.1081390 1.0939980 1.0919166 1.0854454 1.0872005 1.1044553 1.0873279 1.0949485 1.0713516 1.6584968 1.5190182 1.0464077 0.8547030 1.2819243 1.1851058 1.3928755 1.1662694 1.1473559 1.2736123 1.4376720 1.1989661 1.0840698 1.0840698 1.0803289 1.0803289 1.3114237 1.3114237 1.2925505 1.2925505 1.0846638 1.1826127 1.1239112 1.2023566 1.2196450 1.2382657 1.7986252 1.7903159 1.0634606 1.1900926 1.2720792 1.2215982 1.0807447 1.6198273 1.9567733 1.5192705 1.2149241 1.2764031 2.1193192 2.0860805 2.1480618 2.1211984 2.2889631 2.3499145 2.2971750 2.4063466 1.6523429 1.7434543 1.2847212 4.0066932 3.8296881 1.8555440 1.3159333 1.4688573 1.6312647 2.1667827 
Xesp_015987-T1                                                   0.9156471 0.5380659 0.6893153 0.6897958 0.7054227 0.7389421 0.6513585 0.7029928 0.7896961 0.6595734 0.5119695 0.4860606 0.4698485 0.5078571 0.4968792 0.5519556 0.5428035 0.7327343 0.5057983 0.6559680 0.5125790 0.1121453 0.0000000 1.1753623 0.7678627 0.7754415 0.7618007 0.7711981 0.7594072 0.7517338 0.9347573 0.6702503 0.7064449 0.7025750 0.7422892 0.8205779 1.0069328 0.7369274 0.7167079 0.6968154 0.8061662 0.7944622 0.7944622 0.8526292 0.8424558 0.8707509 0.8540103 0.8489965 0.8568556 0.9824731 0.7172136 1.0749724 1.1931505 1.1217528 1.0870542 1.3670603 0.9919310 0.8931442 1.4674737 1.4674737 1.1630903 1.0786799 0.9576555 1.0434402 0.9966704 0.9622295 1.1472073 0.8453049 0.8627527 0.9641863 0.9452451 0.8713937 0.8713937 1.2706491 1.0352789 1.4341201 0.8672933 1.0837401 0.8613799 1.3620711 1.3971099 1.4319663 1.3485492 1.4949154 1.2604922 1.1287952 1.1979468 1.4934605 1.4811432 1.4736284 1.9408363 1.4014461 1.4886086 1.8861274 1.5336098 1.4947355 1.0844989 1.4093203 0.9455249 1.5907824 1.0496367 1.1160842 1.1118491 1.1137623 1.1155467 1.1339486 1.1046538 1.1161779 1.1173989 1.6770165 1.5364949 1.0802470 0.8532840 1.3209346 1.2633247 1.5121012 1.2148806 1.1904483 1.3250186 1.5989247 1.1933904 1.1273296 1.1273296 1.1234924 1.1234924 1.4162428 1.4162428 1.3961539 1.3961539 1.1389873 1.1931818 1.1107272 1.2041906 1.2275311 1.2338755 1.8529761 1.7744084 1.0815931 1.1940873 1.2395053 1.2281026 1.1077119 1.6079062 1.9218173 1.4582680 1.2749139 1.3144523 2.1186271 2.1012950 2.1011293 2.1041604 2.3182706 2.3560717 2.3409279 2.4225429 1.7781836 1.7913646 1.3876554 4.2176922 4.0576404 2.0456843 1.3231552 1.5223965 1.6428013 2.0401047 
