122
Emue_Em0014g426a.t1                                              0.0000000 3.4448871 4.4030187 4.4296367 4.4041067 5.1544338 5.4517977 5.0567718 4.7996730 5.2951128 3.5365432 3.6142525 4.6280968 4.8530716 4.2761262 3.6373125 4.5230525 4.8320551 5.2655000 6.6033800 4.9582289 3.7326066 5.2405210 4.8247083 4.4100019 3.9736296 4.1007729 5.0600093 4.5463765 5.3701954 4.2859476 4.6351155 5.6198052 5.3742633 3.5438939 2.4272027 3.8943940 3.8943940 3.8562816 3.8697679 4.4484639 5.3561173 3.7884597 4.2396062 4.1574013 5.3347994 3.9619150 4.5927081 3.7975309 4.3848632 5.2198060 5.3524683 4.6286698 4.5448792 5.2161197 4.4318469 8.9999981 4.8310648 4.0832479 4.0832479 5.3413355 4.1438663 4.1438663 5.3108416 4.1979233 4.1979233 5.9076989 3.9912635 5.0198799 3.9912635 4.5032987 4.5151990 5.0435516 5.0435516 5.0198799 4.4194963 4.0362082 4.3270392 5.4559018 5.4559018 4.6634365 4.6634365 4.4414986 4.4414986 5.0771721 4.7783445 4.7783445 4.7783445 4.9607302 4.8588328 4.7858239 4.7858239 4.1961987 4.8824486 4.4480010 4.8455610 4.7434169 5.2876147 8.9999988 4.4133708 4.2746444 4.8671037 5.7446492 5.9679473 5.3893193 4.5508843 5.1422748 4.5020102 4.7693547 4.1890397 7.3855175 5.1342720 4.5815922 8.4165604 5.5480314 6.3990544 5.1417407 4.4244993 5.1382282 8.1564092 4.5761335 8.9999984 
Lcom_lcpid154384                                                 3.4448871 0.0000000 0.5124761 0.5428434 0.5382967 0.5733776 0.5464990 0.5733776 0.6687100 0.6230322 0.6230322 0.9540438 0.6451120 0.7665663 0.6457022 0.6585008 0.6939434 0.7568034 0.7343159 0.8259840 0.8096049 1.0991231 1.0194375 1.0242337 1.1227341 0.8460724 0.8335143 0.7663479 0.8517466 0.8524756 1.1933758 0.0000010 0.0000010 0.9517447 1.0806875 0.9751545 1.0241705 1.0241705 1.0237930 1.0117300 0.9453842 1.0000740 0.8410977 0.8619539 0.8906646 0.8553208 0.8718451 1.0508534 1.2533549 1.1039546 0.0000010 1.0602652 0.7866349 0.8155889 1.1152361 1.0629612 0.0000010 0.9625339 0.9734136 0.9734136 0.0000010 0.8947873 0.8947873 1.1635783 1.0273107 1.0273107 0.0000010 1.0082180 0.0000010 1.1588939 1.1488994 1.2323025 1.3558770 1.3892972 0.0000010 0.9672240 1.0181845 1.2368825 0.0000010 0.0000010 1.0479742 1.0479742 1.2266464 1.2266464 1.2775467 0.9984340 0.9984340 0.9984340 1.0219207 0.9782538 0.9992523 0.9992523 0.9058424 0.8958324 0.8971300 1.5135374 1.4521917 1.4490437 0.0000010 1.0958598 1.1823161 1.2608629 0.6604599 5.0456412 0.0000010 0.8091801 1.2276996 1.1079787 1.3656600 1.2073067 0.0000010 1.1606537 0.9683299 1.0099993 1.0868892 1.0731562 1.0929177 1.0668640 0.0000010 1.4740145 0.0000010 1.3727078 
Salkve_EP00050_Salpingoeca_kvevrii_P006441                       4.4030187 0.5124761 0.0000000 1.2600627 1.3536192 1.0597136 1.0663329 1.0983763 0.8586065 1.3332919 1.1198557 0.8845518 1.0962432 1.2783823 1.3505578 1.2780527 1.1944819 1.0880128 1.1902277 0.8745804 1.3325522 1.0228068 1.5456375 1.5938452 1.6269650 1.5235863 1.5193999 1.3222894 1.4059406 1.0739588 1.6787757 2.8490079 2.7201527 1.8166589 1.0612136 1.2186626 1.5809531 1.5809531 1.5289704 1.5923703 1.3267904 1.6644257 1.4707575 1.4171120 1.4677132 1.4140030 1.4175597 1.4716908 1.2118100 1.7124702 2.7210429 1.6691950 1.5153406 1.6705100 1.7788329 1.5977059 2.1518132 1.6035458 1.5574578 1.5574578 2.3797319 1.5977403 1.5977403 2.0348595 1.5457915 1.5457915 2.9398942 1.6265267 2.8239903 1.7599509 1.9629005 1.9968523 2.1205017 2.1645555 2.7686407 1.5764422 1.5780064 1.8398527 2.7964691 2.7964691 1.8853033 1.8853033 1.8870541 1.8870541 1.7043238 1.5750150 1.5750150 1.5328105 1.7132962 1.6901549 1.6761064 1.6761064 1.6476737 1.6958587 1.6823988 2.1594477 1.6596681 2.1916008 2.8951562 1.6919547 1.8863639 2.5565335 1.8751257 3.5410522 2.6850806 1.4502868 1.7872838 1.8663309 2.0494810 1.7835109 2.8397141 1.9148777 1.2175187 2.1436519 1.7867730 1.4941580 2.0184328 2.7176338 2.7562457 2.1922361 2.7660896 3.7060348 
Acaspe_EP00035_Acanthoeca_spectabilis_P020332                    4.4296367 0.5428434 1.2600627 0.0000000 0.1621725 1.0824799 0.9983849 1.2234373 0.5628002 0.8106711 0.6237438 1.0597992 1.0741515 1.0673202 1.2375669 1.2498562 1.2681203 1.0744833 1.2599400 0.8843817 1.4251258 1.2048142 1.5659226 1.4744528 1.6394589 1.4243091 1.4285710 1.4830761 1.4859509 1.3526838 1.6752487 2.2565620 2.3909121 1.7222465 1.0277976 1.1819300 1.5029453 1.5029453 1.4591854 1.5156455 1.3112443 1.5320535 1.2374131 1.5172516 1.4852900 1.5307165 1.3970392 1.4250616 1.2788633 1.6345846 2.3267715 1.7271620 1.5836911 1.6034904 1.6649329 1.6149453 2.7960515 1.5635464 1.4992933 1.4992933 2.3648597 1.5003709 1.5003709 1.9928008 1.5703271 1.5703271 2.4934842 1.6357476 2.2558242 1.7178169 1.9421531 1.9944523 2.0416833 2.0514153 2.3197393 1.6314036 1.4518694 1.8383308 2.7189321 2.7189321 1.9341653 1.9341653 1.9067336 1.9067336 1.6523732 1.5115560 1.5115560 1.4676840 1.6593205 1.6377267 1.6722353 1.6722353 1.6341859 1.5482310 1.6402359 2.1969803 1.8598200 2.1264606 2.7931197 1.8965283 1.9098727 2.7165629 2.1450734 2.9743555 2.4395281 1.1879050 1.6767549 1.6012639 1.6756735 1.7978198 2.8197801 1.9288846 1.2112725 2.1271199 1.4446175 1.5101437 2.0629209 2.7876734 2.8790614 2.1251880 1.7594744 4.2749823 
Helnan_EP00037_Helgoeca_nana_P032356                             4.4041067 0.5382967 1.3536192 0.1621725 0.0000000 1.0521772 1.0721879 1.1517074 0.5199818 0.8322165 0.5901529 1.0102461 1.0780487 1.1498567 1.2779285 1.3170442 1.2721352 1.1447269 1.2513223 0.8799539 1.4753514 1.1340021 1.5868708 1.5379417 1.7178192 1.5367875 1.5486637 1.5756260 1.5993261 1.2943135 1.7650934 2.7357963 2.7128361 1.9246357 1.0358570 1.2302076 1.6539825 1.6539825 1.6061374 1.5567823 1.3910357 1.7206489 1.3641408 1.6317027 1.5377293 1.5583930 1.4189725 1.4533866 1.1979939 1.6300535 2.4123239 1.8097027 1.6759119 1.6642035 1.8929147 1.6638572 3.5339325 1.7907184 1.7014623 1.7014623 2.9092076 1.7071056 1.7071056 2.2739408 1.6877968 1.6877968 3.0216548 1.7407927 2.6837193 1.8281885 2.0930623 2.1529661 2.2083077 2.2211730 2.7523272 1.7503717 1.7160405 1.9060908 3.0556385 3.0556385 2.0837579 2.0837579 2.0466980 2.0466980 1.8297456 1.5724501 1.5724501 1.4962052 1.6633335 1.6421521 1.6719584 1.6719584 1.5006093 1.5834583 1.6259834 2.2174332 1.8393961 2.2671551 3.1707126 1.7983826 1.9465815 2.7241299 2.2215788 2.4867782 2.0003398 1.3116610 1.8054330 1.6948533 1.6522780 1.7802491 2.7927994 2.0042272 1.2692247 2.1903994 1.5663723 1.5655824 2.0264378 2.8068237 2.7843429 1.9802965 1.9870218 4.7194523 
Chofle_EP00730_Choanoeca_flexa_P000333                           5.1544338 0.5733776 1.0597136 1.0824799 1.0521772 0.0000000 0.2536604 0.3583470 0.9296260 0.9937762 0.8977531 1.2108274 1.2111600 0.7486595 1.1359066 1.1285514 1.0194978 0.9750359 1.1320577 1.0452941 1.1866201 1.0250229 1.3993005 1.5225637 1.5261303 1.3456970 1.3589956 1.2528884 1.3991933 1.2120106 1.5973168 2.2589622 2.2213647 1.6756481 1.2158204 1.3998340 1.5897485 1.5897485 1.5999293 1.7249359 1.3624847 1.5978215 1.4593845 1.4355145 1.4644561 1.4073994 1.2742811 1.3743777 1.3516706 1.7686033 2.8352832 1.5672173 1.4237774 1.3934048 1.8144802 1.5832863 2.4327765 1.5977821 1.5541177 1.5541177 2.0845777 1.6110279 1.6110279 1.8746718 1.5480031 1.5480031 2.2761948 1.5530584 2.3080503 1.5982947 1.8368826 1.8457900 1.9272159 1.9619350 2.3443946 1.5413856 1.5228339 1.6591873 2.4682270 2.4682270 1.8112605 1.8112605 1.7240741 1.7240741 1.6540810 1.4236880 1.4236880 1.3648748 1.6591332 1.6187682 1.6006822 1.6006822 1.4099948 1.6009481 1.7141776 2.0072469 1.7314830 1.9127320 2.4056923 1.6419080 1.6107459 2.1544685 1.5476173 3.1669167 2.7343359 1.3985824 1.7700241 1.9645131 1.7224562 1.6953345 2.8404807 1.8389013 1.2960540 1.8166351 1.6704369 1.3418472 1.6791423 1.9501859 2.3822432 2.0042898 1.9565258 5.5510397 
Choper_EP00045_Choanoeca_perplexa_P016083                        5.4517977 0.5464990 1.0663329 0.9983849 1.0721879 0.2536604 0.0000000 0.3665321 0.9044473 1.0013080 0.8753935 1.2101958 1.2573961 0.6711677 1.0165669 1.1010805 1.0442467 0.9747703 1.1794976 0.9841253 1.1521512 0.9973008 1.3616073 1.4487879 1.4358973 1.2343240 1.2782231 1.1431061 1.2530125 1.1344178 1.4629798 2.0040160 2.0152465 1.5405816 1.1291298 1.3572606 1.3632490 1.3632490 1.4344679 1.4482853 1.2999060 1.5024799 1.3719230 1.3646518 1.3315724 1.2315887 1.2515782 1.3565967 1.4410145 1.4898977 1.9573533 1.6275898 1.3998988 1.4382749 1.7104624 1.6018241 2.1281461 1.6376586 1.5539794 1.5539794 2.1052890 1.6002645 1.6002645 2.1218685 1.6032105 1.6032105 2.7637042 1.5863899 2.3078863 1.6321607 1.8774718 1.8874771 1.9699116 2.0050335 2.3924277 1.5671715 1.4843173 1.6083135 2.3184932 2.3184932 1.7238210 1.7238210 1.6612327 1.6612327 1.6683795 1.4016088 1.4016088 1.4196087 1.5076206 1.5054089 1.4917664 1.4917664 1.2879866 1.5543564 1.6432882 1.9824515 1.7548700 1.9916205 2.5227408 1.7369950 1.7720043 2.2746742 1.5535859 3.6552789 2.9188418 1.1949975 1.7466152 1.6548253 1.6047581 1.6841671 2.4821923 1.8777928 1.2723426 1.7180271 1.6519406 1.3369452 1.5950528 1.9689037 2.3490728 1.9211068 2.1973375 4.9308950 
Chofle_EP00730_Choanoeca_flexa_P000334                           5.0567718 0.5733776 1.0983763 1.2234373 1.1517074 0.3583470 0.3665321 0.0000000 0.9296260 0.9769868 1.0677187 1.2828009 1.3994661 0.9544090 1.2934107 1.1502199 0.9269197 1.1818387 1.3237243 1.0452941 1.4369604 1.0250229 1.7444399 1.5568321 1.8810552 1.5368606 1.5503500 1.4897110 1.5907223 1.2026297 1.9004686 7.7216138 8.2299093 2.1889799 1.2158204 1.2882099 1.8575290 1.8575290 1.9046047 1.9924910 1.7351613 1.7951450 1.4719376 1.6600351 1.6731942 1.6522989 1.5906019 1.7115189 1.3516706 1.9518049 5.4643335 1.8340988 1.6115307 1.6190066 1.9821234 1.8207129 9.0000000 1.6696330 1.5969219 1.5969219 3.3390791 1.5946660 1.5946660 2.7317164 1.7126892 1.7126892 5.9678350 1.6098788 4.1527198 1.6719086 2.0757990 2.1008811 2.2538194 2.3227133 3.9276566 1.6185904 1.5505380 1.7389419 4.4152391 4.4152391 1.9904696 1.9904696 1.8456266 1.8456266 1.8410286 1.4905060 1.4905060 1.4905060 1.8011523 1.7561965 1.8000801 1.8000801 1.7080706 1.7523406 1.8303454 2.5169158 1.8904101 2.2527120 9.0000000 1.8716949 1.7294303 2.6188850 2.6395972 5.8817773 5.9257671 1.4535733 1.7897995 1.8247874 1.7749658 1.9248240 5.5681615 1.8492790 1.3914152 1.8237833 1.7856445 1.6719623 1.9813539 2.2983372 6.4742250 1.7349506 3.2126716 3.1288480 
Diagra_EP00040_Diaphanoeca_grandis_P039326                       4.7996730 0.6687100 0.8586065 0.5628002 0.5199818 0.9296260 0.9044473 0.9296260 0.0000000 0.5379946 0.5379946 1.0801382 0.8884767 0.9057024 1.0387104 1.0808197 0.8874416 0.9459533 0.9533828 1.0307728 1.0906683 1.0847501 1.1732268 1.1355892 1.4230572 1.1974651 1.2271435 1.2075951 1.2832252 1.2314361 1.5399121 0.0000010 0.0000010 1.3543530 1.2239317 1.2538846 1.3186412 1.3186412 1.3630423 1.3344247 1.1982649 1.3384058 1.1263705 1.1503505 1.2120560 1.0345707 1.0751919 1.3686705 1.2984545 1.2874232 2.2965437 1.3104648 1.0694705 1.0464306 1.6068466 1.2891371 0.0000010 1.3149177 1.2119481 1.2119481 7.0419797 1.1678422 1.1678422 1.3943625 1.1692515 1.1692515 2.3593305 1.3457819 2.9375213 1.4724473 1.6310202 1.7273328 1.6806226 1.6869646 3.3806909 1.4549058 1.2036155 1.2649732 1.2384721 1.2384721 1.2429423 1.2429423 1.2204360 1.2204360 1.5741243 1.1777866 1.1777866 1.1777866 1.3296380 1.2927795 1.2751247 1.2751247 1.2680175 1.2747561 1.2859963 1.7428947 1.7949504 1.7040668 0.0000010 1.3275788 1.4146128 1.6981208 0.8825175 3.9669645 0.0000010 0.9635421 1.3891969 1.3925370 1.3682807 1.5102938 0.0000010 1.5635229 1.3234264 1.5406978 1.2343268 1.1804577 1.3977573 1.8171412 0.0000010 1.9886364 1.0523268 2.4630962 
Stedip_EP00041_Stephanoeca_diplocostata_P011656                  5.2951128 0.6230322 1.3332919 0.8106711 0.8322165 0.9937762 1.0013080 0.9769868 0.5379946 0.0000000 0.0187819 1.1478982 1.4176248 1.0905962 1.2819011 1.1900891 0.9973139 1.2265835 1.2097057 0.8206039 1.2454145 1.0434546 1.4563122 1.3684838 1.5294371 1.3266042 1.3312107 1.3571856 1.4614459 1.1210153 1.6684440 3.7755573 3.3101776 1.6064571 0.9985758 1.0904401 1.3887100 1.3887100 1.4186970 1.4876197 1.2373058 1.4013455 1.3938907 1.4114094 1.3876278 1.4968784 1.4887029 1.4618066 1.0351076 1.4475604 2.2736239 1.6748166 1.3576042 1.3385061 1.8007667 1.4798794 4.1646848 1.5052505 1.3861185 1.3861185 2.3920828 1.4212872 1.4212872 1.9201128 1.4302968 1.4302968 2.4594179 1.3631343 2.3275361 1.4157911 1.5477231 1.5953564 1.7305203 1.7349337 2.4197630 1.4888904 1.3393668 1.4701183 2.7654942 2.7654942 1.5488253 1.5488253 1.5306155 1.5306155 1.5031400 1.3028983 1.3028983 1.2822711 1.5999204 1.5715527 1.6073028 1.6073028 1.3289294 1.6619815 1.5281106 2.1018339 1.7967854 2.0796093 5.9235455 1.7413641 1.6266314 2.4988157 1.9528548 5.1368682 6.6850857 1.3187253 1.7725338 1.5749775 1.3633898 1.4818657 2.6239863 1.7160741 1.0484668 1.7466157 1.5013941 1.7657582 1.8031146 1.9301155 4.2111763 2.0073933 2.3335469 3.3047478 
Stedip_EP00041_Stephanoeca_diplocostata_P011655                  3.5365432 0.6230322 1.1198557 0.6237438 0.5901529 0.8977531 0.8753935 1.0677187 0.5379946 0.0187819 0.0000000 1.1865933 1.1589243 0.9833509 1.2136156 0.9714568 0.9108056 0.9869141 0.9779313 0.8206039 1.2184059 1.0434546 1.2017327 1.2189792 1.2564945 1.0303111 1.0338578 1.1255022 1.1326313 1.1859321 1.2942478 1.4857933 1.3368819 1.1272397 0.9985758 0.9596834 1.0751420 1.0751420 1.0786788 1.1715668 1.0754228 1.2720203 1.2387878 1.1604126 1.1569682 1.2843305 1.2461947 1.2431260 1.0351076 1.3547337 1.8251938 1.4694159 1.1421696 1.0991740 1.5724905 1.3079992 5.0747503 1.3218057 1.2190649 1.2190649 1.7849451 1.2368057 1.2368057 1.6287592 1.2595022 1.2595022 2.0407513 1.1388467 1.4463994 1.1819564 1.2146079 1.2445535 1.3446461 1.3415485 1.6078510 1.2499457 1.1056177 1.2620209 2.1621787 2.1621787 1.2926607 1.2926607 1.2952390 1.2952390 1.2928884 1.1051464 1.1051464 1.1051464 1.3143431 1.2920323 1.3550008 1.3550008 1.3184405 1.3530867 1.4564143 1.8377245 1.7301566 1.7474025 0.9104825 1.5760327 1.4267156 1.8545411 1.3786034 2.8631045 2.5227582 1.0440681 1.4839760 1.4825660 1.3084074 1.3773850 1.9245547 1.5072018 1.0891867 1.6560033 1.4636325 1.4325665 1.6669216 1.8427017 2.0864455 1.8541859 1.1930044 3.4454678 
Salurc_EP00051_Salpingoeca_urceolata_P005349                     3.6142525 0.9540438 0.8845518 1.0597992 1.0102461 1.2108274 1.2101958 1.2828009 1.0801382 1.1478982 1.1865933 0.0000000 0.1466750 1.3106743 1.1061500 1.1508575 1.1421747 1.0475719 1.1111797 1.8065552 1.3078464 1.2958160 1.5230107 1.3972586 1.7704695 1.3226336 1.3200502 1.1060909 1.3209197 1.2976535 1.6901709 3.2377765 3.2377765 2.3948587 1.3506758 1.4382116 1.5089706 1.5089706 1.4958420 1.4422527 1.2359530 1.4005487 1.3740862 1.2971295 1.4001118 1.3309980 1.3051329 1.2973675 1.6321374 1.6510397 4.4099771 1.4877697 1.2023868 1.2722669 1.3632594 1.2696047 0.0000010 1.3529035 1.2021563 1.2021563 1.3569492 1.2031501 1.2031501 3.5619552 1.2351793 1.2351793 1.6402309 1.3643114 2.6754008 1.5389972 1.5793836 1.6529158 2.3932829 2.8442304 2.6754008 1.4406162 1.3071442 1.6096827 2.8146566 2.8146566 1.6725376 1.6725376 1.5790393 1.5790393 1.7471310 1.5901329 1.5901329 1.5901329 1.5512931 1.5365754 1.5400485 1.5400485 1.3185104 1.5691429 1.5723814 1.8354926 1.8567769 1.7134070 0.0000010 1.4979226 1.7702917 4.0933908 1.3797658 6.0980325 1.4659672 1.0779365 1.7215948 1.6709644 1.8625095 1.8189704 1.6841242 1.8000641 1.2998366 1.5757689 1.5792923 1.6983252 3.2304379 8.9999983 2.0588852 2.0086950 1.8128014 8.9999981 
Salurc_EP00051_Salpingoeca_urceolata_P005350                     4.6280968 0.6451120 1.0962432 1.0741515 1.0780487 1.2111600 1.2573961 1.3994661 0.8884767 1.4176248 1.1589243 0.1466750 0.0000000 1.4456509 1.3672100 1.3672646 1.2529546 1.1288474 1.2839408 1.0558931 1.3214788 1.2661011 1.6830530 1.6534096 1.6812744 1.6046129 1.5946266 1.3661641 1.5574671 1.3332545 1.7864355 2.8087357 2.9262542 1.8778118 1.2952894 1.4924704 1.7025703 1.7025703 1.7162600 1.6316847 1.5226781 1.8287620 1.5453507 1.6275585 1.6533478 1.5068321 1.5627749 1.6498596 1.2081710 1.7828868 2.6676902 1.7199475 1.6406369 1.8145479 1.7235998 1.7135964 2.0899013 1.6618617 1.5546874 1.5546874 2.3632426 1.6595806 1.6595806 2.1621403 1.6377625 1.6377625 2.8047912 1.8127792 3.2151729 1.9165923 2.0592805 2.0979572 2.2663954 2.3287529 2.9936297 1.7085992 1.5882375 1.7708396 2.7690363 2.7690363 1.8150036 1.8150036 1.7784124 1.7784124 1.9033875 1.6206944 1.6206944 1.6100362 1.8833559 1.8065493 1.8290414 1.8290414 1.5443585 1.7556772 1.7998119 2.2485700 1.6959187 2.2110450 2.8653429 1.7037847 1.9677973 2.6049204 1.9866954 4.0731761 2.6037080 1.4653268 1.8024847 1.7187842 1.8817163 1.8530833 2.6655669 2.0677742 1.3504708 1.9731907 1.7295758 1.5308095 2.3067917 2.4529549 2.5857092 2.5120584 2.3710943 5.2411513 
Mbre_EDQ85636                                                    4.8530716 0.7665663 1.2783823 1.0673202 1.1498567 0.7486595 0.6711677 0.9544090 0.9057024 1.0905962 0.9833509 1.3106743 1.4456509 0.0000000 1.2348131 1.1623139 1.0824897 1.1092873 1.2533669 1.1286473 1.2930975 1.0149186 1.3157848 1.5024189 1.3245731 1.3568656 1.3917000 1.3529295 1.3532621 1.2460945 1.5201217 1.8235859 1.8631960 1.6048775 1.3583084 1.4029101 1.5445579 1.5445579 1.5817747 1.6284990 1.4422939 1.5576456 1.3319647 1.4961794 1.3025488 1.4272312 1.3341586 1.3775623 1.2577124 1.7672264 2.3979367 1.7018594 1.6332044 1.5769273 1.7074318 1.6236653 2.3370036 1.5961090 1.5407742 1.5407742 2.1141225 1.5776237 1.5776237 1.9793298 1.6181308 1.6181308 2.4417566 1.5615615 2.2275058 1.6075414 1.8002195 1.7983853 1.8765470 1.9098308 2.3215088 1.5611770 1.5010079 1.7992576 2.4329005 2.4329005 1.8274764 1.8274764 1.7731300 1.7731300 1.7317184 1.6484010 1.6484010 1.6237979 1.8563758 1.8278868 1.7317142 1.7317142 1.5969713 1.7810694 1.8622047 2.1247015 1.9231754 2.0983198 2.6432006 1.9012500 1.8690829 2.1674396 1.5960516 3.1100510 2.6031630 1.4272331 1.6367004 1.7789216 1.6003659 1.8305999 2.3666279 1.9481618 1.3224728 1.7873886 1.5551312 1.4134038 1.6315964 2.2115755 2.1723582 2.2187039 2.1403767 4.3229921 
Sros_EGD76680                                                    4.2761262 0.6457022 1.3505578 1.2375669 1.2779285 1.1359066 1.0165669 1.2934107 1.0387104 1.2819011 1.2136156 1.1061500 1.3672100 1.2348131 0.0000000 0.4547015 1.1966397 1.1966482 1.2888667 1.1800967 1.3646455 0.9223728 1.4439074 1.5601517 1.5238867 1.4438287 1.4192402 1.4377433 1.4597909 1.3084703 1.6578314 2.2501579 2.1874739 1.7795746 1.1472991 1.4893937 1.7355004 1.7355004 1.6483165 1.7134996 1.4060557 1.7168929 1.2975407 1.4945504 1.5514897 1.4310634 1.4600199 1.5460381 1.1113059 1.8424986 3.1625100 1.7741246 1.6099156 1.7808209 1.7516619 1.5453597 2.3236454 1.5348185 1.5173884 1.5173884 2.6456557 1.5645032 1.5645032 2.1592414 1.5511625 1.5511625 3.0285853 1.6779638 3.0097956 1.8034602 2.0721117 2.0723629 2.2285255 2.2563991 2.8421081 1.6000313 1.4918798 1.7616309 2.6679414 2.6679414 1.8918528 1.8918528 1.8351434 1.8351434 1.6098951 1.4524897 1.4524897 1.4391415 1.6188581 1.6227625 1.5875240 1.5875240 1.5155764 1.6350452 1.6120905 2.0546602 1.8186611 2.1271082 2.9298442 1.7977755 1.9456146 2.6997551 1.5240890 3.0977192 2.7644880 1.7044711 1.8294657 1.9353776 1.9351196 2.0072172 2.9708602 1.9038383 1.0467225 1.8426250 1.6297128 1.2916290 1.7751334 2.2608718 2.6884860 2.0904396 2.5091954 4.8743964 
Microa_EP00043_Microstomoeca_roanoka_P027933                     3.6373125 0.6585008 1.2780527 1.2498562 1.3170442 1.1285514 1.1010805 1.1502199 1.0808197 1.1900891 0.9714568 1.1508575 1.3672646 1.1623139 0.4547015 0.0000000 1.1309319 1.0487183 1.2206201 1.2312256 1.1532527 1.0687548 1.5110771 1.4685432 1.5420693 1.3054531 1.3233986 1.3199362 1.4207945 1.3492323 1.5184719 1.9124138 1.7891101 1.6057993 1.0455297 1.3339188 1.5211318 1.5211318 1.5143621 1.6025707 1.3890761 1.6428002 1.3112304 1.3944492 1.4200158 1.3550394 1.5596237 1.4653734 0.9837828 1.6933010 2.6487975 1.6855177 1.4448165 1.4879051 1.6236447 1.5480728 2.2915627 1.5056420 1.4743926 1.4743926 2.3269561 1.6412870 1.6412870 2.0538361 1.5442789 1.5442789 2.6635038 1.6128909 2.6411745 1.7216785 1.9176447 1.9358728 2.0658108 2.0881985 2.6984547 1.5757047 1.4317234 1.6821232 2.7128151 2.7128151 1.8246067 1.8246067 1.7461258 1.7461258 1.5730217 1.3544101 1.3544101 1.3119245 1.5883564 1.5738591 1.5502554 1.5502554 1.3093384 1.5573027 1.4775042 1.9305439 1.8264490 1.8760062 1.9860382 1.5795266 1.9492112 2.5199641 1.3933834 3.8028339 2.6450891 1.5490121 1.8854610 1.8741983 1.7730892 1.9416514 2.1205896 1.7026639 1.1740075 1.7356160 1.5817629 1.2285369 1.9128061 2.0651160 2.4165148 2.2272432 2.7271435 5.3957372 
Mylflu_EP00047_Mylnosiga_fluctuans_P002240                       4.5230525 0.6939434 1.1944819 1.2681203 1.2721352 1.0194978 1.0442467 0.9269197 0.8874416 0.9973139 0.9108056 1.1421747 1.2529546 1.0824897 1.1966397 1.1309319 0.0000000 0.7491658 1.2711293 0.8315633 1.0992040 0.8928910 1.2105355 1.1383183 1.2442017 1.1655039 1.2066598 1.0610961 1.1948186 1.1690384 1.3632898 2.1097693 2.1669765 1.2794686 1.1381965 1.1559643 1.3924751 1.3924751 1.3742572 1.4432403 1.2045860 1.3550206 1.0264770 1.2293059 1.2485221 1.1564536 1.2067416 1.4027457 1.4189823 1.6971261 3.8277996 1.3805608 1.1922522 1.2311300 1.6804588 1.4263505 7.0340797 1.4172002 1.2049535 1.2049535 1.8142420 1.3761528 1.3761528 1.5605214 1.2711681 1.2711681 2.2102109 1.4032397 2.4957399 1.5394759 1.6693198 1.6857062 1.7554818 1.7790990 2.4770308 1.3088009 1.2536022 1.4697165 2.1949341 2.1949341 1.4565110 1.4565110 1.4900876 1.4900876 1.5972619 1.2882208 1.2882208 1.2882208 1.3197343 1.2679905 1.3142226 1.3142226 1.1009967 1.3074194 1.3067665 1.8988717 1.8579539 1.8370265 2.5770925 1.4631224 1.6058551 2.0437291 1.3122366 3.7293193 3.4390030 1.3259585 1.5986560 1.4998193 1.6195078 1.7010604 3.0838746 1.5366727 1.1558780 1.8483495 1.3619615 1.5296436 1.4186290 1.5108671 3.7795397 1.7498495 1.7491453 4.7412040 
Salpun_EP00053_Salpingoeca_punica_P008921                        4.8320551 0.7568034 1.0880128 1.0744833 1.1447269 0.9750359 0.9747703 1.1818387 0.9459533 1.2265835 0.9869141 1.0475719 1.1288474 1.1092873 1.1966482 1.0487183 0.7491658 0.0000000 1.0109666 1.0447106 0.9838984 1.0912441 1.0843951 1.1996480 1.2545004 1.1040250 1.0975190 1.0702520 1.1724783 1.0579650 1.2939379 1.7323860 1.9717125 1.3194867 1.1649247 1.1765194 1.3230768 1.3230768 1.3333571 1.3678140 1.2367518 1.3559497 1.0710050 1.2378154 1.2189901 1.2530637 1.2468302 1.2362073 1.4529037 1.4796617 2.1153445 1.5189766 1.3272861 1.3947856 1.4512657 1.3300654 1.6812829 1.3364323 1.2548966 1.2548966 1.6605536 1.3239053 1.3239053 1.6251834 1.3175819 1.3175819 1.9757114 1.3033690 1.7507270 1.3624727 1.4721028 1.4651228 1.5104403 1.5105286 1.7984221 1.3455672 1.2436399 1.3814158 1.8870592 1.8870592 1.4691662 1.4691662 1.4536478 1.4536478 1.3969881 1.2675280 1.2675280 1.2474102 1.4927066 1.4547050 1.4656093 1.4656093 1.3885616 1.4390503 1.4641161 1.7782022 1.4675358 1.8317144 2.6773225 1.3180637 1.5216324 2.1203125 1.3148077 3.7869437 2.9062668 1.2470002 1.5878736 1.5792053 1.7323815 1.7777946 2.5817383 1.4817930 1.0873991 1.8935074 1.4778439 1.3633665 1.5686389 1.8371893 1.8862959 1.6544593 1.5076254 4.3764183 
Saldol_EP00054_Salpingoeca_dolichothecata_P031729                5.2655000 0.7343159 1.1902277 1.2599400 1.2513223 1.1320577 1.1794976 1.3237243 0.9533828 1.2097057 0.9779313 1.1111797 1.2839408 1.2533669 1.2888667 1.2206201 1.2711293 1.0109666 0.0000000 0.9745858 1.2296363 1.0090428 1.3174284 1.2796296 1.3352318 1.3606939 1.3562796 1.2661114 1.3919498 1.2727322 1.4937639 2.0168911 2.0386830 1.6612482 1.0515555 1.3137332 1.3495632 1.3495632 1.4161395 1.4527021 1.1548929 1.5083952 1.2265688 1.2970083 1.3211066 1.2869461 1.3430163 1.2897856 1.3918995 1.6336348 2.3151307 1.4673561 1.2947952 1.3553514 1.6727495 1.4469934 2.0143261 1.5368307 1.5010603 1.5010603 2.2599993 1.5271177 1.5271177 1.8747523 1.4738904 1.4738904 2.3253117 1.5562083 2.2305728 1.6627905 1.7626332 1.8188153 1.8880171 1.8940861 2.3150361 1.5949606 1.4221891 1.7109573 2.4475060 2.4475060 1.8064636 1.8064636 1.7529543 1.7529543 1.6773405 1.3815464 1.3815464 1.3683023 1.4191627 1.4030528 1.4036807 1.4036807 1.2172790 1.4229905 1.3966335 1.7189738 1.5758517 1.6725090 2.1568541 1.4117850 1.5701239 1.9085920 1.5708121 2.3262518 2.3680665 1.4284242 1.6220234 1.8988478 1.7785722 1.7861778 2.4756044 1.5584662 1.2565295 1.6341808 1.5034948 1.5919523 1.9124807 1.6970738 2.0647514 2.0026886 1.9439763 5.3116198 
Lcom_lcpid214487                                                 6.6033800 0.8259840 0.8745804 0.8843817 0.8799539 1.0452941 0.9841253 1.0452941 1.0307728 0.8206039 0.8206039 1.8065552 1.0558931 1.1286473 1.1800967 1.2312256 0.8315633 1.0447106 0.9745858 0.0000000 1.1989163 1.0161001 0.9590581 1.0374930 1.1296885 1.0090519 1.0048707 0.9227747 1.0044494 0.9833106 1.0141070 0.0000010 0.0000010 0.9511720 1.5320945 1.1526459 1.2911815 1.2911815 1.2534767 1.1358272 1.1300592 1.3847660 0.9964668 1.0681873 0.9838281 1.1289331 1.0640203 1.3834852 1.3995119 1.2455061 0.0000010 1.3315464 1.0260554 1.0994138 1.5446708 1.4307931 0.0000010 1.3740884 1.4288800 1.4288800 0.0000010 1.3573980 1.3573980 1.2179519 1.4971560 1.4971560 0.0000010 1.4031765 0.0000010 1.4031765 1.1736390 1.1943862 1.2436548 1.2532799 4.4723092 1.3407409 1.4073961 1.3526135 0.0000010 0.0000010 1.1589103 1.1589103 1.2949781 1.2949781 1.4570100 1.2618337 1.2618337 1.2618337 1.2339161 1.2100488 1.2651465 1.2651465 1.1864344 1.1822453 1.1759045 1.6295731 1.4704214 1.3769517 0.0000010 1.3030107 1.3750217 1.1038645 0.7237200 2.3602917 0.0000010 1.0643707 1.2331010 1.2995481 1.3873506 1.3266366 0.0000010 1.2443347 1.3752051 1.2298928 1.6138920 1.5643252 1.3412030 0.8975269 0.0000010 3.1248125 0.0000010 1.1387521 
Salmac_EP00052_Salpingoeca_macrocollata_P001681                  4.9582289 0.8096049 1.3325522 1.4251258 1.4753514 1.1866201 1.1521512 1.4369604 1.0906683 1.2454145 1.2184059 1.3078464 1.3214788 1.2930975 1.3646455 1.1532527 1.0992040 0.9838984 1.2296363 1.1989163 0.0000000 1.3136370 1.5102796 1.4154204 1.6475940 1.5573372 1.5281661 1.4497410 1.5696649 1.4004434 1.6535527 2.0727805 2.2849992 1.6446881 1.3269241 1.3397523 1.6123459 1.6123459 1.6080130 1.7550905 1.3767798 1.5832139 1.3895999 1.5817297 1.6130494 1.4707132 1.5361711 1.4621146 1.1546129 1.6025765 2.1421917 1.7326474 1.7564729 1.7412739 1.6396258 1.5266949 1.8824422 1.7225071 1.6462328 1.6462328 2.1428352 1.7641101 1.7641101 1.8786180 1.6778520 1.6778520 2.3570675 1.6180218 2.3550503 1.6977782 1.7565616 1.8367743 1.9500154 1.9505175 2.4237173 1.5558496 1.4608686 1.7327032 2.2378324 2.2378324 1.6836643 1.6836643 1.7105337 1.7105337 1.8297451 1.4841369 1.4841369 1.4520859 1.6768109 1.6349611 1.6368020 1.6368020 1.5902846 1.6216737 1.6702559 2.0759897 1.9594244 2.0555623 2.0376127 1.7511097 1.9573295 2.8227913 1.6471344 3.5290093 2.4779823 1.4093900 1.9363965 2.1144974 2.0244026 2.0426458 2.8329971 2.0401092 1.5158217 2.0965925 1.4981967 1.4837692 1.7062104 2.4067066 2.6929446 2.4069180 1.9483857 5.2633538 
Lcom_lcpid176645                                                 3.7326066 1.0991231 1.0228068 1.2048142 1.1340021 1.0250229 0.9973008 1.0250229 1.0847501 1.0434546 1.0434546 1.2958160 1.2661011 1.0149186 0.9223728 1.0687548 0.8928910 1.0912441 1.0090428 1.0161001 1.3136370 0.0000000 0.2349305 0.2696246 0.3932712 0.3675527 0.3623349 0.3899657 0.4517765 0.3926271 0.5959225 0.0000010 0.0000010 0.4519625 0.5455687 0.5778201 0.6317797 0.6317797 0.6153995 0.6163390 0.3996334 0.6208782 0.3903808 0.3915891 0.4159595 0.3630046 0.4155122 0.5039002 0.7573669 0.8234244 0.0000010 0.7783374 0.5021522 0.5362917 0.6278114 0.5382539 0.0000010 0.7598589 0.6406176 0.6406176 0.0000010 0.6295257 0.6295257 0.3467079 0.6125578 0.6125578 0.0000010 0.5922393 0.0000010 0.6727358 0.7051876 0.6847490 0.6725975 0.6816776 0.0000010 0.6445057 0.6062074 0.8243949 0.0000010 0.0000010 0.7421670 0.7421670 0.7493282 0.7493282 0.7516850 0.7857317 0.7857317 0.7857317 0.7468054 0.7709766 0.7609814 0.7609814 0.7373488 0.7338988 0.7231001 0.9835353 0.9927559 0.9870397 0.0000010 0.7692652 0.7973167 1.0476293 0.3574660 6.2739020 0.0000010 1.1902767 0.9745205 0.9633645 1.0978257 0.9174219 0.0000010 1.0079581 0.7264930 1.4781730 1.5139190 1.5052846 0.6937275 0.6378718 0.0000010 1.0186526 0.0000010 0.7822469 
Cgig_XM_011427838.3                                              5.2405210 1.0194375 1.5456375 1.5659226 1.5868708 1.3993005 1.3616073 1.7444399 1.1732268 1.4563122 1.2017327 1.5230107 1.6830530 1.3157848 1.4439074 1.5110771 1.2105355 1.0843951 1.3174284 0.9590581 1.5102796 0.2349305 0.0000000 0.5385108 0.5630100 0.7235401 0.7143787 0.7053430 0.7765010 0.5445214 0.8379002 1.3122840 1.3963472 0.8959614 0.5932805 0.7166005 0.8665533 0.8665533 0.8645649 0.8596209 0.5352610 0.8394291 0.6563506 0.7064053 0.7309185 0.7136305 0.6216185 0.7200764 0.8518895 1.1600884 1.6217273 1.0042137 0.9401039 1.0193373 0.9863117 0.7279380 1.1704159 0.9440981 0.9337075 0.9337075 1.4158142 0.9381363 0.9381363 1.0246546 0.8968399 0.8968399 1.4420266 0.9845003 1.4751486 1.0529121 1.1334161 1.1560830 1.1913251 1.2036266 1.4539293 1.0219844 0.9015057 1.1201305 1.4723427 1.4723427 1.0855545 1.0855545 1.0975679 1.0975679 1.1075132 1.0132691 1.0132691 0.9918403 1.1232985 1.1167122 1.1016011 1.1016011 1.0101339 1.1059171 1.1544379 1.3452955 1.0456846 1.3991571 1.8402801 1.0739907 1.1814075 1.4639559 0.8043179 2.6655948 2.0252389 1.7378222 1.4355581 1.5423203 1.5272208 1.2597547 2.4886615 1.3478884 0.8104097 2.1290605 1.7279704 1.8010497 1.4257437 1.3405661 1.3768387 1.1934701 1.8783701 3.1151455 
Acagra_model.g965.t1                                             4.8247083 1.0242337 1.5938452 1.4744528 1.5379417 1.5225637 1.4487879 1.5568321 1.1355892 1.3684838 1.2189792 1.3972586 1.6534096 1.5024189 1.5601517 1.4685432 1.1383183 1.1996480 1.2796296 1.0374930 1.4154204 0.2696246 0.5385108 0.0000000 0.6463321 0.7595727 0.7302011 0.7200958 0.7768788 0.5742981 0.8517639 1.2554442 1.2613465 0.9386808 0.5552898 0.6509514 0.8492840 0.8492840 0.8192550 0.9042088 0.5574514 0.9310288 0.6791178 0.7818526 0.8221711 0.8170876 0.6471461 0.7694283 0.7642092 1.0942010 1.6190197 1.0431832 1.0313327 1.0148772 1.0866901 0.7055308 1.3659182 1.0300803 0.9449106 0.9449106 1.5474782 0.9815179 0.9815179 1.0585684 0.9285426 0.9285426 1.5941430 0.9678530 1.6363276 1.0245711 1.1665608 1.1793764 1.2073548 1.2201707 1.7936432 0.9761810 0.9745494 1.2004539 1.8559750 1.8559750 1.2761417 1.2761417 1.2340342 1.2340342 1.0635638 0.9421405 0.9421405 0.8963957 1.0765820 1.0452136 1.0282691 1.0282691 0.9157567 1.0604020 1.1049249 1.2994793 1.0615452 1.3173671 2.1165376 1.0610336 1.2439462 1.6118265 0.8953061 2.5055609 1.8955871 1.6443920 1.4652572 1.4571741 1.4219805 1.1633640 2.0813265 1.3053889 0.7848701 2.2910858 1.8588730 1.9555678 1.2508286 1.1748686 1.5969396 1.2769635 2.0239916 3.4454902 
Ctel_gnl_WGS_AMQN_CAPTEDRAFT_mRNA179091                          4.4100019 1.1227341 1.6269650 1.6394589 1.7178192 1.5261303 1.4358973 1.8810552 1.4230572 1.5294371 1.2564945 1.7704695 1.6812744 1.3245731 1.5238867 1.5420693 1.2442017 1.2545004 1.3352318 1.1296885 1.6475940 0.3932712 0.5630100 0.6463321 0.0000000 0.7860275 0.8046900 0.8590426 0.8902712 0.7421120 0.9077590 1.2227458 1.2541878 0.9924001 0.6889074 0.7910055 0.9441971 0.9441971 0.9585458 0.9151814 0.6515606 1.0848067 0.7612360 0.7705611 0.7962684 0.8271312 0.7760919 0.7902959 0.7553616 1.1386981 1.6373879 1.0953365 0.9418119 0.9292370 1.1613337 0.7883905 1.3401390 1.0783724 0.9667266 0.9667266 1.1916957 1.0323389 1.0323389 1.0416897 0.9656480 0.9656480 1.4570015 0.9940224 1.3689322 0.9917050 1.1311228 1.1423076 1.1354247 1.1629974 1.4335894 1.0532568 0.9911910 1.1295894 1.5290907 1.5290907 1.1699675 1.1699675 1.1417099 1.1417099 1.0259878 0.9756700 0.9756700 0.9580245 1.3000481 1.2630767 1.2481322 1.2481322 1.1352073 1.2610595 1.3249639 1.4494567 1.1455232 1.4510347 2.4534837 1.1398415 1.3215868 1.5797186 0.7717999 2.7659666 2.0464195 1.8664366 1.5927153 1.6187506 1.6918023 1.3268853 2.5102205 1.3920173 0.9282654 2.2901991 1.8924145 2.0825106 1.2588222 1.3358136 1.3192172 1.5538503 1.7699152 3.6828149 
Spis_XP_022783696_1                                              3.9736296 0.8460724 1.5235863 1.4243091 1.5367875 1.3456970 1.2343240 1.5368606 1.1974651 1.3266042 1.0303111 1.3226336 1.6046129 1.3568656 1.4438287 1.3054531 1.1655039 1.1040250 1.3606939 1.0090519 1.5573372 0.3675527 0.7235401 0.7595727 0.7860275 0.0000000 0.0567473 0.1794505 0.2417812 0.1857882 0.1995415 0.2366945 0.2855568 0.2763481 0.4098844 0.7164690 0.8436752 0.8436752 0.8321302 0.8757991 0.6530724 0.9419737 0.7391060 0.4502309 0.5111115 0.8600371 0.7882318 0.8013273 0.8998402 1.3119962 2.0387883 1.1676859 0.7916620 0.7965212 0.9938939 0.8464575 1.5410160 1.0726421 0.9676641 0.9676641 1.6565747 0.9753743 0.9753743 1.3274118 1.0438180 1.0438180 1.8825110 1.0390787 1.7741720 1.1100292 1.3205482 1.3476222 1.4067712 1.4236486 1.9478376 1.0547355 0.9807585 1.2228014 1.9332483 1.9332483 1.3256217 1.3256217 1.2849798 1.2849798 1.0861577 0.9286004 0.9286004 0.8828000 0.9871420 0.9809442 0.9964726 0.9964726 0.8495338 0.9958714 1.0944527 1.2871025 0.9328676 1.3517986 2.4024264 1.0113539 1.1467443 1.6708653 0.8793740 2.6680397 2.2980615 1.5388113 1.5425914 1.6813404 1.5822808 1.3013597 2.4345178 1.2615121 0.7662676 2.1655736 1.5894062 1.6548896 1.3263983 1.2409073 1.3957392 1.4247375 1.8725351 2.6787176 
Pocdam_XM_027181998.1                                            4.1007729 0.8335143 1.5193999 1.4285710 1.5486637 1.3589956 1.2782231 1.5503500 1.2271435 1.3312107 1.0338578 1.3200502 1.5946266 1.3917000 1.4192402 1.3233986 1.2066598 1.0975190 1.3562796 1.0048707 1.5281661 0.3623349 0.7143787 0.7302011 0.8046900 0.0567473 0.0000000 0.1667439 0.2211703 0.1596685 0.1780696 0.2235981 0.2650283 0.2354950 0.3854581 0.7330185 0.8407273 0.8407273 0.8393681 0.8857257 0.6381315 0.9458644 0.7419447 0.4562297 0.5184818 0.8229024 0.7476750 0.7931272 0.8151684 1.3093432 2.1251150 1.1597371 0.7597928 0.7517511 0.9706665 0.8003268 1.5967129 1.0720059 0.9753320 0.9753320 1.6821845 0.9902577 0.9902577 1.3185124 1.0381806 1.0381806 1.9106553 1.0351079 1.7942171 1.1057712 1.3142791 1.3410379 1.3996544 1.4163512 1.9553057 1.0340856 0.9642416 1.2246599 2.0392738 2.0392738 1.3281007 1.3281007 1.2872121 1.2872121 1.0939733 0.9151923 0.9151923 0.8707811 1.0182052 1.0117414 1.0363897 1.0363897 0.8730813 0.9916590 1.0899353 1.2725195 0.9058547 1.3362433 2.3553449 0.9840631 1.1245970 1.6960748 0.8579229 2.5776164 2.1498390 1.5331513 1.5227089 1.6723558 1.5763108 1.3052320 2.4223752 1.2538985 0.7728869 2.0767442 1.5551975 1.6452011 1.3267819 1.2148488 1.3643312 1.4648398 1.9413402 2.5798855 
Amil_Amillepora03254-RA                                          5.0600093 0.7663479 1.3222894 1.4830761 1.5756260 1.2528884 1.1431061 1.4897110 1.2075951 1.3571856 1.1255022 1.1060909 1.3661641 1.3529295 1.4377433 1.3199362 1.0610961 1.0702520 1.2661114 0.9227747 1.4497410 0.3899657 0.7053430 0.7200958 0.8590426 0.1794505 0.1667439 0.0000000 0.0034848 0.1344273 0.2118984 0.2858358 0.2981229 0.1258762 0.3796589 0.5258309 0.7755905 0.7755905 0.7943176 0.7491761 0.6011979 0.8935650 0.7080926 0.4351524 0.5065639 0.7328432 0.7548967 0.7597209 1.0162248 1.2335243 1.8362578 0.9647603 0.6867637 0.7104431 0.9795072 0.7568925 1.8281481 0.9272407 0.8441049 0.8441049 1.4755605 0.8682260 0.8682260 1.2343592 0.9509615 0.9509615 1.6842160 0.9320587 1.6552142 1.0105217 1.2410106 1.2717995 1.3435303 1.3641792 1.8259318 0.9119810 0.9027693 1.1595995 1.9147178 1.9147178 1.2750267 1.2750267 1.2033338 1.2033338 1.0186284 0.9329929 0.9329929 0.8720233 0.9373639 0.9471054 0.9605207 0.9605207 0.8029249 0.9526929 1.0994700 1.3771336 0.9159999 1.3541416 2.9433287 0.9425484 1.1365743 1.8748442 0.7899600 2.6851253 2.1883219 1.5739186 1.4305369 1.5602094 1.4357197 1.1376373 1.7145400 1.2680067 0.7377022 1.9379643 1.4542615 1.5971027 1.3417800 1.2382145 1.4591932 1.4266673 2.4476151 2.8551855 
Adig_XM_015915891.1                                              4.5463765 0.8517466 1.4059406 1.4859509 1.5993261 1.3991933 1.2530125 1.5907223 1.2832252 1.4614459 1.1326313 1.3209197 1.5574671 1.3532621 1.4597909 1.4207945 1.1948186 1.1724783 1.3919498 1.0044494 1.5696649 0.4517765 0.7765010 0.7768788 0.8902712 0.2417812 0.2211703 0.0034848 0.0000000 0.2292845 0.2579150 0.3306425 0.3533492 0.1777024 0.4341775 0.7805728 0.9312823 0.9312823 0.9502158 0.8851530 0.7025765 1.0216547 0.7739473 0.5166729 0.5580787 0.8573798 0.8382572 0.8247073 0.9822053 1.3079367 1.9741389 1.2269774 0.8662775 0.8732832 1.0931351 0.8157525 1.8281481 1.0750956 1.0221412 1.0221412 1.8056168 1.0735357 1.0735357 1.4351546 1.1188220 1.1188220 2.0532887 1.1335172 2.0463749 1.2113201 1.4777856 1.4779617 1.5471487 1.5674796 2.1789801 1.1174383 1.0515589 1.3920200 2.3762498 2.3762498 1.5355399 1.5355399 1.4551228 1.4551228 1.1961266 1.0094318 1.0094318 0.9562661 1.0326026 1.0324136 1.0264757 1.0264757 0.8327848 1.0376109 1.1433620 1.4014072 0.9984059 1.3999380 2.6576013 1.0302403 1.1707771 1.6323551 0.9485290 2.5496835 2.1384643 1.5953595 1.5973498 1.7007176 1.6644902 1.3246272 2.2793119 1.3322640 0.7336224 2.1376262 1.6380152 1.7957064 1.3163033 1.4124409 1.7550194 1.4514039 2.4141429 2.7111242 
Fspp_ffun1.m4.33945.m1                                           5.3701954 0.8524756 1.0739588 1.3526838 1.2943135 1.2120106 1.1344178 1.2026297 1.2314361 1.1210153 1.1859321 1.2976535 1.3332545 1.2460945 1.3084703 1.3492323 1.1690384 1.0579650 1.2727322 0.9833106 1.4004434 0.3926271 0.5445214 0.5742981 0.7421120 0.1857882 0.1596685 0.1344273 0.2292845 0.0000000 0.3070533 6.1212227 4.1966490 0.3296899 0.4170310 0.6031606 0.7301267 0.7301267 0.7158816 0.6895547 0.5563261 0.7596576 0.5956482 0.4267771 0.4437926 0.6911793 0.6833043 0.6698351 0.9193748 1.1837981 4.4204341 0.9895393 0.5795985 0.5879093 0.7690392 0.6915110 0.0000010 0.8562713 0.8346730 0.8346730 3.3883004 0.7997774 0.7997774 1.2074456 0.8073217 0.8073217 3.9937919 0.8570603 3.3605300 0.9481526 1.2315596 1.2738744 1.3774004 1.4087093 2.9041181 0.7870125 0.8022170 1.0698380 4.3831424 4.3831424 1.2182364 1.2182364 1.1441819 1.1441819 0.9622777 0.7984250 0.7984250 0.7984250 0.8517270 0.8564950 0.8765810 0.8765810 0.7964674 0.8443453 0.8740621 1.0895443 1.0073421 1.1195928 8.2140772 0.8663196 0.8239658 1.2907848 0.9524498 4.3232050 7.5395157 1.4403387 1.4533675 1.3517045 1.3926212 1.2423544 8.1613726 1.0496802 0.8084710 1.6964770 1.4823131 1.5716122 1.6330413 1.1850011 5.8956267 1.1470038 3.5224440 1.1495017 
Gasp_gasp1.m3.30475.m1                                           4.2859476 1.1933758 1.6787757 1.6752487 1.7650934 1.5973168 1.4629798 1.9004686 1.5399121 1.6684440 1.2942478 1.6901709 1.7864355 1.5201217 1.6578314 1.5184719 1.3632898 1.2939379 1.4937639 1.0141070 1.6535527 0.5959225 0.8379002 0.8517639 0.9077590 0.1995415 0.1780696 0.2118984 0.2579150 0.3070533 0.0000000 0.0369057 0.1343831 0.1778956 0.6337705 0.9088748 1.0064477 1.0064477 0.9919549 1.0726252 0.8111043 1.1199321 0.8792220 0.5659743 0.6311908 0.9522786 0.9317584 0.9639147 0.7997218 1.3862973 2.0454110 1.2635881 0.9806764 0.9708207 1.1433998 0.9506739 1.6977296 1.3002048 1.1533378 1.1533378 1.7140351 1.2063700 1.2063700 1.3428854 1.2592741 1.2592741 1.9576662 1.2189276 1.8251839 1.2320544 1.3476352 1.3760132 1.4342113 1.4517418 1.9367676 1.2361232 1.1448174 1.3274577 2.0827233 2.0827233 1.3812351 1.3812351 1.3364439 1.3364439 1.2207759 1.1141153 1.1141153 1.0571800 1.1897660 1.1836609 1.2077497 1.2077497 1.0834224 1.1420917 1.2485802 1.4981218 1.0629155 1.5047152 2.5173257 1.1796948 1.2777412 1.5944201 0.8747878 2.8113368 2.3087933 1.6932641 1.7535281 1.9239724 1.7533959 1.4694910 2.4319740 1.5493741 1.0215401 2.3628694 1.7571871 1.8789176 1.3934014 1.2250595 1.5222545 1.9285489 2.1499913 2.3561761 
