85
Emue_Em0023g564a.t1                                          0.0000000 0.1432265 0.4803938 0.9590532 0.7944115 0.8833403 0.7445396 1.0591383 0.6040301 3.0849764 0.6405507 0.6531778 0.5799315 0.6872155 0.7380683 0.7696045 0.6560541 0.9380556 0.9235682 0.7052678 0.7017389 0.7390488 0.7903490 0.6330333 0.8228991 0.0000010 0.6992313 0.6011655 0.6052126 0.9778324 0.7851433 0.9056743 0.8507467 0.9675947 0.9352518 1.0131023 1.0431943 0.9993683 1.1033034 0.9468924 1.0324758 0.8386994 1.1687319 0.9568808 0.9454054 0.9252179 1.0391994 0.9808505 0.9969738 0.9626686 1.0672556 1.0779625 0.9597355 0.7786933 0.9675218 5.3688809 0.9901287 0.9995098 0.9796082 0.9981444 1.0020550 1.0463831 1.0247602 1.0247602 0.8705887 2.2123978 2.2123978 1.7058660 1.6799921 1.4023548 1.5678928 1.7960566 1.6337680 1.5960005 1.1359385 0.0000010 1.4366212 1.3611038 0.0000010 0.0000010 0.0000010 1.3231905 1.4507718 3.3856808 0.4555515 
Spolac_c99390_g1_i2_m.19561c32864-g1                         0.1432265 0.0000000 0.4206470 0.9937619 0.6510414 0.6878005 0.5838378 0.7837965 0.4981646 0.6089654 0.5148099 0.5092454 0.4725938 0.5445591 0.5980086 0.5704681 0.5560562 0.7402353 0.7333895 0.5428441 0.5949852 0.6012510 0.5949407 0.5238005 0.6648671 0.0000010 0.6247034 0.5329951 0.5101705 0.7912287 0.8066358 0.8634107 0.7401419 0.7967272 0.7495997 0.8712537 0.9708768 0.8370775 0.8726448 0.7697935 0.8448729 0.6522577 0.7796637 0.9948945 0.7718135 0.7438387 0.8126435 0.7871982 0.8341182 0.7979862 0.8588014 0.9021763 0.7860467 0.6491964 0.7851591 4.4980534 0.8330176 0.7779838 0.7787732 0.7718222 0.7740626 0.7971510 0.7919493 0.7919493 0.7578282 2.2441437 2.2441437 1.7836729 1.4034996 1.3948927 1.2404143 1.4486659 1.3389313 1.3127791 0.9174684 0.5979123 0.0735476 1.1486188 0.3614255 0.3893714 0.3712803 1.1732936 1.2228105 2.2961030 0.3874373 
Tetwil_g9911.t1                                              0.4803938 0.4206470 0.0000000 0.9461202 0.6335940 0.6924552 0.5189578 0.7882747 0.4714306 0.7301426 0.5031135 0.4889262 0.4474416 0.5266467 0.6362065 0.5168682 0.5173153 0.6697337 0.6923923 0.5052237 0.4838598 0.5889890 0.5814318 0.4908000 0.6138101 0.0000010 0.5759864 0.5123052 0.4625913 0.7439584 0.7477412 0.7499227 0.6631492 0.6889608 0.6330415 0.8524663 0.9062600 0.8090614 0.8741380 0.7772298 0.7428473 0.5634252 0.7643702 0.8284620 0.6583092 0.7153951 0.8211245 0.7369507 0.8500901 0.7869164 0.7941226 0.8411671 0.7487282 0.5805071 0.7136442 5.1061909 0.6625116 0.6624001 0.6496806 0.6441827 0.6398926 0.7079650 0.6269062 0.6269062 0.6352620 2.2024153 2.2024153 1.7094932 1.3495414 1.4491943 1.2687604 1.4025007 1.3149457 1.3216157 0.8854657 0.0000010 0.2654390 1.3487326 0.2471418 0.2663385 0.2955803 1.1574223 1.1960249 2.4206531 0.3325326 
Leuniv_Lniv_C799752_01                                       0.9590532 0.9937619 0.9461202 0.0000000 0.3466669 0.2544938 0.4443279 0.4046469 0.9104692 2.3925156 0.8780243 0.8459562 0.8203616 0.8679341 1.0414127 0.8250485 0.9303315 1.1052598 1.1431429 0.9066444 0.9102055 0.8579165 0.9693078 1.0089465 0.8502823 0.0000010 1.3195081 1.2041679 1.1622931 1.1010269 1.0783966 0.9751074 1.0579648 1.1573222 1.0492819 1.1791103 1.3190256 1.3318896 1.3892793 1.1607974 1.1027693 1.1134130 1.2840583 1.1492913 1.2936565 1.1357857 1.2401670 1.1673971 1.3388558 1.1733710 1.1450775 1.1848689 1.1512935 1.0350553 1.3184090 5.9212205 1.2094056 1.2689772 1.2426142 1.2431077 1.2348659 1.2611621 1.2377199 1.2377199 1.2359985 2.2751380 2.2751380 1.7933023 1.7067098 1.5922040 1.7087332 1.8319985 1.6716331 1.6844626 1.3018759 0.0000010 1.4366212 1.5474245 0.0000010 0.0000010 0.0000010 1.4261731 1.6428817 4.0687106 0.6065262 
Lcom_lcpid56139                                              0.7944115 0.6510414 0.6335940 0.3466669 0.0000000 0.2324266 0.2526562 0.3616395 0.8880042 1.1958915 0.8868385 0.8988016 0.8431103 0.8294563 1.0708486 0.9105245 0.7640505 1.0795746 0.7716803 0.9992806 0.9511308 0.9367461 0.9671700 0.8527229 1.0058830 1.0274309 1.2917501 0.8077931 0.8087194 1.0959929 0.9002672 0.8116569 1.1470098 1.1423528 1.1312495 1.1878434 1.0907052 1.1593444 1.6411889 1.1345699 1.3144384 0.9906330 1.1049703 0.8919521 1.1700189 1.3148044 1.2291329 1.1815157 1.3426633 1.2522271 1.3231187 1.3462456 1.3453179 1.0274515 1.0966214 4.9829758 1.1231776 1.2959617 1.2710269 1.2502855 1.2539697 1.2989402 1.2797438 1.3035166 1.2299325 2.0964192 2.0964192 1.7406012 1.8393762 1.2987513 1.6680814 1.7147451 1.7174911 1.7710543 1.0155107 0.8621094 1.1966932 1.1723583 1.3142726 1.3264604 1.5568197 1.6215284 1.6653161 2.3080478 1.7619346 
Scil_scict003926.1                                           0.8833403 0.6878005 0.6924552 0.2544938 0.2324266 0.0000000 0.2945587 0.3068870 0.9147682 1.1954326 0.9157541 0.9321781 0.8301183 0.8100848 1.0673480 0.9056839 0.7881271 1.1358683 0.7673736 1.0128075 0.9448380 0.9317658 0.9914659 0.9054533 1.0257505 0.9857060 1.3416018 0.8686324 0.9034802 1.1173001 1.0164093 0.9048136 1.2211719 1.1712371 1.1685472 1.2240446 1.1144081 1.1879659 1.6430457 1.1672599 1.3477930 1.0832008 1.1991908 0.9226180 1.2310963 1.3394153 1.3003256 1.1776869 1.4220430 1.3617576 1.3688567 1.3491153 1.3994774 1.0879111 1.1627813 4.7779140 1.1805228 1.3887048 1.3629777 1.3755214 1.3624502 1.4709878 1.3858833 1.4104658 1.2973036 1.9474040 1.9474040 1.6723343 1.7987888 1.2401146 1.6123501 1.6825251 1.6420022 1.6751075 1.0558941 0.8597742 1.2715844 1.1503399 1.2965474 1.4123201 1.7071655 1.6675631 1.6928920 2.2924350 1.5907565 
Clacor_Ccor_scaffold14308_01                                 0.7445396 0.5838378 0.5189578 0.4443279 0.2526562 0.2945587 0.0000000 0.3041100 0.4302064 0.3511486 0.4063271 0.4248277 0.3553646 0.4393064 0.4697178 0.4050985 0.4504021 0.5834763 0.6153010 0.4510060 0.4590746 0.4758839 0.4429766 0.5863451 0.4525747 0.0000010 0.6777551 0.5996145 0.5611519 0.4247320 0.9572397 0.8163818 0.6021122 0.5392950 0.5548373 0.6860874 0.9998494 0.7029916 0.8304858 0.7381295 0.6166314 0.5472030 0.6149649 0.7589211 0.5458386 0.5937658 0.5861023 0.5878364 0.7258745 0.6642944 0.6237619 0.6583819 0.7380367 0.5215606 0.4964974 3.3284429 0.5837188 0.7352434 0.7260184 0.7315762 0.7315762 0.8113009 0.7593403 0.7964324 0.7141538 2.0214087 2.0214087 1.4051138 1.0788953 1.1832897 1.0253951 0.9884342 0.9865197 0.9865197 0.5180356 0.4119936 0.3834811 0.8286791 0.2567636 0.2797244 0.3429500 0.8530563 1.0402290 1.5772201 0.4744107 
Gracom_Gcom_scaffold19219_01                                 1.0591383 0.7837965 0.7882747 0.4046469 0.3616395 0.3068870 0.3041100 0.0000000 1.0630563 1.3392620 1.0651349 1.0796154 0.9698687 0.9310811 1.3231625 1.0342303 0.9186728 1.2705365 0.8170026 1.1234157 1.1086760 1.0298211 1.1087575 0.8628174 1.1570601 1.0388842 1.4052201 0.8589553 0.9240561 1.2794314 1.2366726 1.0077730 1.4740529 1.3175861 1.2856385 1.4154328 1.3367916 1.2698404 1.8880886 1.3918566 1.4664411 1.2107343 1.2505358 0.9713524 1.2823033 1.5081451 1.3993394 1.3179829 1.5823769 1.5820148 1.4796558 1.5241079 1.5812114 1.1863679 1.1665776 4.4787291 1.2935845 1.4441668 1.4096208 1.4401021 1.4396974 1.5867322 1.4460348 1.4902394 1.4410352 2.1818438 2.1818438 1.5454859 1.8561608 1.2461632 1.7335356 1.7242694 1.8455580 1.8705756 1.0148445 0.8647818 1.3150373 1.2253248 1.3885112 1.6118747 1.6906169 1.7801773 1.7299500 2.3976052 1.6587474 
Skow_XM_006822082.1                                          0.6040301 0.4981646 0.4714306 0.9104692 0.8880042 0.9147682 0.4302064 1.0630563 0.0000000 0.7891355 0.6181968 0.6236125 0.5271723 0.5969725 0.7136264 0.6369805 0.6218485 0.8321306 0.5736054 0.5533029 0.6816566 0.6022848 0.5294311 0.7116208 0.7641480 1.0070321 1.1374454 0.6734923 0.6543001 0.9374284 0.7445242 0.7304543 1.0782342 1.0002865 1.0273282 1.1182216 0.9142636 1.0543346 1.4583822 1.0566930 1.1328193 0.9160027 1.0594281 0.8240361 0.9039350 1.1468828 1.0319778 0.9314572 1.0903163 1.0573973 1.0972787 1.1493341 1.0664268 0.6740602 0.7483642 4.9283189 0.9696810 1.0354175 1.0214292 1.0011932 0.9972005 1.0740704 1.0333234 1.0492834 1.0076401 2.1679386 2.1679386 1.7534676 1.7005211 1.3638509 1.5994275 1.6087934 1.6710634 1.6891783 0.7875522 0.7335530 1.1501368 0.7877633 1.2309770 1.2802490 1.4485723 1.5643238 1.6779791 2.2318101 1.3836145 
Spis_XP_022782294_1                                          3.0849764 0.6089654 0.7301426 2.3925156 1.1958915 1.1954326 0.3511486 1.3392620 0.7891355 0.0000000 0.2138519 0.2329286 0.2559394 0.1368091 0.4000524 0.6353707 0.9088630 0.9047692 0.4482551 1.1072713 1.0337786 1.0295607 1.1517650 0.7783835 1.1924806 0.9444037 1.5448459 0.7774564 0.6955136 1.1311882 2.9068592 2.7887847 1.3847526 1.3900824 1.3800456 1.4919011 3.5793810 1.2313597 2.0085519 1.3706161 1.6592605 1.2782732 1.2847637 2.0597959 1.0468981 1.3474818 1.1624621 1.1321319 1.5650825 1.5152158 1.4340071 1.5776506 1.4766029 1.1368168 1.1181693 3.7021864 1.1750104 1.2895143 1.2691492 1.2515498 1.2510300 1.2948431 1.2945687 1.3770148 1.5489241 4.4151942 4.4151942 4.1273583 1.8637911 1.6441640 1.8806742 1.7691580 1.8616454 1.9053539 0.7937491 0.7469490 1.2032230 0.3383148 1.2198940 1.4469912 1.6315334 1.8562405 2.1776137 1.8422027 3.3144781 
Gasp_gasp1.m3.27785.m1                                       0.6405507 0.5148099 0.5031135 0.8780243 0.8868385 0.9157541 0.4063271 1.0651349 0.6181968 0.2138519 0.0000000 0.0887295 0.1246186 0.1493283 0.2092089 0.4451253 0.6248144 0.7001540 0.4990352 0.8261162 0.7640804 0.7792471 0.8151797 0.5604897 0.8861960 0.9626151 1.1200500 0.6169930 0.6704311 0.9047189 0.7385101 0.7221888 1.0423439 1.0981590 0.9790257 1.1283469 0.9363021 0.9934417 1.4669812 1.0633841 1.2430068 0.9174182 1.0298152 0.8377053 0.9529288 1.0068384 0.9759790 0.8635809 1.1607273 1.1137673 1.1163917 1.2116349 1.1818882 0.8617027 0.9307863 4.3137707 0.8777108 1.0131744 0.9953993 0.9895700 0.9836544 1.0357635 1.0004632 1.0262460 1.1579378 1.9969566 1.9969566 1.6943448 1.7017985 1.3035169 1.6225500 1.6270623 1.5884464 1.6339901 0.8071219 0.8139978 1.1468236 0.3347807 1.1611072 1.2798950 1.5243552 1.4871847 1.6800360 1.9911342 1.3184559 
Fspp_ffun1.m4.2302.m1                                        0.6531778 0.5092454 0.4889262 0.8459562 0.8988016 0.9321781 0.4248277 1.0796154 0.6236125 0.2329286 0.0887295 0.0000000 0.1269817 0.1353873 0.2269338 0.4410023 0.6067345 0.6936314 0.5203613 0.8153908 0.7435581 0.7623479 0.7917748 0.6089364 0.8701642 0.9286087 1.1215164 0.6096323 0.6836654 0.9293594 0.7525580 0.7172949 1.0235361 1.0569715 0.9991786 1.1372582 0.9426366 1.0304747 1.5116694 1.0743420 1.2470832 0.9429666 1.0675398 0.8299088 0.9655166 1.0282220 0.9538946 0.8879686 1.1618172 1.1047260 1.1241282 1.2417118 1.1931834 0.8252751 0.8923165 4.4314330 0.8845289 0.9859000 0.9724678 0.9722158 0.9676187 1.0139327 0.9691406 0.9924720 1.1286706 2.0084532 2.0084532 1.6706146 1.6879455 1.2549625 1.6017783 1.6469964 1.5832691 1.5986252 0.8305817 0.8149810 1.1141030 0.3274552 1.1974242 1.3263879 1.5351026 1.4683111 1.6457915 2.0667489 1.4682163 
Gfas_gfas1.m1.17305.m1                                       0.5799315 0.4725938 0.4474416 0.8203616 0.8431103 0.8301183 0.3553646 0.9698687 0.5271723 0.2559394 0.1246186 0.1269817 0.0000000 0.1793699 0.1505119 0.4344674 0.6193018 0.6779336 0.4652921 0.7078809 0.6718242 0.6717130 0.7146537 0.5837390 0.7763486 0.9029118 1.0073018 0.5799431 0.6745448 0.8332550 0.6833452 0.6734628 0.9277353 0.9386077 0.9197637 1.0063355 0.8687060 0.9907298 1.3621203 1.0213442 1.0507169 0.8209366 0.9105422 0.7149079 0.8762658 0.9441645 0.8507123 0.8471190 1.0248108 0.9943091 1.0223419 1.1371976 1.0611362 0.7634412 0.8322562 4.3616695 0.8195133 0.8861112 0.8648801 0.8571626 0.8506661 0.8951893 0.8597801 0.8732857 1.0170088 2.0273584 2.0273584 1.6855485 1.6270547 1.2492584 1.5425060 1.6093029 1.5402288 1.5339153 0.7954351 0.8354107 0.9885345 0.3023862 1.0755570 1.1798448 1.3131891 1.4843184 1.6396126 1.8836107 1.1583473 
Pocdam_XM_027200005.1                                        0.6872155 0.5445591 0.5266467 0.8679341 0.8294563 0.8100848 0.4393064 0.9310811 0.5969725 0.1368091 0.1493283 0.1353873 0.1793699 0.0000000 0.2802481 0.4295421 0.6401561 0.6654109 0.5178774 0.7682540 0.6997528 0.7043137 0.7858577 0.5806164 0.8145934 0.8712632 1.1055401 0.6344396 0.6764067 0.8492801 0.8562821 0.7827393 0.9779871 0.9413455 0.9680658 1.0454293 1.0340911 1.0751034 1.4025754 1.0713395 1.1767767 0.8675869 0.9498687 0.8834841 0.8897524 0.9658887 0.9035881 0.8343033 1.0781328 1.0452136 1.0162702 1.1323641 1.1432068 0.8488960 0.9220768 4.3487803 0.8857918 0.9318669 0.9172668 0.9101069 0.9070077 0.9610337 0.9049789 0.9277037 1.1091112 2.1596434 2.1596434 1.7574489 1.6100380 1.3122325 1.5261193 1.4853362 1.5071894 1.5601151 0.8249935 0.7259077 1.0005390 0.3715209 1.0093315 1.1364486 1.3412290 1.5275239 1.4911789 1.9989212 1.3107520 
Amil_Amillepora15272-RA                                      0.7380683 0.5980086 0.6362065 1.0414127 1.0708486 1.0673480 0.4697178 1.3231625 0.7136264 0.4000524 0.2092089 0.2269338 0.1505119 0.2802481 0.0000000 0.5325077 0.7480142 0.8559334 0.5402936 0.9918731 0.8840799 0.9176456 0.8738950 0.7364596 1.0986097 1.0047663 1.3017989 0.7399070 0.7509162 0.9901310 0.8891854 0.8690905 1.1943620 1.2389029 1.1826398 1.2669079 1.1601437 1.1889463 1.7247836 1.2388149 1.4243946 1.0427239 1.2441285 0.9086156 1.1349499 1.1512867 1.1060051 1.0374077 1.2939921 1.2070946 1.2637763 1.3820667 1.2889445 0.9444797 1.0359815 4.0863581 0.9798385 1.1547513 1.1113456 1.1270235 1.1215238 1.1933101 1.1206208 1.1617449 1.3081934 2.2931059 2.2931059 2.0641240 1.8525406 1.8528873 1.6890439 1.8166060 1.7118767 1.7483226 0.9468767 0.9026839 1.2706172 0.1272932 1.3121633 1.6056267 1.6613214 1.7696062 2.0115025 2.1614612 1.7912422 
Exapal_XM_021041256.2                                        0.7696045 0.5704681 0.5168682 0.8250485 0.9105245 0.9056839 0.4050985 1.0342303 0.6369805 0.6353707 0.4451253 0.4410023 0.4344674 0.4295421 0.5325077 0.0000000 0.6888144 0.7556094 0.5317946 0.8127692 0.7372953 0.7768521 0.8149984 0.7075506 0.8795361 0.9180550 1.1562751 0.6255833 0.6395797 0.8794219 0.8481947 0.8278597 1.1061921 1.0354447 0.9380313 1.1630442 0.9226788 1.0538646 1.4830573 1.0589010 1.1877507 0.9314185 1.0414527 0.8318497 0.9579157 1.0830549 0.9621481 0.8773496 1.1921609 1.1619892 1.1031969 1.1635593 1.1236205 0.8293695 0.8927123 3.8311115 0.9583579 1.0430548 1.0436410 1.0308086 1.0299667 1.0921442 1.0387984 1.0647068 1.1911698 2.0523384 2.0523384 1.7100551 1.6381073 1.3086285 1.5652057 1.6523089 1.6434608 1.6899099 0.7550464 0.8129927 1.2822937 0.6210151 1.0793931 1.2773460 1.4426912 1.5866545 1.6224083 2.1070125 1.2989791 
Plajan_Pjan_scaffold17960_01                                 0.6560541 0.5560562 0.5173153 0.9303315 0.7640505 0.7881271 0.4504021 0.9186728 0.6218485 0.9088630 0.6248144 0.6067345 0.6193018 0.6401561 0.7480142 0.6888144 0.0000000 0.8577175 0.6462687 0.7465707 0.6551247 0.6953969 0.6949212 0.5853409 0.7965408 0.9246705 0.9534025 0.6746457 0.6616981 0.8751758 0.8533833 0.8106231 0.9634460 1.0046549 0.9986351 1.0377513 0.9870921 1.0899524 1.3744049 1.0879656 1.0567292 0.5689812 0.6747491 0.8629875 0.9393404 0.9997396 0.9427472 0.9280652 1.0180049 1.0499442 1.0361061 1.0565218 1.0217792 0.7904016 0.8427603 3.6667053 0.9280683 0.9660373 0.9617237 0.9777809 0.9727719 1.0067283 0.9580516 0.9596946 1.0246829 1.9170097 1.9170097 1.5694558 1.5539255 1.1416434 1.4530211 1.5473912 1.4980138 1.5409483 0.8727079 0.7010812 0.8211488 0.9987177 1.1681251 1.2108393 1.1798798 1.3623257 1.5148985 2.0200098 1.2696064 
Dgig_XM_028553846.1                                          0.9380556 0.7402353 0.6697337 1.1052598 1.0795746 1.1358683 0.5834763 1.2705365 0.8321306 0.9047692 0.7001540 0.6936314 0.6779336 0.6654109 0.8559334 0.7556094 0.8577175 0.0000000 0.4593931 1.0069933 0.9787123 1.0165205 0.9284437 0.7464814 1.0493108 1.1321641 1.3846257 0.8519815 0.9101547 1.0849775 1.0706434 0.9780133 1.3461316 1.2386146 1.2157297 1.3645018 1.1092454 1.1806758 1.6106287 1.1769176 1.4065552 1.0984801 1.2332220 1.0612660 1.1054289 1.2082402 1.1609122 1.0257707 1.4629791 1.4429477 1.3807319 1.4381770 1.3240755 0.9481851 1.0141446 4.5995349 1.1324342 1.2056610 1.1870818 1.2047061 1.1957526 1.2803402 1.2024542 1.2345460 1.3639028 2.2259088 2.2259088 1.9286584 1.7714047 1.4231853 1.6908524 1.7553466 1.7897712 1.8685055 0.9756106 1.1551238 1.3147095 0.9524940 1.4751326 1.8256653 1.6898901 1.6793006 1.8705021 2.4684603 1.8078164 
Xesp_012296-T1                                               0.9235682 0.7333895 0.6923923 1.1431429 0.7716803 0.7673736 0.6153010 0.8170026 0.5736054 0.4482551 0.4990352 0.5203613 0.4652921 0.5178774 0.5402936 0.5317946 0.6462687 0.4593931 0.0000000 0.6407847 0.6490597 0.6205908 0.6887782 0.8975031 0.6926929 9.0000000 0.9264025 0.7947326 0.7686103 0.7176647 1.1209352 1.0011946 0.8102004 0.8231992 0.7928395 0.9736278 1.1842252 0.9975088 1.1242829 0.8753744 0.8221184 0.7952304 0.9121226 1.0152007 0.7799064 0.8018871 0.7816205 0.6915866 0.9228945 0.9016873 0.9276011 0.9044148 0.8773485 0.7908786 0.7612396 3.8808791 0.7741808 0.9376491 0.9276098 0.9476065 0.9476065 0.9515423 0.9125373 0.9307849 0.8405570 2.7488355 2.7488355 2.1913407 1.6766169 1.4291797 1.4779117 1.6443846 1.5176807 1.5295797 0.6936001 0.7010613 0.6885248 0.8945099 0.4966275 0.5697978 0.5979645 1.2325772 1.4309824 2.2713441 0.9401556 
Spur_XM_030999596.1                                          0.7052678 0.5428441 0.5052237 0.9066444 0.9992806 1.0128075 0.4510060 1.1234157 0.5533029 1.1072713 0.8261162 0.8153908 0.7078809 0.7682540 0.9918731 0.8127692 0.7465707 1.0069933 0.6407847 0.0000000 0.8248882 0.6851115 0.6996275 0.6859065 0.8593962 1.2912810 1.2334131 0.6370659 0.6989347 1.0648213 0.7426470 0.7555941 1.1829460 1.1340236 1.0610460 1.2049289 0.9823028 1.0925613 1.5704590 1.1707268 1.2426599 1.0847833 1.2597860 0.7968507 1.0153422 1.1893513 1.1022785 0.9264585 1.3013623 1.2431569 1.2974328 1.3076444 1.2825655 0.7343437 0.7968831 4.6226495 1.1300058 1.1490550 1.1485862 1.1148014 1.1177827 1.2351577 1.1594357 1.1914906 1.0962990 2.0226771 2.0226771 1.6320967 1.7403028 1.2157040 1.6886538 1.6409846 1.6111125 1.6596477 0.8861597 1.0711420 1.3286488 0.9683559 1.2808583 1.4605892 1.7282431 1.5999590 1.6637776 2.3013495 1.3708462 
Acagra_model.g15707.t1.1.5d3b881d                            0.7017389 0.5949852 0.4838598 0.9102055 0.9511308 0.9448380 0.4590746 1.1086760 0.6816566 1.0337786 0.7640804 0.7435581 0.6718242 0.6997528 0.8840799 0.7372953 0.6551247 0.9787123 0.6490597 0.8248882 0.0000000 0.5792253 0.7504156 0.7203779 0.8289342 1.1323589 1.1938899 0.5873323 0.6393714 1.0470378 0.8672098 0.8528261 1.2049159 1.0247960 1.0572005 1.2203691 0.9828262 1.0761619 1.4813758 1.0419861 1.2642610 1.0592229 1.2090768 0.7833193 1.0805778 1.1796962 1.0848120 0.9836833 1.2596647 1.2316510 1.1397597 1.2264988 1.1243230 0.8668210 0.9544645 4.2604449 1.1870001 1.0786755 1.0811322 1.0952989 1.0835210 1.1221581 1.1028618 1.1274963 1.1230517 2.1184423 2.1184423 1.6078819 1.6176933 1.2429570 1.6130006 1.6473412 1.6614287 1.7104045 0.8985516 0.9697701 1.2398198 0.9287613 1.3372892 1.4198984 1.6362811 1.5279338 1.6570126 2.1571643 1.2990288 
Cgig_XM_011421598.3                                          0.7390488 0.6012510 0.5889890 0.8579165 0.9367461 0.9317658 0.4758839 1.0298211 0.6022848 1.0295607 0.7792471 0.7623479 0.6717130 0.7043137 0.9176456 0.7768521 0.6953969 1.0165205 0.6205908 0.6851115 0.5792253 0.0000000 0.7318333 0.6667534 0.7696422 1.1221827 1.1720041 0.6693684 0.7002021 1.0538516 0.8423696 0.7435439 1.1083909 1.0631947 1.0464386 1.2070753 0.9236300 1.0909420 1.4332439 1.1156076 1.2609603 1.0450382 1.2017783 0.8223544 1.1307831 1.1707638 1.1116849 1.0165990 1.2603308 1.2076789 1.1764981 1.2492691 1.1356972 0.7540232 0.8347112 3.7566073 1.1208423 1.0973118 1.0906509 1.0896448 1.0798467 1.1356789 1.0646432 1.0912517 0.9972900 1.9849875 1.9849875 1.4481827 1.5979236 1.1404669 1.6483051 1.6798450 1.5959715 1.6352695 0.8594153 0.8943490 1.2428173 0.9684479 1.2735393 1.4779913 1.6121435 1.4456396 1.6288376 2.3031769 1.4648604 
Bralan_BLAG04001169_1                                        0.7903490 0.5949407 0.5814318 0.9693078 0.9671700 0.9914659 0.4429766 1.1087575 0.5294311 1.1517650 0.8151797 0.7917748 0.7146537 0.7858577 0.8738950 0.8149984 0.6949212 0.9284437 0.6887782 0.6996275 0.7504156 0.7318333 0.0000000 0.7316743 0.8665417 1.1950910 1.2559455 0.6830378 0.8054729 1.0344296 0.8590285 0.7666628 1.1807279 1.1462356 1.0340731 1.1972994 0.9667245 1.1396247 1.5771138 1.2506272 1.3280345 1.0350810 1.1737467 0.8306530 1.1162739 1.1407698 1.0848532 1.0045198 1.2635020 1.2244775 1.2652216 1.2504801 1.2285789 0.7430569 0.8187058 4.0623987 1.1188751 1.1726759 1.1669143 1.1517460 1.1439498 1.2290732 1.1247022 1.1487949 1.1809409 1.9833655 1.9833655 1.6002663 1.7388633 1.3065308 1.6405312 1.6750205 1.6769888 1.7298623 0.9655420 0.9836576 1.1895031 0.9628140 1.3910750 1.3890387 1.6929192 1.5913727 1.6431828 2.3526296 1.6497736 
Stycar_maker-SC_scaffold134-snap-gene-0.34-mRNA-1            0.6330333 0.5238005 0.4908000 1.0089465 0.8527229 0.9054533 0.5863451 0.8628174 0.7116208 0.7783835 0.5604897 0.6089364 0.5837390 0.5806164 0.7364596 0.7075506 0.5853409 0.7464814 0.8975031 0.6859065 0.7203779 0.6667534 0.7316743 0.0000000 0.8754512 0.8363153 0.7183359 0.5346492 0.5407336 1.1152449 0.7403679 0.7549175 0.9914503 0.9932124 0.9423166 1.2436475 0.9439846 1.2731483 1.3838297 1.0461074 1.1533144 0.7477712 0.8961935 0.8148176 0.7870491 0.9981757 0.9845881 0.9291585 1.1101482 0.9681581 1.1018149 1.1600700 0.9517229 0.7437545 0.7437545 3.2701877 0.9441720 1.0192666 1.0088221 0.9839198 0.9839198 1.0882113 1.0123160 0.9828745 1.1173994 2.5118633 2.5118633 1.3124752 1.5374089 1.1925712 1.5689583 1.6945714 1.6275825 1.7178626 0.8630202 0.6454386 0.4929148 0.8372458 0.9837588 1.4254588 1.3335758 1.1445505 1.5156159 2.9105358 0.6533770 
Ctel_gnl_WGS_AMQN_CAPTEDRAFT_mRNA101979                      0.8228991 0.6648671 0.6138101 0.8502823 1.0058830 1.0257505 0.4525747 1.1570601 0.7641480 1.1924806 0.8861960 0.8701642 0.7763486 0.8145934 1.0986097 0.8795361 0.7965408 1.0493108 0.6926929 0.8593962 0.8289342 0.7696422 0.8665417 0.8754512 0.0000000 1.1824435 1.2708201 0.7043858 0.7922786 1.0937456 0.8333601 0.8081739 1.2108309 1.1813845 1.1201430 1.3570260 0.9299140 1.1287362 1.6156554 1.0611476 1.3450935 1.1750785 1.3453710 0.9365836 1.0995075 1.3356440 1.2667347 1.1469720 1.2778822 1.2405297 1.2639983 1.3215062 1.2681589 0.9276631 1.0179306 4.9835409 1.2090357 1.2697170 1.2499657 1.2289387 1.2202656 1.3267545 1.2354714 1.2647780 1.1053131 2.1836651 2.1836651 1.7562132 1.8306072 1.3968491 1.7423650 1.7481480 1.7535166 1.8079316 1.0123028 1.0160744 1.3481671 1.0969148 1.5473673 1.6183727 1.6767474 1.6052692 1.6497205 2.3216274 1.6663360 
Halamb_c51707_g1_i3m.31203                                   0.0000010 0.0000010 0.0000010 0.0000010 1.0274309 0.9857060 0.0000010 1.0388842 1.0070321 0.9444037 0.9626151 0.9286087 0.9029118 0.8712632 1.0047663 0.9180550 0.9246705 1.1321641 9.0000000 1.2912810 1.1323589 1.1221827 1.1950910 0.8363153 1.1824435 0.0000000 0.3631067 0.0000010 0.3348355 1.1618483 0.0000010 0.0000010 1.3286131 1.4268897 1.4170628 1.3013661 0.0000010 1.7315219 1.9328410 1.4056426 1.4552225 1.0241218 1.0123856 0.0000010 1.3403638 1.2436553 1.1139076 1.4512391 1.6271356 1.6603492 1.6242381 2.0394674 1.6550102 1.1748586 1.1748586 9.0000000 1.2089040 1.6036937 1.5415110 1.5538003 1.5538003 1.5583842 1.6080035 1.6080035 1.4544935 0.0000010 0.0000010 0.0000010 1.4264759 0.0000010 1.4666036 1.5301972 1.6933647 1.7676506 1.0373932 0.5823659 0.7171647 1.0249348 1.0572811 1.6034705 1.7944410 1.8048766 1.8608515 1.9266440 6.3355138 
Aque_Aqu2.1.39984_001                                        0.6992313 0.6247034 0.5759864 1.3195081 1.2917501 1.3416018 0.6777551 1.4052201 1.1374454 1.5448459 1.1200500 1.1215164 1.0073018 1.1055401 1.3017989 1.1562751 0.9534025 1.3846257 0.9264025 1.2334131 1.1938899 1.1720041 1.2559455 0.7183359 1.2708201 0.3631067 0.0000000 0.3329347 0.4743976 1.2906284 1.0075891 0.9357703 1.4532303 1.4111932 1.4574298 1.4046238 1.0783960 1.3014258 1.9118745 1.3914037 1.6111829 1.1699967 1.3507092 0.9971984 1.2751790 1.4906223 1.4191679 1.2838805 1.6833098 1.6219446 1.6451619 1.7243558 1.4218856 1.1932050 1.2525647 4.7529564 1.4502760 1.4414045 1.4437736 1.4526970 1.4423313 1.5815277 1.5212568 1.5583336 1.4711269 2.4619295 2.4619295 1.8560279 1.9675016 1.4067314 1.9495682 2.0728872 1.9267846 1.9485647 1.3024960 0.7213834 1.3480600 1.4745747 1.6691420 1.9786810 2.0135052 1.6635966 1.7843391 2.6244607 1.3538270 
Halamb_c22044_g1_i2mm.61                                     0.6011655 0.5329951 0.5123052 1.2041679 0.8077931 0.8686324 0.5996145 0.8589553 0.6734923 0.7774564 0.6169930 0.6096323 0.5799431 0.6344396 0.7399070 0.6255833 0.6746457 0.8519815 0.7947326 0.6370659 0.5873323 0.6693684 0.6830378 0.5346492 0.7043858 0.0000010 0.3329347 0.0000000 0.3197738 0.7703612 0.8433949 0.8771953 0.7887651 0.8636706 0.7331014 0.9000640 1.0665828 0.9448866 1.1333833 0.9346697 0.8801554 0.6887237 0.7894552 0.8759586 0.7933761 0.8484536 0.8168543 0.8031205 0.8991215 0.8720245 0.9073452 0.9236700 0.7969340 0.7210327 0.8155229 4.0491853 0.8395997 0.8161568 0.8361342 0.8311437 0.8270688 0.8818729 0.8623431 0.8429925 0.7769604 2.1777788 2.1777788 1.8194493 1.4937816 1.2994293 1.3978209 1.5559300 1.4219649 1.4192549 0.9076945 0.6029808 0.5638401 1.2340413 0.6902322 0.6772870 0.6820581 1.0986852 1.2117131 2.1509127 0.6157479 
Xestes_snap_masked-XT_scaffold3626-processed-gene-0.2-mRNA-1 0.6052126 0.5101705 0.4625913 1.1622931 0.8087194 0.9034802 0.5611519 0.9240561 0.6543001 0.6955136 0.6704311 0.6836654 0.6745448 0.6764067 0.7509162 0.6395797 0.6616981 0.9101547 0.7686103 0.6989347 0.6393714 0.7002021 0.8054729 0.5407336 0.7922786 0.3348355 0.4743976 0.3197738 0.0000000 0.8162405 0.8495264 0.9086632 0.8948866 0.9207585 0.9032399 1.0022603 0.9783467 1.0331261 1.3433824 1.0336601 0.9385832 0.6923585 0.7861626 0.8861666 0.8854092 0.9869695 0.8757055 0.9032969 1.0475183 1.0153018 1.0632468 1.0550202 0.9762164 0.6985071 0.7843875 3.9102241 0.8430119 0.9867822 0.9921710 0.9846095 0.9808024 1.0343315 1.0334909 1.0407942 0.8704423 2.1402285 2.1402285 1.8478807 1.4880967 1.4426151 1.4465798 1.5685487 1.4976803 1.5085176 0.8767867 0.7142564 0.5018370 1.2534130 0.9179997 1.0002814 1.0657054 1.3046538 1.3260148 1.9979545 1.6838157 
Morvir_scaffold252.g16.t1                                    0.9778324 0.7912287 0.7439584 1.1010269 1.0959929 1.1173001 0.4247320 1.2794314 0.9374284 1.1311882 0.9047189 0.9293594 0.8332550 0.8492801 0.9901310 0.8794219 0.8751758 1.0849775 0.7176647 1.0648213 1.0470378 1.0538516 1.0344296 1.1152449 1.0937456 1.1618483 1.2906284 0.7703612 0.8162405 0.0000000 1.0445447 0.9821394 1.3664377 1.3525874 1.2922573 1.3844691 1.2227551 1.2156690 1.6386260 1.2489347 1.4273694 1.1648699 1.2838544 1.1310693 1.0134828 1.0602099 0.9958202 0.9436215 1.4203740 1.4094990 1.3398453 1.4552629 1.3540054 1.1390912 1.1935297 3.8786124 0.9997341 1.2543768 1.2406856 1.2511685 1.2439900 1.3382165 1.2529903 1.2827706 1.4571831 2.3107587 2.3107587 1.7889252 1.9218074 1.3720343 1.8648062 1.9900955 1.9237459 1.9645429 0.8407801 1.0869594 1.4238546 1.1439927 1.4026806 1.5768349 1.7150918 1.6616899 1.6210560 2.3211448 1.4443792 
Mylflu_EP00047_Mylnosiga_fluctuans_P011044                   0.7851433 0.8066358 0.7477412 1.0783966 0.9002672 1.0164093 0.9572397 1.2366726 0.7445242 2.9068592 0.7385101 0.7525580 0.6833452 0.8562821 0.8891854 0.8481947 0.8533833 1.0706434 1.1209352 0.7426470 0.8672098 0.8423696 0.8590285 0.7403679 0.8333601 0.0000010 1.0075891 0.8433949 0.8495264 1.0445447 0.0000000 0.5691172 0.6669493 0.6723104 0.7264584 0.7042915 0.8210087 0.8073833 0.8791388 0.7578660 0.7518713 1.0058628 1.4003444 0.7335622 1.0039331 0.9853300 1.0315263 0.9983170 0.9303670 0.8450174 0.8784724 0.8953560 0.7704371 0.8734676 1.1165646 5.4887908 1.2083424 1.1235743 1.1092894 1.1235266 1.1066382 1.1995829 1.1187401 1.1187401 0.9745485 2.6692845 2.6692845 2.0378594 2.0016972 1.6038853 1.8095037 2.0134881 1.7951186 1.7978312 1.3236813 0.0000010 9.0000000 1.7191056 0.0000010 0.0000010 0.0000010 1.3902702 1.5761184 3.2767759 0.3626492 
Salpun_EP00053_Salpingoeca_punica_P009116                    0.9056743 0.8634107 0.7499227 0.9751074 0.8116569 0.9048136 0.8163818 1.0077730 0.7304543 2.7887847 0.7221888 0.7172949 0.6734628 0.7827393 0.8690905 0.8278597 0.8106231 0.9780133 1.0011946 0.7555941 0.8528261 0.7435439 0.7666628 0.7549175 0.8081739 0.0000010 0.9357703 0.8771953 0.9086632 0.9821394 0.5691172 0.0000000 0.5780810 0.6960691 0.6110158 0.6857074 0.8330358 0.8334877 0.8751030 0.6645274 0.6742737 1.0135380 1.3479705 0.7257907 1.0847258 1.0904015 1.1413748 1.0137979 0.8545147 0.8105334 0.8735589 0.9089280 0.7648598 0.8008230 1.0015522 5.3627786 1.0472999 1.0373336 1.0633569 1.0388453 1.0537508 1.0965948 1.0325179 1.0325179 1.0894341 2.4938460 2.4938460 1.8271470 1.8531412 1.4499163 1.7779228 1.8500032 1.7348673 1.7121905 1.2412218 0.0000010 9.0000000 1.5745816 0.0000010 0.0000010 0.0000010 1.4579889 1.4723308 3.5070950 0.4983045 
Salmac_EP00052_Salpingoeca_macrocollata_P021075              0.8507467 0.7401419 0.6631492 1.0579648 1.1470098 1.2211719 0.6021122 1.4740529 1.0782342 1.3847526 1.0423439 1.0235361 0.9277353 0.9779871 1.1943620 1.1061921 0.9634460 1.3461316 0.8102004 1.1829460 1.2049159 1.1083909 1.1807279 0.9914503 1.2108309 1.3286131 1.4532303 0.7887651 0.8948866 1.3664377 0.6669493 0.5780810 0.0000000 0.8918247 0.9141674 0.9243627 0.8433928 0.9334612 1.3828051 0.9995206 0.9679542 1.3155323 1.5772435 0.7887578 1.4298903 1.5158775 1.4751797 1.3669033 1.0831198 1.0356090 1.0569951 1.1022529 0.9681090 1.3063955 1.3638090 4.6774261 1.4640312 1.5783774 1.5761641 1.5659366 1.5581275 1.6642840 1.5967092 1.6020422 1.4231865 2.4006271 2.4006271 1.7898466 2.1000090 1.5670319 1.8880698 1.9793780 1.9153786 1.9815492 1.1720840 1.4033226 1.9642605 1.3263017 0.9133385 0.6520696 1.2758023 1.7095542 2.0104547 1.9166143 1.8723053 
Salkve_EP00050_Salpingoeca_kvevrii_P005368                   0.9675947 0.7967272 0.6889608 1.1573222 1.1423528 1.1712371 0.5392950 1.3175861 1.0002865 1.3900824 1.0981590 1.0569715 0.9386077 0.9413455 1.2389029 1.0354447 1.0046549 1.2386146 0.8231992 1.1340236 1.0247960 1.0631947 1.1462356 0.9932124 1.1813845 1.4268897 1.4111932 0.8636706 0.9207585 1.3525874 0.6723104 0.6960691 0.8918247 0.0000000 0.9045500 0.9799484 0.8608729 0.9250035 1.3323947 0.9107928 0.9791164 1.3687053 1.5742246 0.8548588 1.3277670 1.5091766 1.5122551 1.3190232 1.0003760 1.0403730 0.9576181 1.0902688 1.0112041 1.0972459 1.1588505 4.4235116 1.3641466 1.5051529 1.4970536 1.4861813 1.4744034 1.5936897 1.4721632 1.4880146 1.3787259 2.5603592 2.5603592 1.8418384 2.0488067 1.4723748 1.8815279 1.9079997 1.9147293 1.9801012 1.1865287 1.2475523 1.6602054 1.3363444 1.1605704 1.0147415 1.2709435 1.7476070 1.8624550 2.1275600 1.4690620 
Saldol_EP00054_Salpingoeca_dolichothecata_P004876            0.9352518 0.7495997 0.6330415 1.0492819 1.1312495 1.1685472 0.5548373 1.2856385 1.0273282 1.3800456 0.9790257 0.9991786 0.9197637 0.9680658 1.1826398 0.9380313 0.9986351 1.2157297 0.7928395 1.0610460 1.0572005 1.0464386 1.0340731 0.9423166 1.1201430 1.4170628 1.4574298 0.7331014 0.9032399 1.2922573 0.7264584 0.6110158 0.9141674 0.9045500 0.0000000 0.9237781 0.9683493 1.0874985 1.4303340 0.9532456 1.0260478 1.3477591 1.6030248 0.7733569 1.4157525 1.4425830 1.3703473 1.2323202 1.1348622 1.0760752 1.0463596 1.1106487 0.9457696 1.0780735 1.1433617 4.6817823 1.3091913 1.5201238 1.5069659 1.5129407 1.5116363 1.5828052 1.5103402 1.5338591 1.4122386 2.7034198 2.7034198 1.8734636 2.1733245 1.4114137 1.9696863 2.1473639 2.0280463 2.0981405 1.0585741 1.5221390 1.9065888 1.3496600 1.0446516 1.1211481 1.2827807 1.6505655 1.8868471 2.0305414 1.7400952 
Salurc_EP00051_Salpingoeca_urceolata_P015262                 1.0131023 0.8712537 0.8524663 1.1791103 1.1878434 1.2240446 0.6860874 1.4154328 1.1182216 1.4919011 1.1283469 1.1372582 1.0063355 1.0454293 1.2669079 1.1630442 1.0377513 1.3645018 0.9736278 1.2049289 1.2203691 1.2070753 1.1972994 1.2436475 1.3570260 1.3013661 1.4046238 0.9000640 1.0022603 1.3844691 0.7042915 0.6857074 0.9243627 0.9799484 0.9237781 0.0000000 0.8304544 0.9509408 1.4754328 1.0685541 1.0678416 1.4672665 1.7108937 0.8633430 1.3993877 1.6440677 1.5786902 1.3616099 1.1422990 1.1658007 1.0895264 1.1520559 1.0503583 1.2186920 1.3078381 5.5185867 1.5087126 1.6031847 1.5855071 1.6017342 1.5909116 1.7118120 1.6319933 1.6439860 1.4975531 2.8003313 2.8003313 1.9074135 2.1123836 1.5174737 1.9936823 2.2007553 2.0549819 2.1074195 1.1914729 1.5618095 1.8229163 1.3755226 1.1318603 1.1741354 1.4064527 1.8728515 1.9872420 2.1270845 1.5095750 
Choper_EP00045_Choanoeca_perplexa_P010641                    1.0431943 0.9708768 0.9062600 1.3190256 1.0907052 1.1144081 0.9998494 1.3367916 0.9142636 3.5793810 0.9363021 0.9426366 0.8687060 1.0340911 1.1601437 0.9226788 0.9870921 1.1092454 1.1842252 0.9823028 0.9828262 0.9236300 0.9667245 0.9439846 0.9299140 0.0000010 1.0783960 1.0665828 0.9783467 1.2227551 0.8210087 0.8330358 0.8433928 0.8608729 0.9683493 0.8304544 0.0000000 0.1018862 0.4878446 0.8681983 0.7335084 1.0182950 1.2499911 0.9982635 1.2187801 1.1441123 1.2252164 1.1186535 0.9620652 1.0336280 1.1332638 1.2386454 0.8365843 0.9143231 1.2098072 5.1233022 1.1825911 1.2541100 1.2560644 1.2349055 1.2273552 1.3785433 1.2542488 1.2542488 1.0471224 2.6496608 2.6496608 2.0679647 1.9680308 1.5584825 1.8152016 2.0089596 1.8283334 1.8497351 1.4555455 0.0000010 9.0000000 2.2564725 0.0000010 0.0000010 0.0000010 1.5633538 1.7405100 3.5283596 0.6201848 
Chofle_EP00730_Choanoeca_flexa_P019152                       0.9993683 0.8370775 0.8090614 1.3318896 1.1593444 1.1879659 0.7029916 1.2698404 1.0543346 1.2313597 0.9934417 1.0304747 0.9907298 1.0751034 1.1889463 1.0538646 1.0899524 1.1806758 0.9975088 1.0925613 1.0761619 1.0909420 1.1396247 1.2731483 1.1287362 1.7315219 1.3014258 0.9448866 1.0331261 1.2156690 0.8073833 0.8334877 0.9334612 0.9250035 1.0874985 0.9509408 0.1018862 0.0000000 0.6767633 0.9266472 0.8022547 1.1388212 1.2922490 0.9966410 1.2997990 1.3223524 1.2970916 1.2646087 1.0773431 1.1534276 1.1452202 1.2381245 0.9907139 1.1413723 1.2814552 4.4625429 1.3156061 1.2453721 1.2382297 1.2263068 1.2217214 1.2953669 1.2577650 1.2224702 1.2849514 2.7609483 2.7609483 2.0287067 1.8244282 1.5385513 1.7518481 1.7628016 1.7345129 1.7463331 1.2546619 1.9285525 1.5503516 1.6634207 1.0422866 1.2184274 1.2930910 1.6958169 1.8551854 0.8770610 1.5738962 
Mbre_EDQ88139                                                1.1033034 0.8726448 0.8741380 1.3892793 1.6411889 1.6430457 0.8304858 1.8880886 1.4583822 2.0085519 1.4669812 1.5116694 1.3621203 1.4025754 1.7247836 1.4830573 1.3744049 1.6106287 1.1242829 1.5704590 1.4813758 1.4332439 1.5771138 1.3838297 1.6156554 1.9328410 1.9118745 1.1333833 1.3433824 1.6386260 0.8791388 0.8751030 1.3828051 1.3323947 1.4303340 1.4754328 0.4878446 0.6767633 0.0000000 1.1330292 1.2312533 1.7061493 2.0145119 1.0112695 1.7316973 1.7914847 1.7727729 1.6028918 1.5388395 1.5374134 1.4008394 1.6721562 1.4808263 1.5410491 1.6937586 4.6160464 1.8281105 1.7481752 1.7283774 1.6909037 1.7020987 1.8112845 1.7675721 1.6986211 1.7925037 2.7465407 2.7465407 2.1423094 2.4857435 1.6728212 2.3699374 2.3430948 2.4057400 2.4237084 1.5959843 2.8788288 2.5122597 1.9644837 1.7835536 2.0092504 1.9052582 2.3299449 2.5900102 1.6328059 2.0283024 
Salinf_EP00049_Salpingoeca_infusionum_P023208                0.9468924 0.7697935 0.7772298 1.1607974 1.1345699 1.1672599 0.7381295 1.3918566 1.0566930 1.3706161 1.0633841 1.0743420 1.0213442 1.0713395 1.2388149 1.0589010 1.0879656 1.1769176 0.8753744 1.1707268 1.0419861 1.1156076 1.2506272 1.0461074 1.0611476 1.4056426 1.3914037 0.9346697 1.0336601 1.2489347 0.7578660 0.6645274 0.9995206 0.9107928 0.9532456 1.0685541 0.8681983 0.9266472 1.1330292 0.0000000 0.6229718 1.2718616 1.4417957 0.8605563 1.3240556 1.3491432 1.2998024 1.3233829 1.0897916 1.0939349 1.0273638 1.1758643 1.0702259 1.1892881 1.2500669 4.4985425 1.3121247 1.3676909 1.3640274 1.3572586 1.3645375 1.3773023 1.3583420 1.3742709 1.3173187 2.5536133 2.5536133 1.9369687 1.8968076 1.4166928 1.8482537 1.8238653 1.8080826 1.8030558 1.1562130 1.7951190 1.6018374 1.5121211 1.0701705 1.2244850 1.2163642 1.6232410 1.8930921 2.0288393 1.6423571 
Microa_EP00043_Microstomoeca_roanoka_P016271                 1.0324758 0.8448729 0.7428473 1.1027693 1.3144384 1.3477930 0.6166314 1.4664411 1.1328193 1.6592605 1.2430068 1.2470832 1.0507169 1.1767767 1.4243946 1.1877507 1.0567292 1.4065552 0.8221184 1.2426599 1.2642610 1.2609603 1.3280345 1.1533144 1.3450935 1.4552225 1.6111829 0.8801554 0.9385832 1.4273694 0.7518713 0.6742737 0.9679542 0.9791164 1.0260478 1.0678416 0.7335084 0.8022547 1.2312533 0.6229718 0.0000000 1.4910716 1.7297749 0.8410424 1.5270299 1.5921377 1.5015302 1.3667438 1.2729948 1.2300798 1.3220089 1.2768477 1.1843936 1.3510309 1.4076503 4.8708784 1.6049651 1.5229995 1.5313473 1.5123111 1.4983764 1.5239827 1.5528962 1.5856924 1.5733012 2.4126571 2.4126571 1.7927390 2.2178380 1.3140688 1.9656011 1.9365151 2.0813181 2.1157594 1.1023873 1.5178835 1.9992233 1.4494807 1.1407891 1.2032457 1.5010374 2.0610292 2.0616094 1.9480749 2.0453226 
Opea_EP00118_Oscarella_pearsei_P021489                       0.8386994 0.6522577 0.5634252 1.1134130 0.9906330 1.0832008 0.5472030 1.2107343 0.9160027 1.2782732 0.9174182 0.9429666 0.8209366 0.8675869 1.0427239 0.9314185 0.5689812 1.0984801 0.7952304 1.0847833 1.0592229 1.0450382 1.0350810 0.7477712 1.1750785 1.0241218 1.1699967 0.6887237 0.6923585 1.1648699 1.0058628 1.0135380 1.3155323 1.3687053 1.3477591 1.4672665 1.0182950 1.1388212 1.7061493 1.2718616 1.4910716 0.0000000 0.0306269 0.8623243 1.1961523 1.3113312 1.2867303 1.0758833 1.3280389 1.3046887 1.4308410 1.3401685 1.3515734 1.0911322 1.1624616 5.5056744 1.2250901 1.3293750 1.3073656 1.3196977 1.3112714 1.4002292 1.3575552 1.3495851 1.4116705 1.9924166 1.9924166 1.7316930 1.9189630 1.3271569 1.8324002 1.7565344 1.7992286 1.8756116 1.0909889 0.8001168 1.2330655 1.2446815 1.6725067 1.8085060 1.8386684 1.6346178 1.8485113 2.5369369 1.5964598 
Ocar_g2201                                                   1.1687319 0.7796637 0.7643702 1.2840583 1.1049703 1.1991908 0.6149649 1.2505358 1.0594281 1.2847637 1.0298152 1.0675398 0.9105422 0.9498687 1.2441285 1.0414527 0.6747491 1.2332220 0.9121226 1.2597860 1.2090768 1.2017783 1.1737467 0.8961935 1.3453710 1.0123856 1.3507092 0.7894552 0.7861626 1.2838544 1.4003444 1.3479705 1.5772435 1.5742246 1.6030248 1.7108937 1.2499911 1.2922490 2.0145119 1.4417957 1.7297749 0.0306269 0.0000000 1.0930109 1.3037769 1.4390816 1.3829212 1.1510309 1.5680093 1.5200326 1.6227560 1.5743690 1.6089426 1.2418798 1.2269830 6.6424395 1.3793535 1.4569613 1.4334913 1.4549212 1.4531369 1.5649452 1.4986792 1.4961828 1.6655881 2.1299554 2.1299554 1.8418336 2.0118289 1.5622154 1.9606223 1.7839025 1.9707636 2.0459659 1.0384458 0.7997287 1.2608198 1.1548018 1.7361516 1.8702136 1.8794555 1.6782644 1.9404799 2.5457558 1.8486029 
