120
Tetwil_g11658.t1                                   0.0000000 0.1327803 0.3639876 0.4016015 0.3921170 0.3927013 0.3806794 0.3958382 0.4029708 0.3962420 0.3933349 0.3790072 0.4125182 0.3910735 0.4850905 0.4292928 0.4092418 0.4726266 0.4726266 0.2180605 0.2796586 0.2800624 0.2578074 0.4114449 0.4225488 0.4211506 0.4058588 0.4340192 0.4083672 0.4549527 0.6020518 0.5665806 0.3243128 0.5949550 0.5315857 0.5495821 0.5315857 0.5495821 0.5315857 0.5287225 0.5860695 0.5971887 0.5971887 0.5700450 0.5941563 0.4609877 0.4609877 0.4874418 0.4874418 0.5134307 0.5196114 0.5599259 0.4758542 0.4758542 0.4555417 0.3993407 0.4063037 0.4112816 0.4240590 0.4790317 0.5090908 0.5078841 0.5028251 0.5062010 0.5201192 0.5067263 0.5072684 0.4683513 0.5183097 0.5183154 0.5558433 0.5310273 0.5557646 0.5549471 0.5242100 0.5543335 0.5266972 0.5992008 1.0580276 1.0692756 1.4578252 1.4721803 1.0692756 1.4721803 0.8291807 0.5737525 1.0167262 1.5983218 1.6038392 1.6110273 1.4640580 1.0629172 0.9344072 0.6568832 1.1158354 1.1158354 0.6568832 0.9344072 0.6164403 0.7690903 0.6719965 0.7554550 0.6284155 0.6284155 0.6719965 0.7554550 0.8130803 0.9836758 0.5696907 0.6923725 0.7321995 0.6527101 1.0415081 0.7173462 0.6497299 1.3051806 1.3557376 0.7411180 2.7220675 2.7220675 
Spolac_c97456_g4_i1_m.15067c100752-g1              0.1327803 0.0000000 0.0374905 0.1560850 0.1722359 0.1722359 0.1950871 0.1950871 0.1970312 0.1823527 0.1823527 0.1823527 0.1671444 0.1420294 0.1613533 0.2065509 0.1995792 0.1988216 0.1988216 0.1973639 0.1799904 0.1694756 0.1899099 0.1624656 0.1841187 0.1817717 0.1703853 0.1812485 0.1801819 0.1815462 0.2530651 0.2259364 0.1690941 0.2406914 0.2287266 0.2287266 0.2287266 0.2287266 0.2287266 0.2287266 0.2550725 0.2510909 0.2510909 0.2510681 0.2460508 0.2359172 0.2359172 0.2359172 0.2359172 0.2359172 0.2359172 0.2359172 0.2359172 0.2359172 0.1714347 0.2374837 0.2374837 0.2355303 0.2355902 0.1758198 0.3256835 0.3279979 0.3520505 0.3520505 0.3646596 0.3386292 0.3386292 0.2315591 0.2240451 0.2052825 0.2455944 0.2271515 0.2075197 0.2075197 0.2050809 0.2544931 0.2791380 0.3747184 1.2254851 1.2254851 1.2254851 1.2254851 1.2254851 1.2254851 0.2725706 0.2725706 0.2725706 1.2254851 1.2254851 1.2254851 1.2254851 1.2254851 0.2725706 0.2725706 0.2725706 0.2725706 0.2725706 0.2725706 0.3220744 0.4578113 0.4578113 0.4578113 0.2445794 0.2445794 0.4578113 0.4578113 0.2445794 0.4578113 0.2277225 0.3831603 0.3455554 0.2429454 0.2429454 0.3477564 0.3689087 1.2588922 1.1051086 0.4793058 2.1566883 2.1566883 
Emue_Em0012g1075a.t1                               0.3639876 0.0374905 0.0000000 0.9204453 0.7684864 0.8807868 0.8331562 1.4147528 0.8842095 0.9052802 0.8690830 0.5678971 0.9049627 0.4234981 0.9421163 0.9397732 0.5662461 0.6998632 0.6998632 0.1891935 0.6213140 0.8283263 0.8142413 0.9244629 0.6483446 0.9431836 0.9134767 0.9534212 0.9293258 0.9599000 1.1265777 0.5732435 0.2123064 0.8476108 1.0704586 1.2128848 1.0704586 1.0980657 1.0704586 0.5690420 0.8009652 0.8717555 0.8717555 0.8334409 0.5799542 0.4519652 0.4519652 0.4877175 0.4877175 0.5106566 0.5241242 0.5665565 0.4759494 0.4759494 0.7288167 0.9479072 0.6737400 0.9503457 0.9901136 0.9621069 1.0538864 1.0567146 1.0512842 1.0500928 1.0664184 1.0563517 1.0582757 0.9949604 1.3039870 0.8161811 1.1279782 1.2041068 0.7478964 0.6138942 1.1672169 1.2261642 0.5563294 1.2247436 1.3162169 1.3565844 1.7183351 1.7528793 1.2676660 1.6536506 1.3659765 1.0463228 1.5645984 1.8880340 1.8715710 1.8283184 1.7014105 1.3028413 1.4059718 1.0778687 1.6012813 1.5245652 0.9972559 1.3163492 0.5822946 0.9923853 1.5169078 1.5354679 1.3303770 1.3231212 1.5047113 1.5227061 0.7595586 0.9511271 0.7990570 1.4408132 1.4448946 0.9852939 1.5328581 1.0076528 1.2436996 1.8036698 1.3405377 1.2999539 3.5752583 3.6703503 
Skow_XM_006814507.1                                0.4016015 0.1560850 0.9204453 0.0000000 0.3598412 0.3831832 0.3743109 0.3714290 0.3867125 0.3877562 0.3766434 0.3636720 0.3861531 0.4031730 0.4094374 0.5676119 0.4033876 0.4690107 0.4690107 0.2667477 0.3942623 0.5376036 0.5163300 0.4047452 0.4114774 0.4360993 0.4251547 0.4433694 0.3598110 0.3979364 0.5414160 0.5269088 0.2771705 0.5551364 0.3977971 0.4630432 0.3977971 0.3856749 0.3973301 0.4120571 0.5228770 0.5533198 0.5533198 0.5769091 0.5572549 0.4173057 0.4173057 0.4346319 0.4346319 0.4691277 0.4675673 0.5251377 0.4412933 0.4412933 0.4049249 0.5130998 0.4213916 0.3154256 0.3774615 0.5120434 0.5017244 0.5010310 0.5004993 0.5036220 0.5067304 0.4998847 0.5016182 0.4424932 0.4825085 0.5400208 0.5593192 0.8102563 0.6204502 0.5620719 0.7850596 0.7827026 0.5956876 0.7583097 1.2293971 1.3678251 1.5113127 1.6292184 1.2411225 1.5211738 0.9855072 0.8157227 1.0707205 1.4865482 1.6014843 1.5852318 1.5358688 1.2407777 1.1773241 0.9812800 1.2540059 1.1378336 0.8406307 1.0433508 0.5350443 0.8466924 1.2909645 1.4511158 1.2756438 1.1283722 1.1425654 1.2809814 0.9335139 1.1342428 0.5883156 0.9880990 0.9997258 0.7344163 0.9281094 0.8061507 0.7979868 1.1737583 1.4180228 0.8258553 2.8851838 3.3809871 
Spis_XP_022803270_1                                0.3921170 0.1722359 0.7684864 0.3598412 0.0000000 0.0117111 0.0430057 0.0472042 0.0519844 0.0573894 0.0538048 0.0658430 0.1678329 0.2111704 0.1771908 0.4509665 0.3811234 0.4254433 0.4254433 0.2331354 0.3761666 0.4178920 0.4052648 0.2212127 0.2449142 0.3022174 0.2988724 0.3026697 0.3813864 0.4019310 0.4970220 0.4856911 0.2364236 0.5043813 0.4045817 0.4657277 0.4045817 0.3892797 0.4078257 0.3862614 0.5021996 0.5236630 0.5236630 0.5229084 0.4914878 0.3801819 0.3801819 0.3922491 0.3922491 0.4224231 0.4260001 0.4710911 0.3902303 0.3902303 0.4602184 0.4355891 0.4099061 0.3773219 0.4022675 0.3679379 0.4529232 0.4527783 0.4543918 0.4548671 0.4609255 0.4513816 0.4521572 0.4416961 0.4603228 0.5197727 0.5880683 0.6598376 0.5685847 0.5326530 0.6184677 0.6343725 0.4904331 0.6461999 1.1582867 1.3008047 1.3713760 1.4991372 1.1931805 1.4074457 0.9239355 0.7908622 1.0007645 1.3639219 1.4776154 1.4629978 1.4209342 1.1956733 1.1127915 0.9591854 1.1803080 1.0795389 0.8350237 0.9958408 0.5202906 0.7914780 0.9738891 1.1446100 0.9512750 0.8307397 0.8510139 1.0024686 0.8928747 1.0805728 0.4871696 0.8023054 0.8316778 0.6895483 0.8727689 0.7720673 0.6892045 1.1012609 1.2931505 0.8330347 2.4003098 2.7554228 
Pocdam_XM_027184810.1                              0.3927013 0.1722359 0.8807868 0.3831832 0.0117111 0.0000000 0.0514573 0.0444136 0.0560133 0.0648930 0.0634263 0.0662322 0.1735293 0.2165677 0.1757396 0.5427158 0.3822279 0.4268634 0.4268634 0.2291724 0.3766162 0.5131389 0.4917247 0.2402318 0.2466567 0.3264053 0.3209834 0.3259706 0.4154166 0.4431308 0.5434590 0.4892667 0.2364236 0.5045929 0.4002311 0.4581101 0.4002311 0.3862567 0.4035824 0.3851128 0.4981099 0.5252594 0.5252594 0.5402361 0.4943868 0.3803235 0.3803235 0.3943325 0.3943325 0.4244316 0.4283469 0.4745041 0.3898164 0.3898164 0.4612221 0.5036528 0.4093040 0.4068025 0.4122033 0.4196653 0.4928392 0.4950781 0.4940053 0.4962592 0.4998546 0.4922219 0.4934028 0.4841073 0.4619680 0.5182361 0.5826818 0.8206442 0.5673904 0.5325771 0.7735628 0.7884133 0.4933942 0.7574722 1.1554386 1.2983491 1.3659937 1.4945429 1.1927908 1.4047815 0.9172675 0.7861408 0.9929152 1.3563215 1.4754659 1.4583728 1.4210780 1.1977829 1.1054628 0.9540385 1.1717840 1.0722542 0.8313608 0.9899713 0.5243778 0.7910267 1.2569055 1.4432481 1.2354547 1.0793182 1.0979806 1.2579241 0.8912980 1.0794303 0.4900157 0.9468411 0.9739910 0.6861961 0.8670889 0.7726547 0.8090913 1.1441940 1.2976156 0.8453157 2.6872642 3.1711227 
Gasp_gasp1.m3.12698.m1                             0.3806794 0.1950871 0.8331562 0.3743109 0.0430057 0.0514573 0.0000000 0.0418328 0.0510565 0.0586666 0.0574504 0.0575557 0.1707794 0.2051688 0.1799207 0.5267400 0.3833817 0.4275743 0.4275743 0.2324978 0.3779118 0.4918575 0.4738422 0.2382133 0.2484320 0.3176393 0.3118270 0.3228471 0.4125233 0.4367999 0.5366861 0.4961888 0.2459166 0.5070440 0.4189185 0.4690913 0.4189185 0.4005730 0.4224169 0.4045146 0.5065822 0.5245057 0.5245057 0.5417325 0.4888439 0.3833150 0.3833150 0.3932443 0.3932443 0.4241001 0.4259491 0.4712444 0.3937217 0.3937217 0.4568936 0.5046201 0.4061637 0.4074010 0.4161913 0.4109601 0.4917539 0.4939453 0.4913130 0.4931059 0.4975277 0.4934696 0.4949134 0.4822894 0.4608953 0.5275498 0.5653563 0.7961772 0.5775256 0.5409884 0.7553793 0.7620549 0.5009817 0.7317899 1.1625393 1.3070962 1.3780620 1.5080960 1.1890832 1.4047996 0.9282234 0.7941060 1.0098534 1.3764515 1.4869956 1.4683054 1.4223203 1.1950370 1.1127501 0.9581725 1.1859585 1.0766929 0.8255757 0.9863552 0.5152107 0.7987867 1.1540391 1.3344521 1.1318098 1.0064055 1.0262021 1.1844801 0.8780997 1.0714025 0.4944820 0.9283504 0.9469758 0.6924223 0.8841341 0.7743662 0.7779239 1.1505757 1.2848759 0.8415306 2.6352790 3.0430128 
Fspp_ffun1.m4.22961.m1                             0.3958382 0.1950871 1.4147528 0.3714290 0.0472042 0.0444136 0.0418328 0.0000000 0.0451639 0.0584178 0.0572106 0.0571306 0.1530699 0.2110159 0.1504860 0.5660764 0.3390595 0.4010062 0.4010062 0.2128645 0.3834307 0.5351334 0.5142584 0.2396569 0.2476410 0.3126127 0.3075728 0.3090457 0.4106503 0.4371649 0.5336943 0.3435350 0.2391054 0.4823157 0.4011780 0.4573402 0.4011780 0.3819626 0.4045964 0.3759981 0.4741331 0.5142256 0.5142256 0.5648497 0.3014663 0.2521396 0.2521396 0.2521396 0.2521396 0.2521396 0.2521396 0.2521396 0.2521396 0.2521396 0.4472066 0.5254193 0.4006145 0.4111690 0.3956805 0.4187362 0.5013303 0.5038620 0.4996785 0.5026310 0.5093019 0.5041339 0.5052937 0.4845760 0.4736735 0.5138126 0.5872360 0.8770791 0.5889903 0.5054216 0.8428201 0.8502825 0.3341278 0.7914874 1.3917207 1.5686976 1.3867603 1.5639370 1.4390699 1.4339920 0.8377308 0.8396500 0.8416738 1.3120560 1.4563508 1.4431478 1.4464926 1.4519696 1.0671600 1.0698680 1.0723878 0.9024429 0.8998340 0.8972727 0.3381116 0.8053805 1.3491645 1.6044910 1.4487082 1.2247835 1.1419695 1.3533733 1.2616584 1.3539697 0.4987663 1.0194497 1.0499671 0.6922896 0.6922896 0.8597633 0.8422023 1.1181142 1.3065807 0.8770403 2.6650716 3.2653997 
Gfas_gfas1.m1.4168.m1                              0.4029708 0.1970312 0.8842095 0.3867125 0.0519844 0.0560133 0.0510565 0.0451639 0.0000000 0.0452733 0.0441153 0.0549484 0.1766145 0.2175925 0.1822577 0.5523348 0.4026817 0.4326214 0.4326214 0.2372053 0.3794190 0.5200710 0.5069754 0.2420747 0.2578018 0.3264099 0.3200311 0.3265812 0.4105235 0.4448608 0.5554414 0.5028831 0.2640515 0.5276051 0.4482630 0.4974607 0.4482630 0.4236058 0.4501223 0.4174259 0.5194497 0.5375089 0.5375089 0.5759982 0.4933232 0.4054630 0.4054630 0.4236468 0.4236468 0.4522395 0.4532751 0.4977245 0.4157223 0.4157223 0.4653424 0.5114415 0.4056566 0.4119668 0.4124254 0.4223495 0.5063224 0.5071881 0.5036706 0.5055912 0.5115402 0.5015717 0.5034191 0.4874873 0.4660608 0.5356918 0.5904173 0.8200455 0.5763095 0.5553595 0.7774129 0.7875253 0.5039245 0.7634508 1.1109366 1.2580466 1.3244298 1.4628660 1.1698175 1.3886676 0.8858011 0.7499400 0.9788402 1.3424188 1.4867207 1.4642289 1.4093670 1.1773796 1.0932612 0.9336679 1.1777099 1.0972315 0.8316245 0.9981537 0.5033375 0.7846528 1.2679524 1.4559195 1.2373401 1.0712616 1.0978563 1.2577925 0.9011635 1.0817041 0.5107150 0.9640178 0.9903930 0.7012915 0.9042140 0.7810464 0.8034350 1.1333107 1.3106899 0.8356693 2.6887112 3.2084165 
Amil_Amillepora25164-RA                            0.3962420 0.1823527 0.9052802 0.3877562 0.0573894 0.0648930 0.0586666 0.0584178 0.0452733 0.0000000 0.0008577 0.0194688 0.1789537 0.2221868 0.1865054 0.5488021 0.4011988 0.4391941 0.4391941 0.2362937 0.3759214 0.5186846 0.4981933 0.2478681 0.2528457 0.3303966 0.3243050 0.3329232 0.4153592 0.4469195 0.5589721 0.4976987 0.2396062 0.5194093 0.4254349 0.4794051 0.4254349 0.4007804 0.4242890 0.4035655 0.5085141 0.5316088 0.5316088 0.5535707 0.4951493 0.3862091 0.3862091 0.4091407 0.4091407 0.4374857 0.4417285 0.4835032 0.3954881 0.3954881 0.4665402 0.5112770 0.4121345 0.4155183 0.4149360 0.4253831 0.5027991 0.5052002 0.5011347 0.5028648 0.5074944 0.4972281 0.4987531 0.4933492 0.4669546 0.5311557 0.5787111 0.8245764 0.5778566 0.5468580 0.7823487 0.7999102 0.5143571 0.7642720 1.1454721 1.2931829 1.3613536 1.4950684 1.1831841 1.4007462 0.9221286 0.7869872 1.0041676 1.3668058 1.4846490 1.4679733 1.4155917 1.1862731 1.1176464 0.9604864 1.1918947 1.0898029 0.8350360 0.9994393 0.5116338 0.7835920 1.2633315 1.4523351 1.2420514 1.0795273 1.0981627 1.2594768 0.8838886 1.0642837 0.4983638 0.9566373 0.9827411 0.6909743 0.8738751 0.7793454 0.8055961 1.1418344 1.2918177 0.8460190 2.6778177 3.1772363 
Amil_Amillepora25180-RA                            0.3933349 0.1823527 0.8690830 0.3766434 0.0538048 0.0634263 0.0574504 0.0572106 0.0441153 0.0008577 0.0000000 0.0182185 0.1751524 0.2204980 0.1825005 0.5377219 0.4003760 0.4312280 0.4312280 0.2329395 0.3613213 0.5064506 0.4817184 0.2426490 0.2455801 0.3235511 0.3161881 0.3279479 0.4037218 0.4363203 0.5446432 0.4922036 0.2345699 0.5011620 0.4222689 0.4532341 0.4222689 0.3984134 0.4212186 0.3991283 0.4949445 0.5241693 0.5241693 0.5326135 0.4886219 0.3799607 0.3799607 0.4012686 0.4012686 0.4294886 0.4340260 0.4767090 0.3884658 0.3884658 0.4534404 0.4927639 0.3958433 0.4020948 0.4015987 0.4169785 0.4930116 0.4955154 0.4905297 0.4923193 0.4958545 0.4849646 0.4865341 0.4803422 0.4587627 0.5164085 0.5409366 0.8042596 0.5745429 0.5427925 0.7682713 0.7864856 0.5100331 0.7453297 1.1166204 1.2720874 1.3352865 1.4798421 1.1596619 1.3812907 0.9001148 0.7622397 0.9886852 1.3597964 1.4636674 1.4562364 1.3858993 1.1541363 1.0939375 0.9333398 1.1752656 1.0725792 0.8087115 0.9751168 0.5116338 0.7665780 1.2288006 1.4194505 1.2057018 1.0534774 1.0737588 1.2370456 0.8793869 1.0608312 0.4779159 0.9299481 0.9562175 0.6765527 0.8638890 0.7536660 0.7937065 1.1297486 1.2817818 0.8273107 2.6659035 3.1500576 
Adig_XM_015897251.1                                0.3790072 0.1823527 0.5678971 0.3636720 0.0658430 0.0662322 0.0575557 0.0571306 0.0549484 0.0194688 0.0182185 0.0000000 0.1814220 0.2324799 0.1635223 0.4447256 0.3817457 0.4139492 0.4139492 0.2251861 0.3952620 0.4185164 0.3985884 0.2196004 0.2626336 0.3035958 0.3007452 0.2988547 0.3910160 0.3916162 0.5132992 0.4673096 0.1664822 0.5352060 0.1759545 0.4412012 0.1759545 0.2335154 0.1759545 0.1759545 0.5060199 0.5616820 0.5616820 0.5435447 0.4897405 0.3734478 0.3734478 0.3745762 0.3745762 0.3788834 0.4051978 0.4614976 0.3916245 0.3916245 0.4934551 0.4248318 0.4235832 0.3696703 0.4308340 0.3662240 0.4606212 0.4585847 0.4636602 0.4634652 0.4641399 0.4479772 0.4478629 0.4559329 0.4790021 0.5335894 0.5240716 0.6252295 0.5190556 0.4295549 0.5851196 0.5893474 0.5076482 0.6075849 1.0113132 1.2183608 1.2580245 1.4491855 1.0516201 1.3061532 1.0271992 0.8529083 1.1755232 1.3531200 1.4894754 1.4751920 1.3137691 1.0474475 1.1692678 0.9762426 1.3145205 1.1797312 0.7940775 1.0003626 0.4971216 0.7450795 0.9676593 1.0899633 0.8749669 0.7476519 0.8298177 0.9365072 0.6133990 0.8248232 0.5387451 0.7463894 0.7884148 0.6685130 0.8610282 0.7747077 0.6613371 1.0416420 1.0083461 0.8190849 2.2209108 2.5822094 
Exapal_XM_021037578.1                              0.4125182 0.1671444 0.9049627 0.3861531 0.1678329 0.1735293 0.1707794 0.1530699 0.1766145 0.1789537 0.1751524 0.1814220 0.0000000 0.1948233 0.1517274 0.5644722 0.4035259 0.4503903 0.4503903 0.2331884 0.4020809 0.5398435 0.5267442 0.2704206 0.2922005 0.3504019 0.3436139 0.3445797 0.4196680 0.4503901 0.5535943 0.5052710 0.2564934 0.5398943 0.4083582 0.4805779 0.4083582 0.4033459 0.4113412 0.4082428 0.5279583 0.5367537 0.5367537 0.5794191 0.4926988 0.4056268 0.4056268 0.4414363 0.4414363 0.4701097 0.4699615 0.5129511 0.4208760 0.4208760 0.4698256 0.5074189 0.4139172 0.4165160 0.4260276 0.4382525 0.5080888 0.5105249 0.5048864 0.5074722 0.5138686 0.5105425 0.5122930 0.4923327 0.4724410 0.5295722 0.5830524 0.8200200 0.5829036 0.5306711 0.7956356 0.8046079 0.5353427 0.7897987 1.1872707 1.3104755 1.3898082 1.4965267 1.1902346 1.3894318 0.9380668 0.8106785 1.0255712 1.3988461 1.5008853 1.4654996 1.4239217 1.2113116 1.1236949 0.9780353 1.2037901 1.0932449 0.8446014 0.9962386 0.5313106 0.8327122 1.2830101 1.4601988 1.2647279 1.1114517 1.1275077 1.2807936 0.9158905 1.1165556 0.5131751 0.9766864 1.0028459 0.6690728 0.8611763 0.7997806 0.8328444 1.1627962 1.2662165 0.8574975 2.7282290 3.2019801 
Nvec_v1g222371                                     0.3910735 0.1420294 0.4234981 0.4031730 0.2111704 0.2165677 0.2051688 0.2110159 0.2175925 0.2221868 0.2204980 0.2324799 0.1948233 0.0000000 0.0187545 0.5018483 0.4127663 0.4443801 0.4443801 0.2222057 0.3987833 0.4135226 0.3909894 0.3054309 0.3239228 0.3777433 0.3703103 0.3788864 0.4015470 0.4206006 0.5942143 0.4912543 0.1344974 0.5925876 0.3014841 0.4877332 0.3014841 0.3321003 0.3014841 0.3014841 0.5292362 0.5767633 0.5767633 0.6254290 0.5257991 0.3603273 0.3603273 0.4566706 0.4566706 0.4772023 0.4849370 0.4849370 0.3495396 0.3495396 0.4699012 0.4914540 0.4788471 0.4146336 0.4417190 0.4198543 0.4970838 0.4966813 0.4989763 0.4989763 0.5088725 0.5214236 0.5200302 0.4770975 0.5422587 0.5198734 0.5741348 0.5752765 0.5681365 0.4356886 0.5521971 0.5779184 0.4364577 0.7069261 0.8696307 1.0732801 1.2078613 1.4830810 1.0732801 1.4830810 0.8373156 0.5821540 0.8758510 1.2299970 1.5220273 1.4903836 1.5167687 1.1012666 0.9590264 0.6789379 0.9924896 0.9924896 0.6789379 0.9590264 0.3975496 0.8783981 0.7625054 0.9102259 0.6377478 0.6476883 0.7725812 0.9204178 0.7083379 1.0111222 0.5275471 0.7568515 0.7503193 0.6587978 0.8831533 0.6827542 0.6610702 1.3924109 1.2294212 0.7782905 2.6421849 2.6352420 
Nvec_v1g161999                                     0.4850905 0.1613533 0.9421163 0.4094374 0.1771908 0.1757396 0.1799207 0.1504860 0.1822577 0.1865054 0.1825005 0.1635223 0.1517274 0.0187545 0.0000000 0.6076986 0.4809364 0.4933118 0.4933118 0.2320786 0.4221574 0.5487688 0.5351477 0.2825193 0.3289188 0.3648693 0.3597983 0.3704040 0.4473865 0.4781066 0.5793952 0.5748156 0.3169272 0.6015511 0.4875705 0.5223477 0.4875705 0.4527428 0.4870971 0.5243686 0.5708512 0.5826392 0.5826392 0.6535480 0.5848896 0.4125666 0.4125666 0.4988425 0.4988425 0.5343888 0.5366921 0.5688332 0.4147094 0.4147094 0.5072186 0.5494450 0.4616143 0.4430196 0.4463781 0.4628158 0.5360944 0.5404022 0.5348378 0.5371706 0.5427803 0.5346314 0.5359404 0.5220182 0.4983953 0.5667992 0.6535400 0.8584114 0.6379134 0.6335810 0.8082493 0.8228003 0.5591651 0.7999264 1.2547830 1.3830391 1.4836415 1.5938269 1.2484804 1.4724858 1.0186471 0.8745826 1.1001661 1.4689867 1.6011634 1.5363992 1.5405074 1.2977178 1.2017106 1.0388443 1.2739540 1.1519583 0.8933691 1.0619326 0.5191165 0.8942581 1.3213437 1.5170680 1.2981200 1.1393920 1.1594733 1.3282263 0.9815076 1.1867058 0.5830918 0.9880444 1.0133706 0.7222552 0.9193349 0.8454483 0.8563420 1.1867570 1.4078091 0.8834960 2.7675046 3.2566055 
Lcom_lcpid2168                                     0.4292928 0.2065509 0.9397732 0.5676119 0.4509665 0.5427158 0.5267400 0.5660764 0.5523348 0.5488021 0.5377219 0.4447256 0.5644722 0.5018483 0.6076986 0.0000000 0.1177722 0.1812118 0.1812118 0.1691055 0.4062482 0.5762789 0.5600524 0.5745714 0.4701129 0.5980567 0.5870150 0.6069331 0.5855156 0.6077843 0.6525705 0.5528132 0.3050428 0.5617339 0.4204882 0.4912233 0.4204882 0.4088317 0.4135971 0.4339859 0.5558248 0.5747694 0.5747694 0.5914581 0.5589392 0.4664926 0.4664926 0.4856410 0.4856410 0.5166214 0.5128124 0.5478099 0.4895848 0.4895848 0.5237459 0.5741342 0.4372295 0.5756958 0.6044409 0.6423992 0.6662861 0.6670367 0.6628837 0.6650432 0.6730290 0.6708620 0.6711320 0.6397562 0.5078517 0.5383903 0.5681572 0.8119711 0.5654712 0.5267859 0.8002015 0.7903441 0.5224467 0.8088773 1.2497339 1.3786921 1.5224416 1.6290793 1.2693251 1.5404893 0.9960861 0.8310692 1.0662792 1.4809243 1.5810208 1.5776247 1.5424221 1.2584564 1.1963690 1.0064975 1.2544559 1.1522039 0.8790016 1.0779515 0.6089082 0.8100010 1.2900283 1.4548241 1.2665884 1.1095944 1.1305796 1.2735444 0.8941984 1.0767944 0.6134878 1.0035001 1.0173948 0.6625276 0.8597161 0.7472045 0.9073719 1.2795152 1.4329502 0.9282600 2.8787618 3.3788013 
Leuniv_Lniv_scaffold22835_01                       0.4092418 0.1995792 0.5662461 0.4033876 0.3811234 0.3822279 0.3833817 0.3390595 0.4026817 0.4011988 0.4003760 0.3817457 0.4035259 0.4127663 0.4809364 0.1177722 0.0000000 0.1544092 0.1544092 0.1680575 0.3673080 0.3659997 0.3460963 0.3998116 0.4217079 0.4204444 0.4149434 0.4381693 0.4178630 0.4314101 0.5082705 0.5588837 0.3247625 0.5110835 0.4159674 0.3906081 0.4159674 0.3906081 0.4100185 0.4476243 0.4917259 0.5038091 0.5038091 0.4674263 0.5466161 0.4472060 0.4472060 0.4683580 0.4683580 0.4982987 0.4972503 0.5363175 0.4616075 0.4616075 0.4701467 0.3669850 0.3717721 0.4095718 0.4237480 0.4690916 0.4994203 0.5006383 0.4998340 0.5016899 0.4951438 0.4968048 0.4985093 0.4470353 0.4086849 0.4942190 0.4806932 0.5215727 0.5238383 0.5192827 0.5037233 0.5121315 0.5168367 0.5746743 1.0417337 1.0869395 1.3947715 1.4519164 1.0869395 1.4519164 0.7676100 0.5466937 0.9011020 1.4745678 1.4979219 1.5249149 1.4211734 1.0623243 0.9419136 0.6860785 1.0639257 1.0639257 0.6860785 0.9419136 0.5262143 0.7608033 0.6575924 0.7677377 0.6067609 0.6067609 0.6575924 0.7677377 0.8192918 1.0080210 0.5502154 0.6887407 0.7174720 0.5866502 0.8885042 0.6349126 0.6860645 1.2946587 1.4370887 0.7531898 2.5358001 2.5358001 
Gracom_Gcom_scaffold2644_01                        0.4726266 0.1988216 0.6998632 0.4690107 0.4254433 0.4268634 0.4275743 0.4010062 0.4326214 0.4391941 0.4312280 0.4139492 0.4503903 0.4443801 0.4933118 0.1812118 0.1544092 0.0000000 0.0000010 0.1673556 0.4189061 0.4235885 0.3943141 0.4546297 0.4599362 0.4629357 0.4525390 0.4797331 0.4742517 0.4885756 0.5695541 0.5869316 0.3595474 0.5635749 0.4444443 0.4737281 0.4444443 0.4227498 0.4394591 0.4489940 0.5313856 0.5622011 0.5622011 0.5457970 0.5489930 0.4497308 0.4497308 0.4502661 0.4502661 0.4502661 0.4632326 0.5052260 0.4705850 0.4705850 0.5135040 0.4294272 0.4272934 0.4596365 0.4528737 0.5252615 0.5454963 0.5485884 0.5410430 0.5433241 0.5550210 0.5546704 0.5527700 0.4887557 0.4948697 0.5731565 0.5929178 0.6071678 0.6087634 0.5714470 0.6108155 0.6167381 0.5424417 0.7146214 1.0023687 1.1768790 1.2279855 1.4372854 1.1666154 1.4249734 0.7191826 0.5704169 0.8323850 1.3888135 1.5508390 1.6058565 1.3747174 1.1241987 0.8916577 0.7184059 1.0199431 1.0112086 0.7117383 0.8837011 0.5731030 0.8271206 0.6842080 0.8401739 0.7032272 0.7032272 0.6842080 0.8401739 1.0282564 1.1703351 0.6207724 0.8116508 0.8040819 0.7103841 0.7482602 0.7269824 0.7303856 1.3968976 1.3581759 0.8006914 2.5522133 2.5522133 
Gracom_Gcom_scaffold2645_01                        0.4726266 0.1988216 0.6998632 0.4690107 0.4254433 0.4268634 0.4275743 0.4010062 0.4326214 0.4391941 0.4312280 0.4139492 0.4503903 0.4443801 0.4933118 0.1812118 0.1544092 0.0000010 0.0000000 0.1673556 0.4189061 0.4235885 0.3943141 0.4546297 0.4599362 0.4629357 0.4525390 0.4797331 0.4742517 0.4885756 0.5695541 0.5869316 0.3595474 0.5635749 0.4444443 0.4737281 0.4444443 0.4227498 0.4394591 0.4489940 0.5313856 0.5622011 0.5622011 0.5457970 0.5489930 0.4497308 0.4497308 0.4502661 0.4502661 0.4502661 0.4632326 0.5052260 0.4705850 0.4705850 0.5135040 0.4294272 0.4272934 0.4596365 0.4528737 0.5252615 0.5454963 0.5485884 0.5410430 0.5433241 0.5550210 0.5546704 0.5527700 0.4887557 0.4948697 0.5731565 0.5929178 0.6071678 0.6087634 0.5714470 0.6108155 0.6167381 0.5424417 0.7146214 1.0023687 1.1768790 1.2279855 1.4372854 1.1666154 1.4249734 0.7191826 0.5704169 0.8323850 1.3888135 1.5508390 1.6058565 1.3747174 1.1241987 0.8916577 0.7184059 1.0199431 1.0112086 0.7117383 0.8837011 0.5731030 0.8271206 0.6842080 0.8401739 0.7032272 0.7032272 0.6842080 0.8401739 1.0282564 1.1703351 0.6207724 0.8116508 0.8040819 0.7103841 0.7482602 0.7269824 0.7303856 1.3968976 1.3581759 0.8006914 2.5522133 2.5522133 
Clacor_Ccor_scaffold6174_01                        0.2180605 0.1973639 0.1891935 0.2667477 0.2331354 0.2291724 0.2324978 0.2128645 0.2372053 0.2362937 0.2329395 0.2251861 0.2331884 0.2222057 0.2320786 0.1691055 0.1680575 0.1673556 0.1673556 0.0000000 0.2011462 0.2022266 0.2355514 0.2586590 0.2464994 0.2162631 0.2092737 0.2122658 0.2434223 0.2454650 0.3367417 0.3476623 0.2170333 0.3466106 0.2322123 0.2322123 0.2322123 0.2322123 0.2322123 0.2322123 0.3288935 0.3583616 0.3583616 0.2534408 0.3571144 0.3336371 0.3336371 0.3336371 0.3336371 0.3336371 0.3336371 0.3336371 0.3336371 0.3336371 0.2637131 0.2410597 0.2410597 0.2495895 0.2388208 0.2843976 0.3149606 0.3175102 0.3189694 0.3222035 0.3441382 0.3256966 0.3256966 0.3027093 0.2484567 0.3036468 0.3518903 0.3475852 0.3265977 0.3218248 0.3446721 0.3616378 0.4359647 0.3637383 0.8153503 0.8153503 0.9506673 0.9506673 0.8153503 0.9506673 0.4727825 0.3858578 0.5551362 1.0778482 1.0778482 1.0778482 0.9506673 0.8153503 0.4727825 0.3858578 0.5551362 0.5551362 0.3858578 0.4727825 0.4046617 0.5526061 0.5526061 0.5526061 0.3456655 0.3456655 0.5526061 0.5526061 0.3456655 0.5526061 0.3670647 0.4187940 0.4061337 0.3607976 0.3607976 0.4257718 0.4807191 0.9164732 0.9777275 0.5156852 2.1255473 2.1255473 
Aque_Aqu2.1.26967_001                              0.2796586 0.1799904 0.6213140 0.3942623 0.3761666 0.3766162 0.3779118 0.3834307 0.3794190 0.3759214 0.3613213 0.3952620 0.4020809 0.3987833 0.4221574 0.4062482 0.3673080 0.4189061 0.4189061 0.2011462 0.0000000 0.1149085 0.1402794 0.4036583 0.4245467 0.4166260 0.4070452 0.4149569 0.4095105 0.4231179 0.5311841 0.5076154 0.2836276 0.5578562 0.4427229 0.5126129 0.4427229 0.4156668 0.4303730 0.4094396 0.5457584 0.5780669 0.5780669 0.5927226 0.5396889 0.4199647 0.4199647 0.4263815 0.4263815 0.4485627 0.4598068 0.5031995 0.4324080 0.4324080 0.4859695 0.4006079 0.4307328 0.4127349 0.4386690 0.4643900 0.4693975 0.4693016 0.4712321 0.4739920 0.4787835 0.4667409 0.4689721 0.4544628 0.5137452 0.5317116 0.5574062 0.5734515 0.5936986 0.5512264 0.5381842 0.5601176 0.5251162 0.5724669 1.1781697 1.3054421 1.4292083 1.5370019 1.1980108 1.4477913 0.9216656 0.7708424 1.0089388 1.4083859 1.5402624 1.5141234 1.4733841 1.2089954 1.1359392 0.9582113 1.2134331 1.1144403 0.8341811 1.0199006 0.5284083 0.8087114 0.8051076 0.9604225 0.8131610 0.7118413 0.7049644 0.8454925 0.9203766 1.0844180 0.5695656 0.7225797 0.7364174 0.7061775 0.9004736 0.7906931 0.6607464 1.0712619 1.3496876 0.8023112 2.3634110 2.6731607 
Halamb_c55505_g2_i2mm.6594                         0.2800624 0.1694756 0.8283263 0.5376036 0.4178920 0.5131389 0.4918575 0.5351334 0.5200710 0.5186846 0.5064506 0.4185164 0.5398435 0.4135226 0.5487688 0.5762789 0.3659997 0.4235885 0.4235885 0.2022266 0.1149085 0.0000000 0.1837373 0.5533175 0.4332713 0.5505773 0.5389740 0.5603043 0.5575098 0.5667920 0.6641260 0.5440472 0.3189693 0.5808616 0.4704717 0.5273275 0.4704717 0.4429689 0.4568614 0.4534839 0.5593814 0.5967404 0.5967404 0.6380910 0.5762162 0.4605979 0.4605979 0.4648812 0.4648812 0.4915050 0.5026735 0.5430463 0.4719264 0.4719264 0.5089445 0.5537594 0.4262236 0.5520544 0.5639913 0.6118257 0.5967255 0.5955801 0.5947223 0.5965169 0.6006181 0.5972988 0.5978599 0.6292200 0.5199488 0.5447634 0.5656929 0.8028262 0.5763389 0.5551381 0.7683701 0.7855017 0.5169125 0.7747053 1.1396278 1.2778385 1.3851620 1.5062361 1.1646589 1.4088984 0.9143325 0.7640121 1.0052740 1.3830414 1.5264438 1.4834556 1.4520974 1.1900300 1.1268148 0.9496600 1.2086668 1.1061968 0.8235243 1.0072405 0.5299453 0.8178652 1.2855594 1.4658576 1.2987273 1.1366086 1.1255370 1.2804972 0.9039359 1.0612854 0.5850841 0.9770666 1.0032957 0.7116863 0.9077213 0.7953403 0.9020069 0.6693092 1.3332967 0.8826014 2.8225956 3.3287745 
Xestes_maker-XT_scaffold3979-snap-gene-0.32-mRNA-1 0.2578074 0.1899099 0.8142413 0.5163300 0.4052648 0.4917247 0.4738422 0.5142584 0.5069754 0.4981933 0.4817184 0.3985884 0.5267442 0.3909894 0.5351477 0.5600524 0.3460963 0.3943141 0.3943141 0.2355514 0.1402794 0.1837373 0.0000000 0.5284463 0.4051877 0.5436805 0.5273955 0.5501092 0.5335080 0.5648291 0.6589372 0.5336124 0.2583848 0.5562989 0.4325158 0.4943365 0.4325158 0.4128682 0.4232753 0.4281667 0.5367238 0.5835819 0.5835819 0.6244780 0.5550774 0.4519939 0.4519939 0.4657105 0.4657105 0.4836580 0.4943281 0.5340227 0.4699154 0.4699154 0.4870612 0.5366080 0.4003164 0.5382092 0.5521661 0.6036698 0.6047210 0.6036394 0.6040504 0.6056034 0.6090891 0.5975208 0.6002864 0.5945702 0.5117227 0.5258901 0.5367431 0.8052181 0.5762608 0.5640255 0.7707488 0.7916654 0.5076394 0.7607019 1.1581729 1.2982342 1.4192571 1.5434142 1.1848497 1.4459051 0.9424485 0.7804556 1.0216486 1.4090061 1.5440025 1.5026197 1.4886488 1.2089136 1.1484988 0.9587245 1.2180076 1.1151899 0.8331523 1.0298816 0.5434270 0.7998965 1.2635607 1.4563927 1.2946363 1.1385010 1.1115037 1.2782477 0.9021596 1.0610725 0.5723851 0.9696392 1.0060639 0.7040781 0.9005760 0.7828616 0.9007797 0.8646597 1.3876032 0.8862450 2.8822156 3.3852083 
Dgig_XM_028553146.1                                0.4114449 0.1624656 0.9244629 0.4047452 0.2212127 0.2402318 0.2382133 0.2396569 0.2420747 0.2478681 0.2426490 0.2196004 0.2704206 0.3054309 0.2825193 0.5745714 0.3998116 0.4546297 0.4546297 0.2586590 0.4036583 0.5533175 0.5284463 0.0000000 0.0802530 0.3611182 0.3527526 0.3666571 0.4402270 0.4845171 0.5800191 0.5097543 0.2862525 0.5569497 0.4892080 0.5151530 0.4892080 0.4473627 0.4872881 0.4624034 0.5400631 0.5633252 0.5633252 0.6056169 0.5189767 0.4078273 0.4078273 0.4241722 0.4241722 0.4539094 0.4586061 0.5127440 0.4206807 0.4206807 0.4891140 0.5454316 0.4453636 0.4440739 0.4573381 0.4466920 0.5402492 0.5420284 0.5367446 0.5376456 0.5396821 0.5342103 0.5360487 0.5291360 0.5013382 0.5655616 0.6577381 0.8401383 0.6110844 0.5845205 0.8214762 0.8201837 0.5618295 0.8044479 1.2103525 1.3564394 1.4389008 1.5691807 1.2308064 1.4582813 0.9970627 0.8518409 1.0750711 1.4210797 1.5585492 1.5144985 1.5044377 1.2613380 1.1732954 1.0088196 1.2416909 1.1270386 0.8702230 1.0410037 0.6102360 0.8444690 1.3185608 1.4680667 1.3033546 1.1352164 1.1486033 1.2765998 0.9191973 1.1033516 0.5206056 0.9949948 1.0122937 0.7175296 0.8949270 0.8042105 0.8211190 1.2028711 1.3377171 0.8407861 2.7693074 3.2823247 
Xesp_021295-T1                                     0.4225488 0.1841187 0.6483446 0.4114774 0.2449142 0.2466567 0.2484320 0.2476410 0.2578018 0.2528457 0.2455801 0.2626336 0.2922005 0.3239228 0.3289188 0.4701129 0.4217079 0.4599362 0.4599362 0.2464994 0.4245467 0.4332713 0.4051877 0.0802530 0.0000000 0.3503731 0.3460607 0.3600481 0.4013412 0.4311390 0.5532155 0.5337033 0.2996565 0.5661764 0.5084598 0.5275733 0.5084598 0.4608146 0.5063303 0.4575149 0.5518188 0.5668204 0.5668204 0.5773595 0.5222942 0.3976176 0.3976176 0.4245065 0.4245065 0.4538305 0.4572439 0.5123751 0.4055986 0.4055986 0.4707846 0.4378075 0.4352336 0.4104978 0.4468404 0.4196961 0.5107901 0.5169158 0.5165613 0.5169521 0.5261208 0.5126454 0.5153638 0.4653539 0.5223186 0.5837259 0.6681547 0.6548134 0.6437792 0.5853171 0.6220285 0.6468171 0.5621643 0.6922136 1.0521655 1.2661313 1.2778010 1.5303502 1.1370700 1.3778641 0.8534105 0.6896561 0.9622205 1.3560893 1.4819916 1.4467136 1.4169952 1.1700456 1.0428146 0.8527947 1.1396181 1.0389469 0.7603720 0.9350229 0.5710955 0.8268069 0.7132128 0.8544116 0.6714564 0.6714564 0.7132128 0.8544116 0.9024494 1.0791579 0.5223654 0.8044960 0.8007721 0.7398478 0.9958273 0.7815183 0.6471599 1.3792441 1.3400563 0.7488339 2.6939080 2.6939080 
Nemnom_g17214.t1                                   0.4211506 0.1817717 0.9431836 0.4360993 0.3022174 0.3264053 0.3176393 0.3126127 0.3264099 0.3303966 0.3235511 0.3035958 0.3504019 0.3777433 0.3648693 0.5980567 0.4204444 0.4629357 0.4629357 0.2162631 0.4166260 0.5505773 0.5436805 0.3611182 0.3503731 0.0000000 0.0392484 0.1321656 0.4605049 0.4888533 0.6034980 0.5703382 0.3040833 0.5649801 0.4741770 0.5005240 0.4741770 0.4413317 0.4667665 0.4469793 0.5447113 0.5821021 0.5821021 0.6157471 0.5606078 0.4701478 0.4701478 0.4645095 0.4645095 0.4945333 0.5025111 0.5631179 0.4748691 0.4748691 0.4990267 0.5513444 0.4490521 0.4567534 0.4846697 0.3708689 0.5460393 0.5439256 0.5435793 0.5471785 0.5447938 0.5405999 0.5410175 0.5504475 0.5142809 0.5883939 0.6076187 0.8463458 0.6089576 0.5656153 0.8272718 0.8084556 0.5417936 0.8137687 1.2234383 1.3713968 1.4447319 1.5799588 1.2517197 1.4730597 0.9923592 0.8519975 1.0853795 1.4649704 1.5823185 1.5495843 1.5050001 1.2692389 1.1781792 1.0177362 1.2627621 1.1538519 0.8863293 1.0519498 0.5922830 0.8579111 1.3459680 1.4824667 1.3467944 1.1688771 1.1680811 1.2845965 0.9772970 1.1415310 0.4430781 0.9898042 1.0078413 0.7237084 0.9175394 0.8258212 0.8605860 1.1828854 1.3531105 0.8686181 2.8046571 3.3323008 
Rhoesc_Res_004778-T1                               0.4058588 0.1703853 0.9134767 0.4251547 0.2988724 0.3209834 0.3118270 0.3075728 0.3200311 0.3243050 0.3161881 0.3007452 0.3436139 0.3703103 0.3597983 0.5870150 0.4149434 0.4525390 0.4525390 0.2092737 0.4070452 0.5389740 0.5273955 0.3527526 0.3460607 0.0392484 0.0000000 0.1271808 0.4554354 0.4802319 0.5913943 0.5614015 0.3034173 0.5619294 0.4542352 0.5009037 0.4542352 0.4281896 0.4476336 0.4362599 0.5453373 0.5719035 0.5719035 0.6148487 0.5540938 0.4676135 0.4676135 0.4663343 0.4663343 0.4948741 0.4988837 0.5616892 0.4758170 0.4758170 0.4881270 0.5442633 0.4468166 0.4494289 0.4746269 0.3624093 0.5350811 0.5337080 0.5333108 0.5368578 0.5357815 0.5260001 0.5264087 0.5394759 0.5078908 0.5816156 0.6064142 0.8379376 0.5972102 0.5502273 0.8131987 0.7934415 0.5425688 0.7963924 1.2010547 1.3428419 1.4245769 1.5513813 1.2198922 1.4426586 0.9948057 0.8521423 1.0917900 1.4544105 1.5660471 1.5299257 1.4776350 1.2404265 1.1696526 1.0075852 1.2597838 1.1483061 0.8718677 1.0399325 0.5680059 0.8573687 1.3168408 1.4407838 1.3142908 1.1436323 1.1458349 1.2515322 0.9650418 1.1350719 0.4295445 0.9671233 0.9847652 0.7124485 0.9002655 0.8168429 0.8424637 1.1814018 1.3353076 0.8565456 2.7756429 3.2904175 
Sanmal_Sma_023197-T1                               0.4340192 0.1812485 0.9534212 0.4433694 0.3026697 0.3259706 0.3228471 0.3090457 0.3265812 0.3329232 0.3279479 0.2988547 0.3445797 0.3788864 0.3704040 0.6069331 0.4381693 0.4797331 0.4797331 0.2122658 0.4149569 0.5603043 0.5501092 0.3666571 0.3600481 0.1321656 0.1271808 0.0000000 0.4757680 0.4945503 0.5972311 0.5662372 0.3235382 0.5632194 0.4692544 0.4968495 0.4692544 0.4377415 0.4647737 0.4511644 0.5458016 0.5640627 0.5640627 0.6228897 0.5581964 0.4671219 0.4671219 0.4768952 0.4768952 0.5041950 0.5122944 0.5663468 0.4736842 0.4736842 0.5049841 0.5593622 0.4513235 0.4608141 0.4906956 0.3748747 0.5453742 0.5458149 0.5511893 0.5538713 0.5530958 0.5437470 0.5442744 0.5618194 0.4899370 0.5937143 0.6395476 0.8436014 0.6183129 0.5416138 0.8365525 0.8149188 0.5763828 0.8129803 1.2081918 1.3397537 1.4216571 1.5377598 1.2187879 1.4303178 0.9902445 0.8542787 1.0714903 1.4279468 1.5397522 1.4944455 1.4769904 1.2503844 1.1329546 0.9818973 1.2072086 1.0954782 0.8477658 1.0040569 0.5173006 0.8601200 1.3298337 1.4374314 1.3237460 1.1634394 1.1689860 1.2613851 0.9944781 1.1624155 0.4553046 1.0042400 1.0148210 0.7225882 0.9051746 0.8503059 0.8688678 1.1962634 1.3775292 0.8698589 2.8120725 3.3014428 
Acagra_model.g23022.t1                             0.4083672 0.1801819 0.9293258 0.3598110 0.3813864 0.4154166 0.4125233 0.4106503 0.4105235 0.4153592 0.4037218 0.3910160 0.4196680 0.4015470 0.4473865 0.5855156 0.4178630 0.4742517 0.4742517 0.2434223 0.4095105 0.5575098 0.5335080 0.4402270 0.4013412 0.4605049 0.4554354 0.4757680 0.0000000 0.2824469 0.6008520 0.5624055 0.2664071 0.5630890 0.4177547 0.4824033 0.4177547 0.4030055 0.4142910 0.4103735 0.5547859 0.5860525 0.5860525 0.6033537 0.5614735 0.4742693 0.4742693 0.4783779 0.4783779 0.5076525 0.5203895 0.5567613 0.4839042 0.4839042 0.3100969 0.5522614 0.4416822 0.3760522 0.4067381 0.5255437 0.5440116 0.5457269 0.5409442 0.5440565 0.5484690 0.5381256 0.5391203 0.4908490 0.5013109 0.5483704 0.5705985 0.8260362 0.6032520 0.5387744 0.8037509 0.7881321 0.5825867 0.7915663 1.2111107 1.3737543 1.4876197 1.6348662 1.2382228 1.5160296 0.9752867 0.8063478 1.0554714 1.4664374 1.5874966 1.5716817 1.5306105 1.2374592 1.1465129 0.9540519 1.2187886 1.0929921 0.8051475 1.0026777 0.5222901 0.8158007 1.2909416 1.4239967 1.2838136 1.1077224 1.1150237 1.2276690 0.9553261 1.1324228 0.5892677 1.0039162 1.0139986 0.7193145 0.9215191 0.8133111 0.7837886 1.1946760 1.3598316 0.8334895 2.8346935 3.3984992 
Cgig_XM_034446030.1                                0.4549527 0.1815462 0.9599000 0.3979364 0.4019310 0.4431308 0.4367999 0.4371649 0.4448608 0.4469195 0.4363203 0.3916162 0.4503901 0.4206006 0.4781066 0.6077843 0.4314101 0.4885756 0.4885756 0.2454650 0.4231179 0.5667920 0.5648291 0.4845171 0.4311390 0.4888533 0.4802319 0.4945503 0.2824469 0.0000000 0.6187103 0.5264731 0.2853284 0.5426041 0.4491154 0.5032424 0.4491154 0.4366947 0.4499336 0.4513897 0.5471974 0.5596811 0.5596811 0.6244679 0.5311983 0.4464898 0.4464898 0.4602650 0.4602650 0.4880887 0.4962936 0.5290351 0.4552987 0.4552987 0.3447567 0.5667565 0.4660207 0.4266708 0.4472593 0.5451362 0.5593944 0.5629429 0.5582425 0.5602890 0.5705964 0.5569992 0.5575886 0.5247761 0.4869058 0.5791782 0.5631862 0.8374708 0.6127845 0.5528306 0.8186256 0.7949661 0.5720775 0.7996508 1.2363878 1.3889014 1.4988826 1.6347825 1.2471429 1.5063242 0.9871314 0.8269973 1.0687009 1.4704454 1.5636716 1.5656452 1.5014058 1.2318978 1.1532268 0.9722568 1.2271387 1.0974518 0.8216624 1.0059215 0.5763811 0.8444143 1.3153943 1.4353359 1.3288644 1.1641419 1.1534791 1.2564131 0.9531750 1.1044442 0.5958153 1.0026669 1.0287531 0.7330484 0.9184366 0.8139230 0.8412717 1.1885476 1.3897063 0.8678022 2.8408749 3.3517705 
Horcal_Hcv1.av93.c1.g1181.i1                       0.6020518 0.2530651 1.1265777 0.5414160 0.4970220 0.5434590 0.5366861 0.5336943 0.5554414 0.5589721 0.5446432 0.5132992 0.5535943 0.5942143 0.5793952 0.6525705 0.5082705 0.5695541 0.5695541 0.3367417 0.5311841 0.6641260 0.6589372 0.5800191 0.5532155 0.6034980 0.5913943 0.5972311 0.6008520 0.6187103 0.0000000 0.1721551 0.1012802 0.1632025 0.1852302 0.1825744 0.1852302 0.1646090 0.1877551 0.1940246 0.2144307 0.1736501 0.1736501 0.0993933 0.1728617 0.1873148 0.1873148 0.1761410 0.1761410 0.1865179 0.1908852 0.2045243 0.1929360 0.1929360 0.6241425 0.6586684 0.5780745 0.5948350 0.5943393 0.6329377 0.6589923 0.6598030 0.6651548 0.6678021 0.6656990 0.6630024 0.6649900 0.6688378 0.1549437 0.6217593 0.6831038 0.8927168 0.6498471 0.6207181 0.8540678 0.8374068 0.5911261 0.8634482 1.2693936 1.3944391 1.5171269 1.6220827 1.2615464 1.5039154 1.0328358 0.8799032 1.1187219 1.4954231 1.6189472 1.5720306 1.5521115 1.2921369 1.2207342 1.0448084 1.2978261 1.1776105 0.9000934 1.0819610 0.7368782 0.9213341 1.4503247 1.5680108 1.4245596 1.2433167 1.2662475 1.3665887 1.0291201 1.1972580 0.6562315 1.0710407 1.0817635 0.8013638 0.9937888 0.8768614 0.9345385 1.2679097 1.4532466 0.9823987 2.9395276 3.4879547 
