95
Emue_Em0015g288a.t1                                         0.0000000 0.2929225 1.0380267 1.0429887 1.4137026 1.7160670 2.0041943 1.8066276 1.8645746 1.5047033 1.7249795 1.9693297 2.0010208 2.1507522 2.2833619 2.1504477 2.1575858 2.1937255 2.2519408 2.2785832 2.1512840 2.0544066 2.2322540 2.1794212 2.0503507 2.2082364 2.1215737 2.2543236 2.1588869 2.2335679 2.2776049 2.0404332 2.0456924 2.4425420 2.5154381 2.1720840 2.4105500 2.2549359 2.5877329 2.4606088 1.6404734 1.6052652 2.0533355 1.8272368 2.5867182 2.6773984 2.5913876 2.6079471 2.2339796 2.4972166 2.4178061 2.4178061 2.4013900 2.5531090 2.3339963 2.2811668 2.2145967 2.2299041 2.2526516 2.2526516 1.8077906 1.6461275 2.8513030 2.8412752 2.8341419 2.3163173 2.1982396 2.3098360 2.4572174 2.1617753 1.6185448 2.7622613 2.5033669 1.8750594 2.2779306 2.0340220 2.3081980 1.9631859 3.4179065 3.5338894 2.7965497 2.5327088 2.5118673 2.5439891 2.6764356 2.7921978 3.2901163 4.0164533 3.3757096 3.2260656 3.2395247 2.7950105 2.8483191 2.4302256 3.8634463 
Spolac_c98183_g1_i2_m.16647c98183-g1                        0.2929225 0.0000000 1.1706882 1.1311898 1.4647663 1.7451963 2.0941526 1.9281970 1.9473003 1.6499711 1.9158849 2.0133924 2.2531238 2.6636211 2.2359693 2.0746047 2.2168809 2.2601681 2.3336707 2.5147811 2.2103606 2.1639468 2.2833146 2.3617047 2.2127577 2.3487519 2.3088475 2.3508221 2.1809573 2.2618325 2.3380202 2.1440506 2.2111637 2.5227930 2.5140438 2.2476420 2.4924651 2.2948277 3.1751815 2.8467417 1.7770190 1.7600739 2.2326925 2.0434751 3.0192633 2.8740772 2.9519050 3.5929336 2.5215250 2.6134682 2.4371153 2.4371153 2.4268489 2.5175554 2.5541937 2.4624403 2.3583583 2.3751841 2.4779476 2.4779476 1.8779444 2.0823988 3.0707875 3.0356212 3.0568208 2.2287685 2.1716949 2.2092274 2.1540898 2.3025606 1.7467046 2.7100677 2.6197744 1.9357174 2.4713223 2.1858467 2.6972602 2.2671936 3.4038312 3.5723185 2.9233823 2.4000229 2.6578514 2.4540892 2.9713829 2.8406961 3.2620156 4.2567603 3.7591779 3.5659633 3.6185437 3.0017180 3.2450968 2.2949579 4.7922963 
Tetwil_g7037.t1                                             1.0380267 1.1706882 0.0000000 1.2384300 1.4705911 1.5232283 1.5700738 1.8415814 1.7045177 1.7300533 2.1994787 2.4087868 1.9717608 2.2195639 2.2723697 2.2267106 2.0288350 2.0655006 2.0134580 2.1597007 1.8300554 1.9173838 2.0789455 1.9896517 1.6741718 2.1743176 2.1479141 2.2295452 1.9314523 1.9144021 2.2084552 1.8267779 1.9414562 2.2723363 2.4129076 2.0666891 2.3680438 2.0253755 2.8937379 2.6033138 1.7861829 1.7447788 1.9242372 1.6340587 2.2840885 2.5970127 2.4817855 2.0242009 2.1508740 2.6767963 2.3614115 2.3614115 2.3082363 2.5821700 2.2859252 2.3280819 2.1748914 2.2009038 2.3791815 2.3791815 1.9298766 1.8599650 2.5118201 2.6292392 2.6087434 2.5254156 2.0405733 2.0472633 2.1062549 2.0362815 1.6180738 2.7791022 2.4403170 1.9640191 2.0880678 1.9056556 1.9819370 1.9956163 2.9532850 3.1019730 2.3826055 2.5970298 2.1730562 2.1133669 2.3808711 2.2772061 3.4158284 4.9605835 3.6127845 3.5180785 3.6595333 2.8398782 3.3657374 2.5013820 3.2438081 
Stycar_snap_masked-SC_scaffold394-processed-gene-0.1-mRNA-1 1.0429887 1.1311898 1.2384300 0.0000000 1.2991099 1.4010005 1.2750484 1.9292019 2.0558490 1.5809576 1.9173012 2.0764907 1.9937994 2.0447460 1.8759460 1.7411163 2.1197257 2.1380137 1.9334595 2.2669614 1.8090475 1.8769924 1.9056775 1.8682874 1.7715508 1.8196327 1.8710443 2.1884594 1.7993237 1.9038846 2.0764468 1.8181068 1.6732376 2.2636150 2.1236826 1.7705702 2.0329308 2.2333545 2.8309300 2.4782881 1.4976439 1.4567725 2.0813032 1.6902555 2.5484539 3.2029829 3.3108742 2.5028714 2.5012893 2.8230553 2.4671656 2.4671656 2.5503872 2.2371500 2.3131243 2.3115635 2.1908223 2.2219039 2.3090774 2.3090774 1.9273603 2.0733513 2.2179774 2.9430878 2.8508363 2.3190460 2.0231741 2.2374330 2.4042150 2.3485694 1.4223769 2.7718996 2.2965583 2.2033954 2.0078284 1.9313495 2.1469344 2.0470748 2.8883969 2.9364107 2.4442600 2.6537872 2.4718784 2.2069310 2.7742636 2.5843214 3.4825401 3.9224279 3.4803763 3.3452955 3.3724470 2.8073980 2.8577691 2.3282130 3.6348308 
Aque_Aqu2.1.39843_001                                       1.4137026 1.4647663 1.4705911 1.2991099 0.0000000 0.5569656 0.7297288 1.8467999 1.8993591 1.4939726 2.1328351 2.1519087 1.9866074 2.0318367 2.0503830 2.0241357 2.4379077 2.4656072 2.1431626 2.3386273 2.0707064 1.9889018 2.3164702 2.3701605 1.9561303 2.1031499 2.2466976 2.3219115 2.0930581 2.1534779 2.1360437 1.7832754 1.8354006 2.1348821 2.0984032 1.8817464 1.9696121 2.0259565 2.5869350 2.1182465 1.5786718 1.5444567 1.7854245 2.0030589 2.2682718 2.1377814 2.2080155 2.5059772 2.0057373 2.3967587 2.1908834 2.1908834 2.4655970 2.3896814 2.5043110 2.1004494 2.0923409 2.1169178 1.9594539 1.9594539 1.8536651 2.1102956 2.4464250 2.2543009 2.1206773 2.1206372 1.8252823 1.9139294 2.1892589 1.9025393 1.6736193 2.6440268 2.3012909 1.9616344 2.0965978 2.3438362 2.0257371 1.8979368 2.4351080 2.5445846 2.1937730 2.3009639 2.3069031 2.4539420 2.1571787 2.5105102 3.7275051 4.9662992 3.5264466 3.6436228 3.8058622 2.8426410 3.1989651 2.4219369 3.7910833 
Halamb_c54765_g2_i2mm.6142                                  1.7160670 1.7451963 1.5232283 1.4010005 0.5569656 0.0000000 0.1351540 1.7366885 1.8267152 1.6392027 2.1024262 2.0202291 1.9258444 1.9925671 2.1033167 1.9853855 2.4290977 2.4914377 2.0157942 2.4176580 1.8782752 1.8099303 1.9946578 2.0363283 1.7938778 1.8256398 1.9532097 2.1427275 1.7748605 1.8057519 2.0474080 1.8622154 1.8187247 2.4584227 2.3425630 2.0880859 2.0211630 2.1668535 2.7883620 2.4820016 1.7559269 1.7159681 1.9754786 1.9295398 2.1516009 2.1829475 2.1095912 2.4452916 2.0535393 2.7261859 2.3827001 2.3827001 2.5408541 2.3268967 2.5757976 2.2848631 2.3884337 2.4039088 2.3805044 2.3805044 1.8641047 2.0196659 2.3963234 2.2775442 2.3594672 2.0293894 1.8601903 2.0070313 2.2057443 2.2017361 1.8396369 2.4296369 2.1503455 2.1250676 1.9896750 2.2100869 2.0963744 2.0422044 2.6786862 2.7686180 2.2885535 2.5551154 2.3386929 2.3772753 2.4665516 2.7591605 3.6368571 4.9018308 3.6136650 3.4664348 3.6599727 3.1056819 3.1853579 2.3979423 3.6329492 
Halamb_c55013_g2_i2m.39777                                  2.0041943 2.0941526 1.5700738 1.2750484 0.7297288 0.1351540 0.0000000 1.9972130 2.0423023 1.8316886 2.4113689 2.4890852 2.2297072 2.3214623 2.3084191 2.2544892 2.5238876 2.6073027 2.0341127 2.4541055 2.0753430 1.9992178 2.1756401 1.9360346 1.7938778 1.9373769 2.0882802 2.7063273 1.9333540 1.9466126 2.2336701 1.8107861 1.8284523 2.5054313 2.4815308 2.2810120 2.0234833 2.4618639 2.8216441 2.8257388 2.1145130 2.0431293 2.0906991 2.0403341 2.3098342 2.6139825 2.7866237 2.3862140 2.1478420 2.9113564 2.4206685 2.4206685 2.7350834 2.2994579 2.5369720 2.4774816 2.5944415 2.6154771 2.4992183 2.4992183 2.3224073 2.1082048 2.6881418 2.7604264 2.8739358 2.1681616 1.9930779 2.0548699 2.3879479 2.4474181 2.1836065 2.8718079 2.4192882 2.4447135 1.9956276 2.3358195 2.4082738 2.5040096 2.7324320 2.9079021 2.4103448 2.9113557 2.2685400 2.4458320 3.0477240 2.8683316 3.4126170 5.6302824 3.3460208 3.4286021 3.3869083 3.0458567 3.0642665 2.4797966 3.4506585 
Lcom_lcpid95275                                             1.8066276 1.9281970 1.8415814 1.9292019 1.8467999 1.7366885 1.9972130 0.0000000 1.3109897 1.3171113 1.1415744 1.6250423 2.0008576 1.9373416 2.1258185 1.9480209 2.1102237 2.1573110 2.2203532 2.2855704 2.2335720 2.1279714 2.2832164 2.0643471 1.6344042 2.0738646 2.2385783 2.0250980 1.9875981 2.0893778 2.2359306 2.0895854 1.9773220 2.5493826 2.3780292 1.9063107 2.7106538 2.0112129 2.8753385 2.5914636 1.8691826 1.8257221 2.1151105 1.8191091 2.3463808 2.5906143 2.5563691 1.9292291 2.0837973 2.6655706 2.4916544 2.4916544 2.4972289 2.2156787 2.5073337 2.4447449 2.2944726 2.3117844 2.3986402 2.3986402 2.0869462 2.6141560 2.5915660 2.6134698 2.8381299 2.2508574 2.2158988 2.0618646 2.0612135 2.3911278 1.9077986 3.1329236 2.7040152 1.9566442 2.3302371 2.3221857 2.4282683 2.1223015 2.7942381 2.8501411 2.6451738 2.4534192 2.2969940 2.7661311 2.6616431 3.1127025 3.1563114 3.7127905 3.3403010 3.2180118 3.4128843 3.0080715 3.3054107 2.2997183 3.5807512 
Gracom_Gcom_scaffold15772_01                                1.8645746 1.9473003 1.7045177 2.0558490 1.8993591 1.8267152 2.0423023 1.3109897 0.0000000 1.6422146 1.2933841 1.6925260 1.8041164 1.8099938 2.1407674 1.9914115 1.9006941 1.9438493 2.0841745 2.0800000 2.0476854 2.0379017 2.0696605 1.8501925 1.6463765 2.0389857 2.0202470 2.1849691 2.1227606 2.2289094 2.3382355 2.0289340 2.1488439 2.6223210 2.4483277 1.9748277 2.3896374 2.1578112 2.6427920 2.3518791 1.8626191 1.8184952 1.8949166 1.7317750 2.2477760 2.5966230 2.7236608 1.8871138 2.2165492 2.4142865 2.2510577 2.2510577 1.9470384 2.1795567 2.2447420 2.2605163 2.3891071 2.3935294 2.3641876 2.3641876 2.3534585 2.4828990 2.3533154 2.2740513 2.3552505 2.5879571 2.1700056 2.3445448 2.3449445 2.6664556 1.7789360 3.1156446 2.5070786 1.8649521 2.5573117 2.2738002 2.3984807 2.4062016 3.1816937 3.1180049 2.7324619 2.5301749 2.5241722 2.5618969 2.5162541 3.1859835 3.4863882 3.9397179 3.5863740 3.4791407 3.9353460 3.4336110 3.3321514 2.5160234 4.0281687 
Clacor_Ccor_scaffold2277_01                                 1.5047033 1.6499711 1.7300533 1.5809576 1.4939726 1.6392027 1.8316886 1.3171113 1.6422146 0.0000000 1.6811728 1.9376153 1.9714392 1.8987403 1.8608302 1.6685032 1.6988198 1.7041406 1.9820017 2.1587759 2.0460788 1.9269436 2.0169021 1.9048714 1.4466617 2.0601046 2.1068805 2.2647203 2.0318680 2.0544619 2.2193446 1.7245948 1.7280308 2.4650493 2.2275683 2.0899659 2.4001704 2.2089666 2.2409140 2.1366224 1.4388065 1.4285917 1.9963514 1.8936745 2.4784910 2.7756151 2.5675525 1.9075654 2.0629889 2.4961973 2.3763937 2.3763937 2.1164490 1.9376886 2.2452081 2.1164942 2.0426986 2.0426986 2.1131924 2.1131924 1.9116613 2.1049922 2.1939174 2.0752870 2.2140759 2.2085244 1.9475719 1.8583425 2.2155381 2.3895632 1.8276924 2.6875725 2.1249823 1.6046375 2.0998924 2.0481276 2.4970506 1.9239193 2.7638891 2.7864419 2.2739378 2.1045463 2.3083663 2.5086323 2.0889843 2.1810054 3.5431220 5.3610576 3.8600284 3.7417893 3.8538140 2.9418646 2.9067851 2.5684001 2.7954685 
Leuniv_Lniv_scaffold19692_01                                1.7249795 1.9158849 2.1994787 1.9173012 2.1328351 2.1024262 2.4113689 1.1415744 1.2933841 1.6811728 0.0000000 1.1899178 2.1099182 1.9656876 2.3333127 2.0800681 2.3410929 2.3680913 2.6314135 2.3035328 2.2454944 2.1756522 2.5089857 2.0157646 1.8628608 2.2560825 2.1040074 2.2837164 2.3876878 2.4969499 2.6834963 2.0447579 2.2533635 2.6450493 2.1537118 2.0413391 2.1253014 2.2439001 4.0552883 2.7877107 1.9340380 1.9485316 2.0251842 1.8322817 2.5174032 2.4975319 2.5777685 4.8808996 2.2345089 3.0032140 2.5996869 2.5996869 2.7700401 2.2308218 2.7206834 2.5836185 2.6129663 2.6479202 2.5779050 2.5779050 2.4215759 2.3386015 2.6434830 2.8983181 2.9023947 2.3638367 2.4228747 2.3517100 2.4452084 2.4509946 1.8437957 2.9489692 2.7310653 1.9300968 2.6172164 2.5942756 2.5525892 2.4823313 3.0012098 3.0003977 2.5557598 2.8704631 2.5754099 2.7379932 3.0078964 3.4643729 3.6149633 3.8509847 4.0059405 4.3248726 4.4092928 3.7907931 3.3432662 2.5352742 6.6393682 
Scil_scict005383.2                                          1.9693297 2.0133924 2.4087868 2.0764907 2.1519087 2.0202291 2.4890852 1.6250423 1.6925260 1.9376153 1.1899178 0.0000000 2.4290457 2.3457855 2.3608169 2.1708930 3.2623648 3.2531926 3.9489679 3.8635044 3.0178950 2.9929280 3.7550243 2.6672082 4.8445934 3.3576001 3.4339213 4.0994789 3.8591490 3.4915824 3.5785233 2.5267722 2.9904445 2.4884604 2.4843195 1.9589350 2.1451768 1.9887682 4.3499590 2.7978118 2.3976712 2.3976712 2.6824645 1.8474500 2.5360756 2.4873254 2.6355406 8.9999989 1.8897975 2.9906132 3.2130247 3.2130247 2.7352524 2.6102377 2.6146803 2.5393849 2.5842675 2.5929074 2.5788427 2.5788427 2.5546882 2.3860266 3.0536146 2.4884051 2.9557337 2.8027960 2.3677099 2.6268665 2.5797938 2.9113010 1.4456156 2.9137488 2.9137488 1.9257001 2.7672098 2.7580441 2.4780554 2.7824184 3.4459593 3.2822362 2.9244829 2.4989469 2.8935289 3.1677555 3.3523835 3.5375269 4.7035019 3.9811078 6.2777132 6.9273083 6.7548182 4.5484778 4.4046817 2.7093538 6.4962958 
Bralan_BLAG07001313_1                                       2.0010208 2.2531238 1.9717608 1.9937994 1.9866074 1.9258444 2.2297072 2.0008576 1.8041164 1.9714392 2.1099182 2.4290457 0.0000000 0.5086387 1.4018221 1.3120455 2.0473219 2.0643290 1.9572849 1.9258270 1.8233808 1.7959779 1.8423391 1.7015172 1.5629092 1.8552374 2.0420383 2.0533459 1.9431765 1.9300897 2.4136437 2.0708493 1.8454950 2.0500968 2.0033411 1.9126334 2.1824987 1.3652506 2.6757172 2.0224636 1.8780796 1.8520820 2.0485712 1.9271673 2.0698402 2.1000980 1.9792827 1.8685285 2.1156850 2.7131734 2.3678131 2.3678131 2.5856005 2.6611188 1.7719518 1.9020488 1.7984594 1.8099892 1.7990997 1.7990997 2.3557465 2.6903854 2.1247220 2.1950427 2.1252575 2.2213636 2.2259405 2.0894927 1.9496566 2.4157490 2.1339470 3.3498750 2.6272814 2.0183130 2.7587851 2.2555028 2.5979333 2.1137502 2.9937264 2.8152884 2.3364378 1.8411059 2.0175594 1.9557975 2.2620424 2.4819326 3.3463278 4.5323512 3.6204196 3.6609760 3.8634555 3.0006607 3.2569492 3.0391618 4.2929112 
Bralan_BLAG15000398_1                                       2.1507522 2.6636211 2.2195639 2.0447460 2.0318367 1.9925671 2.3214623 1.9373416 1.8099938 1.8987403 1.9656876 2.3457855 0.5086387 0.0000000 1.5980589 1.5402387 1.9772764 1.9968526 1.9539433 2.0974890 2.0138602 2.0307306 1.9531745 1.7651352 1.4575678 1.9526980 2.0840518 1.9848177 1.8905229 1.9383497 2.3716227 2.0504216 1.8824882 2.2802597 2.0596194 1.8945143 2.2122540 1.7416580 2.4650417 2.1989836 1.9162917 1.8895423 2.1524893 1.8828410 1.9464077 1.9763567 1.6237905 1.6882418 2.3204370 2.7352346 2.6056518 2.6056518 2.4829351 2.5507555 2.1491579 2.2336634 2.1367022 2.1529193 2.1602602 2.1602602 2.5511605 2.8728666 2.3308894 2.2935906 2.2468796 2.2551097 2.3241198 2.3385046 2.2242447 2.5719221 2.1703657 3.6744776 2.7861910 1.8976933 2.6308432 2.5487608 2.4120460 2.1839419 2.8967129 2.7294766 2.4167631 2.1877010 2.3929087 2.2617018 2.5111373 2.8367854 3.5089138 4.4883222 3.8110795 3.7566433 3.9846654 3.3387558 3.3576668 3.2177395 4.1947505 
Skow_XM_006821027.1                                         2.2833619 2.2359693 2.2723697 1.8759460 2.0503830 2.1033167 2.3084191 2.1258185 2.1407674 1.8608302 2.3333127 2.3608169 1.4018221 1.5980589 0.0000000 0.1194983 1.7394772 1.7771463 1.9692890 2.1408352 1.8767359 1.9503142 1.8448570 1.7437251 1.5050343 1.9143514 2.0347837 2.2189517 2.0150729 1.9302888 1.9673864 1.8932632 1.8998201 1.9364356 2.0438301 2.0215330 2.3336446 1.5069605 2.5959632 1.7900006 1.8471189 1.8216191 2.3321640 1.9684314 2.2638248 2.8624047 3.1274706 1.9755842 2.4585105 2.7565892 2.2430520 2.2430520 2.4955615 2.8794420 2.3745043 2.1950586 2.2089755 2.2207857 1.9910657 1.9910657 2.5006911 2.9368643 1.9614224 2.2669479 2.3764518 2.3422051 2.4691218 2.3160998 2.3334537 2.7940845 1.8876461 2.9334795 2.3529556 2.1783395 2.6142300 2.5892580 2.3951543 2.3126786 2.3549496 2.3749774 2.4225875 1.8238628 2.2877327 2.3766932 2.4936920 2.8458585 3.2926671 3.9215456 3.9723405 4.0963193 3.8643442 2.9995417 3.3239848 3.1934990 3.5566727 
Skow_XM_006821028.1                                         2.1504477 2.0746047 2.2267106 1.7411163 2.0241357 1.9853855 2.2544892 1.9480209 1.9914115 1.6685032 2.0800681 2.1708930 1.3120455 1.5402387 0.1194983 0.0000000 1.7241862 1.7612034 1.9660025 2.1002827 1.9153053 1.9657781 1.8795961 1.7649762 1.5038713 2.0452602 2.0393897 2.2542846 2.0326361 1.9465026 2.0699184 1.9986165 1.8200738 2.0305935 1.9993550 2.0284593 2.3468390 1.4952838 2.6255971 1.9311001 1.7149691 1.6926885 2.2882965 1.9993855 2.3569880 2.7906476 2.7814713 1.9430439 2.4127426 2.8327032 2.3533996 2.3533996 2.3528081 2.5957323 2.2764283 2.0957720 2.1149645 2.1261467 2.0871620 2.0871620 2.3250973 2.7943354 1.9877393 2.2441008 2.3352369 2.3033924 2.5791183 2.3277194 2.3749687 2.8673346 1.8237515 2.7889356 2.2308171 2.0324085 2.7059534 2.5374195 2.4354821 2.2415832 2.4277198 2.5042115 2.4571950 1.8126149 2.2047664 2.3247611 2.4576006 2.8141274 3.4289840 4.1831581 4.0974613 4.3040081 4.0450993 2.9290380 3.1144497 2.9606222 3.7197244 
Spur_XM_030991580.1                                         2.1575858 2.2168809 2.0288350 2.1197257 2.4379077 2.4290977 2.5238876 2.1102237 1.9006941 1.6988198 2.3410929 3.2623648 2.0473219 1.9772764 1.7394772 1.7241862 0.0000000 0.0273850 2.1426017 2.3535737 2.3562726 2.4182810 2.1958320 1.9097560 1.4224021 2.2683741 2.3820083 2.4375711 2.3869008 2.4565777 2.5885734 2.0331458 2.0419390 2.4406801 2.2933731 2.2790714 2.6487754 2.2943137 2.7641091 2.5440639 2.0374016 2.0132467 2.5979567 2.3015492 2.7590576 3.5224013 3.5119965 2.0065642 2.5966179 3.0638581 2.6793158 2.6793158 2.7193978 2.9927539 2.2529187 2.4276369 2.3398667 2.3676669 2.5469547 2.5469547 2.7361530 2.6946936 2.1990964 2.5608236 2.5401058 2.8622846 2.7680024 2.6288749 2.9816922 3.0224768 2.4413013 3.3945985 2.5610493 2.3813888 2.6688450 2.4277790 2.5797442 2.5836030 2.7876913 2.8022919 2.6926925 2.4622071 2.6724573 2.5394897 2.4231866 2.6583947 3.7860515 7.4478826 4.9388336 4.7852214 4.6316805 3.4877805 3.4556900 3.1447517 3.8554529 
Spur_XM_030991596.1                                         2.1937255 2.2601681 2.0655006 2.1380137 2.4656072 2.4914377 2.6073027 2.1573110 1.9438493 1.7041406 2.3680913 3.2531926 2.0643290 1.9968526 1.7771463 1.7612034 0.0273850 0.0000000 2.1294297 2.3665519 2.3582067 2.3747395 2.1417093 1.8727226 1.4297899 2.2165090 2.3282432 2.4330187 2.3594335 2.4393202 2.5877985 2.0067114 2.0527389 2.4339438 2.2907777 2.2586907 2.5976317 2.2909324 2.8724310 2.5697157 2.0453863 2.0210136 2.6501467 2.3794009 2.7565361 3.5150039 3.5423233 1.9979638 2.6045402 3.1032744 2.7012615 2.7012615 2.7457108 3.0434565 2.1966470 2.3824707 2.2963402 2.3236220 2.5491158 2.5491158 2.7173319 2.6534069 2.1755992 2.5509056 2.5039104 2.8577017 2.7489618 2.6398195 3.0111087 3.0066031 2.4283820 3.4576651 2.5871386 2.3709171 2.7118374 2.4338249 2.6466336 2.6265718 2.7846405 2.8148495 2.6716116 2.4577210 2.6562437 2.5828092 2.3831066 2.5995555 3.7761317 7.2543577 4.7259655 4.5805314 4.5883604 3.4737462 3.4312951 3.2238901 3.8192963 
Spis_XP_022785802_1                                         2.2519408 2.3336707 2.0134580 1.9334595 2.1431626 2.0157942 2.0341127 2.2203532 2.0841745 1.9820017 2.6314135 3.9489679 1.9572849 1.9539433 1.9692890 1.9660025 2.1426017 2.1294297 0.0000000 0.1283341 0.5611640 0.5241216 0.5271048 0.5197367 0.4722038 0.5423915 0.8125331 0.8208480 0.7705879 0.8151735 0.7658691 1.0857674 1.1235772 1.7912444 1.7609148 1.6798156 2.0626310 1.9460411 2.4397337 2.1647435 1.8450070 1.8019723 2.0900920 1.9463603 2.5292332 2.9961630 2.9225993 2.2634026 2.3683712 2.9974534 2.5739082 2.5739082 2.6687447 2.9505337 2.4367421 2.5968041 2.4464178 2.4595179 2.3325311 2.3325311 2.4267889 2.5918976 2.3870261 2.3951237 2.3737343 2.0627326 2.4992411 2.3570522 2.3257783 2.5186064 2.0823555 2.9661048 2.5441488 2.0893981 2.9822391 2.5064795 2.4107047 2.1230109 3.3368647 3.3280587 2.7289546 2.2622075 2.7370145 2.5155308 2.3682249 2.9433654 3.0507154 3.6149010 3.5874691 3.6432993 4.1276832 2.8004193 3.1712956 3.7079257 2.7799235 
Pocdam_XM_027184877.1                                       2.2785832 2.5147811 2.1597007 2.2669614 2.3386273 2.4176580 2.4541055 2.2855704 2.0800000 2.1587759 2.3035328 3.8635044 1.9258270 2.0974890 2.1408352 2.1002827 2.3535737 2.3665519 0.1283341 0.0000000 0.5991750 0.5431352 0.5606224 0.5068371 0.5821010 0.5955258 0.8534929 0.8600755 0.9174274 0.9270852 0.8466794 1.2742217 1.2806054 1.9562438 1.9726945 1.9188444 2.0659340 1.9289397 3.3171982 2.3956354 1.8547763 1.8355506 2.3046327 2.0890971 2.5954536 2.9829528 2.8040612 2.3803890 2.4500108 3.0451731 2.6754290 2.6754290 2.9177246 3.1406486 2.4118287 2.6846130 2.4971608 2.5124860 2.4420523 2.4420523 2.4394134 2.6551406 2.6523894 2.6245573 2.6864363 2.3552633 2.6804408 2.3477345 2.4475899 2.5573510 2.0698624 2.6927185 2.5717943 2.2186889 3.2854229 2.8336088 2.7403861 2.1266286 3.3763356 3.3227730 2.9493263 2.3465483 3.0150863 2.6227278 2.7486786 3.5919643 3.1635178 3.7202845 4.0250302 4.3169910 4.7856272 2.8366097 3.5324861 3.8548684 5.7035484 
Spis_XP_022785807_1                                         2.1512840 2.2103606 1.8300554 1.8090475 2.0707064 1.8782752 2.0753430 2.2335720 2.0476854 2.0460788 2.2454944 3.0178950 1.8233808 2.0138602 1.8767359 1.9153053 2.3562726 2.3582067 0.5611640 0.5991750 0.0000000 0.1852221 0.3668447 0.4512775 0.4727412 0.3215975 0.5698275 0.7436975 0.7297050 0.7842804 0.6807759 1.1458951 1.2277721 2.0429970 1.9686602 1.7897865 2.0041556 1.9164723 2.5708235 2.2630784 1.8201649 1.7783559 1.9929444 1.8777532 2.3795280 2.8501779 2.8201176 2.2175147 2.1878831 2.9486314 2.6493650 2.6493650 2.5267207 2.9092817 2.1504274 2.3590531 2.2495226 2.2754951 2.1971509 2.1971509 2.3147171 2.4445149 2.2495244 2.3386386 2.4672235 2.1485225 2.2941492 2.0757861 2.1925935 2.2809119 1.9707442 3.1678791 2.6429072 2.0948598 2.7005273 2.3697088 2.2537361 2.2110192 2.9551532 2.9465922 2.5566105 2.3024270 2.6535167 2.3509196 2.3916011 3.1096301 3.1560473 3.9322327 3.4104115 3.4641390 3.7742399 2.8701918 3.0231230 3.5036517 2.9675049 
Pocdam_XM_027180836.1                                       2.0544066 2.1639468 1.9173838 1.8769924 1.9889018 1.8099303 1.9992178 2.1279714 2.0379017 1.9269436 2.1756522 2.9929280 1.7959779 2.0307306 1.9503142 1.9657781 2.4182810 2.3747395 0.5241216 0.5431352 0.1852221 0.0000000 0.3561860 0.4160927 0.4414187 0.3125615 0.5373351 0.6882738 0.6632401 0.7258041 0.6173232 1.0920325 1.2060651 1.9055456 1.8689433 1.6748107 1.9335411 1.9274963 2.3648769 2.1110117 1.7697835 1.7295971 1.8544355 1.7130384 2.3273372 2.6839087 2.6359493 2.0103161 2.1363787 2.9667060 2.4087373 2.4087373 2.5079906 2.6764418 1.9977491 2.2276648 2.0925896 2.1034570 2.0573009 2.0573009 2.2556106 2.4263664 2.2180243 2.3553966 2.4686462 2.0576845 2.3133312 2.1361926 2.2513967 2.3535278 2.0234447 3.0259569 2.5331417 2.0605673 2.5207140 2.2752579 2.1828191 2.0565005 3.0102514 2.9736698 2.5542208 2.2102010 2.6824726 2.4594032 2.3553801 2.9263501 2.8028911 3.3214438 3.2310345 3.1947769 3.4575785 2.6596104 2.8013212 3.5133505 2.9973568 
Gasp_gasp1.m3.26264.m1                                      2.2322540 2.2833146 2.0789455 1.9056775 2.3164702 1.9946578 2.1756401 2.2832164 2.0696605 2.0169021 2.5089857 3.7550243 1.8423391 1.9531745 1.8448570 1.8795961 2.1958320 2.1417093 0.5271048 0.5606224 0.3668447 0.3561860 0.0000000 0.1655150 0.2598387 0.2160801 0.4810048 0.6234476 0.6162509 0.6854416 0.5361947 1.0867215 1.1207181 1.7795282 1.7870687 1.6642146 2.0448558 1.9007733 2.2443943 2.3218196 1.8179328 1.7720253 2.0181499 1.8900069 2.2701978 2.7688732 2.7220561 1.7328514 2.1607852 3.0001091 2.6505912 2.6505912 2.6149977 2.8421178 2.0872527 2.2605205 2.1069074 2.1186008 2.0339885 2.0339885 2.2762608 2.6014796 2.3029335 2.3872639 2.3678000 2.0421961 2.4015226 2.2187022 2.1304153 2.4450225 2.0268238 2.9572849 2.4984918 2.0286788 2.6590014 2.4228842 2.2247048 2.0484423 3.0661837 2.9535062 2.5333419 2.1686376 2.5649764 2.5255761 2.3671368 3.2700696 2.8434252 4.1760928 3.1605726 3.1221105 3.5277636 2.8127953 2.6828157 3.8109367 2.4643583 
Gasp_gasp1.m3.8576.m1                                       2.1794212 2.3617047 1.9896517 1.8682874 2.3701605 2.0363283 1.9360346 2.0643471 1.8501925 1.9048714 2.0157646 2.6672082 1.7015172 1.7651352 1.7437251 1.7649762 1.9097560 1.8727226 0.5197367 0.5068371 0.4512775 0.4160927 0.1655150 0.0000000 0.2771607 0.3397195 0.4767195 0.7293479 0.6799064 0.7512127 0.5928389 1.0908029 1.0764246 1.7423307 1.6036133 1.5294553 1.8864522 1.8420190 2.4625104 2.2707369 1.7339884 1.6769007 2.0046206 1.5660474 2.1447326 2.4188874 2.3465242 1.9324262 1.9181412 2.8690829 2.7137174 2.7137174 2.2999449 2.4796951 2.3561845 2.4524618 2.3748701 2.3915045 2.3114184 2.3114184 2.2857982 2.6648162 2.1566436 2.2368543 2.3252564 1.9363807 2.3849335 2.2737083 2.1187057 2.6015678 1.9096158 3.0357977 2.4533627 2.0827783 2.5311129 2.4167192 2.0748080 2.1694277 2.7337653 2.6378988 2.1058591 2.1338413 2.5992565 2.2678943 2.4052506 2.4279667 2.9487546 4.2533972 3.3461705 3.4562113 3.5487881 2.9143493 2.8342599 3.5918081 1.9544751 
Fspp_ffun1.m4.16539.m1                                      2.0503507 2.2127577 1.6741718 1.7715508 1.9561303 1.7938778 1.7938778 1.6344042 1.6463765 1.4466617 1.8628608 4.8445934 1.5629092 1.4575678 1.5050343 1.5038713 1.4224021 1.4297899 0.4722038 0.5821010 0.4727412 0.4414187 0.2598387 0.2771607 0.0000000 0.2609815 0.4899130 0.6077694 0.6305055 0.7615379 0.5350405 0.9399063 0.9548714 1.3018004 1.1618538 1.1957298 1.2572656 1.2822988 1.5813120 1.4756580 1.3252967 1.2971851 1.7065518 1.5205555 2.0793788 4.3831100 1.3603570 1.5119063 2.1741521 2.3521489 2.0331545 2.0331545 1.8968853 1.8277885 1.8660590 1.8762295 1.8012630 1.8012630 1.7284003 1.7284003 1.7845738 2.3982828 1.6567963 1.9814597 2.2253832 1.9157666 2.0700906 2.1554910 1.7238654 2.3367247 1.6579186 3.4824177 2.3089835 1.7970869 2.0418964 2.1499226 1.6345571 1.9437355 2.1804793 2.0928671 1.6831226 2.1182543 1.9640025 1.9321875 1.7806198 1.6858519 2.8107694 2.8580979 2.9095782 2.8239143 2.9413735 2.5281511 2.1488110 2.5716023 0.8195668 
Fspp_ffun1.m4.16523.m1                                      2.2082364 2.3487519 2.1743176 1.8196327 2.1031499 1.8256398 1.9373769 2.0738646 2.0389857 2.0601046 2.2560825 3.3576001 1.8552374 1.9526980 1.9143514 2.0452602 2.2683741 2.2165090 0.5423915 0.5955258 0.3215975 0.3125615 0.2160801 0.3397195 0.2609815 0.0000000 0.4584424 0.6640277 0.6319572 0.7002008 0.5553314 1.0912983 1.0727241 1.9179274 1.8790240 1.6577054 2.1297870 1.9294419 2.2537674 2.3561053 1.8479528 1.8051317 1.9713016 1.7718942 2.2084214 2.6599508 2.6980621 2.0392270 2.2506397 2.9473757 2.5619623 2.5619623 2.3543886 2.7835054 2.0378422 2.2774523 2.1895784 2.2035439 2.0507490 2.0507490 2.5939405 2.7853254 2.2195807 2.3901717 2.4562989 2.1772579 2.3735962 2.1178334 2.2042976 2.3810441 1.9224055 2.9820059 2.5143641 2.0197546 2.5576140 2.3835397 2.2315752 2.1301472 2.9878631 2.9016872 2.4428081 2.2533258 2.5922199 2.4566001 2.4634739 2.9895134 3.0893672 3.9204123 3.2033401 3.1078956 3.5185326 2.8289413 2.7090691 3.3433644 2.6928184 
Gfas_gfas1.m1.13654.m1                                      2.1215737 2.3088475 2.1479141 1.8710443 2.2466976 1.9532097 2.0882802 2.2385783 2.0202470 2.1068805 2.1040074 3.4339213 2.0420383 2.0840518 2.0347837 2.0393897 2.3820083 2.3282432 0.8125331 0.8534929 0.5698275 0.5373351 0.4810048 0.4767195 0.4899130 0.4584424 0.0000000 0.5137666 0.4949897 0.5549952 0.4570219 1.0457134 1.0239041 2.0324209 1.8652154 1.7815263 2.0147125 1.9118182 2.7359232 2.5331140 1.7893875 1.7493793 2.1015114 1.7320119 2.1621403 2.6735898 2.7854873 1.5923640 2.2912203 3.0927457 2.5045032 2.5045032 2.8056087 2.7016196 2.0078347 2.2015562 2.1229189 2.1339601 1.9820663 1.9820663 2.1571665 2.1185701 2.3448961 2.5735637 2.4788425 2.0302445 2.3614096 2.1810110 2.2082768 2.3402235 1.8534539 3.1266692 2.5394693 1.9463701 2.6961272 2.3996639 2.3546115 2.1070622 3.1518866 3.0331978 2.5242708 2.6184143 2.5853778 2.3894797 2.2957206 2.9144813 3.2001472 4.5132600 3.4188720 3.5559731 3.8045295 2.7878565 2.4463503 3.6217850 2.9018023 
Amil_Amillepora21955-RA                                     2.2543236 2.3508221 2.2295452 2.1884594 2.3219115 2.1427275 2.7063273 2.0250980 2.1849691 2.2647203 2.2837164 4.0994789 2.0533459 1.9848177 2.2189517 2.2542846 2.4375711 2.4330187 0.8208480 0.8600755 0.7436975 0.6882738 0.6234476 0.7293479 0.6077694 0.6640277 0.5137666 0.0000000 0.0000010 0.1368246 0.6901408 1.3617722 1.2042946 2.2747248 2.1149437 1.8804523 2.2054901 1.9743427 3.0361613 2.4718564 1.6027178 1.6027178 2.2348460 1.7642196 2.3345551 2.7378309 2.6705527 1.2026019 2.3889315 3.1703404 2.5815987 2.5815987 2.9531417 2.5732461 2.1408819 2.4563902 2.2891042 2.2891042 2.2495186 2.2495186 2.3956893 2.9061241 2.2899649 2.8581890 2.6363388 2.2219889 2.6179766 2.3433070 2.1060016 2.1752386 1.8494273 3.0007662 2.7335295 2.1617309 2.7074933 2.2749119 2.4866254 1.7204889 3.4580091 3.4340076 3.0480014 2.5760979 2.7024582 2.2705838 2.3477947 2.9162583 3.1080039 4.8610381 3.2137819 3.1503430 3.9095133 3.0655848 3.1347950 3.4379545 6.2356517 
Adig_XM_015899434.1                                         2.1588869 2.1809573 1.9314523 1.7993237 2.0930581 1.7748605 1.9333540 1.9875981 2.1227606 2.0318680 2.3876878 3.8591490 1.9431765 1.8905229 2.0150729 2.0326361 2.3869008 2.3594335 0.7705879 0.9174274 0.7297050 0.6632401 0.6162509 0.6799064 0.6305055 0.6319572 0.4949897 0.0000010 0.0000000 0.1225963 0.6912397 1.2117657 1.1447620 2.0089244 1.9262107 1.7805345 2.2135870 2.0130062 2.5137329 2.3057291 1.7141169 1.6765078 2.0301246 1.6726429 2.2612176 2.7692392 2.7191465 1.9183342 2.2924928 3.2459369 2.5351518 2.5351518 2.5700991 2.5796071 2.1598367 2.3590345 2.2859735 2.3123985 2.2051265 2.2051265 2.2403281 2.4132807 2.0781788 2.5022427 2.3094212 1.9715631 2.3937924 2.1942830 1.9574956 2.1329396 1.8411266 3.1892788 2.6693303 1.9554609 2.5210305 2.1895415 2.2142371 1.9141995 3.1238691 3.1455063 2.6812113 2.4655457 2.5395123 2.1866350 2.1495664 2.6077321 2.8205739 4.2125403 3.1109185 3.0768284 3.5598586 2.7203442 2.7492955 3.4155448 2.9790480 
Adig_XM_015899436.1                                         2.2335679 2.2618325 1.9144021 1.9038846 2.1534779 1.8057519 1.9466126 2.0893778 2.2289094 2.0544619 2.4969499 3.4915824 1.9300897 1.9383497 1.9302888 1.9465026 2.4565777 2.4393202 0.8151735 0.9270852 0.7842804 0.7258041 0.6854416 0.7512127 0.7615379 0.7002008 0.5549952 0.1368246 0.1225963 0.0000000 0.7653875 1.2460164 1.1370058 1.9819780 2.0054351 1.8764625 2.1704460 2.0855698 2.8431857 2.3800809 1.8700414 1.8265345 2.1482275 1.7312768 2.3619736 2.9164881 2.8506061 1.9061913 2.3695561 3.1433582 2.4928695 2.4928695 2.5972466 2.6980504 2.2622036 2.4051320 2.2801003 2.3067585 2.2569584 2.2569584 2.3112847 2.5405873 2.3157723 2.4890129 2.2749034 1.9462830 2.4620902 2.3759263 1.9829224 2.2171841 1.9891368 3.2923180 2.7430722 2.0041893 2.6308162 2.3087428 2.2659661 1.9488029 2.9897667 2.9675694 2.7655213 2.4097388 2.5572173 2.2393904 2.2540802 2.7367943 2.8398078 4.3477855 3.2621575 3.2850420 3.6909521 2.8389643 2.8567478 3.4641677 3.0159240 
Gfas_gfas1.m1.9466.m1                                       2.2776049 2.3380202 2.2084552 2.0764468 2.1360437 2.0474080 2.2336701 2.2359306 2.3382355 2.2193446 2.6834963 3.5785233 2.4136437 2.3716227 1.9673864 2.0699184 2.5885734 2.5877985 0.7658691 0.8466794 0.6807759 0.6173232 0.5361947 0.5928389 0.5350405 0.5553314 0.4570219 0.6901408 0.6912397 0.7653875 0.0000000 1.1580228 1.2459346 2.1762461 2.1064072 1.9713609 2.3084940 2.1626049 2.9218359 2.6379218 1.9292120 1.8809552 2.3488805 1.7971672 2.3195172 2.7580960 2.7272590 2.0208177 2.3202351 2.9853567 2.5901544 2.5901544 2.8095460 3.0577122 2.2344402 2.4737152 2.3227441 2.3356704 2.3138759 2.3138759 2.3065033 2.3602372 2.5417187 3.0742119 2.7708889 2.3094123 2.4992047 2.3537157 2.3447211 2.4185014 1.8928585 3.0079273 2.6226283 2.3362174 2.9472121 2.5501337 2.2761471 2.1292239 3.0964759 3.1801383 2.9623611 2.6131914 2.6885688 2.6699146 2.8834597 3.2315133 3.3664692 4.3123048 3.4313658 3.5613997 3.8110053 2.8471704 2.6528443 3.7307235 2.8002842 
Exapal_XM_021038903.2                                       2.0404332 2.1440506 1.8267779 1.8181068 1.7832754 1.8622154 1.8107861 2.0895854 2.0289340 1.7245948 2.0447579 2.5267722 2.0708493 2.0504216 1.8932632 1.9986165 2.0331458 2.0067114 1.0857674 1.2742217 1.1458951 1.0920325 1.0867215 1.0908029 0.9399063 1.0912983 1.0457134 1.3617722 1.2117657 1.2460164 1.1580228 0.0000000 0.9164192 1.9098125 1.6517275 1.6718249 1.8423516 1.9374622 2.2378463 2.0325498 1.5694711 1.5562643 1.8960224 1.7086774 2.1257412 2.4993998 2.4833171 1.8343985 1.8675498 2.5459560 2.4851156 2.4851156 2.6759912 2.4491800 2.0669994 2.2236342 2.1669235 2.1835921 2.0086076 2.0086076 2.1149832 2.2890757 2.3220234 2.5367428 2.4717743 1.9900759 2.0028936 1.9557699 2.1039560 2.0696844 1.6431741 3.0047472 2.3645831 2.0004581 2.3928524 2.3098817 2.2514684 1.9943305 2.7761980 2.8265333 2.3149205 2.3723621 2.0196361 2.1975268 2.3010448 2.5237129 2.8772756 3.3652577 3.5054506 3.7411881 3.6933125 2.5437928 2.6164981 2.8926037 2.3134629 
Nvec_v1g243974                                              2.0456924 2.2111637 1.9414562 1.6732376 1.8354006 1.8187247 1.8284523 1.9773220 2.1488439 1.7280308 2.2533635 2.9904445 1.8454950 1.8824882 1.8998201 1.8200738 2.0419390 2.0527389 1.1235772 1.2806054 1.2277721 1.2060651 1.1207181 1.0764246 0.9548714 1.0727241 1.0239041 1.2042946 1.1447620 1.1370058 1.2459346 0.9164192 0.0000000 1.7969588 1.6037536 1.6822566 2.0795880 2.0776362 2.3281561 2.4585338 1.6817199 1.6661762 1.8730430 1.6509449 2.1244182 2.4140356 2.2245381 1.9709096 1.8218584 2.9700057 2.5806521 2.5806521 2.5619185 2.3208768 2.1072234 2.1913287 2.0415801 2.0571979 1.9474105 1.9474105 2.2597809 2.4458536 2.3865015 2.4716733 2.1127305 2.0338122 2.1507562 2.0221096 2.0225290 2.2138493 1.8339397 3.3499564 2.6081355 1.8955176 2.5134645 2.1107975 2.2753067 1.8046880 2.8880994 2.7765707 2.3869985 2.5368216 2.1035951 2.2723653 2.4180520 2.7648218 3.0347359 4.4740768 2.9375233 2.9664561 3.1532608 2.6462206 2.7021591 2.9048195 2.6034968 
Dgig_XM_028540586.1                                         2.4425420 2.5227930 2.2723363 2.2636150 2.1348821 2.4584227 2.5054313 2.5493826 2.6223210 2.4650493 2.6450493 2.4884604 2.0500968 2.2802597 1.9364356 2.0305935 2.4406801 2.4339438 1.7912444 1.9562438 2.0429970 1.9055456 1.7795282 1.7423307 1.3018004 1.9179274 2.0324209 2.2747248 2.0089244 1.9819780 2.1762461 1.9098125 1.7969588 0.0000000 0.2988378 0.8402326 1.0285077 2.5820482 2.6872173 2.6047909 2.2392209 2.2027169 2.6259778 2.1126939 2.6253578 3.1630270 3.0993665 2.1618581 2.5503613 3.4865180 2.9048525 2.9048525 3.1842848 3.1668041 2.4440907 2.1773933 2.0771424 2.1010639 2.2054250 2.2054250 2.9441438 2.6041298 2.4733176 2.5501789 2.5970436 2.3720344 2.1025447 2.0894069 2.3893630 2.3005340 2.4172399 3.7671157 3.0129434 2.2931064 3.0266299 2.9226033 2.8941495 2.5186726 2.6239594 2.6240022 2.3472172 2.6850888 2.6543385 2.4249749 2.8597612 2.9376543 3.5643691 4.5854019 3.7924621 3.6876773 3.8095056 2.7895368 3.4064066 3.5668574 3.9594997 
Dgig_XM_028540809.1                                         2.5154381 2.5140438 2.4129076 2.1236826 2.0984032 2.3425630 2.4815308 2.3780292 2.4483277 2.2275683 2.1537118 2.4843195 2.0033411 2.0596194 2.0438301 1.9993550 2.2933731 2.2907777 1.7609148 1.9726945 1.9686602 1.8689433 1.7870687 1.6036133 1.1618538 1.8790240 1.8652154 2.1149437 1.9262107 2.0054351 2.1064072 1.6517275 1.6037536 0.2988378 0.0000000 0.7373602 0.9198986 2.3995720 2.6165543 2.5442331 1.9654359 1.9373026 2.5444692 2.0239699 2.4575297 2.9471576 2.8243998 2.1712690 2.4339629 3.2618955 2.7965373 2.7965373 2.8644605 2.8865872 2.2991066 2.0716869 1.9299489 1.9516567 2.0225931 2.0225931 2.6698464 2.4386706 2.4052792 2.3808379 2.4699717 2.0966733 2.0994853 2.1018253 2.3243694 2.3437183 2.2955771 3.3239332 2.6798020 2.2145274 2.9059772 2.4506752 2.8674251 2.2864197 2.6615538 2.6164577 2.2043170 2.2405125 2.5867572 2.2086425 2.6194403 2.9308440 3.2857533 4.2614995 3.6260074 3.5851023 3.8106731 2.8246621 3.4358917 3.5063201 4.0865535 
Xesp_005009-T1                                              2.1720840 2.2476420 2.0666891 1.7705702 1.8817464 2.0880859 2.2810120 1.9063107 1.9748277 2.0899659 2.0413391 1.9589350 1.9126334 1.8945143 2.0215330 2.0284593 2.2790714 2.2586907 1.6798156 1.9188444 1.7897865 1.6748107 1.6642146 1.5294553 1.1957298 1.6577054 1.7815263 1.8804523 1.7805345 1.8764625 1.9713609 1.6718249 1.6822566 0.8402326 0.7373602 0.0000000 0.8289996 2.2158321 2.1846916 2.1151103 1.8137313 1.7895282 2.2238230 1.9437382 2.4782097 2.6551864 2.4118883 2.3021558 2.5917685 3.0318143 2.5814917 2.5814917 2.6131425 2.7076316 2.4023829 2.1963319 2.0927441 2.1167488 2.1707740 2.1707740 2.4059950 2.4519953 2.2290997 2.2261668 2.3158537 2.0057168 1.8972965 1.9945700 2.0783979 2.1983618 1.9167044 3.1565422 2.6231556 2.0098571 2.5754621 2.3005642 2.3699843 2.1840717 2.5865144 2.4719711 2.0510597 2.0971610 2.2821590 2.2092283 2.5793986 2.7411413 2.8092922 3.2920260 3.3049222 3.2412023 3.5679175 3.0842039 3.2141654 3.4185985 3.6135148 
Xesp_004911-T1                                              2.4105500 2.4924651 2.3680438 2.0329308 1.9696121 2.0211630 2.0234833 2.7106538 2.3896374 2.4001704 2.1253014 2.1451768 2.1824987 2.2122540 2.3336446 2.3468390 2.6487754 2.5976317 2.0626310 2.0659340 2.0041556 1.9335411 2.0448558 1.8864522 1.2572656 2.1297870 2.0147125 2.2054901 2.2135870 2.1704460 2.3084940 1.8423516 2.0795880 1.0285077 0.9198986 0.8289996 0.0000000 2.2162748 3.1896397 2.5022953 1.9607810 1.9607810 2.6523347 2.2724126 2.7052589 3.0965692 2.8211057 2.1977245 2.8108215 3.5257342 2.9806114 2.9806114 3.4429893 3.4190088 2.5171249 2.3585068 2.3508237 2.3656624 2.3398134 2.3398134 2.2990374 2.2838764 2.4668166 2.4212078 2.7346485 2.2281917 2.1455097 2.2085680 2.4006607 2.2424891 2.0638000 3.3735212 3.1515304 2.6109272 2.6335199 2.5988968 3.1554020 2.3676955 3.0060684 2.9622652 2.4491567 2.4739496 2.7416413 2.6616405 2.9541651 3.0930637 3.5048129 4.4971411 4.3607368 5.0140249 4.7917583 3.5061210 3.3812840 3.7425535 7.8007671 
Hsap_ENST00000401833                                        2.2549359 2.2948277 2.0253755 2.2333545 2.0259565 2.1668535 2.4618639 2.0112129 2.1578112 2.2089666 2.2439001 1.9887682 1.3652506 1.7416580 1.5069605 1.4952838 2.2943137 2.2909324 1.9460411 1.9289397 1.9164723 1.9274963 1.9007733 1.8420190 1.2822988 1.9294419 1.9118182 1.9743427 2.0130062 2.0855698 2.1626049 1.9374622 2.0776362 2.5820482 2.3995720 2.2158321 2.2162748 0.0000000 2.6822111 2.1112002 1.7961374 1.7956143 2.4547212 2.3006709 2.4873236 2.7717367 2.4205892 2.5835328 2.7402800 2.9257951 2.4714125 2.4714125 2.5521988 2.9025718 2.4910077 2.1781853 2.2304307 2.2458297 1.9773787 1.9773787 2.5094674 2.6660995 2.6260853 2.3902867 2.5889941 2.7252986 2.1459084 2.2151691 2.3367373 2.8446431 2.1859471 2.7647644 2.4281985 2.2321192 2.7880764 2.4425081 2.7050402 2.4593991 3.0150760 2.9446327 2.6675321 1.8179470 2.5343353 2.2937850 2.6416975 3.0540195 4.0531906 4.8481843 4.9609543 5.5960946 5.0914062 3.2913889 3.7398634 2.9366987 5.1074199 
Acagra_model.g14570.t1                                      2.5877329 3.1751815 2.8937379 2.8309300 2.5869350 2.7883620 2.8216441 2.8753385 2.6427920 2.2409140 4.0552883 4.3499590 2.6757172 2.4650417 2.5959632 2.6255971 2.7641091 2.8724310 2.4397337 3.3171982 2.5708235 2.3648769 2.2443943 2.4625104 1.5813120 2.2537674 2.7359232 3.0361613 2.5137329 2.8431857 2.9218359 2.2378463 2.3281561 2.6872173 2.6165543 2.1846916 3.1896397 2.6822111 0.0000000 1.4402304 2.1926152 2.1164466 3.3331487 2.7492229 2.9693100 4.3861555 4.3249652 2.5341893 2.9737277 3.2671492 2.8990129 2.8990129 2.7010416 2.9994824 3.0159435 3.2141934 3.1579960 3.1579960 3.1569364 3.1569364 3.4544878 6.1175571 2.9873868 2.8286029 3.4407051 3.1743076 3.2384930 3.6637971 3.9202756 3.7862915 2.8231241 4.9051860 3.2215369 2.4918996 2.6222793 2.8094666 3.4827142 2.9024569 3.8071003 3.6951440 2.8021556 2.4841753 2.8267236 3.2058594 3.2954460 2.6564765 3.9054067 8.9999985 4.0112379 4.1319247 4.0170586 4.4528582 3.5652477 3.3105642 3.1048061 
