89
Emue_Em0001g3379a.t1                                  0.0000000 0.3208230 1.1299872 1.1058574 0.7202373 1.3854732 1.1831654 1.1690861 1.3370949 1.2328611 1.5441509 1.1891123 1.3396390 1.3111633 1.3423059 1.2011100 1.1311976 1.1887804 1.1527522 1.1358718 1.1020048 1.1300843 1.1902459 1.3074600 1.2796207 1.1689692 1.3285914 1.3097493 1.3011914 1.3160781 1.6104023 2.6406166 1.2808104 1.1965562 1.4615353 1.5900519 1.7997848 1.7300658 1.7089440 1.8117459 1.6690996 1.1187538 1.2762059 1.9313323 1.8436720 1.8268790 1.7510291 1.7510291 1.7767873 1.8245365 1.8320788 1.5281969 2.1268021 2.3314764 1.9965863 1.9046489 2.5732187 2.0954610 1.8830311 1.9318784 2.1301833 1.9098825 2.0016058 2.0807312 2.1471865 2.6390122 2.1816600 2.3392452 2.1815118 2.2036374 2.0948051 2.0623662 2.3047329 2.3047329 1.8122095 1.8122095 1.9338054 2.0272853 2.0272853 1.8625541 2.0250330 1.9860215 2.1998457 2.5474241 2.3131578 2.9432004 2.6238444 2.6128146 1.8374962 
Spolac_c95084_g1_i1_m.10940c95084-g1                  0.3208230 0.0000000 1.0606121 1.0610404 0.7535445 1.3304083 1.0718131 1.1366311 1.0442885 1.2203137 1.4115105 1.2996788 1.3194394 1.2687305 1.3071115 1.1793794 1.1359351 1.1732373 1.1091145 1.1360980 1.1080346 1.0724835 1.1767299 1.4039596 1.4782032 1.1228937 1.3425969 1.3162386 1.2791245 1.3082699 1.0433340 2.2425698 1.2919006 1.2435028 1.5702705 1.6436279 1.6618328 1.5239330 1.6122685 1.7554355 1.5077143 1.1974332 1.4314309 2.1774420 1.6798462 1.6635566 1.6403653 1.6402922 1.6387502 1.6434694 1.6495436 1.5925800 2.0870239 2.6527449 2.0336351 1.7215165 2.3053476 2.1735550 2.0390954 1.9803233 2.0942779 2.0316987 2.1404084 2.1220532 2.0546616 2.3452714 1.9913496 2.3343224 2.2899769 2.0137026 1.9607687 2.0867881 2.2809175 2.2809175 2.0457149 2.0457149 1.9077240 1.8352547 1.8352547 1.9268645 2.1696597 2.1788178 2.4923827 2.5870657 2.6440374 2.9262957 2.6781447 2.7244866 2.1336603 
Aque_Aqu2.1.37465_001                                 1.1299872 1.0606121 0.0000000 0.4086492 0.7175502 1.6521313 1.3688216 1.3134309 1.6208683 1.5457658 1.7814542 1.3171033 1.4793525 1.6228652 1.4317720 1.3394396 1.3203573 1.3519572 1.3574391 1.4121327 1.3716384 1.4295105 1.4359555 1.5948055 1.6248968 1.5412002 1.4644761 1.6247874 1.5111078 1.5154522 1.3469683 2.5443134 1.4257733 1.3660951 1.5736561 1.8262579 2.0753008 1.6022489 1.8559324 1.8752507 1.6053540 1.2641532 1.7056573 2.4182219 1.8173027 1.8331529 1.7775397 1.7775397 1.8750198 1.8312939 1.8500481 1.8432452 2.2226265 2.5698636 1.9874602 2.0524699 2.1404119 1.8282440 2.1596165 2.1410766 2.0371048 2.0067103 2.4543045 2.3235396 1.6883683 2.5205177 2.1695279 2.5045108 2.2386663 2.5272627 2.3650329 2.1743203 2.4994742 2.4994742 2.0939992 2.0939992 2.0464629 2.2239609 2.2239609 2.2161993 1.7581349 1.8393018 2.4722714 2.6476424 2.7515620 3.3238771 2.6041655 2.5796934 2.3417254 
Xestes_maker-XT_scaffold119656-snap-gene-0.48-mRNA-1  1.1058574 1.0610404 0.4086492 0.0000000 0.6286596 1.6079790 1.0519131 1.2968798 1.4375674 1.4172302 1.6267417 1.3733858 1.5043451 1.5069632 1.4945122 1.2441857 1.2602273 1.2762682 1.2804381 1.3577282 1.3708422 1.3184906 1.3664666 1.5625510 1.5200540 1.3856268 1.6228990 1.7310036 1.4830021 1.3722450 1.3517499 2.3872123 1.2770088 1.4869888 1.7292127 1.5257402 1.7593020 1.5260737 1.7801530 1.8623171 1.5847102 1.1968861 1.7325117 2.0867333 1.8241329 1.8248514 1.8021911 1.7977186 1.8286141 1.9160882 1.9292826 1.7943550 2.3428619 2.8706435 2.1670032 1.7496314 2.4026299 2.0497690 2.2828342 1.8900908 2.2032492 2.0967682 2.3476021 2.2234887 1.6327804 2.5384847 2.0354006 2.6008207 2.3578204 2.3841952 2.0466082 2.0764493 2.6326387 2.6326387 2.0822004 2.0822004 2.1610876 2.2308081 2.2308081 2.1711209 1.9859503 2.0431452 2.5122222 2.6296176 2.9641333 2.6165049 2.6682321 2.3364615 2.3786501 
Stycar_maker-SC_scaffold4090-augustus-gene-0.7-mRNA-1 0.7202373 0.7535445 0.7175502 0.6286596 0.0000000 1.1274388 0.6464799 0.9404190 0.4414765 0.9827643 1.1952947 1.0251093 1.0501000 1.1085233 0.9800065 0.9500270 0.9198552 1.0355597 0.9517917 0.9990016 0.9756642 0.9994273 1.0678032 1.0645805 1.0234430 0.9276814 1.0559908 1.0485373 0.8854608 0.9118666 0.5937664 2.7827669 0.9828238 1.0285303 1.1988258 1.1320458 1.2614949 1.0518508 1.1710780 1.2912888 1.1722283 0.8759985 1.1161040 1.8752819 1.4138349 1.4068846 1.4216035 1.4216035 1.4237641 1.4526432 1.4584202 1.2508540 1.7368007 1.7368007 1.4538774 1.2507847 1.5182937 1.6616029 1.5189576 1.6157682 1.5569098 1.3309865 1.7932204 1.8921478 1.3375730 1.2764286 1.4927914 2.0652064 1.7258651 1.9768309 1.8140141 1.6493333 1.6713789 1.6713789 1.6718394 1.6718394 1.7319461 1.5865049 1.5865049 1.4713488 1.6389690 1.6147266 1.7382420 1.8455246 1.9282605 2.5015880 2.4184590 2.4631838 2.2569352 
Opea_EP00118_Oscarella_pearsei_P002542                1.3854732 1.3304083 1.6521313 1.6079790 1.1274388 0.0000000 0.0000010 0.8148766 1.7868016 1.4970140 1.6809650 1.4562917 1.5711408 1.5794972 1.3455697 1.3631874 1.3104391 1.3731124 1.3344645 1.3204077 1.2956396 1.1683352 1.2428718 1.4662012 1.4805783 1.3748520 1.6054767 1.3898312 1.4037201 1.4244856 1.5991492 2.7805285 1.5171519 1.4434274 1.5991750 1.8464711 1.7642969 1.6216623 1.6677077 1.7253267 1.6163309 1.2724503 1.8227829 1.6623788 1.4715598 1.4550809 1.4855096 1.4680831 1.5703101 1.5674243 1.5699334 1.9376742 2.6992913 3.1818226 2.5006174 2.0658652 2.6858971 2.3529992 2.2475314 2.3155146 2.1626363 2.2745762 2.4477611 2.2174851 2.1985330 2.4332553 2.4524856 2.2406042 2.3470369 2.2889614 2.2398771 2.5077390 2.8152167 2.8152167 2.3807237 2.3807237 2.2248558 2.6324906 2.6324906 2.8001260 2.2404314 2.2597132 2.6898164 2.4056710 2.9928617 3.0469868 2.8928856 2.6634273 2.0387815 
Ocar_g6949                                            1.1831654 1.0718131 1.3688216 1.0519131 0.6464799 0.0000010 0.0000000 0.8144334 1.7868016 1.3976860 1.7478017 1.2470522 1.7284705 1.3356653 1.1369314 1.3542122 1.2622356 1.4418099 1.3963141 1.3182278 1.3009257 1.1616085 1.1842531 1.3181444 1.4193458 1.5073139 1.4461210 1.2939379 1.1776094 1.2925509 1.5991492 2.0020344 1.3979855 1.3068455 1.4957057 1.4930616 1.3838851 1.3817346 1.4919593 1.0096837 1.3725701 0.6863362 1.2382307 9.0000000 1.1536924 1.1507931 1.1372564 1.1372564 1.2629706 1.3011207 1.3011207 1.7035484 2.2579579 3.0375147 2.3330257 1.9957852 2.1589744 2.1605051 1.9020096 2.0465196 1.7999408 1.9086352 1.9319372 1.9276112 1.8175048 2.3040369 2.4060068 1.7813211 1.7813211 2.3854237 2.3854237 2.4106749 2.7614725 2.7614725 2.0717958 2.0717958 1.9752276 2.5075617 2.5075617 2.4711907 2.0832650 2.1119414 2.0817217 1.8591884 2.1852631 2.8147056 2.1759425 2.1030225 1.4152205 
Plajan_Pjan_C550345_01                                1.1690861 1.1366311 1.3134309 1.2968798 0.9404190 0.8148766 0.8144334 0.0000000 1.5395042 1.3146613 1.5508173 1.2762075 1.2999658 1.3411696 1.2479655 1.2664481 1.2815415 1.2599193 1.1647404 1.2130242 1.1731488 1.2434899 1.1712566 1.4010427 1.3412147 1.3463334 1.3656899 1.3395777 1.3107639 1.4100158 1.6546990 2.8440090 1.3334908 1.1651513 1.5036923 1.6414668 1.4697192 1.5328511 1.4908564 1.5072188 1.3637129 1.2236694 1.6301662 1.6351923 1.3048859 1.2704985 1.2634283 1.2634283 1.2386396 1.2389877 1.2269352 1.7823115 2.5037446 3.0154804 2.2869063 1.8003715 2.3926695 2.0755785 2.1016891 2.2954489 2.2210209 1.9755569 2.4649136 2.1951076 1.9150065 2.2450281 2.1195407 2.1982237 2.3855118 2.3605209 2.0851513 2.1290857 2.7226484 2.7226484 2.2285295 2.2285295 2.0998616 2.3863572 2.3863572 2.3779545 2.1246915 2.2737865 2.7480028 2.8203483 2.6254335 3.3642879 2.4843556 2.7727757 2.1000019 
Lcom_lcpid189423                                      1.3370949 1.0442885 1.6208683 1.4375674 0.4414765 1.7868016 1.7868016 1.5395042 0.0000000 0.7166489 0.7409889 0.7985389 1.1036882 1.0828171 1.1207011 1.7636963 1.8489521 1.9176824 1.8646664 1.8402167 1.8881994 1.1877692 1.2618712 1.5412367 1.5776413 1.4499976 1.7208054 1.0079421 1.6509481 1.4474383 1.1580855 1.7924853 1.5104140 0.9426439 0.9816876 0.9901437 1.6036000 1.4921376 1.7271978 6.1589338 1.0356036 1.1964291 1.3222172 9.0000000 1.6640873 1.5922433 1.5628549 1.5628549 1.6195841 1.4001851 1.4001851 1.3665714 2.0790943 3.5695344 2.1559570 1.9482962 1.8110911 1.8243127 2.0711255 1.6195356 1.2942896 1.9458185 1.8051052 1.9055504 1.2832050 2.3355463 2.3355463 2.0528089 2.0528089 1.6962895 1.6962895 1.6089202 2.1455718 2.1455718 1.6503819 1.6503819 1.4437109 1.7080258 1.7080258 1.6376921 1.5832517 1.6924992 2.4728762 2.2109582 2.3332495 3.8742789 2.4600935 2.3596524 1.1002920 
Acagra_model.g3165.t1                                 1.2328611 1.2203137 1.5457658 1.4172302 0.9827643 1.4970140 1.3976860 1.3146613 0.7166489 0.0000000 0.0000010 0.5260975 0.8596449 1.0167536 1.0229621 1.2006252 1.2039561 1.1980569 1.2258341 1.2591692 1.2718334 0.9842286 1.0855718 1.3719450 1.2424896 1.0712111 1.1998789 0.8795739 1.1457172 1.2096140 1.0460316 2.2374215 1.2941232 0.9730698 1.1354351 1.5387962 1.6976031 1.4074375 1.5649161 1.2974982 1.2865878 1.2938372 1.7355335 1.4841539 1.4177033 1.4475007 1.4232735 1.4249004 1.3921649 1.4764351 1.4910948 1.1455141 2.0420583 2.5065331 2.1020301 1.6584026 2.7345089 1.9652183 2.1150298 1.8547052 1.7700126 1.8314301 2.3044290 1.9881083 1.9319549 2.1802681 2.0673815 2.1115408 2.0146906 1.6787048 1.6255571 1.7965514 2.1155576 2.1155576 1.8396610 1.8396610 2.0696720 2.0861990 2.0861990 2.1452910 1.9405346 1.9850102 2.7561393 2.6191392 3.0040115 2.8624136 3.0471097 2.7004419 1.6907842 
Acagra_model.g3165.t1.1.5d3b823b                      1.5441509 1.4115105 1.7814542 1.6267417 1.1952947 1.6809650 1.7478017 1.5508173 0.7409889 0.0000010 0.0000000 0.5452227 0.9282533 1.0664995 1.1603677 1.3449713 1.3454754 1.3384009 1.3732218 1.3780736 1.4281662 1.1099970 1.2276611 1.5377403 1.4037099 1.1781230 1.4173188 0.9397238 1.3052670 1.3714089 1.0156706 1.9929135 1.5267513 1.1129532 1.2131875 1.7252234 1.9337994 1.6658748 1.8193464 1.7176722 1.4509656 1.4695936 1.9454551 1.3358116 1.5925503 1.6331871 1.6033499 1.6055913 1.5595504 1.6418771 1.6614780 1.2600515 2.2561196 2.9705988 2.1056860 1.7475604 2.7345089 2.0246919 2.3595469 2.0334162 2.0180832 2.0544336 2.6169709 2.2284742 1.9319549 2.3057532 2.0581378 2.4932533 2.2298232 1.7862293 1.6898354 1.9745249 2.2734816 2.2734816 2.0737197 2.0737197 2.3264139 2.4729999 2.4729999 2.4977529 2.1554083 2.2222118 3.1584592 2.8682995 3.4005069 2.8954063 3.1488571 2.8596447 2.0481895 
Cgig_XM_034475205.1                                   1.1891123 1.2996788 1.3171033 1.3733858 1.0251093 1.4562917 1.2470522 1.2762075 0.7985389 0.5260975 0.5452227 0.0000000 0.8682634 1.0873303 1.0193276 1.0395154 1.0375520 1.0218888 1.0093725 1.0907690 1.0481840 0.9321478 0.9644777 1.1554486 1.1801376 0.9720640 1.1521542 0.8463148 1.0448161 1.0940651 1.0177912 1.8256863 1.1641447 0.9070722 1.1045234 1.3244741 1.6582044 1.3688471 1.5503359 1.4711232 1.1707258 1.2234898 1.5710576 1.5080691 1.3521720 1.3792820 1.3803844 1.3819647 1.4374645 1.3085549 1.3218370 1.1520597 2.1556997 2.5814249 2.1584772 1.6413747 2.7730633 1.8558859 1.9990025 1.7652804 1.7898241 1.7819017 2.4266827 1.7560974 1.8909601 2.2177707 1.9405800 2.0517542 2.0461852 1.6771276 1.6793323 1.8046070 2.2092576 2.2092576 1.7849171 1.7849171 2.1296372 1.8798405 1.8798405 2.1132460 1.8675554 1.9089226 2.8913159 2.5941436 2.6572480 3.3170428 2.7158869 2.7295709 1.6449135 
Bralan_BLAG01000939_1                                 1.3396390 1.3194394 1.4793525 1.5043451 1.0501000 1.5711408 1.7284705 1.2999658 1.1036882 0.8596449 0.9282533 0.8682634 0.0000000 0.8524525 0.9121028 1.1376698 1.1659505 1.1152835 1.1241246 1.1701415 1.1396905 0.9907367 0.9287913 1.0518096 1.1258712 1.0699233 1.1426009 0.8280213 1.1370921 1.2815949 0.8801707 1.9802537 1.2451152 1.1092886 1.0880558 1.4539286 1.6772297 1.4033219 1.5283966 1.5249977 1.3151900 1.2765615 1.8422216 1.2832001 1.4436037 1.3959747 1.4086457 1.4108440 1.4646382 1.3655492 1.3797350 1.3141378 1.9769501 2.5765399 2.1268744 1.7540655 2.8081107 1.9851509 2.2778973 1.9891772 1.6265251 2.1976689 2.4235830 1.8948054 2.0296731 2.0648985 2.0248784 2.8796674 2.5266564 1.6827181 1.5028004 1.8072075 2.0418964 2.0418964 1.9270260 1.9270260 2.0188795 1.8752247 1.8752247 2.1915794 1.9227551 1.9330323 2.9293728 2.6314632 2.8652149 3.1428705 2.8832140 2.7936591 1.8636318 
Hsap_ENST00000367833                                  1.3111633 1.2687305 1.6228652 1.5069632 1.1085233 1.5794972 1.3356653 1.3411696 1.0828171 1.0167536 1.0664995 1.0873303 0.8524525 0.0000000 1.1622277 1.0860968 1.0837419 1.1012143 1.0459563 1.1421921 1.0706043 1.0287769 0.9813440 1.1729433 1.2097926 1.0787723 1.1179751 0.9572104 1.0880769 1.1959687 0.9449483 1.9021636 1.0986611 1.0198594 1.1095807 1.3149475 1.8787577 1.5839978 1.6803220 1.5756888 1.4304003 1.2217177 1.6244631 1.5736575 1.4238251 1.3978665 1.4350189 1.4337093 1.4472510 1.3062834 1.3115799 1.4177336 2.5766653 3.1965878 2.2448853 1.7626023 2.7511210 2.0007481 1.8820175 2.1600319 1.8285357 2.1640648 2.2752057 2.1547025 1.8743782 2.3205959 2.0291513 2.3326350 2.0647379 1.9323449 1.8016359 2.1334453 2.5924334 2.5924334 2.0468425 2.0468425 2.2394207 1.9768589 1.9768589 2.1272608 2.1045650 2.1070769 2.7093207 2.9028699 2.8764862 3.0624579 2.8475138 2.9082623 2.0509853 
Spur_XM_030994548.1                                   1.3423059 1.3071115 1.4317720 1.4945122 0.9800065 1.3455697 1.1369314 1.2479655 1.1207011 1.0229621 1.1603677 1.0193276 0.9121028 1.1622277 0.0000000 0.9736872 0.9862442 0.9244600 0.9213094 0.9948837 0.9153661 0.6296793 0.6867441 1.1296361 1.1369696 0.8302616 1.1384117 0.7137448 0.8882430 0.9979144 0.7854817 1.7446716 1.0428614 1.0079171 1.3374413 1.5925149 1.3962102 1.2355985 1.3400671 1.3664301 1.4279962 1.1877452 1.6954159 1.5889431 1.4694132 1.4472534 1.4926445 1.4944056 1.5240300 1.5664693 1.5640278 1.4269821 1.8709978 2.3023379 2.0286821 1.5831400 2.4384405 1.8184687 2.2969881 1.9685849 1.8182107 1.9003245 2.3545116 1.8957871 1.9455349 1.8600596 1.7546123 2.3075527 2.1712158 2.2083649 1.8641485 2.0906797 2.2018160 2.2018160 2.1998356 2.1998356 2.2661815 2.0812006 2.0812006 2.2233470 2.0146016 2.0128036 2.8020545 2.6071954 2.8504583 3.4767071 3.1724279 2.9216502 1.8106074 
Spis_XP_022785518_1                                   1.2011100 1.1793794 1.3394396 1.2441857 0.9500270 1.3631874 1.3542122 1.2664481 1.7636963 1.2006252 1.3449713 1.0395154 1.1376698 1.0860968 0.9736872 0.0000000 0.0461439 0.1203047 0.1222571 0.1910305 0.2561767 0.6049708 0.4953312 0.9508355 0.9212332 0.8151402 1.0208578 0.9241175 0.7832649 0.9643560 0.9929139 2.2502662 0.9454563 1.0034494 1.2630480 1.6762824 1.7291588 1.4652352 1.5123384 1.2969635 1.1855790 1.1678943 1.7573129 1.0878015 1.2911889 1.2752353 1.2390302 1.2390302 1.2948998 1.2853771 1.2903660 1.6594413 2.3539637 2.6674236 2.0368884 1.7149379 3.0910208 1.9717299 1.8445657 2.0681466 1.7346714 1.9564817 2.1873127 1.7159849 1.5370428 2.2480186 1.8383645 2.1735350 2.1549140 2.1679116 1.8577498 1.9806449 2.3109832 2.3109832 2.1497709 2.1497709 2.4561125 2.3850218 2.3850218 2.5408028 2.1619012 2.1919684 2.8856472 2.6095250 2.6832808 3.1886222 2.5990980 2.6761453 2.0877215 
Pocdam_XM_027188074.1                                 1.1311976 1.1359351 1.3203573 1.2602273 0.9198552 1.3104391 1.2622356 1.2815415 1.8489521 1.2039561 1.3454754 1.0375520 1.1659505 1.0837419 0.9862442 0.0461439 0.0000000 0.1224771 0.1301301 0.1895854 0.2651891 0.5694012 0.5076617 0.9562603 0.9141916 0.8221245 1.0490142 0.9280215 0.7685045 0.9415281 1.0050565 2.3559794 0.9711705 1.0415198 1.2648051 1.7000287 1.7283662 1.4468353 1.5025262 1.2443572 1.1581494 1.2158225 1.7490961 1.1254523 1.3179224 1.3016890 1.3017241 1.3017241 1.3962406 1.3531445 1.3676346 1.6796839 2.3087213 2.6365692 2.0300668 1.7414429 3.0504424 1.9826522 1.7688813 2.0318756 1.7218892 1.9350215 2.1157020 1.7499313 1.5346001 2.2818399 1.8702961 2.0765762 2.0979790 2.2319608 1.9233956 2.0229300 2.3166662 2.3166662 2.1306981 2.1306981 2.3943911 2.3710093 2.3710093 2.5338423 2.2075424 2.2380281 2.8717608 2.6758887 2.6731195 3.2440708 2.6928810 2.6360889 2.0511657 
Gasp_gasp1.m3.4159.m1                                 1.1887804 1.1732373 1.3519572 1.2762682 1.0355597 1.3731124 1.4418099 1.2599193 1.9176824 1.1980569 1.3384009 1.0218888 1.1152835 1.1012143 0.9244600 0.1203047 0.1224771 0.0000000 0.0789627 0.1964657 0.2517777 0.6127068 0.5032941 0.9441219 0.9240088 0.8759851 0.9951922 0.8957492 0.8166364 1.0013243 0.9777803 2.4128634 0.9558014 1.0117827 1.2332979 1.8291089 1.7429615 1.4104945 1.4409902 1.1461452 1.2395997 1.2022396 1.7792599 1.0091551 1.3379405 1.3214566 1.3045236 1.3045236 1.3500934 1.3528768 1.3671778 1.6860142 2.3993641 2.8082061 2.0998075 1.7617629 3.0352033 1.9689013 1.8977708 2.0344456 1.7223235 1.9485959 2.2449907 1.8203719 1.5708331 2.1749016 1.8536453 2.1760521 2.2235774 2.1787051 1.8442776 1.9215778 2.2967401 2.2967401 2.0429692 2.0429692 2.3576465 2.3243888 2.3243888 2.4900663 2.2577467 2.2587916 2.9423808 2.7344962 2.6272376 3.3821741 2.7543937 2.7287149 2.0704894 
Fspp_ffun1.m4.19512.m1                                1.1527522 1.1091145 1.3574391 1.2804381 0.9517917 1.3344645 1.3963141 1.1647404 1.8646664 1.2258341 1.3732218 1.0093725 1.1241246 1.0459563 0.9213094 0.1222571 0.1301301 0.0789627 0.0000000 0.1898418 0.2310370 0.6231821 0.5151031 0.9137457 0.8849605 0.8030873 0.9847846 0.8764324 0.7747850 0.9425623 1.0083051 2.2785801 0.9184540 1.0372786 1.1966339 1.6547942 1.6652995 1.4190286 1.4510590 1.2299835 1.2183806 1.2157307 1.7207725 1.0112351 1.2989417 1.2904209 1.2779759 1.2779759 1.3126206 1.3253626 1.3394523 1.6160686 2.2578152 2.7075631 2.0490268 1.6979905 2.9451278 1.9329698 1.8213639 1.9687688 1.7101598 1.8796331 2.1122058 1.7751289 1.5068443 2.0859679 1.7103629 2.1628150 2.1669346 2.2690706 1.9072683 1.9648831 2.3255657 2.3255657 2.0756375 2.0756375 2.3175409 2.4306298 2.4306298 2.4642535 2.1475497 2.1611506 2.8543443 2.6016671 2.5704140 3.1104533 2.6363513 2.6726010 1.9574534 
Gfas_gfas1.m1.7246.m1                                 1.1358718 1.1360980 1.4121327 1.3577282 0.9990016 1.3204077 1.3182278 1.2130242 1.8402167 1.2591692 1.3780736 1.0907690 1.1701415 1.1421921 0.9948837 0.1910305 0.1895854 0.1964657 0.1898418 0.0000000 0.2627514 0.6379816 0.5661955 0.9725131 0.9580290 0.9437124 1.0841047 0.9723482 0.8376998 0.9844825 1.0379596 2.1850810 1.0155055 1.0478657 1.2634704 1.7795785 1.6592015 1.3412393 1.4901069 1.2264203 1.2112891 1.2616105 1.7265057 1.0538481 1.3259590 1.3148080 1.2997291 1.2997291 1.3526634 1.3488864 1.3359045 1.6343749 2.3534714 2.5935031 2.0594498 1.8296080 3.0740094 2.0085694 1.8643710 2.0332268 1.7901353 1.9386240 2.2571005 1.8318426 1.5099232 2.2479867 1.8612742 2.1933113 2.2033032 2.2481907 1.8970505 2.0425287 2.4445146 2.4445146 2.1021609 2.1021609 2.3452777 2.4150328 2.4150328 2.5609170 2.1055932 2.1264809 2.9418236 2.7423919 2.5750302 3.2206789 2.8452248 2.6931481 1.9699753 
Amil_Amillepora20025-RA                               1.1020048 1.1080346 1.3716384 1.3708422 0.9756642 1.2956396 1.3009257 1.1731488 1.8881994 1.2718334 1.4281662 1.0481840 1.1396905 1.0706043 0.9153661 0.2561767 0.2651891 0.2517777 0.2310370 0.2627514 0.0000000 0.5799491 0.5307053 0.9709850 0.9879523 0.8637564 0.9591507 0.9078796 0.8095723 0.9640099 1.1831650 2.3313360 0.9776560 1.0099415 1.2850943 1.6317713 1.6250199 1.4186043 1.4760571 1.2600151 1.2384837 1.2564322 1.6461011 1.0297995 1.2489263 1.2428790 1.2432959 1.2432959 1.2843452 1.2712955 1.2849159 1.5866801 2.3584681 2.6076817 2.0857498 1.8359259 3.0298009 1.9248352 1.8400127 2.0858192 1.6611294 1.8462863 2.1458105 1.7038836 1.8379642 2.2813176 1.9373667 2.0341023 2.0439969 2.4717823 2.0973696 1.9943140 2.3180245 2.3180245 2.1256303 2.1256303 2.3413287 2.3407325 2.3407325 2.4930393 2.1370451 2.1389377 2.7347903 2.6668586 2.4772289 3.4270007 2.7728840 2.6611566 1.9880350 
Exapal_XM_021054965.2                                 1.1300843 1.0724835 1.4295105 1.3184906 0.9994273 1.1683352 1.1616085 1.2434899 1.1877692 0.9842286 1.1099970 0.9321478 0.9907367 1.0287769 0.6296793 0.6049708 0.5694012 0.6127068 0.6231821 0.6379816 0.5799491 0.0000000 0.4513105 0.8483094 0.7928489 0.7634710 0.8070362 0.7653175 0.8573997 1.0617164 0.7362839 1.6538462 0.9497409 0.8214952 1.1331307 1.4417234 1.3212612 1.1457018 1.1822024 1.1738005 1.2292501 1.1155496 1.2354217 1.0570801 1.1985134 1.1686177 1.2011225 1.2011225 1.2302094 1.1563051 1.1563051 1.2333330 1.7646212 2.3272334 2.0745549 1.7444370 2.1360774 1.9151396 1.6444408 1.7881118 1.5802373 1.7170290 2.0036037 1.8241689 1.9975817 2.1241676 2.0470233 2.0421241 1.8178875 1.8472128 1.6886444 1.5424538 1.8921377 1.8921377 1.6482418 1.6482418 1.8262993 1.8413788 1.8413788 1.8470697 1.8200613 1.8604009 2.5912075 2.6667134 2.7750226 3.2061850 3.1087101 2.7466653 2.1724813 
Nvec_v1g232080                                        1.1902459 1.1767299 1.4359555 1.3664666 1.0678032 1.2428718 1.1842531 1.1712566 1.2618712 1.0855718 1.2276611 0.9644777 0.9287913 0.9813440 0.6867441 0.4953312 0.5076617 0.5032941 0.5151031 0.5661955 0.5307053 0.4513105 0.0000000 0.8302192 0.8001041 0.6941566 0.9477868 0.8171841 0.8518666 0.9208921 0.9216217 2.1333890 0.9906625 0.9015138 1.1792184 1.6081293 1.4155286 1.2611141 1.2695960 1.1055096 1.1994331 1.1219111 1.5728395 1.1891576 1.2174130 1.1911135 1.2380331 1.2380331 1.2588924 1.2364770 1.2243860 1.4933563 2.1112115 2.5801102 2.0785616 1.7147906 3.0263612 1.9207443 1.9806772 1.9911323 1.7785423 1.8462175 2.1487533 1.8085542 1.7747151 2.1457168 1.9745379 2.3958761 2.3528640 1.8744397 1.6784660 1.7508002 2.0448749 2.0448749 1.6546777 1.6546777 2.0694421 2.0538495 2.0538495 2.2106266 1.9009412 1.8911796 2.6330591 2.5893949 2.6758054 3.0965111 2.6952909 2.5096188 2.0517210 
Nemnom_g15193.t1                                      1.3074600 1.4039596 1.5948055 1.5625510 1.0645805 1.4662012 1.3181444 1.4010427 1.5412367 1.3719450 1.5377403 1.1554486 1.0518096 1.1729433 1.1296361 0.9508355 0.9562603 0.9441219 0.9137457 0.9725131 0.9709850 0.8483094 0.8302192 0.0000000 0.1889730 0.5440091 0.6383783 1.0904802 1.1148764 1.1775917 0.7489651 2.0347684 0.9573617 1.1253947 1.3279795 1.7763666 1.5980530 1.4094815 1.5623781 1.5633340 1.5007085 1.4269479 1.7589299 1.3815841 1.4166990 1.4012319 1.3809924 1.3801559 1.3864331 1.3350402 1.3401933 1.4689636 2.2776077 2.9647246 2.4720409 1.8378280 2.8834944 2.2813589 2.0162469 2.0384540 1.8591628 2.0345159 2.5235783 1.9983846 2.4056349 1.9957573 2.0137305 2.5974507 2.6278619 2.0745629 2.0649130 2.2556914 2.4038136 2.4038136 2.1592054 2.1592054 2.7241655 2.1794652 2.1794652 2.5851773 2.2962271 2.2865635 3.2809029 3.1301377 3.4057402 3.3569595 2.9919352 3.0099504 2.3650221 
Rhoesc_Res_008167-T1                                  1.2796207 1.4782032 1.6248968 1.5200540 1.0234430 1.4805783 1.4193458 1.3412147 1.5776413 1.2424896 1.4037099 1.1801376 1.1258712 1.2097926 1.1369696 0.9212332 0.9141916 0.9240088 0.8849605 0.9580290 0.9879523 0.7928489 0.8001041 0.1889730 0.0000000 0.5091794 0.6203385 0.9936591 1.1479793 1.1694523 0.7731526 1.9556413 1.0471918 1.1525040 1.2372897 1.7837280 1.6356695 1.5072379 1.5693295 1.5803986 1.5233174 1.4802734 1.7256429 1.3865095 1.4547975 1.3996272 1.4206752 1.4198389 1.4180062 1.3900979 1.3769117 1.4997434 2.2174434 2.7625112 2.3791671 1.8680410 2.8723400 2.1986652 2.0832847 2.0003792 1.8236951 1.9040845 2.4814186 1.9642922 2.3797805 2.0022854 2.0118614 2.6254609 2.5937731 2.1341354 2.0328095 2.2883646 2.3087471 2.3087471 2.1727013 2.1727013 2.5095325 2.1747159 2.1747159 2.4798743 2.4255831 2.4265906 3.2059461 3.0723988 3.3002523 3.0960404 3.0846020 2.9618555 2.2382355 
Aaur_scaffold596.g20.t1                               1.1689692 1.1228937 1.5412002 1.3856268 0.9276814 1.3748520 1.5073139 1.3463334 1.4499976 1.0712111 1.1781230 0.9720640 1.0699233 1.0787723 0.8302616 0.8151402 0.8221245 0.8759851 0.8030873 0.9437124 0.8637564 0.7634710 0.6941566 0.5440091 0.5091794 0.0000000 0.5606594 0.8452797 1.0642824 1.0809004 0.7086518 1.9746741 0.8677585 0.8886362 1.1338148 1.4213350 1.3408963 1.2737619 1.2509079 1.3409978 1.2770636 1.0555848 1.2853801 1.1114626 1.2625836 1.2539564 1.2422340 1.2422340 1.2737148 1.2316703 1.2316703 1.2179288 2.0502074 2.8016188 2.2857677 1.8916105 2.2446046 2.1205879 1.7479887 1.8292104 1.7115546 1.7190549 1.9014237 1.7501943 2.2988205 1.8882134 1.9428482 2.4242334 2.0534642 2.0863350 1.9979929 2.0486316 1.9455450 1.9455450 1.6661411 1.6661411 2.1417537 2.1947166 2.1947166 2.1842720 2.1726955 2.1107103 2.8602402 2.6302956 2.7765967 2.9978348 2.8324705 2.7815243 2.3168120 
Sanmal_Sma_001471-T1                                  1.3285914 1.3425969 1.4644761 1.6228990 1.0559908 1.6054767 1.4461210 1.3656899 1.7208054 1.1998789 1.4173188 1.1521542 1.1426009 1.1179751 1.1384117 1.0208578 1.0490142 0.9951922 0.9847846 1.0841047 0.9591507 0.8070362 0.9477868 0.6383783 0.6203385 0.5606594 0.0000000 1.1121587 1.1513962 1.2537170 0.7191380 2.2753956 0.9441099 0.9705026 1.3998681 1.6861086 1.6907357 1.6143870 1.6380705 1.5335123 1.4369940 1.2636548 1.8597622 1.3682053 1.4199994 1.3945439 1.3980429 1.3967017 1.3901390 1.3279969 1.3254826 1.4621446 2.2771483 2.6513457 2.4211805 1.8635868 2.4608505 2.0162438 1.8886560 1.8046568 1.7752011 1.8334006 2.1481457 1.9645130 2.3970223 2.0735426 2.1004083 2.0615897 2.1847882 2.0517044 1.8968377 2.1680311 2.2996712 2.2996712 2.1703676 2.1703676 2.3699759 1.8544333 1.8544333 2.2372792 2.1895205 2.2485130 2.9548292 2.7727540 3.2584290 3.2502961 2.8984512 2.9002279 2.3491144 
Skow_XM_002740757.2                                   1.3097493 1.3162386 1.6247874 1.7310036 1.0485373 1.3898312 1.2939379 1.3395777 1.0079421 0.8795739 0.9397238 0.8463148 0.8280213 0.9572104 0.7137448 0.9241175 0.9280215 0.8957492 0.8764324 0.9723482 0.9078796 0.7653175 0.8171841 1.0904802 0.9936591 0.8452797 1.1121587 0.0000000 1.0098980 1.1078695 0.9127360 1.8998788 1.0610180 0.9051845 1.0304856 1.4564905 1.5476738 1.5543304 1.4903353 1.4841948 1.2713105 1.2702519 1.6398610 1.0660863 1.3759311 1.3814438 1.3913740 1.3953082 1.4453190 1.4058147 1.4079176 1.5363919 2.0455520 2.3073251 2.2816138 1.9434795 2.4737979 1.7494922 2.0725414 1.9040488 1.8301820 1.8890624 2.3960577 1.8703362 1.9424434 2.3931481 2.0642212 2.1154691 2.1875593 1.7843603 1.6179091 1.8289608 1.9837848 1.9837848 1.8897395 1.8897395 2.1822085 2.1631453 2.1631453 2.2872195 1.9019570 1.8760699 3.0481227 2.9027214 2.9389194 3.1530443 2.7574613 2.6946130 1.8971288 
Dgig_XM_028559091.1                                   1.3011914 1.2791245 1.5111078 1.4830021 0.8854608 1.4037201 1.1776094 1.3107639 1.6509481 1.1457172 1.3052670 1.0448161 1.1370921 1.0880769 0.8882430 0.7832649 0.7685045 0.8166364 0.7747850 0.8376998 0.8095723 0.8573997 0.8518666 1.1148764 1.1479793 1.0642824 1.1513962 1.0098980 0.0000000 0.3810069 1.1899991 2.2381965 1.2211097 1.0841211 1.2649082 1.7380000 1.6329469 1.3124848 1.4490532 1.1755279 1.2089288 1.2502473 1.4985900 1.4792111 1.4060682 1.3961024 1.3947220 1.3947220 1.4203506 1.4511511 1.4666643 1.3217814 2.1080224 2.6441174 2.0710657 1.6514031 2.8825087 1.8316199 2.0374207 2.1114690 1.8643042 1.8762910 2.2501712 2.0601560 1.8778205 2.1639474 1.8143802 2.0873089 2.0769276 2.4689461 2.1799727 2.1939259 2.4533860 2.4533860 2.2118958 2.2118958 2.4004519 2.4910701 2.4910701 2.5232343 2.1561841 2.1795694 2.5900959 2.5012805 2.6940451 3.2564901 2.6295877 2.7275969 1.9073288 
Xesp_011283-T1                                        1.3160781 1.3082699 1.5154522 1.3722450 0.9118666 1.4244856 1.2925509 1.4100158 1.4474383 1.2096140 1.3714089 1.0940651 1.2815949 1.1959687 0.9979144 0.9643560 0.9415281 1.0013243 0.9425623 0.9844825 0.9640099 1.0617164 0.9208921 1.1775917 1.1694523 1.0809004 1.2537170 1.1078695 0.3810069 0.0000000 1.4676513 2.4745472 1.1627542 1.0447687 1.3139105 1.7241321 1.7176137 1.4363785 1.5513625 1.2999314 1.1932870 1.2583539 1.6548903 1.4000538 1.5747215 1.5711614 1.5089970 1.5089970 1.4799818 1.6074199 1.5918487 1.3826381 2.1931201 2.7721027 2.1550562 1.6412623 2.9077656 1.7363445 2.1504721 2.0990501 1.8723463 1.6809748 2.3332920 2.0553208 1.7784998 2.5996809 2.0037776 2.2056565 2.0400625 2.1815982 1.9073454 1.8660448 2.2900246 2.2900246 1.9110683 1.9110683 2.2626805 2.2705419 2.2705419 2.3961881 1.9718734 1.9625407 2.5757460 2.3673213 2.8320245 3.3988044 2.5681264 2.7904418 1.9605100 
Hvul_g17205_1                                         1.6104023 1.0433340 1.3469683 1.3517499 0.5937664 1.5991492 1.5991492 1.6546990 1.1580855 1.0460316 1.0156706 1.0177912 0.8801707 0.9449483 0.7854817 0.9929139 1.0050565 0.9777803 1.0083051 1.0379596 1.1831650 0.7362839 0.9216217 0.7489651 0.7731526 0.7086518 0.7191380 0.9127360 1.1899991 1.4676513 0.0000000 0.6002282 0.9054239 1.1994740 1.0688267 1.4266389 1.2788283 1.2547267 1.3933603 9.0000000 1.2724673 1.0068589 0.9422643 3.9084901 1.9425266 1.9288470 1.8990666 1.8990666 1.8083100 1.8672059 1.8672059 1.3202654 1.5334539 2.2902638 1.4718702 1.4641781 1.7182496 1.7441918 1.5267252 1.3927737 1.4241048 1.4290978 2.2795056 1.6109610 1.7215493 1.5044281 1.5044281 1.7521314 1.7521314 2.2777616 2.2777616 2.6036495 2.5976584 2.5976584 2.0746252 2.0746252 2.5857866 2.4958236 2.4958236 2.4780058 2.8401538 2.9131057 2.1942837 2.4276113 1.9044589 2.2904750 1.9267911 2.3344818 1.1526906 
Hvul_g17207_1                                         2.6406166 2.2425698 2.5443134 2.3872123 2.7827669 2.7805285 2.0020344 2.8440090 1.7924853 2.2374215 1.9929135 1.8256863 1.9802537 1.9021636 1.7446716 2.2502662 2.3559794 2.4128634 2.2785801 2.1850810 2.3313360 1.6538462 2.1333890 2.0347684 1.9556413 1.9746741 2.2753956 1.8998788 2.2381965 2.4745472 0.6002282 0.0000000 1.9977756 2.0547094 1.8665287 1.9182723 2.2243154 1.9067600 1.9824939 5.3965363 2.2076132 2.7612050 2.0314099 4.1195498 2.6398348 2.6265011 2.7007735 2.7007735 2.7389501 2.5914350 2.5432493 2.8626317 2.9470739 4.3997418 2.7334467 2.4885510 2.3285741 2.9679842 3.0625357 3.0531601 2.5797445 3.2475564 3.7280955 2.4460977 2.0816257 1.7554808 2.1816300 3.3343762 3.1840161 2.9756395 3.0506438 3.3484947 3.2712930 3.2712930 3.1732645 3.1732645 3.9778174 3.3607564 3.3607564 3.4048761 3.7293040 3.9120001 3.2204285 3.4379659 3.4456936 3.8148445 3.0758619 3.5812903 2.9373389 
Morvir_scaffold57.g62.t1                              1.2808104 1.2919006 1.4257733 1.2770088 0.9828238 1.5171519 1.3979855 1.3334908 1.5104140 1.2941232 1.5267513 1.1641447 1.2451152 1.0986611 1.0428614 0.9454563 0.9711705 0.9558014 0.9184540 1.0155055 0.9776560 0.9497409 0.9906625 0.9573617 1.0471918 0.8677585 0.9441099 1.0610180 1.2211097 1.1627542 0.9054239 1.9977756 0.0000000 1.1850466 1.3249587 1.6299815 1.6419662 1.5188887 1.4184714 1.4953989 1.2620942 1.2600946 1.4901165 1.2657953 1.6113359 1.5963744 1.5511078 1.5511078 1.5250169 1.5378835 1.5441712 1.5798770 2.0253879 2.5711784 2.1109232 1.7133421 2.9466881 1.9863808 1.8111496 1.9363075 1.7799592 2.0531523 2.2153347 1.7070771 1.6377577 2.0533798 1.8968000 2.1423841 2.0986434 2.0136659 1.8956788 1.9692525 2.2459080 2.2459080 2.1809284 2.1809284 1.9628836 1.9008509 1.9008509 2.1008998 2.2697667 2.2930227 2.6257282 2.4924535 2.8730437 2.8457882 2.4584450 2.6870000 1.8688568 
Cscu_XM_023372097.1                                   1.1965562 1.2435028 1.3660951 1.4869888 1.0285303 1.4434274 1.3068455 1.1651513 0.9426439 0.9730698 1.1129532 0.9070722 1.1092886 1.0198594 1.0079171 1.0034494 1.0415198 1.0117827 1.0372786 1.0478657 1.0099415 0.8214952 0.9015138 1.1253947 1.1525040 0.8886362 0.9705026 0.9051845 1.0841211 1.0447687 1.1994740 2.0547094 1.1850466 0.0000000 1.0143205 1.5125159 1.8607160 1.6060749 1.8080089 1.6677242 1.4819012 1.2469309 1.7709541 1.5870467 1.2870271 1.2821988 1.3438590 1.3453676 1.2719034 1.2917395 1.2936379 1.2060609 2.2663990 2.4280961 2.1627348 1.6666257 1.9994910 1.6346180 1.8440249 1.5154617 1.7061054 1.6890212 2.2072984 1.7956755 1.8991612 2.0620021 1.8786247 1.8657550 1.9346123 1.9363634 1.7753151 1.8735489 2.1890158 2.1890158 1.9234990 1.9234990 2.2516793 1.9894930 1.9894930 2.0574995 2.0244032 2.0275150 2.8424478 2.7770601 2.7014870 3.0766113 2.4861415 2.5960298 1.9071206 
Dpul_mRNA9347                                         1.4615353 1.5702705 1.5736561 1.7292127 1.1988258 1.5991750 1.4957057 1.5036923 0.9816876 1.1354351 1.2131875 1.1045234 1.0880558 1.1095807 1.3374413 1.2630480 1.2648051 1.2332979 1.1966339 1.2634704 1.2850943 1.1331307 1.1792184 1.3279795 1.2372897 1.1338148 1.3998681 1.0304856 1.2649082 1.3139105 1.0688267 1.8665287 1.3249587 1.0143205 0.0000000 1.3940345 1.8584017 1.5932614 1.6417646 1.4261988 1.3648081 1.5936362 1.6637767 1.7491454 1.6734683 1.6744913 1.6114957 1.6072570 1.5819207 1.6547640 1.6613652 1.6865078 2.0732715 2.2415712 2.1106667 1.7835181 2.8869850 2.0262135 2.2702845 1.9902835 1.9639898 1.9819164 2.0922283 1.9323834 2.2999718 2.3952923 2.1130918 2.6056606 2.4505418 1.9754080 1.8027249 2.1602840 2.2033812 2.2033812 2.0218680 2.0218680 2.1735659 2.1875426 2.1875426 2.4599635 2.2387338 2.1987354 2.9423429 2.7776953 2.4430402 3.7085071 3.0007157 3.1949581 2.3302728 
Tcas_TC007443_001                                     1.5900519 1.6436279 1.8262579 1.5257402 1.1320458 1.8464711 1.4930616 1.6414668 0.9901437 1.5387962 1.7252234 1.3244741 1.4539286 1.3149475 1.5925149 1.6762824 1.7000287 1.8291089 1.6547942 1.7795785 1.6317713 1.4417234 1.6081293 1.7763666 1.7837280 1.4213350 1.6861086 1.4564905 1.7380000 1.7241321 1.4266389 1.9182723 1.6299815 1.5125159 1.3940345 0.0000000 2.1065810 2.0350207 2.0273430 2.0442021 1.7694557 1.8806643 1.7004940 2.3816839 1.6672109 1.6734817 1.6871201 1.6870712 1.6978197 1.6774669 1.6813877 1.6688166 2.6857633 3.1832339 2.4336197 1.9726447 2.1051794 2.1914020 2.1776665 2.0770250 2.0617383 2.0053985 2.2623266 2.1441714 1.8532664 2.4042152 2.1715092 2.2528937 2.0813305 2.2033922 1.8457436 2.0245437 2.5806085 2.5806085 2.2166524 2.2166524 2.2148524 2.0865248 2.0865248 2.1162994 2.0838070 2.0751176 2.3719077 2.1584080 2.6911039 2.6235990 3.0945202 3.2082100 2.1720233 
Lcom_lcpid85966                                       1.7997848 1.6618328 2.0753008 1.7593020 1.2614949 1.7642969 1.3838851 1.4697192 1.6036000 1.6976031 1.9337994 1.6582044 1.6772297 1.8787577 1.3962102 1.7291588 1.7283662 1.7429615 1.6652995 1.6592015 1.6250199 1.3212612 1.4155286 1.5980530 1.6356695 1.3408963 1.6907357 1.5476738 1.6329469 1.7176137 1.2788283 2.2243154 1.6419662 1.8607160 1.8584017 2.1065810 0.0000000 0.3703734 0.3554696 0.5014376 1.2049545 1.6526995 1.9581417 2.0227765 1.8081332 1.8146168 1.8305895 1.8346699 1.8163190 1.8332150 1.8164901 2.1192940 2.1076557 2.6427858 2.6793211 2.1649690 2.5176137 2.5404901 2.8926331 2.6969791 2.4882120 2.4229342 2.5142561 2.1412932 3.0596886 2.3680852 2.4416538 2.3745650 2.3374105 2.4423024 2.1581140 2.2744566 2.4285205 2.4285205 2.4325969 2.4325969 2.7075751 2.3092238 2.3092238 2.3721423 2.3812374 2.4771412 2.8161666 2.4428206 2.8427673 2.9864734 2.7722812 2.8729184 2.6033640 
Gracom_Gcom_scaffold11996_01                          1.7300658 1.5239330 1.6022489 1.5260737 1.0518508 1.6216623 1.3817346 1.5328511 1.4921376 1.4074375 1.6658748 1.3688471 1.4033219 1.5839978 1.2355985 1.4652352 1.4468353 1.4104945 1.4190286 1.3412393 1.4186043 1.1457018 1.2611141 1.4094815 1.5072379 1.2737619 1.6143870 1.5543304 1.3124848 1.4363785 1.2547267 1.9067600 1.5188887 1.6060749 1.5932614 2.0350207 0.3703734 0.0000000 0.3107045 0.3969532 1.0820621 1.6108258 1.8015364 2.1077988 1.7469294 1.7384572 1.7269799 1.7072005 1.7516676 1.7968240 1.7805510 1.8386049 2.2183847 2.5111217 2.5792715 2.1534165 2.7325314 2.3977025 2.5395141 2.4247497 2.2669756 2.3705104 2.5612041 2.0090435 2.1742018 2.3019304 2.0735231 2.3839956 2.4432066 2.3829550 2.1097434 2.1953213 2.4030365 2.4030365 2.2271537 2.2271537 2.7258052 2.3858063 2.3858063 2.4347503 2.1160128 2.1274174 2.5926494 2.4993416 2.7036110 3.2853704 2.8349061 2.8494459 2.2774969 
Scil_scict001729.1                                    1.7089440 1.6122685 1.8559324 1.7801530 1.1710780 1.6677077 1.4919593 1.4908564 1.7271978 1.5649161 1.8193464 1.5503359 1.5283966 1.6803220 1.3400671 1.5123384 1.5025262 1.4409902 1.4510590 1.4901069 1.4760571 1.1822024 1.2695960 1.5623781 1.5693295 1.2509079 1.6380705 1.4903353 1.4490532 1.5513625 1.3933603 1.9824939 1.4184714 1.8080089 1.6417646 2.0273430 0.3554696 0.3107045 0.0000000 0.3503667 1.0226487 1.5673684 1.8032780 1.8705144 1.6901609 1.6918562 1.6458414 1.6495314 1.6760989 1.7178067 1.7023046 1.9223160 2.2265572 2.5486926 2.6135977 2.3000783 2.6012086 2.2569008 2.7057314 2.4893558 2.4181753 2.2235345 2.3853337 2.0369129 2.2576012 2.3304157 2.2096982 2.5105407 2.4439379 2.3778825 2.0822637 2.2244547 2.3298768 2.3298768 2.1807838 2.1807838 2.7722657 2.3226388 2.3226388 2.3553868 2.2220652 2.2588134 2.5970626 2.5626957 2.6618735 3.0873291 2.6900848 2.7951110 2.3981018 
Leuniv_Lniv_C751017_01                                1.8117459 1.7554355 1.8752507 1.8623171 1.2912888 1.7253267 1.0096837 1.5072188 6.1589338 1.2974982 1.7176722 1.4711232 1.5249977 1.5756888 1.3664301 1.2969635 1.2443572 1.1461452 1.2299835 1.2264203 1.2600151 1.1738005 1.1055096 1.5633340 1.5803986 1.3409978 1.5335123 1.4841948 1.1755279 1.2999314 9.0000000 5.3965363 1.4953989 1.6677242 1.4261988 2.0442021 0.5014376 0.3969532 0.3503667 0.0000000 1.1053270 1.9573217 2.1786930 1.7933433 1.5548401 1.5444362 1.5957715 1.5957715 1.5258559 1.6099396 1.6348221 1.8219573 2.0638272 2.0638272 2.4083351 1.9049120 8.1042133 2.2627061 2.7960025 2.5879177 2.1936727 2.2005743 2.3496654 2.7069935 2.1049138 2.5166924 2.1388965 2.5866945 2.3371499 2.2119645 1.7927577 1.7128695 2.1741589 2.1741589 1.7407312 1.7407312 2.5218062 2.0979263 2.0979263 2.3918653 2.0203939 2.0396547 2.8432358 2.9628654 3.0410596 2.9574923 3.2575431 3.2448942 3.1424177 
Clacor_Ccor_C536369_01                                1.6690996 1.5077143 1.6053540 1.5847102 1.1722283 1.6163309 1.3725701 1.3637129 1.0356036 1.2865878 1.4509656 1.1707258 1.3151900 1.4304003 1.4279962 1.1855790 1.1581494 1.2395997 1.2183806 1.2112891 1.2384837 1.2292501 1.1994331 1.5007085 1.5233174 1.2770636 1.4369940 1.2713105 1.2089288 1.1932870 1.2724673 2.2076132 1.2620942 1.4819012 1.3648081 1.7694557 1.2049545 1.0820621 1.0226487 1.1053270 0.0000000 1.6446456 1.7708576 1.6421249 1.6857278 1.7184467 1.6984177 1.6984177 1.6476046 1.6526803 1.6367405 1.5552055 2.1398020 2.4077939 2.0120596 2.0658502 2.4590849 1.9349884 1.8561686 1.9645542 1.9701425 1.8750550 2.0904312 2.1011885 2.2599613 2.3016638 2.2790646 2.3709123 2.2260560 2.2132606 1.8740165 1.9470601 2.2249118 2.2249118 2.0738676 2.0738676 2.5003626 1.9942365 1.9942365 1.9048775 1.9802803 1.9870304 2.6634934 2.3661288 3.0710266 3.3257651 2.6596238 2.5888838 2.2634105 
Plespi_Pspi_scaffold9496_01                           1.1187538 1.1974332 1.2641532 1.1968861 0.8759985 1.2724503 0.6863362 1.2236694 1.1964291 1.2938372 1.4695936 1.2234898 1.2765615 1.2217177 1.1877452 1.1678943 1.2158225 1.2022396 1.2157307 1.2616105 1.2564322 1.1155496 1.1219111 1.4269479 1.4802734 1.0555848 1.2636548 1.2702519 1.2502473 1.2583539 1.0068589 2.7612050 1.2600946 1.2469309 1.5936362 1.8806643 1.6526995 1.6108258 1.5673684 1.9573217 1.6446456 0.0000000 1.8131703 1.9422018 1.4454695 1.4791710 1.5173450 1.4955617 1.5590886 1.4727133 1.4755904 1.4662540 2.1618345 2.2633700 1.9235953 1.6589900 2.2351364 1.8833998 1.6985386 1.6622982 1.8628391 1.6553192 2.2609375 1.8382235 2.2698634 1.7014209 1.9774162 2.2914536 2.2182257 2.2270919 1.9604606 2.0465209 2.5063347 2.5063347 2.0643911 2.0643911 2.6472825 2.3240652 2.3240652 2.3987594 2.1928743 2.1835519 2.2722798 2.1773796 2.5966794 2.1615544 2.4971336 2.3262919 2.2772605 
