87
Emue_Em0015g130a.t1                                 0.0000000 0.3824072 0.1883003 1.6062392 1.5605742 1.5469666 1.7569619 0.9189127 1.3541908 1.4167711 1.5871360 1.9091330 1.7935636 1.3983411 1.3523116 1.6379488 1.5228797 1.0176224 1.4855996 1.4901018 1.1861642 1.1959760 1.2635808 2.0898654 1.3049572 2.5462686 1.2186699 1.2827633 0.0000010 1.4300591 1.5994634 1.5476831 1.4806872 1.5477439 1.5430618 1.5461169 1.5157876 1.5357482 1.6206431 1.5930828 1.4815315 1.5122303 1.3061811 1.7455844 1.2621045 2.3648430 3.1302935 2.5439924 2.5557774 2.2635917 0.9479344 2.2907281 2.2401932 1.2376651 1.5284161 2.1035697 2.1739155 2.1623318 2.1344987 2.3188449 2.3911828 2.3428374 2.3626471 1.3878165 2.5241024 2.2513229 3.8637887 1.2042732 3.4986582 2.0942136 2.3749492 2.3749492 2.6073016 2.4764780 2.5562983 4.4975522 2.5415702 2.6719767 3.0582538 2.5147009 2.4716300 2.8573854 2.4561984 0.6288235 1.6497336 2.9569043 7.4776994 
Emue_Em0671g1a.t1                                   0.3824072 0.0000000 0.2164291 2.2975546 2.1117359 1.7153240 1.9675444 1.2778974 1.5026313 1.4243544 1.6861622 1.0997715 1.9244882 1.7514931 1.5198956 1.7089611 1.5860648 1.0537494 1.5407497 1.4452487 1.3575961 1.3575138 1.4168604 1.3511924 1.4600141 1.7620888 1.3326978 1.3772830 0.0000010 1.5537292 1.6501121 1.5386003 1.4874983 1.7121760 1.6979487 1.7611921 1.6308119 1.7642479 1.7565044 1.7523032 1.4561763 1.7507537 1.5350953 1.6230301 1.4248525 2.3329428 2.6295059 2.5695940 2.5042452 2.5388820 1.3607323 2.5695740 2.4057569 1.3211199 1.8191421 2.2772870 2.3106487 2.3466071 2.3410109 2.2680511 2.3875958 2.4476998 2.4753893 1.4653943 2.8142373 2.4244679 2.3338078 1.0865367 1.4002145 2.3472729 2.7739523 2.7739523 2.7557818 2.7266635 2.7185776 1.1716810 2.5313603 2.4622972 2.6498682 2.7922000 2.5183529 0.0000010 2.5988626 1.2251024 1.9696686 5.8309231 7.2809981 
Spolac_c94973_g1_i1_m.10795c54816-g1                0.1883003 0.2164291 0.0000000 0.3790171 0.5795123 1.1321877 1.3028369 0.5384271 1.1757737 1.3231388 1.4015218 1.5636631 1.5511219 1.3983663 1.3356466 1.5402371 1.6174211 1.0030656 1.1434470 1.5174182 1.0423362 1.0087468 1.0431886 1.5595027 1.0646656 2.2238916 1.0331345 0.9060849 0.0000010 1.5010244 1.2661835 1.1211373 1.2170280 1.2663438 1.2345896 1.3363129 1.3363129 1.3269115 1.2623588 1.2569526 1.3498480 1.4731153 1.3309649 1.1422545 1.3456208 2.2436130 2.5907034 2.1686915 2.2842574 2.3253292 0.9773133 1.8639665 2.0842920 1.7840649 1.8937104 1.7243911 2.1271677 2.0584882 1.9067755 2.0502714 2.1624721 2.1518127 2.5803789 1.6096151 2.2385422 1.4757615 3.0580437 1.3338664 2.8009536 1.6676501 0.8895533 0.8895533 2.3469418 2.3284920 2.4107537 2.1840719 2.3558596 2.1436714 1.4869813 3.0924685 3.1645470 0.0000010 1.9821493 0.2095027 0.4881975 0.0000010 4.3128946 
Leuniv_Lniv_scaffold17291_01                        1.6062392 2.2975546 0.3790171 0.0000000 0.0000010 0.5787891 0.8632315 1.1197025 1.7913981 1.8188307 1.6978876 2.3881793 2.0370199 1.5890882 1.6334709 1.7505317 1.7271445 1.4437554 1.6913978 1.7487546 1.6745186 1.6611086 1.7080296 5.6712802 1.6846061 0.0000010 1.6800983 1.7481293 0.0000010 1.6573848 2.0216154 2.0216634 2.1032397 1.9149095 1.8873628 1.8096243 1.6379545 1.8628504 1.9023503 1.8806395 1.7204111 1.6941024 1.6905986 2.2573151 1.6968126 2.8398956 4.2914094 2.8402573 2.8878395 2.8216584 1.4923659 2.7978190 2.3399725 0.0000010 1.5124251 2.5508366 2.4416462 2.9158251 2.4455825 2.8023821 2.7590306 2.7378057 2.6072239 1.7796755 2.5334415 2.7244631 5.6543036 0.5325468 5.4858919 2.3295506 2.6723113 2.6723113 2.7809836 2.7188543 2.7416966 0.0000010 2.6225080 2.7633799 4.0823701 1.0714843 0.0000010 5.0393829 0.0000010 1.4742938 1.9948496 3.4338751 7.9330809 
Leuniv_Lniv_scaffold17292_01                        1.5605742 2.1117359 0.5795123 0.0000010 0.0000000 0.5970168 0.8708061 1.0739522 1.7398503 1.7683256 1.6469669 2.2581377 1.9943964 1.5575681 1.6054892 1.7279582 1.6926722 1.3745859 1.6652171 1.7204285 1.6320402 1.6130892 1.6599583 3.6873021 1.6457346 2.9343182 1.6351856 1.7018801 0.0000010 1.6722421 2.0006496 1.9487490 2.0345070 1.8481254 1.8226914 1.7509442 1.5769950 1.7995064 1.8405868 1.8200302 1.7205798 1.6956356 1.6948800 2.1989944 1.6674006 2.7932770 3.6416027 2.7885840 2.8226119 2.7743581 1.5026514 2.8011961 2.3766429 4.5067500 1.6186508 2.5357684 2.4751938 2.9060884 2.4151398 2.8252420 2.7706879 2.7259668 2.6387197 1.7571915 2.4994405 2.6764705 5.2931722 0.6265874 2.6604260 2.2591590 2.6723113 2.6723113 2.7758324 2.7170307 2.7195151 3.4526653 2.6544301 2.7653476 3.9077053 1.9874147 3.6589177 5.0393829 0.0000010 1.4742938 1.9396316 3.4338751 7.9330809 
Gracom_Gcom_scaffold18859_01                        1.5469666 1.7153240 1.1321877 0.5787891 0.5970168 0.0000000 0.9132597 0.8635800 1.6467783 1.7591690 1.4693445 0.7930700 1.7043624 1.4859356 1.5483284 1.5250343 1.4698194 1.2374501 1.5473289 1.6728607 1.4227378 1.4779688 1.4341791 1.4948770 1.4599758 1.3923303 1.4729501 1.4785923 0.9690157 1.6904270 1.7393321 1.7595622 1.7547106 1.6902874 1.6779317 1.6886901 1.6278939 1.7094649 1.7009843 1.5498326 1.5690749 1.6320696 1.4173950 1.8663381 1.5714090 2.2183763 2.0322207 2.1578316 2.2540388 2.2187049 1.1387625 2.2322249 2.1945839 1.0393417 1.6180961 2.1987320 2.3949009 2.2099007 2.6534913 2.3242159 2.3068246 2.3399088 2.3905394 1.5859783 2.5812441 2.7694332 2.3526510 1.3063060 1.4462347 2.0052259 2.6368866 2.6368866 2.2454849 2.2700433 2.2667027 1.6848447 2.2241134 2.7119828 3.1610353 2.4317701 1.9294930 1.4869405 1.2909658 1.6365283 2.0054058 3.4833169 5.6300351 
Lcom_lcpid28618                                     1.7569619 1.9675444 1.3028369 0.8632315 0.8708061 0.9132597 0.0000000 1.0442395 1.9333164 1.9930642 1.6898540 0.9996429 2.1647331 1.8737740 1.7548986 1.7206820 1.8583994 1.4015418 1.7229586 2.0000644 1.8261161 1.8641183 1.8285393 2.0895411 1.8029100 2.1114667 1.8732733 1.8748814 1.1672517 2.0338239 2.1702012 2.1625646 2.1026615 2.1555068 2.1878897 2.1560978 2.1121615 1.9369410 2.1193559 1.6741048 1.8559951 1.9859770 1.4616210 2.2580011 1.9980236 2.5056274 2.5832668 2.4917380 2.4912299 2.5192456 1.2342676 2.4551757 2.4443339 1.2374293 2.0148788 2.2707009 2.6512276 2.4760695 2.6217317 2.3875911 2.4440392 2.3485263 2.4986103 2.0670460 2.7171552 2.7817015 2.7477660 1.8631420 2.0462183 2.7247007 2.6202625 2.6202625 2.5647497 2.4445285 2.4637329 2.0302239 2.4923878 3.4317661 3.5383929 2.9696716 2.9681190 2.7474125 2.3291093 2.0330694 1.9749006 3.3140558 7.4920378 
Clacor_Ccor_C522295_01                              0.9189127 1.2778974 0.5384271 1.1197025 1.0739522 0.8635800 1.0442395 0.0000000 0.9545387 0.9373352 1.0327105 1.7241918 1.1799205 0.8873946 0.9361542 0.9970643 1.0671007 0.7401580 1.0377055 0.9851222 0.9380989 0.9661464 0.9535579 1.1545723 0.9344421 0.0000010 1.0464852 1.2056847 0.0000010 1.1683854 1.5210105 1.3185800 1.3562926 1.2192717 1.2531169 1.2312117 1.2312117 1.2381413 1.2800013 1.2442225 1.0892277 1.2053379 1.0254245 1.4524214 0.9742398 1.3605466 1.4387577 1.3747507 1.3777159 1.4825670 1.0517141 1.5133293 1.4525696 0.0000010 1.2430428 1.4309531 1.4497299 1.3543846 1.4344475 1.5856206 1.6526981 1.4843473 1.6421619 0.9168513 1.6853294 1.4950436 3.3792153 0.6190789 5.8775309 1.6729122 1.6474042 1.6474042 1.8662306 1.8766870 1.8993414 0.0000010 1.8973161 1.8979854 2.5234627 1.5864716 1.4011897 0.0000010 0.5912923 1.1251880 1.3211801 4.0745692 6.3864915 
Dgig_XM_028537460.1                                 1.3541908 1.5026313 1.1757737 1.7913981 1.7398503 1.6467783 1.9333164 0.9545387 0.0000000 0.6603704 1.4935830 0.9040426 1.7315256 1.4530273 1.4353061 1.5209090 1.4421022 1.1495400 1.4620047 1.4009570 1.1157222 1.0951820 1.1749865 1.4992356 1.1495720 1.4219884 1.1973391 1.0851747 1.0137935 1.5647726 1.4275679 1.4467701 1.3621799 1.5190297 1.5243541 1.4855026 1.5327414 1.2818329 1.5373088 1.1651974 1.5012524 1.6312195 1.0724759 1.6350610 1.5781671 2.1027523 2.2508508 2.2468273 2.2103303 2.2426482 0.9548278 2.3114304 2.1923695 1.2085065 1.9821453 2.0237189 2.3438640 1.9996245 2.2724028 2.0036992 2.1993353 2.0436742 2.3631893 1.7723068 2.5574671 2.4018637 2.4696486 1.5665844 1.7544596 2.2054726 2.0302411 2.0302411 2.2454021 2.0021779 2.0630502 2.2564338 2.1291387 3.2653705 2.8402051 3.1544680 2.6117529 2.5377659 2.2886218 1.3864714 1.1641544 2.3980506 5.7491865 
Xesp_009364-T1                                      1.4167711 1.4243544 1.3231388 1.8188307 1.7683256 1.7591690 1.9930642 0.9373352 0.6603704 0.0000000 1.5350206 0.9260548 1.6693993 1.5461844 1.5849916 1.4592383 1.4771347 1.2121286 1.5089077 1.4475008 1.2615820 1.2371103 1.3012818 1.8659425 1.3237672 1.5742321 1.3431173 1.3032671 1.2724226 1.5443626 1.5409970 1.5841262 1.4313491 1.5971179 1.6033196 1.5578951 1.6210087 1.3712865 1.6556535 1.1994996 1.4935790 1.5763727 1.0879451 1.6652606 1.6076308 2.1448106 2.5571628 2.1827558 2.2905798 2.1043897 0.8997154 2.2832604 2.4313815 1.1707346 2.1834026 2.0444006 2.3675463 2.0718824 2.1886298 2.0776574 2.1698302 2.0254182 2.3811693 1.8013495 2.7109122 2.2342687 2.7073350 1.7211340 1.9120476 2.1717353 1.9988191 1.9988191 2.2821348 2.0582610 2.0562798 2.1318277 2.0815785 3.1529466 2.8889572 3.2734427 2.9393137 2.7867860 2.4052769 1.4758744 1.1730656 2.3284810 5.5807234 
Bralan_BLAG15000054_1                               1.5871360 1.6861622 1.4015218 1.6978876 1.6469669 1.4693445 1.6898540 1.0327105 1.4935830 1.5350206 0.0000000 0.7795750 1.3798353 1.0643691 1.1434757 1.1359672 1.2293871 1.1689870 1.0857748 1.2119110 1.2951257 1.3144470 1.3014116 1.8638452 1.3464338 1.6167867 1.3653115 1.3850413 1.0796393 1.2687741 1.5296792 1.5290075 1.4998459 1.5024314 1.5308289 1.5166541 1.5532617 1.3377021 1.5059451 1.1612433 1.5416206 1.6391229 1.0314380 1.6133848 1.6707525 2.1424670 2.2580852 2.2812754 2.2667053 2.2748083 0.9816455 2.1739213 2.3287389 1.2183133 1.9929811 2.1714127 2.4008821 2.0888541 2.3974651 2.0504319 2.2846935 2.0649939 2.3324902 1.7668281 2.3977267 2.4957363 2.1673764 1.3805026 1.5917775 1.9379478 2.0887812 2.0887812 2.1028664 1.9899532 2.0053033 1.8504417 2.0014912 2.9907895 3.0461763 2.4860558 2.5827175 2.1668220 1.7546105 1.3612795 1.2804967 2.5151394 5.6551527 
Dpul_mRNA18249                                      1.9091330 1.0997715 1.5636631 2.3881793 2.2581377 0.7930700 0.9996429 1.7241918 0.9040426 0.9260548 0.7795750 0.0000000 0.0975245 0.7295237 0.6968378 0.7236244 0.7547593 0.9683947 0.7973445 0.8295049 0.8773202 0.9354044 0.8608740 0.8080053 0.9045820 0.7717728 0.9101696 0.7779256 0.7196416 0.7407425 0.9222303 0.9255210 0.8773381 0.9519161 0.9582438 0.9720222 0.9720222 0.9622144 0.8315338 0.8187170 0.9768744 1.0470962 1.0058541 0.9486500 1.0733272 1.5909367 1.6598597 1.3210402 1.3632694 1.4187426 2.3811530 1.4122311 1.4988940 1.0708093 1.3062309 1.3015455 1.2360038 1.3075201 3.1967761 1.4280340 1.4867984 1.5791328 1.6424405 1.0501229 1.5193160 3.2374466 1.4122397 0.7855852 0.9097268 0.9974962 2.5729661 2.5729661 1.3426548 1.5780461 1.6445761 1.1998832 1.2211743 1.8659606 9.0000000 4.3969868 1.3202106 0.7456861 0.7398574 4.3324501 2.2466143 1.9840349 4.0721683 
Dpul_mRNA877                                        1.7935636 1.9244882 1.5511219 2.0370199 1.9943964 1.7043624 2.1647331 1.1799205 1.7315256 1.6693993 1.3798353 0.0975245 0.0000000 1.2072498 1.2081285 1.3092459 1.4978559 1.3922941 1.4610017 1.4931024 1.4846745 1.5045480 1.5151398 1.9325511 1.5333760 1.7503854 1.5422093 1.5308842 1.3490680 1.1221093 1.6874017 1.7241139 1.7092638 1.7409204 1.7470134 1.7392049 1.7800090 1.5261103 1.7054825 1.3373572 1.7289125 1.8166335 1.3667302 1.8497955 1.8508871 2.3850110 2.4661433 2.4494115 2.4636961 2.5004400 1.1947564 2.5575047 2.5887664 1.0806061 2.1747657 2.3836043 2.4164349 2.1891972 2.5412896 2.1851620 2.3374358 2.2070802 2.4065641 1.9830338 2.7074898 2.5962212 2.8074403 1.5788742 1.8630098 1.8774160 2.2126618 2.2126618 2.3225835 2.0389933 2.0710901 2.3159635 2.3320181 3.2275658 3.0062831 3.2723317 3.2472723 2.6217558 2.6015560 1.5674086 1.7547657 3.0021935 5.8656967 
Cgig_XM_011414128.3                                 1.3983411 1.7514931 1.3983663 1.5890882 1.5575681 1.4859356 1.8737740 0.8873946 1.4530273 1.5461844 1.0643691 0.7295237 1.2072498 0.0000000 0.6426913 0.8903829 1.1312243 1.2476016 1.1366053 1.1056250 1.2644108 1.2683915 1.2795859 1.7930946 1.3472073 1.5358751 1.2694127 1.3910732 0.9171389 1.1342444 1.4716623 1.4794890 1.4171997 1.4931240 1.4972566 1.4957800 1.5425251 1.3968269 1.5396535 1.2515881 1.3690311 1.4500313 1.1456267 1.6754642 1.5148585 2.1066518 2.4446728 2.2131106 2.1650234 2.1102104 1.1105869 2.0676336 2.1189169 1.1978799 1.8528775 2.0187928 2.1907056 1.9167059 2.1083766 1.8970604 2.0237303 1.9837371 2.2337890 1.6649335 2.3389983 2.4545913 2.0182627 1.4212052 1.5712302 1.7300857 2.1294386 2.1294386 2.1049403 1.9451192 1.9343527 2.0919683 2.1278551 2.9678748 3.2753567 2.6539652 2.4671966 1.8809024 1.8882882 1.2153256 1.3307311 2.2798294 5.7276565 
Acagra_model.g14464.t1                              1.3523116 1.5198956 1.3356466 1.6334709 1.6054892 1.5483284 1.7548986 0.9361542 1.4353061 1.5849916 1.1434757 0.6968378 1.2081285 0.6426913 0.0000000 0.8601024 1.1200584 1.1573791 1.1420437 1.1182601 1.2634333 1.2753412 1.2877160 1.7353495 1.3061941 1.6894591 1.3938985 1.3667963 1.0799072 1.1195472 1.5769959 1.5370693 1.4392938 1.6044449 1.6107956 1.5878999 1.5925402 1.4015550 1.5650008 1.2326114 1.4529861 1.5347331 1.1004460 1.5568004 1.5409877 2.0767682 2.3377627 2.0624781 2.0812900 2.1799829 1.0133588 2.0539282 2.1713040 1.1437718 1.9140164 1.9570022 2.0367363 1.8884298 2.0817493 1.8649105 1.9189196 1.8836896 2.0806843 1.7539453 2.2919464 2.3393967 2.1800386 1.4439557 1.6585337 1.8444320 2.1446707 2.1446707 1.9892128 1.8658833 1.8704558 1.9702698 1.9830846 2.9926570 2.8956139 2.8819213 2.4813067 2.0527268 1.9440152 1.2676560 1.4483890 2.4834852 5.9804887 
Ctel_gnl_WGS_AMQN_CAPTEDRAFT_mRNA170843             1.6379488 1.7089611 1.5402371 1.7505317 1.7279582 1.5250343 1.7206820 0.9970643 1.5209090 1.4592383 1.1359672 0.7236244 1.3092459 0.8903829 0.8601024 0.0000000 1.1424029 1.1760071 1.1621214 1.1151204 1.2897211 1.2870045 1.3251849 1.9734762 1.3880963 1.6235812 1.3527236 1.3523949 0.6375821 1.1509381 1.4345057 1.5333498 1.3717415 1.4826691 1.4986989 1.4829563 1.5254496 1.4159697 1.4997205 1.2731780 1.4574664 1.5509773 1.2129341 1.5579519 1.5761646 2.0459748 2.2167322 2.2548628 2.2505297 2.0771078 1.1592142 2.2172845 2.0279611 1.1709066 1.8361737 1.8576291 1.9748348 1.9683907 2.3211072 1.9667793 2.0697324 1.8788736 2.0983701 1.7223122 2.3855421 2.5416716 2.2156037 1.5440336 1.6481536 1.8057333 2.2748753 2.2748753 2.2746841 2.1448062 2.1968137 1.9769252 2.1385504 2.9598650 3.5228312 2.7271541 2.5271857 1.5945162 1.5650455 1.4625000 1.3611980 2.4873827 6.0077056 
Spur_XM_030991555.1                                 1.5228797 1.5860648 1.6174211 1.7271445 1.6926722 1.4698194 1.8583994 1.0671007 1.4421022 1.4771347 1.2293871 0.7547593 1.4978559 1.1312243 1.1200584 1.1424029 0.0000000 1.1654676 1.2207937 0.9534641 1.2791450 1.3112146 1.3015373 1.9193720 1.3533005 1.7115957 1.2995155 1.3646414 1.0614681 1.4223418 1.4473751 1.4406221 1.4371359 1.5346597 1.5377720 1.5314499 1.6064772 1.4011199 1.5545874 1.1720129 1.4233415 1.5348656 1.1356783 1.5993013 1.5714179 2.2130068 2.3354563 2.2672817 2.3279444 2.3525987 1.0339457 2.2175019 2.2485646 1.1606797 1.9588476 2.0421614 2.3004536 2.0117707 2.1760855 1.9078061 2.0219159 2.1428054 2.3688067 1.6349430 2.4823714 2.4954726 2.1976614 1.5928788 1.5475206 2.0701680 2.3330469 2.3330469 2.2826201 2.0920967 2.0870009 2.0421635 2.0874794 3.1676352 3.2535386 3.0785374 2.5429027 2.0531496 1.8619900 1.2907473 1.4798330 2.4236589 6.1769325 
Tetwil_g24874.t2                                    1.0176224 1.0537494 1.0030656 1.4437554 1.3745859 1.2374501 1.4015418 0.7401580 1.1495400 1.2121286 1.1689870 0.9683947 1.3922941 1.2476016 1.1573791 1.1760071 1.1654676 0.0000000 0.9807001 1.1612922 1.0127810 1.0257542 0.9945142 1.1162787 1.0206573 1.0960487 1.0090672 0.9774388 0.3594188 1.2993264 1.1930081 1.1820880 1.2354364 1.1944667 1.2280428 1.1972779 1.1556914 1.3279125 1.1454196 1.2172235 1.1280050 1.3485345 1.0044760 1.3175467 1.0818751 1.6907905 1.9518656 1.6390104 1.6815516 1.6901505 0.9911689 1.6389089 1.6794392 1.1197608 1.4162348 1.5905679 1.4934498 1.6532999 1.8860310 1.6744795 1.6836913 1.6324626 1.8459432 1.2414817 1.9208561 1.8841202 1.5792549 1.0204713 0.9919114 1.3829064 2.1022314 2.1022314 1.9143352 2.0372179 2.0325572 1.1210411 2.0218690 1.9941836 2.4500415 3.1505902 1.9313172 0.5525237 0.4878126 1.0017999 1.1714869 2.4627739 5.0371683 
Hsap_ENST00000308736                                1.4855996 1.5407497 1.1434470 1.6913978 1.6652171 1.5473289 1.7229586 1.0377055 1.4620047 1.5089077 1.0857748 0.7973445 1.4610017 1.1366053 1.1420437 1.1621214 1.2207937 0.9807001 0.0000000 1.1680066 1.3619204 1.4265434 1.3627666 1.7617244 1.3645629 1.6889736 1.4022132 1.4246165 1.2506075 1.4150343 1.5452157 1.5564368 1.5583811 1.4577333 1.4716883 1.4633270 1.5012222 1.3469617 1.4459281 1.1076765 1.5191687 1.6061179 1.1746365 1.7298282 1.6388700 2.1427560 2.2220979 2.2311133 2.2958615 2.2322348 0.9664327 2.1175182 2.1774858 1.0977645 1.7521823 2.0205959 2.2245889 2.0208191 2.1769645 1.9600268 2.1522669 1.9454277 2.1764761 1.6912049 2.3382371 2.3162085 2.0623526 1.5185237 1.6170173 1.9684472 2.1107274 2.1107274 2.2166381 2.0498807 2.0707690 1.6419979 2.0306135 2.8870897 2.8275325 2.3932277 2.5250074 2.1010586 1.8727092 1.3244384 1.3419779 2.7454428 5.9913143 
Skow_XM_006823063.1                                 1.4901018 1.4452487 1.5174182 1.7487546 1.7204285 1.6728607 2.0000644 0.9851222 1.4009570 1.4475008 1.2119110 0.8295049 1.4931024 1.1056250 1.1182601 1.1151204 0.9534641 1.1612922 1.1680066 0.0000000 1.2697201 1.2471424 1.2861041 1.8415079 1.3988054 1.7192311 1.3017154 1.3274398 1.0001361 1.3292634 1.4879681 1.4678267 1.4287234 1.5479273 1.5792047 1.5670591 1.6603647 1.4207006 1.5909873 1.2121130 1.5861955 1.7778044 1.1877699 1.6182439 1.6499566 2.1948855 2.3866884 2.3803778 2.4113345 2.3587788 0.8806464 2.4207857 2.2917639 1.1558374 2.1184048 2.1067751 2.2786882 1.9206904 2.1673547 2.0537210 2.2364950 2.0918326 2.3450476 1.8181081 2.5586850 2.5322903 2.4379825 1.4592812 1.5941539 2.0053439 2.1841149 2.1841149 2.3173452 2.0875802 2.0902925 2.0171220 2.1184168 3.0367869 2.9298307 2.9461981 2.8093195 2.0355417 2.1370965 1.4160568 1.4244245 2.5321664 5.9907073 
Gasp_gasp1.m3.13037.m1                              1.1861642 1.3575961 1.0423362 1.6745186 1.6320402 1.4227378 1.8261161 0.9380989 1.1157222 1.2615820 1.2951257 0.8773202 1.4846745 1.2644108 1.2634333 1.2897211 1.2791450 1.0127810 1.3619204 1.2697201 0.0000000 0.2089686 0.3152667 0.6699550 0.4645508 0.5469185 0.8276938 0.7453370 1.1656429 1.4595536 1.3518728 1.3112424 1.2541634 1.4427066 1.4718126 1.4242793 1.4633448 1.2358864 1.4754053 1.1296675 1.4895065 1.5609932 0.9880547 1.4013977 1.4661958 1.9906450 2.1609567 2.2190735 2.2501194 2.1426798 0.7755969 2.0376515 2.2234715 1.0570342 1.7805819 1.9376777 2.1653910 1.8717116 2.0765871 1.8339256 1.9190971 1.9571574 2.2522124 1.7298302 2.4135510 2.2023817 2.4761110 1.5343019 1.6999853 2.1121143 2.2023671 2.2023671 2.1261080 1.9581011 2.0339253 1.9533338 2.1890228 3.2079309 2.7393718 2.5022884 2.9263061 2.1706948 2.0964134 1.2718419 1.2238345 2.4125476 5.6046188 
Fspp_ffun1.m4.23209.m1                              1.1959760 1.3575138 1.0087468 1.6611086 1.6130892 1.4779688 1.8641183 0.9661464 1.0951820 1.2371103 1.3144470 0.9354044 1.5045480 1.2683915 1.2753412 1.2870045 1.3112146 1.0257542 1.4265434 1.2471424 0.2089686 0.0000000 0.3123062 0.6570887 0.4603708 0.5055468 0.8553735 0.7961603 1.1453916 1.4358182 1.3935306 1.3205290 1.2949507 1.5258330 1.5483796 1.5176171 1.5917381 1.2748607 1.5117000 1.1266379 1.4593130 1.5300583 0.9920948 1.4605412 1.4946659 2.0059176 2.3496713 2.1890561 2.2042947 2.1517951 0.8469801 2.0485991 2.2028607 1.1256800 1.8234783 1.9708904 2.2791288 1.8620417 2.1499671 1.8565148 1.9305688 1.9332999 2.2761211 1.7416243 2.4509721 2.2512012 2.5261021 1.4596366 1.7987026 2.0590581 2.1078453 2.1078453 2.1909745 2.0213893 2.0677549 2.0116057 2.2010297 3.1275851 2.9314356 3.1349130 2.8368413 2.2917827 2.1116552 1.2569026 1.2071569 2.2679291 5.5847579 
Pocdam_XM_027196601.1                               1.2635808 1.4168604 1.0431886 1.7080296 1.6599583 1.4341791 1.8285393 0.9535579 1.1749865 1.3012818 1.3014116 0.8608740 1.5151398 1.2795859 1.2877160 1.3251849 1.3015373 0.9945142 1.3627666 1.2861041 0.3152667 0.3123062 0.0000000 0.6922527 0.4823628 0.5848803 0.8751526 0.8503092 1.0714167 1.4965629 1.3741369 1.2870410 1.2854448 1.4862044 1.5171512 1.4824782 1.5009318 1.2962448 1.4925865 1.1531291 1.4584150 1.5236165 1.0183366 1.3796967 1.5121436 2.0114229 2.1712723 2.2682073 2.2516155 2.2180724 0.8591936 2.0436307 2.2384336 1.1745976 1.9028150 2.0342697 2.2326271 1.8308236 2.0748628 1.8987978 2.0133472 1.9479906 2.2555225 1.6970604 2.3864123 2.2104762 2.5564076 1.4694213 1.6869258 1.9934292 2.2219187 2.2219187 2.1061348 1.9229975 1.9846721 1.8914519 2.1542149 3.1065106 2.4901397 2.6390005 2.7722591 2.0239456 1.9062620 1.3318220 1.2269873 2.5216320 5.4870362 
Amil_Amillepora12458-RA                             2.0898654 1.3511924 1.5595027 5.6712802 3.6873021 1.4948770 2.0895411 1.1545723 1.4992356 1.8659425 1.8638452 0.8080053 1.9325511 1.7930946 1.7353495 1.9734762 1.9193720 1.1162787 1.7617244 1.8415079 0.6699550 0.6570887 0.6922527 0.0000000 0.0465358 0.5413441 1.3589744 1.2152348 1.1251274 1.7417721 1.7434149 1.7805044 1.8331148 2.1372739 2.2052451 2.1379671 2.1302593 1.8889288 2.0864706 1.3613004 2.0305662 2.4401329 1.1436113 1.8654159 2.0756694 2.7429147 2.5203102 2.7763272 2.7876569 2.9258435 3.2813750 2.5690162 2.8122351 1.1181650 2.3982069 2.4885712 3.2580269 2.4325133 5.1161983 1.8780475 2.1377145 2.1678756 2.9688667 2.4159822 3.2169759 3.5375192 2.5439864 1.7639726 1.7610769 2.6425267 8.9999982 8.9999982 2.5445210 2.5988781 2.7521316 1.9801142 2.4894191 4.5299624 2.5765895 4.0992314 2.6924194 2.3163578 2.2646859 5.0148758 6.2698689 8.9999989 5.7238907 
Adig_XM_015908942.1                                 1.3049572 1.4600141 1.0646656 1.6846061 1.6457346 1.4599758 1.8029100 0.9344421 1.1495720 1.3237672 1.3464338 0.9045820 1.5333760 1.3472073 1.3061941 1.3880963 1.3533005 1.0206573 1.3645629 1.3988054 0.4645508 0.4603708 0.4823628 0.0465358 0.0000000 0.5529224 0.9342536 0.8276288 1.1895911 1.4445112 1.2968958 1.3011578 1.3495754 1.5341756 1.5712439 1.5063011 1.5389737 1.3147796 1.5319303 1.1560904 1.5406983 1.7059562 1.0201263 1.4161611 1.5924730 2.0788350 2.4560322 2.2181310 2.1852588 2.1284883 0.8675904 2.0790697 2.1995324 1.1043608 1.8646864 1.9801711 2.3844763 1.9600618 2.0503487 1.8058489 1.9415415 1.8716851 2.2431202 1.8329924 2.5289874 2.2811332 2.5005591 1.5245457 1.7302703 2.1868745 2.2827482 2.2827482 2.1512875 2.0419725 2.1224698 1.9149652 2.1991884 3.2506011 3.0077954 2.8146915 2.6176217 2.2997460 2.1996905 1.3752015 1.2050548 2.0455823 5.4597916 
Gfas_gfas1.m1.881.m1                                2.5462686 1.7620888 2.2238916 0.0000010 2.9343182 1.3923303 2.1114667 0.0000010 1.4219884 1.5742321 1.6167867 0.7717728 1.7503854 1.5358751 1.6894591 1.6235812 1.7115957 1.0960487 1.6889736 1.7192311 0.5469185 0.5055468 0.5848803 0.5413441 0.5529224 0.0000000 1.2756179 1.1611179 1.1234739 1.5242723 1.6845513 1.7199704 1.7788357 1.7710745 1.8678493 1.8031849 1.7934608 1.7079109 1.7653286 1.0963679 1.9171242 2.2741993 0.8938158 1.8209701 1.9478407 2.2843034 2.2843034 2.7645793 2.7289181 2.8652396 0.0000010 2.6051882 2.8611580 1.0243011 2.4498761 2.4521783 2.9532518 2.0749676 5.7899193 1.5544987 1.9204586 2.0679879 2.6218133 2.1073478 2.8419137 2.6978678 2.2088384 1.6273349 1.6100805 2.4699521 9.0000000 9.0000000 2.0957469 1.9303884 2.0968279 1.7987317 2.2170395 4.4490602 0.0000010 4.3072790 2.8778928 2.0789338 2.1369911 5.2594443 0.0000010 0.0000010 5.5492763 
Exapal_XM_021039251.2                               1.2186699 1.3326978 1.0331345 1.6800983 1.6351856 1.4729501 1.8732733 1.0464852 1.1973391 1.3431173 1.3653115 0.9101696 1.5422093 1.2694127 1.3938985 1.3527236 1.2995155 1.0090672 1.4022132 1.3017154 0.8276938 0.8553735 0.8751526 1.3589744 0.9342536 1.2756179 0.0000000 0.7060091 1.0841250 1.4928675 1.3205785 1.3129437 1.1469835 1.5444377 1.5645096 1.5567393 1.5749307 1.3432755 1.4984321 1.1575554 1.5633482 1.6266430 1.0180279 1.3652896 1.4433434 2.0859811 2.1176301 2.2335514 2.3246071 2.1400862 0.8116527 2.0913715 2.2044163 0.9590260 1.9168916 2.0287667 2.2207147 1.9601208 2.1972588 1.8374721 1.9532724 1.8811596 2.1725918 1.6915979 2.4485648 2.4541302 2.5330626 1.4059529 1.7011494 1.9828945 2.0848492 2.0848492 2.0618061 1.9695865 2.0184493 1.9339798 2.0401686 3.0235251 2.9950204 2.8362271 2.4914077 2.3227580 1.9644066 1.2226783 1.1565886 2.4398546 5.4488263 
Nvec_v1g189778                                      1.2827633 1.3772830 0.9060849 1.7481293 1.7018801 1.4785923 1.8748814 1.2056847 1.0851747 1.3032671 1.3850413 0.7779256 1.5308842 1.3910732 1.3667963 1.3523949 1.3646414 0.9774388 1.4246165 1.3274398 0.7453370 0.7961603 0.8503092 1.2152348 0.8276288 1.1611179 0.7060091 0.0000000 1.0328745 1.5005713 1.3781413 1.2911349 1.1855262 1.5077241 1.5069780 1.4976277 1.5500644 1.3313953 1.5126367 1.1501307 1.5296794 1.6020805 0.9940925 1.3776251 1.5128840 2.0461279 2.1032946 2.2522205 2.3754540 2.0798233 0.8914480 2.1162485 2.1561967 1.0041515 1.7833197 1.9596246 2.1625940 1.9028937 2.0266965 1.8775458 2.0147082 1.8660332 2.2598346 1.6656816 2.3201145 2.3119822 2.3801942 1.4049576 1.5640282 1.9998075 2.2011476 2.2011476 2.2143192 1.9732138 2.0423498 1.8508664 2.0923524 2.9605272 3.0294360 2.6267254 2.5288279 2.1470060 1.9058758 1.2760788 1.1089909 2.1396822 5.6928593 
Spolac_c92176_g3_i1_m.7570c54816-g1                 0.0000010 0.0000010 0.0000010 0.0000010 0.0000010 0.9690157 1.1672517 0.0000010 1.0137935 1.2724226 1.0796393 0.7196416 1.3490680 0.9171389 1.0799072 0.6375821 1.0614681 0.3594188 1.2506075 1.0001361 1.1656429 1.1453916 1.0714167 1.1251274 1.1895911 1.1234739 1.0841250 1.0328745 0.0000000 0.9786366 1.2120202 1.1595635 1.0263967 1.6467821 1.6590838 1.6872330 1.6872330 1.4072363 1.7143449 0.7560045 1.1297265 1.2180796 0.5181936 1.1224175 1.1546538 1.7990529 1.7990529 1.4769382 1.5254743 1.7242473 0.0000010 1.5748922 1.9400115 1.2041260 1.3905097 1.6143576 1.7430964 1.2329024 7.6396549 1.2888327 1.7114979 1.3355837 1.6752918 1.3276793 1.6470577 5.2546446 1.3184883 1.2643498 1.1505783 1.2803362 9.0000000 9.0000000 1.3518579 0.6539031 0.9259849 1.3547612 1.3486723 3.2891701 0.0000010 0.0000010 1.5385209 1.1930765 1.1871118 7.0151642 0.0000010 0.0000010 4.8928453 
Tcas_TC015731_001                                   1.4300591 1.5537292 1.5010244 1.6573848 1.6722421 1.6904270 2.0338239 1.1683854 1.5647726 1.5443626 1.2687741 0.7407425 1.1221093 1.1342444 1.1195472 1.1509381 1.4223418 1.2993264 1.4150343 1.3292634 1.4595536 1.4358182 1.4965629 1.7417721 1.4445112 1.5242723 1.4928675 1.5005713 0.9786366 0.0000000 1.6772019 1.6939287 1.5680333 1.6592782 1.6819161 1.6355899 1.6848980 1.4321735 1.6018890 1.3053938 1.5377009 1.6051686 1.2651546 1.7781974 1.7054764 1.9842325 2.0599376 2.1882379 2.0409631 2.1494675 1.2091761 2.1921254 2.3137413 1.2326412 1.7201219 2.0815109 2.3452098 1.9914405 2.3693908 1.9809104 2.0983782 2.1671949 2.2220478 1.9132121 2.4951632 2.6097141 2.4925028 1.4252529 1.6761981 1.8038859 2.4768132 2.4768132 2.2910685 2.0135556 2.0153877 2.2359254 2.2474493 2.9193487 3.0431461 2.4082980 2.4701930 2.4181182 2.3445856 1.6419939 1.4459445 2.5686478 5.9188652 
Nemnom_g11823.t1                                    1.5994634 1.6501121 1.2661835 2.0216154 2.0006496 1.7393321 2.1702012 1.5210105 1.4275679 1.5409970 1.5296792 0.9222303 1.6874017 1.4716623 1.5769959 1.4345057 1.4473751 1.1930081 1.5452157 1.4879681 1.3518728 1.3935306 1.3741369 1.7434149 1.2968958 1.6845513 1.3205785 1.3781413 1.2120202 1.6772019 0.0000000 0.3026301 0.7075991 1.5232452 1.5440292 1.5667815 1.5682635 1.4378753 1.5639857 1.2066874 1.4922934 1.6075839 1.2024665 1.0522236 1.8024993 2.4198494 2.3709483 2.6943102 2.8153836 2.5657434 1.0756600 2.5973108 2.4826127 1.1682825 2.0464984 2.2959890 2.3316324 2.1731492 2.5404265 2.1032133 2.2305254 1.9382258 2.3707297 1.9933394 2.5368955 2.5360384 2.3551187 1.6272976 1.6212238 2.3739856 2.3781448 2.3781448 2.3032306 2.2202227 2.2655249 1.9046967 2.3007877 3.3647920 3.7247178 2.9263690 3.0205889 2.5241321 2.2658702 1.5462336 1.2019777 2.9456120 5.8974667 
Rhoesc_Res_006553-T1                                1.5476831 1.5386003 1.1211373 2.0216634 1.9487490 1.7595622 2.1625646 1.3185800 1.4467701 1.5841262 1.5290075 0.9255210 1.7241139 1.4794890 1.5370693 1.5333498 1.4406221 1.1820880 1.5564368 1.4678267 1.3112424 1.3205290 1.2870410 1.7805044 1.3011578 1.7199704 1.3129437 1.2911349 1.1595635 1.6939287 0.3026301 0.0000000 0.7146383 1.5267481 1.5340479 1.5292066 1.5448086 1.3683080 1.5598161 1.1316931 1.5623718 1.6979960 1.2106701 1.0019242 1.8215269 2.3439670 2.3364563 2.7657232 2.8856392 2.4786886 1.1190489 2.4844758 2.5538818 1.2423420 2.1937105 2.2011977 2.4761971 2.0881516 2.5750680 2.0329753 2.1935327 2.0545037 2.4241665 1.9095587 2.6424014 2.6551086 2.5490850 1.5895889 1.5805474 2.3664691 2.4887716 2.4887716 2.2939432 2.1530499 2.1726640 2.0849585 2.3446249 3.4854800 3.4300225 2.8328684 2.9307274 2.7240201 2.3404371 1.5311534 1.1220671 2.9945825 5.8158197 
Aaur_scaffold3.g7.t1                                1.4806872 1.4874983 1.2170280 2.1032397 2.0345070 1.7547106 2.1026615 1.3562926 1.3621799 1.4313491 1.4998459 0.8773381 1.7092638 1.4171997 1.4392938 1.3717415 1.4371359 1.2354364 1.5583811 1.4287234 1.2541634 1.2949507 1.2854448 1.8331148 1.3495754 1.7788357 1.1469835 1.1855262 1.0263967 1.5680333 0.7075991 0.7146383 0.0000000 1.4961997 1.4939517 1.5176701 1.5542568 1.3408186 1.4525596 1.1590426 1.4866504 1.5714625 1.1402159 0.8927659 1.7180678 2.3276587 2.2854371 2.5608641 2.5815198 2.3830575 1.0775938 2.2902498 2.5116350 1.1853646 2.1186470 2.0871359 2.3595148 2.0652320 2.5372759 2.0089371 2.1766416 2.0367743 2.2637591 1.8991854 2.6149859 2.4969841 2.4687025 1.4706998 1.5231200 2.1311690 2.3837874 2.3837874 2.2697991 2.1565120 2.2170222 1.9774563 2.3255778 3.2497148 3.1744889 2.7015522 2.7730281 2.3259345 2.3058112 1.4704440 1.0635854 2.7925542 5.1537731 
HoiH23_PlH23_004543-RA                              1.5477439 1.7121760 1.2663438 1.9149095 1.8481254 1.6902874 2.1555068 1.2192717 1.5190297 1.5971179 1.5024314 0.9519161 1.7409204 1.4931240 1.6044449 1.4826691 1.5346597 1.1944667 1.4577333 1.5479273 1.4427066 1.5258330 1.4862044 2.1372739 1.5341756 1.7710745 1.5444377 1.5077241 1.6467821 1.6592782 1.5232452 1.5267481 1.4961997 0.0000000 0.0526237 0.1020931 0.1050445 0.1456805 0.3021323 0.1974303 1.5953929 1.6956233 1.2418476 1.7768426 1.6840511 2.1899026 2.4841089 2.3222933 2.2441618 2.2248092 1.0098758 2.3092073 2.3169946 1.1845883 2.0184072 2.1585857 2.5289638 2.0008586 2.2619039 1.9814484 2.2227896 2.1562305 2.4993757 1.8109371 2.4411472 2.4594233 2.5869214 1.7309794 1.7966512 2.0693026 2.4907531 2.4907531 2.3606004 2.2101647 2.2203240 2.0495311 2.1826413 3.4463850 3.2205364 3.0135986 2.7491503 2.4231643 2.4023047 1.4136478 1.4449823 2.5582819 6.1373182 
HoiH06_mRNA535                                      1.5430618 1.6979487 1.2345896 1.8873628 1.8226914 1.6779317 2.1878897 1.2531169 1.5243541 1.6033196 1.5308289 0.9582438 1.7470134 1.4972566 1.6107956 1.4986989 1.5377720 1.2280428 1.4716883 1.5792047 1.4718126 1.5483796 1.5171512 2.2052451 1.5712439 1.8678493 1.5645096 1.5069780 1.6590838 1.6819161 1.5440292 1.5340479 1.4939517 0.0526237 0.0000000 0.1049089 0.1069470 0.1339743 0.3022242 0.1988017 1.6266050 1.7245028 1.2280634 1.7907872 1.7034382 2.1975521 2.4671116 2.3165624 2.2670349 2.2583920 1.0098758 2.3324862 2.3156271 1.1678246 2.0491873 2.1598349 2.5082955 2.0063763 2.2365036 1.9665916 2.2275155 2.1568250 2.4969314 1.8193291 2.4861559 2.4541037 2.5994380 1.7793312 1.8509580 2.0978471 2.4689837 2.4689837 2.4187089 2.2283420 2.2354916 2.1024026 2.2268221 3.5041170 3.2701325 3.0146223 2.7956007 2.5721617 2.4224709 1.4252528 1.4406117 2.5576780 6.2478132 
Hhon_g06755.t1                                      1.5461169 1.7611921 1.3363129 1.8096243 1.7509442 1.6886901 2.1560978 1.2312117 1.4855026 1.5578951 1.5166541 0.9720222 1.7392049 1.4957800 1.5878999 1.4829563 1.5314499 1.1972779 1.4633270 1.5670591 1.4242793 1.5176171 1.4824782 2.1379671 1.5063011 1.8031849 1.5567393 1.4976277 1.6872330 1.6355899 1.5667815 1.5292066 1.5176701 0.1020931 0.1049089 0.0000000 0.0021828 0.1562075 0.3153456 0.2074140 1.5654748 1.6761403 1.1978800 1.7683005 1.6850801 2.2030079 2.5236594 2.3531177 2.2447801 2.2123657 0.9991276 2.3244126 2.3533399 1.1702824 2.1246818 2.1745610 2.5912350 2.0001997 2.2053664 1.9473051 2.1618883 2.1664690 2.4883126 1.7847998 2.5105165 2.4165821 2.7661014 1.6764433 1.7846210 2.0873545 2.3777114 2.3777114 2.3279992 2.1202940 2.1145574 2.0783199 2.1750922 3.4177253 2.9493059 2.8291219 2.7764543 2.6553625 2.4660707 1.3882310 1.4280129 2.4418450 6.2486807 
HoiH04_mRNA13361                                    1.5157876 1.6308119 1.3363129 1.6379545 1.5769950 1.6278939 2.1121615 1.2312117 1.5327414 1.6210087 1.5532617 0.9720222 1.7800090 1.5425251 1.5925402 1.5254496 1.6064772 1.1556914 1.5012222 1.6603647 1.4633448 1.5917381 1.5009318 2.1302593 1.5389737 1.7934608 1.5749307 1.5500644 1.6872330 1.6848980 1.5682635 1.5448086 1.5542568 0.1050445 0.1069470 0.0021828 0.0000000 0.1593095 0.3378816 0.2134638 1.6377316 1.7648294 1.2081242 1.8164683 1.7544212 2.2136254 2.5236594 2.4151123 2.2655158 2.2578575 0.9991276 2.3495342 2.4210264 1.1702824 2.1131727 2.2078842 2.6252661 2.0102621 2.2219009 1.9582952 2.1752262 2.0972495 2.5663654 1.8125330 2.6039159 2.4803806 2.7411002 1.6836686 1.7576632 2.1134407 2.5467914 2.5467914 2.3031735 2.0706571 2.0544303 2.0868827 2.2239542 3.5728621 2.3292425 2.8291219 2.7806719 2.6514001 2.4578851 1.3169905 1.2602402 2.8858661 5.9955347 
HoiH11_mRNA3453                                     1.5357482 1.7642479 1.3269115 1.8628504 1.7995064 1.7094649 1.9369410 1.2381413 1.2818329 1.3712865 1.3377021 0.9622144 1.5261103 1.3968269 1.4015550 1.4159697 1.4011199 1.3279125 1.3469617 1.4207006 1.2358864 1.2748607 1.2962448 1.8889288 1.3147796 1.7079109 1.3432755 1.3313953 1.4072363 1.4321735 1.4378753 1.3683080 1.3408186 0.1456805 0.1339743 0.1562075 0.1593095 0.0000000 0.2462655 0.2136465 1.3736084 1.4583274 1.2864020 1.5624032 1.5257690 2.1213709 2.5227506 2.0617283 1.9737133 2.0177599 1.0215882 2.1011861 2.0155235 1.2973219 1.8018177 1.9259185 2.2189108 2.0125754 2.1934663 1.9460322 2.1260007 2.0975868 2.4127051 1.6698692 2.3617455 2.4089179 2.3909517 1.4391992 1.4425630 1.8797801 2.4669252 2.4669252 2.3112746 2.3118725 2.3668260 1.7683005 2.1579754 3.1397323 3.1916739 3.1861781 2.2866310 1.7234670 2.0062162 1.3542084 1.4484478 2.4737723 7.3957754 
TrH2_TrispH2_001678-RA                              1.6206431 1.7565044 1.2623588 1.9023503 1.8405868 1.7009843 2.1193559 1.2800013 1.5373088 1.6556535 1.5059451 0.8315338 1.7054825 1.5396535 1.5650008 1.4997205 1.5545874 1.1454196 1.4459281 1.5909873 1.4754053 1.5117000 1.4925865 2.0864706 1.5319303 1.7653286 1.4984321 1.5126367 1.7143449 1.6018890 1.5639857 1.5598161 1.4525596 0.3021323 0.3022242 0.3153456 0.3378816 0.2462655 0.0000000 0.0274757 1.5678379 1.6871016 1.2251012 1.7222428 1.6283368 2.1894651 2.4038170 2.3718948 2.3047927 2.2188995 1.0614927 2.3128095 2.3156708 1.1165931 2.0083541 2.1416062 2.4695021 1.9054182 2.2903531 2.0088956 2.2650601 2.1027095 2.4619039 1.7990936 2.4904800 2.5036163 2.6270725 1.7047526 1.7540258 2.0807275 2.6373431 2.6373431 2.3436133 2.2120300 2.2438549 2.0362084 2.2447809 3.4325025 3.2460926 2.9087637 2.6903922 2.6054370 2.3446449 1.4073982 1.5066644 2.5669018 6.0554844 
Tadh_TriadT24488                                    1.5930828 1.7523032 1.2569526 1.8806395 1.8200302 1.5498326 1.6741048 1.2442225 1.1651974 1.1994996 1.1612433 0.8187170 1.3373572 1.2515881 1.2326114 1.2731780 1.1720129 1.2172235 1.1076765 1.2121130 1.1296675 1.1266379 1.1531291 1.3613004 1.1560904 1.0963679 1.1575554 1.1501307 0.7560045 1.3053938 1.2066874 1.1316931 1.1590426 0.1974303 0.1988017 0.2074140 0.2134638 0.2136465 0.0274757 0.0000000 1.1751510 1.2369523 1.2038551 1.2994046 1.2610205 1.9307790 1.9441118 1.9098994 1.8984697 1.8388998 1.0614927 1.9031912 1.8196756 0.9356473 1.3485068 1.6867434 1.9441943 1.7425988 2.1451053 1.9312810 2.0453473 2.0733097 2.1710136 1.4025164 2.0755148 2.4941723 1.6728513 1.0592848 0.9663128 1.6596014 2.6373431 2.6373431 2.2042600 2.2699769 2.2625814 1.1201709 2.0844755 2.5226820 3.2460926 2.9641414 1.6962224 0.9157212 0.7622169 1.3015613 1.4799532 2.5430452 6.2899411 
Opea_EP00118_Oscarella_pearsei_P007631              1.4815315 1.4561763 1.3498480 1.7204111 1.7205798 1.5690749 1.8559951 1.0892277 1.5012524 1.4935790 1.5416206 0.9768744 1.7289125 1.3690311 1.4529861 1.4574664 1.4233415 1.1280050 1.5191687 1.5861955 1.4895065 1.4593130 1.4584150 2.0305662 1.5406983 1.9171242 1.5633482 1.5296794 1.1297265 1.5377009 1.4922934 1.5623718 1.4866504 1.5953929 1.6266050 1.5654748 1.6377316 1.3736084 1.5678379 1.1751510 0.0000000 0.0091538 0.8407017 1.7322550 1.5962695 2.4046009 2.6481353 2.2809413 2.4427248 2.4025767 1.2049107 2.3313393 2.3317961 1.2900829 2.1601012 2.2616499 2.5071578 2.0568119 2.4641009 2.0602262 2.2108674 2.0883772 2.1454899 1.8183798 2.4492458 2.2434637 2.4061850 1.6599014 1.7541137 2.1896379 2.3845356 2.3845356 2.1818691 2.1029532 2.1361364 1.7275832 2.0409074 2.9809855 3.1901924 2.7115374 2.3453195 1.9977929 1.7716718 1.4166424 1.5118844 2.6535566 5.7397277 
Ocar_g7594                                          1.5122303 1.7507537 1.4731153 1.6941024 1.6956356 1.6320696 1.9859770 1.2053379 1.6312195 1.5763727 1.6391229 1.0470962 1.8166335 1.4500313 1.5347331 1.5509773 1.5348656 1.3485345 1.6061179 1.7778044 1.5609932 1.5300583 1.5236165 2.4401329 1.7059562 2.2741993 1.6266430 1.6020805 1.2180796 1.6051686 1.6075839 1.6979960 1.5714625 1.6956233 1.7245028 1.6761403 1.7648294 1.4583274 1.6871016 1.2369523 0.0091538 0.0000000 0.8275351 1.6815703 1.7205457 2.4407793 2.8073525 2.3093833 2.4674724 2.4826399 1.2303103 2.3970058 2.4530605 1.2478049 2.3398381 2.2024962 2.5768347 2.0728604 2.4202010 2.1089430 2.3305845 2.2075150 2.2946245 1.9556233 2.5292976 2.1886762 2.6122965 1.8877276 2.0584594 2.4222723 2.4623269 2.4623269 2.3853893 2.3907296 2.4400637 1.9347930 2.3037914 3.4234485 3.5504248 2.9150646 2.5878175 1.9893134 1.8843670 1.4064738 1.5023633 2.4721342 6.0507915 
Plajan_Pjan_C572196_01                              1.3061811 1.5350953 1.3309649 1.6905986 1.6948800 1.4173950 1.4616210 1.0254245 1.0724759 1.0879451 1.0314380 1.0058541 1.3667302 1.1456267 1.1004460 1.2129341 1.1356783 1.0044760 1.1746365 1.1877699 0.9880547 0.9920948 1.0183366 1.1436113 1.0201263 0.8938158 1.0180279 0.9940925 0.5181936 1.2651546 1.2024665 1.2106701 1.1402159 1.2418476 1.2280634 1.1978800 1.2081242 1.2864020 1.2251012 1.2038551 0.8407017 0.8275351 0.0000000 1.2494009 1.1571621 2.0075942 1.9727983 1.8987729 1.9690203 1.8528219 1.1477834 1.9129495 1.7453108 1.0514303 1.3525349 1.9584930 1.8009221 1.8205962 2.0404106 1.9732360 2.0565895 2.0678601 1.8815171 1.3602842 2.0563807 2.1729019 1.5186230 0.9905637 0.9498192 1.6632253 2.4576065 2.4576065 1.9464919 2.1102167 2.1242359 1.0220237 1.8575666 2.2432320 3.3882820 2.5751284 1.5382693 0.4863747 0.5285206 1.1455570 1.3732819 2.2750246 6.2077484 
