139
Emue_Em0014g564a.t1                                    0.0000000 0.1750601 0.1864617 0.1869158 0.2537041 0.6364142 0.6369528 0.6413074 0.2574708 0.8183510 0.9107507 1.2188239 1.0619669 1.0361642 1.2311823 0.9591297 1.3487113 1.9272699 2.0456677 1.5376943 1.4482427 1.4590101 1.3593279 1.6578674 1.6974953 1.7833029 1.2425466 1.6940839 2.3600057 1.5986518 1.4525071 1.5298524 1.5343040 1.4845378 1.4527120 1.3228066 1.5665747 1.5754642 1.6874414 1.4002895 1.3333240 1.3880006 1.6851186 1.6732924 1.5101615 1.5208170 1.4672624 1.5436883 1.4627110 1.4438556 1.5074638 1.3336005 1.6675234 2.3481307 1.8102572 1.4730107 2.0772127 2.3601626 2.4935239 2.3988597 2.2265991 1.8657642 1.9868841 1.7454142 1.9926988 1.8842934 2.6686706 1.9473796 1.9688246 1.6323967 1.9602868 2.0285344 2.1205482 2.4330764 1.9433198 2.9576799 1.7458787 1.6235780 1.6159042 1.7422904 1.5543786 1.6878403 1.6878403 1.6776842 1.3561142 1.5660262 1.8476425 1.7875408 1.9297108 1.7237090 1.7126576 2.0754117 1.7543567 1.9433373 2.0155548 1.8273553 1.9279935 1.8404286 1.8835809 1.7988917 1.6712661 1.9591070 2.3226367 1.5720715 2.0117174 2.1334617 1.8743522 2.3886386 2.5434148 2.5878531 2.3883217 1.9527347 2.3082952 2.2684253 2.0686939 2.2291823 1.7037062 2.1249384 2.0830177 3.3609834 2.2506900 2.2020886 1.8145514 1.8169919 2.3971698 2.6758827 2.5832247 1.8809893 2.4136934 2.1139564 2.0446147 2.0446147 2.1972376 2.7102999 3.1204884 3.7623396 3.1555394 2.9380504 2.6467397 
Spolac_c99900_g3_i1_m.20896c99900-g3                   0.1750601 0.0000000 0.0112780 0.2943662 0.1799218 0.7015621 0.6848480 0.6953694 0.1401644 0.8595136 0.9508525 1.0258293 0.9894879 0.9956210 1.2337035 0.9642708 1.4125640 1.9349035 2.0907503 1.6487708 1.5134640 1.5247936 1.4530087 1.8105029 1.7860275 1.8881993 1.3665837 1.7865935 2.3760125 1.5922052 1.4463881 1.5880312 1.5482593 1.5055687 1.4822076 1.3443808 1.5772877 1.6102602 1.7344033 1.4263794 1.3605048 1.4453967 1.7238109 1.7496087 1.4954341 1.4690870 1.4244904 1.5488165 1.4742008 1.5072710 1.5985136 1.4243845 1.6916643 2.3997992 1.7524112 1.4630915 2.1630339 2.3516744 2.5622869 2.4844975 2.3415980 1.9598559 2.1797750 1.8253051 2.1325648 1.9952540 3.0103428 2.0907672 2.1320167 1.7658385 2.0798383 2.0258918 2.0972574 2.5269160 1.9803085 3.1970258 1.7330100 1.7510128 1.7576257 1.8952377 1.7036672 1.8498253 1.8498253 1.8273673 1.4241096 1.5419430 1.8362424 1.7380141 1.8368556 1.7128714 1.7281264 2.0680036 1.9400331 2.0377318 2.1639042 1.6875025 1.8954267 1.8911376 1.8988936 1.8423979 1.6601121 1.8988282 2.2852621 1.6048995 2.0431265 2.1497984 1.8212247 2.3142958 2.4493111 2.3362381 2.1938867 1.9547050 2.5049689 2.2029315 2.1413206 2.2383616 1.7433051 2.2168516 2.0576950 3.5343190 2.2964855 2.2008143 1.8248115 1.8647092 2.3728997 2.7354237 2.7102276 1.9745096 2.4182811 2.1430277 2.1648602 2.1648602 2.3602270 2.7034461 3.2423936 3.9109427 3.2166476 2.6773532 2.6557685 
Spolac_c99900_g3_i4_m.20900c99900-g3                   0.1864617 0.0112780 0.0000000 0.3018291 0.1859708 0.7150397 0.7154437 0.7086371 0.1455531 0.8780419 0.9740626 1.0258293 1.0079923 1.0080979 1.2710584 0.9890721 1.4409532 1.9349035 2.1194365 1.6487708 1.5412311 1.5247936 1.4592342 1.8105029 1.8328428 1.8687495 1.3665837 1.7892172 2.3722457 1.5922052 1.4463881 1.6063059 1.5482593 1.5055687 1.4822076 1.3443808 1.5772877 1.6102602 1.7198140 1.4196507 1.3875092 1.4735049 1.7238109 1.8039358 1.5139640 1.4975250 1.4526949 1.5637817 1.4742008 1.5414046 1.6277823 1.4615339 1.6916643 2.3997992 1.7974404 1.4630915 2.2116023 2.3960179 2.5546534 2.4970343 2.3645124 1.9884678 2.2051863 1.8479410 2.1840552 2.0289531 3.0103428 2.0907672 2.1630706 1.7860449 2.0798383 2.0488097 2.0972574 2.5269160 1.9803085 3.1970258 1.8097241 1.7510128 1.7576257 1.9371045 1.7527528 1.8829222 1.8829222 1.8613192 1.4659458 1.5795011 1.8768296 1.7380141 1.8734515 1.7128714 1.7545950 2.1099724 1.9400331 2.0377318 2.1639042 1.6875025 1.8954267 1.9212190 1.9141289 1.8911551 1.6698786 1.9165248 2.4101456 1.6314051 2.0812370 2.1900845 1.8658321 2.5149283 2.4418737 2.3807593 2.1868649 1.9880096 2.5452786 2.2487552 2.1459379 2.3108901 1.8354745 2.2168516 2.0576950 3.5343190 2.2964855 2.2412449 1.8201555 1.8958611 2.3643016 2.7727021 2.7158165 2.0681860 2.4914093 2.2046534 2.2147084 2.2147084 2.4257031 2.7034461 3.2075425 4.0042883 3.3400963 2.6773532 2.7047844 
Emue_Em0014g563a.t1                                    0.1869158 0.2943662 0.3018291 0.0000000 0.1657745 0.7314237 0.8184199 0.7238251 0.3943792 0.4622091 0.9514508 1.0454470 1.0373962 1.0336974 1.2407275 0.9616322 1.3297058 1.9409941 2.0229343 1.6076342 1.4871988 1.4582784 1.4118862 1.7487529 1.6905066 1.8507487 1.3639921 1.6433115 2.5603235 1.5008804 1.3764066 1.4666785 1.4759558 1.4465634 1.4172048 1.3094523 1.5069090 1.5863844 1.6381778 1.4654298 1.3325998 1.3966259 1.7013152 1.6548323 1.4619302 1.4069166 1.3938946 1.4508782 1.4000370 1.4803044 1.4648123 1.2363100 1.6625989 2.3033907 1.7880304 1.5289143 2.1677222 2.1645783 2.3794033 2.3049195 2.0723447 1.8536434 1.9355176 1.6985558 2.0460806 1.8441347 3.1412164 2.0979323 2.0008100 1.7752045 2.0169468 1.9827553 2.1191727 2.3676512 1.9286308 3.0472737 1.7899181 1.6670678 1.6670435 1.7147582 1.6118669 1.8013245 1.8013245 1.8061083 1.3454203 1.5101895 1.8664618 1.7993995 2.0418198 1.6746649 1.7341235 2.1354941 1.8900171 1.8988379 1.9326857 1.8295727 1.8562105 1.9303194 1.9931013 1.8431078 1.7303491 1.8643168 2.2177022 1.5654664 2.1652938 2.2507852 1.9048104 2.3429956 2.5120628 2.4028765 2.3406205 2.0629459 2.3515411 2.3056902 2.2184224 2.2603965 1.8620522 2.2559424 2.0728892 3.0445194 2.1692797 2.0823285 1.8289460 1.8320204 2.4121814 2.6890554 2.6594139 1.8334730 2.4847130 2.0578767 2.1685973 2.1685973 2.3672307 2.7590054 3.0920468 3.4495498 3.2338755 2.8113535 2.8382253 
Spolac_c99900_g3_i3_m.20898c99900-g3                   0.2537041 0.1799218 0.1859708 0.1657745 0.0000000 0.7333324 0.7359781 0.7128867 0.2564811 0.6583164 0.9545659 1.0246348 1.0034403 1.0785800 1.2709455 1.0118135 1.4236560 2.0705258 2.1047196 1.7123616 1.5943413 1.5449606 1.4803005 1.8418434 1.8354650 2.0224993 1.4210254 1.7082518 2.5727730 1.6750597 1.5476997 1.6208831 1.6264286 1.5465951 1.5462333 1.4190394 1.6960897 1.7212210 1.7943544 1.5423160 1.4869901 1.5504479 1.8622819 1.8077396 1.6406921 1.4980020 1.4655335 1.5690444 1.5742528 1.4798545 1.6029878 1.5022827 1.7237114 2.3298967 1.8263327 1.5613140 2.2805474 2.4303754 2.5690847 2.4257687 2.2325600 2.0146787 2.0355784 1.7782714 2.1167252 1.9770056 3.1243730 2.1327241 2.1914045 1.8743637 2.0975851 2.0390829 2.2319258 2.4315135 2.0640299 3.1513922 1.7897532 1.8173502 1.8151529 1.9297863 1.7279211 1.9253999 1.9253999 1.9265051 1.4735273 1.5733519 1.9080669 1.8375138 1.9845703 1.8130034 1.8520191 2.2483213 2.2188373 2.0069579 2.1508226 1.8590298 1.9025691 1.9679799 2.0114121 1.8300844 1.7523616 2.0589669 2.5758854 1.6793544 2.1360770 2.2022402 1.8159615 2.6638320 2.4546532 2.3796667 2.3052345 2.0813039 2.3670656 2.3438350 2.2759097 2.3422385 1.8566320 2.2181746 2.0038277 3.1051905 2.1483073 2.1814077 1.8908830 1.9279842 2.4918587 2.8539509 2.8195361 1.8229814 2.6648245 2.1856857 2.1545479 2.1545479 2.3336365 2.7336375 2.9886631 3.6369889 3.0956017 2.7378659 2.7363354 
Emue_Em0014g565a.t1                                    0.6364142 0.7015621 0.7150397 0.7314237 0.7333324 0.0000000 0.0994726 0.0900830 0.4502698 1.4524895 0.9578024 1.3269902 1.0067492 1.0638656 1.0892074 0.8890922 1.3107364 1.8080514 2.1356918 1.2943023 1.3221960 1.3315080 1.2196923 1.4587284 1.4244992 1.5380360 1.2248262 1.7574844 2.4026484 1.6792485 1.5488383 1.6485852 1.6666922 1.6010397 1.5043798 1.3888670 1.6006801 1.6791324 1.8380267 1.6156969 1.4774910 1.5668222 1.8860502 1.8624170 1.5912267 1.5132682 1.4990431 1.6991504 1.5152995 1.6141677 1.6771842 1.4465363 1.8739044 2.7131428 1.9178536 1.5392466 1.8582856 2.0735617 2.3907225 2.2471716 2.2282310 1.7988752 2.0167673 1.8407362 1.9138972 1.7223844 2.3913299 1.8247250 2.0228893 1.8095465 1.9772305 2.0596772 2.0913623 2.2496110 1.8766189 2.6662855 1.7469748 1.4984153 1.4874708 1.5560582 1.4375025 1.5233612 1.5233612 1.5563749 1.6703386 1.6736982 1.9385390 1.6351777 1.9009052 1.7685823 1.7618056 2.0955835 1.5334452 1.9467079 2.0737161 1.6140379 1.7371049 1.8856015 1.9068462 1.8150742 1.7518832 2.1814827 2.4508108 1.5347383 2.1291746 2.2845573 1.9576220 2.0700232 2.5943552 2.4297823 2.4249186 2.0757550 2.1376016 2.2905957 2.2665724 2.3571528 1.7376753 2.1243778 2.3601098 3.6179624 2.6506330 2.2147374 1.8460825 1.8922368 2.5539634 2.6996257 2.8536249 1.8064372 2.6429522 2.2039604 2.1019900 2.1019900 2.4446865 2.9749929 3.0973385 4.3912012 2.8727695 2.8718568 2.5370224 
Spolac_c99900_g3_i5_m.20901c99900-g3                   0.6369528 0.6848480 0.7154437 0.8184199 0.7359781 0.0994726 0.0000000 0.0343437 0.1412443 1.2789800 1.2921644 1.4348981 1.5016114 1.4150580 1.0931437 0.8589984 1.7377053 2.1667976 3.0740158 6.8823154 1.6500683 1.6587641 1.4267426 1.8663698 1.5975852 1.9133893 1.5133917 2.0129731 2.5717575 1.8779396 1.7756883 1.7994893 1.8750250 1.8897370 1.6006784 1.2255395 1.7901802 1.7572873 2.3163203 2.3345101 1.8050756 1.8452698 4.5436937 2.7852776 1.8648919 1.6716081 1.6186571 2.0005374 1.5159315 2.3456992 2.1965118 1.4813740 2.5752697 8.9999989 1.5268350 1.5477836 1.9874856 2.1814139 2.6702416 2.9548342 2.1125645 1.7129449 1.9874168 1.9765014 1.8621552 1.7904538 6.5825086 1.3766089 1.6451654 2.0635169 1.7617288 1.6852897 1.5070828 1.8693660 1.6941979 9.0000000 1.7660256 1.4007941 1.3669336 1.5170455 1.2282280 1.4727740 1.4727740 1.5460292 1.9739025 1.4831713 1.7616764 1.5053963 1.6080299 2.6038832 2.1126133 2.5321952 1.3562043 1.4937391 1.4449188 1.5628418 1.5256499 1.6456756 1.6262789 2.1191586 1.9292286 3.1942938 2.4052702 1.5539868 2.0061815 2.0348530 2.3263379 1.8350928 2.3185920 2.1430179 2.0347301 1.9233615 2.4087062 2.4511989 2.0998682 1.9914656 1.7117322 2.3951471 2.1029728 2.5672330 2.6411989 2.0490404 2.8745706 2.2969195 2.8745706 2.6667611 3.4766628 2.2438562 2.7889586 2.7876801 2.6170240 2.6170240 2.6170240 0.0000010 3.1335131 5.2830849 1.0906833 2.0735245 2.7964356 
Spolac_c99900_g3_i6_m.20902c99900-g3                   0.6413074 0.6953694 0.7086371 0.7238251 0.7128867 0.0900830 0.0343437 0.0000000 0.4084736 1.4082934 0.9113791 1.3213956 0.9567102 1.0290268 1.0997311 0.8082853 1.3459925 1.7870536 2.2249951 1.2382569 1.2949965 1.2919551 1.1820408 1.3885827 1.3760068 1.4593777 1.2186121 1.6765844 2.3443080 1.6366467 1.5084163 1.6334026 1.6861992 1.5627933 1.4733259 1.3657010 1.5816012 1.6252294 1.8152364 1.5909331 1.4725508 1.5399983 1.8116597 1.8062894 1.5700449 1.5192763 1.4907763 1.6240384 1.5537477 1.5509647 1.6244892 1.4971392 1.7617076 2.4793529 1.8146098 1.5218602 1.8439799 2.0434378 2.3351602 2.2417526 2.1410650 1.7779639 1.9994246 1.7939737 1.8182720 1.6327227 2.4980728 1.8760143 2.0613105 1.7666453 1.9395195 2.0070957 2.0362138 2.1867820 1.8369693 2.5392191 1.7690697 1.4695918 1.4589058 1.5232429 1.4036869 1.5405042 1.5405042 1.5741101 1.6152277 1.6008550 1.8444467 1.5284777 1.9155884 1.7342497 1.6944389 2.0929532 1.4935718 1.8862741 2.0168098 1.5627220 1.6597671 1.9854243 2.0180742 1.8480858 1.6633523 2.1151352 2.4339958 1.4496445 2.0409436 2.2195319 1.8961048 1.9656286 2.5215806 2.4051664 2.3686796 2.0504036 2.1224712 2.2153069 2.2809531 2.3112463 1.7488784 2.1697949 2.2992259 3.6212881 2.5731748 2.0858847 1.8378474 1.8976598 2.5174092 2.6089011 2.8116460 1.6381707 2.6828135 2.1616873 2.0456761 2.0456761 2.3731441 2.9914569 2.9866520 4.1624060 2.6842304 2.9619155 2.5776442 
Spolac_c99900_g3_i2_m.20897c99900-g3                   0.2574708 0.1401644 0.1455531 0.3943792 0.2564811 0.4502698 0.1412443 0.4084736 0.0000000 1.0068586 0.9791297 1.2212091 1.0924109 1.0990540 1.1740752 0.9552944 1.4414696 1.9291998 2.2346108 1.6147651 1.5128363 1.5139598 1.4086715 1.8105029 1.7488267 1.8670999 1.3797103 1.8247544 2.4407414 1.6658345 1.5318522 1.6137929 1.6293044 1.5314160 1.4867708 1.3440285 1.6285408 1.5988263 1.7883259 1.4770109 1.3716817 1.4580645 1.8292531 1.7950729 1.5761958 1.4427237 1.3834803 1.6146767 1.4334265 1.4997505 1.6426527 1.3160905 1.7450557 2.4741662 1.7706785 1.4630915 2.1319891 2.2458441 2.5952160 2.4415697 2.3416126 1.9771246 2.2076702 1.8170095 2.0755812 1.9417022 2.9843711 2.0653000 2.1448464 1.7380842 2.0150750 1.9885125 2.0620009 2.4541337 1.9780745 3.1549810 1.6925814 1.7882297 1.7464103 1.8186324 1.7109903 1.7189159 1.7189159 1.7560844 1.5414986 1.6452992 1.8903558 1.7303199 1.8400950 1.8858880 1.6902569 2.1531087 1.7260637 2.0100882 2.1639042 1.7575614 1.8909204 2.0093732 2.0377360 1.8831383 1.6328174 2.0205812 2.3144671 1.6231389 2.0884766 2.1899555 1.8880689 2.0040699 2.4736346 2.4279288 2.2733614 1.9537186 2.3646353 2.3350931 2.1154535 2.2781611 1.7774565 2.2168516 2.1196335 3.7539159 2.3750251 2.1763432 1.8366545 1.9113896 2.3918671 2.9338855 2.9921196 2.0045498 2.3757996 2.3415225 2.0509597 2.0509597 2.2149090 2.7034461 3.2799545 4.0633585 3.2166476 2.8749739 2.5758650 
Emue_Em0614g1a.t1                                      0.8183510 0.8595136 0.8780419 0.4622091 0.6583164 1.4524895 1.2789800 1.4082934 1.0068586 0.0000000 1.6910863 1.5146784 1.7964338 1.8271056 1.9558387 1.7567193 2.0121216 2.2350502 3.3147584 2.4561116 2.3779155 2.3728500 2.1945714 2.6981866 2.5380603 3.0431605 2.0600829 2.7228524 3.9346282 2.2252166 2.2060665 2.4081017 2.2490327 2.3723352 2.3141058 2.0688326 2.3614712 2.4425312 2.5173423 2.3201727 2.3356105 2.4150827 3.4205053 2.5979630 2.1442986 2.3117922 2.3167289 2.3839058 1.7407317 2.4201109 2.3614376 1.7184467 2.4883221 2.6995384 2.7361557 2.3635491 3.2226511 3.3539683 3.4532297 3.2346873 2.5640813 2.7834991 2.6188355 2.2022060 2.9529654 2.6924519 4.6181700 3.0061475 2.7381494 2.6117261 2.9902079 2.8108450 3.1808453 3.3096641 3.1742055 4.1680500 2.5365677 2.4484262 2.4278974 2.6305214 2.3140732 2.6802385 2.6802385 2.6942123 2.1152920 2.4191320 2.5345926 2.6481281 2.7531049 2.1627311 2.5167176 3.3368746 3.0865304 2.9397806 2.9226741 2.9168057 3.1711982 3.0418951 3.1061303 3.0166126 2.8325952 3.0705754 3.1828983 2.4257900 3.5268223 3.7002072 3.0003003 3.6643188 3.7267739 3.6108862 3.5652509 3.1057794 3.7631137 3.4546256 3.1960989 3.4552798 2.6062411 3.4661776 3.0102128 4.2967058 3.3403982 3.1276930 2.4291604 2.7063832 2.5905294 3.6523366 3.3980851 3.0596362 3.6375303 2.7604732 2.5136657 2.5136657 2.6357523 6.1907929 4.5928218 4.9231763 4.3076259 3.8027217 4.3694164 
Aque_Aqu2.1.41413_001                                  0.9107507 0.9508525 0.9740626 0.9514508 0.9545659 0.9578024 1.2921644 0.9113791 0.9791297 1.6910863 0.0000000 0.4687357 0.3964042 0.5542942 1.1268222 0.9638711 1.3398671 1.5761371 1.8035630 1.5861558 1.6294628 1.6272822 1.5398688 1.6474789 1.6997475 1.7697075 1.3628693 1.6104174 1.8864866 1.4908708 1.3898106 1.4958232 1.4098734 1.4546973 1.4306600 1.3737051 1.4617285 1.5096327 1.6572863 1.4681247 1.3192491 1.4169317 1.3927258 1.4658780 1.4661720 1.3792311 1.3516829 1.4790349 1.3969822 1.4080569 1.4233114 1.4241891 1.4055801 2.1127605 1.7865178 1.5239609 1.5349037 1.6994492 1.9685534 1.9760891 1.8346865 1.6061171 1.6527909 1.5968092 1.6575156 1.7570850 2.4723032 1.6937374 1.9750728 1.6302724 1.7438969 1.8037832 1.7820592 1.9510289 1.8050586 2.2674480 1.6991365 1.6862825 1.6589373 1.7080408 1.6081489 1.7627949 1.7627949 1.7520991 1.2891969 1.5475900 1.7304449 1.3778596 1.7988192 1.6803233 1.5674955 1.8868364 2.0970495 2.0919012 2.1848652 1.8276135 1.8692666 1.6796010 1.6663401 1.5461988 1.4942681 1.9290151 2.6828668 1.5867315 1.9682991 2.1938774 1.5654916 1.7602685 1.9411915 1.9290802 1.7826890 1.5783325 2.1332412 2.1072534 2.3294717 2.3077727 1.6706499 1.9092104 1.8720968 3.1603305 1.9878951 1.7790873 1.6609504 1.4979410 2.2383519 2.5247802 2.7018402 1.5147300 2.5717002 1.7859616 2.0864180 2.0864180 2.2978403 1.8045702 2.6782688 3.2145022 2.4071296 2.3682865 2.6270831 
Halamb_c22222_g1_i1m.4006                              1.2188239 1.0258293 1.0258293 1.0454470 1.0246348 1.3269902 1.4348981 1.3213956 1.2212091 1.5146784 0.4687357 0.0000000 0.3091505 0.4064415 1.2148426 1.1333522 1.5868207 1.7414442 2.3029392 2.7812850 1.9790150 1.9790150 1.6860467 1.7395137 1.9680662 2.3389487 1.3637702 1.8077375 1.9809068 1.6057919 1.5111658 1.5631551 1.4292551 1.5054121 1.4414179 1.2650193 1.5286634 1.6676189 1.7538317 1.5840671 1.6273571 1.6696372 2.6486208 1.8672472 1.5566325 1.4860706 1.4831809 1.2874188 1.3985541 1.8439223 1.7923699 1.7220403 1.6686824 1.6851845 1.4596188 1.4273404 1.9452232 2.0573321 2.4807389 2.5799666 1.7207943 1.5401798 1.7355362 1.6919376 1.8925894 1.9126229 8.8304075 1.4168347 1.8092817 1.7764093 1.7306040 1.8309466 1.5289283 2.0427483 1.8986329 7.4797347 1.7340871 1.7393368 1.7147322 1.8783434 1.6095605 1.7851680 1.7851680 1.7935934 1.4214253 1.4004298 1.6539310 1.4003506 1.4624333 1.9022229 1.7628888 1.8621151 2.2280787 2.0092499 2.1459367 1.9265788 1.8499290 2.0290609 1.9746894 1.7371545 1.3924062 1.9648988 2.6469368 1.7578685 2.0760438 2.2685474 2.0154492 1.8148375 1.9139252 1.7068654 1.6774281 1.6433896 2.2706567 2.1030895 2.5248754 2.2259336 2.3663964 2.5219037 1.6941626 2.4833171 2.0618080 2.0040112 2.0477046 1.5600080 2.0477046 2.2349471 2.5394736 1.7942717 3.1371154 2.2025004 2.1665668 2.1665668 2.1665668 0.0000010 2.7799780 4.0383511 1.4956369 1.6598117 2.9668545 
Halamb_c43068_g1_i1m.15686                             1.0619669 0.9894879 1.0079923 1.0373962 1.0034403 1.0067492 1.5016114 0.9567102 1.0924109 1.7964338 0.3964042 0.3091505 0.0000000 0.5532142 1.4251147 1.1039332 1.4425624 1.8526659 2.1474302 1.4490589 1.6554758 1.6114302 1.5101400 1.8815129 1.6669885 1.9552831 1.4853552 1.7236188 2.1775099 1.7556222 1.6161593 1.6628375 1.6573148 1.7120542 1.6916609 1.5553881 1.6628631 1.7848766 1.7475628 1.5869431 1.4434425 1.5357697 1.7501835 1.7164893 1.6095357 1.4933867 1.4977337 1.5842292 1.4981456 1.6921443 1.6355894 1.6621332 1.8004900 2.6519986 2.0845990 1.5491366 1.9409870 2.1644989 2.4055214 2.3304741 2.0437662 1.6187772 1.8676081 1.5865146 1.9943199 1.8933279 2.7647004 1.8868676 2.1627339 1.8528358 1.9831751 2.0153049 1.9130987 2.1137422 1.8190068 2.4233186 1.9891482 1.9266549 1.8730792 1.9955067 1.7921176 1.9508308 1.9508308 1.9718106 1.4910992 1.7720188 1.9457220 1.5110265 1.9335988 1.5847027 1.7843207 2.1026341 2.0508123 2.3118602 2.3050298 1.6602080 1.8266754 2.0561425 2.0513217 1.7042722 1.5001483 2.0718036 2.5216829 1.4999630 2.2194258 2.3480476 1.7518215 2.0486121 2.0902445 2.1619335 2.0892324 1.7922727 1.9109975 2.1436888 2.7639943 2.7577064 1.9359436 2.3082504 2.0671722 3.6876362 2.3251651 2.0336765 1.8291194 1.6614859 2.5385843 2.7583047 2.8083662 1.5854160 2.9025116 2.0425829 2.0733467 2.0733467 2.3145892 2.4216495 3.1230544 3.7026281 2.7854077 3.0114819 3.1787232 
Xestes_maker-XT_scaffold1463-augustus-gene-0.25-mRNA-1 1.0361642 0.9956210 1.0080979 1.0336974 1.0785800 1.0638656 1.4150580 1.0290268 1.0990540 1.8271056 0.5542942 0.4064415 0.5532142 0.0000000 1.1028646 0.8186942 1.3095238 1.5614909 1.8176146 1.3716763 1.4935831 1.5061469 1.4063241 1.5048894 1.5875850 1.6919122 1.2896028 1.6680748 2.1827109 1.5103616 1.5247997 1.5165211 1.5185917 1.5078874 1.5061455 1.4352219 1.5152380 1.6332956 1.7054772 1.5347926 1.4286489 1.4979103 1.7259199 1.6398412 1.5839229 1.5822717 1.5905608 1.4773484 1.5786845 1.5772843 1.6510175 1.5945899 1.7257150 2.7078338 1.9265876 1.6396496 1.9668972 2.1314779 2.3322963 2.2858499 1.8074009 1.7366866 1.9180477 1.5925426 1.7427017 1.7685184 2.9171975 1.9281624 2.0152112 1.8042353 1.8105860 2.0492035 1.9597770 2.1425249 1.8093150 2.1323113 1.7994838 1.8053891 1.7776076 1.9203940 1.6564779 1.9389608 1.9389608 1.9172059 1.3708970 1.5985387 1.9717518 1.5137986 1.9564725 1.6769194 1.6517547 1.8018871 2.3419195 2.1253117 2.1215709 1.6103621 1.8417323 1.9165168 1.9140042 1.8213087 1.7512292 1.8378519 2.7287401 1.6116702 2.1161847 2.3244133 1.8647828 2.0640194 2.2276036 2.3368707 2.0109472 1.8386610 2.1251627 2.1224782 2.2688415 2.5018208 1.7624070 2.0258611 2.0220812 3.1440587 2.1657709 2.0177925 1.7134449 1.5353787 2.2477349 2.4367549 2.5803995 1.8411196 2.5709566 1.8055058 1.9818953 1.9818953 2.1508734 2.4531906 2.8633410 3.6239332 2.7453597 2.6855143 3.0279523 
Tetwil_g20689.t1                                       1.2311823 1.2337035 1.2710584 1.2407275 1.2709455 1.0892074 1.0931437 1.0997311 1.1740752 1.9558387 1.1268222 1.2148426 1.4251147 1.1028646 0.0000000 0.8991054 1.2225806 1.5575177 2.0083978 1.6367333 1.5376107 1.5290543 1.3918659 1.4380866 1.6038130 1.6650958 1.1029715 1.7090311 2.3629506 1.4972376 1.4560905 1.5155631 1.4121671 1.4546230 1.3914701 1.4454150 1.4362221 1.4940104 1.7470730 1.4786886 1.3682598 1.3991556 1.8294240 1.7142564 1.5577917 1.4914772 1.5094611 1.5054466 1.0096968 1.7068414 1.5974899 1.1514602 1.5938902 2.3408716 1.5419347 1.6728830 1.8557986 1.8762932 2.4625783 2.2503205 2.0791974 2.0495644 2.0733535 1.6631268 1.9386992 1.8977903 2.7104115 1.8206206 2.0852048 1.6205774 2.0760730 2.2377352 2.2494963 2.4437202 2.1770937 2.6748568 1.7142387 1.7708333 1.7361981 1.7574972 1.6496060 1.8086108 1.8086108 1.8056698 1.6123680 1.5994920 1.9094986 1.6697667 1.9430454 1.5715817 1.5278891 1.7076021 1.8101531 2.1379434 2.4553989 2.0284667 2.1613008 2.4241925 2.5214170 1.6559685 2.0868578 1.8364182 2.5626956 1.7448836 2.1617414 2.2874199 2.0101304 1.8014748 2.3082216 2.4068714 2.2008681 1.6985236 2.1869754 2.2274104 2.4921798 2.3735515 1.8868461 2.5190529 2.0871937 2.9107024 2.2573692 2.1172496 1.9047477 1.7920860 2.3393875 2.7912313 2.8558760 1.8719181 2.6437005 2.1059496 2.0563429 2.0563429 2.2542820 3.6470907 2.9393783 4.2359310 3.2206254 3.0328757 3.5341855 
Stycar_maker-SC_scaffold49-augustus-gene-0.16-mRNA-1   0.9591297 0.9642708 0.9890721 0.9616322 1.0118135 0.8890922 0.8589984 0.8082853 0.9552944 1.7567193 0.9638711 1.1333522 1.1039332 0.8186942 0.8991054 0.0000000 1.0779143 1.4730221 1.8390351 1.3907434 1.4409310 1.4408854 1.3451314 1.5864019 1.5793243 1.5872803 1.4215813 1.6326993 2.4002307 1.4959643 1.4682073 1.4463478 1.4715675 1.5454875 1.4625999 1.4760693 1.5099884 1.6805479 1.5881185 1.5011865 1.3858238 1.3774239 1.6157024 1.7715854 1.5929229 1.5540021 1.5118156 1.4516604 1.6413122 1.5492589 1.6444166 1.5997738 1.7119677 2.3686086 1.7324665 1.4632886 1.8464722 2.0711621 2.2815568 2.2242941 2.1060184 1.7488175 1.8801758 1.6850316 1.9224235 1.8779922 2.6430444 1.9278234 2.0008389 1.6541476 2.0428005 2.2499791 2.3457767 2.3447970 1.9244240 2.2782278 2.0763721 1.6108120 1.6053442 1.6746478 1.5503747 1.6790593 1.6790593 1.6657068 1.4875025 1.5818791 1.8811439 1.5554041 1.8672982 1.6121657 1.5889475 1.6048158 2.1140922 2.1319890 2.1098738 1.6604126 1.7153566 2.1332982 2.1845222 1.8182868 1.6951250 1.9393591 2.7014023 1.6080139 2.2151562 2.3732023 1.7985623 1.8382085 2.5567147 2.6829683 2.3925021 1.8305477 2.1724937 2.0859079 2.0145124 2.0039846 1.9888961 2.5052650 2.0318752 3.3957155 2.1932483 1.9420570 1.5285207 1.5426812 2.2907013 2.6308452 2.7058467 1.5492874 2.5179688 1.9195665 2.0716201 2.0716201 2.3543883 2.5832092 2.9461011 3.5643304 2.6595664 3.0819941 2.8484307 
Plespi_Pspi_C602092_01                                 1.3487113 1.4125640 1.4409532 1.3297058 1.4236560 1.3107364 1.7377053 1.3459925 1.4414696 2.0121216 1.3398671 1.5868207 1.4425624 1.3095238 1.2225806 1.0779143 0.0000000 1.1822130 1.4246629 1.1171297 1.0399966 1.0493865 0.9794374 1.0215116 1.2068619 1.2835370 1.0652401 1.1380357 1.4483371 1.0383611 1.0640787 1.1028405 1.1353386 1.0415841 0.9849333 1.0005525 1.0326549 1.1024881 1.2618748 1.1020598 1.0385707 1.0543051 1.3877350 1.3074028 1.1728738 1.1464122 1.1292792 1.2032114 1.0491227 1.1434097 1.1033568 1.1587079 1.2476584 1.8338697 1.2770093 1.2314519 1.3462296 1.4155524 1.6023915 1.6799751 1.3195967 1.2651783 1.4583645 1.2974458 1.4273550 1.3942741 2.0446515 1.1921568 1.4221638 1.1987881 1.5680147 1.5250378 1.6840063 1.6882758 1.5108609 2.4760947 1.5974059 1.2543900 1.2658844 1.2349568 1.1199590 1.3381617 1.3381617 1.3229821 1.2045240 1.2223265 1.2450505 1.1599511 1.4378924 1.4805063 1.6058537 1.2743966 2.0066934 1.8186058 1.6735209 1.7369015 1.7609612 1.9243254 1.9311876 1.7232875 1.4568033 1.5973134 2.2534997 1.7336436 1.6460428 1.7952840 1.4541981 1.9656508 1.7799060 1.7062195 1.7049515 1.4803603 2.0196377 2.0423147 1.8124999 1.9138911 1.6374322 1.6047688 1.9260176 3.1883014 2.0397310 1.7803938 1.7184472 1.6914269 2.1995557 1.9076695 2.0524835 1.1209680 2.5626152 1.9219798 1.7783490 1.7783490 1.7555166 2.0532729 2.3140920 2.9877808 2.2037020 2.7012487 3.0245373 
Lcom_lcpid209707                                       1.9272699 1.9349035 1.9349035 1.9409941 2.0705258 1.8080514 2.1667976 1.7870536 1.9291998 2.2350502 1.5761371 1.7414442 1.8526659 1.5614909 1.5575177 1.4730221 1.1822130 0.0000000 0.5314691 2.0624000 1.3539784 1.3539784 1.3539784 1.4843197 1.5846909 1.6872740 1.4326310 1.1682200 1.4298662 1.1523074 1.0589497 1.2235195 1.2180800 1.1327199 1.0682424 1.0782293 1.1264312 1.1080064 1.3366977 1.2329764 1.2322007 1.1974805 1.2751764 1.5732144 1.2235682 1.2038212 1.0920132 1.1226497 1.2484797 1.2087391 1.1586821 1.1777589 1.2301452 1.6781036 1.0888483 0.9604040 1.3107623 1.2741232 1.5982653 1.4693121 1.5618305 1.2537285 1.2058757 1.1935912 1.6461985 1.4896394 4.5669537 1.4410397 1.3900513 1.3813382 1.3216609 1.4125935 1.2732713 1.9673355 1.5652234 4.5895402 1.1529912 1.5463518 1.6080552 1.4821453 1.4821453 1.5590315 1.5590315 1.5590315 1.4163201 1.0834748 1.4389325 1.3966033 1.4915909 1.5659036 1.4970267 1.4430310 2.1797191 2.0169353 2.3696483 2.0373322 1.8543997 1.9491672 1.9084272 1.8290202 1.5719026 1.5894028 2.0446139 1.6356243 1.7905436 2.0293510 1.3975081 1.6859927 2.2704006 2.2220305 2.1477706 1.7420126 2.0022157 2.0166413 1.8116109 1.8225767 2.0170949 1.8764804 1.8413894 4.3490537 2.2397079 1.7461159 1.4398495 1.2729156 1.4398495 1.5655601 1.2830608 1.2881062 2.1574725 2.0528041 1.7821465 1.7821465 1.7821465 0.0000010 2.1245791 4.2841449 0.9619672 1.6229358 2.6488677 
Acagra_model.g5137.t1                                  2.0456677 2.0907503 2.1194365 2.0229343 2.1047196 2.1356918 3.0740158 2.2249951 2.2346108 3.3147584 1.8035630 2.3029392 2.1474302 1.8176146 2.0083978 1.8390351 1.4246629 0.5314691 0.0000000 1.7216566 1.5321306 1.5173158 1.5304683 1.6431847 1.8199468 1.7731423 1.6890853 1.4677758 1.9214652 1.2223840 1.2475551 1.1971083 1.3149944 1.2029949 1.2574314 1.2591982 1.3231999 1.2508976 1.3185557 1.5439761 1.2679209 1.3309328 1.5470569 1.4742822 1.4104085 1.4436028 1.3812953 1.5919482 1.4084737 1.4705059 1.3973113 1.3233805 1.3537893 2.1049806 1.6813927 1.3529950 1.6127141 1.6313734 1.7357083 1.6641533 1.9623212 1.6631677 1.7344167 1.5787937 1.8069669 1.7269033 2.0694845 1.5384937 1.4975257 1.6786544 1.8087646 1.7208666 2.0403895 2.0782532 1.7988301 2.3991747 1.7002179 1.7461129 1.7527491 1.6486279 1.6513395 1.6973367 1.6973367 1.6755481 1.5666357 1.0844194 1.2914109 1.5972503 1.7567497 1.8349134 1.6934572 1.6488310 2.8039560 2.3556579 2.4387677 1.7019360 2.1979248 2.4700177 2.4052931 2.2114748 1.7853790 1.7462788 3.1975304 1.9493953 2.2539478 2.3819161 1.8504533 2.5706928 2.6763721 2.2905428 2.3962499 1.7147733 2.0781638 2.2453909 2.0076239 2.2374771 1.8566068 1.7692451 2.3619639 3.7815907 2.3345156 2.2926792 2.0297465 1.8956051 2.4688947 2.2249208 2.2659640 1.6394102 2.9638009 2.1804569 2.2863143 2.2863143 2.4745495 1.0889169 2.0888161 2.8295110 2.5369848 3.2236546 3.7164741 
Lcom_lcpid114879                                       1.5376943 1.6487708 1.6487708 1.6076342 1.7123616 1.2943023 6.8823154 1.2382569 1.6147651 2.4561116 1.5861558 2.7812850 1.4490589 1.3716763 1.6367333 1.3907434 1.1171297 2.0624000 1.7216566 0.0000000 0.0455974 0.0455974 0.0321884 0.3942589 0.4647837 0.5716470 0.8644590 1.3946869 1.8306971 1.1998130 1.1721174 1.3814512 1.3514576 1.2499558 1.2776965 1.2713137 1.2604149 1.3387897 1.3500606 1.0583379 1.0023168 1.1562324 1.1350034 1.1016821 1.1716596 1.0766401 1.1135839 1.1389554 1.6910620 1.1086027 1.1563544 5.2692844 1.2070023 1.8330108 1.8069428 1.3796966 1.3984130 1.4965522 1.5354852 1.5103031 1.4163775 1.4175096 1.6394553 1.5781053 1.3969552 1.4375869 1.8045539 1.6579504 1.6711223 1.4596709 1.6922187 1.7070713 1.6669892 2.1427866 1.7277804 2.0862521 3.1280382 1.1215517 1.1348819 1.1273337 1.0784277 1.1715643 1.1715643 1.1655862 1.3211118 1.5219022 1.5624015 1.2703590 1.8034326 1.3885480 1.4263978 1.8911531 2.4620876 1.9566216 1.6553205 1.8584612 1.6335124 2.3284763 2.2815503 1.8825745 1.4917764 1.7710391 7.4024700 1.5271503 1.8349105 2.0013132 1.8399381 4.9032772 2.5465029 2.4811896 2.0822260 1.8322476 2.3443575 1.9857627 2.1230207 1.9142668 1.4019654 1.5966796 1.9807626 8.9999987 1.9613254 1.9018996 1.7644017 1.7993372 2.5019899 2.3387939 2.1291253 1.3244077 2.7309310 2.1636099 1.8644688 1.8644688 2.3132753 1.7384591 2.2245321 2.1312412 2.3230682 7.0137173 2.5772723 
Lcom_lcpid65361                                        1.4482427 1.5134640 1.5412311 1.4871988 1.5943413 1.3221960 1.6500683 1.2949965 1.5128363 2.3779155 1.6294628 1.9790150 1.6554758 1.4935831 1.5376107 1.4409310 1.0399966 1.3539784 1.5321306 0.0455974 0.0000000 0.0037997 0.0263790 0.3645602 0.4188347 0.5512074 0.7402106 1.2117212 1.7751249 1.0207688 0.9854928 1.1290696 1.0844943 1.0219775 0.9734818 0.9032406 1.0119194 1.0851067 1.3197412 1.0178373 0.9326486 0.9883857 1.4282283 1.2156230 1.0720940 1.0350907 1.0304602 1.1529315 0.7784139 1.1745049 1.0913486 1.0512918 1.1689948 1.9809364 1.3071705 1.2295633 1.3946450 1.4986526 1.6706250 1.7635970 1.3473286 1.2532436 1.4134327 1.2989725 1.3868332 1.3423125 1.9067876 1.2412874 1.4300694 1.4076979 1.3890135 1.4010706 1.4478880 1.8148943 1.4204775 2.2942225 1.1544406 0.9001732 0.9376232 1.0294618 0.8733842 1.0427545 1.0427545 1.0217987 1.2652965 1.2055990 1.4412996 1.2451086 1.5381435 1.4620953 1.5670137 1.5653395 1.6504576 1.5619362 1.5903159 1.5886416 1.5277345 1.8628072 1.7915804 1.9547820 1.4375659 1.7604134 2.1287238 1.3979509 1.6129943 1.7842672 1.6368563 2.2058962 2.1335271 2.0652700 1.8697843 1.7372727 2.0950687 2.0577280 1.8730225 1.7811459 1.5888762 1.5902021 1.9232467 3.2778692 1.9422909 1.8587014 1.8310716 1.8534245 2.4319133 2.2093534 2.2404376 1.3406763 2.5152868 2.0703834 1.8502152 1.8502152 2.0675162 1.7384591 2.2918606 2.8025943 2.1849284 2.7774729 3.3031584 
Lcom_lcpid92930                                        1.4590101 1.5247936 1.5247936 1.4582784 1.5449606 1.3315080 1.6587641 1.2919551 1.5139598 2.3728500 1.6272822 1.9790150 1.6114302 1.5061469 1.5290543 1.4408854 1.0493865 1.3539784 1.5173158 0.0455974 0.0037997 0.0000000 0.0127496 0.3645602 0.4050075 0.5111731 0.7402106 1.2027493 1.7153122 1.0207688 0.9854928 1.1404026 1.0844943 1.0219775 0.9734818 0.9032406 1.0119194 1.0851067 1.2538863 0.9532726 0.9389477 0.9953635 1.4282283 1.2210961 1.0356682 1.0262356 1.0381066 1.1452091 0.7784139 1.1663345 1.0349420 1.0740073 1.1689948 1.9809364 1.2958483 1.2295633 1.3768646 1.4943727 1.6343908 1.7499771 1.3496860 1.2091012 1.4156875 1.2896881 1.3744497 1.3288290 1.9067876 1.2412874 1.4210703 1.3795267 1.3890135 1.4157134 1.4478880 1.8148943 1.4204775 2.2942225 1.2328379 0.9001732 0.9376232 1.0235122 0.8893550 1.0305996 1.0305996 1.0290717 1.2296033 1.1654449 1.4164184 1.2451086 1.5593124 1.4620953 1.5303433 1.5472954 1.6504576 1.5619362 1.5903159 1.5886416 1.5277345 1.8215991 1.7910123 1.9549092 1.4174699 1.7158827 2.0512937 1.3693080 1.5698412 1.7395295 1.6165613 2.1922074 2.1486047 2.0890211 1.8805789 1.7383079 2.0728523 2.0842323 1.8614471 1.7641535 1.5387122 1.5902021 1.9232467 3.2778692 1.9422909 1.8313191 1.8187221 1.8142949 2.4189823 2.2117020 2.2183098 1.3352990 2.5812195 2.0694785 1.8759555 1.8759555 2.1052386 1.7384591 2.3039556 2.8300900 2.2669593 2.7774729 3.3682413 
Lcom_lcpid100069                                       1.3593279 1.4530087 1.4592342 1.4118862 1.4803005 1.2196923 1.4267426 1.1820408 1.4086715 2.1945714 1.5398688 1.6860467 1.5101400 1.4063241 1.3918659 1.3451314 0.9794374 1.3539784 1.5304683 0.0321884 0.0263790 0.0127496 0.0000000 0.3645602 0.3869454 0.4841195 0.7648911 1.1317250 1.5796632 0.9302397 0.8938621 1.0271924 0.9925993 0.9242546 0.8855407 0.9032406 0.9205859 0.9839772 1.1531686 0.9030367 0.8665795 0.9113637 1.1259756 1.0945548 0.9179206 0.9693602 0.9774546 1.0143718 0.7784139 1.1228945 0.9473361 0.9639108 1.0615249 1.9809364 1.3061837 1.2295633 1.2660940 1.3862357 1.5099933 1.6048587 1.2099020 1.1583703 1.3704408 1.2215350 1.2287954 1.1593165 1.9067876 1.2412874 1.2997754 1.2428166 1.3119709 1.3683896 1.3575651 1.7635476 1.3447635 2.0862521 1.0334189 0.9071243 0.9310605 0.8988719 0.9055202 0.9702974 0.9702974 0.9666403 1.1530024 1.1894468 1.3122148 1.2108142 1.4971725 1.2532060 1.3144447 1.5029035 1.3446832 1.5874929 1.5903159 1.5484727 1.4946537 1.9415957 1.8981438 1.8097589 1.3259824 1.7405164 1.8238535 1.2808856 1.4728545 1.6497757 1.4845929 1.6347980 2.1197951 2.0583380 1.8587238 1.7196086 1.9236325 1.9628552 1.8897732 1.6415776 1.4367208 1.5902021 1.8767798 3.1649440 1.8082455 1.8864017 1.8631890 1.6420192 2.4865627 2.0928952 2.0255274 1.3740087 2.3210182 1.8589558 1.6250832 1.6250832 1.7954693 1.7384591 2.1277151 2.7495410 2.4111370 2.9460921 2.8633340 
Leuniv_Lniv_scaffold23505_01                           1.6578674 1.8105029 1.8105029 1.7487529 1.8418434 1.4587284 1.8663698 1.3885827 1.8105029 2.6981866 1.6474789 1.7395137 1.8815129 1.5048894 1.4380866 1.5864019 1.0215116 1.4843197 1.6431847 0.3942589 0.3645602 0.3645602 0.3645602 0.0000000 0.4035646 0.4786801 0.7018473 1.1913091 1.9000446 1.1272127 1.1583159 1.2225131 1.2667025 1.1979014 1.1897455 1.2349286 1.1841344 1.2931698 1.2501089 1.2662695 1.2365758 1.2344818 1.3249687 1.3133044 1.1415636 1.3116962 1.3579272 1.3345238 0.8644846 1.2959847 1.2990330 1.3252406 1.3507313 2.0987996 1.5225805 1.4087638 1.5472742 1.6942328 1.7853947 1.6972570 1.6175991 1.5210034 1.5969000 1.4546496 1.4358955 1.4185200 2.5963523 1.8001813 1.6386608 1.3656607 1.5166539 1.6847499 1.8945436 2.1351521 1.7593449 2.0885858 0.8050620 1.2662226 1.2716689 1.2194844 1.2194844 1.3622432 1.3622432 1.3622432 1.3637734 1.5411635 1.4179200 1.4069346 1.8210325 1.3665823 1.2268242 1.5519512 1.6907589 2.0107741 1.9690353 1.7006873 1.9467343 2.3681055 2.4304632 1.6904470 1.5249679 1.5164546 4.7370182 1.3585756 1.6971854 1.9268965 1.7812540 2.8855088 2.4515292 2.4822580 2.3152757 1.9519381 1.8727235 1.8700372 1.7475045 1.8254014 1.3978475 1.8536377 2.3129980 3.9737796 2.1867675 1.8973840 1.7937881 1.7215181 2.2957926 2.1155472 2.0802591 1.7026893 1.9367358 1.7403633 1.4918920 1.4918920 1.7190495 2.9397136 2.2742767 3.8211690 2.8096837 8.7005326 2.5656032 
Scil_scict015185.1                                     1.6974953 1.7860275 1.8328428 1.6905066 1.8354650 1.4244992 1.5975852 1.3760068 1.7488267 2.5380603 1.6997475 1.9680662 1.6669885 1.5875850 1.6038130 1.5793243 1.2068619 1.5846909 1.8199468 0.4647837 0.4188347 0.4050075 0.3869454 0.4035646 0.0000000 0.4089246 0.6802213 1.3650012 1.6552456 0.9760556 0.9688384 1.1079068 1.0587383 1.1114619 1.0085495 0.9809171 1.0169589 1.1750481 1.3258450 1.1484304 1.0707453 1.1015105 1.3838109 1.1807854 1.0886775 1.1378244 1.1314709 1.2238652 0.8648818 1.3095618 1.1855662 1.0980025 1.1498700 2.1227949 1.2606016 1.3027028 1.3850236 1.4398560 1.7084316 1.5676607 1.5531928 1.4607720 1.4783492 1.4092135 1.4957276 1.4094756 1.9863269 1.3955073 1.5935339 1.5330012 1.4592465 1.5789554 1.5706100 1.9786710 1.4668357 2.1283898 1.3937151 0.9154488 0.9605695 0.9958112 0.8700305 1.1067309 1.1067309 1.1166331 1.4684444 1.2890698 1.4448079 1.4193591 1.7319499 1.3812317 1.4478408 1.5834260 1.7405977 1.7123550 1.8107151 1.6125843 1.6795231 2.0903294 2.1031304 2.1092636 1.4824658 1.7648960 2.3456990 1.4200785 1.5966488 1.8074101 1.7863663 1.8105939 2.1272402 1.9208690 1.9666067 1.7719552 2.0056496 2.3514593 1.8351212 1.9128536 1.6819014 1.6890476 2.1518213 3.9107441 2.2595283 1.7142336 1.7676062 1.7984390 2.0977189 2.2108962 2.1855872 1.4114006 2.2097291 1.9937906 1.9004610 1.9004610 2.0772112 2.5173229 2.4401884 3.5049044 2.1721970 2.9229553 3.3702744 
Gracom_Gcom_scaffold12423_01                           1.7833029 1.8881993 1.8687495 1.8507487 2.0224993 1.5380360 1.9133893 1.4593777 1.8670999 3.0431605 1.7697075 2.3389487 1.9552831 1.6919122 1.6650958 1.5872803 1.2835370 1.6872740 1.7731423 0.5716470 0.5512074 0.5111731 0.4841195 0.4786801 0.4089246 0.0000000 0.7896441 1.3369978 1.6622986 1.0168051 1.0158275 1.1805462 1.1276756 1.1891426 1.0881976 1.0794322 1.1320157 1.1978679 1.3576070 1.2305162 1.1642256 1.1445692 1.3771130 1.2961605 1.1462015 1.1528995 1.1788373 1.2334133 0.9772727 1.2444467 1.2606503 1.1663116 1.1244664 2.0463477 1.3795515 1.2694522 1.4818452 1.4315780 1.6132953 1.7220506 1.4958072 1.4805109 1.4442456 1.3694609 1.5435224 1.4089563 2.1559904 1.5204871 1.7138903 1.5628226 1.4711611 1.5422553 1.5283644 1.8745716 1.4251066 2.1891020 1.6990166 0.8933713 0.9026280 1.0061944 0.9254820 1.0914015 1.0914015 1.0884050 1.3993228 1.2807564 1.5647717 1.4404478 1.6135042 1.4417661 1.5233151 1.5852528 1.5648251 1.6768553 1.5354881 1.6792762 1.6735480 1.9085198 1.8650882 2.0343170 1.3966253 1.6746625 2.5568477 1.5308233 1.7093904 1.8717109 1.7364918 2.0915345 2.2055823 2.0829024 2.1233105 1.7941083 2.1485525 2.4620224 1.7587627 1.9297313 1.8243203 1.8278857 2.1890043 4.3084258 2.2701026 1.9521010 1.8234389 1.8003899 2.3480520 2.3501462 2.4039754 1.3841467 2.5224111 2.3313140 2.1732358 2.1732358 2.4628067 1.8086968 2.2550978 3.1849762 2.1727489 3.1547154 3.1554980 
Clacor_Ccor_scaffold11833_01                           1.2425466 1.3665837 1.3665837 1.3639921 1.4210254 1.2248262 1.5133917 1.2186121 1.3797103 2.0600829 1.3628693 1.3637702 1.4853552 1.2896028 1.1029715 1.4215813 1.0652401 1.4326310 1.6890853 0.8644590 0.7402106 0.7402106 0.7648911 0.7018473 0.6802213 0.7896441 0.0000000 1.0828289 1.4437151 0.8729992 0.8544740 0.9067145 0.8680233 0.9271968 0.8801397 0.8844113 0.9115105 0.9625840 0.9485035 0.8608946 0.8920515 0.9196225 1.3839742 1.0686408 0.8818783 1.0246727 1.0794066 1.0268782 0.7854744 1.0828470 0.9835358 1.0159721 0.9961981 1.8907833 0.9735610 1.1203469 1.2427949 1.4744682 1.6810783 1.5619472 1.4779594 1.3846480 1.5698414 1.3651973 1.4567944 1.3268396 2.8901001 1.4567747 1.4512869 1.3949692 1.3834126 1.3817781 1.6581821 1.9244883 1.5518718 1.7005917 0.9593187 1.0417658 1.0811876 1.0095256 1.0146524 1.0806705 1.0806705 1.0806705 1.0319810 1.1693212 1.3633979 1.1770192 1.4291811 1.2645452 1.2501920 1.4132864 1.5699628 1.6762744 1.7734365 1.9197133 1.7080099 1.9486154 1.9710552 1.5332419 1.4090621 1.4717263 1.7891252 1.1613772 1.4713563 1.6801615 1.4259012 1.4351449 2.1573493 2.0134309 1.9242896 1.7675583 1.8415187 2.2055739 1.8837787 1.5890368 1.4401014 1.6772285 2.0642945 3.3444216 2.0037598 1.9819424 1.6314182 1.5175737 2.0224248 2.1936772 2.0180547 1.4118091 1.8928795 1.5275763 1.5807130 1.5807130 1.6323525 3.5080280 2.1276833 3.4312486 2.2698855 3.5350826 2.8472035 
