80
Emue_Em0015g1142a.t1                                   0.0000000 0.1398014 0.2560453 2.8835731 2.6640240 1.4914991 2.7203549 2.6445585 2.0351239 2.4763066 2.5491070 0.3579943 1.4937027 2.5616532 2.4974051 2.8282774 0.8612022 0.8953335 1.0497364 2.9270042 4.2145061 1.1341251 2.6306309 1.0145503 0.9877566 1.3314863 2.8699064 2.7909864 2.6240204 2.5730735 2.6103190 2.6095934 2.6304831 2.6346656 2.4053907 2.5298907 1.4466453 2.5495871 2.7104110 2.9953429 2.7118386 2.6316212 3.0185627 2.1494421 2.3803471 1.6853921 3.5476298 2.4809027 2.1246047 2.0949820 2.5917000 1.7676110 3.8848233 3.4090761 3.9579620 3.5153179 2.3462323 2.6554377 2.7050025 2.2952947 3.5346490 1.8973139 1.8011872 2.6454644 2.6519085 2.5521405 2.5644589 1.7583883 2.7942706 2.8005091 1.3397664 2.3481556 2.9518733 2.8652887 3.6002452 4.2753245 3.8449616 5.0887435 3.0793553 4.3252160 
Emue_Em0015g1129a.t1                                   0.1398014 0.0000000 0.4794978 3.5781960 3.1995368 1.7175603 3.3869000 3.3384117 2.3054185 3.2150744 3.2970735 0.5523713 1.9104480 3.3916059 3.2676147 3.5803518 0.6625298 0.8085698 1.3734265 3.8336934 6.0881403 1.5889495 3.3687545 1.3444156 0.8034051 1.9395158 3.8540271 3.4777510 3.2203104 3.2931020 3.2552838 3.2556179 3.3527075 3.2277571 3.0055314 3.2338662 1.8779016 3.0366295 3.3550038 3.8295386 3.4070202 3.3011947 3.6338968 2.4212026 2.8742261 1.7759150 4.1877400 2.6392356 2.3856533 2.3856533 2.5940939 1.5117264 4.6610911 4.0283246 4.0115589 3.2036056 3.0353729 3.7349025 3.3610783 2.6583330 4.0384210 2.3418241 2.2487054 2.8866327 2.9229131 2.7527894 2.8492199 1.9152320 3.5016536 3.5414839 1.9225252 2.7565024 3.8941386 3.2916240 3.9773428 4.5528500 3.9517455 6.9493666 3.4150368 4.7332994 
Spolac_c98863_g1_i1_m.18209c93941-g1                   0.2560453 0.4794978 0.0000000 2.6365863 2.5539190 1.8239297 2.6458937 1.6890232 1.8306494 1.7573220 1.7760991 0.3938479 1.5171669 1.8660477 1.8238546 2.0288259 0.9051457 0.9430973 1.3049600 1.9160339 2.4343393 1.3892929 1.8644778 1.2519928 0.9746587 1.5977979 2.5972109 1.7941265 1.8871644 1.8421243 1.8734708 1.8680388 1.9459587 1.9394439 1.6323850 1.7536348 1.5639934 2.3594051 2.3575821 2.2397254 1.9484299 2.0662211 2.2998436 2.2798886 2.2594790 1.6200859 3.4261529 2.9834535 2.2486562 2.4333383 2.8662800 1.7641397 3.5344205 3.4035442 3.7930420 3.7362002 1.9065259 2.1496199 2.4828316 2.4542841 2.6244166 1.5381763 1.3731543 2.4312254 2.4803669 2.5391713 2.3221488 1.2477248 2.7811410 2.7806281 1.7818944 2.4804295 2.8449042 2.5734763 3.6206878 3.8622246 4.0082180 3.3933365 2.1892953 3.1423442 
Lcom_lcpid39616                                        2.8835731 3.5781960 2.6365863 0.0000000 1.0549420 0.7082463 0.9963439 2.3488137 2.3452132 2.5967496 2.7554542 0.4780683 1.8710381 2.5440938 2.5017714 2.7323285 1.1405960 1.2511502 1.4878462 2.7384545 3.3670965 1.1524366 2.6416540 1.5589256 1.2578508 1.5357430 3.3749311 2.4997995 2.6396480 2.5639934 2.6897272 2.6843696 2.5968884 2.6837853 2.3840121 2.7368741 1.6810001 2.8042418 2.7376206 2.9336927 2.4326594 2.4818586 3.1369491 2.7986880 2.2715492 1.3954702 3.1949730 2.2084696 2.1836647 2.3997782 2.5105278 1.7080830 3.3923245 3.2455187 3.1229499 3.1734099 2.7118695 3.0292817 2.8703505 2.5843703 3.1210850 3.0063761 2.8448924 2.9189509 2.8268438 2.9041890 2.7833996 2.9334353 3.1179153 2.9206491 3.4896556 2.4923574 3.5173986 3.3361373 3.4148419 4.3374080 3.3510656 4.3209674 6.1281921 4.9796044 
Gracom_Gcom_C557778_01                                 2.6640240 3.1995368 2.5539190 1.0549420 0.0000000 0.7013755 0.7552140 2.3453177 2.3489408 2.6198442 2.6234461 0.5285689 1.8756989 2.6618530 2.5119172 2.6919931 1.2296191 1.5203186 1.5288811 2.5316993 3.0239107 1.1069715 2.6571957 1.6764484 1.1727861 1.7589561 3.0892336 2.2576560 2.6242259 2.5247991 2.5836860 2.5771465 2.4976422 2.5791137 2.2933937 2.6485947 1.9080766 3.1687612 3.2066787 2.9427814 2.3733917 2.5817867 3.0431534 2.9015453 2.0712739 1.3268934 3.1875901 2.3171974 2.0951294 2.3422996 2.6585434 1.7017414 3.5312372 3.3956727 3.4902722 3.4423593 2.6286239 2.9206659 2.9221796 2.7850668 3.0028497 3.0121132 2.7258165 3.1300348 2.9586548 2.7789481 2.7152624 2.9559777 3.2393078 3.1166690 3.6386036 2.3020240 3.3310721 3.5229331 3.2520016 3.9594235 3.1759191 4.3694433 5.6480584 5.3106630 
Leuniv_Lniv_C815650_01                                 1.4914991 1.7175603 1.8239297 0.7082463 0.7013755 0.0000000 0.7160697 1.5857785 1.5683524 1.8231817 1.8186117 0.4393253 1.5429426 1.7169260 1.6759353 1.7934603 1.1137585 1.3685497 1.4373935 1.7695068 2.0947725 1.0842587 1.9924560 1.6467309 1.2561216 1.4768185 2.1891999 1.5431630 1.7149030 1.6846521 1.7262033 1.7182264 1.7573990 1.7546558 1.4372823 1.8257241 1.6357111 2.0908640 2.1292195 1.9079176 1.7136832 1.6963095 1.9265710 2.0916766 1.6630141 1.4856625 2.6117254 2.3428852 2.0966719 2.2369686 2.3365875 1.8200264 2.5866852 2.7304967 2.6640439 2.4983173 1.7294914 2.0307960 1.9015880 1.9412906 2.0616744 1.9940282 1.8799492 1.8251876 2.0327964 1.9855896 1.8189723 1.8499505 2.2565713 1.9755371 2.2197274 1.6607977 2.1259832 2.7322865 2.2558148 2.6812852 3.1495619 4.0205079 4.7735460 6.3575400 
Scil_scict014474.3                                     2.7203549 3.3869000 2.6458937 0.9963439 0.7552140 0.7160697 0.0000000 2.4240057 2.4177898 2.6177803 2.6682969 0.5123401 1.8648744 2.6149135 2.5746680 2.6562889 1.2320628 1.4697893 1.5951750 2.6205148 3.2140882 1.0589676 2.8443706 1.7546995 1.0807993 1.7277203 3.1029741 2.3888120 2.7100247 2.6502726 2.6943484 2.6875430 2.6365426 2.7703574 2.3987894 2.7849467 1.8395905 2.9136265 2.8591200 3.1598553 2.4773588 2.5668744 2.9579729 2.8985302 2.2134427 1.4041174 3.5491108 2.4346617 2.2863374 2.4387163 2.6386049 1.8837922 3.6163537 3.7285979 3.3198715 3.1858608 2.6377564 2.8707337 2.8697552 2.7721944 3.0932594 3.1640595 2.8935749 2.9432625 2.8310154 2.7233724 2.7839750 3.0013080 3.1331346 2.9062016 3.7052446 2.5013716 3.3098568 3.4295082 3.4577616 4.0698994 3.4922528 4.7324823 7.0201159 6.1586724 
Bralan_BLAG04001029_1                                  2.6445585 3.3384117 1.6890232 2.3488137 2.3453177 1.5857785 2.4240057 0.0000000 1.1218131 1.7732997 1.8239720 0.2092051 1.1243698 1.7819405 1.7803895 1.7915361 0.7305437 0.6641107 0.7735910 2.0768452 2.6533487 1.1504556 2.1625105 1.0269852 0.7912529 1.3260146 2.9049304 1.4696361 1.8545727 1.8340785 1.8821717 1.8883756 1.8663326 1.7817952 1.7559428 1.7690118 1.4057934 2.6605662 2.6762516 2.7828857 1.6608242 1.9602813 2.5014390 2.0681168 2.1045224 1.3187618 3.4862735 2.5719032 2.0791926 2.1313472 2.3396831 1.7362816 3.2462304 3.4237507 3.5024229 3.4537040 2.1359732 2.5379385 2.3405794 2.1760671 2.9836616 3.0118334 2.8098293 2.6093235 2.4846096 2.3430813 2.2101724 2.7291605 2.5201636 2.5624062 2.5967786 2.1983939 2.8333350 1.6770582 3.7683921 4.1300926 2.1921703 3.2622526 5.3705914 4.5563436 
Spur_XM_030999101.1                                    2.0351239 2.3054185 1.8306494 2.3452132 2.3489408 1.5683524 2.4177898 1.1218131 0.0000000 1.3085453 1.2668624 0.2172116 1.1874008 1.2772386 1.3190501 1.3666784 0.7343160 0.6673840 0.8056190 1.6633553 2.2040928 1.1649772 1.5885811 1.0250385 0.9324121 1.2493263 2.5761061 1.0300832 1.5025390 1.4324058 1.4389282 1.4356764 1.4657071 1.4848314 1.3736820 1.5490775 1.2826250 2.2335096 2.3509021 2.2414515 1.4526956 1.7994321 2.0720004 2.1561394 1.8726994 1.3585435 3.0977405 2.6323879 1.9688563 2.1463803 2.4710331 1.5964148 3.0268690 3.0835295 3.4761248 3.3352184 1.6488678 2.0742458 2.2794986 2.2045235 2.4945118 2.3354054 2.1888352 2.3930775 2.3836015 2.2653288 2.1630477 2.0064686 2.5253783 2.3356282 2.5822860 2.0951211 2.5660333 1.6801795 3.6803904 4.3933483 2.3034206 2.8797955 5.0431190 4.4500740 
Spis_XP_022786219_1                                    2.4763066 3.2150744 1.7573220 2.5967496 2.6198442 1.8231817 2.6177803 1.7732997 1.3085453 0.0000000 0.2072830 0.1737182 0.9268162 0.5389959 0.5807013 0.7896010 0.7456120 0.6476628 0.8463529 1.8841403 2.3046574 1.1962870 2.0238730 0.9553776 0.9412032 1.3837677 2.9689940 2.1646080 2.2907135 2.2368249 2.1867564 2.1892679 2.1706369 2.2441939 2.0989162 2.1313639 1.3654353 2.7579027 2.8397154 2.9230851 2.1178820 2.1042704 2.7889914 2.0492882 2.0411236 1.5299599 3.7925411 2.7390575 2.1916166 2.2488375 2.6391065 1.8644998 3.6774304 3.6152743 3.9083350 3.7977663 2.2477612 2.4773758 2.4819389 2.2063595 3.2725669 3.0499615 2.8180075 2.2819880 2.2093775 2.1610741 2.1434459 2.5269145 2.5843328 2.5182376 2.7570177 2.3255702 2.5995859 0.8994221 3.9108076 4.5189194 2.5896380 3.8403915 5.3097834 4.9811495 
Pocdam_XM_027202892.1                                  2.5491070 3.2970735 1.7760991 2.7554542 2.6234461 1.8186117 2.6682969 1.8239720 1.2668624 0.2072830 0.0000000 0.1830422 0.8620363 0.5337417 0.5490430 0.7654472 0.7294002 0.6557246 0.8426254 1.9060915 2.3871707 1.2360146 2.0790110 1.0088122 0.9068859 1.3767342 2.9361430 2.2051184 2.2192490 2.1809417 2.1363850 2.1359200 2.1641239 2.1946779 2.0736262 2.1201347 1.3778449 2.7544254 2.8444439 2.9239070 2.0874506 2.1677976 2.6847851 1.9371558 2.0005443 1.4976832 3.7080911 2.7958529 2.1967375 2.2336347 2.6420344 1.8413457 3.6015820 3.6067933 3.8304380 3.7818383 2.2363835 2.5173968 2.3902788 2.2655751 3.2711860 3.0472970 2.6743136 2.2946114 2.2248452 2.2289462 2.2210211 2.5640448 2.6562546 2.5580762 2.8020675 2.3634740 2.7164027 0.8713838 3.8430349 4.3509207 2.5625921 3.7510576 5.3994844 5.0459970 
Nvec_v1g223899                                         0.3579943 0.5523713 0.3938479 0.4780683 0.5285689 0.4393253 0.5123401 0.2092051 0.2172116 0.1737182 0.1830422 0.0000000 0.0194715 0.2010034 0.2010034 0.2106125 0.3583973 0.4111090 0.3218735 0.1877366 0.1165539 0.4311948 0.3655984 0.3273359 0.5089000 0.3981652 0.5322101 0.2948855 0.3279199 0.3279199 0.3229777 0.3229777 0.3093907 0.3230504 0.3230504 0.2959456 0.5344343 0.4503794 0.4676354 0.4171433 0.2951710 0.3280361 0.4746221 0.4833289 0.4077553 1.0112998 1.0718597 0.9375873 1.1765229 1.1765229 1.1765229 1.1765229 1.1937566 1.1707554 1.1444311 1.1444311 0.4199734 0.4752251 0.5518252 0.4546290 0.4999234 0.4370996 0.4448753 0.6359339 0.6285566 0.6177606 0.6384748 0.3977098 0.4350779 0.4681754 0.3579943 0.3444340 0.5762103 0.2912300 0.8901709 0.8456367 1.9425002 1.2491618 0.0000010 9.0000000 
Nvec_v1g178597                                         1.4937027 1.9104480 1.5171669 1.8710381 1.8756989 1.5429426 1.8648744 1.1243698 1.1874008 0.9268162 0.8620363 0.0194715 0.0000000 0.8995269 0.8984598 1.0078314 0.7567454 0.8250412 1.0036625 1.1136997 1.3025709 1.2080721 1.3488111 1.0299856 0.9847466 1.3138508 2.0246760 1.2619527 1.2298496 1.2697880 1.2817164 1.2765141 1.2756879 1.3265734 1.1597093 1.1865045 1.3593616 1.8545102 1.8975439 1.7765966 1.2178847 1.5240730 1.8714514 1.8936798 1.6950963 1.4607767 3.0904315 2.5399568 2.1261504 2.2627731 2.4324329 1.8200171 2.7095292 2.8928010 3.1359099 3.2216476 1.4479828 1.5359181 1.9184945 2.0516057 1.8700557 1.7042518 1.5371999 1.6625299 1.7719947 1.7008292 1.5608196 1.6131353 1.9643794 1.9719558 2.1984018 1.8655941 2.2714998 1.2123746 3.0491224 3.0813829 2.9822621 2.4151814 3.1851883 2.9899308 
Fspp_ffun1.m4.9191.m1                                  2.5616532 3.3916059 1.8660477 2.5440938 2.6618530 1.7169260 2.6149135 1.7819405 1.2772386 0.5389959 0.5337417 0.2010034 0.8995269 0.0000000 0.3534663 0.6341833 0.7144530 0.5943997 0.7853874 1.8465281 2.3101304 1.2631360 1.9109332 0.9593965 0.8871197 1.2919450 2.9312430 2.0298441 2.1632427 2.1143410 2.1101893 2.1055642 2.0705582 2.0880012 1.9561976 2.0669065 1.3035213 2.5750918 2.6898360 2.9256066 1.9669328 2.1464673 2.5909259 1.9044879 2.0801193 1.5632796 3.8803490 2.9569889 2.3323930 2.3801052 2.8358244 1.9214180 3.8426445 3.8409794 4.0492520 3.8027028 2.2722672 2.5553339 2.3158963 2.2213652 3.0985178 2.9740771 2.9262190 2.2939657 2.2305864 2.1241066 2.0453867 2.7150907 2.5513171 2.5055271 2.6987970 2.2586944 2.6858030 0.7978139 3.8300384 4.2668569 2.5269989 3.3718592 5.5954397 4.6523347 
Gasp_gasp1.m3.2455.m1                                  2.4974051 3.2676147 1.8238546 2.5017714 2.5119172 1.6759353 2.5746680 1.7803895 1.3190501 0.5807013 0.5490430 0.2010034 0.8984598 0.3534663 0.0000000 0.6292729 0.7128486 0.6022704 0.8170764 1.8197333 2.2757596 1.2910643 1.9319070 0.9860813 0.9498409 1.2816604 2.8204035 1.9849116 2.0604893 2.0111635 1.9894595 1.9912680 2.0200959 2.0622294 1.9210527 1.9777832 1.2921641 2.7154960 2.6467274 2.8349942 1.9705776 2.1641919 2.4675675 1.9659939 2.0673126 1.5330393 3.7637196 2.8217715 2.2064191 2.2191871 2.6490927 1.8859967 3.6875176 3.8329420 3.9146769 3.6561187 2.2797327 2.6646868 2.3741039 2.2024964 3.0701000 2.9763487 2.7696846 2.3473827 2.2738881 2.1512638 2.1547314 2.5998650 2.5790661 2.5642270 2.7972501 2.2277590 2.7223762 0.7361113 3.6715067 4.1929193 2.6585194 3.5247099 5.3150260 4.6363818 
Gfas_gfas1.m1.5692.m1                                  2.8282774 3.5803518 2.0288259 2.7323285 2.6919931 1.7934603 2.6562889 1.7915361 1.3666784 0.7896010 0.7654472 0.2106125 1.0078314 0.6341833 0.6292729 0.0000000 0.7068899 0.5716228 0.8853257 1.9451676 2.4604249 1.3370864 1.9885640 1.0152901 1.0019199 1.4868901 2.9182920 2.0576799 2.2103781 2.1904828 2.1446161 2.1352643 2.1391012 2.2083958 2.1167257 2.1258387 1.4773332 2.6964300 2.8123687 3.0861297 2.0510624 2.2775159 2.6589323 2.0915798 2.1661205 1.6687931 3.9401431 3.0338488 2.4514200 2.4596460 2.9276688 2.0165720 3.9479990 3.9926236 4.3354279 4.0080346 2.4563062 2.8167333 2.5460942 2.3857932 3.3020327 3.2880625 3.0749070 2.4197053 2.4480647 2.2444617 2.3399150 2.8962636 2.8748294 2.6085027 3.1050426 2.3893588 3.0055133 0.7582345 3.8383937 4.5331303 2.5890711 3.5274786 5.5301044 4.9927267 
Cscu_XM_023373088.1                                    0.8612022 0.6625298 0.9051457 1.1405960 1.2296191 1.1137585 1.2320628 0.7305437 0.7343160 0.7456120 0.7294002 0.3583973 0.7567454 0.7144530 0.7128486 0.7068899 0.0000000 0.9435853 0.7468982 0.7214296 0.3092990 0.9828435 0.7849056 0.6611330 1.0306338 0.9837221 0.9336681 0.7150159 0.6737708 0.6589924 0.7250935 0.7250935 0.7459410 0.7075255 0.7075255 0.6961890 0.7735903 0.8776718 0.9859318 0.8440424 0.7513845 0.9880591 0.9601260 0.8078607 1.0498027 1.5323410 1.5682335 1.6479802 1.8032499 1.8032499 1.8032499 1.8032499 1.8318993 1.7819452 1.8492363 1.8798234 0.9211358 1.1831393 0.9858453 1.0370303 0.9069618 0.8123582 0.8548661 0.9896284 1.0421905 0.9733309 1.0329563 0.8006470 0.9208168 0.9008270 0.8234756 0.4203429 0.4783821 0.7937310 2.0737690 1.4779308 3.9341105 1.0105205 4.2124401 3.5175112 
Ctel_gnl_WGS_AMQN_CAPTEDRAFT_mRNA129344                0.8953335 0.8085698 0.9430973 1.2511502 1.5203186 1.3685497 1.4697893 0.6641107 0.6673840 0.6476628 0.6557246 0.4111090 0.8250412 0.5943997 0.6022704 0.5716228 0.9435853 0.0000000 0.0133348 0.7314403 0.0000010 1.2375820 0.7292873 0.6779899 1.1633456 0.9648705 1.2073808 0.5379586 0.8221865 0.7969643 0.7443553 0.7443553 0.7742925 0.8271316 0.8271316 0.7234490 1.1024279 1.1051968 1.1760237 0.9010422 0.6491984 0.9276579 1.0642440 0.8597070 1.2664412 1.8294754 1.9086579 2.1617473 2.0071205 2.0071205 2.0071205 2.0071205 2.0791563 1.9804684 2.3712990 2.3536275 1.1369244 1.6716158 0.8881309 1.0728209 1.2416728 0.9386962 0.9287882 1.3784454 1.3967600 1.3185301 1.0930439 0.8894353 1.2796153 1.1121381 0.8244842 0.3402982 0.5485845 0.4748030 2.4737875 2.3835570 4.8388937 0.0000010 3.4715266 7.4766387 
Ctel_gnl_WGS_AMQN_CAPTEDRAFT_mRNA94242                 1.0497364 1.3734265 1.3049600 1.4878462 1.5288811 1.4373935 1.5951750 0.7735910 0.8056190 0.8463529 0.8426254 0.3218735 1.0036625 0.7853874 0.8170764 0.8853257 0.7468982 0.0133348 0.0000000 0.9585666 1.1843381 1.2181276 1.0125331 0.9927679 0.8391478 1.1070487 1.6554623 0.6433422 1.0301643 1.0254436 0.9952945 0.9917789 0.9921653 1.0266415 0.9113078 0.7406370 1.2880881 1.3453091 1.4814757 1.2883285 0.7500951 1.0762473 1.2885151 1.2427328 1.4545934 1.3911116 2.5280662 2.7115773 2.0669464 2.3303214 2.3499865 1.7193615 2.3316657 2.4055599 2.7598784 3.1610917 1.1130082 1.2890446 1.4050160 1.4183980 1.5572001 1.3244956 1.2132141 1.3677379 1.4760250 1.4241359 1.3271001 1.1555013 1.5975570 1.4210298 1.6678988 1.1574235 1.3785759 1.1990486 2.4232640 3.0556099 2.7369728 1.5836986 2.7616267 3.0520527 
Exapal_XM_021046195.2                                  2.9270042 3.8336934 1.9160339 2.7384545 2.5316993 1.7695068 2.6205148 2.0768452 1.6633553 1.8841403 1.9060915 0.1877366 1.1136997 1.8465281 1.8197333 1.9451676 0.7214296 0.7314403 0.9585666 0.0000000 0.0037878 1.2275503 2.2706439 1.1301269 0.7651511 1.3070869 2.9567557 2.1818588 2.2274385 2.2510207 2.2673453 2.2673063 2.2905742 2.1728409 2.0483302 2.3757170 1.4223586 2.7522885 2.9775600 3.0351395 2.2081711 2.4509632 2.8505458 2.0285207 2.2292008 1.4660407 3.5880626 2.6077022 2.0521402 2.2850416 2.6415169 1.7528671 3.5658147 3.3561417 3.8039728 3.6738402 2.3601816 2.6068445 2.3648190 2.3097414 3.3000463 3.2319562 3.0078847 2.3368123 2.3117441 2.2504299 2.3214100 2.9692488 2.5784445 2.5936632 2.8906519 2.4994073 2.8014472 1.9155170 3.5957076 4.6362309 2.6199360 3.7148685 5.7938910 4.6420618 
Exapal_XM_021053745.2                                  4.2145061 6.0881403 2.4343393 3.3670965 3.0239107 2.0947725 3.2140882 2.6533487 2.2040928 2.3046574 2.3871707 0.1165539 1.3025709 2.3101304 2.2757596 2.4604249 0.3092990 0.0000010 1.1843381 0.0037878 0.0000000 1.2888488 2.8657514 1.4909958 0.2321389 1.8102363 3.8708843 2.9209358 2.9011236 2.9640928 2.9937789 2.9938093 2.9629499 2.7617740 2.6728287 3.1060704 1.8030195 3.5965384 3.9501114 4.3079185 2.8801999 3.1314499 3.7811068 2.6917671 2.7451075 1.0785387 4.3402708 3.1553906 2.2857567 2.6946067 3.1768395 1.5274684 4.3295273 3.9615357 4.9539718 5.4198714 2.9424767 3.0542798 3.2007459 3.1718455 4.4750037 4.4001701 4.1650054 2.9045827 2.9265404 2.7274790 2.8472946 3.9761153 3.3314317 3.3645324 4.8434602 3.2933717 3.5786887 2.4973608 4.1747408 6.0210790 2.2489070 3.7316485 5.9138046 4.6269310 
Clacor_Ccor_scaffold11793_01                           1.1341251 1.5889495 1.3892929 1.1524366 1.1069715 1.0842587 1.0589676 1.1504556 1.1649772 1.1962870 1.2360146 0.4311948 1.2080721 1.2631360 1.2910643 1.3370864 0.9828435 1.2375820 1.2181276 1.2275503 1.2888488 0.0000000 1.4507833 1.4227120 0.9754637 1.4254311 1.7239141 1.1271713 1.2723059 1.2848665 1.3286087 1.3216342 1.3350511 1.3262879 1.1120063 1.1602858 1.4137512 1.5669164 1.6322098 1.4986434 1.3775678 1.1720117 1.5757855 1.5619876 1.4302244 1.4474562 2.3625784 2.1752500 1.8623756 2.2395610 2.2881649 1.8337408 2.2190646 2.3059466 2.6144811 2.5403335 1.4229208 1.6188978 1.5304959 1.6143685 1.6531594 1.4716632 1.3252209 1.4712258 1.6109184 1.5746045 1.4786050 1.3772169 1.7196097 1.5923583 1.8568434 1.3432658 1.6287041 1.9403955 2.3933577 2.4241682 3.2424678 2.9870509 2.7716573 4.1193552 
Dgig_XM_028542872.1                                    2.6306309 3.3687545 1.8644778 2.6416540 2.6571957 1.9924560 2.8443706 2.1625105 1.5885811 2.0238730 2.0790110 0.3655984 1.3488111 1.9109332 1.9319070 1.9885640 0.7849056 0.7292873 1.0125331 2.2706439 2.8657514 1.4507833 0.0000000 0.2520944 0.9265761 1.5261661 3.0066642 2.2551745 2.1886939 2.1533850 2.1896994 2.1805391 2.2065332 2.2787711 2.1045290 2.3072923 1.5672600 2.9808958 2.9948881 3.1362381 2.3386719 2.2683026 2.7476333 2.0335661 2.0945649 1.4789447 3.8429146 2.8672613 2.0994624 2.3214349 2.7884634 1.6629743 3.9530715 3.9408589 4.3820395 3.5864929 2.3953980 2.5949921 2.5818243 2.4216349 3.4448647 3.1172104 2.9485395 2.3851346 2.4837441 2.3646633 2.2891143 2.6109594 2.4244377 2.4763254 2.9560201 2.3730977 2.6503151 1.9908800 3.6143078 4.7573139 2.7995986 3.7244633 4.8986092 5.2313639 
Xesp_012434-T1                                         1.0145503 1.3444156 1.2519928 1.5589256 1.6764484 1.6467309 1.7546995 1.0269852 1.0250385 0.9553776 1.0088122 0.3273359 1.0299856 0.9593965 0.9860813 1.0152901 0.6611330 0.6779899 0.9927679 1.1301269 1.4909958 1.4227120 0.2520944 0.0000000 0.9117789 1.2321541 1.6521131 0.8964470 1.1155502 1.1336075 1.1712010 1.1655596 1.1896895 1.2029152 0.9899668 1.0171246 1.4906047 1.5974306 1.6429012 1.5045206 1.2069486 1.3101445 1.5337898 1.4958157 1.4264985 1.4708914 2.5176613 2.5556790 2.0110491 2.2719328 2.4376919 1.6887953 2.4686117 2.4230281 2.7943820 2.8345376 1.3805833 1.4787978 1.4487303 1.6680562 1.8609171 1.3907571 1.3022246 1.2182934 1.4488976 1.4128775 1.2804611 1.1654483 1.4017164 1.5600239 1.6687203 1.4073053 1.5891866 1.3133485 2.3327400 2.8380938 3.5555293 2.1864943 2.1302725 2.8516865 
Salpun_EP00053_Salpingoeca_punica_P004618              0.9877566 0.8034051 0.9746587 1.2578508 1.1727861 1.2561216 1.0807993 0.7912529 0.9324121 0.9412032 0.9068859 0.5089000 0.9847466 0.8871197 0.9498409 1.0019199 1.0306338 1.1633456 0.8391478 0.7651511 0.2321389 0.9754637 0.9265761 0.9117789 0.0000000 0.7190924 0.6795781 0.8727471 0.8085225 0.7899995 0.8233607 0.8233607 0.8521132 0.8340245 0.8340245 0.8944615 0.4686315 0.7830600 0.7782488 0.7198550 0.8527210 0.8596998 0.7184834 0.6175237 1.0080898 1.2813771 1.3207292 1.3752461 1.7873216 1.7873216 1.7873216 1.7873216 1.7003318 1.5330508 1.6099800 1.6023229 1.0134306 1.2293374 0.8888049 0.8660259 0.8539435 1.0631876 1.1488731 1.2229418 1.2444597 1.3084218 1.1858003 1.0928895 1.0328099 0.9531332 0.9489258 0.5626007 0.6156212 1.0233134 1.7218122 1.5248495 5.0139662 1.3909226 8.5349745 4.1446325 
Saldol_EP00054_Salpingoeca_dolichothecata_P008287      1.3314863 1.9395158 1.5977979 1.5357430 1.7589561 1.4768185 1.7277203 1.3260146 1.2493263 1.3837677 1.3767342 0.3981652 1.3138508 1.2919450 1.2816604 1.4868901 0.9837221 0.9648705 1.1070487 1.3070869 1.8102363 1.4254311 1.5261661 1.2321541 0.7190924 0.0000000 1.4237162 1.3573837 1.3665916 1.3860200 1.3998236 1.3942343 1.3707729 1.3799251 1.1386637 1.4986083 1.1717938 1.3810017 1.4038022 1.4543975 1.4527686 1.3351780 1.5329074 1.2101517 1.6833750 1.5547504 2.5426689 2.6271195 2.3747310 2.7317190 2.7331049 2.0219031 2.9066937 2.8782214 2.8833329 3.0407388 1.4206557 1.5654925 1.2825660 1.4710973 1.3619489 1.6680848 1.5587345 1.5740591 1.6963993 1.7232587 1.5803624 1.5972616 1.7665577 1.7004127 2.0358515 1.5755638 1.8096451 1.9475925 2.1936165 2.5373555 3.1269406 3.0970290 4.5579238 5.4078864 
Salurc_EP00051_Salpingoeca_urceolata_P019108           2.8699064 3.8540271 2.5972109 3.3749311 3.0892336 2.1891999 3.1029741 2.9049304 2.5761061 2.9689940 2.9361430 0.5322101 2.0246760 2.9312430 2.8204035 2.9182920 0.9336681 1.2073808 1.6554623 2.9567557 3.8708843 1.7239141 3.0066642 1.6521131 0.6795781 1.4237162 0.0000000 2.8865181 2.9346100 2.8659484 2.7900143 2.7849818 2.8478055 2.9038070 2.6462787 3.0984547 1.2880952 2.4838504 2.4798655 2.7749754 3.0332148 2.7358635 2.7176065 2.2084672 2.6494899 1.5969720 4.5055769 3.4124832 2.3610439 2.7686568 3.2801429 2.1337841 4.3432602 4.5226630 4.5584788 4.0605929 3.1632102 3.4109603 2.6235666 2.3602062 2.6119355 3.7843565 3.5177415 3.1780295 3.2611954 3.2354446 3.1721603 3.5220481 3.2344891 3.5856839 3.3256613 3.5023097 3.7773192 3.5416455 3.7909614 4.7722627 4.5594734 5.2683908 6.7715481 5.9657800 
Skow_XM_006813127.1                                    2.7909864 3.4777510 1.7941265 2.4997995 2.2576560 1.5431630 2.3888120 1.4696361 1.0300832 2.1646080 2.2051184 0.2948855 1.2619527 2.0298441 1.9849116 2.0576799 0.7150159 0.5379586 0.6433422 2.1818588 2.9209358 1.1271713 2.2551745 0.8964470 0.8727471 1.3573837 2.8865181 0.0000000 2.0393324 1.9947759 1.9801562 1.9741573 1.9824264 1.8929906 1.8708467 2.0354570 1.2686822 2.6509103 2.9368831 2.8021106 1.7322636 2.1856808 2.5472020 1.9033569 1.9539257 1.4200250 3.4583288 2.4046112 2.1766725 2.2400341 2.4800706 1.6931574 3.7247559 3.4958049 3.5397708 3.3492398 2.1679601 2.6833327 2.2325125 2.2103314 3.1763259 2.9874074 2.8640553 2.5849472 2.6222942 2.5975038 2.3357408 2.7840187 2.7127518 2.6163209 2.8225800 2.2121349 2.7700387 1.9918675 3.6029996 4.3405588 2.3209929 3.6180037 5.5145123 5.6824420 
HoiH23_PlH23_009340-RA                                 2.6240204 3.2203104 1.8871644 2.6396480 2.6242259 1.7149030 2.7100247 1.8545727 1.5025390 2.2907135 2.2192490 0.3279199 1.2298496 2.1632427 2.0604893 2.2103781 0.6737708 0.8221865 1.0301643 2.2274385 2.9011236 1.2723059 2.1886939 1.1155502 0.8085225 1.3665916 2.9346100 2.0393324 0.0000000 0.0562303 0.1567484 0.1572281 0.2593609 0.3435892 0.3261187 2.0878320 1.4350642 2.8163991 3.0103309 2.8752256 2.1011264 2.1891990 2.5352040 2.2110555 2.0507259 1.3839673 3.2670815 2.6839660 2.2028979 2.3382781 2.6875634 1.7487968 3.4631556 3.6122650 3.7946302 3.5641718 2.1954397 2.4677820 2.1524547 2.1791410 3.0969604 3.0960105 2.9603442 2.5848276 2.8760582 2.5414064 2.2506287 2.9616574 2.4500374 2.6613302 2.9268792 2.5234747 2.9373031 2.3811277 3.9459415 4.3824818 2.8163873 3.7726576 5.1063058 5.0273235 
HoiH06_mRNA8446                                        2.5730735 3.2931020 1.8421243 2.5639934 2.5247991 1.6846521 2.6502726 1.8340785 1.4324058 2.2368249 2.1809417 0.3279199 1.2697880 2.1143410 2.0111635 2.1904828 0.6589924 0.7969643 1.0254436 2.2510207 2.9640928 1.2848665 2.1533850 1.1336075 0.7899995 1.3860200 2.8659484 1.9947759 0.0562303 0.0000000 0.1624767 0.1632942 0.2644991 0.3746503 0.3647127 2.1207102 1.4556071 2.8568032 3.0661729 2.8897023 2.1194195 2.1664604 2.4967547 2.2226471 2.0393559 1.3635788 3.2927676 2.7096465 2.1897033 2.2827101 2.4810329 1.7260029 3.4472717 3.5944196 3.8578550 3.5352470 2.1333478 2.4044170 2.1232117 2.1574468 3.0512328 3.0842220 3.0062484 2.4937269 2.7378783 2.4381611 2.1336117 2.9874600 2.3879739 2.6196033 2.9384227 2.4779297 2.8561556 2.2880008 3.8240531 4.3670370 2.8525317 3.6295542 5.1106325 5.1539641 
Hhon_g04651.t1                                         2.6103190 3.2552838 1.8734708 2.6897272 2.5836860 1.7262033 2.6943484 1.8821717 1.4389282 2.1867564 2.1363850 0.3229777 1.2817164 2.1101893 1.9894595 2.1446161 0.7250935 0.7443553 0.9952945 2.2673453 2.9937789 1.3286087 2.1896994 1.1712010 0.8233607 1.3998236 2.7900143 1.9801562 0.1567484 0.1624767 0.0000000 0.0039498 0.2484406 0.3623654 0.3569909 2.1105456 1.4060547 2.7864305 2.9676615 2.8641031 2.1084556 2.1960241 2.5425367 2.1591466 2.0656458 1.3289950 3.2343865 2.7604669 2.2410763 2.3741206 2.7085086 1.7641516 3.4840515 3.6661827 3.8340671 3.5382090 2.1421024 2.3892929 2.1375469 2.1449590 3.1027627 3.1645083 2.9764805 2.5425767 2.7332576 2.4976344 2.2131488 2.9048398 2.4442156 2.6444028 2.9086774 2.5148387 2.9420268 2.2072367 3.7532123 4.3266279 2.7761498 3.6773773 4.7920251 4.8715323 
HoiH04_mRNA4249                                        2.6095934 3.2556179 1.8680388 2.6843696 2.5771465 1.7182264 2.6875430 1.8883756 1.4356764 2.1892679 2.1359200 0.3229777 1.2765141 2.1055642 1.9912680 2.1352643 0.7250935 0.7443553 0.9917789 2.2673063 2.9938093 1.3216342 2.1805391 1.1655596 0.8233607 1.3942343 2.7849818 1.9741573 0.1572281 0.1632942 0.0039498 0.0000000 0.2477296 0.3594913 0.3533897 2.1134889 1.3942868 2.7841637 2.9615757 2.8726627 2.1070548 2.2018219 2.5282577 2.1549586 2.0577608 1.3289950 3.2142849 2.7482559 2.2232095 2.3579915 2.6943673 1.7641516 3.4677905 3.6385735 3.8258451 3.5206327 2.1412090 2.3881288 2.1310899 2.1350029 3.0988140 3.1587211 2.9743562 2.5344177 2.7248380 2.4914682 2.2112858 2.8987160 2.4365053 2.6403259 2.8943115 2.4963700 2.9277436 2.2090520 3.7426713 4.3191842 2.7761498 3.6778000 4.7893425 4.8754559 
HoiH11_mRNA7831                                        2.6304831 3.3527075 1.9459587 2.5968884 2.4976422 1.7573990 2.6365426 1.8663326 1.4657071 2.1706369 2.1641239 0.3093907 1.2756879 2.0705582 2.0200959 2.1391012 0.7459410 0.7742925 0.9921653 2.2905742 2.9629499 1.3350511 2.2065332 1.1896895 0.8521132 1.3707729 2.8478055 1.9824264 0.2593609 0.2644991 0.2484406 0.2477296 0.0000000 0.3490716 0.3392165 2.1062349 1.4423425 2.8212987 3.0146164 2.9069231 2.0616248 2.2188554 2.6031630 2.2510265 2.1392087 1.3552791 3.5373304 2.7438364 2.2867379 2.4778484 2.8113369 1.7659833 3.7015908 3.5772762 3.9889114 3.6110955 2.1796577 2.4985605 2.2394807 2.2270630 3.1380093 2.9811045 2.8373367 2.6352976 2.7997861 2.5718388 2.1763458 2.7864473 2.4260289 2.5851071 2.9236037 2.5382864 2.9939464 2.3175484 3.7034884 4.3919680 2.7402641 3.6229932 4.5712090 4.7477298 
TrH2_TrispH2_003297-RA                                 2.6346656 3.2277571 1.9394439 2.6837853 2.5791137 1.7546558 2.7703574 1.7817952 1.4848314 2.2441939 2.1946779 0.3230504 1.3265734 2.0880012 2.0622294 2.2083958 0.7075255 0.8271316 1.0266415 2.1728409 2.7617740 1.3262879 2.2787711 1.2029152 0.8340245 1.3799251 2.9038070 1.8929906 0.3435892 0.3746503 0.3623654 0.3594913 0.3490716 0.0000000 0.0047662 2.1641481 1.3952212 2.7697614 2.9876470 2.8449132 2.0279594 2.2305092 2.5501260 2.2030660 2.1518646 1.3407344 3.3787852 2.7836948 2.2311971 2.3629985 2.7620155 1.7485316 3.6814186 3.5006496 4.1130754 3.5215215 2.1526170 2.4272881 2.1859490 2.3185302 3.2868520 3.2556725 2.9209917 2.6585446 2.8069789 2.5249341 2.2828301 2.8781698 2.5296112 2.6701924 3.0054439 2.4485244 3.0677365 2.3747893 3.8031519 4.3881990 2.6049651 3.5232703 5.0255329 4.5693655 
Tadh_TriadT57218                                       2.4053907 3.0055314 1.6323850 2.3840121 2.2933937 1.4372823 2.3987894 1.7559428 1.3736820 2.0989162 2.0736262 0.3230504 1.1597093 1.9561976 1.9210527 2.1167257 0.7075255 0.8271316 0.9113078 2.0483302 2.6728287 1.1120063 2.1045290 0.9899668 0.8340245 1.1386637 2.6462787 1.8708467 0.3261187 0.3647127 0.3569909 0.3533897 0.3392165 0.0047662 0.0000000 2.0977349 1.0688015 2.5725799 2.7030536 2.5873064 1.9120081 2.1330485 2.2909873 1.7330758 2.0193997 1.3407344 3.0354082 2.5517464 1.9143536 2.0900362 2.5240119 1.7485316 3.3989491 3.4080553 3.6400437 3.3180663 2.0525203 2.2449506 2.0188987 1.9298814 2.9429124 3.1438742 2.7723638 2.5248503 2.5109767 2.1557299 2.0270480 2.8192762 2.2600709 2.2507443 2.7673318 2.1909088 2.5712640 2.1640443 3.4333954 3.8777400 2.6577822 3.6164010 4.9777040 4.7428066 
Cgig_XM_034470454.1                                    2.5298907 3.2338662 1.7536348 2.7368741 2.6485947 1.8257241 2.7849467 1.7690118 1.5490775 2.1313639 2.1201347 0.2959456 1.1865045 2.0669065 1.9777832 2.1258387 0.6961890 0.7234490 0.7406370 2.3757170 3.1060704 1.1602858 2.3072923 1.0171246 0.8944615 1.4986083 3.0984547 2.0354570 2.0878320 2.1207102 2.1105456 2.1134889 2.1062349 2.1641481 2.0977349 0.0000000 1.3296620 2.9892976 2.7140486 2.8741523 1.4076510 2.4401003 2.8164952 2.1112169 2.0251096 1.3225645 3.4348948 2.6826471 2.0336424 2.1495868 2.5636858 1.6455506 3.7297505 3.5726380 3.6414224 3.6070163 2.1623108 2.5693196 2.7156667 2.2910298 3.4702849 3.1690949 2.9808450 2.4138034 2.3742021 2.1761570 2.2766620 2.9584654 2.6311263 2.6382993 2.9210038 2.3244943 2.9863937 2.1139044 4.1072932 4.7047262 2.8503093 3.6594381 5.5572862 5.8176488 
Salmac_EP00052_Salpingoeca_macrocollata_P022000        1.4466453 1.8779016 1.5639934 1.6810001 1.9080766 1.6357111 1.8395905 1.4057934 1.2826250 1.3654353 1.3778449 0.5344343 1.3593616 1.3035213 1.2921641 1.4773332 0.7735903 1.1024279 1.2880881 1.4223586 1.8030195 1.4137512 1.5672600 1.4906047 0.4686315 1.1717938 1.2880952 1.2686822 1.4350642 1.4556071 1.4060547 1.3942868 1.4423425 1.3952212 1.0688015 1.3296620 0.0000000 1.0790426 1.1493164 1.1943594 1.2799783 1.3115179 1.3221187 1.1296776 1.8038392 1.3518147 2.5048067 2.4646382 2.1123555 2.3602252 2.4531947 1.7070796 2.4846079 2.8606997 2.5352158 2.7491060 1.4982232 1.5721751 1.3080729 1.2761609 1.2622495 1.6512871 1.5829410 1.4830404 1.5926777 1.7895525 1.5186968 1.4416740 1.8087954 1.7350014 2.0135715 1.5759743 1.7352169 1.9919753 2.2074810 2.6907073 3.4714886 2.7531544 3.2399609 3.5133755 
Acaspe_EP00035_Acanthoeca_spectabilis_P007736          2.5495871 3.0366295 2.3594051 2.8042418 3.1687612 2.0908640 2.9136265 2.6605662 2.2335096 2.7579027 2.7544254 0.4503794 1.8545102 2.5750918 2.7154960 2.6964300 0.8776718 1.1051968 1.3453091 2.7522885 3.5965384 1.5669164 2.9808958 1.5974306 0.7830600 1.3810017 2.4838504 2.6509103 2.8163991 2.8568032 2.7864305 2.7841637 2.8212987 2.7697614 2.5725799 2.9892976 1.0790426 0.0000000 0.7766151 2.4358987 2.7689206 2.5228471 2.7297163 1.4264517 2.5846971 1.5148031 4.0251150 3.0994408 2.1259409 2.5218888 2.9459403 1.6823862 3.8731124 4.3782672 4.1736226 3.8165281 2.7878488 3.0714456 1.9559897 1.5874264 2.8483448 3.2830751 3.1924206 2.8893605 2.8672179 2.8637352 2.4809136 3.2964422 2.8650078 2.7209049 3.1099735 3.0689495 3.2695605 3.0333102 3.5971578 4.1280708 5.2446773 5.4981805 5.6096809 5.7612382 
Helnan_EP00037_Helgoeca_nana_P032860                   2.7104110 3.3550038 2.3575821 2.7376206 3.2066787 2.1292195 2.8591200 2.6762516 2.3509021 2.8397154 2.8444439 0.4676354 1.8975439 2.6898360 2.6467274 2.8123687 0.9859318 1.1760237 1.4814757 2.9775600 3.9501114 1.6322098 2.9948881 1.6429012 0.7782488 1.4038022 2.4798655 2.9368831 3.0103309 3.0661729 2.9676615 2.9615757 3.0146164 2.9876470 2.7030536 2.7140486 1.1493164 0.7766151 0.0000000 2.4779796 2.8350897 2.6183847 2.7232193 1.4889351 2.6832262 1.5325880 4.3727309 3.3923480 2.0707565 2.4515595 2.9107767 1.7391612 4.1341711 4.7224945 4.3214880 3.9476490 2.9865805 3.2656068 2.1545196 1.5327452 3.0161983 3.6815948 3.6692380 2.9735406 3.0789645 3.0656809 2.6431089 3.4449595 3.0815129 2.9625340 3.3361031 3.2184722 3.0354221 3.1363005 3.8200685 3.7871009 5.0447179 5.2031389 7.0942350 6.4824365 
Codhol_EP00042_Codosiga_hollandica_P049497             2.9953429 3.8295386 2.2397254 2.9336927 2.9427814 1.9079176 3.1598553 2.7828857 2.2414515 2.9230851 2.9239070 0.4171433 1.7765966 2.9256066 2.8349942 3.0861297 0.8440424 0.9010422 1.2883285 3.0351395 4.3079185 1.4986434 3.1362381 1.5045206 0.7198550 1.4543975 2.7749754 2.8021106 2.8752256 2.8897023 2.8641031 2.8726627 2.9069231 2.8449132 2.5873064 2.8741523 1.1943594 2.4358987 2.4779796 0.0000000 2.6209523 2.7292006 2.5159662 2.0520422 2.4154104 1.4622860 4.0396339 2.9733678 2.3062224 2.5131915 2.9325543 1.7621082 3.9884449 4.1289028 3.8182045 3.3526418 2.7691668 2.9126792 2.0777183 1.9973064 2.9462286 3.4190772 3.3285792 2.9161534 2.8906523 3.2528966 3.1393883 3.2969667 2.9121180 3.0100640 3.0836311 2.7548849 3.4859785 3.2695420 3.7876303 4.5727741 3.6472796 4.5501562 6.2035270 5.9722487 
Acagra_model.g15618.t1.1.5d3b8810                      2.7118386 3.4070202 1.9484299 2.4326594 2.3733917 1.7136832 2.4773588 1.6608242 1.4526956 2.1178820 2.0874506 0.2951710 1.2178847 1.9669328 1.9705776 2.0510624 0.7513845 0.6491984 0.7500951 2.2081711 2.8801999 1.3775678 2.3386719 1.2069486 0.8527210 1.4527686 3.0332148 1.7322636 2.1011264 2.1194195 2.1084556 2.1070548 2.0616248 2.0279594 1.9120081 1.4076510 1.2799783 2.7689206 2.8350897 2.6209523 0.0000000 2.3252342 2.5633715 2.0532324 1.9944797 1.3604669 3.1031869 2.3248669 1.8704261 2.0817170 2.4815432 1.6315634 3.2595195 3.4823922 3.6959446 3.4007800 2.4218310 2.8279201 2.5426440 2.1794477 3.3263953 2.7918192 2.6656590 2.6424733 2.5698359 2.5126427 2.3916299 2.6808328 2.8626044 2.6084950 3.0098803 2.1973113 3.4857152 2.0402828 3.7268913 4.5315479 2.7104718 3.7573737 4.6834313 4.6570340 
Hsap_ENST00000304611                                   2.6316212 3.3011947 2.0662211 2.4818586 2.5817867 1.6963095 2.5668744 1.9602813 1.7994321 2.1042704 2.1677976 0.3280361 1.5240730 2.1464673 2.1641919 2.2775159 0.9880591 0.9276579 1.0762473 2.4509632 3.1314499 1.1720117 2.2683026 1.3101445 0.8596998 1.3351780 2.7358635 2.1856808 2.1891990 2.1664604 2.1960241 2.2018219 2.2188554 2.2305092 2.1330485 2.4401003 1.3115179 2.5228471 2.6183847 2.7292006 2.3252342 0.0000000 2.6664909 2.1848452 2.3267227 1.3994889 3.6113610 2.7711986 2.0333162 2.1890663 2.4143755 1.7458503 3.3052603 3.5080927 3.3140141 3.3096512 2.4923796 2.9673112 2.6558584 2.2371854 2.9019544 2.9482488 2.8379537 2.7836227 2.8597345 2.6371652 2.4709597 2.6819456 3.1374109 3.1111748 3.1873636 2.5313703 3.0134845 2.4141759 3.2855375 4.3072792 3.1631593 3.8569883 5.1348593 5.7839829 
Mylflu_EP00047_Mylnosiga_fluctuans_P010275             3.0185627 3.6338968 2.2998436 3.1369491 3.0431534 1.9265710 2.9579729 2.5014390 2.0720004 2.7889914 2.6847851 0.4746221 1.8714514 2.5909259 2.4675675 2.6589323 0.9601260 1.0642440 1.2885151 2.8505458 3.7811068 1.5757855 2.7476333 1.5337898 0.7184834 1.5329074 2.7176065 2.5472020 2.5352040 2.4967547 2.5425367 2.5282577 2.6031630 2.5501260 2.2909873 2.8164952 1.3221187 2.7297163 2.7232193 2.5159662 2.5633715 2.6664909 0.0000000 2.1563361 2.6509443 1.3821663 3.6703309 2.9227385 2.2715438 2.4487528 2.8393406 1.7012747 3.9283487 3.9493364 4.0943647 3.7708586 2.7875040 2.8891999 2.3669311 2.1448755 2.8604489 3.6125631 3.2417319 2.5721830 2.5955846 2.5627573 2.5529247 3.2251625 3.0740354 2.8342257 3.2457617 2.7983778 3.6843462 2.7865191 3.7728878 4.4575316 3.8644724 4.9777060 5.9334415 5.9114785 
Diagra_EP00040_Diaphanoeca_grandis_P032761             2.1494421 2.4212026 2.2798886 2.7986880 2.9015453 2.0916766 2.8985302 2.0681168 2.1561394 2.0492882 1.9371558 0.4833289 1.8936798 1.9044879 1.9659939 2.0915798 0.8078607 0.8597070 1.2427328 2.0285207 2.6917671 1.5619876 2.0335661 1.4958157 0.6175237 1.2101517 2.2084672 1.9033569 2.2110555 2.2226471 2.1591466 2.1549586 2.2510265 2.2030660 1.7330758 2.1112169 1.1296776 1.4264517 1.4889351 2.0520422 2.0532324 2.1848452 2.1563361 0.0000000 2.2046983 1.2809568 3.1754150 3.3695086 2.1033285 2.3707507 2.9280056 1.7267081 3.4239733 3.8121013 3.5581918 3.2706609 2.4019494 2.4694135 1.7627790 1.5408985 2.0681800 2.3491658 2.3058297 2.2888204 2.2827308 2.5040833 2.3575922 2.2621633 2.3950552 2.7446527 2.7167096 2.5736320 2.5491087 2.3038735 3.0814649 3.3783372 4.4636352 4.3653314 5.4823943 5.5221664 
Tcas_TC002647_001                                      2.3803471 2.8742261 2.2594790 2.2715492 2.0712739 1.6630141 2.2134427 2.1045224 1.8726994 2.0411236 2.0005443 0.4077553 1.6950963 2.0801193 2.0673126 2.1661205 1.0498027 1.2664412 1.4545934 2.2292008 2.7451075 1.4302244 2.0945649 1.4264985 1.0080898 1.6833750 2.6494899 1.9539257 2.0507259 2.0393559 2.0656458 2.0577608 2.1392087 2.1518646 2.0193997 2.0251096 1.8038392 2.5846971 2.6832262 2.4154104 1.9944797 2.3267227 2.6509443 2.2046983 0.0000000 1.4292694 3.1791165 2.8248932 2.3039787 2.5623839 2.9962460 1.8840892 3.5234152 3.7993931 3.5070984 3.7686605 2.4765515 2.9061915 2.7386310 2.3797237 2.6883834 2.4749234 2.4780702 2.5558899 2.5449849 2.1561070 2.2870608 2.5034123 2.4208924 2.3839392 3.0184241 1.8896497 2.2191479 2.5040896 3.4114983 3.4489115 3.4883413 4.2441862 5.4948567 5.6431441 
Bolinf_Binf_sb1192186                                  1.6853921 1.7759150 1.6200859 1.3954702 1.3268934 1.4856625 1.4041174 1.3187618 1.3585435 1.5299599 1.4976832 1.0112998 1.4607767 1.5632796 1.5330393 1.6687931 1.5323410 1.8294754 1.3911116 1.4660407 1.0785387 1.4474562 1.4789447 1.4708914 1.2813771 1.5547504 1.5969720 1.4200250 1.3839673 1.3635788 1.3289950 1.3289950 1.3552791 1.3407344 1.3407344 1.3225645 1.3518147 1.5148031 1.5325880 1.4622860 1.3604669 1.3994889 1.3821663 1.2809568 1.4292694 0.0000000 0.1126939 0.3467709 0.4614025 0.4614025 0.4614025 0.5241391 0.3945311 0.4344290 0.4987478 0.5055901 1.6081526 1.9425710 1.4672732 1.4995005 1.3727395 1.3466684 1.4093959 1.5062802 1.6309689 1.4710347 1.5259996 1.1917246 1.4926598 1.3829207 1.8732989 0.9970614 0.9552690 1.6862767 2.0243398 1.7964003 5.6742426 1.1037889 8.9999981 4.9181576 
