93
Emue_Em0015g1131a.t1                                     0.0000000 0.0000010 0.0243493 0.0999238 0.3910452 0.4237219 0.3572890 0.3610926 0.4897402 0.4726641 0.4479693 0.4380983 0.4553306 0.5290194 0.5167175 0.5025864 0.5401454 0.6140011 0.6215081 0.4435299 0.4976895 0.4948981 0.4861851 0.6081233 0.6481373 0.8205152 0.7215929 0.7046237 0.7297597 0.7799013 0.5539799 0.5539799 0.5564520 0.5564520 0.5762878 0.5858218 0.6075199 0.7620789 0.7321794 0.9700674 0.7012827 0.7755752 0.8457286 0.7101273 0.8139816 0.8080076 0.8102941 1.8604472 0.8363118 0.8063785 1.2764073 0.8935074 0.8712944 0.9162604 0.9050207 0.9931537 0.8685766 0.8784366 1.0183738 1.1691955 0.8795804 1.1812081 0.9764793 1.1121798 1.1869146 0.8534830 1.1497468 0.9663018 1.3631809 1.8133285 0.5895334 1.2876927 1.2876927 1.3965399 1.3965399 1.9243349 1.3522066 1.6750188 1.3091843 1.3998542 1.3998542 1.4523547 1.3721768 1.5600942 1.8333128 1.4110054 1.4110054 1.5219534 1.2647842 1.6832367 0.9278002 0.9278002 1.1461093 
Emue_Em0015g1149a.t1                                     0.0000010 0.0000000 0.0160445 0.0850400 0.3728348 0.3934073 0.3519902 0.3414816 0.4095033 0.3969005 0.3915638 0.3729817 0.3921976 0.4354168 0.4271201 0.4400415 0.4598019 0.4786277 0.5030280 0.4148763 0.4169954 0.4292916 0.4356451 0.4929926 0.5261257 0.6815541 0.5940411 0.5794474 0.6066296 0.6300616 0.4566129 0.4566129 0.4624405 0.4624405 0.4758682 0.4818272 0.4884352 0.5947064 0.5810225 0.7114662 0.5628049 0.6313772 0.6822831 0.6083932 0.6716720 0.6812174 0.6573597 0.8519188 0.7327125 0.7134420 1.0845258 0.8394634 0.7358206 0.7824948 0.8350230 0.8530544 0.7000885 0.7554389 0.8217847 0.9724604 0.8590026 1.0533783 0.9169075 1.0162278 1.0636027 0.9877199 1.0476213 0.8420772 1.0935308 1.2776852 0.4492547 1.1474987 1.1594801 1.2072181 1.2072181 1.4559513 1.1598192 1.3146290 1.1677118 1.1662118 1.1662118 1.2518711 1.2137975 1.2892878 1.4142964 1.2145766 1.2145766 1.3028215 1.0958969 1.2776975 0.6399115 0.6399115 0.8094456 
Emue_Em0015g1144a.t1                                     0.0243493 0.0160445 0.0000000 0.1035330 0.3877266 0.4143048 0.3755755 0.3588436 0.4239401 0.4085786 0.4066603 0.3763247 0.4146525 0.4313313 0.4213587 0.4504338 0.4346888 0.4449729 0.4767470 0.4220223 0.4291310 0.3939288 0.4500351 0.4642344 0.5233513 0.6328788 0.5820894 0.5868138 0.5918224 0.6310827 0.4671983 0.4671983 0.4919846 0.4919846 0.5081973 0.5133246 0.5269921 0.6061900 0.6401354 0.6994180 0.5858072 0.5335143 0.5866687 0.5363042 0.5791151 0.6612429 0.6215690 0.8519188 0.6665527 0.6877648 1.0039607 0.7332394 0.7619168 0.7931368 0.8333542 0.8677899 0.6588757 0.7796529 0.8324693 1.0530770 0.8770157 1.0280009 0.9524582 0.9807702 0.9961329 0.9042963 1.0046056 0.7770733 1.1301424 1.3060446 0.4647765 1.0544859 1.0680481 1.0456006 1.0456006 1.2847100 0.9974251 1.1398286 1.0015882 1.0181900 1.0181900 1.0538638 1.0079118 1.1661250 1.2874829 1.0804580 1.0804580 1.1808764 1.0958969 1.3492938 0.7329660 0.7329660 0.8009150 
Spolac_c93881_g1_i1_m.9380c102720-g2                     0.0999238 0.0850400 0.1035330 0.0000000 0.4065417 0.4351094 0.4023640 0.3703453 0.4486907 0.4443641 0.4564328 0.4294818 0.4351721 0.4949699 0.4993539 0.4589315 0.5238741 0.4942128 0.5267707 0.4334525 0.4489693 0.4113070 0.4632298 0.4825820 0.5577404 0.6738237 0.6347736 0.6096365 0.6627486 0.6648416 0.4591121 0.4591121 0.4735524 0.4735524 0.4640076 0.4724000 0.4754939 0.6285345 0.6285365 0.7148629 0.5895045 0.6563644 0.6979082 0.6573291 0.6811449 0.7007193 0.6707397 0.9027349 0.7633654 0.7568334 1.1441293 0.8737938 0.7727371 0.7883138 0.8958987 0.8876078 0.7188007 0.7839015 0.8869593 1.0062080 0.9382809 1.0535318 0.9760017 1.0362074 1.1119592 1.0437272 1.1015536 0.8935213 1.0882945 1.3396737 0.4539587 1.1510682 1.1629024 1.2078001 1.2078001 1.4427329 1.2251498 1.4093762 1.1709741 1.2338105 1.2338105 1.2660646 1.2187348 1.3029969 1.4391084 1.1799484 1.1799484 1.2338075 1.1547355 1.2887420 0.6697850 0.6697850 0.8459539 
Aque_Aqu2.1.36531_001                                    0.3910452 0.3728348 0.3877266 0.4065417 0.0000000 0.0095041 0.1223516 0.2007029 0.4776825 0.4680972 0.4793321 0.4965252 0.4815707 0.5416296 0.5399541 0.4994354 0.5171909 0.4930159 0.5417072 0.3935495 0.4842569 0.4833879 0.4831779 0.4749578 0.5837909 0.6088928 0.6129801 0.6166951 0.6266150 0.6085095 0.5976187 0.5976187 0.5582746 0.5582746 0.5660934 0.5707676 0.5927855 0.5918879 0.6392127 0.7161063 0.6297584 0.6450038 0.6666456 0.5890581 0.6253451 0.6690976 0.7041656 0.8900831 0.6743637 0.6699506 1.1125554 0.8522721 0.7218018 0.7247344 0.8571234 0.8943573 0.6583042 0.7813652 0.8190912 0.9878833 0.9916804 1.0255130 1.0188574 1.0072453 1.1805451 0.9897845 1.1042041 0.9307755 1.2194857 1.3825914 0.3958898 1.0486216 1.0596683 1.1525554 1.1525554 1.3559448 1.1430312 1.2964923 1.1600027 1.1735802 1.1735802 1.1829207 1.2003888 1.2053255 1.3139889 1.2796572 1.2796572 1.1591260 1.0617653 1.2502790 0.7523351 0.7523351 0.7754070 
Aque_Aqu2.1.09692_001                                    0.4237219 0.3934073 0.4143048 0.4351094 0.0095041 0.0000000 0.1268726 0.2049837 0.5098422 0.4989937 0.5032997 0.5220320 0.5101367 0.5732849 0.5714408 0.4973243 0.5480803 0.5115180 0.5640156 0.4282880 0.5318579 0.5228923 0.5060960 0.4806059 0.6183648 0.6508236 0.6643701 0.6683069 0.6818243 0.6596400 0.6185449 0.6185449 0.5754098 0.5754098 0.5836304 0.5882702 0.6206116 0.6124019 0.6284869 0.7509353 0.6889729 0.6382657 0.6612913 0.5857482 0.6175820 0.6914013 0.7453299 0.8900831 0.6758278 0.6817729 1.0114414 0.8498484 0.7021431 0.7128309 0.8424620 0.8728660 0.6534744 0.7819792 0.8384691 1.0119230 1.0251158 0.9997406 1.0202822 1.0184307 1.1957907 1.0054479 1.1178679 0.9626582 1.2194857 1.3988872 0.3959310 1.0389519 1.0505080 1.1701514 1.1701514 1.3396472 1.1446276 1.2811469 1.1581002 1.1768466 1.1768466 1.1868221 1.2005214 1.2105360 1.3203646 1.2460894 1.2460894 1.1609745 0.9516192 1.2558700 0.7523351 0.7523351 0.7018071 
Halamb_c45807_g1_i1mm.1775                               0.3572890 0.3519902 0.3755755 0.4023640 0.1223516 0.1268726 0.0000000 0.1824115 0.4601397 0.4440184 0.4667935 0.4756285 0.4656729 0.4931318 0.4903141 0.4715887 0.5004032 0.4767210 0.5107811 0.4115415 0.4919242 0.4307416 0.4466425 0.4510236 0.5433920 0.5717203 0.5954697 0.5870025 0.5932487 0.5902670 0.5852088 0.5852088 0.5336897 0.5336897 0.5313992 0.5439045 0.5748574 0.5792687 0.5975526 0.6658944 0.5850739 0.6407552 0.6273675 0.5634229 0.5827472 0.5771113 0.6311320 0.9184783 0.6743297 0.6354908 1.0414802 0.8055237 0.6688850 0.7132216 0.7944046 0.8037469 0.6711426 0.7348404 0.7831065 0.9414078 0.8859568 1.0374909 0.9591993 0.9484766 1.0745299 1.0042370 1.0757241 0.8227588 1.0688565 1.2576015 0.3939445 1.0328609 1.0437215 1.1300628 1.1300628 1.3384308 1.1262258 1.2657422 1.1529085 1.1497384 1.1497384 1.1806480 1.1595023 1.1862609 1.2657701 1.2393462 1.2393462 1.1754775 1.0912751 1.1820267 0.7233109 0.7233109 0.8107846 
Xestes_maker-XT_scaffold179288-augustus-gene-0.15-mRNA-1 0.3610926 0.3414816 0.3588436 0.3703453 0.2007029 0.2049837 0.1824115 0.0000000 0.4419327 0.4341998 0.4176530 0.4203172 0.4242127 0.4566823 0.4622864 0.4634398 0.4630738 0.4945235 0.4666851 0.3879993 0.4783847 0.4353331 0.4401683 0.4696677 0.5475477 0.6167497 0.5614211 0.5673853 0.6416641 0.6207884 0.5612788 0.5612788 0.5213960 0.5213960 0.5214160 0.5174051 0.5689268 0.5092137 0.5846165 0.6494708 0.5632162 0.5083939 0.5468488 0.5040268 0.5403402 0.5511888 0.6205236 0.8086190 0.6993348 0.6276590 1.0506987 0.8065686 0.7047704 0.7251629 0.8459666 0.8126074 0.6216963 0.7288176 0.8148224 0.9011778 0.8903526 1.0226808 1.0074706 1.0387564 1.0777722 0.9117897 1.0315065 0.8218717 1.2295562 1.2675336 0.3750757 1.0651342 1.0762307 1.1476071 1.1476071 1.3858857 1.1136663 1.2718076 1.1496018 1.1387429 1.1387429 1.1975188 1.2187911 1.1705031 1.2839776 1.2434617 1.2434617 1.1042147 1.1040147 1.2278670 0.7755633 0.7755633 0.7775466 
Spis_XP_022787655_1                                      0.4897402 0.4095033 0.4239401 0.4486907 0.4776825 0.5098422 0.4601397 0.4419327 0.0000000 0.0220014 0.0798711 0.0726964 0.0989849 0.1354185 0.1356277 0.2349351 0.3154910 0.2975286 0.3452701 0.3933563 0.3515368 0.3861640 0.4285456 0.4275116 0.4908354 0.5234611 0.4359332 0.4182228 0.4811105 0.4521135 0.5208919 0.5208919 0.5226164 0.5226164 0.5235067 0.5222076 0.5293977 0.4373166 0.4865855 0.5997973 0.5116119 0.5417746 0.5457800 0.5252293 0.5593940 0.5563044 0.5991872 0.6393248 0.7633184 0.7724532 1.0357933 0.8165957 0.7384702 0.7909704 0.8790589 0.8779929 0.6276451 0.8935886 0.7974606 0.8701755 0.8054974 0.9503467 0.8916320 1.0426596 1.1120073 1.0399134 1.0994901 0.7536259 0.9021377 1.1096806 0.4761618 1.1635280 1.1756539 1.1741171 1.1741171 1.3647415 1.1136872 1.2562841 1.2377541 1.1688915 1.1688915 1.3203816 1.2001157 1.1611418 1.2545298 1.2709684 1.2709684 1.2428422 0.9107370 1.0687610 0.8264503 0.8264503 0.6732827 
Pocdam_XM_027186374.1                                    0.4726641 0.3969005 0.4085786 0.4443641 0.4680972 0.4989937 0.4440184 0.4341998 0.0220014 0.0000000 0.0694677 0.0586817 0.0842975 0.1201613 0.1101955 0.2234443 0.3166707 0.2936132 0.3273424 0.3904207 0.3545632 0.3786727 0.4302425 0.4231213 0.4827218 0.5208330 0.4397404 0.4266044 0.4687724 0.4538012 0.5172169 0.5172169 0.5142685 0.5142685 0.5151775 0.5139082 0.5210367 0.4523961 0.4975769 0.6043900 0.5047227 0.5422933 0.5501757 0.5009033 0.5453337 0.5530705 0.5947526 0.6389095 0.7671671 0.7682306 1.0303281 0.8124092 0.7260240 0.7775127 0.8606276 0.8681402 0.6103599 0.8803609 0.8038190 0.8767204 0.7943402 0.9584864 0.8886244 1.0351849 1.1046384 1.0150849 1.0684442 0.7380316 0.9122540 1.1018490 0.4705303 1.1608113 1.1728363 1.1734888 1.1734888 1.3866237 1.1009255 1.2399456 1.2368352 1.1558974 1.1558974 1.2916674 1.1804167 1.1799630 1.2772864 1.2702790 1.2702790 1.2746605 0.9033693 1.0662754 0.8406263 0.8406263 0.6711722 
Gasp_gasp1.m3.13100.m1                                   0.4479693 0.3915638 0.4066603 0.4564328 0.4793321 0.5032997 0.4667935 0.4176530 0.0798711 0.0694677 0.0000000 0.0553438 0.0816392 0.1139353 0.1141053 0.2512031 0.2922928 0.3189408 0.3476744 0.3839857 0.3367903 0.3836679 0.4038366 0.4200603 0.4568126 0.4934115 0.4338124 0.4217740 0.4495106 0.4704124 0.5336972 0.5336972 0.5300498 0.5300498 0.5309402 0.5301508 0.5465605 0.4552254 0.4839146 0.6065809 0.4837317 0.5186848 0.5482526 0.5047061 0.5393116 0.5912270 0.5952348 0.6273945 0.7443671 0.7382050 1.0298024 0.7924647 0.7263441 0.7756856 0.8356944 0.8766466 0.6317960 0.8533276 0.8430962 0.8960393 0.7833853 0.9936110 0.9396753 1.0715038 1.1294172 0.9751411 1.0633050 0.7548428 0.9241882 1.1299632 0.4415618 1.1691262 1.1811381 1.1559180 1.1559180 1.3622245 1.1221368 1.2506452 1.2399698 1.1799643 1.1799643 1.3069990 1.1869402 1.2246823 1.3323464 1.2818897 1.2818897 1.2648272 0.8732673 1.1169374 0.7879451 0.7879451 0.6618435 
Fspp_ffun1.m4.21517.m1                                   0.4380983 0.3729817 0.3763247 0.4294818 0.4965252 0.5220320 0.4756285 0.4203172 0.0726964 0.0586817 0.0553438 0.0000000 0.0736701 0.1075292 0.0978411 0.2388067 0.3059776 0.3123459 0.3312427 0.3975608 0.3385758 0.3741079 0.4037740 0.4298018 0.4771302 0.5289285 0.4520778 0.4401700 0.4823760 0.4893428 0.5165312 0.5165312 0.5100270 0.5100270 0.5109447 0.5102014 0.5246743 0.4501536 0.5037127 0.6008375 0.4965799 0.5380886 0.5502852 0.5079806 0.5479867 0.5993447 0.5851339 0.6139974 0.7569368 0.7618130 1.0183807 0.7814239 0.7259717 0.7734960 0.8380689 0.8639500 0.6298341 0.8716618 0.8243200 0.8955967 0.8121973 0.9473083 0.8948694 1.0582590 1.0873655 1.0145152 1.0692779 0.7437551 0.9655124 1.1386876 0.4476425 1.2105213 1.2228558 1.1604043 1.1604043 1.3684828 1.1337994 1.2811673 1.2566690 1.1904188 1.1904188 1.3216041 1.2074898 1.2152815 1.3211393 1.2978182 1.2978182 1.2960367 0.8459238 1.0853675 0.8634087 0.8634087 0.6905091 
Gfas_gfas1.m1.1807.m1                                    0.4553306 0.3921976 0.4146525 0.4351721 0.4815707 0.5101367 0.4656729 0.4242127 0.0989849 0.0842975 0.0816392 0.0736701 0.0000000 0.0952614 0.0953996 0.2653470 0.3249380 0.3187544 0.3542243 0.4167143 0.3708284 0.3978832 0.4531063 0.4379519 0.5043259 0.5293827 0.4689616 0.4516163 0.4993086 0.4929630 0.5556404 0.5556404 0.5412518 0.5412518 0.5421268 0.5340377 0.5605685 0.4761102 0.4847345 0.6298169 0.5304810 0.5720682 0.5756914 0.5382213 0.5756061 0.6230973 0.6030831 0.6188561 0.7650219 0.8017323 1.0497000 0.8021805 0.7257367 0.7749716 0.8566948 0.8218745 0.6286723 0.8829110 0.8166986 0.8496673 0.8196685 0.9640278 0.9138425 1.0481728 1.1338279 1.0646311 1.1098318 0.7804481 0.8973365 1.1665321 0.4475480 1.1613769 1.1733416 1.1343020 1.1343020 1.3311685 1.1197974 1.2615690 1.2265120 1.1624275 1.1624275 1.2932528 1.1951390 1.1607828 1.2468893 1.2516610 1.2516610 1.2899196 0.8213928 1.0502435 0.8173109 0.8173109 0.7073817 
Amil_Amillepora21923-RA                                  0.5290194 0.4354168 0.4313313 0.4949699 0.5416296 0.5732849 0.4931318 0.4566823 0.1354185 0.1201613 0.1139353 0.1075292 0.0952614 0.0000000 0.0087169 0.2905258 0.3512561 0.3225255 0.3872840 0.4574569 0.3961312 0.4004353 0.4818235 0.4380211 0.4910625 0.5691531 0.4814957 0.4597281 0.5109861 0.5161006 0.6095598 0.6095598 0.5811273 0.5811273 0.5819469 0.5849171 0.5808944 0.4742419 0.5082612 0.5872885 0.4967647 0.5585711 0.5434997 0.5467340 0.5786643 0.5920335 0.6026542 0.6641582 0.7889328 0.8111107 1.0670267 0.8207420 0.7474242 0.7671321 0.8670347 0.8923598 0.7313877 0.9166993 0.8030774 0.9463032 0.8378792 0.9563967 0.8992905 1.0822354 1.1368014 1.0074467 1.1253767 0.7946589 1.0096235 1.2415441 0.4455990 1.1784406 1.1906107 1.1352221 1.1352221 1.3370709 1.0892973 1.2270543 1.1943518 1.1574447 1.1574447 1.3003508 1.1917590 1.1456805 1.2383737 1.2892926 1.2892926 1.2554350 0.8415099 1.1296454 0.8740663 0.8740663 0.7836316 
Adig_XM_015899464.1                                      0.5167175 0.4271201 0.4213587 0.4993539 0.5399541 0.5714408 0.4903141 0.4622864 0.1356277 0.1101955 0.1141053 0.0978411 0.0953996 0.0087169 0.0000000 0.2831365 0.3565994 0.3155820 0.3797775 0.4566195 0.3913643 0.3956875 0.4828148 0.4322007 0.4988181 0.5703053 0.4752019 0.4534977 0.5046685 0.5097270 0.6049401 0.6049401 0.5720114 0.5720114 0.5728452 0.5758045 0.5717356 0.4880695 0.5224748 0.6023561 0.5104214 0.5597099 0.5409264 0.5397186 0.5760517 0.5893234 0.6100596 0.6641582 0.7932654 0.8139532 1.0645232 0.8185981 0.7409471 0.7755393 0.8667278 0.9005982 0.7261205 0.9256399 0.8107953 0.9535990 0.8310989 0.9657709 0.9046488 1.0826412 1.1286266 1.0074467 1.1187984 0.8031108 1.0397665 1.2542750 0.4455990 1.1878762 1.2000942 1.1443843 1.1443843 1.3491867 1.0983994 1.2381421 1.2038676 1.1665581 1.1665581 1.2855080 1.1780943 1.1572832 1.2520768 1.2991648 1.2991648 1.2655155 0.8415099 1.1272498 0.8992452 0.8992452 0.7820993 
Nvec_v1g95856                                            0.5025864 0.4400415 0.4504338 0.4589315 0.4994354 0.4973243 0.4715887 0.4634398 0.2349351 0.2234443 0.2512031 0.2388067 0.2653470 0.2905258 0.2831365 0.0000000 0.2543114 0.3167515 0.3423226 0.4304613 0.4222286 0.4130973 0.4702440 0.4197793 0.5425769 0.5312859 0.5010502 0.4825348 0.5332710 0.5393753 0.5400174 0.5400174 0.5488491 0.5488491 0.5497224 0.5440347 0.5693337 0.4526754 0.5465345 0.5983169 0.5523163 0.5826969 0.5726094 0.5535023 0.5458605 0.6388505 0.6026971 0.6910474 0.7275582 0.7566941 0.9742588 0.7496887 0.6984486 0.7582550 0.8818713 0.8251690 0.6459942 0.7924205 0.8097659 0.8685096 0.8120803 1.0612309 0.9553941 1.0923203 1.1416494 0.9116418 1.0088707 0.7598330 0.9820675 1.1462697 0.4559038 1.1765799 1.1887523 1.1795632 1.1795632 1.4192672 1.1591160 1.3095479 1.1506091 1.1787593 1.1787593 1.2325631 1.1970351 1.1662513 1.2976764 1.1758420 1.1758420 1.2762053 0.9077906 1.0869416 0.6732351 0.6732351 0.7298156 
Exapal_XM_021059163.2                                    0.5401454 0.4598019 0.4346888 0.5238741 0.5171909 0.5480803 0.5004032 0.4630738 0.3154910 0.3166707 0.2922928 0.3059776 0.3249380 0.3512561 0.3565994 0.2543114 0.0000000 0.3724508 0.4231303 0.4766278 0.5103633 0.4746926 0.4571945 0.5323654 0.5839846 0.5703861 0.5140055 0.5039759 0.5325066 0.5614409 0.5717801 0.5717801 0.6488028 0.6488028 0.6311999 0.6279885 0.6348840 0.5385467 0.5891140 0.7054947 0.6041861 0.6273402 0.6324610 0.6501180 0.5848448 0.6378461 0.7036200 0.6986362 0.7889355 0.7321735 1.0103343 0.8167276 0.7691488 0.7860380 0.9419645 0.8873434 0.7146534 0.8023951 0.8670320 0.9218307 0.9028266 1.0308222 0.9342529 1.0486882 1.1267139 0.9759869 1.0715007 0.8531160 0.9114426 1.2531566 0.5533602 1.0988195 1.1102194 1.0816133 1.0816133 1.2237061 1.0545923 1.1392572 1.1029918 1.0789557 1.0789557 1.1633851 1.1473521 1.1175659 1.1544452 1.1399755 1.1399755 1.1843552 0.9018045 1.2373443 0.7676360 0.7676360 0.7623833 
Dgig_XM_028544938.1                                      0.6140011 0.4786277 0.4449729 0.4942128 0.4930159 0.5115180 0.4767210 0.4945235 0.2975286 0.2936132 0.3189408 0.3123459 0.3187544 0.3225255 0.3155820 0.3167515 0.3724508 0.0000000 0.1418627 0.4105453 0.4855449 0.4569917 0.4694213 0.4966469 0.5628269 0.5518063 0.4910298 0.4972416 0.5181172 0.5353508 0.5246690 0.5246690 0.5155058 0.5155058 0.5164036 0.5239110 0.5271090 0.5732717 0.6811644 0.7169206 0.5892136 0.5354432 0.5816915 0.5835509 0.6107139 0.6075886 0.6944900 0.7817005 0.8650254 0.8466749 1.1897434 0.9411361 0.8564862 0.8593178 0.9998349 0.8937184 0.8510622 0.9149014 0.8398285 1.0330424 0.9825203 0.9968950 0.9461672 1.0403932 1.1616942 1.0836461 1.1155471 0.8765318 1.1573421 1.3616629 0.5052882 1.1257681 1.1375073 1.1752642 1.1752642 1.3678476 1.1431543 1.3029408 1.1551338 1.1143115 1.1143115 1.1541516 1.1660736 1.1219119 1.1986139 1.2358207 1.2358207 1.1419713 0.9176403 1.1872465 0.7924620 0.7924620 0.7176733 
Xesp_004391-T1                                           0.6215081 0.5030280 0.4767470 0.5267707 0.5417072 0.5640156 0.5107811 0.4666851 0.3452701 0.3273424 0.3476744 0.3312427 0.3542243 0.3872840 0.3797775 0.3423226 0.4231303 0.1418627 0.0000000 0.4706560 0.5695759 0.5246012 0.5318909 0.5589307 0.6588033 0.6390487 0.5354029 0.5491338 0.5856793 0.5854777 0.5796493 0.5796493 0.5997239 0.5997239 0.5896659 0.5892511 0.6094127 0.6631331 0.7269667 0.8483247 0.6169380 0.5817356 0.6129080 0.5692612 0.5887290 0.6683288 0.6985885 0.8350385 0.9278245 0.8692216 1.1905696 0.9486166 0.9223773 0.9394061 1.0724937 0.9332976 0.8373499 0.9034760 0.9261171 0.9801191 0.9968729 1.0575241 1.0464333 1.1189149 1.1219615 1.0793356 1.1449319 0.9284251 1.2592674 1.4331146 0.5768001 1.2097298 1.2220602 1.2513747 1.2513747 1.4912532 1.2271646 1.4005862 1.2403640 1.2088985 1.2088985 1.2718420 1.2541660 1.2155154 1.3176340 1.3192418 1.3192418 1.2754266 1.0036744 1.2844593 0.9102777 0.9102777 0.7873840 
Opea_EP00118_Oscarella_pearsei_P001946                   0.4435299 0.4148763 0.4220223 0.4334525 0.3935495 0.4282880 0.4115415 0.3879993 0.3933563 0.3904207 0.3839857 0.3975608 0.4167143 0.4574569 0.4566195 0.4304613 0.4766278 0.4105453 0.4706560 0.0000000 0.2635180 0.4805939 0.4830293 0.5332763 0.5302209 0.5424445 0.4858612 0.4886344 0.5112705 0.5172253 0.5345469 0.5345469 0.5313996 0.5313996 0.5385340 0.5465300 0.5582255 0.5881865 0.6279194 0.7677368 0.5680558 0.6383470 0.5974666 0.6079271 0.6691110 0.5747653 0.6197888 0.8409726 0.7761246 0.8548465 1.1717859 0.9184932 0.7831626 0.7999827 0.9464930 1.0602441 0.7976795 0.8879674 0.8711344 1.1679642 0.9510754 1.0342763 0.9506557 1.1392000 1.1169365 1.1002133 1.0959934 0.8897695 1.0089907 1.3020142 0.5601411 1.2252157 1.2377014 1.2175708 1.2175708 1.3853429 1.2425037 1.3279684 1.3316959 1.2577474 1.2577474 1.3202509 1.2431262 1.1844239 1.2547158 1.3322037 1.3322037 1.2819902 1.1952351 1.3571516 0.8796181 0.8796181 0.2332677 
Plajan_Pjan_C548699_01                                   0.4976895 0.4169954 0.4291310 0.4489693 0.4842569 0.5318579 0.4919242 0.4783847 0.3515368 0.3545632 0.3367903 0.3385758 0.3708284 0.3961312 0.3913643 0.4222286 0.5103633 0.4855449 0.5695759 0.2635180 0.0000000 0.4350977 0.4388250 0.5407191 0.5165703 0.5614633 0.4718342 0.4360930 0.4481764 0.5067412 0.6244423 0.6244423 0.6351669 0.6351669 0.6278502 0.6367243 0.6355008 0.5891539 0.5827933 0.6944584 0.5229522 0.5962119 0.5722265 0.5765410 0.6145540 0.5402548 0.6178989 0.7633556 0.7677451 0.8380615 1.1538406 0.9050915 0.8748892 0.8989646 0.9708787 0.9757821 0.6765065 0.8722709 0.9251126 1.1554188 0.8899533 1.0564180 0.9216303 1.0933994 1.2284430 1.0528768 1.1209995 0.9285267 1.1160169 1.3556514 0.4690830 1.1927513 1.2051012 1.2284013 1.2284013 1.4249122 1.2309558 1.3377558 1.3735830 1.2791437 1.2791437 1.3522692 1.2797094 1.3227864 1.4192639 1.3700904 1.3700904 1.2744181 1.1427010 1.3214251 0.7654271 0.7654271 0.5922770 
Skow_XM_002736576.2                                      0.4948981 0.4292916 0.3939288 0.4113070 0.4833879 0.5228923 0.4307416 0.4353331 0.3861640 0.3786727 0.3836679 0.3741079 0.3978832 0.4004353 0.3956875 0.4130973 0.4746926 0.4569917 0.5246012 0.4805939 0.4350977 0.0000000 0.3916548 0.3497170 0.4490570 0.5354861 0.4941849 0.4819480 0.5211942 0.5088055 0.5846344 0.5846344 0.5618850 0.5618850 0.5492584 0.5598537 0.5800104 0.4733181 0.5223474 0.6056480 0.5599992 0.5881688 0.5946752 0.4881982 0.5888595 0.6215264 0.6479893 0.8134905 0.7212890 0.7213822 1.0349731 0.7807275 0.6908588 0.7054804 0.7758097 0.9263321 0.7554822 0.8952397 0.8934958 0.9507913 0.9094457 1.0216681 0.9812254 1.0633826 1.0923511 0.9769017 1.0208026 0.7978684 0.8415870 1.1608396 0.4657049 1.1135293 1.1253357 1.0871309 1.0871309 1.2910178 1.0702196 1.1839173 1.1330316 1.1527411 1.1527411 1.2461187 1.1313695 1.2386715 1.3443852 1.2374880 1.2374880 1.2170183 0.8960289 1.1979672 0.7768108 0.7768108 0.8508250 
Hsap_ENST00000246868                                     0.4861851 0.4356451 0.4500351 0.4632298 0.4831779 0.5060960 0.4466425 0.4401683 0.4285456 0.4302425 0.4038366 0.4037740 0.4531063 0.4818235 0.4828148 0.4702440 0.4571945 0.4694213 0.5318909 0.4830293 0.4388250 0.3916548 0.0000000 0.4632956 0.4412014 0.5683390 0.5571117 0.5643175 0.5762815 0.5679926 0.5105894 0.5105894 0.5044038 0.5044038 0.4918853 0.5044823 0.5209625 0.4921634 0.5426671 0.6813575 0.4661887 0.6017019 0.6667408 0.6456512 0.6425687 0.6675158 0.6856632 0.7293451 0.7180036 0.7702791 1.2434228 0.9500814 0.8805389 0.9081197 0.9667514 0.8404370 0.7553915 0.7966054 0.8979482 1.0056267 0.8713594 1.2606074 1.1510028 1.1873997 1.1863363 1.0691169 1.1317083 0.8799490 1.0205653 1.3010390 0.4931579 1.1829008 1.1920732 1.1564670 1.1564670 1.3430864 1.1406899 1.2569129 1.1829621 1.1905686 1.1905686 1.2340470 1.2237781 1.2216630 1.3199458 1.2432122 1.2432122 1.0975919 1.2396519 1.2814558 0.7932900 0.7932900 0.9385521 
Spur_XM_030991819.1                                      0.6081233 0.4929926 0.4642344 0.4825820 0.4749578 0.4806059 0.4510236 0.4696677 0.4275116 0.4231213 0.4200603 0.4298018 0.4379519 0.4380211 0.4322007 0.4197793 0.5323654 0.4966469 0.5589307 0.5332763 0.5407191 0.3497170 0.4632956 0.0000000 0.4865911 0.6050703 0.6021063 0.6031569 0.6043232 0.5788605 0.6141988 0.6141988 0.5823005 0.5823005 0.5887630 0.5829830 0.6092350 0.5226186 0.5253395 0.5771206 0.5133169 0.6392678 0.6484731 0.5602663 0.6227315 0.7168652 0.6731533 0.7919881 0.7327536 0.7185702 1.0608121 0.8150410 0.7164851 0.7583514 0.8209455 0.8389601 0.7293289 0.8469184 0.8887610 1.0840723 0.8219918 0.9816033 0.9922406 1.0050578 1.1151961 0.8403773 0.9851397 0.7873116 0.8593338 1.1381710 0.4178390 1.1557250 1.1645932 1.1076682 1.1076682 1.2749609 1.1156203 1.2372966 1.1722659 1.1581244 1.1581244 1.2607688 1.1853041 1.2233712 1.2771363 1.2174000 1.2174000 1.1959760 0.8727200 1.1116274 0.7765182 0.7765182 0.9465201 
Bralan_BLAG01001600_1                                    0.6481373 0.5261257 0.5233513 0.5577404 0.5837909 0.6183648 0.5433920 0.5475477 0.4908354 0.4827218 0.4568126 0.4771302 0.5043259 0.4910625 0.4988181 0.5425769 0.5839846 0.5628269 0.6588033 0.5302209 0.5165703 0.4490570 0.4412014 0.4865911 0.0000000 0.6673653 0.6037546 0.6017537 0.6085263 0.5816367 0.6748734 0.6748734 0.6489092 0.6489092 0.6473989 0.6374761 0.6502062 0.5505402 0.5413079 0.5980499 0.5364137 0.5938048 0.6015202 0.5957201 0.5902921 0.5584476 0.6975653 0.7531563 0.7177189 0.8226769 1.1416655 0.8794973 0.8222133 0.8419209 0.8612343 1.0299608 0.8286213 0.7880727 0.9273278 1.0934675 0.8921540 1.1730446 1.0805516 1.0776245 1.3236136 1.0083035 1.1522965 0.9467055 1.2059643 1.3698464 0.4981888 1.1364394 1.1483012 1.0564822 1.0564822 1.2127636 1.1262958 1.1946679 1.1344563 1.1614190 1.1614190 1.1956460 1.1120034 1.1855371 1.2447837 1.2187197 1.2187197 1.2211436 1.1462720 1.3077898 0.7820569 0.7820569 0.9781409 
Morvir_scaffold101.g26.t1                                0.8205152 0.6815541 0.6328788 0.6738237 0.6088928 0.6508236 0.5717203 0.6167497 0.5234611 0.5208330 0.4934115 0.5289285 0.5293827 0.5691531 0.5703053 0.5312859 0.5703861 0.5518063 0.6390487 0.5424445 0.5614633 0.5354861 0.5683390 0.6050703 0.6673653 0.0000000 0.3592295 0.3810724 0.3408954 0.3306158 0.7330885 0.7330885 0.7136788 0.7136788 0.6858037 0.6916992 0.7222917 0.7108621 0.6993039 0.7944489 0.6650841 0.6427793 0.6566851 0.6627882 0.5941607 0.6938344 0.5620513 0.7777105 0.8799631 0.8996010 1.1142835 0.9053637 0.8134273 0.8289261 0.9868917 0.9289831 0.8306709 0.8922947 0.8638797 1.0982227 0.9812501 0.9959741 0.9620752 0.9938067 1.1505164 1.1518190 1.0973569 0.8377951 1.0148064 1.2899852 0.5520168 1.1175692 1.1264231 1.1490571 1.1490571 1.2659483 1.0942409 1.1534687 1.1748712 1.1485256 1.1485256 1.2508953 1.1869111 1.1557918 1.1574066 1.1467977 1.1467977 1.2554997 1.1070627 1.2307494 0.9067341 0.9067341 0.9650223 
Nemnom_g7645.t1                                          0.7215929 0.5940411 0.5820894 0.6347736 0.6129801 0.6643701 0.5954697 0.5614211 0.4359332 0.4397404 0.4338124 0.4520778 0.4689616 0.4814957 0.4752019 0.5010502 0.5140055 0.4910298 0.5354029 0.4858612 0.4718342 0.4941849 0.5571117 0.6021063 0.6037546 0.3592295 0.0000000 0.0554590 0.1540685 0.1522977 0.6613837 0.6613837 0.6106854 0.6106854 0.6176297 0.6173333 0.6506411 0.7038328 0.7277790 0.8380801 0.6627920 0.6894032 0.6301438 0.5846049 0.7123642 0.6890213 0.4755399 0.7183495 0.8918340 0.8682881 1.0316960 0.7962064 0.8603509 0.8403966 1.0508417 0.9867054 0.8199358 0.9356219 0.9076051 1.1669833 0.8115980 0.9958041 0.9632255 1.0947428 1.1093401 1.0811417 1.0809822 0.8845046 1.0530272 1.3474681 0.5518872 1.2428077 1.2556895 1.3222701 1.3222701 1.5032213 1.2586652 1.3769959 1.3189366 1.3047388 1.3047388 1.3670116 1.3590178 1.3287724 1.3773030 1.3164527 1.3164527 1.3474967 1.1762201 1.3447113 1.0847335 1.0847335 0.8367531 
Rhoesc_Res_006665-T1                                     0.7046237 0.5794474 0.5868138 0.6096365 0.6166951 0.6683069 0.5870025 0.5673853 0.4182228 0.4266044 0.4217740 0.4401700 0.4516163 0.4597281 0.4534977 0.4825348 0.5039759 0.4972416 0.5491338 0.4886344 0.4360930 0.4819480 0.5643175 0.6031569 0.6017537 0.3810724 0.0554590 0.0000000 0.1800055 0.1778721 0.6879851 0.6879851 0.6304963 0.6304963 0.6319232 0.6316938 0.6751443 0.6918495 0.6848703 0.8008474 0.6324561 0.6418607 0.6184441 0.5908080 0.7131522 0.6325753 0.4680255 0.7493206 0.8225095 0.8473304 1.0684174 0.8265677 0.8153798 0.7992116 1.0027492 0.9541456 0.8078037 0.8902600 0.8988779 1.0976131 0.7716777 0.9425764 0.9088725 1.0737496 1.1057921 1.1442160 1.0908111 0.9234845 1.1080216 1.3655508 0.5102209 1.2231055 1.2357667 1.3419535 1.3419535 1.5216183 1.2080448 1.3385621 1.3112261 1.2733191 1.2733191 1.3115327 1.3223226 1.2893165 1.3294593 1.3321762 1.3321762 1.2835141 1.1575591 1.2945096 0.9958698 0.9958698 0.8933085 
Aaur_scaffold1335.g2.t1                                  0.7297597 0.6066296 0.5918224 0.6627486 0.6266150 0.6818243 0.5932487 0.6416641 0.4811105 0.4687724 0.4495106 0.4823760 0.4993086 0.5109861 0.5046685 0.5332710 0.5325066 0.5181172 0.5856793 0.5112705 0.4481764 0.5211942 0.5762815 0.6043232 0.6085263 0.3408954 0.1540685 0.1800055 0.0000000 0.1579571 0.7073550 0.7073550 0.6751767 0.6751767 0.6738192 0.6833165 0.6915080 0.7764220 0.7347374 0.8399377 0.6431151 0.6759577 0.6305787 0.6106456 0.7048335 0.6681034 0.5610183 0.7467038 0.9102244 0.9125207 1.1261250 0.8943450 0.8506366 0.8395219 1.0071110 0.9685826 0.8163482 0.9060806 0.9366782 1.1610092 0.8587245 0.9916547 0.9060347 1.0852488 1.1313960 1.1717102 1.0680194 0.9461871 1.1887414 1.3936899 0.5654279 1.1971174 1.2095106 1.2117450 1.2117450 1.3688039 1.1720934 1.2745407 1.2067643 1.1681400 1.1681400 1.2598466 1.2693102 1.2670445 1.3070752 1.2462287 1.2462287 1.2776175 1.1892832 1.3140340 0.9653287 0.9653287 0.8360992 
Sanmal_Sma_018635-T1                                     0.7799013 0.6300616 0.6310827 0.6648416 0.6085095 0.6596400 0.5902670 0.6207884 0.4521135 0.4538012 0.4704124 0.4893428 0.4929630 0.5161006 0.5097270 0.5393753 0.5614409 0.5353508 0.5854777 0.5172253 0.5067412 0.5088055 0.5679926 0.5788605 0.5816367 0.3306158 0.1522977 0.1778721 0.1579571 0.0000000 0.7138034 0.7138034 0.6567722 0.6567722 0.6408596 0.6485492 0.6634537 0.7370274 0.7565125 0.8544898 0.6541909 0.6748300 0.5833596 0.5929007 0.7006611 0.6527029 0.5143251 0.7206421 0.8632727 0.8758761 1.0957234 0.8533350 0.8470382 0.8450511 1.0324535 0.9803579 0.7738242 0.9009220 0.9494530 1.1328320 0.8569401 1.0157865 0.9210863 1.0438241 1.0803493 1.0763129 0.9947603 0.8946572 1.1030280 1.4061424 0.5091099 1.1942405 1.2066578 1.2264693 1.2264693 1.3882269 1.1758511 1.2899736 1.2407379 1.1588579 1.1588579 1.2715468 1.2989339 1.2186803 1.2514897 1.2572315 1.2572315 1.2130181 1.1428284 1.3142827 0.9937279 0.9937279 0.8814415 
TrH2_TrispH2_006848-RA                                   0.5539799 0.4566129 0.4671983 0.4591121 0.5976187 0.6185449 0.5852088 0.5612788 0.5208919 0.5172169 0.5336972 0.5165312 0.5556404 0.6095598 0.6049401 0.5400174 0.5717801 0.5246690 0.5796493 0.5345469 0.6244423 0.5846344 0.5105894 0.6141988 0.6748734 0.7330885 0.6613837 0.6879851 0.7073550 0.7138034 0.0000000 0.0000010 0.0912931 0.0912931 0.0888231 0.0943532 0.0840639 0.7128117 0.6934882 0.8597946 0.6700520 0.7109715 0.7088768 0.6821936 0.7290026 0.7185985 0.8535733 0.7520905 0.8563373 0.9296343 1.2200870 0.9856579 0.9200769 0.9614949 1.0462466 1.0150123 0.8057727 1.0420376 0.9488438 1.1288976 1.0114592 1.1967380 1.0784342 1.2109754 1.2939864 1.0796060 1.0466482 0.9908070 1.2861183 1.4865692 0.6252705 1.3315870 1.3452950 1.3793546 1.3793546 1.5759485 1.3403130 1.5043984 1.3903729 1.3185618 1.3185618 1.4254704 1.4097619 1.3974675 1.4844069 1.4170812 1.4170812 1.3995395 1.2881146 1.3072395 0.9027507 0.9027507 0.9464875 
Tadh_TriadT28466                                         0.5539799 0.4566129 0.4671983 0.4591121 0.5976187 0.6185449 0.5852088 0.5612788 0.5208919 0.5172169 0.5336972 0.5165312 0.5556404 0.6095598 0.6049401 0.5400174 0.5717801 0.5246690 0.5796493 0.5345469 0.6244423 0.5846344 0.5105894 0.6141988 0.6748734 0.7330885 0.6613837 0.6879851 0.7073550 0.7138034 0.0000010 0.0000000 0.0912931 0.0912931 0.0888231 0.0943532 0.0840639 0.7128117 0.6934882 0.8597946 0.6700520 0.7109715 0.7088768 0.6821936 0.7290026 0.7185985 0.8535733 0.7520905 0.8563373 0.9296343 1.2200870 0.9856579 0.9200769 0.9614949 1.0462466 1.0150123 0.8057727 1.0420376 0.9488438 1.1288976 1.0114592 1.1967380 1.0784342 1.2109754 1.2939864 1.0796060 1.0466482 0.9908070 1.2861183 1.4865692 0.6252705 1.3315870 1.3452950 1.3793546 1.3793546 1.5759485 1.3403130 1.5043984 1.3903729 1.3185618 1.3185618 1.4254704 1.4097619 1.3974675 1.4844069 1.4170812 1.4170812 1.3995395 1.2881146 1.3072395 0.9027507 0.9027507 0.9464875 
Hhon_g02612.t1                                           0.5564520 0.4624405 0.4919846 0.4735524 0.5582746 0.5754098 0.5336897 0.5213960 0.5226164 0.5142685 0.5300498 0.5100270 0.5412518 0.5811273 0.5720114 0.5488491 0.6488028 0.5155058 0.5997239 0.5313996 0.6351669 0.5618850 0.5044038 0.5823005 0.6489092 0.7136788 0.6106854 0.6304963 0.6751767 0.6567722 0.0912931 0.0912931 0.0000000 0.0000010 0.0224845 0.0365773 0.0743667 0.6779165 0.7034336 0.7833596 0.6239333 0.6650006 0.6730842 0.6684782 0.6916490 0.6850620 0.7985328 0.7767802 0.8172121 0.9766727 1.2444713 1.0001440 0.8942622 0.9291646 1.0388548 1.0302742 0.8117766 1.0636663 0.9308509 1.1316861 0.9681649 1.1965049 1.0900198 1.2248498 1.2809320 1.0659900 1.0955239 0.9448994 1.2672212 1.4441522 0.5594745 1.3012710 1.3147120 1.3281950 1.3281950 1.5068147 1.2771924 1.4127599 1.3414260 1.2721558 1.2721558 1.4157696 1.3636847 1.3816324 1.4528391 1.3984183 1.3984183 1.3495687 1.1807045 1.2542646 0.8868625 0.8868625 0.9494208 
HoiH04_mRNA15158                                         0.5564520 0.4624405 0.4919846 0.4735524 0.5582746 0.5754098 0.5336897 0.5213960 0.5226164 0.5142685 0.5300498 0.5100270 0.5412518 0.5811273 0.5720114 0.5488491 0.6488028 0.5155058 0.5997239 0.5313996 0.6351669 0.5618850 0.5044038 0.5823005 0.6489092 0.7136788 0.6106854 0.6304963 0.6751767 0.6567722 0.0912931 0.0912931 0.0000010 0.0000000 0.0224845 0.0365773 0.0743667 0.6779165 0.7034336 0.7833596 0.6239333 0.6650006 0.6730842 0.6684782 0.6916490 0.6850620 0.7985328 0.7767802 0.8172121 0.9766727 1.2444713 1.0001440 0.8942622 0.9291646 1.0388548 1.0302742 0.8117766 1.0636663 0.9308509 1.1316861 0.9681649 1.1965049 1.0900198 1.2248498 1.2809320 1.0659900 1.0955239 0.9448994 1.2672212 1.4441522 0.5594745 1.3012710 1.3147120 1.3281950 1.3281950 1.5068147 1.2771924 1.4127599 1.3414260 1.2721558 1.2721558 1.4157696 1.3636847 1.3816324 1.4528391 1.3984183 1.3984183 1.3495687 1.1807045 1.2542646 0.8868625 0.8868625 0.9494208 
HoiH06_mRNA2305                                          0.5762878 0.4758682 0.5081973 0.4640076 0.5660934 0.5836304 0.5313992 0.5214160 0.5235067 0.5151775 0.5309402 0.5109447 0.5421268 0.5819469 0.5728452 0.5497224 0.6311999 0.5164036 0.5896659 0.5385340 0.6278502 0.5492584 0.4918853 0.5887630 0.6473989 0.6858037 0.6176297 0.6319232 0.6738192 0.6408596 0.0888231 0.0888231 0.0224845 0.0224845 0.0000000 0.0176355 0.0494077 0.6786459 0.7016527 0.7921912 0.6053232 0.6563299 0.6604257 0.6522727 0.6692399 0.6678199 0.7758312 0.7426949 0.8049476 0.9662421 1.2295677 0.9876987 0.9024388 0.9370986 1.0336345 1.0144199 0.7917886 1.0298586 0.9385737 1.0895111 0.9781450 1.1755141 1.0715407 1.1753625 1.2243295 1.0411882 1.0591703 0.9253957 1.1976468 1.4511866 0.5733975 1.2865613 1.2999814 1.3107044 1.3107044 1.4851618 1.2773672 1.4139238 1.3280726 1.2665130 1.2665130 1.4015495 1.3700190 1.3501669 1.4151859 1.3715713 1.3715713 1.3066457 1.1725002 1.2682772 0.8814601 0.8814601 0.9725325 
HoiH23_PlH23_000631-RA                                   0.5858218 0.4818272 0.5133246 0.4724000 0.5707676 0.5882702 0.5439045 0.5174051 0.5222076 0.5139082 0.5301508 0.5102014 0.5340377 0.5849171 0.5758045 0.5440347 0.6279885 0.5239110 0.5892511 0.5465300 0.6367243 0.5598537 0.5044823 0.5829830 0.6374761 0.6916992 0.6173333 0.6316938 0.6833165 0.6485492 0.0943532 0.0943532 0.0365773 0.0365773 0.0176355 0.0000000 0.0558004 0.6842002 0.7044485 0.7983692 0.6133878 0.6507573 0.6549319 0.6476323 0.6635922 0.6602214 0.7772777 0.7464902 0.8059531 0.9617748 1.2166908 0.9830471 0.8897259 0.9242732 1.0166923 1.0215972 0.7983744 1.0182447 0.9281145 1.0779772 0.9910656 1.1605720 1.0687452 1.1870920 1.2506342 1.0187560 1.0511657 0.9294813 1.1866491 1.4398860 0.5593332 1.3028804 1.3164125 1.3462066 1.3462066 1.5204840 1.2930803 1.4218319 1.3246650 1.2876494 1.2876494 1.4179704 1.3909361 1.3692971 1.4267216 1.3838848 1.3838848 1.3104602 1.1881759 1.2506323 0.8815661 0.8815661 0.9755325 
HoiH11_mRNA8389                                          0.6075199 0.4884352 0.5269921 0.4754939 0.5927855 0.6206116 0.5748574 0.5689268 0.5293977 0.5210367 0.5465605 0.5246743 0.5605685 0.5808944 0.5717356 0.5693337 0.6348840 0.5271090 0.6094127 0.5582255 0.6355008 0.5800104 0.5209625 0.6092350 0.6502062 0.7222917 0.6506411 0.6751443 0.6915080 0.6634537 0.0840639 0.0840639 0.0743667 0.0743667 0.0494077 0.0558004 0.0000000 0.6973642 0.7198705 0.8303492 0.6376717 0.6983561 0.7009260 0.7244231 0.7258468 0.6927951 0.8083248 0.7551493 0.8607087 0.9940163 1.2918638 1.0491971 0.9361445 0.9713144 1.0752006 1.0603768 0.8353193 1.0551224 0.9558952 1.1175531 1.0272030 1.1739074 1.0561499 1.1603470 1.2520395 1.0198913 1.0481567 0.9561815 1.2623369 1.4890085 0.5868373 1.3375835 1.3514895 1.3566578 1.3566578 1.5225208 1.3083245 1.4426522 1.3692445 1.3007637 1.3007637 1.4349647 1.3972181 1.3826754 1.4438318 1.4245554 1.4245554 1.3450378 1.2370626 1.2921818 0.8710574 0.8710574 0.9678402 
Acagra_model.g32005.t1.1.5d3b8c56                        0.7620789 0.5947064 0.6061900 0.6285345 0.5918879 0.6124019 0.5792687 0.5092137 0.4373166 0.4523961 0.4552254 0.4501536 0.4761102 0.4742419 0.4880695 0.4526754 0.5385467 0.5732717 0.6631331 0.5881865 0.5891539 0.4733181 0.4921634 0.5226186 0.5505402 0.7108621 0.7038328 0.6918495 0.7764220 0.7370274 0.7128117 0.7128117 0.6779165 0.6779165 0.6786459 0.6842002 0.6973642 0.0000000 0.2792170 0.3319342 0.5016051 0.6073294 0.6346231 0.6217040 0.6441335 0.6525508 0.7630627 0.6289323 0.6853828 0.8246943 1.1437656 0.8775047 0.6876507 0.7113440 0.8443583 0.8021043 0.6544008 0.8486186 0.8839839 1.0458377 1.0029077 1.1027059 0.9052500 1.0071595 1.2969096 1.0186080 1.0919590 0.8197350 0.9114798 1.1433342 0.5465928 1.0051016 1.0159005 0.9924565 0.9924565 1.1570892 0.9234503 1.0519296 0.9593267 0.9318757 0.9318757 1.0080489 1.0036770 1.0442873 1.1744949 1.1498293 1.1498293 1.0100323 0.6662331 1.1662858 0.7494156 0.7494156 1.0039796 
Cgig_XM_011429601.3                                      0.7321794 0.5810225 0.6401354 0.6285365 0.6392127 0.6284869 0.5975526 0.5846165 0.4865855 0.4975769 0.4839146 0.5037127 0.4847345 0.5082612 0.5224748 0.5465345 0.5891140 0.6811644 0.7269667 0.6279194 0.5827933 0.5223474 0.5426671 0.5253395 0.5413079 0.6993039 0.7277790 0.6848703 0.7347374 0.7565125 0.6934882 0.6934882 0.7034336 0.7034336 0.7016527 0.7044485 0.7198705 0.2792170 0.0000000 0.4256155 0.5399994 0.6688943 0.6757361 0.6550371 0.6389714 0.6974383 0.8131467 0.6535036 0.7266549 0.8282780 1.1347026 0.8947096 0.7560653 0.7916126 0.9158374 0.8436785 0.7367710 0.8597685 0.9362029 1.1538099 0.9075639 1.1822877 1.0946956 1.1386010 1.3038570 1.0843991 1.1893048 0.8234579 0.8749560 1.1799772 0.5880927 1.1022377 1.1139115 1.0746951 1.0746951 1.1646272 0.9927213 1.0284713 1.0900358 1.0040384 1.0040384 1.1693353 1.0257801 1.0750549 1.1097925 1.1876940 1.1876940 1.0019565 0.5970676 1.3291220 0.6553654 0.6553654 1.0529629 
Ctel_gnl_WGS_AMQN_CAPTEDRAFT_mRNA17802                   0.9700674 0.7114662 0.6994180 0.7148629 0.7161063 0.7509353 0.6658944 0.6494708 0.5997973 0.6043900 0.6065809 0.6008375 0.6298169 0.5872885 0.6023561 0.5983169 0.7054947 0.7169206 0.8483247 0.7677368 0.6944584 0.6056480 0.6813575 0.5771206 0.5980499 0.7944489 0.8380801 0.8008474 0.8399377 0.8544898 0.8597946 0.8597946 0.7833596 0.7833596 0.7921912 0.7983692 0.8303492 0.3319342 0.4256155 0.0000000 0.6361653 0.6557228 0.7153103 0.6919670 0.7138481 0.6955359 0.8429829 0.7597010 0.8271224 0.9574697 1.2948528 1.0062007 0.9088545 0.8619262 1.0558767 0.9847378 0.7949036 0.9168837 1.0050561 1.2832236 1.1687267 1.2865887 1.1109199 1.2071265 1.3847201 1.2723912 1.2013632 0.9792896 1.3344838 1.3147857 0.5326229 1.0879038 1.0992986 1.1183279 1.1183279 1.3068843 1.0518457 1.1962294 1.0947226 1.1517288 1.1517288 1.2180281 1.1408700 1.1835458 1.2950901 1.2272326 1.2272326 1.1432288 0.6032396 1.3067961 0.8101179 0.8101179 1.1604718 
