94
Emue_Em0015g1009a.t1                                               0.0000000 0.0910584 0.1276888 0.1506727 0.1597566 0.1603257 0.2369156 0.2369156 0.2369156 0.2497874 0.2143031 0.2143031 0.2349366 0.2169086 0.2349179 0.2163032 0.2510195 0.2752622 0.2743147 0.2743147 0.2740315 0.2570266 0.2908471 0.2367750 0.2850304 0.4687715 0.4687715 0.3830456 0.3655490 0.3655490 0.3655490 0.3655490 0.4382716 0.4382716 0.4137931 0.4137931 0.4350355 0.4323560 0.3961684 0.3680530 0.4110163 0.2918113 0.2866216 0.2570547 0.2913093 0.6980882 0.2499040 0.2926272 0.2710786 0.2834262 0.3272513 0.5516319 0.2610676 0.2787276 0.2960632 0.3605138 0.3250983 0.3016010 0.3771623 0.4081882 0.4030542 0.3827144 0.4081366 0.3662244 0.4971488 0.5010610 0.4916372 0.3985732 0.4756946 0.3980050 0.3607964 0.3831722 0.3945455 0.2726426 0.2483318 0.0000010 0.3767148 0.4582323 0.5011127 0.4654364 0.6735497 1.0372280 0.4917367 1.2346245 2.0566304 2.7902595 2.1018150 3.0065979 3.7869252 0.5170616 1.3259316 4.0745302 3.7807241 3.3358807 
Spolac_c102628_g3_i1_m.30259c102628-g3                             0.0910584 0.0000000 0.0763500 0.3552348 0.4107333 0.4516033 0.7710169 0.7870147 0.7643799 0.3952780 0.7827388 0.7827388 0.9851237 0.1613312 0.7529626 0.6295233 0.7129901 0.8023433 0.7429132 0.7312248 0.8449503 0.8954727 0.8968910 0.7213521 0.6996893 1.4066365 0.9682581 0.8218746 1.3003069 1.3003069 0.3740001 0.3740001 1.2901731 1.2901731 1.3950213 1.4821823 1.5170211 1.4367697 1.2360110 1.2226616 1.4948244 0.6998626 0.8205311 0.8155204 0.9253748 0.8082410 0.7393694 0.8858056 0.8183583 0.8472496 0.9180460 1.5744947 0.7500916 0.7846798 1.1085809 1.0951588 1.1447598 1.0061351 1.1311115 0.9083337 1.0071489 1.3024749 0.9378178 1.1215773 1.3038848 1.2339597 1.1481545 1.3854719 1.2810875 1.0286512 0.9669568 0.8233961 1.1038005 1.2069712 0.7879531 8.9999987 0.9874296 1.2573835 1.2648796 1.3529347 1.6489581 1.5349135 0.9874396 1.3769666 2.3099129 2.9181142 3.2941986 4.4750914 4.4320985 2.1603489 4.5455373 4.7450563 4.8958760 5.6716330 
Xestes_maker-XT_scaffold2912-augustus-gene-0.29-mRNA-1             0.1276888 0.0763500 0.0000000 0.0825041 0.1261479 0.1032255 0.2475318 0.2475318 0.2455100 0.2492674 0.2189207 0.2189207 0.2527013 0.1495324 0.2377593 0.2208524 0.2648655 0.2806518 0.2880420 0.2880420 0.2855730 0.2991867 0.2901327 0.1889013 0.2173317 0.5845702 0.5845702 0.5349227 0.4725034 0.4725034 0.3867155 0.3867155 0.5637191 0.5637191 0.5311863 0.5311863 0.5546518 0.5527121 0.4929924 0.5195802 0.6143667 0.3708700 0.2951787 0.2577942 0.2940153 0.7939800 0.2886981 0.2764555 0.2962849 0.2813230 0.3512328 0.4060384 0.2325744 0.2581323 0.4419269 0.4068621 0.3597201 0.4228482 0.4559280 0.4426970 0.4208483 0.4697302 0.5109113 0.4534508 0.5651247 0.5564825 0.6067493 0.4525181 0.5015359 0.4010155 0.3808071 0.4106939 0.5207828 0.4890197 0.2576246 0.0000010 0.3998399 0.4724665 0.5629085 0.5584126 0.7037959 0.7461651 0.4280954 1.3908605 2.3501753 3.1618734 2.8436894 3.3062234 4.0291274 0.6083926 1.3465763 4.5118834 3.5437531 3.1666846 
Halamb_c41932_g1_i2mm.1026                                         0.1506727 0.3552348 0.0825041 0.0000000 0.2662663 0.4052923 0.7095098 0.7095098 0.7574521 0.4289604 0.7360148 0.7360148 0.9204942 0.1945456 0.7521742 0.7475354 0.8112796 0.8199677 0.7401162 0.7450130 0.7645694 0.7851065 0.9169502 0.6902825 0.6917387 1.2038774 0.9050299 0.7874548 1.2098627 1.2098627 0.4281552 0.4281552 1.2147214 1.2147214 1.2011674 1.3016872 1.3518780 1.2147962 1.0381922 1.1132693 1.3918407 0.6593963 0.7597326 0.7069507 0.9019258 0.8184260 0.8380616 0.8061139 0.8013905 0.8248220 0.8347814 1.4386281 0.6555539 0.6700511 1.1015586 1.0683786 1.0526157 1.1061946 1.2765879 0.9401750 1.0166355 1.1540302 0.9662498 1.1506819 1.2205200 1.0885904 1.1463776 1.1140894 1.0312661 0.9630569 1.0536596 0.8745920 1.1839489 1.1891049 0.7342485 8.9999987 0.9035882 1.2153215 1.2442445 1.3328458 1.4439652 1.2522923 0.9898235 1.4752869 2.2766532 3.1999048 3.3157077 4.7188541 4.4829591 1.8925983 3.6967206 4.6672572 5.2815080 4.8650787 
Aque_Aqu2.1.20545_001                                              0.1597566 0.4107333 0.1261479 0.2662663 0.0000000 0.3720983 0.7367108 0.7367108 0.7328274 0.4438750 0.8131704 0.8131704 0.9656461 0.1889581 0.8001158 0.7154265 0.7742562 0.7861535 0.8065191 0.7845126 0.8156596 0.7107018 0.8842472 0.5918201 0.5807949 1.0325654 0.8614556 0.7159600 1.0207403 1.0207403 0.3473124 0.3473124 1.0108773 1.0108773 0.9720495 1.0821920 1.0639360 0.9974215 0.9292573 0.9760829 1.1726720 0.6483818 0.7221917 0.6964553 0.8638634 0.7648460 0.8294089 0.7526603 0.7258598 0.7214220 0.8966813 1.3731502 0.6693323 0.7063612 0.9752514 1.0603303 0.9999300 1.1559742 1.1366055 0.9309135 1.0826846 1.1769009 0.9950709 1.0236138 1.1394589 1.0623251 1.1861270 0.9954542 1.1308935 0.9324886 1.0418744 0.8024811 1.1153515 1.0013848 0.8039493 9.0000000 0.9060543 1.2774301 1.2515032 1.3657667 1.3729409 1.4904058 0.8875054 1.3403875 2.1420218 3.2074590 3.3817671 4.3296100 3.9754296 1.8915678 2.9080269 4.1644046 4.4083039 5.5556628 
Tetwil_g12819.t1                                                   0.1603257 0.4516033 0.1032255 0.4052923 0.3720983 0.0000000 0.7098053 0.6858812 0.7939821 0.4368012 0.8591245 0.8591245 1.0049791 0.1834402 0.8035881 0.7503771 0.8420193 0.8803297 0.8268366 0.8151190 0.7791739 0.8339554 0.9569243 0.6511281 0.8126186 1.2497780 0.9729125 0.8268314 1.2418767 1.2418767 0.3722248 0.3722248 1.1617254 1.1617254 1.3655004 1.4374715 1.4503632 1.3640410 1.0599548 1.2704178 1.4769023 0.6991167 0.9098799 0.8183280 0.8577143 0.7942817 0.8827449 0.8579223 0.8327502 0.9128211 0.9862799 2.0721241 0.9001858 0.9484734 1.3705901 1.1027377 1.1317589 1.1634461 1.3222176 0.9451773 1.1057577 1.1995420 1.1048659 1.2370356 1.2244622 1.1817803 1.1998261 1.3182790 1.2512447 0.9853687 1.0684374 0.9397819 1.4038993 1.1654086 0.7134240 8.9999981 1.1008702 1.2632688 1.4263113 1.4968134 1.5754701 1.4406158 1.1862694 1.3725359 2.2956730 3.2419240 3.8006068 5.0236354 4.1605729 2.4867396 4.2865037 4.5007679 5.2810297 5.5613577 
Adig_XM_015906923.1                                                0.2369156 0.7710169 0.2475318 0.7095098 0.7367108 0.7098053 0.0000000 0.0066219 0.1127258 0.4030046 0.7787266 0.7787266 0.9784545 0.1453147 0.6125941 0.3784264 0.4296209 0.7638187 0.2124389 0.2036434 0.2088103 0.6466748 0.6888723 0.6941185 0.8493964 1.5007823 1.0143621 0.7688386 1.2612618 1.2612618 0.4362443 0.4362443 1.3917480 1.3917480 1.3484095 1.4325211 1.4611769 1.4035276 1.1715919 1.1762657 1.1502507 0.7024019 0.6824545 0.7996115 0.7564752 0.6528989 0.7953165 0.7216397 0.7596966 0.7677292 0.8525834 1.2800821 0.7048397 0.6820560 0.9947720 0.7881576 1.0900972 1.1892300 0.9729158 0.8804596 1.1259856 1.1112896 1.0070762 0.9960935 1.1334458 1.1208656 1.0890799 1.3261942 1.0072192 0.8672400 1.0173611 0.9491482 1.0667382 0.9605277 0.0880786 9.0000000 0.8229735 1.0685151 1.2449906 1.2877972 1.5366666 0.5564435 0.9745050 1.3160604 2.4446535 3.2065730 3.6242945 4.8069343 3.1773469 1.9247271 3.9096000 4.4643847 4.5869912 5.6947688 
Amil_Amillepora37607-RA                                            0.2369156 0.7870147 0.2475318 0.7095098 0.7367108 0.6858812 0.0066219 0.0000000 0.1118063 0.4030046 0.7735729 0.7735729 0.9806644 0.1453147 0.6356258 0.3941972 0.4342624 0.7917500 0.2239119 0.2145861 0.2204140 0.6704271 0.6982791 0.7083702 0.8558800 1.4906782 1.0143621 0.7688386 1.2612618 1.2612618 0.4362443 0.4362443 1.3917480 1.3917480 1.3542511 1.4388356 1.4678115 1.4254929 1.1938369 1.1910232 1.1735053 0.6980083 0.7070454 0.7996513 0.7704507 0.6528989 0.8240408 0.7177671 0.7873182 0.7947371 0.8684610 1.3495760 0.7186361 0.6962207 1.0138715 0.7881576 1.1094377 1.2119708 0.9729158 0.9002019 1.1486963 1.1129608 1.0070762 1.0086915 1.1740973 1.1608670 1.1118758 1.3509808 1.0275661 0.8672400 1.0535472 0.9687913 1.0866158 0.9542632 0.0795954 9.0000000 0.8098479 1.0878259 1.2662233 1.3093635 1.5620440 0.5826902 0.9942764 1.3160604 2.4446535 3.2065730 3.6242945 4.8069343 3.1773469 1.9045298 3.9096000 4.4643847 4.5869912 5.7604906 
Gfas_gfas1.m1.8885.m1                                              0.2369156 0.7643799 0.2455100 0.7574521 0.7328274 0.7939821 0.1127258 0.1118063 0.0000000 0.3922134 0.7523812 0.7523812 0.9425645 0.1459631 0.7081177 0.4138544 0.4563934 0.8092797 0.2436587 0.2329777 0.2584959 0.7457763 0.7108603 0.6700527 0.8306273 1.5089193 1.0472856 0.7802312 1.2822342 1.2822342 0.4381192 0.4381192 1.3974626 1.3974626 1.3857900 1.4667832 1.5018606 1.4175444 1.2320433 1.2157085 1.2757229 0.7265986 0.7133551 0.7654890 0.8551921 0.6820254 0.8307160 0.7324685 0.8264483 0.7844354 0.8501095 1.3118558 0.7202448 0.6909561 1.0036278 0.8253719 1.1442038 1.0785114 0.9380241 0.8969108 1.0511866 1.1576449 0.9863687 1.0247396 1.0721761 1.1156613 1.0573513 1.2865928 1.0443720 0.8772625 1.0329879 0.9446866 1.0926060 1.0327732 0.1793508 8.9999985 0.8216118 1.1152706 1.2409309 1.3649731 1.4851778 0.6665741 0.9554563 1.2845820 2.4446535 3.2991061 3.5995800 5.2365532 3.2694702 2.1725142 4.2283128 4.4643847 4.5369645 5.6240605 
HoiH23_PlH23_011743-RA                                             0.2497874 0.3952780 0.2492674 0.4289604 0.4438750 0.4368012 0.4030046 0.4030046 0.3922134 0.0000000 0.0174335 0.0174335 0.0264821 0.0653506 0.0643771 0.3652665 0.3969430 0.3154863 0.4755064 0.4782192 0.4593564 0.3546938 0.2982345 0.3335257 0.3638730 0.6707845 0.6707845 0.6252261 0.5796618 0.5796618 0.3642509 0.3642509 0.6194662 0.6194662 0.5635901 0.5635901 0.5680293 0.5831765 0.5463143 0.5470543 0.5553716 0.5162240 0.4322801 0.4304725 0.3966998 0.7531547 0.4839875 0.4223002 0.5079026 0.5103905 0.3584345 0.8141204 0.3480587 0.3907373 0.5749735 0.5536492 0.4488800 0.5697491 0.5220713 0.4776051 0.5111664 0.5327087 0.6883320 0.4164640 0.7107914 0.6368464 0.6290757 0.5706055 0.6312054 0.5570329 0.5578973 0.4674618 0.6176840 0.6626677 0.4195855 0.0000010 0.6049754 0.6114872 0.6242335 0.8066336 0.8029149 1.1685652 0.6396356 1.2223005 2.5872917 3.1493039 3.2227118 4.0425308 3.6429036 1.2938465 1.4450121 3.4965165 4.0136928 3.9369487 
Hhon_g04528.t1                                                     0.2143031 0.7827388 0.2189207 0.7360148 0.8131704 0.8591245 0.7787266 0.7735729 0.7523812 0.0174335 0.0000000 0.0000010 0.2934016 0.0424658 0.2422618 0.7689063 0.7901920 0.7358938 0.8554626 0.8467506 0.7786196 0.7545122 0.6869965 0.7213189 0.9187612 1.0553174 0.7261725 0.6012766 0.9119122 0.9119122 0.3419178 0.3419178 0.8818097 0.8818097 1.0499497 1.1354942 1.1473867 1.0306782 0.8561186 0.9401889 1.0487716 0.5921480 0.9188017 0.9735913 0.7670030 0.7716821 0.9737465 0.9162868 0.9838331 0.9163626 0.7371230 2.0316164 0.8152570 0.8840146 1.1079034 0.9245580 0.8599900 0.9906068 1.0870385 0.8016450 1.0273909 1.0131013 1.0200567 0.9858020 1.0880819 1.0245309 0.9918164 1.2308465 1.0393138 0.8759226 0.9322759 0.8549012 1.1110101 1.0436866 0.8434276 9.0000000 0.8641888 0.9782831 0.9937253 1.3042296 1.3349007 1.5891391 1.1301355 1.2948179 2.4347571 3.1079917 3.8864040 4.6715174 3.2720701 2.6004632 3.0007367 3.4353928 4.8531291 5.3036406 
HoiH04_mRNA2175                                                    0.2143031 0.7827388 0.2189207 0.7360148 0.8131704 0.8591245 0.7787266 0.7735729 0.7523812 0.0174335 0.0000010 0.0000000 0.2934016 0.0424658 0.2422618 0.7689063 0.7901920 0.7358938 0.8554626 0.8467506 0.7786196 0.7545122 0.6869965 0.7213189 0.9187612 1.0553174 0.7261725 0.6012766 0.9119122 0.9119122 0.3419178 0.3419178 0.8818097 0.8818097 1.0499497 1.1354942 1.1473867 1.0306782 0.8561186 0.9401889 1.0487716 0.5921480 0.9188017 0.9735913 0.7670030 0.7716821 0.9737465 0.9162868 0.9838331 0.9163626 0.7371230 2.0316164 0.8152570 0.8840146 1.1079034 0.9245580 0.8599900 0.9906068 1.0870385 0.8016450 1.0273909 1.0131013 1.0200567 0.9858020 1.0880819 1.0245309 0.9918164 1.2308465 1.0393138 0.8759226 0.9322759 0.8549012 1.1110101 1.0436866 0.8434276 9.0000000 0.8641888 0.9782831 0.9937253 1.3042296 1.3349007 1.5891391 1.1301355 1.2948179 2.4347571 3.1079917 3.8864040 4.6715174 3.2720701 2.6004632 3.0007367 3.4353928 4.8531291 5.3036406 
HoiH06_mRNA621                                                     0.2349366 0.9851237 0.2527013 0.9204942 0.9656461 1.0049791 0.9784545 0.9806644 0.9425645 0.0264821 0.2934016 0.2934016 0.0000000 0.0313463 0.3306584 0.9484046 1.0122032 0.8476653 1.0840099 1.1219365 1.0584018 0.8370849 0.9052157 0.9378375 0.9721254 1.3294679 0.8131275 0.6227036 1.2921874 1.2921874 0.3463499 0.3463499 1.1385136 1.1385136 1.1581041 1.2304276 1.2554338 1.2829590 1.0241452 1.1570586 1.2198127 0.6602353 1.1540445 0.9868528 0.9971906 0.7833529 1.0829045 1.0065006 1.1963235 1.1544342 0.9039020 2.4762224 1.0285972 1.0812015 1.1754166 1.0769522 0.9864900 1.2249510 1.0640453 0.7863280 1.0099174 1.0724910 1.1203385 0.9227575 1.2747967 1.1225889 1.0626714 1.3834550 1.2218929 1.0015229 0.9618480 1.0549944 1.3570797 1.2680401 1.0687051 9.0000000 1.0491198 1.2752318 1.3437094 1.4291906 1.3657495 2.2705841 1.4130998 1.2723155 2.5418174 3.1187738 4.0516666 5.5755392 3.9454662 3.1162535 3.8846779 3.5880513 5.7151628 6.4006783 
HoiH11_mRNA4869                                                    0.2169086 0.1613312 0.1495324 0.1945456 0.1889581 0.1834402 0.1453147 0.1453147 0.1459631 0.0653506 0.0424658 0.0424658 0.0313463 0.0000000 0.0535193 0.1577890 0.1691290 0.1649953 0.2057634 0.2057634 0.1852012 0.2122493 0.1990957 0.1957531 0.1961347 0.4818171 0.4818171 0.4111516 0.3884422 0.3884422 0.3429056 0.3429056 0.4170936 0.4170936 0.4437630 0.4437630 0.4448429 0.4216465 0.3958958 0.3946240 0.4253472 0.3059979 0.2092174 0.2013885 0.2509435 0.7770554 0.2769819 0.2013308 0.2378245 0.2497017 0.2441795 0.2137752 0.1534293 0.2048840 0.3974003 0.3464090 0.2937794 0.3828947 0.3568705 0.3458702 0.3406869 0.3892802 0.3921562 0.3244305 0.5322977 0.4871806 0.4715866 0.4328964 0.4756253 0.3513569 0.3327784 0.3842683 0.4819245 0.4308648 0.1508060 0.0000010 0.2974005 0.3927889 0.4299367 0.5386097 0.5827870 0.6954244 0.3799498 1.2088738 2.4347571 2.8616508 2.9217210 3.3434135 3.4448858 0.6241143 1.2702462 3.5839732 3.7533198 3.6713637 
TrH2_TrispH2_009631-RA                                             0.2349179 0.7529626 0.2377593 0.7521742 0.8001158 0.8035881 0.6125941 0.6356258 0.7081177 0.0643771 0.2422618 0.2422618 0.3306584 0.0535193 0.0000000 0.7168924 0.7397090 0.7321819 0.6721215 0.6707036 0.6778284 0.7538502 0.7726933 0.7109483 0.8492983 1.0817072 0.7843979 0.6564807 1.0750190 1.0750190 0.3496335 0.3496335 1.0038557 1.0038557 1.1811836 1.2464400 1.2756931 1.1431631 0.9452646 0.9956092 0.9888422 0.6335790 0.9155488 0.9228527 0.7581940 0.7903694 0.9359796 0.8982211 0.8909271 0.8362590 0.7131936 1.8889116 0.8576305 0.9004514 1.0913894 0.8878215 0.9618970 0.9865131 0.9902429 0.7467276 0.8828905 1.1122056 1.1032663 0.8143110 1.0689708 1.1199720 1.0569298 1.2961240 0.9751773 0.8600349 0.8903224 0.8967422 1.1502627 1.1034320 0.6637394 8.9999990 0.9575349 1.0476277 0.9836526 1.2186377 1.3442988 1.4592325 1.1883280 1.3574689 2.5651079 3.1228193 3.9736795 5.0258642 3.7552602 2.5906855 3.4172422 3.6109897 5.4119256 6.5289389 
Exapal_XM_021059021.2                                              0.2163032 0.6295233 0.2208524 0.7475354 0.7154265 0.7503771 0.3784264 0.3941972 0.4138544 0.3652665 0.7689063 0.7689063 0.9484046 0.1577890 0.7168924 0.0000000 0.1945660 0.7251081 0.4346705 0.4310618 0.4698697 0.7061903 0.7607237 0.6834284 0.7201773 1.5983228 1.0005482 0.8161414 1.5881454 1.5881454 0.4278019 0.4278019 1.4350243 1.4350243 1.4107439 1.4911632 1.5180881 1.4154856 1.1748861 1.4051762 1.2799960 0.7146013 0.7485791 0.8185693 0.6998311 0.7477568 0.7648204 0.7567140 0.7791011 0.6718887 0.8866370 1.1682174 0.6738621 0.6949270 0.9706349 1.0365068 1.0486183 1.1830269 1.0581926 0.9201711 1.2770513 1.0790226 1.0309452 0.9864032 1.1073334 1.1594911 1.1181135 1.3409080 1.2917918 0.8591171 0.9037965 0.9698191 1.4053214 1.0374170 0.5042337 9.0000000 0.9829946 1.1880885 1.3008277 1.3965422 1.6761525 1.0069479 0.8555888 1.3291422 2.5428586 3.1572737 3.7405772 4.4402706 3.0623119 1.7764247 3.6216579 4.4971513 4.7243097 5.9229836 
Nvec_v1g111058                                                     0.2510195 0.7129901 0.2648655 0.8112796 0.7742562 0.8420193 0.4296209 0.4342624 0.4563934 0.3969430 0.7901920 0.7901920 1.0122032 0.1691290 0.7397090 0.1945660 0.0000000 0.7645282 0.4820117 0.4773350 0.4660087 0.6888838 0.7499822 0.6323582 0.7754290 1.5557223 0.9520786 0.7695561 1.4796397 1.4796397 0.4046128 0.4046128 1.3651879 1.3651879 1.5470389 1.6305459 1.6588273 1.4233956 1.2143458 1.4336673 1.1877598 0.7030137 0.7963633 0.8176692 0.7415131 0.7079930 0.8873724 0.8647716 0.9298824 0.6741187 0.9409430 1.2026206 0.7265073 0.7083510 1.0594705 1.1111281 1.2168774 1.2740768 1.0706598 1.1122518 1.3787328 1.0472206 1.1022550 1.1377289 1.0859440 1.1651183 1.0979234 1.5741639 1.4021485 0.8174077 0.9841495 0.9920308 1.3815355 1.0766539 0.5367435 8.9999988 0.9560588 1.2350195 1.2735965 1.4842987 1.7042965 0.9384095 0.8820530 1.3390141 2.4457829 3.1077021 3.6114728 4.2389487 3.1573371 1.9218184 4.2562176 4.1595312 4.5559254 6.5449106 
Spur_XM_030991438.1                                                0.2752622 0.8023433 0.2806518 0.8199677 0.7861535 0.8803297 0.7638187 0.7917500 0.8092797 0.3154863 0.7358938 0.7358938 0.8476653 0.1649953 0.7321819 0.7251081 0.7645282 0.0000000 0.8335264 0.8287043 0.8354581 0.3845460 0.5311573 0.6150120 0.8527017 1.2123828 0.8014965 0.7078113 1.2551932 1.2551932 0.3928691 0.3928691 1.1513238 1.1513238 1.2452441 1.3070448 1.3210382 1.1063984 1.1567001 1.1403307 1.1350099 0.4740239 0.7259775 0.7965344 0.7070444 0.6852376 0.7441738 0.8706840 0.6883989 0.7141861 0.6486357 1.2520140 0.7486769 0.7191414 0.7108699 0.8270726 1.1159661 0.9950942 0.9879477 0.8044255 1.0270024 0.9786282 0.9225090 0.9408100 0.9836099 0.9577792 0.9249426 1.0536834 1.0596589 0.8037136 0.8183181 0.8574620 1.1509687 1.0107415 0.8835863 8.9999990 0.8175602 1.0340679 0.9370472 1.3927142 1.3150179 1.5691133 0.9205266 1.2072756 2.2209782 3.0110966 3.4063306 4.9187148 3.3982482 1.1855479 2.8390813 4.4149551 4.1583814 4.8829846 
Spis_XP_022781549_1                                                0.2743147 0.7429132 0.2880420 0.7401162 0.8065191 0.8268366 0.2124389 0.2239119 0.2436587 0.4755064 0.8554626 0.8554626 1.0840099 0.2057634 0.6721215 0.4346705 0.4820117 0.8335264 0.0000000 0.0338126 0.1579786 0.6891772 0.7639481 0.7047639 0.8554162 1.5690558 1.1618025 0.9295560 1.3848203 1.3848203 0.5002854 0.5002854 1.4348978 1.4348978 1.5152295 1.6043343 1.6155285 1.5232710 1.2915092 1.3364619 1.3892410 0.7272246 0.6576946 0.7122312 0.7571451 0.6206285 0.7670170 0.7353960 0.7710618 0.9078331 0.9195743 1.5412230 0.7818500 0.7537509 0.9421681 0.9221358 1.2387698 1.1302877 1.0702394 1.1026753 1.2069290 1.1967838 1.0482200 1.0803063 1.0804793 1.1813340 1.1027387 1.2972673 1.1122591 1.0066393 1.1111060 1.0358129 1.1288356 1.1126445 0.2959350 8.9999989 0.8797028 1.1452188 1.3475124 1.3942154 1.4385149 0.4949623 1.0219314 1.3824362 2.5582795 3.2402165 3.8314940 4.4445111 3.1865442 1.6497301 5.4291112 4.7142786 4.7567341 6.0681377 
Pocdam_XM_027204006.1                                              0.2743147 0.7312248 0.2880420 0.7450130 0.7845126 0.8151190 0.2036434 0.2145861 0.2329777 0.4782192 0.8467506 0.8467506 1.1219365 0.2057634 0.6707036 0.4310618 0.4773350 0.8287043 0.0338126 0.0000000 0.1602135 0.6988050 0.7357887 0.7005341 0.8652981 1.5250513 1.1553328 0.9172369 1.3264681 1.3264681 0.5002854 0.5002854 1.4173274 1.4173274 1.4913127 1.5952839 1.6063040 1.4979318 1.2498195 1.2687934 1.2951231 0.7210130 0.6511906 0.6927169 0.7438289 0.6206285 0.7807305 0.7568771 0.7963639 0.8671794 0.9262996 1.4497603 0.7475995 0.7204826 0.9175152 0.9285279 1.2313629 1.0993646 1.0228494 1.0692960 1.1690984 1.2056069 1.0635055 1.0399270 1.0629841 1.2072577 1.1154599 1.2277080 1.0968914 0.9736353 1.1082294 1.0192896 1.0982129 1.0741034 0.2753620 8.9999981 0.8596411 1.1960557 1.3271781 1.4116194 1.4948001 0.4730971 0.9604858 1.3824362 2.5582795 3.2402165 3.9025000 4.3971256 3.1723136 1.7066239 5.0638269 4.7142786 4.8622041 5.8167815 
Fspp_ffun1.m4.6237.m1                                              0.2740315 0.8449503 0.2855730 0.7645694 0.8156596 0.7791739 0.2088103 0.2204140 0.2584959 0.4593564 0.7786196 0.7786196 1.0584018 0.1852012 0.6778284 0.4698697 0.4660087 0.8354581 0.1579786 0.1602135 0.0000000 0.6615490 0.7683101 0.6874453 0.8666786 1.4548332 1.0437794 0.8709139 1.3567963 1.3567963 0.4733339 0.4733339 1.4699850 1.4699850 1.4776917 1.5751397 1.5989610 1.4996255 1.1797115 1.2011919 1.1829520 0.6726988 0.6994932 0.7532132 0.7948880 0.6380214 0.8247464 0.7196997 0.8070736 0.7812846 0.8940535 1.3387651 0.7372561 0.7301085 1.0269770 0.8812506 1.2026093 1.1405550 0.9930898 1.0377507 1.1796432 1.1932161 1.1123279 0.9635266 1.0046971 1.0835491 1.0339633 1.2502460 1.0524915 0.9689963 0.9519379 0.9392260 1.1694880 1.1177067 0.2867620 8.9999984 0.8552430 1.1494036 1.3060754 1.4360953 1.4283213 0.3055124 0.9945416 1.3871617 2.4446535 3.2657427 3.6843226 4.2687522 3.0327208 1.9501034 4.9307372 4.4987059 4.9054759 5.5035231 
Skow_XM_002742338.2                                                0.2570266 0.8954727 0.2991867 0.7851065 0.7107018 0.8339554 0.6466748 0.6704271 0.7457763 0.3546938 0.7545122 0.7545122 0.8370849 0.2122493 0.7538502 0.7061903 0.6888838 0.3845460 0.6891772 0.6988050 0.6615490 0.0000000 0.4794498 0.5975535 0.8174870 1.2519682 0.8233013 0.6495622 1.3099702 1.3099702 0.4018492 0.4018492 0.9973615 0.9973615 1.1645012 1.2283255 1.2388561 1.1831034 0.9450741 1.1717736 1.0695830 0.5689530 0.6912702 0.7235348 0.7545647 0.6687171 0.6672683 0.8575925 0.7868246 0.7940484 0.7133438 1.3499896 0.7220411 0.7008234 0.6891949 0.7575209 0.9384515 1.0518944 0.8528893 0.8105571 0.9482231 0.9436103 0.9362037 0.9103986 1.0368436 0.9623457 0.9926658 1.0167161 0.9530436 0.8346951 0.8149531 0.7135486 1.0461998 0.7845711 0.7865214 8.9999989 0.7477982 1.1084199 1.1300589 1.3445598 1.2482213 1.3685377 0.9459533 1.3084155 2.1987709 2.7287182 2.9029669 4.3853219 3.0840800 1.1377934 2.8438746 4.3630799 3.9111727 4.3218963 
Bralan_BLAG01002606_1                                              0.2908471 0.8968910 0.2901327 0.9169502 0.8842472 0.9569243 0.6888723 0.6982791 0.7108603 0.2982345 0.6869965 0.6869965 0.9052157 0.1990957 0.7726933 0.7607237 0.7499822 0.5311573 0.7639481 0.7357887 0.7683101 0.4794498 0.0000000 0.6787277 0.8204172 1.2940184 0.7893774 0.7304528 1.1932171 1.1932171 0.3992019 0.3992019 0.9826039 0.9826039 1.2284242 1.3104562 1.3242855 1.2213493 1.0581763 1.0722416 1.1130788 0.5320422 0.8292110 0.8687855 0.7296422 0.6594248 0.6837085 0.8971681 0.8941242 0.8289103 0.6192990 1.8122024 0.7673205 0.7675338 0.8880365 0.7049569 0.9740947 0.9311528 0.8759524 0.7075835 0.9191394 0.9633947 0.8914486 1.0137910 0.9898964 0.9865864 0.9300189 1.1891764 0.9889208 0.8490148 0.8153760 0.7976050 1.2481291 0.9896992 0.7603397 6.6315441 0.8705474 1.0489989 1.0584383 1.4018526 1.2481999 1.4792660 1.0094187 1.2739936 2.3818545 3.0834631 3.3821151 4.9631768 3.4033636 1.4179120 2.9857177 4.4956164 4.0503824 4.5156841 
Hsap_ENST00000313468                                               0.2367750 0.7213521 0.1889013 0.6902825 0.5918201 0.6511281 0.6941185 0.7083702 0.6700527 0.3335257 0.7213189 0.7213189 0.9378375 0.1957531 0.7109483 0.6834284 0.6323582 0.6150120 0.7047639 0.7005341 0.6874453 0.5975535 0.6787277 0.0000000 0.7319440 1.0960020 0.8851629 0.7219021 1.1111745 1.1111745 0.4198143 0.4198143 1.0769435 1.0769435 1.2878527 1.3970488 1.4125386 1.1618095 0.9952096 1.1194563 1.0750128 0.4780918 0.6084885 0.7138088 0.5189904 0.6299634 0.7663769 0.6821827 0.6413988 0.6684369 0.6954007 1.7918597 0.8304053 0.8551515 0.9460355 0.8207413 0.9877717 0.8139062 0.8698646 0.8177058 0.8983145 0.9375027 0.9611331 0.9976875 0.8616415 0.8993769 0.9122823 0.9152273 0.8870872 0.7163038 0.8854639 0.7119138 0.9910453 0.9767077 0.7264485 8.9999985 0.7833569 1.0327501 1.0500839 1.1528310 1.2289491 1.3140843 1.0240892 1.1736429 2.3013844 2.9041188 3.4411651 4.3919488 3.3296637 1.6268186 4.4373528 4.5097816 5.1825179 5.5014003 
Opea_EP00118_Oscarella_pearsei_P002274                             0.2850304 0.6996893 0.2173317 0.6917387 0.5807949 0.8126186 0.8493964 0.8558800 0.8306273 0.3638730 0.9187612 0.9187612 0.9721254 0.1961347 0.8492983 0.7201773 0.7754290 0.8527017 0.8554162 0.8652981 0.8666786 0.8174870 0.8204172 0.7319440 0.0000000 1.2158647 0.8044814 0.7559871 1.2882607 1.2882607 0.3529337 0.3529337 1.1414636 1.1414636 1.1357694 1.2046826 1.1939269 1.1225682 0.9191083 1.1686964 1.2237681 0.6026697 0.9562409 1.0475811 0.8661528 0.5286197 0.9106823 0.8285051 0.8369318 0.8429021 0.9677540 1.7734464 0.8257842 0.8175048 1.1156216 0.9723301 1.1048466 1.0862702 1.0026507 0.9756378 1.1055797 1.3721587 1.1164784 1.1912117 1.1021727 1.1935350 1.0677864 1.3364507 1.1495224 1.0618178 1.1209828 0.9290328 1.2781932 1.2989326 0.8892041 8.9999986 0.8377662 1.2310334 1.3814927 1.4338674 1.4576421 1.8678981 1.2191469 1.0722011 2.3916915 2.8293094 3.0641066 4.8277832 3.5217090 2.4460252 3.2266049 4.1632471 4.6582764 6.2442834 
Bolinf_Binf_sb1226352                                              0.4687715 1.4066365 0.5845702 1.2038774 1.0325654 1.2497780 1.5007823 1.4906782 1.5089193 0.6707845 1.0553174 1.0553174 1.3294679 0.4818171 1.0817072 1.5983228 1.5557223 1.2123828 1.5690558 1.5250513 1.4548332 1.2519682 1.2940184 1.0960020 1.2158647 0.0000000 0.0000010 0.1873307 0.3416995 0.3416995 0.1278213 0.1278213 0.3318993 0.3318993 0.4172029 0.4271512 0.4295554 0.4238936 0.3558961 0.4222573 0.6659598 1.1419426 1.3965171 1.5050598 1.2223495 0.9171812 1.5187102 1.2413821 1.2525461 1.4718586 1.1294885 3.7029197 1.3706006 1.3823062 1.5090510 1.4164643 1.4864462 1.5627504 1.5448954 1.2535701 1.3779853 1.4973675 1.4648632 1.6858727 1.5715161 1.6656461 1.6851008 1.5285477 1.4657759 1.1988856 1.3966747 1.3204886 1.8522799 1.5223349 1.5602017 4.6098551 0.9822801 1.4941151 1.5237117 1.5758678 1.5289073 2.8413674 1.8328384 1.3762512 2.7290168 2.6799988 4.3134810 5.9079136 4.2442904 3.3564397 0.8186812 3.8564070 7.2313905 5.0723047 
Mertsp_Mesp_sb570841                                               0.4687715 0.9682581 0.5845702 0.9050299 0.8614556 0.9729125 1.0143621 1.0143621 1.0472856 0.6707845 0.7261725 0.7261725 0.8131275 0.4818171 0.7843979 1.0005482 0.9520786 0.8014965 1.1618025 1.1553328 1.0437794 0.8233013 0.7893774 0.8851629 0.8044814 0.0000010 0.0000000 0.1873307 0.1895466 0.1895466 0.1278213 0.1278213 0.1911797 0.1911797 0.2181075 0.2181075 0.2246180 0.2291724 0.2350120 0.2381304 0.4109651 1.1657464 1.0230704 1.0138666 0.8985400 0.9171812 1.0149802 0.9065431 0.8779222 0.9744508 0.7433273 2.2047207 0.8852803 0.9041205 1.0750374 1.0440929 1.1790860 1.2149921 1.0669240 0.8518950 0.9252833 1.1462928 1.1521870 1.1107970 1.3165045 1.3344754 1.2968301 1.1574793 1.1881997 0.9250435 1.0890442 0.9866309 1.4325590 1.1836465 1.0739372 0.0000010 0.7961806 0.9932040 1.0201008 1.0383824 1.1928106 2.1608644 1.2460519 1.3762512 2.7290168 2.6799988 3.5890802 5.7446030 4.2710981 2.0872756 0.4680272 3.8564070 5.8797692 4.2017111 
Bolinf_Binf_sb1226703                                              0.3830456 0.8218746 0.5349227 0.7874548 0.7159600 0.8268314 0.7688386 0.7688386 0.7802312 0.6252261 0.6012766 0.6012766 0.6227036 0.4111516 0.6564807 0.8161414 0.7695561 0.7078113 0.9295560 0.9172369 0.8709139 0.6495622 0.7304528 0.7219021 0.7559871 0.1873307 0.1873307 0.0000000 0.1152846 0.1152846 0.1021639 0.1021639 0.1806510 0.1806510 0.1208950 0.1208950 0.1246563 0.1082592 0.1322003 0.1770036 0.3349964 1.0399583 0.8191938 0.8159361 0.7360420 0.9487360 0.7841492 0.7206688 0.7577862 0.8354748 0.6968687 1.7985624 0.7744812 0.7991025 0.9581019 0.8435885 0.9682602 0.9867278 0.9589674 0.7557543 0.7955498 0.8457433 0.9615870 0.8934632 0.9731525 0.9906937 0.9838177 0.9076831 0.9295783 0.7932896 0.9131055 0.7512282 1.0061672 0.9732392 0.8104682 0.0000010 0.6072676 0.9049072 0.9659484 0.9264325 1.0913708 2.0089774 1.1104444 1.5254436 2.3569972 3.1037758 3.6042850 5.1417350 4.6035612 1.9521416 0.2721063 3.8388371 4.8386571 4.3599880 
Beraby_Baby_sb338642                                               0.3655490 1.3003069 0.4725034 1.2098627 1.0207403 1.2418767 1.2612618 1.2612618 1.2822342 0.5796618 0.9119122 0.9119122 1.2921874 0.3884422 1.0750190 1.5881454 1.4796397 1.2551932 1.3848203 1.3264681 1.3567963 1.3099702 1.1932171 1.1111745 1.2882607 0.3416995 0.1895466 0.1152846 0.0000000 0.0000010 0.0000010 0.0000010 0.3021334 0.3021334 0.3110546 0.3208237 0.3202860 0.3260901 0.3527731 0.3343097 0.5680398 1.1463164 1.4569044 1.4238568 1.2864223 0.8320688 1.4626649 1.1545403 1.2886529 1.3738059 1.1243962 3.3237698 1.3389189 1.3146002 1.6870595 1.2935666 1.4185166 1.3760006 1.5190021 1.0754841 1.0895204 1.3290115 1.4234380 1.6370193 1.4862391 1.5719780 1.4976008 1.3370346 1.4777836 1.1209113 1.4249372 1.2348427 1.7646644 1.5120547 1.3674055 7.7936870 0.8476435 1.5500968 1.5915644 1.6282452 1.8452947 2.8803500 1.6187823 1.4175499 2.4926276 2.8057296 4.0819857 5.9298129 4.3399981 3.6097369 0.7035541 3.6247741 6.6530094 5.7215620 
Beraby_Baby_sb338643                                               0.3655490 1.3003069 0.4725034 1.2098627 1.0207403 1.2418767 1.2612618 1.2612618 1.2822342 0.5796618 0.9119122 0.9119122 1.2921874 0.3884422 1.0750190 1.5881454 1.4796397 1.2551932 1.3848203 1.3264681 1.3567963 1.3099702 1.1932171 1.1111745 1.2882607 0.3416995 0.1895466 0.1152846 0.0000010 0.0000000 0.0000010 0.0000010 0.3021334 0.3021334 0.3110546 0.3208237 0.3202860 0.3260901 0.3527731 0.3343097 0.5680398 1.1463164 1.4569044 1.4238568 1.2864223 0.8320688 1.4626649 1.1545403 1.2886529 1.3738059 1.1243962 3.3237698 1.3389189 1.3146002 1.6870595 1.2935666 1.4185166 1.3760006 1.5190021 1.0754841 1.0895204 1.3290115 1.4234380 1.6370193 1.4862391 1.5719780 1.4976008 1.3370346 1.4777836 1.1209113 1.4249372 1.2348427 1.7646644 1.5120547 1.3674055 7.7936870 0.8476435 1.5500968 1.5915644 1.6282452 1.8452947 2.8803500 1.6187823 1.4175499 2.4926276 2.8057296 4.0819857 5.9298129 4.3399981 3.6097369 0.7035541 3.6247741 6.6530094 5.7215620 
Beraby_Baby_sb338644                                               0.3655490 0.3740001 0.3867155 0.4281552 0.3473124 0.3722248 0.4362443 0.4362443 0.4381192 0.3642509 0.3419178 0.3419178 0.3463499 0.3429056 0.3496335 0.4278019 0.4046128 0.3928691 0.5002854 0.5002854 0.4733339 0.4018492 0.3992019 0.4198143 0.3529337 0.1278213 0.1278213 0.1021639 0.0000010 0.0000010 0.0000000 0.0000010 0.0840224 0.0840224 0.0984988 0.0984988 0.1023281 0.1244379 0.1109790 0.1413352 0.2437660 0.5017176 0.4552677 0.4573092 0.3810936 0.7802944 0.4972170 0.4142449 0.4467191 0.4116828 0.3675750 0.6658748 0.3673335 0.4030002 0.5595863 0.4432328 0.4981602 0.4252320 0.5079863 0.4217875 0.4431682 0.4864154 0.5687236 0.4368753 0.5691869 0.5503549 0.5771315 0.5114543 0.5683037 0.4135257 0.3848143 0.4105641 0.5642694 0.5178469 0.4597432 0.0000010 0.4265584 0.5176980 0.5429560 0.5546174 0.6898499 1.3122296 0.6474873 1.1676163 2.4926276 2.6042504 2.6436199 3.6139269 3.6229825 0.7296242 0.2830825 3.6247741 4.7444534 3.9658470 
Beraby_Baby_sb338645                                               0.3655490 0.3740001 0.3867155 0.4281552 0.3473124 0.3722248 0.4362443 0.4362443 0.4381192 0.3642509 0.3419178 0.3419178 0.3463499 0.3429056 0.3496335 0.4278019 0.4046128 0.3928691 0.5002854 0.5002854 0.4733339 0.4018492 0.3992019 0.4198143 0.3529337 0.1278213 0.1278213 0.1021639 0.0000010 0.0000010 0.0000010 0.0000000 0.0840224 0.0840224 0.0984988 0.0984988 0.1023281 0.1244379 0.1109790 0.1413352 0.2437660 0.5017176 0.4552677 0.4573092 0.3810936 0.7802944 0.4972170 0.4142449 0.4467191 0.4116828 0.3675750 0.6658748 0.3673335 0.4030002 0.5595863 0.4432328 0.4981602 0.4252320 0.5079863 0.4217875 0.4431682 0.4864154 0.5687236 0.4368753 0.5691869 0.5503549 0.5771315 0.5114543 0.5683037 0.4135257 0.3848143 0.4105641 0.5642694 0.5178469 0.4597432 0.0000010 0.4265584 0.5176980 0.5429560 0.5546174 0.6898499 1.3122296 0.6474873 1.1676163 2.4926276 2.6042504 2.6436199 3.6139269 3.6229825 0.7296242 0.2830825 3.6247741 4.7444534 3.9658470 
Drygla_Dgla_sb299213                                               0.4382716 1.2901731 0.5637191 1.2147214 1.0108773 1.1617254 1.3917480 1.3917480 1.3974626 0.6194662 0.8818097 0.8818097 1.1385136 0.4170936 1.0038557 1.4350243 1.3651879 1.1513238 1.4348978 1.4173274 1.4699850 0.9973615 0.9826039 1.0769435 1.1414636 0.3318993 0.1911797 0.1806510 0.3021334 0.3021334 0.0840224 0.0840224 0.0000000 0.0000010 0.3273011 0.3337895 0.3321813 0.3593330 0.3345415 0.4062287 0.6729908 1.2366568 1.2231602 1.2235894 1.2860015 0.8309836 1.2453730 1.1549922 1.2297344 1.1600481 1.0915598 3.0087855 1.2185810 1.2498284 1.5136587 1.1463812 1.2896514 1.4023407 1.3538038 1.1047628 1.1341668 1.3364618 1.4198340 1.4363060 1.4126393 1.4322216 1.3818882 1.4336377 1.2900217 1.1627822 1.3939788 1.1825577 1.6773308 1.5331149 1.4614512 8.6199695 0.7873854 1.6280094 1.5074347 1.6205018 1.7809036 3.0496375 1.5918458 1.3867042 2.6104943 2.8489619 4.2932147 5.9077973 4.5895399 3.4193881 0.6595564 4.0769714 6.5348480 6.0391669 
Drygla_Dgla_sb299214                                               0.4382716 1.2901731 0.5637191 1.2147214 1.0108773 1.1617254 1.3917480 1.3917480 1.3974626 0.6194662 0.8818097 0.8818097 1.1385136 0.4170936 1.0038557 1.4350243 1.3651879 1.1513238 1.4348978 1.4173274 1.4699850 0.9973615 0.9826039 1.0769435 1.1414636 0.3318993 0.1911797 0.1806510 0.3021334 0.3021334 0.0840224 0.0840224 0.0000010 0.0000000 0.3273011 0.3337895 0.3321813 0.3593330 0.3345415 0.4062287 0.6729908 1.2366568 1.2231602 1.2235894 1.2860015 0.8309836 1.2453730 1.1549922 1.2297344 1.1600481 1.0915598 3.0087855 1.2185810 1.2498284 1.5136587 1.1463812 1.2896514 1.4023407 1.3538038 1.1047628 1.1341668 1.3364618 1.4198340 1.4363060 1.4126393 1.4322216 1.3818882 1.4336377 1.2900217 1.1627822 1.3939788 1.1825577 1.6773308 1.5331149 1.4614512 8.6199695 0.7873854 1.6280094 1.5074347 1.6205018 1.7809036 3.0496375 1.5918458 1.3867042 2.6104943 2.8489619 4.2932147 5.9077973 4.5895399 3.4193881 0.6595564 4.0769714 6.5348480 6.0391669 
Coeast_Cast_sb789995                                               0.4137931 1.3950213 0.5311863 1.2011674 0.9720495 1.3655004 1.3484095 1.3542511 1.3857900 0.5635901 1.0499497 1.0499497 1.1581041 0.4437630 1.1811836 1.4107439 1.5470389 1.2452441 1.5152295 1.4913127 1.4776917 1.1645012 1.2284242 1.2878527 1.1357694 0.4172029 0.2181075 0.1208950 0.3110546 0.3110546 0.0984988 0.0984988 0.3273011 0.3273011 0.0000000 0.0070185 0.0072132 0.1896513 0.3155933 0.3068906 0.5058931 1.2768225 1.5439020 1.3642320 1.3153332 0.8773036 1.4434784 1.1991513 1.3535661 1.3307175 1.1319225 3.5168135 1.3483132 1.4031712 1.3945374 1.2292786 1.6266581 1.6972016 1.4568076 1.2462442 1.4642114 1.5922138 1.5532445 1.4809641 1.6202629 1.5956325 1.5623415 1.4802900 1.5759751 1.3108726 1.6298321 1.4014160 1.8671492 1.5772444 1.5662132 9.0000000 0.9833542 1.6340676 1.6358695 1.5050661 1.6840384 3.3522693 1.7381505 1.4489386 2.6797874 3.0042502 3.9336208 5.3839134 4.8100253 3.2315007 0.0751810 4.1846905 5.9836572 5.2478413 
Coeast_Cast_sb789996                                               0.4137931 1.4821823 0.5311863 1.3016872 1.0821920 1.4374715 1.4325211 1.4388356 1.4667832 0.5635901 1.1354942 1.1354942 1.2304276 0.4437630 1.2464400 1.4911632 1.6305459 1.3070448 1.6043343 1.5952839 1.5751397 1.2283255 1.3104562 1.3970488 1.2046826 0.4271512 0.2181075 0.1208950 0.3208237 0.3208237 0.0984988 0.0984988 0.3337895 0.3337895 0.0070185 0.0000000 0.0299575 0.1968914 0.3242693 0.3054695 0.5113520 1.2768225 1.6122613 1.4289594 1.3842399 0.8773036 1.5145490 1.2835428 1.3943590 1.4412385 1.2078217 3.8352650 1.4503512 1.5052007 1.4636097 1.2976254 1.6945904 1.7455227 1.5561956 1.2462442 1.5771663 1.6582792 1.6269117 1.5641417 1.7285207 1.7396109 1.6450560 1.6266504 1.6561094 1.4091918 1.6659535 1.5291448 1.9892886 1.6519813 1.6703592 8.9999988 1.0211631 1.6749459 1.6783954 1.6111551 1.7516567 3.5053326 1.8555080 1.4489386 2.6797874 3.0042502 3.9429328 5.7554507 5.1253845 3.2694147 0.1316510 4.1846905 6.5104136 5.7900445 
Coemet_Cmet_scaffold7888_01                                        0.4350355 1.5170211 0.5546518 1.3518780 1.0639360 1.4503632 1.4611769 1.4678115 1.5018606 0.5680293 1.1473867 1.1473867 1.2554338 0.4448429 1.2756931 1.5180881 1.6588273 1.3210382 1.6155285 1.6063040 1.5989610 1.2388561 1.3242855 1.4125386 1.1939269 0.4295554 0.2246180 0.1246563 0.3202860 0.3202860 0.1023281 0.1023281 0.3321813 0.3321813 0.0072132 0.0299575 0.0000000 0.1747640 0.3377797 0.3294533 0.5221956 1.3064129 1.6434495 1.4594506 1.3921043 0.9135849 1.5366743 1.2001351 1.4153780 1.4426525 1.2160681 4.1774952 1.4751922 1.5317337 1.4883278 1.2870806 1.7368286 1.8155764 1.5953254 1.2723805 1.5423691 1.7039307 1.6817464 1.5878592 1.6434349 1.6534833 1.6745043 1.5987233 1.7173016 1.4774753 1.7209721 1.4524053 2.0646775 1.6761671 1.6274170 8.9999988 1.0402926 1.7132245 1.7262055 1.6551329 1.8239617 3.7284550 1.8949192 1.5236265 2.8250690 3.3109638 4.2242461 6.5298302 5.7185735 3.5344639 0.1107763 4.6384090 6.7236538 5.3481285 
Vmul_sbMO441675                                                    0.4323560 1.4367697 0.5527121 1.2147962 0.9974215 1.3640410 1.4035276 1.4254929 1.4175444 0.5831765 1.0306782 1.0306782 1.2829590 0.4216465 1.1431631 1.4154856 1.4233956 1.1063984 1.5232710 1.4979318 1.4996255 1.1831034 1.2213493 1.1618095 1.1225682 0.4238936 0.2291724 0.1082592 0.3260901 0.3260901 0.1244379 0.1244379 0.3593330 0.3593330 0.1896513 0.1968914 0.1747640 0.0000000 0.3190394 0.2882306 0.5098329 1.1962278 1.4110895 1.3605896 1.2672456 0.9341869 1.2432384 1.0899530 1.0961705 1.2897497 1.0809654 3.1346070 1.3449969 1.3716154 1.2759691 1.3199363 1.6169086 1.6685904 1.4775183 1.1083165 1.2081648 1.6422724 1.4764518 1.4964406 1.4034756 1.4963350 1.4512729 1.4949164 1.5108942 1.4178407 1.6280842 1.3166743 1.7654583 1.4074909 1.4145742 2.0955564 0.8642155 1.5376547 1.3741894 1.5478145 1.6426089 3.1959486 1.6202928 1.5008962 2.7377732 3.2683329 4.1753457 5.7622710 4.8027300 3.1562430 0.2619572 4.1135282 6.1528580 4.8507086 
Horcal_Hcv1.av93.c5.g1067.i1                                       0.3961684 1.2360110 0.4929924 1.0381922 0.9292573 1.0599548 1.1715919 1.1938369 1.2320433 0.5463143 0.8561186 0.8561186 1.0241452 0.3958958 0.9452646 1.1748861 1.2143458 1.1567001 1.2915092 1.2498195 1.1797115 0.9450741 1.0581763 0.9952096 0.9191083 0.3558961 0.2350120 0.1322003 0.3527731 0.3527731 0.1109790 0.1109790 0.3345415 0.3345415 0.3155933 0.3242693 0.3377797 0.3190394 0.0000000 0.3549722 0.5488992 1.2650866 1.2231777 1.2483946 1.1022496 0.9307682 1.2780968 1.0475594 1.1963425 1.0826864 0.9854415 2.5640589 1.1349634 1.1643415 1.3141590 1.1057320 1.2543767 1.2903969 1.0846235 1.0485511 1.1160541 1.3015519 1.3782418 1.2416601 1.3598931 1.4392086 1.3237474 1.3056262 1.2719013 1.0490689 1.2297785 1.1501275 1.4751846 1.4554150 1.2729105 9.0000000 0.7705270 1.2942255 1.2172175 1.2245601 1.3176903 2.6964938 1.5154120 1.6416307 2.7026639 3.0648433 3.8237635 5.8148420 4.5993001 3.6861625 0.5483362 3.7262921 5.5235850 4.9082245 
