119
Spur_XM_030982759.1                                     0.0000000 0.8132960 0.7928569 0.8538856 0.8803698 0.9794234 0.9659613 0.9330103 0.9190855 1.0103044 0.9421088 0.9751203 0.8126820 1.0312042 1.4953895 0.7109184 0.7028207 0.6488244 0.7819002 0.9914519 0.8502833 0.8881198 0.8927950 0.7726756 1.0310264 0.9345435 0.8930387 0.8996146 0.9348032 0.9262056 1.0255221 0.9473960 1.0706178 1.0584656 1.4239305 1.2757460 0.9106076 0.9799316 1.0134016 1.4562617 0.9285846 0.9172612 0.9052597 0.9585283 0.9451831 1.1587927 1.2364021 1.0401150 0.9555375 0.9555375 1.1000711 1.1005179 0.9942284 1.0226365 0.9941433 0.9941433 1.0937418 1.3174293 1.3174293 1.5429602 1.5429602 1.0256850 1.0256850 1.0882428 1.1006343 1.4371497 1.0357982 1.1033986 1.1302240 1.1691105 1.1218829 1.0588528 1.1648370 1.1042400 1.1467759 1.2098919 1.5498600 1.3168812 1.3098259 1.7321028 1.2675156 2.1068418 2.4602710 2.1182002 2.2155542 2.3762182 2.2115984 2.3202314 2.0102161 1.2305650 1.3656210 2.3801160 0.5545031 2.1915599 1.9544548 2.9355432 1.6264866 2.5596989 2.5723402 2.5435246 2.4203272 2.5122866 2.3454123 1.6021490 1.8198321 1.8471033 1.5040737 1.8280792 1.4791124 2.0995579 2.3761763 2.0508543 1.8206120 1.7231963 1.6236712 2.6554389 2.0885461 2.6399776 1.9750058 
Tcas_TC014756_001                                       0.8132960 0.0000000 0.5435748 0.6719678 0.7019360 0.8827722 0.9714176 0.8768711 0.8825265 1.0226547 0.9186576 0.9840672 0.8602745 0.9748430 1.5574873 0.7266294 0.7268732 0.7166349 0.6956521 0.8527118 0.7078374 0.7829169 0.8020060 0.6394247 0.7549709 0.9573010 0.9082714 0.9109692 0.9513263 0.9001530 0.9353389 0.9830721 1.1073245 1.0713591 1.3444530 1.2335859 0.8167415 0.8569698 0.8704369 1.2707631 0.9645147 0.9627116 0.9795527 0.9361625 0.9040380 1.1754935 1.4612781 1.1200587 0.9868398 0.9868398 1.1584497 1.1588432 1.0384559 1.0683488 1.0264625 1.0264625 1.1730890 1.3752172 1.3752172 1.6751633 1.6751633 1.1200277 1.1200277 1.1385164 1.1819952 1.4234825 1.1134149 1.1914211 1.2071890 1.2813923 0.9850313 0.9608487 1.0091419 1.1027216 1.1321816 1.0493001 1.2224095 1.2200893 1.4269676 1.9261739 1.4479637 2.1389437 2.5037943 2.3216377 2.4446308 2.4486453 2.0355367 2.0689294 1.7925248 1.2313194 1.4034273 2.2118920 0.5990341 2.1608232 1.6600336 2.8718824 1.5059293 2.3686096 2.3829831 2.5013546 2.4380486 2.5999192 2.3379381 1.5331197 1.7833799 1.8257857 1.5793773 1.7778732 1.4762525 2.0201893 2.3578286 2.1012639 1.7542225 1.8184505 1.8483026 2.7125748 1.7790747 2.1800376 1.8357858 
Dpul_mRNA18060                                          0.7928569 0.5435748 0.0000000 0.7399543 0.7605564 0.8783265 0.9071417 0.8295153 0.8539589 0.9611043 0.8585420 0.9148570 0.8652791 0.8650723 1.4265660 0.7590915 0.7038371 0.7526704 0.6580619 0.8812702 0.7033729 0.8325484 0.8942513 0.6919802 0.9159318 0.9662563 0.9552329 0.9650826 0.9558796 1.0522178 0.9433013 0.9918414 1.1137061 1.1057794 1.5311760 1.3289517 0.8649025 0.9498632 0.9193817 1.4333195 1.0253086 0.9988902 1.0087168 1.0442513 0.9764627 1.1104953 1.2701970 1.0529059 1.0283365 1.0283365 1.1745775 1.1749531 1.0557581 1.0862384 1.0693101 1.0693101 1.1729335 1.3610026 1.3610026 1.6016894 1.6016894 1.1393430 1.1393430 1.0670123 1.0706111 1.3313603 1.0474947 1.1796801 1.1932483 1.2156860 1.0425179 1.0011609 1.0217247 1.1067111 1.1506372 1.0696458 1.2351615 1.2672505 1.3816299 1.8680540 1.3524600 2.0827319 2.4722178 2.6014415 2.4802868 2.4268673 2.1661369 2.2080454 2.1066475 1.2560196 1.3457537 2.1213907 0.6084281 2.1335536 1.5808646 2.8477273 1.5455324 2.7534655 2.7232520 2.7465611 2.6656334 2.7952960 2.5624643 1.7013089 1.9541542 1.9072286 1.7448322 1.8114434 1.5293737 2.1371906 2.6021900 2.1595170 1.7702259 1.8590919 1.6217294 2.4626917 2.0258149 2.6708601 1.7090604 
Dgig_XM_028550350.1                                     0.8538856 0.6719678 0.7399543 0.0000000 0.2582034 0.6364147 0.6480759 0.6679464 0.6725236 0.7544775 0.7006839 0.6963007 0.5470457 0.7174662 1.0738553 0.7792903 0.7925476 0.6341517 0.6608712 0.9540599 0.7456405 0.7421255 0.8278153 0.7865368 0.7698265 0.8323406 0.8245801 0.8683856 0.8201427 0.8065589 0.8059055 0.7544334 0.9237727 0.9173207 1.1958384 1.1715286 0.7417649 0.8295413 0.8178458 1.1375995 0.9162782 0.8978296 0.9209208 0.9405312 0.8986706 1.1151050 1.2554252 1.0587930 0.9489071 0.9489071 1.1162395 1.1111081 1.0132425 1.0427974 0.9883790 0.9883790 1.0859323 1.3162833 1.3162833 1.4800257 1.4800257 1.0236493 1.0236493 1.0125426 1.0638435 1.3763219 1.0380976 0.9951660 1.0092068 1.0670821 0.9270091 1.0089587 0.8686726 1.0106995 1.1293714 0.9941004 1.2142090 1.0550228 1.4870428 1.6866916 1.3002094 1.9529217 2.1126525 1.9798378 1.9834372 2.1552004 1.7987557 1.8017079 1.6888144 1.4621714 1.3414684 2.0927906 0.5359839 1.8933012 1.5220959 2.4287540 1.4378464 2.2036888 2.2111083 2.3383413 2.2371897 2.3170064 2.0804873 1.4247518 1.6482536 1.5207630 1.4552365 1.7738226 1.5720676 1.9944322 2.0780596 1.8924832 1.7244546 1.8033218 1.6705506 2.3781919 1.7672545 2.1371134 1.9265824 
Xesp_019870-T1                                          0.8803698 0.7019360 0.7605564 0.2582034 0.0000000 0.6654777 0.6655089 0.6977494 0.7011657 0.7417190 0.7064177 0.7117569 0.6153887 0.6698828 1.0592366 0.7642189 0.7824198 0.6765293 0.6829170 0.9482061 0.7531325 0.7925586 0.7121674 0.7574993 0.8634574 0.8468504 0.8215742 0.8786378 0.8356726 0.8618006 0.7757805 0.7224877 0.8917681 0.8981652 1.1770535 1.1312841 0.8110460 0.8853164 0.8059529 1.1457877 0.9032266 0.8896577 0.9223242 0.9126441 0.9291759 1.0294892 1.0852675 0.9502976 0.9344368 0.9344368 1.0402291 1.0355485 0.9296240 0.9569016 0.9735755 0.9735755 1.0115829 1.1725781 1.1725781 1.3381108 1.3381108 0.9453617 0.9453617 0.9316652 0.9492242 1.1128829 0.9355519 0.9425053 0.9629974 0.9786673 0.9981049 1.0109353 0.8977350 1.0274972 1.0947141 0.9976306 1.2111799 0.9507722 1.4027981 1.6213427 1.2485527 1.8329290 2.0925538 1.9524523 2.0539820 2.0210083 1.8425104 1.7993554 1.7087464 1.5998508 1.3448837 2.1256116 0.5318227 2.0017731 1.5220959 2.4913538 1.5424050 2.2407929 2.2669102 2.2588610 2.2221332 2.3223765 2.0908838 1.3939209 1.6181591 1.5354695 1.3828139 1.7481677 1.5279938 2.0478021 2.1597112 1.7847038 1.8162369 1.8196694 1.6749923 2.2460990 1.8494616 2.2233012 1.9896053 
Nvec_v1g193553                                          0.9794234 0.8827722 0.8783265 0.6364147 0.6654777 0.0000000 0.2841658 0.4018148 0.4071162 0.4085312 0.3689014 0.4005530 0.4408238 0.3779746 0.9894624 0.8528590 0.9194923 0.7751479 0.7555050 1.0078123 0.9103325 0.9172613 0.8890872 0.9298387 0.9327507 0.9156134 0.8685229 0.8845682 0.8799624 0.9321072 0.8573923 0.8392787 0.9480669 0.9901098 1.2555944 1.2210562 0.7926479 0.8582981 0.9101719 1.2136145 1.0592568 1.0369622 1.0596375 1.0735686 1.0027910 1.1077076 1.2612442 1.0255824 0.9660546 0.9660546 1.1256234 1.1260592 0.9731588 1.0018482 1.0057448 1.0057448 1.1013134 1.3371069 1.3371069 1.6440045 1.6440045 1.0166968 1.0166968 1.0894400 1.0540867 1.4584354 0.9840901 1.0878515 1.1037545 1.0841495 0.9728540 1.0475286 0.9551796 1.0326988 1.1644339 1.0910952 1.3482851 1.0924924 1.3936553 1.8114597 1.2157035 2.0351106 2.2965579 2.2837858 2.2878441 2.2884872 2.0206950 1.9806354 1.6906222 1.5062790 1.5894826 2.1742218 0.3426971 2.0588866 1.4280617 2.6397394 1.5854290 2.6117438 2.6226685 2.5415919 2.4444165 2.6213959 2.3069153 1.4353917 1.9046797 1.7905896 1.6105612 1.7627213 1.5354042 1.8621437 2.2679947 2.2335187 1.7885397 1.7946440 1.8435220 2.3503039 2.0526296 2.1583351 1.8785188 
Exapal_XM_021038151.2                                   0.9659613 0.9714176 0.9071417 0.6480759 0.6655089 0.2841658 0.0000000 0.3756237 0.3775761 0.4100632 0.3745690 0.3954702 0.3582908 0.3974045 0.9689023 0.8300681 0.9497068 0.7044215 0.7813497 0.9996839 0.8556028 0.9149797 0.8775005 0.9023025 0.9615957 0.9195506 0.8409591 0.9046128 0.7984254 0.8754555 0.8652397 0.8411441 1.0467995 1.0411597 1.4099153 1.2869210 0.8356980 0.9332017 1.0147990 1.2002609 1.1247919 1.1033796 1.1125082 1.1314536 1.0711752 1.1455825 1.1757089 1.0196768 0.9764535 0.9764535 1.1115639 1.1046145 0.9682195 0.9961104 1.0160314 1.0160314 1.0844336 1.2067643 1.2067643 1.4266367 1.4266367 1.0446670 1.0446670 1.0734306 1.0887848 1.3611771 1.0453557 1.0625740 1.0776991 1.0864806 1.0159494 1.0416117 0.9814829 1.0958859 1.1353770 1.0796365 1.3160131 1.1521107 1.3854288 1.7657581 1.1883198 2.0659496 2.2068867 2.2371405 2.2256028 2.2498723 1.8649538 1.8728948 1.6175620 1.4934400 1.5306494 2.1767273 0.3426971 1.9701696 1.4280617 2.5462590 1.4973930 2.4843822 2.4874571 2.4741918 2.4055995 2.6682039 2.3452027 1.5359617 1.8949513 1.7401464 1.5935199 1.7713777 1.5270412 1.7948969 2.2023494 2.0360844 1.8613523 1.9632003 1.7927044 2.4499626 2.1749424 2.1336479 2.0423625 
Pocdam_XM_027202367.1                                   0.9330103 0.8768711 0.8295153 0.6679464 0.6977494 0.4018148 0.3756237 0.0000000 0.0359462 0.1290509 0.1387938 0.1738880 0.1921759 0.1317310 0.7443672 0.8651578 1.0190323 0.7852935 0.7745156 0.9693342 0.8405669 0.8633027 0.8760171 0.9359552 1.0019146 0.8736743 0.7911961 0.8412471 0.8394836 0.8536118 0.8565240 0.8747803 1.0171394 1.0435658 1.3536093 1.3092248 0.7895344 0.8748028 0.9937570 1.2248160 1.0726329 1.0605578 1.0610605 1.0592855 1.0398792 1.0890811 1.1340387 0.9757492 0.9669711 0.9669711 1.0950863 1.0949694 0.9342690 0.9612496 1.0063232 1.0063232 1.0749763 1.1866173 1.1866173 1.4576991 1.4576991 0.9734005 0.9734005 1.0242475 1.0184051 1.1671156 0.9991833 1.0367363 1.0383371 1.1019919 1.0731618 1.0745058 1.0555931 1.1291850 1.1300289 1.1491175 1.3949720 1.1155124 1.4733337 1.6363605 1.2706702 2.3920150 2.5424982 2.3732017 2.4434328 2.5178560 2.0373492 1.9107644 1.6016553 1.4256760 1.4793571 2.2443100 0.5554519 1.9457481 1.6184357 2.6166216 1.5788738 2.5225287 2.5282432 2.4256384 2.3591332 2.6675785 2.3871815 1.6476410 1.8291110 1.7260038 1.5388184 1.8694404 1.5735635 1.7417596 2.2068808 2.2462493 1.7403163 1.7120554 1.6554891 2.3714775 2.1056827 2.0042998 1.8777968 
Spis_XP_022798451_1                                     0.9190855 0.8825265 0.8539589 0.6725236 0.7011657 0.4071162 0.3775761 0.0359462 0.0000000 0.1361426 0.1641305 0.1773324 0.1888937 0.1388081 0.7456269 0.8762125 1.0076339 0.7985495 0.7537717 0.9953188 0.8537381 0.8644061 0.9031178 0.9432745 0.9888536 0.8857350 0.7952927 0.8416652 0.8480468 0.8359808 0.8309139 0.8473616 1.0183941 1.0245471 1.3507513 1.3090409 0.8039209 0.8823898 0.9893063 1.2117523 1.0453938 1.0334896 1.0300768 1.0624579 1.0230784 1.0749321 1.0981363 0.9534907 0.9228928 0.9228928 1.0754226 1.0753119 0.9192962 0.9459508 0.9606225 0.9606225 1.0555367 1.1622881 1.1622881 1.4209802 1.4209802 0.9653740 0.9653740 1.0044347 1.0085331 1.2091903 0.9893714 1.0206331 1.0325868 1.0891238 1.0562085 1.0636847 1.0663953 1.1170411 1.1234535 1.1733483 1.4295463 1.1609437 1.4658585 1.6529198 1.2672755 2.3355988 2.4589583 2.3522969 2.4230744 2.4889989 2.0872788 1.9599077 1.6638541 1.4266829 1.4749639 2.2619078 0.5554519 1.9877413 1.6184357 2.6308587 1.5940683 2.5203554 2.5260488 2.4227838 2.3391218 2.6732532 2.3860089 1.6459594 1.8097502 1.7267246 1.5552037 1.8148801 1.6054369 1.7423074 2.1688087 2.2337025 1.7724799 1.7325006 1.6549492 2.4299002 2.1048889 2.0591389 1.9114989 
Gasp_gasp1.m3.9835.m1                                   1.0103044 1.0226547 0.9611043 0.7544775 0.7417190 0.4085312 0.4100632 0.1290509 0.1361426 0.0000000 0.1068829 0.1195881 0.1713014 0.1007103 0.7076909 0.9178659 1.1433797 0.8676247 0.8209983 1.1413265 0.9745276 0.9946012 0.9875907 1.0031675 1.1147020 0.9759652 0.8525010 0.9240042 0.9071315 0.9791691 0.9437837 1.0299002 1.0958532 1.1311412 1.4717450 1.4863389 0.8268595 0.9266327 1.1028883 1.1004728 1.0659691 1.0845209 1.0445765 1.0909989 1.0352554 1.1615381 1.0960579 1.0068589 1.0858615 1.0858615 1.2502078 1.2500136 1.0196872 1.0196872 1.0858615 1.0858615 1.1768428 1.1982654 1.1982654 1.4814266 1.4814266 1.0883085 1.0883085 1.0788297 1.1081386 1.1893312 1.1075067 1.0967442 1.1282451 1.1786202 1.1218529 1.1649270 1.1356550 1.1516492 1.2125376 1.3026361 1.3267102 1.0848072 2.1486277 1.9524660 1.2664290 2.3741509 2.4689644 2.3995932 2.4019552 2.4200939 2.2436150 1.9190111 1.6196874 1.3098913 1.4330947 2.4335188 2.3042823 2.0992605 1.1192564 2.5685952 1.7354332 2.4566035 2.4629729 2.4309230 2.3660500 2.6793815 2.3631983 1.9334120 2.1795500 1.9665696 1.7965079 2.2209027 1.7786564 1.8999130 2.5068962 2.5295521 1.9618457 1.9497029 1.8884481 2.2223763 2.1420178 2.4627422 1.9396263 
Gfas_gfas1.m1.6731.m1                                   0.9421088 0.9186576 0.8585420 0.7006839 0.7064177 0.3689014 0.3745690 0.1387938 0.1641305 0.1068829 0.0000000 0.1285158 0.2034930 0.1046816 0.7483355 0.8691431 1.0027323 0.7718123 0.7749410 0.9807742 0.8720557 0.8655543 0.8859598 0.9376355 0.9821597 0.8915226 0.7998437 0.8379179 0.8402112 0.9112205 0.8437839 0.9057757 0.9863356 0.9845852 1.3941937 1.2611138 0.8035448 0.8927426 0.9633320 1.1609392 1.0288781 1.0171787 1.0140053 1.0426091 0.9965654 1.0668166 1.1338279 0.9486261 0.9804867 0.9804867 1.1041460 1.1040250 0.9397974 0.9671034 1.0205272 1.0205272 1.0837275 1.2123470 1.2123470 1.5016338 1.5016338 0.9897421 0.9897421 0.9820158 1.0046243 1.1457057 0.9996116 1.0158652 1.0368674 1.0726373 1.0043819 1.0367559 1.0282447 1.0400133 1.1055247 1.1862682 1.4330433 1.0764638 1.4505672 1.6791642 1.2070262 2.2955710 2.4169690 2.2607156 2.3120282 2.4087438 1.8720801 1.7112046 1.5594105 1.3975174 1.5014001 2.2019169 0.5134741 1.9665731 1.5866162 2.5187647 1.5742933 2.4887305 2.4943222 2.4081438 2.3537765 2.6128925 2.3477567 1.5927263 1.7154981 1.6185292 1.5248899 2.0273933 1.5597777 1.8033119 2.3010014 2.1517393 1.7583796 1.7480985 1.6388473 2.3203986 2.0806183 1.9331601 1.9392148 
Amil_Amillepora18125-RA                                 0.9751203 0.9840672 0.9148570 0.6963007 0.7117569 0.4005530 0.3954702 0.1738880 0.1773324 0.1195881 0.1285158 0.0000000 0.0693027 0.1336451 0.5937605 0.9432306 1.0845810 0.8090753 0.8193387 0.9840961 0.8933007 0.8914924 0.9191327 0.9334693 1.0595227 0.8983178 0.8077851 0.8271108 0.8188979 0.9288412 0.8367255 0.9106538 1.0375410 1.0699512 1.2814342 1.2855069 0.8049096 0.8746325 1.0250799 1.1472189 1.0578564 1.0838020 1.0565055 1.0742905 1.0293272 1.0998590 1.1699857 1.0191303 1.0236951 1.0236951 1.1571725 1.1570355 0.9999844 0.9848717 1.0021150 1.0021150 1.0799916 1.2430941 1.2430941 1.4957908 1.4957908 1.0188627 1.0188627 1.0617674 1.0307298 1.1994799 1.0193010 1.0619236 1.0832988 1.1132343 1.0660335 1.1194772 1.0497300 1.1069835 1.1883732 1.2027006 1.4374465 1.1037537 1.5196805 1.7557253 1.2025081 2.2477134 2.3425801 2.2004965 2.1981965 2.2792778 1.9093603 1.8910472 1.7865003 1.4253585 1.4647000 2.3504327 0.6358376 2.0145297 1.6184357 2.5284624 1.5797514 2.5167907 2.5225118 2.4447989 2.3731519 2.6144025 2.3782853 1.5911433 1.7275166 1.5788343 1.4597099 1.8790302 1.5841040 1.8509067 2.2653278 2.0920512 1.7988941 1.7708299 1.5816526 2.4157434 2.0150131 2.0509847 1.9328593 
Adig_XM_015900041.1                                     0.8126820 0.8602745 0.8652791 0.5470457 0.6153887 0.4408238 0.3582908 0.1921759 0.1888937 0.1713014 0.2034930 0.0693027 0.0000000 0.2095888 0.0630835 0.7395852 2.1814764 0.6520935 0.7664457 1.0332243 0.7513163 0.8424226 0.8155685 0.9735875 1.2227679 0.7433334 0.6764411 0.7622424 0.6978212 0.6852157 0.7088822 0.7861926 0.8917928 0.9351130 1.7414842 1.9483456 0.8222133 0.9784164 3.4998302 0.8282585 1.0223422 1.0260316 1.0099475 1.0027032 1.0440938 1.0543172 1.0969554 1.0516486 4.9428133 4.9428133 2.4249221 2.4229016 0.9205410 0.9205410 4.9428133 4.9428133 1.6707055 0.8491590 0.8491590 1.5835355 1.5835355 0.8755243 0.8755243 1.0080827 1.0798959 0.8954939 1.1029395 0.9486348 0.9748629 1.0783187 1.0587737 1.0839012 0.9922185 1.0196040 1.2299294 1.1798218 1.6787755 1.2540345 3.9919759 2.0636628 2.0497530 4.7139822 2.8289752 2.8509746 2.8730008 2.5201838 1.9450765 1.8305301 1.6619621 1.1495998 1.4295842 2.7204277 1.5199985 2.5287619 4.9622292 3.2094379 1.6093409 3.9033140 3.9506235 4.0278258 3.7126693 3.9640098 2.7739974 1.6194387 1.9558897 1.9955099 1.4668891 1.9635815 1.3945476 1.7912893 2.5227196 2.5526508 1.8736621 1.9050099 1.4740654 1.2939840 2.4370017 2.0049426 2.0523915 
Fspp_ffun1.m4.24436.m1                                  1.0312042 0.9748430 0.8650723 0.7174662 0.6698828 0.3779746 0.3974045 0.1317310 0.1388081 0.1007103 0.1046816 0.1336451 0.2095888 0.0000000 0.7224831 0.8798153 1.0069566 0.8193010 0.7892074 1.0177445 0.8742640 0.8878161 0.9181914 0.9567840 1.0320694 0.8911607 0.8045551 0.8570261 0.8651936 0.9472233 0.8329989 0.8839283 1.0608000 1.0748353 1.3350179 1.2267205 0.8993934 0.9779453 1.0150211 1.2812455 0.9855545 1.0344024 1.0172993 1.0195218 1.0020057 1.0246316 1.0987912 0.9456258 1.0215607 1.0215607 1.1426145 1.1424833 0.9737982 0.9584500 0.9993281 0.9993281 1.0663943 1.2101033 1.2101033 1.4802610 1.4802610 1.0362343 1.0362343 1.0145671 0.9810288 1.1328424 0.9895754 1.0565205 1.0451829 1.0836224 1.0417046 1.0778220 1.0548939 1.1069586 1.0610812 1.2095752 1.4144554 1.1160109 1.5466458 1.6869046 1.2364671 2.2067886 2.3180793 2.2624491 2.3216655 2.4069468 1.9234826 1.6989313 1.5060450 1.3819775 1.4518312 2.1936748 0.6424819 1.9403134 1.5866162 2.6721259 1.5421071 2.3523008 2.3585749 2.3227592 2.2763312 2.6036898 2.4916839 1.5862749 1.5713857 1.5151130 1.5236204 1.8664687 1.4997210 1.7101432 2.1350650 2.1017272 1.6096514 1.5546436 1.6651427 2.4365191 1.9036880 1.9982165 1.9088751 
Adig_XM_015899981.1                                     1.4953895 1.5574873 1.4265660 1.0738553 1.0592366 0.9894624 0.9689023 0.7443672 0.7456269 0.7076909 0.7483355 0.5937605 0.0630835 0.7224831 0.0000000 1.3414361 2.1601277 1.2899668 1.3078281 1.8057973 1.3854871 1.4392772 1.4406618 1.6857881 1.8292999 1.1994021 1.2396332 1.3320089 1.3187382 1.2602736 1.2806663 1.3731346 1.3737060 1.5029403 1.7088677 1.7932804 1.2334176 1.4485635 1.7054612 1.3185092 1.4238450 1.4293440 1.4585178 1.5311037 1.4456444 1.3737429 1.5131465 1.3802243 1.5980155 1.5980155 2.0793048 2.0787787 1.4248531 1.4248531 1.5980155 1.5980155 1.8873324 1.3664144 1.3664144 1.7876013 1.7876013 1.4455923 1.4455923 1.5079131 1.3651970 1.6177353 1.4551606 1.4622211 1.4691778 1.5044902 1.6900818 1.8148548 1.7039489 1.8996719 2.0994185 2.0014077 2.5952063 1.6976206 3.0853483 2.5046258 1.3192377 2.1329385 2.8672806 2.8761986 2.9142144 2.8658197 2.4588247 2.2411191 1.3817934 1.1531683 1.4948931 3.1174052 1.8782459 2.4316972 0.0000010 3.7292855 1.8545705 2.9903595 3.0116412 3.3300578 3.3357984 3.2671562 3.0534200 2.1125545 2.5742681 2.2964266 1.9168378 2.2295522 1.6902407 2.2600687 2.9372964 3.2963989 1.9472604 2.0335933 2.3896416 2.1743302 2.8981124 2.3520028 2.3230385 
Acagra_model.g7434.t1.1.5d3b8486                        0.7109184 0.7266294 0.7590915 0.7792903 0.7642189 0.8528590 0.8300681 0.8651578 0.8762125 0.9178659 0.8691431 0.9432306 0.7395852 0.8798153 1.3414361 0.0000000 0.0000010 0.5484600 0.5981089 0.8145406 0.7084009 0.7559853 0.5955840 0.6121030 0.6612189 0.9041810 0.8814846 0.9084427 0.9146637 0.9244557 0.9303537 0.8961394 0.9582751 0.9886163 1.4016018 1.2350631 0.8877006 0.9715706 1.0183227 1.2382223 0.8768066 0.8631712 0.8881973 0.9155557 0.8690154 1.1095979 1.1187790 0.9389155 0.9507235 0.9507235 1.0622814 1.0627541 0.9479988 0.9748196 0.9885066 0.9885066 1.0528757 1.1860116 1.1860116 1.3829084 1.3829084 0.9732803 0.9732803 1.0563875 1.0085207 1.3214011 0.9927526 1.0199785 1.0392030 1.0678886 0.9757749 0.9170303 1.0067074 0.9638535 1.0319331 1.0193500 1.2802598 1.2056012 1.4474633 1.6057036 1.2783741 1.8319242 2.2895533 2.2538761 2.2383098 2.2782135 1.9357126 1.8421082 1.4785938 1.3468329 1.2887546 2.0298647 0.5816750 2.0224558 1.9072412 2.6346670 1.5656820 2.4424883 2.4597752 2.5099505 2.4008891 2.4132291 2.1020105 1.5863681 1.8746544 1.8083752 1.4798831 1.7155759 1.4183134 1.9803832 2.2431762 1.9017760 1.6468199 1.8371680 1.8977283 2.3298302 1.8159211 2.4027109 1.7411104 
Acagra_model.g7434.t1.1.5d3b8486.1.5d40087e             0.7028207 0.7268732 0.7038371 0.7925476 0.7824198 0.9194923 0.9497068 1.0190323 1.0076339 1.1433797 1.0027323 1.0845810 2.1814764 1.0069566 2.1601277 0.0000010 0.0000000 0.6264512 0.6346155 0.7669210 0.6935151 0.7018576 0.7417469 0.5435500 0.6453257 0.9431936 0.9372705 0.9431752 1.0013070 1.0633683 1.0003922 0.9769501 1.0220848 1.0714053 1.2491787 0.9521133 0.9021687 0.9955863 0.9744927 1.5603326 0.8577507 0.8361659 0.8565996 0.9043825 0.8587783 1.1274368 1.1521816 0.9128180 0.9507235 0.9507235 0.9654243 0.9654243 0.9654243 1.0012944 0.9885066 0.9885066 1.0012944 1.3496806 1.3496806 1.3496806 1.3496806 1.0309611 1.0309611 1.0437593 0.9382159 1.8503027 0.9382159 1.0205757 1.0288841 1.0780005 1.0227804 0.9138392 1.0876805 0.9662421 0.9522343 0.9699261 1.2063568 1.1357414 1.3104272 1.6140994 1.1212226 1.8456670 2.0733375 1.9923499 2.0130196 2.1857735 2.3346045 2.6829579 2.9529624 7.9766747 1.3709514 1.8128310 0.5816750 1.8297797 1.9072412 2.2873207 1.7017131 2.0285407 2.0432461 1.9578484 1.9103967 1.8638925 1.8702345 1.6694079 1.7199429 1.6819548 1.4363414 1.6009317 1.3855161 1.9274432 2.0504314 1.7213726 1.5221446 1.6295242 1.9709910 3.3878120 1.4913424 2.4000200 1.6190240 
Skow_XM_006818813.1                                     0.6488244 0.7166349 0.7526704 0.6341517 0.6765293 0.7751479 0.7044215 0.7852935 0.7985495 0.8676247 0.7718123 0.8090753 0.6520935 0.8193010 1.2899668 0.5484600 0.6264512 0.0000000 0.4995557 0.8201720 0.6031050 0.6720744 0.7620062 0.6699840 0.8177784 0.8069759 0.8016317 0.7916525 0.8273618 0.9013525 0.8492117 0.8291651 0.8289282 0.8252442 1.1520779 1.0590054 0.7043543 0.7324276 0.8096776 0.9968201 0.8535161 0.8406533 0.8751642 0.8914857 0.8310089 1.0229942 1.1588102 0.9218917 0.9101475 0.9101475 1.0468782 1.0473792 0.8966429 0.9227991 0.9479443 0.9479443 1.0373000 1.2585666 1.2585666 1.5995549 1.5995549 0.8965152 0.8965152 0.9854422 0.9607283 1.2181206 0.9180744 0.9532264 0.9822879 1.0028518 0.8872259 0.8762752 0.9057389 0.9686264 1.0270031 1.0718146 1.3512153 0.9697427 1.5242033 1.6739906 1.1620323 1.9401808 2.2445454 2.1345695 2.1888136 2.1863723 1.8704353 1.8848539 1.6016908 1.2208189 1.2872677 2.1649725 0.5560470 1.8346127 1.6548976 2.6194902 1.5475864 2.3963216 2.4336141 2.4588047 2.3446060 2.6791892 2.3969352 1.4009411 1.6423774 1.5298545 1.4523037 1.6600697 1.3439830 1.8992434 2.1816141 1.9364201 1.6173813 1.7312606 1.7181046 2.3353704 1.8033420 2.2134928 1.7488303 
Bralan_BLAG02000585_1                                   0.7819002 0.6956521 0.6580619 0.6608712 0.6829170 0.7555050 0.7813497 0.7745156 0.7537717 0.8209983 0.7749410 0.8193387 0.7664457 0.7892074 1.3078281 0.5981089 0.6346155 0.4995557 0.0000000 0.7350532 0.6390520 0.6511916 0.7897471 0.6737469 0.8280328 0.8545160 0.8054518 0.7731900 0.7808337 0.8053272 0.7883668 0.7646550 0.8423908 0.8651093 1.2128585 1.1500797 0.7082055 0.7793148 0.7549398 1.0383364 0.8492676 0.8309330 0.8278264 0.8473567 0.8286970 0.9151293 1.1514886 0.8389034 0.7926082 0.7926082 0.9695869 0.9701507 0.8692527 0.8948784 0.8263560 0.8263560 0.9605594 1.1975937 1.1975937 1.4180008 1.4180008 0.8945350 0.8945350 0.8506496 0.8647582 1.0721532 0.8723024 0.9083061 0.9218709 0.9162361 0.8966054 0.9587309 1.0022687 1.0283051 1.0312131 1.0187985 1.2383733 0.9999470 1.2896106 1.5867382 1.2005276 1.9066062 2.1254685 2.0844848 2.1328796 2.0348255 1.7425248 1.8570800 1.4897730 1.1940118 1.1954600 2.0328297 0.6336530 2.0468100 1.6821403 2.5606508 1.5150360 2.4346652 2.3945355 2.4518263 2.3735648 2.3407846 2.0932016 1.2372110 1.5971131 1.5069038 1.4022667 1.7270311 1.3554485 1.9392183 2.1651618 1.7019292 1.6567176 1.6987825 1.6744342 2.4159870 1.8301499 2.2521424 1.7153060 
Hsap_ENST00000450454                                    0.9914519 0.8527118 0.8812702 0.9540599 0.9482061 1.0078123 0.9996839 0.9693342 0.9953188 1.1413265 0.9807742 0.9840961 1.0332243 1.0177445 1.8057973 0.8145406 0.7669210 0.8201720 0.7350532 0.0000000 0.6188827 0.5909121 0.9798168 0.8198717 1.0379081 1.0679128 0.9549038 1.0164313 1.0173010 1.0292784 1.0509489 1.0261014 1.1441520 1.1313755 1.3153697 1.1491969 0.9079196 0.9831567 0.9040693 1.4033407 1.0512372 1.0318569 1.0504543 1.0595020 1.0011179 1.1224296 1.3266448 1.0501712 0.9955775 0.9955775 1.1546754 1.1550517 1.0658009 1.0951588 1.0336718 1.0336718 1.1735792 1.4437633 1.4437633 1.6905616 1.6905616 1.0748992 1.0748992 1.1447342 1.1476158 1.6483419 1.1075240 1.0994094 1.1227360 1.1493606 0.9774857 0.9960715 1.0149030 1.0479641 1.1861523 1.2278381 1.4558038 1.2679428 1.4935562 2.0576273 1.1702589 1.9217309 2.5238754 2.4945100 2.3452520 2.4164337 1.9681554 2.0412513 1.8131503 1.4081205 1.3793970 2.2360422 0.6489520 2.3745371 1.5337713 3.1952858 1.6305790 2.7836828 2.7490374 2.7518746 2.6287936 2.7347807 2.5292581 1.5110673 1.8805379 1.8793948 1.7162400 1.9317323 1.5106578 2.5195282 2.5966854 1.9912371 1.9048285 1.8758809 1.8556082 2.9808323 1.8637937 2.4050305 1.9161219 
Hsap_ENST00000521604                                    0.8502833 0.7078374 0.7033729 0.7456405 0.7531325 0.9103325 0.8556028 0.8405669 0.8537381 0.9745276 0.8720557 0.8933007 0.7513163 0.8742640 1.3854871 0.7084009 0.6935151 0.6031050 0.6390520 0.6188827 0.0000000 0.4646467 0.8617010 0.7867893 0.8705803 0.8516671 0.8252016 0.8926031 0.8980920 0.9798942 0.9755385 0.9329287 0.9754390 0.9593655 1.3788472 1.1914897 0.8547636 0.9413831 0.9473982 1.3199407 0.9953865 0.9790961 1.0175694 0.9927927 0.9031672 0.9597469 1.1273303 0.9046041 0.9464438 0.9464438 1.0740391 1.0744968 0.9314853 0.9576242 0.9835580 0.9835580 1.0646398 1.2621179 1.2621179 1.5578550 1.5578550 0.9086761 0.9086761 0.9456432 0.9935049 1.3294282 0.9942018 0.9787160 0.9777522 0.9928700 1.0040312 1.0261292 0.9930682 1.0674890 1.1965191 1.1348032 1.3849230 1.1764613 1.3004021 1.7688781 1.2718954 1.9118759 2.2338994 2.2155707 2.1968503 2.1283912 1.8657563 2.0086002 1.6276296 1.3201576 1.3713743 2.0962009 0.7091820 1.9575562 1.4330015 2.5190263 1.5551573 2.3350579 2.3436768 2.3386359 2.2672875 2.5617185 2.4202567 1.4814809 1.7481204 1.7097828 1.4925852 1.9235927 1.5446636 2.0811934 2.5244137 1.9667679 1.6787017 1.6765804 1.7848126 2.3718057 1.8729101 2.3613429 1.6593205 
Hsap_ENST00000343484                                    0.8881198 0.7829169 0.8325484 0.7421255 0.7925586 0.9172613 0.9149797 0.8633027 0.8644061 0.9946012 0.8655543 0.8914924 0.8424226 0.8878161 1.4392772 0.7559853 0.7018576 0.6720744 0.6511916 0.5909121 0.4646467 0.0000000 0.9598196 0.7528459 0.9407668 0.9118658 0.8194952 0.9149316 0.9928256 0.9369907 1.0575041 0.9476942 0.9876543 0.9838622 1.3703700 1.2919128 0.7984949 0.8668996 0.9296344 1.1163441 0.9977592 0.9721487 1.0106211 1.0175495 0.9355626 1.0107665 1.1918141 0.9927032 0.9642239 0.9642239 1.0941026 1.0945558 0.9911425 1.0194546 1.0025493 1.0025493 1.0710568 1.3416105 1.3416105 1.5387280 1.5387280 1.0117755 1.0117755 0.9940839 1.0222358 1.4040143 0.9756615 0.9938095 1.0239053 1.0077480 0.9785577 1.0150533 1.0828794 1.1375016 1.1472905 1.1555726 1.4160471 1.1676749 1.4047727 1.8316165 1.1859543 1.9839648 2.5429009 2.5384123 2.5152007 2.5016198 1.9114451 1.9444306 1.7674490 1.5584637 1.4081432 2.1999671 0.7613162 2.0535814 1.6491228 2.6794917 1.5618513 2.6669563 2.6695265 2.6167353 2.5557489 2.6134777 2.4000119 1.5006028 1.6072096 1.7645626 1.6591421 1.9031117 1.6806470 2.1954152 2.5687776 1.9881647 1.7586162 1.8201390 1.9669383 2.6522961 1.7641010 2.3894599 1.6977365 
Cgig_XM_011415474.3                                     0.8927950 0.8020060 0.8942513 0.8278153 0.7121674 0.8890872 0.8775005 0.8760171 0.9031178 0.9875907 0.8859598 0.9191327 0.8155685 0.9181914 1.4406618 0.5955840 0.7417469 0.7620062 0.7897471 0.9798168 0.8617010 0.9598196 0.0000000 0.8617096 0.7279894 0.9411281 0.9157750 0.9614638 0.9366923 0.9849980 0.9675481 0.9287693 1.1425681 1.1759015 1.4097974 1.3912223 0.9447413 1.0308909 1.1209972 1.2819373 0.9969774 0.9769010 1.0104152 1.0435751 0.9797515 1.2646276 1.2595972 1.1381137 1.1824429 1.1824429 1.2504029 1.2506909 1.1198369 1.1520041 1.2302665 1.2302665 1.2384938 1.4084971 1.4084971 1.6387048 1.6387048 1.1415665 1.1415665 1.2024393 1.1718134 1.3215094 1.1487054 1.1746535 1.1965614 1.2105363 1.0862260 1.1292157 1.1884740 1.1874435 1.2334967 1.2024479 1.4816733 1.3031525 1.6582390 1.9184861 1.1541219 2.3582260 2.8155668 2.6967075 2.7758842 2.7633069 2.1016942 1.9916973 1.6790051 1.5013161 1.4901488 2.4277441 0.4780806 2.3545941 1.7331294 2.9532939 1.6520013 2.6584281 2.6682383 2.6192238 2.5910091 2.9915783 2.6614000 1.7112633 1.9266572 1.9259444 1.6299098 2.0997664 1.7540848 1.9217866 2.4254356 2.1710189 1.8916764 1.8828222 2.0784869 2.4484379 2.1360450 2.1562087 2.1084621 
Cscu_XM_023382759.1                                     0.7726756 0.6394247 0.6919802 0.7865368 0.7574993 0.9298387 0.9023025 0.9359552 0.9432745 1.0031675 0.9376355 0.9334693 0.9735875 0.9567840 1.6857881 0.6121030 0.5435500 0.6699840 0.6737469 0.8198717 0.7867893 0.7528459 0.8617096 0.0000000 0.8348846 0.9292940 0.9152319 0.9044390 0.9081363 0.9503397 1.0105820 0.9738222 1.1328938 1.0979304 1.2581104 1.0841118 0.8543071 0.8864922 0.8772450 1.3828575 0.8657475 0.8391749 0.8850736 0.8897992 0.8890457 1.0514892 1.2292354 1.0374577 0.8834402 0.8834402 1.0955354 1.0959743 1.0580967 1.0877803 0.9183749 0.9183749 1.1297618 1.4428550 1.4428550 1.6225372 1.6225372 1.0618644 1.0618644 1.0518807 1.0212288 1.5232776 0.9638786 1.0279789 1.0380685 1.0340385 0.9882670 0.9516143 1.0139854 1.0679793 1.1329650 1.0682496 1.4077778 1.1639071 1.5209162 1.8239106 1.3299792 1.8007127 2.1738432 2.1339006 2.0706079 2.1923919 2.0206595 2.0500528 2.1334925 1.7202249 1.4724128 2.1702478 0.7461695 1.9320931 2.3063435 2.8966190 1.6875997 2.3491082 2.3665652 2.2393598 2.2360939 2.1783300 2.1544118 1.5750051 1.6977930 1.5948094 1.4387670 1.8514652 1.3181566 2.0718433 2.0944806 1.9254489 1.5017971 1.6219908 1.7872067 3.1129472 1.8520531 2.3105842 1.7276379 
Ctel_gnl_WGS_AMQN_CAPTEDRAFT_mRNA155099                 1.0310264 0.7549709 0.9159318 0.7698265 0.8634574 0.9327507 0.9615957 1.0019146 0.9888536 1.1147020 0.9821597 1.0595227 1.2227679 1.0320694 1.8292999 0.6612189 0.6453257 0.8177784 0.8280328 1.0379081 0.8705803 0.9407668 0.7279894 0.8348846 0.0000000 1.0748583 1.0963409 1.0475400 1.0541450 1.0705268 1.0186762 1.0227710 1.1377445 1.1230562 1.4812921 1.3342736 0.9136104 0.9236658 0.9733061 1.3255314 1.0638008 1.0436126 1.0576630 1.0397047 0.9866349 1.2767070 1.2169501 1.0924403 1.0471762 1.0471762 1.1864960 1.1868503 1.0965129 1.1275596 1.0887501 1.0887501 1.1924383 1.3387795 1.3387795 1.5087166 1.5087166 1.0978584 1.0978584 1.1894828 1.2095963 1.6152712 1.1199885 1.1735455 1.1937124 1.1894645 1.0210781 0.9821761 1.0915987 1.0962985 1.2523953 1.2443403 1.4706921 1.2848961 1.5764226 2.0439049 1.3535088 1.9992166 2.4639808 2.4483817 2.4425406 2.4370717 1.9306451 1.9002169 1.7091723 1.4815317 1.4668729 2.2996267 0.5554755 2.2297564 1.4479256 2.7437713 1.6011671 2.4953542 2.4828669 2.7042033 2.5358489 2.7181367 2.4089771 1.6048780 1.9151913 1.9027884 1.7357348 1.8520069 1.6070027 1.8007564 2.0870168 2.0265178 1.7476987 1.8876341 1.9061909 2.5131957 2.0027721 2.1578292 1.8126823 
Nemnom_g9627.t1                                         0.9345435 0.9573010 0.9662563 0.8323406 0.8468504 0.9156134 0.9195506 0.8736743 0.8857350 0.9759652 0.8915226 0.8983178 0.7433334 0.8911607 1.1994021 0.9041810 0.9431936 0.8069759 0.8545160 1.0679128 0.8516671 0.9118658 0.9411281 0.9292940 1.0748583 0.0000000 0.1525825 0.3150744 0.3215838 0.5204527 0.7334946 0.6325595 1.1594856 1.1766631 1.4405762 1.3726345 0.9015027 0.9627503 1.0216743 1.3991164 1.0697448 1.0604043 1.0742400 1.0765062 1.0805073 1.2781371 1.4698561 1.2167291 1.1452373 1.1452373 1.3655316 1.3656726 1.1848748 1.2186869 1.1906907 1.1906907 1.3506026 1.5490267 1.5490267 1.9078039 1.9078039 1.2041086 1.2041086 1.2406757 1.2499350 1.7484455 1.1872656 1.2213462 1.2545524 1.2955188 1.1511052 1.1012014 1.1560973 1.2640207 1.3320004 1.0481331 1.3089038 1.2456285 1.4323903 1.7398182 1.3285586 2.0962028 2.5182482 2.4474803 2.5047387 2.3714717 1.9908756 2.2007159 2.0498501 1.7080939 1.4988270 2.1842519 0.6312058 2.2228122 1.7899384 2.7946129 1.7493411 2.4335276 2.4641424 2.3738939 2.3288728 2.7945005 2.5792987 1.5959517 1.7248400 1.5687747 1.5223692 1.5373141 1.5451086 1.8981475 2.1002550 1.9229611 1.6657251 1.8475594 1.6966876 2.6086586 1.9084358 2.2535699 1.8342682 
Rhoesc_Res_011733-T1                                    0.8930387 0.9082714 0.9552329 0.8245801 0.8215742 0.8685229 0.8409591 0.7911961 0.7952927 0.8525010 0.7998437 0.8077851 0.6764411 0.8045551 1.2396332 0.8814846 0.9372705 0.8016317 0.8054518 0.9549038 0.8252016 0.8194952 0.9157750 0.9152319 1.0963409 0.1525825 0.0000000 0.2794513 0.3361883 0.5231179 0.7146426 0.6245130 1.1198176 1.1415330 1.3901619 1.3123381 0.9065807 1.0061644 0.9865572 1.4679788 1.0918578 1.0823946 1.0784803 1.0890529 1.0597265 1.1657958 1.3307620 1.1254737 1.0315033 1.0315033 1.2439671 1.2442609 1.1047692 1.1363229 1.0729147 1.0729147 1.2303670 1.4401026 1.4401026 1.7073420 1.7073420 1.1379773 1.1379773 1.2057604 1.2630511 1.7116501 1.2131925 1.1697058 1.1990667 1.2430484 1.1538925 1.1468497 1.1760478 1.2630481 1.2161349 1.1025600 1.3518777 1.2650055 1.3862497 1.7321341 1.2743424 1.9773961 2.3791720 2.3876228 2.3875224 2.2621397 1.9872533 2.1362875 1.8570711 1.5909947 1.5096910 2.0984599 0.6596622 2.1526136 1.7899384 2.8060180 1.7068316 2.5080153 2.5497243 2.3830629 2.3790817 2.7285785 2.5312218 1.5061278 1.6371376 1.5161714 1.4473656 1.6273039 1.5037675 1.8144962 2.1406974 1.8541960 1.7284364 1.9486460 1.7283823 2.6427853 1.9852022 2.3502700 2.0032870 
Aaur_scaffold8.g4.t1                                    0.8996146 0.9109692 0.9650826 0.8683856 0.8786378 0.8845682 0.9046128 0.8412471 0.8416652 0.9240042 0.8379179 0.8271108 0.7622424 0.8570261 1.3320089 0.9084427 0.9431752 0.7916525 0.7731900 1.0164313 0.8926031 0.9149316 0.9614638 0.9044390 1.0475400 0.3150744 0.2794513 0.0000000 0.3011480 0.4564995 0.6751051 0.6573708 1.1423386 1.1698644 1.3973326 1.3652198 0.8848166 0.9624216 0.9831127 1.3845564 1.0763067 1.0743584 1.0891319 1.1650906 1.0448724 1.2493770 1.4343520 1.1957423 1.1517520 1.1517520 1.3354127 1.3355950 1.2061870 1.2408499 1.1974989 1.1974989 1.3206819 1.5669864 1.5669864 1.8166053 1.8166053 1.2071644 1.2071644 1.3050090 1.2913154 1.8025719 1.2300691 1.2379798 1.2621559 1.3202685 1.2141880 1.1320167 1.2191845 1.3291046 1.3307052 1.1326479 1.4060186 1.2259025 1.4745990 1.8184680 1.2797120 2.0365785 2.4316439 2.3551174 2.3651253 2.2761524 1.8826456 2.1660924 1.8371299 1.5622185 1.4895858 2.2942530 0.5793121 2.2272291 1.7899384 2.7479428 1.6885468 2.4213809 2.4762869 2.4044435 2.3804044 2.4563980 2.2350869 1.5029333 1.6417846 1.4460702 1.3731415 1.5805479 1.4456261 1.8399909 2.0603930 1.7922778 1.6776938 1.8979167 1.6108440 2.5824458 2.0905003 2.3690138 2.0249649 
Sanmal_Sma_007707-T1                                    0.9348032 0.9513263 0.9558796 0.8201427 0.8356726 0.8799624 0.7984254 0.8394836 0.8480468 0.9071315 0.8402112 0.8188979 0.6978212 0.8651936 1.3187382 0.9146637 1.0013070 0.8273618 0.7808337 1.0173010 0.8980920 0.9928256 0.9366923 0.9081363 1.0541450 0.3215838 0.3361883 0.3011480 0.0000000 0.5128398 0.6766119 0.6615900 1.1610055 1.1644779 1.3629488 1.3475355 0.8946440 0.9347873 0.9214260 1.4239195 1.0942780 1.1262119 1.0914582 1.0731935 1.1301432 1.2724009 1.4258560 1.1900031 1.1486406 1.1486406 1.3860079 1.3861219 1.2161471 1.1784904 1.0997439 1.0997439 1.2784335 1.5233943 1.5233943 1.8238120 1.8238120 1.2634363 1.2634363 1.2884214 1.2561078 1.6211593 1.2604615 1.1869794 1.1887945 1.2415084 1.2325539 1.1578986 1.1710677 1.3100676 1.3109771 1.0634295 1.3227908 1.1425787 1.5441140 1.7727520 1.2585893 2.0000871 2.3918483 2.2992711 2.3128049 2.2307773 1.9006228 1.9599655 1.7652132 1.3711597 1.3560817 2.2937298 0.6791372 2.2175872 1.7543212 2.6820253 1.6688753 2.4009756 2.4289332 2.3982502 2.2951980 2.4563217 2.2471961 1.5623072 1.7561705 1.5820117 1.4308664 1.6454327 1.4996132 1.8165162 2.0532265 1.8384884 1.6456760 1.8145375 1.7243726 2.5607581 2.0735369 2.3648814 1.9176038 
Morvir_scaffold184.g12.t1                               0.9262056 0.9001530 1.0522178 0.8065589 0.8618006 0.9321072 0.8754555 0.8536118 0.8359808 0.9791691 0.9112205 0.9288412 0.6852157 0.9472233 1.2602736 0.9244557 1.0633683 0.9013525 0.8053272 1.0292784 0.9798942 0.9369907 0.9849980 0.9503397 1.0705268 0.5204527 0.5231179 0.4564995 0.5128398 0.0000000 0.6491920 0.6167368 1.1573982 1.1654275 1.4189648 1.3398249 0.9383826 1.0234484 1.1143455 1.4014329 1.1383162 1.1135449 1.1402269 1.1149136 1.1094759 1.2989980 1.5177104 1.1949563 1.2004475 1.2004475 1.3850452 1.3851613 1.1962233 1.2305312 1.2484601 1.2484601 1.3716598 1.5384613 1.5384613 1.9033438 1.9033438 1.2779036 1.2779036 1.2514673 1.3354214 1.7457074 1.3119094 1.2983401 1.3244174 1.3593889 1.1567795 1.1574477 1.1398722 1.2827602 1.2458575 1.2570261 1.6149680 1.2997631 1.5654083 1.7825675 1.2327552 2.1797821 2.4434423 2.3672755 2.4400354 2.4080098 2.0357537 2.1782784 1.8145753 1.3583369 1.4513327 2.1952383 0.5672293 2.1731309 1.4854489 2.9484741 1.7382231 2.4038925 2.3830810 2.5486843 2.4847983 2.6038645 2.3464248 1.5611978 1.6430693 1.5094968 1.5251911 1.6838422 1.4639184 1.8811755 2.1158810 2.0302845 1.7812877 1.9117494 1.6426008 2.6001246 2.1244082 2.4698026 2.5005725 
Chem_TCONS_00001182                                     1.0255221 0.9353389 0.9433013 0.8059055 0.7757805 0.8573923 0.8652397 0.8565240 0.8309139 0.9437837 0.8437839 0.8367255 0.7088822 0.8329989 1.2806663 0.9303537 1.0003922 0.8492117 0.7883668 1.0509489 0.9755385 1.0575041 0.9675481 1.0105820 1.0186762 0.7334946 0.7146426 0.6751051 0.6766119 0.6491920 0.0000000 0.5306696 1.0191219 1.0605758 1.4592612 1.4372484 1.0022417 1.1039830 1.0966256 1.3646911 1.1111742 1.1088705 1.1433087 1.1764075 1.0543614 1.2694867 1.3922057 1.2021823 1.1598162 1.1598162 1.3363181 1.3257768 1.2039223 1.2390303 1.2072976 1.2072976 1.3066351 1.5198208 1.5198208 1.7280009 1.7280009 1.2279221 1.2279221 1.2899628 1.3029280 1.5298241 1.3455906 1.2541083 1.2843800 1.2278541 1.1141384 1.1100010 1.0735574 1.1284612 1.3807231 1.2801054 1.5991151 1.2902456 1.5293682 1.6835993 1.2383714 1.9261606 2.3359460 2.2123217 2.2481679 2.1413618 1.9365725 2.1703627 1.7686906 1.5506790 1.4854795 2.2353639 0.5018790 2.0904982 1.4549374 2.8634664 1.6584215 2.3756720 2.3572514 2.3985358 2.2788310 2.5339192 2.2431868 1.4809459 1.6457291 1.5977612 1.4893103 1.6802127 1.4317608 1.9946940 2.2748670 1.7161308 1.7494860 1.7537995 1.6530607 2.5965381 2.0029274 2.2688282 2.3273209 
Hvul_g6977_1                                            0.9473960 0.9830721 0.9918414 0.7544334 0.7224877 0.8392787 0.8411441 0.8747803 0.8473616 1.0299002 0.9057757 0.9106538 0.7861926 0.8839283 1.3731346 0.8961394 0.9769501 0.8291651 0.7646550 1.0261014 0.9329287 0.9476942 0.9287693 0.9738222 1.0227710 0.6325595 0.6245130 0.6573708 0.6615900 0.6167368 0.5306696 0.0000000 1.0767543 1.1035903 1.4911706 1.4959459 0.9366971 1.0936308 1.0164882 1.3837744 1.0081522 0.9913954 1.0350512 1.0813050 0.9733319 1.3243149 1.5400081 1.2624148 1.2113580 1.2113580 1.3657964 1.3592915 1.2213364 1.2565860 1.2599389 1.2599389 1.3311035 1.6348950 1.6348950 1.9006039 1.9006039 1.3190815 1.3190815 1.2746500 1.2594435 1.5887537 1.2843105 1.2260324 1.2388847 1.3478708 1.1323434 1.1234791 1.1208892 1.1183630 1.3279005 1.2554238 1.5876964 1.1909339 1.4218182 1.6944466 1.1914584 1.9961799 2.4750366 2.3207525 2.4378521 2.3453134 1.9948886 2.2423239 1.8120792 1.6318606 1.5410858 1.9609163 0.5550112 2.2190532 1.4810182 2.8723016 1.7886962 2.4814439 2.4730885 2.6025478 2.4487897 2.6205266 2.3895738 1.5030754 1.6036393 1.6181813 1.5551801 1.7031316 1.5066761 1.7395564 2.0604263 1.9926632 1.7849272 1.9636444 1.6619834 2.9004395 1.9737097 2.4674688 2.2388897 
