91
Emue_Em0014g372a.t1                                    0.0000000 0.0147305 0.2505836 0.2309213 0.2223721 0.2038987 0.2140861 0.2401136 0.2059529 0.1285208 0.1971728 0.2247596 0.1830663 0.2696554 0.2696554 0.2275207 0.2597981 0.1810308 0.2125536 0.2187161 0.1207963 0.1225469 0.1223851 0.1484483 0.1490349 0.2634466 0.2634466 0.2562061 0.2685180 0.2670137 0.3009872 0.2810072 0.3307506 0.2758141 0.2745450 0.2998145 0.2391705 0.3563437 0.3599604 0.3180758 0.2503503 0.3324838 0.3053491 0.3392057 0.3392057 0.3244981 0.3541102 0.3311219 0.3201205 0.3142103 0.3680712 0.3569571 0.4476723 0.4024018 0.4281587 0.5467348 0.5149582 0.5467289 0.4347240 0.3967151 0.3823036 0.4037637 0.4555440 0.4462764 0.4462764 0.4462764 0.4788821 0.3609026 0.3609026 0.4097909 0.4101184 0.4261808 0.3783416 0.3887932 0.4468228 0.4968392 0.5275796 0.4480073 0.5271991 0.4389499 0.5408663 0.4298277 0.3947806 0.4556795 0.5423561 0.4680278 0.4952664 0.4777799 0.5733287 0.4578023 0.5266299 
Spolac_c105479_g1_i1_m.44885c105479-g1                 0.0147305 0.0000000 0.2612061 0.2522174 0.2436215 0.2249455 0.2353571 0.2615229 0.2159474 0.1502757 0.2175203 0.2349323 0.1926621 0.2804625 0.2804625 0.2391925 0.2562680 0.1939681 0.2228742 0.2289846 0.1131474 0.1209640 0.1146464 0.1675493 0.1583965 0.2614984 0.2614984 0.2671523 0.2798672 0.2797272 0.3125623 0.2967843 0.3424306 0.2631278 0.2619265 0.2969964 0.2449927 0.3772434 0.3776924 0.3300073 0.2426853 0.3439511 0.2915310 0.3440030 0.3440030 0.3365048 0.3539481 0.3430839 0.3336302 0.3257880 0.3520175 0.3516176 0.4398704 0.3949587 0.4282710 0.5400139 0.5298815 0.5620903 0.4486586 0.4098290 0.3613050 0.3922701 0.4426685 0.4335736 0.4335736 0.4335736 0.4585415 0.3425966 0.3425966 0.3905861 0.3884058 0.4113280 0.3594768 0.3689582 0.4268437 0.4722319 0.5055092 0.4629050 0.5427431 0.4537965 0.5563086 0.4228832 0.3694503 0.4533990 0.5576075 0.4983466 0.5096120 0.4778939 0.5668459 0.4761838 0.5424119 
Lcom_lcpid115689                                       0.2505836 0.2612061 0.0000000 0.0144496 0.0514359 0.0513164 0.0590115 0.0906409 0.1429694 0.1477892 0.1510306 0.1426355 0.1715623 0.1809429 0.1809429 0.1664226 0.1979464 0.1238986 0.1824486 0.1715894 0.1905135 0.2103563 0.1860055 0.1792558 0.2133410 0.1618018 0.1618018 0.1443894 0.2147676 0.1999172 0.1656495 0.1981519 0.1731201 0.2134566 0.1960171 0.1955759 0.2564703 0.1692409 0.2397469 0.2339579 0.2314971 0.2397412 0.2467477 0.2781866 0.2781866 0.2642004 0.2828679 0.2881661 0.2758224 0.2565893 0.2003086 0.2801328 0.3083623 0.2863384 0.2903677 0.4415695 0.3829762 0.4096349 0.3334002 0.3060196 0.3594002 0.3305264 0.3846446 0.4053579 0.4053579 0.4053579 0.4101308 0.3243709 0.3243709 0.3681579 0.3806417 0.3783906 0.3277269 0.3473935 0.3804002 0.4135352 0.4605536 0.3787778 0.4119092 0.3345082 0.4291216 0.3296015 0.3741115 0.4404779 0.4526540 0.4479963 0.3710181 0.3672498 0.4062537 0.4201965 0.4633694 
Lcom_lcpid116901                                       0.2309213 0.2522174 0.0144496 0.0000000 0.0364278 0.0363422 0.0438826 0.0749146 0.1421726 0.1245835 0.1341054 0.1418427 0.1705526 0.1798563 0.1798563 0.1653156 0.1898147 0.1230200 0.1813462 0.1705773 0.1893508 0.2020520 0.1848542 0.1617287 0.2119770 0.1526190 0.1526190 0.1435701 0.2133792 0.1985037 0.1646599 0.1807303 0.1720825 0.2081297 0.1906294 0.1866000 0.2509705 0.1675352 0.2374470 0.2324013 0.2299509 0.2381574 0.2411484 0.2588720 0.2588720 0.2447439 0.2808869 0.2687154 0.2539452 0.2377297 0.2178634 0.2709068 0.3261851 0.2841906 0.2881690 0.4374377 0.3797774 0.4061211 0.3569805 0.3036549 0.3522497 0.3244434 0.3782144 0.3987032 0.3987032 0.3987032 0.4035338 0.3182050 0.3182050 0.3618196 0.3734869 0.3705468 0.3214897 0.3382015 0.3739321 0.4058250 0.4534118 0.3754846 0.4082219 0.3317166 0.4252319 0.3523515 0.3644040 0.4236399 0.4484729 0.4222587 0.3679552 0.3642052 0.4339511 0.4154152 0.4785595 
Gracom_Gcom_C537164_01                                 0.2223721 0.2436215 0.0514359 0.0364278 0.0000000 0.0290724 0.0514046 0.0671533 0.1337403 0.1245835 0.1257116 0.1334309 0.1618048 0.1709779 0.1709779 0.1746184 0.1974572 0.1439724 0.1733377 0.1453997 0.1980773 0.1759085 0.1757274 0.1366281 0.2146391 0.1436477 0.1436477 0.1684340 0.2051284 0.1888671 0.1557541 0.1960659 0.1807889 0.1990603 0.1816644 0.1774940 0.2235374 0.2097646 0.2485162 0.2227935 0.2567049 0.2286355 0.2134227 0.2317618 0.2317618 0.2173515 0.2533269 0.2239962 0.2241971 0.2111347 0.2198315 0.2806368 0.3368976 0.2797221 0.3029682 0.4566121 0.4046799 0.4315893 0.3606836 0.3260565 0.3552106 0.3274804 0.3839033 0.3789200 0.3789200 0.3789200 0.3839638 0.2995350 0.2995350 0.3427605 0.3765394 0.3470167 0.3026126 0.3193968 0.3545551 0.3829716 0.4326893 0.3778139 0.4314963 0.3336890 0.4486842 0.3541851 0.3424285 0.4262454 0.4599656 0.4114125 0.3815830 0.3611101 0.4437276 0.3994714 0.5055170 
Gracom_Gcom_scaffold13914_01                           0.2038987 0.2249455 0.0513164 0.0363422 0.0290724 0.0000000 0.0217081 0.0672867 0.1341054 0.1034338 0.1260456 0.1337938 0.1622956 0.1715146 0.1715146 0.1655644 0.1981204 0.1441965 0.1562664 0.1458215 0.1809550 0.1764820 0.1763000 0.1370132 0.1968810 0.1440759 0.1440759 0.1517116 0.1785309 0.1697806 0.1476974 0.2271855 0.1981908 0.1997333 0.1822527 0.1780733 0.2243822 0.2104436 0.2624449 0.2146269 0.2386894 0.2294843 0.2142218 0.2501102 0.2501102 0.2358649 0.2720228 0.2424021 0.2346139 0.2290973 0.1996005 0.2495322 0.3148637 0.2681615 0.2912794 0.4428674 0.3809691 0.4074109 0.3296393 0.3062449 0.3532224 0.3362583 0.3797127 0.3884078 0.3884078 0.3884078 0.3702481 0.3083923 0.3083923 0.3518499 0.3745407 0.3582503 0.3040755 0.3209676 0.3564220 0.3939431 0.4352873 0.3333036 0.3863996 0.3199117 0.4148544 0.3241057 0.3440578 0.4056528 0.4710817 0.4017495 0.3692877 0.3373333 0.4333089 0.4023056 0.4958535 
Scil_scict002425.1                                     0.2140861 0.2353571 0.0590115 0.0438826 0.0514046 0.0217081 0.0000000 0.0905724 0.1428294 0.1046612 0.1347213 0.1424963 0.1713717 0.1807333 0.1807333 0.1759312 0.1907495 0.1345326 0.1654522 0.1548303 0.1734740 0.1859642 0.1686504 0.1459571 0.2066381 0.1704651 0.1704651 0.1606854 0.2055543 0.1997764 0.1737328 0.2599902 0.2245351 0.1923494 0.1747924 0.1689786 0.2345355 0.1963659 0.2500213 0.2421029 0.2311635 0.2567191 0.2424472 0.2426915 0.2426915 0.2282644 0.2646402 0.2525433 0.2460577 0.2216720 0.1887566 0.2785341 0.3061324 0.2793675 0.2833872 0.4463959 0.3734366 0.3999619 0.3413670 0.2984049 0.3670162 0.3479721 0.3921509 0.3966201 0.3966201 0.3966201 0.4030920 0.3201082 0.3201082 0.3640268 0.3883764 0.3827805 0.3358921 0.3527031 0.3892074 0.3940399 0.4626856 0.3458321 0.4199814 0.3320953 0.4279331 0.3540932 0.3554286 0.3936892 0.5050786 0.4372040 0.3772210 0.3258159 0.4471778 0.4063257 0.5093676 
Clacor_Ccor_scaffold10733_01                           0.2401136 0.2615229 0.0906409 0.0749146 0.0671533 0.0672867 0.0905724 0.0000000 0.1176049 0.1232646 0.1096058 0.1009588 0.1196013 0.1370224 0.1370224 0.1458638 0.1369339 0.1446388 0.1721887 0.1357580 0.1801406 0.1410005 0.1745470 0.1357703 0.2316980 0.1061759 0.1061759 0.1426677 0.1958386 0.1800688 0.1127340 0.1996999 0.1832492 0.1978213 0.1805285 0.1773167 0.2044703 0.1533787 0.1817097 0.1668511 0.2279637 0.1759517 0.2426642 0.2335934 0.2335934 0.2195648 0.2546530 0.2260284 0.2492793 0.2134389 0.2093761 0.2449445 0.3394375 0.2796053 0.2817568 0.4191910 0.3793310 0.3976848 0.3606834 0.3390946 0.3522134 0.3179255 0.3726488 0.3675285 0.3675285 0.3675285 0.3458883 0.2905006 0.2905006 0.3095843 0.3416877 0.3343549 0.2881314 0.2943035 0.3391418 0.3697513 0.4154680 0.3869215 0.3756107 0.3403486 0.4132262 0.3318617 0.3026105 0.4035383 0.4033889 0.4143327 0.3524229 0.3699780 0.4655229 0.3511058 0.4479498 
Spis_XP_022803938_1                                    0.2059529 0.2159474 0.1429694 0.1421726 0.1337403 0.1341054 0.1428294 0.1176049 0.0000000 0.0000010 0.0072886 0.0146654 0.0535377 0.0457327 0.0457327 0.0340016 0.0941269 0.0940686 0.1365950 0.1015761 0.1672500 0.1524291 0.1451799 0.1411099 0.2108577 0.1359761 0.1359761 0.1229717 0.1898598 0.1836427 0.1584545 0.2563671 0.2072062 0.1923735 0.1915865 0.2203398 0.1606832 0.1319163 0.1659493 0.1545972 0.1551045 0.1505718 0.2167175 0.2330881 0.2330881 0.2363325 0.2370702 0.2252568 0.2163811 0.2122537 0.2487869 0.2265666 0.3537930 0.2847237 0.3081510 0.4369014 0.3890890 0.4161711 0.3650866 0.3018240 0.3057053 0.3239243 0.3802969 0.3718384 0.3718384 0.3718384 0.3579950 0.2737923 0.2737923 0.3127594 0.3293585 0.3511653 0.2913721 0.3109926 0.3290403 0.3794388 0.4052845 0.3622421 0.4271793 0.3333670 0.4757113 0.3253991 0.1964268 0.4239733 0.4369876 0.4387649 0.3641757 0.3635849 0.5063228 0.2266602 0.4134478 
Gasp_gasp1.m3.8489.m1                                  0.1285208 0.1502757 0.1477892 0.1245835 0.1245835 0.1034338 0.1046612 0.1232646 0.0000010 0.0000000 0.0000010 0.0195296 0.0612917 0.0619334 0.0619334 0.0621736 0.1070755 0.0804882 0.1029606 0.1021596 0.1722737 0.1724616 0.1503277 0.1246730 0.2050737 0.1531911 0.1531911 0.1054265 0.2131203 0.2131203 0.1262877 0.3456118 0.3456118 0.1474759 0.1248370 0.2271896 0.1286510 0.8383081 0.8383081 0.2069278 0.2021140 0.1532476 0.2460182 0.2960417 0.2960417 0.3071906 0.3071906 0.2684860 0.2684860 0.2684860 0.2011515 0.2787392 0.4018696 0.2825554 0.3575921 0.5651346 0.2519243 0.3167946 0.3220485 0.1836687 0.3051416 0.3549018 0.3549018 0.4422662 0.4422662 0.4422662 0.4192422 0.3069852 0.3069852 0.2973886 0.2973886 0.4152165 0.3581428 0.3212149 0.3975053 0.7749157 0.6317428 0.2733457 0.3573818 0.2524714 0.4036308 0.3183067 0.2274870 0.2637659 0.5261317 0.4210523 0.3559926 0.3865262 0.4845354 1.8237009 0.4375784 
Pocdam_XM_027199884.1                                  0.1971728 0.2175203 0.1510306 0.1341054 0.1257116 0.1260456 0.1347213 0.1096058 0.0072886 0.0000010 0.0000000 0.0220444 0.0612765 0.0534530 0.0534530 0.0425969 0.0948531 0.1046796 0.1447576 0.1095226 0.1753418 0.1535430 0.1533712 0.1330695 0.2193585 0.1359043 0.1359043 0.1313260 0.1985599 0.1933900 0.1669060 0.2563671 0.2159171 0.1965528 0.1957374 0.2213533 0.1646773 0.1466317 0.1787350 0.1633332 0.1637291 0.1590612 0.2215318 0.2242634 0.2242634 0.2274088 0.2459373 0.2163866 0.2062870 0.2035685 0.2547285 0.2282619 0.3565950 0.2943103 0.3177302 0.4476974 0.3990196 0.4262013 0.3750001 0.3113744 0.3126448 0.3300487 0.3871736 0.3787565 0.3787565 0.3787565 0.3646319 0.2795125 0.2795125 0.3189136 0.3364420 0.3592250 0.2973884 0.3144561 0.3355101 0.3876010 0.4128255 0.3726433 0.4376214 0.3435137 0.4860213 0.3347283 0.1979199 0.4207355 0.4473740 0.4280678 0.3741112 0.3734812 0.5170968 0.2391848 0.4236389 
Fspp_ffun1.m4.32984.m1                                 0.2247596 0.2349323 0.1426355 0.1418427 0.1334309 0.1337938 0.1424963 0.1009588 0.0146654 0.0195296 0.0220444 0.0000000 0.0535216 0.0301587 0.0301587 0.0427533 0.0941103 0.1051882 0.1193514 0.0850845 0.1672562 0.1524284 0.1451763 0.1242051 0.2103462 0.1359689 0.1359689 0.1229603 0.2085582 0.1943138 0.1580677 0.2384533 0.2066907 0.1923940 0.1916065 0.2197984 0.1606865 0.1319163 0.1639986 0.1626911 0.1630941 0.1609995 0.2364531 0.2137418 0.2137418 0.2167393 0.2173877 0.2058832 0.2053225 0.1933948 0.2370698 0.2347553 0.3408656 0.2839621 0.2861198 0.4194866 0.3735363 0.3920084 0.3641096 0.3010249 0.3187089 0.3320885 0.3886739 0.3803696 0.3803696 0.3803696 0.3581839 0.2821922 0.2821922 0.3211262 0.3423242 0.3519284 0.3021870 0.3111286 0.3401841 0.3609632 0.4174720 0.3612238 0.4019337 0.3098254 0.4502715 0.3245656 0.1964512 0.3997282 0.4117475 0.4375579 0.3407534 0.3626131 0.5049613 0.2289092 0.4220445 
Nvec_v1g236559                                         0.1830663 0.1926621 0.1715623 0.1705526 0.1618048 0.1622956 0.1713717 0.1196013 0.0535377 0.0612917 0.0612765 0.0535216 0.0000000 0.0873837 0.0873837 0.0801996 0.0774546 0.1306662 0.1363947 0.0931404 0.1339094 0.1190080 0.1279211 0.1438757 0.1957118 0.1476862 0.1476862 0.1421846 0.1997539 0.1946923 0.1900536 0.1845372 0.1982843 0.1741251 0.1734265 0.2101254 0.1209749 0.1508603 0.1675507 0.1763504 0.1673575 0.1920583 0.2247735 0.2460114 0.2460114 0.2494482 0.2502548 0.2381332 0.2530451 0.2246676 0.2653148 0.2603091 0.3819783 0.3030498 0.3052360 0.4443222 0.4035365 0.4229030 0.3908715 0.3720416 0.2961885 0.3200866 0.3755810 0.3475226 0.3475226 0.3475226 0.3266110 0.2538866 0.2538866 0.2913099 0.3079745 0.3410608 0.2621374 0.2705604 0.3201661 0.3679779 0.3940881 0.4224828 0.4647462 0.3677080 0.4832742 0.3742646 0.2246357 0.3955482 0.4141511 0.4651582 0.3674844 0.4206529 0.5514591 0.2538765 0.4189771 
Amil_Amillepora31902-RA                                0.2696554 0.2804625 0.1809429 0.1798563 0.1709779 0.1715146 0.1807333 0.1370224 0.0457327 0.0619334 0.0534530 0.0301587 0.0873837 0.0000000 0.0000010 0.0251676 0.1221905 0.1549421 0.1392526 0.1035072 0.1884968 0.1734022 0.1660687 0.1437930 0.2338585 0.1571567 0.1571567 0.1621370 0.2092828 0.1950627 0.1750722 0.2493007 0.2339610 0.2344220 0.2334096 0.2637598 0.2039872 0.1775271 0.2033888 0.1897745 0.1804320 0.1783175 0.2838498 0.2410035 0.2410035 0.2443252 0.2450952 0.2332377 0.2365582 0.2201082 0.2454454 0.2414843 0.3795293 0.3167010 0.3266420 0.4838337 0.3805137 0.3989840 0.4134290 0.3456110 0.3813025 0.3782453 0.4396314 0.4147275 0.4147275 0.4147275 0.3833502 0.3344829 0.3344829 0.3755114 0.4050897 0.3921200 0.3331456 0.3509772 0.3574004 0.4291380 0.4371417 0.3963538 0.4387071 0.3456267 0.5057060 0.3332051 0.2336790 0.4408198 0.4489425 0.4861252 0.3890942 0.3939676 0.5320283 0.2544506 0.4481560 
Adig_XM_015914227.1                                    0.2696554 0.2804625 0.1809429 0.1798563 0.1709779 0.1715146 0.1807333 0.1370224 0.0457327 0.0619334 0.0534530 0.0301587 0.0873837 0.0000010 0.0000000 0.0251676 0.1221905 0.1549421 0.1392526 0.1035072 0.1884968 0.1734022 0.1660687 0.1437930 0.2338585 0.1571567 0.1571567 0.1621370 0.2092828 0.1950627 0.1750722 0.2493007 0.2339610 0.2344220 0.2334096 0.2637598 0.2039872 0.1775271 0.2033888 0.1897745 0.1804320 0.1783175 0.2838498 0.2410035 0.2410035 0.2443252 0.2450952 0.2332377 0.2365582 0.2201082 0.2454454 0.2414843 0.3795293 0.3167010 0.3266420 0.4838337 0.3805137 0.3989840 0.4134290 0.3456110 0.3813025 0.3782453 0.4396314 0.4147275 0.4147275 0.4147275 0.3833502 0.3344829 0.3344829 0.3755114 0.4050897 0.3921200 0.3331456 0.3509772 0.3574004 0.4291380 0.4371417 0.3963538 0.4387071 0.3456267 0.5057060 0.3332051 0.2336790 0.4408198 0.4489425 0.4861252 0.3890942 0.3939676 0.5320283 0.2544506 0.4481560 
Gfas_gfas1.m1.334.m1                                   0.2275207 0.2391925 0.1664226 0.1653156 0.1746184 0.1655644 0.1759312 0.1458638 0.0340016 0.0621736 0.0425969 0.0427533 0.0801996 0.0251676 0.0251676 0.0000000 0.1088881 0.1418234 0.1388785 0.1079126 0.1741400 0.1668346 0.1563526 0.1534738 0.2026872 0.1586365 0.1586365 0.1432396 0.1824365 0.1824365 0.1551025 0.2855091 0.2322246 0.2354527 0.2343041 0.2554048 0.1976679 0.1594354 0.1594354 0.1510712 0.1513940 0.1488239 0.2643581 0.2455003 0.2455003 0.2493425 0.2392155 0.2401777 0.2401777 0.2248946 0.2552915 0.1957566 0.4032743 0.2700197 0.2929695 0.4286198 0.3410730 0.3729414 0.3573675 0.2870742 0.3379138 0.3568462 0.3568462 0.4100401 0.4100401 0.4100401 0.3872738 0.3197233 0.3197233 0.3659078 0.3806528 0.3938722 0.3011808 0.3374800 0.3305192 0.4608647 0.4188563 0.3525646 0.4002392 0.3039745 0.4504602 0.3003510 0.2301025 0.3964096 0.3634815 0.4594729 0.3421815 0.4156967 0.4977778 0.2158128 0.3564797 
Exapal_XM_021038778.2                                  0.2597981 0.2562680 0.1979464 0.1898147 0.1974572 0.1981204 0.1907495 0.1369339 0.0941269 0.1070755 0.0948531 0.0941103 0.0774546 0.1221905 0.1221905 0.1088881 0.0000000 0.1666017 0.1933374 0.1628281 0.1717583 0.1549375 0.1660617 0.1923433 0.2596345 0.1743609 0.1743609 0.1414256 0.2197466 0.2170694 0.2081194 0.2548680 0.2626642 0.2049915 0.2041345 0.2103513 0.1843829 0.1328354 0.1518552 0.2052041 0.1962314 0.2412889 0.2839980 0.2754494 0.2754494 0.2793388 0.2875350 0.2653329 0.2848399 0.2528595 0.2753406 0.2910818 0.3688877 0.3231260 0.3056543 0.4749567 0.4048990 0.4246210 0.4205100 0.3736435 0.3632704 0.3862486 0.4456101 0.4097630 0.4097630 0.4097630 0.3872204 0.3107769 0.3107769 0.3497817 0.3745587 0.4114428 0.3163613 0.3226077 0.3704566 0.4415668 0.4491705 0.4532988 0.4814314 0.3601856 0.4819288 0.4176674 0.2541389 0.4061614 0.3969839 0.5120451 0.3936112 0.4461130 0.5609567 0.3008123 0.4884475 
Skow_XM_002736012.2                                    0.1810308 0.1939681 0.1238986 0.1230200 0.1439724 0.1441965 0.1345326 0.1446388 0.0940686 0.0804882 0.1046796 0.1051882 0.1306662 0.1549421 0.1549421 0.1418234 0.1666017 0.0000000 0.1452483 0.1526546 0.1519207 0.1753200 0.1408383 0.1853193 0.2308219 0.1765380 0.1765380 0.1179419 0.2306725 0.2306725 0.1867000 0.2492930 0.2156811 0.1773861 0.1652764 0.1970102 0.2036594 0.1731529 0.1731529 0.1653258 0.1893272 0.1624367 0.2199175 0.2461061 0.2461061 0.2385923 0.2385923 0.2582148 0.2582148 0.2332845 0.3085987 0.1967867 0.4302206 0.2997886 0.2918277 0.3963076 0.3993248 0.4412870 0.3792574 0.2615976 0.2952146 0.2943510 0.2943510 0.3957956 0.3957956 0.3957956 0.4057592 0.2960964 0.2960964 0.3373254 0.3373254 0.3744915 0.3051207 0.3201291 0.3825670 0.4526136 0.4873384 0.3908990 0.4313128 0.3425331 0.4207471 0.3654359 0.2751639 0.4515825 0.4655646 0.4973396 0.3710684 0.4562124 0.5171924 0.3091494 0.3964099 
Dgig_XM_028536975.1                                    0.2125536 0.2228742 0.1824486 0.1813462 0.1733377 0.1562664 0.1654522 0.1721887 0.1365950 0.1029606 0.1447576 0.1193514 0.1363947 0.1392526 0.1392526 0.1388785 0.1933374 0.1452483 0.0000000 0.0613442 0.1579537 0.1603444 0.1528185 0.1268546 0.1605890 0.2186468 0.2186468 0.1984182 0.2469228 0.2477430 0.2372368 0.2759534 0.2510834 0.1916726 0.1908888 0.2233784 0.2009272 0.2868674 0.3125765 0.2434015 0.2286950 0.2321273 0.2493426 0.2312707 0.2312707 0.2163438 0.2353263 0.2232297 0.2367026 0.2099429 0.3222985 0.2598129 0.3691558 0.3178842 0.3200285 0.4365841 0.3918185 0.4109520 0.3927021 0.3692268 0.3726493 0.3354537 0.3802573 0.4187465 0.4187465 0.4187465 0.4075971 0.3168552 0.3168552 0.3714465 0.4011305 0.3967876 0.3488119 0.3580877 0.3883836 0.4047406 0.4705772 0.3912026 0.4405855 0.3246821 0.5032443 0.3428353 0.3246292 0.4172240 0.4972911 0.4265379 0.4107099 0.3831710 0.5388384 0.3531125 0.4766285 
Xesp_005516-T1                                         0.2187161 0.2289846 0.1715894 0.1705773 0.1453997 0.1458215 0.1548303 0.1357580 0.1015761 0.1021596 0.1095226 0.0850845 0.0931404 0.1035072 0.1035072 0.1079126 0.1628281 0.1526546 0.0613442 0.0000000 0.1641953 0.1489356 0.1414586 0.1200021 0.1669006 0.1841817 0.1841817 0.1964207 0.2443843 0.2335505 0.1967690 0.2912355 0.2390582 0.1749237 0.1742154 0.2252808 0.1789302 0.2310500 0.2503359 0.2016498 0.2113139 0.2105409 0.2515899 0.2262693 0.2262693 0.2115136 0.2301828 0.2183282 0.2416113 0.2053514 0.3125552 0.2780329 0.3869427 0.3119457 0.3141226 0.4441640 0.4157519 0.4355584 0.3891436 0.3696331 0.3591342 0.3190885 0.3745151 0.3939076 0.3939076 0.3939076 0.3642388 0.2965898 0.2965898 0.3258987 0.3601509 0.3551417 0.3269363 0.3358389 0.3647856 0.3638743 0.4181394 0.3866277 0.4554261 0.3386484 0.4973087 0.3242957 0.2792730 0.4199811 0.4999269 0.4055462 0.4054472 0.3706897 0.5158856 0.3202900 0.4627537 
Aque_Aqu2.1.43637_001                                  0.1207963 0.1131474 0.1905135 0.1893508 0.1980773 0.1809550 0.1734740 0.1801406 0.1672500 0.1722737 0.1753418 0.1672562 0.1339094 0.1884968 0.1884968 0.1741400 0.1717583 0.1519207 0.1579537 0.1641953 0.0000000 0.0517505 0.0295648 0.1067131 0.1179726 0.2054377 0.2054377 0.2051504 0.2224663 0.2202179 0.2575325 0.2810909 0.2510929 0.1856748 0.1849091 0.2168597 0.2169934 0.2466767 0.2776508 0.2676143 0.1910252 0.2673619 0.2601536 0.2925685 0.2925685 0.2852082 0.3047471 0.3009236 0.3266056 0.2766606 0.3117060 0.2624057 0.3562770 0.3074365 0.2974445 0.4455089 0.4120401 0.4317583 0.3827638 0.3720342 0.3661277 0.3615316 0.4073973 0.4358974 0.4358974 0.4358974 0.4139996 0.3227392 0.3227392 0.3669632 0.3852566 0.4155021 0.3333336 0.3425550 0.3958857 0.4370207 0.4676015 0.3916914 0.4606154 0.3547695 0.4516282 0.3452343 0.3183199 0.4162056 0.4556896 0.4983115 0.3718786 0.3918537 0.4668172 0.3563543 0.4495531 
Halamb_c34809_g1_i1m.8333                              0.1225469 0.1209640 0.2103563 0.2020520 0.1759085 0.1764820 0.1859642 0.1410005 0.1524291 0.1724616 0.1535430 0.1524284 0.1190080 0.1734022 0.1734022 0.1668346 0.1549375 0.1753200 0.1603444 0.1489356 0.0517505 0.0000000 0.0371095 0.0849500 0.1369168 0.1720407 0.1720407 0.2258570 0.2259092 0.2127737 0.2417985 0.2493103 0.2372618 0.2151019 0.2141910 0.2195392 0.1924759 0.2512816 0.2678645 0.2629195 0.2291441 0.2430711 0.2534651 0.3064562 0.3064562 0.2920143 0.3189575 0.2985596 0.3359731 0.2831406 0.3156204 0.2650800 0.3297320 0.3239494 0.3261316 0.4801873 0.4307887 0.4511500 0.3887990 0.4073677 0.3668946 0.3444049 0.4033813 0.4179149 0.4179149 0.4179149 0.4030738 0.3129631 0.3129631 0.3567175 0.3843163 0.3941786 0.3232351 0.3285249 0.3851813 0.4240261 0.4556730 0.4115644 0.4603867 0.3735867 0.4912094 0.3725201 0.2865446 0.4430864 0.4405816 0.4946192 0.3686369 0.4158535 0.4890817 0.3642406 0.4720819 
Xestes_maker-XT_scaffold1342-augustus-gene-0.37-mRNA-1 0.1223851 0.1146464 0.1860055 0.1848542 0.1757274 0.1763000 0.1686504 0.1745470 0.1451799 0.1503277 0.1533712 0.1451763 0.1279211 0.1660687 0.1660687 0.1563526 0.1660617 0.1408383 0.1528185 0.1414586 0.0295648 0.0371095 0.0000000 0.0848242 0.1295477 0.1819695 0.1819695 0.2007681 0.2366350 0.2214116 0.2524725 0.2968737 0.2659704 0.1812865 0.1805254 0.2306451 0.2114923 0.2485754 0.2705273 0.2739556 0.2041154 0.2535845 0.2363546 0.2732809 0.2732809 0.2658223 0.2852130 0.2869042 0.3174685 0.2535778 0.3131406 0.2985626 0.3435842 0.3087263 0.3043956 0.4560032 0.3983106 0.4176187 0.4161997 0.3823405 0.3538978 0.3451336 0.3912923 0.4192478 0.4192478 0.4229773 0.3970936 0.3061292 0.3181349 0.3503099 0.3713131 0.3860178 0.3163480 0.3255770 0.3863869 0.4080883 0.4596350 0.4206823 0.4882693 0.3820375 0.4915038 0.3653894 0.3017132 0.4449625 0.4775825 0.5039879 0.3890716 0.4062576 0.4377537 0.3734722 0.4432434 
Tetwil_g14048.t2                                       0.1484483 0.1675493 0.1792558 0.1617287 0.1366281 0.1370132 0.1459571 0.1357703 0.1411099 0.1246730 0.1330695 0.1242051 0.1438757 0.1437930 0.1437930 0.1534738 0.1923433 0.1853193 0.1268546 0.1200021 0.1067131 0.0849500 0.0848242 0.0000000 0.1353600 0.1682269 0.1682269 0.2122121 0.2544542 0.2447889 0.2255574 0.2885907 0.2630210 0.1957242 0.1949120 0.2275820 0.2139643 0.2768344 0.2893674 0.2659814 0.2139890 0.2708557 0.2577204 0.2658320 0.2658320 0.2513951 0.2885624 0.2579957 0.2877131 0.2439977 0.2869893 0.2943835 0.3662605 0.2913461 0.2935117 0.4120552 0.3776083 0.3964003 0.3650581 0.3654628 0.3949732 0.3261850 0.3844441 0.4321141 0.4321141 0.4321141 0.4169159 0.3239180 0.3239180 0.3689928 0.4117460 0.3819592 0.3347510 0.3410840 0.3984763 0.3924436 0.4715443 0.3541739 0.3969914 0.3064458 0.4546288 0.3580486 0.3167475 0.4238949 0.4446504 0.4374218 0.3867398 0.3600919 0.4484075 0.3520552 0.4772895 
Plespi_Pspi_scaffold18919_01                           0.1490349 0.1583965 0.2133410 0.2119770 0.2146391 0.1968810 0.2066381 0.2316980 0.2108577 0.2050737 0.2193585 0.2103462 0.1957118 0.2338585 0.2338585 0.2026872 0.2596345 0.2308219 0.1605890 0.1669006 0.1179726 0.1369168 0.1295477 0.1353600 0.0000000 0.2609511 0.2609511 0.2808215 0.2931163 0.2748236 0.2904826 0.2790309 0.2601689 0.2557578 0.2546319 0.2551427 0.2712831 0.3239160 0.3767730 0.3265249 0.2715970 0.3429973 0.3008077 0.3370237 0.3370237 0.3224524 0.3208170 0.3194263 0.3215255 0.3123362 0.3553296 0.3268904 0.4111232 0.3433611 0.3678956 0.5027347 0.4354666 0.4642587 0.3904241 0.3811784 0.3989687 0.4156997 0.4693411 0.4910211 0.4910211 0.4910211 0.4966627 0.3896632 0.3896632 0.4295191 0.4209724 0.4659697 0.4071774 0.4281477 0.4649402 0.4794592 0.5298069 0.3840490 0.4759046 0.3766925 0.5001282 0.3425979 0.4070080 0.4100458 0.4909670 0.4491305 0.4237794 0.3891573 0.5398925 0.3990313 0.5200179 
Spur_XM_030997941.1                                    0.2634466 0.2614984 0.1618018 0.1526190 0.1436477 0.1440759 0.1704651 0.1061759 0.1359761 0.1531911 0.1359043 0.1359689 0.1476862 0.1571567 0.1571567 0.1586365 0.1743609 0.1765380 0.2186468 0.1841817 0.2054377 0.1720407 0.1819695 0.1682269 0.2609511 0.0000000 0.0000010 0.1666084 0.2326906 0.2315525 0.1915490 0.2333507 0.2199792 0.1828777 0.1821381 0.2023895 0.2052148 0.2153259 0.2224705 0.1986976 0.2188628 0.2448096 0.2383935 0.2577372 0.2577372 0.2432686 0.2695416 0.2498971 0.2666014 0.2361386 0.2468288 0.2625214 0.3929920 0.3504743 0.3604460 0.5150653 0.4663714 0.4875820 0.4412320 0.3832861 0.3856748 0.3381942 0.3961168 0.3713382 0.3713382 0.3713382 0.3431442 0.3282642 0.3282642 0.3412252 0.3655172 0.3362136 0.2954428 0.3231614 0.3574474 0.4153683 0.4078509 0.4152569 0.4194363 0.3704678 0.4829239 0.3663249 0.3389914 0.5151212 0.4877246 0.4590613 0.4290954 0.4132217 0.5421234 0.3709364 0.4361234 
Spur_XM_787739.5                                       0.2634466 0.2614984 0.1618018 0.1526190 0.1436477 0.1440759 0.1704651 0.1061759 0.1359761 0.1531911 0.1359043 0.1359689 0.1476862 0.1571567 0.1571567 0.1586365 0.1743609 0.1765380 0.2186468 0.1841817 0.2054377 0.1720407 0.1819695 0.1682269 0.2609511 0.0000010 0.0000000 0.1666084 0.2326906 0.2315525 0.1915490 0.2333507 0.2199792 0.1828777 0.1821381 0.2023895 0.2052148 0.2153259 0.2224705 0.1986976 0.2188628 0.2448096 0.2383935 0.2577372 0.2577372 0.2432686 0.2695416 0.2498971 0.2666014 0.2361386 0.2468288 0.2625214 0.3929920 0.3504743 0.3604460 0.5150653 0.4663714 0.4875820 0.4412320 0.3832861 0.3856748 0.3381942 0.3961168 0.3713382 0.3713382 0.3713382 0.3431442 0.3282642 0.3282642 0.3412252 0.3655172 0.3362136 0.2954428 0.3231614 0.3574474 0.4153683 0.4078509 0.4152569 0.4194363 0.3704678 0.4829239 0.3663249 0.3389914 0.5151212 0.4877246 0.4590613 0.4290954 0.4132217 0.5421234 0.3709364 0.4361234 
Bralan_BLAG05000642_1                                  0.2562061 0.2671523 0.1443894 0.1435701 0.1684340 0.1517116 0.1606854 0.1426677 0.1229717 0.1054265 0.1313260 0.1229603 0.1421846 0.1621370 0.1621370 0.1432396 0.1414256 0.1179419 0.1984182 0.1964207 0.2051504 0.2258570 0.2007681 0.2122121 0.2808215 0.1666084 0.1666084 0.0000000 0.1890969 0.1934366 0.2259845 0.2803675 0.2661710 0.2036244 0.2027702 0.2311834 0.2064726 0.1332830 0.1656957 0.1726104 0.1805739 0.2337609 0.2786293 0.2497737 0.2497737 0.2533237 0.2541648 0.2599840 0.2674095 0.2279501 0.2939311 0.2622944 0.4466330 0.3587801 0.3518356 0.5070164 0.3760880 0.3946134 0.3959816 0.3478872 0.3834430 0.3802980 0.4279822 0.4015964 0.4015964 0.4015964 0.4134423 0.3361296 0.3361296 0.4025692 0.4237283 0.3823824 0.3051290 0.3223889 0.3680939 0.4633475 0.4510815 0.4180447 0.3758808 0.3300002 0.4194439 0.3747329 0.3138364 0.4218839 0.4534457 0.4569141 0.4144491 0.4101840 0.4934322 0.3500033 0.4928412 
Opea_EP00118_Oscarella_pearsei_P024746                 0.2685180 0.2798672 0.2147676 0.2133792 0.2051284 0.1785309 0.2055543 0.1958386 0.1898598 0.2131203 0.1985599 0.2085582 0.1997539 0.2092828 0.2092828 0.1824365 0.2197466 0.2306725 0.2469228 0.2443843 0.2224663 0.2259092 0.2366350 0.2544542 0.2931163 0.2326906 0.2326906 0.1890969 0.0000000 0.0000010 0.1211662 0.2849048 0.2480373 0.2970904 0.2957442 0.2517234 0.2140095 0.2133127 0.2417016 0.2110151 0.2592529 0.2888960 0.2772448 0.3480132 0.3480132 0.3342712 0.3539789 0.3404467 0.3305431 0.3242850 0.2779163 0.3045597 0.4494327 0.3695995 0.3952741 0.5687432 0.4301305 0.4380315 0.4322764 0.3737479 0.3570368 0.3507676 0.3960146 0.3666671 0.3666671 0.3666671 0.3509392 0.3017049 0.3017049 0.3569191 0.3856904 0.3564812 0.2927860 0.3017850 0.3280167 0.4242509 0.3974968 0.3903599 0.4211717 0.3701038 0.4682138 0.3657534 0.3812757 0.4872976 0.4521300 0.5109222 0.4554052 0.4474727 0.4988367 0.4135113 0.5386494 
Ocar_g7184                                             0.2670137 0.2797272 0.1999172 0.1985037 0.1888671 0.1697806 0.1997764 0.1800688 0.1836427 0.2131203 0.1933900 0.1943138 0.1946923 0.1950627 0.1950627 0.1824365 0.2170694 0.2306725 0.2477430 0.2335505 0.2202179 0.2127737 0.2214116 0.2447889 0.2748236 0.2315525 0.2315525 0.1934366 0.0000010 0.0000000 0.1076635 0.2849048 0.2414281 0.2927392 0.2912541 0.2448316 0.2242242 0.2133127 0.2133127 0.1808152 0.2544739 0.2695792 0.2744756 0.3342034 0.3342034 0.3187632 0.3289406 0.3305431 0.3305431 0.3126744 0.2779163 0.2690617 0.4494327 0.3100643 0.3253760 0.4958693 0.3712477 0.3819244 0.3826870 0.3227872 0.3290822 0.3558656 0.3558656 0.3872618 0.3872618 0.3872618 0.3719764 0.3115056 0.3115056 0.3756100 0.3905471 0.3798874 0.3016108 0.3143856 0.3421598 0.4599643 0.4238975 0.3796584 0.3890456 0.3362318 0.4317034 0.3411263 0.3551493 0.4516217 0.3639428 0.4908879 0.3852818 0.4621385 0.4796360 0.3954918 0.4831774 
Plajan_Pjan_C533931_01                                 0.3009872 0.3125623 0.1656495 0.1646599 0.1557541 0.1476974 0.1737328 0.1127340 0.1584545 0.1262877 0.1669060 0.1580677 0.1900536 0.1750722 0.1750722 0.1551025 0.2081194 0.1867000 0.2372368 0.1967690 0.2575325 0.2417985 0.2524725 0.2255574 0.2904826 0.1915490 0.1915490 0.2259845 0.1211662 0.1076635 0.0000000 0.2223653 0.2068031 0.2393411 0.2211792 0.2194541 0.2528051 0.1832141 0.2246685 0.1715304 0.2447065 0.2232383 0.2853966 0.2933962 0.2933962 0.2796563 0.2881586 0.2663312 0.2565549 0.2716459 0.2096249 0.2696799 0.3989583 0.3063583 0.3312978 0.4800736 0.3972428 0.4043423 0.3772018 0.3151970 0.3647050 0.3311053 0.3879238 0.3636496 0.3636496 0.3636496 0.3548948 0.3005167 0.3005167 0.3118591 0.3424077 0.3345793 0.3186437 0.3043329 0.3419753 0.3676333 0.3974149 0.3681534 0.4156957 0.3692325 0.4537875 0.3468178 0.4008159 0.4524629 0.4227262 0.4551318 0.3894873 0.4334370 0.4784841 0.3795556 0.4952599 
Morvir_scaffold77.g62.t1                               0.2810072 0.2967843 0.1981519 0.1807303 0.1960659 0.2271855 0.2599902 0.1996999 0.2563671 0.3456118 0.2563671 0.2384533 0.1845372 0.2493007 0.2493007 0.2855091 0.2548680 0.2492930 0.2759534 0.2912355 0.2810909 0.2493103 0.2968737 0.2885907 0.2790309 0.2333507 0.2333507 0.2803675 0.2849048 0.2849048 0.2223653 0.0000000 0.0000010 0.2283899 0.2115488 0.1471115 0.1487999 0.2033079 0.2033079 0.2296445 0.2760319 0.2035105 0.1778554 0.3377050 0.3377050 0.3459424 0.3459424 0.3185931 0.3185931 0.3185931 0.3461480 0.2571993 0.4772869 0.3335048 0.3861260 0.5030500 0.4174363 0.4724801 0.4789281 0.3795528 0.3636465 0.4303146 0.4303146 0.4140429 0.4140429 0.4140429 0.4403717 0.3570384 0.3570384 0.3744521 0.3744521 0.3790183 0.3393809 0.3006003 0.3958089 0.5801077 0.5319988 0.5355276 0.5257248 0.5022621 0.5476564 0.4882426 0.4493651 0.4515618 0.3759936 0.5727969 0.3852849 0.6508889 0.7136494 0.6030889 0.5159442 
Morvir_scaffold77.g63.t1                               0.3307506 0.3424306 0.1731201 0.1720825 0.1807889 0.1981908 0.2245351 0.1832492 0.2072062 0.3456118 0.2159171 0.2066907 0.1982843 0.2339610 0.2339610 0.2322246 0.2626642 0.2156811 0.2510834 0.2390582 0.2510929 0.2372618 0.2659704 0.2630210 0.2601689 0.2199792 0.2199792 0.2661710 0.2480373 0.2414281 0.2068031 0.0000010 0.0000000 0.2304893 0.2295098 0.1773795 0.2106700 0.1524304 0.2137908 0.2151499 0.2866546 0.2114983 0.1929048 0.3034597 0.3034597 0.2894300 0.3086496 0.2868432 0.2713344 0.2809029 0.3332044 0.2540562 0.4312753 0.3722355 0.3969831 0.5332754 0.4601758 0.4886704 0.4580425 0.4197499 0.4226224 0.3899028 0.4636334 0.4461569 0.4461569 0.4461569 0.4433255 0.3506775 0.3506775 0.3868131 0.4333962 0.4351167 0.3512846 0.3496626 0.3962497 0.4567852 0.4724025 0.4525714 0.5008661 0.4461647 0.5611738 0.4009468 0.4047533 0.5458380 0.4390329 0.5590484 0.4578138 0.4984898 0.5499262 0.3456682 0.4926548 
Nemnom_g18249.t1                                       0.2758141 0.2631278 0.2134566 0.2081297 0.1990603 0.1997333 0.1923494 0.1978213 0.1923735 0.1474759 0.1965528 0.1923940 0.1741251 0.2344220 0.2344220 0.2354527 0.2049915 0.1773861 0.1916726 0.1749237 0.1856748 0.2151019 0.1812865 0.1957242 0.2557578 0.1828777 0.1828777 0.2036244 0.2970904 0.2927392 0.2393411 0.2283899 0.2304893 0.0000000 0.0147389 0.1286412 0.1508812 0.2580450 0.2731845 0.2555410 0.2380205 0.2867298 0.1743617 0.2170252 0.2170252 0.2275486 0.2324265 0.2237240 0.2480151 0.2208163 0.2853607 0.3324959 0.4329541 0.3302212 0.2975652 0.4637664 0.4559198 0.4766032 0.4030584 0.3946939 0.3998933 0.3575266 0.4149845 0.4218099 0.4218099 0.4218099 0.4280442 0.3307067 0.3307067 0.3661894 0.4069366 0.4145688 0.3404793 0.3433770 0.4018657 0.4322769 0.4617314 0.4517589 0.4769083 0.4024328 0.5155980 0.4063972 0.3733092 0.4055312 0.5027098 0.5145112 0.3989863 0.4549839 0.5259922 0.4279069 0.5349798 
Rhoesc_Res_017655-T1                                   0.2745450 0.2619265 0.1960171 0.1906294 0.1816644 0.1822527 0.1747924 0.1805285 0.1915865 0.1248370 0.1957374 0.1916065 0.1734265 0.2334096 0.2334096 0.2343041 0.2041345 0.1652764 0.1908888 0.1742154 0.1849091 0.2141910 0.1805254 0.1949120 0.2546319 0.1821381 0.1821381 0.2027702 0.2957442 0.2912541 0.2211792 0.2115488 0.2295098 0.0147389 0.0000000 0.1281550 0.1502810 0.2561116 0.2714247 0.2594622 0.2369863 0.2745073 0.1793521 0.2213758 0.2213758 0.2317624 0.2365376 0.2279271 0.2524416 0.2250085 0.2838928 0.3309547 0.4387648 0.3142686 0.3042690 0.4505663 0.4657813 0.4865938 0.4252652 0.3733278 0.3875650 0.3471347 0.4039098 0.4107513 0.4107513 0.4107513 0.4168016 0.3202753 0.3202753 0.3553868 0.3945493 0.4014078 0.3412724 0.3326018 0.4026778 0.4192214 0.4625781 0.4492919 0.5010101 0.4002283 0.5022327 0.4044033 0.3714536 0.3943855 0.4999969 0.5162629 0.3841202 0.4501570 0.5008271 0.4250165 0.5320950 
Sanmal_Sma_025368-T1                                   0.2998145 0.2969964 0.1955759 0.1866000 0.1774940 0.1780733 0.1689786 0.1773167 0.2203398 0.2271896 0.2213533 0.2197984 0.2101254 0.2637598 0.2637598 0.2554048 0.2103513 0.1970102 0.2233784 0.2252808 0.2168597 0.2195392 0.2306451 0.2275820 0.2551427 0.2023895 0.2023895 0.2311834 0.2517234 0.2448316 0.2194541 0.1471115 0.1773795 0.1286412 0.1281550 0.0000000 0.1690490 0.2182125 0.2565427 0.2672950 0.2801443 0.2876630 0.1748942 0.2782169 0.2782169 0.2821409 0.2904823 0.2979464 0.2957705 0.2736456 0.2730571 0.3294839 0.4025523 0.3617413 0.3663760 0.5079173 0.4727682 0.5021956 0.4181151 0.4171588 0.4171051 0.4183598 0.4794196 0.4028160 0.4028160 0.4028160 0.4480290 0.3617214 0.3617214 0.3977608 0.4315771 0.4109384 0.3690158 0.3731523 0.4224295 0.4443185 0.4754793 0.4444129 0.4861855 0.4350506 0.4673994 0.4257593 0.4070422 0.4314839 0.4974973 0.5447485 0.4095281 0.4489156 0.5134094 0.4451159 0.5498371 
Chem_TCONS_00055266                                    0.2391705 0.2449927 0.2564703 0.2509705 0.2235374 0.2243822 0.2345355 0.2044703 0.1606832 0.1286510 0.1646773 0.1606865 0.1209749 0.2039872 0.2039872 0.1976679 0.1843829 0.2036594 0.2009272 0.1789302 0.2169934 0.1924759 0.2114923 0.2139643 0.2712831 0.2052148 0.2052148 0.2064726 0.2140095 0.2242242 0.2528051 0.1487999 0.2106700 0.1508812 0.1502810 0.1690490 0.0000000 0.2451205 0.2544525 0.2336218 0.2453359 0.2780110 0.1464724 0.2870707 0.2870707 0.2912027 0.2959237 0.2789050 0.2842833 0.2636297 0.2956482 0.3237665 0.4215095 0.3695173 0.3716468 0.5447605 0.4993091 0.5222690 0.4108616 0.4157522 0.3375360 0.3604937 0.4191010 0.3362689 0.3362689 0.3362689 0.3355251 0.2717503 0.2717503 0.3058371 0.3406305 0.3133969 0.2756449 0.2671823 0.3111559 0.4089221 0.3959788 0.4859899 0.5696255 0.4610295 0.5824191 0.4520588 0.3441519 0.4299869 0.4834301 0.5786562 0.4210795 0.5281344 0.6158652 0.4413185 0.4893655 
Cscu_XM_023371819.1                                    0.3563437 0.3772434 0.1692409 0.1675352 0.2097646 0.2104436 0.1963659 0.1533787 0.1319163 0.8383081 0.1466317 0.1319163 0.1508603 0.1775271 0.1775271 0.1594354 0.1328354 0.1731529 0.2868674 0.2310500 0.2466767 0.2512816 0.2485754 0.2768344 0.3239160 0.2153259 0.2153259 0.1332830 0.2133127 0.2133127 0.1832141 0.2033079 0.1524304 0.2580450 0.2561116 0.2182125 0.2451205 0.0000000 0.0000010 0.1271857 0.1539116 0.2062965 0.2982081 0.2376916 0.2376916 0.2430436 0.2285551 0.2884882 0.2884882 0.2344631 0.3649788 0.2279399 0.4488810 0.2927163 0.2621952 0.3553707 0.4440498 0.4486096 0.4020353 0.3283922 0.3473673 0.3843226 0.3843226 0.4136300 0.4136300 0.4136300 0.4169526 0.3191399 0.3191399 0.3973212 0.4203683 0.4136300 0.3456949 0.3751864 0.3755872 0.2997022 0.3755872 0.4137799 0.4497888 0.3695596 0.4794356 0.3790569 0.3405868 0.5494355 0.2570702 0.5684481 0.3634680 0.5439901 0.5494271 0.1575558 0.4058124 
Cscu_XM_023371841.1                                    0.3599604 0.3776924 0.2397469 0.2374470 0.2485162 0.2624449 0.2500213 0.1817097 0.1659493 0.8383081 0.1787350 0.1639986 0.1675507 0.2033888 0.2033888 0.1594354 0.1518552 0.1731529 0.3125765 0.2503359 0.2776508 0.2678645 0.2705273 0.2893674 0.3767730 0.2224705 0.2224705 0.1656957 0.2417016 0.2133127 0.2246685 0.2033079 0.2137908 0.2731845 0.2714247 0.2565427 0.2544525 0.0000010 0.0000000 0.1306587 0.1526921 0.2462876 0.3482001 0.2723075 0.2723075 0.2775427 0.2619255 0.3129681 0.2884882 0.2658455 0.3649788 0.2782633 0.4488810 0.4146038 0.3800883 0.4413147 0.5384929 0.5394738 0.5023802 0.4050968 0.3766146 0.4080231 0.5013377 0.4172748 0.4172748 0.4172748 0.4170808 0.3361380 0.3361380 0.4033902 0.4124568 0.4172748 0.3582849 0.3817780 0.3834840 0.3193273 0.3834840 0.5085916 0.5232256 0.4559347 0.5477225 0.4589492 0.3861099 0.6401825 0.3833785 0.6268995 0.4877423 0.5649179 0.6071163 0.1691506 0.4803726 
Ctel_gnl_WGS_AMQN_CAPTEDRAFT_mRNA151285                0.3180758 0.3300073 0.2339579 0.2324013 0.2227935 0.2146269 0.2421029 0.1668511 0.1545972 0.2069278 0.1633332 0.1626911 0.1763504 0.1897745 0.1897745 0.1510712 0.2052041 0.1653258 0.2434015 0.2016498 0.2676143 0.2629195 0.2739556 0.2659814 0.3265249 0.1986976 0.1986976 0.1726104 0.2110151 0.1808152 0.1715304 0.2296445 0.2151499 0.2555410 0.2594622 0.2672950 0.2336218 0.1271857 0.1306587 0.0000000 0.1759261 0.1815656 0.2868011 0.2514849 0.2514849 0.2549618 0.2440349 0.2331907 0.2318742 0.2301862 0.3177274 0.1790195 0.4450921 0.3888206 0.3944048 0.4568740 0.4619484 0.4924026 0.4255845 0.3807213 0.4137643 0.4240854 0.4904469 0.4418193 0.4418193 0.4418193 0.4216765 0.3593915 0.3593915 0.3997032 0.4219967 0.4173762 0.3385127 0.3508353 0.3473412 0.4895828 0.4228240 0.4685385 0.4616649 0.4161704 0.5003241 0.3556253 0.3477532 0.5054476 0.4668824 0.5107784 0.4393524 0.4251734 0.5440391 0.2846296 0.4218335 
Tcas_TC015671_001                                      0.2503503 0.2426853 0.2314971 0.2299509 0.2567049 0.2386894 0.2311635 0.2279637 0.1551045 0.2021140 0.1637291 0.1630941 0.1673575 0.1804320 0.1804320 0.1513940 0.1962314 0.1893272 0.2286950 0.2113139 0.1910252 0.2291441 0.2041154 0.2139890 0.2715970 0.2188628 0.2188628 0.1805739 0.2592529 0.2544739 0.2447065 0.2760319 0.2866546 0.2380205 0.2369863 0.2801443 0.2453359 0.1539116 0.1526921 0.1759261 0.0000000 0.2642179 0.3335773 0.2539726 0.2539726 0.2644490 0.2535032 0.2708325 0.2525574 0.2395073 0.2520398 0.2545817 0.4204826 0.3288151 0.3068989 0.4022747 0.4326928 0.4619923 0.4268225 0.3752096 0.4399164 0.4540017 0.5065821 0.5098794 0.5098794 0.5098794 0.5266374 0.4056267 0.4056267 0.4619704 0.4645970 0.4709092 0.4274105 0.4337723 0.4536123 0.4780814 0.4855330 0.4524310 0.5036453 0.4182600 0.5011820 0.3713095 0.3465047 0.4527279 0.5209009 0.5081920 0.4354784 0.4582743 0.5415544 0.3055639 0.4413175 
