72
Emue_Em0014g123a.t1                                    0.0000000 0.0254920 0.0614851 0.3709604 0.4442949 0.5310955 0.4660522 0.4736654 0.5941330 1.3041685 1.1897363 1.2289268 0.9262742 0.9353811 1.2826415 1.3221262 1.2211169 1.2695874 1.1947435 1.2522174 1.2465443 1.2663618 1.2314967 1.2562070 1.4214595 1.3090826 1.1924545 1.0414953 1.1896197 1.1309353 1.0735218 1.1918839 1.3617967 2.1649493 1.2052246 1.1062842 1.2395569 1.1692227 1.3846941 1.3400542 2.0979943 1.9735222 1.8224109 1.8483327 1.7726872 2.0601163 1.9836931 1.8151297 1.8584030 1.8586601 2.0349520 1.9921130 1.9421453 1.3286153 1.3236960 1.5183619 1.9240922 2.0380159 1.8679495 1.8679495 1.8679495 2.1012887 1.5856684 1.8695525 1.8719914 1.3032748 1.3174532 1.4449366 1.4223935 1.4197275 1.6308955 2.9835909 
Emue_Em0014g127a.t1                                    0.0254920 0.0000000 0.0320414 0.3112199 0.4138668 0.5021429 0.4488156 0.4304273 0.5395804 1.2518658 1.1412004 1.1779881 0.9262742 0.8866759 1.2307987 1.2667850 1.1677981 1.2196581 1.1898103 1.2590340 1.1975802 1.2212832 1.2020822 1.2140753 1.4214595 1.2545392 1.1307273 0.9935955 1.1359558 1.0895514 1.0320478 1.1279379 1.2976582 1.6841388 1.1567865 1.0638926 1.1772566 1.1315613 1.3069633 1.2760418 1.9671624 1.8710803 1.7531150 1.7214430 1.6483819 1.5934085 1.8942114 1.7376894 1.7026024 1.7723094 1.9106011 1.8984720 1.8652031 1.2650674 1.2706906 1.4307896 1.8064061 1.9018057 1.7577633 1.7577633 1.7577633 1.9708351 1.4707281 1.7583385 1.7635190 1.2315192 1.2775923 1.4274130 1.3295523 1.3364576 1.5533764 2.9835909 
Spolac_c103846_g2_i1_m.36524c103846-g2                 0.0614851 0.0320414 0.0000000 0.3108367 0.4169729 0.4993585 0.4545453 0.4247354 0.5143812 1.2559970 1.1316063 1.1720649 0.9154222 0.8852672 1.2215380 1.2539193 1.1660917 1.2038489 1.1914954 1.2660959 1.1989293 1.2277066 1.2243826 1.2255515 1.4990093 1.2625913 1.1159403 0.9628450 1.1099048 1.0893752 1.0433302 1.1359929 1.2832204 1.6754356 1.1442579 1.0579354 1.1552022 1.1348433 1.3097278 1.2755874 1.9531905 1.8593325 1.7641883 1.7596482 1.6645537 1.6076579 1.9053621 1.7443957 1.7500073 1.7759424 1.9191728 1.8640895 1.8767838 1.2546646 1.2606817 1.4004743 1.7921701 1.8952770 1.7524664 1.7524664 1.7524664 1.9659983 1.4665876 1.7596355 1.7541406 1.2064999 1.2353133 1.4149245 1.3411314 1.3466654 1.5476635 2.9835909 
Stycar_maker-SC_scaffold2603-snap-gene-0.20-mRNA-1     0.3709604 0.3112199 0.3108367 0.0000000 0.3819888 0.5761254 0.5065760 0.4457472 0.4182305 1.1617310 1.1301527 1.1663694 1.0051807 0.9847249 1.2358590 1.2040730 1.1779739 1.1626164 1.1452597 1.2275648 1.1908487 1.1770577 1.1216889 1.2257279 2.5950570 1.2339932 1.0725634 0.9679897 1.0610944 0.9386422 0.8268958 1.0480529 1.1647852 1.5043997 1.0844376 1.0248434 1.0416928 0.9655712 1.2084136 1.1903181 2.2338118 2.1119390 1.8153161 1.8252138 1.7599888 1.5535745 1.8827596 1.8472294 1.9405422 1.8824397 1.8232751 2.0436564 1.9554852 1.0933594 1.0912182 1.2287807 1.6123120 1.7651527 1.5934762 1.5934762 1.5934762 1.8893092 1.4974106 1.6674890 1.2361279 1.1078446 1.0811510 1.2215052 1.3048755 1.3128450 1.1429268 2.0671216 
Tetwil_g10079.t1                                       0.4442949 0.4138668 0.4169729 0.3819888 0.0000000 0.5429148 0.4956394 0.4964259 0.5612481 1.1927883 1.2359687 1.2806027 1.0567290 0.9268770 1.3121280 1.3089996 1.2694885 1.2253295 1.3108430 1.3707024 1.1914203 1.3076682 1.2113807 1.3329971 1.6558882 1.2534072 1.0658945 1.0093309 1.0456678 0.9986844 0.9535479 1.0983976 1.2672661 1.4868830 1.1254458 1.0815004 1.1723569 1.1148494 1.3035537 1.3151617 2.0143360 1.8788098 1.6837273 1.7726934 1.6745180 1.5634812 1.9018008 1.6955374 1.7987163 1.7755745 1.8233632 1.8908333 1.8617044 1.2794401 1.3506909 1.4925414 1.7354382 1.8167855 1.6897999 1.6897999 1.6897999 1.9025831 1.4002441 1.6696612 1.8351810 1.2287508 1.1601715 1.3531949 1.4797581 1.3642419 1.5460824 2.8037691 
Aque_Aqu2.1.40971_001                                  0.5310955 0.5021429 0.4993585 0.5761254 0.5429148 0.0000000 0.1550960 0.2552555 0.6635242 1.2548546 1.2698669 1.2675535 0.9998764 1.0665031 1.3233591 1.3144605 1.2754820 1.2651077 1.3058986 1.3035739 1.1933568 1.2343189 1.2385688 1.3741563 1.6076184 1.2791405 1.1445685 1.0773479 1.2012449 1.0395842 0.9599612 1.1876615 1.2969070 1.9157408 1.1877431 1.1009560 1.1590092 1.1081306 1.3997074 1.4191169 2.1121926 1.9676906 1.8767002 1.7597105 1.7889034 1.7590180 2.0745327 1.8516925 1.6834325 1.9011645 2.0500764 2.0478687 2.0305750 1.3403957 1.4899241 1.5350225 1.8700668 1.9996391 1.8358378 1.8358378 1.8358378 2.0708804 1.6035747 1.8774773 1.8915080 1.2690012 1.3004621 1.3786382 1.4879435 1.3540895 1.7151610 3.0269069 
Halamb_c49980_g1_i1m.27326                             0.4660522 0.4488156 0.4545453 0.5065760 0.4956394 0.1550960 0.0000000 0.2163807 0.6067313 1.2054571 1.2111522 1.1988169 0.9681536 1.0413708 1.2911337 1.2440967 1.1896311 1.1977231 1.2866146 1.2984246 1.0880400 1.2078210 1.1832064 1.3252333 1.4267753 1.1742920 1.1793057 1.0681958 1.1747106 1.0348136 0.9416921 1.1235356 1.2385058 1.8359123 1.1488863 1.1165142 1.1486394 1.0873468 1.2865963 1.3287673 2.1969638 2.0293132 1.8815734 1.7854437 1.8700302 1.7109063 2.0697272 1.8630733 1.8213690 1.8770937 1.9993435 2.0644397 2.0287037 1.2482690 1.3703518 1.4820668 1.8577372 1.9881430 1.8401504 1.8401504 1.8401504 2.0540440 1.5676254 1.8442021 1.8347993 1.2206570 1.2884488 1.3578534 1.4932167 1.3056557 1.6640268 2.9782984 
Xestes_maker-XT_scaffold1244-augustus-gene-0.36-mRNA-1 0.4736654 0.4304273 0.4247354 0.4457472 0.4964259 0.2552555 0.2163807 0.0000000 0.5603606 1.1998812 1.1310751 1.1565826 0.9150042 0.9645858 1.2466169 1.2253999 1.1623069 1.1723652 1.2288376 1.2514992 1.0256162 1.1215773 1.0443906 1.2283146 1.3384525 1.0987062 1.1114252 1.0435186 1.1585522 0.9854920 0.9405726 1.1166565 1.2058572 1.8124543 1.1879870 1.0458038 1.1784562 1.0839458 1.2773884 1.2993952 2.0037660 1.8841158 1.8185670 1.6827508 1.7559205 1.7425173 2.0570008 1.8072965 1.7324012 1.8551718 2.0039648 1.9994567 1.9172009 1.2836393 1.3881716 1.3978920 1.8119048 1.9459424 1.7903760 1.7903760 1.7903760 1.9513225 1.4443059 1.7797448 1.7542175 1.1796985 1.2387210 1.3489187 1.4781258 1.3093077 1.5944593 2.9722768 
Plespi_Pspi_C611666_01                                 0.5941330 0.5395804 0.5143812 0.4182305 0.5612481 0.6635242 0.6067313 0.5603606 0.0000000 1.1327609 1.0762429 1.1103844 0.9159356 0.8693905 1.1391018 1.1928589 1.1309898 1.1394276 1.1183421 1.2157228 1.1685447 1.1776147 1.1157689 1.2263981 1.3113195 1.2232964 1.0531472 0.9890678 1.0160947 0.9269498 0.8990196 1.0136596 1.1929762 1.4512644 1.1017284 1.0611418 1.1748854 1.1400834 1.2871238 1.2912357 2.1030396 1.9710782 1.7912958 1.7727681 1.8263578 1.8261358 1.9758725 1.8004851 1.8597910 1.8287721 1.9096537 2.0859374 1.8985307 1.2678422 1.3676922 1.3900806 1.8025735 1.8878752 1.7178283 1.7178283 1.7178283 1.8802510 1.4739979 1.7419359 1.7622325 1.1774722 1.1260662 1.2799319 1.3421184 1.3277217 1.4807140 3.2425487 
Spur_XM_031000419.1                                    1.3041685 1.2518658 1.2559970 1.1617310 1.1927883 1.2548546 1.2054571 1.1998812 1.1327609 0.0000000 1.3424025 1.3557426 0.6074518 0.4854503 1.3578402 1.4381733 1.4234713 1.3488907 1.5195665 1.5339414 0.9857249 0.9334275 0.6301229 0.9966211 1.0239599 0.9371265 1.2884890 1.2013773 1.2246767 0.9655287 0.9722130 1.0906412 1.1431118 1.3635004 1.2300506 1.2284484 1.2676798 1.3093106 1.4904234 1.5902607 1.5618607 1.4585789 1.3982013 1.2397465 1.2785323 1.2432884 1.5671334 1.3824384 1.2680484 1.4975795 1.6515574 1.5032253 1.4663554 1.6749699 1.5898877 1.8239801 1.7683495 1.8585722 1.7201324 1.7201324 1.7089428 1.9572854 1.0304233 1.7401016 1.5131193 1.6707906 1.6795791 1.7140670 1.3474529 1.5000426 1.2134653 2.7935501 
Spis_XP_022800662_1                                    1.1897363 1.1412004 1.1316063 1.1301527 1.2359687 1.2698669 1.2111522 1.1310751 1.0762429 1.3424025 0.0000000 0.0622304 0.2778204 0.2236768 0.2195218 0.2143686 0.2660171 0.7267355 0.3828610 0.3825203 1.1650985 1.1475929 0.8216728 1.0276229 1.1171247 1.1851651 1.1625690 1.0656983 1.0653746 0.9009317 0.8946293 1.0064088 1.3673410 1.2201401 1.1743581 1.1119088 1.1597519 1.1532544 1.2443726 1.3947593 1.5137014 1.4215359 1.3719312 1.2321840 1.3051327 1.1034503 1.4734962 1.4048135 1.3202467 1.4121249 1.5201816 1.4342797 1.3550606 1.5776365 1.4853628 1.6120969 1.7716816 1.7930662 1.7318396 1.7318396 1.7235890 2.0263325 1.0053418 1.7567250 1.8082466 1.4507000 1.4744776 1.5288055 1.4568531 1.7499744 1.4537743 2.4656332 
Pocdam_XM_027186860.1                                  1.2289268 1.1779881 1.1720649 1.1663694 1.2806027 1.2675535 1.1988169 1.1565826 1.1103844 1.3557426 0.0622304 0.0000000 0.2773846 0.2334241 0.2177931 0.2208914 0.2619287 0.7399749 0.3658530 0.3661012 1.1851601 1.1651207 0.8557346 1.0444679 1.1055031 1.1829212 1.1786466 1.0880933 1.0764341 0.9229052 0.9135164 1.0059601 1.3594484 1.2512552 1.1787991 1.1147901 1.1739553 1.1731480 1.2580549 1.4118012 1.5445521 1.4470735 1.3852977 1.2656289 1.3263618 1.1112177 1.4766349 1.4144379 1.3404827 1.4248767 1.5225624 1.4529624 1.3643939 1.5790086 1.4799550 1.6226987 1.7474459 1.7997981 1.7564201 1.7564201 1.7499482 2.0370028 1.0004636 1.7764585 1.8630732 1.4340554 1.5189497 1.5310869 1.4690575 1.7427947 1.5011957 2.4677719 
Nvec_v1g221755                                         0.9262742 0.9262742 0.9154222 1.0051807 1.0567290 0.9998764 0.9681536 0.9150042 0.9159356 0.6074518 0.2778204 0.2773846 0.0000000 0.0000010 0.3252353 0.2863251 0.3238847 0.2716751 0.3425002 0.3425002 0.4903470 0.4744917 0.6406878 0.7347206 0.0000010 0.5924622 1.1087426 1.2303713 1.0544390 0.7559308 0.7559308 0.6643461 0.5392014 0.0000010 0.9182592 1.0375284 1.1579325 0.9772899 0.5046837 0.4992988 2.2406353 2.2406353 1.8372780 0.0000010 0.9404187 0.0000010 1.8915121 1.7610356 0.0000010 1.9623158 2.0155744 2.1853363 1.7803461 0.6498422 0.8019259 0.7674262 1.2229925 1.2379750 1.2370822 1.2370822 1.2370822 1.3605171 1.3463306 1.2419381 0.4900553 0.6862965 0.6656065 0.6511010 1.0454309 0.6553721 0.5336915 2.3458565 
Nvec_v1g79914                                          0.9353811 0.8866759 0.8852672 0.9847249 0.9268770 1.0665031 1.0413708 0.9645858 0.8693905 0.4854503 0.2236768 0.2334241 0.0000010 0.0000000 0.2625684 0.2378425 0.2641868 0.2310380 0.3118404 0.3174386 0.4374475 0.3995053 0.4438083 0.5333248 0.0000010 0.4657259 0.9577077 0.9009422 0.9033106 0.7000665 0.6609447 0.6104925 0.4780531 0.5743800 0.9228213 0.8623123 0.9801617 0.8592593 0.4599011 0.4721753 1.5576064 1.4854885 1.3387988 1.0456720 1.0938872 0.6489467 1.3744034 1.3990454 1.0860862 1.5127645 1.4691552 1.4992112 1.3114635 0.5199408 0.5857818 0.6467653 0.8042947 0.8528368 0.7954841 0.7954841 0.7954841 0.9848751 0.8323252 0.7798719 0.4226815 0.5131310 0.5455913 0.5466694 0.7454225 0.6390043 0.4532559 2.1347304 
Gasp_gasp1.m3.3299.m1                                  1.2826415 1.2307987 1.2215380 1.2358590 1.3121280 1.3233591 1.2911337 1.2466169 1.1391018 1.3578402 0.2195218 0.2177931 0.3252353 0.2625684 0.0000000 0.1654608 0.2419980 0.7251428 0.3373422 0.3497969 1.2087378 1.1552057 0.8521945 1.0715394 1.0651321 1.2475433 1.2503696 1.0908189 1.1113848 0.9901347 0.9518392 1.0409752 1.4470405 1.2605210 1.2424953 1.1749877 1.2538150 1.1958268 1.2756806 1.4095761 1.5459766 1.4795718 1.4463290 1.3358291 1.3882687 1.1784081 1.5530951 1.5051566 1.4306958 1.4797375 1.5477285 1.5031390 1.4150020 1.5964026 1.5120391 1.6375110 1.8069067 1.8147134 1.7210654 1.7210654 1.7148115 2.0378651 1.0040092 1.7480883 1.9831467 1.5502368 1.5912761 1.6201288 1.4862673 1.8767751 1.5263539 2.4219509 
Fspp_ffun1.m4.12788.m1                                 1.3221262 1.2667850 1.2539193 1.2040730 1.3089996 1.3144605 1.2440967 1.2253999 1.1928589 1.4381733 0.2143686 0.2208914 0.2863251 0.2378425 0.1654608 0.0000000 0.2335984 0.7053640 0.3357761 0.3314568 1.1949989 1.1587823 0.8901517 1.0833960 1.3996493 1.2128163 1.2482686 1.1741735 1.1330169 0.9650395 0.9577795 1.0191183 1.3736147 1.2162398 1.2697615 1.2025484 1.2634355 1.2594152 1.3166906 1.4470109 1.5827115 1.4778111 1.4723863 1.3778398 1.4416732 1.1770650 1.5933747 1.5150085 1.4796191 1.5043367 1.5660934 1.5153708 1.4377767 1.5215096 1.4859995 1.6053485 1.7745356 1.7697869 1.6692024 1.6692024 1.6630871 2.0510687 1.0046643 1.7139549 1.8962462 1.4751765 1.5243903 1.5679560 1.5458285 1.7816718 1.4666739 2.5025834 
Gfas_gfas1.m1.16201.m1                                 1.2211169 1.1677981 1.1660917 1.1779739 1.2694885 1.2754820 1.1896311 1.1623069 1.1309898 1.4234713 0.2660171 0.2619287 0.3238847 0.2641868 0.2419980 0.2335984 0.0000000 0.7104586 0.2990668 0.2967030 1.2367957 1.1060178 0.8544077 1.0581367 1.1741561 1.2262911 1.2125895 1.1190616 1.0931227 0.9254647 0.9219016 0.9420420 1.4045332 1.1402074 1.2076201 1.1687102 1.2262842 1.2063542 1.2670738 1.4111002 1.5138596 1.4224225 1.4197145 1.2959149 1.3606558 1.1311492 1.5490333 1.4730326 1.3715729 1.4575503 1.5665540 1.4697681 1.3777735 1.5260194 1.4517667 1.5790798 1.8222891 1.8666523 1.7492900 1.7492900 1.7427978 2.0797030 1.0085951 1.8240669 1.9820215 1.4864532 1.5523262 1.5611274 1.4684447 1.7583560 1.4927657 2.5897261 
Exapal_XM_021054065.2                                  1.2695874 1.2196581 1.2038489 1.1626164 1.2253295 1.2651077 1.1977231 1.1723652 1.1394276 1.3488907 0.7267355 0.7399749 0.2716751 0.2310380 0.7251428 0.7053640 0.7104586 0.0000000 0.8633216 0.8662600 1.3467822 1.2234408 0.8154596 1.0697550 1.3925224 1.3306352 1.1514382 1.0795938 1.0687753 0.8730749 0.8719333 0.9455152 1.3439279 1.1745026 1.0837438 1.0244604 1.1358720 1.1453163 1.3069204 1.3385546 1.5071709 1.4297912 1.4000720 1.2983033 1.3157947 1.2011040 1.5840189 1.4610308 1.3883038 1.4561088 1.5053966 1.4101446 1.3680785 1.5591420 1.5670282 1.6308798 1.8252668 1.9080017 1.7407545 1.7407545 1.7315169 2.0215886 0.9861262 1.8331954 1.8355818 1.5378983 1.4879610 1.5905982 1.4397257 1.7326757 1.4480765 2.3991573 
Amil_Amillepora06846-RA                                1.1947435 1.1898103 1.1914954 1.1452597 1.3108430 1.3058986 1.2866146 1.2288376 1.1183421 1.5195665 0.3828610 0.3658530 0.3425002 0.3118404 0.3373422 0.3357761 0.2990668 0.8633216 0.0000000 0.0059556 1.3184546 1.2809382 0.9204276 1.0940144 1.0050539 1.3840111 1.2464070 1.1291727 1.1200306 0.8814346 0.8717671 1.0011218 1.5081436 1.6391578 1.1668821 1.2172424 1.2716594 1.1436279 1.3056283 1.4273906 1.6624734 1.5071903 1.4640459 1.3749280 1.4230586 1.2075570 1.5944677 1.5077397 1.5240020 1.4994979 1.6287628 1.5718187 1.4271258 1.6690036 1.5812917 1.7349558 1.9176659 1.9706225 1.8445239 1.8445239 1.8367280 2.0285116 1.0580639 1.8034457 2.1833923 1.5704964 1.7563967 1.6333865 1.4691177 1.7436715 1.5678696 2.5534286 
Adig_XM_015921676.1                                    1.2522174 1.2590340 1.2660959 1.2275648 1.3707024 1.3035739 1.2984246 1.2514992 1.2157228 1.5339414 0.3825203 0.3661012 0.3425002 0.3174386 0.3497969 0.3314568 0.2967030 0.8662600 0.0059556 0.0000000 1.3365352 1.2637878 0.9484450 1.1841294 1.2204621 1.3594729 1.3037001 1.2284743 1.2180026 0.9747607 0.9736945 1.0917198 1.4986906 1.8851855 1.2666274 1.2854604 1.3366800 1.2564203 1.3330520 1.4362353 1.6725968 1.5284321 1.5014700 1.4618420 1.4788420 1.4723286 1.6133132 1.5508109 1.6151237 1.5301350 1.6633882 1.5958992 1.4577862 1.7151692 1.6406257 1.7540106 1.8911561 1.9335305 1.8276834 1.8276834 1.8204070 2.0506375 1.0557966 1.8105599 2.3799733 1.6125646 1.7502129 1.6579471 1.5690779 1.8002830 1.6082417 2.5534286 
Bralan_BLAG05000464_1                                  1.2465443 1.1975802 1.1989293 1.1908487 1.1914203 1.1933568 1.0880400 1.0256162 1.1685447 0.9857249 1.1650985 1.1851601 0.4903470 0.4374475 1.2087378 1.1949989 1.2367957 1.3467822 1.3184546 1.3365352 0.0000000 0.8903810 0.5705012 0.8405792 0.9729809 0.7768043 1.2578131 1.1766640 1.1697608 0.9215928 0.9355748 1.0335408 1.0323938 1.4354947 1.1734756 1.1506966 1.1788858 1.2028728 1.3620076 1.5151768 1.5979345 1.4807694 1.3729952 1.3085756 1.3470905 1.3687981 1.5650822 1.4560796 1.3749225 1.5029451 1.6271195 1.5449276 1.4133550 1.7153151 1.5651900 1.7183209 1.6253240 1.6919127 1.5780231 1.5780231 1.5809418 1.8785732 0.8965785 1.6221276 1.4160454 1.6335249 1.6148331 1.5984992 1.3063838 1.4445265 1.1473084 2.2785549 
Cgig_XM_034451578.1                                    1.2663618 1.2212832 1.2277066 1.1770577 1.3076682 1.2343189 1.2078210 1.1215773 1.1776147 0.9334275 1.1475929 1.1651207 0.4744917 0.3995053 1.1552057 1.1587823 1.1060178 1.2234408 1.2809382 1.2637878 0.8903810 0.0000000 0.3731411 0.8361762 1.0053457 0.8435421 1.2021727 1.1490149 1.1507244 0.9976585 1.0057329 1.0875179 1.1113519 1.3984720 1.1340894 1.1429671 1.1185357 1.1428661 1.4460978 1.5863673 1.3955722 1.3227550 1.2897920 1.1572987 1.1196351 1.0856249 1.4347111 1.3069298 1.2592863 1.3439052 1.4058239 1.3650133 1.3166293 1.5895194 1.4768618 1.6341603 1.7053139 1.7628541 1.5692103 1.5692103 1.5733920 1.9543133 0.9068988 1.6030653 1.3365740 1.5239376 1.5698165 1.5871550 1.2711033 1.4714216 0.7476483 1.3139807 
Ctel_gnl_WGS_AMQN_CAPTEDRAFT_mRNA168792                1.2314967 1.2020822 1.2243826 1.1216889 1.2113807 1.2385688 1.1832064 1.0443906 1.1157689 0.6301229 0.8216728 0.8557346 0.6406878 0.4438083 0.8521945 0.8901517 0.8544077 0.8154596 0.9204276 0.9484450 0.5705012 0.3731411 0.0000000 0.7733626 0.7849725 0.5309844 1.2059560 1.1474244 1.1569508 0.9761020 0.9928551 1.0743167 0.7431113 1.4285146 1.1544454 1.1787516 1.2262610 1.1776691 1.0940832 1.0947293 1.5075034 1.4178169 1.3187218 1.1983167 1.2060509 1.0498119 1.5032231 1.3431328 1.2771688 1.4076337 1.4645122 1.4691769 1.3792528 1.1286472 1.1014790 1.1524785 1.2197517 1.2392870 1.1717454 1.1717454 1.1717454 1.3592412 0.9594423 1.1833645 0.9318043 1.1550287 0.9934207 1.1130789 1.1103991 1.0100442 0.6401732 1.8163379 
Dpul_mRNA23335                                         1.2562070 1.2140753 1.2255515 1.2257279 1.3329971 1.3741563 1.3252333 1.2283146 1.2263981 0.9966211 1.0276229 1.0444679 0.7347206 0.5333248 1.0715394 1.0833960 1.0581367 1.0697550 1.0940144 1.1841294 0.8405792 0.8361762 0.7733626 0.0000000 0.0218125 0.8488355 1.4450122 1.3165744 1.3861833 1.0589732 1.0894524 1.2386075 1.0120880 1.7543203 1.3341251 1.3241392 1.2581002 1.3133777 1.2275697 1.3210968 1.7263320 1.5995874 1.5630568 1.5954287 1.6459817 1.9211178 1.7789600 1.6140758 1.6676878 1.7032311 1.8721523 1.6373951 1.6189592 1.2616634 1.1617078 1.3161100 1.4429253 1.4812231 1.3633528 1.3633528 1.3633528 1.5635928 0.9626641 1.3842891 1.3877693 1.1272805 0.9641671 1.0655241 1.3649343 1.1874633 1.2745961 2.2559820 
Dpul_mRNA23337                                         1.4214595 1.4214595 1.4990093 2.5950570 1.6558882 1.6076184 1.4267753 1.3384525 1.3113195 1.0239599 1.1171247 1.1055031 0.0000010 0.0000010 1.0651321 1.3996493 1.1741561 1.3925224 1.0050539 1.2204621 0.9729809 1.0053457 0.7849725 0.0218125 0.0000000 1.0002985 2.1819545 2.0809702 2.2325364 1.5924495 1.5924495 1.6809437 1.1877700 5.7547070 2.0813810 1.8818984 2.1043665 1.8039992 1.4983832 1.5828417 1.7610450 1.7610450 1.6824780 1.6824780 1.8560719 2.2365631 1.7913434 1.7676451 1.7676451 1.5488291 3.0876173 1.8075218 1.9252963 1.6743494 1.8442014 1.8891971 1.8060623 1.4386721 1.4957808 1.4957808 1.4957808 1.4900749 0.0000010 1.7395391 8.9999981 1.4388478 9.0000000 1.4386198 1.8703722 1.4969281 9.0000000 1.4568710 
Skow_XM_006820938.1                                    1.3090826 1.2545392 1.2625913 1.2339932 1.2534072 1.2791405 1.1742920 1.0987062 1.2232964 0.9371265 1.1851651 1.1829212 0.5924622 0.4657259 1.2475433 1.2128163 1.2262911 1.3306352 1.3840111 1.3594729 0.7768043 0.8435421 0.5309844 0.8488355 1.0002985 0.0000000 1.2348320 1.1702285 1.1479000 0.9510116 0.9558833 1.1129647 1.0279062 1.4002253 1.1883326 1.2095433 1.2379080 1.2124019 1.3823312 1.6165684 1.4212545 1.3485115 1.3172590 1.1771443 1.1643452 1.0287149 1.4736799 1.3758743 1.1958874 1.4109337 1.5181223 1.3918186 1.3241376 1.6206057 1.5711942 1.7325524 1.7159243 1.7811332 1.6599784 1.6599784 1.6556795 1.9610554 0.9808964 1.6921028 1.4708909 1.5188657 1.5583471 1.5526810 1.3115904 1.4822412 1.1824275 2.1648390 
Leuniv_Lniv_scaffold19063_01                           1.1924545 1.1307273 1.1159403 1.0725634 1.0658945 1.1445685 1.1793057 1.1114252 1.0531472 1.2884890 1.1625690 1.1786466 1.1087426 0.9577077 1.2503696 1.2482686 1.2125895 1.1514382 1.2464070 1.3037001 1.2578131 1.2021727 1.2059560 1.4450122 2.1819545 1.2348320 0.0000000 0.3682934 0.4164452 1.0127349 1.0018851 0.9344431 1.2700015 1.0407565 0.9249932 0.9332517 1.0960302 0.9713645 1.3549526 1.2804607 1.7985765 1.7115170 1.7304276 1.6809528 1.6561308 1.5751814 1.9288910 1.7204799 1.6608300 1.7662715 1.9188338 1.8067871 1.6990123 1.2867279 1.3384349 1.3776026 1.7689690 1.8823595 1.7883833 1.7883833 1.7883833 2.0308332 1.4573170 1.7725648 1.7142104 1.2475535 1.0971582 1.3037828 1.5100001 1.3149760 1.4561730 3.5372078 
Lcom_lcpid53972                                        1.0414953 0.9935955 0.9628450 0.9679897 1.0093309 1.0773479 1.0681958 1.0435186 0.9890678 1.2013773 1.0656983 1.0880933 1.2303713 0.9009422 1.0908189 1.1741735 1.1190616 1.0795938 1.1291727 1.2284743 1.1766640 1.1490149 1.1474244 1.3165744 2.0809702 1.1702285 0.3682934 0.0000000 0.2767120 0.8710611 0.8601352 0.8467761 1.1738563 0.6826045 0.7317914 0.7778748 0.9494724 0.8562835 1.2485062 1.1907314 1.7478686 1.6624937 1.5969245 1.4269226 1.5332356 1.4255608 1.8068394 1.6141646 1.4106348 1.6786521 1.9179264 1.7277993 1.6530356 1.1961643 1.2573462 1.3051685 1.6345581 1.7218353 1.6212987 1.6212987 1.6212987 1.7710832 1.3435817 1.6000438 1.6844671 1.1752498 1.0789427 1.2204521 1.4319429 1.2826798 1.4300443 2.3876986 
Gracom_Gcom_scaffold17863_01                           1.1896197 1.1359558 1.1099048 1.0610944 1.0456678 1.2012449 1.1747106 1.1585522 1.0160947 1.2246767 1.0653746 1.0764341 1.0544390 0.9033106 1.1113848 1.1330169 1.0931227 1.0687753 1.1200306 1.2180026 1.1697608 1.1507244 1.1569508 1.3861833 2.2325364 1.1479000 0.4164452 0.2767120 0.0000000 0.8718178 0.8333059 0.9162974 1.2075794 0.8115060 0.7862156 0.8306662 0.9876663 0.9036290 1.2664631 1.2170051 1.7614386 1.6999950 1.6178901 1.5041012 1.5160104 1.4916010 1.8228370 1.6577814 1.5178136 1.7472997 1.9831357 1.7579326 1.6574614 1.2128151 1.2528201 1.2988187 1.6843193 1.7385830 1.6516300 1.6516300 1.6516300 1.8012438 1.4157964 1.6488927 1.7437869 1.1777705 1.0488337 1.2207873 1.4256608 1.2821082 1.4593349 2.4310243 
Opea_EP00118_Oscarella_pearsei_P003323                 1.1309353 1.0895514 1.0893752 0.9386422 0.9986844 1.0395842 1.0348136 0.9854920 0.9269498 0.9655287 0.9009317 0.9229052 0.7559308 0.7000665 0.9901347 0.9650395 0.9254647 0.8730749 0.8814346 0.9747607 0.9215928 0.9976585 0.9761020 1.0589732 1.5924495 0.9510116 1.0127349 0.8710611 0.8718178 0.0000000 0.0000010 0.5805967 0.9568761 1.2070787 0.8768542 0.9394967 1.0812109 0.9509290 0.9785166 1.0054866 1.8268488 1.6900192 1.5932175 1.4526576 1.4747415 1.7645228 1.7542530 1.6624119 1.4972066 1.6725428 1.8639762 1.7153646 1.5914366 1.0620448 1.1019657 1.1524854 1.3882531 1.4786175 1.3809148 1.3809148 1.3809148 1.3880192 1.0310337 1.3451720 1.4502402 0.9616316 0.8484982 1.0237105 1.3048516 1.1599597 1.1786005 2.5483316 
Ocar_g2232                                             1.0735218 1.0320478 1.0433302 0.8268958 0.9535479 0.9599612 0.9416921 0.9405726 0.8990196 0.9722130 0.8946293 0.9135164 0.7559308 0.6609447 0.9518392 0.9577795 0.9219016 0.8719333 0.8717671 0.9736945 0.9355748 1.0057329 0.9928551 1.0894524 1.5924495 0.9558833 1.0018851 0.8601352 0.8333059 0.0000010 0.0000000 0.5722203 0.9486057 1.2070787 0.8340593 0.8995591 1.0291450 0.9412696 0.9858220 1.0104247 1.8574187 1.6732757 1.5752675 1.4606463 1.4586669 1.7645228 1.7366165 1.6103487 1.4791422 1.6509940 1.8921181 1.7102638 1.5879386 1.0703635 1.1269719 1.1436711 1.4230703 1.5286259 1.4087109 1.4087109 1.4087109 1.4645786 1.0774759 1.3798088 1.5182352 0.9598713 0.8575915 1.0462225 1.3354729 1.1819680 1.2099934 2.5483316 
Plajan_Pjan_C567496_01                                 1.1918839 1.1279379 1.1359929 1.0480529 1.0983976 1.1876615 1.1235356 1.1166565 1.0136596 1.0906412 1.0064088 1.0059601 0.6643461 0.6104925 1.0409752 1.0191183 0.9420420 0.9455152 1.0011218 1.0917198 1.0335408 1.0875179 1.0743167 1.2386075 1.6809437 1.1129647 0.9344431 0.8467761 0.9162974 0.5805967 0.5722203 0.0000000 1.2657764 1.0932349 1.0266622 1.0264372 1.1281009 1.0876314 1.1137570 1.1274086 1.7889552 1.6835922 1.5993040 1.4498928 1.4620834 1.4206629 1.6881819 1.6608898 1.4986112 1.6873791 1.7593689 1.6520951 1.5909343 1.1924292 1.0982181 1.2540564 1.5689563 1.6419018 1.4982378 1.4982378 1.4982378 1.6433776 1.0989481 1.5613192 1.7073039 1.1479946 0.9830715 1.1262973 1.3821994 1.3466570 1.3961425 2.8540587 
Hsap_ENST00000369984                                   1.3617967 1.2976582 1.2832204 1.1647852 1.2672661 1.2969070 1.2385058 1.2058572 1.1929762 1.1431118 1.3673410 1.3594484 0.5392014 0.4780531 1.4470405 1.3736147 1.4045332 1.3439279 1.5081436 1.4986906 1.0323938 1.1113519 0.7431113 1.0120880 1.1877700 1.0279062 1.2700015 1.1738563 1.2075794 0.9568761 0.9486057 1.2657764 0.0000000 1.3329990 1.1466289 1.1988419 1.2094964 1.2892875 1.5800865 1.6745694 1.5926528 1.5617719 1.4729926 1.2425184 1.2712694 1.2399845 1.6559016 1.4977546 1.3104476 1.5369490 1.6740301 1.6214773 1.5478155 1.6619156 1.6212506 1.6614312 1.7554042 1.7797232 1.6835350 1.6835350 1.6842889 2.0050504 0.8977070 1.7967849 1.7536740 1.6247959 1.5356655 1.6962582 1.2596468 1.4831797 1.2900575 2.1902894 
Clacor_Ccor_C511939_01                                 2.1649493 1.6841388 1.6754356 1.5043997 1.4868830 1.9157408 1.8359123 1.8124543 1.4512644 1.3635004 1.2201401 1.2512552 0.0000010 0.5743800 1.2605210 1.2162398 1.1402074 1.1745026 1.6391578 1.8851855 1.4354947 1.3984720 1.4285146 1.7543203 5.7547070 1.4002253 1.0407565 0.6826045 0.8115060 1.2070787 1.2070787 1.0932349 1.3329990 0.0000000 0.8733031 0.8891837 1.1816438 1.1007611 1.4523764 1.3063117 1.5391802 1.5391802 1.6990944 1.6990944 1.6669958 1.6142903 1.6893894 1.7833694 1.7833694 1.6274492 1.6693638 1.6190230 1.5641984 1.5490778 1.5682882 1.6755983 1.4944878 1.3846154 1.3747175 1.3747175 1.3747175 2.2760875 1.1927447 1.4617083 1.8398026 1.5628344 1.1559923 1.6304746 1.9884473 1.7034439 1.4605173 2.2006736 
Scil_scict011324.1                                     1.2052246 1.1567865 1.1442579 1.0844376 1.1254458 1.1877431 1.1488863 1.1879870 1.1017284 1.2300506 1.1743581 1.1787991 0.9182592 0.9228213 1.2424953 1.2697615 1.2076201 1.0837438 1.1668821 1.2666274 1.1734756 1.1340894 1.1544454 1.3341251 2.0813810 1.1883326 0.9249932 0.7317914 0.7862156 0.8768542 0.8340593 1.0266622 1.1466289 0.8733031 0.0000000 0.3240956 0.4949702 0.4895500 1.2570112 1.2588987 1.7540196 1.7025848 1.6337257 1.5193127 1.4193487 1.5035421 1.7462165 1.6091507 1.4687227 1.6891484 1.8486930 1.7628371 1.6202918 1.3194107 1.3049269 1.3828993 1.6076089 1.6719380 1.5542547 1.5542547 1.5542547 1.6607067 1.4307884 1.5518694 1.7885615 1.2249183 1.1503112 1.3030291 1.4078557 1.3064620 1.4369429 2.3727550 
Gracom_Gcom_scaffold17017_01                           1.1062842 1.0638926 1.0579354 1.0248434 1.0815004 1.1009560 1.1165142 1.0458038 1.0611418 1.2284484 1.1119088 1.1147901 1.0375284 0.8623123 1.1749877 1.2025484 1.1687102 1.0244604 1.2172424 1.2854604 1.1506966 1.1429671 1.1787516 1.3241392 1.8818984 1.2095433 0.9332517 0.7778748 0.8306662 0.9394967 0.8995591 1.0264372 1.1988419 0.8891837 0.3240956 0.0000000 0.5047240 0.4616249 1.2425756 1.2349849 1.7803459 1.7042007 1.6941466 1.6073850 1.6203507 1.4176477 1.8919303 1.6658577 1.5837710 1.8023064 2.0164859 1.7673265 1.7148635 1.3429108 1.2345345 1.3423908 1.6757887 1.7150952 1.6700467 1.6700467 1.6700467 1.7960867 1.4700807 1.6303211 1.7629783 1.2284824 1.1457550 1.3040530 1.3791952 1.3203645 1.5365838 2.4438076 
Lcom_lcpid57735                                        1.2395569 1.1772566 1.1552022 1.0416928 1.1723569 1.1590092 1.1486394 1.1784562 1.1748854 1.2676798 1.1597519 1.1739553 1.1579325 0.9801617 1.2538150 1.2634355 1.2262842 1.1358720 1.2716594 1.3366800 1.1788858 1.1185357 1.2262610 1.2581002 2.1043665 1.2379080 1.0960302 0.9494724 0.9876663 1.0812109 1.0291450 1.1281009 1.2094964 1.1816438 0.4949702 0.5047240 0.0000000 0.5765178 1.2669295 1.2255631 1.8184049 1.7485051 1.6991919 1.5537677 1.5398447 1.6052441 1.8458104 1.6879825 1.5147776 1.7660867 1.9727863 1.7732124 1.7440928 1.3145784 1.3096253 1.3779253 1.8141301 1.8616844 1.7436725 1.7436725 1.7436725 1.9120381 1.4882516 1.7305042 1.7739319 1.1959767 1.2084447 1.2960056 1.4339336 1.3227433 1.5478082 2.3481546 
Leuniv_Lniv_scaffold12410_01                           1.1692227 1.1315613 1.1348433 0.9655712 1.1148494 1.1081306 1.0873468 1.0839458 1.1400834 1.3093106 1.1532544 1.1731480 0.9772899 0.8592593 1.1958268 1.2594152 1.2063542 1.1453163 1.1436279 1.2564203 1.2028728 1.1428661 1.1776691 1.3133777 1.8039992 1.2124019 0.9713645 0.8562835 0.9036290 0.9509290 0.9412696 1.0876314 1.2892875 1.1007611 0.4895500 0.4616249 0.5765178 0.0000000 1.3424277 1.3350710 1.8946616 1.7678562 1.7349908 1.7115578 1.7126135 1.4831024 1.9074049 1.6884203 1.6748837 1.7843114 2.0032611 1.7767722 1.7556516 1.4261158 1.4397193 1.5370767 1.8465478 1.9178417 1.7893430 1.7893430 1.7893430 1.9947730 1.5306303 1.7827563 1.7981962 1.2506487 1.1064438 1.2938785 1.4306541 1.4342523 1.5274892 2.4590921 
Dgig_XM_028551717.1                                    1.3846941 1.3069633 1.3097278 1.2084136 1.3035537 1.3997074 1.2865963 1.2773884 1.2871238 1.4904234 1.2443726 1.2580549 0.5046837 0.4599011 1.2756806 1.3166906 1.2670738 1.3069204 1.3056283 1.3330520 1.3620076 1.4460978 1.0940832 1.2275697 1.4983832 1.3823312 1.3549526 1.2485062 1.2664631 0.9785166 0.9858220 1.1137570 1.5800865 1.4523764 1.2570112 1.2425756 1.2669295 1.3424277 0.0000000 0.4459396 1.6814322 1.6040790 1.5384084 1.4911200 1.4556534 1.3005002 1.6460468 1.5599092 1.5657637 1.5788614 1.6453092 1.6659073 1.5193153 1.5963992 1.4890784 1.6453754 1.6121759 1.6935573 1.5739042 1.5739042 1.5724837 1.9265081 1.0195658 1.6712777 2.1767204 1.5824437 1.5944759 1.6856935 1.3727426 1.7482453 1.7148116 3.2768008 
Xesp_015898-T1                                         1.3400542 1.2760418 1.2755874 1.1903181 1.3151617 1.4191169 1.3287673 1.2993952 1.2912357 1.5902607 1.3947593 1.4118012 0.4992988 0.4721753 1.4095761 1.4470109 1.4111002 1.3385546 1.4273906 1.4362353 1.5151768 1.5863673 1.0947293 1.3210968 1.5828417 1.6165684 1.2804607 1.1907314 1.2170051 1.0054866 1.0104247 1.1274086 1.6745694 1.3063117 1.2588987 1.2349849 1.2255631 1.3350710 0.4459396 0.0000000 1.5883579 1.5264185 1.5306337 1.4658033 1.4092678 1.2757981 1.6279364 1.4936451 1.4793867 1.5843656 1.6335727 1.5942515 1.5110619 1.7516551 1.6312415 1.7907272 1.7686907 1.8078981 1.6909354 1.6909354 1.6850335 2.0705621 1.0595199 1.7159010 2.3658587 1.7131310 1.7037386 1.7583071 1.5481526 1.8484229 1.7709768 2.8116233 
Coeast_Cast_sb803406                                   2.0979943 1.9671624 1.9531905 2.2338118 2.0143360 2.1121926 2.1969638 2.0037660 2.1030396 1.5618607 1.5137014 1.5445521 2.2406353 1.5576064 1.5459766 1.5827115 1.5138596 1.5071709 1.6624734 1.6725968 1.5979345 1.3955722 1.5075034 1.7263320 1.7610450 1.4212545 1.7985765 1.7478686 1.7614386 1.8268488 1.8574187 1.7889552 1.5926528 1.5391802 1.7540196 1.7803459 1.8184049 1.8946616 1.6814322 1.5883579 0.0000000 0.0094033 0.3453666 0.2105779 0.2244552 0.1855448 0.3716144 0.3466366 0.2325340 0.4275424 0.5647609 0.1468621 0.3266051 1.6091867 1.6506457 1.6457453 1.8172301 1.8181776 1.7839372 1.7839372 1.7839372 2.1135883 1.8119564 1.7846162 2.2290271 1.6318283 1.8212813 1.7009281 1.9020301 1.9390818 1.9628208 2.5588324 
Coemet_Cmet_C604680_01                                 1.9735222 1.8710803 1.8593325 2.1119390 1.8788098 1.9676906 2.0293132 1.8841158 1.9710782 1.4585789 1.4215359 1.4470735 2.2406353 1.4854885 1.4795718 1.4778111 1.4224225 1.4297912 1.5071903 1.5284321 1.4807694 1.3227550 1.4178169 1.5995874 1.7610450 1.3485115 1.7115170 1.6624937 1.6999950 1.6900192 1.6732757 1.6835922 1.5617719 1.5391802 1.7025848 1.7042007 1.7485051 1.7678562 1.6040790 1.5264185 0.0094033 0.0000000 0.3045678 0.2287234 0.2230559 0.1855448 0.3388418 0.3187259 0.2297875 0.3969528 0.4797426 0.1385242 0.3057938 1.5243024 1.5531680 1.5559706 1.7929995 1.7718786 1.6935093 1.6935093 1.6935093 1.9268283 1.6410669 1.6854014 1.9875709 1.5351496 1.6584167 1.5938762 1.8267765 1.7883331 1.7661223 2.5261225 
Beraby_Baby_sb344225                                   1.8224109 1.7531150 1.7641883 1.8153161 1.6837273 1.8767002 1.8815734 1.8185670 1.7912958 1.3982013 1.3719312 1.3852977 1.8372780 1.3387988 1.4463290 1.4723863 1.4197145 1.4000720 1.4640459 1.5014700 1.3729952 1.2897920 1.3187218 1.5630568 1.6824780 1.3172590 1.7304276 1.5969245 1.6178901 1.5932175 1.5752675 1.5993040 1.4729926 1.6990944 1.6337257 1.6941466 1.6991919 1.7349908 1.5384084 1.5306337 0.3453666 0.3045678 0.0000000 0.0139472 0.0859628 0.1054681 0.1596724 0.1748953 0.1248707 0.2458264 0.3429588 0.3380081 0.1747642 1.4830480 1.5182448 1.5376993 1.7542182 1.7310760 1.6685591 1.6685591 1.6685591 1.8353035 1.5542146 1.6645274 1.9677690 1.4962312 1.4940687 1.5038948 1.8071962 1.7666170 1.7118641 2.3602345 
Beraby_Baby_sb344226                                   1.8483327 1.7214430 1.7596482 1.8252138 1.7726934 1.7597105 1.7854437 1.6827508 1.7727681 1.2397465 1.2321840 1.2656289 0.0000010 1.0456720 1.3358291 1.3778398 1.2959149 1.2983033 1.3749280 1.4618420 1.3085756 1.1572987 1.1983167 1.5954287 1.6824780 1.1771443 1.6809528 1.4269226 1.5041012 1.4526576 1.4606463 1.4498928 1.2425184 1.6990944 1.5193127 1.6073850 1.5537677 1.7115578 1.4911200 1.4658033 0.2105779 0.2287234 0.0139472 0.0000000 0.0793662 0.1054681 0.1302433 0.1369297 0.1253896 0.1543203 0.2760380 0.2542384 0.1384469 1.3731233 1.5207262 1.5758234 1.6105346 1.5914685 1.5919592 1.5919592 1.5919592 2.0246719 1.3831202 1.6440386 2.4196935 1.4033578 1.4774317 1.5225305 1.6517094 1.8474634 1.9084542 1.6597985 
Bolinf_Binf_sb1250600                                  1.7726872 1.6483819 1.6645537 1.7599888 1.6745180 1.7889034 1.8700302 1.7559205 1.8263578 1.2785323 1.3051327 1.3263618 0.9404187 1.0938872 1.3882687 1.4416732 1.3606558 1.3157947 1.4230586 1.4788420 1.3470905 1.1196351 1.2060509 1.6459817 1.8560719 1.1643452 1.6561308 1.5332356 1.5160104 1.4747415 1.4586669 1.4620834 1.2712694 1.6669958 1.4193487 1.6203507 1.5398447 1.7126135 1.4556534 1.4092678 0.2244552 0.2230559 0.0859628 0.0793662 0.0000000 0.0000010 0.0537277 0.1283397 0.1318631 0.1643554 0.2483597 0.2404219 0.1350274 1.3989289 1.4966364 1.6115724 1.5959457 1.5901829 1.5593391 1.5593391 1.5593391 1.9225887 1.3484027 1.5739795 2.1635614 1.4224878 1.4670567 1.4461088 1.6766964 1.8739278 1.6839491 1.8393024 
Mertsp_Mesp_sb532030                                   2.0601163 1.5934085 1.6076579 1.5535745 1.5634812 1.7590180 1.7109063 1.7425173 1.8261358 1.2432884 1.1034503 1.1112177 0.0000010 0.6489467 1.1784081 1.1770650 1.1311492 1.2011040 1.2075570 1.4723286 1.3687981 1.0856249 1.0498119 1.9211178 2.2365631 1.0287149 1.5751814 1.4255608 1.4916010 1.7645228 1.7645228 1.4206629 1.2399845 1.6142903 1.5035421 1.4176477 1.6052441 1.4831024 1.3005002 1.2757981 0.1855448 0.1855448 0.1054681 0.1054681 0.0000010 0.0000000 0.0311520 0.1279792 0.1279792 0.1808596 0.2733238 0.1749790 0.1816865 1.1275908 1.2648327 1.4426211 1.3229930 1.2852542 1.2253010 1.2253010 1.2253010 1.9431495 0.8988718 1.2943715 2.0686887 1.2625848 1.0749098 1.2892357 1.7175456 1.9188593 1.3212776 1.1499470 
Mlei_ML0827.g12.i1                                     1.9836931 1.8942114 1.9053621 1.8827596 1.9018008 2.0745327 2.0697272 2.0570008 1.9758725 1.5671334 1.4734962 1.4766349 1.8915121 1.3744034 1.5530951 1.5933747 1.5490333 1.5840189 1.5944677 1.6133132 1.5650822 1.4347111 1.5032231 1.7789600 1.7913434 1.4736799 1.9288910 1.8068394 1.8228370 1.7542530 1.7366165 1.6881819 1.6559016 1.6893894 1.7462165 1.8919303 1.8458104 1.9074049 1.6460468 1.6279364 0.3716144 0.3388418 0.1596724 0.1302433 0.0537277 0.0311520 0.0000000 0.2050467 0.1652265 0.2950295 0.3378454 0.3715141 0.1942920 1.5828141 1.6335416 1.6604275 1.8341916 1.8038171 1.7323948 1.7323948 1.7323948 1.8661466 1.4769335 1.6735926 2.0906626 1.6430505 1.5882186 1.6744189 1.8737834 1.9519251 1.6811457 3.4017213 
Drygla_Dgla_sb306540                                   1.8151297 1.7376894 1.7443957 1.8472294 1.6955374 1.8516925 1.8630733 1.8072965 1.8004851 1.3824384 1.4048135 1.4144379 1.7610356 1.3990454 1.5051566 1.5150085 1.4730326 1.4610308 1.5077397 1.5508109 1.4560796 1.3069298 1.3431328 1.6140758 1.7676451 1.3758743 1.7204799 1.6141646 1.6577814 1.6624119 1.6103487 1.6608898 1.4977546 1.7833694 1.6091507 1.6658577 1.6879825 1.6884203 1.5599092 1.4936451 0.3466366 0.3187259 0.1748953 0.1369297 0.1283397 0.1279792 0.2050467 0.0000000 0.0036979 0.2864913 0.3640182 0.3485090 0.2320039 1.4922702 1.5329499 1.6146252 1.8354904 1.8257612 1.7401834 1.7401834 1.7401834 1.9235312 1.6821019 1.7293230 1.9688395 1.5119060 1.5537382 1.5392484 1.7927199 1.7301363 1.7171044 2.4040640 
Drygla_Dgla_sb306541                                   1.8584030 1.7026024 1.7500073 1.9405422 1.7987163 1.6834325 1.8213690 1.7324012 1.8597910 1.2680484 1.3202467 1.3404827 0.0000010 1.0860862 1.4306958 1.4796191 1.3715729 1.3883038 1.5240020 1.6151237 1.3749225 1.2592863 1.2771688 1.6676878 1.7676451 1.1958874 1.6608300 1.4106348 1.5178136 1.4972066 1.4791422 1.4986112 1.3104476 1.7833694 1.4687227 1.5837710 1.5147776 1.6748837 1.5657637 1.4793867 0.2325340 0.2297875 0.1248707 0.1253896 0.1318631 0.1279792 0.1652265 0.0036979 0.0000000 0.1817167 0.3017840 0.2360452 0.1776886 1.4183068 1.5381242 1.6007175 1.6858015 1.6960279 1.6604823 1.6604823 1.6604823 2.0827682 1.4705348 1.6875195 2.5988403 1.4403865 1.6343630 1.5721824 1.8555421 1.8848866 2.1089525 1.9291459 
Horcal_Hcv1.av93.c5.g528.i1                            1.8586601 1.7723094 1.7759424 1.8824397 1.7755745 1.9011645 1.8770937 1.8551718 1.8287721 1.4975795 1.4121249 1.4248767 1.9623158 1.5127645 1.4797375 1.5043367 1.4575503 1.4561088 1.4994979 1.5301350 1.5029451 1.3439052 1.4076337 1.7032311 1.5488291 1.4109337 1.7662715 1.6786521 1.7472997 1.6725428 1.6509940 1.6873791 1.5369490 1.6274492 1.6891484 1.8023064 1.7660867 1.7843114 1.5788614 1.5843656 0.4275424 0.3969528 0.2458264 0.1543203 0.1643554 0.1808596 0.2950295 0.2864913 0.1817167 0.0000000 0.0366655 0.4329162 0.3283570 1.5153498 1.5222299 1.5647539 1.8763666 1.8396721 1.7585762 1.7585762 1.7585762 1.9511062 1.6996128 1.8044731 2.0430004 1.6022501 1.6495972 1.5947962 1.8959265 1.8905455 1.7144020 2.6860592 
Pbac_sb2668836                                         2.0349520 1.9106011 1.9191728 1.8232751 1.8233632 2.0500764 1.9993435 2.0039648 1.9096537 1.6515574 1.5201816 1.5225624 2.0155744 1.4691552 1.5477285 1.5660934 1.5665540 1.5053966 1.6287628 1.6633882 1.6271195 1.4058239 1.4645122 1.8721523 3.0876173 1.5181223 1.9188338 1.9179264 1.9831357 1.8639762 1.8921181 1.7593689 1.6740301 1.6693638 1.8486930 2.0164859 1.9727863 2.0032611 1.6453092 1.6335727 0.5647609 0.4797426 0.3429588 0.2760380 0.2483597 0.2733238 0.3378454 0.3640182 0.3017840 0.0366655 0.0000000 0.5375493 0.3965918 1.5179068 1.5215770 1.5542971 1.9292937 1.8891867 1.8045953 1.8045953 1.8045953 2.0097155 1.7153213 1.8092797 1.7111364 1.6898668 1.5567290 1.6316722 2.0321353 2.0326166 1.3463528 3.2569620 
