127
Spur_XM_003724685.3                                            0.0000000 1.4231388 1.7260697 1.3222248 1.3290160 1.4779501 1.4677236 1.4415326 1.4767267 1.4629254 1.7748439 1.5871489 1.5573489 0.0000010 1.6169655 1.8821853 1.5188689 2.3592739 2.3592739 2.3592739 1.6748580 4.6595077 4.6595077 1.7387864 3.5219910 1.4387904 1.1532148 1.3533568 1.2491994 1.2869251 1.3160762 1.3837191 1.3257482 1.4180959 4.0390079 1.2710735 1.5336247 0.0000010 1.2671920 1.4751066 1.6319023 1.0428488 0.7885501 0.9527681 0.9034037 1.5338941 1.5338941 1.2323067 2.8452103 3.6662654 3.0003059 0.0000010 1.3003653 1.2736236 0.8904205 3.0474946 1.7965224 1.8312357 7.8811068 1.4774250 3.1463749 1.2508891 1.0164193 1.1111223 1.3132832 1.2690105 3.3491014 3.3491014 3.7712040 1.4683825 0.0000010 1.9336972 1.9336972 1.7786809 2.0413197 1.5583624 1.3536856 1.2860682 1.2072544 1.1817550 1.1081425 1.1817262 1.1526260 1.3058901 1.2707821 1.2159137 1.4455917 1.1550620 1.2894337 1.3346363 3.4680215 2.6942525 1.8878969 1.6176215 1.5020229 1.2227432 1.3641307 1.4875470 1.5375007 1.4591291 1.5609765 1.5313174 2.3741071 1.5319522 1.6101731 7.8409585 5.1210460 0.0000010 3.3013571 3.3013571 1.6834730 2.1408755 4.6646886 1.4573241 1.1731326 5.0214402 1.5783246 1.6511435 2.0790242 2.3945501 1.5735115 1.7260738 4.9518622 0.0000010 1.8676669 4.1968541 6.4756974 
Morvir_scaffold667.g1.t1                                       1.4231388 0.0000000 1.3036302 1.5151834 1.7326698 1.7239817 1.6649280 1.7014283 1.7141605 1.7947212 1.6286407 1.6431895 1.5855065 0.0000010 1.6405294 1.8019044 1.7422986 1.6483719 1.6483719 1.6674461 1.7202004 3.2335527 3.2335527 1.7213210 1.0096665 1.0676909 1.0889965 1.0872605 1.0000237 1.1044169 1.0911228 1.0768048 0.9968289 1.1254752 2.1919174 1.0223964 0.9354877 2.3052763 1.0898892 0.9902375 1.0444606 1.0180071 1.3623986 1.3373631 1.2620708 1.3065912 1.3065912 1.4641129 2.9007978 3.7485992 3.2384850 0.0000010 1.3525764 1.5339305 1.4266905 1.2844413 1.2358327 1.3059189 2.3664704 1.3597774 1.4183349 1.2410170 1.1078973 1.1980586 1.2228464 1.0405447 1.2211093 1.2211093 1.1732167 1.0831119 0.0000010 1.7674352 1.7604206 1.5803408 1.7957955 1.9721225 1.3974311 0.9703065 1.0834580 1.0653636 1.0317138 1.1011115 1.0843029 1.1690109 1.1581395 2.2068227 1.4802370 1.0764228 1.1508333 0.9338204 1.6526881 1.2553108 1.7247717 1.5856819 1.4489625 1.8610077 1.7736787 1.7945268 1.4400101 1.4705768 1.7933424 1.8055074 1.8379349 1.6412759 1.6062201 4.4210894 4.8437822 0.5869875 1.2326745 1.2642331 1.2641177 1.1406119 1.4118384 1.3037410 1.3782707 3.3011143 1.6501943 5.4901147 2.2574759 1.6699058 1.7986691 1.9790895 3.3171824 0.0000010 2.1653448 4.8267969 6.5361996 
Hvul_g1674_1                                                   1.7260697 1.3036302 0.0000000 1.5994695 1.4336596 1.9515637 1.9919232 1.9169867 2.0622953 1.8343527 1.6887702 1.8586331 2.0418175 3.9691398 2.1509434 2.2648482 1.6564274 2.2124362 2.2571638 1.8414029 1.9666385 3.3602387 3.4642055 2.1481017 1.5784616 1.4572273 1.2130498 1.4297132 1.5127383 1.4564953 1.4712109 1.4864140 1.4764608 1.6481286 2.7167479 1.5605639 1.4375168 1.8934989 1.4895500 1.3041565 1.0702527 1.4343148 1.7678014 1.5253020 1.6137950 1.4235961 1.4344918 1.6422943 2.5430707 2.6676514 2.5300773 6.5373199 1.8572634 1.8328162 1.5337956 1.6027967 1.6956405 1.8905754 5.0408312 1.2063773 1.8833447 1.5146704 1.6398839 1.5892684 1.2418601 1.5455286 2.0594251 1.8622747 2.1183405 1.4207799 0.0000010 2.2281720 2.2467061 2.1128780 2.3537663 2.1186391 2.0345137 1.1260171 1.4507076 1.6422120 1.5753122 1.6351569 1.6321436 1.6193736 1.6217608 2.4048856 1.9706962 1.3103492 1.8171909 1.5366128 2.1806067 1.1913887 2.1793355 1.7815314 1.6056329 2.0688540 2.1439978 2.2135108 1.7020775 2.2908560 1.9753411 1.9955139 2.0510466 1.8242843 2.2461628 4.8839843 4.4068900 2.5723498 1.8558001 1.8986155 1.6211933 1.6611459 2.5320682 1.8453835 1.6328539 2.9087089 1.8953447 9.0000000 2.6520283 2.5470165 1.8943803 2.2452421 4.4029792 3.4545201 3.1438737 4.1794171 7.0703006 
Salurc_EP00051_Salpingoeca_urceolata_P022361                   1.3222248 1.5151834 1.5994695 0.0000000 1.3483134 1.6625276 1.7098210 1.6801207 1.7882198 1.5847643 1.5605118 1.7029437 1.7152899 0.0000010 1.6814345 1.8363515 1.4873654 1.8722641 1.8722641 1.8521482 1.6795756 2.7879668 2.7879668 1.8917787 1.9294123 1.4097721 1.2142549 1.2630749 1.2403661 1.2593666 1.2572495 1.2521230 1.2702157 1.3791711 2.8968681 1.2517560 1.3907312 0.9799808 1.5630954 1.5313981 1.4656095 1.4453313 1.5649898 1.6788510 1.4612269 1.7789157 1.7789157 1.7455370 2.0941213 3.0149288 2.6347645 0.0000010 1.7784557 1.9503439 1.3745072 1.8704693 1.5430610 1.6665675 3.2114310 1.4074302 1.6700743 1.3559994 1.4422789 1.3993683 1.4165398 1.3870583 1.8322956 1.8322956 1.4513429 1.5279204 0.0000010 1.7165384 1.7342952 1.5795936 1.7643348 1.6874269 1.3714943 1.1635605 1.3788263 1.4483219 1.3854388 1.4364465 1.4467093 1.4988489 1.4875816 2.0671126 1.7880258 1.4517257 1.6426736 1.3032486 2.0744672 0.8674936 1.4473595 1.1734447 1.0744638 1.6757396 1.3983781 1.4681592 1.2861182 1.4265483 1.2729408 1.3130979 1.5816838 1.4222777 1.4864345 6.1935359 4.8093487 4.1799072 2.1061431 2.1473885 1.6237015 1.6773002 2.4167666 1.9917537 1.4207330 3.6986280 1.8783510 3.7598996 1.6949646 1.7008431 1.4744340 1.4560194 2.8255905 0.0000010 1.9382496 4.4925471 6.1411534 
Mertsp_Mesp_sb565762                                           1.3290160 1.7326698 1.4336596 1.3483134 0.0000000 0.0139695 0.0173750 0.0203339 0.2813186 0.3678303 0.4163626 0.5858887 0.7314469 9.0000000 0.8394518 1.0148060 0.8734312 0.7319108 0.7319108 0.7319108 0.8191466 0.0000010 0.0000010 0.9617940 0.0000010 1.2523805 1.3027927 1.3329677 1.3316864 1.3520647 1.3313912 1.3868327 1.4479367 1.4649216 8.7151686 1.3148293 1.7018551 2.0877063 1.7194115 1.5669874 1.8222979 1.6323968 1.1682902 1.1836725 1.1901574 4.9190988 4.9190988 1.4730378 2.9981529 2.9880290 2.3077479 9.0000000 1.4314102 1.5472644 1.3144268 0.0000010 1.7249091 1.3808374 6.3652190 1.5203674 5.0673572 1.4269541 1.6332929 1.3568180 1.5389736 1.6313909 9.0000000 9.0000000 3.7675863 1.5531928 9.0000000 1.8512368 1.8512368 1.5220215 2.1185463 1.6597749 1.4220072 1.6623594 1.4434134 1.5368162 1.5001017 1.5280669 1.5282396 1.8246714 1.8203700 0.4090714 1.5316351 1.5096796 1.5563860 1.3881016 3.5914096 2.1272921 1.6956810 1.6756113 1.7330849 1.6430313 1.8509565 2.1675900 1.6890667 2.3333399 1.5278901 1.5407938 2.6673305 1.8798763 1.9123931 9.0000000 5.1869310 9.0000000 4.0242043 4.3851565 1.4501157 2.7859859 9.0000000 1.3402839 1.3923594 4.4537349 1.9398092 9.0000000 1.8221497 3.2864009 1.6083325 2.2256219 2.6687593 0.0000010 9.0000000 4.2087811 7.0974345 
Bolinf_Binf_sb1275353                                          1.4779501 1.7239817 1.9515637 1.6625276 0.0139695 0.0000000 0.0000010 0.0026430 0.4031235 0.3799764 0.4271260 0.5838473 0.9002274 4.9538819 1.0895331 0.9777041 0.8563797 0.9237964 0.9237964 0.8240241 1.0076108 1.4385419 1.4385419 1.0902153 2.1338324 1.4414226 1.2911027 1.6919509 1.6261818 1.6735833 1.5092722 1.7033584 1.7405472 1.6827928 2.5560005 1.4948667 1.7777151 5.9455860 1.6412862 1.6246667 2.0003774 1.7227892 1.3512709 1.6720221 1.3104816 1.9848335 1.9838601 1.7800636 3.9702477 2.0117320 1.7815585 8.9999987 1.8563500 1.9091705 1.1536813 1.4147726 1.4776876 1.4550627 3.7795030 1.4224958 1.9943910 1.7581767 1.8301261 1.7360460 1.3925213 1.6619486 2.2620086 1.8085869 1.9400185 1.8224361 8.9999981 2.1503783 2.1763847 1.8150445 2.3618472 2.2644871 1.6281180 1.2992661 1.5189881 1.7167968 1.7335169 1.7700947 1.7796041 1.7555923 1.7449407 2.1396000 1.9438325 1.4338806 1.8639807 1.6707695 2.2884173 1.8063938 1.7148291 1.7766004 1.6971358 1.7671960 2.2005460 2.4403301 1.7001879 2.3762184 2.0329967 1.9988756 2.5514619 1.8177687 2.0125399 6.2410554 4.3235179 3.2495774 1.8077437 2.1872129 1.7666982 2.0620237 2.5884459 2.0848638 1.6574147 5.3946645 2.0265923 8.2186239 2.5824397 2.3336941 1.7869397 2.4560737 5.5820181 1.8741117 5.4056288 6.3375130 6.7143961 
Bolinf_Binf_sb1275354                                          1.4677236 1.6649280 1.9919232 1.7098210 0.0173750 0.0000010 0.0000000 0.0000010 0.4001628 0.3769583 0.4320671 0.5925026 0.8969977 4.9538819 1.1062742 0.9602251 0.8489850 0.9237964 0.9237964 0.8240241 1.0061967 1.4385419 1.4385419 1.1001349 2.1338324 1.4330949 1.2572973 1.6959453 1.6264814 1.6989400 1.5151671 1.7105988 1.7314920 1.6614015 2.2628888 1.5565846 1.8051033 5.9455860 1.5901565 1.6253772 1.9528562 1.6938624 1.3512709 1.6720221 1.3104816 1.9848335 1.9838601 1.7904574 3.9702477 1.7667507 1.7667507 8.9999987 1.8849805 1.9854889 1.0842569 1.4147726 1.4702339 1.4517865 3.7795030 1.3433272 1.9703359 1.7501494 1.8323455 1.7601835 1.4092897 1.6443737 2.2620086 1.8085869 1.9400185 1.7960528 8.9999981 2.1387906 2.1673744 1.7683239 2.3490965 2.3828837 1.6294430 1.2201005 1.5206864 1.7397152 1.7580799 1.8198432 1.8259217 1.7623264 1.7508836 2.1396000 1.9663681 1.4075935 1.8779319 1.6802758 2.1939731 1.8063938 1.6937874 1.7508720 1.6822827 1.8444369 2.2736924 2.3834381 1.6724415 2.9067491 2.0767891 2.0198436 2.5514619 1.7968551 2.0146001 6.2410554 4.2034090 3.2495774 1.8077437 2.1872129 1.7244334 2.0620237 2.5884459 2.0848638 1.6918252 5.3946645 1.9787236 8.2186239 2.6328375 2.2760550 1.8064639 2.4715208 7.2460364 1.8741117 5.4056288 6.0686815 6.3951433 
Bolinf_Binf_sb1275352                                          1.4415326 1.7014283 1.9169867 1.6801207 0.0203339 0.0026430 0.0000010 0.0000000 0.4020964 0.3883519 0.4271260 0.5924688 0.8916585 4.9538819 1.0912405 0.9916837 0.8791927 0.9237964 0.9237964 0.8240241 1.0096222 1.4385419 1.4385419 1.1140732 2.1338324 1.4516331 1.3093271 1.6977848 1.6325269 1.6836611 1.5226743 1.7138121 1.7570448 1.6824594 2.6693798 1.5039535 1.7934262 5.9455860 1.6160983 1.6303067 1.9491287 1.7219632 1.3512709 1.6720221 1.3104816 1.9848335 1.9838601 1.8066497 3.9702477 2.0117320 1.7815585 8.9999987 1.8606552 1.9220962 1.2077186 1.4147726 1.5018034 1.4629181 3.7795030 1.4687212 1.9943910 1.7221077 1.8181465 1.7208356 1.4262739 1.6580167 2.2620086 1.8085869 1.9400185 1.8173222 8.9999981 2.1118433 2.1393175 1.8148870 2.3528166 2.2425151 1.6456118 1.2878220 1.5036873 1.6848342 1.7141020 1.7497643 1.7590752 1.7356370 1.7252460 2.1396000 1.9111877 1.3960245 1.8236634 1.6447105 2.2815212 1.8063938 1.7250339 1.7668300 1.7072270 1.7810768 2.2017329 2.4418708 1.7211620 2.4923983 2.0369236 2.0061383 2.5514619 1.8367050 2.0217871 6.2410554 4.3685625 3.2495774 1.8077437 2.1872129 1.7611640 2.0620237 2.5884459 2.0848638 1.6797167 5.3946645 2.0236321 8.2186239 2.6296691 2.3290814 1.7815917 2.4533188 5.7167319 1.8741117 5.4056288 6.3375130 6.6231771 
Mlei_ML1026.g3.i1                                              1.4767267 1.7141605 2.0622953 1.7882198 0.2813186 0.4031235 0.4001628 0.4020964 0.0000000 0.4135816 0.4985120 0.6107879 0.7986317 0.5553562 0.9275797 1.0440108 1.0069817 1.1139901 1.1146795 0.8434983 1.0404435 1.7981773 1.8437191 0.9999344 2.5812722 1.8515200 1.4040962 1.9030167 1.8712268 1.8498524 1.8490089 1.8570223 1.9442581 1.8144182 2.6678620 1.7146708 1.9466898 2.3568558 1.9122822 1.8397752 2.0427030 1.9022439 1.3447806 1.6831027 1.3350951 2.1512391 2.1475467 1.7851970 2.0501065 2.2612443 2.2077541 1.9426273 1.8453206 1.8639670 1.3137581 1.6215564 1.8647744 1.8323739 2.4280798 1.5932993 2.1386817 1.7516214 1.7484560 1.7651261 1.4521577 1.7333761 1.9985542 1.7691980 2.1124609 2.0501477 1.5853007 2.1557001 2.1512287 2.0689885 2.3544305 2.0191219 1.7796897 1.3363107 1.5535255 1.7693939 1.7717638 1.7882537 1.7944702 1.8929438 1.8850559 2.3189970 1.8629528 1.5373193 1.9706361 1.8255890 2.3977565 1.6687113 1.9562736 1.8153019 1.8362632 2.0146134 2.0951439 2.3367674 1.5891395 1.7846286 2.0319864 2.1175937 2.3332503 1.7158900 2.0522615 2.9163433 3.4406923 2.3475220 2.1881760 2.2018241 1.9178659 2.1637728 2.3783666 1.9680052 1.8303530 2.3332045 2.0342523 2.4145506 2.3652271 2.2503024 1.8087659 2.4196598 2.7267458 2.5067304 2.4255954 3.0352602 6.5725539 
Beraby_Baby_sb338335                                           1.4629254 1.7947212 1.8343527 1.5847643 0.3678303 0.3799764 0.3769583 0.3883519 0.4135816 0.0000000 0.4233033 0.4903231 0.6256599 0.0000010 0.7296072 0.9117225 0.8454254 0.8871938 0.8871938 0.8849909 0.8750664 1.4387267 1.4387267 0.9273677 2.2153581 1.4687477 1.3358950 1.3922058 1.4100434 1.5076665 1.5090903 1.5043041 1.4153318 1.4570347 2.6323841 1.3108341 1.5141974 1.0224013 1.4397367 1.4913354 1.7448119 1.3424550 1.4658636 1.6287043 1.3258813 1.7565970 1.7565970 1.6222798 1.0440448 1.6089107 1.4280520 0.0000010 1.6574244 1.6347502 1.3610384 1.3211775 1.5239483 1.4797187 5.2298194 1.5804242 1.6640658 1.4218740 1.5658421 1.4064470 1.5662414 1.4509819 1.7509549 1.7509549 1.2353741 1.5219985 0.0000010 1.8246328 1.8311623 1.7035038 1.8714051 1.8982432 1.3407785 1.3697854 1.4463724 1.4621072 1.4313141 1.4626328 1.4852057 1.5103669 1.5004283 1.3821685 1.5939192 1.4653036 1.5612406 1.4635172 2.1157377 1.5299969 1.5427741 1.6719482 1.7350126 1.9520742 1.9681871 1.9539058 1.5837450 2.0221685 1.7690135 1.7204101 2.1636479 1.8797988 1.8325251 5.9423752 4.7052095 1.3331486 1.6626491 1.7028760 1.6089471 1.5789735 1.5410755 1.7583999 1.3818348 3.5578676 1.6803789 1.5428622 2.1388637 1.7332325 1.7130845 2.0103240 3.5154870 1.0294310 3.2943847 7.2001297 7.2528944 
Mertsp_Mesp_sb555079                                           1.7748439 1.6286407 1.6887702 1.5605118 0.4163626 0.4271260 0.4320671 0.4271260 0.4985120 0.4233033 0.0000000 0.6022457 0.7015174 0.0000010 0.7988204 0.7948850 0.8229393 0.7596476 0.7596476 0.7596476 0.7487348 1.3994700 1.3994700 0.8251241 1.9130450 1.3093792 1.2002518 1.3491845 1.3866416 1.5181709 1.4819394 1.4876624 1.3256424 1.4336982 2.4210469 1.3950345 1.6157232 0.4512682 1.6005398 1.5955017 1.6852083 1.5013901 1.5145925 1.4738838 1.4346686 1.4212051 1.4212051 1.3760377 1.6799026 1.9430752 1.8518051 0.0000010 1.4672209 1.5166540 1.3052043 1.2651719 1.4361274 1.4817667 2.3186071 1.3559721 1.8996675 1.5478750 1.6238500 1.3418721 1.5206734 1.4802325 1.8885855 1.8885855 1.1874726 1.5492346 0.0000010 1.7342929 1.7342929 1.6038841 2.0706937 1.9623205 1.2606354 1.2768821 1.3907261 1.3934120 1.3132801 1.4663640 1.4837533 1.5454557 1.5246265 2.9210706 1.5064418 1.4700402 1.6240077 1.4871399 2.1364027 1.7474138 1.7614872 1.8774705 1.6770983 2.1187262 1.9846441 1.7534442 1.6800577 1.3612543 1.7159330 1.7064811 2.2629269 1.7913421 1.8466496 8.7551301 5.8004706 0.0000010 1.4619976 1.5122808 1.3425549 1.3976279 1.6865641 1.5520493 1.2870034 3.8194666 1.5572919 0.0000010 2.0702804 1.5507795 1.6533247 1.8184622 2.0114563 0.0000010 2.6819987 4.7280176 7.5745007 
Drygla_Dgla_sb279450                                           1.5871489 1.6431895 1.8586331 1.7029437 0.5858887 0.5838473 0.5925026 0.5924688 0.6107879 0.4903231 0.6022457 0.0000000 0.8310954 2.6945655 0.8478027 1.0276782 0.9885489 0.8697491 0.8391471 0.8565779 0.9141460 1.4552901 1.3783113 0.9482304 2.0042652 1.6863282 1.5905620 1.8221738 1.7994926 1.8683772 1.8220264 1.8776543 1.7908663 1.7809156 3.6304693 1.5923502 1.8748811 2.0489891 1.7814643 1.7319106 1.9780281 1.6887827 1.5498100 1.7439207 1.4911300 1.9297269 1.9297269 1.7831321 2.0315119 2.2742326 2.0441375 5.8335201 1.8490189 1.8979154 1.4562671 1.6939580 1.6851544 1.6972018 4.3271089 1.5176590 2.2261908 1.7425873 1.7104898 1.6456772 1.4364683 1.6801087 2.4995349 2.3851933 1.7146950 1.7684745 1.4023769 1.9494274 1.9343253 1.7636437 1.9459766 1.8328253 1.4728986 1.4072765 1.5518458 1.5810594 1.5204862 1.6231337 1.6363073 1.6340053 1.6284754 4.1375794 1.7450758 1.5406058 1.7432009 1.7275124 2.6553048 1.5245165 1.7330979 1.8898574 1.5753131 1.9489597 2.0232502 1.9762926 1.5895454 2.0890306 1.7747450 1.7647021 2.1203107 1.9992516 2.0474220 5.7778433 4.8933212 1.6796166 2.0520440 2.1373890 1.8017839 1.8500911 2.4038503 1.8325431 1.4856303 3.6365412 1.7932736 2.9516479 2.2782349 1.9891732 1.7951725 2.0202929 3.4930843 5.6667737 2.5265207 4.9680779 7.3704056 
Lampan_Lpan_C416469_01                                         1.5573489 1.5855065 2.0418175 1.7152899 0.7314469 0.9002274 0.8969977 0.8916585 0.7986317 0.6256599 0.7015174 0.8310954 0.0000000 0.9015606 0.8829134 1.0928576 0.8741728 1.2423438 1.2100078 0.9581770 1.0192725 2.0984215 2.0726406 0.9485582 2.1469442 1.6175524 1.2581547 1.7751418 1.7437092 1.7987477 1.7357495 1.7796042 1.8480774 1.7974701 2.5392417 1.6893439 1.7273705 1.9813180 1.8802134 1.8718118 1.9457860 1.7005206 1.4802963 1.6235273 1.4030076 1.9393652 1.9779750 1.7758086 2.1994898 2.1147602 2.0648591 1.9553485 1.9573542 1.8233494 1.2990503 1.6029724 1.7718372 1.7881052 2.4582967 1.4827576 1.9589903 1.7058058 1.7853866 1.7507673 1.4625338 1.5637320 1.8671083 1.6926965 1.9836828 1.9466117 1.5200145 2.0003400 2.0233679 2.0288167 2.1073085 2.1059586 1.7348156 1.3019946 1.6569653 1.8205992 1.8025804 1.7834071 1.7957020 1.9112633 1.9074489 1.6789614 1.8612090 1.4785302 1.9691640 1.7380439 2.2317874 1.8514403 1.9642011 2.0079885 1.7530321 2.0419703 2.1444395 2.2292735 1.6898812 2.2803178 2.0425374 2.1720539 2.2686953 1.8337200 2.0999014 2.8656994 3.7931816 2.2970197 2.3626657 2.2131159 2.0406092 2.1773964 1.9755605 1.7498847 1.8603071 2.7595774 1.8939936 2.2519882 2.3740622 2.2800404 1.7399537 2.2214880 2.2895480 1.9898666 2.3161007 3.1886138 5.8212971 
Beraby_Baby_sb338334                                           0.0000010 0.0000010 3.9691398 0.0000010 9.0000000 4.9538819 4.9538819 4.9538819 0.5553562 0.0000010 0.0000010 2.6945655 0.9015606 0.0000000 0.9364538 1.5330265 0.0000010 2.9688953 5.2646705 0.0000010 1.1651695 2.9688953 5.2646705 1.1799871 0.0000010 1.9589486 8.5964947 2.0948509 2.2504416 2.0573551 2.2513182 2.0862139 2.3562575 1.9886020 2.0107266 2.2175614 2.3597922 1.8585853 3.0889062 2.5381018 2.2258748 2.3736135 0.0000010 0.0000010 0.0000010 3.8933413 6.4280953 5.3557721 2.3475756 2.6166068 2.6166068 2.1799070 2.2072031 2.1624943 0.0000010 0.0000010 1.9891294 1.9891294 2.3775221 0.0000010 2.5039091 2.4524526 1.8341048 2.2663152 0.0000010 2.2359680 2.0646991 0.7623468 2.3958129 2.7949439 1.6494879 2.3970821 2.3970821 2.5475779 2.6675759 1.6679306 2.3731242 2.5479274 0.0000010 2.1225249 2.0777919 2.0651896 2.0651896 2.2425118 2.2425118 2.2626045 1.9887356 0.0000010 1.8549692 2.3842202 2.2235631 2.3203930 2.4048525 4.0383650 1.4747025 0.0000010 2.0566239 2.2090759 1.4445654 0.0000010 2.4972539 2.5751678 4.4270418 0.0000010 2.0692256 2.2564903 2.2215727 2.3509727 6.4018078 2.6956427 2.6956427 2.5653349 2.1594774 2.6047525 2.2980414 2.0368857 2.3917521 1.7168174 1.8917518 2.7324253 0.0000010 2.3020621 2.3903058 2.1455335 2.5180893 2.3341136 1.9196177 
Horcal_Hcv1.av93.c1.g249.i1                                    1.6169655 1.6405294 2.1509434 1.6814345 0.8394518 1.0895331 1.1062742 1.0912405 0.9275797 0.7296072 0.7988204 0.8478027 0.8829134 0.9364538 0.0000000 0.1216560 1.0869962 1.2338892 1.2328587 0.9814222 1.0738932 1.8369405 1.8771264 1.0736002 2.6837732 2.0002125 1.7041948 1.9398379 1.9829178 1.8718268 1.8994608 1.8831877 2.0562414 1.9418985 2.7685683 1.7569046 1.8849488 1.6073137 1.9134262 1.8715376 1.9735036 1.8360701 1.5133403 1.7053568 1.4384867 1.9373487 1.9375718 1.9088049 2.0058867 2.1515906 2.1005738 1.9078369 1.9241967 1.9789153 1.6199387 1.6882506 1.9680852 1.9496642 2.2767666 1.8474596 2.0956130 1.7754469 1.8655577 1.8460163 1.9052074 1.7001356 1.9994274 2.1364139 1.9933377 1.9616055 1.6481248 2.1421562 2.1702789 1.9997786 2.3309460 2.1199770 1.9446982 1.5599380 1.8576464 1.8537809 1.8468809 1.9039360 1.9050568 2.0183097 2.0045427 2.0097338 1.9430038 1.5144547 1.8885108 1.7101171 2.3464770 1.6277315 1.9560292 1.8951924 1.8634675 1.9187029 2.0657974 2.1335929 1.5823155 1.8654101 1.9859857 1.9841722 2.5471160 1.9802059 2.2184151 2.4507566 3.5111878 2.2168935 2.3351567 2.0818647 1.9172484 1.9595455 2.1822447 1.9158201 1.8331595 2.3668758 2.1321581 1.9734521 2.1872665 2.0130184 1.9862422 2.3167019 2.0929458 2.2567114 2.1557645 3.3483121 5.7815523 
Pbac_sb2638263                                                 1.8821853 1.8019044 2.2648482 1.8363515 1.0148060 0.9777041 0.9602251 0.9916837 1.0440108 0.9117225 0.7948850 1.0276782 1.0928576 1.5330265 0.1216560 0.0000000 1.3567131 1.3043014 1.3059243 1.0178637 1.3074222 1.9256959 1.9730896 1.2634547 2.6745400 2.2911975 1.8318480 2.1939087 2.3279806 2.1455897 2.1073862 2.1479871 2.3364326 2.2263133 3.4863709 1.9964163 2.1484656 1.2160276 2.1186718 2.1979655 2.3333926 2.0440586 1.5600175 1.7724422 1.4737495 1.9623851 1.9364592 2.0209604 3.2432555 3.3091961 3.1801866 4.3027982 2.2478268 2.3332451 1.9443478 1.6356675 2.3245650 2.2427541 4.5141587 2.0606541 2.4449079 1.9662798 2.1041430 2.1492422 2.1427290 1.9471699 2.6515867 2.2400623 2.4079016 2.3737605 9.0000000 2.3752795 2.3974261 2.2088232 2.6416831 2.3976141 2.2486021 1.7781246 2.0307860 2.0944527 2.0976849 2.2122213 2.2137379 2.3419376 2.3216719 3.4872718 2.2622638 1.6833959 2.2034388 1.9318072 2.7532944 1.6602730 2.0846189 2.0636223 2.0738267 2.1290277 2.3117912 2.3536277 1.8209332 3.7092101 2.1314643 2.2398373 2.3582909 2.1284196 2.6034028 4.3536865 5.1346801 3.5493319 2.3726841 2.5888894 2.2691062 2.2653148 2.7576599 2.2881195 2.0165681 3.1882992 2.3328668 5.5667656 2.5383106 2.2476306 2.0151832 2.6326777 4.0831469 3.8069662 3.8892443 6.0432659 6.9381304 
Coeast_Cast_sb796368                                           1.5188689 1.7422986 1.6564274 1.4873654 0.8734312 0.8563797 0.8489850 0.8791927 1.0069817 0.8454254 0.8229393 0.9885489 0.8741728 0.0000010 1.0869962 1.3567131 0.0000000 0.7230308 0.7230308 0.7230308 0.1051714 0.0000010 0.0000010 0.5274368 0.0000010 1.3521525 1.4168675 1.3522387 1.3127525 1.3835584 1.2894743 1.4531273 1.3425305 1.5002267 7.5830526 1.5044180 1.4046584 0.0000010 1.9530717 1.7885685 1.6432226 1.6466981 1.1738825 1.1738825 1.5126117 0.0000010 0.0000010 1.5527022 2.9397362 2.6343327 2.0943247 0.0000010 1.6461312 1.8025019 1.8070679 0.0000010 2.0353828 1.9023809 5.1260232 1.8756033 5.5649085 1.5119980 1.7051404 1.3278123 1.5828503 1.8381895 9.0000000 9.0000000 0.0000010 2.0367720 0.0000010 1.9627469 1.9627469 1.7857250 1.9840070 1.7827785 1.5695286 1.9769473 1.6730188 1.7183588 1.6528144 1.6815468 1.7040172 1.8542440 1.8537469 0.4090714 1.5343246 1.6720350 1.6720350 1.5974298 3.8813948 9.0000000 2.1620615 1.6386264 1.6562795 1.6790177 1.6790177 1.9004875 1.8779551 2.2743934 1.8464893 1.7881356 3.2131342 2.0171990 2.0171990 0.0000010 5.9867240 0.0000010 1.2280088 1.2280088 1.7422328 1.3602737 0.0000010 1.4338784 1.4799468 3.6650258 1.9930811 0.0000010 1.6538710 5.2231230 1.4050988 1.9034994 4.4031093 0.0000010 9.0000000 4.9523811 5.0020169 
Coeast_Cast_sb796369                                           2.3592739 1.6483719 2.2124362 1.8722641 0.7319108 0.9237964 0.9237964 0.9237964 1.1139901 0.8871938 0.7596476 0.8697491 1.2423438 2.9688953 1.2338892 1.3043014 0.7230308 0.0000000 0.0150563 0.0000010 0.1131793 0.0887590 0.1269633 0.9028512 2.2873134 2.0729058 1.3892557 1.9882442 2.0819788 1.9876832 2.0098658 1.9626059 2.1030854 2.2388055 2.2082565 2.0371968 1.8850840 1.2160276 1.8485293 2.0109770 2.3372311 2.0600240 1.6384299 1.7526249 1.5998318 1.8494145 1.8354793 1.7828835 3.4184374 3.4184374 3.4184374 6.6181383 2.2325878 2.2435039 1.6451727 1.5763634 2.0751376 2.1997501 4.5649109 1.4083653 2.4354237 2.2646166 2.0686041 2.0009431 1.5598098 1.9203290 2.4059425 1.9302493 2.0600684 2.1690472 0.0000010 2.4071127 2.4149272 2.4316676 2.5118461 2.6222877 1.9551873 1.1347008 1.4805515 1.8129727 1.8618015 1.8112083 1.8157645 1.8110377 1.7971667 3.5906178 2.1670110 1.5815660 2.1253592 1.9693849 2.1172962 1.6081647 2.1167980 1.9430462 1.8866945 3.9167241 2.6837037 2.3913631 1.5057325 3.6096397 2.5398647 2.4649877 1.6505437 1.6425170 2.2415677 6.3919716 4.2627398 3.1787341 2.1902547 2.3057593 2.1729140 2.0855188 2.2459142 2.7346873 1.9324235 0.0000010 1.9147766 8.9999982 3.3748779 2.5040857 2.1504720 2.8582497 3.0441789 3.5566827 3.6461860 5.8255635 6.5421656 
Coeast_Cast_sb796370                                           2.3592739 1.6483719 2.2571638 1.8722641 0.7319108 0.9237964 0.9237964 0.9237964 1.1146795 0.8871938 0.7596476 0.8391471 1.2100078 5.2646705 1.2328587 1.3059243 0.7230308 0.0150563 0.0000000 0.0000010 0.1123844 0.1269633 0.0944328 0.8843582 2.2873134 2.0495817 1.4429662 1.9642691 2.0506587 1.9343952 1.9565305 1.8627847 2.0514626 2.2329794 2.2016981 2.0139459 1.8741584 1.2160276 1.8361264 2.0067004 2.2977417 2.0124340 1.6384299 1.7526249 1.5998318 1.8494145 1.8354793 1.7828835 3.6922591 3.6922591 3.6922591 8.9999987 2.1979627 2.2263384 1.6451727 1.5763634 2.0686772 2.1974998 6.0616079 1.4083653 2.4222699 2.2468189 2.0649446 1.9810740 1.5598098 1.9297875 2.3779872 1.9302493 2.0105797 2.1563556 0.0000010 2.3951780 2.4042095 2.3838479 2.4918311 2.6282136 1.9257682 1.1347008 1.4805515 1.8118848 1.8624052 1.8076731 1.8123731 1.8077590 1.7932914 4.5035809 2.2425248 1.5815660 2.1594380 1.9146418 2.1507654 1.6081647 2.0225240 1.9137420 1.8866945 3.9167241 2.7522736 2.4002445 1.5057325 3.6096397 2.6672475 2.5842579 1.6505437 1.6425170 2.2605308 7.7158037 4.4166074 3.3098793 2.2947203 2.2920431 2.1562994 2.0094293 2.2459142 2.4830622 1.9125338 0.0000010 1.9020800 8.3728897 3.3187218 2.4943383 2.1504720 2.8727490 3.4636170 3.7850328 4.6633688 5.6317743 6.5421656 
Coeast_Cast_sb796373                                           2.3592739 1.6674461 1.8414029 1.8521482 0.7319108 0.8240241 0.8240241 0.8240241 0.8434983 0.8849909 0.7596476 0.8565779 0.9581770 0.0000010 0.9814222 1.0178637 0.7230308 0.0000010 0.0000010 0.0000000 0.0556342 0.2121623 0.2121623 0.5799113 2.2058799 1.7131351 1.2973780 1.6608436 1.7424095 1.7410338 1.7346167 1.7352739 1.6462515 1.8078621 1.9920204 1.7173577 1.7048969 1.6694741 1.5457693 1.6919854 1.7884863 1.5632307 1.6384299 1.8191164 1.5998318 1.9005177 1.9005177 1.7166912 1.8759018 1.4964891 1.4964891 3.5334324 1.9780564 1.9198944 1.6451727 1.5347392 1.5826660 1.6634020 1.3908261 1.4083653 1.9706345 1.8609121 1.7345127 1.6351313 1.5598098 1.6148908 2.1986354 2.1573019 1.5324126 1.9129898 3.5334324 2.1738377 2.1470250 2.0758693 2.2152040 2.3836265 1.5745419 1.1347008 1.5769925 1.5712978 1.5585599 1.6172067 1.6348813 1.6684382 1.6488829 3.7267907 1.7231119 1.5815660 1.8987789 1.5716266 1.6986133 1.6081647 1.9443773 2.0074559 1.8133475 2.5528715 2.3285654 2.0751904 1.5404678 5.3460002 2.0596625 2.0536653 1.6505437 1.6425170 2.0413715 6.2015135 5.0217089 1.8761494 1.9363518 1.9696038 1.8389017 1.6218453 2.1312824 3.2440434 1.5288746 3.5334324 1.5588304 1.4054190 2.6215149 2.0458497 2.0965919 2.3679775 1.6954623 0.0000010 1.9964000 4.7541411 6.5421656 
Coemet_Cmet_C603534_01                                         1.6748580 1.7202004 1.9666385 1.6795756 0.8191466 1.0076108 1.0061967 1.0096222 1.0404435 0.8750664 0.7487348 0.9141460 1.0192725 1.1651695 1.0738932 1.3074222 0.1051714 0.1131793 0.1123844 0.0556342 0.0000000 0.2657522 0.2731363 0.7590065 2.1317705 1.6483251 1.4505989 1.7409246 1.7543435 1.6405111 1.5893258 1.6142544 1.7688508 1.7972504 2.4607320 1.8103975 1.6500892 1.7612059 1.8950944 1.9420245 1.9496951 1.8598355 1.3509555 1.6062982 1.4821739 1.9052224 1.9434684 1.7564702 1.7035083 1.8063942 1.7903814 1.6464056 1.8628241 1.8366485 1.7301326 1.4500870 1.8129974 1.8092085 1.9904184 1.7988855 2.0677918 1.7292889 1.7747379 1.6236533 1.6131811 1.7328015 1.7941956 1.7589760 1.7558562 1.9891256 1.7673210 2.1989084 2.2022999 2.0488949 2.2574104 1.9572527 1.6551303 1.5806425 1.5375236 1.6724362 1.7026812 1.6603908 1.6683373 1.7659157 1.7585172 1.4804059 1.7233989 1.6294695 1.8585790 1.7125918 2.1155418 1.6065637 2.0566971 1.8066550 1.7262381 2.0626608 2.0797335 2.0687737 1.6866475 2.6524440 2.1489716 2.1573224 2.4534898 1.8917440 2.0711454 2.2854139 3.2909258 2.1065084 2.0693641 2.0524300 1.8944039 1.8476915 1.9527286 1.9150486 1.7788743 2.1288064 1.8076682 1.9241869 2.3676708 2.1734737 1.7149138 2.3012853 2.1041396 1.9929467 1.9369627 2.9156341 5.5052039 
Coeast_Cast_sb796371                                           4.6595077 3.2335527 3.3602387 2.7879668 0.0000010 1.4385419 1.4385419 1.4385419 1.7981773 1.4387267 1.3994700 1.4552901 2.0984215 2.9688953 1.8369405 1.9256959 0.0000010 0.0887590 0.1269633 0.2121623 0.2657522 0.0000000 0.0226951 1.5082874 2.3310711 2.8481742 9.0000000 3.0504174 2.9104935 2.5383881 2.5871379 2.5086127 3.0715964 3.1875393 2.5194402 2.8345308 2.5312119 0.0000010 2.4645758 2.7742960 3.6153247 2.9671370 0.0000010 2.4330276 0.0000010 2.5099403 2.4893395 2.5092059 4.0873542 4.0873542 4.0873542 6.6181383 3.1230308 3.1471192 0.0000010 2.0866237 3.1045106 3.1045106 4.5649109 0.0000010 3.1504280 3.1504280 2.8521781 2.7227709 9.0000000 2.5026814 2.9429300 2.4346209 2.7315757 3.1325575 0.0000010 3.6572726 3.4919340 3.6050766 3.6317654 3.1942831 2.8249672 5.0453311 1.9363688 2.4118034 2.5518083 2.4270281 2.4373670 2.3907484 2.3690334 4.0275101 3.4899316 2.3516611 2.7691061 2.8874752 3.0552160 2.5088890 2.8162682 2.7334495 2.7666818 6.1272025 3.9384779 3.3840256 2.0303600 3.6096397 3.6302701 3.5613458 9.0000000 8.9999988 3.0637179 6.3919716 3.5931049 3.1787341 2.7509341 2.9554983 2.9841144 2.5666378 2.3299340 3.0398461 2.7003167 0.0000010 3.0218974 8.9999982 5.2838819 3.5873104 2.7632084 3.3735343 3.4548717 3.5566827 3.9342674 8.6441210 8.7526104 
Coeast_Cast_sb796372                                           4.6595077 3.2335527 3.4642055 2.7879668 0.0000010 1.4385419 1.4385419 1.4385419 1.8437191 1.4387267 1.3994700 1.3783113 2.0726406 5.2646705 1.8771264 1.9730896 0.0000010 0.1269633 0.0944328 0.2121623 0.2731363 0.0226951 0.0000000 1.5094579 2.3310711 2.8574503 9.0000000 3.0744929 2.8972927 2.4696001 2.5189942 2.3492416 3.0206668 3.2372507 2.5287121 2.8371206 2.5545276 0.0000010 2.4748697 2.8096541 3.5965727 2.9181855 0.0000010 2.4330276 0.0000010 2.5099403 2.4893395 2.5092059 4.7480547 4.7480547 4.7480547 8.9999987 3.1076028 3.1710715 0.0000010 2.0866237 3.1616994 3.1616994 6.0616079 0.0000010 3.1759480 3.1759480 2.8925456 2.7264434 9.0000000 2.5615884 2.9399336 2.4346209 2.6955973 3.1687480 0.0000010 3.7265958 3.5401947 3.5728788 3.6538978 3.2405203 2.8188133 5.0453311 1.9363688 2.4455605 2.5953879 2.4557063 2.4667513 2.4282752 2.4048562 5.5903038 3.7987962 2.3516611 2.8808455 2.8128884 3.2032798 2.5088890 2.6661656 2.6769591 2.7666818 6.1272025 4.1976341 3.4789121 2.0303600 3.6096397 4.0266713 3.9407800 9.0000000 8.9999988 3.1686946 7.7158037 3.7413211 3.3098793 2.9619912 2.9734439 3.0040720 2.4665664 2.3299340 2.7132996 2.6998382 0.0000010 3.0611555 8.3728897 5.2760002 3.6428740 2.7632084 3.4283004 4.2261006 3.7850328 5.5248250 8.9999986 8.7526104 
Vmul_SimC401684                                                1.7387864 1.7213210 2.1481017 1.8917787 0.9617940 1.0902153 1.1001349 1.1140732 0.9999344 0.9273677 0.8251241 0.9482304 0.9485582 1.1799871 1.0736002 1.2634547 0.5274368 0.9028512 0.8843582 0.5799113 0.7590065 1.5082874 1.5094579 0.0000000 2.0526221 1.8775553 1.5870087 1.9966193 1.8975548 1.8172596 1.7409234 1.8307487 1.9256798 1.9559884 2.6207130 1.7647304 1.7858178 1.9730117 1.9490546 1.8431519 2.0649699 1.8332104 1.5316732 1.5992680 1.5089430 1.8352823 1.8055352 1.8472460 1.9596373 2.0351847 1.9867732 1.8018273 1.9243007 2.0025859 1.7303321 1.4457989 1.8218296 1.8122216 2.1825466 1.7764418 2.2699366 1.9481620 1.6272976 1.8952737 1.6447521 1.7336439 1.8542820 1.7959717 1.9452546 2.2221539 1.6722340 2.0443584 2.0667857 2.0524958 2.1428638 1.9110316 1.7737308 1.6645112 1.7114908 1.8911413 1.8600597 1.8926484 1.8926626 2.0053320 1.9971026 1.7215146 1.9362696 1.8006409 2.0952100 1.8000526 2.4748746 1.8041305 1.9822342 1.8845383 1.8282466 2.0117480 2.0691661 2.0232673 1.7694366 2.5946465 2.1815802 2.1455757 2.1954376 1.7738425 2.0238777 2.4271872 3.4753819 2.3332894 2.2966237 2.1734654 2.0305017 2.0929884 2.0472602 1.7013165 1.9138560 2.1508850 2.0703031 2.1073711 2.2692554 2.2122433 1.8041084 2.1829644 2.2207898 2.1118219 1.8012729 3.0066762 5.8232699 
Spis_XP_022803335_1                                            3.5219910 1.0096665 1.5784616 1.9294123 0.0000010 2.1338324 2.1338324 2.1338324 2.5812722 2.2153581 1.9130450 2.0042652 2.1469442 0.0000010 2.6837732 2.6745400 0.0000010 2.2873134 2.2873134 2.2058799 2.1317705 2.3310711 2.3310711 2.0526221 0.0000000 0.0941971 1.4356132 0.5307017 0.2660936 0.4084177 0.3861816 0.3678229 0.2899198 0.3374526 0.1979565 0.5709001 0.6016160 0.0000010 1.0853181 1.0252027 1.2692350 0.6604229 2.5386505 1.3706223 2.5386505 1.2684980 1.2684980 1.3953875 2.8700557 2.8700557 2.8700557 0.0000010 1.6361627 1.8679378 0.0000010 0.9004728 1.1427443 1.0854673 0.9806935 3.1002580 0.7235514 0.7235514 0.8064308 0.8088849 2.2619317 0.8370553 0.7733424 0.7733424 1.1130493 1.2126346 0.0000010 2.2850308 2.3090237 2.0511381 2.1630971 2.7741199 1.1360958 2.1290705 1.1039327 1.0445360 1.0305657 1.1371847 1.1206262 1.0643304 1.0561668 1.1622914 1.3070564 1.1165481 1.3959358 0.7356449 0.7869090 1.1677479 2.1048211 2.2390439 1.2938156 3.2627454 2.1583740 2.2709017 1.8113145 9.0000000 2.3313902 2.1876518 1.1286278 1.2885200 1.7438895 4.7908313 4.4223448 1.0441871 1.5947071 1.7126545 1.6169148 1.0154607 0.8995110 1.0460998 1.7529692 0.0000010 1.9220823 2.6395550 3.5945096 2.0676104 1.9627284 1.8495785 2.2411616 0.0000010 1.2238018 2.3672542 6.2213294 
Spis_XP_022796396_1                                            1.4387904 1.0676909 1.4572273 1.4097721 1.2523805 1.4414226 1.4330949 1.4516331 1.8515200 1.4687477 1.3093792 1.6863282 1.6175524 1.9589486 2.0002125 2.2911975 1.3521525 2.0729058 2.0495817 1.7131351 1.6483251 2.8481742 2.8574503 1.8775553 0.0941971 0.0000000 0.0689296 0.0922319 0.1951967 0.2706368 0.2869965 0.3207132 0.2359939 0.3675729 0.4805645 0.6042778 0.6345277 0.4688957 0.9234105 0.9331762 1.1638434 0.7536775 1.0378631 0.9766405 1.0447597 0.9619991 0.9469783 1.2007385 0.8020112 1.0180950 0.9950265 0.6946054 1.1136330 1.1916151 1.2416131 0.7692425 1.1098594 1.1093620 1.3163453 1.1355943 0.7500108 0.7797630 0.7974703 0.7663781 1.0303291 0.9186170 0.5990253 0.7118868 0.8857944 1.1206512 0.6428725 1.7178944 1.7368523 1.7120807 1.7873403 1.7014556 1.0962848 1.0111816 0.9890485 0.9079312 0.9223361 0.9615889 0.9618104 0.9161805 0.9190625 1.0474598 1.2535801 0.9727333 1.1499461 0.7806551 1.2105404 1.0315700 1.5158733 1.4167447 1.3093891 1.7887780 1.5251561 1.5274579 1.3706479 2.1260811 1.5523619 1.4868113 1.5950285 1.4625295 1.4249645 1.2540343 2.5694648 1.0839742 1.4358285 1.2736361 1.2799632 0.9990138 1.0250586 1.1097731 1.1279921 1.8165613 1.3800500 1.6629972 2.1773792 1.5835721 1.6869087 1.8307541 1.7214250 1.1527146 0.9938388 2.0099062 6.5947484 
Spis_XP_022803333_1                                            1.1532148 1.0889965 1.2130498 1.2142549 1.3027927 1.2911027 1.2572973 1.3093271 1.4040962 1.3358950 1.2002518 1.5905620 1.2581547 8.5964947 1.7041948 1.8318480 1.4168675 1.3892557 1.4429662 1.2973780 1.4505989 9.0000000 9.0000000 1.5870087 1.4356132 0.0689296 0.0000000 0.0609351 0.1981632 0.3038929 0.3129501 0.2950025 0.2325480 0.3973111 3.7266449 0.8032963 0.7167728 1.6501214 0.9536932 1.0539553 1.0962149 0.8477920 1.0619836 0.8732433 1.0538634 0.3120859 0.3120859 1.0591489 1.0993603 1.6857111 1.4750443 1.1617771 1.0460544 1.0936091 1.2002043 0.0000010 1.2291553 1.2287730 2.6877803 1.1294925 1.2948610 0.9394105 0.9158826 0.8644149 0.9553073 1.0696227 2.3105335 2.0767792 0.7591850 1.1307716 0.0000010 1.7081964 1.7081964 1.8001956 1.6822063 1.6710740 1.1677957 0.9960201 0.9167504 0.9060860 0.8911781 0.9424268 0.9448245 0.9426990 0.9441688 2.4394126 1.2294911 1.0857658 1.1080706 0.7609221 1.6676926 1.0727518 1.6357687 1.2584216 1.2688103 1.5549399 1.4333898 1.5327310 1.3920893 1.5229417 1.3900682 1.3584053 1.9314742 1.6497530 1.6866928 3.4863222 4.4604270 4.4308397 1.2528429 1.2582201 1.2486774 0.9433668 0.0000010 1.0750326 1.0517315 5.0878800 1.4240120 0.0000010 1.8987235 1.4908262 1.7273226 2.0436126 3.1630614 2.8248684 3.6905248 3.4541259 7.8897872 
Spis_XP_022800353_1                                            1.3533568 1.0872605 1.4297132 1.2630749 1.3329677 1.6919509 1.6959453 1.6977848 1.9030167 1.3922058 1.3491845 1.8221738 1.7751418 2.0948509 1.9398379 2.1939087 1.3522387 1.9882442 1.9642691 1.6608436 1.7409246 3.0504174 3.0744929 1.9966193 0.5307017 0.0922319 0.0609351 0.0000000 0.1941139 0.2971705 0.3082384 0.3429736 0.2483288 0.3756948 0.5609116 0.5913582 0.6447686 0.6973530 0.9232136 0.9610358 1.0877848 0.7925791 0.9921361 0.9805571 0.9844396 0.9957660 0.9790298 1.2111035 0.7967900 1.0171763 0.9941366 0.7612967 1.0208607 1.1363989 1.1641948 0.9438630 1.1634869 1.1538398 1.3597155 1.0812437 0.8736815 0.8137798 0.7596581 0.8187050 0.9281156 0.8730891 0.6447701 0.8015289 0.8918388 1.0669956 0.7534986 1.5971100 1.6265511 1.7395351 1.7514021 1.5548893 1.0511005 0.9035003 0.9922747 0.8867320 0.8933295 0.9439053 0.9466473 0.9044871 0.8995442 0.9978477 1.3443039 0.9455653 1.1484287 0.7928645 1.1487135 0.9061046 1.5109438 1.2833663 1.2844480 1.8081121 1.5130755 1.4447722 1.4564045 2.1809052 1.4306970 1.4550561 1.8100236 1.4964593 1.4442982 1.1340210 2.6203768 1.1202374 1.4882732 1.2937876 1.2403290 1.0059825 1.1494889 1.1148709 1.0544652 1.3104388 1.3554595 1.6419565 2.0651166 1.6350844 1.6789786 1.7301956 1.7032191 1.1534835 1.0428782 1.8587916 6.2764448 
Fspp_ffun1.m4.17813.m1                                         1.2491994 1.0000237 1.5127383 1.2403661 1.3316864 1.6261818 1.6264814 1.6325269 1.8712268 1.4100434 1.3866416 1.7994926 1.7437092 2.2504416 1.9829178 2.3279806 1.3127525 2.0819788 2.0506587 1.7424095 1.7543435 2.9104935 2.8972927 1.8975548 0.2660936 0.1951967 0.1981632 0.1941139 0.0000000 0.2537561 0.2618106 0.3035574 0.1790053 0.3170499 0.5787605 0.5313542 0.5770847 0.6608353 0.9112858 0.9106226 1.0592945 0.7510276 1.0613605 1.0060474 1.0524222 1.0196569 1.0041199 1.2315329 0.8001902 0.9968504 0.9742832 0.7380741 1.0764569 1.1708890 1.2886801 0.6258507 1.0760230 1.0755919 1.3763436 1.0632404 0.7874513 0.7582038 0.6964764 0.7320822 0.9004256 0.8374651 0.6314430 0.6958514 0.7999511 1.0427999 0.7459807 1.5769675 1.6136895 1.7786226 1.7746668 1.6783077 0.9772004 0.8402750 0.9609315 0.8444415 0.8596516 0.9105989 0.9085654 0.8722530 0.8671572 0.9725442 1.2940443 0.8972569 1.0892318 0.6947286 1.0279173 0.9717080 1.5002687 1.3755537 1.3481641 1.6865403 1.4822961 1.4507829 1.4811736 2.1703450 1.4584239 1.4362698 1.8250007 1.5344803 1.3830667 1.1263215 2.4501820 1.1386200 1.4367397 1.2396885 1.2083469 0.9427591 0.9622086 0.9087262 1.0778780 1.3047864 1.3471370 1.4158555 1.9137755 1.6224319 1.6882219 1.7483997 1.7500248 1.2001517 1.0137133 1.9856766 6.1622535 
