200
Lampan_Lpan_7818_01                                             0.0000000 0.3720711 0.3983299 0.4208011 0.2797993 0.2797993 0.2797993 0.2797993 0.2955612 0.3143598 0.3440843 0.3440843 0.3225340 0.3225340 0.2278811 0.2278811 0.3698951 0.3212251 0.3134764 0.3408885 0.3408885 0.3408885 0.2278811 0.3504863 0.3504863 0.3504863 0.3504863 0.1924324 0.2515959 0.2515959 0.2515959 0.2515959 0.3928518 0.3717373 0.3717373 0.3717373 0.3717373 0.4174131 0.4174131 0.4174131 0.4174131 0.4073818 0.7329249 0.7329249 0.5870522 0.5870522 1.1982366 1.0995113 2.4654718 2.4654718 1.5550540 1.6036281 1.4891643 1.8189868 1.4465257 1.5212127 1.5407018 1.5261213 1.7325908 1.0900862 1.4546535 1.2787659 1.4720096 1.3914918 1.3982257 1.2584288 1.3573140 1.1237134 1.3931577 1.3151509 1.3240733 1.3779275 1.3779275 1.3779275 1.9976480 1.4282832 1.1761338 1.4886020 1.2357432 1.3816007 1.4660152 1.4430753 1.4427912 1.4316171 1.3600634 1.4327511 1.3234883 1.4592554 1.3108613 1.4345026 1.4941866 1.3687892 1.6679679 1.4262644 1.3218613 1.4492597 1.2416405 1.4752421 1.4441632 1.4813009 1.4560491 1.4623302 1.4885115 1.5370031 1.4914649 1.4759671 1.4730587 1.3519683 1.3707158 1.4496504 1.8054238 1.7024798 1.8602790 1.8276794 1.8602790 1.6486548 1.5469323 1.7374358 1.7366090 1.5223119 1.6333410 1.4941127 2.1120356 1.6356575 2.0043963 1.5721438 1.5286456 1.0297792 2.0185828 1.4823343 1.5777168 1.4909823 1.5907441 1.6779000 1.6597457 2.0038172 1.8004875 1.4399905 1.8248303 1.8365604 2.0604471 1.9912679 2.1512287 2.1374648 1.9256349 1.8459481 2.2042854 2.1393999 2.0816830 1.9991931 2.0225260 2.2747794 1.9951004 1.9349337 2.0401983 2.2593149 2.2371809 2.2727045 2.2033062 2.4285065 2.3162454 1.8473682 2.3196090 2.1081687 1.6527055 2.2882779 2.0406576 1.9708990 1.7822051 1.9591534 2.1553908 2.1553908 2.1504137 1.9247160 1.8739420 1.7245406 1.8846762 1.7245406 1.7657754 1.9471605 2.5216842 2.3537656 2.6200943 2.5047540 2.7426043 2.3665358 2.6893232 2.8279471 2.6484821 2.6796415 2.0548479 2.4772500 2.6994368 2.8569007 3.1322890 2.5309830 1.9179580 1.5509629 2.3681931 1.9252431 
Horcal_Hcv1.av93.c5.g919.i3                                     0.3720711 0.0000000 0.0164365 0.3329999 0.4529668 0.4075618 0.4528906 0.4524956 0.4357109 0.3192363 0.2980976 0.2980976 0.3276656 0.3276656 0.2879433 0.2879433 0.3381904 0.4799813 0.4886752 0.4568267 0.4535533 0.3432673 0.3619147 0.5135351 0.5135351 0.5087410 0.5087410 0.4415274 0.4039032 0.4226836 0.4039032 0.4190655 0.3804787 0.3462645 0.3501247 0.3462645 0.3501247 0.3373433 0.3408643 0.3408643 0.3373433 0.3234522 0.5296273 0.5296273 0.6414233 0.6414233 1.3875631 1.3587317 2.1901381 2.1901381 2.0899210 1.8756462 1.8810247 1.8047376 1.7343562 1.8145544 1.6200777 1.7157818 2.0313836 1.1684537 1.5565472 1.3380845 1.5107703 1.6343909 1.5026367 1.7170974 1.6515397 1.0681194 1.6578586 1.4614621 1.2878553 1.6147223 1.6063326 1.6147223 2.5520167 1.2644296 1.1682286 1.4964999 1.2728259 1.6338538 1.5846489 1.6233600 1.6778658 1.7101328 1.6276249 1.6093601 1.2204635 1.6908949 1.2072012 1.7301789 1.5635973 1.7894249 2.0458251 1.7059337 1.7738861 1.7305048 1.4665599 1.7776261 1.7925145 1.7105955 1.6210418 1.7590628 1.5969538 1.8094468 1.8158315 1.7829864 1.7809183 1.6915366 1.4240744 1.6857495 2.1071111 1.9082656 2.0563198 2.0331779 2.0756768 1.8366849 1.5171630 2.0720354 2.0642051 1.9767825 1.9902930 1.7401075 2.4336774 1.9583560 2.1655005 1.4530621 1.7835897 1.1401289 2.1917031 2.1629338 1.7494934 1.7922794 1.6381327 2.0706294 2.0876038 2.2333766 1.5558180 1.3650830 2.3252805 2.3776846 2.3700986 2.3971777 2.5163201 2.5470424 2.1857913 2.1178114 2.3107906 2.4285792 2.3285502 2.2045649 2.4300143 2.5757275 2.2770760 2.2573839 2.2681811 2.5836219 2.5012089 2.6844597 2.6108399 2.7439748 2.5068044 2.2844854 2.5791713 2.4297045 2.4538127 2.6722093 2.4334151 2.2910541 1.8617229 2.4447356 2.5450098 2.5450098 2.5514519 2.4514737 2.3016710 2.0027512 2.1264617 2.0054911 2.0809091 2.0673898 2.4569177 2.4144155 2.7999331 2.6906047 2.8400982 2.5416013 3.1109285 3.0255222 3.0789369 3.0722652 2.4845730 3.2179319 2.6557301 2.6628943 3.7062289 3.1102123 2.9042493 2.5419816 2.7271303 2.1890792 
Pbac_sb2657817                                                  0.3983299 0.0164365 0.0000000 0.3741871 0.4909853 0.4344404 0.5268043 0.5026458 0.4942269 0.3307725 0.3098346 0.3098346 0.3470225 0.3470225 0.3035102 0.3035102 0.3700756 0.5096255 0.5151384 0.4799451 0.4764743 0.3605059 0.3722553 0.5954851 0.5954851 0.5654678 0.5654678 0.5031783 0.4319735 0.4596419 0.4319735 0.4934083 0.4010120 0.3917219 0.3716986 0.3917219 0.3716986 0.3733190 0.3539975 0.3539975 0.3733190 0.3560705 0.5683376 0.5683376 0.6779799 0.6779799 1.4998946 1.4723719 2.2942786 2.2942786 2.1907312 1.9282627 1.9755575 1.8236073 1.7029686 1.9117504 1.6037484 1.8002510 2.1172003 1.1609098 1.5904547 1.3475347 1.5332279 1.7560207 1.5001441 1.8160014 1.7851044 1.0681194 1.7465831 1.5984536 1.2810204 1.7181220 1.7602493 1.7149497 2.5003211 1.3053582 1.2567298 1.5065898 1.3608744 1.7324424 1.6994703 1.7394883 1.7889119 1.7979166 1.7210634 1.7272327 1.2601959 1.7794265 1.2554106 1.8502303 1.6404815 1.8681987 2.1793901 1.8043185 1.8904580 1.7686382 1.5075068 1.9031907 1.9454728 1.8826136 1.7237849 1.8423551 1.7079260 1.9244211 1.8801491 1.8933987 1.8895834 1.8253976 1.4720386 1.7761885 2.1536123 1.9513368 2.1451327 2.1220378 2.1662161 1.8675688 1.5211212 2.1182173 2.1109538 2.0846349 2.0473455 1.7335226 2.5269766 2.1004462 2.2464828 1.4646343 1.8900309 1.2510143 2.3600822 2.2622959 1.7912862 1.9121489 1.6381327 2.2071435 2.2211211 2.3139609 1.6435175 1.3817335 2.4696615 2.5061571 2.5384717 2.5826031 2.6100742 2.6816834 2.3133069 2.1777590 2.2166736 2.5150398 2.4021726 2.2536220 2.4840479 2.6804894 2.3321549 2.3672490 2.4512601 2.7181530 2.5840087 2.8524710 2.7895340 2.7505657 2.4072168 2.2781268 2.5439581 2.3998918 2.4819824 2.7447789 2.4179685 2.3007129 1.8263281 2.4872656 2.6532557 2.6532557 2.6387595 2.4837336 2.3214295 2.1151625 2.1441903 2.1181625 2.2431130 2.1856047 2.6116309 2.5219988 2.9364390 2.8349578 2.8325622 2.6740722 3.2345943 3.2044194 3.0956821 3.1010371 2.5330453 3.2407895 2.6425084 2.6167520 3.9251327 3.2787814 3.0866869 2.5817111 2.8373475 2.2770099 
Mlei_ML2252.g17.i1                                              0.4208011 0.3329999 0.3741871 0.0000000 0.4565395 0.4148418 0.4726641 0.4512122 0.4523940 0.3449596 0.3024562 0.3024562 0.3363019 0.3363019 0.2967195 0.2967195 0.3321265 0.4511448 0.4675410 0.4734318 0.4700750 0.3701511 0.3620578 0.4874712 0.4874712 0.4829668 0.4829668 0.4823706 0.4429372 0.4755087 0.4429372 0.4908738 0.4021588 0.3776010 0.3413323 0.3776010 0.3413323 0.3626810 0.3281453 0.3281453 0.3626810 0.3194456 0.4852899 0.4852899 0.6486070 0.6486070 1.5027334 1.4436521 2.1088791 2.1088791 2.2002070 1.8968112 1.9421786 1.8154136 1.6379512 1.8761438 1.6363322 1.8827860 2.1939891 1.1836020 1.6143778 1.4487216 1.5140872 1.8029911 1.5178955 1.8395760 1.7423748 1.1212482 1.6866958 1.5865919 1.3015431 1.6657367 1.7029154 1.6657367 2.5422367 1.2703677 1.2095209 1.5727577 1.2289244 1.6598822 1.7247166 1.7251933 1.7433090 1.7252064 1.7361803 1.7589190 1.2453339 1.7901830 1.2512323 1.7575224 1.6843219 1.8981144 2.1393865 1.8707335 1.8566446 1.7754234 1.4611125 1.8824751 1.9053069 1.7999863 1.7659657 1.8731302 1.7624482 1.9631643 1.9366512 1.8492193 1.8467283 1.7941264 1.4625446 1.7666625 2.2677913 1.9780549 2.0317491 2.0106745 2.0355835 1.8314356 1.4951830 2.0408709 2.0309031 1.9325586 2.0136773 1.6552054 2.4068134 1.9286122 2.0913274 1.5622365 1.9822252 1.2270267 2.2880272 2.2688662 1.8202361 1.7981969 1.5627722 2.1671139 2.1562214 2.2415273 1.5152456 1.4495322 2.3535487 2.3551345 2.3898278 2.4587857 2.4297930 2.5885960 2.3721162 2.2342681 2.2988926 2.5642465 2.5569494 2.2942976 2.4773361 2.6056092 2.2425791 2.1718029 2.2199247 2.4939696 2.5770944 2.8072021 2.5998261 2.6814328 2.3199092 2.1637121 2.5142493 2.3064840 2.3590483 2.7985054 2.4575754 2.4140207 1.8071167 2.4975297 2.4929730 2.4929730 2.5032264 2.3914729 2.2883992 1.9131764 2.0062971 1.9157933 2.0825565 2.0368324 2.6270690 2.5361244 2.8144698 2.6962764 2.8896235 2.5628158 3.1373269 3.1900937 2.9657164 3.0782861 2.5822271 3.1682323 2.9606636 2.7364718 4.1942940 3.1931422 2.8847306 2.5002468 2.6484207 2.2888886 
Horcal_Hcv1.av93.c5.g909.i2                                     0.2797993 0.4529668 0.4909853 0.4565395 0.0000000 0.0000010 0.0058337 0.0097353 0.2152124 0.1618778 0.1390778 0.1390778 0.1720057 0.1720057 0.1528437 0.1528437 0.1425585 0.2220230 0.2331430 0.2203885 0.2177678 0.1827002 0.2172507 0.2529530 0.2529530 0.2484393 0.2484393 0.2632700 0.2479880 0.2592674 0.2479880 0.2602976 0.2697756 0.3821463 0.3786334 0.3821463 0.3786334 0.3834500 0.3801134 0.3801134 0.3834500 0.4238608 0.5178684 0.5178684 0.6794088 0.6794088 1.4806657 1.4872543 1.9481029 1.9481029 2.0385435 1.8233920 1.7302151 1.7310841 1.5629956 1.8390115 1.5751150 1.7442457 1.9743020 1.1342076 1.5145533 1.3297217 1.4225313 1.5991281 1.4519081 1.5433542 1.7160919 1.0993105 1.5532368 1.4994521 1.2944615 1.5826066 1.5910850 1.5826066 2.4040410 1.2920597 1.1872010 1.4594965 1.2795791 1.6297087 1.6226975 1.5741769 1.5947434 1.6542506 1.6274162 1.6216398 1.2527695 1.6733133 1.2081624 1.6238133 1.6019361 1.8294246 1.8542569 1.7215590 1.6908085 1.7341317 1.3903162 1.7631819 1.7179257 1.6470908 1.6298364 1.6842465 1.6697099 1.7558342 1.7714582 1.6834069 1.6849201 1.6380708 1.4394371 1.6485405 2.2577909 2.0218076 2.1034929 2.0853287 2.1075077 1.8322105 1.5444141 2.0147926 2.0016444 1.9553826 1.9223738 1.6492146 2.1630019 1.7971243 2.1613401 1.5645029 1.8746187 1.0902105 2.4096221 2.1590701 1.6909977 1.8150690 1.5459852 2.1408130 2.1237824 2.2662757 1.6206787 1.3254894 2.2184909 2.2326394 2.2563388 2.3463953 2.2735526 2.5056053 2.1272588 2.0691340 2.1737339 2.3060515 2.3280784 2.2953530 2.2945332 2.5224994 2.2457018 2.1874040 2.1480163 2.3043814 2.3322384 2.5214521 2.3708263 2.5797431 2.6313157 2.3424224 2.6549513 2.4488125 2.6591326 2.8680961 2.3028950 2.3437272 1.8576792 2.4560872 2.5713696 2.5713696 2.5738515 2.3458230 2.2248537 1.9485116 2.0764167 1.9511992 1.9335628 2.0555374 2.5990991 2.3956786 2.7095323 2.6495569 2.8278792 2.5505063 3.0965536 3.1976799 3.0229904 3.0386959 2.5166114 2.9801117 2.6872645 2.6997768 3.8134011 3.0422892 3.0143706 2.5453812 2.5744211 2.2144148 
Horcal_Hcv1.av93.c5.g909.i3                                     0.2797993 0.4075618 0.4344404 0.4148418 0.0000010 0.0000000 0.0000010 0.0021750 0.1999942 0.1618778 0.1390778 0.1390778 0.1720057 0.1720057 0.1528437 0.1528437 0.1425585 0.2064520 0.2184777 0.2190232 0.2161302 0.1840306 0.1459248 0.2361623 0.2361623 0.2361623 0.2361623 0.2452051 0.2431691 0.2431691 0.2431691 0.2431691 0.2697756 0.3441243 0.3441243 0.3441243 0.3441243 0.3474404 0.3474404 0.3474404 0.3474404 0.3892384 0.5178684 0.5178684 0.6616250 0.6616250 1.4064158 1.4103116 1.9481029 1.9481029 1.8338606 1.6589216 1.5245640 1.7310841 1.5629956 1.6322284 1.5751150 1.5977358 1.7196021 1.1342076 1.4083646 1.3297217 1.4225313 1.4496509 1.4519081 1.3940315 1.5176596 1.0993105 1.4511593 1.3504488 1.2944615 1.4914033 1.4914033 1.4914033 2.3288453 1.2920597 1.1872010 1.4594965 1.2795791 1.4848749 1.5073008 1.4877337 1.5468332 1.5470160 1.4901183 1.4809515 1.2527695 1.5840069 1.2081624 1.5576110 1.5786298 1.6640967 1.6869643 1.5591913 1.4965386 1.5626410 1.3517091 1.5768379 1.6379138 1.5627670 1.4841559 1.5022933 1.5102948 1.6240656 1.6123442 1.5818505 1.5833726 1.4906038 1.4394371 1.5401396 2.0230804 1.8606806 1.9349921 1.9128928 1.9390327 1.7825003 1.5444141 1.8398062 1.8221861 1.7697613 1.8038856 1.6492146 1.9786588 1.6150191 2.1096354 1.5645029 1.7282933 1.0902105 2.2095708 1.8557236 1.6909977 1.6801341 1.5459852 1.9181623 1.9055155 2.1229799 1.6206787 1.3346190 2.0021389 2.0705991 2.0936583 2.1571698 2.1343606 2.2423489 1.9490277 1.8809846 2.1477876 2.1319071 2.1340831 2.0848365 2.1463101 2.3888053 2.0839850 2.0093762 2.0019420 2.1268953 2.2532324 2.3147937 2.1440827 2.5797431 2.6313157 2.1382558 2.4930410 2.3251646 2.6038450 2.5568857 2.0654478 2.0842155 1.8576792 2.2230278 2.3881910 2.3881910 2.3903249 2.2464936 2.1197740 1.9007908 2.0307351 1.9036525 1.8700934 1.9746255 2.5990991 2.3956786 2.7095323 2.6495569 2.8278792 2.5505063 2.9663634 3.1781964 2.8748629 2.8322095 2.4814932 2.6799790 2.5645052 2.6734711 3.6991747 2.8756916 2.6495926 2.5668383 2.3438512 2.0849699 
Horcal_Hcv1.av93.c5.g909.i1                                     0.2797993 0.4528906 0.5268043 0.4726641 0.0058337 0.0000010 0.0000000 0.0038558 0.2275870 0.1618778 0.1390778 0.1390778 0.1720057 0.1720057 0.1528437 0.1528437 0.1425585 0.2220230 0.2331430 0.2203885 0.2177678 0.1827002 0.2172507 0.2801542 0.2801542 0.2565922 0.2565922 0.2868173 0.2479880 0.2759805 0.2479880 0.2747113 0.2697756 0.4048959 0.3786334 0.4048959 0.3786334 0.4051625 0.3801134 0.3801134 0.4051625 0.4411909 0.5178684 0.5178684 0.6765692 0.6765692 1.5041844 1.5135194 1.9481029 1.9481029 2.0878983 1.8651061 1.7772740 1.7310841 1.5629956 1.9201760 1.5751150 1.7899860 2.0467711 1.1342076 1.5145533 1.3297217 1.4225313 1.6817168 1.4519081 1.6555583 1.8110200 1.0993105 1.5532368 1.5691250 1.2944615 1.5826066 1.6500681 1.6132498 2.4518877 1.2920597 1.1872010 1.4594965 1.2795791 1.6229446 1.6535851 1.6442632 1.5947434 1.6908025 1.6963304 1.6918639 1.2527695 1.7340346 1.2081624 1.6597096 1.6019361 1.8579138 1.9759087 1.8024937 1.7735360 1.7259198 1.3903162 1.8431690 1.7977565 1.7582240 1.6921438 1.7535576 1.7200458 1.8021467 1.8081723 1.7308016 1.7335113 1.6830421 1.4394371 1.7262796 2.2577909 2.0218076 2.1619602 2.1447030 2.1660450 1.8322105 1.5444141 2.0147926 2.0016444 2.0040601 2.0237935 1.6492146 2.2124716 1.7856137 2.2113710 1.5645029 1.9483003 1.0902105 2.5528515 2.1488370 1.6834952 1.8709341 1.5459852 2.1907110 2.1801521 2.2620543 1.6206787 1.3254894 2.2481695 2.2507479 2.3573193 2.3881444 2.3490845 2.5901745 2.2070556 2.0943350 2.1737339 2.3496421 2.4119827 2.2846697 2.3628511 2.5837497 2.2681988 2.2040997 2.2125356 2.2891993 2.3166953 2.5964922 2.4718044 2.5797431 2.6313157 2.3236812 2.6361696 2.4488125 2.6591326 2.9745088 2.3875549 2.4272013 1.8576792 2.4508839 2.6320897 2.6320897 2.6347050 2.3458230 2.2248537 1.9367944 2.0618187 1.9394619 1.9335628 2.0555374 2.5990991 2.3956786 2.7095323 2.6495569 2.8278792 2.5505063 3.1618318 3.2630633 3.0229904 3.0660354 2.6565910 3.0566063 2.6680736 2.6997768 3.9138820 3.1473191 3.1491217 2.5453812 2.5947688 2.2744733 
Pbac_sb2647924                                                  0.2797993 0.4524956 0.5026458 0.4512122 0.0097353 0.0021750 0.0038558 0.0000000 0.2219432 0.1618778 0.1390778 0.1390778 0.1689114 0.1689114 0.1477971 0.1477971 0.1425585 0.2221400 0.2332682 0.2205029 0.2178804 0.1827002 0.2172507 0.2626629 0.2626629 0.2519661 0.2519661 0.2710432 0.2474679 0.2705494 0.2474679 0.2623472 0.2697756 0.3781396 0.3745617 0.3781396 0.3745617 0.3796231 0.3762264 0.3762264 0.3796231 0.4221247 0.5178684 0.5178684 0.6824683 0.6824683 1.4773999 1.4835924 1.9659111 1.9659111 2.0367076 1.8485929 1.7570712 1.7310841 1.5629956 1.8825589 1.5731291 1.7418404 1.9968196 1.1342076 1.5104053 1.3273403 1.4225313 1.6321696 1.4519081 1.5927083 1.7515902 1.0993105 1.5442612 1.5243438 1.2944615 1.5765255 1.6114366 1.5997189 2.4453774 1.2920597 1.1872010 1.4459344 1.2795791 1.6252967 1.6506651 1.6105309 1.5860510 1.6804244 1.6652106 1.6601395 1.2527695 1.6939861 1.2081624 1.6567525 1.5953465 1.8773575 1.9084985 1.7536241 1.7166590 1.7400598 1.3845047 1.7901092 1.7308978 1.6970442 1.6544209 1.7204364 1.6982604 1.7513206 1.7669047 1.6791421 1.6806506 1.6338410 1.4377189 1.6841638 2.2339845 2.0086856 2.1513014 2.1338591 2.1553780 1.8299257 1.5444141 2.0018280 1.9884779 1.9762399 1.9635946 1.6573461 2.1915326 1.7945601 2.1912222 1.5607610 1.9168725 1.0902105 2.4786088 2.1428148 1.7012908 1.8105504 1.5459852 2.1505085 2.1342535 2.2744558 1.6206787 1.3254894 2.2432394 2.2476031 2.2921672 2.3527256 2.2844414 2.5312748 2.1579011 2.0971863 2.1702909 2.2933927 2.3926020 2.2975066 2.3371008 2.5555118 2.2726631 2.2076364 2.1861594 2.2946215 2.3241079 2.5515402 2.4350003 2.5797431 2.6313157 2.3148660 2.6282697 2.4429083 2.6293295 2.9439334 2.3453788 2.3833000 1.8545030 2.4369366 2.6003080 2.6003080 2.6028661 2.3352248 2.2153015 1.9498794 2.0780732 1.9525685 1.9335628 2.0526511 2.5990991 2.3934312 2.7070093 2.6470429 2.8247980 2.5481148 3.1221358 3.2093759 3.0190377 3.0881991 2.5863478 3.0591528 2.7011404 2.6964070 3.8533798 3.1028786 3.0798458 2.5334215 2.6044116 2.2354488 
Mlei_ML0901.g18.i1                                              0.2955612 0.4357109 0.4942269 0.4523940 0.2152124 0.1999942 0.2275870 0.2219432 0.0000000 0.0066919 0.0720897 0.0720897 0.0677624 0.0677624 0.0525308 0.0525308 0.0918013 0.1046723 0.1216858 0.1926388 0.1900654 0.1578695 0.1378582 0.2601436 0.2601436 0.2485308 0.2485308 0.3019854 0.2776336 0.2939669 0.2776336 0.3088893 0.2303770 0.4061941 0.3923916 0.4061941 0.3923916 0.3913987 0.3780781 0.3780781 0.3913987 0.4372716 0.5109646 0.5109646 0.6719104 0.6719104 1.4379053 1.4570465 1.9762345 1.9762345 2.0645425 1.8128902 1.7304561 1.6762329 1.6227966 1.7263771 1.4830080 1.6411263 1.8644047 1.1824598 1.5572948 1.3966123 1.4406688 1.6699675 1.4691813 1.7127927 1.7026167 1.0733764 1.5190671 1.5061990 1.3110515 1.5622481 1.6272744 1.5770778 2.3287207 1.3012385 1.1654118 1.3972742 1.1829665 1.5409597 1.5725586 1.5962627 1.5896678 1.6092585 1.6957906 1.6996144 1.2765975 1.7167158 1.2426582 1.6589061 1.6221677 1.7811841 1.8687427 1.8129100 1.7447771 1.6822473 1.3438552 1.7223567 1.7676898 1.7321454 1.6818645 1.6547098 1.6760055 1.7444669 1.7368600 1.6982269 1.7017127 1.6374959 1.3982940 1.6605986 2.2880067 1.9824046 2.0847611 2.0687011 2.0943349 1.8350728 1.5104990 1.9892596 1.9857225 1.8966437 1.9791049 1.5757467 2.1697503 1.7322966 2.1122695 1.6140658 1.9611406 1.0668789 2.2376290 2.0030303 1.5877431 1.7730721 1.5011999 2.0770093 2.0687700 2.2259688 1.5922494 1.3944356 2.0153226 2.2293731 2.2977561 2.2275329 2.1651854 2.4963481 2.1690405 2.0600743 2.2407893 2.1815261 2.1621096 2.2184828 2.2722990 2.3296068 2.1817386 2.2437916 2.1960009 2.1599441 2.2614872 2.6066724 2.3611982 2.6167271 2.5072629 2.3818751 2.6214009 2.2490668 2.5416771 2.9730403 2.2430443 2.3449957 1.8174246 2.4356065 2.5666512 2.5666512 2.5554884 2.4397038 2.2861807 1.8701721 2.0173813 1.8727584 1.9255602 1.9433362 2.5561891 2.3381853 2.5607462 2.5312810 2.6646962 2.4265208 3.0701887 3.0430440 2.9042082 2.9275590 2.4608352 2.9788004 2.7071192 2.6925334 3.9180331 3.0428423 2.8330804 2.3978440 2.6555955 2.1991689 
Vmul_sbMO469354                                                 0.3143598 0.3192363 0.3307725 0.3449596 0.1618778 0.1618778 0.1618778 0.1618778 0.0066919 0.0000000 0.0820437 0.0820437 0.0703872 0.0703872 0.0413752 0.0413752 0.0981657 0.0944707 0.1227620 0.1479601 0.1479601 0.1479601 0.0413752 0.2242475 0.2242475 0.2242475 0.2242475 0.2151076 0.2341695 0.2341695 0.2341695 0.2341695 0.2349698 0.3602638 0.3602638 0.3602638 0.3602638 0.3396876 0.3396876 0.3396876 0.3396876 0.3307719 0.5239435 0.5239435 0.5546134 0.5546134 1.1354154 1.1158792 2.9884796 2.9884796 1.6303314 1.6077563 1.4907077 1.7739917 1.6621633 1.5131566 1.5958932 1.5363987 1.7692396 1.2208574 1.4194521 1.3621538 1.4721894 1.4306115 1.5016178 1.3747107 1.3752231 1.1194384 1.1757090 1.1894919 1.3527574 1.2170356 1.2170356 1.2170356 2.6234305 1.3311340 1.2014189 1.3891621 1.2116225 1.2231362 1.3011576 1.2648643 1.3610409 1.3389127 1.2681204 1.2572592 1.2987579 1.3992769 1.2842785 1.3685522 1.4248730 1.3778520 1.4535417 1.4654754 1.3743717 1.4020297 1.2667010 1.4668598 1.4330672 1.5043655 1.4883964 1.5015110 1.5424220 1.5535864 1.4776504 1.4616482 1.4637342 1.3312378 1.3365820 1.5772645 1.9706333 1.7304897 1.7754614 1.7415615 1.7754614 1.7117089 1.5392856 1.7648435 1.7511651 1.6414808 1.8019433 1.6425938 2.0773084 1.6468754 2.1399433 1.6933518 1.5653802 1.1059869 2.4549117 1.7200358 1.7002131 1.6682074 1.5223176 1.6803596 1.6809357 1.9659622 1.6287981 1.4452252 1.8680687 2.0426869 2.0051518 2.0360861 2.1245407 2.1679570 1.9905047 1.8793834 2.5021309 2.1119100 2.0725585 2.0598118 2.1017671 2.3010654 2.1069812 2.0207396 2.1679309 2.0942509 2.2197557 2.2982036 2.0558435 2.7076317 2.5597363 2.0293361 2.5344282 2.1934473 0.0000010 2.6589512 2.1358860 2.1849694 1.9339537 2.2639862 2.5121541 2.5121541 2.5062985 2.2044093 2.0247381 1.7239527 1.9395370 1.7239527 1.7015579 1.8632426 2.7139283 2.5031371 2.8083394 2.8131633 3.0630417 2.4092788 2.9940883 3.3299954 2.9494805 2.8412098 2.3577558 2.8428076 2.7009541 2.9636322 3.5252816 2.3479292 2.7171263 1.7376702 2.5224884 2.0055674 
Bolinf_Binf_sb1271550                                           0.3440843 0.2980976 0.3098346 0.3024562 0.1390778 0.1390778 0.1390778 0.1390778 0.0720897 0.0820437 0.0000000 0.0000010 0.0000010 0.0000010 0.0000010 0.0000010 0.0958388 0.0854624 0.1315134 0.1322616 0.1322616 0.1322616 0.0000010 0.2300909 0.2300909 0.2300909 0.2300909 0.2117262 0.2344866 0.2344866 0.2344866 0.2344866 0.2124824 0.3154748 0.3154748 0.3154748 0.3154748 0.3091885 0.3091885 0.3091885 0.3091885 0.3090578 0.5092696 0.5092696 0.5257375 0.5257375 0.9320615 0.8334911 5.1195134 5.1195134 1.2623258 1.5178391 1.3253430 1.6367462 1.5905752 1.3642361 1.3720293 1.3440137 1.6806588 1.1171361 1.2965082 1.1979869 1.3485352 1.2196625 1.3781922 1.2217953 1.2313916 1.0226091 1.0907575 1.1106076 1.3099446 1.0756358 1.0756358 1.0756358 0.0000010 1.2961088 1.1711642 1.0037074 1.2241815 1.1129856 1.2102750 1.1279766 1.3359337 1.2698849 1.1474990 1.1077186 1.2222327 1.2222327 1.2274411 1.1814118 1.2950750 0.9800541 1.4234984 1.3773928 1.3056671 1.3205082 1.2065453 1.3123915 1.3219966 1.3608327 1.3218613 1.2921967 1.4607194 1.4284029 1.3180032 1.3405820 1.3405820 1.2142868 1.2240965 1.3811759 1.0570985 1.4560445 1.5805869 1.5805869 1.5805869 1.4305194 1.5306697 1.6184974 1.6177031 1.4254034 1.5020705 1.5020705 2.0385881 1.4368691 2.1114652 1.0400017 1.3263522 1.0344554 1.5562239 1.2269568 1.3119223 1.3540403 1.4449840 1.4380413 1.4423036 1.6111247 1.3967960 1.3684561 1.9283100 1.7732442 1.7755303 1.8294041 1.7459876 1.9102203 1.7479932 1.6265782 2.1989564 1.8605482 1.7538056 1.7713788 1.7899655 1.9877283 1.8189510 1.7006594 1.7766744 1.7174000 1.7372121 1.9781581 1.5660818 2.5576839 2.7631566 1.8060519 2.6544703 2.3047295 0.0000010 2.8188410 2.3788987 2.1893095 1.9916032 2.1921699 2.4098032 2.4098032 2.4015688 1.9699530 1.8858653 1.5036515 1.6525027 1.5036515 1.5036515 1.6768222 2.3906445 2.1824184 2.5459180 2.3794146 2.7134916 2.1279523 2.3867512 2.7827940 2.6875579 2.4692308 1.6342349 2.0277383 2.6444805 2.7346173 2.8970274 2.0090783 1.5837784 1.7425542 2.3287545 1.7856118 
Bolinf_Binf_sb1271551                                           0.3440843 0.2980976 0.3098346 0.3024562 0.1390778 0.1390778 0.1390778 0.1390778 0.0720897 0.0820437 0.0000010 0.0000000 0.0000010 0.0000010 0.0000010 0.0000010 0.0958388 0.0854624 0.1315134 0.1322616 0.1322616 0.1322616 0.0000010 0.2300909 0.2300909 0.2300909 0.2300909 0.2117262 0.2344866 0.2344866 0.2344866 0.2344866 0.2124824 0.3154748 0.3154748 0.3154748 0.3154748 0.3091885 0.3091885 0.3091885 0.3091885 0.3090578 0.5092696 0.5092696 0.5257375 0.5257375 0.9320615 0.8334911 5.1195134 5.1195134 1.2623258 1.5178391 1.3253430 1.6367462 1.5905752 1.3642361 1.3720293 1.3440137 1.6806588 1.1171361 1.2965082 1.1979869 1.3485352 1.2196625 1.3781922 1.2217953 1.2313916 1.0226091 1.0907575 1.1106076 1.3099446 1.0756358 1.0756358 1.0756358 0.0000010 1.2961088 1.1711642 1.0037074 1.2241815 1.1129856 1.2102750 1.1279766 1.3359337 1.2698849 1.1474990 1.1077186 1.2222327 1.2222327 1.2274411 1.1814118 1.2950750 0.9800541 1.4234984 1.3773928 1.3056671 1.3205082 1.2065453 1.3123915 1.3219966 1.3608327 1.3218613 1.2921967 1.4607194 1.4284029 1.3180032 1.3405820 1.3405820 1.2142868 1.2240965 1.3811759 1.0570985 1.4560445 1.5805869 1.5805869 1.5805869 1.4305194 1.5306697 1.6184974 1.6177031 1.4254034 1.5020705 1.5020705 2.0385881 1.4368691 2.1114652 1.0400017 1.3263522 1.0344554 1.5562239 1.2269568 1.3119223 1.3540403 1.4449840 1.4380413 1.4423036 1.6111247 1.3967960 1.3684561 1.9283100 1.7732442 1.7755303 1.8294041 1.7459876 1.9102203 1.7479932 1.6265782 2.1989564 1.8605482 1.7538056 1.7713788 1.7899655 1.9877283 1.8189510 1.7006594 1.7766744 1.7174000 1.7372121 1.9781581 1.5660818 2.5576839 2.7631566 1.8060519 2.6544703 2.3047295 0.0000010 2.8188410 2.3788987 2.1893095 1.9916032 2.1921699 2.4098032 2.4098032 2.4015688 1.9699530 1.8858653 1.5036515 1.6525027 1.5036515 1.5036515 1.6768222 2.3906445 2.1824184 2.5459180 2.3794146 2.7134916 2.1279523 2.3867512 2.7827940 2.6875579 2.4692308 1.6342349 2.0277383 2.6444805 2.7346173 2.8970274 2.0090783 1.5837784 1.7425542 2.3287545 1.7856118 
Bolinf_Binf_sb1271566                                           0.3225340 0.3276656 0.3470225 0.3363019 0.1720057 0.1720057 0.1720057 0.1689114 0.0677624 0.0703872 0.0000010 0.0000010 0.0000000 0.0000010 0.0000010 0.0000010 0.0958388 0.0800808 0.1073220 0.1579070 0.1546686 0.1605152 0.0287758 0.2035736 0.2035736 0.2035736 0.2035736 0.1976765 0.2154840 0.2154840 0.2154840 0.2154840 0.2409148 0.3298430 0.3298430 0.3298430 0.3298430 0.3251490 0.3251490 0.3251490 0.3251490 0.3326061 0.5092696 0.5092696 0.6159704 0.6159704 1.2399136 1.2321047 1.9357826 1.9357826 1.5017631 1.5087673 1.4443697 1.7177866 1.5905752 1.4736670 1.4641579 1.4658735 1.6159177 1.1928339 1.4251059 1.4117011 1.5022216 1.4191962 1.4755618 1.4092717 1.4622963 1.1153661 1.2516946 1.2775971 1.3452124 1.2850879 1.2850879 1.2850879 1.6543541 1.3255497 1.2017815 1.4419904 1.2241815 1.2883133 1.3766115 1.3507793 1.4046540 1.3667175 1.3400477 1.3209837 1.2910334 1.3902267 1.2274411 1.4207181 1.4102033 1.4017595 1.4353314 1.4878568 1.4054711 1.4519243 1.2474636 1.4636041 1.5024431 1.4688417 1.4693635 1.4754766 1.4451487 1.5524158 1.4753510 1.4718080 1.4734128 1.3639077 1.3674677 1.5149726 1.9194108 1.7475984 1.8166039 1.7913747 1.8280672 1.7097691 1.5306697 1.8019742 1.7947852 1.4850310 1.6151985 1.4835282 1.9801345 1.6559890 2.0721619 1.6372089 1.5786941 1.0344554 1.8362849 1.5186774 1.5600885 1.5652066 1.5973617 1.6051171 1.6057220 1.9319626 1.5350145 1.3684561 1.7254145 1.9086204 1.8679456 1.8991540 1.8908939 2.1434636 1.9487089 1.8606545 2.2309573 1.8973299 1.8696393 1.8562830 1.9792168 2.0392103 1.8630989 1.9190254 1.7451587 1.9828204 2.0371305 2.0617951 1.9947901 2.5576839 2.5332215 1.7950187 2.2221624 2.0819762 1.8890172 2.2986370 1.9394510 1.9678935 1.8825182 2.1383982 2.2693631 2.2693631 2.2652583 1.9790622 1.9549456 1.7139992 1.8415958 1.7139992 1.6963767 1.8293600 2.5450844 2.3003570 2.5553671 2.4503056 2.6426391 2.4101418 2.6282642 2.9333743 2.6571867 2.5092162 2.2235713 2.6080624 2.4692399 2.6502689 3.4033004 2.6236608 2.1141420 1.5891100 2.1476458 1.9642550 
Bolinf_Binf_sb1271567                                           0.3225340 0.3276656 0.3470225 0.3363019 0.1720057 0.1720057 0.1720057 0.1689114 0.0677624 0.0703872 0.0000010 0.0000010 0.0000010 0.0000000 0.0000010 0.0000010 0.0958388 0.0800808 0.1073220 0.1579070 0.1546686 0.1605152 0.0287758 0.2035736 0.2035736 0.2035736 0.2035736 0.1976765 0.2154840 0.2154840 0.2154840 0.2154840 0.2409148 0.3298430 0.3298430 0.3298430 0.3298430 0.3251490 0.3251490 0.3251490 0.3251490 0.3326061 0.5092696 0.5092696 0.6159704 0.6159704 1.2399136 1.2321047 1.9357826 1.9357826 1.5017631 1.5087673 1.4443697 1.7177866 1.5905752 1.4736670 1.4641579 1.4658735 1.6159177 1.1928339 1.4251059 1.4117011 1.5022216 1.4191962 1.4755618 1.4092717 1.4622963 1.1153661 1.2516946 1.2775971 1.3452124 1.2850879 1.2850879 1.2850879 1.6543541 1.3255497 1.2017815 1.4419904 1.2241815 1.2883133 1.3766115 1.3507793 1.4046540 1.3667175 1.3400477 1.3209837 1.2910334 1.3902267 1.2274411 1.4207181 1.4102033 1.4017595 1.4353314 1.4878568 1.4054711 1.4519243 1.2474636 1.4636041 1.5024431 1.4688417 1.4693635 1.4754766 1.4451487 1.5524158 1.4753510 1.4718080 1.4734128 1.3639077 1.3674677 1.5149726 1.9194108 1.7475984 1.8166039 1.7913747 1.8280672 1.7097691 1.5306697 1.8019742 1.7947852 1.4850310 1.6151985 1.4835282 1.9801345 1.6559890 2.0721619 1.6372089 1.5786941 1.0344554 1.8362849 1.5186774 1.5600885 1.5652066 1.5973617 1.6051171 1.6057220 1.9319626 1.5350145 1.3684561 1.7254145 1.9086204 1.8679456 1.8991540 1.8908939 2.1434636 1.9487089 1.8606545 2.2309573 1.8973299 1.8696393 1.8562830 1.9792168 2.0392103 1.8630989 1.9190254 1.7451587 1.9828204 2.0371305 2.0617951 1.9947901 2.5576839 2.5332215 1.7950187 2.2221624 2.0819762 1.8890172 2.2986370 1.9394510 1.9678935 1.8825182 2.1383982 2.2693631 2.2693631 2.2652583 1.9790622 1.9549456 1.7139992 1.8415958 1.7139992 1.6963767 1.8293600 2.5450844 2.3003570 2.5553671 2.4503056 2.6426391 2.4101418 2.6282642 2.9333743 2.6571867 2.5092162 2.2235713 2.6080624 2.4692399 2.6502689 3.4033004 2.6236608 2.1141420 1.5891100 2.1476458 1.9642550 
Bolinf_Binf_sb1271594                                           0.2278811 0.2879433 0.3035102 0.2967195 0.1528437 0.1528437 0.1528437 0.1477971 0.0525308 0.0413752 0.0000010 0.0000010 0.0000010 0.0000010 0.0000000 0.0000010 0.0275057 0.0588576 0.0683779 0.1480505 0.1427651 0.1501717 0.0287758 0.1338714 0.1338714 0.1338714 0.1338714 0.1543667 0.1621466 0.1621466 0.1621466 0.1621466 0.2115510 0.2752781 0.2752781 0.2752781 0.2752781 0.2752781 0.2752781 0.2752781 0.2752781 0.2929387 0.0781814 0.0781814 0.6031372 0.6031372 1.4274874 1.4392289 1.7951410 1.7951410 1.5017631 1.3296803 1.3419366 1.3311599 0.9909717 1.2713049 1.2595473 1.2863408 1.5585934 0.9298144 1.3057032 1.3515058 1.3095709 1.3127632 1.2001994 1.2884466 1.4001960 1.0952039 1.3171756 1.3728927 1.1396124 1.3986484 1.3986484 1.3986484 1.6543541 1.0940686 1.1134178 1.4419904 1.1458981 1.3419221 1.3814500 1.4368708 1.3051633 1.3239704 1.4065733 1.4226630 1.1312388 1.3864020 0.7882354 1.5255518 1.3442478 1.4017595 1.3314678 1.2831536 1.2351007 1.3915741 1.1233636 1.3521997 1.3058406 1.3011274 1.2943612 1.3392269 1.2508753 1.3772622 1.3722103 1.3586430 1.3609529 1.3202400 1.3202400 1.3626157 1.9530175 1.7055436 1.6974337 1.6532280 1.7153181 1.5947623 0.7047294 1.5841417 1.5646672 1.3372077 1.4628218 1.2169951 1.6555831 1.5621910 1.6807564 1.6372089 1.5800201 0.6979917 1.7795718 1.4579525 1.4990153 1.5239638 1.3009816 1.6042781 1.6049305 1.9225438 1.4429678 0.9760155 1.3992185 1.8131653 1.8172297 1.7919601 1.7620314 2.0984519 1.9768570 1.8847370 1.8847370 1.7332159 1.7275248 1.6847954 1.9818765 1.8293588 1.6323281 1.8593726 1.4978582 1.9745943 2.0194023 1.8196499 2.1319536 1.0877633 1.3578036 1.5123140 1.4962426 1.5985204 1.8890172 1.6135102 1.4062306 1.4932582 1.4845402 1.6920248 1.8172815 1.8172815 1.8172815 1.7413258 1.8194217 1.7137691 1.7137691 1.7137691 1.6765752 1.7886549 2.1240210 1.9335599 2.1766875 2.2050151 2.1766875 2.2720396 2.3382204 2.4810518 2.3399468 2.1273895 2.2352155 2.6092093 1.7810151 1.9988665 3.5566152 3.7720835 2.2106289 1.5956970 1.7982677 1.7131583 
Bolinf_Binf_sb1271595                                           0.2278811 0.2879433 0.3035102 0.2967195 0.1528437 0.1528437 0.1528437 0.1477971 0.0525308 0.0413752 0.0000010 0.0000010 0.0000010 0.0000010 0.0000010 0.0000000 0.0275057 0.0588576 0.0683779 0.1480505 0.1427651 0.1501717 0.0287758 0.1338714 0.1338714 0.1338714 0.1338714 0.1543667 0.1621466 0.1621466 0.1621466 0.1621466 0.2115510 0.2752781 0.2752781 0.2752781 0.2752781 0.2752781 0.2752781 0.2752781 0.2752781 0.2929387 0.0781814 0.0781814 0.6031372 0.6031372 1.4274874 1.4392289 1.7951410 1.7951410 1.5017631 1.3296803 1.3419366 1.3311599 0.9909717 1.2713049 1.2595473 1.2863408 1.5585934 0.9298144 1.3057032 1.3515058 1.3095709 1.3127632 1.2001994 1.2884466 1.4001960 1.0952039 1.3171756 1.3728927 1.1396124 1.3986484 1.3986484 1.3986484 1.6543541 1.0940686 1.1134178 1.4419904 1.1458981 1.3419221 1.3814500 1.4368708 1.3051633 1.3239704 1.4065733 1.4226630 1.1312388 1.3864020 0.7882354 1.5255518 1.3442478 1.4017595 1.3314678 1.2831536 1.2351007 1.3915741 1.1233636 1.3521997 1.3058406 1.3011274 1.2943612 1.3392269 1.2508753 1.3772622 1.3722103 1.3586430 1.3609529 1.3202400 1.3202400 1.3626157 1.9530175 1.7055436 1.6974337 1.6532280 1.7153181 1.5947623 0.7047294 1.5841417 1.5646672 1.3372077 1.4628218 1.2169951 1.6555831 1.5621910 1.6807564 1.6372089 1.5800201 0.6979917 1.7795718 1.4579525 1.4990153 1.5239638 1.3009816 1.6042781 1.6049305 1.9225438 1.4429678 0.9760155 1.3992185 1.8131653 1.8172297 1.7919601 1.7620314 2.0984519 1.9768570 1.8847370 1.8847370 1.7332159 1.7275248 1.6847954 1.9818765 1.8293588 1.6323281 1.8593726 1.4978582 1.9745943 2.0194023 1.8196499 2.1319536 1.0877633 1.3578036 1.5123140 1.4962426 1.5985204 1.8890172 1.6135102 1.4062306 1.4932582 1.4845402 1.6920248 1.8172815 1.8172815 1.8172815 1.7413258 1.8194217 1.7137691 1.7137691 1.7137691 1.6765752 1.7886549 2.1240210 1.9335599 2.1766875 2.2050151 2.1766875 2.2720396 2.3382204 2.4810518 2.3399468 2.1273895 2.2352155 2.6092093 1.7810151 1.9988665 3.5566152 3.7720835 2.2106289 1.5956970 1.7982677 1.7131583 
Mertsp_Mesp_sb536865                                            0.3698951 0.3381904 0.3700756 0.3321265 0.1425585 0.1425585 0.1425585 0.1425585 0.0918013 0.0981657 0.0958388 0.0958388 0.0958388 0.0958388 0.0275057 0.0275057 0.0000000 0.0000010 0.1540271 0.1540271 0.1540271 0.1540271 0.0275057 0.2586200 0.2586200 0.2586200 0.2586200 0.2139099 0.2348316 0.2348316 0.2348316 0.2348316 0.2131009 0.3512926 0.3512926 0.3512926 0.3512926 0.3245318 0.3245318 0.3245318 0.3245318 0.3452697 0.5322202 0.5322202 0.5024392 0.5024392 0.9832001 0.8160699 3.9318372 3.9318372 1.5055422 1.6442061 1.4447499 1.9402154 1.6953262 1.5046802 1.6230849 1.4701631 1.7322845 1.2254429 1.4315974 1.3169361 1.4406622 1.3918242 1.6123850 1.3676730 1.3687247 0.9854428 1.0547340 1.0359346 1.4420488 1.0324953 1.0324953 1.0324953 0.0000010 1.4211129 1.1676895 1.1153314 1.1620994 1.0890190 1.2290554 1.1597389 1.4488027 1.4000706 1.1230739 1.0753418 1.3005600 1.3005600 1.3005600 1.2656969 1.4402681 0.0000010 1.8087042 1.6279164 1.4167128 1.4365853 1.3169797 1.3467828 1.4276494 1.4164653 1.5869228 1.5562057 1.6394667 1.6022796 1.4671626 1.5371449 1.5371449 1.3301102 1.3400244 1.6163491 0.9028148 1.5186625 1.6470374 1.6470374 1.6470374 1.5214537 1.5547711 1.7286245 1.7231270 1.5860108 1.6863267 1.6863267 2.1964830 1.4727512 2.3354416 1.3938254 1.5057935 1.1648865 9.0000000 1.2833072 1.3815958 1.4876584 1.6675966 1.5759246 1.5763946 1.8358314 1.4942049 1.4800686 2.0334419 1.7970401 1.6611956 1.8536040 1.7541865 1.8434110 1.6984030 1.5991310 2.3832602 1.9468174 1.8394109 1.8863974 1.7927523 2.0249148 1.7677404 1.7976298 2.0001914 1.9720969 1.9710058 2.3254878 1.8879894 2.8679698 3.4029533 2.1890722 3.2851686 2.8246606 0.0000010 3.2735084 2.6736249 2.4869917 2.1114893 2.4192575 2.7420036 2.7420036 2.7308197 2.1413249 1.9040224 1.5168733 1.7181757 1.5168733 1.5168733 1.6806267 2.6664020 2.6035210 2.8821858 2.6849482 3.2113804 2.3061797 2.6457677 3.1538767 2.6582607 2.7759984 1.6097474 1.7578114 2.9544288 3.1403962 3.1408783 1.6985919 1.5837784 1.4918543 2.5605398 2.0244741 
Bolinf_Binf_sb1271582                                           0.3212251 0.4799813 0.5096255 0.4511448 0.2220230 0.2064520 0.2220230 0.2221400 0.1046723 0.0944707 0.0854624 0.0854624 0.0800808 0.0800808 0.0588576 0.0588576 0.0000010 0.0000000 0.0527714 0.2126651 0.2100180 0.1800979 0.1478404 0.2484746 0.2484746 0.2484746 0.2484746 0.2891454 0.2788734 0.2974343 0.2788734 0.2974343 0.2320601 0.4265376 0.4162169 0.4265376 0.4162169 0.4116561 0.4018820 0.4018820 0.4116561 0.4701776 0.5322202 0.5322202 0.7080029 0.7080029 1.4431345 1.4220437 2.0256008 2.0256008 2.1652526 1.8406400 1.7958482 1.7901441 1.6953262 1.6746789 1.5454192 1.6687535 1.8656972 1.1855482 1.6266370 1.4641178 1.4906616 1.6641707 1.5648209 1.6276066 1.6942573 1.0816312 1.5298857 1.4552489 1.3708102 1.5553548 1.5553548 1.5553548 2.2906131 1.3078649 1.1927259 1.4457710 1.2066459 1.5423177 1.6189280 1.5802626 1.6281776 1.6410328 1.6636519 1.6562915 1.3015019 1.7000523 1.2695714 1.7013225 1.6627651 1.8063286 1.7767986 1.7660440 1.6751939 1.6983785 1.4327867 1.7096271 1.7020570 1.6800217 1.7049542 1.7471007 1.5864756 1.7675442 1.7695428 1.7080294 1.7095753 1.6400154 1.4441950 1.7265106 2.3926968 2.0410458 2.1344489 2.1186430 2.1444057 1.8859944 1.5288993 2.0890764 2.0876535 1.8781257 1.9071356 1.6142858 2.2111732 1.8235380 2.1614514 1.6640132 1.8964808 1.0609437 2.2273063 2.0312798 1.6412074 1.7113298 1.5230800 2.0856348 2.0694783 2.2999890 1.5330130 1.3708165 2.0956106 2.2827380 2.2161731 2.2821013 2.1637302 2.6183855 2.1378039 2.0418876 2.2234478 2.3228623 2.2695112 2.3068154 2.3117061 2.3854422 2.2656086 2.3452071 2.2340252 2.2288795 2.3210250 2.4894630 2.3837006 2.6054928 2.4227153 2.3809135 2.6627168 2.3266009 2.5037704 2.8693018 2.2609583 2.3792418 1.8227848 2.4458645 2.6105160 2.6105160 2.5989057 2.4559326 2.2591902 1.9520343 2.0942855 1.9524606 2.0023642 1.9565923 2.5849042 2.3762903 2.6522205 2.5821846 2.7127044 2.4702902 2.9836599 2.9516223 2.9754760 2.9731590 2.3423951 2.9523914 2.7866661 2.7898239 3.9741377 3.0608106 2.7917836 2.4049013 2.6534427 2.1722102 
Bolinf_Binf_sb1271579                                           0.3134764 0.4886752 0.5151384 0.4675410 0.2331430 0.2184777 0.2331430 0.2332682 0.1216858 0.1227620 0.1315134 0.1315134 0.1073220 0.1073220 0.0683779 0.0683779 0.1540271 0.0527714 0.0000000 0.1434725 0.1410078 0.0846231 0.1608070 0.2728863 0.2728863 0.2728863 0.2728863 0.2844370 0.2839282 0.3023749 0.2839282 0.3023749 0.2471580 0.4387411 0.4283143 0.4387411 0.4283143 0.4297383 0.4198336 0.4198336 0.4297383 0.4688792 0.5801924 0.5801924 0.7335619 0.7335619 1.4201358 1.4162199 2.0252519 2.0252519 2.1652526 1.8291004 1.8045276 1.8048806 1.6854218 1.6679579 1.5046822 1.6709240 1.8541936 1.1373337 1.6073838 1.4754299 1.5263987 1.6705711 1.4924583 1.6058591 1.6650963 1.0013255 1.5104975 1.4236172 1.2437018 1.5421476 1.5421476 1.5421476 2.2906131 1.2472023 1.1631557 1.4457710 1.1458856 1.5386608 1.5996979 1.5457974 1.5837248 1.5605351 1.6396211 1.6751469 1.1948395 1.6336241 1.1424742 1.6670971 1.6222761 1.8063286 1.7890228 1.6867080 1.6537587 1.7202191 1.4050738 1.7363690 1.7387734 1.6925680 1.6866685 1.6820362 1.5924762 1.7214092 1.7320631 1.6484916 1.6499564 1.5962238 1.4062333 1.6836376 2.3926968 2.0244503 2.1349355 2.1191952 2.1448570 1.9186591 1.5183585 2.1076062 2.1065912 1.8849556 1.9221051 1.6324852 2.2285767 1.8562226 2.1422739 1.6640132 1.9450028 1.1314208 2.2370008 2.0050914 1.6779930 1.6871693 1.5948274 2.0693789 2.0533467 2.2188557 1.5741884 1.3497250 2.0540644 2.2666658 2.2527211 2.2574730 2.2416685 2.5859094 2.1237543 2.0099900 2.2064649 2.3916202 2.3125324 2.2945963 2.3297137 2.4725849 2.2555461 2.3162833 2.2448512 2.2865857 2.4094364 2.5104867 2.4296170 2.5903993 2.4482658 2.3842767 2.6455648 2.3425140 2.5037704 2.8523366 2.2844643 2.3904986 1.9272405 2.4567293 2.5836768 2.5836768 2.5721769 2.4852227 2.2459648 1.9392005 2.0705163 1.9396208 1.9826940 1.9618788 2.6121891 2.3554637 2.6427715 2.5988561 2.7367071 2.5191058 3.0335352 3.0306569 3.0221936 3.0052134 2.4062942 3.0103753 2.7774274 2.8492799 3.8992521 2.9855600 2.7900744 2.4049013 2.6447082 2.1452839 
