97
Helnan_EP00037_Helgoeca_nana_P023991                              0.0000000 0.3123801 0.6846850 0.7346973 0.8909999 1.1358257 1.4493374 1.3529144 1.3473238 1.3231704 1.5312190 1.5387684 1.2353771 1.0655555 1.2665055 1.2575109 1.2177219 1.4626644 1.1323223 1.2069622 1.3259713 0.8269045 1.0263290 1.0563348 0.8460790 1.0213170 1.4054821 1.4054821 1.3668260 1.3169730 1.1000300 1.0892866 0.9714606 1.1274990 1.1674237 1.4146231 0.9900013 0.8938247 1.2025252 1.1059387 0.8441133 1.2868680 1.4907025 1.3839084 1.3877902 0.9196218 1.3059872 1.3200435 1.3478136 1.3478136 1.2935063 1.2935063 1.2684282 1.2481717 1.2481717 1.2414209 1.1302303 1.1302303 1.1127827 1.2462969 1.2760415 1.1632449 1.2400093 1.1556436 1.1266006 1.3616075 1.0424632 1.0832774 1.2429042 1.0281818 1.0454574 1.3211217 1.1650237 1.4917761 1.1540377 1.0948925 1.1043869 1.2386238 1.3059122 1.1731237 1.1077852 1.0894624 1.3563892 1.2454863 1.2440049 1.0942719 1.3931015 1.4942902 1.3779892 1.1342144 1.1227879 1.3827985 1.6008457 2.9683431 1.7331159 2.5787365 5.9112389 
Acaspe_EP00035_Acanthoeca_spectabilis_P027022                     0.3123801 0.0000000 0.7713661 0.8390824 0.9334020 1.3007196 1.5904365 1.4316211 1.4013518 1.4066439 1.5820860 1.5899629 1.2717683 1.0643251 1.1987654 1.1606341 1.1931073 1.4077333 1.0336090 1.2141643 1.3120131 1.0348473 1.0184356 1.1055224 0.9320801 1.1100273 1.3500365 1.3500365 1.3206987 1.2031161 1.1884629 1.1455963 0.9782801 1.1718184 1.2359235 1.4773287 1.1463772 0.8915260 1.2127263 1.1095802 0.8549989 1.1420289 1.5018117 1.3631415 1.3594754 0.9562374 1.3419807 1.3468181 1.3263946 1.3263946 1.2792435 1.2792435 1.3453637 1.2481344 1.2481344 1.2198020 1.1388813 1.1388813 1.1421211 1.2519488 1.2665445 1.1191247 1.2217556 1.1531307 1.1984812 1.3915307 0.9658122 1.1280278 1.2100261 1.0479415 1.0390127 1.2942298 1.2744468 1.5228360 1.1470249 1.1373766 1.1346666 1.3193839 1.3774400 1.2100171 1.1738220 1.1110855 1.3673381 1.2410917 1.3461981 1.0775524 1.4287050 1.5474973 1.2928717 1.2495501 1.1437970 1.4622817 1.3247240 3.1243813 1.6009841 2.6455876 5.6662528 
Diagra_EP00040_Diaphanoeca_grandis_P018968                        0.6846850 0.7713661 0.0000000 0.7276340 0.7588173 1.0449524 1.2990774 1.1847629 1.1691083 1.2233388 1.2267242 1.2334304 0.9939746 0.8832403 1.0012854 1.0483020 1.0034412 1.2151361 0.8545053 1.0397675 1.0560751 0.9360908 0.8432287 0.9842988 0.6525265 0.9200246 1.0703461 1.0703461 1.0910095 1.0832848 0.9924635 0.9833385 1.0782642 1.0994683 0.9477624 1.2210717 1.0985462 1.0022607 1.2096882 1.0982889 0.9331561 0.9601569 1.2773132 1.3005780 1.2698304 0.7779951 1.1890030 1.1299152 1.1557614 1.1557614 1.1739058 1.1739058 1.1543052 1.2039524 1.2039524 1.2251092 1.0781056 1.0781056 1.0709013 1.2120104 1.2169317 1.0989615 1.2206648 1.1125874 1.0392435 1.2420179 1.0047771 1.0819293 1.0901544 0.8879338 1.0404313 1.1929180 1.0400257 1.4369148 1.0615405 0.9757852 1.0727760 1.1308134 1.1844752 1.1126669 1.1313237 1.0961357 1.1872945 1.0913040 1.3691966 1.0898145 1.3523433 1.3733484 1.1794775 1.1747169 0.9797199 1.4442500 1.0591771 2.9540529 1.4790796 2.5676609 5.0083372 
Stedip_EP00041_Stephanoeca_diplocostata_P030050                   0.7346973 0.8390824 0.7276340 0.0000000 0.9184183 1.0623835 1.3026201 1.3433641 1.3860075 1.3842938 1.5540766 1.5608399 1.1615556 1.0180137 1.1498666 1.1352666 1.0829874 1.2538788 0.9298238 1.1411971 1.2206732 0.9440655 1.0676864 1.0441925 0.8039040 1.0960772 1.3395437 1.3395437 1.3837033 1.3534145 1.1750326 1.1975984 1.2805783 1.2174109 1.2172380 1.5224683 1.0034812 0.9682523 1.2937557 1.1788493 0.9235414 1.0730125 1.2916514 1.3236229 1.3122556 0.8918984 1.3918858 1.3098751 1.3075678 1.3075678 1.4164535 1.4164535 1.3360886 1.3144402 1.3144402 1.4731130 1.1026433 1.1026433 1.1039109 1.3343974 1.3914053 1.1014119 1.2701742 1.1813947 1.2664399 1.3962007 1.0046146 1.0757438 1.1012156 1.0873723 1.0465666 1.3004538 1.2856772 1.6361120 1.3191224 1.2622600 1.2703014 1.3666919 1.3014451 1.1285324 1.2012229 1.1093321 1.3958425 1.3465029 1.4008366 1.3088296 1.5207965 1.3480932 1.3267052 1.2314426 1.1582366 1.2912739 1.2746827 2.7020021 1.2866093 2.2240641 5.8411573 
Didcos_EP00039_Didymoeca_costata_P030398                          0.8909999 0.9334020 0.7588173 0.9184183 0.0000000 1.1305254 1.3641378 1.3201747 1.2438291 1.2748359 1.3396986 1.3469376 1.0074745 0.9401675 0.9811814 1.0047910 1.0120168 1.2917592 1.0209565 1.0053528 1.0480950 0.8942901 1.0040112 0.9951528 0.8657958 0.9761899 1.2848428 1.2848428 1.2480008 1.2009876 1.1553376 1.1041410 1.1511885 1.1527795 1.1745545 1.4073994 1.0195822 1.2038520 1.4661354 1.3288711 1.1074925 1.1522658 1.6201615 1.5297338 1.4831368 1.0352222 1.5378836 1.5263386 1.5734703 1.5734703 1.5938599 1.5938599 1.5367901 1.5285518 1.5285518 1.5339701 1.3442647 1.3442647 1.3030354 1.5208007 1.5201782 1.2631564 1.2086532 1.2027384 1.1188631 1.2334588 0.9930295 1.0510108 0.9792874 1.1474172 1.0187559 1.2669854 1.1051928 1.3545211 1.0299266 1.0628068 1.0372779 1.1831549 1.2389724 1.2032714 1.1766534 1.0611984 1.3803994 1.2690345 1.4246595 1.1675045 1.4484655 1.4102561 1.2663807 1.3483360 1.0897258 1.3215655 1.2374173 2.9808563 1.4398826 1.9179036 5.3086235 
Tadh_TriadT3141                                                   1.1358257 1.3007196 1.0449524 1.0623835 1.1305254 0.0000000 0.0134493 0.2680541 0.3217566 0.3421902 0.3218087 0.3205420 0.7601434 0.9830194 0.7611575 0.7725541 0.7732846 0.8657111 0.8468702 1.0760250 0.7663056 0.9890304 0.6625084 0.6969359 0.7757637 0.8332164 1.0829134 1.0829134 1.0750342 0.9983348 0.9302438 0.9524749 1.1605195 0.8901016 0.9842868 1.2056958 0.9621957 1.2711141 1.5828973 1.4650352 1.1495007 1.3423898 1.8075711 1.4081050 1.3839143 0.8786355 1.1639420 1.2500595 1.6656691 1.6656691 1.3992859 1.3992859 1.3899738 1.2795743 1.2795743 0.7125591 1.3585189 1.3585189 1.2720984 1.2605101 1.2519263 1.4124443 0.9597366 0.8835660 1.0676191 1.0295661 0.7584319 0.6340748 0.9671132 1.0220621 1.0407693 1.0812304 0.9370143 1.6834692 1.2009752 1.1295284 1.2450311 1.1159333 0.9928266 0.9737506 1.1638278 0.9943559 1.1506189 0.9892773 0.8319450 1.1580708 1.2388271 1.3435734 1.1421473 1.2199245 1.1017238 0.6522348 1.1408656 2.5705883 1.6410798 1.0486027 5.1807683 
TrH2_TrispH2_000296-RA                                            1.4493374 1.5904365 1.2990774 1.3026201 1.3641378 0.0134493 0.0000000 0.3269714 0.3747969 0.4026257 0.4064096 0.4100602 0.9750885 0.9512616 0.9479618 0.9867072 0.9503185 1.1131675 0.9338822 1.0264441 0.9963685 1.1655779 0.8129966 0.8869678 0.7863324 1.0021944 1.2775180 1.2775180 1.3124995 1.1865782 1.2027117 1.1650000 1.4154723 1.0628535 1.1909697 1.3127483 1.2361708 1.2473250 1.7022751 1.5723433 1.1708104 1.3423898 1.9249962 1.5348644 1.5400412 0.8987465 1.3525866 1.4190853 1.7558745 1.7558745 1.5051603 1.5051603 1.5437798 1.4395402 1.4395402 0.9410035 1.4950363 1.4950363 1.3876324 1.4299811 1.3952309 1.3864368 1.2245273 1.0623857 1.2630287 1.3850397 0.9413517 0.8977771 1.1680969 1.2009276 1.1170045 1.3371824 1.2388742 1.8187693 1.4303143 1.3145323 1.4391589 1.2621624 1.1944923 1.1788989 1.2169801 1.1963514 1.4024277 1.1648310 1.2010921 1.3869851 1.4483627 1.4660875 1.3441569 1.5146829 1.2681035 1.2372137 1.4493778 2.9997717 1.6410798 1.7631257 5.9708263 
HoiH11_mRNA143                                                    1.3529144 1.4316211 1.1847629 1.3433641 1.3201747 0.2680541 0.3269714 0.0000000 0.2338541 0.2406410 0.2431229 0.2467149 0.7855453 0.8676435 0.8846885 0.9259506 0.9508854 0.9905688 0.8558107 0.9375914 0.9358945 1.0454821 0.7460720 0.8112716 0.7349122 0.9493581 1.1768015 1.1768015 1.1579477 1.0213762 1.0181668 1.0609492 1.1949172 0.9540885 1.1347475 1.3107199 1.1091625 1.3865857 1.7124845 1.5526253 1.1933783 1.2919493 1.9954836 1.4971564 1.5053096 0.8867068 1.3273160 1.3360103 1.7573352 1.7573352 1.3963512 1.3963512 1.5868860 1.4114941 1.4114941 0.7625695 1.5886382 1.5886382 1.4631036 1.4142120 1.3860608 1.5383303 1.0981579 1.0052133 1.0916275 1.1755609 0.9599031 0.8711829 1.0996700 1.0319561 1.0399487 1.1223173 1.0490386 1.7331688 1.2656081 1.1370169 1.2946482 1.1345891 1.1032458 0.9618166 1.3007063 1.1917645 1.2830673 1.1223942 1.0865546 1.2122488 1.2607844 1.3859269 1.2437031 1.2691552 1.1397902 1.0009038 1.3905237 2.9390880 1.8715652 1.5697643 5.3267271 
HoiH23_PlH23_000351-RA                                            1.3473238 1.4013518 1.1691083 1.3860075 1.2438291 0.3217566 0.3747969 0.2338541 0.0000000 0.0652142 0.1507193 0.1428042 0.8693987 0.9181147 0.8658830 0.8912162 0.9172350 1.0515585 0.8764515 1.0307361 0.9179901 1.0596826 0.7755371 0.8369031 0.6639390 0.9506692 1.1622060 1.1622060 1.1278614 1.0296056 1.1764686 1.0511541 1.1603378 0.8853611 1.1410255 1.3244914 1.0625395 1.2757153 1.6448815 1.4970740 1.1403038 1.2900951 1.9775333 1.5400618 1.5586388 0.8723512 1.4282084 1.4403232 1.6767436 1.6767436 1.4599666 1.4599666 1.5618652 1.5496801 1.5496801 1.0199878 1.6398871 1.6398871 1.5248720 1.5614251 1.4305570 1.5346777 1.1718179 1.0282519 1.0175584 1.1240197 0.8877989 0.8704990 1.0247493 1.1098417 1.0624870 1.2205444 1.1080612 1.5579293 1.1621153 1.0460213 1.2851424 1.2741168 1.2474067 1.1080885 1.2117475 1.1370622 1.3133644 1.0112168 1.1441172 1.2502597 1.4025113 1.3409900 1.3186416 1.3402621 1.0967377 1.1548106 1.2428910 3.1501656 1.5217566 1.3282124 5.1874028 
HoiH06_mRNA2023                                                   1.3231704 1.4066439 1.2233388 1.3842938 1.2748359 0.3421902 0.4026257 0.2406410 0.0652142 0.0000000 0.1630180 0.1547256 0.8470574 0.8901090 0.9043188 0.9327844 0.9740698 1.0685398 0.9162168 1.0216391 0.9716400 1.0721850 0.8087307 0.8004675 0.6705863 1.0037111 1.1364836 1.1364836 1.0658816 1.0444488 1.1463578 1.0628885 1.2391512 0.9745306 1.1495909 1.3242718 1.1101246 1.3103490 1.6299331 1.4846624 1.1519992 1.2014448 1.9203910 1.5103746 1.5544764 0.9159694 1.4402279 1.4275534 1.6240793 1.6240793 1.4173153 1.4173153 1.5777047 1.5191246 1.5191246 1.0079495 1.6029496 1.6029496 1.4893113 1.5306749 1.4351373 1.5453388 1.1810164 1.0608309 1.0200171 1.1108784 0.9065140 0.8780298 1.0068224 1.1184612 1.0256731 1.1951669 1.0825422 1.5102262 1.1215030 1.0488393 1.2493374 1.2687455 1.1956374 1.1197772 1.2118639 1.1474741 1.2835701 1.0916669 1.1416638 1.2451491 1.4428830 1.3246710 1.2958928 1.4234374 1.0900122 1.1648974 1.4187709 3.1101550 1.5734509 1.3693461 5.0275484 
HoiH04_mRNA1212                                                   1.5312190 1.5820860 1.2267242 1.5540766 1.3396986 0.3218087 0.4064096 0.2431229 0.1507193 0.1630180 0.0000000 0.0053544 0.8895786 0.8291433 0.9662401 1.0117851 1.0239986 1.2118973 1.0578955 0.9543438 1.0071157 1.1461430 0.8956763 0.8783725 0.7181474 0.9385175 1.2711387 1.2711387 1.1601518 1.1197721 1.2124316 1.1465262 1.3191931 1.1187164 1.1892314 1.3431492 1.0972393 1.3712073 1.6925035 1.5369328 1.1731395 1.2904378 1.9257326 1.5632686 1.5789785 0.9399920 1.4966967 1.4770050 1.6490541 1.6490541 1.5019682 1.5019682 1.4805450 1.5660729 1.5660729 0.9861295 1.6905505 1.6905505 1.5621458 1.5719440 1.4752508 1.5407427 1.1935168 1.0681086 1.0954129 1.1697029 0.9687275 0.9349776 1.1376694 1.2572740 1.0688970 1.2571556 1.1457422 1.5920766 1.2362535 1.1365747 1.3169050 1.2984357 1.2452344 1.1930945 1.2757222 1.2120645 1.3125584 1.0572495 1.2433476 1.2701655 1.4662974 1.3960553 1.4331269 1.4378782 1.2304755 1.1979405 1.6503931 3.1022828 1.6416048 1.5413160 5.2778413 
Hhon_g06002.t1                                                    1.5387684 1.5899629 1.2334304 1.5608399 1.3469376 0.3205420 0.4100602 0.2467149 0.1428042 0.1547256 0.0053544 0.0000000 0.8936619 0.8291433 0.9602613 1.0046178 1.0242597 1.2046569 1.0632978 0.9543438 1.0120744 1.1517254 0.8999155 0.8756521 0.7250948 0.9420251 1.2731894 1.2731894 1.1618561 1.1207407 1.2336216 1.1427844 1.3214030 1.1206348 1.1870968 1.3392303 1.1029331 1.3712073 1.7121148 1.5537607 1.1731395 1.2904378 1.9499232 1.5687521 1.5846521 0.9399920 1.5018699 1.4819916 1.6691830 1.6691830 1.5070855 1.5070855 1.5050492 1.5767309 1.5767309 0.9813517 1.7091082 1.7091082 1.5775300 1.5826431 1.4826603 1.5407427 1.1990655 1.0686026 1.1000773 1.1718374 0.9646645 0.9289699 1.1393057 1.2621807 1.0738503 1.2790935 1.1513793 1.6039848 1.2437011 1.1465049 1.3468245 1.3062802 1.2401393 1.1989733 1.2874988 1.2187120 1.3246247 1.0623719 1.2447944 1.2748689 1.4780790 1.4218645 1.4397712 1.4462390 1.2357492 1.1767849 1.6669728 3.0869711 1.6984976 1.5156847 5.3139393 
Exapal_XM_021040065.2                                             1.2353771 1.2717683 0.9939746 1.1615556 1.0074745 0.7601434 0.9750885 0.7855453 0.8693987 0.8470574 0.8895786 0.8936619 0.0000000 0.4977073 0.6112622 0.5994810 0.6283225 0.8542723 0.6403240 0.6784211 0.5415268 0.9929676 0.6818825 0.8489163 0.7889216 0.8416543 1.0082156 1.0082156 1.0147691 0.8496973 0.8846278 0.9004090 1.1901619 1.0199375 0.9835067 1.1429539 0.8528536 1.2238502 1.4043640 1.3168944 1.0932027 1.1709873 1.6157476 1.4434448 1.4545405 1.0324628 1.2810927 1.3148187 1.3417208 1.3417208 1.3025315 1.3025315 1.2757637 1.2990089 1.2990089 1.0482589 1.3027822 1.3027822 1.2209250 1.2851408 1.3534633 1.4397610 1.0731100 1.0252744 1.0050174 1.2598260 0.9413315 0.9808872 1.1638594 0.9915852 0.9885131 0.9280771 0.9155263 1.4333691 1.0432531 1.0659438 1.0160158 1.1171132 1.0501946 1.0510324 1.2044502 1.0904459 1.1971532 1.1542447 1.0726007 1.0316892 1.1076632 1.2117724 1.2798710 1.0745996 0.9557869 1.2657704 0.7931533 2.5112378 1.1955730 1.1365353 5.6295208 
Gfas_gfas1.m1.19433.m1                                            1.0655555 1.0643251 0.8832403 1.0180137 0.9401675 0.9830194 0.9512616 0.8676435 0.9181147 0.8901090 0.8291433 0.8291433 0.4977073 0.0000000 0.2537295 0.2331286 0.2486639 0.2451447 0.3033951 0.3474585 0.5519658 0.9852218 0.5568301 0.6243263 0.8041838 0.7482951 0.8111383 0.8111383 0.7990600 0.7244443 0.8584603 0.7083242 0.8776599 0.9152908 0.8959962 0.9194759 0.9571823 1.4466429 1.4466429 1.2536113 1.4144218 1.2051154 1.4631721 1.3849670 1.3625626 1.3606099 1.3956497 1.4023217 1.2149454 1.2149454 1.3151882 1.3151882 1.1619955 1.4715685 1.4715685 1.5061858 1.2858787 1.2858787 1.4715685 1.5030244 1.5295599 1.2467275 1.1472164 1.0508036 0.8803873 1.0205027 0.8169094 0.8191400 1.1933143 0.7954974 0.8994761 0.8619554 0.7415635 1.0691994 1.0691994 1.0750844 1.0299679 0.9346740 0.9346740 0.8976658 0.9298562 1.0117449 1.3339011 1.2045735 1.1719087 0.9088912 0.8780340 1.1066919 1.1686940 1.1839855 1.1187138 1.3223254 0.0000010 4.9899004 0.0000010 0.5362000 7.6275910 
Fspp_ffun1.m4.8773.m1                                             1.2665055 1.1987654 1.0012854 1.1498666 0.9811814 0.7611575 0.9479618 0.8846885 0.8658830 0.9043188 0.9662401 0.9602613 0.6112622 0.2537295 0.0000000 0.1079061 0.1810650 0.3783308 0.2617188 0.3674791 0.5881885 0.9033669 0.6695657 0.7898929 0.6730733 0.8544079 0.9446718 0.9446718 1.0032314 0.8759771 0.9986610 0.8015013 1.0939603 0.9824310 0.9965402 1.2494187 1.0605766 1.1669329 1.2951270 1.2208976 1.0733016 1.0167123 1.4120144 1.3085027 1.2974807 0.9056870 1.2780399 1.2919524 1.3287066 1.3287066 1.3290726 1.3290726 1.3156128 1.1594384 1.1594384 1.1355983 1.0947646 1.0947646 1.0252028 1.1784063 1.2565237 1.2942058 1.1053360 1.0044985 0.9266845 1.0677417 0.9142640 0.9408269 1.0930255 0.9202752 1.0060336 1.0569416 0.9389360 1.4448195 1.1049407 1.1851575 1.1107987 1.2580555 1.2026037 1.0653271 1.1822923 1.1511654 1.2420886 1.0787760 1.2538604 1.0541589 1.3018982 1.2808293 1.2260378 1.2882024 0.9910639 1.2784877 0.2392346 2.7874602 0.7258797 0.4009996 5.1027493 
Gasp_gasp1.m3.8379.m1                                             1.2575109 1.1606341 1.0483020 1.1352666 1.0047910 0.7725541 0.9867072 0.9259506 0.8912162 0.9327844 1.0117851 1.0046178 0.5994810 0.2331286 0.1079061 0.0000000 0.1756475 0.4211355 0.2594470 0.3896780 0.5986025 0.9252400 0.6909176 0.8197654 0.6986300 0.9036179 0.9162252 0.9162252 1.0013540 0.8784647 0.9842177 0.8030305 1.1018176 1.0259185 0.9712560 1.2655090 1.1464832 1.2238460 1.3965709 1.2991373 1.0855886 1.0579661 1.5228540 1.3404672 1.3258939 0.8839523 1.2691870 1.2844954 1.3755697 1.3755697 1.3171477 1.3171477 1.3825517 1.1551535 1.1551535 1.0419282 1.1213636 1.1213636 1.0360340 1.1716933 1.2065735 1.2929409 1.1090760 0.9661430 0.9230689 1.0978315 0.9163284 0.9212875 1.1089628 1.0044680 1.0205859 1.0272748 0.9301271 1.4992506 1.1812243 1.2053664 1.1186174 1.2305070 1.1574029 1.0505276 1.1491399 1.0853387 1.2276127 1.1454317 1.1915180 1.0481161 1.2580570 1.2648644 1.2137948 1.2778064 1.0364087 1.2654096 0.2450565 2.5559137 0.5624247 0.3548010 5.1745946 
Spis_XP_022780566_1                                               1.2177219 1.1931073 1.0034412 1.0829874 1.0120168 0.7732846 0.9503185 0.9508854 0.9172350 0.9740698 1.0239986 1.0242597 0.6283225 0.2486639 0.1810650 0.1756475 0.0000000 0.4468390 0.2977853 0.3928966 0.6279474 0.9183086 0.6949051 0.7973226 0.6969194 0.9179831 0.9486679 0.9486679 1.0333775 0.9450632 0.9750500 0.8318129 1.0928668 1.0847236 1.0026190 1.2575518 1.1004868 1.1421524 1.3508056 1.2573890 1.0507699 0.8982168 1.4425348 1.2456947 1.2490458 0.8641944 1.1745592 1.1576455 1.2914412 1.2914412 1.2417053 1.2417053 1.2129485 1.1567075 1.1567075 1.1546476 1.0805332 1.0805332 1.0103883 1.1884305 1.2383295 1.2066199 1.0876319 0.9463202 0.9343283 1.1463881 0.8774108 0.8217518 1.0881318 0.9717475 1.0008195 1.0643357 0.9605652 1.4586752 1.1489203 1.1690706 1.1290389 1.3066946 1.2382990 1.0155912 1.1574806 1.0315595 1.1889578 1.1316217 1.2572685 1.0939969 1.3230972 1.2844602 1.2562680 1.2379220 1.0341291 1.1893311 0.3475696 2.4530648 0.7463014 0.2237971 5.5709146 
Adig_XM_015891926.1                                               1.4626644 1.4077333 1.2151361 1.2538788 1.2917592 0.8657111 1.1131675 0.9905688 1.0515585 1.0685398 1.2118973 1.2046569 0.8542723 0.2451447 0.3783308 0.4211355 0.4468390 0.0000000 0.0249475 0.1347554 0.8462042 1.1534517 0.9334285 1.0561812 0.8229152 1.1447119 1.2512685 1.2512685 1.2754000 1.1624712 1.2691363 1.0577261 1.3672418 1.2464346 1.2207003 1.5251323 1.3070169 1.2915425 1.4998856 1.3869671 1.2958723 0.9766173 1.5168297 1.4157091 1.4286450 1.0170331 1.3467211 1.3188973 1.3312971 1.3312971 1.3771452 1.3771452 1.4064106 1.3556545 1.3556545 1.3176553 1.2508707 1.2508707 1.2714320 1.3759455 1.3213776 1.3584078 1.3361492 1.2392381 1.0968866 1.3498300 1.1718550 1.2183857 1.3086781 1.1130656 1.0522622 1.2129888 1.2313158 1.8258467 1.4151628 1.4937583 1.3848137 1.3653463 1.3900006 1.2053136 1.3129289 1.3893606 1.4719352 1.3734891 1.5269726 1.3212878 1.4653973 1.3440677 1.4237924 1.3911116 1.3269321 1.5883154 0.4951196 3.5351375 1.0161323 1.2007185 4.8936673 
Amil_Amillepora22822-RA                                           1.1323223 1.0336090 0.8545053 0.9298238 1.0209565 0.8468702 0.9338822 0.8558107 0.8764515 0.9162168 1.0578955 1.0632978 0.6403240 0.3033951 0.2617188 0.2594470 0.2977853 0.0249475 0.0000000 0.0797040 0.6500064 0.9418792 0.7369578 0.8295342 0.7989004 0.9969460 1.0604466 1.0604466 1.1049993 0.9937546 1.0113384 0.8559208 1.0980417 0.9618579 0.9724847 1.0553920 1.0830790 1.3962468 1.5777875 1.4528214 1.1594798 1.0375472 1.5903136 1.3318529 1.3552872 0.8985928 1.2034906 1.1955477 1.3911071 1.3911071 1.2449601 1.2449601 1.5091905 1.2461967 1.2461967 0.6336043 1.2988876 1.2988876 1.2461967 1.2763073 1.2883815 1.4378361 1.1394544 1.0239647 0.9978179 1.1532956 0.8467549 0.6576653 1.0048631 0.9108494 0.8758409 0.9905741 0.9363694 1.6462193 1.2033919 1.2601072 1.1469339 1.0564002 0.9224573 0.9750477 1.0758519 1.0084421 1.1607970 1.1888113 1.0275371 1.0598735 1.0808786 1.2102924 1.1979742 1.2628879 1.1488165 0.3556584 0.4505325 2.6502309 0.9940683 0.5452295 4.9368412 
Adig_XM_015894263.1                                               1.2069622 1.2141643 1.0397675 1.1411971 1.0053528 1.0760250 1.0264441 0.9375914 1.0307361 1.0216391 0.9543438 0.9543438 0.6784211 0.3474585 0.3674791 0.3896780 0.3928966 0.1347554 0.0797040 0.0000000 0.7328764 1.0477301 0.6706788 0.8480872 0.8795802 0.8218508 1.0614194 1.0614194 1.0590322 0.9296476 1.2243885 0.7606774 1.0007973 1.0327720 1.1689020 1.2547496 1.1144572 1.3851696 1.5350735 1.5350735 1.3201701 0.9938259 1.4938532 1.3634365 1.3918521 1.0778184 1.3231703 1.3243612 1.3860583 1.3860583 1.3561711 1.3561711 1.4456069 1.3557823 1.3557823 1.1042132 1.4575158 1.4575158 1.2819359 1.3838086 1.4870613 1.3638342 1.0484898 1.0433031 1.1617216 1.1771819 0.9788653 0.9452524 1.3733004 0.9062807 0.8172158 0.9301149 0.9138142 1.3379600 1.3351892 1.3712509 1.1209871 1.1435016 1.0552916 1.0497453 1.2273202 1.0798167 1.1844757 1.2691059 1.2360783 1.0587818 1.0782664 1.2436392 1.2908509 1.1778119 1.3012947 1.1018560 9.0000000 1.7065842 9.0000000 2.7223374 8.9999990 
Nvec_v1g246101                                                    1.3259713 1.3120131 1.0560751 1.2206732 1.0480950 0.7663056 0.9963685 0.9358945 0.9179901 0.9716400 1.0071157 1.0120744 0.5415268 0.5519658 0.5881885 0.5986025 0.6279474 0.8462042 0.6500064 0.7328764 0.0000000 0.8819670 0.7322701 0.8267354 0.7095176 0.8032187 0.9555646 0.9555646 0.9228882 0.7900603 0.9750605 0.8902746 1.0990652 1.0559187 0.9014598 1.1682673 0.8981087 1.2705304 1.4521256 1.3718892 1.1149791 1.4202266 1.6875881 1.4435556 1.4397802 1.0116720 1.3189521 1.3021827 1.3718811 1.3718811 1.3312347 1.3312347 1.4555213 1.3002282 1.3002282 1.1885959 1.2546362 1.2546362 1.1640392 1.2939766 1.2169623 1.3127306 1.2555824 1.1593480 1.0125780 1.2108081 0.9149608 0.8766753 1.1292270 1.0898811 1.0086772 0.9383420 0.9410779 1.4570147 1.1163804 1.0573016 1.0199158 1.0282714 1.0191977 1.0303051 1.1700829 1.0852945 1.1227601 1.1537261 1.1728645 1.0608003 1.1044982 1.1097813 1.2037381 1.2192298 0.9749731 1.0357109 0.7027861 2.7387237 1.4176526 1.1795637 5.8620814 
Salkve_EP00050_Salpingoeca_kvevrii_P008316                        0.8269045 1.0348473 0.9360908 0.9440655 0.8942901 0.9890304 1.1655779 1.0454821 1.0596826 1.0721850 1.1461430 1.1517254 0.9929676 0.9852218 0.9033669 0.9252400 0.9183086 1.1534517 0.9418792 1.0477301 0.8819670 0.0000000 0.7466398 0.7410390 0.5986414 0.8623124 1.0448291 1.0448291 1.0848629 1.0020999 0.8858879 0.9250471 0.7479613 0.8325839 0.7929077 1.0131921 0.8730731 1.0081302 1.1890986 1.0954259 0.9189895 1.0772811 1.3233814 1.2220788 1.2573255 0.7191076 1.1497326 1.1480325 1.2213968 1.2213968 1.1776378 1.1776378 1.3110814 1.2480513 1.2480513 1.1551751 1.1784500 1.1784500 1.1378517 1.2866022 1.2547221 1.0778962 1.0468119 0.9969912 0.8970259 1.1367729 0.9485565 0.9732902 1.0048630 0.9048206 1.0563871 1.0859541 0.9389253 1.2903724 0.8900860 0.8723632 0.7761943 1.2344812 1.3143740 1.0472622 0.9750214 0.8074568 0.9883147 1.1612323 0.8758209 0.8373145 1.1336735 1.3518596 1.2443799 1.0354323 0.9204279 1.4297323 1.0988655 2.3098668 1.6294011 1.3386281 4.7826702 
Bralan_BLAG01001491_1                                             1.0263290 1.0184356 0.8432287 1.0676864 1.0040112 0.6625084 0.8129966 0.7460720 0.7755371 0.8087307 0.8956763 0.8999155 0.6818825 0.5568301 0.6695657 0.6909176 0.6949051 0.9334285 0.7369578 0.6706788 0.7322701 0.7466398 0.0000000 0.5617320 0.6040214 0.6497739 0.9242673 0.9242673 0.9626786 0.8502554 0.7523959 0.6800402 0.9101101 0.8101782 0.7613907 0.8758240 0.9117536 1.0319220 1.2549115 1.1428887 0.9078419 1.1491689 1.5990999 1.4493492 1.4348905 0.9441591 1.3986527 1.3327764 1.4220880 1.4220880 1.3715386 1.3715386 1.3628033 1.3042232 1.3042232 1.2565836 1.2059253 1.2059253 1.1286166 1.3473059 1.3409861 1.3242044 0.8326703 0.8343875 0.8902054 0.9686361 0.7434557 0.7462546 1.0356093 0.8714008 0.8981111 1.0050238 0.9018945 1.2454800 0.9588581 0.9024553 0.9063695 1.0131209 1.0061940 0.8886757 0.9860088 0.9179632 1.1251623 0.8965972 1.0474060 0.9577309 1.1529275 1.1274706 1.1016835 1.0645080 0.7431262 1.0046824 1.0359243 2.5056964 1.1848636 1.3633063 4.2239592 
Skow_XM_002738446.2                                               1.0563348 1.1055224 0.9842988 1.0441925 0.9951528 0.6969359 0.8869678 0.8112716 0.8369031 0.8004675 0.8783725 0.8756521 0.8489163 0.6243263 0.7898929 0.8197654 0.7973226 1.0561812 0.8295342 0.8480872 0.8267354 0.7410390 0.5617320 0.0000000 0.5314537 0.6822962 0.9435288 0.9435288 0.9548108 0.9130309 0.7467118 0.6638373 0.8712967 0.8420471 0.7991790 1.0706191 0.9217868 0.9742009 1.2180227 1.1229766 0.8987006 0.9915789 1.3455047 1.1760902 1.1574088 0.7905756 1.1502709 1.2435052 1.3063971 1.3063971 1.2293343 1.2293343 1.2011773 1.1720227 1.1720227 1.0104882 1.1297364 1.1297364 1.0830248 1.2077650 1.1347539 1.1876641 0.9293584 0.8715982 0.8799940 1.0103765 0.7078149 0.7873857 0.9152856 0.7862484 0.9353162 1.0865463 0.8925325 1.4573940 1.0100073 0.9425588 0.9483330 1.1460815 1.1260690 1.0078167 0.9699322 0.8854778 1.1750220 1.0275973 1.0093829 0.9447231 1.1711587 1.1940677 1.1651232 1.0600932 0.9318281 1.2728881 1.2229557 2.4556500 1.3046132 1.2225992 4.4829008 
Tetwil_g17976.t1                                                  0.8460790 0.9320801 0.6525265 0.8039040 0.8657958 0.7757637 0.7863324 0.7349122 0.6639390 0.6705863 0.7181474 0.7250948 0.7889216 0.8041838 0.6730733 0.6986300 0.6969194 0.8229152 0.7989004 0.8795802 0.7095176 0.5986414 0.6040214 0.5314537 0.0000000 0.6659766 0.7654209 0.7654209 0.7457142 0.7632846 0.6956531 0.7085462 0.6876360 0.7044803 0.6753361 0.8677028 0.7760322 1.0037840 1.1922881 1.0989220 0.8695607 1.1635039 1.3030935 1.0710117 1.0595093 0.8288885 1.0251872 1.0001152 1.1295046 1.1295046 1.0036872 1.0036872 1.1209725 1.0405843 1.0405843 0.5610249 1.0756447 1.0756447 1.0405843 1.0580289 1.0287093 1.1932631 0.8392968 0.7719919 0.8668337 1.0331843 0.4145369 0.3222329 0.6938122 0.7955544 0.8852094 0.9144406 0.8136350 1.3066660 0.8229456 0.8102120 0.9085536 0.9898143 0.8943316 0.7945173 0.7969264 0.7686297 0.8918405 0.8876015 0.7639225 0.8830817 0.9159959 1.0520577 1.0451423 0.8263644 0.7551390 0.1849007 0.9161205 2.8265058 1.6735941 0.3150607 3.7411252 
Cgig_XM_034482750.1                                               1.0213170 1.1100273 0.9200246 1.0960772 0.9761899 0.8332164 1.0021944 0.9493581 0.9506692 1.0037111 0.9385175 0.9420251 0.8416543 0.7482951 0.8544079 0.9036179 0.9179831 1.1447119 0.9969460 0.8218508 0.8032187 0.8623124 0.6497739 0.6822962 0.6659766 0.0000000 1.0534457 1.0534457 1.0174675 0.9607255 0.8824043 0.7856357 0.8632853 0.9750650 0.8655960 1.0491562 0.8125421 0.9684824 1.2927997 1.1911769 0.9283710 1.3266580 1.4854056 1.3480485 1.3364538 0.8705498 1.4170121 1.3467992 1.4676156 1.4676156 1.4144155 1.4144155 1.3841797 1.3764995 1.3764995 1.2435815 1.2867792 1.2867792 1.2147100 1.4075757 1.3513650 1.2680248 0.9134030 0.9223309 0.9170942 0.9544324 0.8363651 0.8370988 1.0405493 0.9717090 0.9504297 1.2252186 1.1264509 1.2800302 1.0213615 1.0620791 1.1699333 1.0749125 1.0634742 1.1296921 1.1777626 0.9725291 1.0491989 0.9887789 1.1268559 0.9858052 1.1279242 1.2279647 1.1620566 1.1243282 0.7813485 0.7666015 1.2372004 2.5121446 1.6640210 1.3486966 5.0040805 
Nemnom_g19680.t1                                                  1.4054821 1.3500365 1.0703461 1.3395437 1.2848428 1.0829134 1.2775180 1.1768015 1.1622060 1.1364836 1.2711387 1.2731894 1.0082156 0.8111383 0.9446718 0.9162252 0.9486679 1.2512685 1.0604466 1.0614194 0.9555646 1.0448291 0.9242673 0.9435288 0.7654209 1.0534457 0.0000000 0.0000010 0.1981598 0.5635562 0.9962893 1.0046657 0.9761313 1.1480990 1.1314738 1.3926289 1.1637382 1.1214352 1.3142794 1.2323583 0.9842684 1.0479327 1.8094053 1.5080563 1.5018833 0.9613785 1.4368160 1.3614359 1.4125090 1.4125090 1.2951220 1.2951220 1.6478763 1.3370267 1.3370267 1.0279789 1.3651599 1.3651599 1.2929874 1.3508980 1.3880951 1.3303597 1.2520912 1.2232882 0.8509768 1.0072185 0.9576270 0.9008372 1.1001631 1.0521639 1.1994357 1.1509521 1.0931552 1.6292813 1.1753593 1.1161110 1.2160642 1.1383794 1.0290176 1.0908871 1.1589716 0.9646794 1.1720324 1.1128436 1.2162987 1.0604613 1.1159541 1.3332827 1.2238666 1.2966614 1.0579876 1.3948422 1.5399367 2.2432134 1.5627644 1.6281105 5.4743353 
Nemnom_g14763.t1                                                  1.4054821 1.3500365 1.0703461 1.3395437 1.2848428 1.0829134 1.2775180 1.1768015 1.1622060 1.1364836 1.2711387 1.2731894 1.0082156 0.8111383 0.9446718 0.9162252 0.9486679 1.2512685 1.0604466 1.0614194 0.9555646 1.0448291 0.9242673 0.9435288 0.7654209 1.0534457 0.0000010 0.0000000 0.1981598 0.5635562 0.9962893 1.0046657 0.9761313 1.1480990 1.1314738 1.3926289 1.1637382 1.1214352 1.3142794 1.2323583 0.9842684 1.0479327 1.8094053 1.5080563 1.5018833 0.9613785 1.4368160 1.3614359 1.4125090 1.4125090 1.2951220 1.2951220 1.6478763 1.3370267 1.3370267 1.0279789 1.3651599 1.3651599 1.2929874 1.3508980 1.3880951 1.3303597 1.2520912 1.2232882 0.8509768 1.0072185 0.9576270 0.9008372 1.1001631 1.0521639 1.1994357 1.1509521 1.0931552 1.6292813 1.1753593 1.1161110 1.2160642 1.1383794 1.0290176 1.0908871 1.1589716 0.9646794 1.1720324 1.1128436 1.2162987 1.0604613 1.1159541 1.3332827 1.2238666 1.2966614 1.0579876 1.3948422 1.5399367 2.2432134 1.5627644 1.6281105 5.4743353 
Rhoesc_Res_006476-T1                                              1.3668260 1.3206987 1.0910095 1.3837033 1.2480008 1.0750342 1.3124995 1.1579477 1.1278614 1.0658816 1.1601518 1.1618561 1.0147691 0.7990600 1.0032314 1.0013540 1.0333775 1.2754000 1.1049993 1.0590322 0.9228882 1.0848629 0.9626786 0.9548108 0.7457142 1.0174675 0.1981598 0.1981598 0.0000000 0.5667895 0.9465530 1.0242419 1.0021115 1.1626905 1.0927827 1.3036760 1.1209195 1.1365051 1.3068832 1.2133395 0.9801756 0.9587291 1.7908488 1.4332479 1.4093167 0.9819757 1.3976199 1.3451366 1.3673628 1.3673628 1.2530152 1.2530152 1.5178907 1.3584947 1.3584947 1.0968817 1.3699881 1.3699881 1.2937731 1.3503384 1.2367074 1.2574961 1.2680581 1.2858177 0.8815937 1.0377321 0.9059578 0.9341550 1.0202631 1.1052428 1.1428668 1.1763487 1.0190047 1.7042585 1.2247209 1.1834648 1.2506053 1.1548802 1.0811054 1.1268508 1.1835910 1.0111605 1.1472767 1.1094679 1.1460259 1.0716981 1.0769467 1.2519532 1.1596549 1.2902099 1.0607865 1.2775666 1.6527022 2.4699197 1.7996428 1.7654174 5.4782631 
Sanmal_Sma_019195-T1                                              1.3169730 1.2031161 1.0832848 1.3534145 1.2009876 0.9983348 1.1865782 1.0213762 1.0296056 1.0444488 1.1197721 1.1207407 0.8496973 0.7244443 0.8759771 0.8784647 0.9450632 1.1624712 0.9937546 0.9296476 0.7900603 1.0020999 0.8502554 0.9130309 0.7632846 0.9607255 0.5635562 0.5635562 0.5667895 0.0000000 1.0437273 1.0132438 1.0465118 1.0401083 1.0468069 1.1901552 1.0064694 1.0964429 1.3477167 1.2855889 0.9769161 0.9703549 1.6760443 1.3644348 1.3540952 0.9419446 1.3282762 1.2150512 1.3537026 1.3537026 1.2510956 1.2510956 1.5042106 1.2840619 1.2840619 1.0633775 1.3065816 1.3065816 1.2176373 1.3162544 1.3126584 1.2596844 1.1375299 1.1193133 0.8298125 0.9234784 0.8523864 0.7595691 0.9548534 1.0394542 1.0912375 1.1074113 0.9407002 1.5502619 1.1031075 1.0613112 1.0967403 1.2665123 1.2379618 1.0247575 1.3042722 1.0262433 0.9570722 1.1827194 0.9019695 0.9716830 1.0908196 1.1921438 1.1454957 1.1197196 0.9636392 1.1124420 1.3155853 2.0099819 1.6405642 1.7582264 5.0772089 
Spur_XM_030992295.1                                               1.1000300 1.1884629 0.9924635 1.1750326 1.1553376 0.9302438 1.2027117 1.0181668 1.1764686 1.1463578 1.2124316 1.2336216 0.8846278 0.8584603 0.9986610 0.9842177 0.9750500 1.2691363 1.0113384 1.2243885 0.9750605 0.8858879 0.7523959 0.7467118 0.6956531 0.8824043 0.9962893 0.9962893 0.9465530 1.0437273 0.0000000 0.8233360 0.8811461 0.9919250 0.8668057 1.1604641 0.8898170 0.9562588 1.1192130 1.0251974 0.8797317 0.8703822 1.3154427 1.1856815 1.2096048 0.7303517 1.0311256 0.9611609 1.2010500 1.2010500 1.1158838 1.1158838 1.0692103 1.1630079 1.1630079 1.1373120 1.0791524 1.0791524 1.0584907 1.1756500 1.1140637 1.0555986 1.0879182 1.0824519 1.0414484 1.2207659 0.9037235 1.0422439 1.0829188 0.9645234 1.0178087 1.2364900 1.0924131 1.4489116 1.0315204 1.0099016 0.9543246 1.1907183 1.1883626 1.0687869 1.0221859 0.9965269 1.2944706 0.9809491 1.1252675 1.1298630 1.1391684 1.2713266 1.2376283 1.1350519 0.9886244 1.2944163 1.1913258 3.0320352 1.3819178 2.1212867 4.8793476 
Acagra_model.g4562.t1                                             1.0892866 1.1455963 0.9833385 1.1975984 1.1041410 0.9524749 1.1650000 1.0609492 1.0511541 1.0628885 1.1465262 1.1427844 0.9004090 0.7083242 0.8015013 0.8030305 0.8318129 1.0577261 0.8559208 0.7606774 0.8902746 0.9250471 0.6800402 0.6638373 0.7085462 0.7856357 1.0046657 1.0046657 1.0242419 1.0132438 0.8233360 0.0000000 0.9235539 1.0491349 0.8246320 1.0445442 0.9935874 1.0172544 1.1440244 1.0592714 0.9187896 0.9531751 1.4295016 1.3282815 1.3272908 0.6485894 1.1324034 1.1195875 1.0991350 1.0991350 1.1157375 1.1157375 1.2103678 1.1776010 1.1776010 1.1547283 1.0839369 1.0839369 1.0342029 1.1841433 1.2331917 1.1337126 0.9643761 0.9376146 0.9472607 1.0406948 0.8418370 0.8039008 1.0159604 0.9998208 1.0876925 1.1521434 1.0438127 1.2060931 0.9525772 0.9349407 1.0439333 1.2230415 1.2246504 0.9659635 1.1019400 0.9221415 1.0691543 0.9892645 1.0431745 0.9619657 1.0765962 1.0601630 1.1008619 1.0517943 0.7917260 1.0638466 1.2492497 2.5440546 1.7087240 1.3958989 5.3899586 
Salmac_EP00052_Salpingoeca_macrocollata_P003593                   0.9714606 0.9782801 1.0782642 1.2805783 1.1511885 1.1605195 1.4154723 1.1949172 1.1603378 1.2391512 1.3191931 1.3214030 1.1901619 0.8776599 1.0939603 1.1018176 1.0928668 1.3672418 1.0980417 1.0007973 1.0990652 0.7479613 0.9101101 0.8712967 0.6876360 0.8632853 0.9761313 0.9761313 1.0021115 1.0465118 0.8811461 0.9235539 0.0000000 0.6525501 0.8758077 0.9873900 0.8270424 1.1317037 1.2565082 1.1628143 1.0360047 1.1240434 1.7721074 1.4877113 1.4829339 0.9458920 1.4202950 1.2988491 1.4917638 1.4917638 1.3792494 1.3792494 1.6776012 1.3344068 1.3344068 1.3292482 1.2250748 1.2250748 1.2344360 1.3829140 1.3676784 1.1499479 0.9329927 0.8402475 1.0077262 1.2420229 0.9763331 1.1344233 1.1392255 1.0981401 1.1376315 1.3327614 1.1609280 1.5073704 1.1071180 1.0324475 1.0196430 1.2740230 1.3234053 1.2446200 1.0053254 0.8811208 1.1139778 1.0389744 1.1148231 0.8860929 1.1935636 1.4045690 1.1698883 0.9483001 0.9917341 0.8914135 1.3235798 2.9070868 1.7010695 2.2234192 5.2587603 
Salpun_EP00053_Salpingoeca_punica_P011843                         1.1274990 1.1718184 1.0994683 1.2174109 1.1527795 0.8901016 1.0628535 0.9540885 0.8853611 0.9745306 1.1187164 1.1206348 1.0199375 0.9152908 0.9824310 1.0259185 1.0847236 1.2464346 0.9618579 1.0327720 1.0559187 0.8325839 0.8101782 0.8420471 0.7044803 0.9750650 1.1480990 1.1480990 1.1626905 1.0401083 0.9919250 1.0491349 0.6525501 0.0000000 0.8593147 1.0255337 0.8355105 1.0614957 1.2278064 1.1488332 0.9555777 1.1391121 1.5726359 1.4293857 1.4495604 0.9584726 1.2884109 1.2334452 1.3342325 1.3342325 1.3438687 1.3438687 1.3288479 1.3643197 1.3643197 1.4976053 1.2234384 1.2234384 1.1913716 1.4085339 1.2878120 1.1550150 1.0870724 0.9527316 1.0274791 1.1719407 1.0603514 1.0686132 1.0765428 0.9710704 1.0691704 1.2451000 1.1383783 1.2457201 0.9750766 0.8898415 0.8736118 1.1591454 1.1888119 1.1643535 1.0719352 1.0126720 1.1687364 1.2096875 1.1392250 0.9709296 1.2593438 1.2870809 1.1158971 0.9663176 0.9342621 1.2114933 1.3579395 2.7326898 1.4633142 1.6818085 5.6824416 
Saldol_EP00054_Salpingoeca_dolichothecata_P010763                 1.1674237 1.2359235 0.9477624 1.2172380 1.1745545 0.9842868 1.1909697 1.1347475 1.1410255 1.1495909 1.1892314 1.1870968 0.9835067 0.8959962 0.9965402 0.9712560 1.0026190 1.2207003 0.9724847 1.1689020 0.9014598 0.7929077 0.7613907 0.7991790 0.6753361 0.8655960 1.1314738 1.1314738 1.0927827 1.0468069 0.8668057 0.8246320 0.8758077 0.8593147 0.0000000 0.1126268 0.7407490 1.0898472 1.1283945 1.0423037 1.0029166 0.9703895 1.2851379 1.2485041 1.2938016 0.7382929 1.1120856 1.0848200 1.0002086 1.0002086 1.0727555 1.0727555 1.0752307 1.0146274 1.0146274 1.1280915 0.9066631 0.9066631 0.9004997 1.0448418 0.9665527 0.9193991 1.1118133 1.0551189 1.0679385 1.2020157 0.9990414 1.1026188 1.1030993 1.1123593 1.2632288 1.1377812 1.0425538 1.3868684 1.1025895 1.0644863 0.9024716 1.3453310 1.3202830 1.2934060 0.9806974 0.9493994 1.1955678 1.1215969 1.3592931 1.0209234 1.2438985 1.2166184 1.2654973 1.1658292 0.9766072 1.7281050 1.1806442 3.0052229 1.4849428 2.1609444 5.5144508 
Saldol_EP00054_Salpingoeca_dolichothecata_P010764                 1.4146231 1.4773287 1.2210717 1.5224683 1.4073994 1.2056958 1.3127483 1.3107199 1.3244914 1.3242718 1.3431492 1.3392303 1.1429539 0.9194759 1.2494187 1.2655090 1.2575518 1.5251323 1.0553920 1.2547496 1.1682673 1.0131921 0.8758240 1.0706191 0.8677028 1.0491562 1.3926289 1.3926289 1.3036760 1.1901552 1.1604641 1.0445442 0.9873900 1.0255337 0.1126268 0.0000000 0.8810354 1.3500122 1.6423094 1.3199244 1.1006482 1.0515900 1.5398578 1.3339638 1.4123068 0.7901906 1.3838275 1.4229437 1.6139352 1.6139352 1.3880000 1.3880000 2.4831613 1.3467416 1.3467416 1.1280915 1.2789846 1.2789846 1.1731419 1.4067275 1.3121180 1.1763241 1.4774082 1.3871324 1.3889324 1.3525981 1.2268606 1.1873064 1.4123405 1.3051377 1.5891731 1.2328617 1.2982723 1.3376529 1.2543234 1.3284446 1.0886104 1.7091743 1.3897614 1.5805457 1.4604982 1.2881663 1.4712949 1.5845059 1.3407460 1.2448063 1.3285066 1.5010878 1.6426956 1.3381417 1.1513543 1.7281050 5.4818091 2.8643938 7.4461134 2.6074067 8.9999986 
Salurc_EP00051_Salpingoeca_urceolata_P006918                      0.9900013 1.1463772 1.0985462 1.0034812 1.0195822 0.9621957 1.2361708 1.1091625 1.0625395 1.1101246 1.0972393 1.1029331 0.8528536 0.9571823 1.0605766 1.1464832 1.1004868 1.3070169 1.0830790 1.1144572 0.8981087 0.8730731 0.9117536 0.9217868 0.7760322 0.8125421 1.1637382 1.1637382 1.1209195 1.0064694 0.8898170 0.9935874 0.8270424 0.8355105 0.7407490 0.8810354 0.0000000 0.9535435 1.1960069 1.1521638 0.9229823 1.0752605 1.4356903 1.3376764 1.3588313 0.9287397 1.2014485 1.1780218 1.2619341 1.2619341 1.2244817 1.2244817 1.2002216 1.1106492 1.1106492 1.0438209 1.0583041 1.0583041 1.0193372 1.1237746 1.2010779 1.0767847 1.1075535 1.0824595 1.0557661 1.1548648 0.9087356 0.9541697 1.0028868 0.9681230 1.0926366 1.1545536 1.0704941 1.5125983 1.1435492 1.1976398 1.0501473 1.3733007 1.4656713 1.3044326 1.0185852 0.8382266 1.1428432 1.1381753 0.9990560 0.9528003 1.3162993 1.2295288 1.2240772 1.0156652 1.1055238 1.3401633 1.7479189 2.2106622 1.5624434 2.1032587 4.8518182 
Eupdun_Edun_sb10644173                                            0.8938247 0.8915260 1.0022607 0.9682523 1.2038520 1.2711141 1.2473250 1.3865857 1.2757153 1.3103490 1.3712073 1.3712073 1.2238502 1.4466429 1.1669329 1.2238460 1.1421524 1.2915425 1.3962468 1.3851696 1.2705304 1.0081302 1.0319220 0.9742009 1.0037840 0.9684824 1.1214352 1.1214352 1.1365051 1.0964429 0.9562588 1.0172544 1.1317037 1.0614957 1.0898472 1.3500122 0.9535435 0.0000000 0.0000010 0.0215689 0.0215689 0.3766040 0.5557770 0.5722919 0.6313110 0.6221038 0.5860344 0.5882449 0.4607054 0.4607054 0.4541124 0.4541124 0.4331835 0.5142942 0.5142942 0.7089583 0.5142942 0.5142942 0.5142942 0.5504443 0.4515880 0.4809446 1.4334772 1.3864667 1.0812759 1.3039977 1.0724628 1.1183091 0.9614530 1.1408864 1.1437221 1.1827918 1.0726387 1.0196471 0.9731321 0.9600915 1.0261379 1.3864096 1.3236253 1.0453979 0.9321947 0.9321947 0.9781550 1.0287504 0.7920310 1.0699534 1.2631649 1.3001565 1.1291863 1.4284173 1.1486029 9.0000000 1.5488721 4.5562217 1.1866369 0.2741147 4.5627837 
