101
Emue_Em0016g1046a.t1                                              0.0000000 0.3088890 0.2928421 0.1822504 0.0797607 0.2069886 0.9241927 0.2336938 0.9146784 1.3655759 1.5329300 1.9874430 1.9376662 2.4595378 3.9806736 3.8521548 3.5571513 2.3329474 2.3628365 2.2053730 2.2065100 1.9219334 1.9539802 0.7569342 1.9056626 1.9505393 1.3787296 1.3481975 1.7455684 1.8347014 1.1716711 2.0862404 2.1400634 2.0044986 2.0415479 1.3309179 2.0387553 2.1357451 2.3021682 2.2496625 2.2095007 2.4162172 3.1222067 3.1222067 2.6256381 2.6256381 2.5769102 2.5769102 2.1668287 1.4663912 1.3415675 1.4041390 1.3415675 1.4041390 2.1977061 2.1977061 2.1163272 2.0565377 1.6328400 1.6328400 1.7678609 1.7678609 2.3595104 2.0737644 3.1016344 2.8919244 1.7376316 2.2522271 3.4704273 3.4704273 2.1669196 2.5380584 2.2676302 2.2875560 2.5822328 2.5185209 2.4025059 2.4137403 5.1736771 4.6495552 3.0385772 3.5958589 4.1438631 1.4423365 3.2737365 3.7852333 2.3214878 3.7056629 3.1854832 2.4251190 2.4240357 2.8501283 2.9121538 2.7639275 2.8504553 3.3502000 4.3100189 3.0604593 4.0810631 3.9824238 5.4221399 
Spolac_c99952_g1_i1_m.21062c80129-g1                              0.3088890 0.0000000 0.0000010 0.0000010 0.0000010 0.0610752 2.5548670 0.0000010 8.0246485 2.3329976 2.2956552 2.0710870 1.5818207 1.6648805 3.5175452 2.4442621 3.1651167 5.0449281 3.3989157 2.6677495 2.6715820 2.1384414 2.2279363 0.0000010 2.1627471 2.1520509 9.0000000 8.9999981 4.7627349 1.9065344 1.0832976 2.5066074 2.7618864 2.7859638 2.6798299 1.2911751 2.1103488 1.3623070 2.9145175 3.0120779 2.9757492 2.9197902 2.0454812 2.0454812 2.0454812 2.0454812 2.0454812 2.0454812 2.2221213 0.0000010 0.0000010 0.0000010 0.0000010 0.0000010 2.2094863 2.2094863 2.0320883 8.8392097 6.8259737 6.8259737 6.8259737 6.8259737 2.4738993 2.0482139 2.2336065 2.2336065 6.2988139 2.7238661 2.2155286 2.2155286 2.4182853 2.7018036 1.8934152 1.8934152 2.7996867 2.9063387 2.2542039 2.2866278 3.4098041 2.3794193 2.4228949 3.9870299 3.6547828 1.5264564 2.7805421 2.8275721 1.7668795 4.0743718 3.0446166 2.4689151 2.4689151 2.3557233 2.5423691 0.9617090 3.1529788 2.7356000 3.3301982 2.8737240 3.1146041 4.4190821 8.9999988 
Spolac_c99952_g1_i2_m.21066c80129-g1                              0.2928421 0.0000010 0.0000000 0.0000010 0.0000010 0.0325091 2.0194093 0.0000010 3.2570990 2.7454368 3.0010168 2.7682151 1.7432157 2.0315034 4.7090834 3.9112969 3.6262517 4.7516068 3.2341807 3.5711249 3.5744521 3.0146886 3.2978143 0.0000010 3.0629785 3.0813089 9.0000000 7.4538286 4.7627349 2.8590151 1.0832976 3.1372492 3.0568577 3.4362398 3.1563622 1.2911751 3.0833239 1.3623070 3.9473385 3.7610997 3.6949243 3.8385004 2.8659478 2.8659478 2.1752281 2.1752281 2.1311640 2.1311640 2.9851175 1.9215903 1.0414473 1.8210158 1.0414473 1.8210158 3.0175536 3.0175536 2.7890622 5.7677459 3.9146886 3.9146886 3.9146886 3.9146886 3.3777219 2.9646292 2.8140806 2.3789260 6.2988139 3.2349485 3.2008959 3.2008959 3.3522259 3.3895004 2.7267027 2.7267027 3.7614694 3.9176992 3.3014094 3.3308272 4.6116531 3.0656747 2.4228949 4.1325050 4.5575832 1.5264564 3.7981013 3.6778943 2.1757115 4.2293974 3.7294365 3.6232049 3.6321087 3.3802190 3.1890979 1.5014997 3.2378906 3.4357085 3.3301982 4.1286462 4.3648592 5.8764457 8.7767647 
Spolac_c99952_g1_i4_m.21074c80129-g1                              0.1822504 0.0000010 0.0000010 0.0000000 0.0074532 0.0165106 0.9057670 0.2462928 0.9460996 1.5402984 1.6391723 1.8894365 1.7432157 2.2537068 4.1342755 3.7747447 3.5080386 2.2725319 2.4674700 2.2303885 2.2315366 1.9576422 2.0411059 0.7636635 1.9644924 1.9843682 1.3963528 1.4194518 1.8170818 1.9025109 1.0832976 2.0604290 2.0608073 2.1129344 2.0642668 1.3124086 1.9285378 2.1629451 2.3806705 2.2211484 2.2071466 2.3004909 2.7842868 2.7842868 2.1752281 2.1752281 2.1311640 2.1311640 2.0475999 1.4298980 1.3248671 1.3689777 1.3248671 1.3689777 2.0393568 2.0393568 1.9786661 2.0111081 1.6141669 1.6141669 1.7466597 1.7466597 2.1882306 2.0214273 2.7612450 2.3789260 1.7807362 2.2704061 3.3182301 3.3182301 2.2354651 2.4161647 2.1982909 2.2177040 2.6381896 2.5970647 2.3564867 2.3675145 5.2884798 4.6941403 2.9668602 3.7253450 4.1328160 1.4999538 3.3094136 4.0414665 2.4412876 3.9862003 3.0310263 2.3612871 2.4002953 2.9848555 2.9421241 2.6923400 2.8718501 3.4979616 4.2291004 2.9827339 4.2419248 4.5140195 5.9113931 
Spolac_c99952_g1_i2_m.21067c80129-g1                              0.0797607 0.0000010 0.0000010 0.0074532 0.0000000 0.0074532 0.3784399 0.2462928 0.7056178 0.7441523 0.7568377 1.1425834 0.0000010 2.6672054 3.5519566 3.5732569 3.3557779 1.6496189 2.7623054 1.3864569 1.3864569 1.3556344 1.3455464 0.7636635 1.3398696 1.3657537 1.1024449 1.2397464 1.7371972 1.3290807 0.0000010 1.5123060 1.5263361 1.3188409 1.3186272 3.2121716 1.2950154 4.8373996 1.3823963 1.2665468 1.2736256 1.2915626 0.0000010 0.0000010 0.0000010 0.0000010 0.0000010 0.0000010 1.3917145 1.3917145 1.3509418 1.3509418 1.3509418 1.3509418 1.3509418 1.3509418 1.3710853 1.3837365 1.3340526 1.3340526 1.4757674 1.4757674 1.3829857 1.3434501 3.1285575 0.0000010 1.3291548 1.6318516 5.9435112 5.9435112 1.2659045 1.6409874 1.7418589 1.7773213 1.8106398 1.7522696 1.7922528 1.7922528 8.9999983 8.9999985 6.3116228 3.7636489 4.1276654 1.2741157 3.0665842 5.0951464 5.1698576 4.3159510 2.5352802 1.4712646 1.5197268 2.6129860 2.8504706 5.1583375 2.5400045 3.9150221 4.3562435 2.1292783 4.2623720 3.6874148 4.4054318 
Spolac_c99952_g1_i3_m.21073c80129-g1                              0.2069886 0.0610752 0.0325091 0.0165106 0.0074532 0.0000000 0.9088746 0.2462928 0.7903328 1.7024818 1.8258674 2.1511314 2.7562047 3.0474883 5.1735572 4.8230469 4.3792364 2.0555098 2.4451071 2.4851213 2.4964577 2.2298326 2.3536076 0.7636635 2.2542423 2.2639017 1.3963528 1.4194518 1.7220314 2.1809878 1.7244157 2.3848548 2.3707767 2.3852148 2.2892667 2.0827771 2.1396843 3.1640652 2.8144898 2.5470281 2.5281521 2.6203328 4.3274792 4.3274792 3.8282839 3.8282839 3.7361518 3.7361518 2.2936645 1.4298980 1.3248671 1.3689777 1.3248671 1.3689777 2.3277571 2.3277571 2.2853870 2.0111081 1.5477285 1.5477285 1.6781879 1.6781879 2.5039912 2.3307325 3.6167606 3.8654194 1.4102628 2.5405629 5.3074570 5.3074570 2.6605264 2.7242421 2.5333331 2.5576019 3.1268715 3.0697446 2.7679574 2.7757760 7.3297857 6.8302393 4.7336933 4.2876027 4.7387014 1.4600997 3.9746228 5.2422740 3.6430227 4.4815295 3.5223869 2.7733573 2.8270307 4.1039142 3.9754152 3.7349811 3.2425841 4.0822883 4.3562435 3.5408191 5.0753018 4.5140195 5.2504766 
Tetwil_g12208.t1                                                  0.9241927 2.5548670 2.0194093 0.9057670 0.3784399 0.9088746 0.0000000 0.1286605 0.8305966 1.5531190 1.6429316 2.0859773 3.3097818 3.1416524 4.1148072 4.4425205 4.4112309 2.0512554 2.4383082 2.4051242 2.3984132 2.2747659 2.4259711 0.7314569 2.4342918 2.3498838 1.4984248 1.3460166 1.6763231 2.5274820 2.9294789 2.3241141 2.3575807 2.4857380 2.5364613 4.6236438 2.2813133 4.8905179 2.8355108 2.6543244 2.5946893 2.8697598 5.7682640 5.7682640 7.6692208 7.6692208 7.4898540 7.4898540 2.5589934 1.3816796 1.3442716 1.3967348 1.3442716 1.3967348 2.6948903 2.6948903 2.6022465 2.1371984 1.5157263 1.5157263 1.6468680 1.6468680 2.6453569 2.7696080 4.6857444 8.3623266 1.4038514 2.7731947 7.6526065 7.6526065 2.7454857 2.6675753 2.6499747 2.6696099 3.3938921 3.3964128 3.0515230 3.0745892 7.7632256 6.1861641 7.4311321 4.5895928 5.2305484 3.0049332 4.5474681 4.8075878 4.9390263 4.3370890 3.6214690 2.4483066 2.5215830 4.0874027 4.6944871 4.6238616 3.4747577 4.7839142 4.0449841 3.5213374 5.2652186 4.2969394 5.3153922 
Stycar_maker-SC_scaffold6490-snap-gene-0.9-mRNA-1                 0.2336938 0.0000010 0.0000010 0.2462928 0.2462928 0.2462928 0.1286605 0.0000000 0.4550455 0.4505362 0.5092536 0.7805560 0.0000010 0.4838213 2.8244064 2.9494818 2.7689036 1.1097859 1.7022422 0.9065007 0.9065007 0.9557662 0.9393090 0.7244472 0.9393090 0.9860433 0.9338334 0.9398766 1.0817620 0.9206219 0.0000010 1.0118913 0.9949844 0.8971733 0.9003292 0.0000010 0.9785295 4.4957998 1.0424504 0.9788009 0.9472108 0.9839108 0.0000010 0.0000010 0.0000010 0.0000010 0.0000010 0.0000010 1.0537266 1.0537266 1.0008674 1.0008674 1.0008674 1.0008674 1.0008674 1.0008674 1.0566257 1.0634053 1.0322523 1.0322523 1.1719263 1.1719263 1.0897581 1.0665997 2.1289068 0.0000010 1.0684466 1.1729427 5.9435112 5.9435112 0.7952419 1.2631909 1.3834836 1.3962155 1.4354864 1.3906331 1.4790282 1.4790282 8.5895822 8.9999982 5.7148275 3.4273932 3.3435775 1.2741157 3.1049819 4.5769361 4.5002390 4.3637017 2.3082156 1.0828493 1.1143178 2.1297958 1.8267382 3.8927018 2.5772204 3.5779315 4.1964775 1.6952460 3.8984668 2.4015987 4.4175299 
Xestes_augustus_masked-XT_scaffold21772-processed-gene-0.2-mRNA-1 0.9146784 8.0246485 3.2570990 0.9460996 0.7056178 0.7903328 0.8305966 0.4550455 0.0000000 0.4127089 0.5597028 1.6815127 7.3702630 4.8483697 4.0750763 4.1226302 3.5081730 2.1978614 3.3934960 1.6317005 1.6317005 1.6991847 1.7036206 0.6936404 1.6784328 1.6944216 1.1811542 1.4157116 1.9725988 1.5989248 3.9989529 1.8606946 1.7693515 1.6420484 1.6345270 4.8507982 1.6120659 7.4376638 1.6917977 1.5925994 1.6573912 1.7280436 2.7569489 2.7569489 5.1776778 5.1776778 5.1776778 5.1776778 1.7635164 1.6415247 1.4620747 1.5063955 1.4620747 1.5063955 1.7033074 1.7033074 1.7878990 1.6702579 1.6300026 1.6300026 1.7412120 1.7412120 1.7308383 1.7505888 3.6372503 3.5664126 1.4444481 1.7139699 4.6392940 4.6392940 1.8024900 2.1232233 2.4997586 2.5290761 2.3448604 2.2681168 2.3364949 2.3364949 6.5413763 8.3431729 5.8167670 3.7440693 4.0573668 3.1784201 3.7490233 4.3000653 5.1550775 4.7288421 2.6556799 1.8954708 1.9258205 3.2182356 3.2658539 5.4620349 2.9242282 4.2903874 4.3825615 2.6453288 4.6736831 3.6611052 5.0292496 
Halamb_c41215_g1_i1m.13535                                        1.3655759 2.3329976 2.7454368 1.5402984 0.7441523 1.7024818 1.5531190 0.4505362 0.4127089 0.0000000 0.5205429 2.3152434 1.7751891 2.2343873 4.2154994 3.7452120 3.9747103 2.6107954 2.8571918 2.0686167 2.0696608 2.2017128 2.1663482 0.7094823 2.1460403 2.1785416 1.3753181 1.5950524 1.9507073 2.2730054 1.2180433 2.2201721 2.1308250 2.0309553 2.0801461 1.1666673 1.8765984 2.4183825 2.5035147 2.5477913 2.5197970 2.6443347 2.9908939 2.9908939 2.0599081 2.0599081 2.0164598 2.0164598 2.1525298 1.7125562 1.5187176 1.5730268 1.5187176 1.5730268 2.1797484 2.1797484 2.1949479 2.4764163 2.0281293 2.0281293 2.1566389 2.1566389 2.2936276 2.2091979 3.1693198 2.3807101 1.8290604 2.3241505 3.3977971 3.3977971 2.4766268 2.5968391 2.3841740 2.4011906 2.3044933 2.2924022 2.2198693 2.2159490 4.7790679 4.7345839 2.9766278 3.8335858 4.1302837 1.6656326 3.4137320 3.5147568 2.5223963 4.6895695 2.7785792 2.4627637 2.4501677 3.2401513 2.4755930 2.8162396 3.0372901 3.6782157 4.1026698 2.9964963 4.7814388 4.1455239 5.0947373 
Aque_Aqu2.1.29493_001                                             1.5329300 2.2956552 3.0010168 1.6391723 0.7568377 1.8258674 1.6429316 0.5092536 0.5597028 0.5205429 0.0000000 2.0553081 1.9968704 2.2072476 4.4331890 3.9721224 3.8264279 2.5705477 3.0981413 2.1451498 2.1462210 2.3705336 2.4352295 0.7177475 2.3382295 2.3557964 1.5911951 1.6432079 1.9841943 2.2323454 1.3799375 2.3346937 2.3398036 2.2227978 2.2534283 1.2716661 1.9596424 2.5067019 2.4433496 2.5989833 2.5931363 2.7287048 3.3509072 3.3509072 2.6137184 2.6137184 2.5680987 2.5680987 2.4589410 1.7982474 1.6521111 1.6652257 1.6521111 1.6652257 2.5568466 2.5568466 2.4332370 2.6320590 2.2246715 2.2246715 2.3700612 2.3700612 2.4962661 2.4579190 3.7618785 3.3929975 1.7950992 2.5335675 3.7422096 3.7422096 2.5392244 2.5999487 2.2481193 2.2646793 2.8917846 2.9278533 2.6439178 2.6388962 4.7909349 4.6783646 2.8411331 3.6047921 4.0299005 1.8380643 3.5326456 3.8620758 2.4761270 4.2480977 2.6288863 2.4144149 2.4323309 3.6916383 2.8219111 2.9419206 3.0614358 4.0020469 4.0823896 3.0482799 4.9826815 5.1372607 5.1585879 
Plespi_Pspi_C615256_01                                            1.9874430 2.0710870 2.7682151 1.8894365 1.1425834 2.1511314 2.0859773 0.7805560 1.6815127 2.3152434 2.0553081 0.0000000 1.6412546 2.5031297 3.5022470 3.2538546 3.5454996 2.3983592 2.4380289 1.8973086 1.8982958 1.8900680 1.8826982 0.8123541 1.9073576 1.9037227 1.1772927 1.5433750 1.4614723 1.9150713 1.0275600 1.7368623 1.7639617 1.6833005 1.8038996 0.9826226 1.6727586 1.9009647 2.0419142 2.0748394 2.0846356 2.0419974 2.7467857 2.7467857 1.6222484 1.6222484 1.6508032 1.6508032 1.8883058 1.5838134 1.2819150 1.4115464 1.2819150 1.4115464 2.0340157 2.0340157 1.9824308 2.4280260 1.7027253 1.7027253 1.8513487 1.8513487 1.9699245 1.9452464 2.6508818 2.2692308 1.8981035 2.1215520 3.0242724 3.0242724 2.2287920 2.2148040 2.1376020 2.1532759 2.3467029 2.3536547 2.2203771 2.2286630 5.0343433 3.5763573 1.6444849 3.7398736 3.9497380 1.2535830 3.2558631 3.2231490 1.8726966 4.2228754 3.0943128 2.3563291 2.3345668 2.3440684 2.4024683 2.7719889 2.7021908 3.2680841 3.8469726 2.9653514 3.9668778 3.1182196 5.2673504 
Lcom_lcpid207273                                                  1.9376662 1.5818207 1.7432157 1.7432157 0.0000010 2.7562047 3.3097818 0.0000010 7.3702630 1.7751891 1.9968704 1.6412546 0.0000000 0.0000010 0.4768305 0.5611696 0.8178237 6.3125911 2.9138458 1.7953847 1.7989697 1.6280026 1.5574692 0.0000010 1.5460652 1.5922492 0.0000010 8.9999987 4.3227247 1.6781058 1.3389166 1.6600993 1.6896287 1.5106229 1.4402776 1.2708618 1.8795620 1.3805318 1.6513263 1.6605580 1.6787356 1.8161474 2.2124987 2.2124987 2.0122881 2.0122881 2.0122881 2.0122881 1.7527506 9.0000000 9.0000000 9.0000000 9.0000000 9.0000000 2.2157928 2.2157928 2.2941376 8.9999982 8.8800128 8.8800128 8.8800128 8.8800128 1.9069448 1.8128804 2.0329843 1.7763448 4.6871618 1.6530826 1.9222126 1.9222126 1.5316482 1.7146298 1.3460749 1.3460749 1.9507324 1.9820766 1.6836359 1.6945268 1.4191911 1.2958333 1.2958333 2.3351988 1.8671518 1.0760822 1.5613309 1.3181491 1.1731088 2.3984828 1.1720993 2.1816687 2.1816687 1.5300401 1.2516298 1.7753199 1.7330431 2.1374276 3.6810895 1.4987725 2.6992770 3.2580170 6.2184831 
Lcom_lcpid195091                                                  2.4595378 1.6648805 2.0315034 2.2537068 2.6672054 3.0474883 3.1416524 0.4838213 4.8483697 2.2343873 2.2072476 2.5031297 0.0000010 0.0000000 1.1717838 1.3849509 1.5909473 4.7086696 5.7060745 2.3672205 2.3707216 2.1595264 2.0618725 0.4838213 2.0642581 2.1275304 2.6559328 4.1341638 2.9630317 2.3177404 1.5270836 2.2908905 2.3538952 2.3454541 2.1524945 1.5008509 2.3932718 1.9636394 2.1400667 2.2617800 2.3289965 2.3870240 3.0369691 3.0369691 2.5068468 2.5068468 2.5068468 2.5068468 2.4497269 3.9400029 3.5401800 4.2076651 3.5401800 4.2076651 2.9969011 2.9969011 3.0815076 4.1787096 4.9843013 4.9843013 4.9843013 4.9843013 2.5798939 2.5461887 2.9772384 2.1753768 2.7635275 2.6036052 2.3827769 2.3827769 2.2794410 2.4980789 2.0219277 2.0219277 2.8753461 2.9006233 2.7959180 2.8142025 2.1176654 1.8795664 1.3657730 3.4446376 2.9405554 1.2778961 2.5358139 2.3213580 1.2328842 3.1974305 1.8535537 3.2919252 3.2919252 2.4365426 2.4395766 3.1581786 2.8276017 2.9122414 5.5396026 2.0167128 3.3451413 3.2826805 7.7125235 
Scil_scict015039.1                                                3.9806736 3.5175452 4.7090834 4.1342755 3.5519566 5.1735572 4.1148072 2.8244064 4.0750763 4.2154994 4.4331890 3.5022470 0.4768305 1.1717838 0.0000000 0.9128124 1.2398113 3.2997013 3.8348476 3.2011807 3.2025743 3.2047713 3.1812955 1.6556981 3.1877932 3.1523092 2.5144859 2.6619575 3.5541640 3.2092209 1.5365572 3.2784322 3.7230289 3.5161766 3.4541736 1.4919496 3.4779121 2.2587690 3.5076013 3.1178169 3.2884152 3.3784395 4.6210792 4.6210792 3.9600024 3.9600024 4.0346395 4.0346395 3.4086799 2.5915901 2.6256554 2.7594745 2.6256554 2.7594745 3.7337389 3.7337389 3.7293547 3.9701069 3.0359667 3.0359667 3.2079209 3.2079209 4.1479376 3.9888884 4.1728143 3.9653000 2.5834807 3.5202642 4.5436792 4.5436792 3.2062266 3.1858984 2.8122081 2.7889498 4.2337611 4.3286778 4.0623754 4.0713652 5.5458284 3.8116542 2.6343185 4.3777755 4.6333760 1.6276394 4.1447432 3.8378641 2.0246140 4.4675861 2.8869969 3.7091595 3.6978072 3.9241640 4.0989376 4.0936696 3.7636468 4.3805610 4.2167065 3.5455840 4.4681101 5.3754336 4.4952692 
Gracom_Gcom_C559334_01                                            3.8521548 2.4442621 3.9112969 3.7747447 3.5732569 4.8230469 4.4425205 2.9494818 4.1226302 3.7452120 3.9721224 3.2538546 0.5611696 1.3849509 0.9128124 0.0000000 1.2818504 3.4524921 3.9824378 2.8475287 2.8488033 3.5817329 3.4703745 1.6809833 3.4843239 3.5144513 2.5329644 2.7765416 4.1509060 3.4731033 1.7442620 3.4507462 3.3008742 3.3792657 3.7134734 1.6583510 3.6551443 2.7091487 3.8102658 3.3909295 3.4529264 3.5338482 4.0995822 4.0995822 3.6186839 3.6186839 3.4804247 3.4804247 3.4940531 2.8115371 2.6848049 2.7976211 2.6848049 2.7976211 3.6553817 3.6553817 3.4852145 3.9046299 3.0403640 3.0403640 3.1793417 3.1793417 3.3664080 3.4713853 4.1772799 3.8500790 2.6991976 3.9019520 4.1379799 4.1379799 3.0811340 2.9217163 3.2709549 3.2881851 4.0033657 3.9849791 3.9076052 3.9144238 5.4983231 3.6936909 2.4155307 4.0860045 3.9579842 1.9408917 3.6648189 3.5206629 2.2773379 4.3416017 3.2471501 3.9960907 3.9435091 3.7050372 3.7234214 4.1543338 3.6597157 3.9138093 4.5697272 3.5480646 4.5261182 5.1264558 4.5866992 
Leuniv_Lniv_scaffold23389_01                                      3.5571513 3.1651167 3.6262517 3.5080386 3.3557779 4.3792364 4.4112309 2.7689036 3.5081730 3.9747103 3.8264279 3.5454996 0.8178237 1.5909473 1.2398113 1.2818504 0.0000000 3.3417802 4.3136845 3.0451767 3.0464662 3.5080475 3.3454852 1.5669833 3.3705258 3.5127048 2.4552511 2.6325295 3.6615997 3.7838140 1.8180359 3.4401774 3.5636609 3.3881290 3.5312071 1.5296547 3.3158142 2.6253780 3.7263385 3.4032940 3.3917510 3.5339284 4.1714832 4.1714832 3.8307514 3.8307514 3.6629118 3.6629118 3.3291259 2.3917385 2.3842664 2.4402536 2.3842664 2.4402536 3.4787291 3.4787291 3.4007713 3.6283604 2.7375759 2.7375759 2.9473138 2.9473138 3.5795421 3.7657994 3.6100525 3.2955747 2.4361437 3.4564549 3.8985068 3.8985068 3.3415729 2.9985533 2.9379997 2.9536882 3.8468578 3.6523990 3.5042629 3.5117383 5.4883312 3.6009706 2.4284505 3.6590931 4.5286583 1.8426970 3.8305374 3.2378361 1.9866341 4.1292322 2.7910824 3.5259951 3.5102876 3.8386009 3.4993278 4.3532036 3.6444189 3.7768791 4.0851966 3.4466042 4.8914159 5.1575873 4.4670579 
Bralan_BLAG15000082_1                                             2.3329474 5.0449281 4.7516068 2.2725319 1.6496189 2.0555098 2.0512554 1.1097859 2.1978614 2.6107954 2.5705477 2.3983592 6.3125911 4.7086696 3.2997013 3.4524921 3.3417802 0.0000000 0.6669718 0.9107351 0.9114507 0.7631499 0.8077368 0.1861360 0.7978114 0.7725586 0.1893799 0.3529128 0.4827099 0.8827141 5.4050697 0.8295163 0.8727858 0.8469977 0.8789927 4.9592902 0.6892046 3.9684439 0.9893638 1.0101684 1.0307399 1.0278882 5.3123299 5.3123299 7.7295054 7.7295054 7.7295054 7.7295054 1.2253383 0.6475374 0.6232854 0.6494482 0.6232854 0.6494482 1.3371613 1.3371613 1.3049022 0.8863209 0.7356074 0.7356074 0.7356074 0.7356074 1.5648550 1.4777627 2.0610847 8.9999985 0.6973149 1.1682215 8.9999982 8.9999982 1.0723741 1.3737983 1.6910914 1.6910914 1.8617888 1.8205465 1.8394315 1.8764849 5.1942695 5.8872942 8.8726920 3.6158863 4.4950698 5.0353670 3.5566860 4.1320341 5.6060189 4.2876093 2.9435277 1.7546883 1.7472000 2.0856378 1.9890386 5.7077869 2.9408803 3.7561699 3.5851804 2.0633123 5.1189019 0.5143145 3.7521917 
Adig_XM_015895373.1                                               2.3628365 3.3989157 3.2341807 2.4674700 2.7623054 2.4451071 2.4383082 1.7022422 3.3934960 2.8571918 3.0981413 2.4380289 2.9138458 5.7060745 3.8348476 3.9824378 4.3136845 0.6669718 0.0000000 1.1286125 1.1286125 0.3707497 0.3166913 0.8109237 0.3129644 0.3593826 0.4872848 0.4645638 0.4454003 0.6366697 2.1955106 0.8264151 0.8477672 0.9569500 0.9736961 1.2870067 0.7501520 3.4120780 1.0644198 0.9303784 0.9133772 0.9728428 3.1009165 3.1009165 2.1955106 2.1955106 2.1955106 2.1955106 1.4554501 1.4349732 1.3352202 1.4313987 1.3352202 1.4313987 1.4634776 1.4634776 1.5067541 1.4416451 1.4260885 1.4260885 1.4915271 1.4915271 1.4908105 1.4771534 1.7009751 2.1955106 1.1439716 1.2816299 6.1362855 6.1362855 1.3160956 1.9823112 1.8862826 1.8862826 2.1396751 2.0743719 2.0501342 2.0501342 4.9883287 6.0864199 2.1955106 5.1795411 4.2650718 2.0160862 5.0576738 5.3381194 9.0000000 5.2384065 4.2388627 1.7361020 1.6981962 1.6600844 1.8628748 7.0138549 3.5686874 4.7138103 5.5763769 3.1968042 5.8100665 0.1553650 5.3719337 
Spur_XM_030979732.1                                               2.2053730 2.6677495 3.5711249 2.2303885 1.3864569 2.4851213 2.4051242 0.9065007 1.6317005 2.0686167 2.1451498 1.8973086 1.7953847 2.3672205 3.2011807 2.8475287 3.0451767 0.9107351 1.1286125 0.0000000 0.0021951 1.1774569 1.1432075 0.1804934 1.1957215 1.1645451 0.3180954 0.3891904 0.4554031 1.1894988 0.6332478 1.0785627 1.1177225 0.8826866 0.8810487 0.4543977 0.6353520 0.9715001 1.3108714 1.3296145 1.3316627 1.3363731 2.3416892 2.3416892 1.9820557 1.9820557 2.1145134 2.1145134 1.3540433 0.6806397 0.6215176 0.6609586 0.6215176 0.6609586 1.4443365 1.4443365 1.3388595 1.2738118 0.8122016 0.8122016 0.9052106 0.9052106 1.5129234 1.4214268 1.9054740 2.3549897 0.7465932 1.2986023 2.2461131 2.2461131 1.5723673 1.4306695 1.4682314 1.4897486 1.7106525 1.7196145 1.6907696 1.6849809 4.9669842 3.5240611 2.0602753 3.4769196 4.0805880 1.2987586 3.5277549 3.6866062 1.9393843 3.8126543 2.3830228 1.7013766 1.6902781 2.0650586 2.0284366 3.0865859 2.9155453 3.1846394 3.9220598 2.3248343 4.1193346 1.6410773 3.5936117 
Spur_XM_030979763.1                                               2.2065100 2.6715820 3.5744521 2.2315366 1.3864569 2.4964577 2.3984132 0.9065007 1.6317005 2.0696608 2.1462210 1.8982958 1.7989697 2.3707216 3.2025743 2.8488033 3.0464662 0.9114507 1.1286125 0.0021951 0.0000000 1.1779743 1.1437093 0.1804934 1.1962484 1.1650594 0.3180954 0.3891904 0.4554031 1.1900116 0.6347353 1.0790420 1.1182213 0.8830618 0.8814156 0.4553342 0.6356272 0.9727288 1.3113825 1.3301690 1.3322156 1.3369192 2.3387514 2.3387514 1.9785937 1.9785937 2.1108083 2.1108083 1.3534381 0.6806397 0.6215176 0.6609586 0.6215176 0.6609586 1.4436377 1.4436377 1.3383004 1.2738118 0.8122016 0.8122016 0.9052106 0.9052106 1.5121631 1.4207563 1.9038285 2.3510760 0.7473474 1.2991297 2.2433532 2.2433532 1.5730999 1.4313648 1.4689524 1.4904760 1.7115018 1.7204699 1.6916379 1.6858466 4.9694790 3.5265972 2.0637245 3.4786411 4.0979215 1.3018731 3.5292257 3.6883576 1.9424560 3.8145020 2.3841663 1.7126541 1.7014833 2.0662876 2.0295431 3.0885922 2.9125911 3.1862383 3.9220598 2.3259634 4.1212016 1.6410773 3.5936117 
Spis_XP_022802743_1                                               1.9219334 2.1384414 3.0146886 1.9576422 1.3556344 2.2298326 2.2747659 0.9557662 1.6991847 2.2017128 2.3705336 1.8900680 1.6280026 2.1595264 3.2047713 3.5817329 3.5080475 0.7631499 0.3707497 1.1774569 1.1779743 0.0000000 0.1116439 0.0131799 0.1071376 0.0345132 0.1393352 0.1842880 0.1455458 0.4999730 0.0732772 0.7015242 0.7952835 1.0937347 1.1111217 0.5212618 1.0046776 0.9793100 1.1337904 1.1060885 1.0787602 1.1022656 2.9452712 2.9452712 2.3336810 2.3336810 2.3689425 2.3689425 1.5349566 0.5962050 0.5433200 0.5978712 0.5433200 0.5978712 1.5957027 1.5957027 1.4917557 1.3110084 0.7302712 0.7302712 0.8038934 0.8038934 1.6274175 1.5237107 1.9944200 2.5065522 0.6855005 1.4109196 2.9797995 2.9797995 1.2616821 1.4055646 1.3503898 1.3503898 1.7721263 1.7594318 1.5961410 1.5940497 4.9993044 3.2827431 2.0749409 3.3565499 4.1228626 1.3165532 3.6141964 3.3225727 1.7259258 3.7561477 2.7172542 1.6905889 1.6586067 2.0718856 2.3308538 2.8083740 2.8991102 3.1456200 3.3854301 2.3386915 4.7079628 0.5785740 3.7437708 
Gasp_gasp1.m3.16559.m1                                            1.9539802 2.2279363 3.2978143 2.0411059 1.3455464 2.3536076 2.4259711 0.9393090 1.7036206 2.1663482 2.4352295 1.8826982 1.5574692 2.0618725 3.1812955 3.4703745 3.3454852 0.8077368 0.3166913 1.1432075 1.1437093 0.1116439 0.0000000 0.0000010 0.0821087 0.0949856 0.1438209 0.1873471 0.1026064 0.5073158 0.0863164 0.7043776 0.7898211 1.1204317 1.1419797 0.5340423 1.0175663 0.9526770 1.1448838 1.1016994 1.1023105 1.1311813 3.0361757 3.0361757 2.3985974 2.3985974 2.4405632 2.4405632 1.5448307 0.5750209 0.5216477 0.5836778 0.5216477 0.5836778 1.5380513 1.5380513 1.5215355 1.2926876 0.6930146 0.6930146 0.7639041 0.7639041 1.6392769 1.5345874 1.9957873 2.5183641 0.6700240 1.4040924 3.0389491 3.0389491 1.2394337 1.4566143 1.3730224 1.3730224 1.8572301 1.8228925 1.5991316 1.5970270 4.7779162 3.0341733 1.9826087 3.3513481 4.1101324 1.2163007 3.5902252 3.3782305 1.7105490 3.7043263 2.5522087 1.7683765 1.7326726 2.1384864 2.3073290 2.7950417 2.9483552 3.1412659 3.2427134 2.3490363 4.7209404 0.4950064 3.6111130 
Fspp_ffun1.m4.30557.m1                                            0.7569342 0.0000010 0.0000010 0.7636635 0.7636635 0.7636635 0.7314569 0.7244472 0.6936404 0.7094823 0.7177475 0.8123541 0.0000010 0.4838213 1.6556981 1.6809833 1.5669833 0.1861360 0.8109237 0.1804934 0.1804934 0.0131799 0.0000010 0.0000000 0.0000010 0.0129749 0.0131799 0.0977252 0.1953026 0.1066568 0.0000010 0.0966188 0.1113105 0.0840435 0.1496476 0.0000010 0.1460160 3.0056433 0.1623305 0.1812012 0.1780156 0.1912324 0.0000010 0.0000010 0.0000010 0.0000010 0.0000010 0.0000010 0.3242534 0.3242534 0.3200035 0.3200035 0.3200035 0.3200035 0.3200035 0.3200035 0.3420016 0.2758917 0.2459023 0.2459023 0.3344698 0.3344698 0.3216926 0.3401974 0.0000010 0.0000010 0.2459105 0.2662466 2.4601060 2.4601060 0.0786144 0.4933474 0.6565759 0.6565759 0.3288386 0.3116574 0.3321380 0.3321380 6.1267367 4.2897758 5.4849727 2.3485944 2.3920357 1.6410281 2.1722858 2.5608103 3.5006229 2.6078421 1.4945731 0.3581740 0.3581740 1.3180744 0.0000010 2.8556631 1.3023304 2.4947116 3.0812384 0.9747011 3.4483190 0.0000010 2.7510099 
Gfas_gfas1.m1.1522.m1                                             1.9056626 2.1627471 3.0629785 1.9644924 1.3398696 2.2542423 2.4342918 0.9393090 1.6784328 2.1460403 2.3382295 1.9073576 1.5460652 2.0642581 3.1877932 3.4843239 3.3705258 0.7978114 0.3129644 1.1957215 1.1962484 0.1071376 0.0821087 0.0000010 0.0000000 0.0988004 0.1476604 0.1661704 0.1131068 0.4978570 0.0724095 0.6681621 0.7586579 1.1044193 1.1514869 0.5102376 1.0142747 0.9777674 1.1904772 1.1166803 1.0988190 1.1261490 3.1688557 3.1688557 2.3470865 2.3470865 2.3895811 2.3895811 1.5604744 0.6034414 0.5445945 0.6122623 0.5445945 0.6122623 1.5927062 1.5927062 1.5372876 1.3257558 0.7185760 0.7185760 0.7914870 0.7914870 1.6673058 1.5509854 2.0553085 2.5192259 0.6818021 1.3761064 2.9354967 2.9354967 1.2224938 1.4441669 1.4089883 1.4089883 1.8586715 1.8151844 1.5360754 1.5341030 4.8713043 3.1712390 2.0665592 3.2908052 4.0485235 1.2383418 3.6711013 3.2697189 1.6964397 3.6588840 2.6571891 1.7149225 1.6805149 2.0597660 2.2645263 2.8502165 2.9384172 3.1148766 3.2993735 2.2819714 4.6062701 0.5529796 3.8857345 
Pocdam_XM_027201880.1                                             1.9505393 2.1520509 3.0813089 1.9843682 1.3657537 2.2639017 2.3498838 0.9860433 1.6944216 2.1785416 2.3557964 1.9037227 1.5922492 2.1275304 3.1523092 3.5144513 3.5127048 0.7725586 0.3593826 1.1645451 1.1650594 0.0345132 0.0949856 0.0129749 0.0988004 0.0000000 0.1439649 0.2006703 0.1341374 0.5150246 0.0738627 0.7166214 0.8115364 1.0986963 1.1189393 0.4965702 1.0033051 0.9360469 1.1473205 1.1285675 1.0986721 1.0852927 2.9674874 2.9674874 2.3597857 2.3597857 2.4066012 2.4066012 1.5411497 0.5984955 0.5514611 0.6064528 0.5514611 0.6064528 1.5877871 1.5877871 1.5312842 1.3026440 0.7248665 0.7248665 0.7985667 0.7985667 1.6321855 1.5154831 2.0162494 2.4849109 0.6830642 1.4138626 2.9250307 2.9250307 1.2623558 1.4384451 1.3685847 1.3685847 1.7673730 1.7617428 1.5851814 1.5831113 5.0053437 3.1886813 2.0429269 3.3862728 4.0866004 1.2901306 3.6446168 3.2940352 1.8252102 3.7358673 2.7170920 1.6869265 1.6513163 2.0447453 2.3559251 2.7981410 2.9167919 3.1082093 3.3005463 2.3404700 4.6546831 0.5758797 3.6173134 
Adig_XM_015923282.1                                               1.3787296 9.0000000 9.0000000 1.3963528 1.1024449 1.3963528 1.4984248 0.9338334 1.1811542 1.3753181 1.5911951 1.1772927 0.0000010 2.6559328 2.5144859 2.5329644 2.4552511 0.1893799 0.4872848 0.3180954 0.3180954 0.1393352 0.1438209 0.0131799 0.1476604 0.1439649 0.0000000 0.0776788 0.0607338 0.3447424 0.0000010 0.3133390 0.3229468 0.3860996 0.3924813 4.6141193 0.4011017 2.8187624 0.5088615 0.4637369 0.4485395 0.4659352 6.7019760 6.7019760 4.3808237 4.3808237 4.3808237 4.3808237 0.5817276 0.4278468 0.4150059 0.4150059 0.4150059 0.4150059 0.6127737 0.6127737 0.6443433 0.5344786 0.4248043 0.4248043 0.4935054 0.4935054 0.6176532 0.6670769 0.9487462 4.3808237 0.3795023 0.6794226 5.4374681 5.4374681 0.4919595 0.8314459 0.8437968 0.8437968 1.1680399 1.1341732 1.0836104 1.0836104 6.3186477 4.6196866 5.4849727 2.9049137 3.2369188 1.3116989 3.1380809 3.7728036 3.5006229 3.6950933 2.0014667 0.9140831 0.8828996 1.8916313 1.3067546 3.8865197 2.0635366 3.3268228 3.2870599 1.6319516 4.1937832 0.5609059 2.6543172 
Nvec_v1g169128                                                    1.3481975 8.9999981 7.4538286 1.4194518 1.2397464 1.4194518 1.3460166 0.9398766 1.4157116 1.5950524 1.6432079 1.5433750 8.9999987 4.1341638 2.6619575 2.7765416 2.6325295 0.3529128 0.4645638 0.3891904 0.3891904 0.1842880 0.1873471 0.0977252 0.1661704 0.2006703 0.0776788 0.0000000 0.1650607 0.2007844 3.2097067 0.3059610 0.3129032 0.2823446 0.2802451 1.1230024 0.2838746 2.4618025 0.4568421 0.3946438 0.3955224 0.4305184 3.4956060 3.4956060 5.3039851 5.3039851 5.3039851 5.3039851 0.6444540 0.5818835 0.5495590 0.5771217 0.5495590 0.5771217 0.6444070 0.6444070 0.6466528 0.5487325 0.5639055 0.5639055 0.6135416 0.6135416 0.7585588 0.6507623 0.8596701 4.9523151 0.4079069 0.5363114 3.0319431 3.0319431 0.5585250 0.9707579 1.0518857 1.0518857 1.1462161 1.0946314 1.1185398 1.1185398 4.7496735 6.2168228 8.9999985 3.1140438 3.4605482 1.3116989 3.0410356 3.2164698 4.3199097 3.6150709 2.5298813 1.0103099 0.9942079 1.5651229 1.3553477 5.9121968 2.3832719 3.2384141 3.3764919 1.6176880 3.7728246 0.2522354 2.8872134 
Amil_Amillepora04703-RA                                           1.7455684 4.7627349 4.7627349 1.8170818 1.7371972 1.7220314 1.6763231 1.0817620 1.9725988 1.9507073 1.9841943 1.4614723 4.3227247 2.9630317 3.5541640 4.1509060 3.6615997 0.4827099 0.4454003 0.4554031 0.4554031 0.1455458 0.1026064 0.1953026 0.1131068 0.1341374 0.0607338 0.1650607 0.0000000 0.3037387 4.3227247 0.4106446 0.3936019 0.3530611 0.3721007 2.0438086 0.3429644 3.0020955 0.4441274 0.4229778 0.3941341 0.4182133 4.8953368 4.8953368 4.8953368 4.8953368 4.8953368 4.8953368 0.7286386 0.6692773 0.6487509 0.6487509 0.6487509 0.6487509 0.7069762 0.7069762 0.7410759 0.6520566 0.6659071 0.6659071 0.7880056 0.7880056 0.8037486 0.7608939 0.6192933 4.8953368 0.6014289 0.7712542 2.7282651 2.7282651 0.7708059 0.9964386 1.0017759 1.0017759 1.6347250 1.5143019 1.7280860 1.7280860 7.3674422 7.5819811 4.4886314 4.3431333 4.6131518 1.7630011 3.9304527 4.1720961 2.9255682 4.8050634 3.6310479 1.1959271 1.1675157 1.2570710 1.8921202 5.1706812 3.6177874 3.8280598 4.3446420 2.3384174 4.1201024 0.0285313 3.6519871 
Exapal_XM_021037084.2                                             1.8347014 1.9065344 2.8590151 1.9025109 1.3290807 2.1809878 2.5274820 0.9206219 1.5989248 2.2730054 2.2323454 1.9150713 1.6781058 2.3177404 3.2092209 3.4731033 3.7838140 0.8827141 0.6366697 1.1894988 1.1900116 0.4999730 0.5073158 0.1066568 0.4978570 0.5150246 0.3447424 0.2007844 0.3037387 0.0000000 0.1693926 0.7566770 0.8758366 1.2582705 1.2806557 0.3552483 1.0801446 1.0420700 1.1553659 1.1293900 1.0934425 1.1837401 3.2995275 3.2995275 2.4068882 2.4068882 2.5042129 2.5042129 1.6569845 0.5957826 0.5290274 0.5763433 0.5290274 0.5763433 1.6529434 1.6529434 1.5402310 1.4782679 0.7660032 0.7660032 0.8175659 0.8175659 1.7702296 1.5772884 2.3030137 2.8497446 0.8465928 1.4624398 3.6259030 3.6259030 1.3645648 1.4132583 1.4187426 1.4187426 1.9096386 1.8739651 1.7936297 1.7912099 5.3931615 3.4782032 2.0786423 3.5779356 4.3369323 1.3109261 3.6501226 3.8741776 1.6777135 3.8217377 2.6972845 1.6455166 1.6065938 2.3960915 2.1784843 2.9097142 3.0141947 3.2135137 3.3460598 2.6942481 4.9849658 1.0808373 4.5619284 
Nvec_v1g113783                                                    1.1716711 1.0832976 1.0832976 1.0832976 0.0000010 1.7244157 2.9294789 0.0000010 3.9989529 1.2180433 1.3799375 1.0275600 1.3389166 1.5270836 1.5365572 1.7442620 1.8180359 5.4050697 2.1955106 0.6332478 0.6347353 0.0732772 0.0863164 0.0000010 0.0724095 0.0738627 0.0000010 3.2097067 4.3227247 0.1693926 0.0000000 0.3499587 0.4300171 0.4216411 0.4027909 0.3204282 0.6674238 0.3918172 0.3439655 0.4238020 0.4571990 0.4762907 0.5959354 0.5959354 0.5959354 0.5959354 0.5959354 0.5959354 0.6816671 0.0000010 0.0000010 0.0000010 0.0000010 0.0000010 0.5860202 0.5860202 0.6032455 0.0000010 4.5614603 4.5614603 4.5614603 4.5614603 0.7983826 0.4906152 0.5827111 0.5827111 4.8649423 0.5326423 0.5485738 0.5485738 0.5242110 0.9230350 0.9506349 0.9506349 1.0305270 1.0373599 0.8300512 0.8418452 1.5922630 1.0745683 1.0745683 1.5432780 1.8912732 1.2414726 1.2729245 1.1852563 1.1352067 1.7861500 1.0316684 0.9466958 0.9466958 0.7646222 0.6074997 0.6738569 1.4140531 1.3765796 3.1892552 0.9241517 2.0095430 0.2981999 6.9772205 
Dgig_XM_028552594.1                                               2.0862404 2.5066074 3.1372492 2.0604290 1.5123060 2.3848548 2.3241141 1.0118913 1.8606946 2.2201721 2.3346937 1.7368623 1.6600993 2.2908905 3.2784322 3.4507462 3.4401774 0.8295163 0.8264151 1.0785627 1.0790420 0.7015242 0.7043776 0.0966188 0.6681621 0.7166214 0.3133390 0.3059610 0.4106446 0.7566770 0.3499587 0.0000000 0.3260200 1.1051057 1.1420010 0.7666182 0.9887553 1.3205279 1.1900633 1.1011084 1.1003022 1.2218499 2.7698981 2.7698981 2.8069242 2.8069242 2.8059511 2.8059511 1.4523616 0.6857658 0.6187144 0.6200404 0.6187144 0.6200404 1.5579530 1.5579530 1.4909252 1.2207121 0.8057240 0.8057240 0.8845106 0.8845106 1.6381448 1.5927018 2.1013457 2.8545321 0.8056833 1.4383975 3.0051324 3.0051324 1.3375298 1.4504798 1.4510005 1.4510005 1.6677088 1.6027218 1.5489009 1.5579137 4.4828221 2.9680692 1.7487992 3.4131785 4.1067096 1.3154791 3.2102618 3.6536111 1.7329507 3.9301434 2.5874337 1.5343100 1.5221648 2.1792405 2.2175617 3.1243307 2.7312509 3.1506565 3.5681618 2.2531307 4.4214414 1.2925770 3.9152724 
Xesp_028893-T1                                                    2.1400634 2.7618864 3.0568577 2.0608073 1.5263361 2.3707767 2.3575807 0.9949844 1.7693515 2.1308250 2.3398036 1.7639617 1.6896287 2.3538952 3.7230289 3.3008742 3.5636609 0.8727858 0.8477672 1.1177225 1.1182213 0.7952835 0.7898211 0.1113105 0.7586579 0.8115364 0.3229468 0.3129032 0.3936019 0.8758366 0.4300171 0.3260200 0.0000000 1.0490850 1.0902858 0.8360892 1.0129165 1.3268297 1.2044747 1.1252638 1.1058268 1.2334388 2.7351337 2.7351337 2.6815558 2.6815558 2.7196785 2.7196785 1.4470023 0.7091121 0.6680067 0.6819539 0.6680067 0.6819539 1.5162388 1.5162388 1.5144885 1.2498078 0.8066726 0.8066726 0.8861243 0.8861243 1.6654209 1.5401054 2.0876874 2.8423349 0.7965713 1.5825024 3.0220536 3.0220536 1.3232807 1.5199590 1.4337144 1.4337144 1.6596303 1.6277801 1.5497736 1.5443819 4.5846237 3.1599112 1.8695270 3.6243751 4.2673781 1.4347277 3.2908763 3.5329364 1.6444852 4.5990525 2.4745386 1.5674611 1.5549926 2.3600093 2.0547302 3.0360505 2.7504129 3.2235593 3.7415641 2.3238332 4.2841001 1.3038849 3.8838819 
Acagra_model.g4809.t1                                             2.0044986 2.7859638 3.4362398 2.1129344 1.3188409 2.3852148 2.4857380 0.8971733 1.6420484 2.0309553 2.2227978 1.6833005 1.5106229 2.3454541 3.5161766 3.3792657 3.3881290 0.8469977 0.9569500 0.8826866 0.8830618 1.0937347 1.1204317 0.0840435 1.1044193 1.0986963 0.3860996 0.2823446 0.3530611 1.2582705 0.4216411 1.1051057 1.0490850 0.0000000 0.4420770 0.3998514 0.8311083 0.8229312 1.2250477 1.1498074 1.1609848 1.2978966 2.9850578 2.9850578 2.2556727 2.2556727 2.4725787 2.4725787 1.5510127 0.5888535 0.5348666 0.5799147 0.5348666 0.5799147 1.5258817 1.5258817 1.4494845 1.3920200 0.6850116 0.6850116 0.7651475 0.7651475 1.6345852 1.5509498 2.1418826 2.7655763 0.6400762 1.3129340 3.1987362 3.1987362 1.3394813 1.2122649 1.2362670 1.2509875 1.8970295 1.9473180 1.8097573 1.8039635 4.5239215 3.2415641 2.0657848 3.2276602 4.2612297 1.2285664 3.1492169 3.2562707 1.7897490 3.8730904 2.2641386 1.7090285 1.6689292 2.1512553 2.2431833 2.6658223 2.8123649 2.8935948 3.4493146 2.2931870 4.0949205 1.7973480 3.9113158 
Cgig_XM_011456411.3                                               2.0415479 2.6798299 3.1563622 2.0642668 1.3186272 2.2892667 2.5364613 0.9003292 1.6345270 2.0801461 2.2534283 1.8038996 1.4402776 2.1524945 3.4541736 3.7134734 3.5312071 0.8789927 0.9736961 0.8810487 0.8814156 1.1111217 1.1419797 0.1496476 1.1514869 1.1189393 0.3924813 0.2802451 0.3721007 1.2806557 0.4027909 1.1420010 1.0902858 0.4420770 0.0000000 0.3227875 0.8686050 0.8210377 1.3041164 1.2357030 1.2068713 1.4141662 2.6670369 2.6670369 2.2684316 2.2684316 2.4225760 2.4225760 1.5199287 0.6309627 0.5914871 0.6311800 0.5914871 0.6311800 1.4827554 1.4827554 1.4306766 1.3816627 0.7524660 0.7524660 0.8402023 0.8402023 1.6300063 1.4527700 2.0133404 2.4825414 0.6171427 1.3604915 2.9873383 2.9873383 1.4492368 1.3026725 1.3452500 1.3452500 2.0802977 2.1469859 1.9632473 1.9571206 4.5488668 3.2406460 2.1218704 3.4387310 4.5493251 1.1685778 3.5961568 3.6681165 2.0663348 4.2366941 2.5147120 1.9040898 1.8784514 2.5019469 2.2966906 2.6559204 2.9736702 3.2274472 3.4658104 2.4878166 4.7672928 1.9473322 4.0297532 
Ctel_gnl_WGS_AMQN_CAPTEDRAFT_mRNA103637                           1.3309179 1.2911751 1.2911751 1.3124086 3.2121716 2.0827771 4.6236438 0.0000010 4.8507982 1.1666673 1.2716661 0.9826226 1.2708618 1.5008509 1.4919496 1.6583510 1.5296547 4.9592902 1.2870067 0.4543977 0.4553342 0.5212618 0.5340423 0.0000010 0.5102376 0.4965702 4.6141193 1.1230024 2.0438086 0.3552483 0.3204282 0.7666182 0.8360892 0.3998514 0.3227875 0.0000000 0.5123566 0.3153011 0.5555015 0.7275109 0.7615883 0.7091218 0.5756094 0.5756094 0.5756094 0.5756094 0.5756094 0.5756094 0.7769989 1.2067612 1.2067612 1.2067612 1.2067612 1.2067612 0.6831117 0.6831117 0.6101594 1.2067612 3.4128143 3.4128143 3.4128143 3.4128143 0.7178754 0.6733514 0.6452385 0.6148340 5.2304626 0.5292944 0.5019252 0.5019252 0.7862041 0.7448278 0.8062752 0.8062752 0.9191511 0.9233888 0.7555437 0.7683353 1.3114019 1.6914498 1.4552824 1.3936098 1.7464519 1.2442581 1.2114284 1.3083396 1.0909024 1.8146796 1.2190375 0.8999424 0.8999424 0.8032981 0.6039080 0.8237506 1.6833771 1.4989846 3.8019383 1.3959112 2.4884353 0.9526003 6.4822709 
Skow_XM_006816621.1                                               2.0387553 2.1103488 3.0833239 1.9285378 1.2950154 2.1396843 2.2813133 0.9785295 1.6120659 1.8765984 1.9596424 1.6727586 1.8795620 2.3932718 3.4779121 3.6551443 3.3158142 0.6892046 0.7501520 0.6353520 0.6356272 1.0046776 1.0175663 0.1460160 1.0142747 1.0033051 0.4011017 0.2838746 0.3429644 1.0801446 0.6674238 0.9887553 1.0129165 0.8311083 0.8686050 0.5123566 0.0000000 0.9119445 1.3492042 1.1507844 1.1402836 1.1739287 2.5654890 2.5654890 1.8942494 1.8942494 1.9112346 1.9112346 1.4505492 0.6129362 0.5800404 0.6406414 0.5800404 0.6406414 1.4874704 1.4874704 1.3648967 1.2841013 0.7777968 0.7777968 0.8666247 0.8666247 1.5568642 1.4928747 1.9891581 2.3231433 0.7276317 1.2039914 2.4866068 2.4866068 1.3829713 1.2732217 1.4305396 1.4520048 1.7311956 1.7414124 1.7532074 1.7473498 4.0514259 3.5506295 2.3045931 3.3151276 3.9226663 1.4168016 3.1485041 3.3578359 1.9731628 4.0314400 2.2422286 1.6871137 1.6609994 2.2020068 2.1066391 3.0910237 2.7015295 2.8855205 3.7112578 2.4834778 3.9646351 1.5244088 3.4016997 
