84
Mlei_ML0074.g6.i1                                                  0.0000000 0.2686319 0.5621411 0.7843884 1.8229032 1.1649775 1.7941538 1.4998729 2.2334196 2.3017246 2.0171956 2.2446248 2.1631363 2.4391374 2.2098150 1.2676923 1.4443239 1.6873759 1.1547727 1.9802238 2.0913048 1.4450303 1.2256405 1.1486574 1.2693895 1.1795709 1.1826456 1.2947380 1.4593282 1.3938393 1.4289135 1.3588884 1.4177209 1.4535364 1.0788604 3.9350209 0.9978951 1.5193164 1.3698908 1.1650248 1.1650248 1.3324691 1.1768762 1.1187137 1.2380646 1.2767790 1.2767790 1.2464328 2.9880184 1.3539013 1.3539013 1.5484556 1.4045028 1.4045028 1.2937172 1.3164952 1.5721807 1.5774262 1.4221250 1.4438687 2.4349876 1.3305597 1.7492387 2.7890437 0.0000010 1.6118464 2.9398222 3.0648609 3.5023419 3.3222178 2.7795525 2.9730925 2.8582877 3.6735071 3.7539567 3.9984085 8.9999981 9.0000000 9.0000000 0.0000010 3.9879904 3.3781178 0.0000010 6.2664929 
Lampan_Lpan_C407075_01                                             0.2686319 0.0000000 0.5605861 0.8179384 2.0532205 1.3253578 1.8701684 1.6161521 2.4883889 2.4513596 2.0305759 2.4238254 2.0297080 2.3471036 2.4613059 1.4353085 1.5560601 1.8982614 1.2648851 2.1214201 2.1251825 1.6461243 1.4748647 1.2960141 1.4772100 1.3999232 1.3756652 1.5497115 1.7524371 1.6577936 1.6424158 1.6464806 1.6995327 1.5129722 1.0988073 3.9350209 1.1506329 1.9202666 1.4608266 1.2504204 1.2504204 1.4465981 1.2937201 1.3052048 1.3927020 1.4276733 1.4276733 1.3207331 3.1762813 1.5590993 1.5590993 1.7625106 1.5778580 1.5778580 1.2805909 1.4278785 1.7874523 1.7968066 1.5361825 1.7447114 2.6020412 1.4834278 2.0764377 3.4812470 0.0000010 1.6655972 2.6885368 2.5842799 3.0245510 3.7621380 2.9200515 3.1970476 2.9938345 3.8302966 3.9140058 3.6608987 8.9999981 9.0000000 9.0000000 0.0000010 4.5674682 3.3233356 0.0000010 6.3441265 
Pbac_sb2645682                                                     0.5621411 0.5605861 0.0000000 0.3471012 2.1431452 1.2268430 2.2848411 1.7855282 2.2532562 2.6461565 2.1900249 2.4262033 2.2524974 2.5349640 2.7477151 1.3102402 1.7473045 2.0691416 1.1560722 2.1652848 2.2939755 1.5963099 1.5575263 1.3318568 1.4438331 1.5134329 1.4744119 1.5268657 1.7647439 1.5310761 1.6397632 1.6238424 1.7631725 1.5078598 1.1146733 3.9350209 1.0567630 1.8305557 1.4442775 1.3016120 1.3016120 1.5515198 1.4247876 1.2398567 1.3816424 1.3930437 1.3930437 1.3556271 3.2817719 1.4300702 1.4300702 1.7025237 1.6615002 1.6615002 1.2204221 1.4165589 1.5472032 1.9383775 1.6434479 1.7518763 2.4863773 1.4915665 1.8547911 3.5632817 0.0000010 1.6980563 3.2277333 3.4227704 3.3957334 3.5195740 3.3974894 3.7603276 3.8528834 3.9362495 3.9537781 7.8723015 8.9999980 9.0000000 9.0000000 0.0000010 4.0411608 3.7965676 0.0000010 8.9999988 
Pbac_sb2645681                                                     0.7843884 0.8179384 0.3471012 0.0000000 2.2522003 1.9034799 2.1758392 2.0454563 2.0149896 2.0901450 1.7282528 1.9477348 2.5134848 2.0495127 2.1272303 1.4955149 1.5761519 1.5939264 1.2420277 1.5390549 1.8637281 1.3981398 1.4371709 1.5636042 1.2799724 1.3714684 1.3657656 1.7417241 1.4992429 1.4410381 1.4684721 1.4333123 1.4361028 1.3321683 1.3558429 1.1061078 1.2832473 1.4586443 1.2101123 1.3821610 1.1545024 1.1759259 1.5991548 1.1624540 1.6949722 1.8224801 1.8224801 1.7407875 1.9294533 1.7808885 1.7071513 1.7737607 1.3895623 1.3895623 1.3509255 0.9491563 1.5280312 1.4141709 1.3713008 1.4766222 1.8944935 1.4331086 1.9260190 2.2332013 1.2816556 1.8873793 2.2537962 2.0570053 2.4974364 1.9078256 2.2709699 2.2186147 2.3822173 2.3963727 2.6564110 1.4248502 3.7067634 3.1491895 3.1491895 1.7595522 4.0735277 3.6958341 0.8004533 5.8731607 
Sros_EGD83117                                                      1.8229032 2.0532205 2.1431452 2.2522003 0.0000000 0.8091923 1.4179761 1.3274069 0.6511931 1.3968382 1.0440047 1.4788789 1.8002514 1.4388901 1.3308773 2.0045750 2.0614474 2.2553312 1.2005043 2.1913521 2.2252235 2.1417281 2.1127495 1.9834118 2.1547171 2.1876323 2.2958065 1.9457985 2.0452613 1.8940500 1.9405621 1.4067194 1.3227537 2.0069011 1.8814721 1.3590138 1.3401632 2.0187894 1.9219878 2.0603741 2.0285020 1.7654572 1.7809141 1.8113652 2.1938539 2.0745822 2.0801764 2.1332215 2.7538970 1.9079543 2.1423433 1.7049387 1.5820280 1.5820280 1.8300405 1.8557178 2.1419276 2.3426409 2.2576742 2.3194228 1.8955730 1.7342348 1.7714779 2.4198814 2.4768086 2.2467944 3.3994022 2.9662837 3.3943105 3.4883722 3.6734514 3.5338214 3.2139438 4.2425416 3.2656624 3.8996343 3.3366734 3.1080131 3.1080131 3.0242458 3.8543694 4.3036705 3.1210688 7.8122913 
Mbre_EDQ92333                                                      1.1649775 1.3253578 1.2268430 1.9034799 0.8091923 0.0000000 0.8929756 0.8021478 0.7736499 0.8247633 0.8515485 1.0261418 1.0237859 0.9401552 1.0729690 1.3814644 0.9793969 1.0047606 1.1611829 1.0589411 1.4184331 0.9124208 1.2356176 1.1765025 1.3065870 1.2803837 1.2904788 1.1521256 1.0207956 1.1630904 1.1203853 1.2795252 1.1420481 1.2849802 1.1577100 1.3309288 1.0091570 1.1290597 1.0497839 1.8212648 1.1814594 1.3735223 1.1687118 1.1969803 1.2781943 1.2662155 1.2662155 1.2712009 1.7547634 1.3121844 1.3121844 1.2871462 1.1165193 1.1165193 0.9577673 1.1230477 1.1675679 1.3743977 1.4738033 1.2816176 1.7050202 1.3917022 1.2982696 1.9090275 1.1871300 1.4190825 2.6440552 2.3781665 2.2301632 3.0437930 2.6919421 3.1353898 2.7269063 3.7541924 2.7545042 1.6905972 2.3413005 1.7538104 1.7538104 1.6933423 3.1210043 3.3788951 0.8239925 7.9051447 
Choper_EP00045_Choanoeca_perplexa_P004950                          1.7941538 1.8701684 2.2848411 2.1758392 1.4179761 0.8929756 0.0000000 0.5752288 1.6049554 1.4176382 1.1491585 1.3805999 1.7108475 1.4167467 1.7210233 2.3749717 2.0046880 1.8424829 1.3362209 1.9204891 2.2956990 1.9503117 2.0183399 1.9254715 2.2509780 1.9830337 2.1192009 1.9403188 1.7495662 2.1597406 2.2320301 1.9808506 1.5393852 1.9914562 2.1565385 1.3242522 1.4932088 1.8039074 1.9428953 2.2944196 1.7976772 2.0441431 1.8280463 2.0296047 2.0715451 2.0247315 2.0249301 2.0879719 2.5172550 2.1106315 2.1004916 1.6651829 1.7796521 1.7796521 1.6204128 2.0678933 2.0318861 2.3163065 2.2699903 2.4362184 2.3219772 1.9791447 2.0363394 2.7725195 2.4567016 2.1662060 2.9250859 3.1301104 2.8738665 3.3023529 3.2766529 3.6149508 3.3953095 4.4623091 3.0307464 2.9705870 2.9630215 3.0033763 3.0033763 2.8544813 3.9570254 4.5141164 2.6760519 8.9631831 
Chofle_EP00730_Choanoeca_flexa_P018941                             1.4998729 1.6161521 1.7855282 2.0454563 1.3274069 0.8021478 0.5752288 0.0000000 1.3035903 1.2613105 1.0431581 1.1958035 1.5037046 1.3103696 1.4741756 1.9584623 1.8056029 1.6109295 1.2474688 1.6848706 1.9160905 1.7235416 1.7258438 1.5811045 1.9298050 1.8921361 1.9501548 1.7441325 1.6069351 1.6903734 1.6474759 1.7896494 1.5815789 1.7801495 1.7360618 1.5876186 1.3976913 1.7886872 1.6152780 2.0010321 1.6298129 1.7395319 1.8705878 1.9131702 2.0509970 2.0261279 2.0458310 2.0059286 2.4575856 1.9089362 1.9089362 1.6941512 1.7138642 1.7138642 1.6672158 1.8957022 1.8973339 1.9654920 1.9863345 2.0469420 2.1444401 1.7113569 1.7610344 2.5782713 2.0791590 2.1812318 3.3623718 3.2474925 3.0398977 3.5630858 2.8249517 3.5597109 3.2042182 4.0273197 2.8308291 2.8660088 3.1375094 2.5737794 2.5737794 2.4733452 4.0408780 4.5176283 1.9934677 8.9999985 
Microa_EP00043_Microstomoeca_roanoka_P009657                       2.2334196 2.4883889 2.2532562 2.0149896 0.6511931 0.7736499 1.6049554 1.3035903 0.0000000 1.3157174 0.9822778 1.4567674 1.5689302 1.5509246 1.4491251 1.9764981 2.0501990 1.9961185 1.1322920 1.9723986 1.9367095 1.8378957 2.1111713 1.9646627 2.0695902 2.0508713 2.0078448 1.8531452 2.0768719 2.0721557 1.9982927 1.4463135 1.3952636 2.0170374 1.6869152 1.2089483 1.2409603 2.1100711 1.5221101 2.0673688 1.8899629 1.7723548 1.6498162 1.7567492 2.1161088 1.9767332 1.9733499 2.0357875 2.5639287 1.8982701 2.0242779 1.6819713 1.6827123 1.6827123 1.6891577 1.8941097 1.9139192 2.3348955 2.1149863 2.0817663 1.8536438 1.7209581 1.4840243 2.3676211 2.4171485 2.1810632 2.9562539 2.7732831 3.1280092 3.2358843 3.2786988 3.4857190 3.1328355 4.0685218 3.2620926 3.1168600 3.4795590 2.8708494 2.8708494 2.7049933 4.0836632 3.7673546 3.9186616 7.8579384 
Salinf_EP00049_Salpingoeca_infusionum_P022382                      2.3017246 2.4513596 2.6461565 2.0901450 1.3968382 0.8247633 1.4176382 1.2613105 1.3157174 0.0000000 1.0219383 1.4368668 1.6031690 1.3643029 1.4771449 1.7815793 1.8953782 1.9817632 1.2118191 2.1077349 2.2431010 1.9841461 1.9351836 1.7785541 2.1010113 2.0644021 2.1328203 1.7995745 2.1212797 1.9831911 2.0240988 1.4732286 1.3408783 1.7317082 1.8039494 1.0206263 1.1494143 1.9746207 1.6360398 1.7602468 1.5921788 1.7001655 1.9433601 1.7454911 2.4407976 2.3622444 2.3665755 2.2277770 2.8225014 2.0479329 2.3380684 1.7803912 1.5009805 1.5009805 1.8122030 1.8401997 1.9181938 2.3551843 2.1980184 2.3860733 1.9697758 1.5464464 1.7124512 2.7246643 2.7391073 2.3384726 3.2258531 2.9146869 3.0987238 4.4142673 3.8644751 3.0457610 2.6545097 4.4975839 2.9544083 3.7748834 4.0677126 3.4245480 3.4245480 3.2537273 3.7248205 4.3869844 3.0497586 6.9262880 
Mylflu_EP00047_Mylnosiga_fluctuans_P004229                         2.0171956 2.0305759 2.1900249 1.7282528 1.0440047 0.8515485 1.1491585 1.0431581 0.9822778 1.0219383 0.0000000 1.2496883 1.0986736 0.9260198 1.0779217 1.4602639 1.4571380 1.4317699 1.2386490 1.5152309 1.7453496 1.3507600 1.2659602 1.3160584 1.3840822 1.3684139 1.4730311 1.3955804 1.4069351 1.6488756 1.6259299 1.3341743 1.4522580 1.5929667 1.1753337 1.3302405 1.0798235 1.5564786 0.9620925 1.6008854 1.0948995 1.5655423 1.5802589 1.4397724 1.5505073 1.5264236 1.5264236 1.4971765 2.1435814 1.5035797 1.5035797 1.3537165 1.3593901 1.3593901 1.0925178 1.6300464 1.5153515 1.5172372 1.7617156 1.5742826 2.0492114 1.3491808 1.2190310 2.1825065 1.4001730 1.5763857 2.7113635 2.6678682 2.8807646 3.7215118 3.1237002 3.4466843 3.2809703 3.4742039 3.1307739 2.2247615 2.4014540 2.0894364 2.0894364 2.0291106 3.8450467 3.9861608 0.8913899 8.5980094 
Salmac_EP00052_Salpingoeca_macrocollata_P008001                    2.2446248 2.4238254 2.4262033 1.9477348 1.4788789 1.0261418 1.3805999 1.1958035 1.4567674 1.4368668 1.2496883 0.0000000 1.1719511 1.3260590 1.1719188 1.5277181 1.4607262 1.4474965 1.3349085 1.5421222 1.7026814 1.3239580 1.4132475 1.4384444 1.6225495 1.5587024 1.5572986 1.3684045 1.4868532 1.5640196 1.4877452 1.4274248 1.2771733 1.4434049 1.1357911 1.3678873 1.1140915 1.3474617 1.3086144 2.3700941 1.4726128 1.5060064 1.2596541 1.4739104 1.5078487 1.4717479 1.4717479 1.4008426 2.1059664 1.3481918 1.4142620 1.4304498 1.2545913 1.2545913 1.0523678 1.3992653 1.6459471 1.5525453 1.5962433 1.4789969 2.2189490 1.5819163 1.4023183 2.0707143 1.2296509 1.9492859 2.6651218 2.3540602 2.4869652 2.6372769 3.0559590 3.6559745 3.0862551 3.9602132 2.9500191 2.2381747 2.5349715 2.3808350 2.3808350 2.3242388 4.6085564 4.5915086 0.9729795 7.5126421 
Salpun_EP00053_Salpingoeca_punica_P017058                          2.1631363 2.0297080 2.2524974 2.5134848 1.8002514 1.0237859 1.7108475 1.5037046 1.5689302 1.6031690 1.0986736 1.1719511 0.0000000 1.2906888 1.6450519 1.8840739 1.9038400 1.9859139 1.2528340 1.9451038 2.1847184 1.7609214 1.6306277 1.7878008 1.9626254 1.9466109 2.0092594 1.7913656 1.8849546 1.7473121 1.7457591 1.3562414 1.3023713 1.7091146 1.9127050 1.5086343 1.3411303 1.9318584 1.6590463 1.8987684 1.4212365 1.6120851 1.6101409 1.7822740 1.7153707 1.7155443 1.7118771 1.7232136 2.1720738 1.9225976 1.9225976 1.7044816 1.6727436 1.6727436 1.4600983 1.7142681 1.7110147 1.9250542 1.8045476 2.0135656 2.2090801 1.7698237 1.8014238 2.3824558 2.0348059 2.4880540 3.2179652 3.3036064 3.1431745 3.7636530 3.7573916 3.7918903 3.5001676 4.0321924 3.3507440 3.1564648 3.4230084 2.7128100 2.7128100 2.6246362 5.1620395 4.9136010 2.4334961 8.3766405 
Saldol_EP00054_Salpingoeca_dolichothecata_P010556                  2.4391374 2.3471036 2.5349640 2.0495127 1.4388901 0.9401552 1.4167467 1.3103696 1.5509246 1.3643029 0.9260198 1.3260590 1.2906888 0.0000000 1.0769092 1.5761202 1.6340461 1.6159658 0.9716720 1.5186956 1.6864869 1.4471270 1.3972415 1.5404715 1.6348044 1.6176514 1.6071106 1.4534621 1.5858753 1.4790169 1.4881311 1.2076451 1.1157351 1.6351483 1.6952363 1.0857228 1.2474670 1.6264727 1.4347349 1.8363318 1.4315796 1.6025602 1.3842912 1.7091362 1.6779286 1.6374553 1.6532830 1.6848911 2.1506344 1.6142742 1.6142742 1.6688474 1.3572686 1.3572686 1.4664065 1.2827965 1.6544642 1.7979348 1.7300703 1.7196838 1.6939078 1.3658763 1.6412871 2.8362223 1.6946656 2.0353874 2.9906186 3.0585641 3.3398119 3.7213290 4.0056239 3.0089785 3.0529681 4.0171390 2.7848288 2.8152404 2.9325690 3.0248118 3.0248118 2.9435561 4.1931884 4.8483820 2.3694680 6.9959474 
Codhol_EP00042_Codosiga_hollandica_P032300                         2.2098150 2.4613059 2.7477151 2.1272303 1.3308773 1.0729690 1.7210233 1.4741756 1.4491251 1.4771449 1.0779217 1.1719188 1.6450519 1.0769092 0.0000000 1.6095049 1.7216014 1.5832058 1.2684998 1.6161276 1.9263240 1.4476025 1.4396373 1.7164613 1.7826692 1.6495964 1.7397462 1.6554199 1.6097500 1.4887889 1.4787244 1.3124112 1.0646619 1.5741606 1.7852638 1.0503589 1.2814772 1.6993598 1.6739108 2.3540518 1.6867433 1.4921353 1.2633669 1.7439255 1.5258408 1.5029949 1.5053865 1.5170652 2.0345461 1.3877594 1.3870317 1.7063033 1.4362001 1.4362001 1.3313129 1.5423725 1.7591295 1.7588906 1.8561135 1.8103231 1.9526196 1.7209709 1.6668542 2.0251479 1.6242275 2.1413691 2.9894722 2.8721121 3.2302114 3.4443950 3.1223024 3.4843228 3.3303514 4.0724007 3.0748052 2.2049514 2.7986413 2.4601315 2.4601315 2.4119570 4.9771212 4.7307511 2.0241426 7.4604295 
Hvul_g16020_1                                                      1.2676923 1.4353085 1.3102402 1.4955149 2.0045750 1.3814644 2.3749717 1.9584623 1.9764981 1.7815793 1.4602639 1.5277181 1.8840739 1.5761202 1.6095049 0.0000000 1.1170415 0.9531729 0.6219694 0.9785456 1.2661143 1.1848321 1.1342819 1.2024827 1.0833214 1.0133668 0.9920591 1.2757400 1.2899245 1.3412836 1.2322258 1.0850195 0.8755765 1.4597039 1.5633925 1.1430099 1.0276974 1.4666229 1.4441050 1.3745000 1.4141769 1.1978445 1.2555843 1.2473273 1.5638483 1.3831748 1.4114140 1.5241125 2.0014565 1.5012546 1.5827942 1.3621357 1.4818939 1.4818939 1.5254816 1.7196241 1.0171749 1.4110287 1.6167882 1.6921614 1.2776651 1.2144979 2.0630535 2.4380466 1.7997194 1.5541006 3.6063830 3.0056536 3.3028025 3.8805034 3.7980651 3.8811013 3.5810477 4.4620075 3.2043951 2.1777005 2.8018623 2.2446582 2.2446582 2.2046971 3.8085054 4.1823499 3.0053192 7.7971799 
Amil_Amillepora14828-RA                                            1.4443239 1.5560601 1.7473045 1.5761519 2.0614474 0.9793969 2.0046880 1.8056029 2.0501990 1.8953782 1.4571380 1.4607262 1.9038400 1.6340461 1.7216014 1.1170415 0.0000000 0.2388720 0.1881914 0.3671092 0.5254889 0.8460717 0.7554809 0.8303392 0.9363451 0.9301029 0.9377930 0.9573474 1.0683012 1.0469911 1.0683904 1.0094830 0.8634753 1.2276741 1.5824385 0.9704910 0.9379736 1.1138139 1.3143412 1.5027134 1.2544453 1.1605433 1.0349394 1.1128012 1.1780255 1.1361169 1.1586701 1.2176508 1.7059107 1.1731418 1.2743122 1.2567945 1.2576222 1.2576222 1.1298431 1.3796218 1.2895538 1.6366495 1.4906665 1.5258493 0.6029291 1.2124515 2.1425325 2.4330805 1.4103260 1.6597294 3.5674892 3.0261596 3.0474859 3.6285429 3.6770279 3.5062095 3.1726853 4.4839061 2.7969924 2.7635853 3.3643460 2.8102650 2.8102650 2.7607235 3.6346386 4.5441332 2.5577375 6.8491412 
Gfas_gfas1.m1.17085.m1                                             1.6873759 1.8982614 2.0691416 1.5939264 2.2553312 1.0047606 1.8424829 1.6109295 1.9961185 1.9817632 1.4317699 1.4474965 1.9859139 1.6159658 1.5832058 0.9531729 0.2388720 0.0000000 0.1008351 0.2412286 0.4036286 0.8331479 0.7472052 0.7285742 0.7655785 0.7748517 0.7558190 0.7943029 1.1019112 1.0284907 1.0579074 0.9610946 0.8048566 1.0520938 1.3241270 0.8950543 0.8743036 0.9669287 1.1881966 1.4689083 1.1987104 1.1181121 1.0042550 1.0054755 1.1426579 1.1417576 1.1637846 1.1665756 1.6692752 1.0478891 1.2031668 1.1286419 1.1792469 1.1792469 1.0894896 1.2096415 1.2510093 1.4955222 1.2989141 1.4593016 0.6222854 1.0939042 1.8968214 2.2790205 1.3378389 1.5073571 3.5355915 2.7943733 3.0891698 3.5646894 3.7518668 3.4014520 3.1678844 4.6775405 2.7391979 2.7682875 3.3566293 3.0299113 3.0299113 2.9321090 3.6944969 4.4811808 2.5016925 7.1485207 
Spis_XP_022810376_1                                                1.1547727 1.2648851 1.1560722 1.2420277 1.2005043 1.1611829 1.3362209 1.2474688 1.1322920 1.2118191 1.2386490 1.3349085 1.2528340 0.9716720 1.2684998 0.6219694 0.1881914 0.1008351 0.0000000 0.0968965 0.1092446 0.3760542 0.4088191 0.3828842 0.4620598 0.5409162 0.5285728 0.4367350 0.4710291 0.5004766 0.5544863 0.6561574 0.5739164 0.5667943 0.8358651 0.9196379 0.7730792 0.4686381 0.7478565 1.6354168 0.8183891 0.5990016 0.5835714 0.7123736 0.6456301 0.6553948 0.6553948 0.6475441 0.6584020 0.7230334 0.7230334 0.7384987 0.8131625 0.8131625 0.6547740 0.7714755 0.7528013 0.8056114 0.8474672 0.8901681 0.5044734 1.0007335 1.2939225 1.2382908 0.5950594 0.6577235 2.5544163 2.2037299 2.1574999 2.1287213 2.4660171 2.8477231 2.9782905 3.3218009 2.6112700 0.9849923 1.4468204 1.5819263 1.5819263 1.4654057 4.7329958 2.4926062 0.1362791 5.5384970 
Gasp_gasp1.m3.30493.m1                                             1.9802238 2.1214201 2.1652848 1.5390549 2.1913521 1.0589411 1.9204891 1.6848706 1.9723986 2.1077349 1.5152309 1.5421222 1.9451038 1.5186956 1.6161276 0.9785456 0.3671092 0.2412286 0.0968965 0.0000000 0.2526215 0.7684467 0.7052852 0.7048577 0.8312170 0.7943642 0.8209746 0.8304390 0.9667317 1.0060936 1.0246448 0.9768542 0.8020504 1.0911935 1.4757943 0.9715895 0.9731908 0.9842573 1.1954322 1.4552736 1.1737530 1.1024653 1.0400993 1.0556723 1.1738155 1.1713160 1.1939007 1.1918903 1.5986495 1.0288983 1.1671322 1.3172640 1.2345592 1.2345592 1.1309773 1.2604014 1.2284807 1.6208335 1.3013481 1.4883039 0.5540303 1.2037191 2.0979157 2.4514444 1.3026240 1.4199229 3.7114747 2.9961129 3.1369478 3.6045892 4.0707425 3.4471962 3.1648594 4.6316089 2.7259718 2.6308187 3.2294923 2.9946050 2.9946050 2.8264544 3.6607786 4.1969325 2.4406966 6.4316872 
Fspp_ffun1.m4.24294.m1                                             2.0913048 2.1251825 2.2939755 1.8637281 2.2252235 1.4184331 2.2956990 1.9160905 1.9367095 2.2431010 1.7453496 1.7026814 2.1847184 1.6864869 1.9263240 1.2661143 0.5254889 0.4036286 0.1092446 0.2526215 0.0000000 0.9027020 0.9624354 0.9975935 1.0841219 1.0339255 1.0129195 1.0082318 1.2264845 1.2558893 1.2277211 1.1333635 0.9557318 1.3349821 1.7854283 1.1227659 1.3072878 1.2228756 1.4800661 2.0222793 1.4558408 1.4337064 1.3378748 1.2826406 1.5148853 1.5072845 1.5368256 1.5368467 1.6021913 1.3839511 1.5215608 1.5410422 1.4208275 1.4208275 1.3910215 1.2251192 1.3755730 1.8419905 1.6192616 1.7944119 0.9910556 1.4682479 2.3730824 2.3645372 1.4248173 1.9345816 3.7411104 2.8537071 3.0792349 3.8559100 3.9364417 3.7446359 3.6278041 5.3821828 3.1743959 2.5128894 3.1214399 2.8516754 2.8516754 2.7785044 4.1754610 4.4309060 2.3983888 7.5837954 
Nvec_v1g137807                                                     1.4450303 1.6461243 1.5963099 1.3981398 2.1417281 0.9124208 1.9503117 1.7235416 1.8378957 1.9841461 1.3507600 1.3239580 1.7609214 1.4471270 1.4476025 1.1848321 0.8460717 0.8331479 0.3760542 0.7684467 0.9027020 0.0000000 0.8346579 0.9104027 1.0519392 1.1064687 1.0712405 1.0617395 1.1385951 1.1716037 1.1840162 0.8376005 0.7347384 1.1688657 1.4071507 1.0375009 0.9636606 1.0412395 1.2226237 1.3686491 1.2027751 1.2066703 1.0746021 1.2759850 1.2842977 1.2197075 1.2266120 1.2278405 1.6908244 1.3395181 1.4598151 1.4008480 1.2862907 1.2862907 1.1005498 1.5787411 1.1582395 1.7031782 1.6081497 1.5264979 1.0294263 1.1681719 2.0670448 2.6196751 1.2809842 1.7470192 3.6141251 3.3017540 3.1155444 3.8512763 4.0438958 4.1950268 3.3842305 4.6990335 2.7714063 3.1861356 3.4094365 2.7748906 2.7748906 2.7471127 4.2376064 4.3765856 2.3005653 6.3466680 
Exapal_XM_021044497.2                                              1.2256405 1.4748647 1.5575263 1.4371709 2.1127495 1.2356176 2.0183399 1.7258438 2.1111713 1.9351836 1.2659602 1.4132475 1.6306277 1.3972415 1.4396373 1.1342819 0.7554809 0.7472052 0.4088191 0.7052852 0.9624354 0.8346579 0.0000000 0.8762616 0.8893600 0.9367298 0.9660321 1.0599182 1.0497153 0.9729201 1.0467582 0.8203009 0.7664018 1.0290522 1.5335910 1.0378366 0.9348446 1.0371832 1.2843139 1.3712652 1.2295405 1.0330203 0.9868275 1.1165620 1.3127972 1.2221089 1.2293372 1.2939914 1.8213441 1.2246607 1.3684183 1.3120863 1.2389822 1.2389822 1.2352781 1.4242914 1.1875388 1.5005323 1.4122717 1.5310452 0.9096756 1.2487527 2.1521505 2.3142300 1.3496918 1.5923009 3.1396480 2.7802092 3.1874517 3.3428231 3.8045807 3.5417557 3.4122700 4.2867493 3.1820018 3.1329098 3.5719743 2.9626754 2.9626754 2.9247387 3.9922195 4.7093037 2.7133372 7.0187507 
Dgig_XM_028551897.1                                                1.1486574 1.2960141 1.3318568 1.5636042 1.9834118 1.1765025 1.9254715 1.5811045 1.9646627 1.7785541 1.3160584 1.4384444 1.7878008 1.5404715 1.7164613 1.2024827 0.8303392 0.7285742 0.3828842 0.7048577 0.9975935 0.9104027 0.8762616 0.0000000 1.0575535 1.0777287 1.0385895 0.4648668 1.0761158 1.0721703 1.0520872 1.0702802 0.9244497 1.0881638 1.7061939 1.0829663 0.9973001 1.1383184 1.2742173 1.5757810 1.2566147 1.1295751 1.0110295 1.0985849 1.2974753 1.3675696 1.3796854 1.2443669 1.7518926 1.3368538 1.4363249 1.3168721 1.3641632 1.3641632 1.2857273 1.3075837 1.2208251 1.7384486 1.7353810 1.5421598 0.9257017 1.0795299 2.0508149 2.4587541 1.4999683 1.5197552 3.6914473 3.0527502 3.0431563 3.7406451 3.4632369 3.3695365 3.1690783 4.0726076 2.8115684 3.1759043 3.2172100 2.9964970 2.9964970 2.9786779 4.3252762 4.2211225 2.2547889 7.9092284 
Aaur_scaffold890.g15.t2                                            1.2693895 1.4772100 1.4438331 1.2799724 2.1547171 1.3065870 2.2509780 1.9298050 2.0695902 2.1010113 1.3840822 1.6225495 1.9626254 1.6348044 1.7826692 1.0833214 0.9363451 0.7655785 0.4620598 0.8312170 1.0841219 1.0519392 0.8893600 1.0575535 0.0000000 0.5715985 0.5011096 1.0344558 1.2268101 1.1475303 1.2000142 1.0448274 0.7749901 1.2712482 1.4568417 1.1917356 0.9885628 1.2612538 1.2581590 1.3715837 1.4134166 1.1963191 1.2074035 1.2435572 1.4743859 1.4618584 1.4760145 1.4597931 2.1501761 1.3913939 1.4868793 1.1741434 1.3822806 1.3822806 1.2855563 1.5119623 1.2399451 1.7336806 1.5649361 1.5089575 1.1207162 1.3728150 2.2588319 2.4892380 1.4937681 1.5181284 3.2521159 3.0000636 3.0326352 3.8377625 4.1109805 3.2285329 2.8501726 3.9349450 3.0589098 2.9495421 3.2442009 2.6051055 2.6051055 2.5700811 3.8068595 5.4502609 4.0773268 6.5982301 
Nemnom_g9154.t1                                                    1.1795709 1.3999232 1.5134329 1.3714684 2.1876323 1.2803837 1.9830337 1.8921361 2.0508713 2.0644021 1.3684139 1.5587024 1.9466109 1.6176514 1.6495964 1.0133668 0.9301029 0.7748517 0.5409162 0.7943642 1.0339255 1.1064687 0.9367298 1.0777287 0.5715985 0.0000000 0.2227116 1.0787630 1.1818361 1.2111429 1.2314470 1.1482630 0.8440387 1.1679680 1.4124560 1.0378057 0.9869640 1.2313947 1.2916572 1.3713711 1.2659518 1.1969233 1.1059162 1.1560916 1.4762380 1.4439094 1.4523047 1.4379621 2.0156988 1.3428479 1.4088382 1.1827469 1.2137590 1.2137590 1.3026378 1.3760603 1.0279290 1.5914452 1.4323495 1.4160108 1.1343443 1.2337983 2.1475893 2.4848731 1.5556560 1.4302803 3.6459465 3.2112976 3.0631411 3.7478563 3.8156624 3.1442409 3.0308264 3.8954770 3.0252610 2.7268270 3.2586833 2.1751739 2.1751739 2.1884787 3.7653628 4.6610966 2.5552528 7.3933054 
Rhoesc_Res_014121-T1                                               1.1826456 1.3756652 1.4744119 1.3657656 2.2958065 1.2904788 2.1192009 1.9501548 2.0078448 2.1328203 1.4730311 1.5572986 2.0092594 1.6071106 1.7397462 0.9920591 0.9377930 0.7558190 0.5285728 0.8209746 1.0129195 1.0712405 0.9660321 1.0385895 0.5011096 0.2227116 0.0000000 1.0425756 1.2276455 1.1541384 1.2048775 1.0545642 0.7964257 1.1992471 1.3782969 1.0322121 0.9368614 1.1885892 1.2479286 1.3846005 1.2876589 1.2350643 1.1224756 1.1819146 1.4605770 1.4401516 1.4484715 1.4064137 2.0193668 1.3584806 1.4301113 1.2950645 1.1933539 1.1933539 1.2546828 1.4094396 1.0164275 1.5779533 1.3846938 1.2746127 1.1636491 1.2980481 2.2380235 2.3706431 1.4760170 1.3797395 3.8805828 2.9911480 3.2350879 4.2403929 4.3208928 3.1960956 3.0198771 3.9667370 3.1122763 2.9319268 3.3395367 2.3761880 2.3761880 2.3429249 3.8430660 4.9920235 2.8479809 7.1923416 
Xesp_014979-T1                                                     1.2947380 1.5497115 1.5268657 1.7417241 1.9457985 1.1521256 1.9403188 1.7441325 1.8531452 1.7995745 1.3955804 1.3684045 1.7913656 1.4534621 1.6554199 1.2757400 0.9573474 0.7943029 0.4367350 0.8304390 1.0082318 1.0617395 1.0599182 0.4648668 1.0344558 1.0787630 1.0425756 0.0000000 1.0764397 1.1651497 1.1332230 0.9265759 0.8452620 1.1873417 1.5753807 1.1646886 1.0904552 1.0789994 1.3498591 1.6027180 1.3471552 1.1300109 1.1024618 1.0458068 1.2450848 1.3538250 1.3671846 1.2825269 1.7768243 1.2538406 1.3896180 1.2275652 1.2737841 1.2737841 1.2249107 1.3448883 1.3374405 1.7376539 1.6689481 1.6959299 1.1668815 1.1831136 2.0269489 2.3263942 1.7165164 1.7437516 3.4428590 2.9792287 3.2750312 3.7658745 3.6367197 3.3158173 3.3351415 4.2405013 2.7107255 2.6411965 2.9802524 2.7313799 2.7313799 2.6688091 4.1826721 4.2042478 2.8249808 8.4940068 
Spur_XM_788576.5                                                   1.4593282 1.7524371 1.7647439 1.4992429 2.0452613 1.0207956 1.7495662 1.6069351 2.0768719 2.1212797 1.4069351 1.4868532 1.8849546 1.5858753 1.6097500 1.2899245 1.0683012 1.1019112 0.4710291 0.9667317 1.2264845 1.1385951 1.0497153 1.0761158 1.2268101 1.1818361 1.2276455 1.0764397 0.0000000 0.9688069 0.9393821 0.7912642 0.6723406 1.0362321 1.6559256 0.7602332 0.8093524 0.9966425 1.2650215 1.3539768 1.1418053 1.1693742 0.9842838 1.1181855 1.4022251 1.3826807 1.3923366 1.3558985 1.8450862 1.1378084 1.2308283 1.2914856 1.2193953 1.2193953 1.1012582 1.2504437 1.4430101 1.6081181 1.5031421 1.5971815 1.1702154 1.1462791 2.1357323 2.6889660 1.5761007 1.9318007 3.4576457 3.7081572 3.3565713 3.7629382 4.4029936 3.9308660 3.4861969 4.0296442 2.8258629 3.3323094 3.2399008 3.1166295 3.1166295 3.0166093 3.9066773 5.3110086 2.6856793 5.6470453 
Cgig_XM_011454072.3                                                1.3938393 1.6577936 1.5310761 1.4410381 1.8940500 1.1630904 2.1597406 1.6903734 2.0721557 1.9831911 1.6488756 1.5640196 1.7473121 1.4790169 1.4887889 1.3412836 1.0469911 1.0284907 0.5004766 1.0060936 1.2558893 1.1716037 0.9729201 1.0721703 1.1475303 1.2111429 1.1541384 1.1651497 0.9688069 0.0000000 0.1544876 0.6016380 0.6745671 0.7685933 1.4593049 1.0307091 0.9530225 1.0517735 1.2841787 1.6458482 1.3445737 1.1172717 1.0451319 1.2447117 1.2411747 1.2097990 1.2198120 1.1689660 1.7113353 1.1449079 1.2466268 1.2514329 1.1537913 1.1537913 1.1999541 1.3437419 1.3106178 1.4072033 1.3174591 1.4020937 1.3996507 1.3960607 1.8849418 2.4735793 1.1648919 1.6833546 3.5413430 3.2327589 3.3453081 4.1487781 3.9262245 3.6169445 3.2197916 3.9997517 2.9567025 3.4141793 3.4488100 2.7850115 2.7850115 2.7403868 4.1393880 4.9015126 2.4461648 6.5759532 
Cgig_XM_011454073.3                                                1.4289135 1.6424158 1.6397632 1.4684721 1.9405621 1.1203853 2.2320301 1.6474759 1.9982927 2.0240988 1.6259299 1.4877452 1.7457591 1.4881311 1.4787244 1.2322258 1.0683904 1.0579074 0.5544863 1.0246448 1.2277211 1.1840162 1.0467582 1.0520872 1.2000142 1.2314470 1.2048775 1.1332230 0.9393821 0.1544876 0.0000000 0.5882114 0.6962247 0.7941368 1.3834149 1.0329318 0.9075010 1.0303577 1.2413882 1.6329780 1.3028989 1.1211223 0.9660770 1.1983630 1.2684157 1.2321129 1.2419326 1.2072332 1.7311592 1.0634857 1.1909305 1.2761593 1.0754364 1.0754364 1.1765373 1.2812325 1.3203110 1.3328102 1.2136967 1.3966072 1.4460923 1.3847332 1.9484491 2.4964546 1.1198703 1.7882602 3.4292590 3.3076422 2.9338399 4.0486521 3.5467335 3.8353568 3.4095585 4.2596080 2.9599237 2.8262857 3.2342732 2.5323089 2.5323089 2.4229818 4.0643275 4.8965190 2.3549961 6.5878772 
Ctel_gnl_WGS_AMQN_CAPTEDRAFT_mRNA25579                             1.3588884 1.6464806 1.6238424 1.4333123 1.4067194 1.2795252 1.9808506 1.7896494 1.4463135 1.4732286 1.3341743 1.4274248 1.3562414 1.2076451 1.3124112 1.0850195 1.0094830 0.9610946 0.6561574 0.9768542 1.1333635 0.8376005 0.8203009 1.0702802 1.0448274 1.1482630 1.0545642 0.9265759 0.7912642 0.6016380 0.5882114 0.0000000 0.7099818 0.6831730 1.2352592 1.1384556 1.0390476 0.9551799 0.9764195 1.6076530 1.0179804 0.7481467 0.8826610 1.1356568 0.8369722 0.8558012 0.8558012 0.8401824 1.2717941 0.8949135 0.8949135 1.1547547 1.0783720 1.0783720 0.9054772 1.1272595 1.0961444 1.3432415 1.3040956 1.2544578 1.3263645 1.2031252 1.3743576 1.7884641 1.0397115 1.1690029 2.5022842 2.2527389 2.3432836 2.9125023 2.6969200 3.7434549 3.7744895 3.6536273 2.9639081 2.1161897 2.3054518 1.8456636 1.8456636 1.7696933 3.7684983 4.3613440 1.2531221 6.4125497 
Skow_XM_002733082.2                                                1.4177209 1.6995327 1.7631725 1.4361028 1.3227537 1.1420481 1.5393852 1.5815789 1.3952636 1.3408783 1.4522580 1.2771733 1.3023713 1.1157351 1.0646619 0.8755765 0.8634753 0.8048566 0.5739164 0.8020504 0.9557318 0.7347384 0.7664018 0.9244497 0.7749901 0.8440387 0.7964257 0.8452620 0.6723406 0.6745671 0.6962247 0.7099818 0.0000000 0.6513474 1.0591669 1.1174069 0.8374820 0.6952918 0.8823276 1.4885890 0.9551300 0.7667365 0.6228885 0.9605284 0.8452273 0.8077027 0.8077027 0.8213128 1.2713853 0.7895417 0.7895417 0.8012050 0.9072318 0.9072318 0.8113689 0.8867038 1.0106786 1.0341686 1.0244115 1.1384258 1.3229953 1.4365754 1.5295409 1.6383034 0.6253895 1.0180998 2.6951504 2.4478870 2.3971834 2.4130071 2.5129679 3.5030321 3.8674018 3.6340881 2.3578150 1.1888080 1.6314160 1.3780216 1.3780216 1.3024068 4.2062332 3.8848374 0.7493153 5.9056599 
Acagra_model.g3924.t1_model.g3926.t1                               1.4535364 1.5129722 1.5078598 1.3321683 2.0069011 1.2849802 1.9914562 1.7801495 2.0170374 1.7317082 1.5929667 1.4434049 1.7091146 1.6351483 1.5741606 1.4597039 1.2276741 1.0520938 0.5667943 1.0911935 1.3349821 1.1688657 1.0290522 1.0881638 1.2712482 1.1679680 1.1992471 1.1873417 1.0362321 0.7685933 0.7941368 0.6831730 0.6513474 0.0000000 1.4974995 1.0236329 1.0509336 1.0225420 1.2867497 1.5753178 1.2354291 0.9929852 1.0607601 1.1136366 1.3225316 1.3396958 1.3309927 1.2442217 1.8459966 1.1951344 1.2760585 1.2697280 1.2810969 1.2810969 1.2151584 1.3645410 1.5372541 1.4828248 1.3788980 1.4368462 1.3765817 1.4805853 1.7423093 2.1745571 1.2777935 1.8984927 3.4498470 2.8409874 3.2269383 3.5504666 3.9062521 3.9526242 3.5290905 4.1743832 2.9698584 2.8538138 2.9846113 2.7765225 2.7765225 2.7298991 4.2074442 4.4540933 2.7176935 6.6427020 
Aque_Aqu2.1.35543_001                                              1.0788604 1.0988073 1.1146733 1.3558429 1.8814721 1.1577100 2.1565385 1.7360618 1.6869152 1.8039494 1.1753337 1.1357911 1.9127050 1.6952363 1.7852638 1.5633925 1.5824385 1.3241270 0.8358651 1.4757943 1.7854283 1.4071507 1.5335910 1.7061939 1.4568417 1.4124560 1.3782969 1.5753807 1.6559256 1.4593049 1.3834149 1.2352592 1.0591669 1.4974995 0.0000000 0.6194357 0.5667236 1.4820554 1.2024973 1.2655858 1.2903589 1.6502246 1.3600417 1.2092062 1.6971287 1.6596415 1.6886794 1.5942060 2.0933081 1.6559287 1.6967640 1.7143954 1.3159477 1.3159477 1.3154773 1.4464311 1.5518886 1.8881412 1.5695122 1.7221978 1.5333687 1.0958526 2.3044890 2.2753945 1.9826853 1.9621159 3.3284386 3.0733125 2.9055580 3.4704489 2.9714972 3.3406758 3.0156016 4.3842711 2.6893968 3.7054052 3.9526760 3.4385655 3.4385655 3.2980887 3.6028044 3.8846102 2.7242079 6.9990732 
Halamb_c49359_g1_i1mm.3044                                         3.9350209 3.9350209 3.9350209 1.1061078 1.3590138 1.3309288 1.3242522 1.5876186 1.2089483 1.0206263 1.3302405 1.3678873 1.5086343 1.0857228 1.0503589 1.1430099 0.9704910 0.8950543 0.9196379 0.9715895 1.1227659 1.0375009 1.0378366 1.0829663 1.1917356 1.0378057 1.0322121 1.1646886 0.7602332 1.0307091 1.0329318 1.1384556 1.1174069 1.0236329 0.6194357 0.0000000 0.0551069 0.9208867 0.9538733 2.6937538 0.8876401 1.2617648 1.0147944 0.9119834 0.9480443 0.9407230 0.9407230 0.9100499 1.0099758 0.8837708 0.8837708 0.8745522 0.9542150 0.9542150 1.1250121 1.0515477 1.2882390 1.0872617 1.0952895 1.0726589 1.6646781 1.1622189 1.4395719 1.0766954 0.8941660 1.3884763 2.2013156 2.0437546 2.1723935 2.5581789 2.5032812 3.3157525 3.0483041 5.3149057 2.5034231 1.4369952 1.6006065 1.5080721 1.5080721 1.5080721 3.6645321 3.4072848 0.3682489 5.7015475 
Halamb_c47284_g1_i3mm.2216                                         0.9978951 1.1506329 1.0567630 1.2832473 1.3401632 1.0091570 1.4932088 1.3976913 1.2409603 1.1494143 1.0798235 1.1140915 1.3411303 1.2474670 1.2814772 1.0276974 0.9379736 0.8743036 0.7730792 0.9731908 1.3072878 0.9636606 0.9348446 0.9973001 0.9885628 0.9869640 0.9368614 1.0904552 0.8093524 0.9530225 0.9075010 1.0390476 0.8374820 1.0509336 0.5667236 0.0551069 0.0000000 0.9681854 0.7333296 1.0984136 0.8250278 1.2472002 1.0777673 0.8837561 0.9501169 0.8789142 0.8795287 0.8991323 1.3245406 0.8637933 0.8637933 1.1139842 0.9838048 0.9838048 1.0480821 1.1227222 1.0633819 1.0603347 1.0850638 1.1028896 1.1787747 0.9518819 1.6202166 1.8364036 1.1155038 1.4649800 2.4315566 2.2715439 2.4089306 2.6727336 2.7733645 3.1787458 2.8009408 4.0481280 2.5476616 2.2499249 2.8377011 2.2509363 2.2509363 2.1949740 3.8227040 3.5436368 0.9671059 6.5450548 
Bralan_BLAG09000256_1                                              1.5193164 1.9202666 1.8305557 1.4586443 2.0187894 1.1290597 1.8039074 1.7886872 2.1100711 1.9746207 1.5564786 1.3474617 1.9318584 1.6264727 1.6993598 1.4666229 1.1138139 0.9669287 0.4686381 0.9842573 1.2228756 1.0412395 1.0371832 1.1383184 1.2612538 1.2313947 1.1885892 1.0789994 0.9966425 1.0517735 1.0303577 0.9551799 0.6952918 1.0225420 1.4820554 0.9208867 0.9681854 0.0000000 1.2827864 1.3649656 1.2205431 1.0364188 1.0281002 1.0972476 1.3386473 1.2996859 1.2933354 1.3082489 1.8676891 1.3486272 1.3886812 1.3182677 1.1802530 1.1802530 0.9590321 1.3771215 1.5152128 1.5532564 1.3640727 1.4161240 1.3506915 1.1795691 2.1321523 2.2193479 1.1811533 1.8476341 3.6457479 3.4285531 3.5311862 3.7470174 3.1512774 3.2655741 3.0892378 3.7861529 2.2302710 3.5004354 3.6629616 3.2949519 3.2949519 3.2066130 4.4483352 4.5040802 2.2147540 6.2777236 
Emue_Em0017g160a.t1                                                1.3698908 1.4608266 1.4442775 1.2101123 1.9219878 1.0497839 1.9428953 1.6152780 1.5221101 1.6360398 0.9620925 1.3086144 1.6590463 1.4347349 1.6739108 1.4441050 1.3143412 1.1881966 0.7478565 1.1954322 1.4800661 1.2226237 1.2843139 1.2742173 1.2581590 1.2916572 1.2479286 1.3498591 1.2650215 1.2841787 1.2413882 0.9764195 0.8823276 1.2867497 1.2024973 0.9538733 0.7333296 1.2827864 0.0000000 0.6159522 0.3614530 1.3489407 1.0458650 1.0666114 1.3704807 1.3744682 1.3559553 1.3008892 1.7653182 1.3540661 1.3435352 1.5305808 1.2522093 1.2522093 1.1277284 1.1697930 1.5455443 1.5535625 1.4103282 1.3973617 1.5060075 0.8010084 1.8904849 2.5221589 1.5982469 2.1891546 3.0417752 2.9898930 3.2774848 3.6078740 3.0826356 3.7205990 3.3014723 4.6109900 2.8509764 2.3996443 2.9040975 2.6810419 2.6810419 2.4915357 4.4714430 4.1080491 1.7582287 7.5156106 
Spolac_c92307_g1_i1_m.7702c112960-g1                               1.1650248 1.2504204 1.3016120 1.3821610 2.0603741 1.8212648 2.2944196 2.0010321 2.0673688 1.7602468 1.6008854 2.3700941 1.8987684 1.8363318 2.3540518 1.3745000 1.5027134 1.4689083 1.6354168 1.4552736 2.0222793 1.3686491 1.3712652 1.5757810 1.3715837 1.3713711 1.3846005 1.6027180 1.3539768 1.6458482 1.6329780 1.6076530 1.4885890 1.5753178 1.2655858 2.6937538 1.0984136 1.3649656 0.6159522 0.0000000 0.2438666 1.8863422 1.7137524 1.1448600 1.7030252 1.7671367 1.7671367 1.6677480 2.4847443 1.7468091 1.7468091 1.6600989 1.7167203 1.7167203 1.4624357 1.7129760 1.5576073 1.7046337 1.8150273 1.8693458 2.0080190 1.3206714 2.4093453 2.8871218 7.1038455 1.2943169 3.2208027 2.9373422 3.3672690 3.6524759 3.3440041 4.4394415 3.8721643 4.3298585 3.9979331 5.3716863 5.6955183 3.6664857 3.6664857 3.4358246 4.7876718 3.5216193 2.3171348 7.6590698 
Spolac_c92307_g1_i2_m.7704c112960-g1                               1.1650248 1.2504204 1.3016120 1.1545024 2.0285020 1.1814594 1.7976772 1.6298129 1.8899629 1.5921788 1.0948995 1.4726128 1.4212365 1.4315796 1.6867433 1.4141769 1.2544453 1.1987104 0.8183891 1.1737530 1.4558408 1.2027751 1.2295405 1.2566147 1.4134166 1.2659518 1.2876589 1.3471552 1.1418053 1.3445737 1.3028989 1.0179804 0.9551300 1.2354291 1.2903589 0.8876401 0.8250278 1.2205431 0.3614530 0.2438666 0.0000000 1.4533260 1.2438334 1.0822144 1.3275813 1.3966868 1.3903720 1.3056003 1.6598542 1.4128332 1.4128332 1.5474600 1.3342806 1.3342806 1.1581878 1.1736636 1.4226790 1.5444233 1.4090907 1.6257108 1.4527458 0.8660820 1.9445758 2.4567225 1.7286321 2.1058866 2.9902204 3.1102340 3.1944538 3.3838867 3.0924046 3.9638638 3.1462553 4.9925063 2.9982100 2.3621335 2.8145435 2.2369132 2.2369132 2.1753691 4.7195075 4.2743846 1.5274176 7.4781152 
Tcas_TC005819_001                                                  1.3324691 1.4465981 1.5515198 1.1759259 1.7654572 1.3735223 2.0441431 1.7395319 1.7723548 1.7001655 1.5655423 1.5060064 1.6120851 1.6025602 1.4921353 1.1978445 1.1605433 1.1181121 0.5990016 1.1024653 1.4337064 1.2066703 1.0330203 1.1295751 1.1963191 1.1969233 1.2350643 1.1300109 1.1693742 1.1172717 1.1211223 0.7481467 0.7667365 0.9929852 1.6502246 1.2617648 1.2472002 1.0364188 1.3489407 1.8863422 1.4533260 0.0000000 1.1421553 1.3441803 1.3023865 1.2541161 1.2458758 1.3254616 1.8125283 1.2538284 1.3335616 1.1751815 1.3686515 1.3686515 1.2301952 1.6470657 1.3787442 1.4572972 1.2714031 1.4415786 1.3038590 1.4064088 1.9938879 2.4616460 1.4720025 1.6557103 3.2619886 3.1130610 3.1922297 3.7312930 3.2121649 3.1880066 3.2989254 3.6952289 2.8321342 2.4436670 2.7502979 2.4453587 2.4453587 2.3583674 3.6367371 4.0228572 2.6101513 7.2327931 
Cscu_XM_023373405.1                                                1.1768762 1.2937201 1.4247876 1.5991548 1.7809141 1.1687118 1.8280463 1.8705878 1.6498162 1.9433601 1.5802589 1.2596541 1.6101409 1.3842912 1.2633669 1.2555843 1.0349394 1.0042550 0.5835714 1.0400993 1.3378748 1.0746021 0.9868275 1.0110295 1.2074035 1.1059162 1.1224756 1.1024618 0.9842838 1.0451319 0.9660770 0.8826610 0.6228885 1.0607601 1.3600417 1.0147944 1.0777673 1.0281002 1.0458650 1.7137524 1.2438334 1.1421553 0.0000000 1.4005722 1.0215475 1.0629563 1.0604989 1.0455715 1.4220360 1.0620807 1.1356028 1.0474929 1.0956506 1.0956506 1.1647667 1.5022084 1.3883756 1.4264193 1.1586471 1.2578486 1.3845601 1.2284061 1.7483974 2.0832171 1.1127848 1.7293407 2.8841289 2.9009788 2.7719009 3.3124578 3.4196165 3.3034415 2.9229959 3.7911508 2.6064256 2.2858966 2.6257096 2.4471384 2.4471384 2.4195121 4.4282985 3.8109691 2.7256851 6.9271509 
Plespi_Pspi_C600802_01                                             1.1187137 1.3052048 1.2398567 1.1624540 1.8113652 1.1969803 2.0296047 1.9131702 1.7567492 1.7454911 1.4397724 1.4739104 1.7822740 1.7091362 1.7439255 1.2473273 1.1128012 1.0054755 0.7123736 1.0556723 1.2826406 1.2759850 1.1165620 1.0985849 1.2435572 1.1560916 1.1819146 1.0458068 1.1181855 1.2447117 1.1983630 1.1356568 0.9605284 1.1136366 1.2092062 0.9119834 0.8837561 1.0972476 1.0666114 1.1448600 1.0822144 1.3441803 1.4005722 0.0000000 1.3023932 1.2476876 1.2444126 1.1930998 1.7757935 1.2354308 1.2779730 1.3515944 1.2980907 1.2980907 1.1534746 1.4298706 1.3708886 1.3609073 1.3374264 1.2821489 1.3662900 1.1310807 2.1773924 2.3938456 1.5915572 1.6836871 3.1047417 2.8877955 2.9859361 3.3620834 3.0153857 3.0194205 2.7076720 4.1799835 2.7048962 3.0515559 2.8164982 2.3741192 2.3741192 2.2094109 3.2455862 4.0850600 1.8445862 5.6361354 
