87
Emue_Em0015g676a.t1                                              0.0000000 0.1975015 1.1102746 1.2045360 1.1917858 0.8113599 1.5783798 1.5294641 1.3553830 1.8686982 1.6298961 1.6977107 1.9755672 1.7820468 2.0683515 1.4680811 1.2798107 1.4037902 1.5499972 1.6382455 1.6890013 1.4859446 1.4621198 1.4878486 1.4675179 1.5947742 1.6932301 1.6653008 1.5705504 1.4961870 1.5601836 1.5093477 1.7280120 1.6633870 1.7272784 1.7250407 1.6806965 1.4312010 1.7250039 1.6813832 1.7453761 1.7190665 1.6288761 1.7220553 1.6963310 1.7148690 1.7347626 1.5810249 1.5715707 1.5123471 2.0100996 1.8845616 2.1975260 2.2340011 2.0491449 2.0491449 1.8542778 2.0368447 2.2932169 2.2932169 1.8819089 2.0736121 2.2837973 1.9270624 2.4001678 2.2584936 3.0515574 2.4071366 2.2024899 2.4419553 2.4844709 2.4816916 2.0223189 2.7351073 2.2685081 1.8250384 2.2840297 2.0419498 2.3574617 2.6257722 2.3207328 2.7139164 2.3365726 2.0786393 2.3908708 3.0738823 3.1225781 
Spolac_c103537_g1_i1_m.34768c100906-g2                           0.1975015 0.0000000 1.0341816 1.1866100 1.1307609 0.8014283 1.5743536 1.5269627 1.3390933 1.8460081 1.6262771 1.7072522 2.0385191 1.7534203 2.0162478 1.4818536 1.3282122 1.4551638 1.4968546 1.6407675 1.6286999 1.4770824 1.4110677 1.4576251 1.3990478 1.5261999 1.7114749 1.6235807 1.4572616 1.4012582 1.5346010 1.5328907 1.6455944 1.5812024 1.6339417 1.6317848 1.6565085 1.4190938 1.6060263 1.6558359 1.7240605 1.7134854 1.5650599 1.6733634 1.6484695 1.7156601 1.7443053 1.5254898 1.5838722 1.4777649 1.8465871 1.8990223 2.0218604 2.0596768 1.9649581 1.9649581 1.7584455 1.8998812 2.1473571 2.1473571 1.7754734 1.9666355 2.2745469 1.9322181 2.3812203 2.1144997 3.3643526 2.4895401 2.2374217 2.4633034 2.6314145 2.6348197 2.1184188 2.7498790 2.1564780 1.7855048 2.1798474 1.9749315 2.1806687 2.5757599 2.0895584 2.5530837 2.3225744 2.1674242 2.5248793 2.7543946 2.9078971 
Stycar_maker-SC_scaffold59789-augustus-gene-0.2-mRNA-1           1.1102746 1.0341816 0.0000000 0.0000010 0.7032819 2.4950607 1.0295247 1.4389223 1.1632267 1.3815974 0.0000010 1.4943172 1.6102901 1.4918591 1.8350830 1.6185021 1.0814200 1.4431562 1.1943219 1.6190364 1.3482667 1.7299208 1.2582550 1.2658221 1.3030873 1.3090146 1.7363479 1.4211813 1.3391549 1.3033085 1.3547614 1.4531239 1.4354964 1.4354964 1.4635210 1.4635210 1.5030030 1.5291815 2.2555764 1.6276009 1.2178032 1.2126832 1.3052925 1.0506899 1.0723611 1.5386837 1.3550369 1.3630479 1.2606622 1.4471079 1.2527137 1.4058059 2.1135500 2.1254328 1.9552739 1.9552739 2.1520860 2.1605220 0.0000010 0.0000010 0.0000010 1.9656485 2.2376311 2.0281831 3.5316139 1.9855150 2.4844685 2.5463689 2.5768233 2.8036262 2.8169327 3.1267913 2.2778429 2.4392705 1.9139607 2.3278382 1.7711237 1.7273290 2.6274285 3.2617331 1.5404050 2.2973314 2.2973314 3.4743545 2.1600943 2.0608504 1.9208268 
Stycar_augustus_masked-SC_scaffold7397-processed-gene-0.7-mRNA-1 1.2045360 1.1866100 0.0000010 0.0000000 0.9588187 1.5561669 1.6398768 1.7570064 1.6900520 1.6901610 0.0000010 1.7176166 1.8034522 1.7137484 3.1684338 1.8372878 1.0274091 1.7960832 1.7282362 1.9179113 1.8437712 2.0055516 1.6681692 1.6455450 1.6183899 1.8590124 1.9301726 1.9045418 1.9466675 1.9003183 1.9813577 2.2731671 1.9559172 1.9263119 1.9774770 1.9774770 1.9356246 1.5412341 2.3469687 1.8873121 1.9554884 1.8450305 2.0011040 1.6824541 1.6558637 1.8515278 1.9438588 1.7612508 1.8584272 1.7704908 2.4887441 1.5839954 2.5269061 2.6195115 2.3227958 2.3227958 1.9720769 2.3040996 0.0000010 0.0000010 0.0000010 2.5194650 2.6039596 2.2714345 3.2808764 2.5824902 2.9550945 2.8635127 2.9247133 2.7689967 3.0135413 3.2417759 2.2248243 2.5851507 2.4377343 2.2584765 2.4326904 2.0823138 3.0923427 3.4517591 2.1765829 2.7206969 2.7206969 1.6785985 2.5279057 2.5114539 2.5731814 
Tetwil_g24387.t1                                                 1.1917858 1.1307609 0.7032819 0.9588187 0.0000000 0.7552012 1.5729136 1.5063307 1.4252722 1.7772492 1.9231344 1.6280888 1.9215382 1.6720930 2.4062717 1.7452363 1.4946476 1.5459525 1.8610874 1.6566951 1.7926959 1.5949286 1.5536451 1.5169670 1.4440530 1.5588151 1.7572680 1.6774922 1.6209418 1.5785401 1.5076770 1.5690632 1.8255905 1.7433451 1.8153397 1.8164924 1.7422591 1.3848622 1.5488049 1.9744672 1.8097351 1.7401355 1.7263914 1.8287744 1.8141890 1.9648072 2.0317987 1.7496135 1.6782178 1.4868463 2.9512981 1.9598972 2.3698900 2.3738591 2.2196838 2.2196838 1.9885218 2.1027865 2.0713010 2.0713010 1.6834080 2.2659097 2.4509292 2.0792619 2.3964803 2.4991830 3.5076713 2.7453094 2.4142493 2.6147443 3.0397957 2.9668828 2.1355824 2.8113442 2.5120769 2.2487588 2.2769359 2.0941673 2.6647272 2.9260557 2.4305975 2.8026599 2.5455443 2.4997181 2.6775586 2.8245906 2.9739388 
Stycar_maker-SC_scaffold80019-augustus-gene-0.3-mRNA-1           0.8113599 0.8014283 2.4950607 1.5561669 0.7552012 0.0000000 1.3244564 1.2750869 1.0007184 1.6038001 1.7529122 1.3205074 1.7895365 1.3278848 1.4090910 1.1890302 1.2880576 1.1692279 1.2647934 1.3679291 1.1297604 1.1885708 1.1589685 1.1064829 1.1874238 1.1962849 1.2808599 1.1812555 1.1503017 1.1582795 1.0987872 1.1168669 1.1848270 1.0822919 1.2143628 1.2300267 1.1777804 1.2001929 1.1506187 1.3413104 1.3919992 1.4960250 1.3733535 1.5401625 1.5223076 1.6411623 1.7187922 1.1191776 1.1411002 0.9122667 1.6875643 1.9811354 1.7491163 1.7952258 1.6603614 1.6603614 1.5835947 1.7223089 1.8309535 1.8309535 1.5110469 1.5224074 1.6574683 1.6561841 1.9512470 2.0182868 4.3631025 2.2182635 1.9590027 2.3250379 2.6321770 2.7466789 2.1011523 2.4856071 2.2142384 1.8115833 1.9101277 1.8570059 2.0741975 2.2469611 3.2730864 2.7830160 2.3339772 2.2801608 2.4252501 2.7423505 2.8243555 
Aque_Aqu2.1.27191_001                                            1.5783798 1.5743536 1.0295247 1.6398768 1.5729136 1.3244564 0.0000000 0.7322426 0.8612545 2.0347858 2.0497871 1.9866939 2.4545682 1.8338246 2.6524036 1.8532034 1.5801524 1.9645089 2.0376588 1.9856668 2.1645828 1.8503752 1.7829269 1.7052365 1.5865154 1.7425348 1.9196402 1.8538341 1.7968876 1.7432085 1.8315962 1.8620118 1.9725532 1.8907565 1.9341234 1.9365586 1.8850034 1.5959373 1.9153003 2.1556745 2.2013977 2.2391009 1.9845153 2.1246957 2.0942754 2.0853399 2.3157544 1.8168865 1.8340923 1.6051190 2.6712726 2.1034537 2.3740707 2.4280403 2.3140270 2.3140270 2.0946604 2.2135625 1.9418820 1.9418820 1.7137887 2.2221463 2.5951454 2.3103295 2.7649521 2.3420004 3.1939794 2.6285124 2.6360382 3.0118053 3.2277736 3.4670361 2.5134017 3.0787924 2.5542493 2.4271314 2.2930277 2.1165020 2.5969937 2.6404938 2.4449546 2.5254861 2.4000329 2.4764601 2.9448157 3.2676216 2.7589000 
Halamb_c47943_g1_i1m.23256                                       1.5294641 1.5269627 1.4389223 1.7570064 1.5063307 1.2750869 0.7322426 0.0000000 0.7541674 1.9365115 1.7250816 1.8007232 2.1341489 1.5571869 2.5710321 1.6923731 1.3111004 1.7710152 1.9030159 1.7713986 1.8850532 1.6765062 1.6704834 1.6846251 1.6369854 1.6871107 1.8681169 1.8321638 1.6221125 1.6399431 1.9462034 1.9171840 1.8423499 1.7841321 1.8239890 1.8254631 1.8970372 1.6635725 1.8791535 1.9772341 2.1036173 2.1104090 1.9379927 2.0510027 2.0147912 2.0073048 2.0888260 1.7890723 1.8870808 1.5892559 3.0263203 2.0444033 2.1878998 2.2232549 2.3038538 2.3038538 2.0113387 2.0837258 2.0034439 2.0034439 1.6377724 2.2211479 2.4463939 2.2568599 2.3574274 2.2104568 3.5020339 2.6759365 2.7058844 2.8135978 2.9016119 3.2976816 2.5321938 3.1375093 2.4838067 2.3061161 2.2056423 2.1404374 2.5099111 2.7414562 2.7195572 2.6973516 2.3922494 2.1410917 2.7598316 3.2457800 3.1498333 
Xestes_maker-XT_scaffold4422-snap-gene-0.27-mRNA-1               1.3553830 1.3390933 1.1632267 1.6900520 1.4252722 1.0007184 0.8612545 0.7541674 0.0000000 1.7979136 1.7357465 1.6617646 2.0490648 1.5124036 2.3677179 1.8054905 1.3929512 1.6911729 1.7085633 1.9199222 1.7828652 1.5194628 1.4966656 1.5552720 1.4623163 1.6654756 1.6853506 1.6620989 1.7016213 1.5765134 1.6663047 1.7391717 1.8247911 1.7390657 1.8134226 1.8122400 1.8134751 1.5477944 1.7982465 1.8958654 1.9850641 2.0076566 1.8247250 1.9103866 1.8790383 1.7554191 2.0138629 1.5652756 1.6348300 1.4538534 3.1871964 1.9879450 2.3122569 2.3731050 2.3403892 2.3403892 2.0463398 2.1125364 2.0635748 2.0635748 1.5548882 2.2338658 2.4340844 2.2942946 2.5275141 2.2999283 3.2431898 2.5224529 2.5298675 2.8309671 2.8692244 3.1044557 2.2452702 2.7552644 2.6018657 2.2760619 2.1534948 2.0199839 2.4560092 2.7735390 2.1280625 2.6723678 2.3137633 2.2299638 2.8149821 2.8882731 2.7448399 
Lcom_lcpid59649                                                  1.8686982 1.8460081 1.3815974 1.6901610 1.7772492 1.6038001 2.0347858 1.9365115 1.7979136 0.0000000 0.8146151 0.7326878 1.0082623 1.1437683 2.1844002 1.6421955 1.3623248 1.8045844 1.6408598 1.7092278 1.7195422 1.4954423 1.4246672 1.3765024 1.4299433 1.5335910 1.6559330 1.5140987 1.5033869 1.4621436 1.6682290 1.8270686 1.8003516 1.7296746 1.7627670 1.7557270 1.6970972 1.5068565 1.7658176 1.8664517 1.6759142 1.6712296 1.6838969 1.6832027 1.6662349 1.7457839 1.9305381 1.6896417 1.7094648 1.4678365 2.5799744 2.0235285 1.9436283 2.0317858 2.1914980 2.1914980 1.9476101 2.1307188 2.0738187 2.0738187 1.7720185 2.1616185 2.0674240 2.0691948 2.2555651 2.2084177 3.1932407 2.3049242 2.3915497 2.4285271 2.4545064 2.5023546 2.0178427 2.3356921 1.8643412 1.9134295 2.0001583 1.7505259 2.3632669 2.3588218 2.5023530 2.5531863 2.2208730 2.1994486 2.7423292 3.0774964 3.2189549 
Gracom_Gcom_scaffold17129_01                                     1.6298961 1.6262771 0.0000010 0.0000010 1.9231344 1.7529122 2.0497871 1.7250816 1.7357465 0.8146151 0.0000000 0.6293595 1.1109870 1.3234165 2.0669317 1.8891036 1.7104852 1.8213756 1.7352407 1.7862847 1.9371917 1.5162615 1.5418772 1.4681169 1.5061009 1.6113533 1.9615865 1.5535173 1.5550258 1.4768650 1.6308242 1.6021684 1.5551056 1.4749805 1.5657357 1.5519164 1.6101524 1.7330852 1.5101264 1.9670808 1.9208601 1.9901248 1.9662752 2.0745253 2.0745253 1.8667010 2.1469437 1.7013073 1.9846034 1.1993337 0.0000010 2.1203452 1.9999435 1.9467805 2.1973880 2.1973880 2.0890086 2.0328073 2.5640930 2.5640930 2.0016574 2.2112699 1.8915377 2.3119546 2.2195351 2.0349304 0.0000010 1.9917234 2.2232299 2.6973705 2.9222233 2.6617198 2.6737315 3.0542597 2.0070424 2.2961693 2.4752659 1.7954474 2.3836619 2.3214927 0.8111848 3.5126097 2.1531083 2.6737920 2.6965670 0.8990541 3.1956593 
Leuniv_Lniv_C810914_01                                           1.6977107 1.7072522 1.4943172 1.7176166 1.6280888 1.3205074 1.9866939 1.8007232 1.6617646 0.7326878 0.6293595 0.0000000 0.6450196 0.9837249 2.1187139 1.5221179 1.2539099 1.6471809 1.4355057 1.5441349 1.6375235 1.5061316 1.3915996 1.3046930 1.3397159 1.4741450 1.6574119 1.5412599 1.4163938 1.3185043 1.4062012 1.5484056 1.6796482 1.6271432 1.7055821 1.6986143 1.6588195 1.3783875 1.6158405 1.7129330 1.5794265 1.6280378 1.5801938 1.6050758 1.5818267 1.5892704 1.8314795 1.5651866 1.5892683 1.3343750 2.7599906 1.7833051 2.1086032 2.0875320 2.1159914 2.1159914 1.8340865 2.0789809 2.4005466 2.4005466 1.9706654 2.0656503 2.0744537 2.0200315 2.3630968 2.3399615 3.0632632 2.2329931 2.0426100 2.4731956 2.7239544 2.7226162 2.2089942 2.5611712 2.0036808 1.9541774 1.8516371 1.9016240 2.3333790 2.3245932 2.3260036 2.6280545 2.1474064 2.0060240 2.7547952 3.0485802 3.4042168 
Scil_scict012045.4                                               1.9755672 2.0385191 1.6102901 1.8034522 1.9215382 1.7895365 2.4545682 2.1341489 2.0490648 1.0082623 1.1109870 0.6450196 0.0000000 1.2199127 2.5206966 1.8272760 1.5654959 1.9931508 1.8329315 1.8774109 1.9712794 1.8478889 1.6815508 1.5778730 1.6050176 1.7984408 2.1583047 1.8097459 1.8609551 1.6340873 1.6722766 1.9257326 2.0400465 2.0105354 2.0093274 2.0103090 1.9086671 1.5682050 1.9421908 1.8397046 1.8950181 1.9439141 1.9262879 1.9023064 1.8684020 1.8987639 2.1744592 1.8984586 1.8795710 1.2545853 3.2216484 2.3922387 2.4473951 2.4430218 2.4318986 2.4318986 2.3525114 2.3938839 2.4277571 2.4277571 2.5646602 2.4404132 2.0776501 2.4700657 2.7902248 2.5868701 3.1364139 2.5670471 2.6110279 2.5842369 3.2750073 3.2208290 2.7141757 2.9247186 2.3988512 2.5618591 2.3525284 2.1574781 2.8122592 2.8866818 2.7683922 2.5279031 2.6891024 2.6585813 3.2011255 2.9974611 3.6337505 
Clacor_Ccor_scaffold2190_01                                      1.7820468 1.7534203 1.4918591 1.7137484 1.6720930 1.3278848 1.8338246 1.5571869 1.5124036 1.1437683 1.3234165 0.9837249 1.2199127 0.0000000 2.0806245 1.4617811 1.0685223 1.5760853 1.4529650 1.5007046 1.5666495 1.5503443 1.3952521 1.3718826 1.3278123 1.4344808 1.5979611 1.4408840 1.4320838 1.4040322 1.3974747 1.5293093 1.6174118 1.5452842 1.6460965 1.6471363 1.5417931 1.2734424 1.5147806 1.5964752 1.5895518 1.6324064 1.5352042 1.5114417 1.4973722 1.6098974 1.7656628 1.5278362 1.4634070 1.1499224 2.4663144 1.8829304 2.2295436 2.2261673 2.2002485 2.2002485 1.9405368 2.0290825 1.8709758 1.8709758 1.5301448 2.1911388 2.1973193 2.1967044 2.2761512 1.9920908 3.0728371 2.4299515 2.2210081 2.5669507 2.4607748 2.5011784 2.1238016 2.5880516 1.9471575 1.6325838 1.9991792 1.7777740 2.0394234 2.3636409 2.1750339 2.6844659 2.4503479 2.2805395 2.5279141 2.7323517 3.1215195 
Bralan_BLAG01002240_1                                            2.0683515 2.0162478 1.8350830 3.1684338 2.4062717 1.4090910 2.6524036 2.5710321 2.3677179 2.1844002 2.0669317 2.1187139 2.5206966 2.0806245 0.0000000 1.3638543 0.7410405 1.3109497 1.3962801 1.5652576 1.5982096 1.9448217 1.6156394 1.6704015 1.5841423 1.7038970 1.9343356 1.7975333 1.6878960 1.6162134 1.7486980 2.0549321 1.9221855 1.8594349 1.8979705 1.8986670 1.8982989 1.4200281 1.7006883 1.9717937 1.8334541 1.8842604 1.8007562 1.9199230 1.9265701 2.2872599 2.3412727 2.0001547 2.2422617 2.0212106 8.0444838 1.5825779 2.7235422 2.7688948 2.8236619 2.8236619 2.3196542 2.6042995 2.5208019 2.5208019 2.2141048 2.5715121 3.1615563 2.1577951 2.9976607 2.6044155 4.5248514 2.5959395 2.4565994 3.1071889 3.1951967 3.3187916 2.0805864 3.3911545 2.1372944 1.9110911 2.6117927 2.2550334 2.6954766 2.9434628 3.0408297 2.9986159 2.4051320 2.0502665 3.4522613 4.3505285 5.4218825 
Spur_XM_030991947.1                                              1.4680811 1.4818536 1.6185021 1.8372878 1.7452363 1.1890302 1.8532034 1.6923731 1.8054905 1.6421955 1.8891036 1.5221179 1.8272760 1.4617811 1.3638543 0.0000000 0.6592858 1.0148302 1.0096072 1.1322798 1.1683824 1.3932999 1.2346840 1.2579467 1.2410778 1.2912108 1.3173756 1.2867641 1.2535062 1.1245847 1.3057278 1.4394040 1.2880194 1.2440438 1.2802188 1.2810683 1.2745291 1.2428073 1.3437983 1.4588583 1.3941545 1.4607422 1.3478403 1.4077681 1.3949190 1.4782916 1.6590533 1.4652178 1.4711430 1.1692996 1.0138258 1.5784036 2.1781211 2.2499670 2.3641841 2.3641841 2.0474172 2.1030966 2.1322563 2.1322563 1.7309754 2.2059917 2.3261026 1.6043621 2.3304831 2.2164912 2.6666909 2.1820155 2.1729862 2.4692572 2.4641934 2.4975761 2.3401219 2.5236829 1.9988212 1.8916615 1.9851471 1.8190947 2.0260036 2.3663777 1.8863697 2.5353502 2.2156734 2.4219075 2.8275742 2.5637824 2.7275606 
Skow_XM_002732915.1                                              1.2798107 1.3282122 1.0814200 1.0274091 1.4946476 1.2880576 1.5801524 1.3111004 1.3929512 1.3623248 1.7104852 1.2539099 1.5654959 1.0685223 0.7410405 0.6592858 0.0000000 0.7465193 0.8459352 0.7888427 0.9007657 1.0655846 0.9483437 0.9506899 0.9556431 0.9523109 1.1401903 0.9756047 0.9868010 0.9788693 0.8672539 1.0195659 1.1542325 1.1347384 1.1628551 1.1634340 1.1894020 1.2316148 1.1573703 1.3834171 1.2442081 1.2970125 1.1433564 1.2764791 1.2615776 1.3606461 1.2886087 1.1941033 1.2810578 0.9187011 0.0000010 1.3581723 1.4143351 1.4205805 1.6617108 1.6617108 1.5477443 1.5496354 2.1273522 2.1273522 1.8132187 1.3803930 1.7933610 1.3684033 1.8213434 1.6210665 3.3548577 1.8245677 1.8995477 2.1331025 2.1793758 2.5395731 2.0832913 2.3710544 1.5404881 1.6622232 1.8039693 1.7308853 1.6442199 1.9429983 1.0930991 2.3701788 1.8269012 2.3430004 2.8443516 3.9652368 3.1740901 
Acagra_model.g14590.t1                                           1.4037902 1.4551638 1.4431562 1.7960832 1.5459525 1.1692279 1.9645089 1.7710152 1.6911729 1.8045844 1.8213756 1.6471809 1.9931508 1.5760853 1.3109497 1.0148302 0.7465193 0.0000000 0.6963306 0.8446641 1.2767227 1.3391493 1.2161677 1.2402648 1.3000183 1.2716826 1.4158653 1.3057484 1.1979432 1.1676271 1.3160220 1.4268545 1.3044156 1.2782408 1.3733196 1.3852283 1.3533717 1.2490893 1.4230568 1.4553157 1.3170578 1.3559154 1.3239584 1.3736476 1.3668813 1.5488039 1.6936123 1.5500023 1.6196457 1.3608249 1.2036921 1.4325961 2.1258466 2.2051978 2.2563802 2.2563802 1.9470514 2.1327553 2.1175356 2.1175356 1.8115528 1.9914185 2.2744417 1.4197092 2.1055740 2.0433276 2.8767727 2.1822331 2.0953096 2.5260818 2.3346399 2.5136276 2.1596226 2.5307074 1.8884529 1.7884741 1.9648238 1.8271724 2.2480623 2.3594673 1.6748590 2.6480962 2.3526579 2.0580844 2.5682410 2.8047884 3.0140144 
Cgig_XM_011435968.3                                              1.5499972 1.4968546 1.1943219 1.7282362 1.8610874 1.2647934 2.0376588 1.9030159 1.7085633 1.6408598 1.7352407 1.4355057 1.8329315 1.4529650 1.3962801 1.0096072 0.8459352 0.6963306 0.0000000 1.0410562 1.1663781 1.5246490 1.2636720 1.2917316 1.2634785 1.3482510 1.6133135 1.4069645 1.3042563 1.2386827 1.3574297 1.4862057 1.4069916 1.3928288 1.4213171 1.4242414 1.4060491 1.2316895 1.4172239 1.4810588 1.4644363 1.4483478 1.5456939 1.5364884 1.5291626 1.5883792 1.6243260 1.5250969 1.6059624 1.3484645 1.3863482 1.3936080 2.0311398 2.1020272 2.1289965 2.1289965 1.9041496 1.9786500 2.2748137 2.2748137 1.8069155 2.1914956 2.2610596 1.6724058 2.1842355 2.0626051 2.7440725 2.1621069 2.0830965 2.1508540 2.2925253 2.5774111 2.1696594 2.4781488 1.9363095 1.7399031 1.9544424 1.7741461 2.1595735 2.6201146 1.5803645 2.5093456 2.2224825 1.9842731 2.3750931 2.4679684 2.8165130 
Ctel_gnl_WGS_AMQN_CAPTEDRAFT_mRNA149780                          1.6382455 1.6407675 1.6190364 1.9179113 1.6566951 1.3679291 1.9856668 1.7713986 1.9199222 1.7092278 1.7862847 1.5441349 1.8774109 1.5007046 1.5652576 1.1322798 0.7888427 0.8446641 1.0410562 0.0000000 1.3089517 1.4157678 1.3635020 1.4015746 1.3677275 1.4454189 1.5544849 1.4857145 1.3482339 1.2390018 1.4163884 1.4947909 1.4502609 1.3823623 1.4420296 1.4520267 1.4345332 1.3465519 1.5038367 1.4777214 1.5158169 1.4387537 1.4386755 1.5446630 1.5307420 1.6024876 1.6957443 1.4029303 1.4758979 1.3438610 1.3276156 1.3626672 2.1256299 2.1372038 2.1840570 2.1840570 1.9355344 2.0345444 2.2356088 2.2356088 1.8615729 2.0956386 2.2864825 1.4979721 2.1298173 2.2109031 3.1394226 2.4598572 2.3010077 2.5122071 2.6309595 2.7971309 2.1507049 2.6517303 1.9847336 1.8893119 1.9931102 1.7841387 2.0294406 2.5673786 1.8908416 2.6263235 2.2844100 2.0855679 2.5025020 2.5141304 2.6051197 
Hsap_ENST00000305632                                             1.6890013 1.6286999 1.3482667 1.8437712 1.7926959 1.1297604 2.1645828 1.8850532 1.7828652 1.7195422 1.9371917 1.6375235 1.9712794 1.5666495 1.5982096 1.1683824 0.9007657 1.2767227 1.1663781 1.3089517 0.0000000 1.4095157 1.2621826 1.2758774 1.2397677 1.3165904 1.3685580 1.2951969 1.2470644 1.2514064 1.3381846 1.3895825 1.5599383 1.5152757 1.5507373 1.5558368 1.5705896 1.2527221 1.5666219 1.4488772 1.4813109 1.4619010 1.3457437 1.4535216 1.4316751 1.5843523 1.6896324 1.3778194 1.4656304 1.3939139 2.9061949 1.4955558 2.0852561 2.1351871 2.1712546 2.1712546 1.8740398 1.9261207 2.0690302 2.0690302 1.7499619 2.0472234 2.1746482 1.7578842 2.2797569 2.1855217 3.4231163 2.5343382 2.3665161 2.6400658 2.4488348 2.6359582 1.9572069 2.5944237 2.0229754 1.7624876 2.0470840 1.9775148 2.1879820 2.5788075 2.0847148 2.4165617 2.1886358 2.1094661 2.5755991 2.9712783 3.0993322 
Spis_XP_022783893_1                                              1.4859446 1.4770824 1.7299208 2.0055516 1.5949286 1.1885708 1.8503752 1.6765062 1.5194628 1.4954423 1.5162615 1.5061316 1.8478889 1.5503443 1.9448217 1.3932999 1.0655846 1.3391493 1.5246490 1.4157678 1.4095157 0.0000000 0.1014420 0.2191689 0.2403745 0.3347851 0.3613583 0.3839704 0.5852599 0.5667040 0.9086420 0.9787096 1.3494386 1.2447116 1.3303362 1.3315550 1.2415577 1.1153611 1.3206835 1.3334591 1.3673383 1.4161515 1.4142672 1.3407479 1.3128162 1.4158395 1.6527959 1.4689281 1.4934518 1.2754790 1.6504264 1.7027279 2.2514273 2.3353756 1.9300642 1.9300642 1.7353639 1.8314060 2.0749959 2.0749959 1.6707627 1.9696437 1.8017970 1.9416916 2.1048669 1.9957807 2.8176851 2.1994953 2.3166406 2.3545378 2.6470190 2.7339713 2.2721544 2.5288709 2.1241389 1.9293341 2.0393809 1.7891185 2.1497417 2.0042531 2.1407176 3.0356979 2.4092310 2.3233823 2.9595370 2.6812969 2.7826493 
Pocdam_XM_027198082.1                                            1.4621198 1.4110677 1.2582550 1.6681692 1.5536451 1.1589685 1.7829269 1.6704834 1.4966656 1.4246672 1.5418772 1.3915996 1.6815508 1.3952521 1.6156394 1.2346840 0.9483437 1.2161677 1.2636720 1.3635020 1.2621826 0.1014420 0.0000000 0.1387795 0.1540638 0.1970454 0.3057321 0.2643449 0.4600541 0.4150139 0.7187626 0.8281000 1.1038923 1.0505162 1.1078456 1.1086915 1.0336921 0.9199962 1.0669003 1.1793067 1.2031356 1.2198540 1.2535428 1.2273204 1.1996969 1.2066746 1.4591625 1.3137306 1.3887054 1.1389046 1.7217857 1.5857639 2.2207138 2.3133007 1.9565908 1.9565908 1.7707964 1.8652303 2.0544158 2.0544158 1.6603495 2.0076843 1.8784602 1.9265481 2.1959942 1.9469928 2.5672671 2.0935017 2.1522907 2.3952739 2.6424859 2.7694018 2.1997724 2.4154783 1.9975989 1.8719765 1.9208059 1.6324063 2.0828241 2.1501150 1.6782784 2.5996641 2.2532533 2.2192413 2.7678842 2.5844857 3.0799514 
Gasp_gasp1.m3.14142.m1                                           1.4878486 1.4576251 1.2658221 1.6455450 1.5169670 1.1064829 1.7052365 1.6846251 1.5552720 1.3765024 1.4681169 1.3046930 1.5778730 1.3718826 1.6704015 1.2579467 0.9506899 1.2402648 1.2917316 1.4015746 1.2758774 0.2191689 0.1387795 0.0000000 0.1187740 0.1678860 0.2856314 0.2601456 0.4393425 0.4254393 0.7200278 0.7839557 1.1016581 1.0370898 1.0871716 1.0878853 1.0285082 0.8969337 1.0040877 1.2052377 1.2177969 1.2770844 1.2542252 1.2297892 1.2019332 1.3081207 1.4529753 1.2888835 1.3394211 1.1133143 1.8979928 1.5869739 2.1502090 2.2431033 1.9080748 1.9080748 1.6764272 1.7989680 1.9857401 1.9857401 1.5945083 1.9478097 1.8472287 1.8368431 2.2259007 1.9335069 2.8456381 2.2404812 2.1881766 2.3762380 2.6550707 2.7567224 2.2782992 2.3979688 1.9850554 1.8313267 1.9242821 1.6567149 2.0772668 2.2252721 1.7945520 2.7080315 2.3075205 2.1950190 2.8076736 2.7221442 3.1488547 
Fspp_ffun1.m4.24810.m1                                           1.4675179 1.3990478 1.3030873 1.6183899 1.4440530 1.1874238 1.5865154 1.6369854 1.4623163 1.4299433 1.5061009 1.3397159 1.6050176 1.3278123 1.5841423 1.2410778 0.9556431 1.3000183 1.2634785 1.3677275 1.2397677 0.2403745 0.1540638 0.1187740 0.0000000 0.2127535 0.3503328 0.2765685 0.4017946 0.3724237 0.6547204 0.7557137 1.0352660 0.9448717 1.0256566 1.0260686 0.9998229 0.8833759 1.0100757 1.1496871 1.1477222 1.2094548 1.1805062 1.1974795 1.1687910 1.2248819 1.4364070 1.2388533 1.2483857 1.0021079 1.5068782 1.6328315 2.2138383 2.2328378 2.0480261 2.0480261 1.8739534 1.8286926 2.0201268 2.0201268 1.6921131 1.9714411 1.9248222 1.9283403 2.1873096 1.9547677 2.6976689 2.1673916 2.0383317 2.3314058 2.5633836 2.6972043 2.1948355 2.3596332 2.0316884 1.9274946 1.9081987 1.6371835 2.0533101 2.2290404 1.7943701 2.4784763 2.3005743 2.3074824 2.7248668 2.4717948 2.9760904 
Gfas_gfas1.m1.13659.m1                                           1.5947742 1.5261999 1.3090146 1.8590124 1.5588151 1.1962849 1.7425348 1.6871107 1.6654756 1.5335910 1.6113533 1.4741450 1.7984408 1.4344808 1.7038970 1.2912108 0.9523109 1.2716826 1.3482510 1.4454189 1.3165904 0.3347851 0.1970454 0.1678860 0.2127535 0.0000000 0.1971387 0.1853185 0.4825709 0.4248902 0.7501162 0.8183331 1.1006078 1.0546824 1.1108777 1.1116333 1.0563031 0.9330688 0.9739763 1.2335998 1.2370701 1.2992360 1.2991636 1.2835854 1.2517314 1.3282913 1.4785965 1.4206147 1.5064335 1.1603902 1.7422011 1.6187860 2.2330497 2.3150511 2.0272910 2.0272910 1.7612460 1.8647236 1.9233094 1.9233094 1.5449611 2.0560369 2.0038111 1.9362532 2.3000615 1.9689630 3.1763563 2.3011173 2.2885162 2.5188679 2.8690525 3.0133253 2.3064569 2.7289812 2.1152902 1.9443075 2.0260319 1.7253394 2.1719435 2.2974769 1.8912864 2.7063347 2.4038282 2.3038034 2.8440794 2.8097968 3.4198081 
Amil_Amillepora21952-RA                                          1.6932301 1.7114749 1.7363479 1.9301726 1.7572680 1.2808599 1.9196402 1.8681169 1.6853506 1.6559330 1.9615865 1.6574119 2.1583047 1.5979611 1.9343356 1.3173756 1.1401903 1.4158653 1.6133135 1.5544849 1.3685580 0.3613583 0.3057321 0.2856314 0.3503328 0.1971387 0.0000000 0.0268373 0.5189868 0.4990518 0.9069878 0.9985302 1.2106907 1.1562269 1.2133418 1.2035604 1.1623884 1.1406470 1.3260813 1.3789425 1.3120586 1.3978800 1.3438379 1.3586462 1.3183943 1.6094479 1.6690764 1.4051406 1.3981386 1.2254652 1.7085040 1.9471990 2.3590294 2.4429926 2.1729616 2.1729616 2.0134738 2.0662606 2.4484593 2.4484593 1.8857548 2.1534871 2.0612426 2.1681499 2.1364346 2.1975938 3.1343345 2.4532991 2.6128674 2.8284517 2.7106596 2.8785993 2.6546700 2.7712415 2.3620499 2.2557228 2.3801984 2.0651188 2.2254163 2.1327957 2.2655402 3.4763198 2.7883956 2.5056818 3.1948211 3.1212915 2.8098495 
Adig_XM_015899430.1                                              1.6653008 1.6235807 1.4211813 1.9045418 1.6774922 1.1812555 1.8538341 1.8321638 1.6620989 1.5140987 1.5535173 1.5412599 1.8097459 1.4408840 1.7975333 1.2867641 0.9756047 1.3057484 1.4069645 1.4857145 1.2951969 0.3839704 0.2643449 0.2601456 0.2765685 0.1853185 0.0268373 0.0000000 0.5078805 0.4681893 0.8268674 0.9045860 1.1550787 1.1032296 1.1589360 1.1519954 1.1215274 0.9694449 1.0842828 1.2147092 1.2172822 1.2557268 1.2597708 1.2438287 1.2105903 1.3114103 1.4998954 1.3907871 1.4422593 1.2070133 2.2025724 1.6444864 2.2971021 2.3515525 1.9905509 1.9905509 1.8778554 1.9695687 1.8988955 1.8988955 1.5286595 2.1479977 1.9724813 1.9054115 2.3704126 2.1137958 2.8376903 2.1797673 2.3014369 2.5848410 2.7202689 2.9679043 2.3121956 2.6923124 2.1143155 1.9971240 2.0363076 1.8060200 2.1753354 2.2881092 1.8604359 2.6350053 2.3399477 2.3270166 2.9489723 2.7081970 3.1858831 
Exapal_XM_021039026.2                                            1.5705504 1.4572616 1.3391549 1.9466675 1.6209418 1.1503017 1.7968876 1.6221125 1.7016213 1.5033869 1.5550258 1.4163938 1.8609551 1.4320838 1.6878960 1.2535062 0.9868010 1.1979432 1.3042563 1.3482339 1.2470644 0.5852599 0.4600541 0.4393425 0.4017946 0.4825709 0.5189868 0.5078805 0.0000000 0.2939029 0.7832447 0.8558352 1.1645545 1.1366568 1.1620915 1.1628385 1.1411174 0.8776786 1.0422995 1.1388564 1.0513431 1.0695038 1.1154208 1.1410809 1.1257691 1.3016838 1.4699489 1.2991613 1.3504880 1.1362451 1.9545160 1.5441397 2.1615434 2.1570520 2.0241332 2.0241332 1.7203581 1.8366766 2.0120256 2.0120256 1.5928883 2.0893886 2.0707448 1.8368199 2.2566915 2.0588332 3.0800313 2.3573966 2.2362854 2.4806635 2.4553610 2.6448456 2.2322653 2.6190786 2.0206686 1.8715628 1.8846825 1.7046440 2.1726318 2.3540141 1.7591408 2.6860138 2.3242124 2.3532168 2.9304020 2.6838860 3.1204998 
Nvec_v1g163150                                                   1.4961870 1.4012582 1.3033085 1.9003183 1.5785401 1.1582795 1.7432085 1.6399431 1.5765134 1.4621436 1.4768650 1.3185043 1.6340873 1.4040322 1.6162134 1.1245847 0.9788693 1.1676271 1.2386827 1.2390018 1.2514064 0.5667040 0.4150139 0.4254393 0.3724237 0.4248902 0.4990518 0.4681893 0.2939029 0.0000000 0.6894064 0.7882166 1.0861082 1.0575284 1.0779559 1.0786611 1.0658227 0.8952008 1.0400165 1.0737780 1.0475810 1.0787412 1.1138777 1.1250194 1.0994348 1.2638089 1.3257078 1.2112474 1.2351693 1.0751310 1.7047446 1.6582035 2.2005812 2.2294334 1.9725925 1.9725925 1.8185993 1.8216402 1.9820043 1.9820043 1.5594451 2.1479476 2.0712800 1.7894595 2.1723890 2.0177948 2.8756922 2.2091360 2.2181963 2.5321259 2.4194629 2.6807687 2.1379223 2.5230397 1.9701177 1.8468356 1.9439420 1.6840038 1.9607970 2.2887813 1.7122127 2.5714869 2.2167862 2.2731618 2.8534648 2.4940719 2.9072350 
Dgig_XM_028540940.1                                              1.5601836 1.5346010 1.3547614 1.9813577 1.5076770 1.0987872 1.8315962 1.9462034 1.6663047 1.6682290 1.6308242 1.4062012 1.6722766 1.3974747 1.7486980 1.3057278 0.8672539 1.3160220 1.3574297 1.4163884 1.3381846 0.9086420 0.7187626 0.7200278 0.6547204 0.7501162 0.9069878 0.8268674 0.7832447 0.6894064 0.0000000 0.3477148 1.2294137 1.1774697 1.2135917 1.2065810 1.2629035 0.9921318 1.1601840 1.2917698 1.2185676 1.2186782 1.1843674 1.2143855 1.1821889 1.2718186 1.5420167 1.3615576 1.4343343 1.2047012 2.5070902 1.5306542 2.1146886 2.0536186 1.9352702 1.9352702 1.7276355 1.8991688 1.8270574 1.8270574 1.4950863 2.0262413 2.0177541 1.8335188 2.1895151 2.0456434 3.0180684 2.3102407 2.1169065 2.5309240 2.5415373 2.4535780 1.8726833 2.3342188 2.1363390 1.7669549 1.9618132 1.6887268 2.1637557 2.2486495 1.9857426 2.5970112 2.2537577 2.2808090 2.6196573 2.8535265 3.3621871 
Xesp_004861-T1                                                   1.5093477 1.5328907 1.4531239 2.2731671 1.5690632 1.1168669 1.8620118 1.9171840 1.7391717 1.8270686 1.6021684 1.5484056 1.9257326 1.5293093 2.0549321 1.4394040 1.0195659 1.4268545 1.4862057 1.4947909 1.3895825 0.9787096 0.8281000 0.7839557 0.7557137 0.8183331 0.9985302 0.9045860 0.8558352 0.7882166 0.3477148 0.0000000 1.3646439 1.3244936 1.3640973 1.3624101 1.3489847 1.0591948 1.3205525 1.4134124 1.2594162 1.2929716 1.2544120 1.2563320 1.2377627 1.3614955 1.6233462 1.5408017 1.6415638 1.2471774 2.2518411 1.6904500 2.2006947 2.1345008 2.0008835 2.0008835 1.7614215 1.9392550 1.8159214 1.8159214 1.5132020 2.1115667 2.0544475 1.9566289 2.2433329 2.1918360 2.8582871 2.3324043 2.2347421 2.4940409 2.6209713 2.5670227 1.8208924 2.4118285 2.2204264 1.8421201 2.1526736 1.7473569 2.2419235 2.4435283 1.8963492 2.7533356 2.4327506 2.0539964 2.8043166 3.1797084 3.7965684 
HoiH23_PlH23_000696-RA                                           1.7280120 1.6455944 1.4354964 1.9559172 1.8255905 1.1848270 1.9725532 1.8423499 1.8247911 1.8003516 1.5551056 1.6796482 2.0400465 1.6174118 1.9221855 1.2880194 1.1542325 1.3044156 1.4069916 1.4502609 1.5599383 1.3494386 1.1038923 1.1016581 1.0352660 1.1006078 1.2106907 1.1550787 1.1645545 1.0861082 1.2294137 1.3646439 0.0000000 0.0168929 0.0634559 0.0608177 0.1468195 0.1807270 0.2129682 1.2862905 1.3416083 1.3774980 1.3867037 1.4597714 1.4641099 1.4512093 1.5807139 1.5485461 1.6933974 1.3439704 1.6846857 1.6875664 2.1015366 2.1224024 2.0075076 2.0075076 1.8063701 1.9019240 2.0268499 2.0268499 1.6872179 1.9551040 2.2661712 1.8285878 2.0781251 2.0958503 3.2578667 2.3183130 2.3225718 2.4215606 2.6016401 2.7803027 2.0567287 2.6264275 2.1786836 1.7310187 2.1123276 1.6967135 2.3151152 2.5832035 1.8382039 2.6198177 2.4262863 2.2995719 2.9733690 2.9891671 3.4299208 
HoiH06_mRNA4233                                                  1.6633870 1.5812024 1.4354964 1.9263119 1.7433451 1.0822919 1.8907565 1.7841321 1.7390657 1.7296746 1.4749805 1.6271432 2.0105354 1.5452842 1.8594349 1.2440438 1.1347384 1.2782408 1.3928288 1.3823623 1.5152757 1.2447116 1.0505162 1.0370898 0.9448717 1.0546824 1.1562269 1.1032296 1.1366568 1.0575284 1.1774697 1.3244936 0.0168929 0.0000000 0.0584878 0.0558680 0.1333209 0.1452782 0.2065355 1.2447047 1.2872426 1.3393529 1.3530960 1.4025898 1.4067454 1.3719705 1.4949336 1.5058942 1.6223328 1.3273189 1.7179878 1.6363720 2.1122604 2.0948344 1.9732986 1.9732986 1.7658431 1.8243024 1.9872527 1.9872527 1.6625250 1.9485499 2.2411272 1.7362131 2.0729160 2.1488366 3.2275525 2.3531736 2.3581831 2.3421891 2.5194178 2.7220567 1.9915980 2.6021999 2.2283127 1.7210890 2.0398155 1.6895251 2.3555589 2.5059166 1.8287565 2.6170082 2.3597153 2.3064891 2.9314783 2.9321246 3.3561998 
Hhon_g02678.t1                                                   1.7272784 1.6339417 1.4635210 1.9774770 1.8153397 1.2143628 1.9341234 1.8239890 1.8134226 1.7627670 1.5657357 1.7055821 2.0093274 1.6460965 1.8979705 1.2802188 1.1628551 1.3733196 1.4213171 1.4420296 1.5507373 1.3303362 1.1078456 1.0871716 1.0256566 1.1108777 1.2133418 1.1589360 1.1620915 1.0779559 1.2135917 1.3640973 0.0634559 0.0584878 0.0000000 0.0068898 0.1389096 0.1731156 0.2035135 1.2888926 1.3739325 1.3547831 1.3861750 1.4561554 1.4603645 1.4221532 1.5814406 1.5559343 1.6988775 1.3865359 1.8172941 1.6402426 2.1494569 2.1704484 2.0422612 2.0422612 1.8382132 1.9264333 2.0397644 2.0397644 1.7235601 2.0661021 2.3163982 1.8306177 2.0891459 2.1597262 3.3529239 2.4579592 2.4078085 2.4480077 2.6055077 2.8222917 2.1391257 2.7010671 2.2535856 1.7287869 2.0987218 1.7538415 2.3459619 2.5592613 1.9009348 2.7250239 2.4912591 2.3571499 3.0202950 3.0210496 3.3885776 
HoiH04_mRNA9798                                                  1.7250407 1.6317848 1.4635210 1.9774770 1.8164924 1.2300267 1.9365586 1.8254631 1.8122400 1.7557270 1.5519164 1.6986143 2.0103090 1.6471363 1.8986670 1.2810683 1.1634340 1.3852283 1.4242414 1.4520267 1.5558368 1.3315550 1.1086915 1.0878853 1.0260686 1.1116333 1.2035604 1.1519954 1.1628385 1.0786611 1.2065810 1.3624101 0.0608177 0.0558680 0.0068898 0.0000000 0.1388617 0.1778459 0.2086663 1.2909320 1.3675866 1.3566524 1.3792937 1.4475790 1.4517690 1.4254513 1.5776079 1.5557734 1.6987318 1.3866161 1.7666636 1.6409637 2.1358651 2.1566684 2.0378054 2.0378054 1.8506734 1.9219364 2.0805406 2.0805406 1.7576196 2.0660457 2.3374140 1.8536794 2.0888021 2.1525407 3.3624821 2.4676497 2.4479495 2.4727595 2.6259582 2.8026624 2.1684003 2.6819654 2.2600421 1.7472099 2.1048853 1.7686155 2.3446659 2.5629869 1.9078038 2.7260818 2.4929203 2.3587347 3.0499166 3.0227295 3.3905534 
TrH2_TrispH2_005930-RA                                           1.6806965 1.6565085 1.5030030 1.9356246 1.7422591 1.1777804 1.8850034 1.8970372 1.8134751 1.6970972 1.6101524 1.6588195 1.9086671 1.5417931 1.8982989 1.2745291 1.1894020 1.3533717 1.4060491 1.4345332 1.5705896 1.2415577 1.0336921 1.0285082 0.9998229 1.0563031 1.1623884 1.1215274 1.1411174 1.0658227 1.2629035 1.3489847 0.1468195 0.1333209 0.1389096 0.1388617 0.0000000 0.0601679 0.2752824 1.3055135 1.3331676 1.3847493 1.3959811 1.5056408 1.4830506 1.4489999 1.5614896 1.4898909 1.6087563 1.3865003 1.8944135 1.6051067 2.1078468 2.1506749 2.0173474 2.0173474 1.8314603 1.8971306 2.0643738 2.0643738 1.7285727 2.1106901 2.2381481 1.8951368 2.1095011 2.1916050 3.1394883 2.3981233 2.3805587 2.4818306 2.6028267 2.8837672 2.1613101 2.6683821 2.2440209 1.7365805 2.0849749 1.7096932 2.2422577 2.4397835 1.8337922 2.6348462 2.4976650 2.4016504 2.9825828 2.8337078 3.0757399 
Tadh_TriadT28964                                                 1.4312010 1.4190938 1.5291815 1.5412341 1.3848622 1.2001929 1.5959373 1.6635725 1.5477944 1.5068565 1.7330852 1.3783875 1.5682050 1.2734424 1.4200281 1.2428073 1.2316148 1.2490893 1.2316895 1.3465519 1.2527221 1.1153611 0.9199962 0.8969337 0.8833759 0.9330688 1.1406470 0.9694449 0.8776786 0.8952008 0.9921318 1.0591948 0.1807270 0.1452782 0.1731156 0.1778459 0.0601679 0.0000000 0.1952421 1.1392088 1.1953756 1.2293458 1.1959204 1.2847910 1.2808672 1.1414184 1.3704959 1.2843498 1.2043250 1.0199013 1.6584359 1.5841201 1.9195037 1.9512778 1.8070919 1.8070919 1.7759917 1.8892774 2.0568127 2.0568127 1.8048777 1.9946136 1.9987650 1.8757184 1.9894867 1.9988881 2.9892472 2.2000099 2.1465916 2.5598825 2.4138425 2.6854223 2.2785352 2.3337566 2.1042879 1.8968962 1.7944282 1.5985219 2.0451743 2.2990174 1.5544663 2.3855625 2.2772482 2.6952747 2.9752389 2.4833569 2.9692418 
HoiH11_mRNA2646                                                  1.7250039 1.6060263 2.2555764 2.3469687 1.5488049 1.1506187 1.9153003 1.8791535 1.7982465 1.7658176 1.5101264 1.6158405 1.9421908 1.5147806 1.7006883 1.3437983 1.1573703 1.4230568 1.4172239 1.5038367 1.5666219 1.3206835 1.0669003 1.0040877 1.0100757 0.9739763 1.3260813 1.0842828 1.0422995 1.0400165 1.1601840 1.3205525 0.2129682 0.2065355 0.2035135 0.2086663 0.2752824 0.1952421 0.0000000 1.3017571 1.4400049 1.4858911 1.4751293 1.4625928 1.4578820 1.4381426 1.5751031 1.5101626 1.5262004 1.4780467 4.0016580 1.7437884 2.2901192 2.2330602 2.0648502 2.0648502 2.0399985 2.0561121 1.8915040 1.8915040 1.6913134 2.1726450 2.2373197 1.9354620 2.2646469 2.2149695 4.0613672 2.3667604 2.3563911 2.6497187 2.8363184 3.0792528 1.8925361 2.5095791 2.4717868 1.8802998 2.0000084 1.7649461 2.3686788 2.5555641 2.3131082 2.7019284 2.4217410 2.4855131 3.6173839 3.9938653 5.6988572 
Morvir_scaffold274.g14.t1                                        1.6813832 1.6558359 1.6276009 1.8873121 1.9744672 1.3413104 2.1556745 1.9772341 1.8958654 1.8664517 1.9670808 1.7129330 1.8397046 1.5964752 1.9717937 1.4588583 1.3834171 1.4553157 1.4810588 1.4777214 1.4488772 1.3334591 1.1793067 1.2052377 1.1496871 1.2335998 1.3789425 1.2147092 1.1388564 1.0737780 1.2917698 1.4134124 1.2862905 1.2447047 1.2888926 1.2909320 1.3055135 1.1392088 1.3017571 0.0000000 1.0330803 1.0474312 1.0207178 1.0446507 1.0348339 1.1320672 1.4260450 1.5355359 1.6920012 1.4433194 1.9057919 1.7556403 2.1529604 2.1055577 2.0013479 2.0013479 1.9442513 1.9033047 2.1580650 2.1580650 1.7667848 2.1944445 2.0287940 2.0734659 2.3191492 2.0638927 2.9640935 2.2946686 2.2150114 2.5125601 2.5143203 2.6506294 2.4801364 2.6626447 2.2162058 2.0430279 2.2754071 2.0071188 2.2178075 2.6682791 1.9757929 2.5919129 2.4267448 2.3841645 2.6501089 2.5529114 3.0991989 
Nemnom_g10748.t1                                                 1.7453761 1.7240605 1.2178032 1.9554884 1.8097351 1.3919992 2.2013977 2.1036173 1.9850641 1.6759142 1.9208601 1.5794265 1.8950181 1.5895518 1.8334541 1.3941545 1.2442081 1.3170578 1.4644363 1.5158169 1.4813109 1.3673383 1.2031356 1.2177969 1.1477222 1.2370701 1.3120586 1.2172822 1.0513431 1.0475810 1.2185676 1.2594162 1.3416083 1.2872426 1.3739325 1.3675866 1.3331676 1.1953756 1.4400049 1.0330803 0.0000000 0.2057306 0.4340204 0.5693489 0.5649788 1.1348652 1.2945324 1.5663087 1.7063039 1.4602130 2.2043262 1.5939966 2.2427313 2.2694576 2.1310227 2.1310227 1.8812637 1.9305442 2.2214890 2.2214890 1.8319814 2.1384027 2.2086770 1.9792232 2.3080843 2.3111314 2.8915984 2.5690703 2.4511905 2.4718653 2.4990532 2.3457116 2.0333774 2.5248679 2.2234171 1.8966664 2.1555121 1.9204506 2.4579396 2.5709664 1.8552163 2.8055253 2.3913861 2.2805009 2.5473781 2.9347443 3.4265388 
Rhoesc_Res_006141-T1                                             1.7190665 1.7134854 1.2126832 1.8450305 1.7401355 1.4960250 2.2391009 2.1104090 2.0076566 1.6712296 1.9901248 1.6280378 1.9439141 1.6324064 1.8842604 1.4607422 1.2970125 1.3559154 1.4483478 1.4387537 1.4619010 1.4161515 1.2198540 1.2770844 1.2094548 1.2992360 1.3978800 1.2557268 1.0695038 1.0787412 1.2186782 1.2929716 1.3774980 1.3393529 1.3547831 1.3566524 1.3847493 1.2293458 1.4858911 1.0474312 0.2057306 0.0000000 0.4407866 0.5868708 0.5823610 1.0778567 1.2698117 1.5878278 1.7538163 1.4292205 2.1599343 1.7332060 2.2962569 2.2983390 2.0512630 2.0512630 1.9605364 1.9754633 2.4022775 2.4022775 1.9275001 2.2157242 2.2760898 2.0373424 2.4136038 2.3081905 2.8637122 2.5842408 2.5133347 2.4677382 2.4828388 2.3402300 2.1898182 2.5983827 2.2048133 2.0006168 2.2384911 1.9854829 2.4875128 2.7089338 1.9161592 2.9979116 2.5677052 2.3497695 2.5724668 2.9235166 3.3688747 
