108
Emue_Em0016g156a.t1                                               0.0000000 0.5936781 0.9777785 1.8573742 2.0532273 1.6106360 1.4172532 1.7540147 1.2927014 0.4951926 1.7751428 1.6831465 0.7968382 1.6262143 1.5813721 1.2621155 1.7169604 1.9123852 1.6665350 1.2941004 1.7760544 1.8558726 1.6751418 1.2414078 2.2299743 1.8966507 1.8543985 2.0145547 1.7512178 1.7037645 1.9703722 2.0074607 1.9594593 1.9740465 1.9678834 2.0277969 2.0491924 4.0357341 1.3433084 1.8489592 1.9511541 1.6500310 1.9144080 1.8880207 1.8923106 1.5493187 1.9263642 1.9055751 1.9899786 1.8371009 1.8371009 1.9805926 2.0810050 1.8042333 2.2731390 1.0843650 2.3866457 2.3866457 1.8595255 1.8595255 2.0134243 2.5148715 2.0786478 2.0786478 1.5797483 2.7806689 2.7532818 1.7138708 2.7440367 2.6115214 2.6023206 2.6023206 2.4468394 1.8441855 1.2521684 2.7842638 2.7542236 2.4871407 2.6772242 2.6772242 2.7560074 1.9932804 2.3235813 2.1530888 1.8791560 2.0196400 2.7043294 2.6576292 2.2209266 2.4685137 2.7600819 2.6298799 2.5237699 1.9550405 2.6446293 2.1895432 2.5182299 2.5862463 2.8488786 2.1864091 2.7504264 3.0855751 1.7219611 2.9123212 1.5308924 1.8844240 1.9540568 2.8773309 
Spolac_c92551_g1_i1_m.7934c103454-g4                              0.5936781 0.0000000 0.8289036 1.5607441 1.8152463 1.7934296 0.0000010 2.5658246 1.1403273 0.0000010 1.9047058 1.8796008 9.0000000 1.6489738 1.5750031 1.1028329 2.1602148 1.8073985 1.9022538 2.1486493 1.9189840 1.6397058 1.3149651 2.3174570 2.3266896 1.8055452 1.8055452 1.9668298 1.8162136 1.9013993 2.4600306 2.4384958 2.3494757 2.3414872 2.2672176 2.4505062 2.4537709 3.6424227 2.4863459 1.6999782 1.8620352 1.4599603 1.9468293 1.6918762 1.7519407 1.4510485 1.5870500 1.9880098 1.9880098 1.9152817 1.9152817 2.1650756 2.0613787 9.0000000 2.3025017 9.0000000 3.0417047 3.0417047 5.5489110 5.5489110 5.1406832 3.0164820 2.7627014 2.7627014 9.0000000 2.6527152 3.0870412 9.0000000 2.9706490 2.9706490 2.8417120 2.8417120 2.5714210 2.7103919 0.0000010 3.2882258 2.8877341 2.6738818 2.6847933 2.6847933 2.7344603 1.7859620 2.6441216 1.8469122 6.4876632 2.4061066 2.9677147 2.7505159 2.7236601 2.6386300 3.0882008 3.2522576 2.8308639 2.4819290 3.6575798 2.1390844 2.6049928 2.5599966 2.8944492 3.0390415 3.5984960 3.3179112 9.0000000 2.9450352 1.5435221 1.8762380 1.8754299 2.3086710 
Aque_Aqu2.1.02853_001                                             0.9777785 0.8289036 0.0000000 0.0314088 0.0000010 0.4519348 0.6326056 0.7913747 0.7091130 0.0000010 1.1253395 0.9563297 0.0000010 1.0967257 1.0602238 1.0492466 1.2675202 1.1774091 1.0490514 0.9140877 1.0023039 1.0319948 1.1860525 1.4071746 1.2256288 1.3073161 1.3073161 2.0186710 1.1574386 1.3485396 1.7798908 1.8420434 1.9026244 1.8553016 1.7434291 1.6053945 1.6053945 0.0000010 5.8775098 1.4993176 1.3995883 1.0314972 1.1702501 1.1972469 1.1745236 1.5154459 1.7613089 1.5220525 1.5220525 1.8920506 1.8920506 1.2303718 1.6852629 1.6140659 1.2089544 0.0000010 1.6613951 1.6613951 1.1733840 1.1733840 1.7415211 1.6613951 1.7280998 1.7280998 0.0000010 1.7280998 1.7290216 0.0000010 1.9581631 1.9581631 1.5860731 1.5860731 1.7699300 1.8102774 0.0000010 1.9661834 1.4994608 1.7162164 1.8444846 1.8444846 1.8987297 1.8417697 1.6367420 1.4858776 1.0268154 2.1392773 2.6082842 2.3641335 2.5561477 2.4994341 2.7566222 2.7909487 2.1437048 2.1715065 2.3462216 1.6962332 2.2080226 2.1653477 2.9661086 4.6791841 2.6070273 2.4800426 1.9768733 3.1922102 0.6163291 1.1017362 1.1534015 1.1788370 
Aque_Aqu2.1.26565_001                                             1.8573742 1.5607441 0.0314088 0.0000000 0.1694405 0.7721930 0.7571704 2.2167780 1.8988377 2.0773417 2.4820174 2.2634536 2.1750923 2.0530099 1.9942031 1.7264172 2.4963544 2.4642424 2.2069180 1.0816701 2.3226370 2.3100801 2.2395358 2.2517968 2.7422078 2.3267459 2.2830986 2.2846588 1.9487560 2.1698534 2.6614632 2.7329432 2.5861294 2.5584764 2.6100084 2.6516377 2.7920929 5.6203028 3.2951267 2.4052523 2.5044770 2.3765272 1.7915724 2.6120913 2.6297446 2.0780127 2.4993174 2.5311631 2.5009012 2.6724225 2.6724225 2.5172262 2.8169843 1.7423674 2.5932262 4.7267700 2.7490177 2.7490177 1.4787088 1.4787088 2.0122240 2.8460129 2.1345171 2.1345171 2.1741594 2.1329555 3.1492750 2.1741594 3.3430456 3.2072655 3.2517193 3.2517193 2.7937478 1.9582247 1.8683562 3.2710340 3.0388086 3.1531828 3.2070276 3.2070276 3.2744098 2.6253193 2.8711599 2.6221459 2.4455719 3.4552391 3.8190433 3.5369945 3.4928262 4.0247689 3.6529941 3.7115963 3.6502391 3.2611464 3.5103310 3.2358769 3.4460010 3.6051028 3.9249763 6.0690366 3.7668939 3.8928407 2.4002446 4.1353932 1.6206392 1.9292402 1.9400643 3.4253747 
Aque_Aqu2.1.05351_001                                             2.0532273 1.8152463 0.0000010 0.1694405 0.0000000 0.8515098 0.0000010 2.9051119 2.3305266 0.0000010 2.8458310 2.7391496 0.0000010 2.6320842 3.0051298 2.0880042 2.6069103 3.0146466 2.6300980 0.0000010 2.8273246 2.8956812 2.4586775 1.3138908 3.6241230 2.6908464 3.2959366 2.1665256 2.0778955 2.2393140 2.8021847 2.8741782 2.6222214 2.6081215 2.8255529 3.0007456 3.2838789 5.3520168 2.3740481 2.6720582 2.9507598 3.0048967 2.7033360 3.0977967 3.1505978 2.4733308 2.7490130 2.5200760 2.5200760 2.7124456 2.7124456 3.0757993 3.0873937 0.0000010 3.0686571 0.0000010 4.2397870 4.2397870 9.0000000 9.0000000 9.0000000 4.4925191 2.8524713 2.8524713 0.0000010 3.1100701 3.7050547 0.0000010 3.9423881 3.7798900 4.0618320 4.0618320 3.1438518 2.4041931 0.0000010 3.9496922 4.0353701 3.6969772 3.5083974 3.5083974 3.6355128 2.7963367 3.3218844 2.7731911 8.6520052 4.4592193 3.7659448 3.6843581 3.9982966 4.1561735 3.4773147 3.6378600 3.9924423 3.8187261 4.2019343 3.8717701 3.9056990 3.9179327 4.2945103 8.9999983 3.9335840 4.6578649 0.0000010 4.1267128 1.5774926 2.1066813 2.1066813 2.9205370 
Halamb_c55011_g1_i1m.39771                                        1.6106360 1.7934296 0.4519348 0.7721930 0.8515098 0.0000000 0.7463848 1.9637180 1.4571994 1.0971497 2.0427494 1.9609876 1.5877268 1.8565299 1.8840307 1.6846794 1.8267686 2.0076391 1.8955250 1.5798896 1.9455666 1.8467629 2.1594755 2.0365209 2.2407614 1.9312445 1.8765182 2.1610860 2.0327053 1.8678167 2.0978288 2.1271490 2.0773069 2.0511365 2.0647365 2.1208052 2.1255895 3.9306475 2.4446234 1.8908855 2.0259810 1.9409394 1.7337911 1.9637983 1.9736383 2.3398957 1.9159252 1.9788118 1.8503323 1.9692749 1.9692749 2.0674639 2.1749709 1.7167692 2.0286619 1.7861169 2.4798881 2.4798881 2.1097855 2.1097855 2.2291584 2.4685141 2.2447147 2.2447147 2.1229870 2.3810213 2.5397788 2.3275044 2.4915375 2.4915375 2.3465808 2.3465808 2.4856777 2.1835989 1.6907334 2.5955876 2.4211601 2.4510025 2.6677586 2.6677586 2.7062358 2.1854692 2.0277230 2.1169056 1.9212357 2.7169467 2.6035564 2.5653601 2.6782207 2.6152216 2.9109362 2.8127957 2.8094353 2.4972097 2.8449243 2.5495523 2.8984295 3.1157738 3.1522593 3.0066857 2.8876221 3.5900409 0.8114983 2.9734805 1.3761061 2.1126756 2.3456909 3.1998339 
Spolac_c80245_g1_i1_m.2574c103454-g4                              1.4172532 0.0000010 0.6326056 0.7571704 0.0000010 0.7463848 0.0000000 0.7822809 0.6073021 1.5978692 0.8111127 0.7719288 1.2140056 0.8124548 0.7910014 0.7297837 0.7883869 1.0322126 0.9551302 0.8970976 0.8907852 0.7862771 0.8627649 1.6976375 0.9351713 1.0336159 1.0336159 1.2063650 0.9992405 0.8348434 1.2644225 1.2750858 1.3320752 1.3006768 1.2509914 1.3689915 1.3689915 0.0000010 3.6827335 0.9205144 0.9959904 0.9854870 0.7044497 1.0267973 0.9920154 0.0000010 0.9432760 1.0896586 1.0896586 1.2657413 1.2657413 1.3055996 1.6864156 1.5367026 0.0000010 1.4303706 1.4620280 1.4620280 1.4620280 1.4620280 1.4620280 1.4620280 1.3785985 1.3785985 0.5390929 1.4528272 1.3123306 0.5390929 1.5381086 1.5381086 1.3868492 1.3868492 1.3812008 1.3808715 0.5390929 1.4891510 1.4864736 1.3756793 1.5457787 1.5457787 1.5688987 1.4638521 1.2417442 1.0887255 0.4993648 1.8574028 2.1665079 1.9298222 1.5831161 2.1130067 2.5855343 2.4100664 2.1255655 2.0790026 2.0658465 1.6456865 1.6102041 1.7913060 2.4600734 2.6858877 1.8932823 2.5768942 0.8117357 2.6976580 0.9245677 0.5337633 0.5800044 3.7628655 
Skow_XM_006814130.1                                               1.7540147 2.5658246 0.7913747 2.2167780 2.9051119 1.9637180 0.7822809 0.0000000 1.5820440 1.0459985 1.6996205 1.7384622 1.2217232 1.3443094 1.3607313 1.1217283 1.4835443 1.6021047 1.4645654 1.0451540 1.4286415 1.3196930 1.2008584 1.1810405 1.6914378 1.2441835 1.2096582 1.4434372 1.2605465 1.4022858 1.4951019 1.5301393 1.4803409 1.5030097 1.4799488 1.5097177 1.5330483 2.4934436 1.5878724 1.2567807 1.3329002 1.3252783 0.8832578 1.3104506 1.2995085 2.6620131 1.6917087 1.4847206 1.5360357 1.4456097 1.4456097 1.9365638 1.9770910 1.7141234 2.8925742 1.3239814 1.8912311 1.8912311 1.5176045 1.5176045 1.5378411 2.0029622 1.7085285 1.7085285 1.8267108 1.4539781 2.1418298 1.9510952 2.1974884 2.2121397 1.9875092 1.9875092 1.8772158 1.4337311 1.3201984 2.1697029 1.9110459 1.9955948 1.9312848 1.9312848 1.9215510 1.3698911 1.4729971 1.7087069 1.0410613 1.8696560 2.1454054 2.3675070 2.1452207 2.2800372 2.5846173 2.5795968 2.3683329 1.8637070 2.3564943 2.1468667 2.4507790 2.5463989 2.7375110 2.3275188 2.5029529 2.8314782 1.9464201 2.5348713 1.8791813 2.2233169 2.3473305 3.0321984 
Tetwil_g5770.t2                                                   1.2927014 1.1403273 0.7091130 1.8988377 2.3305266 1.4571994 0.6073021 1.5820440 0.0000000 0.4366116 1.5820229 1.5687757 1.1008975 1.4791016 1.4389865 1.1016998 1.5193350 1.5721108 1.3410638 1.0682815 1.4686588 1.4387851 1.4817610 1.2610481 1.9187109 1.6176317 1.5380971 1.7513838 1.4361623 1.5234938 1.6626942 1.6392234 1.6969786 1.6491516 1.6181205 1.6599143 1.6849967 3.5821913 1.2950587 1.6168436 1.5968544 1.4617621 1.3613825 1.5228762 1.5218264 1.7324648 1.8341692 1.5940505 1.6823309 1.4715228 1.4715228 1.9371356 2.0890665 1.6562694 2.2343485 1.3362923 1.9497805 1.9497805 1.4938295 1.4938295 1.6197571 2.0514859 1.6566815 1.6566815 1.5103160 1.8406623 2.3725008 1.5788913 2.3599729 2.2248370 2.2554236 2.2554236 1.9898384 1.4085061 1.0878892 2.3257534 2.1189399 2.1045698 2.1319277 2.1319277 2.1983027 1.7116523 1.7843492 1.8247556 1.0430446 1.9517094 2.5392759 2.4558790 2.2413565 2.3153393 2.6642114 2.4353023 2.2483976 2.1202026 2.6232908 2.2168844 2.4950731 2.4028205 2.8589563 2.1549413 2.7735031 3.0977950 1.4630907 3.0316335 1.2145674 1.6486324 1.7697733 2.9160466 
Stycar_maker-SC_scaffold34581-snap-gene-0.5-mRNA-1                0.4951926 0.0000010 0.0000010 2.0773417 0.0000010 1.0971497 1.5978692 1.0459985 0.4366116 0.0000000 0.7729512 0.7862505 0.7346584 0.8276120 0.8898434 0.6900415 0.7536784 1.0224798 0.8574603 0.8755371 0.8794773 0.8221796 0.9667239 1.0340567 1.1043890 0.9707578 0.9707578 0.9397074 0.8690372 0.8154784 0.9439772 0.9339746 0.8852815 0.8991188 0.9297666 0.9783444 0.9783444 0.7182724 0.2984052 0.9609679 1.0555706 0.9662673 0.0000010 1.1835864 1.1763990 2.4232516 0.0000010 0.9372862 0.4812217 1.0574983 1.0574983 1.2870996 1.7318506 1.3890529 0.0000010 1.0455031 1.3493677 1.3493677 1.3493677 1.3493677 1.3493677 1.3493677 1.4288207 1.4288207 1.4288207 0.0000010 1.4293686 1.4677951 1.3698424 1.3698424 1.3494245 1.3494245 1.2183337 1.2183337 1.0653141 1.4843067 1.4132138 1.4230789 1.5191605 1.5191605 1.5489119 1.1680483 1.1034148 1.6222562 0.6916182 1.2112490 1.3259189 1.3949517 1.4911042 1.2899638 1.3976111 1.3782544 1.4113136 1.2729028 1.3300316 1.3121804 1.7099755 1.5453264 1.4111714 1.4111714 1.5476013 2.1519957 1.1006034 1.6338737 0.9902169 2.9739564 3.3403239 1.8448174 
Spis_XP_022808613_1                                               1.7751428 1.9047058 1.1253395 2.4820174 2.8458310 2.0427494 0.8111127 1.6996205 1.5820229 0.7729512 0.0000000 0.1937534 0.4340758 0.8982465 0.8651039 0.5725822 1.2182810 1.7425378 1.5895517 1.1292061 1.6395831 1.7212023 1.7583484 1.3733436 1.9566166 1.8978141 1.7109462 2.0579152 1.7963414 1.3876401 1.8016359 1.8270667 1.8042882 1.8022409 1.8096001 1.8743591 1.8474125 3.6787129 1.0877901 1.6352373 1.6006728 2.0235029 1.3595023 2.0049142 1.9443847 1.1454758 1.0666390 1.7550163 1.7948214 1.5959420 1.5959420 2.0778945 2.0634678 1.7284918 2.2022571 1.3723405 2.1802325 2.1802325 1.7442394 1.7442394 1.8827155 2.3158119 1.8109751 1.8109751 1.6066849 1.9369365 2.6316638 1.6808019 2.5968748 2.3122171 2.5285731 2.5285731 2.4800647 1.7137089 1.3121334 2.5846566 2.2761638 2.5289993 2.3543000 2.3543000 2.4510542 1.9509646 2.1916097 2.1937639 2.1617901 2.0671240 2.6552390 2.8100468 2.1774050 2.6810964 2.9474009 2.7490470 2.7010626 2.0047806 2.4264820 2.4496943 2.5729081 2.5555994 3.0856116 2.2659580 2.8292670 2.9271063 1.8605553 3.0360139 1.8771762 2.5090111 2.5589221 3.4408454 
Pocdam_XM_027182338.1                                             1.6831465 1.8796008 0.9563297 2.2634536 2.7391496 1.9609876 0.7719288 1.7384622 1.5687757 0.7862505 0.1937534 0.0000000 0.4145960 0.8722356 0.8317161 0.5433371 1.1687611 1.6838983 1.5358283 1.0548026 1.5654636 1.6356291 1.6742808 1.2637104 1.9720622 1.8256321 1.6316786 1.9685678 1.7739324 1.2783686 1.7726481 1.8062305 1.7714481 1.7618270 1.8158652 1.8517219 1.8209552 3.5443356 1.0516469 1.5617944 1.5779724 1.9942090 1.3353659 1.9248894 1.8943389 0.9670563 0.9677588 1.7654340 1.7999039 1.5762524 1.5762524 1.9999630 1.9949285 1.7383811 2.0779476 1.3688754 2.0961681 2.0961681 1.7077574 1.7077574 1.8437941 2.2032118 1.8223401 1.8223401 1.6351506 1.9325632 2.5756346 1.7236195 2.5787016 2.3042460 2.5694593 2.5694593 2.4936598 1.7231123 1.3957467 2.6417173 2.3876752 2.5036089 2.4061096 2.4061096 2.4690281 1.8811419 2.1929496 2.0618520 2.0415011 2.0350351 2.5741276 2.6834600 2.2551252 2.5325869 2.7830679 2.6081425 2.6192270 1.8873986 2.3771357 2.3663138 2.4951933 2.5149787 2.9883234 2.2618832 2.7751382 3.0005336 1.8260916 2.9422440 1.8602083 2.3120501 2.3742329 3.0885114 
Fspp_ffun1.m4.16415.m1                                            0.7968382 9.0000000 0.0000010 2.1750923 0.0000010 1.5877268 1.2140056 1.2217232 1.1008975 0.7346584 0.4340758 0.4145960 0.0000000 0.4545684 0.4997465 0.3588285 0.6446845 1.3254781 0.9391342 0.9102053 0.9384423 1.0189165 1.3426283 1.1283520 1.1331281 1.2975331 1.2975331 1.2826137 1.3172674 0.9518759 1.0988665 1.1242197 1.0885403 1.0904313 1.1069648 1.1683150 1.1683150 0.3214047 0.1708802 0.9817390 1.0345929 1.2073994 0.0000010 1.5573016 1.5295060 4.0190085 0.0000010 1.3100576 0.8264911 1.1220894 1.1220894 1.5279575 1.6673146 1.6826575 0.0000010 1.1816382 1.5973818 1.5973818 1.5973818 1.5973818 1.5973818 1.5973818 1.6874489 1.6874489 1.6874489 0.0000010 1.6771086 1.6986178 1.7446187 1.7446187 1.6045149 1.6045149 1.5622224 1.5622224 1.4355809 1.6939021 1.7467869 1.5622225 1.7007205 1.7007205 1.7393320 1.3175348 1.4457472 1.8639060 1.0667342 1.5919392 1.4560946 1.4042795 1.4873756 1.3949826 1.5599590 1.5799879 1.6107340 1.4911023 1.5743585 1.4830572 1.6797260 1.6527480 1.9220729 1.9220729 1.6630225 2.2665240 1.5614992 1.7687413 1.4421413 3.4275557 3.0646477 2.6100719 
Amil_Amillepora30347-RA                                           1.6262143 1.6489738 1.0967257 2.0530099 2.6320842 1.8565299 0.8124548 1.3443094 1.4791016 0.8276120 0.8982465 0.8722356 0.4545684 0.0000000 0.0167868 0.3330843 1.0316861 1.5668852 1.3784587 0.9598623 1.4325038 1.4563534 1.4814010 1.3174661 1.7383385 1.6908647 1.5566165 1.7548088 1.5198153 1.2102813 1.7042690 1.7417697 1.6898806 1.6849192 1.7170034 1.6872505 1.6871160 2.6678025 1.2188131 1.3450126 1.3981942 1.6737102 1.3774836 1.7474119 1.7362151 1.0231385 0.9887317 1.7041721 1.6915110 1.6849771 1.6849771 2.0134972 2.1429682 1.8575079 1.9561689 1.2661802 1.9178311 1.9178311 1.6895497 1.6895497 1.7865109 1.9921399 1.8195353 1.8195353 1.7088575 1.8737288 2.3967579 1.7673934 2.5369936 2.3162210 2.5219425 2.5219425 2.4144639 1.6830129 1.3592485 2.6184841 2.2300869 2.4137114 2.1299019 2.1299019 2.1983134 1.5614999 1.8341873 1.9778837 2.0281041 1.8447760 2.3379755 2.4059740 2.1334952 2.4154851 2.5922430 2.4730946 2.6127072 2.0367437 2.4098499 2.2224916 2.3802651 2.3633076 2.9404984 2.3408428 2.4514887 2.7682883 1.7066714 2.6410966 1.7446649 2.3359360 2.4072267 2.8661748 
Adig_XM_015923369.1                                               1.5813721 1.5750031 1.0602238 1.9942031 3.0051298 1.8840307 0.7910014 1.3607313 1.4389865 0.8898434 0.8651039 0.8317161 0.4997465 0.0167868 0.0000000 0.2922840 1.0117616 1.3902553 1.2744599 0.9714536 1.2775929 1.3041632 1.4275007 1.4052052 1.6175252 1.5555105 1.5555105 1.5936774 1.5223807 1.1401451 1.6962085 1.7542090 1.6613985 1.6520203 1.6853436 1.7045459 1.7121727 3.0030583 1.0593858 1.1929021 1.2913234 1.4823776 1.3509479 1.6212673 1.6080371 0.8429069 0.7823287 1.5856488 1.4626972 1.7471451 1.7471451 1.9808276 2.0687935 1.9289560 1.8974123 1.3492401 1.9295577 1.9295577 1.6767335 1.6767335 1.7806824 1.9741578 1.8692192 1.8692192 1.7498397 1.9245016 2.1219963 1.8257197 2.2266667 2.2266667 2.1879933 2.1879933 2.1094596 1.6873381 1.2779873 2.3722463 2.0914682 2.0943507 1.9677137 1.9677137 2.0138033 1.5819712 1.7108467 2.0075408 2.0217035 1.8795560 2.0972487 2.1750549 2.1280282 2.1281052 2.4516060 2.3350594 2.3656549 2.0968362 2.2948535 2.0835752 2.2190342 2.2344620 2.6510490 2.3569101 2.2861943 2.6389104 1.8106303 2.3732660 1.7037272 1.8704762 1.9812620 2.7958266 
Gfas_gfas1.m1.16910.m1                                            1.2621155 1.1028329 1.0492466 1.7264172 2.0880042 1.6846794 0.7297837 1.1217283 1.1016998 0.6900415 0.5725822 0.5433371 0.3588285 0.3330843 0.2922840 0.0000000 0.7325749 1.2158001 0.9839205 0.9195684 1.0645679 1.0341217 1.2335387 1.2933138 1.4921316 1.3178633 1.2669841 1.3625672 1.2466119 0.8602703 1.2931474 1.3163816 1.2380213 1.2326089 1.2307752 1.3315069 1.3315069 0.8347740 0.9365906 1.0541903 1.1249863 1.3529778 1.2536369 1.3687583 1.3558311 0.7957150 0.6107570 1.4342257 1.4070539 1.3238821 1.3238821 1.5922165 1.8058157 1.6601007 1.4998495 1.2737958 1.7228506 1.7228506 1.5346471 1.5346471 1.6500242 1.7338309 1.7223902 1.7223902 1.5306768 1.9142617 1.8460822 1.5252724 1.9264851 1.8647282 1.9121352 1.9121352 1.7778954 1.5414814 1.1110505 2.0420753 1.8988606 1.8282648 1.8466179 1.8466179 1.8166929 1.4032007 1.5044947 1.7561369 1.4599397 1.6860067 2.0658104 1.8019978 1.8343946 1.9497449 2.1971163 2.1301248 1.9972118 1.8001145 1.9054209 1.6654519 1.8472178 1.9068192 2.2943826 2.1901507 2.1184540 2.4866809 1.6817983 2.1731363 1.4930127 1.6885173 1.8815110 2.3676438 
Nvec_v1g28532                                                     1.7169604 2.1602148 1.2675202 2.4963544 2.6069103 1.8267686 0.7883869 1.4835443 1.5193350 0.7536784 1.2182810 1.1687611 0.6446845 1.0316861 1.0117616 0.7325749 0.0000000 1.4943876 1.4881898 0.9017708 1.4785837 1.4456811 1.4879446 1.1625297 1.5994524 1.6243444 1.4682570 1.6076521 1.3570791 0.9119751 1.7182879 1.7649938 1.7306419 1.7138162 1.8445403 1.6612840 1.6182420 2.8158927 1.2293424 1.3899600 1.4141541 1.5686387 1.2134063 1.6503716 1.6510196 1.3433188 1.2458696 1.6324085 1.7302445 1.4646768 1.4646768 2.0079268 2.1182823 1.6184823 2.3558115 1.2432757 1.8910946 1.8910946 1.4521951 1.4521951 1.5422658 1.9657025 1.5773967 1.5773967 1.3739139 1.7968502 2.1800150 1.4348284 2.2764019 2.0851987 2.3402259 2.3402259 2.2731730 1.5101312 1.2512631 2.4026466 2.2239739 2.2447312 2.1680504 2.1680504 2.2098537 1.6367474 1.8225832 1.8284927 1.9368726 1.8259997 2.4012246 2.2673409 2.1279912 2.1799061 2.5901704 2.3814051 2.5934461 1.8823692 2.2277962 2.3112163 2.3307144 2.3029528 2.7496208 2.2714904 2.3998186 2.7555045 1.7053873 2.9251108 2.0401986 2.0778201 2.1576316 2.9003878 
Morvir_scaffold51.g55.t2                                          1.9123852 1.8073985 1.1774091 2.4642424 3.0146466 2.0076391 1.0322126 1.6021047 1.5721108 1.0224798 1.7425378 1.6838983 1.3254781 1.5668852 1.3902553 1.2158001 1.4943876 0.0000000 1.3535542 0.7649849 1.3559780 1.2776588 1.6447702 1.0849152 1.4519120 1.7312020 1.5960675 1.7355232 1.4610958 1.6079917 1.7604059 1.8196783 1.7686702 1.7710573 1.7308109 1.8171610 1.7482189 3.2313211 1.5948759 1.6142954 1.5351849 1.8009236 1.1618106 1.7968619 1.7907448 1.6269382 1.5386817 1.7202521 1.8490181 1.6601478 1.6601478 2.1242318 2.2042626 1.8208697 2.2808469 1.4300265 1.9116371 1.9116371 1.6113611 1.6113611 1.6892683 1.9971375 1.6358245 1.6358245 1.5491922 1.7107664 2.3439563 1.6006390 2.2188259 1.9971917 2.1989985 2.1989985 2.2759519 1.4992168 1.3055025 2.3949032 2.1923950 2.3138432 2.2067010 2.2067010 2.2431327 1.8081419 1.8634061 1.9648332 1.9646902 2.1570282 2.9223040 2.6087163 2.3646736 2.3980482 2.8968213 2.6799824 2.7603098 2.2743951 2.7174896 2.5362637 2.5893015 2.4658699 2.7000816 2.5565192 2.6373585 2.8257223 1.9414032 3.2843204 1.8101842 2.0596823 2.1537699 2.9094027 
Nemnom_g16832.t1                                                  1.6665350 1.9022538 1.0490514 2.2069180 2.6300980 1.8955250 0.9551302 1.4645654 1.3410638 0.8574603 1.5895517 1.5358283 0.9391342 1.3784587 1.2744599 0.9839205 1.4881898 1.3535542 0.0000000 0.2738982 0.2872432 0.7734180 1.6666047 0.9045934 1.5296927 1.6497918 1.5118867 1.7582743 1.5302217 1.5394054 1.7442800 1.7734639 1.7142222 1.7224433 1.7006278 1.7410563 1.6486935 3.2912169 1.4689626 1.3842984 1.4334136 1.5790793 1.0959747 1.6506048 1.6258762 1.6300769 1.3958301 1.2825335 1.2763064 1.4058601 1.4058601 1.9667060 1.9607520 1.8042385 1.8836142 1.3534512 1.9448802 1.9448802 1.5845634 1.5845634 1.6633364 2.0020810 1.8122093 1.8122093 1.4843995 2.2648347 2.2917041 1.5034368 2.2972017 2.0958859 2.2260346 2.2260346 2.0882573 1.5107122 1.0442235 2.2722245 2.0164970 2.2603278 2.1649925 2.1649925 2.1464301 1.6461733 1.8728615 2.0501962 1.8205329 1.8605567 2.5853419 2.4681851 2.1568129 2.2476336 2.7024727 2.5163987 2.4592028 2.0610269 2.3114323 2.2588022 2.4383206 2.4517497 3.0800782 2.5021062 2.4766216 2.5888750 1.7640620 2.7743234 1.7243118 2.0716313 2.1812732 2.6029067 
Aaur_scaffold9.g48.t1                                             1.2941004 2.1486493 0.9140877 1.0816701 0.0000010 1.5798896 0.8970976 1.0451540 1.0682815 0.8755371 1.1292061 1.0548026 0.9102053 0.9598623 0.9714536 0.9195684 0.9017708 0.7649849 0.2738982 0.0000000 0.3033811 0.3497875 1.2140839 0.8732303 0.9041236 1.1811485 1.1811485 1.3221896 1.1652392 1.0345797 1.3750031 1.4187781 1.3639112 1.3629601 1.3315685 1.3586148 1.3586148 1.0424562 0.9955756 0.9091548 1.0269159 1.1656962 0.8436673 1.2271115 1.1982711 1.6324229 1.1609618 1.2292854 1.2205760 1.2065193 1.2065193 1.6172306 1.7604695 1.7552305 1.2533377 1.2699249 1.5171160 1.5171160 1.4732797 1.4732797 1.5350398 1.5171160 1.5396998 1.5396998 1.4368300 1.7571404 1.4852614 1.4370723 1.5194892 1.5194892 1.5247117 1.5247117 1.4615887 1.4548660 1.1611034 1.5808407 1.5658611 1.5504073 1.6358678 1.6358678 1.6639902 1.4190201 1.3715230 1.6811098 1.0599529 1.6301899 1.9917211 1.8410963 2.0228953 1.6448656 2.1200960 2.0580518 1.9499449 1.8806408 1.9009789 1.7818345 1.9921447 1.9949805 2.4063970 2.3329388 1.9300500 2.3106214 1.8564029 2.1221226 1.5379935 1.2230664 1.7089151 1.8339555 
Rhoesc_Res_005185-T1                                              1.7760544 1.9189840 1.0023039 2.3226370 2.8273246 1.9455666 0.8907852 1.4286415 1.4686588 0.8794773 1.6395831 1.5654636 0.9384423 1.4325038 1.2775929 1.0645679 1.4785837 1.3559780 0.2872432 0.3033811 0.0000000 0.7545322 1.6569628 0.9324877 1.5615799 1.7129206 1.5607571 1.7797696 1.5069803 1.5965068 1.7833463 1.8121005 1.7724263 1.7928473 1.7971053 1.8443139 1.7517715 3.7613268 1.5073573 1.3739639 1.4605740 1.6409045 1.0391698 1.6717451 1.6717641 1.5831350 1.3606733 1.4372384 1.4972675 1.4538607 1.4538607 2.0728688 2.0444035 1.8448759 2.0649047 1.3502702 1.9288776 1.9288776 1.6174598 1.6174598 1.7263689 1.9949722 1.8282299 1.8282299 1.5466844 2.2008226 2.4941119 1.5883868 2.4276268 2.1529130 2.3807461 2.3807461 2.2132304 1.5365721 1.0779999 2.4807069 2.1644281 2.4246492 2.3012439 2.3012439 2.3193247 1.6653766 1.9943255 2.0567540 1.7849064 1.8833832 2.7124221 2.4413523 2.1356390 2.4069282 2.7881713 2.6336913 2.6071476 2.0673262 2.3204962 2.3674159 2.4232516 2.4492298 2.8769719 2.3459180 2.4718638 2.6866798 1.8949880 2.9042846 1.6604293 2.2068093 2.2958353 2.8145914 
Sanmal_Sma_005523-T1                                              1.8558726 1.6397058 1.0319948 2.3100801 2.8956812 1.8467629 0.7862771 1.3196930 1.4387851 0.8221796 1.7212023 1.6356291 1.0189165 1.4563534 1.3041632 1.0341217 1.4456811 1.2776588 0.7734180 0.3497875 0.7545322 0.0000000 1.6455725 0.9266463 1.4142325 1.7810900 1.6367411 1.6940367 1.4554542 1.4791468 1.7667233 1.8209321 1.8491190 1.8368710 1.8115685 1.7850186 1.6533908 3.6730348 1.6204867 1.3621968 1.3616248 1.5832077 0.9851952 1.5985117 1.6167720 1.5502539 1.3433756 1.5549771 1.6998768 1.4245678 1.4245678 2.0020004 2.1546785 1.6997117 2.2087920 1.3169174 1.8749097 1.8749097 1.5044660 1.5044660 1.5960215 1.9337131 1.5953381 1.5953381 1.4102363 1.8213284 2.1673579 1.4475825 2.1693239 1.9484141 2.1445865 2.1445865 2.0518824 1.4434026 1.1059966 2.1820124 2.1585443 2.0832798 2.0780228 2.0780228 2.0797085 1.6430700 1.7899931 1.8572166 1.6874244 1.7319841 2.7746643 2.3326967 2.0182555 2.3947778 2.8144063 2.7290738 2.6430638 2.0867593 2.4163014 2.3057208 2.3110503 2.2808210 2.8839300 2.3878359 2.2462399 2.5654139 1.7729799 2.7230295 1.7151352 2.1499233 2.2362372 2.8576542 
Bralan_BLAG10000650_1                                             1.6751418 1.3149651 1.1860525 2.2395358 2.4586775 2.1594755 0.8627649 1.2008584 1.4817610 0.9667239 1.7583484 1.6742808 1.3426283 1.4814010 1.4275007 1.2335387 1.4879446 1.6447702 1.6666047 1.2140839 1.6569628 1.6455725 0.0000000 1.3705680 1.8332568 1.3942643 1.2761018 1.4365934 1.1788229 1.5368235 1.7568839 1.7947338 1.7993765 1.7999769 1.8105707 1.7693647 1.6898855 3.0709908 1.5859171 1.4769422 1.5268712 1.3375251 1.4847442 1.3157376 1.2893689 1.5540059 1.3928861 1.5312425 1.5428409 1.5086529 1.5086529 1.9027416 2.0286344 1.8501359 1.9827631 1.4263207 2.1662947 2.1662947 1.6925740 1.6925740 1.7739917 2.2331676 1.9187536 1.9187536 1.8471713 1.9165943 2.4906364 1.9487121 2.4648194 2.2689840 2.4064625 2.4064625 2.1884180 1.5992915 1.4182532 2.4114379 2.2544728 2.3132718 2.1923245 2.1923245 2.1709093 1.2961298 1.5735318 1.8052324 1.6587371 1.8820572 2.3445643 2.3093690 2.1447130 2.2321966 2.4401582 2.3355700 2.4720234 2.0004373 2.3565260 2.1975778 2.3664477 2.4505891 2.8747949 2.5380156 2.6297727 2.8035725 2.0534028 2.7791414 1.6106578 2.2684023 2.3683263 2.6411298 
Hvul_g32775_1                                                     1.2414078 2.3174570 1.4071746 2.2517968 1.3138908 2.0365209 1.6976375 1.1810405 1.2610481 1.0340567 1.3733436 1.2637104 1.1283520 1.3174661 1.4052052 1.2933138 1.1625297 1.0849152 0.9045934 0.8732303 0.9324877 0.9266463 1.3705680 0.0000000 0.8604002 1.3423760 1.3852773 1.4316981 1.3779647 1.2068911 1.3801430 1.4230616 1.3822363 1.3836328 1.3711270 1.3334093 1.3542092 1.0395747 1.1250814 1.1294513 1.2537724 1.1042685 1.7424066 1.5174524 1.5087218 1.7826074 1.9720248 1.3538390 1.1754429 1.2934826 1.2934826 1.4977012 1.6843204 1.8814360 1.6913332 1.4167983 1.6762779 1.6762779 1.5974170 1.5974170 1.5999613 1.7115854 1.7085245 1.7085245 1.5987579 2.7700747 1.6868077 1.5625525 1.7368784 1.7361409 1.6977001 1.6977001 1.4544719 1.4454023 1.1383774 1.7377758 1.7384704 1.6786729 1.7177802 1.7177802 1.7586167 1.3268923 1.4737879 1.8876101 2.2816161 1.7333326 1.9738229 1.8541789 1.8612298 1.7092588 1.8100807 1.7427864 1.9459921 1.7549314 2.1105448 1.8382346 1.9961317 1.8740320 2.2113478 2.1607463 1.9879855 2.4322181 2.1019874 2.0194473 1.8705824 1.7044115 2.2700024 1.4492442 
Chem_TCONS_00015265                                               2.2299743 2.3266896 1.2256288 2.7422078 3.6241230 2.2407614 0.9351713 1.6914378 1.9187109 1.1043890 1.9566166 1.9720622 1.1331281 1.7383385 1.6175252 1.4921316 1.5994524 1.4519120 1.5296927 0.9041236 1.5615799 1.4142325 1.8332568 0.8604002 0.0000000 1.8416776 1.7535118 1.9039295 1.5429149 1.7337467 2.0684516 2.1037852 2.1214780 2.1352953 2.0379950 1.9564090 1.9186417 3.8829826 1.5448946 1.5776628 1.7637132 1.7380544 1.0024965 1.9138380 1.9356097 2.5692541 2.1159140 1.8311839 1.9210146 1.8001993 1.8001993 2.1527843 2.2852760 1.8974429 2.5162845 1.5378434 1.9140511 1.9140511 1.5089077 1.5089077 1.6176895 1.9896282 1.8169909 1.8169909 1.5633134 2.0442351 2.4436274 1.6958103 2.4651753 2.3316854 2.3903467 2.3903467 2.3509824 1.6812073 1.3163774 2.4287927 2.2156044 2.3565323 2.3051201 2.3051201 2.3231899 1.9966289 1.9716184 2.1433547 1.9662236 1.9593823 2.7073193 2.5346886 2.0531278 2.4589814 2.6934651 2.5686104 2.7076393 2.0485573 2.6218582 2.5636295 2.5069030 2.4342805 2.6934583 2.1624597 2.3757650 2.7423971 2.0437735 2.8722935 2.2607572 2.7032348 2.7442243 2.8174111 
Acagra_model.g26742.t1_model.g26744.t1                            1.8966507 1.8055452 1.3073161 2.3267459 2.6908464 1.9312445 1.0336159 1.2441835 1.6176317 0.9707578 1.8978141 1.8256321 1.2975331 1.6908647 1.5555105 1.3178633 1.6243444 1.7312020 1.6497918 1.1811485 1.7129206 1.7810900 1.3942643 1.3423760 1.8416776 0.0000000 0.0108999 1.2011933 1.1168773 1.7106969 1.7883178 1.8553397 1.8020806 1.8272970 1.8933839 1.8765882 1.8073323 3.4080396 1.5797110 1.5306709 1.6402677 1.4626450 1.5568656 1.5348891 1.5145763 2.0216324 1.9049434 1.6815523 1.7547445 1.5797374 1.5797374 1.9872136 2.2483867 1.8930603 2.2449599 1.4272142 1.9865267 1.9865267 1.6680564 1.6680564 1.7726996 2.0414052 1.7845510 1.7845510 1.7295607 1.8102628 2.3086047 1.7743126 2.3382061 2.1796556 2.2399393 2.2399393 2.2183953 1.6185791 1.3745838 2.3540687 2.2710519 2.2313738 2.2978871 2.2978871 2.3295688 1.4582484 1.5620142 1.6740238 1.8572063 2.1326549 2.6222677 2.4023021 2.2307321 2.2958979 2.4906221 2.4171430 2.3173482 1.9242277 2.5344817 2.2826937 2.5100019 2.6166448 2.8665990 2.5198735 2.5981723 2.8146088 1.7844247 2.8628979 1.9088326 2.5282033 2.5723080 2.4885062 
Acagra_model.g26742.t1_model.g26744.t1.1.5d401086                 1.8543985 1.8055452 1.3073161 2.2830986 3.2959366 1.8765182 1.0336159 1.2096582 1.5380971 0.9707578 1.7109462 1.6316786 1.2975331 1.5566165 1.5555105 1.2669841 1.4682570 1.5960675 1.5118867 1.1811485 1.5607571 1.6367411 1.2761018 1.3852773 1.7535118 0.0108999 0.0000000 1.1328937 1.1171471 1.5545687 1.7346080 1.7797764 1.7412277 1.7570611 1.7964645 1.7678454 1.7721788 3.4490344 1.3862586 1.3409503 1.4702148 1.3183567 1.4958823 1.4264805 1.4030828 2.0058106 1.7094756 1.5973049 1.6509069 1.5954018 1.5954018 2.0149424 2.1966513 1.8930603 2.1806408 1.4272142 1.9865267 1.9865267 1.6680564 1.6680564 1.7726996 2.0132513 1.7845510 1.7845510 1.7295607 1.8102628 2.2015636 1.7743126 2.1591870 2.1743308 2.0149372 2.0149372 2.1167071 1.6185791 1.3745838 2.2053927 2.1144753 2.1075337 2.2086126 2.2086126 2.2214934 1.3780326 1.3879648 1.6421616 1.8520345 2.1326549 2.4012323 2.2304631 2.2360813 2.1834531 2.4030938 2.3161084 2.3210684 1.9242277 2.5059831 2.2002406 2.4165301 2.4917786 2.6448653 2.4594907 2.4626828 2.5971979 1.7844247 2.5417565 1.9167724 2.3290660 2.4062475 2.6297375 
Cgig_XM_020068263.2                                               2.0145547 1.9668298 2.0186710 2.2846588 2.1665256 2.1610860 1.2063650 1.4434372 1.7513838 0.9397074 2.0579152 1.9685678 1.2826137 1.7548088 1.5936774 1.3625672 1.6076521 1.7355232 1.7582743 1.3221896 1.7797696 1.6940367 1.4365934 1.4316981 1.9039295 1.2011933 1.1328937 0.0000000 1.0589738 1.6730945 1.6948804 1.7563066 1.7410017 1.7233129 1.7072846 1.8095052 1.7928536 3.1890564 1.5145759 1.5558332 1.6919202 1.5854017 1.6784967 1.6430822 1.6405115 2.3375322 1.8159705 1.7612888 1.7641954 1.6981125 1.6981125 2.0800054 2.0933360 1.8862735 2.1181098 1.3938631 1.8938089 1.8938089 1.5845490 1.5845490 1.6736247 1.9500226 1.7595815 1.7595815 1.6570573 1.8897481 2.3882173 1.6404776 2.3717734 2.1591588 2.1906314 2.1906314 2.1871271 1.5766330 1.3104131 2.3241839 2.3093159 2.1487437 2.2506950 2.2506950 2.3289217 1.4744706 1.6520645 1.6375402 2.3037765 2.2455425 2.5589033 2.4724669 2.2725172 2.2287116 2.8955740 2.7445569 2.6001718 1.9966836 2.6148086 2.5443775 2.6280194 2.6906512 2.7463223 2.4281070 2.6073977 2.7073347 2.1728023 2.9047230 1.7424302 2.4077034 2.4832308 2.5760932 
Ctel_gnl_WGS_AMQN_CAPTEDRAFT_mRNA52405                            1.7512178 1.8162136 1.1574386 1.9487560 2.0778955 2.0327053 0.9992405 1.2605465 1.4361623 0.8690372 1.7963414 1.7739324 1.3172674 1.5198153 1.5223807 1.2466119 1.3570791 1.4610958 1.5302217 1.1652392 1.5069803 1.4554542 1.1788229 1.3779647 1.5429149 1.1168773 1.1171471 1.0589738 0.0000000 1.4442272 1.5895727 1.6126846 1.6487500 1.6472426 1.6368465 1.6979103 1.6984137 4.2808351 1.4438833 1.3719054 1.4724052 1.0308829 1.5310054 1.4340063 1.4101923 2.2403651 1.7655192 1.6952663 1.6795014 1.8409099 1.8409099 1.8564020 1.9888892 1.7980796 1.9136435 1.3724816 2.0012061 2.0012061 1.5915751 1.5915751 1.6901993 2.0965129 1.8932118 1.8932118 1.6457120 2.2462688 2.1130695 1.7156911 2.0414675 2.0414675 1.9724368 1.9724368 1.8057054 1.5277915 1.2035803 2.1266556 1.9276033 1.9870280 1.9101359 1.9101359 1.9083490 1.2486769 1.3301884 1.6341615 1.9166785 1.9287550 2.3304756 2.1772491 2.2592622 2.2275877 2.5718320 2.4626960 2.4174343 2.0070210 2.2113784 2.2023275 2.2833382 2.3977184 2.7407869 2.3460413 2.4914068 2.6468417 2.1580774 2.4607193 1.8533839 2.3900906 2.5487990 2.4904407 
Exapal_XM_021055676.2                                             1.7037645 1.9013993 1.3485396 2.1698534 2.2393140 1.8678167 0.8348434 1.4022858 1.5234938 0.8154784 1.3876401 1.2783686 0.9518759 1.2102813 1.1401451 0.8602703 0.9119751 1.6079917 1.5394054 1.0345797 1.5965068 1.4791468 1.5368235 1.2068911 1.7337467 1.7106969 1.5545687 1.6730945 1.4442272 0.0000000 1.7553818 1.7785444 1.7258851 1.7529759 1.7308845 1.8126185 1.7296427 3.7950250 1.3184146 1.4746521 1.5666770 1.6480341 1.4308386 1.5716513 1.5788474 1.3153871 1.3247065 1.5684062 1.5883781 1.5514730 1.5514730 1.9068094 2.0951948 1.6071688 2.2910332 1.5384122 1.7680624 1.7680624 1.5195229 1.5195229 1.6026428 1.8388417 1.6661560 1.6661560 1.5016625 1.8251961 2.2032329 1.5957919 2.1685857 1.9779539 2.2216552 2.2216552 2.1474368 1.5259431 1.2894023 2.2047880 2.1925123 2.1376343 2.1393721 2.1393721 2.1892420 1.6943476 1.8095849 1.8374936 1.9004541 1.8465493 2.4241153 2.4054086 2.0283831 2.1808168 2.7495105 2.5768316 2.5070191 2.0348076 2.3082372 2.2418418 2.3587006 2.4259732 2.6800573 2.2757108 2.5114499 2.8427137 1.7540633 2.8309875 1.8927136 2.1420342 2.2465228 2.7212235 
HoiH23_PlH23_008443-RA                                            1.9703722 2.4600306 1.7798908 2.6614632 2.8021847 2.0978288 1.2644225 1.4951019 1.6626942 0.9439772 1.8016359 1.7726481 1.0988665 1.7042690 1.6962085 1.2931474 1.7182879 1.7604059 1.7442800 1.3750031 1.7833463 1.7667233 1.7568839 1.3801430 2.0684516 1.7883178 1.7346080 1.6948804 1.5895727 1.7553818 0.0000000 0.0558881 0.1522559 0.1567867 0.2430283 0.3916696 0.3789739 1.2623097 1.5549314 1.7737532 1.7685614 1.7821354 1.7030882 1.8005622 1.7780713 1.7534263 1.9157723 1.7207242 1.8895266 1.6347719 1.6347719 2.1918352 2.1298908 1.7467357 2.5103790 1.3119458 2.0076288 2.0076288 1.7021905 1.7021905 1.8574968 2.0937435 1.9593617 1.9593617 1.6767039 2.3842330 2.3806810 1.6274812 2.2791078 2.1642562 2.3284732 2.3284732 2.3067531 1.6972662 1.2611932 2.3763333 2.2794397 2.2004980 2.2019693 2.2019693 2.2728812 1.7621202 1.8429875 1.9817454 2.0777398 1.9356820 2.5163425 2.5341150 2.2832600 2.4092384 2.6810099 2.5836809 2.6519507 2.0289277 2.3211715 2.5139091 2.4387958 2.3873830 2.6818548 2.3750043 2.4455502 2.8793368 1.6348566 2.5931648 1.9212180 2.1936852 2.2626979 2.9770267 
HoiH06_mRNA3813                                                   2.0074607 2.4384958 1.8420434 2.7329432 2.8741782 2.1271490 1.2750858 1.5301393 1.6392234 0.9339746 1.8270667 1.8062305 1.1242197 1.7417697 1.7542090 1.3163816 1.7649938 1.8196783 1.7734639 1.4187781 1.8121005 1.8209321 1.7947338 1.4230616 2.1037852 1.8553397 1.7797764 1.7563066 1.6126846 1.7785444 0.0558881 0.0000000 0.1542561 0.1579241 0.2400399 0.4132833 0.3899135 1.2449115 1.5760090 1.7885755 1.8080159 1.8086365 1.7067341 1.8334501 1.8107141 1.7849033 1.8918334 1.7309054 1.8872351 1.6506519 1.6506519 2.1958023 2.1557641 1.7716402 2.5938061 1.3162828 2.0197424 2.0197424 1.7365164 1.7365164 1.8904929 2.1100231 1.9688620 1.9688620 1.6918295 2.3868257 2.4023788 1.6576027 2.3114795 2.1777317 2.3503230 2.3503230 2.3376098 1.7267203 1.2967257 2.4015743 2.2692902 2.2432187 2.2496556 2.2496556 2.3220537 1.7734158 1.8749638 2.0195081 2.0872963 1.9666452 2.5273335 2.6215761 2.3212390 2.4658374 2.7303459 2.6055866 2.7084839 2.0320569 2.3591304 2.5288434 2.4526652 2.4380137 2.7012887 2.3777356 2.4778061 2.8734185 1.6599372 2.6934191 1.9748702 2.2785823 2.3316508 2.9917942 
Hhon_g10234.t1                                                    1.9594593 2.3494757 1.9026244 2.5861294 2.6222214 2.0773069 1.3320752 1.4803409 1.6969786 0.8852815 1.8042882 1.7714481 1.0885403 1.6898806 1.6613985 1.2380213 1.7306419 1.7686702 1.7142222 1.3639112 1.7724263 1.8491190 1.7993765 1.3822363 2.1214780 1.8020806 1.7412277 1.7410017 1.6487500 1.7258851 0.1522559 0.1542561 0.0000000 0.0150325 0.2414608 0.4091974 0.3861534 1.2338764 1.5389448 1.7816434 1.7670727 1.8304612 1.7326910 1.8202281 1.7970572 1.7737124 1.9945234 1.6791558 1.8447971 1.6631360 1.6631360 2.2812305 2.1490815 1.7842653 2.6418942 1.2782582 1.9938171 1.9938171 1.6734146 1.6734146 1.8333652 2.0662138 1.9158106 1.9158106 1.5808298 2.3574389 2.4075653 1.5687750 2.3286847 2.1825150 2.3650865 2.3650865 2.3090135 1.6602956 1.1836743 2.4312001 2.2164409 2.2180011 2.1726291 2.1726291 2.2411743 1.7320125 1.8387364 2.0223736 2.1277436 1.9528027 2.5476688 2.5384299 2.2770249 2.4866673 2.7356198 2.6618642 2.7272250 2.0604003 2.4765420 2.5640407 2.5261462 2.5097000 2.6551748 2.4036331 2.4863793 2.9087952 1.6941524 2.6915300 1.9383635 2.2069344 2.2648787 3.0173483 
HoiH04_mRNA13508                                                  1.9740465 2.3414872 1.8553016 2.5584764 2.6081215 2.0511365 1.3006768 1.5030097 1.6491516 0.8991188 1.8022409 1.7618270 1.0904313 1.6849192 1.6520203 1.2326089 1.7138162 1.7710573 1.7224433 1.3629601 1.7928473 1.8368710 1.7999769 1.3836328 2.1352953 1.8272970 1.7570611 1.7233129 1.6472426 1.7529759 0.1567867 0.1579241 0.0150325 0.0000000 0.2356061 0.4063564 0.3840930 1.2773940 1.4987916 1.7770530 1.7615000 1.8357870 1.6941463 1.8090419 1.7860118 1.7710078 1.9676089 1.6661086 1.8375099 1.6619255 1.6619255 2.2584587 2.1306937 1.7384833 2.6480467 1.2614522 1.9972519 1.9972519 1.6791575 1.6791575 1.8388495 2.0707807 1.9196148 1.9196148 1.6008485 2.3335923 2.3965523 1.5900549 2.3446098 2.1908692 2.3796128 2.3796128 2.3164101 1.6650776 1.2059196 2.4380290 2.2236090 2.1956856 2.1886953 2.1886953 2.2578963 1.7248126 1.8165700 2.0250466 2.1306079 1.9432506 2.5507624 2.5368781 2.2693469 2.4928040 2.7472445 2.6507177 2.7050798 2.0379369 2.4809754 2.5576858 2.5167421 2.4984453 2.6477888 2.3663799 2.4953406 2.9202193 1.6583997 2.6965282 1.9282692 2.2005410 2.2590198 3.0526564 
