98
Beraby_Baby_sb336640                               0.0000000 0.0613941 0.6927423 0.6626070 0.4970819 0.4970819 0.6514332 0.7750732 0.5841042 0.7325070 1.3939783 1.3782647 1.3963188 1.1984332 1.3719118 1.2402475 1.2035208 0.7729890 1.2123872 1.1890658 1.2300248 1.4444784 1.2156623 1.3240509 1.1640450 1.1640450 1.1718881 1.2051880 1.1907322 1.1457294 1.1346820 1.1782263 1.2989746 1.2741483 1.1197613 1.1267187 1.1358805 1.3647148 1.3013238 1.2947564 1.2938110 1.4494756 1.6035821 1.2667041 0.9278741 1.4337484 1.5813977 1.3961207 1.2718116 1.7531240 1.2549704 1.2341954 1.2758740 0.9454618 1.1424182 1.1354165 1.6094946 0.8165626 1.1396045 1.7956318 1.6186128 1.8345368 1.2727272 1.2964955 1.2862244 1.1450476 1.1479198 1.2115835 1.2751534 1.2950092 1.1615968 1.1795751 1.2418622 1.1483081 1.3128548 1.1430355 1.1497838 1.2262961 1.1824727 1.2087894 1.2220982 1.2220982 1.9348494 1.9300531 2.4164843 1.8834212 2.7316584 1.4010697 1.1224364 1.1627093 1.3005748 2.0475330 1.4667474 2.1392186 1.5666208 2.7026234 0.6175093 3.1777389 
Beraby_Baby_sb336641                               0.0613941 0.0000000 0.6235105 0.6180809 0.4970819 0.4970819 0.6209928 0.6803394 0.5979163 0.7868850 1.3335305 1.3520775 1.3482946 1.1485443 1.3260594 1.1738662 1.1208074 0.7729890 1.1132501 1.1810057 1.1403343 1.7187569 1.1151429 1.1977789 1.2025296 1.2025296 1.2081152 1.1970185 1.1005552 1.0912561 1.0694215 1.1318222 1.2648864 1.1112651 1.0978404 1.1041785 1.1127587 1.2793740 1.3226120 1.1944770 1.2602905 1.3648255 1.3892102 1.2621852 0.8097238 1.3680851 1.5140210 1.3709271 1.2673791 1.9397956 1.2976598 1.2711575 1.1713370 0.8214519 1.1131687 1.0451746 2.4388284 0.8165626 1.1830928 2.1532797 2.1043307 2.1043307 1.0810014 1.3124857 1.2156314 1.0908166 1.2556162 1.1561462 1.2099496 1.2021348 1.2653894 1.1811880 1.2075104 1.0908399 1.3128325 1.1039374 1.1008323 1.0921095 1.0857413 1.2525105 1.2184126 1.2184126 2.8036604 5.2180517 9.0000000 1.7521654 2.6985400 1.3472271 1.1645574 1.1614428 1.3119223 9.0000000 1.6463027 4.3710316 1.2707532 3.0512916 0.0000010 3.1005321 
Pbac_sb2663952                                     0.6927423 0.6235105 0.0000000 0.0472976 0.4304376 0.4304376 0.5544798 0.7543161 0.6073346 0.6931185 1.0704569 1.0588501 1.1208376 1.0527083 0.9933852 1.0162843 1.0439428 0.7050050 1.0499079 1.0419887 1.0638202 1.2343801 0.9903817 1.0531594 0.9823296 0.9823296 1.0670450 1.0387855 0.9665366 1.0092675 1.0228289 1.0423168 1.0776612 0.9893240 1.0274992 1.0222050 0.9260038 1.1795440 1.1278255 1.1181515 1.1334328 1.1301214 1.2049850 1.0923407 0.8179937 1.1763274 1.2550281 1.1780748 1.0163963 1.5353963 1.0686728 0.9942100 1.0163075 0.8928718 0.9609517 0.9794543 1.6590434 0.8098591 1.0173912 1.6640771 1.4639928 1.6953170 1.0957678 1.1305971 1.0386505 0.9837338 0.9712410 0.9752602 0.9881525 1.0004675 1.0767582 1.0611125 1.1151321 0.9765655 1.0615493 1.0563028 1.0586199 1.0590689 0.9901468 1.1376166 1.1411877 1.1411877 1.6744081 1.7286436 2.3007955 1.7358979 2.4073859 1.1702697 1.0462840 1.0335784 0.9695332 1.3933696 1.1853921 1.5678932 1.3410876 2.2037459 1.0735996 2.6122181 
Horcal_Hcv1.av93.c8.g749.i1                        0.6626070 0.6180809 0.0472976 0.0000000 0.4118555 0.4118555 0.5413026 0.7721792 0.6031414 0.6751374 1.2165281 1.2268047 1.2515879 1.0897949 1.1153197 1.1453114 1.1817688 0.6926984 1.1675090 1.1867864 1.2286493 1.2693320 1.1591861 1.1644839 1.1158627 1.1158627 1.2422296 1.1963508 1.1431756 1.1601734 1.1582635 1.1665646 1.2452454 1.2159371 1.1414562 1.1631360 1.0697661 1.2789571 1.2612759 1.2480360 1.2598429 1.2477053 1.2316839 1.2142560 0.8731429 1.3094341 1.4150218 1.3375564 1.0264085 1.6998344 1.1621977 1.1086200 1.1639708 0.8880789 1.0957510 1.1301890 1.9976545 0.8316392 1.1596101 1.6206150 1.4997460 1.7129822 1.2331443 1.2687728 1.1968350 0.9960852 1.0741450 1.0845443 1.1321899 1.1279689 1.2412753 1.2228165 1.2378510 1.1311216 1.2667355 1.2112271 1.2136243 1.2048983 1.1406282 1.1104406 1.2556570 1.2556570 1.8339172 1.9613154 3.3289831 1.7358979 2.4093746 1.3446050 1.1626562 1.1507004 1.2289940 2.1676732 1.3807387 2.1889616 1.4477295 2.4413189 2.1599604 2.6185874 
Mertsp_Mesp_sb554887                               0.4970819 0.4970819 0.4304376 0.4118555 0.0000000 0.0000010 0.4461749 0.0000010 0.2433704 0.6354339 0.8807819 0.8850635 0.8688002 0.8407712 0.9317379 0.9274810 0.7692125 0.6184330 0.7836548 0.8620162 0.8474577 1.1070235 0.7596594 0.7710236 0.8763850 0.8763850 0.9261968 0.8918026 0.6686020 0.6914444 0.6624106 0.7832802 0.9017634 0.8956058 0.7505181 0.7703262 0.8317425 0.9619065 0.7910006 0.8126341 0.7900997 0.9614114 0.9614114 0.9237081 0.7645407 0.9467340 1.0789216 0.8874169 0.9600255 1.4583568 0.8515620 0.9317914 0.8621411 0.7988640 0.8640178 0.7866682 3.1158600 0.7139502 0.8674685 1.8896651 1.8896651 1.8896651 0.6625526 0.9947906 0.9352881 0.9352881 0.8847892 0.8322039 0.8530835 0.8641418 1.0124404 0.8360514 0.8239664 0.8391853 0.8771039 0.8403330 0.8526626 0.9057106 0.8825137 0.9186553 0.9056775 0.9056775 2.2308376 7.7687644 9.0000000 1.1716156 2.2308376 1.0596499 0.9767599 0.9164109 1.0891263 0.0000010 1.2370156 1.4150361 0.8744599 4.2151878 0.0000010 2.8451656 
Mertsp_Mesp_sb554888                               0.4970819 0.4970819 0.4304376 0.4118555 0.0000010 0.0000000 0.4461749 0.0000010 0.2433704 0.6354339 0.8807819 0.8850635 0.8688002 0.8407712 0.9317379 0.9274810 0.7692125 0.6184330 0.7836548 0.8620162 0.8474577 1.1070235 0.7596594 0.7710236 0.8763850 0.8763850 0.9261968 0.8918026 0.6686020 0.6914444 0.6624106 0.7832802 0.9017634 0.8956058 0.7505181 0.7703262 0.8317425 0.9619065 0.7910006 0.8126341 0.7900997 0.9614114 0.9614114 0.9237081 0.7645407 0.9467340 1.0789216 0.8874169 0.9600255 1.4583568 0.8515620 0.9317914 0.8621411 0.7988640 0.8640178 0.7866682 3.1158600 0.7139502 0.8674685 1.8896651 1.8896651 1.8896651 0.6625526 0.9947906 0.9352881 0.9352881 0.8847892 0.8322039 0.8530835 0.8641418 1.0124404 0.8360514 0.8239664 0.8391853 0.8771039 0.8403330 0.8526626 0.9057106 0.8825137 0.9186553 0.9056775 0.9056775 2.2308376 7.7687644 9.0000000 1.1716156 2.2308376 1.0596499 0.9767599 0.9164109 1.0891263 0.0000010 1.2370156 1.4150361 0.8744599 4.2151878 0.0000010 2.8451656 
Lampan_Lpan_14280_01                               0.6514332 0.6209928 0.5544798 0.5413026 0.4461749 0.4461749 0.0000000 0.6476916 0.5332934 0.5958189 1.2387310 1.2886807 1.2744806 1.0365023 1.2291182 1.1984799 1.1160244 0.6425632 1.1322136 1.1856524 1.1717418 1.1930401 1.1431268 1.1795296 1.1285941 1.1285941 1.3048579 1.2564878 1.0907460 1.0544475 1.0759913 1.1811534 1.2651254 1.1956997 1.1214723 1.1038380 1.1895329 1.2987493 1.3035993 1.3880917 1.2964604 1.3466760 1.4732042 1.2706170 1.0548234 1.3005677 1.5476500 1.3465362 1.0882678 1.7401556 1.1263309 1.1861093 1.2166499 0.9122459 1.3003727 1.0873050 1.7963979 0.8328448 1.1579490 2.0044579 1.8503374 2.0930027 1.2857353 1.3462484 1.1422615 1.0652355 1.1248243 1.0734126 1.1457857 1.1462837 1.2683284 1.2092593 1.2243914 1.1180863 1.1841440 1.1913349 1.1772223 1.1539514 1.0885949 1.0123953 1.0594640 1.0594640 1.6723678 1.7320650 2.6244674 1.4919074 2.3081690 1.2363839 1.1686551 1.1583701 1.3035227 2.1518934 1.4333087 2.1564064 1.3751483 3.0266929 1.1533484 2.7516306 
Bolinf_Binf_sb1205320                              0.7750732 0.6803394 0.7543161 0.7721792 0.0000010 0.0000010 0.6476916 0.0000000 0.2962659 0.9499095 1.5714566 1.6714787 1.5315182 1.4287552 1.3103087 1.4952798 1.5013064 1.3769028 1.4880597 1.4521127 1.3908136 1.2648324 1.2890696 1.4070645 1.4526588 1.4526588 1.4373311 1.3704989 1.3622311 1.3112730 1.2802097 1.2884065 1.5063572 1.2318651 1.3410309 1.3325573 1.3962391 1.6779314 1.4883175 1.3879434 1.4543473 1.7488182 1.5299414 1.5210158 2.8993138 1.6464847 1.8819544 1.7222909 1.4662450 1.7222909 1.4919097 1.3045983 1.3587619 1.4291646 1.5095228 1.4492974 2.1678017 0.7272225 1.3041232 1.6203321 1.5347579 1.6835390 1.5434788 1.5808878 1.5029914 1.4049375 1.5034086 1.3205383 1.3720568 1.2753150 1.2917735 1.5307134 1.6163375 1.4903931 1.4658351 1.5576693 1.5780969 1.5768156 1.5504270 1.1821011 1.4654117 1.4654117 1.7421959 1.8612581 8.9999980 1.5517820 2.0814841 1.9254861 1.5105363 1.3656661 3.0844733 3.6811196 1.4784556 3.1539326 2.1223431 1.9195772 8.8129327 2.8353705 
Mlei_ML1844.g9.i1                                  0.5841042 0.5979163 0.6073346 0.6031414 0.2433704 0.2433704 0.5332934 0.2962659 0.0000000 0.7139164 1.4460933 1.5127707 1.3681592 1.2267990 1.3318790 1.3450566 1.2752373 0.8597825 1.2254088 1.2988568 1.3407031 1.2042740 1.2820046 1.3497319 1.2919369 1.2919369 1.2648108 1.2367699 1.2318376 1.1980785 1.2364042 1.2611714 1.3126397 1.2843959 1.2503418 1.1815498 1.2146028 1.5525394 1.2650848 1.3026331 1.2685146 1.3953328 1.5048258 1.4166128 1.2362908 1.5580537 1.7283645 1.4293293 1.2897422 1.8829741 1.2762517 1.2144922 1.2897481 1.1942431 1.3625499 1.2714062 1.9969596 0.7793068 1.1549110 1.7437549 1.5955690 1.8215501 1.3464265 1.4242555 1.3507373 1.1866537 1.2297633 1.2855103 1.3578292 1.3032500 1.2644961 1.2847378 1.2953631 1.2067896 1.2111340 1.2296527 1.2398284 1.2527330 1.2086270 1.3679372 1.3229819 1.3229819 1.6604695 1.6938433 2.7685686 1.6685462 2.4029868 1.4706237 1.2137445 1.2799694 1.5530729 2.5804773 1.5878910 2.2821854 1.7838206 2.4836532 1.2805243 2.5389041 
Coemet_Cmet_scaffold21304_01                       0.7325070 0.7868850 0.6931185 0.6751374 0.6354339 0.6354339 0.5958189 0.9499095 0.7139164 0.0000000 1.3468276 1.3795260 1.3931533 1.2462940 1.2179581 1.2005276 1.2785587 0.7567118 1.2450804 1.1509554 1.2335222 1.1134337 1.2111283 1.2651393 1.2938680 1.2938680 1.2012192 1.2183719 1.1477097 1.2375366 1.2234794 1.2423529 1.4134543 1.2916308 1.2202128 1.0981010 1.1421131 1.3799645 1.3798357 1.4317369 1.3741201 1.3603490 1.4969957 1.3640791 1.1285667 1.4295098 1.5247337 1.4039360 1.1810606 1.6813358 1.2699594 1.2274450 1.2337454 1.0171725 1.2005267 1.2409145 1.8791358 0.8218168 1.2040847 1.5897259 1.3855289 1.7029786 1.3856358 1.3326137 1.2238615 1.1318483 1.2167377 1.2358601 1.2741440 1.2438056 1.2230838 1.2355282 1.2047024 1.1720409 1.2412476 1.2199958 1.2085953 1.1731939 1.1675059 1.1134247 1.2506928 1.2506928 1.8952555 1.9389827 2.7231386 1.7183324 2.5499649 1.3023200 1.1762471 1.1230491 1.3978506 2.3555718 1.2451253 2.4812014 1.5493925 2.5924264 1.3017162 2.6349170 
Gracom_Gcom_scaffold14841_01                       1.3939783 1.3335305 1.0704569 1.2165281 0.8807819 0.8807819 1.2387310 1.5714566 1.4460933 1.3468276 0.0000000 0.1754167 0.2621009 0.4395552 0.6988522 0.5534376 0.6746086 0.3750103 0.6411615 0.6474666 0.6577073 0.8262867 0.6637411 0.6456391 0.5357192 0.5357192 0.6464104 0.6047735 0.5659009 0.5187224 0.5306468 0.5300427 0.5932389 0.4919201 0.5551432 0.6609452 0.6648433 0.8180089 0.7750112 0.7588999 0.7851428 0.7804911 0.9279953 0.7822307 0.6859990 0.7803927 0.8690983 0.7664577 0.6866344 1.0588368 0.7687633 0.7577617 0.7978692 0.7623965 0.7675508 0.6966933 0.9583760 0.6018408 0.7711323 1.0575905 0.9360660 1.0732357 0.8423507 0.7925439 0.8988991 0.9196234 0.9044967 0.8468779 0.7161029 0.7409645 0.7667172 0.7749127 0.8117318 0.8360386 0.8587632 0.8742757 0.8653470 0.9112054 0.8587506 0.8167265 0.6856597 0.6856597 0.9886876 0.8511146 0.9396383 1.2006633 2.0422725 0.8803045 0.8516036 0.8631819 0.9322374 0.7617486 0.8789639 1.0998647 0.5686991 1.9378782 0.6793062 2.0283869 
Leuniv_Lniv_C806652_01                             1.3782647 1.3520775 1.0588501 1.2268047 0.8850635 0.8850635 1.2886807 1.6714787 1.5127707 1.3795260 0.1754167 0.0000000 0.2269984 0.4261302 0.7203620 0.5603157 0.6608610 0.4148607 0.6417315 0.6501867 0.7199772 0.9722388 0.7268209 0.6633475 0.5778666 0.5778666 0.6037277 0.5945418 0.6176405 0.5704849 0.5576816 0.5872880 0.6329454 0.5602238 0.6180673 0.6732103 0.7301038 0.7927586 0.7699633 0.7661389 0.7841279 0.7258826 0.9116635 0.7835055 0.7017538 0.7824080 0.8155700 0.7416979 0.6827824 1.0463276 0.7415264 0.7245840 0.7776708 0.7220513 0.7935811 0.7474365 1.0013429 0.6481002 0.8433875 1.0636008 0.9706953 1.0791406 0.8698512 0.7822564 0.8946848 0.9029641 0.8970662 0.8719162 0.7094105 0.7453760 0.8068817 0.7807644 0.7944426 0.8488408 0.8864351 0.9037814 0.8901908 0.9432443 0.8927588 0.8162845 0.7142677 0.7142677 1.0403645 0.8986024 1.0016295 1.1775992 2.0675939 0.8955044 0.8173418 0.8947630 1.0039578 0.7897901 0.9198208 1.2166622 0.5645528 1.9363320 0.5892438 1.8833150 
Lcom_lcpid74627                                    1.3963188 1.3482946 1.1208376 1.2515879 0.8688002 0.8688002 1.2744806 1.5315182 1.3681592 1.3931533 0.2621009 0.2269984 0.0000000 0.3797682 0.6690217 0.5548565 0.6573972 0.3962042 0.6464660 0.6717019 0.6888223 0.8573559 0.7185523 0.6920984 0.5687048 0.5687048 0.6367853 0.6363591 0.5900479 0.5492357 0.5222649 0.5630135 0.6138718 0.5782120 0.6183031 0.6767856 0.6684285 0.7950398 0.7367397 0.7815523 0.7974521 0.7448929 0.8792376 0.8325817 0.7595473 0.7904885 0.7951353 0.6860747 0.6336717 0.9346370 0.7655837 0.7775479 0.8084728 0.7841498 0.7999031 0.7261116 1.0250214 0.5649269 0.7949032 1.0784624 1.0319505 1.0931208 0.8319072 0.7946750 0.8844679 0.9320753 0.8780536 0.8586870 0.7405302 0.7956951 0.8258380 0.7974432 0.7809088 0.8826497 0.9270291 0.9203426 0.9240322 0.9654312 0.9353446 0.8644832 0.7021155 0.7021155 0.9543106 0.8215193 0.9182699 1.2779470 2.0113874 0.8623679 0.8729002 0.8697980 0.9654575 0.8051869 0.9182742 1.2568851 0.6998912 2.0740616 0.7678075 2.2397709 
Clacor_Ccor_C533139_01                             1.1984332 1.1485443 1.0527083 1.0897949 0.8407712 0.8407712 1.0365023 1.4287552 1.2267990 1.2462940 0.4395552 0.4261302 0.3797682 0.0000000 0.5158875 0.5468057 0.6520785 0.3190943 0.6219298 0.6068946 0.6305439 0.7654346 0.6238909 0.7107418 0.4347932 0.4347932 0.6274078 0.6260708 0.5343399 0.5591007 0.5479885 0.5416112 0.5993879 0.4661017 0.5555210 0.6290140 0.6342952 0.6366510 0.5944779 0.6816659 0.6480048 0.6724043 0.5960409 0.7214567 0.5269406 0.7028383 0.7459109 0.7404102 0.7008257 1.0893813 0.6415491 0.6610712 0.7579835 0.7609731 0.6240898 0.7226370 1.1565923 0.5617410 0.7622005 1.0105266 1.0018282 1.0105266 0.5372315 0.8447166 0.8141122 0.8247086 0.7836835 0.7905861 0.7023264 0.7686621 0.7836236 0.6603557 0.6880893 0.7609154 0.7805448 0.7752780 0.7734497 0.7851043 0.7403350 0.6753196 0.5885753 0.5885753 0.9287110 0.8074268 8.7285069 1.0226283 1.6505024 0.7183695 0.8185843 0.8728760 1.0138927 2.2622952 0.8619492 1.4738843 0.6554573 2.5339568 0.0000010 2.2492354 
Saldol_EP00054_Salpingoeca_dolichothecata_P008023  1.3719118 1.3260594 0.9933852 1.1153197 0.9317379 0.9317379 1.2291182 1.3103087 1.3318790 1.2179581 0.6988522 0.7203620 0.6690217 0.5158875 0.0000000 0.5536000 0.7172900 0.2783421 0.6463998 0.5509006 0.6142945 0.6754610 0.6362555 0.6262983 0.5369085 0.5369085 0.5997962 0.6244497 0.6026338 0.5843429 0.5567360 0.5807984 0.6597604 0.6488524 0.6227875 0.6308093 0.6883016 0.5123661 0.4448243 0.5263744 0.4985418 0.4834822 0.6257184 0.5679000 0.4876971 0.5611299 0.5666628 0.4681219 0.4479388 0.7909658 0.5245712 0.5609688 0.5727977 0.5252073 0.6204201 0.7122856 1.0550475 0.5445985 0.7186578 0.9241609 0.7930885 0.9085997 0.7057470 0.5891525 0.6351424 0.5850917 0.6743844 0.7823863 0.7309887 0.8111208 0.7333253 0.7864766 0.8376512 0.8213644 0.8860359 0.8008487 0.8057518 0.9086669 0.8942818 0.7789217 0.7970845 0.7970845 1.1109582 1.0154233 1.9509233 1.2101071 1.9365914 0.9027132 0.8163264 0.9723529 0.9096597 1.1463946 0.8580641 1.0423481 0.8803159 1.7716228 0.0000010 1.6426808 
Bralan_BLAG02001760_1                              1.2402475 1.1738662 1.0162843 1.1453114 0.9274810 0.9274810 1.1984799 1.4952798 1.3450566 1.2005276 0.5534376 0.5603157 0.5548565 0.5468057 0.5536000 0.0000000 0.5307852 0.2689192 0.4314514 0.4148841 0.5980222 0.9144420 0.6472157 0.4773632 0.4875430 0.4875430 0.5688033 0.5741102 0.5281930 0.4759410 0.4752205 0.4923836 0.5000188 0.4968185 0.5332981 0.5731996 0.6148186 0.7134435 0.6624194 0.7059305 0.7371706 0.7315536 0.8680771 0.7790270 0.7693738 0.7564336 0.7132527 0.6924273 0.6255996 0.9381787 0.7189458 0.7479135 0.7269309 0.7214595 0.5141193 0.6148886 0.8492585 0.5636630 0.7053259 0.8910635 0.8048090 0.8763497 0.7503846 0.7330187 0.7667168 0.7593965 0.6877219 0.7977339 0.6839749 0.7765004 0.6926967 0.6524645 0.7019036 0.8273892 0.8595203 0.8467254 0.8593159 0.9290039 0.8825194 0.8223179 0.7187492 0.7187492 1.0239424 0.9752680 0.8525005 1.1748689 1.8199674 0.6900827 0.7600915 0.9061423 0.7767735 0.9210136 0.9223087 0.7672605 0.8619539 1.7127471 0.8821944 2.0095267 
Acagra_model.g9425.t1.1.5d3b8600                   1.2035208 1.1208074 1.0439428 1.1817688 0.7692125 0.7692125 1.1160244 1.5013064 1.2752373 1.2785587 0.6746086 0.6608610 0.6573972 0.6520785 0.7172900 0.5307852 0.0000000 0.2066417 0.5946932 0.5203504 0.7228541 0.8151368 0.6420861 0.5557961 0.6353282 0.6353282 0.6247152 0.6418280 0.5761026 0.5432095 0.5228383 0.5767430 0.6214398 0.6053492 0.6268860 0.6755516 0.6502435 0.6874537 0.6672789 0.7805628 0.7371356 0.7595048 0.9057311 0.7751296 0.6959730 0.8020904 0.8994917 0.7551617 0.7351494 1.0092682 0.6908784 0.7916687 0.7651771 0.6295318 0.6812752 0.6263138 0.9875340 0.4768385 0.6795286 1.1105815 1.0140605 1.1133421 0.8675825 0.7364459 0.7466185 0.7306801 0.7428164 0.6893355 0.6551600 0.6816500 0.6833731 0.7499443 0.7475886 0.7688086 0.7878368 0.7959724 0.7951818 0.7817492 0.7311877 0.8351233 0.7668039 0.7668039 1.1554246 1.0070068 0.7778223 1.3593297 2.2110326 0.7168083 0.8691989 0.9272697 0.7143082 0.6504916 0.8952162 1.0410701 1.0124607 1.5724032 0.5964701 1.8812700 
Cgig_XM_034468731.1                                0.7729890 0.7729890 0.7050050 0.6926984 0.6184330 0.6184330 0.6425632 1.3769028 0.8597825 0.7567118 0.3750103 0.4148607 0.3962042 0.3190943 0.2783421 0.2689192 0.2066417 0.0000000 0.2796184 0.2746423 0.3002293 1.0649690 0.3081383 0.3027645 0.3038465 0.3038465 0.3594757 0.3446807 0.2990361 0.3039290 0.2893025 0.3322851 0.1227965 0.3062928 0.3020447 0.3545769 0.3794817 0.3663756 0.3346532 0.3733658 0.3817128 0.3670724 0.3670724 0.3840995 0.3689473 0.4732741 0.4371721 0.3364707 0.3331715 1.0367431 0.3946864 0.4002211 0.4677680 0.4677680 0.3602122 0.3347953 2.1798834 0.4693327 0.4693327 2.0475491 2.0475491 2.0475491 0.3136813 0.5235333 0.4101112 0.4101112 0.4576326 0.5144812 0.3932114 0.4664141 0.4952506 0.4823106 0.4784346 0.4510166 0.3514335 0.4597809 0.4753820 0.4866335 0.4866335 0.5829409 0.5097121 0.5097121 3.4113103 6.3459551 0.0000010 0.8742332 3.4113103 0.5900778 0.6463253 0.8596571 0.7225990 0.0000010 0.7486148 0.8318778 0.3959940 4.8131803 0.0000010 2.4506790 
Skow_XM_002736478.2                                1.2123872 1.1132501 1.0499079 1.1675090 0.7836548 0.7836548 1.1322136 1.4880597 1.2254088 1.2450804 0.6411615 0.6417315 0.6464660 0.6219298 0.6463998 0.4314514 0.5946932 0.2796184 0.0000000 0.4692548 0.6122503 0.8674890 0.6803618 0.5648590 0.5459920 0.5459920 0.5857695 0.5974009 0.6836398 0.5788261 0.5821238 0.6216828 0.6604425 0.6820575 0.6529864 0.6479922 0.6657857 0.7078022 0.7073539 0.7815323 0.7307937 0.7646142 0.8559558 0.7524563 0.6522829 0.7570555 0.7560037 0.6747160 0.5403638 0.9559879 0.7192549 0.7393353 0.8033657 0.6363502 0.6312964 0.6625368 0.9744390 0.5181217 0.6959064 0.8675445 0.7765334 0.8514526 0.7825902 0.8090846 0.8429179 0.7872662 0.7488595 0.8074949 0.7230132 0.7994662 0.7538556 0.6433750 0.7226385 0.7415817 0.8020433 0.8031797 0.7963704 0.8503812 0.7993145 0.8001209 0.7994006 0.7994006 1.1461419 1.0601626 1.1983065 1.2714865 2.0142267 0.8158293 0.8168779 0.9386411 0.7670439 1.0377729 0.9225968 1.2521027 1.0722216 1.7026586 0.7280070 1.8758165 
Spur_XM_030976914.1                                1.1890658 1.1810057 1.0419887 1.1867864 0.8620162 0.8620162 1.1856524 1.4521127 1.2988568 1.1509554 0.6474666 0.6501867 0.6717019 0.6068946 0.5509006 0.4148841 0.5203504 0.2746423 0.4692548 0.0000000 0.5560766 0.7783726 0.6254735 0.5109330 0.5444055 0.5444055 0.5523729 0.5849404 0.5700450 0.4972750 0.4701725 0.5233495 0.5241183 0.5372950 0.5256374 0.5191627 0.6300979 0.6297396 0.6114803 0.7885814 0.7528343 0.7422994 0.8585556 0.7763256 0.7966739 0.7689959 0.7870317 0.6949578 0.6107233 0.9297607 0.6975560 0.7241395 0.7450045 0.6889962 0.6086553 0.6221825 0.9155321 0.5510403 0.7111712 0.8770600 0.8206104 0.8797509 0.8253006 0.6981475 0.7753663 0.6826167 0.7111598 0.7201473 0.6988891 0.7583238 0.6323021 0.6008465 0.7097139 0.7847679 0.8297925 0.8208363 0.8259046 0.8710307 0.8436151 0.7975548 0.7672801 0.7672801 1.1666949 1.1018692 1.2630589 1.2107895 1.9760108 0.7569271 0.7974111 0.9585472 0.8789691 0.8390697 0.8316066 0.8596476 1.0212783 1.7202632 0.7747460 1.7961179 
Aque_Aqu2.1.22057_001                              1.2300248 1.1403343 1.0638202 1.2286493 0.8474577 0.8474577 1.1717418 1.3908136 1.3407031 1.2335222 0.6577073 0.7199772 0.6888223 0.6305439 0.6142945 0.5980222 0.7228541 0.3002293 0.6122503 0.5560766 0.0000000 0.3186076 0.2518628 0.6522697 0.5557370 0.5557370 0.5844900 0.6379919 0.7162708 0.6296404 0.6004858 0.6213548 0.6299986 0.7154783 0.6985319 0.6215244 0.6798285 0.8173232 0.7136561 0.7774656 0.6898574 0.7919564 0.8601862 0.8282907 0.7345751 0.9077207 0.8289339 0.7789489 0.6788189 1.0553860 0.8061533 0.7746255 0.7734019 0.6316816 0.6849825 0.6621936 0.9644760 0.5929152 0.7636108 0.7006238 0.6277611 0.7387566 0.6646411 0.8246467 0.7385241 0.7215869 0.7249432 0.7768277 0.7187589 0.7577399 0.7437260 0.7158877 0.8148434 0.8374883 0.8707356 0.8503699 0.8575652 0.8300096 0.8156903 0.7545898 0.7506576 0.7506576 1.1298370 1.0859581 1.3083882 1.1113863 1.9531754 0.8220269 0.8028457 0.9494983 0.8707040 0.8802880 0.8931023 0.8077833 1.1711109 1.8038829 0.8334787 1.7078832 
Halamb_c53894_g2_i7mm.5508                         1.4444784 1.7187569 1.2343801 1.2693320 1.1070235 1.1070235 1.1930401 1.2648324 1.2042740 1.1134337 0.8262867 0.9722388 0.8573559 0.7654346 0.6754610 0.9144420 0.8151368 1.0649690 0.8674890 0.7783726 0.3186076 0.0000000 0.0097046 0.8598493 0.7197048 0.7197048 0.7600527 0.6812390 1.0647004 0.9387389 0.8948427 0.8523101 0.9008933 0.8607157 0.9859311 0.8580011 0.7892767 0.8665880 0.7739222 0.7245019 0.6945201 0.7756816 0.7527476 0.9254294 1.2278428 1.0110149 0.9487136 0.8408596 0.9076870 0.8825798 0.9053369 0.8755997 0.8838265 3.4302695 0.8013643 0.7960084 0.6316476 1.0649690 0.8970530 0.6000010 0.6000010 0.6000010 0.4512233 0.9912589 0.7606856 0.8731619 0.7618763 0.7721692 0.8816847 0.7659964 0.7152172 0.9705810 1.1856386 0.8293433 0.7947472 0.8711409 0.8593620 0.7269882 0.7497238 0.9665377 0.7560653 0.7560653 0.7327580 0.6531326 7.7874854 1.5831622 1.5831622 0.9783873 0.7847647 0.8164218 1.0649690 0.9390119 0.9789360 1.3388811 2.8823086 0.9078862 0.0000010 1.2944871 
Halamb_c53894_g1_i9mm.5506                         1.2156623 1.1151429 0.9903817 1.1591861 0.7596594 0.7596594 1.1431268 1.2890696 1.2820046 1.2111283 0.6637411 0.7268209 0.7185523 0.6238909 0.6362555 0.6472157 0.6420861 0.3081383 0.6803618 0.6254735 0.2518628 0.0097046 0.0000000 0.6737333 0.5640006 0.5640006 0.6347554 0.6452759 0.6742827 0.6602168 0.6234648 0.6750757 0.7456157 0.7540232 0.7176583 0.6468897 0.7057789 0.8615706 0.7395961 0.8379603 0.7795439 0.8330485 0.8579253 0.8439654 0.7713507 0.9481570 0.9184355 0.8251734 0.6950791 1.1220698 0.8502784 0.8070253 0.7779853 0.7013280 0.6985724 0.6494586 0.9278930 0.5598893 0.7682243 0.6804291 0.6190798 0.7107148 0.6622671 0.8854606 0.8348511 0.7858883 0.7346332 0.7523318 0.7201163 0.6874435 0.7302050 0.7576448 0.8258160 0.8469030 0.9314460 0.8950022 0.8971825 0.8520787 0.8307800 0.7298667 0.7248709 0.7248709 1.0302287 0.9639077 1.2931643 1.2074045 1.9495859 0.8668729 0.8125918 0.9005042 0.8965660 1.0054829 0.9558950 0.8918106 1.1396389 1.9396075 1.1372625 1.9691619 
Ctel_gnl_WGS_AMQN_CAPTEDRAFT_mRNA219341            1.3240509 1.1977789 1.0531594 1.1644839 0.7710236 0.7710236 1.1795296 1.4070645 1.3497319 1.2651393 0.6456391 0.6633475 0.6920984 0.7107418 0.6262983 0.4773632 0.5557961 0.3027645 0.5648590 0.5109330 0.6522697 0.8598493 0.6737333 0.0000000 0.5934356 0.5934356 0.6468662 0.6494351 0.6171369 0.5945553 0.5546067 0.5900536 0.6006742 0.6040764 0.6684969 0.6811917 0.6611471 0.6965665 0.6807499 0.6842172 0.6840994 0.7442361 0.8839366 0.7411520 0.7845328 0.7888527 0.7924355 0.7036234 0.6186733 0.9834430 0.7233332 0.7385071 0.7807573 0.7416148 0.6693401 0.6668942 1.0194381 0.5899971 0.7771882 1.0346355 0.9076771 1.0428228 0.8022810 0.7685640 0.6964947 0.7233523 0.7278467 0.8033776 0.7746408 0.7833431 0.7111584 0.6252817 0.6992606 0.8633487 0.8695872 0.8964294 0.9000712 0.8954764 0.8608102 0.9231388 0.8303458 0.8303458 1.1928854 1.1878829 0.9590333 1.2585230 1.8458459 0.7814952 0.8334381 0.9207070 0.8260204 0.7063030 0.7995800 1.0801175 1.0192030 1.4602819 0.4208761 1.5853258 
Plajan_Pjan_scaffold579_01                         1.1640450 1.2025296 0.9823296 1.1158627 0.8763850 0.8763850 1.1285941 1.4526588 1.2919369 1.2938680 0.5357192 0.5778666 0.5687048 0.4347932 0.5369085 0.4875430 0.6353282 0.3038465 0.5459920 0.5444055 0.5557370 0.7197048 0.5640006 0.5934356 0.0000000 0.0000010 0.5603583 0.5955647 0.5308013 0.5003807 0.4868115 0.5001344 0.5383482 0.5622824 0.5431763 0.5179846 0.5451663 0.7017683 0.6419976 0.6879031 0.6985902 0.7630828 0.8498876 0.7316503 0.7259551 0.7537635 0.8069678 0.7461750 0.6936289 0.9864830 0.7577393 0.7420940 0.7366623 0.6929703 0.5648733 0.5754681 0.8113538 0.5308273 0.6948126 0.7451563 0.6740845 0.7927950 0.6233486 0.8167839 0.7804145 0.7713379 0.7599191 0.7458226 0.6702963 0.6641059 0.6578076 0.5943882 0.6692014 0.7678904 0.7881175 0.7990778 0.7993611 0.8130904 0.7779541 0.5648059 0.5339074 0.5339074 0.8135427 0.7302912 0.9303807 1.0560485 1.6176957 0.7741597 0.8235889 0.9182870 0.8806471 0.8673448 0.7500314 0.8931952 1.0056026 1.7275090 0.8272149 1.8098800 
Plajan_Pjan_scaffold578_01                         1.1640450 1.2025296 0.9823296 1.1158627 0.8763850 0.8763850 1.1285941 1.4526588 1.2919369 1.2938680 0.5357192 0.5778666 0.5687048 0.4347932 0.5369085 0.4875430 0.6353282 0.3038465 0.5459920 0.5444055 0.5557370 0.7197048 0.5640006 0.5934356 0.0000010 0.0000000 0.5603583 0.5955647 0.5308013 0.5003807 0.4868115 0.5001344 0.5383482 0.5622824 0.5431763 0.5179846 0.5451663 0.7017683 0.6419976 0.6879031 0.6985902 0.7630828 0.8498876 0.7316503 0.7259551 0.7537635 0.8069678 0.7461750 0.6936289 0.9864830 0.7577393 0.7420940 0.7366623 0.6929703 0.5648733 0.5754681 0.8113538 0.5308273 0.6948126 0.7451563 0.6740845 0.7927950 0.6233486 0.8167839 0.7804145 0.7713379 0.7599191 0.7458226 0.6702963 0.6641059 0.6578076 0.5943882 0.6692014 0.7678904 0.7881175 0.7990778 0.7993611 0.8130904 0.7779541 0.5648059 0.5339074 0.5339074 0.8135427 0.7302912 0.9303807 1.0560485 1.6176957 0.7741597 0.8235889 0.9182870 0.8806471 0.8673448 0.7500314 0.8931952 1.0056026 1.7275090 0.8272149 1.8098800 
Spolac_c102408_g1_i2_m.29197c102408-g1             1.1718881 1.2081152 1.0670450 1.2422296 0.9261968 0.9261968 1.3048579 1.4373311 1.2648108 1.2012192 0.6464104 0.6037277 0.6367853 0.6274078 0.5997962 0.5688033 0.6247152 0.3594757 0.5857695 0.5523729 0.5844900 0.7600527 0.6347554 0.6468662 0.5603583 0.5603583 0.0000000 0.1419973 0.6691291 0.5850547 0.5865522 0.5998727 0.6779023 0.6932397 0.6190414 0.5932203 0.6543982 0.7637501 0.6712399 0.7505520 0.7422433 0.7695891 0.8927810 0.8207121 0.7474949 0.8086139 0.7661209 0.7790080 0.6296446 1.0503658 0.7541267 0.7519384 0.7959049 0.7392618 0.7087087 0.6690241 0.9508743 0.4517695 0.6564887 0.7598191 0.7047414 0.7796438 0.7032925 0.8197001 0.8306731 0.8107632 0.8389594 0.7054660 0.6229161 0.6931263 0.6574412 0.6926937 0.7616397 0.8724213 0.9257825 0.9030150 0.9160509 0.9554970 0.9013007 0.8086279 0.8896061 0.8896061 1.2566972 1.1623990 1.3664483 1.2313851 2.0654786 0.8050753 0.8023542 0.8981836 0.7374533 0.7856287 0.7953073 0.9388082 1.1546816 1.8789767 1.2242042 2.0177470 
Emue_Em0009g986a.t1                                1.2051880 1.1970185 1.0387855 1.1963508 0.8918026 0.8918026 1.2564878 1.3704989 1.2367699 1.2183719 0.6047735 0.5945418 0.6363591 0.6260708 0.6244497 0.5741102 0.6418280 0.3446807 0.5974009 0.5849404 0.6379919 0.6812390 0.6452759 0.6494351 0.5955647 0.5955647 0.1419973 0.0000000 0.6783955 0.5914354 0.5850850 0.6008966 0.7225699 0.7181164 0.6374825 0.6093283 0.7087485 0.7396806 0.6428150 0.7181314 0.7436497 0.7555830 0.8696827 0.8161577 0.8274926 0.7738319 0.7799903 0.7480130 0.6160917 1.0245680 0.7409221 0.7030189 0.7694073 0.7432018 0.7293032 0.6844128 0.9999822 0.4535623 0.6887136 0.7253350 0.6694320 0.7572388 0.6818481 0.7906298 0.7987056 0.7705830 0.8337571 0.7251131 0.6199593 0.6823724 0.6744019 0.7427465 0.7893487 0.9580317 1.0092606 0.9928910 1.0016109 1.0331928 0.9763901 0.7700901 0.8259454 0.8259454 1.1712155 1.0701560 1.3528941 1.2056070 2.0149618 0.9035181 0.7820900 0.9454292 0.7149929 0.8714510 0.8212874 0.9716295 1.1807183 1.9511211 0.9290186 2.0817512 
Gfas_gfas1.m1.2695.m1                              1.1907322 1.1005552 0.9665366 1.1431756 0.6686020 0.6686020 1.0907460 1.3622311 1.2318376 1.1477097 0.5659009 0.6176405 0.5900479 0.5343399 0.6026338 0.5281930 0.5761026 0.2990361 0.6836398 0.5700450 0.7162708 1.0647004 0.6742827 0.6171369 0.5308013 0.5308013 0.6691291 0.6783955 0.0000000 0.2082131 0.1912464 0.2060046 0.2297344 0.2191328 0.2307229 0.3765022 0.4069346 0.7596312 0.6856918 0.7812046 0.7484203 0.8072289 0.8451986 0.8149643 0.6158798 0.7487441 0.8971358 0.8297093 0.6587946 1.1980739 0.7622138 0.6975571 0.7335873 0.5875740 0.7544012 0.5958161 1.0302892 0.4299693 0.7028876 1.2212082 1.0619549 1.2099192 0.8742718 0.8623461 0.7881142 0.7039336 0.8302874 0.6768990 0.6262144 0.6505520 0.7235807 0.6363214 0.6519189 0.7758998 0.8659278 0.7507512 0.7569110 0.9069237 0.9242609 0.6034647 0.7172547 0.7172547 1.2057204 1.4268521 1.2474411 0.7723139 1.3647628 0.6419129 0.8152864 0.7809273 0.7491427 0.7478193 0.8455548 0.9561907 0.9077719 1.8042663 1.2781389 1.8983757 
Spis_XP_022793883_1                                1.1457294 1.0912561 1.0092675 1.1601734 0.6914444 0.6914444 1.0544475 1.3112730 1.1980785 1.2375366 0.5187224 0.5704849 0.5492357 0.5591007 0.5843429 0.4759410 0.5432095 0.3039290 0.5788261 0.4972750 0.6296404 0.9387389 0.6602168 0.5945553 0.5003807 0.5003807 0.5850547 0.5914354 0.2082131 0.0000000 0.0740465 0.1361993 0.1579643 0.2640831 0.2090428 0.3590841 0.3649398 0.6910626 0.6897815 0.7414679 0.7086249 0.7998343 0.8690792 0.7876201 0.5970368 0.7028527 0.8617916 0.7759931 0.6978845 1.0817180 0.7198054 0.7236984 0.7719539 0.5641950 0.6615094 0.5725038 0.8517933 0.4487074 0.6844291 0.9966589 0.9664918 0.9934553 0.8165105 0.7721552 0.7710898 0.7031016 0.7628965 0.6587404 0.5982007 0.6337052 0.6580796 0.6175652 0.6029008 0.7277029 0.7919472 0.7029355 0.7078043 0.8156061 0.7954004 0.6419398 0.6616008 0.6616008 1.0122877 0.9990783 1.3158429 1.0365395 1.7466741 0.6379678 0.7224868 0.7070840 0.7299077 0.7901710 0.7783766 0.8416738 0.9512257 1.5956473 0.9075384 1.9645618 
Pocdam_XM_027190950.1                              1.1346820 1.0694215 1.0228289 1.1582635 0.6624106 0.6624106 1.0759913 1.2802097 1.2364042 1.2234794 0.5306468 0.5576816 0.5222649 0.5479885 0.5567360 0.4752205 0.5228383 0.2893025 0.5821238 0.4701725 0.6004858 0.8948427 0.6234648 0.5546067 0.4868115 0.4868115 0.5865522 0.5850850 0.1912464 0.0740465 0.0000000 0.1054073 0.1357830 0.2514270 0.2019392 0.3149134 0.3528355 0.6514616 0.6419831 0.7005755 0.6791034 0.7523756 0.8288370 0.7485762 0.6116466 0.6707789 0.8298926 0.7569720 0.6490965 1.0518080 0.6833871 0.7052606 0.7144076 0.6002718 0.6716458 0.5684384 0.8378898 0.4468240 0.6821930 1.0472386 1.0024673 1.0415701 0.7795008 0.7708613 0.7035807 0.6500887 0.7119801 0.6258516 0.5824108 0.6116583 0.6469766 0.6100115 0.6255372 0.7419393 0.7908556 0.7252908 0.7302187 0.8222558 0.8027734 0.6673451 0.6698455 0.6698455 1.0483982 1.0268507 1.2939742 1.0826641 1.8143723 0.6334089 0.6942403 0.6997703 0.7566955 0.7916077 0.7701483 0.7800741 0.9297663 1.6320444 0.8879779 1.8264400 
Fspp_ffun1.m4.27619.m1                             1.1782263 1.1318222 1.0423168 1.1665646 0.7832802 0.7832802 1.1811534 1.2884065 1.2611714 1.2423529 0.5300427 0.5872880 0.5630135 0.5416112 0.5807984 0.4923836 0.5767430 0.3322851 0.6216828 0.5233495 0.6213548 0.8523101 0.6750757 0.5900536 0.5001344 0.5001344 0.5998727 0.6008966 0.2060046 0.1361993 0.1054073 0.0000000 0.1106230 0.2480274 0.2041754 0.3288884 0.3576497 0.7418567 0.6787426 0.7930447 0.7847184 0.8220171 0.8688543 0.8428636 0.7586903 0.7613208 0.8600724 0.7693919 0.7034579 1.0895576 0.7545716 0.7296399 0.7476892 0.6550095 0.7229464 0.5842955 0.8728990 0.4633142 0.6883750 0.9904744 0.9452004 0.9965329 0.7650111 0.8488850 0.7701735 0.7160767 0.7707479 0.6672877 0.6085780 0.6605886 0.6261392 0.6355965 0.6833279 0.7694876 0.7942180 0.7425090 0.7475480 0.8466786 0.8184847 0.6141353 0.6742293 0.6742293 1.0100408 1.0231339 1.3115343 0.9436354 1.6762713 0.6906320 0.7369298 0.7380937 0.7925853 0.7991781 0.7530014 0.7516859 0.9104424 1.6828581 1.1227810 1.7593486 
Gasp_gasp1.m3.1455.m1                              1.2989746 1.2648864 1.0776612 1.2452454 0.9017634 0.9017634 1.2651254 1.5063572 1.3126397 1.4134543 0.5932389 0.6329454 0.6138718 0.5993879 0.6597604 0.5000188 0.6214398 0.1227965 0.6604425 0.5241183 0.6299986 0.9008933 0.7456157 0.6006742 0.5383482 0.5383482 0.6779023 0.7225699 0.2297344 0.1579643 0.1357830 0.1106230 0.0000000 0.2587819 0.2376386 0.3803489 0.3788318 0.7818577 0.7235247 0.9335164 0.9048845 0.9229425 1.0542794 0.9277156 0.8915410 0.8720160 0.9747140 0.9457673 0.8988862 1.3561743 0.8536334 0.8351837 0.8903268 1.0038675 0.7824148 0.6208022 0.7212477 0.5390064 0.7645727 0.9927070 0.9414908 0.9896624 0.9860781 0.9328712 0.8036151 0.7564778 0.7863195 0.7208349 0.6876986 0.7722803 0.7082107 0.6855703 0.7105488 0.8052449 0.8031496 0.7980980 0.7973464 0.8776940 0.8608147 0.8370406 0.7843935 0.7843935 0.9452094 1.1038311 1.3134830 1.1008390 1.3994671 0.6774802 0.7070173 0.7622736 0.7039832 0.8348070 0.8911392 0.8085401 1.2535975 1.3434533 1.1530689 1.3390588 
Amil_Amillepora27321-RA                            1.2741483 1.1112651 0.9893240 1.2159371 0.8956058 0.8956058 1.1956997 1.2318651 1.2843959 1.2916308 0.4919201 0.5602238 0.5782120 0.4661017 0.6488524 0.4968185 0.6053492 0.3062928 0.6820575 0.5372950 0.7154783 0.8607157 0.7540232 0.6040764 0.5622824 0.5622824 0.6932397 0.7181164 0.2191328 0.2640831 0.2514270 0.2480274 0.2587819 0.0000000 0.0765208 0.4331220 0.4487236 0.8357306 0.7678479 0.8108817 0.8313076 0.8141989 0.8657993 0.7781410 0.7542060 0.7372132 0.8380028 0.8054410 0.6731911 1.2708668 0.7844239 0.7653743 0.8619007 0.6432235 0.7730895 0.6992927 1.0881776 0.4375955 0.7538109 0.9983482 0.8549770 0.9935119 1.0399704 0.8562681 0.8701719 0.7328851 0.8279874 0.7089932 0.6441007 0.7038897 0.6662113 0.6856807 0.6984022 0.7157391 0.7053754 0.7080231 0.7151440 0.8771850 0.8906438 0.6684345 0.7849331 0.7849331 1.1423382 1.3686508 1.2236160 0.8348887 1.3815440 0.7050701 0.8879603 0.8050032 1.0916172 0.8540085 0.8409601 1.2192280 0.8670141 1.6217458 1.2473869 1.6566357 
Adig_XM_015909715.1                                1.1197613 1.0978404 1.0274992 1.1414562 0.7505181 0.7505181 1.1214723 1.3410309 1.2503418 1.2202128 0.5551432 0.6180673 0.6183031 0.5555210 0.6227875 0.5332981 0.6268860 0.3020447 0.6529864 0.5256374 0.6985319 0.9859311 0.7176583 0.6684969 0.5431763 0.5431763 0.6190414 0.6374825 0.2307229 0.2090428 0.2019392 0.2041754 0.2376386 0.0765208 0.0000000 0.3574602 0.4078060 0.7442882 0.6779247 0.7205796 0.7173816 0.8136811 0.8533085 0.7355752 0.5781598 0.6958624 0.8740697 0.7942219 0.6971165 1.1373049 0.6973508 0.6916768 0.7546805 0.6051163 0.7384845 0.6578082 0.8960035 0.4648131 0.6929411 0.9880349 0.9729061 0.9852251 0.8174925 0.8290040 0.7895795 0.7072690 0.7354383 0.7031046 0.6222511 0.6558761 0.6365735 0.6272127 0.6676547 0.7804309 0.8423636 0.7598444 0.7650250 0.8821336 0.8742249 0.6514951 0.6690098 0.6690098 1.0032305 1.0182342 1.2596437 0.9611350 1.6304380 0.6897751 0.7682152 0.7102476 0.8031623 1.0534832 0.6885623 0.8192540 1.0406373 1.6996896 1.2473869 1.8107577 
Exapal_XM_021048953.1                              1.1267187 1.1041785 1.0222050 1.1631360 0.7703262 0.7703262 1.1038380 1.3325573 1.1815498 1.0981010 0.6609452 0.6732103 0.6767856 0.6290140 0.6308093 0.5731996 0.6755516 0.3545769 0.6479922 0.5191627 0.6215244 0.8580011 0.6468897 0.6811917 0.5179846 0.5179846 0.5932203 0.6093283 0.3765022 0.3590841 0.3149134 0.3288884 0.3803489 0.4331220 0.3574602 0.0000000 0.3900268 0.7666527 0.6808506 0.7155344 0.7123735 0.8808049 0.9729049 0.7999929 0.5522022 0.7531189 0.8967595 0.8462826 0.6858299 1.0261655 0.7402710 0.7223260 0.6608185 0.4321314 0.6710519 0.6013889 0.9077678 0.3564992 0.6671249 0.9287504 0.8635305 0.9338878 0.8560319 0.7796435 0.7635619 0.7322928 0.7608536 0.6413166 0.5817597 0.6038779 0.6672368 0.6614099 0.6924418 0.8176036 0.8979853 0.8885408 0.8875720 0.9188692 0.8973264 0.5759411 0.6915335 0.6915335 1.1032643 1.1450091 1.5552009 0.8841897 1.6911650 0.7702188 0.7162101 0.6843256 0.8070150 0.8600546 0.7168836 0.7961786 1.2733989 1.4537734 0.9073633 1.8201552 
Nvec_v1g138093                                     1.1358805 1.1127587 0.9260038 1.0697661 0.8317425 0.8317425 1.1895329 1.3962391 1.2146028 1.1421131 0.6648433 0.7301038 0.6684285 0.6342952 0.6883016 0.6148186 0.6502435 0.3794817 0.6657857 0.6300979 0.6798285 0.7892767 0.7057789 0.6611471 0.5451663 0.5451663 0.6543982 0.7087485 0.4069346 0.3649398 0.3528355 0.3576497 0.3788318 0.4487236 0.4078060 0.3900268 0.0000000 0.7429509 0.6957738 0.7947938 0.7547963 0.9049412 0.9517519 0.8710303 0.6597265 0.8412659 0.8999442 0.8453461 0.7165656 1.1309605 0.8229020 0.7944850 0.7694006 0.7423023 0.7307287 0.6145183 0.9437431 0.4757517 0.7149083 0.9891858 0.8585829 1.0074561 0.8841681 0.9117811 0.7346292 0.6956680 0.7330805 0.6513499 0.5866040 0.6860233 0.6668602 0.6886268 0.7126967 0.7447654 0.7786894 0.7745444 0.7796725 0.8356530 0.7905022 0.6999520 0.6694426 0.6694426 0.9970784 0.9451460 1.4280068 1.1322094 1.7903274 0.7928950 0.7951941 0.7970565 0.8427191 0.9437953 0.8117112 0.9206419 1.1412151 1.7401179 0.9866942 1.9067174 
Didcos_EP00039_Didymoeca_costata_P023091           1.3647148 1.2793740 1.1795440 1.2789571 0.9619065 0.9619065 1.2987493 1.6779314 1.5525394 1.3799645 0.8180089 0.7927586 0.7950398 0.6366510 0.5123661 0.7134435 0.6874537 0.3663756 0.7078022 0.6297396 0.8173232 0.8665880 0.8615706 0.6965665 0.7017683 0.7017683 0.7637501 0.7396806 0.7596312 0.6910626 0.6514616 0.7418567 0.7818577 0.8357306 0.7442882 0.7666527 0.7429509 0.0000000 0.3582009 0.5822255 0.4884504 0.4631069 0.6034899 0.6285265 0.5811647 0.6723409 0.5348103 0.5409618 0.5526005 0.7561362 0.5471413 0.6533899 0.7203718 0.6520757 0.8398121 0.7632206 1.1518963 0.5955121 0.7631549 1.0244725 0.8953210 1.0294934 0.8984355 0.6438918 0.6148361 0.6331111 0.6209263 0.8699080 0.8372892 0.9864806 0.8387319 0.8516216 0.8711164 0.8984783 0.9513023 0.8988589 0.9042880 0.8999605 0.8584182 0.8173386 0.9705026 0.9705026 1.3399430 1.2674153 1.7458048 1.4026107 2.1553192 0.8530738 0.8607261 0.9135158 0.9884350 1.1286226 1.0248366 1.3228272 1.2897125 2.0024503 0.5828537 1.8757691 
