94
Leuniv_Lniv_C802780_01                                 0.0000000 0.2127476 0.2987483 0.2812960 0.3928886 0.7950158 0.7177573 0.7728692 0.7553488 0.7319931 0.7154181 0.7509977 0.8075869 0.6622006 0.8570633 0.8076774 0.6883433 0.7347457 0.8950737 0.7274267 0.7873153 0.6598373 0.6671480 0.6969367 0.8830857 0.5848544 0.7331159 0.7181730 0.7029412 0.8870627 0.8870627 0.6405392 0.7040507 0.4985958 0.7996485 0.6062056 0.7711061 0.7711061 0.7494476 0.7688467 0.7688467 0.9287941 0.8505475 0.8648611 0.7166989 0.7166989 0.8492763 0.7559915 0.8298080 0.8298080 0.9171675 0.9171675 0.9267390 0.9267390 0.8218748 0.8256400 0.8863733 0.8863733 0.7563665 0.8298855 0.8516209 0.8410640 0.9477194 0.8726457 0.7871456 1.0071529 0.6444729 0.6427923 1.1054340 0.8314481 1.3093051 1.3324190 1.1368160 1.2401288 1.2841711 1.1603896 1.0956949 1.1134846 1.1134846 1.1364851 1.1831405 1.1222545 1.1320194 1.4444491 1.3421792 1.1016244 1.1529793 1.0802719 1.1420234 1.3818942 2.2398662 1.3072697 1.5446724 1.3675498 
Scil_scict018759.1                                     0.2127476 0.0000000 0.2989149 0.3203432 0.3916329 0.6895969 0.6716164 0.7083055 0.6778380 0.6699296 0.6537519 0.6828522 0.6828540 0.3689750 0.8534222 0.7508407 0.5777491 0.6820496 0.7247687 0.5158483 0.6898999 0.6097707 0.5900674 0.5994964 0.7721826 0.5077232 0.5870259 0.6594807 0.6199899 0.8242338 0.8242338 0.6255788 0.6004883 0.4822483 0.7850363 0.5303429 0.7799982 0.7799982 0.8061425 0.7645551 0.7645551 0.8476615 0.7432518 0.7988077 0.4938467 0.4938467 0.8166740 0.6055445 0.7670728 0.7670728 0.8382065 0.8382065 0.8573689 0.8573689 0.7304619 0.7363719 0.7756177 0.7756177 0.6066008 0.8688239 0.8223724 0.7965718 0.8867485 0.7737159 0.7153679 0.8053688 0.7190256 0.6669743 1.0242205 0.5895945 1.0615115 1.0694362 0.9224402 1.0064321 0.9517799 0.9780759 0.9495431 1.0058490 1.0058490 0.8767215 0.9471562 1.3113444 0.9903424 1.1991523 1.0999151 1.0400978 1.0780595 1.0718864 0.9499202 0.9731483 2.2906937 1.1388163 1.2489834 1.4740108 
Gracom_Gcom_C545212_01                                 0.2987483 0.2989149 0.0000000 0.3932800 0.4826417 0.9670135 0.8826294 0.9292402 0.9362107 0.8827148 0.9007228 0.9452731 0.9563708 0.8489489 1.0073151 0.9029846 0.7407075 0.7956877 1.0631966 0.8152111 0.8896546 0.7624552 0.8327136 0.8143387 0.9725246 0.7210121 0.9659461 0.9093330 0.8360918 1.0872724 1.0872724 0.8291199 0.8762963 0.6130418 0.9591208 0.7140100 0.9315600 0.9315600 0.8819533 0.9363358 0.9363358 1.1684337 0.9709425 1.0444865 0.9021939 0.9021939 1.0740017 0.9744924 1.0265387 1.0265387 1.0450191 1.0450191 1.0645822 1.0645822 1.0078037 1.0117689 1.0766865 1.0766865 0.9828853 0.9952603 1.0587032 1.0208101 1.1427833 1.0209304 0.8602916 1.1015386 0.7579487 0.7699662 1.2344467 0.8850797 1.4166896 1.4361264 1.2465767 1.3364669 1.2911196 1.2581320 1.1799195 1.0595671 1.0595671 1.2236722 1.2744652 1.4197611 1.2997571 1.4231666 1.3777861 1.2147634 1.1918905 1.2591841 1.3856099 1.5927838 2.4482824 1.5176394 1.7252846 1.8897723 
Lcom_lcpid90359                                        0.2812960 0.3203432 0.3932800 0.0000000 0.3918984 0.8198017 0.8006696 0.8105075 0.8248617 0.8324610 0.7571451 0.7969188 0.8744049 0.7342669 0.9721346 0.8656693 0.6969427 0.7687680 0.8848870 0.8521781 0.7382936 0.7382901 0.6995745 0.7211372 0.8714902 0.6070744 0.8155162 0.7337490 0.6915845 0.8405664 0.8405664 0.6438491 0.6831066 0.5185802 0.9248321 0.6630114 0.9229518 0.9229518 0.8917670 0.8533758 0.8533758 0.9311131 0.8918155 0.9169816 0.7757605 0.7757605 0.8785882 0.7552035 0.8671073 0.8671073 0.9992608 0.9992608 1.0095646 1.0095646 0.9083921 0.9122048 0.9554034 0.9554034 0.7569728 0.8867449 0.9116780 0.9002150 1.0146345 0.9133199 0.8014191 1.0235463 0.7151554 0.7108913 1.1480013 0.8989317 1.2467836 1.2360468 1.0543403 1.2314654 1.2109301 1.1885279 1.1736896 1.1075428 1.1075428 1.0970473 1.1222728 1.3267374 1.2038457 1.3450464 1.2505083 1.2379210 1.1949369 1.1491370 1.2870511 1.4232962 2.3229409 1.4153668 1.4300296 1.3442196 
Clacor_Ccor_C531399_01                                 0.3928886 0.3916329 0.4826417 0.3918984 0.0000000 0.6536754 0.6731815 0.5773060 0.5846966 0.5768062 0.5457971 0.6365809 0.5774719 0.4746189 0.9096195 0.7488432 0.5394223 0.6213427 0.7950561 0.5340401 0.6328738 0.4837237 0.5553299 0.5680067 0.7676124 0.4500461 0.5404682 0.6082858 0.5737480 0.7227840 0.7227840 0.5774112 0.5640526 0.4581538 0.7120137 0.4340647 0.6786710 0.6786710 0.6332239 0.6672609 0.6672609 0.8360846 0.7414312 0.7654246 0.5756771 0.5756771 0.7324563 0.6448721 0.7110354 0.7110354 0.8446722 0.8446722 0.8435804 0.8435804 0.7061883 0.7253425 0.7765118 0.7765118 0.6051570 0.7482722 0.7071225 0.6793697 0.8458592 0.7580007 0.7139873 0.8164034 0.5371776 0.6515138 0.9689513 0.7593704 1.0511819 1.0450565 0.9046470 0.9735313 1.1316017 0.9279573 0.9526820 0.8983463 0.8983463 0.9546933 0.9363979 1.2730675 1.0185145 1.0880956 1.0673055 1.0577681 0.9927023 0.9888671 0.9804320 1.1315734 1.9794978 1.1723053 1.2851780 1.4191250 
Amil_Amillepora01210-RA                                0.7950158 0.6895969 0.9670135 0.8198017 0.6536754 0.0000000 0.0366724 0.1873875 0.1819678 0.2227975 0.1808534 0.2071843 0.3088375 0.2516068 0.6104075 0.6313817 0.4003055 0.4012830 0.5362646 0.5605494 0.6664362 0.5026057 0.6171640 0.6133223 0.6326666 0.5788176 0.5352216 0.5699102 0.7087595 0.6688921 0.6688921 0.5424695 0.6796278 0.5299748 0.5596616 0.4389869 0.5443464 0.5443464 0.5863627 0.4982240 0.4982240 0.7187738 0.6612781 0.7128551 0.5300613 0.5300613 0.6927122 0.5727171 0.6861074 0.6861074 0.8309303 0.8309303 0.8467813 0.8467813 0.6812707 0.6808466 0.7695885 0.7695885 0.5632557 0.8123522 0.7027760 0.7207698 0.8125629 0.7832841 0.5823369 0.7723016 0.6139172 0.5320747 0.6975310 0.7218203 0.9033854 0.9543361 0.8611028 0.8528992 0.9552229 0.8866759 0.8443416 0.8901367 0.8901367 0.8561584 0.8111379 1.3641388 0.9397866 1.0325652 1.0485236 1.1043127 1.0054394 0.9922640 1.0072080 1.0942382 2.1886320 1.1366103 1.5820801 1.0410306 
Adig_XM_015897715.1                                    0.7177573 0.6716164 0.8826294 0.8006696 0.6731815 0.0366724 0.0000000 0.2345083 0.2283578 0.2660100 0.2195393 0.2595319 0.3441597 0.2599354 0.6744909 0.6573824 0.4196620 0.4244013 0.6109020 0.5938334 0.7163946 0.5477052 0.6621219 0.6694505 0.6576362 0.5675719 0.5740653 0.5818857 0.7693440 0.6835084 0.6835084 0.5446041 0.6051104 0.4643543 0.6156406 0.4762753 0.5861442 0.5861442 0.6304655 0.5427059 0.5427059 0.7883502 0.6880651 0.7865724 0.5596804 0.5596804 0.7812506 0.6312301 0.7494306 0.7494306 0.9037731 0.9037731 0.9230963 0.9230963 0.7511008 0.7390277 0.8159246 0.8159246 0.6287007 0.8000374 0.8112639 0.8301028 0.9185561 0.7986780 0.6498965 0.8461266 0.6139172 0.5127266 0.7443837 0.5585884 0.9211825 0.9592753 0.8344323 0.9053812 0.9905404 0.9206682 0.8970203 0.9378496 0.9378496 0.8988699 0.7944660 1.4070769 0.9620959 1.0357946 1.0462999 1.1328669 1.0198506 0.9734148 1.0081699 1.1186622 2.1886320 1.1551825 1.2704395 1.0410306 
Spis_XP_022786389_1                                    0.7728692 0.7083055 0.9292402 0.8105075 0.5773060 0.1873875 0.2345083 0.0000000 0.0519765 0.0995237 0.1384205 0.1266523 0.2210547 0.2165667 0.6225621 0.5831032 0.3695744 0.3697786 0.4515599 0.4903170 0.5811384 0.4690678 0.5701761 0.5536771 0.6697177 0.4911350 0.5252899 0.4939362 0.6244595 0.6836531 0.6836531 0.5440885 0.6449296 0.4941508 0.5394670 0.4315819 0.5332155 0.5332155 0.5757215 0.5009015 0.5009015 0.6965670 0.6061919 0.6676851 0.5415564 0.5415564 0.6679981 0.5747067 0.6370782 0.6370782 0.7707325 0.7707325 0.7856751 0.7856751 0.6169097 0.6164440 0.7283636 0.7283636 0.5524114 0.6900445 0.6226128 0.6577567 0.7159579 0.7395753 0.5984815 0.6846987 0.5694254 0.5057682 0.7930332 0.6874526 0.8221582 0.8487931 0.7986389 0.8472752 0.9644749 0.8809194 0.8436101 0.8630012 0.8630012 0.8493755 0.8588580 1.3455632 0.8936046 0.9880367 1.0076483 1.0321341 0.9238067 0.9202081 0.9014900 1.0955785 1.8650645 1.0524635 1.4846187 1.2015562 
Pocdam_XM_027198787.1                                  0.7553488 0.6778380 0.9362107 0.8248617 0.5846966 0.1819678 0.2283578 0.0519765 0.0000000 0.0650118 0.1077834 0.0979984 0.2126213 0.1857274 0.6248824 0.5859051 0.3823894 0.3759365 0.4694949 0.5140668 0.5972902 0.4924775 0.5662033 0.5592355 0.6652626 0.5093692 0.5407204 0.4685692 0.6494825 0.6836890 0.6836890 0.5315737 0.6485944 0.4562528 0.5548322 0.4337403 0.5513577 0.5513577 0.5778616 0.5368653 0.5368653 0.7350784 0.5892115 0.6852658 0.5443814 0.5443814 0.6730067 0.5803765 0.6487906 0.6487906 0.7918083 0.7918083 0.8071858 0.8071858 0.6381027 0.6376459 0.7480805 0.7480805 0.5327894 0.6901534 0.6334341 0.6693969 0.7304321 0.7575619 0.6066799 0.6673407 0.5775944 0.5254914 0.8469525 0.7397977 0.8384612 0.8621722 0.7664642 0.8312409 0.9521111 0.8342779 0.8199460 0.8565410 0.8565410 0.8321945 0.8392062 1.3031970 0.8904756 1.0097991 0.9930731 1.0560310 0.8852754 0.9037207 0.9145291 1.1111264 1.7637456 1.0429357 1.5885323 1.1116277 
Gasp_gasp1.m3.10368.m1                                 0.7319931 0.6699296 0.8827148 0.8324610 0.5768062 0.2227975 0.2660100 0.0995237 0.0650118 0.0000000 0.1511204 0.0873783 0.2552581 0.1746690 0.5928496 0.6017826 0.3894585 0.3869267 0.5298766 0.4994119 0.5539700 0.4809911 0.5381354 0.5354781 0.6431099 0.5268166 0.5058717 0.4420102 0.6639111 0.6939866 0.6939866 0.5251985 0.6269375 0.4736050 0.5319442 0.4477610 0.5350438 0.5350438 0.5796638 0.5289472 0.5289472 0.7504884 0.6119108 0.6584353 0.5532541 0.5532541 0.6810467 0.5898512 0.6333239 0.6333239 0.7608245 0.7608245 0.7755859 0.7755859 0.6126348 0.6121687 0.7183263 0.7183263 0.5471333 0.6759819 0.6084720 0.6430591 0.6941259 0.7199018 0.6174679 0.6563615 0.5781990 0.4980250 0.8486285 0.6737188 0.8285612 0.8286841 0.7311443 0.8085127 0.9353986 0.7974490 0.7894070 0.8417341 0.8417341 0.8274363 0.8091769 1.2578708 0.9208273 0.9962387 0.9812606 1.0078641 0.8717438 0.8616704 0.8578167 1.0487489 1.6754158 0.9798913 1.5535051 1.1473184 
Gfas_gfas1.m1.3665.m1                                  0.7154181 0.6537519 0.9007228 0.7571451 0.5457971 0.1808534 0.2195393 0.1384205 0.1077834 0.1511204 0.0000000 0.1433596 0.2490606 0.2298919 0.6064711 0.5736035 0.3644845 0.3675702 0.5304362 0.4745323 0.5652094 0.4450037 0.5151443 0.5154364 0.6678989 0.4797707 0.4750308 0.4974183 0.6168556 0.6916733 0.6916733 0.5216822 0.6287707 0.4275673 0.5468850 0.4170274 0.5373667 0.5373667 0.5624734 0.5247882 0.5247882 0.7082949 0.6143930 0.6296906 0.4901221 0.4901221 0.6094412 0.5156693 0.6073577 0.6073577 0.7657481 0.7657481 0.7805153 0.7805153 0.6182304 0.6268011 0.7205042 0.7205042 0.5403183 0.6850730 0.5901021 0.6248470 0.7180022 0.7155488 0.5320898 0.6625270 0.5562199 0.5453067 0.7526706 0.6965855 0.8640626 0.8733576 0.8080372 0.8296579 0.9570196 0.8613688 0.8152971 0.8495975 0.8495975 0.7933446 0.8035031 1.2588265 0.9114219 0.9616307 0.9833586 1.0208153 0.8813087 0.8530047 0.9267652 1.0979693 1.7375274 1.0399834 1.4155880 1.0422116 
Fspp_ffun1.m4.17756.m1                                 0.7509977 0.6828522 0.9452731 0.7969188 0.6365809 0.2071843 0.2595319 0.1266523 0.0979984 0.0873783 0.1433596 0.0000000 0.2679654 0.2061618 0.6176324 0.6908769 0.4272343 0.4061301 0.5210974 0.4996344 0.5738717 0.5216200 0.5572098 0.5513832 0.6378689 0.5389812 0.4417172 0.4739246 0.6891817 0.6808787 0.6808787 0.5432370 0.6845602 0.4681249 0.5534089 0.4264988 0.5565375 0.5565375 0.5638879 0.5249242 0.5249242 0.7673623 0.5916732 0.6981656 0.5726181 0.5726181 0.7000246 0.5927206 0.6822719 0.6822719 0.8248679 0.8248679 0.8591174 0.8591174 0.6576894 0.6572520 0.8012735 0.8012735 0.5785311 0.7034241 0.6353328 0.6711111 0.7342971 0.7721661 0.6251434 0.6853846 0.6696128 0.5856421 0.9181132 0.6978185 0.9080786 0.8900660 0.8210887 0.8919065 0.9475492 0.8734826 0.8894010 0.9154499 0.9154499 0.8694018 0.8981263 1.4568407 0.9342349 1.0863689 1.0416756 1.0909428 0.9484099 0.9463072 0.9050189 1.0458063 1.8207772 1.0379777 1.5666905 1.3652164 
Exapal_XM_021059174.2                                  0.8075869 0.6828540 0.9563708 0.8744049 0.5774719 0.3088375 0.3441597 0.2210547 0.2126213 0.2552581 0.2490606 0.2679654 0.0000000 0.1763773 0.5543765 0.5916324 0.3955696 0.3901409 0.4716993 0.4699205 0.5852974 0.4580204 0.5799806 0.5830545 0.6612118 0.5110702 0.5703484 0.5935119 0.6076539 0.7254158 0.7254158 0.5906871 0.6876923 0.5287462 0.6128056 0.4595728 0.5884032 0.5884032 0.6132318 0.5858063 0.5858063 0.6320809 0.4879935 0.8180176 0.6110003 0.6110003 0.8205282 0.7160702 0.7913132 0.7913132 0.9286246 0.9286246 0.9446532 0.9446532 0.7440905 0.7637155 0.8126183 0.8126183 0.6254513 0.8271809 0.7539798 0.7691056 0.8947637 0.8541953 0.6724009 0.6370189 0.6648519 0.6058106 0.8832286 0.6459671 0.7489805 0.7594027 0.7893219 0.7930624 0.8793765 0.9059883 0.8612847 0.8710679 0.8710679 0.9620856 0.8435191 1.2631741 0.9013967 1.0753459 1.0868828 1.1021209 0.9424685 1.0060979 1.0490706 1.3363776 2.1908265 1.2353018 1.4793224 1.1275017 
Nvec_v1g166546                                         0.6622006 0.3689750 0.8489489 0.7342669 0.4746189 0.2516068 0.2599354 0.2165667 0.1857274 0.1746690 0.2298919 0.2061618 0.1763773 0.0000000 0.3228676 0.3273324 0.3759798 0.3537273 0.3395067 0.4697516 0.4877572 0.4081968 0.4274012 0.4056130 0.4303859 0.4433533 0.4663929 0.3754999 0.5452550 0.6126973 0.6126973 0.4645798 0.5764763 0.3846361 0.5296526 0.5020609 0.5258300 0.5258300 0.5210554 0.4883500 0.4883500 0.5416275 0.4423039 0.5709972 0.5695443 0.5695443 0.5709972 0.5587628 0.5535601 0.5535601 0.5739953 0.5739953 0.5739953 0.5739953 0.5458291 0.5712845 0.6094163 0.6094163 0.5698105 0.5513960 0.5166158 0.5281368 0.6466993 0.5709874 0.5513267 0.4024642 0.2544965 0.3312796 0.6201439 0.7492018 0.6725477 0.6702208 0.6149145 0.5928025 0.8447066 0.7333538 0.7455726 0.7058517 0.7058517 0.7612488 0.7844014 3.4221295 0.9442036 0.9841184 0.9457639 0.9459185 0.9166429 0.8178751 0.7311172 1.0699564 1.1161521 0.7311172 2.3125734 0.0000010 
Cgig_XM_011420984.3                                    0.8570633 0.8534222 1.0073151 0.9721346 0.9096195 0.6104075 0.6744909 0.6225621 0.6248824 0.5928496 0.6064711 0.6176324 0.5543765 0.3228676 0.0000000 0.4437910 0.4862557 0.5800542 0.5681601 0.4425127 0.7321168 0.5681667 0.7005834 0.6565915 0.6520967 0.7009119 0.6651554 0.6752148 0.8157807 0.8921306 0.8921306 0.6892263 0.8820044 0.6329647 0.8325855 0.5821312 0.7975955 0.7975955 0.7282404 0.7979971 0.7979971 0.7127760 0.5852207 0.7307332 0.5172552 0.5172552 0.7310662 0.6250731 0.6805914 0.6805914 0.7681083 0.7681083 0.7828568 0.7828568 0.6261295 0.6348605 0.7446485 0.7446485 0.5231867 0.7175789 0.6499903 0.6508804 0.7445023 0.7054102 0.6059278 0.7235555 0.7272092 0.7636953 0.8089115 0.8684759 1.1522355 1.1678881 1.2210586 1.2424385 1.0760350 1.2283447 1.1315281 1.1035631 1.1035631 1.3165497 1.1911326 2.0215644 1.2602269 1.4195856 1.3834505 1.2500364 1.3852918 1.3470796 1.1646376 1.3098934 2.1956844 1.2258923 1.9037272 1.2912684 
Acagra_model.g26167.t1                                 0.8076774 0.7508407 0.9029846 0.8656693 0.7488432 0.6313817 0.6573824 0.5831032 0.5859051 0.6017826 0.5736035 0.6908769 0.5916324 0.3273324 0.4437910 0.0000000 0.5086981 0.6009189 0.5672786 0.4661162 0.7160552 0.4217677 0.6035252 0.5820665 0.5511379 0.5994331 0.6013586 0.6897786 0.8459232 0.8108302 0.8108302 0.6406852 0.8779847 0.5218043 0.7785283 0.4860223 0.7847970 0.7847970 0.6313182 0.7888334 0.7888334 0.7505995 0.4554783 0.7555498 0.4477033 0.4477033 0.6724124 0.5091541 0.6414006 0.6414006 0.7471914 0.7471914 0.7646013 0.7646013 0.6421632 0.6604604 0.7871072 0.7871072 0.4922378 0.8486143 0.7132190 0.6919642 0.7954396 0.7451179 0.5615180 0.6012367 0.8815372 0.9349586 0.7917401 0.8560253 1.0435657 1.0667943 1.0078863 1.0680826 1.0746063 1.0729018 1.0485680 1.0172803 1.0172803 1.2418916 1.1731200 1.9970662 1.2462247 1.4457990 1.3695846 1.1267406 1.2327847 1.1686158 0.9960875 1.0702802 1.9643415 1.1348007 1.7740048 1.6134857 
Xesp_005038-T1                                         0.6883433 0.5777491 0.7407075 0.6969427 0.5394223 0.4003055 0.4196620 0.3695744 0.3823894 0.3894585 0.3644845 0.4272343 0.3955696 0.3759798 0.4862557 0.5086981 0.0000000 0.1434491 0.5825658 0.4566811 0.5376300 0.4421124 0.5279479 0.5353419 0.5675518 0.5045129 0.7385415 0.4918167 0.6564639 0.6928803 0.6928803 0.5253539 0.6951193 0.5236365 0.5511902 0.4488113 0.5484380 0.5484380 0.5738562 0.5509690 0.5509690 0.5805884 0.6343141 0.6145447 0.4944561 0.4944561 0.6085478 0.5672137 0.6888628 0.6888628 0.6858387 0.6858387 0.7021411 0.7021411 0.6063560 0.6049348 0.6102261 0.6102261 0.5321929 0.6403698 0.5528318 0.5446815 0.6229333 0.5873708 0.5591460 0.5630574 0.4643807 0.4692204 0.5379645 0.6876109 0.8417890 0.8727894 0.8912811 0.9430642 0.8819250 1.0200841 0.7609090 0.8002668 0.8002668 0.8385005 0.8141786 1.2192402 1.0158289 0.9320178 0.9604594 0.9672868 1.0368034 0.8661889 1.0160693 1.3974244 1.4552381 1.0234366 1.4578817 1.1531533 
Dgig_XM_028536319.1                                    0.7347457 0.6820496 0.7956877 0.7687680 0.6213427 0.4012830 0.4244013 0.3697786 0.3759365 0.3869267 0.3675702 0.4061301 0.3901409 0.3537273 0.5800542 0.6009189 0.1434491 0.0000000 0.6232678 0.4198735 0.6309367 0.4539017 0.5939851 0.5585312 0.6599562 0.5726988 0.7140033 0.5099809 0.6936161 0.7132553 0.7132553 0.5727302 0.7004597 0.5536563 0.6542270 0.4739081 0.6153478 0.6153478 0.6338397 0.6238940 0.6238940 0.7013964 0.5991071 0.6443034 0.5025980 0.5025980 0.6535707 0.5610812 0.6982918 0.6982918 0.7230489 0.7230489 0.7374658 0.7374658 0.6330199 0.6377565 0.6666344 0.6666344 0.5353833 0.7111684 0.6278981 0.6300493 0.7095102 0.6723076 0.6642073 0.6701831 0.6373176 0.5923940 0.6726525 0.6966050 0.8953325 0.8865740 0.8958662 0.9320789 0.9543240 1.0643127 0.9012110 0.8506789 0.8506789 0.9309017 0.8437888 1.4629988 1.0130030 0.9836611 0.9924763 1.1647752 1.0932141 0.9157311 1.0795545 1.2961574 1.9534602 1.1480529 1.3926524 1.2877171 
Bralan_BLAG01001690_1                                  0.8950737 0.7247687 1.0631966 0.8848870 0.7950561 0.5362646 0.6109020 0.4515599 0.4694949 0.5298766 0.5304362 0.5210974 0.4716993 0.3395067 0.5681601 0.5672786 0.5825658 0.6232678 0.0000000 0.5692441 0.6827859 0.5566353 0.6856046 0.7154297 0.6168404 0.7067114 0.6133722 0.7586633 0.7485846 0.9260375 0.9260375 0.8058097 0.9638629 0.6047942 0.8308247 0.5789933 0.8553019 0.8553019 0.7863320 0.7427977 0.7427977 0.7603644 0.5548175 0.8733210 0.6028674 0.6028674 0.8161596 0.6928369 0.8052304 0.8052304 0.9483350 0.9483350 0.9581710 0.9581710 0.8153575 0.8361181 0.8732865 0.8732865 0.6508081 0.9727793 0.8620435 0.8863524 0.9289956 0.8718273 0.5333135 0.7157904 0.8991558 0.8930892 0.7631419 0.8268554 1.0362457 1.0352506 0.9977495 1.0480075 1.0519147 1.1683084 1.0838749 1.1559611 1.1559611 1.3052118 1.2423006 1.6816739 1.1399255 1.3007536 1.2290074 1.2596805 1.2088935 1.2489973 1.1958516 1.4606035 1.9281623 1.3476026 1.8331180 1.2706645 
Hvul_g3315_1                                           0.7274267 0.5158483 0.8152111 0.8521781 0.5340401 0.5605494 0.5938334 0.4903170 0.5140668 0.4994119 0.4745323 0.4996344 0.4699205 0.4697516 0.4425127 0.4661162 0.4566811 0.4198735 0.5692441 0.0000000 0.2307559 0.3177531 0.3911892 0.3331485 0.4340819 0.5155215 0.6103390 0.5522317 0.6212363 0.5694366 0.5694366 0.4784756 0.7178911 0.5549224 0.5288836 0.5048417 0.5232945 0.5232945 0.5362849 0.5365191 0.5365191 0.4024467 0.6938880 0.6764663 0.6461893 0.6461893 0.6764663 0.6666577 0.6759849 0.6759849 0.7002427 0.7002427 0.7002427 0.7002427 0.5496899 0.5878925 0.6608256 0.6608256 0.6467973 0.5910111 0.5591545 0.5509807 0.7300287 0.6750352 0.5425915 0.6227581 0.2700140 0.3446627 0.6037906 0.9266955 0.9931663 1.0581113 0.9942624 0.9251105 0.8650224 1.0322867 0.8060269 0.6861014 0.6861014 0.9906065 1.0293378 4.0884832 0.8507228 0.9604458 1.0358428 0.7301886 0.8887270 0.9391612 0.7792365 1.3331535 1.5425629 0.7792365 1.4529125 0.0000010 
Chem_TCONS_00069359                                    0.7873153 0.6898999 0.8896546 0.7382936 0.6328738 0.6664362 0.7163946 0.5811384 0.5972902 0.5539700 0.5652094 0.5738717 0.5852974 0.4877572 0.7321168 0.7160552 0.5376300 0.6309367 0.6827859 0.2307559 0.0000000 0.4186022 0.4510999 0.4659419 0.6729865 0.5194133 0.5419436 0.5971155 0.7704762 0.7939921 0.7939921 0.6462605 0.8307343 0.6221353 0.6773985 0.5208004 0.6846271 0.6846271 0.7052334 0.6586634 0.6586634 0.6672782 0.8157669 0.7589953 0.5065419 0.5065419 0.8048559 0.6051155 0.7506260 0.7506260 0.7817856 0.7817856 0.7971022 0.7971022 0.6412086 0.6506561 0.6936508 0.6936508 0.5846237 0.7715930 0.7072891 0.7295846 0.7237528 0.7307322 0.5703677 0.7519877 0.8705266 0.8425595 0.7438577 0.7224469 0.9874504 1.0018031 0.9443991 1.0289117 0.9352310 1.0110584 0.9211846 0.8626882 0.8626882 0.8906999 0.9450190 1.5834256 0.9441007 1.0043023 1.0239100 0.9666216 0.8957012 1.0616880 0.8708797 1.0015387 1.5518242 0.9387832 1.4440141 1.1602464 
Sanmal_Sma_019404-T1                                   0.6598373 0.6097707 0.7624552 0.7382901 0.4837237 0.5026057 0.5477052 0.4690678 0.4924775 0.4809911 0.4450037 0.5216200 0.4580204 0.4081968 0.5681667 0.4217677 0.4421124 0.4539017 0.5566353 0.3177531 0.4186022 0.0000000 0.3320120 0.3143925 0.4919595 0.4663537 0.6338045 0.5074228 0.6811094 0.7008798 0.7008798 0.5810385 0.7590557 0.5691504 0.7212160 0.5497047 0.7043452 0.7043452 0.7022062 0.7320553 0.7320553 0.5065386 0.5773242 0.6540332 0.5226346 0.5226346 0.5945238 0.5346685 0.7164539 0.7164539 0.7697743 0.7697743 0.7870881 0.7870881 0.5991944 0.6200973 0.6977229 0.6977229 0.5852631 0.7618089 0.6339882 0.6458712 0.7106298 0.7288599 0.5988956 0.5582764 0.5473058 0.5758008 0.6041522 0.5727502 0.8173837 0.8649220 0.8621805 0.8592624 0.8994953 0.8847458 0.8635908 0.6811484 0.6811484 0.8959341 0.9559536 1.9213089 0.9043473 1.0810303 1.0925584 0.8762831 1.0299774 1.0502279 0.8667621 0.9787072 1.9064343 0.9268496 1.5423912 1.2215517 
Rhoesc_Res_006327-T1                                   0.6671480 0.5900674 0.8327136 0.6995745 0.5553299 0.6171640 0.6621219 0.5701761 0.5662033 0.5381354 0.5151443 0.5572098 0.5799806 0.4274012 0.7005834 0.6035252 0.5279479 0.5939851 0.6856046 0.3911892 0.4510999 0.3320120 0.0000000 0.1064282 0.6632401 0.4536204 0.5622097 0.5077568 0.7146010 0.7473783 0.7473783 0.6316749 0.7314315 0.5782212 0.7889590 0.5939558 0.7452946 0.7452946 0.8139832 0.7636686 0.7636686 0.7040117 0.7624220 0.7225532 0.5582163 0.5582163 0.6941034 0.5672114 0.6687134 0.6687134 0.8427559 0.8427559 0.8590158 0.8590158 0.6676546 0.6866831 0.7332478 0.7332478 0.6296324 0.7864622 0.6681138 0.6575566 0.7354197 0.7565445 0.7884355 0.7196354 0.7257494 0.8020551 0.8084005 0.5877053 0.9330380 0.9485185 0.9239937 0.9291639 0.9127810 1.0470436 0.9476959 0.8626723 0.8626723 0.8570990 0.8903045 1.4930199 0.9861424 1.1129827 1.1377825 0.9812388 1.0599844 0.9965398 0.9188224 0.9521115 1.9681333 1.0441761 1.2504489 1.3788914 
Nemnom_g5222.t1                                        0.6969367 0.5994964 0.8143387 0.7211372 0.5680067 0.6133223 0.6694505 0.5536771 0.5592355 0.5354781 0.5154364 0.5513832 0.5830545 0.4056130 0.6565915 0.5820665 0.5353419 0.5585312 0.7154297 0.3331485 0.4659419 0.3143925 0.1064282 0.0000000 0.6198165 0.4800955 0.5878542 0.5433791 0.7135812 0.8252753 0.8252753 0.6862485 0.7607663 0.6050117 0.7853721 0.5829458 0.7270978 0.7270978 0.8058214 0.7512246 0.7512246 0.6817827 0.7346619 0.7491623 0.5824932 0.5824932 0.7215501 0.6140461 0.7073776 0.7073776 0.8687409 0.8687409 0.8853897 0.8853897 0.7008650 0.7201370 0.7785758 0.7785758 0.6738592 0.8369554 0.7126234 0.6805242 0.7659196 0.8094694 0.7743478 0.7178825 0.7052839 0.7751164 0.8375879 0.5986527 0.9541521 0.9655610 0.8787137 0.9014043 0.9562941 0.9929123 0.9788414 0.8256536 0.8256536 0.8819677 0.9433753 1.5172094 0.9556402 1.1478188 1.1644274 1.0343398 1.1047315 1.0179043 0.9232771 0.9507304 1.8322692 1.0262982 1.2350624 1.4555648 
Spur_XM_030991627.1                                    0.8830857 0.7721826 0.9725246 0.8714902 0.7676124 0.6326666 0.6576362 0.6697177 0.6652626 0.6431099 0.6678989 0.6378689 0.6612118 0.4303859 0.6520967 0.5511379 0.5675518 0.6599562 0.6168404 0.4340819 0.6729865 0.4919595 0.6632401 0.6198165 0.0000000 0.5950865 0.4717623 0.6439162 0.8124071 0.8865425 0.8865425 0.7145029 0.8657073 0.5985767 0.7839351 0.5376125 0.7663527 0.7663527 0.7295819 0.7808498 0.7808498 0.6635974 0.7090587 0.7559109 0.5219539 0.5219539 0.6906275 0.5433948 0.6988535 0.6988535 0.8413988 0.8413988 0.8562502 0.8562502 0.7123848 0.7328522 0.7952199 0.7952199 0.5169818 0.8369130 0.7203261 0.7028592 0.7452970 0.8091816 0.5965069 0.8687660 0.9112767 0.9213429 0.9755431 0.8860280 1.0555349 1.0562833 0.9814184 1.0438890 1.0356154 1.0420998 0.9893906 1.0272896 1.0272896 1.1699728 1.2249591 1.8606849 1.2771890 1.3987591 1.3424495 1.1795764 1.4407417 1.2821781 0.9683180 0.9685174 1.9649636 1.1097966 1.9736893 1.1891331 
Plajan_Pjan_C561342_01                                 0.5848544 0.5077232 0.7210121 0.6070744 0.4500461 0.5788176 0.5675719 0.4911350 0.5093692 0.5268166 0.4797707 0.5389812 0.5110702 0.4433533 0.7009119 0.5994331 0.5045129 0.5726988 0.7067114 0.5155215 0.5194133 0.4663537 0.4536204 0.4800955 0.5950865 0.0000000 0.3874515 0.3408268 0.4766247 0.5006324 0.5006324 0.4294716 0.5563237 0.4037016 0.6287641 0.4402058 0.5785969 0.5785969 0.5832843 0.5870147 0.5870147 0.6246134 0.6674516 0.6967445 0.5833926 0.5833926 0.7527327 0.6409604 0.7441276 0.7441276 0.7761091 0.7761091 0.7920109 0.7920109 0.6512399 0.6507714 0.7052866 0.7052866 0.5599817 0.6708717 0.5827445 0.5799481 0.6884221 0.7218673 0.7706483 0.6556431 0.5240257 0.5395170 0.8467821 0.7376102 0.7954370 0.8269302 0.8106247 0.8292054 0.8404777 0.8819124 0.8389567 0.8175750 0.8175750 0.7094894 0.7501462 1.0666447 0.9176189 0.9954202 1.0099973 0.9117561 0.8983428 0.8335461 0.8813356 0.9464586 1.8125836 0.9958109 1.1957297 1.0070525 
Xestes_maker-XT_scaffold8941-augustus-gene-0.50-mRNA-1 0.7331159 0.5870259 0.9659461 0.8155162 0.5404682 0.5352216 0.5740653 0.5252899 0.5407204 0.5058717 0.4750308 0.4417172 0.5703484 0.4663929 0.6651554 0.6013586 0.7385415 0.7140033 0.6133722 0.6103390 0.5419436 0.6338045 0.5622097 0.5878542 0.4717623 0.3874515 0.0000000 0.3422777 0.3235566 0.5459807 0.5459807 0.4207003 0.4747420 0.3158629 0.5356757 0.4979246 0.5244030 0.5244030 0.5232244 0.4781645 0.4781645 0.5515398 0.7086700 0.7229738 0.7811380 0.7811380 0.7229738 0.7408057 0.7408057 0.7408057 0.8510554 0.8510554 0.8510554 0.8510554 0.6033718 0.6422399 0.8499359 0.8499359 0.7423049 0.9143574 0.6670888 0.6791864 0.8073786 0.8501928 0.3812546 0.6674552 0.0000010 9.0000000 0.7590918 1.1938939 0.9645240 0.9377514 1.0104010 1.0129017 1.0535860 1.0282221 1.2038245 1.0983502 1.0983502 1.0088007 1.0925155 3.9301424 1.2657777 1.4716866 1.4763284 1.1530443 1.0540299 1.1512144 1.0094180 1.0094180 1.6887054 1.0094180 5.3089616 0.0000010 
Opea_EP00118_Oscarella_pearsei_P000666                 0.7181730 0.6594807 0.9093330 0.7337490 0.6082858 0.5699102 0.5818857 0.4939362 0.4685692 0.4420102 0.4974183 0.4739246 0.5935119 0.3754999 0.6752148 0.6897786 0.4918167 0.5099809 0.7586633 0.5522317 0.5971155 0.5074228 0.5077568 0.5433791 0.6439162 0.3408268 0.3422777 0.0000000 0.6201554 0.5477057 0.5477057 0.4623051 0.6365498 0.4384571 0.7505217 0.5260570 0.7406051 0.7406051 0.6753489 0.7174972 0.7174972 0.7080158 0.6524702 0.6693593 0.5671357 0.5671357 0.6842256 0.5751254 0.6575987 0.6575987 0.7805636 0.7805636 0.7805636 0.7805636 0.6168668 0.5964456 0.6847202 0.6847202 0.6176315 0.6618816 0.5824921 0.5837023 0.6942604 0.7267597 0.6427067 0.6521742 0.7753354 0.8430671 0.8404026 0.8387606 0.8621472 0.8665247 0.9063369 0.9358035 0.8749797 0.9971194 1.0849294 0.9600548 0.9600548 0.9762739 0.9648403 1.6722241 1.1076181 1.2220822 1.2583858 1.0947321 1.0014558 0.9310111 0.9280604 0.9581910 1.5526723 0.9818017 1.5079749 1.6938091 
Tetwil_g6233.t1                                        0.7029412 0.6199899 0.8360918 0.6915845 0.5737480 0.7087595 0.7693440 0.6244595 0.6494825 0.6639111 0.6168556 0.6891817 0.6076539 0.5452550 0.8157807 0.8459232 0.6564639 0.6936161 0.7485846 0.6212363 0.7704762 0.6811094 0.7146010 0.7135812 0.8124071 0.4766247 0.3235566 0.6201554 0.0000000 0.5016212 0.5016212 0.4690936 0.3755374 0.2036032 0.8835926 0.5344717 0.8240245 0.8240245 0.8523871 0.7803593 0.7803593 0.8205683 0.7762347 0.9866298 0.8401961 0.8401961 1.0724166 0.9641523 0.9303448 0.9303448 1.0987064 1.0987064 1.1208665 1.1208665 0.8766949 0.8913849 1.0648143 1.0648143 0.7192424 0.9705804 0.8580425 0.8320326 1.0262998 1.0598742 0.7525347 0.8653796 0.5314839 0.5858615 1.1008050 1.1286028 1.0009246 0.9783417 0.9956170 1.0688373 0.8842255 1.0624554 1.0155394 1.1242173 1.1242173 1.0218385 1.0448667 1.4537633 1.1585252 1.2538050 1.2549359 1.2234364 1.1163080 1.1325401 1.2848096 1.1905000 2.0753803 1.4534927 1.9827680 1.1323330 
Emue_Em0018g1202a.t1                                   0.8870627 0.8242338 1.0872724 0.8405664 0.7227840 0.6688921 0.6835084 0.6836531 0.6836890 0.6939866 0.6916733 0.6808787 0.7254158 0.6126973 0.8921306 0.8108302 0.6928803 0.7132553 0.9260375 0.5694366 0.7939921 0.7008798 0.7473783 0.8252753 0.8865425 0.5006324 0.5459807 0.5477057 0.5016212 0.0000000 0.0000010 0.1043721 0.4738301 0.3916163 0.8343450 0.5085851 0.7997190 0.7997190 0.7655763 0.7520944 0.7520944 0.8056398 0.6119234 1.0477603 0.8661876 0.8661876 1.1501659 0.9951939 1.0126376 1.0126376 1.1900309 1.1900309 1.2241912 1.2241912 0.9703457 0.9703154 1.0874642 1.0874642 0.8336975 1.1785870 0.9620537 0.9424400 0.9833868 1.0715968 0.8753339 1.0328155 0.4699151 0.5836330 1.1030633 1.2270878 1.0184718 1.0359945 0.9119641 1.0222534 0.9191029 1.0713491 1.1152172 1.1747449 1.1747449 0.9341063 1.0607907 1.3184589 1.0615929 1.2303725 1.2552921 1.2340721 1.0845289 0.9071859 1.3015695 1.2633462 1.9924379 1.3479897 1.5350905 1.3948808 
Emue_Em0018g1219a.t1                                   0.8870627 0.8242338 1.0872724 0.8405664 0.7227840 0.6688921 0.6835084 0.6836531 0.6836890 0.6939866 0.6916733 0.6808787 0.7254158 0.6126973 0.8921306 0.8108302 0.6928803 0.7132553 0.9260375 0.5694366 0.7939921 0.7008798 0.7473783 0.8252753 0.8865425 0.5006324 0.5459807 0.5477057 0.5016212 0.0000010 0.0000000 0.1043721 0.4738301 0.3916163 0.8343450 0.5085851 0.7997190 0.7997190 0.7655763 0.7520944 0.7520944 0.8056398 0.6119234 1.0477603 0.8661876 0.8661876 1.1501659 0.9951939 1.0126376 1.0126376 1.1900309 1.1900309 1.2241912 1.2241912 0.9703457 0.9703154 1.0874642 1.0874642 0.8336975 1.1785870 0.9620537 0.9424400 0.9833868 1.0715968 0.8753339 1.0328155 0.4699151 0.5836330 1.1030633 1.2270878 1.0184718 1.0359945 0.9119641 1.0222534 0.9191029 1.0713491 1.1152172 1.1747449 1.1747449 0.9341063 1.0607907 1.3184589 1.0615929 1.2303725 1.2552921 1.2340721 1.0845289 0.9071859 1.3015695 1.2633462 1.9924379 1.3479897 1.5350905 1.3948808 
Spolac_c100278_g2_i1_m.21985c100278-g2                 0.6405392 0.6255788 0.8291199 0.6438491 0.5774112 0.5424695 0.5446041 0.5440885 0.5315737 0.5251985 0.5216822 0.5432370 0.5906871 0.4645798 0.6892263 0.6406852 0.5253539 0.5727302 0.8058097 0.4784756 0.6462605 0.5810385 0.6316749 0.6862485 0.7145029 0.4294716 0.4207003 0.4623051 0.4690936 0.1043721 0.1043721 0.0000000 0.3852217 0.2811934 0.7052022 0.4577238 0.6787933 0.6787933 0.6355773 0.6931922 0.6931922 0.6937805 0.5810903 0.7582062 0.6113949 0.6113949 0.7736819 0.6731335 0.7120065 0.7120065 0.8993749 0.8993749 0.9199354 0.9199354 0.6951986 0.6947758 0.8330390 0.8330390 0.5915321 0.7981292 0.7178867 0.7078140 0.7597445 0.7709545 0.6990184 0.7790857 0.4477336 0.4843932 0.9032615 0.9150419 0.9074001 0.9111704 0.7805559 0.9192569 0.8883585 0.9474366 0.9292717 0.9959119 0.9959119 0.7953487 0.9187447 1.3098721 0.9992827 1.1110814 1.1221499 1.1641893 0.9885872 0.8666286 1.0393267 1.1507840 1.7628238 1.0966720 1.4445996 1.2229170 
Stycar_maker-SC_scaffold6867-snap-gene-0.128-mRNA-1    0.7040507 0.6004883 0.8762963 0.6831066 0.5640526 0.6796278 0.6051104 0.6449296 0.6485944 0.6269375 0.6287707 0.6845602 0.6876923 0.5764763 0.8820044 0.8779847 0.6951193 0.7004597 0.9638629 0.7178911 0.8307343 0.7590557 0.7314315 0.7607663 0.8657073 0.5563237 0.4747420 0.6365498 0.3755374 0.4738301 0.4738301 0.3852217 0.0000000 0.0425312 0.8074603 0.5996266 0.7653930 0.7653930 0.7772716 0.7787264 0.7787264 0.8326597 0.8011920 0.8723051 0.7607745 0.7607745 0.9165020 0.8424193 0.8198047 0.8198047 0.9377520 0.9377520 0.9545379 0.9545379 0.8057315 0.8207506 0.9484204 0.9484204 0.8555372 0.7167369 0.7930688 0.7980053 0.8856499 0.7604210 0.8742647 0.8850361 0.4126907 0.4272163 1.1100822 0.9003064 0.9264026 0.9455540 0.8359399 0.9388241 0.9059754 0.9591747 0.9858175 1.0079119 1.0079119 0.8851545 0.9316195 1.4031527 1.0313328 1.2311431 1.1706826 1.1540896 1.1056541 0.8814931 1.0601361 1.2183499 2.0659194 1.2216689 1.4541290 1.3270826 
Stycar_maker-SC_scaffold61841-snap-gene-0.7-mRNA-1     0.4985958 0.4822483 0.6130418 0.5185802 0.4581538 0.5299748 0.4643543 0.4941508 0.4562528 0.4736050 0.4275673 0.4681249 0.5287462 0.3846361 0.6329647 0.5218043 0.5236365 0.5536563 0.6047942 0.5549224 0.6221353 0.5691504 0.5782212 0.6050117 0.5985767 0.4037016 0.3158629 0.4384571 0.2036032 0.3916163 0.3916163 0.2811934 0.0425312 0.0000000 0.5773678 0.4961106 0.5763410 0.5763410 0.5597909 0.5494999 0.5494999 0.5837763 0.5469276 0.6798750 0.6267875 0.6267875 0.6798750 0.6766167 0.7047599 0.7047599 0.7836489 0.7836489 0.7836489 0.7836489 0.5718989 0.5877839 0.6979412 0.6979412 0.6923195 0.5838996 0.5785417 0.5765101 0.6777916 0.6567620 0.6265449 0.5747576 0.2573971 0.2936456 0.8790127 0.5898184 0.7930826 0.7978416 0.7326160 0.8238900 0.7086314 0.9254683 0.7695320 0.8464932 0.8464932 0.6667270 0.7455771 1.6784487 0.9260446 1.0928446 0.9624663 0.9989394 0.9065425 0.8307141 0.8163635 1.1371527 1.4733440 0.8163635 1.4638380 1.6152072 
HoiH23_PlH23_000380-RA                                 0.7996485 0.7850363 0.9591208 0.9248321 0.7120137 0.5596616 0.6156406 0.5394670 0.5548322 0.5319442 0.5468850 0.5534089 0.6128056 0.5296526 0.8325855 0.7785283 0.5511902 0.6542270 0.8308247 0.5288836 0.6773985 0.7212160 0.7889590 0.7853721 0.7839351 0.6287641 0.5356757 0.7505217 0.8835926 0.8343450 0.8343450 0.7052022 0.8074603 0.5773678 0.0000000 0.0150524 0.0448369 0.0448369 0.0870780 0.1237549 0.1237549 0.8521183 0.7987118 0.8026287 0.6148790 0.6148790 0.8234533 0.7671791 0.7815531 0.7815531 0.8817448 0.8817448 0.8971407 0.8971407 0.7348868 0.7334284 0.8017503 0.8017503 0.6504421 0.9476372 0.8200475 0.8188448 0.9029582 0.7790873 0.6356345 0.8479197 0.9935625 0.8978256 0.9133280 1.0469581 1.0487187 1.1080310 1.0019549 1.0304917 1.0460113 1.0462672 0.9868946 1.1039566 1.1039566 0.9392758 0.9926507 1.5303148 1.0692229 1.1739785 1.1762969 1.0637086 0.9590898 1.0305235 1.0479380 1.1234916 2.1235449 1.2367709 1.7521746 1.6610244 
HoiH06_mRNA7371                                        0.6062056 0.5303429 0.7140100 0.6630114 0.4340647 0.4389869 0.4762753 0.4315819 0.4337403 0.4477610 0.4170274 0.4264988 0.4595728 0.5020609 0.5821312 0.4860223 0.4488113 0.4739081 0.5789933 0.5048417 0.5208004 0.5497047 0.5939558 0.5829458 0.5376125 0.4402058 0.4979246 0.5260570 0.5344717 0.5085851 0.5085851 0.4577238 0.5996266 0.4961106 0.0150524 0.0000000 0.0149695 0.0149695 0.0626258 0.0654745 0.0654745 0.4933509 0.5346916 0.6300696 0.6117849 0.6117849 0.6300696 0.6693198 0.6421572 0.6421572 0.6589065 0.6589065 0.6589065 0.6589065 0.5570149 0.5553879 0.6233552 0.6233552 0.6197965 0.7683234 0.6224646 0.6167376 0.7113430 0.6120656 0.4861042 0.5960523 0.3088453 0.3151379 0.6773674 0.9551181 0.7998004 0.8816315 0.7881523 0.7449696 0.9798996 0.8295817 0.7652832 0.7436410 0.7436410 0.7141247 0.7815251 3.1519163 0.9266056 0.9375278 0.9049250 0.8351714 0.7265803 0.8174238 0.8314521 1.0726123 1.4068126 0.8314521 2.1184744 9.0000000 
HoiH04_mRNA12800                                       0.7711061 0.7799982 0.9315600 0.9229518 0.6786710 0.5443464 0.5861442 0.5332155 0.5513577 0.5350438 0.5373667 0.5565375 0.5884032 0.5258300 0.7975955 0.7847970 0.5484380 0.6153478 0.8553019 0.5232945 0.6846271 0.7043452 0.7452946 0.7270978 0.7663527 0.5785969 0.5244030 0.7406051 0.8240245 0.7997190 0.7997190 0.6787933 0.7653930 0.5763410 0.0448369 0.0149695 0.0000000 0.0000010 0.0933356 0.1399642 0.1399642 0.8177785 0.7582324 0.7527701 0.6105119 0.6105119 0.7963557 0.7573424 0.7663236 0.7663236 0.8596271 0.8596271 0.8748182 0.8748182 0.6913000 0.6899153 0.7731040 0.7731040 0.6456670 0.9285368 0.7900514 0.7887870 0.8669375 0.7651700 0.6725022 0.8367673 0.9296852 0.8435376 0.9314987 0.9692298 1.0446367 1.1039339 0.9554780 0.9962410 1.0453393 1.0022867 0.9469478 1.0614716 1.0614716 0.8814481 0.9563010 1.4212737 1.0093990 1.0994126 1.1199989 1.0430431 0.9223848 0.9442648 1.0464489 1.1090082 2.1834333 1.2417068 1.7529576 1.4592553 
Hhon_g06979.t1                                         0.7711061 0.7799982 0.9315600 0.9229518 0.6786710 0.5443464 0.5861442 0.5332155 0.5513577 0.5350438 0.5373667 0.5565375 0.5884032 0.5258300 0.7975955 0.7847970 0.5484380 0.6153478 0.8553019 0.5232945 0.6846271 0.7043452 0.7452946 0.7270978 0.7663527 0.5785969 0.5244030 0.7406051 0.8240245 0.7997190 0.7997190 0.6787933 0.7653930 0.5763410 0.0448369 0.0149695 0.0000010 0.0000000 0.0933356 0.1399642 0.1399642 0.8177785 0.7582324 0.7527701 0.6105119 0.6105119 0.7963557 0.7573424 0.7663236 0.7663236 0.8596271 0.8596271 0.8748182 0.8748182 0.6913000 0.6899153 0.7731040 0.7731040 0.6456670 0.9285368 0.7900514 0.7887870 0.8669375 0.7651700 0.6725022 0.8367673 0.9296852 0.8435376 0.9314987 0.9692298 1.0446367 1.1039339 0.9554780 0.9962410 1.0453393 1.0022867 0.9469478 1.0614716 1.0614716 0.8814481 0.9563010 1.4212737 1.0093990 1.0994126 1.1199989 1.0430431 0.9223848 0.9442648 1.0464489 1.1090082 2.1834333 1.2417068 1.7529576 1.4592553 
HoiH11_mRNA9427                                        0.7494476 0.8061425 0.8819533 0.8917670 0.6332239 0.5863627 0.6304655 0.5757215 0.5778616 0.5796638 0.5624734 0.5638879 0.6132318 0.5210554 0.7282404 0.6313182 0.5738562 0.6338397 0.7863320 0.5362849 0.7052334 0.7022062 0.8139832 0.8058214 0.7295819 0.5832843 0.5232244 0.6753489 0.8523871 0.7655763 0.7655763 0.6355773 0.7772716 0.5597909 0.0870780 0.0626258 0.0933356 0.0933356 0.0000000 0.1499917 0.1499917 0.6894639 0.6935192 0.7869043 0.6311165 0.6311165 0.7187679 0.6940273 0.8347903 0.8347903 0.8607501 0.8607501 0.8607501 0.8607501 0.7404317 0.7387066 0.8020058 0.8020058 0.6310962 0.9640733 0.8094675 0.8054642 0.9497414 0.8028252 0.5974959 0.6982695 0.8068967 0.7524695 0.7788998 1.0922506 0.9924297 1.0317878 0.9586866 0.9757202 1.0306113 0.9644669 0.9372493 0.9444185 0.9444185 0.8435640 0.9142053 1.8005649 1.0496094 1.1305056 1.1220978 0.9442082 0.8336311 0.9474774 0.9821825 1.0611628 1.6425657 0.9896341 2.0581989 1.8661549 
TrH2_TrispH2_000325-RA                                 0.7688467 0.7645551 0.9363358 0.8533758 0.6672609 0.4982240 0.5427059 0.5009015 0.5368653 0.5289472 0.5247882 0.5249242 0.5858063 0.4883500 0.7979971 0.7888334 0.5509690 0.6238940 0.7427977 0.5365191 0.6586634 0.7320553 0.7636686 0.7512246 0.7808498 0.5870147 0.4781645 0.7174972 0.7803593 0.7520944 0.7520944 0.6931922 0.7787264 0.5494999 0.1237549 0.0654745 0.1399642 0.1399642 0.1499917 0.0000000 0.0000010 0.7900001 0.7712070 0.7488951 0.5855145 0.5855145 0.7577222 0.6851454 0.7454270 0.7454270 0.8710682 0.8710682 0.8867676 0.8867676 0.6905410 0.6891360 0.8050034 0.8050034 0.5806570 0.9480182 0.8183312 0.8049283 0.8875669 0.7731208 0.6199370 0.8260283 0.8567880 0.8678080 0.8539254 0.9586049 1.0855623 1.1206516 0.9703076 1.0210834 1.0362883 1.0107354 0.9960036 1.0663634 1.0663634 0.9358732 0.9718099 1.3104859 0.9907787 1.1320816 1.1191036 1.0325575 0.9600940 1.0454284 1.0447647 1.1511278 2.1913501 1.2365080 1.7113451 1.6447500 
