88
Emue_Em0015g863a.t1                                0.0000000 0.8562357 0.0535088 0.5193478 0.2766092 0.8599926 0.7259799 0.8212930 0.7701764 0.9423708 0.5138211 1.4550070 1.5570699 1.3399383 1.4931103 1.3817439 1.4067655 1.4916814 1.4477034 1.4478140 0.9092107 0.8956419 0.9614647 1.5969224 6.7402285 8.9999985 1.4092256 1.4092256 1.5507313 0.9487427 1.3646199 2.8001186 1.3264932 1.3179558 1.2835583 1.2733035 1.3272999 1.6349006 1.5828634 1.8183375 1.4327987 1.3451178 1.7172122 1.8212241 1.7703128 1.8221964 1.7907316 1.8649154 1.8656677 1.4641367 1.4851068 1.7478644 1.6803138 1.7183148 3.4069702 1.9085250 1.6629918 1.9649015 1.8621761 1.8116705 1.8860391 1.8860391 1.8935096 1.7983786 1.9868910 2.7003388 2.8030557 3.8657385 3.9197177 3.3818442 3.6046318 3.2092955 3.1841440 3.5492920 4.4412845 3.8313675 4.0635402 3.4573135 3.4840480 2.9612651 3.2916792 2.8972184 3.1216429 3.8128379 3.1574554 4.0676567 3.6818600 3.9853302 
Emue_Em0015g824a.t1                                0.8562357 0.0000000 2.2289011 2.3293132 2.1317388 2.3212183 2.4746187 2.7489163 2.6709145 3.0735523 2.2824176 3.0481353 3.7692075 2.9211193 2.9637959 3.5295791 3.0778252 3.3789160 2.5301945 2.5301945 2.2667738 2.4666787 3.3321070 2.8163538 0.0000010 0.0000010 2.1988735 2.1988735 2.6860405 2.0109676 3.3010556 0.0000010 2.2812889 2.9512511 3.1717162 3.0104908 2.7652534 2.9132842 3.3084407 3.4867031 4.3845907 3.6042752 3.9384953 3.7617086 3.7584052 3.7584052 3.5360239 3.8086955 3.8086955 2.8474106 2.2018363 2.6093172 2.3159085 2.5126118 2.2371941 3.3349603 3.3349603 4.0753842 4.9687634 4.0113912 9.0000000 9.0000000 3.6416118 8.9999985 3.7276140 8.9999982 7.3751403 7.3751403 8.9999982 5.8659624 8.9999987 8.9999987 6.2823035 5.1275468 4.1086878 3.2350332 4.9875928 3.9123300 5.9688416 4.4602011 4.9994667 5.4737517 5.4737517 7.8194856 5.8782178 8.1663464 8.1663464 5.7338825 
Emue_Em0015g825a.t1                                0.0535088 2.2289011 0.0000000 0.3310998 0.2010617 0.6362415 0.5271618 0.6176769 0.5929090 0.8546138 0.4475895 1.2128138 1.3385314 1.1235372 1.2712588 1.2113192 1.1848022 1.3257048 1.2336860 1.2347257 0.7553696 0.7900866 0.9927734 1.3205997 5.7026265 8.9999988 1.2091288 1.2091288 1.2933296 0.7634733 1.2730375 2.5128371 1.1728413 1.1456501 1.1129434 1.1178216 1.1719789 1.3739762 1.3463421 1.5706606 1.2456261 1.1575927 1.5240219 1.6612739 1.5827524 1.6279528 1.5961431 1.6065179 1.6068262 1.2119702 1.3130104 1.5366529 1.4874693 1.4560010 3.1912720 1.6991521 1.5258638 1.7909879 1.7529468 1.5904861 1.6688345 1.6688345 1.7354536 1.6640226 1.7541981 2.4823443 2.5741926 3.4429166 3.4516454 3.2370745 3.2126315 3.0045510 2.9801724 3.2947456 3.8755137 3.0190148 3.7643509 2.8347365 3.3286048 2.7533809 2.9478099 2.7441471 3.0156531 3.7423104 3.1980527 3.9417008 3.3708173 4.0315005 
Spolac_c101120_g1_i1_m.24588c101120-g1             0.5193478 2.3293132 0.3310998 0.0000000 0.2308571 0.5346035 0.7010639 0.6072906 0.5865267 0.8468465 0.5734489 1.1079103 1.0885742 1.0621561 1.1718823 1.1223667 1.1182575 1.2117894 1.0885161 1.0874714 0.7135938 0.8276664 1.0839473 1.1663285 2.0864462 1.6975668 1.1226377 1.1226377 1.1161817 0.7019594 1.2474316 1.8011711 1.1596864 1.0689926 1.0815118 1.0897715 1.1385035 1.2920596 1.4545572 1.5995461 1.3130419 1.0727436 1.3565715 1.4435759 1.3648786 1.4049177 1.4122814 1.3934651 1.3934570 1.0471761 1.1646414 1.2936982 1.3113761 1.3378114 2.2246586 1.6711853 1.5502330 1.7918036 1.8583750 1.4259459 1.6447692 1.6447692 1.7631268 1.7492990 1.7002780 3.4705847 3.4117828 3.4883781 3.5385938 3.2063530 3.3031100 3.3918311 2.8244591 3.8116787 4.2028921 3.2350174 3.8378151 3.0738692 3.6037706 3.1747000 3.0492503 2.4957355 3.3280719 4.0253863 3.7071149 3.5906362 3.6628028 4.5223797 
Stycar_maker-SC_scaffold3799-snap-gene-0.59-mRNA-1 0.2766092 2.1317388 0.2010617 0.2308571 0.0000000 0.3783790 0.3646986 0.4946661 0.4632394 0.5473774 0.3290392 0.8875182 0.8892566 0.8494118 0.9754315 0.8057455 0.8877579 0.9628462 0.8390809 0.8476022 0.7871143 0.8396971 0.7488595 0.9217681 1.3797165 2.0513559 0.8840144 0.8840144 0.8857417 0.7731733 0.7467582 1.9937001 0.8298078 0.8096114 0.8098383 0.8147750 0.8240934 1.0918666 1.0884261 1.3020260 0.9056377 0.8419485 1.2298571 1.2644546 1.3094329 1.3094329 1.2683561 1.2741873 1.2741873 0.8634847 0.9469713 1.0447594 1.0718644 1.0007308 3.5584780 1.4844763 1.3292286 1.5597426 1.5703208 1.4483800 1.5918490 1.5918490 1.5853599 1.4727877 1.4322595 2.5951740 2.7274445 2.8571297 2.7466527 2.8487192 3.1083131 3.0163953 2.9589972 2.9676245 3.2359374 2.7869424 2.9406683 2.5651609 3.1308608 2.3087947 2.7599671 2.6733814 2.7260520 2.7310128 2.8328412 3.5754170 3.2004000 3.3553650 
Tetwil_g8931.t1                                    0.8599926 2.3212183 0.6362415 0.5346035 0.3783790 0.0000000 0.6361238 0.6334262 0.5418478 0.7734600 0.3638202 1.1380817 1.0950008 1.1040293 1.1933539 1.1339830 1.1850141 1.1939864 1.0720466 1.0513567 0.7456660 0.9980635 1.0885570 1.1575194 1.8347590 1.3074150 1.0800461 1.0800461 1.1176054 0.7186806 1.2466365 1.6160808 1.1371611 0.9416552 0.9635242 1.0087789 1.0948364 1.3658832 1.4170108 1.7523536 1.3799555 1.1180452 1.3887834 1.4501293 1.3570940 1.3847337 1.4793191 1.3688075 1.3643835 1.1992027 1.1776793 1.2911271 1.3938496 1.3064445 2.2264498 1.5680723 1.4141311 1.7545445 1.8498033 1.5483979 1.7923594 1.7923594 1.7727857 1.7798398 1.7910589 3.9342904 3.6285981 3.8972937 4.1668915 3.1009200 3.3774471 3.2367986 2.6845299 3.4409906 4.4653650 3.2214350 4.3811024 2.9652381 3.4318843 3.2593683 3.1226353 2.4815813 3.2633140 4.2508319 3.7402650 3.5710844 3.6677777 5.1965642 
Xestes_maker-XT_scaffold4-augustus-gene-0.8-mRNA-1 0.7259799 2.4746187 0.5271618 0.7010639 0.3646986 0.6361238 0.0000000 0.3958286 0.4323541 1.0074678 0.8214035 1.3413986 1.2306035 1.3003379 1.4125294 1.3902067 1.4080805 1.5365504 1.3185920 1.3046078 0.7885200 0.9858359 1.1953743 1.3769551 2.7488451 2.7632717 1.3627542 1.3627542 1.4824571 0.7940547 1.5530931 2.5964734 1.3495810 1.1741549 1.1981767 1.2810770 1.3045097 1.6683812 1.5502160 1.8824140 1.5034030 1.2555594 1.6377353 1.7342255 1.6106756 1.6348682 1.6764719 1.5624294 1.5668125 1.2847874 1.4502908 1.4367898 1.4920779 1.3229761 2.6083140 1.6905808 1.4671449 1.8035006 1.9062217 1.6303856 2.0356883 2.0356883 2.0475736 1.9396244 2.0644956 3.7855894 3.8033130 4.1320269 4.1460759 3.1662704 3.4126893 2.9339978 2.8914257 3.4797742 3.9498931 2.9837656 4.0663832 2.9846275 4.2877322 3.5801411 3.2959278 2.5426749 3.4705006 4.1636547 3.3740756 3.7435695 3.9632704 4.2134998 
Aque_Aqu2.1.33654_001                              0.8212930 2.7489163 0.6176769 0.6072906 0.4946661 0.6334262 0.3958286 0.0000000 0.1615594 0.8070081 0.9230736 1.0976470 1.0439527 1.0889730 1.2370950 1.2244229 1.2985902 1.2259526 1.1483993 1.1371284 0.8187633 1.0510080 1.2634836 1.2378433 1.7790356 1.0508994 1.1990392 1.1990392 1.2593580 0.8102017 1.3888448 1.7424607 1.2495007 1.1446138 1.1521655 1.1376759 1.1907281 1.3004368 1.3967975 1.7706623 1.4146589 1.1079089 1.4641109 1.5042093 1.3937233 1.4156686 1.4371087 1.3501901 1.3538810 1.1277917 1.1472089 1.2932316 1.3336840 1.3353387 2.2760006 1.5909834 1.4931283 1.6508268 1.7360603 1.5155114 1.8143488 1.8143488 1.7783866 1.7524707 1.8480102 3.4555921 3.5422390 3.7541007 3.7039873 2.9214992 3.1045546 2.9846213 2.5888656 3.4314004 4.3739333 3.2007123 4.0682444 3.0415168 3.8839524 3.1798509 2.9190119 2.6825375 3.6819522 4.1888457 3.5233263 3.5731592 3.6857016 4.7697661 
Halamb_c46802_g1_i4mm.2066                         0.7701764 2.6709145 0.5929090 0.5865267 0.4632394 0.5418478 0.4323541 0.1615594 0.0000000 0.7367723 0.8746501 1.1051745 1.0334443 1.0704157 1.2260518 1.1690956 1.2500446 1.2608979 1.0642644 1.0565507 0.7907948 1.0100326 1.1578798 1.1227480 1.7371736 1.0156440 1.1127077 1.1127077 1.1578765 0.7891011 1.2913011 1.5039976 1.1700489 1.0620493 1.1150635 1.1031638 1.1244214 1.3262292 1.4142529 1.7337540 1.3361830 1.0253626 1.3758015 1.4220441 1.2860604 1.3078225 1.3419091 1.2815205 1.2850957 1.1173222 1.0966940 1.1894760 1.2296516 1.2793656 2.0839161 1.5904754 1.5401310 1.6646009 1.7975764 1.5459682 1.8262348 1.8262348 1.7986494 1.7987374 1.8146319 3.4263050 3.5231694 3.6168835 3.5501833 3.1217396 3.2637052 3.2654512 2.5986472 3.2114476 4.2446977 3.2144008 3.9249602 3.0424145 3.9556362 3.2564146 2.8975711 2.6789237 3.6211949 4.0858136 3.5168392 3.8032474 3.9667524 4.6465777 
Plespi_Pspi_scaffold11909_01                       0.9423708 3.0735523 0.8546138 0.8468465 0.5473774 0.7734600 1.0074678 0.8070081 0.7367723 0.0000000 0.8215725 1.0353939 1.0114581 1.0000692 1.0385161 0.9778418 0.9919689 1.0050505 1.0223693 1.0232948 0.8288656 1.0377334 1.2623506 1.0752940 1.4752436 0.7874179 0.9826052 0.9826052 1.0722061 0.7846275 1.0841976 1.2984568 1.1160009 1.0547694 1.0849302 1.0836600 1.1614026 1.1934001 1.2772041 1.4740234 1.2749457 0.9742570 1.2133190 1.2423922 1.2057472 1.2352214 1.2721846 1.2218339 1.2179437 1.1245500 1.1317854 1.2186395 1.2812687 1.2562719 1.9995983 1.4433676 1.3740519 1.6376518 1.6739186 1.4363836 1.5482568 1.5482568 1.5400174 1.4483491 1.5688259 3.0297736 2.9519412 3.0430957 3.1078897 3.1111279 3.0662982 2.9192517 2.5726577 3.2926775 4.7395472 3.2013893 4.3017014 3.1079754 3.7687315 3.1229272 2.9455265 2.4583874 3.2985453 4.4676076 3.7416762 3.4518030 3.3977527 4.7252176 
Tetwil_g8927.t1                                    0.5138211 2.2824176 0.4475895 0.5734489 0.3290392 0.3638202 0.8214035 0.9230736 0.8746501 0.8215725 0.0000000 1.0651289 1.0160891 1.0237981 1.0929070 1.0396293 1.0436543 1.1488603 1.0306419 1.0312816 0.7316655 0.8730386 0.8475241 1.1280231 2.4142687 2.2551558 0.9943415 0.9943415 1.0535776 0.7750941 1.1200896 2.1201832 1.0394586 0.9049352 0.9254622 0.9255811 1.0180470 1.2283355 1.2546629 1.4346270 1.1202522 1.0660059 1.4476170 1.4828264 1.4876856 1.4876856 1.4884003 1.4472423 1.4472423 1.1734231 1.1666178 1.4287331 1.4627310 1.3910661 2.9956761 1.5156461 1.3924230 1.6329974 1.7408737 1.5840570 1.6090583 1.6090583 1.6255072 1.5720537 1.5326508 3.3308814 3.0443587 3.0275424 3.2796825 2.7408684 2.8906668 3.1168611 2.6449604 2.9868039 3.6997999 2.4539725 3.6283160 2.3561182 3.3699265 2.7105449 2.5919221 2.2997810 2.6417483 3.1505972 3.1887301 3.3231098 3.3112893 3.9967333 
Bralan_BLAG01001928_4                              1.4550070 3.0481353 1.2128138 1.1079103 0.8875182 1.1380817 1.3413986 1.0976470 1.1051745 1.0353939 1.0651289 0.0000000 0.2634370 0.3450439 0.4810219 0.4436265 0.4299409 0.4987461 0.6188612 0.6157367 0.4562277 0.5415297 0.6887973 0.6028933 1.1906216 0.5133951 0.5694366 0.5694366 0.5654764 0.4214091 0.6988033 0.9328181 0.8178383 0.6953856 0.7167486 0.6952166 0.7910550 0.6292310 0.7622672 1.0301596 1.0424363 0.8682873 0.9613352 1.0343554 1.0111325 1.0397714 1.0339458 0.9986086 0.9925652 1.0382393 0.9623150 1.1336652 1.1586666 1.2182766 1.6975157 1.3009960 1.1529042 1.4954583 1.4635780 1.2754588 1.4351475 1.4351475 1.4252347 1.4319140 1.3065261 3.1741929 2.9760515 3.1212342 3.2825758 2.5905822 2.7069096 2.5881661 2.3058059 2.8489486 3.7276727 2.9381773 3.9809564 2.3385739 3.7434217 3.0684009 2.5527166 2.2815438 3.0789492 4.4496544 3.4220551 3.1922797 3.0970481 4.0800346 
Hsap_ENST00000317058                               1.5570699 3.7692075 1.3385314 1.0885742 0.8892566 1.0950008 1.2306035 1.0439527 1.0334443 1.0114581 1.0160891 0.2634370 0.0000000 0.4006799 0.5215452 0.4232801 0.4424496 0.4997116 0.6664411 0.6611851 0.4013028 0.5529395 0.7784123 0.6790702 1.2379564 0.6193671 0.5955194 0.5955194 0.5940499 0.3666236 0.7448159 1.0593380 0.8160790 0.7676863 0.7676138 0.7192630 0.8430256 0.6575586 0.7437606 1.0556627 0.9549380 0.8804686 0.9781338 1.0674564 1.0248179 1.0513364 1.0568230 1.0332509 1.0269412 1.1758650 0.9984693 1.1751075 1.2272805 1.2500101 1.8136227 1.3841376 1.2596955 1.5307517 1.4696186 1.3469792 1.5060221 1.5060221 1.4866021 1.4571497 1.3992569 3.3297004 2.9516158 2.9810945 3.2500108 2.6783260 2.9221940 2.5816055 2.3260325 3.2624741 3.9402014 3.4807826 4.3273138 2.4290867 3.8665461 2.9770930 2.6271138 2.2628812 3.0795167 4.6964541 3.5395436 3.0446277 3.1714847 4.1773736 
Skow_XM_002730413.2                                1.3399383 2.9211193 1.1235372 1.0621561 0.8494118 1.1040293 1.3003379 1.0889730 1.0704157 1.0000692 1.0237981 0.3450439 0.4006799 0.0000000 0.4934180 0.5203146 0.5151344 0.6039765 0.6147414 0.6136952 0.4481836 0.5450650 0.7176554 0.6087261 1.2793276 0.5505116 0.6049503 0.6049503 0.5833199 0.4076269 0.7794056 1.0270480 0.7890819 0.6523859 0.7006764 0.6905477 0.7412709 0.6106234 0.7541860 1.0319669 1.0135451 0.8470272 1.0802302 1.1659546 1.1040858 1.1320454 1.1628452 1.1155568 1.1090827 0.9088902 0.8618184 1.1852320 1.2051391 1.3042311 1.8474762 1.2875709 1.1466776 1.4656022 1.4176888 1.2646394 1.4270508 1.4270508 1.3879097 1.4198887 1.2876645 3.5876000 3.3144721 3.2462438 3.4289716 2.7806523 2.9693253 2.9319517 2.4260830 3.1365163 3.7864594 3.1421180 3.8702377 2.4160518 3.4264046 2.9739822 2.6137318 2.4227524 3.4726217 4.6011810 3.3914729 3.2561451 3.1610226 4.0527507 
Cscu_XM_023370912.1                                1.4931103 2.9637959 1.2712588 1.1718823 0.9754315 1.1933539 1.4125294 1.2370950 1.2260518 1.0385161 1.0929070 0.4810219 0.5215452 0.4934180 0.0000000 0.4799754 0.4648791 0.5425748 0.7453021 0.7315098 0.6193349 0.7461959 0.8792441 0.7644860 1.2232600 0.6415157 0.7107989 0.7107989 0.7168582 0.5542320 0.8506299 1.0360377 0.9110284 0.8611773 0.8712001 0.8148709 0.9369363 0.6649866 0.6274673 0.7682573 0.9886048 0.9335927 1.1173797 1.1820816 1.1507698 1.1762360 1.2038955 1.1723227 1.1651388 1.1977841 1.1135339 1.2974182 1.3169255 1.4003588 1.9344310 1.3880718 1.2684691 1.4784911 1.4549968 1.3012752 1.4394800 1.4394800 1.4182612 1.4133805 1.4404409 3.2406137 3.0044438 3.0713403 3.2422111 2.6790028 2.8214457 2.7287816 2.3005221 3.2477841 4.0790679 3.0123640 4.0046670 2.3940894 3.8142184 2.9777882 2.6585611 2.5339263 3.1985968 5.0544928 3.6515541 3.4061050 3.2830308 3.9757703 
Acagra_model.g14958.t1                             1.3817439 3.5295791 1.2113192 1.1223667 0.8057455 1.1339830 1.3902067 1.2244229 1.1690956 0.9778418 1.0396293 0.4436265 0.4232801 0.5203146 0.4799754 0.0000000 0.2229006 0.4347554 0.7389455 0.7273066 0.6490929 0.7100860 0.6405944 0.7379623 1.3784023 0.6327905 0.6926665 0.6926665 0.7094589 0.6110664 0.7745416 0.9946305 0.8694986 0.7945991 0.8234907 0.8186497 0.9032413 0.6803126 0.7257994 0.9443208 1.1668684 0.9057706 1.0576927 1.0873706 1.1132371 1.1433591 1.1297936 1.0994526 1.0928554 1.0987535 0.9923260 1.1414573 1.1870557 1.2076780 1.7358311 1.3730270 1.3044601 1.4247621 1.4984849 1.2986468 1.4036737 1.4036737 1.4107442 1.4247566 1.3167773 3.2954785 3.0247997 2.9961647 3.1792791 2.7639428 2.8780697 2.6514929 2.5452715 3.2056083 4.0915219 3.3392623 4.0504796 2.4928283 3.7784598 3.0586452 2.6191660 2.6319274 3.4745967 4.8715804 3.8809099 3.5274511 3.5826215 3.9689979 
Cgig_XM_011451503.3                                1.4067655 3.0778252 1.1848022 1.1182575 0.8877579 1.1850141 1.4080805 1.2985902 1.2500446 0.9919689 1.0436543 0.4299409 0.4424496 0.5151344 0.4648791 0.2229006 0.0000000 0.4123795 0.7040196 0.6927209 0.5926384 0.6763894 0.7253754 0.6730636 1.3864563 0.7648390 0.6816184 0.6816184 0.6641720 0.5634063 0.7710873 0.9153865 0.8531063 0.8128881 0.8073021 0.8040556 0.8155813 0.7172255 0.7377366 0.9534036 1.0732106 0.8423221 1.0235361 1.1067598 1.1045897 1.1342733 1.1252211 1.0813802 1.0749401 1.0610870 0.9502044 1.2022320 1.1848946 1.3088122 1.7756936 1.2820873 1.2169922 1.4395534 1.3428571 1.3076976 1.3514800 1.3514800 1.3640435 1.3105518 1.2757836 3.5334004 3.1688434 2.9889574 3.2113052 2.6600752 2.7040894 2.9057280 2.3991037 3.0907490 4.0243574 3.5662488 4.0396823 2.3347986 3.5738848 2.8227807 2.5675155 2.3851723 3.1876780 4.5572741 3.7332665 3.5215142 3.1995949 3.7279791 
Ctel_gnl_WGS_AMQN_CAPTEDRAFT_mRNA220415            1.4916814 3.3789160 1.3257048 1.2117894 0.9628462 1.1939864 1.5365504 1.2259526 1.2608979 1.0050505 1.1488603 0.4987461 0.4997116 0.6039765 0.5425748 0.4347554 0.4123795 0.0000000 0.8092395 0.7927353 0.6637433 0.7735213 0.7694625 0.8059756 1.5923300 0.8378363 0.7562991 0.7562991 0.6974372 0.6115807 0.8084372 0.9869421 0.9170545 0.8753686 0.8904905 0.8677586 0.8723242 0.7842441 0.8641417 1.0958609 1.1129343 0.9425351 1.0152688 1.0514598 1.0536962 1.0771380 1.0778723 1.1030420 1.0964692 1.1454076 0.9898663 1.2338797 1.3590513 1.3169116 1.8042367 1.2703580 1.1515499 1.4172872 1.4768734 1.2556674 1.4431174 1.4431174 1.4485380 1.3743300 1.3788446 3.4908185 3.0889402 3.0187684 3.2864495 2.7289140 2.8449334 2.6019409 2.3605804 3.0121195 3.8481557 3.3921192 3.8542951 2.4312727 3.3832735 3.0115565 2.6169577 2.1864806 2.9553635 4.5571073 3.7481652 3.2515678 3.0919194 3.7959732 
Spis_XP_022808172_1                                1.4477034 2.5301945 1.2336860 1.0885161 0.8390809 1.0720466 1.3185920 1.1483993 1.0642644 1.0223693 1.0306419 0.6188612 0.6664411 0.6147414 0.7453021 0.7389455 0.7040196 0.8092395 0.0000000 0.0134295 0.0883870 0.1478371 0.1239646 0.1355992 0.5613175 0.1672439 0.2628164 0.2628164 0.2949329 0.0684180 0.5961287 0.7666954 0.7469814 0.7402933 0.7915727 0.7562700 0.8256117 0.8811513 0.9815014 1.2483237 1.0376033 0.8141832 1.0549784 1.0934309 1.0807858 1.1097845 1.1143384 1.0540280 1.0479018 1.0485901 1.0394591 1.0714497 1.1718470 1.1602238 1.7190720 1.3187617 1.2020037 1.3783796 1.4602358 1.3136454 1.3990053 1.3990053 1.3308296 1.3724114 1.3122079 3.2149842 2.8886192 3.0489718 3.3081197 2.7072235 2.8567013 2.9691177 2.4540937 3.2002625 4.2149806 3.1363072 4.5220740 2.4019942 3.5212881 3.1800160 2.8064500 2.4574278 3.2598431 4.4248029 3.7609457 3.4830780 3.2714616 4.7018080 
Pocdam_XM_027181996.1                              1.4478140 2.5301945 1.2347257 1.0874714 0.8476022 1.0513567 1.3046078 1.1371284 1.0565507 1.0232948 1.0312816 0.6157367 0.6611851 0.6136952 0.7315098 0.7273066 0.6927209 0.7927353 0.0134295 0.0000000 0.0881581 0.1482651 0.1234747 0.1400055 0.5615842 0.1672439 0.2719876 0.2719876 0.2956479 0.0682093 0.5957280 0.7525492 0.7321763 0.7190931 0.7818973 0.7469637 0.8190843 0.8769562 0.9788542 1.2706205 1.0253419 0.8072892 1.0391244 1.0864939 1.0646552 1.0935072 1.1121025 1.0518511 1.0457326 1.0402363 1.0401223 1.0554795 1.1546900 1.1432410 1.7211455 1.3093113 1.1901820 1.3803976 1.4342002 1.3046240 1.3891746 1.3891746 1.3224254 1.3624039 1.3038406 3.3075934 2.9598102 3.1163346 3.3903112 2.6633136 2.8039244 2.8852358 2.4002839 3.1687190 4.1501674 3.0931107 4.4516987 2.4057030 3.4781041 3.1527374 2.7933502 2.3837291 3.1792304 4.4345840 3.7364067 3.4367725 3.2668423 4.7402208 
Gasp_gasp1.m3.28948.m1                             0.9092107 2.2667738 0.7553696 0.7135938 0.7871143 0.7456660 0.7885200 0.8187633 0.7907948 0.8288656 0.7316655 0.4562277 0.4013028 0.4481836 0.6193349 0.6490929 0.5926384 0.6637433 0.0883870 0.0881581 0.0000000 0.0932727 0.0585553 0.1466759 0.9581862 0.0000010 0.2324587 0.2324587 0.2435721 0.0226811 0.4348353 1.1204106 0.5160271 0.5406427 0.5385444 0.5391765 0.5827395 0.6427748 0.6937771 1.0818500 0.7127828 0.6768014 0.9654015 0.9478175 0.9798026 0.9798026 0.9710371 0.9212082 0.9212082 0.8227068 0.9124280 1.0271844 1.0366544 1.0886843 4.2429554 1.0304657 0.9551403 1.2855778 1.0363910 1.1142382 1.1506212 1.1506212 1.0271652 0.9814128 1.0502235 2.4337098 2.1326850 2.1585008 2.4697532 2.2821834 2.2959674 2.5563277 2.2035389 2.4790056 3.1372642 3.1542957 3.1810875 1.9039874 2.4187195 2.0803670 2.0115421 2.0783326 2.2228904 3.2811832 2.5786927 2.7334355 2.7354582 3.0033376 
Adig_XM_015919822.1                                0.8956419 2.4666787 0.7900866 0.8276664 0.8396971 0.9980635 0.9858359 1.0510080 1.0100326 1.0377334 0.8730386 0.5415297 0.5529395 0.5450650 0.7461959 0.7100860 0.6763894 0.7735213 0.1478371 0.1482651 0.0932727 0.0000000 0.1742549 0.0696313 2.6878736 0.0000010 0.2892119 0.2892119 0.3367155 0.1075766 0.5291631 2.9693062 0.6041962 0.6735588 0.6752675 0.6807595 0.7053555 0.7342056 0.8882197 1.1086169 0.7621721 0.7691327 0.9564741 0.9695272 1.0057629 1.0057629 0.9352548 0.9522709 0.9522709 0.9057606 1.0971812 1.2834071 1.3248722 1.3380630 3.2707466 1.0184215 1.0184215 1.1792336 1.4628873 1.1409019 1.3672038 1.3672038 1.2251858 1.2856868 1.2146475 2.4992274 2.3086503 2.4550877 2.6675206 2.3398222 2.5079478 2.4291442 2.2378597 2.7566022 3.0012493 2.3861400 3.3438676 2.0139913 3.2048325 2.5475046 2.4109436 2.1743540 2.3899474 3.8199832 3.0290826 3.2466928 2.9998364 3.5096449 
Gfas_gfas1.m1.21888.m1                             0.9614647 3.3321070 0.9927734 1.0839473 0.7488595 1.0885570 1.1953743 1.2634836 1.1578798 1.2623506 0.8475241 0.6887973 0.7784123 0.7176554 0.8792441 0.6405944 0.7253754 0.7694625 0.1239646 0.1234747 0.0585553 0.1742549 0.0000000 0.1612251 2.7540464 0.0000010 0.2512375 0.2512375 0.3293408 0.1045225 0.6240253 1.3167314 0.7731815 0.8428811 0.8316293 0.8847554 0.8737730 0.8386871 1.0493663 1.1409222 1.1050844 1.0781045 1.0697980 1.1344784 1.1441815 1.2187148 1.2038477 1.1019368 1.0888086 1.1576071 1.1573702 1.4328330 1.4880461 1.4666095 2.2043045 1.0400798 1.0400798 1.1153191 1.3677723 1.1131722 1.2082466 1.2082466 1.2127456 1.2192348 1.1591212 2.4425391 2.4425391 3.2025856 3.2025856 2.4403201 2.5544151 2.1577364 2.4298788 2.6984564 3.6951865 1.7268705 3.9088106 2.4011091 3.3712093 2.7243406 2.7757874 1.8428756 2.1899516 4.0187461 2.9466366 2.9139437 2.6962078 3.7128985 
Amil_Amillepora22982-RA                            1.5969224 2.8163538 1.3205997 1.1663285 0.9217681 1.1575194 1.3769551 1.2378433 1.1227480 1.0752940 1.1280231 0.6028933 0.6790702 0.6087261 0.7644860 0.7379623 0.6730636 0.8059756 0.1355992 0.1400055 0.1466759 0.0696313 0.1612251 0.0000000 0.6435329 0.2010654 0.2795690 0.2795690 0.3152944 0.1181228 0.6687525 0.9002194 0.8027748 0.7500815 0.8188255 0.7890738 0.8510331 0.8575902 1.0239841 1.3268767 0.9818519 0.8108751 0.9334892 0.9812610 0.9836423 1.0110734 0.9821839 0.9630234 0.9569480 1.0372848 1.0570531 1.1473007 1.1811679 1.2112172 1.6641259 1.2969538 1.1998048 1.3873974 1.4965955 1.2552436 1.3843844 1.3843844 1.3105414 1.4405398 1.3919071 3.8241361 3.3850574 3.5745113 3.9061982 3.1479648 3.2545710 4.1614510 2.5860973 3.5703541 4.7909977 4.3398477 5.1132545 2.6952782 3.9466598 3.6559864 3.2502183 2.8001853 3.6623870 5.4936270 4.5875433 4.5029646 3.8595168 5.5281846 
Fspp_ffun1.m4.24906.m1                             6.7402285 0.0000010 5.7026265 2.0864462 1.3797165 1.8347590 2.7488451 1.7790356 1.7371736 1.4752436 2.4142687 1.1906216 1.2379564 1.2793276 1.2232600 1.3784023 1.3864563 1.5923300 0.5613175 0.5615842 0.9581862 2.6878736 2.7540464 0.6435329 0.0000000 0.0597003 0.8161577 0.8161577 0.7843564 0.2203948 1.4248391 1.3889064 1.6222453 1.3097984 1.3651472 1.4725056 1.2423712 1.9267793 1.7149445 2.1730066 1.6779709 1.1809481 1.4546495 1.4783505 1.4399004 1.4399004 1.4424948 1.3910132 1.3910132 1.7761452 1.5213632 1.0367102 1.3005172 1.3731082 1.2949952 2.3640117 3.9132537 2.4204698 2.3981740 1.8219700 2.3681994 2.3681994 2.2411363 2.5294965 2.6015559 7.7185973 7.7185973 4.5140558 4.5140558 3.1390162 3.6714108 7.3300098 2.9719739 5.5170832 8.8271983 5.4655995 6.8703905 3.9575598 5.1856819 5.8365238 4.2759739 2.5083774 6.1830416 7.8428260 6.1076049 3.6675523 4.6930955 8.9999982 
Gfas_gfas1.m1.18458.m1                             8.9999985 0.0000010 8.9999988 1.6975668 2.0513559 1.3074150 2.7632717 1.0508994 1.0156440 0.7874179 2.2551558 0.5133951 0.6193671 0.5505116 0.6415157 0.6327905 0.7648390 0.8378363 0.1672439 0.1672439 0.0000010 0.0000010 0.0000010 0.2010654 0.0597003 0.0000000 0.2574325 0.2574325 0.3325675 0.0000010 0.7063303 0.6315393 0.8335606 0.7198516 0.7541866 0.8072262 0.8848663 1.0702703 0.9715142 1.3574011 1.0722532 1.0480015 0.5983279 0.5983279 0.5812657 0.5812657 0.6276492 0.5676159 0.5676159 1.4716541 1.1918878 0.6595708 0.8874617 0.9749689 0.8276360 2.4432405 9.0000000 2.5855385 2.1805454 2.2038608 2.2038608 2.2038608 2.1960527 2.4096987 2.3544027 9.0000000 9.0000000 4.5733657 4.5733657 3.7465779 4.5108486 8.9999986 2.6598436 6.0818270 8.9999990 9.0000000 9.0000000 4.2839301 7.2988388 5.4503801 3.5620982 4.7652529 6.1084049 8.9999989 6.4111184 8.9999985 8.9999989 8.9999985 
Exapal_XM_021044042.2                              1.4092256 2.1988735 1.2091288 1.1226377 0.8840144 1.0800461 1.3627542 1.1990392 1.1127077 0.9826052 0.9943415 0.5694366 0.5955194 0.6049503 0.7107989 0.6926665 0.6816184 0.7562991 0.2628164 0.2719876 0.2324587 0.2892119 0.2512375 0.2795690 0.8161577 0.2574325 0.0000000 0.0000010 0.1834603 0.1968788 0.5328526 0.6273108 0.7182896 0.6405037 0.6933823 0.6759554 0.7781943 0.8811805 0.8990565 1.1384839 1.0061578 0.7834308 0.8098134 0.8629159 0.8216552 0.8449953 0.8844842 0.8408600 0.8357597 1.0118198 0.9188591 0.9859496 1.0104104 1.1161926 1.5564422 1.1218019 0.9965630 1.3850253 1.3604378 1.2557895 1.3703090 1.3703090 1.3013963 1.3475874 1.2629183 3.1599764 2.8358213 2.9749891 3.2302568 2.7153763 2.8166318 3.4238775 2.2067722 3.1613522 4.2723342 3.6558711 4.5288634 2.3201059 3.5078760 3.0190437 2.5071245 2.2315492 2.8301064 4.5920800 3.7935952 3.6540731 3.1832395 4.7190718 
Exapal_XM_021047209.2                              1.4092256 2.1988735 1.2091288 1.1226377 0.8840144 1.0800461 1.3627542 1.1990392 1.1127077 0.9826052 0.9943415 0.5694366 0.5955194 0.6049503 0.7107989 0.6926665 0.6816184 0.7562991 0.2628164 0.2719876 0.2324587 0.2892119 0.2512375 0.2795690 0.8161577 0.2574325 0.0000010 0.0000000 0.1834603 0.1968788 0.5328526 0.6273108 0.7182896 0.6405037 0.6933823 0.6759554 0.7781943 0.8811805 0.8990565 1.1384839 1.0061578 0.7834308 0.8098134 0.8629159 0.8216552 0.8449953 0.8844842 0.8408600 0.8357597 1.0118198 0.9188591 0.9859496 1.0104104 1.1161926 1.5564422 1.1218019 0.9965630 1.3850253 1.3604378 1.2557895 1.3703090 1.3703090 1.3013963 1.3475874 1.2629183 3.1599764 2.8358213 2.9749891 3.2302568 2.7153763 2.8166318 3.4238775 2.2067722 3.1613522 4.2723342 3.6558711 4.5288634 2.3201059 3.5078760 3.0190437 2.5071245 2.2315492 2.8301064 4.5920800 3.7935952 3.6540731 3.1832395 4.7190718 
Nvec_v1g199061                                     1.5507313 2.6860405 1.2933296 1.1161817 0.8857417 1.1176054 1.4824571 1.2593580 1.1578765 1.0722061 1.0535776 0.5654764 0.5940499 0.5833199 0.7168582 0.7094589 0.6641720 0.6974372 0.2949329 0.2956479 0.2435721 0.3367155 0.3293408 0.3152944 0.7843564 0.3325675 0.1834603 0.1834603 0.0000000 0.1949758 0.6060623 0.7736069 0.7710426 0.6943271 0.7225223 0.6964938 0.7303852 0.8062800 0.9289400 1.1911540 1.0033994 0.8134877 0.8994847 0.9772415 0.9359281 0.9630725 1.0014846 0.9865338 0.9806974 1.0506970 0.9762153 1.0114977 1.0923500 1.2066328 1.6801150 1.2525589 1.1291411 1.4354072 1.5335749 1.2964128 1.4173382 1.4173382 1.3813774 1.3969291 1.3414117 3.0834791 2.8553986 2.9602835 3.1383931 2.7361722 2.7443067 3.0726845 2.2975967 3.0006768 4.1357528 3.3420930 4.2042688 2.2974430 3.6379086 3.1449818 2.6771754 2.2096057 2.8647310 4.2036323 3.7774600 3.5655930 3.1632010 4.7881412 
Fspp_ffun1.m4.16233.m1                             0.9487427 2.0109676 0.7634733 0.7019594 0.7731733 0.7186806 0.7940547 0.8102017 0.7891011 0.7846275 0.7750941 0.4214091 0.3666236 0.4076269 0.5542320 0.6110664 0.5634063 0.6115807 0.0684180 0.0682093 0.0226811 0.1075766 0.1045225 0.1181228 0.2203948 0.0000010 0.1968788 0.1968788 0.1949758 0.0000000 0.3689481 0.2641596 0.4451713 0.4719103 0.4483120 0.4437254 0.4962770 0.6110731 0.5656879 0.9888200 0.6369516 0.6564547 1.0167643 1.0017602 1.0123082 1.0123082 0.9806291 0.9810757 0.9810757 0.7186281 0.8721234 0.9967309 1.0372454 1.0916649 4.7493404 0.9291763 0.8839875 1.2777119 1.1482681 1.1411198 1.2055725 1.2055725 1.0034737 0.9618708 0.9820771 2.3887784 2.0660421 1.9345269 2.1980866 1.9595743 2.1205953 2.2043994 1.9069975 2.1440249 2.8803694 2.3751363 2.8389220 1.5224132 2.2480119 2.0086261 1.7855532 2.0706471 2.0125010 2.7583926 2.2377536 2.6186581 2.5291516 3.0902936 
Dgig_XM_028540911.1                                1.3646199 3.3010556 1.2730375 1.2474316 0.7467582 1.2466365 1.5530931 1.3888448 1.2913011 1.0841976 1.1200896 0.6988033 0.7448159 0.7794056 0.8506299 0.7745416 0.7710873 0.8084372 0.5961287 0.5957280 0.4348353 0.5291631 0.6240253 0.6687525 1.4248391 0.7063303 0.5328526 0.5328526 0.6060623 0.3689481 0.0000000 0.1626506 0.8326243 0.8366577 0.9112006 0.8506651 0.9212506 1.0915797 1.0888977 1.3927322 1.0459706 0.9676110 1.0273483 1.1047994 1.0264740 1.0625193 1.0681624 1.0844242 1.0744121 1.2180795 1.0899925 1.2691356 1.2953391 1.4067273 1.9190332 1.4066798 1.3148597 1.5416284 1.5415504 1.4110054 1.4969895 1.4969895 1.3828197 1.4881498 1.3190658 3.3694541 3.1642603 3.1563176 3.2976032 2.6951348 2.8815227 2.9401528 2.4749846 3.0746530 4.3064444 3.5133642 4.2339513 2.6597198 3.8734341 3.3768098 2.9847109 2.7266301 3.0819946 4.9818058 3.9318246 4.0976592 3.7962977 4.9526634 
Xesp_004813-T1                                     2.8001186 0.0000010 2.5128371 1.8011711 1.9937001 1.6160808 2.5964734 1.7424607 1.5039976 1.2984568 2.1201832 0.9328181 1.0593380 1.0270480 1.0360377 0.9946305 0.9153865 0.9869421 0.7666954 0.7525492 1.1204106 2.9693062 1.3167314 0.9002194 1.3889064 0.6315393 0.6273108 0.6273108 0.7736069 0.2641596 0.1626506 0.0000000 1.0050440 0.9857299 1.1244187 1.0382432 1.2457623 1.5362311 1.3705987 1.7272126 1.3107126 1.0970047 1.0363803 1.0613971 0.9965071 1.0662151 1.0974120 1.1259138 1.1189080 1.5417602 1.0600067 1.2177352 1.2568879 1.3510493 1.1653815 1.8722647 2.2531767 1.9283647 1.6479807 1.5294688 1.6176800 1.6176800 1.6240363 1.7414161 1.6218288 6.5300102 6.5300102 4.4715248 4.4715248 3.5551474 3.8416078 5.0746321 2.4854625 3.6377065 8.0558329 9.0000000 6.7544555 4.1293437 4.7491509 4.8569672 3.7006328 3.6385312 4.3855250 8.9999986 6.7492565 8.0840283 5.1590920 8.9999988 
Morvir_scaffold41.g79.t2                           1.3264932 2.2812889 1.1728413 1.1596864 0.8298078 1.1371611 1.3495810 1.2495007 1.1700489 1.1160009 1.0394586 0.8178383 0.8160790 0.7890819 0.9110284 0.8694986 0.8531063 0.9170545 0.7469814 0.7321763 0.5160271 0.6041962 0.7731815 0.8027748 1.6222453 0.8335606 0.7182896 0.7182896 0.7710426 0.4451713 0.8326243 1.0050440 0.0000000 0.4328373 0.4445292 0.4536723 0.4582190 0.9240340 1.0650856 1.3842122 0.9308831 0.6721606 1.2389149 1.3239666 1.2361525 1.2735859 1.2750773 1.2695256 1.2705328 1.0471118 0.9958166 1.2543662 1.2494600 1.3455089 1.8746697 1.3463412 1.2047589 1.5524353 1.5265350 1.2570080 1.4361192 1.4361192 1.4477751 1.6057724 1.4589438 3.5552698 3.3426643 3.5172780 3.6947988 2.8092652 2.7032486 2.5339370 2.2752134 3.1915729 3.9669493 3.5104905 4.3363012 2.5454686 3.9248972 2.8855768 2.6666280 2.5637710 3.0838849 4.5268613 3.6961596 3.1035888 3.2241368 4.0533996 
Nemnom_g7797.t1                                    1.3179558 2.9512511 1.1456501 1.0689926 0.8096114 0.9416552 1.1741549 1.1446138 1.0620493 1.0547694 0.9049352 0.6953856 0.7676863 0.6523859 0.8611773 0.7945991 0.8128881 0.8753686 0.7402933 0.7190931 0.5406427 0.6735588 0.8428811 0.7500815 1.3097984 0.7198516 0.6405037 0.6405037 0.6943271 0.4719103 0.8366577 0.9857299 0.4328373 0.0000000 0.0731739 0.2001588 0.2902551 0.8949798 0.9490811 1.2593253 0.7192087 0.5490039 1.1102925 1.1927420 1.1211867 1.1533092 1.1873938 1.2113017 1.2042490 1.0605003 1.0102380 1.1721232 1.2526053 1.2801002 1.8716945 1.2818531 1.1316065 1.4063345 1.4148051 1.2056314 1.3807151 1.3807151 1.3030711 1.3083987 1.2454469 3.5752376 3.2296163 3.2653286 3.5158496 2.8257313 2.8912239 3.2390126 2.3136795 3.3102657 4.1511148 3.7403283 4.4169209 2.5717631 3.5614275 2.8923937 2.6681820 2.5484858 3.0350434 4.5169666 3.7597572 3.2102306 3.2184580 4.0340887 
Rhoesc_Res_007048-T1                               1.2835583 3.1717162 1.1129434 1.0815118 0.8098383 0.9635242 1.1981767 1.1521655 1.1150635 1.0849302 0.9254622 0.7167486 0.7676138 0.7006764 0.8712001 0.8234907 0.8073021 0.8904905 0.7915727 0.7818973 0.5385444 0.6752675 0.8316293 0.8188255 1.3651472 0.7541866 0.6933823 0.6933823 0.7225223 0.4483120 0.9112006 1.1244187 0.4445292 0.0731739 0.0000000 0.1850869 0.2595178 0.9164043 0.9682179 1.3032431 0.7359901 0.5640599 1.1592311 1.2616489 1.1979727 1.2310583 1.2423520 1.2598213 1.2525313 1.0368896 1.0222320 1.2128456 1.2873134 1.3069499 1.8915913 1.3114859 1.1676263 1.4228117 1.4367533 1.2670947 1.3946740 1.3946740 1.3250150 1.3393056 1.2725778 3.3520860 3.0505847 3.1320138 3.3583461 2.7191731 2.8218730 2.9817605 2.2678265 3.2656469 4.0600960 3.8088551 4.2207804 2.4906261 3.4442530 2.8189575 2.5402153 2.4341483 2.9326578 4.4182697 3.5966855 3.2514903 3.1994305 4.1523441 
Aaur_scaffold145.g8.t1                             1.2733035 3.0104908 1.1178216 1.0897715 0.8147750 1.0087789 1.2810770 1.1376759 1.1031638 1.0836600 0.9255811 0.6952166 0.7192630 0.6905477 0.8148709 0.8186497 0.8040556 0.8677586 0.7562700 0.7469637 0.5391765 0.6807595 0.8847554 0.7890738 1.4725056 0.8072262 0.6759554 0.6759554 0.6964938 0.4437254 0.8506651 1.0382432 0.4536723 0.2001588 0.1850869 0.0000000 0.2931677 0.8754115 0.9162596 1.2615924 0.6588901 0.5876647 1.1892478 1.2820511 1.2369142 1.2704187 1.2410242 1.2304736 1.2233050 1.0582932 1.0177297 1.1532996 1.2002258 1.3039145 1.8514928 1.3361408 1.1944722 1.4723380 1.4774405 1.3195825 1.4784835 1.4784835 1.3449639 1.4222797 1.2772801 3.5246313 3.2209637 3.3626367 3.5994878 2.7162254 2.8378693 3.0798233 2.1994719 3.3151649 4.4010112 3.5651274 4.3708168 2.5652276 3.6956988 2.8569708 2.7314329 2.4669565 2.8288681 4.5569076 3.5878087 3.2957181 3.2372821 4.3657459 
Sanmal_Sma_018956-T1                               1.3272999 2.7652534 1.1719789 1.1385035 0.8240934 1.0948364 1.3045097 1.1907281 1.1244214 1.1614026 1.0180470 0.7910550 0.8430256 0.7412709 0.9369363 0.9032413 0.8155813 0.8723242 0.8256117 0.8190843 0.5827395 0.7053555 0.8737730 0.8510331 1.2423712 0.8848663 0.7781943 0.7781943 0.7303852 0.4962770 0.9212506 1.2457623 0.4582190 0.2902551 0.2595178 0.2931677 0.0000000 0.9767027 1.0852213 1.2503377 0.7245606 0.6319891 1.1743292 1.2550813 1.1959336 1.2350114 1.2271406 1.2399305 1.2323755 1.0648931 1.0868136 1.3266682 1.3550327 1.4908735 2.1910603 1.3282119 1.1932569 1.4372321 1.6234517 1.2717419 1.4995193 1.4995193 1.4251155 1.5072953 1.3754571 3.7083692 3.3406251 3.4981048 3.7812783 2.9106870 2.9442462 3.0887133 2.5054899 3.5017222 4.4504344 3.5368175 4.5529871 2.7696635 3.9589128 2.9955309 2.8296173 2.5209175 3.1142188 4.8759433 3.8202563 3.3017954 3.2793016 4.6376948 
Spur_XM_030991897.1                                1.6349006 2.9132842 1.3739762 1.2920596 1.0918666 1.3658832 1.6683812 1.3004368 1.3262292 1.1934001 1.2283355 0.6292310 0.6575586 0.6106234 0.6649866 0.6803126 0.7172255 0.7842441 0.8811513 0.8769562 0.6427748 0.7342056 0.8386871 0.8575902 1.9267793 1.0702703 0.8811805 0.8811805 0.8062800 0.6110731 1.0915797 1.5362311 0.9240340 0.8949798 0.9164043 0.8754115 0.9767027 0.0000000 0.8660802 0.9842903 1.2669837 1.0257150 1.4386798 1.5492872 1.5103374 1.5510536 1.5759655 1.5402166 1.5318746 1.0833648 1.0601314 1.4246983 1.4382509 1.5002722 2.2735354 1.3275181 1.1558854 1.6162118 1.5057533 1.3000067 1.4369540 1.4369540 1.4073074 1.5605151 1.4185154 3.3389772 3.1919197 3.3827267 3.5118812 3.2527144 3.1843223 3.2127779 2.5208959 3.3612058 4.1118471 3.0678342 4.0025121 2.7596547 4.0770195 3.1464047 2.8397869 2.7241370 3.7981764 4.8411632 3.8469142 3.4890685 3.3136450 4.0933937 
Dpul_mRNA10601                                     1.5828634 3.3084407 1.3463421 1.4545572 1.0884261 1.4170108 1.5502160 1.3967975 1.4142529 1.2772041 1.2546629 0.7622672 0.7437606 0.7541860 0.6274673 0.7257994 0.7377366 0.8641417 0.9815014 0.9788542 0.6937771 0.8882197 1.0493663 1.0239841 1.7149445 0.9715142 0.8990565 0.8990565 0.9289400 0.5656879 1.0888977 1.3705987 1.0650856 0.9490811 0.9682179 0.9162596 1.0852213 0.8660802 0.0000000 0.7334841 1.2119004 1.0973964 1.4571386 1.4564143 1.5181424 1.5181424 1.4516572 1.4960186 1.4816301 1.1888578 1.1542199 1.2724365 1.3654249 1.3764185 2.1394310 1.4924200 1.3554820 1.4985443 1.5858836 1.4868773 1.7320446 1.7320446 1.5837568 1.6826687 1.5473696 3.5280947 3.1655447 3.0978602 3.3323329 2.7749038 2.9949445 3.2034309 2.5283639 3.3704883 3.9407079 2.4057770 3.6823178 2.6028646 4.0017157 3.3035536 2.9740741 2.7877894 3.6096486 4.8863640 4.0519245 3.6771188 3.7627352 4.2165717 
Tcas_TC008842_001                                  1.8183375 3.4867031 1.5706606 1.5995461 1.3020260 1.7523536 1.8824140 1.7706623 1.7337540 1.4740234 1.4346270 1.0301596 1.0556627 1.0319669 0.7682573 0.9443208 0.9534036 1.0958609 1.2483237 1.2706205 1.0818500 1.1086169 1.1409222 1.3268767 2.1730066 1.3574011 1.1384839 1.1384839 1.1911540 0.9888200 1.3927322 1.7272126 1.3842122 1.2593253 1.3032431 1.2615924 1.2503377 0.9842903 0.7334841 0.0000000 1.5348948 1.2704392 1.7099560 1.7205822 1.7594748 1.7594748 1.7495726 1.7151568 1.7320968 1.3845190 1.5235311 1.6274087 1.6496577 1.7556574 2.6723607 1.5178638 1.4920127 1.6892170 1.7300533 1.5631424 1.7695888 1.7695888 1.7566859 1.5855938 1.6902511 3.4202196 3.1478194 3.0186363 3.1821271 3.0220589 3.0407322 2.8651345 2.7128561 3.5078890 3.8520961 2.7539859 3.6101105 2.4212905 4.0516600 3.4151162 2.8018521 2.9418123 3.8914902 5.0016280 3.8768354 3.8006706 3.5862965 3.5348269 
Hvul_g187_1                                        1.4327987 4.3845907 1.2456261 1.3130419 0.9056377 1.3799555 1.5034030 1.4146589 1.3361830 1.2749457 1.1202522 1.0424363 0.9549380 1.0135451 0.9886048 1.1668684 1.0732106 1.1129343 1.0376033 1.0253419 0.7127828 0.7621721 1.1050844 0.9818519 1.6779709 1.0722532 1.0061578 1.0061578 1.0033994 0.6369516 1.0459706 1.3107126 0.9308831 0.7192087 0.7359901 0.6588901 0.7245606 1.2669837 1.2119004 1.5348948 0.0000000 0.3993201 1.1323483 1.2081127 1.1673255 1.1990888 1.2002378 1.2209221 1.2139824 1.2141467 1.1310986 1.4652460 1.4029050 1.5304935 2.2964606 1.4434290 1.3791878 1.5526779 1.7570434 1.4246888 1.6077864 1.6077864 1.6033918 1.5783686 1.5039982 4.1148212 3.8025749 3.9869477 4.2403114 2.9026213 2.8447755 2.9018925 2.3590618 3.6732449 4.0559373 3.5253276 4.4400462 2.7818471 3.7616068 3.3389877 2.8256894 2.7353157 3.5841727 4.5767650 3.9835652 3.2714021 3.4582035 4.6593896 
Chem_TCONS_00000370                                1.3451178 3.6042752 1.1575927 1.0727436 0.8419485 1.1180452 1.2555594 1.1079089 1.0253626 0.9742570 1.0660059 0.8682873 0.8804686 0.8470272 0.9335927 0.9057706 0.8423221 0.9425351 0.8141832 0.8072892 0.6768014 0.7691327 1.0781045 0.8108751 1.1809481 1.0480015 0.7834308 0.7834308 0.8134877 0.6564547 0.9676110 1.0970047 0.6721606 0.5490039 0.5640599 0.5876647 0.6319891 1.0257150 1.0973964 1.2704392 0.3993201 0.0000000 1.0817270 1.2029063 1.0978909 1.1295982 1.1636404 1.1440953 1.1437971 1.0003110 1.0908311 1.2315484 1.1640000 1.2397520 1.9770684 1.1893935 1.1051945 1.2600372 1.2184719 1.1947237 1.3118511 1.3118511 1.3711604 1.2952135 1.2421642 2.9053399 2.8302375 3.2174097 3.3138311 2.7206709 2.6590221 2.7134631 2.3062053 3.4046340 3.7307885 3.1000851 4.0595170 2.4432889 3.5767768 2.7531094 2.7885197 2.6958479 3.1347421 4.1977635 3.6114334 3.2160568 3.2410123 4.4598097 
