95
Stedip_EP00041_Stephanoeca_diplocostata_P007834        0.0000000 0.1366718 0.1524278 0.2183085 0.2968401 0.3878873 0.4326743 0.4324473 0.4279643 0.3411385 0.3761702 0.3733342 0.4505584 0.5846126 0.5646066 0.5211479 0.5337341 0.4753262 0.4753262 0.5022378 0.5172339 0.4798498 0.4926879 0.5553008 0.6174464 0.5813786 0.5587539 0.6257005 0.6081830 0.5638114 0.5638114 0.5903168 0.6388128 0.4999589 0.5116838 0.4868587 0.5161579 0.5206817 0.5082159 0.5325860 0.4917686 0.4764359 0.4814503 0.6042845 0.5899300 0.5271844 0.5825444 0.5049126 0.6457921 0.6935285 0.7096026 0.7019735 1.7827265 0.7198407 0.5705156 0.5665468 0.5301486 0.5654439 0.5654439 0.5316001 0.5594804 0.5594804 0.6035621 0.5748365 0.6789032 0.6789032 0.7173686 0.7534689 0.7951776 0.7409946 0.6878013 0.8072552 0.4399430 0.5400615 0.7056986 0.6008675 0.6385081 0.6531900 0.7434176 0.6057988 0.6481872 0.7538673 0.5826111 0.4513996 0.8008870 1.0136613 0.8750529 1.0595022 0.7424052 0.9602357 0.5479333 0.6236460 1.0319594 1.1616277 1.6330941 
Helnan_EP00037_Helgoeca_nana_P002072                   0.1366718 0.0000000 0.0402678 0.1930329 0.3093578 0.4009249 0.5352158 0.4136601 0.4525710 0.4092870 0.3943101 0.3519969 0.4603338 0.5521195 0.5224888 0.5082084 0.5279395 0.4602221 0.4602221 0.4866892 0.4885931 0.5025077 0.4927103 0.5223728 0.5361040 0.5510220 0.5126544 0.5464825 0.5241096 0.5596565 0.5596565 0.5422443 0.6103217 0.4774834 0.5140225 0.5532655 0.5969455 0.5520465 0.5564405 0.6047587 0.5668805 0.5288304 0.5508810 0.5847814 0.5844610 0.4860138 0.5724053 0.5013248 0.6607028 0.7685504 0.7395608 0.7645376 1.8396671 0.7397708 0.6469422 0.6362679 0.6273855 0.6500584 0.6500584 0.6216205 0.6180908 0.6180908 0.6481287 0.6838841 0.7466936 0.7466936 0.7703914 0.7823815 0.8232787 0.6881501 0.6609247 0.8146074 0.4304261 0.5921320 0.6150785 0.6453307 0.6774718 0.6838111 0.7721839 0.5338115 0.6243428 0.6538830 0.5469459 0.4125792 0.6636163 0.8921024 0.7871735 0.9408051 0.7583137 0.9054590 0.5342490 0.6041101 1.0921396 1.2108401 1.1931852 
Acaspe_EP00035_Acanthoeca_spectabilis_P020780          0.1524278 0.0402678 0.0000000 0.2034326 0.3143312 0.3854061 0.5287576 0.4065663 0.4514652 0.3854890 0.3742268 0.3535797 0.4664984 0.5131378 0.5027603 0.4739795 0.5077804 0.4503691 0.4503691 0.4766677 0.4785784 0.5075960 0.5009390 0.5149595 0.5362332 0.5478340 0.4961801 0.5400643 0.5064008 0.5388315 0.5388315 0.5356528 0.5955539 0.4607831 0.4749906 0.5321620 0.5679968 0.5505745 0.5375879 0.5624617 0.5430766 0.5272769 0.5321167 0.5911695 0.5908225 0.4866704 0.5647496 0.4769378 0.6359071 0.7550169 0.7335994 0.7468744 1.8396671 0.7533095 0.6044219 0.6004593 0.6118302 0.6178094 0.6178094 0.6061620 0.6027882 0.6027882 0.6324466 0.6664574 0.7311007 0.7311007 0.7452373 0.7566445 0.7985665 0.6748431 0.6597386 0.7683885 0.4153459 0.6225990 0.6094689 0.6395576 0.6789535 0.6853204 0.7744775 0.5715478 0.5893692 0.6568731 0.5130538 0.3736553 0.6794411 0.8927293 0.7885324 0.9411071 0.7401646 0.8936514 0.5247530 0.5750281 1.0685343 1.0966051 1.1525374 
Diagra_EP00040_Diaphanoeca_grandis_P021702             0.2183085 0.1930329 0.2034326 0.0000000 0.3567143 0.3121407 0.4089252 0.3482859 0.3995234 0.3490342 0.3587247 0.3787695 0.4180182 0.5704642 0.5291713 0.5216484 0.5607814 0.4976469 0.4976469 0.5257150 0.5203269 0.5411970 0.5520364 0.5375862 0.5451569 0.5623840 0.5301043 0.5586443 0.5487665 0.5405117 0.5405117 0.5345610 0.6125011 0.4896683 0.5077235 0.5521622 0.5308513 0.5038542 0.4915491 0.5409414 0.5211809 0.4811689 0.5145703 0.6187756 0.6163630 0.5310925 0.5353667 0.5847319 0.6660585 0.7094960 0.7345595 0.7505061 2.0259594 0.7035033 0.5292333 0.5403916 0.5276996 0.5275335 0.5275335 0.5292673 0.5413383 0.5413383 0.5501906 0.5500602 0.5780337 0.5780337 0.8050346 0.8176371 0.8349345 0.7028661 0.7758731 0.8449704 0.4631192 0.5780663 0.5654876 0.5730032 0.7100424 0.7000601 0.6869309 0.5583817 0.6140718 0.6069926 0.5478389 0.3996410 0.6595715 0.8951184 0.8363819 1.0073162 0.7458168 0.8686642 0.5215747 0.6892725 1.0242501 1.1394898 1.1636800 
Didcos_EP00039_Didymoeca_costata_P006160               0.2968401 0.3093578 0.3143312 0.3567143 0.0000000 0.3479377 0.4057796 0.4328356 0.4258399 0.3333918 0.3764260 0.4053183 0.4758141 0.5052411 0.4854896 0.5063950 0.5366712 0.4996512 0.4996512 0.5269754 0.5479067 0.5434680 0.5266384 0.6101952 0.6199882 0.6127353 0.5968488 0.5830396 0.6341846 0.5416489 0.5416489 0.5794942 0.5804267 0.5413822 0.5534710 0.4672453 0.4522647 0.4383074 0.4201018 0.4414749 0.4322928 0.4185471 0.4493960 0.5740229 0.5879397 0.5253597 0.5236069 0.4350041 0.6387629 0.7012988 0.6565528 0.6702878 1.6736849 0.6689875 0.5738457 0.5629021 0.5556728 0.5543607 0.5543607 0.5738232 0.5609637 0.5609637 0.5741191 0.5816157 0.6459352 0.6459352 0.7514175 0.6816786 0.7120541 0.6906924 0.6282737 0.7490092 0.5264825 0.5427004 0.6056036 0.6364346 0.7426832 0.7597340 0.8305868 0.5605761 0.6126748 0.7237631 0.5626450 0.4102420 0.7195426 0.8958782 0.7817604 0.9238512 0.6576590 0.8442792 0.5761160 0.6113616 0.9416472 0.9562445 1.2728698 
Salkve_EP00050_Salpingoeca_kvevrii_P013325             0.3878873 0.4009249 0.3854061 0.3121407 0.3479377 0.0000000 0.2469099 0.2661737 0.3062771 0.2987618 0.3133751 0.3215927 0.4456151 0.4443599 0.4110336 0.4385915 0.4695790 0.4164352 0.4164352 0.4426059 0.4401812 0.4407301 0.4072866 0.4727015 0.5332243 0.4986227 0.4904750 0.5153583 0.5648255 0.4160785 0.4160785 0.3897124 0.5090922 0.4510914 0.4429335 0.3993214 0.4834363 0.4590848 0.4479305 0.4833546 0.4789408 0.4517241 0.4702874 0.5429803 0.5397177 0.5375355 0.5246935 0.4858498 0.6269908 0.6736103 0.6567057 0.7272962 1.9415648 0.7049744 0.4709656 0.4541742 0.4904563 0.4857524 0.4857524 0.4966883 0.4930742 0.4930742 0.4706083 0.5354725 0.5557193 0.5557193 0.6911866 0.6584548 0.6208830 0.6192391 0.6599221 0.7784471 0.4161409 0.4734968 0.5615310 0.5072523 0.5676570 0.5492202 0.5430880 0.5425724 0.5976995 0.5684301 0.5264012 0.3654172 0.6972404 0.9116181 0.8148048 0.9535050 0.6315184 0.8266960 0.4285844 0.6106738 1.0019100 1.0124169 1.1239930 
Salurc_EP00051_Salpingoeca_urceolata_P009710           0.4326743 0.5352158 0.5287576 0.4089252 0.4057796 0.2469099 0.0000000 0.2856127 0.2978939 0.3331814 0.2868106 0.3705667 0.3776596 0.5426369 0.5356944 0.4860265 0.5309249 0.4858125 0.4858125 0.5141516 0.5343830 0.4805603 0.4957402 0.5005433 0.6247407 0.5722169 0.5241684 0.6125906 0.6230724 0.5446181 0.5446181 0.4606060 0.4983843 0.5595710 0.5333046 0.5074187 0.4527411 0.4561212 0.4450967 0.4678319 0.4422590 0.4277325 0.4497689 0.6925476 0.6764441 0.6043993 0.5253148 0.4999099 0.6245455 0.6515608 0.6996561 0.7191478 1.7903626 0.7191478 0.4271733 0.4377680 0.4107198 0.4162526 0.4162526 0.4345695 0.4581159 0.4581159 0.4739086 0.4457677 0.5386987 0.5386987 0.6442587 0.6634683 0.6698375 0.6557586 0.7030047 0.7736860 0.4540422 0.5076098 0.5401583 0.5568597 0.5961604 0.6260293 0.7068640 0.5531099 0.6176888 0.7196314 0.5651807 0.4329587 0.7524873 0.9756267 0.8627754 1.1013406 0.6985492 0.9148167 0.5103860 0.7053433 1.0087717 1.0469078 1.0803202 
Mylflu_EP00047_Mylnosiga_fluctuans_P013110             0.4324473 0.4136601 0.4065663 0.3482859 0.4328356 0.2661737 0.2856127 0.0000000 0.2768131 0.3337425 0.2585699 0.3376119 0.4145539 0.4341658 0.4367662 0.3437297 0.3966033 0.3549831 0.3549831 0.3856774 0.3837418 0.4534782 0.4930107 0.3654821 0.4828072 0.4468820 0.4951230 0.4802256 0.5114506 0.4158484 0.4158484 0.4031087 0.4785991 0.3710625 0.3916406 0.4170997 0.4506143 0.4280832 0.4178015 0.4395933 0.4457087 0.4314849 0.4476945 0.6122075 0.6233343 0.5380034 0.5111854 0.4970424 0.5969227 0.6019459 0.5916857 0.6972573 1.2691632 0.6972573 0.5636277 0.5598323 0.5554043 0.5595433 0.5595433 0.5667141 0.4977431 0.4977431 0.5360751 0.5855701 0.5633046 0.5633046 0.6402827 0.6633175 0.6950353 0.5924785 0.6455805 0.7392023 0.4303521 0.5557877 0.5372681 0.5613068 0.6174133 0.5936992 0.6939990 0.5366572 0.5305996 0.6381936 0.6151774 0.2732387 0.6178979 1.0082361 0.8576717 0.9979371 0.6905767 0.8879256 0.4557300 0.6536966 1.0045060 0.9768032 1.4976260 
Salpun_EP00053_Salpingoeca_punica_P002535              0.4279643 0.4525710 0.4514652 0.3995234 0.4258399 0.3062771 0.2978939 0.2768131 0.0000000 0.3698401 0.2429294 0.3754968 0.3730126 0.5036870 0.4949799 0.4151007 0.4646541 0.4091072 0.4091072 0.4339659 0.4501948 0.4705089 0.5088736 0.3956562 0.5161379 0.5222331 0.5296322 0.5362608 0.5413944 0.4991086 0.4991086 0.5148651 0.4987865 0.4676225 0.4996807 0.4182110 0.4675185 0.4349919 0.4245174 0.4672678 0.4632587 0.4284302 0.4547156 0.6039699 0.6035608 0.5311192 0.4802352 0.4709937 0.6100571 0.6857720 0.6517317 0.7048043 1.9385947 0.6865223 0.5342721 0.5258961 0.4731285 0.4763737 0.4763737 0.4688540 0.4573267 0.4573267 0.4780703 0.4941265 0.5625526 0.5625526 0.6402854 0.6637716 0.6833725 0.6213069 0.6022821 0.7451007 0.4409873 0.5200762 0.5062031 0.5102896 0.5752465 0.6364439 0.6702186 0.4817147 0.6224345 0.6921377 0.6448088 0.3539435 0.5795498 0.9246331 0.8551951 0.9779861 0.7581029 0.9939114 0.4248799 0.6253884 0.9006454 0.9008211 0.9526283 
Saldol_EP00054_Salpingoeca_dolichothecata_P000833      0.3411385 0.4092870 0.3854890 0.3490342 0.3333918 0.2987618 0.3331814 0.3337425 0.3698401 0.0000000 0.3045719 0.3486194 0.4588776 0.5235088 0.4979886 0.5489484 0.5548600 0.5160111 0.5160111 0.5453931 0.5876133 0.5782049 0.5899347 0.5676578 0.5806722 0.6132930 0.5550263 0.5188745 0.5736568 0.4796792 0.4796792 0.4593840 0.5945759 0.4440513 0.4552882 0.4033234 0.4436093 0.4561231 0.4451869 0.4830901 0.4434285 0.4143342 0.4350825 0.6261454 0.6109021 0.5699494 0.5961256 0.5283953 0.6854616 0.7208267 0.7432655 0.7366185 1.5175675 0.7168011 0.5259082 0.5232298 0.4688003 0.4866554 0.4866554 0.4767686 0.4746441 0.4746441 0.4789767 0.4911721 0.5860191 0.5860191 0.7209094 0.7132220 0.7027976 0.7310884 0.6888585 0.7539590 0.4018509 0.6021757 0.5143173 0.4071960 0.6533730 0.6248122 0.6235620 0.5745013 0.6645036 0.6523683 0.5975989 0.4923610 0.7455725 1.0191157 0.8533358 1.1413884 0.7462730 0.8636277 0.4232332 0.6726976 1.1144921 1.0063547 1.4714817 
Salmac_EP00052_Salpingoeca_macrocollata_P001059        0.3761702 0.3943101 0.3742268 0.3587247 0.3764260 0.3133751 0.2868106 0.2585699 0.2429294 0.3045719 0.0000000 0.3224070 0.3713827 0.4568931 0.4268653 0.3984379 0.4749494 0.4147047 0.4147047 0.4392683 0.4187368 0.4784226 0.4857032 0.3877958 0.5080958 0.4399556 0.3947324 0.4496146 0.4683318 0.3957786 0.3957786 0.4002054 0.4455004 0.4514740 0.4850199 0.4285099 0.3939971 0.3637630 0.3549967 0.3904771 0.3736661 0.3455209 0.3776314 0.5588450 0.5669539 0.5396690 0.5158324 0.4874586 0.6409408 0.5986394 0.5962155 0.6067560 1.6715248 0.6135314 0.4670873 0.4606146 0.4111062 0.4161231 0.4161231 0.4342711 0.4215406 0.4215406 0.4517349 0.4216695 0.5105186 0.5105186 0.5690987 0.6437470 0.5851418 0.6666829 0.5940713 0.7059925 0.3863961 0.5415210 0.4654110 0.4784628 0.5254170 0.5516623 0.7028526 0.5284755 0.5947590 0.6646021 0.5766994 0.3806471 0.5421164 0.8840517 0.8161877 0.9674774 0.7225545 0.8431524 0.1531529 0.6531009 0.9943720 1.0157477 1.0832735 
Choper_EP00045_Choanoeca_perplexa_P000254              0.3733342 0.3519969 0.3535797 0.3787695 0.4053183 0.3215927 0.3705667 0.3376119 0.3754968 0.3486194 0.3224070 0.0000000 0.2246395 0.5278344 0.5325941 0.4695719 0.5183015 0.4571008 0.4571008 0.4847587 0.5007954 0.4954032 0.5116676 0.4906974 0.5646979 0.5362428 0.5353000 0.5468121 0.5668785 0.4571253 0.4571253 0.4498967 0.5752697 0.5147725 0.5338689 0.4736809 0.5482166 0.5086950 0.4966847 0.5383675 0.5193299 0.4866236 0.5170766 0.5866072 0.5850604 0.4656839 0.5141379 0.4553545 0.6178767 0.6500029 0.6047179 0.6373657 1.5637872 0.6545465 0.5425412 0.5346325 0.4822125 0.4725823 0.4725823 0.4847643 0.4737561 0.4737561 0.5077617 0.5050769 0.5397950 0.5397950 0.7538619 0.7710254 0.7948766 0.7484391 0.7230310 0.9098273 0.1934295 0.4060879 0.5109657 0.4735329 0.6929608 0.6439895 0.7240968 0.5251043 0.6209946 0.6785469 0.5537761 0.3892201 0.6714361 1.0988710 0.9150481 1.0684706 0.6364172 0.8151231 0.5779289 0.6845940 1.0958940 1.1435236 1.2917580 
Mbre_EDQ91058                                          0.4505584 0.4603338 0.4664984 0.4180182 0.4758141 0.4456151 0.3776596 0.4145539 0.3730126 0.4588776 0.3713827 0.2246395 0.0000000 0.6485533 0.6559362 0.5950161 0.6073797 0.5578605 0.5578605 0.5894301 0.6321854 0.6265037 0.6488690 0.5817755 0.6834314 0.6315331 0.6508519 0.6838513 0.6540500 0.6710781 0.6710781 0.6435354 0.6707801 0.6862480 0.6705504 0.5893678 0.6032467 0.6001621 0.5860889 0.6122506 0.5702021 0.5538321 0.5986925 0.6669382 0.6500013 0.5890764 0.6428091 0.5837406 0.7288011 0.7349791 0.7169608 0.7557487 1.7657941 0.7691374 0.6285000 0.6245780 0.5770251 0.6014918 0.6014918 0.5980661 0.6066838 0.6066838 0.6394590 0.6096967 0.7031622 0.7031622 0.8081133 0.7597656 0.8740578 0.7874057 0.7833118 0.9277401 0.3739985 0.4874699 0.5367727 0.5390099 0.7659178 0.7597125 0.9212219 0.5695840 0.6390882 0.8400111 0.6513122 0.4689117 0.7114724 1.0462097 0.9319000 1.0977131 0.7567894 0.9824569 0.5951654 0.7791956 1.2515168 1.1621439 1.3070361 
Dgig_XM_028556946.1                                    0.5846126 0.5521195 0.5131378 0.5704642 0.5052411 0.4443599 0.5426369 0.4341658 0.5036870 0.5235088 0.4568931 0.5278344 0.6485533 0.0000000 0.0316128 0.2297947 0.2870617 0.2185767 0.2185767 0.2428103 0.2625058 0.3216476 0.3383451 0.4265578 0.3832264 0.3861906 0.3899869 0.4022383 0.4350565 0.3777759 0.3777759 0.3000013 0.3937697 0.3559277 0.3838570 0.3451156 0.4376900 0.4205755 0.4103610 0.4482316 0.4614234 0.4311813 0.4233967 0.4178617 0.4112544 0.3900685 0.4748584 0.4337762 0.6593194 0.3732206 0.3160702 0.3585212 1.2788300 0.3573047 0.5492117 0.5339504 0.5616918 0.5410621 0.5410621 0.5824049 0.5531704 0.5531704 0.5471276 0.6184648 0.6320311 0.6320311 0.5325303 0.4597681 0.4712145 0.5479146 0.4535188 0.4924386 0.5587077 0.6985472 0.5469341 0.5073503 0.6236025 0.5899888 0.5983170 0.4830115 0.5344509 0.5113488 0.5022456 0.2586532 0.5349097 0.8949711 0.7166656 0.8514191 0.7277010 0.7114144 0.6353626 0.4731603 0.8551829 0.7096737 1.2263251 
Xesp_014040-T1                                         0.5646066 0.5224888 0.5027603 0.5291713 0.4854896 0.4110336 0.5356944 0.4367662 0.4949799 0.4979886 0.4268653 0.5325941 0.6559362 0.0316128 0.0000000 0.2208568 0.2756382 0.2182249 0.2182249 0.2423207 0.2618801 0.3205820 0.2938365 0.4353554 0.3928905 0.3951993 0.4054783 0.3799720 0.4180316 0.3510782 0.3510782 0.3000013 0.3961959 0.3714294 0.3819619 0.3437834 0.4329710 0.4275859 0.4173990 0.4389923 0.4519502 0.4378654 0.4302580 0.4190733 0.4124534 0.4059084 0.4549799 0.4052602 0.6345363 0.3808216 0.3150160 0.3752078 1.5085260 0.3825424 0.4820768 0.4712892 0.5129816 0.4864822 0.4864822 0.5326561 0.5052882 0.5052882 0.5000289 0.5635076 0.5632949 0.5632949 0.5289014 0.4571961 0.4842658 0.5633110 0.4553695 0.4934680 0.5719695 0.7434844 0.5912747 0.5516922 0.6276305 0.5946394 0.6076013 0.4837792 0.5311821 0.4928510 0.4908344 0.2412089 0.5476796 0.9056378 0.7288060 0.8627387 0.7815641 0.7707167 0.6353626 0.4898098 0.8545504 0.6837693 1.2263251 
Fspp_ffun1.m4.1608.m1                                  0.5211479 0.5082084 0.4739795 0.5216484 0.5063950 0.4385915 0.4860265 0.3437297 0.4151007 0.5489484 0.3984379 0.4695719 0.5950161 0.2297947 0.2208568 0.0000000 0.1077644 0.0686629 0.0686629 0.0776511 0.0773116 0.1729145 0.2412759 0.2985907 0.2680387 0.3023300 0.3049542 0.3131586 0.3279162 0.2947031 0.2947031 0.2375604 0.3077188 0.3327916 0.3800719 0.2793791 0.3396550 0.3059928 0.3183827 0.3307228 0.3383611 0.3313978 0.3457261 0.4671413 0.4648873 0.3780624 0.3756552 0.3734377 0.5855515 0.4447753 0.4007586 0.4334460 1.5607997 0.4457632 0.4983990 0.4836376 0.4811873 0.4688943 0.4688943 0.4811990 0.4742885 0.4742885 0.4812268 0.5012962 0.4992518 0.4992518 0.4302495 0.4782886 0.4605853 0.4931321 0.4635213 0.5232523 0.5542655 0.6577588 0.5730854 0.5951097 0.5733818 0.5438053 0.6224209 0.3909942 0.5376200 0.4412645 0.4485204 0.0506525 0.4946222 0.9889360 0.7969342 0.9687631 0.8178563 0.7542519 0.5287470 0.4490253 0.7816623 0.7898942 0.9569149 
Amil_Amillepora24822-RA                                0.5337341 0.5279395 0.5077804 0.5607814 0.5366712 0.4695790 0.5309249 0.3966033 0.4646541 0.5548600 0.4749494 0.5183015 0.6073797 0.2870617 0.2756382 0.1077644 0.0000000 0.0340014 0.0340014 0.0247759 0.0767585 0.1212988 0.2323390 0.2995793 0.2777415 0.3304201 0.3353567 0.3445026 0.3591583 0.3424041 0.3424041 0.3013948 0.3521619 0.3469247 0.3972497 0.3119035 0.3534111 0.3553107 0.3667172 0.3610168 0.3710033 0.3607487 0.3745606 0.5410484 0.5163003 0.4642918 0.4321301 0.4491755 0.6528422 0.4416992 0.4404304 0.4725095 1.4647892 0.4651223 0.5296675 0.5191244 0.5237433 0.5561610 0.5561610 0.5235286 0.5392912 0.5392912 0.5457435 0.5168969 0.5410026 0.5410026 0.4161314 0.4596780 0.4423849 0.4950444 0.4631526 0.5327463 0.5570506 0.7057844 0.6392644 0.6417256 0.6514434 0.6190661 0.7171702 0.3826789 0.5438406 0.4766498 0.4581240 0.0474707 0.5236405 1.0353943 0.8311298 1.0249828 0.8662216 0.8212220 0.6788611 0.4416988 0.8956681 0.7494269 1.2448713 
Pocdam_XM_027192817.1                                  0.4753262 0.4602221 0.4503691 0.4976469 0.4996512 0.4164352 0.4858125 0.3549831 0.4091072 0.5160111 0.4147047 0.4571008 0.5578605 0.2185767 0.2182249 0.0686629 0.0340014 0.0000000 0.0000010 0.0160991 0.0505311 0.1200331 0.1978091 0.2608905 0.2578665 0.2906259 0.2933594 0.3036172 0.3164335 0.2959235 0.2959235 0.2967319 0.3181451 0.3573255 0.3668084 0.3016991 0.3411802 0.3405558 0.3322844 0.3518194 0.3378701 0.3249905 0.3391893 0.4753761 0.4514491 0.4089639 0.4286252 0.3846348 0.5714874 0.4024606 0.3807559 0.4167436 1.4647892 0.4245779 0.4599784 0.4486689 0.4636141 0.4785998 0.4785998 0.4637158 0.4790308 0.4790308 0.4859579 0.5125185 0.5363848 0.5363848 0.3657674 0.4126212 0.4383491 0.4808072 0.4126876 0.4530084 0.5091208 0.6507377 0.5741275 0.5744278 0.5823169 0.5523947 0.6429867 0.3124276 0.4723566 0.4471881 0.4349360 0.0406566 0.5111821 0.9505721 0.7620137 0.9415882 0.7788045 0.7468914 0.6657090 0.3706492 0.7826350 0.5957413 1.2205591 
Spis_XP_022791087_1                                    0.4753262 0.4602221 0.4503691 0.4976469 0.4996512 0.4164352 0.4858125 0.3549831 0.4091072 0.5160111 0.4147047 0.4571008 0.5578605 0.2185767 0.2182249 0.0686629 0.0340014 0.0000010 0.0000000 0.0160991 0.0505311 0.1200331 0.1978091 0.2608905 0.2578665 0.2906259 0.2933594 0.3036172 0.3164335 0.2959235 0.2959235 0.2967319 0.3181451 0.3573255 0.3668084 0.3016991 0.3411802 0.3405558 0.3322844 0.3518194 0.3378701 0.3249905 0.3391893 0.4753761 0.4514491 0.4089639 0.4286252 0.3846348 0.5714874 0.4024606 0.3807559 0.4167436 1.4647892 0.4245779 0.4599784 0.4486689 0.4636141 0.4785998 0.4785998 0.4637158 0.4790308 0.4790308 0.4859579 0.5125185 0.5363848 0.5363848 0.3657674 0.4126212 0.4383491 0.4808072 0.4126876 0.4530084 0.5091208 0.6507377 0.5741275 0.5744278 0.5823169 0.5523947 0.6429867 0.3124276 0.4723566 0.4471881 0.4349360 0.0406566 0.5111821 0.9505721 0.7620137 0.9415882 0.7788045 0.7468914 0.6657090 0.3706492 0.7826350 0.5957413 1.2205591 
Adig_XM_015901210.1                                    0.5022378 0.4866892 0.4766677 0.5257150 0.5269754 0.4426059 0.5141516 0.3856774 0.4339659 0.5453931 0.4392683 0.4847587 0.5894301 0.2428103 0.2423207 0.0776511 0.0247759 0.0160991 0.0160991 0.0000000 0.0589499 0.1212988 0.2128791 0.2802572 0.2604533 0.3105462 0.3144555 0.3241212 0.3379453 0.3166688 0.3166688 0.3013948 0.3392169 0.3469247 0.3752028 0.3119035 0.3411195 0.3421378 0.3519912 0.3462652 0.3431769 0.3459976 0.3594754 0.5094945 0.4851013 0.4340032 0.4321301 0.4071277 0.6031958 0.4124808 0.4116329 0.4270422 1.4647892 0.4351194 0.4875653 0.4760107 0.4912513 0.5065169 0.5065169 0.4912105 0.5068371 0.5068371 0.5135670 0.5168969 0.5410026 0.5410026 0.3965434 0.4445199 0.4423849 0.4950444 0.4230971 0.4875835 0.5393696 0.6864325 0.6047522 0.6060675 0.6148464 0.5836005 0.6779569 0.3405316 0.5077061 0.4511321 0.4397164 0.0491469 0.5236405 1.0012961 0.7853160 0.9714933 0.8191309 0.7986717 0.6788611 0.3996356 0.8360058 0.6655881 1.2448713 
Gfas_gfas1.m1.699.m1                                   0.5172339 0.4885931 0.4785784 0.5203269 0.5479067 0.4401812 0.5343830 0.3837418 0.4501948 0.5876133 0.4187368 0.5007954 0.6321854 0.2625058 0.2618801 0.0773116 0.0767585 0.0505311 0.0505311 0.0589499 0.0000000 0.1296150 0.2166140 0.2868143 0.2730667 0.3178899 0.3293875 0.3395283 0.3397309 0.3310092 0.3310092 0.2992362 0.3455201 0.3708195 0.4176719 0.3273832 0.3825172 0.3626881 0.3787145 0.3702006 0.3856876 0.3923673 0.4026184 0.4951470 0.4928041 0.4265516 0.4307606 0.4153313 0.6175455 0.4341312 0.3900441 0.4308913 1.4036946 0.4388099 0.5190122 0.5074177 0.5038758 0.5143665 0.5143665 0.5037688 0.5217177 0.5217177 0.5283607 0.5052177 0.5241423 0.5241423 0.4196932 0.4685895 0.4283879 0.4527548 0.4214369 0.5182546 0.5904768 0.7120812 0.6082635 0.6298680 0.6020023 0.5710419 0.6788923 0.3909492 0.5532936 0.4550455 0.4688703 0.0600459 0.4655793 0.9644596 0.7955035 0.9194456 0.8355413 0.8112195 0.6657090 0.4681196 0.8094334 0.6537710 1.1884694 
Nvec_v1g92832                                          0.4798498 0.5025077 0.5075960 0.5411970 0.5434680 0.4407301 0.4805603 0.4534782 0.4705089 0.5782049 0.4784226 0.4954032 0.6265037 0.3216476 0.3205820 0.1729145 0.1212988 0.1200331 0.1200331 0.1212988 0.1296150 0.0000000 0.1094096 0.2892251 0.3360060 0.3487308 0.3003170 0.3605074 0.4018457 0.3955965 0.3955965 0.2856663 0.3687900 0.4349941 0.4168881 0.3889438 0.4305138 0.4413785 0.4370318 0.4370318 0.4194211 0.4194211 0.4349271 0.5312064 0.4994623 0.4019639 0.4288000 0.4244195 0.6220693 0.4015803 0.4082517 0.4483601 1.3870941 0.4563073 0.4321009 0.4435422 0.4385929 0.4305472 0.4305472 0.4154490 0.4762736 0.4762736 0.4405317 0.4874780 0.5512154 0.5512154 0.3637039 0.4304928 0.4395231 0.4618410 0.4258163 0.5019132 0.5505939 0.7355055 0.6276654 0.6133922 0.5430060 0.4982796 0.6069726 0.3629408 0.5456348 0.4864764 0.4592850 0.1369373 0.5079702 0.9000202 0.7447149 0.9492510 0.8251045 0.7779133 0.6776848 0.3924617 0.7304550 0.5591948 1.1108545 
Exapal_XM_021047956.2                                  0.4926879 0.4927103 0.5009390 0.5520364 0.5266384 0.4072866 0.4957402 0.4930107 0.5088736 0.5899347 0.4857032 0.5116676 0.6488690 0.3383451 0.2938365 0.2412759 0.2323390 0.1978091 0.1978091 0.2128791 0.2166140 0.1094096 0.0000000 0.3734716 0.4253105 0.3785894 0.3593228 0.4037718 0.4555158 0.4507989 0.4507989 0.3544981 0.4170339 0.4526486 0.4445075 0.4140929 0.5287138 0.5053162 0.4934707 0.5168958 0.5123321 0.4972567 0.5136267 0.5414389 0.5413019 0.4941195 0.4555015 0.4335407 0.6234752 0.4531298 0.4384183 0.5029619 1.5458690 0.5106094 0.4531249 0.4642544 0.4784530 0.4663072 0.4663072 0.4989382 0.5107988 0.5107988 0.4962112 0.5039301 0.5452689 0.5452689 0.4419488 0.4608022 0.4142191 0.4659271 0.4649640 0.5271195 0.5545965 0.6878189 0.6356706 0.5970398 0.5358101 0.5321027 0.6406412 0.4407900 0.5320310 0.5581804 0.5151573 0.2388934 0.6113524 0.9244962 0.7942284 0.9867415 0.8601104 0.8595565 0.6797131 0.4927039 0.8641697 0.7910180 1.1114594 
Ctel_gnl_WGS_AMQN_CAPTEDRAFT_mRNA176295                0.5553008 0.5223728 0.5149595 0.5375862 0.6101952 0.4727015 0.5005433 0.3654821 0.3956562 0.5676578 0.3877958 0.4906974 0.5817755 0.4265578 0.4353554 0.2985907 0.2995793 0.2608905 0.2608905 0.2802572 0.2868143 0.2892251 0.3734716 0.0000000 0.1652916 0.1897260 0.1700772 0.2549382 0.2139091 0.2923251 0.2923251 0.2829466 0.3337155 0.4456456 0.4451396 0.4132826 0.4296697 0.4066900 0.3965480 0.4185354 0.4145852 0.4002591 0.4268553 0.5698733 0.5890531 0.4798320 0.4367112 0.4325217 0.5976601 0.5839145 0.5901635 0.6164109 1.4371440 0.6357051 0.4951420 0.5064464 0.5208092 0.4994531 0.4994531 0.5069415 0.5609830 0.5609830 0.5661740 0.5845249 0.6108334 0.6108334 0.5604076 0.5772590 0.5840032 0.5808140 0.4977719 0.5679641 0.4795316 0.6834596 0.6041763 0.6314223 0.6138438 0.6100592 0.6998295 0.2562704 0.3850862 0.4832169 0.4303627 0.2285467 0.6167628 1.0706800 0.8875041 1.0037690 0.8143982 0.7414633 0.5622736 0.5223054 0.9856389 0.8816311 1.7331461 
Cscu_XM_023377924.1                                    0.6174464 0.5361040 0.5362332 0.5451569 0.6199882 0.5332243 0.6247407 0.4828072 0.5161379 0.5806722 0.5080958 0.5646979 0.6834314 0.3832264 0.3928905 0.2680387 0.2777415 0.2578665 0.2578665 0.2604533 0.2730667 0.3360060 0.4253105 0.1652916 0.0000000 0.2298538 0.2170330 0.2345207 0.1653812 0.3187006 0.3187006 0.3485084 0.3196653 0.4582888 0.4639024 0.3992877 0.3721712 0.3784652 0.3743273 0.3743273 0.3782115 0.3782115 0.3882691 0.5827831 0.6031888 0.4653672 0.4935355 0.4719673 0.6544637 0.6262229 0.5773902 0.5896875 1.5607997 0.6042882 0.5261346 0.5140339 0.5650545 0.5109247 0.5109247 0.5496119 0.5575846 0.5575846 0.5678503 0.6294463 0.5962927 0.5962927 0.5932322 0.6083893 0.6175335 0.5436235 0.5425224 0.5502428 0.5916845 0.7859124 0.6568401 0.6449044 0.6680664 0.6522017 0.6450597 0.2445252 0.3950385 0.3497497 0.3377971 0.1845718 0.6417222 0.9731353 0.8219236 0.9515424 0.7739016 0.5904414 0.7982969 0.4961048 0.9885265 0.9976189 1.8453233 
Acagra_model.g17224.t1.1.5d3b88c3                      0.5813786 0.5510220 0.5478340 0.5623840 0.6127353 0.4986227 0.5722169 0.4468820 0.5222331 0.6132930 0.4399556 0.5362428 0.6315331 0.3861906 0.3951993 0.3023300 0.3304201 0.2906259 0.2906259 0.3105462 0.3178899 0.3487308 0.3785894 0.1897260 0.2298538 0.0000000 0.1330793 0.2627907 0.2701628 0.2955286 0.2955286 0.2026454 0.3328688 0.4124880 0.4144271 0.4394618 0.4670419 0.4499502 0.4388757 0.4618359 0.4679519 0.4530348 0.4638996 0.5061617 0.5241184 0.4255648 0.5509676 0.5159836 0.6120438 0.5417690 0.5373138 0.5051146 1.5966249 0.5195294 0.4811148 0.4921652 0.4717413 0.4908468 0.4908468 0.5060329 0.5116418 0.5116418 0.5864999 0.5267974 0.5825530 0.5825530 0.5938673 0.6222115 0.6037027 0.6820830 0.5354970 0.5140430 0.6467788 0.7390581 0.6451916 0.6388079 0.6023254 0.6070083 0.6688414 0.1778834 0.3487444 0.4554572 0.4213974 0.2284892 0.6104447 1.0485175 0.8887195 1.0057690 0.8510549 0.6900285 0.6163842 0.5140886 1.0671453 0.9474351 1.5877161 
Cgig_XM_011452019.3                                    0.5587539 0.5126544 0.4961801 0.5301043 0.5968488 0.4904750 0.5241684 0.4951230 0.5296322 0.5550263 0.3947324 0.5353000 0.6508519 0.3899869 0.4054783 0.3049542 0.3353567 0.2933594 0.2933594 0.3144555 0.3293875 0.3003170 0.3593228 0.1700772 0.2170330 0.1330793 0.0000000 0.2562062 0.2534814 0.2871153 0.2871153 0.2532527 0.3809612 0.4479175 0.4472066 0.4588986 0.4322754 0.4371333 0.4259640 0.4494227 0.4227273 0.4076793 0.4173653 0.5109366 0.5073635 0.4051542 0.5115859 0.4653130 0.6392508 0.5385610 0.5637068 0.5476692 1.4998042 0.5449084 0.4231878 0.4347581 0.4305083 0.4499557 0.4499557 0.4423004 0.5187202 0.5187202 0.5474728 0.4840032 0.5743285 0.5743285 0.6085111 0.6100180 0.6251598 0.6348266 0.5544974 0.5541054 0.5711460 0.7503650 0.6758877 0.6227919 0.5480831 0.5570444 0.6660981 0.1962926 0.3376046 0.4310465 0.3638772 0.2611457 0.6342076 0.9751477 0.7979235 0.9531981 0.8615470 0.6454606 0.5063854 0.4983572 1.1018528 1.0265751 1.4685981 
Dpul_mRNA12547                                         0.6257005 0.5464825 0.5400643 0.5586443 0.5830396 0.5153583 0.6125906 0.4802256 0.5362608 0.5188745 0.4496146 0.5468121 0.6838513 0.4022383 0.3799720 0.3131586 0.3445026 0.3036172 0.3036172 0.3241212 0.3395283 0.3605074 0.4037718 0.2549382 0.2345207 0.2627907 0.2562062 0.0000000 0.1623672 0.2794824 0.2794824 0.2310107 0.3504824 0.4365028 0.4366652 0.4280350 0.4503152 0.4447737 0.4337268 0.4567452 0.4629439 0.4479787 0.4427007 0.6199287 0.6398323 0.5661788 0.5720934 0.5130946 0.6023266 0.5155801 0.5151288 0.5623592 1.5171747 0.5463263 0.5188654 0.5302819 0.5597241 0.5165048 0.5165048 0.5534812 0.5768849 0.5768849 0.5708865 0.6308925 0.6348497 0.6348497 0.5925215 0.5980700 0.6177764 0.5961371 0.4986652 0.5403561 0.5801309 0.8341226 0.6491502 0.6262904 0.6867128 0.6969192 0.7389448 0.2178789 0.4366491 0.3948633 0.4449044 0.2334766 0.6120690 1.0453868 0.8132613 0.9625734 0.8201281 0.6432415 0.6282992 0.4801659 1.0282268 1.0379815 1.2863889 
Tcas_TC000781_002                                      0.6081830 0.5241096 0.5064008 0.5487665 0.6341846 0.5648255 0.6230724 0.5114506 0.5413944 0.5736568 0.4683318 0.5668785 0.6540500 0.4350565 0.4180316 0.3279162 0.3591583 0.3164335 0.3164335 0.3379453 0.3397309 0.4018457 0.4555158 0.2139091 0.1653812 0.2701628 0.2534814 0.1623672 0.0000000 0.3373695 0.3373695 0.3983970 0.3526352 0.4864415 0.4828233 0.4046387 0.4513484 0.4334618 0.4222051 0.4459258 0.4415523 0.4261727 0.4482054 0.6112425 0.6320298 0.5568457 0.5211053 0.5102183 0.5923987 0.5595665 0.5303311 0.5115311 1.6639142 0.5309424 0.5198940 0.5080467 0.5272801 0.5239185 0.5239185 0.5128933 0.5800563 0.5800563 0.5900904 0.5942579 0.6318215 0.6318215 0.6179761 0.6307154 0.6764003 0.6315290 0.5303199 0.5577172 0.5793108 0.8226148 0.5576415 0.5971004 0.6616346 0.6676320 0.7369770 0.2846932 0.4131952 0.3761331 0.3937891 0.2382991 0.6172153 0.9571056 0.8650550 0.9687896 0.8938895 0.6268155 0.7643733 0.5306181 1.1032144 1.0096168 1.2515535 
Spur_XM_030982087.1                                    0.5638114 0.5596565 0.5388315 0.5405117 0.5416489 0.4160785 0.5446181 0.4158484 0.4991086 0.4796792 0.3957786 0.4571253 0.6710781 0.3777759 0.3510782 0.2947031 0.3424041 0.2959235 0.2959235 0.3166688 0.3310092 0.3955965 0.4507989 0.2923251 0.3187006 0.2955286 0.2871153 0.2794824 0.3373695 0.0000000 0.0000010 0.1631472 0.3475520 0.4384395 0.4391731 0.4175338 0.3978667 0.3666617 0.3574789 0.3783810 0.3850611 0.3712646 0.3907163 0.5417797 0.5654852 0.4780491 0.4634256 0.4286772 0.5582966 0.5652294 0.5289893 0.6224148 2.0496540 0.6268481 0.4822658 0.4710923 0.4744010 0.4816038 0.4816038 0.5039054 0.4785240 0.4785240 0.4944105 0.5286290 0.6066388 0.6066388 0.6174782 0.6568297 0.6670065 0.7139492 0.5951133 0.6736255 0.5406909 0.7587196 0.7032881 0.6585292 0.6156088 0.6030933 0.5933770 0.3200683 0.4635115 0.4361279 0.5335901 0.2492395 0.7339382 1.1603449 0.9110695 1.0608028 0.7963538 0.8266115 0.5046929 0.6103843 0.9468423 1.0103022 1.7851305 
Spur_XM_030982012.1                                    0.5638114 0.5596565 0.5388315 0.5405117 0.5416489 0.4160785 0.5446181 0.4158484 0.4991086 0.4796792 0.3957786 0.4571253 0.6710781 0.3777759 0.3510782 0.2947031 0.3424041 0.2959235 0.2959235 0.3166688 0.3310092 0.3955965 0.4507989 0.2923251 0.3187006 0.2955286 0.2871153 0.2794824 0.3373695 0.0000010 0.0000000 0.1631472 0.3475520 0.4384395 0.4391731 0.4175338 0.3978667 0.3666617 0.3574789 0.3783810 0.3850611 0.3712646 0.3907163 0.5417797 0.5654852 0.4780491 0.4634256 0.4286772 0.5582966 0.5652294 0.5289893 0.6224148 2.0496540 0.6268481 0.4822658 0.4710923 0.4744010 0.4816038 0.4816038 0.5039054 0.4785240 0.4785240 0.4944105 0.5286290 0.6066388 0.6066388 0.6174782 0.6568297 0.6670065 0.7139492 0.5951133 0.6736255 0.5406909 0.7587196 0.7032881 0.6585292 0.6156088 0.6030933 0.5933770 0.3200683 0.4635115 0.4361279 0.5335901 0.2492395 0.7339382 1.1603449 0.9110695 1.0608028 0.7963538 0.8266115 0.5046929 0.6103843 0.9468423 1.0103022 1.7851305 
Skow_XM_006822342.1                                    0.5903168 0.5422443 0.5356528 0.5345610 0.5794942 0.3897124 0.4606060 0.4031087 0.5148651 0.4593840 0.4002054 0.4498967 0.6435354 0.3000013 0.3000013 0.2375604 0.3013948 0.2967319 0.2967319 0.3013948 0.2992362 0.2856663 0.3544981 0.2829466 0.3485084 0.2026454 0.2532527 0.2310107 0.3983970 0.1631472 0.1631472 0.0000000 0.2609931 0.3756558 0.3756558 0.4425267 0.3041665 0.3088536 0.3088536 0.3088536 0.3042157 0.3042157 0.3041665 0.5321332 0.5321332 0.3928251 0.4501448 0.4108603 0.7163892 0.6667114 0.6542910 0.7107637 2.1691632 0.7190516 0.4874696 0.5064219 0.4755787 0.4588567 0.4588567 0.4755787 0.4862739 0.4862739 0.4754127 0.4755787 0.4857505 0.4857505 0.6667738 0.7483134 0.6814554 0.6512829 0.6248022 0.6890276 0.6712353 0.6680391 0.7537073 0.6226963 0.5070351 0.4675750 0.4486141 0.1720775 0.3676521 0.5300301 0.4381249 0.1435841 0.7295234 0.9219841 0.7491070 1.0317997 0.8030229 0.6712853 0.5929185 0.6318330 1.3392051 8.9999986 1.6056912 
Bralan_BLAG14001175_1                                  0.6388128 0.6103217 0.5955539 0.6125011 0.5804267 0.5090922 0.4983843 0.4785991 0.4987865 0.5945759 0.4455004 0.5752697 0.6707801 0.3937697 0.3961959 0.3077188 0.3521619 0.3181451 0.3181451 0.3392169 0.3455201 0.3687900 0.4170339 0.3337155 0.3196653 0.3328688 0.3809612 0.3504824 0.3526352 0.3475520 0.3475520 0.2609931 0.0000000 0.4485866 0.4561321 0.3624240 0.3835971 0.3576434 0.3567926 0.3772391 0.3655958 0.3523479 0.3812739 0.5566520 0.5693210 0.4706779 0.4452712 0.4439840 0.5388069 0.5266060 0.5092756 0.5809502 1.6570793 0.5825160 0.5032513 0.4923629 0.5192116 0.5064730 0.5064730 0.5377315 0.5010242 0.5010242 0.5308013 0.5468331 0.5524036 0.5524036 0.5605640 0.6057017 0.5797568 0.6025634 0.5604501 0.5794596 0.6215753 0.6981692 0.6526276 0.6484833 0.6325516 0.6446577 0.7231006 0.3458827 0.5569152 0.5629467 0.4594481 0.2659989 0.6730952 0.9622753 0.8508109 1.0257233 0.7370690 0.7298978 0.6347211 0.5354089 0.9222956 0.7435396 1.5044303 
Ocar_g845                                              0.4999589 0.4774834 0.4607831 0.4896683 0.5413822 0.4510914 0.5595710 0.3710625 0.4676225 0.4440513 0.4514740 0.5147725 0.6862480 0.3559277 0.3714294 0.3327916 0.3469247 0.3573255 0.3573255 0.3469247 0.3708195 0.4349941 0.4526486 0.4456456 0.4582888 0.4124880 0.4479175 0.4365028 0.4864415 0.4384395 0.4384395 0.3756558 0.4485866 0.0000000 0.0000010 0.1798008 0.4342928 0.4236369 0.4193926 0.4193926 0.4316030 0.4316030 0.4387387 0.4667642 0.4755010 0.4167667 0.5073661 0.4507724 0.6574423 0.5641647 0.5734565 0.5491920 1.7027267 0.5507247 0.5724182 0.5600452 0.5933991 0.5875896 0.5875896 0.5954205 0.5963209 0.5963209 0.6152636 0.6357143 0.6624447 0.6624447 0.6793780 0.6785751 0.6784501 0.6904386 0.5466711 0.6751448 0.5229894 0.6694350 0.6716696 0.6724460 0.6245108 0.5566133 0.6906436 0.4873252 0.4515111 0.6330609 0.5408790 0.2727597 0.7834485 0.9515156 0.7293986 0.9626089 0.7939719 0.8267996 0.7218899 0.5495683 1.1740028 1.1484601 1.4803150 
Opea_EP00118_Oscarella_pearsei_P024792                 0.5116838 0.5140225 0.4749906 0.5077235 0.5534710 0.4429335 0.5333046 0.3916406 0.4996807 0.4552882 0.4850199 0.5338689 0.6705504 0.3838570 0.3819619 0.3800719 0.3972497 0.3668084 0.3668084 0.3752028 0.4176719 0.4168881 0.4445075 0.4451396 0.4639024 0.4144271 0.4472066 0.4366652 0.4828233 0.4391731 0.4391731 0.3756558 0.4561321 0.0000010 0.0000000 0.1733734 0.4724427 0.4420810 0.4319028 0.4691101 0.4760834 0.4463280 0.4501156 0.4532226 0.4614308 0.4098407 0.4856767 0.4523558 0.6466647 0.5869270 0.5956973 0.6105996 1.7027267 0.5887026 0.5255773 0.5290262 0.5515069 0.5682745 0.5682745 0.5530904 0.5540587 0.5540587 0.5716660 0.6357143 0.6624447 0.6624447 0.6631936 0.6335724 0.6784501 0.6904386 0.5645083 0.6473403 0.5200457 0.6563365 0.6716348 0.6723528 0.6157688 0.5529450 0.6759374 0.5137873 0.4554883 0.6268088 0.5853726 0.3361473 0.7711847 0.9119110 0.7091067 0.9205808 0.8480854 0.7773634 0.7218899 0.5208583 1.1632288 1.1642887 1.4803150 
Plajan_Pjan_C525563_01                                 0.4868587 0.5532655 0.5321620 0.5521622 0.4672453 0.3993214 0.5074187 0.4170997 0.4182110 0.4033234 0.4285099 0.4736809 0.5893678 0.3451156 0.3437834 0.2793791 0.3119035 0.3016991 0.3016991 0.3119035 0.3273832 0.3889438 0.4140929 0.4132826 0.3992877 0.4394618 0.4588986 0.4280350 0.4046387 0.4175338 0.4175338 0.4425267 0.3624240 0.1798008 0.1733734 0.0000000 0.3112465 0.3014155 0.2983116 0.2983116 0.3112006 0.3112006 0.3143219 0.4738616 0.4711403 0.4242272 0.4397140 0.3384121 0.5677261 0.4836163 0.4509750 0.4894238 1.5786012 0.4907108 0.4657813 0.4538268 0.4574260 0.4493288 0.4493288 0.4571575 0.4652794 0.4652794 0.4423598 0.5184514 0.5211311 0.5211311 0.5968140 0.5784968 0.6509617 0.6048366 0.5679630 0.6321694 0.4718290 0.6146051 0.5702312 0.5385347 0.6492246 0.6097652 0.6509304 0.4682706 0.5159804 0.5793898 0.4894994 0.2165478 0.7321845 0.9921675 0.7997921 1.0138112 0.7788462 0.6893028 0.8059625 0.5413596 1.0120239 1.0216334 1.3436892 
HoiH06_mRNA13233                                       0.5161579 0.5969455 0.5679968 0.5308513 0.4522647 0.4834363 0.4527411 0.4506143 0.4675185 0.4436093 0.3939971 0.5482166 0.6032467 0.4376900 0.4329710 0.3396550 0.3534111 0.3411802 0.3411802 0.3411195 0.3825172 0.4305138 0.5287138 0.4296697 0.3721712 0.4670419 0.4322754 0.4503152 0.4513484 0.3978667 0.3978667 0.3041665 0.3835971 0.4342928 0.4724427 0.3112465 0.0000000 0.0242920 0.0241899 0.0328367 0.0494339 0.0408811 0.0161699 0.5327856 0.5170586 0.4712472 0.4480684 0.4303984 0.6655489 0.5643113 0.5928465 0.5491177 1.5671437 0.5384276 0.5318049 0.5216871 0.4925699 0.5022238 0.5022238 0.5002789 0.5191720 0.5191720 0.5170358 0.5134644 0.5366849 0.5366849 0.5359365 0.5647073 0.5615929 0.5946906 0.5450754 0.7033356 0.5755932 0.6140117 0.5635354 0.5163068 0.5844690 0.5794002 0.6701653 0.5287042 0.7366354 0.6200156 0.4647003 0.3285055 0.7478399 1.0076240 0.8553185 0.9700223 0.7582304 0.8238806 0.5318660 0.5344058 0.9270972 0.9320450 1.2638323 
HoiH11_mRNA9330                                        0.5206817 0.5520465 0.5505745 0.5038542 0.4383074 0.4590848 0.4561212 0.4280832 0.4349919 0.4561231 0.3637630 0.5086950 0.6001621 0.4205755 0.4275859 0.3059928 0.3553107 0.3405558 0.3405558 0.3421378 0.3626881 0.4413785 0.5053162 0.4066900 0.3784652 0.4499502 0.4371333 0.4447737 0.4334618 0.3666617 0.3666617 0.3088536 0.3576434 0.4236369 0.4420810 0.3014155 0.0242920 0.0000000 0.0080469 0.0080469 0.0243654 0.0243654 0.0327221 0.5113348 0.5173407 0.4501673 0.4457469 0.4030077 0.6325083 0.5681885 0.5731339 0.5127298 1.6640513 0.5197166 0.5262391 0.5150421 0.4971778 0.4812888 0.4812888 0.5048954 0.4871087 0.4871087 0.4856384 0.5326092 0.5309257 0.5309257 0.5396045 0.5684029 0.5711813 0.5882892 0.5173553 0.6556534 0.5727940 0.5681510 0.5390974 0.5241040 0.5700423 0.5653000 0.6418412 0.4886867 0.6549605 0.6126552 0.4372062 0.2862460 0.7525640 1.0077170 0.8375246 0.9420090 0.7637720 0.8051377 0.5318660 0.5396089 0.8763051 0.9347538 1.2638323 
Hhon_g04956.t1                                         0.5082159 0.5564405 0.5375879 0.4915491 0.4201018 0.4479305 0.4450967 0.4178015 0.4245174 0.4451869 0.3549967 0.4966847 0.5860889 0.4103610 0.4173990 0.3183827 0.3667172 0.3322844 0.3322844 0.3519912 0.3787145 0.4370318 0.4934707 0.3965480 0.3743273 0.4388757 0.4259640 0.4337268 0.4222051 0.3574789 0.3574789 0.3088536 0.3567926 0.4193926 0.4319028 0.2983116 0.0241899 0.0080469 0.0000000 0.0081821 0.0404934 0.0321778 0.0241042 0.5032021 0.5091510 0.4428822 0.4325932 0.3856786 0.6076591 0.5538891 0.5585777 0.4993205 1.6640513 0.5062964 0.5133766 0.5023711 0.4851217 0.4696003 0.4696003 0.4926136 0.4754178 0.4754178 0.4742067 0.5271417 0.5253898 0.5253898 0.5264899 0.5547602 0.5651595 0.5812173 0.5050447 0.6529804 0.5592180 0.5726959 0.5262785 0.5112739 0.5744273 0.5696484 0.6392593 0.4952083 0.6490601 0.6065415 0.4658429 0.2985989 0.7355211 0.9837558 0.8177174 0.9189382 0.7447752 0.7831703 0.5318660 0.5211308 0.8784448 0.9156228 1.2638323 
