85
Emue_Em0015g83a.t1                                     0.0000000 0.1530257 0.1539533 1.5010515 1.5484735 2.9983350 2.7419964 2.9687352 3.1641550 3.1564250 3.0456628 2.7879255 2.9795849 2.8220523 2.9848265 3.2084002 2.3725191 2.8232794 2.6040931 2.7292175 2.8587532 3.6935514 2.9693844 2.9945489 2.9416319 2.6015655 2.6398823 2.6518329 2.8824819 2.9322581 3.3457606 2.7212702 2.6423662 2.5933303 2.7603310 2.6536625 2.7521594 2.3523724 3.0784886 2.9787760 2.9509400 2.2855706 2.7705080 3.9694459 2.8026911 2.7936335 2.8480206 2.5989906 3.0694507 3.6130856 2.8659189 2.8375715 3.0788802 3.3012651 3.3065654 1.8064725 3.2805639 3.3053820 3.4427516 2.7107315 2.9890680 2.7210771 2.4899962 3.0057646 3.0484202 2.2881249 2.3436728 4.1269339 3.4384107 2.9219388 3.0804196 3.0842081 2.5842839 3.1234421 3.0017775 2.9215364 2.6534978 2.9215364 2.6534978 2.8864069 4.0755766 3.3192284 1.8087099 4.3038769 4.0546293 
Spolac_c103089_g2_i2_m.32398c103089-g2                 0.1530257 0.0000000 0.0032065 1.5620629 1.5361985 2.9132501 2.8666524 3.0109898 3.2858363 3.3280627 3.1909717 2.8477773 3.2257389 2.9329979 3.1189534 3.2502413 2.3904945 2.8650201 2.6882117 2.8600894 2.9970596 3.8429322 2.9677974 2.9928429 3.0139979 2.5795518 2.7709898 2.7912670 2.9029605 3.0313989 3.6062538 2.8253625 2.7618838 2.6978337 2.8304614 2.6590032 2.8509583 2.6436082 3.1096066 3.0260295 3.0030329 2.3486379 2.8616210 4.1546276 2.9998929 2.9608369 3.1558475 2.7754877 3.0368033 3.5884840 2.9229857 2.8484820 3.0778021 3.3753624 3.2265676 1.9853453 3.4299135 3.3993311 3.4897422 2.5770492 3.0781028 2.7901029 2.4022195 2.9638546 3.0177503 2.3823459 2.5060427 4.2066009 3.4919670 2.7495482 2.7429373 3.1669450 2.6073637 3.1286634 3.0618003 2.8734169 2.5803728 2.8734169 2.5803728 2.8213403 3.9777703 3.3681755 1.7597270 4.3467249 4.2254274 
Spolac_c103089_g2_i1_m.32396c103089-g2                 0.1539533 0.0032065 0.0000000 1.5423187 1.5088673 2.9132501 2.8710449 3.0109898 3.2858363 3.3280627 3.1953503 2.8072525 3.2257389 2.9279210 3.1089368 3.2547592 2.3752496 2.8957907 2.7173440 2.8909545 2.9874863 3.8485261 2.9624144 2.9873992 3.0183880 2.5742029 2.7660953 2.7912670 2.9064030 3.0313989 3.6062538 2.8463234 2.7884956 2.7173915 2.8511691 2.6782953 2.8717470 2.6436082 3.1330223 3.0519748 3.0354674 2.4877511 2.8891057 4.1546276 2.9945134 2.9555608 3.1490804 2.7754877 3.0368033 3.5932019 2.8800774 2.8528089 3.0721222 3.3686967 3.2203457 1.9853453 3.4337309 3.3473939 3.4347416 2.5402181 3.0781028 2.7681721 2.4022195 2.9204622 3.0099395 2.3823459 2.5249040 4.2066009 3.4919670 2.7332290 2.6923674 3.1669450 2.6073637 3.0801938 3.0354032 2.8680088 2.5747778 2.8680088 2.5747778 2.8134143 3.9777703 3.3162545 1.7597270 4.3467249 4.2315859 
Aque_Aqu2.1.39728_001                                  1.5010515 1.5620629 1.5423187 0.0000000 1.2688179 2.8943180 2.7614185 2.8208790 2.7578617 2.7754916 2.5183936 2.2792132 2.6700903 2.4509737 2.5593805 2.5464495 2.2200345 2.6141921 2.5386257 2.6691379 2.5157067 3.2215631 2.4918047 2.5004985 2.6145131 2.2578263 2.4657909 2.7058367 2.5226771 2.4234775 3.0820598 2.5709297 2.4131480 2.2581031 2.3835612 2.2381701 2.4437552 1.8954412 2.7285926 2.5308762 2.4337692 1.9244465 2.4327730 2.9453772 2.7316046 2.7509009 2.9901705 2.2245147 2.7337417 2.6442029 2.5240879 3.0689899 2.8519666 3.5205486 3.0082422 1.7686583 3.1791466 2.9279122 3.1039301 2.4622023 2.6572485 2.5377061 2.5174042 2.7108471 2.5906040 2.4775560 2.4803437 4.0929518 3.2879345 2.8262275 2.5913116 2.6077568 2.4531134 2.7815729 2.8295490 2.8824165 2.5991953 2.8824165 2.5991953 2.7018796 3.5498916 3.2469298 2.1069350 4.5241657 3.9602650 
Tetwil_g2509.t1                                        1.5484735 1.5361985 1.5088673 1.2688179 0.0000000 3.7112132 3.4010839 3.7624402 2.7581255 2.8322824 2.7623855 2.8287862 2.7605342 2.8237414 2.7278283 2.9312731 2.0845442 3.0854982 3.0539009 3.0047671 2.8314919 3.9192905 2.9913027 2.9913027 3.1389129 2.3334183 2.9304015 2.7859069 2.6831636 3.6783648 4.3603937 3.7417925 4.1589496 3.0832097 3.1283062 2.9250456 3.2441335 2.2181184 3.2426722 4.1105963 2.9418963 5.7674708 3.0056540 3.3802354 3.2923547 3.2780643 3.5117535 3.3859945 3.6955759 4.1877793 2.9887338 3.5399342 3.8480982 4.1101096 4.3012239 2.1973198 3.7134348 4.6120916 4.2263101 3.3006801 3.5461974 3.1075886 3.0653370 2.8847380 2.5671953 2.7716582 2.6881928 3.1167688 2.9254507 3.4863943 5.4600654 2.9844577 2.4848060 3.7871639 3.9846826 3.4651620 3.2602990 3.4651620 3.2602990 3.7885115 4.0211190 3.6707943 1.7281519 4.4836195 4.4389446 
Lcom_lcpid86510                                        2.9983350 2.9132501 2.9132501 2.8943180 3.7112132 0.0000000 0.5251956 0.4448451 1.1761470 1.2968377 2.2276015 2.0260049 2.0210455 2.2401920 2.3247052 2.1167219 2.1031249 2.3542220 2.1084208 2.1509847 2.3475395 2.8967922 2.2301209 2.2376100 2.2522758 1.9250999 2.1082311 1.7925402 2.1998318 2.1404452 2.2073169 2.2332252 1.9752370 2.3585647 2.3689310 2.3560512 2.4590451 1.9861217 2.9497707 2.8849420 2.3909070 2.7959932 2.3938415 2.5585892 2.3315103 2.3598277 2.4066480 2.1719998 2.4455406 2.8538005 2.6424601 2.4102460 2.6218067 2.9565501 2.9438677 1.8887601 2.6335508 2.9029349 2.6803165 2.5025635 2.7845783 3.2334527 3.0089885 2.8794710 2.9620274 1.9879199 2.1249076 2.5312952 2.1628748 2.5071320 2.2551829 2.8321363 2.4200693 2.3614003 2.4928757 2.3536686 2.2328596 2.3536686 2.2328596 2.4885080 3.5357831 3.1983129 3.8453632 3.3663336 3.4372722 
Scil_scict010970.1                                     2.7419964 2.8666524 2.8710449 2.7614185 3.4010839 0.5251956 0.0000000 0.3369554 1.3036139 1.3940630 2.2219104 1.9236954 1.9073870 2.1340063 2.1988670 1.9525287 2.1133680 2.0927240 2.0214063 2.2629792 2.1195220 2.8701950 2.0852098 2.0922289 2.0825915 1.7162125 2.0544583 1.8101269 2.0374934 2.0837065 2.1448926 2.0846578 1.8938864 2.0578204 2.0558026 2.1957359 2.2583349 2.0182230 2.7127295 2.6573860 2.0934667 1.7958373 2.0038640 2.5193324 2.0648007 2.0927714 2.2449014 2.1625472 2.2437924 2.7127119 2.4628775 2.2420409 2.5555975 2.7871927 2.9367898 1.6596739 2.7394600 2.5436191 2.4755372 2.6540378 2.4933775 3.2321386 2.7973234 2.8396504 2.9400665 1.8453680 2.0418421 2.4806729 2.0220887 2.2331357 2.3083878 2.6557718 2.3142360 2.2494914 2.2049190 2.2836266 2.0746551 2.2836266 2.0746551 2.2861472 2.7802020 3.5832914 3.7250612 2.9691929 3.3202060 
Leuniv_Lniv_scaffold17051_01                           2.9687352 3.0109898 3.0109898 2.8208790 3.7624402 0.4448451 0.3369554 0.0000000 1.2959591 1.4042953 2.3374109 2.0819508 2.0949431 2.2920678 2.3394817 2.2079539 2.1322709 2.1750140 2.1186304 2.3592488 2.4172688 2.8891271 2.1303817 2.1375894 2.1588166 1.8716822 2.2038585 1.9177640 2.2705519 2.1486369 2.3139833 2.1586964 2.0841217 2.2653379 2.2116530 2.2575303 2.3823933 2.2401187 2.7585404 2.7091540 2.3743028 2.5250381 2.2386153 2.5787248 2.2538044 2.2656773 2.3554669 2.1225792 2.4292867 2.7313115 2.5973708 2.4957559 2.5477007 3.0913336 3.2233159 1.7659725 2.8018607 2.9851899 2.8107819 2.7631095 2.6111735 3.2346310 2.7067074 2.9294411 3.1117990 1.9745406 2.2779291 2.9427863 2.3818209 2.4855292 2.2304827 2.8357953 2.4088929 2.3958731 2.4161700 2.5467559 2.3153431 2.5467559 2.3153431 2.4986936 3.6210624 3.4356394 3.6958567 3.9623838 3.6789955 
Clacor_Ccor_scaffold13526_01                           3.1641550 3.2858363 3.2858363 2.7578617 2.7581255 1.1761470 1.3036139 1.2959591 0.0000000 0.0381685 2.4839232 1.8878826 2.3398784 2.1360028 2.0443520 2.1505402 2.1357837 2.3817066 2.2477221 2.4482026 2.6243050 3.2191934 2.2242918 2.2242918 2.2564009 1.9268233 2.0928175 1.9762410 2.4446485 2.4405976 2.4193862 2.3376806 2.4308623 2.4431094 2.3936192 2.4389181 2.5401936 2.2436833 2.9916650 3.0404109 2.3970345 0.0000010 2.5756979 2.8474031 2.6298257 2.6410439 3.2769648 2.3532906 2.5895959 3.3734200 2.4214939 2.6141538 3.0942394 2.8901146 2.9135887 0.8768913 2.7275495 2.7686155 2.8621667 3.0998765 2.8376929 3.3478359 2.9858822 2.6930222 2.8453542 2.5779546 2.2237375 2.6063454 2.3173381 2.7689784 9.0000000 2.9535913 2.2302742 3.0447675 3.2217786 2.5884364 2.2414617 2.5884364 2.2414617 3.0047057 3.4257328 2.8033124 3.0147842 3.2731116 3.1611289 
Clacor_Ccor_scaffold13527_01                           3.1564250 3.3280627 3.3280627 2.7754916 2.8322824 1.2968377 1.3940630 1.4042953 0.0381685 0.0000000 2.6018692 1.9623704 2.4487974 2.1839382 2.0936801 2.1925847 2.2529632 2.3707463 2.2986683 2.4883336 2.6860289 3.3098529 2.2747311 2.2660853 2.3485729 2.0028099 2.0697511 1.9891007 2.4251150 2.4072876 2.4193862 2.4047113 2.4348589 2.5368252 2.4874079 2.5390894 2.6447897 2.2436833 3.0580405 3.1665580 2.4662692 2.0190871 2.6886200 2.8474031 2.8257067 2.8371064 3.5072463 2.5511875 2.5573854 3.3550937 2.4291929 2.6961157 3.0023906 2.8858015 2.8484599 1.0234572 2.7125174 2.7345019 2.8078132 3.1003698 2.7150950 3.2321731 3.1175558 2.6800438 2.8944418 2.7531442 2.1979178 2.6593224 2.4349209 2.8322779 8.9999980 2.9705076 2.2555872 3.0601694 3.1904296 2.6147246 2.2931406 2.6147246 2.2931406 3.0006841 3.4257328 2.8505514 3.2269113 3.2731116 3.2042831 
Bralan_BLAG01001469_1                                  3.0456628 3.1909717 3.1953503 2.5183936 2.7623855 2.2276015 2.2219104 2.3374109 2.4839232 2.6018692 0.0000000 0.9881097 0.9550725 1.2399441 1.3720455 1.1625697 1.0837930 1.3126511 1.6076338 1.2855219 1.1633975 2.0680166 1.6731197 1.6863498 1.7126579 1.5639853 1.5571978 1.7002666 1.2583036 1.6466540 2.5993510 1.5564683 1.6977028 1.5014012 1.4977634 1.4627657 1.4896521 1.3343187 1.7042533 1.6832394 1.6529131 1.6352640 1.6280705 2.4317893 1.9111530 1.9091957 2.0809986 1.6513837 1.7655009 2.2845169 2.3512348 2.6700618 2.5010327 3.1824198 3.0776153 1.5991655 2.3811968 3.4285658 3.4785065 2.6037457 2.3633444 2.5219981 2.4630910 2.6715238 2.5911003 1.7270273 1.7961808 2.8200825 2.2410313 2.3990521 2.5051400 2.2524700 1.9843571 2.4879944 2.4475945 2.6390210 2.3325189 2.6390210 2.3325189 2.4158966 3.2020135 3.0448576 3.0963253 2.4129484 4.1891412 
Hsap_ENST00000342607                                   2.7879255 2.8477773 2.8072525 2.2792132 2.8287862 2.0260049 1.9236954 2.0819508 1.8878826 1.9623704 0.9881097 0.0000000 0.4954133 1.2030223 1.3058590 1.1247732 1.0821086 1.3708802 1.6159970 1.2299209 1.1947076 1.9034069 1.5345684 1.5470174 1.5811966 1.4092818 1.5664668 1.6578787 1.2965057 1.5954704 2.1506784 1.5953193 1.5823456 1.3526217 1.3459025 1.2837066 1.3909021 1.4548701 1.6009910 1.5848629 1.4084287 1.5522005 1.4449728 1.9649454 1.7153572 1.7204069 1.8762056 1.7001972 1.8993734 2.1792528 1.8445176 2.2964859 2.2858707 2.9176784 2.8761576 1.3745396 2.1730341 2.8249347 3.0652507 2.2721787 2.3280139 2.3339817 2.2428266 2.6277006 2.6284741 1.6364734 1.6160990 2.4635225 2.0098768 2.3400233 2.3456721 2.1201273 1.9186530 2.5469638 2.4017965 2.4876139 2.2852331 2.4876139 2.2852331 2.3444353 2.9756141 2.6317539 3.1107991 2.4945738 3.6688557 
Hsap_ENST00000439537                                   2.9795849 3.2257389 3.2257389 2.6700903 2.7605342 2.0210455 1.9073870 2.0949431 2.3398784 2.4487974 0.9550725 0.4954133 0.0000000 1.1495922 1.2748322 1.1719444 1.0610103 1.2945611 1.5153697 1.2060994 1.1871415 1.9730369 1.5807208 1.5943528 1.6297924 1.4280105 1.6082871 1.7393034 1.1872550 1.6260120 2.7646701 1.5213506 1.6287722 1.3628577 1.4020411 1.3417042 1.4037000 1.5649737 1.6693226 1.5812143 1.3709321 1.7509099 1.4501833 2.1154102 1.7477732 1.7728132 1.9998138 1.8622307 1.9106845 2.0419358 2.1158993 2.7485080 2.6722516 2.8377065 2.7281305 1.3732912 2.3868474 3.3907025 3.5706188 2.4101356 2.5486799 2.8104060 2.5442665 2.6300629 2.3717507 1.4366549 1.5860026 2.2257454 1.7829462 2.3249217 2.2204633 1.9412804 1.8430164 2.4148989 2.3520146 2.2529652 2.0641748 2.2529652 2.0641748 2.3386168 3.2236073 3.3399471 3.5609953 2.5589317 3.9433075 
Acagra_model.g14712.t1                                 2.8220523 2.9329979 2.9279210 2.4509737 2.8237414 2.2401920 2.1340063 2.2920678 2.1360028 2.1839382 1.2399441 1.2030223 1.1495922 0.0000000 0.8034141 0.8015759 0.9024108 0.9759162 1.2005841 1.1768780 1.1963571 1.9258241 1.5778812 1.5905242 1.5745875 1.4275081 1.4772500 1.5425926 1.2416365 1.6074425 2.3545322 1.4799237 1.4795523 1.4475897 1.4834354 1.4077882 1.4802829 1.6097953 1.6298517 1.5963274 1.4908961 1.4506050 1.4679458 2.0623408 1.7381004 1.7192083 1.8283309 1.4614216 1.6668622 1.8659791 2.1132100 2.3524008 2.3537665 2.7511638 2.6393715 1.4060389 2.2418052 2.9352115 2.8716274 2.3507375 2.2961639 2.2788743 2.2221436 2.5666765 2.3950199 1.5699627 1.5431299 2.3238700 1.9236722 2.2774493 1.8563085 2.1070102 1.7812531 2.3448460 2.2695356 2.2152425 1.9807983 2.2152425 1.9807983 2.1581354 3.1830219 3.1139980 3.0813707 2.3257971 3.3949870 
Cgig_XM_011457510.3                                    2.9848265 3.1189534 3.1089368 2.5593805 2.7278283 2.3247052 2.1988670 2.3394817 2.0443520 2.0936801 1.3720455 1.3058590 1.2748322 0.8034141 0.0000000 0.9800756 1.1172509 1.1396453 1.2801448 1.1469796 1.3476643 1.9057346 1.6056110 1.6183889 1.6104286 1.5104711 1.6215421 1.6968139 1.4460891 1.7867655 2.2662880 1.7393487 1.6449248 1.6104673 1.6483577 1.6257527 1.6723246 1.4103422 1.8829528 1.7403646 1.6885650 1.8174346 1.6983912 2.3219642 1.9086663 1.8863577 2.1173389 1.6864241 1.9624763 2.2072357 2.3053092 2.6481275 2.6385961 3.3283889 3.0716960 1.9478751 2.4689160 3.3784844 3.0996234 2.2478673 2.5880573 2.7081178 2.6142225 2.5128971 2.6695568 1.8911262 1.9876059 2.7758933 2.3905522 2.3536756 1.9939427 2.2818551 1.9260103 2.4284452 2.5473390 2.3310673 2.0872502 2.3310673 2.0872502 2.3994634 3.6109314 3.3193006 3.1215490 2.4259265 3.2709952 
Ctel_gnl_WGS_AMQN_CAPTEDRAFT_mRNA179894                3.2084002 3.2502413 3.2547592 2.5464495 2.9312731 2.1167219 1.9525287 2.2079539 2.1505402 2.1925847 1.1625697 1.1247732 1.1719444 0.8015759 0.9800756 0.0000000 1.0032504 1.1238553 1.3677309 1.0693023 1.2236220 2.0058586 1.6225516 1.6353351 1.6624593 1.4621882 1.5156715 1.6394858 1.1487231 1.6569357 2.2303063 1.6168925 1.5855665 1.4280193 1.4239819 1.3426666 1.4632887 1.6222402 1.6514396 1.5880871 1.4525274 1.2976101 1.5758468 2.3694419 1.7389097 1.7504379 1.9670663 1.4963924 1.7472457 2.0151471 1.9776255 2.3047917 2.4426028 2.8073939 2.8119768 1.5898089 2.2603440 3.0544698 2.9741032 2.4702357 2.3801880 2.5482692 2.0494180 2.6533193 2.5756241 1.6843215 1.8335668 2.4121566 2.0412293 2.3323523 2.2766908 2.1005842 1.8979867 2.5414661 2.5960503 2.3843999 2.1579772 2.3843999 2.1579772 2.3859408 3.2138520 3.0158103 3.3707120 1.9970781 3.2268328 
Cscu_XM_023376775.1                                    2.3725191 2.3904945 2.3752496 2.2200345 2.0845442 2.1031249 2.1133680 2.1322709 2.1357837 2.2529632 1.0837930 1.0821086 1.0610103 0.9024108 1.1172509 1.0032504 0.0000000 0.9095248 1.2589968 0.9250694 1.0710952 1.9291315 1.5309014 1.5459337 1.5761531 1.4929763 1.5480509 1.5340515 1.2114445 1.5319473 2.1197800 1.5747515 1.6329806 1.3413952 1.3080511 1.3257112 1.2971361 1.3079270 1.4110725 1.2863302 1.4216208 1.4725497 1.2837004 1.6926897 1.6022609 1.6235915 1.7597151 1.3745531 1.6664100 2.0013907 2.0345316 2.4041897 2.3586340 2.8553734 2.6521403 2.0895054 2.0089230 2.8026828 3.1194470 2.1212028 1.9428656 1.9841912 1.5724433 2.3608920 2.4776381 1.5113966 1.8355224 2.3347632 1.8728251 2.0176900 2.2590669 1.6480252 1.5637424 2.1092219 2.1007003 2.2714184 2.1422952 2.2714184 2.1422952 2.0039085 2.3500081 2.9574621 3.1564402 1.6829122 3.8071429 
Tcas_TC003901_001                                      2.8232794 2.8650201 2.8957907 2.6141921 3.0854982 2.3542220 2.0927240 2.1750140 2.3817066 2.3707463 1.3126511 1.3708802 1.2945611 0.9759162 1.1396453 1.1238553 0.9095248 0.0000000 0.6025090 0.6868513 1.3413341 1.9916361 1.6607014 1.6742632 1.6754229 1.5635998 1.6147066 1.6950826 1.3370665 1.7550711 2.8899657 1.7296496 1.7545121 1.5801775 1.5330848 1.4948108 1.5508987 1.7349537 1.7502837 1.5604904 1.7085527 1.4440251 1.5357637 2.3350139 1.7187033 1.7341432 1.8641800 1.6815064 1.9436298 2.2612010 2.2449497 2.2740192 2.6500734 2.9713545 2.5900472 1.4429724 2.5686226 3.1498683 3.1005831 2.3201534 2.5690214 2.8130752 2.6444508 2.6176658 2.7301977 1.6879881 1.8022382 2.4018560 2.0343531 2.6191235 2.4099272 2.2450561 1.8236089 2.5452895 2.5599380 2.4817661 2.1635885 2.4817661 2.1635885 2.5786187 3.8668299 2.9300651 3.1997422 2.2159204 3.8054570 
Tcas_TC010668_001                                      2.6040931 2.6882117 2.7173440 2.5386257 3.0539009 2.1084208 2.0214063 2.1186304 2.2477221 2.2986683 1.6076338 1.6159970 1.5153697 1.2005841 1.2801448 1.3677309 1.2589968 0.6025090 0.0000000 0.8196951 1.3310784 1.9457481 1.5266540 1.5397027 1.5315983 1.3092122 1.4724205 1.4749157 1.4304728 1.6844380 2.3089222 1.5912517 1.6496126 1.5269661 1.4629669 1.4167582 1.5526192 1.7741302 1.7971825 1.6515717 1.6428499 2.1061391 1.6292915 2.1915507 1.7867019 1.7830760 1.8205889 1.7824234 1.8983486 2.3033560 2.3132795 2.2481226 2.4486403 2.5597848 2.7253377 1.5735202 2.6287905 2.9185367 3.0701992 2.3039505 2.8293766 2.8352234 2.5181436 2.6982405 2.5568066 1.7854665 1.8451601 2.3565725 1.9677343 2.3048160 2.3501226 2.1564074 1.7402299 2.4604136 2.2986635 2.4465744 2.1664130 2.4465744 2.1664130 2.4344221 3.1897291 3.1907716 3.5379310 2.3679353 3.6216971 
Dpul_mRNA2144                                          2.7292175 2.8600894 2.8909545 2.6691379 3.0047671 2.1509847 2.2629792 2.3592488 2.4482026 2.4883336 1.2855219 1.2299209 1.2060994 1.1768780 1.1469796 1.0693023 0.9250694 0.6868513 0.8196951 0.0000000 1.2134896 1.9511657 1.6142251 1.6270714 1.5946103 1.4821050 1.5261516 1.6248139 1.4358779 1.7392551 2.5320536 1.7948725 1.7729475 1.5926576 1.5835856 1.6304166 1.6387774 1.6840165 1.7989535 1.5434191 1.8678810 1.7985097 1.8249316 2.8907046 1.8898960 1.9154375 1.9064969 1.7283972 1.8134309 2.2834887 2.3620940 2.4075402 2.6887045 3.1474201 3.1000137 1.6357606 2.7910962 2.9546083 3.0802604 2.4295805 2.8340104 2.6530763 2.3928897 2.4817462 2.8727954 1.7561285 1.9032672 2.6353924 2.2867175 2.7049584 2.6564999 2.4193167 2.1221790 2.8385697 2.8898969 2.7648174 2.4581700 2.7648174 2.4581700 2.7573523 3.8642178 2.9081972 2.9551884 2.3473931 3.8568911 
Skow_XM_006819928.1                                    2.8587532 2.9970596 2.9874863 2.5157067 2.8314919 2.3475395 2.1195220 2.4172688 2.6243050 2.6860289 1.1633975 1.1947076 1.1871415 1.1963571 1.3476643 1.2236220 1.0710952 1.3413341 1.3310784 1.2134896 0.0000000 1.7891320 1.4212072 1.4330205 1.4350937 1.2400385 1.2949858 1.4480911 1.2036073 1.5394880 2.4032155 1.4765184 1.5212528 1.2959327 1.2805783 1.2514176 1.2835474 1.2787352 1.5193893 1.3324695 1.3680393 1.6676996 1.5540029 2.3906537 1.6106303 1.6238286 1.7396491 1.5114819 1.6702385 2.0264756 2.0023613 2.2861640 2.3431925 3.0889642 3.1126217 1.3866102 2.5297930 3.0206620 3.1563836 2.2802145 2.3044614 2.4333231 2.0459242 2.5561955 2.2990328 1.7666002 1.8027773 3.2911649 2.6652551 2.4012802 2.4916656 2.1651778 1.8229044 2.3914723 2.3383580 2.5913918 2.2513144 2.5913918 2.2513144 2.1823043 3.5584777 2.9471805 2.8363324 3.0547368 4.0808018 
HoiH23_PlH23_000455-RA                                 3.6935514 3.8429322 3.8485261 3.2215631 3.9192905 2.8967922 2.8701950 2.8891271 3.2191934 3.3098529 2.0680166 1.9034069 1.9730369 1.9258241 1.9057346 2.0058586 1.9291315 1.9916361 1.9457481 1.9511657 1.7891320 0.0000000 0.2310003 0.2363428 0.1077044 0.3671969 0.3753422 0.4371965 1.8741709 2.0070343 2.5142363 2.0321607 2.0564608 1.9495589 1.9507677 1.8558724 2.0703257 2.1293936 2.2105376 2.1828368 2.1253845 2.1763740 2.1915601 2.2284902 2.4459620 2.4654544 2.3779450 2.2961240 2.4700986 2.5760335 3.1556430 3.1737977 3.3229773 3.1334974 3.0188965 3.5393796 3.0430982 4.0690076 3.8083129 3.1404051 2.8780387 3.4607610 4.0964394 3.1728117 3.3312614 2.5479625 2.4650745 2.5661994 2.3355236 3.2592687 2.4852448 3.1050431 2.9667451 3.1511444 3.2649435 3.0258188 2.9067105 3.0258188 2.9067105 3.0740946 3.8817845 3.7910612 4.1848420 2.1448044 4.0748974 
Hhon_g05785.t1                                         2.9693844 2.9677974 2.9624144 2.4918047 2.9913027 2.2301209 2.0852098 2.1303817 2.2242918 2.2747311 1.6731197 1.5345684 1.5807208 1.5778812 1.6056110 1.6225516 1.5309014 1.6607014 1.5266540 1.6142251 1.4212072 0.2310003 0.0000000 0.0030738 0.1334426 0.1666974 0.2615802 0.2241631 1.4486120 1.7290749 2.1226869 1.6014510 1.6925283 1.6047088 1.5762039 1.5535045 1.7015521 1.5314500 2.0320400 1.8791922 1.7177919 2.3009751 1.7248186 1.8991455 1.8842073 1.8986791 2.0478307 1.8510376 1.9260472 2.2546051 2.5214264 2.3726563 2.6359583 2.5045068 2.5044304 1.6261169 2.4876613 3.0802737 2.9416782 2.4399742 2.2494545 2.7429183 2.5199896 2.5366111 2.5102658 1.8105723 1.9841508 2.3192015 2.0649123 2.4818010 2.3368838 2.2162183 2.0777479 2.5236072 2.6159173 2.3982012 2.2840507 2.3982012 2.2840507 2.3825473 3.1724345 3.0426956 3.2213265 2.1420255 3.3642380 
HoiH04_mRNA3979                                        2.9945489 2.9928429 2.9873992 2.5004985 2.9913027 2.2376100 2.0922289 2.1375894 2.2242918 2.2660853 1.6863498 1.5470174 1.5943528 1.5905242 1.6183889 1.6353351 1.5459337 1.6742632 1.5397027 1.6270714 1.4330205 0.2363428 0.0030738 0.0000000 0.1375168 0.1720757 0.2665669 0.2241631 1.4608000 1.7250241 2.1226869 1.6145474 1.7061299 1.6175219 1.5889125 1.5659178 1.7149629 1.5314500 2.0476775 1.8962550 1.7316120 2.4147716 1.7386668 1.8991455 1.8903094 1.9048261 2.0553869 1.8585624 1.9083071 2.2616544 2.5413418 2.3919786 2.6112715 2.5248335 2.5247747 1.6261169 2.5072237 3.1047941 2.9655583 2.4596489 2.2569265 2.7177355 2.5199896 2.5573820 2.5304663 1.8188735 1.9910271 2.3192015 2.0649123 2.4754938 2.3182125 2.2162183 2.0777479 2.5442008 2.6246920 2.4187233 2.3071864 2.4187233 2.3071864 2.4032881 3.1724345 3.0528502 3.2618160 2.1420255 3.3776662 
HoiH06_mRNA14623                                       2.9416319 3.0139979 3.0183880 2.6145131 3.1389129 2.2522758 2.0825915 2.1588166 2.2564009 2.3485729 1.7126579 1.5811966 1.6297924 1.5745875 1.6104286 1.6624593 1.5761531 1.6754229 1.5315983 1.5946103 1.4350937 0.1077044 0.1334426 0.1375168 0.0000000 0.2118884 0.2448511 0.2480859 1.5144131 1.7156036 2.1802874 1.7015141 1.7390285 1.6318150 1.6207419 1.5483128 1.7144029 1.6832557 2.0510270 1.8898616 1.7665068 2.1350928 1.7317783 1.9540235 1.9476484 1.9620981 2.1423197 1.8034050 1.9808081 2.2660281 2.4682413 2.4388980 2.6885832 2.5577682 2.5404633 1.5681625 2.5009133 3.3131308 3.0721227 2.5050381 2.3081462 2.8473113 2.5185921 2.6124690 2.5908773 1.8129619 1.9369026 2.3674220 2.1120367 2.6672191 2.5655289 2.3569772 2.1851783 2.6460427 2.7174468 2.5558735 2.3940732 2.5558735 2.3940732 2.4599939 3.3915092 3.1345746 3.4294420 2.1641088 3.4223088 
HoiH11_mRNA4149                                        2.6015655 2.5795518 2.5742029 2.2578263 2.3334183 1.9250999 1.7162125 1.8716822 1.9268233 2.0028099 1.5639853 1.4092818 1.4280105 1.4275081 1.5104711 1.4621882 1.4929763 1.5635998 1.3092122 1.4821050 1.2400385 0.3671969 0.1666974 0.1720757 0.2118884 0.0000000 0.2496715 0.2325987 1.3677604 1.3276633 1.9778778 1.3525254 1.4740172 1.5116339 1.4942933 1.4583115 1.5414424 1.2908675 1.8947215 1.7063251 1.4925441 2.1704925 1.5372254 1.6228490 1.7810903 1.8176411 1.8204249 1.7128844 1.7744708 1.8741872 2.2614001 2.1533708 2.5254650 2.4621381 2.4110311 1.5724950 2.1169282 2.6232469 2.6900261 1.9521435 2.1382029 2.5634723 1.9489467 2.2708670 2.3228657 1.3955240 1.6504637 2.2854360 1.9485680 2.1064764 2.2158367 1.9744161 1.8341675 2.2758252 2.2547245 2.1454112 2.0567542 2.1454112 2.0567542 2.0528854 2.7814554 2.8954647 3.2428083 2.1667905 3.3912773 
TrH2_TrispH2_000401-RA                                 2.6398823 2.7709898 2.7660953 2.4657909 2.9304015 2.1082311 2.0544583 2.2038585 2.0928175 2.0697511 1.5571978 1.5664668 1.6082871 1.4772500 1.6215421 1.5156715 1.5480509 1.6147066 1.4724205 1.5261516 1.2949858 0.3753422 0.2615802 0.2665669 0.2448511 0.2496715 0.0000000 0.0085773 1.3955222 1.6645850 1.9516466 1.6579387 1.6293035 1.5492781 1.5749309 1.5300432 1.6664329 1.5444928 2.0250195 1.9322096 1.6771184 1.8427339 1.6449529 1.8749989 1.9386724 1.9543234 2.0476039 1.7793007 1.9368714 2.1369909 2.4570792 2.1822135 2.4315306 2.4648945 2.4529473 1.5479540 2.4237833 3.2101348 3.0616457 2.3174196 2.3614284 2.7878068 2.4609645 2.3306497 2.5808973 1.8919933 1.8177780 2.4692830 2.2066411 2.4444025 2.5375993 2.2956351 2.0338206 2.4566573 2.4230880 2.3824649 2.2346757 2.3824649 2.2346757 2.2663723 2.8290288 2.8273855 3.1127912 2.3451503 3.4294634 
Tadh_TriadT59815                                       2.6518329 2.7912670 2.7912670 2.7058367 2.7859069 1.7925402 1.8101269 1.9177640 1.9762410 1.9891007 1.7002666 1.6578787 1.7393034 1.5425926 1.6968139 1.6394858 1.5340515 1.6950826 1.4749157 1.6248139 1.4480911 0.4371965 0.2241631 0.2241631 0.2480859 0.2325987 0.0085773 0.0000000 1.5445223 1.9221277 1.9516466 1.7514568 1.7352059 1.5643937 1.5892041 1.5937688 1.7395836 1.5444928 2.3383916 2.2305375 1.8084731 0.0000010 1.6743079 1.8749989 1.8855226 1.9073918 2.1728442 1.9942269 2.1775955 2.4164978 2.4682006 2.2770470 2.3921618 2.2121143 2.2749917 1.5337551 2.5004558 3.2528719 2.9987698 2.3394673 2.3533602 2.8583911 2.4456728 2.3793953 2.1822522 2.0061852 1.8009270 2.4171608 2.1507473 2.4177394 1.7602210 2.4208467 2.1372978 2.6574341 2.7476058 2.4005151 2.1624159 2.4005151 2.1624159 2.4382578 2.8290288 2.5867665 3.6280575 2.3451503 3.3740158 
Spur_XM_030991820.1                                    2.8824819 2.9029605 2.9064030 2.5226771 2.6831636 2.1998318 2.0374934 2.2705519 2.4446485 2.4251150 1.2583036 1.2965057 1.1872550 1.2416365 1.4460891 1.1487231 1.2114445 1.3370665 1.4304728 1.4358779 1.2036073 1.8741709 1.4486120 1.4608000 1.5144131 1.3677604 1.3955222 1.5445223 0.0000000 1.7775355 2.9970262 1.6494609 1.7739224 1.4401262 1.4515193 1.5280659 1.6539853 1.9219194 1.7783868 1.7017169 1.6893848 1.4979934 1.6484396 2.6435972 1.8535761 1.8492264 2.1453662 1.6058588 1.8859301 2.0226260 2.1393246 2.2721316 2.1703005 2.8593169 2.8607827 1.5188654 2.1797565 3.0425294 2.9712480 2.3382266 2.2007088 2.5832285 2.3840776 2.4319350 2.4239842 1.5696174 1.8259367 2.7195057 2.3730818 2.1567470 2.2538724 2.1392570 1.7231827 2.2837035 2.2431301 2.5309154 2.1662576 2.5309154 2.1662576 2.4231564 3.0124805 2.9424944 3.2549551 2.5592356 3.5243847 
Morvir_scaffold54.g80.t1                               2.9322581 3.0313989 3.0313989 2.4234775 3.6783648 2.1404452 2.0837065 2.1486369 2.4405976 2.4072876 1.6466540 1.5954704 1.6260120 1.6074425 1.7867655 1.6569357 1.5319473 1.7550711 1.6844380 1.7392551 1.5394880 2.0070343 1.7290749 1.7250241 1.7156036 1.3276633 1.6645850 1.9221277 1.7775355 0.0000000 0.7960818 0.5385596 0.6249988 0.9902758 1.0000546 0.9203546 1.0445196 0.8489309 1.2628168 1.3623708 1.0150427 1.4730610 1.0754551 1.4120685 1.1222006 1.1057736 1.2094924 0.9229180 0.9669852 1.7525805 2.0749391 2.5932742 2.4379204 3.0100856 2.7921536 1.4729452 2.3213294 3.0183132 2.9150624 2.3064216 2.4123230 2.4153042 1.8279292 2.9289311 2.3847706 1.9085006 2.0003982 3.2701892 2.6178605 2.1145859 1.8035133 2.4760320 1.9673324 2.4813903 2.4805806 2.3349947 2.0522307 2.3349947 2.0522307 2.3948149 3.4026761 2.9441359 3.0548247 3.5017781 3.5289042 
Nemnom_g11767.t1                                       3.3457606 3.6062538 3.6062538 3.0820598 4.3603937 2.2073169 2.1448926 2.3139833 2.4193862 2.4193862 2.5993510 2.1506784 2.7646701 2.3545322 2.2662880 2.2303063 2.1197800 2.8899657 2.3089222 2.5320536 2.4032155 2.5142363 2.1226869 2.1226869 2.1802874 1.9778778 1.9516466 1.9516466 2.9970262 0.7960818 0.0000000 0.4738354 0.1533691 1.2691314 1.2721006 1.2688669 1.3787617 0.8522364 1.3873479 2.3727520 1.4487423 0.0000010 1.4291173 1.4234542 1.4256505 1.4802625 1.5330772 1.2472119 1.0542530 3.9654447 2.6384915 2.8711446 3.0541412 2.9044174 3.2533413 0.9797542 3.0258240 3.5377959 4.0265749 2.6309653 3.1942627 3.2887890 2.7189304 3.9384593 2.7078825 2.3918891 2.2679593 2.2810003 2.2810003 3.3333532 0.0000010 3.2194557 2.6789928 3.3831696 3.3159737 3.0675015 2.5724404 3.0675015 2.5724404 3.1283473 4.1094955 3.1603027 2.6435529 3.1793481 3.0004067 
Sanmal_Sma_019099-T1                                   2.7212702 2.8253625 2.8463234 2.5709297 3.7417925 2.2332252 2.0846578 2.1586964 2.3376806 2.4047113 1.5564683 1.5953193 1.5213506 1.4799237 1.7393487 1.6168925 1.5747515 1.7296496 1.5912517 1.7948725 1.4765184 2.0321607 1.6014510 1.6145474 1.7015141 1.3525254 1.6579387 1.7514568 1.6494609 0.5385596 0.4738354 0.0000000 0.3529894 0.9632926 0.9460631 0.8752132 0.8844839 0.8658204 1.1382235 1.1613309 0.9484761 1.5698038 1.0114270 1.3383888 1.0475885 1.0630474 1.2384314 0.9177934 0.8747537 1.5813145 2.0361318 2.3611885 2.4510948 2.8163648 2.7623454 1.3512754 2.3680296 3.0564154 3.1702490 2.2408071 2.5165462 2.4903585 2.0695143 2.8520936 2.3415679 1.7841896 1.8450390 2.7437527 2.2579527 2.2813407 1.9155419 2.3569877 2.0092198 2.4887090 2.3530100 2.3463713 2.1198221 2.3463713 2.1198221 2.3004537 3.7181620 3.0309876 3.5684192 3.4433558 3.2406359 
Rhoesc_Res_006799-T1                                   2.6423662 2.7618838 2.7884956 2.4131480 4.1589496 1.9752370 1.8938864 2.0841217 2.4308623 2.4348589 1.6977028 1.5823456 1.6287722 1.4795523 1.6449248 1.5855665 1.6329806 1.7545121 1.6496126 1.7729475 1.5212528 2.0564608 1.6925283 1.7061299 1.7390285 1.4740172 1.6293035 1.7352059 1.7739224 0.6249988 0.1533691 0.3529894 0.0000000 0.9908579 0.9643206 0.9437589 1.0148707 0.9381823 1.2322117 1.2505451 0.9510352 1.0636009 1.0472470 1.4961487 1.1493944 1.1851410 1.3222083 0.8633837 0.9228447 1.3787535 2.1402889 2.3259464 2.3818745 2.6087377 2.6066330 1.3123014 2.3854583 2.8987102 3.0347437 2.0818544 2.4706963 2.5420334 2.1929776 2.7955288 2.2860431 1.8955058 1.9116630 2.7043424 2.2223500 2.2677996 1.7364398 2.4590289 2.0366872 2.4609084 2.4760067 2.3465376 2.1002902 2.3465376 2.1002902 2.3045496 4.0685584 2.8814919 3.4451558 3.1695423 3.2912532 
Spis_XP_022780932_1                                    2.5933303 2.6978337 2.7173915 2.2581031 3.0832097 2.3585647 2.0578204 2.2653379 2.4431094 2.5368252 1.5014012 1.3526217 1.3628577 1.4475897 1.6104673 1.4280193 1.3413952 1.5801775 1.5269661 1.5926576 1.2959327 1.9495589 1.6047088 1.6175219 1.6318150 1.5116339 1.5492781 1.5643937 1.4401262 0.9902758 1.2691314 0.9632926 0.9908579 0.0000000 0.0811047 0.1880838 0.2443166 0.2767580 0.4119838 0.4482186 0.6305958 0.7270736 0.5829969 0.6553261 1.0414681 1.0378225 1.2039128 1.1527165 1.2607849 1.8254568 1.8926276 2.1900040 2.3074593 2.4557160 2.3424948 1.5218790 2.2414450 2.9553739 3.0404235 2.1859815 2.1365409 2.4573088 2.0466467 2.6415118 2.4661636 1.7824079 1.8855107 2.8470553 2.2593309 2.3412334 2.3337108 2.1112298 1.8741455 2.4996363 2.5216676 2.3757199 2.2230882 2.3757199 2.2230882 2.3612320 3.5251225 2.7663544 2.9114846 2.7831883 3.6628081 
Pocdam_XM_027192764.1                                  2.7603310 2.8304614 2.8511691 2.3835612 3.1283062 2.3689310 2.0558026 2.2116530 2.3936192 2.4874079 1.4977634 1.3459025 1.4020411 1.4834354 1.6483577 1.4239819 1.3080511 1.5330848 1.4629669 1.5835856 1.2805783 1.9507677 1.5762039 1.5889125 1.6207419 1.4942933 1.5749309 1.5892041 1.4515193 1.0000546 1.2721006 0.9460631 0.9643206 0.0811047 0.0000000 0.1804744 0.2343396 0.3151723 0.4057776 0.4527673 0.6431284 0.7341081 0.6129877 0.7087900 1.0320229 1.0283805 1.2229281 1.1574722 1.2126903 1.7886968 1.9536583 2.2602110 2.4002787 2.5247089 2.4249475 1.4566312 2.2076154 3.1198561 3.1233256 2.3017834 2.1269270 2.4691516 2.0659243 2.6559006 2.5247776 1.8139624 1.9828900 2.8940005 2.2946947 2.3336050 2.2915054 2.1174228 1.8919755 2.4411555 2.4831541 2.3620193 2.1988168 2.3620193 2.1988168 2.3242681 3.4416507 2.8311333 3.0627180 2.6609691 3.5745389 
Fspp_ffun1.m4.2506.m1                                  2.6536625 2.6590032 2.6782953 2.2381701 2.9250456 2.3560512 2.1957359 2.2575303 2.4389181 2.5390894 1.4627657 1.2837066 1.3417042 1.4077882 1.6257527 1.3426666 1.3257112 1.4948108 1.4167582 1.6304166 1.2514176 1.8558724 1.5535045 1.5659178 1.5483128 1.4583115 1.5300432 1.5937688 1.5280659 0.9203546 1.2688669 0.8752132 0.9437589 0.1880838 0.1804744 0.0000000 0.1869497 0.2574406 0.3443053 0.3857135 0.6210820 0.7166178 0.5476814 0.6491440 0.9777039 0.9740688 1.1546109 1.0353734 1.2337862 1.7906254 1.8788123 2.1429917 2.4169805 2.5809297 2.4279693 1.4540925 2.1529123 3.1510983 3.0932182 2.1356502 2.2403758 2.3838190 1.9169431 2.7061850 2.3736832 1.8349722 1.9948748 2.7224783 2.2185723 2.2099815 1.9794617 2.0430633 1.8601877 2.4553933 2.5462645 2.3417393 2.1909175 2.3417393 2.1909175 2.2619245 3.4967015 2.8984680 3.0395796 2.7944633 3.6846593 
Gfas_gfas1.m1.23342.m1                                 2.7521594 2.8509583 2.8717470 2.4437552 3.2441335 2.4590451 2.2583349 2.3823933 2.5401936 2.6447897 1.4896521 1.3909021 1.4037000 1.4802829 1.6723246 1.4632887 1.2971361 1.5508987 1.5526192 1.6387774 1.2835474 2.0703257 1.7015521 1.7149629 1.7144029 1.5414424 1.6664329 1.7395836 1.6539853 1.0445196 1.3787617 0.8844839 1.0148707 0.2443166 0.2343396 0.1869497 0.0000000 0.3622477 0.3035768 0.3098743 0.5521364 0.6577075 0.5433036 0.6171527 1.0333619 1.0297181 1.1740913 1.2071103 1.2945466 1.8822885 2.0131358 2.2861342 2.6262466 2.7442172 2.5532499 1.5421026 2.3357201 3.2090779 3.2909899 2.3188883 2.3610423 2.5850031 2.2259089 2.8613847 2.5434701 1.8981924 2.0421259 3.1259482 2.4982755 2.3871686 2.0940667 2.2909324 2.0334634 2.5377822 2.6121463 2.4966918 2.3344889 2.4966918 2.3344889 2.4153916 3.7967973 3.0300456 3.0487788 2.9203825 3.6974349 
Gasp_gasp1.m3.10181.m1                                 2.3523724 2.6436082 2.6436082 1.8954412 2.2181184 1.9861217 2.0182230 2.2401187 2.2436833 2.2436833 1.3343187 1.4548701 1.5649737 1.6097953 1.4103422 1.6222402 1.3079270 1.7349537 1.7741302 1.6840165 1.2787352 2.1293936 1.5314500 1.5314500 1.6832557 1.2908675 1.5444928 1.5444928 1.9219194 0.8489309 0.8522364 0.8658204 0.9381823 0.2767580 0.3151723 0.2574406 0.3622477 0.0000000 0.4188090 0.6914123 0.6248335 0.0000010 0.7212388 0.7236285 0.6019676 0.5933687 0.7001548 0.6882994 1.2499933 3.2134889 1.5605920 2.3166473 2.0456087 2.4230582 2.1625833 1.0829294 1.6520821 2.5769163 2.5826139 1.8904291 1.9110200 1.7394533 1.4524514 2.7256115 1.8110133 1.5967888 1.5967888 2.0804925 2.0804925 2.1857725 0.0000010 2.1584698 2.5007517 2.5721276 2.6039262 2.5310464 2.5310464 2.5310464 2.5310464 2.1266923 2.6218421 1.8349042 1.8254842 3.7863064 3.2273041 
Adig_XM_015897272.1                                    3.0784886 3.1096066 3.1330223 2.7285926 3.2426722 2.9497707 2.7127295 2.7585404 2.9916650 3.0580405 1.7042533 1.6009910 1.6693226 1.6298517 1.8829528 1.6514396 1.4110725 1.7502837 1.7971825 1.7989535 1.5193893 2.2105376 2.0320400 2.0476775 2.0510270 1.8947215 2.0250195 2.3383916 1.7783868 1.2628168 1.3873479 1.1382235 1.2322117 0.4119838 0.4057776 0.3443053 0.3035768 0.4188090 0.0000000 0.1969175 0.8238171 0.7351140 0.7694429 0.7298516 1.2124501 1.2087392 1.1069138 1.3490816 1.5703235 2.1946551 2.3044461 2.6498648 2.8980860 3.0966448 2.9804663 2.2743512 2.6287019 3.6159944 3.6260823 2.4978614 2.6757026 2.8183004 2.8742923 3.2369593 2.7913029 2.2354280 2.3391734 2.7402892 2.4105896 2.5654479 2.0743433 2.7363279 2.5457346 2.9919534 2.9451926 2.7214706 2.5234246 2.7214706 2.5234246 2.6898213 3.1734088 3.3888407 2.8256109 3.1503745 4.0139269 
Amil_Amillepora22370-RA                                2.9787760 3.0260295 3.0519748 2.5308762 4.1105963 2.8849420 2.6573860 2.7091540 3.0404109 3.1665580 1.6832394 1.5848629 1.5812143 1.5963274 1.7403646 1.5880871 1.2863302 1.5604904 1.6515717 1.5434191 1.3324695 2.1828368 1.8791922 1.8962550 1.8898616 1.7063251 1.9322096 2.2305375 1.7017169 1.3623708 2.3727520 1.1613309 1.2505451 0.4482186 0.4527673 0.3857135 0.3098743 0.6914123 0.1969175 0.0000000 0.8712726 0.7351140 0.8184021 1.2999224 1.3177237 1.3260629 1.4940099 1.3329871 1.5474072 1.6051306 2.3287737 2.6709133 2.7952350 3.0967458 2.9282874 1.5380572 2.6419987 3.6508018 3.5324686 2.4498106 2.4499720 2.9227511 3.0739735 3.1847222 2.9370035 2.1697952 2.2069888 4.4343661 3.3063642 2.5512319 2.0710833 2.7459238 2.4502809 2.9418531 2.8862219 2.8146495 2.5312327 2.8146495 2.5312327 2.7225879 4.3384128 3.4671957 3.3390648 3.4795929 4.0075841 
Exapal_XM_021038901.2                                  2.9509400 3.0030329 3.0354674 2.4337692 2.9418963 2.3909070 2.0934667 2.3743028 2.3970345 2.4662692 1.6529131 1.4084287 1.3709321 1.4908961 1.6885650 1.4525274 1.4216208 1.7085527 1.6428499 1.8678810 1.3680393 2.1253845 1.7177919 1.7316120 1.7665068 1.4925441 1.6771184 1.8084731 1.6893848 1.0150427 1.4487423 0.9484761 0.9510352 0.6305958 0.6431284 0.6210820 0.5521364 0.6248335 0.8238171 0.8712726 0.0000000 0.8501373 0.4863351 0.5214744 1.1645505 1.1810596 1.3162588 1.2350934 1.3063235 1.8487278 2.1573298 2.4085295 2.5815147 2.8091806 2.5838970 1.4250163 2.2447791 3.0031740 3.0620850 2.4836255 2.4056132 2.5381172 2.1735335 2.8646756 2.3677046 2.0273240 2.0761676 3.2719389 2.6404666 2.4748072 2.4276751 2.0856905 1.8866534 2.4921053 2.4924730 2.3591656 2.2460614 2.3591656 2.2460614 2.4483835 3.4851899 3.0780532 3.0145362 3.1115837 3.6104115 
Nvec_v1g143806                                         2.2855706 2.3486379 2.4877511 1.9244465 5.7674708 2.7959932 1.7958373 2.5250381 0.0000010 2.0190871 1.6352640 1.5522005 1.7509099 1.4506050 1.8174346 1.2976101 1.4725497 1.4440251 2.1061391 1.7985097 1.6676996 2.1763740 2.3009751 2.4147716 2.1350928 2.1704925 1.8427339 0.0000010 1.4979934 1.4730610 0.0000010 1.5698038 1.0636009 0.7270736 0.7341081 0.7166178 0.6577075 0.0000010 0.7351140 0.7351140 0.8501373 0.0000000 0.0193657 0.0000010 1.8097934 1.8097934 2.0318136 1.2035045 1.6403469 1.6787094 1.8643232 2.2986503 1.9702244 5.4071966 3.5589215 0.0000010 2.2620793 1.9191831 2.1059645 2.5466558 2.4657330 1.7954883 0.0000010 2.3673453 4.3179844 3.3309142 2.8061396 9.0000000 2.4356573 2.5040426 2.5040426 0.0000010 0.0000010 2.1790382 2.2946701 3.1748410 3.1748410 3.1748410 3.1748410 2.5079057 0.0000010 3.1381587 2.4594792 0.0000010 2.8124758 
Nvec_v1g189126                                         2.7705080 2.8616210 2.8891057 2.4327730 3.0056540 2.3938415 2.0038640 2.2386153 2.5756979 2.6886200 1.6280705 1.4449728 1.4501833 1.4679458 1.6983912 1.5758468 1.2837004 1.5357637 1.6292915 1.8249316 1.5540029 2.1915601 1.7248186 1.7386668 1.7317783 1.5372254 1.6449529 1.6743079 1.6484396 1.0754551 1.4291173 1.0114270 1.0472470 0.5829969 0.6129877 0.5476814 0.5433036 0.7212388 0.7694429 0.8184021 0.4863351 0.0193657 0.0000000 0.0270734 1.1911909 1.1855049 1.3676954 1.2319772 1.3388277 1.9319469 1.9586632 2.3812799 2.5881486 2.8387638 2.6721992 1.4444274 2.4051467 3.0746690 3.2182053 2.3890700 2.5459015 2.5618932 2.1951873 2.6649824 2.6431601 1.8090554 1.9516910 3.0200718 2.4861438 2.3768701 2.0654518 2.4073788 2.1119905 2.5447593 2.4886408 2.4823640 2.3857448 2.4823640 2.3857448 2.4500405 3.5750346 3.0590786 3.2636828 3.4254490 3.3863946 
Nvec_v1g116021                                         3.9694459 4.1546276 4.1546276 2.9453772 3.3802354 2.5585892 2.5193324 2.5787248 2.8474031 2.8474031 2.4317893 1.9649454 2.1154102 2.0623408 2.3219642 2.3694419 1.6926897 2.3350139 2.1915507 2.8907046 2.3906537 2.2284902 1.8991455 1.8991455 1.9540235 1.6228490 1.8749989 1.8749989 2.6435972 1.4120685 1.4234542 1.3383888 1.4961487 0.6553261 0.7087900 0.6491440 0.6171527 0.7236285 0.7298516 1.2999224 0.5214744 0.0000010 0.0270734 0.0000000 1.3718150 1.3602010 1.4578298 1.9215374 1.5927511 4.1170614 2.3571924 3.2729543 3.9772618 2.8861534 2.7584912 1.2739633 2.9324962 4.1053549 4.2390976 2.7364262 3.1559919 3.2585670 2.7704760 3.7951085 3.0927396 2.2466646 2.2614267 2.4165940 2.4165940 3.2484203 0.0000010 3.2636379 2.9360917 3.4979700 3.2845287 3.0438165 2.9522544 3.0438165 2.9522544 3.2624837 3.6826938 3.5676636 2.6965687 3.3967586 3.1912872 
