72
Pbac_sb2648622                                             0.0000000 2.2262239 2.2262239 1.9263152 1.9263152 2.2513731 2.2513731 2.1486550 2.1486550 4.2394772 1.4351602 3.8087183 4.0827211 3.8999664 4.3195109 3.0090609 3.3485452 3.2313033 3.5140815 3.4902527 3.5339312 3.4411699 3.4026419 3.5009566 3.5009566 3.4915690 3.5111183 4.1296292 3.6509982 3.9370267 4.0940463 6.8998446 3.8537232 3.7769953 3.6083278 4.4825393 4.4107497 4.1222275 4.2804993 4.6215706 3.4951468 4.0198390 4.3797363 3.9164915 4.6431430 4.6419439 4.4667143 4.3676890 4.2435151 5.4601523 4.4287350 4.4287350 4.6676229 4.5078276 4.4797124 4.5069503 4.2959914 4.2199783 4.1749381 4.6149746 4.1579563 5.0193510 4.5644639 3.6992733 4.7634997 4.6635558 4.6760508 4.6760508 7.4217169 3.8321610 5.9529135 4.7589418 
Bolinf_Binf_sb1223196                                      2.2262239 0.0000000 0.0000010 0.4082004 0.4082004 0.4172092 0.4172092 0.5595159 0.5595159 0.6986515 0.7632085 1.7407158 1.7482380 1.7833038 1.6130269 1.5264164 2.3286950 1.5886590 1.5852579 1.5750647 1.5863556 1.5764189 1.6020597 1.7102350 1.7102350 1.6034079 1.4609465 1.7519512 1.5381481 1.4545348 1.8477446 2.9763798 1.6528948 1.7330412 1.7642252 1.9015459 1.8919798 1.9701868 1.9294717 1.9886576 1.7806372 1.7219806 1.4589871 2.0650421 2.1774904 2.3984222 2.3620891 2.1575856 2.4703364 2.1582573 1.8956838 1.8956838 1.7979739 1.8662622 1.8726332 1.7855573 1.8204164 1.9114494 2.3892847 2.2339096 2.0226851 2.7523731 2.9514723 2.2980930 3.2593024 2.7408495 3.1504440 3.1504440 2.8677450 2.2619584 2.8651997 3.5537235 
Bolinf_Binf_sb1223197                                      2.2262239 0.0000010 0.0000000 0.4082004 0.4082004 0.4172092 0.4172092 0.5595159 0.5595159 0.6986515 0.7632085 1.7407158 1.7482380 1.7833038 1.6130269 1.5264164 2.3286950 1.5886590 1.5852579 1.5750647 1.5863556 1.5764189 1.6020597 1.7102350 1.7102350 1.6034079 1.4609465 1.7519512 1.5381481 1.4545348 1.8477446 2.9763798 1.6528948 1.7330412 1.7642252 1.9015459 1.8919798 1.9701868 1.9294717 1.9886576 1.7806372 1.7219806 1.4589871 2.0650421 2.1774904 2.3984222 2.3620891 2.1575856 2.4703364 2.1582573 1.8956838 1.8956838 1.7979739 1.8662622 1.8726332 1.7855573 1.8204164 1.9114494 2.3892847 2.2339096 2.0226851 2.7523731 2.9514723 2.2980930 3.2593024 2.7408495 3.1504440 3.1504440 2.8677450 2.2619584 2.8651997 3.5537235 
Lampan_Lpan_2933_01                                        1.9263152 0.4082004 0.4082004 0.0000000 0.0000010 0.5265762 0.5265762 0.6149385 0.6149385 1.1626315 0.8286600 1.9402624 1.9884839 2.0093077 1.8208356 1.6283064 1.9411349 1.8477070 1.8281240 1.8582425 1.8100578 1.8008986 1.9651316 1.9549417 1.9549417 1.9527918 1.7015906 2.0222748 1.9787582 1.9157404 2.1660330 2.8433436 1.8510721 2.1610763 2.2537940 2.0012055 2.1364642 2.1774596 2.1043484 1.8303255 2.0877246 2.0294906 1.7600901 2.2753541 2.6302733 2.7518978 2.8565026 2.8317044 3.0576773 2.6959317 2.3633477 2.3633477 2.3496475 2.3633869 2.3405056 2.1373061 2.1373061 2.4369149 2.6465804 3.2249193 2.4507808 3.7248904 2.9598705 2.2152752 4.2270609 2.8488434 3.8913012 3.8913012 2.7537107 2.2241426 2.5956688 3.1893537 
Lampan_Lpan_2935_01                                        1.9263152 0.4082004 0.4082004 0.0000010 0.0000000 0.5265762 0.5265762 0.6149385 0.6149385 1.1626315 0.8286600 1.9402624 1.9884839 2.0093077 1.8208356 1.6283064 1.9411349 1.8477070 1.8281240 1.8582425 1.8100578 1.8008986 1.9651316 1.9549417 1.9549417 1.9527918 1.7015906 2.0222748 1.9787582 1.9157404 2.1660330 2.8433436 1.8510721 2.1610763 2.2537940 2.0012055 2.1364642 2.1774596 2.1043484 1.8303255 2.0877246 2.0294906 1.7600901 2.2753541 2.6302733 2.7518978 2.8565026 2.8317044 3.0576773 2.6959317 2.3633477 2.3633477 2.3496475 2.3633869 2.3405056 2.1373061 2.1373061 2.4369149 2.6465804 3.2249193 2.4507808 3.7248904 2.9598705 2.2152752 4.2270609 2.8488434 3.8913012 3.8913012 2.7537107 2.2241426 2.5956688 3.1893537 
Beraby_Baby_sb331176                                       2.2513731 0.4172092 0.4172092 0.5265762 0.5265762 0.0000000 0.0000010 0.6737869 0.6737869 0.6605435 0.7951285 2.0779794 2.0334610 2.0146886 1.9203400 1.7752286 2.5166580 1.8702936 1.8038134 1.7935590 1.8419933 1.8068401 1.8656514 1.8582527 1.8582527 1.8552451 1.7750300 2.0033929 1.8774418 1.8745332 2.2747889 3.6355746 2.1014955 2.2220487 2.1721835 2.3216856 2.3347619 2.3454846 2.2999053 2.4381473 2.2175353 2.0788827 1.7986094 2.3887847 2.3898252 2.7071584 2.6439084 2.7541478 2.7035560 2.6863179 2.1344008 2.1344008 2.1476120 2.1098805 2.1312330 2.0286509 2.0286509 2.1577664 2.7725782 2.4835716 2.2155560 3.1447581 2.8900299 2.6654003 3.6113491 2.8285904 3.2167105 3.2167105 2.7847575 2.1681407 2.5630965 3.8302175 
Beraby_Baby_sb331177                                       2.2513731 0.4172092 0.4172092 0.5265762 0.5265762 0.0000010 0.0000000 0.6737869 0.6737869 0.6605435 0.7951285 2.0779794 2.0334610 2.0146886 1.9203400 1.7752286 2.5166580 1.8702936 1.8038134 1.7935590 1.8419933 1.8068401 1.8656514 1.8582527 1.8582527 1.8552451 1.7750300 2.0033929 1.8774418 1.8745332 2.2747889 3.6355746 2.1014955 2.2220487 2.1721835 2.3216856 2.3347619 2.3454846 2.2999053 2.4381473 2.2175353 2.0788827 1.7986094 2.3887847 2.3898252 2.7071584 2.6439084 2.7541478 2.7035560 2.6863179 2.1344008 2.1344008 2.1476120 2.1098805 2.1312330 2.0286509 2.0286509 2.1577664 2.7725782 2.4835716 2.2155560 3.1447581 2.8900299 2.6654003 3.6113491 2.8285904 3.2167105 3.2167105 2.7847575 2.1681407 2.5630965 3.8302175 
Drygla_Dgla_sb298136                                       2.1486550 0.5595159 0.5595159 0.6149385 0.6149385 0.6737869 0.6737869 0.0000000 0.0000010 1.0722519 0.7997644 2.0098076 2.0553092 2.1301382 1.9579293 1.9606241 2.4643049 2.0067274 1.9772513 1.9704423 2.0018785 1.9188128 2.0522007 2.0557404 2.0557404 1.9733670 1.7409379 2.1357268 1.9976592 2.1367998 2.4621794 3.6376783 2.1555503 2.2309581 2.2664572 2.2964701 2.2839973 2.4212995 2.3513967 2.4451354 2.2319929 2.0528658 1.7211894 2.3324380 2.6993184 2.7904018 2.9917134 2.7841831 3.0509400 2.7895858 2.2074730 2.2074730 2.1207324 2.1885719 2.2027608 2.1154241 2.1154241 2.7141895 2.7440373 2.8779509 2.5420407 3.4137180 3.0121762 2.4272199 4.2209580 3.0872847 3.2464555 3.2464555 2.6549108 2.2138514 2.7216250 3.7467177 
Drygla_Dgla_sb298137                                       2.1486550 0.5595159 0.5595159 0.6149385 0.6149385 0.6737869 0.6737869 0.0000010 0.0000000 1.0722519 0.7997644 2.0098076 2.0553092 2.1301382 1.9579293 1.9606241 2.4643049 2.0067274 1.9772513 1.9704423 2.0018785 1.9188128 2.0522007 2.0557404 2.0557404 1.9733670 1.7409379 2.1357268 1.9976592 2.1367998 2.4621794 3.6376783 2.1555503 2.2309581 2.2664572 2.2964701 2.2839973 2.4212995 2.3513967 2.4451354 2.2319929 2.0528658 1.7211894 2.3324380 2.6993184 2.7904018 2.9917134 2.7841831 3.0509400 2.7895858 2.2074730 2.2074730 2.1207324 2.1885719 2.2027608 2.1154241 2.1154241 2.7141895 2.7440373 2.8779509 2.5420407 3.4137180 3.0121762 2.4272199 4.2209580 3.0872847 3.2464555 3.2464555 2.6549108 2.2138514 2.7216250 3.7467177 
Mertsp_Mesp_sb627816                                       4.2394772 0.6986515 0.6986515 1.1626315 1.1626315 0.6605435 0.6605435 1.0722519 1.0722519 0.0000000 1.2000883 2.0779176 2.0739274 2.0135671 1.4870189 1.9418417 2.7541150 1.9456760 1.9056674 1.8772436 1.9990040 1.8289447 1.9054104 1.9324116 1.9324116 1.8538973 1.9045942 2.0152746 2.1973905 1.6539822 2.1842196 2.6690323 2.3335610 2.0610686 2.3152315 2.0697828 2.1931497 2.4200523 2.2033759 2.4522326 2.1384706 1.8633722 1.4083291 2.4309888 2.4126553 2.8044774 2.9108140 2.9360042 2.7385300 2.5138552 2.4522858 2.4522858 2.2390245 2.3667871 2.4566644 2.2099216 2.2099216 2.1847222 3.4308177 2.9228344 2.7105171 3.0850873 3.0524454 2.7712066 3.2891046 3.1265658 2.8174368 2.8174368 2.6474743 2.9185060 2.8283050 3.9811953 
Horcal_Hcv1.av93.c1.g130.i1                                1.4351602 0.7632085 0.7632085 0.8286600 0.8286600 0.7951285 0.7951285 0.7997644 0.7997644 1.2000883 0.0000000 2.4244524 2.4108202 2.2907298 1.8702961 2.0046482 2.6003692 2.2082607 2.1198042 2.1396988 2.1884724 2.1059146 2.1107504 2.2505975 2.2505975 2.0579155 2.1072386 2.5132514 2.0355169 1.8818060 2.4573541 4.2641765 2.2747495 2.3410115 2.2156671 2.0151246 2.1208468 2.4902350 2.3761202 2.4598492 2.2771269 2.2390304 1.5307085 2.3407885 3.1650441 3.0987517 2.9190397 3.0513957 3.2019677 2.9547858 2.3093233 2.3093233 2.2104542 2.2398361 2.3422537 2.1896682 2.2109772 2.4625905 3.3828629 3.0277413 2.5613343 3.3990391 3.0754637 3.0343455 3.9638542 3.4797987 3.7833920 3.7833920 2.9675133 2.3987825 2.7891070 4.2877558 
Nemnom_g10358.t1                                           3.8087183 1.7407158 1.7407158 1.9402624 1.9402624 2.0779794 2.0779794 2.0098076 2.0098076 2.0779176 2.4244524 0.0000000 0.1009551 0.3825292 0.6369265 0.8234551 1.3761378 0.7910157 0.7876038 0.7846789 0.7052214 0.8240353 0.8518694 0.8702937 0.8702937 0.7574111 0.8942255 1.0140970 0.9926444 1.2258626 1.2187553 1.5504293 1.1462429 1.3935262 1.1837324 1.2908885 1.2890282 1.2365042 1.3368782 1.8407569 0.9330174 1.0222021 0.8232010 1.2169136 1.1553000 1.7705841 1.8571790 2.0106697 2.1109630 1.5092838 1.3698953 1.3698953 1.3484857 1.3617809 1.3961516 1.3327022 1.4161577 1.6612056 1.6745223 1.4380739 1.9362108 2.4392920 2.4868099 1.4116273 2.3812767 2.3916884 2.6557873 2.6557873 2.9511007 2.9110441 3.0931155 3.2004996 
Rhoesc_Res_015012-T1                                       4.0827211 1.7482380 1.7482380 1.9884839 1.9884839 2.0334610 2.0334610 2.0553092 2.0553092 2.0739274 2.4108202 0.1009551 0.0000000 0.4089497 0.6272972 0.8398629 1.4094957 0.8475982 0.8109731 0.8108743 0.7395758 0.8554632 0.8772995 0.8900265 0.8900265 0.8035914 0.9242129 0.9982890 0.9925780 1.2817065 1.2945584 1.6974051 1.1656233 1.4252726 1.2206792 1.2191796 1.2645038 1.2426121 1.3822911 1.9348032 0.9662872 1.0248982 0.8255774 1.1852949 1.2058694 1.7493081 1.8781102 2.0027140 2.0548889 1.5302874 1.3621734 1.3621734 1.3415571 1.3540427 1.3644508 1.3373375 1.4213858 1.5863750 1.6888961 1.3999785 1.9926319 2.5013666 2.5437197 1.4744106 2.4605094 2.4991701 2.6727369 2.6727369 3.0621364 3.0088503 3.2082760 3.1514735 
Sanmal_Sma_021894-T1                                       3.8999664 1.7833038 1.7833038 2.0093077 2.0093077 2.0146886 2.0146886 2.1301382 2.1301382 2.0135671 2.2907298 0.3825292 0.4089497 0.0000000 0.6923680 0.7770055 1.4275647 0.7089791 0.6621684 0.6690361 0.6278265 0.6719446 0.7068565 0.7057871 0.7057871 0.7253043 0.9621137 0.9307263 1.0117667 1.3373946 1.2751606 1.4946110 1.1101997 1.4993596 1.1786296 1.2369496 1.3261707 1.1452200 1.2385658 1.8641664 0.9041165 0.9771178 0.8301797 1.1363499 1.1607851 1.7943926 1.9262670 2.0759780 2.1434267 1.6288422 1.3206727 1.3206727 1.2390832 1.3036927 1.3247953 1.2863196 1.3650341 1.5454115 1.5277076 1.4791333 1.9431932 2.4069352 2.6290034 1.4246660 2.4791534 2.4447404 2.7978259 2.7978259 2.8884970 3.0574422 3.4291194 3.1718422 
Morvir_scaffold35.g25.t1                                   4.3195109 1.6130269 1.6130269 1.8208356 1.8208356 1.9203400 1.9203400 1.9579293 1.9579293 1.4870189 1.8702961 0.6369265 0.6272972 0.6923680 0.0000000 0.8372519 1.5167081 0.8617132 0.7496746 0.7922299 0.6998389 0.7951581 0.8049209 0.7936389 0.7936389 0.7710411 0.8887764 0.9225129 0.9487782 1.0283956 1.1926923 1.7803550 1.0747983 1.2170706 0.9557674 1.1427711 1.2763400 1.0359369 1.0857072 1.5425584 0.9132166 0.8705860 0.5803676 1.0106789 1.1198405 1.6760049 1.7790980 1.8648956 1.7170013 1.3900240 1.2570659 1.2570659 1.2466222 1.2643993 1.3112248 1.1960791 1.2914058 1.3916946 1.9659226 1.3153470 1.9467434 2.3736313 2.7453531 1.7267684 2.5431992 2.2791260 2.3240464 2.3240464 2.7712754 2.9534391 2.7355232 3.8206157 
Dgig_XM_028551963.1                                        3.0090609 1.5264164 1.5264164 1.6283064 1.6283064 1.7752286 1.7752286 1.9606241 1.9606241 1.9418417 2.0046482 0.8234551 0.8398629 0.7770055 0.8372519 0.0000000 0.4670708 0.6509020 0.5980876 0.5954190 0.5015714 0.6557483 0.6277993 0.6245568 0.6245568 0.6025559 0.8929499 0.8218924 0.9185450 1.1708951 1.3664166 2.1594513 1.1851971 1.3332361 1.1136543 1.2456472 1.3959605 1.1640816 1.1716067 1.4934530 0.9232992 1.0531797 0.8667711 1.1663507 1.3958939 1.7870472 1.8892956 2.0829736 2.0235077 1.4577462 1.3705495 1.3705495 1.3143734 1.3190517 1.3932232 1.2552546 1.3356208 1.4008511 1.4321938 1.6508745 1.8319723 2.2944255 2.5648171 1.5185223 2.6980079 2.5958053 2.8217854 2.8217854 2.5839701 2.8710344 3.1360465 2.9450984 
Xesp_007501-T1                                             3.3485452 2.3286950 2.3286950 1.9411349 1.9411349 2.5166580 2.5166580 2.4643049 2.4643049 2.7541150 2.6003692 1.3761378 1.4094957 1.4275647 1.5167081 0.4670708 0.0000000 1.2090056 1.1021474 1.1225968 1.0113870 1.1880242 1.1081014 1.1453430 1.1453430 1.1485952 1.3246975 1.3214606 1.4347594 2.3854592 1.8735614 2.3962158 1.7750320 1.8052363 1.6077937 1.7258049 1.9528998 1.6850437 1.7982086 1.4273593 1.3954481 1.5658235 2.0251815 1.7559231 2.2621819 2.3146912 2.5453893 2.7500573 2.8986108 2.5686191 1.7561436 1.7561436 1.7363176 1.6930355 1.7562520 1.6774707 1.7310540 2.2228175 1.5980647 2.5988429 2.3556923 3.3611107 3.3341398 1.4407596 3.6704630 3.8253209 4.2167207 4.2167207 3.3381671 3.7395546 3.8913385 3.6023325 
Exapal_XM_021037054.1                                      3.2313033 1.5886590 1.5886590 1.8477070 1.8477070 1.8702936 1.8702936 2.0067274 2.0067274 1.9456760 2.2082607 0.7910157 0.8475982 0.7089791 0.8617132 0.6509020 1.2090056 0.0000000 0.2796060 0.3272843 0.3386999 0.3138850 0.3190029 0.3337134 0.3337134 0.2496243 0.8201853 0.8707301 0.9521922 1.1669372 1.2865369 1.9309911 1.1300111 1.2779597 0.9791252 1.4515397 1.4992042 1.2101403 1.2576036 1.7542590 0.9263576 1.0464557 0.8823804 1.2081956 1.2415506 1.6353276 1.8250872 2.0628292 1.9227483 1.5217197 1.2674905 1.2674905 1.2127222 1.2388428 1.2744437 1.1732982 1.2473125 1.5199803 1.5814463 1.4213786 1.9274705 2.3852070 2.6388763 1.4059162 2.7212087 2.5980496 2.7537662 2.7537662 2.8562432 2.8356180 3.4126652 2.6674750 
Gasp_gasp1.m3.12734.m1                                     3.5140815 1.5852579 1.5852579 1.8281240 1.8281240 1.8038134 1.8038134 1.9772513 1.9772513 1.9056674 2.1198042 0.7876038 0.8109731 0.6621684 0.7496746 0.5980876 1.1021474 0.2796060 0.0000000 0.0639362 0.1101288 0.0984059 0.1028208 0.1349338 0.1349338 0.2568925 0.7829245 0.7987537 0.8851595 1.2043174 1.2357443 1.6995032 1.0715067 1.0861133 0.8821539 1.2992567 1.3941329 1.0595537 1.1219542 1.5106549 0.9312024 0.9754332 0.8493105 1.0777582 1.2334770 1.5997666 1.7142569 2.0729486 1.8666885 1.3378881 1.2093401 1.2093401 1.1531678 1.2050029 1.2149432 1.1802884 1.2535520 1.3803765 1.3943696 1.5157275 1.7068381 2.1559000 2.8003704 1.5066163 2.4477074 2.5515154 2.7378036 2.7378036 2.7937109 2.9696034 3.2376414 2.7737560 
Pocdam_XM_027193926.1                                      3.4902527 1.5750647 1.5750647 1.8582425 1.8582425 1.7935590 1.7935590 1.9704423 1.9704423 1.8772436 2.1396988 0.7846789 0.8108743 0.6690361 0.7922299 0.5954190 1.1225968 0.3272843 0.0639362 0.0000000 0.0535109 0.1337009 0.1137421 0.1625747 0.1625747 0.2600529 0.8069532 0.8300734 0.8639864 1.1864957 1.2498662 1.7413338 1.1001303 1.1135983 0.9620733 1.3397683 1.3991736 1.0877674 1.1349432 1.5261650 0.9346657 0.9791861 0.8473995 1.0972920 1.2628613 1.6035709 1.7528717 2.0887263 1.8393178 1.4135233 1.1792746 1.1792746 1.1293062 1.1748640 1.1897550 1.1837573 1.2573250 1.4449407 1.4343313 1.5786462 1.7696852 2.2299322 2.8941191 1.4417972 2.4903732 2.5532898 2.9152701 2.9152701 2.6852292 2.9112935 3.2301719 2.8149456 
Spis_XP_022782819_1                                        3.5339312 1.5863556 1.5863556 1.8100578 1.8100578 1.8419933 1.8419933 2.0018785 2.0018785 1.9990040 2.1884724 0.7052214 0.7395758 0.6278265 0.6998389 0.5015714 1.0113870 0.3386999 0.1101288 0.0535109 0.0000000 0.1953453 0.1510616 0.1760458 0.1760458 0.2573149 0.7721683 0.8049027 0.8673746 1.1725849 1.1903224 1.6832796 1.0137499 1.0930901 0.9682555 1.2620583 1.3825539 1.0216116 1.0799582 1.3895444 0.8994676 0.9191884 0.8969971 0.9992615 1.2258252 1.5763176 1.7065698 2.0560454 1.8801856 1.5050155 1.1392887 1.1392887 1.0802143 1.1450392 1.1746660 1.1567484 1.2388622 1.3354770 1.3817086 1.6203537 1.7421890 2.2375999 2.8643711 1.4016552 2.5259378 2.6364724 2.8944194 2.8944194 2.8731605 2.9805682 3.2950245 2.8652943 
Fspp_ffun1.m4.20362.m1                                     3.4411699 1.5764189 1.5764189 1.8008986 1.8008986 1.8068401 1.8068401 1.9188128 1.9188128 1.8289447 2.1059146 0.8240353 0.8554632 0.6719446 0.7951581 0.6557483 1.1880242 0.3138850 0.0984059 0.1337009 0.1953453 0.0000000 0.1712228 0.1962084 0.1962084 0.2894107 0.8383642 0.8367689 0.9381895 1.3518635 1.3199208 1.6985675 1.1580336 1.1728321 0.9081346 1.3487730 1.4282556 1.1047937 1.1575424 1.5278865 0.9292596 1.0362732 0.9339362 1.1253201 1.2674913 1.7036828 1.8113642 2.1743366 1.9136141 1.5682624 1.2930908 1.2930908 1.2442513 1.2888932 1.3226962 1.2852486 1.3640767 1.4538291 1.3479846 1.5906951 1.8541092 2.2221712 2.7579536 1.4824210 2.6125840 2.5851352 2.7781596 2.7781596 2.8266828 2.9510713 3.2539997 2.8110061 
Gfas_gfas1.m1.15361.m1                                     3.4026419 1.6020597 1.6020597 1.9651316 1.9651316 1.8656514 1.8656514 2.0522007 2.0522007 1.9054104 2.1107504 0.8518694 0.8772995 0.7068565 0.8049209 0.6277993 1.1081014 0.3190029 0.1028208 0.1137421 0.1510616 0.1712228 0.0000000 0.1039695 0.1039695 0.2818407 0.7827630 0.8734129 0.8828161 1.2039901 1.2457487 1.8040377 1.0813457 1.1265674 0.8742779 1.2838387 1.4376141 1.0832661 1.1521738 1.5793565 0.9336439 0.9686015 0.9291364 1.0902322 1.2240723 1.5574060 1.7022793 2.0376227 1.7906902 1.4505202 1.1682675 1.1682675 1.1179746 1.1638149 1.1770052 1.1579475 1.2305591 1.3838852 1.3843653 1.5619361 1.7718910 2.1904812 2.8858870 1.4658632 2.4290206 2.7438619 2.9138022 2.9138022 2.7278398 2.9428748 3.1597658 2.9160054 
Amil_Amillepora00419-RA                                    3.5009566 1.7102350 1.7102350 1.9549417 1.9549417 1.8582527 1.8582527 2.0557404 2.0557404 1.9324116 2.2505975 0.8702937 0.8900265 0.7057871 0.7936389 0.6245568 1.1453430 0.3337134 0.1349338 0.1625747 0.1760458 0.1962084 0.1039695 0.0000000 0.0000010 0.3148380 0.8339998 0.8880830 0.9255616 1.2071910 1.2796341 1.8999410 1.1482915 1.1874168 0.9487645 1.3812495 1.5374732 1.1353780 1.1736038 1.5843682 1.0160499 1.0209063 0.9041409 1.1780174 1.2328994 1.5636750 1.8071758 2.0110687 1.7984022 1.4488610 1.2140423 1.2140423 1.1583038 1.2096564 1.2237975 1.1720587 1.2458226 1.4593045 1.4505796 1.5888409 1.8047298 2.1686378 2.9455052 1.6184709 2.4399514 2.6641266 2.8599772 2.8599772 2.6091817 2.7866843 3.0122830 3.0271332 
Amil_Amillepora00458-RA                                    3.5009566 1.7102350 1.7102350 1.9549417 1.9549417 1.8582527 1.8582527 2.0557404 2.0557404 1.9324116 2.2505975 0.8702937 0.8900265 0.7057871 0.7936389 0.6245568 1.1453430 0.3337134 0.1349338 0.1625747 0.1760458 0.1962084 0.1039695 0.0000010 0.0000000 0.3148380 0.8339998 0.8880830 0.9255616 1.2071910 1.2796341 1.8999410 1.1482915 1.1874168 0.9487645 1.3812495 1.5374732 1.1353780 1.1736038 1.5843682 1.0160499 1.0209063 0.9041409 1.1780174 1.2328994 1.5636750 1.8071758 2.0110687 1.7984022 1.4488610 1.2140423 1.2140423 1.1583038 1.2096564 1.2237975 1.1720587 1.2458226 1.4593045 1.4505796 1.5888409 1.8047298 2.1686378 2.9455052 1.6184709 2.4399514 2.6641266 2.8599772 2.8599772 2.6091817 2.7866843 3.0122830 3.0271332 
Nvec_v1g164341                                             3.4915690 1.6034079 1.6034079 1.9527918 1.9527918 1.8552451 1.8552451 1.9733670 1.9733670 1.8538973 2.0579155 0.7574111 0.8035914 0.7253043 0.7710411 0.6025559 1.1485952 0.2496243 0.2568925 0.2600529 0.2573149 0.2894107 0.2818407 0.3148380 0.3148380 0.0000000 0.7796220 0.8707303 0.9097664 1.2255234 1.2647827 1.6791503 1.1797371 1.1469392 0.9416648 1.2834449 1.4058716 1.1026914 1.1600217 1.5459538 0.9056598 1.0111071 0.8207587 1.0823094 1.2606237 1.6634216 1.8522640 2.1331552 1.9727589 1.4936910 1.2861846 1.2861846 1.2224218 1.2577652 1.2706159 1.2443659 1.3211923 1.4512892 1.4166666 1.5553003 1.9398914 2.2079410 2.6838102 1.3704672 2.5551396 2.5367863 2.9502836 2.9502836 2.7783578 2.9445211 3.4564519 2.8696408 
Spur_XM_774971.5                                           3.5111183 1.4609465 1.4609465 1.7015906 1.7015906 1.7750300 1.7750300 1.7409379 1.7409379 1.9045942 2.1072386 0.8942255 0.9242129 0.9621137 0.8887764 0.8929499 1.3246975 0.8201853 0.7829245 0.8069532 0.7721683 0.8383642 0.7827630 0.8339998 0.8339998 0.7796220 0.0000000 0.6050362 0.6366294 1.2239651 1.3259625 1.7624530 1.1100804 1.0824923 0.9773045 1.3747176 1.4132313 1.3592771 1.1852354 1.5138852 1.0019994 1.0237226 0.7909530 1.0889087 1.3220612 1.7813308 1.7753904 1.8815929 1.9046377 1.3883298 1.2077912 1.2077912 1.1721659 1.1866580 1.1864710 1.2163841 1.2917984 1.2948029 1.2973675 1.5569117 1.8331277 2.1825834 2.7755737 1.4735764 2.5486653 2.6039390 2.8414289 2.8414289 3.0584859 2.9606403 3.4528904 3.2932687 
Skow_XM_002734992.2                                        4.1296292 1.7519512 1.7519512 2.0222748 2.0222748 2.0033929 2.0033929 2.1357268 2.1357268 2.0152746 2.5132514 1.0140970 0.9982890 0.9307263 0.9225129 0.8218924 1.3214606 0.8707301 0.7987537 0.8300734 0.8049027 0.8367689 0.8734129 0.8880830 0.8880830 0.8707303 0.6050362 0.0000000 0.7159178 1.1625959 1.1945737 1.3994292 1.0798868 1.0347137 0.8611071 1.2412653 1.2742777 1.2758359 1.2102722 1.6075054 1.0134035 1.0189044 0.7874298 1.1746977 1.3939027 1.7727572 1.7213348 1.9397093 1.7734622 1.3343454 1.1552660 1.1552660 1.0858803 1.1451505 1.1540623 1.1590145 1.2316172 1.3375250 1.1641902 1.6829757 1.8322183 2.2617439 2.5984874 1.7134160 2.6050194 2.4830543 2.7199556 2.7199556 3.2457870 3.4530815 3.6990067 2.8441690 
Bralan_BLAG08000940_1                                      3.6509982 1.5381481 1.5381481 1.9787582 1.9787582 1.8774418 1.8774418 1.9976592 1.9976592 2.1973905 2.0355169 0.9926444 0.9925780 1.0117667 0.9487782 0.9185450 1.4347594 0.9521922 0.8851595 0.8639864 0.8673746 0.9381895 0.8828161 0.9255616 0.9255616 0.9097664 0.6366294 0.7159178 0.0000000 1.0877321 1.1015249 1.5016521 0.8752229 1.2784067 0.9817973 1.3699909 1.3861300 1.1329078 1.0759024 1.3284751 0.9809272 0.9947391 0.7447419 1.0820095 1.3542206 1.7250404 1.5892771 1.7606837 1.5927850 1.4066636 1.1131537 1.1131537 1.0571425 1.0854595 1.1212667 1.0981979 1.1415992 1.4302856 1.4474478 1.7302279 1.5407225 2.2007384 2.4715129 1.5575147 2.5224994 2.3786046 2.5707167 2.5707167 2.8430614 2.8403968 3.2040607 2.6178675 
Ocar_g10400                                                3.9370267 1.4545348 1.4545348 1.9157404 1.9157404 1.8745332 1.8745332 2.1367998 2.1367998 1.6539822 1.8818060 1.2258626 1.2817065 1.3373946 1.0283956 1.1708951 2.3854592 1.1669372 1.2043174 1.1864957 1.1725849 1.3518635 1.2039901 1.2071910 1.2071910 1.2255234 1.2239651 1.1625959 1.0877321 0.0000000 0.0000010 2.0784493 0.6964856 1.2244534 1.0932027 1.2246798 1.0059740 0.9492945 0.9062977 1.3432532 1.0929802 0.9999690 0.9999690 0.9216401 1.6087000 1.3363431 1.3695342 1.4175197 1.3514191 1.1066520 1.2027121 1.2027121 1.2004128 1.2285996 1.1892748 1.2195054 1.3358592 1.7352620 3.5247911 1.8607055 1.4544473 1.8549060 2.1653393 2.3574216 2.2332067 2.1747857 2.1119670 2.1119670 2.7428546 2.9402779 3.1634250 2.6605475 
Opea_EP00118_Oscarella_pearsei_P020338                     4.0940463 1.8477446 1.8477446 2.1660330 2.1660330 2.2747889 2.2747889 2.4621794 2.4621794 2.1842196 2.4573541 1.2187553 1.2945584 1.2751606 1.1926923 1.3664166 1.8735614 1.2865369 1.2357443 1.2498662 1.1903224 1.3199208 1.2457487 1.2796341 1.2796341 1.2647827 1.3259625 1.1945737 1.1015249 0.0000010 0.0000000 0.1541056 0.6051989 1.7038807 1.3314431 1.2452009 1.1221982 1.1435380 1.1049093 1.3949779 1.1385517 1.0865881 1.0099809 1.0243898 1.7835421 1.3844354 1.5856371 1.7018951 1.6084248 1.3572616 1.3528503 1.3528503 1.3636181 1.3367024 1.3080824 1.3032526 1.3623125 1.7271860 2.1860754 1.9017799 1.6488911 2.3323059 2.0956804 1.4177912 2.4646996 2.4879583 2.5522020 2.5522020 3.1430708 3.0967240 3.2549623 2.6079842 
Ocar_g3192                                                 6.8998446 2.9763798 2.9763798 2.8433436 2.8433436 3.6355746 3.6355746 3.6376783 3.6376783 2.6690323 4.2641765 1.5504293 1.6974051 1.4946110 1.7803550 2.1594513 2.3962158 1.9309911 1.6995032 1.7413338 1.6832796 1.6985675 1.8040377 1.8999410 1.8999410 1.6791503 1.7624530 1.3994292 1.5016521 2.0784493 0.1541056 0.0000000 0.8120979 2.4800869 1.6596399 1.6468324 1.6206454 1.7295220 1.7669222 1.7827913 1.4956933 1.4786629 2.1200238 1.4745379 2.5592606 1.7362902 1.8062436 2.2108480 2.0688097 2.4086334 1.8893432 1.8893432 1.7964680 1.7964680 1.8247165 1.7114212 1.8088621 1.6617250 2.4718473 3.5112164 2.6349261 3.2813787 2.3157258 1.6114710 2.8628007 3.0218387 2.7955485 2.7955485 3.4148055 3.5919381 4.2616540 3.3852787 
Plajan_Pjan_C546995_01                                     3.8537232 1.6528948 1.6528948 1.8510721 1.8510721 2.1014955 2.1014955 2.1555503 2.1555503 2.3335610 2.2747495 1.1462429 1.1656233 1.1101997 1.0747983 1.1851971 1.7750320 1.1300111 1.0715067 1.1001303 1.0137499 1.1580336 1.0813457 1.1482915 1.1482915 1.1797371 1.1100804 1.0798868 0.8752229 0.6964856 0.6051989 0.8120979 0.0000000 1.4427837 1.1403156 1.1231842 1.0746785 1.0664324 1.0908433 1.3072709 1.1198264 1.0399828 0.9734915 1.1023365 1.6388827 1.5017926 1.5234771 1.6553610 1.6554569 1.1873670 1.2480316 1.2480316 1.2629585 1.2519078 1.2262233 1.2159343 1.2300186 1.6045371 1.8764097 1.7583918 1.6419178 2.2841482 2.1050511 1.3853846 2.4858770 2.6921579 3.0190062 3.0190062 3.1241392 3.0969087 3.4127643 2.6209186 
Lcom_lcpid149145                                           3.7769953 1.7330412 1.7330412 2.1610763 2.1610763 2.2220487 2.2220487 2.2309581 2.2309581 2.0610686 2.3410115 1.3935262 1.4252726 1.4993596 1.2170706 1.3332361 1.8052363 1.2779597 1.0861133 1.1135983 1.0930901 1.1728321 1.1265674 1.1874168 1.1874168 1.1469392 1.0824923 1.0347137 1.2784067 1.2244534 1.7038807 2.4800869 1.4427837 0.0000000 0.8451577 1.7454085 1.9301152 1.6159274 1.6135606 1.8324091 1.5010227 1.5005779 1.5347006 1.6480270 1.5298707 1.9681744 2.1201226 2.5356788 2.1611360 1.5662669 1.6435778 1.6435778 1.5791003 1.6154025 1.6166722 1.5298796 1.5409707 1.5498100 1.2670564 1.8087056 2.0708757 2.7933143 2.9820610 1.6714765 3.3052097 2.9889676 3.7418331 3.7418331 3.2052439 3.5062157 3.9246439 3.4294397 
Cgig_XM_011414776.3                                        3.6083278 1.7642252 1.7642252 2.2537940 2.2537940 2.1721835 2.1721835 2.2664572 2.2664572 2.3152315 2.2156671 1.1837324 1.2206792 1.1786296 0.9557674 1.1136543 1.6077937 0.9791252 0.8821539 0.9620733 0.9682555 0.9081346 0.8742779 0.9487645 0.9487645 0.9416648 0.9773045 0.8611071 0.9817973 1.0932027 1.3314431 1.6596399 1.1403156 0.8451577 0.0000000 1.5222552 1.4616782 1.3955748 1.3072192 1.6630644 1.3044878 1.3218740 1.0697238 1.4057300 1.4785067 1.7677071 1.8957116 2.0956602 2.0071612 1.5204437 1.4134676 1.4134676 1.3382556 1.3998852 1.3786831 1.3096967 1.4019561 1.1378254 1.0031620 1.7007117 2.0449087 2.4355690 2.7280577 1.8152713 2.7257071 2.5243629 2.9926896 2.9926896 2.8333009 3.2132378 3.2611123 3.3683169 
Aque_Aqu2.1.22581_001                                      4.4825393 1.9015459 1.9015459 2.0012055 2.0012055 2.3216856 2.3216856 2.2964701 2.2964701 2.0697828 2.0151246 1.2908885 1.2191796 1.2369496 1.1427711 1.2456472 1.7258049 1.4515397 1.2992567 1.3397683 1.2620583 1.3487730 1.2838387 1.3812495 1.3812495 1.2834449 1.3747176 1.2412653 1.3699909 1.2246798 1.2452009 1.6468324 1.1231842 1.7454085 1.5222552 0.0000000 0.4324588 0.9609410 0.9994270 1.0946888 0.7603825 0.7823116 0.6854980 0.9479057 2.0374422 1.6513080 1.5303578 1.7851522 1.7666972 1.4178105 1.7382109 1.7382109 1.6469604 1.7114861 1.7294870 1.7474355 1.8074335 1.7106790 1.7204758 2.4852550 1.9077745 2.4858374 2.6178485 1.3247509 2.5167586 2.8882318 2.7121768 2.7121768 3.1470737 3.2079849 3.0662762 2.8486383 
Halamb_c38213_g1_i1m.10621                                 4.4107497 1.8919798 1.8919798 2.1364642 2.1364642 2.3347619 2.3347619 2.2839973 2.2839973 2.1931497 2.1208468 1.2890282 1.2645038 1.3261707 1.2763400 1.3959605 1.9528998 1.4992042 1.3941329 1.3991736 1.3825539 1.4282556 1.4376141 1.5374732 1.5374732 1.4058716 1.4132313 1.2742777 1.3861300 1.0059740 1.1221982 1.6206454 1.0746785 1.9301152 1.4616782 0.4324588 0.0000000 0.9205267 0.9848355 1.0722534 0.8094305 0.7874388 0.6386536 0.9795388 2.0041707 1.6752657 1.5701291 1.6026578 1.7280042 1.5918861 1.6841457 1.6841457 1.6052008 1.6720052 1.7212180 1.7244929 1.7308341 1.8241317 1.8936905 2.4551490 1.7038403 2.3438027 2.6067182 1.3789563 2.5003862 2.6720291 3.0728909 3.0728909 3.1351659 3.2416119 3.2540428 2.9069579 
Spolac_c95342_g1_i1_m.11351c95342-g1                       4.1222275 1.9701868 1.9701868 2.1774596 2.1774596 2.3454846 2.3454846 2.4212995 2.4212995 2.4200523 2.4902350 1.2365042 1.2426121 1.1452200 1.0359369 1.1640816 1.6850437 1.2101403 1.0595537 1.0877674 1.0216116 1.1047937 1.0832661 1.1353780 1.1353780 1.1026914 1.3592771 1.2758359 1.1329078 0.9492945 1.1435380 1.7295220 1.0664324 1.6159274 1.3955748 0.9609410 0.9205267 0.0000000 0.1700941 0.2348338 0.6532189 0.6265853 0.5704925 0.9161130 1.6440650 1.6178514 1.6015100 2.0132274 1.7787963 1.3048024 1.4235438 1.4235438 1.3440903 1.4101268 1.4219259 1.3996285 1.4867857 1.5760337 2.1277112 1.8344524 1.5907450 2.3510197 2.4535731 1.3557303 2.4140203 2.9388321 2.7398978 2.7398978 2.4745968 2.7256523 2.8885348 2.7838396 
Emue_Em0016g1164a.t1                                       4.2804993 1.9294717 1.9294717 2.1043484 2.1043484 2.2999053 2.2999053 2.3513967 2.3513967 2.2033759 2.3761202 1.3368782 1.3822911 1.2385658 1.0857072 1.1716067 1.7982086 1.2576036 1.1219542 1.1349432 1.0799582 1.1575424 1.1521738 1.1736038 1.1736038 1.1600217 1.1852354 1.2102722 1.0759024 0.9062977 1.1049093 1.7669222 1.0908433 1.6135606 1.3072192 0.9994270 0.9848355 0.1700941 0.0000000 0.0079369 0.7580084 0.7016009 0.5552896 0.9272222 1.6463367 1.6839370 1.7144499 2.0553785 1.9613118 1.3244427 1.4398650 1.4398650 1.4203969 1.4390568 1.4503653 1.4083371 1.5108530 1.5857037 2.1910413 1.9857174 1.6135821 2.1749117 2.3512114 1.3082958 2.4298334 2.7293826 2.3770297 2.3770297 2.7218003 2.9040509 3.1216049 2.8339338 
Emue_Em0016g1130a.t1                                       4.6215706 1.9886576 1.9886576 1.8303255 1.8303255 2.4381473 2.4381473 2.4451354 2.4451354 2.4522326 2.4598492 1.8407569 1.9348032 1.8641664 1.5425584 1.4934530 1.4273593 1.7542590 1.5106549 1.5261650 1.3895444 1.5278865 1.5793565 1.5843682 1.5843682 1.5459538 1.5138852 1.6075054 1.3284751 1.3432532 1.3949779 1.7827913 1.3072709 1.8324091 1.6630644 1.0946888 1.0722534 0.2348338 0.0079369 0.0000000 1.0127261 0.9344941 0.8982820 1.3579177 2.3578190 2.1172904 2.3227023 2.6557282 2.9127668 1.8630935 1.6482403 1.6482403 1.6146140 1.6146140 1.6413508 1.5895220 1.5895220 1.8961761 1.9984690 3.3386428 1.6535958 2.9359648 2.4767688 1.2745994 2.9896300 3.2530805 2.9530452 2.9530452 3.0291478 2.9664235 3.3068659 3.0877398 
Stycar_maker-SC_scaffold2835-snap-gene-0.22-mRNA-1         3.4951468 1.7806372 1.7806372 2.0877246 2.0877246 2.2175353 2.2175353 2.2319929 2.2319929 2.1384706 2.2771269 0.9330174 0.9662872 0.9041165 0.9132166 0.9232992 1.3954481 0.9263576 0.9312024 0.9346657 0.8994676 0.9292596 0.9336439 1.0160499 1.0160499 0.9056598 1.0019994 1.0134035 0.9809272 1.0929802 1.1385517 1.4956933 1.1198264 1.5010227 1.3044878 0.7603825 0.8094305 0.6532189 0.7580084 1.0127261 0.0000000 0.2895924 0.2516881 0.8400416 1.3530366 1.6524875 1.5912297 1.8803363 1.7173959 1.3762150 1.3225056 1.3225056 1.2989110 1.3011048 1.3003296 1.2820290 1.3276332 1.3465621 1.6469970 1.8945769 1.7602299 2.0949339 2.5552343 0.3079428 2.4444469 2.8264096 2.9075016 2.9075016 2.7009858 2.8088102 3.2260986 2.6499462 
Tetwil_g12132.t1                                           4.0198390 1.7219806 1.7219806 2.0294906 2.0294906 2.0788827 2.0788827 2.0528658 2.0528658 1.8633722 2.2390304 1.0222021 1.0248982 0.9771178 0.8705860 1.0531797 1.5658235 1.0464557 0.9754332 0.9791861 0.9191884 1.0362732 0.9686015 1.0209063 1.0209063 1.0111071 1.0237226 1.0189044 0.9947391 0.9999690 1.0865881 1.4786629 1.0399828 1.5005779 1.3218740 0.7823116 0.7874388 0.6265853 0.7016009 0.9344941 0.2895924 0.0000000 0.0363332 0.7776241 1.6181023 1.5615797 1.5443074 1.6953890 1.5882758 1.4319603 1.2690654 1.2690654 1.2174556 1.2605889 1.2840851 1.2622238 1.2971157 1.5628402 1.7464860 1.8478689 1.6132129 2.3089504 2.6783656 0.8452941 2.3374221 2.9589340 2.9098616 2.9098616 2.8302307 2.9209063 3.1933799 2.7087831 
Tetwil_g12133.t1                                           4.3797363 1.4589871 1.4589871 1.7600901 1.7600901 1.7986094 1.7986094 1.7211894 1.7211894 1.4083291 1.5307085 0.8232010 0.8255774 0.8301797 0.5803676 0.8667711 2.0251815 0.8823804 0.8493105 0.8473995 0.8969971 0.9339362 0.9291364 0.9041409 0.9041409 0.8207587 0.7909530 0.7874298 0.7447419 0.9999690 1.0099809 2.1200238 0.9734915 1.5347006 1.0697238 0.6854980 0.6386536 0.5704925 0.5552896 0.8982820 0.2516881 0.0363332 0.0000000 0.5838277 1.3243468 1.6082446 1.3975284 1.6749267 1.5522373 1.1989331 0.9197452 0.9197452 0.9131623 0.9339725 0.9895028 0.9649120 1.0159776 1.2411168 3.8637020 1.6332623 1.7258249 2.0174660 3.0932054 2.1372284 2.0485074 2.8328356 2.5135436 2.5135436 2.7437308 2.8998414 2.9132567 2.8712512 
Plespi_Pspi_C596400_01                                     3.9164915 2.0650421 2.0650421 2.2753541 2.2753541 2.3887847 2.3887847 2.3324380 2.3324380 2.4309888 2.3407885 1.2169136 1.1852949 1.1363499 1.0106789 1.1663507 1.7559231 1.2081956 1.0777582 1.0972920 0.9992615 1.1253201 1.0902322 1.1780174 1.1780174 1.0823094 1.0889087 1.1746977 1.0820095 0.9216401 1.0243898 1.4745379 1.1023365 1.6480270 1.4057300 0.9479057 0.9795388 0.9161130 0.9272222 1.3579177 0.8400416 0.7776241 0.5838277 0.0000000 1.6761275 1.5713899 1.4536623 1.7456403 1.8721083 1.3207553 1.3833440 1.3833440 1.4515991 1.3912642 1.4096545 1.3906996 1.4403510 1.5213215 1.5027331 1.8866126 1.6459723 2.4996095 2.5641051 1.4478287 2.6731566 2.9662784 2.7291136 2.7291136 2.9026541 2.7784405 3.0270638 2.3008164 
Chem_TCONS_00013395                                        4.6431430 2.1774904 2.1774904 2.6302733 2.6302733 2.3898252 2.3898252 2.6993184 2.6993184 2.4126553 3.1650441 1.1553000 1.2058694 1.1607851 1.1198405 1.3958939 2.2621819 1.2415506 1.2334770 1.2628613 1.2258252 1.2674913 1.2240723 1.2328994 1.2328994 1.2606237 1.3220612 1.3939027 1.3542206 1.6087000 1.7835421 2.5592606 1.6388827 1.5298707 1.4785067 2.0374422 2.0041707 1.6440650 1.6463367 2.3578190 1.3530366 1.6181023 1.3243468 1.6761275 0.0000000 2.3432154 2.2442730 2.2411491 2.5131309 1.7155276 1.7242421 1.7242421 1.7117285 1.7090821 1.7504936 1.6729714 1.7624363 2.0512319 2.5012874 1.2663815 2.5373093 2.5843422 2.5411481 1.9545420 2.7978945 2.7832938 3.2447979 3.2447979 3.0140746 3.2174506 3.3143877 3.8192315 
Lcom_lcpid82063                                            4.6419439 2.3984222 2.3984222 2.7518978 2.7518978 2.7071584 2.7071584 2.7904018 2.7904018 2.8044774 3.0987517 1.7705841 1.7493081 1.7943926 1.6760049 1.7870472 2.3146912 1.6353276 1.5997666 1.6035709 1.5763176 1.7036828 1.5574060 1.5636750 1.5636750 1.6634216 1.7813308 1.7727572 1.7250404 1.3363431 1.3844354 1.7362902 1.5017926 1.9681744 1.7677071 1.6513080 1.6752657 1.6178514 1.6839370 2.1172904 1.6524875 1.5615797 1.6082446 1.5713899 2.3432154 0.0000000 0.7630385 0.9213052 0.8604270 0.9883970 1.9453010 1.9453010 1.9861379 1.9557489 2.0005311 2.0110912 2.1035808 2.1894089 2.5707145 2.4906116 2.1486114 2.4041869 2.4632149 1.9075315 2.6485258 2.7606882 2.9333290 2.9333290 3.2054351 3.2157768 3.5288368 3.4289757 
Scil_scict026207.1                                         4.4667143 2.3620891 2.3620891 2.8565026 2.8565026 2.6439084 2.6439084 2.9917134 2.9917134 2.9108140 2.9190397 1.8571790 1.8781102 1.9262670 1.7790980 1.8892956 2.5453893 1.8250872 1.7142569 1.7528717 1.7065698 1.8113642 1.7022793 1.8071758 1.8071758 1.8522640 1.7753904 1.7213348 1.5892771 1.3695342 1.5856371 1.8062436 1.5234771 2.1201226 1.8957116 1.5303578 1.5701291 1.6015100 1.7144499 2.3227023 1.5912297 1.5443074 1.3975284 1.4536623 2.2442730 0.7630385 0.0000000 0.8008881 0.7722064 0.9123743 2.1548634 2.1548634 2.1021340 2.1711209 2.1604500 2.0810500 2.1746037 2.2725179 2.6058431 2.2889973 2.1874464 2.3626452 2.8609295 2.0585316 3.0472857 3.0911515 2.8300691 2.8300691 2.9784510 3.0981110 3.5770461 3.3660646 
Leuniv_Lniv_scaffold18787_01                               4.3676890 2.1575856 2.1575856 2.8317044 2.8317044 2.7541478 2.7541478 2.7841831 2.7841831 2.9360042 3.0513957 2.0106697 2.0027140 2.0759780 1.8648956 2.0829736 2.7500573 2.0628292 2.0729486 2.0887263 2.0560454 2.1743366 2.0376227 2.0110687 2.0110687 2.1331552 1.8815929 1.9397093 1.7606837 1.4175197 1.7018951 2.2108480 1.6553610 2.5356788 2.0956602 1.7851522 1.6026578 2.0132274 2.0553785 2.6557282 1.8803363 1.6953890 1.6749267 1.7456403 2.2411491 0.9213052 0.8008881 0.0000000 1.0258617 0.9907862 2.1640344 2.1640344 2.1981690 2.1926130 2.2347037 2.2759189 2.3925606 2.5874529 2.5146748 2.5430318 2.5705777 2.6210866 2.6527345 2.1817551 2.9265527 2.9182370 3.4041556 3.4041556 3.4840030 3.0306925 3.5470740 3.6639219 
Gracom_Gcom_scaffold11351_01                               4.2435151 2.4703364 2.4703364 3.0576773 3.0576773 2.7035560 2.7035560 3.0509400 3.0509400 2.7385300 3.2019677 2.1109630 2.0548889 2.1434267 1.7170013 2.0235077 2.8986108 1.9227483 1.8666885 1.8393178 1.8801856 1.9136141 1.7906902 1.7984022 1.7984022 1.9727589 1.9046377 1.7734622 1.5927850 1.3514191 1.6084248 2.0688097 1.6554569 2.1611360 2.0071612 1.7666972 1.7280042 1.7787963 1.9613118 2.9127668 1.7173959 1.5882758 1.5522373 1.8721083 2.5131309 0.8604270 0.7722064 1.0258617 0.0000000 1.0523383 2.2369258 2.2369258 2.2724514 2.2693369 2.2609769 2.2733326 2.3583183 2.3292197 2.4097397 2.6541570 2.2676710 2.3071406 3.0314014 2.4322310 3.1908465 2.8958482 3.0128572 3.0128572 2.8158812 3.2824577 3.2569025 3.6486925 
Clacor_Ccor_scaffold9021_01                                5.4601523 2.1582573 2.1582573 2.6959317 2.6959317 2.6863179 2.6863179 2.7895858 2.7895858 2.5138552 2.9547858 1.5092838 1.5302874 1.6288422 1.3900240 1.4577462 2.5686191 1.5217197 1.3378881 1.4135233 1.5050155 1.5682624 1.4505202 1.4488610 1.4488610 1.4936910 1.3883298 1.3343454 1.4066636 1.1066520 1.3572616 2.4086334 1.1873670 1.5662669 1.5204437 1.4178105 1.5918861 1.3048024 1.3244427 1.8630935 1.3762150 1.4319603 1.1989331 1.3207553 1.7155276 0.9883970 0.9123743 0.9907862 1.0523383 0.0000000 1.5174640 1.5174640 1.5269054 1.5525178 1.5354889 1.6088502 1.7217770 2.0113002 3.0377940 2.1630545 2.3168400 2.0449780 2.7493574 2.0930634 2.9760534 3.0107458 2.8327645 2.8327645 3.0105181 3.1825929 3.9689360 4.2051274 
Hhon_g01270.t1                                             4.4287350 1.8956838 1.8956838 2.3633477 2.3633477 2.1344008 2.1344008 2.2074730 2.2074730 2.4522858 2.3093233 1.3698953 1.3621734 1.3206727 1.2570659 1.3705495 1.7561436 1.2674905 1.2093401 1.1792746 1.1392887 1.2930908 1.1682675 1.2140423 1.2140423 1.2861846 1.2077912 1.1552660 1.1131537 1.2027121 1.3528503 1.8893432 1.2480316 1.6435778 1.4134676 1.7382109 1.6841457 1.4235438 1.4398650 1.6482403 1.3225056 1.2690654 0.9197452 1.3833440 1.7242421 1.9453010 2.1548634 2.1640344 2.2369258 1.5174640 0.0000000 0.0000010 0.0338360 0.0347779 0.0759858 0.1246490 0.1607654 1.6291852 2.6783579 1.8774379 1.8006590 2.5204355 3.1171186 2.0455010 2.9618144 3.3413146 3.2671731 3.2671731 2.8079007 3.1262337 3.5983502 3.1199170 
