79
Cgig_XM_011432052.3                                  0.0000000 0.9671392 1.0265876 1.3817652 1.2579641 1.2448674 1.2595869 1.2382286 1.2368321 1.3441615 1.5292303 1.1331952 1.1499064 1.7778105 1.5267038 1.6932625 1.7725730 1.6782749 1.7697201 1.3049143 1.2890876 1.4797737 1.4821527 1.3380718 1.4910928 1.5016662 1.4668354 1.2186031 1.2384460 1.6933446 1.6762504 1.7233507 1.7182678 1.7599106 1.5960385 1.4990593 1.7977390 2.2134770 1.6337327 1.8830319 2.0886476 1.9802748 2.2319043 2.6800634 2.0823993 1.5631474 2.3359228 2.2565474 2.3212938 2.4075759 2.4119444 2.2039346 1.9603428 2.6730756 2.8153244 2.3849424 2.2531526 1.9663687 2.0608111 2.4053529 1.7586215 2.3023720 2.7349184 2.7447230 2.6179417 2.2354206 2.5749325 3.6168169 2.4815426 2.4311727 3.8598932 3.3040396 3.4485830 4.2377277 3.4114798 2.5640164 3.0012500 2.6694472 2.6282330 
Acagra_model.g13780.t1                               0.9671392 0.0000000 0.0000010 1.3354038 1.2149283 1.2525651 1.2860892 1.2516997 1.2668578 1.3170539 1.3399752 1.1924594 1.2231417 1.4878023 1.5298171 1.3811565 1.5490118 1.5215487 1.7542290 1.4421574 1.2973139 1.5805608 1.6448406 1.4053158 1.5536619 1.5645032 1.6266373 1.5045504 1.5688868 1.6722513 1.7858434 1.7761552 1.7827167 1.8282135 1.5527891 1.4399474 1.6724416 2.2483187 1.6729932 1.8903300 2.1227223 1.9288542 2.0798785 2.4442581 1.7229064 1.6299160 2.2084108 2.4015436 2.4140368 2.4576651 2.4515894 2.1941554 1.7407162 2.6400207 2.7900216 2.4172806 2.3076584 2.0135872 2.1928890 2.2481337 2.0152838 2.0415988 2.2285771 2.7159291 2.7844966 1.9821935 2.7963845 3.4144329 2.5883675 2.1965407 3.5159471 3.3228794 3.2182013 3.8092710 3.2373937 3.2132233 2.9261852 2.4557954 2.9245412 
Acagra_model.g13780.t1.1.5d3b8785                    1.0265876 0.0000010 0.0000000 1.5550382 1.3851174 1.4333503 1.4622762 1.4072219 1.4300007 1.4977658 1.4809944 1.2384979 1.3049331 1.4878023 1.6129164 1.5107942 1.7269237 1.7316787 1.9590617 1.4963937 1.2484783 1.6245701 1.6602258 1.3893942 1.6036461 1.6161584 1.6334012 1.5721688 1.6511209 1.7751226 1.8470202 1.8399923 1.8475982 1.9583506 1.6489539 1.5373024 1.6724416 2.7593668 1.7595078 1.9068468 2.1227223 1.9508821 2.0769958 2.4393497 1.7582368 1.7353322 2.1442748 2.1698044 2.3933445 2.3879214 2.3810538 2.2118529 1.7407162 2.5718282 2.7437242 2.4281387 2.3076584 1.9809968 2.2585685 2.0428698 2.1744848 1.9086870 2.1911714 2.6826505 2.7698913 1.8728281 2.6781333 3.2006047 2.3756154 2.1539229 3.3660353 3.0807069 3.0015099 3.5071613 3.2364710 3.1811474 2.9974048 2.7319154 2.8865534 
Nvec_v1g91832                                        1.3817652 1.3354038 1.5550382 0.0000000 0.5551339 0.5351776 0.5617356 0.5930025 0.6042783 0.5663028 0.6272546 0.9460939 0.9921346 1.5172632 1.0335472 1.0102419 1.1036023 0.9126610 0.9878727 1.3198216 1.2035751 1.2138882 1.1917664 1.4065927 1.1065166 1.0945353 1.1696908 1.4373409 1.4623217 1.6282842 1.6996932 1.7298489 1.7558340 1.6690059 1.5896823 1.4977423 0.5858043 1.3119151 1.7058801 1.7390122 1.5367951 1.8084810 2.3622299 2.3839535 1.3353866 1.5366059 2.2338228 1.9874072 2.3110346 2.2269567 2.2266122 1.9476506 1.9273402 2.8903342 2.8054365 2.5984909 2.3868037 2.0851258 1.9289093 2.4483564 1.5481226 2.0963233 2.3464036 2.4434301 2.5066371 2.1580006 2.7290919 3.1872202 2.4631803 2.1307239 4.0843917 3.1844968 3.2913701 3.7694227 3.4621587 3.1739419 2.4968603 2.3770023 3.2040612 
Gasp_gasp1.m3.15655.m1                               1.2579641 1.2149283 1.3851174 0.5551339 0.0000000 0.0794881 0.1777488 0.1937512 0.2050474 0.1752562 0.6122981 0.9175135 1.0468763 1.2582966 0.8476080 0.9761459 1.1137316 0.8736250 1.0663967 1.3485661 1.2559428 1.2280603 1.2057481 1.4134991 1.1895921 1.1985384 1.2305054 1.3192182 1.4078786 1.6638588 1.6794062 1.7083833 1.7472025 1.7288461 1.7015943 1.6463606 0.2539165 0.8692350 1.6180208 1.6129332 1.7012888 1.8667126 2.2226882 2.2535093 1.3890833 1.7216042 2.0825836 2.2771475 2.2369351 2.1081770 2.1078053 2.0305067 1.9187605 2.7699751 2.9754622 2.4820330 2.2233932 1.9989063 2.0414416 2.2511139 1.6505456 1.9433384 2.2143712 2.3728618 2.4276907 2.1016752 2.6450787 3.1773351 2.4250209 2.0132901 3.8051836 3.5625968 3.0485582 3.5352285 3.7875444 3.0412489 2.7304373 2.1884133 2.9272608 
Fspp_ffun1.m4.7343.m1                                1.2448674 1.2525651 1.4333503 0.5351776 0.0794881 0.0000000 0.1661014 0.2069736 0.2235365 0.1786416 0.5927629 0.9145743 1.0215475 1.1825136 0.8271108 0.9919842 1.0993012 0.9211279 1.0577926 1.3700852 1.2717325 1.2361658 1.2083557 1.3915398 1.1903259 1.1992546 1.2346973 1.3301695 1.4033647 1.5661986 1.5655390 1.6303182 1.6674734 1.6632395 1.6770923 1.6232933 0.2592249 0.8555030 1.6033156 1.5613360 1.6846873 1.8630379 2.2696985 2.1867781 1.4116342 1.6558292 2.1565013 2.2150240 2.2526065 2.0753831 2.0749980 1.9584548 1.7892500 2.8283027 2.8951495 2.4386463 2.1239075 1.9021745 1.9348744 2.2608090 1.6211892 1.9395401 2.2326725 2.3598600 2.3341929 2.0798358 2.7571846 3.1265202 2.4251788 2.0178484 3.7411656 3.3533855 2.9434282 3.4043533 3.5738055 2.9721613 2.6109142 2.2654906 2.9014740 
Spis_XP_022805013_1                                  1.2595869 1.2860892 1.4622762 0.5617356 0.1777488 0.1661014 0.0000000 0.2223573 0.2352074 0.2179284 0.6403925 0.9070378 1.0787265 1.2408930 0.8397652 1.0326065 1.1412529 0.9274520 1.1117705 1.4243742 1.3144055 1.2482891 1.2292222 1.4917118 1.2172151 1.2263932 1.2405515 1.4036375 1.4896546 1.6445360 1.6443386 1.6828434 1.7214824 1.6373256 1.6815281 1.6223670 0.2630646 0.8564654 1.5772741 1.6701575 1.7930199 1.8881475 2.4499280 2.4333570 1.4483995 1.7515216 2.2071685 2.1207460 2.2614255 2.1998045 2.1994593 1.9488195 1.8041332 2.8950248 2.9916720 2.4137453 2.0781033 1.9598608 1.9891467 2.3058178 1.6679438 1.9201610 2.2550777 2.3492354 2.3989068 1.9599490 2.7797665 3.3690618 2.4874480 2.0391036 3.9792703 3.3188545 3.0308154 3.5411005 3.9258065 3.2006606 2.6385159 2.2013955 3.0936313 
Adig_XM_015903803.1                                  1.2382286 1.2516997 1.4072219 0.5930025 0.1937512 0.2069736 0.2223573 0.0000000 0.0174251 0.1629929 0.5941879 0.9597171 1.0903386 1.2922059 0.8317270 1.0238698 1.1329436 0.9519986 1.1224161 1.4044167 1.2672764 1.2650274 1.2440515 1.4341926 1.2472050 1.2564146 1.2447026 1.2857282 1.3669784 1.5339700 1.5696585 1.6062501 1.6430491 1.6378719 1.5733483 1.5789166 0.2855560 0.8682428 1.6498390 1.6997780 1.7063335 1.8770875 2.3493775 2.3562769 1.3943624 1.6954799 2.2779156 2.1850480 2.3603401 2.2072034 2.2068602 2.1157537 1.9945196 2.8379769 2.9237870 2.4285442 2.2911442 1.9995475 2.0831937 2.3033975 1.6752929 1.9933680 2.2122928 2.4368740 2.5070643 2.1989799 2.6271510 3.4560364 2.4240630 2.0586101 3.7477828 3.4513669 3.0588552 3.6057401 3.7672149 3.1220466 2.6081912 2.1117818 2.8743910 
Amil_Amillepora03055-RA                              1.2368321 1.2668578 1.4300007 0.6042783 0.2050474 0.2235365 0.2352074 0.0174251 0.0000000 0.1792018 0.6042800 0.9675621 1.0908293 1.2931364 0.8476545 1.0218307 1.1428148 0.9681378 1.1227561 1.4374026 1.3227616 1.2971376 1.2751653 1.4324957 1.2959173 1.3055214 1.2729854 1.2768008 1.3509764 1.5834126 1.6219355 1.6705834 1.7094023 1.7057350 1.6343811 1.6505550 0.3001710 0.8734342 1.6533257 1.7033152 1.8270332 1.8674533 2.2985733 2.2853916 1.4316252 1.7184015 2.2949154 2.1778387 2.3390334 2.1670817 2.1667180 2.0928560 1.9992863 2.7580841 2.8455766 2.3519598 2.3089537 1.9855975 2.0420763 2.3430293 1.6670559 1.9517134 2.1471579 2.3922910 2.4609754 2.1767920 2.5574213 3.4371875 2.4433642 2.0894725 3.6230247 3.4204829 2.9272028 3.3954111 3.5586676 3.1231856 2.5810345 2.1306124 2.8148366 
Gfas_gfas1.m1.7172.m1                                1.3441615 1.3170539 1.4977658 0.5663028 0.1752562 0.1786416 0.2179284 0.1629929 0.1792018 0.0000000 0.6688626 0.9873562 1.0790536 1.3516479 0.8884295 1.0376594 1.1567465 0.9824563 1.1520446 1.4540017 1.4497658 1.4222676 1.3901418 1.5793997 1.4043605 1.4142702 1.4260570 1.3661445 1.4539161 1.6953049 1.6931013 1.7655813 1.8106899 1.7735601 1.7852681 1.7455609 0.2809103 0.9400730 1.7376167 1.7244302 1.7359424 1.8730373 2.4846879 2.4037808 1.4936150 1.7964237 2.2448528 2.4454832 2.3628794 2.0617221 2.0613332 2.0085774 1.8590802 2.9187144 3.0323853 2.5123694 2.1501449 1.9401196 2.0789260 2.3438525 1.6766614 1.9125064 2.2727486 2.4711395 2.4244971 2.0435420 2.7640313 3.3285896 2.4919774 2.1113551 3.8749073 3.4434892 3.1690701 3.8473051 3.9042558 2.9970427 2.7283862 2.2378339 3.0205821 
Exapal_XM_021051595.2                                1.5292303 1.3399752 1.4809944 0.6272546 0.6122981 0.5927629 0.6403925 0.5941879 0.6042800 0.6688626 0.0000000 1.1082096 1.2373306 1.4607711 1.0127160 0.9978922 1.1318404 1.0034534 1.1591128 1.5662589 1.3316329 1.4019492 1.3214833 1.3892427 1.3559412 1.3427362 1.3643106 1.5225227 1.5510363 1.6803698 1.7302282 1.7110218 1.7499047 1.7753218 1.6593376 1.5146393 0.6143726 1.3697942 1.8419426 1.7696364 1.7980644 1.9269169 2.3611310 2.4687682 1.3821059 1.6901520 2.4291217 2.0732634 2.3821215 2.3981098 2.3978276 2.1843104 1.9894405 2.7616487 3.2640228 2.4630350 2.5148390 2.1551056 2.2194978 2.3700683 1.9249333 1.9850324 2.4799893 2.3428024 2.7142015 2.2411018 2.8767162 3.1379416 2.5889900 2.0631360 3.9611082 3.2462515 3.0337130 3.3449467 3.5726116 3.6869991 2.7860497 2.0120017 2.8772475 
Skow_XM_002740646.2                                  1.1331952 1.1924594 1.2384979 0.9460939 0.9175135 0.9145743 0.9070378 0.9597171 0.9675621 0.9873562 1.1082096 0.0000000 0.8169943 1.6297463 1.2897870 1.2246143 1.3672089 1.1979255 1.3439925 0.9475690 1.2598109 1.2857561 1.2776387 1.4287599 1.2273906 1.2366053 1.3071686 1.0769486 1.1118145 1.6176340 1.6501079 1.6176725 1.6545089 1.6770232 1.6599509 1.4941505 0.7646334 1.8370544 1.5866738 1.6361023 1.8445021 1.9503328 2.2801736 2.3038705 1.4792252 1.4141030 1.9619694 1.9809782 2.5930404 2.0763905 2.0751605 1.9606904 1.7454671 2.5673843 2.9342353 2.3332238 2.3895189 2.0332974 1.7525089 2.2444645 1.6635533 2.0355192 2.3693747 2.5380447 2.4960012 2.1015102 2.6018019 3.0782263 2.3762381 2.0045540 4.0175286 3.4019495 3.1142938 3.7709422 3.6465019 3.0967975 2.4491207 2.4514186 3.0797056 
Bralan_BLAG02000714_1                                1.1499064 1.2231417 1.3049331 0.9921346 1.0468763 1.0215475 1.0787265 1.0903386 1.0908293 1.0790536 1.2373306 0.8169943 0.0000000 1.2256977 1.4252065 1.2442354 1.3720353 1.4125358 1.3178278 1.1082900 1.4135941 1.5726878 1.5428289 1.4844845 1.4727034 1.4827069 1.5968045 1.2188032 1.2394380 1.7100519 1.7036076 1.6773778 1.7021269 1.6335890 1.6796275 1.5983663 1.2290057 1.9990973 1.7162775 1.6659565 1.8752908 2.2760337 2.5194679 2.3448893 2.4018526 1.4523516 2.0753247 2.3456346 2.6694455 2.3678072 2.3675119 2.1463618 1.9815837 2.6270232 2.8141759 2.3121534 2.2700559 2.0456238 2.0311809 2.3736905 1.6816182 2.0764328 2.5038782 2.8264694 2.5352194 2.3268409 2.7464643 3.2292020 2.5627011 1.9938006 4.0445316 3.3522069 3.1966527 3.6519629 3.4527362 2.8542655 2.5687290 2.7411392 2.9939358 
Xesp_001878-T1                                       1.7778105 1.4878023 1.4878023 1.5172632 1.2582966 1.1825136 1.2408930 1.2922059 1.2931364 1.3516479 1.4607711 1.6297463 1.2256977 0.0000000 0.6473230 1.7523631 2.2154530 2.1071416 1.2828693 1.7140565 1.8661167 2.0340620 1.8795306 1.9388295 2.0405837 2.0809866 1.7943493 1.8711734 2.2397906 1.9738612 2.0756074 2.1335273 2.1105796 2.1563282 1.9484309 1.5338415 0.0000010 7.4019617 1.8378472 2.0589102 2.4247395 3.4060711 3.3788417 2.5983878 0.0000010 3.6442855 2.4574235 2.1196648 2.6773631 2.8302915 2.8302915 2.3055413 2.1848076 3.5923888 2.9622381 3.1903281 2.7751727 2.8239972 2.1964645 2.4934760 3.2750078 2.5897097 3.8480902 2.4397139 4.2948241 2.6321142 4.9377519 5.3505769 3.5763921 2.4091435 3.5988011 3.4232988 3.6744913 0.0000010 3.8776278 2.7012747 3.0862765 4.1915374 3.5155342 
Dgig_XM_028543305.1                                  1.5267038 1.5298171 1.6129164 1.0335472 0.8476080 0.8271108 0.8397652 0.8317270 0.8476545 0.8884295 1.0127160 1.2897870 1.4252065 0.6473230 0.0000000 1.1451486 1.3483570 1.2185434 1.1324857 1.5499459 1.7060568 1.7580813 1.6580673 2.0242408 1.6476292 1.6587706 1.5609092 1.6137463 1.6948177 1.9283042 1.9479462 1.9625417 1.9188644 1.9642105 1.9811262 1.7645297 0.9109422 1.7253045 1.6906709 1.7626136 1.7673656 2.1079662 2.3723805 2.4469596 1.5765871 1.8540777 2.4355622 2.5849422 2.6323937 2.4951742 2.4937466 2.3190164 2.4550890 2.6997837 2.7743613 2.2736521 2.5368850 2.3143242 2.1543524 2.3636772 1.8336760 2.3699363 2.6708913 2.7880510 2.6020627 2.4085874 3.0867035 3.1372484 2.8386812 1.9940952 3.6241280 3.5644219 3.1195769 3.6097593 3.8562641 3.2350647 2.7469249 1.5988047 3.1949552 
Rhoesc_Res_009446-T1                                 1.6932625 1.3811565 1.5107942 1.0102419 0.9761459 0.9919842 1.0326065 1.0238698 1.0218307 1.0376594 0.9978922 1.2246143 1.2442354 1.7523631 1.1451486 0.0000000 0.2919715 0.7981620 0.7847834 1.4620075 1.3014012 1.4231577 1.3497257 1.7728019 1.3661766 1.3762991 1.4392794 1.5465717 1.5897040 1.9010247 1.9002898 1.8548659 1.9046581 1.9129388 1.8896582 1.6250374 1.1840841 1.8766815 1.6480383 1.7359753 1.9606776 2.1085532 2.5232652 2.5765411 1.2480276 1.7518101 2.3554072 2.2052448 2.5054030 2.3356700 2.3181534 2.2175960 2.4046204 2.7072938 2.7275983 2.4984560 2.4284086 2.5123060 2.0960425 2.4004853 1.8213480 2.2014960 2.3427558 2.8137431 2.5490931 2.6570757 2.9156417 2.9119464 2.5665044 2.2171928 4.0357876 3.2674026 3.2927508 3.7278531 3.6177926 2.9502536 2.8463060 2.1974483 3.6002701 
Nemnom_g3649.t1                                      1.7725730 1.5490118 1.7269237 1.1036023 1.1137316 1.0993012 1.1412529 1.1329436 1.1428148 1.1567465 1.1318404 1.3672089 1.3720353 2.2154530 1.3483570 0.2919715 0.0000000 0.7887209 0.9312898 1.6536895 1.3545238 1.5165834 1.4412764 1.7242387 1.5101130 1.5206990 1.5023246 1.6750091 1.6696498 2.0806508 2.0005899 2.0038178 2.0506227 2.0652017 1.9949235 1.7678657 1.1850304 2.1583154 1.7533259 1.8264136 2.0421155 2.1212352 2.7913199 2.8720665 1.2801434 1.8679709 2.7469162 2.2021405 2.5236531 2.3939438 2.3762853 2.4590937 2.6820338 2.6144453 2.8152940 2.5488045 2.4581830 2.4779823 2.0966972 2.4346408 1.8773682 2.2740794 2.4522650 2.9953368 2.6087918 2.4375674 2.7759738 3.3952556 2.6972388 2.1790093 3.9525429 3.0644829 3.4017037 3.9000943 3.7929040 3.0887463 2.8162200 2.4032329 3.9901647 
Morvir_scaffold153.g18.t1                            1.6782749 1.5215487 1.7316787 0.9126610 0.8736250 0.9211279 0.9274520 0.9519986 0.9681378 0.9824563 1.0034534 1.1979255 1.4125358 2.1071416 1.2185434 0.7981620 0.7887209 0.0000000 1.0007643 1.6153775 1.4396757 1.3331398 1.3653741 1.4422873 1.3175227 1.3294158 1.3330641 1.4625553 1.4560138 2.0415737 2.0402068 1.9084540 1.9689823 2.0474453 1.9873346 1.8255111 0.9714021 1.4925214 1.6521099 1.7791078 1.8068924 1.9909678 2.3613251 2.3173007 1.7433592 1.6347629 2.4882702 2.2559349 2.6504590 2.3780816 2.3994318 2.3016443 2.0825903 2.8519326 3.7115097 2.8091025 2.4837856 2.6678047 2.1878664 2.7150058 1.8879788 2.4636275 2.4221518 2.8325699 2.5538488 2.3089742 2.7045543 2.8602127 2.4634789 2.0797081 4.2112777 3.5344345 3.6255104 4.2314203 3.9019488 3.0815309 2.9307548 2.2075498 4.1414494 
Sanmal_Sma_014005-T1                                 1.7697201 1.7542290 1.9590617 0.9878727 1.0663967 1.0577926 1.1117705 1.1224161 1.1227561 1.1520446 1.1591128 1.3439925 1.3178278 1.2828693 1.1324857 0.7847834 0.9312898 1.0007643 0.0000000 1.5757431 1.3809177 1.5297772 1.4339664 1.8819532 1.4910721 1.4951058 1.4896414 1.7616790 1.7927879 1.9914571 2.0225613 2.0063772 2.0424570 2.0114293 2.0266273 1.9771025 1.4036148 1.9295710 1.7205977 1.7959344 2.2121396 2.0838503 2.5674211 2.6542833 1.8008993 1.9091578 2.5050646 2.4183626 2.4215229 2.4689361 2.4483134 2.4202254 2.5824569 2.9411346 3.1717497 2.7291042 2.7107444 2.3261970 2.4490244 2.5220309 2.0056155 2.4086323 2.6562015 3.0339120 2.4992702 2.6486385 2.8816258 3.2288542 2.6387528 2.0821266 3.8222685 3.1808585 3.0451865 3.6927527 3.6793208 2.6540112 2.8411682 2.2486425 3.2725705 
Spur_XM_030977234.1                                  1.3049143 1.4421574 1.4963937 1.3198216 1.3485661 1.3700852 1.4243742 1.4044167 1.4374026 1.4540017 1.5662589 0.9475690 1.1082900 1.7140565 1.5499459 1.4620075 1.6536895 1.6153775 1.5757431 0.0000000 1.2400797 1.5508715 1.4218886 1.3539783 1.4818230 1.4923049 1.5413969 1.4030135 1.4603777 2.0756994 2.0561887 2.0024868 2.0557830 2.0799846 2.0139734 1.7133847 1.5188918 2.5568913 1.9569983 1.8870212 1.8671142 2.2177560 2.6552650 2.9412574 2.2849011 1.6042300 2.1388079 2.5543588 2.4949147 2.2764474 2.2799810 1.9945192 1.9644342 2.8265500 2.6127454 2.3101459 2.2786035 2.1126565 2.0541343 2.1065202 1.7505073 2.3397152 2.5150984 2.8830342 2.4064675 2.1749714 2.9360519 3.4623890 2.5386238 2.1742685 4.4336647 4.0150431 3.3320287 4.1853285 3.9672185 3.1997407 2.6916470 2.8299399 3.3642972 
Mertsp_Mesp_sb528295                                 1.2890876 1.2973139 1.2484783 1.2035751 1.2559428 1.2717325 1.3144055 1.2672764 1.3227616 1.4497658 1.3316329 1.2598109 1.4135941 1.8661167 1.7060568 1.3014012 1.3545238 1.4396757 1.3809177 1.2400797 0.0000000 0.0909242 0.0983222 0.1714054 0.1903621 0.1971158 0.3062505 1.3838206 1.3838206 1.2228871 1.2251583 1.1401717 1.1680558 1.2694338 1.1508847 1.1211264 1.0556188 2.6033562 1.5960373 1.4770075 1.6871054 1.9234819 2.1109294 2.0386068 1.0467571 1.8796386 1.6442958 1.9129406 1.9290839 1.9414177 1.9414177 2.1234870 1.6955173 2.6227307 2.9181143 2.6148755 2.1345502 2.1833855 1.9061920 1.9696432 1.6063381 1.6626836 2.2542581 3.0555982 2.7479114 1.9850402 2.2662263 3.5198609 2.1787270 2.1859747 4.1187924 3.4057621 3.2207883 3.9183789 4.0278701 2.7685769 2.4214894 2.9872085 3.3425156 
Lampan_Lpan_7018_01                                  1.4797737 1.5805608 1.6245701 1.2138882 1.2280603 1.2361658 1.2482891 1.2650274 1.2971376 1.4222676 1.4019492 1.2857561 1.5726878 2.0340620 1.7580813 1.4231577 1.5165834 1.3331398 1.5297772 1.5508715 0.0909242 0.0000000 0.1201248 0.1506843 0.2131455 0.2175800 0.3148429 1.5203009 1.5706867 1.5823955 1.5675929 1.5253197 1.5528869 1.6072602 1.5642815 1.4786317 1.1269059 2.3434599 1.7935489 1.7369000 1.6274219 2.0126705 2.1843291 2.1840507 1.9239525 2.1807143 1.9248189 2.0260802 2.0578743 2.0061600 2.0028592 2.1258877 1.8928755 2.7907215 3.3132778 2.6269373 2.3341884 2.2494995 2.1502176 2.0115779 1.9607580 1.9002486 2.3326744 2.7111301 2.7673691 2.1673205 2.4898854 3.3284220 2.2028703 2.5883559 4.2412819 3.5806767 3.2899758 3.7759342 4.1624789 2.7867182 2.7190265 3.1138949 3.4234005 
Mlei_ML2100.g15.i1                                   1.4821527 1.6448406 1.6602258 1.1917664 1.2057481 1.2083557 1.2292222 1.2440515 1.2751653 1.3901418 1.3214833 1.2776387 1.5428289 1.8795306 1.6580673 1.3497257 1.4412764 1.3653741 1.4339664 1.4218886 0.0983222 0.1201248 0.0000000 0.1107598 0.1965823 0.2010044 0.3120007 1.4613790 1.5096584 1.5634569 1.5205279 1.4808954 1.5078801 1.5192818 1.5586123 1.5022949 1.0983387 2.2922960 1.7319406 1.6698463 1.5297461 2.0449053 2.1580575 2.1491757 1.7285149 2.1845740 1.9142125 1.9569566 2.0194351 2.0220772 2.0208523 2.1636875 1.9420191 2.8621252 3.2742549 2.5393277 2.3447012 2.1639026 2.0855635 2.1388318 1.8967941 1.8736613 2.3501125 2.5472207 2.5792439 2.0810202 2.5142203 3.0050409 2.0158614 2.5277071 4.2706312 3.4690869 3.2489466 3.8087675 4.2670577 2.7051445 2.7118060 3.1431749 3.1454291 
Bolinf_Binf_sb1222299                                1.3380718 1.4053158 1.3893942 1.4065927 1.4134991 1.3915398 1.4917118 1.4341926 1.4324957 1.5793997 1.3892427 1.4287599 1.4844845 1.9388295 2.0242408 1.7728019 1.7242387 1.4422873 1.8819532 1.3539783 0.1714054 0.1506843 0.1107598 0.0000000 0.2210159 0.2299096 0.3911473 1.4290578 1.5258444 1.4679002 1.3211107 1.3588015 1.3651080 1.4820773 1.2317274 0.8475587 2.7477697 6.3176250 1.8551445 1.6776732 3.1630641 2.0987962 1.7128651 2.1173916 4.9899103 2.4975431 1.6389268 1.9459565 1.9687849 1.8673453 1.8673453 1.7881569 1.7429077 2.5044746 2.1892348 2.4335639 2.0544603 2.0915936 1.6498372 1.5734231 1.6264589 1.4254610 2.1021558 2.0712049 2.5757889 1.6668288 2.4352866 4.2266744 2.0505302 2.4200032 3.4328121 3.2100183 2.9527634 7.2898609 3.6107735 2.9218060 2.5366613 5.0560732 3.0883617 
Horcal_Hcv1.av93.c5.g642.i1                          1.4910928 1.5536619 1.6036461 1.1065166 1.1895921 1.1903259 1.2172151 1.2472050 1.2959173 1.4043605 1.3559412 1.2273906 1.4727034 2.0405837 1.6476292 1.3661766 1.5101130 1.3175227 1.4910721 1.4818230 0.1903621 0.2131455 0.1965823 0.2210159 0.0000000 0.0034444 0.3692752 1.4966117 1.5435115 1.6683215 1.6717293 1.6016327 1.6311023 1.6213254 1.6874290 1.6241069 1.1585220 2.2417439 1.7337607 1.7442284 1.5821783 2.0072747 2.1716898 2.1576557 1.8400629 2.2306010 1.9952776 1.9063474 2.0931456 2.0217541 2.0278540 2.1776306 1.9028409 2.9466918 3.4267040 2.7117867 2.3138809 2.2102787 2.1074332 1.9764681 2.0645725 1.9573724 2.3202302 2.6800003 2.5784757 2.0735088 2.6300335 3.2128889 2.0437989 2.4862217 4.2038059 3.3888026 3.3423569 3.9299607 4.2724656 2.9077795 2.5593340 3.1450348 3.1420318 
Pbac_sb2645169                                       1.5016662 1.5645032 1.6161584 1.0945353 1.1985384 1.1992546 1.2263932 1.2564146 1.3055214 1.4142702 1.3427362 1.2366053 1.4827069 2.0809866 1.6587706 1.3762991 1.5206990 1.3294158 1.4951058 1.4923049 0.1971158 0.2175800 0.2010044 0.2299096 0.0034444 0.0000000 0.3743335 1.5073013 1.5545172 1.6799928 1.6834863 1.6130542 1.6426707 1.6331525 1.6991104 1.6389257 1.1585220 2.2414909 1.7454060 1.7562817 1.5798277 2.0218805 2.1755256 2.1614304 1.8400629 2.2092151 2.0095691 1.9207069 2.1070298 2.0363161 2.0424389 2.1647515 1.8793456 2.9282791 3.4516861 2.7327028 2.3441022 2.2292386 2.1260744 1.9764200 2.0690046 1.9730939 2.3076432 2.6647557 2.5826014 2.0993928 2.6480282 3.1950518 2.0583076 2.5026390 4.2077945 3.3935163 3.3481997 3.9299607 4.2762122 2.9455636 2.5342772 3.1041083 3.1654929 
Vmul_Simscaffold149_01                               1.4668354 1.6266373 1.6334012 1.1696908 1.2305054 1.2346973 1.2405515 1.2447026 1.2729854 1.4260570 1.3643106 1.3071686 1.5968045 1.7943493 1.5609092 1.4392794 1.5023246 1.3330641 1.4896414 1.5413969 0.3062505 0.3148429 0.3120007 0.3911473 0.3692752 0.3743335 0.0000000 1.5573926 1.6113437 1.5904090 1.5301863 1.5046730 1.5321469 1.5565052 1.6137533 1.6374458 1.0844960 2.1895255 1.7829853 1.7703691 1.6701959 2.1873896 2.3410332 2.2107756 2.0472774 2.1984015 2.0656315 1.9466377 2.2233745 2.1674530 2.1640286 2.1064891 1.9001186 2.8321629 3.1769217 2.5662329 2.3098076 2.2226440 2.1257165 2.1452813 1.9735719 1.8989282 2.2789645 2.7956022 2.6675120 2.1841408 2.4340274 3.2685855 2.2507282 2.6577677 4.2958619 3.4801484 3.2456697 3.6393956 4.2873846 2.8507669 2.7752293 3.0653489 3.3421884 
Ctel_gnl_WGS_AMQN_CAPTEDRAFT_mRNA228643              1.2186031 1.5045504 1.5721688 1.4373409 1.3192182 1.3301695 1.4036375 1.2857282 1.2768008 1.3661445 1.5225227 1.0769486 1.2188032 1.8711734 1.6137463 1.5465717 1.6750091 1.4625553 1.7616790 1.4030135 1.3838206 1.5203009 1.4613790 1.4290578 1.4966117 1.5073013 1.5573926 0.0000000 0.0470281 1.6026819 1.6588084 1.5404501 1.5658241 1.7104989 1.5864229 1.4404917 1.5666922 2.4342111 1.6075536 1.8135466 1.6751083 2.1004775 2.5504741 2.6366660 2.0921727 1.7835813 1.9621560 2.3283844 2.4923221 2.3663952 2.3650371 2.1002321 1.8753387 2.5660879 2.9018761 2.5826386 2.2990834 2.0162476 1.9511959 2.4025645 1.8822957 1.9869398 2.5210612 2.6281897 2.4624679 2.3665590 2.7403363 3.0792133 2.6636861 2.2956319 3.7534766 3.2542294 3.2351056 3.7165713 3.4302675 2.8183405 2.5720735 2.7542267 2.6254951 
Ctel_gnl_WGS_AMQN_CAPTEDRAFT_mRNA222042              1.2384460 1.5688868 1.6511209 1.4623217 1.4078786 1.4033647 1.4896546 1.3669784 1.3509764 1.4539161 1.5510363 1.1118145 1.2394380 2.2397906 1.6948177 1.5897040 1.6696498 1.4560138 1.7927879 1.4603777 1.3838206 1.5706867 1.5096584 1.5258444 1.5435115 1.5545172 1.6113437 0.0470281 0.0000000 1.6551454 1.7139907 1.5927168 1.6189652 1.7682207 1.6399517 1.4404917 1.5666922 2.5382805 1.6302990 1.8986835 1.6751083 2.1070538 2.6253059 2.7100974 2.0921727 1.6838049 2.0341812 2.3401884 2.6040067 2.3850104 2.3836429 2.1224824 1.9164199 2.5660879 2.9018761 2.6356043 2.4092153 2.0162476 1.9511959 2.4025645 1.8822957 1.9869398 2.5366342 2.6654485 2.5608357 2.3972152 2.7762733 3.2092082 2.7761372 2.3860681 3.9217317 3.2542294 3.2631537 3.7165713 3.5037934 2.7914035 2.6497986 2.7503378 2.6254951 
HoiH06_mRNA2405                                      1.6933446 1.6722513 1.7751226 1.6282842 1.6638588 1.5661986 1.6445360 1.5339700 1.5834126 1.6953049 1.6803698 1.6176340 1.7100519 1.9738612 1.9283042 1.9010247 2.0806508 2.0415737 1.9914571 2.0756994 1.2228871 1.5823955 1.5634569 1.4679002 1.6683215 1.6799928 1.5904090 1.6026819 1.6551454 0.0000000 0.1042681 0.1665447 0.1695386 0.2667998 0.4504950 0.4393378 2.3049000 2.6670937 1.8941449 1.9575578 2.0643944 2.7830086 2.9938453 2.8165911 2.2791970 2.2642129 2.4347848 2.5108324 2.8252052 2.7101680 2.7097223 2.2705829 1.8974445 3.0158041 2.8375491 2.6843681 2.5554083 2.4797069 2.2346697 2.0762267 2.1867213 2.1820547 2.7646573 2.9920706 3.0149236 2.2127932 2.8280547 3.7806541 2.9149743 2.8747069 3.7286955 3.0955876 3.1798628 3.8992909 3.7356457 2.8756799 2.4665572 3.1651564 2.9887523 
HoiH23_PlH23_006060-RA                               1.6762504 1.7858434 1.8470202 1.6996932 1.6794062 1.5655390 1.6443386 1.5696585 1.6219355 1.6931013 1.7302282 1.6501079 1.7036076 2.0756074 1.9479462 1.9002898 2.0005899 2.0402068 2.0225613 2.0561887 1.2251583 1.5675929 1.5205279 1.3211107 1.6717293 1.6834863 1.5301863 1.6588084 1.7139907 0.1042681 0.0000000 0.1665059 0.1610185 0.2533362 0.4538184 0.4512593 2.3236758 2.6809733 1.8997673 1.9820741 2.0672485 2.8756799 2.9342071 2.7444012 2.3971846 2.2440077 2.4275919 2.6174621 2.7891089 2.8769844 2.8764693 2.2732265 2.0116526 3.0728465 2.7907633 2.8076126 2.4963031 2.4439705 2.2542753 2.1833029 2.1986048 2.2093033 2.8469286 3.1195536 3.0589605 2.3522239 2.7663723 3.9130426 2.9097654 3.0326884 3.8970902 3.1538046 3.2848191 4.0590943 3.8129543 2.9614060 2.6041300 3.1880141 2.9568091 
HoiH04_mRNA13424                                     1.7233507 1.7761552 1.8399923 1.7298489 1.7083833 1.6303182 1.6828434 1.6062501 1.6705834 1.7655813 1.7110218 1.6176725 1.6773778 2.1335273 1.9625417 1.8548659 2.0038178 1.9084540 2.0063772 2.0024868 1.1401717 1.5253197 1.4808954 1.3588015 1.6016327 1.6130542 1.5046730 1.5404501 1.5927168 0.1665447 0.1665059 0.0000000 0.0101228 0.2082381 0.4184431 0.4271734 2.1219459 2.7783628 1.9185619 1.9977627 2.0624555 2.7052179 2.9743669 2.7925959 2.6758567 2.2095381 2.4395364 2.4004522 2.9910500 2.7361364 2.7356801 2.2433586 1.9453875 3.0060507 2.9103860 2.8838049 2.4775742 2.3870800 2.2038418 2.1716470 2.2133007 2.0717660 2.6361124 3.2048028 3.0066905 2.2874815 2.7682597 3.8003259 2.8400312 2.8729513 3.8593441 3.1069690 3.1977994 3.8655611 3.7324253 2.9089715 2.4595160 3.1466825 2.9229373 
Hhon_g08920.t1                                       1.7182678 1.7827167 1.8475982 1.7558340 1.7472025 1.6674734 1.7214824 1.6430491 1.7094023 1.8106899 1.7499047 1.6545089 1.7021269 2.1105796 1.9188644 1.9046581 2.0506227 1.9689823 2.0424570 2.0557830 1.1680558 1.5528869 1.5078801 1.3651080 1.6311023 1.6426707 1.5321469 1.5658241 1.6189652 0.1695386 0.1610185 0.0101228 0.0000000 0.2068426 0.4324789 0.4383966 2.2377651 2.8314888 1.9077983 1.9917807 1.9766657 2.7474178 2.9219380 2.7707925 2.5974295 2.1815657 2.4114462 2.3450749 2.9429060 2.7284434 2.7279908 2.1955677 1.9453875 3.0114213 2.8724993 2.8199585 2.4533827 2.3942775 2.1920991 2.1732897 2.2063649 2.1118317 2.6142262 3.1763572 2.9874290 2.2779401 2.7477117 3.7622735 2.8113955 2.9152831 3.8091530 3.0596476 3.1272526 3.7240352 3.6728759 2.8522494 2.4960221 3.0666910 2.8968640 
HoiH11_mRNA4164                                      1.7599106 1.8282135 1.9583506 1.6690059 1.7288461 1.6632395 1.6373256 1.6378719 1.7057350 1.7735601 1.7753218 1.6770232 1.6335890 2.1563282 1.9642105 1.9129388 2.0652017 2.0474453 2.0114293 2.0799846 1.2694338 1.6072602 1.5192818 1.4820773 1.6213254 1.6331525 1.5565052 1.7104989 1.7682207 0.2667998 0.2533362 0.2082381 0.2068426 0.0000000 0.4145276 0.4361469 2.3278645 2.8545076 1.8677491 2.0372297 1.9894658 2.8631697 3.0899910 2.8858621 2.3040522 2.2731979 2.5253917 2.3852369 3.2275138 2.8644374 2.8639299 2.3055437 1.9247842 3.0358848 3.2132208 2.9459522 2.5381728 2.4268533 2.2404396 2.3910418 2.3159183 2.2497444 2.8882786 3.1932069 3.3749600 2.3078439 2.7429609 3.9123554 3.0280234 2.9488579 4.2487060 3.1613000 3.4625502 4.2811393 4.1337687 3.1117424 2.7318033 3.1764464 2.9214264 
TrH2_TrispH2_002114-RA                               1.5960385 1.5527891 1.6489539 1.5896823 1.7015943 1.6770923 1.6815281 1.5733483 1.6343811 1.7852681 1.6593376 1.6599509 1.6796275 1.9484309 1.9811262 1.8896582 1.9949235 1.9873346 2.0266273 2.0139734 1.1508847 1.5642815 1.5586123 1.2317274 1.6874290 1.6991104 1.6137533 1.5864229 1.6399517 0.4504950 0.4538184 0.4184431 0.4324789 0.4145276 0.0000000 0.0278729 2.5319444 2.9761551 1.8686095 2.0449079 2.1916836 2.5919357 2.8016752 2.8581552 2.8834936 2.1885939 2.4059200 2.4280644 2.8268898 2.7065187 2.7060791 2.2780522 2.0501441 3.1314572 3.1964793 3.2097679 2.6354359 2.5137591 2.3337449 2.2886963 2.2411129 2.0703969 2.9307538 3.1432738 3.2395041 2.1452242 2.7712643 4.1597973 3.1091706 2.8920683 3.6677863 3.2916996 3.3507172 4.3339728 3.8701611 2.9782341 2.5149506 3.1346662 3.1539214 
Tadh_TriadT54743                                     1.4990593 1.4399474 1.5373024 1.4977423 1.6463606 1.6232933 1.6223670 1.5789166 1.6505550 1.7455609 1.5146393 1.4941505 1.5983663 1.5338415 1.7645297 1.6250374 1.7678657 1.8255111 1.9771025 1.7133847 1.1211264 1.4786317 1.5022949 0.8475587 1.6241069 1.6389257 1.6374458 1.4404917 1.4404917 0.4393378 0.4512593 0.4271734 0.4383966 0.4361469 0.0278729 0.0000000 2.5319444 2.4921500 1.7239799 1.7241177 2.1916836 2.3928404 2.6339907 2.5540935 2.8834936 1.5796771 2.2469679 2.3281990 2.6120499 2.5484130 2.5479241 2.0795901 1.6140757 3.0299055 3.2340221 3.0075752 2.6061680 2.4883170 2.3337449 2.2309432 2.1560967 2.1470370 2.6171315 2.9618821 2.9461677 2.2364793 2.5087865 3.7524868 3.1704596 2.6967721 3.6232405 3.4804038 3.5885603 4.3339728 3.6570356 3.3755100 2.2875494 2.6419790 3.2461375 
Pocdam_XM_027197245.1                                1.7977390 1.6724416 1.6724416 0.5858043 0.2539165 0.2592249 0.2630646 0.2855560 0.3001710 0.2809103 0.6143726 0.7646334 1.2290057 0.0000010 0.9109422 1.1840841 1.1850304 0.9714021 1.4036148 1.5188918 1.0556188 1.1269059 1.0983387 2.7477697 1.1585220 1.1585220 1.0844960 1.5666922 1.5666922 2.3049000 2.3236758 2.1219459 2.2377651 2.3278645 2.5319444 2.5319444 0.0000000 0.1989091 2.3230081 1.8760649 1.5578432 1.9641899 2.4679479 2.4165031 1.8852236 1.7866272 2.4848434 2.0232806 2.5904158 2.3499221 2.3489005 2.0605018 4.0759563 3.3484209 4.9575559 3.6304990 9.0000000 2.6550862 2.9214073 3.0866751 2.6683704 1.9247076 2.5518397 2.6649879 2.4617984 2.0669348 2.7491020 2.5021833 2.4613802 1.9293684 4.7626582 4.6394085 3.1832413 3.1832413 5.1874429 2.2550350 2.6757871 1.7987378 3.0349735 
Pocdam_XM_027197255.1                                2.2134770 2.2483187 2.7593668 1.3119151 0.8692350 0.8555030 0.8564654 0.8682428 0.8734342 0.9400730 1.3697942 1.8370544 1.9990973 7.4019617 1.7253045 1.8766815 2.1583154 1.4925214 1.9295710 2.5568913 2.6033562 2.3434599 2.2922960 6.3176250 2.2417439 2.2414909 2.1895255 2.4342111 2.5382805 2.6670937 2.6809733 2.7783628 2.8314888 2.8545076 2.9761551 2.4921500 0.1989091 0.0000000 2.8615669 2.8076585 1.9708152 2.9822060 3.8005557 3.6625846 1.4175834 2.4557544 4.0742833 3.7284643 3.9350603 3.9827919 3.9830070 3.3051600 6.5517410 4.3688758 4.2908792 3.6534953 5.2236237 3.1376050 2.8306777 4.9562719 2.6894971 3.3062905 3.5807215 3.8489591 4.0776043 5.3579946 3.9725019 4.1480994 3.9915061 3.7854660 5.8106705 5.4036868 4.3782576 3.8518321 4.9601969 6.7386864 4.0447535 2.7669251 3.7770358 
Plajan_Pjan_C553531_01                               1.6337327 1.6729932 1.7595078 1.7058801 1.6180208 1.6033156 1.5772741 1.6498390 1.6533257 1.7376167 1.8419426 1.5866738 1.7162775 1.8378472 1.6906709 1.6480383 1.7533259 1.6521099 1.7205977 1.9569983 1.5960373 1.7935489 1.7319406 1.8551445 1.7337607 1.7454060 1.7829853 1.6075536 1.6302990 1.8941449 1.8997673 1.9185619 1.9077983 1.8677491 1.8686095 1.7239799 2.3230081 2.8615669 0.0000000 0.9707562 2.0054366 2.0656740 2.3691020 2.2271409 1.7891821 2.0922225 2.2859176 2.4678078 2.5907997 2.3235298 2.3232324 2.3635375 2.0507558 2.6818132 2.9735830 2.5815791 1.9034043 1.8398130 2.0432190 2.3623213 2.0835434 2.0345364 2.5604812 2.8775156 2.8746893 2.2501201 2.5037844 3.0284004 2.7578570 2.5754758 3.7669812 3.0277742 3.0802498 3.5211736 3.1487879 2.7159398 2.5902472 3.0778962 2.9583108 
Opea_EP00118_Oscarella_pearsei_P005430               1.8830319 1.8903300 1.9068468 1.7390122 1.6129332 1.5613360 1.6701575 1.6997780 1.7033152 1.7244302 1.7696364 1.6361023 1.6659565 2.0589102 1.7626136 1.7359753 1.8264136 1.7791078 1.7959344 1.8870212 1.4770075 1.7369000 1.6698463 1.6776732 1.7442284 1.7562817 1.7703691 1.8135466 1.8986835 1.9575578 1.9820741 1.9977627 1.9917807 2.0372297 2.0449079 1.7241177 1.8760649 2.8076585 0.9707562 0.0000000 1.6659989 1.9961248 2.3874892 2.2466565 1.6222069 2.1905149 2.2366902 2.2769739 2.4789340 2.1635085 2.1599288 2.1776039 2.0104932 2.8460546 2.7845851 2.5556599 2.0837889 2.2365190 1.8600347 2.7021715 1.9453920 2.0166776 2.6616962 2.6518029 2.1980035 2.5565785 2.7063916 2.8537407 2.3359901 2.8448470 3.4792278 3.5147541 2.9652068 3.1143982 3.2389587 2.7200621 2.6116253 3.4288134 3.2423592 
Salmac_EP00052_Salpingoeca_macrocollata_P012433      2.0886476 2.1227223 2.1227223 1.5367951 1.7012888 1.6846873 1.7930199 1.7063335 1.8270332 1.7359424 1.7980644 1.8445021 1.8752908 2.4247395 1.7673656 1.9606776 2.0421155 1.8068924 2.2121396 1.8671142 1.6871054 1.6274219 1.5297461 3.1630641 1.5821783 1.5798277 1.6701959 1.6751083 1.6751083 2.0643944 2.0672485 2.0624555 1.9766657 1.9894658 2.1916836 2.1916836 1.5578432 1.9708152 2.0054366 1.6659989 0.0000000 1.5740425 1.9506280 1.7305744 1.3327001 1.9086500 1.7273130 2.0538858 2.0751609 1.8064063 1.8053968 2.0918940 3.9673588 2.5726233 2.9871742 2.4158988 2.6336994 2.4325319 2.0902025 1.7121750 1.9330375 1.6574114 2.2835213 2.3643184 2.2828887 2.5395929 2.2420824 1.8564967 2.2376754 2.6388316 3.6117273 3.2388050 3.6097690 3.3981653 3.3864270 2.2177530 2.4157029 2.2087551 2.9263949 
Salurc_EP00051_Salpingoeca_urceolata_P017173         1.9802748 1.9288542 1.9508821 1.8084810 1.8667126 1.8630379 1.8881475 1.8770875 1.8674533 1.8730373 1.9269169 1.9503328 2.2760337 3.4060711 2.1079662 2.1085532 2.1212352 1.9909678 2.0838503 2.2177560 1.9234819 2.0126705 2.0449053 2.0987962 2.0072747 2.0218805 2.1873896 2.1004775 2.1070538 2.7830086 2.8756799 2.7052179 2.7474178 2.8631697 2.5919357 2.3928404 1.9641899 2.9822060 2.0656740 1.9961248 1.5740425 0.0000000 2.1569880 2.1108113 1.8273090 2.3119035 2.1657950 1.9230178 1.9336716 1.9195918 1.9356783 2.0057261 2.0477511 3.2437379 3.4535874 3.2262663 2.8888274 2.7208422 2.4346730 2.0269337 2.2270634 1.9371402 2.1705970 2.5486829 2.5210643 1.8130888 2.9507075 3.0206575 2.5180519 2.8127495 3.9698784 3.5781402 2.8738507 3.4409836 3.5086332 2.7799958 3.0158576 3.3426981 3.7629824 
Microa_EP00043_Microstomoeca_roanoka_P010252         2.2319043 2.0798785 2.0769958 2.3622299 2.2226882 2.2696985 2.4499280 2.3493775 2.2985733 2.4846879 2.3611310 2.2801736 2.5194679 3.3788417 2.3723805 2.5232652 2.7913199 2.3613251 2.5674211 2.6552650 2.1109294 2.1843291 2.1580575 1.7128651 2.1716898 2.1755256 2.3410332 2.5504741 2.6253059 2.9938453 2.9342071 2.9743669 2.9219380 3.0899910 2.8016752 2.6339907 2.4679479 3.8005557 2.3691020 2.3874892 1.9506280 2.1569880 0.0000000 0.7073851 1.7546441 2.7451470 2.0612696 2.2441402 2.7645564 2.7908875 2.8136076 2.2623143 2.0298574 3.2442984 3.7130769 3.4134934 2.3927927 2.8459616 2.7654737 2.7064048 2.5674864 2.5292401 2.3585213 2.6097092 2.9675272 2.1710145 2.4213393 2.8434862 2.1708171 2.8102539 3.9895060 3.4803360 3.3730720 4.6497677 3.1980592 2.9098627 3.6288612 4.1860562 3.3804998 
Sros_EGD74492                                        2.6800634 2.4442581 2.4393497 2.3839535 2.2535093 2.1867781 2.4333570 2.3562769 2.2853916 2.4037808 2.4687682 2.3038705 2.3448893 2.5983878 2.4469596 2.5765411 2.8720665 2.3173007 2.6542833 2.9412574 2.0386068 2.1840507 2.1491757 2.1173916 2.1576557 2.1614304 2.2107756 2.6366660 2.7100974 2.8165911 2.7444012 2.7925959 2.7707925 2.8858621 2.8581552 2.5540935 2.4165031 3.6625846 2.2271409 2.2466565 1.7305744 2.1108113 0.7073851 0.0000000 1.6212214 2.9340764 2.1337248 2.1753172 2.5848087 2.6096578 2.6306393 2.3605878 2.2111783 3.1397076 3.5084382 2.9887333 2.4260214 2.7094256 2.3432282 2.5549982 2.5339561 2.4744878 2.3374092 2.6622758 3.0442676 2.5952697 2.3743514 2.6805894 2.2464889 2.8612069 4.0658853 3.1196479 3.2677910 3.7039901 3.5865346 3.0980730 4.1471406 4.0815726 3.2541244 
Salpun_EP00053_Salpingoeca_punica_P002167            2.0823993 1.7229064 1.7582368 1.3353866 1.3890833 1.4116342 1.4483995 1.3943624 1.4316252 1.4936150 1.3821059 1.4792252 2.4018526 0.0000010 1.5765871 1.2480276 1.2801434 1.7433592 1.8008993 2.2849011 1.0467571 1.9239525 1.7285149 4.9899103 1.8400629 1.8400629 2.0472774 2.0921727 2.0921727 2.2791970 2.3971846 2.6758567 2.5974295 2.3040522 2.8834936 2.8834936 1.8852236 1.4175834 1.7891821 1.6222069 1.3327001 1.8273090 1.7546441 1.6212214 0.0000000 2.1898976 1.5630852 1.7435549 2.3001198 2.1147844 2.1294048 1.7731731 4.0003404 3.6381121 3.6201928 2.6917586 3.3397149 2.6707032 2.6912468 4.2996444 2.6473826 1.7032196 2.1408127 2.1207233 2.1902784 2.3076698 2.5983847 2.2183311 2.2375356 2.4807921 3.4710064 2.9108749 2.4126048 2.4126048 3.7787302 3.1407141 3.2319245 1.8904321 4.2656706 
Hsap_ENST00000590842                                 1.5631474 1.6299160 1.7353322 1.5366059 1.7216042 1.6558292 1.7515216 1.6954799 1.7184015 1.7964237 1.6901520 1.4141030 1.4523516 3.6442855 1.8540777 1.7518101 1.8679709 1.6347629 1.9091578 1.6042300 1.8796386 2.1807143 2.1845740 2.4975431 2.2306010 2.2092151 2.1984015 1.7835813 1.6838049 2.2642129 2.2440077 2.2095381 2.1815657 2.2731979 2.1885939 1.5796771 1.7866272 2.4557544 2.0922225 2.1905149 1.9086500 2.3119035 2.7451470 2.9340764 2.1898976 0.0000000 2.7606986 2.7752845 2.8664973 2.6657102 2.6649525 2.5798496 2.9628451 2.7942647 3.2147227 2.4804839 2.9263360 2.4998190 2.0430047 2.7636013 1.7579853 2.3938021 3.1019518 3.3448285 2.7512247 2.6636345 2.8560421 3.8609741 2.9829821 2.8215903 3.7807958 4.2095418 3.4993643 3.6295734 4.3096463 4.5281360 3.1234108 3.1289971 3.7904047 
Mylflu_EP00047_Mylnosiga_fluctuans_P015934           2.3359228 2.2084108 2.1442748 2.2338228 2.0825836 2.1565013 2.2071685 2.2779156 2.2949154 2.2448528 2.4291217 1.9619694 2.0753247 2.4574235 2.4355622 2.3554072 2.7469162 2.4882702 2.5050646 2.1388079 1.6442958 1.9248189 1.9142125 1.6389268 1.9952776 2.0095691 2.0656315 1.9621560 2.0341812 2.4347848 2.4275919 2.4395364 2.4114462 2.5253917 2.4059200 2.2469679 2.4848434 4.0742833 2.2859176 2.2366902 1.7273130 2.1657950 2.0612696 2.1337248 1.5630852 2.7606986 0.0000000 1.6974786 1.9582704 1.9379386 1.9371126 2.1645323 1.8195359 3.4332790 3.1917670 3.1253629 2.5631049 2.6665285 2.6749634 1.7210727 2.6237392 1.6812951 2.0130033 1.9170242 2.1869169 2.0340434 2.4656263 2.4858865 2.3150161 2.8792052 3.8215209 2.8821898 2.9716790 3.7782260 3.2524282 2.6894875 3.6837584 3.7833051 2.9627821 
