105
Helnan_EP00037_Helgoeca_nana_P017556                   0.0000000 0.2461344 0.7549004 0.9137315 1.1854022 1.3878743 1.1627089 1.5622973 1.1952586 1.2289314 1.0514815 1.0814776 1.1988405 2.7943455 1.9255577 1.8988232 1.7936331 1.6734254 1.7986657 1.1197052 1.8701676 1.7475570 2.9237047 1.8048053 2.0438649 1.6662439 1.5728599 1.7547310 1.5701124 1.8332464 2.0317780 1.6372710 1.8001709 1.5209940 1.7986086 1.6529071 1.7711528 1.3969183 1.4063328 1.7458330 1.7438645 1.6792472 1.5341443 1.8866605 1.8700168 1.7609112 1.9805020 2.0015153 1.7975445 1.9324855 1.9450111 2.0729732 1.6670163 2.0624769 1.9327807 2.1145461 1.9429685 1.8415986 1.7768180 1.7672647 1.9406099 2.0708577 1.7330055 1.9590681 1.7433651 1.8943967 1.8750981 2.4618997 1.7075248 1.5125335 1.8693418 1.5890173 2.2944238 1.5981140 1.6218383 1.5532066 1.6637486 1.8296884 1.5246333 1.5246333 1.6862904 1.6234294 2.0019061 2.3313734 2.1100464 1.9198400 2.1046000 2.2419998 2.1729233 2.1853756 1.9909377 2.0245211 2.2254362 2.2892735 2.2203243 2.1927150 2.9001900 2.0995269 2.3371213 2.2916081 2.4564939 3.1700031 4.8951492 2.9127681 2.6938683 
Acaspe_EP00035_Acanthoeca_spectabilis_P007828          0.2461344 0.0000000 0.7456550 0.8726777 1.1767471 1.4042103 1.1905424 1.5278780 1.2200478 1.2283200 1.0775822 1.0935333 1.1782970 2.5349558 1.8681701 1.8637306 1.7013073 1.6988724 2.1693583 1.1804835 1.9327418 1.7459126 2.7608186 1.7729347 2.0495999 1.6447215 1.5925101 1.8253066 1.5626025 1.8376594 2.0137573 1.6330034 1.8491668 1.5598498 1.8018417 1.7594751 1.7792940 1.3869627 1.3261731 1.7165340 1.7635338 1.6122282 1.5281064 1.8735305 1.9141804 1.8231818 1.9370041 1.9602283 1.7781648 1.9077153 1.9193043 2.0647801 1.6469223 2.0734451 1.8893300 2.1341524 1.9553978 1.8263497 1.8066875 1.7698096 2.0284545 2.1638744 1.8155657 1.9962037 1.7125772 1.7851360 1.7787102 2.5001670 1.7438888 1.5387893 1.7826911 1.5488616 2.2942578 1.5396655 1.5654098 1.5193724 1.6968722 1.8555483 1.5977585 1.5977585 1.6821255 1.6389028 2.0585312 2.6104807 2.1812555 2.0135561 2.1795699 2.4034495 2.3014306 2.2847149 2.1188047 2.2350696 2.3388576 2.2611073 2.2521462 2.3883125 2.7571520 2.1801436 2.3146898 2.4733068 2.3796361 3.1542347 5.0100728 3.0264701 2.7227563 
Stedip_EP00041_Stephanoeca_diplocostata_P029193        0.7549004 0.7456550 0.0000000 0.7788412 1.0191814 1.2717361 1.0653839 1.4563027 1.1106090 1.1403654 1.0025411 1.0119786 1.0800225 2.6024092 1.8233707 1.6692783 1.6588218 1.6231695 2.3592001 1.1894756 1.8176659 1.6112892 3.0142834 1.6034701 1.9332092 1.4427302 1.5030902 1.7042706 1.4988121 1.8073168 1.9282896 1.3381875 1.6253813 1.4007074 1.7038074 1.7464599 1.6859468 1.3250097 1.2689579 1.7465520 1.6840113 1.6500618 1.4711503 1.7569563 1.7478830 1.6728390 1.7172324 1.7426594 1.5984055 1.6731673 1.6837692 1.8278200 1.4670921 1.9551288 1.7948577 2.0108885 1.8551491 1.7583958 1.7261359 1.7779276 1.8033854 1.8346997 1.6906689 1.7679116 1.5187791 1.6268742 1.6899733 2.2079912 1.6425385 1.4249363 1.6414733 1.5178113 2.5050999 1.4960180 1.4781542 1.3747808 1.5696317 1.7133470 1.4798916 1.4798916 1.5747554 1.7128997 1.9883994 2.6740240 2.1038929 2.0640092 2.0992398 2.4694421 2.0838145 2.1930022 2.0387099 2.0426359 2.1653698 2.1656910 2.0515360 2.3679329 2.7559038 2.1491638 2.2603856 2.3795854 2.3467428 2.8179768 4.8417964 2.8654339 2.3732894 
Diagra_EP00040_Diaphanoeca_grandis_P034644             0.9137315 0.8726777 0.7788412 0.0000000 1.0748814 1.2721549 1.0189239 1.4741347 1.0901359 1.1006553 0.9697365 0.9663827 1.0174611 2.5735819 1.8183686 1.8181038 1.6336863 1.5687709 2.2978092 1.1252902 1.7626021 1.5297842 2.4078576 1.6244528 1.8500089 1.5107010 1.3950518 1.8526654 1.4479245 1.8218684 1.8540193 1.3747422 1.6745135 1.4932265 1.7394003 1.8522736 1.7578146 1.3989172 1.3124594 1.7289272 1.7291762 1.6783455 1.5113289 1.8291833 1.7228979 1.6837704 1.8944116 1.8952276 1.6294145 1.8527041 1.8658547 1.9025704 1.5189409 1.9607798 1.8018684 2.0252162 1.8422703 1.7360676 1.7350941 1.7517282 2.0116173 2.0609532 1.7319384 1.8527615 1.5978989 1.8434177 1.8916501 2.3254835 1.5822497 1.2835518 1.6549933 1.4728858 2.3873448 1.5088680 1.5497063 1.3302359 1.6261561 1.7997069 1.4712283 1.4712283 1.6032525 1.8039257 2.0641520 2.9713086 2.1715731 2.2070640 2.1365101 2.8288877 2.2271070 2.3948534 2.1582516 2.3459369 2.1567901 2.2324932 2.1774865 1.9594256 2.7965125 2.0946349 2.2753924 2.2069755 2.2945182 3.4683394 4.8670339 3.1845194 2.4123399 
Saldol_EP00054_Salpingoeca_dolichothecata_P015471      1.1854022 1.1767471 1.0191814 1.0748814 0.0000000 1.1149012 0.9075579 1.3327890 0.9259984 0.9836851 0.7928769 0.8614357 1.1331935 2.0938386 1.5584073 1.5741227 1.4055645 1.4943681 1.6194538 0.9018124 1.6721061 1.3086608 1.8183996 1.4838428 1.7182145 1.4331350 1.2784831 1.3717192 1.2275686 1.4933659 1.4913213 0.9852633 1.4279917 1.3252115 1.4260039 1.4461921 1.6358651 1.2259548 1.2559635 1.5750560 1.5750519 1.5399181 1.1668527 1.4922336 1.5233501 1.4342886 1.5122151 1.5300917 1.3386886 1.4811960 1.4928098 1.5864679 1.2595986 1.6590563 1.4512068 1.6860138 1.5128533 1.4292012 1.3708382 1.3982024 1.6817190 1.7781937 1.5178317 1.6413809 1.4916902 1.5616910 1.6109085 2.0202823 1.5003328 1.3812583 1.5613230 1.3459750 1.9716115 1.3794419 1.4115357 1.3588083 1.3546002 1.4898560 1.2651496 1.2651496 1.5304226 1.5320970 1.7245798 2.4240658 1.8346470 1.7209250 1.7572162 2.2985877 1.9984063 2.0674829 1.8589366 1.8877843 1.9438195 1.9623897 1.9151885 2.1698015 2.9115387 2.0574486 2.2275710 2.2150435 2.3546050 2.7888220 4.4603185 2.7222660 2.1468422 
Mylflu_EP00047_Mylnosiga_fluctuans_P023590             1.3878743 1.4042103 1.2717361 1.2721549 1.1149012 0.0000000 0.2157764 0.5210178 0.9918060 1.0527483 0.8866508 0.9956433 1.3250376 3.2974938 2.0327671 1.8401846 1.8202269 1.7497442 2.2819571 1.2365504 1.9240476 1.7317452 2.2221015 1.5599680 1.8779956 1.4939068 1.5296868 1.7562197 1.5541440 1.9050246 1.9106193 1.3130533 1.7023733 1.5676716 1.7073332 1.7409969 1.8575971 1.4148493 1.3349404 1.7626183 1.7684502 1.6895303 1.6564042 1.8306053 1.7817275 1.7857725 1.8534758 1.8632311 1.6303147 1.8229198 1.8349780 1.9168190 1.4645579 2.1188146 1.8416399 1.9958069 1.9108318 1.7987928 1.7953923 1.7440826 1.8875097 2.0507685 1.7655347 1.8960908 1.6529738 2.0224655 2.0965518 2.1374174 1.6975608 1.3158321 1.6784619 1.4055360 2.1133761 1.4407662 1.4961180 1.3512510 1.7103739 1.8608880 1.6080941 1.6080941 1.6992339 1.9796678 2.0037773 2.9661602 2.1147785 1.9598633 2.0371487 2.5037500 2.3084925 2.1811592 1.9585080 2.0841500 2.1846062 2.3069676 2.4674313 2.0295393 3.0143062 2.1549925 2.3418825 2.3123653 2.5561153 2.5150307 4.9922683 3.2951180 2.3624050 
Mylflu_EP00047_Mylnosiga_fluctuans_P023595             1.1627089 1.1905424 1.0653839 1.0189239 0.9075579 0.2157764 0.0000000 0.6611110 0.8677689 0.8348092 0.7837265 0.9555827 1.1041809 0.0000010 1.6791971 1.7098794 1.6235265 1.5787103 2.2334315 1.1692390 1.5199126 1.6160179 2.2210014 1.4698845 1.4543179 1.3833812 1.5292579 1.4054162 1.5837287 1.6073828 1.5642642 1.3130533 1.3449671 1.5119252 1.3715015 1.4471645 1.6530095 1.5184657 1.3502514 1.4919608 1.5507577 1.4504608 1.6679784 1.4415409 1.3952557 1.4625390 1.5543811 1.5404869 1.5370481 1.5406352 1.5532498 1.5201118 1.5201118 1.5518633 1.4425182 1.5763816 1.3822518 1.3537878 1.3461385 1.4094899 1.6045234 1.6778182 1.4578852 1.5600554 1.5610034 1.7093536 1.7013034 2.1658098 1.4052995 1.3278078 1.5437926 1.2458743 2.1201663 1.2689598 1.3100804 1.3299091 1.3604257 1.5807436 1.2598181 1.2598181 1.4540165 1.9348845 1.8393916 2.6601759 1.8393916 1.9107712 1.9665109 2.3304409 1.8956568 1.7549013 1.7609043 1.8533395 1.9483483 1.9201240 2.0657191 2.1274061 0.5579833 2.2338695 2.1992719 2.3596282 2.2853176 1.9768055 4.5474579 3.0329330 2.4158542 
Mylflu_EP00047_Mylnosiga_fluctuans_P023593             1.5622973 1.5278780 1.4563027 1.4741347 1.3327890 0.5210178 0.6611110 0.0000000 1.2107397 1.2448911 1.0404122 1.1549993 1.5508783 3.1633424 2.1255820 1.9742862 1.8976880 1.9075885 2.2819571 1.2205588 1.9817370 1.6545726 2.2221015 1.6262991 1.9956083 1.5688344 1.6942641 1.8909603 1.6376105 2.0972325 2.0924210 1.5563265 1.8394120 1.5968749 1.8864795 1.9043966 2.0281883 1.5428918 1.4401327 1.9565705 1.9597554 1.9160899 1.7438465 2.0451531 2.0572769 1.9856867 2.0283584 2.0613688 1.7715398 2.0030376 2.0162273 2.0800570 1.5907002 2.3617978 2.1394523 2.3488160 2.1879500 2.0301675 2.0015349 1.9701060 2.0565311 2.2154648 1.9131650 2.1602120 1.8128828 2.1424021 2.1746888 2.3728651 1.8507440 1.3959118 1.9269285 1.5770510 2.1133761 1.5982183 1.6600613 1.3865059 1.8744620 2.0254059 1.7505075 1.7505075 1.8553474 1.8819634 2.1279816 2.9661602 2.2347560 2.1404410 2.2120183 2.5018097 2.4151159 2.3411692 2.1097235 2.1621720 2.4152195 2.4081653 2.1268600 2.2560486 2.7279809 2.0431624 2.4176814 2.2723308 2.4988616 2.3963542 4.7158645 3.1721951 2.0402407 
Salkve_EP00050_Salpingoeca_kvevrii_P007202             1.1952586 1.2200478 1.1106090 1.0901359 0.9259984 0.9918060 0.8677689 1.2107397 0.0000000 0.9158392 0.7226244 0.7869363 1.1840448 2.9839570 1.7979269 1.6754939 1.6406536 1.6092666 1.8120895 1.1025533 1.6967453 1.4346078 2.0514040 1.4437354 1.7030494 1.3738248 1.3059035 1.4925362 1.2612879 1.7101690 1.6550837 1.1174125 1.4375545 1.3229579 1.4323955 1.4875847 1.5867075 1.2161463 1.1291447 1.4818567 1.4870465 1.4502734 1.1985384 1.5039114 1.5648116 1.5293505 1.5556946 1.5441560 1.4161845 1.5754659 1.5845616 1.6456228 1.2783391 1.7488693 1.6220038 1.7558792 1.6302670 1.4854221 1.4492104 1.5601098 1.6845355 1.7897299 1.5889816 1.7225506 1.4484604 1.7155720 1.7684255 2.0281373 1.4758459 1.2589734 1.3447119 1.1743578 1.9629979 1.2509446 1.3521504 1.2708448 1.4485173 1.5817824 1.3466979 1.3466979 1.4288476 1.6508034 1.8227661 2.4837920 1.8763037 1.8286286 1.9166729 2.4151507 2.0095993 2.1779160 1.8939956 1.9183381 1.9862229 2.0023227 1.9291557 1.6942617 2.4647032 1.9174986 2.1972161 2.1268600 2.1845943 2.3435037 4.5394250 2.7973987 2.1824983 
Salpun_EP00053_Salpingoeca_punica_P017976              1.2289314 1.2283200 1.1403654 1.1006553 0.9836851 1.0527483 0.8348092 1.2448911 0.9158392 0.0000000 0.5413780 0.7653342 1.2390401 2.6678019 1.8377647 1.7744202 1.6656477 1.6321341 1.8775964 1.2070520 1.8305441 1.4937777 1.9577105 1.5296435 1.7684562 1.4816148 1.4654021 1.5506902 1.2950512 1.6835487 1.6980676 0.9623042 1.5737946 1.4066313 1.5369180 1.5890496 1.7423051 1.3243406 1.3001865 1.5995274 1.6006336 1.5161454 1.3134888 1.6168938 1.5987374 1.6591343 1.5737858 1.5840198 1.3761954 1.5373001 1.5507617 1.6567093 1.2751458 1.7480673 1.5786414 1.8522428 1.6756537 1.5438424 1.5254802 1.5754401 1.7395937 1.8667144 1.5705821 1.7217582 1.5423853 1.8394602 1.8753630 2.2592977 1.5957981 1.2698581 1.5379794 1.3661660 2.4270486 1.4227249 1.5846270 1.3173208 1.5568662 1.6834961 1.4245038 1.4245038 1.5658059 1.5689496 1.7387563 2.6425995 1.8856284 1.6563620 1.7026405 2.3680458 2.0243616 2.0957864 1.9251261 2.0096731 2.0073097 2.0830553 2.0751429 1.6883235 2.2996829 2.1735314 2.2008715 2.3849819 2.3496818 3.0224545 4.8168869 3.1813957 2.2608332 
Salmac_EP00052_Salpingoeca_macrocollata_P015335        1.0514815 1.0775822 1.0025411 0.9697365 0.7928769 0.8866508 0.7837265 1.0404122 0.7226244 0.5413780 0.0000000 0.7344744 1.0741624 2.1910902 1.5927394 1.6010886 1.5220433 1.3823390 1.7455283 1.0923295 1.5118269 1.4535720 1.8366109 1.3995301 1.4765181 1.3569756 1.3429683 1.3050285 1.2555429 1.3920741 1.3956813 1.0551033 1.2856575 1.3057543 1.2709886 1.3140770 1.4267229 1.2615319 1.1879924 1.3974061 1.3973036 1.3272175 1.0947327 1.2808770 1.3557451 1.3559860 1.4064880 1.4079673 1.3860945 1.4236281 1.4344279 1.3857035 1.2544824 1.4786684 1.2414752 1.4555491 1.3017584 1.1908821 1.1857583 1.2324853 1.4711595 1.4995784 1.3244189 1.5014473 1.4052213 1.5181953 1.5252921 2.0509999 1.3962804 1.2734381 1.4591146 1.2695679 2.3097014 1.1932342 1.1836731 1.2108484 1.3074897 1.4511561 1.1843565 1.1843565 1.4368159 1.6325304 1.7721345 2.7803011 1.8120823 1.7332605 1.8795856 2.3404029 1.8897000 1.8480715 1.8126557 1.9967647 1.8239646 1.8487102 1.8821322 1.6039520 1.8734895 1.9807470 2.0321120 2.1069477 2.1738808 2.2882909 4.7176202 2.9169611 2.1502497 
Salurc_EP00051_Salpingoeca_urceolata_P017318           1.0814776 1.0935333 1.0119786 0.9663827 0.8614357 0.9956433 0.9555827 1.1549993 0.7869363 0.7653342 0.7344744 0.0000000 1.1733059 2.1221254 1.6094371 1.6415742 1.5412059 1.4499187 1.7062792 1.0978969 1.4977706 1.4083860 2.1639884 1.4893486 1.5135008 1.4172509 1.4264200 1.3009097 1.3299733 1.4239435 1.3994412 1.2951942 1.2587519 1.2906652 1.2670631 1.2825797 1.4543598 1.3056150 1.1718791 1.3618812 1.3710302 1.3507858 1.3255134 1.3617296 1.2953255 1.2936219 1.4373370 1.4267814 1.4309354 1.4381556 1.4491631 1.4407050 1.3417657 1.4874057 1.2915523 1.3792810 1.3856105 1.2530336 1.2545637 1.3030978 1.3489246 1.4878964 1.3235043 1.4866938 1.4493056 1.5486120 1.5459248 1.8838471 1.4275134 1.3217060 1.5511311 1.2957109 2.2452782 1.2316802 1.2572567 1.3076796 1.2700816 1.4461060 1.1876468 1.1876468 1.4310940 1.7602331 1.8616646 2.8886510 1.8492494 2.0009687 2.0673296 2.7339859 1.9058355 1.9265608 1.8789475 2.4680458 1.9608975 1.9740385 1.7063800 1.8998555 1.9375607 2.2657797 2.3014721 2.2734375 2.2457457 1.7959339 5.3622730 3.0882606 2.5469758 
Didcos_EP00039_Didymoeca_costata_P005076               1.1988405 1.1782970 1.0800225 1.0174611 1.1331935 1.3250376 1.1041809 1.5508783 1.1840448 1.2390401 1.0741624 1.1733059 0.0000000 2.4808517 1.8963722 1.8988974 1.6976463 1.6843909 2.3882083 1.0937585 1.7403434 1.5226953 2.3293582 1.6303822 1.8273757 1.5060130 1.5013641 1.7102354 1.4820995 1.8351655 1.8594520 1.1114147 1.6022823 1.4949604 1.6269031 1.6463329 1.6525575 1.3845735 1.3418845 1.6708997 1.6527637 1.6722817 1.4523980 1.6685659 1.7379132 1.7060326 1.8529456 1.8755786 1.6241231 1.8027287 1.8135360 1.8679197 1.4969344 1.9175510 1.7726404 1.9355758 1.8055107 1.7013048 1.6659572 1.6862778 1.7967595 1.8967276 1.6292597 1.7350132 1.6800934 1.8376505 1.9072114 2.2976793 1.7770034 1.4792884 1.5285691 1.4361491 2.5587348 1.4052305 1.4591526 1.4243265 1.7356008 1.9113869 1.6640891 1.6640891 1.7212701 2.0257248 1.9057745 2.7215111 1.9756976 2.0733128 2.0512339 2.5988474 2.0587048 2.1470521 1.9829873 2.2668504 2.1289455 2.0600207 1.7863741 1.8153964 2.7318482 2.0494105 2.2693721 2.1605297 2.3317030 3.2167790 4.8320000 3.3176816 2.2831620 
Aque_Aqu2.1.06020_001                                  2.7943455 2.5349558 2.6024092 2.5735819 2.0938386 3.2974938 0.0000010 3.1633424 2.9839570 2.6678019 2.1910902 2.1221254 2.4808517 0.0000000 0.0087399 0.0077119 0.5301195 0.8491451 0.6625205 0.0000010 2.7438524 1.8512108 0.0000010 1.2621432 1.9433353 1.2621432 0.0000010 3.3267777 0.0000010 3.2782969 2.6968011 0.0000010 2.4830264 1.7316218 2.3579192 2.3582960 2.8287658 0.9318737 1.6400297 2.3688123 2.5655088 2.3617477 0.0000010 2.2439420 2.8813323 2.6510101 2.2752940 2.5292694 1.8308574 2.4563512 2.4563512 3.3037118 1.1153131 3.4154563 3.1400501 2.1778743 2.8582314 2.2832259 2.1510004 2.0873674 2.7816828 2.8850004 2.5232381 2.8127733 2.7057511 3.2922468 2.5202957 2.2393959 2.3787340 1.6691813 1.8557640 1.8557640 0.0000010 2.5855239 2.7418772 2.1119910 3.4642479 3.4642479 3.4642479 3.4642479 3.3934930 0.0000010 1.9785362 0.0000010 2.3424005 0.0000010 8.9999989 8.9999987 2.9183811 3.5615174 2.5442212 8.9999987 3.6345604 3.2423105 2.2761590 9.0000000 2.9009362 2.2277485 3.3651274 0.0000010 2.8035519 3.1711645 7.1585503 0.0000010 0.0000010 
Aque_Aqu2.1.22422_001                                  1.9255577 1.8681701 1.8233707 1.8183686 1.5584073 2.0327671 1.6791971 2.1255820 1.7979269 1.8377647 1.5927394 1.6094371 1.8963722 0.0087399 0.0000000 0.0314172 0.3389070 0.4482109 0.6170179 0.5565751 0.9128685 0.7928961 0.6314844 0.7507912 0.9110398 0.8239592 0.9658108 1.5713718 1.3342253 1.6444042 1.6213744 0.6580192 1.4232803 1.4262424 1.4618559 1.5411804 1.6134863 1.1213125 1.3536407 1.5405399 1.5851838 1.4156816 1.3926274 1.4464344 1.5538782 1.4859589 1.5157008 1.5232181 1.4169298 1.5164549 1.5054636 1.6147515 1.3293849 1.7855217 1.5502005 1.6212031 1.5616917 1.4006585 1.3747554 1.3950250 1.6351268 1.6695914 1.5580180 1.7937872 1.4423580 1.5137528 1.5452769 2.7662792 2.1166699 1.8188355 2.0019565 1.7905585 3.5751036 1.8353620 1.9803216 1.9096218 2.1796067 2.3602154 2.0639355 2.0639355 2.1014913 1.4642209 1.7527449 2.4853113 1.8263277 1.8306403 1.7495449 2.2845834 2.0493197 2.1729927 1.9150853 2.0085429 2.0435443 2.0641447 1.7520980 2.3413357 2.4466130 1.9321301 2.2360599 2.1502464 2.2412112 3.1127852 5.5819542 2.9263008 2.1898859 
Aque_Aqu2.1.08640_001                                  1.8988232 1.8637306 1.6692783 1.8181038 1.5741227 1.8401846 1.7098794 1.9742862 1.6754939 1.7744202 1.6010886 1.6415742 1.8988974 0.0077119 0.0314172 0.0000000 0.3015610 0.3770009 0.6170179 0.8364375 0.8293467 1.1722398 0.6355259 0.7356883 0.7843923 0.8210641 0.9843488 1.3753657 1.4725153 1.5335514 1.6222889 0.9315182 1.3414100 1.5014758 1.3902488 1.4763087 1.6458675 1.2463100 1.4691767 1.5262660 1.5916832 1.4914874 2.0464318 1.2554667 1.4169636 1.3832935 1.4634353 1.4561623 1.4683200 1.5082500 1.4945983 1.5478567 1.3675157 1.6774974 1.3530709 1.3491951 1.4669477 1.2484045 1.2340207 1.2052888 1.5711562 1.5813960 1.5176557 1.8919430 1.5063909 1.5109794 1.5296409 2.2809467 2.0423776 1.7788091 1.9489779 1.8055093 3.5933196 1.7987507 1.9468249 1.9625469 1.9429371 2.1822774 1.8373595 1.8373595 2.0319093 1.7045268 1.8471590 2.4654763 1.9288036 2.2891460 2.0332170 2.4201503 1.9752973 2.1086413 2.0325287 2.3174679 2.0070787 2.0168014 1.7380974 1.9731878 2.4439078 1.9703795 2.2548945 2.1934862 2.2197247 2.0300190 5.1684713 3.3521016 2.1624335 
Halamb_c49302_g2_i1m.25879                             1.7936331 1.7013073 1.6588218 1.6336863 1.4055645 1.8202269 1.6235265 1.8976880 1.6406536 1.6656477 1.5220433 1.5412059 1.6976463 0.5301195 0.3389070 0.3015610 0.0000000 0.3854734 0.6973702 0.5877219 0.8208947 0.8040867 0.6900433 0.6838656 0.7356498 0.7221066 0.8811795 1.3064138 1.1908838 1.2862984 1.3559357 0.7136300 1.2209366 1.3385445 1.2553620 1.2984508 1.5846105 1.0866420 1.2459401 1.4286263 1.4513968 1.3368583 1.4026159 1.2033766 1.3100012 1.2645992 1.4343067 1.4438158 1.3617246 1.4687068 1.4601460 1.5141978 1.2671852 1.4933273 1.2391693 1.2215903 1.3430927 1.2180054 1.1965547 1.2146303 1.3556880 1.4577109 1.3407796 1.5842679 1.3595982 1.4492681 1.4585257 2.5525867 2.0813500 1.8098622 1.8895061 1.7318218 3.7288515 1.7460539 1.8469553 1.9098369 1.8833374 2.0595587 1.8058177 1.8058177 1.9238325 1.5020971 1.7956090 2.5265257 1.8841972 1.9331261 1.8531972 2.4704107 1.9066365 1.9004916 1.8708005 2.0944501 1.8904905 1.9330142 1.6789623 1.8615167 2.4524153 1.8406998 2.0376749 2.0293990 2.1146537 2.4615314 5.3804557 2.9222806 2.0511037 
Xestes_maker-XT_scaffold77686-augustus-gene-0.6-mRNA-1 1.6734254 1.6988724 1.6231695 1.5687709 1.4943681 1.7497442 1.5787103 1.9075885 1.6092666 1.6321341 1.3823390 1.4499187 1.6843909 0.8491451 0.4482109 0.3770009 0.3854734 0.0000000 0.6475909 0.5073800 0.7013125 0.7846260 0.6202242 0.6738028 0.7366977 0.7093723 0.8299397 1.3557733 1.1550146 1.3977407 1.4113335 0.7479870 1.2124639 1.3108359 1.2856847 1.3327539 1.4668715 1.0778129 1.1519600 1.3092236 1.3106940 1.2686421 1.1848753 1.1538577 1.2633248 1.3135707 1.3945360 1.3801057 1.3275602 1.4051498 1.4042998 1.4230368 1.2058874 1.4936865 1.2866955 1.2315678 1.3343709 1.1604105 1.1651734 1.1574665 1.3818357 1.4628169 1.3645726 1.6352954 1.3037696 1.4807341 1.4845596 2.4771014 2.0063676 1.7539985 1.8658780 1.6348906 3.3848255 1.6183693 1.8595461 1.8987631 1.8851758 2.0513913 1.7773166 1.7773166 1.8927002 1.4478925 1.6299086 2.3752053 1.6740379 1.7604100 1.6787721 2.1873044 1.7409004 1.8809595 1.7676571 1.9887062 1.7822543 1.8748746 1.6892029 1.7363613 2.6448340 1.9187935 2.0971236 2.0523638 2.2553285 2.5393245 5.4383557 2.7762825 2.0087482 
Stycar_maker-SC_scaffold3255-snap-gene-0.38-mRNA-1     1.7986657 2.1693583 2.3592001 2.2978092 1.6194538 2.2819571 2.2334315 2.2819571 1.8120895 1.8775964 1.7455283 1.7062792 2.3882083 0.6625205 0.6170179 0.6170179 0.6973702 0.6475909 0.0000000 0.0000010 0.4669580 1.8854321 0.5314931 0.5714778 0.5880653 2.1978103 1.0931143 1.8323844 1.7391749 1.7904865 1.7304586 0.0000010 0.9398268 1.8561580 1.8198434 1.2498284 1.4432015 1.0926145 1.1560693 1.5910835 1.6965622 1.4117679 1.5695411 1.5451462 1.8231649 1.6554068 1.4543431 1.4654725 1.4634492 1.4737230 1.4737230 1.4639874 1.4639874 1.3589883 1.4063370 2.4448164 1.4394549 1.5245781 1.4600393 1.4154016 1.7034967 1.6638739 1.8170399 2.2127070 1.5834132 1.4001650 1.3925580 3.4223840 3.1460764 3.1948623 6.5083379 3.0046497 9.0000000 2.2622776 2.7568995 2.3244550 3.2175910 7.3014678 1.8729085 1.8729085 2.4635370 1.3300231 1.9876949 2.0539569 1.9876949 2.0539569 2.0539569 2.0539569 2.2669881 1.9940369 2.1233489 2.4634572 2.1846383 2.2358742 2.5028725 0.0000010 0.6888740 2.7010422 2.5045902 2.5261454 2.5778426 1.2724775 4.1873097 2.4817791 0.0000010 
Stycar_maker-SC_scaffold26919-snap-gene-0.4-mRNA-1     1.1197052 1.1804835 1.1894756 1.1252902 0.9018124 1.2365504 1.1692390 1.2205588 1.1025533 1.2070520 1.0923295 1.0978969 1.0937585 0.0000010 0.5565751 0.8364375 0.5877219 0.5073800 0.0000010 0.0000000 0.2630398 0.0836279 0.0000010 0.4556835 0.4447931 0.4556835 0.5842696 0.8998859 1.0684810 0.8982264 0.9963531 0.4842343 0.9151337 1.0088236 0.8141699 0.8888066 1.0320527 0.7771323 0.8174315 0.8801645 0.8645130 0.8356552 0.7799607 0.8418476 0.7997447 0.8309626 0.9183079 0.9004695 0.9037020 0.9027504 0.9027504 0.9120315 0.9120315 0.9614826 0.8965369 0.8235829 0.8552631 0.8325210 0.8262722 0.9382887 0.9132454 1.1817276 0.9278108 1.0882600 0.8260915 0.9210988 0.9210988 5.8520091 1.4767408 1.4098428 2.1534988 1.2166675 1.3344105 1.2270816 1.2462732 1.5159688 1.2285904 1.2285904 1.2285904 1.2285904 1.4072186 1.2696830 1.2595941 1.4376046 1.2595941 1.3024243 1.2595941 1.4253603 1.2328173 1.1508853 1.1621693 1.2108855 1.2660126 1.2604868 1.0483927 0.0000010 0.0000010 1.7904436 1.8238414 1.8806092 1.9925348 2.3757996 4.8180433 2.5592425 1.6482483 
Tetwil_g24702.t2                                       1.8701676 1.9327418 1.8176659 1.7626021 1.6721061 1.9240476 1.5199126 1.9817370 1.6967453 1.8305441 1.5118269 1.4977706 1.7403434 2.7438524 0.9128685 0.8293467 0.8208947 0.7013125 0.4669580 0.2630398 0.0000000 0.4885807 0.5120405 0.7403471 0.8328615 0.8246668 0.7515701 1.4084438 1.1228981 1.4935590 1.5106894 0.6365445 1.3988967 1.3398036 1.3505953 1.3612294 1.3998997 1.0833642 1.1752415 1.3579907 1.3891513 1.3569747 1.0373116 1.3273154 1.3680720 1.4230537 1.4049977 1.4049841 1.3395577 1.3913855 1.3930821 1.4877703 1.1850492 1.5831813 1.3565965 1.5620168 1.3934383 1.3593727 1.3413237 1.3648132 1.4854007 1.6341548 1.5037587 1.7391487 1.3692914 1.3785232 1.5719654 3.0318131 2.1644055 1.7877000 2.2672072 1.8563615 3.4498485 1.8241281 1.9052180 1.9166682 2.1326794 2.3123245 2.0227634 2.0227634 1.9687382 1.4251265 1.7768736 2.2791089 1.8572753 1.7071991 1.6668722 2.0420712 2.0392353 2.0229972 1.8156223 1.8262942 1.8896119 2.0618514 2.0357612 1.8473180 3.9473784 1.9403003 2.1943838 2.0799035 2.3809048 3.8734569 5.7488668 2.9051848 1.9519097 
Stycar_maker-SC_scaffold3255-snap-gene-0.39-mRNA-1     1.7475570 1.7459126 1.6112892 1.5297842 1.3086608 1.7317452 1.6160179 1.6545726 1.4346078 1.4937777 1.4535720 1.4083860 1.5226953 1.8512108 0.7928961 1.1722398 0.8040867 0.7846260 1.8854321 0.0836279 0.4885807 0.0000000 3.1580350 0.7795392 0.7711890 0.7553828 0.7841447 1.0815300 1.1826214 1.1400176 1.1253807 0.6204115 1.1131216 1.2349042 1.0061842 1.1408644 1.1447714 1.1077547 1.0486365 1.1185715 1.1252135 1.1562180 0.8998954 1.0069267 1.0653224 1.0289917 1.1468241 1.1572944 1.1425138 1.1438465 1.1438465 1.1529704 1.1614811 1.1469444 1.1894762 1.3979487 1.0323650 0.9995572 0.9964142 1.1529544 1.1400472 1.3133307 1.1880659 1.2726004 1.1895266 1.1576145 1.1787453 3.9453191 2.0996042 1.8326706 1.8909824 1.6299098 0.0000010 1.5539029 1.7192137 1.8398209 1.6826111 1.7187656 1.7558903 1.7558903 1.7977484 1.3625759 1.6549348 2.1515398 1.6407546 1.4415120 1.4259268 1.7949318 1.6670203 1.6451871 1.6688536 1.5513286 1.6870667 1.7807472 1.8213758 1.6031226 1.6908824 1.9245268 2.0018920 1.8918973 1.8925991 1.9171517 4.3342109 3.0322947 1.9140696 
Spolac_c104193_g3_i3_m.38753c104193-g3                 2.9237047 2.7608186 3.0142834 2.4078576 1.8183996 2.2221015 2.2210014 2.2221015 2.0514040 1.9577105 1.8366109 2.1639884 2.3293582 0.0000010 0.6314844 0.6355259 0.6900433 0.6202242 0.5314931 0.0000010 0.5120405 3.1580350 0.0000000 0.0000010 0.0680732 2.5147190 1.5371909 2.0831249 2.0933410 2.6530572 1.8302077 0.0000010 1.8337759 2.3183177 1.6078008 1.6560348 1.7655995 1.7308418 3.1289165 1.8101202 2.0255561 1.6462435 1.7766680 1.4722213 2.0559742 1.8579433 1.7848224 1.7771856 1.7767228 1.7882523 1.8280805 1.9491332 1.9491332 1.8296210 1.5870805 1.9913330 1.4829995 1.6120434 1.5309381 1.4423002 1.5902229 1.4891596 1.7205336 2.3753362 2.3636953 2.0466220 2.0466220 6.6018929 2.6629380 3.5247835 8.9999983 3.4738257 6.3312723 2.5797075 3.3045803 2.7260486 5.3951256 7.8478070 1.9888574 1.9888574 3.1087584 1.7530654 2.4752902 2.4752902 2.4752902 2.4752902 2.4752902 2.4752902 2.8855092 2.8496828 2.9561967 2.6475683 2.4993676 2.4150261 0.0000010 0.0000010 0.0000010 2.3115456 2.1563390 2.3221141 2.4803545 1.5203814 6.1085589 2.4258465 3.1200552 
Spolac_c104193_g3_i1_m.38751c104193-g3                 1.8048053 1.7729347 1.6034701 1.6244528 1.4838428 1.5599680 1.4698845 1.6262991 1.4437354 1.5296435 1.3995301 1.4893486 1.6303822 1.2621432 0.7507912 0.7356883 0.6838656 0.6738028 0.5714778 0.4556835 0.7403471 0.7795392 0.0000010 0.0000000 0.1387664 0.0311947 0.8600897 1.2160984 1.1885078 1.3201251 1.2588380 0.6442817 1.1731856 1.2697149 1.0957144 1.1840789 1.4294859 1.1097633 1.2110846 1.2745317 1.3222615 1.2249867 1.2635334 1.1378992 1.2806446 1.3304996 1.2286347 1.2142657 1.2085508 1.2427279 1.2392921 1.2849950 1.1246680 1.3625464 1.1411916 1.2273151 1.2898172 1.1689475 1.1532021 1.1611246 1.3150308 1.3042938 1.2725655 1.4130899 1.3597914 1.3369524 1.3674319 2.4915229 1.9669210 1.7555335 1.7306733 1.6198416 4.3150883 1.6351292 1.8045305 1.8084083 1.7695734 1.9461173 1.7068833 1.7068833 1.8662232 1.6217610 1.6884939 2.0987119 1.7984654 1.6991091 1.6591635 1.9938026 1.7887340 1.7804065 1.7357569 1.8642310 1.8216883 1.8999895 1.6400123 1.5643881 2.3752735 1.8707328 2.0448667 1.9965322 2.1128041 2.2806597 5.1299665 2.7449100 1.8532526 
Emue_Em0010g727a.t1                                    2.0438649 2.0495999 1.9332092 1.8500089 1.7182145 1.8779956 1.4543179 1.9956083 1.7030494 1.7684562 1.4765181 1.5135008 1.8273757 1.9433353 0.9110398 0.7843923 0.7356498 0.7366977 0.5880653 0.4447931 0.8328615 0.7711890 0.0680732 0.1387664 0.0000000 0.1864744 0.8330594 1.5502155 1.1803121 1.6469709 1.6005133 0.6089986 1.4323463 1.2809021 1.4139749 1.4357631 1.5664025 1.1206846 1.1741031 1.4266193 1.4703224 1.3786154 1.2203230 1.5292121 1.6430752 1.5747119 1.4874350 1.5027816 1.2389628 1.4492066 1.4477371 1.5720616 1.1748987 1.7433158 1.5208416 1.5565262 1.5983674 1.4417260 1.4276880 1.4685860 1.5322653 1.5357756 1.5990925 1.6555742 1.3636111 1.4987740 1.5941331 2.7598822 2.1909064 1.7531933 1.8039486 1.6561987 3.9087327 1.8730874 2.0867944 1.7497219 2.1175048 2.2767860 2.0237519 2.0237519 2.1256511 1.6434349 1.6537414 2.0290678 1.8250812 1.6763890 1.6412220 1.9468430 1.9987436 2.0125825 1.7762193 1.8205263 1.9490698 2.0882778 1.8307904 1.6075600 2.7525025 1.8828441 2.1411863 2.0461912 2.3226540 3.0275217 5.0437146 2.7868121 1.9931469 
Spolac_c104193_g3_i4_m.38754c104193-g3                 1.6662439 1.6447215 1.4427302 1.5107010 1.4331350 1.4939068 1.3833812 1.5688344 1.3738248 1.4816148 1.3569756 1.4172509 1.5060130 1.2621432 0.8239592 0.8210641 0.7221066 0.7093723 2.1978103 0.4556835 0.8246668 0.7553828 2.5147190 0.0311947 0.1864744 0.0000000 0.7539365 1.1418249 1.0423683 1.1851010 1.1973459 0.6442817 1.0954999 1.1653111 1.0481435 1.1393058 1.4116022 1.0938920 1.1168199 1.1989496 1.2327181 1.1676821 1.2338021 1.1165259 1.2099218 1.2929095 1.1951275 1.1806294 1.1564621 1.1963053 1.1963053 1.2108831 1.0248707 1.3206268 1.0800433 1.1943405 1.2558807 1.1028958 1.0947564 1.1130134 1.2810886 1.2928963 1.1949508 1.3294529 1.2285182 1.2546019 1.3028527 2.3389827 1.8949302 1.5612091 1.5339898 1.4564125 3.1434886 1.5414473 1.6782315 1.7398142 1.5951928 1.6057430 1.6660289 1.6660289 1.7327486 1.4961832 1.6784810 3.0026163 1.8068519 1.6783266 1.6340320 2.1935374 1.7388529 1.7425804 1.6820637 1.8232421 1.8294903 1.9313469 1.6400123 1.5643881 2.3752735 1.8012969 2.0380003 1.9180899 2.0639117 2.2970034 4.8854216 2.7410240 1.8098279 
Plespi_Pspi_scaffold16048_01                           1.5728599 1.5925101 1.5030902 1.3950518 1.2784831 1.5296868 1.5292579 1.6942641 1.3059035 1.4654021 1.3429683 1.4264200 1.5013641 0.0000010 0.9658108 0.9843488 0.8811795 0.8299397 1.0931143 0.5842696 0.7515701 0.7841447 1.5371909 0.8600897 0.8330594 0.7539365 0.0000000 1.0769498 1.0620497 1.0671897 1.0810196 0.8097410 1.0308025 1.1888415 1.0358294 1.0985983 1.2684012 1.0197089 1.0858702 1.1637116 1.1756709 1.1523606 1.0952101 1.0091614 1.0756985 1.0580181 1.1293390 1.1308312 1.1027251 1.1360404 1.1390209 1.1227459 1.1227459 1.1406780 1.0079576 1.2002993 1.0048089 1.0191028 0.9888514 1.0008323 1.1352344 1.2308853 1.1159113 1.2967288 1.0570961 1.1721379 1.1721379 2.6590341 1.8171788 1.7181215 2.1233888 1.7775762 4.4331538 1.6832624 1.6706049 1.8072916 1.6420885 1.8293568 1.5824134 1.5824134 1.7444766 1.4808879 1.6142105 2.0999158 1.6142105 1.7053685 1.6641378 1.8765467 1.6389390 1.6401880 1.6543566 1.6937837 1.6667508 1.7486378 1.4979002 1.9096123 0.0000010 1.9457781 1.9973942 1.9227704 2.0437152 2.0970741 4.9200048 2.8412493 2.3333447 
Cscu_XM_023360811.1                                    1.7547310 1.8253066 1.7042706 1.8526654 1.3717192 1.7562197 1.4054162 1.8909603 1.4925362 1.5506902 1.3050285 1.3009097 1.7102354 3.3267777 1.5713718 1.3753657 1.3064138 1.3557733 1.8323844 0.8998859 1.4084438 1.0815300 2.0831249 1.2160984 1.5502155 1.1418249 1.0769498 0.0000000 0.6218386 0.8786149 0.9106102 0.4726679 0.9415985 0.6226227 1.0217646 0.9461633 1.1572034 0.9455116 0.8775013 1.2742216 1.2832679 1.1303954 1.0313658 1.1138249 0.9292188 0.9340065 1.1558703 1.1784960 1.0153642 1.1225728 1.1292044 1.2241168 0.9102752 1.3401193 1.1421267 1.3244278 1.1457493 1.0807029 1.0538748 1.1362532 1.2028029 1.2973521 1.0298347 1.0956195 1.1546484 1.4366367 1.4308528 2.6341578 2.0278745 1.5973646 2.0546725 1.8618039 3.3271110 1.8132505 1.9688216 1.6614072 2.1304896 2.2769716 2.0351049 2.0351049 1.9071975 1.3379749 1.6084832 1.8809585 1.7305540 1.5847058 1.6658426 1.9518041 1.8830132 2.0355837 1.7490599 1.8916123 1.8154006 1.9775676 1.9325439 1.6308268 2.6093774 1.9047433 2.0297865 2.1160254 2.2491762 1.9267082 4.4151920 2.5274254 2.1434353 
Ctel_gnl_WGS_AMQN_CAPTEDRAFT_mRNA176588                1.5701124 1.5626025 1.4988121 1.4479245 1.2275686 1.5541440 1.5837287 1.6376105 1.2612879 1.2950512 1.2555429 1.3299733 1.4820995 0.0000010 1.3342253 1.4725153 1.1908838 1.1550146 1.7391749 1.0684810 1.1228981 1.1826214 2.0933410 1.1885078 1.1803121 1.0423683 1.0620497 0.6218386 0.0000000 0.4519666 0.5227821 0.4271840 0.5835834 0.6525960 0.7885130 0.5811952 1.0599209 0.9740177 0.9915632 1.0689950 1.1163551 1.0905261 1.1401345 0.8189866 0.6818449 0.7351857 0.9328882 0.9386211 0.9427381 0.9478090 0.9558729 0.9298675 0.9333163 0.9078625 0.8345537 0.8823839 0.8041276 0.8031302 0.8068680 0.8440937 0.9353542 1.0270628 0.6144170 0.8046825 1.0237511 1.1511006 1.1213326 2.6439878 1.8922587 1.7605922 1.9235913 1.7010397 4.7004950 1.5974183 1.6256321 1.7903898 1.6846115 1.9054481 1.7148713 1.7148713 1.8434563 1.4074564 1.5609087 2.1874238 1.5539959 1.6397070 1.6316914 2.0067985 1.5127130 1.5577823 1.5633731 1.7363239 1.6094678 1.6515752 1.3501319 1.5256985 0.5359264 1.8522742 1.8319580 1.9307929 1.9327442 2.2529323 4.8999829 2.4239941 1.8730370 
Acagra_model.g4210.t1                                  1.8332464 1.8376594 1.8073168 1.8218684 1.4933659 1.9050246 1.6073828 2.0972325 1.7101690 1.6835487 1.3920741 1.4239435 1.8351655 3.2782969 1.6444042 1.5335514 1.2862984 1.3977407 1.7904865 0.8982264 1.4935590 1.1400176 2.6530572 1.3201251 1.6469709 1.1851010 1.0671897 0.8786149 0.4519666 0.0000000 0.6659253 0.4002104 0.8758094 0.6731128 1.0878543 0.9611077 1.3654466 0.9339083 0.8807402 1.3261759 1.3078715 1.2159213 1.1251200 1.2122449 1.0524707 1.0113136 1.2432535 1.2465422 1.0437364 1.2167843 1.2218821 1.3297063 0.9412724 1.4213479 1.2414631 1.3783262 1.2639755 1.2152831 1.1876605 1.2215256 1.3141020 1.4020353 0.9834698 1.1487746 1.1795236 1.3739537 1.3909119 2.8310318 2.2892965 1.6824951 2.0249178 1.8832825 3.9871612 1.9562121 2.0138219 1.7446395 2.2106837 2.3906349 2.1472047 2.1472047 2.0395373 1.3364508 1.6969893 2.2864560 1.8388276 1.7104739 1.7196976 2.1098584 2.0196879 2.0764839 1.7620435 1.7327080 1.9784481 2.1591851 2.0455479 1.4671108 2.6691021 1.8971530 2.1235924 2.0221950 2.2886434 2.3618283 4.4012617 2.5918120 2.2906097 
Cgig_XM_011431114.3                                    2.0317780 2.0137573 1.9282896 1.8540193 1.4913213 1.9106193 1.5642642 2.0924210 1.6550837 1.6980676 1.3956813 1.3994412 1.8594520 2.6968011 1.6213744 1.6222889 1.3559357 1.4113335 1.7304586 0.9963531 1.5106894 1.1253807 1.8302077 1.2588380 1.6005133 1.1973459 1.0810196 0.9106102 0.5227821 0.6659253 0.0000000 0.3140659 0.9370255 0.6964606 1.1779618 1.0080962 1.3252377 0.9220464 0.9710816 1.3925181 1.3706092 1.3234874 1.0241602 1.2178277 1.0868536 1.1070908 1.3266260 1.3647731 1.0911094 1.3220018 1.3291431 1.4055651 0.9930401 1.4631856 1.3074856 1.3931707 1.3917214 1.2423687 1.2458333 1.2793727 1.3735179 1.4192729 1.0442817 1.1829179 1.1993696 1.3962097 1.4105520 2.6422837 2.1802234 1.7903050 2.0501663 1.9077225 4.2305666 1.9346866 1.9557125 1.8414365 2.1160998 2.3040853 2.0947836 2.0947836 2.1597851 1.4623800 1.6416912 2.4831600 1.8007584 1.6823344 1.6458098 2.2020622 2.1307307 2.2325140 1.8681477 1.9184284 1.9763834 2.1297168 1.8854041 1.6772051 2.8442774 1.9432990 2.1339595 2.0595066 2.3424573 2.6130035 4.3893422 2.9193573 2.2327646 
Lcom_lcpid190878                                       1.6372710 1.6330034 1.3381875 1.3747422 0.9852633 1.3130533 1.3130533 1.5563265 1.1174125 0.9623042 1.0551033 1.2951942 1.1114147 0.0000010 0.6580192 0.9315182 0.7136300 0.7479870 0.0000010 0.4842343 0.6365445 0.6204115 0.0000010 0.6442817 0.6089986 0.6442817 0.8097410 0.4726679 0.4271840 0.4002104 0.3140659 0.0000000 0.4987958 0.5820928 0.5580147 0.5577579 0.7231895 0.5579427 0.4795069 0.6071459 0.5924082 0.6560760 0.1840266 0.5762283 0.5488061 0.5729198 0.7472167 0.7127139 0.7030280 0.7098585 0.7098585 0.6980616 0.6980616 0.7256025 0.5447985 0.9018829 0.6033470 0.5512963 0.5644617 0.6358230 0.6168598 0.6093902 0.5678948 0.6104499 0.7675327 0.7310609 0.7310609 4.6638845 2.2745525 1.6844608 1.2744414 1.2744414 0.0000010 1.2404363 1.4237047 1.6336233 1.3506671 1.3506671 1.3506671 1.3506671 1.5328499 1.2046615 1.1629631 0.0000010 1.1629631 0.7519382 1.1629631 0.0000010 1.2008518 1.2209223 1.2220797 0.0000010 1.3087086 1.4143340 1.3033408 2.0411605 0.0000010 1.6916897 1.7218205 1.4870203 1.7609781 4.2933972 4.8308432 2.5236276 1.8477279 
Skow_XM_006824850.1                                    1.8001709 1.8491668 1.6253813 1.6745135 1.4279917 1.7023733 1.3449671 1.8394120 1.4375545 1.5737946 1.2856575 1.2587519 1.6022823 2.4830264 1.4232803 1.3414100 1.2209366 1.2124639 0.9398268 0.9151337 1.3988967 1.1131216 1.8337759 1.1731856 1.4323463 1.0954999 1.0308025 0.9415985 0.5835834 0.8758094 0.9370255 0.4987958 0.0000000 0.6748539 1.0483900 0.8253943 1.1398616 0.8239312 0.9581646 1.2491896 1.2417328 1.1642853 0.8739115 1.1048080 0.9458232 0.9087002 1.2759730 1.2875436 1.0577922 1.2792370 1.2756720 1.3595626 0.8962688 1.4115498 1.2139555 1.2606500 1.1918132 1.1190649 1.1199469 1.1399279 1.1780182 1.2744431 0.7977916 1.1868668 1.1338159 1.3538565 1.4202782 2.4708558 2.0634068 1.6009299 1.7755921 1.6425129 3.6797356 1.8222071 1.7545674 1.6813961 1.8973816 1.8978911 1.8737546 1.8737546 1.8982606 1.2597869 1.5849175 2.4130942 1.7537731 1.6155398 1.5764792 2.2191846 1.9145831 2.0357402 1.7150056 1.8888312 1.8417350 1.9247143 1.8280212 1.7390787 2.2498035 1.8595680 2.0807963 2.1037093 2.1903059 2.0847925 4.6426116 2.8566729 1.9688151 
Dpul_mRNA2113                                          1.5209940 1.5598498 1.4007074 1.4932265 1.3252115 1.5676716 1.5119252 1.5968749 1.3229579 1.4066313 1.3057543 1.2906652 1.4949604 1.7316218 1.4262424 1.5014758 1.3385445 1.3108359 1.8561580 1.0088236 1.3398036 1.2349042 2.3183177 1.2697149 1.2809021 1.1653111 1.1888415 0.6226227 0.6525960 0.6731128 0.6964606 0.5820928 0.6748539 0.0000000 0.8865085 0.7294648 1.0869223 0.9813542 0.9739131 1.0959013 1.1002932 1.0922414 1.0645030 0.9152295 0.7328045 0.7446610 1.0692691 1.0680864 1.0699863 1.0505385 1.0595357 1.0776856 0.9619426 1.0428290 0.8215840 0.9872433 0.9587912 0.8797776 0.8856809 0.8862359 0.9768938 1.0529372 0.7532338 0.6476942 1.1090180 1.1911395 1.2137496 2.3141289 1.8343460 1.6967789 2.0009325 1.7615453 3.5645348 1.6437357 1.5723886 1.7032713 1.6906878 1.8669181 1.7231408 1.7231408 1.7800520 1.4221960 1.6808705 2.1741710 1.6808705 1.6633271 1.6991719 2.0467561 1.6775796 1.7558178 1.7670313 1.7660192 1.7752654 1.7597129 1.7100579 1.6587056 1.8740848 1.8152562 1.9394008 1.9952886 2.0358014 1.7880464 4.3401870 2.4656186 2.0783286 
Nvec_v1g142809                                         1.7986086 1.8018417 1.7038074 1.7394003 1.4260039 1.7073332 1.3715015 1.8864795 1.4323955 1.5369180 1.2709886 1.2670631 1.6269031 2.3579192 1.4618559 1.3902488 1.2553620 1.2856847 1.8198434 0.8141699 1.3505953 1.0061842 1.6078008 1.0957144 1.4139749 1.0481435 1.0358294 1.0217646 0.7885130 1.0878543 1.1779618 0.5580147 1.0483900 0.8865085 0.0000000 1.0896276 1.0460163 0.6802701 0.7397049 1.0216171 1.0321852 0.9657136 0.6451330 0.4245829 1.1120465 1.0517488 1.1529238 1.1535860 0.9926854 1.1279655 1.1375456 1.2291918 0.8421971 0.8048767 0.6417454 0.7496333 0.6405217 0.5489852 0.5422992 0.5459155 0.8466373 0.9067274 1.0490141 1.4049985 1.1145788 1.3521381 1.3373930 2.4747003 1.9958305 1.5625907 1.9404279 1.6114683 3.3342433 1.7159523 1.6982891 1.7651096 1.8221452 1.8895993 1.7718676 1.7718676 1.9207156 1.3125268 1.5627194 2.2187949 1.6519743 1.4644215 1.4989711 1.9208224 1.8201045 1.9111884 1.6405903 1.5650922 1.7604973 1.8381925 1.7921279 1.9276419 2.9050530 1.7183647 2.0068407 1.9273473 2.1668631 1.5713975 4.7648533 2.3172009 2.0658393 
Bralan_BLAG15000954_1                                  1.6529071 1.7594751 1.7464599 1.8522736 1.4461921 1.7409969 1.4471645 1.9043966 1.4875847 1.5890496 1.3140770 1.2825797 1.6463329 2.3582960 1.5411804 1.4763087 1.2984508 1.3327539 1.2498284 0.8888066 1.3612294 1.1408644 1.6560348 1.1840789 1.4357631 1.1393058 1.0985983 0.9461633 0.5811952 0.9611077 1.0080962 0.5577579 0.8253943 0.7294648 1.0896276 0.0000000 1.2394595 0.8925582 0.9110914 1.2202940 1.2548588 1.2206745 0.9955838 1.1302857 0.9373632 0.9140425 1.3288112 1.3466257 1.0879208 1.3386536 1.3464587 1.4009518 0.9434294 1.3698022 1.2163271 1.3300105 1.2030026 1.1329509 1.0865472 1.1768368 1.3235726 1.3835391 0.9106747 1.1938681 1.1272371 1.3693387 1.4284263 2.4510723 1.9782245 1.6615846 1.8710991 1.7251213 3.1823318 1.7518779 1.8282397 1.7609957 2.0155997 2.1644035 1.9294873 1.9294873 2.0356026 1.2496830 1.6128196 1.8176728 1.7562057 1.4869466 1.5263128 1.7902042 1.9081174 1.9846090 1.6869238 1.6872808 1.9481726 2.0695981 1.8303858 1.5297037 2.2346729 1.8397760 2.0473566 1.9366307 2.0357283 2.3062973 4.7904118 2.4277895 2.1874439 
