82
Emue_Em0016g21a.t1                                0.0000000 0.0000010 0.1664619 0.1061454 1.1907212 1.0912268 1.2648020 1.2102456 2.7696433 1.7147720 1.6995251 1.5779965 1.5239715 1.6522546 1.6480636 1.6516228 1.5967266 1.6264876 1.6499717 1.6400099 1.4839392 1.5272147 1.6357672 1.5540691 1.6620314 1.4938852 1.1801828 2.2317693 1.5776883 1.5974378 1.6102405 1.5543435 1.6676077 1.3790670 1.6775844 1.4588832 1.5335610 1.8365365 1.8112428 1.7884277 1.7884277 1.7602638 1.8777434 1.8777434 1.4679527 1.5415355 1.5246018 1.6797840 1.5452203 1.5345097 2.2730177 2.0191729 3.0157655 4.4679768 2.2731882 2.3870673 2.1760451 2.0816759 2.1307464 1.5064427 1.9207142 2.1914952 1.6938963 2.2983024 2.1415082 2.1580737 2.3540438 1.9095640 2.0748083 2.4555762 1.8568629 1.9848817 2.3224447 2.5688589 2.7648614 2.5631300 2.6775904 3.5874802 3.0358740 2.9056520 3.9515430 2.5443169 
Emue_Em0708g3a.t1                                 0.0000010 0.0000000 0.1664619 0.1061454 1.1907212 1.0912268 1.2648020 1.2102456 2.7696433 1.7147720 1.6995251 1.5779965 1.5239715 1.6522546 1.6480636 1.6516228 1.5967266 1.6264876 1.6499717 1.6400099 1.4839392 1.5272147 1.6357672 1.5540691 1.6620314 1.4938852 1.1801828 2.2317693 1.5776883 1.5974378 1.6102405 1.5543435 1.6676077 1.3790670 1.6775844 1.4588832 1.5335610 1.8365365 1.8112428 1.7884277 1.7884277 1.7602638 1.8777434 1.8777434 1.4679527 1.5415355 1.5246018 1.6797840 1.5452203 1.5345097 2.2730177 2.0191729 3.0157655 4.4679768 2.2731882 2.3870673 2.1760451 2.0816759 2.1307464 1.5064427 1.9207142 2.1914952 1.6938963 2.2983024 2.1415082 2.1580737 2.3540438 1.9095640 2.0748083 2.4555762 1.8568629 1.9848817 2.3224447 2.5688589 2.7648614 2.5631300 2.6775904 3.5874802 3.0358740 2.9056520 3.9515430 2.5443169 
Spolac_c101949_g1_i1_m.27375c101949-g1            0.1664619 0.1664619 0.0000000 0.0365665 1.0834924 0.9853080 1.3176941 2.1851879 9.0000000 1.7030587 1.5567855 1.6521911 1.2143869 1.3273481 1.3545556 1.3545556 1.2517225 1.3637560 1.3698720 1.3698720 1.3049472 1.3599722 1.3312850 1.2127691 1.4574209 1.1179732 1.1682412 1.5122094 1.5780656 1.3782489 1.4030272 1.4103891 1.2818357 1.2477025 1.2619663 1.4087073 1.2449523 1.4831524 1.4841335 1.4756359 1.4756359 1.4783316 1.6001544 1.6001544 1.2321680 0.9350113 1.2843643 1.5102867 1.6077758 1.2252106 2.1759326 2.1754258 7.5728473 5.1432106 2.3325578 2.2063773 2.1850467 2.2316795 2.2316461 0.7661726 1.8754137 1.4363669 1.7171063 2.0598046 2.0440275 1.8337940 2.0420334 1.7717958 2.1485697 2.2406795 1.7187344 1.5111296 2.5106040 2.3329898 2.1165989 2.2896885 2.5200539 3.0540679 2.5113927 2.4891570 5.8369390 2.6348369 
Spolac_c101949_g1_i2_m.27376c101949-g1            0.1061454 0.1061454 0.0365665 0.0000000 1.2102213 1.0666515 1.2842958 1.1814085 2.7725345 1.6879033 1.6820830 1.6014762 1.5300733 1.6241015 1.6158245 1.6117220 1.5666261 1.6027444 1.6065426 1.5967297 1.4544970 1.4859101 1.6192338 1.5309397 1.7971458 1.4731565 1.1542359 2.1953052 1.6149650 1.5571430 1.6001372 1.5492449 1.5730064 1.3395223 1.6559075 1.4238478 1.5180670 1.8481683 1.8225969 1.7995220 1.7995220 1.7756401 1.9010052 1.9010052 1.4640169 1.5192981 1.5424193 1.5812607 1.6076083 1.5738722 2.1783057 2.0821490 2.8159942 4.0200965 2.2258640 2.3306659 2.1074161 1.9667188 2.0994278 1.6805977 1.9217908 1.9905005 1.6918242 2.2211200 2.1190874 2.1908159 2.3159770 1.9224168 2.0498827 2.4053836 1.8408988 1.9779777 2.3695985 2.5674514 2.6456201 2.5569277 2.6071095 3.3604037 2.8493774 2.7692414 3.8359519 2.5043914 
Aque_Aqu2.1.30008_001                             1.1907212 1.1907212 1.0834924 1.2102213 0.0000000 0.4756989 1.2353161 1.3289811 3.0404333 2.0110817 1.9455897 1.8740474 1.7197827 1.7648921 1.6620069 1.6653112 1.6594113 1.7211482 1.7653229 1.7672362 1.5709566 1.5970413 1.7387344 1.6521570 2.2564335 1.6231744 1.2482317 2.6210505 1.8391561 1.7044153 1.7045744 1.7041203 1.8100500 1.6446937 1.8043655 1.7050761 1.8645334 1.7345842 1.7510956 1.7859433 1.7859433 1.7243264 1.8146154 1.8146154 1.8031064 1.9370136 1.7262579 1.8193835 1.6753858 1.8999289 2.3835588 2.6458260 2.3937617 3.8123054 2.1425894 2.0543041 2.1734109 2.1787455 2.2547121 2.0698878 2.4582261 2.5703037 2.1127733 2.1971711 2.0733276 2.4431281 2.1987337 2.2488632 2.0826007 2.7310947 1.9451968 2.3357443 2.4234446 2.4969480 2.8460233 2.6176237 2.7418923 4.2541126 3.2351934 3.1358905 4.3677578 2.9094969 
Halamb_c44502_g1_i1m.17577                        1.0912268 1.0912268 0.9853080 1.0666515 0.4756989 0.0000000 1.1647786 1.0867613 2.4037908 1.9108617 1.8607887 1.6563429 1.5922843 1.6895871 1.5805448 1.6032215 1.6597412 1.7109702 1.6168597 1.6186070 1.4822292 1.4360177 1.6406550 1.5106834 2.0500484 1.5013295 1.2676636 1.9748776 1.6537015 1.6292202 1.5479521 1.5685272 1.5828958 1.8224299 1.7104667 1.4718842 1.7052584 1.6602181 1.6760725 1.7083671 1.7083671 1.6305463 1.8064457 1.8064457 1.6940900 1.7691731 1.6244765 1.6154019 1.6519204 1.6354063 2.1445607 2.3609961 2.1716678 3.6002482 2.0683047 1.9676424 2.1255746 1.9740089 2.0469471 1.8921172 2.3705569 2.6088117 2.0352862 1.9557749 1.9906785 2.2366250 2.2045440 2.1039306 1.9043978 2.4533928 1.9033672 1.9518753 2.2020837 2.2422172 2.4946517 2.3001996 2.4507600 3.4818432 2.9776590 3.0908184 3.9295784 2.8419649 
Plespi_Pspi_scaffold19267_01                      1.2648020 1.2648020 1.3176941 1.2842958 1.2353161 1.1647786 0.0000000 1.4389180 2.1699505 1.6737950 1.7297183 1.4939843 1.3773713 1.6028254 1.4851509 1.4793975 1.4787850 1.5078304 1.5072546 1.5062252 1.3794405 1.4036538 1.3443834 1.2899357 1.3871002 1.3789077 0.9604837 3.2006588 1.5301454 1.4879451 1.4966518 1.4523200 1.4708107 1.2612997 1.5071673 1.5308038 1.3474302 1.7470666 1.7482550 1.7311888 1.7311888 1.7111404 1.8696009 1.8696009 1.4943390 1.6980699 1.4368318 1.5264128 1.5590492 1.6958425 2.3322309 2.5296372 2.8939487 4.8701155 2.4068907 2.4565937 2.4069122 2.1901027 2.2711748 1.8567461 2.1627622 2.2299279 1.7793358 2.4062897 2.4492151 2.1960016 2.5088770 2.1761574 1.9578123 2.5119977 2.1027048 2.0546031 2.2574951 2.4998158 2.7882920 2.4727583 2.5607289 3.9974250 3.3468836 3.1200155 4.0536785 2.5150875 
Tetwil_g22555.t2                                  1.2102456 1.2102456 2.1851879 1.1814085 1.3289811 1.0867613 1.4389180 0.0000000 1.5239591 1.8334337 1.9340370 1.6791005 1.6876519 1.7414989 1.7267855 1.7050433 1.6673548 1.6781057 1.7074234 1.7594247 1.6474983 1.5262680 1.7027383 1.6406315 1.3880660 1.5126956 1.7205445 1.9220943 1.4677331 1.5365336 1.5647576 1.6000572 1.7849932 2.2564947 1.5730524 1.5180364 1.4920562 1.8615997 1.8762384 1.8882964 1.8882964 1.7233834 1.9225738 1.9225738 1.4765003 1.5243007 1.5179626 1.8199971 2.0706922 1.4827825 2.2528840 2.3600151 2.3916625 3.6397419 2.0761248 2.1005490 2.1348851 1.9549845 1.9556181 5.4213562 1.8714769 4.3979765 2.9480810 2.5085674 2.5330879 2.1825402 2.7544806 2.6814994 2.4519882 3.3678682 2.3576551 3.0584894 3.2374591 3.2161684 2.8198971 2.8443861 2.4749844 4.0704447 3.8558364 3.4317557 3.9644150 3.0516988 
Lcom_lcpid251148                                  2.7696433 2.7696433 9.0000000 2.7725345 3.0404333 2.4037908 2.1699505 1.5239591 0.0000000 1.7260501 1.8079560 1.5022826 1.1297555 1.3405144 1.0577041 1.0072586 1.0682114 1.0898164 1.1875982 1.1908883 1.1499262 1.1476148 1.2334440 1.3815612 0.4247645 1.2172881 0.7890938 2.3164743 0.8431626 0.9176176 1.0062350 1.0280430 0.8541688 0.6798461 1.6464970 1.0116195 1.0337812 1.4135357 1.3910782 1.3877220 1.3877220 1.3998497 1.4800373 1.4800373 1.5319798 1.0489611 1.2543088 1.2364746 1.6345366 0.9647942 2.1466371 2.0217974 2.4099589 2.9383675 2.1853143 2.1853143 2.1618942 1.8909895 2.1165510 7.0282199 0.8667910 4.2081205 0.0000010 1.8571804 1.8473427 1.7432144 2.3961851 2.3392683 2.3682908 2.3442084 2.0717787 2.1913473 2.2287346 2.7743967 3.0463790 3.7126753 2.9021193 3.9769334 3.9769334 3.4802225 3.7824095 2.3376403 
Lcom_lcpid27571                                   1.7147720 1.7147720 1.7030587 1.6879033 2.0110817 1.9108617 1.6737950 1.8334337 1.7260501 0.0000000 0.2480398 0.5376248 0.8427018 0.9724172 0.8970563 0.8903649 0.8824539 0.9384974 0.9134015 0.9067023 0.8173271 0.8243365 1.0258715 0.9643764 0.5380261 0.9431962 0.8259862 1.4708546 0.8795132 1.0287237 1.0048127 0.9624328 0.9403174 1.0245272 1.1989107 0.9960687 1.0676697 1.1266721 1.1223455 1.1325366 1.1325366 1.1287441 1.1267402 1.1267402 0.9277473 0.9995575 0.9060335 1.1597869 1.0481554 1.0209728 1.8285645 1.7207749 2.0912916 3.3909156 1.6936551 1.8974379 1.5870256 1.7314680 1.7841067 3.0432819 1.7684786 2.2027343 1.2999613 1.9774737 1.9657275 1.8888155 2.0086582 1.8075182 1.8474759 1.9152127 1.7727203 2.1019906 1.7690901 2.4300970 2.6520406 2.7513441 2.4837160 3.2433735 2.7849771 2.7216568 3.7321844 2.5515782 
Scil_scict002412.1                                1.6995251 1.6995251 1.5567855 1.6820830 1.9455897 1.8607887 1.7297183 1.9340370 1.8079560 0.2480398 0.0000000 0.5677828 0.8798064 1.0170410 0.9384213 0.9321886 0.9185318 0.9886749 0.9992081 1.0001921 0.9301308 0.8543716 0.9976101 0.9643968 0.5654066 0.9104186 0.8195347 1.4111001 0.8587183 1.0182917 1.0495258 0.9723362 1.0129962 1.0349666 1.1954397 1.0940227 1.1130893 1.1803704 1.1743800 1.1844202 1.1844202 1.1665302 1.2305108 1.2305108 0.9397751 0.9615313 0.9086202 1.1494475 1.0379654 1.0303758 1.6769171 1.5442845 2.0741494 3.2859746 1.5435429 1.7404072 1.4714516 1.6828804 1.7305803 2.7535272 1.8146643 2.0610620 1.3424416 1.9939267 2.0239923 1.9942539 2.0852216 1.9704720 1.8209405 1.8896143 1.7545299 2.0667638 1.7531929 2.3822701 2.6912603 2.6148410 2.5404374 3.2951892 2.6751587 2.5866499 3.6865465 2.4955546 
Clacor_Ccor_scaffold14696_01                      1.5779965 1.5779965 1.6521911 1.6014762 1.8740474 1.6563429 1.4939843 1.6791005 1.5022826 0.5376248 0.5677828 0.0000000 0.8938240 0.8720404 0.7835918 0.7747209 0.7746764 0.7907371 0.8034265 0.8084091 0.7781843 0.7290562 0.9185722 0.8710628 0.5503554 0.8872585 0.7582309 1.4635734 0.8072263 0.9802128 0.9654172 0.9760833 1.0150621 1.0522301 1.0430090 1.0185480 1.1273569 1.0252743 1.0189722 0.9984769 0.9984769 0.9663511 1.0935918 1.0935918 0.8886213 0.9511486 0.8272694 1.0445310 1.1047792 1.0012254 1.7200060 1.7302182 1.9781149 3.3296293 1.5398800 1.7206003 1.5376144 1.5573477 1.6689490 2.4127395 1.7241741 2.4625374 1.1992888 1.8439104 1.8591582 1.7763786 1.8988673 1.7687764 1.7161989 2.1314692 1.7442776 2.1319944 1.8584022 2.4222618 2.4130590 2.6054184 2.4829720 3.0487269 2.5316926 2.5412143 3.6199960 2.2981428 
Bralan_BLAG01000539_1                             1.5239715 1.5239715 1.2143869 1.5300733 1.7197827 1.5922843 1.3773713 1.6876519 1.1297555 0.8427018 0.8798064 0.8938240 0.0000000 0.6985853 0.5962338 0.5993468 0.6412929 0.6481683 0.6455885 0.6368965 0.5773344 0.5578140 0.7314228 0.7058162 0.5595362 0.8063546 0.6317009 1.1031834 0.6144522 0.7235224 0.8085964 0.7493623 0.6481316 0.7545323 0.8846260 0.7172990 0.8374652 0.8796985 0.8909405 0.8844460 0.8844460 0.8911904 0.9239670 0.9239670 0.8276054 0.9174997 0.9508784 0.7794878 0.8736536 0.8068357 1.5932999 1.5609970 1.8315263 3.3777163 1.5271883 1.7299107 1.4810259 1.5524081 1.6012234 2.1503846 1.5878353 1.8979732 1.4596020 1.5575941 1.5079033 1.7075979 1.7495478 1.6845102 1.6419141 1.6775211 1.5897661 1.8986542 1.6751139 1.9988472 2.5507972 2.3615503 2.4048475 3.1061956 2.7936048 2.7973671 3.5371285 2.4798781 
Morvir_scaffold425.g10.t1                         1.6522546 1.6522546 1.3273481 1.6241015 1.7648921 1.6895871 1.6028254 1.7414989 1.3405144 0.9724172 1.0170410 0.8720404 0.6985853 0.0000000 0.5786126 0.5806926 0.5637053 0.6058011 0.5975530 0.6066200 0.5756141 0.5438420 0.5560757 0.5759479 0.4266909 0.5239260 0.5197873 0.8208307 0.6958563 0.7416776 0.8087401 0.8983357 0.8068534 0.7780516 0.6749816 0.8462098 0.9191421 0.8232619 0.8435297 0.8241718 0.8241718 0.8603646 0.9706462 0.9706462 0.9281326 0.9638403 0.9710921 0.9597432 1.0354103 0.8261867 1.4172868 1.5905148 1.2633517 2.9307385 1.4047047 1.6264760 1.4158880 1.3269533 1.4824426 2.3008343 1.7295696 2.2431529 1.2575123 1.7777055 1.6561725 1.8225379 1.9067199 1.8084403 1.6935309 1.8275871 1.6293797 1.9769569 1.9422994 2.0792906 2.4862723 2.7367452 2.4262641 2.9388094 2.6149181 2.5696496 3.2588320 2.3137549 
Spis_XP_022786443_1                               1.6480636 1.6480636 1.3545556 1.6158245 1.6620069 1.5805448 1.4851509 1.7267855 1.0577041 0.8970563 0.9384213 0.7835918 0.5962338 0.5786126 0.0000000 0.0280981 0.0854537 0.1598074 0.2190231 0.2133939 0.3157985 0.3073486 0.6615591 0.6114326 0.4305663 0.6491777 0.5657872 1.1166226 0.5712897 0.5772069 0.6085370 0.7457268 0.6647015 0.8002492 0.7368017 0.7310145 0.9413402 0.8203044 0.8316199 0.8016682 0.8016682 0.7928450 0.9105928 0.9105928 0.7697138 0.8192932 0.7526225 0.8458940 0.9751481 0.8468606 1.4834039 1.6106181 1.4952913 3.0289380 1.4178889 1.5826849 1.3714694 1.4265283 1.4984764 2.3989236 1.5125014 1.9103416 1.0088170 1.6726071 1.6394644 1.6071843 1.7016233 1.5690702 1.5269215 1.6409446 1.6159512 1.6661004 1.6992447 1.8584154 2.4986961 2.7513748 2.5573909 2.9030547 2.7384640 2.5262106 3.2300142 2.3209698 
Pocdam_XM_027193725.1                             1.6516228 1.6516228 1.3545556 1.6117220 1.6653112 1.6032215 1.4793975 1.7050433 1.0072586 0.8903649 0.9321886 0.7747209 0.5993468 0.5806926 0.0280981 0.0000000 0.0742706 0.1450080 0.2023194 0.1967211 0.3106597 0.2989929 0.6523090 0.6005437 0.4592846 0.6182306 0.5552774 1.0926899 0.5593257 0.5859197 0.6030333 0.7452285 0.6689949 0.7942164 0.7531164 0.7131652 0.9257668 0.8211880 0.8126067 0.8059438 0.8059438 0.8096298 0.9117089 0.9117089 0.7668538 0.8292187 0.7437473 0.8475031 0.9906206 0.8484283 1.4834189 1.5887288 1.5047047 3.0018269 1.4110188 1.5732716 1.3909576 1.4475272 1.5120938 2.4218021 1.5137463 1.9071404 1.0074457 1.6759291 1.6206375 1.5840945 1.6857840 1.5772003 1.5122491 1.6187145 1.6020759 1.6788188 1.6908355 1.8330419 2.4781818 2.7576700 2.5423771 2.9672143 2.7811246 2.5626081 3.2814224 2.3221603 
Gasp_gasp1.m3.20218.m1                            1.5967266 1.5967266 1.2517225 1.5666261 1.6594113 1.6597412 1.4787850 1.6673548 1.0682114 0.8824539 0.9185318 0.7746764 0.6412929 0.5637053 0.0854537 0.0742706 0.0000000 0.1120570 0.1770038 0.1715624 0.3228175 0.2983362 0.6414302 0.6035466 0.4007289 0.6296284 0.5054494 1.1587582 0.5863107 0.6001195 0.6199848 0.7528190 0.6622087 0.7817930 0.7376212 0.7253868 0.9409013 0.8295277 0.8320220 0.8115987 0.8115987 0.8170337 0.9309246 0.9309246 0.7842845 0.7921028 0.7328707 0.8727482 0.9666489 0.8396942 1.5662733 1.6926699 1.5510781 2.9687783 1.4830403 1.6815727 1.4132377 1.4575846 1.4856245 2.3976466 1.4912889 2.0251041 1.1170935 1.6994704 1.6114205 1.6335776 1.7882556 1.6651476 1.5899026 1.7537151 1.6623036 1.7384786 1.7329284 1.8931297 2.3642982 2.8693170 2.6107141 2.9194929 2.8722315 2.7132032 3.3608344 2.3627826 
Gfas_gfas1.m1.3668.m1                             1.6264876 1.6264876 1.3637560 1.6027444 1.7211482 1.7109702 1.5078304 1.6781057 1.0898164 0.9384974 0.9886749 0.7907371 0.6481683 0.6058011 0.1598074 0.1450080 0.1120570 0.0000000 0.1395860 0.1396855 0.3381726 0.3235645 0.6464705 0.6308311 0.5541601 0.6699680 0.5499658 1.1673833 0.6188349 0.6235460 0.6825256 0.7863454 0.7458407 0.7864166 0.7622525 0.7691412 0.9991023 0.8432420 0.8433643 0.8186347 0.8186347 0.8223156 0.9240597 0.9240597 0.7970871 0.8268865 0.7344216 0.8954019 0.9873272 0.8340498 1.5844746 1.6266294 1.7280926 3.1769395 1.5503467 1.7655736 1.4308826 1.5633250 1.5235258 2.3667774 1.3874142 1.8693126 1.1057655 1.7486195 1.6793393 1.6489485 1.7806847 1.6531964 1.6149048 1.6836032 1.6680692 1.7999999 1.6812900 1.9215451 2.4084801 2.8261290 2.6206992 3.0611225 2.9226202 2.6848602 3.5752035 2.2959963 
Amil_Amillepora01211-RA                           1.6499717 1.6499717 1.3698720 1.6065426 1.7653229 1.6168597 1.5072546 1.7074234 1.1875982 0.9134015 0.9992081 0.8034265 0.6455885 0.5975530 0.2190231 0.2023194 0.1770038 0.1395860 0.0000000 0.0039296 0.3232157 0.3414218 0.6439741 0.6080052 0.5752344 0.6737024 0.5241542 1.0852230 0.6032423 0.6196183 0.6735851 0.7871027 0.7689203 0.7877562 0.8146215 0.7643524 0.9984101 0.8308753 0.8373711 0.8247514 0.8247514 0.8301149 0.9421283 0.9421283 0.7590803 0.7967589 0.7085586 0.8994115 0.9967735 0.8580426 1.5033590 1.5816390 1.5812741 3.0461737 1.4016308 1.5917985 1.4114141 1.5403082 1.5038738 2.4610618 1.3664447 2.0151746 1.1353609 1.8025728 1.7153148 1.6636280 1.7940907 1.6757055 1.5366599 1.6467996 1.6468568 1.7868531 1.8080419 1.8858622 2.3493689 2.6834074 2.4686658 2.9420352 2.8281579 2.5997745 3.5205675 2.2445357 
Adig_XM_015897713.1                               1.6400099 1.6400099 1.3698720 1.5967297 1.7672362 1.6186070 1.5062252 1.7594247 1.1908883 0.9067023 1.0001921 0.8084091 0.6368965 0.6066200 0.2133939 0.1967211 0.1715624 0.1396855 0.0039296 0.0000000 0.3167748 0.3349126 0.6445822 0.6085748 0.5752344 0.6743541 0.5241542 1.0852230 0.5946010 0.6202125 0.6679090 0.7774595 0.7696720 0.7877562 0.8153897 0.7546127 0.9993994 0.8316730 0.8381750 0.8255357 0.8255357 0.8309031 0.9352852 0.9352852 0.7572839 0.7934704 0.7066011 0.8882946 0.9977694 0.8692676 1.5025783 1.5816390 1.5794169 3.0450358 1.4051887 1.5966465 1.4149938 1.5433739 1.5069180 2.4655051 1.3664447 2.0151746 1.1353609 1.8049690 1.7176116 1.6658458 1.7965116 1.6779942 1.5387008 1.6490467 1.6490443 1.7892190 1.8104882 1.8884458 2.3462273 2.6846914 2.4698992 2.8955028 2.7946647 2.6338777 3.5226353 2.2476840 
Exapal_XM_021056872.2                             1.4839392 1.4839392 1.3049472 1.4544970 1.5709566 1.4822292 1.3794405 1.6474983 1.1499262 0.8173271 0.9301308 0.7781843 0.5773344 0.5756141 0.3157985 0.3106597 0.3228175 0.3381726 0.3232157 0.3167748 0.0000000 0.2011614 0.5691690 0.5511914 0.4871853 0.5740072 0.4264916 0.9303233 0.5431107 0.5602084 0.6115976 0.6713264 0.7024400 0.7052864 0.6967615 0.6726464 0.8343173 0.7223147 0.7277505 0.7212757 0.7212757 0.7250223 0.8187490 0.8187490 0.7205715 0.7350498 0.7772271 0.8449439 0.8717560 0.8120095 1.4684851 1.5483134 1.5790329 2.9810965 1.4728579 1.6706959 1.4084955 1.4150399 1.4781480 2.4202426 1.4297190 1.7942339 1.1983040 1.5647836 1.4805567 1.4963805 1.6806150 1.4958740 1.5597878 1.5641945 1.6627017 1.6656017 1.6070814 1.8734223 2.4298944 2.7079348 2.4908282 2.8617125 2.7094461 2.8056731 3.4643950 2.0901019 
Nvec_v1g125073                                    1.5272147 1.5272147 1.3599722 1.4859101 1.5970413 1.4360177 1.4036538 1.5262680 1.1476148 0.8243365 0.8543716 0.7290562 0.5578140 0.5438420 0.3073486 0.2989929 0.2983362 0.3235645 0.3414218 0.3349126 0.2011614 0.0000000 0.5555788 0.5105982 0.3900492 0.5680085 0.5269331 0.7683781 0.5107699 0.5656350 0.6068999 0.7095324 0.6827857 0.7252551 0.7303025 0.6512269 0.8426431 0.7075050 0.7050995 0.6784666 0.6784666 0.6863499 0.7618648 0.7618648 0.7273133 0.7856033 0.7631042 0.8457905 0.9115368 0.7993805 1.3263335 1.4099121 1.3572903 2.8732464 1.3674411 1.4950166 1.4024056 1.3615611 1.4947409 2.3738803 1.4724558 1.7285619 1.2043537 1.6276514 1.4967597 1.6310846 1.7509132 1.5260857 1.5855299 1.6183339 1.6257353 1.6381912 1.5671452 1.8130233 2.2665320 2.5680333 2.4533831 2.8433718 2.7230971 2.6375420 3.3761931 2.2513525 
Nemnom_g10624.t1                                  1.6357672 1.6357672 1.3312850 1.6192338 1.7387344 1.6406550 1.3443834 1.7027383 1.2334440 1.0258715 0.9976101 0.9185722 0.7314228 0.5560757 0.6615591 0.6523090 0.6414302 0.6464705 0.6439741 0.6445822 0.5691690 0.5555788 0.0000000 0.1102590 0.1217026 0.3375119 0.1681611 0.3812146 0.6851843 0.7741852 0.7851409 0.8017210 0.8909424 0.8011624 0.7261235 0.7929310 0.8680265 0.9073214 0.9114035 0.8938780 0.8938780 0.8989083 0.9854553 0.9854553 0.9415513 0.9253432 0.8334353 0.8519536 0.9307946 0.9510975 1.6134371 1.5389626 1.8255167 3.1808649 1.5429021 1.7542442 1.4942700 1.4429278 1.4969779 2.2807294 1.6288920 2.1700307 1.4003366 1.6437681 1.5945655 1.7790098 1.8349277 1.7881608 1.6148495 1.8736026 1.7727861 1.7984683 1.8306213 1.8594665 2.5674939 2.3836453 2.2816827 2.7712038 2.6232351 2.5760209 3.7352164 2.1562954 
Rhoesc_Res_015105-T1                              1.5540691 1.5540691 1.2127691 1.5309397 1.6521570 1.5106834 1.2899357 1.6406315 1.3815612 0.9643764 0.9643968 0.8710628 0.7058162 0.5759479 0.6114326 0.6005437 0.6035466 0.6308311 0.6080052 0.6085748 0.5511914 0.5105982 0.1102590 0.0000000 0.1434866 0.2963609 0.1389320 0.3977433 0.6832951 0.7370360 0.7275249 0.7983101 0.8739805 0.8029821 0.6999971 0.8157785 0.8894430 0.9246964 0.9237674 0.9058883 0.9058883 0.9201665 1.0100535 1.0100535 0.9193551 0.9018647 0.8329678 0.8444675 0.9380755 0.9006085 1.5437437 1.5258606 1.6622702 3.0352004 1.4713242 1.6560919 1.4763997 1.4431347 1.5608745 2.2653380 1.6029939 2.1272138 1.3567138 1.6126001 1.5641417 1.7048205 1.8647616 1.7315276 1.6474729 1.8577284 1.6499747 1.7516923 1.8000974 1.7552102 2.5099628 2.4730929 2.2898671 2.7988485 2.6244579 2.5958104 3.5678689 2.2159894 
Aaur_scaffold6865.g1.t1                           1.6620314 1.6620314 1.4574209 1.7971458 2.2564335 2.0500484 1.3871002 1.3880660 0.4247645 0.5380261 0.5654066 0.5503554 0.5595362 0.4266909 0.4305663 0.4592846 0.4007289 0.5541601 0.5752344 0.5752344 0.4871853 0.3900492 0.1217026 0.1434866 0.0000000 0.1658292 0.0000010 0.0000010 0.4556963 0.4480962 0.4605603 0.5108823 0.5263338 0.5039214 0.5759071 0.8842354 0.5355937 0.7379553 0.7379553 0.6973961 0.6973961 0.7359482 0.8695405 0.8695405 0.7262508 0.7045254 0.7355752 0.7930459 0.8311012 0.6911717 2.4308068 2.3812441 3.6976568 7.3488752 1.7836038 1.7836038 1.9217416 1.6382096 2.1514905 2.3197605 2.1283505 1.8402866 1.5117207 2.4658022 2.3175266 1.8642352 1.8760520 1.6105084 1.6427979 2.0634205 1.8920526 2.5021026 1.9469865 2.8908407 3.7032451 3.3472881 2.8991272 3.8122955 3.8122955 4.8893294 6.7746125 3.1610637 
Sanmal_Sma_021909-T1                              1.4938852 1.4938852 1.1179732 1.4731565 1.6231744 1.5013295 1.3789077 1.5126956 1.2172881 0.9431962 0.9104186 0.8872585 0.8063546 0.5239260 0.6491777 0.6182306 0.6296284 0.6699680 0.6737024 0.6743541 0.5740072 0.5680085 0.3375119 0.2963609 0.1658292 0.0000000 0.1884393 0.5380036 0.6892014 0.7383473 0.7832134 0.8009825 0.8221350 0.7480423 0.7346947 0.8329065 0.9028535 0.9367946 0.9320951 0.9204883 0.9204883 0.9649102 1.0318555 1.0318555 0.8859722 0.9651424 0.8235692 0.9219661 0.9870508 0.8429046 1.4668185 1.5271933 1.4971422 2.9529528 1.5285089 1.6776039 1.5269981 1.4470339 1.5180550 2.2879353 1.7930857 2.3076504 1.3199093 1.6252338 1.6158376 1.5864115 1.7952663 1.6404795 1.6641076 1.8589245 1.7218719 1.7779878 1.6685253 1.8190968 2.4405672 2.4594878 2.2937109 2.9637160 2.6569441 2.6833843 3.3655736 2.2045544 
Aaur_scaffold192.g13.t1                           1.1801828 1.1801828 1.1682412 1.1542359 1.2482317 1.2676636 0.9604837 1.7205445 0.7890938 0.8259862 0.8195347 0.7582309 0.6317009 0.5197873 0.5657872 0.5552774 0.5054494 0.5499658 0.5241542 0.5241542 0.4264916 0.5269331 0.1681611 0.1389320 0.0000010 0.1884393 0.0000000 0.0000010 0.6033849 0.6187132 0.5849818 0.6384178 0.6619831 0.8408907 0.5231427 0.7904966 0.8255311 0.7392421 0.7503681 0.7422043 0.7422043 0.7654999 0.8707564 0.8707564 0.6983199 0.8239911 0.7250516 0.7499218 0.7629355 0.8192213 1.4159942 1.4270729 9.0000000 5.5137335 1.3266945 1.6737976 1.3806403 1.3730396 1.4224449 1.3587807 1.6258172 1.0977691 1.2956809 1.3452050 1.3106206 1.4988888 1.4757138 1.4122573 1.2842776 1.7864758 1.4308861 1.2509285 1.4656896 1.3819130 2.4426059 2.1017476 2.1350276 4.2046174 3.0688873 2.9398686 4.3889594 2.0864210 
Aaur_scaffold192.g12.t1                           2.2317693 2.2317693 1.5122094 2.1953052 2.6210505 1.9748776 3.2006588 1.9220943 2.3164743 1.4708546 1.4111001 1.4635734 1.1031834 0.8208307 1.1166226 1.0926899 1.1587582 1.1673833 1.0852230 1.0852230 0.9303233 0.7683781 0.3812146 0.3977433 0.0000010 0.5380036 0.0000010 0.0000000 0.9464392 1.2544307 1.4966071 1.1162196 1.5097860 0.0000010 1.3651092 1.1239456 1.3837913 1.5431325 1.6171030 1.5154734 1.5154734 1.6002341 1.8077465 1.8077465 1.5556425 1.6241014 1.8384481 1.5168204 1.6292233 1.3097073 1.5067712 1.3058735 1.4858099 1.4858099 1.5640033 1.5640033 1.6998812 1.6475315 1.6561730 7.5424381 0.0000010 8.9999987 0.0000010 1.7595888 1.6559338 1.9326865 2.1617200 2.2643669 2.0535666 1.9982803 2.0560420 2.2465124 2.3471770 2.2861144 2.2430089 2.7405116 2.3787781 2.5518197 2.5518197 2.4744810 3.0292520 2.2447941 
Skow_XM_006822309.1                               1.5776883 1.5776883 1.5780656 1.6149650 1.8391561 1.6537015 1.5301454 1.4677331 0.8431626 0.8795132 0.8587183 0.8072263 0.6144522 0.6958563 0.5712897 0.5593257 0.5863107 0.6188349 0.6032423 0.5946010 0.5431107 0.5107699 0.6851843 0.6832951 0.4556963 0.6892014 0.6033849 0.9464392 0.0000000 0.7133471 0.7220849 0.6456637 0.6896350 0.7417968 0.8275738 0.7171075 0.9026326 0.7791378 0.7816670 0.7708648 0.7708648 0.8090251 0.8682187 0.8682187 0.8522100 0.9574936 0.8724821 0.8586157 0.9638213 0.7573700 1.2190620 1.2486145 1.3570062 2.8247213 1.1735768 1.3305433 1.1815310 1.3179896 1.4479539 2.4206117 1.6273630 1.7341998 1.1959708 1.6804378 1.5487047 1.5906158 1.7614659 1.6030853 1.5282772 1.4210589 1.5409898 1.7358911 1.5171132 1.7291567 2.4536331 2.3714117 2.2107310 2.6522962 2.6482154 2.7697724 3.0716426 2.1455105 
Dgig_XM_028538914.1                               1.5974378 1.5974378 1.3782489 1.5571430 1.7044153 1.6292202 1.4879451 1.5365336 0.9176176 1.0287237 1.0182917 0.9802128 0.7235224 0.7416776 0.5772069 0.5859197 0.6001195 0.6235460 0.6196183 0.6202125 0.5602084 0.5656350 0.7741852 0.7370360 0.4480962 0.7383473 0.6187132 1.2544307 0.7133471 0.0000000 0.1858679 0.7648909 0.7153725 0.7649769 0.8259349 0.7339126 0.9351347 0.8543560 0.8547680 0.8716549 0.8716549 0.8262857 0.9891044 0.9891044 0.8467749 0.8549094 0.9113356 0.8660782 1.0150571 0.8437414 1.6008745 1.7023194 1.6169344 3.1577934 1.5160879 1.6475495 1.5126919 1.5677082 1.6862201 2.5514491 1.7238401 1.8493632 1.5474174 1.7258136 1.6082040 1.6787585 1.7182185 1.5409378 1.5615533 1.7694046 1.5964798 1.7185762 1.7517739 1.7827842 2.4353345 2.6631675 2.5545599 3.2040975 2.7751004 2.5751319 3.3748373 2.1409717 
Xesp_007411-T1                                    1.6102405 1.6102405 1.4030272 1.6001372 1.7045744 1.5479521 1.4966518 1.5647576 1.0062350 1.0048127 1.0495258 0.9654172 0.8085964 0.8087401 0.6085370 0.6030333 0.6199848 0.6825256 0.6735851 0.6679090 0.6115976 0.6068999 0.7851409 0.7275249 0.4605603 0.7832134 0.5849818 1.4966071 0.7220849 0.1858679 0.0000000 0.8263480 0.7419674 0.7648925 0.8640159 0.7826429 0.9297129 0.8954098 0.9070582 0.8882319 0.8882319 0.9193474 0.9706301 0.9706301 0.9060297 0.8784337 0.8160766 0.8783639 1.0221850 0.9084535 1.6341874 1.6758777 1.7248795 3.1937419 1.4888506 1.6074351 1.4388300 1.5792485 1.6992911 2.6980288 1.7500163 1.9413302 1.4968650 1.7648843 1.6149719 1.6284175 1.8088507 1.4675513 1.6177946 1.7191535 1.6905995 1.7822412 1.6406834 1.9456294 2.3686606 2.8079551 2.6030250 3.3119057 2.8183008 2.5322316 3.2953557 2.1417270 
Hsap_ENST00000343245                              1.5543435 1.5543435 1.4103891 1.5492449 1.7041203 1.5685272 1.4523200 1.6000572 1.0280430 0.9624328 0.9723362 0.9760833 0.7493623 0.8983357 0.7457268 0.7452285 0.7528190 0.7863454 0.7871027 0.7774595 0.6713264 0.7095324 0.8017210 0.7983101 0.5108823 0.8009825 0.6384178 1.1162196 0.6456637 0.7648909 0.8263480 0.0000000 0.8334905 0.9424354 0.8758213 0.8285697 0.9354804 1.0737626 1.0632691 1.0209003 1.0209003 1.0354047 1.0386344 1.0386344 0.8677916 0.9686060 0.9626225 0.9096073 0.9037927 1.0177062 1.5580003 1.7213097 1.6238877 2.9153723 1.5938455 1.7581464 1.5818319 1.4961644 1.6723815 2.4911075 1.6805342 1.9518639 1.3599375 1.6540020 1.5985624 1.6181818 1.7182792 1.6361897 1.5916708 1.7810422 1.6368459 1.7633925 1.6373767 1.7760000 2.6864515 2.3853435 2.3450208 3.4965305 3.0518375 3.0944027 3.5476599 2.0220640 
Acagra_model.g6593.t1                             1.6676077 1.6676077 1.2818357 1.5730064 1.8100500 1.5828958 1.4708107 1.7849932 0.8541688 0.9403174 1.0129962 1.0150621 0.6481316 0.8068534 0.6647015 0.6689949 0.6622087 0.7458407 0.7689203 0.7696720 0.7024400 0.6827857 0.8909424 0.8739805 0.5263338 0.8221350 0.6619831 1.5097860 0.6896350 0.7153725 0.7419674 0.8334905 0.0000000 0.5413147 0.9845343 0.7643398 0.7682524 0.9043749 0.9104504 0.9094441 0.9094441 0.9147175 1.0099259 1.0099259 1.0019752 1.0857034 0.9006236 0.9154905 0.9657371 0.9015262 1.6653367 1.6146454 1.9767809 3.2792345 1.6075678 1.7866996 1.5174433 1.5173864 1.5402734 2.4411137 1.6850460 2.0996791 1.4899649 1.6481206 1.5891109 1.7739741 1.7899901 1.6961773 1.7349903 1.9124188 1.7836254 1.8351767 1.8368633 2.2510726 2.5382352 2.6497984 2.6787456 3.3301262 3.2068101 3.1599998 3.3655425 2.5983114 
Ctel_gnl_WGS_AMQN_CAPTEDRAFT_mRNA151400           1.3790670 1.3790670 1.2477025 1.3395223 1.6446937 1.8224299 1.2612997 2.2564947 0.6798461 1.0245272 1.0349666 1.0522301 0.7545323 0.7780516 0.8002492 0.7942164 0.7817930 0.7864166 0.7877562 0.7877562 0.7052864 0.7252551 0.8011624 0.8029821 0.5039214 0.7480423 0.8408907 0.0000010 0.7417968 0.7649769 0.7648925 0.9424354 0.5413147 0.0000000 0.7600679 0.9349474 0.9219658 0.9703187 0.9714991 0.9744000 0.9744000 0.9771141 1.0891649 1.0891649 1.0223214 1.0272846 1.0477441 0.9761376 0.9331695 0.9340588 2.0253512 1.9543570 6.6465881 5.8136569 1.8888625 2.1467461 2.0042436 1.7957914 2.0136194 1.4553963 2.0300141 1.5715040 1.4997260 2.2365022 2.1259387 2.1142402 1.8631347 1.8410991 1.7883998 1.8002397 2.0319758 2.0809822 1.9428309 2.4822205 2.5776207 2.6549509 2.8482735 3.6790285 3.2047542 3.4429631 3.9517047 2.7606056 
Hvul_g10078_1                                     1.6775844 1.6775844 1.2619663 1.6559075 1.8043655 1.7104667 1.5071673 1.5730524 1.6464970 1.1989107 1.1954397 1.0430090 0.8846260 0.6749816 0.7368017 0.7531164 0.7376212 0.7622525 0.8146215 0.8153897 0.6967615 0.7303025 0.7261235 0.6999971 0.5759071 0.7346947 0.5231427 1.3651092 0.8275738 0.8259349 0.8640159 0.8758213 0.9845343 0.7600679 0.0000000 0.9474538 1.1309634 0.8135000 0.8183174 0.8208038 0.8208038 0.7911653 0.9099006 0.9099006 0.9925441 1.0305947 1.0442232 1.0444940 1.2175881 1.0535758 1.6462626 1.6257300 1.7385312 3.2637976 1.4954510 1.6874297 1.5214263 1.5103210 1.6119036 2.2352248 1.6718009 2.0924069 1.4472214 1.6717103 1.6546246 1.9189048 1.8616282 1.7648885 1.6960343 2.0209125 1.8103082 1.8845684 1.9188197 2.1335407 2.6053461 2.6978774 2.7201562 3.3076058 3.0264284 2.9957677 3.6917417 2.3943170 
Cscu_XM_023367319.1                               1.4588832 1.4588832 1.4087073 1.4238478 1.7050761 1.4718842 1.5308038 1.5180364 1.0116195 0.9960687 1.0940227 1.0185480 0.7172990 0.8462098 0.7310145 0.7131652 0.7253868 0.7691412 0.7643524 0.7546127 0.6726464 0.6512269 0.7929310 0.8157785 0.8842354 0.8329065 0.7904966 1.1239456 0.7171075 0.7339126 0.7826429 0.8285697 0.7643398 0.9349474 0.9474538 0.0000000 0.8288002 0.9548449 0.9609615 0.9580641 0.9580641 0.9267676 1.0479923 1.0479923 0.9890058 1.0104878 0.9405203 0.8189344 0.9840713 0.8858147 1.6407644 1.6587190 1.6779009 3.3801727 1.5249204 1.6650787 1.5139409 1.5121377 1.6054321 2.3806352 2.0518063 2.4462890 1.6699401 1.7435245 1.8034002 2.0651894 1.9624001 1.7228107 1.8522003 1.9330991 1.8877503 1.8405906 1.8437743 2.2445918 2.5652769 2.7318804 2.6253874 3.0136614 2.7098932 2.7520283 3.7289957 2.4764768 
Cgig_XM_011438327.3                               1.5335610 1.5335610 1.2449523 1.5180670 1.8645334 1.7052584 1.3474302 1.4920562 1.0337812 1.0676697 1.1130893 1.1273569 0.8374652 0.9191421 0.9413402 0.9257668 0.9409013 0.9991023 0.9984101 0.9993994 0.8343173 0.8426431 0.8680265 0.8894430 0.5355937 0.9028535 0.8255311 1.3837913 0.9026326 0.9351347 0.9297129 0.9354804 0.7682524 0.9219658 1.1309634 0.8288002 0.0000000 1.0613016 1.0714593 1.0558773 1.0558773 1.0821691 1.2163736 1.2163736 1.1871503 1.1108223 1.0922754 1.0480112 1.0727018 1.0359955 1.7577940 1.6884360 2.0313990 3.4947126 1.5993164 1.6733406 1.7971270 1.6601322 1.7516955 2.2253272 1.4732011 1.8774896 1.5608698 1.7877209 1.9369267 1.9395901 2.0291470 1.7151968 1.8945506 1.8590367 1.9236167 1.8523870 1.9653268 2.2650757 2.4838276 2.6528316 2.3231415 3.2157521 2.8112968 2.7537062 3.8380058 2.3447810 
HoiH23_PlH23_005640-RA                            1.8365365 1.8365365 1.4831524 1.8481683 1.7345842 1.6602181 1.7470666 1.8615997 1.4135357 1.1266721 1.1803704 1.0252743 0.8796985 0.8232619 0.8203044 0.8211880 0.8295277 0.8432420 0.8308753 0.8316730 0.7223147 0.7075050 0.9073214 0.9246964 0.7379553 0.9367946 0.7392421 1.5431325 0.7791378 0.8543560 0.8954098 1.0737626 0.9043749 0.9703187 0.8135000 0.9548449 1.0613016 0.0000000 0.0200511 0.0450510 0.0450510 0.0781711 0.1452611 0.1452611 1.0852790 1.0412646 1.0775664 0.9280079 0.9865609 1.0121999 1.6719666 1.6112358 1.9348528 3.5910369 1.5856285 1.7591268 1.5580641 1.6773445 1.7309225 2.3539438 1.9582562 2.0204634 1.6820860 1.7749243 1.6914097 1.9195398 1.9690689 2.0014580 1.8681349 2.0468659 1.9860919 2.0739763 1.8250123 2.2696602 2.4505565 2.8319391 2.6109935 3.0975924 2.8887785 3.0317652 3.2912775 2.7071375 
HoiH06_mRNA12307                                  1.8112428 1.8112428 1.4841335 1.8225969 1.7510956 1.6760725 1.7482550 1.8762384 1.3910782 1.1223455 1.1743800 1.0189722 0.8909405 0.8435297 0.8316199 0.8126067 0.8320220 0.8433643 0.8373711 0.8381750 0.7277505 0.7050995 0.9114035 0.9237674 0.7379553 0.9320951 0.7503681 1.6171030 0.7816670 0.8547680 0.9070582 1.0632691 0.9104504 0.9714991 0.8183174 0.9609615 1.0714593 0.0200511 0.0000000 0.0450387 0.0450387 0.0865340 0.1591605 0.1591605 1.0784748 1.0442439 1.0774233 0.9248651 0.9767201 1.0123917 1.6816197 1.6135963 1.9565637 3.6168115 1.6128189 1.7967149 1.5788949 1.6774282 1.7370906 2.3677491 1.9683980 2.0751159 1.6934948 1.7723061 1.6932609 1.9142811 1.9749025 2.0112196 1.8589083 2.0561592 1.9792061 2.0651261 1.8203412 2.2280632 2.4731396 2.8119844 2.5932382 3.0466609 2.8613186 2.9987863 3.3017137 2.6915519 
Hhon_g01291.t1                                    1.7884277 1.7884277 1.4756359 1.7995220 1.7859433 1.7083671 1.7311888 1.8882964 1.3877220 1.1325366 1.1844202 0.9984769 0.8844460 0.8241718 0.8016682 0.8059438 0.8115987 0.8186347 0.8247514 0.8255357 0.7212757 0.6784666 0.8938780 0.9058883 0.6973961 0.9204883 0.7422043 1.5154734 0.7708648 0.8716549 0.8882319 1.0209003 0.9094441 0.9744000 0.8208038 0.9580641 1.0558773 0.0450510 0.0450387 0.0000000 0.0000010 0.0829315 0.1655800 0.1655800 1.0891002 1.0404674 1.0443625 0.9084568 0.9817296 1.0172483 1.5903660 1.5539878 1.8164210 3.4940015 1.5846400 1.7792049 1.5185444 1.6662315 1.7030470 2.3902490 1.9932846 2.0818773 1.6576540 1.7881241 1.7009583 1.9091844 1.9762139 2.0104275 1.8574494 2.0547944 1.9753377 2.0665069 1.7818223 2.2554720 2.4701006 2.8102455 2.5817513 3.1835392 2.8738393 3.0089993 3.3858179 2.6035880 
HoiH04_mRNA14511                                  1.7884277 1.7884277 1.4756359 1.7995220 1.7859433 1.7083671 1.7311888 1.8882964 1.3877220 1.1325366 1.1844202 0.9984769 0.8844460 0.8241718 0.8016682 0.8059438 0.8115987 0.8186347 0.8247514 0.8255357 0.7212757 0.6784666 0.8938780 0.9058883 0.6973961 0.9204883 0.7422043 1.5154734 0.7708648 0.8716549 0.8882319 1.0209003 0.9094441 0.9744000 0.8208038 0.9580641 1.0558773 0.0450510 0.0450387 0.0000010 0.0000000 0.0829315 0.1655800 0.1655800 1.0891002 1.0404674 1.0443625 0.9084568 0.9817296 1.0172483 1.5903660 1.5539878 1.8164210 3.4940015 1.5846400 1.7792049 1.5185444 1.6662315 1.7030470 2.3902490 1.9932846 2.0818773 1.6576540 1.7881241 1.7009583 1.9091844 1.9762139 2.0104275 1.8574494 2.0547944 1.9753377 2.0665069 1.7818223 2.2554720 2.4701006 2.8102455 2.5817513 3.1835392 2.8738393 3.0089993 3.3858179 2.6035880 
HoiH11_mRNA2212                                   1.7602638 1.7602638 1.4783316 1.7756401 1.7243264 1.6305463 1.7111404 1.7233834 1.3998497 1.1287441 1.1665302 0.9663511 0.8911904 0.8603646 0.7928450 0.8096298 0.8170337 0.8223156 0.8301149 0.8309031 0.7250223 0.6863499 0.8989083 0.9201665 0.7359482 0.9649102 0.7654999 1.6002341 0.8090251 0.8262857 0.9193474 1.0354047 0.9147175 0.9771141 0.7911653 0.9267676 1.0821691 0.0781711 0.0865340 0.0829315 0.0829315 0.0000000 0.1615137 0.1615137 1.0793830 1.0442616 1.0491194 0.8942557 0.9914658 1.0484986 1.7288648 1.6380969 2.0736585 3.7861935 1.6670910 1.8938382 1.5979164 1.7070357 1.7363951 2.3173152 1.9489416 2.0895295 1.6327180 1.7569209 1.6827245 1.9302632 1.8853210 1.9589934 1.8769819 2.1271313 2.0084252 2.0135367 1.8286226 2.2684201 2.5129377 2.8077618 2.6138648 3.1583192 2.9063825 3.0274597 3.3212335 2.6578848 
TrH2_TrispH2_003097-RA                            1.8777434 1.8777434 1.6001544 1.9010052 1.8146154 1.8064457 1.8696009 1.9225738 1.4800373 1.1267402 1.2305108 1.0935918 0.9239670 0.9706462 0.9105928 0.9117089 0.9309246 0.9240597 0.9421283 0.9352852 0.8187490 0.7618648 0.9854553 1.0100535 0.8695405 1.0318555 0.8707564 1.8077465 0.8682187 0.9891044 0.9706301 1.0386344 1.0099259 1.0891649 0.9099006 1.0479923 1.2163736 0.1452611 0.1591605 0.1655800 0.1655800 0.1615137 0.0000000 0.0000010 1.1429286 1.1385497 1.1669163 0.9920826 1.0810059 1.1645262 1.7242854 1.6678116 1.9822753 3.8957294 1.6314503 1.8410767 1.6197775 1.7254448 1.7067976 2.4741447 1.9759103 2.0983223 1.8093334 1.9179385 1.8030176 2.0218944 1.9764422 2.1012075 1.9811673 2.1672447 2.0369568 2.1475128 1.9281257 2.4354721 2.5754181 2.8476848 2.6807757 3.3962985 3.1164398 3.2826047 3.4860053 2.8605943 
Tadh_TriadT53173                                  1.8777434 1.8777434 1.6001544 1.9010052 1.8146154 1.8064457 1.8696009 1.9225738 1.4800373 1.1267402 1.2305108 1.0935918 0.9239670 0.9706462 0.9105928 0.9117089 0.9309246 0.9240597 0.9421283 0.9352852 0.8187490 0.7618648 0.9854553 1.0100535 0.8695405 1.0318555 0.8707564 1.8077465 0.8682187 0.9891044 0.9706301 1.0386344 1.0099259 1.0891649 0.9099006 1.0479923 1.2163736 0.1452611 0.1591605 0.1655800 0.1655800 0.1615137 0.0000010 0.0000000 1.1429286 1.1385497 1.1669163 0.9920826 1.0810059 1.1645262 1.7242854 1.6678116 1.9822753 3.8957294 1.6314503 1.8410767 1.6197775 1.7254448 1.7067976 2.4741447 1.9759103 2.0983223 1.8093334 1.9179385 1.8030176 2.0218944 1.9764422 2.1012075 1.9811673 2.1672447 2.0369568 2.1475128 1.9281257 2.4354721 2.5754181 2.8476848 2.6807757 3.3962985 3.1164398 3.2826047 3.4860053 2.8605943 
Opea_EP00118_Oscarella_pearsei_P026002            1.4679527 1.4679527 1.2321680 1.4640169 1.8031064 1.6940900 1.4943390 1.4765003 1.5319798 0.9277473 0.9397751 0.8886213 0.8276054 0.9281326 0.7697138 0.7668538 0.7842845 0.7970871 0.7590803 0.7572839 0.7205715 0.7273133 0.9415513 0.9193551 0.7262508 0.8859722 0.6983199 1.5556425 0.8522100 0.8467749 0.9060297 0.8677916 1.0019752 1.0223214 0.9925441 0.9890058 1.1871503 1.0852790 1.0784748 1.0891002 1.0891002 1.0793830 1.1429286 1.1429286 0.0000000 0.1075009 0.5230026 1.0673291 1.1291664 1.0429940 1.5279384 1.5171289 1.6611909 3.1068787 1.4518103 1.5998535 1.4894921 1.4960044 1.5366639 2.4351421 1.4254918 2.0935476 1.3495100 1.6702272 1.6025492 1.7638864 1.7286315 1.7418868 1.5618697 1.7152713 1.6092283 1.6543311 1.7768822 1.9157954 2.5552985 2.5073664 2.4855964 3.3203633 2.9442728 2.9172847 3.2474885 2.1578594 
