98
Emue_Em0001g468a.t1                                              0.0000000 0.2047561 0.2113300 0.3760324 1.0520166 0.7823934 1.3021680 1.2525192 1.3753526 1.4656360 1.8301443 1.9535599 1.9330320 1.8697983 1.9069470 1.9162924 1.9138224 1.9202571 1.9946467 1.9889178 1.8838894 1.7308321 2.2478529 2.0065723 1.8837053 1.9138141 2.0926065 1.9542943 5.1402265 2.0177276 1.9752351 2.1115708 2.0462753 2.3081721 2.2064632 2.1522736 2.3026125 2.1369310 2.1598738 2.0653425 2.0916797 2.3014723 2.1435982 2.1321551 2.0242799 2.1327127 2.2988697 2.0703495 1.7947699 2.5069602 2.1621513 2.5386050 2.3056584 2.1816477 3.2481074 2.3839101 2.4726325 2.5268656 2.4248271 2.4441774 2.5018258 2.2371495 2.4966421 2.5519751 2.1098473 2.2294455 2.2836462 1.9235096 2.6361123 2.3075286 2.2802555 2.2802555 2.2923531 2.7219608 2.1448891 3.2620252 2.4558827 2.4712947 1.9510821 2.1444470 2.5767631 2.5010525 2.3653864 2.8552684 2.4295372 2.8195304 2.8195304 2.5630902 2.8435907 2.4522501 2.6329045 2.6882279 2.6365949 2.8837975 3.2193284 2.8534502 4.2035235 2.3943675 
Spolac_c96760_g2_i1_m.13694c96760-g1                             0.2047561 0.0000000 0.0000010 0.0000010 0.8114134 0.7228731 1.3705334 1.1416415 1.1549327 1.4539398 1.4092750 1.5568963 1.5648253 1.5342036 1.5390743 1.5085112 1.5037526 1.5037526 1.6626299 1.7248563 1.6441824 0.0000010 0.0000010 1.5510759 1.4785713 1.6153475 1.6739701 1.6457658 0.0000010 1.3970601 1.6473213 1.5938213 1.6871946 0.0000010 1.1667588 1.5435479 1.6932449 1.9707001 1.8985147 2.0903555 1.8641876 1.6459427 1.5316052 1.6850293 1.8545854 1.5945858 2.6080019 0.5173158 0.5173158 1.6717160 1.6717160 1.8003376 1.8133331 2.0077802 8.8413517 1.9821604 2.1438254 1.7921535 1.9721990 1.9640194 1.7506172 0.0000010 1.8736248 1.8619221 1.7414390 2.0262266 1.9864983 1.0002001 1.9758060 1.8773756 1.8773756 1.8773756 2.1800653 3.4090342 2.0660718 1.9034345 2.0737147 1.8731068 0.0000010 1.8786154 0.0000010 1.8346747 1.7640745 4.2961664 1.8243195 1.9489344 1.9489344 1.9527692 2.3415512 2.0223677 1.9913221 1.9661623 1.8476119 2.5692951 2.0371382 2.3316357 3.4625948 0.0000010 
Spolac_c96760_g3_i1_m.13696c96760-g1                             0.2113300 0.0000010 0.0000000 0.0000010 1.0403823 0.7529682 1.5447357 1.3825361 1.7142387 1.5021268 2.0044899 1.8268695 1.8127417 1.8976153 1.9265160 1.9587339 1.8821100 1.8992672 2.0672484 1.9068872 1.8954062 0.0000010 2.3129563 2.1403393 1.9932114 1.8302213 2.2493273 1.8644787 0.0000010 2.5443936 2.2035594 2.3869819 2.1893178 2.4882892 2.0904604 2.2359452 2.5108584 2.1467733 2.1761189 1.8575125 2.1047972 2.6340494 2.1820487 2.0605609 2.0225909 2.3090067 2.2744675 4.3801198 4.3801198 3.6833009 1.9106901 2.4837485 2.6509611 2.5372814 2.5498342 2.2811319 2.8311531 2.7328923 2.6514796 2.6615963 2.5737160 2.2396635 2.0683199 2.4258730 2.2055167 2.3370434 2.2825747 0.0000010 2.9284763 2.8756240 2.8747992 2.8747992 2.6389201 2.7119958 2.0647360 3.7672394 3.3300117 3.5031600 0.0000010 0.0000010 0.0000010 3.8860407 3.0959014 0.0000010 0.0000010 3.4665337 3.4665337 3.1405203 3.1746668 2.6404886 5.2755960 3.3022013 3.4672007 3.0298766 3.4941345 3.6508844 6.0514905 0.0000010 
Spolac_c96760_g1_i1_m.13692c96760-g1                             0.3760324 0.0000010 0.0000010 0.0000000 1.1255347 1.0924636 1.1998080 1.1497441 1.4020794 1.8200608 1.8558029 2.1156327 2.4377097 1.9704387 2.0097941 1.9680555 2.1295693 2.1295693 1.9600941 2.1705419 2.0509208 1.6061599 3.6668552 2.0899808 1.9551921 2.0815253 1.9260382 1.7907419 3.2790882 1.8402236 1.9534080 2.0645250 2.3499777 0.0000010 8.9999990 2.8575440 2.9257651 2.3858781 2.5740051 2.2069337 2.5107177 2.0447467 3.2097107 3.2207816 2.8172331 2.5991883 6.2943144 2.6693719 2.7925734 3.0942051 3.0942051 3.8716029 2.4585059 0.0000010 8.2161793 2.6355842 2.1504555 3.0879989 3.2608721 3.3118180 3.7076260 0.0000010 4.0779116 4.2454433 2.1840205 2.1688001 2.3496111 2.3099235 2.4904689 2.2469495 2.2492777 2.2492777 2.2414073 0.0000010 2.3091284 6.1678882 0.0000010 2.3919561 2.0070957 2.3685321 2.4513848 2.4744216 3.2223210 3.2223210 3.2223210 3.6501168 3.6501168 3.4222793 3.4546571 3.0273738 3.5003966 3.5048750 3.5505127 3.7205588 5.5801731 2.4565615 4.4805591 2.1894759 
Tetwil_g3407.t1                                                  1.0520166 0.8114134 1.0403823 1.1255347 0.0000000 0.6461134 1.2179260 1.0621965 1.2353258 1.4426080 1.9222896 1.7743736 1.8030898 1.7428373 1.7226140 1.7646645 1.7596878 1.7656822 1.7485759 1.6943721 1.9379928 2.1169322 2.4724077 2.0927649 2.0397478 2.0380535 2.0469793 1.9771006 5.4858377 2.1005188 1.7757957 1.8169566 1.9885247 2.2917420 2.3506295 2.1609958 2.2118776 2.0597706 2.0043733 1.9653291 2.0240929 2.1541172 2.3350696 2.4556180 2.1540567 1.9013798 2.4763095 2.2920852 2.1170742 2.7996642 2.4180615 2.5205550 2.1619659 2.1062490 3.3130305 2.1800812 2.4125113 2.6315840 2.7179899 2.7023939 2.6688559 2.2583740 2.5707844 2.6334053 2.2100709 2.4891997 2.4735384 1.9360011 2.4028002 2.1240813 2.1328024 2.1328024 1.9168905 2.9137867 1.8853155 3.6289025 2.6495345 2.9071375 1.9935370 2.2853272 2.6744047 2.8171358 2.3811984 2.8991082 2.4367930 2.8435414 2.8435414 2.5522129 2.7706900 2.6233244 2.7251344 2.7238544 2.7446797 2.9421875 3.1179993 2.6291176 4.3735318 3.0159718 
Stycar_augustus_masked-SC_scaffold1879-processed-gene-0.2-mRNA-1 0.7823934 0.7228731 0.7529682 1.0924636 0.6461134 0.0000000 1.1670619 1.0580749 1.1721923 1.3768676 1.7288114 1.7797889 1.6898008 1.7384921 1.7512564 1.7440948 1.7911066 1.7971372 1.7002652 1.7722307 1.7908133 1.7897609 2.3014268 1.9437210 1.8588225 1.8570244 1.8614493 1.8493146 4.2135011 1.8259473 1.7779087 1.9330908 1.8653409 1.6949783 1.9574504 1.9409534 2.0586258 1.9267412 1.9148595 1.8469831 1.8712102 2.0689964 2.1609549 2.1717344 1.9560709 1.8284142 2.1563728 2.0989726 1.9716572 2.4117888 1.9735179 2.3731975 2.0979046 1.7759529 3.1246736 2.0973203 2.3675726 2.3611907 2.5752548 2.5541477 2.4336983 1.9705466 2.2489969 2.4467199 2.0083565 2.3008738 2.1288454 1.7890620 2.1634598 1.9720686 1.9718504 1.9718504 1.8296405 2.4916082 1.7556696 3.1851391 2.3777890 2.5277613 1.8497682 2.1373512 2.4610889 2.6804336 2.1149634 2.4869087 2.1621159 2.5819129 2.5819129 2.2813019 2.4929754 2.1918714 2.3159262 2.4106347 2.4095121 2.7282312 2.8312408 2.6211772 4.0977154 2.5109868 
Aque_Aqu2.1.28282_001                                            1.3021680 1.3705334 1.5447357 1.1998080 1.2179260 1.1670619 0.0000000 0.6719119 0.6530354 1.6635380 2.2894265 2.2547534 2.1325930 2.1939871 2.1717060 2.2224187 2.3448073 2.3369627 2.3047059 2.1899513 2.1303160 1.9565824 3.0341864 2.4294943 2.3560801 2.3882715 2.4955879 2.1635675 3.3950761 2.3625468 2.1064331 2.2435042 2.6701769 2.7356219 2.8342034 2.5920455 2.7727357 2.4535472 2.4024666 2.4183475 2.4529558 2.4867715 2.6132808 2.5000916 2.3917166 2.5583325 2.6905275 2.5998875 2.3906690 2.9409232 2.6420731 2.9212791 2.4604902 2.8803994 3.9772713 2.4785596 2.5202914 2.5970801 2.9973711 2.8779672 2.6725383 2.8860848 2.5275634 2.9404931 2.3900821 2.6274294 3.1751963 1.6632218 2.5296168 2.4242985 2.4117734 2.4117734 2.2096204 3.1462598 2.1657260 3.7541415 2.9567872 3.0422839 2.1208856 2.5873660 2.6929689 3.0589885 2.2963697 2.7451050 2.5014709 2.8718664 2.8718664 2.8361007 3.1035225 2.9812128 2.5176918 2.9684190 2.8928314 3.6551247 3.5532835 3.2740613 4.1198641 3.1686129 
Xestes_augustus_masked-XT_scaffold2492-processed-gene-0.5-mRNA-1 1.2525192 1.1416415 1.3825361 1.1497441 1.0621965 1.0580749 0.6719119 0.0000000 0.5862458 1.6433072 2.1203885 2.1335881 1.9863165 2.1316613 2.1188644 2.0963609 2.2564761 2.2471439 2.0368864 1.9590954 1.9900069 2.0090055 3.0978050 2.2481669 2.1587800 2.1945451 2.2930757 2.0667066 3.3582161 2.3136131 1.8635432 1.9137829 2.3017195 2.7098400 3.7972837 2.3534589 2.6882647 2.3866776 2.3397439 2.3144133 2.3038341 2.1153793 2.5864411 2.4476693 2.3639035 2.1727860 3.1793623 2.2771868 1.9025544 2.7524784 2.5289034 2.9621536 2.3752897 0.8881813 4.2116045 2.1894243 2.4365209 2.5564033 2.6502021 2.7004910 2.7197683 3.6263497 2.5013547 2.6648139 2.3236328 2.5192858 3.0542274 1.6511236 2.2307860 2.1064579 2.1245131 2.1245131 2.1736533 3.0714093 2.3150958 4.1491208 3.1816679 3.0848597 2.3576190 2.6967624 2.9229695 3.2113515 2.5139890 2.9732142 2.7379999 2.9584147 2.9584147 2.7918285 3.1183473 2.8988470 2.8224390 3.0280650 3.0290260 3.7287885 3.3182689 3.0029482 4.1479926 2.5288685 
Halamb_c54857_g1_i2m.39370                                       1.3753526 1.1549327 1.7142387 1.4020794 1.2353258 1.1721923 0.6530354 0.5862458 0.0000000 1.7366511 2.3512384 2.1299711 2.0604260 2.1028875 2.1096324 2.1719885 2.2385594 2.2309000 2.0231701 2.0609128 2.1423610 2.2688800 2.9032225 2.3927569 2.3402353 2.2614074 2.3595386 2.3259606 4.3367365 2.4954330 2.0456376 2.0436305 2.4927913 3.0153690 2.6601275 2.5485017 2.8368213 2.4548138 2.4449083 2.4029783 2.4660886 2.4477961 2.6773548 2.6861575 2.4806122 2.4146584 2.8805267 2.5771734 2.2804960 3.1636673 2.6719685 3.0401135 2.5978581 2.5332616 3.7723175 2.3790535 2.7548353 2.8202548 3.0777871 2.9756121 2.6605792 2.6500029 2.7296626 2.9208257 2.4704097 2.8318201 2.5291290 1.8009626 2.5578535 2.5250257 2.5306509 2.5306509 2.3382517 3.2086339 2.2634599 3.5093512 2.5846986 2.9367690 2.4736043 2.5524956 2.8398517 3.1353400 2.5502885 3.2457273 2.7301748 3.1423145 3.1423145 2.8646940 3.2012992 2.8959673 2.8720907 3.2055307 3.0813036 3.7284822 3.3490118 3.2193084 4.2467188 2.5112839 
Plespi_Pspi_scaffold9951_01                                      1.4656360 1.4539398 1.5021268 1.8200608 1.4426080 1.3768676 1.6635380 1.6433072 1.7366511 0.0000000 1.8873504 1.8117337 1.7718438 1.8853656 1.8668642 1.8837874 1.8846514 1.8782899 1.9084119 1.9043106 2.0732784 2.4731951 2.1710748 2.2321797 2.0917496 2.1918833 2.2057236 2.1384905 3.9440263 2.3165859 1.8858787 1.9649593 2.2364249 1.9323106 2.0901492 2.3714501 2.2966504 1.9762403 1.9408738 1.9523204 2.0079849 2.2418204 2.1676025 2.3396812 2.1091953 2.0558950 2.0156967 2.8643075 2.8152422 2.6095317 2.2202627 2.6273317 1.9935036 2.5694260 3.2051592 2.2484146 2.5088345 2.7309758 2.7739913 2.7472365 2.6320543 2.1680865 2.7143625 2.7151458 2.2819122 2.4798219 2.0899810 2.1020861 2.8114388 2.4225514 2.4437738 2.4437738 2.2344746 2.7508663 2.0631992 3.2709960 2.6034067 2.8710773 2.7986186 2.9029089 3.6360005 2.7268096 2.4376468 2.6502167 2.5608928 2.5813154 2.5813154 2.5736035 2.8655958 2.5077048 2.4940951 2.4703873 2.4050330 2.9534574 3.4809060 2.9697291 4.4957915 3.2701568 
Bralan_BLAG14000112_1                                            1.8301443 1.4092750 2.0044899 1.8558029 1.9222896 1.7288114 2.2894265 2.1203885 2.3512384 1.8873504 0.0000000 0.8370026 0.7267228 0.8571345 0.8459613 0.8236623 0.8322107 0.8332412 0.8362317 0.9070446 0.7466808 0.6055693 1.2328325 0.8359267 0.6554962 0.7545637 0.8329009 0.7899563 1.5691437 0.7288591 1.0229618 1.1149359 1.2523593 1.2446291 1.8230542 1.4662950 1.4827917 1.2654567 1.2603935 1.2641182 1.2271261 0.9837806 1.5023500 1.5243397 1.4603734 1.3628756 1.4059135 1.4364929 1.4732636 1.7764360 1.4219268 1.6103972 1.4968769 1.3881458 2.2372022 1.3507229 1.3591004 1.9825594 1.9205304 2.0086282 1.7740729 1.7502986 1.6595570 2.1022179 1.6996105 1.8424943 1.8140376 1.3665419 1.7455353 1.5589403 1.5706073 1.5706073 1.4990195 1.9380254 1.3783708 3.1714630 2.4442916 2.3926327 1.7151255 1.7084655 1.9194138 2.1893799 1.6670350 1.9357692 1.6727490 1.7223645 1.7223645 1.7869598 2.0205460 1.7871911 1.7006634 1.8766668 1.9204286 2.0652821 2.3493406 2.2410305 3.3540018 2.1517144 
Spis_XP_022786624_1                                              1.9535599 1.5568963 1.8268695 2.1156327 1.7743736 1.7797889 2.2547534 2.1335881 2.1299711 1.8117337 0.8370026 0.0000000 0.0677667 0.1160183 0.1100816 0.1543102 0.1951240 0.1954519 0.3778040 0.3663876 0.9843544 0.9474128 1.2663079 0.9728512 0.8680364 0.9163326 0.8602787 0.9172572 2.2471126 0.9022926 0.7212360 0.7601993 1.2904414 1.5006487 1.6084846 1.4027284 1.4597264 0.9715991 0.9757553 0.9353157 0.9221840 1.0946522 1.4760373 1.4555420 1.3020940 1.3336250 1.3692754 1.7069724 1.5790127 1.6662064 1.3485633 1.6071175 1.3378432 1.0909344 1.9128305 1.1500012 1.4740522 1.8910775 1.8456373 1.9201318 1.7310496 1.3254459 1.5997083 1.8380345 1.4442004 1.6167949 1.6306374 1.1905776 1.6801468 1.5189836 1.5286073 1.5286073 1.3998951 1.8732965 1.3456234 2.4628769 2.0467632 2.0245538 1.7906259 1.6205491 1.9691667 1.9523133 1.6649239 2.0776200 1.6632035 1.6834341 1.6834341 1.6478601 1.8416039 1.6035898 1.7239264 1.8664742 1.8685855 2.2266515 2.2786301 2.3522602 3.2329595 1.9183406 
Pocdam_XM_027196941.1                                            1.9330320 1.5648253 1.8127417 2.4377097 1.8030898 1.6898008 2.1325930 1.9863165 2.0604260 1.7718438 0.7267228 0.0677667 0.0000000 0.1417766 0.1306536 0.1706389 0.2126457 0.2132025 0.3492272 0.3412893 0.8362004 1.0516849 1.1281103 0.8657039 0.7549868 0.8152555 0.7549275 0.7821956 5.9709856 0.7806592 0.7516385 0.8165597 1.2306487 1.4400777 2.2481807 1.3180937 1.4013625 0.8572847 0.8401989 0.8378302 0.8429754 0.9333594 1.3770705 1.3548679 1.2880333 1.2009698 1.3248547 1.4774707 1.3946657 1.5385181 1.3514979 1.4483864 1.1226510 1.4378787 2.7401724 1.1462538 1.2315862 1.8926080 1.6591406 1.7476902 1.6487374 1.2775131 1.5470056 1.8036216 1.4705963 1.5936896 1.5916616 1.2188033 1.4961689 1.4543627 1.4626930 1.4626930 1.3623376 1.7208503 1.3766580 2.2434612 1.9125830 1.9813499 2.0251186 1.6745662 2.3260887 1.9664049 1.6234605 2.1215872 1.6020581 1.5903826 1.5903826 1.5739639 1.8228211 1.4698204 1.7793100 1.7311571 1.7589816 2.2414150 1.8928768 1.9128913 2.8206599 3.5194210 
Gasp_gasp1.m3.12987.m1                                           1.8697983 1.5342036 1.8976153 1.9704387 1.7428373 1.7384921 2.1939871 2.1316613 2.1028875 1.8853656 0.8571345 0.1160183 0.1417766 0.0000000 0.0657238 0.1165981 0.1726856 0.1729825 0.3936685 0.3797823 0.9813108 0.9579654 1.3514577 0.9963816 0.8844778 0.9316582 0.8908516 0.9336994 2.3018867 0.9404534 0.7123040 0.7512490 1.3143273 1.4312448 1.7355519 1.4489037 1.4921641 0.9529140 0.9549379 0.9588959 0.9196708 1.1551899 1.5078764 1.4833094 1.3098051 1.3360294 1.4310997 1.7105180 1.5748420 1.6815753 1.4088286 1.5977151 1.3554793 1.0949975 1.8949851 1.1883710 1.4899619 1.8838174 1.8837450 1.9367807 1.7830679 1.5450006 1.6118856 1.8371939 1.4184897 1.6142504 1.6333798 1.1519745 1.6745193 1.5211830 1.5308834 1.5308834 1.4066566 1.9320235 1.3736007 2.5513295 2.0032827 2.0747769 1.7408168 1.6070889 1.9210952 1.9612425 1.6629567 2.0339615 1.6470306 1.7256193 1.7256193 1.6542067 1.8376827 1.6311025 1.7168568 1.8054339 1.8457722 2.1879375 2.3427516 2.2749120 3.3431185 1.8304071 
Fspp_ffun1.m4.23149.m1                                           1.9069470 1.5390743 1.9265160 2.0097941 1.7226140 1.7512564 2.1717060 2.1188644 2.1096324 1.8668642 0.8459613 0.1100816 0.1306536 0.0657238 0.0000000 0.1202612 0.1544230 0.1546889 0.4075862 0.3700375 0.9889842 1.0238159 1.2804826 0.9959946 0.8770345 0.9300276 0.8678041 0.8994051 2.0706655 0.9155501 0.6979405 0.7191023 1.3324563 1.4161564 1.6245176 1.4257173 1.4930563 0.9764758 0.9514389 0.9612718 0.8958317 1.1159825 1.4861664 1.4833978 1.3127947 1.3650159 1.4122307 1.7590870 1.6675116 1.6957941 1.4079530 1.6556327 1.3401612 1.1604507 1.9399244 1.1817860 1.4780792 1.9655201 1.9074060 1.9894160 1.7522615 1.3123836 1.6088743 1.8626182 1.4398374 1.5878136 1.5993344 1.1834141 1.6703266 1.5133503 1.5229647 1.5229647 1.3872426 1.8244235 1.3387098 2.4915831 1.9794698 2.0486993 1.6936483 1.5887308 1.8770145 1.9062765 1.5907552 1.9763888 1.5870916 1.6682624 1.6682624 1.6396047 1.8196419 1.5724620 1.6630343 1.8104903 1.8251665 2.1628419 2.3080084 2.3288839 3.2112029 1.8414064 
Gfas_gfas1.m1.15455.m1                                           1.9162924 1.5085112 1.9587339 1.9680555 1.7646645 1.7440948 2.2224187 2.0963609 2.1719885 1.8837874 0.8236623 0.1543102 0.1706389 0.1165981 0.1202612 0.0000000 0.1456027 0.1458590 0.4091083 0.3922210 0.9872540 0.9830094 1.3213522 0.9924781 0.8801842 0.9058248 0.9058113 0.8449894 1.9059846 0.9150249 0.6911705 0.7492221 1.2982583 1.4141269 1.7034338 1.4239640 1.5057361 1.0022656 0.9891667 0.9828159 0.9338896 1.1625823 1.5283328 1.5140741 1.3574434 1.3410093 1.4421095 1.7101959 1.6018802 1.6638826 1.3583628 1.6472763 1.3084351 1.0607896 1.9114188 1.2065411 1.5406960 1.9261367 1.9401892 2.0000788 1.8054573 1.5156690 1.6301135 1.8904023 1.4809229 1.6526369 1.6893294 1.1229525 1.6524880 1.5035611 1.5130887 1.5130887 1.3983335 1.7520911 1.3240376 2.4300050 1.9443168 2.0161033 1.6324082 1.5202871 1.7273082 1.9062440 1.6355036 2.0370680 1.6217788 1.6873701 1.6873701 1.6143296 1.8003288 1.5882277 1.6188891 1.7838511 1.8379165 2.2918221 2.3934477 2.3230528 3.2944908 1.9590329 
Amil_Amillepora00096-RA                                          1.9138224 1.5037526 1.8821100 2.1295693 1.7596878 1.7911066 2.3448073 2.2564761 2.2385594 1.8846514 0.8322107 0.1951240 0.2126457 0.1726856 0.1544230 0.1456027 0.0000000 0.0019092 0.4312240 0.4326085 1.0168311 0.9478835 1.2487880 1.0098869 0.9233904 0.8887807 0.8835863 0.9059335 1.8738373 0.9541886 0.7333342 0.7958615 1.3421697 1.3454951 1.6630252 1.4582494 1.5547604 1.0278046 1.0163997 0.9873951 0.9179081 1.1939237 1.5368528 1.5369672 1.3231912 1.3777719 1.4271872 1.6593999 1.6578339 1.7233334 1.4152711 1.6228304 1.3250868 1.1175105 2.0101793 1.2313270 1.5007345 1.9468199 1.8846282 1.9586900 1.7463270 1.3291984 1.6805768 1.8637767 1.4971191 1.6741492 1.6314046 1.0970438 1.6611520 1.5006328 1.5101552 1.5101552 1.4004758 1.8176425 1.2841838 2.6302904 2.0605856 2.0933508 1.8050279 1.6126180 1.9396213 1.9159395 1.6727430 2.0592607 1.6434989 1.7040838 1.7040838 1.6696382 1.8657915 1.6383672 1.6866648 1.8345371 1.9087958 2.2742726 2.3061730 2.3378134 3.2933498 1.8804263 
Adig_XM_015900144.1                                              1.9202571 1.5037526 1.8992672 2.1295693 1.7656822 1.7971372 2.3369627 2.2471439 2.2309000 1.8782899 0.8332412 0.1954519 0.2132025 0.1729825 0.1546889 0.1458590 0.0019092 0.0000000 0.4318552 0.4332366 1.0201391 0.9478835 1.2542176 1.0116584 0.9245040 0.8923477 0.8871214 0.9095272 1.8738373 0.9559084 0.7355701 0.7973526 1.3372330 1.3835851 1.6630252 1.4622820 1.5554033 1.0310462 1.0196112 0.9910962 0.9209796 1.1974801 1.5315904 1.5316338 1.3184301 1.3793671 1.4282710 1.6593999 1.6578339 1.7233334 1.4103919 1.6173748 1.3301078 1.1175105 2.0137120 1.2326883 1.4955207 1.9535015 1.8780537 1.9518710 1.7523808 1.3477671 1.6878403 1.8701039 1.5012383 1.6800325 1.6327740 1.0970438 1.6620174 1.5013668 1.5108958 1.5108958 1.4012799 1.8195572 1.2849358 2.6307849 2.0611365 2.0942400 1.8050279 1.6126180 1.9396213 1.9169989 1.6727430 2.0592607 1.6434989 1.7090221 1.7090221 1.6742166 1.8711657 1.6431167 1.6866648 1.8393197 1.9137115 2.2796744 2.3087512 2.3434873 3.2933498 1.8804263 
Exapal_XM_021045247.2                                            1.9946467 1.6626299 2.0672484 1.9600941 1.7485759 1.7002652 2.3047059 2.0368864 2.0231701 1.9084119 0.8362317 0.3778040 0.3492272 0.3936685 0.4075862 0.4091083 0.4312240 0.4318552 0.0000000 0.3302872 0.9781523 0.9334961 1.2367803 0.9352184 0.8293570 0.9269419 0.8684141 0.9244044 2.4573453 0.9484931 0.7873120 0.8023351 1.2207883 1.2306917 1.8095305 1.3136949 1.3591437 1.0189996 0.9903122 0.9453988 1.0119874 1.1163207 1.3940188 1.4485512 1.2934729 1.2126426 1.3935349 1.5693981 1.4994494 1.5925155 1.2786405 1.5081657 1.3500928 1.2076947 2.0036285 1.1958129 1.4381652 1.8259770 1.8540112 1.8968030 1.6840267 1.3064287 1.6329118 1.8274458 1.3969039 1.6059229 1.4488078 1.1839829 1.7031002 1.5380017 1.5518671 1.5518671 1.4506085 1.7502981 1.3808507 2.6681844 2.0661931 2.0915989 1.8075982 1.6435055 1.8744440 1.8983250 1.5775826 1.8849290 1.5802086 1.7065513 1.7065513 1.5959193 1.7901005 1.5870083 1.7202991 1.8237170 1.8483360 2.3016965 2.0980505 2.1225013 3.1416796 1.7687385 
Nvec_v1g181564                                                   1.9889178 1.7248563 1.9068872 2.1705419 1.6943721 1.7722307 2.1899513 1.9590954 2.0609128 1.9043106 0.9070446 0.3663876 0.3412893 0.3797823 0.3700375 0.3922210 0.4326085 0.4332366 0.3302872 0.0000000 0.9870022 0.9967663 1.2219440 0.9517644 0.9501564 0.9705486 0.9212579 0.9165316 2.0788412 0.9631504 0.7724959 0.7865131 1.3428048 1.6432449 1.5256557 1.3650040 1.4113775 1.0120407 0.9924264 0.9643731 1.0135691 1.1142402 1.4775263 1.4957875 1.4123935 1.3031659 1.4384486 1.6430163 1.5605067 1.7057352 1.4308437 1.5374435 1.4275245 1.2101244 2.0009956 1.1550574 1.5641741 1.8918867 1.8462822 1.9243074 1.6959969 1.3099845 1.6595463 1.7485237 1.4044655 1.6369807 1.5866309 1.1425084 1.7439594 1.6372175 1.6475727 1.6475727 1.5559401 1.9448027 1.4622319 2.6892933 2.2414672 2.1360978 1.8884500 1.6977212 1.9121278 2.0313377 1.5400773 1.7438739 1.5142903 1.7245275 1.7245275 1.6612310 1.8421390 1.6153514 1.6687445 1.7592632 1.8427165 2.2464232 2.1609464 2.2190752 3.2924300 1.9371487 
Spur_XM_030981537.1                                              1.8838894 1.6441824 1.8954062 2.0509208 1.9379928 1.7908133 2.1303160 1.9900069 2.1423610 2.0732784 0.7466808 0.9843544 0.8362004 0.9813108 0.9889842 0.9872540 1.0168311 1.0201391 0.9781523 0.9870022 0.0000000 0.5417014 1.3361705 0.8677279 0.8393047 0.7898937 0.7743353 0.9121688 1.4030430 0.9286477 1.1454022 1.2209776 1.2811546 1.5224188 1.7342377 1.4206242 1.4786465 1.3509440 1.3747066 1.3669947 1.4073800 1.0016573 1.4544954 1.5218790 1.4075354 1.2903583 1.4474758 1.5526126 1.4804292 1.7676094 1.4877051 1.6538399 1.4157587 1.7231022 2.5611299 1.4325876 1.3118104 1.9153202 1.7967484 1.8396773 1.7403242 1.6170402 1.7562158 2.1349263 1.7372330 1.7714050 1.9805945 1.3092751 1.7858338 1.6675076 1.6779981 1.6779981 1.5493539 2.0958587 1.4109896 3.1940694 2.4179009 2.4219872 1.6157318 1.6644064 1.7623783 2.1328557 1.5721326 1.8099398 1.5751337 1.8166652 1.8166652 1.7225822 1.9771628 1.7378274 1.7144111 1.9008758 1.9708358 2.4123475 2.4316275 2.2731809 3.1795879 1.7520357 
Ctel_gnl_WGS_AMQN_CAPTEDRAFT_mRNA112734                          1.7308321 0.0000010 0.0000010 1.6061599 2.1169322 1.7897609 1.9565824 2.0090055 2.2688800 2.4731951 0.6055693 0.9474128 1.0516849 0.9579654 1.0238159 0.9830094 0.9478835 0.9478835 0.9334961 0.9967663 0.5417014 0.0000000 1.4863405 0.0608651 0.6000343 0.6195430 0.6380574 0.5560482 0.8747678 0.6173213 0.9361565 1.0832564 1.8900443 0.0000010 3.4424327 1.9082526 1.6111361 1.4289589 1.5872503 1.5022035 1.4716836 0.7185517 1.9612812 1.9641083 1.8208904 1.4502663 2.0163549 2.2913764 4.2361340 1.6967077 1.6967077 2.1057644 1.6662311 0.0000010 8.3378844 1.3117697 0.9449818 2.0478116 2.7202953 2.3367144 2.6053457 0.0000010 2.8986789 3.2767431 1.6194879 1.6194879 2.2531248 1.3198641 1.2705757 1.3348576 1.3637153 1.3637153 1.3571206 0.0000010 1.1892188 8.0610754 0.0000010 1.5269875 1.4124903 1.8274763 1.8274763 1.8028715 2.3574943 2.3574943 2.3574943 2.2036205 2.2036205 2.0104867 1.9527947 2.0525334 2.2386287 2.2386287 2.4935774 3.4825355 3.5000538 2.3803861 4.9779232 1.7264285 
Ctel_gnl_WGS_AMQN_CAPTEDRAFT_mRNA112715                          2.2478529 0.0000010 2.3129563 3.6668552 2.4724077 2.3014268 3.0341864 3.0978050 2.9032225 2.1710748 1.2328325 1.2663079 1.1281103 1.3514577 1.2804826 1.3213522 1.2487880 1.2542176 1.2367803 1.2219440 1.3361705 1.4863405 0.0000000 0.1303856 1.0267860 0.9735233 1.0108674 1.4252968 2.6160287 1.3240072 1.3310231 1.3928429 1.7731445 0.8389924 1.4695700 1.7471803 2.0389826 1.7453065 1.7398310 1.8955859 1.8058230 1.5528909 2.0183234 2.1174261 1.7732641 1.8664569 1.4152440 3.4870048 3.3191057 5.3440977 1.8365632 1.9170164 1.7743066 1.4978181 1.7124350 1.6490797 2.0056264 2.5179040 2.5119017 2.7929601 2.0950138 1.7039513 2.0836311 2.2390946 1.7872150 1.8232688 1.5807264 3.1467244 2.4618341 2.3068616 2.2978992 2.2978992 2.2340179 2.1638468 1.7348920 3.2937343 2.7579566 3.1404141 4.2717166 6.0082341 6.0082341 2.6486437 6.2195627 6.4313815 6.4313815 2.5266064 2.5266064 2.1004516 2.0888707 2.3963413 6.8223253 2.7843428 2.6937593 2.2238915 2.8727979 4.3915508 8.9999982 5.2626663 
Ctel_gnl_WGS_AMQN_CAPTEDRAFT_mRNA173883                          2.0065723 1.5510759 2.1403393 2.0899808 2.0927649 1.9437210 2.4294943 2.2481669 2.3927569 2.2321797 0.8359267 0.9728512 0.8657039 0.9963816 0.9959946 0.9924781 1.0098869 1.0116584 0.9352184 0.9517644 0.8677279 0.0608651 0.1303856 0.0000000 0.8125260 0.7236119 0.7326122 0.7702266 1.2090568 0.8508420 1.1541695 1.2465594 1.3601079 1.2676217 1.6444359 1.4354257 1.4495698 1.4261030 1.4285275 1.5085523 1.4105229 0.9808528 1.5277727 1.5818396 1.3921094 1.3944654 1.4272738 1.5862336 1.5034019 1.7248981 1.5137738 1.6131391 1.6073821 1.4482910 2.2337214 1.4515150 1.4432486 2.0461184 1.9645499 2.0836055 1.9386961 1.7300323 1.7760859 2.1684619 1.6763002 1.8318791 1.5877037 1.3783153 1.8796876 1.7815793 1.7928315 1.7928315 1.6626345 2.2650461 1.5119925 2.9792937 2.2851707 2.2329506 1.7819209 1.9243881 2.2229180 2.2406622 1.6624911 1.9226907 1.6288333 1.8005556 1.8005556 1.7544248 1.9816836 1.7872848 1.7031412 1.8796377 1.9906375 2.2504903 2.5234445 2.3892002 3.3020395 2.3268974 
Hsap_ENST00000356221                                             1.8837053 1.4785713 1.9932114 1.9551921 2.0397478 1.8588225 2.3560801 2.1587800 2.3402353 2.0917496 0.6554962 0.8680364 0.7549868 0.8844778 0.8770345 0.8801842 0.9233904 0.9245040 0.8293570 0.9501564 0.8393047 0.6000343 1.0267860 0.8125260 0.0000000 0.7609524 0.8009552 0.8173844 2.3186077 0.7977631 1.0683722 1.1002499 1.2718293 1.1578706 1.8613497 1.5352976 1.4663924 1.2566212 1.2473716 1.2946989 1.2938478 0.9661325 1.4565891 1.5622233 1.4533282 1.3183344 1.4719622 1.6934712 1.6863287 1.8070028 1.5549031 1.6843101 1.5231675 1.3634032 2.0851927 1.3725924 1.3958762 1.9087892 2.0271180 2.0518274 1.8444429 1.9458773 1.6453947 2.0788503 1.6246401 1.7319387 1.7530687 1.3599887 1.7899033 1.5838622 1.5936509 1.5936509 1.5207607 2.1860214 1.3700374 2.7626772 2.2420647 2.1603093 1.6012487 1.6581214 1.8401955 2.0708975 1.8795036 2.2464851 1.8500994 1.8221352 1.8221352 1.7107212 1.8958762 1.7473874 1.8267728 2.0261385 2.0708597 2.2011324 2.2767882 2.4866868 3.4713511 1.8336957 
Cgig_XM_011413804.3                                              1.9138141 1.6153475 1.8302213 2.0815253 2.0380535 1.8570244 2.3882715 2.1945451 2.2614074 2.1918833 0.7545637 0.9163326 0.8152555 0.9316582 0.9300276 0.9058248 0.8887807 0.8923477 0.9269419 0.9705486 0.7898937 0.6195430 0.9735233 0.7236119 0.7609524 0.0000000 0.5884349 0.7618456 1.3360037 0.7917299 1.1908418 1.2014271 1.3100303 1.3669169 1.7618430 1.5579662 1.5972826 1.3639796 1.3444847 1.3419152 1.3206008 1.0324912 1.5920056 1.6020613 1.3482812 1.3637540 1.5563278 1.5207597 1.5367475 1.9025435 1.5539111 1.7563600 1.4505930 1.6205891 2.2404460 1.5478903 1.4005565 2.0532696 2.1168906 2.2530893 1.8248766 1.8970853 1.9054341 2.1738429 1.7699129 1.9651579 1.8595933 1.3630922 1.7862226 1.6107870 1.6208595 1.6208595 1.5159566 2.1096511 1.4788227 3.1455844 2.2815795 2.2566327 1.7747930 1.8605349 2.1546554 2.3029350 1.5934992 1.8127945 1.5712354 1.7631491 1.7631491 1.6925713 1.9055579 1.6268371 1.6950226 1.8248739 1.8856192 2.0246580 2.5389523 2.5676755 3.6543882 2.4345934 
Acagra_model.g16916.t1_model.g16918.t1                           2.0926065 1.6739701 2.2493273 1.9260382 2.0469793 1.8614493 2.4955879 2.2930757 2.3595386 2.2057236 0.8329009 0.8602787 0.7549275 0.8908516 0.8678041 0.9058113 0.8835863 0.8871214 0.8684141 0.9212579 0.7743353 0.6380574 1.0108674 0.7326122 0.8009552 0.5884349 0.0000000 0.7632122 1.2467781 0.9121185 1.0667318 1.1951680 1.2321906 1.1847211 1.7794362 1.4356896 1.4360805 1.3720410 1.3787773 1.3677193 1.2543260 0.9734248 1.4086445 1.4322127 1.3447260 1.3224622 1.4405586 1.6004455 1.5638249 1.7290624 1.4632055 1.6493737 1.4741233 1.5280775 2.3550789 1.4008406 1.4443443 2.0238172 2.0339251 2.1461536 1.7325098 1.7410485 1.7097262 2.1895036 1.7067486 1.8726294 1.5724329 1.4990942 1.9138990 1.6755496 1.6859827 1.6859827 1.5619806 2.0610181 1.5320208 3.0911743 2.5594849 2.3071582 1.6440038 1.8085538 2.0236847 2.2093007 1.5417055 1.6391238 1.5161735 1.7096587 1.7096587 1.7429592 1.9301914 1.7489491 1.5996100 1.8222748 1.9499431 2.2796449 2.3581530 2.3340912 3.1403116 2.1358020 
Cscu_XM_023364646.1                                              1.9542943 1.6457658 1.8644787 1.7907419 1.9771006 1.8493146 2.1635675 2.0667066 2.3259606 2.1384905 0.7899563 0.9172572 0.7821956 0.9336994 0.8994051 0.8449894 0.9059335 0.9095272 0.9244044 0.9165316 0.9121688 0.5560482 1.4252968 0.7702266 0.8173844 0.7618456 0.7632122 0.0000000 0.0000010 0.8840668 1.0736881 1.2370317 1.2645597 0.9128496 1.6010497 1.3799051 1.5229094 1.3826053 1.3483599 1.4024923 1.2827624 0.8557842 1.5072290 1.5107612 1.4018082 1.3503702 1.4625377 1.4688729 1.4331812 1.6674575 1.5325091 1.6761273 1.4333584 2.3079487 2.6491117 1.5143928 1.2732796 2.0014734 2.0012347 2.1022280 1.8921440 2.2906956 1.6661614 2.0797528 1.6155404 1.6367447 1.7408592 1.2387400 1.7159481 1.5160404 1.5295306 1.5295306 1.4480009 2.2219309 1.4048710 2.9475970 2.2340530 2.0929684 1.6516821 1.8957623 2.0849535 2.0471917 1.8182027 2.2346736 1.8235348 1.8491865 1.8491865 1.8046812 2.0242807 1.7141835 1.8328717 1.9313048 1.9594817 2.0759582 2.4740653 1.9196303 3.1001748 2.5020408 
Cscu_XM_023357237.1                                              5.1402265 0.0000010 0.0000010 3.2790882 5.4858377 4.2135011 3.3950761 3.3582161 4.3367365 3.9440263 1.5691437 2.2471126 5.9709856 2.3018867 2.0706655 1.9059846 1.8738373 1.8738373 2.4573453 2.0788412 1.4030430 0.8747678 2.6160287 1.2090568 2.3186077 1.3360037 1.2467781 0.0000010 0.0000000 1.8182066 2.0655219 3.1229373 2.2443312 0.0000010 1.3282579 2.4729094 1.9030957 3.5081692 3.5206982 3.3699143 3.5466529 1.4222506 2.4928649 2.6403688 2.3523634 2.3368175 0.0000010 2.0817767 8.9999988 3.3500875 3.3500875 2.8800598 4.0722554 0.0000010 1.0391358 2.4764332 2.3151690 1.7866328 2.0011237 2.8298475 3.2795702 0.0000010 4.5627549 3.6050622 2.8840526 2.8840526 0.0000010 2.2890350 3.1683586 1.4678795 1.4678795 1.4678795 1.5914151 0.0000010 1.6416711 8.9999985 0.0000010 3.1301430 2.6788352 3.8593864 3.3791485 3.8708191 4.5031105 4.5031105 4.5031105 3.4727445 3.4727445 4.1503086 4.3305932 3.4567236 4.0556705 4.0556705 3.8796339 5.3125705 5.7985218 2.7492053 7.8208452 4.1826410 
Skow_XM_006819519.1                                              2.0177276 1.3970601 2.5443936 1.8402236 2.1005188 1.8259473 2.3625468 2.3136131 2.4954330 2.3165859 0.7288591 0.9022926 0.7806592 0.9404534 0.9155501 0.9150249 0.9541886 0.9559084 0.9484931 0.9631504 0.9286477 0.6173213 1.3240072 0.8508420 0.7977631 0.7917299 0.9121185 0.8840668 1.8182066 0.0000000 1.1422602 1.1651006 1.4219303 1.8233843 1.7108078 1.6329311 1.5920081 1.4626183 1.4331730 1.4785788 1.3917579 1.1843795 1.7406363 1.6733510 1.6600545 1.4792578 1.7118469 1.5082720 1.6796547 1.8512994 1.6458710 1.7985528 1.5735246 1.6197363 2.3129579 1.5250310 1.5305125 2.2604030 2.2502798 2.2531037 2.0454945 2.1065759 1.9830713 2.1841348 1.6667262 1.8677367 1.8935659 1.3133030 1.7039304 1.5167861 1.5269526 1.5269526 1.4711232 1.9788959 1.4099341 2.8051528 2.2964913 2.1413344 1.5610233 1.6285005 1.8614303 1.9716252 1.7785376 2.1927708 1.7856764 1.9981109 1.9981109 1.9264715 2.1723961 1.9909273 1.7794870 2.0660329 2.2513239 2.3056700 2.5168539 2.3868697 3.3678962 1.9211344 
Dgig_XM_028548073.1                                              1.9752351 1.6473213 2.2035594 1.9534080 1.7757957 1.7779087 2.1064331 1.8635432 2.0456376 1.8858787 1.0229618 0.7212360 0.7516385 0.7123040 0.6979405 0.6911705 0.7333342 0.7355701 0.7873120 0.7724959 1.1454022 0.9361565 1.3310231 1.1541695 1.0683722 1.1908418 1.0667318 1.0736881 2.0655219 1.1422602 0.0000000 0.3031406 1.5223703 1.6354602 1.9119169 1.5789430 1.5581530 1.2419330 1.2191222 1.2065517 1.2086176 1.3330233 1.6008505 1.6188779 1.5229982 1.4573993 1.5537755 1.6807845 1.5500960 1.9373959 1.6241772 1.7424608 1.4016223 1.3719917 2.1740435 1.3424820 1.5720961 2.1936076 1.9593900 1.9051292 1.8776460 1.4189000 1.8807132 2.0042754 1.6311115 1.7545869 1.7710268 1.2636266 1.9329311 1.6788523 1.6911768 1.6911768 1.6031939 2.1907864 1.5301507 2.3998629 2.0326018 2.0479706 1.6011417 1.6791257 2.0902192 2.0211537 1.9337258 2.3418097 1.8968249 2.2947152 2.2947152 2.1118235 2.3466275 2.2138697 2.1265972 2.3826447 2.3227679 2.7982154 2.5836376 2.3623613 3.7148201 2.3097969 
Xesp_001150-T1                                                   2.1115708 1.5938213 2.3869819 2.0645250 1.8169566 1.9330908 2.2435042 1.9137829 2.0436305 1.9649593 1.1149359 0.7601993 0.8165597 0.7512490 0.7191023 0.7492221 0.7958615 0.7973526 0.8023351 0.7865131 1.2209776 1.0832564 1.3928429 1.2465594 1.1002499 1.2014271 1.1951680 1.2370317 3.1229373 1.1651006 0.3031406 0.0000000 1.5478008 1.9333315 1.7645171 1.6132809 1.5696729 1.3208419 1.3041013 1.2756386 1.2298200 1.4503188 1.6595256 1.6702272 1.5686217 1.4514067 1.7013782 1.6365738 1.4978905 1.9187424 1.6734518 1.8410014 1.3887702 1.2609685 1.9912570 1.3327833 1.5460225 2.0159273 2.0488274 2.0554402 1.9826280 1.5846381 2.0331605 2.0126162 1.6118653 1.7793249 1.7795263 1.3413015 1.8928876 1.6878381 1.7018339 1.7018339 1.6272025 2.2022894 1.5418803 2.5618634 2.0974433 2.1481707 1.7623822 1.7634152 2.2483412 2.1938704 2.0265933 2.5215358 2.0240511 2.3900462 2.3900462 2.2474669 2.4571112 2.2292684 2.2907133 2.4454811 2.4345576 2.7365853 2.4943014 2.4465093 4.1473113 2.1956082 
Didcos_EP00039_Didymoeca_costata_P027951                         2.0462753 1.6871946 2.1893178 2.3499777 1.9885247 1.8653409 2.6701769 2.3017195 2.4927913 2.2364249 1.2523593 1.2904414 1.2306487 1.3143273 1.3324563 1.2982583 1.3421697 1.3372330 1.2207883 1.3428048 1.2811546 1.8900443 1.7731445 1.3601079 1.2718293 1.3100303 1.2321906 1.2645597 2.2443312 1.4219303 1.5223703 1.5478008 0.0000000 1.0403054 1.4190847 1.0409889 1.0058195 1.6313648 1.6385095 1.6087116 1.6276665 1.4364353 0.9469880 0.9756625 0.9026928 0.9025789 1.0831180 1.0799423 1.1611626 1.0809705 0.9402736 1.2201674 1.7441201 2.1440258 3.1048277 1.8661344 1.5553251 1.2423743 1.6764868 1.6962365 1.3720239 1.5357368 1.0804414 1.5089021 1.7107127 1.8326712 1.5724103 1.5654493 2.1450889 2.0409440 2.0578945 2.0578945 1.9844808 2.5363111 1.9185476 2.7577138 2.3751374 2.2627697 2.4363333 2.1457538 2.9721981 2.1696708 2.0398850 2.4587087 2.0632456 2.1457373 2.1457373 1.9673267 2.1968589 1.9145218 1.9595976 2.0770706 2.1099630 2.3036252 1.9078834 1.7798531 4.0228344 2.4336475 
Salmac_EP00052_Salpingoeca_macrocollata_P018554                  2.3081721 0.0000010 2.4882892 0.0000010 2.2917420 1.6949783 2.7356219 2.7098400 3.0153690 1.9323106 1.2446291 1.5006487 1.4400777 1.4312448 1.4161564 1.4141269 1.3454951 1.3835851 1.2306917 1.6432449 1.5224188 0.0000010 0.8389924 1.2676217 1.1578706 1.3669169 1.1847211 0.9128496 0.0000010 1.8233843 1.6354602 1.9333315 1.0403054 0.0000000 0.0000010 0.1397883 0.7093701 1.6468467 1.6128324 1.7370788 1.3970971 1.3242791 1.1137196 1.0794372 1.2235971 1.1778347 0.9513468 0.0000010 0.0000010 3.3266059 1.2000891 1.3594824 1.5299981 4.2845511 2.2685638 1.7266440 1.6254439 2.1292840 1.6518652 1.8190424 1.5679613 1.1193097 1.3201056 2.0006046 1.5367782 1.5367782 1.6224366 0.0000010 2.3520212 2.2204295 2.2204295 2.2204295 2.3445079 2.1470956 2.1470956 2.1729598 2.8996017 2.5193194 0.0000010 0.0000010 0.0000010 2.4332937 0.0000010 0.0000010 0.0000010 2.1913540 2.1913540 1.6867209 1.7260799 1.8099597 5.6976762 2.1665986 1.9776638 2.0386692 2.0430861 2.1554984 6.0193063 0.0000010 
Salmac_EP00052_Salpingoeca_macrocollata_P018553                  2.2064632 1.1667588 2.0904604 8.9999990 2.3506295 1.9574504 2.8342034 3.7972837 2.6601275 2.0901492 1.8230542 1.6084846 2.2481807 1.7355519 1.6245176 1.7034338 1.6630252 1.6630252 1.8095305 1.5256557 1.7342377 3.4424327 1.4695700 1.6444359 1.8613497 1.7618430 1.7794362 1.6010497 1.3282579 1.7108078 1.9119169 1.7645171 1.4190847 0.0000010 0.0000000 0.1381467 1.3946547 2.1237568 2.3121121 2.1429295 1.8308804 2.2573316 1.6304299 1.6317394 1.6421448 1.3643458 1.0458640 2.9713766 2.4051558 4.4008438 1.5139899 1.4289928 2.0870078 1.6732041 1.7421562 2.1672028 2.7394944 1.5518505 2.2637019 2.3527826 1.9402112 1.2819343 4.3236391 1.6866289 2.0387394 4.2142518 1.6928656 5.6477161 2.5606621 2.1394508 2.1232425 2.1232425 2.8446726 2.1619338 4.0216315 3.2097480 2.5961451 3.1074371 0.0000010 8.7701079 9.0000000 8.3434743 8.6512752 9.0000000 8.9999988 3.1468463 3.1468463 2.7159210 2.8237439 3.3974086 8.5203095 3.3802625 2.9549986 2.5371875 2.9465485 4.0743759 7.7156504 9.0000000 
Salmac_EP00052_Salpingoeca_macrocollata_P018556                  2.1522736 1.5435479 2.2359452 2.8575440 2.1609958 1.9409534 2.5920455 2.3534589 2.5485017 2.3714501 1.4662950 1.4027284 1.3180937 1.4489037 1.4257173 1.4239640 1.4582494 1.4622820 1.3136949 1.3650040 1.4206242 1.9082526 1.7471803 1.4354257 1.5352976 1.5579662 1.4356896 1.3799051 2.4729094 1.6329311 1.5789430 1.6132809 1.0409889 0.1397883 0.1381467 0.0000000 0.8783191 1.7831459 1.7917118 1.7342156 1.8407097 1.6280435 1.1479414 1.1547952 1.2154938 1.0050046 1.0183929 1.3615155 1.3304042 1.1982686 1.0025134 1.2695753 1.8667030 1.8606973 2.8678309 1.9952125 1.9390901 1.5642548 1.6566475 1.6976039 1.3761746 1.3452927 1.1621456 1.5036436 2.0460254 2.1944794 2.3753567 1.6398308 2.3535632 2.2037784 2.2186373 2.2186373 2.2651257 2.4503800 2.1761527 2.9622115 2.4813541 2.5649151 2.7089344 2.3456205 3.2201698 2.4477234 2.5263299 3.0809854 2.5403103 2.3577111 2.3577111 2.2375059 2.5375962 2.2718260 2.3649044 2.4161779 2.4170345 2.6613141 2.0001146 1.9142300 4.3594895 2.6412782 
Salpun_EP00053_Salpingoeca_punica_P019731                        2.3026125 1.6932449 2.5108584 2.9257651 2.2118776 2.0586258 2.7727357 2.6882647 2.8368213 2.2966504 1.4827917 1.4597264 1.4013625 1.4921641 1.4930563 1.5057361 1.5547604 1.5554033 1.3591437 1.4113775 1.4786465 1.6111361 2.0389826 1.4495698 1.4663924 1.5972826 1.4360805 1.5229094 1.9030957 1.5920081 1.5581530 1.5696729 1.0058195 0.7093701 1.3946547 0.8783191 0.0000000 1.8500822 1.8277825 1.8440322 1.8763384 1.6617281 1.0540886 1.0752339 1.1488514 0.9007208 0.9830130 1.0229920 1.1283415 1.0129010 0.9475945 1.2216475 1.8248376 2.5301310 3.2743695 1.9783379 1.9142588 1.3657352 1.6362726 1.5711291 1.4898847 1.7643589 1.3352779 1.4663333 1.8931974 2.0279375 1.9339504 1.5776385 2.4763295 2.4194771 2.4406727 2.4406727 2.2024865 2.8441734 2.1043449 2.7649864 2.3601962 2.4683687 3.1889813 2.2741940 3.0394249 2.3016928 1.9918486 2.3856382 2.0002249 2.2979692 2.2979692 2.1491400 2.4576116 2.1235214 2.0033469 2.3368952 2.2314365 3.0279166 1.8162294 1.7994997 3.7195425 2.4046255 
Nemnom_g12787.t1                                                 2.1369310 1.9707001 2.1467733 2.3858781 2.0597706 1.9267412 2.4535472 2.3866776 2.4548138 1.9762403 1.2654567 0.9715991 0.8572847 0.9529140 0.9764758 1.0022656 1.0278046 1.0310462 1.0189996 1.0120407 1.3509440 1.4289589 1.7453065 1.4261030 1.2566212 1.3639796 1.3720410 1.3826053 3.5081692 1.4626183 1.2419330 1.3208419 1.6313648 1.6468467 2.1237568 1.7831459 1.8500822 0.0000000 0.0746612 0.2740393 0.4956622 1.4882519 1.8874867 1.8090321 1.6402423 1.7181425 1.6376098 2.0719750 1.9042675 2.0690113 1.7956175 1.9474385 1.1315122 1.2972311 2.2382680 1.2456941 1.8162371 2.2925742 2.3821776 2.3260364 2.0110633 1.6552215 1.9594053 2.1648013 1.8063406 2.0124448 1.9358720 1.6250541 1.9621849 1.7527250 1.7636883 1.7636883 1.6673407 2.2557804 1.6079388 3.0309874 2.8197229 2.5060106 2.4040274 2.2510225 2.7757919 2.3611949 2.3418162 2.7159631 2.2726650 2.3582442 2.3582442 2.2766337 2.5066961 2.2626947 2.2877668 2.4543969 2.4379395 2.6384739 2.6760020 2.4623269 3.8585148 2.2036664 
