108
Nvec_v1g128989                                          0.0000000 0.0000010 0.0173734 0.0000010 1.3326673 1.7056265 1.8058905 1.1014985 1.9104375 2.2576520 2.2658443 3.2259182 3.3222871 0.0000010 3.8976420 3.2964262 4.0251079 2.4150210 2.5487282 2.7374142 1.8219812 2.3339434 0.0000010 3.1242601 2.5308489 2.3531893 3.3213652 2.6500468 2.9564461 3.0652275 3.2395004 1.8652821 3.8053777 4.0578226 0.0000010 5.0288551 5.3299412 3.2277027 6.0153481 5.6437935 5.5727903 2.7361322 4.0706776 3.9997826 3.9159365 3.4861105 3.4861105 3.4861105 2.6452975 2.6452975 2.5740808 3.4279298 6.9093155 6.9141558 2.4105975 4.2458226 5.0356829 7.1647660 5.0319306 5.7597957 5.7275851 3.6125085 5.2271783 5.5923138 3.0632001 3.5730806 6.0273441 7.2990549 3.7338116 2.8746360 4.6737600 2.6094953 5.2048021 3.9040701 3.1880462 6.0690960 3.5074612 3.4790517 3.5079739 3.4375351 4.7916380 5.4551945 5.2531232 5.2531232 5.2531232 1.4090666 5.2694396 5.0836152 5.1915118 4.2533570 3.9221364 4.1921155 4.3526515 3.7891526 3.8729403 2.8918135 5.3084404 6.0210783 8.4236642 3.7252179 3.2774858 8.9999988 6.5207245 3.9590349 3.9881429 3.3520672 1.7458188 7.0627841 
Nvec_v1g129041                                          0.0000010 0.0000000 0.0143896 0.2311282 0.2840463 0.4583270 0.4657450 0.4576405 0.4537365 0.6569481 0.4847643 1.0178948 1.0326737 0.7250937 1.2922727 0.9162955 1.1853523 0.9776075 0.8780990 1.0531221 1.5190811 1.1364796 0.9467812 0.9131417 0.9278654 0.9472455 0.9012621 1.1884958 1.1366613 1.1760476 1.1306549 1.0383313 1.5613305 1.6337790 1.1673951 1.2310961 1.2298058 1.3244530 1.3244530 1.2752519 1.2741036 1.2187911 1.2232989 1.2600851 1.2600851 1.2417171 1.2329883 1.2329883 1.2665048 1.2665048 1.2935949 1.2935949 1.4533615 1.5356235 1.3192052 1.2664997 1.3280501 1.4871590 1.4366321 1.7120635 1.4749401 1.3258565 1.5949015 1.7378006 1.5658954 1.3060265 1.6525488 1.5463202 1.0839760 1.1851703 2.8078160 1.0747555 1.5070172 1.3902198 1.3902198 1.5633525 1.5269183 1.5269183 1.5226750 1.4795399 1.4648621 1.6439559 1.5637986 1.5637986 1.7771248 1.3412597 1.4249912 1.4008279 1.5112701 1.1753986 1.7636208 1.6228133 1.5533286 1.3359781 1.4246100 1.2153305 1.8755711 1.5551432 1.6358711 1.3264504 1.5647696 1.3695602 1.5511738 1.5673468 1.6370634 1.7096726 2.5128455 4.8619788 
Nvec_v1g8728                                            0.0173734 0.0143896 0.0000000 2.8974606 0.6077088 0.6856349 0.7063424 0.7607422 0.6881058 0.8083671 0.8083671 1.6901121 1.8007275 0.0000010 2.2399987 1.7854001 2.3551942 1.3267694 1.3324517 2.3970376 1.7443555 2.5516676 0.0000010 1.7218717 1.7663073 1.8503639 1.6925154 2.3127997 1.3953177 1.6190707 1.5553431 1.4424356 3.2971058 3.5951314 2.6391947 2.7924357 3.0551099 2.9467832 2.9467832 3.1025401 3.0446599 2.0837705 2.6710078 2.2511060 2.2511060 2.0495695 2.0495695 2.0495695 2.5921522 2.5921522 2.2425327 2.2425327 2.6158673 3.1383753 1.7247356 2.6415898 2.9874432 3.5273705 2.6620124 3.3392446 2.9039783 1.9400226 2.2671677 2.4765034 2.4216936 1.6256658 2.8797902 2.8631452 2.0233409 2.4102245 2.5808596 1.6681742 2.1067783 1.9471126 1.9471126 2.2037841 1.9165071 1.9165071 1.9165071 1.9165071 2.0238732 2.3706381 2.4941344 2.4941344 2.4941344 0.9283353 2.0024257 1.8848733 1.9211351 2.2118057 4.1257710 3.6380464 3.2290441 3.1315195 2.6027195 2.3650168 3.7835387 3.5618314 4.3195195 2.7792465 2.5461761 7.9098791 2.4420222 2.5008878 3.2567337 2.6151865 2.5440369 4.3225393 
Nvec_NVE13771                                           0.0000010 0.2311282 2.8974606 0.0000000 0.5022545 0.7656383 0.7612655 0.7731531 0.7820872 0.7118673 0.8114597 1.1423584 1.0860225 2.1763134 4.1950063 0.8083458 1.6387589 0.9574453 1.1376534 1.0196370 3.5403128 1.0038229 1.2788871 1.0152660 0.9684610 1.1534835 1.1349342 1.1242533 1.5804904 1.9957120 1.7764982 1.3578999 1.3799654 1.5297447 1.1245577 1.1817000 1.1385315 1.3541380 1.3541380 1.2832446 1.2832446 3.1403211 1.3383115 1.2936559 1.2936559 1.3232913 1.2446214 1.2446214 1.4947128 1.4947128 1.7543488 1.7543488 1.5341240 1.6026448 1.6944293 1.4726409 1.6481040 1.8774380 1.3373710 2.1854673 1.4136591 1.8105480 2.1032937 2.6322788 2.4792425 2.0984978 2.2592985 1.9844299 1.1267000 1.3164141 0.0000010 1.7343653 2.3236749 2.7419561 2.7419561 1.6608016 1.8429325 1.8429325 1.8306060 2.4947150 1.8114005 1.7599402 2.7260719 2.7260719 3.4790340 2.8333402 1.8395390 2.1806354 2.1084900 1.3297870 1.8974667 1.9651687 1.7223953 1.3730916 1.2995685 1.1604606 2.9896198 1.8809415 2.3891585 1.1212404 1.3639484 1.5903735 2.3536730 1.9137219 1.2586641 2.8502802 3.0391099 6.9370382 
Exapal_XM_021046954.2                                   1.3326673 0.2840463 0.6077088 0.5022545 0.0000000 0.5323817 0.5856949 0.4894524 0.5760692 0.9575170 0.6943205 1.3177444 1.2621479 0.6359205 1.4553156 1.1435739 1.4401548 1.0995475 1.0118576 1.3747316 1.5639990 1.1919099 0.9089520 1.0734717 1.0283585 1.0508110 1.1062065 1.2701110 1.1834484 1.2616039 1.1843650 1.0274621 1.7561913 1.7430886 1.1619542 1.5138593 1.5808303 1.1456828 1.6106505 1.5390092 1.5379267 1.5057145 1.6714997 1.5211746 1.5113813 1.5589351 1.5516175 1.5516175 1.4448402 1.4448402 1.5131767 1.5719051 2.0147807 2.1586752 1.2549664 1.6362701 1.5813536 1.8479174 1.9341517 2.2406858 2.0181834 1.8083246 1.8450282 1.8578865 1.4879866 1.6506620 2.0884622 2.0569692 1.3857139 1.3770879 3.9512834 1.2842542 2.7607675 2.0128262 1.7646743 2.2371251 1.8830484 1.8941345 1.9581016 2.4501440 1.9881286 2.1902082 2.1813408 2.1813408 3.2908818 1.2617924 2.0060361 2.2603389 2.3224342 1.5347466 2.0832191 1.9338729 1.9842793 1.7959878 1.4766127 1.2688306 2.2912460 1.9144908 2.3039574 1.7816705 1.8920925 2.2823393 2.0922567 1.7881620 1.7867423 1.7377622 2.5798219 5.2804524 
Spis_XP_022790266_1                                     1.7056265 0.4583270 0.6856349 0.7656383 0.5323817 0.0000000 0.1712450 0.1632220 0.1692279 0.3450562 0.2558559 1.2055729 1.2060445 0.6157635 1.3775376 1.1225264 1.2269776 1.2176330 0.9491768 1.1762209 1.2930401 1.2115095 0.9132188 1.1041590 1.0886530 1.0243240 1.2038556 1.3282475 1.2699335 1.3330696 1.2825044 1.1832854 1.9520058 1.7625098 1.1456647 1.6548566 1.7046411 1.1567369 1.6858198 1.5451881 1.5440985 1.3562655 1.4898577 1.5571650 1.5499072 1.5059431 1.5410763 1.5410763 1.4257123 1.4257123 1.2477543 1.4236957 1.9672145 2.1128249 1.2697707 1.5808682 1.5255471 1.8010873 1.6776724 1.8511608 1.8438343 1.7120300 2.0129219 1.9593041 1.4603999 1.8101896 2.0033663 1.9112596 1.3637322 1.3016135 3.8404758 1.2426799 2.8188076 1.8585691 1.5411423 2.1416622 1.8678431 1.8978756 1.9320681 2.1248201 1.8863601 2.1482185 2.0385096 2.0385096 2.9919638 1.2223695 1.9245354 2.2650477 2.2795128 1.4910240 1.8685515 1.8108611 1.7167506 1.6691350 1.5753934 1.5184443 2.1091971 1.7155225 2.1267157 1.8407742 1.9516708 1.9812168 2.1720253 1.7434157 2.0461851 2.2810431 2.4071403 6.3626353 
Fspp_ffun1.m4.10022.m1                                  1.8058905 0.4657450 0.7063424 0.7612655 0.5856949 0.1712450 0.0000000 0.1345916 0.1427494 0.3716387 0.2483982 1.3289950 1.2854403 0.6533413 1.4043583 1.2005307 1.2596203 1.3136411 1.0744458 1.2338432 1.5152524 1.2520343 0.9786117 1.1651189 1.1360524 1.1026416 1.2699129 1.4246571 1.3349959 1.4378681 1.3513849 1.2561631 2.1446594 1.9022280 1.1723208 1.7185218 1.7771863 1.1633423 1.7442549 1.6346769 1.6335416 1.3951609 1.6776387 1.6177939 1.6025066 1.4963794 1.5252413 1.5252413 1.5049156 1.5049156 1.3013991 1.4610744 1.9855597 2.0769933 1.3217631 1.7042660 1.6449857 1.8897326 1.8277242 2.0387539 1.9637725 1.8182448 2.1049445 1.9593438 1.4806799 1.9166343 2.0382502 1.9447003 1.3715594 1.3347886 3.6492278 1.3645071 2.7905532 1.8056766 1.5196678 2.2408093 1.9698977 2.0223341 2.0784478 2.1307183 1.9187327 2.1956124 2.1297335 2.1297335 3.1330175 1.2868114 1.9949649 2.2199072 2.2909244 1.5407119 1.9272750 1.8042261 1.8325071 1.7506361 1.6318048 1.5494529 2.1830125 1.8193639 2.1939685 1.9191897 2.0452472 2.0223558 2.2823310 1.7532215 2.2144815 2.5421111 2.3710949 5.9052989 
Gfas_gfas1.m1.907.m1                                    1.1014985 0.4576405 0.7607422 0.7731531 0.4894524 0.1632220 0.1345916 0.0000000 0.1274932 0.2839384 0.1731003 1.0388418 1.1544697 0.6111537 1.2428948 0.9330087 1.1274288 1.1458763 0.8219759 1.2131572 1.4177208 1.2411666 0.9594129 0.9583207 1.0147915 1.0109062 1.0792716 1.2013300 1.2057748 1.2910083 1.2362873 1.0492500 1.8044648 1.6844785 1.1753406 1.3761799 1.4306329 1.2772342 1.3706200 1.3907310 1.3895564 1.2136013 1.4000124 1.3526017 1.3526017 1.3376139 1.3873347 1.3873347 1.2280464 1.2280464 1.2291630 1.2291630 1.5749314 1.7024957 1.2384236 1.3668211 1.3166616 1.4326807 1.5050359 1.6004462 1.5802681 1.4430247 1.6658689 1.6163927 1.4888313 1.4903092 1.7756569 1.4912470 1.1461124 1.2437896 3.4276199 1.1604742 2.1334982 1.5605652 1.5605652 1.7779493 1.7016088 1.7016088 1.7331746 1.6278792 1.6464073 1.9210470 1.8372507 1.8372507 2.5920687 1.3164990 1.7274366 2.0807349 2.1227748 1.3212772 1.8528784 1.7220815 1.6334053 1.5484559 1.5270917 1.3266757 1.9916922 1.5370647 1.7400581 1.6024853 1.6967865 1.7322699 1.6858233 1.6074843 1.8019703 2.2209599 2.4085514 5.4002035 
Gasp_gasp1.m3.12932.m1                                  1.9104375 0.4537365 0.6881058 0.7820872 0.5760692 0.1692279 0.1427494 0.1274932 0.0000000 0.4222110 0.2498891 1.2534636 1.2273300 0.5855865 1.3711461 1.0639796 1.2679044 1.2662490 1.0365749 1.3329595 1.5336227 1.2930197 0.9298035 1.1932469 1.1080513 1.0991063 1.1846924 1.3922115 1.3498112 1.4651840 1.3624052 1.2615067 2.0639235 1.8339745 1.1327162 1.4147581 1.4646168 1.1994897 1.4323552 1.4074823 1.4063912 1.4371912 1.6477711 1.4521379 1.4521379 1.4676300 1.5015532 1.5015532 1.4426817 1.4426817 1.2975006 1.3790917 1.6340036 1.7763586 1.2971119 1.4184521 1.3182042 1.5257715 1.4960377 1.7167267 1.5996704 1.5630495 1.7382880 1.6500945 1.4766284 1.5189723 1.7554026 1.6552346 1.3795372 1.3883066 3.0453272 1.2784411 2.4328216 1.7184451 1.5301838 1.8707861 1.8076105 1.7959208 1.8063200 1.8972017 1.6308126 1.8803236 1.8474624 1.8474624 2.5971051 1.3029443 1.7882048 1.9811371 2.0434319 1.5505263 1.9000397 1.7273914 1.6854322 1.6629004 1.6387621 1.5578993 1.9659439 1.6106487 1.7651809 1.8259499 1.9189717 1.6197814 1.8152076 1.8071747 2.0472376 2.3839674 2.3977630 5.5294765 
Adig_XM_015910949.1                                     2.2576520 0.6569481 0.8083671 0.7118673 0.9575170 0.3450562 0.3716387 0.2839384 0.4222110 0.0000000 0.0167248 1.7176049 1.5194737 0.8776067 1.7985737 1.5986088 1.9482755 1.6809683 1.2648091 2.1636286 1.3516951 1.7542987 1.4683081 1.5990118 1.4109075 1.5232243 1.8932809 1.9738747 1.7875632 1.8871797 1.9138307 1.5381630 2.6277413 2.4330689 1.5040315 2.5260630 2.6611417 1.5485277 2.6528168 2.2722716 2.2587821 2.1263509 2.0960030 2.3784644 2.3650431 2.3038483 2.3145707 2.2862548 2.1252957 2.1252957 1.9288125 2.3870943 3.3047183 3.2290812 1.5962126 2.5751131 2.6792903 2.8742860 3.0816145 3.2037562 2.9744738 2.8347016 2.9749227 2.8743651 1.8582289 2.6445713 3.4973056 2.9181676 2.3069653 1.8507052 4.9023072 1.8949588 3.0272791 2.5461996 2.2247736 2.7888035 2.6229358 2.7056674 2.7862905 3.0443912 2.4259621 3.1890194 2.7652310 2.7652310 3.1087718 1.5750643 2.8509809 3.5029559 3.2413921 2.3120561 3.0059787 3.1838815 3.3900953 3.0970739 2.3471502 2.2065180 3.1345179 2.8692142 4.1841026 3.1123743 3.4608926 8.9999986 3.5273619 2.5039573 3.1931007 3.1349164 2.7430737 6.2664126 
Amil_Amillepora24481-RA                                 2.2658443 0.4847643 0.8083671 0.8114597 0.6943205 0.2558559 0.2483982 0.1731003 0.2498891 0.0167248 0.0000000 1.3944218 1.1943636 0.5925682 1.2609042 1.2315320 1.4040342 1.2650629 1.0443125 1.5082676 1.3516951 1.2710092 0.8988984 1.2548542 1.1496504 1.1712171 1.4056736 1.5230313 1.4226356 1.4962875 1.4684098 1.2232134 1.9586784 1.7771900 1.1318667 1.8777623 1.9421638 1.2534315 1.9120535 1.7200980 1.7188883 1.4681000 1.6838184 1.7684986 1.7610601 1.6462168 1.6862157 1.6689939 1.5775041 1.5775041 1.4482686 1.7423853 2.1888992 2.1867652 1.2344422 1.7965881 1.8318632 1.9981047 2.1194147 2.2497305 2.0471528 1.9752119 2.0192141 2.0167270 1.4452488 1.8756905 2.3310518 2.0422064 1.5924465 1.4149517 4.9544481 1.5347014 2.8186074 1.8894000 1.6816098 2.2048907 2.0033469 2.0515734 2.0981818 2.3110269 1.9301669 2.4070558 2.0401299 2.0401299 2.9423036 1.3291533 2.1878285 2.4967280 2.4807162 1.6743102 2.1982238 2.1375930 2.2380668 2.0453042 1.8014350 1.6061169 2.2168253 1.9384110 2.4715463 2.2705535 2.5256298 2.2317569 2.4157923 1.9592329 2.4758626 2.4806022 2.4444096 5.6110916 
Cgig_XM_011437748.3                                     3.2259182 1.0178948 1.6901121 1.1423584 1.3177444 1.2055729 1.3289950 1.0388418 1.2534636 1.7176049 1.3944218 0.0000000 0.5830115 0.4338908 0.6067352 0.7205246 0.9660976 1.1235623 0.9360969 1.5548093 1.6551406 1.3509150 0.9200315 1.0916467 0.9234501 0.9757037 1.4530703 1.2445320 1.2439171 1.4439698 1.3730141 1.2667474 1.6651536 1.7696842 1.2395064 2.0123762 2.0299578 1.1576670 1.7336074 1.9106681 1.9092898 1.6209199 1.7015326 1.7538658 1.7467302 1.7266395 1.6869766 1.6710219 1.5023154 1.5023154 1.8825211 2.1905790 2.1086912 2.2098260 1.2224819 1.8607009 1.9566873 2.1597687 2.1390078 2.3844643 2.1964438 2.1924245 2.4106630 2.0283894 1.3837084 1.9965528 2.0188800 1.9405227 1.8666014 1.5611258 4.8530144 1.5531214 3.0271417 2.0769360 1.7546712 2.1313569 1.9839223 2.0501867 2.1661639 2.2776102 1.9866213 2.2126284 2.1779521 2.1779521 2.9637421 1.4264358 2.4009198 2.5438173 2.5841251 1.8779036 2.1291471 2.1404879 2.0073996 2.0346911 1.9334586 1.5067228 2.1796422 2.1537854 2.7250770 2.2964964 2.4743520 2.4421505 2.5126293 1.7351682 2.0211148 2.5560791 2.3062162 6.4484496 
Lcom_lcpid126018                                        3.3222871 1.0326737 1.8007275 1.0860225 1.2621479 1.2060445 1.2854403 1.1544697 1.2273300 1.5194737 1.1943636 0.5830115 0.0000000 0.0627378 0.6469721 0.7578111 0.9732193 1.2061358 1.0699411 1.4619576 1.6435091 1.2415356 0.8246442 1.1745848 1.0918962 1.0529436 1.4794473 1.4400596 1.3866944 1.4996728 1.5064554 1.3551876 1.7469608 1.7534932 1.1427110 1.7126456 1.8008672 1.2022034 1.6449337 1.7518427 1.7504283 1.3564276 1.5869969 1.3535246 1.3535246 1.3965308 1.3059099 1.3059099 1.5217858 1.5217858 1.4718925 1.7711028 1.7720848 1.8383543 1.2630297 1.4651797 1.7949638 2.0835734 1.9614952 1.9759280 1.8931147 1.6294911 1.8720805 1.8274296 1.4315977 1.6842353 1.6564716 1.8238299 1.7268520 1.4654452 3.6088934 1.5445019 2.0828127 1.7132508 1.6280476 1.8615584 1.7780526 1.7780526 1.7725352 1.9493894 1.8061877 1.8245091 1.9040955 1.9040955 2.3717519 1.4649760 2.0162915 1.9833212 1.9746517 1.6691780 1.8293517 1.8584795 1.8127200 1.9116907 1.7415747 1.5850513 1.8257315 1.6164459 1.9014731 2.2463660 2.2390227 1.8233543 2.1099322 1.7994412 2.0051713 2.8955337 2.5560150 5.8524363 
Lcom_lcpid249941                                        0.0000010 0.7250937 0.0000010 2.1763134 0.6359205 0.6157635 0.6533413 0.6111537 0.5855865 0.8776067 0.5925682 0.4338908 0.0627378 0.0000000 0.3153005 0.5278385 0.5925891 0.5268499 0.6079204 0.5271447 0.0000010 0.5639866 0.4790644 0.5932550 0.6785324 0.6412655 0.6455679 0.6868711 0.6015474 0.7293794 0.7631294 0.7566812 0.7927120 0.7545524 0.6962642 0.8377639 0.8447717 0.7310581 0.7310581 0.7950973 0.8045322 0.6930069 0.6427881 0.6603126 0.6603126 0.6392886 0.6342539 0.6342539 0.6469399 0.6469399 0.8085302 0.8085302 0.9649521 0.8346092 0.9976213 0.7354902 0.8222068 0.8418251 0.9995246 0.8551732 0.7763322 0.8130415 0.8218233 0.7716275 0.8399333 0.7579354 0.8014221 1.0174207 0.7984991 0.6210532 4.7075292 0.8582772 0.9820304 1.2107039 1.2107039 1.0758357 1.1981047 1.1981047 1.1981047 1.0046887 1.1633142 1.0571963 1.0937340 1.0937340 1.1912126 1.0997848 1.0199659 0.9972081 0.9485120 0.7291103 0.8575237 0.8450945 0.8099657 0.8682008 0.9715080 0.7216550 1.0692213 0.7783140 0.7140681 1.0924524 1.0357811 0.8718080 1.1166791 0.9470017 0.8433796 0.8948931 1.6421678 3.7479972 
Acagra_model.g16604.t1                                  3.8976420 1.2922727 2.2399987 4.1950063 1.4553156 1.3775376 1.4043583 1.2428948 1.3711461 1.7985737 1.2609042 0.6067352 0.6469721 0.3153005 0.0000000 0.9179912 0.9919688 1.2376968 1.2079983 1.5087799 1.4641537 1.4685175 1.2369078 1.2723127 1.1623695 1.2567675 1.6593144 1.4283832 1.4420934 1.8498283 1.8477369 1.4462867 1.9532286 1.8705496 1.4309429 1.8064148 1.8914680 1.4596937 1.7128784 1.7977811 1.7871188 1.3075024 1.4091036 1.6780523 1.6780523 1.4658561 1.5553916 1.5553916 1.6153060 1.6153060 1.6726329 1.6848971 2.2059049 2.1839060 1.3573100 1.7195157 1.7963749 1.9031258 1.9615036 1.9715386 2.0730073 1.8801232 2.1872080 1.6847462 1.5710513 1.9123352 2.0516859 2.0683727 1.8326926 1.7448428 3.0904811 1.5952373 1.8514477 1.5534996 1.5076840 2.1577283 1.9398280 1.9301626 1.9581715 1.5951136 2.1481063 2.1445052 1.8657556 1.8657556 2.2477163 1.3981633 2.2520840 1.8952827 2.1413188 1.8693022 2.1994271 2.0679147 2.1814123 2.2252066 2.2050581 1.6938706 1.9945087 1.4946526 2.2789353 2.4087453 2.3937826 1.9172837 2.1199929 1.8452346 1.9695954 2.6798540 2.6321845 7.0924091 
Ctel_gnl_WGS_AMQN_CAPTEDRAFT_mRNA165873                 3.2964262 0.9162955 1.7854001 0.8083458 1.1435739 1.1225264 1.2005307 0.9330087 1.0639796 1.5986088 1.2315320 0.7205246 0.7578111 0.5278385 0.9179912 0.0000000 1.0115026 1.2580602 0.9528739 1.4213753 1.7056789 1.2811212 0.9018827 1.1992437 0.7935984 1.0365909 1.4440777 1.2683714 1.2257559 1.4458342 1.4734173 1.1014448 1.8489701 1.8737380 1.1697924 1.7364102 1.7506206 1.1324302 1.7114046 1.6407651 1.6381776 1.4566535 1.5682055 1.4603272 1.4558458 1.3463617 1.3482535 1.3201317 1.3382946 1.3382946 1.2405611 1.4099929 1.9622945 2.1829014 1.2188731 1.5428966 1.6998256 1.8482446 1.6499208 2.0894895 1.8575594 1.8053964 2.5291422 2.2336510 1.7090459 2.0613011 2.1097304 1.9741088 1.4273761 1.2534641 4.0051648 1.3069524 2.4226557 1.6204286 1.2820683 1.9270444 1.6014642 1.6734248 1.7461280 1.8169217 1.7756021 2.0274011 1.9837534 1.9837534 2.8059709 1.2267146 2.1919414 2.3687660 2.2919017 1.6539265 1.9451192 1.8399318 2.1015889 1.7273906 1.7921334 1.6834139 2.1306637 1.8990291 2.1698757 1.9812335 1.9186372 2.0412104 2.3265833 1.6473344 2.1161573 2.3528060 2.2825759 6.5649412 
Tcas_TC031466_001                                       4.0251079 1.1853523 2.3551942 1.6387589 1.4401548 1.2269776 1.2596203 1.1274288 1.2679044 1.9482755 1.4040342 0.9660976 0.9732193 0.5925891 0.9919688 1.0115026 0.0000000 0.9670145 0.8870242 1.6974059 1.9594629 1.3778853 0.9649711 1.0742357 1.0654933 1.2536434 1.4269257 1.2236688 1.2439324 1.5935066 1.6108989 1.2985748 1.8696764 2.0083026 1.2646008 2.1037291 2.1460751 1.2824118 1.9757221 1.9548478 1.9433834 1.4669758 1.7698135 1.8537446 1.8484525 1.7591507 1.7516776 1.7342958 1.3986612 1.3986612 1.5646442 1.7350026 1.8984199 2.1609865 1.1338697 1.7758692 2.0116697 1.9913171 2.1637398 2.3418777 2.1525378 1.9346647 2.2543127 1.9476628 1.5192451 1.9902880 1.8962077 2.0081687 1.6672522 1.5183897 4.5510014 1.5223999 3.1439717 2.0469363 1.7206300 2.2979243 2.0370556 2.0972932 2.2393508 2.2853420 2.2055150 1.9206466 1.9883760 1.9883760 2.4865684 1.3141604 2.2555470 2.3095799 2.3886543 1.7494386 1.8451337 1.8937042 1.9340243 1.9379866 1.9509346 1.4965344 2.1334109 2.0723425 2.6761462 2.4082454 2.4041198 2.1320349 2.3023509 1.6702809 2.0163505 2.4446167 2.4812371 6.0404426 
Dpul_mRNA19435                                          2.4150210 0.9776075 1.3267694 0.9574453 1.0995475 1.2176330 1.3136411 1.1458763 1.2662490 1.6809683 1.2650629 1.1235623 1.2061358 0.5268499 1.2376968 1.2580602 0.9670145 0.0000000 1.0512940 1.4165254 1.5687377 1.3950452 0.9454130 1.1587045 1.1738590 1.2667456 1.4448478 1.2680849 1.2482783 1.6402807 1.6752017 1.3052632 1.7534076 1.8432365 1.1319576 1.8034877 1.8109596 1.2288603 1.7192163 1.7495287 1.7482105 1.3051668 1.5685722 1.4041262 1.3995090 1.4178851 1.3510449 1.3510449 1.3597204 1.3597204 1.3411825 1.5189065 1.6931883 1.8738057 1.1191392 1.5062390 1.7250010 1.6982940 1.5068304 1.8536278 2.0216603 1.5658292 2.1020693 1.6335410 1.4428102 1.6911645 2.0705027 1.9472903 1.6696460 1.5847043 5.3861302 1.3291291 3.0224400 1.9698466 1.8276064 2.2970705 1.9271684 1.9270640 1.9429550 2.3322979 2.1182330 2.0543818 2.2413795 2.2413795 3.0337653 1.4541615 2.2262079 2.4941813 2.3885625 1.8339583 1.8723407 1.7490412 1.7200412 1.6315352 1.6821587 1.3445994 1.9696599 1.8753708 2.2475267 2.1477639 2.0893772 2.5267821 2.0652284 1.5026808 2.3812984 2.0623075 2.2870664 5.4189418 
Cscu_XM_023372529.1                                     2.5487282 0.8780990 1.3324517 1.1376534 1.0118576 0.9491768 1.0744458 0.8219759 1.0365749 1.2648091 1.0443125 0.9360969 1.0699411 0.6079204 1.2079983 0.9528739 0.8870242 1.0512940 0.0000000 1.3921796 1.7984066 1.2500813 0.9819208 0.9913575 1.0215487 0.9730311 1.2936272 1.0268045 0.9085220 1.4233273 1.4203771 1.1878413 1.6834008 1.7212534 1.2170219 1.7124463 1.7275456 1.2827224 1.7590089 1.7094737 1.7082195 1.4267397 1.6123928 1.4649633 1.4548768 1.5484469 1.4366308 1.4366308 1.2826836 1.2826836 1.2706698 1.4582359 1.7650762 2.0018415 1.2379363 1.3394059 1.5169023 1.7322714 1.8256097 1.8529001 1.8826913 1.6533090 2.0246259 1.8169129 1.5341622 1.7941232 1.6496282 1.6964275 1.6916719 1.5883084 5.1369608 1.0662432 2.1219538 1.5759708 1.3970780 1.9444466 1.6133931 1.6050377 1.6886736 1.9092185 1.9523560 1.8736647 1.9341857 1.9341857 2.5460200 1.3502187 1.9887307 2.2873534 2.1365666 1.5480393 1.9207517 1.6828595 1.7990413 1.7852728 1.5892332 1.4615325 1.6079323 1.8861869 2.0054440 2.0870375 2.1177540 1.9727676 1.7949374 1.5421840 2.1113606 2.2427565 2.3426136 5.4660312 
Tetwil_g23652.t1                                        2.7374142 1.0531221 2.3970376 1.0196370 1.3747316 1.1762209 1.2338432 1.2131572 1.3329595 2.1636286 1.5082676 1.5548093 1.4619576 0.5271447 1.5087799 1.4213753 1.6974059 1.4165254 1.3921796 0.0000000 0.4825022 0.2980389 0.3773578 1.4081631 1.3228549 1.2226705 1.2731853 1.5497071 1.5203770 1.2839799 1.3341302 1.1009244 1.0643241 1.0664733 0.6334993 1.8557242 1.8664946 1.2349773 1.8389348 1.7000278 1.7126691 1.2885197 1.2972313 1.1818475 1.1799350 1.0936654 1.0808468 1.0539380 1.4410136 1.4410136 1.3331260 1.5338392 2.0743068 2.1388292 1.1347694 1.5877194 1.7061046 1.9646552 1.8920284 2.0951548 1.8309381 1.8937851 1.9141160 2.1014520 1.6603560 1.8336876 2.0003673 1.9758268 1.8037858 1.4500941 4.4857423 1.7591721 2.4705080 1.9101980 1.7886525 2.1382211 1.9800439 1.9380872 2.0125220 2.6559595 2.0856806 2.2154580 2.0253719 2.0253719 2.9265093 1.4647169 2.0905439 2.2739411 2.3806082 1.7917167 2.0236460 1.7423009 2.0634299 1.5784047 1.6395963 1.3511745 1.9238027 1.9239764 2.3182723 2.0279950 2.1406693 1.8402079 2.2024535 1.9623884 2.0644858 2.0607017 2.8148176 7.7928689 
Stycar_maker-SC_scaffold124079-augustus-gene-0.2-mRNA-1 1.8219812 1.5190811 1.7443555 3.5403128 1.5639990 1.2930401 1.5152524 1.4177208 1.5336227 1.3516951 1.3516951 1.6551406 1.6435091 0.0000010 1.4641537 1.7056789 1.9594629 1.5687377 1.7984066 0.4825022 0.0000000 0.2465443 0.0000010 2.0339510 1.9805129 1.3691261 1.2671152 2.6882042 1.5003925 1.3185533 1.3934555 1.3730937 1.1960352 1.1264331 0.9060498 1.9835046 2.0995996 1.8449140 1.8449140 1.9025381 1.9306250 1.6928500 1.2509777 1.2393742 1.2393742 1.3907073 1.3907073 1.3907073 1.5183890 1.5183890 1.1126803 1.1126803 2.4926997 3.2196864 1.2303855 2.3151224 1.8321878 2.0711396 2.2175230 2.4798196 1.7913993 1.9525778 2.1373317 1.8189244 1.8403970 2.0299531 2.8856306 2.2696223 1.6341714 1.6819566 2.1060765 1.7645836 2.1713217 2.0683105 2.0683105 2.2870878 2.7852354 2.7852354 2.7852354 2.7852354 2.3985421 3.1004932 2.7191216 2.7191216 2.7191216 1.4834069 2.3426349 2.7308505 2.7506713 2.2516283 2.8136893 2.5175814 3.2301927 2.3874262 1.7024305 2.1264011 2.8205661 2.2364225 4.3354077 2.5499453 2.5342453 9.0000000 1.5398772 2.2721436 2.9805184 2.0083197 3.4658391 5.5402943 
Stycar_maker-SC_scaffold5593-snap-gene-0.15-mRNA-1      2.3339434 1.1364796 2.5516676 1.0038229 1.1919099 1.2115095 1.2520343 1.2411666 1.2930197 1.7542987 1.2710092 1.3509150 1.2415356 0.5639866 1.4685175 1.2811212 1.3778853 1.3950452 1.2500813 0.2980389 0.2465443 0.0000000 0.3250162 1.3467841 1.3273134 1.1729501 1.0896920 1.4681450 1.4354778 1.2104562 1.1802406 1.0560361 1.1326852 1.0865381 0.6502900 1.6882715 1.7263368 1.3148976 1.6114948 1.6408823 1.6552926 1.2407214 1.0272577 0.8435542 0.8351996 0.9589375 0.9374661 0.9374661 1.3232733 1.3232733 1.3268382 1.3268382 1.8347536 1.8816121 1.2387482 1.5858331 1.5213386 1.7324989 1.8448245 2.0286372 1.6174341 1.6845328 1.9338302 1.8736353 1.6186304 1.7180830 1.9605005 1.8307211 1.4083245 1.4346003 3.7278170 1.4616348 2.6023545 1.8864537 1.7168357 2.0197271 1.7951878 1.7584535 1.7953327 2.1923396 2.0125407 1.9036713 1.8845261 1.8845261 2.8237932 1.3856666 2.0563547 2.0042205 2.1425901 1.5616105 1.6251095 1.4860040 1.7128360 1.3652996 1.2682526 1.1756681 1.8899380 1.9160187 2.2624893 1.6195550 1.6606739 1.5820792 1.9742152 1.7945114 1.7773980 1.6317806 2.9283766 6.3394354 
Stycar_maker-SC_scaffold19048-snap-gene-0.3-mRNA-1      0.0000010 0.9467812 0.0000010 1.2788871 0.9089520 0.9132188 0.9786117 0.9594129 0.9298035 1.4683081 0.8988984 0.9200315 0.8246442 0.4790644 1.2369078 0.9018827 0.9649711 0.9454130 0.9819208 0.3773578 0.0000010 0.3250162 0.0000000 0.7629103 0.8417417 0.9045215 0.8030552 0.9012426 1.1353263 0.9130939 0.9758526 0.7727587 0.7146136 0.7323963 0.6332487 0.9409981 0.9861671 1.0136984 1.0136984 1.0003064 1.0081720 0.4587070 0.5605442 0.6271043 0.6271043 0.6216239 0.6927856 0.6927856 0.8988616 0.8988616 1.3148144 1.3148144 1.1128844 1.0348121 1.1542717 1.0259159 1.0682983 1.2228915 1.1821550 1.4807624 1.0274599 1.2593294 1.4585446 1.4456302 1.4209197 1.3723778 1.1329368 1.2964835 0.9220673 0.8650589 3.4161416 1.1132345 0.6002685 1.2859397 1.2859397 1.7329309 1.7174518 1.7174518 1.7179379 0.9065430 1.7157809 1.4787544 1.2900105 1.2900105 1.7198895 1.5240529 1.6767692 1.3641698 1.8160732 0.9137069 0.9232891 0.9153729 0.8563162 0.7482129 0.7294052 0.9251418 1.2156177 1.1625000 1.3573793 0.8954044 1.1201001 0.2088216 1.6975903 1.5151325 1.0109118 0.2138972 2.2088325 5.8822704 
Spur_XM_030982162.1                                     3.1242601 0.9131417 1.7218717 1.0152660 1.0734717 1.1041590 1.1651189 0.9583207 1.1932469 1.5990118 1.2548542 1.0916467 1.1745848 0.5932550 1.2723127 1.1992437 1.0742357 1.1587045 0.9913575 1.4081631 2.0339510 1.3467841 0.7629103 0.0000000 0.7728658 0.9958180 1.5075011 1.2707914 1.3401204 1.7370193 1.7052588 1.2952432 1.7675814 1.8592638 1.0597527 1.9518722 1.9214063 1.1794577 1.6989600 1.7885936 1.7873244 1.2939873 1.8287404 1.6501260 1.6354877 1.5840094 1.6339662 1.6339662 1.4768027 1.4768027 1.5252860 1.7874274 1.8188336 1.9722920 1.2451092 1.6231812 1.9487046 2.0170001 1.9821369 2.2646388 2.0025442 1.8731918 2.2705320 1.9578063 1.4633762 1.7123611 1.8553290 1.8259554 1.4572484 1.3391379 3.8543740 1.3556821 2.8629972 1.9222732 1.7228001 2.2202114 1.8630510 1.9643813 2.0343323 1.9988192 1.9724869 2.2189261 2.0524792 2.0524792 2.8642989 1.4744430 2.3278153 2.6045657 2.6519806 1.6481555 2.0859798 2.0600268 1.9672304 2.0223914 1.6045764 1.4127238 2.0573689 1.7981353 2.4532601 2.1946371 2.3281292 1.8889365 2.0510113 1.7431311 2.2116373 2.5135917 2.4086121 5.4123185 
Skow_XM_006813191.1                                     2.5308489 0.9278654 1.7663073 0.9684610 1.0283585 1.0886530 1.1360524 1.0147915 1.1080513 1.4109075 1.1496504 0.9234501 1.0918962 0.6785324 1.1623695 0.7935984 1.0654933 1.1738590 1.0215487 1.3228549 1.9805129 1.3273134 0.8417417 0.7728658 0.0000000 0.7989422 1.3362479 1.1493852 1.2560594 1.3945028 1.4178867 1.1793324 1.7057185 1.7463097 1.1150090 1.7059806 1.7320257 1.1682303 1.6826557 1.6317617 1.6305827 1.3655602 1.6092079 1.3439913 1.3620977 1.3229698 1.2990792 1.2990792 1.3906750 1.3906750 1.4138445 1.5802431 1.9306959 1.8357665 1.1880016 1.4534052 1.6321320 1.6776898 1.7717433 1.8883437 1.9313467 1.6157448 2.1357244 1.7707542 1.4085529 1.4523695 1.8785111 1.9683463 1.4160648 1.2526205 3.9383863 1.3161354 2.7205807 1.6725457 1.4663509 1.9988959 1.7806659 1.7706778 1.8358829 2.2062806 1.8309683 1.9276657 2.1387788 2.1387788 3.2764600 1.3632481 2.3062685 2.3479695 2.4048828 1.3207047 1.8678833 1.6921075 1.8967247 1.6962811 1.6240533 1.3499264 1.7588623 1.6896115 1.9987274 1.8872086 1.9715152 2.2036468 2.0779424 1.5450068 1.9876581 2.3500082 2.0116137 4.9899823 
Bralan_BLAG14101206_1                                   2.3531893 0.9472455 1.8503639 1.1534835 1.0508110 1.0243240 1.1026416 1.0109062 1.0991063 1.5232243 1.1712171 0.9757037 1.0529436 0.6412655 1.2567675 1.0365909 1.2536434 1.2667456 0.9730311 1.2226705 1.3691261 1.1729501 0.9045215 0.9958180 0.7989422 0.0000000 1.3838234 1.0870857 1.2880306 1.4634479 1.5045060 1.1017961 1.7211815 1.6070747 1.0138753 1.6012393 1.6255860 1.2051163 1.6609108 1.5852489 1.5844415 1.3662678 1.5766506 1.3802015 1.3929787 1.2826645 1.3042042 1.3042042 1.4373776 1.4373776 1.3940508 1.6239134 1.8998603 2.0774743 1.2760827 1.6361754 1.6528061 1.8405720 1.9424596 2.0352991 1.7779791 1.8499038 2.0596222 2.0644274 1.6342281 1.7745196 1.9981076 2.0002783 1.5921949 1.5203997 3.8440564 1.3425287 2.5130266 1.7070066 1.5793529 2.0096743 1.8483675 1.8645851 1.9173704 2.0812695 1.6950724 1.8485462 1.8852843 1.8852843 2.9578078 1.4515691 2.0236974 2.1942478 2.1967983 1.7408165 1.9895685 1.8968218 2.0055233 1.8108034 1.6163583 1.2485939 2.1287639 1.7569502 2.0908466 1.9403780 2.0016447 1.9580364 2.2557750 1.8255152 2.1351936 2.0446348 2.5450636 5.8776662 
Sanmal_Sma_016035-T1                                    3.3213652 0.9012621 1.6925154 1.1349342 1.1062065 1.2038556 1.2699129 1.0792716 1.1846924 1.8932809 1.4056736 1.4530703 1.4794473 0.6455679 1.6593144 1.4440777 1.4269257 1.4448478 1.2936272 1.2731853 1.2671152 1.0896920 0.8030552 1.5075011 1.3362479 1.3838234 0.0000000 1.3081917 1.5091541 0.8714832 0.8631513 1.0101845 1.5655186 1.4897821 0.9499711 1.8668240 1.8923610 1.2613911 1.8873725 1.9377759 1.9523264 0.9217765 1.5303590 1.4040376 1.3914188 1.3890598 1.3717357 1.3717357 1.5322478 1.5322478 1.4467830 1.5799012 2.0203566 1.9578091 1.2616644 1.8633975 1.6554403 1.8375476 1.8312860 2.0867081 1.8425434 1.9031087 2.1562547 2.2273186 1.6255724 1.8021869 1.8663159 2.0145017 1.7070508 1.5786856 4.4010173 1.6225547 3.0888798 2.1778715 1.7241731 2.2234489 2.0397646 2.1592725 2.1940577 2.3165820 2.1486489 2.2680375 2.0124732 2.0124732 3.4020968 1.2625214 2.3081849 2.3537346 2.3250356 1.2253760 1.6402634 1.4876508 1.6134198 1.5337775 1.5567417 1.3126532 2.3179166 1.8805430 2.2662497 1.5126699 1.6510581 2.1643640 2.1195164 1.9094353 1.7321039 2.1656490 2.5616360 5.6379716 
Hsap_ENST00000345003                                    2.6500468 1.1884958 2.3127997 1.1242533 1.2701110 1.3282475 1.4246571 1.2013300 1.3922115 1.9738747 1.5230313 1.2445320 1.4400596 0.6868711 1.4283832 1.2683714 1.2236688 1.2680849 1.0268045 1.5497071 2.6882042 1.4681450 0.9012426 1.2707914 1.1493852 1.0870857 1.3081917 0.0000000 1.2602352 1.3883318 1.4186389 1.2974697 1.9380327 1.8226846 1.1249995 1.5790894 1.6036335 1.3392685 1.8997688 1.6529689 1.6431063 1.4598267 1.5384078 1.6448400 1.6376563 1.5110526 1.4793679 1.4793679 1.5379364 1.5379364 1.6836754 1.9472397 1.9752977 2.0014327 1.2314695 1.7084302 1.8787850 1.8761471 1.8578121 2.0905216 2.0072795 1.7112545 2.3138082 1.9447075 1.6726553 1.7730490 1.9763530 2.0660690 1.8219034 1.5835548 4.4523749 0.8657689 3.0319998 2.1743881 1.8655822 2.0803779 1.9814937 1.9672362 1.9704929 2.5845653 2.1089042 2.0122615 2.0499922 2.0499922 3.2785202 1.3762981 2.3439706 2.4366301 2.3008240 1.8440676 1.7339181 1.6905987 1.8388160 1.7408795 1.6810311 1.4603337 1.8537853 1.9849647 2.2357023 2.0464738 2.0682545 2.0170181 2.3570403 1.8597326 2.2419145 2.6574500 2.2417459 5.5459556 
Cscu_XM_023379903.1                                     2.9564461 1.1366613 1.3953177 1.5804904 1.1834484 1.2699335 1.3349959 1.2057748 1.3498112 1.7875632 1.4226356 1.2439171 1.3866944 0.6015474 1.4420934 1.2257559 1.2439324 1.2482783 0.9085220 1.5203770 1.5003925 1.4354778 1.1353263 1.3401204 1.2560594 1.2880306 1.5091541 1.2602352 0.0000000 1.6195070 1.5625052 1.5220508 1.8887976 1.9465052 1.3991651 1.7602106 1.8176770 1.2453609 1.7783155 1.7116201 1.7012567 1.6108949 1.5536207 1.7603391 1.7492270 1.5964709 1.5724837 1.5724837 1.5207640 1.5207640 1.6060994 1.8848494 2.0538117 2.0745787 1.3137460 1.6564834 1.6729072 2.1277255 1.8534083 2.6024642 2.3644116 1.9891795 2.3333620 2.1517379 1.6609932 2.2570742 2.0148244 2.0413202 1.6978465 1.6223594 4.5575248 1.4991290 2.9138458 2.0404758 1.6919860 2.0047113 1.9739963 2.0377121 2.0448918 2.0506410 2.1552047 2.2848720 2.1467642 2.1467642 2.5658163 1.5223839 2.2596449 2.3221397 2.3857329 1.8441617 2.1419354 1.8544058 2.0926361 2.0543544 1.7888919 1.6304873 1.9782462 2.2534978 2.5446224 2.2595230 2.2524835 2.2535176 2.7921742 1.7830019 2.2553929 2.6125047 2.9333549 5.4201114 
Rhoesc_Res_007639-T1                                    3.0652275 1.1760476 1.6190707 1.9957120 1.2616039 1.3330696 1.4378681 1.2910083 1.4651840 1.8871797 1.4962875 1.4439698 1.4996728 0.7293794 1.8498283 1.4458342 1.5935066 1.6402807 1.4233273 1.2839799 1.3185533 1.2104562 0.9130939 1.7370193 1.3945028 1.4634479 0.8714832 1.3883318 1.6195070 0.0000000 0.1735508 0.8814923 1.5902029 1.4881013 0.9684802 1.8367147 1.8528969 1.3696769 1.8443165 1.7795191 1.7731933 1.0500177 1.6743965 1.5667837 1.5526553 1.3195797 1.3982462 1.3982462 1.6344952 1.6344952 1.6942107 1.8577684 2.0664528 2.0932413 1.4829570 1.7341480 1.8912996 2.2481867 2.0627736 2.1400684 2.0289917 1.7698328 2.0109394 2.1824368 1.7502495 1.8551583 2.0341824 2.0619500 1.7023959 1.6782286 3.2643671 1.5883462 3.0834546 2.2276866 1.9087853 2.4537010 2.1551584 2.1221588 2.1825898 2.4217171 2.2462193 2.2217456 2.2110313 2.2110313 3.2423129 1.5615727 2.3031002 2.4832248 2.5198907 1.2875059 1.6790733 1.5035036 1.7136021 1.4465417 1.6158745 1.3103642 2.2522708 1.9114227 2.0731563 1.6356440 1.6602335 2.3269801 2.1727945 2.0624107 1.7201823 1.9572053 2.5782012 5.6695329 
Nemnom_g17839.t1                                        3.2395004 1.1306549 1.5553431 1.7764982 1.1843650 1.2825044 1.3513849 1.2362873 1.3624052 1.9138307 1.4684098 1.3730141 1.5064554 0.7631294 1.8477369 1.4734173 1.6108989 1.6752017 1.4203771 1.3341302 1.3934555 1.1802406 0.9758526 1.7052588 1.4178867 1.5045060 0.8631513 1.4186389 1.5625052 0.1735508 0.0000000 0.8826274 1.6424220 1.4371719 1.0175208 1.7575160 1.7660074 1.3044018 1.7586110 1.7999929 1.7939263 1.0473215 1.7428066 1.6785558 1.6636381 1.4323886 1.4797632 1.4797632 1.6102863 1.6102863 1.6242667 1.7911078 2.0736671 2.2010058 1.4577522 1.7508734 1.8668315 2.1737520 2.1362591 2.1766926 2.1112844 1.9549075 2.0789632 2.1931332 1.7938082 1.9161236 2.0945351 2.0745494 1.7122062 1.7230901 3.5633585 1.5916270 3.1676737 2.1664004 1.8808724 2.6565659 2.1449768 2.1694214 2.2298404 2.2996742 2.1258677 2.2083010 2.2043133 2.2043133 3.2790775 1.5678570 2.2512549 2.4580960 2.4430638 1.3920512 1.7709197 1.5550404 1.8138728 1.5492474 1.6012471 1.3357156 2.3757534 2.0398729 2.1005318 1.6222262 1.6368217 2.2526831 2.2436785 1.9528840 1.7367082 2.1304038 2.6662295 5.6172929 
Morvir_scaffold1.g243.t1                                1.8652821 1.0383313 1.4424356 1.3578999 1.0274621 1.1832854 1.2561631 1.0492500 1.2615067 1.5381630 1.2232134 1.2667474 1.3551876 0.7566812 1.4462867 1.1014448 1.2985748 1.3052632 1.1878413 1.1009244 1.3730937 1.0560361 0.7727587 1.2952432 1.1793324 1.1017961 1.0101845 1.2974697 1.5220508 0.8814923 0.8826274 0.0000000 1.2600113 1.3724578 0.9132128 1.6583181 1.6635148 1.3298000 1.7058060 1.6431458 1.6315513 0.9866654 1.3080945 1.3045425 1.2921820 1.2423023 1.2620696 1.2620696 1.3487570 1.3487570 1.3602557 1.4891376 1.8800624 1.9936864 1.1956061 1.6749208 1.7051425 1.7473570 1.8095170 1.7242114 1.7910502 1.6264530 1.8598747 1.7880249 1.3957069 1.5958854 1.7493970 1.8561229 1.2930734 1.2581038 3.3903687 1.3674581 3.1653513 1.7565300 1.4794695 2.3188914 2.0205470 1.9643539 2.0115700 2.0181873 2.1217791 2.0178147 1.8407760 1.8407760 2.6871938 1.4995070 2.0487960 2.2509754 2.3507669 1.2258930 1.7151652 1.6403243 1.7973788 1.5361382 1.4915185 1.2246606 1.8104421 1.5261634 2.0388554 1.5006552 1.6021987 1.7130700 2.1321724 1.7235836 1.5307954 1.7980810 2.2626189 4.9519321 
Halamb_c41608_g1_i1mm.964                               3.8053777 1.5613305 3.2971058 1.3799654 1.7561913 1.9520058 2.1446594 1.8044648 2.0639235 2.6277413 1.9586784 1.6651536 1.7469608 0.7927120 1.9532286 1.8489701 1.8696764 1.7534076 1.6834008 1.0643241 1.1960352 1.1326852 0.7146136 1.7675814 1.7057185 1.7211815 1.5655186 1.9380327 1.8887976 1.5902029 1.6424220 1.2600113 0.0000000 0.5714625 0.4606238 2.3403963 2.3220066 1.7175479 2.2211324 2.2996059 2.3051698 1.3242231 1.4491069 1.4423069 1.4356325 1.6198582 1.5905195 1.5905195 1.6485101 1.6485101 1.7343962 1.8128053 2.0787130 2.0888329 1.4074755 1.7925110 1.9961951 2.2341622 2.0629167 2.0422691 1.9768624 2.0992805 2.3125006 2.1808384 1.6949454 2.2771294 2.1164475 2.2088301 1.9220783 1.7583994 5.0107721 2.0292918 2.8886375 2.1877039 2.0815785 2.0006596 2.1416300 2.0768265 2.1120290 2.5436635 2.1159773 2.0147783 2.2961858 2.2961858 3.3006654 1.7341852 2.1490852 2.0690520 2.1440771 1.9624027 1.8530109 1.8271421 1.9439417 1.7660096 1.6799140 1.5595147 2.1885408 1.9518614 2.3783700 2.0612331 2.2815068 1.9188932 2.4264233 1.8710341 2.4943916 2.6482092 2.6418872 6.1280876 
Aque_Aqu2.1.41103_001                                   4.0578226 1.6337790 3.5951314 1.5297447 1.7430886 1.7625098 1.9022280 1.6844785 1.8339745 2.4330689 1.7771900 1.7696842 1.7534932 0.7545524 1.8705496 1.8737380 2.0083026 1.8432365 1.7212534 1.0664733 1.1264331 1.0865381 0.7323963 1.8592638 1.7463097 1.6070747 1.4897821 1.8226846 1.9465052 1.4881013 1.4371719 1.3724578 0.5714625 0.0000000 0.5381621 2.1590558 2.1749350 1.7015479 2.1353817 2.1804336 2.1750988 1.3160992 1.5917400 1.5708185 1.5853690 1.6046387 1.5736870 1.5736870 1.7031388 1.7031388 2.0035410 2.0842470 2.0205912 2.0201035 1.3066030 1.8090135 1.8927645 1.9990647 1.9480235 2.1175409 1.9455810 2.1826998 1.9343103 2.2114331 1.8614529 2.2149646 2.1191746 2.3348495 2.1148611 1.8671208 5.3618702 1.9410358 2.8314863 2.1507525 2.1608702 2.3141765 2.1689595 2.1203547 2.2096143 2.4844834 2.3619949 2.0915987 2.2427736 2.2427736 3.1384615 1.8675040 2.1334756 2.1508555 2.1545784 1.9368376 1.9110887 1.8693755 1.9608326 1.7623235 1.7157711 1.4674256 2.1197819 1.8271004 2.3433418 2.1637723 2.1416359 1.7570686 2.5354287 1.9731888 2.1483947 2.2362855 2.9282273 6.5154891 
Xestes_maker-XT_scaffold4062-snap-gene-0.29-mRNA-1      0.0000010 1.1673951 2.6391947 1.1245577 1.1619542 1.1456647 1.1723208 1.1753406 1.1327162 1.5040315 1.1318667 1.2395064 1.1427110 0.6962642 1.4309429 1.1697924 1.2646008 1.1319576 1.2170219 0.6334993 0.9060498 0.6502900 0.6332487 1.0597527 1.1150090 1.0138753 0.9499711 1.1249995 1.3991651 0.9684802 1.0175208 0.9132128 0.4606238 0.5381621 0.0000000 1.3196320 1.2716594 1.3100475 1.3100475 1.3622521 1.3700747 0.7646503 0.9510916 1.0009746 1.0009746 1.0069481 1.0592958 1.0592958 1.2290999 1.2290999 1.2254366 1.2254366 1.2289892 1.2914614 1.2560891 1.2497856 1.1968249 1.2486980 1.2405441 1.3741626 1.2055777 1.4165470 1.4850561 1.5161721 1.3936162 1.4145533 1.2751227 1.4657407 1.2450124 1.1691961 3.7762007 1.3986747 1.5441636 1.4144152 1.4144152 1.5080828 1.5260517 1.5260517 1.5725379 1.3265657 1.3805067 1.3770117 1.4797628 1.4797628 2.2368133 1.6172715 1.4392753 1.3705900 1.5241903 1.2372338 1.2927103 1.1384209 1.3353328 1.2109681 0.9194817 1.0582813 1.4663842 1.3021892 1.5826909 1.2381316 1.3626443 0.5378274 1.7195604 1.4956315 1.6193544 1.2275584 2.7017641 6.1334222 
